,TIME,SRC,PACKET_SIZE,CUMULATIVE_PACKET_SIZE,PAGE_NUMBER,TOTAL_PACKET_SIZE
0,0.0,74.125.24.0-255,153,153,43,177077
1,2e-05,172.31.46.0-255,66,219,43,177077
2,2.7e-05,74.125.24.0-255,1484,1703,43,177077
3,3.2e-05,172.31.46.0-255,66,1769,43,177077
4,4.5e-05,74.125.24.0-255,2902,4671,43,177077
5,4.8e-05,172.31.46.0-255,66,4737,43,177077
6,7.5e-05,74.125.24.0-255,4320,9057,43,177077
7,7.9e-05,172.31.46.0-255,66,9123,43,177077
8,0.000102,74.125.24.0-255,1484,10607,43,177077
9,0.000104,172.31.46.0-255,66,10673,43,177077
10,0.000108,74.125.24.0-255,1484,12157,43,177077
11,0.00011,172.31.46.0-255,66,12223,43,177077
12,0.000154,172.31.46.0-255,66,12289,43,177077
13,0.000169,172.31.46.0-255,66,12355,43,177077
14,0.000175,74.125.24.0-255,5738,18093,43,177077
15,0.000178,172.31.46.0-255,66,18159,43,177077
16,0.000221,172.31.46.0-255,66,18225,43,177077
17,0.000254,172.31.46.0-255,66,18291,43,177077
18,0.000363,74.125.24.0-255,1484,19775,43,177077
19,0.000368,172.31.46.0-255,66,19841,43,177077
20,0.000374,74.125.24.0-255,2902,22743,43,177077
21,0.000376,172.31.46.0-255,66,22809,43,177077
22,0.000405,74.125.24.0-255,5738,28547,43,177077
23,0.000409,172.31.46.0-255,66,28613,43,177077
24,0.000413,74.125.24.0-255,2902,31515,43,177077
25,0.000415,172.31.46.0-255,66,31581,43,177077
26,0.000459,172.31.46.0-255,66,31647,43,177077
27,0.000475,172.31.46.0-255,66,31713,43,177077
28,0.000542,172.31.46.0-255,66,31779,43,177077
29,0.000558,172.31.46.0-255,66,31845,43,177077
30,0.000564,74.125.24.0-255,6438,38283,43,177077
31,0.000566,172.31.46.0-255,66,38349,43,177077
32,0.000598,172.31.46.0-255,66,38415,43,177077
33,0.000645,172.31.46.0-255,66,38481,43,177077
34,0.000652,74.125.24.0-255,6438,44919,43,177077
35,0.000654,172.31.46.0-255,66,44985,43,177077
36,0.000659,74.125.24.0-255,2902,47887,43,177077
37,0.000661,172.31.46.0-255,66,47953,43,177077
38,0.000699,74.125.24.0-255,6018,53971,43,177077
39,0.000702,172.31.46.0-255,66,54037,43,177077
40,0.000714,172.31.46.0-255,66,54103,43,177077
41,0.000729,172.31.46.0-255,66,54169,43,177077
42,0.000751,74.125.24.0-255,1484,55653,43,177077
43,0.000756,74.125.24.0-255,2902,58555,43,177077
44,0.000758,172.31.46.0-255,66,58621,43,177077
45,0.000765,74.125.24.0-255,5738,64359,43,177077
46,0.000767,172.31.46.0-255,66,64425,43,177077
47,0.000796,74.125.24.0-255,4320,68745,43,177077
48,0.000799,172.31.46.0-255,66,68811,43,177077
49,0.000826,172.31.46.0-255,66,68877,43,177077
50,0.000832,74.125.24.0-255,5738,74615,43,177077
51,0.000835,172.31.46.0-255,66,74681,43,177077
52,0.000854,74.125.24.0-255,1484,76165,43,177077
53,0.000881,74.125.24.0-255,3602,79767,43,177077
54,0.000884,172.31.46.0-255,66,79833,43,177077
55,0.001032,74.125.24.0-255,1484,81317,43,177077
56,0.001038,74.125.24.0-255,2902,84219,43,177077
57,0.001042,172.31.46.0-255,66,84285,43,177077
58,0.001066,74.125.24.0-255,5738,90023,43,177077
59,0.00107,172.31.46.0-255,66,90089,43,177077
60,0.001076,74.125.24.0-255,4320,94409,43,177077
61,0.001135,74.125.24.0-255,2902,97311,43,177077
62,0.001161,74.125.24.0-255,2902,100213,43,177077
63,0.001166,74.125.24.0-255,4320,104533,43,177077
64,0.001175,74.125.24.0-255,1484,106017,43,177077
65,0.001217,74.125.24.0-255,7156,113173,43,177077
66,0.001288,74.125.24.0-255,1484,114657,43,177077
67,0.001291,74.125.24.0-255,2902,117559,43,177077
68,0.001294,74.125.24.0-255,1484,119043,43,177077
69,0.001313,74.125.24.0-255,4320,123363,43,177077
70,0.001319,74.125.24.0-255,5738,129101,43,177077
71,0.001339,74.125.24.0-255,7156,136257,43,177077
72,0.001346,74.125.24.0-255,7156,143413,43,177077
73,0.001359,74.125.24.0-255,2902,146315,43,177077
74,0.001361,74.125.24.0-255,766,147081,43,177077
75,0.001698,74.125.24.0-255,1484,148565,43,177077
76,0.001705,74.125.24.0-255,2902,151467,43,177077
77,0.00171,74.125.24.0-255,2902,154369,43,177077
78,0.001727,74.125.24.0-255,2902,157271,43,177077
79,0.001747,74.125.24.0-255,5738,163009,43,177077
80,0.001769,74.125.24.0-255,7156,170165,43,177077
81,0.001772,74.125.24.0-255,1484,171649,43,177077
82,0.001806,74.125.24.0-255,766,172415,43,177077
83,0.001833,74.125.24.0-255,4320,176735,43,177077
84,0.00187,74.125.24.0-255,105,176840,43,177077
85,0.002024,172.31.46.0-255,66,176906,43,177077
86,0.004939,172.31.46.0-255,105,177011,43,177077
87,0.007412,74.125.24.0-255,66,177077,43,177077
88,0.0,74.125.200.0-255,66,66,43,66
89,0.0,74.125.24.0-255,153,153,43,200273
90,1.9e-05,172.31.46.0-255,66,219,43,200273
91,2.7e-05,74.125.24.0-255,1484,1703,43,200273
92,3.2e-05,172.31.46.0-255,66,1769,43,200273
93,3.7e-05,74.125.24.0-255,2902,4671,43,200273
94,4e-05,172.31.46.0-255,66,4737,43,200273
95,5.4e-05,74.125.24.0-255,7156,11893,43,200273
96,5.9e-05,172.31.46.0-255,66,11959,43,200273
97,6.3e-05,74.125.24.0-255,2075,14034,43,200273
98,6.6e-05,172.31.46.0-255,66,14100,43,200273
99,0.000528,74.125.24.0-255,1484,15584,43,200273
100,0.000535,172.31.46.0-255,66,15650,43,200273
101,0.000543,74.125.24.0-255,2902,18552,43,200273
102,0.000546,172.31.46.0-255,66,18618,43,200273
103,0.000554,74.125.24.0-255,1484,20102,43,200273
104,0.000556,172.31.46.0-255,66,20168,43,200273
105,0.000592,74.125.24.0-255,4320,24488,43,200273
106,0.000594,172.31.46.0-255,66,24554,43,200273
107,0.00061,172.31.46.0-255,66,24620,43,200273
108,0.000641,74.125.24.0-255,1125,25745,43,200273
109,0.000644,172.31.46.0-255,66,25811,43,200273
110,0.000657,172.31.46.0-255,66,25877,43,200273
111,0.000664,74.125.24.0-255,7156,33033,43,200273
112,0.000667,172.31.46.0-255,66,33099,43,200273
113,0.000709,172.31.46.0-255,66,33165,43,200273
114,0.000711,74.125.24.0-255,393,33558,43,200273
115,0.000713,172.31.46.0-255,66,33624,43,200273
116,0.000807,74.125.24.0-255,351,33975,43,200273
117,0.000812,172.31.46.0-255,66,34041,43,200273
118,0.001062,74.125.24.0-255,1484,35525,43,200273
119,0.001071,74.125.24.0-255,2902,38427,43,200273
120,0.001075,172.31.46.0-255,66,38493,43,200273
121,0.001083,74.125.24.0-255,5738,44231,43,200273
122,0.001085,172.31.46.0-255,66,44297,43,200273
123,0.001106,74.125.24.0-255,1484,45781,43,200273
124,0.001125,172.31.46.0-255,66,45847,43,200273
125,0.001154,74.125.24.0-255,4320,50167,43,200273
126,0.001156,172.31.46.0-255,66,50233,43,200273
127,0.001187,74.125.24.0-255,7156,57389,43,200273
128,0.00119,172.31.46.0-255,66,57455,43,200273
129,0.001194,74.125.24.0-255,2184,59639,43,200273
130,0.001196,172.31.46.0-255,66,59705,43,200273
131,0.001715,74.125.24.0-255,1484,61189,43,200273
132,0.001722,74.125.24.0-255,2902,64091,43,200273
133,0.001727,172.31.46.0-255,66,64157,43,200273
134,0.001731,74.125.24.0-255,1484,65641,43,200273
135,0.001755,74.125.24.0-255,4320,69961,43,200273
136,0.001759,172.31.46.0-255,66,70027,43,200273
137,0.001766,74.125.24.0-255,7156,77183,43,200273
138,0.001769,172.31.46.0-255,66,77249,43,200273
139,0.001804,74.125.24.0-255,5738,82987,43,200273
140,0.001807,172.31.46.0-255,66,83053,43,200273
141,0.001816,172.31.46.0-255,66,83119,43,200273
142,0.00182,74.125.24.0-255,2184,85303,43,200273
143,0.001824,172.31.46.0-255,66,85369,43,200273
144,0.002407,74.125.24.0-255,1484,86853,43,200273
145,0.002426,74.125.24.0-255,2902,89755,43,200273
146,0.002429,172.31.46.0-255,66,89821,43,200273
147,0.002436,74.125.24.0-255,5738,95559,43,200273
148,0.002438,172.31.46.0-255,66,95625,43,200273
149,0.002467,74.125.24.0-255,7156,102781,43,200273
150,0.002474,172.31.46.0-255,66,102847,43,200273
151,0.002482,74.125.24.0-255,7156,110003,43,200273
152,0.002484,172.31.46.0-255,66,110069,43,200273
153,0.002512,74.125.24.0-255,7156,117225,43,200273
154,0.002514,172.31.46.0-255,66,117291,43,200273
155,0.002519,74.125.24.0-255,2184,119475,43,200273
156,0.002522,172.31.46.0-255,66,119541,43,200273
157,0.002582,74.125.24.0-255,1484,121025,43,200273
158,0.002587,74.125.24.0-255,2902,123927,43,200273
159,0.00259,172.31.46.0-255,66,123993,43,200273
160,0.002617,74.125.24.0-255,5738,129731,43,200273
161,0.00262,172.31.46.0-255,66,129797,43,200273
162,0.00266,172.31.46.0-255,66,129863,43,200273
163,0.002665,74.125.24.0-255,4320,134183,43,200273
164,0.002668,172.31.46.0-255,66,134249,43,200273
165,0.002695,74.125.24.0-255,2902,137151,43,200273
166,0.002697,172.31.46.0-255,66,137217,43,200273
167,0.002725,74.125.24.0-255,3602,140819,43,200273
168,0.002727,172.31.46.0-255,66,140885,43,200273
169,0.005363,74.125.24.0-255,1484,142369,43,200273
170,0.005379,74.125.24.0-255,4320,146689,43,200273
171,0.005384,172.31.46.0-255,66,146755,43,200273
172,0.008081,74.125.24.0-255,5738,152493,43,200273
173,0.00809,172.31.46.0-255,66,152559,43,200273
174,0.010767,74.125.24.0-255,5738,158297,43,200273
175,0.010775,172.31.46.0-255,66,158363,43,200273
176,0.013445,74.125.24.0-255,5738,164101,43,200273
177,0.013453,172.31.46.0-255,66,164167,43,200273
178,0.016118,74.125.24.0-255,5738,169905,43,200273
179,0.016128,172.31.46.0-255,66,169971,43,200273
180,0.018781,74.125.24.0-255,5738,175709,43,200273
181,0.018794,172.31.46.0-255,66,175775,43,200273
182,0.021465,74.125.24.0-255,5738,181513,43,200273
183,0.021477,172.31.46.0-255,66,181579,43,200273
184,0.024137,74.125.24.0-255,5738,187317,43,200273
185,0.024152,172.31.46.0-255,66,187383,43,200273
186,0.02683,74.125.24.0-255,5738,193121,43,200273
187,0.026839,172.31.46.0-255,66,193187,43,200273
188,0.029506,74.125.24.0-255,5738,198925,43,200273
189,0.029512,172.31.46.0-255,66,198991,43,200273
190,0.029928,172.31.46.0-255,164,199155,43,200273
191,0.029958,172.31.46.0-255,1118,200273,43,200273
192,0.0,172.253.118.0-255,152,152,43,126170
193,2.3e-05,172.31.46.0-255,66,218,43,126170
194,2.9e-05,172.253.118.0-255,1484,1702,43,126170
195,3.5e-05,172.31.46.0-255,66,1768,43,126170
196,4.9e-05,172.253.118.0-255,2902,4670,43,126170
197,5.2e-05,172.31.46.0-255,66,4736,43,126170
198,6e-05,172.253.118.0-255,7156,11892,43,126170
199,6.3e-05,172.31.46.0-255,66,11958,43,126170
200,6.8e-05,172.253.118.0-255,1983,13941,43,126170
201,7.1e-05,172.31.46.0-255,66,14007,43,126170
202,0.000121,172.31.46.0-255,66,14073,43,126170
203,0.000125,172.253.118.0-255,1484,15557,43,126170
204,0.000127,172.31.46.0-255,66,15623,43,126170
205,0.000169,172.253.118.0-255,3961,19584,43,126170
206,0.000172,172.31.46.0-255,66,19650,43,126170
207,0.000298,172.253.118.0-255,1484,21134,43,126170
208,0.000302,172.31.46.0-255,66,21200,43,126170
209,0.000327,172.253.118.0-255,2902,24102,43,126170
210,0.000331,172.31.46.0-255,66,24168,43,126170
211,0.000337,172.253.118.0-255,5738,29906,43,126170
212,0.00034,172.31.46.0-255,66,29972,43,126170
213,0.000384,172.31.46.0-255,66,30038,43,126170
214,0.000411,172.253.118.0-255,2902,32940,43,126170
215,0.000413,172.31.46.0-255,66,33006,43,126170
216,0.000441,172.253.118.0-255,7110,40116,43,126170
217,0.000444,172.31.46.0-255,66,40182,43,126170
218,0.001026,172.253.118.0-255,109,40291,43,126170
219,0.001032,172.31.46.0-255,66,40357,43,126170
220,0.001194,172.253.118.0-255,1484,41841,43,126170
221,0.001199,172.31.46.0-255,66,41907,43,126170
222,0.001205,172.253.118.0-255,2902,44809,43,126170
223,0.001207,172.31.46.0-255,66,44875,43,126170
224,0.001212,172.253.118.0-255,2902,47777,43,126170
225,0.001218,172.31.46.0-255,66,47843,43,126170
226,0.001245,172.253.118.0-255,2902,50745,43,126170
227,0.001247,172.31.46.0-255,66,50811,43,126170
228,0.001302,172.31.46.0-255,66,50877,43,126170
229,0.001311,172.31.46.0-255,66,50943,43,126170
230,0.002359,172.253.118.0-255,1484,52427,43,126170
231,0.002372,172.253.118.0-255,2902,55329,43,126170
232,0.002377,172.31.46.0-255,66,55395,43,126170
233,0.002386,172.253.118.0-255,5738,61133,43,126170
234,0.002388,172.31.46.0-255,66,61199,43,126170
235,0.00243,172.31.46.0-255,66,61265,43,126170
236,0.002455,172.31.46.0-255,66,61331,43,126170
237,0.005016,172.253.118.0-255,5738,67069,43,126170
238,0.005023,172.31.46.0-255,66,67135,43,126170
239,0.007594,172.253.118.0-255,5738,72873,43,126170
240,0.007599,172.31.46.0-255,66,72939,43,126170
241,0.010182,172.253.118.0-255,5738,78677,43,126170
242,0.010192,172.31.46.0-255,66,78743,43,126170
243,0.01276,172.253.118.0-255,5738,84481,43,126170
244,0.012769,172.31.46.0-255,66,84547,43,126170
245,0.01531,172.253.118.0-255,5738,90285,43,126170
246,0.01532,172.31.46.0-255,66,90351,43,126170
247,0.017893,172.253.118.0-255,5738,96089,43,126170
248,0.017903,172.31.46.0-255,66,96155,43,126170
249,0.02047,172.253.118.0-255,5738,101893,43,126170
250,0.020479,172.31.46.0-255,66,101959,43,126170
251,0.023063,172.253.118.0-255,5738,107697,43,126170
252,0.023081,172.31.46.0-255,66,107763,43,126170
253,0.025567,172.31.46.0-255,172,107935,43,126170
254,0.025603,172.31.46.0-255,1108,109043,43,126170
255,0.025648,172.253.118.0-255,4320,113363,43,126170
256,0.025656,172.31.46.0-255,66,113429,43,126170
257,0.025683,172.253.118.0-255,1484,114913,43,126170
258,0.025791,172.31.46.0-255,1514,116427,43,126170
259,0.025794,172.31.46.0-255,1514,117941,43,126170
260,0.025796,172.31.46.0-255,1514,119455,43,126170
261,0.025797,172.31.46.0-255,1514,120969,43,126170
262,0.025798,172.31.46.0-255,551,121520,43,126170
263,0.027134,104.244.42.0-255,66,121586,43,126170
264,0.027172,104.244.42.0-255,66,121652,43,126170
265,0.027401,104.244.42.0-255,66,121718,43,126170
266,0.027422,104.244.42.0-255,66,121784,43,126170
267,0.028202,172.253.118.0-255,4320,126104,43,126170
268,0.028211,172.31.46.0-255,66,126170,43,126170
269,0.0,172.217.194.0-255,152,152,43,168053
270,2.3e-05,172.31.46.0-255,66,218,43,168053
271,2.9e-05,172.217.194.0-255,1484,1702,43,168053
272,3.5e-05,172.31.46.0-255,66,1768,43,168053
273,4.2e-05,172.217.194.0-255,2902,4670,43,168053
274,4.6e-05,172.31.46.0-255,66,4736,43,168053
275,5.4e-05,172.217.194.0-255,7156,11892,43,168053
276,5.6e-05,172.31.46.0-255,66,11958,43,168053
277,6.1e-05,172.217.194.0-255,2029,13987,43,168053
278,6.3e-05,172.31.46.0-255,66,14053,43,168053
279,0.0001,172.217.194.0-255,1484,15537,43,168053
280,0.000102,172.31.46.0-255,66,15603,43,168053
281,0.000109,172.217.194.0-255,2902,18505,43,168053
282,0.000112,172.31.46.0-255,66,18571,43,168053
283,0.000117,172.217.194.0-255,2902,21473,43,168053
284,0.00012,172.31.46.0-255,66,21539,43,168053
285,0.000145,172.217.194.0-255,2902,24441,43,168053
286,0.000148,172.31.46.0-255,66,24507,43,168053
287,0.000151,172.217.194.0-255,1484,25991,43,168053
288,0.000153,172.31.46.0-255,66,26057,43,168053
289,0.000178,172.217.194.0-255,6797,32854,43,168053
290,0.00018,172.31.46.0-255,66,32920,43,168053
291,0.000191,172.31.46.0-255,66,32986,43,168053
292,0.000218,172.217.194.0-255,6797,39783,43,168053
293,0.00022,172.31.46.0-255,66,39849,43,168053
294,0.00032,172.217.194.0-255,1484,41333,43,168053
295,0.000323,172.31.46.0-255,66,41399,43,168053
296,0.000329,172.217.194.0-255,2902,44301,43,168053
297,0.000331,172.31.46.0-255,66,44367,43,168053
298,0.000336,172.217.194.0-255,2902,47269,43,168053
299,0.000338,172.31.46.0-255,66,47335,43,168053
300,0.000356,172.217.194.0-255,2902,50237,43,168053
301,0.000382,172.217.194.0-255,4320,54557,43,168053
302,0.000531,172.31.46.0-255,66,54623,43,168053
303,0.000842,172.217.194.0-255,1484,56107,43,168053
304,0.000848,172.217.194.0-255,2902,59009,43,168053
305,0.000864,172.217.194.0-255,2902,61911,43,168053
306,0.000877,172.217.194.0-255,2902,64813,43,168053
307,0.000884,172.217.194.0-255,7156,71969,43,168053
308,0.000888,172.31.46.0-255,66,72035,43,168053
309,0.0009,172.217.194.0-255,4320,76355,43,168053
310,0.000905,172.31.46.0-255,66,76421,43,168053
311,0.000928,172.217.194.0-255,2170,78591,43,168053
312,0.000945,172.31.46.0-255,66,78657,43,168053
313,0.001079,172.217.194.0-255,1484,80141,43,168053
314,0.001085,172.217.194.0-255,2902,83043,43,168053
315,0.001088,172.31.46.0-255,66,83109,43,168053
316,0.001094,172.217.194.0-255,4320,87429,43,168053
317,0.0011,172.31.46.0-255,66,87495,43,168053
318,0.001108,172.217.194.0-255,1484,88979,43,168053
319,0.001168,172.217.194.0-255,4320,93299,43,168053
320,0.001171,172.217.194.0-255,1484,94783,43,168053
321,0.00118,172.31.46.0-255,66,94849,43,168053
322,0.001191,172.217.194.0-255,5020,99869,43,168053
323,0.001196,172.31.46.0-255,66,99935,43,168053
324,0.001658,172.217.194.0-255,1484,101419,43,168053
325,0.001676,172.217.194.0-255,2902,104321,43,168053
326,0.00168,172.31.46.0-255,66,104387,43,168053
327,0.001687,172.217.194.0-255,5738,110125,43,168053
328,0.0017,172.217.194.0-255,1484,111609,43,168053
329,0.001714,172.217.194.0-255,5738,117347,43,168053
330,0.001717,172.217.194.0-255,1484,118831,43,168053
331,0.001743,172.31.46.0-255,66,118897,43,168053
332,0.001762,172.217.194.0-255,2902,121799,43,168053
333,0.001766,172.217.194.0-255,2184,123983,43,168053
334,0.001773,172.31.46.0-255,66,124049,43,168053
335,0.001923,172.217.194.0-255,1484,125533,43,168053
336,0.001951,172.217.194.0-255,2902,128435,43,168053
337,0.001954,172.31.46.0-255,66,128501,43,168053
338,0.001961,172.217.194.0-255,5738,134239,43,168053
339,0.001966,172.217.194.0-255,4320,138559,43,168053
340,0.001972,172.31.46.0-255,66,138625,43,168053
341,0.002019,172.31.46.0-255,66,138691,43,168053
342,0.002062,172.217.194.0-255,1484,140175,43,168053
343,0.002065,172.217.194.0-255,1484,141659,43,168053
344,0.002077,172.217.194.0-255,1484,143143,43,168053
345,0.002083,172.217.194.0-255,4320,147463,43,168053
346,0.002089,172.31.46.0-255,66,147529,43,168053
347,0.0021,172.217.194.0-255,1484,149013,43,168053
348,0.002128,172.31.46.0-255,66,149079,43,168053
349,0.002163,172.217.194.0-255,5738,154817,43,168053
350,0.002229,172.217.194.0-255,7156,161973,43,168053
351,0.002408,172.217.194.0-255,5738,167711,43,168053
352,0.002437,172.217.194.0-255,105,167816,43,168053
353,0.008728,172.31.46.0-255,66,167882,43,168053
354,0.010844,172.31.46.0-255,105,167987,43,168053
355,0.013343,172.217.194.0-255,66,168053,43,168053
356,0.0,172.217.194.0-255,152,152,43,193530
357,1e-05,172.31.46.0-255,66,218,43,193530
358,3.6e-05,172.217.194.0-255,1484,1702,43,193530
359,4e-05,172.31.46.0-255,66,1768,43,193530
360,4.6e-05,172.217.194.0-255,2902,4670,43,193530
361,4.9e-05,172.31.46.0-255,66,4736,43,193530
362,7.1e-05,172.217.194.0-255,5738,10474,43,193530
363,7.4e-05,172.31.46.0-255,66,10540,43,193530
364,9.9e-05,172.217.194.0-255,1484,12024,43,193530
365,0.000101,172.31.46.0-255,66,12090,43,193530
366,0.00011,172.217.194.0-255,2040,14130,43,193530
367,0.000112,172.31.46.0-255,66,14196,43,193530
368,0.000117,172.217.194.0-255,2902,17098,43,193530
369,0.000119,172.31.46.0-255,66,17164,43,193530
370,0.000126,172.217.194.0-255,7156,24320,43,193530
371,0.000129,172.31.46.0-255,66,24386,43,193530
372,0.000135,172.217.194.0-255,5738,30124,43,193530
373,0.000139,172.31.46.0-255,66,30190,43,193530
374,0.00016,172.217.194.0-255,1125,31315,43,193530
375,0.000163,172.31.46.0-255,66,31381,43,193530
376,0.000191,172.217.194.0-255,4320,35701,43,193530
377,0.000194,172.31.46.0-255,66,35767,43,193530
378,0.0002,172.217.194.0-255,5738,41505,43,193530
379,0.000202,172.31.46.0-255,66,41571,43,193530
380,0.000239,172.217.194.0-255,5738,47309,43,193530
381,0.000241,172.31.46.0-255,66,47375,43,193530
382,0.000263,172.217.194.0-255,1125,48500,43,193530
383,0.000265,172.31.46.0-255,66,48566,43,193530
384,0.000273,172.217.194.0-255,7156,55722,43,193530
385,0.000275,172.31.46.0-255,66,55788,43,193530
386,0.000284,172.217.194.0-255,2902,58690,43,193530
387,0.000286,172.31.46.0-255,66,58756,43,193530
388,0.000323,172.217.194.0-255,7072,65828,43,193530
389,0.000325,172.217.194.0-255,114,65942,43,193530
390,0.000334,172.31.46.0-255,66,66008,43,193530
391,0.000357,172.217.194.0-255,385,66393,43,193530
392,0.000526,172.217.194.0-255,1484,67877,43,193530
393,0.00053,172.31.46.0-255,66,67943,43,193530
394,0.000536,172.217.194.0-255,2902,70845,43,193530
395,0.000539,172.31.46.0-255,66,70911,43,193530
396,0.000555,172.217.194.0-255,5738,76649,43,193530
397,0.000558,172.31.46.0-255,66,76715,43,193530
398,0.000561,172.217.194.0-255,1484,78199,43,193530
399,0.000597,172.31.46.0-255,66,78265,43,193530
400,0.000607,172.31.46.0-255,66,78331,43,193530
401,0.000638,172.217.194.0-255,2184,80515,43,193530
402,0.00064,172.31.46.0-255,66,80581,43,193530
403,0.000744,172.217.194.0-255,1484,82065,43,193530
404,0.00075,172.217.194.0-255,2902,84967,43,193530
405,0.000754,172.31.46.0-255,66,85033,43,193530
406,0.000789,172.217.194.0-255,5738,90771,43,193530
407,0.000792,172.31.46.0-255,66,90837,43,193530
408,0.000812,172.31.46.0-255,66,90903,43,193530
409,0.000823,172.31.46.0-255,66,90969,43,193530
410,0.000847,172.217.194.0-255,2184,93153,43,193530
411,0.000851,172.31.46.0-255,66,93219,43,193530
412,0.001158,172.217.194.0-255,1484,94703,43,193530
413,0.00118,172.217.194.0-255,2902,97605,43,193530
414,0.001184,172.31.46.0-255,66,97671,43,193530
415,0.001191,172.217.194.0-255,5738,103409,43,193530
416,0.001193,172.31.46.0-255,66,103475,43,193530
417,0.001235,172.31.46.0-255,66,103541,43,193530
418,0.00127,172.31.46.0-255,66,103607,43,193530
419,0.001273,172.217.194.0-255,1484,105091,43,193530
420,0.00131,172.31.46.0-255,66,105157,43,193530
421,0.001316,172.217.194.0-255,4320,109477,43,193530
422,0.001318,172.31.46.0-255,66,109543,43,193530
423,0.001365,172.31.46.0-255,66,109609,43,193530
424,0.001368,172.217.194.0-255,766,110375,43,193530
425,0.001371,172.217.194.0-255,1484,111859,43,193530
426,0.001373,172.31.46.0-255,66,111925,43,193530
427,0.001383,172.217.194.0-255,4320,116245,43,193530
428,0.001386,172.31.46.0-255,66,116311,43,193530
429,0.001472,172.31.46.0-255,66,116377,43,193530
430,0.001479,172.31.46.0-255,66,116443,43,193530
431,0.001482,172.31.46.0-255,66,116509,43,193530
432,0.001538,172.217.194.0-255,1484,117993,43,193530
433,0.001552,172.217.194.0-255,2902,120895,43,193530
434,0.001555,172.31.46.0-255,66,120961,43,193530
435,0.001561,172.217.194.0-255,4320,125281,43,193530
436,0.001563,172.31.46.0-255,66,125347,43,193530
437,0.001566,172.217.194.0-255,1484,126831,43,193530
438,0.00159,172.217.194.0-255,7156,133987,43,193530
439,0.001597,172.31.46.0-255,66,134053,43,193530
440,0.001633,172.31.46.0-255,66,134119,43,193530
441,0.00166,172.217.194.0-255,3602,137721,43,193530
442,0.001662,172.31.46.0-255,66,137787,43,193530
443,0.001666,172.217.194.0-255,1484,139271,43,193530
444,0.00167,172.217.194.0-255,2902,142173,43,193530
445,0.001672,172.31.46.0-255,66,142239,43,193530
446,0.00168,172.217.194.0-255,2902,145141,43,193530
447,0.001683,172.31.46.0-255,66,145207,43,193530
448,0.001706,172.217.194.0-255,2902,148109,43,193530
449,0.001708,172.31.46.0-255,66,148175,43,193530
450,0.001716,172.217.194.0-255,7156,155331,43,193530
451,0.001718,172.31.46.0-255,66,155397,43,193530
452,0.001759,172.217.194.0-255,5738,161135,43,193530
453,0.001762,172.31.46.0-255,66,161201,43,193530
454,0.001773,172.31.46.0-255,66,161267,43,193530
455,0.001796,172.31.46.0-255,66,161333,43,193530
456,0.001826,172.217.194.0-255,3602,164935,43,193530
457,0.001829,172.31.46.0-255,66,165001,43,193530
458,0.00184,172.31.46.0-255,66,165067,43,193530
459,0.001844,172.217.194.0-255,2184,167251,43,193530
460,0.001847,172.31.46.0-255,66,167317,43,193530
461,0.001851,172.217.194.0-255,2902,170219,43,193530
462,0.001853,172.31.46.0-255,66,170285,43,193530
463,0.001858,172.217.194.0-255,2902,173187,43,193530
464,0.00186,172.31.46.0-255,66,173253,43,193530
465,0.00189,172.217.194.0-255,4320,177573,43,193530
466,0.001893,172.31.46.0-255,66,177639,43,193530
467,0.001906,172.31.46.0-255,66,177705,43,193530
468,0.001929,172.217.194.0-255,1484,179189,43,193530
469,0.001933,172.217.194.0-255,1484,180673,43,193530
470,0.001935,172.31.46.0-255,66,180739,43,193530
471,0.001975,172.31.46.0-255,66,180805,43,193530
472,0.002332,172.217.194.0-255,1484,182289,43,193530
473,0.002338,172.217.194.0-255,2902,185191,43,193530
474,0.002341,172.31.46.0-255,66,185257,43,193530
475,0.002347,172.217.194.0-255,2902,188159,43,193530
476,0.002349,172.31.46.0-255,66,188225,43,193530
477,0.002372,172.217.194.0-255,2902,191127,43,193530
478,0.002375,172.31.46.0-255,66,191193,43,193530
479,0.002393,172.31.46.0-255,66,191259,43,193530
480,0.002404,172.31.46.0-255,66,191325,43,193530
481,0.002473,172.217.194.0-255,1797,193122,43,193530
482,0.002476,172.31.46.0-255,66,193188,43,193530
483,0.002479,172.217.194.0-255,105,193293,43,193530
484,0.008989,172.31.46.0-255,66,193359,43,193530
485,0.009023,172.31.46.0-255,105,193464,43,193530
486,0.011374,172.217.194.0-255,66,193530,43,193530
487,0.0,74.125.200.0-255,152,152,43,327053
488,5.4e-05,74.125.200.0-255,1484,1636,43,327053
489,6.4e-05,172.31.46.0-255,66,1702,43,327053
490,7.1e-05,74.125.200.0-255,2902,4604,43,327053
491,7.4e-05,172.31.46.0-255,66,4670,43,327053
492,9.7e-05,74.125.200.0-255,5738,10408,43,327053
493,9.9e-05,172.31.46.0-255,66,10474,43,327053
494,0.000104,74.125.200.0-255,3471,13945,43,327053
495,0.000106,172.31.46.0-255,66,14011,43,327053
496,0.000154,74.125.200.0-255,1484,15495,43,327053
497,0.000157,74.125.200.0-255,1484,16979,43,327053
498,0.000159,172.31.46.0-255,66,17045,43,327053
499,0.000185,74.125.200.0-255,1484,18529,43,327053
500,0.000201,74.125.200.0-255,2902,21431,43,327053
501,0.000204,172.31.46.0-255,66,21497,43,327053
502,0.000242,74.125.200.0-255,4320,25817,43,327053
503,0.000244,172.31.46.0-255,66,25883,43,327053
504,0.000247,74.125.200.0-255,1484,27367,43,327053
505,0.000268,74.125.200.0-255,2902,30269,43,327053
506,0.00027,172.31.46.0-255,66,30335,43,327053
507,0.000298,74.125.200.0-255,1125,31460,43,327053
508,0.00035,74.125.200.0-255,1484,32944,43,327053
509,0.000352,172.31.46.0-255,66,33010,43,327053
510,0.000356,74.125.200.0-255,1484,34494,43,327053
511,0.000375,74.125.200.0-255,2902,37396,43,327053
512,0.000378,172.31.46.0-255,66,37462,43,327053
513,0.000406,74.125.200.0-255,5738,43200,43,327053
514,0.000408,172.31.46.0-255,66,43266,43,327053
515,0.000412,74.125.200.0-255,2902,46168,43,327053
516,0.000414,172.31.46.0-255,66,46234,43,327053
517,0.000434,74.125.200.0-255,3961,50195,43,327053
518,0.000439,172.31.46.0-255,66,50261,43,327053
519,0.00047,172.31.46.0-255,66,50327,43,327053
520,0.000505,74.125.200.0-255,1484,51811,43,327053
521,0.000518,74.125.200.0-255,5691,57502,43,327053
522,0.00052,172.31.46.0-255,66,57568,43,327053
523,0.000542,74.125.200.0-255,374,57942,43,327053
524,0.000721,74.125.200.0-255,1484,59426,43,327053
525,0.000725,172.31.46.0-255,66,59492,43,327053
526,0.000732,74.125.200.0-255,2902,62394,43,327053
527,0.000734,172.31.46.0-255,66,62460,43,327053
528,0.000736,74.125.200.0-255,1484,63944,43,327053
529,0.000757,74.125.200.0-255,4320,68264,43,327053
530,0.000759,172.31.46.0-255,66,68330,43,327053
531,0.000766,74.125.200.0-255,5738,74068,43,327053
532,0.000768,172.31.46.0-255,66,74134,43,327053
533,0.000777,74.125.200.0-255,4320,78454,43,327053
534,0.000779,172.31.46.0-255,66,78520,43,327053
535,0.000803,74.125.200.0-255,2902,81422,43,327053
536,0.000805,172.31.46.0-255,66,81488,43,327053
537,0.000808,74.125.200.0-255,1484,82972,43,327053
538,0.00085,172.31.46.0-255,66,83038,43,327053
539,0.000974,74.125.200.0-255,1484,84522,43,327053
540,0.00098,74.125.200.0-255,2902,87424,43,327053
541,0.000982,172.31.46.0-255,66,87490,43,327053
542,0.00101,74.125.200.0-255,5738,93228,43,327053
543,0.001013,172.31.46.0-255,66,93294,43,327053
544,0.001018,74.125.200.0-255,4320,97614,43,327053
545,0.00102,172.31.46.0-255,66,97680,43,327053
546,0.00105,74.125.200.0-255,5738,103418,43,327053
547,0.001053,172.31.46.0-255,66,103484,43,327053
548,0.001077,74.125.200.0-255,1484,104968,43,327053
549,0.00108,74.125.200.0-255,2902,107870,43,327053
550,0.001085,172.31.46.0-255,66,107936,43,327053
551,0.001112,74.125.200.0-255,5738,113674,43,327053
552,0.001114,172.31.46.0-255,66,113740,43,327053
553,0.001119,74.125.200.0-255,3602,117342,43,327053
554,0.001121,172.31.46.0-255,66,117408,43,327053
555,0.00117,74.125.200.0-255,1484,118892,43,327053
556,0.001192,74.125.200.0-255,2902,121794,43,327053
557,0.001195,172.31.46.0-255,66,121860,43,327053
558,0.001221,74.125.200.0-255,1484,123344,43,327053
559,0.001234,74.125.200.0-255,2902,126246,43,327053
560,0.001236,172.31.46.0-255,66,126312,43,327053
561,0.001269,74.125.200.0-255,1484,127796,43,327053
562,0.001285,74.125.200.0-255,2902,130698,43,327053
563,0.00129,172.31.46.0-255,66,130764,43,327053
564,0.001316,74.125.200.0-255,5738,136502,43,327053
565,0.001318,172.31.46.0-255,66,136568,43,327053
566,0.001323,74.125.200.0-255,4320,140888,43,327053
567,0.001326,172.31.46.0-255,66,140954,43,327053
568,0.001333,74.125.200.0-255,5738,146692,43,327053
569,0.001335,172.31.46.0-255,66,146758,43,327053
570,0.001373,74.125.200.0-255,5020,151778,43,327053
571,0.001376,172.31.46.0-255,66,151844,43,327053
572,0.001424,74.125.200.0-255,4320,156164,43,327053
573,0.001428,172.31.46.0-255,66,156230,43,327053
574,0.001433,74.125.200.0-255,4320,160550,43,327053
575,0.001435,172.31.46.0-255,66,160616,43,327053
576,0.001464,74.125.200.0-255,1484,162100,43,327053
577,0.001472,74.125.200.0-255,5738,167838,43,327053
578,0.001474,172.31.46.0-255,66,167904,43,327053
579,0.001486,74.125.200.0-255,2902,170806,43,327053
580,0.001493,172.31.46.0-255,66,170872,43,327053
581,0.001525,74.125.200.0-255,5738,176610,43,327053
582,0.001529,172.31.46.0-255,66,176676,43,327053
583,0.001555,74.125.200.0-255,2902,179578,43,327053
584,0.001558,172.31.46.0-255,66,179644,43,327053
585,0.001591,74.125.200.0-255,6438,186082,43,327053
586,0.001594,172.31.46.0-255,66,186148,43,327053
587,0.001683,74.125.200.0-255,1484,187632,43,327053
588,0.001702,74.125.200.0-255,2902,190534,43,327053
589,0.001705,172.31.46.0-255,66,190600,43,327053
590,0.001741,74.125.200.0-255,5738,196338,43,327053
591,0.001744,172.31.46.0-255,66,196404,43,327053
592,0.001752,74.125.200.0-255,7156,203560,43,327053
593,0.001755,172.31.46.0-255,66,203626,43,327053
594,0.001806,172.31.46.0-255,66,203692,43,327053
595,0.001823,74.125.200.0-255,4320,208012,43,327053
596,0.001829,172.31.46.0-255,66,208078,43,327053
597,0.001858,74.125.200.0-255,2184,210262,43,327053
598,0.001861,172.31.46.0-255,66,210328,43,327053
599,0.001931,74.125.200.0-255,1484,211812,43,327053
600,0.001936,74.125.200.0-255,2902,214714,43,327053
601,0.00194,172.31.46.0-255,66,214780,43,327053
602,0.001969,74.125.200.0-255,5738,220518,43,327053
603,0.001972,172.31.46.0-255,66,220584,43,327053
604,0.001977,74.125.200.0-255,2902,223486,43,327053
605,0.001985,172.31.46.0-255,66,223552,43,327053
606,0.001992,74.125.200.0-255,4320,227872,43,327053
607,0.001994,172.31.46.0-255,66,227938,43,327053
608,0.001997,74.125.200.0-255,1484,229422,43,327053
609,0.002024,74.125.200.0-255,7156,236578,43,327053
610,0.002027,172.31.46.0-255,66,236644,43,327053
611,0.002032,74.125.200.0-255,2902,239546,43,327053
612,0.002034,172.31.46.0-255,66,239612,43,327053
613,0.002066,74.125.200.0-255,4320,243932,43,327053
614,0.002069,172.31.46.0-255,66,243998,43,327053
615,0.002072,74.125.200.0-255,766,244764,43,327053
616,0.002095,74.125.200.0-255,1484,246248,43,327053
617,0.002098,172.31.46.0-255,66,246314,43,327053
618,0.002104,74.125.200.0-255,4320,250634,43,327053
619,0.002106,172.31.46.0-255,66,250700,43,327053
620,0.002136,172.31.46.0-255,66,250766,43,327053
621,0.002172,172.31.46.0-255,66,250832,43,327053
622,0.002177,74.125.200.0-255,4320,255152,43,327053
623,0.002179,172.31.46.0-255,66,255218,43,327053
624,0.002209,74.125.200.0-255,2902,258120,43,327053
625,0.002212,172.31.46.0-255,66,258186,43,327053
626,0.002216,74.125.200.0-255,2184,260370,43,327053
627,0.002219,172.31.46.0-255,66,260436,43,327053
628,0.002264,74.125.200.0-255,2902,263338,43,327053
629,0.002268,172.31.46.0-255,66,263404,43,327053
630,0.002271,74.125.200.0-255,1484,264888,43,327053
631,0.002274,74.125.200.0-255,1484,266372,43,327053
632,0.002276,172.31.46.0-255,66,266438,43,327053
633,0.002311,74.125.200.0-255,1484,267922,43,327053
634,0.002318,74.125.200.0-255,5738,273660,43,327053
635,0.002321,172.31.46.0-255,66,273726,43,327053
636,0.002364,74.125.200.0-255,1484,275210,43,327053
637,0.002389,172.31.46.0-255,66,275276,43,327053
638,0.002407,172.31.46.0-255,66,275342,43,327053
639,0.002426,74.125.200.0-255,5738,281080,43,327053
640,0.002429,172.31.46.0-255,66,281146,43,327053
641,0.002456,74.125.200.0-255,7156,288302,43,327053
642,0.002459,172.31.46.0-255,66,288368,43,327053
643,0.002487,74.125.200.0-255,7156,295524,43,327053
644,0.00249,172.31.46.0-255,66,295590,43,327053
645,0.00252,74.125.200.0-255,5738,301328,43,327053
646,0.002523,172.31.46.0-255,66,301394,43,327053
647,0.002528,74.125.200.0-255,2902,304296,43,327053
648,0.002531,172.31.46.0-255,66,304362,43,327053
649,0.002561,74.125.200.0-255,2902,307264,43,327053
650,0.002565,172.31.46.0-255,66,307330,43,327053
651,0.002568,172.31.46.0-255,66,307396,43,327053
652,0.002602,172.31.46.0-255,66,307462,43,327053
653,0.002609,74.125.200.0-255,5738,313200,43,327053
654,0.002612,172.31.46.0-255,66,313266,43,327053
655,0.002618,74.125.200.0-255,5738,319004,43,327053
656,0.00262,172.31.46.0-255,66,319070,43,327053
657,0.002623,74.125.200.0-255,1484,320554,43,327053
658,0.002627,74.125.200.0-255,1484,322038,43,327053
659,0.002629,172.31.46.0-255,66,322104,43,327053
660,0.002666,74.125.200.0-255,4444,326548,43,327053
661,0.002669,172.31.46.0-255,66,326614,43,327053
662,0.002672,74.125.200.0-255,97,326711,43,327053
663,0.002704,74.125.200.0-255,105,326816,43,327053
664,0.009732,172.31.46.0-255,66,326882,43,327053
665,0.00977,172.31.46.0-255,105,326987,43,327053
666,0.012278,74.125.200.0-255,66,327053,43,327053
667,0.0,172.217.194.0-255,146,146,43,226180
668,1.7e-05,172.31.46.0-255,66,212,43,226180
669,2.3e-05,172.217.194.0-255,1484,1696,43,226180
670,2.8e-05,172.31.46.0-255,66,1762,43,226180
671,3.3e-05,172.217.194.0-255,2902,4664,43,226180
672,4.2e-05,172.31.46.0-255,66,4730,43,226180
673,4.9e-05,172.217.194.0-255,7156,11886,43,226180
674,5.2e-05,172.31.46.0-255,66,11952,43,226180
675,8.4e-05,172.217.194.0-255,2075,14027,43,226180
676,8.6e-05,172.31.46.0-255,66,14093,43,226180
677,9.1e-05,172.217.194.0-255,2902,16995,43,226180
678,9.3e-05,172.31.46.0-255,66,17061,43,226180
679,0.000122,172.217.194.0-255,7156,24217,43,226180
680,0.000125,172.31.46.0-255,66,24283,43,226180
681,0.000128,172.217.194.0-255,2902,27185,43,226180
682,0.00013,172.31.46.0-255,66,27251,43,226180
683,0.000181,172.217.194.0-255,1484,28735,43,226180
684,0.000184,172.31.46.0-255,66,28801,43,226180
685,0.000211,172.217.194.0-255,2543,31344,43,226180
686,0.000214,172.31.46.0-255,66,31410,43,226180
687,0.000394,172.217.194.0-255,1484,32894,43,226180
688,0.000399,172.31.46.0-255,66,32960,43,226180
689,0.000405,172.217.194.0-255,2902,35862,43,226180
690,0.000408,172.31.46.0-255,66,35928,43,226180
691,0.000413,172.217.194.0-255,5738,41666,43,226180
692,0.00042,172.31.46.0-255,66,41732,43,226180
693,0.000451,172.31.46.0-255,66,41798,43,226180
694,0.000477,172.217.194.0-255,2543,44341,43,226180
695,0.000479,172.31.46.0-255,66,44407,43,226180
696,0.000493,172.31.46.0-255,66,44473,43,226180
697,0.000574,172.217.194.0-255,115,44588,43,226180
698,0.000659,172.217.194.0-255,1484,46072,43,226180
699,0.000663,172.31.46.0-255,66,46138,43,226180
700,0.000668,172.217.194.0-255,2902,49040,43,226180
701,0.000669,172.31.46.0-255,66,49106,43,226180
702,0.000708,172.217.194.0-255,4320,53426,43,226180
703,0.000711,172.31.46.0-255,66,53492,43,226180
704,0.000717,172.217.194.0-255,5738,59230,43,226180
705,0.000719,172.31.46.0-255,66,59296,43,226180
706,0.000747,172.217.194.0-255,2543,61839,43,226180
707,0.000749,172.31.46.0-255,66,61905,43,226180
708,0.000767,172.217.194.0-255,2902,64807,43,226180
709,0.000769,172.31.46.0-255,66,64873,43,226180
710,0.000772,172.217.194.0-255,1484,66357,43,226180
711,0.000806,172.217.194.0-255,5738,72095,43,226180
712,0.000809,172.31.46.0-255,66,72161,43,226180
713,0.000816,172.217.194.0-255,7115,79276,43,226180
714,0.000818,172.31.46.0-255,66,79342,43,226180
715,0.00106,172.217.194.0-255,1484,80826,43,226180
716,0.001064,172.217.194.0-255,2902,83728,43,226180
717,0.00107,172.31.46.0-255,66,83794,43,226180
718,0.001107,172.217.194.0-255,5738,89532,43,226180
719,0.00111,172.31.46.0-255,66,89598,43,226180
720,0.00112,172.31.46.0-255,66,89664,43,226180
721,0.001155,172.217.194.0-255,5738,95402,43,226180
722,0.001158,172.31.46.0-255,66,95468,43,226180
723,0.001194,172.31.46.0-255,66,95534,43,226180
724,0.001199,172.217.194.0-255,2902,98436,43,226180
725,0.0012,172.31.46.0-255,66,98502,43,226180
726,0.00123,172.217.194.0-255,4320,102822,43,226180
727,0.001232,172.31.46.0-255,66,102888,43,226180
728,0.001237,172.217.194.0-255,4320,107208,43,226180
729,0.001239,172.31.46.0-255,66,107274,43,226180
730,0.001277,172.217.194.0-255,4320,111594,43,226180
731,0.00128,172.31.46.0-255,66,111660,43,226180
732,0.001293,172.31.46.0-255,66,111726,43,226180
733,0.001301,172.217.194.0-255,3602,115328,43,226180
734,0.001303,172.31.46.0-255,66,115394,43,226180
735,0.002033,172.217.194.0-255,1484,116878,43,226180
736,0.002039,172.217.194.0-255,2902,119780,43,226180
737,0.002043,172.31.46.0-255,66,119846,43,226180
738,0.002075,172.217.194.0-255,5738,125584,43,226180
739,0.002078,172.31.46.0-255,66,125650,43,226180
740,0.002085,172.217.194.0-255,7156,132806,43,226180
741,0.002087,172.31.46.0-255,66,132872,43,226180
742,0.002104,172.31.46.0-255,66,132938,43,226180
743,0.002135,172.217.194.0-255,2902,135840,43,226180
744,0.002137,172.31.46.0-255,66,135906,43,226180
745,0.002141,172.217.194.0-255,2184,138090,43,226180
746,0.002143,172.31.46.0-255,66,138156,43,226180
747,0.002201,172.217.194.0-255,1484,139640,43,226180
748,0.002216,172.217.194.0-255,2902,142542,43,226180
749,0.002218,172.31.46.0-255,66,142608,43,226180
750,0.002226,172.217.194.0-255,5738,148346,43,226180
751,0.002228,172.31.46.0-255,66,148412,43,226180
752,0.002266,172.31.46.0-255,66,148478,43,226180
753,0.002289,172.217.194.0-255,2902,151380,43,226180
754,0.002291,172.31.46.0-255,66,151446,43,226180
755,0.002319,172.217.194.0-255,5738,157184,43,226180
756,0.002321,172.31.46.0-255,66,157250,43,226180
757,0.002349,172.217.194.0-255,5020,162270,43,226180
758,0.002352,172.31.46.0-255,66,162336,43,226180
759,0.004694,172.217.194.0-255,5738,168074,43,226180
760,0.004701,172.31.46.0-255,66,168140,43,226180
761,0.007062,172.217.194.0-255,5738,173878,43,226180
762,0.007065,172.31.46.0-255,66,173944,43,226180
763,0.009408,172.217.194.0-255,5738,179682,43,226180
764,0.009414,172.31.46.0-255,66,179748,43,226180
765,0.011755,172.217.194.0-255,5738,185486,43,226180
766,0.011762,172.31.46.0-255,66,185552,43,226180
767,0.01411,172.217.194.0-255,5738,191290,43,226180
768,0.014118,172.31.46.0-255,66,191356,43,226180
769,0.016442,172.217.194.0-255,5738,197094,43,226180
770,0.01645,172.31.46.0-255,66,197160,43,226180
771,0.018804,172.217.194.0-255,5738,202898,43,226180
772,0.018813,172.31.46.0-255,66,202964,43,226180
773,0.021135,172.217.194.0-255,5738,208702,43,226180
774,0.021145,172.31.46.0-255,66,208768,43,226180
775,0.023487,172.217.194.0-255,5738,214506,43,226180
776,0.023495,172.31.46.0-255,66,214572,43,226180
777,0.025815,172.217.194.0-255,5738,220310,43,226180
778,0.025823,172.31.46.0-255,66,220376,43,226180
779,0.028146,172.217.194.0-255,5738,226114,43,226180
780,0.028157,172.31.46.0-255,66,226180,43,226180
781,0.0,74.125.200.0-255,153,153,43,211294
782,1.6e-05,172.31.46.0-255,66,219,43,211294
783,2.3e-05,74.125.200.0-255,1484,1703,43,211294
784,2.7e-05,172.31.46.0-255,66,1769,43,211294
785,3.9e-05,74.125.200.0-255,2902,4671,43,211294
786,4.3e-05,172.31.46.0-255,66,4737,43,211294
787,4.8e-05,74.125.200.0-255,2902,7639,43,211294
788,5.1e-05,172.31.46.0-255,66,7705,43,211294
789,8.6e-05,74.125.200.0-255,2902,10607,43,211294
790,8.9e-05,172.31.46.0-255,66,10673,43,211294
791,9.4e-05,74.125.200.0-255,2902,13575,43,211294
792,9.7e-05,172.31.46.0-255,66,13641,43,211294
793,0.0001,74.125.200.0-255,624,14265,43,211294
794,0.000107,172.31.46.0-255,66,14331,43,211294
795,0.000157,74.125.200.0-255,1484,15815,43,211294
796,0.000159,172.31.46.0-255,66,15881,43,211294
797,0.00017,74.125.200.0-255,1484,17365,43,211294
798,0.000178,172.31.46.0-255,66,17431,43,211294
799,0.000182,74.125.200.0-255,2902,20333,43,211294
800,0.000184,172.31.46.0-255,66,20399,43,211294
801,0.000189,74.125.200.0-255,2902,23301,43,211294
802,0.000191,172.31.46.0-255,66,23367,43,211294
803,0.000218,74.125.200.0-255,2902,26269,43,211294
804,0.000221,172.31.46.0-255,66,26335,43,211294
805,0.000228,74.125.200.0-255,5379,31714,43,211294
806,0.00023,172.31.46.0-255,66,31780,43,211294
807,0.000281,74.125.200.0-255,5738,37518,43,211294
808,0.000284,172.31.46.0-255,66,37584,43,211294
809,0.000287,74.125.200.0-255,1484,39068,43,211294
810,0.000289,172.31.46.0-255,66,39134,43,211294
811,0.000293,74.125.200.0-255,2902,42036,43,211294
812,0.000295,172.31.46.0-255,66,42102,43,211294
813,0.000328,74.125.200.0-255,5738,47840,43,211294
814,0.000332,172.31.46.0-255,66,47906,43,211294
815,0.000334,74.125.200.0-255,1125,49031,43,211294
816,0.000853,74.125.200.0-255,1484,50515,43,211294
817,0.000859,172.31.46.0-255,66,50581,43,211294
818,0.00089,74.125.200.0-255,2902,53483,43,211294
819,0.000893,172.31.46.0-255,66,53549,43,211294
820,0.000899,74.125.200.0-255,4320,57869,43,211294
821,0.000901,172.31.46.0-255,66,57935,43,211294
822,0.000931,74.125.200.0-255,2902,60837,43,211294
823,0.000934,172.31.46.0-255,66,60903,43,211294
824,0.000967,74.125.200.0-255,5379,66282,43,211294
825,0.000969,172.31.46.0-255,66,66348,43,211294
826,0.001071,74.125.200.0-255,1484,67832,43,211294
827,0.001075,74.125.200.0-255,1484,69316,43,211294
828,0.001078,172.31.46.0-255,66,69382,43,211294
829,0.001109,74.125.200.0-255,2902,72284,43,211294
830,0.001112,172.31.46.0-255,66,72350,43,211294
831,0.001142,74.125.200.0-255,5738,78088,43,211294
832,0.001144,172.31.46.0-255,66,78154,43,211294
833,0.00115,74.125.200.0-255,5379,83533,43,211294
834,0.001153,172.31.46.0-255,66,83599,43,211294
835,0.001169,74.125.200.0-255,1484,85083,43,211294
836,0.001197,74.125.200.0-255,4320,89403,43,211294
837,0.001199,172.31.46.0-255,66,89469,43,211294
838,0.001216,172.31.46.0-255,66,89535,43,211294
839,0.001258,74.125.200.0-255,1704,91239,43,211294
840,0.00126,172.31.46.0-255,66,91305,43,211294
841,0.001561,74.125.200.0-255,1484,92789,43,211294
842,0.001582,74.125.200.0-255,2902,95691,43,211294
843,0.001585,172.31.46.0-255,66,95757,43,211294
844,0.001589,74.125.200.0-255,1484,97241,43,211294
845,0.001608,74.125.200.0-255,4320,101561,43,211294
846,0.001624,172.31.46.0-255,66,101627,43,211294
847,0.001632,74.125.200.0-255,7156,108783,43,211294
848,0.001634,172.31.46.0-255,66,108849,43,211294
849,0.001665,172.31.46.0-255,66,108915,43,211294
850,0.00167,74.125.200.0-255,2902,111817,43,211294
851,0.001672,172.31.46.0-255,66,111883,43,211294
852,0.001678,74.125.200.0-255,4320,116203,43,211294
853,0.001679,172.31.46.0-255,66,116269,43,211294
854,0.001694,74.125.200.0-255,766,117035,43,211294
855,0.00177,172.31.46.0-255,101,117136,43,211294
856,0.00185,74.125.200.0-255,1484,118620,43,211294
857,0.001867,74.125.200.0-255,2902,121522,43,211294
858,0.001871,172.31.46.0-255,66,121588,43,211294
859,0.001877,74.125.200.0-255,4320,125908,43,211294
860,0.001879,172.31.46.0-255,66,125974,43,211294
861,0.001902,74.125.200.0-255,5738,131712,43,211294
862,0.001904,172.31.46.0-255,66,131778,43,211294
863,0.001939,74.125.200.0-255,2902,134680,43,211294
864,0.001942,172.31.46.0-255,66,134746,43,211294
865,0.001949,74.125.200.0-255,7156,141902,43,211294
866,0.001951,172.31.46.0-255,66,141968,43,211294
867,0.001967,172.31.46.0-255,66,142034,43,211294
868,0.00197,74.125.200.0-255,766,142800,43,211294
869,0.002383,74.125.200.0-255,1484,144284,43,211294
870,0.002388,172.31.46.0-255,66,144350,43,211294
871,0.002394,74.125.200.0-255,2902,147252,43,211294
872,0.002396,172.31.46.0-255,66,147318,43,211294
873,0.002398,74.125.200.0-255,1484,148802,43,211294
874,0.004129,74.125.200.0-255,66,148868,43,211294
875,0.004778,74.125.200.0-255,4320,153188,43,211294
876,0.004783,172.31.46.0-255,66,153254,43,211294
877,0.007186,74.125.200.0-255,5738,158992,43,211294
878,0.007192,172.31.46.0-255,66,159058,43,211294
879,0.009607,74.125.200.0-255,5738,164796,43,211294
880,0.009637,172.31.46.0-255,66,164862,43,211294
881,0.012045,74.125.200.0-255,5738,170600,43,211294
882,0.012053,172.31.46.0-255,66,170666,43,211294
883,0.014458,74.125.200.0-255,5738,176404,43,211294
884,0.014466,172.31.46.0-255,66,176470,43,211294
885,0.016879,74.125.200.0-255,5738,182208,43,211294
886,0.016888,172.31.46.0-255,66,182274,43,211294
887,0.019303,74.125.200.0-255,5738,188012,43,211294
888,0.019312,172.31.46.0-255,66,188078,43,211294
889,0.021714,74.125.200.0-255,5738,193816,43,211294
890,0.021721,172.31.46.0-255,66,193882,43,211294
891,0.024121,74.125.200.0-255,5738,199620,43,211294
892,0.024129,172.31.46.0-255,66,199686,43,211294
893,0.026541,74.125.200.0-255,5738,205424,43,211294
894,0.026548,172.31.46.0-255,66,205490,43,211294
895,0.029024,74.125.200.0-255,5738,211228,43,211294
896,0.029031,172.31.46.0-255,66,211294,43,211294
897,0.0,172.31.46.0-255,105,105,43,276
898,0.001833,157.240.25.0-255,105,210,43,276
899,0.001844,172.31.46.0-255,66,276,43,276
900,0.0,74.125.24.0-255,152,152,43,123669
901,2e-05,172.31.46.0-255,66,218,43,123669
902,2.8e-05,74.125.24.0-255,1484,1702,43,123669
903,3.2e-05,172.31.46.0-255,66,1768,43,123669
904,3.8e-05,74.125.24.0-255,2902,4670,43,123669
905,4.9e-05,172.31.46.0-255,66,4736,43,123669
906,5.7e-05,74.125.24.0-255,7156,11892,43,123669
907,6.1e-05,172.31.46.0-255,66,11958,43,123669
908,6.7e-05,74.125.24.0-255,4860,16818,43,123669
909,7e-05,172.31.46.0-255,66,16884,43,123669
910,8.5e-05,172.31.46.0-255,66,16950,43,123669
911,0.000116,74.125.24.0-255,2543,19493,43,123669
912,0.000119,172.31.46.0-255,66,19559,43,123669
913,0.000212,74.125.24.0-255,1484,21043,43,123669
914,0.000215,172.31.46.0-255,66,21109,43,123669
915,0.00022,74.125.24.0-255,2902,24011,43,123669
916,0.000222,172.31.46.0-255,66,24077,43,123669
917,0.000367,74.125.24.0-255,5738,29815,43,123669
918,0.000373,172.31.46.0-255,66,29881,43,123669
919,0.000384,172.31.46.0-255,66,29947,43,123669
920,0.000396,172.31.46.0-255,66,30013,43,123669
921,0.000402,74.125.24.0-255,5020,35033,43,123669
922,0.000405,172.31.46.0-255,66,35099,43,123669
923,0.00097,74.125.24.0-255,646,35745,43,123669
924,0.000977,172.31.46.0-255,66,35811,43,123669
925,0.001163,74.125.24.0-255,1484,37295,43,123669
926,0.001168,172.31.46.0-255,66,37361,43,123669
927,0.001174,74.125.24.0-255,2902,40263,43,123669
928,0.001176,172.31.46.0-255,66,40329,43,123669
929,0.001181,74.125.24.0-255,2902,43231,43,123669
930,0.001188,172.31.46.0-255,66,43297,43,123669
931,0.001222,74.125.24.0-255,2902,46199,43,123669
932,0.001225,172.31.46.0-255,66,46265,43,123669
933,0.00124,172.31.46.0-255,66,46331,43,123669
934,0.001251,172.31.46.0-255,66,46397,43,123669
935,0.001254,74.125.24.0-255,766,47163,43,123669
936,0.001628,172.31.46.0-255,66,47229,43,123669
937,0.003507,74.125.24.0-255,4320,51549,43,123669
938,0.003515,172.31.46.0-255,66,51615,43,123669
939,0.003848,74.125.24.0-255,1484,53099,43,123669
940,0.00578,74.125.24.0-255,4320,57419,43,123669
941,0.005786,172.31.46.0-255,66,57485,43,123669
942,0.008056,74.125.24.0-255,5738,63223,43,123669
943,0.008063,172.31.46.0-255,66,63289,43,123669
944,0.010348,74.125.24.0-255,5738,69027,43,123669
945,0.010359,172.31.46.0-255,66,69093,43,123669
946,0.012656,74.125.24.0-255,5738,74831,43,123669
947,0.012664,172.31.46.0-255,66,74897,43,123669
948,0.014914,74.125.24.0-255,5738,80635,43,123669
949,0.014924,172.31.46.0-255,66,80701,43,123669
950,0.017211,74.125.24.0-255,5738,86439,43,123669
951,0.017221,172.31.46.0-255,66,86505,43,123669
952,0.019513,74.125.24.0-255,5738,92243,43,123669
953,0.019522,172.31.46.0-255,66,92309,43,123669
954,0.021783,74.125.24.0-255,5738,98047,43,123669
955,0.021793,172.31.46.0-255,66,98113,43,123669
956,0.02405,74.125.24.0-255,5738,103851,43,123669
957,0.024058,172.31.46.0-255,66,103917,43,123669
958,0.024861,172.31.46.0-255,167,104084,43,123669
959,0.024892,172.31.46.0-255,1108,105192,43,123669
960,0.024958,172.31.46.0-255,1514,106706,43,123669
961,0.02496,172.31.46.0-255,1514,108220,43,123669
962,0.024961,172.31.46.0-255,1514,109734,43,123669
963,0.024962,172.31.46.0-255,1514,111248,43,123669
964,0.024963,172.31.46.0-255,549,111797,43,123669
965,0.026333,74.125.24.0-255,5738,117535,43,123669
966,0.02634,172.31.46.0-255,66,117601,43,123669
967,0.026447,104.244.42.0-255,66,117667,43,123669
968,0.026455,104.244.42.0-255,66,117733,43,123669
969,0.026543,104.244.42.0-255,66,117799,43,123669
970,0.026549,104.244.42.0-255,66,117865,43,123669
971,0.028577,74.125.24.0-255,5738,123603,43,123669
972,0.028584,172.31.46.0-255,66,123669,43,123669
973,0.0,172.217.194.0-255,152,152,43,269371
974,2.3e-05,172.31.46.0-255,66,218,43,269371
975,3.1e-05,172.217.194.0-255,1484,1702,43,269371
976,3.5e-05,172.31.46.0-255,66,1768,43,269371
977,4.2e-05,172.217.194.0-255,2902,4670,43,269371
978,4.5e-05,172.31.46.0-255,66,4736,43,269371
979,5.3e-05,172.217.194.0-255,7156,11892,43,269371
980,5.6e-05,172.31.46.0-255,66,11958,43,269371
981,5.9e-05,172.217.194.0-255,1484,13442,43,269371
982,6.1e-05,172.31.46.0-255,66,13508,43,269371
983,8.1e-05,172.217.194.0-255,607,14115,43,269371
984,8.3e-05,172.31.46.0-255,66,14181,43,269371
985,0.000435,172.217.194.0-255,1484,15665,43,269371
986,0.00044,172.31.46.0-255,66,15731,43,269371
987,0.000448,172.217.194.0-255,2902,18633,43,269371
988,0.000452,172.31.46.0-255,66,18699,43,269371
989,0.000455,172.217.194.0-255,1484,20183,43,269371
990,0.000457,172.31.46.0-255,66,20249,43,269371
991,0.000461,172.217.194.0-255,2902,23151,43,269371
992,0.000464,172.31.46.0-255,66,23217,43,269371
993,0.000493,172.217.194.0-255,5738,28955,43,269371
994,0.000496,172.31.46.0-255,66,29021,43,269371
995,0.000501,172.217.194.0-255,2543,31564,43,269371
996,0.000503,172.31.46.0-255,66,31630,43,269371
997,0.000507,172.217.194.0-255,2902,34532,43,269371
998,0.00051,172.31.46.0-255,66,34598,43,269371
999,0.00053,172.217.194.0-255,7156,41754,43,269371
1000,0.000533,172.31.46.0-255,66,41820,43,269371
1001,0.000555,172.217.194.0-255,6797,48617,43,269371
1002,0.000557,172.31.46.0-255,66,48683,43,269371
1003,0.000609,172.217.194.0-255,5738,54421,43,269371
1004,0.000612,172.31.46.0-255,66,54487,43,269371
1005,0.000627,172.217.194.0-255,5738,60225,43,269371
1006,0.000629,172.31.46.0-255,66,60291,43,269371
1007,0.000652,172.217.194.0-255,1484,61775,43,269371
1008,0.00066,172.217.194.0-255,4212,65987,43,269371
1009,0.000662,172.31.46.0-255,66,66053,43,269371
1010,0.000678,172.217.194.0-255,436,66489,43,269371
1011,0.000878,172.217.194.0-255,1484,67973,43,269371
1012,0.000883,172.31.46.0-255,66,68039,43,269371
1013,0.0009,172.217.194.0-255,1484,69523,43,269371
1014,0.000905,172.217.194.0-255,2902,72425,43,269371
1015,0.000908,172.31.46.0-255,66,72491,43,269371
1016,0.000944,172.217.194.0-255,5738,78229,43,269371
1017,0.000946,172.31.46.0-255,66,78295,43,269371
1018,0.000949,172.217.194.0-255,1484,79779,43,269371
1019,0.000976,172.31.46.0-255,66,79845,43,269371
1020,0.000983,172.217.194.0-255,5738,85583,43,269371
1021,0.000986,172.31.46.0-255,66,85649,43,269371
1022,0.001009,172.217.194.0-255,3602,89251,43,269371
1023,0.001012,172.31.46.0-255,66,89317,43,269371
1024,0.001372,172.217.194.0-255,1484,90801,43,269371
1025,0.001378,172.217.194.0-255,2902,93703,43,269371
1026,0.001381,172.31.46.0-255,66,93769,43,269371
1027,0.001385,172.217.194.0-255,1484,95253,43,269371
1028,0.001406,172.217.194.0-255,4320,99573,43,269371
1029,0.001409,172.31.46.0-255,66,99639,43,269371
1030,0.001422,172.31.46.0-255,66,99705,43,269371
1031,0.001447,172.217.194.0-255,1484,101189,43,269371
1032,0.001457,172.31.46.0-255,66,101255,43,269371
1033,0.001477,172.217.194.0-255,2184,103439,43,269371
1034,0.00148,172.31.46.0-255,66,103505,43,269371
1035,0.001557,172.217.194.0-255,1484,104989,43,269371
1036,0.001571,172.217.194.0-255,2902,107891,43,269371
1037,0.001574,172.31.46.0-255,66,107957,43,269371
1038,0.001595,172.217.194.0-255,5738,113695,43,269371
1039,0.001598,172.31.46.0-255,66,113761,43,269371
1040,0.001621,172.217.194.0-255,4320,118081,43,269371
1041,0.001624,172.31.46.0-255,66,118147,43,269371
1042,0.001628,172.217.194.0-255,2902,121049,43,269371
1043,0.001631,172.31.46.0-255,66,121115,43,269371
1044,0.001646,172.217.194.0-255,7156,128271,43,269371
1045,0.001649,172.31.46.0-255,66,128337,43,269371
1046,0.001667,172.217.194.0-255,1484,129821,43,269371
1047,0.001679,172.31.46.0-255,66,129887,43,269371
1048,0.001743,172.217.194.0-255,1484,131371,43,269371
1049,0.001763,172.217.194.0-255,2902,134273,43,269371
1050,0.001767,172.31.46.0-255,66,134339,43,269371
1051,0.00177,172.217.194.0-255,1484,135823,43,269371
1052,0.001793,172.217.194.0-255,4320,140143,43,269371
1053,0.001796,172.31.46.0-255,66,140209,43,269371
1054,0.00182,172.217.194.0-255,7156,147365,43,269371
1055,0.001822,172.31.46.0-255,66,147431,43,269371
1056,0.001849,172.217.194.0-255,5738,153169,43,269371
1057,0.001852,172.31.46.0-255,66,153235,43,269371
1058,0.001874,172.217.194.0-255,7156,160391,43,269371
1059,0.001876,172.31.46.0-255,66,160457,43,269371
1060,0.001894,172.217.194.0-255,3602,164059,43,269371
1061,0.001897,172.31.46.0-255,66,164125,43,269371
1062,0.001973,172.217.194.0-255,1484,165609,43,269371
1063,0.001978,172.217.194.0-255,1484,167093,43,269371
1064,0.001981,172.31.46.0-255,66,167159,43,269371
1065,0.001996,172.217.194.0-255,1484,168643,43,269371
1066,0.002019,172.217.194.0-255,5738,174381,43,269371
1067,0.002022,172.31.46.0-255,66,174447,43,269371
1068,0.002027,172.217.194.0-255,2902,177349,43,269371
1069,0.002029,172.31.46.0-255,66,177415,43,269371
1070,0.002066,172.31.46.0-255,66,177481,43,269371
1071,0.002077,172.31.46.0-255,66,177547,43,269371
1072,0.002117,172.217.194.0-255,2184,179731,43,269371
1073,0.00212,172.31.46.0-255,66,179797,43,269371
1074,0.002228,172.217.194.0-255,1484,181281,43,269371
1075,0.002247,172.217.194.0-255,2902,184183,43,269371
1076,0.00225,172.31.46.0-255,66,184249,43,269371
1077,0.002257,172.217.194.0-255,4320,188569,43,269371
1078,0.002259,172.31.46.0-255,66,188635,43,269371
1079,0.002272,172.217.194.0-255,1484,190119,43,269371
1080,0.002277,172.217.194.0-255,2902,193021,43,269371
1081,0.002279,172.31.46.0-255,66,193087,43,269371
1082,0.00234,172.217.194.0-255,5738,198825,43,269371
1083,0.002343,172.31.46.0-255,66,198891,43,269371
1084,0.002361,172.217.194.0-255,4320,203211,43,269371
1085,0.002363,172.31.46.0-255,66,203277,43,269371
1086,0.002366,172.217.194.0-255,1484,204761,43,269371
1087,0.002374,172.217.194.0-255,7156,211917,43,269371
1088,0.002376,172.31.46.0-255,66,211983,43,269371
1089,0.002398,172.217.194.0-255,2184,214167,43,269371
1090,0.004756,172.217.194.0-255,2902,217069,43,269371
1091,0.007091,172.31.46.0-255,66,217135,43,269371
1092,0.00941,172.217.194.0-255,5738,222873,43,269371
1093,0.009421,172.31.46.0-255,66,222939,43,269371
1094,0.011758,172.217.194.0-255,5738,228677,43,269371
1095,0.011773,172.31.46.0-255,66,228743,43,269371
1096,0.014171,172.217.194.0-255,5738,234481,43,269371
1097,0.014189,172.31.46.0-255,66,234547,43,269371
1098,0.016517,172.217.194.0-255,5738,240285,43,269371
1099,0.016534,172.31.46.0-255,66,240351,43,269371
1100,0.018909,172.217.194.0-255,5738,246089,43,269371
1101,0.018926,172.31.46.0-255,66,246155,43,269371
1102,0.021278,172.217.194.0-255,5738,251893,43,269371
1103,0.021294,172.31.46.0-255,66,251959,43,269371
1104,0.023648,172.217.194.0-255,5738,257697,43,269371
1105,0.023662,172.31.46.0-255,66,257763,43,269371
1106,0.026001,172.217.194.0-255,5738,263501,43,269371
1107,0.026011,172.31.46.0-255,66,263567,43,269371
1108,0.028374,172.217.194.0-255,5738,269305,43,269371
1109,0.028383,172.31.46.0-255,66,269371,43,269371
1110,0.0,74.125.200.0-255,153,153,43,291126
1111,1.5e-05,172.31.46.0-255,66,219,43,291126
1112,2.1e-05,74.125.200.0-255,1484,1703,43,291126
1113,2.6e-05,172.31.46.0-255,66,1769,43,291126
1114,3e-05,74.125.200.0-255,2902,4671,43,291126
1115,3.3e-05,172.31.46.0-255,66,4737,43,291126
1116,7.5e-05,74.125.200.0-255,5738,10475,43,291126
1117,7.7e-05,172.31.46.0-255,66,10541,43,291126
1118,9e-05,74.125.200.0-255,1484,12025,43,291126
1119,9.2e-05,172.31.46.0-255,66,12091,43,291126
1120,0.000102,172.31.46.0-255,66,12157,43,291126
1121,0.000106,74.125.200.0-255,2902,15059,43,291126
1122,0.000108,172.31.46.0-255,66,15125,43,291126
1123,0.000156,74.125.200.0-255,4320,19445,43,291126
1124,0.000158,172.31.46.0-255,66,19511,43,291126
1125,0.000171,74.125.200.0-255,3961,23472,43,291126
1126,0.000173,172.31.46.0-255,66,23538,43,291126
1127,0.000228,74.125.200.0-255,1484,25022,43,291126
1128,0.000231,172.31.46.0-255,66,25088,43,291126
1129,0.000236,74.125.200.0-255,2902,27990,43,291126
1130,0.000238,172.31.46.0-255,66,28056,43,291126
1131,0.000241,74.125.200.0-255,1484,29540,43,291126
1132,0.000243,172.31.46.0-255,66,29606,43,291126
1133,0.00027,74.125.200.0-255,4320,33926,43,291126
1134,0.000273,172.31.46.0-255,66,33992,43,291126
1135,0.000279,74.125.200.0-255,6797,40789,43,291126
1136,0.000281,172.31.46.0-255,66,40855,43,291126
1137,0.000313,74.125.200.0-255,5738,46593,43,291126
1138,0.000315,172.31.46.0-255,66,46659,43,291126
1139,0.00033,74.125.200.0-255,1484,48143,43,291126
1140,0.000332,172.31.46.0-255,66,48209,43,291126
1141,0.00035,74.125.200.0-255,5738,53947,43,291126
1142,0.000353,172.31.46.0-255,66,54013,43,291126
1143,0.000356,74.125.200.0-255,2902,56915,43,291126
1144,0.000358,172.31.46.0-255,66,56981,43,291126
1145,0.000405,74.125.200.0-255,1406,58387,43,291126
1146,0.000435,74.125.200.0-255,129,58516,43,291126
1147,0.000527,74.125.200.0-255,1484,60000,43,291126
1148,0.000531,172.31.46.0-255,66,60066,43,291126
1149,0.000534,74.125.200.0-255,1484,61550,43,291126
1150,0.000549,74.125.200.0-255,1484,63034,43,291126
1151,0.000551,172.31.46.0-255,66,63100,43,291126
1152,0.000554,74.125.200.0-255,1484,64584,43,291126
1153,0.000557,74.125.200.0-255,1484,66068,43,291126
1154,0.000558,172.31.46.0-255,66,66134,43,291126
1155,0.000574,74.125.200.0-255,1484,67618,43,291126
1156,0.000601,74.125.200.0-255,2902,70520,43,291126
1157,0.000604,172.31.46.0-255,66,70586,43,291126
1158,0.000621,74.125.200.0-255,2902,73488,43,291126
1159,0.000623,172.31.46.0-255,66,73554,43,291126
1160,0.000629,74.125.200.0-255,5738,79292,43,291126
1161,0.000631,172.31.46.0-255,66,79358,43,291126
1162,0.000647,74.125.200.0-255,1484,80842,43,291126
1163,0.000652,74.125.200.0-255,4320,85162,43,291126
1164,0.000655,172.31.46.0-255,66,85228,43,291126
1165,0.000679,74.125.200.0-255,5738,90966,43,291126
1166,0.000681,172.31.46.0-255,66,91032,43,291126
1167,0.000698,74.125.200.0-255,2184,93216,43,291126
1168,0.0007,172.31.46.0-255,66,93282,43,291126
1169,0.000731,74.125.200.0-255,343,93625,43,291126
1170,0.000777,74.125.200.0-255,1484,95109,43,291126
1171,0.00078,172.31.46.0-255,66,95175,43,291126
1172,0.000796,74.125.200.0-255,4320,99495,43,291126
1173,0.000798,172.31.46.0-255,66,99561,43,291126
1174,0.000801,74.125.200.0-255,1484,101045,43,291126
1175,0.000804,74.125.200.0-255,1484,102529,43,291126
1176,0.000805,172.31.46.0-255,66,102595,43,291126
1177,0.000819,74.125.200.0-255,1484,104079,43,291126
1178,0.000824,74.125.200.0-255,4320,108399,43,291126
1179,0.000826,172.31.46.0-255,66,108465,43,291126
1180,0.000845,74.125.200.0-255,1484,109949,43,291126
1181,0.000847,74.125.200.0-255,1484,111433,43,291126
1182,0.000849,172.31.46.0-255,66,111499,43,291126
1183,0.000882,172.31.46.0-255,66,111565,43,291126
1184,0.000906,74.125.200.0-255,1484,113049,43,291126
1185,0.000921,74.125.200.0-255,3602,116651,43,291126
1186,0.000923,172.31.46.0-255,66,116717,43,291126
1187,0.000971,74.125.200.0-255,1484,118201,43,291126
1188,0.000983,74.125.200.0-255,2902,121103,43,291126
1189,0.000986,172.31.46.0-255,66,121169,43,291126
1190,0.001006,74.125.200.0-255,5738,126907,43,291126
1191,0.001008,172.31.46.0-255,66,126973,43,291126
1192,0.001011,74.125.200.0-255,1484,128457,43,291126
1193,0.001028,74.125.200.0-255,1484,129941,43,291126
1194,0.00103,172.31.46.0-255,66,130007,43,291126
1195,0.001056,172.31.46.0-255,66,130073,43,291126
1196,0.001077,74.125.200.0-255,1484,131557,43,291126
1197,0.001086,172.31.46.0-255,66,131623,43,291126
1198,0.001115,74.125.200.0-255,2184,133807,43,291126
1199,0.001118,172.31.46.0-255,66,133873,43,291126
1200,0.001143,74.125.200.0-255,2902,136775,43,291126
1201,0.001145,172.31.46.0-255,66,136841,43,291126
1202,0.001163,74.125.200.0-255,2902,139743,43,291126
1203,0.001165,172.31.46.0-255,66,139809,43,291126
1204,0.001179,74.125.200.0-255,4320,144129,43,291126
1205,0.001181,172.31.46.0-255,66,144195,43,291126
1206,0.001185,74.125.200.0-255,2902,147097,43,291126
1207,0.001188,172.31.46.0-255,66,147163,43,291126
1208,0.001218,74.125.200.0-255,5738,152901,43,291126
1209,0.001221,172.31.46.0-255,66,152967,43,291126
1210,0.00123,172.31.46.0-255,66,153033,43,291126
1211,0.001291,74.125.200.0-255,6438,159471,43,291126
1212,0.001293,172.31.46.0-255,66,159537,43,291126
1213,0.001323,74.125.200.0-255,4320,163857,43,291126
1214,0.001325,172.31.46.0-255,66,163923,43,291126
1215,0.001345,74.125.200.0-255,2902,166825,43,291126
1216,0.001347,172.31.46.0-255,66,166891,43,291126
1217,0.001356,172.31.46.0-255,66,166957,43,291126
1218,0.001359,74.125.200.0-255,1484,168441,43,291126
1219,0.001385,74.125.200.0-255,7156,175597,43,291126
1220,0.001388,172.31.46.0-255,66,175663,43,291126
1221,0.001391,74.125.200.0-255,1484,177147,43,291126
1222,0.001419,172.31.46.0-255,66,177213,43,291126
1223,0.001448,74.125.200.0-255,1484,178697,43,291126
1224,0.00146,74.125.200.0-255,2902,181599,43,291126
1225,0.001463,172.31.46.0-255,66,181665,43,291126
1226,0.001481,74.125.200.0-255,4320,185985,43,291126
1227,0.001485,172.31.46.0-255,66,186051,43,291126
1228,0.001498,74.125.200.0-255,1484,187535,43,291126
1229,0.001522,74.125.200.0-255,7156,194691,43,291126
1230,0.001525,172.31.46.0-255,66,194757,43,291126
1231,0.001544,74.125.200.0-255,2902,197659,43,291126
1232,0.001546,172.31.46.0-255,66,197725,43,291126
1233,0.001557,172.31.46.0-255,66,197791,43,291126
1234,0.001575,74.125.200.0-255,2184,199975,43,291126
1235,0.001577,172.31.46.0-255,66,200041,43,291126
1236,0.001652,74.125.200.0-255,1484,201525,43,291126
1237,0.001668,74.125.200.0-255,1484,203009,43,291126
1238,0.001672,172.31.46.0-255,66,203075,43,291126
1239,0.001682,74.125.200.0-255,2902,205977,43,291126
1240,0.001684,172.31.46.0-255,66,206043,43,291126
1241,0.00172,74.125.200.0-255,2902,208945,43,291126
1242,0.001723,172.31.46.0-255,66,209011,43,291126
1243,0.001743,74.125.200.0-255,1484,210495,43,291126
1244,0.001749,74.125.200.0-255,5738,216233,43,291126
1245,0.001752,172.31.46.0-255,66,216299,43,291126
1246,0.001754,74.125.200.0-255,1484,217783,43,291126
1247,0.001783,172.31.46.0-255,66,217849,43,291126
1248,0.001788,74.125.200.0-255,4320,222169,43,291126
1249,0.00179,172.31.46.0-255,66,222235,43,291126
1250,0.001812,74.125.200.0-255,2184,224419,43,291126
1251,0.001814,172.31.46.0-255,66,224485,43,291126
1252,0.001885,74.125.200.0-255,1484,225969,43,291126
1253,0.001909,74.125.200.0-255,2902,228871,43,291126
1254,0.001912,172.31.46.0-255,66,228937,43,291126
1255,0.001915,74.125.200.0-255,1484,230421,43,291126
1256,0.001931,74.125.200.0-255,2902,233323,43,291126
1257,0.001933,172.31.46.0-255,66,233389,43,291126
1258,0.001947,74.125.200.0-255,5738,239127,43,291126
1259,0.001949,172.31.46.0-255,66,239193,43,291126
1260,0.001978,74.125.200.0-255,2902,242095,43,291126
1261,0.00198,172.31.46.0-255,66,242161,43,291126
1262,0.002009,172.31.46.0-255,66,242227,43,291126
1263,0.002029,74.125.200.0-255,4320,246547,43,291126
1264,0.002032,172.31.46.0-255,66,246613,43,291126
1265,0.002048,74.125.200.0-255,3602,250215,43,291126
1266,0.002051,172.31.46.0-255,66,250281,43,291126
1267,0.002089,74.125.200.0-255,1484,251765,43,291126
1268,0.002106,74.125.200.0-255,2902,254667,43,291126
1269,0.002109,172.31.46.0-255,66,254733,43,291126
1270,0.002129,74.125.200.0-255,4320,259053,43,291126
1271,0.002133,74.125.200.0-255,2902,261955,43,291126
1272,0.002149,74.125.200.0-255,2902,264857,43,291126
1273,0.002152,172.31.46.0-255,66,264923,43,291126
1274,0.002159,74.125.200.0-255,2902,267825,43,291126
1275,0.002164,172.31.46.0-255,66,267891,43,291126
1276,0.002182,74.125.200.0-255,2902,270793,43,291126
1277,0.002195,172.31.46.0-255,66,270859,43,291126
1278,0.002228,74.125.200.0-255,4320,275179,43,291126
1279,0.002233,172.31.46.0-255,66,275245,43,291126
1280,0.002298,172.31.46.0-255,66,275311,43,291126
1281,0.002302,172.31.46.0-255,66,275377,43,291126
1282,0.002312,74.125.200.0-255,5738,281115,43,291126
1283,0.002315,74.125.200.0-255,1484,282599,43,291126
1284,0.002338,172.31.46.0-255,66,282665,43,291126
1285,0.003892,172.31.46.0-255,101,282766,43,291126
1286,0.004598,74.125.200.0-255,5738,288504,43,291126
1287,0.004604,172.31.46.0-255,66,288570,43,291126
1288,0.006095,74.125.200.0-255,66,288636,43,291126
1289,0.006852,74.125.200.0-255,1860,290496,43,291126
1290,0.006857,172.31.46.0-255,66,290562,43,291126
1291,0.010098,172.31.46.0-255,105,290667,43,291126
1292,0.010134,172.31.46.0-255,105,290772,43,291126
1293,0.010317,172.31.46.0-255,90,290862,43,291126
1294,0.010326,172.31.46.0-255,66,290928,43,291126
1295,0.012343,74.125.200.0-255,66,290994,43,291126
1296,0.012559,74.125.200.0-255,66,291060,43,291126
1297,0.012567,172.31.46.0-255,66,291126,43,291126
1298,0.0,74.125.200.0-255,153,153,43,295586
1299,1.9e-05,172.31.46.0-255,66,219,43,295586
1300,2.6e-05,74.125.200.0-255,1484,1703,43,295586
1301,3e-05,172.31.46.0-255,66,1769,43,295586
1302,3.3e-05,74.125.200.0-255,1484,3253,43,295586
1303,3.4e-05,172.31.46.0-255,66,3319,43,295586
1304,5.4e-05,74.125.200.0-255,1484,4803,43,295586
1305,5.7e-05,172.31.46.0-255,66,4869,43,295586
1306,6.6e-05,74.125.200.0-255,7156,12025,43,295586
1307,6.9e-05,172.31.46.0-255,66,12091,43,295586
1308,0.000108,74.125.200.0-255,2004,14095,43,295586
1309,0.00011,172.31.46.0-255,66,14161,43,295586
1310,0.000538,74.125.200.0-255,1484,15645,43,295586
1311,0.000544,172.31.46.0-255,66,15711,43,295586
1312,0.000552,74.125.200.0-255,2902,18613,43,295586
1313,0.000554,172.31.46.0-255,66,18679,43,295586
1314,0.000576,74.125.200.0-255,4320,22999,43,295586
1315,0.000579,172.31.46.0-255,66,23065,43,295586
1316,0.000584,74.125.200.0-255,4320,27385,43,295586
1317,0.000586,172.31.46.0-255,66,27451,43,295586
1318,0.000601,74.125.200.0-255,1484,28935,43,295586
1319,0.000603,172.31.46.0-255,66,29001,43,295586
1320,0.000607,74.125.200.0-255,2543,31544,43,295586
1321,0.000609,172.31.46.0-255,66,31610,43,295586
1322,0.000676,74.125.200.0-255,1484,33094,43,295586
1323,0.000679,172.31.46.0-255,66,33160,43,295586
1324,0.000685,74.125.200.0-255,2902,36062,43,295586
1325,0.000687,172.31.46.0-255,66,36128,43,295586
1326,0.000707,74.125.200.0-255,5738,41866,43,295586
1327,0.000709,172.31.46.0-255,66,41932,43,295586
1328,0.000713,74.125.200.0-255,2902,44834,43,295586
1329,0.000715,172.31.46.0-255,66,44900,43,295586
1330,0.00073,74.125.200.0-255,1484,46384,43,295586
1331,0.000743,74.125.200.0-255,2543,48927,43,295586
1332,0.000745,172.31.46.0-255,66,48993,43,295586
1333,0.000748,74.125.200.0-255,1484,50477,43,295586
1334,0.000771,74.125.200.0-255,7156,57633,43,295586
1335,0.000774,172.31.46.0-255,66,57699,43,295586
1336,0.000779,74.125.200.0-255,4320,62019,43,295586
1337,0.000781,172.31.46.0-255,66,62085,43,295586
1338,0.000828,74.125.200.0-255,3961,66046,43,295586
1339,0.000831,172.31.46.0-255,66,66112,43,295586
1340,0.000855,74.125.200.0-255,646,66758,43,295586
1341,0.001044,74.125.200.0-255,1484,68242,43,295586
1342,0.001049,172.31.46.0-255,66,68308,43,295586
1343,0.001055,74.125.200.0-255,2902,71210,43,295586
1344,0.001057,172.31.46.0-255,66,71276,43,295586
1345,0.001076,74.125.200.0-255,4320,75596,43,295586
1346,0.001078,172.31.46.0-255,66,75662,43,295586
1347,0.001103,74.125.200.0-255,5738,81400,43,295586
1348,0.001105,172.31.46.0-255,66,81466,43,295586
1349,0.00113,74.125.200.0-255,2902,84368,43,295586
1350,0.001132,172.31.46.0-255,66,84434,43,295586
1351,0.001149,74.125.200.0-255,7156,91590,43,295586
1352,0.001151,172.31.46.0-255,66,91656,43,295586
1353,0.001166,74.125.200.0-255,1484,93140,43,295586
1354,0.001186,172.31.46.0-255,66,93206,43,295586
1355,0.001271,74.125.200.0-255,1484,94690,43,295586
1356,0.001286,74.125.200.0-255,2902,97592,43,295586
1357,0.001289,172.31.46.0-255,66,97658,43,295586
1358,0.001299,74.125.200.0-255,1484,99142,43,295586
1359,0.001316,74.125.200.0-255,4320,103462,43,295586
1360,0.001318,172.31.46.0-255,66,103528,43,295586
1361,0.00132,74.125.200.0-255,1484,105012,43,295586
1362,0.001341,74.125.200.0-255,5738,110750,43,295586
1363,0.001343,172.31.46.0-255,66,110816,43,295586
1364,0.001349,74.125.200.0-255,5738,116554,43,295586
1365,0.001351,172.31.46.0-255,66,116620,43,295586
1366,0.001362,74.125.200.0-255,2902,119522,43,295586
1367,0.001363,172.31.46.0-255,66,119588,43,295586
1368,0.001398,172.31.46.0-255,66,119654,43,295586
1369,0.001595,74.125.200.0-255,1484,121138,43,295586
1370,0.001608,74.125.200.0-255,1484,122622,43,295586
1371,0.00161,172.31.46.0-255,66,122688,43,295586
1372,0.001628,74.125.200.0-255,1484,124172,43,295586
1373,0.001631,74.125.200.0-255,1484,125656,43,295586
1374,0.001632,172.31.46.0-255,66,125722,43,295586
1375,0.001636,74.125.200.0-255,2902,128624,43,295586
1376,0.001638,172.31.46.0-255,66,128690,43,295586
1377,0.00164,74.125.200.0-255,1484,130174,43,295586
1378,0.001656,74.125.200.0-255,4320,134494,43,295586
1379,0.001658,172.31.46.0-255,66,134560,43,295586
1380,0.001676,74.125.200.0-255,1484,136044,43,295586
1381,0.00169,74.125.200.0-255,1484,137528,43,295586
1382,0.001692,172.31.46.0-255,66,137594,43,295586
1383,0.001716,172.31.46.0-255,66,137660,43,295586
1384,0.001726,74.125.200.0-255,1484,139144,43,295586
1385,0.001745,74.125.200.0-255,5020,144164,43,295586
1386,0.001748,172.31.46.0-255,66,144230,43,295586
1387,0.002157,74.125.200.0-255,1484,145714,43,295586
1388,0.002162,74.125.200.0-255,2902,148616,43,295586
1389,0.002168,172.31.46.0-255,66,148682,43,295586
1390,0.002175,74.125.200.0-255,1484,150166,43,295586
1391,0.002189,74.125.200.0-255,2902,153068,43,295586
1392,0.002191,172.31.46.0-255,66,153134,43,295586
1393,0.002216,74.125.200.0-255,5738,158872,43,295586
1394,0.002219,172.31.46.0-255,66,158938,43,295586
1395,0.002223,74.125.200.0-255,2902,161840,43,295586
1396,0.002225,172.31.46.0-255,66,161906,43,295586
1397,0.002239,74.125.200.0-255,2902,164808,43,295586
1398,0.002241,172.31.46.0-255,66,164874,43,295586
1399,0.002244,74.125.200.0-255,1484,166358,43,295586
1400,0.00227,74.125.200.0-255,5738,172096,43,295586
1401,0.002273,172.31.46.0-255,66,172162,43,295586
1402,0.002277,74.125.200.0-255,2902,175064,43,295586
1403,0.002279,172.31.46.0-255,66,175130,43,295586
1404,0.002295,74.125.200.0-255,3602,178732,43,295586
1405,0.002297,172.31.46.0-255,66,178798,43,295586
1406,0.002405,74.125.200.0-255,1484,180282,43,295586
1407,0.00241,74.125.200.0-255,2902,183184,43,295586
1408,0.002413,172.31.46.0-255,66,183250,43,295586
1409,0.002432,74.125.200.0-255,2902,186152,43,295586
1410,0.002435,172.31.46.0-255,66,186218,43,295586
1411,0.002456,74.125.200.0-255,2902,189120,43,295586
1412,0.002458,172.31.46.0-255,66,189186,43,295586
1413,0.002465,74.125.200.0-255,7156,196342,43,295586
1414,0.002467,172.31.46.0-255,66,196408,43,295586
1415,0.002491,74.125.200.0-255,7156,203564,43,295586
1416,0.002494,172.31.46.0-255,66,203630,43,295586
1417,0.002518,74.125.200.0-255,7156,210786,43,295586
1418,0.002521,172.31.46.0-255,66,210852,43,295586
1419,0.002553,74.125.200.0-255,1484,212336,43,295586
1420,0.002564,74.125.200.0-255,766,213102,43,295586
1421,0.002566,172.31.46.0-255,66,213168,43,295586
1422,0.002606,74.125.200.0-255,1484,214652,43,295586
1423,0.00262,74.125.200.0-255,2902,217554,43,295586
1424,0.002622,172.31.46.0-255,66,217620,43,295586
1425,0.002638,74.125.200.0-255,1484,219104,43,295586
1426,0.002657,74.125.200.0-255,4320,223424,43,295586
1427,0.00266,172.31.46.0-255,66,223490,43,295586
1428,0.002671,74.125.200.0-255,7156,230646,43,295586
1429,0.002673,172.31.46.0-255,66,230712,43,295586
1430,0.002691,74.125.200.0-255,1484,232196,43,295586
1431,0.002704,74.125.200.0-255,4320,236516,43,295586
1432,0.002706,172.31.46.0-255,66,236582,43,295586
1433,0.002737,172.31.46.0-255,66,236648,43,295586
1434,0.002741,74.125.200.0-255,2184,238832,43,295586
1435,0.002743,172.31.46.0-255,66,238898,43,295586
1436,0.005437,74.125.200.0-255,5738,244636,43,295586
1437,0.005443,172.31.46.0-255,66,244702,43,295586
1438,0.008143,74.125.200.0-255,5738,250440,43,295586
1439,0.00815,172.31.46.0-255,66,250506,43,295586
1440,0.010862,74.125.200.0-255,5738,256244,43,295586
1441,0.010869,172.31.46.0-255,66,256310,43,295586
1442,0.013581,74.125.200.0-255,4320,260630,43,295586
1443,0.013588,172.31.46.0-255,66,260696,43,295586
1444,0.013607,74.125.200.0-255,1484,262180,43,295586
1445,0.016308,74.125.200.0-255,4320,266500,43,295586
1446,0.016315,172.31.46.0-255,66,266566,43,295586
1447,0.01903,74.125.200.0-255,5738,272304,43,295586
1448,0.019037,172.31.46.0-255,66,272370,43,295586
1449,0.021779,74.125.200.0-255,5738,278108,43,295586
1450,0.021787,172.31.46.0-255,66,278174,43,295586
1451,0.024503,74.125.200.0-255,5738,283912,43,295586
1452,0.024511,172.31.46.0-255,66,283978,43,295586
1453,0.027236,74.125.200.0-255,5738,289716,43,295586
1454,0.027243,172.31.46.0-255,66,289782,43,295586
1455,0.029972,74.125.200.0-255,5738,295520,43,295586
1456,0.029979,172.31.46.0-255,66,295586,43,295586
1457,0.0,74.125.200.0-255,147,147,43,315002
1458,2.3e-05,172.31.46.0-255,66,213,43,315002
1459,2.9e-05,74.125.200.0-255,1484,1697,43,315002
1460,3.4e-05,172.31.46.0-255,66,1763,43,315002
1461,3.9e-05,74.125.200.0-255,2902,4665,43,315002
1462,5.1e-05,172.31.46.0-255,66,4731,43,315002
1463,5.5e-05,74.125.200.0-255,2902,7633,43,315002
1464,5.8e-05,172.31.46.0-255,66,7699,43,315002
1465,6.4e-05,74.125.200.0-255,4320,12019,43,315002
1466,6.7e-05,172.31.46.0-255,66,12085,43,315002
1467,0.000119,172.31.46.0-255,66,12151,43,315002
1468,0.000124,74.125.200.0-255,4320,16471,43,315002
1469,0.000127,172.31.46.0-255,66,16537,43,315002
1470,0.000146,74.125.200.0-255,5379,21916,43,315002
1471,0.000152,172.31.46.0-255,66,21982,43,315002
1472,0.000223,74.125.200.0-255,1484,23466,43,315002
1473,0.000226,172.31.46.0-255,66,23532,43,315002
1474,0.000243,74.125.200.0-255,2902,26434,43,315002
1475,0.000245,172.31.46.0-255,66,26500,43,315002
1476,0.000251,74.125.200.0-255,4320,30820,43,315002
1477,0.000253,172.31.46.0-255,66,30886,43,315002
1478,0.000286,172.31.46.0-255,66,30952,43,315002
1479,0.000329,172.31.46.0-255,66,31018,43,315002
1480,0.000363,172.31.46.0-255,66,31084,43,315002
1481,0.000448,74.125.200.0-255,1484,32568,43,315002
1482,0.000452,172.31.46.0-255,66,32634,43,315002
1483,0.000457,74.125.200.0-255,2902,35536,43,315002
1484,0.000459,172.31.46.0-255,66,35602,43,315002
1485,0.000483,74.125.200.0-255,5738,41340,43,315002
1486,0.000486,172.31.46.0-255,66,41406,43,315002
1487,0.000529,172.31.46.0-255,66,41472,43,315002
1488,0.000535,74.125.200.0-255,5738,47210,43,315002
1489,0.000537,172.31.46.0-255,66,47276,43,315002
1490,0.000571,74.125.200.0-255,5738,53014,43,315002
1491,0.000574,172.31.46.0-255,66,53080,43,315002
1492,0.000577,74.125.200.0-255,1484,54564,43,315002
1493,0.000581,74.125.200.0-255,766,55330,43,315002
1494,0.000583,172.31.46.0-255,66,55396,43,315002
1495,0.000629,74.125.200.0-255,1484,56880,43,315002
1496,0.000642,74.125.200.0-255,1484,58364,43,315002
1497,0.000645,172.31.46.0-255,66,58430,43,315002
1498,0.000661,74.125.200.0-255,2902,61332,43,315002
1499,0.000664,172.31.46.0-255,66,61398,43,315002
1500,0.000667,74.125.200.0-255,1484,62882,43,315002
1501,0.000671,74.125.200.0-255,2902,65784,43,315002
1502,0.000673,172.31.46.0-255,66,65850,43,315002
1503,0.000698,74.125.200.0-255,5738,71588,43,315002
1504,0.000701,172.31.46.0-255,66,71654,43,315002
1505,0.000731,74.125.200.0-255,5738,77392,43,315002
1506,0.000734,172.31.46.0-255,66,77458,43,315002
1507,0.000746,74.125.200.0-255,2902,80360,43,315002
1508,0.000752,172.31.46.0-255,66,80426,43,315002
1509,0.000759,74.125.200.0-255,5738,86164,43,315002
1510,0.000762,172.31.46.0-255,66,86230,43,315002
1511,0.000783,74.125.200.0-255,1484,87714,43,315002
1512,0.000807,74.125.200.0-255,2184,89898,43,315002
1513,0.000811,172.31.46.0-255,66,89964,43,315002
1514,0.000838,74.125.200.0-255,2902,92866,43,315002
1515,0.00084,172.31.46.0-255,66,92932,43,315002
1516,0.000846,74.125.200.0-255,4320,97252,43,315002
1517,0.000849,172.31.46.0-255,66,97318,43,315002
1518,0.000881,74.125.200.0-255,2902,100220,43,315002
1519,0.000884,172.31.46.0-255,66,100286,43,315002
1520,0.00089,74.125.200.0-255,4320,104606,43,315002
1521,0.000892,172.31.46.0-255,66,104672,43,315002
1522,0.000898,74.125.200.0-255,5738,110410,43,315002
1523,0.000912,172.31.46.0-255,66,110476,43,315002
1524,0.00093,74.125.200.0-255,2902,113378,43,315002
1525,0.000934,74.125.200.0-255,1886,115264,43,315002
1526,0.000957,172.31.46.0-255,66,115330,43,315002
1527,0.001282,74.125.200.0-255,1484,116814,43,315002
1528,0.001304,74.125.200.0-255,2902,119716,43,315002
1529,0.001307,172.31.46.0-255,66,119782,43,315002
1530,0.001332,74.125.200.0-255,4320,124102,43,315002
1531,0.001335,172.31.46.0-255,66,124168,43,315002
1532,0.001341,74.125.200.0-255,5738,129906,43,315002
1533,0.001342,172.31.46.0-255,66,129972,43,315002
1534,0.001369,74.125.200.0-255,2902,132874,43,315002
1535,0.001372,172.31.46.0-255,66,132940,43,315002
1536,0.001398,74.125.200.0-255,7156,140096,43,315002
1537,0.0014,172.31.46.0-255,66,140162,43,315002
1538,0.001455,74.125.200.0-255,5738,145900,43,315002
1539,0.001459,172.31.46.0-255,66,145966,43,315002
1540,0.001475,74.125.200.0-255,3602,149568,43,315002
1541,0.001478,74.125.200.0-255,1484,151052,43,315002
1542,0.001489,74.125.200.0-255,2902,153954,43,315002
1543,0.001501,172.31.46.0-255,66,154020,43,315002
1544,0.001511,74.125.200.0-255,5738,159758,43,315002
1545,0.001519,74.125.200.0-255,2902,162660,43,315002
1546,0.001523,172.31.46.0-255,66,162726,43,315002
1547,0.001567,172.31.46.0-255,66,162792,43,315002
1548,0.001577,74.125.200.0-255,4320,167112,43,315002
1549,0.001597,74.125.200.0-255,6438,173550,43,315002
1550,0.001605,172.31.46.0-255,66,173616,43,315002
1551,0.001717,74.125.200.0-255,1484,175100,43,315002
1552,0.001729,74.125.200.0-255,2902,178002,43,315002
1553,0.001743,172.31.46.0-255,66,178068,43,315002
1554,0.00175,74.125.200.0-255,1484,179552,43,315002
1555,0.001767,74.125.200.0-255,4320,183872,43,315002
1556,0.001778,74.125.200.0-255,5738,189610,43,315002
1557,0.001792,172.31.46.0-255,66,189676,43,315002
1558,0.001809,74.125.200.0-255,5738,195414,43,315002
1559,0.001821,74.125.200.0-255,1484,196898,43,315002
1560,0.001827,74.125.200.0-255,4320,201218,43,315002
1561,0.001829,74.125.200.0-255,1484,202702,43,315002
1562,0.001835,172.31.46.0-255,66,202768,43,315002
1563,0.001846,74.125.200.0-255,4320,207088,43,315002
1564,0.001852,74.125.200.0-255,766,207854,43,315002
1565,0.001869,172.31.46.0-255,66,207920,43,315002
1566,0.001944,74.125.200.0-255,1484,209404,43,315002
1567,0.001965,74.125.200.0-255,2902,212306,43,315002
1568,0.001971,74.125.200.0-255,5738,218044,43,315002
1569,0.001975,74.125.200.0-255,2902,220946,43,315002
1570,0.001986,172.31.46.0-255,66,221012,43,315002
1571,0.001996,74.125.200.0-255,4320,225332,43,315002
1572,0.002011,172.31.46.0-255,66,225398,43,315002
1573,0.002035,74.125.200.0-255,4320,229718,43,315002
1574,0.002047,74.125.200.0-255,2902,232620,43,315002
1575,0.002053,172.31.46.0-255,66,232686,43,315002
1576,0.002063,74.125.200.0-255,1484,234170,43,315002
1577,0.002085,74.125.200.0-255,6438,240608,43,315002
1578,0.002088,74.125.200.0-255,1484,242092,43,315002
1579,0.002099,74.125.200.0-255,1484,243576,43,315002
1580,0.002106,172.31.46.0-255,66,243642,43,315002
1581,0.002135,74.125.200.0-255,5738,249380,43,315002
1582,0.002148,74.125.200.0-255,4320,253700,43,315002
1583,0.002159,172.31.46.0-255,66,253766,43,315002
1584,0.002163,74.125.200.0-255,2902,256668,43,315002
1585,0.002168,74.125.200.0-255,5738,262406,43,315002
1586,0.002177,172.31.46.0-255,66,262472,43,315002
1587,0.002205,74.125.200.0-255,6438,268910,43,315002
1588,0.00221,74.125.200.0-255,5738,274648,43,315002
1589,0.002216,74.125.200.0-255,7156,281804,43,315002
1590,0.002225,74.125.200.0-255,1484,283288,43,315002
1591,0.002252,172.31.46.0-255,66,283354,43,315002
1592,0.002286,74.125.200.0-255,4320,287674,43,315002
1593,0.002292,172.31.46.0-255,66,287740,43,315002
1594,0.002309,74.125.200.0-255,7156,294896,43,315002
1595,0.002321,74.125.200.0-255,3602,298498,43,315002
1596,0.002361,74.125.200.0-255,4320,302818,43,315002
1597,0.002367,172.31.46.0-255,66,302884,43,315002
1598,0.002392,74.125.200.0-255,5738,308622,43,315002
1599,0.002397,74.125.200.0-255,2902,311524,43,315002
1600,0.0024,74.125.200.0-255,1484,313008,43,315002
1601,0.002402,74.125.200.0-255,209,313217,43,315002
1602,0.002404,74.125.200.0-255,97,313314,43,315002
1603,0.002421,172.31.46.0-255,66,313380,43,315002
1604,0.002503,74.125.200.0-255,105,313485,43,315002
1605,0.004307,172.31.46.0-255,66,313551,43,315002
1606,0.00434,172.31.46.0-255,105,313656,43,315002
1607,0.00664,74.125.200.0-255,66,313722,43,315002
1608,0.029956,172.31.46.0-255,172,313894,43,315002
1609,0.029984,172.31.46.0-255,1108,315002,43,315002
1610,0.0,172.31.46.0-255,105,105,43,276
1611,0.001789,157.240.25.0-255,105,210,43,276
1612,0.001805,172.31.46.0-255,66,276,43,276
1613,0.0,74.125.24.0-255,153,153,43,203172
1614,1.5e-05,172.31.46.0-255,66,219,43,203172
1615,2.2e-05,74.125.24.0-255,1484,1703,43,203172
1616,2.6e-05,172.31.46.0-255,66,1769,43,203172
1617,6.8e-05,74.125.24.0-255,2902,4671,43,203172
1618,7.1e-05,172.31.46.0-255,66,4737,43,203172
1619,7.9e-05,74.125.24.0-255,7156,11893,43,203172
1620,8.2e-05,172.31.46.0-255,66,11959,43,203172
1621,0.000128,74.125.24.0-255,1985,13944,43,203172
1622,0.000131,172.31.46.0-255,66,14010,43,203172
1623,0.000153,74.125.24.0-255,2902,16912,43,203172
1624,0.000155,172.31.46.0-255,66,16978,43,203172
1625,0.000182,74.125.24.0-255,1484,18462,43,203172
1626,0.000184,172.31.46.0-255,66,18528,43,203172
1627,0.000204,74.125.24.0-255,5738,24266,43,203172
1628,0.000206,172.31.46.0-255,66,24332,43,203172
1629,0.000275,74.125.24.0-255,2902,27234,43,203172
1630,0.000278,172.31.46.0-255,66,27300,43,203172
1631,0.000304,74.125.24.0-255,3961,31261,43,203172
1632,0.000308,172.31.46.0-255,66,31327,43,203172
1633,0.000402,74.125.24.0-255,1484,32811,43,203172
1634,0.000406,172.31.46.0-255,66,32877,43,203172
1635,0.000436,74.125.24.0-255,1484,34361,43,203172
1636,0.000439,172.31.46.0-255,66,34427,43,203172
1637,0.000443,74.125.24.0-255,2902,37329,43,203172
1638,0.000445,172.31.46.0-255,66,37395,43,203172
1639,0.00045,74.125.24.0-255,2902,40297,43,203172
1640,0.000452,172.31.46.0-255,66,40363,43,203172
1641,0.00047,74.125.24.0-255,2902,43265,43,203172
1642,0.000477,172.31.46.0-255,66,43331,43,203172
1643,0.000525,74.125.24.0-255,4320,47651,43,203172
1644,0.000528,172.31.46.0-255,66,47717,43,203172
1645,0.000546,74.125.24.0-255,3961,51678,43,203172
1646,0.000574,172.31.46.0-255,66,51744,43,203172
1647,0.000621,74.125.24.0-255,2902,54646,43,203172
1648,0.000634,172.31.46.0-255,66,54712,43,203172
1649,0.000653,172.31.46.0-255,66,54778,43,203172
1650,0.000662,74.125.24.0-255,2854,57632,43,203172
1651,0.000689,172.31.46.0-255,66,57698,43,203172
1652,0.000772,74.125.24.0-255,375,58073,43,203172
1653,0.001123,74.125.24.0-255,1484,59557,43,203172
1654,0.001128,172.31.46.0-255,66,59623,43,203172
1655,0.001133,74.125.24.0-255,2902,62525,43,203172
1656,0.001159,74.125.24.0-255,5738,68263,43,203172
1657,0.001162,172.31.46.0-255,66,68329,43,203172
1658,0.001172,172.31.46.0-255,66,68395,43,203172
1659,0.001215,74.125.24.0-255,5738,74133,43,203172
1660,0.001229,74.125.24.0-255,1484,75617,43,203172
1661,0.001233,172.31.46.0-255,66,75683,43,203172
1662,0.001291,74.125.24.0-255,7156,82839,43,203172
1663,0.001313,74.125.24.0-255,7156,89995,43,203172
1664,0.001445,74.125.24.0-255,2184,92179,43,203172
1665,0.001464,74.125.24.0-255,2902,95081,43,203172
1666,0.001499,74.125.24.0-255,5738,100819,43,203172
1667,0.001509,74.125.24.0-255,1484,102303,43,203172
1668,0.001583,74.125.24.0-255,2902,105205,43,203172
1669,0.001855,74.125.24.0-255,2902,108107,43,203172
1670,0.001874,74.125.24.0-255,5738,113845,43,203172
1671,0.001968,74.125.24.0-255,4320,118165,43,203172
1672,0.002184,74.125.24.0-255,5738,123903,43,203172
1673,0.002244,74.125.24.0-255,766,124669,43,203172
1674,0.002361,74.125.24.0-255,5738,130407,43,203172
1675,0.002581,74.125.24.0-255,4320,134727,43,203172
1676,0.00264,74.125.24.0-255,2184,136911,43,203172
1677,0.002952,74.125.24.0-255,2902,139813,43,203172
1678,0.002975,74.125.24.0-255,5020,144833,43,203172
1679,0.005602,172.31.46.0-255,66,144899,43,203172
1680,0.007964,74.125.24.0-255,5738,150637,43,203172
1681,0.007971,172.31.46.0-255,66,150703,43,203172
1682,0.010316,74.125.24.0-255,5738,156441,43,203172
1683,0.010323,172.31.46.0-255,66,156507,43,203172
1684,0.012675,74.125.24.0-255,5738,162245,43,203172
1685,0.012684,172.31.46.0-255,66,162311,43,203172
1686,0.015046,74.125.24.0-255,5738,168049,43,203172
1687,0.015054,172.31.46.0-255,66,168115,43,203172
1688,0.017394,74.125.24.0-255,5738,173853,43,203172
1689,0.017402,172.31.46.0-255,66,173919,43,203172
1690,0.019768,74.125.24.0-255,5738,179657,43,203172
1691,0.019776,172.31.46.0-255,66,179723,43,203172
1692,0.022102,74.125.24.0-255,5738,185461,43,203172
1693,0.022111,172.31.46.0-255,66,185527,43,203172
1694,0.022195,172.31.46.0-255,101,185628,43,203172
1695,0.024462,74.125.24.0-255,5738,191366,43,203172
1696,0.02447,172.31.46.0-255,66,191432,43,203172
1697,0.024496,74.125.24.0-255,66,191498,43,203172
1698,0.026807,74.125.24.0-255,5738,197236,43,203172
1699,0.026814,172.31.46.0-255,66,197302,43,203172
1700,0.029192,74.125.24.0-255,4320,201622,43,203172
1701,0.029198,172.31.46.0-255,66,201688,43,203172
1702,0.029227,74.125.24.0-255,1484,203172,43,203172
1703,0.0,74.125.24.0-255,150,150,43,161436
1704,2.3e-05,172.31.46.0-255,66,216,43,161436
1705,3e-05,74.125.24.0-255,1484,1700,43,161436
1706,3.5e-05,172.31.46.0-255,66,1766,43,161436
1707,3.9e-05,74.125.24.0-255,1484,3250,43,161436
1708,5e-05,172.31.46.0-255,66,3316,43,161436
1709,5.9e-05,74.125.24.0-255,4320,7636,43,161436
1710,6.2e-05,172.31.46.0-255,66,7702,43,161436
1711,8.8e-05,74.125.24.0-255,4320,12022,43,161436
1712,9.5e-05,172.31.46.0-255,66,12088,43,161436
1713,0.000122,74.125.24.0-255,4865,16953,43,161436
1714,0.000125,172.31.46.0-255,66,17019,43,161436
1715,0.000132,74.125.24.0-255,5738,22757,43,161436
1716,0.000135,172.31.46.0-255,66,22823,43,161436
1717,0.000165,74.125.24.0-255,4320,27143,43,161436
1718,0.000168,172.31.46.0-255,66,27209,43,161436
1719,0.000173,74.125.24.0-255,3961,31170,43,161436
1720,0.000176,172.31.46.0-255,66,31236,43,161436
1721,0.000257,74.125.24.0-255,1484,32720,43,161436
1722,0.00026,172.31.46.0-255,66,32786,43,161436
1723,0.000265,74.125.24.0-255,2902,35688,43,161436
1724,0.000268,172.31.46.0-255,66,35754,43,161436
1725,0.000273,74.125.24.0-255,2902,38656,43,161436
1726,0.000279,172.31.46.0-255,66,38722,43,161436
1727,0.000302,74.125.24.0-255,2902,41624,43,161436
1728,0.000305,172.31.46.0-255,66,41690,43,161436
1729,0.000309,74.125.24.0-255,2902,44592,43,161436
1730,0.000312,172.31.46.0-255,66,44658,43,161436
1731,0.000361,172.31.46.0-255,66,44724,43,161436
1732,0.000372,172.31.46.0-255,66,44790,43,161436
1733,0.000432,74.125.24.0-255,2563,47353,43,161436
1734,0.000436,172.31.46.0-255,66,47419,43,161436
1735,0.000881,74.125.24.0-255,1484,48903,43,161436
1736,0.000888,74.125.24.0-255,2902,51805,43,161436
1737,0.000903,172.31.46.0-255,66,51871,43,161436
1738,0.000908,74.125.24.0-255,1484,53355,43,161436
1739,0.000934,74.125.24.0-255,4320,57675,43,161436
1740,0.000936,172.31.46.0-255,66,57741,43,161436
1741,0.000945,74.125.24.0-255,7156,64897,43,161436
1742,0.000947,172.31.46.0-255,66,64963,43,161436
1743,0.000976,74.125.24.0-255,5738,70701,43,161436
1744,0.000978,172.31.46.0-255,66,70767,43,161436
1745,0.000982,74.125.24.0-255,1484,72251,43,161436
1746,0.001015,74.125.24.0-255,4320,76571,43,161436
1747,0.001019,172.31.46.0-255,66,76637,43,161436
1748,0.00105,74.125.24.0-255,5020,81657,43,161436
1749,0.001054,172.31.46.0-255,66,81723,43,161436
1750,0.00137,74.125.24.0-255,329,82052,43,161436
1751,0.001376,74.125.24.0-255,1484,83536,43,161436
1752,0.00138,172.31.46.0-255,66,83602,43,161436
1753,0.001385,74.125.24.0-255,2902,86504,43,161436
1754,0.001387,172.31.46.0-255,66,86570,43,161436
1755,0.001391,74.125.24.0-255,1484,88054,43,161436
1756,0.001428,74.125.24.0-255,4320,92374,43,161436
1757,0.00143,172.31.46.0-255,66,92440,43,161436
1758,0.001437,74.125.24.0-255,5738,98178,43,161436
1759,0.001439,172.31.46.0-255,66,98244,43,161436
1760,0.001455,172.31.46.0-255,66,98310,43,161436
1761,0.001461,74.125.24.0-255,5020,103330,43,161436
1762,0.001463,172.31.46.0-255,66,103396,43,161436
1763,0.004097,74.125.24.0-255,5738,109134,43,161436
1764,0.004111,172.31.46.0-255,66,109200,43,161436
1765,0.006728,74.125.24.0-255,5738,114938,43,161436
1766,0.006741,172.31.46.0-255,66,115004,43,161436
1767,0.009345,74.125.24.0-255,5738,120742,43,161436
1768,0.009351,172.31.46.0-255,66,120808,43,161436
1769,0.011962,74.125.24.0-255,5738,126546,43,161436
1770,0.011977,172.31.46.0-255,66,126612,43,161436
1771,0.014603,74.125.24.0-255,5738,132350,43,161436
1772,0.014616,172.31.46.0-255,66,132416,43,161436
1773,0.017196,74.125.24.0-255,5738,138154,43,161436
1774,0.017209,172.31.46.0-255,66,138220,43,161436
1775,0.019814,74.125.24.0-255,5738,143958,43,161436
1776,0.019831,172.31.46.0-255,66,144024,43,161436
1777,0.022457,74.125.24.0-255,5738,149762,43,161436
1778,0.022474,172.31.46.0-255,66,149828,43,161436
1779,0.025103,74.125.24.0-255,5738,155566,43,161436
1780,0.025121,172.31.46.0-255,66,155632,43,161436
1781,0.027732,74.125.24.0-255,5738,161370,43,161436
1782,0.027742,172.31.46.0-255,66,161436,43,161436
1783,0.0,74.125.200.0-255,148,148,43,335826
1784,2.4e-05,172.31.46.0-255,66,214,43,335826
1785,3.1e-05,74.125.200.0-255,1484,1698,43,335826
1786,3.7e-05,172.31.46.0-255,66,1764,43,335826
1787,5e-05,74.125.200.0-255,2902,4666,43,335826
1788,5.4e-05,172.31.46.0-255,66,4732,43,335826
1789,6.2e-05,74.125.200.0-255,7156,11888,43,335826
1790,6.5e-05,172.31.46.0-255,66,11954,43,335826
1791,6.9e-05,74.125.200.0-255,2131,14085,43,335826
1792,7.3e-05,172.31.46.0-255,66,14151,43,335826
1793,7.7e-05,74.125.200.0-255,2902,17053,43,335826
1794,8e-05,172.31.46.0-255,66,17119,43,335826
1795,8.6e-05,74.125.200.0-255,4320,21439,43,335826
1796,8.9e-05,172.31.46.0-255,66,21505,43,335826
1797,0.000126,74.125.200.0-255,2902,24407,43,335826
1798,0.000129,172.31.46.0-255,66,24473,43,335826
1799,0.000137,74.125.200.0-255,6797,31270,43,335826
1800,0.00014,172.31.46.0-255,66,31336,43,335826
1801,0.000198,74.125.200.0-255,1484,32820,43,335826
1802,0.000201,172.31.46.0-255,66,32886,43,335826
1803,0.000206,74.125.200.0-255,2902,35788,43,335826
1804,0.000208,172.31.46.0-255,66,35854,43,335826
1805,0.000214,74.125.200.0-255,5738,41592,43,335826
1806,0.000221,172.31.46.0-255,66,41658,43,335826
1807,0.000224,74.125.200.0-255,1484,43142,43,335826
1808,0.000226,172.31.46.0-255,66,43208,43,335826
1809,0.000254,74.125.200.0-255,5379,48587,43,335826
1810,0.000257,172.31.46.0-255,66,48653,43,335826
1811,0.000566,74.125.200.0-255,1484,50137,43,335826
1812,0.000572,172.31.46.0-255,66,50203,43,335826
1813,0.000578,74.125.200.0-255,2902,53105,43,335826
1814,0.000581,172.31.46.0-255,66,53171,43,335826
1815,0.000586,74.125.200.0-255,2902,56073,43,335826
1816,0.000593,172.31.46.0-255,66,56139,43,335826
1817,0.000614,74.125.200.0-255,2902,59041,43,335826
1818,0.000617,172.31.46.0-255,66,59107,43,335826
1819,0.000624,74.125.200.0-255,6797,65904,43,335826
1820,0.000627,172.31.46.0-255,66,65970,43,335826
1821,0.000731,74.125.200.0-255,1484,67454,43,335826
1822,0.000738,74.125.200.0-255,2902,70356,43,335826
1823,0.000741,172.31.46.0-255,66,70422,43,335826
1824,0.000764,74.125.200.0-255,5738,76160,43,335826
1825,0.000767,172.31.46.0-255,66,76226,43,335826
1826,0.000817,74.125.200.0-255,4320,80546,43,335826
1827,0.000821,172.31.46.0-255,66,80612,43,335826
1828,0.000847,74.125.200.0-255,2543,83155,43,335826
1829,0.00085,172.31.46.0-255,66,83221,43,335826
1830,0.001149,74.125.200.0-255,1484,84705,43,335826
1831,0.001155,74.125.200.0-255,1484,86189,43,335826
1832,0.001158,172.31.46.0-255,66,86255,43,335826
1833,0.001185,74.125.200.0-255,1484,87739,43,335826
1834,0.00119,74.125.200.0-255,4320,92059,43,335826
1835,0.001195,172.31.46.0-255,66,92125,43,335826
1836,0.001226,172.31.46.0-255,66,92191,43,335826
1837,0.001233,74.125.200.0-255,7156,99347,43,335826
1838,0.001236,172.31.46.0-255,66,99413,43,335826
1839,0.001247,172.31.46.0-255,66,99479,43,335826
1840,0.00125,74.125.200.0-255,766,100245,43,335826
1841,0.001664,172.31.46.0-255,66,100311,43,335826
1842,0.002215,74.125.200.0-255,1484,101795,43,335826
1843,0.002227,74.125.200.0-255,2902,104697,43,335826
1844,0.002232,172.31.46.0-255,66,104763,43,335826
1845,0.002241,74.125.200.0-255,5738,110501,43,335826
1846,0.002243,172.31.46.0-255,66,110567,43,335826
1847,0.002254,74.125.200.0-255,4320,114887,43,335826
1848,0.002256,172.31.46.0-255,66,114953,43,335826
1849,0.002295,74.125.200.0-255,5738,120691,43,335826
1850,0.002298,172.31.46.0-255,66,120757,43,335826
1851,0.00231,172.31.46.0-255,66,120823,43,335826
1852,0.002337,74.125.200.0-255,1484,122307,43,335826
1853,0.00234,74.125.200.0-255,1484,123791,43,335826
1854,0.002342,172.31.46.0-255,66,123857,43,335826
1855,0.002345,74.125.200.0-255,766,124623,43,335826
1856,0.002691,74.125.200.0-255,1484,126107,43,335826
1857,0.002696,172.31.46.0-255,66,126173,43,335826
1858,0.002716,74.125.200.0-255,2902,129075,43,335826
1859,0.002718,172.31.46.0-255,66,129141,43,335826
1860,0.002724,74.125.200.0-255,4320,133461,43,335826
1861,0.002726,172.31.46.0-255,66,133527,43,335826
1862,0.002759,74.125.200.0-255,5738,139265,43,335826
1863,0.002761,172.31.46.0-255,66,139331,43,335826
1864,0.00279,74.125.200.0-255,2902,142233,43,335826
1865,0.002793,172.31.46.0-255,66,142299,43,335826
1866,0.002797,74.125.200.0-255,2902,145201,43,335826
1867,0.0028,172.31.46.0-255,66,145267,43,335826
1868,0.002805,74.125.200.0-255,4320,149587,43,335826
1869,0.002812,172.31.46.0-255,66,149653,43,335826
1870,0.002822,172.31.46.0-255,66,149719,43,335826
1871,0.002825,74.125.200.0-255,766,150485,43,335826
1872,0.0029,74.125.200.0-255,1484,151969,43,335826
1873,0.002903,172.31.46.0-255,66,152035,43,335826
1874,0.002929,74.125.200.0-255,1484,153519,43,335826
1875,0.002941,74.125.200.0-255,1484,155003,43,335826
1876,0.002943,172.31.46.0-255,66,155069,43,335826
1877,0.00297,74.125.200.0-255,2902,157971,43,335826
1878,0.002972,172.31.46.0-255,66,158037,43,335826
1879,0.002975,74.125.200.0-255,1484,159521,43,335826
1880,0.002999,74.125.200.0-255,2902,162423,43,335826
1881,0.003001,172.31.46.0-255,66,162489,43,335826
1882,0.003008,74.125.200.0-255,7156,169645,43,335826
1883,0.003011,172.31.46.0-255,66,169711,43,335826
1884,0.003043,74.125.200.0-255,1484,171195,43,335826
1885,0.003051,74.125.200.0-255,7156,178351,43,335826
1886,0.003053,172.31.46.0-255,66,178417,43,335826
1887,0.003079,74.125.200.0-255,6438,184855,43,335826
1888,0.003081,172.31.46.0-255,66,184921,43,335826
1889,0.003377,74.125.200.0-255,1484,186405,43,335826
1890,0.003386,74.125.200.0-255,2902,189307,43,335826
1891,0.003391,172.31.46.0-255,66,189373,43,335826
1892,0.003395,74.125.200.0-255,1484,190857,43,335826
1893,0.003419,74.125.200.0-255,4320,195177,43,335826
1894,0.003422,172.31.46.0-255,66,195243,43,335826
1895,0.003449,74.125.200.0-255,4320,199563,43,335826
1896,0.003452,172.31.46.0-255,66,199629,43,335826
1897,0.003455,74.125.200.0-255,1484,201113,43,335826
1898,0.003485,74.125.200.0-255,4320,205433,43,335826
1899,0.003489,172.31.46.0-255,66,205499,43,335826
1900,0.003493,74.125.200.0-255,2902,208401,43,335826
1901,0.003495,172.31.46.0-255,66,208467,43,335826
1902,0.003505,74.125.200.0-255,4320,212787,43,335826
1903,0.003508,172.31.46.0-255,66,212853,43,335826
1904,0.00352,74.125.200.0-255,6438,219291,43,335826
1905,0.003523,172.31.46.0-255,66,219357,43,335826
1906,0.003646,74.125.200.0-255,1484,220841,43,335826
1907,0.003652,74.125.200.0-255,2902,223743,43,335826
1908,0.003655,172.31.46.0-255,66,223809,43,335826
1909,0.003682,74.125.200.0-255,4320,228129,43,335826
1910,0.003686,172.31.46.0-255,66,228195,43,335826
1911,0.003714,74.125.200.0-255,5738,233933,43,335826
1912,0.003718,172.31.46.0-255,66,233999,43,335826
1913,0.00376,74.125.200.0-255,766,234765,43,335826
1914,0.003854,74.125.200.0-255,1484,236249,43,335826
1915,0.003858,74.125.200.0-255,1484,237733,43,335826
1916,0.003873,74.125.200.0-255,1484,239217,43,335826
1917,0.003876,74.125.200.0-255,1484,240701,43,335826
1918,0.00388,74.125.200.0-255,2902,243603,43,335826
1919,0.003896,74.125.200.0-255,1484,245087,43,335826
1920,0.003917,74.125.200.0-255,4320,249407,43,335826
1921,0.003955,74.125.200.0-255,1484,250891,43,335826
1922,0.00398,74.125.200.0-255,2902,253793,43,335826
1923,0.003993,74.125.200.0-255,4320,258113,43,335826
1924,0.004006,74.125.200.0-255,2184,260297,43,335826
1925,0.004018,74.125.200.0-255,4320,264617,43,335826
1926,0.004041,74.125.200.0-255,5738,270355,43,335826
1927,0.004047,74.125.200.0-255,4320,274675,43,335826
1928,0.004095,74.125.200.0-255,7156,281831,43,335826
1929,0.004114,74.125.200.0-255,7156,288987,43,335826
1930,0.00414,74.125.200.0-255,5738,294725,43,335826
1931,0.004168,74.125.200.0-255,6438,301163,43,335826
1932,0.004175,74.125.200.0-255,5738,306901,43,335826
1933,0.004201,74.125.200.0-255,7156,314057,43,335826
1934,0.004206,74.125.200.0-255,4320,318377,43,335826
1935,0.004232,74.125.200.0-255,2902,321279,43,335826
1936,0.004252,74.125.200.0-255,6438,327717,43,335826
1937,0.004288,74.125.200.0-255,7113,334830,43,335826
1938,0.004329,74.125.200.0-255,105,334935,43,335826
1939,0.004349,74.125.200.0-255,129,335064,43,335826
1940,0.009425,172.31.46.0-255,66,335130,43,335826
1941,0.011584,172.31.46.0-255,105,335235,43,335826
1942,0.011621,172.31.46.0-255,105,335340,43,335826
1943,0.011883,172.31.46.0-255,90,335430,43,335826
1944,0.011892,172.31.46.0-255,66,335496,43,335826
1945,0.013902,74.125.200.0-255,66,335562,43,335826
1946,0.013928,74.125.200.0-255,66,335628,43,335826
1947,0.014184,74.125.200.0-255,66,335694,43,335826
1948,0.014215,74.125.200.0-255,66,335760,43,335826
1949,0.014222,172.31.46.0-255,66,335826,43,335826
1950,0.0,74.125.68.0-255,153,153,43,202000
1951,1.6e-05,172.31.46.0-255,66,219,43,202000
1952,2.2e-05,74.125.68.0-255,1484,1703,43,202000
1953,2.6e-05,172.31.46.0-255,66,1769,43,202000
1954,3.1e-05,74.125.68.0-255,2902,4671,43,202000
1955,3.5e-05,172.31.46.0-255,66,4737,43,202000
1956,4.2e-05,74.125.68.0-255,4320,9057,43,202000
1957,4.5e-05,172.31.46.0-255,66,9123,43,202000
1958,7.1e-05,74.125.68.0-255,4903,14026,43,202000
1959,7.5e-05,172.31.46.0-255,66,14092,43,202000
1960,8.9e-05,74.125.68.0-255,1484,15576,43,202000
1961,9.2e-05,172.31.46.0-255,66,15642,43,202000
1962,0.000111,74.125.68.0-255,7156,22798,43,202000
1963,0.000114,172.31.46.0-255,66,22864,43,202000
1964,0.000136,74.125.68.0-255,2902,25766,43,202000
1965,0.000138,172.31.46.0-255,66,25832,43,202000
1966,0.000161,74.125.68.0-255,5379,31211,43,202000
1967,0.000164,172.31.46.0-255,66,31277,43,202000
1968,0.000213,74.125.68.0-255,1484,32761,43,202000
1969,0.000215,172.31.46.0-255,66,32827,43,202000
1970,0.000219,74.125.68.0-255,1484,34311,43,202000
1971,0.000221,172.31.46.0-255,66,34377,43,202000
1972,0.000233,74.125.68.0-255,1484,35861,43,202000
1973,0.000236,172.31.46.0-255,66,35927,43,202000
1974,0.00024,74.125.68.0-255,2902,38829,43,202000
1975,0.000243,172.31.46.0-255,66,38895,43,202000
1976,0.000276,74.125.68.0-255,2902,41797,43,202000
1977,0.000279,172.31.46.0-255,66,41863,43,202000
1978,0.000286,74.125.68.0-255,7156,49019,43,202000
1979,0.000288,172.31.46.0-255,66,49085,43,202000
1980,0.000294,74.125.68.0-255,5738,54823,43,202000
1981,0.000297,172.31.46.0-255,66,54889,43,202000
1982,0.000324,74.125.68.0-255,7156,62045,43,202000
1983,0.000327,172.31.46.0-255,66,62111,43,202000
1984,0.000348,74.125.68.0-255,3899,66010,43,202000
1985,0.00035,172.31.46.0-255,66,66076,43,202000
1986,0.000598,74.125.68.0-255,133,66209,43,202000
1987,0.000734,74.125.68.0-255,345,66554,43,202000
1988,0.000958,74.125.68.0-255,1484,68038,43,202000
1989,0.000963,172.31.46.0-255,66,68104,43,202000
1990,0.000969,74.125.68.0-255,2902,71006,43,202000
1991,0.000971,172.31.46.0-255,66,71072,43,202000
1992,0.000974,74.125.68.0-255,1484,72556,43,202000
1993,0.000997,74.125.68.0-255,4320,76876,43,202000
1994,0.001,172.31.46.0-255,66,76942,43,202000
1995,0.001006,74.125.68.0-255,4320,81262,43,202000
1996,0.001008,172.31.46.0-255,66,81328,43,202000
1997,0.001019,74.125.68.0-255,1484,82812,43,202000
1998,0.001022,74.125.68.0-255,2902,85714,43,202000
1999,0.001027,172.31.46.0-255,66,85780,43,202000
2000,0.001047,74.125.68.0-255,4320,90100,43,202000
2001,0.001049,172.31.46.0-255,66,90166,43,202000
2002,0.001054,74.125.68.0-255,2902,93068,43,202000
2003,0.001056,172.31.46.0-255,66,93134,43,202000
2004,0.001075,172.31.46.0-255,66,93200,43,202000
2005,0.001588,74.125.68.0-255,1484,94684,43,202000
2006,0.001599,74.125.68.0-255,2902,97586,43,202000
2007,0.001603,172.31.46.0-255,66,97652,43,202000
2008,0.001608,74.125.68.0-255,1484,99136,43,202000
2009,0.001626,74.125.68.0-255,2902,102038,43,202000
2010,0.001628,172.31.46.0-255,66,102104,43,202000
2011,0.001659,172.31.46.0-255,66,102170,43,202000
2012,0.001665,74.125.68.0-255,4320,106490,43,202000
2013,0.001667,172.31.46.0-255,66,106556,43,202000
2014,0.001675,74.125.68.0-255,5738,112294,43,202000
2015,0.001677,172.31.46.0-255,66,112360,43,202000
2016,0.001718,74.125.68.0-255,6438,118798,43,202000
2017,0.001722,172.31.46.0-255,66,118864,43,202000
2018,0.002436,74.125.68.0-255,1484,120348,43,202000
2019,0.002444,74.125.68.0-255,2902,123250,43,202000
2020,0.002449,172.31.46.0-255,66,123316,43,202000
2021,0.002453,74.125.68.0-255,1484,124800,43,202000
2022,0.002467,74.125.68.0-255,2902,127702,43,202000
2023,0.002469,172.31.46.0-255,66,127768,43,202000
2024,0.002473,74.125.68.0-255,1484,129252,43,202000
2025,0.002493,74.125.68.0-255,4320,133572,43,202000
2026,0.002495,172.31.46.0-255,66,133638,43,202000
2027,0.002498,74.125.68.0-255,1484,135122,43,202000
2028,0.002515,74.125.68.0-255,5738,140860,43,202000
2029,0.002518,172.31.46.0-255,66,140926,43,202000
2030,0.002538,74.125.68.0-255,2902,143828,43,202000
2031,0.00254,172.31.46.0-255,66,143894,43,202000
2032,0.002595,172.31.46.0-255,66,143960,43,202000
2033,0.005182,74.125.68.0-255,5738,149698,43,202000
2034,0.005189,172.31.46.0-255,66,149764,43,202000
2035,0.007786,74.125.68.0-255,5738,155502,43,202000
2036,0.007799,172.31.46.0-255,66,155568,43,202000
2037,0.010399,74.125.68.0-255,5738,161306,43,202000
2038,0.010418,172.31.46.0-255,66,161372,43,202000
2039,0.013026,74.125.68.0-255,5738,167110,43,202000
2040,0.013042,172.31.46.0-255,66,167176,43,202000
2041,0.015646,74.125.68.0-255,5738,172914,43,202000
2042,0.01566,172.31.46.0-255,66,172980,43,202000
2043,0.018275,74.125.68.0-255,5738,178718,43,202000
2044,0.018294,172.31.46.0-255,66,178784,43,202000
2045,0.020912,74.125.68.0-255,5738,184522,43,202000
2046,0.020931,172.31.46.0-255,66,184588,43,202000
2047,0.023532,74.125.68.0-255,5738,190326,43,202000
2048,0.023549,172.31.46.0-255,66,190392,43,202000
2049,0.02616,74.125.68.0-255,5738,196130,43,202000
2050,0.026176,172.31.46.0-255,66,196196,43,202000
2051,0.02879,74.125.68.0-255,5738,201934,43,202000
2052,0.02881,172.31.46.0-255,66,202000,43,202000
2053,0.0,74.125.200.0-255,290,290,43,328579
2054,1.5e-05,172.31.46.0-255,66,356,43,328579
2055,2.1e-05,74.125.200.0-255,1484,1840,43,328579
2056,2.5e-05,172.31.46.0-255,66,1906,43,328579
2057,6.3e-05,74.125.200.0-255,4320,6226,43,328579
2058,6.6e-05,172.31.46.0-255,66,6292,43,328579
2059,7.1e-05,74.125.200.0-255,2902,9194,43,328579
2060,7.4e-05,172.31.46.0-255,66,9260,43,328579
2061,8.1e-05,74.125.200.0-255,4320,13580,43,328579
2062,8.4e-05,172.31.46.0-255,66,13646,43,328579
2063,8.7e-05,74.125.200.0-255,429,14075,43,328579
2064,8.9e-05,172.31.46.0-255,66,14141,43,328579
2065,0.000249,74.125.200.0-255,1484,15625,43,328579
2066,0.000255,172.31.46.0-255,66,15691,43,328579
2067,0.000259,74.125.200.0-255,1484,17175,43,328579
2068,0.000261,172.31.46.0-255,66,17241,43,328579
2069,0.000296,74.125.200.0-255,2902,20143,43,328579
2070,0.000299,172.31.46.0-255,66,20209,43,328579
2071,0.000306,74.125.200.0-255,5738,25947,43,328579
2072,0.000308,172.31.46.0-255,66,26013,43,328579
2073,0.000313,74.125.200.0-255,2902,28915,43,328579
2074,0.000315,172.31.46.0-255,66,28981,43,328579
2075,0.000361,74.125.200.0-255,3961,32942,43,328579
2076,0.000364,172.31.46.0-255,66,33008,43,328579
2077,0.000369,74.125.200.0-255,2902,35910,43,328579
2078,0.000371,172.31.46.0-255,66,35976,43,328579
2079,0.000374,74.125.200.0-255,1484,37460,43,328579
2080,0.000381,172.31.46.0-255,66,37526,43,328579
2081,0.000412,74.125.200.0-255,2902,40428,43,328579
2082,0.000415,172.31.46.0-255,66,40494,43,328579
2083,0.000422,74.125.200.0-255,5738,46232,43,328579
2084,0.000424,172.31.46.0-255,66,46298,43,328579
2085,0.000448,74.125.200.0-255,2902,49200,43,328579
2086,0.000451,172.31.46.0-255,66,49266,43,328579
2087,0.000454,74.125.200.0-255,1484,50750,43,328579
2088,0.00049,172.31.46.0-255,66,50816,43,328579
2089,0.000495,74.125.200.0-255,4320,55136,43,328579
2090,0.000497,172.31.46.0-255,66,55202,43,328579
2091,0.000529,74.125.200.0-255,2184,57386,43,328579
2092,0.000531,172.31.46.0-255,66,57452,43,328579
2093,0.000534,74.125.200.0-255,364,57816,43,328579
2094,0.000553,74.125.200.0-255,380,58196,43,328579
2095,0.000769,74.125.200.0-255,1484,59680,43,328579
2096,0.000775,172.31.46.0-255,66,59746,43,328579
2097,0.00078,74.125.200.0-255,1484,61230,43,328579
2098,0.000785,74.125.200.0-255,2902,64132,43,328579
2099,0.000787,172.31.46.0-255,66,64198,43,328579
2100,0.000796,74.125.200.0-255,1484,65682,43,328579
2101,0.000821,74.125.200.0-255,4320,70002,43,328579
2102,0.000824,172.31.46.0-255,66,70068,43,328579
2103,0.000829,74.125.200.0-255,2902,72970,43,328579
2104,0.000831,172.31.46.0-255,66,73036,43,328579
2105,0.000836,74.125.200.0-255,4320,77356,43,328579
2106,0.000843,172.31.46.0-255,66,77422,43,328579
2107,0.00087,74.125.200.0-255,1484,78906,43,328579
2108,0.000886,74.125.200.0-255,5738,84644,43,328579
2109,0.000889,172.31.46.0-255,66,84710,43,328579
2110,0.000913,74.125.200.0-255,1484,86194,43,328579
2111,0.000918,74.125.200.0-255,2902,89096,43,328579
2112,0.00092,172.31.46.0-255,66,89162,43,328579
2113,0.000945,74.125.200.0-255,3602,92764,43,328579
2114,0.000948,172.31.46.0-255,66,92830,43,328579
2115,0.000991,74.125.200.0-255,1484,94314,43,328579
2116,0.001007,74.125.200.0-255,2902,97216,43,328579
2117,0.001011,172.31.46.0-255,66,97282,43,328579
2118,0.001057,74.125.200.0-255,1484,98766,43,328579
2119,0.001062,74.125.200.0-255,2902,101668,43,328579
2120,0.001064,172.31.46.0-255,66,101734,43,328579
2121,0.001069,74.125.200.0-255,2902,104636,43,328579
2122,0.001071,172.31.46.0-255,66,104702,43,328579
2123,0.001102,74.125.200.0-255,4320,109022,43,328579
2124,0.001105,172.31.46.0-255,66,109088,43,328579
2125,0.001139,172.31.46.0-255,66,109154,43,328579
2126,0.001186,172.31.46.0-255,66,109220,43,328579
2127,0.001277,74.125.200.0-255,1484,110704,43,328579
2128,0.001295,74.125.200.0-255,2902,113606,43,328579
2129,0.001299,172.31.46.0-255,66,113672,43,328579
2130,0.001331,74.125.200.0-255,5738,119410,43,328579
2131,0.001334,172.31.46.0-255,66,119476,43,328579
2132,0.001365,74.125.200.0-255,7156,126632,43,328579
2133,0.001368,172.31.46.0-255,66,126698,43,328579
2134,0.001396,74.125.200.0-255,4320,131018,43,328579
2135,0.001402,74.125.200.0-255,5738,136756,43,328579
2136,0.001407,172.31.46.0-255,66,136822,43,328579
2137,0.001415,172.31.46.0-255,66,136888,43,328579
2138,0.001438,74.125.200.0-255,6438,143326,43,328579
2139,0.001441,172.31.46.0-255,66,143392,43,328579
2140,0.001679,74.125.200.0-255,1484,144876,43,328579
2141,0.001696,74.125.200.0-255,2902,147778,43,328579
2142,0.001699,172.31.46.0-255,66,147844,43,328579
2143,0.001733,74.125.200.0-255,5738,153582,43,328579
2144,0.001736,172.31.46.0-255,66,153648,43,328579
2145,0.001739,74.125.200.0-255,1484,155132,43,328579
2146,0.001744,74.125.200.0-255,2902,158034,43,328579
2147,0.001746,172.31.46.0-255,66,158100,43,328579
2148,0.001775,74.125.200.0-255,5738,163838,43,328579
2149,0.001777,172.31.46.0-255,66,163904,43,328579
2150,0.00178,74.125.200.0-255,1484,165388,43,328579
2151,0.001784,74.125.200.0-255,2902,168290,43,328579
2152,0.001786,172.31.46.0-255,66,168356,43,328579
2153,0.001818,74.125.200.0-255,5738,174094,43,328579
2154,0.00182,172.31.46.0-255,66,174160,43,328579
2155,0.001847,74.125.200.0-255,2902,177062,43,328579
2156,0.00185,172.31.46.0-255,66,177128,43,328579
2157,0.001863,74.125.200.0-255,766,177894,43,328579
2158,0.002047,74.125.200.0-255,1484,179378,43,328579
2159,0.002052,172.31.46.0-255,66,179444,43,328579
2160,0.002058,74.125.200.0-255,2902,182346,43,328579
2161,0.00206,172.31.46.0-255,66,182412,43,328579
2162,0.002084,74.125.200.0-255,4320,186732,43,328579
2163,0.002086,172.31.46.0-255,66,186798,43,328579
2164,0.002115,74.125.200.0-255,5738,192536,43,328579
2165,0.002118,172.31.46.0-255,66,192602,43,328579
2166,0.002147,74.125.200.0-255,5738,198340,43,328579
2167,0.002151,172.31.46.0-255,66,198406,43,328579
2168,0.002178,74.125.200.0-255,7156,205562,43,328579
2169,0.002181,172.31.46.0-255,66,205628,43,328579
2170,0.002184,74.125.200.0-255,1484,207112,43,328579
2171,0.002187,74.125.200.0-255,1484,208596,43,328579
2172,0.002189,172.31.46.0-255,66,208662,43,328579
2173,0.002218,74.125.200.0-255,1484,210146,43,328579
2174,0.002234,74.125.200.0-255,2184,212330,43,328579
2175,0.002237,172.31.46.0-255,66,212396,43,328579
2176,0.00224,74.125.200.0-255,1484,213880,43,328579
2177,0.002262,74.125.200.0-255,1484,215364,43,328579
2178,0.002265,172.31.46.0-255,66,215430,43,328579
2179,0.00227,74.125.200.0-255,2902,218332,43,328579
2180,0.002272,172.31.46.0-255,66,218398,43,328579
2181,0.002308,74.125.200.0-255,4320,222718,43,328579
2182,0.002312,172.31.46.0-255,66,222784,43,328579
2183,0.002319,74.125.200.0-255,1484,224268,43,328579
2184,0.002324,74.125.200.0-255,2902,227170,43,328579
2185,0.002326,172.31.46.0-255,66,227236,43,328579
2186,0.002333,74.125.200.0-255,5738,232974,43,328579
2187,0.002338,74.125.200.0-255,2902,235876,43,328579
2188,0.002347,172.31.46.0-255,66,235942,43,328579
2189,0.002361,172.31.46.0-255,66,236008,43,328579
2190,0.002366,74.125.200.0-255,4320,240328,43,328579
2191,0.002369,172.31.46.0-255,66,240394,43,328579
2192,0.002395,74.125.200.0-255,6438,246832,43,328579
2193,0.002437,74.125.200.0-255,1484,248316,43,328579
2194,0.002452,74.125.200.0-255,1484,249800,43,328579
2195,0.002458,74.125.200.0-255,4320,254120,43,328579
2196,0.002482,74.125.200.0-255,1484,255604,43,328579
2197,0.002495,74.125.200.0-255,4320,259924,43,328579
2198,0.002516,74.125.200.0-255,2902,262826,43,328579
2199,0.00254,74.125.200.0-255,4320,267146,43,328579
2200,0.002546,74.125.200.0-255,5738,272884,43,328579
2201,0.002598,74.125.200.0-255,7156,280040,43,328579
2202,0.002602,74.125.200.0-255,766,280806,43,328579
2203,0.006888,172.31.46.0-255,66,280872,43,328579
2204,0.009497,74.125.200.0-255,5738,286610,43,328579
2205,0.009505,172.31.46.0-255,66,286676,43,328579
2206,0.012103,74.125.200.0-255,5738,292414,43,328579
2207,0.012111,172.31.46.0-255,66,292480,43,328579
2208,0.014706,74.125.200.0-255,5738,298218,43,328579
2209,0.014716,172.31.46.0-255,66,298284,43,328579
2210,0.017306,74.125.200.0-255,5738,304022,43,328579
2211,0.017314,172.31.46.0-255,66,304088,43,328579
2212,0.019903,74.125.200.0-255,5738,309826,43,328579
2213,0.019913,172.31.46.0-255,66,309892,43,328579
2214,0.022503,74.125.200.0-255,5738,315630,43,328579
2215,0.022511,172.31.46.0-255,66,315696,43,328579
2216,0.025101,74.125.200.0-255,5738,321434,43,328579
2217,0.025108,172.31.46.0-255,66,321500,43,328579
2218,0.027707,74.125.200.0-255,5738,327238,43,328579
2219,0.027714,172.31.46.0-255,66,327304,43,328579
2220,0.029913,172.31.46.0-255,167,327471,43,328579
2221,0.029942,172.31.46.0-255,1108,328579,43,328579
2222,0.0,172.31.46.0-255,105,105,43,276
2223,0.001781,157.240.25.0-255,105,210,43,276
2224,0.001791,172.31.46.0-255,66,276,43,276
2225,0.0,74.125.24.0-255,153,153,43,136299
2226,1.7e-05,172.31.46.0-255,66,219,43,136299
2227,2.4e-05,74.125.24.0-255,1484,1703,43,136299
2228,2.8e-05,172.31.46.0-255,66,1769,43,136299
2229,3.3e-05,74.125.24.0-255,2902,4671,43,136299
2230,3.8e-05,172.31.46.0-255,66,4737,43,136299
2231,4.5e-05,74.125.24.0-255,7156,11893,43,136299
2232,4.9e-05,172.31.46.0-255,66,11959,43,136299
2233,8.5e-05,74.125.24.0-255,2126,14085,43,136299
2234,8.8e-05,172.31.46.0-255,66,14151,43,136299
2235,0.000118,74.125.24.0-255,1484,15635,43,136299
2236,0.00012,172.31.46.0-255,66,15701,43,136299
2237,0.000144,74.125.24.0-255,2902,18603,43,136299
2238,0.000147,172.31.46.0-255,66,18669,43,136299
2239,0.000154,74.125.24.0-255,5738,24407,43,136299
2240,0.000156,172.31.46.0-255,66,24473,43,136299
2241,0.000169,74.125.24.0-255,2902,27375,43,136299
2242,0.000171,172.31.46.0-255,66,27441,43,136299
2243,0.000195,74.125.24.0-255,3961,31402,43,136299
2244,0.000198,172.31.46.0-255,66,31468,43,136299
2245,0.000205,74.125.24.0-255,7156,38624,43,136299
2246,0.000207,172.31.46.0-255,66,38690,43,136299
2247,0.000224,74.125.24.0-255,1484,40174,43,136299
2248,0.000226,172.31.46.0-255,66,40240,43,136299
2249,0.000258,172.31.46.0-255,66,40306,43,136299
2250,0.000366,74.125.24.0-255,1484,41790,43,136299
2251,0.00037,172.31.46.0-255,66,41856,43,136299
2252,0.000375,74.125.24.0-255,2902,44758,43,136299
2253,0.000378,172.31.46.0-255,66,44824,43,136299
2254,0.000402,74.125.24.0-255,5738,50562,43,136299
2255,0.000405,172.31.46.0-255,66,50628,43,136299
2256,0.000423,74.125.24.0-255,1484,52112,43,136299
2257,0.000443,74.125.24.0-255,5958,58070,43,136299
2258,0.000445,172.31.46.0-255,66,58136,43,136299
2259,0.000472,172.31.46.0-255,66,58202,43,136299
2260,0.000513,172.31.46.0-255,66,58268,43,136299
2261,0.00053,74.125.24.0-255,2902,61170,43,136299
2262,0.000533,172.31.46.0-255,66,61236,43,136299
2263,0.000564,172.31.46.0-255,66,61302,43,136299
2264,0.000582,74.125.24.0-255,2543,63845,43,136299
2265,0.000585,172.31.46.0-255,66,63911,43,136299
2266,0.000826,74.125.24.0-255,1484,65395,43,136299
2267,0.000833,74.125.24.0-255,2902,68297,43,136299
2268,0.000837,172.31.46.0-255,66,68363,43,136299
2269,0.000854,74.125.24.0-255,5738,74101,43,136299
2270,0.000856,172.31.46.0-255,66,74167,43,136299
2271,0.000898,172.31.46.0-255,66,74233,43,136299
2272,0.000911,172.31.46.0-255,66,74299,43,136299
2273,0.000913,74.125.24.0-255,766,75065,43,136299
2274,0.001242,74.125.24.0-255,1484,76549,43,136299
2275,0.001247,172.31.46.0-255,66,76615,43,136299
2276,0.001253,74.125.24.0-255,2902,79517,43,136299
2277,0.001255,172.31.46.0-255,66,79583,43,136299
2278,0.001278,74.125.24.0-255,5738,85321,43,136299
2279,0.001281,172.31.46.0-255,66,85387,43,136299
2280,0.001286,74.125.24.0-255,2902,88289,43,136299
2281,0.001288,172.31.46.0-255,66,88355,43,136299
2282,0.001323,172.31.46.0-255,66,88421,43,136299
2283,0.001328,74.125.24.0-255,2902,91323,43,136299
2284,0.00133,172.31.46.0-255,66,91389,43,136299
2285,0.001357,172.31.46.0-255,66,91455,43,136299
2286,0.001388,74.125.24.0-255,2184,93639,43,136299
2287,0.001391,172.31.46.0-255,66,93705,43,136299
2288,0.001405,172.31.46.0-255,66,93771,43,136299
2289,0.001411,74.125.24.0-255,4320,98091,43,136299
2290,0.001413,172.31.46.0-255,66,98157,43,136299
2291,0.001451,172.31.46.0-255,66,98223,43,136299
2292,0.001468,172.31.46.0-255,66,98289,43,136299
2293,0.001482,172.31.46.0-255,66,98355,43,136299
2294,0.001583,74.125.24.0-255,1484,99839,43,136299
2295,0.001589,74.125.24.0-255,2902,102741,43,136299
2296,0.001592,172.31.46.0-255,66,102807,43,136299
2297,0.001616,74.125.24.0-255,5738,108545,43,136299
2298,0.001619,172.31.46.0-255,66,108611,43,136299
2299,0.001626,74.125.24.0-255,7156,115767,43,136299
2300,0.001628,172.31.46.0-255,66,115833,43,136299
2301,0.001672,172.31.46.0-255,66,115899,43,136299
2302,0.001716,74.125.24.0-255,5738,121637,43,136299
2303,0.001718,172.31.46.0-255,66,121703,43,136299
2304,0.001745,74.125.24.0-255,6438,128141,43,136299
2305,0.001748,172.31.46.0-255,66,128207,43,136299
2306,0.001761,172.31.46.0-255,66,128273,43,136299
2307,0.001774,172.31.46.0-255,66,128339,43,136299
2308,0.001786,172.31.46.0-255,66,128405,43,136299
2309,0.0018,172.31.46.0-255,66,128471,43,136299
2310,0.001831,74.125.24.0-255,7156,135627,43,136299
2311,0.001833,172.31.46.0-255,66,135693,43,136299
2312,0.001873,172.31.46.0-255,66,135759,43,136299
2313,0.001885,172.31.46.0-255,66,135825,43,136299
2314,0.001931,172.31.46.0-255,66,135891,43,136299
2315,0.001946,172.31.46.0-255,66,135957,43,136299
2316,0.001949,74.125.24.0-255,105,136062,43,136299
2317,0.00415,172.31.46.0-255,66,136128,43,136299
2318,0.00419,172.31.46.0-255,105,136233,43,136299
2319,0.006472,74.125.24.0-255,66,136299,43,136299
2320,0.0,74.125.200.0-255,146,146,43,385316
2321,2.4e-05,172.31.46.0-255,66,212,43,385316
2322,3.1e-05,74.125.200.0-255,1484,1696,43,385316
2323,3.6e-05,172.31.46.0-255,66,1762,43,385316
2324,6.3e-05,74.125.200.0-255,2902,4664,43,385316
2325,6.7e-05,172.31.46.0-255,66,4730,43,385316
2326,7.3e-05,74.125.200.0-255,4320,9050,43,385316
2327,7.6e-05,172.31.46.0-255,66,9116,43,385316
2328,0.000112,74.125.200.0-255,4876,13992,43,385316
2329,0.000116,172.31.46.0-255,66,14058,43,385316
2330,0.000138,74.125.200.0-255,5738,19796,43,385316
2331,0.00014,172.31.46.0-255,66,19862,43,385316
2332,0.000144,74.125.200.0-255,1484,21346,43,385316
2333,0.000146,172.31.46.0-255,66,21412,43,385316
2334,0.000184,74.125.200.0-255,7156,28568,43,385316
2335,0.000187,172.31.46.0-255,66,28634,43,385316
2336,0.000207,74.125.200.0-255,1484,30118,43,385316
2337,0.000209,172.31.46.0-255,66,30184,43,385316
2338,0.000212,74.125.200.0-255,1125,31309,43,385316
2339,0.000214,172.31.46.0-255,66,31375,43,385316
2340,0.000321,74.125.200.0-255,1484,32859,43,385316
2341,0.000325,172.31.46.0-255,66,32925,43,385316
2342,0.00035,74.125.200.0-255,2902,35827,43,385316
2343,0.000352,172.31.46.0-255,66,35893,43,385316
2344,0.000355,74.125.200.0-255,1484,37377,43,385316
2345,0.000356,172.31.46.0-255,66,37443,43,385316
2346,0.000359,74.125.200.0-255,1484,38927,43,385316
2347,0.000361,172.31.46.0-255,66,38993,43,385316
2348,0.000381,74.125.200.0-255,1484,40477,43,385316
2349,0.000383,172.31.46.0-255,66,40543,43,385316
2350,0.000389,74.125.200.0-255,5738,46281,43,385316
2351,0.000391,172.31.46.0-255,66,46347,43,385316
2352,0.000394,74.125.200.0-255,1484,47831,43,385316
2353,0.00042,74.125.200.0-255,1484,49315,43,385316
2354,0.000422,172.31.46.0-255,66,49381,43,385316
2355,0.000425,74.125.200.0-255,1484,50865,43,385316
2356,0.00045,74.125.200.0-255,2902,53767,43,385316
2357,0.000452,172.31.46.0-255,66,53833,43,385316
2358,0.000457,74.125.200.0-255,4320,58153,43,385316
2359,0.000459,172.31.46.0-255,66,58219,43,385316
2360,0.000474,74.125.200.0-255,1484,59703,43,385316
2361,0.000502,74.125.200.0-255,6438,66141,43,385316
2362,0.000504,172.31.46.0-255,66,66207,43,385316
2363,0.000523,74.125.200.0-255,364,66571,43,385316
2364,0.000526,74.125.200.0-255,130,66701,43,385316
2365,0.000698,74.125.200.0-255,1484,68185,43,385316
2366,0.000702,172.31.46.0-255,66,68251,43,385316
2367,0.000728,74.125.200.0-255,2902,71153,43,385316
2368,0.00073,172.31.46.0-255,66,71219,43,385316
2369,0.000759,74.125.200.0-255,5738,76957,43,385316
2370,0.000761,172.31.46.0-255,66,77023,43,385316
2371,0.000766,74.125.200.0-255,4320,81343,43,385316
2372,0.000768,172.31.46.0-255,66,81409,43,385316
2373,0.000797,74.125.200.0-255,5738,87147,43,385316
2374,0.0008,172.31.46.0-255,66,87213,43,385316
2375,0.000804,74.125.200.0-255,2902,90115,43,385316
2376,0.000806,172.31.46.0-255,66,90181,43,385316
2377,0.000828,74.125.200.0-255,4320,94501,43,385316
2378,0.000834,172.31.46.0-255,66,94567,43,385316
2379,0.000866,172.31.46.0-255,66,94633,43,385316
2380,0.000886,74.125.200.0-255,4320,98953,43,385316
2381,0.000888,172.31.46.0-255,66,99019,43,385316
2382,0.000916,74.125.200.0-255,4320,103339,43,385316
2383,0.000919,172.31.46.0-255,66,103405,43,385316
2384,0.000925,74.125.200.0-255,4320,107725,43,385316
2385,0.000927,172.31.46.0-255,66,107791,43,385316
2386,0.000935,74.125.200.0-255,5738,113529,43,385316
2387,0.000937,172.31.46.0-255,66,113595,43,385316
2388,0.000985,74.125.200.0-255,4320,117915,43,385316
2389,0.000987,172.31.46.0-255,66,117981,43,385316
2390,0.001007,74.125.200.0-255,1484,119465,43,385316
2391,0.001014,74.125.200.0-255,7156,126621,43,385316
2392,0.001016,172.31.46.0-255,66,126687,43,385316
2393,0.001018,74.125.200.0-255,766,127453,43,385316
2394,0.00102,74.125.200.0-255,1484,128937,43,385316
2395,0.001022,172.31.46.0-255,66,129003,43,385316
2396,0.001045,74.125.200.0-255,4320,133323,43,385316
2397,0.001048,172.31.46.0-255,66,133389,43,385316
2398,0.001086,74.125.200.0-255,5738,139127,43,385316
2399,0.001089,172.31.46.0-255,66,139193,43,385316
2400,0.001095,74.125.200.0-255,7156,146349,43,385316
2401,0.001097,172.31.46.0-255,66,146415,43,385316
2402,0.001101,74.125.200.0-255,2902,149317,43,385316
2403,0.001102,172.31.46.0-255,66,149383,43,385316
2404,0.00113,74.125.200.0-255,4320,153703,43,385316
2405,0.001132,172.31.46.0-255,66,153769,43,385316
2406,0.001138,74.125.200.0-255,5738,159507,43,385316
2407,0.001141,172.31.46.0-255,66,159573,43,385316
2408,0.001165,74.125.200.0-255,2184,161757,43,385316
2409,0.001167,172.31.46.0-255,66,161823,43,385316
2410,0.001228,74.125.200.0-255,1484,163307,43,385316
2411,0.00125,74.125.200.0-255,1484,164791,43,385316
2412,0.001253,172.31.46.0-255,66,164857,43,385316
2413,0.001264,74.125.200.0-255,1484,166341,43,385316
2414,0.001275,74.125.200.0-255,1484,167825,43,385316
2415,0.001277,172.31.46.0-255,66,167891,43,385316
2416,0.001282,74.125.200.0-255,2902,170793,43,385316
2417,0.001284,172.31.46.0-255,66,170859,43,385316
2418,0.001336,74.125.200.0-255,5738,176597,43,385316
2419,0.001339,74.125.200.0-255,2902,179499,43,385316
2420,0.001343,74.125.200.0-255,4320,183819,43,385316
2421,0.001348,172.31.46.0-255,66,183885,43,385316
2422,0.001351,172.31.46.0-255,66,183951,43,385316
2423,0.001353,172.31.46.0-255,66,184017,43,385316
2424,0.001385,172.31.46.0-255,66,184083,43,385316
2425,0.001426,74.125.200.0-255,3602,187685,43,385316
2426,0.001428,172.31.46.0-255,66,187751,43,385316
2427,0.001616,74.125.200.0-255,1484,189235,43,385316
2428,0.001629,74.125.200.0-255,2902,192137,43,385316
2429,0.001635,172.31.46.0-255,66,192203,43,385316
2430,0.00165,74.125.200.0-255,2902,195105,43,385316
2431,0.001652,172.31.46.0-255,66,195171,43,385316
2432,0.001678,74.125.200.0-255,2902,198073,43,385316
2433,0.00168,172.31.46.0-255,66,198139,43,385316
2434,0.001682,74.125.200.0-255,1484,199623,43,385316
2435,0.001686,74.125.200.0-255,2902,202525,43,385316
2436,0.001687,172.31.46.0-255,66,202591,43,385316
2437,0.00173,74.125.200.0-255,5738,208329,43,385316
2438,0.001733,172.31.46.0-255,66,208395,43,385316
2439,0.001737,74.125.200.0-255,2902,211297,43,385316
2440,0.001739,172.31.46.0-255,66,211363,43,385316
2441,0.001759,74.125.200.0-255,4320,215683,43,385316
2442,0.001761,172.31.46.0-255,66,215749,43,385316
2443,0.001774,74.125.200.0-255,4320,220069,43,385316
2444,0.001775,172.31.46.0-255,66,220135,43,385316
2445,0.001788,74.125.200.0-255,2184,222319,43,385316
2446,0.001793,172.31.46.0-255,66,222385,43,385316
2447,0.001965,74.125.200.0-255,1484,223869,43,385316
2448,0.001977,74.125.200.0-255,2902,226771,43,385316
2449,0.00198,172.31.46.0-255,66,226837,43,385316
2450,0.002017,74.125.200.0-255,4320,231157,43,385316
2451,0.002019,172.31.46.0-255,66,231223,43,385316
2452,0.002044,74.125.200.0-255,1484,232707,43,385316
2453,0.002052,74.125.200.0-255,1484,234191,43,385316
2454,0.002054,172.31.46.0-255,66,234257,43,385316
2455,0.002059,74.125.200.0-255,2902,237159,43,385316
2456,0.00206,172.31.46.0-255,66,237225,43,385316
2457,0.002063,74.125.200.0-255,1484,238709,43,385316
2458,0.00209,74.125.200.0-255,4320,243029,43,385316
2459,0.002092,172.31.46.0-255,66,243095,43,385316
2460,0.002099,74.125.200.0-255,7156,250251,43,385316
2461,0.0021,172.31.46.0-255,66,250317,43,385316
2462,0.00213,74.125.200.0-255,6438,256755,43,385316
2463,0.002132,172.31.46.0-255,66,256821,43,385316
2464,0.002271,74.125.200.0-255,1484,258305,43,385316
2465,0.002277,74.125.200.0-255,2902,261207,43,385316
2466,0.00228,172.31.46.0-255,66,261273,43,385316
2467,0.002298,74.125.200.0-255,2902,264175,43,385316
2468,0.0023,172.31.46.0-255,66,264241,43,385316
2469,0.002324,74.125.200.0-255,1484,265725,43,385316
2470,0.002351,172.31.46.0-255,66,265791,43,385316
2471,0.002357,74.125.200.0-255,5738,271529,43,385316
2472,0.002359,172.31.46.0-255,66,271595,43,385316
2473,0.002387,74.125.200.0-255,4320,275915,43,385316
2474,0.00239,172.31.46.0-255,66,275981,43,385316
2475,0.002395,74.125.200.0-255,4320,280301,43,385316
2476,0.002397,172.31.46.0-255,66,280367,43,385316
2477,0.0024,74.125.200.0-255,1484,281851,43,385316
2478,0.00243,74.125.200.0-255,3602,285453,43,385316
2479,0.002433,172.31.46.0-255,66,285519,43,385316
2480,0.002437,74.125.200.0-255,2902,288421,43,385316
2481,0.002439,172.31.46.0-255,66,288487,43,385316
2482,0.002485,74.125.200.0-255,4320,292807,43,385316
2483,0.002488,172.31.46.0-255,66,292873,43,385316
2484,0.002492,74.125.200.0-255,4320,297193,43,385316
2485,0.002494,172.31.46.0-255,66,297259,43,385316
2486,0.002499,74.125.200.0-255,5738,302997,43,385316
2487,0.002501,172.31.46.0-255,66,303063,43,385316
2488,0.002535,74.125.200.0-255,7156,310219,43,385316
2489,0.002538,172.31.46.0-255,66,310285,43,385316
2490,0.002576,74.125.200.0-255,2902,313187,43,385316
2491,0.002579,172.31.46.0-255,66,313253,43,385316
2492,0.002607,74.125.200.0-255,3602,316855,43,385316
2493,0.002609,172.31.46.0-255,66,316921,43,385316
2494,0.002637,74.125.200.0-255,5738,322659,43,385316
2495,0.002639,172.31.46.0-255,66,322725,43,385316
2496,0.002667,74.125.200.0-255,7156,329881,43,385316
2497,0.002669,172.31.46.0-255,66,329947,43,385316
2498,0.005309,74.125.200.0-255,4320,334267,43,385316
2499,0.005318,172.31.46.0-255,66,334333,43,385316
2500,0.005336,74.125.200.0-255,1484,335817,43,385316
2501,0.007978,74.125.200.0-255,4320,340137,43,385316
2502,0.007984,172.31.46.0-255,66,340203,43,385316
2503,0.010629,74.125.200.0-255,5738,345941,43,385316
2504,0.010635,172.31.46.0-255,66,346007,43,385316
2505,0.013291,74.125.200.0-255,5738,351745,43,385316
2506,0.013299,172.31.46.0-255,66,351811,43,385316
2507,0.015955,74.125.200.0-255,5738,357549,43,385316
2508,0.015964,172.31.46.0-255,66,357615,43,385316
2509,0.018624,74.125.200.0-255,5738,363353,43,385316
2510,0.018636,172.31.46.0-255,66,363419,43,385316
2511,0.021308,74.125.200.0-255,5738,369157,43,385316
2512,0.021323,172.31.46.0-255,66,369223,43,385316
2513,0.023981,74.125.200.0-255,5738,374961,43,385316
2514,0.023988,172.31.46.0-255,66,375027,43,385316
2515,0.026657,74.125.200.0-255,5738,380765,43,385316
2516,0.026675,172.31.46.0-255,66,380831,43,385316
2517,0.02934,74.125.200.0-255,4419,385250,43,385316
2518,0.029348,172.31.46.0-255,66,385316,43,385316
2519,0.0,172.217.194.0-255,153,153,43,174458
2520,2.3e-05,172.31.46.0-255,66,219,43,174458
2521,2.9e-05,172.217.194.0-255,1484,1703,43,174458
2522,3.3e-05,172.31.46.0-255,66,1769,43,174458
2523,4.1e-05,172.217.194.0-255,2902,4671,43,174458
2524,5.2e-05,172.31.46.0-255,66,4737,43,174458
2525,6e-05,172.217.194.0-255,7156,11893,43,174458
2526,6.3e-05,172.31.46.0-255,66,11959,43,174458
2527,6.8e-05,172.217.194.0-255,2036,13995,43,174458
2528,7.1e-05,172.31.46.0-255,66,14061,43,174458
2529,7.5e-05,172.217.194.0-255,2902,16963,43,174458
2530,7.7e-05,172.31.46.0-255,66,17029,43,174458
2531,0.000138,172.217.194.0-255,7156,24185,43,174458
2532,0.000142,172.31.46.0-255,66,24251,43,174458
2533,0.000149,172.217.194.0-255,5738,29989,43,174458
2534,0.000151,172.31.46.0-255,66,30055,43,174458
2535,0.000154,172.217.194.0-255,1125,31180,43,174458
2536,0.000156,172.31.46.0-255,66,31246,43,174458
2537,0.000197,172.217.194.0-255,1484,32730,43,174458
2538,0.0002,172.31.46.0-255,66,32796,43,174458
2539,0.000203,172.217.194.0-255,1484,34280,43,174458
2540,0.000205,172.31.46.0-255,66,34346,43,174458
2541,0.000209,172.217.194.0-255,1484,35830,43,174458
2542,0.000211,172.31.46.0-255,66,35896,43,174458
2543,0.000245,172.217.194.0-255,2902,38798,43,174458
2544,0.000248,172.31.46.0-255,66,38864,43,174458
2545,0.000264,172.217.194.0-255,4320,43184,43,174458
2546,0.000267,172.31.46.0-255,66,43250,43,174458
2547,0.000295,172.217.194.0-255,5379,48629,43,174458
2548,0.000297,172.31.46.0-255,66,48695,43,174458
2549,0.000302,172.217.194.0-255,2902,51597,43,174458
2550,0.000304,172.31.46.0-255,66,51663,43,174458
2551,0.000307,172.217.194.0-255,1484,53147,43,174458
2552,0.000333,172.217.194.0-255,2902,56049,43,174458
2553,0.000337,172.217.194.0-255,1484,57533,43,174458
2554,0.000343,172.31.46.0-255,66,57599,43,174458
2555,0.000364,172.217.194.0-255,7156,64755,43,174458
2556,0.000367,172.217.194.0-255,1404,66159,43,174458
2557,0.000495,172.217.194.0-255,120,66279,43,174458
2558,0.000513,172.217.194.0-255,374,66653,43,174458
2559,0.000577,172.31.46.0-255,66,66719,43,174458
2560,0.000812,172.217.194.0-255,1484,68203,43,174458
2561,0.000837,172.217.194.0-255,2902,71105,43,174458
2562,0.000842,172.217.194.0-255,2902,74007,43,174458
2563,0.00086,172.217.194.0-255,2902,76909,43,174458
2564,0.000864,172.31.46.0-255,66,76975,43,174458
2565,0.00087,172.31.46.0-255,66,77041,43,174458
2566,0.000913,172.31.46.0-255,66,77107,43,174458
2567,0.000927,172.217.194.0-255,5738,82845,43,174458
2568,0.000932,172.31.46.0-255,66,82911,43,174458
2569,0.000959,172.217.194.0-255,5020,87931,43,174458
2570,0.000962,172.217.194.0-255,1484,89415,43,174458
2571,0.000991,172.217.194.0-255,4320,93735,43,174458
2572,0.001012,172.217.194.0-255,7156,100891,43,174458
2573,0.001015,172.217.194.0-255,1484,102375,43,174458
2574,0.001026,172.217.194.0-255,1484,103859,43,174458
2575,0.00103,172.31.46.0-255,66,103925,43,174458
2576,0.001039,172.217.194.0-255,2902,106827,43,174458
2577,0.001045,172.31.46.0-255,66,106893,43,174458
2578,0.001056,172.217.194.0-255,5738,112631,43,174458
2579,0.001086,172.217.194.0-255,2902,115533,43,174458
2580,0.00109,172.217.194.0-255,2902,118435,43,174458
2581,0.001111,172.31.46.0-255,66,118501,43,174458
2582,0.001116,172.217.194.0-255,3602,122103,43,174458
2583,0.001124,172.217.194.0-255,7156,129259,43,174458
2584,0.001129,172.31.46.0-255,66,129325,43,174458
2585,0.001194,172.217.194.0-255,1484,130809,43,174458
2586,0.001197,172.217.194.0-255,1484,132293,43,174458
2587,0.001214,172.31.46.0-255,66,132359,43,174458
2588,0.001244,172.217.194.0-255,766,133125,43,174458
2589,0.001247,172.217.194.0-255,1484,134609,43,174458
2590,0.001292,172.31.46.0-255,66,134675,43,174458
2591,0.001314,172.217.194.0-255,4320,138995,43,174458
2592,0.001372,172.217.194.0-255,766,139761,43,174458
2593,0.001391,172.31.46.0-255,66,139827,43,174458
2594,0.001405,172.217.194.0-255,1484,141311,43,174458
2595,0.001442,172.31.46.0-255,66,141377,43,174458
2596,0.002118,172.217.194.0-255,1484,142861,43,174458
2597,0.00213,172.217.194.0-255,2902,145763,43,174458
2598,0.002134,172.31.46.0-255,66,145829,43,174458
2599,0.002176,172.217.194.0-255,5738,151567,43,174458
2600,0.002194,172.217.194.0-255,5738,157305,43,174458
2601,0.00221,172.217.194.0-255,2902,160207,43,174458
2602,0.002222,172.217.194.0-255,1484,161691,43,174458
2603,0.002297,172.217.194.0-255,4320,166011,43,174458
2604,0.002337,172.217.194.0-255,6438,172449,43,174458
2605,0.002381,172.217.194.0-255,1484,173933,43,174458
2606,0.002466,172.217.194.0-255,105,174038,43,174458
2607,0.009971,172.31.46.0-255,66,174104,43,174458
2608,0.012224,172.31.46.0-255,105,174209,43,174458
2609,0.012298,172.217.194.0-255,105,174314,43,174458
2610,0.012307,172.31.46.0-255,78,174392,43,174458
2611,0.014591,172.217.194.0-255,66,174458,43,174458
2612,0.0,74.125.200.0-255,152,152,43,237902
2613,1.7e-05,172.31.46.0-255,66,218,43,237902
2614,5.2e-05,74.125.200.0-255,1484,1702,43,237902
2615,5.7e-05,172.31.46.0-255,66,1768,43,237902
2616,6.4e-05,74.125.200.0-255,2902,4670,43,237902
2617,6.8e-05,172.31.46.0-255,66,4736,43,237902
2618,7.7e-05,74.125.200.0-255,2902,7638,43,237902
2619,8e-05,172.31.46.0-255,66,7704,43,237902
2620,0.000105,74.125.200.0-255,2902,10606,43,237902
2621,0.000108,172.31.46.0-255,66,10672,43,237902
2622,0.000114,74.125.200.0-255,3460,14132,43,237902
2623,0.000117,172.31.46.0-255,66,14198,43,237902
2624,0.000159,74.125.200.0-255,4320,18518,43,237902
2625,0.000162,172.31.46.0-255,66,18584,43,237902
2626,0.000165,74.125.200.0-255,1484,20068,43,237902
2627,0.000167,172.31.46.0-255,66,20134,43,237902
2628,0.000195,74.125.200.0-255,4320,24454,43,237902
2629,0.000201,172.31.46.0-255,66,24520,43,237902
2630,0.000214,74.125.200.0-255,1484,26004,43,237902
2631,0.000216,172.31.46.0-255,66,26070,43,237902
2632,0.000255,172.31.46.0-255,66,26136,43,237902
2633,0.000289,172.31.46.0-255,66,26202,43,237902
2634,0.000315,74.125.200.0-255,2184,28386,43,237902
2635,0.000317,172.31.46.0-255,66,28452,43,237902
2636,0.000424,74.125.200.0-255,1484,29936,43,237902
2637,0.000428,172.31.46.0-255,66,30002,43,237902
2638,0.000434,74.125.200.0-255,2902,32904,43,237902
2639,0.000436,172.31.46.0-255,66,32970,43,237902
2640,0.000439,74.125.200.0-255,1484,34454,43,237902
2641,0.000446,172.31.46.0-255,66,34520,43,237902
2642,0.000472,74.125.200.0-255,4320,38840,43,237902
2643,0.000475,172.31.46.0-255,66,38906,43,237902
2644,0.000482,74.125.200.0-255,5738,44644,43,237902
2645,0.000484,172.31.46.0-255,66,44710,43,237902
2646,0.000509,74.125.200.0-255,2902,47612,43,237902
2647,0.000512,172.31.46.0-255,66,47678,43,237902
2648,0.000547,74.125.200.0-255,4234,51912,43,237902
2649,0.00055,172.31.46.0-255,66,51978,43,237902
2650,0.000563,172.31.46.0-255,66,52044,43,237902
2651,0.000794,74.125.200.0-255,1484,53528,43,237902
2652,0.000815,74.125.200.0-255,2902,56430,43,237902
2653,0.000819,172.31.46.0-255,66,56496,43,237902
2654,0.000825,74.125.200.0-255,2902,59398,43,237902
2655,0.000826,172.31.46.0-255,66,59464,43,237902
2656,0.000832,74.125.200.0-255,4320,63784,43,237902
2657,0.000834,172.31.46.0-255,66,63850,43,237902
2658,0.000863,74.125.200.0-255,7156,71006,43,237902
2659,0.000865,172.31.46.0-255,66,71072,43,237902
2660,0.000889,74.125.200.0-255,1484,72556,43,237902
2661,0.000897,74.125.200.0-255,7156,79712,43,237902
2662,0.000903,172.31.46.0-255,66,79778,43,237902
2663,0.000923,74.125.200.0-255,2902,82680,43,237902
2664,0.000926,172.31.46.0-255,66,82746,43,237902
2665,0.000953,74.125.200.0-255,3602,86348,43,237902
2666,0.000957,172.31.46.0-255,66,86414,43,237902
2667,0.001051,74.125.200.0-255,1484,87898,43,237902
2668,0.001076,74.125.200.0-255,2902,90800,43,237902
2669,0.001079,172.31.46.0-255,66,90866,43,237902
2670,0.001111,74.125.200.0-255,4320,95186,43,237902
2671,0.001113,172.31.46.0-255,66,95252,43,237902
2672,0.001117,74.125.200.0-255,1484,96736,43,237902
2673,0.001145,74.125.200.0-255,2902,99638,43,237902
2674,0.001148,172.31.46.0-255,66,99704,43,237902
2675,0.001161,74.125.200.0-255,1484,101188,43,237902
2676,0.001177,74.125.200.0-255,1484,102672,43,237902
2677,0.001179,172.31.46.0-255,66,102738,43,237902
2678,0.001193,74.125.200.0-255,2902,105640,43,237902
2679,0.001201,172.31.46.0-255,66,105706,43,237902
2680,0.001208,74.125.200.0-255,1484,107190,43,237902
2681,0.001225,74.125.200.0-255,4320,111510,43,237902
2682,0.001227,172.31.46.0-255,66,111576,43,237902
2683,0.001255,74.125.200.0-255,4320,115896,43,237902
2684,0.001258,172.31.46.0-255,66,115962,43,237902
2685,0.001271,172.31.46.0-255,66,116028,43,237902
2686,0.001275,74.125.200.0-255,2902,118930,43,237902
2687,0.001277,172.31.46.0-255,66,118996,43,237902
2688,0.001304,74.125.200.0-255,1484,120480,43,237902
2689,0.001331,172.31.46.0-255,66,120546,43,237902
2690,0.001358,74.125.200.0-255,4320,124866,43,237902
2691,0.001361,172.31.46.0-255,66,124932,43,237902
2692,0.001402,74.125.200.0-255,2184,127116,43,237902
2693,0.001413,172.31.46.0-255,66,127182,43,237902
2694,0.001446,74.125.200.0-255,1484,128666,43,237902
2695,0.001465,74.125.200.0-255,2902,131568,43,237902
2696,0.001484,172.31.46.0-255,66,131634,43,237902
2697,0.001488,74.125.200.0-255,1484,133118,43,237902
2698,0.001512,74.125.200.0-255,2902,136020,43,237902
2699,0.001519,74.125.200.0-255,5738,141758,43,237902
2700,0.001536,74.125.200.0-255,4320,146078,43,237902
2701,0.001545,172.31.46.0-255,66,146144,43,237902
2702,0.001551,74.125.200.0-255,4320,150464,43,237902
2703,0.001553,74.125.200.0-255,1484,151948,43,237902
2704,0.001575,74.125.200.0-255,5738,157686,43,237902
2705,0.001579,172.31.46.0-255,66,157752,43,237902
2706,0.001604,74.125.200.0-255,2902,160654,43,237902
2707,0.001607,74.125.200.0-255,766,161420,43,237902
2708,0.001619,172.31.46.0-255,66,161486,43,237902
2709,0.001662,74.125.200.0-255,1484,162970,43,237902
2710,0.001667,74.125.200.0-255,2902,165872,43,237902
2711,0.001685,74.125.200.0-255,4320,170192,43,237902
2712,0.001688,172.31.46.0-255,66,170258,43,237902
2713,0.001699,172.31.46.0-255,66,170324,43,237902
2714,0.001737,74.125.200.0-255,7156,177480,43,237902
2715,0.00174,74.125.200.0-255,1484,178964,43,237902
2716,0.001763,74.125.200.0-255,4320,183284,43,237902
2717,0.001766,172.31.46.0-255,66,183350,43,237902
2718,0.001771,172.31.46.0-255,66,183416,43,237902
2719,0.001792,74.125.200.0-255,2902,186318,43,237902
2720,0.001831,74.125.200.0-255,4320,190638,43,237902
2721,0.001864,74.125.200.0-255,2184,192822,43,237902
2722,0.001871,74.125.200.0-255,7156,199978,43,237902
2723,0.001889,74.125.200.0-255,7156,207134,43,237902
2724,0.001894,172.31.46.0-255,66,207200,43,237902
2725,0.001901,172.31.46.0-255,66,207266,43,237902
2726,0.001908,74.125.200.0-255,766,208032,43,237902
2727,0.001964,172.31.46.0-255,66,208098,43,237902
2728,0.00202,172.31.46.0-255,66,208164,43,237902
2729,0.00203,74.125.200.0-255,2902,211066,43,237902
2730,0.002035,172.31.46.0-255,66,211132,43,237902
2731,0.002069,74.125.200.0-255,5738,216870,43,237902
2732,0.002082,74.125.200.0-255,2902,219772,43,237902
2733,0.002099,172.31.46.0-255,66,219838,43,237902
2734,0.002122,172.31.46.0-255,66,219904,43,237902
2735,0.00217,74.125.200.0-255,4320,224224,43,237902
2736,0.002173,74.125.200.0-255,1484,225708,43,237902
2737,0.002193,74.125.200.0-255,2902,228610,43,237902
2738,0.002197,172.31.46.0-255,66,228676,43,237902
2739,0.002202,172.31.46.0-255,66,228742,43,237902
2740,0.002247,74.125.200.0-255,2184,230926,43,237902
2741,0.002273,74.125.200.0-255,6568,237494,43,237902
2742,0.002293,172.31.46.0-255,66,237560,43,237902
2743,0.004469,74.125.200.0-255,105,237665,43,237902
2744,0.005253,172.31.46.0-255,66,237731,43,237902
2745,0.005289,172.31.46.0-255,105,237836,43,237902
2746,0.007449,74.125.200.0-255,66,237902,43,237902
2747,0.0,74.125.130.0-255,438,438,43,136115
2748,2.4e-05,172.31.46.0-255,66,504,43,136115
2749,3.1e-05,74.125.130.0-255,1484,1988,43,136115
2750,3.6e-05,172.31.46.0-255,66,2054,43,136115
2751,4.2e-05,74.125.130.0-255,2902,4956,43,136115
2752,4.6e-05,172.31.46.0-255,66,5022,43,136115
2753,7.7e-05,74.125.130.0-255,5738,10760,43,136115
2754,8e-05,172.31.46.0-255,66,10826,43,136115
2755,0.000116,74.125.130.0-255,5738,16564,43,136115
2756,0.000119,172.31.46.0-255,66,16630,43,136115
2757,0.000131,74.125.130.0-255,426,17056,43,136115
2758,0.000134,172.31.46.0-255,66,17122,43,136115
2759,0.000137,74.125.130.0-255,1484,18606,43,136115
2760,0.000139,172.31.46.0-255,66,18672,43,136115
2761,0.000164,172.31.46.0-255,66,18738,43,136115
2762,0.000183,74.125.130.0-255,1484,20222,43,136115
2763,0.000185,172.31.46.0-255,66,20288,43,136115
2764,0.000217,74.125.130.0-255,2543,22831,43,136115
2765,0.000221,172.31.46.0-255,66,22897,43,136115
2766,0.001228,74.125.130.0-255,1484,24381,43,136115
2767,0.001236,172.31.46.0-255,66,24447,43,136115
2768,0.001245,74.125.130.0-255,2902,27349,43,136115
2769,0.001247,172.31.46.0-255,66,27415,43,136115
2770,0.001251,74.125.130.0-255,1484,28899,43,136115
2771,0.001253,172.31.46.0-255,66,28965,43,136115
2772,0.001276,74.125.130.0-255,2902,31867,43,136115
2773,0.001279,172.31.46.0-255,66,31933,43,136115
2774,0.001299,172.31.46.0-255,66,31999,43,136115
2775,0.001344,74.125.130.0-255,4320,36319,43,136115
2776,0.001347,172.31.46.0-255,66,36385,43,136115
2777,0.001364,74.125.130.0-255,1484,37869,43,136115
2778,0.00138,74.125.130.0-255,2902,40771,43,136115
2779,0.001391,74.125.130.0-255,4320,45091,43,136115
2780,0.001423,74.125.130.0-255,1484,46575,43,136115
2781,0.001441,74.125.130.0-255,2795,49370,43,136115
2782,0.001577,74.125.130.0-255,403,49773,43,136115
2783,0.002306,74.125.130.0-255,1484,51257,43,136115
2784,0.002314,74.125.130.0-255,2902,54159,43,136115
2785,0.002333,74.125.130.0-255,4320,58479,43,136115
2786,0.002345,74.125.130.0-255,1484,59963,43,136115
2787,0.00236,74.125.130.0-255,1484,61447,43,136115
2788,0.002372,74.125.130.0-255,2902,64349,43,136115
2789,0.002389,74.125.130.0-255,1484,65833,43,136115
2790,0.002409,74.125.130.0-255,4320,70153,43,136115
2791,0.002433,74.125.130.0-255,5738,75891,43,136115
2792,0.002451,74.125.130.0-255,4320,80211,43,136115
2793,0.002514,74.125.130.0-255,3602,83813,43,136115
2794,0.005515,172.31.46.0-255,66,83879,43,136115
2795,0.007981,74.125.130.0-255,5738,89617,43,136115
2796,0.007992,172.31.46.0-255,66,89683,43,136115
2797,0.010439,74.125.130.0-255,5738,95421,43,136115
2798,0.010453,172.31.46.0-255,66,95487,43,136115
2799,0.012931,74.125.130.0-255,5738,101225,43,136115
2800,0.012956,172.31.46.0-255,66,101291,43,136115
2801,0.01542,74.125.130.0-255,5738,107029,43,136115
2802,0.015436,172.31.46.0-255,66,107095,43,136115
2803,0.017898,74.125.130.0-255,5738,112833,43,136115
2804,0.017917,172.31.46.0-255,66,112899,43,136115
2805,0.020374,74.125.130.0-255,5738,118637,43,136115
2806,0.020385,172.31.46.0-255,66,118703,43,136115
2807,0.022879,74.125.130.0-255,5738,124441,43,136115
2808,0.02289,172.31.46.0-255,66,124507,43,136115
2809,0.025341,74.125.130.0-255,5738,130245,43,136115
2810,0.025357,172.31.46.0-255,66,130311,43,136115
2811,0.027828,74.125.130.0-255,5738,136049,43,136115
2812,0.027846,172.31.46.0-255,66,136115,43,136115
2813,0.0,74.125.200.0-255,153,153,43,214866
2814,2.2e-05,172.31.46.0-255,66,219,43,214866
2815,2.8e-05,74.125.200.0-255,1484,1703,43,214866
2816,3.3e-05,172.31.46.0-255,66,1769,43,214866
2817,6e-05,74.125.200.0-255,2902,4671,43,214866
2818,6.3e-05,172.31.46.0-255,66,4737,43,214866
2819,7.4e-05,74.125.200.0-255,5738,10475,43,214866
2820,7.6e-05,172.31.46.0-255,66,10541,43,214866
2821,8.1e-05,74.125.200.0-255,3473,14014,43,214866
2822,8.4e-05,172.31.46.0-255,66,14080,43,214866
2823,0.000126,74.125.200.0-255,2902,16982,43,214866
2824,0.000129,172.31.46.0-255,66,17048,43,214866
2825,0.000131,74.125.200.0-255,1484,18532,43,214866
2826,0.000133,172.31.46.0-255,66,18598,43,214866
2827,0.000156,74.125.200.0-255,2902,21500,43,214866
2828,0.000161,172.31.46.0-255,66,21566,43,214866
2829,0.000181,74.125.200.0-255,5738,27304,43,214866
2830,0.000183,172.31.46.0-255,66,27370,43,214866
2831,0.000209,74.125.200.0-255,7156,34526,43,214866
2832,0.000211,172.31.46.0-255,66,34592,43,214866
2833,0.000235,74.125.200.0-255,2902,37494,43,214866
2834,0.000237,172.31.46.0-255,66,37560,43,214866
2835,0.000265,74.125.200.0-255,7156,44716,43,214866
2836,0.000268,172.31.46.0-255,66,44782,43,214866
2837,0.00029,74.125.200.0-255,1484,46266,43,214866
2838,0.000292,172.31.46.0-255,66,46332,43,214866
2839,0.000315,74.125.200.0-255,2184,48516,43,214866
2840,0.000318,172.31.46.0-255,66,48582,43,214866
2841,0.000716,74.125.200.0-255,1484,50066,43,214866
2842,0.000721,172.31.46.0-255,66,50132,43,214866
2843,0.000746,74.125.200.0-255,1484,51616,43,214866
2844,0.000748,172.31.46.0-255,66,51682,43,214866
2845,0.000772,74.125.200.0-255,2902,54584,43,214866
2846,0.000775,172.31.46.0-255,66,54650,43,214866
2847,0.000815,74.125.200.0-255,5738,60388,43,214866
2848,0.000818,172.31.46.0-255,66,60454,43,214866
2849,0.000824,74.125.200.0-255,5958,66412,43,214866
2850,0.000826,172.31.46.0-255,66,66478,43,214866
2851,0.001057,74.125.200.0-255,1484,67962,43,214866
2852,0.001071,74.125.200.0-255,2902,70864,43,214866
2853,0.001074,172.31.46.0-255,66,70930,43,214866
2854,0.0011,74.125.200.0-255,5738,76668,43,214866
2855,0.001103,172.31.46.0-255,66,76734,43,214866
2856,0.001119,74.125.200.0-255,1484,78218,43,214866
2857,0.001122,74.125.200.0-255,1484,79702,43,214866
2858,0.001124,172.31.46.0-255,66,79768,43,214866
2859,0.001137,74.125.200.0-255,1484,81252,43,214866
2860,0.001147,74.125.200.0-255,5738,86990,43,214866
2861,0.001149,172.31.46.0-255,66,87056,43,214866
2862,0.001179,74.125.200.0-255,7156,94212,43,214866
2863,0.001181,172.31.46.0-255,66,94278,43,214866
2864,0.001234,74.125.200.0-255,1484,95762,43,214866
2865,0.001256,74.125.200.0-255,5020,100782,43,214866
2866,0.001259,172.31.46.0-255,66,100848,43,214866
2867,0.001988,74.125.200.0-255,1484,102332,43,214866
2868,0.002032,74.125.200.0-255,2902,105234,43,214866
2869,0.002037,172.31.46.0-255,66,105300,43,214866
2870,0.002042,74.125.200.0-255,2902,108202,43,214866
2871,0.002044,172.31.46.0-255,66,108268,43,214866
2872,0.002048,74.125.200.0-255,2902,111170,43,214866
2873,0.002056,172.31.46.0-255,66,111236,43,214866
2874,0.002083,74.125.200.0-255,1484,112720,43,214866
2875,0.002093,172.31.46.0-255,66,112786,43,214866
2876,0.002098,74.125.200.0-255,4320,117106,43,214866
2877,0.0021,172.31.46.0-255,66,117172,43,214866
2878,0.002133,74.125.200.0-255,2902,120074,43,214866
2879,0.002135,172.31.46.0-255,66,120140,43,214866
2880,0.002153,74.125.200.0-255,6438,126578,43,214866
2881,0.002155,172.31.46.0-255,66,126644,43,214866
2882,0.002252,74.125.200.0-255,1484,128128,43,214866
2883,0.002269,74.125.200.0-255,2902,131030,43,214866
2884,0.002271,172.31.46.0-255,66,131096,43,214866
2885,0.002297,74.125.200.0-255,4320,135416,43,214866
2886,0.002299,172.31.46.0-255,66,135482,43,214866
2887,0.00233,172.31.46.0-255,66,135548,43,214866
2888,0.002333,74.125.200.0-255,1484,137032,43,214866
2889,0.002359,74.125.200.0-255,4320,141352,43,214866
2890,0.002362,172.31.46.0-255,66,141418,43,214866
2891,0.002368,74.125.200.0-255,7156,148574,43,214866
2892,0.00237,172.31.46.0-255,66,148640,43,214866
2893,0.002378,74.125.200.0-255,3602,152242,43,214866
2894,0.00238,172.31.46.0-255,66,152308,43,214866
2895,0.004713,74.125.200.0-255,1484,153792,43,214866
2896,0.004732,74.125.200.0-255,4320,158112,43,214866
2897,0.004736,172.31.46.0-255,66,158178,43,214866
2898,0.00707,74.125.200.0-255,5738,163916,43,214866
2899,0.007077,172.31.46.0-255,66,163982,43,214866
2900,0.009424,74.125.200.0-255,5738,169720,43,214866
2901,0.009435,172.31.46.0-255,66,169786,43,214866
2902,0.011769,74.125.200.0-255,4320,174106,43,214866
2903,0.011775,172.31.46.0-255,66,174172,43,214866
2904,0.011803,74.125.200.0-255,1484,175656,43,214866
2905,0.014113,74.125.200.0-255,4320,179976,43,214866
2906,0.01412,172.31.46.0-255,66,180042,43,214866
2907,0.016482,74.125.200.0-255,5738,185780,43,214866
2908,0.016493,172.31.46.0-255,66,185846,43,214866
2909,0.018889,74.125.200.0-255,5738,191584,43,214866
2910,0.018906,172.31.46.0-255,66,191650,43,214866
2911,0.021273,74.125.200.0-255,5738,197388,43,214866
2912,0.021293,172.31.46.0-255,66,197454,43,214866
2913,0.023656,74.125.200.0-255,5738,203192,43,214866
2914,0.023675,172.31.46.0-255,66,203258,43,214866
2915,0.026072,74.125.200.0-255,5738,208996,43,214866
2916,0.026087,172.31.46.0-255,66,209062,43,214866
2917,0.028465,74.125.200.0-255,5738,214800,43,214866
2918,0.028482,172.31.46.0-255,66,214866,43,214866
2919,0.0,172.217.194.0-255,153,153,43,218696
2920,2.2e-05,172.31.46.0-255,66,219,43,218696
2921,2.9e-05,172.217.194.0-255,1484,1703,43,218696
2922,3.4e-05,172.31.46.0-255,66,1769,43,218696
2923,4.6e-05,172.217.194.0-255,2902,4671,43,218696
2924,4.9e-05,172.31.46.0-255,66,4737,43,218696
2925,8.2e-05,172.217.194.0-255,7156,11893,43,218696
2926,8.5e-05,172.31.46.0-255,66,11959,43,218696
2927,8.9e-05,172.217.194.0-255,1484,13443,43,218696
2928,9.1e-05,172.31.46.0-255,66,13509,43,218696
2929,0.000131,172.217.194.0-255,6256,19765,43,218696
2930,0.000134,172.31.46.0-255,66,19831,43,218696
2931,0.000141,172.217.194.0-255,5738,25569,43,218696
2932,0.000143,172.31.46.0-255,66,25635,43,218696
2933,0.000172,172.217.194.0-255,5379,31014,43,218696
2934,0.000175,172.31.46.0-255,66,31080,43,218696
2935,0.000908,172.217.194.0-255,1484,32564,43,218696
2936,0.000915,172.31.46.0-255,66,32630,43,218696
2937,0.000924,172.217.194.0-255,2902,35532,43,218696
2938,0.000926,172.31.46.0-255,66,35598,43,218696
2939,0.000939,172.217.194.0-255,5738,41336,43,218696
2940,0.000941,172.31.46.0-255,66,41402,43,218696
2941,0.000997,172.31.46.0-255,66,41468,43,218696
2942,0.001041,172.217.194.0-255,4320,45788,43,218696
2943,0.001043,172.31.46.0-255,66,45854,43,218696
2944,0.001076,172.217.194.0-255,7088,52942,43,218696
2945,0.001079,172.31.46.0-255,66,53008,43,218696
2946,0.001174,172.217.194.0-255,1484,54492,43,218696
2947,0.001178,172.31.46.0-255,66,54558,43,218696
2948,0.001184,172.217.194.0-255,2902,57460,43,218696
2949,0.001185,172.31.46.0-255,66,57526,43,218696
2950,0.001214,172.217.194.0-255,5738,63264,43,218696
2951,0.001217,172.31.46.0-255,66,63330,43,218696
2952,0.001246,172.217.194.0-255,6797,70127,43,218696
2953,0.001249,172.31.46.0-255,66,70193,43,218696
2954,0.001302,172.217.194.0-255,1484,71677,43,218696
2955,0.001309,172.217.194.0-255,2902,74579,43,218696
2956,0.001312,172.31.46.0-255,66,74645,43,218696
2957,0.001319,172.217.194.0-255,5738,80383,43,218696
2958,0.001321,172.31.46.0-255,66,80449,43,218696
2959,0.001355,172.31.46.0-255,66,80515,43,218696
2960,0.001378,172.217.194.0-255,1484,81999,43,218696
2961,0.001383,172.217.194.0-255,2902,84901,43,218696
2962,0.001386,172.31.46.0-255,66,84967,43,218696
2963,0.00143,172.31.46.0-255,66,85033,43,218696
2964,0.00148,172.31.46.0-255,66,85099,43,218696
2965,0.001499,172.217.194.0-255,1125,86224,43,218696
2966,0.001502,172.217.194.0-255,1484,87708,43,218696
2967,0.001504,172.31.46.0-255,66,87774,43,218696
2968,0.001509,172.217.194.0-255,2902,90676,43,218696
2969,0.001511,172.31.46.0-255,66,90742,43,218696
2970,0.001518,172.217.194.0-255,5738,96480,43,218696
2971,0.001521,172.31.46.0-255,66,96546,43,218696
2972,0.001533,172.31.46.0-255,66,96612,43,218696
2973,0.001543,172.217.194.0-255,1484,98096,43,218696
2974,0.001548,172.217.194.0-255,2902,100998,43,218696
2975,0.00155,172.31.46.0-255,66,101064,43,218696
2976,0.001588,172.31.46.0-255,66,101130,43,218696
2977,0.001924,172.217.194.0-255,1484,102614,43,218696
2978,0.001932,172.217.194.0-255,2902,105516,43,218696
2979,0.001937,172.31.46.0-255,66,105582,43,218696
2980,0.001944,172.217.194.0-255,4320,109902,43,218696
2981,0.001946,172.31.46.0-255,66,109968,43,218696
2982,0.00197,172.217.194.0-255,1484,111452,43,218696
2983,0.001979,172.217.194.0-255,7156,118608,43,218696
2984,0.001981,172.31.46.0-255,66,118674,43,218696
2985,0.001993,172.31.46.0-255,66,118740,43,218696
2986,0.001996,172.217.194.0-255,1484,120224,43,218696
2987,0.002035,172.217.194.0-255,6438,126662,43,218696
2988,0.002038,172.31.46.0-255,66,126728,43,218696
2989,0.002086,172.217.194.0-255,1484,128212,43,218696
2990,0.00211,172.217.194.0-255,2902,131114,43,218696
2991,0.002113,172.31.46.0-255,66,131180,43,218696
2992,0.002147,172.217.194.0-255,5738,136918,43,218696
2993,0.00215,172.31.46.0-255,66,136984,43,218696
2994,0.002156,172.217.194.0-255,4320,141304,43,218696
2995,0.002158,172.31.46.0-255,66,141370,43,218696
2996,0.002205,172.31.46.0-255,66,141436,43,218696
2997,0.002217,172.31.46.0-255,66,141502,43,218696
2998,0.002232,172.31.46.0-255,66,141568,43,218696
2999,0.002291,172.31.46.0-255,66,141634,43,218696
3000,0.002302,172.31.46.0-255,66,141700,43,218696
3001,0.00231,172.217.194.0-255,1484,143184,43,218696
3002,0.002315,172.217.194.0-255,2902,146086,43,218696
3003,0.002317,172.31.46.0-255,66,146152,43,218696
3004,0.002324,172.217.194.0-255,5738,151890,43,218696
3005,0.002326,172.31.46.0-255,66,151956,43,218696
3006,0.002338,172.31.46.0-255,66,152022,43,218696
3007,0.002372,172.217.194.0-255,2902,154924,43,218696
3008,0.002374,172.31.46.0-255,66,154990,43,218696
3009,0.002398,172.217.194.0-255,4320,159310,43,218696
3010,0.0024,172.31.46.0-255,66,159376,43,218696
3011,0.002433,172.217.194.0-255,6438,165814,43,218696
3012,0.002435,172.31.46.0-255,66,165880,43,218696
3013,0.002465,172.217.194.0-255,1484,167364,43,218696
3014,0.002496,172.217.194.0-255,2902,170266,43,218696
3015,0.002499,172.31.46.0-255,66,170332,43,218696
3016,0.002505,172.217.194.0-255,5738,176070,43,218696
3017,0.002507,172.31.46.0-255,66,176136,43,218696
3018,0.002579,172.31.46.0-255,66,176202,43,218696
3019,0.002645,172.31.46.0-255,66,176268,43,218696
3020,0.002659,172.31.46.0-255,66,176334,43,218696
3021,0.00267,172.217.194.0-255,5738,182072,43,218696
3022,0.002673,172.31.46.0-255,66,182138,43,218696
3023,0.002718,172.31.46.0-255,66,182204,43,218696
3024,0.005433,172.217.194.0-255,5738,187942,43,218696
3025,0.00544,172.31.46.0-255,66,188008,43,218696
3026,0.008201,172.217.194.0-255,5738,193746,43,218696
3027,0.008207,172.31.46.0-255,66,193812,43,218696
3028,0.010929,172.217.194.0-255,4320,198132,43,218696
3029,0.010936,172.31.46.0-255,66,198198,43,218696
3030,0.010965,172.217.194.0-255,1484,199682,43,218696
3031,0.013637,172.217.194.0-255,4320,204002,43,218696
3032,0.013647,172.31.46.0-255,66,204068,43,218696
3033,0.016395,172.217.194.0-255,5738,209806,43,218696
3034,0.016403,172.31.46.0-255,66,209872,43,218696
3035,0.019126,172.217.194.0-255,5738,215610,43,218696
3036,0.019136,172.31.46.0-255,66,215676,43,218696
3037,0.021887,172.217.194.0-255,2783,218459,43,218696
3038,0.021901,172.31.46.0-255,66,218525,43,218696
3039,0.02214,172.31.46.0-255,105,218630,43,218696
3040,0.024807,172.217.194.0-255,66,218696,43,218696
3041,0.0,172.217.194.0-255,153,153,43,192381
3042,1.7e-05,172.31.46.0-255,66,219,43,192381
3043,2.4e-05,172.217.194.0-255,1484,1703,43,192381
3044,2.8e-05,172.31.46.0-255,66,1769,43,192381
3045,4e-05,172.217.194.0-255,2902,4671,43,192381
3046,4.3e-05,172.31.46.0-255,66,4737,43,192381
3047,4.8e-05,172.217.194.0-255,2902,7639,43,192381
3048,5.2e-05,172.31.46.0-255,66,7705,43,192381
3049,9.3e-05,172.217.194.0-255,4320,12025,43,192381
3050,9.7e-05,172.31.46.0-255,66,12091,43,192381
3051,0.000103,172.217.194.0-255,4862,16953,43,192381
3052,0.000106,172.31.46.0-255,66,17019,43,192381
3053,0.000121,172.31.46.0-255,66,17085,43,192381
3054,0.000146,172.217.194.0-255,1484,18569,43,192381
3055,0.000149,172.31.46.0-255,66,18635,43,192381
3056,0.000153,172.217.194.0-255,2902,21537,43,192381
3057,0.000155,172.31.46.0-255,66,21603,43,192381
3058,0.000162,172.217.194.0-255,5738,27341,43,192381
3059,0.000165,172.31.46.0-255,66,27407,43,192381
3060,0.000203,172.31.46.0-255,66,27473,43,192381
3061,0.00021,172.217.194.0-255,5738,33211,43,192381
3062,0.000212,172.31.46.0-255,66,33277,43,192381
3063,0.000239,172.217.194.0-255,5365,38642,43,192381
3064,0.000243,172.31.46.0-255,66,38708,43,192381
3065,0.000283,172.217.194.0-255,1484,40192,43,192381
3066,0.000285,172.31.46.0-255,66,40258,43,192381
3067,0.000289,172.217.194.0-255,1484,41742,43,192381
3068,0.00029,172.31.46.0-255,66,41808,43,192381
3069,0.000309,172.217.194.0-255,1484,43292,43,192381
3070,0.000311,172.31.46.0-255,66,43358,43,192381
3071,0.000318,172.217.194.0-255,5738,49096,43,192381
3072,0.000321,172.31.46.0-255,66,49162,43,192381
3073,0.000325,172.217.194.0-255,2902,52064,43,192381
3074,0.000329,172.31.46.0-255,66,52130,43,192381
3075,0.000359,172.31.46.0-255,66,52196,43,192381
3076,0.000367,172.217.194.0-255,5738,57934,43,192381
3077,0.000369,172.31.46.0-255,66,58000,43,192381
3078,0.000405,172.217.194.0-255,4737,62737,43,192381
3079,0.000408,172.31.46.0-255,66,62803,43,192381
3080,0.000421,172.31.46.0-255,66,62869,43,192381
3081,0.000428,172.217.194.0-255,7156,70025,43,192381
3082,0.000431,172.31.46.0-255,66,70091,43,192381
3083,0.000458,172.217.194.0-255,2902,72993,43,192381
3084,0.00046,172.31.46.0-255,66,73059,43,192381
3085,0.000468,172.217.194.0-255,7156,80215,43,192381
3086,0.00047,172.31.46.0-255,66,80281,43,192381
3087,0.000495,172.217.194.0-255,5020,85301,43,192381
3088,0.000498,172.31.46.0-255,66,85367,43,192381
3089,0.000616,172.217.194.0-255,1484,86851,43,192381
3090,0.000623,172.217.194.0-255,2902,89753,43,192381
3091,0.000627,172.31.46.0-255,66,89819,43,192381
3092,0.000631,172.217.194.0-255,1484,91303,43,192381
3093,0.00066,172.217.194.0-255,4320,95623,43,192381
3094,0.000663,172.31.46.0-255,66,95689,43,192381
3095,0.000675,172.31.46.0-255,66,95755,43,192381
3096,0.00068,172.217.194.0-255,4320,100075,43,192381
3097,0.000682,172.31.46.0-255,66,100141,43,192381
3098,0.000712,172.217.194.0-255,5738,105879,43,192381
3099,0.000715,172.31.46.0-255,66,105945,43,192381
3100,0.000717,172.217.194.0-255,766,106711,43,192381
3101,0.000797,172.217.194.0-255,1484,108195,43,192381
3102,0.000801,172.31.46.0-255,66,108261,43,192381
3103,0.000806,172.217.194.0-255,2902,111163,43,192381
3104,0.000808,172.31.46.0-255,66,111229,43,192381
3105,0.000811,172.217.194.0-255,1484,112713,43,192381
3106,0.000843,172.217.194.0-255,4320,117033,43,192381
3107,0.000846,172.31.46.0-255,66,117099,43,192381
3108,0.000889,172.217.194.0-255,5738,122837,43,192381
3109,0.000891,172.31.46.0-255,66,122903,43,192381
3110,0.000917,172.217.194.0-255,7156,130059,43,192381
3111,0.00092,172.31.46.0-255,66,130125,43,192381
3112,0.000933,172.31.46.0-255,66,130191,43,192381
3113,0.001017,172.217.194.0-255,1484,131675,43,192381
3114,0.001037,172.217.194.0-255,2902,134577,43,192381
3115,0.001041,172.31.46.0-255,66,134643,43,192381
3116,0.001048,172.217.194.0-255,5738,140381,43,192381
3117,0.001051,172.31.46.0-255,66,140447,43,192381
3118,0.001086,172.31.46.0-255,66,140513,43,192381
3119,0.001114,172.217.194.0-255,1484,141997,43,192381
3120,0.001128,172.31.46.0-255,66,142063,43,192381
3121,0.001135,172.217.194.0-255,7156,149219,43,192381
3122,0.001138,172.31.46.0-255,66,149285,43,192381
3123,0.00115,172.31.46.0-255,66,149351,43,192381
3124,0.001202,172.31.46.0-255,66,149417,43,192381
3125,0.001228,172.217.194.0-255,2902,152319,43,192381
3126,0.001231,172.31.46.0-255,66,152385,43,192381
3127,0.001234,172.217.194.0-255,766,153151,43,192381
3128,0.001281,172.217.194.0-255,1484,154635,43,192381
3129,0.001285,172.31.46.0-255,66,154701,43,192381
3130,0.001311,172.217.194.0-255,2902,157603,43,192381
3131,0.001315,172.31.46.0-255,66,157669,43,192381
3132,0.00132,172.217.194.0-255,4320,161989,43,192381
3133,0.001322,172.31.46.0-255,66,162055,43,192381
3134,0.001359,172.217.194.0-255,1484,163539,43,192381
3135,0.001364,172.217.194.0-255,4320,167859,43,192381
3136,0.001367,172.31.46.0-255,66,167925,43,192381
3137,0.00138,172.31.46.0-255,66,167991,43,192381
3138,0.001383,172.217.194.0-255,1484,169475,43,192381
3139,0.001409,172.217.194.0-255,6438,175913,43,192381
3140,0.001412,172.31.46.0-255,66,175979,43,192381
3141,0.001436,172.217.194.0-255,5738,181717,43,192381
3142,0.001442,172.31.46.0-255,66,181783,43,192381
3143,0.001467,172.217.194.0-255,2902,184685,43,192381
3144,0.00148,172.217.194.0-255,2902,187587,43,192381
3145,0.00149,172.31.46.0-255,66,187653,43,192381
3146,0.001526,172.217.194.0-255,4320,191973,43,192381
3147,0.001619,172.31.46.0-255,66,192039,43,192381
3148,0.001661,172.217.194.0-255,105,192144,43,192381
3149,0.001672,172.31.46.0-255,66,192210,43,192381
3150,0.01126,172.31.46.0-255,105,192315,43,192381
3151,0.013514,172.217.194.0-255,66,192381,43,192381
3152,0.0,172.253.118.0-255,146,146,43,178152
3153,1.5e-05,172.31.46.0-255,66,212,43,178152
3154,2e-05,172.253.118.0-255,1484,1696,43,178152
3155,2.5e-05,172.31.46.0-255,66,1762,43,178152
3156,3e-05,172.253.118.0-255,2902,4664,43,178152
3157,3.3e-05,172.31.46.0-255,66,4730,43,178152
3158,6.8e-05,172.253.118.0-255,7156,11886,43,178152
3159,7.1e-05,172.31.46.0-255,66,11952,43,178152
3160,8.5e-05,172.253.118.0-255,2902,14854,43,178152
3161,8.7e-05,172.31.46.0-255,66,14920,43,178152
3162,0.000112,172.253.118.0-255,4992,19912,43,178152
3163,0.000114,172.31.46.0-255,66,19978,43,178152
3164,0.000116,172.253.118.0-255,1484,21462,43,178152
3165,0.000118,172.31.46.0-255,66,21528,43,178152
3166,0.00016,172.253.118.0-255,5738,27266,43,178152
3167,0.000163,172.31.46.0-255,66,27332,43,178152
3168,0.000179,172.253.118.0-255,3961,31293,43,178152
3169,0.000181,172.31.46.0-255,66,31359,43,178152
3170,0.000243,172.253.118.0-255,1484,32843,43,178152
3171,0.000247,172.31.46.0-255,66,32909,43,178152
3172,0.000252,172.253.118.0-255,2902,35811,43,178152
3173,0.000254,172.31.46.0-255,66,35877,43,178152
3174,0.000259,172.253.118.0-255,4320,40197,43,178152
3175,0.000261,172.31.46.0-255,66,40263,43,178152
3176,0.000265,172.253.118.0-255,4320,44583,43,178152
3177,0.000268,172.31.46.0-255,66,44649,43,178152
3178,0.000289,172.253.118.0-255,1484,46133,43,178152
3179,0.000292,172.31.46.0-255,66,46199,43,178152
3180,0.000309,172.253.118.0-255,5738,51937,43,178152
3181,0.000312,172.31.46.0-255,66,52003,43,178152
3182,0.000325,172.253.118.0-255,6797,58800,43,178152
3183,0.000328,172.31.46.0-255,66,58866,43,178152
3184,0.000353,172.253.118.0-255,2902,61768,43,178152
3185,0.000372,172.253.118.0-255,4258,66026,43,178152
3186,0.000449,172.31.46.0-255,66,66092,43,178152
3187,0.000609,172.253.118.0-255,131,66223,43,178152
3188,0.000927,172.31.46.0-255,66,66289,43,178152
3189,0.001176,172.253.118.0-255,346,66635,43,178152
3190,0.00154,172.253.118.0-255,1484,68119,43,178152
3191,0.001547,172.253.118.0-255,2902,71021,43,178152
3192,0.00155,172.253.118.0-255,1484,72505,43,178152
3193,0.001563,172.253.118.0-255,4320,76825,43,178152
3194,0.001578,172.253.118.0-255,2902,79727,43,178152
3195,0.001596,172.253.118.0-255,7156,86883,43,178152
3196,0.001612,172.253.118.0-255,5738,92621,43,178152
3197,0.001625,172.253.118.0-255,4320,96941,43,178152
3198,0.00166,172.253.118.0-255,3602,100543,43,178152
3199,0.004281,172.31.46.0-255,66,100609,43,178152
3200,0.00633,172.253.118.0-255,4320,104929,43,178152
3201,0.006335,172.31.46.0-255,66,104995,43,178152
3202,0.006348,172.253.118.0-255,1484,106479,43,178152
3203,0.008351,172.253.118.0-255,4320,110799,43,178152
3204,0.008361,172.31.46.0-255,66,110865,43,178152
3205,0.010429,172.253.118.0-255,5738,116603,43,178152
3206,0.010469,172.31.46.0-255,66,116669,43,178152
3207,0.01251,172.253.118.0-255,5738,122407,43,178152
3208,0.012519,172.31.46.0-255,66,122473,43,178152
3209,0.014558,172.253.118.0-255,5738,128211,43,178152
3210,0.014567,172.31.46.0-255,66,128277,43,178152
3211,0.016616,172.253.118.0-255,5738,134015,43,178152
3212,0.016627,172.31.46.0-255,66,134081,43,178152
3213,0.018653,172.253.118.0-255,5738,139819,43,178152
3214,0.018664,172.31.46.0-255,66,139885,43,178152
3215,0.020708,172.253.118.0-255,5738,145623,43,178152
3216,0.020716,172.31.46.0-255,66,145689,43,178152
3217,0.022763,172.253.118.0-255,5738,151427,43,178152
3218,0.02277,172.31.46.0-255,66,151493,43,178152
3219,0.024811,172.253.118.0-255,5738,157231,43,178152
3220,0.02482,172.31.46.0-255,66,157297,43,178152
3221,0.026851,172.253.118.0-255,2902,160199,43,178152
3222,0.02686,172.31.46.0-255,66,160265,43,178152
3223,0.026878,172.253.118.0-255,2902,163167,43,178152
3224,0.027079,172.31.46.0-255,66,163233,43,178152
3225,0.028605,172.31.46.0-255,172,163405,43,178152
3226,0.028642,172.31.46.0-255,1108,164513,43,178152
3227,0.028716,172.31.46.0-255,1514,166027,43,178152
3228,0.028718,172.31.46.0-255,1514,167541,43,178152
3229,0.028719,172.31.46.0-255,1514,169055,43,178152
3230,0.02872,172.31.46.0-255,1514,170569,43,178152
3231,0.028749,172.31.46.0-255,1514,172083,43,178152
3232,0.02875,172.31.46.0-255,67,172150,43,178152
3233,0.028906,172.253.118.0-255,2902,175052,43,178152
3234,0.028912,172.31.46.0-255,66,175118,43,178152
3235,0.029107,172.253.118.0-255,1484,176602,43,178152
3236,0.029125,172.253.118.0-255,1484,178086,43,178152
3237,0.029293,172.31.46.0-255,66,178152,43,178152
3238,0.0,74.125.200.0-255,153,153,43,318628
3239,1.6e-05,172.31.46.0-255,66,219,43,318628
3240,2.2e-05,74.125.200.0-255,1484,1703,43,318628
3241,2.6e-05,172.31.46.0-255,66,1769,43,318628
3242,3.2e-05,74.125.200.0-255,2902,4671,43,318628
3243,3.5e-05,172.31.46.0-255,66,4737,43,318628
3244,4e-05,74.125.200.0-255,4320,9057,43,318628
3245,4.3e-05,172.31.46.0-255,66,9123,43,318628
3246,4.7e-05,74.125.200.0-255,2902,12025,43,318628
3247,4.9e-05,172.31.46.0-255,66,12091,43,318628
3248,7.2e-05,74.125.200.0-255,2124,14215,43,318628
3249,7.5e-05,172.31.46.0-255,66,14281,43,318628
3250,9.1e-05,74.125.200.0-255,5738,20019,43,318628
3251,9.4e-05,172.31.46.0-255,66,20085,43,318628
3252,0.000124,74.125.200.0-255,5738,25823,43,318628
3253,0.000126,172.31.46.0-255,66,25889,43,318628
3254,0.000132,74.125.200.0-255,4320,30209,43,318628
3255,0.000134,172.31.46.0-255,66,30275,43,318628
3256,0.000137,74.125.200.0-255,1125,31400,43,318628
3257,0.000139,172.31.46.0-255,66,31466,43,318628
3258,0.000213,74.125.200.0-255,1484,32950,43,318628
3259,0.000217,172.31.46.0-255,66,33016,43,318628
3260,0.00022,74.125.200.0-255,1484,34500,43,318628
3261,0.000222,172.31.46.0-255,66,34566,43,318628
3262,0.000236,74.125.200.0-255,1484,36050,43,318628
3263,0.000238,172.31.46.0-255,66,36116,43,318628
3264,0.000253,74.125.200.0-255,4320,40436,43,318628
3265,0.000256,172.31.46.0-255,66,40502,43,318628
3266,0.000259,74.125.200.0-255,1484,41986,43,318628
3267,0.00026,172.31.46.0-255,66,42052,43,318628
3268,0.000285,74.125.200.0-255,4320,46372,43,318628
3269,0.000288,172.31.46.0-255,66,46438,43,318628
3270,0.000306,74.125.200.0-255,5738,52176,43,318628
3271,0.000349,74.125.200.0-255,7156,59332,43,318628
3272,0.000356,74.125.200.0-255,6438,65770,43,318628
3273,0.000391,74.125.200.0-255,367,66137,43,318628
3274,0.000422,74.125.200.0-255,131,66268,43,318628
3275,0.000481,172.31.46.0-255,66,66334,43,318628
3276,0.000976,74.125.200.0-255,1484,67818,43,318628
3277,0.000995,74.125.200.0-255,2902,70720,43,318628
3278,0.000999,172.31.46.0-255,66,70786,43,318628
3279,0.001002,74.125.200.0-255,1484,72270,43,318628
3280,0.001007,74.125.200.0-255,2902,75172,43,318628
3281,0.001024,172.31.46.0-255,66,75238,43,318628
3282,0.001036,74.125.200.0-255,5738,80976,43,318628
3283,0.001057,172.31.46.0-255,66,81042,43,318628
3284,0.001069,74.125.200.0-255,5738,86780,43,318628
3285,0.001084,74.125.200.0-255,7156,93936,43,318628
3286,0.001108,74.125.200.0-255,1484,95420,43,318628
3287,0.001111,172.31.46.0-255,66,95486,43,318628
3288,0.001123,74.125.200.0-255,2902,98388,43,318628
3289,0.00114,74.125.200.0-255,2184,100572,43,318628
3290,0.001148,172.31.46.0-255,66,100638,43,318628
3291,0.003936,74.125.200.0-255,342,100980,43,318628
3292,0.003969,74.125.200.0-255,1484,102464,43,318628
3293,0.003974,172.31.46.0-255,66,102530,43,318628
3294,0.003992,74.125.200.0-255,2902,105432,43,318628
3295,0.004016,74.125.200.0-255,5738,111170,43,318628
3296,0.004039,74.125.200.0-255,7156,118326,43,318628
3297,0.004058,74.125.200.0-255,2902,121228,43,318628
3298,0.004073,74.125.200.0-255,2184,123412,43,318628
3299,0.004302,74.125.200.0-255,1484,124896,43,318628
3300,0.004307,74.125.200.0-255,2902,127798,43,318628
3301,0.004329,74.125.200.0-255,1484,129282,43,318628
3302,0.004333,74.125.200.0-255,1484,130766,43,318628
3303,0.004348,74.125.200.0-255,1484,132250,43,318628
3304,0.00437,74.125.200.0-255,5738,137988,43,318628
3305,0.004406,74.125.200.0-255,1484,139472,43,318628
3306,0.004418,74.125.200.0-255,4320,143792,43,318628
3307,0.004429,74.125.200.0-255,2902,146694,43,318628
3308,0.004439,74.125.200.0-255,1484,148178,43,318628
3309,0.004442,74.125.200.0-255,766,148944,43,318628
3310,0.004767,74.125.200.0-255,1484,150428,43,318628
3311,0.00478,74.125.200.0-255,2902,153330,43,318628
3312,0.004801,74.125.200.0-255,4320,157650,43,318628
3313,0.004838,74.125.200.0-255,4320,161970,43,318628
3314,0.004852,74.125.200.0-255,2902,164872,43,318628
3315,0.004858,74.125.200.0-255,5738,170610,43,318628
3316,0.004874,74.125.200.0-255,2902,173512,43,318628
3317,0.004892,74.125.200.0-255,2902,176414,43,318628
3318,0.004908,74.125.200.0-255,2184,178598,43,318628
3319,0.004914,74.125.200.0-255,5738,184336,43,318628
3320,0.004941,74.125.200.0-255,4320,188656,43,318628
3321,0.004993,74.125.200.0-255,1484,190140,43,318628
3322,0.005044,74.125.200.0-255,7156,197296,43,318628
3323,0.00506,74.125.200.0-255,2184,199480,43,318628
3324,0.00509,74.125.200.0-255,1484,200964,43,318628
3325,0.005094,74.125.200.0-255,2902,203866,43,318628
3326,0.005123,74.125.200.0-255,5738,209604,43,318628
3327,0.005142,74.125.200.0-255,2902,212506,43,318628
3328,0.005162,74.125.200.0-255,7156,219662,43,318628
3329,0.005176,74.125.200.0-255,2902,222564,43,318628
3330,0.005198,74.125.200.0-255,4320,226884,43,318628
3331,0.005219,74.125.200.0-255,6438,233322,43,318628
3332,0.005248,74.125.200.0-255,4320,237642,43,318628
3333,0.005262,74.125.200.0-255,1484,239126,43,318628
3334,0.005282,74.125.200.0-255,2902,242028,43,318628
3335,0.0053,74.125.200.0-255,4320,246348,43,318628
3336,0.005308,74.125.200.0-255,7156,253504,43,318628
3337,0.005313,74.125.200.0-255,4320,257824,43,318628
3338,0.005327,74.125.200.0-255,4320,262144,43,318628
3339,0.005347,74.125.200.0-255,5020,267164,43,318628
3340,0.00537,74.125.200.0-255,1484,268648,43,318628
3341,0.005385,74.125.200.0-255,4320,272968,43,318628
3342,0.00541,74.125.200.0-255,4320,277288,43,318628
3343,0.005434,74.125.200.0-255,4320,281608,43,318628
3344,0.005458,74.125.200.0-255,1484,283092,43,318628
3345,0.005514,74.125.200.0-255,4320,287412,43,318628
3346,0.005541,74.125.200.0-255,5738,293150,43,318628
3347,0.005557,74.125.200.0-255,5738,298888,43,318628
3348,0.005576,74.125.200.0-255,4320,303208,43,318628
3349,0.005604,74.125.200.0-255,7156,310364,43,318628
3350,0.005623,74.125.200.0-255,3602,313966,43,318628
3351,0.005628,74.125.200.0-255,4320,318286,43,318628
3352,0.00571,74.125.200.0-255,105,318391,43,318628
3353,0.005851,172.31.46.0-255,66,318457,43,318628
3354,0.008033,172.31.46.0-255,105,318562,43,318628
3355,0.010316,74.125.200.0-255,66,318628,43,318628
3356,0.0,74.125.24.0-255,153,153,43,168676
3357,2.1e-05,172.31.46.0-255,66,219,43,168676
3358,2.7e-05,74.125.24.0-255,1484,1703,43,168676
3359,3.1e-05,172.31.46.0-255,66,1769,43,168676
3360,3.6e-05,74.125.24.0-255,2902,4671,43,168676
3361,3.9e-05,172.31.46.0-255,66,4737,43,168676
3362,4.6e-05,74.125.24.0-255,7156,11893,43,168676
3363,4.9e-05,172.31.46.0-255,66,11959,43,168676
3364,7.8e-05,74.125.24.0-255,2041,14000,43,168676
3365,8.1e-05,172.31.46.0-255,66,14066,43,168676
3366,0.000119,74.125.24.0-255,1484,15550,43,168676
3367,0.000121,172.31.46.0-255,66,15616,43,168676
3368,0.000125,74.125.24.0-255,2902,18518,43,168676
3369,0.000127,172.31.46.0-255,66,18584,43,168676
3370,0.000153,74.125.24.0-255,5738,24322,43,168676
3371,0.000155,172.31.46.0-255,66,24388,43,168676
3372,0.000164,74.125.24.0-255,1484,25872,43,168676
3373,0.000166,172.31.46.0-255,66,25938,43,168676
3374,0.000187,74.125.24.0-255,5379,31317,43,168676
3375,0.000189,172.31.46.0-255,66,31383,43,168676
3376,0.000237,74.125.24.0-255,1484,32867,43,168676
3377,0.00024,172.31.46.0-255,66,32933,43,168676
3378,0.000245,74.125.24.0-255,2902,35835,43,168676
3379,0.000247,172.31.46.0-255,66,35901,43,168676
3380,0.000252,74.125.24.0-255,4320,40221,43,168676
3381,0.000254,172.31.46.0-255,66,40287,43,168676
3382,0.000277,74.125.24.0-255,1484,41771,43,168676
3383,0.000279,172.31.46.0-255,66,41837,43,168676
3384,0.000285,74.125.24.0-255,6797,48634,43,168676
3385,0.000287,172.31.46.0-255,66,48700,43,168676
3386,0.000332,172.31.46.0-255,66,48766,43,168676
3387,0.000336,74.125.24.0-255,2815,51581,43,168676
3388,0.000338,172.31.46.0-255,66,51647,43,168676
3389,0.000449,74.125.24.0-255,131,51778,43,168676
3390,0.000466,74.125.24.0-255,348,52126,43,168676
3391,0.000751,74.125.24.0-255,1484,53610,43,168676
3392,0.000756,172.31.46.0-255,66,53676,43,168676
3393,0.000763,74.125.24.0-255,2902,56578,43,168676
3394,0.000765,172.31.46.0-255,66,56644,43,168676
3395,0.000771,74.125.24.0-255,5738,62382,43,168676
3396,0.000773,172.31.46.0-255,66,62448,43,168676
3397,0.000793,74.125.24.0-255,4320,66768,43,168676
3398,0.000796,172.31.46.0-255,66,66834,43,168676
3399,0.000844,172.31.46.0-255,66,66900,43,168676
3400,0.000852,172.31.46.0-255,66,66966,43,168676
3401,0.002039,74.125.24.0-255,1484,68450,43,168676
3402,0.00205,74.125.24.0-255,2902,71352,43,168676
3403,0.002055,172.31.46.0-255,66,71418,43,168676
3404,0.002064,74.125.24.0-255,5738,77156,43,168676
3405,0.002066,172.31.46.0-255,66,77222,43,168676
3406,0.002084,74.125.24.0-255,5738,82960,43,168676
3407,0.002087,172.31.46.0-255,66,83026,43,168676
3408,0.002114,74.125.24.0-255,7156,90182,43,168676
3409,0.002117,172.31.46.0-255,66,90248,43,168676
3410,0.002133,74.125.24.0-255,1484,91732,43,168676
3411,0.00216,172.31.46.0-255,66,91798,43,168676
3412,0.00247,74.125.24.0-255,1484,93282,43,168676
3413,0.002474,74.125.24.0-255,2902,96184,43,168676
3414,0.002476,172.31.46.0-255,66,96250,43,168676
3415,0.002496,74.125.24.0-255,5738,101988,43,168676
3416,0.002498,172.31.46.0-255,66,102054,43,168676
3417,0.002514,74.125.24.0-255,2902,104956,43,168676
3418,0.002516,172.31.46.0-255,66,105022,43,168676
3419,0.002549,172.31.46.0-255,66,105088,43,168676
3420,0.002559,172.31.46.0-255,66,105154,43,168676
3421,0.002587,74.125.24.0-255,2184,107338,43,168676
3422,0.002589,172.31.46.0-255,66,107404,43,168676
3423,0.00266,74.125.24.0-255,1484,108888,43,168676
3424,0.002671,74.125.24.0-255,1484,110372,43,168676
3425,0.002673,172.31.46.0-255,66,110438,43,168676
3426,0.002689,74.125.24.0-255,1484,111922,43,168676
3427,0.005259,74.125.24.0-255,1484,113406,43,168676
3428,0.005263,172.31.46.0-255,66,113472,43,168676
3429,0.005329,74.125.24.0-255,2902,116374,43,168676
3430,0.005332,172.31.46.0-255,66,116440,43,168676
3431,0.00798,74.125.24.0-255,5738,122178,43,168676
3432,0.007986,172.31.46.0-255,66,122244,43,168676
3433,0.010675,74.125.24.0-255,5738,127982,43,168676
3434,0.010683,172.31.46.0-255,66,128048,43,168676
3435,0.01338,74.125.24.0-255,5738,133786,43,168676
3436,0.013394,172.31.46.0-255,66,133852,43,168676
3437,0.016119,74.125.24.0-255,5738,139590,43,168676
3438,0.016131,172.31.46.0-255,66,139656,43,168676
3439,0.018829,74.125.24.0-255,5738,145394,43,168676
3440,0.018836,172.31.46.0-255,66,145460,43,168676
3441,0.021505,74.125.24.0-255,5738,151198,43,168676
3442,0.021512,172.31.46.0-255,66,151264,43,168676
3443,0.024195,74.125.24.0-255,5738,157002,43,168676
3444,0.024201,172.31.46.0-255,66,157068,43,168676
3445,0.026908,74.125.24.0-255,5738,162806,43,168676
3446,0.026915,172.31.46.0-255,66,162872,43,168676
3447,0.029617,74.125.24.0-255,5738,168610,43,168676
3448,0.029624,172.31.46.0-255,66,168676,43,168676
3449,0.0,172.217.194.0-255,146,146,43,235062
3450,2.3e-05,172.31.46.0-255,66,212,43,235062
3451,3e-05,172.217.194.0-255,1484,1696,43,235062
3452,3.4e-05,172.31.46.0-255,66,1762,43,235062
3453,3.9e-05,172.217.194.0-255,2902,4664,43,235062
3454,4.2e-05,172.31.46.0-255,66,4730,43,235062
3455,5e-05,172.217.194.0-255,7156,11886,43,235062
3456,5.3e-05,172.31.46.0-255,66,11952,43,235062
3457,5.9e-05,172.217.194.0-255,4861,16813,43,235062
3458,6.2e-05,172.31.46.0-255,66,16879,43,235062
3459,7.7e-05,172.31.46.0-255,66,16945,43,235062
3460,0.000101,172.217.194.0-255,1125,18070,43,235062
3461,0.000104,172.31.46.0-255,66,18136,43,235062
3462,0.000152,172.31.46.0-255,66,18202,43,235062
3463,0.000155,172.217.194.0-255,1484,19686,43,235062
3464,0.000158,172.31.46.0-255,66,19752,43,235062
3465,0.000162,172.217.194.0-255,2902,22654,43,235062
3466,0.000164,172.31.46.0-255,66,22720,43,235062
3467,0.00021,172.31.46.0-255,66,22786,43,235062
3468,0.000213,172.217.194.0-255,646,23432,43,235062
3469,0.000215,172.31.46.0-255,66,23498,43,235062
3470,0.000463,172.217.194.0-255,1484,24982,43,235062
3471,0.000468,172.31.46.0-255,66,25048,43,235062
3472,0.000474,172.217.194.0-255,2902,27950,43,235062
3473,0.000476,172.31.46.0-255,66,28016,43,235062
3474,0.000483,172.217.194.0-255,5738,33754,43,235062
3475,0.000485,172.31.46.0-255,66,33820,43,235062
3476,0.000512,172.217.194.0-255,4320,38140,43,235062
3477,0.000515,172.31.46.0-255,66,38206,43,235062
3478,0.000543,172.31.46.0-255,66,38272,43,235062
3479,0.000554,172.31.46.0-255,66,38338,43,235062
3480,0.000567,172.217.194.0-255,2184,40522,43,235062
3481,0.00057,172.31.46.0-255,66,40588,43,235062
3482,0.001107,172.31.46.0-255,101,40689,43,235062
3483,0.001118,172.217.194.0-255,1484,42173,43,235062
3484,0.001121,172.217.194.0-255,1484,43657,43,235062
3485,0.001133,172.31.46.0-255,66,43723,43,235062
3486,0.001138,172.217.194.0-255,1484,45207,43,235062
3487,0.001145,172.217.194.0-255,5738,50945,43,235062
3488,0.001147,172.31.46.0-255,66,51011,43,235062
3489,0.001153,172.217.194.0-255,5738,56749,43,235062
3490,0.001156,172.31.46.0-255,66,56815,43,235062
3491,0.001179,172.217.194.0-255,1484,58299,43,235062
3492,0.001195,172.31.46.0-255,66,58365,43,235062
3493,0.0012,172.217.194.0-255,2184,60549,43,235062
3494,0.001202,172.31.46.0-255,66,60615,43,235062
3495,0.001206,172.217.194.0-255,2902,63517,43,235062
3496,0.001208,172.31.46.0-255,66,63583,43,235062
3497,0.001229,172.217.194.0-255,7156,70739,43,235062
3498,0.001231,172.31.46.0-255,66,70805,43,235062
3499,0.001254,172.217.194.0-255,4320,75125,43,235062
3500,0.001257,172.31.46.0-255,66,75191,43,235062
3501,0.001281,172.217.194.0-255,7156,82347,43,235062
3502,0.001283,172.31.46.0-255,66,82413,43,235062
3503,0.001302,172.217.194.0-255,5738,88151,43,235062
3504,0.001304,172.31.46.0-255,66,88217,43,235062
3505,0.00133,172.31.46.0-255,66,88283,43,235062
3506,0.001358,172.217.194.0-255,2184,90467,43,235062
3507,0.001362,172.31.46.0-255,66,90533,43,235062
3508,0.001383,172.31.46.0-255,66,90599,43,235062
3509,0.001388,172.217.194.0-255,3602,94201,43,235062
3510,0.00139,172.31.46.0-255,66,94267,43,235062
3511,0.00144,172.31.46.0-255,66,94333,43,235062
3512,0.001444,172.31.46.0-255,66,94399,43,235062
3513,0.001466,172.217.194.0-255,4320,98719,43,235062
3514,0.001471,172.217.194.0-255,3602,102321,43,235062
3515,0.001474,172.31.46.0-255,66,102387,43,235062
3516,0.001478,172.31.46.0-255,66,102453,43,235062
3517,0.001528,172.217.194.0-255,1484,103937,43,235062
3518,0.001532,172.217.194.0-255,1484,105421,43,235062
3519,0.001535,172.31.46.0-255,66,105487,43,235062
3520,0.001558,172.217.194.0-255,1484,106971,43,235062
3521,0.001565,172.217.194.0-255,5738,112709,43,235062
3522,0.001569,172.31.46.0-255,66,112775,43,235062
3523,0.001615,172.31.46.0-255,66,112841,43,235062
3524,0.001639,172.217.194.0-255,4320,117161,43,235062
3525,0.001642,172.31.46.0-255,66,117227,43,235062
3526,0.001655,172.31.46.0-255,66,117293,43,235062
3527,0.001713,172.217.194.0-255,1484,118777,43,235062
3528,0.001726,172.217.194.0-255,2902,121679,43,235062
3529,0.001729,172.31.46.0-255,66,121745,43,235062
3530,0.001736,172.217.194.0-255,5738,127483,43,235062
3531,0.001738,172.31.46.0-255,66,127549,43,235062
3532,0.001741,172.217.194.0-255,1484,129033,43,235062
3533,0.001765,172.217.194.0-255,5738,134771,43,235062
3534,0.001768,172.31.46.0-255,66,134837,43,235062
3535,0.001773,172.217.194.0-255,4320,139157,43,235062
3536,0.001776,172.31.46.0-255,66,139223,43,235062
3537,0.001796,172.217.194.0-255,4320,143543,43,235062
3538,0.0018,172.31.46.0-255,66,143609,43,235062
3539,0.001805,172.217.194.0-255,4320,147929,43,235062
3540,0.001808,172.31.46.0-255,66,147995,43,235062
3541,0.001834,172.217.194.0-255,3602,151597,43,235062
3542,0.001837,172.31.46.0-255,66,151663,43,235062
3543,0.00189,172.217.194.0-255,1484,153147,43,235062
3544,0.001897,172.217.194.0-255,2902,156049,43,235062
3545,0.0019,172.31.46.0-255,66,156115,43,235062
3546,0.001903,172.217.194.0-255,1484,157599,43,235062
3547,0.001919,172.217.194.0-255,4320,161919,43,235062
3548,0.001922,172.31.46.0-255,66,161985,43,235062
3549,0.001929,172.217.194.0-255,5738,167723,43,235062
3550,0.001932,172.31.46.0-255,66,167789,43,235062
3551,0.001955,172.217.194.0-255,7156,174945,43,235062
3552,0.001959,172.31.46.0-255,66,175011,43,235062
3553,0.001964,172.217.194.0-255,4320,179331,43,235062
3554,0.001966,172.31.46.0-255,66,179397,43,235062
3555,0.001993,172.217.194.0-255,6438,185835,43,235062
3556,0.001997,172.31.46.0-255,66,185901,43,235062
3557,0.002058,172.217.194.0-255,1484,187385,43,235062
3558,0.002064,172.217.194.0-255,2902,190287,43,235062
3559,0.002068,172.31.46.0-255,66,190353,43,235062
3560,0.002074,172.217.194.0-255,5738,196091,43,235062
3561,0.002077,172.31.46.0-255,66,196157,43,235062
3562,0.002098,172.217.194.0-255,1484,197641,43,235062
3563,0.00213,172.31.46.0-255,66,197707,43,235062
3564,0.002133,172.217.194.0-255,1484,199191,43,235062
3565,0.002189,172.217.194.0-255,4320,203511,43,235062
3566,0.002192,172.31.46.0-255,66,203577,43,235062
3567,0.002225,172.31.46.0-255,66,203643,43,235062
3568,0.00223,172.217.194.0-255,4320,207963,43,235062
3569,0.002232,172.31.46.0-255,66,208029,43,235062
3570,0.002251,172.217.194.0-255,7156,215185,43,235062
3571,0.002254,172.31.46.0-255,66,215251,43,235062
3572,0.002269,172.217.194.0-255,5738,220989,43,235062
3573,0.002272,172.31.46.0-255,66,221055,43,235062
3574,0.002278,172.217.194.0-255,5714,226769,43,235062
3575,0.002281,172.31.46.0-255,66,226835,43,235062
3576,0.002285,172.217.194.0-255,105,226940,43,235062
3577,0.003611,172.217.194.0-255,66,227006,43,235062
3578,0.004577,172.31.46.0-255,105,227111,43,235062
3579,0.007126,172.217.194.0-255,66,227177,43,235062
3580,0.029058,172.31.46.0-255,172,227349,43,235062
3581,0.029095,172.31.46.0-255,1108,228457,43,235062
3582,0.029161,172.31.46.0-255,1514,229971,43,235062
3583,0.029164,172.31.46.0-255,1514,231485,43,235062
3584,0.029165,172.31.46.0-255,1514,232999,43,235062
3585,0.029166,172.31.46.0-255,1514,234513,43,235062
3586,0.029167,172.31.46.0-255,549,235062,43,235062
3587,0.0,172.217.194.0-255,146,146,43,229182
3588,2e-05,172.31.46.0-255,66,212,43,229182
3589,2.7e-05,172.217.194.0-255,1484,1696,43,229182
3590,3.1e-05,172.31.46.0-255,66,1762,43,229182
3591,4.7e-05,172.217.194.0-255,2902,4664,43,229182
3592,5.1e-05,172.31.46.0-255,66,4730,43,229182
3593,5.8e-05,172.217.194.0-255,7156,11886,43,229182
3594,6.1e-05,172.31.46.0-255,66,11952,43,229182
3595,6.5e-05,172.217.194.0-255,2065,14017,43,229182
3596,6.8e-05,172.31.46.0-255,66,14083,43,229182
3597,0.000107,172.217.194.0-255,2902,16985,43,229182
3598,0.00011,172.31.46.0-255,66,17051,43,229182
3599,0.000117,172.217.194.0-255,5738,22789,43,229182
3600,0.00012,172.31.46.0-255,66,22855,43,229182
3601,0.000123,172.217.194.0-255,1484,24339,43,229182
3602,0.000125,172.31.46.0-255,66,24405,43,229182
3603,0.00016,172.217.194.0-255,5738,30143,43,229182
3604,0.000163,172.31.46.0-255,66,30209,43,229182
3605,0.000185,172.217.194.0-255,1125,31334,43,229182
3606,0.000187,172.31.46.0-255,66,31400,43,229182
3607,0.000253,172.217.194.0-255,1484,32884,43,229182
3608,0.000255,172.31.46.0-255,66,32950,43,229182
3609,0.00026,172.217.194.0-255,2902,35852,43,229182
3610,0.000262,172.31.46.0-255,66,35918,43,229182
3611,0.000298,172.217.194.0-255,5738,41656,43,229182
3612,0.000301,172.31.46.0-255,66,41722,43,229182
3613,0.000331,172.31.46.0-255,66,41788,43,229182
3614,0.000342,172.31.46.0-255,66,41854,43,229182
3615,0.000366,172.217.194.0-255,364,42218,43,229182
3616,0.000369,172.31.46.0-255,66,42284,43,229182
3617,0.000379,172.217.194.0-255,380,42664,43,229182
3618,0.000698,172.217.194.0-255,1484,44148,43,229182
3619,0.000703,172.31.46.0-255,66,44214,43,229182
3620,0.000709,172.217.194.0-255,2902,47116,43,229182
3621,0.000712,172.31.46.0-255,66,47182,43,229182
3622,0.00075,172.217.194.0-255,5738,52920,43,229182
3623,0.000753,172.31.46.0-255,66,52986,43,229182
3624,0.000756,172.217.194.0-255,1484,54470,43,229182
3625,0.000774,172.31.46.0-255,66,54536,43,229182
3626,0.000813,172.31.46.0-255,66,54602,43,229182
3627,0.000958,172.217.194.0-255,1484,56086,43,229182
3628,0.000964,172.217.194.0-255,2902,58988,43,229182
3629,0.000967,172.31.46.0-255,66,59054,43,229182
3630,0.000972,172.217.194.0-255,2902,61956,43,229182
3631,0.000974,172.31.46.0-255,66,62022,43,229182
3632,0.001005,172.217.194.0-255,2902,64924,43,229182
3633,0.001008,172.31.46.0-255,66,64990,43,229182
3634,0.001013,172.217.194.0-255,4320,69310,43,229182
3635,0.001015,172.31.46.0-255,66,69376,43,229182
3636,0.001019,172.217.194.0-255,2902,72278,43,229182
3637,0.001022,172.31.46.0-255,66,72344,43,229182
3638,0.001067,172.31.46.0-255,66,72410,43,229182
3639,0.001072,172.217.194.0-255,3602,76012,43,229182
3640,0.001074,172.31.46.0-255,66,76078,43,229182
3641,0.001127,172.217.194.0-255,1484,77562,43,229182
3642,0.001156,172.217.194.0-255,2902,80464,43,229182
3643,0.00116,172.31.46.0-255,66,80530,43,229182
3644,0.001167,172.217.194.0-255,5738,86268,43,229182
3645,0.00117,172.31.46.0-255,66,86334,43,229182
3646,0.001179,172.217.194.0-255,2902,89236,43,229182
3647,0.001181,172.31.46.0-255,66,89302,43,229182
3648,0.001214,172.31.46.0-255,66,89368,43,229182
3649,0.001225,172.31.46.0-255,66,89434,43,229182
3650,0.001284,172.217.194.0-255,2184,91618,43,229182
3651,0.001287,172.31.46.0-255,66,91684,43,229182
3652,0.001311,172.217.194.0-255,1484,93168,43,229182
3653,0.001324,172.217.194.0-255,2902,96070,43,229182
3654,0.001327,172.31.46.0-255,66,96136,43,229182
3655,0.001356,172.217.194.0-255,5738,101874,43,229182
3656,0.001359,172.31.46.0-255,66,101940,43,229182
3657,0.001396,172.31.46.0-255,66,102006,43,229182
3658,0.001399,172.217.194.0-255,1484,103490,43,229182
3659,0.001422,172.217.194.0-255,4320,107810,43,229182
3660,0.001425,172.31.46.0-255,66,107876,43,229182
3661,0.001471,172.31.46.0-255,66,107942,43,229182
3662,0.001502,172.217.194.0-255,5738,113680,43,229182
3663,0.001504,172.31.46.0-255,66,113746,43,229182
3664,0.00154,172.217.194.0-255,2902,116648,43,229182
3665,0.001543,172.31.46.0-255,66,116714,43,229182
3666,0.001549,172.217.194.0-255,4320,121034,43,229182
3667,0.001551,172.31.46.0-255,66,121100,43,229182
3668,0.001565,172.31.46.0-255,66,121166,43,229182
3669,0.001572,172.217.194.0-255,6438,127604,43,229182
3670,0.001574,172.31.46.0-255,66,127670,43,229182
3671,0.00165,172.217.194.0-255,1484,129154,43,229182
3672,0.001656,172.217.194.0-255,2902,132056,43,229182
3673,0.001659,172.31.46.0-255,66,132122,43,229182
3674,0.001662,172.217.194.0-255,1484,133606,43,229182
3675,0.001688,172.217.194.0-255,4320,137926,43,229182
3676,0.00169,172.31.46.0-255,66,137992,43,229182
3677,0.001704,172.31.46.0-255,66,138058,43,229182
3678,0.001734,172.217.194.0-255,4320,142378,43,229182
3679,0.001737,172.31.46.0-255,66,142444,43,229182
3680,0.001747,172.31.46.0-255,66,142510,43,229182
3681,0.001749,172.217.194.0-255,766,143276,43,229182
3682,0.001842,172.217.194.0-255,1484,144760,43,229182
3683,0.001845,172.31.46.0-255,66,144826,43,229182
3684,0.001851,172.217.194.0-255,2902,147728,43,229182
3685,0.001852,172.31.46.0-255,66,147794,43,229182
3686,0.001863,172.217.194.0-255,5738,153532,43,229182
3687,0.001864,172.31.46.0-255,66,153598,43,229182
3688,0.001905,172.31.46.0-255,66,153664,43,229182
3689,0.001939,172.31.46.0-255,66,153730,43,229182
3690,0.003979,172.217.194.0-255,5738,159468,43,229182
3691,0.003985,172.31.46.0-255,66,159534,43,229182
3692,0.00603,172.217.194.0-255,5738,165272,43,229182
3693,0.006037,172.31.46.0-255,66,165338,43,229182
3694,0.008062,172.217.194.0-255,5738,171076,43,229182
3695,0.008066,172.31.46.0-255,66,171142,43,229182
3696,0.010111,172.217.194.0-255,5738,176880,43,229182
3697,0.010117,172.31.46.0-255,66,176946,43,229182
3698,0.01218,172.217.194.0-255,5738,182684,43,229182
3699,0.012189,172.31.46.0-255,66,182750,43,229182
3700,0.014234,172.217.194.0-255,5738,188488,43,229182
3701,0.01424,172.31.46.0-255,66,188554,43,229182
3702,0.016261,172.217.194.0-255,5738,194292,43,229182
3703,0.016267,172.31.46.0-255,66,194358,43,229182
3704,0.018328,172.217.194.0-255,5738,200096,43,229182
3705,0.018337,172.31.46.0-255,66,200162,43,229182
3706,0.020362,172.217.194.0-255,5738,205900,43,229182
3707,0.020368,172.31.46.0-255,66,205966,43,229182
3708,0.022407,172.217.194.0-255,5738,211704,43,229182
3709,0.022417,172.31.46.0-255,66,211770,43,229182
3710,0.024464,172.217.194.0-255,5738,217508,43,229182
3711,0.024472,172.31.46.0-255,66,217574,43,229182
3712,0.026502,172.217.194.0-255,5738,223312,43,229182
3713,0.026509,172.31.46.0-255,66,223378,43,229182
3714,0.028556,172.217.194.0-255,5738,229116,43,229182
3715,0.028563,172.31.46.0-255,66,229182,43,229182
3716,0.0,74.125.24.0-255,146,146,43,185553
3717,1.3e-05,172.31.46.0-255,66,212,43,185553
3718,1.9e-05,74.125.24.0-255,1484,1696,43,185553
3719,2.3e-05,172.31.46.0-255,66,1762,43,185553
3720,2.8e-05,74.125.24.0-255,2902,4664,43,185553
3721,3.2e-05,172.31.46.0-255,66,4730,43,185553
3722,5.8e-05,74.125.24.0-255,7156,11886,43,185553
3723,6e-05,172.31.46.0-255,66,11952,43,185553
3724,6.4e-05,74.125.24.0-255,2002,13954,43,185553
3725,6.6e-05,172.31.46.0-255,66,14020,43,185553
3726,0.00011,74.125.24.0-255,1484,15504,43,185553
3727,0.000112,172.31.46.0-255,66,15570,43,185553
3728,0.000117,74.125.24.0-255,2902,18472,43,185553
3729,0.000119,172.31.46.0-255,66,18538,43,185553
3730,0.00014,74.125.24.0-255,5738,24276,43,185553
3731,0.000142,172.31.46.0-255,66,24342,43,185553
3732,0.000163,74.125.24.0-255,1484,25826,43,185553
3733,0.000165,172.31.46.0-255,66,25892,43,185553
3734,0.000184,74.125.24.0-255,5379,31271,43,185553
3735,0.000186,172.31.46.0-255,66,31337,43,185553
3736,0.000591,74.125.24.0-255,1484,32821,43,185553
3737,0.000595,172.31.46.0-255,66,32887,43,185553
3738,0.0006,74.125.24.0-255,2902,35789,43,185553
3739,0.000602,172.31.46.0-255,66,35855,43,185553
3740,0.000607,74.125.24.0-255,2902,38757,43,185553
3741,0.000608,172.31.46.0-255,66,38823,43,185553
3742,0.000623,74.125.24.0-255,2902,41725,43,185553
3743,0.000625,172.31.46.0-255,66,41791,43,185553
3744,0.00063,74.125.24.0-255,4320,46111,43,185553
3745,0.000632,172.31.46.0-255,66,46177,43,185553
3746,0.000651,74.125.24.0-255,1484,47661,43,185553
3747,0.000653,172.31.46.0-255,66,47727,43,185553
3748,0.000672,74.125.24.0-255,5738,53465,43,185553
3749,0.000674,172.31.46.0-255,66,53531,43,185553
3750,0.000695,172.31.46.0-255,66,53597,43,185553
3751,0.0007,74.125.24.0-255,4274,57871,43,185553
3752,0.000702,172.31.46.0-255,66,57937,43,185553
3753,0.000734,74.125.24.0-255,110,58047,43,185553
3754,0.000809,74.125.24.0-255,1484,59531,43,185553
3755,0.000813,172.31.46.0-255,66,59597,43,185553
3756,0.000817,74.125.24.0-255,2902,62499,43,185553
3757,0.000819,172.31.46.0-255,66,62565,43,185553
3758,0.000829,74.125.24.0-255,1484,64049,43,185553
3759,0.000842,74.125.24.0-255,4320,68369,43,185553
3760,0.000844,172.31.46.0-255,66,68435,43,185553
3761,0.000869,74.125.24.0-255,2902,71337,43,185553
3762,0.000871,172.31.46.0-255,66,71403,43,185553
3763,0.000891,172.31.46.0-255,66,71469,43,185553
3764,0.000906,74.125.24.0-255,2543,74012,43,185553
3765,0.000909,172.31.46.0-255,66,74078,43,185553
3766,0.000914,74.125.24.0-255,4320,78398,43,185553
3767,0.000915,172.31.46.0-255,66,78464,43,185553
3768,0.000936,74.125.24.0-255,1484,79948,43,185553
3769,0.000953,74.125.24.0-255,3961,83909,43,185553
3770,0.000955,172.31.46.0-255,66,83975,43,185553
3771,0.00181,74.125.24.0-255,1484,85459,43,185553
3772,0.001819,74.125.24.0-255,2902,88361,43,185553
3773,0.001823,172.31.46.0-255,66,88427,43,185553
3774,0.001831,74.125.24.0-255,5738,94165,43,185553
3775,0.001832,172.31.46.0-255,66,94231,43,185553
3776,0.001849,74.125.24.0-255,2902,97133,43,185553
3777,0.001851,172.31.46.0-255,66,97199,43,185553
3778,0.001885,172.31.46.0-255,66,97265,43,185553
3779,0.001905,74.125.24.0-255,4320,101585,43,185553
3780,0.001907,172.31.46.0-255,66,101651,43,185553
3781,0.001934,172.31.46.0-255,66,101717,43,185553
3782,0.001945,172.31.46.0-255,66,101783,43,185553
3783,0.001983,74.125.24.0-255,2902,104685,43,185553
3784,0.001985,172.31.46.0-255,66,104751,43,185553
3785,0.002018,172.31.46.0-255,66,104817,43,185553
3786,0.002056,172.31.46.0-255,66,104883,43,185553
3787,0.002082,74.125.24.0-255,4320,109203,43,185553
3788,0.002098,74.125.24.0-255,4320,113523,43,185553
3789,0.002141,74.125.24.0-255,2184,115707,43,185553
3790,0.002206,74.125.24.0-255,1484,117191,43,185553
3791,0.00221,74.125.24.0-255,1484,118675,43,185553
3792,0.002221,74.125.24.0-255,1484,120159,43,185553
3793,0.002224,74.125.24.0-255,2902,123061,43,185553
3794,0.002242,74.125.24.0-255,2902,125963,43,185553
3795,0.002308,74.125.24.0-255,1484,127447,43,185553
3796,0.004435,172.31.46.0-255,66,127513,43,185553
3797,0.006775,74.125.24.0-255,5738,133251,43,185553
3798,0.006782,172.31.46.0-255,66,133317,43,185553
3799,0.009182,74.125.24.0-255,5738,139055,43,185553
3800,0.009188,172.31.46.0-255,66,139121,43,185553
3801,0.011547,74.125.24.0-255,5738,144859,43,185553
3802,0.011559,172.31.46.0-255,66,144925,43,185553
3803,0.013898,74.125.24.0-255,5738,150663,43,185553
3804,0.013909,172.31.46.0-255,66,150729,43,185553
3805,0.016283,74.125.24.0-255,5738,156467,43,185553
3806,0.016298,172.31.46.0-255,66,156533,43,185553
3807,0.018646,74.125.24.0-255,5738,162271,43,185553
3808,0.018662,172.31.46.0-255,66,162337,43,185553
3809,0.021053,74.125.24.0-255,5738,168075,43,185553
3810,0.021066,172.31.46.0-255,66,168141,43,185553
3811,0.023422,74.125.24.0-255,5738,173879,43,185553
3812,0.023433,172.31.46.0-255,66,173945,43,185553
3813,0.025788,74.125.24.0-255,5738,179683,43,185553
3814,0.025798,172.31.46.0-255,66,179749,43,185553
3815,0.028159,74.125.24.0-255,5738,185487,43,185553
3816,0.028175,172.31.46.0-255,66,185553,43,185553
3817,0.0,172.31.46.0-255,105,105,43,459
3818,0.00018,172.31.46.0-255,90,195,43,459
3819,0.000199,172.31.46.0-255,66,261,43,459
3820,0.002518,74.125.200.0-255,66,327,43,459
3821,0.002548,74.125.200.0-255,66,393,43,459
3822,0.002572,172.31.46.0-255,66,459,43,459
3823,0.0,74.125.24.0-255,156,156,43,149479
3824,2.4e-05,172.31.46.0-255,66,222,43,149479
3825,3e-05,74.125.24.0-255,1484,1706,43,149479
3826,3.4e-05,172.31.46.0-255,66,1772,43,149479
3827,3.9e-05,74.125.24.0-255,2902,4674,43,149479
3828,4.2e-05,172.31.46.0-255,66,4740,43,149479
3829,4.6e-05,74.125.24.0-255,2902,7642,43,149479
3830,5e-05,172.31.46.0-255,66,7708,43,149479
3831,7.2e-05,74.125.24.0-255,1484,9192,43,149479
3832,7.5e-05,172.31.46.0-255,66,9258,43,149479
3833,9.3e-05,74.125.24.0-255,4900,14158,43,149479
3834,9.5e-05,172.31.46.0-255,66,14224,43,149479
3835,0.00014,74.125.24.0-255,4320,18544,43,149479
3836,0.000142,172.31.46.0-255,66,18610,43,149479
3837,0.000165,74.125.24.0-255,7156,25766,43,149479
3838,0.000168,172.31.46.0-255,66,25832,43,149479
3839,0.000264,74.125.24.0-255,5379,31211,43,149479
3840,0.000268,172.31.46.0-255,66,31277,43,149479
3841,0.000316,74.125.24.0-255,5738,37015,43,149479
3842,0.000319,172.31.46.0-255,66,37081,43,149479
3843,0.000374,74.125.24.0-255,5738,42819,43,149479
3844,0.000377,172.31.46.0-255,66,42885,43,149479
3845,0.0004,74.125.24.0-255,5379,48264,43,149479
3846,0.000402,172.31.46.0-255,66,48330,43,149479
3847,0.000515,74.125.24.0-255,7156,55486,43,149479
3848,0.00052,172.31.46.0-255,66,55552,43,149479
3849,0.000568,74.125.24.0-255,7156,62708,43,149479
3850,0.000572,172.31.46.0-255,66,62774,43,149479
3851,0.000585,74.125.24.0-255,1484,64258,43,149479
3852,0.000588,172.31.46.0-255,66,64324,43,149479
3853,0.000661,172.31.46.0-255,66,64390,43,149479
3854,0.000691,172.31.46.0-255,66,64456,43,149479
3855,0.000854,172.31.46.0-255,66,64522,43,149479
3856,0.000872,74.125.24.0-255,2064,66586,43,149479
3857,0.000875,172.31.46.0-255,66,66652,43,149479
3858,0.000998,74.125.24.0-255,2543,69195,43,149479
3859,0.001002,172.31.46.0-255,66,69261,43,149479
3860,0.001022,74.125.24.0-255,2902,72163,43,149479
3861,0.001025,172.31.46.0-255,66,72229,43,149479
3862,0.001045,74.125.24.0-255,1484,73713,43,149479
3863,0.001069,74.125.24.0-255,5738,79451,43,149479
3864,0.001072,172.31.46.0-255,66,79517,43,149479
3865,0.001143,172.31.46.0-255,66,79583,43,149479
3866,0.001163,74.125.24.0-255,4320,83903,43,149479
3867,0.001165,172.31.46.0-255,66,83969,43,149479
3868,0.001312,172.31.46.0-255,66,84035,43,149479
3869,0.001374,74.125.24.0-255,4320,88355,43,149479
3870,0.001377,172.31.46.0-255,66,88421,43,149479
3871,0.001396,74.125.24.0-255,4320,92741,43,149479
3872,0.00166,74.125.24.0-255,2902,95643,43,149479
3873,0.001675,74.125.24.0-255,3602,99245,43,149479
3874,0.001747,74.125.24.0-255,7156,106401,43,149479
3875,0.002037,74.125.24.0-255,5738,112139,43,149479
3876,0.002049,74.125.24.0-255,766,112905,43,149479
3877,0.002067,74.125.24.0-255,4320,117225,43,149479
3878,0.002082,74.125.24.0-255,7156,124381,43,149479
3879,0.002442,74.125.24.0-255,2902,127283,43,149479
3880,0.00271,74.125.24.0-255,5738,133021,43,149479
3881,0.003517,74.125.24.0-255,5702,138723,43,149479
3882,0.004259,172.31.46.0-255,66,138789,43,149479
3883,0.006532,74.125.24.0-255,5738,144527,43,149479
3884,0.006538,172.31.46.0-255,66,144593,43,149479
3885,0.008803,74.125.24.0-255,4649,149242,43,149479
3886,0.008809,172.31.46.0-255,66,149308,43,149479
3887,0.009605,172.31.46.0-255,105,149413,43,149479
3888,0.011849,74.125.24.0-255,66,149479,43,149479
3889,0.0,74.125.24.0-255,153,153,43,212960
3890,2.1e-05,74.125.24.0-255,1484,1637,43,212960
3891,3.3e-05,172.31.46.0-255,66,1703,43,212960
3892,4.2e-05,74.125.24.0-255,2902,4605,43,212960
3893,4.5e-05,172.31.46.0-255,66,4671,43,212960
3894,6.1e-05,74.125.24.0-255,7156,11827,43,212960
3895,6.5e-05,172.31.46.0-255,66,11893,43,212960
3896,6.9e-05,74.125.24.0-255,1484,13377,43,212960
3897,0.000108,172.31.46.0-255,66,13443,43,212960
3898,0.000113,74.125.24.0-255,2543,15986,43,212960
3899,0.000115,172.31.46.0-255,66,16052,43,212960
3900,0.000161,74.125.24.0-255,1484,17536,43,212960
3901,0.000166,74.125.24.0-255,2902,20438,43,212960
3902,0.000169,172.31.46.0-255,66,20504,43,212960
3903,0.000176,74.125.24.0-255,5738,26242,43,212960
3904,0.000178,172.31.46.0-255,66,26308,43,212960
3905,0.000191,74.125.24.0-255,6797,33105,43,212960
3906,0.000193,172.31.46.0-255,66,33171,43,212960
3907,0.000316,74.125.24.0-255,1484,34655,43,212960
3908,0.00034,74.125.24.0-255,2902,37557,43,212960
3909,0.000343,172.31.46.0-255,66,37623,43,212960
3910,0.00035,74.125.24.0-255,5738,43361,43,212960
3911,0.000352,172.31.46.0-255,66,43427,43,212960
3912,0.000397,74.125.24.0-255,1484,44911,43,212960
3913,0.000418,74.125.24.0-255,5726,50637,43,212960
3914,0.000421,172.31.46.0-255,66,50703,43,212960
3915,0.000447,74.125.24.0-255,330,51033,43,212960
3916,0.000866,74.125.24.0-255,1484,52517,43,212960
3917,0.000871,172.31.46.0-255,66,52583,43,212960
3918,0.000877,74.125.24.0-255,2902,55485,43,212960
3919,0.00088,172.31.46.0-255,66,55551,43,212960
3920,0.000886,74.125.24.0-255,4320,59871,43,212960
3921,0.000893,172.31.46.0-255,66,59937,43,212960
3922,0.000899,74.125.24.0-255,5738,65675,43,212960
3923,0.000901,172.31.46.0-255,66,65741,43,212960
3924,0.000952,172.31.46.0-255,66,65807,43,212960
3925,0.000955,172.31.46.0-255,66,65873,43,212960
3926,0.001307,74.125.24.0-255,1484,67357,43,212960
3927,0.001328,74.125.24.0-255,2902,70259,43,212960
3928,0.001332,172.31.46.0-255,66,70325,43,212960
3929,0.001339,74.125.24.0-255,5738,76063,43,212960
3930,0.001342,172.31.46.0-255,66,76129,43,212960
3931,0.001347,74.125.24.0-255,4320,80449,43,212960
3932,0.001353,172.31.46.0-255,66,80515,43,212960
3933,0.001404,172.31.46.0-255,66,80581,43,212960
3934,0.00142,172.31.46.0-255,66,80647,43,212960
3935,0.001468,74.125.24.0-255,1484,82131,43,212960
3936,0.00149,74.125.24.0-255,2902,85033,43,212960
3937,0.001493,172.31.46.0-255,66,85099,43,212960
3938,0.001497,74.125.24.0-255,2902,88001,43,212960
3939,0.0015,172.31.46.0-255,66,88067,43,212960
3940,0.001536,74.125.24.0-255,7156,95223,43,212960
3941,0.001538,172.31.46.0-255,66,95289,43,212960
3942,0.00158,172.31.46.0-255,66,95355,43,212960
3943,0.0016,74.125.24.0-255,5020,100375,43,212960
3944,0.001603,172.31.46.0-255,66,100441,43,212960
3945,0.001656,74.125.24.0-255,1484,101925,43,212960
3946,0.001675,74.125.24.0-255,2902,104827,43,212960
3947,0.001678,172.31.46.0-255,66,104893,43,212960
3948,0.001685,74.125.24.0-255,5738,110631,43,212960
3949,0.001687,172.31.46.0-255,66,110697,43,212960
3950,0.001729,172.31.46.0-255,66,110763,43,212960
3951,0.001768,172.31.46.0-255,66,110829,43,212960
3952,0.001787,74.125.24.0-255,2184,113013,43,212960
3953,0.001799,172.31.46.0-255,66,113079,43,212960
3954,0.001802,172.31.46.0-255,66,113145,43,212960
3955,0.001839,74.125.24.0-255,5738,118883,43,212960
3956,0.001842,172.31.46.0-255,66,118949,43,212960
3957,0.001853,172.31.46.0-255,66,119015,43,212960
3958,0.001871,172.31.46.0-255,66,119081,43,212960
3959,0.001913,74.125.24.0-255,1484,120565,43,212960
3960,0.001919,74.125.24.0-255,2902,123467,43,212960
3961,0.001922,172.31.46.0-255,66,123533,43,212960
3962,0.001928,74.125.24.0-255,5738,129271,43,212960
3963,0.00193,172.31.46.0-255,66,129337,43,212960
3964,0.001975,172.31.46.0-255,66,129403,43,212960
3965,0.001985,172.31.46.0-255,66,129469,43,212960
3966,0.002009,74.125.24.0-255,2184,131653,43,212960
3967,0.002011,172.31.46.0-255,66,131719,43,212960
3968,0.002049,74.125.24.0-255,2902,134621,43,212960
3969,0.002052,172.31.46.0-255,66,134687,43,212960
3970,0.002056,74.125.24.0-255,1484,136171,43,212960
3971,0.002077,74.125.24.0-255,4320,140491,43,212960
3972,0.00208,172.31.46.0-255,66,140557,43,212960
3973,0.002116,74.125.24.0-255,1484,142041,43,212960
3974,0.002131,172.31.46.0-255,66,142107,43,212960
3975,0.002158,74.125.24.0-255,1484,143591,43,212960
3976,0.002177,74.125.24.0-255,1484,145075,43,212960
3977,0.002179,172.31.46.0-255,66,145141,43,212960
3978,0.002215,172.31.46.0-255,66,145207,43,212960
3979,0.002249,74.125.24.0-255,1484,146691,43,212960
3980,0.002263,74.125.24.0-255,2902,149593,43,212960
3981,0.002266,172.31.46.0-255,66,149659,43,212960
3982,0.002269,74.125.24.0-255,1484,151143,43,212960
3983,0.002295,74.125.24.0-255,4320,155463,43,212960
3984,0.002297,172.31.46.0-255,66,155529,43,212960
3985,0.002322,74.125.24.0-255,2902,158431,43,212960
3986,0.002372,74.125.24.0-255,1484,159915,43,212960
3987,0.002375,74.125.24.0-255,1484,161399,43,212960
3988,0.00238,74.125.24.0-255,4320,165719,43,212960
3989,0.002386,74.125.24.0-255,5738,171457,43,212960
3990,0.002401,74.125.24.0-255,4320,175777,43,212960
3991,0.002417,74.125.24.0-255,3602,179379,43,212960
3992,0.002468,74.125.24.0-255,1484,180863,43,212960
3993,0.002482,74.125.24.0-255,2902,183765,43,212960
3994,0.002501,74.125.24.0-255,5738,189503,43,212960
3995,0.00253,74.125.24.0-255,2902,192405,43,212960
3996,0.002551,74.125.24.0-255,7156,199561,43,212960
3997,0.002592,74.125.24.0-255,4320,203881,43,212960
3998,0.002611,74.125.24.0-255,4320,208201,43,212960
3999,0.002629,74.125.24.0-255,4320,212521,43,212960
4000,0.002665,74.125.24.0-255,97,212618,43,212960
4001,0.002682,74.125.24.0-255,105,212723,43,212960
4002,0.006879,172.31.46.0-255,66,212789,43,212960
4003,0.009162,172.31.46.0-255,105,212894,43,212960
4004,0.011413,74.125.24.0-255,66,212960,43,212960
4005,0.0,172.217.194.0-255,153,153,43,214126
4006,2.1e-05,172.31.46.0-255,66,219,43,214126
4007,2.7e-05,172.217.194.0-255,1484,1703,43,214126
4008,3.2e-05,172.31.46.0-255,66,1769,43,214126
4009,3.8e-05,172.217.194.0-255,2902,4671,43,214126
4010,4.2e-05,172.31.46.0-255,66,4737,43,214126
4011,4.9e-05,172.217.194.0-255,7156,11893,43,214126
4012,5.3e-05,172.31.46.0-255,66,11959,43,214126
4013,5.7e-05,172.217.194.0-255,2100,14059,43,214126
4014,6e-05,172.31.46.0-255,66,14125,43,214126
4015,0.000103,172.217.194.0-255,1484,15609,43,214126
4016,0.000105,172.31.46.0-255,66,15675,43,214126
4017,0.000124,172.217.194.0-255,2902,18577,43,214126
4018,0.000128,172.31.46.0-255,66,18643,43,214126
4019,0.000134,172.217.194.0-255,5738,24381,43,214126
4020,0.000136,172.31.46.0-255,66,24447,43,214126
4021,0.000161,172.217.194.0-255,5738,30185,43,214126
4022,0.000163,172.31.46.0-255,66,30251,43,214126
4023,0.00019,172.217.194.0-255,1125,31376,43,214126
4024,0.000194,172.31.46.0-255,66,31442,43,214126
4025,0.00026,172.217.194.0-255,1484,32926,43,214126
4026,0.000263,172.31.46.0-255,66,32992,43,214126
4027,0.000269,172.217.194.0-255,2902,35894,43,214126
4028,0.000272,172.31.46.0-255,66,35960,43,214126
4029,0.000301,172.217.194.0-255,5738,41698,43,214126
4030,0.000303,172.31.46.0-255,66,41764,43,214126
4031,0.000309,172.217.194.0-255,4320,46084,43,214126
4032,0.000311,172.31.46.0-255,66,46150,43,214126
4033,0.000335,172.217.194.0-255,1484,47634,43,214126
4034,0.000338,172.31.46.0-255,66,47700,43,214126
4035,0.000352,172.217.194.0-255,3961,51661,43,214126
4036,0.000354,172.31.46.0-255,66,51727,43,214126
4037,0.00036,172.217.194.0-255,4320,56047,43,214126
4038,0.000362,172.31.46.0-255,66,56113,43,214126
4039,0.000415,172.217.194.0-255,4320,60433,43,214126
4040,0.000418,172.31.46.0-255,66,60499,43,214126
4041,0.000434,172.217.194.0-255,5379,65878,43,214126
4042,0.000437,172.31.46.0-255,66,65944,43,214126
4043,0.0011,172.217.194.0-255,379,66323,43,214126
4044,0.001276,172.217.194.0-255,1484,67807,43,214126
4045,0.001282,172.31.46.0-255,66,67873,43,214126
4046,0.001289,172.217.194.0-255,2902,70775,43,214126
4047,0.001291,172.31.46.0-255,66,70841,43,214126
4048,0.001298,172.217.194.0-255,5738,76579,43,214126
4049,0.0013,172.31.46.0-255,66,76645,43,214126
4050,0.001339,172.31.46.0-255,66,76711,43,214126
4051,0.001373,172.217.194.0-255,2902,79613,43,214126
4052,0.001375,172.31.46.0-255,66,79679,43,214126
4053,0.001406,172.31.46.0-255,66,79745,43,214126
4054,0.001425,172.217.194.0-255,2184,81929,43,214126
4055,0.001427,172.31.46.0-255,66,81995,43,214126
4056,0.001445,172.31.46.0-255,66,82061,43,214126
4057,0.001466,172.217.194.0-255,1484,83545,43,214126
4058,0.001473,172.217.194.0-255,6736,90281,43,214126
4059,0.001477,172.31.46.0-255,66,90347,43,214126
4060,0.001712,172.217.194.0-255,1484,91831,43,214126
4061,0.001719,172.217.194.0-255,2902,94733,43,214126
4062,0.001724,172.31.46.0-255,66,94799,43,214126
4063,0.001731,172.217.194.0-255,5738,100537,43,214126
4064,0.001734,172.31.46.0-255,66,100603,43,214126
4065,0.001754,172.217.194.0-255,5738,106341,43,214126
4066,0.001757,172.31.46.0-255,66,106407,43,214126
4067,0.001791,172.217.194.0-255,7156,113563,43,214126
4068,0.001795,172.31.46.0-255,66,113629,43,214126
4069,0.001808,172.31.46.0-255,66,113695,43,214126
4070,0.002005,172.217.194.0-255,1484,115179,43,214126
4071,0.002009,172.217.194.0-255,1484,116663,43,214126
4072,0.002012,172.31.46.0-255,66,116729,43,214126
4073,0.002033,172.217.194.0-255,1484,118213,43,214126
4074,0.00204,172.217.194.0-255,5738,123951,43,214126
4075,0.002042,172.31.46.0-255,66,124017,43,214126
4076,0.002049,172.217.194.0-255,5738,129755,43,214126
4077,0.002051,172.31.46.0-255,66,129821,43,214126
4078,0.002088,172.31.46.0-255,66,129887,43,214126
4079,0.002095,172.217.194.0-255,5020,134907,43,214126
4080,0.002097,172.31.46.0-255,66,134973,43,214126
4081,0.002122,172.217.194.0-255,1484,136457,43,214126
4082,0.002137,172.217.194.0-255,4320,140777,43,214126
4083,0.002139,172.31.46.0-255,66,140843,43,214126
4084,0.002142,172.217.194.0-255,1484,142327,43,214126
4085,0.002158,172.217.194.0-255,2902,145229,43,214126
4086,0.00216,172.31.46.0-255,66,145295,43,214126
4087,0.002166,172.217.194.0-255,4320,149615,43,214126
4088,0.002168,172.31.46.0-255,66,149681,43,214126
4089,0.002192,172.217.194.0-255,7156,156837,43,214126
4090,0.002194,172.31.46.0-255,66,156903,43,214126
4091,0.002208,172.31.46.0-255,66,156969,43,214126
4092,0.002246,172.31.46.0-255,66,157035,43,214126
4093,0.002249,172.217.194.0-255,1484,158519,43,214126
4094,0.002268,172.217.194.0-255,4320,162839,43,214126
4095,0.002271,172.31.46.0-255,66,162905,43,214126
4096,0.00231,172.31.46.0-255,66,162971,43,214126
4097,0.002313,172.217.194.0-255,1484,164455,43,214126
4098,0.002319,172.217.194.0-255,2902,167357,43,214126
4099,0.002321,172.31.46.0-255,66,167423,43,214126
4100,0.002327,172.217.194.0-255,5738,173161,43,214126
4101,0.00233,172.31.46.0-255,66,173227,43,214126
4102,0.002347,172.217.194.0-255,4320,177547,43,214126
4103,0.002349,172.31.46.0-255,66,177613,43,214126
4104,0.002375,172.31.46.0-255,66,177679,43,214126
4105,0.002414,172.31.46.0-255,66,177745,43,214126
4106,0.002439,172.217.194.0-255,5738,183483,43,214126
4107,0.002443,172.31.46.0-255,66,183549,43,214126
4108,0.002465,172.217.194.0-255,5738,189287,43,214126
4109,0.002468,172.31.46.0-255,66,189353,43,214126
4110,0.002473,172.217.194.0-255,4320,193673,43,214126
4111,0.002476,172.31.46.0-255,66,193739,43,214126
4112,0.002487,172.31.46.0-255,66,193805,43,214126
4113,0.002519,172.31.46.0-255,66,193871,43,214126
4114,0.002534,172.31.46.0-255,66,193937,43,214126
4115,0.002574,172.217.194.0-255,7156,201093,43,214126
4116,0.002577,172.31.46.0-255,66,201159,43,214126
4117,0.002603,172.31.46.0-255,66,201225,43,214126
4118,0.00261,172.217.194.0-255,6438,207663,43,214126
4119,0.002613,172.31.46.0-255,66,207729,43,214126
4120,0.002631,172.31.46.0-255,66,207795,43,214126
4121,0.005208,172.217.194.0-255,5738,213533,43,214126
4122,0.005214,172.31.46.0-255,66,213599,43,214126
4123,0.007748,172.217.194.0-255,290,213889,43,214126
4124,0.009122,172.31.46.0-255,66,213955,43,214126
4125,0.009154,172.31.46.0-255,105,214060,43,214126
4126,0.011661,172.217.194.0-255,66,214126,43,214126
4127,0.0,172.31.46.0-255,105,105,43,276
4128,0.002327,157.240.25.0-255,105,210,43,276
4129,0.002339,172.31.46.0-255,66,276,43,276
4130,0.0,172.31.46.0-255,105,105,43,459
4131,0.000177,172.31.46.0-255,90,195,43,459
4132,0.000188,172.31.46.0-255,66,261,43,459
4133,0.002106,172.217.26.0-255,66,327,43,459
4134,0.002141,172.217.26.0-255,66,393,43,459
4135,0.002165,172.31.46.0-255,66,459,43,459
4136,0.0,172.31.46.0-255,105,105,43,276
4137,0.002199,157.240.25.0-255,105,210,43,276
4138,0.002218,172.31.46.0-255,66,276,43,276
4139,0.0,74.125.24.0-255,153,153,43,263101
4140,1.2e-05,172.31.46.0-255,66,219,43,263101
4141,2.8e-05,74.125.24.0-255,1484,1703,43,263101
4142,3.3e-05,172.31.46.0-255,66,1769,43,263101
4143,3.8e-05,74.125.24.0-255,2902,4671,43,263101
4144,4.1e-05,172.31.46.0-255,66,4737,43,263101
4145,4.4e-05,74.125.24.0-255,1484,6221,43,263101
4146,4.6e-05,172.31.46.0-255,66,6287,43,263101
4147,6.4e-05,74.125.24.0-255,5738,12025,43,263101
4148,6.7e-05,172.31.46.0-255,66,12091,43,263101
4149,8.1e-05,74.125.24.0-255,2044,14135,43,263101
4150,8.3e-05,172.31.46.0-255,66,14201,43,263101
4151,0.000166,74.125.24.0-255,1484,15685,43,263101
4152,0.000169,172.31.46.0-255,66,15751,43,263101
4153,0.000174,74.125.24.0-255,2902,18653,43,263101
4154,0.000176,172.31.46.0-255,66,18719,43,263101
4155,0.000192,74.125.24.0-255,1484,20203,43,263101
4156,0.000194,172.31.46.0-255,66,20269,43,263101
4157,0.000214,74.125.24.0-255,4320,24589,43,263101
4158,0.000217,172.31.46.0-255,66,24655,43,263101
4159,0.000249,74.125.24.0-255,2902,27557,43,263101
4160,0.000251,172.31.46.0-255,66,27623,43,263101
4161,0.000263,74.125.24.0-255,3961,31584,43,263101
4162,0.000265,172.31.46.0-255,66,31650,43,263101
4163,0.000496,74.125.24.0-255,1484,33134,43,263101
4164,0.000501,172.31.46.0-255,66,33200,43,263101
4165,0.000506,74.125.24.0-255,2902,36102,43,263101
4166,0.000508,172.31.46.0-255,66,36168,43,263101
4167,0.000511,74.125.24.0-255,1484,37652,43,263101
4168,0.000512,172.31.46.0-255,66,37718,43,263101
4169,0.000533,74.125.24.0-255,2902,40620,43,263101
4170,0.000537,172.31.46.0-255,66,40686,43,263101
4171,0.000558,74.125.24.0-255,4320,45006,43,263101
4172,0.00056,172.31.46.0-255,66,45072,43,263101
4173,0.000585,74.125.24.0-255,5379,50451,43,263101
4174,0.000587,172.31.46.0-255,66,50517,43,263101
4175,0.000597,172.31.46.0-255,66,50583,43,263101
4176,0.000624,74.125.24.0-255,5655,56238,43,263101
4177,0.000627,74.125.24.0-255,380,56618,43,263101
4178,0.00063,172.31.46.0-255,66,56684,43,263101
4179,0.000742,74.125.24.0-255,1484,58168,43,263101
4180,0.000745,172.31.46.0-255,66,58234,43,263101
4181,0.00075,74.125.24.0-255,2902,61136,43,263101
4182,0.000753,172.31.46.0-255,66,61202,43,263101
4183,0.000768,74.125.24.0-255,1484,62686,43,263101
4184,0.000779,74.125.24.0-255,1484,64170,43,263101
4185,0.000782,172.31.46.0-255,66,64236,43,263101
4186,0.000803,74.125.24.0-255,2902,67138,43,263101
4187,0.000806,172.31.46.0-255,66,67204,43,263101
4188,0.000826,74.125.24.0-255,4320,71524,43,263101
4189,0.000829,172.31.46.0-255,66,71590,43,263101
4190,0.000858,172.31.46.0-255,66,71656,43,263101
4191,0.000894,74.125.24.0-255,7156,78812,43,263101
4192,0.000897,172.31.46.0-255,66,78878,43,263101
4193,0.000916,74.125.24.0-255,2543,81421,43,263101
4194,0.000919,172.31.46.0-255,66,81487,43,263101
4195,0.001585,74.125.24.0-255,1484,82971,43,263101
4196,0.001595,74.125.24.0-255,2902,85873,43,263101
4197,0.001599,172.31.46.0-255,66,85939,43,263101
4198,0.001607,74.125.24.0-255,5738,91677,43,263101
4199,0.001609,172.31.46.0-255,66,91743,43,263101
4200,0.001645,172.31.46.0-255,66,91809,43,263101
4201,0.001667,74.125.24.0-255,1484,93293,43,263101
4202,0.001695,172.31.46.0-255,66,93359,43,263101
4203,0.001717,74.125.24.0-255,5738,99097,43,263101
4204,0.00172,172.31.46.0-255,66,99163,43,263101
4205,0.001752,74.125.24.0-255,5738,104901,43,263101
4206,0.001754,172.31.46.0-255,66,104967,43,263101
4207,0.001767,172.31.46.0-255,66,105033,43,263101
4208,0.001772,74.125.24.0-255,2902,107935,43,263101
4209,0.001774,172.31.46.0-255,66,108001,43,263101
4210,0.001797,74.125.24.0-255,6438,114439,43,263101
4211,0.0018,172.31.46.0-255,66,114505,43,263101
4212,0.001883,74.125.24.0-255,1484,115989,43,263101
4213,0.001889,74.125.24.0-255,2902,118891,43,263101
4214,0.001891,172.31.46.0-255,66,118957,43,263101
4215,0.001913,74.125.24.0-255,5738,124695,43,263101
4216,0.001916,172.31.46.0-255,66,124761,43,263101
4217,0.00192,74.125.24.0-255,2902,127663,43,263101
4218,0.001923,172.31.46.0-255,66,127729,43,263101
4219,0.001942,74.125.24.0-255,4320,132049,43,263101
4220,0.001945,172.31.46.0-255,66,132115,43,263101
4221,0.001959,74.125.24.0-255,4320,136435,43,263101
4222,0.001961,172.31.46.0-255,66,136501,43,263101
4223,0.001982,172.31.46.0-255,66,136567,43,263101
4224,0.001985,74.125.24.0-255,2184,138751,43,263101
4225,0.001988,172.31.46.0-255,66,138817,43,263101
4226,0.002126,74.125.24.0-255,1484,140301,43,263101
4227,0.002132,74.125.24.0-255,1484,141785,43,263101
4228,0.002136,172.31.46.0-255,66,141851,43,263101
4229,0.002152,74.125.24.0-255,1484,143335,43,263101
4230,0.00216,74.125.24.0-255,5738,149073,43,263101
4231,0.002162,172.31.46.0-255,66,149139,43,263101
4232,0.002177,74.125.24.0-255,2902,152041,43,263101
4233,0.00218,172.31.46.0-255,66,152107,43,263101
4234,0.002205,172.31.46.0-255,66,152173,43,263101
4235,0.002215,172.31.46.0-255,66,152239,43,263101
4236,0.002232,74.125.24.0-255,2184,154423,43,263101
4237,0.002234,172.31.46.0-255,66,154489,43,263101
4238,0.002306,74.125.24.0-255,1484,155973,43,263101
4239,0.002312,74.125.24.0-255,2902,158875,43,263101
4240,0.002316,172.31.46.0-255,66,158941,43,263101
4241,0.002338,74.125.24.0-255,5738,164679,43,263101
4242,0.002341,172.31.46.0-255,66,164745,43,263101
4243,0.002344,74.125.24.0-255,1484,166229,43,263101
4244,0.00238,172.31.46.0-255,66,166295,43,263101
4245,0.002422,172.31.46.0-255,66,166361,43,263101
4246,0.002429,74.125.24.0-255,5738,172099,43,263101
4247,0.002431,172.31.46.0-255,66,172165,43,263101
4248,0.002458,172.31.46.0-255,66,172231,43,263101
4249,0.002469,172.31.46.0-255,66,172297,43,263101
4250,0.002529,74.125.24.0-255,6438,178735,43,263101
4251,0.002531,172.31.46.0-255,66,178801,43,263101
4252,0.002539,74.125.24.0-255,7156,185957,43,263101
4253,0.002541,172.31.46.0-255,66,186023,43,263101
4254,0.002545,74.125.24.0-255,2902,188925,43,263101
4255,0.002547,172.31.46.0-255,66,188991,43,263101
4256,0.002575,172.31.46.0-255,66,189057,43,263101
4257,0.002578,74.125.24.0-255,1484,190541,43,263101
4258,0.002586,74.125.24.0-255,7156,197697,43,263101
4259,0.002588,172.31.46.0-255,66,197763,43,263101
4260,0.002592,74.125.24.0-255,2902,200665,43,263101
4261,0.002594,172.31.46.0-255,66,200731,43,263101
4262,0.002618,74.125.24.0-255,3602,204333,43,263101
4263,0.002621,172.31.46.0-255,66,204399,43,263101
4264,0.002647,172.31.46.0-255,66,204465,43,263101
4265,0.002673,74.125.24.0-255,2902,207367,43,263101
4266,0.002675,172.31.46.0-255,66,207433,43,263101
4267,0.002683,74.125.24.0-255,7156,214589,43,263101
4268,0.002685,172.31.46.0-255,66,214655,43,263101
4269,0.002691,74.125.24.0-255,5738,220393,43,263101
4270,0.002694,172.31.46.0-255,66,220459,43,263101
4271,0.002696,74.125.24.0-255,1484,221943,43,263101
4272,0.002704,74.125.24.0-255,6438,228381,43,263101
4273,0.002707,172.31.46.0-255,66,228447,43,263101
4274,0.002712,74.125.24.0-255,4320,232767,43,263101
4275,0.002714,172.31.46.0-255,66,232833,43,263101
4276,0.002734,74.125.24.0-255,5738,238571,43,263101
4277,0.002737,172.31.46.0-255,66,238637,43,263101
4278,0.002759,74.125.24.0-255,7156,245793,43,263101
4279,0.002762,172.31.46.0-255,66,245859,43,263101
4280,0.002768,74.125.24.0-255,5738,251597,43,263101
4281,0.00277,172.31.46.0-255,66,251663,43,263101
4282,0.002818,74.125.24.0-255,7156,258819,43,263101
4283,0.002821,172.31.46.0-255,66,258885,43,263101
4284,0.002838,74.125.24.0-255,3808,262693,43,263101
4285,0.00284,172.31.46.0-255,66,262759,43,263101
4286,0.002843,74.125.24.0-255,105,262864,43,263101
4287,0.00666,172.31.46.0-255,66,262930,43,263101
4288,0.006701,172.31.46.0-255,105,263035,43,263101
4289,0.009165,74.125.24.0-255,66,263101,43,263101
4290,0.0,74.125.24.0-255,153,153,43,146676
4291,1.4e-05,172.31.46.0-255,66,219,43,146676
4292,2.1e-05,74.125.24.0-255,1484,1703,43,146676
4293,2.5e-05,172.31.46.0-255,66,1769,43,146676
4294,3.9e-05,74.125.24.0-255,2902,4671,43,146676
4295,4.2e-05,172.31.46.0-255,66,4737,43,146676
4296,5.1e-05,74.125.24.0-255,7156,11893,43,146676
4297,5.4e-05,172.31.46.0-255,66,11959,43,146676
4298,5.8e-05,74.125.24.0-255,2038,13997,43,146676
4299,6.1e-05,172.31.46.0-255,66,14063,43,146676
4300,9.7e-05,172.31.46.0-255,66,14129,43,146676
4301,0.000125,74.125.24.0-255,1484,15613,43,146676
4302,0.000128,172.31.46.0-255,66,15679,43,146676
4303,0.000141,172.31.46.0-255,66,15745,43,146676
4304,0.000144,74.125.24.0-255,1484,17229,43,146676
4305,0.000146,172.31.46.0-255,66,17295,43,146676
4306,0.00019,172.31.46.0-255,66,17361,43,146676
4307,0.000316,74.125.24.0-255,1484,18845,43,146676
4308,0.00032,172.31.46.0-255,66,18911,43,146676
4309,0.00034,74.125.24.0-255,2902,21813,43,146676
4310,0.000343,172.31.46.0-255,66,21879,43,146676
4311,0.000355,74.125.24.0-255,5738,27617,43,146676
4312,0.000357,172.31.46.0-255,66,27683,43,146676
4313,0.000365,74.125.24.0-255,7121,34804,43,146676
4314,0.000367,172.31.46.0-255,66,34870,43,146676
4315,0.000381,74.125.24.0-255,331,35201,43,146676
4316,0.000384,172.31.46.0-255,66,35267,43,146676
4317,0.000932,74.125.24.0-255,1484,36751,43,146676
4318,0.000938,172.31.46.0-255,66,36817,43,146676
4319,0.000968,74.125.24.0-255,2902,39719,43,146676
4320,0.000971,172.31.46.0-255,66,39785,43,146676
4321,0.000977,74.125.24.0-255,4320,44105,43,146676
4322,0.000979,172.31.46.0-255,66,44171,43,146676
4323,0.001022,172.31.46.0-255,66,44237,43,146676
4324,0.001026,74.125.24.0-255,1484,45721,43,146676
4325,0.001032,74.125.24.0-255,4320,50041,43,146676
4326,0.001035,172.31.46.0-255,66,50107,43,146676
4327,0.001072,172.31.46.0-255,66,50173,43,146676
4328,0.001074,74.125.24.0-255,1125,51298,43,146676
4329,0.001113,74.125.24.0-255,1484,52782,43,146676
4330,0.001117,172.31.46.0-255,66,52848,43,146676
4331,0.001122,74.125.24.0-255,2902,55750,43,146676
4332,0.001124,172.31.46.0-255,66,55816,43,146676
4333,0.001139,74.125.24.0-255,1484,57300,43,146676
4334,0.001159,74.125.24.0-255,4320,61620,43,146676
4335,0.001162,172.31.46.0-255,66,61686,43,146676
4336,0.001168,74.125.24.0-255,5738,67424,43,146676
4337,0.00117,172.31.46.0-255,66,67490,43,146676
4338,0.001198,74.125.24.0-255,2902,70392,43,146676
4339,0.001202,172.31.46.0-255,66,70458,43,146676
4340,0.001236,172.31.46.0-255,66,70524,43,146676
4341,0.001267,74.125.24.0-255,6438,76962,43,146676
4342,0.001271,172.31.46.0-255,66,77028,43,146676
4343,0.003604,74.125.24.0-255,5738,82766,43,146676
4344,0.003612,172.31.46.0-255,66,82832,43,146676
4345,0.005952,74.125.24.0-255,5738,88570,43,146676
4346,0.005959,172.31.46.0-255,66,88636,43,146676
4347,0.008293,74.125.24.0-255,5738,94374,43,146676
4348,0.0083,172.31.46.0-255,66,94440,43,146676
4349,0.010624,74.125.24.0-255,5738,100178,43,146676
4350,0.01063,172.31.46.0-255,66,100244,43,146676
4351,0.012997,74.125.24.0-255,5738,105982,43,146676
4352,0.013005,172.31.46.0-255,66,106048,43,146676
4353,0.015338,74.125.24.0-255,5738,111786,43,146676
4354,0.015346,172.31.46.0-255,66,111852,43,146676
4355,0.017682,74.125.24.0-255,5738,117590,43,146676
4356,0.017689,172.31.46.0-255,66,117656,43,146676
4357,0.020019,74.125.24.0-255,5738,123394,43,146676
4358,0.020026,172.31.46.0-255,66,123460,43,146676
4359,0.022362,74.125.24.0-255,5738,129198,43,146676
4360,0.022368,172.31.46.0-255,66,129264,43,146676
4361,0.024696,74.125.24.0-255,5738,135002,43,146676
4362,0.024704,172.31.46.0-255,66,135068,43,146676
4363,0.02704,74.125.24.0-255,5738,140806,43,146676
4364,0.027047,172.31.46.0-255,66,140872,43,146676
4365,0.02938,74.125.24.0-255,5738,146610,43,146676
4366,0.029389,172.31.46.0-255,66,146676,43,146676
4367,0.0,172.217.194.0-255,153,153,43,193736
4368,1.6e-05,172.31.46.0-255,66,219,43,193736
4369,2.2e-05,172.217.194.0-255,1484,1703,43,193736
4370,2.7e-05,172.31.46.0-255,66,1769,43,193736
4371,3.1e-05,172.217.194.0-255,1484,3253,43,193736
4372,3.3e-05,172.31.46.0-255,66,3319,43,193736
4373,6.6e-05,172.217.194.0-255,1484,4803,43,193736
4374,6.9e-05,172.31.46.0-255,66,4869,43,193736
4375,7.9e-05,172.217.194.0-255,7156,12025,43,193736
4376,8.1e-05,172.31.46.0-255,66,12091,43,193736
4377,9.3e-05,172.31.46.0-255,66,12157,43,193736
4378,9.6e-05,172.217.194.0-255,1484,13641,43,193736
4379,9.8e-05,172.31.46.0-255,66,13707,43,193736
4380,0.000139,172.31.46.0-255,66,13773,43,193736
4381,0.000226,172.217.194.0-255,1484,15257,43,193736
4382,0.000229,172.31.46.0-255,66,15323,43,193736
4383,0.000233,172.217.194.0-255,1484,16807,43,193736
4384,0.000235,172.31.46.0-255,66,16873,43,193736
4385,0.000262,172.217.194.0-255,1484,18357,43,193736
4386,0.000264,172.31.46.0-255,66,18423,43,193736
4387,0.000276,172.217.194.0-255,5738,24161,43,193736
4388,0.000278,172.31.46.0-255,66,24227,43,193736
4389,0.000285,172.217.194.0-255,6797,31024,43,193736
4390,0.000287,172.31.46.0-255,66,31090,43,193736
4391,0.00029,172.217.194.0-255,1484,32574,43,193736
4392,0.000292,172.31.46.0-255,66,32640,43,193736
4393,0.000328,172.31.46.0-255,66,32706,43,193736
4394,0.000331,172.217.194.0-255,1484,34190,43,193736
4395,0.000333,172.31.46.0-255,66,34256,43,193736
4396,0.00036,172.217.194.0-255,1377,35633,43,193736
4397,0.00059,172.217.194.0-255,118,35751,43,193736
4398,0.000624,172.217.194.0-255,381,36132,43,193736
4399,0.000629,172.31.46.0-255,66,36198,43,193736
4400,0.000969,172.217.194.0-255,1484,37682,43,193736
4401,0.000975,172.217.194.0-255,2902,40584,43,193736
4402,0.000979,172.31.46.0-255,66,40650,43,193736
4403,0.001008,172.217.194.0-255,5738,46388,43,193736
4404,0.001011,172.31.46.0-255,66,46454,43,193736
4405,0.001016,172.217.194.0-255,2902,49356,43,193736
4406,0.001017,172.31.46.0-255,66,49422,43,193736
4407,0.001054,172.217.194.0-255,5738,55160,43,193736
4408,0.001058,172.31.46.0-255,66,55226,43,193736
4409,0.001069,172.31.46.0-255,66,55292,43,193736
4410,0.001105,172.217.194.0-255,5020,60312,43,193736
4411,0.001108,172.31.46.0-255,66,60378,43,193736
4412,0.00135,172.217.194.0-255,1484,61862,43,193736
4413,0.00137,172.217.194.0-255,1484,63346,43,193736
4414,0.001374,172.31.46.0-255,66,63412,43,193736
4415,0.001402,172.217.194.0-255,1484,64896,43,193736
4416,0.001409,172.217.194.0-255,5738,70634,43,193736
4417,0.001411,172.31.46.0-255,66,70700,43,193736
4418,0.001424,172.31.46.0-255,66,70766,43,193736
4419,0.001431,172.217.194.0-255,7156,77922,43,193736
4420,0.001433,172.31.46.0-255,66,77988,43,193736
4421,0.001467,172.217.194.0-255,3602,81590,43,193736
4422,0.001469,172.31.46.0-255,66,81656,43,193736
4423,0.001513,172.217.194.0-255,4320,85976,43,193736
4424,0.001516,172.31.46.0-255,66,86042,43,193736
4425,0.001521,172.217.194.0-255,4320,90362,43,193736
4426,0.001523,172.31.46.0-255,66,90428,43,193736
4427,0.001546,172.217.194.0-255,1484,91912,43,193736
4428,0.001559,172.31.46.0-255,66,91978,43,193736
4429,0.001608,172.217.194.0-255,1484,93462,43,193736
4430,0.001641,172.31.46.0-255,66,93528,43,193736
4431,0.001651,172.31.46.0-255,66,93594,43,193736
4432,0.001664,172.31.46.0-255,66,93660,43,193736
4433,0.001676,172.31.46.0-255,66,93726,43,193736
4434,0.00171,172.217.194.0-255,6438,100164,43,193736
4435,0.001714,172.31.46.0-255,66,100230,43,193736
4436,0.001722,172.217.194.0-255,7156,107386,43,193736
4437,0.001724,172.31.46.0-255,66,107452,43,193736
4438,0.001762,172.217.194.0-255,2902,110354,43,193736
4439,0.001785,172.31.46.0-255,66,110420,43,193736
4440,0.001789,172.31.46.0-255,66,110486,43,193736
4441,0.001791,172.31.46.0-255,66,110552,43,193736
4442,0.001814,172.217.194.0-255,2184,112736,43,193736
4443,0.001855,172.31.46.0-255,66,112802,43,193736
4444,0.001857,172.31.46.0-255,66,112868,43,193736
4445,0.001858,172.31.46.0-255,66,112934,43,193736
4446,0.001862,172.217.194.0-255,2902,115836,43,193736
4447,0.001864,172.31.46.0-255,66,115902,43,193736
4448,0.001917,172.217.194.0-255,5020,120922,43,193736
4449,0.001921,172.31.46.0-255,66,120988,43,193736
4450,0.004037,172.217.194.0-255,5738,126726,43,193736
4451,0.004045,172.31.46.0-255,66,126792,43,193736
4452,0.006128,172.217.194.0-255,5738,132530,43,193736
4453,0.006135,172.31.46.0-255,66,132596,43,193736
4454,0.008235,172.217.194.0-255,4320,136916,43,193736
4455,0.008241,172.31.46.0-255,66,136982,43,193736
4456,0.008271,172.217.194.0-255,1484,138466,43,193736
4457,0.010362,172.217.194.0-255,4320,142786,43,193736
4458,0.010368,172.31.46.0-255,66,142852,43,193736
4459,0.012462,172.217.194.0-255,5738,148590,43,193736
4460,0.012471,172.31.46.0-255,66,148656,43,193736
4461,0.014602,172.217.194.0-255,5738,154394,43,193736
4462,0.01461,172.31.46.0-255,66,154460,43,193736
4463,0.01673,172.217.194.0-255,5738,160198,43,193736
4464,0.016739,172.31.46.0-255,66,160264,43,193736
4465,0.01883,172.217.194.0-255,5738,166002,43,193736
4466,0.018843,172.31.46.0-255,66,166068,43,193736
4467,0.02094,172.217.194.0-255,5738,171806,43,193736
4468,0.020947,172.31.46.0-255,66,171872,43,193736
4469,0.023059,172.217.194.0-255,5738,177610,43,193736
4470,0.023066,172.31.46.0-255,66,177676,43,193736
4471,0.025204,172.217.194.0-255,5738,183414,43,193736
4472,0.025214,172.31.46.0-255,66,183480,43,193736
4473,0.027337,172.217.194.0-255,4320,187800,43,193736
4474,0.027345,172.31.46.0-255,66,187866,43,193736
4475,0.027378,172.217.194.0-255,1484,189350,43,193736
4476,0.029504,172.217.194.0-255,4320,193670,43,193736
4477,0.029511,172.31.46.0-255,66,193736,43,193736
4478,0.0,74.125.24.0-255,146,146,43,200911
4479,2.2e-05,172.31.46.0-255,66,212,43,200911
4480,2.9e-05,74.125.24.0-255,1484,1696,43,200911
4481,3.4e-05,172.31.46.0-255,66,1762,43,200911
4482,3.9e-05,74.125.24.0-255,2902,4664,43,200911
4483,4.9e-05,172.31.46.0-255,66,4730,43,200911
4484,5.6e-05,74.125.24.0-255,7156,11886,43,200911
4485,5.9e-05,172.31.46.0-255,66,11952,43,200911
4486,9.9e-05,172.31.46.0-255,66,12018,43,200911
4487,0.00011,172.31.46.0-255,66,12084,43,200911
4488,0.000155,74.125.24.0-255,1484,13568,43,200911
4489,0.000158,172.31.46.0-255,66,13634,43,200911
4490,0.000162,74.125.24.0-255,2902,16536,43,200911
4491,0.000164,172.31.46.0-255,66,16602,43,200911
4492,0.000168,74.125.24.0-255,1484,18086,43,200911
4493,0.000169,172.31.46.0-255,66,18152,43,200911
4494,0.000192,74.125.24.0-255,4320,22472,43,200911
4495,0.000195,172.31.46.0-255,66,22538,43,200911
4496,0.000227,172.31.46.0-255,66,22604,43,200911
4497,0.000255,74.125.24.0-255,2543,25147,43,200911
4498,0.000257,172.31.46.0-255,66,25213,43,200911
4499,0.00027,172.31.46.0-255,66,25279,43,200911
4500,0.000273,74.125.24.0-255,136,25415,43,200911
4501,0.000275,172.31.46.0-255,66,25481,43,200911
4502,0.000372,74.125.24.0-255,1484,26965,43,200911
4503,0.000375,172.31.46.0-255,66,27031,43,200911
4504,0.000381,74.125.24.0-255,2902,29933,43,200911
4505,0.000384,172.31.46.0-255,66,29999,43,200911
4506,0.000388,74.125.24.0-255,2902,32901,43,200911
4507,0.000395,172.31.46.0-255,66,32967,43,200911
4508,0.000419,74.125.24.0-255,2902,35869,43,200911
4509,0.000422,172.31.46.0-255,66,35935,43,200911
4510,0.000437,172.31.46.0-255,66,36001,43,200911
4511,0.000449,172.31.46.0-255,66,36067,43,200911
4512,0.000489,74.125.24.0-255,4320,40387,43,200911
4513,0.000493,172.31.46.0-255,66,40453,43,200911
4514,0.00053,172.31.46.0-255,66,40519,43,200911
4515,0.000533,74.125.24.0-255,1125,41644,43,200911
4516,0.000733,74.125.24.0-255,1484,43128,43,200911
4517,0.000738,172.31.46.0-255,66,43194,43,200911
4518,0.000744,74.125.24.0-255,2902,46096,43,200911
4519,0.000747,172.31.46.0-255,66,46162,43,200911
4520,0.000758,74.125.24.0-255,5738,51900,43,200911
4521,0.000761,172.31.46.0-255,66,51966,43,200911
4522,0.000788,74.125.24.0-255,6797,58763,43,200911
4523,0.000791,172.31.46.0-255,66,58829,43,200911
4524,0.001191,74.125.24.0-255,1484,60313,43,200911
4525,0.001198,74.125.24.0-255,2902,63215,43,200911
4526,0.001201,172.31.46.0-255,66,63281,43,200911
4527,0.001205,74.125.24.0-255,1484,64765,43,200911
4528,0.001233,74.125.24.0-255,4320,69085,43,200911
4529,0.001236,172.31.46.0-255,66,69151,43,200911
4530,0.001243,74.125.24.0-255,5738,74889,43,200911
4531,0.001245,172.31.46.0-255,66,74955,43,200911
4532,0.001274,74.125.24.0-255,7156,82111,43,200911
4533,0.001282,172.31.46.0-255,66,82177,43,200911
4534,0.001293,172.31.46.0-255,66,82243,43,200911
4535,0.001297,74.125.24.0-255,766,83009,43,200911
4536,0.001431,74.125.24.0-255,1484,84493,43,200911
4537,0.001435,172.31.46.0-255,66,84559,43,200911
4538,0.00144,74.125.24.0-255,2902,87461,43,200911
4539,0.001442,172.31.46.0-255,66,87527,43,200911
4540,0.001474,74.125.24.0-255,5738,93265,43,200911
4541,0.001478,172.31.46.0-255,66,93331,43,200911
4542,0.001496,172.31.46.0-255,66,93397,43,200911
4543,0.001535,172.31.46.0-255,66,93463,43,200911
4544,0.001671,74.125.24.0-255,1484,94947,43,200911
4545,0.001679,74.125.24.0-255,2902,97849,43,200911
4546,0.001682,172.31.46.0-255,66,97915,43,200911
4547,0.001689,74.125.24.0-255,5738,103653,43,200911
4548,0.001691,172.31.46.0-255,66,103719,43,200911
4549,0.001709,74.125.24.0-255,4320,108039,43,200911
4550,0.001712,172.31.46.0-255,66,108105,43,200911
4551,0.001745,172.31.46.0-255,66,108171,43,200911
4552,0.001771,74.125.24.0-255,7156,115327,43,200911
4553,0.001773,172.31.46.0-255,66,115393,43,200911
4554,0.001799,74.125.24.0-255,3602,118995,43,200911
4555,0.001804,172.31.46.0-255,66,119061,43,200911
4556,0.002123,74.125.24.0-255,1484,120545,43,200911
4557,0.00213,74.125.24.0-255,2902,123447,43,200911
4558,0.002133,172.31.46.0-255,66,123513,43,200911
4559,0.00214,74.125.24.0-255,4320,127833,43,200911
4560,0.002142,172.31.46.0-255,66,127899,43,200911
4561,0.002161,74.125.24.0-255,1484,129383,43,200911
4562,0.002164,74.125.24.0-255,1484,130867,43,200911
4563,0.002169,172.31.46.0-255,66,130933,43,200911
4564,0.002219,172.31.46.0-255,66,130999,43,200911
4565,0.002231,172.31.46.0-255,66,131065,43,200911
4566,0.002322,172.31.46.0-255,66,131131,43,200911
4567,0.002347,172.31.46.0-255,66,131197,43,200911
4568,0.00236,172.31.46.0-255,66,131263,43,200911
4569,0.004668,74.125.24.0-255,5738,137001,43,200911
4570,0.004675,172.31.46.0-255,66,137067,43,200911
4571,0.006948,74.125.24.0-255,5738,142805,43,200911
4572,0.006953,172.31.46.0-255,66,142871,43,200911
4573,0.009207,74.125.24.0-255,5738,148609,43,200911
4574,0.009214,172.31.46.0-255,66,148675,43,200911
4575,0.011513,74.125.24.0-255,5738,154413,43,200911
4576,0.01152,172.31.46.0-255,66,154479,43,200911
4577,0.013802,74.125.24.0-255,5738,160217,43,200911
4578,0.013811,172.31.46.0-255,66,160283,43,200911
4579,0.016101,74.125.24.0-255,5738,166021,43,200911
4580,0.016111,172.31.46.0-255,66,166087,43,200911
4581,0.018378,74.125.24.0-255,5738,171825,43,200911
4582,0.018385,172.31.46.0-255,66,171891,43,200911
4583,0.02065,74.125.24.0-255,5738,177629,43,200911
4584,0.020657,172.31.46.0-255,66,177695,43,200911
4585,0.022917,74.125.24.0-255,5738,183433,43,200911
4586,0.022926,172.31.46.0-255,66,183499,43,200911
4587,0.025208,74.125.24.0-255,5738,189237,43,200911
4588,0.025219,172.31.46.0-255,66,189303,43,200911
4589,0.027529,74.125.24.0-255,5738,195041,43,200911
4590,0.027537,172.31.46.0-255,66,195107,43,200911
4591,0.029828,74.125.24.0-255,5738,200845,43,200911
4592,0.029837,172.31.46.0-255,66,200911,43,200911
4593,0.0,172.217.194.0-255,143,143,43,280364
4594,1.9e-05,172.217.194.0-255,1484,1627,43,280364
4595,3.1e-05,172.31.46.0-255,66,1693,43,280364
4596,3.9e-05,172.217.194.0-255,2902,4595,43,280364
4597,4.2e-05,172.31.46.0-255,66,4661,43,280364
4598,5e-05,172.217.194.0-255,4320,8981,43,280364
4599,6.1e-05,172.31.46.0-255,66,9047,43,280364
4600,8e-05,172.217.194.0-255,2902,11949,43,280364
4601,8.6e-05,172.31.46.0-255,66,12015,43,280364
4602,0.000105,172.217.194.0-255,2053,14068,43,280364
4603,0.000109,172.31.46.0-255,66,14134,43,280364
4604,0.000209,172.217.194.0-255,1484,15618,43,280364
4605,0.000215,172.217.194.0-255,2902,18520,43,280364
4606,0.000218,172.31.46.0-255,66,18586,43,280364
4607,0.000251,172.217.194.0-255,2902,21488,43,280364
4608,0.000253,172.31.46.0-255,66,21554,43,280364
4609,0.00028,172.217.194.0-255,2902,24456,43,280364
4610,0.000282,172.31.46.0-255,66,24522,43,280364
4611,0.00029,172.217.194.0-255,6797,31319,43,280364
4612,0.000292,172.31.46.0-255,66,31385,43,280364
4613,0.000371,172.217.194.0-255,1484,32869,43,280364
4614,0.000378,172.217.194.0-255,2902,35771,43,280364
4615,0.000381,172.31.46.0-255,66,35837,43,280364
4616,0.000419,172.217.194.0-255,2902,38739,43,280364
4617,0.000421,172.31.46.0-255,66,38805,43,280364
4618,0.000434,172.217.194.0-255,1484,40289,43,280364
4619,0.000441,172.217.194.0-255,1484,41773,43,280364
4620,0.000443,172.31.46.0-255,66,41839,43,280364
4621,0.000472,172.217.194.0-255,4320,46159,43,280364
4622,0.000475,172.31.46.0-255,66,46225,43,280364
4623,0.000479,172.217.194.0-255,2543,48768,43,280364
4624,0.000481,172.31.46.0-255,66,48834,43,280364
4625,0.000485,172.217.194.0-255,2902,51736,43,280364
4626,0.000489,172.31.46.0-255,66,51802,43,280364
4627,0.000516,172.217.194.0-255,7156,58958,43,280364
4628,0.000519,172.31.46.0-255,66,59024,43,280364
4629,0.000526,172.217.194.0-255,6797,65821,43,280364
4630,0.000528,172.31.46.0-255,66,65887,43,280364
4631,0.000575,172.217.194.0-255,377,66264,43,280364
4632,0.000784,172.217.194.0-255,1484,67748,43,280364
4633,0.000789,172.31.46.0-255,66,67814,43,280364
4634,0.000795,172.217.194.0-255,2902,70716,43,280364
4635,0.000797,172.31.46.0-255,66,70782,43,280364
4636,0.000802,172.217.194.0-255,2902,73684,43,280364
4637,0.000804,172.31.46.0-255,66,73750,43,280364
4638,0.00083,172.217.194.0-255,2902,76652,43,280364
4639,0.000833,172.31.46.0-255,66,76718,43,280364
4640,0.000836,172.217.194.0-255,1484,78202,43,280364
4641,0.000841,172.217.194.0-255,2902,81104,43,280364
4642,0.000843,172.31.46.0-255,66,81170,43,280364
4643,0.00087,172.217.194.0-255,1484,82654,43,280364
4644,0.000884,172.217.194.0-255,2902,85556,43,280364
4645,0.00089,172.217.194.0-255,5738,91294,43,280364
4646,0.000895,172.31.46.0-255,66,91360,43,280364
4647,0.000903,172.31.46.0-255,66,91426,43,280364
4648,0.000937,172.31.46.0-255,66,91492,43,280364
4649,0.000961,172.217.194.0-255,486,91978,43,280364
4650,0.000977,172.217.194.0-255,1484,93462,43,280364
4651,0.000979,172.31.46.0-255,66,93528,43,280364
4652,0.000983,172.217.194.0-255,1484,95012,43,280364
4653,0.001004,172.217.194.0-255,1484,96496,43,280364
4654,0.001007,172.31.46.0-255,66,96562,43,280364
4655,0.001011,172.217.194.0-255,1484,98046,43,280364
4656,0.001037,172.217.194.0-255,4320,102366,43,280364
4657,0.00104,172.31.46.0-255,66,102432,43,280364
4658,0.001043,172.217.194.0-255,1484,103916,43,280364
4659,0.001047,172.217.194.0-255,2902,106818,43,280364
4660,0.001049,172.31.46.0-255,66,106884,43,280364
4661,0.001057,172.217.194.0-255,1484,108368,43,280364
4662,0.001084,172.217.194.0-255,4320,112688,43,280364
4663,0.001087,172.31.46.0-255,66,112754,43,280364
4664,0.001103,172.31.46.0-255,66,112820,43,280364
4665,0.001136,172.217.194.0-255,5020,117840,43,280364
4666,0.001138,172.31.46.0-255,66,117906,43,280364
4667,0.001212,172.217.194.0-255,1484,119390,43,280364
4668,0.001215,172.217.194.0-255,1484,120874,43,280364
4669,0.001218,172.31.46.0-255,66,120940,43,280364
4670,0.001229,172.217.194.0-255,1484,122424,43,280364
4671,0.00124,172.217.194.0-255,5738,128162,43,280364
4672,0.001243,172.31.46.0-255,66,128228,43,280364
4673,0.001282,172.217.194.0-255,2902,131130,43,280364
4674,0.001285,172.31.46.0-255,66,131196,43,280364
4675,0.001317,172.31.46.0-255,66,131262,43,280364
4676,0.001336,172.31.46.0-255,66,131328,43,280364
4677,0.002051,172.217.194.0-255,1484,132812,43,280364
4678,0.002056,172.217.194.0-255,1484,134296,43,280364
4679,0.00206,172.31.46.0-255,66,134362,43,280364
4680,0.002079,172.217.194.0-255,1484,135846,43,280364
4681,0.002084,172.217.194.0-255,2902,138748,43,280364
4682,0.002086,172.31.46.0-255,66,138814,43,280364
4683,0.002115,172.217.194.0-255,2902,141716,43,280364
4684,0.002117,172.31.46.0-255,66,141782,43,280364
4685,0.002129,172.31.46.0-255,66,141848,43,280364
4686,0.002162,172.31.46.0-255,66,141914,43,280364
4687,0.002184,172.217.194.0-255,3602,145516,43,280364
4688,0.002189,172.31.46.0-255,66,145582,43,280364
4689,0.002245,172.31.46.0-255,66,145648,43,280364
4690,0.002283,172.217.194.0-255,4320,149968,43,280364
4691,0.002286,172.31.46.0-255,66,150034,43,280364
4692,0.002298,172.31.46.0-255,66,150100,43,280364
4693,0.002309,172.31.46.0-255,66,150166,43,280364
4694,0.002461,172.217.194.0-255,1484,151650,43,280364
4695,0.002477,172.217.194.0-255,2902,154552,43,280364
4696,0.00248,172.31.46.0-255,66,154618,43,280364
4697,0.002506,172.217.194.0-255,1484,156102,43,280364
4698,0.002542,172.217.194.0-255,2902,159004,43,280364
4699,0.002545,172.31.46.0-255,66,159070,43,280364
4700,0.002572,172.217.194.0-255,4320,163390,43,280364
4701,0.002575,172.31.46.0-255,66,163456,43,280364
4702,0.002618,172.217.194.0-255,4320,167776,43,280364
4703,0.002622,172.31.46.0-255,66,167842,43,280364
4704,0.002647,172.217.194.0-255,1484,169326,43,280364
4705,0.002652,172.217.194.0-255,4320,173646,43,280364
4706,0.002669,172.217.194.0-255,2902,176548,43,280364
4707,0.002683,172.217.194.0-255,4320,180868,43,280364
4708,0.002686,172.217.194.0-255,1484,182352,43,280364
4709,0.002701,172.217.194.0-255,2184,184536,43,280364
4710,0.002768,172.217.194.0-255,1484,186020,43,280364
4711,0.002773,172.217.194.0-255,2902,188922,43,280364
4712,0.002788,172.217.194.0-255,2902,191824,43,280364
4713,0.002801,172.217.194.0-255,2902,194726,43,280364
4714,0.002805,172.217.194.0-255,2902,197628,43,280364
4715,0.002825,172.217.194.0-255,5738,203366,43,280364
4716,0.00287,172.217.194.0-255,2902,206268,43,280364
4717,0.002919,172.217.194.0-255,1484,207752,43,280364
4718,0.002932,172.217.194.0-255,2902,210654,43,280364
4719,0.002952,172.217.194.0-255,5738,216392,43,280364
4720,0.002972,172.217.194.0-255,2902,219294,43,280364
4721,0.002976,172.217.194.0-255,2902,222196,43,280364
4722,0.003039,172.217.194.0-255,4320,226516,43,280364
4723,0.00305,172.217.194.0-255,1484,228000,43,280364
4724,0.003063,172.217.194.0-255,2184,230184,43,280364
4725,0.003104,172.217.194.0-255,1484,231668,43,280364
4726,0.003123,172.217.194.0-255,1484,233152,43,280364
4727,0.003146,172.217.194.0-255,4320,237472,43,280364
4728,0.003158,172.217.194.0-255,1484,238956,43,280364
4729,0.003172,172.217.194.0-255,5738,244694,43,280364
4730,0.003201,172.217.194.0-255,1484,246178,43,280364
4731,0.003215,172.217.194.0-255,2902,249080,43,280364
4732,0.003227,172.217.194.0-255,1484,250564,43,280364
4733,0.00324,172.217.194.0-255,2902,253466,43,280364
4734,0.003242,172.217.194.0-255,766,254232,43,280364
4735,0.003276,172.217.194.0-255,7156,261388,43,280364
4736,0.00329,172.217.194.0-255,4320,265708,43,280364
4737,0.003294,172.217.194.0-255,2902,268610,43,280364
4738,0.00336,172.217.194.0-255,1484,270094,43,280364
4739,0.003362,172.217.194.0-255,1484,271578,43,280364
4740,0.003369,172.217.194.0-255,6367,277945,43,280364
4741,0.003372,172.217.194.0-255,97,278042,43,280364
4742,0.003374,172.217.194.0-255,105,278147,43,280364
4743,0.007793,172.31.46.0-255,66,278213,43,280364
4744,0.007798,172.31.46.0-255,66,278279,43,280364
4745,0.007802,172.31.46.0-255,66,278345,43,280364
4746,0.007805,172.31.46.0-255,66,278411,43,280364
4747,0.007819,172.31.46.0-255,66,278477,43,280364
4748,0.007822,172.31.46.0-255,66,278543,43,280364
4749,0.007825,172.31.46.0-255,66,278609,43,280364
4750,0.007828,172.31.46.0-255,66,278675,43,280364
4751,0.007832,172.31.46.0-255,66,278741,43,280364
4752,0.007834,172.31.46.0-255,66,278807,43,280364
4753,0.007838,172.31.46.0-255,66,278873,43,280364
4754,0.007842,172.31.46.0-255,66,278939,43,280364
4755,0.007844,172.31.46.0-255,66,279005,43,280364
4756,0.007847,172.31.46.0-255,66,279071,43,280364
4757,0.007851,172.31.46.0-255,66,279137,43,280364
4758,0.007854,172.31.46.0-255,66,279203,43,280364
4759,0.007857,172.31.46.0-255,66,279269,43,280364
4760,0.00786,172.31.46.0-255,66,279335,43,280364
4761,0.007863,172.31.46.0-255,66,279401,43,280364
4762,0.007867,172.31.46.0-255,66,279467,43,280364
4763,0.00787,172.31.46.0-255,66,279533,43,280364
4764,0.007874,172.31.46.0-255,66,279599,43,280364
4765,0.007877,172.31.46.0-255,66,279665,43,280364
4766,0.00788,172.31.46.0-255,66,279731,43,280364
4767,0.007884,172.31.46.0-255,66,279797,43,280364
4768,0.007887,172.31.46.0-255,66,279863,43,280364
4769,0.00789,172.31.46.0-255,66,279929,43,280364
4770,0.007893,172.31.46.0-255,66,279995,43,280364
4771,0.007897,172.31.46.0-255,66,280061,43,280364
4772,0.007901,172.31.46.0-255,66,280127,43,280364
4773,0.009779,172.31.46.0-255,66,280193,43,280364
4774,0.009816,172.31.46.0-255,105,280298,43,280364
4775,0.012507,172.217.194.0-255,66,280364,43,280364
4776,0.0,74.125.24.0-255,153,153,43,188710
4777,1.4e-05,172.31.46.0-255,66,219,43,188710
4778,2e-05,74.125.24.0-255,1484,1703,43,188710
4779,2.4e-05,172.31.46.0-255,66,1769,43,188710
4780,2.9e-05,74.125.24.0-255,2902,4671,43,188710
4781,3.3e-05,172.31.46.0-255,66,4737,43,188710
4782,6.3e-05,74.125.24.0-255,7156,11893,43,188710
4783,6.6e-05,172.31.46.0-255,66,11959,43,188710
4784,7e-05,74.125.24.0-255,2038,13997,43,188710
4785,7.2e-05,172.31.46.0-255,66,14063,43,188710
4786,9.5e-05,74.125.24.0-255,2902,16965,43,188710
4787,9.8e-05,172.31.46.0-255,66,17031,43,188710
4788,0.000125,172.31.46.0-255,66,17097,43,188710
4789,0.000131,74.125.24.0-255,5379,22476,43,188710
4790,0.000133,172.31.46.0-255,66,22542,43,188710
4791,0.000172,74.125.24.0-255,1484,24026,43,188710
4792,0.000174,74.125.24.0-255,1484,25510,43,188710
4793,0.000178,172.31.46.0-255,66,25576,43,188710
4794,0.000181,172.31.46.0-255,66,25642,43,188710
4795,0.000189,74.125.24.0-255,1484,27126,43,188710
4796,0.000191,172.31.46.0-255,66,27192,43,188710
4797,0.000196,74.125.24.0-255,2902,30094,43,188710
4798,0.000199,172.31.46.0-255,66,30160,43,188710
4799,0.000211,74.125.24.0-255,2902,33062,43,188710
4800,0.000214,172.31.46.0-255,66,33128,43,188710
4801,0.000218,74.125.24.0-255,2902,36030,43,188710
4802,0.000221,172.31.46.0-255,66,36096,43,188710
4803,0.000226,74.125.24.0-255,3961,40057,43,188710
4804,0.000229,172.31.46.0-255,66,40123,43,188710
4805,0.000248,74.125.24.0-255,4320,44443,43,188710
4806,0.000251,172.31.46.0-255,66,44509,43,188710
4807,0.000273,74.125.24.0-255,4320,48829,43,188710
4808,0.000275,172.31.46.0-255,66,48895,43,188710
4809,0.000286,172.31.46.0-255,66,48961,43,188710
4810,0.000289,74.125.24.0-255,136,49097,43,188710
4811,0.000413,74.125.24.0-255,1484,50581,43,188710
4812,0.000419,172.31.46.0-255,66,50647,43,188710
4813,0.000424,74.125.24.0-255,2902,53549,43,188710
4814,0.000426,172.31.46.0-255,66,53615,43,188710
4815,0.000431,74.125.24.0-255,4320,57935,43,188710
4816,0.000434,172.31.46.0-255,66,58001,43,188710
4817,0.000446,74.125.24.0-255,1484,59485,43,188710
4818,0.000464,74.125.24.0-255,5738,65223,43,188710
4819,0.000467,172.31.46.0-255,66,65289,43,188710
4820,0.000496,172.31.46.0-255,66,65355,43,188710
4821,0.000507,172.31.46.0-255,66,65421,43,188710
4822,0.000509,74.125.24.0-255,343,65764,43,188710
4823,0.000704,74.125.24.0-255,1484,67248,43,188710
4824,0.000709,172.31.46.0-255,66,67314,43,188710
4825,0.000715,74.125.24.0-255,2902,70216,43,188710
4826,0.000717,172.31.46.0-255,66,70282,43,188710
4827,0.000735,74.125.24.0-255,5738,76020,43,188710
4828,0.000738,172.31.46.0-255,66,76086,43,188710
4829,0.000744,74.125.24.0-255,5738,81824,43,188710
4830,0.000747,172.31.46.0-255,66,81890,43,188710
4831,0.00077,74.125.24.0-255,7156,89046,43,188710
4832,0.000782,74.125.24.0-255,217,89263,43,188710
4833,0.000799,172.31.46.0-255,66,89329,43,188710
4834,0.000802,172.31.46.0-255,66,89395,43,188710
4835,0.000813,74.125.24.0-255,1484,90879,43,188710
4836,0.000816,172.31.46.0-255,66,90945,43,188710
4837,0.000819,74.125.24.0-255,1484,92429,43,188710
4838,0.000834,74.125.24.0-255,2902,95331,43,188710
4839,0.000836,172.31.46.0-255,66,95397,43,188710
4840,0.000842,74.125.24.0-255,4320,99717,43,188710
4841,0.000844,172.31.46.0-255,66,99783,43,188710
4842,0.000863,74.125.24.0-255,4320,104103,43,188710
4843,0.000865,172.31.46.0-255,66,104169,43,188710
4844,0.00088,172.31.46.0-255,66,104235,43,188710
4845,0.000915,74.125.24.0-255,2902,107137,43,188710
4846,0.000918,172.31.46.0-255,66,107203,43,188710
4847,0.000936,74.125.24.0-255,3602,110805,43,188710
4848,0.000938,172.31.46.0-255,66,110871,43,188710
4849,0.001108,74.125.24.0-255,1484,112355,43,188710
4850,0.001112,74.125.24.0-255,1484,113839,43,188710
4851,0.001116,172.31.46.0-255,66,113905,43,188710
4852,0.001134,74.125.24.0-255,1484,115389,43,188710
4853,0.001139,74.125.24.0-255,2902,118291,43,188710
4854,0.001143,172.31.46.0-255,66,118357,43,188710
4855,0.001162,74.125.24.0-255,2902,121259,43,188710
4856,0.001165,172.31.46.0-255,66,121325,43,188710
4857,0.001177,172.31.46.0-255,66,121391,43,188710
4858,0.00121,74.125.24.0-255,2902,124293,43,188710
4859,0.001213,172.31.46.0-255,66,124359,43,188710
4860,0.001237,172.31.46.0-255,66,124425,43,188710
4861,0.001292,74.125.24.0-255,1484,125909,43,188710
4862,0.001296,74.125.24.0-255,1484,127393,43,188710
4863,0.001299,172.31.46.0-255,66,127459,43,188710
4864,0.001316,74.125.24.0-255,1484,128943,43,188710
4865,0.001322,74.125.24.0-255,4320,133263,43,188710
4866,0.001324,172.31.46.0-255,66,133329,43,188710
4867,0.00134,74.125.24.0-255,1484,134813,43,188710
4868,0.001348,74.125.24.0-255,7156,141969,43,188710
4869,0.001351,172.31.46.0-255,66,142035,43,188710
4870,0.001374,74.125.24.0-255,5738,147773,43,188710
4871,0.001377,172.31.46.0-255,66,147839,43,188710
4872,0.001405,172.31.46.0-255,66,147905,43,188710
4873,0.001409,74.125.24.0-255,2184,150089,43,188710
4874,0.001412,172.31.46.0-255,66,150155,43,188710
4875,0.001495,74.125.24.0-255,1484,151639,43,188710
4876,0.001498,74.125.24.0-255,1484,153123,43,188710
4877,0.001502,172.31.46.0-255,66,153189,43,188710
4878,0.001519,74.125.24.0-255,1484,154673,43,188710
4879,0.001525,74.125.24.0-255,5738,160411,43,188710
4880,0.00153,172.31.46.0-255,66,160477,43,188710
4881,0.001557,172.31.46.0-255,66,160543,43,188710
4882,0.001582,74.125.24.0-255,2902,163445,43,188710
4883,0.0016,172.31.46.0-255,66,163511,43,188710
4884,0.001612,172.31.46.0-255,66,163577,43,188710
4885,0.001614,74.125.24.0-255,766,164343,43,188710
4886,0.001617,74.125.24.0-255,1484,165827,43,188710
4887,0.001619,172.31.46.0-255,66,165893,43,188710
4888,0.001624,74.125.24.0-255,4320,170213,43,188710
4889,0.001626,172.31.46.0-255,66,170279,43,188710
4890,0.001631,74.125.24.0-255,4320,174599,43,188710
4891,0.001633,172.31.46.0-255,66,174665,43,188710
4892,0.00165,74.125.24.0-255,5738,180403,43,188710
4893,0.001652,172.31.46.0-255,66,180469,43,188710
4894,0.001693,74.125.24.0-255,4320,184789,43,188710
4895,0.001695,172.31.46.0-255,66,184855,43,188710
4896,0.001727,172.31.46.0-255,66,184921,43,188710
4897,0.001748,172.31.46.0-255,66,184987,43,188710
4898,0.001762,172.31.46.0-255,66,185053,43,188710
4899,0.001794,172.31.46.0-255,66,185119,43,188710
4900,0.001886,74.125.24.0-255,3249,188368,43,188710
4901,0.001889,74.125.24.0-255,105,188473,43,188710
4902,0.002265,172.31.46.0-255,66,188539,43,188710
4903,0.004808,172.31.46.0-255,105,188644,43,188710
4904,0.007212,74.125.24.0-255,66,188710,43,188710
4905,0.0,74.125.130.0-255,295,295,43,163111
4906,2.2e-05,172.31.46.0-255,66,361,43,163111
4907,2.8e-05,74.125.130.0-255,1484,1845,43,163111
4908,3.4e-05,172.31.46.0-255,66,1911,43,163111
4909,4e-05,74.125.130.0-255,4320,6231,43,163111
4910,4.4e-05,172.31.46.0-255,66,6297,43,163111
4911,5.6e-05,172.31.46.0-255,66,6363,43,163111
4912,8.2e-05,172.31.46.0-255,66,6429,43,163111
4913,0.000117,172.31.46.0-255,66,6495,43,163111
4914,0.000185,74.125.130.0-255,1484,7979,43,163111
4915,0.000187,172.31.46.0-255,66,8045,43,163111
4916,0.000202,74.125.130.0-255,2902,10947,43,163111
4917,0.000204,172.31.46.0-255,66,11013,43,163111
4918,0.000207,74.125.130.0-255,1484,12497,43,163111
4919,0.000209,172.31.46.0-255,66,12563,43,163111
4920,0.000235,74.125.130.0-255,4320,16883,43,163111
4921,0.000238,172.31.46.0-255,66,16949,43,163111
4922,0.000241,74.125.130.0-255,2902,19851,43,163111
4923,0.000243,172.31.46.0-255,66,19917,43,163111
4924,0.000268,172.31.46.0-255,66,19983,43,163111
4925,0.000278,172.31.46.0-255,66,20049,43,163111
4926,0.000311,74.125.130.0-255,1125,21174,43,163111
4927,0.000314,172.31.46.0-255,66,21240,43,163111
4928,0.000366,74.125.130.0-255,378,21618,43,163111
4929,0.000368,172.31.46.0-255,66,21684,43,163111
4930,0.000391,74.125.130.0-255,365,22049,43,163111
4931,0.000394,172.31.46.0-255,66,22115,43,163111
4932,0.000738,74.125.130.0-255,1484,23599,43,163111
4933,0.000742,74.125.130.0-255,1484,25083,43,163111
4934,0.000751,172.31.46.0-255,66,25149,43,163111
4935,0.000755,74.125.130.0-255,1484,26633,43,163111
4936,0.000757,74.125.130.0-255,1484,28117,43,163111
4937,0.000759,172.31.46.0-255,66,28183,43,163111
4938,0.000777,74.125.130.0-255,4320,32503,43,163111
4939,0.000779,172.31.46.0-255,66,32569,43,163111
4940,0.000785,74.125.130.0-255,7156,39725,43,163111
4941,0.000787,172.31.46.0-255,66,39791,43,163111
4942,0.000826,172.31.46.0-255,66,39857,43,163111
4943,0.000829,74.125.130.0-255,2184,42041,43,163111
4944,0.000831,172.31.46.0-255,66,42107,43,163111
4945,0.000999,74.125.130.0-255,1484,43591,43,163111
4946,0.001014,74.125.130.0-255,2902,46493,43,163111
4947,0.001016,74.125.130.0-255,1484,47977,43,163111
4948,0.00102,172.31.46.0-255,66,48043,43,163111
4949,0.001039,74.125.130.0-255,2902,50945,43,163111
4950,0.001041,172.31.46.0-255,66,51011,43,163111
4951,0.001047,74.125.130.0-255,5738,56749,43,163111
4952,0.001049,172.31.46.0-255,66,56815,43,163111
4953,0.001078,74.125.130.0-255,2902,59717,43,163111
4954,0.00108,172.31.46.0-255,66,59783,43,163111
4955,0.001091,172.31.46.0-255,66,59849,43,163111
4956,0.001108,74.125.130.0-255,5020,64869,43,163111
4957,0.00111,172.31.46.0-255,66,64935,43,163111
4958,0.001115,74.125.130.0-255,5738,70673,43,163111
4959,0.001118,172.31.46.0-255,66,70739,43,163111
4960,0.001139,172.31.46.0-255,66,70805,43,163111
4961,0.001143,74.125.130.0-255,2902,73707,43,163111
4962,0.001144,172.31.46.0-255,66,73773,43,163111
4963,0.001181,74.125.130.0-255,1484,75257,43,163111
4964,0.001184,172.31.46.0-255,66,75323,43,163111
4965,0.001192,74.125.130.0-255,2184,77507,43,163111
4966,0.001194,172.31.46.0-255,66,77573,43,163111
4967,0.001216,74.125.130.0-255,1484,79057,43,163111
4968,0.001237,74.125.130.0-255,2902,81959,43,163111
4969,0.001239,172.31.46.0-255,66,82025,43,163111
4970,0.001244,74.125.130.0-255,2902,84927,43,163111
4971,0.001246,172.31.46.0-255,66,84993,43,163111
4972,0.001261,74.125.130.0-255,2902,87895,43,163111
4973,0.001263,172.31.46.0-255,66,87961,43,163111
4974,0.001266,74.125.130.0-255,1484,89445,43,163111
4975,0.001296,172.31.46.0-255,66,89511,43,163111
4976,0.001302,74.125.130.0-255,7156,96667,43,163111
4977,0.001304,172.31.46.0-255,66,96733,43,163111
4978,0.001314,74.125.130.0-255,1484,98217,43,163111
4979,0.00133,74.125.130.0-255,2184,100401,43,163111
4980,0.001332,172.31.46.0-255,66,100467,43,163111
4981,0.001451,74.125.130.0-255,1484,101951,43,163111
4982,0.001463,74.125.130.0-255,2902,104853,43,163111
4983,0.001465,172.31.46.0-255,66,104919,43,163111
4984,0.001487,74.125.130.0-255,5738,110657,43,163111
4985,0.001489,172.31.46.0-255,66,110723,43,163111
4986,0.001494,74.125.130.0-255,4320,115043,43,163111
4987,0.001496,172.31.46.0-255,66,115109,43,163111
4988,0.001516,74.125.130.0-255,1484,116593,43,163111
4989,0.001521,74.125.130.0-255,7156,123749,43,163111
4990,0.001525,172.31.46.0-255,66,123815,43,163111
4991,0.001539,74.125.130.0-255,2902,126717,43,163111
4992,0.001542,172.31.46.0-255,66,126783,43,163111
4993,0.001572,172.31.46.0-255,66,126849,43,163111
4994,0.00159,172.31.46.0-255,66,126915,43,163111
4995,0.001623,74.125.130.0-255,4320,131235,43,163111
4996,0.001625,172.31.46.0-255,66,131301,43,163111
4997,0.001662,172.31.46.0-255,66,131367,43,163111
4998,0.001675,172.31.46.0-255,66,131433,43,163111
4999,0.001685,172.31.46.0-255,66,131499,43,163111
5000,0.001698,74.125.130.0-255,4320,135819,43,163111
5001,0.001714,74.125.130.0-255,7156,142975,43,163111
5002,0.001716,74.125.130.0-255,1484,144459,43,163111
5003,0.001721,172.31.46.0-255,66,144525,43,163111
5004,0.001759,74.125.130.0-255,6438,150963,43,163111
5005,0.001765,74.125.130.0-255,7156,158119,43,163111
5006,0.001776,172.31.46.0-255,66,158185,43,163111
5007,0.001784,74.125.130.0-255,4320,162505,43,163111
5008,0.001788,172.31.46.0-255,66,162571,43,163111
5009,0.001831,172.31.46.0-255,66,162637,43,163111
5010,0.001898,172.31.46.0-255,66,162703,43,163111
5011,0.001904,172.31.46.0-255,66,162769,43,163111
5012,0.001929,74.125.130.0-255,105,162874,43,163111
5013,0.001937,172.31.46.0-255,66,162940,43,163111
5014,0.003871,172.31.46.0-255,105,163045,43,163111
5015,0.006076,74.125.130.0-255,66,163111,43,163111
5016,0.0,172.217.194.0-255,153,153,43,211601
5017,1.8e-05,172.31.46.0-255,66,219,43,211601
5018,2.4e-05,172.217.194.0-255,1484,1703,43,211601
5019,2.9e-05,172.31.46.0-255,66,1769,43,211601
5020,3.7e-05,172.217.194.0-255,2902,4671,43,211601
5021,4e-05,172.31.46.0-255,66,4737,43,211601
5022,4.9e-05,172.217.194.0-255,7156,11893,43,211601
5023,5.2e-05,172.31.46.0-255,66,11959,43,211601
5024,5.6e-05,172.217.194.0-255,2091,14050,43,211601
5025,5.9e-05,172.31.46.0-255,66,14116,43,211601
5026,0.000112,172.217.194.0-255,4320,18436,43,211601
5027,0.000116,172.31.46.0-255,66,18502,43,211601
5028,0.000137,172.217.194.0-255,4320,22822,43,211601
5029,0.000139,172.31.46.0-255,66,22888,43,211601
5030,0.000161,172.217.194.0-255,5738,28626,43,211601
5031,0.000164,172.31.46.0-255,66,28692,43,211601
5032,0.000183,172.217.194.0-255,2543,31235,43,211601
5033,0.000185,172.31.46.0-255,66,31301,43,211601
5034,0.00028,172.217.194.0-255,1484,32785,43,211601
5035,0.000284,172.31.46.0-255,66,32851,43,211601
5036,0.00029,172.217.194.0-255,2902,35753,43,211601
5037,0.000292,172.31.46.0-255,66,35819,43,211601
5038,0.000298,172.217.194.0-255,4320,40139,43,211601
5039,0.0003,172.31.46.0-255,66,40205,43,211601
5040,0.000317,172.217.194.0-255,1484,41689,43,211601
5041,0.000319,172.31.46.0-255,66,41755,43,211601
5042,0.000324,172.217.194.0-255,2902,44657,43,211601
5043,0.000326,172.31.46.0-255,66,44723,43,211601
5044,0.000353,172.31.46.0-255,66,44789,43,211601
5045,0.00036,172.217.194.0-255,7156,51945,43,211601
5046,0.000363,172.31.46.0-255,66,52011,43,211601
5047,0.000381,172.217.194.0-255,2543,54554,43,211601
5048,0.000384,172.31.46.0-255,66,54620,43,211601
5049,0.000386,172.217.194.0-255,341,54961,43,211601
5050,0.000444,172.217.194.0-255,116,55077,43,211601
5051,0.000461,172.217.194.0-255,383,55460,43,211601
5052,0.000711,172.217.194.0-255,1484,56944,43,211601
5053,0.000716,172.217.194.0-255,2902,59846,43,211601
5054,0.000721,172.31.46.0-255,66,59912,43,211601
5055,0.00073,172.31.46.0-255,66,59978,43,211601
5056,0.000737,172.217.194.0-255,5738,65716,43,211601
5057,0.000739,172.31.46.0-255,66,65782,43,211601
5058,0.00078,172.31.46.0-255,66,65848,43,211601
5059,0.000791,172.31.46.0-255,66,65914,43,211601
5060,0.000822,172.217.194.0-255,2184,68098,43,211601
5061,0.000825,172.31.46.0-255,66,68164,43,211601
5062,0.0012,172.217.194.0-255,1484,69648,43,211601
5063,0.001218,172.217.194.0-255,2902,72550,43,211601
5064,0.001222,172.31.46.0-255,66,72616,43,211601
5065,0.001238,172.217.194.0-255,5738,78354,43,211601
5066,0.001241,172.31.46.0-255,66,78420,43,211601
5067,0.001244,172.217.194.0-255,1484,79904,43,211601
5068,0.001265,172.217.194.0-255,4320,84224,43,211601
5069,0.001268,172.31.46.0-255,66,84290,43,211601
5070,0.001275,172.217.194.0-255,7156,91446,43,211601
5071,0.001277,172.31.46.0-255,66,91512,43,211601
5072,0.001313,172.217.194.0-255,5738,97250,43,211601
5073,0.001316,172.31.46.0-255,66,97316,43,211601
5074,0.001335,172.217.194.0-255,5020,102336,43,211601
5075,0.00135,172.31.46.0-255,66,102402,43,211601
5076,0.001354,172.217.194.0-255,1484,103886,43,211601
5077,0.001372,172.217.194.0-255,2902,106788,43,211601
5078,0.001375,172.31.46.0-255,66,106854,43,211601
5079,0.001379,172.217.194.0-255,2902,109756,43,211601
5080,0.001381,172.31.46.0-255,66,109822,43,211601
5081,0.001397,172.217.194.0-255,2902,112724,43,211601
5082,0.001399,172.31.46.0-255,66,112790,43,211601
5083,0.001403,172.217.194.0-255,1484,114274,43,211601
5084,0.001428,172.31.46.0-255,66,114340,43,211601
5085,0.001463,172.217.194.0-255,1484,115824,43,211601
5086,0.001492,172.31.46.0-255,66,115890,43,211601
5087,0.001505,172.31.46.0-255,66,115956,43,211601
5088,0.001529,172.217.194.0-255,7156,123112,43,211601
5089,0.001532,172.31.46.0-255,66,123178,43,211601
5090,0.001553,172.31.46.0-255,66,123244,43,211601
5091,0.001572,172.217.194.0-255,2184,125428,43,211601
5092,0.001574,172.31.46.0-255,66,125494,43,211601
5093,0.001591,172.217.194.0-255,1484,126978,43,211601
5094,0.001594,172.217.194.0-255,1484,128462,43,211601
5095,0.001596,172.31.46.0-255,66,128528,43,211601
5096,0.001611,172.217.194.0-255,1484,130012,43,211601
5097,0.001627,172.217.194.0-255,4320,134332,43,211601
5098,0.00163,172.31.46.0-255,66,134398,43,211601
5099,0.001649,172.217.194.0-255,1484,135882,43,211601
5100,0.001662,172.31.46.0-255,66,135948,43,211601
5101,0.001684,172.217.194.0-255,2902,138850,43,211601
5102,0.001686,172.31.46.0-255,66,138916,43,211601
5103,0.001698,172.31.46.0-255,66,138982,43,211601
5104,0.001721,172.217.194.0-255,2184,141166,43,211601
5105,0.001724,172.31.46.0-255,66,141232,43,211601
5106,0.001739,172.217.194.0-255,2902,144134,43,211601
5107,0.001742,172.31.46.0-255,66,144200,43,211601
5108,0.001766,172.217.194.0-255,7156,151356,43,211601
5109,0.001769,172.31.46.0-255,66,151422,43,211601
5110,0.001779,172.217.194.0-255,5738,157160,43,211601
5111,0.001781,172.31.46.0-255,66,157226,43,211601
5112,0.001808,172.31.46.0-255,66,157292,43,211601
5113,0.001835,172.217.194.0-255,5738,163030,43,211601
5114,0.001838,172.31.46.0-255,66,163096,43,211601
5115,0.001845,172.217.194.0-255,6438,169534,43,211601
5116,0.001847,172.31.46.0-255,66,169600,43,211601
5117,0.001871,172.217.194.0-255,7156,176756,43,211601
5118,0.001874,172.31.46.0-255,66,176822,43,211601
5119,0.001906,172.31.46.0-255,66,176888,43,211601
5120,0.001931,172.217.194.0-255,5738,182626,43,211601
5121,0.001934,172.31.46.0-255,66,182692,43,211601
5122,0.001945,172.31.46.0-255,66,182758,43,211601
5123,0.00195,172.217.194.0-255,4320,187078,43,211601
5124,0.001952,172.31.46.0-255,66,187144,43,211601
5125,0.001958,172.217.194.0-255,5738,192882,43,211601
5126,0.001961,172.31.46.0-255,66,192948,43,211601
5127,0.001966,172.217.194.0-255,2902,195850,43,211601
5128,0.001968,172.31.46.0-255,66,195916,43,211601
5129,0.002004,172.31.46.0-255,66,195982,43,211601
5130,0.00201,172.217.194.0-255,4320,200302,43,211601
5131,0.002012,172.31.46.0-255,66,200368,43,211601
5132,0.00205,172.31.46.0-255,66,200434,43,211601
5133,0.002097,172.217.194.0-255,1484,201918,43,211601
5134,0.002119,172.217.194.0-255,2902,204820,43,211601
5135,0.002122,172.31.46.0-255,66,204886,43,211601
5136,0.002186,172.217.194.0-255,5738,210624,43,211601
5137,0.00219,172.31.46.0-255,66,210690,43,211601
5138,0.002204,172.31.46.0-255,66,210756,43,211601
5139,0.002215,172.31.46.0-255,66,210822,43,211601
5140,0.002232,172.31.46.0-255,66,210888,43,211601
5141,0.002243,172.31.46.0-255,66,210954,43,211601
5142,0.002279,172.31.46.0-255,66,211020,43,211601
5143,0.002282,172.217.194.0-255,138,211158,43,211601
5144,0.002285,172.217.194.0-255,105,211263,43,211601
5145,0.007805,172.31.46.0-255,101,211364,43,211601
5146,0.008305,172.31.46.0-255,105,211469,43,211601
5147,0.01017,172.217.194.0-255,66,211535,43,211601
5148,0.010657,172.217.194.0-255,66,211601,43,211601
5149,0.0,172.217.194.0-255,153,153,43,218979
5150,1.5e-05,172.31.46.0-255,66,219,43,218979
5151,2.2e-05,172.217.194.0-255,1484,1703,43,218979
5152,2.6e-05,172.31.46.0-255,66,1769,43,218979
5153,3.1e-05,172.217.194.0-255,2902,4671,43,218979
5154,3.4e-05,172.31.46.0-255,66,4737,43,218979
5155,3.9e-05,172.217.194.0-255,4320,9057,43,218979
5156,4.1e-05,172.31.46.0-255,66,9123,43,218979
5157,8.2e-05,172.217.194.0-255,2902,12025,43,218979
5158,8.5e-05,172.31.46.0-255,66,12091,43,218979
5159,0.000103,172.217.194.0-255,2005,14096,43,218979
5160,0.000105,172.31.46.0-255,66,14162,43,218979
5161,0.000122,172.217.194.0-255,2902,17064,43,218979
5162,0.000124,172.31.46.0-255,66,17130,43,218979
5163,0.000138,172.217.194.0-255,2902,20032,43,218979
5164,0.00014,172.31.46.0-255,66,20098,43,218979
5165,0.000147,172.217.194.0-255,7156,27254,43,218979
5166,0.000149,172.31.46.0-255,66,27320,43,218979
5167,0.000191,172.217.194.0-255,3961,31281,43,218979
5168,0.000194,172.31.46.0-255,66,31347,43,218979
5169,0.000239,172.217.194.0-255,4320,35667,43,218979
5170,0.000242,172.31.46.0-255,66,35733,43,218979
5171,0.000245,172.217.194.0-255,1484,37217,43,218979
5172,0.000247,172.31.46.0-255,66,37283,43,218979
5173,0.000253,172.217.194.0-255,4320,41603,43,218979
5174,0.000254,172.31.46.0-255,66,41669,43,218979
5175,0.000268,172.217.194.0-255,2902,44571,43,218979
5176,0.000269,172.31.46.0-255,66,44637,43,218979
5177,0.000296,172.217.194.0-255,4320,48957,43,218979
5178,0.000298,172.31.46.0-255,66,49023,43,218979
5179,0.000324,172.31.46.0-255,66,49089,43,218979
5180,0.000329,172.217.194.0-255,4252,53341,43,218979
5181,0.000331,172.31.46.0-255,66,53407,43,218979
5182,0.000334,172.217.194.0-255,101,53508,43,218979
5183,0.0004,172.217.194.0-255,1484,54992,43,218979
5184,0.000403,172.31.46.0-255,66,55058,43,218979
5185,0.000407,172.217.194.0-255,2902,57960,43,218979
5186,0.00041,172.31.46.0-255,66,58026,43,218979
5187,0.00045,172.217.194.0-255,5738,63764,43,218979
5188,0.000452,172.31.46.0-255,66,63830,43,218979
5189,0.000467,172.217.194.0-255,4320,68150,43,218979
5190,0.000469,172.31.46.0-255,66,68216,43,218979
5191,0.000483,172.217.194.0-255,2543,70759,43,218979
5192,0.000486,172.31.46.0-255,66,70825,43,218979
5193,0.000492,172.217.194.0-255,7156,77981,43,218979
5194,0.000494,172.31.46.0-255,66,78047,43,218979
5195,0.000511,172.217.194.0-255,2902,80949,43,218979
5196,0.000513,172.31.46.0-255,66,81015,43,218979
5197,0.000542,172.217.194.0-255,7093,88108,43,218979
5198,0.000546,172.31.46.0-255,66,88174,43,218979
5199,0.000782,172.217.194.0-255,1484,89658,43,218979
5200,0.000788,172.217.194.0-255,2902,92560,43,218979
5201,0.000792,172.31.46.0-255,66,92626,43,218979
5202,0.00082,172.217.194.0-255,4320,96946,43,218979
5203,0.000823,172.31.46.0-255,66,97012,43,218979
5204,0.000834,172.217.194.0-255,1484,98496,43,218979
5205,0.000841,172.217.194.0-255,7156,105652,43,218979
5206,0.000844,172.31.46.0-255,66,105718,43,218979
5207,0.000847,172.217.194.0-255,1484,107202,43,218979
5208,0.000871,172.217.194.0-255,7156,114358,43,218979
5209,0.000874,172.31.46.0-255,66,114424,43,218979
5210,0.000897,172.217.194.0-255,5738,120162,43,218979
5211,0.0009,172.31.46.0-255,66,120228,43,218979
5212,0.000904,172.217.194.0-255,2184,122412,43,218979
5213,0.000906,172.31.46.0-255,66,122478,43,218979
5214,0.00091,172.217.194.0-255,1484,123962,43,218979
5215,0.000926,172.217.194.0-255,2902,126864,43,218979
5216,0.000929,172.31.46.0-255,66,126930,43,218979
5217,0.000954,172.217.194.0-255,7156,134086,43,218979
5218,0.000957,172.31.46.0-255,66,134152,43,218979
5219,0.000982,172.217.194.0-255,7156,141308,43,218979
5220,0.000984,172.31.46.0-255,66,141374,43,218979
5221,0.000987,172.217.194.0-255,1484,142858,43,218979
5222,0.000999,172.31.46.0-255,66,142924,43,218979
5223,0.001025,172.217.194.0-255,5020,147944,43,218979
5224,0.001028,172.31.46.0-255,66,148010,43,218979
5225,0.001042,172.31.46.0-255,66,148076,43,218979
5226,0.001045,172.217.194.0-255,1484,149560,43,218979
5227,0.001053,172.217.194.0-255,7156,156716,43,218979
5228,0.001055,172.31.46.0-255,66,156782,43,218979
5229,0.001085,172.31.46.0-255,66,156848,43,218979
5230,0.001088,172.217.194.0-255,766,157614,43,218979
5231,0.001091,172.217.194.0-255,1484,159098,43,218979
5232,0.001092,172.31.46.0-255,66,159164,43,218979
5233,0.001096,172.217.194.0-255,1484,160648,43,218979
5234,0.00111,172.217.194.0-255,2902,163550,43,218979
5235,0.001112,172.31.46.0-255,66,163616,43,218979
5236,0.001117,172.217.194.0-255,4320,167936,43,218979
5237,0.00112,172.31.46.0-255,66,168002,43,218979
5238,0.001148,172.217.194.0-255,5738,173740,43,218979
5239,0.001151,172.31.46.0-255,66,173806,43,218979
5240,0.001164,172.31.46.0-255,66,173872,43,218979
5241,0.001168,172.217.194.0-255,2902,176774,43,218979
5242,0.00117,172.31.46.0-255,66,176840,43,218979
5243,0.001188,172.217.194.0-255,3602,180442,43,218979
5244,0.001192,172.31.46.0-255,66,180508,43,218979
5245,0.00122,172.217.194.0-255,7156,187664,43,218979
5246,0.001222,172.31.46.0-255,66,187730,43,218979
5247,0.001238,172.31.46.0-255,66,187796,43,218979
5248,0.001281,172.217.194.0-255,2902,190698,43,218979
5249,0.001283,172.31.46.0-255,66,190764,43,218979
5250,0.001327,172.31.46.0-255,66,190830,43,218979
5251,0.001343,172.31.46.0-255,66,190896,43,218979
5252,0.001359,172.217.194.0-255,766,191662,43,218979
5253,0.001376,172.217.194.0-255,1484,193146,43,218979
5254,0.001386,172.31.46.0-255,66,193212,43,218979
5255,0.001395,172.217.194.0-255,2902,196114,43,218979
5256,0.001397,172.217.194.0-255,1484,197598,43,218979
5257,0.001432,172.217.194.0-255,4320,201918,43,218979
5258,0.001446,172.31.46.0-255,66,201984,43,218979
5259,0.001479,172.217.194.0-255,2902,204886,43,218979
5260,0.001492,172.31.46.0-255,66,204952,43,218979
5261,0.001521,172.31.46.0-255,66,205018,43,218979
5262,0.00153,172.217.194.0-255,1484,206502,43,218979
5263,0.00157,172.31.46.0-255,66,206568,43,218979
5264,0.001574,172.217.194.0-255,2902,209470,43,218979
5265,0.001579,172.217.194.0-255,4320,213790,43,218979
5266,0.001589,172.31.46.0-255,66,213856,43,218979
5267,0.001616,172.217.194.0-255,3602,217458,43,218979
5268,0.00163,172.217.194.0-255,1012,218470,43,218979
5269,0.001641,172.31.46.0-255,66,218536,43,218979
5270,0.001648,172.217.194.0-255,105,218641,43,218979
5271,0.00305,172.31.46.0-255,101,218742,43,218979
5272,0.0043,172.31.46.0-255,105,218847,43,218979
5273,0.005794,172.217.194.0-255,66,218913,43,218979
5274,0.007013,172.217.194.0-255,66,218979,43,218979
5275,0.0,74.125.24.0-255,156,156,43,163101
5276,1.8e-05,172.31.46.0-255,66,222,43,163101
5277,2.6e-05,74.125.24.0-255,1484,1706,43,163101
5278,3.1e-05,172.31.46.0-255,66,1772,43,163101
5279,4.2e-05,74.125.24.0-255,2902,4674,43,163101
5280,4.6e-05,172.31.46.0-255,66,4740,43,163101
5281,5.3e-05,74.125.24.0-255,5738,10478,43,163101
5282,5.6e-05,172.31.46.0-255,66,10544,43,163101
5283,8.6e-05,74.125.24.0-255,1484,12028,43,163101
5284,8.9e-05,172.31.46.0-255,66,12094,43,163101
5285,9.4e-05,74.125.24.0-255,2005,14099,43,163101
5286,9.6e-05,172.31.46.0-255,66,14165,43,163101
5287,0.000673,74.125.24.0-255,1484,15649,43,163101
5288,0.000679,172.31.46.0-255,66,15715,43,163101
5289,0.000689,74.125.24.0-255,2902,18617,43,163101
5290,0.000691,172.31.46.0-255,66,18683,43,163101
5291,0.000703,74.125.24.0-255,5738,24421,43,163101
5292,0.000705,172.31.46.0-255,66,24487,43,163101
5293,0.000768,74.125.24.0-255,2902,27389,43,163101
5294,0.000772,172.31.46.0-255,66,27455,43,163101
5295,0.000803,74.125.24.0-255,3961,31416,43,163101
5296,0.000807,172.31.46.0-255,66,31482,43,163101
5297,0.000814,74.125.24.0-255,5738,37220,43,163101
5298,0.000817,172.31.46.0-255,66,37286,43,163101
5299,0.000827,74.125.24.0-255,4320,41606,43,163101
5300,0.000829,172.31.46.0-255,66,41672,43,163101
5301,0.000858,74.125.24.0-255,2902,44574,43,163101
5302,0.000861,172.31.46.0-255,66,44640,43,163101
5303,0.000866,74.125.24.0-255,3961,48601,43,163101
5304,0.000869,172.31.46.0-255,66,48667,43,163101
5305,0.00111,74.125.24.0-255,1484,50151,43,163101
5306,0.001116,172.31.46.0-255,66,50217,43,163101
5307,0.001122,74.125.24.0-255,2902,53119,43,163101
5308,0.001124,172.31.46.0-255,66,53185,43,163101
5309,0.001154,74.125.24.0-255,5738,58923,43,163101
5310,0.001157,172.31.46.0-255,66,58989,43,163101
5311,0.001185,74.125.24.0-255,7118,66107,43,163101
5312,0.001188,172.31.46.0-255,66,66173,43,163101
5313,0.002156,74.125.24.0-255,1484,67657,43,163101
5314,0.002172,74.125.24.0-255,2902,70559,43,163101
5315,0.002175,172.31.46.0-255,66,70625,43,163101
5316,0.00218,74.125.24.0-255,2902,73527,43,163101
5317,0.002183,172.31.46.0-255,66,73593,43,163101
5318,0.002211,74.125.24.0-255,7156,80749,43,163101
5319,0.002214,172.31.46.0-255,66,80815,43,163101
5320,0.00226,74.125.24.0-255,2902,83717,43,163101
5321,0.002263,172.31.46.0-255,66,83783,43,163101
5322,0.002291,74.125.24.0-255,5738,89521,43,163101
5323,0.002293,172.31.46.0-255,66,89587,43,163101
5324,0.0023,74.125.24.0-255,5738,95325,43,163101
5325,0.002302,172.31.46.0-255,66,95391,43,163101
5326,0.002364,74.125.24.0-255,4320,99711,43,163101
5327,0.002368,172.31.46.0-255,66,99777,43,163101
5328,0.002371,74.125.24.0-255,766,100543,43,163101
5329,0.003004,172.31.46.0-255,66,100609,43,163101
5330,0.004787,74.125.24.0-255,4320,104929,43,163101
5331,0.004793,172.31.46.0-255,66,104995,43,163101
5332,0.005412,74.125.24.0-255,1484,106479,43,163101
5333,0.007212,74.125.24.0-255,4320,110799,43,163101
5334,0.00722,172.31.46.0-255,66,110865,43,163101
5335,0.009782,74.125.24.0-255,5738,116603,43,163101
5336,0.00979,172.31.46.0-255,66,116669,43,163101
5337,0.012346,74.125.24.0-255,5738,122407,43,163101
5338,0.01236,172.31.46.0-255,66,122473,43,163101
5339,0.014773,74.125.24.0-255,5738,128211,43,163101
5340,0.014791,172.31.46.0-255,66,128277,43,163101
5341,0.017217,74.125.24.0-255,5738,134015,43,163101
5342,0.01723,172.31.46.0-255,66,134081,43,163101
5343,0.01966,74.125.24.0-255,5738,139819,43,163101
5344,0.019676,172.31.46.0-255,66,139885,43,163101
5345,0.022125,74.125.24.0-255,5738,145623,43,163101
5346,0.022136,172.31.46.0-255,66,145689,43,163101
5347,0.024576,74.125.24.0-255,5738,151427,43,163101
5348,0.024592,172.31.46.0-255,66,151493,43,163101
5349,0.027014,74.125.24.0-255,5738,157231,43,163101
5350,0.027031,172.31.46.0-255,66,157297,43,163101
5351,0.02948,74.125.24.0-255,5738,163035,43,163101
5352,0.029496,172.31.46.0-255,66,163101,43,163101
5353,0.0,172.217.194.0-255,152,152,43,169371
5354,3.6e-05,172.31.46.0-255,66,218,43,169371
5355,4.2e-05,172.217.194.0-255,1484,1702,43,169371
5356,4.6e-05,172.31.46.0-255,66,1768,43,169371
5357,5e-05,172.217.194.0-255,2902,4670,43,169371
5358,5.4e-05,172.31.46.0-255,66,4736,43,169371
5359,6.1e-05,172.217.194.0-255,7156,11892,43,169371
5360,6.3e-05,172.31.46.0-255,66,11958,43,169371
5361,6.8e-05,172.217.194.0-255,3507,15465,43,169371
5362,7e-05,172.31.46.0-255,66,15531,43,169371
5363,9.2e-05,172.217.194.0-255,2902,18433,43,169371
5364,9.5e-05,172.31.46.0-255,66,18499,43,169371
5365,0.000135,172.31.46.0-255,66,18565,43,169371
5366,0.000148,172.31.46.0-255,66,18631,43,169371
5367,0.000184,172.217.194.0-255,6438,25069,43,169371
5368,0.000188,172.31.46.0-255,66,25135,43,169371
5369,0.00063,172.217.194.0-255,1484,26619,43,169371
5370,0.000637,172.31.46.0-255,66,26685,43,169371
5371,0.000643,172.217.194.0-255,2902,29587,43,169371
5372,0.000645,172.31.46.0-255,66,29653,43,169371
5373,0.000675,172.217.194.0-255,5738,35391,43,169371
5374,0.000679,172.31.46.0-255,66,35457,43,169371
5375,0.000684,172.217.194.0-255,2902,38359,43,169371
5376,0.000686,172.31.46.0-255,66,38425,43,169371
5377,0.000719,172.217.194.0-255,2902,41327,43,169371
5378,0.000724,172.31.46.0-255,66,41393,43,169371
5379,0.000743,172.217.194.0-255,1448,42841,43,169371
5380,0.000747,172.31.46.0-255,66,42907,43,169371
5381,0.001105,172.217.194.0-255,1484,44391,43,169371
5382,0.001111,172.31.46.0-255,66,44457,43,169371
5383,0.00112,172.217.194.0-255,2902,47359,43,169371
5384,0.001122,172.31.46.0-255,66,47425,43,169371
5385,0.001129,172.217.194.0-255,5738,53163,43,169371
5386,0.001131,172.31.46.0-255,66,53229,43,169371
5387,0.001137,172.217.194.0-255,5738,58967,43,169371
5388,0.001139,172.31.46.0-255,66,59033,43,169371
5389,0.001197,172.31.46.0-255,66,59099,43,169371
5390,0.001218,172.217.194.0-255,2902,62001,43,169371
5391,0.001221,172.31.46.0-255,66,62067,43,169371
5392,0.001227,172.217.194.0-255,5020,67087,43,169371
5393,0.001229,172.31.46.0-255,66,67153,43,169371
5394,0.001284,172.217.194.0-255,1484,68637,43,169371
5395,0.001289,172.217.194.0-255,1484,70121,43,169371
5396,0.001292,172.31.46.0-255,66,70187,43,169371
5397,0.00131,172.217.194.0-255,1484,71671,43,169371
5398,0.001317,172.217.194.0-255,5738,77409,43,169371
5399,0.001319,172.31.46.0-255,66,77475,43,169371
5400,0.001337,172.217.194.0-255,1484,78959,43,169371
5401,0.001372,172.31.46.0-255,66,79025,43,169371
5402,0.001398,172.217.194.0-255,4320,83345,43,169371
5403,0.001402,172.31.46.0-255,66,83411,43,169371
5404,0.001423,172.31.46.0-255,66,83477,43,169371
5405,0.001427,172.217.194.0-255,2902,86379,43,169371
5406,0.001429,172.31.46.0-255,66,86445,43,169371
5407,0.001468,172.31.46.0-255,66,86511,43,169371
5408,0.001474,172.217.194.0-255,7156,93667,43,169371
5409,0.001476,172.31.46.0-255,66,93733,43,169371
5410,0.001507,172.217.194.0-255,7156,100889,43,169371
5411,0.001509,172.31.46.0-255,66,100955,43,169371
5412,0.00153,172.217.194.0-255,5020,105975,43,169371
5413,0.001532,172.31.46.0-255,66,106041,43,169371
5414,0.001543,172.31.46.0-255,66,106107,43,169371
5415,0.001566,172.217.194.0-255,2902,109009,43,169371
5416,0.001568,172.31.46.0-255,66,109075,43,169371
5417,0.001574,172.217.194.0-255,5738,114813,43,169371
5418,0.001576,172.31.46.0-255,66,114879,43,169371
5419,0.001593,172.217.194.0-255,1484,116363,43,169371
5420,0.001608,172.217.194.0-255,5738,122101,43,169371
5421,0.00161,172.31.46.0-255,66,122167,43,169371
5422,0.001634,172.31.46.0-255,66,122233,43,169371
5423,0.001662,172.217.194.0-255,2902,125135,43,169371
5424,0.001664,172.31.46.0-255,66,125201,43,169371
5425,0.00169,172.31.46.0-255,66,125267,43,169371
5426,0.001703,172.217.194.0-255,2902,128169,43,169371
5427,0.001705,172.31.46.0-255,66,128235,43,169371
5428,0.001711,172.217.194.0-255,5738,133973,43,169371
5429,0.001713,172.31.46.0-255,66,134039,43,169371
5430,0.00175,172.31.46.0-255,66,134105,43,169371
5431,0.001753,172.217.194.0-255,766,134871,43,169371
5432,0.001784,172.217.194.0-255,4320,139191,43,169371
5433,0.001786,172.31.46.0-255,66,139257,43,169371
5434,0.001825,172.31.46.0-255,66,139323,43,169371
5435,0.00184,172.31.46.0-255,66,139389,43,169371
5436,0.001893,172.31.46.0-255,66,139455,43,169371
5437,0.001913,172.217.194.0-255,7156,146611,43,169371
5438,0.001915,172.31.46.0-255,66,146677,43,169371
5439,0.001926,172.31.46.0-255,66,146743,43,169371
5440,0.001938,172.31.46.0-255,66,146809,43,169371
5441,0.001963,172.217.194.0-255,766,147575,43,169371
5442,0.001978,172.31.46.0-255,66,147641,43,169371
5443,0.001983,172.217.194.0-255,4320,151961,43,169371
5444,0.001985,172.31.46.0-255,66,152027,43,169371
5445,0.002004,172.31.46.0-255,66,152093,43,169371
5446,0.002018,172.31.46.0-255,66,152159,43,169371
5447,0.002022,172.217.194.0-255,2902,155061,43,169371
5448,0.002024,172.31.46.0-255,66,155127,43,169371
5449,0.002062,172.31.46.0-255,66,155193,43,169371
5450,0.002069,172.217.194.0-255,7156,162349,43,169371
5451,0.002072,172.31.46.0-255,66,162415,43,169371
5452,0.002112,172.31.46.0-255,66,162481,43,169371
5453,0.002118,172.217.194.0-255,6482,168963,43,169371
5454,0.00212,172.31.46.0-255,66,169029,43,169371
5455,0.002124,172.217.194.0-255,105,169134,43,169371
5456,0.009125,172.31.46.0-255,66,169200,43,169371
5457,0.009154,172.31.46.0-255,105,169305,43,169371
5458,0.011661,172.217.194.0-255,66,169371,43,169371
5459,0.0,172.31.46.0-255,105,105,43,276
5460,0.001774,157.240.25.0-255,105,210,43,276
5461,0.001784,172.31.46.0-255,66,276,43,276
5462,0.0,172.253.118.0-255,153,153,43,197879
5463,3.1e-05,172.31.46.0-255,66,219,43,197879
5464,3.9e-05,172.253.118.0-255,1484,1703,43,197879
5465,4.4e-05,172.31.46.0-255,66,1769,43,197879
5466,5.7e-05,172.253.118.0-255,2902,4671,43,197879
5467,6.2e-05,172.31.46.0-255,66,4737,43,197879
5468,7e-05,172.253.118.0-255,7156,11893,43,197879
5469,7.5e-05,172.31.46.0-255,66,11959,43,197879
5470,7.9e-05,172.253.118.0-255,2029,13988,43,197879
5471,8.3e-05,172.31.46.0-255,66,14054,43,197879
5472,8.6e-05,172.253.118.0-255,1484,15538,43,197879
5473,8.9e-05,172.31.46.0-255,66,15604,43,197879
5474,9.3e-05,172.253.118.0-255,2902,18506,43,197879
5475,9.7e-05,172.31.46.0-255,66,18572,43,197879
5476,0.000125,172.253.118.0-255,2902,21474,43,197879
5477,0.000128,172.31.46.0-255,66,21540,43,197879
5478,0.000153,172.253.118.0-255,2902,24442,43,197879
5479,0.000155,172.31.46.0-255,66,24508,43,197879
5480,0.000168,172.253.118.0-255,6797,31305,43,197879
5481,0.00017,172.31.46.0-255,66,31371,43,197879
5482,0.000256,172.253.118.0-255,1484,32855,43,197879
5483,0.000259,172.31.46.0-255,66,32921,43,197879
5484,0.000264,172.253.118.0-255,2902,35823,43,197879
5485,0.000267,172.31.46.0-255,66,35889,43,197879
5486,0.000297,172.253.118.0-255,5738,41627,43,197879
5487,0.0003,172.31.46.0-255,66,41693,43,197879
5488,0.000305,172.253.118.0-255,4320,46013,43,197879
5489,0.000308,172.31.46.0-255,66,46079,43,197879
5490,0.000341,172.253.118.0-255,1484,47563,43,197879
5491,0.000343,172.31.46.0-255,66,47629,43,197879
5492,0.000372,172.253.118.0-255,1125,48754,43,197879
5493,0.000374,172.31.46.0-255,66,48820,43,197879
5494,0.000379,172.253.118.0-255,2902,51722,43,197879
5495,0.000381,172.31.46.0-255,66,51788,43,197879
5496,0.000394,172.253.118.0-255,7156,58944,43,197879
5497,0.000397,172.31.46.0-255,66,59010,43,197879
5498,0.000404,172.253.118.0-255,6797,65807,43,197879
5499,0.000407,172.31.46.0-255,66,65873,43,197879
5500,0.000428,172.253.118.0-255,443,66316,43,197879
5501,0.000771,172.253.118.0-255,331,66647,43,197879
5502,0.000931,172.253.118.0-255,1484,68131,43,197879
5503,0.000936,172.31.46.0-255,66,68197,43,197879
5504,0.000942,172.253.118.0-255,2902,71099,43,197879
5505,0.000945,172.31.46.0-255,66,71165,43,197879
5506,0.000956,172.253.118.0-255,5738,76903,43,197879
5507,0.000958,172.31.46.0-255,66,76969,43,197879
5508,0.000963,172.253.118.0-255,4320,81289,43,197879
5509,0.000965,172.31.46.0-255,66,81355,43,197879
5510,0.000998,172.253.118.0-255,2543,83898,43,197879
5511,0.001,172.31.46.0-255,66,83964,43,197879
5512,0.001005,172.253.118.0-255,2902,86866,43,197879
5513,0.001007,172.31.46.0-255,66,86932,43,197879
5514,0.001034,172.253.118.0-255,7156,94088,43,197879
5515,0.001037,172.31.46.0-255,66,94154,43,197879
5516,0.001065,172.253.118.0-255,6797,100951,43,197879
5517,0.001068,172.31.46.0-255,66,101017,43,197879
5518,0.001691,172.253.118.0-255,1484,102501,43,197879
5519,0.001722,172.253.118.0-255,2902,105403,43,197879
5520,0.001726,172.31.46.0-255,66,105469,43,197879
5521,0.001733,172.253.118.0-255,2902,108371,43,197879
5522,0.001735,172.31.46.0-255,66,108437,43,197879
5523,0.00176,172.253.118.0-255,2902,111339,43,197879
5524,0.001763,172.31.46.0-255,66,111405,43,197879
5525,0.001781,172.31.46.0-255,66,111471,43,197879
5526,0.001788,172.253.118.0-255,7156,118627,43,197879
5527,0.00179,172.31.46.0-255,66,118693,43,197879
5528,0.001827,172.253.118.0-255,3602,122295,43,197879
5529,0.00183,172.31.46.0-255,66,122361,43,197879
5530,0.003797,172.253.118.0-255,1484,123845,43,197879
5531,0.003842,172.253.118.0-255,4320,128165,43,197879
5532,0.003847,172.31.46.0-255,66,128231,43,197879
5533,0.005881,172.253.118.0-255,5738,133969,43,197879
5534,0.005884,172.31.46.0-255,66,134035,43,197879
5535,0.007908,172.253.118.0-255,5738,139773,43,197879
5536,0.007914,172.31.46.0-255,66,139839,43,197879
5537,0.009948,172.253.118.0-255,5738,145577,43,197879
5538,0.009955,172.31.46.0-255,66,145643,43,197879
5539,0.011995,172.253.118.0-255,5738,151381,43,197879
5540,0.012004,172.31.46.0-255,66,151447,43,197879
5541,0.014037,172.253.118.0-255,5738,157185,43,197879
5542,0.014046,172.31.46.0-255,66,157251,43,197879
5543,0.016083,172.253.118.0-255,5738,162989,43,197879
5544,0.016091,172.31.46.0-255,66,163055,43,197879
5545,0.018143,172.253.118.0-255,5738,168793,43,197879
5546,0.018157,172.31.46.0-255,66,168859,43,197879
5547,0.020206,172.253.118.0-255,5738,174597,43,197879
5548,0.020213,172.31.46.0-255,66,174663,43,197879
5549,0.022244,172.253.118.0-255,5738,180401,43,197879
5550,0.022251,172.31.46.0-255,66,180467,43,197879
5551,0.024306,172.253.118.0-255,5738,186205,43,197879
5552,0.024323,172.31.46.0-255,66,186271,43,197879
5553,0.026391,172.253.118.0-255,5738,192009,43,197879
5554,0.026399,172.31.46.0-255,66,192075,43,197879
5555,0.028473,172.253.118.0-255,5738,197813,43,197879
5556,0.028481,172.31.46.0-255,66,197879,43,197879
5557,0.0,142.250.4.0-255,153,153,43,274411
5558,3e-05,142.250.4.0-255,1484,1637,43,274411
5559,3.9e-05,172.31.46.0-255,66,1703,43,274411
5560,4.6e-05,142.250.4.0-255,2902,4605,43,274411
5561,4.9e-05,172.31.46.0-255,66,4671,43,274411
5562,5.2e-05,142.250.4.0-255,2902,7573,43,274411
5563,5.4e-05,172.31.46.0-255,66,7639,43,274411
5564,8.4e-05,142.250.4.0-255,4320,11959,43,274411
5565,8.6e-05,172.31.46.0-255,66,12025,43,274411
5566,0.000104,142.250.4.0-255,2091,14116,43,274411
5567,0.000106,172.31.46.0-255,66,14182,43,274411
5568,0.000289,142.250.4.0-255,1484,15666,43,274411
5569,0.000305,142.250.4.0-255,2902,18568,43,274411
5570,0.000309,172.31.46.0-255,66,18634,43,274411
5571,0.000332,142.250.4.0-255,5738,24372,43,274411
5572,0.000335,172.31.46.0-255,66,24438,43,274411
5573,0.000367,142.250.4.0-255,4320,28758,43,274411
5574,0.00037,172.31.46.0-255,66,28824,43,274411
5575,0.000382,142.250.4.0-255,2543,31367,43,274411
5576,0.000384,172.31.46.0-255,66,31433,43,274411
5577,0.000389,142.250.4.0-255,4320,35753,43,274411
5578,0.000391,172.31.46.0-255,66,35819,43,274411
5579,0.000414,142.250.4.0-255,2902,38721,43,274411
5580,0.000416,172.31.46.0-255,66,38787,43,274411
5581,0.00042,142.250.4.0-255,2902,41689,43,274411
5582,0.000422,172.31.46.0-255,66,41755,43,274411
5583,0.000438,142.250.4.0-255,1484,43239,43,274411
5584,0.000444,142.250.4.0-255,5738,48977,43,274411
5585,0.000446,172.31.46.0-255,66,49043,43,274411
5586,0.00046,142.250.4.0-255,1484,50527,43,274411
5587,0.00048,172.31.46.0-255,66,50593,43,274411
5588,0.00052,142.250.4.0-255,2902,53495,43,274411
5589,0.000524,172.31.46.0-255,66,53561,43,274411
5590,0.000544,142.250.4.0-255,3602,57163,43,274411
5591,0.000546,172.31.46.0-255,66,57229,43,274411
5592,0.000548,142.250.4.0-255,363,57592,43,274411
5593,0.000694,142.250.4.0-255,125,57717,43,274411
5594,0.000882,172.31.46.0-255,66,57783,43,274411
5595,0.00095,142.250.4.0-255,1484,59267,43,274411
5596,0.000968,142.250.4.0-255,2902,62169,43,274411
5597,0.000971,172.31.46.0-255,66,62235,43,274411
5598,0.000991,142.250.4.0-255,5738,67973,43,274411
5599,0.000993,172.31.46.0-255,66,68039,43,274411
5600,0.001028,142.250.4.0-255,4320,72359,43,274411
5601,0.00103,172.31.46.0-255,66,72425,43,274411
5602,0.001057,172.31.46.0-255,66,72491,43,274411
5603,0.00107,142.250.4.0-255,1484,73975,43,274411
5604,0.001105,142.250.4.0-255,5738,79713,43,274411
5605,0.001107,172.31.46.0-255,66,79779,43,274411
5606,0.001124,142.250.4.0-255,3602,83381,43,274411
5607,0.001127,172.31.46.0-255,66,83447,43,274411
5608,0.002281,142.250.4.0-255,1484,84931,43,274411
5609,0.0023,142.250.4.0-255,2902,87833,43,274411
5610,0.002304,172.31.46.0-255,66,87899,43,274411
5611,0.00231,142.250.4.0-255,5738,93637,43,274411
5612,0.002312,172.31.46.0-255,66,93703,43,274411
5613,0.002346,142.250.4.0-255,4320,98023,43,274411
5614,0.002347,172.31.46.0-255,66,98089,43,274411
5615,0.002373,172.31.46.0-255,66,98155,43,274411
5616,0.002407,142.250.4.0-255,1484,99639,43,274411
5617,0.002423,142.250.4.0-255,1484,101123,43,274411
5618,0.002424,172.31.46.0-255,66,101189,43,274411
5619,0.002445,142.250.4.0-255,5738,106927,43,274411
5620,0.002447,172.31.46.0-255,66,106993,43,274411
5621,0.002465,142.250.4.0-255,2184,109177,43,274411
5622,0.002466,172.31.46.0-255,66,109243,43,274411
5623,0.002603,142.250.4.0-255,1484,110727,43,274411
5624,0.002606,142.250.4.0-255,1484,112211,43,274411
5625,0.002609,172.31.46.0-255,66,112277,43,274411
5626,0.002621,142.250.4.0-255,1484,113761,43,274411
5627,0.002627,142.250.4.0-255,5738,119499,43,274411
5628,0.002629,172.31.46.0-255,66,119565,43,274411
5629,0.002656,172.31.46.0-255,66,119631,43,274411
5630,0.002678,142.250.4.0-255,2902,122533,43,274411
5631,0.00268,172.31.46.0-255,66,122599,43,274411
5632,0.002689,172.31.46.0-255,66,122665,43,274411
5633,0.002692,142.250.4.0-255,2184,124849,43,274411
5634,0.002695,172.31.46.0-255,66,124915,43,274411
5635,0.002743,142.250.4.0-255,1484,126399,43,274411
5636,0.002755,142.250.4.0-255,2902,129301,43,274411
5637,0.002758,172.31.46.0-255,66,129367,43,274411
5638,0.002762,142.250.4.0-255,2902,132269,43,274411
5639,0.002764,172.31.46.0-255,66,132335,43,274411
5640,0.002778,142.250.4.0-255,2902,135237,43,274411
5641,0.00278,172.31.46.0-255,66,135303,43,274411
5642,0.002783,142.250.4.0-255,1484,136787,43,274411
5643,0.002799,142.250.4.0-255,7156,143943,43,274411
5644,0.002802,172.31.46.0-255,66,144009,43,274411
5645,0.002821,142.250.4.0-255,4320,148329,43,274411
5646,0.002823,172.31.46.0-255,66,148395,43,274411
5647,0.002833,172.31.46.0-255,66,148461,43,274411
5648,0.002835,142.250.4.0-255,766,149227,43,274411
5649,0.002969,142.250.4.0-255,1484,150711,43,274411
5650,0.002972,172.31.46.0-255,66,150777,43,274411
5651,0.002977,142.250.4.0-255,2902,153679,43,274411
5652,0.002979,172.31.46.0-255,66,153745,43,274411
5653,0.002996,142.250.4.0-255,2902,156647,43,274411
5654,0.002998,172.31.46.0-255,66,156713,43,274411
5655,0.003019,142.250.4.0-255,2902,159615,43,274411
5656,0.003021,172.31.46.0-255,66,159681,43,274411
5657,0.003027,142.250.4.0-255,7156,166837,43,274411
5658,0.003029,172.31.46.0-255,66,166903,43,274411
5659,0.003073,142.250.4.0-255,4320,171223,43,274411
5660,0.003076,172.31.46.0-255,66,171289,43,274411
5661,0.003081,142.250.4.0-255,5738,177027,43,274411
5662,0.003083,172.31.46.0-255,66,177093,43,274411
5663,0.003106,142.250.4.0-255,2902,179995,43,274411
5664,0.003109,172.31.46.0-255,66,180061,43,274411
5665,0.003123,142.250.4.0-255,3602,183663,43,274411
5666,0.003127,172.31.46.0-255,66,183729,43,274411
5667,0.003136,142.250.4.0-255,5738,189467,43,274411
5668,0.003138,172.31.46.0-255,66,189533,43,274411
5669,0.003152,142.250.4.0-255,1484,191017,43,274411
5670,0.003155,142.250.4.0-255,1484,192501,43,274411
5671,0.003157,172.31.46.0-255,66,192567,43,274411
5672,0.003188,172.31.46.0-255,66,192633,43,274411
5673,0.003194,142.250.4.0-255,5738,198371,43,274411
5674,0.003197,172.31.46.0-255,66,198437,43,274411
5675,0.003222,142.250.4.0-255,5738,204175,43,274411
5676,0.003225,172.31.46.0-255,66,204241,43,274411
5677,0.003249,142.250.4.0-255,5020,209261,43,274411
5678,0.003252,172.31.46.0-255,66,209327,43,274411
5679,0.003317,142.250.4.0-255,1484,210811,43,274411
5680,0.003321,142.250.4.0-255,1484,212295,43,274411
5681,0.003324,172.31.46.0-255,66,212361,43,274411
5682,0.003338,142.250.4.0-255,1484,213845,43,274411
5683,0.003382,142.250.4.0-255,4320,218165,43,274411
5684,0.003385,172.31.46.0-255,66,218231,43,274411
5685,0.003395,142.250.4.0-255,1484,219715,43,274411
5686,0.003401,142.250.4.0-255,7156,226871,43,274411
5687,0.003404,172.31.46.0-255,66,226937,43,274411
5688,0.003414,172.31.46.0-255,66,227003,43,274411
5689,0.00342,142.250.4.0-255,5738,232741,43,274411
5690,0.003422,172.31.46.0-255,66,232807,43,274411
5691,0.003437,142.250.4.0-255,2184,234991,43,274411
5692,0.003439,172.31.46.0-255,66,235057,43,274411
5693,0.003501,142.250.4.0-255,1484,236541,43,274411
5694,0.003516,142.250.4.0-255,2902,239443,43,274411
5695,0.00352,172.31.46.0-255,66,239509,43,274411
5696,0.003539,142.250.4.0-255,2902,242411,43,274411
5697,0.003541,172.31.46.0-255,66,242477,43,274411
5698,0.003562,142.250.4.0-255,2902,245379,43,274411
5699,0.003568,142.250.4.0-255,5738,251117,43,274411
5700,0.003573,142.250.4.0-255,7156,258273,43,274411
5701,0.003577,172.31.46.0-255,66,258339,43,274411
5702,0.003585,172.31.46.0-255,66,258405,43,274411
5703,0.003587,172.31.46.0-255,66,258471,43,274411
5704,0.003592,142.250.4.0-255,2902,261373,43,274411
5705,0.003594,172.31.46.0-255,66,261439,43,274411
5706,0.003598,142.250.4.0-255,2902,264341,43,274411
5707,0.0036,172.31.46.0-255,66,264407,43,274411
5708,0.003634,172.31.46.0-255,66,264473,43,274411
5709,0.003645,172.31.46.0-255,66,264539,43,274411
5710,0.003685,142.250.4.0-255,4320,268859,43,274411
5711,0.003689,172.31.46.0-255,66,268925,43,274411
5712,0.003712,172.31.46.0-255,66,268991,43,274411
5713,0.003752,172.31.46.0-255,66,269057,43,274411
5714,0.003772,172.31.46.0-255,66,269123,43,274411
5715,0.003775,142.250.4.0-255,2184,271307,43,274411
5716,0.003778,172.31.46.0-255,66,271373,43,274411
5717,0.004078,142.250.4.0-255,1484,272857,43,274411
5718,0.00411,142.250.4.0-255,1212,274069,43,274411
5719,0.004113,172.31.46.0-255,66,274135,43,274411
5720,0.004159,142.250.4.0-255,105,274240,43,274411
5721,0.010483,172.31.46.0-255,105,274345,43,274411
5722,0.012881,142.250.4.0-255,66,274411,43,274411
5723,0.0,104.244.42.0-255,66,66,43,66
5724,0.0,172.217.194.0-255,146,146,43,209982
5725,2.2e-05,172.31.46.0-255,66,212,43,209982
5726,2.8e-05,172.217.194.0-255,1484,1696,43,209982
5727,3.3e-05,172.31.46.0-255,66,1762,43,209982
5728,3.9e-05,172.217.194.0-255,2902,4664,43,209982
5729,4.9e-05,172.31.46.0-255,66,4730,43,209982
5730,5.8e-05,172.217.194.0-255,7156,11886,43,209982
5731,6.2e-05,172.31.46.0-255,66,11952,43,209982
5732,6.5e-05,172.217.194.0-255,1484,13436,43,209982
5733,8e-05,172.31.46.0-255,66,13502,43,209982
5734,8.3e-05,172.217.194.0-255,1484,14986,43,209982
5735,8.6e-05,172.31.46.0-255,66,15052,43,209982
5736,0.000137,172.31.46.0-255,66,15118,43,209982
5737,0.00019,172.217.194.0-255,1484,16602,43,209982
5738,0.000193,172.31.46.0-255,66,16668,43,209982
5739,0.000218,172.217.194.0-255,2902,19570,43,209982
5740,0.000221,172.31.46.0-255,66,19636,43,209982
5741,0.000228,172.217.194.0-255,5738,25374,43,209982
5742,0.00023,172.31.46.0-255,66,25440,43,209982
5743,0.000268,172.217.194.0-255,4320,29760,43,209982
5744,0.00027,172.31.46.0-255,66,29826,43,209982
5745,0.000301,172.217.194.0-255,5379,35205,43,209982
5746,0.000305,172.31.46.0-255,66,35271,43,209982
5747,0.00032,172.31.46.0-255,66,35337,43,209982
5748,0.000369,172.217.194.0-255,4216,39553,43,209982
5749,0.000372,172.31.46.0-255,66,39619,43,209982
5750,0.000457,172.217.194.0-255,115,39734,43,209982
5751,0.000461,172.31.46.0-255,66,39800,43,209982
5752,0.000473,172.217.194.0-255,384,40184,43,209982
5753,0.000479,172.31.46.0-255,66,40250,43,209982
5754,0.000678,172.217.194.0-255,1484,41734,43,209982
5755,0.000684,172.217.194.0-255,2902,44636,43,209982
5756,0.000689,172.31.46.0-255,66,44702,43,209982
5757,0.000742,172.217.194.0-255,5738,50440,43,209982
5758,0.000746,172.31.46.0-255,66,50506,43,209982
5759,0.000775,172.217.194.0-255,2902,53408,43,209982
5760,0.000778,172.31.46.0-255,66,53474,43,209982
5761,0.000796,172.217.194.0-255,4320,57794,43,209982
5762,0.000799,172.31.46.0-255,66,57860,43,209982
5763,0.000839,172.217.194.0-255,1484,59344,43,209982
5764,0.000854,172.217.194.0-255,2902,62246,43,209982
5765,0.000857,172.31.46.0-255,66,62312,43,209982
5766,0.000871,172.217.194.0-255,4320,66632,43,209982
5767,0.000877,172.31.46.0-255,66,66698,43,209982
5768,0.000899,172.217.194.0-255,1484,68182,43,209982
5769,0.00092,172.217.194.0-255,6438,74620,43,209982
5770,0.000923,172.31.46.0-255,66,74686,43,209982
5771,0.001021,172.217.194.0-255,1484,76170,43,209982
5772,0.00104,172.217.194.0-255,2902,79072,43,209982
5773,0.001044,172.217.194.0-255,1484,80556,43,209982
5774,0.001061,172.217.194.0-255,4320,84876,43,209982
5775,0.001066,172.217.194.0-255,2902,87778,43,209982
5776,0.001085,172.217.194.0-255,1484,89262,43,209982
5777,0.001088,172.31.46.0-255,66,89328,43,209982
5778,0.00113,172.217.194.0-255,5738,95066,43,209982
5779,0.001138,172.31.46.0-255,66,95132,43,209982
5780,0.001168,172.217.194.0-255,2902,98034,43,209982
5781,0.001173,172.31.46.0-255,66,98100,43,209982
5782,0.001189,172.217.194.0-255,2184,100284,43,209982
5783,0.001207,172.31.46.0-255,66,100350,43,209982
5784,0.001488,172.217.194.0-255,1484,101834,43,209982
5785,0.001504,172.217.194.0-255,2902,104736,43,209982
5786,0.001507,172.31.46.0-255,66,104802,43,209982
5787,0.001545,172.217.194.0-255,5738,110540,43,209982
5788,0.001561,172.31.46.0-255,66,110606,43,209982
5789,0.001574,172.217.194.0-255,4320,114926,43,209982
5790,0.001595,172.217.194.0-255,2902,117828,43,209982
5791,0.001606,172.31.46.0-255,66,117894,43,209982
5792,0.001631,172.217.194.0-255,4320,122214,43,209982
5793,0.001648,172.217.194.0-255,3602,125816,43,209982
5794,0.001671,172.31.46.0-255,66,125882,43,209982
5795,0.002338,172.217.194.0-255,1484,127366,43,209982
5796,0.002359,172.217.194.0-255,2902,130268,43,209982
5797,0.002363,172.31.46.0-255,66,130334,43,209982
5798,0.002369,172.217.194.0-255,2902,133236,43,209982
5799,0.002371,172.31.46.0-255,66,133302,43,209982
5800,0.002406,172.217.194.0-255,2902,136204,43,209982
5801,0.002409,172.31.46.0-255,66,136270,43,209982
5802,0.002414,172.217.194.0-255,2902,139172,43,209982
5803,0.002416,172.31.46.0-255,66,139238,43,209982
5804,0.002425,172.217.194.0-255,4320,143558,43,209982
5805,0.002427,172.31.46.0-255,66,143624,43,209982
5806,0.002471,172.31.46.0-255,66,143690,43,209982
5807,0.002474,172.217.194.0-255,1484,145174,43,209982
5808,0.002479,172.217.194.0-255,2902,148076,43,209982
5809,0.00248,172.31.46.0-255,66,148142,43,209982
5810,0.002503,172.217.194.0-255,1484,149626,43,209982
5811,0.002516,172.217.194.0-255,2184,151810,43,209982
5812,0.002519,172.31.46.0-255,66,151876,43,209982
5813,0.005115,172.217.194.0-255,1484,153360,43,209982
5814,0.005175,172.217.194.0-255,4320,157680,43,209982
5815,0.005182,172.31.46.0-255,66,157746,43,209982
5816,0.00783,172.217.194.0-255,5738,163484,43,209982
5817,0.007836,172.31.46.0-255,66,163550,43,209982
5818,0.010486,172.217.194.0-255,5738,169288,43,209982
5819,0.010501,172.31.46.0-255,66,169354,43,209982
5820,0.013173,172.217.194.0-255,5738,175092,43,209982
5821,0.013189,172.31.46.0-255,66,175158,43,209982
5822,0.015843,172.217.194.0-255,5738,180896,43,209982
5823,0.015856,172.31.46.0-255,66,180962,43,209982
5824,0.018525,172.217.194.0-255,5738,186700,43,209982
5825,0.01854,172.31.46.0-255,66,186766,43,209982
5826,0.021266,172.217.194.0-255,5738,192504,43,209982
5827,0.021282,172.31.46.0-255,66,192570,43,209982
5828,0.023962,172.217.194.0-255,5738,198308,43,209982
5829,0.023978,172.31.46.0-255,66,198374,43,209982
5830,0.026697,172.217.194.0-255,5738,204112,43,209982
5831,0.026716,172.31.46.0-255,66,204178,43,209982
5832,0.029379,172.217.194.0-255,5738,209916,43,209982
5833,0.029398,172.31.46.0-255,66,209982,43,209982
5834,0.0,74.125.130.0-255,296,296,43,260782
5835,2e-05,172.31.46.0-255,66,362,43,260782
5836,2.6e-05,74.125.130.0-255,1484,1846,43,260782
5837,2.9e-05,172.31.46.0-255,66,1912,43,260782
5838,3.5e-05,74.125.130.0-255,4320,6232,43,260782
5839,4.5e-05,172.31.46.0-255,66,6298,43,260782
5840,5e-05,74.125.130.0-255,4320,10618,43,260782
5841,5.3e-05,172.31.46.0-255,66,10684,43,260782
5842,6e-05,74.125.130.0-255,4678,15362,43,260782
5843,6.2e-05,172.31.46.0-255,66,15428,43,260782
5844,8.2e-05,74.125.130.0-255,1484,16912,43,260782
5845,8.4e-05,172.31.46.0-255,66,16978,43,260782
5846,0.000115,74.125.130.0-255,7156,24134,43,260782
5847,0.000117,172.31.46.0-255,66,24200,43,260782
5848,0.000147,74.125.130.0-255,6797,30997,43,260782
5849,0.00015,172.31.46.0-255,66,31063,43,260782
5850,0.000244,74.125.130.0-255,1484,32547,43,260782
5851,0.000248,172.31.46.0-255,66,32613,43,260782
5852,0.000272,74.125.130.0-255,2902,35515,43,260782
5853,0.000274,172.31.46.0-255,66,35581,43,260782
5854,0.000277,74.125.130.0-255,1484,37065,43,260782
5855,0.000278,172.31.46.0-255,66,37131,43,260782
5856,0.000312,74.125.130.0-255,4320,41451,43,260782
5857,0.000314,172.31.46.0-255,66,41517,43,260782
5858,0.00032,74.125.130.0-255,6797,48314,43,260782
5859,0.000322,172.31.46.0-255,66,48380,43,260782
5860,0.000349,74.125.130.0-255,7156,55536,43,260782
5861,0.000352,172.31.46.0-255,66,55602,43,260782
5862,0.000376,74.125.130.0-255,1484,57086,43,260782
5863,0.000378,172.31.46.0-255,66,57152,43,260782
5864,0.000382,74.125.130.0-255,2902,60054,43,260782
5865,0.000383,172.31.46.0-255,66,60120,43,260782
5866,0.000407,74.125.130.0-255,5630,65750,43,260782
5867,0.000409,172.31.46.0-255,66,65816,43,260782
5868,0.000415,74.125.130.0-255,115,65931,43,260782
5869,0.000418,74.125.130.0-255,385,66316,43,260782
5870,0.000687,74.125.130.0-255,1484,67800,43,260782
5871,0.000693,172.31.46.0-255,66,67866,43,260782
5872,0.000704,74.125.130.0-255,2902,70768,43,260782
5873,0.000706,172.31.46.0-255,66,70834,43,260782
5874,0.000738,74.125.130.0-255,5738,76572,43,260782
5875,0.000741,172.31.46.0-255,66,76638,43,260782
5876,0.000774,74.125.130.0-255,1484,78122,43,260782
5877,0.000786,74.125.130.0-255,1484,79606,43,260782
5878,0.000788,172.31.46.0-255,66,79672,43,260782
5879,0.000824,74.125.130.0-255,7156,86828,43,260782
5880,0.000826,172.31.46.0-255,66,86894,43,260782
5881,0.000839,172.31.46.0-255,66,86960,43,260782
5882,0.000862,74.125.130.0-255,1484,88444,43,260782
5883,0.000867,74.125.130.0-255,2184,90628,43,260782
5884,0.000869,172.31.46.0-255,66,90694,43,260782
5885,0.001264,74.125.130.0-255,1484,92178,43,260782
5886,0.001287,74.125.130.0-255,1484,93662,43,260782
5887,0.00129,172.31.46.0-255,66,93728,43,260782
5888,0.001318,74.125.130.0-255,1484,95212,43,260782
5889,0.001324,74.125.130.0-255,4320,99532,43,260782
5890,0.001326,172.31.46.0-255,66,99598,43,260782
5891,0.001332,74.125.130.0-255,5738,105336,43,260782
5892,0.001335,172.31.46.0-255,66,105402,43,260782
5893,0.001349,74.125.130.0-255,2902,108304,43,260782
5894,0.001351,172.31.46.0-255,66,108370,43,260782
5895,0.001392,74.125.130.0-255,4320,112690,43,260782
5896,0.001396,172.31.46.0-255,66,112756,43,260782
5897,0.001399,172.31.46.0-255,66,112822,43,260782
5898,0.001417,74.125.130.0-255,3602,116424,43,260782
5899,0.00142,172.31.46.0-255,66,116490,43,260782
5900,0.001593,74.125.130.0-255,1484,117974,43,260782
5901,0.001598,74.125.130.0-255,2902,120876,43,260782
5902,0.001615,172.31.46.0-255,66,120942,43,260782
5903,0.001619,74.125.130.0-255,1484,122426,43,260782
5904,0.001624,74.125.130.0-255,2902,125328,43,260782
5905,0.001626,172.31.46.0-255,66,125394,43,260782
5906,0.001667,74.125.130.0-255,2902,128296,43,260782
5907,0.001669,172.31.46.0-255,66,128362,43,260782
5908,0.001701,74.125.130.0-255,2902,131264,43,260782
5909,0.001703,172.31.46.0-255,66,131330,43,260782
5910,0.001716,172.31.46.0-255,66,131396,43,260782
5911,0.001733,172.31.46.0-255,66,131462,43,260782
5912,0.001764,74.125.130.0-255,1484,132946,43,260782
5913,0.001768,74.125.130.0-255,1484,134430,43,260782
5914,0.00177,172.31.46.0-255,66,134496,43,260782
5915,0.001793,74.125.130.0-255,1484,135980,43,260782
5916,0.001797,74.125.130.0-255,2902,138882,43,260782
5917,0.0018,172.31.46.0-255,66,138948,43,260782
5918,0.00184,74.125.130.0-255,2902,141850,43,260782
5919,0.001843,172.31.46.0-255,66,141916,43,260782
5920,0.001848,74.125.130.0-255,4320,146236,43,260782
5921,0.001851,172.31.46.0-255,66,146302,43,260782
5922,0.001856,74.125.130.0-255,2902,149204,43,260782
5923,0.001865,172.31.46.0-255,66,149270,43,260782
5924,0.001892,74.125.130.0-255,2902,152172,43,260782
5925,0.001895,172.31.46.0-255,66,152238,43,260782
5926,0.001907,172.31.46.0-255,66,152304,43,260782
5927,0.001921,74.125.130.0-255,1484,153788,43,260782
5928,0.001929,74.125.130.0-255,2184,155972,43,260782
5929,0.001932,172.31.46.0-255,66,156038,43,260782
5930,0.002142,74.125.130.0-255,1484,157522,43,260782
5931,0.002165,74.125.130.0-255,2902,160424,43,260782
5932,0.002169,172.31.46.0-255,66,160490,43,260782
5933,0.002173,74.125.130.0-255,1484,161974,43,260782
5934,0.002199,74.125.130.0-255,4320,166294,43,260782
5935,0.002202,172.31.46.0-255,66,166360,43,260782
5936,0.002205,74.125.130.0-255,1484,167844,43,260782
5937,0.002233,74.125.130.0-255,5738,173582,43,260782
5938,0.002236,172.31.46.0-255,66,173648,43,260782
5939,0.002247,172.31.46.0-255,66,173714,43,260782
5940,0.002269,74.125.130.0-255,2902,176616,43,260782
5941,0.002271,172.31.46.0-255,66,176682,43,260782
5942,0.00228,74.125.130.0-255,3602,180284,43,260782
5943,0.002283,172.31.46.0-255,66,180350,43,260782
5944,0.002637,74.125.130.0-255,1484,181834,43,260782
5945,0.002643,74.125.130.0-255,1484,183318,43,260782
5946,0.002648,172.31.46.0-255,66,183384,43,260782
5947,0.00268,74.125.130.0-255,1484,184868,43,260782
5948,0.002687,74.125.130.0-255,5738,190606,43,260782
5949,0.00269,172.31.46.0-255,66,190672,43,260782
5950,0.002701,74.125.130.0-255,7156,197828,43,260782
5951,0.002709,172.31.46.0-255,66,197894,43,260782
5952,0.002716,74.125.130.0-255,5738,203632,43,260782
5953,0.002718,172.31.46.0-255,66,203698,43,260782
5954,0.005404,74.125.130.0-255,2902,206600,43,260782
5955,0.005411,172.31.46.0-255,66,206666,43,260782
5956,0.00544,74.125.130.0-255,2902,209568,43,260782
5957,0.005443,172.31.46.0-255,66,209634,43,260782
5958,0.008107,74.125.130.0-255,2902,212536,43,260782
5959,0.008115,172.31.46.0-255,66,212602,43,260782
5960,0.008147,74.125.130.0-255,2902,215504,43,260782
5961,0.00815,172.31.46.0-255,66,215570,43,260782
5962,0.010819,74.125.130.0-255,2902,218472,43,260782
5963,0.010824,172.31.46.0-255,66,218538,43,260782
5964,0.010845,74.125.130.0-255,2902,221440,43,260782
5965,0.010848,172.31.46.0-255,66,221506,43,260782
5966,0.013541,74.125.130.0-255,5738,227244,43,260782
5967,0.01355,172.31.46.0-255,66,227310,43,260782
5968,0.016259,74.125.130.0-255,5738,233048,43,260782
5969,0.016268,172.31.46.0-255,66,233114,43,260782
5970,0.018975,74.125.130.0-255,5738,238852,43,260782
5971,0.018986,172.31.46.0-255,66,238918,43,260782
5972,0.021691,74.125.130.0-255,5738,244656,43,260782
5973,0.021699,172.31.46.0-255,66,244722,43,260782
5974,0.024451,74.125.130.0-255,4320,249042,43,260782
5975,0.024459,172.31.46.0-255,66,249108,43,260782
5976,0.024489,74.125.130.0-255,1484,250592,43,260782
5977,0.027174,74.125.130.0-255,4320,254912,43,260782
5978,0.027181,172.31.46.0-255,66,254978,43,260782
5979,0.029906,74.125.130.0-255,5738,260716,43,260782
5980,0.029914,172.31.46.0-255,66,260782,43,260782
5981,0.0,74.125.24.0-255,153,153,43,144069
5982,2.2e-05,172.31.46.0-255,66,219,43,144069
5983,2.9e-05,74.125.24.0-255,1484,1703,43,144069
5984,3.3e-05,172.31.46.0-255,66,1769,43,144069
5985,3.8e-05,74.125.24.0-255,2902,4671,43,144069
5986,4e-05,172.31.46.0-255,66,4737,43,144069
5987,4.4e-05,74.125.24.0-255,2902,7639,43,144069
5988,4.6e-05,172.31.46.0-255,66,7705,43,144069
5989,6.7e-05,74.125.24.0-255,4320,12025,43,144069
5990,7e-05,172.31.46.0-255,66,12091,43,144069
5991,7.3e-05,74.125.24.0-255,2084,14175,43,144069
5992,7.5e-05,172.31.46.0-255,66,14241,43,144069
5993,7.8e-05,74.125.24.0-255,1484,15725,43,144069
5994,7.9e-05,172.31.46.0-255,66,15791,43,144069
5995,0.000118,172.31.46.0-255,66,15857,43,144069
5996,0.000124,74.125.24.0-255,5379,21236,43,144069
5997,0.000125,172.31.46.0-255,66,21302,43,144069
5998,0.000484,74.125.24.0-255,1484,22786,43,144069
5999,0.000489,172.31.46.0-255,66,22852,43,144069
6000,0.000506,74.125.24.0-255,2902,25754,43,144069
6001,0.000508,172.31.46.0-255,66,25820,43,144069
6002,0.000512,74.125.24.0-255,2902,28722,43,144069
6003,0.000514,172.31.46.0-255,66,28788,43,144069
6004,0.000527,74.125.24.0-255,1484,30272,43,144069
6005,0.000529,172.31.46.0-255,66,30338,43,144069
6006,0.000551,74.125.24.0-255,2902,33240,43,144069
6007,0.000553,172.31.46.0-255,66,33306,43,144069
6008,0.000575,74.125.24.0-255,6797,40103,43,144069
6009,0.000578,172.31.46.0-255,66,40169,43,144069
6010,0.000584,74.125.24.0-255,5738,45907,43,144069
6011,0.000586,172.31.46.0-255,66,45973,43,144069
6012,0.000609,74.125.24.0-255,2902,48875,43,144069
6013,0.000613,172.31.46.0-255,66,48941,43,144069
6014,0.000628,74.125.24.0-255,6797,55738,43,144069
6015,0.00063,172.31.46.0-255,66,55804,43,144069
6016,0.000988,74.125.24.0-255,396,56200,43,144069
6017,0.001011,172.31.46.0-255,66,56266,43,144069
6018,0.002083,74.125.24.0-255,347,56613,43,144069
6019,0.002112,172.31.46.0-255,66,56679,43,144069
6020,0.002123,74.125.24.0-255,1484,58163,43,144069
6021,0.002134,74.125.24.0-255,1484,59647,43,144069
6022,0.002136,172.31.46.0-255,66,59713,43,144069
6023,0.002154,74.125.24.0-255,4320,64033,43,144069
6024,0.002156,172.31.46.0-255,66,64099,43,144069
6025,0.002178,74.125.24.0-255,5738,69837,43,144069
6026,0.00218,172.31.46.0-255,66,69903,43,144069
6027,0.002201,74.125.24.0-255,4320,74223,43,144069
6028,0.002204,172.31.46.0-255,66,74289,43,144069
6029,0.004291,74.125.24.0-255,1484,75773,43,144069
6030,0.004311,74.125.24.0-255,4320,80093,43,144069
6031,0.004316,172.31.46.0-255,66,80159,43,144069
6032,0.006578,74.125.24.0-255,5738,85897,43,144069
6033,0.006586,172.31.46.0-255,66,85963,43,144069
6034,0.00873,74.125.24.0-255,5738,91701,43,144069
6035,0.008743,172.31.46.0-255,66,91767,43,144069
6036,0.010857,74.125.24.0-255,5738,97505,43,144069
6037,0.010871,172.31.46.0-255,66,97571,43,144069
6038,0.012979,74.125.24.0-255,5738,103309,43,144069
6039,0.01299,172.31.46.0-255,66,103375,43,144069
6040,0.015118,74.125.24.0-255,5738,109113,43,144069
6041,0.015131,172.31.46.0-255,66,109179,43,144069
6042,0.01725,74.125.24.0-255,5738,114917,43,144069
6043,0.017264,172.31.46.0-255,66,114983,43,144069
6044,0.019417,74.125.24.0-255,5738,120721,43,144069
6045,0.019427,172.31.46.0-255,66,120787,43,144069
6046,0.0216,74.125.24.0-255,5738,126525,43,144069
6047,0.021612,172.31.46.0-255,66,126591,43,144069
6048,0.023745,74.125.24.0-255,5738,132329,43,144069
6049,0.023752,172.31.46.0-255,66,132395,43,144069
6050,0.025881,74.125.24.0-255,1484,133879,43,144069
6051,0.025908,74.125.24.0-255,4320,138199,43,144069
6052,0.025913,172.31.46.0-255,66,138265,43,144069
6053,0.028022,74.125.24.0-255,5738,144003,43,144069
6054,0.028033,172.31.46.0-255,66,144069,43,144069
6055,0.0,172.31.46.0-255,105,105,43,276
6056,0.001779,157.240.25.0-255,105,210,43,276
6057,0.001794,172.31.46.0-255,66,276,43,276
6058,0.0,74.125.24.0-255,302,302,43,189297
6059,2e-05,172.31.46.0-255,66,368,43,189297
6060,2.5e-05,74.125.24.0-255,1484,1852,43,189297
6061,2.9e-05,172.31.46.0-255,66,1918,43,189297
6062,3.5e-05,74.125.24.0-255,4320,6238,43,189297
6063,4.3e-05,172.31.46.0-255,66,6304,43,189297
6064,8.1e-05,172.31.46.0-255,66,6370,43,189297
6065,9e-05,172.31.46.0-255,66,6436,43,189297
6066,0.000111,74.125.24.0-255,4320,10756,43,189297
6067,0.000113,172.31.46.0-255,66,10822,43,189297
6068,0.000121,74.125.24.0-255,2543,13365,43,189297
6069,0.000124,172.31.46.0-255,66,13431,43,189297
6070,0.000172,74.125.24.0-255,1484,14915,43,189297
6071,0.000174,172.31.46.0-255,66,14981,43,189297
6072,0.000187,74.125.24.0-255,2902,17883,43,189297
6073,0.000192,172.31.46.0-255,66,17949,43,189297
6074,0.000198,74.125.24.0-255,5738,23687,43,189297
6075,0.0002,172.31.46.0-255,66,23753,43,189297
6076,0.000231,172.31.46.0-255,66,23819,43,189297
6077,0.000259,74.125.24.0-255,2902,26721,43,189297
6078,0.000261,172.31.46.0-255,66,26787,43,189297
6079,0.00027,172.31.46.0-255,66,26853,43,189297
6080,0.000303,74.125.24.0-255,2476,29329,43,189297
6081,0.000305,172.31.46.0-255,66,29395,43,189297
6082,0.000311,74.125.24.0-255,134,29529,43,189297
6083,0.000313,172.31.46.0-255,66,29595,43,189297
6084,0.000456,74.125.24.0-255,1484,31079,43,189297
6085,0.000461,172.31.46.0-255,66,31145,43,189297
6086,0.000466,74.125.24.0-255,2902,34047,43,189297
6087,0.000468,172.31.46.0-255,66,34113,43,189297
6088,0.000471,74.125.24.0-255,1484,35597,43,189297
6089,0.000499,74.125.24.0-255,4320,39917,43,189297
6090,0.000501,172.31.46.0-255,66,39983,43,189297
6091,0.000507,74.125.24.0-255,5738,45721,43,189297
6092,0.000509,172.31.46.0-255,66,45787,43,189297
6093,0.000536,74.125.24.0-255,7156,52943,43,189297
6094,0.000538,172.31.46.0-255,66,53009,43,189297
6095,0.000544,74.125.24.0-255,5738,58747,43,189297
6096,0.000546,172.31.46.0-255,66,58813,43,189297
6097,0.000576,74.125.24.0-255,5020,63833,43,189297
6098,0.000579,172.31.46.0-255,66,63899,43,189297
6099,0.000684,74.125.24.0-255,1484,65383,43,189297
6100,0.000689,74.125.24.0-255,2902,68285,43,189297
6101,0.000693,172.31.46.0-255,66,68351,43,189297
6102,0.000721,74.125.24.0-255,5738,74089,43,189297
6103,0.000724,172.31.46.0-255,66,74155,43,189297
6104,0.000756,172.31.46.0-255,66,74221,43,189297
6105,0.000767,172.31.46.0-255,66,74287,43,189297
6106,0.000808,74.125.24.0-255,5020,79307,43,189297
6107,0.000812,172.31.46.0-255,66,79373,43,189297
6108,0.000818,74.125.24.0-255,4320,83693,43,189297
6109,0.000819,172.31.46.0-255,66,83759,43,189297
6110,0.000843,74.125.24.0-255,1484,85243,43,189297
6111,0.00085,74.125.24.0-255,7156,92399,43,189297
6112,0.000852,172.31.46.0-255,66,92465,43,189297
6113,0.000881,74.125.24.0-255,5738,98203,43,189297
6114,0.000883,172.31.46.0-255,66,98269,43,189297
6115,0.000898,172.31.46.0-255,66,98335,43,189297
6116,0.00093,74.125.24.0-255,1484,99819,43,189297
6117,0.000936,74.125.24.0-255,2902,102721,43,189297
6118,0.000938,172.31.46.0-255,66,102787,43,189297
6119,0.000944,74.125.24.0-255,5738,108525,43,189297
6120,0.000947,172.31.46.0-255,66,108591,43,189297
6121,0.000956,74.125.24.0-255,4320,112911,43,189297
6122,0.000959,172.31.46.0-255,66,112977,43,189297
6123,0.000962,74.125.24.0-255,1484,114461,43,189297
6124,0.001007,172.31.46.0-255,66,114527,43,189297
6125,0.001022,172.31.46.0-255,66,114593,43,189297
6126,0.001134,74.125.24.0-255,1484,116077,43,189297
6127,0.001139,74.125.24.0-255,1484,117561,43,189297
6128,0.001142,172.31.46.0-255,66,117627,43,189297
6129,0.001164,74.125.24.0-255,1484,119111,43,189297
6130,0.00117,74.125.24.0-255,5738,124849,43,189297
6131,0.001173,172.31.46.0-255,66,124915,43,189297
6132,0.001178,74.125.24.0-255,4320,129235,43,189297
6133,0.00118,172.31.46.0-255,66,129301,43,189297
6134,0.001223,172.31.46.0-255,66,129367,43,189297
6135,0.001239,172.31.46.0-255,66,129433,43,189297
6136,0.001723,74.125.24.0-255,1484,130917,43,189297
6137,0.001741,74.125.24.0-255,2902,133819,43,189297
6138,0.001744,172.31.46.0-255,66,133885,43,189297
6139,0.001787,74.125.24.0-255,4320,138205,43,189297
6140,0.00179,172.31.46.0-255,66,138271,43,189297
6141,0.001823,74.125.24.0-255,1484,139755,43,189297
6142,0.001831,74.125.24.0-255,7156,146911,43,189297
6143,0.001838,172.31.46.0-255,66,146977,43,189297
6144,0.001858,172.31.46.0-255,66,147043,43,189297
6145,0.001865,74.125.24.0-255,5020,152063,43,189297
6146,0.001866,172.31.46.0-255,66,152129,43,189297
6147,0.001877,172.31.46.0-255,66,152195,43,189297
6148,0.00193,172.31.46.0-255,66,152261,43,189297
6149,0.001936,74.125.24.0-255,5738,157999,43,189297
6150,0.001938,172.31.46.0-255,66,158065,43,189297
6151,0.001973,74.125.24.0-255,3602,161667,43,189297
6152,0.001976,172.31.46.0-255,66,161733,43,189297
6153,0.00198,74.125.24.0-255,2902,164635,43,189297
6154,0.001983,172.31.46.0-255,66,164701,43,189297
6155,0.001988,74.125.24.0-255,4320,169021,43,189297
6156,0.001994,172.31.46.0-255,66,169087,43,189297
6157,0.002,74.125.24.0-255,5738,174825,43,189297
6158,0.002003,172.31.46.0-255,66,174891,43,189297
6159,0.002008,74.125.24.0-255,4320,179211,43,189297
6160,0.00201,172.31.46.0-255,66,179277,43,189297
6161,0.002035,74.125.24.0-255,2902,182179,43,189297
6162,0.002052,172.31.46.0-255,66,182245,43,189297
6163,0.002056,172.31.46.0-255,66,182311,43,189297
6164,0.002082,74.125.24.0-255,3602,185913,43,189297
6165,0.002086,172.31.46.0-255,66,185979,43,189297
6166,0.002105,172.31.46.0-255,66,186045,43,189297
6167,0.002117,172.31.46.0-255,66,186111,43,189297
6168,0.002121,74.125.24.0-255,1484,187595,43,189297
6169,0.002176,172.31.46.0-255,66,187661,43,189297
6170,0.002189,172.31.46.0-255,66,187727,43,189297
6171,0.002192,74.125.24.0-255,433,188160,43,189297
6172,0.002252,74.125.24.0-255,105,188265,43,189297
6173,0.002273,74.125.24.0-255,129,188394,43,189297
6174,0.010215,172.31.46.0-255,105,188499,43,189297
6175,0.010261,172.31.46.0-255,105,188604,43,189297
6176,0.010541,172.31.46.0-255,90,188694,43,189297
6177,0.01055,172.31.46.0-255,66,188760,43,189297
6178,0.012183,74.125.24.0-255,129,188889,43,189297
6179,0.012193,172.31.46.0-255,78,188967,43,189297
6180,0.012589,74.125.24.0-255,66,189033,43,189297
6181,0.012598,74.125.24.0-255,66,189099,43,189297
6182,0.012894,74.125.24.0-255,66,189165,43,189297
6183,0.012926,74.125.24.0-255,66,189231,43,189297
6184,0.012932,172.31.46.0-255,66,189297,43,189297
6185,0.0,74.125.68.0-255,153,153,43,364613
6186,1.2e-05,172.31.46.0-255,66,219,43,364613
6187,4.6e-05,74.125.68.0-255,1484,1703,43,364613
6188,5.1e-05,172.31.46.0-255,66,1769,43,364613
6189,5.6e-05,74.125.68.0-255,2902,4671,43,364613
6190,5.9e-05,172.31.46.0-255,66,4737,43,364613
6191,8.8e-05,74.125.68.0-255,7156,11893,43,364613
6192,9.1e-05,172.31.46.0-255,66,11959,43,364613
6193,0.00012,74.125.68.0-255,4320,16279,43,364613
6194,0.000122,172.31.46.0-255,66,16345,43,364613
6195,0.000141,74.125.68.0-255,3521,19866,43,364613
6196,0.000144,172.31.46.0-255,66,19932,43,364613
6197,0.000151,74.125.68.0-255,7156,27088,43,364613
6198,0.000154,172.31.46.0-255,66,27154,43,364613
6199,0.000184,74.125.68.0-255,3961,31115,43,364613
6200,0.000188,172.31.46.0-255,66,31181,43,364613
6201,0.000321,74.125.68.0-255,1484,32665,43,364613
6202,0.000327,172.31.46.0-255,66,32731,43,364613
6203,0.000331,74.125.68.0-255,1484,34215,43,364613
6204,0.000333,172.31.46.0-255,66,34281,43,364613
6205,0.000338,74.125.68.0-255,2902,37183,43,364613
6206,0.000341,172.31.46.0-255,66,37249,43,364613
6207,0.000364,74.125.68.0-255,5738,42987,43,364613
6208,0.000367,172.31.46.0-255,66,43053,43,364613
6209,0.000388,74.125.68.0-255,1484,44537,43,364613
6210,0.00039,172.31.46.0-255,66,44603,43,364613
6211,0.00041,74.125.68.0-255,5379,49982,43,364613
6212,0.000412,172.31.46.0-255,66,50048,43,364613
6213,0.000423,74.125.68.0-255,1484,51532,43,364613
6214,0.000425,172.31.46.0-255,66,51598,43,364613
6215,0.000449,74.125.68.0-255,5738,57336,43,364613
6216,0.000451,172.31.46.0-255,66,57402,43,364613
6217,0.000456,74.125.68.0-255,2902,60304,43,364613
6218,0.000458,172.31.46.0-255,66,60370,43,364613
6219,0.000464,74.125.68.0-255,4320,64690,43,364613
6220,0.000467,172.31.46.0-255,66,64756,43,364613
6221,0.000484,74.125.68.0-255,1125,65881,43,364613
6222,0.000512,74.125.68.0-255,354,66235,43,364613
6223,0.000916,74.125.68.0-255,388,66623,43,364613
6224,0.000923,172.31.46.0-255,66,66689,43,364613
6225,0.000959,74.125.68.0-255,1484,68173,43,364613
6226,0.000974,74.125.68.0-255,2902,71075,43,364613
6227,0.000976,172.31.46.0-255,66,71141,43,364613
6228,0.000995,74.125.68.0-255,1484,72625,43,364613
6229,0.000998,74.125.68.0-255,1484,74109,43,364613
6230,0.001001,74.125.68.0-255,2902,77011,43,364613
6231,0.001006,172.31.46.0-255,66,77077,43,364613
6232,0.001014,172.31.46.0-255,66,77143,43,364613
6233,0.001021,74.125.68.0-255,5738,82881,43,364613
6234,0.001023,172.31.46.0-255,66,82947,43,364613
6235,0.00106,172.31.46.0-255,66,83013,43,364613
6236,0.001091,74.125.68.0-255,2902,85915,43,364613
6237,0.001095,172.31.46.0-255,66,85981,43,364613
6238,0.001113,74.125.68.0-255,5020,91001,43,364613
6239,0.001115,172.31.46.0-255,66,91067,43,364613
6240,0.002393,74.125.68.0-255,1484,92551,43,364613
6241,0.002412,74.125.68.0-255,1484,94035,43,364613
6242,0.002417,172.31.46.0-255,66,94101,43,364613
6243,0.002423,74.125.68.0-255,2902,97003,43,364613
6244,0.002426,172.31.46.0-255,66,97069,43,364613
6245,0.002451,74.125.68.0-255,5738,102807,43,364613
6246,0.002454,172.31.46.0-255,66,102873,43,364613
6247,0.002459,74.125.68.0-255,2902,105775,43,364613
6248,0.002461,172.31.46.0-255,66,105841,43,364613
6249,0.002467,74.125.68.0-255,4320,110161,43,364613
6250,0.002469,172.31.46.0-255,66,110227,43,364613
6251,0.002525,172.31.46.0-255,66,110293,43,364613
6252,0.002532,74.125.68.0-255,6438,116731,43,364613
6253,0.002534,172.31.46.0-255,66,116797,43,364613
6254,0.002823,74.125.68.0-255,1484,118281,43,364613
6255,0.002843,74.125.68.0-255,2902,121183,43,364613
6256,0.002845,172.31.46.0-255,66,121249,43,364613
6257,0.00285,74.125.68.0-255,2902,124151,43,364613
6258,0.002852,172.31.46.0-255,66,124217,43,364613
6259,0.002865,74.125.68.0-255,2902,127119,43,364613
6260,0.002868,172.31.46.0-255,66,127185,43,364613
6261,0.002872,74.125.68.0-255,2902,130087,43,364613
6262,0.002875,172.31.46.0-255,66,130153,43,364613
6263,0.00288,74.125.68.0-255,4320,134473,43,364613
6264,0.002883,172.31.46.0-255,66,134539,43,364613
6265,0.002914,172.31.46.0-255,66,134605,43,364613
6266,0.00292,74.125.68.0-255,4320,138925,43,364613
6267,0.002922,172.31.46.0-255,66,138991,43,364613
6268,0.002957,74.125.68.0-255,1484,140475,43,364613
6269,0.002974,74.125.68.0-255,3602,144077,43,364613
6270,0.002977,172.31.46.0-255,66,144143,43,364613
6271,0.002981,74.125.68.0-255,2902,147045,43,364613
6272,0.002984,172.31.46.0-255,66,147111,43,364613
6273,0.002989,74.125.68.0-255,4320,151431,43,364613
6274,0.002991,172.31.46.0-255,66,151497,43,364613
6275,0.00303,74.125.68.0-255,4320,155817,43,364613
6276,0.003032,172.31.46.0-255,66,155883,43,364613
6277,0.003053,74.125.68.0-255,4320,160203,43,364613
6278,0.003055,172.31.46.0-255,66,160269,43,364613
6279,0.003061,74.125.68.0-255,5738,166007,43,364613
6280,0.003063,172.31.46.0-255,66,166073,43,364613
6281,0.003091,74.125.68.0-255,7156,173229,43,364613
6282,0.003094,172.31.46.0-255,66,173295,43,364613
6283,0.00311,74.125.68.0-255,1484,174779,43,364613
6284,0.003125,74.125.68.0-255,2184,176963,43,364613
6285,0.003127,172.31.46.0-255,66,177029,43,364613
6286,0.003214,74.125.68.0-255,4320,181349,43,364613
6287,0.003218,172.31.46.0-255,66,181415,43,364613
6288,0.003224,74.125.68.0-255,4320,185735,43,364613
6289,0.003226,172.31.46.0-255,66,185801,43,364613
6290,0.003232,74.125.68.0-255,5738,191539,43,364613
6291,0.003235,172.31.46.0-255,66,191605,43,364613
6292,0.003242,74.125.68.0-255,7156,198761,43,364613
6293,0.003245,172.31.46.0-255,66,198827,43,364613
6294,0.00327,74.125.68.0-255,4320,203147,43,364613
6295,0.003273,172.31.46.0-255,66,203213,43,364613
6296,0.003275,74.125.68.0-255,1484,204697,43,364613
6297,0.003277,172.31.46.0-255,78,204775,43,364613
6298,0.003284,74.125.68.0-255,5738,210513,43,364613
6299,0.003287,172.31.46.0-255,66,210579,43,364613
6300,0.003289,74.125.68.0-255,766,211345,43,364613
6301,0.003328,74.125.68.0-255,4320,215665,43,364613
6302,0.003332,172.31.46.0-255,66,215731,43,364613
6303,0.003337,74.125.68.0-255,4320,220051,43,364613
6304,0.003339,172.31.46.0-255,66,220117,43,364613
6305,0.00335,74.125.68.0-255,1484,221601,43,364613
6306,0.003378,74.125.68.0-255,4320,225921,43,364613
6307,0.003381,172.31.46.0-255,66,225987,43,364613
6308,0.003401,74.125.68.0-255,5738,231725,43,364613
6309,0.003403,172.31.46.0-255,66,231791,43,364613
6310,0.003406,74.125.68.0-255,1484,233275,43,364613
6311,0.003443,74.125.68.0-255,1484,234759,43,364613
6312,0.003446,172.31.46.0-255,66,234825,43,364613
6313,0.003474,74.125.68.0-255,2902,237727,43,364613
6314,0.003477,172.31.46.0-255,66,237793,43,364613
6315,0.003481,74.125.68.0-255,2902,240695,43,364613
6316,0.003484,172.31.46.0-255,66,240761,43,364613
6317,0.003501,74.125.68.0-255,2902,243663,43,364613
6318,0.003504,172.31.46.0-255,66,243729,43,364613
6319,0.003508,74.125.68.0-255,2184,245913,43,364613
6320,0.003511,172.31.46.0-255,66,245979,43,364613
6321,0.003515,74.125.68.0-255,2902,248881,43,364613
6322,0.003517,172.31.46.0-255,66,248947,43,364613
6323,0.003525,74.125.68.0-255,7156,256103,43,364613
6324,0.003527,172.31.46.0-255,66,256169,43,364613
6325,0.003531,74.125.68.0-255,2902,259071,43,364613
6326,0.003534,172.31.46.0-255,66,259137,43,364613
6327,0.003559,74.125.68.0-255,4320,263457,43,364613
6328,0.003562,172.31.46.0-255,66,263523,43,364613
6329,0.003568,74.125.68.0-255,7156,270679,43,364613
6330,0.00357,172.31.46.0-255,66,270745,43,364613
6331,0.003588,74.125.68.0-255,1484,272229,43,364613
6332,0.003594,74.125.68.0-255,5738,277967,43,364613
6333,0.003596,172.31.46.0-255,66,278033,43,364613
6334,0.003658,74.125.68.0-255,6438,284471,43,364613
6335,0.003661,172.31.46.0-255,66,284537,43,364613
6336,0.003663,74.125.68.0-255,1484,286021,43,364613
6337,0.003667,74.125.68.0-255,2902,288923,43,364613
6338,0.003669,172.31.46.0-255,66,288989,43,364613
6339,0.003675,74.125.68.0-255,5738,294727,43,364613
6340,0.003678,172.31.46.0-255,66,294793,43,364613
6341,0.003694,74.125.68.0-255,2902,297695,43,364613
6342,0.003696,172.31.46.0-255,66,297761,43,364613
6343,0.003702,74.125.68.0-255,4320,302081,43,364613
6344,0.003704,172.31.46.0-255,66,302147,43,364613
6345,0.003738,172.31.46.0-255,66,302213,43,364613
6346,0.003742,74.125.68.0-255,2902,305115,43,364613
6347,0.003744,172.31.46.0-255,66,305181,43,364613
6348,0.003756,74.125.68.0-255,766,305947,43,364613
6349,0.003845,74.125.68.0-255,1484,307431,43,364613
6350,0.003847,172.31.46.0-255,66,307497,43,364613
6351,0.003864,74.125.68.0-255,2902,310399,43,364613
6352,0.003867,172.31.46.0-255,66,310465,43,364613
6353,0.003884,74.125.68.0-255,1484,311949,43,364613
6354,0.003895,74.125.68.0-255,1484,313433,43,364613
6355,0.003897,172.31.46.0-255,66,313499,43,364613
6356,0.003914,74.125.68.0-255,1484,314983,43,364613
6357,0.003951,74.125.68.0-255,2902,317885,43,364613
6358,0.003954,172.31.46.0-255,66,317951,43,364613
6359,0.003957,74.125.68.0-255,1484,319435,43,364613
6360,0.00396,74.125.68.0-255,2902,322337,43,364613
6361,0.003962,172.31.46.0-255,66,322403,43,364613
6362,0.003968,74.125.68.0-255,5738,328141,43,364613
6363,0.00397,172.31.46.0-255,66,328207,43,364613
6364,0.003997,74.125.68.0-255,7156,335363,43,364613
6365,0.004,172.31.46.0-255,66,335429,43,364613
6366,0.004019,74.125.68.0-255,2902,338331,43,364613
6367,0.004022,172.31.46.0-255,66,338397,43,364613
6368,0.004047,74.125.68.0-255,5020,343417,43,364613
6369,0.004051,172.31.46.0-255,66,343483,43,364613
6370,0.004055,74.125.68.0-255,2902,346385,43,364613
6371,0.004057,172.31.46.0-255,66,346451,43,364613
6372,0.004112,74.125.68.0-255,4320,350771,43,364613
6373,0.004119,74.125.68.0-255,7156,357927,43,364613
6374,0.004148,74.125.68.0-255,6344,364271,43,364613
6375,0.0042,74.125.68.0-255,105,364376,43,364613
6376,0.005108,172.31.46.0-255,66,364442,43,364613
6377,0.007319,172.31.46.0-255,105,364547,43,364613
6378,0.009552,74.125.68.0-255,66,364613,43,364613
6379,0.0,74.125.24.0-255,146,146,43,223516
6380,1.9e-05,172.31.46.0-255,66,212,43,223516
6381,2.5e-05,74.125.24.0-255,1484,1696,43,223516
6382,3e-05,172.31.46.0-255,66,1762,43,223516
6383,3.3e-05,74.125.24.0-255,1484,3246,43,223516
6384,3.6e-05,172.31.46.0-255,66,3312,43,223516
6385,6.6e-05,74.125.24.0-255,1484,4796,43,223516
6386,6.9e-05,172.31.46.0-255,66,4862,43,223516
6387,7.8e-05,74.125.24.0-255,7156,12018,43,223516
6388,8e-05,172.31.46.0-255,66,12084,43,223516
6389,8.5e-05,74.125.24.0-255,2041,14125,43,223516
6390,8.7e-05,172.31.46.0-255,66,14191,43,223516
6391,0.000163,74.125.24.0-255,1484,15675,43,223516
6392,0.000167,172.31.46.0-255,66,15741,43,223516
6393,0.000171,74.125.24.0-255,2902,18643,43,223516
6394,0.000174,172.31.46.0-255,66,18709,43,223516
6395,0.000176,74.125.24.0-255,1484,20193,43,223516
6396,0.000178,172.31.46.0-255,66,20259,43,223516
6397,0.000197,74.125.24.0-255,4320,24579,43,223516
6398,0.0002,172.31.46.0-255,66,24645,43,223516
6399,0.000208,74.125.24.0-255,6797,31442,43,223516
6400,0.000211,172.31.46.0-255,66,31508,43,223516
6401,0.000214,74.125.24.0-255,1484,32992,43,223516
6402,0.000216,172.31.46.0-255,66,33058,43,223516
6403,0.000245,74.125.24.0-255,5738,38796,43,223516
6404,0.000249,172.31.46.0-255,66,38862,43,223516
6405,0.000257,74.125.24.0-255,7156,46018,43,223516
6406,0.000259,172.31.46.0-255,66,46084,43,223516
6407,0.000285,172.31.46.0-255,66,46150,43,223516
6408,0.000287,74.125.24.0-255,1484,47634,43,223516
6409,0.000289,172.31.46.0-255,66,47700,43,223516
6410,0.00032,172.31.46.0-255,66,47766,43,223516
6411,0.000331,74.125.24.0-255,429,48195,43,223516
6412,0.000456,74.125.24.0-255,345,48540,43,223516
6413,0.000825,74.125.24.0-255,1484,50024,43,223516
6414,0.00083,172.31.46.0-255,66,50090,43,223516
6415,0.000836,74.125.24.0-255,2902,52992,43,223516
6416,0.000838,172.31.46.0-255,66,53058,43,223516
6417,0.000845,74.125.24.0-255,5738,58796,43,223516
6418,0.000848,172.31.46.0-255,66,58862,43,223516
6419,0.000864,74.125.24.0-255,2902,61764,43,223516
6420,0.000867,172.31.46.0-255,66,61830,43,223516
6421,0.000892,74.125.24.0-255,3412,65242,43,223516
6422,0.000894,172.31.46.0-255,66,65308,43,223516
6423,0.001056,74.125.24.0-255,1484,66792,43,223516
6424,0.001078,74.125.24.0-255,2902,69694,43,223516
6425,0.001082,172.31.46.0-255,66,69760,43,223516
6426,0.001089,74.125.24.0-255,5738,75498,43,223516
6427,0.001092,172.31.46.0-255,66,75564,43,223516
6428,0.001095,74.125.24.0-255,1484,77048,43,223516
6429,0.001118,74.125.24.0-255,2902,79950,43,223516
6430,0.001122,172.31.46.0-255,66,80016,43,223516
6431,0.001128,74.125.24.0-255,5738,85754,43,223516
6432,0.001131,172.31.46.0-255,66,85820,43,223516
6433,0.001147,74.125.24.0-255,5738,91558,43,223516
6434,0.00115,172.31.46.0-255,66,91624,43,223516
6435,0.001161,172.31.46.0-255,66,91690,43,223516
6436,0.001465,74.125.24.0-255,1484,93174,43,223516
6437,0.001473,74.125.24.0-255,2902,96076,43,223516
6438,0.001478,172.31.46.0-255,66,96142,43,223516
6439,0.001485,74.125.24.0-255,4320,100462,43,223516
6440,0.001488,172.31.46.0-255,66,100528,43,223516
6441,0.001507,74.125.24.0-255,1484,102012,43,223516
6442,0.001511,74.125.24.0-255,1484,103496,43,223516
6443,0.001513,172.31.46.0-255,66,103562,43,223516
6444,0.001543,172.31.46.0-255,66,103628,43,223516
6445,0.001548,74.125.24.0-255,4320,107948,43,223516
6446,0.00155,172.31.46.0-255,66,108014,43,223516
6447,0.001572,74.125.24.0-255,2902,110916,43,223516
6448,0.001575,172.31.46.0-255,66,110982,43,223516
6449,0.00158,74.125.24.0-255,3602,114584,43,223516
6450,0.001583,172.31.46.0-255,66,114650,43,223516
6451,0.001621,74.125.24.0-255,4320,118970,43,223516
6452,0.001625,172.31.46.0-255,66,119036,43,223516
6453,0.001648,74.125.24.0-255,7156,126192,43,223516
6454,0.001651,172.31.46.0-255,66,126258,43,223516
6455,0.001655,74.125.24.0-255,1484,127742,43,223516
6456,0.001691,172.31.46.0-255,66,127808,43,223516
6457,0.001748,172.31.46.0-255,66,127874,43,223516
6458,0.002013,74.125.24.0-255,1484,129358,43,223516
6459,0.002028,74.125.24.0-255,1484,130842,43,223516
6460,0.002031,172.31.46.0-255,66,130908,43,223516
6461,0.002041,74.125.24.0-255,1484,132392,43,223516
6462,0.002048,74.125.24.0-255,5738,138130,43,223516
6463,0.002068,172.31.46.0-255,66,138196,43,223516
6464,0.002081,74.125.24.0-255,1484,139680,43,223516
6465,0.002106,172.31.46.0-255,66,139746,43,223516
6466,0.002109,74.125.24.0-255,1484,141230,43,223516
6467,0.002126,74.125.24.0-255,4320,145550,43,223516
6468,0.002128,172.31.46.0-255,66,145616,43,223516
6469,0.002148,74.125.24.0-255,5020,150636,43,223516
6470,0.00215,172.31.46.0-255,66,150702,43,223516
6471,0.002349,74.125.24.0-255,1484,152186,43,223516
6472,0.002361,74.125.24.0-255,2902,155088,43,223516
6473,0.002363,172.31.46.0-255,66,155154,43,223516
6474,0.002387,74.125.24.0-255,4320,159474,43,223516
6475,0.002389,172.31.46.0-255,66,159540,43,223516
6476,0.0024,172.31.46.0-255,66,159606,43,223516
6477,0.002454,172.31.46.0-255,66,159672,43,223516
6478,0.004862,74.125.24.0-255,5738,165410,43,223516
6479,0.004867,172.31.46.0-255,66,165476,43,223516
6480,0.007276,74.125.24.0-255,5738,171214,43,223516
6481,0.007284,172.31.46.0-255,66,171280,43,223516
6482,0.009649,74.125.24.0-255,5738,177018,43,223516
6483,0.009656,172.31.46.0-255,66,177084,43,223516
6484,0.012023,74.125.24.0-255,5738,182822,43,223516
6485,0.01203,172.31.46.0-255,66,182888,43,223516
6486,0.014404,74.125.24.0-255,5738,188626,43,223516
6487,0.014411,172.31.46.0-255,66,188692,43,223516
6488,0.016833,74.125.24.0-255,5738,194430,43,223516
6489,0.016841,172.31.46.0-255,66,194496,43,223516
6490,0.019217,74.125.24.0-255,5738,200234,43,223516
6491,0.019225,172.31.46.0-255,66,200300,43,223516
6492,0.021603,74.125.24.0-255,5738,206038,43,223516
6493,0.021613,172.31.46.0-255,66,206104,43,223516
6494,0.024185,74.125.24.0-255,5738,211842,43,223516
6495,0.024192,172.31.46.0-255,66,211908,43,223516
6496,0.026571,74.125.24.0-255,5738,217646,43,223516
6497,0.026578,172.31.46.0-255,66,217712,43,223516
6498,0.028981,74.125.24.0-255,5738,223450,43,223516
6499,0.028988,172.31.46.0-255,66,223516,43,223516
6500,0.0,172.217.194.0-255,153,153,43,269512
6501,1.8e-05,172.31.46.0-255,66,219,43,269512
6502,2.5e-05,172.217.194.0-255,1484,1703,43,269512
6503,2.8e-05,172.31.46.0-255,66,1769,43,269512
6504,3.3e-05,172.217.194.0-255,2902,4671,43,269512
6505,3.5e-05,172.31.46.0-255,66,4737,43,269512
6506,4e-05,172.217.194.0-255,4320,9057,43,269512
6507,4.3e-05,172.31.46.0-255,66,9123,43,269512
6508,6.5e-05,172.217.194.0-255,2902,12025,43,269512
6509,6.7e-05,172.31.46.0-255,66,12091,43,269512
6510,7.2e-05,172.217.194.0-255,2043,14134,43,269512
6511,7.3e-05,172.31.46.0-255,66,14200,43,269512
6512,0.000149,172.217.194.0-255,1484,15684,43,269512
6513,0.000151,172.31.46.0-255,66,15750,43,269512
6514,0.000171,172.217.194.0-255,2902,18652,43,269512
6515,0.000173,172.31.46.0-255,66,18718,43,269512
6516,0.000177,172.217.194.0-255,2902,21620,43,269512
6517,0.000179,172.31.46.0-255,66,21686,43,269512
6518,0.000194,172.217.194.0-255,2902,24588,43,269512
6519,0.000197,172.31.46.0-255,66,24654,43,269512
6520,0.000226,172.217.194.0-255,2902,27556,43,269512
6521,0.000228,172.31.46.0-255,66,27622,43,269512
6522,0.000256,172.31.46.0-255,66,27688,43,269512
6523,0.000258,172.217.194.0-255,1484,29172,43,269512
6524,0.00026,172.31.46.0-255,66,29238,43,269512
6525,0.000286,172.31.46.0-255,66,29304,43,269512
6526,0.00031,172.31.46.0-255,66,29370,43,269512
6527,0.000333,172.217.194.0-255,5020,34390,43,269512
6528,0.000335,172.31.46.0-255,66,34456,43,269512
6529,0.000502,172.217.194.0-255,339,34795,43,269512
6530,0.000536,172.217.194.0-255,403,35198,43,269512
6531,0.000828,172.217.194.0-255,1484,36682,43,269512
6532,0.000832,172.31.46.0-255,66,36748,43,269512
6533,0.000836,172.217.194.0-255,1484,38232,43,269512
6534,0.00085,172.217.194.0-255,1484,39716,43,269512
6535,0.000871,172.217.194.0-255,2902,42618,43,269512
6536,0.000876,172.31.46.0-255,66,42684,43,269512
6537,0.000886,172.217.194.0-255,2902,45586,43,269512
6538,0.000912,172.217.194.0-255,4320,49906,43,269512
6539,0.000932,172.31.46.0-255,66,49972,43,269512
6540,0.000939,172.217.194.0-255,2184,52156,43,269512
6541,0.000944,172.31.46.0-255,66,52222,43,269512
6542,0.001198,172.217.194.0-255,1484,53706,43,269512
6543,0.001219,172.217.194.0-255,2902,56608,43,269512
6544,0.001222,172.31.46.0-255,66,56674,43,269512
6545,0.001228,172.217.194.0-255,5738,62412,43,269512
6546,0.001234,172.31.46.0-255,66,62478,43,269512
6547,0.001244,172.217.194.0-255,5738,68216,43,269512
6548,0.001248,172.31.46.0-255,66,68282,43,269512
6549,0.001266,172.217.194.0-255,7156,75438,43,269512
6550,0.00128,172.31.46.0-255,66,75504,43,269512
6551,0.001298,172.217.194.0-255,2184,77688,43,269512
6552,0.001306,172.31.46.0-255,66,77754,43,269512
6553,0.001686,172.217.194.0-255,1484,79238,43,269512
6554,0.001695,172.217.194.0-255,2902,82140,43,269512
6555,0.001698,172.31.46.0-255,66,82206,43,269512
6556,0.001706,172.217.194.0-255,5738,87944,43,269512
6557,0.001732,172.217.194.0-255,2902,90846,43,269512
6558,0.001949,172.217.194.0-255,1484,92330,43,269512
6559,0.001955,172.217.194.0-255,2902,95232,43,269512
6560,0.001967,172.217.194.0-255,4320,99552,43,269512
6561,0.001977,172.217.194.0-255,1484,101036,43,269512
6562,0.001989,172.217.194.0-255,4320,105356,43,269512
6563,0.002,172.217.194.0-255,4320,109676,43,269512
6564,0.002023,172.217.194.0-255,4320,113996,43,269512
6565,0.00203,172.217.194.0-255,7156,121152,43,269512
6566,0.002044,172.217.194.0-255,3602,124754,43,269512
6567,0.002062,172.217.194.0-255,2902,127656,43,269512
6568,0.002074,172.217.194.0-255,1484,129140,43,269512
6569,0.002086,172.217.194.0-255,2902,132042,43,269512
6570,0.002099,172.217.194.0-255,5738,137780,43,269512
6571,0.002109,172.217.194.0-255,2902,140682,43,269512
6572,0.002145,172.217.194.0-255,1484,142166,43,269512
6573,0.002151,172.217.194.0-255,5738,147904,43,269512
6574,0.002165,172.217.194.0-255,2184,150088,43,269512
6575,0.002178,172.217.194.0-255,5738,155826,43,269512
6576,0.002196,172.217.194.0-255,2902,158728,43,269512
6577,0.00225,172.217.194.0-255,1484,160212,43,269512
6578,0.002273,172.217.194.0-255,4320,164532,43,269512
6579,0.002278,172.217.194.0-255,4320,168852,43,269512
6580,0.002291,172.217.194.0-255,1484,170336,43,269512
6581,0.002296,172.217.194.0-255,4320,174656,43,269512
6582,0.002322,172.217.194.0-255,7156,181812,43,269512
6583,0.002327,172.217.194.0-255,4320,186132,43,269512
6584,0.002339,172.217.194.0-255,2902,189034,43,269512
6585,0.002353,172.217.194.0-255,5020,194054,43,269512
6586,0.002383,172.217.194.0-255,1484,195538,43,269512
6587,0.002435,172.217.194.0-255,2902,198440,43,269512
6588,0.002447,172.217.194.0-255,4320,202760,43,269512
6589,0.00246,172.217.194.0-255,5738,208498,43,269512
6590,0.002471,172.217.194.0-255,1484,209982,43,269512
6591,0.002482,172.217.194.0-255,1484,211466,43,269512
6592,0.0025,172.217.194.0-255,2184,213650,43,269512
6593,0.002505,172.217.194.0-255,5738,219388,43,269512
6594,0.002528,172.217.194.0-255,5738,225126,43,269512
6595,0.002531,172.217.194.0-255,1484,226610,43,269512
6596,0.002545,172.217.194.0-255,5738,232348,43,269512
6597,0.002559,172.217.194.0-255,7156,239504,43,269512
6598,0.00712,172.31.46.0-255,66,239570,43,269512
6599,0.009595,172.217.194.0-255,5738,245308,43,269512
6600,0.009602,172.31.46.0-255,66,245374,43,269512
6601,0.012038,172.217.194.0-255,1484,246858,43,269512
6602,0.012067,172.217.194.0-255,4320,251178,43,269512
6603,0.012072,172.31.46.0-255,66,251244,43,269512
6604,0.014555,172.217.194.0-255,5738,256982,43,269512
6605,0.01457,172.31.46.0-255,66,257048,43,269512
6606,0.017056,172.217.194.0-255,5738,262786,43,269512
6607,0.017065,172.31.46.0-255,66,262852,43,269512
6608,0.019532,172.217.194.0-255,5738,268590,43,269512
6609,0.019543,172.31.46.0-255,66,268656,43,269512
6610,0.021963,172.217.194.0-255,619,269275,43,269512
6611,0.022097,172.31.46.0-255,66,269341,43,269512
6612,0.022135,172.31.46.0-255,105,269446,43,269512
6613,0.024526,172.217.194.0-255,66,269512,43,269512
6614,0.0,74.125.24.0-255,146,146,43,216942
6615,2.1e-05,172.31.46.0-255,66,212,43,216942
6616,2.8e-05,74.125.24.0-255,1484,1696,43,216942
6617,3.3e-05,172.31.46.0-255,66,1762,43,216942
6618,3.8e-05,74.125.24.0-255,2902,4664,43,216942
6619,4.1e-05,172.31.46.0-255,66,4730,43,216942
6620,4.4e-05,74.125.24.0-255,1484,6214,43,216942
6621,4.6e-05,172.31.46.0-255,66,6280,43,216942
6622,8e-05,74.125.24.0-255,2902,9182,43,216942
6623,8.4e-05,172.31.46.0-255,66,9248,43,216942
6624,0.000108,74.125.24.0-255,6294,15542,43,216942
6625,0.000111,172.31.46.0-255,66,15608,43,216942
6626,0.000116,74.125.24.0-255,5738,21346,43,216942
6627,0.000118,172.31.46.0-255,66,21412,43,216942
6628,0.000141,74.125.24.0-255,5738,27150,43,216942
6629,0.000143,172.31.46.0-255,66,27216,43,216942
6630,0.000157,172.31.46.0-255,66,27282,43,216942
6631,0.00019,74.125.24.0-255,6438,33720,43,216942
6632,0.000192,172.31.46.0-255,66,33786,43,216942
6633,0.000206,172.31.46.0-255,66,33852,43,216942
6634,0.000339,74.125.24.0-255,380,34232,43,216942
6635,0.000344,172.31.46.0-255,66,34298,43,216942
6636,0.000657,74.125.24.0-255,1484,35782,43,216942
6637,0.000662,172.31.46.0-255,66,35848,43,216942
6638,0.000677,74.125.24.0-255,2902,38750,43,216942
6639,0.000679,172.31.46.0-255,66,38816,43,216942
6640,0.000686,74.125.24.0-255,5738,44554,43,216942
6641,0.000688,172.31.46.0-255,66,44620,43,216942
6642,0.000717,74.125.24.0-255,7156,51776,43,216942
6643,0.00072,172.31.46.0-255,66,51842,43,216942
6644,0.000742,74.125.24.0-255,5738,57580,43,216942
6645,0.000745,172.31.46.0-255,66,57646,43,216942
6646,0.000757,172.31.46.0-255,66,57712,43,216942
6647,0.000759,74.125.24.0-255,766,58478,43,216942
6648,0.000761,172.31.46.0-255,66,58544,43,216942
6649,0.001184,74.125.24.0-255,1484,60028,43,216942
6650,0.00119,74.125.24.0-255,1484,61512,43,216942
6651,0.001194,172.31.46.0-255,66,61578,43,216942
6652,0.001215,74.125.24.0-255,1484,63062,43,216942
6653,0.001221,74.125.24.0-255,5738,68800,43,216942
6654,0.001224,74.125.24.0-255,2902,71702,43,216942
6655,0.001252,172.31.46.0-255,66,71768,43,216942
6656,0.001273,74.125.24.0-255,1484,73252,43,216942
6657,0.001307,172.31.46.0-255,66,73318,43,216942
6658,0.001536,74.125.24.0-255,1484,74802,43,216942
6659,0.001551,74.125.24.0-255,2902,77704,43,216942
6660,0.001555,172.31.46.0-255,66,77770,43,216942
6661,0.001582,74.125.24.0-255,5738,83508,43,216942
6662,0.001586,74.125.24.0-255,2902,86410,43,216942
6663,0.001589,74.125.24.0-255,1484,87894,43,216942
6664,0.001623,172.31.46.0-255,66,87960,43,216942
6665,0.001641,74.125.24.0-255,2902,90862,43,216942
6666,0.00165,172.31.46.0-255,66,90928,43,216942
6667,0.001694,74.125.24.0-255,1484,92412,43,216942
6668,0.001702,172.31.46.0-255,66,92478,43,216942
6669,0.001732,172.31.46.0-255,66,92544,43,216942
6670,0.001746,74.125.24.0-255,1484,94028,43,216942
6671,0.001751,74.125.24.0-255,2902,96930,43,216942
6672,0.001759,172.31.46.0-255,66,96996,43,216942
6673,0.00178,74.125.24.0-255,4320,101316,43,216942
6674,0.001787,172.31.46.0-255,66,101382,43,216942
6675,0.001808,74.125.24.0-255,1484,102866,43,216942
6676,0.001815,74.125.24.0-255,7156,110022,43,216942
6677,0.001822,172.31.46.0-255,66,110088,43,216942
6678,0.001841,172.31.46.0-255,66,110154,43,216942
6679,0.001852,74.125.24.0-255,5738,115892,43,216942
6680,0.001856,74.125.24.0-255,2184,118076,43,216942
6681,0.001877,172.31.46.0-255,66,118142,43,216942
6682,0.001939,74.125.24.0-255,1484,119626,43,216942
6683,0.001944,74.125.24.0-255,2902,122528,43,216942
6684,0.001961,74.125.24.0-255,5738,128266,43,216942
6685,0.001976,74.125.24.0-255,1484,129750,43,216942
6686,0.001979,172.31.46.0-255,66,129816,43,216942
6687,0.00199,74.125.24.0-255,5738,135554,43,216942
6688,0.001997,172.31.46.0-255,66,135620,43,216942
6689,0.002021,74.125.24.0-255,5738,141358,43,216942
6690,0.002058,74.125.24.0-255,4320,145678,43,216942
6691,0.002414,74.125.24.0-255,1484,147162,43,216942
6692,0.00242,74.125.24.0-255,2902,150064,43,216942
6693,0.002422,74.125.24.0-255,1484,151548,43,216942
6694,0.002434,74.125.24.0-255,4320,155868,43,216942
6695,0.00246,74.125.24.0-255,2902,158770,43,216942
6696,0.002492,74.125.24.0-255,4320,163090,43,216942
6697,0.002503,74.125.24.0-255,1484,164574,43,216942
6698,0.006145,172.31.46.0-255,66,164640,43,216942
6699,0.008572,74.125.24.0-255,5738,170378,43,216942
6700,0.008578,172.31.46.0-255,66,170444,43,216942
6701,0.011015,74.125.24.0-255,5738,176182,43,216942
6702,0.011021,172.31.46.0-255,66,176248,43,216942
6703,0.013467,74.125.24.0-255,4320,180568,43,216942
6704,0.013491,74.125.24.0-255,1484,182052,43,216942
6705,0.01368,172.31.46.0-255,66,182118,43,216942
6706,0.016126,74.125.24.0-255,5738,187856,43,216942
6707,0.016138,172.31.46.0-255,66,187922,43,216942
6708,0.018581,74.125.24.0-255,5738,193660,43,216942
6709,0.018588,172.31.46.0-255,66,193726,43,216942
6710,0.021009,74.125.24.0-255,5738,199464,43,216942
6711,0.021015,172.31.46.0-255,66,199530,43,216942
6712,0.023449,74.125.24.0-255,5738,205268,43,216942
6713,0.023455,172.31.46.0-255,66,205334,43,216942
6714,0.02588,74.125.24.0-255,5738,211072,43,216942
6715,0.025888,172.31.46.0-255,66,211138,43,216942
6716,0.028307,74.125.24.0-255,5738,216876,43,216942
6717,0.028314,172.31.46.0-255,66,216942,43,216942
6718,0.0,74.125.68.0-255,146,146,43,263710
6719,1.8e-05,172.31.46.0-255,66,212,43,263710
6720,2.5e-05,74.125.68.0-255,1484,1696,43,263710
6721,3e-05,172.31.46.0-255,66,1762,43,263710
6722,4.2e-05,74.125.68.0-255,2902,4664,43,263710
6723,4.5e-05,172.31.46.0-255,66,4730,43,263710
6724,4.9e-05,74.125.68.0-255,1484,6214,43,263710
6725,5.2e-05,172.31.46.0-255,66,6280,43,263710
6726,8.8e-05,74.125.68.0-255,2902,9182,43,263710
6727,9.2e-05,172.31.46.0-255,66,9248,43,263710
6728,0.000122,74.125.68.0-255,4873,14121,43,263710
6729,0.000125,172.31.46.0-255,66,14187,43,263710
6730,0.000155,74.125.68.0-255,5738,19925,43,263710
6731,0.000158,172.31.46.0-255,66,19991,43,263710
6732,0.000176,74.125.68.0-255,2902,22893,43,263710
6733,0.000178,172.31.46.0-255,66,22959,43,263710
6734,0.000221,74.125.68.0-255,2902,25861,43,263710
6735,0.000223,172.31.46.0-255,66,25927,43,263710
6736,0.000252,74.125.68.0-255,5379,31306,43,263710
6737,0.000256,172.31.46.0-255,66,31372,43,263710
6738,0.000365,74.125.68.0-255,1484,32856,43,263710
6739,0.000369,172.31.46.0-255,66,32922,43,263710
6740,0.000375,74.125.68.0-255,2902,35824,43,263710
6741,0.000377,172.31.46.0-255,66,35890,43,263710
6742,0.000404,74.125.68.0-255,5738,41628,43,263710
6743,0.000406,172.31.46.0-255,66,41694,43,263710
6744,0.000435,74.125.68.0-255,6797,48491,43,263710
6745,0.000438,172.31.46.0-255,66,48557,43,263710
6746,0.000446,74.125.68.0-255,7156,55713,43,263710
6747,0.000448,172.31.46.0-255,66,55779,43,263710
6748,0.000478,74.125.68.0-255,7156,62935,43,263710
6749,0.00048,172.31.46.0-255,66,63001,43,263710
6750,0.000516,74.125.68.0-255,2823,65824,43,263710
6751,0.000518,172.31.46.0-255,66,65890,43,263710
6752,0.000536,74.125.68.0-255,130,66020,43,263710
6753,0.000616,74.125.68.0-255,1484,67504,43,263710
6754,0.000619,172.31.46.0-255,66,67570,43,263710
6755,0.000625,74.125.68.0-255,2902,70472,43,263710
6756,0.000628,172.31.46.0-255,66,70538,43,263710
6757,0.000645,74.125.68.0-255,2902,73440,43,263710
6758,0.000647,172.31.46.0-255,66,73506,43,263710
6759,0.000678,74.125.68.0-255,2902,76408,43,263710
6760,0.000681,172.31.46.0-255,66,76474,43,263710
6761,0.000687,74.125.68.0-255,5738,82212,43,263710
6762,0.00069,172.31.46.0-255,66,82278,43,263710
6763,0.000693,74.125.68.0-255,1484,83762,43,263710
6764,0.000725,74.125.68.0-255,5738,89500,43,263710
6765,0.000728,172.31.46.0-255,66,89566,43,263710
6766,0.000734,74.125.68.0-255,4320,93886,43,263710
6767,0.000736,172.31.46.0-255,66,93952,43,263710
6768,0.000745,74.125.68.0-255,2902,96854,43,263710
6769,0.000747,172.31.46.0-255,66,96920,43,263710
6770,0.000777,74.125.68.0-255,2902,99822,43,263710
6771,0.00078,172.31.46.0-255,66,99888,43,263710
6772,0.000784,74.125.68.0-255,766,100654,43,263710
6773,0.000854,74.125.68.0-255,1484,102138,43,263710
6774,0.000858,172.31.46.0-255,66,102204,43,263710
6775,0.000862,74.125.68.0-255,1484,103688,43,263710
6776,0.000885,74.125.68.0-255,2902,106590,43,263710
6777,0.000888,172.31.46.0-255,66,106656,43,263710
6778,0.000893,74.125.68.0-255,4320,110976,43,263710
6779,0.000895,172.31.46.0-255,66,111042,43,263710
6780,0.000918,74.125.68.0-255,1484,112526,43,263710
6781,0.000952,74.125.68.0-255,5738,118264,43,263710
6782,0.000954,172.31.46.0-255,66,118330,43,263710
6783,0.000977,74.125.68.0-255,2902,121232,43,263710
6784,0.000979,172.31.46.0-255,66,121298,43,263710
6785,0.000989,172.31.46.0-255,66,121364,43,263710
6786,0.000997,74.125.68.0-255,3602,124966,43,263710
6787,0.000999,172.31.46.0-255,66,125032,43,263710
6788,0.001021,74.125.68.0-255,1484,126516,43,263710
6789,0.001025,74.125.68.0-255,2902,129418,43,263710
6790,0.001027,172.31.46.0-255,66,129484,43,263710
6791,0.001052,74.125.68.0-255,5738,135222,43,263710
6792,0.001054,172.31.46.0-255,66,135288,43,263710
6793,0.001078,74.125.68.0-255,5738,141026,43,263710
6794,0.001081,172.31.46.0-255,66,141092,43,263710
6795,0.001104,74.125.68.0-255,1484,142576,43,263710
6796,0.00111,74.125.68.0-255,4320,146896,43,263710
6797,0.001112,172.31.46.0-255,66,146962,43,263710
6798,0.001139,74.125.68.0-255,4320,151282,43,263710
6799,0.001142,172.31.46.0-255,66,151348,43,263710
6800,0.001151,172.31.46.0-255,66,151414,43,263710
6801,0.001671,74.125.68.0-255,1484,152898,43,263710
6802,0.001692,74.125.68.0-255,2902,155800,43,263710
6803,0.001696,172.31.46.0-255,66,155866,43,263710
6804,0.001709,74.125.68.0-255,5738,161604,43,263710
6805,0.001715,172.31.46.0-255,66,161670,43,263710
6806,0.001739,74.125.68.0-255,5738,167408,43,263710
6807,0.001741,172.31.46.0-255,66,167474,43,263710
6808,0.001778,74.125.68.0-255,7156,174630,43,263710
6809,0.00178,172.31.46.0-255,66,174696,43,263710
6810,0.00179,172.31.46.0-255,66,174762,43,263710
6811,0.001817,74.125.68.0-255,1484,176246,43,263710
6812,0.00182,74.125.68.0-255,766,177012,43,263710
6813,0.001822,172.31.46.0-255,66,177078,43,263710
6814,0.002335,74.125.68.0-255,1484,178562,43,263710
6815,0.002355,74.125.68.0-255,2902,181464,43,263710
6816,0.002358,172.31.46.0-255,66,181530,43,263710
6817,0.002361,74.125.68.0-255,1484,183014,43,263710
6818,0.002387,74.125.68.0-255,4320,187334,43,263710
6819,0.002389,172.31.46.0-255,66,187400,43,263710
6820,0.002395,74.125.68.0-255,5738,193138,43,263710
6821,0.002397,172.31.46.0-255,66,193204,43,263710
6822,0.002423,74.125.68.0-255,4320,197524,43,263710
6823,0.002425,172.31.46.0-255,66,197590,43,263710
6824,0.002451,74.125.68.0-255,2902,200492,43,263710
6825,0.002453,172.31.46.0-255,66,200558,43,263710
6826,0.004816,74.125.68.0-255,2902,203460,43,263710
6827,0.004822,172.31.46.0-255,66,203526,43,263710
6828,0.004848,74.125.68.0-255,2902,206428,43,263710
6829,0.004849,172.31.46.0-255,66,206494,43,263710
6830,0.007225,74.125.68.0-255,2902,209396,43,263710
6831,0.007231,172.31.46.0-255,66,209462,43,263710
6832,0.007256,74.125.68.0-255,2902,212364,43,263710
6833,0.007258,172.31.46.0-255,66,212430,43,263710
6834,0.009639,74.125.68.0-255,2902,215332,43,263710
6835,0.009646,172.31.46.0-255,66,215398,43,263710
6836,0.009676,74.125.68.0-255,2902,218300,43,263710
6837,0.009679,172.31.46.0-255,66,218366,43,263710
6838,0.012047,74.125.68.0-255,2902,221268,43,263710
6839,0.012054,172.31.46.0-255,66,221334,43,263710
6840,0.01208,74.125.68.0-255,2902,224236,43,263710
6841,0.012082,172.31.46.0-255,66,224302,43,263710
6842,0.014467,74.125.68.0-255,2902,227204,43,263710
6843,0.014472,172.31.46.0-255,66,227270,43,263710
6844,0.0145,74.125.68.0-255,2902,230172,43,263710
6845,0.014502,172.31.46.0-255,66,230238,43,263710
6846,0.016882,74.125.68.0-255,4320,234558,43,263710
6847,0.016889,172.31.46.0-255,66,234624,43,263710
6848,0.016914,74.125.68.0-255,1484,236108,43,263710
6849,0.019299,74.125.68.0-255,4320,240428,43,263710
6850,0.019308,172.31.46.0-255,66,240494,43,263710
6851,0.021756,74.125.68.0-255,5738,246232,43,263710
6852,0.021785,172.31.46.0-255,66,246298,43,263710
6853,0.02419,74.125.68.0-255,5738,252036,43,263710
6854,0.024198,172.31.46.0-255,66,252102,43,263710
6855,0.02661,74.125.68.0-255,5738,257840,43,263710
6856,0.026618,172.31.46.0-255,66,257906,43,263710
6857,0.029017,74.125.68.0-255,5738,263644,43,263710
6858,0.029024,172.31.46.0-255,66,263710,43,263710
6859,0.0,74.125.24.0-255,156,156,43,279973
6860,2.4e-05,172.31.46.0-255,66,222,43,279973
6861,3.1e-05,74.125.24.0-255,1484,1706,43,279973
6862,3.6e-05,172.31.46.0-255,66,1772,43,279973
6863,4.2e-05,74.125.24.0-255,2902,4674,43,279973
6864,4.5e-05,172.31.46.0-255,66,4740,43,279973
6865,7.9e-05,74.125.24.0-255,7156,11896,43,279973
6866,8.2e-05,172.31.46.0-255,66,11962,43,279973
6867,9e-05,74.125.24.0-255,6382,18344,43,279973
6868,9.3e-05,172.31.46.0-255,66,18410,43,279973
6869,0.0001,74.125.24.0-255,7156,25566,43,279973
6870,0.000103,172.31.46.0-255,66,25632,43,279973
6871,0.000128,74.125.24.0-255,1484,27116,43,279973
6872,0.000131,172.31.46.0-255,66,27182,43,279973
6873,0.000151,74.125.24.0-255,3961,31143,43,279973
6874,0.000154,172.31.46.0-255,66,31209,43,279973
6875,0.00021,74.125.24.0-255,1484,32693,43,279973
6876,0.000213,172.31.46.0-255,66,32759,43,279973
6877,0.000225,74.125.24.0-255,2902,35661,43,279973
6878,0.000227,172.31.46.0-255,66,35727,43,279973
6879,0.00023,74.125.24.0-255,1484,37211,43,279973
6880,0.000233,172.31.46.0-255,66,37277,43,279973
6881,0.000248,74.125.24.0-255,1484,38761,43,279973
6882,0.00025,172.31.46.0-255,66,38827,43,279973
6883,0.000255,74.125.24.0-255,2902,41729,43,279973
6884,0.000257,172.31.46.0-255,66,41795,43,279973
6885,0.000278,74.125.24.0-255,4320,46115,43,279973
6886,0.000281,172.31.46.0-255,66,46181,43,279973
6887,0.000284,74.125.24.0-255,1484,47665,43,279973
6888,0.000286,172.31.46.0-255,66,47731,43,279973
6889,0.000303,74.125.24.0-255,6797,54528,43,279973
6890,0.000306,172.31.46.0-255,66,54594,43,279973
6891,0.000312,74.125.24.0-255,5738,60332,43,279973
6892,0.000315,172.31.46.0-255,66,60398,43,279973
6893,0.000334,74.125.24.0-255,2902,63300,43,279973
6894,0.000337,172.31.46.0-255,66,63366,43,279973
6895,0.000341,74.125.24.0-255,2871,66237,43,279973
6896,0.000344,172.31.46.0-255,66,66303,43,279973
6897,0.000401,74.125.24.0-255,114,66417,43,279973
6898,0.000413,74.125.24.0-255,332,66749,43,279973
6899,0.000584,74.125.24.0-255,1484,68233,43,279973
6900,0.00059,172.31.46.0-255,66,68299,43,279973
6901,0.000596,74.125.24.0-255,2902,71201,43,279973
6902,0.000599,172.31.46.0-255,66,71267,43,279973
6903,0.000605,74.125.24.0-255,5738,77005,43,279973
6904,0.000607,172.31.46.0-255,66,77071,43,279973
6905,0.00065,172.31.46.0-255,66,77137,43,279973
6906,0.000663,172.31.46.0-255,66,77203,43,279973
6907,0.001045,74.125.24.0-255,1484,78687,43,279973
6908,0.00106,74.125.24.0-255,2902,81589,43,279973
6909,0.001066,172.31.46.0-255,66,81655,43,279973
6910,0.001083,74.125.24.0-255,5738,87393,43,279973
6911,0.001086,172.31.46.0-255,66,87459,43,279973
6912,0.001111,74.125.24.0-255,7156,94615,43,279973
6913,0.001116,172.31.46.0-255,66,94681,43,279973
6914,0.001136,74.125.24.0-255,5738,100419,43,279973
6915,0.001138,172.31.46.0-255,66,100485,43,279973
6916,0.001164,74.125.24.0-255,7156,107641,43,279973
6917,0.001166,172.31.46.0-255,66,107707,43,279973
6918,0.001186,74.125.24.0-255,3602,111309,43,279973
6919,0.001188,172.31.46.0-255,66,111375,43,279973
6920,0.001209,74.125.24.0-255,2902,114277,43,279973
6921,0.001212,172.31.46.0-255,66,114343,43,279973
6922,0.001237,74.125.24.0-255,2902,117245,43,279973
6923,0.001239,172.31.46.0-255,66,117311,43,279973
6924,0.001246,74.125.24.0-255,7156,124467,43,279973
6925,0.001249,172.31.46.0-255,66,124533,43,279973
6926,0.001311,172.31.46.0-255,66,124599,43,279973
6927,0.001315,74.125.24.0-255,2902,127501,43,279973
6928,0.001318,172.31.46.0-255,66,127567,43,279973
6929,0.001336,74.125.24.0-255,3602,131169,43,279973
6930,0.001339,172.31.46.0-255,66,131235,43,279973
6931,0.001397,74.125.24.0-255,1484,132719,43,279973
6932,0.00141,74.125.24.0-255,2902,135621,43,279973
6933,0.001414,172.31.46.0-255,66,135687,43,279973
6934,0.001418,74.125.24.0-255,2902,138589,43,279973
6935,0.001421,172.31.46.0-255,66,138655,43,279973
6936,0.001435,74.125.24.0-255,2902,141557,43,279973
6937,0.001437,172.31.46.0-255,66,141623,43,279973
6938,0.001452,74.125.24.0-255,4320,145943,43,279973
6939,0.001455,172.31.46.0-255,66,146009,43,279973
6940,0.001487,172.31.46.0-255,66,146075,43,279973
6941,0.001561,74.125.24.0-255,5738,151813,43,279973
6942,0.001565,172.31.46.0-255,66,151879,43,279973
6943,0.001587,74.125.24.0-255,5020,156899,43,279973
6944,0.00159,172.31.46.0-255,66,156965,43,279973
6945,0.001698,74.125.24.0-255,1484,158449,43,279973
6946,0.001704,74.125.24.0-255,2902,161351,43,279973
6947,0.001708,172.31.46.0-255,66,161417,43,279973
6948,0.001712,74.125.24.0-255,1484,162901,43,279973
6949,0.001734,74.125.24.0-255,4320,167221,43,279973
6950,0.001738,172.31.46.0-255,66,167287,43,279973
6951,0.001752,172.31.46.0-255,66,167353,43,279973
6952,0.00178,172.31.46.0-255,66,167419,43,279973
6953,0.001889,74.125.24.0-255,1484,168903,43,279973
6954,0.001894,74.125.24.0-255,2902,171805,43,279973
6955,0.001897,172.31.46.0-255,66,171871,43,279973
6956,0.001904,74.125.24.0-255,4320,176191,43,279973
6957,0.001906,172.31.46.0-255,66,176257,43,279973
6958,0.001924,74.125.24.0-255,1484,177741,43,279973
6959,0.001936,74.125.24.0-255,5738,183479,43,279973
6960,0.001939,172.31.46.0-255,66,183545,43,279973
6961,0.001967,74.125.24.0-255,7156,190701,43,279973
6962,0.00197,172.31.46.0-255,66,190767,43,279973
6963,0.002002,172.31.46.0-255,66,190833,43,279973
6964,0.002004,74.125.24.0-255,766,191599,43,279973
6965,0.002102,74.125.24.0-255,1484,193083,43,279973
6966,0.002106,172.31.46.0-255,66,193149,43,279973
6967,0.00211,74.125.24.0-255,1484,194633,43,279973
6968,0.002126,74.125.24.0-255,1484,196117,43,279973
6969,0.002128,172.31.46.0-255,66,196183,43,279973
6970,0.002131,74.125.24.0-255,1484,197667,43,279973
6971,0.002143,74.125.24.0-255,1484,199151,43,279973
6972,0.002146,172.31.46.0-255,66,199217,43,279973
6973,0.002168,74.125.24.0-255,7156,206373,43,279973
6974,0.00217,172.31.46.0-255,66,206439,43,279973
6975,0.00219,74.125.24.0-255,5738,212177,43,279973
6976,0.002193,172.31.46.0-255,66,212243,43,279973
6977,0.002216,172.31.46.0-255,66,212309,43,279973
6978,0.002231,74.125.24.0-255,3602,215911,43,279973
6979,0.002254,172.31.46.0-255,66,215977,43,279973
6980,0.002297,74.125.24.0-255,1484,217461,43,279973
6981,0.002302,74.125.24.0-255,1484,218945,43,279973
6982,0.002304,172.31.46.0-255,66,219011,43,279973
6983,0.002323,74.125.24.0-255,1484,220495,43,279973
6984,0.00233,74.125.24.0-255,5738,226233,43,279973
6985,0.002332,172.31.46.0-255,66,226299,43,279973
6986,0.002338,74.125.24.0-255,4320,230619,43,279973
6987,0.00234,172.31.46.0-255,66,230685,43,279973
6988,0.002357,74.125.24.0-255,2902,233587,43,279973
6989,0.002359,172.31.46.0-255,66,233653,43,279973
6990,0.002384,74.125.24.0-255,7156,240809,43,279973
6991,0.002386,172.31.46.0-255,66,240875,43,279973
6992,0.002408,74.125.24.0-255,7156,248031,43,279973
6993,0.002411,172.31.46.0-255,66,248097,43,279973
6994,0.002415,74.125.24.0-255,2184,250281,43,279973
6995,0.002417,172.31.46.0-255,66,250347,43,279973
6996,0.002474,74.125.24.0-255,1484,251831,43,279973
6997,0.002477,74.125.24.0-255,1484,253315,43,279973
6998,0.00248,172.31.46.0-255,66,253381,43,279973
6999,0.002493,74.125.24.0-255,1484,254865,43,279973
7000,0.002516,74.125.24.0-255,5738,260603,43,279973
7001,0.002519,172.31.46.0-255,66,260669,43,279973
7002,0.00254,74.125.24.0-255,7156,267825,43,279973
7003,0.002543,172.31.46.0-255,66,267891,43,279973
7004,0.002561,74.125.24.0-255,5738,273629,43,279973
7005,0.002564,172.31.46.0-255,66,273695,43,279973
7006,0.002577,172.31.46.0-255,66,273761,43,279973
7007,0.002598,74.125.24.0-255,5738,279499,43,279973
7008,0.002601,172.31.46.0-255,66,279565,43,279973
7009,0.002642,172.31.46.0-255,66,279631,43,279973
7010,0.002645,74.125.24.0-255,105,279736,43,279973
7011,0.008421,172.31.46.0-255,66,279802,43,279973
7012,0.008462,172.31.46.0-255,105,279907,43,279973
7013,0.010397,74.125.24.0-255,66,279973,43,279973
7014,0.0,74.125.200.0-255,146,146,43,219336
7015,1.5e-05,172.31.46.0-255,66,212,43,219336
7016,2.1e-05,74.125.200.0-255,1484,1696,43,219336
7017,2.4e-05,172.31.46.0-255,66,1762,43,219336
7018,4.5e-05,74.125.200.0-255,1484,3246,43,219336
7019,4.8e-05,172.31.46.0-255,66,3312,43,219336
7020,6.5e-05,74.125.200.0-255,1484,4796,43,219336
7021,6.7e-05,172.31.46.0-255,66,4862,43,219336
7022,9.5e-05,74.125.200.0-255,1484,6346,43,219336
7023,9.6e-05,172.31.46.0-255,66,6412,43,219336
7024,0.000103,74.125.200.0-255,5738,12150,43,219336
7025,0.000105,172.31.46.0-255,66,12216,43,219336
7026,0.000111,74.125.200.0-255,1484,13700,43,219336
7027,0.000113,172.31.46.0-255,66,13766,43,219336
7028,0.000117,74.125.200.0-255,2006,15772,43,219336
7029,0.000119,172.31.46.0-255,66,15838,43,219336
7030,0.000157,74.125.200.0-255,1484,17322,43,219336
7031,0.000159,172.31.46.0-255,66,17388,43,219336
7032,0.000187,74.125.200.0-255,2902,20290,43,219336
7033,0.000189,172.31.46.0-255,66,20356,43,219336
7034,0.000195,74.125.200.0-255,5738,26094,43,219336
7035,0.000196,172.31.46.0-255,66,26160,43,219336
7036,0.000241,74.125.200.0-255,5379,31539,43,219336
7037,0.000244,172.31.46.0-255,66,31605,43,219336
7038,0.000288,74.125.200.0-255,2902,34507,43,219336
7039,0.00029,172.31.46.0-255,66,34573,43,219336
7040,0.000313,74.125.200.0-255,4320,38893,43,219336
7041,0.000315,172.31.46.0-255,66,38959,43,219336
7042,0.000374,74.125.200.0-255,4320,43279,43,219336
7043,0.000377,172.31.46.0-255,66,43345,43,219336
7044,0.000393,74.125.200.0-255,2902,46247,43,219336
7045,0.000395,172.31.46.0-255,66,46313,43,219336
7046,0.000397,74.125.200.0-255,1484,47797,43,219336
7047,0.000422,74.125.200.0-255,1125,48922,43,219336
7048,0.000425,172.31.46.0-255,66,48988,43,219336
7049,0.000624,74.125.200.0-255,1484,50472,43,219336
7050,0.000637,74.125.200.0-255,2902,53374,43,219336
7051,0.00064,172.31.46.0-255,66,53440,43,219336
7052,0.000674,74.125.200.0-255,2902,56342,43,219336
7053,0.000677,172.31.46.0-255,66,56408,43,219336
7054,0.000698,74.125.200.0-255,1484,57892,43,219336
7055,0.000707,172.31.46.0-255,66,57958,43,219336
7056,0.000815,74.125.200.0-255,1484,59442,43,219336
7057,0.000832,74.125.200.0-255,2902,62344,43,219336
7058,0.000835,172.31.46.0-255,66,62410,43,219336
7059,0.000861,74.125.200.0-255,4320,66730,43,219336
7060,0.000863,172.31.46.0-255,66,66796,43,219336
7061,0.000896,74.125.200.0-255,1484,68280,43,219336
7062,0.000915,74.125.200.0-255,4320,72600,43,219336
7063,0.000918,172.31.46.0-255,66,72666,43,219336
7064,0.000922,74.125.200.0-255,2543,75209,43,219336
7065,0.000923,172.31.46.0-255,66,75275,43,219336
7066,0.000978,74.125.200.0-255,1484,76759,43,219336
7067,0.001005,74.125.200.0-255,2902,79661,43,219336
7068,0.001008,172.31.46.0-255,66,79727,43,219336
7069,0.001011,74.125.200.0-255,1484,81211,43,219336
7070,0.001028,74.125.200.0-255,1484,82695,43,219336
7071,0.00103,172.31.46.0-255,66,82761,43,219336
7072,0.001051,74.125.200.0-255,1484,84245,43,219336
7073,0.001056,74.125.200.0-255,4320,88565,43,219336
7074,0.001064,172.31.46.0-255,66,88631,43,219336
7075,0.001067,74.125.200.0-255,1484,90115,43,219336
7076,0.00109,74.125.200.0-255,3122,93237,43,219336
7077,0.001092,172.31.46.0-255,66,93303,43,219336
7078,0.001762,74.125.200.0-255,1484,94787,43,219336
7079,0.001771,74.125.200.0-255,2902,97689,43,219336
7080,0.001775,172.31.46.0-255,66,97755,43,219336
7081,0.001782,74.125.200.0-255,5738,103493,43,219336
7082,0.001784,172.31.46.0-255,66,103559,43,219336
7083,0.001786,74.125.200.0-255,1484,105043,43,219336
7084,0.001814,74.125.200.0-255,1484,106527,43,219336
7085,0.001816,172.31.46.0-255,66,106593,43,219336
7086,0.001821,74.125.200.0-255,4320,110913,43,219336
7087,0.001822,172.31.46.0-255,66,110979,43,219336
7088,0.001826,74.125.200.0-255,2902,113881,43,219336
7089,0.001828,172.31.46.0-255,66,113947,43,219336
7090,0.001866,74.125.200.0-255,5738,119685,43,219336
7091,0.001869,172.31.46.0-255,66,119751,43,219336
7092,0.001872,74.125.200.0-255,1484,121235,43,219336
7093,0.001888,74.125.200.0-255,1484,122719,43,219336
7094,0.00189,172.31.46.0-255,66,122785,43,219336
7095,0.001915,74.125.200.0-255,5020,127805,43,219336
7096,0.001917,172.31.46.0-255,66,127871,43,219336
7097,0.00221,74.125.200.0-255,1484,129355,43,219336
7098,0.002228,74.125.200.0-255,2902,132257,43,219336
7099,0.002231,172.31.46.0-255,66,132323,43,219336
7100,0.002248,74.125.200.0-255,2902,135225,43,219336
7101,0.002249,172.31.46.0-255,66,135291,43,219336
7102,0.002271,74.125.200.0-255,1484,136775,43,219336
7103,0.002277,74.125.200.0-255,5738,142513,43,219336
7104,0.002278,172.31.46.0-255,66,142579,43,219336
7105,0.002307,74.125.200.0-255,7156,149735,43,219336
7106,0.002309,172.31.46.0-255,66,149801,43,219336
7107,0.002337,172.31.46.0-255,66,149867,43,219336
7108,0.002368,74.125.200.0-255,1484,151351,43,219336
7109,0.002384,74.125.200.0-255,1484,152835,43,219336
7110,0.002386,172.31.46.0-255,66,152901,43,219336
7111,0.002389,74.125.200.0-255,766,153667,43,219336
7112,0.004746,74.125.200.0-255,1484,155151,43,219336
7113,0.004749,172.31.46.0-255,66,155217,43,219336
7114,0.004798,74.125.200.0-255,2902,158119,43,219336
7115,0.0048,172.31.46.0-255,66,158185,43,219336
7116,0.007164,74.125.200.0-255,2902,161087,43,219336
7117,0.00717,172.31.46.0-255,66,161153,43,219336
7118,0.007206,74.125.200.0-255,2902,164055,43,219336
7119,0.007208,172.31.46.0-255,66,164121,43,219336
7120,0.009597,74.125.200.0-255,2902,167023,43,219336
7121,0.009604,172.31.46.0-255,66,167089,43,219336
7122,0.009634,74.125.200.0-255,2902,169991,43,219336
7123,0.009637,172.31.46.0-255,66,170057,43,219336
7124,0.01202,74.125.200.0-255,2902,172959,43,219336
7125,0.012027,172.31.46.0-255,66,173025,43,219336
7126,0.012053,74.125.200.0-255,2902,175927,43,219336
7127,0.012056,172.31.46.0-255,66,175993,43,219336
7128,0.014476,74.125.200.0-255,5738,181731,43,219336
7129,0.014485,172.31.46.0-255,66,181797,43,219336
7130,0.016906,74.125.200.0-255,5738,187535,43,219336
7131,0.016915,172.31.46.0-255,66,187601,43,219336
7132,0.019331,74.125.200.0-255,2902,190503,43,219336
7133,0.019338,172.31.46.0-255,66,190569,43,219336
7134,0.019363,74.125.200.0-255,2902,193471,43,219336
7135,0.019365,172.31.46.0-255,66,193537,43,219336
7136,0.021748,74.125.200.0-255,2902,196439,43,219336
7137,0.021755,172.31.46.0-255,66,196505,43,219336
7138,0.021783,74.125.200.0-255,2902,199407,43,219336
7139,0.021785,172.31.46.0-255,66,199473,43,219336
7140,0.024175,74.125.200.0-255,2902,202375,43,219336
7141,0.024183,172.31.46.0-255,66,202441,43,219336
7142,0.024217,74.125.200.0-255,2902,205343,43,219336
7143,0.024219,172.31.46.0-255,66,205409,43,219336
7144,0.026595,74.125.200.0-255,2902,208311,43,219336
7145,0.026601,172.31.46.0-255,66,208377,43,219336
7146,0.026631,74.125.200.0-255,2902,211279,43,219336
7147,0.026634,172.31.46.0-255,66,211345,43,219336
7148,0.027144,172.31.46.0-255,172,211517,43,219336
7149,0.027178,172.31.46.0-255,1107,212624,43,219336
7150,0.027219,172.31.46.0-255,578,213202,43,219336
7151,0.028813,104.244.42.0-255,66,213268,43,219336
7152,0.028906,104.244.42.0-255,66,213334,43,219336
7153,0.028943,104.244.42.0-255,66,213400,43,219336
7154,0.029025,74.125.200.0-255,2902,216302,43,219336
7155,0.029032,172.31.46.0-255,66,216368,43,219336
7156,0.029064,74.125.200.0-255,2902,219270,43,219336
7157,0.029067,172.31.46.0-255,66,219336,43,219336
7158,0.0,172.217.194.0-255,153,153,43,159618
7159,2.3e-05,172.31.46.0-255,66,219,43,159618
7160,2.9e-05,172.217.194.0-255,1484,1703,43,159618
7161,3.4e-05,172.31.46.0-255,66,1769,43,159618
7162,3.9e-05,172.217.194.0-255,2902,4671,43,159618
7163,4.2e-05,172.31.46.0-255,66,4737,43,159618
7164,5.4e-05,172.217.194.0-255,2902,7639,43,159618
7165,5.7e-05,172.31.46.0-255,66,7705,43,159618
7166,8.9e-05,172.217.194.0-255,4320,12025,43,159618
7167,9.3e-05,172.31.46.0-255,66,12091,43,159618
7168,0.000119,172.217.194.0-255,2004,14095,43,159618
7169,0.000123,172.31.46.0-255,66,14161,43,159618
7170,0.00016,172.217.194.0-255,1484,15645,43,159618
7171,0.000162,172.31.46.0-255,66,15711,43,159618
7172,0.000167,172.217.194.0-255,2902,18613,43,159618
7173,0.000169,172.31.46.0-255,66,18679,43,159618
7174,0.000189,172.217.194.0-255,4320,22999,43,159618
7175,0.000191,172.31.46.0-255,66,23065,43,159618
7176,0.000213,172.217.194.0-255,1484,24549,43,159618
7177,0.000215,172.31.46.0-255,66,24615,43,159618
7178,0.00025,172.217.194.0-255,4320,28935,43,159618
7179,0.000253,172.31.46.0-255,66,29001,43,159618
7180,0.000276,172.217.194.0-255,2543,31544,43,159618
7181,0.000279,172.31.46.0-255,66,31610,43,159618
7182,0.000322,172.217.194.0-255,2902,34512,43,159618
7183,0.000325,172.31.46.0-255,66,34578,43,159618
7184,0.000363,172.31.46.0-255,66,34644,43,159618
7185,0.00047,172.217.194.0-255,2543,37187,43,159618
7186,0.000474,172.31.46.0-255,66,37253,43,159618
7187,0.0005,172.217.194.0-255,2902,40155,43,159618
7188,0.000502,172.31.46.0-255,66,40221,43,159618
7189,0.00053,172.217.194.0-255,2902,43123,43,159618
7190,0.000536,172.31.46.0-255,66,43189,43,159618
7191,0.000564,172.217.194.0-255,4320,47509,43,159618
7192,0.000583,172.31.46.0-255,66,47575,43,159618
7193,0.000625,172.31.46.0-255,66,47641,43,159618
7194,0.000664,172.217.194.0-255,1484,49125,43,159618
7195,0.000677,172.217.194.0-255,4320,53445,43,159618
7196,0.0007,172.31.46.0-255,66,53511,43,159618
7197,0.000854,172.217.194.0-255,4320,57831,43,159618
7198,0.000881,172.31.46.0-255,66,57897,43,159618
7199,0.000902,172.217.194.0-255,2543,60440,43,159618
7200,0.000913,172.31.46.0-255,66,60506,43,159618
7201,0.001173,172.217.194.0-255,1484,61990,43,159618
7202,0.001204,172.217.194.0-255,1484,63474,43,159618
7203,0.001207,172.31.46.0-255,66,63540,43,159618
7204,0.001234,172.217.194.0-255,1484,65024,43,159618
7205,0.00124,172.217.194.0-255,5738,70762,43,159618
7206,0.00125,172.31.46.0-255,66,70828,43,159618
7207,0.001267,172.217.194.0-255,2902,73730,43,159618
7208,0.001278,172.31.46.0-255,66,73796,43,159618
7209,0.001308,172.31.46.0-255,66,73862,43,159618
7210,0.001399,172.217.194.0-255,4320,78182,43,159618
7211,0.001402,172.31.46.0-255,66,78248,43,159618
7212,0.001422,172.217.194.0-255,6438,84686,43,159618
7213,0.001453,172.31.46.0-255,66,84752,43,159618
7214,0.002018,172.217.194.0-255,1484,86236,43,159618
7215,0.002027,172.217.194.0-255,2902,89138,43,159618
7216,0.002031,172.31.46.0-255,66,89204,43,159618
7217,0.002037,172.217.194.0-255,5738,94942,43,159618
7218,0.002094,172.217.194.0-255,2902,97844,43,159618
7219,0.002223,172.217.194.0-255,4320,102164,43,159618
7220,0.002237,172.217.194.0-255,4320,106484,43,159618
7221,0.002307,172.217.194.0-255,2184,108668,43,159618
7222,0.006974,172.31.46.0-255,66,108734,43,159618
7223,0.009391,172.217.194.0-255,5738,114472,43,159618
7224,0.0094,172.31.46.0-255,66,114538,43,159618
7225,0.011797,172.217.194.0-255,5738,120276,43,159618
7226,0.012659,172.31.46.0-255,66,120342,43,159618
7227,0.015053,172.217.194.0-255,5738,126080,43,159618
7228,0.015068,172.31.46.0-255,66,126146,43,159618
7229,0.017491,172.217.194.0-255,4320,130466,43,159618
7230,0.017498,172.31.46.0-255,66,130532,43,159618
7231,0.017526,172.217.194.0-255,1484,132016,43,159618
7232,0.019904,172.217.194.0-255,4320,136336,43,159618
7233,0.019911,172.31.46.0-255,66,136402,43,159618
7234,0.022343,172.217.194.0-255,5738,142140,43,159618
7235,0.022383,172.31.46.0-255,66,142206,43,159618
7236,0.024789,172.217.194.0-255,5738,147944,43,159618
7237,0.024797,172.31.46.0-255,66,148010,43,159618
7238,0.0272,172.217.194.0-255,5738,153748,43,159618
7239,0.027209,172.31.46.0-255,66,153814,43,159618
7240,0.029676,172.217.194.0-255,5738,159552,43,159618
7241,0.029686,172.31.46.0-255,66,159618,43,159618
7242,0.0,74.125.68.0-255,152,152,43,209214
7243,2.4e-05,172.31.46.0-255,66,218,43,209214
7244,3.1e-05,74.125.68.0-255,1484,1702,43,209214
7245,3.6e-05,172.31.46.0-255,66,1768,43,209214
7246,4.2e-05,74.125.68.0-255,2902,4670,43,209214
7247,4.5e-05,172.31.46.0-255,66,4736,43,209214
7248,5.2e-05,74.125.68.0-255,5738,10474,43,209214
7249,5.5e-05,172.31.46.0-255,66,10540,43,209214
7250,8.5e-05,74.125.68.0-255,3519,14059,43,209214
7251,8.7e-05,172.31.46.0-255,66,14125,43,209214
7252,0.000101,74.125.68.0-255,1484,15609,43,209214
7253,0.000104,172.31.46.0-255,66,15675,43,209214
7254,0.000122,74.125.68.0-255,2902,18577,43,209214
7255,0.000124,172.31.46.0-255,66,18643,43,209214
7256,0.000131,74.125.68.0-255,5738,24381,43,209214
7257,0.000133,172.31.46.0-255,66,24447,43,209214
7258,0.000153,74.125.68.0-255,4320,28767,43,209214
7259,0.000156,172.31.46.0-255,66,28833,43,209214
7260,0.000187,74.125.68.0-255,2543,31376,43,209214
7261,0.00019,172.31.46.0-255,66,31442,43,209214
7262,0.000221,74.125.68.0-255,1484,32926,43,209214
7263,0.000223,172.31.46.0-255,66,32992,43,209214
7264,0.00023,74.125.68.0-255,2902,35894,43,209214
7265,0.000232,172.31.46.0-255,66,35960,43,209214
7266,0.000254,74.125.68.0-255,2902,38862,43,209214
7267,0.000256,172.31.46.0-255,66,38928,43,209214
7268,0.000276,74.125.68.0-255,2902,41830,43,209214
7269,0.000278,172.31.46.0-255,66,41896,43,209214
7270,0.000284,74.125.68.0-255,4320,46216,43,209214
7271,0.000286,172.31.46.0-255,66,46282,43,209214
7272,0.0003,74.125.68.0-255,2902,49184,43,209214
7273,0.000303,172.31.46.0-255,66,49250,43,209214
7274,0.000317,74.125.68.0-255,2543,51793,43,209214
7275,0.000344,74.125.68.0-255,2902,54695,43,209214
7276,0.000369,74.125.68.0-255,7156,61851,43,209214
7277,0.000411,74.125.68.0-255,4232,66083,43,209214
7278,0.000451,74.125.68.0-255,4389,70472,43,209214
7279,0.000466,74.125.68.0-255,4320,74792,43,209214
7280,0.000499,74.125.68.0-255,2902,77694,43,209214
7281,0.000509,74.125.68.0-255,2902,80596,43,209214
7282,0.000547,74.125.68.0-255,5738,86334,43,209214
7283,0.000563,74.125.68.0-255,5738,92072,43,209214
7284,0.000676,74.125.68.0-255,5738,97810,43,209214
7285,0.000688,172.31.46.0-255,66,97876,43,209214
7286,0.000693,74.125.68.0-255,2902,100778,43,209214
7287,0.000698,172.31.46.0-255,66,100844,43,209214
7288,0.000731,74.125.68.0-255,5738,106582,43,209214
7289,0.000749,74.125.68.0-255,2543,109125,43,209214
7290,0.000756,172.31.46.0-255,66,109191,43,209214
7291,0.000791,74.125.68.0-255,5738,114929,43,209214
7292,0.000802,74.125.68.0-255,2902,117831,43,209214
7293,0.000815,172.31.46.0-255,66,117897,43,209214
7294,0.000852,74.125.68.0-255,5738,123635,43,209214
7295,0.000866,172.31.46.0-255,66,123701,43,209214
7296,0.000885,74.125.68.0-255,2902,126603,43,209214
7297,0.000896,172.31.46.0-255,66,126669,43,209214
7298,0.00093,172.31.46.0-255,66,126735,43,209214
7299,0.000994,74.125.68.0-255,3602,130337,43,209214
7300,0.001009,74.125.68.0-255,1484,131821,43,209214
7301,0.001018,172.31.46.0-255,66,131887,43,209214
7302,0.001029,74.125.68.0-255,2902,134789,43,209214
7303,0.001042,74.125.68.0-255,4320,139109,43,209214
7304,0.001055,74.125.68.0-255,4320,143429,43,209214
7305,0.001064,172.31.46.0-255,66,143495,43,209214
7306,0.001072,74.125.68.0-255,1484,144979,43,209214
7307,0.001114,74.125.68.0-255,2902,147881,43,209214
7308,0.001137,74.125.68.0-255,4320,152201,43,209214
7309,0.001146,172.31.46.0-255,66,152267,43,209214
7310,0.001166,172.31.46.0-255,66,152333,43,209214
7311,0.001357,172.31.46.0-255,66,152399,43,209214
7312,0.001393,74.125.68.0-255,2902,155301,43,209214
7313,0.001424,172.31.46.0-255,66,155367,43,209214
7314,0.001429,172.31.46.0-255,66,155433,43,209214
7315,0.001485,74.125.68.0-255,7156,162589,43,209214
7316,0.001497,172.31.46.0-255,66,162655,43,209214
7317,0.001539,172.31.46.0-255,66,162721,43,209214
7318,0.001629,74.125.68.0-255,2902,165623,43,209214
7319,0.001641,172.31.46.0-255,66,165689,43,209214
7320,0.001674,172.31.46.0-255,66,165755,43,209214
7321,0.001721,74.125.68.0-255,4320,170075,43,209214
7322,0.001734,172.31.46.0-255,66,170141,43,209214
7323,0.001782,74.125.68.0-255,5020,175161,43,209214
7324,0.001792,172.31.46.0-255,66,175227,43,209214
7325,0.001959,74.125.68.0-255,7156,182383,43,209214
7326,0.002007,172.31.46.0-255,66,182449,43,209214
7327,0.002029,172.31.46.0-255,66,182515,43,209214
7328,0.002282,172.31.46.0-255,101,182616,43,209214
7329,0.002321,74.125.68.0-255,4320,186936,43,209214
7330,0.002325,172.31.46.0-255,66,187002,43,209214
7331,0.00233,172.31.46.0-255,66,187068,43,209214
7332,0.002399,74.125.68.0-255,7156,194224,43,209214
7333,0.002414,74.125.68.0-255,3602,197826,43,209214
7334,0.002421,172.31.46.0-255,66,197892,43,209214
7335,0.002471,74.125.68.0-255,4320,202212,43,209214
7336,0.002479,172.31.46.0-255,66,202278,43,209214
7337,0.00257,172.31.46.0-255,66,202344,43,209214
7338,0.002579,74.125.68.0-255,6567,208911,43,209214
7339,0.002593,172.31.46.0-255,66,208977,43,209214
7340,0.004569,74.125.68.0-255,66,209043,43,209214
7341,0.004925,172.31.46.0-255,105,209148,43,209214
7342,0.007207,74.125.68.0-255,66,209214,43,209214
7343,0.0,172.217.194.0-255,153,153,43,241307
7344,1.4e-05,172.31.46.0-255,66,219,43,241307
7345,2.1e-05,172.217.194.0-255,1484,1703,43,241307
7346,2.6e-05,172.31.46.0-255,66,1769,43,241307
7347,3.2e-05,172.217.194.0-255,2902,4671,43,241307
7348,4.2e-05,172.31.46.0-255,66,4737,43,241307
7349,4.6e-05,172.217.194.0-255,1484,6221,43,241307
7350,4.9e-05,172.31.46.0-255,66,6287,43,241307
7351,8.7e-05,172.217.194.0-255,5738,12025,43,241307
7352,9e-05,172.31.46.0-255,66,12091,43,241307
7353,9.5e-05,172.217.194.0-255,2029,14120,43,241307
7354,9.7e-05,172.31.46.0-255,66,14186,43,241307
7355,0.000267,172.217.194.0-255,1484,15670,43,241307
7356,0.000274,172.31.46.0-255,66,15736,43,241307
7357,0.00028,172.217.194.0-255,2902,18638,43,241307
7358,0.000283,172.31.46.0-255,66,18704,43,241307
7359,0.000287,172.217.194.0-255,2902,21606,43,241307
7360,0.000289,172.31.46.0-255,66,21672,43,241307
7361,0.000319,172.217.194.0-255,2902,24574,43,241307
7362,0.000327,172.31.46.0-255,66,24640,43,241307
7363,0.000331,172.217.194.0-255,2902,27542,43,241307
7364,0.000334,172.31.46.0-255,66,27608,43,241307
7365,0.000379,172.31.46.0-255,66,27674,43,241307
7366,0.000402,172.31.46.0-255,66,27740,43,241307
7367,0.000413,172.31.46.0-255,66,27806,43,241307
7368,0.000478,172.217.194.0-255,363,28169,43,241307
7369,0.000481,172.31.46.0-255,66,28235,43,241307
7370,0.000578,172.217.194.0-255,1484,29719,43,241307
7371,0.000582,172.31.46.0-255,66,29785,43,241307
7372,0.000588,172.217.194.0-255,2902,32687,43,241307
7373,0.000591,172.31.46.0-255,66,32753,43,241307
7374,0.000615,172.217.194.0-255,5738,38491,43,241307
7375,0.000622,172.31.46.0-255,66,38557,43,241307
7376,0.000648,172.217.194.0-255,6248,44805,43,241307
7377,0.000651,172.31.46.0-255,66,44871,43,241307
7378,0.000921,172.217.194.0-255,1484,46355,43,241307
7379,0.000928,172.217.194.0-255,2902,49257,43,241307
7380,0.000931,172.31.46.0-255,66,49323,43,241307
7381,0.000959,172.217.194.0-255,2902,52225,43,241307
7382,0.000962,172.31.46.0-255,66,52291,43,241307
7383,0.000968,172.217.194.0-255,4320,56611,43,241307
7384,0.00097,172.31.46.0-255,66,56677,43,241307
7385,0.000973,172.217.194.0-255,1484,58161,43,241307
7386,0.001003,172.217.194.0-255,7156,65317,43,241307
7387,0.001005,172.31.46.0-255,66,65383,43,241307
7388,0.001046,172.217.194.0-255,7156,72539,43,241307
7389,0.001049,172.31.46.0-255,66,72605,43,241307
7390,0.001079,172.217.194.0-255,6438,79043,43,241307
7391,0.001082,172.31.46.0-255,66,79109,43,241307
7392,0.001143,172.217.194.0-255,1484,80593,43,241307
7393,0.001159,172.217.194.0-255,2902,83495,43,241307
7394,0.001161,172.31.46.0-255,66,83561,43,241307
7395,0.001168,172.217.194.0-255,5738,89299,43,241307
7396,0.001171,172.31.46.0-255,66,89365,43,241307
7397,0.001219,172.31.46.0-255,66,89431,43,241307
7398,0.001236,172.31.46.0-255,66,89497,43,241307
7399,0.001451,172.217.194.0-255,1484,90981,43,241307
7400,0.001458,172.217.194.0-255,2902,93883,43,241307
7401,0.001462,172.31.46.0-255,66,93949,43,241307
7402,0.001496,172.217.194.0-255,5738,99687,43,241307
7403,0.001499,172.31.46.0-255,66,99753,43,241307
7404,0.001504,172.217.194.0-255,2902,102655,43,241307
7405,0.001506,172.31.46.0-255,66,102721,43,241307
7406,0.00154,172.31.46.0-255,66,102787,43,241307
7407,0.001558,172.31.46.0-255,66,102853,43,241307
7408,0.001581,172.217.194.0-255,1484,104337,43,241307
7409,0.001595,172.217.194.0-255,2902,107239,43,241307
7410,0.001597,172.31.46.0-255,66,107305,43,241307
7411,0.001601,172.217.194.0-255,1484,108789,43,241307
7412,0.001633,172.217.194.0-255,4320,113109,43,241307
7413,0.001636,172.31.46.0-255,66,113175,43,241307
7414,0.001644,172.217.194.0-255,7156,120331,43,241307
7415,0.001646,172.31.46.0-255,66,120397,43,241307
7416,0.001665,172.31.46.0-255,66,120463,43,241307
7417,0.001669,172.217.194.0-255,2184,122647,43,241307
7418,0.001672,172.31.46.0-255,66,122713,43,241307
7419,0.00178,172.217.194.0-255,1484,124197,43,241307
7420,0.0018,172.217.194.0-255,2902,127099,43,241307
7421,0.001804,172.31.46.0-255,66,127165,43,241307
7422,0.001812,172.217.194.0-255,5738,132903,43,241307
7423,0.001814,172.31.46.0-255,66,132969,43,241307
7424,0.001837,172.217.194.0-255,5738,138707,43,241307
7425,0.001839,172.31.46.0-255,66,138773,43,241307
7426,0.001874,172.31.46.0-255,66,138839,43,241307
7427,0.00188,172.217.194.0-255,5020,143859,43,241307
7428,0.001882,172.31.46.0-255,66,143925,43,241307
7429,0.002023,172.217.194.0-255,1484,145409,43,241307
7430,0.002036,172.217.194.0-255,2902,148311,43,241307
7431,0.00204,172.31.46.0-255,66,148377,43,241307
7432,0.002072,172.217.194.0-255,5738,154115,43,241307
7433,0.002074,172.31.46.0-255,66,154181,43,241307
7434,0.002081,172.217.194.0-255,5738,159919,43,241307
7435,0.002082,172.31.46.0-255,66,159985,43,241307
7436,0.002088,172.217.194.0-255,5738,165723,43,241307
7437,0.002095,172.31.46.0-255,66,165789,43,241307
7438,0.002124,172.217.194.0-255,1484,167273,43,241307
7439,0.00417,172.217.194.0-255,4320,171593,43,241307
7440,0.004177,172.31.46.0-255,66,171659,43,241307
7441,0.006264,172.217.194.0-255,5738,177397,43,241307
7442,0.006272,172.31.46.0-255,66,177463,43,241307
7443,0.008335,172.217.194.0-255,5738,183201,43,241307
7444,0.00834,172.31.46.0-255,66,183267,43,241307
7445,0.010446,172.217.194.0-255,5738,189005,43,241307
7446,0.010453,172.31.46.0-255,66,189071,43,241307
7447,0.012537,172.217.194.0-255,5738,194809,43,241307
7448,0.012544,172.31.46.0-255,66,194875,43,241307
7449,0.014639,172.217.194.0-255,5738,200613,43,241307
7450,0.014647,172.31.46.0-255,66,200679,43,241307
7451,0.016732,172.217.194.0-255,5738,206417,43,241307
7452,0.01674,172.31.46.0-255,66,206483,43,241307
7453,0.018807,172.217.194.0-255,5738,212221,43,241307
7454,0.018814,172.31.46.0-255,66,212287,43,241307
7455,0.020886,172.217.194.0-255,5738,218025,43,241307
7456,0.020893,172.31.46.0-255,66,218091,43,241307
7457,0.022982,172.217.194.0-255,5738,223829,43,241307
7458,0.02299,172.31.46.0-255,66,223895,43,241307
7459,0.025079,172.217.194.0-255,5738,229633,43,241307
7460,0.025088,172.31.46.0-255,66,229699,43,241307
7461,0.02718,172.217.194.0-255,5738,235437,43,241307
7462,0.027187,172.31.46.0-255,66,235503,43,241307
7463,0.029291,172.217.194.0-255,5738,241241,43,241307
7464,0.029299,172.31.46.0-255,66,241307,43,241307
7465,0.0,74.125.24.0-255,147,147,43,233876
7466,2.2e-05,172.31.46.0-255,66,213,43,233876
7467,2.9e-05,74.125.24.0-255,1484,1697,43,233876
7468,3.3e-05,172.31.46.0-255,66,1763,43,233876
7469,3.9e-05,74.125.24.0-255,2902,4665,43,233876
7470,4.2e-05,172.31.46.0-255,66,4731,43,233876
7471,4.8e-05,74.125.24.0-255,5738,10469,43,233876
7472,5.2e-05,172.31.46.0-255,66,10535,43,233876
7473,5.9e-05,74.125.24.0-255,6319,16854,43,233876
7474,6.2e-05,172.31.46.0-255,66,16920,43,233876
7475,9.4e-05,172.31.46.0-255,66,16986,43,233876
7476,0.000123,74.125.24.0-255,2543,19529,43,233876
7477,0.000125,172.31.46.0-255,66,19595,43,233876
7478,0.000145,74.125.24.0-255,2902,22497,43,233876
7479,0.000147,172.31.46.0-255,66,22563,43,233876
7480,0.000171,74.125.24.0-255,7156,29719,43,233876
7481,0.000174,172.31.46.0-255,66,29785,43,233876
7482,0.000181,74.125.24.0-255,6797,36582,43,233876
7483,0.000184,172.31.46.0-255,66,36648,43,233876
7484,0.000219,74.125.24.0-255,1484,38132,43,233876
7485,0.000221,172.31.46.0-255,66,38198,43,233876
7486,0.000224,74.125.24.0-255,1484,39682,43,233876
7487,0.000226,172.31.46.0-255,66,39748,43,233876
7488,0.000239,74.125.24.0-255,1484,41232,43,233876
7489,0.000241,172.31.46.0-255,66,41298,43,233876
7490,0.000249,74.125.24.0-255,5738,47036,43,233876
7491,0.000251,172.31.46.0-255,66,47102,43,233876
7492,0.000272,74.125.24.0-255,2902,50004,43,233876
7493,0.000274,172.31.46.0-255,66,50070,43,233876
7494,0.000295,74.125.24.0-255,3961,54031,43,233876
7495,0.000298,172.31.46.0-255,66,54097,43,233876
7496,0.000301,74.125.24.0-255,402,54499,43,233876
7497,0.000357,74.125.24.0-255,342,54841,43,233876
7498,0.000529,74.125.24.0-255,1484,56325,43,233876
7499,0.000536,74.125.24.0-255,2902,59227,43,233876
7500,0.000543,172.31.46.0-255,66,59293,43,233876
7501,0.000555,74.125.24.0-255,5738,65031,43,233876
7502,0.000592,172.31.46.0-255,66,65097,43,233876
7503,0.00063,74.125.24.0-255,3961,69058,43,233876
7504,0.000641,172.31.46.0-255,66,69124,43,233876
7505,0.001031,74.125.24.0-255,1484,70608,43,233876
7506,0.001047,74.125.24.0-255,2902,73510,43,233876
7507,0.001051,172.31.46.0-255,66,73576,43,233876
7508,0.001055,74.125.24.0-255,1484,75060,43,233876
7509,0.001074,74.125.24.0-255,4320,79380,43,233876
7510,0.00108,74.125.24.0-255,5738,85118,43,233876
7511,0.001108,172.31.46.0-255,66,85184,43,233876
7512,0.001144,74.125.24.0-255,5020,90204,43,233876
7513,0.001159,172.31.46.0-255,66,90270,43,233876
7514,0.001234,74.125.24.0-255,1484,91754,43,233876
7515,0.001252,74.125.24.0-255,2902,94656,43,233876
7516,0.001255,172.31.46.0-255,66,94722,43,233876
7517,0.001262,74.125.24.0-255,5738,100460,43,233876
7518,0.001266,172.31.46.0-255,66,100526,43,233876
7519,0.001291,74.125.24.0-255,7156,107682,43,233876
7520,0.001318,74.125.24.0-255,2902,110584,43,233876
7521,0.001322,172.31.46.0-255,66,110650,43,233876
7522,0.001327,172.31.46.0-255,66,110716,43,233876
7523,0.001355,74.125.24.0-255,2184,112900,43,233876
7524,0.001359,172.31.46.0-255,66,112966,43,233876
7525,0.001429,74.125.24.0-255,1484,114450,43,233876
7526,0.001434,74.125.24.0-255,2902,117352,43,233876
7527,0.001439,172.31.46.0-255,66,117418,43,233876
7528,0.001451,74.125.24.0-255,2902,120320,43,233876
7529,0.001456,172.31.46.0-255,66,120386,43,233876
7530,0.001467,74.125.24.0-255,2902,123288,43,233876
7531,0.001481,74.125.24.0-255,1484,124772,43,233876
7532,0.001488,172.31.46.0-255,66,124838,43,233876
7533,0.001508,172.31.46.0-255,66,124904,43,233876
7534,0.001546,172.31.46.0-255,66,124970,43,233876
7535,0.001691,74.125.24.0-255,1484,126454,43,233876
7536,0.001709,74.125.24.0-255,2902,129356,43,233876
7537,0.001712,74.125.24.0-255,1484,130840,43,233876
7538,0.001718,172.31.46.0-255,66,130906,43,233876
7539,0.001729,74.125.24.0-255,4320,135226,43,233876
7540,0.001734,74.125.24.0-255,4320,139546,43,233876
7541,0.001738,172.31.46.0-255,66,139612,43,233876
7542,0.001755,74.125.24.0-255,1484,141096,43,233876
7543,0.001788,74.125.24.0-255,4320,145416,43,233876
7544,0.001795,74.125.24.0-255,6438,151854,43,233876
7545,0.001814,74.125.24.0-255,7156,159010,43,233876
7546,0.001834,172.31.46.0-255,66,159076,43,233876
7547,0.001847,74.125.24.0-255,7156,166232,43,233876
7548,0.001892,74.125.24.0-255,5738,171970,43,233876
7549,0.001895,172.31.46.0-255,66,172036,43,233876
7550,0.0019,172.31.46.0-255,66,172102,43,233876
7551,0.001916,74.125.24.0-255,3602,175704,43,233876
7552,0.001928,172.31.46.0-255,66,175770,43,233876
7553,0.004161,74.125.24.0-255,1484,177254,43,233876
7554,0.004202,74.125.24.0-255,4320,181574,43,233876
7555,0.004207,172.31.46.0-255,66,181640,43,233876
7556,0.006481,74.125.24.0-255,5738,187378,43,233876
7557,0.009133,172.31.46.0-255,66,187444,43,233876
7558,0.011408,74.125.24.0-255,5738,193182,43,233876
7559,0.011416,172.31.46.0-255,66,193248,43,233876
7560,0.013692,74.125.24.0-255,5738,198986,43,233876
7561,0.014619,172.31.46.0-255,66,199052,43,233876
7562,0.016948,74.125.24.0-255,5738,204790,43,233876
7563,0.016958,172.31.46.0-255,66,204856,43,233876
7564,0.019258,74.125.24.0-255,5738,210594,43,233876
7565,0.019264,172.31.46.0-255,66,210660,43,233876
7566,0.021552,74.125.24.0-255,5738,216398,43,233876
7567,0.021558,172.31.46.0-255,66,216464,43,233876
7568,0.023837,74.125.24.0-255,5738,222202,43,233876
7569,0.023844,172.31.46.0-255,66,222268,43,233876
7570,0.026124,74.125.24.0-255,5738,228006,43,233876
7571,0.026131,172.31.46.0-255,66,228072,43,233876
7572,0.028389,74.125.24.0-255,5738,233810,43,233876
7573,0.028397,172.31.46.0-255,66,233876,43,233876
7574,0.0,172.217.194.0-255,143,143,43,140806
7575,1.9e-05,172.31.46.0-255,66,209,43,140806
7576,2.5e-05,172.217.194.0-255,1484,1693,43,140806
7577,2.9e-05,172.31.46.0-255,66,1759,43,140806
7578,4e-05,172.217.194.0-255,2902,4661,43,140806
7579,4.3e-05,172.31.46.0-255,66,4727,43,140806
7580,4.9e-05,172.217.194.0-255,4320,9047,43,140806
7581,5.2e-05,172.31.46.0-255,66,9113,43,140806
7582,8.4e-05,172.217.194.0-255,2902,12015,43,140806
7583,8.6e-05,172.31.46.0-255,66,12081,43,140806
7584,9.2e-05,172.217.194.0-255,3493,15574,43,140806
7585,9.4e-05,172.31.46.0-255,66,15640,43,140806
7586,0.000108,172.31.46.0-255,66,15706,43,140806
7587,0.000138,172.217.194.0-255,2543,18249,43,140806
7588,0.00014,172.31.46.0-255,66,18315,43,140806
7589,0.000225,172.217.194.0-255,1484,19799,43,140806
7590,0.000229,172.31.46.0-255,66,19865,43,140806
7591,0.000233,172.217.194.0-255,2902,22767,43,140806
7592,0.000236,172.31.46.0-255,66,22833,43,140806
7593,0.00024,172.217.194.0-255,2902,25735,43,140806
7594,0.000241,172.31.46.0-255,66,25801,43,140806
7595,0.00026,172.217.194.0-255,2902,28703,43,140806
7596,0.000262,172.31.46.0-255,66,28769,43,140806
7597,0.000288,172.31.46.0-255,66,28835,43,140806
7598,0.000291,172.217.194.0-255,1484,30319,43,140806
7599,0.000293,172.31.46.0-255,66,30385,43,140806
7600,0.000326,172.31.46.0-255,66,30451,43,140806
7601,0.00033,172.217.194.0-255,4214,34665,43,140806
7602,0.000332,172.31.46.0-255,66,34731,43,140806
7603,0.000354,172.217.194.0-255,115,34846,43,140806
7604,0.000372,172.217.194.0-255,384,35230,43,140806
7605,0.000643,172.217.194.0-255,1484,36714,43,140806
7606,0.000646,172.217.194.0-255,1484,38198,43,140806
7607,0.000651,172.31.46.0-255,66,38264,43,140806
7608,0.00066,172.217.194.0-255,1484,39748,43,140806
7609,0.000662,172.31.46.0-255,66,39814,43,140806
7610,0.000696,172.217.194.0-255,5738,45552,43,140806
7611,0.000698,172.31.46.0-255,66,45618,43,140806
7612,0.000758,172.31.46.0-255,66,45684,43,140806
7613,0.00078,172.217.194.0-255,2902,48586,43,140806
7614,0.000782,172.31.46.0-255,66,48652,43,140806
7615,0.000792,172.31.46.0-255,66,48718,43,140806
7616,0.000795,172.217.194.0-255,2184,50902,43,140806
7617,0.000797,172.31.46.0-255,66,50968,43,140806
7618,0.001509,172.217.194.0-255,1484,52452,43,140806
7619,0.001518,172.217.194.0-255,2902,55354,43,140806
7620,0.001522,172.31.46.0-255,66,55420,43,140806
7621,0.001527,172.217.194.0-255,2902,58322,43,140806
7622,0.001529,172.31.46.0-255,66,58388,43,140806
7623,0.001557,172.217.194.0-255,1484,59872,43,140806
7624,0.001566,172.31.46.0-255,66,59938,43,140806
7625,0.001587,172.217.194.0-255,1484,61422,43,140806
7626,0.001615,172.31.46.0-255,66,61488,43,140806
7627,0.001643,172.217.194.0-255,2902,64390,43,140806
7628,0.001645,172.31.46.0-255,66,64456,43,140806
7629,0.001649,172.217.194.0-255,2184,66640,43,140806
7630,0.00165,172.31.46.0-255,66,66706,43,140806
7631,0.003697,172.217.194.0-255,5738,72444,43,140806
7632,0.003703,172.31.46.0-255,66,72510,43,140806
7633,0.005759,172.217.194.0-255,5738,78248,43,140806
7634,0.005763,172.31.46.0-255,66,78314,43,140806
7635,0.007843,172.217.194.0-255,5738,84052,43,140806
7636,0.007851,172.31.46.0-255,66,84118,43,140806
7637,0.009907,172.217.194.0-255,5738,89856,43,140806
7638,0.009914,172.31.46.0-255,66,89922,43,140806
7639,0.011966,172.217.194.0-255,5738,95660,43,140806
7640,0.011976,172.31.46.0-255,66,95726,43,140806
7641,0.014024,172.217.194.0-255,5738,101464,43,140806
7642,0.014034,172.31.46.0-255,66,101530,43,140806
7643,0.016087,172.217.194.0-255,4320,105850,43,140806
7644,0.016095,172.31.46.0-255,66,105916,43,140806
7645,0.016122,172.217.194.0-255,1484,107400,43,140806
7646,0.018182,172.217.194.0-255,4320,111720,43,140806
7647,0.01819,172.31.46.0-255,66,111786,43,140806
7648,0.020233,172.217.194.0-255,5738,117524,43,140806
7649,0.020243,172.31.46.0-255,66,117590,43,140806
7650,0.0223,172.217.194.0-255,5738,123328,43,140806
7651,0.022311,172.31.46.0-255,66,123394,43,140806
7652,0.024361,172.217.194.0-255,5738,129132,43,140806
7653,0.024372,172.31.46.0-255,66,129198,43,140806
7654,0.026431,172.217.194.0-255,5738,134936,43,140806
7655,0.026443,172.31.46.0-255,66,135002,43,140806
7656,0.028526,172.217.194.0-255,5738,140740,43,140806
7657,0.028534,172.31.46.0-255,66,140806,43,140806
7658,0.0,74.125.24.0-255,148,148,43,159746
7659,2.2e-05,172.31.46.0-255,66,214,43,159746
7660,3e-05,74.125.24.0-255,1484,1698,43,159746
7661,3.4e-05,172.31.46.0-255,66,1764,43,159746
7662,4e-05,74.125.24.0-255,2902,4666,43,159746
7663,4.4e-05,172.31.46.0-255,66,4732,43,159746
7664,5.2e-05,74.125.24.0-255,7156,11888,43,159746
7665,5.5e-05,172.31.46.0-255,66,11954,43,159746
7666,5.8e-05,74.125.24.0-255,1484,13438,43,159746
7667,6.1e-05,172.31.46.0-255,66,13504,43,159746
7668,6.4e-05,74.125.24.0-255,587,14091,43,159746
7669,6.6e-05,172.31.46.0-255,66,14157,43,159746
7670,0.00019,74.125.24.0-255,1484,15641,43,159746
7671,0.000195,172.31.46.0-255,66,15707,43,159746
7672,0.000201,74.125.24.0-255,2902,18609,43,159746
7673,0.000204,172.31.46.0-255,66,18675,43,159746
7674,0.000209,74.125.24.0-255,2902,21577,43,159746
7675,0.000211,172.31.46.0-255,66,21643,43,159746
7676,0.00023,74.125.24.0-255,2902,24545,43,159746
7677,0.000232,172.31.46.0-255,66,24611,43,159746
7678,0.000237,74.125.24.0-255,2902,27513,43,159746
7679,0.000238,172.31.46.0-255,66,27579,43,159746
7680,0.000257,74.125.24.0-255,3961,31540,43,159746
7681,0.00026,172.31.46.0-255,66,31606,43,159746
7682,0.000267,74.125.24.0-255,7156,38762,43,159746
7683,0.00027,172.31.46.0-255,66,38828,43,159746
7684,0.000289,74.125.24.0-255,4320,43148,43,159746
7685,0.000292,172.31.46.0-255,66,43214,43,159746
7686,0.00032,74.125.24.0-255,5379,48593,43,159746
7687,0.000322,172.31.46.0-255,66,48659,43,159746
7688,0.000336,74.125.24.0-255,2902,51561,43,159746
7689,0.000338,172.31.46.0-255,66,51627,43,159746
7690,0.000355,74.125.24.0-255,1484,53111,43,159746
7691,0.000362,74.125.24.0-255,5738,58849,43,159746
7692,0.000364,172.31.46.0-255,66,58915,43,159746
7693,0.000411,74.125.24.0-255,6797,65712,43,159746
7694,0.000413,172.31.46.0-255,66,65778,43,159746
7695,0.000453,74.125.24.0-255,397,66175,43,159746
7696,0.000523,74.125.24.0-255,114,66289,43,159746
7697,0.000558,74.125.24.0-255,329,66618,43,159746
7698,0.001048,172.31.46.0-255,66,66684,43,159746
7699,0.001402,74.125.24.0-255,1484,68168,43,159746
7700,0.001412,74.125.24.0-255,2902,71070,43,159746
7701,0.001417,172.31.46.0-255,66,71136,43,159746
7702,0.001421,74.125.24.0-255,1484,72620,43,159746
7703,0.001442,74.125.24.0-255,4320,76940,43,159746
7704,0.001445,172.31.46.0-255,66,77006,43,159746
7705,0.001467,74.125.24.0-255,7156,84162,43,159746
7706,0.001469,172.31.46.0-255,66,84228,43,159746
7707,0.001487,74.125.24.0-255,5738,89966,43,159746
7708,0.001489,172.31.46.0-255,66,90032,43,159746
7709,0.001503,172.31.46.0-255,66,90098,43,159746
7710,0.003678,74.125.24.0-255,5738,95836,43,159746
7711,0.003685,172.31.46.0-255,66,95902,43,159746
7712,0.005853,74.125.24.0-255,5738,101640,43,159746
7713,0.005859,172.31.46.0-255,66,101706,43,159746
7714,0.0081,74.125.24.0-255,5738,107444,43,159746
7715,0.008108,172.31.46.0-255,66,107510,43,159746
7716,0.010293,74.125.24.0-255,5738,113248,43,159746
7717,0.010301,172.31.46.0-255,66,113314,43,159746
7718,0.012557,74.125.24.0-255,5738,119052,43,159746
7719,0.012564,172.31.46.0-255,66,119118,43,159746
7720,0.014761,74.125.24.0-255,5738,124856,43,159746
7721,0.014769,172.31.46.0-255,66,124922,43,159746
7722,0.016999,74.125.24.0-255,5738,130660,43,159746
7723,0.017007,172.31.46.0-255,66,130726,43,159746
7724,0.019243,74.125.24.0-255,5738,136464,43,159746
7725,0.019251,172.31.46.0-255,66,136530,43,159746
7726,0.021465,74.125.24.0-255,5738,142268,43,159746
7727,0.021472,172.31.46.0-255,66,142334,43,159746
7728,0.023664,74.125.24.0-255,5738,148072,43,159746
7729,0.02367,172.31.46.0-255,66,148138,43,159746
7730,0.025841,74.125.24.0-255,5738,153876,43,159746
7731,0.025848,172.31.46.0-255,66,153942,43,159746
7732,0.028056,74.125.24.0-255,5738,159680,43,159746
7733,0.028064,172.31.46.0-255,66,159746,43,159746
7734,0.0,172.217.194.0-255,148,148,43,162397
7735,1.6e-05,172.31.46.0-255,66,214,43,162397
7736,2.3e-05,172.217.194.0-255,1484,1698,43,162397
7737,2.9e-05,172.31.46.0-255,66,1764,43,162397
7738,4.2e-05,172.217.194.0-255,2902,4666,43,162397
7739,4.5e-05,172.31.46.0-255,66,4732,43,162397
7740,5.3e-05,172.217.194.0-255,5738,10470,43,162397
7741,5.5e-05,172.31.46.0-255,66,10536,43,162397
7742,8.9e-05,172.217.194.0-255,3460,13996,43,162397
7743,9.2e-05,172.31.46.0-255,66,14062,43,162397
7744,0.000159,172.217.194.0-255,1484,15546,43,162397
7745,0.000162,172.31.46.0-255,66,15612,43,162397
7746,0.000167,172.217.194.0-255,2902,18514,43,162397
7747,0.000169,172.31.46.0-255,66,18580,43,162397
7748,0.000203,172.217.194.0-255,2902,21482,43,162397
7749,0.000205,172.31.46.0-255,66,21548,43,162397
7750,0.000217,172.217.194.0-255,1484,23032,43,162397
7751,0.000219,172.31.46.0-255,66,23098,43,162397
7752,0.000247,172.217.194.0-255,1484,24582,43,162397
7753,0.00025,172.31.46.0-255,66,24648,43,162397
7754,0.000258,172.217.194.0-255,6797,31445,43,162397
7755,0.00026,172.31.46.0-255,66,31511,43,162397
7756,0.000795,172.217.194.0-255,1484,32995,43,162397
7757,0.0008,172.31.46.0-255,66,33061,43,162397
7758,0.000832,172.217.194.0-255,2902,35963,43,162397
7759,0.000834,172.31.46.0-255,66,36029,43,162397
7760,0.000863,172.217.194.0-255,5738,41767,43,162397
7761,0.000868,172.217.194.0-255,4320,46087,43,162397
7762,0.000872,172.31.46.0-255,66,46153,43,162397
7763,0.000879,172.31.46.0-255,66,46219,43,162397
7764,0.000889,172.217.194.0-255,2543,48762,43,162397
7765,0.000892,172.31.46.0-255,66,48828,43,162397
7766,0.000926,172.217.194.0-255,7156,55984,43,162397
7767,0.000928,172.31.46.0-255,66,56050,43,162397
7768,0.000969,172.31.46.0-255,66,56116,43,162397
7769,0.001221,172.217.194.0-255,119,56235,43,162397
7770,0.001252,172.31.46.0-255,66,56301,43,162397
7771,0.001891,172.217.194.0-255,1484,57785,43,162397
7772,0.001902,172.217.194.0-255,2902,60687,43,162397
7773,0.001906,172.31.46.0-255,66,60753,43,162397
7774,0.001914,172.217.194.0-255,5738,66491,43,162397
7775,0.001916,172.31.46.0-255,66,66557,43,162397
7776,0.001927,172.217.194.0-255,4320,70877,43,162397
7777,0.00193,172.31.46.0-255,66,70943,43,162397
7778,0.00196,172.217.194.0-255,1484,72427,43,162397
7779,0.001975,172.31.46.0-255,66,72493,43,162397
7780,0.002,172.217.194.0-255,2902,75395,43,162397
7781,0.002002,172.31.46.0-255,66,75461,43,162397
7782,0.002005,172.217.194.0-255,766,76227,43,162397
7783,0.002361,172.217.194.0-255,1484,77711,43,162397
7784,0.002365,172.31.46.0-255,66,77777,43,162397
7785,0.002371,172.217.194.0-255,2902,80679,43,162397
7786,0.002373,172.31.46.0-255,66,80745,43,162397
7787,0.002397,172.217.194.0-255,5738,86483,43,162397
7788,0.002403,172.31.46.0-255,66,86549,43,162397
7789,0.002416,172.31.46.0-255,66,86615,43,162397
7790,0.002443,172.217.194.0-255,1484,88099,43,162397
7791,0.002459,172.217.194.0-255,5738,93837,43,162397
7792,0.002462,172.31.46.0-255,66,93903,43,162397
7793,0.0025,172.31.46.0-255,66,93969,43,162397
7794,0.002521,172.31.46.0-255,66,94035,43,162397
7795,0.002527,172.217.194.0-255,7156,101191,43,162397
7796,0.00253,172.31.46.0-255,66,101257,43,162397
7797,0.004953,172.217.194.0-255,4320,105577,43,162397
7798,0.004956,172.31.46.0-255,66,105643,43,162397
7799,0.004978,172.217.194.0-255,1484,107127,43,162397
7800,0.007409,172.217.194.0-255,4320,111447,43,162397
7801,0.007417,172.31.46.0-255,66,111513,43,162397
7802,0.009878,172.217.194.0-255,5738,117251,43,162397
7803,0.009885,172.31.46.0-255,66,117317,43,162397
7804,0.01236,172.217.194.0-255,5738,123055,43,162397
7805,0.012376,172.31.46.0-255,66,123121,43,162397
7806,0.014869,172.217.194.0-255,5738,128859,43,162397
7807,0.014884,172.31.46.0-255,66,128925,43,162397
7808,0.017341,172.217.194.0-255,5738,134663,43,162397
7809,0.017346,172.31.46.0-255,66,134729,43,162397
7810,0.019812,172.217.194.0-255,5738,140467,43,162397
7811,0.019825,172.31.46.0-255,66,140533,43,162397
7812,0.022299,172.217.194.0-255,4320,144853,43,162397
7813,0.022307,172.31.46.0-255,66,144919,43,162397
7814,0.022338,172.217.194.0-255,1484,146403,43,162397
7815,0.024774,172.217.194.0-255,4320,150723,43,162397
7816,0.024786,172.31.46.0-255,66,150789,43,162397
7817,0.027311,172.217.194.0-255,5738,156527,43,162397
7818,0.027329,172.31.46.0-255,66,156593,43,162397
7819,0.029812,172.217.194.0-255,5738,162331,43,162397
7820,0.029832,172.31.46.0-255,66,162397,43,162397
7821,0.0,172.217.194.0-255,305,305,43,176888
7822,2.5e-05,172.31.46.0-255,66,371,43,176888
7823,3.2e-05,172.217.194.0-255,1484,1855,43,176888
7824,3.7e-05,172.31.46.0-255,66,1921,43,176888
7825,4.3e-05,172.217.194.0-255,4320,6241,43,176888
7826,4.7e-05,172.31.46.0-255,66,6307,43,176888
7827,5.2e-05,172.217.194.0-255,4320,10627,43,176888
7828,5.5e-05,172.31.46.0-255,66,10693,43,176888
7829,8.2e-05,172.217.194.0-255,3261,13954,43,176888
7830,8.5e-05,172.31.46.0-255,66,14020,43,176888
7831,0.000131,172.217.194.0-255,1484,15504,43,176888
7832,0.000134,172.31.46.0-255,66,15570,43,176888
7833,0.000139,172.217.194.0-255,2902,18472,43,176888
7834,0.000141,172.31.46.0-255,66,18538,43,176888
7835,0.000147,172.217.194.0-255,4320,22858,43,176888
7836,0.000149,172.31.46.0-255,66,22924,43,176888
7837,0.000172,172.217.194.0-255,1484,24408,43,176888
7838,0.000174,172.31.46.0-255,66,24474,43,176888
7839,0.000181,172.217.194.0-255,6797,31271,43,176888
7840,0.000183,172.31.46.0-255,66,31337,43,176888
7841,0.000215,172.31.46.0-255,66,31403,43,176888
7842,0.000234,172.217.194.0-255,2902,34305,43,176888
7843,0.000236,172.31.46.0-255,66,34371,43,176888
7844,0.000251,172.31.46.0-255,66,34437,43,176888
7845,0.000293,172.217.194.0-255,5020,39457,43,176888
7846,0.000296,172.31.46.0-255,66,39523,43,176888
7847,0.000525,172.217.194.0-255,339,39862,43,176888
7848,0.000531,172.31.46.0-255,66,39928,43,176888
7849,0.000544,172.217.194.0-255,120,40048,43,176888
7850,0.000547,172.31.46.0-255,66,40114,43,176888
7851,0.000765,172.217.194.0-255,1484,41598,43,176888
7852,0.000772,172.217.194.0-255,2902,44500,43,176888
7853,0.000793,172.217.194.0-255,5738,50238,43,176888
7854,0.000805,172.217.194.0-255,2902,53140,43,176888
7855,0.000814,172.31.46.0-255,66,53206,43,176888
7856,0.00083,172.217.194.0-255,7156,60362,43,176888
7857,0.000835,172.31.46.0-255,66,60428,43,176888
7858,0.000855,172.217.194.0-255,2902,63330,43,176888
7859,0.000868,172.217.194.0-255,766,64096,43,176888
7860,0.000894,172.217.194.0-255,1484,65580,43,176888
7861,0.000899,172.31.46.0-255,66,65646,43,176888
7862,0.000913,172.217.194.0-255,2902,68548,43,176888
7863,0.000928,172.217.194.0-255,1484,70032,43,176888
7864,0.000934,172.217.194.0-255,5738,75770,43,176888
7865,0.000937,172.217.194.0-255,1484,77254,43,176888
7866,0.000943,172.31.46.0-255,66,77320,43,176888
7867,0.000986,172.217.194.0-255,5738,83058,43,176888
7868,0.000993,172.31.46.0-255,66,83124,43,176888
7869,0.001033,172.31.46.0-255,66,83190,43,176888
7870,0.001057,172.217.194.0-255,7156,90346,43,176888
7871,0.001072,172.217.194.0-255,1484,91830,43,176888
7872,0.001077,172.31.46.0-255,66,91896,43,176888
7873,0.001103,172.217.194.0-255,2902,94798,43,176888
7874,0.001109,172.217.194.0-255,4320,99118,43,176888
7875,0.001113,172.31.46.0-255,66,99184,43,176888
7876,0.001132,172.217.194.0-255,1484,100668,43,176888
7877,0.001155,172.217.194.0-255,1484,102152,43,176888
7878,0.001158,172.31.46.0-255,66,102218,43,176888
7879,0.00118,172.217.194.0-255,7156,109374,43,176888
7880,0.001189,172.31.46.0-255,66,109440,43,176888
7881,0.001205,172.217.194.0-255,5020,114460,43,176888
7882,0.001209,172.217.194.0-255,1484,115944,43,176888
7883,0.001224,172.31.46.0-255,66,116010,43,176888
7884,0.001262,172.31.46.0-255,66,116076,43,176888
7885,0.00128,172.217.194.0-255,4320,120396,43,176888
7886,0.001293,172.31.46.0-255,66,120462,43,176888
7887,0.001394,172.217.194.0-255,4320,124782,43,176888
7888,0.001419,172.217.194.0-255,3602,128384,43,176888
7889,0.001432,172.217.194.0-255,2902,131286,43,176888
7890,0.001455,172.31.46.0-255,66,131352,43,176888
7891,0.001495,172.31.46.0-255,66,131418,43,176888
7892,0.001566,172.217.194.0-255,1484,132902,43,176888
7893,0.001572,172.217.194.0-255,2902,135804,43,176888
7894,0.001579,172.31.46.0-255,66,135870,43,176888
7895,0.001601,172.217.194.0-255,5738,141608,43,176888
7896,0.001606,172.217.194.0-255,4320,145928,43,176888
7897,0.001614,172.31.46.0-255,66,145994,43,176888
7898,0.001623,172.217.194.0-255,2902,148896,43,176888
7899,0.001627,172.31.46.0-255,66,148962,43,176888
7900,0.001661,172.217.194.0-255,4320,153282,43,176888
7901,0.001675,172.217.194.0-255,7156,160438,43,176888
7902,0.001679,172.31.46.0-255,66,160504,43,176888
7903,0.001688,172.31.46.0-255,66,160570,43,176888
7904,0.001693,172.217.194.0-255,3602,164172,43,176888
7905,0.001711,172.217.194.0-255,5738,169910,43,176888
7906,0.001731,172.217.194.0-255,5020,174930,43,176888
7907,0.001752,172.217.194.0-255,1484,176414,43,176888
7908,0.001766,172.31.46.0-255,66,176480,43,176888
7909,0.001781,172.31.46.0-255,66,176546,43,176888
7910,0.001829,172.217.194.0-255,105,176651,43,176888
7911,0.001846,172.31.46.0-255,66,176717,43,176888
7912,0.012545,172.31.46.0-255,105,176822,43,176888
7913,0.014644,172.217.194.0-255,66,176888,43,176888
7914,0.0,172.31.46.0-255,105,105,43,276
7915,0.001821,157.240.25.0-255,105,210,43,276
7916,0.001836,172.31.46.0-255,66,276,43,276
7917,0.0,172.217.24.0-255,146,146,43,175081
7918,1.6e-05,172.31.46.0-255,66,212,43,175081
7919,2.3e-05,172.217.24.0-255,1484,1696,43,175081
7920,2.8e-05,172.31.46.0-255,66,1762,43,175081
7921,3.4e-05,172.217.24.0-255,2902,4664,43,175081
7922,3.8e-05,172.31.46.0-255,66,4730,43,175081
7923,4.4e-05,172.217.24.0-255,5738,10468,43,175081
7924,4.7e-05,172.31.46.0-255,66,10534,43,175081
7925,8.1e-05,172.217.24.0-255,3437,13971,43,175081
7926,8.4e-05,172.31.46.0-255,66,14037,43,175081
7927,0.000208,172.217.24.0-255,1484,15521,43,175081
7928,0.000214,172.31.46.0-255,66,15587,43,175081
7929,0.000218,172.217.24.0-255,1484,17071,43,175081
7930,0.000219,172.31.46.0-255,66,17137,43,175081
7931,0.000236,172.217.24.0-255,1484,18621,43,175081
7932,0.000239,172.31.46.0-255,66,18687,43,175081
7933,0.000242,172.217.24.0-255,1484,20171,43,175081
7934,0.000244,172.31.46.0-255,66,20237,43,175081
7935,0.000261,172.217.24.0-255,2902,23139,43,175081
7936,0.000264,172.31.46.0-255,66,23205,43,175081
7937,0.000267,172.217.24.0-255,1484,24689,43,175081
7938,0.000269,172.31.46.0-255,66,24755,43,175081
7939,0.0003,172.217.24.0-255,4320,29075,43,175081
7940,0.000303,172.31.46.0-255,66,29141,43,175081
7941,0.000317,172.31.46.0-255,66,29207,43,175081
7942,0.000341,172.217.24.0-255,6797,36004,43,175081
7943,0.000344,172.31.46.0-255,66,36070,43,175081
7944,0.00036,172.217.24.0-255,1484,37554,43,175081
7945,0.000363,172.31.46.0-255,66,37620,43,175081
7946,0.000382,172.217.24.0-255,5738,43358,43,175081
7947,0.000385,172.31.46.0-255,66,43424,43,175081
7948,0.000391,172.217.24.0-255,4320,47744,43,175081
7949,0.000393,172.31.46.0-255,66,47810,43,175081
7950,0.000411,172.217.24.0-255,4320,52130,43,175081
7951,0.000414,172.31.46.0-255,66,52196,43,175081
7952,0.00043,172.217.24.0-255,1418,53614,43,175081
7953,0.001064,172.217.24.0-255,137,53751,43,175081
7954,0.00107,172.31.46.0-255,66,53817,43,175081
7955,0.001166,172.217.24.0-255,1484,55301,43,175081
7956,0.001181,172.217.24.0-255,2902,58203,43,175081
7957,0.001184,172.31.46.0-255,66,58269,43,175081
7958,0.001188,172.217.24.0-255,2902,61171,43,175081
7959,0.001191,172.31.46.0-255,66,61237,43,175081
7960,0.001206,172.217.24.0-255,2902,64139,43,175081
7961,0.001208,172.31.46.0-255,66,64205,43,175081
7962,0.001234,172.217.24.0-255,5738,69943,43,175081
7963,0.001237,172.31.46.0-255,66,70009,43,175081
7964,0.001252,172.217.24.0-255,1125,71134,43,175081
7965,0.00126,172.217.24.0-255,5738,76872,43,175081
7966,0.001263,172.31.46.0-255,66,76938,43,175081
7967,0.001266,172.217.24.0-255,1484,78422,43,175081
7968,0.001285,172.217.24.0-255,5738,84160,43,175081
7969,0.001288,172.31.46.0-255,66,84226,43,175081
7970,0.001303,172.217.24.0-255,1484,85710,43,175081
7971,0.001319,172.217.24.0-255,2543,88253,43,175081
7972,0.001321,172.31.46.0-255,66,88319,43,175081
7973,0.003256,172.217.24.0-255,1484,89803,43,175081
7974,0.003294,172.217.24.0-255,2902,92705,43,175081
7975,0.0033,172.31.46.0-255,66,92771,43,175081
7976,0.00332,172.217.24.0-255,1484,94255,43,175081
7977,0.005265,172.217.24.0-255,4320,98575,43,175081
7978,0.005272,172.31.46.0-255,66,98641,43,175081
7979,0.007264,172.217.24.0-255,5738,104379,43,175081
7980,0.007272,172.31.46.0-255,66,104445,43,175081
7981,0.009238,172.217.24.0-255,5738,110183,43,175081
7982,0.009246,172.31.46.0-255,66,110249,43,175081
7983,0.011223,172.217.24.0-255,5738,115987,43,175081
7984,0.011232,172.31.46.0-255,66,116053,43,175081
7985,0.013206,172.217.24.0-255,5738,121791,43,175081
7986,0.013213,172.31.46.0-255,66,121857,43,175081
7987,0.015191,172.217.24.0-255,5738,127595,43,175081
7988,0.015198,172.31.46.0-255,66,127661,43,175081
7989,0.017202,172.217.24.0-255,5738,133399,43,175081
7990,0.017211,172.31.46.0-255,66,133465,43,175081
7991,0.019202,172.217.24.0-255,5738,139203,43,175081
7992,0.01921,172.31.46.0-255,66,139269,43,175081
7993,0.020914,172.31.46.0-255,167,139436,43,175081
7994,0.020949,172.31.46.0-255,1108,140544,43,175081
7995,0.021018,172.31.46.0-255,1514,142058,43,175081
7996,0.02102,172.31.46.0-255,1514,143572,43,175081
7997,0.021021,172.31.46.0-255,1514,145086,43,175081
7998,0.021023,172.31.46.0-255,1514,146600,43,175081
7999,0.021047,172.31.46.0-255,549,147149,43,175081
8000,0.021195,172.217.24.0-255,4320,151469,43,175081
8001,0.021202,172.31.46.0-255,66,151535,43,175081
8002,0.02122,172.217.24.0-255,1484,153019,43,175081
8003,0.022497,104.244.42.0-255,66,153085,43,175081
8004,0.022506,104.244.42.0-255,66,153151,43,175081
8005,0.022593,104.244.42.0-255,66,153217,43,175081
8006,0.022597,104.244.42.0-255,66,153283,43,175081
8007,0.023178,172.217.24.0-255,4320,157603,43,175081
8008,0.023183,172.31.46.0-255,66,157669,43,175081
8009,0.025149,172.217.24.0-255,5738,163407,43,175081
8010,0.025157,172.31.46.0-255,66,163473,43,175081
8011,0.027198,172.217.24.0-255,5738,169211,43,175081
8012,0.027216,172.31.46.0-255,66,169277,43,175081
8013,0.029209,172.217.24.0-255,5738,175015,43,175081
8014,0.02922,172.31.46.0-255,66,175081,43,175081
8015,0.0,74.125.130.0-255,307,307,43,355601
8016,1.8e-05,74.125.130.0-255,1484,1791,43,355601
8017,2.8e-05,172.31.46.0-255,66,1857,43,355601
8018,3.8e-05,74.125.130.0-255,4320,6177,43,355601
8019,4.1e-05,172.31.46.0-255,66,6243,43,355601
8020,5.8e-05,74.125.130.0-255,1484,7727,43,355601
8021,8.4e-05,74.125.130.0-255,4320,12047,43,355601
8022,8.7e-05,172.31.46.0-255,66,12113,43,355601
8023,9.2e-05,74.125.130.0-255,1895,14008,43,355601
8024,9.4e-05,172.31.46.0-255,66,14074,43,355601
8025,9.8e-05,74.125.130.0-255,2902,16976,43,355601
8026,0.000101,172.31.46.0-255,66,17042,43,355601
8027,0.000129,74.125.130.0-255,7156,24198,43,355601
8028,0.000132,172.31.46.0-255,66,24264,43,355601
8029,0.000138,74.125.130.0-255,5738,30002,43,355601
8030,0.00014,172.31.46.0-255,66,30068,43,355601
8031,0.000178,74.125.130.0-255,1125,31193,43,355601
8032,0.000465,74.125.130.0-255,1484,32677,43,355601
8033,0.000471,172.31.46.0-255,66,32743,43,355601
8034,0.000477,74.125.130.0-255,2902,35645,43,355601
8035,0.00048,172.31.46.0-255,66,35711,43,355601
8036,0.000504,74.125.130.0-255,2902,38613,43,355601
8037,0.000506,172.31.46.0-255,66,38679,43,355601
8038,0.000525,74.125.130.0-255,1484,40163,43,355601
8039,0.000531,74.125.130.0-255,4320,44483,43,355601
8040,0.000533,172.31.46.0-255,66,44549,43,355601
8041,0.000558,74.125.130.0-255,5379,49928,43,355601
8042,0.000561,172.31.46.0-255,66,49994,43,355601
8043,0.000583,74.125.130.0-255,4320,54314,43,355601
8044,0.000585,172.31.46.0-255,66,54380,43,355601
8045,0.000606,74.125.130.0-255,4320,58700,43,355601
8046,0.000609,172.31.46.0-255,66,58766,43,355601
8047,0.000629,74.125.130.0-255,4320,63086,43,355601
8048,0.000631,172.31.46.0-255,66,63152,43,355601
8049,0.00065,74.125.130.0-255,2794,65946,43,355601
8050,0.000653,172.31.46.0-255,66,66012,43,355601
8051,0.001009,74.125.130.0-255,118,66130,43,355601
8052,0.001235,74.125.130.0-255,1484,67614,43,355601
8053,0.001241,172.31.46.0-255,66,67680,43,355601
8054,0.00126,74.125.130.0-255,2902,70582,43,355601
8055,0.001263,172.31.46.0-255,66,70648,43,355601
8056,0.001285,74.125.130.0-255,5738,76386,43,355601
8057,0.001287,172.31.46.0-255,66,76452,43,355601
8058,0.001291,74.125.130.0-255,1484,77936,43,355601
8059,0.001305,74.125.130.0-255,2902,80838,43,355601
8060,0.001307,172.31.46.0-255,66,80904,43,355601
8061,0.001336,74.125.130.0-255,3961,84865,43,355601
8062,0.001339,172.31.46.0-255,66,84931,43,355601
8063,0.001344,74.125.130.0-255,4320,89251,43,355601
8064,0.001347,172.31.46.0-255,66,89317,43,355601
8065,0.001387,74.125.130.0-255,2902,92219,43,355601
8066,0.001389,172.31.46.0-255,66,92285,43,355601
8067,0.001403,74.125.130.0-255,2902,95187,43,355601
8068,0.001405,172.31.46.0-255,66,95253,43,355601
8069,0.00144,74.125.130.0-255,5379,100632,43,355601
8070,0.001443,172.31.46.0-255,66,100698,43,355601
8071,0.001602,74.125.130.0-255,1484,102182,43,355601
8072,0.001631,74.125.130.0-255,1484,103666,43,355601
8073,0.001634,172.31.46.0-255,66,103732,43,355601
8074,0.001652,74.125.130.0-255,1484,105216,43,355601
8075,0.001667,74.125.130.0-255,1484,106700,43,355601
8076,0.001669,172.31.46.0-255,66,106766,43,355601
8077,0.001689,74.125.130.0-255,4320,111086,43,355601
8078,0.001691,172.31.46.0-255,66,111152,43,355601
8079,0.001696,74.125.130.0-255,2902,114054,43,355601
8080,0.001698,172.31.46.0-255,66,114120,43,355601
8081,0.001703,74.125.130.0-255,4320,118440,43,355601
8082,0.001706,172.31.46.0-255,66,118506,43,355601
8083,0.001716,172.31.46.0-255,66,118572,43,355601
8084,0.001721,74.125.130.0-255,4320,122892,43,355601
8085,0.001723,172.31.46.0-255,66,122958,43,355601
8086,0.001755,74.125.130.0-255,3602,126560,43,355601
8087,0.001759,172.31.46.0-255,66,126626,43,355601
8088,0.001888,74.125.130.0-255,1484,128110,43,355601
8089,0.001893,74.125.130.0-255,1484,129594,43,355601
8090,0.001897,172.31.46.0-255,66,129660,43,355601
8091,0.001903,74.125.130.0-255,2902,132562,43,355601
8092,0.001905,172.31.46.0-255,66,132628,43,355601
8093,0.001931,74.125.130.0-255,5738,138366,43,355601
8094,0.001934,172.31.46.0-255,66,138432,43,355601
8095,0.001937,74.125.130.0-255,1484,139916,43,355601
8096,0.001956,74.125.130.0-255,5738,145654,43,355601
8097,0.001958,172.31.46.0-255,66,145720,43,355601
8098,0.001962,74.125.130.0-255,2902,148622,43,355601
8099,0.001964,172.31.46.0-255,66,148688,43,355601
8100,0.001981,74.125.130.0-255,5738,154426,43,355601
8101,0.001984,172.31.46.0-255,66,154492,43,355601
8102,0.00201,74.125.130.0-255,6438,160930,43,355601
8103,0.002012,172.31.46.0-255,66,160996,43,355601
8104,0.002112,74.125.130.0-255,1484,162480,43,355601
8105,0.002127,74.125.130.0-255,1484,163964,43,355601
8106,0.00213,172.31.46.0-255,66,164030,43,355601
8107,0.002146,74.125.130.0-255,1484,165514,43,355601
8108,0.002165,74.125.130.0-255,4320,169834,43,355601
8109,0.002168,172.31.46.0-255,66,169900,43,355601
8110,0.002192,74.125.130.0-255,7156,177056,43,355601
8111,0.002194,172.31.46.0-255,66,177122,43,355601
8112,0.002199,74.125.130.0-255,2902,180024,43,355601
8113,0.002201,172.31.46.0-255,66,180090,43,355601
8114,0.002206,74.125.130.0-255,4320,184410,43,355601
8115,0.002209,172.31.46.0-255,66,184476,43,355601
8116,0.00227,172.31.46.0-255,66,184542,43,355601
8117,0.002273,74.125.130.0-255,2184,186726,43,355601
8118,0.002275,172.31.46.0-255,66,186792,43,355601
8119,0.00228,74.125.130.0-255,2902,189694,43,355601
8120,0.002282,172.31.46.0-255,66,189760,43,355601
8121,0.002307,74.125.130.0-255,2902,192662,43,355601
8122,0.00231,172.31.46.0-255,66,192728,43,355601
8123,0.002315,74.125.130.0-255,2902,195630,43,355601
8124,0.002317,172.31.46.0-255,66,195696,43,355601
8125,0.00234,74.125.130.0-255,1484,197180,43,355601
8126,0.002363,74.125.130.0-255,1484,198664,43,355601
8127,0.002366,172.31.46.0-255,66,198730,43,355601
8128,0.002386,74.125.130.0-255,2902,201632,43,355601
8129,0.002389,172.31.46.0-255,66,201698,43,355601
8130,0.002396,74.125.130.0-255,5738,207436,43,355601
8131,0.002398,172.31.46.0-255,66,207502,43,355601
8132,0.002401,74.125.130.0-255,1484,208986,43,355601
8133,0.002424,74.125.130.0-255,4320,213306,43,355601
8134,0.002427,172.31.46.0-255,66,213372,43,355601
8135,0.00245,74.125.130.0-255,5738,219110,43,355601
8136,0.002452,172.31.46.0-255,66,219176,43,355601
8137,0.002455,74.125.130.0-255,1484,220660,43,355601
8138,0.002475,74.125.130.0-255,766,221426,43,355601
8139,0.002478,172.31.46.0-255,66,221492,43,355601
8140,0.002849,74.125.130.0-255,1484,222976,43,355601
8141,0.002857,74.125.130.0-255,2902,225878,43,355601
8142,0.002862,172.31.46.0-255,66,225944,43,355601
8143,0.002868,74.125.130.0-255,2902,228846,43,355601
8144,0.00287,172.31.46.0-255,66,228912,43,355601
8145,0.002885,74.125.130.0-255,2902,231814,43,355601
8146,0.002887,172.31.46.0-255,66,231880,43,355601
8147,0.002913,74.125.130.0-255,7156,239036,43,355601
8148,0.002915,172.31.46.0-255,66,239102,43,355601
8149,0.002935,74.125.130.0-255,2902,242004,43,355601
8150,0.002938,172.31.46.0-255,66,242070,43,355601
8151,0.002944,74.125.130.0-255,4320,246390,43,355601
8152,0.002947,172.31.46.0-255,66,246456,43,355601
8153,0.002964,74.125.130.0-255,7156,253612,43,355601
8154,0.002966,172.31.46.0-255,66,253678,43,355601
8155,0.002969,74.125.130.0-255,1484,255162,43,355601
8156,0.003013,74.125.130.0-255,2902,258064,43,355601
8157,0.003015,172.31.46.0-255,66,258130,43,355601
8158,0.003029,74.125.130.0-255,3602,261732,43,355601
8159,0.003033,172.31.46.0-255,66,261798,43,355601
8160,0.003038,74.125.130.0-255,5738,267536,43,355601
8161,0.003041,172.31.46.0-255,66,267602,43,355601
8162,0.003059,74.125.130.0-255,1484,269086,43,355601
8163,0.00307,172.31.46.0-255,66,269152,43,355601
8164,0.003103,172.31.46.0-255,66,269218,43,355601
8165,0.003108,74.125.130.0-255,2184,271402,43,355601
8166,0.00311,172.31.46.0-255,66,271468,43,355601
8167,0.003114,74.125.130.0-255,2902,274370,43,355601
8168,0.003116,172.31.46.0-255,66,274436,43,355601
8169,0.003142,74.125.130.0-255,7156,281592,43,355601
8170,0.003144,172.31.46.0-255,66,281658,43,355601
8171,0.003147,74.125.130.0-255,1484,283142,43,355601
8172,0.003164,74.125.130.0-255,4320,287462,43,355601
8173,0.003167,172.31.46.0-255,66,287528,43,355601
8174,0.003191,74.125.130.0-255,7156,294684,43,355601
8175,0.003194,172.31.46.0-255,66,294750,43,355601
8176,0.003229,172.31.46.0-255,66,294816,43,355601
8177,0.003231,74.125.130.0-255,1484,296300,43,355601
8178,0.003261,74.125.130.0-255,4320,300620,43,355601
8179,0.003264,172.31.46.0-255,66,300686,43,355601
8180,0.003299,74.125.130.0-255,2902,303588,43,355601
8181,0.003302,172.31.46.0-255,66,303654,43,355601
8182,0.003313,172.31.46.0-255,66,303720,43,355601
8183,0.003316,74.125.130.0-255,1484,305204,43,355601
8184,0.003321,74.125.130.0-255,2902,308106,43,355601
8185,0.003323,172.31.46.0-255,66,308172,43,355601
8186,0.003326,74.125.130.0-255,1484,309656,43,355601
8187,0.003344,74.125.130.0-255,1484,311140,43,355601
8188,0.003347,172.31.46.0-255,66,311206,43,355601
8189,0.003354,74.125.130.0-255,7156,318362,43,355601
8190,0.003356,172.31.46.0-255,66,318428,43,355601
8191,0.003371,74.125.130.0-255,2184,320612,43,355601
8192,0.003374,172.31.46.0-255,66,320678,43,355601
8193,0.003641,74.125.130.0-255,1484,322162,43,355601
8194,0.003648,74.125.130.0-255,2902,325064,43,355601
8195,0.003653,172.31.46.0-255,66,325130,43,355601
8196,0.003656,74.125.130.0-255,1484,326614,43,355601
8197,0.003707,74.125.130.0-255,1484,328098,43,355601
8198,0.003709,172.31.46.0-255,66,328164,43,355601
8199,0.003712,74.125.130.0-255,1484,329648,43,355601
8200,0.003716,74.125.130.0-255,1484,331132,43,355601
8201,0.003718,172.31.46.0-255,66,331198,43,355601
8202,0.003721,74.125.130.0-255,1484,332682,43,355601
8203,0.003745,74.125.130.0-255,4320,337002,43,355601
8204,0.003748,172.31.46.0-255,66,337068,43,355601
8205,0.00376,74.125.130.0-255,1484,338552,43,355601
8206,0.003777,74.125.130.0-255,4320,342872,43,355601
8207,0.00378,172.31.46.0-255,66,342938,43,355601
8208,0.003786,74.125.130.0-255,5738,348676,43,355601
8209,0.003788,172.31.46.0-255,66,348742,43,355601
8210,0.003804,74.125.130.0-255,2902,351644,43,355601
8211,0.003806,172.31.46.0-255,66,351710,43,355601
8212,0.00383,74.125.130.0-255,3549,355259,43,355601
8213,0.003833,172.31.46.0-255,66,355325,43,355601
8214,0.003851,74.125.130.0-255,105,355430,43,355601
8215,0.008344,172.31.46.0-255,105,355535,43,355601
8216,0.010312,74.125.130.0-255,66,355601,43,355601
8217,0.0,74.125.24.0-255,153,153,43,243788
8218,2e-05,172.31.46.0-255,66,219,43,243788
8219,2.6e-05,74.125.24.0-255,1484,1703,43,243788
8220,3e-05,172.31.46.0-255,66,1769,43,243788
8221,4.2e-05,74.125.24.0-255,2902,4671,43,243788
8222,4.5e-05,172.31.46.0-255,66,4737,43,243788
8223,5.2e-05,74.125.24.0-255,7156,11893,43,243788
8224,5.5e-05,172.31.46.0-255,66,11959,43,243788
8225,5.9e-05,74.125.24.0-255,2012,13971,43,243788
8226,6.1e-05,172.31.46.0-255,66,14037,43,243788
8227,0.000137,74.125.24.0-255,1484,15521,43,243788
8228,0.000141,172.31.46.0-255,66,15587,43,243788
8229,0.000144,74.125.24.0-255,1484,17071,43,243788
8230,0.000146,172.31.46.0-255,66,17137,43,243788
8231,0.000164,74.125.24.0-255,1484,18621,43,243788
8232,0.000167,172.31.46.0-255,66,18687,43,243788
8233,0.000176,74.125.24.0-255,5738,24425,43,243788
8234,0.000178,172.31.46.0-255,66,24491,43,243788
8235,0.000209,74.125.24.0-255,5738,30229,43,243788
8236,0.000211,172.31.46.0-255,66,30295,43,243788
8237,0.000241,172.31.46.0-255,66,30361,43,243788
8238,0.000255,74.125.24.0-255,4320,34681,43,243788
8239,0.000256,172.31.46.0-255,66,34747,43,243788
8240,0.000284,74.125.24.0-255,5379,40126,43,243788
8241,0.000286,172.31.46.0-255,66,40192,43,243788
8242,0.000291,74.125.24.0-255,4320,44512,43,243788
8243,0.000293,172.31.46.0-255,66,44578,43,243788
8244,0.000325,74.125.24.0-255,5738,50316,43,243788
8245,0.000328,172.31.46.0-255,66,50382,43,243788
8246,0.000334,74.125.24.0-255,7108,57490,43,243788
8247,0.000336,172.31.46.0-255,66,57556,43,243788
8248,0.000456,74.125.24.0-255,113,57669,43,243788
8249,0.000582,74.125.24.0-255,1484,59153,43,243788
8250,0.000587,172.31.46.0-255,66,59219,43,243788
8251,0.000594,74.125.24.0-255,2902,62121,43,243788
8252,0.000596,172.31.46.0-255,66,62187,43,243788
8253,0.000601,74.125.24.0-255,2902,65089,43,243788
8254,0.000609,172.31.46.0-255,66,65155,43,243788
8255,0.000635,74.125.24.0-255,2902,68057,43,243788
8256,0.000638,172.31.46.0-255,66,68123,43,243788
8257,0.000653,172.31.46.0-255,66,68189,43,243788
8258,0.000666,172.31.46.0-255,66,68255,43,243788
8259,0.000688,74.125.24.0-255,1367,69622,43,243788
8260,0.0011,74.125.24.0-255,1484,71106,43,243788
8261,0.001104,172.31.46.0-255,66,71172,43,243788
8262,0.00111,74.125.24.0-255,2902,74074,43,243788
8263,0.001112,172.31.46.0-255,66,74140,43,243788
8264,0.001115,74.125.24.0-255,1484,75624,43,243788
8265,0.001148,74.125.24.0-255,4320,79944,43,243788
8266,0.001151,172.31.46.0-255,66,80010,43,243788
8267,0.001156,74.125.24.0-255,4320,84330,43,243788
8268,0.001159,172.31.46.0-255,66,84396,43,243788
8269,0.001164,74.125.24.0-255,4320,88716,43,243788
8270,0.001167,172.31.46.0-255,66,88782,43,243788
8271,0.001201,74.125.24.0-255,7156,95938,43,243788
8272,0.001204,172.31.46.0-255,66,96004,43,243788
8273,0.001214,172.31.46.0-255,66,96070,43,243788
8274,0.001501,74.125.24.0-255,1484,97554,43,243788
8275,0.001509,74.125.24.0-255,2902,100456,43,243788
8276,0.001512,172.31.46.0-255,66,100522,43,243788
8277,0.001537,74.125.24.0-255,4320,104842,43,243788
8278,0.001539,172.31.46.0-255,66,104908,43,243788
8279,0.001566,74.125.24.0-255,1484,106392,43,243788
8280,0.001574,74.125.24.0-255,7156,113548,43,243788
8281,0.001576,172.31.46.0-255,66,113614,43,243788
8282,0.001625,172.31.46.0-255,66,113680,43,243788
8283,0.001656,74.125.24.0-255,4320,118000,43,243788
8284,0.001659,172.31.46.0-255,66,118066,43,243788
8285,0.001663,74.125.24.0-255,2184,120250,43,243788
8286,0.001665,172.31.46.0-255,66,120316,43,243788
8287,0.001689,74.125.24.0-255,1484,121800,43,243788
8288,0.001694,74.125.24.0-255,2902,124702,43,243788
8289,0.001696,172.31.46.0-255,66,124768,43,243788
8290,0.001709,74.125.24.0-255,1484,126252,43,243788
8291,0.00173,74.125.24.0-255,4320,130572,43,243788
8292,0.001732,172.31.46.0-255,66,130638,43,243788
8293,0.001764,172.31.46.0-255,66,130704,43,243788
8294,0.001803,172.31.46.0-255,66,130770,43,243788
8295,0.002001,74.125.24.0-255,1484,132254,43,243788
8296,0.002022,74.125.24.0-255,2902,135156,43,243788
8297,0.002026,172.31.46.0-255,66,135222,43,243788
8298,0.002033,74.125.24.0-255,5738,140960,43,243788
8299,0.002035,172.31.46.0-255,66,141026,43,243788
8300,0.002048,74.125.24.0-255,1484,142510,43,243788
8301,0.002075,74.125.24.0-255,7156,149666,43,243788
8302,0.002078,172.31.46.0-255,66,149732,43,243788
8303,0.002157,172.31.46.0-255,66,149798,43,243788
8304,0.002281,74.125.24.0-255,1484,151282,43,243788
8305,0.002285,74.125.24.0-255,1484,152766,43,243788
8306,0.002288,172.31.46.0-255,66,152832,43,243788
8307,0.002311,74.125.24.0-255,1484,154316,43,243788
8308,0.002317,74.125.24.0-255,5738,160054,43,243788
8309,0.002324,172.31.46.0-255,66,160120,43,243788
8310,0.00235,74.125.24.0-255,5738,165858,43,243788
8311,0.002352,172.31.46.0-255,66,165924,43,243788
8312,0.002387,74.125.24.0-255,5738,171662,43,243788
8313,0.00239,172.31.46.0-255,66,171728,43,243788
8314,0.002393,74.125.24.0-255,1484,173212,43,243788
8315,0.004712,74.125.24.0-255,4320,177532,43,243788
8316,0.004719,172.31.46.0-255,66,177598,43,243788
8317,0.007081,74.125.24.0-255,5738,183336,43,243788
8318,0.007088,172.31.46.0-255,66,183402,43,243788
8319,0.009433,74.125.24.0-255,5738,189140,43,243788
8320,0.00944,172.31.46.0-255,66,189206,43,243788
8321,0.011816,74.125.24.0-255,5738,194944,43,243788
8322,0.011825,172.31.46.0-255,66,195010,43,243788
8323,0.014168,74.125.24.0-255,5738,200748,43,243788
8324,0.014175,172.31.46.0-255,66,200814,43,243788
8325,0.016522,74.125.24.0-255,5738,206552,43,243788
8326,0.01653,172.31.46.0-255,66,206618,43,243788
8327,0.018863,74.125.24.0-255,5738,212356,43,243788
8328,0.018874,172.31.46.0-255,66,212422,43,243788
8329,0.021227,74.125.24.0-255,5738,218160,43,243788
8330,0.021234,172.31.46.0-255,66,218226,43,243788
8331,0.023571,74.125.24.0-255,5738,223964,43,243788
8332,0.023578,172.31.46.0-255,66,224030,43,243788
8333,0.025934,74.125.24.0-255,5738,229768,43,243788
8334,0.025941,172.31.46.0-255,66,229834,43,243788
8335,0.026648,172.31.46.0-255,172,230006,43,243788
8336,0.026679,172.31.46.0-255,1108,231114,43,243788
8337,0.026748,172.31.46.0-255,1514,232628,43,243788
8338,0.02677,172.31.46.0-255,1514,234142,43,243788
8339,0.026771,172.31.46.0-255,1514,235656,43,243788
8340,0.02679,172.31.46.0-255,1514,237170,43,243788
8341,0.026791,172.31.46.0-255,550,237720,43,243788
8342,0.028147,104.244.42.0-255,66,237786,43,243788
8343,0.028172,104.244.42.0-255,66,237852,43,243788
8344,0.028275,104.244.42.0-255,66,237918,43,243788
8345,0.028294,104.244.42.0-255,66,237984,43,243788
8346,0.028303,74.125.24.0-255,5738,243722,43,243788
8347,0.028307,172.31.46.0-255,66,243788,43,243788
8348,0.0,172.217.194.0-255,155,155,43,254887
8349,2.6e-05,172.31.46.0-255,66,221,43,254887
8350,3.3e-05,172.217.194.0-255,1484,1705,43,254887
8351,3.8e-05,172.31.46.0-255,66,1771,43,254887
8352,5.2e-05,172.217.194.0-255,2902,4673,43,254887
8353,5.7e-05,172.31.46.0-255,66,4739,43,254887
8354,6.4e-05,172.217.194.0-255,7156,11895,43,254887
8355,6.7e-05,172.31.46.0-255,66,11961,43,254887
8356,7.2e-05,172.217.194.0-255,2105,14066,43,254887
8357,7.5e-05,172.31.46.0-255,66,14132,43,254887
8358,0.000281,172.217.194.0-255,1484,15616,43,254887
8359,0.000285,172.31.46.0-255,66,15682,43,254887
8360,0.000292,172.217.194.0-255,2902,18584,43,254887
8361,0.000295,172.31.46.0-255,66,18650,43,254887
8362,0.000298,172.217.194.0-255,1484,20134,43,254887
8363,0.0003,172.31.46.0-255,66,20200,43,254887
8364,0.000335,172.217.194.0-255,4320,24520,43,254887
8365,0.000337,172.31.46.0-255,66,24586,43,254887
8366,0.000366,172.217.194.0-255,6797,31383,43,254887
8367,0.000369,172.31.46.0-255,66,31449,43,254887
8368,0.000462,172.217.194.0-255,1484,32933,43,254887
8369,0.000466,172.31.46.0-255,66,32999,43,254887
8370,0.00047,172.217.194.0-255,1484,34483,43,254887
8371,0.000472,172.31.46.0-255,66,34549,43,254887
8372,0.000493,172.217.194.0-255,1484,36033,43,254887
8373,0.000496,172.31.46.0-255,66,36099,43,254887
8374,0.000501,172.217.194.0-255,2902,39001,43,254887
8375,0.000504,172.31.46.0-255,66,39067,43,254887
8376,0.000538,172.217.194.0-255,2902,41969,43,254887
8377,0.000541,172.31.46.0-255,66,42035,43,254887
8378,0.000548,172.217.194.0-255,5738,47773,43,254887
8379,0.00055,172.31.46.0-255,66,47839,43,254887
8380,0.000562,172.31.46.0-255,66,47905,43,254887
8381,0.000595,172.217.194.0-255,3961,51866,43,254887
8382,0.000598,172.31.46.0-255,66,51932,43,254887
8383,0.000603,172.217.194.0-255,3961,55893,43,254887
8384,0.000605,172.31.46.0-255,66,55959,43,254887
8385,0.000608,172.217.194.0-255,678,56637,43,254887
8386,0.00089,172.217.194.0-255,1484,58121,43,254887
8387,0.000895,172.31.46.0-255,66,58187,43,254887
8388,0.000901,172.217.194.0-255,2902,61089,43,254887
8389,0.000903,172.31.46.0-255,66,61155,43,254887
8390,0.000906,172.217.194.0-255,1484,62639,43,254887
8391,0.000934,172.217.194.0-255,1484,64123,43,254887
8392,0.000939,172.31.46.0-255,66,64189,43,254887
8393,0.00095,172.217.194.0-255,4320,68509,43,254887
8394,0.000952,172.31.46.0-255,66,68575,43,254887
8395,0.000955,172.217.194.0-255,1484,70059,43,254887
8396,0.000982,172.217.194.0-255,7156,77215,43,254887
8397,0.000985,172.31.46.0-255,66,77281,43,254887
8398,0.001017,172.217.194.0-255,4320,81601,43,254887
8399,0.00102,172.31.46.0-255,66,81667,43,254887
8400,0.00105,172.31.46.0-255,66,81733,43,254887
8401,0.001094,172.217.194.0-255,1484,83217,43,254887
8402,0.001114,172.217.194.0-255,2902,86119,43,254887
8403,0.001117,172.31.46.0-255,66,86185,43,254887
8404,0.001146,172.31.46.0-255,66,86251,43,254887
8405,0.001152,172.217.194.0-255,5738,91989,43,254887
8406,0.001155,172.31.46.0-255,66,92055,43,254887
8407,0.001197,172.31.46.0-255,66,92121,43,254887
8408,0.001202,172.217.194.0-255,3602,95723,43,254887
8409,0.001205,172.31.46.0-255,66,95789,43,254887
8410,0.001208,172.217.194.0-255,1484,97273,43,254887
8411,0.001212,172.217.194.0-255,2902,100175,43,254887
8412,0.001214,172.31.46.0-255,66,100241,43,254887
8413,0.001219,172.217.194.0-255,2902,103143,43,254887
8414,0.001223,172.31.46.0-255,66,103209,43,254887
8415,0.001263,172.217.194.0-255,7156,110365,43,254887
8416,0.001267,172.31.46.0-255,66,110431,43,254887
8417,0.001272,172.217.194.0-255,2902,113333,43,254887
8418,0.001274,172.31.46.0-255,66,113399,43,254887
8419,0.001296,172.217.194.0-255,5738,119137,43,254887
8420,0.001302,172.31.46.0-255,66,119203,43,254887
8421,0.001332,172.217.194.0-255,7156,126359,43,254887
8422,0.001337,172.217.194.0-255,3602,129961,43,254887
8423,0.001346,172.31.46.0-255,66,130027,43,254887
8424,0.001348,172.31.46.0-255,66,130093,43,254887
8425,0.001482,172.217.194.0-255,1484,131577,43,254887
8426,0.001502,172.217.194.0-255,2902,134479,43,254887
8427,0.001506,172.31.46.0-255,66,134545,43,254887
8428,0.001539,172.217.194.0-255,5738,140283,43,254887
8429,0.001542,172.31.46.0-255,66,140349,43,254887
8430,0.001549,172.217.194.0-255,7156,147505,43,254887
8431,0.001551,172.31.46.0-255,66,147571,43,254887
8432,0.001558,172.217.194.0-255,7156,154727,43,254887
8433,0.001561,172.31.46.0-255,66,154793,43,254887
8434,0.001591,172.217.194.0-255,7156,161949,43,254887
8435,0.001598,172.217.194.0-255,2184,164133,43,254887
8436,0.001636,172.31.46.0-255,66,164199,43,254887
8437,0.001639,172.31.46.0-255,66,164265,43,254887
8438,0.001658,172.217.194.0-255,2902,167167,43,254887
8439,0.001661,172.31.46.0-255,66,167233,43,254887
8440,0.001666,172.217.194.0-255,4320,171553,43,254887
8441,0.001668,172.31.46.0-255,66,171619,43,254887
8442,0.001678,172.31.46.0-255,66,171685,43,254887
8443,0.001717,172.217.194.0-255,5738,177423,43,254887
8444,0.00172,172.31.46.0-255,66,177489,43,254887
8445,0.001765,172.31.46.0-255,66,177555,43,254887
8446,0.002251,172.217.194.0-255,1484,179039,43,254887
8447,0.002273,172.217.194.0-255,2902,181941,43,254887
8448,0.002277,172.31.46.0-255,66,182007,43,254887
8449,0.00228,172.217.194.0-255,1484,183491,43,254887
8450,0.002305,172.217.194.0-255,4320,187811,43,254887
8451,0.002308,172.31.46.0-255,66,187877,43,254887
8452,0.002313,172.217.194.0-255,4320,192197,43,254887
8453,0.002315,172.31.46.0-255,66,192263,43,254887
8454,0.002356,172.31.46.0-255,66,192329,43,254887
8455,0.002367,172.31.46.0-255,66,192395,43,254887
8456,0.004731,172.217.194.0-255,5738,198133,43,254887
8457,0.004741,172.31.46.0-255,66,198199,43,254887
8458,0.007069,172.217.194.0-255,4320,202519,43,254887
8459,0.007073,172.31.46.0-255,66,202585,43,254887
8460,0.007099,172.217.194.0-255,1484,204069,43,254887
8461,0.009388,172.217.194.0-255,4320,208389,43,254887
8462,0.009397,172.31.46.0-255,66,208455,43,254887
8463,0.011738,172.217.194.0-255,5738,214193,43,254887
8464,0.011746,172.31.46.0-255,66,214259,43,254887
8465,0.014103,172.217.194.0-255,5738,219997,43,254887
8466,0.014117,172.31.46.0-255,66,220063,43,254887
8467,0.016445,172.217.194.0-255,5738,225801,43,254887
8468,0.016457,172.31.46.0-255,66,225867,43,254887
8469,0.018814,172.217.194.0-255,5738,231605,43,254887
8470,0.018825,172.31.46.0-255,66,231671,43,254887
8471,0.021145,172.217.194.0-255,5738,237409,43,254887
8472,0.021153,172.31.46.0-255,66,237475,43,254887
8473,0.023481,172.217.194.0-255,5738,243213,43,254887
8474,0.02349,172.31.46.0-255,66,243279,43,254887
8475,0.025822,172.217.194.0-255,5738,249017,43,254887
8476,0.025833,172.31.46.0-255,66,249083,43,254887
8477,0.028181,172.217.194.0-255,5738,254821,43,254887
8478,0.028191,172.31.46.0-255,66,254887,43,254887
8479,0.0,74.125.24.0-255,143,143,43,139201
8480,2.1e-05,172.31.46.0-255,66,209,43,139201
8481,2.8e-05,74.125.24.0-255,1484,1693,43,139201
8482,3.2e-05,172.31.46.0-255,66,1759,43,139201
8483,3.8e-05,74.125.24.0-255,2902,4661,43,139201
8484,5.2e-05,172.31.46.0-255,66,4727,43,139201
8485,0.000118,74.125.24.0-255,7156,11883,43,139201
8486,0.000121,172.31.46.0-255,66,11949,43,139201
8487,0.000336,74.125.24.0-255,5738,17687,43,139201
8488,0.000342,172.31.46.0-255,66,17753,43,139201
8489,0.000374,74.125.24.0-255,4937,22690,43,139201
8490,0.000378,172.31.46.0-255,66,22756,43,139201
8491,0.000679,172.31.46.0-255,66,22822,43,139201
8492,0.000914,74.125.24.0-255,7156,29978,43,139201
8493,0.000919,172.31.46.0-255,66,30044,43,139201
8494,0.00095,172.31.46.0-255,66,30110,43,139201
8495,0.001574,74.125.24.0-255,7156,37266,43,139201
8496,0.001582,172.31.46.0-255,66,37332,43,139201
8497,0.001628,172.31.46.0-255,66,37398,43,139201
8498,0.002509,74.125.24.0-255,2902,40300,43,139201
8499,0.002512,172.31.46.0-255,66,40366,43,139201
8500,0.002538,74.125.24.0-255,7156,47522,43,139201
8501,0.002554,74.125.24.0-255,2902,50424,43,139201
8502,0.002575,74.125.24.0-255,7156,57580,43,139201
8503,0.002592,74.125.24.0-255,2902,60482,43,139201
8504,0.003195,74.125.24.0-255,1484,61966,43,139201
8505,0.003236,74.125.24.0-255,1484,63450,43,139201
8506,0.003282,74.125.24.0-255,2902,66352,43,139201
8507,0.003369,74.125.24.0-255,7156,73508,43,139201
8508,0.003581,74.125.24.0-255,2902,76410,43,139201
8509,0.003626,74.125.24.0-255,5738,82148,43,139201
8510,0.003641,74.125.24.0-255,2902,85050,43,139201
8511,0.003946,74.125.24.0-255,7156,92206,43,139201
8512,0.004015,74.125.24.0-255,4320,96526,43,139201
8513,0.00469,172.31.46.0-255,66,96592,43,139201
8514,0.004905,172.31.46.0-255,66,96658,43,139201
8515,0.004913,74.125.24.0-255,1484,98142,43,139201
8516,0.005146,74.125.24.0-255,7156,105298,43,139201
8517,0.005154,172.31.46.0-255,66,105364,43,139201
8518,0.005206,172.31.46.0-255,66,105430,43,139201
8519,0.005246,172.31.46.0-255,66,105496,43,139201
8520,0.005324,172.31.46.0-255,66,105562,43,139201
8521,0.005509,172.31.46.0-255,66,105628,43,139201
8522,0.005834,172.31.46.0-255,66,105694,43,139201
8523,0.007917,74.125.24.0-255,7156,112850,43,139201
8524,0.007924,172.31.46.0-255,66,112916,43,139201
8525,0.008006,74.125.24.0-255,3082,115998,43,139201
8526,0.008149,74.125.24.0-255,5488,121486,43,139201
8527,0.008471,74.125.24.0-255,4320,125806,43,139201
8528,0.008625,74.125.24.0-255,7156,132962,43,139201
8529,0.008742,172.31.46.0-255,66,133028,43,139201
8530,0.010559,74.125.24.0-255,5738,138766,43,139201
8531,0.010566,172.31.46.0-255,66,138832,43,139201
8532,0.010623,172.31.46.0-255,66,138898,43,139201
8533,0.011386,172.31.46.0-255,66,138964,43,139201
8534,0.011435,172.31.46.0-255,66,139030,43,139201
8535,0.01199,172.31.46.0-255,105,139135,43,139201
8536,0.014548,74.125.24.0-255,66,139201,43,139201
8537,0.0,74.125.24.0-255,153,153,43,226260
8538,2.2e-05,172.31.46.0-255,66,219,43,226260
8539,2.9e-05,74.125.24.0-255,1484,1703,43,226260
8540,3.3e-05,172.31.46.0-255,66,1769,43,226260
8541,3.8e-05,74.125.24.0-255,2902,4671,43,226260
8542,4.9e-05,172.31.46.0-255,66,4737,43,226260
8543,5.7e-05,74.125.24.0-255,7156,11893,43,226260
8544,6e-05,172.31.46.0-255,66,11959,43,226260
8545,6.5e-05,74.125.24.0-255,2038,13997,43,226260
8546,6.8e-05,172.31.46.0-255,66,14063,43,226260
8547,0.000178,74.125.24.0-255,1484,15547,43,226260
8548,0.000182,172.31.46.0-255,66,15613,43,226260
8549,0.00021,74.125.24.0-255,2902,18515,43,226260
8550,0.000213,172.31.46.0-255,66,18581,43,226260
8551,0.000219,74.125.24.0-255,4320,22901,43,226260
8552,0.000221,172.31.46.0-255,66,22967,43,226260
8553,0.000244,74.125.24.0-255,2902,25869,43,226260
8554,0.000246,172.31.46.0-255,66,25935,43,226260
8555,0.000269,74.125.24.0-255,2902,28837,43,226260
8556,0.000272,172.31.46.0-255,66,28903,43,226260
8557,0.00028,74.125.24.0-255,2543,31446,43,226260
8558,0.000282,172.31.46.0-255,66,31512,43,226260
8559,0.000343,74.125.24.0-255,1484,32996,43,226260
8560,0.000346,172.31.46.0-255,66,33062,43,226260
8561,0.000351,74.125.24.0-255,2902,35964,43,226260
8562,0.000354,172.31.46.0-255,66,36030,43,226260
8563,0.000357,74.125.24.0-255,1484,37514,43,226260
8564,0.000359,172.31.46.0-255,66,37580,43,226260
8565,0.000379,74.125.24.0-255,4320,41900,43,226260
8566,0.000381,172.31.46.0-255,66,41966,43,226260
8567,0.000399,172.31.46.0-255,66,42032,43,226260
8568,0.000719,74.125.24.0-255,646,42678,43,226260
8569,0.000846,74.125.24.0-255,1484,44162,43,226260
8570,0.000851,74.125.24.0-255,2902,47064,43,226260
8571,0.000861,74.125.24.0-255,1484,48548,43,226260
8572,0.000875,74.125.24.0-255,2902,51450,43,226260
8573,0.000895,172.31.46.0-255,66,51516,43,226260
8574,0.000903,74.125.24.0-255,7156,58672,43,226260
8575,0.000924,74.125.24.0-255,2543,61215,43,226260
8576,0.000927,172.31.46.0-255,66,61281,43,226260
8577,0.00097,74.125.24.0-255,5379,66660,43,226260
8578,0.001138,172.31.46.0-255,66,66726,43,226260
8579,0.001467,74.125.24.0-255,1484,68210,43,226260
8580,0.001483,74.125.24.0-255,2902,71112,43,226260
8581,0.001487,172.31.46.0-255,66,71178,43,226260
8582,0.001493,74.125.24.0-255,5738,76916,43,226260
8583,0.001516,74.125.24.0-255,4320,81236,43,226260
8584,0.001532,172.31.46.0-255,66,81302,43,226260
8585,0.001546,74.125.24.0-255,4320,85622,43,226260
8586,0.001556,172.31.46.0-255,66,85688,43,226260
8587,0.001583,74.125.24.0-255,6438,92126,43,226260
8588,0.001591,172.31.46.0-255,66,92192,43,226260
8589,0.001722,74.125.24.0-255,1484,93676,43,226260
8590,0.001741,74.125.24.0-255,2902,96578,43,226260
8591,0.001757,172.31.46.0-255,66,96644,43,226260
8592,0.001767,74.125.24.0-255,5738,102382,43,226260
8593,0.001789,74.125.24.0-255,7156,109538,43,226260
8594,0.001792,172.31.46.0-255,66,109604,43,226260
8595,0.001809,74.125.24.0-255,5738,115342,43,226260
8596,0.001833,74.125.24.0-255,2902,118244,43,226260
8597,0.001838,172.31.46.0-255,66,118310,43,226260
8598,0.00188,172.31.46.0-255,66,118376,43,226260
8599,0.002022,74.125.24.0-255,1484,119860,43,226260
8600,0.002043,74.125.24.0-255,2902,122762,43,226260
8601,0.002047,172.31.46.0-255,66,122828,43,226260
8602,0.002054,74.125.24.0-255,5738,128566,43,226260
8603,0.002082,172.31.46.0-255,66,128632,43,226260
8604,0.002087,172.31.46.0-255,66,128698,43,226260
8605,0.002095,74.125.24.0-255,2902,131600,43,226260
8606,0.002148,172.31.46.0-255,66,131666,43,226260
8607,0.002214,74.125.24.0-255,1484,133150,43,226260
8608,0.002219,74.125.24.0-255,2902,136052,43,226260
8609,0.002223,172.31.46.0-255,66,136118,43,226260
8610,0.002235,74.125.24.0-255,4320,140438,43,226260
8611,0.002248,74.125.24.0-255,1484,141922,43,226260
8612,0.002264,172.31.46.0-255,66,141988,43,226260
8613,0.002275,74.125.24.0-255,4320,146308,43,226260
8614,0.00228,172.31.46.0-255,66,146374,43,226260
8615,0.002321,74.125.24.0-255,4320,150694,43,226260
8616,0.002342,74.125.24.0-255,6438,157132,43,226260
8617,0.002355,172.31.46.0-255,66,157198,43,226260
8618,0.00236,74.125.24.0-255,2902,160100,43,226260
8619,0.002365,172.31.46.0-255,66,160166,43,226260
8620,0.002451,74.125.24.0-255,5738,165904,43,226260
8621,0.00247,74.125.24.0-255,3602,169506,43,226260
8622,0.002475,172.31.46.0-255,66,169572,43,226260
8623,0.005059,74.125.24.0-255,5738,175310,43,226260
8624,0.005067,172.31.46.0-255,66,175376,43,226260
8625,0.007652,74.125.24.0-255,5738,181114,43,226260
8626,0.007659,172.31.46.0-255,66,181180,43,226260
8627,0.010223,74.125.24.0-255,4320,185500,43,226260
8628,0.010235,172.31.46.0-255,66,185566,43,226260
8629,0.010262,74.125.24.0-255,1484,187050,43,226260
8630,0.012768,74.125.24.0-255,4320,191370,43,226260
8631,0.012776,172.31.46.0-255,66,191436,43,226260
8632,0.015373,74.125.24.0-255,5738,197174,43,226260
8633,0.015405,172.31.46.0-255,66,197240,43,226260
8634,0.018005,74.125.24.0-255,5738,202978,43,226260
8635,0.018014,172.31.46.0-255,66,203044,43,226260
8636,0.020578,74.125.24.0-255,5738,208782,43,226260
8637,0.020586,172.31.46.0-255,66,208848,43,226260
8638,0.023176,74.125.24.0-255,5738,214586,43,226260
8639,0.023182,172.31.46.0-255,66,214652,43,226260
8640,0.025765,74.125.24.0-255,5738,220390,43,226260
8641,0.025772,172.31.46.0-255,66,220456,43,226260
8642,0.028386,74.125.24.0-255,5738,226194,43,226260
8643,0.028393,172.31.46.0-255,66,226260,43,226260
8644,0.0,74.125.24.0-255,153,153,43,202157
8645,2.2e-05,172.31.46.0-255,66,219,43,202157
8646,2.9e-05,74.125.24.0-255,1484,1703,43,202157
8647,3.4e-05,172.31.46.0-255,66,1769,43,202157
8648,4.7e-05,74.125.24.0-255,2902,4671,43,202157
8649,5.2e-05,172.31.46.0-255,66,4737,43,202157
8650,5.8e-05,74.125.24.0-255,4320,9057,43,202157
8651,6.1e-05,172.31.46.0-255,66,9123,43,202157
8652,9.1e-05,74.125.24.0-255,2902,12025,43,202157
8653,9.4e-05,172.31.46.0-255,66,12091,43,202157
8654,0.0001,74.125.24.0-255,2028,14119,43,202157
8655,0.000104,172.31.46.0-255,66,14185,43,202157
8656,0.00026,74.125.24.0-255,1484,15669,43,202157
8657,0.000264,172.31.46.0-255,66,15735,43,202157
8658,0.000269,74.125.24.0-255,1484,17219,43,202157
8659,0.000271,172.31.46.0-255,66,17285,43,202157
8660,0.000289,74.125.24.0-255,1484,18769,43,202157
8661,0.000292,172.31.46.0-255,66,18835,43,202157
8662,0.000299,74.125.24.0-255,5738,24573,43,202157
8663,0.000305,172.31.46.0-255,66,24639,43,202157
8664,0.000345,74.125.24.0-255,4320,28959,43,202157
8665,0.000348,172.31.46.0-255,66,29025,43,202157
8666,0.000395,74.125.24.0-255,6797,35822,43,202157
8667,0.000399,172.31.46.0-255,66,35888,43,202157
8668,0.000412,172.31.46.0-255,66,35954,43,202157
8669,0.000432,172.31.46.0-255,66,36020,43,202157
8670,0.000437,74.125.24.0-255,3602,39622,43,202157
8671,0.000439,172.31.46.0-255,66,39688,43,202157
8672,0.000466,74.125.24.0-255,443,40131,43,202157
8673,0.000468,172.31.46.0-255,66,40197,43,202157
8674,0.00057,74.125.24.0-255,1484,41681,43,202157
8675,0.000575,74.125.24.0-255,1484,43165,43,202157
8676,0.000578,172.31.46.0-255,66,43231,43,202157
8677,0.000588,74.125.24.0-255,1484,44715,43,202157
8678,0.0006,74.125.24.0-255,5738,50453,43,202157
8679,0.000602,172.31.46.0-255,66,50519,43,202157
8680,0.000634,172.31.46.0-255,66,50585,43,202157
8681,0.000663,74.125.24.0-255,2902,53487,43,202157
8682,0.000678,172.31.46.0-255,66,53553,43,202157
8683,0.000685,172.31.46.0-255,66,53619,43,202157
8684,0.001146,74.125.24.0-255,1484,55103,43,202157
8685,0.001152,74.125.24.0-255,2902,58005,43,202157
8686,0.001156,172.31.46.0-255,66,58071,43,202157
8687,0.001189,74.125.24.0-255,1484,59555,43,202157
8688,0.001209,74.125.24.0-255,4320,63875,43,202157
8689,0.001212,172.31.46.0-255,66,63941,43,202157
8690,0.00123,172.31.46.0-255,66,64007,43,202157
8691,0.001264,172.31.46.0-255,66,64073,43,202157
8692,0.001564,74.125.24.0-255,1484,65557,43,202157
8693,0.001569,74.125.24.0-255,1484,67041,43,202157
8694,0.001572,172.31.46.0-255,66,67107,43,202157
8695,0.001601,74.125.24.0-255,1484,68591,43,202157
8696,0.001608,74.125.24.0-255,5738,74329,43,202157
8697,0.00161,172.31.46.0-255,66,74395,43,202157
8698,0.001617,74.125.24.0-255,7156,81551,43,202157
8699,0.001619,172.31.46.0-255,66,81617,43,202157
8700,0.001635,172.31.46.0-255,66,81683,43,202157
8701,0.00166,74.125.24.0-255,4320,86003,43,202157
8702,0.00167,74.125.24.0-255,2184,88187,43,202157
8703,0.001674,172.31.46.0-255,66,88253,43,202157
8704,0.001677,172.31.46.0-255,66,88319,43,202157
8705,0.001773,74.125.24.0-255,1484,89803,43,202157
8706,0.001778,74.125.24.0-255,2902,92705,43,202157
8707,0.001782,172.31.46.0-255,66,92771,43,202157
8708,0.001795,74.125.24.0-255,5738,98509,43,202157
8709,0.001801,172.31.46.0-255,66,98575,43,202157
8710,0.001806,74.125.24.0-255,4320,102895,43,202157
8711,0.001808,172.31.46.0-255,66,102961,43,202157
8712,0.001837,74.125.24.0-255,7156,110117,43,202157
8713,0.00184,172.31.46.0-255,66,110183,43,202157
8714,0.001871,74.125.24.0-255,4320,114503,43,202157
8715,0.001874,172.31.46.0-255,66,114569,43,202157
8716,0.001894,172.31.46.0-255,66,114635,43,202157
8717,0.00191,172.31.46.0-255,66,114701,43,202157
8718,0.001914,74.125.24.0-255,2902,117603,43,202157
8719,0.001916,172.31.46.0-255,66,117669,43,202157
8720,0.001957,172.31.46.0-255,66,117735,43,202157
8721,0.001994,74.125.24.0-255,1484,119219,43,202157
8722,0.002016,74.125.24.0-255,1484,120703,43,202157
8723,0.002019,172.31.46.0-255,66,120769,43,202157
8724,0.003926,74.125.24.0-255,2902,123671,43,202157
8725,0.003932,172.31.46.0-255,66,123737,43,202157
8726,0.003963,74.125.24.0-255,2902,126639,43,202157
8727,0.003966,172.31.46.0-255,66,126705,43,202157
8728,0.005906,74.125.24.0-255,5738,132443,43,202157
8729,0.005912,172.31.46.0-255,66,132509,43,202157
8730,0.007882,74.125.24.0-255,5738,138247,43,202157
8731,0.007887,172.31.46.0-255,66,138313,43,202157
8732,0.009869,74.125.24.0-255,5738,144051,43,202157
8733,0.009878,172.31.46.0-255,66,144117,43,202157
8734,0.011844,74.125.24.0-255,5738,149855,43,202157
8735,0.011852,172.31.46.0-255,66,149921,43,202157
8736,0.01382,74.125.24.0-255,5738,155659,43,202157
8737,0.013827,172.31.46.0-255,66,155725,43,202157
8738,0.015772,74.125.24.0-255,5738,161463,43,202157
8739,0.015781,172.31.46.0-255,66,161529,43,202157
8740,0.017758,74.125.24.0-255,5738,167267,43,202157
8741,0.017771,172.31.46.0-255,66,167333,43,202157
8742,0.019797,74.125.24.0-255,5738,173071,43,202157
8743,0.019811,172.31.46.0-255,66,173137,43,202157
8744,0.021788,74.125.24.0-255,5738,178875,43,202157
8745,0.021805,172.31.46.0-255,66,178941,43,202157
8746,0.023757,74.125.24.0-255,5738,184679,43,202157
8747,0.023768,172.31.46.0-255,66,184745,43,202157
8748,0.025716,74.125.24.0-255,5738,190483,43,202157
8749,0.025723,172.31.46.0-255,66,190549,43,202157
8750,0.027682,74.125.24.0-255,5738,196287,43,202157
8751,0.02769,172.31.46.0-255,66,196353,43,202157
8752,0.02963,74.125.24.0-255,5738,202091,43,202157
8753,0.029639,172.31.46.0-255,66,202157,43,202157
8754,0.0,74.125.24.0-255,153,153,43,172149
8755,2.3e-05,172.31.46.0-255,66,219,43,172149
8756,3e-05,74.125.24.0-255,1484,1703,43,172149
8757,3.6e-05,172.31.46.0-255,66,1769,43,172149
8758,4.9e-05,74.125.24.0-255,2902,4671,43,172149
8759,5.2e-05,172.31.46.0-255,66,4737,43,172149
8760,6e-05,74.125.24.0-255,7156,11893,43,172149
8761,6.3e-05,172.31.46.0-255,66,11959,43,172149
8762,6.7e-05,74.125.24.0-255,2027,13986,43,172149
8763,7e-05,172.31.46.0-255,66,14052,43,172149
8764,0.000498,74.125.24.0-255,1484,15536,43,172149
8765,0.000504,172.31.46.0-255,66,15602,43,172149
8766,0.000542,74.125.24.0-255,1484,17086,43,172149
8767,0.000545,172.31.46.0-255,66,17152,43,172149
8768,0.00057,74.125.24.0-255,1484,18636,43,172149
8769,0.000572,172.31.46.0-255,66,18702,43,172149
8770,0.000578,74.125.24.0-255,5738,24440,43,172149
8771,0.00058,172.31.46.0-255,66,24506,43,172149
8772,0.0006,172.31.46.0-255,66,24572,43,172149
8773,0.00061,172.31.46.0-255,66,24638,43,172149
8774,0.000636,74.125.24.0-255,4320,28958,43,172149
8775,0.000643,172.31.46.0-255,66,29024,43,172149
8776,0.000655,172.31.46.0-255,66,29090,43,172149
8777,0.000689,74.125.24.0-255,5630,34720,43,172149
8778,0.000692,172.31.46.0-255,66,34786,43,172149
8779,0.000906,74.125.24.0-255,1484,36270,43,172149
8780,0.000913,172.31.46.0-255,66,36336,43,172149
8781,0.000918,74.125.24.0-255,2902,39238,43,172149
8782,0.00092,172.31.46.0-255,66,39304,43,172149
8783,0.000944,74.125.24.0-255,5738,45042,43,172149
8784,0.000952,74.125.24.0-255,7156,52198,43,172149
8785,0.000986,74.125.24.0-255,5738,57936,43,172149
8786,0.000991,74.125.24.0-255,2184,60120,43,172149
8787,0.001384,74.125.24.0-255,1484,61604,43,172149
8788,0.001393,74.125.24.0-255,2902,64506,43,172149
8789,0.001413,74.125.24.0-255,5738,70244,43,172149
8790,0.001458,74.125.24.0-255,4320,74564,43,172149
8791,0.001931,74.125.24.0-255,1484,76048,43,172149
8792,0.001946,74.125.24.0-255,2902,78950,43,172149
8793,0.001968,74.125.24.0-255,5738,84688,43,172149
8794,0.001984,74.125.24.0-255,2902,87590,43,172149
8795,0.001998,74.125.24.0-255,5738,93328,43,172149
8796,0.002017,74.125.24.0-255,4320,97648,43,172149
8797,0.002044,74.125.24.0-255,2902,100550,43,172149
8798,0.003803,172.31.46.0-255,66,100616,43,172149
8799,0.006141,74.125.24.0-255,5738,106354,43,172149
8800,0.006148,172.31.46.0-255,66,106420,43,172149
8801,0.008488,74.125.24.0-255,4320,110740,43,172149
8802,0.008495,172.31.46.0-255,66,110806,43,172149
8803,0.008524,74.125.24.0-255,1484,112290,43,172149
8804,0.010844,74.125.24.0-255,4320,116610,43,172149
8805,0.010851,172.31.46.0-255,66,116676,43,172149
8806,0.01317,74.125.24.0-255,5738,122414,43,172149
8807,0.013178,172.31.46.0-255,66,122480,43,172149
8808,0.015531,74.125.24.0-255,5738,128218,43,172149
8809,0.015539,172.31.46.0-255,66,128284,43,172149
8810,0.017915,74.125.24.0-255,5738,134022,43,172149
8811,0.017924,172.31.46.0-255,66,134088,43,172149
8812,0.020276,74.125.24.0-255,5738,139826,43,172149
8813,0.020283,172.31.46.0-255,66,139892,43,172149
8814,0.022613,74.125.24.0-255,5738,145630,43,172149
8815,0.022621,172.31.46.0-255,66,145696,43,172149
8816,0.024992,74.125.24.0-255,5738,151434,43,172149
8817,0.025001,172.31.46.0-255,66,151500,43,172149
8818,0.027024,172.31.46.0-255,164,151664,43,172149
8819,0.027053,172.31.46.0-255,1117,152781,43,172149
8820,0.02712,172.31.46.0-255,1514,154295,43,172149
8821,0.027121,172.31.46.0-255,1514,155809,43,172149
8822,0.027127,172.31.46.0-255,1514,157323,43,172149
8823,0.027128,172.31.46.0-255,1514,158837,43,172149
8824,0.027154,172.31.46.0-255,1506,160343,43,172149
8825,0.027362,74.125.24.0-255,5738,166081,43,172149
8826,0.027368,172.31.46.0-255,66,166147,43,172149
8827,0.028576,104.244.42.0-255,66,166213,43,172149
8828,0.028627,104.244.42.0-255,66,166279,43,172149
8829,0.028764,104.244.42.0-255,66,166345,43,172149
8830,0.0297,74.125.24.0-255,5738,172083,43,172149
8831,0.029707,172.31.46.0-255,66,172149,43,172149
8832,0.0,74.125.68.0-255,150,150,43,254617
8833,2.1e-05,172.31.46.0-255,66,216,43,254617
8834,2.9e-05,74.125.68.0-255,1484,1700,43,254617
8835,3.5e-05,172.31.46.0-255,66,1766,43,254617
8836,4.1e-05,74.125.68.0-255,2902,4668,43,254617
8837,4.4e-05,172.31.46.0-255,66,4734,43,254617
8838,7e-05,74.125.68.0-255,5738,10472,43,254617
8839,7.3e-05,172.31.46.0-255,66,10538,43,254617
8840,7.9e-05,74.125.68.0-255,3443,13981,43,254617
8841,8.2e-05,172.31.46.0-255,66,14047,43,254617
8842,0.000102,74.125.68.0-255,4320,18367,43,254617
8843,0.000105,172.31.46.0-255,66,18433,43,254617
8844,0.000144,172.31.46.0-255,66,18499,43,254617
8845,0.000154,74.125.68.0-255,1484,19983,43,254617
8846,0.000156,172.31.46.0-255,66,20049,43,254617
8847,0.000173,74.125.68.0-255,2543,22592,43,254617
8848,0.000176,172.31.46.0-255,66,22658,43,254617
8849,0.000292,74.125.68.0-255,1484,24142,43,254617
8850,0.000296,172.31.46.0-255,66,24208,43,254617
8851,0.000316,74.125.68.0-255,2902,27110,43,254617
8852,0.000318,172.31.46.0-255,66,27176,43,254617
8853,0.000339,74.125.68.0-255,5738,32914,43,254617
8854,0.000341,172.31.46.0-255,66,32980,43,254617
8855,0.000345,74.125.68.0-255,2902,35882,43,254617
8856,0.000348,172.31.46.0-255,66,35948,43,254617
8857,0.000377,74.125.68.0-255,3961,39909,43,254617
8858,0.00038,172.31.46.0-255,66,39975,43,254617
8859,0.000383,74.125.68.0-255,1484,41459,43,254617
8860,0.000384,172.31.46.0-255,66,41525,43,254617
8861,0.000407,74.125.68.0-255,7156,48681,43,254617
8862,0.00041,172.31.46.0-255,66,48747,43,254617
8863,0.000414,74.125.68.0-255,2902,51649,43,254617
8864,0.000416,172.31.46.0-255,66,51715,43,254617
8865,0.000442,74.125.68.0-255,2902,54617,43,254617
8866,0.000444,172.31.46.0-255,66,54683,43,254617
8867,0.000463,74.125.68.0-255,2816,57499,43,254617
8868,0.000466,172.31.46.0-255,66,57565,43,254617
8869,0.000468,74.125.68.0-255,383,57948,43,254617
8870,0.000566,74.125.68.0-255,1484,59432,43,254617
8871,0.000571,172.31.46.0-255,66,59498,43,254617
8872,0.00059,74.125.68.0-255,2902,62400,43,254617
8873,0.000593,172.31.46.0-255,66,62466,43,254617
8874,0.000618,74.125.68.0-255,4320,66786,43,254617
8875,0.000621,172.31.46.0-255,66,66852,43,254617
8876,0.000655,74.125.68.0-255,5738,72590,43,254617
8877,0.000659,172.31.46.0-255,66,72656,43,254617
8878,0.000674,74.125.68.0-255,1484,74140,43,254617
8879,0.000703,172.31.46.0-255,66,74206,43,254617
8880,0.000708,74.125.68.0-255,4320,78526,43,254617
8881,0.00071,172.31.46.0-255,66,78592,43,254617
8882,0.000739,74.125.68.0-255,5020,83612,43,254617
8883,0.000742,172.31.46.0-255,66,83678,43,254617
8884,0.001043,74.125.68.0-255,1484,85162,43,254617
8885,0.001068,74.125.68.0-255,2902,88064,43,254617
8886,0.001072,172.31.46.0-255,66,88130,43,254617
8887,0.001096,74.125.68.0-255,4320,92450,43,254617
8888,0.001099,172.31.46.0-255,66,92516,43,254617
8889,0.001137,74.125.68.0-255,7156,99672,43,254617
8890,0.00114,172.31.46.0-255,66,99738,43,254617
8891,0.001166,74.125.68.0-255,1484,101222,43,254617
8892,0.001178,172.31.46.0-255,66,101288,43,254617
8893,0.001182,74.125.68.0-255,1484,102772,43,254617
8894,0.001211,74.125.68.0-255,5020,107792,43,254617
8895,0.001214,172.31.46.0-255,66,107858,43,254617
8896,0.001364,74.125.68.0-255,1484,109342,43,254617
8897,0.001386,74.125.68.0-255,2902,112244,43,254617
8898,0.00139,172.31.46.0-255,66,112310,43,254617
8899,0.00141,74.125.68.0-255,4320,116630,43,254617
8900,0.001412,172.31.46.0-255,66,116696,43,254617
8901,0.001435,74.125.68.0-255,5738,122434,43,254617
8902,0.001438,172.31.46.0-255,66,122500,43,254617
8903,0.001457,74.125.68.0-255,1484,123984,43,254617
8904,0.001472,74.125.68.0-255,4320,128304,43,254617
8905,0.001475,172.31.46.0-255,66,128370,43,254617
8906,0.001495,74.125.68.0-255,4320,132690,43,254617
8907,0.001499,172.31.46.0-255,66,132756,43,254617
8908,0.001517,74.125.68.0-255,2902,135658,43,254617
8909,0.001519,172.31.46.0-255,66,135724,43,254617
8910,0.001523,74.125.68.0-255,2902,138626,43,254617
8911,0.001526,172.31.46.0-255,66,138692,43,254617
8912,0.001531,74.125.68.0-255,3602,142294,43,254617
8913,0.001533,172.31.46.0-255,66,142360,43,254617
8914,0.001831,74.125.68.0-255,1484,143844,43,254617
8915,0.001846,74.125.68.0-255,2902,146746,43,254617
8916,0.00185,172.31.46.0-255,66,146812,43,254617
8917,0.001853,74.125.68.0-255,1484,148296,43,254617
8918,0.001874,74.125.68.0-255,1484,149780,43,254617
8919,0.001877,172.31.46.0-255,66,149846,43,254617
8920,0.00192,74.125.68.0-255,1484,151330,43,254617
8921,0.001926,74.125.68.0-255,2902,154232,43,254617
8922,0.001928,172.31.46.0-255,66,154298,43,254617
8923,0.001934,74.125.68.0-255,4320,158618,43,254617
8924,0.001936,172.31.46.0-255,66,158684,43,254617
8925,0.001975,74.125.68.0-255,7156,165840,43,254617
8926,0.001978,172.31.46.0-255,66,165906,43,254617
8927,0.001998,74.125.68.0-255,4320,170226,43,254617
8928,0.002003,172.31.46.0-255,66,170292,43,254617
8929,0.002023,74.125.68.0-255,4320,174612,43,254617
8930,0.002026,172.31.46.0-255,66,174678,43,254617
8931,0.002029,74.125.68.0-255,1484,176162,43,254617
8932,0.002057,74.125.68.0-255,766,176928,43,254617
8933,0.00206,172.31.46.0-255,66,176994,43,254617
8934,0.004111,74.125.68.0-255,2902,179896,43,254617
8935,0.004122,172.31.46.0-255,66,179962,43,254617
8936,0.004168,74.125.68.0-255,2902,182864,43,254617
8937,0.004171,172.31.46.0-255,66,182930,43,254617
8938,0.006197,74.125.68.0-255,2902,185832,43,254617
8939,0.006203,172.31.46.0-255,66,185898,43,254617
8940,0.00624,74.125.68.0-255,1484,187382,43,254617
8941,0.006257,74.125.68.0-255,1484,188866,43,254617
8942,0.00626,172.31.46.0-255,66,188932,43,254617
8943,0.008273,74.125.68.0-255,2902,191834,43,254617
8944,0.008277,172.31.46.0-255,66,191900,43,254617
8945,0.008323,74.125.68.0-255,2902,194802,43,254617
8946,0.008325,172.31.46.0-255,66,194868,43,254617
8947,0.010374,74.125.68.0-255,2902,197770,43,254617
8948,0.010382,172.31.46.0-255,66,197836,43,254617
8949,0.010405,74.125.68.0-255,2902,200738,43,254617
8950,0.010407,172.31.46.0-255,66,200804,43,254617
8951,0.012465,74.125.68.0-255,2902,203706,43,254617
8952,0.012473,172.31.46.0-255,66,203772,43,254617
8953,0.012496,74.125.68.0-255,2902,206674,43,254617
8954,0.012498,172.31.46.0-255,66,206740,43,254617
8955,0.014561,74.125.68.0-255,2902,209642,43,254617
8956,0.014568,172.31.46.0-255,66,209708,43,254617
8957,0.014593,74.125.68.0-255,2902,212610,43,254617
8958,0.014596,172.31.46.0-255,66,212676,43,254617
8959,0.016718,74.125.68.0-255,2902,215578,43,254617
8960,0.01673,172.31.46.0-255,66,215644,43,254617
8961,0.016753,74.125.68.0-255,2902,218546,43,254617
8962,0.016756,172.31.46.0-255,66,218612,43,254617
8963,0.018801,74.125.68.0-255,2902,221514,43,254617
8964,0.01881,172.31.46.0-255,66,221580,43,254617
8965,0.018835,74.125.68.0-255,2902,224482,43,254617
8966,0.018838,172.31.46.0-255,66,224548,43,254617
8967,0.020896,74.125.68.0-255,2902,227450,43,254617
8968,0.020903,172.31.46.0-255,66,227516,43,254617
8969,0.02092,74.125.68.0-255,2902,230418,43,254617
8970,0.020923,172.31.46.0-255,66,230484,43,254617
8971,0.021008,172.31.46.0-255,171,230655,43,254617
8972,0.021035,172.31.46.0-255,614,231269,43,254617
8973,0.022553,104.244.42.0-255,66,231335,43,254617
8974,0.022586,104.244.42.0-255,66,231401,43,254617
8975,0.022999,74.125.68.0-255,5738,237139,43,254617
8976,0.023009,172.31.46.0-255,66,237205,43,254617
8977,0.025101,74.125.68.0-255,5738,242943,43,254617
8978,0.025108,172.31.46.0-255,66,243009,43,254617
8979,0.027199,74.125.68.0-255,5738,248747,43,254617
8980,0.027207,172.31.46.0-255,66,248813,43,254617
8981,0.029296,74.125.68.0-255,5738,254551,43,254617
8982,0.029304,172.31.46.0-255,66,254617,43,254617
8983,0.0,74.125.24.0-255,146,146,43,257814
8984,1.5e-05,172.31.46.0-255,66,212,43,257814
8985,2.2e-05,74.125.24.0-255,1484,1696,43,257814
8986,2.6e-05,172.31.46.0-255,66,1762,43,257814
8987,3.1e-05,74.125.24.0-255,2902,4664,43,257814
8988,3.4e-05,172.31.46.0-255,66,4730,43,257814
8989,4.1e-05,74.125.24.0-255,5738,10468,43,257814
8990,4.6e-05,172.31.46.0-255,66,10534,43,257814
8991,6.6e-05,74.125.24.0-255,1484,12018,43,257814
8992,6.9e-05,172.31.46.0-255,66,12084,43,257814
8993,7.5e-05,74.125.24.0-255,3544,15628,43,257814
8994,7.8e-05,172.31.46.0-255,66,15694,43,257814
8995,0.000126,74.125.24.0-255,4320,20014,43,257814
8996,0.000128,172.31.46.0-255,66,20080,43,257814
8997,0.000154,172.31.46.0-255,66,20146,43,257814
8998,0.000158,74.125.24.0-255,2543,22689,43,257814
8999,0.00016,172.31.46.0-255,66,22755,43,257814
9000,0.0002,74.125.24.0-255,2902,25657,43,257814
9001,0.000202,172.31.46.0-255,66,25723,43,257814
9002,0.000223,74.125.24.0-255,4320,30043,43,257814
9003,0.000226,172.31.46.0-255,66,30109,43,257814
9004,0.000233,74.125.24.0-255,5738,35847,43,257814
9005,0.000235,172.31.46.0-255,66,35913,43,257814
9006,0.000253,74.125.24.0-255,2902,38815,43,257814
9007,0.000255,172.31.46.0-255,66,38881,43,257814
9008,0.000281,172.31.46.0-255,66,38947,43,257814
9009,0.000305,74.125.24.0-255,5738,44685,43,257814
9010,0.000308,172.31.46.0-255,66,44751,43,257814
9011,0.000326,74.125.24.0-255,1100,45851,43,257814
9012,0.000329,172.31.46.0-255,66,45917,43,257814
9013,0.000331,74.125.24.0-255,110,46027,43,257814
9014,0.000559,74.125.24.0-255,329,46356,43,257814
9015,0.000821,74.125.24.0-255,1484,47840,43,257814
9016,0.000826,172.31.46.0-255,66,47906,43,257814
9017,0.000832,74.125.24.0-255,2902,50808,43,257814
9018,0.000834,172.31.46.0-255,66,50874,43,257814
9019,0.000841,74.125.24.0-255,4320,55194,43,257814
9020,0.000843,172.31.46.0-255,66,55260,43,257814
9021,0.000863,74.125.24.0-255,1484,56744,43,257814
9022,0.000875,172.31.46.0-255,66,56810,43,257814
9023,0.000903,74.125.24.0-255,4320,61130,43,257814
9024,0.000906,172.31.46.0-255,66,61196,43,257814
9025,0.000917,172.31.46.0-255,66,61262,43,257814
9026,0.000938,74.125.24.0-255,2184,63446,43,257814
9027,0.00094,172.31.46.0-255,66,63512,43,257814
9028,0.001305,74.125.24.0-255,1484,64996,43,257814
9029,0.001322,74.125.24.0-255,2902,67898,43,257814
9030,0.001332,172.31.46.0-255,66,67964,43,257814
9031,0.001348,74.125.24.0-255,2902,70866,43,257814
9032,0.001351,172.31.46.0-255,66,70932,43,257814
9033,0.001368,74.125.24.0-255,2902,73834,43,257814
9034,0.001371,172.31.46.0-255,66,73900,43,257814
9035,0.001385,172.31.46.0-255,66,73966,43,257814
9036,0.001389,74.125.24.0-255,2902,76868,43,257814
9037,0.001391,172.31.46.0-255,66,76934,43,257814
9038,0.001416,172.31.46.0-255,66,77000,43,257814
9039,0.001987,74.125.24.0-255,1484,78484,43,257814
9040,0.001997,74.125.24.0-255,2902,81386,43,257814
9041,0.002001,172.31.46.0-255,66,81452,43,257814
9042,0.002005,74.125.24.0-255,1484,82936,43,257814
9043,0.002024,74.125.24.0-255,4320,87256,43,257814
9044,0.002027,172.31.46.0-255,66,87322,43,257814
9045,0.002058,172.31.46.0-255,66,87388,43,257814
9046,0.002077,74.125.24.0-255,5738,93126,43,257814
9047,0.002079,172.31.46.0-255,66,93192,43,257814
9048,0.002102,74.125.24.0-255,1484,94676,43,257814
9049,0.002118,74.125.24.0-255,3602,98278,43,257814
9050,0.002121,172.31.46.0-255,66,98344,43,257814
9051,0.002164,74.125.24.0-255,5738,104082,43,257814
9052,0.002167,172.31.46.0-255,66,104148,43,257814
9053,0.002172,74.125.24.0-255,2902,107050,43,257814
9054,0.002174,172.31.46.0-255,66,107116,43,257814
9055,0.002213,172.31.46.0-255,66,107182,43,257814
9056,0.002226,172.31.46.0-255,66,107248,43,257814
9057,0.002268,74.125.24.0-255,3602,110850,43,257814
9058,0.002271,172.31.46.0-255,66,110916,43,257814
9059,0.002434,74.125.24.0-255,1484,112400,43,257814
9060,0.002441,74.125.24.0-255,2902,115302,43,257814
9061,0.002445,172.31.46.0-255,66,115368,43,257814
9062,0.002449,74.125.24.0-255,1484,116852,43,257814
9063,0.002469,74.125.24.0-255,4320,121172,43,257814
9064,0.002471,172.31.46.0-255,66,121238,43,257814
9065,0.002477,74.125.24.0-255,2902,124140,43,257814
9066,0.002479,172.31.46.0-255,66,124206,43,257814
9067,0.002519,172.31.46.0-255,66,124272,43,257814
9068,0.002525,74.125.24.0-255,4320,128592,43,257814
9069,0.002527,172.31.46.0-255,66,128658,43,257814
9070,0.002543,74.125.24.0-255,6438,135096,43,257814
9071,0.002546,172.31.46.0-255,66,135162,43,257814
9072,0.002604,74.125.24.0-255,1484,136646,43,257814
9073,0.002626,74.125.24.0-255,2902,139548,43,257814
9074,0.00263,172.31.46.0-255,66,139614,43,257814
9075,0.002639,74.125.24.0-255,2902,142516,43,257814
9076,0.002642,172.31.46.0-255,66,142582,43,257814
9077,0.00265,74.125.24.0-255,7156,149738,43,257814
9078,0.002653,172.31.46.0-255,66,149804,43,257814
9079,0.00268,74.125.24.0-255,5738,155542,43,257814
9080,0.002683,172.31.46.0-255,66,155608,43,257814
9081,0.002706,74.125.24.0-255,5738,161346,43,257814
9082,0.002708,172.31.46.0-255,66,161412,43,257814
9083,0.002715,74.125.24.0-255,5738,167150,43,257814
9084,0.002717,172.31.46.0-255,66,167216,43,257814
9085,0.002734,74.125.24.0-255,2184,169400,43,257814
9086,0.002736,172.31.46.0-255,66,169466,43,257814
9087,0.002811,74.125.24.0-255,1484,170950,43,257814
9088,0.002828,74.125.24.0-255,2902,173852,43,257814
9089,0.002831,172.31.46.0-255,66,173918,43,257814
9090,0.002853,74.125.24.0-255,5738,179656,43,257814
9091,0.002855,172.31.46.0-255,66,179722,43,257814
9092,0.002858,74.125.24.0-255,1484,181206,43,257814
9093,0.002876,74.125.24.0-255,2902,184108,43,257814
9094,0.002878,172.31.46.0-255,66,184174,43,257814
9095,0.002881,74.125.24.0-255,1484,185658,43,257814
9096,0.002899,74.125.24.0-255,5738,191396,43,257814
9097,0.002901,172.31.46.0-255,66,191462,43,257814
9098,0.002904,74.125.24.0-255,1484,192946,43,257814
9099,0.00293,74.125.24.0-255,5738,198684,43,257814
9100,0.002933,172.31.46.0-255,66,198750,43,257814
9101,0.002938,74.125.24.0-255,5020,203770,43,257814
9102,0.002941,172.31.46.0-255,66,203836,43,257814
9103,0.003019,74.125.24.0-255,1484,205320,43,257814
9104,0.003025,74.125.24.0-255,2902,208222,43,257814
9105,0.003029,172.31.46.0-255,66,208288,43,257814
9106,0.003034,74.125.24.0-255,2902,211190,43,257814
9107,0.003036,172.31.46.0-255,66,211256,43,257814
9108,0.003059,74.125.24.0-255,4320,215576,43,257814
9109,0.003062,172.31.46.0-255,66,215642,43,257814
9110,0.003079,74.125.24.0-255,2902,218544,43,257814
9111,0.003083,172.31.46.0-255,66,218610,43,257814
9112,0.003085,74.125.24.0-255,1484,220094,43,257814
9113,0.003137,74.125.24.0-255,5738,225832,43,257814
9114,0.003141,74.125.24.0-255,2902,228734,43,257814
9115,0.003155,74.125.24.0-255,5738,234472,43,257814
9116,0.003169,74.125.24.0-255,5738,240210,43,257814
9117,0.003194,74.125.24.0-255,2184,242394,43,257814
9118,0.0032,74.125.24.0-255,7156,249550,43,257814
9119,0.003239,74.125.24.0-255,2184,251734,43,257814
9120,0.003245,74.125.24.0-255,5738,257472,43,257814
9121,0.003335,74.125.24.0-255,105,257577,43,257814
9122,0.007022,172.31.46.0-255,66,257643,43,257814
9123,0.00909,172.31.46.0-255,105,257748,43,257814
9124,0.011696,74.125.24.0-255,66,257814,43,257814
9125,0.0,74.125.24.0-255,153,153,43,195276
9126,2.2e-05,172.31.46.0-255,66,219,43,195276
9127,2.8e-05,74.125.24.0-255,1484,1703,43,195276
9128,3.3e-05,172.31.46.0-255,66,1769,43,195276
9129,3.8e-05,74.125.24.0-255,2902,4671,43,195276
9130,4.1e-05,172.31.46.0-255,66,4737,43,195276
9131,4.8e-05,74.125.24.0-255,7156,11893,43,195276
9132,5.1e-05,172.31.46.0-255,66,11959,43,195276
9133,5.3e-05,74.125.24.0-255,1484,13443,43,195276
9134,5.7e-05,172.31.46.0-255,66,13509,43,195276
9135,7.7e-05,74.125.24.0-255,645,14154,43,195276
9136,7.9e-05,172.31.46.0-255,66,14220,43,195276
9137,9.1e-05,172.31.46.0-255,66,14286,43,195276
9138,0.000102,74.125.24.0-255,1484,15770,43,195276
9139,0.000103,172.31.46.0-255,66,15836,43,195276
9140,0.000109,74.125.24.0-255,4320,20156,43,195276
9141,0.000111,172.31.46.0-255,66,20222,43,195276
9142,0.000131,74.125.24.0-255,1125,21347,43,195276
9143,0.000133,172.31.46.0-255,66,21413,43,195276
9144,0.000154,74.125.24.0-255,5738,27151,43,195276
9145,0.000156,172.31.46.0-255,66,27217,43,195276
9146,0.000182,74.125.24.0-255,7156,34373,43,195276
9147,0.000185,172.31.46.0-255,66,34439,43,195276
9148,0.00022,74.125.24.0-255,3961,38400,43,195276
9149,0.000222,172.31.46.0-255,66,38466,43,195276
9150,0.000489,74.125.24.0-255,1484,39950,43,195276
9151,0.000494,172.31.46.0-255,66,40016,43,195276
9152,0.0005,74.125.24.0-255,2902,42918,43,195276
9153,0.000502,172.31.46.0-255,66,42984,43,195276
9154,0.000521,74.125.24.0-255,5738,48722,43,195276
9155,0.000523,172.31.46.0-255,66,48788,43,195276
9156,0.00053,74.125.24.0-255,6797,55585,43,195276
9157,0.000548,172.31.46.0-255,66,55651,43,195276
9158,0.000603,74.125.24.0-255,1484,57135,43,195276
9159,0.000622,74.125.24.0-255,2902,60037,43,195276
9160,0.000625,172.31.46.0-255,66,60103,43,195276
9161,0.000631,74.125.24.0-255,5738,65841,43,195276
9162,0.000633,172.31.46.0-255,66,65907,43,195276
9163,0.000676,74.125.24.0-255,4320,70227,43,195276
9164,0.000679,172.31.46.0-255,66,70293,43,195276
9165,0.000697,74.125.24.0-255,2543,72836,43,195276
9166,0.000699,172.31.46.0-255,66,72902,43,195276
9167,0.000705,74.125.24.0-255,5738,78640,43,195276
9168,0.000712,172.31.46.0-255,66,78706,43,195276
9169,0.000725,74.125.24.0-255,1484,80190,43,195276
9170,0.000749,172.31.46.0-255,66,80256,43,195276
9171,0.000878,74.125.24.0-255,1484,81740,43,195276
9172,0.000883,74.125.24.0-255,2902,84642,43,195276
9173,0.000888,172.31.46.0-255,66,84708,43,195276
9174,0.000903,74.125.24.0-255,4320,89028,43,195276
9175,0.000906,172.31.46.0-255,66,89094,43,195276
9176,0.000917,74.125.24.0-255,1484,90578,43,195276
9177,0.000922,74.125.24.0-255,2902,93480,43,195276
9178,0.000955,172.31.46.0-255,66,93546,43,195276
9179,0.000994,172.31.46.0-255,66,93612,43,195276
9180,0.001001,74.125.24.0-255,2184,95796,43,195276
9181,0.001006,172.31.46.0-255,66,95862,43,195276
9182,0.001175,74.125.24.0-255,1484,97346,43,195276
9183,0.001181,74.125.24.0-255,2902,100248,43,195276
9184,0.001185,172.31.46.0-255,66,100314,43,195276
9185,0.00119,74.125.24.0-255,2902,103216,43,195276
9186,0.001197,172.31.46.0-255,66,103282,43,195276
9187,0.001206,74.125.24.0-255,2902,106184,43,195276
9188,0.001211,172.31.46.0-255,66,106250,43,195276
9189,0.001254,172.31.46.0-255,66,106316,43,195276
9190,0.001512,74.125.24.0-255,1484,107800,43,195276
9191,0.001521,74.125.24.0-255,2902,110702,43,195276
9192,0.001538,74.125.24.0-255,5738,116440,43,195276
9193,0.001556,74.125.24.0-255,1484,117924,43,195276
9194,0.001805,74.125.24.0-255,1484,119408,43,195276
9195,0.001814,74.125.24.0-255,2902,122310,43,195276
9196,0.001816,74.125.24.0-255,1484,123794,43,195276
9197,0.001843,74.125.24.0-255,4320,128114,43,195276
9198,0.001889,74.125.24.0-255,4320,132434,43,195276
9199,0.002002,74.125.24.0-255,1484,133918,43,195276
9200,0.002017,74.125.24.0-255,2902,136820,43,195276
9201,0.002024,74.125.24.0-255,5738,142558,43,195276
9202,0.002083,74.125.24.0-255,1484,144042,43,195276
9203,0.002092,74.125.24.0-255,1484,145526,43,195276
9204,0.002106,74.125.24.0-255,1484,147010,43,195276
9205,0.002112,74.125.24.0-255,5738,152748,43,195276
9206,0.002128,74.125.24.0-255,1484,154232,43,195276
9207,0.002158,74.125.24.0-255,7156,161388,43,195276
9208,0.002323,74.125.24.0-255,1484,162872,43,195276
9209,0.005239,172.31.46.0-255,66,162938,43,195276
9210,0.007557,74.125.24.0-255,5738,168676,43,195276
9211,0.007563,172.31.46.0-255,66,168742,43,195276
9212,0.009868,74.125.24.0-255,5738,174480,43,195276
9213,0.009876,172.31.46.0-255,66,174546,43,195276
9214,0.012194,74.125.24.0-255,5738,180284,43,195276
9215,0.012201,172.31.46.0-255,66,180350,43,195276
9216,0.014542,74.125.24.0-255,5738,186088,43,195276
9217,0.014552,172.31.46.0-255,66,186154,43,195276
9218,0.016853,74.125.24.0-255,5738,191892,43,195276
9219,0.016861,172.31.46.0-255,66,191958,43,195276
9220,0.019172,74.125.24.0-255,3081,195039,43,195276
9221,0.01918,172.31.46.0-255,66,195105,43,195276
9222,0.019359,172.31.46.0-255,105,195210,43,195276
9223,0.021624,74.125.24.0-255,66,195276,43,195276
9224,0.0,74.125.200.0-255,148,148,43,287116
9225,1.9e-05,172.31.46.0-255,66,214,43,287116
9226,3.7e-05,74.125.200.0-255,1484,1698,43,287116
9227,4.3e-05,172.31.46.0-255,66,1764,43,287116
9228,4.6e-05,74.125.200.0-255,1484,3248,43,287116
9229,5e-05,172.31.46.0-255,66,3314,43,287116
9230,6.5e-05,74.125.200.0-255,1484,4798,43,287116
9231,6.8e-05,172.31.46.0-255,66,4864,43,287116
9232,9.1e-05,74.125.200.0-255,4320,9184,43,287116
9233,9.4e-05,172.31.46.0-255,66,9250,43,287116
9234,9.9e-05,74.125.200.0-255,4872,14122,43,287116
9235,0.000102,172.31.46.0-255,66,14188,43,287116
9236,0.000125,74.125.200.0-255,1484,15672,43,287116
9237,0.000127,172.31.46.0-255,66,15738,43,287116
9238,0.000148,74.125.200.0-255,2902,18640,43,287116
9239,0.00015,172.31.46.0-255,66,18706,43,287116
9240,0.000165,74.125.200.0-255,1484,20190,43,287116
9241,0.000181,172.31.46.0-255,66,20256,43,287116
9242,0.000199,74.125.200.0-255,2902,23158,43,287116
9243,0.000202,172.31.46.0-255,66,23224,43,287116
9244,0.000222,74.125.200.0-255,5738,28962,43,287116
9245,0.000225,172.31.46.0-255,66,29028,43,287116
9246,0.000242,74.125.200.0-255,2543,31571,43,287116
9247,0.000245,172.31.46.0-255,66,31637,43,287116
9248,0.000342,74.125.200.0-255,1484,33121,43,287116
9249,0.000346,172.31.46.0-255,66,33187,43,287116
9250,0.000375,74.125.200.0-255,1484,34671,43,287116
9251,0.000378,172.31.46.0-255,66,34737,43,287116
9252,0.00041,74.125.200.0-255,2902,37639,43,287116
9253,0.000413,172.31.46.0-255,66,37705,43,287116
9254,0.000441,74.125.200.0-255,1484,39189,43,287116
9255,0.000444,172.31.46.0-255,66,39255,43,287116
9256,0.000461,74.125.200.0-255,1484,40739,43,287116
9257,0.000472,74.125.200.0-255,1484,42223,43,287116
9258,0.000474,172.31.46.0-255,66,42289,43,287116
9259,0.000477,74.125.200.0-255,1484,43773,43,287116
9260,0.000496,74.125.200.0-255,4320,48093,43,287116
9261,0.000499,172.31.46.0-255,66,48159,43,287116
9262,0.000501,74.125.200.0-255,1484,49643,43,287116
9263,0.000539,74.125.200.0-255,4320,53963,43,287116
9264,0.000542,172.31.46.0-255,66,54029,43,287116
9265,0.000566,74.125.200.0-255,5738,59767,43,287116
9266,0.000569,172.31.46.0-255,66,59833,43,287116
9267,0.000602,74.125.200.0-255,4320,64153,43,287116
9268,0.000605,172.31.46.0-255,66,64219,43,287116
9269,0.000621,74.125.200.0-255,2184,66403,43,287116
9270,0.000624,172.31.46.0-255,66,66469,43,287116
9271,0.000635,74.125.200.0-255,369,66838,43,287116
9272,0.000658,74.125.200.0-255,129,66967,43,287116
9273,0.001174,74.125.200.0-255,1484,68451,43,287116
9274,0.001179,74.125.200.0-255,1484,69935,43,287116
9275,0.001182,172.31.46.0-255,66,70001,43,287116
9276,0.00119,74.125.200.0-255,1484,71485,43,287116
9277,0.001192,74.125.200.0-255,1484,72969,43,287116
9278,0.001201,172.31.46.0-255,66,73035,43,287116
9279,0.001205,172.31.46.0-255,66,73101,43,287116
9280,0.001209,74.125.200.0-255,1484,74585,43,287116
9281,0.001214,74.125.200.0-255,4320,78905,43,287116
9282,0.001216,172.31.46.0-255,66,78971,43,287116
9283,0.001251,172.31.46.0-255,66,79037,43,287116
9284,0.001258,74.125.200.0-255,7156,86193,43,287116
9285,0.00126,172.31.46.0-255,66,86259,43,287116
9286,0.001302,74.125.200.0-255,6438,92697,43,287116
9287,0.001305,172.31.46.0-255,66,92763,43,287116
9288,0.00147,74.125.200.0-255,1484,94247,43,287116
9289,0.001486,74.125.200.0-255,2902,97149,43,287116
9290,0.001489,172.31.46.0-255,66,97215,43,287116
9291,0.00151,74.125.200.0-255,4320,101535,43,287116
9292,0.001532,74.125.200.0-255,2902,104437,43,287116
9293,0.001535,172.31.46.0-255,66,104503,43,287116
9294,0.001541,172.31.46.0-255,66,104569,43,287116
9295,0.001545,74.125.200.0-255,2902,107471,43,287116
9296,0.001547,172.31.46.0-255,66,107537,43,287116
9297,0.00156,172.31.46.0-255,66,107603,43,287116
9298,0.001563,74.125.200.0-255,2902,110505,43,287116
9299,0.001565,172.31.46.0-255,66,110571,43,287116
9300,0.001619,74.125.200.0-255,2902,113473,43,287116
9301,0.001622,172.31.46.0-255,66,113539,43,287116
9302,0.001647,74.125.200.0-255,7156,120695,43,287116
9303,0.001649,172.31.46.0-255,66,120761,43,287116
9304,0.00167,74.125.200.0-255,3602,124363,43,287116
9305,0.001673,172.31.46.0-255,66,124429,43,287116
9306,0.001679,74.125.200.0-255,5738,130167,43,287116
9307,0.00168,172.31.46.0-255,66,130233,43,287116
9308,0.001699,172.31.46.0-255,66,130299,43,287116
9309,0.001704,74.125.200.0-255,4320,134619,43,287116
9310,0.001705,172.31.46.0-255,66,134685,43,287116
9311,0.001708,74.125.200.0-255,1484,136169,43,287116
9312,0.001747,172.31.46.0-255,66,136235,43,287116
9313,0.00176,172.31.46.0-255,66,136301,43,287116
9314,0.001763,74.125.200.0-255,1484,137785,43,287116
9315,0.001783,74.125.200.0-255,5738,143523,43,287116
9316,0.001786,172.31.46.0-255,66,143589,43,287116
9317,0.001812,74.125.200.0-255,1484,145073,43,287116
9318,0.001833,172.31.46.0-255,66,145139,43,287116
9319,0.001838,74.125.200.0-255,2902,148041,43,287116
9320,0.00184,172.31.46.0-255,66,148107,43,287116
9321,0.001857,74.125.200.0-255,7156,155263,43,287116
9322,0.001861,172.31.46.0-255,66,155329,43,287116
9323,0.001898,172.31.46.0-255,66,155395,43,287116
9324,0.00193,74.125.200.0-255,5738,161133,43,287116
9325,0.001935,172.31.46.0-255,66,161199,43,287116
9326,0.001945,74.125.200.0-255,5020,166219,43,287116
9327,0.001947,172.31.46.0-255,66,166285,43,287116
9328,0.001953,74.125.200.0-255,5738,172023,43,287116
9329,0.001956,172.31.46.0-255,66,172089,43,287116
9330,0.001985,74.125.200.0-255,5738,177827,43,287116
9331,0.001989,172.31.46.0-255,66,177893,43,287116
9332,0.002001,74.125.200.0-255,7156,185049,43,287116
9333,0.002004,172.31.46.0-255,66,185115,43,287116
9334,0.002019,74.125.200.0-255,5020,190135,43,287116
9335,0.00205,74.125.200.0-255,5738,195873,43,287116
9336,0.002069,74.125.200.0-255,4320,200193,43,287116
9337,0.002074,172.31.46.0-255,66,200259,43,287116
9338,0.002097,74.125.200.0-255,2902,203161,43,287116
9339,0.002115,74.125.200.0-255,1484,204645,43,287116
9340,0.002163,74.125.200.0-255,4320,208965,43,287116
9341,0.002182,172.31.46.0-255,66,209031,43,287116
9342,0.002189,74.125.200.0-255,6438,215469,43,287116
9343,0.002206,74.125.200.0-255,7156,222625,43,287116
9344,0.002213,172.31.46.0-255,66,222691,43,287116
9345,0.002238,74.125.200.0-255,7156,229847,43,287116
9346,0.002244,74.125.200.0-255,6438,236285,43,287116
9347,0.00225,172.31.46.0-255,66,236351,43,287116
9348,0.002269,74.125.200.0-255,7156,243507,43,287116
9349,0.002273,74.125.200.0-255,2902,246409,43,287116
9350,0.002285,74.125.200.0-255,2902,249311,43,287116
9351,0.002295,172.31.46.0-255,66,249377,43,287116
9352,0.002301,74.125.200.0-255,4320,253697,43,287116
9353,0.002305,74.125.200.0-255,2902,256599,43,287116
9354,0.002311,172.31.46.0-255,66,256665,43,287116
9355,0.002327,74.125.200.0-255,2902,259567,43,287116
9356,0.002343,74.125.200.0-255,2184,261751,43,287116
9357,0.002355,172.31.46.0-255,66,261817,43,287116
9358,0.002369,74.125.200.0-255,5738,267555,43,287116
9359,0.002374,74.125.200.0-255,2902,270457,43,287116
9360,0.002397,172.31.46.0-255,66,270523,43,287116
9361,0.002402,74.125.200.0-255,4320,274843,43,287116
9362,0.002408,172.31.46.0-255,66,274909,43,287116
9363,0.002419,74.125.200.0-255,5738,280647,43,287116
9364,0.002424,74.125.200.0-255,2902,283549,43,287116
9365,0.002437,172.31.46.0-255,66,283615,43,287116
9366,0.002473,74.125.200.0-255,1484,285099,43,287116
9367,0.002486,74.125.200.0-255,1543,286642,43,287116
9368,0.002489,172.31.46.0-255,66,286708,43,287116
9369,0.002494,172.31.46.0-255,66,286774,43,287116
9370,0.002529,74.125.200.0-255,105,286879,43,287116
9371,0.009752,172.31.46.0-255,66,286945,43,287116
9372,0.009794,172.31.46.0-255,105,287050,43,287116
9373,0.012401,74.125.200.0-255,66,287116,43,287116
9374,0.0,74.125.24.0-255,153,153,43,163320
9375,2.7e-05,172.31.46.0-255,66,219,43,163320
9376,3.4e-05,74.125.24.0-255,1484,1703,43,163320
9377,3.9e-05,172.31.46.0-255,66,1769,43,163320
9378,4.5e-05,74.125.24.0-255,2902,4671,43,163320
9379,5.5e-05,172.31.46.0-255,66,4737,43,163320
9380,6.3e-05,74.125.24.0-255,7156,11893,43,163320
9381,6.7e-05,172.31.46.0-255,66,11959,43,163320
9382,7.2e-05,74.125.24.0-255,2053,14012,43,163320
9383,7.5e-05,172.31.46.0-255,66,14078,43,163320
9384,0.000621,74.125.24.0-255,1484,15562,43,163320
9385,0.000627,172.31.46.0-255,66,15628,43,163320
9386,0.000636,74.125.24.0-255,2902,18530,43,163320
9387,0.000638,172.31.46.0-255,66,18596,43,163320
9388,0.00065,74.125.24.0-255,1484,20080,43,163320
9389,0.000652,172.31.46.0-255,66,20146,43,163320
9390,0.000677,74.125.24.0-255,4320,24466,43,163320
9391,0.000679,172.31.46.0-255,66,24532,43,163320
9392,0.000687,74.125.24.0-255,6797,31329,43,163320
9393,0.00069,172.31.46.0-255,66,31395,43,163320
9394,0.000781,74.125.24.0-255,1484,32879,43,163320
9395,0.000785,172.31.46.0-255,66,32945,43,163320
9396,0.000789,74.125.24.0-255,1484,34429,43,163320
9397,0.000791,172.31.46.0-255,66,34495,43,163320
9398,0.000812,74.125.24.0-255,1484,35979,43,163320
9399,0.000814,172.31.46.0-255,66,36045,43,163320
9400,0.000821,74.125.24.0-255,5738,41783,43,163320
9401,0.000824,172.31.46.0-255,66,41849,43,163320
9402,0.000827,74.125.24.0-255,1484,43333,43,163320
9403,0.000829,172.31.46.0-255,66,43399,43,163320
9404,0.000864,74.125.24.0-255,5379,48778,43,163320
9405,0.000868,172.31.46.0-255,66,48844,43,163320
9406,0.000901,172.31.46.0-255,66,48910,43,163320
9407,0.000922,74.125.24.0-255,5738,54648,43,163320
9408,0.000925,172.31.46.0-255,66,54714,43,163320
9409,0.00093,74.125.24.0-255,2854,57568,43,163320
9410,0.000932,172.31.46.0-255,66,57634,43,163320
9411,0.000935,74.125.24.0-255,112,57746,43,163320
9412,0.001004,74.125.24.0-255,328,58074,43,163320
9413,0.001484,74.125.24.0-255,1484,59558,43,163320
9414,0.001492,172.31.46.0-255,66,59624,43,163320
9415,0.001499,74.125.24.0-255,2902,62526,43,163320
9416,0.001502,172.31.46.0-255,66,62592,43,163320
9417,0.001513,74.125.24.0-255,5738,68330,43,163320
9418,0.001516,172.31.46.0-255,66,68396,43,163320
9419,0.001519,74.125.24.0-255,1484,69880,43,163320
9420,0.001562,172.31.46.0-255,66,69946,43,163320
9421,0.001567,74.125.24.0-255,4320,74266,43,163320
9422,0.00157,172.31.46.0-255,66,74332,43,163320
9423,0.00161,172.31.46.0-255,66,74398,43,163320
9424,0.001613,74.125.24.0-255,766,75164,43,163320
9425,0.001741,74.125.24.0-255,1484,76648,43,163320
9426,0.001743,172.31.46.0-255,66,76714,43,163320
9427,0.001771,74.125.24.0-255,2902,79616,43,163320
9428,0.001773,172.31.46.0-255,66,79682,43,163320
9429,0.00178,74.125.24.0-255,5738,85420,43,163320
9430,0.001782,172.31.46.0-255,66,85486,43,163320
9431,0.001806,74.125.24.0-255,2902,88388,43,163320
9432,0.001809,172.31.46.0-255,66,88454,43,163320
9433,0.001835,172.31.46.0-255,66,88520,43,163320
9434,0.001841,74.125.24.0-255,5738,94258,43,163320
9435,0.001844,172.31.46.0-255,66,94324,43,163320
9436,0.001864,74.125.24.0-255,1484,95808,43,163320
9437,0.001888,74.125.24.0-255,3602,99410,43,163320
9438,0.00189,172.31.46.0-255,66,99476,43,163320
9439,0.004261,74.125.24.0-255,5738,105214,43,163320
9440,0.004271,172.31.46.0-255,66,105280,43,163320
9441,0.006683,74.125.24.0-255,5738,111018,43,163320
9442,0.006694,172.31.46.0-255,66,111084,43,163320
9443,0.009095,74.125.24.0-255,5738,116822,43,163320
9444,0.009113,172.31.46.0-255,66,116888,43,163320
9445,0.011479,74.125.24.0-255,5738,122626,43,163320
9446,0.011492,172.31.46.0-255,66,122692,43,163320
9447,0.013871,74.125.24.0-255,5738,128430,43,163320
9448,0.013882,172.31.46.0-255,66,128496,43,163320
9449,0.016275,74.125.24.0-255,5738,134234,43,163320
9450,0.016288,172.31.46.0-255,66,134300,43,163320
9451,0.018693,74.125.24.0-255,5738,140038,43,163320
9452,0.018709,172.31.46.0-255,66,140104,43,163320
9453,0.021091,74.125.24.0-255,5738,145842,43,163320
9454,0.021103,172.31.46.0-255,66,145908,43,163320
9455,0.023493,74.125.24.0-255,5738,151646,43,163320
9456,0.023508,172.31.46.0-255,66,151712,43,163320
9457,0.025933,74.125.24.0-255,5738,157450,43,163320
9458,0.025945,172.31.46.0-255,66,157516,43,163320
9459,0.028331,74.125.24.0-255,5738,163254,43,163320
9460,0.028344,172.31.46.0-255,66,163320,43,163320
9461,0.0,74.125.68.0-255,152,152,43,342979
9462,1.1e-05,172.31.46.0-255,66,218,43,342979
9463,3.7e-05,74.125.68.0-255,1484,1702,43,342979
9464,4.2e-05,172.31.46.0-255,66,1768,43,342979
9465,4.8e-05,74.125.68.0-255,2902,4670,43,342979
9466,5e-05,172.31.46.0-255,66,4736,43,342979
9467,8.2e-05,74.125.68.0-255,4320,9056,43,342979
9468,8.4e-05,172.31.46.0-255,66,9122,43,342979
9469,0.00011,74.125.68.0-255,2902,12024,43,342979
9470,0.000113,172.31.46.0-255,66,12090,43,342979
9471,0.000117,74.125.68.0-255,2041,14131,43,342979
9472,0.00012,172.31.46.0-255,66,14197,43,342979
9473,0.00014,74.125.68.0-255,1484,15681,43,342979
9474,0.000142,172.31.46.0-255,66,15747,43,342979
9475,0.000147,74.125.68.0-255,2902,18649,43,342979
9476,0.00015,172.31.46.0-255,66,18715,43,342979
9477,0.000153,74.125.68.0-255,1484,20199,43,342979
9478,0.000155,172.31.46.0-255,66,20265,43,342979
9479,0.00016,74.125.68.0-255,2902,23167,43,342979
9480,0.000162,172.31.46.0-255,66,23233,43,342979
9481,0.000168,74.125.68.0-255,5738,28971,43,342979
9482,0.00017,172.31.46.0-255,66,29037,43,342979
9483,0.000175,74.125.68.0-255,2543,31580,43,342979
9484,0.000176,172.31.46.0-255,66,31646,43,342979
9485,0.000181,74.125.68.0-255,2902,34548,43,342979
9486,0.000183,172.31.46.0-255,66,34614,43,342979
9487,0.000186,74.125.68.0-255,1484,36098,43,342979
9488,0.000188,172.31.46.0-255,66,36164,43,342979
9489,0.000216,74.125.68.0-255,5738,41902,43,342979
9490,0.000218,172.31.46.0-255,66,41968,43,342979
9491,0.000225,74.125.68.0-255,5738,47706,43,342979
9492,0.000227,172.31.46.0-255,66,47772,43,342979
9493,0.00023,74.125.68.0-255,1125,48897,43,342979
9494,0.000233,74.125.68.0-255,1484,50381,43,342979
9495,0.000239,74.125.68.0-255,4320,54701,43,342979
9496,0.000243,74.125.68.0-255,4320,59021,43,342979
9497,0.000248,74.125.68.0-255,4320,63341,43,342979
9498,0.000276,74.125.68.0-255,1484,64825,43,342979
9499,0.000279,74.125.68.0-255,1125,65950,43,342979
9500,0.000287,172.31.46.0-255,66,66016,43,342979
9501,0.000357,74.125.68.0-255,1484,67500,43,342979
9502,0.000371,74.125.68.0-255,2902,70402,43,342979
9503,0.000374,74.125.68.0-255,1484,71886,43,342979
9504,0.000393,74.125.68.0-255,2902,74788,43,342979
9505,0.0004,74.125.68.0-255,5738,80526,43,342979
9506,0.000422,74.125.68.0-255,1484,82010,43,342979
9507,0.000443,74.125.68.0-255,3961,85971,43,342979
9508,0.000449,74.125.68.0-255,4320,90291,43,342979
9509,0.000467,74.125.68.0-255,1484,91775,43,342979
9510,0.000507,74.125.68.0-255,4320,96095,43,342979
9511,0.000532,74.125.68.0-255,5738,101833,43,342979
9512,0.000544,74.125.68.0-255,1484,103317,43,342979
9513,0.00056,74.125.68.0-255,5020,108337,43,342979
9514,0.0006,74.125.68.0-255,1484,109821,43,342979
9515,0.000603,74.125.68.0-255,1484,111305,43,342979
9516,0.000618,74.125.68.0-255,1484,112789,43,342979
9517,0.000633,74.125.68.0-255,4320,117109,43,342979
9518,0.000646,74.125.68.0-255,1484,118593,43,342979
9519,0.00065,74.125.68.0-255,2902,121495,43,342979
9520,0.000664,74.125.68.0-255,2902,124397,43,342979
9521,0.000678,74.125.68.0-255,5738,130135,43,342979
9522,0.000687,74.125.68.0-255,1484,131619,43,342979
9523,0.000715,74.125.68.0-255,2184,133803,43,342979
9524,0.000727,172.31.46.0-255,66,133869,43,342979
9525,0.000788,74.125.68.0-255,1484,135353,43,342979
9526,0.000812,74.125.68.0-255,2902,138255,43,342979
9527,0.000816,74.125.68.0-255,2902,141157,43,342979
9528,0.000825,172.31.46.0-255,66,141223,43,342979
9529,0.000835,74.125.68.0-255,2902,144125,43,342979
9530,0.000837,74.125.68.0-255,1484,145609,43,342979
9531,0.000842,172.31.46.0-255,66,145675,43,342979
9532,0.000874,74.125.68.0-255,7156,152831,43,342979
9533,0.000882,74.125.68.0-255,7156,159987,43,342979
9534,0.000894,74.125.68.0-255,2902,162889,43,342979
9535,0.000897,74.125.68.0-255,1484,164373,43,342979
9536,0.000905,172.31.46.0-255,66,164439,43,342979
9537,0.000915,74.125.68.0-255,3602,168041,43,342979
9538,0.000933,172.31.46.0-255,66,168107,43,342979
9539,0.0014,74.125.68.0-255,1484,169591,43,342979
9540,0.001406,74.125.68.0-255,2902,172493,43,342979
9541,0.00142,172.31.46.0-255,66,172559,43,342979
9542,0.001431,74.125.68.0-255,5738,178297,43,342979
9543,0.001451,74.125.68.0-255,5738,184035,43,342979
9544,0.001455,172.31.46.0-255,66,184101,43,342979
9545,0.001477,74.125.68.0-255,7156,191257,43,342979
9546,0.001504,74.125.68.0-255,5738,196995,43,342979
9547,0.001519,74.125.68.0-255,5020,202015,43,342979
9548,0.001525,172.31.46.0-255,66,202081,43,342979
9549,0.001537,74.125.68.0-255,1484,203565,43,342979
9550,0.001556,74.125.68.0-255,5738,209303,43,342979
9551,0.001571,172.31.46.0-255,66,209369,43,342979
9552,0.001574,74.125.68.0-255,1484,210853,43,342979
9553,0.001599,74.125.68.0-255,2902,213755,43,342979
9554,0.001605,74.125.68.0-255,4320,218075,43,342979
9555,0.001607,74.125.68.0-255,1484,219559,43,342979
9556,0.001633,74.125.68.0-255,7156,226715,43,342979
9557,0.001655,74.125.68.0-255,766,227481,43,342979
9558,0.001674,172.31.46.0-255,66,227547,43,342979
9559,0.00172,74.125.68.0-255,1484,229031,43,342979
9560,0.001725,74.125.68.0-255,2902,231933,43,342979
9561,0.001736,172.31.46.0-255,66,231999,43,342979
9562,0.001746,74.125.68.0-255,4320,236319,43,342979
9563,0.001751,172.31.46.0-255,66,236385,43,342979
9564,0.001766,74.125.68.0-255,1484,237869,43,342979
9565,0.001771,74.125.68.0-255,4320,242189,43,342979
9566,0.001799,74.125.68.0-255,5738,247927,43,342979
9567,0.001802,74.125.68.0-255,1484,249411,43,342979
9568,0.001811,172.31.46.0-255,66,249477,43,342979
9569,0.001848,74.125.68.0-255,2184,251661,43,342979
9570,0.001892,172.31.46.0-255,66,251727,43,342979
9571,0.001969,74.125.68.0-255,1484,253211,43,342979
9572,0.001973,74.125.68.0-255,1484,254695,43,342979
9573,0.00199,74.125.68.0-255,1484,256179,43,342979
9574,0.001995,172.31.46.0-255,66,256245,43,342979
9575,0.002023,74.125.68.0-255,5738,261983,43,342979
9576,0.002032,74.125.68.0-255,7156,269139,43,342979
9577,0.002054,172.31.46.0-255,66,269205,43,342979
9578,0.002072,74.125.68.0-255,1484,270689,43,342979
9579,0.002085,74.125.68.0-255,4320,275009,43,342979
9580,0.00209,172.31.46.0-255,66,275075,43,342979
9581,0.002099,74.125.68.0-255,2184,277259,43,342979
9582,0.002106,74.125.68.0-255,1484,278743,43,342979
9583,0.002132,74.125.68.0-255,7156,285899,43,342979
9584,0.002138,74.125.68.0-255,5738,291637,43,342979
9585,0.002141,172.31.46.0-255,66,291703,43,342979
9586,0.002149,74.125.68.0-255,1484,293187,43,342979
9587,0.002154,74.125.68.0-255,4320,297507,43,342979
9588,0.002173,74.125.68.0-255,4320,301827,43,342979
9589,0.002185,172.31.46.0-255,66,301893,43,342979
9590,0.00222,74.125.68.0-255,5738,307631,43,342979
9591,0.002223,172.31.46.0-255,66,307697,43,342979
9592,0.002227,172.31.46.0-255,66,307763,43,342979
9593,0.00224,74.125.68.0-255,3602,311365,43,342979
9594,0.002244,74.125.68.0-255,2902,314267,43,342979
9595,0.00229,172.31.46.0-255,66,314333,43,342979
9596,0.002301,74.125.68.0-255,2902,317235,43,342979
9597,0.002311,74.125.68.0-255,5738,322973,43,342979
9598,0.002324,74.125.68.0-255,6438,329411,43,342979
9599,0.002328,74.125.68.0-255,2902,332313,43,342979
9600,0.002347,74.125.68.0-255,2902,335215,43,342979
9601,0.002354,74.125.68.0-255,5738,340953,43,342979
9602,0.002359,172.31.46.0-255,66,341019,43,342979
9603,0.002369,74.125.68.0-255,1455,342474,43,342979
9604,0.002378,74.125.68.0-255,97,342571,43,342979
9605,0.002392,172.31.46.0-255,66,342637,43,342979
9606,0.004736,74.125.68.0-255,105,342742,43,342979
9607,0.009069,172.31.46.0-255,66,342808,43,342979
9608,0.009103,172.31.46.0-255,105,342913,43,342979
9609,0.011465,74.125.68.0-255,66,342979,43,342979
9610,0.0,74.125.68.0-255,150,150,43,158697
9611,2.2e-05,172.31.46.0-255,66,216,43,158697
9612,3e-05,74.125.68.0-255,1484,1700,43,158697
9613,3.4e-05,172.31.46.0-255,66,1766,43,158697
9614,3.7e-05,74.125.68.0-255,1484,3250,43,158697
9615,4.8e-05,172.31.46.0-255,66,3316,43,158697
9616,5.4e-05,74.125.68.0-255,2902,6218,43,158697
9617,5.7e-05,172.31.46.0-255,66,6284,43,158697
9618,6.4e-05,74.125.68.0-255,5738,12022,43,158697
9619,6.7e-05,172.31.46.0-255,66,12088,43,158697
9620,7.1e-05,74.125.68.0-255,2030,14118,43,158697
9621,7.3e-05,172.31.46.0-255,66,14184,43,158697
9622,0.000231,74.125.68.0-255,1484,15668,43,158697
9623,0.000237,172.31.46.0-255,66,15734,43,158697
9624,0.000242,74.125.68.0-255,2902,18636,43,158697
9625,0.000245,172.31.46.0-255,66,18702,43,158697
9626,0.000275,74.125.68.0-255,5738,24440,43,158697
9627,0.000278,172.31.46.0-255,66,24506,43,158697
9628,0.000301,74.125.68.0-255,5738,30244,43,158697
9629,0.000304,172.31.46.0-255,66,30310,43,158697
9630,0.000311,74.125.68.0-255,6797,37107,43,158697
9631,0.000314,172.31.46.0-255,66,37173,43,158697
9632,0.000317,74.125.68.0-255,1484,38657,43,158697
9633,0.000319,172.31.46.0-255,66,38723,43,158697
9634,0.000345,74.125.68.0-255,1484,40207,43,158697
9635,0.000348,172.31.46.0-255,66,40273,43,158697
9636,0.000354,74.125.68.0-255,4320,44593,43,158697
9637,0.000356,172.31.46.0-255,66,44659,43,158697
9638,0.00036,74.125.68.0-255,2902,47561,43,158697
9639,0.000363,172.31.46.0-255,66,47627,43,158697
9640,0.000388,74.125.68.0-255,5738,53365,43,158697
9641,0.000391,172.31.46.0-255,66,53431,43,158697
9642,0.000397,74.125.68.0-255,5738,59169,43,158697
9643,0.000406,74.125.68.0-255,6438,65607,43,158697
9644,0.000426,74.125.68.0-255,400,66007,43,158697
9645,0.000512,74.125.68.0-255,109,66116,43,158697
9646,0.00057,172.31.46.0-255,66,66182,43,158697
9647,0.000708,74.125.68.0-255,1484,67666,43,158697
9648,0.000714,74.125.68.0-255,2902,70568,43,158697
9649,0.000716,74.125.68.0-255,1484,72052,43,158697
9650,0.000734,172.31.46.0-255,66,72118,43,158697
9651,0.000745,74.125.68.0-255,2902,75020,43,158697
9652,0.000757,74.125.68.0-255,1484,76504,43,158697
9653,0.000772,74.125.68.0-255,4320,80824,43,158697
9654,0.000779,172.31.46.0-255,66,80890,43,158697
9655,0.000812,172.31.46.0-255,66,80956,43,158697
9656,0.000853,172.31.46.0-255,66,81022,43,158697
9657,0.003156,74.125.68.0-255,1484,82506,43,158697
9658,0.003174,74.125.68.0-255,4320,86826,43,158697
9659,0.003178,172.31.46.0-255,66,86892,43,158697
9660,0.005487,74.125.68.0-255,5738,92630,43,158697
9661,0.005493,172.31.46.0-255,66,92696,43,158697
9662,0.007802,74.125.68.0-255,5738,98434,43,158697
9663,0.007809,172.31.46.0-255,66,98500,43,158697
9664,0.01011,74.125.68.0-255,5738,104238,43,158697
9665,0.01073,172.31.46.0-255,66,104304,43,158697
9666,0.013069,74.125.68.0-255,5738,110042,43,158697
9667,0.013079,172.31.46.0-255,66,110108,43,158697
9668,0.015513,74.125.68.0-255,5738,115846,43,158697
9669,0.01552,172.31.46.0-255,66,115912,43,158697
9670,0.017821,74.125.68.0-255,5738,121650,43,158697
9671,0.017827,172.31.46.0-255,66,121716,43,158697
9672,0.020132,74.125.68.0-255,5738,127454,43,158697
9673,0.020139,172.31.46.0-255,66,127520,43,158697
9674,0.022438,74.125.68.0-255,4320,131840,43,158697
9675,0.022444,172.31.46.0-255,66,131906,43,158697
9676,0.022469,74.125.68.0-255,1484,133390,43,158697
9677,0.024753,74.125.68.0-255,4320,137710,43,158697
9678,0.024759,172.31.46.0-255,66,137776,43,158697
9679,0.026851,172.31.46.0-255,172,137948,43,158697
9680,0.026886,172.31.46.0-255,1107,139055,43,158697
9681,0.026939,172.31.46.0-255,1514,140569,43,158697
9682,0.026941,172.31.46.0-255,1514,142083,43,158697
9683,0.026945,172.31.46.0-255,1514,143597,43,158697
9684,0.026946,172.31.46.0-255,1514,145111,43,158697
9685,0.026964,172.31.46.0-255,1514,146625,43,158697
9686,0.026964,172.31.46.0-255,68,146693,43,158697
9687,0.027082,74.125.68.0-255,1484,148177,43,158697
9688,0.027112,74.125.68.0-255,4320,152497,43,158697
9689,0.02712,172.31.46.0-255,66,152563,43,158697
9690,0.028375,104.244.42.0-255,66,152629,43,158697
9691,0.02845,104.244.42.0-255,66,152695,43,158697
9692,0.028483,104.244.42.0-255,66,152761,43,158697
9693,0.028488,104.244.42.0-255,66,152827,43,158697
9694,0.028491,104.244.42.0-255,66,152893,43,158697
9695,0.029429,74.125.68.0-255,5738,158631,43,158697
9696,0.029435,172.31.46.0-255,66,158697,43,158697
9697,0.0,172.217.194.0-255,152,152,43,118609
9698,1.7e-05,172.217.194.0-255,1484,1636,43,118609
9699,2.6e-05,172.31.46.0-255,66,1702,43,118609
9700,3.4e-05,172.217.194.0-255,2902,4604,43,118609
9701,3.7e-05,172.217.194.0-255,1484,6088,43,118609
9702,6.3e-05,172.217.194.0-255,5738,11826,43,118609
9703,0.000116,172.31.46.0-255,66,11892,43,118609
9704,0.000152,172.217.194.0-255,2053,13945,43,118609
9705,0.00018,172.217.194.0-255,2902,16847,43,118609
9706,0.000214,172.217.194.0-255,2902,19749,43,118609
9707,0.000228,172.217.194.0-255,4320,24069,43,118609
9708,0.000334,172.217.194.0-255,4320,28389,43,118609
9709,0.00035,172.217.194.0-255,2543,30932,43,118609
9710,0.000372,172.31.46.0-255,66,30998,43,118609
9711,0.000407,172.217.194.0-255,2902,33900,43,118609
9712,0.000416,172.31.46.0-255,66,33966,43,118609
9713,0.000438,172.31.46.0-255,66,34032,43,118609
9714,0.000458,172.217.194.0-255,5379,39411,43,118609
9715,0.000471,172.31.46.0-255,66,39477,43,118609
9716,0.000699,172.217.194.0-255,2902,42379,43,118609
9717,0.000704,172.31.46.0-255,66,42445,43,118609
9718,0.000739,172.31.46.0-255,66,42511,43,118609
9719,0.000879,172.217.194.0-255,4320,46831,43,118609
9720,0.000883,172.31.46.0-255,66,46897,43,118609
9721,0.0009,172.217.194.0-255,5738,52635,43,118609
9722,0.000904,172.31.46.0-255,66,52701,43,118609
9723,0.000918,172.217.194.0-255,6828,59529,43,118609
9724,0.000936,172.31.46.0-255,66,59595,43,118609
9725,0.001116,172.217.194.0-255,5738,65333,43,118609
9726,0.001123,172.31.46.0-255,66,65399,43,118609
9727,0.0012,172.217.194.0-255,6438,71837,43,118609
9728,0.001205,172.31.46.0-255,66,71903,43,118609
9729,0.001236,172.31.46.0-255,66,71969,43,118609
9730,0.001582,172.217.194.0-255,7156,79125,43,118609
9731,0.001587,172.31.46.0-255,66,79191,43,118609
9732,0.001622,172.31.46.0-255,66,79257,43,118609
9733,0.001664,172.31.46.0-255,66,79323,43,118609
9734,0.002066,172.31.46.0-255,66,79389,43,118609
9735,0.00209,172.217.194.0-255,6797,86186,43,118609
9736,0.002296,172.217.194.0-255,4320,90506,43,118609
9737,0.002313,172.217.194.0-255,7156,97662,43,118609
9738,0.002765,172.217.194.0-255,7156,104818,43,118609
9739,0.003216,172.31.46.0-255,66,104884,43,118609
9740,0.003576,172.217.194.0-255,4320,109204,43,118609
9741,0.003587,172.31.46.0-255,66,109270,43,118609
9742,0.003681,172.31.46.0-255,66,109336,43,118609
9743,0.003725,172.31.46.0-255,66,109402,43,118609
9744,0.004491,172.217.194.0-255,5738,115140,43,118609
9745,0.004498,172.31.46.0-255,66,115206,43,118609
9746,0.00454,172.31.46.0-255,66,115272,43,118609
9747,0.004727,172.217.194.0-255,2902,118174,43,118609
9748,0.004731,172.31.46.0-255,66,118240,43,118609
9749,0.004762,172.31.46.0-255,66,118306,43,118609
9750,0.004787,172.31.46.0-255,66,118372,43,118609
9751,0.004825,172.31.46.0-255,66,118438,43,118609
9752,0.005438,172.31.46.0-255,105,118543,43,118609
9753,0.00778,172.217.194.0-255,66,118609,43,118609
9754,0.0,172.31.46.0-255,105,105,43,276
9755,0.00176,157.240.25.0-255,105,210,43,276
9756,0.001774,172.31.46.0-255,66,276,43,276
9757,0.0,74.125.130.0-255,152,152,43,224361
9758,6e-05,172.31.46.0-255,66,218,43,224361
9759,6.7e-05,74.125.130.0-255,1484,1702,43,224361
9760,7.3e-05,172.31.46.0-255,66,1768,43,224361
9761,7.8e-05,74.125.130.0-255,2902,4670,43,224361
9762,8e-05,172.31.46.0-255,66,4736,43,224361
9763,8.7e-05,74.125.130.0-255,5738,10474,43,224361
9764,9e-05,172.31.46.0-255,66,10540,43,224361
9765,9.5e-05,74.125.130.0-255,3434,13974,43,224361
9766,9.8e-05,172.31.46.0-255,66,14040,43,224361
9767,0.000104,74.125.130.0-255,4320,18360,43,224361
9768,0.000106,172.31.46.0-255,66,18426,43,224361
9769,0.000146,172.31.46.0-255,66,18492,43,224361
9770,0.000149,74.125.130.0-255,2543,21035,43,224361
9771,0.000151,172.31.46.0-255,66,21101,43,224361
9772,0.000298,74.125.130.0-255,1484,22585,43,224361
9773,0.000302,172.31.46.0-255,66,22651,43,224361
9774,0.000319,74.125.130.0-255,2902,25553,43,224361
9775,0.000322,172.31.46.0-255,66,25619,43,224361
9776,0.000349,74.125.130.0-255,4320,29939,43,224361
9777,0.000351,172.31.46.0-255,66,30005,43,224361
9778,0.000357,74.125.130.0-255,4320,34325,43,224361
9779,0.000358,172.31.46.0-255,66,34391,43,224361
9780,0.000379,74.125.130.0-255,1484,35875,43,224361
9781,0.000383,172.31.46.0-255,66,35941,43,224361
9782,0.000387,74.125.130.0-255,2543,38484,43,224361
9783,0.000389,172.31.46.0-255,66,38550,43,224361
9784,0.000392,74.125.130.0-255,1484,40034,43,224361
9785,0.000394,172.31.46.0-255,66,40100,43,224361
9786,0.000406,74.125.130.0-255,1484,41584,43,224361
9787,0.000411,172.31.46.0-255,66,41650,43,224361
9788,0.000432,74.125.130.0-255,5738,47388,43,224361
9789,0.000435,172.31.46.0-255,66,47454,43,224361
9790,0.000446,74.125.130.0-255,1484,48938,43,224361
9791,0.000452,74.125.130.0-255,2902,51840,43,224361
9792,0.000456,172.31.46.0-255,66,51906,43,224361
9793,0.000457,74.125.130.0-255,3961,55867,43,224361
9794,0.00046,172.31.46.0-255,66,55933,43,224361
9795,0.000613,74.125.130.0-255,647,56580,43,224361
9796,0.000774,74.125.130.0-255,1484,58064,43,224361
9797,0.000779,172.31.46.0-255,66,58130,43,224361
9798,0.000786,74.125.130.0-255,2902,61032,43,224361
9799,0.000788,172.31.46.0-255,66,61098,43,224361
9800,0.000814,74.125.130.0-255,4320,65418,43,224361
9801,0.000816,172.31.46.0-255,66,65484,43,224361
9802,0.000835,74.125.130.0-255,1484,66968,43,224361
9803,0.000858,172.31.46.0-255,66,67034,43,224361
9804,0.000886,74.125.130.0-255,1484,68518,43,224361
9805,0.000919,172.31.46.0-255,66,68584,43,224361
9806,0.000922,74.125.130.0-255,1484,70068,43,224361
9807,0.000957,74.125.130.0-255,3961,74029,43,224361
9808,0.000961,172.31.46.0-255,66,74095,43,224361
9809,0.001095,74.125.130.0-255,1484,75579,43,224361
9810,0.001113,74.125.130.0-255,2902,78481,43,224361
9811,0.001117,172.31.46.0-255,66,78547,43,224361
9812,0.001138,74.125.130.0-255,2902,81449,43,224361
9813,0.00114,172.31.46.0-255,66,81515,43,224361
9814,0.001159,74.125.130.0-255,2902,84417,43,224361
9815,0.001162,172.31.46.0-255,66,84483,43,224361
9816,0.00121,74.125.130.0-255,2902,87385,43,224361
9817,0.001213,172.31.46.0-255,66,87451,43,224361
9818,0.001219,74.125.130.0-255,4320,91771,43,224361
9819,0.001221,172.31.46.0-255,66,91837,43,224361
9820,0.001231,172.31.46.0-255,66,91903,43,224361
9821,0.001235,74.125.130.0-255,2902,94805,43,224361
9822,0.001237,172.31.46.0-255,66,94871,43,224361
9823,0.001268,74.125.130.0-255,5020,99891,43,224361
9824,0.001271,172.31.46.0-255,66,99957,43,224361
9825,0.00164,74.125.130.0-255,1484,101441,43,224361
9826,0.001651,74.125.130.0-255,2902,104343,43,224361
9827,0.001655,172.31.46.0-255,66,104409,43,224361
9828,0.001659,74.125.130.0-255,1484,105893,43,224361
9829,0.001676,74.125.130.0-255,2902,108795,43,224361
9830,0.001679,172.31.46.0-255,66,108861,43,224361
9831,0.001702,74.125.130.0-255,5738,114599,43,224361
9832,0.001706,172.31.46.0-255,66,114665,43,224361
9833,0.00171,74.125.130.0-255,1484,116149,43,224361
9834,0.001727,74.125.130.0-255,5738,121887,43,224361
9835,0.001729,172.31.46.0-255,66,121953,43,224361
9836,0.001736,74.125.130.0-255,5738,127691,43,224361
9837,0.001739,172.31.46.0-255,66,127757,43,224361
9838,0.00175,74.125.130.0-255,2902,130659,43,224361
9839,0.001753,172.31.46.0-255,66,130725,43,224361
9840,0.001779,74.125.130.0-255,3602,134327,43,224361
9841,0.001781,172.31.46.0-255,66,134393,43,224361
9842,0.003739,74.125.130.0-255,2902,137295,43,224361
9843,0.003748,172.31.46.0-255,66,137361,43,224361
9844,0.003762,74.125.130.0-255,2902,140263,43,224361
9845,0.003764,172.31.46.0-255,66,140329,43,224361
9846,0.004564,172.31.46.0-255,101,140430,43,224361
9847,0.005733,74.125.130.0-255,2902,143332,43,224361
9848,0.005739,172.31.46.0-255,66,143398,43,224361
9849,0.005758,74.125.130.0-255,2902,146300,43,224361
9850,0.00576,172.31.46.0-255,66,146366,43,224361
9851,0.00649,74.125.130.0-255,66,146432,43,224361
9852,0.00771,74.125.130.0-255,2902,149334,43,224361
9853,0.007713,172.31.46.0-255,66,149400,43,224361
9854,0.007729,74.125.130.0-255,2902,152302,43,224361
9855,0.007731,172.31.46.0-255,66,152368,43,224361
9856,0.009701,74.125.130.0-255,5738,158106,43,224361
9857,0.009708,172.31.46.0-255,66,158172,43,224361
9858,0.011684,74.125.130.0-255,5738,163910,43,224361
9859,0.011691,172.31.46.0-255,66,163976,43,224361
9860,0.013678,74.125.130.0-255,5738,169714,43,224361
9861,0.013685,172.31.46.0-255,66,169780,43,224361
9862,0.015661,74.125.130.0-255,5738,175518,43,224361
9863,0.015672,172.31.46.0-255,66,175584,43,224361
9864,0.017647,74.125.130.0-255,5738,181322,43,224361
9865,0.017654,172.31.46.0-255,66,181388,43,224361
9866,0.019627,74.125.130.0-255,5738,187126,43,224361
9867,0.019635,172.31.46.0-255,66,187192,43,224361
9868,0.02161,74.125.130.0-255,5738,192930,43,224361
9869,0.021617,172.31.46.0-255,66,192996,43,224361
9870,0.023591,74.125.130.0-255,5738,198734,43,224361
9871,0.023598,172.31.46.0-255,66,198800,43,224361
9872,0.025167,172.31.46.0-255,172,198972,43,224361
9873,0.025195,172.31.46.0-255,1108,200080,43,224361
9874,0.025251,172.31.46.0-255,1514,201594,43,224361
9875,0.025253,172.31.46.0-255,1514,203108,43,224361
9876,0.025255,172.31.46.0-255,1514,204622,43,224361
9877,0.025255,172.31.46.0-255,1514,206136,43,224361
9878,0.02528,172.31.46.0-255,549,206685,43,224361
9879,0.025576,74.125.130.0-255,5738,212423,43,224361
9880,0.025582,172.31.46.0-255,66,212489,43,224361
9881,0.026696,104.244.42.0-255,66,212555,43,224361
9882,0.026924,104.244.42.0-255,66,212621,43,224361
9883,0.026927,104.244.42.0-255,66,212687,43,224361
9884,0.02693,104.244.42.0-255,66,212753,43,224361
9885,0.027562,74.125.130.0-255,5738,218491,43,224361
9886,0.027566,172.31.46.0-255,66,218557,43,224361
9887,0.029536,74.125.130.0-255,5738,224295,43,224361
9888,0.029541,172.31.46.0-255,66,224361,43,224361
9889,0.0,172.31.46.0-255,105,105,43,276
9890,0.001798,157.240.25.0-255,105,210,43,276
9891,0.001813,172.31.46.0-255,66,276,43,276
9892,0.0,74.125.24.0-255,152,152,43,247773
9893,1.4e-05,172.31.46.0-255,66,218,43,247773
9894,2e-05,74.125.24.0-255,1484,1702,43,247773
9895,2.5e-05,172.31.46.0-255,66,1768,43,247773
9896,4.9e-05,74.125.24.0-255,2902,4670,43,247773
9897,5.6e-05,172.31.46.0-255,66,4736,43,247773
9898,6.4e-05,74.125.24.0-255,5738,10474,43,247773
9899,6.6e-05,172.31.46.0-255,66,10540,43,247773
9900,0.000108,172.31.46.0-255,66,10606,43,247773
9901,0.000115,74.125.24.0-255,6797,17403,43,247773
9902,0.000118,172.31.46.0-255,66,17469,43,247773
9903,0.000144,74.125.24.0-255,4320,21789,43,247773
9904,0.000147,172.31.46.0-255,66,21855,43,247773
9905,0.000158,74.125.24.0-255,5738,27593,43,247773
9906,0.000161,172.31.46.0-255,66,27659,43,247773
9907,0.000191,74.125.24.0-255,2902,30561,43,247773
9908,0.000194,172.31.46.0-255,66,30627,43,247773
9909,0.000222,74.125.24.0-255,3961,34588,43,247773
9910,0.000225,172.31.46.0-255,66,34654,43,247773
9911,0.000232,74.125.24.0-255,7156,41810,43,247773
9912,0.000235,172.31.46.0-255,66,41876,43,247773
9913,0.000245,74.125.24.0-255,4320,46196,43,247773
9914,0.000247,172.31.46.0-255,66,46262,43,247773
9915,0.000279,74.125.24.0-255,5713,51975,43,247773
9916,0.000282,172.31.46.0-255,66,52041,43,247773
9917,0.000285,74.125.24.0-255,111,52152,43,247773
9918,0.000287,172.31.46.0-255,66,52218,43,247773
9919,0.000308,74.125.24.0-255,330,52548,43,247773
9920,0.000315,172.31.46.0-255,66,52614,43,247773
9921,0.000562,74.125.24.0-255,1484,54098,43,247773
9922,0.000566,172.31.46.0-255,66,54164,43,247773
9923,0.000572,74.125.24.0-255,2902,57066,43,247773
9924,0.000583,74.125.24.0-255,5738,62804,43,247773
9925,0.000621,74.125.24.0-255,1484,64288,43,247773
9926,0.000683,74.125.24.0-255,7156,71444,43,247773
9927,0.000696,74.125.24.0-255,2184,73628,43,247773
9928,0.000862,172.31.46.0-255,66,73694,43,247773
9929,0.001085,74.125.24.0-255,1484,75178,43,247773
9930,0.001093,74.125.24.0-255,2902,78080,43,247773
9931,0.001102,172.31.46.0-255,66,78146,43,247773
9932,0.001121,74.125.24.0-255,5738,83884,43,247773
9933,0.001146,74.125.24.0-255,4320,88204,43,247773
9934,0.001167,74.125.24.0-255,5738,93942,43,247773
9935,0.001185,74.125.24.0-255,4470,98412,43,247773
9936,0.001191,172.31.46.0-255,66,98478,43,247773
9937,0.00155,74.125.24.0-255,1484,99962,43,247773
9938,0.001555,74.125.24.0-255,2902,102864,43,247773
9939,0.001565,172.31.46.0-255,66,102930,43,247773
9940,0.001574,74.125.24.0-255,5738,108668,43,247773
9941,0.001619,172.31.46.0-255,66,108734,43,247773
9942,0.001629,74.125.24.0-255,2902,111636,43,247773
9943,0.00165,172.31.46.0-255,66,111702,43,247773
9944,0.00182,74.125.24.0-255,1484,113186,43,247773
9945,0.001824,74.125.24.0-255,1484,114670,43,247773
9946,0.001831,172.31.46.0-255,66,114736,43,247773
9947,0.001863,74.125.24.0-255,1484,116220,43,247773
9948,0.001871,74.125.24.0-255,5738,121958,43,247773
9949,0.001894,74.125.24.0-255,1484,123442,43,247773
9950,0.001898,172.31.46.0-255,66,123508,43,247773
9951,0.00191,74.125.24.0-255,7156,130664,43,247773
9952,0.001915,172.31.46.0-255,66,130730,43,247773
9953,0.001931,74.125.24.0-255,2184,132914,43,247773
9954,0.001935,74.125.24.0-255,4320,137234,43,247773
9955,0.001943,74.125.24.0-255,4320,141554,43,247773
9956,0.001959,74.125.24.0-255,1484,143038,43,247773
9957,0.001966,74.125.24.0-255,7156,150194,43,247773
9958,0.001983,172.31.46.0-255,66,150260,43,247773
9959,0.001988,74.125.24.0-255,4320,154580,43,247773
9960,0.002009,172.31.46.0-255,66,154646,43,247773
9961,0.002222,74.125.24.0-255,1484,156130,43,247773
9962,0.002227,74.125.24.0-255,2902,159032,43,247773
9963,0.002245,74.125.24.0-255,5738,164770,43,247773
9964,0.00226,172.31.46.0-255,66,164836,43,247773
9965,0.00232,172.31.46.0-255,66,164902,43,247773
9966,0.002389,74.125.24.0-255,1484,166386,43,247773
9967,0.002395,74.125.24.0-255,2902,169288,43,247773
9968,0.002398,172.31.46.0-255,66,169354,43,247773
9969,0.002425,74.125.24.0-255,5738,175092,43,247773
9970,0.002458,172.31.46.0-255,66,175158,43,247773
9971,0.002527,172.31.46.0-255,66,175224,43,247773
9972,0.00254,74.125.24.0-255,5020,180244,43,247773
9973,0.002558,74.125.24.0-255,2902,183146,43,247773
9974,0.002573,74.125.24.0-255,5738,188884,43,247773
9975,0.002577,74.125.24.0-255,2902,191786,43,247773
9976,0.002579,172.31.46.0-255,66,191852,43,247773
9977,0.002612,74.125.24.0-255,7156,199008,43,247773
9978,0.002616,74.125.24.0-255,1484,200492,43,247773
9979,0.002639,172.31.46.0-255,101,200593,43,247773
9980,0.005208,74.125.24.0-255,5738,206331,43,247773
9981,0.005218,172.31.46.0-255,66,206397,43,247773
9982,0.007771,74.125.24.0-255,5738,212135,43,247773
9983,0.008013,172.31.46.0-255,66,212201,43,247773
9984,0.010546,74.125.24.0-255,5738,217939,43,247773
9985,0.010552,172.31.46.0-255,66,218005,43,247773
9986,0.013106,74.125.24.0-255,5738,223743,43,247773
9987,0.013122,172.31.46.0-255,66,223809,43,247773
9988,0.015673,74.125.24.0-255,5738,229547,43,247773
9989,0.015689,172.31.46.0-255,66,229613,43,247773
9990,0.018235,74.125.24.0-255,5738,235351,43,247773
9991,0.018253,172.31.46.0-255,66,235417,43,247773
9992,0.020828,74.125.24.0-255,5738,241155,43,247773
9993,0.020844,172.31.46.0-255,66,241221,43,247773
9994,0.023378,74.125.24.0-255,5738,246959,43,247773
9995,0.023388,172.31.46.0-255,66,247025,43,247773
9996,0.025919,74.125.24.0-255,643,247668,43,247773
9997,0.026185,172.31.46.0-255,105,247773,43,247773
9998,0.0,74.125.68.0-255,153,153,43,140349
9999,2.3e-05,172.31.46.0-255,66,219,43,140349
10000,3e-05,74.125.68.0-255,1484,1703,43,140349
10001,3.4e-05,172.31.46.0-255,66,1769,43,140349
10002,4e-05,74.125.68.0-255,2902,4671,43,140349
10003,4.4e-05,172.31.46.0-255,66,4737,43,140349
10004,4.9e-05,74.125.68.0-255,4320,9057,43,140349
10005,5.2e-05,172.31.46.0-255,66,9123,43,140349
10006,9.7e-05,74.125.68.0-255,4860,13983,43,140349
10007,0.0001,172.31.46.0-255,66,14049,43,140349
10008,0.000112,74.125.68.0-255,1484,15533,43,140349
10009,0.000115,172.31.46.0-255,66,15599,43,140349
10010,0.000133,74.125.68.0-255,1484,17083,43,140349
10011,0.000135,172.31.46.0-255,66,17149,43,140349
10012,0.00014,74.125.68.0-255,4320,21469,43,140349
10013,0.000143,172.31.46.0-255,66,21535,43,140349
10014,0.000153,172.31.46.0-255,66,21601,43,140349
10015,0.000192,172.31.46.0-255,66,21667,43,140349
10016,0.000202,172.31.46.0-255,66,21733,43,140349
10017,0.000347,74.125.68.0-255,1484,23217,43,140349
10018,0.000352,172.31.46.0-255,66,23283,43,140349
10019,0.000356,74.125.68.0-255,1484,24767,43,140349
10020,0.000358,172.31.46.0-255,66,24833,43,140349
10021,0.000372,74.125.68.0-255,1484,26317,43,140349
10022,0.000374,172.31.46.0-255,66,26383,43,140349
10023,0.000382,74.125.68.0-255,5738,32121,43,140349
10024,0.000384,172.31.46.0-255,66,32187,43,140349
10025,0.000415,74.125.68.0-255,5738,37925,43,140349
10026,0.000417,172.31.46.0-255,66,37991,43,140349
10027,0.000436,74.125.68.0-255,1459,39450,43,140349
10028,0.000936,172.31.46.0-255,66,39516,43,140349
10029,0.001219,74.125.68.0-255,1484,41000,43,140349
10030,0.001229,74.125.68.0-255,2902,43902,43,140349
10031,0.001233,172.31.46.0-255,66,43968,43,140349
10032,0.001257,74.125.68.0-255,5738,49706,43,140349
10033,0.00126,172.31.46.0-255,66,49772,43,140349
10034,0.001283,74.125.68.0-255,5738,55510,43,140349
10035,0.001285,172.31.46.0-255,66,55576,43,140349
10036,0.001302,74.125.68.0-255,1484,57060,43,140349
10037,0.001328,74.125.68.0-255,2902,59962,43,140349
10038,0.001331,172.31.46.0-255,66,60028,43,140349
10039,0.00136,172.31.46.0-255,66,60094,43,140349
10040,0.001394,74.125.68.0-255,2184,62278,43,140349
10041,0.001396,172.31.46.0-255,66,62344,43,140349
10042,0.003647,74.125.68.0-255,2902,65246,43,140349
10043,0.003654,172.31.46.0-255,66,65312,43,140349
10044,0.003674,74.125.68.0-255,2902,68214,43,140349
10045,0.003676,172.31.46.0-255,66,68280,43,140349
10046,0.005929,74.125.68.0-255,2902,71182,43,140349
10047,0.005931,172.31.46.0-255,66,71248,43,140349
10048,0.005947,74.125.68.0-255,2902,74150,43,140349
10049,0.005948,172.31.46.0-255,66,74216,43,140349
10050,0.008204,74.125.68.0-255,2902,77118,43,140349
10051,0.008212,172.31.46.0-255,66,77184,43,140349
10052,0.008234,74.125.68.0-255,2902,80086,43,140349
10053,0.008237,172.31.46.0-255,66,80152,43,140349
10054,0.010493,74.125.68.0-255,5738,85890,43,140349
10055,0.0105,172.31.46.0-255,66,85956,43,140349
10056,0.012793,74.125.68.0-255,5738,91694,43,140349
10057,0.0128,172.31.46.0-255,66,91760,43,140349
10058,0.015083,74.125.68.0-255,5738,97498,43,140349
10059,0.015092,172.31.46.0-255,66,97564,43,140349
10060,0.017377,74.125.68.0-255,5738,103302,43,140349
10061,0.017385,172.31.46.0-255,66,103368,43,140349
10062,0.019663,74.125.68.0-255,5738,109106,43,140349
10063,0.019672,172.31.46.0-255,66,109172,43,140349
10064,0.020896,172.31.46.0-255,182,109354,43,140349
10065,0.020934,172.31.46.0-255,1118,110472,43,140349
10066,0.02101,172.31.46.0-255,1514,111986,43,140349
10067,0.021012,172.31.46.0-255,1514,113500,43,140349
10068,0.021013,172.31.46.0-255,1514,115014,43,140349
10069,0.021014,172.31.46.0-255,1514,116528,43,140349
10070,0.021016,172.31.46.0-255,539,117067,43,140349
10071,0.02196,74.125.68.0-255,5738,122805,43,140349
10072,0.02197,172.31.46.0-255,66,122871,43,140349
10073,0.022572,104.244.42.0-255,66,122937,43,140349
10074,0.024254,74.125.68.0-255,5738,128675,43,140349
10075,0.02426,172.31.46.0-255,66,128741,43,140349
10076,0.026554,74.125.68.0-255,5738,134479,43,140349
10077,0.026563,172.31.46.0-255,66,134545,43,140349
10078,0.028849,74.125.68.0-255,5738,140283,43,140349
10079,0.028857,172.31.46.0-255,66,140349,43,140349
10080,0.0,172.31.46.0-255,105,105,43,276
10081,0.001766,157.240.25.0-255,105,210,43,276
10082,0.001779,172.31.46.0-255,66,276,43,276
10083,0.0,172.217.194.0-255,153,153,43,262809
10084,2e-05,172.31.46.0-255,66,219,43,262809
10085,2.7e-05,172.217.194.0-255,1484,1703,43,262809
10086,3.1e-05,172.31.46.0-255,66,1769,43,262809
10087,3.7e-05,172.217.194.0-255,2902,4671,43,262809
10088,4e-05,172.31.46.0-255,66,4737,43,262809
10089,4.8e-05,172.217.194.0-255,7156,11893,43,262809
10090,5.1e-05,172.31.46.0-255,66,11959,43,262809
10091,5.5e-05,172.217.194.0-255,2083,14042,43,262809
10092,5.8e-05,172.31.46.0-255,66,14108,43,262809
10093,0.000162,172.217.194.0-255,1484,15592,43,262809
10094,0.000166,172.31.46.0-255,66,15658,43,262809
10095,0.000171,172.217.194.0-255,2902,18560,43,262809
10096,0.000174,172.31.46.0-255,66,18626,43,262809
10097,0.00018,172.217.194.0-255,5738,24364,43,262809
10098,0.000183,172.31.46.0-255,66,24430,43,262809
10099,0.000213,172.217.194.0-255,4320,28750,43,262809
10100,0.000216,172.31.46.0-255,66,28816,43,262809
10101,0.000238,172.217.194.0-255,2543,31359,43,262809
10102,0.00024,172.31.46.0-255,66,31425,43,262809
10103,0.000332,172.217.194.0-255,1484,32909,43,262809
10104,0.000336,172.31.46.0-255,66,32975,43,262809
10105,0.000341,172.217.194.0-255,2902,35877,43,262809
10106,0.000344,172.31.46.0-255,66,35943,43,262809
10107,0.000347,172.217.194.0-255,1484,37427,43,262809
10108,0.000349,172.31.46.0-255,66,37493,43,262809
10109,0.000371,172.217.194.0-255,4320,41813,43,262809
10110,0.000374,172.31.46.0-255,66,41879,43,262809
10111,0.000377,172.217.194.0-255,1484,43363,43,262809
10112,0.000378,172.31.46.0-255,66,43429,43,262809
10113,0.000396,172.217.194.0-255,5379,48808,43,262809
10114,0.000398,172.31.46.0-255,66,48874,43,262809
10115,0.001059,172.217.194.0-255,1484,50358,43,262809
10116,0.00107,172.217.194.0-255,2902,53260,43,262809
10117,0.001075,172.31.46.0-255,66,53326,43,262809
10118,0.001083,172.217.194.0-255,5738,59064,43,262809
10119,0.001085,172.31.46.0-255,66,59130,43,262809
10120,0.00109,172.217.194.0-255,2902,62032,43,262809
10121,0.001092,172.31.46.0-255,66,62098,43,262809
10122,0.001112,172.217.194.0-255,2902,65000,43,262809
10123,0.001115,172.31.46.0-255,66,65066,43,262809
10124,0.00112,172.217.194.0-255,2543,67609,43,262809
10125,0.001122,172.31.46.0-255,66,67675,43,262809
10126,0.001127,172.217.194.0-255,2902,70577,43,262809
10127,0.001129,172.31.46.0-255,66,70643,43,262809
10128,0.001158,172.217.194.0-255,7156,77799,43,262809
10129,0.001161,172.31.46.0-255,66,77865,43,262809
10130,0.001165,172.217.194.0-255,1484,79349,43,262809
10131,0.001184,172.217.194.0-255,3961,83310,43,262809
10132,0.001187,172.31.46.0-255,66,83376,43,262809
10133,0.001206,172.217.194.0-255,4320,87696,43,262809
10134,0.001209,172.31.46.0-255,66,87762,43,262809
10135,0.001227,172.217.194.0-255,1484,89246,43,262809
10136,0.001234,172.217.194.0-255,4320,93566,43,262809
10137,0.001236,172.31.46.0-255,66,93632,43,262809
10138,0.001264,172.31.46.0-255,66,93698,43,262809
10139,0.001317,172.217.194.0-255,1484,95182,43,262809
10140,0.001323,172.217.194.0-255,2902,98084,43,262809
10141,0.001326,172.31.46.0-255,66,98150,43,262809
10142,0.001331,172.217.194.0-255,2902,101052,43,262809
10143,0.001333,172.31.46.0-255,66,101118,43,262809
10144,0.001348,172.217.194.0-255,2902,104020,43,262809
10145,0.001352,172.31.46.0-255,66,104086,43,262809
10146,0.001391,172.217.194.0-255,5738,109824,43,262809
10147,0.001395,172.31.46.0-255,66,109890,43,262809
10148,0.001421,172.217.194.0-255,577,110467,43,262809
10149,0.001502,172.217.194.0-255,1484,111951,43,262809
10150,0.001507,172.31.46.0-255,66,112017,43,262809
10151,0.001513,172.217.194.0-255,2902,114919,43,262809
10152,0.001516,172.31.46.0-255,66,114985,43,262809
10153,0.001519,172.217.194.0-255,1484,116469,43,262809
10154,0.001541,172.217.194.0-255,4320,120789,43,262809
10155,0.001544,172.31.46.0-255,66,120855,43,262809
10156,0.001548,172.217.194.0-255,2902,123757,43,262809
10157,0.00155,172.31.46.0-255,66,123823,43,262809
10158,0.001571,172.217.194.0-255,1484,125307,43,262809
10159,0.001592,172.31.46.0-255,66,125373,43,262809
10160,0.001657,172.31.46.0-255,66,125439,43,262809
10161,0.001672,172.217.194.0-255,2184,127623,43,262809
10162,0.001674,172.31.46.0-255,66,127689,43,262809
10163,0.001854,172.217.194.0-255,1484,129173,43,262809
10164,0.001867,172.217.194.0-255,1484,130657,43,262809
10165,0.001872,172.31.46.0-255,66,130723,43,262809
10166,0.001889,172.217.194.0-255,1484,132207,43,262809
10167,0.001904,172.217.194.0-255,1484,133691,43,262809
10168,0.001906,172.31.46.0-255,66,133757,43,262809
10169,0.001927,172.217.194.0-255,2902,136659,43,262809
10170,0.00193,172.31.46.0-255,66,136725,43,262809
10171,0.001937,172.217.194.0-255,5738,142463,43,262809
10172,0.00194,172.31.46.0-255,66,142529,43,262809
10173,0.001954,172.217.194.0-255,2902,145431,43,262809
10174,0.001956,172.31.46.0-255,66,145497,43,262809
10175,0.001961,172.217.194.0-255,2902,148399,43,262809
10176,0.001963,172.31.46.0-255,66,148465,43,262809
10177,0.001966,172.217.194.0-255,1484,149949,43,262809
10178,0.001992,172.31.46.0-255,66,150015,43,262809
10179,0.002306,172.217.194.0-255,1484,151499,43,262809
10180,0.002323,172.217.194.0-255,1484,152983,43,262809
10181,0.002327,172.31.46.0-255,66,153049,43,262809
10182,0.002347,172.217.194.0-255,1484,154533,43,262809
10183,0.002356,172.217.194.0-255,5738,160271,43,262809
10184,0.002358,172.31.46.0-255,66,160337,43,262809
10185,0.002361,172.217.194.0-255,1484,161821,43,262809
10186,0.002372,172.217.194.0-255,1484,163305,43,262809
10187,0.002374,172.31.46.0-255,66,163371,43,262809
10188,0.002394,172.217.194.0-255,5738,169109,43,262809
10189,0.002397,172.31.46.0-255,66,169175,43,262809
10190,0.002401,172.217.194.0-255,2902,172077,43,262809
10191,0.002404,172.31.46.0-255,66,172143,43,262809
10192,0.002433,172.31.46.0-255,66,172209,43,262809
10193,0.002436,172.217.194.0-255,1484,173693,43,262809
10194,0.002461,172.31.46.0-255,66,173759,43,262809
10195,0.002484,172.217.194.0-255,5738,179497,43,262809
10196,0.002486,172.31.46.0-255,66,179563,43,262809
10197,0.002491,172.217.194.0-255,2902,182465,43,262809
10198,0.002493,172.31.46.0-255,66,182531,43,262809
10199,0.002509,172.217.194.0-255,4320,186851,43,262809
10200,0.002532,172.217.194.0-255,5738,192589,43,262809
10201,0.002554,172.217.194.0-255,2902,195491,43,262809
10202,0.002566,172.217.194.0-255,2184,197675,43,262809
10203,0.002621,172.217.194.0-255,1484,199159,43,262809
10204,0.002633,172.217.194.0-255,1484,200643,43,262809
10205,0.002647,172.217.194.0-255,1484,202127,43,262809
10206,0.002651,172.217.194.0-255,2902,205029,43,262809
10207,0.002673,172.217.194.0-255,2902,207931,43,262809
10208,0.002733,172.217.194.0-255,1484,209415,43,262809
10209,0.002741,172.217.194.0-255,7156,216571,43,262809
10210,0.00276,172.217.194.0-255,3602,220173,43,262809
10211,0.002808,172.217.194.0-255,1484,221657,43,262809
10212,0.002812,172.217.194.0-255,2902,224559,43,262809
10213,0.002818,172.217.194.0-255,4320,228879,43,262809
10214,0.00283,172.217.194.0-255,1484,230363,43,262809
10215,0.002868,172.217.194.0-255,4320,234683,43,262809
10216,0.002892,172.217.194.0-255,1484,236167,43,262809
10217,0.002925,172.217.194.0-255,4320,240487,43,262809
10218,0.002999,172.217.194.0-255,4320,244807,43,262809
10219,0.003042,172.217.194.0-255,2184,246991,43,262809
10220,0.003071,172.217.194.0-255,5738,252729,43,262809
10221,0.003074,172.217.194.0-255,766,253495,43,262809
10222,0.003088,172.217.194.0-255,7156,260651,43,262809
10223,0.003092,172.217.194.0-255,1816,262467,43,262809
10224,0.003111,172.217.194.0-255,105,262572,43,262809
10225,0.003517,172.31.46.0-255,66,262638,43,262809
10226,0.011911,172.31.46.0-255,105,262743,43,262809
10227,0.01453,172.217.194.0-255,66,262809,43,262809
10228,0.0,74.125.68.0-255,153,153,43,230571
10229,2.2e-05,172.31.46.0-255,66,219,43,230571
10230,3e-05,74.125.68.0-255,1484,1703,43,230571
10231,3.5e-05,172.31.46.0-255,66,1769,43,230571
10232,4.9e-05,74.125.68.0-255,2902,4671,43,230571
10233,5.1e-05,172.31.46.0-255,66,4737,43,230571
10234,5.6e-05,74.125.68.0-255,2902,7639,43,230571
10235,5.9e-05,172.31.46.0-255,66,7705,43,230571
10236,9.1e-05,74.125.68.0-255,1484,9189,43,230571
10237,9.4e-05,172.31.46.0-255,66,9255,43,230571
10238,0.000101,74.125.68.0-255,4822,14077,43,230571
10239,0.000104,172.31.46.0-255,66,14143,43,230571
10240,0.000311,74.125.68.0-255,1484,15627,43,230571
10241,0.000317,172.31.46.0-255,66,15693,43,230571
10242,0.000323,74.125.68.0-255,2902,18595,43,230571
10243,0.000326,172.31.46.0-255,66,18661,43,230571
10244,0.000354,74.125.68.0-255,4320,22981,43,230571
10245,0.000356,172.31.46.0-255,66,23047,43,230571
10246,0.000388,172.31.46.0-255,66,23113,43,230571
10247,0.000392,74.125.68.0-255,2902,26015,43,230571
10248,0.000395,172.31.46.0-255,66,26081,43,230571
10249,0.00041,74.125.68.0-255,5738,31819,43,230571
10250,0.000413,172.31.46.0-255,66,31885,43,230571
10251,0.000423,74.125.68.0-255,4320,36205,43,230571
10252,0.000425,172.31.46.0-255,66,36271,43,230571
10253,0.000452,74.125.68.0-255,4320,40591,43,230571
10254,0.000454,172.31.46.0-255,66,40657,43,230571
10255,0.000466,172.31.46.0-255,66,40723,43,230571
10256,0.000508,74.125.68.0-255,6438,47161,43,230571
10257,0.000511,172.31.46.0-255,66,47227,43,230571
10258,0.000553,74.125.68.0-255,398,47625,43,230571
10259,0.000619,74.125.68.0-255,1484,49109,43,230571
10260,0.000634,74.125.68.0-255,2902,52011,43,230571
10261,0.00066,74.125.68.0-255,4320,56331,43,230571
10262,0.000667,172.31.46.0-255,66,56397,43,230571
10263,0.000699,74.125.68.0-255,2902,59299,43,230571
10264,0.000715,74.125.68.0-255,1484,60783,43,230571
10265,0.000725,172.31.46.0-255,66,60849,43,230571
10266,0.000767,74.125.68.0-255,3660,64509,43,230571
10267,0.000786,172.31.46.0-255,66,64575,43,230571
10268,0.000951,74.125.68.0-255,1484,66059,43,230571
10269,0.000967,74.125.68.0-255,2902,68961,43,230571
10270,0.000989,74.125.68.0-255,4320,73281,43,230571
10271,0.000992,172.31.46.0-255,66,73347,43,230571
10272,0.000998,172.31.46.0-255,66,73413,43,230571
10273,0.001017,74.125.68.0-255,1484,74897,43,230571
10274,0.00102,74.125.68.0-255,1484,76381,43,230571
10275,0.001024,74.125.68.0-255,2902,79283,43,230571
10276,0.001048,74.125.68.0-255,5738,85021,43,230571
10277,0.00106,172.31.46.0-255,66,85087,43,230571
10278,0.001072,74.125.68.0-255,7156,92243,43,230571
10279,0.001087,172.31.46.0-255,66,92309,43,230571
10280,0.001114,74.125.68.0-255,4320,96629,43,230571
10281,0.00112,172.31.46.0-255,66,96695,43,230571
10282,0.001129,74.125.68.0-255,2184,98879,43,230571
10283,0.001155,172.31.46.0-255,66,98945,43,230571
10284,0.001825,74.125.68.0-255,1484,100429,43,230571
10285,0.001847,74.125.68.0-255,2902,103331,43,230571
10286,0.001852,172.31.46.0-255,66,103397,43,230571
10287,0.001878,74.125.68.0-255,2902,106299,43,230571
10288,0.001894,74.125.68.0-255,1484,107783,43,230571
10289,0.001901,172.31.46.0-255,66,107849,43,230571
10290,0.001906,74.125.68.0-255,2902,110751,43,230571
10291,0.001912,172.31.46.0-255,66,110817,43,230571
10292,0.001949,74.125.68.0-255,4320,115137,43,230571
10293,0.00196,74.125.68.0-255,5738,120875,43,230571
10294,0.001985,172.31.46.0-255,66,120941,43,230571
10295,0.002035,74.125.68.0-255,2902,123843,43,230571
10296,0.002047,172.31.46.0-255,66,123909,43,230571
10297,0.002064,74.125.68.0-255,5738,129647,43,230571
10298,0.002075,74.125.68.0-255,2902,132549,43,230571
10299,0.002088,74.125.68.0-255,2184,134733,43,230571
10300,0.002091,74.125.68.0-255,1484,136217,43,230571
10301,0.00211,74.125.68.0-255,4320,140537,43,230571
10302,0.002116,172.31.46.0-255,66,140603,43,230571
10303,0.002125,74.125.68.0-255,2902,143505,43,230571
10304,0.002129,172.31.46.0-255,66,143571,43,230571
10305,0.002151,74.125.68.0-255,7156,150727,43,230571
10306,0.002175,74.125.68.0-255,2902,153629,43,230571
10307,0.002197,74.125.68.0-255,5020,158649,43,230571
10308,0.002199,172.31.46.0-255,66,158715,43,230571
10309,0.002204,172.31.46.0-255,66,158781,43,230571
10310,0.004422,74.125.68.0-255,5738,164519,43,230571
10311,0.004432,172.31.46.0-255,66,164585,43,230571
10312,0.006639,74.125.68.0-255,4320,168905,43,230571
10313,0.006659,74.125.68.0-255,1484,170389,43,230571
10314,0.008393,172.31.46.0-255,66,170455,43,230571
10315,0.010627,74.125.68.0-255,5738,176193,43,230571
10316,0.010646,172.31.46.0-255,66,176259,43,230571
10317,0.012877,74.125.68.0-255,5738,181997,43,230571
10318,0.013319,172.31.46.0-255,66,182063,43,230571
10319,0.015532,74.125.68.0-255,5738,187801,43,230571
10320,0.015543,172.31.46.0-255,66,187867,43,230571
10321,0.01776,74.125.68.0-255,5738,193605,43,230571
10322,0.017775,172.31.46.0-255,66,193671,43,230571
10323,0.020012,74.125.68.0-255,5738,199409,43,230571
10324,0.020021,172.31.46.0-255,66,199475,43,230571
10325,0.022246,74.125.68.0-255,5738,205213,43,230571
10326,0.022258,172.31.46.0-255,66,205279,43,230571
10327,0.024477,74.125.68.0-255,5738,211017,43,230571
10328,0.024486,172.31.46.0-255,66,211083,43,230571
10329,0.026732,74.125.68.0-255,5738,216821,43,230571
10330,0.026744,172.31.46.0-255,66,216887,43,230571
10331,0.028998,74.125.68.0-255,5738,222625,43,230571
10332,0.029007,172.31.46.0-255,66,222691,43,230571
10333,0.029639,172.31.46.0-255,167,222858,43,230571
10334,0.029672,172.31.46.0-255,1108,223966,43,230571
10335,0.029736,172.31.46.0-255,1514,225480,43,230571
10336,0.029742,172.31.46.0-255,1514,226994,43,230571
10337,0.029744,172.31.46.0-255,1514,228508,43,230571
10338,0.029745,172.31.46.0-255,1514,230022,43,230571
10339,0.029746,172.31.46.0-255,549,230571,43,230571
10340,0.0,104.244.42.0-255,66,66,43,66
10341,0.0,172.217.194.0-255,153,153,43,178024
10342,2.5e-05,172.31.46.0-255,66,219,43,178024
10343,3.2e-05,172.217.194.0-255,1484,1703,43,178024
10344,3.7e-05,172.31.46.0-255,66,1769,43,178024
10345,4.3e-05,172.217.194.0-255,2902,4671,43,178024
10346,4.7e-05,172.31.46.0-255,66,4737,43,178024
10347,5e-05,172.217.194.0-255,1484,6221,43,178024
10348,5.2e-05,172.31.46.0-255,66,6287,43,178024
10349,7.7e-05,172.217.194.0-255,4320,10607,43,178024
10350,8e-05,172.31.46.0-255,66,10673,43,178024
10351,8.5e-05,172.217.194.0-255,3417,14090,43,178024
10352,8.7e-05,172.31.46.0-255,66,14156,43,178024
10353,0.000162,172.217.194.0-255,1484,15640,43,178024
10354,0.000166,172.31.46.0-255,66,15706,43,178024
10355,0.000171,172.217.194.0-255,2902,18608,43,178024
10356,0.000173,172.31.46.0-255,66,18674,43,178024
10357,0.000176,172.217.194.0-255,1484,20158,43,178024
10358,0.000179,172.31.46.0-255,66,20224,43,178024
10359,0.000204,172.217.194.0-255,4320,24544,43,178024
10360,0.000207,172.31.46.0-255,66,24610,43,178024
10361,0.000246,172.217.194.0-255,5738,30348,43,178024
10362,0.00025,172.31.46.0-255,66,30414,43,178024
10363,0.000273,172.217.194.0-255,2543,32957,43,178024
10364,0.000275,172.31.46.0-255,66,33023,43,178024
10365,0.000286,172.31.46.0-255,66,33089,43,178024
10366,0.000289,172.217.194.0-255,1484,34573,43,178024
10367,0.000291,172.31.46.0-255,66,34639,43,178024
10368,0.000314,172.217.194.0-255,5379,40018,43,178024
10369,0.000317,172.31.46.0-255,66,40084,43,178024
10370,0.000346,172.217.194.0-255,1484,41568,43,178024
10371,0.000348,172.31.46.0-255,66,41634,43,178024
10372,0.000352,172.217.194.0-255,2902,44536,43,178024
10373,0.000355,172.31.46.0-255,66,44602,43,178024
10374,0.000358,172.217.194.0-255,1484,46086,43,178024
10375,0.000376,172.217.194.0-255,4320,50406,43,178024
10376,0.000378,172.31.46.0-255,66,50472,43,178024
10377,0.000405,172.217.194.0-255,7110,57582,43,178024
10378,0.000407,172.31.46.0-255,66,57648,43,178024
10379,0.00041,172.217.194.0-255,364,58012,43,178024
10380,0.000523,172.217.194.0-255,1484,59496,43,178024
10381,0.000528,172.31.46.0-255,66,59562,43,178024
10382,0.000534,172.217.194.0-255,2902,62464,43,178024
10383,0.000537,172.31.46.0-255,66,62530,43,178024
10384,0.000542,172.217.194.0-255,4320,66850,43,178024
10385,0.000544,172.31.46.0-255,66,66916,43,178024
10386,0.000562,172.217.194.0-255,1484,68400,43,178024
10387,0.000608,172.217.194.0-255,1484,69884,43,178024
10388,0.000612,172.31.46.0-255,66,69950,43,178024
10389,0.000644,172.31.46.0-255,66,70016,43,178024
10390,0.000648,172.217.194.0-255,2902,72918,43,178024
10391,0.000651,172.31.46.0-255,66,72984,43,178024
10392,0.000671,172.31.46.0-255,66,73050,43,178024
10393,0.001007,172.217.194.0-255,1484,74534,43,178024
10394,0.001014,172.217.194.0-255,2902,77436,43,178024
10395,0.001017,172.31.46.0-255,66,77502,43,178024
10396,0.001021,172.217.194.0-255,1484,78986,43,178024
10397,0.001041,172.217.194.0-255,4320,83306,43,178024
10398,0.001044,172.31.46.0-255,66,83372,43,178024
10399,0.001047,172.217.194.0-255,1484,84856,43,178024
10400,0.001064,172.217.194.0-255,5738,90594,43,178024
10401,0.001066,172.31.46.0-255,66,90660,43,178024
10402,0.001093,172.217.194.0-255,5738,96398,43,178024
10403,0.001095,172.31.46.0-255,66,96464,43,178024
10404,0.001107,172.31.46.0-255,66,96530,43,178024
10405,0.00113,172.217.194.0-255,2184,98714,43,178024
10406,0.001134,172.31.46.0-255,66,98780,43,178024
10407,0.001729,172.217.194.0-255,1484,100264,43,178024
10408,0.001749,172.217.194.0-255,2902,103166,43,178024
10409,0.001753,172.31.46.0-255,66,103232,43,178024
10410,0.001761,172.217.194.0-255,5738,108970,43,178024
10411,0.001763,172.31.46.0-255,66,109036,43,178024
10412,0.001827,172.31.46.0-255,66,109102,43,178024
10413,0.001846,172.217.194.0-255,2902,112004,43,178024
10414,0.001849,172.31.46.0-255,66,112070,43,178024
10415,0.00186,172.31.46.0-255,66,112136,43,178024
10416,0.002079,172.217.194.0-255,1484,113620,43,178024
10417,0.002095,172.217.194.0-255,2902,116522,43,178024
10418,0.002099,172.31.46.0-255,66,116588,43,178024
10419,0.002104,172.217.194.0-255,2902,119490,43,178024
10420,0.002106,172.31.46.0-255,66,119556,43,178024
10421,0.002124,172.217.194.0-255,2902,122458,43,178024
10422,0.002126,172.31.46.0-255,66,122524,43,178024
10423,0.002138,172.31.46.0-255,66,122590,43,178024
10424,0.002168,172.217.194.0-255,4320,126910,43,178024
10425,0.002171,172.31.46.0-255,66,126976,43,178024
10426,0.002183,172.31.46.0-255,66,127042,43,178024
10427,0.002375,172.217.194.0-255,1484,128526,43,178024
10428,0.002379,172.217.194.0-255,1484,130010,43,178024
10429,0.002383,172.31.46.0-255,66,130076,43,178024
10430,0.002404,172.217.194.0-255,1484,131560,43,178024
10431,0.002411,172.217.194.0-255,5738,137298,43,178024
10432,0.002414,172.31.46.0-255,66,137364,43,178024
10433,0.002425,172.31.46.0-255,66,137430,43,178024
10434,0.002441,172.217.194.0-255,4320,141750,43,178024
10435,0.002444,172.31.46.0-255,66,141816,43,178024
10436,0.002457,172.217.194.0-255,2902,144718,43,178024
10437,0.002459,172.31.46.0-255,66,144784,43,178024
10438,0.002503,172.31.46.0-255,66,144850,43,178024
10439,0.002515,172.217.194.0-255,7156,152006,43,178024
10440,0.002518,172.31.46.0-255,66,152072,43,178024
10441,0.002546,172.31.46.0-255,66,152138,43,178024
10442,0.002565,172.217.194.0-255,1484,153622,43,178024
10443,0.002573,172.217.194.0-255,6438,160060,43,178024
10444,0.002575,172.31.46.0-255,66,160126,43,178024
10445,0.002592,172.31.46.0-255,66,160192,43,178024
10446,0.002625,172.31.46.0-255,66,160258,43,178024
10447,0.002638,172.217.194.0-255,2902,163160,43,178024
10448,0.00264,172.31.46.0-255,66,163226,43,178024
10449,0.002654,172.217.194.0-255,1484,164710,43,178024
10450,0.002662,172.217.194.0-255,6438,171148,43,178024
10451,0.002664,172.31.46.0-255,66,171214,43,178024
10452,0.002708,172.31.46.0-255,66,171280,43,178024
10453,0.002739,172.31.46.0-255,66,171346,43,178024
10454,0.002792,172.31.46.0-255,66,171412,43,178024
10455,0.002861,172.31.46.0-255,66,171478,43,178024
10456,0.002888,172.31.46.0-255,66,171544,43,178024
10457,0.002894,172.217.194.0-255,6041,177585,43,178024
10458,0.002897,172.31.46.0-255,66,177651,43,178024
10459,0.00557,172.217.194.0-255,136,177787,43,178024
10460,0.008737,172.31.46.0-255,66,177853,43,178024
10461,0.008775,172.31.46.0-255,105,177958,43,178024
10462,0.01142,172.217.194.0-255,66,178024,43,178024
10463,0.0,172.217.194.0-255,153,153,43,165302
10464,2.6e-05,172.31.46.0-255,66,219,43,165302
10465,3.3e-05,172.217.194.0-255,1484,1703,43,165302
10466,3.7e-05,172.31.46.0-255,66,1769,43,165302
10467,4.3e-05,172.217.194.0-255,2902,4671,43,165302
10468,5.3e-05,172.31.46.0-255,66,4737,43,165302
10469,6.1e-05,172.217.194.0-255,7156,11893,43,165302
10470,6.5e-05,172.31.46.0-255,66,11959,43,165302
10471,7.7e-05,172.31.46.0-255,66,12025,43,165302
10472,0.000129,172.31.46.0-255,66,12091,43,165302
10473,0.000172,172.217.194.0-255,1484,13575,43,165302
10474,0.000175,172.31.46.0-255,66,13641,43,165302
10475,0.000179,172.217.194.0-255,1484,15125,43,165302
10476,0.00018,172.31.46.0-255,66,15191,43,165302
10477,0.000211,172.217.194.0-255,1484,16675,43,165302
10478,0.000213,172.31.46.0-255,66,16741,43,165302
10479,0.000221,172.217.194.0-255,5738,22479,43,165302
10480,0.000223,172.31.46.0-255,66,22545,43,165302
10481,0.000233,172.217.194.0-255,4320,26865,43,165302
10482,0.000236,172.31.46.0-255,66,26931,43,165302
10483,0.000287,172.31.46.0-255,66,26997,43,165302
10484,0.0003,172.31.46.0-255,66,27063,43,165302
10485,0.000419,172.217.194.0-255,367,27430,43,165302
10486,0.000423,172.31.46.0-255,66,27496,43,165302
10487,0.000479,172.217.194.0-255,1484,28980,43,165302
10488,0.000483,172.31.46.0-255,66,29046,43,165302
10489,0.000486,172.217.194.0-255,1484,30530,43,165302
10490,0.000488,172.31.46.0-255,66,30596,43,165302
10491,0.000515,172.217.194.0-255,2902,33498,43,165302
10492,0.000523,172.31.46.0-255,66,33564,43,165302
10493,0.000528,172.217.194.0-255,4320,37884,43,165302
10494,0.00053,172.31.46.0-255,66,37950,43,165302
10495,0.000561,172.217.194.0-255,6247,44197,43,165302
10496,0.000564,172.31.46.0-255,66,44263,43,165302
10497,0.000589,172.217.194.0-255,7156,51419,43,165302
10498,0.000592,172.31.46.0-255,66,51485,43,165302
10499,0.000625,172.31.46.0-255,66,51551,43,165302
10500,0.00065,172.217.194.0-255,1484,53035,43,165302
10501,0.000659,172.217.194.0-255,5738,58773,43,165302
10502,0.000661,172.31.46.0-255,66,58839,43,165302
10503,0.0007,172.31.46.0-255,66,58905,43,165302
10504,0.000774,172.217.194.0-255,1484,60389,43,165302
10505,0.000781,172.217.194.0-255,2902,63291,43,165302
10506,0.000784,172.31.46.0-255,66,63357,43,165302
10507,0.000806,172.217.194.0-255,5738,69095,43,165302
10508,0.000809,172.31.46.0-255,66,69161,43,165302
10509,0.000813,172.217.194.0-255,2902,72063,43,165302
10510,0.000815,172.31.46.0-255,66,72129,43,165302
10511,0.000848,172.217.194.0-255,1484,73613,43,165302
10512,0.000862,172.31.46.0-255,66,73679,43,165302
10513,0.000873,172.31.46.0-255,66,73745,43,165302
10514,0.00094,172.217.194.0-255,1484,75229,43,165302
10515,0.000961,172.217.194.0-255,2902,78131,43,165302
10516,0.000964,172.31.46.0-255,66,78197,43,165302
10517,0.000972,172.217.194.0-255,5738,83935,43,165302
10518,0.000975,172.31.46.0-255,66,84001,43,165302
10519,0.001029,172.31.46.0-255,66,84067,43,165302
10520,0.001033,172.217.194.0-255,2184,86251,43,165302
10521,0.001038,172.31.46.0-255,66,86317,43,165302
10522,0.003357,172.217.194.0-255,2902,89219,43,165302
10523,0.003368,172.31.46.0-255,66,89285,43,165302
10524,0.003393,172.217.194.0-255,2902,92187,43,165302
10525,0.003395,172.31.46.0-255,66,92253,43,165302
10526,0.005691,172.217.194.0-255,2902,95155,43,165302
10527,0.005694,172.31.46.0-255,66,95221,43,165302
10528,0.005727,172.217.194.0-255,2902,98123,43,165302
10529,0.005729,172.31.46.0-255,66,98189,43,165302
10530,0.008051,172.217.194.0-255,2902,101091,43,165302
10531,0.008058,172.31.46.0-255,66,101157,43,165302
10532,0.008123,172.217.194.0-255,2902,104059,43,165302
10533,0.008125,172.31.46.0-255,66,104125,43,165302
10534,0.010425,172.217.194.0-255,2902,107027,43,165302
10535,0.010433,172.31.46.0-255,66,107093,43,165302
10536,0.010508,172.217.194.0-255,2902,109995,43,165302
10537,0.010513,172.31.46.0-255,66,110061,43,165302
10538,0.012761,172.217.194.0-255,2902,112963,43,165302
10539,0.012768,172.31.46.0-255,66,113029,43,165302
10540,0.012839,172.217.194.0-255,2902,115931,43,165302
10541,0.012843,172.31.46.0-255,66,115997,43,165302
10542,0.015138,172.217.194.0-255,2902,118899,43,165302
10543,0.015145,172.31.46.0-255,66,118965,43,165302
10544,0.015174,172.217.194.0-255,2902,121867,43,165302
10545,0.015177,172.31.46.0-255,66,121933,43,165302
10546,0.017489,172.217.194.0-255,2902,124835,43,165302
10547,0.017498,172.31.46.0-255,66,124901,43,165302
10548,0.017528,172.217.194.0-255,2902,127803,43,165302
10549,0.017532,172.31.46.0-255,66,127869,43,165302
10550,0.019862,172.217.194.0-255,5738,133607,43,165302
10551,0.01987,172.31.46.0-255,66,133673,43,165302
10552,0.022214,172.217.194.0-255,2902,136575,43,165302
10553,0.02222,172.31.46.0-255,66,136641,43,165302
10554,0.02225,172.217.194.0-255,2902,139543,43,165302
10555,0.022253,172.31.46.0-255,66,139609,43,165302
10556,0.024557,172.217.194.0-255,2902,142511,43,165302
10557,0.024573,172.31.46.0-255,66,142577,43,165302
10558,0.024607,172.217.194.0-255,2902,145479,43,165302
10559,0.02461,172.31.46.0-255,66,145545,43,165302
10560,0.026932,172.217.194.0-255,5738,151283,43,165302
10561,0.026944,172.31.46.0-255,66,151349,43,165302
10562,0.027128,172.31.46.0-255,172,151521,43,165302
10563,0.027159,172.31.46.0-255,1108,152629,43,165302
10564,0.027296,172.31.46.0-255,1514,154143,43,165302
10565,0.027298,172.31.46.0-255,1514,155657,43,165302
10566,0.0273,172.31.46.0-255,1514,157171,43,165302
10567,0.027301,172.31.46.0-255,1514,158685,43,165302
10568,0.027302,172.31.46.0-255,549,159234,43,165302
10569,0.028648,104.244.42.0-255,66,159300,43,165302
10570,0.028678,104.244.42.0-255,66,159366,43,165302
10571,0.028849,104.244.42.0-255,66,159432,43,165302
10572,0.028854,104.244.42.0-255,66,159498,43,165302
10573,0.029277,172.217.194.0-255,5738,165236,43,165302
10574,0.029284,172.31.46.0-255,66,165302,43,165302
10575,0.0,74.125.24.0-255,144,144,43,208716
10576,2.3e-05,172.31.46.0-255,66,210,43,208716
10577,3e-05,74.125.24.0-255,1484,1694,43,208716
10578,3.6e-05,172.31.46.0-255,66,1760,43,208716
10579,3.9e-05,74.125.24.0-255,1484,3244,43,208716
10580,4.3e-05,172.31.46.0-255,66,3310,43,208716
10581,5.6e-05,74.125.24.0-255,2902,6212,43,208716
10582,6e-05,172.31.46.0-255,66,6278,43,208716
10583,6.7e-05,74.125.24.0-255,5738,12016,43,208716
10584,7e-05,172.31.46.0-255,66,12082,43,208716
10585,0.000108,74.125.24.0-255,2100,14182,43,208716
10586,0.00011,172.31.46.0-255,66,14248,43,208716
10587,0.000159,74.125.24.0-255,1484,15732,43,208716
10588,0.000161,172.31.46.0-255,66,15798,43,208716
10589,0.000166,74.125.24.0-255,2902,18700,43,208716
10590,0.000168,172.31.46.0-255,66,18766,43,208716
10591,0.000202,74.125.24.0-255,5738,24504,43,208716
10592,0.000204,172.31.46.0-255,66,24570,43,208716
10593,0.000229,74.125.24.0-255,2902,27472,43,208716
10594,0.000231,172.31.46.0-255,66,27538,43,208716
10595,0.000267,172.31.46.0-255,66,27604,43,208716
10596,0.000279,172.31.46.0-255,66,27670,43,208716
10597,0.000717,74.125.24.0-255,1484,29154,43,208716
10598,0.000723,172.31.46.0-255,66,29220,43,208716
10599,0.000729,74.125.24.0-255,2902,32122,43,208716
10600,0.000732,172.31.46.0-255,66,32188,43,208716
10601,0.000743,74.125.24.0-255,5738,37926,43,208716
10602,0.000746,172.31.46.0-255,66,37992,43,208716
10603,0.000784,172.31.46.0-255,66,38058,43,208716
10604,0.001535,74.125.24.0-255,1484,39542,43,208716
10605,0.001547,74.125.24.0-255,2902,42444,43,208716
10606,0.001552,172.31.46.0-255,66,42510,43,208716
10607,0.00156,74.125.24.0-255,5738,48248,43,208716
10608,0.001562,172.31.46.0-255,66,48314,43,208716
10609,0.001575,74.125.24.0-255,6797,55111,43,208716
10610,0.001577,172.31.46.0-255,66,55177,43,208716
10611,0.001609,172.31.46.0-255,66,55243,43,208716
10612,0.001635,74.125.24.0-255,4320,59563,43,208716
10613,0.001638,172.31.46.0-255,66,59629,43,208716
10614,0.001643,74.125.24.0-255,2543,62172,43,208716
10615,0.001645,172.31.46.0-255,66,62238,43,208716
10616,0.001925,74.125.24.0-255,1484,63722,43,208716
10617,0.001934,74.125.24.0-255,2902,66624,43,208716
10618,0.001938,172.31.46.0-255,66,66690,43,208716
10619,0.001968,74.125.24.0-255,5738,72428,43,208716
10620,0.001971,172.31.46.0-255,66,72494,43,208716
10621,0.001974,74.125.24.0-255,1484,73978,43,208716
10622,0.002013,172.31.46.0-255,66,74044,43,208716
10623,0.002054,172.31.46.0-255,66,74110,43,208716
10624,0.002077,74.125.24.0-255,2902,77012,43,208716
10625,0.002079,172.31.46.0-255,66,77078,43,208716
10626,0.002117,172.31.46.0-255,66,77144,43,208716
10627,0.002131,172.31.46.0-255,66,77210,43,208716
10628,0.002159,74.125.24.0-255,1484,78694,43,208716
10629,0.002165,74.125.24.0-255,3602,82296,43,208716
10630,0.002167,172.31.46.0-255,66,82362,43,208716
10631,0.002428,74.125.24.0-255,1484,83846,43,208716
10632,0.00244,74.125.24.0-255,2902,86748,43,208716
10633,0.002443,172.31.46.0-255,66,86814,43,208716
10634,0.002471,74.125.24.0-255,5738,92552,43,208716
10635,0.002474,172.31.46.0-255,66,92618,43,208716
10636,0.002502,74.125.24.0-255,5738,98356,43,208716
10637,0.002505,172.31.46.0-255,66,98422,43,208716
10638,0.002509,74.125.24.0-255,2902,101324,43,208716
10639,0.002511,172.31.46.0-255,66,101390,43,208716
10640,0.002529,172.31.46.0-255,66,101456,43,208716
10641,0.002531,74.125.24.0-255,1484,102940,43,208716
10642,0.00258,74.125.24.0-255,3602,106542,43,208716
10643,0.002587,172.31.46.0-255,66,106608,43,208716
10644,0.002639,74.125.24.0-255,1484,108092,43,208716
10645,0.00266,74.125.24.0-255,2902,110994,43,208716
10646,0.002662,172.31.46.0-255,66,111060,43,208716
10647,0.002687,74.125.24.0-255,5738,116798,43,208716
10648,0.00269,172.31.46.0-255,66,116864,43,208716
10649,0.002727,172.31.46.0-255,66,116930,43,208716
10650,0.002765,172.31.46.0-255,66,116996,43,208716
10651,0.002795,74.125.24.0-255,5020,122016,43,208716
10652,0.002798,172.31.46.0-255,66,122082,43,208716
10653,0.002898,74.125.24.0-255,1484,123566,43,208716
10654,0.002913,74.125.24.0-255,2902,126468,43,208716
10655,0.002916,172.31.46.0-255,66,126534,43,208716
10656,0.00292,74.125.24.0-255,2902,129436,43,208716
10657,0.002922,172.31.46.0-255,66,129502,43,208716
10658,0.002947,74.125.24.0-255,2902,132404,43,208716
10659,0.002949,172.31.46.0-255,66,132470,43,208716
10660,0.002972,172.31.46.0-255,66,132536,43,208716
10661,0.003002,74.125.24.0-255,4320,136856,43,208716
10662,0.003005,172.31.46.0-255,66,136922,43,208716
10663,0.00301,74.125.24.0-255,4320,141242,43,208716
10664,0.003012,172.31.46.0-255,66,141308,43,208716
10665,0.003018,74.125.24.0-255,5738,147046,43,208716
10666,0.003024,172.31.46.0-255,66,147112,43,208716
10667,0.003046,74.125.24.0-255,766,147878,43,208716
10668,0.00309,74.125.24.0-255,1484,149362,43,208716
10669,0.003093,172.31.46.0-255,66,149428,43,208716
10670,0.003116,74.125.24.0-255,2902,152330,43,208716
10671,0.003118,172.31.46.0-255,66,152396,43,208716
10672,0.003139,74.125.24.0-255,5738,158134,43,208716
10673,0.003142,172.31.46.0-255,66,158200,43,208716
10674,0.003158,74.125.24.0-255,1484,159684,43,208716
10675,0.003175,74.125.24.0-255,4320,164004,43,208716
10676,0.003192,172.31.46.0-255,66,164070,43,208716
10677,0.003197,74.125.24.0-255,2902,166972,43,208716
10678,0.0032,172.31.46.0-255,66,167038,43,208716
10679,0.003216,172.31.46.0-255,66,167104,43,208716
10680,0.003222,74.125.24.0-255,5020,172124,43,208716
10681,0.003225,172.31.46.0-255,66,172190,43,208716
10682,0.003284,74.125.24.0-255,1484,173674,43,208716
10683,0.003288,74.125.24.0-255,1484,175158,43,208716
10684,0.00329,172.31.46.0-255,66,175224,43,208716
10685,0.003307,74.125.24.0-255,1484,176708,43,208716
10686,0.003314,74.125.24.0-255,5738,182446,43,208716
10687,0.003317,172.31.46.0-255,66,182512,43,208716
10688,0.00332,74.125.24.0-255,1484,183996,43,208716
10689,0.003352,172.31.46.0-255,66,184062,43,208716
10690,0.003389,172.31.46.0-255,66,184128,43,208716
10691,0.003953,74.125.24.0-255,1484,185612,43,208716
10692,0.003961,74.125.24.0-255,2902,188514,43,208716
10693,0.003965,172.31.46.0-255,66,188580,43,208716
10694,0.003972,74.125.24.0-255,5738,194318,43,208716
10695,0.003974,172.31.46.0-255,66,194384,43,208716
10696,0.003977,74.125.24.0-255,1484,195868,43,208716
10697,0.004035,172.31.46.0-255,66,195934,43,208716
10698,0.004059,74.125.24.0-255,5738,201672,43,208716
10699,0.004061,172.31.46.0-255,66,201738,43,208716
10700,0.004069,74.125.24.0-255,6438,208176,43,208716
10701,0.004072,172.31.46.0-255,66,208242,43,208716
10702,0.004113,172.31.46.0-255,66,208308,43,208716
10703,0.004185,172.31.46.0-255,66,208374,43,208716
10704,0.004188,74.125.24.0-255,105,208479,43,208716
10705,0.011171,172.31.46.0-255,66,208545,43,208716
10706,0.011227,172.31.46.0-255,105,208650,43,208716
10707,0.013549,74.125.24.0-255,66,208716,43,208716
10708,0.0,172.217.194.0-255,146,146,43,138196
10709,1.4e-05,172.31.46.0-255,66,212,43,138196
10710,2.1e-05,172.217.194.0-255,1484,1696,43,138196
10711,2.5e-05,172.31.46.0-255,66,1762,43,138196
10712,3.1e-05,172.217.194.0-255,2902,4664,43,138196
10713,4e-05,172.31.46.0-255,66,4730,43,138196
10714,4.5e-05,172.217.194.0-255,2902,7632,43,138196
10715,4.8e-05,172.31.46.0-255,66,7698,43,138196
10716,5.2e-05,172.217.194.0-255,1484,9182,43,138196
10717,5.5e-05,172.31.46.0-255,66,9248,43,138196
10718,0.000104,172.31.46.0-255,66,9314,43,138196
10719,0.000117,172.31.46.0-255,66,9380,43,138196
10720,0.000124,172.217.194.0-255,4320,13700,43,138196
10721,0.000126,172.31.46.0-255,66,13766,43,138196
10722,0.000166,172.217.194.0-255,5379,19145,43,138196
10723,0.000168,172.31.46.0-255,66,19211,43,138196
10724,0.000171,172.217.194.0-255,1484,20695,43,138196
10725,0.000173,172.31.46.0-255,66,20761,43,138196
10726,0.000211,172.217.194.0-255,6797,27558,43,138196
10727,0.000214,172.31.46.0-255,66,27624,43,138196
10728,0.000224,172.31.46.0-255,66,27690,43,138196
10729,0.000258,172.31.46.0-255,66,27756,43,138196
10730,0.000297,172.217.194.0-255,366,28122,43,138196
10731,0.0003,172.31.46.0-255,66,28188,43,138196
10732,0.000324,172.217.194.0-255,1484,29672,43,138196
10733,0.000327,172.31.46.0-255,66,29738,43,138196
10734,0.000359,172.217.194.0-255,4320,34058,43,138196
10735,0.000362,172.31.46.0-255,66,34124,43,138196
10736,0.000373,172.31.46.0-255,66,34190,43,138196
10737,0.000426,172.31.46.0-255,66,34256,43,138196
10738,0.000565,172.217.194.0-255,1484,35740,43,138196
10739,0.000571,172.217.194.0-255,2902,38642,43,138196
10740,0.000574,172.31.46.0-255,66,38708,43,138196
10741,0.00058,172.217.194.0-255,2902,41610,43,138196
10742,0.000582,172.31.46.0-255,66,41676,43,138196
10743,0.000603,172.217.194.0-255,2902,44578,43,138196
10744,0.000605,172.31.46.0-255,66,44644,43,138196
10745,0.000621,172.31.46.0-255,66,44710,43,138196
10746,0.000643,172.217.194.0-255,2902,47612,43,138196
10747,0.000646,172.31.46.0-255,66,47678,43,138196
10748,0.000654,172.217.194.0-255,7156,54834,43,138196
10749,0.000656,172.31.46.0-255,66,54900,43,138196
10750,0.000685,172.217.194.0-255,3602,58502,43,138196
10751,0.000689,172.31.46.0-255,66,58568,43,138196
10752,0.000762,172.217.194.0-255,1484,60052,43,138196
10753,0.000768,172.217.194.0-255,2902,62954,43,138196
10754,0.00077,172.31.46.0-255,66,63020,43,138196
10755,0.000777,172.217.194.0-255,5738,68758,43,138196
10756,0.00078,172.31.46.0-255,66,68824,43,138196
10757,0.000787,172.217.194.0-255,7156,75980,43,138196
10758,0.000801,172.31.46.0-255,66,76046,43,138196
10759,0.000817,172.31.46.0-255,66,76112,43,138196
10760,0.000821,172.217.194.0-255,2184,78296,43,138196
10761,0.000845,172.31.46.0-255,66,78362,43,138196
10762,0.001184,172.217.194.0-255,1484,79846,43,138196
10763,0.001192,172.217.194.0-255,2902,82748,43,138196
10764,0.001197,172.31.46.0-255,66,82814,43,138196
10765,0.001204,172.217.194.0-255,5738,88552,43,138196
10766,0.001206,172.31.46.0-255,66,88618,43,138196
10767,0.00123,172.217.194.0-255,4320,92938,43,138196
10768,0.001232,172.31.46.0-255,66,93004,43,138196
10769,0.001265,172.31.46.0-255,66,93070,43,138196
10770,0.001278,172.31.46.0-255,66,93136,43,138196
10771,0.00136,172.217.194.0-255,1484,94620,43,138196
10772,0.001365,172.217.194.0-255,1484,96104,43,138196
10773,0.001368,172.31.46.0-255,66,96170,43,138196
10774,0.001396,172.217.194.0-255,1484,97654,43,138196
10775,0.001402,172.217.194.0-255,5738,103392,43,138196
10776,0.001405,172.31.46.0-255,66,103458,43,138196
10777,0.001415,172.31.46.0-255,66,103524,43,138196
10778,0.001439,172.217.194.0-255,1484,105008,43,138196
10779,0.001445,172.217.194.0-255,4320,109328,43,138196
10780,0.001448,172.31.46.0-255,66,109394,43,138196
10781,0.001488,172.31.46.0-255,66,109460,43,138196
10782,0.001515,172.31.46.0-255,66,109526,43,138196
10783,0.001543,172.217.194.0-255,1484,111010,43,138196
10784,0.001557,172.31.46.0-255,66,111076,43,138196
10785,0.001563,172.217.194.0-255,4320,115396,43,138196
10786,0.001565,172.31.46.0-255,66,115462,43,138196
10787,0.001571,172.217.194.0-255,5738,121200,43,138196
10788,0.001573,172.31.46.0-255,66,121266,43,138196
10789,0.001611,172.31.46.0-255,66,121332,43,138196
10790,0.001625,172.31.46.0-255,66,121398,43,138196
10791,0.001768,172.217.194.0-255,1484,122882,43,138196
10792,0.001775,172.217.194.0-255,2902,125784,43,138196
10793,0.001778,172.31.46.0-255,66,125850,43,138196
10794,0.001785,172.217.194.0-255,4320,130170,43,138196
10795,0.001788,172.31.46.0-255,66,130236,43,138196
10796,0.001811,172.217.194.0-255,1484,131720,43,138196
10797,0.001828,172.31.46.0-255,66,131786,43,138196
10798,0.001915,172.31.46.0-255,66,131852,43,138196
10799,0.001931,172.31.46.0-255,66,131918,43,138196
10800,0.001937,172.217.194.0-255,5738,137656,43,138196
10801,0.00194,172.31.46.0-255,66,137722,43,138196
10802,0.001999,172.31.46.0-255,66,137788,43,138196
10803,0.002015,172.31.46.0-255,66,137854,43,138196
10804,0.002018,172.217.194.0-255,105,137959,43,138196
10805,0.004482,172.31.46.0-255,66,138025,43,138196
10806,0.004521,172.31.46.0-255,105,138130,43,138196
10807,0.006761,172.217.194.0-255,66,138196,43,138196
10808,0.0,74.125.200.0-255,146,146,43,247966
10809,1.5e-05,172.31.46.0-255,66,212,43,247966
10810,3.2e-05,74.125.200.0-255,1484,1696,43,247966
10811,3.7e-05,172.31.46.0-255,66,1762,43,247966
10812,6.5e-05,74.125.200.0-255,1484,3246,43,247966
10813,6.8e-05,172.31.46.0-255,66,3312,43,247966
10814,9.4e-05,74.125.200.0-255,2902,6214,43,247966
10815,9.7e-05,172.31.46.0-255,66,6280,43,247966
10816,0.000103,74.125.200.0-255,4320,10600,43,247966
10817,0.000105,172.31.46.0-255,66,10666,43,247966
10818,0.000146,74.125.200.0-255,3420,14086,43,247966
10819,0.00015,172.31.46.0-255,66,14152,43,247966
10820,0.000188,74.125.200.0-255,1484,15636,43,247966
10821,0.000191,172.31.46.0-255,66,15702,43,247966
10822,0.000208,74.125.200.0-255,2902,18604,43,247966
10823,0.00021,172.31.46.0-255,66,18670,43,247966
10824,0.000214,74.125.200.0-255,1484,20154,43,247966
10825,0.000216,172.31.46.0-255,66,20220,43,247966
10826,0.000239,74.125.200.0-255,4320,24540,43,247966
10827,0.000242,172.31.46.0-255,66,24606,43,247966
10828,0.000246,74.125.200.0-255,2902,27508,43,247966
10829,0.000248,172.31.46.0-255,66,27574,43,247966
10830,0.000265,74.125.200.0-255,3961,31535,43,247966
10831,0.000267,172.31.46.0-255,66,31601,43,247966
10832,0.000292,74.125.200.0-255,7156,38757,43,247966
10833,0.000295,172.31.46.0-255,66,38823,43,247966
10834,0.000299,74.125.200.0-255,2902,41725,43,247966
10835,0.000301,172.31.46.0-255,66,41791,43,247966
10836,0.000342,74.125.200.0-255,5738,47529,43,247966
10837,0.000345,172.31.46.0-255,66,47595,43,247966
10838,0.000357,74.125.200.0-255,1125,48720,43,247966
10839,0.000359,172.31.46.0-255,66,48786,43,247966
10840,0.000529,74.125.200.0-255,1484,50270,43,247966
10841,0.000547,74.125.200.0-255,2902,53172,43,247966
10842,0.00055,74.125.200.0-255,1484,54656,43,247966
10843,0.000563,74.125.200.0-255,2902,57558,43,247966
10844,0.000568,172.31.46.0-255,66,57624,43,247966
10845,0.000579,172.31.46.0-255,66,57690,43,247966
10846,0.000588,74.125.200.0-255,4320,62010,43,247966
10847,0.000607,74.125.200.0-255,5379,67389,43,247966
10848,0.000611,74.125.200.0-255,2902,70291,43,247966
10849,0.000625,172.31.46.0-255,66,70357,43,247966
10850,0.000664,74.125.200.0-255,2902,73259,43,247966
10851,0.000669,172.31.46.0-255,66,73325,43,247966
10852,0.00072,74.125.200.0-255,4320,77645,43,247966
10853,0.000723,74.125.200.0-255,2543,80188,43,247966
10854,0.000749,172.31.46.0-255,66,80254,43,247966
10855,0.00125,74.125.200.0-255,1484,81738,43,247966
10856,0.001258,74.125.200.0-255,1484,83222,43,247966
10857,0.001273,74.125.200.0-255,2902,86124,43,247966
10858,0.001299,74.125.200.0-255,2902,89026,43,247966
10859,0.001313,74.125.200.0-255,2902,91928,43,247966
10860,0.001317,74.125.200.0-255,2902,94830,43,247966
10861,0.001335,74.125.200.0-255,4320,99150,43,247966
10862,0.00137,74.125.200.0-255,2902,102052,43,247966
10863,0.001389,74.125.200.0-255,4320,106372,43,247966
10864,0.001394,74.125.200.0-255,4320,110692,43,247966
10865,0.001406,74.125.200.0-255,3602,114294,43,247966
10866,0.001473,74.125.200.0-255,1484,115778,43,247966
10867,0.001492,74.125.200.0-255,1484,117262,43,247966
10868,0.001505,74.125.200.0-255,1484,118746,43,247966
10869,0.001518,74.125.200.0-255,4320,123066,43,247966
10870,0.001539,74.125.200.0-255,4320,127386,43,247966
10871,0.001555,74.125.200.0-255,1484,128870,43,247966
10872,0.001579,74.125.200.0-255,5738,134608,43,247966
10873,0.00159,74.125.200.0-255,1484,136092,43,247966
10874,0.001608,74.125.200.0-255,2902,138994,43,247966
10875,0.001619,74.125.200.0-255,2902,141896,43,247966
10876,0.001625,74.125.200.0-255,5738,147634,43,247966
10877,0.001677,74.125.200.0-255,766,148400,43,247966
10878,0.001771,74.125.200.0-255,1484,149884,43,247966
10879,0.001788,74.125.200.0-255,1484,151368,43,247966
10880,0.001804,74.125.200.0-255,1484,152852,43,247966
10881,0.001819,74.125.200.0-255,5738,158590,43,247966
10882,0.001846,74.125.200.0-255,4320,162910,43,247966
10883,0.001865,74.125.200.0-255,2902,165812,43,247966
10884,0.00187,74.125.200.0-255,4320,170132,43,247966
10885,0.001889,74.125.200.0-255,2902,173034,43,247966
10886,0.001907,74.125.200.0-255,2902,175936,43,247966
10887,0.001928,74.125.200.0-255,5738,181674,43,247966
10888,0.001958,74.125.200.0-255,766,182440,43,247966
10889,0.002132,74.125.200.0-255,1484,183924,43,247966
10890,0.003823,172.31.46.0-255,66,183990,43,247966
10891,0.006003,74.125.200.0-255,5738,189728,43,247966
10892,0.00601,172.31.46.0-255,66,189794,43,247966
10893,0.008141,74.125.200.0-255,4320,194114,43,247966
10894,0.008156,74.125.200.0-255,1484,195598,43,247966
10895,0.008914,172.31.46.0-255,66,195664,43,247966
10896,0.011057,74.125.200.0-255,5738,201402,43,247966
10897,0.011065,172.31.46.0-255,66,201468,43,247966
10898,0.013218,74.125.200.0-255,5738,207206,43,247966
10899,0.013225,172.31.46.0-255,66,207272,43,247966
10900,0.01538,74.125.200.0-255,5738,213010,43,247966
10901,0.015387,172.31.46.0-255,66,213076,43,247966
10902,0.017528,74.125.200.0-255,5738,218814,43,247966
10903,0.017536,172.31.46.0-255,66,218880,43,247966
10904,0.019685,74.125.200.0-255,1484,220364,43,247966
10905,0.019706,74.125.200.0-255,4320,224684,43,247966
10906,0.019711,172.31.46.0-255,66,224750,43,247966
10907,0.021859,74.125.200.0-255,5738,230488,43,247966
10908,0.021868,172.31.46.0-255,66,230554,43,247966
10909,0.024024,74.125.200.0-255,5738,236292,43,247966
10910,0.024031,172.31.46.0-255,66,236358,43,247966
10911,0.026172,74.125.200.0-255,5738,242096,43,247966
10912,0.02618,172.31.46.0-255,66,242162,43,247966
10913,0.028323,74.125.200.0-255,5738,247900,43,247966
10914,0.028331,172.31.46.0-255,66,247966,43,247966
10915,0.0,74.125.200.0-255,153,153,43,182513
10916,2.5e-05,172.31.46.0-255,66,219,43,182513
10917,3.2e-05,74.125.200.0-255,1484,1703,43,182513
10918,3.7e-05,172.31.46.0-255,66,1769,43,182513
10919,4.3e-05,74.125.200.0-255,2902,4671,43,182513
10920,4.7e-05,172.31.46.0-255,66,4737,43,182513
10921,5.5e-05,74.125.200.0-255,7156,11893,43,182513
10922,5.8e-05,172.31.46.0-255,66,11959,43,182513
10923,6.3e-05,74.125.200.0-255,2067,14026,43,182513
10924,6.6e-05,172.31.46.0-255,66,14092,43,182513
10925,0.000221,74.125.200.0-255,1484,15576,43,182513
10926,0.000226,172.31.46.0-255,66,15642,43,182513
10927,0.000232,74.125.200.0-255,2902,18544,43,182513
10928,0.000235,172.31.46.0-255,66,18610,43,182513
10929,0.000242,74.125.200.0-255,5738,24348,43,182513
10930,0.000244,172.31.46.0-255,66,24414,43,182513
10931,0.000251,74.125.200.0-255,5738,30152,43,182513
10932,0.000253,172.31.46.0-255,66,30218,43,182513
10933,0.000269,74.125.200.0-255,1125,31343,43,182513
10934,0.000271,172.31.46.0-255,66,31409,43,182513
10935,0.00058,74.125.200.0-255,1484,32893,43,182513
10936,0.000586,172.31.46.0-255,66,32959,43,182513
10937,0.000592,74.125.200.0-255,2902,35861,43,182513
10938,0.000595,172.31.46.0-255,66,35927,43,182513
10939,0.000625,74.125.200.0-255,5738,41665,43,182513
10940,0.000628,172.31.46.0-255,66,41731,43,182513
10941,0.000636,74.125.200.0-255,6797,48528,43,182513
10942,0.000638,172.31.46.0-255,66,48594,43,182513
10943,0.000666,74.125.200.0-255,2902,51496,43,182513
10944,0.000669,172.31.46.0-255,66,51562,43,182513
10945,0.000691,74.125.200.0-255,7156,58718,43,182513
10946,0.000694,172.31.46.0-255,66,58784,43,182513
10947,0.000722,74.125.200.0-255,6797,65581,43,182513
10948,0.000726,172.31.46.0-255,66,65647,43,182513
10949,0.000875,74.125.200.0-255,646,66293,43,182513
10950,0.001028,74.125.200.0-255,1484,67777,43,182513
10951,0.001033,172.31.46.0-255,66,67843,43,182513
10952,0.001051,74.125.200.0-255,2902,70745,43,182513
10953,0.001055,74.125.200.0-255,2902,73647,43,182513
10954,0.001058,172.31.46.0-255,66,73713,43,182513
10955,0.001066,172.31.46.0-255,66,73779,43,182513
10956,0.001071,74.125.200.0-255,2902,76681,43,182513
10957,0.001073,172.31.46.0-255,66,76747,43,182513
10958,0.001078,74.125.200.0-255,2902,79649,43,182513
10959,0.00108,172.31.46.0-255,66,79715,43,182513
10960,0.001085,74.125.200.0-255,4320,84035,43,182513
10961,0.001087,172.31.46.0-255,66,84101,43,182513
10962,0.001123,172.31.46.0-255,66,84167,43,182513
10963,0.001173,74.125.200.0-255,4320,88487,43,182513
10964,0.001176,172.31.46.0-255,66,88553,43,182513
10965,0.001194,74.125.200.0-255,3602,92155,43,182513
10966,0.001197,172.31.46.0-255,66,92221,43,182513
10967,0.001873,74.125.200.0-255,1484,93705,43,182513
10968,0.001885,74.125.200.0-255,2902,96607,43,182513
10969,0.001889,172.31.46.0-255,66,96673,43,182513
10970,0.001908,74.125.200.0-255,1484,98157,43,182513
10971,0.001933,74.125.200.0-255,4320,102477,43,182513
10972,0.001936,172.31.46.0-255,66,102543,43,182513
10973,0.00195,172.31.46.0-255,66,102609,43,182513
10974,0.001956,74.125.200.0-255,4320,106929,43,182513
10975,0.001958,172.31.46.0-255,66,106995,43,182513
10976,0.001989,172.31.46.0-255,66,107061,43,182513
10977,0.004057,74.125.200.0-255,5738,112799,43,182513
10978,0.004064,172.31.46.0-255,66,112865,43,182513
10979,0.006111,74.125.200.0-255,5738,118603,43,182513
10980,0.006118,172.31.46.0-255,66,118669,43,182513
10981,0.008159,74.125.200.0-255,5738,124407,43,182513
10982,0.008167,172.31.46.0-255,66,124473,43,182513
10983,0.01022,74.125.200.0-255,5738,130211,43,182513
10984,0.010231,172.31.46.0-255,66,130277,43,182513
10985,0.012285,74.125.200.0-255,5738,136015,43,182513
10986,0.012297,172.31.46.0-255,66,136081,43,182513
10987,0.014361,74.125.200.0-255,5738,141819,43,182513
10988,0.014374,172.31.46.0-255,66,141885,43,182513
10989,0.016429,74.125.200.0-255,5738,147623,43,182513
10990,0.01644,172.31.46.0-255,66,147689,43,182513
10991,0.018515,74.125.200.0-255,5738,153427,43,182513
10992,0.018531,172.31.46.0-255,66,153493,43,182513
10993,0.020585,74.125.200.0-255,5738,159231,43,182513
10994,0.020597,172.31.46.0-255,66,159297,43,182513
10995,0.022654,74.125.200.0-255,5738,165035,43,182513
10996,0.022667,172.31.46.0-255,66,165101,43,182513
10997,0.024733,74.125.200.0-255,5738,170839,43,182513
10998,0.024744,172.31.46.0-255,66,170905,43,182513
10999,0.026805,74.125.200.0-255,5738,176643,43,182513
11000,0.026818,172.31.46.0-255,66,176709,43,182513
11001,0.028922,74.125.200.0-255,5738,182447,43,182513
11002,0.028934,172.31.46.0-255,66,182513,43,182513
11003,0.0,74.125.24.0-255,153,153,43,268896
11004,2.3e-05,172.31.46.0-255,66,219,43,268896
11005,3e-05,74.125.24.0-255,1484,1703,43,268896
11006,3.6e-05,172.31.46.0-255,66,1769,43,268896
11007,4.3e-05,74.125.24.0-255,2902,4671,43,268896
11008,4.8e-05,172.31.46.0-255,66,4737,43,268896
11009,5.6e-05,74.125.24.0-255,7156,11893,43,268896
11010,6e-05,172.31.46.0-255,66,11959,43,268896
11011,6.8e-05,74.125.24.0-255,7156,19115,43,268896
11012,7.1e-05,172.31.46.0-255,66,19181,43,268896
11013,0.000109,172.31.46.0-255,66,19247,43,268896
11014,0.000114,74.125.24.0-255,2543,21790,43,268896
11015,0.000116,172.31.46.0-255,66,21856,43,268896
11016,0.000161,74.125.24.0-255,4320,26176,43,268896
11017,0.000163,172.31.46.0-255,66,26242,43,268896
11018,0.000188,74.125.24.0-255,7156,33398,43,268896
11019,0.000191,172.31.46.0-255,66,33464,43,268896
11020,0.000197,74.125.24.0-255,5379,38843,43,268896
11021,0.000199,172.31.46.0-255,66,38909,43,268896
11022,0.000276,74.125.24.0-255,1484,40393,43,268896
11023,0.00028,172.31.46.0-255,66,40459,43,268896
11024,0.000286,74.125.24.0-255,2902,43361,43,268896
11025,0.000289,172.31.46.0-255,66,43427,43,268896
11026,0.000318,74.125.24.0-255,5738,49165,43,268896
11027,0.000321,172.31.46.0-255,66,49231,43,268896
11028,0.000324,74.125.24.0-255,1484,50715,43,268896
11029,0.000326,172.31.46.0-255,66,50781,43,268896
11030,0.000343,74.125.24.0-255,5379,56160,43,268896
11031,0.000346,172.31.46.0-255,66,56226,43,268896
11032,0.000748,74.125.24.0-255,645,56871,43,268896
11033,0.000755,172.31.46.0-255,66,56937,43,268896
11034,0.000848,74.125.24.0-255,1484,58421,43,268896
11035,0.000855,74.125.24.0-255,2902,61323,43,268896
11036,0.000858,172.31.46.0-255,66,61389,43,268896
11037,0.000862,74.125.24.0-255,1484,62873,43,268896
11038,0.000881,74.125.24.0-255,4320,67193,43,268896
11039,0.000884,172.31.46.0-255,66,67259,43,268896
11040,0.00092,74.125.24.0-255,7156,74415,43,268896
11041,0.000922,172.31.46.0-255,66,74481,43,268896
11042,0.000946,74.125.24.0-255,5738,80219,43,268896
11043,0.000948,172.31.46.0-255,66,80285,43,268896
11044,0.000956,74.125.24.0-255,7156,87441,43,268896
11045,0.000958,172.31.46.0-255,66,87507,43,268896
11046,0.000972,74.125.24.0-255,3602,91109,43,268896
11047,0.000975,172.31.46.0-255,66,91175,43,268896
11048,0.001531,74.125.24.0-255,1484,92659,43,268896
11049,0.001542,74.125.24.0-255,2902,95561,43,268896
11050,0.001547,172.31.46.0-255,66,95627,43,268896
11051,0.001553,74.125.24.0-255,2902,98529,43,268896
11052,0.001555,172.31.46.0-255,66,98595,43,268896
11053,0.001571,74.125.24.0-255,2902,101497,43,268896
11054,0.001573,172.31.46.0-255,66,101563,43,268896
11055,0.001577,74.125.24.0-255,1484,103047,43,268896
11056,0.001601,74.125.24.0-255,5738,108785,43,268896
11057,0.001604,172.31.46.0-255,66,108851,43,268896
11058,0.001621,74.125.24.0-255,4320,113171,43,268896
11059,0.001623,172.31.46.0-255,66,113237,43,268896
11060,0.001663,74.125.24.0-255,3413,116650,43,268896
11061,0.001666,172.31.46.0-255,66,116716,43,268896
11062,0.00168,172.31.46.0-255,66,116782,43,268896
11063,0.001691,172.31.46.0-255,66,116848,43,268896
11064,0.001708,74.125.24.0-255,3602,120450,43,268896
11065,0.00171,172.31.46.0-255,66,120516,43,268896
11066,0.001715,74.125.24.0-255,2902,123418,43,268896
11067,0.001717,172.31.46.0-255,66,123484,43,268896
11068,0.001752,172.31.46.0-255,66,123550,43,268896
11069,0.001766,172.31.46.0-255,66,123616,43,268896
11070,0.001778,74.125.24.0-255,1484,125100,43,268896
11071,0.001808,74.125.24.0-255,6438,131538,43,268896
11072,0.001812,172.31.46.0-255,66,131604,43,268896
11073,0.001905,74.125.24.0-255,1484,133088,43,268896
11074,0.001912,74.125.24.0-255,2902,135990,43,268896
11075,0.001915,172.31.46.0-255,66,136056,43,268896
11076,0.001943,74.125.24.0-255,5738,141794,43,268896
11077,0.001947,172.31.46.0-255,66,141860,43,268896
11078,0.00198,172.31.46.0-255,66,141926,43,268896
11079,0.002003,74.125.24.0-255,2902,144828,43,268896
11080,0.002006,172.31.46.0-255,66,144894,43,268896
11081,0.002053,74.125.24.0-255,1484,146378,43,268896
11082,0.002058,74.125.24.0-255,2902,149280,43,268896
11083,0.002061,74.125.24.0-255,1484,150764,43,268896
11084,0.002081,74.125.24.0-255,4320,155084,43,268896
11085,0.002101,74.125.24.0-255,7156,162240,43,268896
11086,0.002116,74.125.24.0-255,5738,167978,43,268896
11087,0.002169,74.125.24.0-255,2902,170880,43,268896
11088,0.002193,74.125.24.0-255,5738,176618,43,268896
11089,0.002329,74.125.24.0-255,1484,178102,43,268896
11090,0.002357,74.125.24.0-255,2902,181004,43,268896
11091,0.002373,74.125.24.0-255,2902,183906,43,268896
11092,0.002402,74.125.24.0-255,4320,188226,43,268896
11093,0.002423,74.125.24.0-255,2902,191128,43,268896
11094,0.002428,74.125.24.0-255,2902,194030,43,268896
11095,0.002433,74.125.24.0-255,4320,198350,43,268896
11096,0.002454,74.125.24.0-255,2902,201252,43,268896
11097,0.002473,74.125.24.0-255,5738,206990,43,268896
11098,0.002478,74.125.24.0-255,2902,209892,43,268896
11099,0.00248,74.125.24.0-255,766,210658,43,268896
11100,0.002753,172.31.46.0-255,66,210724,43,268896
11101,0.005247,74.125.24.0-255,5738,216462,43,268896
11102,0.00526,172.31.46.0-255,66,216528,43,268896
11103,0.007716,74.125.24.0-255,2902,219430,43,268896
11104,0.007721,172.31.46.0-255,66,219496,43,268896
11105,0.007742,74.125.24.0-255,2902,222398,43,268896
11106,0.007744,172.31.46.0-255,66,222464,43,268896
11107,0.010204,74.125.24.0-255,5738,228202,43,268896
11108,0.010211,172.31.46.0-255,66,228268,43,268896
11109,0.012715,74.125.24.0-255,5738,234006,43,268896
11110,0.012731,172.31.46.0-255,66,234072,43,268896
11111,0.015209,74.125.24.0-255,5738,239810,43,268896
11112,0.015227,172.31.46.0-255,66,239876,43,268896
11113,0.01772,74.125.24.0-255,5738,245614,43,268896
11114,0.017738,172.31.46.0-255,66,245680,43,268896
11115,0.020277,74.125.24.0-255,5738,251418,43,268896
11116,0.020295,172.31.46.0-255,66,251484,43,268896
11117,0.022745,74.125.24.0-255,5738,257222,43,268896
11118,0.022763,172.31.46.0-255,66,257288,43,268896
11119,0.025209,74.125.24.0-255,5738,263026,43,268896
11120,0.025223,172.31.46.0-255,66,263092,43,268896
11121,0.027652,74.125.24.0-255,5738,268830,43,268896
11122,0.027662,172.31.46.0-255,66,268896,43,268896
11123,0.0,172.217.194.0-255,146,146,43,171887
11124,2.3e-05,172.31.46.0-255,66,212,43,171887
11125,3e-05,172.217.194.0-255,1484,1696,43,171887
11126,3.4e-05,172.31.46.0-255,66,1762,43,171887
11127,5e-05,172.217.194.0-255,2902,4664,43,171887
11128,5.3e-05,172.31.46.0-255,66,4730,43,171887
11129,5.6e-05,172.217.194.0-255,1484,6214,43,171887
11130,5.7e-05,172.31.46.0-255,66,6280,43,171887
11131,7.7e-05,172.217.194.0-255,5738,12018,43,171887
11132,7.9e-05,172.31.46.0-255,66,12084,43,171887
11133,8.3e-05,172.217.194.0-255,2037,14121,43,171887
11134,8.5e-05,172.31.46.0-255,66,14187,43,171887
11135,0.000175,172.217.194.0-255,1484,15671,43,171887
11136,0.000177,172.31.46.0-255,66,15737,43,171887
11137,0.000182,172.217.194.0-255,2902,18639,43,171887
11138,0.000184,172.31.46.0-255,66,18705,43,171887
11139,0.000186,172.217.194.0-255,1484,20189,43,171887
11140,0.000188,172.31.46.0-255,66,20255,43,171887
11141,0.000209,172.217.194.0-255,4320,24575,43,171887
11142,0.000212,172.31.46.0-255,66,24641,43,171887
11143,0.000226,172.217.194.0-255,1484,26125,43,171887
11144,0.000228,172.31.46.0-255,66,26191,43,171887
11145,0.000249,172.217.194.0-255,5379,31570,43,171887
11146,0.000251,172.31.46.0-255,66,31636,43,171887
11147,0.00028,172.217.194.0-255,1484,33120,43,171887
11148,0.000282,172.31.46.0-255,66,33186,43,171887
11149,0.000303,172.217.194.0-255,2902,36088,43,171887
11150,0.000305,172.31.46.0-255,66,36154,43,171887
11151,0.000307,172.217.194.0-255,1484,37638,43,171887
11152,0.000309,172.31.46.0-255,66,37704,43,171887
11153,0.000325,172.217.194.0-255,4320,42024,43,171887
11154,0.000327,172.31.46.0-255,66,42090,43,171887
11155,0.000345,172.217.194.0-255,6797,48887,43,171887
11156,0.000347,172.31.46.0-255,66,48953,43,171887
11157,0.000375,172.217.194.0-255,7156,56109,43,171887
11158,0.000377,172.31.46.0-255,66,56175,43,171887
11159,0.00038,172.217.194.0-255,1484,57659,43,171887
11160,0.000381,172.31.46.0-255,66,57725,43,171887
11161,0.000401,172.31.46.0-255,66,57791,43,171887
11162,0.000431,172.217.194.0-255,344,58135,43,171887
11163,0.000434,172.31.46.0-255,66,58201,43,171887
11164,0.000448,172.217.194.0-255,429,58630,43,171887
11165,0.000449,172.31.46.0-255,66,58696,43,171887
11166,0.000971,172.217.194.0-255,1484,60180,43,171887
11167,0.000975,172.31.46.0-255,66,60246,43,171887
11168,0.00098,172.217.194.0-255,2902,63148,43,171887
11169,0.000982,172.31.46.0-255,66,63214,43,171887
11170,0.000985,172.217.194.0-255,1484,64698,43,171887
11171,0.000986,172.31.46.0-255,66,64764,43,171887
11172,0.001013,172.217.194.0-255,4320,69084,43,171887
11173,0.001016,172.31.46.0-255,66,69150,43,171887
11174,0.001027,172.31.46.0-255,66,69216,43,171887
11175,0.001043,172.217.194.0-255,1484,70700,43,171887
11176,0.001045,172.31.46.0-255,66,70766,43,171887
11177,0.001077,172.31.46.0-255,66,70832,43,171887
11178,0.001102,172.217.194.0-255,1484,72316,43,171887
11179,0.001104,172.31.46.0-255,66,72382,43,171887
11180,0.00112,172.217.194.0-255,2902,75284,43,171887
11181,0.001122,172.31.46.0-255,66,75350,43,171887
11182,0.001127,172.217.194.0-255,4320,79670,43,171887
11183,0.001129,172.31.46.0-255,66,79736,43,171887
11184,0.001158,172.217.194.0-255,1484,81220,43,171887
11185,0.00116,172.31.46.0-255,66,81286,43,171887
11186,0.001172,172.31.46.0-255,66,81352,43,171887
11187,0.00123,172.31.46.0-255,66,81418,43,171887
11188,0.001244,172.31.46.0-255,66,81484,43,171887
11189,0.001246,172.217.194.0-255,1484,82968,43,171887
11190,0.001248,172.31.46.0-255,66,83034,43,171887
11191,0.001283,172.31.46.0-255,66,83100,43,171887
11192,0.001583,172.217.194.0-255,1484,84584,43,171887
11193,0.001587,172.31.46.0-255,66,84650,43,171887
11194,0.001592,172.217.194.0-255,2902,87552,43,171887
11195,0.001593,172.31.46.0-255,66,87618,43,171887
11196,0.001597,172.217.194.0-255,1484,89102,43,171887
11197,0.001598,172.31.46.0-255,66,89168,43,171887
11198,0.001619,172.217.194.0-255,4320,93488,43,171887
11199,0.001621,172.31.46.0-255,66,93554,43,171887
11200,0.001635,172.217.194.0-255,5738,99292,43,171887
11201,0.001636,172.31.46.0-255,66,99358,43,171887
11202,0.001664,172.217.194.0-255,7156,106514,43,171887
11203,0.001666,172.31.46.0-255,66,106580,43,171887
11204,0.001696,172.217.194.0-255,5738,112318,43,171887
11205,0.0017,172.31.46.0-255,66,112384,43,171887
11206,0.001721,172.217.194.0-255,5738,118122,43,171887
11207,0.001724,172.217.194.0-255,2902,121024,43,171887
11208,0.001734,172.31.46.0-255,66,121090,43,171887
11209,0.001775,172.31.46.0-255,66,121156,43,171887
11210,0.001813,172.217.194.0-255,1484,122640,43,171887
11211,0.001818,172.217.194.0-255,2902,125542,43,171887
11212,0.00182,172.217.194.0-255,1484,127026,43,171887
11213,0.001831,172.31.46.0-255,66,127092,43,171887
11214,0.001841,172.217.194.0-255,4320,131412,43,171887
11215,0.001844,172.217.194.0-255,1484,132896,43,171887
11216,0.001847,172.31.46.0-255,66,132962,43,171887
11217,0.001858,172.217.194.0-255,2902,135864,43,171887
11218,0.001877,172.217.194.0-255,2902,138766,43,171887
11219,0.001882,172.31.46.0-255,66,138832,43,171887
11220,0.001896,172.217.194.0-255,5738,144570,43,171887
11221,0.001906,172.31.46.0-255,66,144636,43,171887
11222,0.001941,172.31.46.0-255,66,144702,43,171887
11223,0.001998,172.217.194.0-255,1484,146186,43,171887
11224,0.002012,172.217.194.0-255,2902,149088,43,171887
11225,0.002017,172.31.46.0-255,66,149154,43,171887
11226,0.002037,172.217.194.0-255,5738,154892,43,171887
11227,0.002047,172.217.194.0-255,1484,156376,43,171887
11228,0.002051,172.31.46.0-255,66,156442,43,171887
11229,0.002075,172.31.46.0-255,66,156508,43,171887
11230,0.002085,172.217.194.0-255,2902,159410,43,171887
11231,0.002109,172.31.46.0-255,66,159476,43,171887
11232,0.00217,172.31.46.0-255,66,159542,43,171887
11233,0.002196,172.217.194.0-255,7156,166698,43,171887
11234,0.002202,172.31.46.0-255,66,166764,43,171887
11235,0.002249,172.31.46.0-255,66,166830,43,171887
11236,0.00228,172.217.194.0-255,1484,168314,43,171887
11237,0.002334,172.31.46.0-255,66,168380,43,171887
11238,0.002359,172.217.194.0-255,3270,171650,43,171887
11239,0.00237,172.31.46.0-255,66,171716,43,171887
11240,0.00395,172.31.46.0-255,105,171821,43,171887
11241,0.006342,172.217.194.0-255,66,171887,43,171887
11242,0.0,74.125.24.0-255,148,148,43,216774
11243,2.1e-05,172.31.46.0-255,66,214,43,216774
11244,2.7e-05,74.125.24.0-255,1484,1698,43,216774
11245,3.1e-05,172.31.46.0-255,66,1764,43,216774
11246,3.6e-05,74.125.24.0-255,2902,4666,43,216774
11247,3.8e-05,172.31.46.0-255,66,4732,43,216774
11248,4.4e-05,74.125.24.0-255,5738,10470,43,216774
11249,4.7e-05,172.31.46.0-255,66,10536,43,216774
11250,7e-05,74.125.24.0-255,1484,12020,43,216774
11251,7.3e-05,172.31.46.0-255,66,12086,43,216774
11252,7.7e-05,74.125.24.0-255,2101,14187,43,216774
11253,7.9e-05,172.31.46.0-255,66,14253,43,216774
11254,0.000339,74.125.24.0-255,1484,15737,43,216774
11255,0.000344,172.31.46.0-255,66,15803,43,216774
11256,0.000348,74.125.24.0-255,1484,17287,43,216774
11257,0.00035,172.31.46.0-255,66,17353,43,216774
11258,0.000361,74.125.24.0-255,1484,18837,43,216774
11259,0.000363,172.31.46.0-255,66,18903,43,216774
11260,0.000368,74.125.24.0-255,2902,21805,43,216774
11261,0.000369,172.31.46.0-255,66,21871,43,216774
11262,0.000382,74.125.24.0-255,2902,24773,43,216774
11263,0.000384,172.31.46.0-255,66,24839,43,216774
11264,0.000413,74.125.24.0-255,4320,29159,43,216774
11265,0.000416,172.31.46.0-255,66,29225,43,216774
11266,0.000438,74.125.24.0-255,6797,36022,43,216774
11267,0.00044,172.31.46.0-255,66,36088,43,216774
11268,0.000445,74.125.24.0-255,4320,40408,43,216774
11269,0.000446,172.31.46.0-255,66,40474,43,216774
11270,0.000473,172.31.46.0-255,66,40540,43,216774
11271,0.000501,172.31.46.0-255,66,40606,43,216774
11272,0.000507,74.125.24.0-255,7156,47762,43,216774
11273,0.00051,172.31.46.0-255,66,47828,43,216774
11274,0.000513,74.125.24.0-255,1097,48925,43,216774
11275,0.000684,74.125.24.0-255,1484,50409,43,216774
11276,0.000688,172.31.46.0-255,66,50475,43,216774
11277,0.000706,74.125.24.0-255,2902,53377,43,216774
11278,0.000707,172.31.46.0-255,66,53443,43,216774
11279,0.000728,74.125.24.0-255,5738,59181,43,216774
11280,0.00073,172.31.46.0-255,66,59247,43,216774
11281,0.000734,74.125.24.0-255,2902,62149,43,216774
11282,0.000736,172.31.46.0-255,66,62215,43,216774
11283,0.000783,172.31.46.0-255,66,62281,43,216774
11284,0.000786,74.125.24.0-255,1484,63765,43,216774
11285,0.000808,172.31.46.0-255,66,63831,43,216774
11286,0.000825,74.125.24.0-255,766,64597,43,216774
11287,0.00088,74.125.24.0-255,345,64942,43,216774
11288,0.000913,74.125.24.0-255,1484,66426,43,216774
11289,0.000916,172.31.46.0-255,66,66492,43,216774
11290,0.000928,74.125.24.0-255,4320,70812,43,216774
11291,0.00093,172.31.46.0-255,66,70878,43,216774
11292,0.000949,74.125.24.0-255,2902,73780,43,216774
11293,0.000951,172.31.46.0-255,66,73846,43,216774
11294,0.000964,74.125.24.0-255,2902,76748,43,216774
11295,0.000966,172.31.46.0-255,66,76814,43,216774
11296,0.000986,74.125.24.0-255,5738,82552,43,216774
11297,0.000988,172.31.46.0-255,66,82618,43,216774
11298,0.001001,74.125.24.0-255,4320,86938,43,216774
11299,0.001006,172.31.46.0-255,66,87004,43,216774
11300,0.00103,172.31.46.0-255,66,87070,43,216774
11301,0.001057,74.125.24.0-255,3602,90672,43,216774
11302,0.00106,172.31.46.0-255,66,90738,43,216774
11303,0.001128,74.125.24.0-255,1484,92222,43,216774
11304,0.001143,74.125.24.0-255,2902,95124,43,216774
11305,0.001146,172.31.46.0-255,66,95190,43,216774
11306,0.001151,74.125.24.0-255,2902,98092,43,216774
11307,0.001153,172.31.46.0-255,66,98158,43,216774
11308,0.001169,74.125.24.0-255,2902,101060,43,216774
11309,0.001171,172.31.46.0-255,66,101126,43,216774
11310,0.001184,172.31.46.0-255,66,101192,43,216774
11311,0.0012,74.125.24.0-255,1484,102676,43,216774
11312,0.001206,74.125.24.0-255,4320,106996,43,216774
11313,0.001208,172.31.46.0-255,66,107062,43,216774
11314,0.001232,74.125.24.0-255,6438,113500,43,216774
11315,0.001235,172.31.46.0-255,66,113566,43,216774
11316,0.001309,74.125.24.0-255,1484,115050,43,216774
11317,0.001315,74.125.24.0-255,2902,117952,43,216774
11318,0.001318,172.31.46.0-255,66,118018,43,216774
11319,0.001339,74.125.24.0-255,5738,123756,43,216774
11320,0.001342,172.31.46.0-255,66,123822,43,216774
11321,0.001347,74.125.24.0-255,2902,126724,43,216774
11322,0.001349,172.31.46.0-255,66,126790,43,216774
11323,0.001366,74.125.24.0-255,5738,132528,43,216774
11324,0.001369,172.31.46.0-255,66,132594,43,216774
11325,0.001414,74.125.24.0-255,2902,135496,43,216774
11326,0.001418,172.31.46.0-255,66,135562,43,216774
11327,0.001447,172.31.46.0-255,66,135628,43,216774
11328,0.001533,74.125.24.0-255,1484,137112,43,216774
11329,0.001538,74.125.24.0-255,2902,140014,43,216774
11330,0.00154,172.31.46.0-255,66,140080,43,216774
11331,0.001543,74.125.24.0-255,1484,141564,43,216774
11332,0.001564,74.125.24.0-255,4320,145884,43,216774
11333,0.001566,172.31.46.0-255,66,145950,43,216774
11334,0.00158,74.125.24.0-255,2902,148852,43,216774
11335,0.001582,172.31.46.0-255,66,148918,43,216774
11336,0.001612,172.31.46.0-255,66,148984,43,216774
11337,0.00162,74.125.24.0-255,7156,156140,43,216774
11338,0.001622,172.31.46.0-255,66,156206,43,216774
11339,0.001636,74.125.24.0-255,2902,159108,43,216774
11340,0.001638,172.31.46.0-255,66,159174,43,216774
11341,0.001641,74.125.24.0-255,766,159940,43,216774
11342,0.001657,74.125.24.0-255,1484,161424,43,216774
11343,0.00166,172.31.46.0-255,66,161490,43,216774
11344,0.001663,74.125.24.0-255,1484,162974,43,216774
11345,0.001679,74.125.24.0-255,2902,165876,43,216774
11346,0.001682,172.31.46.0-255,66,165942,43,216774
11347,0.001685,74.125.24.0-255,1484,167426,43,216774
11348,0.001713,172.31.46.0-255,66,167492,43,216774
11349,0.001716,74.125.24.0-255,1484,168976,43,216774
11350,0.001792,172.31.46.0-255,66,169042,43,216774
11351,0.001871,74.125.24.0-255,7156,176198,43,216774
11352,0.001901,74.125.24.0-255,7156,183354,43,216774
11353,0.001925,74.125.24.0-255,766,184120,43,216774
11354,0.001976,74.125.24.0-255,7156,191276,43,216774
11355,0.001996,74.125.24.0-255,4320,195596,43,216774
11356,0.002022,74.125.24.0-255,1484,197080,43,216774
11357,0.002029,74.125.24.0-255,7156,204236,43,216774
11358,0.002042,74.125.24.0-255,2184,206420,43,216774
11359,0.002076,74.125.24.0-255,4320,210740,43,216774
11360,0.002126,74.125.24.0-255,4320,215060,43,216774
11361,0.002153,74.125.24.0-255,285,215345,43,216774
11362,0.002182,74.125.24.0-255,97,215442,43,216774
11363,0.002244,74.125.24.0-255,105,215547,43,216774
11364,0.00579,172.31.46.0-255,66,215613,43,216774
11365,0.005795,172.31.46.0-255,66,215679,43,216774
11366,0.005799,172.31.46.0-255,66,215745,43,216774
11367,0.005801,172.31.46.0-255,66,215811,43,216774
11368,0.005811,172.31.46.0-255,66,215877,43,216774
11369,0.005814,172.31.46.0-255,66,215943,43,216774
11370,0.005818,172.31.46.0-255,66,216009,43,216774
11371,0.005821,172.31.46.0-255,66,216075,43,216774
11372,0.005824,172.31.46.0-255,66,216141,43,216774
11373,0.005827,172.31.46.0-255,66,216207,43,216774
11374,0.005829,172.31.46.0-255,66,216273,43,216774
11375,0.005833,172.31.46.0-255,66,216339,43,216774
11376,0.005836,172.31.46.0-255,66,216405,43,216774
11377,0.005839,172.31.46.0-255,66,216471,43,216774
11378,0.005841,172.31.46.0-255,66,216537,43,216774
11379,0.008069,172.31.46.0-255,66,216603,43,216774
11380,0.008106,172.31.46.0-255,105,216708,43,216774
11381,0.010352,74.125.24.0-255,66,216774,43,216774
11382,0.0,74.125.24.0-255,153,153,43,167378
11383,9e-06,172.31.46.0-255,66,219,43,167378
11384,3.7e-05,74.125.24.0-255,1484,1703,43,167378
11385,4.2e-05,172.31.46.0-255,66,1769,43,167378
11386,4.7e-05,74.125.24.0-255,2902,4671,43,167378
11387,5e-05,172.31.46.0-255,66,4737,43,167378
11388,6.2e-05,74.125.24.0-255,4320,9057,43,167378
11389,6.6e-05,172.31.46.0-255,66,9123,43,167378
11390,9.9e-05,74.125.24.0-255,2902,12025,43,167378
11391,0.000102,172.31.46.0-255,66,12091,43,167378
11392,0.000107,74.125.24.0-255,2006,14097,43,167378
11393,0.00011,172.31.46.0-255,66,14163,43,167378
11394,0.000311,74.125.24.0-255,1484,15647,43,167378
11395,0.000315,172.31.46.0-255,66,15713,43,167378
11396,0.000322,74.125.24.0-255,2902,18615,43,167378
11397,0.000325,172.31.46.0-255,66,18681,43,167378
11398,0.000337,74.125.24.0-255,5738,24419,43,167378
11399,0.000339,172.31.46.0-255,66,24485,43,167378
11400,0.000372,74.125.24.0-255,6797,31282,43,167378
11401,0.000374,172.31.46.0-255,66,31348,43,167378
11402,0.000418,172.31.46.0-255,66,31414,43,167378
11403,0.000433,172.31.46.0-255,66,31480,43,167378
11404,0.000458,74.125.24.0-255,5738,37218,43,167378
11405,0.000461,172.31.46.0-255,66,37284,43,167378
11406,0.000488,74.125.24.0-255,5020,42304,43,167378
11407,0.000492,172.31.46.0-255,66,42370,43,167378
11408,0.000952,74.125.24.0-255,398,42768,43,167378
11409,0.000957,172.31.46.0-255,66,42834,43,167378
11410,0.001007,74.125.24.0-255,345,43179,43,167378
11411,0.00101,172.31.46.0-255,66,43245,43,167378
11412,0.001112,74.125.24.0-255,1484,44729,43,167378
11413,0.001118,74.125.24.0-255,2902,47631,43,167378
11414,0.001122,172.31.46.0-255,66,47697,43,167378
11415,0.001129,74.125.24.0-255,5738,53435,43,167378
11416,0.001131,172.31.46.0-255,66,53501,43,167378
11417,0.001165,172.31.46.0-255,66,53567,43,167378
11418,0.001189,74.125.24.0-255,1484,55051,43,167378
11419,0.001202,74.125.24.0-255,4320,59371,43,167378
11420,0.001205,172.31.46.0-255,66,59437,43,167378
11421,0.001235,74.125.24.0-255,6438,65875,43,167378
11422,0.001238,172.31.46.0-255,66,65941,43,167378
11423,0.001671,74.125.24.0-255,1484,67425,43,167378
11424,0.001679,74.125.24.0-255,1484,68909,43,167378
11425,0.001682,172.31.46.0-255,66,68975,43,167378
11426,0.001714,74.125.24.0-255,1484,70459,43,167378
11427,0.00172,74.125.24.0-255,5738,76197,43,167378
11428,0.001723,172.31.46.0-255,66,76263,43,167378
11429,0.00174,172.31.46.0-255,66,76329,43,167378
11430,0.001768,172.31.46.0-255,66,76395,43,167378
11431,0.001791,74.125.24.0-255,2184,78579,43,167378
11432,0.001794,172.31.46.0-255,66,78645,43,167378
11433,0.001815,74.125.24.0-255,1484,80129,43,167378
11434,0.001843,74.125.24.0-255,2902,83031,43,167378
11435,0.001846,172.31.46.0-255,66,83097,43,167378
11436,0.00185,74.125.24.0-255,1484,84581,43,167378
11437,0.001879,74.125.24.0-255,4320,88901,43,167378
11438,0.001881,172.31.46.0-255,66,88967,43,167378
11439,0.001915,172.31.46.0-255,66,89033,43,167378
11440,0.001939,74.125.24.0-255,4320,93353,43,167378
11441,0.001942,172.31.46.0-255,66,93419,43,167378
11442,0.001953,172.31.46.0-255,66,93485,43,167378
11443,0.001956,74.125.24.0-255,1484,94969,43,167378
11444,0.00196,74.125.24.0-255,2902,97871,43,167378
11445,0.001963,172.31.46.0-255,66,97937,43,167378
11446,0.001986,74.125.24.0-255,5738,103675,43,167378
11447,0.001988,172.31.46.0-255,66,103741,43,167378
11448,0.001991,74.125.24.0-255,1484,105225,43,167378
11449,0.002016,172.31.46.0-255,66,105291,43,167378
11450,0.002045,74.125.24.0-255,4320,109611,43,167378
11451,0.002048,172.31.46.0-255,66,109677,43,167378
11452,0.002081,172.31.46.0-255,66,109743,43,167378
11453,0.002456,74.125.24.0-255,1484,111227,43,167378
11454,0.002462,74.125.24.0-255,1484,112711,43,167378
11455,0.002466,172.31.46.0-255,66,112777,43,167378
11456,0.002491,74.125.24.0-255,1484,114261,43,167378
11457,0.002497,74.125.24.0-255,5738,119999,43,167378
11458,0.002499,172.31.46.0-255,66,120065,43,167378
11459,0.002511,172.31.46.0-255,66,120131,43,167378
11460,0.002537,74.125.24.0-255,1484,121615,43,167378
11461,0.00254,74.125.24.0-255,1484,123099,43,167378
11462,0.002542,172.31.46.0-255,66,123165,43,167378
11463,0.002545,74.125.24.0-255,1484,124649,43,167378
11464,0.002551,74.125.24.0-255,5738,130387,43,167378
11465,0.002553,172.31.46.0-255,66,130453,43,167378
11466,0.002572,74.125.24.0-255,2184,132637,43,167378
11467,0.002574,172.31.46.0-255,66,132703,43,167378
11468,0.002654,74.125.24.0-255,1484,134187,43,167378
11469,0.002668,74.125.24.0-255,2902,137089,43,167378
11470,0.002671,172.31.46.0-255,66,137155,43,167378
11471,0.002675,74.125.24.0-255,2902,140057,43,167378
11472,0.002677,172.31.46.0-255,66,140123,43,167378
11473,0.002697,74.125.24.0-255,2902,143025,43,167378
11474,0.0027,172.31.46.0-255,66,143091,43,167378
11475,0.00272,172.31.46.0-255,66,143157,43,167378
11476,0.002723,74.125.24.0-255,1484,144641,43,167378
11477,0.002762,172.31.46.0-255,66,144707,43,167378
11478,0.002784,74.125.24.0-255,2184,146891,43,167378
11479,0.002787,172.31.46.0-255,66,146957,43,167378
11480,0.002813,172.31.46.0-255,66,147023,43,167378
11481,0.002816,74.125.24.0-255,1484,148507,43,167378
11482,0.002819,74.125.24.0-255,1484,149991,43,167378
11483,0.002821,172.31.46.0-255,66,150057,43,167378
11484,0.002837,172.31.46.0-255,66,150123,43,167378
11485,0.002844,74.125.24.0-255,7156,157279,43,167378
11486,0.002846,172.31.46.0-255,66,157345,43,167378
11487,0.002849,74.125.24.0-255,1484,158829,43,167378
11488,0.002864,172.31.46.0-255,66,158895,43,167378
11489,0.002866,74.125.24.0-255,1484,160379,43,167378
11490,0.002869,74.125.24.0-255,1484,161863,43,167378
11491,0.002871,172.31.46.0-255,66,161929,43,167378
11492,0.002884,172.31.46.0-255,66,161995,43,167378
11493,0.002925,74.125.24.0-255,2902,164897,43,167378
11494,0.002928,172.31.46.0-255,66,164963,43,167378
11495,0.002973,172.31.46.0-255,66,165029,43,167378
11496,0.003043,74.125.24.0-255,2007,167036,43,167378
11497,0.003046,74.125.24.0-255,105,167141,43,167378
11498,0.003375,172.31.46.0-255,66,167207,43,167378
11499,0.005649,172.31.46.0-255,105,167312,43,167378
11500,0.008039,74.125.24.0-255,66,167378,43,167378
11501,0.0,172.31.46.0-255,105,105,43,459
11502,0.000163,172.31.46.0-255,90,195,43,459
11503,0.000182,172.31.46.0-255,66,261,43,459
11504,0.002497,172.217.194.0-255,66,327,43,459
11505,0.002551,172.217.194.0-255,66,393,43,459
11506,0.002568,172.31.46.0-255,66,459,43,459
11507,0.0,74.125.24.0-255,150,150,43,254626
11508,1.5e-05,172.31.46.0-255,66,216,43,254626
11509,2.1e-05,74.125.24.0-255,1484,1700,43,254626
11510,2.6e-05,172.31.46.0-255,66,1766,43,254626
11511,6.5e-05,74.125.24.0-255,2902,4668,43,254626
11512,6.9e-05,172.31.46.0-255,66,4734,43,254626
11513,7.7e-05,74.125.24.0-255,7156,11890,43,254626
11514,8e-05,172.31.46.0-255,66,11956,43,254626
11515,8.5e-05,74.125.24.0-255,3462,15418,43,254626
11516,8.8e-05,172.31.46.0-255,66,15484,43,254626
11517,0.000128,172.31.46.0-255,66,15550,43,254626
11518,0.000132,74.125.24.0-255,2543,18093,43,254626
11519,0.000134,172.31.46.0-255,66,18159,43,254626
11520,0.000191,74.125.24.0-255,1484,19643,43,254626
11521,0.000194,172.31.46.0-255,66,19709,43,254626
11522,0.000199,74.125.24.0-255,2902,22611,43,254626
11523,0.000202,172.31.46.0-255,66,22677,43,254626
11524,0.000205,74.125.24.0-255,1484,24161,43,254626
11525,0.000207,172.31.46.0-255,66,24227,43,254626
11526,0.000229,74.125.24.0-255,4320,28547,43,254626
11527,0.000233,172.31.46.0-255,66,28613,43,254626
11528,0.000249,74.125.24.0-255,1484,30097,43,254626
11529,0.000251,172.31.46.0-255,66,30163,43,254626
11530,0.000298,172.31.46.0-255,66,30229,43,254626
11531,0.000311,172.31.46.0-255,66,30295,43,254626
11532,0.000314,74.125.24.0-255,129,30424,43,254626
11533,0.000317,172.31.46.0-255,66,30490,43,254626
11534,0.00044,74.125.24.0-255,1484,31974,43,254626
11535,0.000444,172.31.46.0-255,66,32040,43,254626
11536,0.00045,74.125.24.0-255,2902,34942,43,254626
11537,0.000452,172.31.46.0-255,66,35008,43,254626
11538,0.000459,74.125.24.0-255,5738,40746,43,254626
11539,0.000461,172.31.46.0-255,66,40812,43,254626
11540,0.000487,74.125.24.0-255,6502,47314,43,254626
11541,0.00049,172.31.46.0-255,66,47380,43,254626
11542,0.000595,74.125.24.0-255,1484,48864,43,254626
11543,0.000602,74.125.24.0-255,2902,51766,43,254626
11544,0.000604,172.31.46.0-255,66,51832,43,254626
11545,0.000608,74.125.24.0-255,1484,53316,43,254626
11546,0.000631,74.125.24.0-255,4320,57636,43,254626
11547,0.000634,172.31.46.0-255,66,57702,43,254626
11548,0.000654,74.125.24.0-255,2902,60604,43,254626
11549,0.000657,172.31.46.0-255,66,60670,43,254626
11550,0.000701,74.125.24.0-255,5738,66408,43,254626
11551,0.000705,172.31.46.0-255,66,66474,43,254626
11552,0.000724,74.125.24.0-255,1484,67958,43,254626
11553,0.00074,172.31.46.0-255,66,68024,43,254626
11554,0.000953,74.125.24.0-255,1484,69508,43,254626
11555,0.000984,74.125.24.0-255,2902,72410,43,254626
11556,0.000988,172.31.46.0-255,66,72476,43,254626
11557,0.000993,74.125.24.0-255,2902,75378,43,254626
11558,0.000995,172.31.46.0-255,66,75444,43,254626
11559,0.001008,74.125.24.0-255,1484,76928,43,254626
11560,0.001011,74.125.24.0-255,1484,78412,43,254626
11561,0.001013,172.31.46.0-255,66,78478,43,254626
11562,0.001039,74.125.24.0-255,7156,85634,43,254626
11563,0.001041,172.31.46.0-255,66,85700,43,254626
11564,0.001046,74.125.24.0-255,2902,88602,43,254626
11565,0.001048,172.31.46.0-255,66,88668,43,254626
11566,0.001098,74.125.24.0-255,7156,95824,43,254626
11567,0.001116,172.31.46.0-255,66,95890,43,254626
11568,0.001139,74.125.24.0-255,5738,101628,43,254626
11569,0.001142,172.31.46.0-255,66,101694,43,254626
11570,0.001145,74.125.24.0-255,766,102460,43,254626
11571,0.001518,74.125.24.0-255,1484,103944,43,254626
11572,0.001523,172.31.46.0-255,66,104010,43,254626
11573,0.001528,74.125.24.0-255,2902,106912,43,254626
11574,0.00153,172.31.46.0-255,66,106978,43,254626
11575,0.001534,74.125.24.0-255,2902,109880,43,254626
11576,0.001536,172.31.46.0-255,66,109946,43,254626
11577,0.001575,74.125.24.0-255,2902,112848,43,254626
11578,0.001578,172.31.46.0-255,66,112914,43,254626
11579,0.001589,172.31.46.0-255,66,112980,43,254626
11580,0.001594,74.125.24.0-255,4320,117300,43,254626
11581,0.001596,172.31.46.0-255,66,117366,43,254626
11582,0.001618,172.31.46.0-255,66,117432,43,254626
11583,0.001694,74.125.24.0-255,1484,118916,43,254626
11584,0.001708,74.125.24.0-255,2902,121818,43,254626
11585,0.001711,172.31.46.0-255,66,121884,43,254626
11586,0.001735,74.125.24.0-255,5738,127622,43,254626
11587,0.001738,172.31.46.0-255,66,127688,43,254626
11588,0.001742,74.125.24.0-255,2902,130590,43,254626
11589,0.001744,172.31.46.0-255,66,130656,43,254626
11590,0.001755,74.125.24.0-255,1484,132140,43,254626
11591,0.001775,172.31.46.0-255,66,132206,43,254626
11592,0.001806,172.31.46.0-255,66,132272,43,254626
11593,0.001981,74.125.24.0-255,1484,133756,43,254626
11594,0.002007,74.125.24.0-255,2902,136658,43,254626
11595,0.00201,172.31.46.0-255,66,136724,43,254626
11596,0.002013,74.125.24.0-255,1484,138208,43,254626
11597,0.002027,74.125.24.0-255,1484,139692,43,254626
11598,0.002032,172.31.46.0-255,66,139758,43,254626
11599,0.002042,74.125.24.0-255,2902,142660,43,254626
11600,0.002044,172.31.46.0-255,66,142726,43,254626
11601,0.002051,74.125.24.0-255,7156,149882,43,254626
11602,0.002053,172.31.46.0-255,66,149948,43,254626
11603,0.002067,74.125.24.0-255,4320,154268,43,254626
11604,0.002068,172.31.46.0-255,66,154334,43,254626
11605,0.002085,74.125.24.0-255,4320,158654,43,254626
11606,0.002087,172.31.46.0-255,66,158720,43,254626
11607,0.002091,74.125.24.0-255,2902,161622,43,254626
11608,0.002093,172.31.46.0-255,66,161688,43,254626
11609,0.002123,74.125.24.0-255,5020,166708,43,254626
11610,0.002126,172.31.46.0-255,66,166774,43,254626
11611,0.002243,74.125.24.0-255,1484,168258,43,254626
11612,0.002246,74.125.24.0-255,1484,169742,43,254626
11613,0.002249,172.31.46.0-255,66,169808,43,254626
11614,0.002261,74.125.24.0-255,1484,171292,43,254626
11615,0.002263,74.125.24.0-255,1484,172776,43,254626
11616,0.002265,172.31.46.0-255,66,172842,43,254626
11617,0.00229,74.125.24.0-255,4320,177162,43,254626
11618,0.002292,172.31.46.0-255,66,177228,43,254626
11619,0.0023,74.125.24.0-255,7156,184384,43,254626
11620,0.002301,172.31.46.0-255,66,184450,43,254626
11621,0.002322,74.125.24.0-255,5738,190188,43,254626
11622,0.002325,172.31.46.0-255,66,190254,43,254626
11623,0.002334,172.31.46.0-255,66,190320,43,254626
11624,0.002391,172.31.46.0-255,66,190386,43,254626
11625,0.004749,74.125.24.0-255,5738,196124,43,254626
11626,0.004756,172.31.46.0-255,66,196190,43,254626
11627,0.007087,74.125.24.0-255,5738,201928,43,254626
11628,0.007091,172.31.46.0-255,66,201994,43,254626
11629,0.009434,74.125.24.0-255,2902,204896,43,254626
11630,0.009441,172.31.46.0-255,66,204962,43,254626
11631,0.009461,74.125.24.0-255,2902,207864,43,254626
11632,0.009464,172.31.46.0-255,66,207930,43,254626
11633,0.011784,74.125.24.0-255,2902,210832,43,254626
11634,0.011793,172.31.46.0-255,66,210898,43,254626
11635,0.011815,74.125.24.0-255,2902,213800,43,254626
11636,0.011818,172.31.46.0-255,66,213866,43,254626
11637,0.014116,74.125.24.0-255,2902,216768,43,254626
11638,0.014123,172.31.46.0-255,66,216834,43,254626
11639,0.014161,74.125.24.0-255,2902,219736,43,254626
11640,0.014163,172.31.46.0-255,66,219802,43,254626
11641,0.016506,74.125.24.0-255,5738,225540,43,254626
11642,0.016513,172.31.46.0-255,66,225606,43,254626
11643,0.018878,74.125.24.0-255,5738,231344,43,254626
11644,0.018886,172.31.46.0-255,66,231410,43,254626
11645,0.021238,74.125.24.0-255,5738,237148,43,254626
11646,0.021249,172.31.46.0-255,66,237214,43,254626
11647,0.023614,74.125.24.0-255,5738,242952,43,254626
11648,0.023621,172.31.46.0-255,66,243018,43,254626
11649,0.025987,74.125.24.0-255,5738,248756,43,254626
11650,0.025994,172.31.46.0-255,66,248822,43,254626
11651,0.028377,74.125.24.0-255,5738,254560,43,254626
11652,0.028385,172.31.46.0-255,66,254626,43,254626
11653,0.0,172.217.194.0-255,150,150,43,192269
11654,1.1e-05,172.31.46.0-255,66,216,43,192269
11655,2.7e-05,172.217.194.0-255,1484,1700,43,192269
11656,3.3e-05,172.31.46.0-255,66,1766,43,192269
11657,3.8e-05,172.217.194.0-255,2902,4668,43,192269
11658,4.2e-05,172.31.46.0-255,66,4734,43,192269
11659,4.5e-05,172.217.194.0-255,1484,6218,43,192269
11660,4.8e-05,172.31.46.0-255,66,6284,43,192269
11661,7.5e-05,172.217.194.0-255,5738,12022,43,192269
11662,7.8e-05,172.31.46.0-255,66,12088,43,192269
11663,8.2e-05,172.217.194.0-255,2003,14091,43,192269
11664,8.4e-05,172.31.46.0-255,66,14157,43,192269
11665,9.1e-05,172.217.194.0-255,5738,19895,43,192269
11666,9.3e-05,172.31.46.0-255,66,19961,43,192269
11667,0.000113,172.217.194.0-255,5738,25699,43,192269
11668,0.000115,172.31.46.0-255,66,25765,43,192269
11669,0.000121,172.217.194.0-255,5379,31144,43,192269
11670,0.000124,172.31.46.0-255,66,31210,43,192269
11671,0.00016,172.217.194.0-255,1484,32694,43,192269
11672,0.000163,172.31.46.0-255,66,32760,43,192269
11673,0.000168,172.217.194.0-255,2902,35662,43,192269
11674,0.00017,172.31.46.0-255,66,35728,43,192269
11675,0.000173,172.217.194.0-255,1484,37212,43,192269
11676,0.000175,172.31.46.0-255,66,37278,43,192269
11677,0.000193,172.217.194.0-255,4320,41598,43,192269
11678,0.000196,172.31.46.0-255,66,41664,43,192269
11679,0.000201,172.217.194.0-255,4320,45984,43,192269
11680,0.000203,172.31.46.0-255,66,46050,43,192269
11681,0.000237,172.31.46.0-255,66,46116,43,192269
11682,0.00025,172.31.46.0-255,66,46182,43,192269
11683,0.000252,172.217.194.0-255,677,46859,43,192269
11684,0.00036,172.217.194.0-255,1484,48343,43,192269
11685,0.000364,172.31.46.0-255,66,48409,43,192269
11686,0.00037,172.217.194.0-255,2902,51311,43,192269
11687,0.000372,172.31.46.0-255,66,51377,43,192269
11688,0.000398,172.217.194.0-255,5738,57115,43,192269
11689,0.000401,172.31.46.0-255,66,57181,43,192269
11690,0.000409,172.217.194.0-255,7156,64337,43,192269
11691,0.000411,172.31.46.0-255,66,64403,43,192269
11692,0.00043,172.217.194.0-255,5738,70141,43,192269
11693,0.000433,172.31.46.0-255,66,70207,43,192269
11694,0.000443,172.31.46.0-255,66,70273,43,192269
11695,0.000484,172.217.194.0-255,1635,71908,43,192269
11696,0.000486,172.31.46.0-255,66,71974,43,192269
11697,0.000491,172.217.194.0-255,2902,74876,43,192269
11698,0.000493,172.31.46.0-255,66,74942,43,192269
11699,0.000499,172.217.194.0-255,5738,80680,43,192269
11700,0.000502,172.31.46.0-255,66,80746,43,192269
11701,0.00053,172.217.194.0-255,1484,82230,43,192269
11702,0.000545,172.31.46.0-255,66,82296,43,192269
11703,0.000554,172.31.46.0-255,66,82362,43,192269
11704,0.000575,172.217.194.0-255,1484,83846,43,192269
11705,0.00058,172.217.194.0-255,2902,86748,43,192269
11706,0.000582,172.31.46.0-255,66,86814,43,192269
11707,0.000586,172.217.194.0-255,2902,89716,43,192269
11708,0.000589,172.31.46.0-255,66,89782,43,192269
11709,0.000601,172.217.194.0-255,2902,92684,43,192269
11710,0.000604,172.31.46.0-255,66,92750,43,192269
11711,0.000627,172.217.194.0-255,5738,98488,43,192269
11712,0.000629,172.31.46.0-255,66,98554,43,192269
11713,0.000646,172.217.194.0-255,1125,99679,43,192269
11714,0.000702,172.217.194.0-255,1484,101163,43,192269
11715,0.000705,172.31.46.0-255,66,101229,43,192269
11716,0.00071,172.217.194.0-255,2902,104131,43,192269
11717,0.000712,172.31.46.0-255,66,104197,43,192269
11718,0.000728,172.217.194.0-255,5738,109935,43,192269
11719,0.00073,172.31.46.0-255,66,110001,43,192269
11720,0.000734,172.217.194.0-255,2902,112903,43,192269
11721,0.000736,172.31.46.0-255,66,112969,43,192269
11722,0.000756,172.217.194.0-255,5738,118707,43,192269
11723,0.000759,172.31.46.0-255,66,118773,43,192269
11724,0.000792,172.217.194.0-255,4320,123093,43,192269
11725,0.000795,172.31.46.0-255,66,123159,43,192269
11726,0.000836,172.31.46.0-255,66,123225,43,192269
11727,0.000851,172.31.46.0-255,66,123291,43,192269
11728,0.000858,172.217.194.0-255,7156,130447,43,192269
11729,0.00086,172.31.46.0-255,66,130513,43,192269
11730,0.00088,172.217.194.0-255,2902,133415,43,192269
11731,0.000883,172.31.46.0-255,66,133481,43,192269
11732,0.000907,172.217.194.0-255,7156,140637,43,192269
11733,0.000912,172.31.46.0-255,66,140703,43,192269
11734,0.000946,172.217.194.0-255,1484,142187,43,192269
11735,0.000973,172.31.46.0-255,66,142253,43,192269
11736,0.000978,172.31.46.0-255,66,142319,43,192269
11737,0.000988,172.217.194.0-255,2184,144503,43,192269
11738,0.001014,172.217.194.0-255,1484,145987,43,192269
11739,0.001029,172.217.194.0-255,4320,150307,43,192269
11740,0.001048,172.217.194.0-255,1484,151791,43,192269
11741,0.001079,172.217.194.0-255,5738,157529,43,192269
11742,0.001095,172.217.194.0-255,6438,163967,43,192269
11743,0.001097,172.217.194.0-255,1484,165451,43,192269
11744,0.001101,172.217.194.0-255,2902,168353,43,192269
11745,0.001145,172.31.46.0-255,66,168419,43,192269
11746,0.00117,172.217.194.0-255,5738,174157,43,192269
11747,0.001187,172.217.194.0-255,7156,181313,43,192269
11748,0.001224,172.217.194.0-255,1484,182797,43,192269
11749,0.001277,172.217.194.0-255,7156,189953,43,192269
11750,0.001356,172.217.194.0-255,1320,191273,43,192269
11751,0.001377,172.217.194.0-255,168,191441,43,192269
11752,0.001868,172.31.46.0-255,66,191507,43,192269
11753,0.004957,172.31.46.0-255,105,191612,43,192269
11754,0.004993,172.31.46.0-255,105,191717,43,192269
11755,0.007063,172.217.194.0-255,66,191783,43,192269
11756,0.00712,172.217.194.0-255,66,191849,43,192269
11757,0.011684,172.31.46.0-255,90,191939,43,192269
11758,0.011697,172.31.46.0-255,66,192005,43,192269
11759,0.013801,172.217.194.0-255,66,192071,43,192269
11760,0.013815,172.217.194.0-255,66,192137,43,192269
11761,0.013822,172.31.46.0-255,66,192203,43,192269
11762,0.013842,172.217.194.0-255,66,192269,43,192269
11763,0.0,74.125.200.0-255,146,146,43,333542
11764,3.2e-05,172.31.46.0-255,66,212,43,333542
11765,3.9e-05,74.125.200.0-255,1484,1696,43,333542
11766,4.3e-05,172.31.46.0-255,66,1762,43,333542
11767,4.8e-05,74.125.200.0-255,2902,4664,43,333542
11768,5e-05,172.31.46.0-255,66,4730,43,333542
11769,7.6e-05,74.125.200.0-255,7156,11886,43,333542
11770,7.8e-05,172.31.46.0-255,66,11952,43,333542
11771,8.2e-05,74.125.200.0-255,2003,13955,43,333542
11772,8.4e-05,172.31.46.0-255,66,14021,43,333542
11773,0.000271,74.125.200.0-255,1484,15505,43,333542
11774,0.000275,172.31.46.0-255,66,15571,43,333542
11775,0.000298,74.125.200.0-255,2902,18473,43,333542
11776,0.000302,172.31.46.0-255,66,18539,43,333542
11777,0.00031,74.125.200.0-255,5738,24277,43,333542
11778,0.000312,172.31.46.0-255,66,24343,43,333542
11779,0.000335,74.125.200.0-255,6797,31140,43,333542
11780,0.000338,172.31.46.0-255,66,31206,43,333542
11781,0.000653,74.125.200.0-255,1484,32690,43,333542
11782,0.000658,172.31.46.0-255,66,32756,43,333542
11783,0.000667,74.125.200.0-255,2902,35658,43,333542
11784,0.000669,172.31.46.0-255,66,35724,43,333542
11785,0.000672,74.125.200.0-255,1484,37208,43,333542
11786,0.000674,172.31.46.0-255,66,37274,43,333542
11787,0.000691,74.125.200.0-255,2902,40176,43,333542
11788,0.000694,172.31.46.0-255,66,40242,43,333542
11789,0.0007,74.125.200.0-255,5738,45980,43,333542
11790,0.000702,172.31.46.0-255,66,46046,43,333542
11791,0.000742,74.125.200.0-255,6797,52843,43,333542
11792,0.000745,172.31.46.0-255,66,52909,43,333542
11793,0.000764,74.125.200.0-255,5738,58647,43,333542
11794,0.000767,172.31.46.0-255,66,58713,43,333542
11795,0.000783,74.125.200.0-255,1484,60197,43,333542
11796,0.000825,74.125.200.0-255,5379,65576,43,333542
11797,0.000828,172.31.46.0-255,66,65642,43,333542
11798,0.000832,74.125.200.0-255,646,66288,43,333542
11799,0.000902,74.125.200.0-255,1484,67772,43,333542
11800,0.000908,172.31.46.0-255,66,67838,43,333542
11801,0.000929,74.125.200.0-255,2902,70740,43,333542
11802,0.000931,172.31.46.0-255,66,70806,43,333542
11803,0.000937,74.125.200.0-255,4320,75126,43,333542
11804,0.000939,172.31.46.0-255,66,75192,43,333542
11805,0.000942,74.125.200.0-255,1484,76676,43,333542
11806,0.000964,74.125.200.0-255,4320,80996,43,333542
11807,0.000967,172.31.46.0-255,66,81062,43,333542
11808,0.000982,74.125.200.0-255,2902,83964,43,333542
11809,0.000985,172.31.46.0-255,66,84030,43,333542
11810,0.001014,172.31.46.0-255,66,84096,43,333542
11811,0.001059,172.31.46.0-255,66,84162,43,333542
11812,0.00129,74.125.200.0-255,1484,85646,43,333542
11813,0.001305,74.125.200.0-255,2902,88548,43,333542
11814,0.00131,172.31.46.0-255,66,88614,43,333542
11815,0.001316,74.125.200.0-255,5738,94352,43,333542
11816,0.001319,172.31.46.0-255,66,94418,43,333542
11817,0.001346,74.125.200.0-255,5738,100156,43,333542
11818,0.001348,172.31.46.0-255,66,100222,43,333542
11819,0.001355,74.125.200.0-255,7156,107378,43,333542
11820,0.001357,172.31.46.0-255,66,107444,43,333542
11821,0.001384,74.125.200.0-255,1484,108928,43,333542
11822,0.00141,172.31.46.0-255,66,108994,43,333542
11823,0.001454,74.125.200.0-255,1484,110478,43,333542
11824,0.001469,74.125.200.0-255,2902,113380,43,333542
11825,0.001471,172.31.46.0-255,66,113446,43,333542
11826,0.001489,74.125.200.0-255,2902,116348,43,333542
11827,0.001491,172.31.46.0-255,66,116414,43,333542
11828,0.001495,74.125.200.0-255,2902,119316,43,333542
11829,0.001498,172.31.46.0-255,66,119382,43,333542
11830,0.001515,74.125.200.0-255,1484,120866,43,333542
11831,0.00152,74.125.200.0-255,4320,125186,43,333542
11832,0.001522,172.31.46.0-255,66,125252,43,333542
11833,0.001545,74.125.200.0-255,4320,129572,43,333542
11834,0.001547,172.31.46.0-255,66,129638,43,333542
11835,0.001553,74.125.200.0-255,5738,135376,43,333542
11836,0.001556,172.31.46.0-255,66,135442,43,333542
11837,0.001562,74.125.200.0-255,5738,141180,43,333542
11838,0.001564,172.31.46.0-255,66,141246,43,333542
11839,0.001577,74.125.200.0-255,1484,142730,43,333542
11840,0.00158,74.125.200.0-255,766,143496,43,333542
11841,0.001582,172.31.46.0-255,66,143562,43,333542
11842,0.00172,74.125.200.0-255,1484,145046,43,333542
11843,0.001741,74.125.200.0-255,1484,146530,43,333542
11844,0.001743,172.31.46.0-255,66,146596,43,333542
11845,0.001747,74.125.200.0-255,2902,149498,43,333542
11846,0.001749,172.31.46.0-255,66,149564,43,333542
11847,0.001764,74.125.200.0-255,5738,155302,43,333542
11848,0.001767,172.31.46.0-255,66,155368,43,333542
11849,0.001792,74.125.200.0-255,2902,158270,43,333542
11850,0.001794,172.31.46.0-255,66,158336,43,333542
11851,0.001818,74.125.200.0-255,7156,165492,43,333542
11852,0.00182,172.31.46.0-255,66,165558,43,333542
11853,0.001827,74.125.200.0-255,7156,172714,43,333542
11854,0.001829,172.31.46.0-255,66,172780,43,333542
11855,0.001842,74.125.200.0-255,4320,177100,43,333542
11856,0.001845,172.31.46.0-255,66,177166,43,333542
11857,0.001847,74.125.200.0-255,766,177932,43,333542
11858,0.001969,74.125.200.0-255,1484,179416,43,333542
11859,0.001971,172.31.46.0-255,66,179482,43,333542
11860,0.001993,74.125.200.0-255,2902,182384,43,333542
11861,0.001995,172.31.46.0-255,66,182450,43,333542
11862,0.001998,74.125.200.0-255,1484,183934,43,333542
11863,0.002003,74.125.200.0-255,2902,186836,43,333542
11864,0.002005,172.31.46.0-255,66,186902,43,333542
11865,0.002017,74.125.200.0-255,1484,188386,43,333542
11866,0.002034,74.125.200.0-255,4320,192706,43,333542
11867,0.002036,172.31.46.0-255,66,192772,43,333542
11868,0.002039,74.125.200.0-255,1484,194256,43,333542
11869,0.002058,74.125.200.0-255,7156,201412,43,333542
11870,0.002061,172.31.46.0-255,66,201478,43,333542
11871,0.002063,74.125.200.0-255,1484,202962,43,333542
11872,0.002092,172.31.46.0-255,66,203028,43,333542
11873,0.002095,74.125.200.0-255,766,203794,43,333542
11874,0.002162,74.125.200.0-255,1484,205278,43,333542
11875,0.002165,172.31.46.0-255,66,205344,43,333542
11876,0.002178,74.125.200.0-255,2902,208246,43,333542
11877,0.00218,172.31.46.0-255,66,208312,43,333542
11878,0.002205,74.125.200.0-255,4320,212632,43,333542
11879,0.002207,172.31.46.0-255,66,212698,43,333542
11880,0.002218,74.125.200.0-255,5738,218436,43,333542
11881,0.00222,172.31.46.0-255,66,218502,43,333542
11882,0.002284,172.31.46.0-255,66,218568,43,333542
11883,0.002288,74.125.200.0-255,2902,221470,43,333542
11884,0.00229,172.31.46.0-255,66,221536,43,333542
11885,0.002293,74.125.200.0-255,2902,224438,43,333542
11886,0.002295,172.31.46.0-255,66,224504,43,333542
11887,0.002317,74.125.200.0-255,2184,226688,43,333542
11888,0.002319,172.31.46.0-255,66,226754,43,333542
11889,0.002325,74.125.200.0-255,5738,232492,43,333542
11890,0.002327,172.31.46.0-255,66,232558,43,333542
11891,0.002356,74.125.200.0-255,5738,238296,43,333542
11892,0.002359,172.31.46.0-255,66,238362,43,333542
11893,0.00238,74.125.200.0-255,7156,245518,43,333542
11894,0.002383,172.31.46.0-255,66,245584,43,333542
11895,0.002404,74.125.200.0-255,7156,252740,43,333542
11896,0.002407,172.31.46.0-255,66,252806,43,333542
11897,0.00244,74.125.200.0-255,7156,259962,43,333542
11898,0.002442,172.31.46.0-255,66,260028,43,333542
11899,0.002445,74.125.200.0-255,766,260794,43,333542
11900,0.002449,74.125.200.0-255,2902,263696,43,333542
11901,0.002451,172.31.46.0-255,66,263762,43,333542
11902,0.002481,74.125.200.0-255,7156,270918,43,333542
11903,0.002484,172.31.46.0-255,66,270984,43,333542
11904,0.00489,74.125.200.0-255,5738,276722,43,333542
11905,0.004899,172.31.46.0-255,66,276788,43,333542
11906,0.007312,74.125.200.0-255,5738,282526,43,333542
11907,0.007319,172.31.46.0-255,66,282592,43,333542
11908,0.009725,74.125.200.0-255,4320,286912,43,333542
11909,0.009731,172.31.46.0-255,66,286978,43,333542
11910,0.009747,74.125.200.0-255,1484,288462,43,333542
11911,0.012166,74.125.200.0-255,4320,292782,43,333542
11912,0.012173,172.31.46.0-255,66,292848,43,333542
11913,0.014582,74.125.200.0-255,5738,298586,43,333542
11914,0.014589,172.31.46.0-255,66,298652,43,333542
11915,0.017003,74.125.200.0-255,1484,300136,43,333542
11916,0.017044,74.125.200.0-255,4320,304456,43,333542
11917,0.01705,172.31.46.0-255,66,304522,43,333542
11918,0.019467,74.125.200.0-255,5738,310260,43,333542
11919,0.019473,172.31.46.0-255,66,310326,43,333542
11920,0.021882,74.125.200.0-255,5738,316064,43,333542
11921,0.021888,172.31.46.0-255,66,316130,43,333542
11922,0.024315,74.125.200.0-255,5738,321868,43,333542
11923,0.024321,172.31.46.0-255,66,321934,43,333542
11924,0.026732,74.125.200.0-255,5738,327672,43,333542
11925,0.026741,172.31.46.0-255,66,327738,43,333542
11926,0.029173,74.125.200.0-255,5738,333476,43,333542
11927,0.029179,172.31.46.0-255,66,333542,43,333542
11928,0.0,74.125.24.0-255,153,153,43,219978
11929,2.3e-05,172.31.46.0-255,66,219,43,219978
11930,3e-05,74.125.24.0-255,1484,1703,43,219978
11931,3.3e-05,172.31.46.0-255,66,1769,43,219978
11932,3.7e-05,74.125.24.0-255,2902,4671,43,219978
11933,3.9e-05,172.31.46.0-255,66,4737,43,219978
11934,6.2e-05,74.125.24.0-255,7156,11893,43,219978
11935,6.5e-05,172.31.46.0-255,66,11959,43,219978
11936,7.3e-05,74.125.24.0-255,2037,13996,43,219978
11937,7.6e-05,172.31.46.0-255,66,14062,43,219978
11938,0.000111,172.31.46.0-255,66,14128,43,219978
11939,0.000115,74.125.24.0-255,2902,17030,43,219978
11940,0.000117,172.31.46.0-255,66,17096,43,219978
11941,0.000137,74.125.24.0-255,2543,19639,43,219978
11942,0.000143,172.31.46.0-255,66,19705,43,219978
11943,0.000188,74.125.24.0-255,1484,21189,43,219978
11944,0.00019,172.31.46.0-255,66,21255,43,219978
11945,0.000193,74.125.24.0-255,1484,22739,43,219978
11946,0.000195,172.31.46.0-255,66,22805,43,219978
11947,0.000221,74.125.24.0-255,1484,24289,43,219978
11948,0.000223,172.31.46.0-255,66,24355,43,219978
11949,0.000228,74.125.24.0-255,5738,30093,43,219978
11950,0.00023,172.31.46.0-255,66,30159,43,219978
11951,0.000234,74.125.24.0-255,5738,35897,43,219978
11952,0.000242,172.31.46.0-255,66,35963,43,219978
11953,0.000245,74.125.24.0-255,2902,38865,43,219978
11954,0.000247,172.31.46.0-255,66,38931,43,219978
11955,0.000292,172.31.46.0-255,66,38997,43,219978
11956,0.000296,74.125.24.0-255,4240,43237,43,219978
11957,0.000299,172.31.46.0-255,66,43303,43,219978
11958,0.000322,74.125.24.0-255,131,43434,43,219978
11959,0.000393,74.125.24.0-255,1484,44918,43,219978
11960,0.000396,74.125.24.0-255,2902,47820,43,219978
11961,0.000397,172.31.46.0-255,66,47886,43,219978
11962,0.0004,172.31.46.0-255,66,47952,43,219978
11963,0.000428,74.125.24.0-255,5738,53690,43,219978
11964,0.000431,172.31.46.0-255,66,53756,43,219978
11965,0.000441,74.125.24.0-255,5738,59494,43,219978
11966,0.000443,172.31.46.0-255,66,59560,43,219978
11967,0.000493,172.31.46.0-255,66,59626,43,219978
11968,0.000499,74.125.24.0-255,5738,65364,43,219978
11969,0.000502,172.31.46.0-255,66,65430,43,219978
11970,0.000518,74.125.24.0-255,2902,68332,43,219978
11971,0.000521,172.31.46.0-255,66,68398,43,219978
11972,0.000523,74.125.24.0-255,821,69219,43,219978
11973,0.000651,74.125.24.0-255,1484,70703,43,219978
11974,0.000655,172.31.46.0-255,66,70769,43,219978
11975,0.000658,74.125.24.0-255,1484,72253,43,219978
11976,0.000678,74.125.24.0-255,1484,73737,43,219978
11977,0.000681,172.31.46.0-255,66,73803,43,219978
11978,0.000686,74.125.24.0-255,4320,78123,43,219978
11979,0.000687,172.31.46.0-255,66,78189,43,219978
11980,0.000692,74.125.24.0-255,5738,83927,43,219978
11981,0.000698,172.31.46.0-255,66,83993,43,219978
11982,0.000701,74.125.24.0-255,1484,85477,43,219978
11983,0.000732,172.31.46.0-255,66,85543,43,219978
11984,0.000741,172.31.46.0-255,66,85609,43,219978
11985,0.001768,74.125.24.0-255,1484,87093,43,219978
11986,0.00179,74.125.24.0-255,2902,89995,43,219978
11987,0.001794,172.31.46.0-255,66,90061,43,219978
11988,0.001799,74.125.24.0-255,2902,92963,43,219978
11989,0.0018,172.31.46.0-255,66,93029,43,219978
11990,0.00182,74.125.24.0-255,2902,95931,43,219978
11991,0.001822,172.31.46.0-255,66,95997,43,219978
11992,0.001827,74.125.24.0-255,5738,101735,43,219978
11993,0.001829,172.31.46.0-255,66,101801,43,219978
11994,0.001851,74.125.24.0-255,5738,107539,43,219978
11995,0.001853,172.31.46.0-255,66,107605,43,219978
11996,0.001888,74.125.24.0-255,7156,114761,43,219978
11997,0.00189,172.31.46.0-255,66,114827,43,219978
11998,0.001894,74.125.24.0-255,5020,119847,43,219978
11999,0.001896,172.31.46.0-255,66,119913,43,219978
12000,0.002574,74.125.24.0-255,1484,121397,43,219978
12001,0.002583,74.125.24.0-255,2902,124299,43,219978
12002,0.002586,172.31.46.0-255,66,124365,43,219978
12003,0.00263,74.125.24.0-255,2902,127267,43,219978
12004,0.002632,172.31.46.0-255,66,127333,43,219978
12005,0.00265,74.125.24.0-255,2902,130235,43,219978
12006,0.002652,172.31.46.0-255,66,130301,43,219978
12007,0.002655,74.125.24.0-255,1484,131785,43,219978
12008,0.002662,74.125.24.0-255,1484,133269,43,219978
12009,0.002663,172.31.46.0-255,66,133335,43,219978
12010,0.002667,74.125.24.0-255,2902,136237,43,219978
12011,0.002669,172.31.46.0-255,66,136303,43,219978
12012,0.002675,74.125.24.0-255,5738,142041,43,219978
12013,0.002679,172.31.46.0-255,66,142107,43,219978
12014,0.002709,172.31.46.0-255,66,142173,43,219978
12015,0.002712,74.125.24.0-255,1484,143657,43,219978
12016,0.00275,172.31.46.0-255,66,143723,43,219978
12017,0.002753,74.125.24.0-255,1484,145207,43,219978
12018,0.002774,74.125.24.0-255,2902,148109,43,219978
12019,0.002776,172.31.46.0-255,66,148175,43,219978
12020,0.002803,74.125.24.0-255,1484,149659,43,219978
12021,0.002805,74.125.24.0-255,1484,151143,43,219978
12022,0.002817,172.31.46.0-255,66,151209,43,219978
12023,0.00282,172.31.46.0-255,66,151275,43,219978
12024,0.002834,74.125.24.0-255,766,152041,43,219978
12025,0.00284,74.125.24.0-255,7156,159197,43,219978
12026,0.002842,172.31.46.0-255,66,159263,43,219978
12027,0.002845,74.125.24.0-255,1484,160747,43,219978
12028,0.00285,74.125.24.0-255,5738,166485,43,219978
12029,0.002852,172.31.46.0-255,66,166551,43,219978
12030,0.002884,172.31.46.0-255,66,166617,43,219978
12031,0.002926,172.31.46.0-255,66,166683,43,219978
12032,0.002928,74.125.24.0-255,766,167449,43,219978
12033,0.002948,74.125.24.0-255,1484,168933,43,219978
12034,0.00295,172.31.46.0-255,66,168999,43,219978
12035,0.002955,74.125.24.0-255,4320,173319,43,219978
12036,0.002957,172.31.46.0-255,66,173385,43,219978
12037,0.002963,74.125.24.0-255,7156,180541,43,219978
12038,0.002965,172.31.46.0-255,66,180607,43,219978
12039,0.003002,172.31.46.0-255,66,180673,43,219978
12040,0.003027,74.125.24.0-255,4320,184993,43,219978
12041,0.00303,172.31.46.0-255,66,185059,43,219978
12042,0.003035,74.125.24.0-255,5020,190079,43,219978
12043,0.003037,172.31.46.0-255,66,190145,43,219978
12044,0.003051,172.31.46.0-255,66,190211,43,219978
12045,0.00306,172.31.46.0-255,66,190277,43,219978
12046,0.003088,74.125.24.0-255,2902,193179,43,219978
12047,0.00309,172.31.46.0-255,66,193245,43,219978
12048,0.003096,74.125.24.0-255,6438,199683,43,219978
12049,0.003098,172.31.46.0-255,66,199749,43,219978
12050,0.003117,74.125.24.0-255,1484,201233,43,219978
12051,0.003141,74.125.24.0-255,2902,204135,43,219978
12052,0.003144,172.31.46.0-255,66,204201,43,219978
12053,0.003149,74.125.24.0-255,5738,209939,43,219978
12054,0.003151,172.31.46.0-255,66,210005,43,219978
12055,0.00316,172.31.46.0-255,66,210071,43,219978
12056,0.003233,74.125.24.0-255,2902,212973,43,219978
12057,0.003236,172.31.46.0-255,66,213039,43,219978
12058,0.003274,172.31.46.0-255,66,213105,43,219978
12059,0.003287,172.31.46.0-255,66,213171,43,219978
12060,0.0033,172.31.46.0-255,66,213237,43,219978
12061,0.003329,74.125.24.0-255,3602,216839,43,219978
12062,0.003332,172.31.46.0-255,66,216905,43,219978
12063,0.003335,74.125.24.0-255,874,217779,43,219978
12064,0.003338,74.125.24.0-255,105,217884,43,219978
12065,0.004854,172.31.46.0-255,66,217950,43,219978
12066,0.004888,172.31.46.0-255,105,218055,43,219978
12067,0.007213,74.125.24.0-255,66,218121,43,219978
12068,0.029808,172.31.46.0-255,172,218293,43,219978
12069,0.029855,172.31.46.0-255,1107,219400,43,219978
12070,0.029932,172.31.46.0-255,578,219978,43,219978
12071,0.0,74.125.24.0-255,357,357,43,166583
12072,1.8e-05,74.125.24.0-255,1484,1841,43,166583
12073,2.7e-05,172.31.46.0-255,66,1907,43,166583
12074,3.6e-05,74.125.24.0-255,4320,6227,43,166583
12075,4e-05,172.31.46.0-255,66,6293,43,166583
12076,7.9e-05,172.31.46.0-255,66,6359,43,166583
12077,8.2e-05,74.125.24.0-255,1484,7843,43,166583
12078,0.0001,172.31.46.0-255,66,7909,43,166583
12079,0.000103,74.125.24.0-255,1125,9034,43,166583
12080,0.000159,74.125.24.0-255,1484,10518,43,166583
12081,0.000162,172.31.46.0-255,66,10584,43,166583
12082,0.000167,74.125.24.0-255,2902,13486,43,166583
12083,0.000171,172.31.46.0-255,66,13552,43,166583
12084,0.000182,74.125.24.0-255,5738,19290,43,166583
12085,0.000185,172.31.46.0-255,66,19356,43,166583
12086,0.000222,172.31.46.0-255,66,19422,43,166583
12087,0.000235,172.31.46.0-255,66,19488,43,166583
12088,0.000794,74.125.24.0-255,646,20134,43,166583
12089,0.001345,74.125.24.0-255,1484,21618,43,166583
12090,0.001353,172.31.46.0-255,66,21684,43,166583
12091,0.00136,74.125.24.0-255,2902,24586,43,166583
12092,0.001363,172.31.46.0-255,66,24652,43,166583
12093,0.001375,74.125.24.0-255,5738,30390,43,166583
12094,0.001378,172.31.46.0-255,66,30456,43,166583
12095,0.001386,74.125.24.0-255,7156,37612,43,166583
12096,0.001389,172.31.46.0-255,66,37678,43,166583
12097,0.001425,74.125.24.0-255,5738,43416,43,166583
12098,0.001428,172.31.46.0-255,66,43482,43,166583
12099,0.00146,172.31.46.0-255,66,43548,43,166583
12100,0.002048,74.125.24.0-255,1484,45032,43,166583
12101,0.002053,74.125.24.0-255,2902,47934,43,166583
12102,0.002056,172.31.46.0-255,66,48000,43,166583
12103,0.00206,74.125.24.0-255,1484,49484,43,166583
12104,0.002086,74.125.24.0-255,4320,53804,43,166583
12105,0.002088,172.31.46.0-255,66,53870,43,166583
12106,0.002126,172.31.46.0-255,66,53936,43,166583
12107,0.002144,172.31.46.0-255,66,54002,43,166583
12108,0.002313,74.125.24.0-255,1484,55486,43,166583
12109,0.002331,74.125.24.0-255,2902,58388,43,166583
12110,0.002333,172.31.46.0-255,66,58454,43,166583
12111,0.00234,74.125.24.0-255,5738,64192,43,166583
12112,0.002343,172.31.46.0-255,66,64258,43,166583
12113,0.002348,74.125.24.0-255,4320,68578,43,166583
12114,0.002356,172.31.46.0-255,66,68644,43,166583
12115,0.002398,74.125.24.0-255,1484,70128,43,166583
12116,0.002412,172.31.46.0-255,66,70194,43,166583
12117,0.002418,74.125.24.0-255,5020,75214,43,166583
12118,0.00242,172.31.46.0-255,66,75280,43,166583
12119,0.00245,74.125.24.0-255,5738,81018,43,166583
12120,0.002453,172.31.46.0-255,66,81084,43,166583
12121,0.002456,74.125.24.0-255,1484,82568,43,166583
12122,0.002479,74.125.24.0-255,5738,88306,43,166583
12123,0.002482,172.31.46.0-255,66,88372,43,166583
12124,0.002487,74.125.24.0-255,4320,92692,43,166583
12125,0.002489,172.31.46.0-255,66,92758,43,166583
12126,0.002493,74.125.24.0-255,1484,94242,43,166583
12127,0.002525,172.31.46.0-255,66,94308,43,166583
12128,0.002542,74.125.24.0-255,1484,95792,43,166583
12129,0.002546,172.31.46.0-255,78,95870,43,166583
12130,0.002549,74.125.24.0-255,1484,97354,43,166583
12131,0.002551,172.31.46.0-255,78,97432,43,166583
12132,0.002558,74.125.24.0-255,5738,103170,43,166583
12133,0.002561,172.31.46.0-255,78,103248,43,166583
12134,0.002593,74.125.24.0-255,6438,109686,43,166583
12135,0.002596,172.31.46.0-255,78,109764,43,166583
12136,0.0026,74.125.24.0-255,1484,111248,43,166583
12137,0.002603,172.31.46.0-255,66,111314,43,166583
12138,0.002614,172.31.46.0-255,66,111380,43,166583
12139,0.002628,172.31.46.0-255,66,111446,43,166583
12140,0.002708,172.31.46.0-255,66,111512,43,166583
12141,0.002735,172.31.46.0-255,66,111578,43,166583
12142,0.002741,74.125.24.0-255,3602,115180,43,166583
12143,0.002744,172.31.46.0-255,66,115246,43,166583
12144,0.002749,74.125.24.0-255,4320,119566,43,166583
12145,0.002752,172.31.46.0-255,66,119632,43,166583
12146,0.002757,74.125.24.0-255,4320,123952,43,166583
12147,0.00276,172.31.46.0-255,66,124018,43,166583
12148,0.00281,172.31.46.0-255,66,124084,43,166583
12149,0.002821,172.31.46.0-255,66,124150,43,166583
12150,0.002857,74.125.24.0-255,6438,130588,43,166583
12151,0.002859,172.31.46.0-255,66,130654,43,166583
12152,0.00287,74.125.24.0-255,1484,132138,43,166583
12153,0.002879,74.125.24.0-255,2902,135040,43,166583
12154,0.002881,172.31.46.0-255,66,135106,43,166583
12155,0.002886,74.125.24.0-255,2902,138008,43,166583
12156,0.002888,172.31.46.0-255,66,138074,43,166583
12157,0.002907,74.125.24.0-255,2902,140976,43,166583
12158,0.00291,172.31.46.0-255,66,141042,43,166583
12159,0.002928,172.31.46.0-255,66,141108,43,166583
12160,0.002975,172.31.46.0-255,66,141174,43,166583
12161,0.002997,74.125.24.0-255,5738,146912,43,166583
12162,0.003,172.31.46.0-255,66,146978,43,166583
12163,0.003035,74.125.24.0-255,5738,152716,43,166583
12164,0.003038,172.31.46.0-255,66,152782,43,166583
12165,0.003056,172.31.46.0-255,66,152848,43,166583
12166,0.003087,172.31.46.0-255,66,152914,43,166583
12167,0.003119,74.125.24.0-255,6438,159352,43,166583
12168,0.003122,172.31.46.0-255,66,159418,43,166583
12169,0.003143,172.31.46.0-255,66,159484,43,166583
12170,0.003173,74.125.24.0-255,6103,165587,43,166583
12171,0.003176,172.31.46.0-255,66,165653,43,166583
12172,0.003179,74.125.24.0-255,105,165758,43,166583
12173,0.003198,74.125.24.0-255,129,165887,43,166583
12174,0.006522,172.31.46.0-255,105,165992,43,166583
12175,0.006557,172.31.46.0-255,105,166097,43,166583
12176,0.006803,172.31.46.0-255,90,166187,43,166583
12177,0.006812,172.31.46.0-255,66,166253,43,166583
12178,0.008824,74.125.24.0-255,66,166319,43,166583
12179,0.008864,74.125.24.0-255,66,166385,43,166583
12180,0.009114,74.125.24.0-255,66,166451,43,166583
12181,0.009129,74.125.24.0-255,66,166517,43,166583
12182,0.009135,172.31.46.0-255,66,166583,43,166583
12183,0.0,74.125.68.0-255,146,146,43,294186
12184,1.8e-05,172.31.46.0-255,66,212,43,294186
12185,5.9e-05,74.125.68.0-255,1484,1696,43,294186
12186,6.3e-05,172.31.46.0-255,66,1762,43,294186
12187,6.9e-05,74.125.68.0-255,2902,4664,43,294186
12188,7.3e-05,172.31.46.0-255,66,4730,43,294186
12189,0.000101,74.125.68.0-255,5738,10468,43,294186
12190,0.000105,172.31.46.0-255,66,10534,43,294186
12191,0.000109,74.125.68.0-255,1484,12018,43,294186
12192,0.000111,172.31.46.0-255,66,12084,43,294186
12193,0.000125,74.125.68.0-255,1484,13568,43,294186
12194,0.000127,172.31.46.0-255,66,13634,43,294186
12195,0.00013,74.125.68.0-255,668,14302,43,294186
12196,0.000132,172.31.46.0-255,66,14368,43,294186
12197,0.000263,74.125.68.0-255,1484,15852,43,294186
12198,0.000268,172.31.46.0-255,66,15918,43,294186
12199,0.000273,74.125.68.0-255,2902,18820,43,294186
12200,0.000276,172.31.46.0-255,66,18886,43,294186
12201,0.000291,74.125.68.0-255,1484,20370,43,294186
12202,0.000293,172.31.46.0-255,66,20436,43,294186
12203,0.000298,74.125.68.0-255,2902,23338,43,294186
12204,0.000301,172.31.46.0-255,66,23404,43,294186
12205,0.000329,74.125.68.0-255,5738,29142,43,294186
12206,0.000331,172.31.46.0-255,66,29208,43,294186
12207,0.000353,74.125.68.0-255,2543,31751,43,294186
12208,0.000355,172.31.46.0-255,66,31817,43,294186
12209,0.000359,74.125.68.0-255,2902,34719,43,294186
12210,0.000361,172.31.46.0-255,66,34785,43,294186
12211,0.000364,74.125.68.0-255,1484,36269,43,294186
12212,0.000367,172.31.46.0-255,66,36335,43,294186
12213,0.000398,74.125.68.0-255,5738,42073,43,294186
12214,0.000401,172.31.46.0-255,66,42139,43,294186
12215,0.000408,74.125.68.0-255,7156,49295,43,294186
12216,0.000429,74.125.68.0-255,5738,55033,43,294186
12217,0.000447,74.125.68.0-255,2902,57935,43,294186
12218,0.000452,74.125.68.0-255,4320,62255,43,294186
12219,0.000473,172.31.46.0-255,66,62321,43,294186
12220,0.000495,74.125.68.0-255,3602,65923,43,294186
12221,0.000517,172.31.46.0-255,66,65989,43,294186
12222,0.000525,74.125.68.0-255,427,66416,43,294186
12223,0.000877,74.125.68.0-255,1484,67900,43,294186
12224,0.000889,172.31.46.0-255,66,67966,43,294186
12225,0.000894,74.125.68.0-255,2902,70868,43,294186
12226,0.000907,172.31.46.0-255,66,70934,43,294186
12227,0.000914,74.125.68.0-255,5738,76672,43,294186
12228,0.000917,74.125.68.0-255,1484,78156,43,294186
12229,0.000941,74.125.68.0-255,5738,83894,43,294186
12230,0.000947,172.31.46.0-255,66,83960,43,294186
12231,0.000964,74.125.68.0-255,5738,89698,43,294186
12232,0.000975,172.31.46.0-255,66,89764,43,294186
12233,0.000987,74.125.68.0-255,5738,95502,43,294186
12234,0.000992,172.31.46.0-255,66,95568,43,294186
12235,0.001004,74.125.68.0-255,2902,98470,43,294186
12236,0.001019,74.125.68.0-255,2184,100654,43,294186
12237,0.001027,172.31.46.0-255,66,100720,43,294186
12238,0.001294,74.125.68.0-255,1484,102204,43,294186
12239,0.00131,74.125.68.0-255,2902,105106,43,294186
12240,0.001313,172.31.46.0-255,66,105172,43,294186
12241,0.001319,74.125.68.0-255,4320,109492,43,294186
12242,0.001326,74.125.68.0-255,5738,115230,43,294186
12243,0.001351,74.125.68.0-255,2902,118132,43,294186
12244,0.001356,172.31.46.0-255,66,118198,43,294186
12245,0.001386,74.125.68.0-255,4320,122518,43,294186
12246,0.00139,172.31.46.0-255,66,122584,43,294186
12247,0.001427,74.125.68.0-255,4320,126904,43,294186
12248,0.00144,172.31.46.0-255,66,126970,43,294186
12249,0.001462,74.125.68.0-255,7156,134126,43,294186
12250,0.001468,172.31.46.0-255,66,134192,43,294186
12251,0.001495,74.125.68.0-255,7156,141348,43,294186
12252,0.001501,74.125.68.0-255,5738,147086,43,294186
12253,0.001508,172.31.46.0-255,66,147152,43,294186
12254,0.001516,74.125.68.0-255,1484,148636,43,294186
12255,0.001534,74.125.68.0-255,2184,150820,43,294186
12256,0.001544,172.31.46.0-255,66,150886,43,294186
12257,0.001575,74.125.68.0-255,1484,152370,43,294186
12258,0.00159,74.125.68.0-255,2902,155272,43,294186
12259,0.001595,172.31.46.0-255,66,155338,43,294186
12260,0.001603,74.125.68.0-255,2902,158240,43,294186
12261,0.001622,74.125.68.0-255,2902,161142,43,294186
12262,0.001626,74.125.68.0-255,2902,164044,43,294186
12263,0.00163,172.31.46.0-255,66,164110,43,294186
12264,0.001666,172.31.46.0-255,66,164176,43,294186
12265,0.001683,74.125.68.0-255,7156,171332,43,294186
12266,0.001702,172.31.46.0-255,66,171398,43,294186
12267,0.00172,74.125.68.0-255,3602,175000,43,294186
12268,0.001732,172.31.46.0-255,66,175066,43,294186
12269,0.001802,74.125.68.0-255,1484,176550,43,294186
12270,0.001808,74.125.68.0-255,2902,179452,43,294186
12271,0.001811,74.125.68.0-255,1484,180936,43,294186
12272,0.001825,74.125.68.0-255,1484,182420,43,294186
12273,0.001831,74.125.68.0-255,4320,186740,43,294186
12274,0.001836,172.31.46.0-255,66,186806,43,294186
12275,0.001872,172.31.46.0-255,66,186872,43,294186
12276,0.001892,74.125.68.0-255,5738,192610,43,294186
12277,0.001899,74.125.68.0-255,7156,199766,43,294186
12278,0.001905,172.31.46.0-255,66,199832,43,294186
12279,0.002018,172.31.46.0-255,66,199898,43,294186
12280,0.00203,74.125.68.0-255,5738,205636,43,294186
12281,0.002035,172.31.46.0-255,66,205702,43,294186
12282,0.002062,74.125.68.0-255,6438,212140,43,294186
12283,0.002078,74.125.68.0-255,4320,216460,43,294186
12284,0.002081,74.125.68.0-255,1484,217944,43,294186
12285,0.002104,74.125.68.0-255,4320,222264,43,294186
12286,0.00211,172.31.46.0-255,66,222330,43,294186
12287,0.004171,74.125.68.0-255,5738,228068,43,294186
12288,0.004178,172.31.46.0-255,66,228134,43,294186
12289,0.00623,74.125.68.0-255,5738,233872,43,294186
12290,0.009761,172.31.46.0-255,66,233938,43,294186
12291,0.011813,74.125.68.0-255,5738,239676,43,294186
12292,0.01182,172.31.46.0-255,66,239742,43,294186
12293,0.01388,74.125.68.0-255,5738,245480,43,294186
12294,0.015305,172.31.46.0-255,66,245546,43,294186
12295,0.017362,74.125.68.0-255,5738,251284,43,294186
12296,0.017369,172.31.46.0-255,66,251350,43,294186
12297,0.019431,74.125.68.0-255,5738,257088,43,294186
12298,0.019439,172.31.46.0-255,66,257154,43,294186
12299,0.0215,74.125.68.0-255,5738,262892,43,294186
12300,0.021508,172.31.46.0-255,66,262958,43,294186
12301,0.023563,74.125.68.0-255,5738,268696,43,294186
12302,0.023569,172.31.46.0-255,66,268762,43,294186
12303,0.025623,74.125.68.0-255,5738,274500,43,294186
12304,0.02563,172.31.46.0-255,66,274566,43,294186
12305,0.02744,172.31.46.0-255,167,274733,43,294186
12306,0.02747,172.31.46.0-255,1108,275841,43,294186
12307,0.027538,172.31.46.0-255,1514,277355,43,294186
12308,0.02754,172.31.46.0-255,1514,278869,43,294186
12309,0.027541,172.31.46.0-255,1514,280383,43,294186
12310,0.027542,172.31.46.0-255,1514,281897,43,294186
12311,0.027543,172.31.46.0-255,549,282446,43,294186
12312,0.027681,74.125.68.0-255,5738,288184,43,294186
12313,0.027687,172.31.46.0-255,66,288250,43,294186
12314,0.029658,104.244.42.0-255,66,288316,43,294186
12315,0.029727,74.125.68.0-255,2902,291218,43,294186
12316,0.029733,172.31.46.0-255,66,291284,43,294186
12317,0.029754,74.125.68.0-255,2902,294186,43,294186
12318,0.0,172.217.194.0-255,153,153,43,172356
12319,2.2e-05,172.31.46.0-255,66,219,43,172356
12320,2.8e-05,172.217.194.0-255,1484,1703,43,172356
12321,3.2e-05,172.31.46.0-255,66,1769,43,172356
12322,3.7e-05,172.217.194.0-255,2902,4671,43,172356
12323,4e-05,172.31.46.0-255,66,4737,43,172356
12324,4.8e-05,172.217.194.0-255,7156,11893,43,172356
12325,5.1e-05,172.31.46.0-255,66,11959,43,172356
12326,7.1e-05,172.217.194.0-255,5738,17697,43,172356
12327,7.3e-05,172.31.46.0-255,66,17763,43,172356
12328,0.000108,172.31.46.0-255,66,17829,43,172356
12329,0.000112,172.217.194.0-255,2543,20372,43,172356
12330,0.000114,172.31.46.0-255,66,20438,43,172356
12331,0.000178,172.217.194.0-255,1484,21922,43,172356
12332,0.000182,172.31.46.0-255,66,21988,43,172356
12333,0.000186,172.217.194.0-255,2902,24890,43,172356
12334,0.000188,172.31.46.0-255,66,24956,43,172356
12335,0.000194,172.217.194.0-255,5738,30694,43,172356
12336,0.000196,172.31.46.0-255,66,30760,43,172356
12337,0.0002,172.217.194.0-255,2902,33662,43,172356
12338,0.000202,172.31.46.0-255,66,33728,43,172356
12339,0.000221,172.217.194.0-255,1484,35212,43,172356
12340,0.000223,172.31.46.0-255,66,35278,43,172356
12341,0.000226,172.217.194.0-255,1484,36762,43,172356
12342,0.000228,172.31.46.0-255,66,36828,43,172356
12343,0.000252,172.31.46.0-255,66,36894,43,172356
12344,0.000266,172.217.194.0-255,2902,39796,43,172356
12345,0.000269,172.31.46.0-255,66,39862,43,172356
12346,0.00029,172.217.194.0-255,3961,43823,43,172356
12347,0.000293,172.31.46.0-255,66,43889,43,172356
12348,0.000483,172.217.194.0-255,645,44534,43,172356
12349,0.000586,172.217.194.0-255,1484,46018,43,172356
12350,0.00059,172.31.46.0-255,66,46084,43,172356
12351,0.000594,172.217.194.0-255,1484,47568,43,172356
12352,0.000609,172.217.194.0-255,1484,49052,43,172356
12353,0.000611,172.31.46.0-255,66,49118,43,172356
12354,0.000615,172.217.194.0-255,2902,52020,43,172356
12355,0.000617,172.31.46.0-255,66,52086,43,172356
12356,0.000635,172.217.194.0-255,5738,57824,43,172356
12357,0.000638,172.31.46.0-255,66,57890,43,172356
12358,0.000646,172.217.194.0-255,1484,59374,43,172356
12359,0.00067,172.31.46.0-255,66,59440,43,172356
12360,0.000693,172.217.194.0-255,5738,65178,43,172356
12361,0.000695,172.31.46.0-255,66,65244,43,172356
12362,0.0007,172.217.194.0-255,3602,68846,43,172356
12363,0.000702,172.31.46.0-255,66,68912,43,172356
12364,0.000862,172.217.194.0-255,1484,70396,43,172356
12365,0.000874,172.217.194.0-255,1484,71880,43,172356
12366,0.000878,172.31.46.0-255,66,71946,43,172356
12367,0.000891,172.217.194.0-255,1484,73430,43,172356
12368,0.000896,172.217.194.0-255,2902,76332,43,172356
12369,0.000898,172.31.46.0-255,66,76398,43,172356
12370,0.000923,172.217.194.0-255,2902,79300,43,172356
12371,0.000925,172.31.46.0-255,66,79366,43,172356
12372,0.000937,172.31.46.0-255,66,79432,43,172356
12373,0.000949,172.31.46.0-255,66,79498,43,172356
12374,0.000962,172.217.194.0-255,766,80264,43,172356
12375,0.001294,172.217.194.0-255,1484,81748,43,172356
12376,0.001298,172.31.46.0-255,66,81814,43,172356
12377,0.001317,172.217.194.0-255,2902,84716,43,172356
12378,0.00132,172.31.46.0-255,66,84782,43,172356
12379,0.001324,172.217.194.0-255,2902,87684,43,172356
12380,0.001326,172.31.46.0-255,66,87750,43,172356
12381,0.001355,172.217.194.0-255,2902,90652,43,172356
12382,0.001357,172.31.46.0-255,66,90718,43,172356
12383,0.001368,172.31.46.0-255,66,90784,43,172356
12384,0.001372,172.217.194.0-255,4320,95104,43,172356
12385,0.001374,172.31.46.0-255,66,95170,43,172356
12386,0.001388,172.217.194.0-255,5738,100908,43,172356
12387,0.00139,172.31.46.0-255,66,100974,43,172356
12388,0.001427,172.217.194.0-255,3602,104576,43,172356
12389,0.001429,172.31.46.0-255,66,104642,43,172356
12390,0.001853,172.217.194.0-255,1484,106126,43,172356
12391,0.00188,172.217.194.0-255,2902,109028,43,172356
12392,0.001884,172.31.46.0-255,66,109094,43,172356
12393,0.001891,172.217.194.0-255,5738,114832,43,172356
12394,0.001893,172.31.46.0-255,66,114898,43,172356
12395,0.001916,172.217.194.0-255,2902,117800,43,172356
12396,0.001918,172.31.46.0-255,66,117866,43,172356
12397,0.001947,172.31.46.0-255,66,117932,43,172356
12398,0.001954,172.217.194.0-255,7156,125088,43,172356
12399,0.001956,172.31.46.0-255,66,125154,43,172356
12400,0.00198,172.217.194.0-255,3602,128756,43,172356
12401,0.001983,172.31.46.0-255,66,128822,43,172356
12402,0.002064,172.217.194.0-255,1484,130306,43,172356
12403,0.002076,172.217.194.0-255,2902,133208,43,172356
12404,0.002079,172.31.46.0-255,66,133274,43,172356
12405,0.002092,172.217.194.0-255,2902,136176,43,172356
12406,0.002094,172.31.46.0-255,66,136242,43,172356
12407,0.00211,172.217.194.0-255,2902,139144,43,172356
12408,0.002112,172.31.46.0-255,66,139210,43,172356
12409,0.002117,172.217.194.0-255,4320,143530,43,172356
12410,0.002119,172.31.46.0-255,66,143596,43,172356
12411,0.002159,172.31.46.0-255,66,143662,43,172356
12412,0.00217,172.31.46.0-255,66,143728,43,172356
12413,0.002195,172.217.194.0-255,4320,148048,43,172356
12414,0.002198,172.31.46.0-255,66,148114,43,172356
12415,0.002238,172.31.46.0-255,66,148180,43,172356
12416,0.002245,172.217.194.0-255,7156,155336,43,172356
12417,0.002247,172.31.46.0-255,66,155402,43,172356
12418,0.002276,172.31.46.0-255,66,155468,43,172356
12419,0.002351,172.31.46.0-255,66,155534,43,172356
12420,0.002363,172.31.46.0-255,66,155600,43,172356
12421,0.002404,172.31.46.0-255,66,155666,43,172356
12422,0.002406,172.217.194.0-255,1484,157150,43,172356
12423,0.002418,172.31.46.0-255,66,157216,43,172356
12424,0.002432,172.31.46.0-255,66,157282,43,172356
12425,0.002434,172.217.194.0-255,1484,158766,43,172356
12426,0.002436,172.31.46.0-255,78,158844,43,172356
12427,0.002443,172.217.194.0-255,7156,166000,43,172356
12428,0.002446,172.31.46.0-255,78,166078,43,172356
12429,0.002478,172.31.46.0-255,66,166144,43,172356
12430,0.002503,172.217.194.0-255,5738,171882,43,172356
12431,0.002506,172.31.46.0-255,66,171948,43,172356
12432,0.002527,172.31.46.0-255,66,172014,43,172356
12433,0.00253,172.217.194.0-255,105,172119,43,172356
12434,0.005178,172.31.46.0-255,66,172185,43,172356
12435,0.00521,172.31.46.0-255,105,172290,43,172356
12436,0.007478,172.217.194.0-255,66,172356,43,172356
12437,0.0,74.125.130.0-255,153,153,43,271169
12438,1.5e-05,172.31.46.0-255,66,219,43,271169
12439,2.2e-05,74.125.130.0-255,1484,1703,43,271169
12440,2.6e-05,172.31.46.0-255,66,1769,43,271169
12441,3.1e-05,74.125.130.0-255,2902,4671,43,271169
12442,4.2e-05,172.31.46.0-255,66,4737,43,271169
12443,6.7e-05,74.125.130.0-255,7156,11893,43,271169
12444,7.5e-05,172.31.46.0-255,66,11959,43,271169
12445,7.9e-05,74.125.130.0-255,2004,13963,43,271169
12446,8.2e-05,172.31.46.0-255,66,14029,43,271169
12447,0.000114,172.31.46.0-255,66,14095,43,271169
12448,0.000119,74.125.130.0-255,4320,18415,43,271169
12449,0.000122,172.31.46.0-255,66,18481,43,271169
12450,0.000147,74.125.130.0-255,1125,19606,43,271169
12451,0.000149,172.31.46.0-255,66,19672,43,271169
12452,0.000232,74.125.130.0-255,1484,21156,43,271169
12453,0.000235,172.31.46.0-255,66,21222,43,271169
12454,0.00024,74.125.130.0-255,2902,24124,43,271169
12455,0.000242,172.31.46.0-255,66,24190,43,271169
12456,0.000275,74.125.130.0-255,2902,27092,43,271169
12457,0.000277,172.31.46.0-255,66,27158,43,271169
12458,0.000283,74.125.130.0-255,4320,31478,43,271169
12459,0.000286,172.31.46.0-255,66,31544,43,271169
12460,0.000309,74.125.130.0-255,7156,38700,43,271169
12461,0.000312,172.31.46.0-255,66,38766,43,271169
12462,0.000336,74.125.130.0-255,1484,40250,43,271169
12463,0.000339,172.31.46.0-255,66,40316,43,271169
12464,0.000345,74.125.130.0-255,4320,44636,43,271169
12465,0.000347,172.31.46.0-255,66,44702,43,271169
12466,0.000388,172.31.46.0-255,66,44768,43,271169
12467,0.000405,74.125.130.0-255,378,45146,43,271169
12468,0.000434,74.125.130.0-255,365,45511,43,271169
12469,0.000681,74.125.130.0-255,1484,46995,43,271169
12470,0.000685,172.31.46.0-255,66,47061,43,271169
12471,0.000714,74.125.130.0-255,2902,49963,43,271169
12472,0.000716,172.31.46.0-255,66,50029,43,271169
12473,0.000723,74.125.130.0-255,5738,55767,43,271169
12474,0.000725,172.31.46.0-255,66,55833,43,271169
12475,0.000728,74.125.130.0-255,2902,58735,43,271169
12476,0.00073,172.31.46.0-255,66,58801,43,271169
12477,0.000773,74.125.130.0-255,2902,61703,43,271169
12478,0.000776,172.31.46.0-255,66,61769,43,271169
12479,0.000801,74.125.130.0-255,4320,66089,43,271169
12480,0.000804,172.31.46.0-255,66,66155,43,271169
12481,0.000808,74.125.130.0-255,4320,70475,43,271169
12482,0.00081,172.31.46.0-255,66,70541,43,271169
12483,0.000839,74.125.130.0-255,4320,74861,43,271169
12484,0.000842,172.31.46.0-255,66,74927,43,271169
12485,0.000846,74.125.130.0-255,2902,77829,43,271169
12486,0.000848,172.31.46.0-255,66,77895,43,271169
12487,0.000876,74.125.130.0-255,2184,80079,43,271169
12488,0.000878,172.31.46.0-255,66,80145,43,271169
12489,0.001412,74.125.130.0-255,1484,81629,43,271169
12490,0.00143,74.125.130.0-255,2902,84531,43,271169
12491,0.001434,172.31.46.0-255,66,84597,43,271169
12492,0.001462,74.125.130.0-255,4320,88917,43,271169
12493,0.001464,172.31.46.0-255,66,88983,43,271169
12494,0.001486,74.125.130.0-255,1484,90467,43,271169
12495,0.001491,74.125.130.0-255,4320,94787,43,271169
12496,0.001493,172.31.46.0-255,66,94853,43,271169
12497,0.001515,74.125.130.0-255,1484,96337,43,271169
12498,0.001522,74.125.130.0-255,7156,103493,43,271169
12499,0.001524,172.31.46.0-255,66,103559,43,271169
12500,0.001529,74.125.130.0-255,2902,106461,43,271169
12501,0.001531,172.31.46.0-255,66,106527,43,271169
12502,0.001557,74.125.130.0-255,2902,109429,43,271169
12503,0.00156,172.31.46.0-255,66,109495,43,271169
12504,0.001563,74.125.130.0-255,1484,110979,43,271169
12505,0.00159,74.125.130.0-255,5020,115999,43,271169
12506,0.001592,172.31.46.0-255,66,116065,43,271169
12507,0.001595,74.125.130.0-255,1484,117549,43,271169
12508,0.001615,74.125.130.0-255,4320,121869,43,271169
12509,0.001617,172.31.46.0-255,66,121935,43,271169
12510,0.001647,74.125.130.0-255,5738,127673,43,271169
12511,0.00165,172.31.46.0-255,66,127739,43,271169
12512,0.001655,74.125.130.0-255,4320,132059,43,271169
12513,0.001657,172.31.46.0-255,66,132125,43,271169
12514,0.00167,74.125.130.0-255,5738,137863,43,271169
12515,0.001672,172.31.46.0-255,66,137929,43,271169
12516,0.001706,172.31.46.0-255,66,137995,43,271169
12517,0.001737,74.125.130.0-255,2184,140179,43,271169
12518,0.00174,172.31.46.0-255,66,140245,43,271169
12519,0.001816,74.125.130.0-255,1484,141729,43,271169
12520,0.001833,74.125.130.0-255,1484,143213,43,271169
12521,0.001835,172.31.46.0-255,66,143279,43,271169
12522,0.00184,74.125.130.0-255,2902,146181,43,271169
12523,0.001841,172.31.46.0-255,66,146247,43,271169
12524,0.001878,74.125.130.0-255,5738,151985,43,271169
12525,0.001881,172.31.46.0-255,66,152051,43,271169
12526,0.001915,74.125.130.0-255,4320,156371,43,271169
12527,0.001916,172.31.46.0-255,66,156437,43,271169
12528,0.001938,74.125.130.0-255,4320,160757,43,271169
12529,0.00195,74.125.130.0-255,3602,164359,43,271169
12530,0.001955,74.125.130.0-255,4320,168679,43,271169
12531,0.001959,172.31.46.0-255,66,168745,43,271169
12532,0.001962,172.31.46.0-255,66,168811,43,271169
12533,0.001975,172.31.46.0-255,66,168877,43,271169
12534,0.001977,172.31.46.0-255,66,168943,43,271169
12535,0.002005,172.31.46.0-255,66,169009,43,271169
12536,0.002008,74.125.130.0-255,1484,170493,43,271169
12537,0.002058,172.31.46.0-255,66,170559,43,271169
12538,0.002067,172.31.46.0-255,66,170625,43,271169
12539,0.002105,172.31.46.0-255,66,170691,43,271169
12540,0.002109,74.125.130.0-255,2902,173593,43,271169
12541,0.002111,172.31.46.0-255,66,173659,43,271169
12542,0.002139,74.125.130.0-255,7156,180815,43,271169
12543,0.002141,172.31.46.0-255,66,180881,43,271169
12544,0.002151,172.31.46.0-255,66,180947,43,271169
12545,0.002179,74.125.130.0-255,2902,183849,43,271169
12546,0.002181,172.31.46.0-255,66,183915,43,271169
12547,0.002208,74.125.130.0-255,6438,190353,43,271169
12548,0.00221,172.31.46.0-255,66,190419,43,271169
12549,0.002214,74.125.130.0-255,2902,193321,43,271169
12550,0.002216,172.31.46.0-255,66,193387,43,271169
12551,0.002246,172.31.46.0-255,66,193453,43,271169
12552,0.002269,74.125.130.0-255,1484,194937,43,271169
12553,0.002274,74.125.130.0-255,4320,199257,43,271169
12554,0.002277,172.31.46.0-255,66,199323,43,271169
12555,0.002302,74.125.130.0-255,2902,202225,43,271169
12556,0.002304,172.31.46.0-255,66,202291,43,271169
12557,0.002336,172.31.46.0-255,66,202357,43,271169
12558,0.002342,74.125.130.0-255,4320,206677,43,271169
12559,0.002343,172.31.46.0-255,66,206743,43,271169
12560,0.002374,172.31.46.0-255,66,206809,43,271169
12561,0.002396,74.125.130.0-255,4320,211129,43,271169
12562,0.002399,172.31.46.0-255,66,211195,43,271169
12563,0.002431,172.31.46.0-255,66,211261,43,271169
12564,0.002457,74.125.130.0-255,4320,215581,43,271169
12565,0.002459,172.31.46.0-255,66,215647,43,271169
12566,0.002494,172.31.46.0-255,66,215713,43,271169
12567,0.004941,74.125.130.0-255,5738,221451,43,271169
12568,0.004948,172.31.46.0-255,66,221517,43,271169
12569,0.007378,74.125.130.0-255,1484,223001,43,271169
12570,0.007401,74.125.130.0-255,4320,227321,43,271169
12571,0.007405,172.31.46.0-255,66,227387,43,271169
12572,0.009443,172.31.46.0-255,101,227488,43,271169
12573,0.009857,74.125.130.0-255,5738,233226,43,271169
12574,0.009863,172.31.46.0-255,66,233292,43,271169
12575,0.011852,74.125.130.0-255,66,233358,43,271169
12576,0.01231,74.125.130.0-255,5738,239096,43,271169
12577,0.012317,172.31.46.0-255,66,239162,43,271169
12578,0.014784,74.125.130.0-255,5738,244900,43,271169
12579,0.014792,172.31.46.0-255,66,244966,43,271169
12580,0.01723,74.125.130.0-255,5738,250704,43,271169
12581,0.017239,172.31.46.0-255,66,250770,43,271169
12582,0.019713,74.125.130.0-255,5738,256508,43,271169
12583,0.019724,172.31.46.0-255,66,256574,43,271169
12584,0.022186,74.125.130.0-255,5738,262312,43,271169
12585,0.022198,172.31.46.0-255,66,262378,43,271169
12586,0.024638,74.125.130.0-255,5738,268116,43,271169
12587,0.024646,172.31.46.0-255,66,268182,43,271169
12588,0.027089,74.125.130.0-255,2816,270998,43,271169
12589,0.027097,172.31.46.0-255,66,271064,43,271169
12590,0.027285,172.31.46.0-255,105,271169,43,271169
