,TIME,SRC,PACKET_SIZE,CUMULATIVE_PACKET_SIZE,PAGE_NUMBER,TOTAL_PACKET_SIZE
0,0.0,74.125.200.0-255,145,145,10,166426
1,2.2e-05,172.31.36.0-255,66,211,10,166426
2,2.7e-05,74.125.200.0-255,1484,1695,10,166426
3,3e-05,172.31.36.0-255,66,1761,10,166426
4,3.4e-05,74.125.200.0-255,1484,3245,10,166426
5,3.6e-05,172.31.36.0-255,66,3311,10,166426
6,5.8e-05,74.125.200.0-255,1484,4795,10,166426
7,6.1e-05,172.31.36.0-255,66,4861,10,166426
8,7e-05,74.125.200.0-255,7156,12017,10,166426
9,7.2e-05,172.31.36.0-255,66,12083,10,166426
10,0.000122,74.125.200.0-255,1484,13567,10,166426
11,0.000125,172.31.36.0-255,66,13633,10,166426
12,0.000143,74.125.200.0-255,2068,15701,10,166426
13,0.000145,172.31.36.0-255,66,15767,10,166426
14,0.000151,74.125.200.0-255,2902,18669,10,166426
15,0.000152,172.31.36.0-255,66,18735,10,166426
16,0.000171,74.125.200.0-255,1484,20219,10,166426
17,0.000173,172.31.36.0-255,66,20285,10,166426
18,0.000233,74.125.200.0-255,2902,23187,10,166426
19,0.000237,172.31.36.0-255,66,23253,10,166426
20,0.000258,74.125.200.0-255,5738,28991,10,166426
21,0.000262,172.31.36.0-255,66,29057,10,166426
22,0.000273,172.31.36.0-255,66,29123,10,166426
23,0.000276,74.125.200.0-255,2902,32025,10,166426
24,0.000279,172.31.36.0-255,66,32091,10,166426
25,0.000306,74.125.200.0-255,6438,38529,10,166426
26,0.000309,172.31.36.0-255,66,38595,10,166426
27,0.000368,74.125.200.0-255,1484,40079,10,166426
28,0.000374,74.125.200.0-255,2902,42981,10,166426
29,0.000374,172.31.36.0-255,66,43047,10,166426
30,0.000378,74.125.200.0-255,4320,47367,10,166426
31,0.000379,172.31.36.0-255,66,47433,10,166426
32,0.000384,172.31.36.0-255,66,47499,10,166426
33,0.0004,74.125.200.0-255,5738,53237,10,166426
34,0.000403,172.31.36.0-255,66,53303,10,166426
35,0.000427,74.125.200.0-255,2543,55846,10,166426
36,0.000431,172.31.36.0-255,66,55912,10,166426
37,0.000953,74.125.200.0-255,367,56279,10,166426
38,0.000987,74.125.200.0-255,131,56410,10,166426
39,0.001148,74.125.200.0-255,1484,57894,10,166426
40,0.001154,172.31.36.0-255,66,57960,10,166426
41,0.001174,74.125.200.0-255,1484,59444,10,166426
42,0.001187,74.125.200.0-255,1484,60928,10,166426
43,0.00119,172.31.36.0-255,66,60994,10,166426
44,0.001206,74.125.200.0-255,1484,62478,10,166426
45,0.001222,74.125.200.0-255,4320,66798,10,166426
46,0.001225,172.31.36.0-255,66,66864,10,166426
47,0.001231,74.125.200.0-255,4320,71184,10,166426
48,0.001232,172.31.36.0-255,66,71250,10,166426
49,0.00125,74.125.200.0-255,5738,76988,10,166426
50,0.001252,172.31.36.0-255,66,77054,10,166426
51,0.001277,74.125.200.0-255,5738,82792,10,166426
52,0.001281,172.31.36.0-255,66,82858,10,166426
53,0.001284,74.125.200.0-255,1484,84342,10,166426
54,0.001298,74.125.200.0-255,1484,85826,10,166426
55,0.0013,172.31.36.0-255,66,85892,10,166426
56,0.001321,74.125.200.0-255,4320,90212,10,166426
57,0.001323,172.31.36.0-255,66,90278,10,166426
58,0.001327,74.125.200.0-255,766,91044,10,166426
59,0.003428,74.125.200.0-255,1484,92528,10,166426
60,0.00343,172.31.36.0-255,66,92594,10,166426
61,0.003448,74.125.200.0-255,2902,95496,10,166426
62,0.00345,172.31.36.0-255,66,95562,10,166426
63,0.00555,74.125.200.0-255,2902,98464,10,166426
64,0.005555,172.31.36.0-255,66,98530,10,166426
65,0.005582,74.125.200.0-255,2902,101432,10,166426
66,0.005585,172.31.36.0-255,66,101498,10,166426
67,0.007676,74.125.200.0-255,2902,104400,10,166426
68,0.007681,172.31.36.0-255,66,104466,10,166426
69,0.00771,74.125.200.0-255,2902,107368,10,166426
70,0.007712,172.31.36.0-255,66,107434,10,166426
71,0.009825,74.125.200.0-255,2902,110336,10,166426
72,0.009832,172.31.36.0-255,66,110402,10,166426
73,0.009855,74.125.200.0-255,1484,111886,10,166426
74,0.009874,74.125.200.0-255,1484,113370,10,166426
75,0.009877,172.31.36.0-255,66,113436,10,166426
76,0.011956,74.125.200.0-255,2902,116338,10,166426
77,0.011962,172.31.36.0-255,66,116404,10,166426
78,0.011994,74.125.200.0-255,2902,119306,10,166426
79,0.011997,172.31.36.0-255,66,119372,10,166426
80,0.014084,74.125.200.0-255,2902,122274,10,166426
81,0.014092,172.31.36.0-255,66,122340,10,166426
82,0.014124,74.125.200.0-255,2902,125242,10,166426
83,0.014127,172.31.36.0-255,66,125308,10,166426
84,0.016216,74.125.200.0-255,2902,128210,10,166426
85,0.016224,172.31.36.0-255,66,128276,10,166426
86,0.016264,74.125.200.0-255,2902,131178,10,166426
87,0.016268,172.31.36.0-255,66,131244,10,166426
88,0.018359,74.125.200.0-255,1484,132728,10,166426
89,0.018382,74.125.200.0-255,1484,134212,10,166426
90,0.018387,172.31.36.0-255,66,134278,10,166426
91,0.018409,74.125.200.0-255,2902,137180,10,166426
92,0.018412,172.31.36.0-255,66,137246,10,166426
93,0.020515,74.125.200.0-255,4320,141566,10,166426
94,0.020521,172.31.36.0-255,66,141632,10,166426
95,0.020557,74.125.200.0-255,1484,143116,10,166426
96,0.022724,74.125.200.0-255,4320,147436,10,166426
97,0.022731,172.31.36.0-255,66,147502,10,166426
98,0.024864,74.125.200.0-255,4320,151822,10,166426
99,0.024871,172.31.36.0-255,66,151888,10,166426
100,0.024886,74.125.200.0-255,1484,153372,10,166426
101,0.025707,172.31.36.0-255,167,153539,10,166426
102,0.025739,172.31.36.0-255,1112,154651,10,166426
103,0.025773,172.31.36.0-255,1514,156165,10,166426
104,0.025774,172.31.36.0-255,1291,157456,10,166426
105,0.027015,74.125.200.0-255,2902,160358,10,166426
106,0.027022,172.31.36.0-255,66,160424,10,166426
107,0.0274,104.244.42.0-255,66,160490,10,166426
108,0.027408,104.244.42.0-255,66,160556,10,166426
109,0.02741,104.244.42.0-255,66,160622,10,166426
110,0.029165,74.125.200.0-255,5738,166360,10,166426
111,0.029171,172.31.36.0-255,66,166426,10,166426
112,0.0,172.217.194.0-255,215,215,10,220172
113,2.6e-05,172.217.194.0-255,1484,1699,10,220172
114,3.4e-05,172.31.36.0-255,66,1765,10,220172
115,4.2e-05,172.217.194.0-255,4320,6085,10,220172
116,4.6e-05,172.31.36.0-255,66,6151,10,220172
117,4.9e-05,172.217.194.0-255,1484,7635,10,220172
118,7.8e-05,172.217.194.0-255,5738,13373,10,220172
119,8.1e-05,172.31.36.0-255,66,13439,10,220172
120,0.000116,172.31.36.0-255,66,13505,10,220172
121,0.000146,172.217.194.0-255,4869,18374,10,220172
122,0.000149,172.31.36.0-255,66,18440,10,220172
123,0.000155,172.217.194.0-255,3961,22401,10,220172
124,0.000158,172.31.36.0-255,66,22467,10,220172
125,0.000336,172.217.194.0-255,1484,23951,10,220172
126,0.000343,172.217.194.0-255,2902,26853,10,220172
127,0.000347,172.31.36.0-255,66,26919,10,220172
128,0.000354,172.217.194.0-255,4320,31239,10,220172
129,0.000356,172.31.36.0-255,66,31305,10,220172
130,0.000388,172.217.194.0-255,1484,32789,10,220172
131,0.000394,172.217.194.0-255,4320,37109,10,220172
132,0.000398,172.31.36.0-255,66,37175,10,220172
133,0.00041,172.31.36.0-255,66,37241,10,220172
134,0.000441,172.217.194.0-255,3961,41202,10,220172
135,0.000446,172.31.36.0-255,66,41268,10,220172
136,0.000448,172.217.194.0-255,6797,48065,10,220172
137,0.000451,172.31.36.0-255,66,48131,10,220172
138,0.000829,172.217.194.0-255,363,48494,10,220172
139,0.000894,172.217.194.0-255,1484,49978,10,220172
140,0.000898,172.31.36.0-255,66,50044,10,220172
141,0.000907,172.217.194.0-255,2902,52946,10,220172
142,0.00091,172.31.36.0-255,66,53012,10,220172
143,0.000925,172.217.194.0-255,5738,58750,10,220172
144,0.000928,172.31.36.0-255,66,58816,10,220172
145,0.000933,172.217.194.0-255,4320,63136,10,220172
146,0.000936,172.31.36.0-255,66,63202,10,220172
147,0.000975,172.217.194.0-255,2543,65745,10,220172
148,0.000978,172.31.36.0-255,66,65811,10,220172
149,0.001049,172.217.194.0-255,1484,67295,10,220172
150,0.001064,172.217.194.0-255,2902,70197,10,220172
151,0.001068,172.31.36.0-255,66,70263,10,220172
152,0.001092,172.217.194.0-255,4320,74583,10,220172
153,0.001095,172.31.36.0-255,66,74649,10,220172
154,0.001119,172.217.194.0-255,1484,76133,10,220172
155,0.001149,172.217.194.0-255,6797,82930,10,220172
156,0.001153,172.31.36.0-255,66,82996,10,220172
157,0.002052,172.217.194.0-255,1484,84480,10,220172
158,0.002058,172.217.194.0-255,1484,85964,10,220172
159,0.002062,172.31.36.0-255,66,86030,10,220172
160,0.002088,172.217.194.0-255,1484,87514,10,220172
161,0.002102,172.217.194.0-255,2902,90416,10,220172
162,0.002104,172.31.36.0-255,66,90482,10,220172
163,0.002129,172.217.194.0-255,2902,93384,10,220172
164,0.002131,172.31.36.0-255,66,93450,10,220172
165,0.002164,172.31.36.0-255,66,93516,10,220172
166,0.002179,172.31.36.0-255,66,93582,10,220172
167,0.002185,172.217.194.0-255,3602,97184,10,220172
168,0.002188,172.31.36.0-255,66,97250,10,220172
169,0.00241,172.217.194.0-255,1484,98734,10,220172
170,0.002414,172.217.194.0-255,1484,100218,10,220172
171,0.002416,172.31.36.0-255,66,100284,10,220172
172,0.00244,172.217.194.0-255,4320,104604,10,220172
173,0.002443,172.31.36.0-255,66,104670,10,220172
174,0.002449,172.217.194.0-255,5738,110408,10,220172
175,0.002451,172.31.36.0-255,66,110474,10,220172
176,0.002481,172.217.194.0-255,7156,117630,10,220172
177,0.002484,172.31.36.0-255,66,117696,10,220172
178,0.002523,172.217.194.0-255,7156,124852,10,220172
179,0.002527,172.31.36.0-255,66,124918,10,220172
180,0.002534,172.217.194.0-255,6438,131356,10,220172
181,0.002536,172.31.36.0-255,66,131422,10,220172
182,0.002875,172.217.194.0-255,1484,132906,10,220172
183,0.002882,172.217.194.0-255,2902,135808,10,220172
184,0.002885,172.31.36.0-255,66,135874,10,220172
185,0.00289,172.217.194.0-255,1484,137358,10,220172
186,0.002917,172.217.194.0-255,4320,141678,10,220172
187,0.00292,172.31.36.0-255,66,141744,10,220172
188,0.002927,172.217.194.0-255,5738,147482,10,220172
189,0.002929,172.31.36.0-255,66,147548,10,220172
190,0.00295,172.217.194.0-255,2902,150450,10,220172
191,0.002953,172.31.36.0-255,66,150516,10,220172
192,0.002956,172.217.194.0-255,766,151282,10,220172
193,0.002961,172.31.36.0-255,78,151360,10,220172
194,0.002972,172.31.36.0-255,66,151426,10,220172
195,0.003201,172.217.194.0-255,1484,152910,10,220172
196,0.00327,172.217.194.0-255,2902,155812,10,220172
197,0.003274,172.31.36.0-255,66,155878,10,220172
198,0.003281,172.217.194.0-255,5738,161616,10,220172
199,0.003283,172.31.36.0-255,66,161682,10,220172
200,0.003303,172.31.36.0-255,66,161748,10,220172
201,0.003315,172.31.36.0-255,66,161814,10,220172
202,0.003328,172.31.36.0-255,66,161880,10,220172
203,0.003339,172.217.194.0-255,5738,167618,10,220172
204,0.003342,172.31.36.0-255,66,167684,10,220172
205,0.00338,172.31.36.0-255,66,167750,10,220172
206,0.003405,172.217.194.0-255,2902,170652,10,220172
207,0.003409,172.31.36.0-255,66,170718,10,220172
208,0.003414,172.217.194.0-255,4320,175038,10,220172
209,0.003416,172.31.36.0-255,66,175104,10,220172
210,0.003435,172.31.36.0-255,66,175170,10,220172
211,0.003436,172.217.194.0-255,5738,180908,10,220172
212,0.003438,172.31.36.0-255,66,180974,10,220172
213,0.003469,172.217.194.0-255,7156,188130,10,220172
214,0.003473,172.31.36.0-255,66,188196,10,220172
215,0.003486,172.31.36.0-255,66,188262,10,220172
216,0.003517,172.217.194.0-255,2184,190446,10,220172
217,0.003522,172.31.36.0-255,66,190512,10,220172
218,0.003534,172.31.36.0-255,66,190578,10,220172
219,0.003539,172.217.194.0-255,4320,194898,10,220172
220,0.003541,172.31.36.0-255,66,194964,10,220172
221,0.003597,172.31.36.0-255,66,195030,10,220172
222,0.003608,172.31.36.0-255,66,195096,10,220172
223,0.003619,172.31.36.0-255,66,195162,10,220172
224,0.003657,172.217.194.0-255,6438,201600,10,220172
225,0.003661,172.31.36.0-255,66,201666,10,220172
226,0.00392,172.217.194.0-255,1484,203150,10,220172
227,0.003926,172.217.194.0-255,2902,206052,10,220172
228,0.003929,172.31.36.0-255,66,206118,10,220172
229,0.003963,172.217.194.0-255,5738,211856,10,220172
230,0.003968,172.31.36.0-255,66,211922,10,220172
231,0.004019,172.31.36.0-255,66,211988,10,220172
232,0.004043,172.217.194.0-255,4320,216308,10,220172
233,0.004047,172.31.36.0-255,66,216374,10,220172
234,0.004059,172.31.36.0-255,66,216440,10,220172
235,0.004071,172.31.36.0-255,66,216506,10,220172
236,0.004074,172.217.194.0-255,105,216611,10,220172
237,0.005346,172.31.36.0-255,66,216677,10,220172
238,0.005373,172.31.36.0-255,105,216782,10,220172
239,0.007391,172.217.194.0-255,66,216848,10,220172
240,0.023953,172.31.36.0-255,172,217020,10,220172
241,0.024003,172.31.36.0-255,1111,218131,10,220172
242,0.02403,172.31.36.0-255,1514,219645,10,220172
243,0.024032,172.31.36.0-255,329,219974,10,220172
244,0.025534,104.244.42.0-255,66,220040,10,220172
245,0.025608,104.244.42.0-255,66,220106,10,220172
246,0.025611,104.244.42.0-255,66,220172,10,220172
247,0.0,74.125.24.0-255,288,288,10,188832
248,2.5e-05,74.125.24.0-255,1484,1772,10,188832
249,3.3e-05,74.125.24.0-255,4320,6092,10,188832
250,6e-05,74.125.24.0-255,5738,11830,10,188832
251,7.7e-05,74.125.24.0-255,3210,15040,10,188832
252,8.3e-05,172.31.36.0-255,66,15106,10,188832
253,9.3e-05,172.31.36.0-255,66,15172,10,188832
254,0.000125,74.125.24.0-255,6797,21969,10,188832
255,0.000165,74.125.24.0-255,7156,29125,10,188832
256,0.000173,74.125.24.0-255,7156,36281,10,188832
257,0.000199,74.125.24.0-255,5738,42019,10,188832
258,0.00023,74.125.24.0-255,2543,44562,10,188832
259,0.000233,74.125.24.0-255,395,44957,10,188832
260,0.00029,74.125.24.0-255,116,45073,10,188832
261,0.000301,172.31.36.0-255,66,45139,10,188832
262,0.000661,74.125.24.0-255,329,45468,10,188832
263,0.001252,74.125.24.0-255,1484,46952,10,188832
264,0.001259,172.31.36.0-255,66,47018,10,188832
265,0.001284,74.125.24.0-255,2902,49920,10,188832
266,0.001292,74.125.24.0-255,5738,55658,10,188832
267,0.001323,74.125.24.0-255,2902,58560,10,188832
268,0.001369,74.125.24.0-255,1484,60044,10,188832
269,0.001381,172.31.36.0-255,66,60110,10,188832
270,0.001391,74.125.24.0-255,7156,67266,10,188832
271,0.00142,74.125.24.0-255,1484,68750,10,188832
272,0.001423,172.31.36.0-255,66,68816,10,188832
273,0.001486,74.125.24.0-255,3602,72418,10,188832
274,0.001498,172.31.36.0-255,66,72484,10,188832
275,0.001561,74.125.24.0-255,1484,73968,10,188832
276,0.001568,74.125.24.0-255,2902,76870,10,188832
277,0.001617,172.31.36.0-255,66,76936,10,188832
278,0.001624,74.125.24.0-255,5738,82674,10,188832
279,0.001648,172.31.36.0-255,66,82740,10,188832
280,0.001709,172.31.36.0-255,66,82806,10,188832
281,0.00172,74.125.24.0-255,1484,84290,10,188832
282,0.001728,74.125.24.0-255,2902,87192,10,188832
283,0.001752,74.125.24.0-255,5738,92930,10,188832
284,0.001772,74.125.24.0-255,5738,98668,10,188832
285,0.001791,74.125.24.0-255,7156,105824,10,188832
286,0.001797,74.125.24.0-255,5738,111562,10,188832
287,0.001799,172.31.36.0-255,66,111628,10,188832
288,0.00181,74.125.24.0-255,1484,113112,10,188832
289,0.001821,172.31.36.0-255,66,113178,10,188832
290,0.001841,74.125.24.0-255,3602,116780,10,188832
291,0.001878,172.31.36.0-255,66,116846,10,188832
292,0.001891,74.125.24.0-255,4320,121166,10,188832
293,0.001904,172.31.36.0-255,66,121232,10,188832
294,0.001914,74.125.24.0-255,5738,126970,10,188832
295,0.001951,74.125.24.0-255,7156,134126,10,188832
296,0.001989,74.125.24.0-255,5020,139146,10,188832
297,0.001998,172.31.36.0-255,66,139212,10,188832
298,0.002003,172.31.36.0-255,66,139278,10,188832
299,0.002036,74.125.24.0-255,1484,140762,10,188832
300,0.00204,74.125.24.0-255,2902,143664,10,188832
301,0.002062,74.125.24.0-255,5738,149402,10,188832
302,0.00208,172.31.36.0-255,66,149468,10,188832
303,0.002114,74.125.24.0-255,766,150234,10,188832
304,0.002121,172.31.36.0-255,66,150300,10,188832
305,0.002203,74.125.24.0-255,1484,151784,10,188832
306,0.002208,74.125.24.0-255,2902,154686,10,188832
307,0.002212,74.125.24.0-255,2902,157588,10,188832
308,0.002224,74.125.24.0-255,2902,160490,10,188832
309,0.002236,74.125.24.0-255,2902,163392,10,188832
310,0.002243,172.31.36.0-255,66,163458,10,188832
311,0.002275,74.125.24.0-255,7156,170614,10,188832
312,0.002291,172.31.36.0-255,66,170680,10,188832
313,0.002311,74.125.24.0-255,7156,177836,10,188832
314,0.002389,172.31.36.0-255,66,177902,10,188832
315,0.002402,74.125.24.0-255,4320,182222,10,188832
316,0.002462,172.31.36.0-255,66,182288,10,188832
317,0.002496,74.125.24.0-255,105,182393,10,188832
318,0.002503,172.31.36.0-255,66,182459,10,188832
319,0.004956,172.31.36.0-255,105,182564,10,188832
320,0.007273,74.125.24.0-255,66,182630,10,188832
321,0.024813,172.31.36.0-255,172,182802,10,188832
322,0.024844,172.31.36.0-255,1111,183913,10,188832
323,0.024905,172.31.36.0-255,1514,185427,10,188832
324,0.024907,172.31.36.0-255,1514,186941,10,188832
325,0.024908,172.31.36.0-255,1514,188455,10,188832
326,0.024909,172.31.36.0-255,113,188568,10,188832
327,0.026415,104.244.42.0-255,66,188634,10,188832
328,0.026431,104.244.42.0-255,66,188700,10,188832
329,0.026523,104.244.42.0-255,66,188766,10,188832
330,0.026525,104.244.42.0-255,66,188832,10,188832
331,0.0,74.125.24.0-255,143,143,10,165531
332,2.3e-05,172.31.36.0-255,66,209,10,165531
333,2.9e-05,74.125.24.0-255,1484,1693,10,165531
334,3.3e-05,172.31.36.0-255,66,1759,10,165531
335,3.8e-05,74.125.24.0-255,2902,4661,10,165531
336,4.7e-05,172.31.36.0-255,66,4727,10,165531
337,5.2e-05,74.125.24.0-255,2902,7629,10,165531
338,5.4e-05,172.31.36.0-255,66,7695,10,165531
339,9.4e-05,74.125.24.0-255,6291,13986,10,165531
340,9.7e-05,172.31.36.0-255,66,14052,10,165531
341,0.000123,74.125.24.0-255,5738,19790,10,165531
342,0.000126,172.31.36.0-255,66,19856,10,165531
343,0.000139,74.125.24.0-255,1484,21340,10,165531
344,0.000141,172.31.36.0-255,66,21406,10,165531
345,0.000152,74.125.24.0-255,7156,28562,10,165531
346,0.000154,172.31.36.0-255,66,28628,10,165531
347,0.000191,74.125.24.0-255,2543,31171,10,165531
348,0.000193,172.31.36.0-255,66,31237,10,165531
349,0.000635,74.125.24.0-255,1484,32721,10,165531
350,0.00064,172.31.36.0-255,66,32787,10,165531
351,0.000646,74.125.24.0-255,2902,35689,10,165531
352,0.000647,172.31.36.0-255,66,35755,10,165531
353,0.000669,74.125.24.0-255,4320,40075,10,165531
354,0.000674,172.31.36.0-255,66,40141,10,165531
355,0.000694,74.125.24.0-255,1484,41625,10,165531
356,0.000696,172.31.36.0-255,66,41691,10,165531
357,0.000723,74.125.24.0-255,6797,48488,10,165531
358,0.000727,172.31.36.0-255,66,48554,10,165531
359,0.000734,74.125.24.0-255,1484,50038,10,165531
360,0.000735,172.31.36.0-255,66,50104,10,165531
361,0.00076,74.125.24.0-255,1484,51588,10,165531
362,0.000762,172.31.36.0-255,66,51654,10,165531
363,0.000767,74.125.24.0-255,4320,55974,10,165531
364,0.000769,172.31.36.0-255,66,56040,10,165531
365,0.000813,172.31.36.0-255,66,56106,10,165531
366,0.000838,74.125.24.0-255,1450,57556,10,165531
367,0.001044,172.31.36.0-255,66,57622,10,165531
368,0.001789,74.125.24.0-255,1484,59106,10,165531
369,0.001799,74.125.24.0-255,2902,62008,10,165531
370,0.001803,172.31.36.0-255,66,62074,10,165531
371,0.001831,74.125.24.0-255,1484,63558,10,165531
372,0.001836,74.125.24.0-255,2902,66460,10,165531
373,0.001838,172.31.36.0-255,66,66526,10,165531
374,0.001866,74.125.24.0-255,5738,72264,10,165531
375,0.001868,172.31.36.0-255,66,72330,10,165531
376,0.001901,172.31.36.0-255,66,72396,10,165531
377,0.001904,74.125.24.0-255,1484,73880,10,165531
378,0.00193,172.31.36.0-255,66,73946,10,165531
379,0.002178,74.125.24.0-255,1484,75430,10,165531
380,0.002206,74.125.24.0-255,2902,78332,10,165531
381,0.002209,172.31.36.0-255,66,78398,10,165531
382,0.002231,74.125.24.0-255,5738,84136,10,165531
383,0.002234,172.31.36.0-255,66,84202,10,165531
384,0.00226,74.125.24.0-255,4320,88522,10,165531
385,0.002263,172.31.36.0-255,66,88588,10,165531
386,0.002294,74.125.24.0-255,6364,94952,10,165531
387,0.002297,172.31.36.0-255,66,95018,10,165531
388,0.002314,172.31.36.0-255,66,95084,10,165531
389,0.002346,172.31.36.0-255,66,95150,10,165531
390,0.002369,74.125.24.0-255,2902,98052,10,165531
391,0.002371,172.31.36.0-255,66,98118,10,165531
392,0.002377,74.125.24.0-255,5020,103138,10,165531
393,0.00238,172.31.36.0-255,66,103204,10,165531
394,0.005037,74.125.24.0-255,5738,108942,10,165531
395,0.005043,172.31.36.0-255,66,109008,10,165531
396,0.007654,74.125.24.0-255,5738,114746,10,165531
397,0.00766,172.31.36.0-255,66,114812,10,165531
398,0.010276,74.125.24.0-255,5738,120550,10,165531
399,0.010287,172.31.36.0-255,66,120616,10,165531
400,0.012891,74.125.24.0-255,5738,126354,10,165531
401,0.012901,172.31.36.0-255,66,126420,10,165531
402,0.015506,74.125.24.0-255,5738,132158,10,165531
403,0.015517,172.31.36.0-255,66,132224,10,165531
404,0.018117,74.125.24.0-255,5738,137962,10,165531
405,0.018128,172.31.36.0-255,66,138028,10,165531
406,0.020744,74.125.24.0-255,5738,143766,10,165531
407,0.020752,172.31.36.0-255,66,143832,10,165531
408,0.022903,172.31.36.0-255,172,144004,10,165531
409,0.022936,172.31.36.0-255,1112,145116,10,165531
410,0.023014,172.31.36.0-255,1514,146630,10,165531
411,0.023016,172.31.36.0-255,1291,147921,10,165531
412,0.023367,74.125.24.0-255,5738,153659,10,165531
413,0.023374,172.31.36.0-255,66,153725,10,165531
414,0.024425,104.244.42.0-255,66,153791,10,165531
415,0.024482,104.244.42.0-255,66,153857,10,165531
416,0.024564,104.244.42.0-255,66,153923,10,165531
417,0.025977,74.125.24.0-255,5738,159661,10,165531
418,0.025983,172.31.36.0-255,66,159727,10,165531
419,0.028599,74.125.24.0-255,5738,165465,10,165531
420,0.028606,172.31.36.0-255,66,165531,10,165531
421,0.0,172.217.27.0-255,161,161,10,235496
422,2e-05,172.31.36.0-255,66,227,10,235496
423,2.6e-05,172.217.27.0-255,1484,1711,10,235496
424,3.2e-05,172.31.36.0-255,66,1777,10,235496
425,3.5e-05,172.217.27.0-255,1484,3261,10,235496
426,3.7e-05,172.31.36.0-255,66,3327,10,235496
427,4.2e-05,172.217.27.0-255,2902,6229,10,235496
428,4.5e-05,172.31.36.0-255,66,6295,10,235496
429,7.4e-05,172.217.27.0-255,5738,12033,10,235496
430,7.7e-05,172.31.36.0-255,66,12099,10,235496
431,9.6e-05,172.217.27.0-255,2902,15001,10,235496
432,9.9e-05,172.31.36.0-255,66,15067,10,235496
433,0.000133,172.217.27.0-255,3463,18530,10,235496
434,0.000137,172.31.36.0-255,66,18596,10,235496
435,0.000145,172.217.27.0-255,7156,25752,10,235496
436,0.000147,172.31.36.0-255,66,25818,10,235496
437,0.000153,172.217.27.0-255,5379,31197,10,235496
438,0.000155,172.31.36.0-255,66,31263,10,235496
439,0.000263,172.217.27.0-255,1484,32747,10,235496
440,0.000267,172.31.36.0-255,66,32813,10,235496
441,0.000272,172.217.27.0-255,2902,35715,10,235496
442,0.000274,172.31.36.0-255,66,35781,10,235496
443,0.000281,172.217.27.0-255,5738,41519,10,235496
444,0.000284,172.31.36.0-255,66,41585,10,235496
445,0.000286,172.217.27.0-255,1484,43069,10,235496
446,0.000288,172.31.36.0-255,66,43135,10,235496
447,0.000305,172.217.27.0-255,5379,48514,10,235496
448,0.000308,172.31.36.0-255,66,48580,10,235496
449,0.000527,172.217.27.0-255,1484,50064,10,235496
450,0.000533,172.31.36.0-255,66,50130,10,235496
451,0.000539,172.217.27.0-255,2902,53032,10,235496
452,0.000542,172.31.36.0-255,66,53098,10,235496
453,0.000548,172.217.27.0-255,5738,58836,10,235496
454,0.00055,172.31.36.0-255,66,58902,10,235496
455,0.000572,172.217.27.0-255,7125,66027,10,235496
456,0.000577,172.31.36.0-255,66,66093,10,235496
457,0.00081,172.217.27.0-255,1484,67577,10,235496
458,0.000817,172.217.27.0-255,2902,70479,10,235496
459,0.00082,172.31.36.0-255,66,70545,10,235496
460,0.000826,172.217.27.0-255,4320,74865,10,235496
461,0.000829,172.31.36.0-255,66,74931,10,235496
462,0.000841,172.217.27.0-255,1484,76415,10,235496
463,0.00086,172.217.27.0-255,4320,80735,10,235496
464,0.000863,172.31.36.0-255,66,80801,10,235496
465,0.000873,172.217.27.0-255,2543,83344,10,235496
466,0.000875,172.31.36.0-255,66,83410,10,235496
467,0.000942,172.217.27.0-255,1484,84894,10,235496
468,0.000948,172.217.27.0-255,2902,87796,10,235496
469,0.00095,172.31.36.0-255,66,87862,10,235496
470,0.000955,172.217.27.0-255,2902,90764,10,235496
471,0.000957,172.31.36.0-255,66,90830,10,235496
472,0.000962,172.217.27.0-255,4320,95150,10,235496
473,0.000965,172.31.36.0-255,66,95216,10,235496
474,0.001025,172.217.27.0-255,5661,100877,10,235496
475,0.001032,172.31.36.0-255,66,100943,10,235496
476,0.001168,172.217.27.0-255,1484,102427,10,235496
477,0.001188,172.217.27.0-255,2902,105329,10,235496
478,0.001191,172.31.36.0-255,66,105395,10,235496
479,0.001195,172.217.27.0-255,1484,106879,10,235496
480,0.001215,172.217.27.0-255,4320,111199,10,235496
481,0.001217,172.31.36.0-255,66,111265,10,235496
482,0.001225,172.217.27.0-255,6132,117397,10,235496
483,0.001227,172.31.36.0-255,66,117463,10,235496
484,0.001266,172.217.27.0-255,2902,120365,10,235496
485,0.001269,172.31.36.0-255,66,120431,10,235496
486,0.001282,172.217.27.0-255,1484,121915,10,235496
487,0.001289,172.217.27.0-255,5738,127653,10,235496
488,0.001291,172.31.36.0-255,66,127719,10,235496
489,0.001316,172.217.27.0-255,4320,132039,10,235496
490,0.00132,172.31.36.0-255,66,132105,10,235496
491,0.001338,172.217.27.0-255,3239,135344,10,235496
492,0.00134,172.31.36.0-255,66,135410,10,235496
493,0.003071,172.217.27.0-255,1484,136894,10,235496
494,0.003098,172.217.27.0-255,4320,141214,10,235496
495,0.003103,172.31.36.0-255,66,141280,10,235496
496,0.004863,172.217.27.0-255,5738,147018,10,235496
497,0.004868,172.31.36.0-255,66,147084,10,235496
498,0.006629,172.217.27.0-255,5738,152822,10,235496
499,0.006632,172.31.36.0-255,66,152888,10,235496
500,0.008406,172.217.27.0-255,5738,158626,10,235496
501,0.008413,172.31.36.0-255,66,158692,10,235496
502,0.010171,172.217.27.0-255,5738,164430,10,235496
503,0.010178,172.31.36.0-255,66,164496,10,235496
504,0.011936,172.217.27.0-255,5738,170234,10,235496
505,0.011944,172.31.36.0-255,66,170300,10,235496
506,0.013753,172.217.27.0-255,5738,176038,10,235496
507,0.013763,172.31.36.0-255,66,176104,10,235496
508,0.015527,172.217.27.0-255,5738,181842,10,235496
509,0.015534,172.31.36.0-255,66,181908,10,235496
510,0.017309,172.217.27.0-255,5738,187646,10,235496
511,0.017316,172.31.36.0-255,66,187712,10,235496
512,0.019071,172.217.27.0-255,5738,193450,10,235496
513,0.019079,172.31.36.0-255,66,193516,10,235496
514,0.020838,172.217.27.0-255,5738,199254,10,235496
515,0.020845,172.31.36.0-255,66,199320,10,235496
516,0.022605,172.217.27.0-255,5738,205058,10,235496
517,0.022612,172.31.36.0-255,66,205124,10,235496
518,0.024375,172.217.27.0-255,5738,210862,10,235496
519,0.024382,172.31.36.0-255,66,210928,10,235496
520,0.026202,172.217.27.0-255,5738,216666,10,235496
521,0.026209,172.31.36.0-255,66,216732,10,235496
522,0.026683,172.31.36.0-255,167,216899,10,235496
523,0.026712,172.31.36.0-255,1112,218011,10,235496
524,0.026832,172.31.36.0-255,1514,219525,10,235496
525,0.026834,172.31.36.0-255,1514,221039,10,235496
526,0.026836,172.31.36.0-255,1514,222553,10,235496
527,0.026869,172.31.36.0-255,1071,223624,10,235496
528,0.02797,172.217.27.0-255,5738,229362,10,235496
529,0.027977,172.31.36.0-255,66,229428,10,235496
530,0.028303,104.244.42.0-255,66,229494,10,235496
531,0.028348,104.244.42.0-255,66,229560,10,235496
532,0.028505,104.244.42.0-255,66,229626,10,235496
533,0.028509,104.244.42.0-255,66,229692,10,235496
534,0.029733,172.217.27.0-255,5738,235430,10,235496
535,0.02974,172.31.36.0-255,66,235496,10,235496
536,0.0,74.125.24.0-255,161,161,10,133763
537,1.6e-05,172.31.36.0-255,66,227,10,133763
538,2.3e-05,74.125.24.0-255,1484,1711,10,133763
539,2.7e-05,172.31.36.0-255,66,1777,10,133763
540,3.3e-05,74.125.24.0-255,2902,4679,10,133763
541,4.5e-05,172.31.36.0-255,66,4745,10,133763
542,5.3e-05,74.125.24.0-255,7156,11901,10,133763
543,5.5e-05,172.31.36.0-255,66,11967,10,133763
544,6e-05,74.125.24.0-255,2049,14016,10,133763
545,6.4e-05,172.31.36.0-255,66,14082,10,133763
546,0.00037,74.125.24.0-255,1484,15566,10,133763
547,0.000376,172.31.36.0-255,66,15632,10,133763
548,0.000383,74.125.24.0-255,2902,18534,10,133763
549,0.000386,172.31.36.0-255,66,18600,10,133763
550,0.000398,74.125.24.0-255,5738,24338,10,133763
551,0.000401,172.31.36.0-255,66,24404,10,133763
552,0.000442,74.125.24.0-255,6797,31201,10,133763
553,0.000445,172.31.36.0-255,66,31267,10,133763
554,0.000771,74.125.24.0-255,1484,32751,10,133763
555,0.000777,172.31.36.0-255,66,32817,10,133763
556,0.000786,74.125.24.0-255,2902,35719,10,133763
557,0.000789,172.31.36.0-255,66,35785,10,133763
558,0.000802,74.125.24.0-255,5738,41523,10,133763
559,0.000805,172.31.36.0-255,66,41589,10,133763
560,0.000809,74.125.24.0-255,1484,43073,10,133763
561,0.000811,172.31.36.0-255,66,43139,10,133763
562,0.000842,74.125.24.0-255,5379,48518,10,133763
563,0.000845,172.31.36.0-255,66,48584,10,133763
564,0.000864,74.125.24.0-255,4320,52904,10,133763
565,0.000866,172.31.36.0-255,66,52970,10,133763
566,0.000872,74.125.24.0-255,5738,58708,10,133763
567,0.000874,172.31.36.0-255,66,58774,10,133763
568,0.000914,74.125.24.0-255,6797,65571,10,133763
569,0.00355,172.31.36.0-255,66,65637,10,133763
570,0.005837,74.125.24.0-255,5738,71375,10,133763
571,0.005843,172.31.36.0-255,66,71441,10,133763
572,0.008164,74.125.24.0-255,5738,77179,10,133763
573,0.008173,172.31.36.0-255,66,77245,10,133763
574,0.010465,74.125.24.0-255,5738,82983,10,133763
575,0.010474,172.31.36.0-255,66,83049,10,133763
576,0.012818,74.125.24.0-255,5738,88787,10,133763
577,0.01283,172.31.36.0-255,66,88853,10,133763
578,0.015132,74.125.24.0-255,5738,94591,10,133763
579,0.015142,172.31.36.0-255,66,94657,10,133763
580,0.01747,74.125.24.0-255,5738,100395,10,133763
581,0.017478,172.31.36.0-255,66,100461,10,133763
582,0.019807,74.125.24.0-255,5738,106199,10,133763
583,0.019815,172.31.36.0-255,66,106265,10,133763
584,0.02213,74.125.24.0-255,5738,112003,10,133763
585,0.022137,172.31.36.0-255,66,112069,10,133763
586,0.024201,172.31.36.0-255,167,112236,10,133763
587,0.024233,172.31.36.0-255,1108,113344,10,133763
588,0.024291,172.31.36.0-255,1514,114858,10,133763
589,0.024293,172.31.36.0-255,1295,116153,10,133763
590,0.024492,74.125.24.0-255,5738,121891,10,133763
591,0.024498,172.31.36.0-255,66,121957,10,133763
592,0.025749,104.244.42.0-255,66,122023,10,133763
593,0.025784,104.244.42.0-255,66,122089,10,133763
594,0.025845,104.244.42.0-255,66,122155,10,133763
595,0.026793,74.125.24.0-255,5738,127893,10,133763
596,0.0268,172.31.36.0-255,66,127959,10,133763
597,0.029142,74.125.24.0-255,5738,133697,10,133763
598,0.029149,172.31.36.0-255,66,133763,10,133763
599,0.0,172.217.194.0-255,152,152,10,227615
600,3.1e-05,172.217.194.0-255,1484,1636,10,227615
601,4.1e-05,172.31.36.0-255,66,1702,10,227615
602,4.8e-05,172.217.194.0-255,2902,4604,10,227615
603,5e-05,172.31.36.0-255,66,4670,10,227615
604,5.3e-05,172.217.194.0-255,1484,6154,10,227615
605,8.3e-05,172.217.194.0-255,5738,11892,10,227615
606,9e-05,172.31.36.0-255,66,11958,10,227615
607,9.4e-05,172.217.194.0-255,2031,13989,10,227615
608,9.7e-05,172.31.36.0-255,66,14055,10,227615
609,0.000135,172.217.194.0-255,1484,15539,10,227615
610,0.000149,172.217.194.0-255,2902,18441,10,227615
611,0.000153,172.31.36.0-255,66,18507,10,227615
612,0.000178,172.217.194.0-255,5738,24245,10,227615
613,0.000181,172.31.36.0-255,66,24311,10,227615
614,0.000196,172.217.194.0-255,2902,27213,10,227615
615,0.000199,172.31.36.0-255,66,27279,10,227615
616,0.000236,172.217.194.0-255,3961,31240,10,227615
617,0.00024,172.31.36.0-255,66,31306,10,227615
618,0.000247,172.217.194.0-255,4320,35626,10,227615
619,0.00025,172.31.36.0-255,66,35692,10,227615
620,0.000291,172.31.36.0-255,66,35758,10,227615
621,0.000296,172.217.194.0-255,2543,38301,10,227615
622,0.0003,172.217.194.0-255,1484,39785,10,227615
623,0.000304,172.217.194.0-255,2902,42687,10,227615
624,0.000312,172.31.36.0-255,66,42753,10,227615
625,0.000314,172.31.36.0-255,66,42819,10,227615
626,0.000347,172.217.194.0-255,5738,48557,10,227615
627,0.000351,172.31.36.0-255,66,48623,10,227615
628,0.000358,172.217.194.0-255,6797,55420,10,227615
629,0.00036,172.31.36.0-255,66,55486,10,227615
630,0.000389,172.217.194.0-255,360,55846,10,227615
631,0.000392,172.217.194.0-255,383,56229,10,227615
632,0.000525,172.217.194.0-255,1484,57713,10,227615
633,0.00053,172.31.36.0-255,66,57779,10,227615
634,0.000536,172.217.194.0-255,2902,60681,10,227615
635,0.000539,172.31.36.0-255,66,60747,10,227615
636,0.000568,172.217.194.0-255,2902,63649,10,227615
637,0.000571,172.31.36.0-255,66,63715,10,227615
638,0.000577,172.217.194.0-255,4320,68035,10,227615
639,0.000579,172.31.36.0-255,66,68101,10,227615
640,0.000611,172.31.36.0-255,66,68167,10,227615
641,0.000618,172.217.194.0-255,4320,72487,10,227615
642,0.00062,172.31.36.0-255,66,72553,10,227615
643,0.00064,172.217.194.0-255,4320,76873,10,227615
644,0.000648,172.31.36.0-255,66,76939,10,227615
645,0.000654,172.217.194.0-255,5020,81959,10,227615
646,0.000657,172.31.36.0-255,66,82025,10,227615
647,0.000974,172.217.194.0-255,1484,83509,10,227615
648,0.000992,172.217.194.0-255,2902,86411,10,227615
649,0.000996,172.31.36.0-255,66,86477,10,227615
650,0.001002,172.217.194.0-255,4320,90797,10,227615
651,0.001004,172.31.36.0-255,66,90863,10,227615
652,0.001026,172.217.194.0-255,1484,92347,10,227615
653,0.001032,172.217.194.0-255,4320,96667,10,227615
654,0.001035,172.31.36.0-255,66,96733,10,227615
655,0.00104,172.217.194.0-255,2902,99635,10,227615
656,0.001042,172.31.36.0-255,66,99701,10,227615
657,0.001083,172.31.36.0-255,66,99767,10,227615
658,0.001093,172.31.36.0-255,66,99833,10,227615
659,0.001124,172.217.194.0-255,5738,105571,10,227615
660,0.001128,172.31.36.0-255,66,105637,10,227615
661,0.001135,172.217.194.0-255,7156,112793,10,227615
662,0.001137,172.31.36.0-255,66,112859,10,227615
663,0.001165,172.217.194.0-255,2902,115761,10,227615
664,0.001169,172.31.36.0-255,66,115827,10,227615
665,0.00119,172.31.36.0-255,66,115893,10,227615
666,0.001229,172.217.194.0-255,2902,118795,10,227615
667,0.001232,172.31.36.0-255,66,118861,10,227615
668,0.001238,172.217.194.0-255,6438,125299,10,227615
669,0.001241,172.31.36.0-255,66,125365,10,227615
670,0.001276,172.217.194.0-255,2902,128267,10,227615
671,0.001279,172.31.36.0-255,66,128333,10,227615
672,0.001285,172.217.194.0-255,4320,132653,10,227615
673,0.001286,172.31.36.0-255,66,132719,10,227615
674,0.001292,172.217.194.0-255,4320,137039,10,227615
675,0.001294,172.31.36.0-255,66,137105,10,227615
676,0.001316,172.217.194.0-255,4320,141425,10,227615
677,0.001319,172.31.36.0-255,66,141491,10,227615
678,0.001331,172.31.36.0-255,66,141557,10,227615
679,0.00137,172.217.194.0-255,2902,144459,10,227615
680,0.001373,172.31.36.0-255,66,144525,10,227615
681,0.001406,172.217.194.0-255,3602,148127,10,227615
682,0.00141,172.31.36.0-255,66,148193,10,227615
683,0.001413,172.217.194.0-255,1484,149677,10,227615
684,0.001437,172.217.194.0-255,2902,152579,10,227615
685,0.00144,172.31.36.0-255,66,152645,10,227615
686,0.001447,172.217.194.0-255,5738,158383,10,227615
687,0.001449,172.31.36.0-255,66,158449,10,227615
688,0.001527,172.31.36.0-255,66,158515,10,227615
689,0.00153,172.217.194.0-255,1484,159999,10,227615
690,0.001541,172.31.36.0-255,66,160065,10,227615
691,0.001595,172.217.194.0-255,1484,161549,10,227615
692,0.001599,172.217.194.0-255,1484,163033,10,227615
693,0.001602,172.31.36.0-255,66,163099,10,227615
694,0.001623,172.217.194.0-255,1484,164583,10,227615
695,0.00163,172.217.194.0-255,5738,170321,10,227615
696,0.001634,172.31.36.0-255,66,170387,10,227615
697,0.001646,172.217.194.0-255,1484,171871,10,227615
698,0.001686,172.31.36.0-255,66,171937,10,227615
699,0.001705,172.31.36.0-255,66,172003,10,227615
700,0.001738,172.31.36.0-255,66,172069,10,227615
701,0.001743,172.217.194.0-255,2902,174971,10,227615
702,0.001746,172.31.36.0-255,66,175037,10,227615
703,0.001779,172.31.36.0-255,66,175103,10,227615
704,0.001791,172.31.36.0-255,66,175169,10,227615
705,0.001819,172.217.194.0-255,2184,177353,10,227615
706,0.001822,172.31.36.0-255,66,177419,10,227615
707,0.001826,172.217.194.0-255,1484,178903,10,227615
708,0.001829,172.217.194.0-255,2902,181805,10,227615
709,0.001831,172.31.36.0-255,66,181871,10,227615
710,0.001854,172.217.194.0-255,5738,187609,10,227615
711,0.001858,172.31.36.0-255,66,187675,10,227615
712,0.001882,172.31.36.0-255,66,187741,10,227615
713,0.001914,172.217.194.0-255,2902,190643,10,227615
714,0.001917,172.31.36.0-255,66,190709,10,227615
715,0.001925,172.217.194.0-255,7156,197865,10,227615
716,0.001949,172.31.36.0-255,66,197931,10,227615
717,0.001974,172.217.194.0-255,3602,201533,10,227615
718,0.002118,172.217.194.0-255,1484,203017,10,227615
719,0.002123,172.217.194.0-255,2902,205919,10,227615
720,0.002127,172.217.194.0-255,2902,208821,10,227615
721,0.002144,172.217.194.0-255,2902,211723,10,227615
722,0.002162,172.217.194.0-255,1484,213207,10,227615
723,0.002199,172.217.194.0-255,1484,214691,10,227615
724,0.002241,172.217.194.0-255,4320,219011,10,227615
725,0.002265,172.217.194.0-255,5738,224749,10,227615
726,0.00232,172.217.194.0-255,1484,226233,10,227615
727,0.002357,172.217.194.0-255,314,226547,10,227615
728,0.002359,172.217.194.0-255,105,226652,10,227615
729,0.005918,172.31.36.0-255,66,226718,10,227615
730,0.005949,172.31.36.0-255,66,226784,10,227615
731,0.005952,172.31.36.0-255,66,226850,10,227615
732,0.005956,172.31.36.0-255,66,226916,10,227615
733,0.005963,172.31.36.0-255,66,226982,10,227615
734,0.005974,172.31.36.0-255,66,227048,10,227615
735,0.005977,172.31.36.0-255,66,227114,10,227615
736,0.00598,172.31.36.0-255,66,227180,10,227615
737,0.005983,172.31.36.0-255,66,227246,10,227615
738,0.005987,172.31.36.0-255,66,227312,10,227615
739,0.005997,172.31.36.0-255,66,227378,10,227615
740,0.007814,172.31.36.0-255,66,227444,10,227615
741,0.007841,172.31.36.0-255,105,227549,10,227615
742,0.010425,172.217.194.0-255,66,227615,10,227615
743,0.0,74.125.24.0-255,153,153,10,218137
744,2.2e-05,172.31.36.0-255,66,219,10,218137
745,2.9e-05,74.125.24.0-255,1484,1703,10,218137
746,3.4e-05,172.31.36.0-255,66,1769,10,218137
747,4.8e-05,74.125.24.0-255,2902,4671,10,218137
748,5.1e-05,172.31.36.0-255,66,4737,10,218137
749,5.9e-05,74.125.24.0-255,7156,11893,10,218137
750,6.2e-05,172.31.36.0-255,66,11959,10,218137
751,6.6e-05,74.125.24.0-255,2066,14025,10,218137
752,6.8e-05,172.31.36.0-255,66,14091,10,218137
753,0.000129,74.125.24.0-255,7156,21247,10,218137
754,0.000133,172.31.36.0-255,66,21313,10,218137
755,0.000141,74.125.24.0-255,7156,28469,10,218137
756,0.000143,172.31.36.0-255,66,28535,10,218137
757,0.000167,74.125.24.0-255,1484,30019,10,218137
758,0.000169,172.31.36.0-255,66,30085,10,218137
759,0.000178,74.125.24.0-255,7156,37241,10,218137
760,0.00018,172.31.36.0-255,66,37307,10,218137
761,0.000222,172.31.36.0-255,66,37373,10,218137
762,0.000227,74.125.24.0-255,2184,39557,10,218137
763,0.000229,172.31.36.0-255,66,39623,10,218137
764,0.000262,74.125.24.0-255,2902,42525,10,218137
765,0.000264,172.31.36.0-255,66,42591,10,218137
766,0.000271,74.125.24.0-255,7156,49747,10,218137
767,0.000274,172.31.36.0-255,66,49813,10,218137
768,0.000284,74.125.24.0-255,4320,54133,10,218137
769,0.000286,172.31.36.0-255,66,54199,10,218137
770,0.000331,74.125.24.0-255,2812,57011,10,218137
771,0.000333,172.31.36.0-255,66,57077,10,218137
772,0.000355,74.125.24.0-255,386,57463,10,218137
773,0.000358,172.31.36.0-255,66,57529,10,218137
774,0.000496,74.125.24.0-255,1484,59013,10,218137
775,0.000503,74.125.24.0-255,2902,61915,10,218137
776,0.000507,172.31.36.0-255,66,61981,10,218137
777,0.000514,74.125.24.0-255,5738,67719,10,218137
778,0.000516,172.31.36.0-255,66,67785,10,218137
779,0.000556,172.31.36.0-255,66,67851,10,218137
780,0.000585,74.125.24.0-255,7156,75007,10,218137
781,0.000587,172.31.36.0-255,66,75073,10,218137
782,0.00061,172.31.36.0-255,66,75139,10,218137
783,0.00079,74.125.24.0-255,1484,76623,10,218137
784,0.000795,74.125.24.0-255,1484,78107,10,218137
785,0.000797,172.31.36.0-255,66,78173,10,218137
786,0.000827,74.125.24.0-255,1484,79657,10,218137
787,0.000834,74.125.24.0-255,5738,85395,10,218137
788,0.000837,172.31.36.0-255,66,85461,10,218137
789,0.000854,172.31.36.0-255,66,85527,10,218137
790,0.000862,74.125.24.0-255,7156,92683,10,218137
791,0.000864,172.31.36.0-255,66,92749,10,218137
792,0.000876,74.125.24.0-255,2902,95651,10,218137
793,0.000878,172.31.36.0-255,66,95717,10,218137
794,0.000914,74.125.24.0-255,7156,102873,10,218137
795,0.000916,172.31.36.0-255,66,102939,10,218137
796,0.000973,172.31.36.0-255,66,103005,10,218137
797,0.000991,172.31.36.0-255,66,103071,10,218137
798,0.001437,74.125.24.0-255,1484,104555,10,218137
799,0.001446,74.125.24.0-255,2902,107457,10,218137
800,0.001451,172.31.36.0-255,66,107523,10,218137
801,0.001455,74.125.24.0-255,1484,109007,10,218137
802,0.001487,74.125.24.0-255,4320,113327,10,218137
803,0.00149,172.31.36.0-255,66,113393,10,218137
804,0.001509,172.31.36.0-255,66,113459,10,218137
805,0.001513,74.125.24.0-255,2902,116361,10,218137
806,0.001516,172.31.36.0-255,66,116427,10,218137
807,0.001556,172.31.36.0-255,66,116493,10,218137
808,0.001802,74.125.24.0-255,1484,117977,10,218137
809,0.00181,74.125.24.0-255,2902,120879,10,218137
810,0.001814,172.31.36.0-255,66,120945,10,218137
811,0.001818,74.125.24.0-255,1484,122429,10,218137
812,0.001841,74.125.24.0-255,4320,126749,10,218137
813,0.001844,172.31.36.0-255,66,126815,10,218137
814,0.001847,74.125.24.0-255,1484,128299,10,218137
815,0.001882,172.31.36.0-255,66,128365,10,218137
816,0.001929,172.31.36.0-255,66,128431,10,218137
817,0.001967,74.125.24.0-255,1484,129915,10,218137
818,0.002,74.125.24.0-255,5738,135653,10,218137
819,0.002003,172.31.36.0-255,66,135719,10,218137
820,0.002019,172.31.36.0-255,66,135785,10,218137
821,0.002029,74.125.24.0-255,4320,140105,10,218137
822,0.002032,172.31.36.0-255,66,140171,10,218137
823,0.002073,172.31.36.0-255,66,140237,10,218137
824,0.002076,74.125.24.0-255,766,141003,10,218137
825,0.002096,172.31.36.0-255,66,141069,10,218137
826,0.002115,74.125.24.0-255,4320,145389,10,218137
827,0.002118,172.31.36.0-255,66,145455,10,218137
828,0.002122,74.125.24.0-255,2902,148357,10,218137
829,0.002124,172.31.36.0-255,66,148423,10,218137
830,0.002168,172.31.36.0-255,66,148489,10,218137
831,0.004385,74.125.24.0-255,5738,154227,10,218137
832,0.004393,172.31.36.0-255,66,154293,10,218137
833,0.006594,74.125.24.0-255,5738,160031,10,218137
834,0.006601,172.31.36.0-255,66,160097,10,218137
835,0.008814,74.125.24.0-255,5738,165835,10,218137
836,0.008822,172.31.36.0-255,66,165901,10,218137
837,0.011011,74.125.24.0-255,5738,171639,10,218137
838,0.011019,172.31.36.0-255,66,171705,10,218137
839,0.013228,74.125.24.0-255,5738,177443,10,218137
840,0.013236,172.31.36.0-255,66,177509,10,218137
841,0.015431,74.125.24.0-255,5738,183247,10,218137
842,0.015438,172.31.36.0-255,66,183313,10,218137
843,0.017604,74.125.24.0-255,5738,189051,10,218137
844,0.017612,172.31.36.0-255,66,189117,10,218137
845,0.019801,74.125.24.0-255,5738,194855,10,218137
846,0.01981,172.31.36.0-255,66,194921,10,218137
847,0.022025,74.125.24.0-255,5738,200659,10,218137
848,0.022032,172.31.36.0-255,66,200725,10,218137
849,0.024214,74.125.24.0-255,5738,206463,10,218137
850,0.024222,172.31.36.0-255,66,206529,10,218137
851,0.026414,74.125.24.0-255,5738,212267,10,218137
852,0.026422,172.31.36.0-255,66,212333,10,218137
853,0.028624,74.125.24.0-255,5738,218071,10,218137
854,0.028632,172.31.36.0-255,66,218137,10,218137
855,0.0,74.125.24.0-255,153,153,10,147645
856,3.4e-05,172.31.36.0-255,66,219,10,147645
857,4.1e-05,74.125.24.0-255,1484,1703,10,147645
858,4.6e-05,172.31.36.0-255,66,1769,10,147645
859,5.9e-05,74.125.24.0-255,2902,4671,10,147645
860,6.3e-05,172.31.36.0-255,66,4737,10,147645
861,7e-05,74.125.24.0-255,7156,11893,10,147645
862,7.3e-05,172.31.36.0-255,66,11959,10,147645
863,7.7e-05,74.125.24.0-255,2055,14014,10,147645
864,7.9e-05,172.31.36.0-255,66,14080,10,147645
865,0.000347,74.125.24.0-255,1484,15564,10,147645
866,0.000351,172.31.36.0-255,66,15630,10,147645
867,0.000357,74.125.24.0-255,2902,18532,10,147645
868,0.00036,172.31.36.0-255,66,18598,10,147645
869,0.000398,74.125.24.0-255,5738,24336,10,147645
870,0.000402,172.31.36.0-255,66,24402,10,147645
871,0.000426,74.125.24.0-255,2902,27304,10,147645
872,0.000429,172.31.36.0-255,66,27370,10,147645
873,0.000455,172.31.36.0-255,66,27436,10,147645
874,0.000459,74.125.24.0-255,1484,28920,10,147645
875,0.000461,172.31.36.0-255,66,28986,10,147645
876,0.000503,172.31.36.0-255,66,29052,10,147645
877,0.001054,74.125.24.0-255,1484,30536,10,147645
878,0.00106,172.31.36.0-255,66,30602,10,147645
879,0.00107,74.125.24.0-255,2902,33504,10,147645
880,0.00108,172.31.36.0-255,66,33570,10,147645
881,0.001084,74.125.24.0-255,1484,35054,10,147645
882,0.001087,172.31.36.0-255,66,35120,10,147645
883,0.001114,74.125.24.0-255,2902,38022,10,147645
884,0.001122,172.31.36.0-255,66,38088,10,147645
885,0.001129,74.125.24.0-255,4320,42408,10,147645
886,0.001155,74.125.24.0-255,5379,47787,10,147645
887,0.001159,74.125.24.0-255,1484,49271,10,147645
888,0.001186,74.125.24.0-255,7156,56427,10,147645
889,0.001215,74.125.24.0-255,2902,59329,10,147645
890,0.001235,74.125.24.0-255,3961,63290,10,147645
891,0.001273,74.125.24.0-255,1484,64774,10,147645
892,0.00128,74.125.24.0-255,2902,67676,10,147645
893,0.001292,74.125.24.0-255,1484,69160,10,147645
894,0.001307,74.125.24.0-255,4320,73480,10,147645
895,0.001327,74.125.24.0-255,5738,79218,10,147645
896,0.001339,74.125.24.0-255,1704,80922,10,147645
897,0.001415,74.125.24.0-255,1484,82406,10,147645
898,0.001433,74.125.24.0-255,2902,85308,10,147645
899,0.001449,74.125.24.0-255,4320,89628,10,147645
900,0.001464,74.125.24.0-255,1484,91112,10,147645
901,0.00147,74.125.24.0-255,2902,94014,10,147645
902,0.001498,74.125.24.0-255,1484,95498,10,147645
903,0.001564,74.125.24.0-255,766,96264,10,147645
904,0.00157,74.125.24.0-255,4320,100584,10,147645
905,0.001608,74.125.24.0-255,563,101147,10,147645
906,0.006619,172.31.36.0-255,66,101213,10,147645
907,0.008956,74.125.24.0-255,5738,106951,10,147645
908,0.008974,172.31.36.0-255,66,107017,10,147645
909,0.011296,74.125.24.0-255,5738,112755,10,147645
910,0.01566,172.31.36.0-255,66,112821,10,147645
911,0.017996,74.125.24.0-255,5738,118559,10,147645
912,0.018015,172.31.36.0-255,66,118625,10,147645
913,0.020359,74.125.24.0-255,5738,124363,10,147645
914,0.020375,172.31.36.0-255,66,124429,10,147645
915,0.022762,74.125.24.0-255,5738,130167,10,147645
916,0.022785,172.31.36.0-255,66,130233,10,147645
917,0.025125,74.125.24.0-255,5738,135971,10,147645
918,0.025144,172.31.36.0-255,66,136037,10,147645
919,0.027494,74.125.24.0-255,5738,141775,10,147645
920,0.027513,172.31.36.0-255,66,141841,10,147645
921,0.029882,74.125.24.0-255,5738,147579,10,147645
922,0.029891,172.31.36.0-255,66,147645,10,147645
923,0.0,74.125.24.0-255,152,152,10,91951
924,2.5e-05,172.31.36.0-255,66,218,10,91951
925,3.2e-05,74.125.24.0-255,1484,1702,10,91951
926,3.7e-05,172.31.36.0-255,66,1768,10,91951
927,4.3e-05,74.125.24.0-255,2902,4670,10,91951
928,5.6e-05,172.31.36.0-255,66,4736,10,91951
929,6.4e-05,74.125.24.0-255,7156,11892,10,91951
930,6.7e-05,172.31.36.0-255,66,11958,10,91951
931,7.2e-05,74.125.24.0-255,2046,14004,10,91951
932,7.4e-05,172.31.36.0-255,66,14070,10,91951
933,8.7e-05,172.31.36.0-255,66,14136,10,91951
934,0.000127,74.125.24.0-255,2902,17038,10,91951
935,0.000129,172.31.36.0-255,66,17104,10,91951
936,0.000135,74.125.24.0-255,5379,22483,10,91951
937,0.000138,172.31.36.0-255,66,22549,10,91951
938,0.000255,74.125.24.0-255,1484,24033,10,91951
939,0.000259,172.31.36.0-255,66,24099,10,91951
940,0.000278,74.125.24.0-255,2902,27001,10,91951
941,0.000281,172.31.36.0-255,66,27067,10,91951
942,0.000286,74.125.24.0-255,4320,31387,10,91951
943,0.000288,172.31.36.0-255,66,31453,10,91951
944,0.000311,74.125.24.0-255,1484,32937,10,91951
945,0.000313,172.31.36.0-255,66,33003,10,91951
946,0.00033,172.31.36.0-255,66,33069,10,91951
947,0.000337,74.125.24.0-255,7156,40225,10,91951
948,0.000339,172.31.36.0-255,66,40291,10,91951
949,0.00036,74.125.24.0-255,2902,43193,10,91951
950,0.000365,172.31.36.0-255,66,43259,10,91951
951,0.00037,74.125.24.0-255,3961,47220,10,91951
952,0.000372,172.31.36.0-255,66,47286,10,91951
953,0.008534,74.125.24.0-255,646,47932,10,91951
954,0.008749,74.125.24.0-255,1484,49416,10,91951
955,0.008758,172.31.36.0-255,66,49482,10,91951
956,0.008767,74.125.24.0-255,2902,52384,10,91951
957,0.011336,74.125.24.0-255,2902,55286,10,91951
958,0.012973,172.31.36.0-255,66,55352,10,91951
959,0.01558,74.125.24.0-255,5738,61090,10,91951
960,0.015591,172.31.36.0-255,66,61156,10,91951
961,0.01818,74.125.24.0-255,5738,66894,10,91951
962,0.018193,172.31.36.0-255,66,66960,10,91951
963,0.020797,74.125.24.0-255,5738,72698,10,91951
964,0.02081,172.31.36.0-255,66,72764,10,91951
965,0.023407,74.125.24.0-255,5738,78502,10,91951
966,0.023414,172.31.36.0-255,66,78568,10,91951
967,0.026025,74.125.24.0-255,4320,82888,10,91951
968,0.026033,172.31.36.0-255,66,82954,10,91951
969,0.026063,74.125.24.0-255,1484,84438,10,91951
970,0.028617,74.125.24.0-255,4320,88758,10,91951
971,0.028625,172.31.36.0-255,66,88824,10,91951
972,0.029703,172.31.36.0-255,172,88996,10,91951
973,0.029737,172.31.36.0-255,1110,90106,10,91951
974,0.0298,172.31.36.0-255,1514,91620,10,91951
975,0.029802,172.31.36.0-255,331,91951,10,91951
976,0.0,74.125.200.0-255,145,145,10,234100
977,2e-05,172.31.36.0-255,66,211,10,234100
978,2.7e-05,74.125.200.0-255,1484,1695,10,234100
979,3.1e-05,172.31.36.0-255,66,1761,10,234100
980,3.7e-05,74.125.200.0-255,2902,4663,10,234100
981,4e-05,172.31.36.0-255,66,4729,10,234100
982,5.1e-05,74.125.200.0-255,2902,7631,10,234100
983,5.3e-05,172.31.36.0-255,66,7697,10,234100
984,6e-05,74.125.200.0-255,4320,12017,10,234100
985,6.2e-05,172.31.36.0-255,66,12083,10,234100
986,0.000108,74.125.200.0-255,2902,14985,10,234100
987,0.000111,172.31.36.0-255,66,15051,10,234100
988,0.000133,74.125.200.0-255,6327,21378,10,234100
989,0.000135,172.31.36.0-255,66,21444,10,234100
990,0.000141,74.125.200.0-255,7156,28600,10,234100
991,0.000143,172.31.36.0-255,66,28666,10,234100
992,0.000169,74.125.200.0-255,2543,31209,10,234100
993,0.000175,172.31.36.0-255,66,31275,10,234100
994,0.000257,74.125.200.0-255,1484,32759,10,234100
995,0.000261,172.31.36.0-255,66,32825,10,234100
996,0.000288,74.125.200.0-255,1484,34309,10,234100
997,0.000291,172.31.36.0-255,66,34375,10,234100
998,0.00032,74.125.200.0-255,1484,35859,10,234100
999,0.000324,172.31.36.0-255,66,35925,10,234100
1000,0.000331,74.125.200.0-255,5738,41663,10,234100
1001,0.000334,172.31.36.0-255,66,41729,10,234100
1002,0.000346,74.125.200.0-255,6797,48526,10,234100
1003,0.000348,172.31.36.0-255,66,48592,10,234100
1004,0.000355,74.125.200.0-255,7156,55748,10,234100
1005,0.000357,172.31.36.0-255,66,55814,10,234100
1006,0.000363,74.125.200.0-255,5738,61552,10,234100
1007,0.000366,172.31.36.0-255,66,61618,10,234100
1008,0.000378,74.125.200.0-255,3961,65579,10,234100
1009,0.00038,172.31.36.0-255,66,65645,10,234100
1010,0.000406,74.125.200.0-255,395,66040,10,234100
1011,0.000408,172.31.36.0-255,66,66106,10,234100
1012,0.000433,74.125.200.0-255,347,66453,10,234100
1013,0.000436,172.31.36.0-255,66,66519,10,234100
1014,0.000812,74.125.200.0-255,1484,68003,10,234100
1015,0.000819,172.31.36.0-255,66,68069,10,234100
1016,0.000824,74.125.200.0-255,1484,69553,10,234100
1017,0.000827,172.31.36.0-255,66,69619,10,234100
1018,0.000859,74.125.200.0-255,1484,71103,10,234100
1019,0.000863,172.31.36.0-255,66,71169,10,234100
1020,0.000871,74.125.200.0-255,5738,76907,10,234100
1021,0.00088,172.31.36.0-255,66,76973,10,234100
1022,0.000883,74.125.200.0-255,1484,78457,10,234100
1023,0.000885,172.31.36.0-255,66,78523,10,234100
1024,0.000889,74.125.200.0-255,2902,81425,10,234100
1025,0.000891,172.31.36.0-255,66,81491,10,234100
1026,0.000894,74.125.200.0-255,1484,82975,10,234100
1027,0.000895,172.31.36.0-255,66,83041,10,234100
1028,0.000927,74.125.200.0-255,4320,87361,10,234100
1029,0.000936,172.31.36.0-255,66,87427,10,234100
1030,0.00094,74.125.200.0-255,2902,90329,10,234100
1031,0.000942,172.31.36.0-255,66,90395,10,234100
1032,0.000947,74.125.200.0-255,4320,94715,10,234100
1033,0.000958,172.31.36.0-255,66,94781,10,234100
1034,0.000989,74.125.200.0-255,6438,101219,10,234100
1035,0.001013,172.31.36.0-255,66,101285,10,234100
1036,0.001654,74.125.200.0-255,1484,102769,10,234100
1037,0.001659,172.31.36.0-255,66,102835,10,234100
1038,0.001667,74.125.200.0-255,2902,105737,10,234100
1039,0.00167,172.31.36.0-255,66,105803,10,234100
1040,0.001681,74.125.200.0-255,4320,110123,10,234100
1041,0.001683,172.31.36.0-255,66,110189,10,234100
1042,0.001728,172.31.36.0-255,66,110255,10,234100
1043,0.001733,74.125.200.0-255,2902,113157,10,234100
1044,0.001735,172.31.36.0-255,66,113223,10,234100
1045,0.001769,74.125.200.0-255,5738,118961,10,234100
1046,0.001774,74.125.200.0-255,4320,123281,10,234100
1047,0.001781,172.31.36.0-255,66,123347,10,234100
1048,0.001791,74.125.200.0-255,3602,126949,10,234100
1049,0.0018,172.31.36.0-255,66,127015,10,234100
1050,0.00198,74.125.200.0-255,1484,128499,10,234100
1051,0.001984,172.31.36.0-255,66,128565,10,234100
1052,0.002009,74.125.200.0-255,2902,131467,10,234100
1053,0.002011,172.31.36.0-255,66,131533,10,234100
1054,0.002035,74.125.200.0-255,2902,134435,10,234100
1055,0.002041,172.31.36.0-255,66,134501,10,234100
1056,0.002066,74.125.200.0-255,4320,138821,10,234100
1057,0.002074,172.31.36.0-255,66,138887,10,234100
1058,0.002094,74.125.200.0-255,7156,146043,10,234100
1059,0.002104,172.31.36.0-255,66,146109,10,234100
1060,0.002131,74.125.200.0-255,5738,151847,10,234100
1061,0.002141,172.31.36.0-255,66,151913,10,234100
1062,0.002175,74.125.200.0-255,4320,156233,10,234100
1063,0.002188,74.125.200.0-255,2902,159135,10,234100
1064,0.002192,74.125.200.0-255,2184,161319,10,234100
1065,0.002202,172.31.36.0-255,66,161385,10,234100
1066,0.004421,74.125.200.0-255,4320,165705,10,234100
1067,0.004426,172.31.36.0-255,66,165771,10,234100
1068,0.004456,74.125.200.0-255,1484,167255,10,234100
1069,0.004458,172.31.36.0-255,66,167321,10,234100
1070,0.006675,74.125.200.0-255,5738,173059,10,234100
1071,0.006683,172.31.36.0-255,66,173125,10,234100
1072,0.008919,74.125.200.0-255,5738,178863,10,234100
1073,0.008928,172.31.36.0-255,66,178929,10,234100
1074,0.011156,74.125.200.0-255,5738,184667,10,234100
1075,0.011166,172.31.36.0-255,66,184733,10,234100
1076,0.013395,74.125.200.0-255,5738,190471,10,234100
1077,0.013401,172.31.36.0-255,66,190537,10,234100
1078,0.015633,74.125.200.0-255,5738,196275,10,234100
1079,0.015643,172.31.36.0-255,66,196341,10,234100
1080,0.017888,74.125.200.0-255,5738,202079,10,234100
1081,0.017897,172.31.36.0-255,66,202145,10,234100
1082,0.020149,74.125.200.0-255,5738,207883,10,234100
1083,0.020156,172.31.36.0-255,66,207949,10,234100
1084,0.021823,172.31.36.0-255,172,208121,10,234100
1085,0.021907,172.31.36.0-255,1112,209233,10,234100
1086,0.021973,172.31.36.0-255,1514,210747,10,234100
1087,0.021975,172.31.36.0-255,1291,212038,10,234100
1088,0.022383,74.125.200.0-255,4320,216358,10,234100
1089,0.022389,172.31.36.0-255,66,216424,10,234100
1090,0.022421,74.125.200.0-255,1484,217908,10,234100
1091,0.023378,104.244.42.0-255,66,217974,10,234100
1092,0.023459,104.244.42.0-255,66,218040,10,234100
1093,0.023513,104.244.42.0-255,66,218106,10,234100
1094,0.0246,74.125.200.0-255,4320,222426,10,234100
1095,0.024604,172.31.36.0-255,66,222492,10,234100
1096,0.026835,74.125.200.0-255,5738,228230,10,234100
1097,0.026888,172.31.36.0-255,66,228296,10,234100
1098,0.029115,74.125.200.0-255,5738,234034,10,234100
1099,0.029124,172.31.36.0-255,66,234100,10,234100
1100,0.0,74.125.24.0-255,151,151,10,147006
1101,4e-05,172.31.36.0-255,66,217,10,147006
1102,4.7e-05,74.125.24.0-255,1484,1701,10,147006
1103,5.2e-05,172.31.36.0-255,66,1767,10,147006
1104,5.8e-05,74.125.24.0-255,2902,4669,10,147006
1105,6e-05,172.31.36.0-255,66,4735,10,147006
1106,6.8e-05,74.125.24.0-255,7156,11891,10,147006
1107,7.2e-05,172.31.36.0-255,66,11957,10,147006
1108,0.000101,74.125.24.0-255,2049,14006,10,147006
1109,0.000104,172.31.36.0-255,66,14072,10,147006
1110,0.000109,74.125.24.0-255,2902,16974,10,147006
1111,0.000112,172.31.36.0-255,66,17040,10,147006
1112,0.000135,172.31.36.0-255,66,17106,10,147006
1113,0.000205,74.125.24.0-255,5738,22844,10,147006
1114,0.000209,172.31.36.0-255,66,22910,10,147006
1115,0.000234,172.31.36.0-255,66,22976,10,147006
1116,0.000342,74.125.24.0-255,766,23742,10,147006
1117,0.000346,172.31.36.0-255,66,23808,10,147006
1118,0.000366,74.125.24.0-255,1484,25292,10,147006
1119,0.000368,172.31.36.0-255,66,25358,10,147006
1120,0.000374,74.125.24.0-255,4320,29678,10,147006
1121,0.000376,172.31.36.0-255,66,29744,10,147006
1122,0.000397,74.125.24.0-255,1484,31228,10,147006
1123,0.000401,172.31.36.0-255,66,31294,10,147006
1124,0.000434,172.31.36.0-255,66,31360,10,147006
1125,0.000485,74.125.24.0-255,1479,32839,10,147006
1126,0.000488,172.31.36.0-255,66,32905,10,147006
1127,0.000506,74.125.24.0-255,1484,34389,10,147006
1128,0.000508,172.31.36.0-255,66,34455,10,147006
1129,0.000522,74.125.24.0-255,2902,37357,10,147006
1130,0.00053,172.31.36.0-255,66,37423,10,147006
1131,0.000534,74.125.24.0-255,1484,38907,10,147006
1132,0.000547,74.125.24.0-255,2902,41809,10,147006
1133,0.000558,172.31.36.0-255,66,41875,10,147006
1134,0.00057,74.125.24.0-255,7156,49031,10,147006
1135,0.000574,172.31.36.0-255,66,49097,10,147006
1136,0.000645,172.31.36.0-255,66,49163,10,147006
1137,0.0007,74.125.24.0-255,2902,52065,10,147006
1138,0.000705,172.31.36.0-255,66,52131,10,147006
1139,0.000717,74.125.24.0-255,5020,57151,10,147006
1140,0.000721,172.31.36.0-255,66,57217,10,147006
1141,0.000761,74.125.24.0-255,1484,58701,10,147006
1142,0.000775,74.125.24.0-255,1749,60450,10,147006
1143,0.00079,172.31.36.0-255,66,60516,10,147006
1144,0.000804,172.31.36.0-255,66,60582,10,147006
1145,0.000911,74.125.24.0-255,2902,63484,10,147006
1146,0.000915,172.31.36.0-255,66,63550,10,147006
1147,0.000972,172.31.36.0-255,66,63616,10,147006
1148,0.001034,74.125.24.0-255,2902,66518,10,147006
1149,0.001037,172.31.36.0-255,66,66584,10,147006
1150,0.001079,172.31.36.0-255,66,66650,10,147006
1151,0.00117,74.125.24.0-255,7156,73806,10,147006
1152,0.001175,172.31.36.0-255,66,73872,10,147006
1153,0.001222,172.31.36.0-255,66,73938,10,147006
1154,0.00124,172.31.36.0-255,66,74004,10,147006
1155,0.00145,74.125.24.0-255,2902,76906,10,147006
1156,0.001456,172.31.36.0-255,66,76972,10,147006
1157,0.001491,172.31.36.0-255,66,77038,10,147006
1158,0.001556,74.125.24.0-255,4320,81358,10,147006
1159,0.001559,172.31.36.0-255,66,81424,10,147006
1160,0.001595,172.31.36.0-255,66,81490,10,147006
1161,0.00162,172.31.36.0-255,66,81556,10,147006
1162,0.001825,74.125.24.0-255,7156,88712,10,147006
1163,0.001829,172.31.36.0-255,66,88778,10,147006
1164,0.001888,172.31.36.0-255,66,88844,10,147006
1165,0.00209,74.125.24.0-255,5738,94582,10,147006
1166,0.002095,172.31.36.0-255,66,94648,10,147006
1167,0.00214,172.31.36.0-255,66,94714,10,147006
1168,0.002354,172.31.36.0-255,66,94780,10,147006
1169,0.002388,172.31.36.0-255,66,94846,10,147006
1170,0.002413,172.31.36.0-255,66,94912,10,147006
1171,0.002621,74.125.24.0-255,5738,100650,10,147006
1172,0.002625,172.31.36.0-255,66,100716,10,147006
1173,0.002668,172.31.36.0-255,66,100782,10,147006
1174,0.005196,74.125.24.0-255,5738,106520,10,147006
1175,0.005204,172.31.36.0-255,66,106586,10,147006
1176,0.007789,74.125.24.0-255,2902,109488,10,147006
1177,0.007793,172.31.36.0-255,66,109554,10,147006
1178,0.007812,74.125.24.0-255,2902,112456,10,147006
1179,0.007814,172.31.36.0-255,66,112522,10,147006
1180,0.010351,74.125.24.0-255,2902,115424,10,147006
1181,0.01036,172.31.36.0-255,66,115490,10,147006
1182,0.010383,74.125.24.0-255,2902,118392,10,147006
1183,0.010389,172.31.36.0-255,66,118458,10,147006
1184,0.012928,74.125.24.0-255,2902,121360,10,147006
1185,0.01294,172.31.36.0-255,66,121426,10,147006
1186,0.012967,74.125.24.0-255,2902,124328,10,147006
1187,0.012971,172.31.36.0-255,66,124394,10,147006
1188,0.015483,74.125.24.0-255,2902,127296,10,147006
1189,0.015504,172.31.36.0-255,66,127362,10,147006
1190,0.015554,74.125.24.0-255,2902,130264,10,147006
1191,0.015558,172.31.36.0-255,66,130330,10,147006
1192,0.018076,74.125.24.0-255,2902,133232,10,147006
1193,0.018085,172.31.36.0-255,66,133298,10,147006
1194,0.018108,74.125.24.0-255,2902,136200,10,147006
1195,0.018111,172.31.36.0-255,66,136266,10,147006
1196,0.020685,74.125.24.0-255,5738,142004,10,147006
1197,0.020702,172.31.36.0-255,66,142070,10,147006
1198,0.023267,74.125.24.0-255,4765,146835,10,147006
1199,0.023277,172.31.36.0-255,66,146901,10,147006
1200,0.028914,172.31.36.0-255,105,147006,10,147006
1201,0.0,74.125.200.0-255,153,153,10,217977
1202,2.3e-05,172.31.36.0-255,66,219,10,217977
1203,3.1e-05,74.125.200.0-255,1484,1703,10,217977
1204,3.5e-05,172.31.36.0-255,66,1769,10,217977
1205,4.1e-05,74.125.200.0-255,2902,4671,10,217977
1206,4.4e-05,172.31.36.0-255,66,4737,10,217977
1207,5e-05,74.125.200.0-255,2902,7639,10,217977
1208,5.3e-05,172.31.36.0-255,66,7705,10,217977
1209,7.9e-05,74.125.200.0-255,4320,12025,10,217977
1210,8.2e-05,172.31.36.0-255,66,12091,10,217977
1211,0.00011,74.125.200.0-255,2038,14129,10,217977
1212,0.000113,172.31.36.0-255,66,14195,10,217977
1213,0.000124,74.125.200.0-255,1484,15679,10,217977
1214,0.000126,172.31.36.0-255,66,15745,10,217977
1215,0.00014,74.125.200.0-255,1484,17229,10,217977
1216,0.000141,172.31.36.0-255,66,17295,10,217977
1217,0.000167,74.125.200.0-255,4320,21615,10,217977
1218,0.000169,172.31.36.0-255,66,21681,10,217977
1219,0.000173,74.125.200.0-255,2902,24583,10,217977
1220,0.000175,172.31.36.0-255,66,24649,10,217977
1221,0.000189,74.125.200.0-255,2902,27551,10,217977
1222,0.000191,172.31.36.0-255,66,27617,10,217977
1223,0.000208,74.125.200.0-255,3961,31578,10,217977
1224,0.000212,172.31.36.0-255,66,31644,10,217977
1225,0.00027,74.125.200.0-255,1484,33128,10,217977
1226,0.000273,172.31.36.0-255,66,33194,10,217977
1227,0.000295,74.125.200.0-255,2902,36096,10,217977
1228,0.000298,172.31.36.0-255,66,36162,10,217977
1229,0.000302,74.125.200.0-255,2902,39064,10,217977
1230,0.000305,172.31.36.0-255,66,39130,10,217977
1231,0.00031,74.125.200.0-255,4320,43450,10,217977
1232,0.000313,172.31.36.0-255,66,43516,10,217977
1233,0.000367,74.125.200.0-255,4320,47836,10,217977
1234,0.000385,74.125.200.0-255,5379,53215,10,217977
1235,0.00039,74.125.200.0-255,4320,57535,10,217977
1236,0.000415,74.125.200.0-255,2902,60437,10,217977
1237,0.000431,74.125.200.0-255,2902,63339,10,217977
1238,0.000449,74.125.200.0-255,2875,66214,10,217977
1239,0.000544,172.31.36.0-255,66,66280,10,217977
1240,0.000754,74.125.200.0-255,111,66391,10,217977
1241,0.001094,172.31.36.0-255,66,66457,10,217977
1242,0.001295,74.125.200.0-255,1484,67941,10,217977
1243,0.001317,74.125.200.0-255,2902,70843,10,217977
1244,0.001329,74.125.200.0-255,1484,72327,10,217977
1245,0.001342,74.125.200.0-255,2902,75229,10,217977
1246,0.001371,74.125.200.0-255,4320,79549,10,217977
1247,0.001382,74.125.200.0-255,1484,81033,10,217977
1248,0.001384,74.125.200.0-255,1484,82517,10,217977
1249,0.00141,74.125.200.0-255,2543,85060,10,217977
1250,0.001438,74.125.200.0-255,5738,90798,10,217977
1251,0.001442,74.125.200.0-255,2902,93700,10,217977
1252,0.001492,74.125.200.0-255,1484,95184,10,217977
1253,0.001514,74.125.200.0-255,2902,98086,10,217977
1254,0.001559,74.125.200.0-255,2543,100629,10,217977
1255,0.001578,74.125.200.0-255,2902,103531,10,217977
1256,0.001597,74.125.200.0-255,2902,106433,10,217977
1257,0.001602,74.125.200.0-255,2902,109335,10,217977
1258,0.001615,74.125.200.0-255,1484,110819,10,217977
1259,0.001634,74.125.200.0-255,7156,117975,10,217977
1260,0.001647,74.125.200.0-255,1484,119459,10,217977
1261,0.001652,74.125.200.0-255,4320,123779,10,217977
1262,0.001724,74.125.200.0-255,2184,125963,10,217977
1263,0.001892,74.125.200.0-255,1484,127447,10,217977
1264,0.001898,74.125.200.0-255,1484,128931,10,217977
1265,0.00191,74.125.200.0-255,1484,130415,10,217977
1266,0.001933,74.125.200.0-255,5738,136153,10,217977
1267,0.00195,74.125.200.0-255,7156,143309,10,217977
1268,0.001968,74.125.200.0-255,2902,146211,10,217977
1269,0.001982,74.125.200.0-255,5738,151949,10,217977
1270,0.001998,74.125.200.0-255,4320,156269,10,217977
1271,0.002018,74.125.200.0-255,3602,159871,10,217977
1272,0.005323,172.31.36.0-255,66,159937,10,217977
1273,0.007666,74.125.200.0-255,5738,165675,10,217977
1274,0.007674,172.31.36.0-255,66,165741,10,217977
1275,0.009999,74.125.200.0-255,5738,171479,10,217977
1276,0.010008,172.31.36.0-255,66,171545,10,217977
1277,0.01235,74.125.200.0-255,5738,177283,10,217977
1278,0.013301,172.31.36.0-255,66,177349,10,217977
1279,0.015634,74.125.200.0-255,5738,183087,10,217977
1280,0.015648,172.31.36.0-255,66,183153,10,217977
1281,0.017996,74.125.200.0-255,5738,188891,10,217977
1282,0.01801,172.31.36.0-255,66,188957,10,217977
1283,0.02036,74.125.200.0-255,5738,194695,10,217977
1284,0.020375,172.31.36.0-255,66,194761,10,217977
1285,0.022704,74.125.200.0-255,5738,200499,10,217977
1286,0.022716,172.31.36.0-255,66,200565,10,217977
1287,0.02505,74.125.200.0-255,5738,206303,10,217977
1288,0.025063,172.31.36.0-255,66,206369,10,217977
1289,0.027396,74.125.200.0-255,5738,212107,10,217977
1290,0.027407,172.31.36.0-255,66,212173,10,217977
1291,0.029733,74.125.200.0-255,5738,217911,10,217977
1292,0.029744,172.31.36.0-255,66,217977,10,217977
1293,0.0,172.217.194.0-255,152,152,10,180783
1294,3.4e-05,172.31.36.0-255,66,218,10,180783
1295,4.1e-05,172.217.194.0-255,1484,1702,10,180783
1296,4.7e-05,172.31.36.0-255,66,1768,10,180783
1297,5.2e-05,172.217.194.0-255,2902,4670,10,180783
1298,5.4e-05,172.31.36.0-255,66,4736,10,180783
1299,6.1e-05,172.217.194.0-255,7156,11892,10,180783
1300,6.3e-05,172.31.36.0-255,66,11958,10,180783
1301,0.00015,172.217.194.0-255,2047,14005,10,180783
1302,0.000154,172.31.36.0-255,66,14071,10,180783
1303,0.000182,172.217.194.0-255,4320,18391,10,180783
1304,0.000186,172.31.36.0-255,66,18457,10,180783
1305,0.000211,172.217.194.0-255,7156,25613,10,180783
1306,0.000214,172.31.36.0-255,66,25679,10,180783
1307,0.000332,172.217.194.0-255,1484,27163,10,180783
1308,0.000337,172.31.36.0-255,66,27229,10,180783
1309,0.000356,172.217.194.0-255,2902,30131,10,180783
1310,0.000359,172.31.36.0-255,66,30197,10,180783
1311,0.000375,172.217.194.0-255,1125,31322,10,180783
1312,0.000379,172.31.36.0-255,66,31388,10,180783
1313,0.000412,172.217.194.0-255,5738,37126,10,180783
1314,0.000415,172.31.36.0-255,66,37192,10,180783
1315,0.000432,172.217.194.0-255,1484,38676,10,180783
1316,0.000435,172.31.36.0-255,66,38742,10,180783
1317,0.00051,172.217.194.0-255,5738,44480,10,180783
1318,0.000515,172.31.36.0-255,66,44546,10,180783
1319,0.000534,172.217.194.0-255,3961,48507,10,180783
1320,0.000537,172.31.36.0-255,66,48573,10,180783
1321,0.000639,172.217.194.0-255,7156,55729,10,180783
1322,0.000643,172.31.36.0-255,66,55795,10,180783
1323,0.000658,172.217.194.0-255,2902,58697,10,180783
1324,0.00066,172.31.36.0-255,66,58763,10,180783
1325,0.000776,172.217.194.0-255,2902,61665,10,180783
1326,0.000785,172.31.36.0-255,66,61731,10,180783
1327,0.000797,172.217.194.0-255,3961,65692,10,180783
1328,0.000803,172.31.36.0-255,66,65758,10,180783
1329,0.001181,172.217.194.0-255,645,66403,10,180783
1330,0.001423,172.217.194.0-255,1484,67887,10,180783
1331,0.001429,172.31.36.0-255,66,67953,10,180783
1332,0.001436,172.217.194.0-255,2902,70855,10,180783
1333,0.001462,172.217.194.0-255,5738,76593,10,180783
1334,0.001537,172.217.194.0-255,4320,80913,10,180783
1335,0.001709,172.217.194.0-255,4320,85233,10,180783
1336,0.001727,172.217.194.0-255,6438,91671,10,180783
1337,0.001854,172.217.194.0-255,2902,94573,10,180783
1338,0.001875,172.217.194.0-255,4320,98893,10,180783
1339,0.002001,172.217.194.0-255,3602,102495,10,180783
1340,0.002326,172.217.194.0-255,5738,108233,10,180783
1341,0.002949,172.217.194.0-255,5738,113971,10,180783
1342,0.003737,172.217.194.0-255,5738,119709,10,180783
1343,0.003817,172.217.194.0-255,4320,124029,10,180783
1344,0.004283,172.31.36.0-255,66,124095,10,180783
1345,0.006584,172.217.194.0-255,5738,129833,10,180783
1346,0.00659,172.31.36.0-255,66,129899,10,180783
1347,0.008867,172.217.194.0-255,5738,135637,10,180783
1348,0.008873,172.31.36.0-255,66,135703,10,180783
1349,0.011158,172.217.194.0-255,5738,141441,10,180783
1350,0.011166,172.31.36.0-255,66,141507,10,180783
1351,0.013452,172.217.194.0-255,5738,147245,10,180783
1352,0.014051,172.31.36.0-255,66,147311,10,180783
1353,0.016311,172.217.194.0-255,4320,151631,10,180783
1354,0.016322,172.31.36.0-255,66,151697,10,180783
1355,0.016352,172.217.194.0-255,1484,153181,10,180783
1356,0.018612,172.217.194.0-255,4320,157501,10,180783
1357,0.018621,172.31.36.0-255,66,157567,10,180783
1358,0.020893,172.217.194.0-255,5738,163305,10,180783
1359,0.021163,172.31.36.0-255,66,163371,10,180783
1360,0.023427,172.217.194.0-255,5738,169109,10,180783
1361,0.023433,172.31.36.0-255,66,169175,10,180783
1362,0.0257,172.217.194.0-255,5738,174913,10,180783
1363,0.025707,172.31.36.0-255,66,174979,10,180783
1364,0.027995,172.217.194.0-255,5738,180717,10,180783
1365,0.028003,172.31.36.0-255,66,180783,10,180783
1366,0.0,74.125.24.0-255,152,152,10,148817
1367,1.6e-05,172.31.36.0-255,66,218,10,148817
1368,2.3e-05,74.125.24.0-255,1484,1702,10,148817
1369,2.7e-05,172.31.36.0-255,66,1768,10,148817
1370,4.4e-05,74.125.24.0-255,2902,4670,10,148817
1371,4.7e-05,172.31.36.0-255,66,4736,10,148817
1372,5.2e-05,74.125.24.0-255,2902,7638,10,148817
1373,5.4e-05,172.31.36.0-255,66,7704,10,148817
1374,8.2e-05,74.125.24.0-255,4320,12024,10,148817
1375,8.5e-05,172.31.36.0-255,66,12090,10,148817
1376,9.7e-05,172.31.36.0-255,66,12156,10,148817
1377,0.000166,74.125.24.0-255,2902,15058,10,148817
1378,0.000169,172.31.36.0-255,66,15124,10,148817
1379,0.000189,74.125.24.0-255,5379,20503,10,148817
1380,0.000193,172.31.36.0-255,66,20569,10,148817
1381,0.000251,74.125.24.0-255,1484,22053,10,148817
1382,0.000254,172.31.36.0-255,66,22119,10,148817
1383,0.00026,74.125.24.0-255,2902,25021,10,148817
1384,0.000262,172.31.36.0-255,66,25087,10,148817
1385,0.000267,74.125.24.0-255,2902,27989,10,148817
1386,0.000269,172.31.36.0-255,66,28055,10,148817
1387,0.000286,74.125.24.0-255,2902,30957,10,148817
1388,0.000288,172.31.36.0-255,66,31023,10,148817
1389,0.000315,74.125.24.0-255,4320,35343,10,148817
1390,0.000318,172.31.36.0-255,66,35409,10,148817
1391,0.000341,172.31.36.0-255,66,35475,10,148817
1392,0.000427,74.125.24.0-255,2902,38377,10,148817
1393,0.00043,172.31.36.0-255,66,38443,10,148817
1394,0.000453,74.125.24.0-255,7074,45517,10,148817
1395,0.000456,172.31.36.0-255,66,45583,10,148817
1396,0.000487,74.125.24.0-255,127,45710,10,148817
1397,0.000501,74.125.24.0-255,347,46057,10,148817
1398,0.000985,172.31.36.0-255,66,46123,10,148817
1399,0.001653,74.125.24.0-255,1484,47607,10,148817
1400,0.001664,74.125.24.0-255,2902,50509,10,148817
1401,0.001669,172.31.36.0-255,66,50575,10,148817
1402,0.001677,74.125.24.0-255,5738,56313,10,148817
1403,0.001679,172.31.36.0-255,66,56379,10,148817
1404,0.00172,74.125.24.0-255,5738,62117,10,148817
1405,0.001722,172.31.36.0-255,66,62183,10,148817
1406,0.001741,74.125.24.0-255,5738,67921,10,148817
1407,0.001743,172.31.36.0-255,66,67987,10,148817
1408,0.00176,74.125.24.0-255,1484,69471,10,148817
1409,0.00183,172.31.36.0-255,66,69537,10,148817
1410,0.001845,74.125.24.0-255,2184,71721,10,148817
1411,0.001847,172.31.36.0-255,66,71787,10,148817
1412,0.003965,74.125.24.0-255,4320,76107,10,148817
1413,0.003968,172.31.36.0-255,66,76173,10,148817
1414,0.003985,74.125.24.0-255,1484,77657,10,148817
1415,0.006116,74.125.24.0-255,4320,81977,10,148817
1416,0.006121,172.31.36.0-255,66,82043,10,148817
1417,0.008252,74.125.24.0-255,4320,86363,10,148817
1418,0.008257,172.31.36.0-255,66,86429,10,148817
1419,0.00827,74.125.24.0-255,1484,87913,10,148817
1420,0.010414,74.125.24.0-255,4320,92233,10,148817
1421,0.010422,172.31.36.0-255,66,92299,10,148817
1422,0.012565,74.125.24.0-255,5738,98037,10,148817
1423,0.012572,172.31.36.0-255,66,98103,10,148817
1424,0.014732,74.125.24.0-255,5738,103841,10,148817
1425,0.014741,172.31.36.0-255,66,103907,10,148817
1426,0.016929,74.125.24.0-255,5738,109645,10,148817
1427,0.016936,172.31.36.0-255,66,109711,10,148817
1428,0.019081,74.125.24.0-255,5738,115449,10,148817
1429,0.019089,172.31.36.0-255,66,115515,10,148817
1430,0.021225,74.125.24.0-255,5738,121253,10,148817
1431,0.021235,172.31.36.0-255,66,121319,10,148817
1432,0.023418,74.125.24.0-255,5738,127057,10,148817
1433,0.023427,172.31.36.0-255,66,127123,10,148817
1434,0.023934,172.31.36.0-255,167,127290,10,148817
1435,0.023968,172.31.36.0-255,1112,128402,10,148817
1436,0.024025,172.31.36.0-255,1514,129916,10,148817
1437,0.024026,172.31.36.0-255,1291,131207,10,148817
1438,0.025577,74.125.24.0-255,5738,136945,10,148817
1439,0.025584,172.31.36.0-255,66,137011,10,148817
1440,0.025665,104.244.42.0-255,66,137077,10,148817
1441,0.025698,104.244.42.0-255,66,137143,10,148817
1442,0.02572,104.244.42.0-255,66,137209,10,148817
1443,0.027735,74.125.24.0-255,5738,142947,10,148817
1444,0.027743,172.31.36.0-255,66,143013,10,148817
1445,0.029901,74.125.24.0-255,5738,148751,10,148817
1446,0.029908,172.31.36.0-255,66,148817,10,148817
1447,0.0,74.125.68.0-255,143,143,10,237773
1448,1.7e-05,172.31.36.0-255,66,209,10,237773
1449,2.4e-05,74.125.68.0-255,1484,1693,10,237773
1450,2.8e-05,172.31.36.0-255,66,1759,10,237773
1451,4.1e-05,74.125.68.0-255,2902,4661,10,237773
1452,4.4e-05,172.31.36.0-255,66,4727,10,237773
1453,5.2e-05,74.125.68.0-255,5738,10465,10,237773
1454,5.6e-05,172.31.36.0-255,66,10531,10,237773
1455,9.3e-05,74.125.68.0-255,3502,14033,10,237773
1456,9.6e-05,172.31.36.0-255,66,14099,10,237773
1457,0.000115,74.125.68.0-255,4320,18419,10,237773
1458,0.000118,172.31.36.0-255,66,18485,10,237773
1459,0.000135,172.31.36.0-255,66,18551,10,237773
1460,0.000139,74.125.68.0-255,2543,21094,10,237773
1461,0.000141,172.31.36.0-255,66,21160,10,237773
1462,0.000221,74.125.68.0-255,1484,22644,10,237773
1463,0.000224,172.31.36.0-255,66,22710,10,237773
1464,0.000254,74.125.68.0-255,2902,25612,10,237773
1465,0.000256,172.31.36.0-255,66,25678,10,237773
1466,0.000263,74.125.68.0-255,5738,31416,10,237773
1467,0.000265,172.31.36.0-255,66,31482,10,237773
1468,0.000273,74.125.68.0-255,1484,32966,10,237773
1469,0.000275,172.31.36.0-255,66,33032,10,237773
1470,0.000313,74.125.68.0-255,5379,38411,10,237773
1471,0.000316,172.31.36.0-255,66,38477,10,237773
1472,0.000324,74.125.68.0-255,7156,45633,10,237773
1473,0.000326,172.31.36.0-255,66,45699,10,237773
1474,0.000341,172.31.36.0-255,66,45765,10,237773
1475,0.000344,74.125.68.0-255,131,45896,10,237773
1476,0.000347,172.31.36.0-255,66,45962,10,237773
1477,0.000396,74.125.68.0-255,347,46309,10,237773
1478,0.000667,74.125.68.0-255,1484,47793,10,237773
1479,0.000673,74.125.68.0-255,2902,50695,10,237773
1480,0.000679,172.31.36.0-255,66,50761,10,237773
1481,0.000683,172.31.36.0-255,66,50827,10,237773
1482,0.000699,74.125.68.0-255,5738,56565,10,237773
1483,0.000702,172.31.36.0-255,66,56631,10,237773
1484,0.000768,172.31.36.0-255,66,56697,10,237773
1485,0.000772,74.125.68.0-255,1484,58181,10,237773
1486,0.000804,172.31.36.0-255,66,58247,10,237773
1487,0.001327,74.125.68.0-255,1484,59731,10,237773
1488,0.001334,74.125.68.0-255,2902,62633,10,237773
1489,0.001337,172.31.36.0-255,66,62699,10,237773
1490,0.001357,74.125.68.0-255,4320,67019,10,237773
1491,0.001359,172.31.36.0-255,66,67085,10,237773
1492,0.001384,74.125.68.0-255,1484,68569,10,237773
1493,0.001418,172.31.36.0-255,66,68635,10,237773
1494,0.001443,74.125.68.0-255,5738,74373,10,237773
1495,0.001445,172.31.36.0-255,66,74439,10,237773
1496,0.001467,74.125.68.0-255,5020,79459,10,237773
1497,0.001472,172.31.36.0-255,66,79525,10,237773
1498,0.001529,74.125.68.0-255,1484,81009,10,237773
1499,0.001534,74.125.68.0-255,2902,83911,10,237773
1500,0.001537,172.31.36.0-255,66,83977,10,237773
1501,0.001562,74.125.68.0-255,5738,89715,10,237773
1502,0.001565,172.31.36.0-255,66,89781,10,237773
1503,0.001601,172.31.36.0-255,66,89847,10,237773
1504,0.001607,74.125.68.0-255,4320,94167,10,237773
1505,0.001609,172.31.36.0-255,66,94233,10,237773
1506,0.001662,74.125.68.0-255,6438,100671,10,237773
1507,0.001666,172.31.36.0-255,66,100737,10,237773
1508,0.001699,74.125.68.0-255,7156,107893,10,237773
1509,0.001702,172.31.36.0-255,66,107959,10,237773
1510,0.001707,74.125.68.0-255,2902,110861,10,237773
1511,0.001709,172.31.36.0-255,66,110927,10,237773
1512,0.001735,74.125.68.0-255,4320,115247,10,237773
1513,0.001737,172.31.36.0-255,66,115313,10,237773
1514,0.001765,74.125.68.0-255,7156,122469,10,237773
1515,0.001767,172.31.36.0-255,66,122535,10,237773
1516,0.001785,172.31.36.0-255,66,122601,10,237773
1517,0.00181,74.125.68.0-255,2184,124785,10,237773
1518,0.001813,172.31.36.0-255,66,124851,10,237773
1519,0.001839,74.125.68.0-255,2902,127753,10,237773
1520,0.001842,172.31.36.0-255,66,127819,10,237773
1521,0.00186,74.125.68.0-255,2902,130721,10,237773
1522,0.001863,172.31.36.0-255,66,130787,10,237773
1523,0.001899,74.125.68.0-255,2902,133689,10,237773
1524,0.001902,172.31.36.0-255,66,133755,10,237773
1525,0.001909,74.125.68.0-255,7156,140911,10,237773
1526,0.001911,172.31.36.0-255,66,140977,10,237773
1527,0.001929,172.31.36.0-255,66,141043,10,237773
1528,0.001959,74.125.68.0-255,3602,144645,10,237773
1529,0.001962,172.31.36.0-255,66,144711,10,237773
1530,0.002064,74.125.68.0-255,1484,146195,10,237773
1531,0.002069,74.125.68.0-255,1484,147679,10,237773
1532,0.002072,172.31.36.0-255,66,147745,10,237773
1533,0.002097,74.125.68.0-255,1484,149229,10,237773
1534,0.002104,74.125.68.0-255,5738,154967,10,237773
1535,0.002107,172.31.36.0-255,66,155033,10,237773
1536,0.002114,74.125.68.0-255,5738,160771,10,237773
1537,0.002144,74.125.68.0-255,7156,167927,10,237773
1538,0.002147,74.125.68.0-255,1484,169411,10,237773
1539,0.002545,172.31.36.0-255,66,169477,10,237773
1540,0.004649,74.125.68.0-255,5738,175215,10,237773
1541,0.004656,172.31.36.0-255,66,175281,10,237773
1542,0.006754,74.125.68.0-255,4320,179601,10,237773
1543,0.006757,172.31.36.0-255,66,179667,10,237773
1544,0.006783,74.125.68.0-255,1484,181151,10,237773
1545,0.008857,74.125.68.0-255,4320,185471,10,237773
1546,0.008861,172.31.36.0-255,66,185537,10,237773
1547,0.01096,74.125.68.0-255,5738,191275,10,237773
1548,0.010967,172.31.36.0-255,66,191341,10,237773
1549,0.013081,74.125.68.0-255,5738,197079,10,237773
1550,0.013088,172.31.36.0-255,66,197145,10,237773
1551,0.0152,74.125.68.0-255,5738,202883,10,237773
1552,0.015208,172.31.36.0-255,66,202949,10,237773
1553,0.017329,74.125.68.0-255,5738,208687,10,237773
1554,0.017336,172.31.36.0-255,66,208753,10,237773
1555,0.019478,74.125.68.0-255,5738,214491,10,237773
1556,0.019487,172.31.36.0-255,66,214557,10,237773
1557,0.021594,74.125.68.0-255,5738,220295,10,237773
1558,0.021601,172.31.36.0-255,66,220361,10,237773
1559,0.023711,74.125.68.0-255,5738,226099,10,237773
1560,0.02372,172.31.36.0-255,66,226165,10,237773
1561,0.025827,74.125.68.0-255,5738,231903,10,237773
1562,0.025835,172.31.36.0-255,66,231969,10,237773
1563,0.027945,74.125.68.0-255,5738,237707,10,237773
1564,0.027953,172.31.36.0-255,66,237773,10,237773
1565,0.0,74.125.24.0-255,153,153,10,183538
1566,2.3e-05,172.31.36.0-255,66,219,10,183538
1567,3.1e-05,74.125.24.0-255,1484,1703,10,183538
1568,3.7e-05,172.31.36.0-255,66,1769,10,183538
1569,5.2e-05,74.125.24.0-255,2902,4671,10,183538
1570,5.6e-05,172.31.36.0-255,66,4737,10,183538
1571,6.4e-05,74.125.24.0-255,5738,10475,10,183538
1572,6.8e-05,172.31.36.0-255,66,10541,10,183538
1573,7.2e-05,74.125.24.0-255,2902,13443,10,183538
1574,7.5e-05,172.31.36.0-255,66,13509,10,183538
1575,0.000118,74.125.24.0-255,6332,19841,10,183538
1576,0.000122,172.31.36.0-255,66,19907,10,183538
1577,0.000139,172.31.36.0-255,66,19973,10,183538
1578,0.000142,74.125.24.0-255,1125,21098,10,183538
1579,0.000145,172.31.36.0-255,66,21164,10,183538
1580,0.000237,74.125.24.0-255,1484,22648,10,183538
1581,0.00024,172.31.36.0-255,66,22714,10,183538
1582,0.000245,74.125.24.0-255,2902,25616,10,183538
1583,0.000248,172.31.36.0-255,66,25682,10,183538
1584,0.000277,74.125.24.0-255,5738,31420,10,183538
1585,0.00028,172.31.36.0-255,66,31486,10,183538
1586,0.000289,74.125.24.0-255,6797,38283,10,183538
1587,0.000291,172.31.36.0-255,66,38349,10,183538
1588,0.000358,172.31.36.0-255,66,38415,10,183538
1589,0.000362,74.125.24.0-255,2809,41224,10,183538
1590,0.000365,172.31.36.0-255,66,41290,10,183538
1591,0.000397,74.125.24.0-255,388,41678,10,183538
1592,0.0004,172.31.36.0-255,66,41744,10,183538
1593,0.001212,74.125.24.0-255,1484,43228,10,183538
1594,0.001219,172.31.36.0-255,66,43294,10,183538
1595,0.001228,74.125.24.0-255,2902,46196,10,183538
1596,0.001231,172.31.36.0-255,66,46262,10,183538
1597,0.001242,74.125.24.0-255,5738,52000,10,183538
1598,0.001245,172.31.36.0-255,66,52066,10,183538
1599,0.001252,74.125.24.0-255,4320,56386,10,183538
1600,0.001254,172.31.36.0-255,66,56452,10,183538
1601,0.001257,74.125.24.0-255,1484,57936,10,183538
1602,0.00126,172.31.36.0-255,66,58002,10,183538
1603,0.001303,172.31.36.0-255,66,58068,10,183538
1604,0.001315,172.31.36.0-255,66,58134,10,183538
1605,0.001363,74.125.24.0-255,1484,59618,10,183538
1606,0.001365,172.31.36.0-255,66,59684,10,183538
1607,0.001371,74.125.24.0-255,2902,62586,10,183538
1608,0.001372,172.31.36.0-255,66,62652,10,183538
1609,0.001384,74.125.24.0-255,4320,66972,10,183538
1610,0.001386,172.31.36.0-255,66,67038,10,183538
1611,0.001408,74.125.24.0-255,1484,68522,10,183538
1612,0.001411,172.31.36.0-255,66,68588,10,183538
1613,0.001422,74.125.24.0-255,5738,74326,10,183538
1614,0.001424,172.31.36.0-255,66,74392,10,183538
1615,0.00144,172.31.36.0-255,66,74458,10,183538
1616,0.001443,74.125.24.0-255,1484,75942,10,183538
1617,0.001445,172.31.36.0-255,66,76008,10,183538
1618,0.001477,74.125.24.0-255,3602,79610,10,183538
1619,0.00148,172.31.36.0-255,66,79676,10,183538
1620,0.001503,74.125.24.0-255,1484,81160,10,183538
1621,0.001506,172.31.36.0-255,66,81226,10,183538
1622,0.001512,74.125.24.0-255,2902,84128,10,183538
1623,0.001515,172.31.36.0-255,66,84194,10,183538
1624,0.001521,74.125.24.0-255,5738,89932,10,183538
1625,0.001524,172.31.36.0-255,66,89998,10,183538
1626,0.001566,172.31.36.0-255,66,90064,10,183538
1627,0.00159,74.125.24.0-255,2902,92966,10,183538
1628,0.001593,172.31.36.0-255,66,93032,10,183538
1629,0.00162,172.31.36.0-255,66,93098,10,183538
1630,0.001706,74.125.24.0-255,1484,94582,10,183538
1631,0.00171,172.31.36.0-255,66,94648,10,183538
1632,0.001716,74.125.24.0-255,2902,97550,10,183538
1633,0.001719,172.31.36.0-255,66,97616,10,183538
1634,0.001725,74.125.24.0-255,4320,101936,10,183538
1635,0.001733,172.31.36.0-255,66,102002,10,183538
1636,0.001759,74.125.24.0-255,1484,103486,10,183538
1637,0.001762,172.31.36.0-255,66,103552,10,183538
1638,0.001782,172.31.36.0-255,66,103618,10,183538
1639,0.001817,172.31.36.0-255,66,103684,10,183538
1640,0.001843,74.125.24.0-255,2184,105868,10,183538
1641,0.001845,172.31.36.0-255,66,105934,10,183538
1642,0.001943,74.125.24.0-255,1484,107418,10,183538
1643,0.001949,172.31.36.0-255,66,107484,10,183538
1644,0.001954,74.125.24.0-255,2902,110386,10,183538
1645,0.001956,172.31.36.0-255,66,110452,10,183538
1646,0.001983,74.125.24.0-255,5738,116190,10,183538
1647,0.001986,172.31.36.0-255,66,116256,10,183538
1648,0.00199,74.125.24.0-255,2902,119158,10,183538
1649,0.001992,172.31.36.0-255,66,119224,10,183538
1650,0.002025,172.31.36.0-255,66,119290,10,183538
1651,0.002062,74.125.24.0-255,1484,120774,10,183538
1652,0.002065,172.31.36.0-255,66,120840,10,183538
1653,0.002081,172.31.36.0-255,66,120906,10,183538
1654,0.002085,74.125.24.0-255,2184,123090,10,183538
1655,0.002087,172.31.36.0-255,66,123156,10,183538
1656,0.002092,74.125.24.0-255,2902,126058,10,183538
1657,0.002094,172.31.36.0-255,66,126124,10,183538
1658,0.002102,74.125.24.0-255,7156,133280,10,183538
1659,0.002105,172.31.36.0-255,66,133346,10,183538
1660,0.002178,172.31.36.0-255,66,133412,10,183538
1661,0.00219,172.31.36.0-255,66,133478,10,183538
1662,0.002218,172.31.36.0-255,66,133544,10,183538
1663,0.002259,172.31.36.0-255,66,133610,10,183538
1664,0.002262,74.125.24.0-255,1484,135094,10,183538
1665,0.002264,172.31.36.0-255,66,135160,10,183538
1666,0.002268,74.125.24.0-255,1484,136644,10,183538
1667,0.002271,172.31.36.0-255,66,136710,10,183538
1668,0.002306,74.125.24.0-255,1484,138194,10,183538
1669,0.002309,172.31.36.0-255,66,138260,10,183538
1670,0.002316,74.125.24.0-255,5738,143998,10,183538
1671,0.002319,172.31.36.0-255,66,144064,10,183538
1672,0.002336,172.31.36.0-255,66,144130,10,183538
1673,0.011349,172.31.36.0-255,66,144196,10,183538
1674,0.012299,74.125.24.0-255,1484,145680,10,183538
1675,0.013682,74.125.24.0-255,4320,150000,10,183538
1676,0.013689,172.31.36.0-255,66,150066,10,183538
1677,0.016023,74.125.24.0-255,5738,155804,10,183538
1678,0.01604,172.31.36.0-255,66,155870,10,183538
1679,0.018381,74.125.24.0-255,5738,161608,10,183538
1680,0.01839,172.31.36.0-255,66,161674,10,183538
1681,0.02075,74.125.24.0-255,4320,165994,10,183538
1682,0.020765,172.31.36.0-255,66,166060,10,183538
1683,0.02077,74.125.24.0-255,1484,167544,10,183538
1684,0.023122,74.125.24.0-255,4320,171864,10,183538
1685,0.023134,172.31.36.0-255,66,171930,10,183538
1686,0.025475,74.125.24.0-255,5738,177668,10,183538
1687,0.025486,172.31.36.0-255,66,177734,10,183538
1688,0.027808,74.125.24.0-255,5738,183472,10,183538
1689,0.027822,172.31.36.0-255,66,183538,10,183538
1690,0.0,74.125.24.0-255,146,146,10,212180
1691,1.3e-05,172.31.36.0-255,66,212,10,212180
1692,2e-05,74.125.24.0-255,1484,1696,10,212180
1693,2.4e-05,172.31.36.0-255,66,1762,10,212180
1694,4.1e-05,74.125.24.0-255,2902,4664,10,212180
1695,4.4e-05,172.31.36.0-255,66,4730,10,212180
1696,6.7e-05,74.125.24.0-255,5738,10468,10,212180
1697,7e-05,172.31.36.0-255,66,10534,10,212180
1698,7.5e-05,74.125.24.0-255,2902,13436,10,212180
1699,7.7e-05,172.31.36.0-255,66,13502,10,212180
1700,0.000102,74.125.24.0-255,3481,16983,10,212180
1701,0.000105,172.31.36.0-255,66,17049,10,212180
1702,0.000119,172.31.36.0-255,66,17115,10,212180
1703,0.000252,74.125.24.0-255,1484,18599,10,212180
1704,0.000257,172.31.36.0-255,66,18665,10,212180
1705,0.000263,74.125.24.0-255,2902,21567,10,212180
1706,0.000265,172.31.36.0-255,66,21633,10,212180
1707,0.000288,74.125.24.0-255,5738,27371,10,212180
1708,0.000291,172.31.36.0-255,66,27437,10,212180
1709,0.000298,74.125.24.0-255,6797,34234,10,212180
1710,0.0003,172.31.36.0-255,66,34300,10,212180
1711,0.000356,172.31.36.0-255,66,34366,10,212180
1712,0.000391,74.125.24.0-255,7071,41437,10,212180
1713,0.000394,172.31.36.0-255,66,41503,10,212180
1714,0.000397,74.125.24.0-255,135,41638,10,212180
1715,0.000399,172.31.36.0-255,66,41704,10,212180
1716,0.000519,74.125.24.0-255,1484,43188,10,212180
1717,0.000524,172.31.36.0-255,66,43254,10,212180
1718,0.000541,74.125.24.0-255,2902,46156,10,212180
1719,0.000543,172.31.36.0-255,66,46222,10,212180
1720,0.000548,74.125.24.0-255,2902,49124,10,212180
1721,0.00055,172.31.36.0-255,66,49190,10,212180
1722,0.000565,74.125.24.0-255,2902,52092,10,212180
1723,0.000568,172.31.36.0-255,66,52158,10,212180
1724,0.000571,74.125.24.0-255,1484,53642,10,212180
1725,0.000594,74.125.24.0-255,2902,56544,10,212180
1726,0.000597,172.31.36.0-255,66,56610,10,212180
1727,0.000614,74.125.24.0-255,6797,63407,10,212180
1728,0.000617,172.31.36.0-255,66,63473,10,212180
1729,0.000652,172.31.36.0-255,66,63539,10,212180
1730,0.00067,74.125.24.0-255,1379,64918,10,212180
1731,0.00091,74.125.24.0-255,1484,66402,10,212180
1732,0.000914,172.31.36.0-255,66,66468,10,212180
1733,0.000938,74.125.24.0-255,2902,69370,10,212180
1734,0.00094,172.31.36.0-255,66,69436,10,212180
1735,0.000947,74.125.24.0-255,5738,75174,10,212180
1736,0.000949,172.31.36.0-255,66,75240,10,212180
1737,0.000965,74.125.24.0-255,4320,79560,10,212180
1738,0.000967,172.31.36.0-255,66,79626,10,212180
1739,0.000973,74.125.24.0-255,5738,85364,10,212180
1740,0.000976,172.31.36.0-255,66,85430,10,212180
1741,0.000979,74.125.24.0-255,1484,86914,10,212180
1742,0.001006,172.31.36.0-255,66,86980,10,212180
1743,0.00101,74.125.24.0-255,2184,89164,10,212180
1744,0.001013,172.31.36.0-255,66,89230,10,212180
1745,0.00119,74.125.24.0-255,1484,90714,10,212180
1746,0.001206,74.125.24.0-255,2902,93616,10,212180
1747,0.001209,172.31.36.0-255,66,93682,10,212180
1748,0.001214,74.125.24.0-255,2902,96584,10,212180
1749,0.001216,172.31.36.0-255,66,96650,10,212180
1750,0.001231,74.125.24.0-255,2902,99552,10,212180
1751,0.001233,172.31.36.0-255,66,99618,10,212180
1752,0.001273,172.31.36.0-255,66,99684,10,212180
1753,0.00128,74.125.24.0-255,5738,105422,10,212180
1754,0.001282,172.31.36.0-255,66,105488,10,212180
1755,0.001321,74.125.24.0-255,5020,110508,10,212180
1756,0.001325,172.31.36.0-255,66,110574,10,212180
1757,0.001705,74.125.24.0-255,1484,112058,10,212180
1758,0.001712,74.125.24.0-255,2902,114960,10,212180
1759,0.001715,172.31.36.0-255,66,115026,10,212180
1760,0.001719,74.125.24.0-255,1484,116510,10,212180
1761,0.001737,74.125.24.0-255,4320,120830,10,212180
1762,0.001739,172.31.36.0-255,66,120896,10,212180
1763,0.001744,74.125.24.0-255,2902,123798,10,212180
1764,0.001746,172.31.36.0-255,66,123864,10,212180
1765,0.001793,172.31.36.0-255,66,123930,10,212180
1766,0.001806,172.31.36.0-255,66,123996,10,212180
1767,0.00184,172.31.36.0-255,66,124062,10,212180
1768,0.001877,172.31.36.0-255,66,124128,10,212180
1769,0.001911,74.125.24.0-255,4320,128448,10,212180
1770,0.001914,172.31.36.0-255,66,128514,10,212180
1771,0.001936,74.125.24.0-255,3602,132116,10,212180
1772,0.001939,172.31.36.0-255,66,132182,10,212180
1773,0.002036,74.125.24.0-255,1484,133666,10,212180
1774,0.002042,74.125.24.0-255,2902,136568,10,212180
1775,0.002045,172.31.36.0-255,66,136634,10,212180
1776,0.002066,74.125.24.0-255,5738,142372,10,212180
1777,0.002068,172.31.36.0-255,66,142438,10,212180
1778,0.002072,74.125.24.0-255,1484,143922,10,212180
1779,0.002091,74.125.24.0-255,4320,148242,10,212180
1780,0.002093,172.31.36.0-255,66,148308,10,212180
1781,0.002101,74.125.24.0-255,1484,149792,10,212180
1782,0.002123,172.31.36.0-255,66,149858,10,212180
1783,0.00213,74.125.24.0-255,5020,154878,10,212180
1784,0.002132,172.31.36.0-255,66,154944,10,212180
1785,0.002221,74.125.24.0-255,1484,156428,10,212180
1786,0.002224,74.125.24.0-255,1484,157912,10,212180
1787,0.002227,172.31.36.0-255,66,157978,10,212180
1788,0.002246,74.125.24.0-255,1484,159462,10,212180
1789,0.002252,74.125.24.0-255,5738,165200,10,212180
1790,0.002255,172.31.36.0-255,66,165266,10,212180
1791,0.00226,74.125.24.0-255,2902,168168,10,212180
1792,0.002262,172.31.36.0-255,66,168234,10,212180
1793,0.002283,172.31.36.0-255,66,168300,10,212180
1794,0.002289,74.125.24.0-255,5738,174038,10,212180
1795,0.002291,172.31.36.0-255,66,174104,10,212180
1796,0.002311,74.125.24.0-255,2902,177006,10,212180
1797,0.002313,172.31.36.0-255,66,177072,10,212180
1798,0.002335,74.125.24.0-255,4320,181392,10,212180
1799,0.002338,172.31.36.0-255,66,181458,10,212180
1800,0.002366,172.31.36.0-255,66,181524,10,212180
1801,0.002404,172.31.36.0-255,66,181590,10,212180
1802,0.002427,172.31.36.0-255,66,181656,10,212180
1803,0.002467,172.31.36.0-255,66,181722,10,212180
1804,0.002485,74.125.24.0-255,2184,183906,10,212180
1805,0.002487,172.31.36.0-255,66,183972,10,212180
1806,0.002611,74.125.24.0-255,1484,185456,10,212180
1807,0.002627,74.125.24.0-255,1484,186940,10,212180
1808,0.00263,172.31.36.0-255,66,187006,10,212180
1809,0.002652,74.125.24.0-255,1484,188490,10,212180
1810,0.002659,74.125.24.0-255,5738,194228,10,212180
1811,0.002662,172.31.36.0-255,66,194294,10,212180
1812,0.002682,74.125.24.0-255,5738,200032,10,212180
1813,0.002684,172.31.36.0-255,66,200098,10,212180
1814,0.002702,74.125.24.0-255,7156,207254,10,212180
1815,0.002705,172.31.36.0-255,66,207320,10,212180
1816,0.002715,172.31.36.0-255,66,207386,10,212180
1817,0.00276,74.125.24.0-255,4320,211706,10,212180
1818,0.002763,172.31.36.0-255,66,211772,10,212180
1819,0.00279,172.31.36.0-255,66,211838,10,212180
1820,0.005504,74.125.24.0-255,105,211943,10,212180
1821,0.006473,172.31.36.0-255,66,212009,10,212180
1822,0.006517,172.31.36.0-255,105,212114,10,212180
1823,0.009224,74.125.24.0-255,66,212180,10,212180
1824,0.0,74.125.24.0-255,179,179,10,163160
1825,2.3e-05,172.31.36.0-255,66,245,10,163160
1826,3.1e-05,74.125.24.0-255,1484,1729,10,163160
1827,3.6e-05,172.31.36.0-255,66,1795,10,163160
1828,4.1e-05,74.125.24.0-255,2902,4697,10,163160
1829,4.5e-05,172.31.36.0-255,66,4763,10,163160
1830,5.3e-05,74.125.24.0-255,7156,11919,10,163160
1831,5.6e-05,172.31.36.0-255,66,11985,10,163160
1832,6.1e-05,74.125.24.0-255,2036,14021,10,163160
1833,6.4e-05,172.31.36.0-255,66,14087,10,163160
1834,6.9e-05,74.125.24.0-255,1484,15571,10,163160
1835,7.2e-05,172.31.36.0-255,66,15637,10,163160
1836,0.000107,172.31.36.0-255,66,15703,10,163160
1837,0.000113,74.125.24.0-255,5379,21082,10,163160
1838,0.000115,172.31.36.0-255,66,21148,10,163160
1839,0.00025,74.125.24.0-255,1484,22632,10,163160
1840,0.000255,172.31.36.0-255,66,22698,10,163160
1841,0.000268,74.125.24.0-255,1484,24182,10,163160
1842,0.00027,172.31.36.0-255,66,24248,10,163160
1843,0.000294,74.125.24.0-255,1484,25732,10,163160
1844,0.000296,172.31.36.0-255,66,25798,10,163160
1845,0.000303,74.125.24.0-255,5738,31536,10,163160
1846,0.000305,172.31.36.0-255,66,31602,10,163160
1847,0.000311,74.125.24.0-255,4320,35922,10,163160
1848,0.000313,172.31.36.0-255,66,35988,10,163160
1849,0.000328,74.125.24.0-255,1484,37472,10,163160
1850,0.00033,172.31.36.0-255,66,37538,10,163160
1851,0.000368,172.31.36.0-255,66,37604,10,163160
1852,0.000374,74.125.24.0-255,4320,41924,10,163160
1853,0.000376,172.31.36.0-255,66,41990,10,163160
1854,0.000396,74.125.24.0-255,2543,44533,10,163160
1855,0.000423,74.125.24.0-255,442,44975,10,163160
1856,0.000488,172.31.36.0-255,66,45041,10,163160
1857,0.000505,74.125.24.0-255,1484,46525,10,163160
1858,0.000509,74.125.24.0-255,1484,48009,10,163160
1859,0.000522,74.125.24.0-255,1484,49493,10,163160
1860,0.000529,74.125.24.0-255,5738,55231,10,163160
1861,0.000567,74.125.24.0-255,6797,62028,10,163160
1862,0.000571,74.125.24.0-255,2902,64930,10,163160
1863,0.000586,74.125.24.0-255,4320,69250,10,163160
1864,0.000594,172.31.36.0-255,66,69316,10,163160
1865,0.000606,74.125.24.0-255,5738,75054,10,163160
1866,0.000623,74.125.24.0-255,4204,79258,10,163160
1867,0.000635,172.31.36.0-255,66,79324,10,163160
1868,0.001108,74.125.24.0-255,1484,80808,10,163160
1869,0.001114,74.125.24.0-255,2902,83710,10,163160
1870,0.001117,172.31.36.0-255,66,83776,10,163160
1871,0.001121,74.125.24.0-255,1484,85260,10,163160
1872,0.00114,74.125.24.0-255,4320,89580,10,163160
1873,0.001146,172.31.36.0-255,66,89646,10,163160
1874,0.001177,172.31.36.0-255,66,89712,10,163160
1875,0.001197,74.125.24.0-255,2902,92614,10,163160
1876,0.00121,74.125.24.0-255,766,93380,10,163160
1877,0.001216,172.31.36.0-255,66,93446,10,163160
1878,0.002224,74.125.24.0-255,1484,94930,10,163160
1879,0.003461,74.125.24.0-255,4320,99250,10,163160
1880,0.003468,172.31.36.0-255,66,99316,10,163160
1881,0.005714,74.125.24.0-255,5738,105054,10,163160
1882,0.005717,172.31.36.0-255,66,105120,10,163160
1883,0.007923,74.125.24.0-255,5738,110858,10,163160
1884,0.007929,172.31.36.0-255,66,110924,10,163160
1885,0.010137,74.125.24.0-255,5738,116662,10,163160
1886,0.010142,172.31.36.0-255,66,116728,10,163160
1887,0.012354,74.125.24.0-255,5738,122466,10,163160
1888,0.012361,172.31.36.0-255,66,122532,10,163160
1889,0.014533,74.125.24.0-255,5738,128270,10,163160
1890,0.014542,172.31.36.0-255,66,128336,10,163160
1891,0.016721,74.125.24.0-255,5738,134074,10,163160
1892,0.016729,172.31.36.0-255,66,134140,10,163160
1893,0.01892,74.125.24.0-255,5738,139878,10,163160
1894,0.01893,172.31.36.0-255,66,139944,10,163160
1895,0.021156,74.125.24.0-255,5738,145682,10,163160
1896,0.021164,172.31.36.0-255,66,145748,10,163160
1897,0.02337,74.125.24.0-255,5738,151486,10,163160
1898,0.023378,172.31.36.0-255,66,151552,10,163160
1899,0.02557,74.125.24.0-255,5738,157290,10,163160
1900,0.025577,172.31.36.0-255,66,157356,10,163160
1901,0.027839,74.125.24.0-255,5738,163094,10,163160
1902,0.027846,172.31.36.0-255,66,163160,10,163160
1903,0.0,74.125.24.0-255,153,153,10,150001
1904,3.3e-05,172.31.36.0-255,66,219,10,150001
1905,4.1e-05,74.125.24.0-255,1484,1703,10,150001
1906,4.5e-05,172.31.36.0-255,66,1769,10,150001
1907,5e-05,74.125.24.0-255,2902,4671,10,150001
1908,6.1e-05,172.31.36.0-255,66,4737,10,150001
1909,6.8e-05,74.125.24.0-255,7156,11893,10,150001
1910,7.1e-05,172.31.36.0-255,66,11959,10,150001
1911,9.8e-05,74.125.24.0-255,2067,14026,10,150001
1912,0.000102,172.31.36.0-255,66,14092,10,150001
1913,0.000194,74.125.24.0-255,1484,15576,10,150001
1914,0.000199,172.31.36.0-255,66,15642,10,150001
1915,0.000204,74.125.24.0-255,2902,18544,10,150001
1916,0.000208,172.31.36.0-255,66,18610,10,150001
1917,0.00021,74.125.24.0-255,1484,20094,10,150001
1918,0.000212,172.31.36.0-255,66,20160,10,150001
1919,0.000245,74.125.24.0-255,5738,25898,10,150001
1920,0.000248,172.31.36.0-255,66,25964,10,150001
1921,0.000275,74.125.24.0-255,5379,31343,10,150001
1922,0.000278,172.31.36.0-255,66,31409,10,150001
1923,0.001137,74.125.24.0-255,1484,32893,10,150001
1924,0.001144,172.31.36.0-255,66,32959,10,150001
1925,0.001154,74.125.24.0-255,2902,35861,10,150001
1926,0.001156,172.31.36.0-255,66,35927,10,150001
1927,0.001176,74.125.24.0-255,5738,41665,10,150001
1928,0.001179,172.31.36.0-255,66,41731,10,150001
1929,0.001198,74.125.24.0-255,4320,46051,10,150001
1930,0.0012,172.31.36.0-255,66,46117,10,150001
1931,0.001224,74.125.24.0-255,2543,48660,10,150001
1932,0.001227,172.31.36.0-255,66,48726,10,150001
1933,0.00124,172.31.36.0-255,66,48792,10,150001
1934,0.001244,74.125.24.0-255,2543,51335,10,150001
1935,0.001336,74.125.24.0-255,364,51699,10,150001
1936,0.002045,74.125.24.0-255,1484,53183,10,150001
1937,0.002066,74.125.24.0-255,2902,56085,10,150001
1938,0.002069,74.125.24.0-255,1484,57569,10,150001
1939,0.002088,74.125.24.0-255,4320,61889,10,150001
1940,0.002109,74.125.24.0-255,5738,67627,10,150001
1941,0.002176,74.125.24.0-255,5738,73365,10,150001
1942,0.002199,74.125.24.0-255,7087,80452,10,150001
1943,0.002204,74.125.24.0-255,5738,86190,10,150001
1944,0.002225,74.125.24.0-255,7156,93346,10,150001
1945,0.005625,172.31.36.0-255,66,93412,10,150001
1946,0.008111,74.125.24.0-255,5738,99150,10,150001
1947,0.008119,172.31.36.0-255,66,99216,10,150001
1948,0.010603,74.125.24.0-255,5738,104954,10,150001
1949,0.010611,172.31.36.0-255,66,105020,10,150001
1950,0.01306,74.125.24.0-255,5738,110758,10,150001
1951,0.013072,172.31.36.0-255,66,110824,10,150001
1952,0.015538,74.125.24.0-255,5738,116562,10,150001
1953,0.015546,172.31.36.0-255,66,116628,10,150001
1954,0.017999,74.125.24.0-255,5738,122366,10,150001
1955,0.018006,172.31.36.0-255,66,122432,10,150001
1956,0.020435,74.125.24.0-255,5738,128170,10,150001
1957,0.020442,172.31.36.0-255,66,128236,10,150001
1958,0.022908,74.125.24.0-255,5738,133974,10,150001
1959,0.022921,172.31.36.0-255,66,134040,10,150001
1960,0.023915,172.31.36.0-255,172,134212,10,150001
1961,0.023948,172.31.36.0-255,1112,135324,10,150001
1962,0.02398,172.31.36.0-255,1514,136838,10,150001
1963,0.023982,172.31.36.0-255,1291,138129,10,150001
1964,0.025361,74.125.24.0-255,5738,143867,10,150001
1965,0.02537,172.31.36.0-255,66,143933,10,150001
1966,0.025606,104.244.42.0-255,66,143999,10,150001
1967,0.025692,104.244.42.0-255,66,144065,10,150001
1968,0.025697,104.244.42.0-255,66,144131,10,150001
1969,0.027806,74.125.24.0-255,4320,148451,10,150001
1970,0.027811,172.31.36.0-255,66,148517,10,150001
1971,0.027842,74.125.24.0-255,1484,150001,10,150001
1972,0.0,74.125.24.0-255,153,153,10,254312
1973,2.2e-05,172.31.36.0-255,66,219,10,254312
1974,2.9e-05,74.125.24.0-255,1484,1703,10,254312
1975,3.3e-05,172.31.36.0-255,66,1769,10,254312
1976,3.8e-05,74.125.24.0-255,2902,4671,10,254312
1977,4e-05,172.31.36.0-255,66,4737,10,254312
1978,5.5e-05,74.125.24.0-255,7156,11893,10,254312
1979,5.9e-05,172.31.36.0-255,66,11959,10,254312
1980,6.3e-05,74.125.24.0-255,2084,14043,10,254312
1981,6.5e-05,172.31.36.0-255,66,14109,10,254312
1982,0.000115,74.125.24.0-255,1484,15593,10,254312
1983,0.000118,172.31.36.0-255,66,15659,10,254312
1984,0.000123,74.125.24.0-255,2902,18561,10,254312
1985,0.000125,172.31.36.0-255,66,18627,10,254312
1986,0.000146,74.125.24.0-255,5738,24365,10,254312
1987,0.000151,172.31.36.0-255,66,24431,10,254312
1988,0.000157,74.125.24.0-255,4320,28751,10,254312
1989,0.000159,172.31.36.0-255,66,28817,10,254312
1990,0.000178,74.125.24.0-255,2543,31360,10,254312
1991,0.00018,172.31.36.0-255,66,31426,10,254312
1992,0.000186,74.125.24.0-255,5738,37164,10,254312
1993,0.000188,172.31.36.0-255,66,37230,10,254312
1994,0.000224,172.31.36.0-255,66,37296,10,254312
1995,0.000228,74.125.24.0-255,2543,39839,10,254312
1996,0.000229,172.31.36.0-255,66,39905,10,254312
1997,0.000254,74.125.24.0-255,5738,45643,10,254312
1998,0.000257,172.31.36.0-255,66,45709,10,254312
1999,0.000284,74.125.24.0-255,5738,51447,10,254312
2000,0.000287,172.31.36.0-255,66,51513,10,254312
2001,0.000311,74.125.24.0-255,5671,57184,10,254312
2002,0.000314,172.31.36.0-255,66,57250,10,254312
2003,0.00041,74.125.24.0-255,384,57634,10,254312
2004,0.000508,74.125.24.0-255,1484,59118,10,254312
2005,0.000512,74.125.24.0-255,1484,60602,10,254312
2006,0.00053,74.125.24.0-255,1484,62086,10,254312
2007,0.000536,74.125.24.0-255,5738,67824,10,254312
2008,0.00056,74.125.24.0-255,4320,72144,10,254312
2009,0.000574,74.125.24.0-255,2543,74687,10,254312
2010,0.000591,74.125.24.0-255,5738,80425,10,254312
2011,0.000605,74.125.24.0-255,1484,81909,10,254312
2012,0.000618,74.125.24.0-255,4320,86229,10,254312
2013,0.00064,74.125.24.0-255,5379,91608,10,254312
2014,0.00067,172.31.36.0-255,66,91674,10,254312
2015,0.000895,74.125.24.0-255,1484,93158,10,254312
2016,0.000901,74.125.24.0-255,1484,94642,10,254312
2017,0.000907,172.31.36.0-255,66,94708,10,254312
2018,0.000932,74.125.24.0-255,1484,96192,10,254312
2019,0.000938,74.125.24.0-255,5738,101930,10,254312
2020,0.000983,172.31.36.0-255,66,101996,10,254312
2021,0.001024,172.31.36.0-255,66,102062,10,254312
2022,0.001079,172.31.36.0-255,66,102128,10,254312
2023,0.001084,172.31.36.0-255,66,102194,10,254312
2024,0.001105,74.125.24.0-255,2184,104378,10,254312
2025,0.001118,172.31.36.0-255,66,104444,10,254312
2026,0.001141,74.125.24.0-255,1484,105928,10,254312
2027,0.001145,74.125.24.0-255,2902,108830,10,254312
2028,0.00115,74.125.24.0-255,4320,113150,10,254312
2029,0.001159,172.31.36.0-255,66,113216,10,254312
2030,0.001167,74.125.24.0-255,1484,114700,10,254312
2031,0.001171,74.125.24.0-255,4320,119020,10,254312
2032,0.00118,172.31.36.0-255,66,119086,10,254312
2033,0.001212,172.31.36.0-255,66,119152,10,254312
2034,0.00123,74.125.24.0-255,7156,126308,10,254312
2035,0.001251,74.125.24.0-255,3602,129910,10,254312
2036,0.001254,172.31.36.0-255,66,129976,10,254312
2037,0.001259,172.31.36.0-255,66,130042,10,254312
2038,0.001267,74.125.24.0-255,2902,132944,10,254312
2039,0.001284,172.31.36.0-255,66,133010,10,254312
2040,0.001301,74.125.24.0-255,4320,137330,10,254312
2041,0.00134,74.125.24.0-255,4320,141650,10,254312
2042,0.001342,74.125.24.0-255,766,142416,10,254312
2043,0.001354,172.31.36.0-255,66,142482,10,254312
2044,0.001432,74.125.24.0-255,1484,143966,10,254312
2045,0.001437,74.125.24.0-255,2902,146868,10,254312
2046,0.001444,172.31.36.0-255,66,146934,10,254312
2047,0.001455,74.125.24.0-255,5738,152672,10,254312
2048,0.001464,74.125.24.0-255,4320,156992,10,254312
2049,0.001505,172.31.36.0-255,66,157058,10,254312
2050,0.001636,74.125.24.0-255,1484,158542,10,254312
2051,0.001652,74.125.24.0-255,2902,161444,10,254312
2052,0.001658,74.125.24.0-255,4320,165764,10,254312
2053,0.001669,172.31.36.0-255,66,165830,10,254312
2054,0.001673,74.125.24.0-255,1484,167314,10,254312
2055,0.001709,74.125.24.0-255,5738,173052,10,254312
2056,0.001722,74.125.24.0-255,4320,177372,10,254312
2057,0.001732,74.125.24.0-255,2184,179556,10,254312
2058,0.001734,172.31.36.0-255,66,179622,10,254312
2059,0.001738,172.31.36.0-255,66,179688,10,254312
2060,0.002312,74.125.24.0-255,1484,181172,10,254312
2061,0.002317,74.125.24.0-255,2902,184074,10,254312
2062,0.00232,172.31.36.0-255,66,184140,10,254312
2063,0.002374,74.125.24.0-255,5738,189878,10,254312
2064,0.002381,74.125.24.0-255,7156,197034,10,254312
2065,0.002387,74.125.24.0-255,4320,201354,10,254312
2066,0.002402,74.125.24.0-255,5738,207092,10,254312
2067,0.002416,74.125.24.0-255,4320,211412,10,254312
2068,0.002419,74.125.24.0-255,2184,213596,10,254312
2069,0.002436,172.31.36.0-255,66,213662,10,254312
2070,0.002446,74.125.24.0-255,4320,217982,10,254312
2071,0.002455,172.31.36.0-255,66,218048,10,254312
2072,0.002464,74.125.24.0-255,1484,219532,10,254312
2073,0.002475,74.125.24.0-255,7156,226688,10,254312
2074,0.002485,74.125.24.0-255,1484,228172,10,254312
2075,0.002526,74.125.24.0-255,4320,232492,10,254312
2076,0.002542,74.125.24.0-255,2902,235394,10,254312
2077,0.002585,74.125.24.0-255,7156,242550,10,254312
2078,0.007911,172.31.36.0-255,66,242616,10,254312
2079,0.008955,172.31.36.0-255,101,242717,10,254312
2080,0.010518,74.125.24.0-255,5738,248455,10,254312
2081,0.010531,172.31.36.0-255,66,248521,10,254312
2082,0.011453,74.125.24.0-255,66,248587,10,254312
2083,0.013061,74.125.24.0-255,5488,254075,10,254312
2084,0.013069,172.31.36.0-255,66,254141,10,254312
2085,0.013377,172.31.36.0-255,105,254246,10,254312
2086,0.019828,74.125.24.0-255,66,254312,10,254312
2087,0.0,74.125.24.0-255,145,145,10,264018
2088,2.8e-05,172.31.36.0-255,66,211,10,264018
2089,5.8e-05,74.125.24.0-255,1484,1695,10,264018
2090,6.2e-05,172.31.36.0-255,66,1761,10,264018
2091,6.8e-05,74.125.24.0-255,2902,4663,10,264018
2092,7.1e-05,172.31.36.0-255,66,4729,10,264018
2093,7.7e-05,74.125.24.0-255,5738,10467,10,264018
2094,7.9e-05,172.31.36.0-255,66,10533,10,264018
2095,9.1e-05,74.125.24.0-255,1484,12017,10,264018
2096,9.4e-05,172.31.36.0-255,66,12083,10,264018
2097,0.0001,74.125.24.0-255,3465,15548,10,264018
2098,0.000103,172.31.36.0-255,66,15614,10,264018
2099,0.000108,74.125.24.0-255,4320,19934,10,264018
2100,0.00011,172.31.36.0-255,66,20000,10,264018
2101,0.000138,172.31.36.0-255,66,20066,10,264018
2102,0.000142,74.125.24.0-255,2543,22609,10,264018
2103,0.000144,172.31.36.0-255,66,22675,10,264018
2104,0.000197,74.125.24.0-255,1484,24159,10,264018
2105,0.0002,172.31.36.0-255,66,24225,10,264018
2106,0.000205,74.125.24.0-255,2902,27127,10,264018
2107,0.000207,172.31.36.0-255,66,27193,10,264018
2108,0.000232,74.125.24.0-255,5738,32931,10,264018
2109,0.000235,172.31.36.0-255,66,32997,10,264018
2110,0.000239,74.125.24.0-255,2902,35899,10,264018
2111,0.00024,172.31.36.0-255,66,35965,10,264018
2112,0.000254,74.125.24.0-255,3961,39926,10,264018
2113,0.000256,172.31.36.0-255,66,39992,10,264018
2114,0.000387,74.125.24.0-255,1484,41476,10,264018
2115,0.000392,172.31.36.0-255,66,41542,10,264018
2116,0.000396,74.125.24.0-255,2902,44444,10,264018
2117,0.000399,172.31.36.0-255,66,44510,10,264018
2118,0.000405,74.125.24.0-255,4320,48830,10,264018
2119,0.000408,172.31.36.0-255,66,48896,10,264018
2120,0.000424,74.125.24.0-255,1484,50380,10,264018
2121,0.000457,74.125.24.0-255,2902,53282,10,264018
2122,0.00046,172.31.36.0-255,66,53348,10,264018
2123,0.000484,74.125.24.0-255,4296,57644,10,264018
2124,0.000488,172.31.36.0-255,66,57710,10,264018
2125,0.000678,74.125.24.0-255,107,57817,10,264018
2126,0.000717,74.125.24.0-255,1484,59301,10,264018
2127,0.000721,172.31.36.0-255,66,59367,10,264018
2128,0.000727,74.125.24.0-255,2902,62269,10,264018
2129,0.000729,172.31.36.0-255,66,62335,10,264018
2130,0.000756,74.125.24.0-255,7156,69491,10,264018
2131,0.000759,172.31.36.0-255,66,69557,10,264018
2132,0.000765,74.125.24.0-255,4320,73877,10,264018
2133,0.000767,172.31.36.0-255,66,73943,10,264018
2134,0.000803,172.31.36.0-255,66,74009,10,264018
2135,0.000809,74.125.24.0-255,5286,79295,10,264018
2136,0.000814,172.31.36.0-255,66,79361,10,264018
2137,0.000885,74.125.24.0-255,1484,80845,10,264018
2138,0.00089,74.125.24.0-255,1484,82329,10,264018
2139,0.000893,172.31.36.0-255,66,82395,10,264018
2140,0.000914,74.125.24.0-255,1484,83879,10,264018
2141,0.00092,74.125.24.0-255,5738,89617,10,264018
2142,0.000924,172.31.36.0-255,66,89683,10,264018
2143,0.000953,172.31.36.0-255,66,89749,10,264018
2144,0.000972,74.125.24.0-255,4320,94069,10,264018
2145,0.000975,172.31.36.0-255,66,94135,10,264018
2146,0.00098,74.125.24.0-255,2902,97037,10,264018
2147,0.000982,172.31.36.0-255,66,97103,10,264018
2148,0.001002,172.31.36.0-255,66,97169,10,264018
2149,0.001052,74.125.24.0-255,1484,98653,10,264018
2150,0.001066,74.125.24.0-255,2902,101555,10,264018
2151,0.001068,172.31.36.0-255,66,101621,10,264018
2152,0.001072,74.125.24.0-255,1484,103105,10,264018
2153,0.00109,74.125.24.0-255,4320,107425,10,264018
2154,0.001094,172.31.36.0-255,66,107491,10,264018
2155,0.001098,74.125.24.0-255,2902,110393,10,264018
2156,0.0011,172.31.36.0-255,66,110459,10,264018
2157,0.001127,172.31.36.0-255,66,110525,10,264018
2158,0.001133,74.125.24.0-255,5738,116263,10,264018
2159,0.001135,172.31.36.0-255,66,116329,10,264018
2160,0.001158,74.125.24.0-255,5020,121349,10,264018
2161,0.00116,172.31.36.0-255,66,121415,10,264018
2162,0.001278,74.125.24.0-255,1484,122899,10,264018
2163,0.001285,74.125.24.0-255,2902,125801,10,264018
2164,0.001288,172.31.36.0-255,66,125867,10,264018
2165,0.001291,74.125.24.0-255,1484,127351,10,264018
2166,0.001311,74.125.24.0-255,4320,131671,10,264018
2167,0.001314,172.31.36.0-255,66,131737,10,264018
2168,0.001322,74.125.24.0-255,7156,138893,10,264018
2169,0.001326,172.31.36.0-255,66,138959,10,264018
2170,0.001348,74.125.24.0-255,7156,146115,10,264018
2171,0.00135,172.31.36.0-255,66,146181,10,264018
2172,0.001371,74.125.24.0-255,7156,153337,10,264018
2173,0.001374,172.31.36.0-255,66,153403,10,264018
2174,0.001378,74.125.24.0-255,2184,155587,10,264018
2175,0.00138,172.31.36.0-255,66,155653,10,264018
2176,0.001734,74.125.24.0-255,1484,157137,10,264018
2177,0.00174,74.125.24.0-255,2902,160039,10,264018
2178,0.001743,172.31.36.0-255,66,160105,10,264018
2179,0.001774,74.125.24.0-255,4320,164425,10,264018
2180,0.001777,172.31.36.0-255,66,164491,10,264018
2181,0.001795,74.125.24.0-255,1484,165975,10,264018
2182,0.001802,74.125.24.0-255,7156,173131,10,264018
2183,0.001805,172.31.36.0-255,66,173197,10,264018
2184,0.001842,74.125.24.0-255,1484,174681,10,264018
2185,0.001872,172.31.36.0-255,66,174747,10,264018
2186,0.001876,74.125.24.0-255,2184,176931,10,264018
2187,0.001878,172.31.36.0-255,66,176997,10,264018
2188,0.001931,74.125.24.0-255,1484,178481,10,264018
2189,0.001935,74.125.24.0-255,1484,179965,10,264018
2190,0.001938,172.31.36.0-255,66,180031,10,264018
2191,0.001955,74.125.24.0-255,1484,181515,10,264018
2192,0.001961,74.125.24.0-255,5738,187253,10,264018
2193,0.001964,172.31.36.0-255,66,187319,10,264018
2194,0.001984,74.125.24.0-255,1484,188803,10,264018
2195,0.002006,74.125.24.0-255,7156,195959,10,264018
2196,0.002009,172.31.36.0-255,66,196025,10,264018
2197,0.002032,74.125.24.0-255,2902,198927,10,264018
2198,0.002034,172.31.36.0-255,66,198993,10,264018
2199,0.002047,172.31.36.0-255,66,199059,10,264018
2200,0.002148,74.125.24.0-255,1484,200543,10,264018
2201,0.002154,74.125.24.0-255,2902,203445,10,264018
2202,0.002157,172.31.36.0-255,66,203511,10,264018
2203,0.002163,74.125.24.0-255,4320,207831,10,264018
2204,0.002166,172.31.36.0-255,66,207897,10,264018
2205,0.00218,74.125.24.0-255,1484,209381,10,264018
2206,0.002186,74.125.24.0-255,7156,216537,10,264018
2207,0.002189,172.31.36.0-255,66,216603,10,264018
2208,0.002207,74.125.24.0-255,5738,222341,10,264018
2209,0.00221,172.31.36.0-255,66,222407,10,264018
2210,0.002233,172.31.36.0-255,66,222473,10,264018
2211,0.002238,74.125.24.0-255,2184,224657,10,264018
2212,0.00224,172.31.36.0-255,66,224723,10,264018
2213,0.002263,74.125.24.0-255,2902,227625,10,264018
2214,0.002266,172.31.36.0-255,66,227691,10,264018
2215,0.00228,74.125.24.0-255,4320,232011,10,264018
2216,0.002283,172.31.36.0-255,66,232077,10,264018
2217,0.002302,74.125.24.0-255,2902,234979,10,264018
2218,0.002305,172.31.36.0-255,66,235045,10,264018
2219,0.002317,172.31.36.0-255,66,235111,10,264018
2220,0.002331,74.125.24.0-255,1484,236595,10,264018
2221,0.002338,74.125.24.0-255,7156,243751,10,264018
2222,0.002341,172.31.36.0-255,66,243817,10,264018
2223,0.002374,172.31.36.0-255,66,243883,10,264018
2224,0.00239,172.31.36.0-255,66,243949,10,264018
2225,0.002428,74.125.24.0-255,7156,251105,10,264018
2226,0.002431,172.31.36.0-255,66,251171,10,264018
2227,0.002443,172.31.36.0-255,66,251237,10,264018
2228,0.002455,172.31.36.0-255,66,251303,10,264018
2229,0.002499,172.31.36.0-255,66,251369,10,264018
2230,0.002504,172.31.36.0-255,66,251435,10,264018
2231,0.004885,74.125.24.0-255,5738,257173,10,264018
2232,0.004893,172.31.36.0-255,66,257239,10,264018
2233,0.007303,74.125.24.0-255,5738,262977,10,264018
2234,0.007309,172.31.36.0-255,66,263043,10,264018
2235,0.009691,74.125.24.0-255,738,263781,10,264018
2236,0.010224,172.31.36.0-255,66,263847,10,264018
2237,0.010253,172.31.36.0-255,105,263952,10,264018
2238,0.012602,74.125.24.0-255,66,264018,10,264018
2239,0.0,74.125.130.0-255,153,153,10,229098
2240,2.1e-05,172.31.36.0-255,66,219,10,229098
2241,2.8e-05,74.125.130.0-255,1484,1703,10,229098
2242,3.3e-05,172.31.36.0-255,66,1769,10,229098
2243,3.9e-05,74.125.130.0-255,2902,4671,10,229098
2244,4.1e-05,172.31.36.0-255,66,4737,10,229098
2245,4.9e-05,74.125.130.0-255,5738,10475,10,229098
2246,5.2e-05,172.31.36.0-255,66,10541,10,229098
2247,9.4e-05,74.125.130.0-255,6324,16865,10,229098
2248,9.7e-05,172.31.36.0-255,66,16931,10,229098
2249,0.0001,74.125.130.0-255,1484,18415,10,229098
2250,0.000103,172.31.36.0-255,66,18481,10,229098
2251,0.00014,74.125.130.0-255,2902,21383,10,229098
2252,0.000143,172.31.36.0-255,66,21449,10,229098
2253,0.000147,74.125.130.0-255,2902,24351,10,229098
2254,0.00015,172.31.36.0-255,66,24417,10,229098
2255,0.000168,74.125.130.0-255,4320,28737,10,229098
2256,0.000171,172.31.36.0-255,66,28803,10,229098
2257,0.000204,74.125.130.0-255,2543,31346,10,229098
2258,0.000206,172.31.36.0-255,66,31412,10,229098
2259,0.000444,74.125.130.0-255,1484,32896,10,229098
2260,0.000449,172.31.36.0-255,66,32962,10,229098
2261,0.000454,74.125.130.0-255,1484,34446,10,229098
2262,0.000473,172.31.36.0-255,66,34512,10,229098
2263,0.000479,74.125.130.0-255,2902,37414,10,229098
2264,0.000483,172.31.36.0-255,66,37480,10,229098
2265,0.000514,74.125.130.0-255,5738,43218,10,229098
2266,0.000517,172.31.36.0-255,66,43284,10,229098
2267,0.00052,74.125.130.0-255,1484,44768,10,229098
2268,0.000522,172.31.36.0-255,66,44834,10,229098
2269,0.000572,172.31.36.0-255,66,44900,10,229098
2270,0.000592,74.125.130.0-255,2902,47802,10,229098
2271,0.000606,74.125.130.0-255,5738,53540,10,229098
2272,0.000624,74.125.130.0-255,2902,56442,10,229098
2273,0.000663,74.125.130.0-255,1125,57567,10,229098
2274,0.000704,74.125.130.0-255,362,57929,10,229098
2275,0.000819,172.31.36.0-255,66,57995,10,229098
2276,0.000916,74.125.130.0-255,1484,59479,10,229098
2277,0.000924,74.125.130.0-255,2902,62381,10,229098
2278,0.000935,74.125.130.0-255,1484,63865,10,229098
2279,0.000947,74.125.130.0-255,2902,66767,10,229098
2280,0.00095,172.31.36.0-255,66,66833,10,229098
2281,0.000956,172.31.36.0-255,66,66899,10,229098
2282,0.000966,74.125.130.0-255,2902,69801,10,229098
2283,0.000981,172.31.36.0-255,66,69867,10,229098
2284,0.000994,74.125.130.0-255,5738,75605,10,229098
2285,0.001,74.125.130.0-255,5738,81343,10,229098
2286,0.001007,74.125.130.0-255,7156,88499,10,229098
2287,0.001013,172.31.36.0-255,66,88565,10,229098
2288,0.00103,74.125.130.0-255,3602,92167,10,229098
2289,0.001048,172.31.36.0-255,66,92233,10,229098
2290,0.001062,74.125.130.0-255,380,92613,10,229098
2291,0.001176,74.125.130.0-255,1484,94097,10,229098
2292,0.001198,74.125.130.0-255,2902,96999,10,229098
2293,0.001201,74.125.130.0-255,1484,98483,10,229098
2294,0.00122,74.125.130.0-255,4320,102803,10,229098
2295,0.001228,172.31.36.0-255,66,102869,10,229098
2296,0.001245,74.125.130.0-255,5738,108607,10,229098
2297,0.001258,172.31.36.0-255,66,108673,10,229098
2298,0.001275,74.125.130.0-255,4320,112993,10,229098
2299,0.00129,74.125.130.0-255,2184,115177,10,229098
2300,0.001337,172.31.36.0-255,66,115243,10,229098
2301,0.001379,74.125.130.0-255,1484,116727,10,229098
2302,0.001394,74.125.130.0-255,2902,119629,10,229098
2303,0.001408,74.125.130.0-255,1484,121113,10,229098
2304,0.00142,172.31.36.0-255,66,121179,10,229098
2305,0.001426,74.125.130.0-255,4320,125499,10,229098
2306,0.001438,172.31.36.0-255,66,125565,10,229098
2307,0.001466,74.125.130.0-255,4320,129885,10,229098
2308,0.001478,172.31.36.0-255,66,129951,10,229098
2309,0.00149,74.125.130.0-255,7156,137107,10,229098
2310,0.001493,74.125.130.0-255,2184,139291,10,229098
2311,0.001504,172.31.36.0-255,66,139357,10,229098
2312,0.001852,74.125.130.0-255,1484,140841,10,229098
2313,0.001873,74.125.130.0-255,2902,143743,10,229098
2314,0.001876,172.31.36.0-255,66,143809,10,229098
2315,0.001883,74.125.130.0-255,5738,149547,10,229098
2316,0.001898,74.125.130.0-255,2902,152449,10,229098
2317,0.0019,74.125.130.0-255,1484,153933,10,229098
2318,0.001905,172.31.36.0-255,66,153999,10,229098
2319,0.001918,74.125.130.0-255,2902,156901,10,229098
2320,0.001921,74.125.130.0-255,1484,158385,10,229098
2321,0.001937,74.125.130.0-255,7156,165541,10,229098
2322,0.001942,74.125.130.0-255,4320,169861,10,229098
2323,0.001952,74.125.130.0-255,1484,171345,10,229098
2324,0.00196,172.31.36.0-255,66,171411,10,229098
2325,0.00199,74.125.130.0-255,2184,173595,10,229098
2326,0.00201,172.31.36.0-255,66,173661,10,229098
2327,0.002574,172.31.36.0-255,101,173762,10,229098
2328,0.004139,74.125.130.0-255,2902,176664,10,229098
2329,0.004146,172.31.36.0-255,66,176730,10,229098
2330,0.004203,74.125.130.0-255,2902,179632,10,229098
2331,0.004693,74.125.130.0-255,66,179698,10,229098
2332,0.006292,74.125.130.0-255,2902,182600,10,229098
2333,0.010365,172.31.36.0-255,66,182666,10,229098
2334,0.012509,74.125.130.0-255,5738,188404,10,229098
2335,0.012517,172.31.36.0-255,66,188470,10,229098
2336,0.014782,74.125.130.0-255,5738,194208,10,229098
2337,0.015565,172.31.36.0-255,66,194274,10,229098
2338,0.017719,74.125.130.0-255,5738,200012,10,229098
2339,0.017726,172.31.36.0-255,66,200078,10,229098
2340,0.019893,74.125.130.0-255,5738,205816,10,229098
2341,0.019903,172.31.36.0-255,66,205882,10,229098
2342,0.022057,74.125.130.0-255,5738,211620,10,229098
2343,0.022065,172.31.36.0-255,66,211686,10,229098
2344,0.024261,74.125.130.0-255,5738,217424,10,229098
2345,0.02428,172.31.36.0-255,66,217490,10,229098
2346,0.026455,74.125.130.0-255,5738,223228,10,229098
2347,0.026463,172.31.36.0-255,66,223294,10,229098
2348,0.028636,74.125.130.0-255,5738,229032,10,229098
2349,0.028644,172.31.36.0-255,66,229098,10,229098
2350,0.0,74.125.68.0-255,66,66,10,66
2351,0.0,74.125.24.0-255,297,297,10,270964
2352,2.6e-05,74.125.24.0-255,1484,1781,10,270964
2353,3.6e-05,172.31.36.0-255,66,1847,10,270964
2354,4.5e-05,74.125.24.0-255,4320,6167,10,270964
2355,4.8e-05,172.31.36.0-255,66,6233,10,270964
2356,8.3e-05,74.125.24.0-255,7156,13389,10,270964
2357,8.7e-05,172.31.36.0-255,66,13455,10,270964
2358,0.0001,74.125.24.0-255,424,13879,10,270964
2359,0.000112,74.125.24.0-255,2902,16781,10,270964
2360,0.000115,172.31.36.0-255,66,16847,10,270964
2361,0.000135,74.125.24.0-255,5738,22585,10,270964
2362,0.000139,172.31.36.0-255,66,22651,10,270964
2363,0.000146,74.125.24.0-255,7156,29807,10,270964
2364,0.000148,172.31.36.0-255,66,29873,10,270964
2365,0.00017,74.125.24.0-255,1125,30998,10,270964
2366,0.00091,74.125.24.0-255,1484,32482,10,270964
2367,0.000917,172.31.36.0-255,66,32548,10,270964
2368,0.000926,74.125.24.0-255,2902,35450,10,270964
2369,0.000929,172.31.36.0-255,66,35516,10,270964
2370,0.000935,74.125.24.0-255,5738,41254,10,270964
2371,0.000938,172.31.36.0-255,66,41320,10,270964
2372,0.000981,74.125.24.0-255,4320,45640,10,270964
2373,0.000985,172.31.36.0-255,66,45706,10,270964
2374,0.001006,74.125.24.0-255,2543,48249,10,270964
2375,0.001009,172.31.36.0-255,66,48315,10,270964
2376,0.001015,74.125.24.0-255,5738,54053,10,270964
2377,0.001017,172.31.36.0-255,66,54119,10,270964
2378,0.001059,74.125.24.0-255,7156,61275,10,270964
2379,0.001062,172.31.36.0-255,66,61341,10,270964
2380,0.001084,74.125.24.0-255,4231,65572,10,270964
2381,0.001088,172.31.36.0-255,66,65638,10,270964
2382,0.001123,74.125.24.0-255,131,65769,10,270964
2383,0.001231,74.125.24.0-255,1484,67253,10,270964
2384,0.001237,74.125.24.0-255,2902,70155,10,270964
2385,0.001248,172.31.36.0-255,66,70221,10,270964
2386,0.001252,172.31.36.0-255,66,70287,10,270964
2387,0.001272,74.125.24.0-255,5738,76025,10,270964
2388,0.001275,172.31.36.0-255,66,76091,10,270964
2389,0.001299,74.125.24.0-255,4320,80411,10,270964
2390,0.001302,172.31.36.0-255,66,80477,10,270964
2391,0.001321,74.125.24.0-255,3961,84438,10,270964
2392,0.001325,172.31.36.0-255,66,84504,10,270964
2393,0.001335,172.31.36.0-255,66,84570,10,270964
2394,0.001368,74.125.24.0-255,6797,91367,10,270964
2395,0.001372,172.31.36.0-255,66,91433,10,270964
2396,0.002263,74.125.24.0-255,1484,92917,10,270964
2397,0.002271,74.125.24.0-255,2902,95819,10,270964
2398,0.002274,172.31.36.0-255,66,95885,10,270964
2399,0.002297,74.125.24.0-255,4320,100205,10,270964
2400,0.002299,172.31.36.0-255,66,100271,10,270964
2401,0.002319,74.125.24.0-255,1484,101755,10,270964
2402,0.002329,172.31.36.0-255,66,101821,10,270964
2403,0.002372,74.125.24.0-255,1484,103305,10,270964
2404,0.002399,172.31.36.0-255,66,103371,10,270964
2405,0.002765,74.125.24.0-255,1484,104855,10,270964
2406,0.00278,74.125.24.0-255,2902,107757,10,270964
2407,0.002783,172.31.36.0-255,66,107823,10,270964
2408,0.002806,74.125.24.0-255,5738,113561,10,270964
2409,0.002809,172.31.36.0-255,66,113627,10,270964
2410,0.002832,172.31.36.0-255,66,113693,10,270964
2411,0.002861,74.125.24.0-255,2902,116595,10,270964
2412,0.002864,172.31.36.0-255,66,116661,10,270964
2413,0.002873,172.31.36.0-255,66,116727,10,270964
2414,0.002907,74.125.24.0-255,5738,122465,10,270964
2415,0.002909,172.31.36.0-255,66,122531,10,270964
2416,0.002935,172.31.36.0-255,66,122597,10,270964
2417,0.002975,172.31.36.0-255,66,122663,10,270964
2418,0.002979,74.125.24.0-255,2184,124847,10,270964
2419,0.002981,172.31.36.0-255,66,124913,10,270964
2420,0.003046,74.125.24.0-255,1484,126397,10,270964
2421,0.003058,74.125.24.0-255,2902,129299,10,270964
2422,0.003061,172.31.36.0-255,66,129365,10,270964
2423,0.003065,74.125.24.0-255,2902,132267,10,270964
2424,0.003067,172.31.36.0-255,66,132333,10,270964
2425,0.003081,74.125.24.0-255,2902,135235,10,270964
2426,0.003083,172.31.36.0-255,66,135301,10,270964
2427,0.003096,74.125.24.0-255,1484,136785,10,270964
2428,0.00311,74.125.24.0-255,2902,139687,10,270964
2429,0.003112,172.31.36.0-255,66,139753,10,270964
2430,0.003132,74.125.24.0-255,1484,141237,10,270964
2431,0.003176,172.31.36.0-255,66,141303,10,270964
2432,0.003195,74.125.24.0-255,1484,142787,10,270964
2433,0.003201,74.125.24.0-255,5020,147807,10,270964
2434,0.003204,172.31.36.0-255,66,147873,10,270964
2435,0.003614,74.125.24.0-255,1484,149357,10,270964
2436,0.00362,74.125.24.0-255,2902,152259,10,270964
2437,0.003624,172.31.36.0-255,66,152325,10,270964
2438,0.003631,74.125.24.0-255,5738,158063,10,270964
2439,0.003633,172.31.36.0-255,66,158129,10,270964
2440,0.003666,74.125.24.0-255,7156,165285,10,270964
2441,0.00367,172.31.36.0-255,66,165351,10,270964
2442,0.003688,74.125.24.0-255,5738,171089,10,270964
2443,0.003691,172.31.36.0-255,66,171155,10,270964
2444,0.003693,74.125.24.0-255,1484,172639,10,270964
2445,0.003696,74.125.24.0-255,1484,174123,10,270964
2446,0.003698,172.31.36.0-255,66,174189,10,270964
2447,0.0037,74.125.24.0-255,1484,175673,10,270964
2448,0.003703,74.125.24.0-255,1484,177157,10,270964
2449,0.003705,172.31.36.0-255,66,177223,10,270964
2450,0.003737,74.125.24.0-255,5020,182243,10,270964
2451,0.00374,172.31.36.0-255,66,182309,10,270964
2452,0.003748,74.125.24.0-255,7156,189465,10,270964
2453,0.00375,172.31.36.0-255,66,189531,10,270964
2454,0.003753,74.125.24.0-255,1484,191015,10,270964
2455,0.003777,172.31.36.0-255,66,191081,10,270964
2456,0.00378,74.125.24.0-255,1484,192565,10,270964
2457,0.003783,74.125.24.0-255,2902,195467,10,270964
2458,0.003785,172.31.36.0-255,66,195533,10,270964
2459,0.003803,74.125.24.0-255,2902,198435,10,270964
2460,0.003805,172.31.36.0-255,66,198501,10,270964
2461,0.003839,172.31.36.0-255,66,198567,10,270964
2462,0.004347,74.125.24.0-255,1484,200051,10,270964
2463,0.004354,74.125.24.0-255,2902,202953,10,270964
2464,0.004358,172.31.36.0-255,66,203019,10,270964
2465,0.004364,74.125.24.0-255,2902,205921,10,270964
2466,0.004365,172.31.36.0-255,66,205987,10,270964
2467,0.00438,74.125.24.0-255,2902,208889,10,270964
2468,0.004382,172.31.36.0-255,66,208955,10,270964
2469,0.004399,74.125.24.0-255,4320,213275,10,270964
2470,0.004401,172.31.36.0-255,66,213341,10,270964
2471,0.004424,74.125.24.0-255,1484,214825,10,270964
2472,0.004435,172.31.36.0-255,66,214891,10,270964
2473,0.004461,74.125.24.0-255,4320,219211,10,270964
2474,0.004464,172.31.36.0-255,66,219277,10,270964
2475,0.00447,74.125.24.0-255,5020,224297,10,270964
2476,0.004472,172.31.36.0-255,66,224363,10,270964
2477,0.004823,74.125.24.0-255,1484,225847,10,270964
2478,0.00483,74.125.24.0-255,2902,228749,10,270964
2479,0.004834,172.31.36.0-255,66,228815,10,270964
2480,0.004851,74.125.24.0-255,2902,231717,10,270964
2481,0.004853,172.31.36.0-255,66,231783,10,270964
2482,0.00488,74.125.24.0-255,1484,233267,10,270964
2483,0.004887,74.125.24.0-255,5738,239005,10,270964
2484,0.00489,172.31.36.0-255,66,239071,10,270964
2485,0.004897,74.125.24.0-255,7156,246227,10,270964
2486,0.0049,172.31.36.0-255,66,246293,10,270964
2487,0.004936,74.125.24.0-255,4320,250613,10,270964
2488,0.00494,172.31.36.0-255,66,250679,10,270964
2489,0.004982,172.31.36.0-255,66,250745,10,270964
2490,0.004992,172.31.36.0-255,66,250811,10,270964
2491,0.005017,74.125.24.0-255,2902,253713,10,270964
2492,0.00502,172.31.36.0-255,66,253779,10,270964
2493,0.005065,172.31.36.0-255,66,253845,10,270964
2494,0.005073,74.125.24.0-255,7156,261001,10,270964
2495,0.005076,172.31.36.0-255,66,261067,10,270964
2496,0.005134,74.125.24.0-255,5267,266334,10,270964
2497,0.00514,172.31.36.0-255,66,266400,10,270964
2498,0.005153,74.125.24.0-255,105,266505,10,270964
2499,0.006148,172.31.36.0-255,105,266610,10,270964
2500,0.008431,74.125.24.0-255,66,266676,10,270964
2501,0.02635,172.31.36.0-255,172,266848,10,270964
2502,0.026378,172.31.36.0-255,1111,267959,10,270964
2503,0.026432,172.31.36.0-255,1514,269473,10,270964
2504,0.026434,172.31.36.0-255,1293,270766,10,270964
2505,0.027885,104.244.42.0-255,66,270832,10,270964
2506,0.028028,104.244.42.0-255,66,270898,10,270964
2507,0.028031,104.244.42.0-255,66,270964,10,270964
2508,0.0,74.125.24.0-255,153,153,10,184617
2509,1.7e-05,172.31.36.0-255,66,219,10,184617
2510,2.4e-05,74.125.24.0-255,1484,1703,10,184617
2511,3e-05,172.31.36.0-255,66,1769,10,184617
2512,3.6e-05,74.125.24.0-255,2902,4671,10,184617
2513,4.8e-05,172.31.36.0-255,66,4737,10,184617
2514,5.1e-05,74.125.24.0-255,1484,6221,10,184617
2515,5.5e-05,172.31.36.0-255,66,6287,10,184617
2516,9e-05,74.125.24.0-255,4320,10607,10,184617
2517,9.4e-05,172.31.36.0-255,66,10673,10,184617
2518,0.000102,74.125.24.0-255,6273,16946,10,184617
2519,0.000104,172.31.36.0-255,66,17012,10,184617
2520,0.00011,74.125.24.0-255,4320,21332,10,184617
2521,0.000113,172.31.36.0-255,66,21398,10,184617
2522,0.000145,172.31.36.0-255,66,21464,10,184617
2523,0.000149,74.125.24.0-255,1125,22589,10,184617
2524,0.000151,172.31.36.0-255,66,22655,10,184617
2525,0.000241,74.125.24.0-255,1484,24139,10,184617
2526,0.000246,172.31.36.0-255,66,24205,10,184617
2527,0.000251,74.125.24.0-255,1484,25689,10,184617
2528,0.000254,172.31.36.0-255,66,25755,10,184617
2529,0.000274,74.125.24.0-255,1484,27239,10,184617
2530,0.000277,172.31.36.0-255,66,27305,10,184617
2531,0.000284,74.125.24.0-255,5738,33043,10,184617
2532,0.000287,172.31.36.0-255,66,33109,10,184617
2533,0.000299,74.125.24.0-255,1484,34593,10,184617
2534,0.000301,172.31.36.0-255,66,34659,10,184617
2535,0.000339,172.31.36.0-255,66,34725,10,184617
2536,0.000344,74.125.24.0-255,2902,37627,10,184617
2537,0.000346,172.31.36.0-255,66,37693,10,184617
2538,0.000382,74.125.24.0-255,7101,44794,10,184617
2539,0.000385,172.31.36.0-255,66,44860,10,184617
2540,0.000413,74.125.24.0-255,115,44975,10,184617
2541,0.0006,74.125.24.0-255,1484,46459,10,184617
2542,0.000607,172.31.36.0-255,66,46525,10,184617
2543,0.000634,74.125.24.0-255,2902,49427,10,184617
2544,0.000637,172.31.36.0-255,66,49493,10,184617
2545,0.000642,74.125.24.0-255,4320,53813,10,184617
2546,0.000645,172.31.36.0-255,66,53879,10,184617
2547,0.000666,74.125.24.0-255,1484,55363,10,184617
2548,0.000701,172.31.36.0-255,66,55429,10,184617
2549,0.000708,74.125.24.0-255,5738,61167,10,184617
2550,0.00071,172.31.36.0-255,66,61233,10,184617
2551,0.000744,172.31.36.0-255,66,61299,10,184617
2552,0.001553,74.125.24.0-255,1484,62783,10,184617
2553,0.001561,74.125.24.0-255,2902,65685,10,184617
2554,0.001566,172.31.36.0-255,66,65751,10,184617
2555,0.001599,74.125.24.0-255,2902,68653,10,184617
2556,0.001601,172.31.36.0-255,66,68719,10,184617
2557,0.001633,74.125.24.0-255,2902,71621,10,184617
2558,0.001635,172.31.36.0-255,66,71687,10,184617
2559,0.001655,172.31.36.0-255,66,71753,10,184617
2560,0.001668,172.31.36.0-255,66,71819,10,184617
2561,0.001688,74.125.24.0-255,2184,74003,10,184617
2562,0.00169,172.31.36.0-255,66,74069,10,184617
2563,0.00174,74.125.24.0-255,1484,75553,10,184617
2564,0.00176,74.125.24.0-255,2902,78455,10,184617
2565,0.001763,172.31.36.0-255,66,78521,10,184617
2566,0.001794,74.125.24.0-255,5738,84259,10,184617
2567,0.001797,172.31.36.0-255,66,84325,10,184617
2568,0.001803,74.125.24.0-255,5738,90063,10,184617
2569,0.001805,172.31.36.0-255,66,90129,10,184617
2570,0.001833,74.125.24.0-255,7156,97285,10,184617
2571,0.001836,172.31.36.0-255,66,97351,10,184617
2572,0.001847,172.31.36.0-255,66,97417,10,184617
2573,0.001852,74.125.24.0-255,2902,100319,10,184617
2574,0.001854,172.31.36.0-255,66,100385,10,184617
2575,0.001904,172.31.36.0-255,66,100451,10,184617
2576,0.001917,172.31.36.0-255,66,100517,10,184617
2577,0.001932,172.31.36.0-255,66,100583,10,184617
2578,0.001971,172.31.36.0-255,66,100649,10,184617
2579,0.001977,74.125.24.0-255,4320,104969,10,184617
2580,0.001979,172.31.36.0-255,66,105035,10,184617
2581,0.002016,172.31.36.0-255,66,105101,10,184617
2582,0.002028,172.31.36.0-255,66,105167,10,184617
2583,0.002064,74.125.24.0-255,1484,106651,10,184617
2584,0.002069,74.125.24.0-255,2902,109553,10,184617
2585,0.002071,172.31.36.0-255,66,109619,10,184617
2586,0.002104,74.125.24.0-255,5738,115357,10,184617
2587,0.002108,172.31.36.0-255,66,115423,10,184617
2588,0.002128,172.31.36.0-255,66,115489,10,184617
2589,0.002132,74.125.24.0-255,1484,116973,10,184617
2590,0.00217,172.31.36.0-255,66,117039,10,184617
2591,0.002177,74.125.24.0-255,5020,122059,10,184617
2592,0.00218,172.31.36.0-255,66,122125,10,184617
2593,0.00452,74.125.24.0-255,5738,127863,10,184617
2594,0.004527,172.31.36.0-255,66,127929,10,184617
2595,0.006851,74.125.24.0-255,5738,133667,10,184617
2596,0.006855,172.31.36.0-255,66,133733,10,184617
2597,0.009179,74.125.24.0-255,5738,139471,10,184617
2598,0.009186,172.31.36.0-255,66,139537,10,184617
2599,0.011549,74.125.24.0-255,5738,145275,10,184617
2600,0.011556,172.31.36.0-255,66,145341,10,184617
2601,0.013912,74.125.24.0-255,5738,151079,10,184617
2602,0.013921,172.31.36.0-255,66,151145,10,184617
2603,0.016252,74.125.24.0-255,5738,156883,10,184617
2604,0.01626,172.31.36.0-255,66,156949,10,184617
2605,0.018607,74.125.24.0-255,5738,162687,10,184617
2606,0.01862,172.31.36.0-255,66,162753,10,184617
2607,0.020967,74.125.24.0-255,5738,168491,10,184617
2608,0.020977,172.31.36.0-255,66,168557,10,184617
2609,0.023339,74.125.24.0-255,4320,172877,10,184617
2610,0.023352,172.31.36.0-255,66,172943,10,184617
2611,0.023387,74.125.24.0-255,1484,174427,10,184617
2612,0.025693,74.125.24.0-255,4320,178747,10,184617
2613,0.025702,172.31.36.0-255,66,178813,10,184617
2614,0.028032,74.125.24.0-255,5738,184551,10,184617
2615,0.02804,172.31.36.0-255,66,184617,10,184617
2616,0.0,74.125.24.0-255,298,298,10,207645
2617,2.5e-05,172.31.36.0-255,66,364,10,207645
2618,3.2e-05,74.125.24.0-255,1484,1848,10,207645
2619,3.7e-05,172.31.36.0-255,66,1914,10,207645
2620,4.4e-05,74.125.24.0-255,4320,6234,10,207645
2621,4.8e-05,172.31.36.0-255,66,6300,10,207645
2622,5.2e-05,74.125.24.0-255,1484,7784,10,207645
2623,5.6e-05,172.31.36.0-255,66,7850,10,207645
2624,8.8e-05,172.31.36.0-255,66,7916,10,207645
2625,9.5e-05,74.125.24.0-255,5738,13654,10,207645
2626,9.7e-05,172.31.36.0-255,66,13720,10,207645
2627,0.000127,74.125.24.0-255,2902,16622,10,207645
2628,0.000129,172.31.36.0-255,66,16688,10,207645
2629,0.000155,74.125.24.0-255,6797,23485,10,207645
2630,0.000158,172.31.36.0-255,66,23551,10,207645
2631,0.000465,74.125.24.0-255,1484,25035,10,207645
2632,0.000471,172.31.36.0-255,66,25101,10,207645
2633,0.000478,74.125.24.0-255,2902,28003,10,207645
2634,0.000481,172.31.36.0-255,66,28069,10,207645
2635,0.000486,74.125.24.0-255,4320,32389,10,207645
2636,0.000489,172.31.36.0-255,66,32455,10,207645
2637,0.000503,74.125.24.0-255,1484,33939,10,207645
2638,0.000506,172.31.36.0-255,66,34005,10,207645
2639,0.000512,74.125.24.0-255,4320,38325,10,207645
2640,0.000514,172.31.36.0-255,66,38391,10,207645
2641,0.000528,74.125.24.0-255,2543,40934,10,207645
2642,0.00053,172.31.36.0-255,66,41000,10,207645
2643,0.000542,172.31.36.0-255,66,41066,10,207645
2644,0.00057,74.125.24.0-255,5738,46804,10,207645
2645,0.000574,172.31.36.0-255,66,46870,10,207645
2646,0.000578,74.125.24.0-255,2543,49413,10,207645
2647,0.000581,172.31.36.0-255,66,49479,10,207645
2648,0.000732,74.125.24.0-255,645,50124,10,207645
2649,0.000895,74.125.24.0-255,1484,51608,10,207645
2650,0.000899,172.31.36.0-255,66,51674,10,207645
2651,0.000905,74.125.24.0-255,2902,54576,10,207645
2652,0.000907,172.31.36.0-255,66,54642,10,207645
2653,0.000945,74.125.24.0-255,5738,60380,10,207645
2654,0.000948,172.31.36.0-255,66,60446,10,207645
2655,0.000961,172.31.36.0-255,66,60512,10,207645
2656,0.000968,74.125.24.0-255,5738,66250,10,207645
2657,0.000971,172.31.36.0-255,66,66316,10,207645
2658,0.000992,74.125.24.0-255,5020,71336,10,207645
2659,0.000995,172.31.36.0-255,66,71402,10,207645
2660,0.001008,74.125.24.0-255,1484,72886,10,207645
2661,0.001022,74.125.24.0-255,2902,75788,10,207645
2662,0.001025,172.31.36.0-255,66,75854,10,207645
2663,0.001049,74.125.24.0-255,5738,81592,10,207645
2664,0.001052,172.31.36.0-255,66,81658,10,207645
2665,0.00108,74.125.24.0-255,2902,84560,10,207645
2666,0.001082,172.31.36.0-255,66,84626,10,207645
2667,0.001108,172.31.36.0-255,66,84692,10,207645
2668,0.001118,172.31.36.0-255,66,84758,10,207645
2669,0.001122,74.125.24.0-255,2184,86942,10,207645
2670,0.001125,172.31.36.0-255,66,87008,10,207645
2671,0.001146,74.125.24.0-255,2902,89910,10,207645
2672,0.001148,172.31.36.0-255,66,89976,10,207645
2673,0.001154,74.125.24.0-255,4320,94296,10,207645
2674,0.001156,172.31.36.0-255,66,94362,10,207645
2675,0.001173,74.125.24.0-255,2902,97264,10,207645
2676,0.001175,172.31.36.0-255,66,97330,10,207645
2677,0.001186,172.31.36.0-255,66,97396,10,207645
2678,0.001233,74.125.24.0-255,7156,104552,10,207645
2679,0.001238,172.31.36.0-255,66,104618,10,207645
2680,0.001254,172.31.36.0-255,66,104684,10,207645
2681,0.001276,74.125.24.0-255,1484,106168,10,207645
2682,0.001313,172.31.36.0-255,66,106234,10,207645
2683,0.001327,172.31.36.0-255,66,106300,10,207645
2684,0.001353,74.125.24.0-255,4320,110620,10,207645
2685,0.001355,74.125.24.0-255,766,111386,10,207645
2686,0.001378,172.31.36.0-255,66,111452,10,207645
2687,0.001396,172.31.36.0-255,66,111518,10,207645
2688,0.001418,74.125.24.0-255,4320,115838,10,207645
2689,0.001421,172.31.36.0-255,66,115904,10,207645
2690,0.001446,74.125.24.0-255,7156,123060,10,207645
2691,0.001449,172.31.36.0-255,66,123126,10,207645
2692,0.001478,172.31.36.0-255,66,123192,10,207645
2693,0.001481,74.125.24.0-255,1484,124676,10,207645
2694,0.0015,74.125.24.0-255,2902,127578,10,207645
2695,0.001502,172.31.36.0-255,66,127644,10,207645
2696,0.001507,74.125.24.0-255,2902,130546,10,207645
2697,0.001509,172.31.36.0-255,66,130612,10,207645
2698,0.001529,74.125.24.0-255,2902,133514,10,207645
2699,0.001532,172.31.36.0-255,66,133580,10,207645
2700,0.001544,74.125.24.0-255,7156,140736,10,207645
2701,0.001546,172.31.36.0-255,66,140802,10,207645
2702,0.001552,74.125.24.0-255,4320,145122,10,207645
2703,0.001554,172.31.36.0-255,66,145188,10,207645
2704,0.001592,172.31.36.0-255,66,145254,10,207645
2705,0.001596,74.125.24.0-255,2184,147438,10,207645
2706,0.001598,172.31.36.0-255,66,147504,10,207645
2707,0.001679,74.125.24.0-255,1484,148988,10,207645
2708,0.001684,74.125.24.0-255,1484,150472,10,207645
2709,0.001687,172.31.36.0-255,66,150538,10,207645
2710,0.001708,74.125.24.0-255,1484,152022,10,207645
2711,0.001715,74.125.24.0-255,5738,157760,10,207645
2712,0.001717,172.31.36.0-255,66,157826,10,207645
2713,0.001753,172.31.36.0-255,66,157892,10,207645
2714,0.001777,74.125.24.0-255,1484,159376,10,207645
2715,0.001825,74.125.24.0-255,5738,165114,10,207645
2716,0.001829,172.31.36.0-255,66,165180,10,207645
2717,0.001842,74.125.24.0-255,3602,168782,10,207645
2718,0.001845,172.31.36.0-255,66,168848,10,207645
2719,0.001875,74.125.24.0-255,1484,170332,10,207645
2720,0.00188,74.125.24.0-255,2902,173234,10,207645
2721,0.001882,172.31.36.0-255,66,173300,10,207645
2722,0.001886,74.125.24.0-255,1484,174784,10,207645
2723,0.001902,74.125.24.0-255,4320,179104,10,207645
2724,0.001904,172.31.36.0-255,66,179170,10,207645
2725,0.001927,74.125.24.0-255,7156,186326,10,207645
2726,0.00193,172.31.36.0-255,66,186392,10,207645
2727,0.001963,74.125.24.0-255,5738,192130,10,207645
2728,0.001967,172.31.36.0-255,66,192196,10,207645
2729,0.001974,74.125.24.0-255,7156,199352,10,207645
2730,0.001977,172.31.36.0-255,66,199418,10,207645
2731,0.001982,74.125.24.0-255,2902,202320,10,207645
2732,0.001984,172.31.36.0-255,66,202386,10,207645
2733,0.002028,172.31.36.0-255,66,202452,10,207645
2734,0.002052,74.125.24.0-255,766,203218,10,207645
2735,0.002066,172.31.36.0-255,66,203284,10,207645
2736,0.002081,172.31.36.0-255,66,203350,10,207645
2737,0.002104,172.31.36.0-255,66,203416,10,207645
2738,0.002109,74.125.24.0-255,2902,206318,10,207645
2739,0.002112,172.31.36.0-255,66,206384,10,207645
2740,0.002151,172.31.36.0-255,66,206450,10,207645
2741,0.002154,74.125.24.0-255,853,207303,10,207645
2742,0.002197,74.125.24.0-255,105,207408,10,207645
2743,0.010817,172.31.36.0-255,66,207474,10,207645
2744,0.01086,172.31.36.0-255,105,207579,10,207645
2745,0.013366,74.125.24.0-255,66,207645,10,207645
2746,0.0,172.217.194.0-255,214,214,10,178164
2747,1.4e-05,172.217.194.0-255,1484,1698,10,178164
2748,2.3e-05,172.31.36.0-255,66,1764,10,178164
2749,3.2e-05,172.217.194.0-255,4320,6084,10,178164
2750,3.5e-05,172.31.36.0-255,66,6150,10,178164
2751,7.2e-05,172.31.36.0-255,66,6216,10,178164
2752,0.000342,172.217.194.0-255,1484,7700,10,178164
2753,0.00035,172.217.194.0-255,2902,10602,10,178164
2754,0.000353,172.31.36.0-255,66,10668,10,178164
2755,0.000358,172.217.194.0-255,1484,12152,10,178164
2756,0.000383,172.217.194.0-255,4320,16472,10,178164
2757,0.000387,172.31.36.0-255,66,16538,10,178164
2758,0.000415,172.217.194.0-255,5738,22276,10,178164
2759,0.000418,172.31.36.0-255,66,22342,10,178164
2760,0.000446,172.217.194.0-255,1125,23467,10,178164
2761,0.000509,172.217.194.0-255,1484,24951,10,178164
2762,0.000513,172.31.36.0-255,66,25017,10,178164
2763,0.000519,172.217.194.0-255,2902,27919,10,178164
2764,0.000522,172.31.36.0-255,66,27985,10,178164
2765,0.00053,172.217.194.0-255,1484,29469,10,178164
2766,0.000557,172.217.194.0-255,4320,33789,10,178164
2767,0.000559,172.31.36.0-255,66,33855,10,178164
2768,0.000566,172.217.194.0-255,5738,39593,10,178164
2769,0.000568,172.31.36.0-255,66,39659,10,178164
2770,0.000606,172.31.36.0-255,66,39725,10,178164
2771,0.000612,172.217.194.0-255,4320,44045,10,178164
2772,0.000615,172.31.36.0-255,66,44111,10,178164
2773,0.000625,172.217.194.0-255,5666,49777,10,178164
2774,0.000628,172.31.36.0-255,66,49843,10,178164
2775,0.000631,172.217.194.0-255,398,50241,10,178164
2776,0.000777,172.217.194.0-255,1484,51725,10,178164
2777,0.000782,172.31.36.0-255,66,51791,10,178164
2778,0.000787,172.217.194.0-255,2902,54693,10,178164
2779,0.00079,172.31.36.0-255,66,54759,10,178164
2780,0.000802,172.217.194.0-255,5738,60497,10,178164
2781,0.000805,172.31.36.0-255,66,60563,10,178164
2782,0.000848,172.31.36.0-255,66,60629,10,178164
2783,0.000881,172.217.194.0-255,2902,63531,10,178164
2784,0.000884,172.31.36.0-255,66,63597,10,178164
2785,0.000919,172.31.36.0-255,66,63663,10,178164
2786,0.001616,172.217.194.0-255,1484,65147,10,178164
2787,0.001625,172.217.194.0-255,2902,68049,10,178164
2788,0.00163,172.31.36.0-255,66,68115,10,178164
2789,0.001637,172.217.194.0-255,4320,72435,10,178164
2790,0.001639,172.31.36.0-255,66,72501,10,178164
2791,0.001666,172.217.194.0-255,1484,73985,10,178164
2792,0.00168,172.31.36.0-255,66,74051,10,178164
2793,0.001686,172.217.194.0-255,4320,78371,10,178164
2794,0.001688,172.31.36.0-255,66,78437,10,178164
2795,0.001726,172.217.194.0-255,6438,84875,10,178164
2796,0.001728,172.31.36.0-255,66,84941,10,178164
2797,0.002229,172.217.194.0-255,1484,86425,10,178164
2798,0.002238,172.217.194.0-255,2902,89327,10,178164
2799,0.002243,172.31.36.0-255,66,89393,10,178164
2800,0.00225,172.217.194.0-255,5738,95131,10,178164
2801,0.002253,172.31.36.0-255,66,95197,10,178164
2802,0.002276,172.31.36.0-255,66,95263,10,178164
2803,0.002315,172.217.194.0-255,4320,99583,10,178164
2804,0.002317,172.31.36.0-255,66,99649,10,178164
2805,0.002335,172.31.36.0-255,66,99715,10,178164
2806,0.002542,172.217.194.0-255,1484,101199,10,178164
2807,0.002564,172.217.194.0-255,2902,104101,10,178164
2808,0.002566,172.31.36.0-255,66,104167,10,178164
2809,0.002574,172.217.194.0-255,5738,109905,10,178164
2810,0.002576,172.31.36.0-255,66,109971,10,178164
2811,0.002584,172.217.194.0-255,1484,111455,10,178164
2812,0.00262,172.31.36.0-255,66,111521,10,178164
2813,0.002632,172.31.36.0-255,66,111587,10,178164
2814,0.002639,172.217.194.0-255,766,112353,10,178164
2815,0.002815,172.217.194.0-255,1484,113837,10,178164
2816,0.00282,172.31.36.0-255,66,113903,10,178164
2817,0.002825,172.217.194.0-255,2902,116805,10,178164
2818,0.002827,172.31.36.0-255,66,116871,10,178164
2819,0.002832,172.217.194.0-255,2902,119773,10,178164
2820,0.002834,172.31.36.0-255,66,119839,10,178164
2821,0.002874,172.217.194.0-255,2902,122741,10,178164
2822,0.002877,172.31.36.0-255,66,122807,10,178164
2823,0.002891,172.31.36.0-255,66,122873,10,178164
2824,0.002909,172.31.36.0-255,66,122939,10,178164
2825,0.002945,172.31.36.0-255,66,123005,10,178164
2826,0.002948,172.217.194.0-255,1484,124489,10,178164
2827,0.002951,172.217.194.0-255,1484,125973,10,178164
2828,0.002954,172.31.36.0-255,66,126039,10,178164
2829,0.003009,172.217.194.0-255,2902,128941,10,178164
2830,0.003012,172.31.36.0-255,66,129007,10,178164
2831,0.003065,172.31.36.0-255,66,129073,10,178164
2832,0.003069,172.217.194.0-255,2902,131975,10,178164
2833,0.003072,172.31.36.0-255,66,132041,10,178164
2834,0.003075,172.217.194.0-255,1484,133525,10,178164
2835,0.003084,172.217.194.0-255,2902,136427,10,178164
2836,0.003087,172.31.36.0-255,66,136493,10,178164
2837,0.003092,172.217.194.0-255,3602,140095,10,178164
2838,0.003095,172.31.36.0-255,66,140161,10,178164
2839,0.003104,172.31.36.0-255,66,140227,10,178164
2840,0.003122,172.31.36.0-255,66,140293,10,178164
2841,0.003124,172.217.194.0-255,1484,141777,10,178164
2842,0.003178,172.31.36.0-255,66,141843,10,178164
2843,0.003181,172.217.194.0-255,1484,143327,10,178164
2844,0.003187,172.217.194.0-255,5738,149065,10,178164
2845,0.00319,172.31.36.0-255,66,149131,10,178164
2846,0.003221,172.217.194.0-255,3602,152733,10,178164
2847,0.003225,172.31.36.0-255,66,152799,10,178164
2848,0.003242,172.31.36.0-255,66,152865,10,178164
2849,0.003248,172.217.194.0-255,5738,158603,10,178164
2850,0.003252,172.31.36.0-255,66,158669,10,178164
2851,0.003257,172.217.194.0-255,4320,162989,10,178164
2852,0.003261,172.31.36.0-255,66,163055,10,178164
2853,0.003263,172.217.194.0-255,1484,164539,10,178164
2854,0.003266,172.31.36.0-255,78,164617,10,178164
2855,0.003309,172.217.194.0-255,2902,167519,10,178164
2856,0.003312,172.31.36.0-255,78,167597,10,178164
2857,0.00334,172.31.36.0-255,66,167663,10,178164
2858,0.003343,172.217.194.0-255,1484,169147,10,178164
2859,0.003358,172.31.36.0-255,66,169213,10,178164
2860,0.003372,172.217.194.0-255,2184,171397,10,178164
2861,0.00338,172.31.36.0-255,66,171463,10,178164
2862,0.003384,172.217.194.0-255,2902,174365,10,178164
2863,0.003387,172.31.36.0-255,66,174431,10,178164
2864,0.003438,172.31.36.0-255,66,174497,10,178164
2865,0.003441,172.217.194.0-255,105,174602,10,178164
2866,0.007612,172.31.36.0-255,66,174668,10,178164
2867,0.007649,172.31.36.0-255,105,174773,10,178164
2868,0.010029,172.217.194.0-255,66,174839,10,178164
2869,0.024933,172.31.36.0-255,172,175011,10,178164
2870,0.024987,172.31.36.0-255,1111,176122,10,178164
2871,0.025062,172.31.36.0-255,1514,177636,10,178164
2872,0.025064,172.31.36.0-255,330,177966,10,178164
2873,0.026447,104.244.42.0-255,66,178032,10,178164
2874,0.026538,104.244.42.0-255,66,178098,10,178164
2875,0.026595,104.244.42.0-255,66,178164,10,178164
2876,0.0,172.217.27.0-255,153,153,10,213890
2877,1.6e-05,172.31.36.0-255,66,219,10,213890
2878,2.4e-05,172.217.27.0-255,1484,1703,10,213890
2879,3e-05,172.31.36.0-255,66,1769,10,213890
2880,3.6e-05,172.217.27.0-255,2902,4671,10,213890
2881,4.8e-05,172.31.36.0-255,66,4737,10,213890
2882,5.6e-05,172.217.27.0-255,7156,11893,10,213890
2883,6e-05,172.31.36.0-255,66,11959,10,213890
2884,7.2e-05,172.31.36.0-255,66,12025,10,213890
2885,9.2e-05,172.217.27.0-255,5738,17763,10,213890
2886,9.5e-05,172.31.36.0-255,66,17829,10,213890
2887,0.000121,172.217.27.0-255,5379,23208,10,213890
2888,0.000124,172.31.36.0-255,66,23274,10,213890
2889,0.000171,172.217.27.0-255,1484,24758,10,213890
2890,0.000173,172.31.36.0-255,66,24824,10,213890
2891,0.000202,172.217.27.0-255,2902,27726,10,213890
2892,0.000205,172.31.36.0-255,66,27792,10,213890
2893,0.000212,172.217.27.0-255,5738,33530,10,213890
2894,0.000215,172.31.36.0-255,66,33596,10,213890
2895,0.000222,172.217.27.0-255,1484,35080,10,213890
2896,0.000225,172.31.36.0-255,66,35146,10,213890
2897,0.000268,172.31.36.0-255,66,35212,10,213890
2898,0.000275,172.217.27.0-255,7156,42368,10,213890
2899,0.000278,172.31.36.0-255,66,42434,10,213890
2900,0.000311,172.217.27.0-255,2831,45265,10,213890
2901,0.000314,172.31.36.0-255,66,45331,10,213890
2902,0.000579,172.217.27.0-255,139,45470,10,213890
2903,0.000586,172.31.36.0-255,66,45536,10,213890
2904,0.000735,172.217.27.0-255,1484,47020,10,213890
2905,0.00074,172.31.36.0-255,66,47086,10,213890
2906,0.000746,172.217.27.0-255,2902,49988,10,213890
2907,0.000748,172.31.36.0-255,66,50054,10,213890
2908,0.000752,172.217.27.0-255,1484,51538,10,213890
2909,0.000784,172.217.27.0-255,4320,55858,10,213890
2910,0.000787,172.31.36.0-255,66,55924,10,213890
2911,0.000793,172.217.27.0-255,4320,60244,10,213890
2912,0.000795,172.31.36.0-255,66,60310,10,213890
2913,0.000834,172.31.36.0-255,66,60376,10,213890
2914,0.000841,172.217.27.0-255,5738,66114,10,213890
2915,0.000843,172.31.36.0-255,66,66180,10,213890
2916,0.000877,172.217.27.0-255,5379,71559,10,213890
2917,0.00088,172.31.36.0-255,66,71625,10,213890
2918,0.000883,172.217.27.0-255,346,71971,10,213890
2919,0.001022,172.217.27.0-255,1484,73455,10,213890
2920,0.001027,172.31.36.0-255,66,73521,10,213890
2921,0.001052,172.217.27.0-255,1484,75005,10,213890
2922,0.001058,172.217.27.0-255,2902,77907,10,213890
2923,0.001061,172.31.36.0-255,66,77973,10,213890
2924,0.001064,172.217.27.0-255,1484,79457,10,213890
2925,0.001085,172.217.27.0-255,2902,82359,10,213890
2926,0.001087,172.31.36.0-255,66,82425,10,213890
2927,0.001121,172.217.27.0-255,5738,88163,10,213890
2928,0.001124,172.31.36.0-255,66,88229,10,213890
2929,0.00113,172.217.27.0-255,4320,92549,10,213890
2930,0.001133,172.31.36.0-255,66,92615,10,213890
2931,0.001171,172.31.36.0-255,66,92681,10,213890
2932,0.001177,172.217.27.0-255,5020,97701,10,213890
2933,0.001179,172.31.36.0-255,66,97767,10,213890
2934,0.001528,172.217.27.0-255,1484,99251,10,213890
2935,0.001533,172.217.27.0-255,2902,102153,10,213890
2936,0.001535,172.217.27.0-255,1484,103637,10,213890
2937,0.001542,172.31.36.0-255,66,103703,10,213890
2938,0.001569,172.217.27.0-255,5738,109441,10,213890
2939,0.001572,172.31.36.0-255,66,109507,10,213890
2940,0.001578,172.217.27.0-255,4320,113827,10,213890
2941,0.00158,172.31.36.0-255,66,113893,10,213890
2942,0.001608,172.31.36.0-255,66,113959,10,213890
2943,0.001614,172.217.27.0-255,5738,119697,10,213890
2944,0.001616,172.31.36.0-255,66,119763,10,213890
2945,0.001649,172.217.27.0-255,1484,121247,10,213890
2946,0.001673,172.217.27.0-255,2184,123431,10,213890
2947,0.001676,172.31.36.0-255,66,123497,10,213890
2948,0.00326,172.217.27.0-255,1484,124981,10,213890
2949,0.003351,172.217.27.0-255,4320,129301,10,213890
2950,0.003356,172.31.36.0-255,66,129367,10,213890
2951,0.005016,172.217.27.0-255,4320,133687,10,213890
2952,0.005019,172.31.36.0-255,66,133753,10,213890
2953,0.005044,172.217.27.0-255,1484,135237,10,213890
2954,0.006678,172.217.27.0-255,4320,139557,10,213890
2955,0.006685,172.31.36.0-255,66,139623,10,213890
2956,0.008386,172.217.27.0-255,5738,145361,10,213890
2957,0.008392,172.31.36.0-255,66,145427,10,213890
2958,0.008465,172.31.36.0-255,101,145528,10,213890
2959,0.010064,172.217.27.0-255,5738,151266,10,213890
2960,0.010071,172.31.36.0-255,66,151332,10,213890
2961,0.010099,172.217.27.0-255,66,151398,10,213890
2962,0.011742,172.217.27.0-255,5738,157136,10,213890
2963,0.011751,172.31.36.0-255,66,157202,10,213890
2964,0.013423,172.217.27.0-255,5738,162940,10,213890
2965,0.013432,172.31.36.0-255,66,163006,10,213890
2966,0.015119,172.217.27.0-255,5738,168744,10,213890
2967,0.015127,172.31.36.0-255,66,168810,10,213890
2968,0.016803,172.217.27.0-255,5738,174548,10,213890
2969,0.016812,172.31.36.0-255,66,174614,10,213890
2970,0.018524,172.217.27.0-255,4320,178934,10,213890
2971,0.018533,172.31.36.0-255,66,179000,10,213890
2972,0.018574,172.217.27.0-255,1484,180484,10,213890
2973,0.0202,172.217.27.0-255,4320,184804,10,213890
2974,0.020208,172.31.36.0-255,66,184870,10,213890
2975,0.021873,172.217.27.0-255,5738,190608,10,213890
2976,0.021881,172.31.36.0-255,66,190674,10,213890
2977,0.02355,172.217.27.0-255,5738,196412,10,213890
2978,0.023558,172.31.36.0-255,66,196478,10,213890
2979,0.025231,172.217.27.0-255,5738,202216,10,213890
2980,0.02524,172.31.36.0-255,66,202282,10,213890
2981,0.026904,172.217.27.0-255,5738,208020,10,213890
2982,0.026913,172.31.36.0-255,66,208086,10,213890
2983,0.028588,172.217.27.0-255,5738,213824,10,213890
2984,0.028596,172.31.36.0-255,66,213890,10,213890
2985,0.0,74.125.130.0-255,152,152,10,293425
2986,2.1e-05,172.31.36.0-255,66,218,10,293425
2987,4.8e-05,74.125.130.0-255,1484,1702,10,293425
2988,5.4e-05,172.31.36.0-255,66,1768,10,293425
2989,6e-05,74.125.130.0-255,2902,4670,10,293425
2990,6.2e-05,172.31.36.0-255,66,4736,10,293425
2991,6.8e-05,74.125.130.0-255,4320,9056,10,293425
2992,7.1e-05,172.31.36.0-255,66,9122,10,293425
2993,9.9e-05,74.125.130.0-255,1484,10606,10,293425
2994,0.000102,172.31.36.0-255,66,10672,10,293425
2995,0.000108,74.125.130.0-255,3464,14136,10,293425
2996,0.00011,172.31.36.0-255,66,14202,10,293425
2997,0.000183,74.125.130.0-255,1484,15686,10,293425
2998,0.000188,172.31.36.0-255,66,15752,10,293425
2999,0.000194,74.125.130.0-255,2902,18654,10,293425
3000,0.000196,172.31.36.0-255,66,18720,10,293425
3001,0.00023,74.125.130.0-255,5738,24458,10,293425
3002,0.000235,172.31.36.0-255,66,24524,10,293425
3003,0.00024,74.125.130.0-255,2902,27426,10,293425
3004,0.000242,172.31.36.0-255,66,27492,10,293425
3005,0.000267,74.125.130.0-255,3961,31453,10,293425
3006,0.000271,172.31.36.0-255,66,31519,10,293425
3007,0.000274,74.125.130.0-255,1484,33003,10,293425
3008,0.000276,172.31.36.0-255,66,33069,10,293425
3009,0.000307,74.125.130.0-255,5738,38807,10,293425
3010,0.00031,172.31.36.0-255,66,38873,10,293425
3011,0.000316,74.125.130.0-255,4320,43193,10,293425
3012,0.000319,172.31.36.0-255,66,43259,10,293425
3013,0.000326,74.125.130.0-255,5379,48638,10,293425
3014,0.000328,172.31.36.0-255,66,48704,10,293425
3015,0.000386,74.125.130.0-255,1484,50188,10,293425
3016,0.000391,172.31.36.0-255,66,50254,10,293425
3017,0.000406,74.125.130.0-255,2902,53156,10,293425
3018,0.000409,172.31.36.0-255,66,53222,10,293425
3019,0.000412,74.125.130.0-255,1484,54706,10,293425
3020,0.00043,74.125.130.0-255,4320,59026,10,293425
3021,0.000433,172.31.36.0-255,66,59092,10,293425
3022,0.000437,74.125.130.0-255,2902,61994,10,293425
3023,0.000439,172.31.36.0-255,66,62060,10,293425
3024,0.000454,74.125.130.0-255,2902,64962,10,293425
3025,0.000457,172.31.36.0-255,66,65028,10,293425
3026,0.000479,74.125.130.0-255,1125,66153,10,293425
3027,0.000869,74.125.130.0-255,646,66799,10,293425
3028,0.000875,172.31.36.0-255,66,66865,10,293425
3029,0.000915,74.125.130.0-255,1484,68349,10,293425
3030,0.000934,74.125.130.0-255,1484,69833,10,293425
3031,0.000938,172.31.36.0-255,66,69899,10,293425
3032,0.000949,74.125.130.0-255,2902,72801,10,293425
3033,0.000951,172.31.36.0-255,66,72867,10,293425
3034,0.000974,74.125.130.0-255,5738,78605,10,293425
3035,0.000977,172.31.36.0-255,66,78671,10,293425
3036,0.001012,74.125.130.0-255,5738,84409,10,293425
3037,0.001015,172.31.36.0-255,66,84475,10,293425
3038,0.001036,74.125.130.0-255,2902,87377,10,293425
3039,0.001039,172.31.36.0-255,66,87443,10,293425
3040,0.001062,74.125.130.0-255,4320,91763,10,293425
3041,0.001065,172.31.36.0-255,66,91829,10,293425
3042,0.001069,74.125.130.0-255,2902,94731,10,293425
3043,0.001072,172.31.36.0-255,66,94797,10,293425
3044,0.001117,74.125.130.0-255,6438,101235,10,293425
3045,0.001121,172.31.36.0-255,66,101301,10,293425
3046,0.00123,74.125.130.0-255,1484,102785,10,293425
3047,0.001236,74.125.130.0-255,2902,105687,10,293425
3048,0.001239,172.31.36.0-255,66,105753,10,293425
3049,0.001263,74.125.130.0-255,4320,110073,10,293425
3050,0.001266,172.31.36.0-255,66,110139,10,293425
3051,0.001272,74.125.130.0-255,5738,115877,10,293425
3052,0.001274,172.31.36.0-255,66,115943,10,293425
3053,0.001298,74.125.130.0-255,5738,121681,10,293425
3054,0.001302,172.31.36.0-255,66,121747,10,293425
3055,0.001331,74.125.130.0-255,5738,127485,10,293425
3056,0.001335,172.31.36.0-255,66,127551,10,293425
3057,0.001341,74.125.130.0-255,4320,131871,10,293425
3058,0.001344,172.31.36.0-255,66,131937,10,293425
3059,0.001364,74.125.130.0-255,3602,135539,10,293425
3060,0.001368,172.31.36.0-255,66,135605,10,293425
3061,0.001433,74.125.130.0-255,1484,137089,10,293425
3062,0.001439,74.125.130.0-255,2902,139991,10,293425
3063,0.001443,172.31.36.0-255,66,140057,10,293425
3064,0.001466,74.125.130.0-255,5738,145795,10,293425
3065,0.00147,172.31.36.0-255,66,145861,10,293425
3066,0.001497,74.125.130.0-255,5738,151599,10,293425
3067,0.001501,172.31.36.0-255,66,151665,10,293425
3068,0.001519,74.125.130.0-255,1484,153149,10,293425
3069,0.001529,172.31.36.0-255,66,153215,10,293425
3070,0.001547,74.125.130.0-255,2902,156117,10,293425
3071,0.001553,172.31.36.0-255,66,156183,10,293425
3072,0.001566,74.125.130.0-255,5020,161203,10,293425
3073,0.001568,172.31.36.0-255,66,161269,10,293425
3074,0.001634,74.125.130.0-255,1484,162753,10,293425
3075,0.001648,74.125.130.0-255,2902,165655,10,293425
3076,0.001652,172.31.36.0-255,66,165721,10,293425
3077,0.001678,74.125.130.0-255,2902,168623,10,293425
3078,0.001681,172.31.36.0-255,66,168689,10,293425
3079,0.001687,74.125.130.0-255,4320,173009,10,293425
3080,0.001689,172.31.36.0-255,66,173075,10,293425
3081,0.001693,74.125.130.0-255,2902,175977,10,293425
3082,0.001695,172.31.36.0-255,66,176043,10,293425
3083,0.001725,74.125.130.0-255,5738,181781,10,293425
3084,0.001728,172.31.36.0-255,66,181847,10,293425
3085,0.001735,74.125.130.0-255,7156,189003,10,293425
3086,0.001738,172.31.36.0-255,66,189069,10,293425
3087,0.001771,74.125.130.0-255,4320,193389,10,293425
3088,0.001776,172.31.36.0-255,66,193455,10,293425
3089,0.001795,74.125.130.0-255,2184,195639,10,293425
3090,0.001798,172.31.36.0-255,66,195705,10,293425
3091,0.002098,74.125.130.0-255,1484,197189,10,293425
3092,0.002116,74.125.130.0-255,2902,200091,10,293425
3093,0.00212,172.31.36.0-255,66,200157,10,293425
3094,0.002124,74.125.130.0-255,1484,201641,10,293425
3095,0.002143,74.125.130.0-255,2902,204543,10,293425
3096,0.002146,172.31.36.0-255,66,204609,10,293425
3097,0.002154,74.125.130.0-255,5738,210347,10,293425
3098,0.002157,172.31.36.0-255,66,210413,10,293425
3099,0.002176,74.125.130.0-255,2902,213315,10,293425
3100,0.002179,172.31.36.0-255,66,213381,10,293425
3101,0.002187,74.125.130.0-255,7156,220537,10,293425
3102,0.002189,172.31.36.0-255,66,220603,10,293425
3103,0.002241,74.125.130.0-255,7156,227759,10,293425
3104,0.002245,172.31.36.0-255,66,227825,10,293425
3105,0.002268,74.125.130.0-255,1484,229309,10,293425
3106,0.002271,74.125.130.0-255,766,230075,10,293425
3107,0.002275,172.31.36.0-255,66,230141,10,293425
3108,0.004638,74.125.130.0-255,2902,233043,10,293425
3109,0.004645,172.31.36.0-255,66,233109,10,293425
3110,0.004668,74.125.130.0-255,2902,236011,10,293425
3111,0.004672,172.31.36.0-255,66,236077,10,293425
3112,0.007055,74.125.130.0-255,4320,240397,10,293425
3113,0.00707,172.31.36.0-255,66,240463,10,293425
3114,0.007088,74.125.130.0-255,1484,241947,10,293425
3115,0.009477,74.125.130.0-255,4320,246267,10,293425
3116,0.009482,172.31.36.0-255,66,246333,10,293425
3117,0.011897,74.125.130.0-255,5738,252071,10,293425
3118,0.011905,172.31.36.0-255,66,252137,10,293425
3119,0.014325,74.125.130.0-255,2902,255039,10,293425
3120,0.014337,172.31.36.0-255,66,255105,10,293425
3121,0.014364,74.125.130.0-255,2902,258007,10,293425
3122,0.014368,172.31.36.0-255,66,258073,10,293425
3123,0.016748,74.125.130.0-255,2902,260975,10,293425
3124,0.01676,172.31.36.0-255,66,261041,10,293425
3125,0.016788,74.125.130.0-255,2902,263943,10,293425
3126,0.016792,172.31.36.0-255,66,264009,10,293425
3127,0.019165,74.125.130.0-255,2902,266911,10,293425
3128,0.019177,172.31.36.0-255,66,266977,10,293425
3129,0.019204,74.125.130.0-255,2902,269879,10,293425
3130,0.019209,172.31.36.0-255,66,269945,10,293425
3131,0.021578,74.125.130.0-255,2902,272847,10,293425
3132,0.021588,172.31.36.0-255,66,272913,10,293425
3133,0.02163,74.125.130.0-255,2902,275815,10,293425
3134,0.021633,172.31.36.0-255,66,275881,10,293425
3135,0.023984,74.125.130.0-255,2902,278783,10,293425
3136,0.023992,172.31.36.0-255,66,278849,10,293425
3137,0.024018,74.125.130.0-255,2902,281751,10,293425
3138,0.024022,172.31.36.0-255,66,281817,10,293425
3139,0.026407,74.125.130.0-255,5738,287555,10,293425
3140,0.026414,172.31.36.0-255,66,287621,10,293425
3141,0.028815,74.125.130.0-255,5738,293359,10,293425
3142,0.028824,172.31.36.0-255,66,293425,10,293425
3143,0.0,74.125.24.0-255,146,146,10,288108
3144,2.5e-05,172.31.36.0-255,66,212,10,288108
3145,3.2e-05,74.125.24.0-255,1484,1696,10,288108
3146,3.6e-05,172.31.36.0-255,66,1762,10,288108
3147,4.1e-05,74.125.24.0-255,2902,4664,10,288108
3148,4.4e-05,172.31.36.0-255,66,4730,10,288108
3149,6.8e-05,74.125.24.0-255,7156,11886,10,288108
3150,7.1e-05,172.31.36.0-255,66,11952,10,288108
3151,7.4e-05,74.125.24.0-255,1484,13436,10,288108
3152,7.5e-05,172.31.36.0-255,66,13502,10,288108
3153,9.8e-05,74.125.24.0-255,2902,16404,10,288108
3154,0.000101,172.31.36.0-255,66,16470,10,288108
3155,0.000132,172.31.36.0-255,66,16536,10,288108
3156,0.000141,74.125.24.0-255,6797,23333,10,288108
3157,0.000144,172.31.36.0-255,66,23399,10,288108
3158,0.000257,74.125.24.0-255,1484,24883,10,288108
3159,0.000261,172.31.36.0-255,66,24949,10,288108
3160,0.000275,74.125.24.0-255,2902,27851,10,288108
3161,0.000281,172.31.36.0-255,66,27917,10,288108
3162,0.000301,74.125.24.0-255,5738,33655,10,288108
3163,0.000305,172.31.36.0-255,66,33721,10,288108
3164,0.000316,172.31.36.0-255,66,33787,10,288108
3165,0.000336,74.125.24.0-255,4320,38107,10,288108
3166,0.000339,172.31.36.0-255,66,38173,10,288108
3167,0.000351,172.31.36.0-255,66,38239,10,288108
3168,0.000353,74.125.24.0-255,1099,39338,10,288108
3169,0.000355,172.31.36.0-255,66,39404,10,288108
3170,0.000739,74.125.24.0-255,110,39514,10,288108
3171,0.000744,172.31.36.0-255,66,39580,10,288108
3172,0.000794,74.125.24.0-255,1484,41064,10,288108
3173,0.0008,74.125.24.0-255,2902,43966,10,288108
3174,0.000804,172.31.36.0-255,66,44032,10,288108
3175,0.000826,74.125.24.0-255,7156,51188,10,288108
3176,0.000829,172.31.36.0-255,66,51254,10,288108
3177,0.000849,74.125.24.0-255,4320,55574,10,288108
3178,0.000852,172.31.36.0-255,66,55640,10,288108
3179,0.000869,74.125.24.0-255,4320,59960,10,288108
3180,0.000871,172.31.36.0-255,66,60026,10,288108
3181,0.000889,74.125.24.0-255,5738,65764,10,288108
3182,0.000892,172.31.36.0-255,66,65830,10,288108
3183,0.000914,172.31.36.0-255,66,65896,10,288108
3184,0.000996,74.125.24.0-255,331,66227,10,288108
3185,0.001106,172.31.36.0-255,66,66293,10,288108
3186,0.001526,74.125.24.0-255,1484,67777,10,288108
3187,0.001537,74.125.24.0-255,2902,70679,10,288108
3188,0.001542,172.31.36.0-255,66,70745,10,288108
3189,0.001548,74.125.24.0-255,2902,73647,10,288108
3190,0.00155,172.31.36.0-255,66,73713,10,288108
3191,0.001564,74.125.24.0-255,2902,76615,10,288108
3192,0.001567,172.31.36.0-255,66,76681,10,288108
3193,0.001573,74.125.24.0-255,5738,82419,10,288108
3194,0.001575,172.31.36.0-255,66,82485,10,288108
3195,0.001605,74.125.24.0-255,7156,89641,10,288108
3196,0.001608,172.31.36.0-255,66,89707,10,288108
3197,0.001619,172.31.36.0-255,66,89773,10,288108
3198,0.001622,74.125.24.0-255,766,90539,10,288108
3199,0.001731,74.125.24.0-255,1484,92023,10,288108
3200,0.001735,172.31.36.0-255,66,92089,10,288108
3201,0.001741,74.125.24.0-255,2902,94991,10,288108
3202,0.001742,172.31.36.0-255,66,95057,10,288108
3203,0.001768,74.125.24.0-255,5738,100795,10,288108
3204,0.00177,172.31.36.0-255,66,100861,10,288108
3205,0.001775,74.125.24.0-255,4320,105181,10,288108
3206,0.001777,172.31.36.0-255,66,105247,10,288108
3207,0.00178,74.125.24.0-255,1484,106731,10,288108
3208,0.001815,172.31.36.0-255,66,106797,10,288108
3209,0.001825,172.31.36.0-255,66,106863,10,288108
3210,0.001874,74.125.24.0-255,1484,108347,10,288108
3211,0.001877,74.125.24.0-255,2902,111249,10,288108
3212,0.00188,172.31.36.0-255,66,111315,10,288108
3213,0.001886,74.125.24.0-255,5738,117053,10,288108
3214,0.001888,172.31.36.0-255,66,117119,10,288108
3215,0.001891,74.125.24.0-255,2902,120021,10,288108
3216,0.001893,172.31.36.0-255,66,120087,10,288108
3217,0.001929,172.31.36.0-255,66,120153,10,288108
3218,0.001948,74.125.24.0-255,4320,124473,10,288108
3219,0.00195,172.31.36.0-255,66,124539,10,288108
3220,0.00197,74.125.24.0-255,6438,130977,10,288108
3221,0.001972,172.31.36.0-255,66,131043,10,288108
3222,0.001991,74.125.24.0-255,1484,132527,10,288108
3223,0.002006,74.125.24.0-255,2902,135429,10,288108
3224,0.002008,172.31.36.0-255,66,135495,10,288108
3225,0.002013,74.125.24.0-255,2902,138397,10,288108
3226,0.002016,172.31.36.0-255,66,138463,10,288108
3227,0.002027,74.125.24.0-255,2902,141365,10,288108
3228,0.002029,172.31.36.0-255,66,141431,10,288108
3229,0.002044,74.125.24.0-255,4320,145751,10,288108
3230,0.002046,172.31.36.0-255,66,145817,10,288108
3231,0.002057,74.125.24.0-255,2902,148719,10,288108
3232,0.002059,172.31.36.0-255,66,148785,10,288108
3233,0.002077,74.125.24.0-255,2902,151687,10,288108
3234,0.002079,172.31.36.0-255,66,151753,10,288108
3235,0.002107,74.125.24.0-255,5738,157491,10,288108
3236,0.002111,172.31.36.0-255,66,157557,10,288108
3237,0.002121,172.31.36.0-255,66,157623,10,288108
3238,0.00217,74.125.24.0-255,1484,159107,10,288108
3239,0.002175,74.125.24.0-255,2902,162009,10,288108
3240,0.002179,172.31.36.0-255,66,162075,10,288108
3241,0.002197,74.125.24.0-255,5738,167813,10,288108
3242,0.0022,172.31.36.0-255,66,167879,10,288108
3243,0.002204,74.125.24.0-255,2902,170781,10,288108
3244,0.002206,172.31.36.0-255,66,170847,10,288108
3245,0.002231,74.125.24.0-255,4320,175167,10,288108
3246,0.002234,172.31.36.0-255,66,175233,10,288108
3247,0.002238,74.125.24.0-255,1484,176717,10,288108
3248,0.002265,172.31.36.0-255,66,176783,10,288108
3249,0.00229,74.125.24.0-255,2184,178967,10,288108
3250,0.002294,172.31.36.0-255,66,179033,10,288108
3251,0.0024,74.125.24.0-255,1484,180517,10,288108
3252,0.002406,74.125.24.0-255,2902,183419,10,288108
3253,0.00241,172.31.36.0-255,66,183485,10,288108
3254,0.002414,74.125.24.0-255,1484,184969,10,288108
3255,0.002433,74.125.24.0-255,4320,189289,10,288108
3256,0.002436,172.31.36.0-255,66,189355,10,288108
3257,0.002442,74.125.24.0-255,4320,193675,10,288108
3258,0.002444,172.31.36.0-255,66,193741,10,288108
3259,0.002468,172.31.36.0-255,66,193807,10,288108
3260,0.002475,74.125.24.0-255,7156,200963,10,288108
3261,0.002478,172.31.36.0-255,66,201029,10,288108
3262,0.002481,74.125.24.0-255,1484,202513,10,288108
3263,0.002497,74.125.24.0-255,2184,204697,10,288108
3264,0.0025,172.31.36.0-255,66,204763,10,288108
3265,0.002517,74.125.24.0-255,1484,206247,10,288108
3266,0.00253,74.125.24.0-255,2902,209149,10,288108
3267,0.002533,172.31.36.0-255,66,209215,10,288108
3268,0.002556,74.125.24.0-255,4320,213535,10,288108
3269,0.002559,172.31.36.0-255,66,213601,10,288108
3270,0.002577,74.125.24.0-255,1484,215085,10,288108
3271,0.002582,74.125.24.0-255,2902,217987,10,288108
3272,0.002585,172.31.36.0-255,66,218053,10,288108
3273,0.002588,74.125.24.0-255,1484,219537,10,288108
3274,0.002613,172.31.36.0-255,66,219603,10,288108
3275,0.002616,74.125.24.0-255,1484,221087,10,288108
3276,0.002668,74.125.24.0-255,4320,225407,10,288108
3277,0.002672,172.31.36.0-255,66,225473,10,288108
3278,0.002695,74.125.24.0-255,5020,230493,10,288108
3279,0.002698,172.31.36.0-255,66,230559,10,288108
3280,0.002703,74.125.24.0-255,2902,233461,10,288108
3281,0.002705,172.31.36.0-255,66,233527,10,288108
3282,0.002711,74.125.24.0-255,4320,237847,10,288108
3283,0.002714,172.31.36.0-255,66,237913,10,288108
3284,0.002719,74.125.24.0-255,5738,243651,10,288108
3285,0.002723,172.31.36.0-255,66,243717,10,288108
3286,0.002764,74.125.24.0-255,5738,249455,10,288108
3287,0.002768,172.31.36.0-255,66,249521,10,288108
3288,0.002793,74.125.24.0-255,1484,251005,10,288108
3289,0.002808,172.31.36.0-255,66,251071,10,288108
3290,0.002882,74.125.24.0-255,1484,252555,10,288108
3291,0.002886,74.125.24.0-255,1484,254039,10,288108
3292,0.002888,172.31.36.0-255,66,254105,10,288108
3293,0.002905,74.125.24.0-255,1484,255589,10,288108
3294,0.00291,74.125.24.0-255,5738,261327,10,288108
3295,0.002913,172.31.36.0-255,66,261393,10,288108
3296,0.002916,74.125.24.0-255,1484,262877,10,288108
3297,0.002942,172.31.36.0-255,66,262943,10,288108
3298,0.00296,74.125.24.0-255,2902,265845,10,288108
3299,0.002962,172.31.36.0-255,66,265911,10,288108
3300,0.002978,74.125.24.0-255,5738,271649,10,288108
3301,0.002981,172.31.36.0-255,66,271715,10,288108
3302,0.003001,74.125.24.0-255,2184,273899,10,288108
3303,0.003003,172.31.36.0-255,66,273965,10,288108
3304,0.00303,74.125.24.0-255,1484,275449,10,288108
3305,0.003033,74.125.24.0-255,1484,276933,10,288108
3306,0.003035,172.31.36.0-255,66,276999,10,288108
3307,0.003046,74.125.24.0-255,1484,278483,10,288108
3308,0.003066,74.125.24.0-255,4320,282803,10,288108
3309,0.003068,172.31.36.0-255,66,282869,10,288108
3310,0.003071,74.125.24.0-255,1484,284353,10,288108
3311,0.00309,74.125.24.0-255,3250,287603,10,288108
3312,0.003093,172.31.36.0-255,66,287669,10,288108
3313,0.003096,74.125.24.0-255,97,287766,10,288108
3314,0.003134,74.125.24.0-255,105,287871,10,288108
3315,0.009463,172.31.36.0-255,66,287937,10,288108
3316,0.009492,172.31.36.0-255,105,288042,10,288108
3317,0.011835,74.125.24.0-255,66,288108,10,288108
3318,0.0,172.217.194.0-255,152,152,10,204747
3319,3.4e-05,172.31.36.0-255,66,218,10,204747
3320,4.1e-05,172.217.194.0-255,1484,1702,10,204747
3321,4.5e-05,172.31.36.0-255,66,1768,10,204747
3322,4.8e-05,172.217.194.0-255,1484,3252,10,204747
3323,5.8e-05,172.31.36.0-255,66,3318,10,204747
3324,8.4e-05,172.217.194.0-255,1484,4802,10,204747
3325,8.7e-05,172.31.36.0-255,66,4868,10,204747
3326,9.6e-05,172.217.194.0-255,5738,10606,10,204747
3327,9.8e-05,172.31.36.0-255,66,10672,10,204747
3328,0.000103,172.217.194.0-255,3501,14173,10,204747
3329,0.000105,172.31.36.0-255,66,14239,10,204747
3330,0.000108,172.217.194.0-255,1484,15723,10,204747
3331,0.00011,172.31.36.0-255,66,15789,10,204747
3332,0.000154,172.31.36.0-255,66,15855,10,204747
3333,0.000161,172.217.194.0-255,5379,21234,10,204747
3334,0.000164,172.31.36.0-255,66,21300,10,204747
3335,0.00019,172.217.194.0-255,1484,22784,10,204747
3336,0.000192,172.31.36.0-255,66,22850,10,204747
3337,0.000196,172.217.194.0-255,1484,24334,10,204747
3338,0.000199,172.31.36.0-255,66,24400,10,204747
3339,0.00023,172.217.194.0-255,1484,25884,10,204747
3340,0.000233,172.31.36.0-255,66,25950,10,204747
3341,0.00024,172.217.194.0-255,5738,31688,10,204747
3342,0.000242,172.31.36.0-255,66,31754,10,204747
3343,0.000266,172.31.36.0-255,66,31820,10,204747
3344,0.000268,172.31.36.0-255,66,31886,10,204747
3345,0.000288,172.217.194.0-255,1377,33263,10,204747
3346,0.000291,172.31.36.0-255,66,33329,10,204747
3347,0.000338,172.217.194.0-255,116,33445,10,204747
3348,0.000358,172.217.194.0-255,384,33829,10,204747
3349,0.00054,172.217.194.0-255,1484,35313,10,204747
3350,0.000545,172.31.36.0-255,66,35379,10,204747
3351,0.000551,172.217.194.0-255,2902,38281,10,204747
3352,0.000553,172.31.36.0-255,66,38347,10,204747
3353,0.000565,172.217.194.0-255,4320,42667,10,204747
3354,0.000567,172.31.36.0-255,66,42733,10,204747
3355,0.00059,172.217.194.0-255,1484,44217,10,204747
3356,0.00062,172.217.194.0-255,6797,51014,10,204747
3357,0.000624,172.31.36.0-255,66,51080,10,204747
3358,0.000631,172.217.194.0-255,7156,58236,10,204747
3359,0.000633,172.31.36.0-255,66,58302,10,204747
3360,0.000668,172.217.194.0-255,5738,64040,10,204747
3361,0.000671,172.31.36.0-255,66,64106,10,204747
3362,0.000698,172.217.194.0-255,3961,68067,10,204747
3363,0.000701,172.31.36.0-255,66,68133,10,204747
3364,0.000917,172.217.194.0-255,1484,69617,10,204747
3365,0.000924,172.217.194.0-255,2902,72519,10,204747
3366,0.000928,172.31.36.0-255,66,72585,10,204747
3367,0.000933,172.217.194.0-255,2902,75487,10,204747
3368,0.000935,172.31.36.0-255,66,75553,10,204747
3369,0.000968,172.217.194.0-255,2902,78455,10,204747
3370,0.000971,172.31.36.0-255,66,78521,10,204747
3371,0.000984,172.31.36.0-255,66,78587,10,204747
3372,0.00106,172.31.36.0-255,66,78653,10,204747
3373,0.001074,172.31.36.0-255,66,78719,10,204747
3374,0.001081,172.217.194.0-255,5738,84457,10,204747
3375,0.001086,172.31.36.0-255,66,84523,10,204747
3376,0.001103,172.217.194.0-255,1484,86007,10,204747
3377,0.001126,172.217.194.0-255,4320,90327,10,204747
3378,0.001129,172.31.36.0-255,66,90393,10,204747
3379,0.001169,172.31.36.0-255,66,90459,10,204747
3380,0.001172,172.217.194.0-255,1484,91943,10,204747
3381,0.001176,172.217.194.0-255,2902,94845,10,204747
3382,0.001178,172.31.36.0-255,66,94911,10,204747
3383,0.001202,172.217.194.0-255,5738,100649,10,204747
3384,0.001205,172.31.36.0-255,66,100715,10,204747
3385,0.001213,172.217.194.0-255,1484,102199,10,204747
3386,0.001246,172.31.36.0-255,66,102265,10,204747
3387,0.001249,172.217.194.0-255,1484,103749,10,204747
3388,0.001281,172.31.36.0-255,66,103815,10,204747
3389,0.001358,172.217.194.0-255,1484,105299,10,204747
3390,0.001362,172.217.194.0-255,1484,106783,10,204747
3391,0.001364,172.31.36.0-255,66,106849,10,204747
3392,0.001383,172.217.194.0-255,1484,108333,10,204747
3393,0.00139,172.217.194.0-255,5738,114071,10,204747
3394,0.001393,172.31.36.0-255,66,114137,10,204747
3395,0.001395,172.217.194.0-255,7156,121293,10,204747
3396,0.001398,172.31.36.0-255,66,121359,10,204747
3397,0.001425,172.217.194.0-255,5738,127097,10,204747
3398,0.001429,172.31.36.0-255,66,127163,10,204747
3399,0.001441,172.31.36.0-255,66,127229,10,204747
3400,0.001478,172.217.194.0-255,1484,128713,10,204747
3401,0.001483,172.217.194.0-255,2902,131615,10,204747
3402,0.001485,172.31.36.0-255,66,131681,10,204747
3403,0.00149,172.217.194.0-255,2902,134583,10,204747
3404,0.001492,172.31.36.0-255,66,134649,10,204747
3405,0.001511,172.217.194.0-255,2902,137551,10,204747
3406,0.001513,172.31.36.0-255,66,137617,10,204747
3407,0.00153,172.217.194.0-255,7156,144773,10,204747
3408,0.001533,172.31.36.0-255,66,144839,10,204747
3409,0.00157,172.217.194.0-255,5738,150577,10,204747
3410,0.001574,172.31.36.0-255,66,150643,10,204747
3411,0.001585,172.31.36.0-255,66,150709,10,204747
3412,0.001587,172.217.194.0-255,766,151475,10,204747
3413,0.001629,172.217.194.0-255,1484,152959,10,204747
3414,0.001632,172.31.36.0-255,66,153025,10,204747
3415,0.001637,172.217.194.0-255,2902,155927,10,204747
3416,0.00164,172.31.36.0-255,66,155993,10,204747
3417,0.001644,172.217.194.0-255,2902,158895,10,204747
3418,0.001652,172.31.36.0-255,66,158961,10,204747
3419,0.001686,172.217.194.0-255,2902,161863,10,204747
3420,0.001689,172.31.36.0-255,66,161929,10,204747
3421,0.001702,172.31.36.0-255,66,161995,10,204747
3422,0.001714,172.31.36.0-255,66,162061,10,204747
3423,0.001784,172.31.36.0-255,66,162127,10,204747
3424,0.001806,172.217.194.0-255,766,162893,10,204747
3425,0.001821,172.31.36.0-255,66,162959,10,204747
3426,0.001827,172.31.36.0-255,66,163025,10,204747
3427,0.001952,172.217.194.0-255,1484,164509,10,204747
3428,0.001958,172.217.194.0-255,2902,167411,10,204747
3429,0.001961,172.31.36.0-255,66,167477,10,204747
3430,0.001972,172.217.194.0-255,1484,168961,10,204747
3431,0.001994,172.217.194.0-255,4320,173281,10,204747
3432,0.001996,172.31.36.0-255,66,173347,10,204747
3433,0.002002,172.217.194.0-255,4320,177667,10,204747
3434,0.002003,172.31.36.0-255,66,177733,10,204747
3435,0.002007,172.217.194.0-255,1484,179217,10,204747
3436,0.002048,172.31.36.0-255,66,179283,10,204747
3437,0.002058,172.31.36.0-255,66,179349,10,204747
3438,0.002096,172.31.36.0-255,66,179415,10,204747
3439,0.002098,172.217.194.0-255,7156,186571,10,204747
3440,0.0021,172.31.36.0-255,66,186637,10,204747
3441,0.00212,172.217.194.0-255,1484,188121,10,204747
3442,0.002141,172.217.194.0-255,5738,193859,10,204747
3443,0.002144,172.31.36.0-255,66,193925,10,204747
3444,0.002183,172.31.36.0-255,66,193991,10,204747
3445,0.002189,172.217.194.0-255,4320,198311,10,204747
3446,0.002192,172.31.36.0-255,66,198377,10,204747
3447,0.002218,172.217.194.0-255,5962,204339,10,204747
3448,0.002221,172.31.36.0-255,66,204405,10,204747
3449,0.002224,172.217.194.0-255,105,204510,10,204747
3450,0.003659,172.31.36.0-255,66,204576,10,204747
3451,0.003687,172.31.36.0-255,105,204681,10,204747
3452,0.00609,172.217.194.0-255,66,204747,10,204747
3453,0.0,172.217.194.0-255,153,153,10,173571
3454,2.2e-05,172.31.36.0-255,66,219,10,173571
3455,2.9e-05,172.217.194.0-255,1484,1703,10,173571
3456,3.3e-05,172.31.36.0-255,66,1769,10,173571
3457,3.8e-05,172.217.194.0-255,2902,4671,10,173571
3458,5.3e-05,172.31.36.0-255,66,4737,10,173571
3459,6.1e-05,172.217.194.0-255,7156,11893,10,173571
3460,6.4e-05,172.31.36.0-255,66,11959,10,173571
3461,7.1e-05,172.217.194.0-255,5738,17697,10,173571
3462,7.4e-05,172.31.36.0-255,66,17763,10,173571
3463,0.000106,172.217.194.0-255,3428,21191,10,173571
3464,0.000114,172.31.36.0-255,66,21257,10,173571
3465,0.000126,172.31.36.0-255,66,21323,10,173571
3466,0.000165,172.217.194.0-255,1484,22807,10,173571
3467,0.000168,172.31.36.0-255,66,22873,10,173571
3468,0.000171,172.217.194.0-255,1484,24357,10,173571
3469,0.000173,172.31.36.0-255,66,24423,10,173571
3470,0.000207,172.217.194.0-255,1484,25907,10,173571
3471,0.000211,172.31.36.0-255,66,25973,10,173571
3472,0.000218,172.217.194.0-255,5738,31711,10,173571
3473,0.00022,172.31.36.0-255,66,31777,10,173571
3474,0.000241,172.31.36.0-255,66,31843,10,173571
3475,0.000253,172.31.36.0-255,66,31909,10,173571
3476,0.000256,172.217.194.0-255,1416,33325,10,173571
3477,0.000258,172.31.36.0-255,66,33391,10,173571
3478,0.000288,172.217.194.0-255,365,33756,10,173571
3479,0.000291,172.31.36.0-255,66,33822,10,173571
3480,0.000449,172.217.194.0-255,1484,35306,10,173571
3481,0.000455,172.31.36.0-255,66,35372,10,173571
3482,0.000461,172.217.194.0-255,2902,38274,10,173571
3483,0.000467,172.217.194.0-255,5738,44012,10,173571
3484,0.000468,172.31.36.0-255,66,44078,10,173571
3485,0.000471,172.31.36.0-255,66,44144,10,173571
3486,0.000506,172.217.194.0-255,5738,49882,10,173571
3487,0.00051,172.31.36.0-255,66,49948,10,173571
3488,0.000552,172.31.36.0-255,66,50014,10,173571
3489,0.000583,172.217.194.0-255,4320,54334,10,173571
3490,0.000587,172.31.36.0-255,66,54400,10,173571
3491,0.00059,172.217.194.0-255,766,55166,10,173571
3492,0.000811,172.217.194.0-255,1484,56650,10,173571
3493,0.000817,172.31.36.0-255,66,56716,10,173571
3494,0.000826,172.217.194.0-255,2902,59618,10,173571
3495,0.000829,172.31.36.0-255,66,59684,10,173571
3496,0.00084,172.217.194.0-255,5738,65422,10,173571
3497,0.000843,172.31.36.0-255,66,65488,10,173571
3498,0.000849,172.217.194.0-255,4320,69808,10,173571
3499,0.000851,172.31.36.0-255,66,69874,10,173571
3500,0.000892,172.31.36.0-255,66,69940,10,173571
3501,0.000904,172.31.36.0-255,66,70006,10,173571
3502,0.001194,172.217.194.0-255,1484,71490,10,173571
3503,0.001201,172.217.194.0-255,2902,74392,10,173571
3504,0.001204,172.31.36.0-255,66,74458,10,173571
3505,0.00121,172.217.194.0-255,2902,77360,10,173571
3506,0.001212,172.31.36.0-255,66,77426,10,173571
3507,0.001237,172.217.194.0-255,2902,80328,10,173571
3508,0.00124,172.31.36.0-255,66,80394,10,173571
3509,0.00126,172.31.36.0-255,66,80460,10,173571
3510,0.001295,172.217.194.0-255,5738,86198,10,173571
3511,0.001305,172.31.36.0-255,66,86264,10,173571
3512,0.00133,172.217.194.0-255,5020,91284,10,173571
3513,0.001334,172.31.36.0-255,66,91350,10,173571
3514,0.001392,172.217.194.0-255,1484,92834,10,173571
3515,0.001398,172.217.194.0-255,2902,95736,10,173571
3516,0.001401,172.31.36.0-255,66,95802,10,173571
3517,0.001436,172.217.194.0-255,5738,101540,10,173571
3518,0.001439,172.31.36.0-255,66,101606,10,173571
3519,0.001446,172.217.194.0-255,5738,107344,10,173571
3520,0.001448,172.31.36.0-255,66,107410,10,173571
3521,0.001471,172.217.194.0-255,4320,111730,10,173571
3522,0.001475,172.31.36.0-255,66,111796,10,173571
3523,0.001489,172.31.36.0-255,66,111862,10,173571
3524,0.001509,172.217.194.0-255,2184,114046,10,173571
3525,0.001512,172.31.36.0-255,66,114112,10,173571
3526,0.00163,172.217.194.0-255,1484,115596,10,173571
3527,0.001644,172.217.194.0-255,2902,118498,10,173571
3528,0.001648,172.31.36.0-255,66,118564,10,173571
3529,0.001677,172.217.194.0-255,5738,124302,10,173571
3530,0.001681,172.31.36.0-255,66,124368,10,173571
3531,0.001723,172.31.36.0-255,66,124434,10,173571
3532,0.001733,172.31.36.0-255,66,124500,10,173571
3533,0.001746,172.217.194.0-255,4320,128820,10,173571
3534,0.001749,172.31.36.0-255,66,128886,10,173571
3535,0.001782,172.217.194.0-255,766,129652,10,173571
3536,0.001852,172.217.194.0-255,1484,131136,10,173571
3537,0.001856,172.31.36.0-255,66,131202,10,173571
3538,0.001861,172.217.194.0-255,2902,134104,10,173571
3539,0.001863,172.31.36.0-255,66,134170,10,173571
3540,0.001866,172.217.194.0-255,1484,135654,10,173571
3541,0.001899,172.217.194.0-255,4320,139974,10,173571
3542,0.001902,172.31.36.0-255,66,140040,10,173571
3543,0.00193,172.31.36.0-255,66,140106,10,173571
3544,0.001934,172.217.194.0-255,1484,141590,10,173571
3545,0.001948,172.31.36.0-255,66,141656,10,173571
3546,0.001981,172.217.194.0-255,3602,145258,10,173571
3547,0.001985,172.31.36.0-255,66,145324,10,173571
3548,0.002002,172.31.36.0-255,66,145390,10,173571
3549,0.00205,172.217.194.0-255,4320,149710,10,173571
3550,0.002054,172.31.36.0-255,66,149776,10,173571
3551,0.002102,172.31.36.0-255,66,149842,10,173571
3552,0.002117,172.31.36.0-255,66,149908,10,173571
3553,0.002138,172.31.36.0-255,66,149974,10,173571
3554,0.002154,172.31.36.0-255,66,150040,10,173571
3555,0.002184,172.217.194.0-255,5738,155778,10,173571
3556,0.002188,172.31.36.0-255,66,155844,10,173571
3557,0.002245,172.31.36.0-255,66,155910,10,173571
3558,0.002251,172.217.194.0-255,2184,158094,10,173571
3559,0.002258,172.31.36.0-255,66,158160,10,173571
3560,0.002272,172.217.194.0-255,1484,159644,10,173571
3561,0.002277,172.217.194.0-255,2902,162546,10,173571
3562,0.00228,172.31.36.0-255,66,162612,10,173571
3563,0.00229,172.217.194.0-255,2902,165514,10,173571
3564,0.002292,172.31.36.0-255,66,165580,10,173571
3565,0.002315,172.217.194.0-255,2902,168482,10,173571
3566,0.002323,172.31.36.0-255,66,168548,10,173571
3567,0.002329,172.217.194.0-255,4615,173163,10,173571
3568,0.002332,172.31.36.0-255,66,173229,10,173571
3569,0.00236,172.217.194.0-255,105,173334,10,173571
3570,0.003699,172.31.36.0-255,66,173400,10,173571
3571,0.003726,172.31.36.0-255,105,173505,10,173571
3572,0.006306,172.217.194.0-255,66,173571,10,173571
3573,0.0,172.217.194.0-255,144,144,10,201219
3574,2.1e-05,172.31.36.0-255,66,210,10,201219
3575,2.8e-05,172.217.194.0-255,1484,1694,10,201219
3576,3.3e-05,172.31.36.0-255,66,1760,10,201219
3577,3.9e-05,172.217.194.0-255,2902,4662,10,201219
3578,4.1e-05,172.31.36.0-255,66,4728,10,201219
3579,5.8e-05,172.217.194.0-255,7156,11884,10,201219
3580,6.1e-05,172.31.36.0-255,66,11950,10,201219
3581,6.4e-05,172.217.194.0-255,1484,13434,10,201219
3582,6.6e-05,172.31.36.0-255,66,13500,10,201219
3583,9.6e-05,172.217.194.0-255,5738,19238,10,201219
3584,9.9e-05,172.31.36.0-255,66,19304,10,201219
3585,0.000129,172.217.194.0-255,3466,22770,10,201219
3586,0.000132,172.31.36.0-255,66,22836,10,201219
3587,0.000145,172.31.36.0-255,66,22902,10,201219
3588,0.000168,172.217.194.0-255,7156,30058,10,201219
3589,0.00017,172.31.36.0-255,66,30124,10,201219
3590,0.000206,172.31.36.0-255,66,30190,10,201219
3591,0.000369,172.217.194.0-255,1484,31674,10,201219
3592,0.000374,172.31.36.0-255,66,31740,10,201219
3593,0.00038,172.217.194.0-255,2902,34642,10,201219
3594,0.000382,172.31.36.0-255,66,34708,10,201219
3595,0.000386,172.217.194.0-255,1484,36192,10,201219
3596,0.000393,172.31.36.0-255,66,36258,10,201219
3597,0.000428,172.217.194.0-255,4320,40578,10,201219
3598,0.000431,172.31.36.0-255,66,40644,10,201219
3599,0.000437,172.217.194.0-255,5738,46382,10,201219
3600,0.00044,172.31.36.0-255,66,46448,10,201219
3601,0.000463,172.217.194.0-255,1125,47573,10,201219
3602,0.000466,172.31.36.0-255,66,47639,10,201219
3603,0.000509,172.217.194.0-255,1484,49123,10,201219
3604,0.000514,172.217.194.0-255,2902,52025,10,201219
3605,0.000517,172.31.36.0-255,66,52091,10,201219
3606,0.000547,172.217.194.0-255,5738,57829,10,201219
3607,0.00055,172.31.36.0-255,66,57895,10,201219
3608,0.000556,172.217.194.0-255,5738,63633,10,201219
3609,0.000559,172.31.36.0-255,66,63699,10,201219
3610,0.000595,172.31.36.0-255,66,63765,10,201219
3611,0.000608,172.31.36.0-255,66,63831,10,201219
3612,0.000612,172.217.194.0-255,1704,65535,10,201219
3613,0.000615,172.31.36.0-255,66,65601,10,201219
3614,0.00095,172.217.194.0-255,1484,67085,10,201219
3615,0.000957,172.217.194.0-255,2902,69987,10,201219
3616,0.00096,172.31.36.0-255,66,70053,10,201219
3617,0.000968,172.217.194.0-255,5738,75791,10,201219
3618,0.00097,172.31.36.0-255,66,75857,10,201219
3619,0.000973,172.217.194.0-255,1484,77341,10,201219
3620,0.001006,172.217.194.0-255,4320,81661,10,201219
3621,0.001009,172.31.36.0-255,66,81727,10,201219
3622,0.001023,172.31.36.0-255,66,81793,10,201219
3623,0.001048,172.217.194.0-255,1484,83277,10,201219
3624,0.001055,172.217.194.0-255,5020,88297,10,201219
3625,0.001057,172.31.36.0-255,66,88363,10,201219
3626,0.001159,172.217.194.0-255,1484,89847,10,201219
3627,0.001164,172.217.194.0-255,2902,92749,10,201219
3628,0.001167,172.31.36.0-255,66,92815,10,201219
3629,0.001173,172.217.194.0-255,4320,97135,10,201219
3630,0.001175,172.31.36.0-255,66,97201,10,201219
3631,0.001194,172.217.194.0-255,1484,98685,10,201219
3632,0.0012,172.217.194.0-255,5738,104423,10,201219
3633,0.001203,172.31.36.0-255,66,104489,10,201219
3634,0.00121,172.217.194.0-255,5738,110227,10,201219
3635,0.001213,172.31.36.0-255,66,110293,10,201219
3636,0.001252,172.217.194.0-255,7156,117449,10,201219
3637,0.001256,172.31.36.0-255,66,117515,10,201219
3638,0.001262,172.217.194.0-255,5020,122535,10,201219
3639,0.001264,172.31.36.0-255,66,122601,10,201219
3640,0.001329,172.217.194.0-255,1484,124085,10,201219
3641,0.001334,172.217.194.0-255,2902,126987,10,201219
3642,0.001338,172.31.36.0-255,66,127053,10,201219
3643,0.001344,172.217.194.0-255,5738,132791,10,201219
3644,0.001347,172.31.36.0-255,66,132857,10,201219
3645,0.001364,172.217.194.0-255,4320,137177,10,201219
3646,0.001367,172.31.36.0-255,66,137243,10,201219
3647,0.001403,172.31.36.0-255,66,137309,10,201219
3648,0.00142,172.31.36.0-255,66,137375,10,201219
3649,0.003789,172.217.194.0-255,5738,143113,10,201219
3650,0.003795,172.31.36.0-255,66,143179,10,201219
3651,0.006167,172.217.194.0-255,5738,148917,10,201219
3652,0.006171,172.31.36.0-255,66,148983,10,201219
3653,0.008548,172.217.194.0-255,5738,154721,10,201219
3654,0.008555,172.31.36.0-255,66,154787,10,201219
3655,0.010964,172.217.194.0-255,5738,160525,10,201219
3656,0.010972,172.31.36.0-255,66,160591,10,201219
3657,0.013315,172.217.194.0-255,5738,166329,10,201219
3658,0.013327,172.31.36.0-255,66,166395,10,201219
3659,0.015675,172.217.194.0-255,5738,172133,10,201219
3660,0.015689,172.31.36.0-255,66,172199,10,201219
3661,0.01815,172.217.194.0-255,5738,177937,10,201219
3662,0.018163,172.31.36.0-255,66,178003,10,201219
3663,0.02058,172.217.194.0-255,5738,183741,10,201219
3664,0.02059,172.31.36.0-255,66,183807,10,201219
3665,0.02295,172.217.194.0-255,5738,189545,10,201219
3666,0.022961,172.31.36.0-255,66,189611,10,201219
3667,0.025327,172.217.194.0-255,5738,195349,10,201219
3668,0.025346,172.31.36.0-255,66,195415,10,201219
3669,0.027719,172.217.194.0-255,5738,201153,10,201219
3670,0.027736,172.31.36.0-255,66,201219,10,201219
3671,0.0,74.125.68.0-255,146,146,10,226163
3672,2.3e-05,172.31.36.0-255,66,212,10,226163
3673,3.1e-05,74.125.68.0-255,1484,1696,10,226163
3674,3.5e-05,172.31.36.0-255,66,1762,10,226163
3675,4.9e-05,74.125.68.0-255,2902,4664,10,226163
3676,5.2e-05,172.31.36.0-255,66,4730,10,226163
3677,5.9e-05,74.125.68.0-255,5738,10468,10,226163
3678,6.2e-05,172.31.36.0-255,66,10534,10,226163
3679,6.5e-05,74.125.68.0-255,1484,12018,10,226163
3680,6.8e-05,172.31.36.0-255,66,12084,10,226163
3681,9.1e-05,74.125.68.0-255,2044,14128,10,226163
3682,9.8e-05,172.31.36.0-255,66,14194,10,226163
3683,0.000131,74.125.68.0-255,1484,15678,10,226163
3684,0.000134,172.31.36.0-255,66,15744,10,226163
3685,0.000139,74.125.68.0-255,2902,18646,10,226163
3686,0.000142,172.31.36.0-255,66,18712,10,226163
3687,0.000171,74.125.68.0-255,5738,24450,10,226163
3688,0.000174,172.31.36.0-255,66,24516,10,226163
3689,0.000179,74.125.68.0-255,4320,28836,10,226163
3690,0.000181,172.31.36.0-255,66,28902,10,226163
3691,0.000198,74.125.68.0-255,1484,30386,10,226163
3692,0.000205,172.31.36.0-255,66,30452,10,226163
3693,0.000223,74.125.68.0-255,1125,31577,10,226163
3694,0.000225,172.31.36.0-255,66,31643,10,226163
3695,0.000337,74.125.68.0-255,1484,33127,10,226163
3696,0.000342,172.31.36.0-255,66,33193,10,226163
3697,0.000346,74.125.68.0-255,1484,34677,10,226163
3698,0.000348,172.31.36.0-255,66,34743,10,226163
3699,0.000372,74.125.68.0-255,1484,36227,10,226163
3700,0.000375,172.31.36.0-255,66,36293,10,226163
3701,0.000386,74.125.68.0-255,4320,40613,10,226163
3702,0.000388,172.31.36.0-255,66,40679,10,226163
3703,0.000394,74.125.68.0-255,4320,44999,10,226163
3704,0.000422,74.125.68.0-255,1484,46483,10,226163
3705,0.000429,74.125.68.0-255,5379,51862,10,226163
3706,0.000466,74.125.68.0-255,5738,57600,10,226163
3707,0.000493,74.125.68.0-255,400,58000,10,226163
3708,0.000596,172.31.36.0-255,66,58066,10,226163
3709,0.000625,74.125.68.0-255,1484,59550,10,226163
3710,0.000646,74.125.68.0-255,2902,62452,10,226163
3711,0.000651,172.31.36.0-255,66,62518,10,226163
3712,0.000664,74.125.68.0-255,4320,66838,10,226163
3713,0.000683,74.125.68.0-255,1484,68322,10,226163
3714,0.000686,74.125.68.0-255,1484,69806,10,226163
3715,0.00069,74.125.68.0-255,1484,71290,10,226163
3716,0.000705,74.125.68.0-255,1484,72774,10,226163
3717,0.00071,172.31.36.0-255,66,72840,10,226163
3718,0.000753,74.125.68.0-255,2797,75637,10,226163
3719,0.000761,172.31.36.0-255,66,75703,10,226163
3720,0.001003,74.125.68.0-255,1484,77187,10,226163
3721,0.00102,74.125.68.0-255,2902,80089,10,226163
3722,0.001025,74.125.68.0-255,2902,82991,10,226163
3723,0.001038,74.125.68.0-255,2902,85893,10,226163
3724,0.001058,74.125.68.0-255,2902,88795,10,226163
3725,0.001064,74.125.68.0-255,4320,93115,10,226163
3726,0.001074,172.31.36.0-255,66,93181,10,226163
3727,0.001079,74.125.68.0-255,2902,96083,10,226163
3728,0.001084,172.31.36.0-255,66,96149,10,226163
3729,0.001117,74.125.68.0-255,5738,101887,10,226163
3730,0.001124,74.125.68.0-255,5738,107625,10,226163
3731,0.001141,74.125.68.0-255,2184,109809,10,226163
3732,0.001144,172.31.36.0-255,66,109875,10,226163
3733,0.001149,172.31.36.0-255,66,109941,10,226163
3734,0.001661,74.125.68.0-255,1484,111425,10,226163
3735,0.001684,74.125.68.0-255,2902,114327,10,226163
3736,0.001688,172.31.36.0-255,66,114393,10,226163
3737,0.001693,74.125.68.0-255,2902,117295,10,226163
3738,0.0017,172.31.36.0-255,66,117361,10,226163
3739,0.001729,74.125.68.0-255,4320,121681,10,226163
3740,0.001732,74.125.68.0-255,1484,123165,10,226163
3741,0.00175,74.125.68.0-255,7156,130321,10,226163
3742,0.001765,172.31.36.0-255,66,130387,10,226163
3743,0.001792,74.125.68.0-255,4320,134707,10,226163
3744,0.001797,172.31.36.0-255,66,134773,10,226163
3745,0.001843,74.125.68.0-255,5738,140511,10,226163
3746,0.001863,172.31.36.0-255,66,140577,10,226163
3747,0.001891,74.125.68.0-255,3602,144179,10,226163
3748,0.001911,172.31.36.0-255,66,144245,10,226163
3749,0.00229,74.125.68.0-255,1484,145729,10,226163
3750,0.002322,74.125.68.0-255,2902,148631,10,226163
3751,0.002326,172.31.36.0-255,66,148697,10,226163
3752,0.002334,74.125.68.0-255,5738,154435,10,226163
3753,0.002343,74.125.68.0-255,1484,155919,10,226163
3754,0.002369,74.125.68.0-255,4320,160239,10,226163
3755,0.002394,74.125.68.0-255,7156,167395,10,226163
3756,0.002399,74.125.68.0-255,2184,169579,10,226163
3757,0.006353,172.31.36.0-255,66,169645,10,226163
3758,0.008834,74.125.68.0-255,5738,175383,10,226163
3759,0.008841,172.31.36.0-255,66,175449,10,226163
3760,0.011324,74.125.68.0-255,5738,181187,10,226163
3761,0.011332,172.31.36.0-255,66,181253,10,226163
3762,0.013833,74.125.68.0-255,5738,186991,10,226163
3763,0.01384,172.31.36.0-255,66,187057,10,226163
3764,0.016331,74.125.68.0-255,5738,192795,10,226163
3765,0.016343,172.31.36.0-255,66,192861,10,226163
3766,0.018831,74.125.68.0-255,5738,198599,10,226163
3767,0.01884,172.31.36.0-255,66,198665,10,226163
3768,0.021301,74.125.68.0-255,5738,204403,10,226163
3769,0.021309,172.31.36.0-255,66,204469,10,226163
3770,0.023778,74.125.68.0-255,5738,210207,10,226163
3771,0.023786,172.31.36.0-255,66,210273,10,226163
3772,0.026329,74.125.68.0-255,5738,216011,10,226163
3773,0.026336,172.31.36.0-255,66,216077,10,226163
3774,0.027091,172.31.36.0-255,167,216244,10,226163
3775,0.027122,172.31.36.0-255,1112,217356,10,226163
3776,0.027178,172.31.36.0-255,1514,218870,10,226163
3777,0.02718,172.31.36.0-255,1291,220161,10,226163
3778,0.028721,104.244.42.0-255,66,220227,10,226163
3779,0.02875,104.244.42.0-255,66,220293,10,226163
3780,0.028805,74.125.68.0-255,5738,226031,10,226163
3781,0.028811,172.31.36.0-255,66,226097,10,226163
3782,0.028841,104.244.42.0-255,66,226163,10,226163
3783,0.0,172.217.194.0-255,147,147,10,151116
3784,1.5e-05,172.217.194.0-255,1484,1631,10,151116
3785,2.3e-05,172.31.36.0-255,66,1697,10,151116
3786,3.3e-05,172.217.194.0-255,2902,4599,10,151116
3787,3.7e-05,172.31.36.0-255,66,4665,10,151116
3788,5.4e-05,172.217.194.0-255,7156,11821,10,151116
3789,5.7e-05,172.31.36.0-255,66,11887,10,151116
3790,6.2e-05,172.217.194.0-255,2037,13924,10,151116
3791,6.6e-05,172.31.36.0-255,66,13990,10,151116
3792,7.9e-05,172.31.36.0-255,66,14056,10,151116
3793,0.0001,172.217.194.0-255,1484,15540,10,151116
3794,0.000111,172.217.194.0-255,5379,20919,10,151116
3795,0.000115,172.31.36.0-255,66,20985,10,151116
3796,0.000161,172.217.194.0-255,1484,22469,10,151116
3797,0.000178,172.217.194.0-255,2902,25371,10,151116
3798,0.00018,172.31.36.0-255,66,25437,10,151116
3799,0.000202,172.217.194.0-255,5738,31175,10,151116
3800,0.000204,172.31.36.0-255,66,31241,10,151116
3801,0.000248,172.31.36.0-255,66,31307,10,151116
3802,0.000259,172.31.36.0-255,66,31373,10,151116
3803,0.000298,172.217.194.0-255,1746,33119,10,151116
3804,0.000301,172.31.36.0-255,66,33185,10,151116
3805,0.000562,172.217.194.0-255,1484,34669,10,151116
3806,0.000582,172.217.194.0-255,2902,37571,10,151116
3807,0.000587,172.31.36.0-255,66,37637,10,151116
3808,0.000594,172.217.194.0-255,5738,43375,10,151116
3809,0.000597,172.31.36.0-255,66,43441,10,151116
3810,0.000617,172.31.36.0-255,66,43507,10,151116
3811,0.000628,172.31.36.0-255,66,43573,10,151116
3812,0.000756,172.217.194.0-255,766,44339,10,151116
3813,0.000972,172.217.194.0-255,1484,45823,10,151116
3814,0.000978,172.31.36.0-255,66,45889,10,151116
3815,0.000984,172.217.194.0-255,2902,48791,10,151116
3816,0.000986,172.31.36.0-255,66,48857,10,151116
3817,0.00099,172.217.194.0-255,1484,50341,10,151116
3818,0.001019,172.217.194.0-255,4320,54661,10,151116
3819,0.001067,172.217.194.0-255,5738,60399,10,151116
3820,0.001072,172.31.36.0-255,66,60465,10,151116
3821,0.001075,172.31.36.0-255,66,60531,10,151116
3822,0.001078,172.31.36.0-255,66,60597,10,151116
3823,0.001099,172.217.194.0-255,4320,64917,10,151116
3824,0.001102,172.31.36.0-255,66,64983,10,151116
3825,0.001107,172.217.194.0-255,2184,67167,10,151116
3826,0.001109,172.31.36.0-255,66,67233,10,151116
3827,0.001114,172.217.194.0-255,2902,70135,10,151116
3828,0.001116,172.31.36.0-255,66,70201,10,151116
3829,0.001124,172.217.194.0-255,7156,77357,10,151116
3830,0.001126,172.31.36.0-255,66,77423,10,151116
3831,0.001142,172.31.36.0-255,66,77489,10,151116
3832,0.00115,172.217.194.0-255,6438,83927,10,151116
3833,0.001152,172.31.36.0-255,66,83993,10,151116
3834,0.001188,172.217.194.0-255,1484,85477,10,151116
3835,0.001191,172.217.194.0-255,1484,86961,10,151116
3836,0.001193,172.31.36.0-255,66,87027,10,151116
3837,0.001223,172.217.194.0-255,1484,88511,10,151116
3838,0.001231,172.217.194.0-255,5738,94249,10,151116
3839,0.001233,172.31.36.0-255,66,94315,10,151116
3840,0.001251,172.31.36.0-255,66,94381,10,151116
3841,0.001264,172.31.36.0-255,66,94447,10,151116
3842,0.001267,172.217.194.0-255,766,95213,10,151116
3843,0.00131,172.217.194.0-255,1484,96697,10,151116
3844,0.001314,172.31.36.0-255,66,96763,10,151116
3845,0.001319,172.217.194.0-255,2902,99665,10,151116
3846,0.001321,172.31.36.0-255,66,99731,10,151116
3847,0.001353,172.217.194.0-255,1484,101215,10,151116
3848,0.001366,172.31.36.0-255,66,101281,10,151116
3849,0.001377,172.31.36.0-255,66,101347,10,151116
3850,0.001413,172.31.36.0-255,66,101413,10,151116
3851,0.00143,172.31.36.0-255,66,101479,10,151116
3852,0.001478,172.31.36.0-255,66,101545,10,151116
3853,0.001502,172.217.194.0-255,1484,103029,10,151116
3854,0.001509,172.217.194.0-255,2184,105213,10,151116
3855,0.001511,172.31.36.0-255,66,105279,10,151116
3856,0.001556,172.217.194.0-255,1484,106763,10,151116
3857,0.00156,172.217.194.0-255,2902,109665,10,151116
3858,0.001564,172.31.36.0-255,66,109731,10,151116
3859,0.00157,172.217.194.0-255,4320,114051,10,151116
3860,0.001572,172.31.36.0-255,66,114117,10,151116
3861,0.001588,172.217.194.0-255,1484,115601,10,151116
3862,0.001596,172.217.194.0-255,7156,122757,10,151116
3863,0.001603,172.31.36.0-255,66,122823,10,151116
3864,0.001631,172.217.194.0-255,5738,128561,10,151116
3865,0.001634,172.31.36.0-255,66,128627,10,151116
3866,0.001651,172.31.36.0-255,66,128693,10,151116
3867,0.001852,172.217.194.0-255,1484,130177,10,151116
3868,0.001857,172.217.194.0-255,2902,133079,10,151116
3869,0.001867,172.31.36.0-255,66,133145,10,151116
3870,0.001875,172.217.194.0-255,5738,138883,10,151116
3871,0.001877,172.31.36.0-255,66,138949,10,151116
3872,0.001995,172.31.36.0-255,66,139015,10,151116
3873,0.002022,172.217.194.0-255,1484,140499,10,151116
3874,0.002052,172.217.194.0-255,2902,143401,10,151116
3875,0.002064,172.31.36.0-255,66,143467,10,151116
3876,0.002121,172.31.36.0-255,66,143533,10,151116
3877,0.002152,172.31.36.0-255,66,143599,10,151116
3878,0.002159,172.217.194.0-255,5020,148619,10,151116
3879,0.002178,172.217.194.0-255,2155,150774,10,151116
3880,0.002196,172.217.194.0-255,105,150879,10,151116
3881,0.002205,172.31.36.0-255,66,150945,10,151116
3882,0.011363,172.31.36.0-255,105,151050,10,151116
3883,0.013617,172.217.194.0-255,66,151116,10,151116
3884,0.0,74.125.130.0-255,153,153,10,259406
3885,2.3e-05,172.31.36.0-255,66,219,10,259406
3886,3e-05,74.125.130.0-255,1484,1703,10,259406
3887,3.5e-05,172.31.36.0-255,66,1769,10,259406
3888,4.1e-05,74.125.130.0-255,2902,4671,10,259406
3889,4.5e-05,172.31.36.0-255,66,4737,10,259406
3890,5.1e-05,74.125.130.0-255,4320,9057,10,259406
3891,5.5e-05,172.31.36.0-255,66,9123,10,259406
3892,8.3e-05,74.125.130.0-255,2902,12025,10,259406
3893,8.6e-05,172.31.36.0-255,66,12091,10,259406
3894,9.1e-05,74.125.130.0-255,2086,14177,10,259406
3895,9.4e-05,172.31.36.0-255,66,14243,10,259406
3896,9.9e-05,74.125.130.0-255,2902,17145,10,259406
3897,0.000101,172.31.36.0-255,66,17211,10,259406
3898,0.000108,74.125.130.0-255,7156,24367,10,259406
3899,0.00011,172.31.36.0-255,66,24433,10,259406
3900,0.000117,74.125.130.0-255,5738,30171,10,259406
3901,0.00012,172.31.36.0-255,66,30237,10,259406
3902,0.000155,74.125.130.0-255,1125,31362,10,259406
3903,0.000157,172.31.36.0-255,66,31428,10,259406
3904,0.00024,74.125.130.0-255,1484,32912,10,259406
3905,0.000244,172.31.36.0-255,66,32978,10,259406
3906,0.000248,74.125.130.0-255,1484,34462,10,259406
3907,0.000251,172.31.36.0-255,66,34528,10,259406
3908,0.000276,74.125.130.0-255,1484,36012,10,259406
3909,0.000278,172.31.36.0-255,66,36078,10,259406
3910,0.000283,74.125.130.0-255,2902,38980,10,259406
3911,0.000285,172.31.36.0-255,66,39046,10,259406
3912,0.000288,74.125.130.0-255,1484,40530,10,259406
3913,0.00029,172.31.36.0-255,66,40596,10,259406
3914,0.000314,74.125.130.0-255,2902,43498,10,259406
3915,0.000317,172.31.36.0-255,66,43564,10,259406
3916,0.000352,74.125.130.0-255,2902,46466,10,259406
3917,0.000384,74.125.130.0-255,2902,49368,10,259406
3918,0.000413,74.125.130.0-255,392,49760,10,259406
3919,0.000531,74.125.130.0-255,1484,51244,10,259406
3920,0.000539,74.125.130.0-255,2902,54146,10,259406
3921,0.000568,74.125.130.0-255,2902,57048,10,259406
3922,0.000592,74.125.130.0-255,2902,59950,10,259406
3923,0.000595,74.125.130.0-255,1484,61434,10,259406
3924,0.000622,74.125.130.0-255,5738,67172,10,259406
3925,0.000626,74.125.130.0-255,2902,70074,10,259406
3926,0.000631,172.31.36.0-255,66,70140,10,259406
3927,0.000638,172.31.36.0-255,66,70206,10,259406
3928,0.000649,74.125.130.0-255,2902,73108,10,259406
3929,0.000657,74.125.130.0-255,7156,80264,10,259406
3930,0.000704,74.125.130.0-255,3602,83866,10,259406
3931,0.000707,74.125.130.0-255,382,84248,10,259406
3932,0.000752,172.31.36.0-255,66,84314,10,259406
3933,0.001245,74.125.130.0-255,1484,85798,10,259406
3934,0.001253,74.125.130.0-255,2902,88700,10,259406
3935,0.001257,172.31.36.0-255,66,88766,10,259406
3936,0.001265,74.125.130.0-255,4320,93086,10,259406
3937,0.00127,172.31.36.0-255,66,93152,10,259406
3938,0.00128,74.125.130.0-255,1484,94636,10,259406
3939,0.001285,74.125.130.0-255,4320,98956,10,259406
3940,0.001292,172.31.36.0-255,66,99022,10,259406
3941,0.001317,74.125.130.0-255,1484,100506,10,259406
3942,0.001327,74.125.130.0-255,7156,107662,10,259406
3943,0.001343,74.125.130.0-255,4320,111982,10,259406
3944,0.001359,74.125.130.0-255,6438,118420,10,259406
3945,0.001376,172.31.36.0-255,66,118486,10,259406
3946,0.001457,74.125.130.0-255,1484,119970,10,259406
3947,0.001461,74.125.130.0-255,1484,121454,10,259406
3948,0.001476,74.125.130.0-255,1484,122938,10,259406
3949,0.001482,74.125.130.0-255,4320,127258,10,259406
3950,0.001487,172.31.36.0-255,66,127324,10,259406
3951,0.001498,74.125.130.0-255,1484,128808,10,259406
3952,0.001502,74.125.130.0-255,2902,131710,10,259406
3953,0.001508,172.31.36.0-255,66,131776,10,259406
3954,0.00153,74.125.130.0-255,4320,136096,10,259406
3955,0.001535,74.125.130.0-255,2902,138998,10,259406
3956,0.001548,172.31.36.0-255,66,139064,10,259406
3957,0.001585,74.125.130.0-255,3602,142666,10,259406
3958,0.001611,172.31.36.0-255,66,142732,10,259406
3959,0.001758,74.125.130.0-255,1484,144216,10,259406
3960,0.001775,74.125.130.0-255,2902,147118,10,259406
3961,0.001777,74.125.130.0-255,1484,148602,10,259406
3962,0.001794,74.125.130.0-255,2902,151504,10,259406
3963,0.001799,74.125.130.0-255,4320,155824,10,259406
3964,0.001804,172.31.36.0-255,66,155890,10,259406
3965,0.001812,74.125.130.0-255,1484,157374,10,259406
3966,0.001835,74.125.130.0-255,2902,160276,10,259406
3967,0.001843,172.31.36.0-255,66,160342,10,259406
3968,0.00187,172.31.36.0-255,66,160408,10,259406
3969,0.001904,172.31.36.0-255,66,160474,10,259406
3970,0.001948,74.125.130.0-255,1484,161958,10,259406
3971,0.001967,74.125.130.0-255,1484,163442,10,259406
3972,0.001976,74.125.130.0-255,1484,164926,10,259406
3973,0.002008,74.125.130.0-255,5738,170664,10,259406
3974,0.002014,172.31.36.0-255,66,170730,10,259406
3975,0.002026,74.125.130.0-255,5738,176468,10,259406
3976,0.002031,172.31.36.0-255,66,176534,10,259406
3977,0.002045,74.125.130.0-255,4320,180854,10,259406
3978,0.002057,74.125.130.0-255,2902,183756,10,259406
3979,0.002071,172.31.36.0-255,66,183822,10,259406
3980,0.002097,172.31.36.0-255,66,183888,10,259406
3981,0.002207,74.125.130.0-255,1484,185372,10,259406
3982,0.002227,74.125.130.0-255,2902,188274,10,259406
3983,0.002249,74.125.130.0-255,5738,194012,10,259406
3984,0.002256,172.31.36.0-255,66,194078,10,259406
3985,0.002267,74.125.130.0-255,1484,195562,10,259406
3986,0.002302,74.125.130.0-255,5738,201300,10,259406
3987,0.002309,74.125.130.0-255,5738,207038,10,259406
3988,0.002315,172.31.36.0-255,66,207104,10,259406
3989,0.0046,74.125.130.0-255,5738,212842,10,259406
3990,0.004612,172.31.36.0-255,66,212908,10,259406
3991,0.006883,74.125.130.0-255,2902,215810,10,259406
3992,0.006901,74.125.130.0-255,2902,218712,10,259406
3993,0.010166,172.31.36.0-255,66,218778,10,259406
3994,0.012466,74.125.130.0-255,5738,224516,10,259406
3995,0.012479,172.31.36.0-255,66,224582,10,259406
3996,0.014808,74.125.130.0-255,5738,230320,10,259406
3997,0.014818,172.31.36.0-255,66,230386,10,259406
3998,0.017111,74.125.130.0-255,5738,236124,10,259406
3999,0.017123,172.31.36.0-255,66,236190,10,259406
4000,0.019407,74.125.130.0-255,5738,241928,10,259406
4001,0.022053,172.31.36.0-255,66,241994,10,259406
4002,0.024357,74.125.130.0-255,5738,247732,10,259406
4003,0.024366,172.31.36.0-255,66,247798,10,259406
4004,0.026658,74.125.130.0-255,5738,253536,10,259406
4005,0.026667,172.31.36.0-255,66,253602,10,259406
4006,0.028969,74.125.130.0-255,5738,259340,10,259406
4007,0.028984,172.31.36.0-255,66,259406,10,259406
4008,0.0,172.31.36.0-255,66,66,10,66
4009,0.0,172.217.24.0-255,152,152,10,305038
4010,2.1e-05,172.217.24.0-255,1484,1636,10,305038
4011,2.9e-05,172.31.36.0-255,66,1702,10,305038
4012,3.6e-05,172.217.24.0-255,2902,4604,10,305038
4013,4e-05,172.31.36.0-255,66,4670,10,305038
4014,4.6e-05,172.217.24.0-255,4320,8990,10,305038
4015,4.9e-05,172.31.36.0-255,66,9056,10,305038
4016,7.3e-05,172.217.24.0-255,2902,11958,10,305038
4017,7.5e-05,172.31.36.0-255,66,12024,10,305038
4018,8e-05,172.217.24.0-255,2027,14051,10,305038
4019,8.6e-05,172.31.36.0-255,66,14117,10,305038
4020,9e-05,172.217.24.0-255,2902,17019,10,305038
4021,9.2e-05,172.31.36.0-255,66,17085,10,305038
4022,9.9e-05,172.217.24.0-255,7156,24241,10,305038
4023,0.000102,172.31.36.0-255,66,24307,10,305038
4024,0.00012,172.217.24.0-255,5738,30045,10,305038
4025,0.000124,172.31.36.0-255,66,30111,10,305038
4026,0.000151,172.217.24.0-255,1125,31236,10,305038
4027,0.000212,172.217.24.0-255,1484,32720,10,305038
4028,0.000216,172.31.36.0-255,66,32786,10,305038
4029,0.000221,172.217.24.0-255,1484,34270,10,305038
4030,0.000241,172.217.24.0-255,1484,35754,10,305038
4031,0.000244,172.31.36.0-255,66,35820,10,305038
4032,0.000252,172.217.24.0-255,5738,41558,10,305038
4033,0.000254,172.31.36.0-255,66,41624,10,305038
4034,0.000267,172.217.24.0-255,6797,48421,10,305038
4035,0.000269,172.31.36.0-255,66,48487,10,305038
4036,0.000277,172.217.24.0-255,7156,55643,10,305038
4037,0.000279,172.31.36.0-255,66,55709,10,305038
4038,0.00032,172.31.36.0-255,66,55775,10,305038
4039,0.000345,172.217.24.0-255,1413,57188,10,305038
4040,0.000909,172.217.24.0-255,140,57328,10,305038
4041,0.000915,172.31.36.0-255,66,57394,10,305038
4042,0.00101,172.217.24.0-255,1484,58878,10,305038
4043,0.001017,172.217.24.0-255,2902,61780,10,305038
4044,0.00102,172.31.36.0-255,66,61846,10,305038
4045,0.001039,172.217.24.0-255,2902,64748,10,305038
4046,0.001042,172.31.36.0-255,66,64814,10,305038
4047,0.001067,172.217.24.0-255,2902,67716,10,305038
4048,0.00107,172.31.36.0-255,66,67782,10,305038
4049,0.001079,172.217.24.0-255,7156,74938,10,305038
4050,0.001081,172.31.36.0-255,66,75004,10,305038
4051,0.001094,172.217.24.0-255,2902,77906,10,305038
4052,0.001098,172.31.36.0-255,66,77972,10,305038
4053,0.001124,172.217.24.0-255,3961,81933,10,305038
4054,0.001128,172.31.36.0-255,66,81999,10,305038
4055,0.001133,172.217.24.0-255,2902,84901,10,305038
4056,0.001134,172.31.36.0-255,66,84967,10,305038
4057,0.001165,172.217.24.0-255,4320,89287,10,305038
4058,0.001168,172.31.36.0-255,66,89353,10,305038
4059,0.001194,172.217.24.0-255,1484,90837,10,305038
4060,0.00126,172.217.24.0-255,1125,91962,10,305038
4061,0.001264,172.31.36.0-255,66,92028,10,305038
4062,0.00132,172.217.24.0-255,1484,93512,10,305038
4063,0.001338,172.217.24.0-255,2902,96414,10,305038
4064,0.001341,172.31.36.0-255,66,96480,10,305038
4065,0.001376,172.217.24.0-255,1484,97964,10,305038
4066,0.00138,172.217.24.0-255,1484,99448,10,305038
4067,0.001383,172.31.36.0-255,66,99514,10,305038
4068,0.001388,172.217.24.0-255,1484,100998,10,305038
4069,0.001411,172.217.24.0-255,2902,103900,10,305038
4070,0.001414,172.31.36.0-255,66,103966,10,305038
4071,0.001422,172.217.24.0-255,5738,109704,10,305038
4072,0.001424,172.31.36.0-255,66,109770,10,305038
4073,0.001427,172.217.24.0-255,1484,111254,10,305038
4074,0.001471,172.31.36.0-255,66,111320,10,305038
4075,0.001477,172.217.24.0-255,3602,114922,10,305038
4076,0.001479,172.31.36.0-255,66,114988,10,305038
4077,0.001503,172.217.24.0-255,1484,116472,10,305038
4078,0.001515,172.217.24.0-255,1484,117956,10,305038
4079,0.001518,172.31.36.0-255,66,118022,10,305038
4080,0.001523,172.217.24.0-255,2902,120924,10,305038
4081,0.001525,172.31.36.0-255,66,120990,10,305038
4082,0.001542,172.217.24.0-255,1484,122474,10,305038
4083,0.001557,172.217.24.0-255,1484,123958,10,305038
4084,0.001559,172.31.36.0-255,66,124024,10,305038
4085,0.001583,172.217.24.0-255,2902,126926,10,305038
4086,0.001585,172.31.36.0-255,66,126992,10,305038
4087,0.00159,172.217.24.0-255,5738,132730,10,305038
4088,0.001592,172.31.36.0-255,66,132796,10,305038
4089,0.00162,172.217.24.0-255,7156,139952,10,305038
4090,0.001623,172.31.36.0-255,66,140018,10,305038
4091,0.001627,172.217.24.0-255,4320,144338,10,305038
4092,0.00163,172.31.36.0-255,66,144404,10,305038
4093,0.001632,172.217.24.0-255,1484,145888,10,305038
4094,0.001651,172.217.24.0-255,3602,149490,10,305038
4095,0.001658,172.31.36.0-255,66,149556,10,305038
4096,0.001689,172.217.24.0-255,1484,151040,10,305038
4097,0.001693,172.217.24.0-255,1484,152524,10,305038
4098,0.001695,172.31.36.0-255,66,152590,10,305038
4099,0.001725,172.217.24.0-255,1484,154074,10,305038
4100,0.001731,172.217.24.0-255,5738,159812,10,305038
4101,0.001733,172.31.36.0-255,66,159878,10,305038
4102,0.001743,172.31.36.0-255,66,159944,10,305038
4103,0.001757,172.217.24.0-255,2902,162846,10,305038
4104,0.001762,172.217.24.0-255,2184,165030,10,305038
4105,0.001767,172.31.36.0-255,66,165096,10,305038
4106,0.001769,172.31.36.0-255,66,165162,10,305038
4107,0.00177,172.31.36.0-255,66,165228,10,305038
4108,0.00179,172.217.24.0-255,1484,166712,10,305038
4109,0.001795,172.217.24.0-255,2902,169614,10,305038
4110,0.001797,172.31.36.0-255,66,169680,10,305038
4111,0.001829,172.217.24.0-255,5738,175418,10,305038
4112,0.001832,172.31.36.0-255,66,175484,10,305038
4113,0.001843,172.31.36.0-255,66,175550,10,305038
4114,0.001888,172.217.24.0-255,2902,178452,10,305038
4115,0.00189,172.31.36.0-255,66,178518,10,305038
4116,0.001916,172.217.24.0-255,7156,185674,10,305038
4117,0.001918,172.31.36.0-255,66,185740,10,305038
4118,0.001924,172.217.24.0-255,5020,190760,10,305038
4119,0.001926,172.31.36.0-255,66,190826,10,305038
4120,0.00195,172.217.24.0-255,2902,193728,10,305038
4121,0.001952,172.31.36.0-255,66,193794,10,305038
4122,0.001955,172.217.24.0-255,1484,195278,10,305038
4123,0.001982,172.217.24.0-255,2902,198180,10,305038
4124,0.001984,172.31.36.0-255,66,198246,10,305038
4125,0.00199,172.217.24.0-255,5738,203984,10,305038
4126,0.001992,172.31.36.0-255,66,204050,10,305038
4127,0.002023,172.217.24.0-255,2902,206952,10,305038
4128,0.002026,172.31.36.0-255,66,207018,10,305038
4129,0.002041,172.31.36.0-255,66,207084,10,305038
4130,0.002075,172.217.24.0-255,4320,211404,10,305038
4131,0.002078,172.31.36.0-255,66,211470,10,305038
4132,0.002126,172.217.24.0-255,3602,215072,10,305038
4133,0.002129,172.31.36.0-255,66,215138,10,305038
4134,0.002171,172.217.24.0-255,1484,216622,10,305038
4135,0.002177,172.217.24.0-255,2902,219524,10,305038
4136,0.002179,172.31.36.0-255,66,219590,10,305038
4137,0.002184,172.217.24.0-255,2902,222492,10,305038
4138,0.002186,172.31.36.0-255,66,222558,10,305038
4139,0.002189,172.217.24.0-255,1484,224042,10,305038
4140,0.002209,172.217.24.0-255,2902,226944,10,305038
4141,0.002212,172.31.36.0-255,66,227010,10,305038
4142,0.002217,172.217.24.0-255,4320,231330,10,305038
4143,0.002219,172.31.36.0-255,66,231396,10,305038
4144,0.002243,172.217.24.0-255,4320,235716,10,305038
4145,0.002246,172.31.36.0-255,66,235782,10,305038
4146,0.00228,172.31.36.0-255,66,235848,10,305038
4147,0.002283,172.217.24.0-255,1484,237332,10,305038
4148,0.002308,172.217.24.0-255,2184,239516,10,305038
4149,0.00231,172.31.36.0-255,66,239582,10,305038
4150,0.002421,172.217.24.0-255,1484,241066,10,305038
4151,0.002441,172.217.24.0-255,2902,243968,10,305038
4152,0.002445,172.31.36.0-255,66,244034,10,305038
4153,0.00245,172.217.24.0-255,4320,248354,10,305038
4154,0.002452,172.31.36.0-255,66,248420,10,305038
4155,0.002473,172.217.24.0-255,1484,249904,10,305038
4156,0.002486,172.31.36.0-255,66,249970,10,305038
4157,0.002491,172.217.24.0-255,4320,254290,10,305038
4158,0.002494,172.31.36.0-255,66,254356,10,305038
4159,0.002521,172.217.24.0-255,4320,258676,10,305038
4160,0.002524,172.31.36.0-255,66,258742,10,305038
4161,0.002549,172.217.24.0-255,2184,260926,10,305038
4162,0.002552,172.31.36.0-255,66,260992,10,305038
4163,0.002576,172.217.24.0-255,2902,263894,10,305038
4164,0.00258,172.31.36.0-255,66,263960,10,305038
4165,0.002583,172.217.24.0-255,1484,265444,10,305038
4166,0.00261,172.217.24.0-255,5738,271182,10,305038
4167,0.002613,172.31.36.0-255,66,271248,10,305038
4168,0.002617,172.217.24.0-255,2902,274150,10,305038
4169,0.002619,172.31.36.0-255,66,274216,10,305038
4170,0.002638,172.217.24.0-255,1484,275700,10,305038
4171,0.002645,172.217.24.0-255,7156,282856,10,305038
4172,0.002648,172.31.36.0-255,66,282922,10,305038
4173,0.002678,172.217.24.0-255,5738,288660,10,305038
4174,0.00268,172.31.36.0-255,66,288726,10,305038
4175,0.002695,172.31.36.0-255,66,288792,10,305038
4176,0.002715,172.217.24.0-255,1484,290276,10,305038
4177,0.002789,172.217.24.0-255,4320,294596,10,305038
4178,0.002813,172.217.24.0-255,6974,301570,10,305038
4179,0.002816,172.217.24.0-255,105,301675,10,305038
4180,0.00472,172.31.36.0-255,66,301741,10,305038
4181,0.007443,172.31.36.0-255,105,301846,10,305038
4182,0.009432,172.217.24.0-255,66,301912,10,305038
4183,0.028547,172.31.36.0-255,172,302084,10,305038
4184,0.028576,172.31.36.0-255,1111,303195,10,305038
4185,0.028618,172.31.36.0-255,1514,304709,10,305038
4186,0.028645,172.31.36.0-255,329,305038,10,305038
4187,0.0,172.217.194.0-255,153,153,10,259696
4188,2.7e-05,172.31.36.0-255,66,219,10,259696
4189,3.5e-05,172.217.194.0-255,1484,1703,10,259696
4190,4e-05,172.31.36.0-255,66,1769,10,259696
4191,4.5e-05,172.217.194.0-255,2902,4671,10,259696
4192,4.8e-05,172.31.36.0-255,66,4737,10,259696
4193,5.6e-05,172.217.194.0-255,7156,11893,10,259696
4194,5.8e-05,172.31.36.0-255,66,11959,10,259696
4195,7.4e-05,172.31.36.0-255,66,12025,10,259696
4196,9.7e-05,172.217.194.0-255,2138,14163,10,259696
4197,9.9e-05,172.31.36.0-255,66,14229,10,259696
4198,0.000104,172.217.194.0-255,2543,16772,10,259696
4199,0.000105,172.31.36.0-255,66,16838,10,259696
4200,0.000117,172.217.194.0-255,1484,18322,10,259696
4201,0.00012,172.31.36.0-255,66,18388,10,259696
4202,0.000125,172.217.194.0-255,2902,21290,10,259696
4203,0.000127,172.31.36.0-255,66,21356,10,259696
4204,0.000131,172.217.194.0-255,2902,24258,10,259696
4205,0.000133,172.31.36.0-255,66,24324,10,259696
4206,0.00016,172.217.194.0-255,2902,27226,10,259696
4207,0.000162,172.31.36.0-255,66,27292,10,259696
4208,0.000192,172.31.36.0-255,66,27358,10,259696
4209,0.000213,172.31.36.0-255,66,27424,10,259696
4210,0.000234,172.217.194.0-255,1484,28908,10,259696
4211,0.000237,172.31.36.0-255,66,28974,10,259696
4212,0.000258,172.217.194.0-255,2543,31517,10,259696
4213,0.000261,172.31.36.0-255,66,31583,10,259696
4214,0.000384,172.217.194.0-255,647,32230,10,259696
4215,0.000388,172.31.36.0-255,66,32296,10,259696
4216,0.000662,172.217.194.0-255,1484,33780,10,259696
4217,0.000666,172.217.194.0-255,2902,36682,10,259696
4218,0.000669,172.31.36.0-255,66,36748,10,259696
4219,0.000691,172.217.194.0-255,5738,42486,10,259696
4220,0.0007,172.31.36.0-255,66,42552,10,259696
4221,0.000745,172.217.194.0-255,2902,45454,10,259696
4222,0.000749,172.31.36.0-255,66,45520,10,259696
4223,0.000763,172.217.194.0-255,3411,48931,10,259696
4224,0.000775,172.31.36.0-255,66,48997,10,259696
4225,0.000875,172.217.194.0-255,1484,50481,10,259696
4226,0.000891,172.217.194.0-255,2902,53383,10,259696
4227,0.000895,172.31.36.0-255,66,53449,10,259696
4228,0.000898,172.217.194.0-255,1484,54933,10,259696
4229,0.000916,172.217.194.0-255,4320,59253,10,259696
4230,0.000924,172.31.36.0-255,66,59319,10,259696
4231,0.00093,172.217.194.0-255,2902,62221,10,259696
4232,0.000938,172.31.36.0-255,66,62287,10,259696
4233,0.000959,172.31.36.0-255,66,62353,10,259696
4234,0.000997,172.31.36.0-255,66,62419,10,259696
4235,0.001001,172.217.194.0-255,2184,64603,10,259696
4236,0.001012,172.31.36.0-255,66,64669,10,259696
4237,0.001017,172.217.194.0-255,4320,68989,10,259696
4238,0.001029,172.31.36.0-255,66,69055,10,259696
4239,0.001038,172.217.194.0-255,7156,76211,10,259696
4240,0.001041,172.31.36.0-255,66,76277,10,259696
4241,0.001047,172.217.194.0-255,5738,82015,10,259696
4242,0.001058,172.31.36.0-255,66,82081,10,259696
4243,0.001095,172.217.194.0-255,4320,86401,10,259696
4244,0.001114,172.31.36.0-255,66,86467,10,259696
4245,0.001167,172.31.36.0-255,66,86533,10,259696
4246,0.001173,172.217.194.0-255,2184,88717,10,259696
4247,0.00118,172.31.36.0-255,66,88783,10,259696
4248,0.001193,172.217.194.0-255,1484,90267,10,259696
4249,0.001205,172.217.194.0-255,2902,93169,10,259696
4250,0.001209,172.217.194.0-255,2902,96071,10,259696
4251,0.001213,172.31.36.0-255,66,96137,10,259696
4252,0.001231,172.217.194.0-255,2902,99039,10,259696
4253,0.001237,172.31.36.0-255,66,99105,10,259696
4254,0.001255,172.217.194.0-255,2902,102007,10,259696
4255,0.001258,172.31.36.0-255,66,102073,10,259696
4256,0.001275,172.217.194.0-255,2902,104975,10,259696
4257,0.001282,172.217.194.0-255,7156,112131,10,259696
4258,0.001287,172.31.36.0-255,66,112197,10,259696
4259,0.001329,172.217.194.0-255,2184,114381,10,259696
4260,0.00133,172.31.36.0-255,66,114447,10,259696
4261,0.001335,172.31.36.0-255,66,114513,10,259696
4262,0.001402,172.217.194.0-255,1484,115997,10,259696
4263,0.001407,172.217.194.0-255,2902,118899,10,259696
4264,0.001412,172.31.36.0-255,66,118965,10,259696
4265,0.00142,172.217.194.0-255,1484,120449,10,259696
4266,0.001434,172.217.194.0-255,4320,124769,10,259696
4267,0.001439,172.217.194.0-255,4320,129089,10,259696
4268,0.001443,172.31.36.0-255,66,129155,10,259696
4269,0.001465,172.217.194.0-255,1484,130639,10,259696
4270,0.001487,172.31.36.0-255,66,130705,10,259696
4271,0.001504,172.217.194.0-255,1484,132189,10,259696
4272,0.001527,172.217.194.0-255,6438,138627,10,259696
4273,0.001554,172.217.194.0-255,1484,140111,10,259696
4274,0.00156,172.31.36.0-255,66,140177,10,259696
4275,0.00158,172.217.194.0-255,2902,143079,10,259696
4276,0.001585,172.31.36.0-255,66,143145,10,259696
4277,0.001586,172.217.194.0-255,5738,148883,10,259696
4278,0.00159,172.31.36.0-255,66,148949,10,259696
4279,0.001593,172.217.194.0-255,4320,153269,10,259696
4280,0.001603,172.31.36.0-255,66,153335,10,259696
4281,0.00164,172.31.36.0-255,66,153401,10,259696
4282,0.001652,172.217.194.0-255,4320,157721,10,259696
4283,0.001665,172.31.36.0-255,66,157787,10,259696
4284,0.001678,172.217.194.0-255,6438,164225,10,259696
4285,0.001687,172.31.36.0-255,66,164291,10,259696
4286,0.001762,172.217.194.0-255,1484,165775,10,259696
4287,0.001769,172.217.194.0-255,2902,168677,10,259696
4288,0.001799,172.217.194.0-255,5738,174415,10,259696
4289,0.001805,172.217.194.0-255,5738,180153,10,259696
4290,0.001876,172.217.194.0-255,1484,181637,10,259696
4291,0.001883,172.217.194.0-255,5020,186657,10,259696
4292,0.004487,172.31.36.0-255,66,186723,10,259696
4293,0.006559,172.217.194.0-255,5738,192461,10,259696
4294,0.006567,172.31.36.0-255,66,192527,10,259696
4295,0.008671,172.217.194.0-255,5738,198265,10,259696
4296,0.008678,172.31.36.0-255,66,198331,10,259696
4297,0.010727,172.217.194.0-255,5738,204069,10,259696
4298,0.010736,172.31.36.0-255,66,204135,10,259696
4299,0.012838,172.217.194.0-255,5738,209873,10,259696
4300,0.012845,172.31.36.0-255,66,209939,10,259696
4301,0.014999,172.217.194.0-255,5738,215677,10,259696
4302,0.015006,172.31.36.0-255,66,215743,10,259696
4303,0.017059,172.217.194.0-255,5738,221481,10,259696
4304,0.017068,172.31.36.0-255,66,221547,10,259696
4305,0.019161,172.217.194.0-255,5738,227285,10,259696
4306,0.019169,172.31.36.0-255,66,227351,10,259696
4307,0.021332,172.217.194.0-255,5738,233089,10,259696
4308,0.02134,172.31.36.0-255,66,233155,10,259696
4309,0.023427,172.217.194.0-255,5738,238893,10,259696
4310,0.023435,172.31.36.0-255,66,238959,10,259696
4311,0.025565,172.217.194.0-255,5738,244697,10,259696
4312,0.025573,172.31.36.0-255,66,244763,10,259696
4313,0.027659,172.217.194.0-255,5738,250501,10,259696
4314,0.027666,172.31.36.0-255,66,250567,10,259696
4315,0.028288,172.31.36.0-255,172,250739,10,259696
4316,0.028327,172.31.36.0-255,1112,251851,10,259696
4317,0.028393,172.31.36.0-255,1514,253365,10,259696
4318,0.028395,172.31.36.0-255,329,253694,10,259696
4319,0.029762,172.217.194.0-255,5738,259432,10,259696
4320,0.029768,172.31.36.0-255,66,259498,10,259696
4321,0.029849,104.244.42.0-255,66,259564,10,259696
4322,0.029891,104.244.42.0-255,66,259630,10,259696
4323,0.02994,104.244.42.0-255,66,259696,10,259696
4324,0.0,172.31.36.0-255,105,105,10,105
4325,0.0,172.217.194.0-255,152,152,10,236257
4326,3.4e-05,172.31.36.0-255,66,218,10,236257
4327,4.1e-05,172.217.194.0-255,1484,1702,10,236257
4328,4.7e-05,172.31.36.0-255,66,1768,10,236257
4329,5.3e-05,172.217.194.0-255,2902,4670,10,236257
4330,5.6e-05,172.31.36.0-255,66,4736,10,236257
4331,6.1e-05,172.217.194.0-255,4320,9056,10,236257
4332,6.3e-05,172.31.36.0-255,66,9122,10,236257
4333,6.9e-05,172.217.194.0-255,4920,14042,10,236257
4334,7.1e-05,172.31.36.0-255,66,14108,10,236257
4335,0.000138,172.217.194.0-255,1484,15592,10,236257
4336,0.000142,172.31.36.0-255,66,15658,10,236257
4337,0.000148,172.217.194.0-255,2902,18560,10,236257
4338,0.00015,172.31.36.0-255,66,18626,10,236257
4339,0.000172,172.217.194.0-255,1484,20110,10,236257
4340,0.000174,172.31.36.0-255,66,20176,10,236257
4341,0.000194,172.217.194.0-255,4320,24496,10,236257
4342,0.000198,172.31.36.0-255,66,24562,10,236257
4343,0.000228,172.217.194.0-255,6797,31359,10,236257
4344,0.000231,172.31.36.0-255,66,31425,10,236257
4345,0.000315,172.217.194.0-255,1484,32909,10,236257
4346,0.000319,172.31.36.0-255,66,32975,10,236257
4347,0.000324,172.217.194.0-255,2902,35877,10,236257
4348,0.000326,172.31.36.0-255,66,35943,10,236257
4349,0.000343,172.217.194.0-255,5738,41681,10,236257
4350,0.000346,172.31.36.0-255,66,41747,10,236257
4351,0.000371,172.217.194.0-255,4320,46067,10,236257
4352,0.000374,172.31.36.0-255,66,46133,10,236257
4353,0.000392,172.217.194.0-255,5738,51871,10,236257
4354,0.000395,172.31.36.0-255,66,51937,10,236257
4355,0.000419,172.217.194.0-255,6797,58734,10,236257
4356,0.000423,172.31.36.0-255,66,58800,10,236257
4357,0.00043,172.217.194.0-255,6797,65597,10,236257
4358,0.000432,172.217.194.0-255,363,65960,10,236257
4359,0.000435,172.31.36.0-255,66,66026,10,236257
4360,0.000673,172.217.194.0-255,380,66406,10,236257
4361,0.000749,172.31.36.0-255,66,66472,10,236257
4362,0.000954,172.217.194.0-255,1484,67956,10,236257
4363,0.000964,172.217.194.0-255,2902,70858,10,236257
4364,0.000968,172.31.36.0-255,66,70924,10,236257
4365,0.000976,172.217.194.0-255,5738,76662,10,236257
4366,0.000979,172.31.36.0-255,66,76728,10,236257
4367,0.001014,172.31.36.0-255,66,76794,10,236257
4368,0.001018,172.217.194.0-255,1484,78278,10,236257
4369,0.001044,172.31.36.0-255,66,78344,10,236257
4370,0.001191,172.217.194.0-255,1484,79828,10,236257
4371,0.001197,172.217.194.0-255,1484,81312,10,236257
4372,0.0012,172.31.36.0-255,66,81378,10,236257
4373,0.001219,172.217.194.0-255,1484,82862,10,236257
4374,0.001224,172.217.194.0-255,4320,87182,10,236257
4375,0.001227,172.31.36.0-255,66,87248,10,236257
4376,0.001247,172.217.194.0-255,1484,88732,10,236257
4377,0.001272,172.217.194.0-255,5738,94470,10,236257
4378,0.001275,172.31.36.0-255,66,94536,10,236257
4379,0.001296,172.217.194.0-255,4320,98856,10,236257
4380,0.0013,172.31.36.0-255,66,98922,10,236257
4381,0.001329,172.31.36.0-255,66,98988,10,236257
4382,0.001335,172.217.194.0-255,5020,104008,10,236257
4383,0.001338,172.31.36.0-255,66,104074,10,236257
4384,0.001342,172.217.194.0-255,1484,105558,10,236257
4385,0.001347,172.217.194.0-255,2902,108460,10,236257
4386,0.00135,172.31.36.0-255,66,108526,10,236257
4387,0.001355,172.217.194.0-255,2902,111428,10,236257
4388,0.001359,172.31.36.0-255,66,111494,10,236257
4389,0.001383,172.217.194.0-255,2902,114396,10,236257
4390,0.001386,172.31.36.0-255,66,114462,10,236257
4391,0.001431,172.217.194.0-255,2902,117364,10,236257
4392,0.001435,172.31.36.0-255,66,117430,10,236257
4393,0.001466,172.31.36.0-255,66,117496,10,236257
4394,0.001477,172.31.36.0-255,66,117562,10,236257
4395,0.00148,172.217.194.0-255,1484,119046,10,236257
4396,0.001485,172.217.194.0-255,2902,121948,10,236257
4397,0.001487,172.31.36.0-255,66,122014,10,236257
4398,0.001547,172.217.194.0-255,5738,127752,10,236257
4399,0.00155,172.31.36.0-255,66,127818,10,236257
4400,0.001562,172.31.36.0-255,66,127884,10,236257
4401,0.001565,172.217.194.0-255,1484,129368,10,236257
4402,0.001579,172.217.194.0-255,2902,132270,10,236257
4403,0.001582,172.31.36.0-255,66,132336,10,236257
4404,0.001606,172.217.194.0-255,6438,138774,10,236257
4405,0.001609,172.31.36.0-255,66,138840,10,236257
4406,0.002066,172.217.194.0-255,1484,140324,10,236257
4407,0.002077,172.217.194.0-255,2902,143226,10,236257
4408,0.00208,172.31.36.0-255,66,143292,10,236257
4409,0.002085,172.217.194.0-255,2902,146194,10,236257
4410,0.002087,172.31.36.0-255,66,146260,10,236257
4411,0.0021,172.217.194.0-255,2902,149162,10,236257
4412,0.002102,172.31.36.0-255,66,149228,10,236257
4413,0.002118,172.217.194.0-255,5738,154966,10,236257
4414,0.00212,172.31.36.0-255,66,155032,10,236257
4415,0.002133,172.217.194.0-255,7156,162188,10,236257
4416,0.002136,172.31.36.0-255,66,162254,10,236257
4417,0.00217,172.31.36.0-255,66,162320,10,236257
4418,0.002287,172.217.194.0-255,1484,163804,10,236257
4419,0.002304,172.217.194.0-255,2902,166706,10,236257
4420,0.002307,172.31.36.0-255,66,166772,10,236257
4421,0.002313,172.217.194.0-255,5738,172510,10,236257
4422,0.002315,172.31.36.0-255,66,172576,10,236257
4423,0.002326,172.217.194.0-255,1484,174060,10,236257
4424,0.00235,172.31.36.0-255,66,174126,10,236257
4425,0.002369,172.217.194.0-255,1484,175610,10,236257
4426,0.002381,172.217.194.0-255,766,176376,10,236257
4427,0.004375,172.31.36.0-255,66,176442,10,236257
4428,0.006715,172.217.194.0-255,5738,182180,10,236257
4429,0.006722,172.31.36.0-255,66,182246,10,236257
4430,0.00907,172.217.194.0-255,4320,186566,10,236257
4431,0.009074,172.31.36.0-255,66,186632,10,236257
4432,0.00909,172.217.194.0-255,1484,188116,10,236257
4433,0.011422,172.217.194.0-255,4320,192436,10,236257
4434,0.01143,172.31.36.0-255,66,192502,10,236257
4435,0.013736,172.217.194.0-255,5738,198240,10,236257
4436,0.013742,172.31.36.0-255,66,198306,10,236257
4437,0.016078,172.217.194.0-255,5738,204044,10,236257
4438,0.016085,172.31.36.0-255,66,204110,10,236257
4439,0.018437,172.217.194.0-255,5738,209848,10,236257
4440,0.018445,172.31.36.0-255,66,209914,10,236257
4441,0.020743,172.217.194.0-255,5738,215652,10,236257
4442,0.02075,172.31.36.0-255,66,215718,10,236257
4443,0.023083,172.217.194.0-255,5738,221456,10,236257
4444,0.02309,172.31.36.0-255,66,221522,10,236257
4445,0.025445,172.217.194.0-255,5738,227260,10,236257
4446,0.025453,172.31.36.0-255,66,227326,10,236257
4447,0.027818,172.217.194.0-255,5738,233064,10,236257
4448,0.027823,172.31.36.0-255,66,233130,10,236257
4449,0.028859,172.31.36.0-255,172,233302,10,236257
4450,0.028891,172.31.36.0-255,1110,234412,10,236257
4451,0.028948,172.31.36.0-255,1514,235926,10,236257
4452,0.02895,172.31.36.0-255,331,236257,10,236257
4453,0.0,74.125.24.0-255,298,298,10,132538
4454,2.2e-05,172.31.36.0-255,66,364,10,132538
4455,2.9e-05,74.125.24.0-255,1484,1848,10,132538
4456,3.4e-05,172.31.36.0-255,66,1914,10,132538
4457,4.1e-05,74.125.24.0-255,4320,6234,10,132538
4458,5.2e-05,172.31.36.0-255,66,6300,10,132538
4459,5.8e-05,74.125.24.0-255,4320,10620,10,132538
4460,6.1e-05,172.31.36.0-255,66,10686,10,132538
4461,6.8e-05,74.125.24.0-255,4687,15373,10,132538
4462,7e-05,172.31.36.0-255,66,15439,10,132538
4463,8.4e-05,172.31.36.0-255,66,15505,10,132538
4464,9e-05,74.125.24.0-255,3961,19466,10,132538
4465,9.3e-05,172.31.36.0-255,66,19532,10,132538
4466,0.000345,74.125.24.0-255,1484,21016,10,132538
4467,0.00035,172.31.36.0-255,66,21082,10,132538
4468,0.000358,74.125.24.0-255,2902,23984,10,132538
4469,0.000361,172.31.36.0-255,66,24050,10,132538
4470,0.000373,74.125.24.0-255,5738,29788,10,132538
4471,0.000375,172.31.36.0-255,66,29854,10,132538
4472,0.000383,74.125.24.0-255,7156,37010,10,132538
4473,0.000385,172.31.36.0-255,66,37076,10,132538
4474,0.000417,74.125.24.0-255,5738,42814,10,132538
4475,0.000419,172.31.36.0-255,66,42880,10,132538
4476,0.000427,74.125.24.0-255,7156,50036,10,132538
4477,0.00043,172.31.36.0-255,66,50102,10,132538
4478,0.000455,74.125.24.0-255,3933,54035,10,132538
4479,0.000458,172.31.36.0-255,66,54101,10,132538
4480,0.000916,74.125.24.0-255,113,54214,10,132538
4481,0.000921,172.31.36.0-255,66,54280,10,132538
4482,0.000966,74.125.24.0-255,1484,55764,10,132538
4483,0.000969,172.31.36.0-255,66,55830,10,132538
4484,0.000999,74.125.24.0-255,2902,58732,10,132538
4485,0.001002,172.31.36.0-255,66,58798,10,132538
4486,0.001009,74.125.24.0-255,5738,64536,10,132538
4487,0.001011,172.31.36.0-255,66,64602,10,132538
4488,0.00104,74.125.24.0-255,1484,66086,10,132538
4489,0.001047,74.125.24.0-255,4320,70406,10,132538
4490,0.00105,172.31.36.0-255,66,70472,10,132538
4491,0.001077,74.125.24.0-255,7156,77628,10,132538
4492,0.001079,172.31.36.0-255,66,77694,10,132538
4493,0.001104,74.125.24.0-255,1484,79178,10,132538
4494,0.001109,74.125.24.0-255,2902,82080,10,132538
4495,0.001112,172.31.36.0-255,66,82146,10,132538
4496,0.00113,74.125.24.0-255,2902,85048,10,132538
4497,0.001132,172.31.36.0-255,66,85114,10,132538
4498,0.001158,74.125.24.0-255,3602,88716,10,132538
4499,0.001161,172.31.36.0-255,66,88782,10,132538
4500,0.001673,74.125.24.0-255,1484,90266,10,132538
4501,0.001683,74.125.24.0-255,2902,93168,10,132538
4502,0.001687,172.31.36.0-255,66,93234,10,132538
4503,0.001694,74.125.24.0-255,5738,98972,10,132538
4504,0.001696,172.31.36.0-255,66,99038,10,132538
4505,0.001743,172.31.36.0-255,66,99104,10,132538
4506,0.001778,172.31.36.0-255,66,99170,10,132538
4507,0.002031,74.125.24.0-255,1484,100654,10,132538
4508,0.002038,74.125.24.0-255,2902,103556,10,132538
4509,0.002042,172.31.36.0-255,66,103622,10,132538
4510,0.00205,74.125.24.0-255,5738,109360,10,132538
4511,0.002052,172.31.36.0-255,66,109426,10,132538
4512,0.002064,74.125.24.0-255,7156,116582,10,132538
4513,0.002066,172.31.36.0-255,66,116648,10,132538
4514,0.002079,74.125.24.0-255,1484,118132,10,132538
4515,0.002135,172.31.36.0-255,66,118198,10,132538
4516,0.002163,172.31.36.0-255,66,118264,10,132538
4517,0.002176,172.31.36.0-255,66,118330,10,132538
4518,0.0022,172.31.36.0-255,66,118396,10,132538
4519,0.002207,74.125.24.0-255,5738,124134,10,132538
4520,0.00221,172.31.36.0-255,66,124200,10,132538
4521,0.002251,172.31.36.0-255,66,124266,10,132538
4522,0.002257,74.125.24.0-255,5020,129286,10,132538
4523,0.00226,172.31.36.0-255,66,129352,10,132538
4524,0.002307,172.31.36.0-255,66,129418,10,132538
4525,0.002346,172.31.36.0-255,66,129484,10,132538
4526,0.002373,172.31.36.0-255,66,129550,10,132538
4527,0.002407,74.125.24.0-255,2184,131734,10,132538
4528,0.00241,172.31.36.0-255,66,131800,10,132538
4529,0.002437,172.31.36.0-255,66,131866,10,132538
4530,0.002491,172.31.36.0-255,66,131932,10,132538
4531,0.002537,172.31.36.0-255,66,131998,10,132538
4532,0.002559,172.31.36.0-255,66,132064,10,132538
4533,0.002578,172.31.36.0-255,66,132130,10,132538
4534,0.002591,172.31.36.0-255,66,132196,10,132538
4535,0.005152,74.125.24.0-255,105,132301,10,132538
4536,0.011661,172.31.36.0-255,66,132367,10,132538
4537,0.011717,172.31.36.0-255,105,132472,10,132538
4538,0.014264,74.125.24.0-255,66,132538,10,132538
4539,0.0,74.125.24.0-255,152,152,10,160777
4540,1.9e-05,172.31.36.0-255,66,218,10,160777
4541,2.5e-05,74.125.24.0-255,1484,1702,10,160777
4542,3e-05,172.31.36.0-255,66,1768,10,160777
4543,6.5e-05,74.125.24.0-255,2902,4670,10,160777
4544,7.3e-05,172.31.36.0-255,66,4736,10,160777
4545,8.1e-05,74.125.24.0-255,5738,10474,10,160777
4546,8.4e-05,172.31.36.0-255,66,10540,10,160777
4547,0.000117,74.125.24.0-255,3464,14004,10,160777
4548,0.00012,172.31.36.0-255,66,14070,10,160777
4549,0.000203,74.125.24.0-255,1484,15554,10,160777
4550,0.000207,172.31.36.0-255,66,15620,10,160777
4551,0.000233,74.125.24.0-255,2902,18522,10,160777
4552,0.000237,172.31.36.0-255,66,18588,10,160777
4553,0.000244,74.125.24.0-255,5738,24326,10,160777
4554,0.000247,172.31.36.0-255,66,24392,10,160777
4555,0.000322,172.31.36.0-255,66,24458,10,160777
4556,0.000335,172.31.36.0-255,66,24524,10,160777
4557,0.000338,74.125.24.0-255,1125,25649,10,160777
4558,0.00034,172.31.36.0-255,66,25715,10,160777
4559,0.000955,74.125.24.0-255,1484,27199,10,160777
4560,0.000961,172.31.36.0-255,66,27265,10,160777
4561,0.000967,74.125.24.0-255,2902,30167,10,160777
4562,0.000969,172.31.36.0-255,66,30233,10,160777
4563,0.000981,74.125.24.0-255,5738,35971,10,160777
4564,0.000983,172.31.36.0-255,66,36037,10,160777
4565,0.001023,172.31.36.0-255,66,36103,10,160777
4566,0.001033,172.31.36.0-255,66,36169,10,160777
4567,0.001073,74.125.24.0-255,4320,40489,10,160777
4568,0.001113,74.125.24.0-255,5020,45509,10,160777
4569,0.001126,172.31.36.0-255,66,45575,10,160777
4570,0.001202,74.125.24.0-255,1484,47059,10,160777
4571,0.001207,74.125.24.0-255,1484,48543,10,160777
4572,0.001222,74.125.24.0-255,1484,50027,10,160777
4573,0.001229,74.125.24.0-255,5738,55765,10,160777
4574,0.001232,74.125.24.0-255,1484,57249,10,160777
4575,0.001244,172.31.36.0-255,66,57315,10,160777
4576,0.001249,74.125.24.0-255,2902,60217,10,160777
4577,0.001254,172.31.36.0-255,66,60283,10,160777
4578,0.001284,74.125.24.0-255,2543,62826,10,160777
4579,0.001289,172.31.36.0-255,66,62892,10,160777
4580,0.001426,74.125.24.0-255,1484,64376,10,160777
4581,0.001433,74.125.24.0-255,2902,67278,10,160777
4582,0.001449,74.125.24.0-255,5738,73016,10,160777
4583,0.001466,172.31.36.0-255,66,73082,10,160777
4584,0.001476,74.125.24.0-255,4320,77402,10,160777
4585,0.001481,172.31.36.0-255,66,77468,10,160777
4586,0.001525,74.125.24.0-255,1484,78952,10,160777
4587,0.00153,172.31.36.0-255,66,79018,10,160777
4588,0.001599,172.31.36.0-255,66,79084,10,160777
4589,0.002084,74.125.24.0-255,1484,80568,10,160777
4590,0.002106,74.125.24.0-255,2902,83470,10,160777
4591,0.00211,172.31.36.0-255,66,83536,10,160777
4592,0.002118,74.125.24.0-255,5738,89274,10,160777
4593,0.002158,74.125.24.0-255,7156,96430,10,160777
4594,0.002174,172.31.36.0-255,66,96496,10,160777
4595,0.002203,74.125.24.0-255,3602,100098,10,160777
4596,0.002215,172.31.36.0-255,66,100164,10,160777
4597,0.004754,74.125.24.0-255,1484,101648,10,160777
4598,0.004825,74.125.24.0-255,1484,103132,10,160777
4599,0.00483,172.31.36.0-255,66,103198,10,160777
4600,0.004858,74.125.24.0-255,2902,106100,10,160777
4601,0.005009,172.31.36.0-255,66,106166,10,160777
4602,0.007426,74.125.24.0-255,2902,109068,10,160777
4603,0.007431,172.31.36.0-255,66,109134,10,160777
4604,0.007626,74.125.24.0-255,2902,112036,10,160777
4605,0.00831,172.31.36.0-255,66,112102,10,160777
4606,0.010039,74.125.24.0-255,1484,113586,10,160777
4607,0.010059,74.125.24.0-255,1484,115070,10,160777
4608,0.010064,172.31.36.0-255,66,115136,10,160777
4609,0.010933,74.125.24.0-255,2902,118038,10,160777
4610,0.012413,172.31.36.0-255,66,118104,10,160777
4611,0.012693,74.125.24.0-255,2902,121006,10,160777
4612,0.012698,172.31.36.0-255,66,121072,10,160777
4613,0.015032,74.125.24.0-255,2902,123974,10,160777
4614,0.015044,172.31.36.0-255,66,124040,10,160777
4615,0.015314,74.125.24.0-255,2902,126942,10,160777
4616,0.01532,172.31.36.0-255,66,127008,10,160777
4617,0.017662,74.125.24.0-255,2902,129910,10,160777
4618,0.017672,172.31.36.0-255,66,129976,10,160777
4619,0.017912,74.125.24.0-255,2902,132878,10,160777
4620,0.017918,172.31.36.0-255,66,132944,10,160777
4621,0.020309,74.125.24.0-255,2902,135846,10,160777
4622,0.020317,172.31.36.0-255,66,135912,10,160777
4623,0.020494,74.125.24.0-255,2902,138814,10,160777
4624,0.020499,172.31.36.0-255,66,138880,10,160777
4625,0.022955,74.125.24.0-255,2902,141782,10,160777
4626,0.022963,172.31.36.0-255,66,141848,10,160777
4627,0.023128,74.125.24.0-255,2902,144750,10,160777
4628,0.023133,172.31.36.0-255,66,144816,10,160777
4629,0.025603,74.125.24.0-255,2902,147718,10,160777
4630,0.025612,172.31.36.0-255,66,147784,10,160777
4631,0.025746,74.125.24.0-255,2902,150686,10,160777
4632,0.025751,172.31.36.0-255,66,150752,10,160777
4633,0.028224,74.125.24.0-255,2902,153654,10,160777
4634,0.028231,172.31.36.0-255,66,153720,10,160777
4635,0.028358,74.125.24.0-255,2902,156622,10,160777
4636,0.028483,172.31.36.0-255,66,156688,10,160777
4637,0.029389,172.31.36.0-255,172,156860,10,160777
4638,0.029417,172.31.36.0-255,1108,157968,10,160777
4639,0.029474,172.31.36.0-255,1514,159482,10,160777
4640,0.029476,172.31.36.0-255,1295,160777,10,160777
4641,0.0,172.217.194.0-255,334,334,10,172649
4642,2.9e-05,172.31.36.0-255,66,400,10,172649
4643,3.6e-05,172.217.194.0-255,1484,1884,10,172649
4644,4e-05,172.31.36.0-255,66,1950,10,172649
4645,4.5e-05,172.217.194.0-255,4320,6270,10,172649
4646,4.7e-05,172.31.36.0-255,66,6336,10,172649
4647,6.5e-05,172.217.194.0-255,4320,10656,10,172649
4648,6.7e-05,172.31.36.0-255,66,10722,10,172649
4649,8.2e-05,172.217.194.0-255,1484,12206,10,172649
4650,8.4e-05,172.31.36.0-255,66,12272,10,172649
4651,9.9e-05,172.217.194.0-255,3485,15757,10,172649
4652,0.000101,172.31.36.0-255,66,15823,10,172649
4653,0.000107,172.217.194.0-255,5738,21561,10,172649
4654,0.000109,172.31.36.0-255,66,21627,10,172649
4655,0.00014,172.217.194.0-255,7156,28783,10,172649
4656,0.000143,172.31.36.0-255,66,28849,10,172649
4657,0.000163,172.217.194.0-255,5738,34587,10,172649
4658,0.000166,172.31.36.0-255,66,34653,10,172649
4659,0.000172,172.217.194.0-255,5738,40391,10,172649
4660,0.000174,172.31.36.0-255,66,40457,10,172649
4661,0.000189,172.217.194.0-255,5738,46195,10,172649
4662,0.000191,172.31.36.0-255,66,46261,10,172649
4663,0.000207,172.217.194.0-255,2184,48445,10,172649
4664,0.000209,172.31.36.0-255,66,48511,10,172649
4665,0.000667,172.217.194.0-255,1484,49995,10,172649
4666,0.000672,172.31.36.0-255,66,50061,10,172649
4667,0.000676,172.217.194.0-255,1484,51545,10,172649
4668,0.000677,172.31.36.0-255,66,51611,10,172649
4669,0.000692,172.217.194.0-255,1484,53095,10,172649
4670,0.000694,172.31.36.0-255,66,53161,10,172649
4671,0.000699,172.217.194.0-255,2902,56063,10,172649
4672,0.000701,172.31.36.0-255,66,56129,10,172649
4673,0.000724,172.217.194.0-255,2902,59031,10,172649
4674,0.000727,172.31.36.0-255,66,59097,10,172649
4675,0.000732,172.217.194.0-255,4320,63417,10,172649
4676,0.000734,172.31.36.0-255,66,63483,10,172649
4677,0.000761,172.217.194.0-255,3131,66614,10,172649
4678,0.000764,172.31.36.0-255,66,66680,10,172649
4679,0.001451,172.217.194.0-255,1484,68164,10,172649
4680,0.001461,172.217.194.0-255,2902,71066,10,172649
4681,0.001465,172.31.36.0-255,66,71132,10,172649
4682,0.001471,172.217.194.0-255,2902,74034,10,172649
4683,0.001473,172.31.36.0-255,66,74100,10,172649
4684,0.001487,172.217.194.0-255,2902,77002,10,172649
4685,0.001489,172.31.36.0-255,66,77068,10,172649
4686,0.00151,172.217.194.0-255,2902,79970,10,172649
4687,0.001512,172.31.36.0-255,66,80036,10,172649
4688,0.001538,172.31.36.0-255,66,80102,10,172649
4689,0.001543,172.217.194.0-255,4320,84422,10,172649
4690,0.001545,172.31.36.0-255,66,84488,10,172649
4691,0.001586,172.217.194.0-255,2902,87390,10,172649
4692,0.001589,172.31.36.0-255,66,87456,10,172649
4693,0.001608,172.217.194.0-255,3602,91058,10,172649
4694,0.00161,172.31.36.0-255,66,91124,10,172649
4695,0.003714,172.217.194.0-255,1484,92608,10,172649
4696,0.003736,172.217.194.0-255,4320,96928,10,172649
4697,0.003738,172.31.36.0-255,66,96994,10,172649
4698,0.005885,172.217.194.0-255,5738,102732,10,172649
4699,0.00589,172.31.36.0-255,66,102798,10,172649
4700,0.008008,172.217.194.0-255,5738,108536,10,172649
4701,0.008014,172.31.36.0-255,66,108602,10,172649
4702,0.010129,172.217.194.0-255,5738,114340,10,172649
4703,0.010137,172.31.36.0-255,66,114406,10,172649
4704,0.012281,172.217.194.0-255,2902,117308,10,172649
4705,0.012288,172.31.36.0-255,66,117374,10,172649
4706,0.012324,172.217.194.0-255,2902,120276,10,172649
4707,0.012328,172.31.36.0-255,66,120342,10,172649
4708,0.014439,172.217.194.0-255,5738,126080,10,172649
4709,0.014447,172.31.36.0-255,66,126146,10,172649
4710,0.016586,172.217.194.0-255,5738,131884,10,172649
4711,0.016593,172.31.36.0-255,66,131950,10,172649
4712,0.018722,172.217.194.0-255,5738,137688,10,172649
4713,0.018729,172.31.36.0-255,66,137754,10,172649
4714,0.020875,172.217.194.0-255,4320,142074,10,172649
4715,0.020882,172.31.36.0-255,66,142140,10,172649
4716,0.020915,172.217.194.0-255,1484,143624,10,172649
4717,0.023034,172.217.194.0-255,4320,147944,10,172649
4718,0.023042,172.31.36.0-255,66,148010,10,172649
4719,0.024468,172.31.36.0-255,172,148182,10,172649
4720,0.024498,172.31.36.0-255,1112,149294,10,172649
4721,0.024541,172.31.36.0-255,1514,150808,10,172649
4722,0.024543,172.31.36.0-255,1514,152322,10,172649
4723,0.024549,172.31.36.0-255,1514,153836,10,172649
4724,0.02455,172.31.36.0-255,1071,154907,10,172649
4725,0.025192,172.217.194.0-255,5738,160645,10,172649
4726,0.025198,172.31.36.0-255,66,160711,10,172649
4727,0.026147,104.244.42.0-255,66,160777,10,172649
4728,0.026307,104.244.42.0-255,66,160843,10,172649
4729,0.026313,104.244.42.0-255,66,160909,10,172649
4730,0.026316,104.244.42.0-255,66,160975,10,172649
4731,0.0273,172.217.194.0-255,5738,166713,10,172649
4732,0.027305,172.31.36.0-255,66,166779,10,172649
4733,0.029453,172.217.194.0-255,4320,171099,10,172649
4734,0.029459,172.31.36.0-255,66,171165,10,172649
4735,0.029486,172.217.194.0-255,1484,172649,10,172649
4736,0.0,172.217.27.0-255,153,153,10,184234
4737,2.5e-05,172.31.36.0-255,66,219,10,184234
4738,3.3e-05,172.217.27.0-255,1484,1703,10,184234
4739,3.8e-05,172.31.36.0-255,66,1769,10,184234
4740,5.2e-05,172.217.27.0-255,2902,4671,10,184234
4741,5.5e-05,172.31.36.0-255,66,4737,10,184234
4742,6.2e-05,172.217.27.0-255,7156,11893,10,184234
4743,6.5e-05,172.31.36.0-255,66,11959,10,184234
4744,7.1e-05,172.217.27.0-255,2011,13970,10,184234
4745,7.4e-05,172.31.36.0-255,66,14036,10,184234
4746,0.000463,172.217.27.0-255,1484,15520,10,184234
4747,0.000469,172.31.36.0-255,66,15586,10,184234
4748,0.000475,172.217.27.0-255,2902,18488,10,184234
4749,0.000477,172.31.36.0-255,66,18554,10,184234
4750,0.000484,172.217.27.0-255,5738,24292,10,184234
4751,0.000492,172.31.36.0-255,66,24358,10,184234
4752,0.000498,172.217.27.0-255,2902,27260,10,184234
4753,0.0005,172.31.36.0-255,66,27326,10,184234
4754,0.000514,172.217.27.0-255,2902,30228,10,184234
4755,0.000517,172.31.36.0-255,66,30294,10,184234
4756,0.000558,172.217.27.0-255,1125,31419,10,184234
4757,0.000562,172.31.36.0-255,66,31485,10,184234
4758,0.000797,172.217.27.0-255,1484,32969,10,184234
4759,0.000803,172.31.36.0-255,66,33035,10,184234
4760,0.000812,172.217.27.0-255,2902,35937,10,184234
4761,0.000814,172.31.36.0-255,66,36003,10,184234
4762,0.000825,172.217.27.0-255,4320,40323,10,184234
4763,0.000827,172.31.36.0-255,66,40389,10,184234
4764,0.000833,172.217.27.0-255,5738,46127,10,184234
4765,0.000835,172.31.36.0-255,66,46193,10,184234
4766,0.000876,172.31.36.0-255,66,46259,10,184234
4767,0.000921,172.217.27.0-255,2902,49161,10,184234
4768,0.000924,172.31.36.0-255,66,49227,10,184234
4769,0.000952,172.217.27.0-255,5708,54935,10,184234
4770,0.000955,172.31.36.0-255,66,55001,10,184234
4771,0.001285,172.217.27.0-255,348,55349,10,184234
4772,0.001453,172.217.27.0-255,1484,56833,10,184234
4773,0.00146,172.31.36.0-255,66,56899,10,184234
4774,0.001467,172.217.27.0-255,2902,59801,10,184234
4775,0.00147,172.31.36.0-255,66,59867,10,184234
4776,0.001481,172.217.27.0-255,5738,65605,10,184234
4777,0.001484,172.31.36.0-255,66,65671,10,184234
4778,0.001492,172.217.27.0-255,6797,72468,10,184234
4779,0.001494,172.31.36.0-255,66,72534,10,184234
4780,0.001531,172.31.36.0-255,66,72600,10,184234
4781,0.001564,172.217.27.0-255,4320,76920,10,184234
4782,0.001567,172.31.36.0-255,66,76986,10,184234
4783,0.001571,172.217.27.0-255,2543,79529,10,184234
4784,0.001574,172.31.36.0-255,66,79595,10,184234
4785,0.003186,172.217.27.0-255,5738,85333,10,184234
4786,0.003192,172.31.36.0-255,66,85399,10,184234
4787,0.004825,172.217.27.0-255,5738,91137,10,184234
4788,0.004831,172.31.36.0-255,66,91203,10,184234
4789,0.006474,172.217.27.0-255,5738,96941,10,184234
4790,0.006479,172.31.36.0-255,66,97007,10,184234
4791,0.008114,172.217.27.0-255,5738,102745,10,184234
4792,0.008121,172.31.36.0-255,66,102811,10,184234
4793,0.009773,172.217.27.0-255,5738,108549,10,184234
4794,0.009781,172.31.36.0-255,66,108615,10,184234
4795,0.011419,172.217.27.0-255,5738,114353,10,184234
4796,0.011427,172.31.36.0-255,66,114419,10,184234
4797,0.013078,172.217.27.0-255,5738,120157,10,184234
4798,0.013089,172.31.36.0-255,66,120223,10,184234
4799,0.014721,172.217.27.0-255,5738,125961,10,184234
4800,0.014731,172.31.36.0-255,66,126027,10,184234
4801,0.016366,172.217.27.0-255,5738,131765,10,184234
4802,0.016374,172.31.36.0-255,66,131831,10,184234
4803,0.018003,172.217.27.0-255,5738,137569,10,184234
4804,0.01801,172.31.36.0-255,66,137635,10,184234
4805,0.019653,172.217.27.0-255,5738,143373,10,184234
4806,0.01966,172.31.36.0-255,66,143439,10,184234
4807,0.021302,172.217.27.0-255,5738,149177,10,184234
4808,0.02131,172.31.36.0-255,66,149243,10,184234
4809,0.022949,172.217.27.0-255,5738,154981,10,184234
4810,0.022956,172.31.36.0-255,66,155047,10,184234
4811,0.024587,172.217.27.0-255,5738,160785,10,184234
4812,0.024595,172.31.36.0-255,66,160851,10,184234
4813,0.02624,172.217.27.0-255,4320,165171,10,184234
4814,0.026246,172.31.36.0-255,66,165237,10,184234
4815,0.026275,172.217.27.0-255,1484,166721,10,184234
4816,0.026362,172.31.36.0-255,101,166822,10,184234
4817,0.027186,172.31.36.0-255,167,166989,10,184234
4818,0.027219,172.31.36.0-255,1108,168097,10,184234
4819,0.027279,172.31.36.0-255,1514,169611,10,184234
4820,0.02728,172.31.36.0-255,1514,171125,10,184234
4821,0.027282,172.31.36.0-255,1514,172639,10,184234
4822,0.027283,172.31.36.0-255,1075,173714,10,184234
4823,0.027871,172.217.27.0-255,4320,178034,10,184234
4824,0.027877,172.31.36.0-255,66,178100,10,184234
4825,0.027977,172.217.27.0-255,1484,179584,10,184234
4826,0.028715,104.244.42.0-255,66,179650,10,184234
4827,0.028723,104.244.42.0-255,66,179716,10,184234
4828,0.028786,104.244.42.0-255,66,179782,10,184234
4829,0.028834,104.244.42.0-255,66,179848,10,184234
4830,0.029505,172.217.27.0-255,4320,184168,10,184234
4831,0.029512,172.31.36.0-255,66,184234,10,184234
4832,0.0,172.217.194.0-255,152,152,10,213357
4833,3.1e-05,172.31.36.0-255,66,218,10,213357
4834,3.9e-05,172.217.194.0-255,1484,1702,10,213357
4835,4.3e-05,172.31.36.0-255,66,1768,10,213357
4836,4.8e-05,172.217.194.0-255,2902,4670,10,213357
4837,5e-05,172.31.36.0-255,66,4736,10,213357
4838,5.7e-05,172.217.194.0-255,7156,11892,10,213357
4839,6e-05,172.31.36.0-255,66,11958,10,213357
4840,6.4e-05,172.217.194.0-255,2069,14027,10,213357
4841,6.7e-05,172.31.36.0-255,66,14093,10,213357
4842,0.000111,172.217.194.0-255,1484,15577,10,213357
4843,0.000115,172.31.36.0-255,66,15643,10,213357
4844,0.000119,172.217.194.0-255,2902,18545,10,213357
4845,0.000121,172.31.36.0-255,66,18611,10,213357
4846,0.000139,172.217.194.0-255,5738,24349,10,213357
4847,0.000142,172.31.36.0-255,66,24415,10,213357
4848,0.000146,172.217.194.0-255,2902,27317,10,213357
4849,0.000148,172.31.36.0-255,66,27383,10,213357
4850,0.000163,172.217.194.0-255,2902,30285,10,213357
4851,0.000166,172.31.36.0-255,66,30351,10,213357
4852,0.000191,172.217.194.0-255,1125,31476,10,213357
4853,0.000194,172.31.36.0-255,66,31542,10,213357
4854,0.000251,172.217.194.0-255,1484,33026,10,213357
4855,0.000255,172.31.36.0-255,66,33092,10,213357
4856,0.000258,172.217.194.0-255,1484,34576,10,213357
4857,0.00026,172.31.36.0-255,66,34642,10,213357
4858,0.000273,172.217.194.0-255,1484,36126,10,213357
4859,0.000276,172.31.36.0-255,66,36192,10,213357
4860,0.000284,172.217.194.0-255,5738,41930,10,213357
4861,0.000286,172.31.36.0-255,66,41996,10,213357
4862,0.000308,172.217.194.0-255,7156,49152,10,213357
4863,0.000312,172.31.36.0-255,66,49218,10,213357
4864,0.00034,172.217.194.0-255,2543,51761,10,213357
4865,0.000346,172.31.36.0-255,66,51827,10,213357
4866,0.000352,172.31.36.0-255,66,51893,10,213357
4867,0.000357,172.217.194.0-255,4218,56111,10,213357
4868,0.000359,172.31.36.0-255,66,56177,10,213357
4869,0.000477,172.217.194.0-255,118,56295,10,213357
4870,0.000497,172.217.194.0-255,376,56671,10,213357
4871,0.000791,172.217.194.0-255,1484,58155,10,213357
4872,0.000796,172.31.36.0-255,66,58221,10,213357
4873,0.000801,172.217.194.0-255,2902,61123,10,213357
4874,0.000803,172.31.36.0-255,66,61189,10,213357
4875,0.000818,172.217.194.0-255,2902,64091,10,213357
4876,0.000821,172.31.36.0-255,66,64157,10,213357
4877,0.000842,172.217.194.0-255,5738,69895,10,213357
4878,0.000845,172.31.36.0-255,66,69961,10,213357
4879,0.000866,172.217.194.0-255,1484,71445,10,213357
4880,0.00088,172.31.36.0-255,66,71511,10,213357
4881,0.000898,172.217.194.0-255,2902,74413,10,213357
4882,0.000901,172.31.36.0-255,66,74479,10,213357
4883,0.000906,172.217.194.0-255,3602,78081,10,213357
4884,0.000909,172.31.36.0-255,66,78147,10,213357
4885,0.001355,172.217.194.0-255,1484,79631,10,213357
4886,0.001366,172.217.194.0-255,2902,82533,10,213357
4887,0.001371,172.31.36.0-255,66,82599,10,213357
4888,0.001379,172.217.194.0-255,5738,88337,10,213357
4889,0.001381,172.31.36.0-255,66,88403,10,213357
4890,0.001411,172.31.36.0-255,66,88469,10,213357
4891,0.001437,172.217.194.0-255,4320,92789,10,213357
4892,0.00144,172.31.36.0-255,66,92855,10,213357
4893,0.001452,172.31.36.0-255,66,92921,10,213357
4894,0.001488,172.217.194.0-255,2902,95823,10,213357
4895,0.001491,172.31.36.0-255,66,95889,10,213357
4896,0.001497,172.217.194.0-255,4320,100209,10,213357
4897,0.001499,172.31.36.0-255,66,100275,10,213357
4898,0.001503,172.217.194.0-255,2902,103177,10,213357
4899,0.001505,172.31.36.0-255,66,103243,10,213357
4900,0.001532,172.217.194.0-255,5738,108981,10,213357
4901,0.001536,172.31.36.0-255,66,109047,10,213357
4902,0.001549,172.31.36.0-255,66,109113,10,213357
4903,0.001583,172.217.194.0-255,4320,113433,10,213357
4904,0.001586,172.31.36.0-255,66,113499,10,213357
4905,0.001609,172.217.194.0-255,2184,115683,10,213357
4906,0.001612,172.31.36.0-255,66,115749,10,213357
4907,0.00162,172.217.194.0-255,7156,122905,10,213357
4908,0.001622,172.31.36.0-255,66,122971,10,213357
4909,0.001662,172.217.194.0-255,4320,127291,10,213357
4910,0.001666,172.31.36.0-255,66,127357,10,213357
4911,0.001696,172.217.194.0-255,5738,133095,10,213357
4912,0.0017,172.31.36.0-255,66,133161,10,213357
4913,0.001711,172.31.36.0-255,66,133227,10,213357
4914,0.001716,172.217.194.0-255,5020,138247,10,213357
4915,0.001719,172.31.36.0-255,66,138313,10,213357
4916,0.001759,172.217.194.0-255,1484,139797,10,213357
4917,0.001765,172.217.194.0-255,2902,142699,10,213357
4918,0.001768,172.31.36.0-255,66,142765,10,213357
4919,0.001776,172.217.194.0-255,5738,148503,10,213357
4920,0.001779,172.31.36.0-255,66,148569,10,213357
4921,0.001783,172.217.194.0-255,4320,152889,10,213357
4922,0.001785,172.31.36.0-255,66,152955,10,213357
4923,0.001811,172.217.194.0-255,4320,157275,10,213357
4924,0.001814,172.31.36.0-255,66,157341,10,213357
4925,0.001837,172.217.194.0-255,7156,164497,10,213357
4926,0.001839,172.31.36.0-255,66,164563,10,213357
4927,0.001848,172.31.36.0-255,66,164629,10,213357
4928,0.001907,172.217.194.0-255,1484,166113,10,213357
4929,0.001923,172.217.194.0-255,2902,169015,10,213357
4930,0.001926,172.31.36.0-255,66,169081,10,213357
4931,0.001932,172.217.194.0-255,4320,173401,10,213357
4932,0.001934,172.31.36.0-255,66,173467,10,213357
4933,0.001972,172.31.36.0-255,66,173533,10,213357
4934,0.001984,172.217.194.0-255,1484,175017,10,213357
4935,0.002002,172.217.194.0-255,7156,182173,10,213357
4936,0.002005,172.31.36.0-255,66,182239,10,213357
4937,0.002033,172.31.36.0-255,66,182305,10,213357
4938,0.002043,172.31.36.0-255,66,182371,10,213357
4939,0.002071,172.31.36.0-255,66,182437,10,213357
4940,0.002085,172.31.36.0-255,66,182503,10,213357
4941,0.002088,172.217.194.0-255,2184,184687,10,213357
4942,0.00209,172.31.36.0-255,66,184753,10,213357
4943,0.002144,172.217.194.0-255,2902,187655,10,213357
4944,0.002147,172.31.36.0-255,66,187721,10,213357
4945,0.002153,172.217.194.0-255,4320,192041,10,213357
4946,0.002155,172.31.36.0-255,66,192107,10,213357
4947,0.002184,172.31.36.0-255,66,192173,10,213357
4948,0.002216,172.31.36.0-255,66,192239,10,213357
4949,0.002244,172.31.36.0-255,66,192305,10,213357
4950,0.002247,172.217.194.0-255,1484,193789,10,213357
4951,0.002265,172.217.194.0-255,2902,196691,10,213357
4952,0.002267,172.31.36.0-255,66,196757,10,213357
4953,0.002273,172.217.194.0-255,5738,202495,10,213357
4954,0.002275,172.31.36.0-255,66,202561,10,213357
4955,0.002308,172.31.36.0-255,66,202627,10,213357
4956,0.002329,172.217.194.0-255,2902,205529,10,213357
4957,0.002331,172.31.36.0-255,66,205595,10,213357
4958,0.002343,172.31.36.0-255,66,205661,10,213357
4959,0.002428,172.217.194.0-255,7156,212817,10,213357
4960,0.002432,172.31.36.0-255,66,212883,10,213357
4961,0.002435,172.31.36.0-255,66,212949,10,213357
4962,0.002465,172.31.36.0-255,66,213015,10,213357
4963,0.002468,172.217.194.0-255,105,213120,10,213357
4964,0.004463,172.31.36.0-255,66,213186,10,213357
4965,0.004504,172.31.36.0-255,105,213291,10,213357
4966,0.007046,172.217.194.0-255,66,213357,10,213357
4967,0.0,172.217.194.0-255,148,148,10,267137
4968,2.7e-05,172.217.194.0-255,1484,1632,10,267137
4969,3.5e-05,172.31.36.0-255,66,1698,10,267137
4970,4.2e-05,172.217.194.0-255,2902,4600,10,267137
4971,4.5e-05,172.31.36.0-255,66,4666,10,267137
4972,5.2e-05,172.217.194.0-255,5738,10404,10,267137
4973,5.4e-05,172.31.36.0-255,66,10470,10,267137
4974,7.6e-05,172.217.194.0-255,3411,13881,10,267137
4975,7.8e-05,172.31.36.0-255,66,13947,10,267137
4976,9.7e-05,172.217.194.0-255,4320,18267,10,267137
4977,0.0001,172.31.36.0-255,66,18333,10,267137
4978,0.000123,172.31.36.0-255,66,18399,10,267137
4979,0.000128,172.217.194.0-255,2543,20942,10,267137
4980,0.00013,172.31.36.0-255,66,21008,10,267137
4981,0.001118,172.217.194.0-255,1484,22492,10,267137
4982,0.001136,172.217.194.0-255,2902,25394,10,267137
4983,0.00114,172.31.36.0-255,66,25460,10,267137
4984,0.001147,172.217.194.0-255,5738,31198,10,267137
4985,0.001149,172.31.36.0-255,66,31264,10,267137
4986,0.001171,172.217.194.0-255,1484,32748,10,267137
4987,0.001193,172.31.36.0-255,66,32814,10,267137
4988,0.001216,172.217.194.0-255,2543,35357,10,267137
4989,0.001218,172.31.36.0-255,66,35423,10,267137
4990,0.001229,172.31.36.0-255,66,35489,10,267137
4991,0.001231,172.217.194.0-255,375,35864,10,267137
4992,0.001265,172.217.194.0-255,367,36231,10,267137
4993,0.001381,172.217.194.0-255,1484,37715,10,267137
4994,0.001383,172.31.36.0-255,66,37781,10,267137
4995,0.001399,172.217.194.0-255,2902,40683,10,267137
4996,0.001401,172.31.36.0-255,66,40749,10,267137
4997,0.00142,172.217.194.0-255,4320,45069,10,267137
4998,0.001422,172.31.36.0-255,66,45135,10,267137
4999,0.001441,172.217.194.0-255,1484,46619,10,267137
5000,0.001473,172.31.36.0-255,66,46685,10,267137
5001,0.001506,172.31.36.0-255,66,46751,10,267137
5002,0.001509,172.217.194.0-255,1125,47876,10,267137
5003,0.001554,172.217.194.0-255,1484,49360,10,267137
5004,0.001556,172.31.36.0-255,66,49426,10,267137
5005,0.001574,172.217.194.0-255,2902,52328,10,267137
5006,0.001576,172.31.36.0-255,66,52394,10,267137
5007,0.001598,172.217.194.0-255,5738,58132,10,267137
5008,0.001601,172.31.36.0-255,66,58198,10,267137
5009,0.001607,172.217.194.0-255,6249,64447,10,267137
5010,0.001609,172.31.36.0-255,66,64513,10,267137
5011,0.002159,172.217.194.0-255,1484,65997,10,267137
5012,0.002195,172.217.194.0-255,2902,68899,10,267137
5013,0.002197,172.31.36.0-255,66,68965,10,267137
5014,0.002209,172.217.194.0-255,1484,70449,10,267137
5015,0.002229,172.217.194.0-255,4320,74769,10,267137
5016,0.002231,172.31.36.0-255,66,74835,10,267137
5017,0.002234,172.217.194.0-255,1484,76319,10,267137
5018,0.002258,172.31.36.0-255,66,76385,10,267137
5019,0.002264,172.217.194.0-255,5738,82123,10,267137
5020,0.002266,172.31.36.0-255,66,82189,10,267137
5021,0.002298,172.31.36.0-255,66,82255,10,267137
5022,0.002349,172.217.194.0-255,1484,83739,10,267137
5023,0.002363,172.217.194.0-255,2902,86641,10,267137
5024,0.002365,172.31.36.0-255,66,86707,10,267137
5025,0.002386,172.217.194.0-255,1484,88191,10,267137
5026,0.002403,172.217.194.0-255,2902,91093,10,267137
5027,0.002405,172.31.36.0-255,66,91159,10,267137
5028,0.002408,172.217.194.0-255,1484,92643,10,267137
5029,0.002424,172.217.194.0-255,2902,95545,10,267137
5030,0.002426,172.31.36.0-255,66,95611,10,267137
5031,0.002445,172.217.194.0-255,2902,98513,10,267137
5032,0.002446,172.31.36.0-255,66,98579,10,267137
5033,0.002452,172.217.194.0-255,5738,104317,10,267137
5034,0.002454,172.31.36.0-255,66,104383,10,267137
5035,0.002478,172.31.36.0-255,66,104449,10,267137
5036,0.002483,172.217.194.0-255,3602,108051,10,267137
5037,0.002485,172.31.36.0-255,66,108117,10,267137
5038,0.002532,172.217.194.0-255,1484,109601,10,267137
5039,0.002551,172.217.194.0-255,2902,112503,10,267137
5040,0.002553,172.31.36.0-255,66,112569,10,267137
5041,0.002558,172.217.194.0-255,5738,118307,10,267137
5042,0.00256,172.31.36.0-255,66,118373,10,267137
5043,0.002573,172.217.194.0-255,4320,122693,10,267137
5044,0.002575,172.31.36.0-255,66,122759,10,267137
5045,0.002595,172.217.194.0-255,2902,125661,10,267137
5046,0.002597,172.31.36.0-255,66,125727,10,267137
5047,0.002644,172.31.36.0-255,66,125793,10,267137
5048,0.002659,172.217.194.0-255,4320,130113,10,267137
5049,0.002661,172.31.36.0-255,66,130179,10,267137
5050,0.002665,172.217.194.0-255,2184,132363,10,267137
5051,0.002667,172.31.36.0-255,66,132429,10,267137
5052,0.002671,172.217.194.0-255,2902,135331,10,267137
5053,0.002674,172.31.36.0-255,66,135397,10,267137
5054,0.00268,172.217.194.0-255,7156,142553,10,267137
5055,0.002683,172.31.36.0-255,66,142619,10,267137
5056,0.002694,172.31.36.0-255,66,142685,10,267137
5057,0.002707,172.217.194.0-255,1484,144169,10,267137
5058,0.002726,172.217.194.0-255,4320,148489,10,267137
5059,0.002728,172.31.36.0-255,66,148555,10,267137
5060,0.002767,172.217.194.0-255,6438,154993,10,267137
5061,0.002771,172.31.36.0-255,66,155059,10,267137
5062,0.002947,172.217.194.0-255,1484,156543,10,267137
5063,0.002953,172.217.194.0-255,2902,159445,10,267137
5064,0.002957,172.31.36.0-255,66,159511,10,267137
5065,0.00296,172.217.194.0-255,1484,160995,10,267137
5066,0.002983,172.217.194.0-255,4320,165315,10,267137
5067,0.002986,172.31.36.0-255,66,165381,10,267137
5068,0.002992,172.217.194.0-255,5738,171119,10,267137
5069,0.002994,172.31.36.0-255,66,171185,10,267137
5070,0.003033,172.31.36.0-255,66,171251,10,267137
5071,0.003039,172.217.194.0-255,5020,176271,10,267137
5072,0.003041,172.31.36.0-255,66,176337,10,267137
5073,0.003518,172.217.194.0-255,1484,177821,10,267137
5074,0.003525,172.217.194.0-255,2902,180723,10,267137
5075,0.00353,172.31.36.0-255,66,180789,10,267137
5076,0.003535,172.217.194.0-255,2902,183691,10,267137
5077,0.003538,172.31.36.0-255,66,183757,10,267137
5078,0.003552,172.217.194.0-255,2902,186659,10,267137
5079,0.003554,172.31.36.0-255,66,186725,10,267137
5080,0.00356,172.217.194.0-255,4320,191045,10,267137
5081,0.003562,172.31.36.0-255,66,191111,10,267137
5082,0.003589,172.217.194.0-255,5738,196849,10,267137
5083,0.003592,172.31.36.0-255,66,196915,10,267137
5084,0.003595,172.217.194.0-255,1484,198399,10,267137
5085,0.003621,172.217.194.0-255,5738,204137,10,267137
5086,0.003625,172.31.36.0-255,66,204203,10,267137
5087,0.003636,172.217.194.0-255,1484,205687,10,267137
5088,0.003641,172.217.194.0-255,4320,210007,10,267137
5089,0.003644,172.31.36.0-255,66,210073,10,267137
5090,0.003647,172.217.194.0-255,766,210839,10,267137
5091,0.003723,172.217.194.0-255,1484,212323,10,267137
5092,0.003726,172.31.36.0-255,66,212389,10,267137
5093,0.003732,172.217.194.0-255,2902,215291,10,267137
5094,0.003734,172.31.36.0-255,66,215357,10,267137
5095,0.003755,172.217.194.0-255,5738,221095,10,267137
5096,0.003759,172.31.36.0-255,66,221161,10,267137
5097,0.003769,172.217.194.0-255,4320,225481,10,267137
5098,0.003771,172.31.36.0-255,66,225547,10,267137
5099,0.003793,172.217.194.0-255,2902,228449,10,267137
5100,0.003795,172.31.36.0-255,66,228515,10,267137
5101,0.003798,172.217.194.0-255,1484,229999,10,267137
5102,0.003823,172.31.36.0-255,66,230065,10,267137
5103,0.003825,172.217.194.0-255,6438,236503,10,267137
5104,0.003827,172.31.36.0-255,66,236569,10,267137
5105,0.003859,172.217.194.0-255,7156,243725,10,267137
5106,0.003862,172.31.36.0-255,66,243791,10,267137
5107,0.003883,172.31.36.0-255,66,243857,10,267137
5108,0.00389,172.217.194.0-255,7156,251013,10,267137
5109,0.003892,172.31.36.0-255,66,251079,10,267137
5110,0.003921,172.31.36.0-255,66,251145,10,267137
5111,0.003934,172.31.36.0-255,66,251211,10,267137
5112,0.003936,172.217.194.0-255,1484,252695,10,267137
5113,0.003973,172.217.194.0-255,1484,254179,10,267137
5114,0.003975,172.31.36.0-255,66,254245,10,267137
5115,0.003999,172.31.36.0-255,66,254311,10,267137
5116,0.004001,172.217.194.0-255,1484,255795,10,267137
5117,0.004004,172.217.194.0-255,1484,257279,10,267137
5118,0.004006,172.31.36.0-255,66,257345,10,267137
5119,0.004011,172.217.194.0-255,3252,260597,10,267137
5120,0.004014,172.217.194.0-255,105,260702,10,267137
5121,0.004016,172.31.36.0-255,66,260768,10,267137
5122,0.006214,172.31.36.0-255,105,260873,10,267137
5123,0.008541,172.217.194.0-255,66,260939,10,267137
5124,0.023388,172.31.36.0-255,172,261111,10,267137
5125,0.023419,172.31.36.0-255,1111,262222,10,267137
5126,0.023468,172.31.36.0-255,1514,263736,10,267137
5127,0.023471,172.31.36.0-255,1514,265250,10,267137
5128,0.023471,172.31.36.0-255,1514,266764,10,267137
5129,0.023472,172.31.36.0-255,109,266873,10,267137
5130,0.024964,104.244.42.0-255,66,266939,10,267137
5131,0.024973,104.244.42.0-255,66,267005,10,267137
5132,0.025029,104.244.42.0-255,66,267071,10,267137
5133,0.025031,104.244.42.0-255,66,267137,10,267137
5134,0.0,74.125.24.0-255,147,147,10,206501
5135,2.1e-05,74.125.24.0-255,1484,1631,10,206501
5136,3.3e-05,172.31.36.0-255,66,1697,10,206501
5137,4.2e-05,74.125.24.0-255,2902,4599,10,206501
5138,4.5e-05,172.31.36.0-255,66,4665,10,206501
5139,5.4e-05,74.125.24.0-255,7156,11821,10,206501
5140,5.7e-05,172.31.36.0-255,66,11887,10,206501
5141,6.4e-05,74.125.24.0-255,4836,16723,10,206501
5142,6.7e-05,172.31.36.0-255,66,16789,10,206501
5143,7.4e-05,74.125.24.0-255,5738,22527,10,206501
5144,7.6e-05,172.31.36.0-255,66,22593,10,206501
5145,0.000107,172.31.36.0-255,66,22659,10,206501
5146,0.000184,74.125.24.0-255,1484,24143,10,206501
5147,0.00019,74.125.24.0-255,2902,27045,10,206501
5148,0.000193,172.31.36.0-255,66,27111,10,206501
5149,0.0002,74.125.24.0-255,5738,32849,10,206501
5150,0.000202,172.31.36.0-255,66,32915,10,206501
5151,0.000209,74.125.24.0-255,5738,38653,10,206501
5152,0.000211,172.31.36.0-255,66,38719,10,206501
5153,0.00025,172.31.36.0-255,66,38785,10,206501
5154,0.000255,74.125.24.0-255,4275,43060,10,206501
5155,0.000258,172.31.36.0-255,66,43126,10,206501
5156,0.000814,74.125.24.0-255,109,43235,10,206501
5157,0.000895,74.125.24.0-255,330,43565,10,206501
5158,0.00093,74.125.24.0-255,1484,45049,10,206501
5159,0.000935,172.31.36.0-255,66,45115,10,206501
5160,0.000957,74.125.24.0-255,4320,49435,10,206501
5161,0.00096,74.125.24.0-255,1484,50919,10,206501
5162,0.000964,172.31.36.0-255,66,50985,10,206501
5163,0.000981,74.125.24.0-255,1484,52469,10,206501
5164,0.000984,172.31.36.0-255,66,52535,10,206501
5165,0.00099,74.125.24.0-255,4320,56855,10,206501
5166,0.000993,172.31.36.0-255,66,56921,10,206501
5167,0.001004,172.31.36.0-255,66,56987,10,206501
5168,0.001054,172.31.36.0-255,66,57053,10,206501
5169,0.001218,74.125.24.0-255,1484,58537,10,206501
5170,0.001226,74.125.24.0-255,2902,61439,10,206501
5171,0.00123,172.31.36.0-255,66,61505,10,206501
5172,0.001255,74.125.24.0-255,5738,67243,10,206501
5173,0.001258,172.31.36.0-255,66,67309,10,206501
5174,0.00131,172.31.36.0-255,66,67375,10,206501
5175,0.001315,74.125.24.0-255,2902,70277,10,206501
5176,0.001317,172.31.36.0-255,66,70343,10,206501
5177,0.001337,74.125.24.0-255,7156,77499,10,206501
5178,0.001339,172.31.36.0-255,66,77565,10,206501
5179,0.001378,74.125.24.0-255,4320,81885,10,206501
5180,0.001384,172.31.36.0-255,66,81951,10,206501
5181,0.001402,74.125.24.0-255,766,82717,10,206501
5182,0.001407,74.125.24.0-255,2902,85619,10,206501
5183,0.00141,172.31.36.0-255,66,85685,10,206501
5184,0.001438,74.125.24.0-255,2902,88587,10,206501
5185,0.001442,172.31.36.0-255,66,88653,10,206501
5186,0.001448,74.125.24.0-255,5738,94391,10,206501
5187,0.00145,172.31.36.0-255,66,94457,10,206501
5188,0.001465,172.31.36.0-255,66,94523,10,206501
5189,0.001468,74.125.24.0-255,1484,96007,10,206501
5190,0.001502,172.31.36.0-255,66,96073,10,206501
5191,0.001531,74.125.24.0-255,1484,97557,10,206501
5192,0.001536,74.125.24.0-255,2902,100459,10,206501
5193,0.001538,172.31.36.0-255,66,100525,10,206501
5194,0.001568,74.125.24.0-255,5738,106263,10,206501
5195,0.001571,172.31.36.0-255,66,106329,10,206501
5196,0.001578,74.125.24.0-255,5738,112067,10,206501
5197,0.00158,172.31.36.0-255,66,112133,10,206501
5198,0.001607,74.125.24.0-255,1484,113617,10,206501
5199,0.001624,74.125.24.0-255,2184,115801,10,206501
5200,0.001628,172.31.36.0-255,66,115867,10,206501
5201,0.001636,172.31.36.0-255,66,115933,10,206501
5202,0.001668,74.125.24.0-255,1484,117417,10,206501
5203,0.001681,74.125.24.0-255,2902,120319,10,206501
5204,0.001684,172.31.36.0-255,66,120385,10,206501
5205,0.001691,74.125.24.0-255,5738,126123,10,206501
5206,0.001693,172.31.36.0-255,66,126189,10,206501
5207,0.001721,74.125.24.0-255,7156,133345,10,206501
5208,0.001724,172.31.36.0-255,66,133411,10,206501
5209,0.001747,74.125.24.0-255,5738,139149,10,206501
5210,0.00176,172.31.36.0-255,66,139215,10,206501
5211,0.001763,172.31.36.0-255,66,139281,10,206501
5212,0.001773,74.125.24.0-255,1484,140765,10,206501
5213,0.001808,172.31.36.0-255,66,140831,10,206501
5214,0.001827,172.31.36.0-255,66,140897,10,206501
5215,0.001834,74.125.24.0-255,5738,146635,10,206501
5216,0.001837,172.31.36.0-255,66,146701,10,206501
5217,0.001858,74.125.24.0-255,5020,151721,10,206501
5218,0.001861,172.31.36.0-255,66,151787,10,206501
5219,0.001999,74.125.24.0-255,1484,153271,10,206501
5220,0.002005,74.125.24.0-255,2902,156173,10,206501
5221,0.002009,172.31.36.0-255,66,156239,10,206501
5222,0.002016,74.125.24.0-255,5738,161977,10,206501
5223,0.002019,172.31.36.0-255,66,162043,10,206501
5224,0.00205,74.125.24.0-255,7156,169199,10,206501
5225,0.002067,172.31.36.0-255,66,169265,10,206501
5226,0.002071,172.31.36.0-255,66,169331,10,206501
5227,0.002077,74.125.24.0-255,4320,173651,10,206501
5228,0.002079,172.31.36.0-255,66,173717,10,206501
5229,0.002083,74.125.24.0-255,2184,175901,10,206501
5230,0.002086,172.31.36.0-255,66,175967,10,206501
5231,0.002128,74.125.24.0-255,2902,178869,10,206501
5232,0.002131,172.31.36.0-255,66,178935,10,206501
5233,0.002137,74.125.24.0-255,4320,183255,10,206501
5234,0.002139,172.31.36.0-255,66,183321,10,206501
5235,0.00218,172.31.36.0-255,66,183387,10,206501
5236,0.00219,74.125.24.0-255,4320,187707,10,206501
5237,0.002192,172.31.36.0-255,66,187773,10,206501
5238,0.002221,172.31.36.0-255,66,187839,10,206501
5239,0.002236,172.31.36.0-255,66,187905,10,206501
5240,0.002264,74.125.24.0-255,4320,192225,10,206501
5241,0.002267,172.31.36.0-255,66,192291,10,206501
5242,0.002279,172.31.36.0-255,66,192357,10,206501
5243,0.002299,74.125.24.0-255,7156,199513,10,206501
5244,0.002303,172.31.36.0-255,66,199579,10,206501
5245,0.002328,172.31.36.0-255,66,199645,10,206501
5246,0.002374,172.31.36.0-255,66,199711,10,206501
5247,0.002398,74.125.24.0-255,6448,206159,10,206501
5248,0.002401,172.31.36.0-255,66,206225,10,206501
5249,0.002404,74.125.24.0-255,105,206330,10,206501
5250,0.004645,172.31.36.0-255,105,206435,10,206501
5251,0.00714,74.125.24.0-255,66,206501,10,206501
5252,0.0,172.253.118.0-255,146,146,10,245929
5253,3e-05,172.31.36.0-255,66,212,10,245929
5254,3.7e-05,172.253.118.0-255,1484,1696,10,245929
5255,4.1e-05,172.31.36.0-255,66,1762,10,245929
5256,4.5e-05,172.253.118.0-255,2902,4664,10,245929
5257,5.6e-05,172.31.36.0-255,66,4730,10,245929
5258,6.4e-05,172.253.118.0-255,7156,11886,10,245929
5259,6.6e-05,172.31.36.0-255,66,11952,10,245929
5260,0.000102,172.253.118.0-255,2019,13971,10,245929
5261,0.000105,172.31.36.0-255,66,14037,10,245929
5262,0.00011,172.253.118.0-255,2902,16939,10,245929
5263,0.000113,172.31.36.0-255,66,17005,10,245929
5264,0.000142,172.253.118.0-255,5738,22743,10,245929
5265,0.000146,172.31.36.0-255,66,22809,10,245929
5266,0.000178,172.253.118.0-255,1484,24293,10,245929
5267,0.000181,172.31.36.0-255,66,24359,10,245929
5268,0.000188,172.253.118.0-255,6797,31156,10,245929
5269,0.00019,172.31.36.0-255,66,31222,10,245929
5270,0.000361,172.253.118.0-255,1484,32706,10,245929
5271,0.000366,172.31.36.0-255,66,32772,10,245929
5272,0.000372,172.253.118.0-255,2902,35674,10,245929
5273,0.000376,172.31.36.0-255,66,35740,10,245929
5274,0.000377,172.253.118.0-255,5738,41478,10,245929
5275,0.00038,172.31.36.0-255,66,41544,10,245929
5276,0.000403,172.253.118.0-255,2902,44446,10,245929
5277,0.000407,172.31.36.0-255,66,44512,10,245929
5278,0.000452,172.253.118.0-255,6797,51309,10,245929
5279,0.000457,172.31.36.0-255,66,51375,10,245929
5280,0.000469,172.31.36.0-255,66,51441,10,245929
5281,0.000475,172.253.118.0-255,4290,55731,10,245929
5282,0.000478,172.31.36.0-255,66,55797,10,245929
5283,0.000507,172.253.118.0-255,115,55912,10,245929
5284,0.000644,172.253.118.0-255,1484,57396,10,245929
5285,0.000649,172.31.36.0-255,66,57462,10,245929
5286,0.000655,172.253.118.0-255,2902,60364,10,245929
5287,0.000658,172.31.36.0-255,66,60430,10,245929
5288,0.000661,172.253.118.0-255,1484,61914,10,245929
5289,0.000693,172.253.118.0-255,4320,66234,10,245929
5290,0.000697,172.31.36.0-255,66,66300,10,245929
5291,0.000704,172.253.118.0-255,5738,72038,10,245929
5292,0.000707,172.31.36.0-255,66,72104,10,245929
5293,0.000738,172.31.36.0-255,66,72170,10,245929
5294,0.000748,172.31.36.0-255,66,72236,10,245929
5295,0.000751,172.253.118.0-255,1125,73361,10,245929
5296,0.00125,172.253.118.0-255,1484,74845,10,245929
5297,0.001256,172.31.36.0-255,66,74911,10,245929
5298,0.001262,172.253.118.0-255,2902,77813,10,245929
5299,0.001264,172.31.36.0-255,66,77879,10,245929
5300,0.001268,172.253.118.0-255,2902,80781,10,245929
5301,0.001276,172.31.36.0-255,66,80847,10,245929
5302,0.001311,172.253.118.0-255,2902,83749,10,245929
5303,0.001313,172.31.36.0-255,66,83815,10,245929
5304,0.001323,172.31.36.0-255,66,83881,10,245929
5305,0.001326,172.253.118.0-255,1484,85365,10,245929
5306,0.001362,172.31.36.0-255,66,85431,10,245929
5307,0.001368,172.253.118.0-255,5020,90451,10,245929
5308,0.00137,172.31.36.0-255,66,90517,10,245929
5309,0.001408,172.253.118.0-255,1484,92001,10,245929
5310,0.001423,172.253.118.0-255,2902,94903,10,245929
5311,0.001426,172.31.36.0-255,66,94969,10,245929
5312,0.001451,172.253.118.0-255,5738,100707,10,245929
5313,0.001454,172.31.36.0-255,66,100773,10,245929
5314,0.001497,172.253.118.0-255,1484,102257,10,245929
5315,0.001511,172.253.118.0-255,5738,107995,10,245929
5316,0.001513,172.31.36.0-255,66,108061,10,245929
5317,0.001531,172.31.36.0-255,66,108127,10,245929
5318,0.001535,172.253.118.0-255,2184,110311,10,245929
5319,0.001537,172.31.36.0-255,66,110377,10,245929
5320,0.001673,172.253.118.0-255,1484,111861,10,245929
5321,0.001697,172.253.118.0-255,2902,114763,10,245929
5322,0.001699,172.31.36.0-255,66,114829,10,245929
5323,0.001721,172.253.118.0-255,5738,120567,10,245929
5324,0.001724,172.31.36.0-255,66,120633,10,245929
5325,0.001752,172.253.118.0-255,7156,127789,10,245929
5326,0.001755,172.31.36.0-255,66,127855,10,245929
5327,0.001775,172.253.118.0-255,5738,133593,10,245929
5328,0.001777,172.31.36.0-255,66,133659,10,245929
5329,0.001787,172.31.36.0-255,66,133725,10,245929
5330,0.001816,172.253.118.0-255,2184,135909,10,245929
5331,0.001818,172.31.36.0-255,66,135975,10,245929
5332,0.001943,172.253.118.0-255,1484,137459,10,245929
5333,0.001956,172.253.118.0-255,2902,140361,10,245929
5334,0.001958,172.31.36.0-255,66,140427,10,245929
5335,0.001993,172.253.118.0-255,5738,146165,10,245929
5336,0.001996,172.31.36.0-255,66,146231,10,245929
5337,0.002001,172.253.118.0-255,4320,150551,10,245929
5338,0.002003,172.31.36.0-255,66,150617,10,245929
5339,0.002042,172.31.36.0-255,66,150683,10,245929
5340,0.002048,172.253.118.0-255,7156,157839,10,245929
5341,0.00205,172.31.36.0-255,66,157905,10,245929
5342,0.002053,172.253.118.0-255,1484,159389,10,245929
5343,0.0021,172.31.36.0-255,66,159455,10,245929
5344,0.002112,172.31.36.0-255,66,159521,10,245929
5345,0.002117,172.253.118.0-255,3602,163123,10,245929
5346,0.002119,172.31.36.0-255,66,163189,10,245929
5347,0.004143,172.253.118.0-255,2902,166091,10,245929
5348,0.004155,172.31.36.0-255,66,166157,10,245929
5349,0.004161,172.253.118.0-255,2902,169059,10,245929
5350,0.004164,172.31.36.0-255,66,169125,10,245929
5351,0.006225,172.253.118.0-255,5738,174863,10,245929
5352,0.006231,172.31.36.0-255,66,174929,10,245929
5353,0.008289,172.253.118.0-255,5738,180667,10,245929
5354,0.008297,172.31.36.0-255,66,180733,10,245929
5355,0.010385,172.253.118.0-255,5738,186471,10,245929
5356,0.010393,172.31.36.0-255,66,186537,10,245929
5357,0.012466,172.253.118.0-255,5738,192275,10,245929
5358,0.012479,172.31.36.0-255,66,192341,10,245929
5359,0.014542,172.253.118.0-255,5738,198079,10,245929
5360,0.014549,172.31.36.0-255,66,198145,10,245929
5361,0.016595,172.253.118.0-255,5738,203883,10,245929
5362,0.016601,172.31.36.0-255,66,203949,10,245929
5363,0.018664,172.253.118.0-255,5738,209687,10,245929
5364,0.018671,172.31.36.0-255,66,209753,10,245929
5365,0.02072,172.253.118.0-255,5738,215491,10,245929
5366,0.020728,172.31.36.0-255,66,215557,10,245929
5367,0.02278,172.253.118.0-255,5738,221295,10,245929
5368,0.022787,172.31.36.0-255,66,221361,10,245929
5369,0.024875,172.253.118.0-255,5738,227099,10,245929
5370,0.024883,172.31.36.0-255,66,227165,10,245929
5371,0.026936,172.253.118.0-255,5738,232903,10,245929
5372,0.026943,172.31.36.0-255,66,232969,10,245929
5373,0.027116,172.31.36.0-255,167,233136,10,245929
5374,0.027157,172.31.36.0-255,1108,234244,10,245929
5375,0.027231,172.31.36.0-255,1514,235758,10,245929
5376,0.027233,172.31.36.0-255,1514,237272,10,245929
5377,0.027234,172.31.36.0-255,1514,238786,10,245929
5378,0.027235,172.31.36.0-255,1075,239861,10,245929
5379,0.028673,104.244.42.0-255,66,239927,10,245929
5380,0.028694,104.244.42.0-255,66,239993,10,245929
5381,0.028807,104.244.42.0-255,66,240059,10,245929
5382,0.02881,104.244.42.0-255,66,240125,10,245929
5383,0.029004,172.253.118.0-255,5738,245863,10,245929
5384,0.02901,172.31.36.0-255,66,245929,10,245929
5385,0.0,172.217.194.0-255,152,152,10,285596
5386,1.9e-05,172.217.194.0-255,1484,1636,10,285596
5387,3e-05,172.31.36.0-255,66,1702,10,285596
5388,4e-05,172.217.194.0-255,2902,4604,10,285596
5389,4.4e-05,172.31.36.0-255,66,4670,10,285596
5390,5.8e-05,172.217.194.0-255,4320,8990,10,285596
5391,6.2e-05,172.31.36.0-255,66,9056,10,285596
5392,9.2e-05,172.217.194.0-255,4861,13917,10,285596
5393,9.6e-05,172.31.36.0-255,66,13983,10,285596
5394,0.000127,172.217.194.0-255,5738,19721,10,285596
5395,0.00013,172.31.36.0-255,66,19787,10,285596
5396,0.000139,172.217.194.0-255,7156,26943,10,285596
5397,0.000142,172.31.36.0-255,66,27009,10,285596
5398,0.000175,172.217.194.0-255,3961,30970,10,285596
5399,0.000178,172.31.36.0-255,66,31036,10,285596
5400,0.000386,172.217.194.0-255,1484,32520,10,285596
5401,0.000393,172.217.194.0-255,2902,35422,10,285596
5402,0.000397,172.31.36.0-255,66,35488,10,285596
5403,0.00043,172.217.194.0-255,4320,39808,10,285596
5404,0.000433,172.31.36.0-255,66,39874,10,285596
5405,0.000445,172.31.36.0-255,66,39940,10,285596
5406,0.000461,172.31.36.0-255,66,40006,10,285596
5407,0.000488,172.217.194.0-255,5379,45385,10,285596
5408,0.000491,172.31.36.0-255,66,45451,10,285596
5409,0.000844,172.217.194.0-255,364,45815,10,285596
5410,0.000848,172.217.194.0-255,379,46194,10,285596
5411,0.000951,172.217.194.0-255,1484,47678,10,285596
5412,0.000956,172.31.36.0-255,66,47744,10,285596
5413,0.000962,172.217.194.0-255,2902,50646,10,285596
5414,0.000964,172.31.36.0-255,66,50712,10,285596
5415,0.000998,172.217.194.0-255,5738,56450,10,285596
5416,0.001001,172.31.36.0-255,66,56516,10,285596
5417,0.001009,172.217.194.0-255,7156,63672,10,285596
5418,0.001011,172.31.36.0-255,66,63738,10,285596
5419,0.001016,172.217.194.0-255,4320,68058,10,285596
5420,0.001019,172.31.36.0-255,66,68124,10,285596
5421,0.001062,172.31.36.0-255,66,68190,10,285596
5422,0.001066,172.217.194.0-255,2184,70374,10,285596
5423,0.001068,172.31.36.0-255,66,70440,10,285596
5424,0.001145,172.217.194.0-255,1484,71924,10,285596
5425,0.001158,172.217.194.0-255,1484,73408,10,285596
5426,0.001161,172.31.36.0-255,66,73474,10,285596
5427,0.001184,172.217.194.0-255,1484,74958,10,285596
5428,0.001191,172.217.194.0-255,5738,80696,10,285596
5429,0.001193,172.31.36.0-255,66,80762,10,285596
5430,0.001207,172.31.36.0-255,66,80828,10,285596
5431,0.00124,172.217.194.0-255,5738,86566,10,285596
5432,0.001243,172.31.36.0-255,66,86632,10,285596
5433,0.001267,172.217.194.0-255,5020,91652,10,285596
5434,0.00127,172.31.36.0-255,66,91718,10,285596
5435,0.001281,172.31.36.0-255,66,91784,10,285596
5436,0.001287,172.217.194.0-255,5738,97522,10,285596
5437,0.00129,172.31.36.0-255,66,97588,10,285596
5438,0.001322,172.217.194.0-255,4320,101908,10,285596
5439,0.001335,172.217.194.0-255,766,102674,10,285596
5440,0.001346,172.31.36.0-255,66,102740,10,285596
5441,0.001349,172.31.36.0-255,66,102806,10,285596
5442,0.001404,172.217.194.0-255,1484,104290,10,285596
5443,0.001408,172.31.36.0-255,66,104356,10,285596
5444,0.001413,172.217.194.0-255,2902,107258,10,285596
5445,0.001415,172.31.36.0-255,66,107324,10,285596
5446,0.001444,172.217.194.0-255,5738,113062,10,285596
5447,0.001447,172.31.36.0-255,66,113128,10,285596
5448,0.001452,172.217.194.0-255,2902,116030,10,285596
5449,0.001454,172.31.36.0-255,66,116096,10,285596
5450,0.0015,172.31.36.0-255,66,116162,10,285596
5451,0.001505,172.217.194.0-255,4320,120482,10,285596
5452,0.001508,172.31.36.0-255,66,120548,10,285596
5453,0.001544,172.217.194.0-255,6438,126986,10,285596
5454,0.001547,172.31.36.0-255,66,127052,10,285596
5455,0.002092,172.217.194.0-255,1484,128536,10,285596
5456,0.002098,172.217.194.0-255,1484,130020,10,285596
5457,0.002101,172.31.36.0-255,66,130086,10,285596
5458,0.002133,172.217.194.0-255,1484,131570,10,285596
5459,0.002141,172.217.194.0-255,5738,137308,10,285596
5460,0.002143,172.31.36.0-255,66,137374,10,285596
5461,0.002158,172.31.36.0-255,66,137440,10,285596
5462,0.002165,172.217.194.0-255,5738,143178,10,285596
5463,0.002167,172.31.36.0-255,66,143244,10,285596
5464,0.0022,172.217.194.0-255,5020,148264,10,285596
5465,0.002203,172.31.36.0-255,66,148330,10,285596
5466,0.002396,172.217.194.0-255,1484,149814,10,285596
5467,0.00241,172.217.194.0-255,2902,152716,10,285596
5468,0.002414,172.217.194.0-255,2902,155618,10,285596
5469,0.002418,172.31.36.0-255,66,155684,10,285596
5470,0.002426,172.31.36.0-255,66,155750,10,285596
5471,0.00243,172.217.194.0-255,2902,158652,10,285596
5472,0.002433,172.31.36.0-255,66,158718,10,285596
5473,0.002443,172.217.194.0-255,5738,164456,10,285596
5474,0.002445,172.31.36.0-255,66,164522,10,285596
5475,0.002486,172.217.194.0-255,7156,171678,10,285596
5476,0.002489,172.31.36.0-255,66,171744,10,285596
5477,0.0025,172.31.36.0-255,66,171810,10,285596
5478,0.002524,172.217.194.0-255,2184,173994,10,285596
5479,0.002526,172.31.36.0-255,66,174060,10,285596
5480,0.002531,172.217.194.0-255,2902,176962,10,285596
5481,0.002532,172.31.36.0-255,66,177028,10,285596
5482,0.00259,172.31.36.0-255,66,177094,10,285596
5483,0.002595,172.217.194.0-255,2902,179996,10,285596
5484,0.002597,172.31.36.0-255,66,180062,10,285596
5485,0.002602,172.217.194.0-255,2902,182964,10,285596
5486,0.002604,172.31.36.0-255,66,183030,10,285596
5487,0.002639,172.31.36.0-255,66,183096,10,285596
5488,0.002644,172.217.194.0-255,3602,186698,10,285596
5489,0.002646,172.31.36.0-255,66,186764,10,285596
5490,0.00327,172.217.194.0-255,1484,188248,10,285596
5491,0.003278,172.217.194.0-255,2902,191150,10,285596
5492,0.003282,172.31.36.0-255,66,191216,10,285596
5493,0.003289,172.217.194.0-255,5738,196954,10,285596
5494,0.003291,172.31.36.0-255,66,197020,10,285596
5495,0.003328,172.217.194.0-255,1484,198504,10,285596
5496,0.003362,172.217.194.0-255,4320,202824,10,285596
5497,0.003365,172.217.194.0-255,1484,204308,10,285596
5498,0.003381,172.217.194.0-255,6438,210746,10,285596
5499,0.003473,172.217.194.0-255,1484,212230,10,285596
5500,0.003479,172.217.194.0-255,2902,215132,10,285596
5501,0.003498,172.217.194.0-255,5738,220870,10,285596
5502,0.003516,172.217.194.0-255,4320,225190,10,285596
5503,0.003532,172.217.194.0-255,5738,230928,10,285596
5504,0.00354,172.217.194.0-255,7156,238084,10,285596
5505,0.003557,172.217.194.0-255,2902,240986,10,285596
5506,0.003562,172.217.194.0-255,3602,244588,10,285596
5507,0.003658,172.217.194.0-255,1484,246072,10,285596
5508,0.003663,172.217.194.0-255,1484,247556,10,285596
5509,0.003682,172.217.194.0-255,1484,249040,10,285596
5510,0.003689,172.217.194.0-255,5738,254778,10,285596
5511,0.00371,172.217.194.0-255,4320,259098,10,285596
5512,0.003741,172.217.194.0-255,1484,260582,10,285596
5513,0.003762,172.217.194.0-255,4320,264902,10,285596
5514,0.003779,172.217.194.0-255,5020,269922,10,285596
5515,0.003784,172.217.194.0-255,4320,274242,10,285596
5516,0.003806,172.217.194.0-255,7156,281398,10,285596
5517,0.003808,172.217.194.0-255,730,282128,10,285596
5518,0.003811,172.217.194.0-255,105,282233,10,285596
5519,0.008797,172.31.36.0-255,66,282299,10,285596
5520,0.010763,172.31.36.0-255,105,282404,10,285596
5521,0.012849,172.217.194.0-255,66,282470,10,285596
5522,0.029211,172.31.36.0-255,172,282642,10,285596
5523,0.029245,172.31.36.0-255,1111,283753,10,285596
5524,0.029304,172.31.36.0-255,1514,285267,10,285596
5525,0.029306,172.31.36.0-255,329,285596,10,285596
5526,0.0,74.125.24.0-255,146,146,10,231976
5527,1.6e-05,172.31.36.0-255,66,212,10,231976
5528,2.3e-05,74.125.24.0-255,1484,1696,10,231976
5529,2.8e-05,172.31.36.0-255,66,1762,10,231976
5530,4.1e-05,74.125.24.0-255,2902,4664,10,231976
5531,4.6e-05,172.31.36.0-255,66,4730,10,231976
5532,7e-05,74.125.24.0-255,7156,11886,10,231976
5533,7.3e-05,172.31.36.0-255,66,11952,10,231976
5534,0.000111,74.125.24.0-255,2010,13962,10,231976
5535,0.000114,172.31.36.0-255,66,14028,10,231976
5536,0.000119,74.125.24.0-255,2902,16930,10,231976
5537,0.000121,172.31.36.0-255,66,16996,10,231976
5538,0.000159,74.125.24.0-255,7156,24152,10,231976
5539,0.000161,172.31.36.0-255,66,24218,10,231976
5540,0.000169,74.125.24.0-255,6797,31015,10,231976
5541,0.000171,172.31.36.0-255,66,31081,10,231976
5542,0.000291,74.125.24.0-255,1484,32565,10,231976
5543,0.000295,172.31.36.0-255,66,32631,10,231976
5544,0.000302,74.125.24.0-255,2902,35533,10,231976
5545,0.000304,172.31.36.0-255,66,35599,10,231976
5546,0.000308,74.125.24.0-255,2902,38501,10,231976
5547,0.000315,172.31.36.0-255,66,38567,10,231976
5548,0.000344,74.125.24.0-255,1484,40051,10,231976
5549,0.000351,172.31.36.0-255,66,40117,10,231976
5550,0.000358,74.125.24.0-255,5738,45855,10,231976
5551,0.000361,172.31.36.0-255,66,45921,10,231976
5552,0.000373,172.31.36.0-255,66,45987,10,231976
5553,0.0004,74.125.24.0-255,3961,49948,10,231976
5554,0.000406,172.31.36.0-255,66,50014,10,231976
5555,0.000413,74.125.24.0-255,5738,55752,10,231976
5556,0.000415,172.31.36.0-255,66,55818,10,231976
5557,0.000418,74.125.24.0-255,1471,57289,10,231976
5558,0.000517,74.125.24.0-255,331,57620,10,231976
5559,0.000522,172.31.36.0-255,66,57686,10,231976
5560,0.000936,74.125.24.0-255,1484,59170,10,231976
5561,0.000953,74.125.24.0-255,2902,62072,10,231976
5562,0.000959,172.31.36.0-255,66,62138,10,231976
5563,0.000967,74.125.24.0-255,5738,67876,10,231976
5564,0.000969,172.31.36.0-255,66,67942,10,231976
5565,0.00098,74.125.24.0-255,4320,72262,10,231976
5566,0.000983,172.31.36.0-255,66,72328,10,231976
5567,0.001018,74.125.24.0-255,5738,78066,10,231976
5568,0.001021,172.31.36.0-255,66,78132,10,231976
5569,0.001026,74.125.24.0-255,2902,81034,10,231976
5570,0.001028,172.31.36.0-255,66,81100,10,231976
5571,0.001071,172.31.36.0-255,66,81166,10,231976
5572,0.001434,74.125.24.0-255,1484,82650,10,231976
5573,0.001441,74.125.24.0-255,2902,85552,10,231976
5574,0.001446,172.31.36.0-255,66,85618,10,231976
5575,0.001452,74.125.24.0-255,2902,88520,10,231976
5576,0.001455,172.31.36.0-255,66,88586,10,231976
5577,0.001495,74.125.24.0-255,2902,91488,10,231976
5578,0.001499,172.31.36.0-255,66,91554,10,231976
5579,0.001517,172.31.36.0-255,66,91620,10,231976
5580,0.001531,172.31.36.0-255,66,91686,10,231976
5581,0.001537,74.125.24.0-255,4320,96006,10,231976
5582,0.001539,172.31.36.0-255,66,96072,10,231976
5583,0.001574,74.125.24.0-255,2902,98974,10,231976
5584,0.001577,172.31.36.0-255,66,99040,10,231976
5585,0.001588,172.31.36.0-255,66,99106,10,231976
5586,0.001607,172.31.36.0-255,66,99172,10,231976
5587,0.001619,74.125.24.0-255,2902,102074,10,231976
5588,0.001621,172.31.36.0-255,66,102140,10,231976
5589,0.001628,74.125.24.0-255,766,102906,10,231976
5590,0.00165,74.125.24.0-255,2902,105808,10,231976
5591,0.001652,172.31.36.0-255,66,105874,10,231976
5592,0.001692,172.31.36.0-255,66,105940,10,231976
5593,0.001763,172.31.36.0-255,66,106006,10,231976
5594,0.001793,74.125.24.0-255,6438,112444,10,231976
5595,0.001795,172.31.36.0-255,66,112510,10,231976
5596,0.001885,74.125.24.0-255,7156,119666,10,231976
5597,0.001907,74.125.24.0-255,6438,126104,10,231976
5598,0.002148,74.125.24.0-255,1484,127588,10,231976
5599,0.002155,74.125.24.0-255,2902,130490,10,231976
5600,0.002177,74.125.24.0-255,5738,136228,10,231976
5601,0.002216,74.125.24.0-255,2902,139130,10,231976
5602,0.002247,74.125.24.0-255,5738,144868,10,231976
5603,0.002262,74.125.24.0-255,5020,149888,10,231976
5604,0.002299,74.125.24.0-255,1484,151372,10,231976
5605,0.002318,74.125.24.0-255,2902,154274,10,231976
5606,0.002325,74.125.24.0-255,5738,160012,10,231976
5607,0.002345,74.125.24.0-255,2902,162914,10,231976
5608,0.002365,74.125.24.0-255,5738,168652,10,231976
5609,0.00238,74.125.24.0-255,2902,171554,10,231976
5610,0.002404,74.125.24.0-255,1484,173038,10,231976
5611,0.002451,74.125.24.0-255,2184,175222,10,231976
5612,0.002699,172.31.36.0-255,66,175288,10,231976
5613,0.005348,74.125.24.0-255,5738,181026,10,231976
5614,0.005356,172.31.36.0-255,66,181092,10,231976
5615,0.007971,74.125.24.0-255,4320,185412,10,231976
5616,0.007975,172.31.36.0-255,66,185478,10,231976
5617,0.008002,74.125.24.0-255,1484,186962,10,231976
5618,0.010633,74.125.24.0-255,4320,191282,10,231976
5619,0.010639,172.31.36.0-255,66,191348,10,231976
5620,0.013277,74.125.24.0-255,5738,197086,10,231976
5621,0.013285,172.31.36.0-255,66,197152,10,231976
5622,0.015876,74.125.24.0-255,5738,202890,10,231976
5623,0.015884,172.31.36.0-255,66,202956,10,231976
5624,0.018511,74.125.24.0-255,5738,208694,10,231976
5625,0.018523,172.31.36.0-255,66,208760,10,231976
5626,0.021151,74.125.24.0-255,5738,214498,10,231976
5627,0.02116,172.31.36.0-255,66,214564,10,231976
5628,0.023907,74.125.24.0-255,5738,220302,10,231976
5629,0.023916,172.31.36.0-255,66,220368,10,231976
5630,0.026538,74.125.24.0-255,5738,226106,10,231976
5631,0.026545,172.31.36.0-255,66,226172,10,231976
5632,0.029145,74.125.24.0-255,5738,231910,10,231976
5633,0.029154,172.31.36.0-255,66,231976,10,231976
5634,0.0,74.125.24.0-255,152,152,10,188581
5635,2.4e-05,172.31.36.0-255,66,218,10,188581
5636,3.1e-05,74.125.24.0-255,1484,1702,10,188581
5637,3.5e-05,172.31.36.0-255,66,1768,10,188581
5638,4.1e-05,74.125.24.0-255,2902,4670,10,188581
5639,5.3e-05,172.31.36.0-255,66,4736,10,188581
5640,6.2e-05,74.125.24.0-255,7156,11892,10,188581
5641,6.4e-05,172.31.36.0-255,66,11958,10,188581
5642,7.2e-05,74.125.24.0-255,6308,18266,10,188581
5643,7.6e-05,172.31.36.0-255,66,18332,10,188581
5644,0.000114,74.125.24.0-255,2902,21234,10,188581
5645,0.000117,172.31.36.0-255,66,21300,10,188581
5646,0.000155,172.31.36.0-255,66,21366,10,188581
5647,0.000162,74.125.24.0-255,5738,27104,10,188581
5648,0.000164,172.31.36.0-255,66,27170,10,188581
5649,0.000207,74.125.24.0-255,5738,32908,10,188581
5650,0.00021,172.31.36.0-255,66,32974,10,188581
5651,0.000248,74.125.24.0-255,1484,34458,10,188581
5652,0.000251,172.31.36.0-255,66,34524,10,188581
5653,0.000272,172.31.36.0-255,66,34590,10,188581
5654,0.000279,74.125.24.0-255,6438,41028,10,188581
5655,0.000282,172.31.36.0-255,66,41094,10,188581
5656,0.000284,74.125.24.0-255,364,41458,10,188581
5657,0.000287,172.31.36.0-255,66,41524,10,188581
5658,0.00029,74.125.24.0-255,132,41656,10,188581
5659,0.000293,172.31.36.0-255,66,41722,10,188581
5660,0.000405,74.125.24.0-255,1484,43206,10,188581
5661,0.000409,172.31.36.0-255,66,43272,10,188581
5662,0.000439,74.125.24.0-255,2902,46174,10,188581
5663,0.000441,172.31.36.0-255,66,46240,10,188581
5664,0.000448,74.125.24.0-255,5738,51978,10,188581
5665,0.000482,74.125.24.0-255,2902,54880,10,188581
5666,0.000523,74.125.24.0-255,2902,57782,10,188581
5667,0.00055,74.125.24.0-255,5298,63080,10,188581
5668,0.000657,172.31.36.0-255,66,63146,10,188581
5669,0.001171,74.125.24.0-255,1484,64630,10,188581
5670,0.001178,74.125.24.0-255,2902,67532,10,188581
5671,0.001182,172.31.36.0-255,66,67598,10,188581
5672,0.001213,74.125.24.0-255,5738,73336,10,188581
5673,0.001219,172.31.36.0-255,66,73402,10,188581
5674,0.001247,74.125.24.0-255,2902,76304,10,188581
5675,0.001262,172.31.36.0-255,66,76370,10,188581
5676,0.001268,74.125.24.0-255,4320,80690,10,188581
5677,0.001273,172.31.36.0-255,66,80756,10,188581
5678,0.001323,172.31.36.0-255,66,80822,10,188581
5679,0.001335,74.125.24.0-255,2902,83724,10,188581
5680,0.00135,74.125.24.0-255,5020,88744,10,188581
5681,0.001354,172.31.36.0-255,66,88810,10,188581
5682,0.001376,172.31.36.0-255,66,88876,10,188581
5683,0.002152,74.125.24.0-255,1484,90360,10,188581
5684,0.002163,74.125.24.0-255,2902,93262,10,188581
5685,0.002168,172.31.36.0-255,66,93328,10,188581
5686,0.002176,74.125.24.0-255,5738,99066,10,188581
5687,0.002206,74.125.24.0-255,5738,104804,10,188581
5688,0.002223,74.125.24.0-255,7156,111960,10,188581
5689,0.002227,74.125.24.0-255,1484,113444,10,188581
5690,0.002291,74.125.24.0-255,4320,117764,10,188581
5691,0.002334,74.125.24.0-255,3602,121366,10,188581
5692,0.002359,74.125.24.0-255,1484,122850,10,188581
5693,0.002363,74.125.24.0-255,1484,124334,10,188581
5694,0.002387,74.125.24.0-255,4320,128654,10,188581
5695,0.002414,74.125.24.0-255,4320,132974,10,188581
5696,0.002418,74.125.24.0-255,1484,134458,10,188581
5697,0.002443,74.125.24.0-255,4320,138778,10,188581
5698,0.00246,74.125.24.0-255,2902,141680,10,188581
5699,0.002467,74.125.24.0-255,5738,147418,10,188581
5700,0.002479,74.125.24.0-255,2902,150320,10,188581
5701,0.002503,74.125.24.0-255,5020,155340,10,188581
5702,0.00253,74.125.24.0-255,1484,156824,10,188581
5703,0.002562,74.125.24.0-255,1484,158308,10,188581
5704,0.002567,172.31.36.0-255,78,158386,10,188581
5705,0.002596,172.31.36.0-255,78,158464,10,188581
5706,0.002614,74.125.24.0-255,2902,161366,10,188581
5707,0.002623,74.125.24.0-255,7156,168522,10,188581
5708,0.002709,74.125.24.0-255,1484,170006,10,188581
5709,0.002712,172.31.36.0-255,78,170084,10,188581
5710,0.002725,172.31.36.0-255,78,170162,10,188581
5711,0.002751,74.125.24.0-255,4320,174482,10,188581
5712,0.002821,74.125.24.0-255,7156,181638,10,188581
5713,0.00291,74.125.24.0-255,3602,185240,10,188581
5714,0.002915,74.125.24.0-255,2902,188142,10,188581
5715,0.00295,74.125.24.0-255,97,188239,10,188581
5716,0.002964,74.125.24.0-255,105,188344,10,188581
5717,0.007083,172.31.36.0-255,66,188410,10,188581
5718,0.009242,172.31.36.0-255,105,188515,10,188581
5719,0.011497,74.125.24.0-255,66,188581,10,188581
5720,0.0,74.125.24.0-255,66,66,10,66
5721,0.0,74.125.24.0-255,152,152,10,197829
5722,3.1e-05,172.31.36.0-255,66,218,10,197829
5723,6.1e-05,74.125.24.0-255,1484,1702,10,197829
5724,6.6e-05,172.31.36.0-255,66,1768,10,197829
5725,7.2e-05,74.125.24.0-255,2902,4670,10,197829
5726,7.5e-05,172.31.36.0-255,66,4736,10,197829
5727,0.000114,74.125.24.0-255,5738,10474,10,197829
5728,0.000118,172.31.36.0-255,66,10540,10,197829
5729,0.000121,74.125.24.0-255,1484,12024,10,197829
5730,0.000123,172.31.36.0-255,66,12090,10,197829
5731,0.00015,74.125.24.0-255,2048,14138,10,197829
5732,0.000153,172.31.36.0-255,66,14204,10,197829
5733,0.000334,74.125.24.0-255,1484,15688,10,197829
5734,0.00034,172.31.36.0-255,66,15754,10,197829
5735,0.000345,74.125.24.0-255,2902,18656,10,197829
5736,0.000348,172.31.36.0-255,66,18722,10,197829
5737,0.000359,74.125.24.0-255,2902,21624,10,197829
5738,0.000362,172.31.36.0-255,66,21690,10,197829
5739,0.000389,74.125.24.0-255,2902,24592,10,197829
5740,0.000393,172.31.36.0-255,66,24658,10,197829
5741,0.000401,74.125.24.0-255,6797,31455,10,197829
5742,0.000403,172.31.36.0-255,66,31521,10,197829
5743,0.000454,172.31.36.0-255,66,31587,10,197829
5744,0.000465,172.31.36.0-255,66,31653,10,197829
5745,0.000498,172.31.36.0-255,66,31719,10,197829
5746,0.000532,74.125.24.0-255,709,32428,10,197829
5747,0.000535,172.31.36.0-255,66,32494,10,197829
5748,0.000692,74.125.24.0-255,1484,33978,10,197829
5749,0.000697,172.31.36.0-255,66,34044,10,197829
5750,0.000702,74.125.24.0-255,2902,36946,10,197829
5751,0.000704,172.31.36.0-255,66,37012,10,197829
5752,0.000715,74.125.24.0-255,5738,42750,10,197829
5753,0.000718,172.31.36.0-255,66,42816,10,197829
5754,0.000745,74.125.24.0-255,5738,48554,10,197829
5755,0.000748,172.31.36.0-255,66,48620,10,197829
5756,0.000777,74.125.24.0-255,7156,55776,10,197829
5757,0.00078,172.31.36.0-255,66,55842,10,197829
5758,0.000792,172.31.36.0-255,66,55908,10,197829
5759,0.000795,74.125.24.0-255,766,56674,10,197829
5760,0.000797,172.31.36.0-255,66,56740,10,197829
5761,0.001183,74.125.24.0-255,1484,58224,10,197829
5762,0.001188,172.31.36.0-255,66,58290,10,197829
5763,0.001197,74.125.24.0-255,2902,61192,10,197829
5764,0.001206,172.31.36.0-255,66,61258,10,197829
5765,0.001213,74.125.24.0-255,4320,65578,10,197829
5766,0.001215,172.31.36.0-255,66,65644,10,197829
5767,0.00122,74.125.24.0-255,4320,69964,10,197829
5768,0.001222,172.31.36.0-255,66,70030,10,197829
5769,0.00124,74.125.24.0-255,1484,71514,10,197829
5770,0.001246,172.31.36.0-255,66,71580,10,197829
5771,0.001257,172.31.36.0-255,66,71646,10,197829
5772,0.001287,74.125.24.0-255,1484,73130,10,197829
5773,0.001295,74.125.24.0-255,4320,77450,10,197829
5774,0.001316,172.31.36.0-255,66,77516,10,197829
5775,0.001323,74.125.24.0-255,5020,82536,10,197829
5776,0.001337,172.31.36.0-255,66,82602,10,197829
5777,0.001433,74.125.24.0-255,1484,84086,10,197829
5778,0.00145,74.125.24.0-255,2902,86988,10,197829
5779,0.001453,74.125.24.0-255,1484,88472,10,197829
5780,0.001471,74.125.24.0-255,4320,92792,10,197829
5781,0.001502,172.31.36.0-255,66,92858,10,197829
5782,0.001513,74.125.24.0-255,4320,97178,10,197829
5783,0.001574,74.125.24.0-255,2184,99362,10,197829
5784,0.001579,172.31.36.0-255,66,99428,10,197829
5785,0.001617,172.31.36.0-255,66,99494,10,197829
5786,0.001732,74.125.24.0-255,1484,100978,10,197829
5787,0.001739,74.125.24.0-255,2902,103880,10,197829
5788,0.001769,74.125.24.0-255,5738,109618,10,197829
5789,0.001775,74.125.24.0-255,4320,113938,10,197829
5790,0.00178,172.31.36.0-255,66,114004,10,197829
5791,0.001791,74.125.24.0-255,2902,116906,10,197829
5792,0.001799,74.125.24.0-255,2902,119808,10,197829
5793,0.001805,172.31.36.0-255,66,119874,10,197829
5794,0.001846,74.125.24.0-255,2184,122058,10,197829
5795,0.001855,172.31.36.0-255,66,122124,10,197829
5796,0.001891,74.125.24.0-255,1484,123608,10,197829
5797,0.001908,74.125.24.0-255,2902,126510,10,197829
5798,0.001913,74.125.24.0-255,2902,129412,10,197829
5799,0.001925,74.125.24.0-255,2902,132314,10,197829
5800,0.00193,74.125.24.0-255,2902,135216,10,197829
5801,0.001939,172.31.36.0-255,66,135282,10,197829
5802,0.001965,74.125.24.0-255,1484,136766,10,197829
5803,0.001977,172.31.36.0-255,66,136832,10,197829
5804,0.002049,172.31.36.0-255,66,136898,10,197829
5805,0.0021,172.31.36.0-255,66,136964,10,197829
5806,0.002163,74.125.24.0-255,1484,138448,10,197829
5807,0.002198,74.125.24.0-255,5738,144186,10,197829
5808,0.002215,74.125.24.0-255,7156,151342,10,197829
5809,0.002267,172.31.36.0-255,66,151408,10,197829
5810,0.002293,172.31.36.0-255,66,151474,10,197829
5811,0.004533,74.125.24.0-255,5738,157212,10,197829
5812,0.004538,172.31.36.0-255,66,157278,10,197829
5813,0.006691,74.125.24.0-255,5738,163016,10,197829
5814,0.006699,172.31.36.0-255,66,163082,10,197829
5815,0.008899,74.125.24.0-255,5738,168820,10,197829
5816,0.008906,172.31.36.0-255,66,168886,10,197829
5817,0.011085,74.125.24.0-255,5738,174624,10,197829
5818,0.011098,172.31.36.0-255,66,174690,10,197829
5819,0.013294,74.125.24.0-255,5738,180428,10,197829
5820,0.01331,172.31.36.0-255,66,180494,10,197829
5821,0.015473,74.125.24.0-255,5738,186232,10,197829
5822,0.015491,172.31.36.0-255,66,186298,10,197829
5823,0.017665,74.125.24.0-255,5738,192036,10,197829
5824,0.017675,172.31.36.0-255,66,192102,10,197829
5825,0.019849,74.125.24.0-255,5490,197592,10,197829
5826,0.019856,172.31.36.0-255,66,197658,10,197829
5827,0.020039,172.31.36.0-255,105,197763,10,197829
5828,0.022168,74.125.24.0-255,66,197829,10,197829
5829,0.0,172.31.36.0-255,105,105,10,105
5830,0.0,172.217.194.0-255,153,153,10,274033
5831,2.9e-05,172.217.194.0-255,1484,1637,10,274033
5832,3.9e-05,172.31.36.0-255,66,1703,10,274033
5833,4.6e-05,172.217.194.0-255,2902,4605,10,274033
5834,4.9e-05,172.31.36.0-255,66,4671,10,274033
5835,5.4e-05,172.217.194.0-255,4320,8991,10,274033
5836,6.6e-05,172.31.36.0-255,66,9057,10,274033
5837,9.6e-05,172.217.194.0-255,4320,13377,10,274033
5838,9.9e-05,172.31.36.0-255,66,13443,10,274033
5839,0.000126,172.217.194.0-255,611,14054,10,274033
5840,0.000726,172.217.194.0-255,1484,15538,10,274033
5841,0.000733,172.31.36.0-255,66,15604,10,274033
5842,0.000743,172.217.194.0-255,2902,18506,10,274033
5843,0.000745,172.31.36.0-255,66,18572,10,274033
5844,0.000758,172.217.194.0-255,5738,24310,10,274033
5845,0.000761,172.31.36.0-255,66,24376,10,274033
5846,0.000768,172.217.194.0-255,6797,31173,10,274033
5847,0.000771,172.31.36.0-255,66,31239,10,274033
5848,0.00095,172.217.194.0-255,1484,32723,10,274033
5849,0.000971,172.217.194.0-255,2902,35625,10,274033
5850,0.000975,172.31.36.0-255,66,35691,10,274033
5851,0.000981,172.217.194.0-255,4320,40011,10,274033
5852,0.000984,172.31.36.0-255,66,40077,10,274033
5853,0.001021,172.217.194.0-255,5738,45815,10,274033
5854,0.001025,172.31.36.0-255,66,45881,10,274033
5855,0.001032,172.217.194.0-255,5738,51619,10,274033
5856,0.001035,172.31.36.0-255,66,51685,10,274033
5857,0.001059,172.217.194.0-255,6797,58482,10,274033
5858,0.001062,172.31.36.0-255,66,58548,10,274033
5859,0.00109,172.217.194.0-255,7048,65596,10,274033
5860,0.001097,172.31.36.0-255,66,65662,10,274033
5861,0.001274,172.217.194.0-255,120,65782,10,274033
5862,0.00142,172.217.194.0-255,1484,67266,10,274033
5863,0.001422,172.31.36.0-255,66,67332,10,274033
5864,0.001427,172.217.194.0-255,2902,70234,10,274033
5865,0.001429,172.31.36.0-255,66,70300,10,274033
5866,0.001455,172.217.194.0-255,5738,76038,10,274033
5867,0.001457,172.31.36.0-255,66,76104,10,274033
5868,0.001492,172.31.36.0-255,66,76170,10,274033
5869,0.001528,172.217.194.0-255,7156,83326,10,274033
5870,0.001531,172.31.36.0-255,66,83392,10,274033
5871,0.001555,172.217.194.0-255,4320,87712,10,274033
5872,0.001558,172.31.36.0-255,66,87778,10,274033
5873,0.001561,172.217.194.0-255,1125,88903,10,274033
5874,0.002593,172.217.194.0-255,1484,90387,10,274033
5875,0.002596,172.31.36.0-255,66,90453,10,274033
5876,0.002615,172.217.194.0-255,2902,93355,10,274033
5877,0.002618,172.31.36.0-255,66,93421,10,274033
5878,0.002624,172.217.194.0-255,5738,99159,10,274033
5879,0.002626,172.31.36.0-255,66,99225,10,274033
5880,0.002655,172.217.194.0-255,2902,102127,10,274033
5881,0.002657,172.31.36.0-255,66,102193,10,274033
5882,0.002682,172.31.36.0-255,66,102259,10,274033
5883,0.002713,172.217.194.0-255,2902,105161,10,274033
5884,0.002715,172.31.36.0-255,66,105227,10,274033
5885,0.002738,172.31.36.0-255,66,105293,10,274033
5886,0.002963,172.217.194.0-255,1484,106777,10,274033
5887,0.00297,172.217.194.0-255,2902,109679,10,274033
5888,0.002975,172.31.36.0-255,66,109745,10,274033
5889,0.002983,172.217.194.0-255,5738,115483,10,274033
5890,0.002985,172.31.36.0-255,66,115549,10,274033
5891,0.003032,172.31.36.0-255,66,115615,10,274033
5892,0.003057,172.217.194.0-255,1484,117099,10,274033
5893,0.003079,172.31.36.0-255,66,117165,10,274033
5894,0.003286,172.217.194.0-255,1484,118649,10,274033
5895,0.003302,172.217.194.0-255,2902,121551,10,274033
5896,0.003308,172.31.36.0-255,66,121617,10,274033
5897,0.003313,172.217.194.0-255,2902,124519,10,274033
5898,0.003315,172.31.36.0-255,66,124585,10,274033
5899,0.003318,172.217.194.0-255,1484,126069,10,274033
5900,0.003349,172.217.194.0-255,5738,131807,10,274033
5901,0.003352,172.31.36.0-255,66,131873,10,274033
5902,0.003356,172.217.194.0-255,1484,133357,10,274033
5903,0.003406,172.31.36.0-255,66,133423,10,274033
5904,0.003409,172.217.194.0-255,1484,134907,10,274033
5905,0.003428,172.217.194.0-255,1484,136391,10,274033
5906,0.00343,172.31.36.0-255,66,136457,10,274033
5907,0.003435,172.217.194.0-255,766,137223,10,274033
5908,0.003467,172.217.194.0-255,1484,138707,10,274033
5909,0.003469,172.31.36.0-255,66,138773,10,274033
5910,0.003473,172.217.194.0-255,1484,140257,10,274033
5911,0.003493,172.217.194.0-255,1484,141741,10,274033
5912,0.003496,172.31.36.0-255,66,141807,10,274033
5913,0.003502,172.217.194.0-255,5738,147545,10,274033
5914,0.003505,172.31.36.0-255,66,147611,10,274033
5915,0.003514,172.217.194.0-255,2902,150513,10,274033
5916,0.003516,172.31.36.0-255,66,150579,10,274033
5917,0.003552,172.31.36.0-255,66,150645,10,274033
5918,0.003559,172.217.194.0-255,7156,157801,10,274033
5919,0.003562,172.31.36.0-255,66,157867,10,274033
5920,0.003597,172.217.194.0-255,3602,161469,10,274033
5921,0.0036,172.31.36.0-255,66,161535,10,274033
5922,0.003751,172.217.194.0-255,1484,163019,10,274033
5923,0.003768,172.217.194.0-255,2902,165921,10,274033
5924,0.003772,172.31.36.0-255,66,165987,10,274033
5925,0.003777,172.217.194.0-255,2902,168889,10,274033
5926,0.003779,172.31.36.0-255,66,168955,10,274033
5927,0.003815,172.217.194.0-255,2902,171857,10,274033
5928,0.003817,172.31.36.0-255,66,171923,10,274033
5929,0.00383,172.217.194.0-255,7156,179079,10,274033
5930,0.003832,172.31.36.0-255,66,179145,10,274033
5931,0.003852,172.31.36.0-255,66,179211,10,274033
5932,0.003877,172.217.194.0-255,1484,180695,10,274033
5933,0.003885,172.217.194.0-255,1484,182179,10,274033
5934,0.003887,172.31.36.0-255,66,182245,10,274033
5935,0.003894,172.217.194.0-255,3602,185847,10,274033
5936,0.003896,172.31.36.0-255,66,185913,10,274033
5937,0.003947,172.217.194.0-255,1484,187397,10,274033
5938,0.003963,172.217.194.0-255,1484,188881,10,274033
5939,0.003966,172.31.36.0-255,66,188947,10,274033
5940,0.003991,172.217.194.0-255,1484,190431,10,274033
5941,0.003997,172.217.194.0-255,5738,196169,10,274033
5942,0.004001,172.31.36.0-255,66,196235,10,274033
5943,0.004006,172.217.194.0-255,4320,200555,10,274033
5944,0.004009,172.31.36.0-255,66,200621,10,274033
5945,0.004046,172.217.194.0-255,2902,203523,10,274033
5946,0.00405,172.31.36.0-255,66,203589,10,274033
5947,0.004087,172.31.36.0-255,66,203655,10,274033
5948,0.004104,172.31.36.0-255,66,203721,10,274033
5949,0.004116,172.31.36.0-255,66,203787,10,274033
5950,0.004128,172.31.36.0-255,66,203853,10,274033
5951,0.004168,172.217.194.0-255,7156,211009,10,274033
5952,0.004171,172.31.36.0-255,66,211075,10,274033
5953,0.004178,172.217.194.0-255,6438,217513,10,274033
5954,0.004181,172.31.36.0-255,66,217579,10,274033
5955,0.004323,172.217.194.0-255,1484,219063,10,274033
5956,0.004342,172.217.194.0-255,2902,221965,10,274033
5957,0.004347,172.31.36.0-255,66,222031,10,274033
5958,0.004369,172.217.194.0-255,5738,227769,10,274033
5959,0.004374,172.31.36.0-255,66,227835,10,274033
5960,0.004403,172.31.36.0-255,66,227901,10,274033
5961,0.004408,172.217.194.0-255,2902,230803,10,274033
5962,0.00441,172.31.36.0-255,66,230869,10,274033
5963,0.004449,172.217.194.0-255,4320,235189,10,274033
5964,0.004453,172.31.36.0-255,66,235255,10,274033
5965,0.004459,172.217.194.0-255,3602,238857,10,274033
5966,0.004461,172.31.36.0-255,66,238923,10,274033
5967,0.004493,172.217.194.0-255,4320,243243,10,274033
5968,0.004496,172.31.36.0-255,66,243309,10,274033
5969,0.004502,172.217.194.0-255,5738,249047,10,274033
5970,0.004504,172.31.36.0-255,66,249113,10,274033
5971,0.004517,172.217.194.0-255,5738,254851,10,274033
5972,0.00452,172.31.36.0-255,66,254917,10,274033
5973,0.004534,172.217.194.0-255,5738,260655,10,274033
5974,0.004542,172.31.36.0-255,66,260721,10,274033
5975,0.004572,172.217.194.0-255,4320,265041,10,274033
5976,0.004576,172.31.36.0-255,66,265107,10,274033
5977,0.004633,172.31.36.0-255,66,265173,10,274033
5978,0.004639,172.217.194.0-255,5194,270367,10,274033
5979,0.004641,172.31.36.0-255,66,270433,10,274033
5980,0.004643,172.217.194.0-255,105,270538,10,274033
5981,0.007383,172.31.36.0-255,105,270643,10,274033
5982,0.009667,172.217.194.0-255,66,270709,10,274033
5983,0.025602,172.31.36.0-255,172,270881,10,274033
5984,0.02563,172.31.36.0-255,1111,271992,10,274033
5985,0.025673,172.31.36.0-255,1514,273506,10,274033
5986,0.025674,172.31.36.0-255,329,273835,10,274033
5987,0.027131,104.244.42.0-255,66,273901,10,274033
5988,0.027186,104.244.42.0-255,66,273967,10,274033
5989,0.027236,104.244.42.0-255,66,274033,10,274033
5990,0.0,172.217.194.0-255,153,153,10,270246
5991,1.6e-05,172.31.36.0-255,66,219,10,270246
5992,2.2e-05,172.217.194.0-255,1484,1703,10,270246
5993,2.7e-05,172.31.36.0-255,66,1769,10,270246
5994,3.3e-05,172.217.194.0-255,2902,4671,10,270246
5995,4.6e-05,172.31.36.0-255,66,4737,10,270246
5996,5.4e-05,172.217.194.0-255,7156,11893,10,270246
5997,5.8e-05,172.31.36.0-255,66,11959,10,270246
5998,0.000117,172.217.194.0-255,5738,17697,10,270246
5999,0.000121,172.31.36.0-255,66,17763,10,270246
6000,0.000157,172.31.36.0-255,66,17829,10,270246
6001,0.000164,172.217.194.0-255,5379,23208,10,270246
6002,0.000166,172.31.36.0-255,66,23274,10,270246
6003,0.000192,172.217.194.0-255,1484,24758,10,270246
6004,0.000195,172.31.36.0-255,66,24824,10,270246
6005,0.000222,172.217.194.0-255,2902,27726,10,270246
6006,0.000225,172.31.36.0-255,66,27792,10,270246
6007,0.000231,172.217.194.0-255,5738,33530,10,270246
6008,0.000234,172.31.36.0-255,66,33596,10,270246
6009,0.000243,172.217.194.0-255,4320,37916,10,270246
6010,0.000246,172.31.36.0-255,66,37982,10,270246
6011,0.000279,172.217.194.0-255,7156,45138,10,270246
6012,0.000282,172.31.36.0-255,66,45204,10,270246
6013,0.000287,172.217.194.0-255,2902,48106,10,270246
6014,0.000289,172.31.36.0-255,66,48172,10,270246
6015,0.000327,172.31.36.0-255,66,48238,10,270246
6016,0.00033,172.217.194.0-255,384,48622,10,270246
6017,0.000332,172.31.36.0-255,66,48688,10,270246
6018,0.000367,172.217.194.0-255,1484,50172,10,270246
6019,0.00037,172.31.36.0-255,66,50238,10,270246
6020,0.000376,172.217.194.0-255,4320,54558,10,270246
6021,0.000378,172.31.36.0-255,66,54624,10,270246
6022,0.000418,172.31.36.0-255,66,54690,10,270246
6023,0.000421,172.217.194.0-255,577,55267,10,270246
6024,0.000927,172.217.194.0-255,1484,56751,10,270246
6025,0.000933,172.31.36.0-255,66,56817,10,270246
6026,0.00094,172.217.194.0-255,2902,59719,10,270246
6027,0.000943,172.31.36.0-255,66,59785,10,270246
6028,0.000962,172.217.194.0-255,5738,65523,10,270246
6029,0.000964,172.31.36.0-255,66,65589,10,270246
6030,0.000974,172.217.194.0-255,2902,68491,10,270246
6031,0.000976,172.31.36.0-255,66,68557,10,270246
6032,0.001018,172.31.36.0-255,66,68623,10,270246
6033,0.001031,172.31.36.0-255,66,68689,10,270246
6034,0.001265,172.217.194.0-255,1484,70173,10,270246
6035,0.001272,172.217.194.0-255,2902,73075,10,270246
6036,0.001276,172.31.36.0-255,66,73141,10,270246
6037,0.001304,172.217.194.0-255,5738,78879,10,270246
6038,0.001307,172.31.36.0-255,66,78945,10,270246
6039,0.001313,172.217.194.0-255,5738,84683,10,270246
6040,0.001315,172.31.36.0-255,66,84749,10,270246
6041,0.001382,172.31.36.0-255,66,84815,10,270246
6042,0.001388,172.217.194.0-255,5020,89835,10,270246
6043,0.00139,172.31.36.0-255,66,89901,10,270246
6044,0.001403,172.217.194.0-255,5738,95639,10,270246
6045,0.001405,172.31.36.0-255,66,95705,10,270246
6046,0.001418,172.31.36.0-255,66,95771,10,270246
6047,0.001446,172.217.194.0-255,1484,97255,10,270246
6048,0.00147,172.217.194.0-255,5738,102993,10,270246
6049,0.001476,172.31.36.0-255,66,103059,10,270246
6050,0.001497,172.31.36.0-255,66,103125,10,270246
6051,0.001531,172.31.36.0-255,66,103191,10,270246
6052,0.001568,172.31.36.0-255,66,103257,10,270246
6053,0.001575,172.217.194.0-255,5738,108995,10,270246
6054,0.001577,172.31.36.0-255,66,109061,10,270246
6055,0.001604,172.217.194.0-255,4320,113381,10,270246
6056,0.001607,172.31.36.0-255,66,113447,10,270246
6057,0.001635,172.217.194.0-255,5020,118467,10,270246
6058,0.001639,172.31.36.0-255,66,118533,10,270246
6059,0.001666,172.217.194.0-255,5738,124271,10,270246
6060,0.001669,172.31.36.0-255,66,124337,10,270246
6061,0.001675,172.217.194.0-255,4320,128657,10,270246
6062,0.001678,172.31.36.0-255,66,128723,10,270246
6063,0.001701,172.217.194.0-255,2902,131625,10,270246
6064,0.001703,172.31.36.0-255,66,131691,10,270246
6065,0.001711,172.217.194.0-255,7156,138847,10,270246
6066,0.001718,172.31.36.0-255,66,138913,10,270246
6067,0.00175,172.217.194.0-255,7156,146069,10,270246
6068,0.001754,172.31.36.0-255,66,146135,10,270246
6069,0.001761,172.217.194.0-255,6438,152573,10,270246
6070,0.001764,172.31.36.0-255,66,152639,10,270246
6071,0.001795,172.217.194.0-255,1484,154123,10,270246
6072,0.0018,172.217.194.0-255,2902,157025,10,270246
6073,0.001802,172.31.36.0-255,66,157091,10,270246
6074,0.001835,172.217.194.0-255,5738,162829,10,270246
6075,0.001839,172.31.36.0-255,66,162895,10,270246
6076,0.001842,172.217.194.0-255,1484,164379,10,270246
6077,0.001875,172.31.36.0-255,66,164445,10,270246
6078,0.00188,172.217.194.0-255,4320,168765,10,270246
6079,0.001883,172.31.36.0-255,66,168831,10,270246
6080,0.001914,172.217.194.0-255,6438,175269,10,270246
6081,0.001917,172.217.194.0-255,1484,176753,10,270246
6082,0.001921,172.31.36.0-255,66,176819,10,270246
6083,0.001967,172.31.36.0-255,66,176885,10,270246
6084,0.001978,172.31.36.0-255,66,176951,10,270246
6085,0.002037,172.217.194.0-255,4320,181271,10,270246
6086,0.002039,172.31.36.0-255,66,181337,10,270246
6087,0.002046,172.217.194.0-255,5738,187075,10,270246
6088,0.002048,172.31.36.0-255,66,187141,10,270246
6089,0.002059,172.217.194.0-255,7156,194297,10,270246
6090,0.002061,172.31.36.0-255,66,194363,10,270246
6091,0.002856,172.31.36.0-255,101,194464,10,270246
6092,0.004046,172.217.194.0-255,5738,200202,10,270246
6093,0.004051,172.31.36.0-255,66,200268,10,270246
6094,0.004801,172.217.194.0-255,66,200334,10,270246
6095,0.006072,172.217.194.0-255,2902,203236,10,270246
6096,0.006077,172.31.36.0-255,66,203302,10,270246
6097,0.006104,172.217.194.0-255,2902,206204,10,270246
6098,0.006106,172.31.36.0-255,66,206270,10,270246
6099,0.008102,172.217.194.0-255,5738,212008,10,270246
6100,0.008106,172.31.36.0-255,66,212074,10,270246
6101,0.010076,172.217.194.0-255,5738,217812,10,270246
6102,0.010083,172.31.36.0-255,66,217878,10,270246
6103,0.012102,172.217.194.0-255,5738,223616,10,270246
6104,0.012109,172.31.36.0-255,66,223682,10,270246
6105,0.014128,172.217.194.0-255,5738,229420,10,270246
6106,0.014136,172.31.36.0-255,66,229486,10,270246
6107,0.016116,172.217.194.0-255,5738,235224,10,270246
6108,0.016124,172.31.36.0-255,66,235290,10,270246
6109,0.018115,172.217.194.0-255,5738,241028,10,270246
6110,0.018125,172.31.36.0-255,66,241094,10,270246
6111,0.020189,172.217.194.0-255,5738,246832,10,270246
6112,0.020196,172.31.36.0-255,66,246898,10,270246
6113,0.022177,172.217.194.0-255,5738,252636,10,270246
6114,0.022191,172.31.36.0-255,66,252702,10,270246
6115,0.024192,172.217.194.0-255,5738,258440,10,270246
6116,0.024199,172.31.36.0-255,66,258506,10,270246
6117,0.026182,172.217.194.0-255,5738,264244,10,270246
6118,0.026189,172.31.36.0-255,66,264310,10,270246
6119,0.02822,172.217.194.0-255,2902,267212,10,270246
6120,0.028227,172.31.36.0-255,66,267278,10,270246
6121,0.028257,172.217.194.0-255,2902,270180,10,270246
6122,0.02826,172.31.36.0-255,66,270246,10,270246
6123,0.0,172.217.194.0-255,153,153,10,127219
6124,2.3e-05,172.31.36.0-255,66,219,10,127219
6125,3e-05,172.217.194.0-255,1484,1703,10,127219
6126,3.4e-05,172.31.36.0-255,66,1769,10,127219
6127,4e-05,172.217.194.0-255,2902,4671,10,127219
6128,4.2e-05,172.31.36.0-255,66,4737,10,127219
6129,5e-05,172.217.194.0-255,7156,11893,10,127219
6130,5.3e-05,172.31.36.0-255,66,11959,10,127219
6131,5.8e-05,172.217.194.0-255,2046,14005,10,127219
6132,6.1e-05,172.31.36.0-255,66,14071,10,127219
6133,0.000947,172.217.194.0-255,1484,15555,10,127219
6134,0.000955,172.31.36.0-255,66,15621,10,127219
6135,0.000965,172.217.194.0-255,2902,18523,10,127219
6136,0.000967,172.31.36.0-255,66,18589,10,127219
6137,0.000975,172.217.194.0-255,5738,24327,10,127219
6138,0.000977,172.31.36.0-255,66,24393,10,127219
6139,0.001012,172.217.194.0-255,2902,27295,10,127219
6140,0.001015,172.31.36.0-255,66,27361,10,127219
6141,0.001034,172.217.194.0-255,3961,31322,10,127219
6142,0.001038,172.31.36.0-255,66,31388,10,127219
6143,0.001053,172.217.194.0-255,1484,32872,10,127219
6144,0.001055,172.31.36.0-255,66,32938,10,127219
6145,0.001071,172.217.194.0-255,2902,35840,10,127219
6146,0.001073,172.31.36.0-255,66,35906,10,127219
6147,0.001104,172.217.194.0-255,5738,41644,10,127219
6148,0.001108,172.31.36.0-255,66,41710,10,127219
6149,0.001113,172.217.194.0-255,4320,46030,10,127219
6150,0.001116,172.31.36.0-255,66,46096,10,127219
6151,0.001129,172.217.194.0-255,2543,48639,10,127219
6152,0.001131,172.31.36.0-255,66,48705,10,127219
6153,0.002183,172.217.194.0-255,1484,50189,10,127219
6154,0.002191,172.31.36.0-255,66,50255,10,127219
6155,0.002196,172.217.194.0-255,2902,53157,10,127219
6156,0.002199,172.31.36.0-255,66,53223,10,127219
6157,0.002201,172.217.194.0-255,1484,54707,10,127219
6158,0.00431,172.217.194.0-255,4320,59027,10,127219
6159,0.004317,172.31.36.0-255,66,59093,10,127219
6160,0.006455,172.217.194.0-255,5738,64831,10,127219
6161,0.006463,172.31.36.0-255,66,64897,10,127219
6162,0.00859,172.217.194.0-255,5738,70635,10,127219
6163,0.008598,172.31.36.0-255,66,70701,10,127219
6164,0.010745,172.217.194.0-255,5738,76439,10,127219
6165,0.010754,172.31.36.0-255,66,76505,10,127219
6166,0.012901,172.217.194.0-255,5738,82243,10,127219
6167,0.012912,172.31.36.0-255,66,82309,10,127219
6168,0.015077,172.217.194.0-255,5738,88047,10,127219
6169,0.015086,172.31.36.0-255,66,88113,10,127219
6170,0.017248,172.217.194.0-255,5738,93851,10,127219
6171,0.017256,172.31.36.0-255,66,93917,10,127219
6172,0.019494,172.217.194.0-255,5738,99655,10,127219
6173,0.019501,172.31.36.0-255,66,99721,10,127219
6174,0.02065,172.31.36.0-255,167,99888,10,127219
6175,0.020682,172.31.36.0-255,1112,101000,10,127219
6176,0.020738,172.31.36.0-255,1514,102514,10,127219
6177,0.02074,172.31.36.0-255,1291,103805,10,127219
6178,0.02161,172.217.194.0-255,5738,109543,10,127219
6179,0.021618,172.31.36.0-255,66,109609,10,127219
6180,0.022312,104.244.42.0-255,66,109675,10,127219
6181,0.022347,104.244.42.0-255,66,109741,10,127219
6182,0.022394,104.244.42.0-255,66,109807,10,127219
6183,0.023779,172.217.194.0-255,5738,115545,10,127219
6184,0.023787,172.31.36.0-255,66,115611,10,127219
6185,0.02593,172.217.194.0-255,5738,121349,10,127219
6186,0.025938,172.31.36.0-255,66,121415,10,127219
6187,0.028077,172.217.194.0-255,5738,127153,10,127219
6188,0.028084,172.31.36.0-255,66,127219,10,127219
6189,0.0,74.125.24.0-255,146,146,10,205982
6190,1.9e-05,74.125.24.0-255,1484,1630,10,205982
6191,3.1e-05,172.31.36.0-255,66,1696,10,205982
6192,3.9e-05,74.125.24.0-255,2902,4598,10,205982
6193,4.4e-05,172.31.36.0-255,66,4664,10,205982
6194,5.2e-05,74.125.24.0-255,7156,11820,10,205982
6195,5.5e-05,172.31.36.0-255,66,11886,10,205982
6196,6.1e-05,74.125.24.0-255,4320,16206,10,205982
6197,6.5e-05,172.31.36.0-255,66,16272,10,205982
6198,0.000108,172.31.36.0-255,66,16338,10,205982
6199,0.000113,74.125.24.0-255,2543,18881,10,205982
6200,0.000115,172.31.36.0-255,66,18947,10,205982
6201,0.000134,74.125.24.0-255,1484,20431,10,205982
6202,0.000138,74.125.24.0-255,1484,21915,10,205982
6203,0.00014,172.31.36.0-255,66,21981,10,205982
6204,0.00016,74.125.24.0-255,1484,23465,10,205982
6205,0.000166,74.125.24.0-255,5738,29203,10,205982
6206,0.000169,172.31.36.0-255,66,29269,10,205982
6207,0.00019,74.125.24.0-255,7156,36425,10,205982
6208,0.000208,74.125.24.0-255,5738,42163,10,205982
6209,0.000235,74.125.24.0-255,7156,49319,10,205982
6210,0.000238,172.31.36.0-255,66,49385,10,205982
6211,0.00025,74.125.24.0-255,3602,52987,10,205982
6212,0.000253,74.125.24.0-255,357,53344,10,205982
6213,0.000257,172.31.36.0-255,66,53410,10,205982
6214,0.000265,74.125.24.0-255,416,53826,10,205982
6215,0.000794,74.125.24.0-255,1484,55310,10,205982
6216,0.0008,172.31.36.0-255,66,55376,10,205982
6217,0.000807,74.125.24.0-255,2902,58278,10,205982
6218,0.000809,172.31.36.0-255,66,58344,10,205982
6219,0.00083,74.125.24.0-255,5738,64082,10,205982
6220,0.000833,172.31.36.0-255,66,64148,10,205982
6221,0.000836,74.125.24.0-255,1484,65632,10,205982
6222,0.000852,74.125.24.0-255,4320,69952,10,205982
6223,0.000867,74.125.24.0-255,1484,71436,10,205982
6224,0.000873,172.31.36.0-255,66,71502,10,205982
6225,0.000897,74.125.24.0-255,3961,75463,10,205982
6226,0.000927,172.31.36.0-255,66,75529,10,205982
6227,0.001032,74.125.24.0-255,1484,77013,10,205982
6228,0.001038,74.125.24.0-255,2902,79915,10,205982
6229,0.00104,172.31.36.0-255,66,79981,10,205982
6230,0.001049,74.125.24.0-255,5738,85719,10,205982
6231,0.001064,74.125.24.0-255,2902,88621,10,205982
6232,0.001077,74.125.24.0-255,4320,92941,10,205982
6233,0.001084,172.31.36.0-255,66,93007,10,205982
6234,0.001106,74.125.24.0-255,5738,98745,10,205982
6235,0.001122,172.31.36.0-255,66,98811,10,205982
6236,0.001289,74.125.24.0-255,1484,100295,10,205982
6237,0.001307,74.125.24.0-255,2902,103197,10,205982
6238,0.00131,172.31.36.0-255,66,103263,10,205982
6239,0.001315,74.125.24.0-255,2902,106165,10,205982
6240,0.001319,172.31.36.0-255,66,106231,10,205982
6241,0.001331,74.125.24.0-255,2902,109133,10,205982
6242,0.001354,74.125.24.0-255,2902,112035,10,205982
6243,0.001359,172.31.36.0-255,66,112101,10,205982
6244,0.001391,172.31.36.0-255,66,112167,10,205982
6245,0.001399,74.125.24.0-255,1484,113651,10,205982
6246,0.001406,74.125.24.0-255,5738,119389,10,205982
6247,0.001411,172.31.36.0-255,66,119455,10,205982
6248,0.001431,74.125.24.0-255,5020,124475,10,205982
6249,0.001444,172.31.36.0-255,66,124541,10,205982
6250,0.001463,74.125.24.0-255,4320,128861,10,205982
6251,0.001475,172.31.36.0-255,66,128927,10,205982
6252,0.001482,74.125.24.0-255,1484,130411,10,205982
6253,0.001489,74.125.24.0-255,5738,136149,10,205982
6254,0.001495,172.31.36.0-255,66,136215,10,205982
6255,0.001506,74.125.24.0-255,1484,137699,10,205982
6256,0.001509,74.125.24.0-255,1484,139183,10,205982
6257,0.001536,74.125.24.0-255,1484,140667,10,205982
6258,0.001554,172.31.36.0-255,66,140733,10,205982
6259,0.001565,74.125.24.0-255,2902,143635,10,205982
6260,0.001576,74.125.24.0-255,2184,145819,10,205982
6261,0.00159,172.31.36.0-255,66,145885,10,205982
6262,0.001621,74.125.24.0-255,1484,147369,10,205982
6263,0.001627,74.125.24.0-255,2902,150271,10,205982
6264,0.001646,74.125.24.0-255,5738,156009,10,205982
6265,0.001649,172.31.36.0-255,66,156075,10,205982
6266,0.001662,172.31.36.0-255,66,156141,10,205982
6267,0.001693,172.31.36.0-255,66,156207,10,205982
6268,0.001716,74.125.24.0-255,2902,159109,10,205982
6269,0.001737,172.31.36.0-255,66,159175,10,205982
6270,0.001747,172.31.36.0-255,66,159241,10,205982
6271,0.001793,74.125.24.0-255,1484,160725,10,205982
6272,0.001797,74.125.24.0-255,1484,162209,10,205982
6273,0.001807,74.125.24.0-255,1484,163693,10,205982
6274,0.001821,74.125.24.0-255,5738,169431,10,205982
6275,0.001897,172.31.36.0-255,66,169497,10,205982
6276,0.001924,74.125.24.0-255,2902,172399,10,205982
6277,0.001928,74.125.24.0-255,2902,175301,10,205982
6278,0.001945,74.125.24.0-255,1484,176785,10,205982
6279,0.001949,74.125.24.0-255,1484,178269,10,205982
6280,0.001956,172.31.36.0-255,66,178335,10,205982
6281,0.001974,74.125.24.0-255,7156,185491,10,205982
6282,0.002002,172.31.36.0-255,66,185557,10,205982
6283,0.002066,74.125.24.0-255,2902,188459,10,205982
6284,0.002082,172.31.36.0-255,66,188525,10,205982
6285,0.002111,74.125.24.0-255,3602,192127,10,205982
6286,0.002131,172.31.36.0-255,66,192193,10,205982
6287,0.002145,74.125.24.0-255,4320,196513,10,205982
6288,0.002174,172.31.36.0-255,66,196579,10,205982
6289,0.002222,172.31.36.0-255,66,196645,10,205982
6290,0.002254,74.125.24.0-255,7156,203801,10,205982
6291,0.002282,172.31.36.0-255,66,203867,10,205982
6292,0.002298,74.125.24.0-255,1676,205543,10,205982
6293,0.002301,74.125.24.0-255,97,205640,10,205982
6294,0.002303,74.125.24.0-255,105,205745,10,205982
6295,0.002311,172.31.36.0-255,66,205811,10,205982
6296,0.01114,172.31.36.0-255,105,205916,10,205982
6297,0.013423,74.125.24.0-255,66,205982,10,205982
6298,0.0,74.125.68.0-255,151,151,10,418710
6299,1.9e-05,74.125.68.0-255,1484,1635,10,418710
6300,3e-05,172.31.36.0-255,66,1701,10,418710
6301,3.9e-05,74.125.68.0-255,2902,4603,10,418710
6302,4.3e-05,172.31.36.0-255,66,4669,10,418710
6303,4.6e-05,74.125.68.0-255,1484,6153,10,418710
6304,7.4e-05,74.125.68.0-255,5738,11891,10,418710
6305,7.7e-05,172.31.36.0-255,66,11957,10,418710
6306,8.1e-05,74.125.68.0-255,2041,13998,10,418710
6307,8.3e-05,172.31.36.0-255,66,14064,10,418710
6308,0.000285,74.125.68.0-255,1484,15548,10,418710
6309,0.000301,74.125.68.0-255,1484,17032,10,418710
6310,0.000306,172.31.36.0-255,66,17098,10,418710
6311,0.000325,74.125.68.0-255,1484,18582,10,418710
6312,0.00033,74.125.68.0-255,2902,21484,10,418710
6313,0.000333,172.31.36.0-255,66,21550,10,418710
6314,0.000352,74.125.68.0-255,1484,23034,10,418710
6315,0.000358,74.125.68.0-255,4320,27354,10,418710
6316,0.000361,172.31.36.0-255,66,27420,10,418710
6317,0.000416,74.125.68.0-255,3961,31381,10,418710
6318,0.00042,172.31.36.0-255,66,31447,10,418710
6319,0.000448,74.125.68.0-255,4320,35767,10,418710
6320,0.000451,172.31.36.0-255,66,35833,10,418710
6321,0.00048,74.125.68.0-255,5738,41571,10,418710
6322,0.000483,172.31.36.0-255,66,41637,10,418710
6323,0.000506,74.125.68.0-255,1484,43121,10,418710
6324,0.000548,74.125.68.0-255,2902,46023,10,418710
6325,0.000552,172.31.36.0-255,66,46089,10,418710
6326,0.000609,74.125.68.0-255,2543,48632,10,418710
6327,0.000612,172.31.36.0-255,66,48698,10,418710
6328,0.000678,74.125.68.0-255,1484,50182,10,418710
6329,0.000701,74.125.68.0-255,2902,53084,10,418710
6330,0.000705,172.31.36.0-255,66,53150,10,418710
6331,0.00074,74.125.68.0-255,4320,57470,10,418710
6332,0.000744,172.31.36.0-255,66,57536,10,418710
6333,0.00076,74.125.68.0-255,1484,59020,10,418710
6334,0.000781,74.125.68.0-255,2902,61922,10,418710
6335,0.000784,172.31.36.0-255,66,61988,10,418710
6336,0.00081,74.125.68.0-255,4267,66255,10,418710
6337,0.000813,172.31.36.0-255,66,66321,10,418710
6338,0.00109,74.125.68.0-255,1484,67805,10,418710
6339,0.001104,74.125.68.0-255,1484,69289,10,418710
6340,0.001107,172.31.36.0-255,66,69355,10,418710
6341,0.001112,74.125.68.0-255,1484,70839,10,418710
6342,0.001125,74.125.68.0-255,1484,72323,10,418710
6343,0.001127,172.31.36.0-255,66,72389,10,418710
6344,0.001147,74.125.68.0-255,4320,76709,10,418710
6345,0.00115,172.31.36.0-255,66,76775,10,418710
6346,0.001171,74.125.68.0-255,1484,78259,10,418710
6347,0.001175,74.125.68.0-255,1484,79743,10,418710
6348,0.001177,172.31.36.0-255,66,79809,10,418710
6349,0.001206,74.125.68.0-255,4320,84129,10,418710
6350,0.00121,172.31.36.0-255,66,84195,10,418710
6351,0.001231,74.125.68.0-255,4320,88515,10,418710
6352,0.001233,172.31.36.0-255,66,88581,10,418710
6353,0.001238,74.125.68.0-255,2902,91483,10,418710
6354,0.00124,172.31.36.0-255,66,91549,10,418710
6355,0.001266,74.125.68.0-255,2902,94451,10,418710
6356,0.001269,172.31.36.0-255,66,94517,10,418710
6357,0.001285,74.125.68.0-255,1484,96001,10,418710
6358,0.001298,74.125.68.0-255,2902,98903,10,418710
6359,0.0013,172.31.36.0-255,66,98969,10,418710
6360,0.001306,74.125.68.0-255,2184,101153,10,418710
6361,0.001308,172.31.36.0-255,66,101219,10,418710
6362,0.001371,74.125.68.0-255,1484,102703,10,418710
6363,0.001376,74.125.68.0-255,2902,105605,10,418710
6364,0.001378,172.31.36.0-255,66,105671,10,418710
6365,0.001397,74.125.68.0-255,5738,111409,10,418710
6366,0.0014,172.31.36.0-255,66,111475,10,418710
6367,0.001445,74.125.68.0-255,1484,112959,10,418710
6368,0.001465,74.125.68.0-255,1484,114443,10,418710
6369,0.001468,172.31.36.0-255,66,114509,10,418710
6370,0.001499,74.125.68.0-255,1484,115993,10,418710
6371,0.001512,74.125.68.0-255,1484,117477,10,418710
6372,0.001515,172.31.36.0-255,66,117543,10,418710
6373,0.001532,74.125.68.0-255,1484,119027,10,418710
6374,0.001563,74.125.68.0-255,1484,120511,10,418710
6375,0.001566,172.31.36.0-255,66,120577,10,418710
6376,0.0016,74.125.68.0-255,2902,123479,10,418710
6377,0.001603,172.31.36.0-255,66,123545,10,418710
6378,0.001606,74.125.68.0-255,1484,125029,10,418710
6379,0.001625,74.125.68.0-255,1484,126513,10,418710
6380,0.001628,172.31.36.0-255,66,126579,10,418710
6381,0.001678,74.125.68.0-255,4320,130899,10,418710
6382,0.001682,172.31.36.0-255,66,130965,10,418710
6383,0.001703,74.125.68.0-255,1484,132449,10,418710
6384,0.001741,74.125.68.0-255,1484,133933,10,418710
6385,0.001744,172.31.36.0-255,66,133999,10,418710
6386,0.001764,74.125.68.0-255,2184,136183,10,418710
6387,0.001766,172.31.36.0-255,66,136249,10,418710
6388,0.001806,74.125.68.0-255,2902,139151,10,418710
6389,0.001816,172.31.36.0-255,66,139217,10,418710
6390,0.001819,74.125.68.0-255,1484,140701,10,418710
6391,0.001849,74.125.68.0-255,2902,143603,10,418710
6392,0.001852,172.31.36.0-255,66,143669,10,418710
6393,0.001874,74.125.68.0-255,5738,149407,10,418710
6394,0.001877,172.31.36.0-255,66,149473,10,418710
6395,0.001935,74.125.68.0-255,4320,153793,10,418710
6396,0.001939,172.31.36.0-255,66,153859,10,418710
6397,0.001957,74.125.68.0-255,2902,156761,10,418710
6398,0.001961,172.31.36.0-255,66,156827,10,418710
6399,0.001996,172.31.36.0-255,66,156893,10,418710
6400,0.002026,74.125.68.0-255,5020,161913,10,418710
6401,0.002029,172.31.36.0-255,66,161979,10,418710
6402,0.002255,74.125.68.0-255,348,162327,10,418710
6403,0.002306,74.125.68.0-255,1484,163811,10,418710
6404,0.00231,172.31.36.0-255,66,163877,10,418710
6405,0.002326,74.125.68.0-255,4320,168197,10,418710
6406,0.002329,172.31.36.0-255,66,168263,10,418710
6407,0.00235,74.125.68.0-255,5738,174001,10,418710
6408,0.002353,172.31.36.0-255,66,174067,10,418710
6409,0.002368,74.125.68.0-255,1484,175551,10,418710
6410,0.002383,74.125.68.0-255,4320,179871,10,418710
6411,0.002386,172.31.36.0-255,66,179937,10,418710
6412,0.00239,74.125.68.0-255,2902,182839,10,418710
6413,0.002392,172.31.36.0-255,66,182905,10,418710
6414,0.002406,74.125.68.0-255,1484,184389,10,418710
6415,0.002409,74.125.68.0-255,1484,185873,10,418710
6416,0.002411,172.31.36.0-255,66,185939,10,418710
6417,0.002439,74.125.68.0-255,2902,188841,10,418710
6418,0.002442,172.31.36.0-255,66,188907,10,418710
6419,0.002492,74.125.68.0-255,2902,191809,10,418710
6420,0.002494,172.31.36.0-255,66,191875,10,418710
6421,0.002506,74.125.68.0-255,2902,194777,10,418710
6422,0.002509,172.31.36.0-255,66,194843,10,418710
6423,0.002512,74.125.68.0-255,1484,196327,10,418710
6424,0.002514,74.125.68.0-255,766,197093,10,418710
6425,0.002517,172.31.36.0-255,66,197159,10,418710
6426,0.002697,74.125.68.0-255,1484,198643,10,418710
6427,0.002712,74.125.68.0-255,2902,201545,10,418710
6428,0.002716,172.31.36.0-255,66,201611,10,418710
6429,0.002734,74.125.68.0-255,1484,203095,10,418710
6430,0.002751,74.125.68.0-255,2902,205997,10,418710
6431,0.002753,172.31.36.0-255,66,206063,10,418710
6432,0.002791,74.125.68.0-255,1484,207547,10,418710
6433,0.002805,74.125.68.0-255,1484,209031,10,418710
6434,0.002808,172.31.36.0-255,66,209097,10,418710
6435,0.002811,74.125.68.0-255,1484,210581,10,418710
6436,0.002814,74.125.68.0-255,1484,212065,10,418710
6437,0.002816,172.31.36.0-255,66,212131,10,418710
6438,0.002833,74.125.68.0-255,4320,216451,10,418710
6439,0.002835,172.31.36.0-255,66,216517,10,418710
6440,0.002838,74.125.68.0-255,1484,218001,10,418710
6441,0.002841,74.125.68.0-255,1484,219485,10,418710
6442,0.002842,172.31.36.0-255,66,219551,10,418710
6443,0.002865,74.125.68.0-255,1484,221035,10,418710
6444,0.002868,74.125.68.0-255,1484,222519,10,418710
6445,0.00287,172.31.36.0-255,66,222585,10,418710
6446,0.002891,74.125.68.0-255,1484,224069,10,418710
6447,0.00291,74.125.68.0-255,2902,226971,10,418710
6448,0.002913,172.31.36.0-255,66,227037,10,418710
6449,0.002928,74.125.68.0-255,1484,228521,10,418710
6450,0.002942,74.125.68.0-255,2902,231423,10,418710
6451,0.002945,172.31.36.0-255,66,231489,10,418710
6452,0.002947,74.125.68.0-255,766,232255,10,418710
6453,0.003047,74.125.68.0-255,1484,233739,10,418710
6454,0.00305,172.31.36.0-255,66,233805,10,418710
6455,0.00307,74.125.68.0-255,2902,236707,10,418710
6456,0.003072,172.31.36.0-255,66,236773,10,418710
6457,0.003089,74.125.68.0-255,1484,238257,10,418710
6458,0.003117,74.125.68.0-255,2902,241159,10,418710
6459,0.00312,172.31.36.0-255,66,241225,10,418710
6460,0.003126,74.125.68.0-255,4320,245545,10,418710
6461,0.003129,172.31.36.0-255,66,245611,10,418710
6462,0.003146,74.125.68.0-255,2902,248513,10,418710
6463,0.003148,172.31.36.0-255,66,248579,10,418710
6464,0.003163,74.125.68.0-255,1484,250063,10,418710
6465,0.003176,74.125.68.0-255,2902,252965,10,418710
6466,0.003179,172.31.36.0-255,66,253031,10,418710
6467,0.003196,74.125.68.0-255,1484,254515,10,418710
6468,0.003222,74.125.68.0-255,7156,261671,10,418710
6469,0.003225,172.31.36.0-255,66,261737,10,418710
6470,0.003252,74.125.68.0-255,2902,264639,10,418710
6471,0.003255,172.31.36.0-255,66,264705,10,418710
6472,0.003296,74.125.68.0-255,2184,266889,10,418710
6473,0.0033,172.31.36.0-255,66,266955,10,418710
6474,0.003319,74.125.68.0-255,2902,269857,10,418710
6475,0.003321,172.31.36.0-255,66,269923,10,418710
6476,0.003346,74.125.68.0-255,2902,272825,10,418710
6477,0.003348,172.31.36.0-255,66,272891,10,418710
6478,0.003372,74.125.68.0-255,1484,274375,10,418710
6479,0.003386,74.125.68.0-255,2902,277277,10,418710
6480,0.003388,172.31.36.0-255,66,277343,10,418710
6481,0.003391,74.125.68.0-255,1484,278827,10,418710
6482,0.003406,74.125.68.0-255,2902,281729,10,418710
6483,0.003409,172.31.36.0-255,66,281795,10,418710
6484,0.003412,74.125.68.0-255,1484,283279,10,418710
6485,0.003428,74.125.68.0-255,1484,284763,10,418710
6486,0.00343,172.31.36.0-255,66,284829,10,418710
6487,0.003453,74.125.68.0-255,2902,287731,10,418710
6488,0.003456,172.31.36.0-255,66,287797,10,418710
6489,0.00346,74.125.68.0-255,2902,290699,10,418710
6490,0.003462,172.31.36.0-255,66,290765,10,418710
6491,0.003465,74.125.68.0-255,1484,292249,10,418710
6492,0.003493,74.125.68.0-255,5738,297987,10,418710
6493,0.003496,172.31.36.0-255,66,298053,10,418710
6494,0.003501,74.125.68.0-255,2902,300955,10,418710
6495,0.003502,172.31.36.0-255,66,301021,10,418710
6496,0.003514,74.125.68.0-255,766,301787,10,418710
6497,0.003571,74.125.68.0-255,1484,303271,10,418710
6498,0.003574,172.31.36.0-255,66,303337,10,418710
6499,0.003591,74.125.68.0-255,1484,304821,10,418710
6500,0.003611,74.125.68.0-255,1484,306305,10,418710
6501,0.003613,172.31.36.0-255,66,306371,10,418710
6502,0.003617,74.125.68.0-255,1484,307855,10,418710
6503,0.003651,74.125.68.0-255,4320,312175,10,418710
6504,0.003654,172.31.36.0-255,66,312241,10,418710
6505,0.003671,74.125.68.0-255,2902,315143,10,418710
6506,0.003674,172.31.36.0-255,66,315209,10,418710
6507,0.003688,74.125.68.0-255,2902,318111,10,418710
6508,0.003691,172.31.36.0-255,66,318177,10,418710
6509,0.00371,74.125.68.0-255,5738,323915,10,418710
6510,0.003713,172.31.36.0-255,66,323981,10,418710
6511,0.003716,74.125.68.0-255,1484,325465,10,418710
6512,0.003738,74.125.68.0-255,2902,328367,10,418710
6513,0.003741,172.31.36.0-255,66,328433,10,418710
6514,0.003744,74.125.68.0-255,1484,329917,10,418710
6515,0.003756,74.125.68.0-255,1484,331401,10,418710
6516,0.003759,172.31.36.0-255,66,331467,10,418710
6517,0.003782,74.125.68.0-255,4320,335787,10,418710
6518,0.003785,172.31.36.0-255,66,335853,10,418710
6519,0.003788,74.125.68.0-255,766,336619,10,418710
6520,0.003888,74.125.68.0-255,1484,338103,10,418710
6521,0.003893,172.31.36.0-255,66,338169,10,418710
6522,0.003899,74.125.68.0-255,2902,341071,10,418710
6523,0.003902,172.31.36.0-255,66,341137,10,418710
6524,0.003926,74.125.68.0-255,2902,344039,10,418710
6525,0.003929,172.31.36.0-255,66,344105,10,418710
6526,0.003934,74.125.68.0-255,4320,348425,10,418710
6527,0.003936,172.31.36.0-255,66,348491,10,418710
6528,0.003948,74.125.68.0-255,1484,349975,10,418710
6529,0.003961,74.125.68.0-255,1484,351459,10,418710
6530,0.003963,172.31.36.0-255,66,351525,10,418710
6531,0.003976,74.125.68.0-255,1484,353009,10,418710
6532,0.003992,74.125.68.0-255,5738,358747,10,418710
6533,0.003995,172.31.36.0-255,66,358813,10,418710
6534,0.004008,74.125.68.0-255,1484,360297,10,418710
6535,0.00402,74.125.68.0-255,2902,363199,10,418710
6536,0.004023,172.31.36.0-255,66,363265,10,418710
6537,0.004047,74.125.68.0-255,1484,364749,10,418710
6538,0.00406,74.125.68.0-255,2902,367651,10,418710
6539,0.004062,172.31.36.0-255,66,367717,10,418710
6540,0.004078,74.125.68.0-255,3602,371319,10,418710
6541,0.004082,172.31.36.0-255,66,371385,10,418710
6542,0.004102,74.125.68.0-255,1484,372869,10,418710
6543,0.004117,74.125.68.0-255,2902,375771,10,418710
6544,0.00412,172.31.36.0-255,66,375837,10,418710
6545,0.004155,74.125.68.0-255,2902,378739,10,418710
6546,0.004158,172.31.36.0-255,66,378805,10,418710
6547,0.004162,74.125.68.0-255,1484,380289,10,418710
6548,0.004213,74.125.68.0-255,5738,386027,10,418710
6549,0.004216,172.31.36.0-255,66,386093,10,418710
6550,0.004221,74.125.68.0-255,2902,388995,10,418710
6551,0.004224,172.31.36.0-255,66,389061,10,418710
6552,0.004271,74.125.68.0-255,2902,391963,10,418710
6553,0.004276,172.31.36.0-255,66,392029,10,418710
6554,0.004295,74.125.68.0-255,2902,394931,10,418710
6555,0.004298,172.31.36.0-255,66,394997,10,418710
6556,0.00431,74.125.68.0-255,1484,396481,10,418710
6557,0.004313,74.125.68.0-255,1484,397965,10,418710
6558,0.004315,172.31.36.0-255,66,398031,10,418710
6559,0.004338,74.125.68.0-255,2902,400933,10,418710
6560,0.004341,172.31.36.0-255,66,400999,10,418710
6561,0.004392,74.125.68.0-255,5020,406019,10,418710
6562,0.004395,172.31.36.0-255,66,406085,10,418710
6563,0.005836,74.125.68.0-255,1484,407569,10,418710
6564,0.005861,74.125.68.0-255,2902,410471,10,418710
6565,0.005875,74.125.68.0-255,1484,411955,10,418710
6566,0.005886,74.125.68.0-255,2902,414857,10,418710
6567,0.005926,74.125.68.0-255,3414,418271,10,418710
6568,0.00593,74.125.68.0-255,97,418368,10,418710
6569,0.006054,74.125.68.0-255,105,418473,10,418710
6570,0.008436,172.31.36.0-255,66,418539,10,418710
6571,0.010826,172.31.36.0-255,105,418644,10,418710
6572,0.013109,74.125.68.0-255,66,418710,10,418710
6573,0.0,74.125.68.0-255,146,146,10,118409
6574,3.2e-05,172.31.36.0-255,66,212,10,118409
6575,4e-05,74.125.68.0-255,1484,1696,10,118409
6576,4.5e-05,172.31.36.0-255,66,1762,10,118409
6577,5e-05,74.125.68.0-255,2902,4664,10,118409
6578,5.2e-05,172.31.36.0-255,66,4730,10,118409
6579,0.000108,74.125.68.0-255,5738,10468,10,118409
6580,0.000111,172.31.36.0-255,66,10534,10,118409
6581,0.000219,74.125.68.0-255,1484,12018,10,118409
6582,0.000223,172.31.36.0-255,66,12084,10,118409
6583,0.000251,74.125.68.0-255,2081,14165,10,118409
6584,0.000254,172.31.36.0-255,66,14231,10,118409
6585,0.000308,74.125.68.0-255,5738,19969,10,118409
6586,0.000312,172.31.36.0-255,66,20035,10,118409
6587,0.000414,74.125.68.0-255,2902,22937,10,118409
6588,0.000419,172.31.36.0-255,66,23003,10,118409
6589,0.000469,74.125.68.0-255,7156,30159,10,118409
6590,0.000473,172.31.36.0-255,66,30225,10,118409
6591,0.000491,74.125.68.0-255,6797,37022,10,118409
6592,0.000494,172.31.36.0-255,66,37088,10,118409
6593,0.000763,74.125.68.0-255,5738,42826,10,118409
6594,0.000768,172.31.36.0-255,66,42892,10,118409
6595,0.000804,172.31.36.0-255,66,42958,10,118409
6596,0.001203,74.125.68.0-255,5738,48696,10,118409
6597,0.00121,172.31.36.0-255,66,48762,10,118409
6598,0.001226,74.125.68.0-255,1131,49893,10,118409
6599,0.001228,172.31.36.0-255,66,49959,10,118409
6600,0.001304,74.125.68.0-255,344,50303,10,118409
6601,0.001306,172.31.36.0-255,66,50369,10,118409
6602,0.001346,74.125.68.0-255,2902,53271,10,118409
6603,0.001349,172.31.36.0-255,66,53337,10,118409
6604,0.001392,172.31.36.0-255,66,53403,10,118409
6605,0.001979,74.125.68.0-255,2184,55587,10,118409
6606,0.001983,172.31.36.0-255,66,55653,10,118409
6607,0.002034,74.125.68.0-255,1484,57137,10,118409
6608,0.002055,172.31.36.0-255,66,57203,10,118409
6609,0.002084,172.31.36.0-255,66,57269,10,118409
6610,0.002718,74.125.68.0-255,2902,60171,10,118409
6611,0.003078,74.125.68.0-255,5738,65909,10,118409
6612,0.003631,172.31.36.0-255,66,65975,10,118409
6613,0.003637,172.31.36.0-255,66,66041,10,118409
6614,0.003663,172.31.36.0-255,66,66107,10,118409
6615,0.003685,172.31.36.0-255,66,66173,10,118409
6616,0.006315,74.125.68.0-255,5738,71911,10,118409
6617,0.006321,172.31.36.0-255,66,71977,10,118409
6618,0.008964,74.125.68.0-255,5738,77715,10,118409
6619,0.00897,172.31.36.0-255,66,77781,10,118409
6620,0.011608,74.125.68.0-255,5738,83519,10,118409
6621,0.011617,172.31.36.0-255,66,83585,10,118409
6622,0.014266,74.125.68.0-255,5738,89323,10,118409
6623,0.014277,172.31.36.0-255,66,89389,10,118409
6624,0.016928,74.125.68.0-255,5738,95127,10,118409
6625,0.01694,172.31.36.0-255,66,95193,10,118409
6626,0.019611,74.125.68.0-255,5738,100931,10,118409
6627,0.01963,172.31.36.0-255,66,100997,10,118409
6628,0.022293,74.125.68.0-255,5738,106735,10,118409
6629,0.022311,172.31.36.0-255,66,106801,10,118409
6630,0.02499,74.125.68.0-255,5738,112539,10,118409
6631,0.025009,172.31.36.0-255,66,112605,10,118409
6632,0.027678,74.125.68.0-255,5738,118343,10,118409
6633,0.027695,172.31.36.0-255,66,118409,10,118409
6634,0.0,74.125.24.0-255,153,153,10,176228
6635,2e-05,74.125.24.0-255,1484,1637,10,176228
6636,3.1e-05,172.31.36.0-255,66,1703,10,176228
6637,3.8e-05,74.125.24.0-255,2902,4605,10,176228
6638,4.1e-05,172.31.36.0-255,66,4671,10,176228
6639,4.9e-05,74.125.24.0-255,4320,8991,10,176228
6640,5.3e-05,172.31.36.0-255,66,9057,10,176228
6641,6e-05,74.125.24.0-255,4870,13927,10,176228
6642,6.4e-05,172.31.36.0-255,66,13993,10,176228
6643,6.9e-05,74.125.24.0-255,4320,18313,10,176228
6644,7.2e-05,172.31.36.0-255,66,18379,10,176228
6645,0.000119,74.125.24.0-255,7156,25535,10,176228
6646,0.000123,172.31.36.0-255,66,25601,10,176228
6647,0.00013,74.125.24.0-255,5379,30980,10,176228
6648,0.000133,172.31.36.0-255,66,31046,10,176228
6649,0.000232,74.125.24.0-255,1484,32530,10,176228
6650,0.000238,74.125.24.0-255,2902,35432,10,176228
6651,0.000241,172.31.36.0-255,66,35498,10,176228
6652,0.000269,74.125.24.0-255,5738,41236,10,176228
6653,0.000272,172.31.36.0-255,66,41302,10,176228
6654,0.000278,74.125.24.0-255,4320,45622,10,176228
6655,0.00028,172.31.36.0-255,66,45688,10,176228
6656,0.000302,172.31.36.0-255,66,45754,10,176228
6657,0.00031,74.125.24.0-255,7156,52910,10,176228
6658,0.000312,172.31.36.0-255,66,52976,10,176228
6659,0.000337,74.125.24.0-255,3602,56578,10,176228
6660,0.00034,172.31.36.0-255,66,56644,10,176228
6661,0.000343,74.125.24.0-255,432,57076,10,176228
6662,0.000452,74.125.24.0-255,1484,58560,10,176228
6663,0.000457,172.31.36.0-255,66,58626,10,176228
6664,0.000471,74.125.24.0-255,2902,61528,10,176228
6665,0.000474,172.31.36.0-255,66,61594,10,176228
6666,0.000481,74.125.24.0-255,5738,67332,10,176228
6667,0.000484,172.31.36.0-255,66,67398,10,176228
6668,0.00052,172.31.36.0-255,66,67464,10,176228
6669,0.000558,74.125.24.0-255,5738,73202,10,176228
6670,0.00056,172.31.36.0-255,66,73268,10,176228
6671,0.000579,74.125.24.0-255,2902,76170,10,176228
6672,0.000581,172.31.36.0-255,66,76236,10,176228
6673,0.000698,74.125.24.0-255,2184,78420,10,176228
6674,0.000702,172.31.36.0-255,66,78486,10,176228
6675,0.000708,74.125.24.0-255,2902,81388,10,176228
6676,0.000711,172.31.36.0-255,66,81454,10,176228
6677,0.000717,74.125.24.0-255,5738,87192,10,176228
6678,0.00072,172.31.36.0-255,66,87258,10,176228
6679,0.000748,74.125.24.0-255,1484,88742,10,176228
6680,0.000785,172.31.36.0-255,66,88808,10,176228
6681,0.000788,172.31.36.0-255,66,88874,10,176228
6682,0.000811,172.31.36.0-255,66,88940,10,176228
6683,0.000852,172.31.36.0-255,66,89006,10,176228
6684,0.000863,172.31.36.0-255,66,89072,10,176228
6685,0.000866,74.125.24.0-255,1484,90556,10,176228
6686,0.000871,74.125.24.0-255,2902,93458,10,176228
6687,0.000873,172.31.36.0-255,66,93524,10,176228
6688,0.00088,74.125.24.0-255,5738,99262,10,176228
6689,0.000882,172.31.36.0-255,66,99328,10,176228
6690,0.000886,74.125.24.0-255,2902,102230,10,176228
6691,0.000888,172.31.36.0-255,66,102296,10,176228
6692,0.0009,172.31.36.0-255,66,102362,10,176228
6693,0.000922,74.125.24.0-255,5738,108100,10,176228
6694,0.000924,172.31.36.0-255,66,108166,10,176228
6695,0.000948,74.125.24.0-255,4320,112486,10,176228
6696,0.000951,172.31.36.0-255,66,112552,10,176228
6697,0.000954,74.125.24.0-255,766,113318,10,176228
6698,0.001189,74.125.24.0-255,1484,114802,10,176228
6699,0.001194,172.31.36.0-255,66,114868,10,176228
6700,0.001199,74.125.24.0-255,2902,117770,10,176228
6701,0.001202,172.31.36.0-255,66,117836,10,176228
6702,0.001207,74.125.24.0-255,2902,120738,10,176228
6703,0.001209,172.31.36.0-255,66,120804,10,176228
6704,0.001235,74.125.24.0-255,2902,123706,10,176228
6705,0.001238,172.31.36.0-255,66,123772,10,176228
6706,0.001241,74.125.24.0-255,1484,125256,10,176228
6707,0.001252,172.31.36.0-255,66,125322,10,176228
6708,0.001324,172.31.36.0-255,66,125388,10,176228
6709,0.00134,172.31.36.0-255,66,125454,10,176228
6710,0.001375,172.31.36.0-255,66,125520,10,176228
6711,0.001381,74.125.24.0-255,6438,131958,10,176228
6712,0.001383,172.31.36.0-255,66,132024,10,176228
6713,0.001386,74.125.24.0-255,1484,133508,10,176228
6714,0.001408,74.125.24.0-255,5738,139246,10,176228
6715,0.001411,172.31.36.0-255,66,139312,10,176228
6716,0.001447,172.31.36.0-255,66,139378,10,176228
6717,0.001467,74.125.24.0-255,2902,142280,10,176228
6718,0.00147,172.31.36.0-255,66,142346,10,176228
6719,0.001475,74.125.24.0-255,2902,145248,10,176228
6720,0.001477,172.31.36.0-255,66,145314,10,176228
6721,0.001499,74.125.24.0-255,6438,151752,10,176228
6722,0.001503,172.31.36.0-255,66,151818,10,176228
6723,0.001515,172.31.36.0-255,66,151884,10,176228
6724,0.001545,74.125.24.0-255,4320,156204,10,176228
6725,0.001548,172.31.36.0-255,66,156270,10,176228
6726,0.001567,74.125.24.0-255,5738,162008,10,176228
6727,0.001586,172.31.36.0-255,66,162074,10,176228
6728,0.001632,172.31.36.0-255,66,162140,10,176228
6729,0.001651,172.31.36.0-255,66,162206,10,176228
6730,0.001663,172.31.36.0-255,66,162272,10,176228
6731,0.001679,172.31.36.0-255,66,162338,10,176228
6732,0.001721,172.31.36.0-255,66,162404,10,176228
6733,0.001733,172.31.36.0-255,66,162470,10,176228
6734,0.001839,74.125.24.0-255,1484,163954,10,176228
6735,0.001846,74.125.24.0-255,2902,166856,10,176228
6736,0.001849,172.31.36.0-255,66,166922,10,176228
6737,0.001855,74.125.24.0-255,4320,171242,10,176228
6738,0.001858,172.31.36.0-255,66,171308,10,176228
6739,0.001873,74.125.24.0-255,1484,172792,10,176228
6740,0.001892,74.125.24.0-255,3094,175886,10,176228
6741,0.001895,172.31.36.0-255,66,175952,10,176228
6742,0.001926,74.125.24.0-255,105,176057,10,176228
6743,0.004661,172.31.36.0-255,105,176162,10,176228
6744,0.006631,74.125.24.0-255,66,176228,10,176228
6745,0.0,74.125.24.0-255,152,152,10,155785
6746,1.7e-05,172.31.36.0-255,66,218,10,155785
6747,2.4e-05,74.125.24.0-255,1484,1702,10,155785
6748,2.8e-05,172.31.36.0-255,66,1768,10,155785
6749,3.4e-05,74.125.24.0-255,2902,4670,10,155785
6750,4.6e-05,172.31.36.0-255,66,4736,10,155785
6751,5.4e-05,74.125.24.0-255,5738,10474,10,155785
6752,5.7e-05,172.31.36.0-255,66,10540,10,155785
6753,7.4e-05,74.125.24.0-255,1484,12024,10,155785
6754,8.1e-05,172.31.36.0-255,66,12090,10,155785
6755,8.6e-05,74.125.24.0-255,2074,14164,10,155785
6756,8.8e-05,172.31.36.0-255,66,14230,10,155785
6757,0.000135,74.125.24.0-255,2902,17132,10,155785
6758,0.000138,172.31.36.0-255,66,17198,10,155785
6759,0.000163,74.125.24.0-255,4320,21518,10,155785
6760,0.000165,172.31.36.0-255,66,21584,10,155785
6761,0.000201,172.31.36.0-255,66,21650,10,155785
6762,0.000205,74.125.24.0-255,1125,22775,10,155785
6763,0.000207,172.31.36.0-255,66,22841,10,155785
6764,0.001386,74.125.24.0-255,1484,24325,10,155785
6765,0.001394,172.31.36.0-255,66,24391,10,155785
6766,0.001404,74.125.24.0-255,2902,27293,10,155785
6767,0.001407,172.31.36.0-255,66,27359,10,155785
6768,0.00142,74.125.24.0-255,5738,33097,10,155785
6769,0.001422,172.31.36.0-255,66,33163,10,155785
6770,0.00143,74.125.24.0-255,6797,39960,10,155785
6771,0.001432,172.31.36.0-255,66,40026,10,155785
6772,0.001476,172.31.36.0-255,66,40092,10,155785
6773,0.001481,74.125.24.0-255,2543,42635,10,155785
6774,0.001483,172.31.36.0-255,66,42701,10,155785
6775,0.001521,74.125.24.0-255,645,43346,10,155785
6776,0.00162,74.125.24.0-255,1484,44830,10,155785
6777,0.001623,172.31.36.0-255,66,44896,10,155785
6778,0.001627,74.125.24.0-255,2902,47798,10,155785
6779,0.00163,172.31.36.0-255,66,47864,10,155785
6780,0.001634,74.125.24.0-255,2902,50766,10,155785
6781,0.001641,172.31.36.0-255,66,50832,10,155785
6782,0.001664,74.125.24.0-255,2902,53734,10,155785
6783,0.001671,172.31.36.0-255,66,53800,10,155785
6784,0.001674,74.125.24.0-255,1484,55284,10,155785
6785,0.001701,172.31.36.0-255,66,55350,10,155785
6786,0.001704,74.125.24.0-255,1484,56834,10,155785
6787,0.001754,74.125.24.0-255,5738,62572,10,155785
6788,0.001757,172.31.36.0-255,66,62638,10,155785
6789,0.001796,74.125.24.0-255,2543,65181,10,155785
6790,0.001799,172.31.36.0-255,66,65247,10,155785
6791,0.002301,74.125.24.0-255,1484,66731,10,155785
6792,0.002306,74.125.24.0-255,2902,69633,10,155785
6793,0.002309,172.31.36.0-255,66,69699,10,155785
6794,0.002312,74.125.24.0-255,1484,71183,10,155785
6795,0.002338,74.125.24.0-255,4320,75503,10,155785
6796,0.00234,172.31.36.0-255,66,75569,10,155785
6797,0.002375,172.31.36.0-255,66,75635,10,155785
6798,0.002391,172.31.36.0-255,66,75701,10,155785
6799,0.002427,74.125.24.0-255,4320,80021,10,155785
6800,0.00243,172.31.36.0-255,66,80087,10,155785
6801,0.002457,74.125.24.0-255,766,80853,10,155785
6802,0.002573,74.125.24.0-255,1484,82337,10,155785
6803,0.002575,172.31.36.0-255,66,82403,10,155785
6804,0.00258,74.125.24.0-255,2902,85305,10,155785
6805,0.002582,172.31.36.0-255,66,85371,10,155785
6806,0.00262,74.125.24.0-255,5738,91109,10,155785
6807,0.002623,172.31.36.0-255,66,91175,10,155785
6808,0.002629,74.125.24.0-255,5738,96913,10,155785
6809,0.002631,172.31.36.0-255,66,96979,10,155785
6810,0.002634,74.125.24.0-255,1484,98463,10,155785
6811,0.002673,74.125.24.0-255,5020,103483,10,155785
6812,0.003871,172.31.36.0-255,66,103549,10,155785
6813,0.006521,74.125.24.0-255,5738,109287,10,155785
6814,0.006527,172.31.36.0-255,66,109353,10,155785
6815,0.009178,74.125.24.0-255,5738,115091,10,155785
6816,0.009185,172.31.36.0-255,66,115157,10,155785
6817,0.011851,74.125.24.0-255,5738,120895,10,155785
6818,0.011859,172.31.36.0-255,66,120961,10,155785
6819,0.01452,74.125.24.0-255,5738,126699,10,155785
6820,0.014531,172.31.36.0-255,66,126765,10,155785
6821,0.017197,74.125.24.0-255,5738,132503,10,155785
6822,0.01721,172.31.36.0-255,66,132569,10,155785
6823,0.019863,74.125.24.0-255,5738,138307,10,155785
6824,0.019874,172.31.36.0-255,66,138373,10,155785
6825,0.022506,74.125.24.0-255,5738,144111,10,155785
6826,0.022517,172.31.36.0-255,66,144177,10,155785
6827,0.025177,74.125.24.0-255,5738,149915,10,155785
6828,0.025186,172.31.36.0-255,66,149981,10,155785
6829,0.027866,74.125.24.0-255,5738,155719,10,155785
6830,0.027874,172.31.36.0-255,66,155785,10,155785
6831,0.0,74.125.200.0-255,160,160,10,232835
6832,3.3e-05,172.31.36.0-255,66,226,10,232835
6833,3.8e-05,74.125.200.0-255,1484,1710,10,232835
6834,4.2e-05,172.31.36.0-255,66,1776,10,232835
6835,4.7e-05,74.125.200.0-255,2902,4678,10,232835
6836,5.1e-05,172.31.36.0-255,66,4744,10,232835
6837,5.8e-05,74.125.200.0-255,5738,10482,10,232835
6838,6e-05,172.31.36.0-255,66,10548,10,232835
6839,9e-05,74.125.200.0-255,3462,14010,10,232835
6840,9.2e-05,172.31.36.0-255,66,14076,10,232835
6841,9.6e-05,74.125.200.0-255,2902,16978,10,232835
6842,9.8e-05,172.31.36.0-255,66,17044,10,232835
6843,0.000111,74.125.200.0-255,1484,18528,10,232835
6844,0.000113,172.31.36.0-255,66,18594,10,232835
6845,0.000132,74.125.200.0-255,4320,22914,10,232835
6846,0.000135,172.31.36.0-255,66,22980,10,232835
6847,0.000159,74.125.200.0-255,2902,25882,10,232835
6848,0.000162,172.31.36.0-255,66,25948,10,232835
6849,0.000179,74.125.200.0-255,2902,28850,10,232835
6850,0.000182,172.31.36.0-255,66,28916,10,232835
6851,0.000204,74.125.200.0-255,2543,31459,10,232835
6852,0.000207,172.31.36.0-255,66,31525,10,232835
6853,0.000236,74.125.200.0-255,1484,33009,10,232835
6854,0.000239,172.31.36.0-255,66,33075,10,232835
6855,0.000258,74.125.200.0-255,2902,35977,10,232835
6856,0.000262,172.31.36.0-255,66,36043,10,232835
6857,0.000268,74.125.200.0-255,4320,40363,10,232835
6858,0.000271,172.31.36.0-255,66,40429,10,232835
6859,0.000296,74.125.200.0-255,1484,41913,10,232835
6860,0.000299,172.31.36.0-255,66,41979,10,232835
6861,0.000305,74.125.200.0-255,4320,46299,10,232835
6862,0.000308,172.31.36.0-255,66,46365,10,232835
6863,0.000333,74.125.200.0-255,2543,48908,10,232835
6864,0.000336,172.31.36.0-255,66,48974,10,232835
6865,0.000393,74.125.200.0-255,1484,50458,10,232835
6866,0.000415,74.125.200.0-255,2902,53360,10,232835
6867,0.000429,172.31.36.0-255,66,53426,10,232835
6868,0.000436,74.125.200.0-255,4320,57746,10,232835
6869,0.000439,172.31.36.0-255,66,57812,10,232835
6870,0.000442,74.125.200.0-255,1484,59296,10,232835
6871,0.000462,74.125.200.0-255,4320,63616,10,232835
6872,0.000465,172.31.36.0-255,66,63682,10,232835
6873,0.000485,74.125.200.0-255,1484,65166,10,232835
6874,0.000503,74.125.200.0-255,1704,66870,10,232835
6875,0.000506,172.31.36.0-255,66,66936,10,232835
6876,0.000878,74.125.200.0-255,1484,68420,10,232835
6877,0.000888,74.125.200.0-255,2902,71322,10,232835
6878,0.000892,172.31.36.0-255,66,71388,10,232835
6879,0.00093,74.125.200.0-255,2902,74290,10,232835
6880,0.000934,172.31.36.0-255,66,74356,10,232835
6881,0.00094,74.125.200.0-255,4320,78676,10,232835
6882,0.000942,172.31.36.0-255,66,78742,10,232835
6883,0.000953,172.31.36.0-255,66,78808,10,232835
6884,0.000957,74.125.200.0-255,2902,81710,10,232835
6885,0.000959,172.31.36.0-255,66,81776,10,232835
6886,0.001003,74.125.200.0-255,5738,87514,10,232835
6887,0.001006,172.31.36.0-255,66,87580,10,232835
6888,0.00103,74.125.200.0-255,5020,92600,10,232835
6889,0.001032,172.31.36.0-255,66,92666,10,232835
6890,0.001449,74.125.200.0-255,1484,94150,10,232835
6891,0.001458,74.125.200.0-255,2902,97052,10,232835
6892,0.001463,172.31.36.0-255,66,97118,10,232835
6893,0.00147,74.125.200.0-255,5738,102856,10,232835
6894,0.001472,172.31.36.0-255,66,102922,10,232835
6895,0.001505,74.125.200.0-255,7156,110078,10,232835
6896,0.001508,172.31.36.0-255,66,110144,10,232835
6897,0.001528,74.125.200.0-255,5738,115882,10,232835
6898,0.001531,172.31.36.0-255,66,115948,10,232835
6899,0.001563,74.125.200.0-255,4320,120268,10,232835
6900,0.001566,172.31.36.0-255,66,120334,10,232835
6901,0.001588,74.125.200.0-255,6438,126772,10,232835
6902,0.001591,172.31.36.0-255,66,126838,10,232835
6903,0.00224,74.125.200.0-255,1484,128322,10,232835
6904,0.002248,74.125.200.0-255,2902,131224,10,232835
6905,0.002252,172.31.36.0-255,66,131290,10,232835
6906,0.002256,74.125.200.0-255,1484,132774,10,232835
6907,0.002272,74.125.200.0-255,2902,135676,10,232835
6908,0.002275,172.31.36.0-255,66,135742,10,232835
6909,0.00228,74.125.200.0-255,4320,140062,10,232835
6910,0.002282,172.31.36.0-255,66,140128,10,232835
6911,0.002294,74.125.200.0-255,1484,141612,10,232835
6912,0.002315,74.125.200.0-255,4320,145932,10,232835
6913,0.002317,172.31.36.0-255,66,145998,10,232835
6914,0.002345,172.31.36.0-255,66,146064,10,232835
6915,0.00236,74.125.200.0-255,2902,148966,10,232835
6916,0.002362,172.31.36.0-255,66,149032,10,232835
6917,0.002385,74.125.200.0-255,3602,152634,10,232835
6918,0.002388,172.31.36.0-255,66,152700,10,232835
6919,0.002463,74.125.200.0-255,1484,154184,10,232835
6920,0.002481,74.125.200.0-255,2902,157086,10,232835
6921,0.002484,172.31.36.0-255,66,157152,10,232835
6922,0.002492,74.125.200.0-255,5738,162890,10,232835
6923,0.002494,172.31.36.0-255,66,162956,10,232835
6924,0.002519,74.125.200.0-255,4320,167276,10,232835
6925,0.002521,172.31.36.0-255,66,167342,10,232835
6926,0.002542,74.125.200.0-255,2902,170244,10,232835
6927,0.002546,172.31.36.0-255,66,170310,10,232835
6928,0.005,74.125.200.0-255,2902,173212,10,232835
6929,0.005009,172.31.36.0-255,66,173278,10,232835
6930,0.005026,74.125.200.0-255,2902,176180,10,232835
6931,0.005028,172.31.36.0-255,66,176246,10,232835
6932,0.007505,74.125.200.0-255,5738,181984,10,232835
6933,0.007515,172.31.36.0-255,66,182050,10,232835
6934,0.010023,74.125.200.0-255,5738,187788,10,232835
6935,0.010034,172.31.36.0-255,66,187854,10,232835
6936,0.012549,74.125.200.0-255,5738,193592,10,232835
6937,0.012564,172.31.36.0-255,66,193658,10,232835
6938,0.015065,74.125.200.0-255,5738,199396,10,232835
6939,0.01508,172.31.36.0-255,66,199462,10,232835
6940,0.017586,74.125.200.0-255,5738,205200,10,232835
6941,0.017605,172.31.36.0-255,66,205266,10,232835
6942,0.020109,74.125.200.0-255,5738,211004,10,232835
6943,0.020125,172.31.36.0-255,66,211070,10,232835
6944,0.022618,74.125.200.0-255,5738,216808,10,232835
6945,0.022632,172.31.36.0-255,66,216874,10,232835
6946,0.025134,74.125.200.0-255,5738,222612,10,232835
6947,0.025143,172.31.36.0-255,66,222678,10,232835
6948,0.027493,172.31.36.0-255,172,222850,10,232835
6949,0.027527,172.31.36.0-255,1108,223958,10,232835
6950,0.027585,172.31.36.0-255,1514,225472,10,232835
6951,0.027587,172.31.36.0-255,1295,226767,10,232835
6952,0.027622,74.125.200.0-255,4320,231087,10,232835
6953,0.027628,172.31.36.0-255,66,231153,10,232835
6954,0.027645,74.125.200.0-255,1484,232637,10,232835
6955,0.029017,104.244.42.0-255,66,232703,10,232835
6956,0.029074,104.244.42.0-255,66,232769,10,232835
6957,0.029186,104.244.42.0-255,66,232835,10,232835
6958,0.0,172.217.194.0-255,226,226,10,187705
6959,3e-05,172.217.194.0-255,1484,1710,10,187705
6960,4.1e-05,172.31.36.0-255,66,1776,10,187705
6961,5.1e-05,172.217.194.0-255,4320,6096,10,187705
6962,8.7e-05,172.217.194.0-255,2902,8998,10,187705
6963,8.7e-05,172.31.36.0-255,66,9064,10,187705
6964,9.6e-05,172.31.36.0-255,66,9130,10,187705
6965,0.000119,172.217.194.0-255,4320,13450,10,187705
6966,0.000152,172.217.194.0-255,5738,19188,10,187705
6967,0.000168,172.217.194.0-255,2543,21731,10,187705
6968,0.000293,172.31.36.0-255,66,21797,10,187705
6969,0.000403,172.217.194.0-255,1484,23281,10,187705
6970,0.000409,172.217.194.0-255,2902,26183,10,187705
6971,0.000422,172.31.36.0-255,66,26249,10,187705
6972,0.000428,172.217.194.0-255,5738,31987,10,187705
6973,0.000442,172.31.36.0-255,66,32053,10,187705
6974,0.000459,172.31.36.0-255,66,32119,10,187705
6975,0.000504,172.217.194.0-255,5738,37857,10,187705
6976,0.000514,172.31.36.0-255,66,37923,10,187705
6977,0.000523,172.217.194.0-255,6749,44672,10,187705
6978,0.00053,172.31.36.0-255,66,44738,10,187705
6979,0.000612,172.217.194.0-255,99,44837,10,187705
6980,0.000744,172.217.194.0-255,1484,46321,10,187705
6981,0.000748,172.31.36.0-255,66,46387,10,187705
6982,0.000767,172.217.194.0-255,2902,49289,10,187705
6983,0.000771,172.217.194.0-255,1484,50773,10,187705
6984,0.000775,172.31.36.0-255,66,50839,10,187705
6985,0.000801,172.217.194.0-255,4320,55159,10,187705
6986,0.000809,172.217.194.0-255,7156,62315,10,187705
6987,0.000815,172.31.36.0-255,66,62381,10,187705
6988,0.000839,172.217.194.0-255,1484,63865,10,187705
6989,0.000854,172.31.36.0-255,66,63931,10,187705
6990,0.000855,172.217.194.0-255,5020,68951,10,187705
6991,0.000858,172.31.36.0-255,66,69017,10,187705
6992,0.001061,172.217.194.0-255,1484,70501,10,187705
6993,0.001087,172.217.194.0-255,2902,73403,10,187705
6994,0.001091,172.31.36.0-255,66,73469,10,187705
6995,0.001098,172.217.194.0-255,5738,79207,10,187705
6996,0.001109,172.31.36.0-255,66,79273,10,187705
6997,0.001121,172.217.194.0-255,7156,86429,10,187705
6998,0.001131,172.217.194.0-255,2902,89331,10,187705
6999,0.001134,172.31.36.0-255,66,89397,10,187705
7000,0.001173,172.217.194.0-255,2184,91581,10,187705
7001,0.001176,172.217.194.0-255,2902,94483,10,187705
7002,0.001177,172.31.36.0-255,66,94549,10,187705
7003,0.001182,172.31.36.0-255,66,94615,10,187705
7004,0.001205,172.217.194.0-255,7156,101771,10,187705
7005,0.001209,172.31.36.0-255,66,101837,10,187705
7006,0.001216,172.217.194.0-255,5738,107575,10,187705
7007,0.001237,172.31.36.0-255,66,107641,10,187705
7008,0.001245,172.217.194.0-255,5738,113379,10,187705
7009,0.001252,172.31.36.0-255,66,113445,10,187705
7010,0.001298,172.217.194.0-255,5738,119183,10,187705
7011,0.001298,172.31.36.0-255,66,119249,10,187705
7012,0.001315,172.31.36.0-255,66,119315,10,187705
7013,0.001325,172.217.194.0-255,4320,123635,10,187705
7014,0.001329,172.31.36.0-255,66,123701,10,187705
7015,0.001387,172.31.36.0-255,66,123767,10,187705
7016,0.001414,172.217.194.0-255,2902,126669,10,187705
7017,0.001419,172.31.36.0-255,66,126735,10,187705
7018,0.001438,172.217.194.0-255,6438,133173,10,187705
7019,0.001434,172.31.36.0-255,66,133239,10,187705
7020,0.001448,172.31.36.0-255,66,133305,10,187705
7021,0.001532,172.217.194.0-255,1484,134789,10,187705
7022,0.001537,172.217.194.0-255,1484,136273,10,187705
7023,0.001541,172.31.36.0-255,66,136339,10,187705
7024,0.00157,172.217.194.0-255,1484,137823,10,187705
7025,0.001577,172.217.194.0-255,5738,143561,10,187705
7026,0.001581,172.31.36.0-255,66,143627,10,187705
7027,0.001586,172.217.194.0-255,4320,147947,10,187705
7028,0.001609,172.217.194.0-255,5738,153685,10,187705
7029,0.001609,172.31.36.0-255,66,153751,10,187705
7030,0.001622,172.217.194.0-255,2184,155935,10,187705
7031,0.001627,172.31.36.0-255,66,156001,10,187705
7032,0.001739,172.217.194.0-255,1484,157485,10,187705
7033,0.001744,172.217.194.0-255,2902,160387,10,187705
7034,0.001759,172.31.36.0-255,66,160453,10,187705
7035,0.001763,172.217.194.0-255,5738,166191,10,187705
7036,0.001775,172.31.36.0-255,66,166257,10,187705
7037,0.001803,172.31.36.0-255,66,166323,10,187705
7038,0.00184,172.217.194.0-255,5738,172061,10,187705
7039,0.001862,172.31.36.0-255,66,172127,10,187705
7040,0.001876,172.31.36.0-255,66,172193,10,187705
7041,0.001883,172.31.36.0-255,66,172259,10,187705
7042,0.001911,172.31.36.0-255,66,172325,10,187705
7043,0.001915,172.31.36.0-255,66,172391,10,187705
7044,0.001947,172.217.194.0-255,2902,175293,10,187705
7045,0.001952,172.31.36.0-255,66,175359,10,187705
7046,0.002005,172.31.36.0-255,66,175425,10,187705
7047,0.002273,172.217.194.0-255,1484,176909,10,187705
7048,0.002279,172.217.194.0-255,2902,179811,10,187705
7049,0.002283,172.31.36.0-255,66,179877,10,187705
7050,0.002289,172.217.194.0-255,4320,184197,10,187705
7051,0.002298,172.31.36.0-255,66,184263,10,187705
7052,0.00231,172.217.194.0-255,1484,185747,10,187705
7053,0.002336,172.31.36.0-255,66,185813,10,187705
7054,0.002378,172.31.36.0-255,66,185879,10,187705
7055,0.002385,172.217.194.0-255,1484,187363,10,187705
7056,0.002422,172.31.36.0-255,66,187429,10,187705
7057,0.002427,172.217.194.0-255,105,187534,10,187705
7058,0.01006,172.31.36.0-255,105,187639,10,187705
7059,0.012378,172.217.194.0-255,66,187705,10,187705
7060,0.0,172.217.194.0-255,153,153,10,229423
7061,2.3e-05,172.31.36.0-255,66,219,10,229423
7062,3e-05,172.217.194.0-255,1484,1703,10,229423
7063,3.5e-05,172.31.36.0-255,66,1769,10,229423
7064,4.1e-05,172.217.194.0-255,2902,4671,10,229423
7065,4.5e-05,172.31.36.0-255,66,4737,10,229423
7066,5.3e-05,172.217.194.0-255,7156,11893,10,229423
7067,5.7e-05,172.31.36.0-255,66,11959,10,229423
7068,7.3e-05,172.31.36.0-255,66,12025,10,229423
7069,0.000116,172.217.194.0-255,5379,17404,10,229423
7070,0.000119,172.31.36.0-255,66,17470,10,229423
7071,0.000123,172.217.194.0-255,1484,18954,10,229423
7072,0.000126,172.31.36.0-255,66,19020,10,229423
7073,0.000148,172.217.194.0-255,4320,23340,10,229423
7074,0.00015,172.31.36.0-255,66,23406,10,229423
7075,0.000156,172.217.194.0-255,4320,27726,10,229423
7076,0.000159,172.31.36.0-255,66,27792,10,229423
7077,0.000203,172.217.194.0-255,6797,34589,10,229423
7078,0.000206,172.31.36.0-255,66,34655,10,229423
7079,0.000891,172.217.194.0-255,1484,36139,10,229423
7080,0.000897,172.31.36.0-255,66,36205,10,229423
7081,0.000907,172.217.194.0-255,2902,39107,10,229423
7082,0.000909,172.31.36.0-255,66,39173,10,229423
7083,0.000916,172.217.194.0-255,4320,43493,10,229423
7084,0.000919,172.31.36.0-255,66,43559,10,229423
7085,0.000934,172.217.194.0-255,1484,45043,10,229423
7086,0.000937,172.31.36.0-255,66,45109,10,229423
7087,0.000945,172.217.194.0-255,5738,50847,10,229423
7088,0.000946,172.31.36.0-255,66,50913,10,229423
7089,0.000979,172.31.36.0-255,66,50979,10,229423
7090,0.000989,172.31.36.0-255,66,51045,10,229423
7091,0.001036,172.31.36.0-255,66,51111,10,229423
7092,0.001068,172.31.36.0-255,66,51177,10,229423
7093,0.001173,172.217.194.0-255,1484,52661,10,229423
7094,0.001179,172.217.194.0-255,1484,54145,10,229423
7095,0.001182,172.31.36.0-255,66,54211,10,229423
7096,0.001204,172.217.194.0-255,1484,55695,10,229423
7097,0.001212,172.217.194.0-255,5738,61433,10,229423
7098,0.001215,172.31.36.0-255,66,61499,10,229423
7099,0.001221,172.217.194.0-255,5738,67237,10,229423
7100,0.001224,172.31.36.0-255,66,67303,10,229423
7101,0.00125,172.217.194.0-255,1010,68313,10,229423
7102,0.001255,172.217.194.0-255,1484,69797,10,229423
7103,0.001257,172.31.36.0-255,66,69863,10,229423
7104,0.001283,172.217.194.0-255,4320,74183,10,229423
7105,0.001286,172.31.36.0-255,66,74249,10,229423
7106,0.001291,172.217.194.0-255,2902,77151,10,229423
7107,0.001293,172.31.36.0-255,66,77217,10,229423
7108,0.001313,172.217.194.0-255,7156,84373,10,229423
7109,0.001316,172.31.36.0-255,66,84439,10,229423
7110,0.001327,172.31.36.0-255,66,84505,10,229423
7111,0.001373,172.31.36.0-255,66,84571,10,229423
7112,0.001419,172.217.194.0-255,1484,86055,10,229423
7113,0.001435,172.217.194.0-255,2902,88957,10,229423
7114,0.001438,172.31.36.0-255,66,89023,10,229423
7115,0.001444,172.217.194.0-255,4320,93343,10,229423
7116,0.001446,172.31.36.0-255,66,93409,10,229423
7117,0.00146,172.217.194.0-255,1484,94893,10,229423
7118,0.001464,172.217.194.0-255,2902,97795,10,229423
7119,0.001467,172.31.36.0-255,66,97861,10,229423
7120,0.001492,172.217.194.0-255,7156,105017,10,229423
7121,0.001496,172.31.36.0-255,66,105083,10,229423
7122,0.001522,172.217.194.0-255,4320,109403,10,229423
7123,0.001525,172.31.36.0-255,66,109469,10,229423
7124,0.001545,172.31.36.0-255,66,109535,10,229423
7125,0.001623,172.217.194.0-255,1484,111019,10,229423
7126,0.001629,172.217.194.0-255,2902,113921,10,229423
7127,0.001631,172.31.36.0-255,66,113987,10,229423
7128,0.001635,172.217.194.0-255,1484,115471,10,229423
7129,0.001655,172.217.194.0-255,4320,119791,10,229423
7130,0.001657,172.31.36.0-255,66,119857,10,229423
7131,0.001664,172.217.194.0-255,5738,125595,10,229423
7132,0.001666,172.31.36.0-255,66,125661,10,229423
7133,0.00169,172.217.194.0-255,1484,127145,10,229423
7134,0.001735,172.31.36.0-255,66,127211,10,229423
7135,0.001755,172.217.194.0-255,4320,131531,10,229423
7136,0.001758,172.31.36.0-255,66,131597,10,229423
7137,0.001761,172.217.194.0-255,2184,133781,10,229423
7138,0.001763,172.31.36.0-255,66,133847,10,229423
7139,0.001868,172.217.194.0-255,1484,135331,10,229423
7140,0.001873,172.217.194.0-255,1484,136815,10,229423
7141,0.001877,172.31.36.0-255,66,136881,10,229423
7142,0.001896,172.217.194.0-255,1484,138365,10,229423
7143,0.001903,172.217.194.0-255,5738,144103,10,229423
7144,0.001907,172.31.36.0-255,66,144169,10,229423
7145,0.001913,172.217.194.0-255,5738,149907,10,229423
7146,0.001916,172.31.36.0-255,66,149973,10,229423
7147,0.00194,172.217.194.0-255,7156,157129,10,229423
7148,0.001943,172.31.36.0-255,66,157195,10,229423
7149,0.001954,172.31.36.0-255,66,157261,10,229423
7150,0.001977,172.217.194.0-255,2184,159445,10,229423
7151,0.00198,172.31.36.0-255,66,159511,10,229423
7152,0.004238,172.217.194.0-255,5738,165249,10,229423
7153,0.004245,172.31.36.0-255,66,165315,10,229423
7154,0.006495,172.217.194.0-255,5738,171053,10,229423
7155,0.006503,172.31.36.0-255,66,171119,10,229423
7156,0.008795,172.217.194.0-255,5738,176857,10,229423
7157,0.008802,172.31.36.0-255,66,176923,10,229423
7158,0.011084,172.217.194.0-255,5738,182661,10,229423
7159,0.011092,172.31.36.0-255,66,182727,10,229423
7160,0.013369,172.217.194.0-255,5738,188465,10,229423
7161,0.013381,172.31.36.0-255,66,188531,10,229423
7162,0.015666,172.217.194.0-255,5738,194269,10,229423
7163,0.015674,172.31.36.0-255,66,194335,10,229423
7164,0.017947,172.217.194.0-255,5738,200073,10,229423
7165,0.017953,172.31.36.0-255,66,200139,10,229423
7166,0.020235,172.217.194.0-255,5738,205877,10,229423
7167,0.020243,172.31.36.0-255,66,205943,10,229423
7168,0.022534,172.217.194.0-255,5738,211681,10,229423
7169,0.022544,172.31.36.0-255,66,211747,10,229423
7170,0.02481,172.217.194.0-255,5738,217485,10,229423
7171,0.024818,172.31.36.0-255,66,217551,10,229423
7172,0.02713,172.217.194.0-255,2902,220453,10,229423
7173,0.027138,172.31.36.0-255,66,220519,10,229423
7174,0.027161,172.217.194.0-255,2902,223421,10,229423
7175,0.027164,172.31.36.0-255,66,223487,10,229423
7176,0.029433,172.217.194.0-255,2902,226389,10,229423
7177,0.02944,172.31.36.0-255,66,226455,10,229423
7178,0.029462,172.217.194.0-255,2902,229357,10,229423
7179,0.029465,172.31.36.0-255,66,229423,10,229423
7180,0.0,172.217.27.0-255,146,146,10,169382
7181,3.2e-05,172.31.36.0-255,66,212,10,169382
7182,4e-05,172.217.27.0-255,1484,1696,10,169382
7183,4.5e-05,172.31.36.0-255,66,1762,10,169382
7184,4.8e-05,172.217.27.0-255,1484,3246,10,169382
7185,5e-05,172.31.36.0-255,66,3312,10,169382
7186,5.5e-05,172.217.27.0-255,2902,6214,10,169382
7187,5.8e-05,172.31.36.0-255,66,6280,10,169382
7188,6.4e-05,172.217.27.0-255,5738,12018,10,169382
7189,6.7e-05,172.31.36.0-255,66,12084,10,169382
7190,7.1e-05,172.217.27.0-255,2902,14986,10,169382
7191,7.4e-05,172.31.36.0-255,66,15052,10,169382
7192,0.000117,172.31.36.0-255,66,15118,10,169382
7193,0.000123,172.217.27.0-255,5379,20497,10,169382
7194,0.000126,172.31.36.0-255,66,20563,10,169382
7195,0.000185,172.217.27.0-255,1484,22047,10,169382
7196,0.000188,172.31.36.0-255,66,22113,10,169382
7197,0.000192,172.217.27.0-255,1484,23597,10,169382
7198,0.000193,172.31.36.0-255,66,23663,10,169382
7199,0.000211,172.217.27.0-255,1484,25147,10,169382
7200,0.000214,172.31.36.0-255,66,25213,10,169382
7201,0.000221,172.217.27.0-255,5738,30951,10,169382
7202,0.000223,172.31.36.0-255,66,31017,10,169382
7203,0.000248,172.31.36.0-255,66,31083,10,169382
7204,0.000277,172.217.27.0-255,2543,33626,10,169382
7205,0.000279,172.31.36.0-255,66,33692,10,169382
7206,0.000293,172.31.36.0-255,66,33758,10,169382
7207,0.000295,172.217.27.0-255,1395,35153,10,169382
7208,0.000297,172.31.36.0-255,66,35219,10,169382
7209,0.00078,172.217.27.0-255,136,35355,10,169382
7210,0.000789,172.31.36.0-255,66,35421,10,169382
7211,0.000989,172.217.27.0-255,1484,36905,10,169382
7212,0.000999,172.217.27.0-255,2902,39807,10,169382
7213,0.001005,172.217.27.0-255,5738,45545,10,169382
7214,0.001036,172.217.27.0-255,4320,49865,10,169382
7215,0.001368,172.217.27.0-255,1484,51349,10,169382
7216,0.001375,172.217.27.0-255,2902,54251,10,169382
7217,0.001398,172.217.27.0-255,5738,59989,10,169382
7218,0.001402,172.217.27.0-255,2902,62891,10,169382
7219,0.00142,172.217.27.0-255,5738,68629,10,169382
7220,0.001429,172.217.27.0-255,7156,75785,10,169382
7221,0.001442,172.217.27.0-255,2902,78687,10,169382
7222,0.001454,172.217.27.0-255,2902,81589,10,169382
7223,0.001465,172.217.27.0-255,2184,83773,10,169382
7224,0.006546,172.31.36.0-255,66,83839,10,169382
7225,0.008201,172.217.27.0-255,5738,89577,10,169382
7226,0.008208,172.31.36.0-255,66,89643,10,169382
7227,0.009854,172.217.27.0-255,5738,95381,10,169382
7228,0.009862,172.31.36.0-255,66,95447,10,169382
7229,0.011512,172.217.27.0-255,5738,101185,10,169382
7230,0.011518,172.31.36.0-255,66,101251,10,169382
7231,0.013164,172.217.27.0-255,5738,106989,10,169382
7232,0.013172,172.31.36.0-255,66,107055,10,169382
7233,0.014826,172.217.27.0-255,5738,112793,10,169382
7234,0.014836,172.31.36.0-255,66,112859,10,169382
7235,0.016486,172.217.27.0-255,5738,118597,10,169382
7236,0.016493,172.31.36.0-255,66,118663,10,169382
7237,0.018137,172.217.27.0-255,5738,124401,10,169382
7238,0.018143,172.31.36.0-255,66,124467,10,169382
7239,0.01979,172.217.27.0-255,5738,130205,10,169382
7240,0.019799,172.31.36.0-255,66,130271,10,169382
7241,0.02145,172.217.27.0-255,5738,136009,10,169382
7242,0.021457,172.31.36.0-255,66,136075,10,169382
7243,0.023096,172.217.27.0-255,5738,141813,10,169382
7244,0.023103,172.31.36.0-255,66,141879,10,169382
7245,0.024744,172.217.27.0-255,5738,147617,10,169382
7246,0.024751,172.31.36.0-255,66,147683,10,169382
7247,0.026392,172.217.27.0-255,5738,153421,10,169382
7248,0.026398,172.31.36.0-255,66,153487,10,169382
7249,0.027292,172.31.36.0-255,172,153659,10,169382
7250,0.027322,172.31.36.0-255,1108,154767,10,169382
7251,0.02736,172.31.36.0-255,1514,156281,10,169382
7252,0.027361,172.31.36.0-255,1295,157576,10,169382
7253,0.028044,172.217.27.0-255,5738,163314,10,169382
7254,0.02805,172.31.36.0-255,66,163380,10,169382
7255,0.028824,104.244.42.0-255,66,163446,10,169382
7256,0.028851,104.244.42.0-255,66,163512,10,169382
7257,0.028921,104.244.42.0-255,66,163578,10,169382
7258,0.029713,172.217.27.0-255,5738,169316,10,169382
7259,0.029718,172.31.36.0-255,66,169382,10,169382
7260,0.0,74.125.24.0-255,153,153,10,218604
7261,3.5e-05,172.31.36.0-255,66,219,10,218604
7262,4.2e-05,74.125.24.0-255,1484,1703,10,218604
7263,4.6e-05,172.31.36.0-255,66,1769,10,218604
7264,5.2e-05,74.125.24.0-255,2902,4671,10,218604
7265,5.5e-05,172.31.36.0-255,66,4737,10,218604
7266,6.1e-05,74.125.24.0-255,4320,9057,10,218604
7267,6.4e-05,172.31.36.0-255,66,9123,10,218604
7268,9.4e-05,74.125.24.0-255,2902,12025,10,218604
7269,9.6e-05,172.31.36.0-255,66,12091,10,218604
7270,0.000117,74.125.24.0-255,2038,14129,10,218604
7271,0.000119,172.31.36.0-255,66,14195,10,218604
7272,0.000134,74.125.24.0-255,4320,18515,10,218604
7273,0.000137,172.31.36.0-255,66,18581,10,218604
7274,0.00016,74.125.24.0-255,1484,20065,10,218604
7275,0.000162,172.31.36.0-255,66,20131,10,218604
7276,0.000171,74.125.24.0-255,7156,27287,10,218604
7277,0.000173,172.31.36.0-255,66,27353,10,218604
7278,0.0002,74.125.24.0-255,1484,28837,10,218604
7279,0.000204,172.31.36.0-255,66,28903,10,218604
7280,0.000243,172.31.36.0-255,66,28969,10,218604
7281,0.000266,74.125.24.0-255,3961,32930,10,218604
7282,0.00027,172.31.36.0-255,66,32996,10,218604
7283,0.000281,172.31.36.0-255,66,33062,10,218604
7284,0.000293,172.31.36.0-255,66,33128,10,218604
7285,0.000316,74.125.24.0-255,2875,36003,10,218604
7286,0.000319,172.31.36.0-255,66,36069,10,218604
7287,0.00039,74.125.24.0-255,110,36179,10,218604
7288,0.000394,172.31.36.0-255,66,36245,10,218604
7289,0.000397,74.125.24.0-255,332,36577,10,218604
7290,0.000708,74.125.24.0-255,1484,38061,10,218604
7291,0.000713,172.31.36.0-255,66,38127,10,218604
7292,0.000719,74.125.24.0-255,2902,41029,10,218604
7293,0.000721,172.31.36.0-255,66,41095,10,218604
7294,0.000727,74.125.24.0-255,5738,46833,10,218604
7295,0.000729,172.31.36.0-255,66,46899,10,218604
7296,0.000771,172.31.36.0-255,66,46965,10,218604
7297,0.000783,74.125.24.0-255,1484,48449,10,218604
7298,0.000786,74.125.24.0-255,1484,49933,10,218604
7299,0.000788,172.31.36.0-255,66,49999,10,218604
7300,0.000804,74.125.24.0-255,2902,52901,10,218604
7301,0.000807,172.31.36.0-255,66,52967,10,218604
7302,0.000825,74.125.24.0-255,6438,59405,10,218604
7303,0.000828,172.31.36.0-255,66,59471,10,218604
7304,0.001448,74.125.24.0-255,1484,60955,10,218604
7305,0.001459,74.125.24.0-255,2902,63857,10,218604
7306,0.001463,172.31.36.0-255,66,63923,10,218604
7307,0.001471,74.125.24.0-255,5738,69661,10,218604
7308,0.001473,172.31.36.0-255,66,69727,10,218604
7309,0.001512,172.31.36.0-255,66,69793,10,218604
7310,0.001517,74.125.24.0-255,4320,74113,10,218604
7311,0.001519,172.31.36.0-255,66,74179,10,218604
7312,0.001536,74.125.24.0-255,6438,80617,10,218604
7313,0.001539,172.31.36.0-255,66,80683,10,218604
7314,0.001733,74.125.24.0-255,1484,82167,10,218604
7315,0.00174,74.125.24.0-255,2902,85069,10,218604
7316,0.001746,172.31.36.0-255,66,85135,10,218604
7317,0.001754,74.125.24.0-255,5738,90873,10,218604
7318,0.001756,172.31.36.0-255,66,90939,10,218604
7319,0.001761,74.125.24.0-255,4320,95259,10,218604
7320,0.001763,172.31.36.0-255,66,95325,10,218604
7321,0.001785,74.125.24.0-255,4320,99645,10,218604
7322,0.001788,172.31.36.0-255,66,99711,10,218604
7323,0.001816,74.125.24.0-255,4320,104031,10,218604
7324,0.001819,172.31.36.0-255,66,104097,10,218604
7325,0.001849,172.31.36.0-255,66,104163,10,218604
7326,0.001948,74.125.24.0-255,1484,105647,10,218604
7327,0.001953,74.125.24.0-255,2902,108549,10,218604
7328,0.001955,172.31.36.0-255,66,108615,10,218604
7329,0.001979,74.125.24.0-255,5738,114353,10,218604
7330,0.001981,172.31.36.0-255,66,114419,10,218604
7331,0.002021,172.31.36.0-255,66,114485,10,218604
7332,0.002034,172.31.36.0-255,66,114551,10,218604
7333,0.002049,74.125.24.0-255,1484,116035,10,218604
7334,0.00208,172.31.36.0-255,66,116101,10,218604
7335,0.002091,172.31.36.0-255,66,116167,10,218604
7336,0.002154,172.31.36.0-255,66,116233,10,218604
7337,0.002177,74.125.24.0-255,1484,117717,10,218604
7338,0.002189,74.125.24.0-255,2902,120619,10,218604
7339,0.002191,172.31.36.0-255,66,120685,10,218604
7340,0.002206,74.125.24.0-255,1484,122169,10,218604
7341,0.002224,74.125.24.0-255,4320,126489,10,218604
7342,0.002227,172.31.36.0-255,66,126555,10,218604
7343,0.002243,172.31.36.0-255,66,126621,10,218604
7344,0.002262,74.125.24.0-255,1484,128105,10,218604
7345,0.002277,74.125.24.0-255,4320,132425,10,218604
7346,0.002279,172.31.36.0-255,66,132491,10,218604
7347,0.002298,74.125.24.0-255,6438,138929,10,218604
7348,0.002301,172.31.36.0-255,66,138995,10,218604
7349,0.002334,74.125.24.0-255,1484,140479,10,218604
7350,0.002338,74.125.24.0-255,2902,143381,10,218604
7351,0.00234,172.31.36.0-255,66,143447,10,218604
7352,0.002345,74.125.24.0-255,2902,146349,10,218604
7353,0.002347,172.31.36.0-255,66,146415,10,218604
7354,0.00236,74.125.24.0-255,2902,149317,10,218604
7355,0.002362,172.31.36.0-255,66,149383,10,218604
7356,0.002365,74.125.24.0-255,1484,150867,10,218604
7357,0.002399,172.31.36.0-255,66,150933,10,218604
7358,0.00241,172.31.36.0-255,66,150999,10,218604
7359,0.002412,74.125.24.0-255,766,151765,10,218604
7360,0.003447,172.31.36.0-255,66,151831,10,218604
7361,0.004772,74.125.24.0-255,4320,156151,10,218604
7362,0.004776,172.31.36.0-255,66,156217,10,218604
7363,0.005819,74.125.24.0-255,1484,157701,10,218604
7364,0.007174,74.125.24.0-255,4320,162021,10,218604
7365,0.007181,172.31.36.0-255,66,162087,10,218604
7366,0.009566,74.125.24.0-255,5738,167825,10,218604
7367,0.009572,172.31.36.0-255,66,167891,10,218604
7368,0.011931,74.125.24.0-255,5738,173629,10,218604
7369,0.011938,172.31.36.0-255,66,173695,10,218604
7370,0.014322,74.125.24.0-255,5738,179433,10,218604
7371,0.01433,172.31.36.0-255,66,179499,10,218604
7372,0.016706,74.125.24.0-255,5738,185237,10,218604
7373,0.016716,172.31.36.0-255,66,185303,10,218604
7374,0.019092,74.125.24.0-255,5738,191041,10,218604
7375,0.019106,172.31.36.0-255,66,191107,10,218604
7376,0.021463,74.125.24.0-255,5738,196845,10,218604
7377,0.021471,172.31.36.0-255,66,196911,10,218604
7378,0.022424,172.31.36.0-255,166,197077,10,218604
7379,0.022453,172.31.36.0-255,1136,198213,10,218604
7380,0.022517,172.31.36.0-255,1514,199727,10,218604
7381,0.022519,172.31.36.0-255,1267,200994,10,218604
7382,0.023846,74.125.24.0-255,5738,206732,10,218604
7383,0.023852,172.31.36.0-255,66,206798,10,218604
7384,0.024071,104.244.42.0-255,66,206864,10,218604
7385,0.024103,104.244.42.0-255,66,206930,10,218604
7386,0.024161,104.244.42.0-255,66,206996,10,218604
7387,0.026256,74.125.24.0-255,5738,212734,10,218604
7388,0.026263,172.31.36.0-255,66,212800,10,218604
7389,0.028631,74.125.24.0-255,5738,218538,10,218604
7390,0.028639,172.31.36.0-255,66,218604,10,218604
7391,0.0,172.217.194.0-255,152,152,10,123253
7392,2.3e-05,172.31.36.0-255,66,218,10,123253
7393,3.1e-05,172.217.194.0-255,1484,1702,10,123253
7394,3.7e-05,172.31.36.0-255,66,1768,10,123253
7395,5.2e-05,172.217.194.0-255,2902,4670,10,123253
7396,5.6e-05,172.31.36.0-255,66,4736,10,123253
7397,6.4e-05,172.217.194.0-255,5738,10474,10,123253
7398,6.6e-05,172.31.36.0-255,66,10540,10,123253
7399,7.2e-05,172.217.194.0-255,3436,13976,10,123253
7400,7.5e-05,172.31.36.0-255,66,14042,10,123253
7401,0.000569,172.217.194.0-255,1484,15526,10,123253
7402,0.000576,172.31.36.0-255,66,15592,10,123253
7403,0.000585,172.217.194.0-255,2902,18494,10,123253
7404,0.000588,172.31.36.0-255,66,18560,10,123253
7405,0.0006,172.217.194.0-255,5738,24298,10,123253
7406,0.000603,172.31.36.0-255,66,24364,10,123253
7407,0.000631,172.217.194.0-255,2902,27266,10,123253
7408,0.000634,172.31.36.0-255,66,27332,10,123253
7409,0.000661,172.217.194.0-255,3961,31293,10,123253
7410,0.000665,172.31.36.0-255,66,31359,10,123253
7411,0.000857,172.217.194.0-255,1484,32843,10,123253
7412,0.000863,172.31.36.0-255,66,32909,10,123253
7413,0.000869,172.217.194.0-255,2902,35811,10,123253
7414,0.000872,172.31.36.0-255,66,35877,10,123253
7415,0.000875,172.217.194.0-255,1484,37361,10,123253
7416,0.000882,172.31.36.0-255,66,37427,10,123253
7417,0.000911,172.217.194.0-255,1484,38911,10,123253
7418,0.000913,172.31.36.0-255,66,38977,10,123253
7419,0.000921,172.217.194.0-255,7156,46133,10,123253
7420,0.000924,172.31.36.0-255,66,46199,10,123253
7421,0.000965,172.31.36.0-255,66,46265,10,123253
7422,0.001015,172.217.194.0-255,380,46645,10,123253
7423,0.001914,172.217.194.0-255,362,47007,10,123253
7424,0.002117,172.217.194.0-255,1484,48491,10,123253
7425,0.00212,172.217.194.0-255,1484,49975,10,123253
7426,0.002151,172.217.194.0-255,1484,51459,10,123253
7427,0.002159,172.217.194.0-255,5738,57197,10,123253
7428,0.002165,172.217.194.0-255,5738,62935,10,123253
7429,0.002204,172.217.194.0-255,2902,65837,10,123253
7430,0.002215,172.217.194.0-255,2184,68021,10,123253
7431,0.004122,172.31.36.0-255,66,68087,10,123253
7432,0.006686,172.217.194.0-255,5738,73825,10,123253
7433,0.006694,172.31.36.0-255,66,73891,10,123253
7434,0.009302,172.217.194.0-255,5738,79629,10,123253
7435,0.009312,172.31.36.0-255,66,79695,10,123253
7436,0.011903,172.217.194.0-255,5738,85433,10,123253
7437,0.011918,172.31.36.0-255,66,85499,10,123253
7438,0.014493,172.217.194.0-255,5738,91237,10,123253
7439,0.014503,172.31.36.0-255,66,91303,10,123253
7440,0.017105,172.217.194.0-255,5738,97041,10,123253
7441,0.017116,172.31.36.0-255,66,97107,10,123253
7442,0.0197,172.217.194.0-255,5738,102845,10,123253
7443,0.019709,172.31.36.0-255,66,102911,10,123253
7444,0.022296,172.217.194.0-255,5738,108649,10,123253
7445,0.022305,172.31.36.0-255,66,108715,10,123253
7446,0.024068,172.31.36.0-255,167,108882,10,123253
7447,0.024206,172.31.36.0-255,1108,109990,10,123253
7448,0.024268,172.31.36.0-255,1514,111504,10,123253
7449,0.02427,172.31.36.0-255,1295,112799,10,123253
7450,0.024877,172.217.194.0-255,4320,117119,10,123253
7451,0.024885,172.31.36.0-255,66,117185,10,123253
7452,0.024913,172.217.194.0-255,1484,118669,10,123253
7453,0.025595,104.244.42.0-255,66,118735,10,123253
7454,0.02572,104.244.42.0-255,66,118801,10,123253
7455,0.025798,104.244.42.0-255,66,118867,10,123253
7456,0.027495,172.217.194.0-255,4320,123187,10,123253
7457,0.027502,172.31.36.0-255,66,123253,10,123253
7458,0.0,74.125.24.0-255,146,146,10,251423
7459,2.4e-05,172.31.36.0-255,66,212,10,251423
7460,3.2e-05,74.125.24.0-255,1484,1696,10,251423
7461,3.6e-05,172.31.36.0-255,66,1762,10,251423
7462,3.9e-05,74.125.24.0-255,1484,3246,10,251423
7463,4.1e-05,172.31.36.0-255,66,3312,10,251423
7464,5.6e-05,74.125.24.0-255,4320,7632,10,251423
7465,6e-05,172.31.36.0-255,66,7698,10,251423
7466,0.000107,172.31.36.0-255,66,7764,10,251423
7467,0.00011,74.125.24.0-255,1484,9248,10,251423
7468,0.000112,172.31.36.0-255,66,9314,10,251423
7469,0.000142,74.125.24.0-255,7156,16470,10,251423
7470,0.000145,172.31.36.0-255,66,16536,10,251423
7471,0.000157,74.125.24.0-255,7156,23692,10,251423
7472,0.00016,172.31.36.0-255,66,23758,10,251423
7473,0.000203,74.125.24.0-255,5738,29496,10,251423
7474,0.000206,172.31.36.0-255,66,29562,10,251423
7475,0.000232,172.31.36.0-255,66,29628,10,251423
7476,0.000238,74.125.24.0-255,5738,35366,10,251423
7477,0.000241,172.31.36.0-255,66,35432,10,251423
7478,0.000246,74.125.24.0-255,2902,38334,10,251423
7479,0.000249,172.31.36.0-255,66,38400,10,251423
7480,0.000279,74.125.24.0-255,4320,42720,10,251423
7481,0.000286,172.31.36.0-255,66,42786,10,251423
7482,0.000291,74.125.24.0-255,4307,47093,10,251423
7483,0.000294,172.31.36.0-255,66,47159,10,251423
7484,0.00038,74.125.24.0-255,1484,48643,10,251423
7485,0.000383,172.31.36.0-255,66,48709,10,251423
7486,0.000389,74.125.24.0-255,2902,51611,10,251423
7487,0.000391,172.31.36.0-255,66,51677,10,251423
7488,0.000416,74.125.24.0-255,5738,57415,10,251423
7489,0.000448,74.125.24.0-255,4320,61735,10,251423
7490,0.000469,74.125.24.0-255,6438,68173,10,251423
7491,0.000491,74.125.24.0-255,330,68503,10,251423
7492,0.000629,74.125.24.0-255,1484,69987,10,251423
7493,0.000636,74.125.24.0-255,2902,72889,10,251423
7494,0.000647,74.125.24.0-255,1484,74373,10,251423
7495,0.000662,74.125.24.0-255,4320,78693,10,251423
7496,0.000675,74.125.24.0-255,4320,83013,10,251423
7497,0.000679,172.31.36.0-255,66,83079,10,251423
7498,0.000715,172.31.36.0-255,66,83145,10,251423
7499,0.000737,74.125.24.0-255,766,83911,10,251423
7500,0.000758,172.31.36.0-255,66,83977,10,251423
7501,0.000784,74.125.24.0-255,1484,85461,10,251423
7502,0.000788,74.125.24.0-255,1484,86945,10,251423
7503,0.000796,172.31.36.0-255,66,87011,10,251423
7504,0.000807,74.125.24.0-255,2902,89913,10,251423
7505,0.000834,74.125.24.0-255,7156,97069,10,251423
7506,0.000851,74.125.24.0-255,1484,98553,10,251423
7507,0.000854,172.31.36.0-255,66,98619,10,251423
7508,0.000891,74.125.24.0-255,4320,102939,10,251423
7509,0.000904,74.125.24.0-255,2902,105841,10,251423
7510,0.000919,74.125.24.0-255,4320,110161,10,251423
7511,0.000922,172.31.36.0-255,66,110227,10,251423
7512,0.000927,172.31.36.0-255,66,110293,10,251423
7513,0.000963,74.125.24.0-255,6438,116731,10,251423
7514,0.000987,74.125.24.0-255,766,117497,10,251423
7515,0.001001,172.31.36.0-255,66,117563,10,251423
7516,0.00103,74.125.24.0-255,1484,119047,10,251423
7517,0.001036,74.125.24.0-255,4320,123367,10,251423
7518,0.001047,74.125.24.0-255,2902,126269,10,251423
7519,0.001063,172.31.36.0-255,66,126335,10,251423
7520,0.001177,74.125.24.0-255,2902,129237,10,251423
7521,0.00119,74.125.24.0-255,766,130003,10,251423
7522,0.0012,172.31.36.0-255,66,130069,10,251423
7523,0.001273,74.125.24.0-255,1484,131553,10,251423
7524,0.001291,74.125.24.0-255,2902,134455,10,251423
7525,0.001302,74.125.24.0-255,1484,135939,10,251423
7526,0.001307,172.31.36.0-255,66,136005,10,251423
7527,0.001318,74.125.24.0-255,4320,140325,10,251423
7528,0.001325,172.31.36.0-255,66,140391,10,251423
7529,0.001345,74.125.24.0-255,1484,141875,10,251423
7530,0.001348,74.125.24.0-255,1484,143359,10,251423
7531,0.001396,74.125.24.0-255,5738,149097,10,251423
7532,0.001406,172.31.36.0-255,66,149163,10,251423
7533,0.001438,74.125.24.0-255,3602,152765,10,251423
7534,0.001443,172.31.36.0-255,66,152831,10,251423
7535,0.00147,74.125.24.0-255,2902,155733,10,251423
7536,0.001482,172.31.36.0-255,66,155799,10,251423
7537,0.00149,74.125.24.0-255,2902,158701,10,251423
7538,0.001495,172.31.36.0-255,66,158767,10,251423
7539,0.001507,74.125.24.0-255,1484,160251,10,251423
7540,0.00151,74.125.24.0-255,1484,161735,10,251423
7541,0.001535,74.125.24.0-255,7156,168891,10,251423
7542,0.00154,74.125.24.0-255,2902,171793,10,251423
7543,0.001551,74.125.24.0-255,1484,173277,10,251423
7544,0.001559,172.31.36.0-255,66,173343,10,251423
7545,0.001597,172.31.36.0-255,66,173409,10,251423
7546,0.001615,74.125.24.0-255,6438,179847,10,251423
7547,0.001631,172.31.36.0-255,66,179913,10,251423
7548,0.001663,74.125.24.0-255,5738,185651,10,251423
7549,0.00167,74.125.24.0-255,7156,192807,10,251423
7550,0.001704,74.125.24.0-255,766,193573,10,251423
7551,0.001711,172.31.36.0-255,66,193639,10,251423
7552,0.001756,74.125.24.0-255,1484,195123,10,251423
7553,0.001773,74.125.24.0-255,2902,198025,10,251423
7554,0.00178,172.31.36.0-255,66,198091,10,251423
7555,0.001799,74.125.24.0-255,4320,202411,10,251423
7556,0.001815,74.125.24.0-255,1484,203895,10,251423
7557,0.001817,74.125.24.0-255,1484,205379,10,251423
7558,0.001822,172.31.36.0-255,66,205445,10,251423
7559,0.001862,74.125.24.0-255,5738,211183,10,251423
7560,0.001866,172.31.36.0-255,66,211249,10,251423
7561,0.001886,74.125.24.0-255,5020,216269,10,251423
7562,0.001905,172.31.36.0-255,66,216335,10,251423
7563,0.001946,74.125.24.0-255,1484,217819,10,251423
7564,0.001959,74.125.24.0-255,2902,220721,10,251423
7565,0.001979,74.125.24.0-255,5738,226459,10,251423
7566,0.001983,74.125.24.0-255,2902,229361,10,251423
7567,0.001989,172.31.36.0-255,66,229427,10,251423
7568,0.001996,74.125.24.0-255,1484,230911,10,251423
7569,0.002078,74.125.24.0-255,4320,235231,10,251423
7570,0.002092,172.31.36.0-255,66,235297,10,251423
7571,0.002098,74.125.24.0-255,3602,238899,10,251423
7572,0.002104,74.125.24.0-255,5738,244637,10,251423
7573,0.002127,74.125.24.0-255,6215,250852,10,251423
7574,0.002129,74.125.24.0-255,97,250949,10,251423
7575,0.002134,172.31.36.0-255,66,251015,10,251423
7576,0.002156,172.31.36.0-255,66,251081,10,251423
7577,0.002192,74.125.24.0-255,105,251186,10,251423
7578,0.009559,172.31.36.0-255,66,251252,10,251423
7579,0.010014,172.31.36.0-255,105,251357,10,251423
7580,0.012308,74.125.24.0-255,66,251423,10,251423
7581,0.0,216.58.221.0-255,152,152,10,175158
7582,2.7e-05,172.31.36.0-255,66,218,10,175158
7583,3.4e-05,216.58.221.0-255,1484,1702,10,175158
7584,3.8e-05,172.31.36.0-255,66,1768,10,175158
7585,4e-05,216.58.221.0-255,1484,3252,10,175158
7586,4.3e-05,172.31.36.0-255,66,3318,10,175158
7587,4.8e-05,216.58.221.0-255,2902,6220,10,175158
7588,5.1e-05,172.31.36.0-255,66,6286,10,175158
7589,5.8e-05,216.58.221.0-255,5738,12024,10,175158
7590,6e-05,172.31.36.0-255,66,12090,10,175158
7591,9e-05,216.58.221.0-255,2055,14145,10,175158
7592,9.3e-05,172.31.36.0-255,66,14211,10,175158
7593,0.000136,216.58.221.0-255,2902,17113,10,175158
7594,0.000139,172.31.36.0-255,66,17179,10,175158
7595,0.000145,216.58.221.0-255,4320,21499,10,175158
7596,0.000147,172.31.36.0-255,66,21565,10,175158
7597,0.000183,172.31.36.0-255,66,21631,10,175158
7598,0.000186,216.58.221.0-255,1125,22756,10,175158
7599,0.000188,172.31.36.0-255,66,22822,10,175158
7600,0.000617,216.58.221.0-255,1484,24306,10,175158
7601,0.000622,172.31.36.0-255,66,24372,10,175158
7602,0.000633,216.58.221.0-255,2902,27274,10,175158
7603,0.000636,172.31.36.0-255,66,27340,10,175158
7604,0.000642,216.58.221.0-255,5738,33078,10,175158
7605,0.000644,172.31.36.0-255,66,33144,10,175158
7606,0.000664,216.58.221.0-255,2902,36046,10,175158
7607,0.000667,172.31.36.0-255,66,36112,10,175158
7608,0.000687,216.58.221.0-255,1484,37596,10,175158
7609,0.000689,172.31.36.0-255,66,37662,10,175158
7610,0.000694,216.58.221.0-255,2543,40205,10,175158
7611,0.000696,172.31.36.0-255,66,40271,10,175158
7612,0.00084,216.58.221.0-255,1484,41755,10,175158
7613,0.000847,216.58.221.0-255,2902,44657,10,175158
7614,0.00085,172.31.36.0-255,66,44723,10,175158
7615,0.000856,216.58.221.0-255,4320,49043,10,175158
7616,0.000858,172.31.36.0-255,66,49109,10,175158
7617,0.00087,216.58.221.0-255,1484,50593,10,175158
7618,0.0009,216.58.221.0-255,2902,53495,10,175158
7619,0.000903,172.31.36.0-255,66,53561,10,175158
7620,0.000924,216.58.221.0-255,4249,57810,10,175158
7621,0.000926,172.31.36.0-255,66,57876,10,175158
7622,0.001369,216.58.221.0-255,140,58016,10,175158
7623,0.001524,216.58.221.0-255,1484,59500,10,175158
7624,0.001531,172.31.36.0-255,66,59566,10,175158
7625,0.001536,216.58.221.0-255,2902,62468,10,175158
7626,0.00154,172.31.36.0-255,66,62534,10,175158
7627,0.001546,216.58.221.0-255,5738,68272,10,175158
7628,0.001549,172.31.36.0-255,66,68338,10,175158
7629,0.001554,216.58.221.0-255,4320,72658,10,175158
7630,0.001557,172.31.36.0-255,66,72724,10,175158
7631,0.001575,216.58.221.0-255,1484,74208,10,175158
7632,0.001583,216.58.221.0-255,6797,81005,10,175158
7633,0.001586,172.31.36.0-255,66,81071,10,175158
7634,0.001621,216.58.221.0-255,5738,86809,10,175158
7635,0.001624,172.31.36.0-255,66,86875,10,175158
7636,0.001642,216.58.221.0-255,5379,92254,10,175158
7637,0.001644,172.31.36.0-255,66,92320,10,175158
7638,0.003569,216.58.221.0-255,5738,98058,10,175158
7639,0.003574,172.31.36.0-255,66,98124,10,175158
7640,0.005508,216.58.221.0-255,4320,102444,10,175158
7641,0.005514,172.31.36.0-255,66,102510,10,175158
7642,0.005543,216.58.221.0-255,1484,103994,10,175158
7643,0.007445,216.58.221.0-255,4320,108314,10,175158
7644,0.00745,172.31.36.0-255,66,108380,10,175158
7645,0.009399,216.58.221.0-255,5738,114118,10,175158
7646,0.009409,172.31.36.0-255,66,114184,10,175158
7647,0.011359,216.58.221.0-255,5738,119922,10,175158
7648,0.01137,172.31.36.0-255,66,119988,10,175158
7649,0.013309,216.58.221.0-255,5738,125726,10,175158
7650,0.013319,172.31.36.0-255,66,125792,10,175158
7651,0.015255,216.58.221.0-255,5738,131530,10,175158
7652,0.015264,172.31.36.0-255,66,131596,10,175158
7653,0.017205,216.58.221.0-255,5738,137334,10,175158
7654,0.017212,172.31.36.0-255,66,137400,10,175158
7655,0.019151,216.58.221.0-255,5738,143138,10,175158
7656,0.019159,172.31.36.0-255,66,143204,10,175158
7657,0.020883,172.31.36.0-255,171,143375,10,175158
7658,0.020918,172.31.36.0-255,1108,144483,10,175158
7659,0.02096,172.31.36.0-255,1514,145997,10,175158
7660,0.020961,172.31.36.0-255,1295,147292,10,175158
7661,0.021095,216.58.221.0-255,5738,153030,10,175158
7662,0.021101,172.31.36.0-255,66,153096,10,175158
7663,0.022433,104.244.42.0-255,66,153162,10,175158
7664,0.022471,104.244.42.0-255,66,153228,10,175158
7665,0.022514,104.244.42.0-255,66,153294,10,175158
7666,0.023029,216.58.221.0-255,5738,159032,10,175158
7667,0.023035,172.31.36.0-255,66,159098,10,175158
7668,0.024958,216.58.221.0-255,4320,163418,10,175158
7669,0.024964,172.31.36.0-255,66,163484,10,175158
7670,0.024992,216.58.221.0-255,1484,164968,10,175158
7671,0.026889,216.58.221.0-255,4320,169288,10,175158
7672,0.026894,172.31.36.0-255,66,169354,10,175158
7673,0.028826,216.58.221.0-255,5738,175092,10,175158
7674,0.028831,172.31.36.0-255,66,175158,10,175158
7675,0.0,74.125.130.0-255,66,66,10,66
7676,0.0,172.217.194.0-255,153,153,10,159355
7677,4.1e-05,172.31.36.0-255,66,219,10,159355
7678,4.9e-05,172.217.194.0-255,1484,1703,10,159355
7679,5.4e-05,172.31.36.0-255,66,1769,10,159355
7680,5.9e-05,172.217.194.0-255,2902,4671,10,159355
7681,6.3e-05,172.31.36.0-255,66,4737,10,159355
7682,7e-05,172.217.194.0-255,7156,11893,10,159355
7683,7.2e-05,172.31.36.0-255,66,11959,10,159355
7684,0.000102,172.31.36.0-255,66,12025,10,159355
7685,0.000123,172.217.194.0-255,3490,15515,10,159355
7686,0.000126,172.31.36.0-255,66,15581,10,159355
7687,0.000133,172.217.194.0-255,6797,22378,10,159355
7688,0.000135,172.31.36.0-255,66,22444,10,159355
7689,0.000168,172.217.194.0-255,1484,23928,10,159355
7690,0.000172,172.31.36.0-255,66,23994,10,159355
7691,0.000178,172.217.194.0-255,2902,26896,10,159355
7692,0.000181,172.31.36.0-255,66,26962,10,159355
7693,0.000203,172.217.194.0-255,5738,32700,10,159355
7694,0.000205,172.31.36.0-255,66,32766,10,159355
7695,0.00021,172.217.194.0-255,4320,37086,10,159355
7696,0.000215,172.31.36.0-255,66,37152,10,159355
7697,0.000229,172.217.194.0-255,1484,38636,10,159355
7698,0.000232,172.31.36.0-255,66,38702,10,159355
7699,0.000254,172.217.194.0-255,7156,45858,10,159355
7700,0.000256,172.31.36.0-255,66,45924,10,159355
7701,0.000274,172.217.194.0-255,5738,51662,10,159355
7702,0.000277,172.31.36.0-255,66,51728,10,159355
7703,0.000282,172.217.194.0-255,5294,57022,10,159355
7704,0.000285,172.31.36.0-255,66,57088,10,159355
7705,0.000413,172.217.194.0-255,115,57203,10,159355
7706,0.000418,172.31.36.0-255,66,57269,10,159355
7707,0.000616,172.217.194.0-255,1484,58753,10,159355
7708,0.000633,172.217.194.0-255,2902,61655,10,159355
7709,0.000643,172.31.36.0-255,66,61721,10,159355
7710,0.000652,172.217.194.0-255,5738,67459,10,159355
7711,0.000662,172.31.36.0-255,66,67525,10,159355
7712,0.000664,172.217.194.0-255,1484,69009,10,159355
7713,0.000688,172.31.36.0-255,66,69075,10,159355
7714,0.000735,172.217.194.0-255,4320,73395,10,159355
7715,0.000738,172.31.36.0-255,66,73461,10,159355
7716,0.000775,172.31.36.0-255,66,73527,10,159355
7717,0.00096,172.217.194.0-255,1484,75011,10,159355
7718,0.000976,172.217.194.0-255,2902,77913,10,159355
7719,0.00098,172.31.36.0-255,66,77979,10,159355
7720,0.000984,172.217.194.0-255,1484,79463,10,159355
7721,0.001009,172.217.194.0-255,4320,83783,10,159355
7722,0.001014,172.217.194.0-255,2902,86685,10,159355
7723,0.00102,172.31.36.0-255,66,86751,10,159355
7724,0.001039,172.31.36.0-255,66,86817,10,159355
7725,0.001047,172.217.194.0-255,1484,88301,10,159355
7726,0.001075,172.217.194.0-255,2902,91203,10,159355
7727,0.00108,172.31.36.0-255,66,91269,10,159355
7728,0.001116,172.217.194.0-255,4320,95589,10,159355
7729,0.001117,172.31.36.0-255,66,95655,10,159355
7730,0.001133,172.217.194.0-255,2902,98557,10,159355
7731,0.001133,172.31.36.0-255,66,98623,10,159355
7732,0.001138,172.31.36.0-255,66,98689,10,159355
7733,0.001174,172.31.36.0-255,66,98755,10,159355
7734,0.001221,172.217.194.0-255,1484,100239,10,159355
7735,0.001238,172.217.194.0-255,2902,103141,10,159355
7736,0.001241,172.217.194.0-255,1484,104625,10,159355
7737,0.001242,172.31.36.0-255,66,104691,10,159355
7738,0.001258,172.217.194.0-255,2902,107593,10,159355
7739,0.001266,172.31.36.0-255,66,107659,10,159355
7740,0.001274,172.217.194.0-255,2902,110561,10,159355
7741,0.00128,172.217.194.0-255,4320,114881,10,159355
7742,0.001284,172.31.36.0-255,66,114947,10,159355
7743,0.001307,172.31.36.0-255,66,115013,10,159355
7744,0.001335,172.31.36.0-255,66,115079,10,159355
7745,0.001374,172.217.194.0-255,1484,116563,10,159355
7746,0.00138,172.217.194.0-255,2902,119465,10,159355
7747,0.001384,172.31.36.0-255,66,119531,10,159355
7748,0.001394,172.217.194.0-255,4320,123851,10,159355
7749,0.001399,172.31.36.0-255,66,123917,10,159355
7750,0.001415,172.217.194.0-255,1484,125401,10,159355
7751,0.001419,172.217.194.0-255,2902,128303,10,159355
7752,0.001424,172.217.194.0-255,4320,132623,10,159355
7753,0.001425,172.31.36.0-255,66,132689,10,159355
7754,0.00143,172.31.36.0-255,66,132755,10,159355
7755,0.001435,172.217.194.0-255,1484,134239,10,159355
7756,0.001461,172.217.194.0-255,7156,141395,10,159355
7757,0.001464,172.31.36.0-255,66,141461,10,159355
7758,0.001478,172.31.36.0-255,66,141527,10,159355
7759,0.001516,172.31.36.0-255,66,141593,10,159355
7760,0.001536,172.217.194.0-255,7156,148749,10,159355
7761,0.001545,172.31.36.0-255,66,148815,10,159355
7762,0.001568,172.217.194.0-255,3602,152417,10,159355
7763,0.001571,172.31.36.0-255,66,152483,10,159355
7764,0.001576,172.31.36.0-255,66,152549,10,159355
7765,0.00158,172.217.194.0-255,2902,155451,10,159355
7766,0.00159,172.31.36.0-255,66,155517,10,159355
7767,0.001618,172.31.36.0-255,66,155583,10,159355
7768,0.001636,172.217.194.0-255,2902,158485,10,159355
7769,0.00164,172.31.36.0-255,66,158551,10,159355
7770,0.00167,172.31.36.0-255,66,158617,10,159355
7771,0.0017,172.31.36.0-255,66,158683,10,159355
7772,0.001735,172.31.36.0-255,66,158749,10,159355
7773,0.001781,172.31.36.0-255,66,158815,10,159355
7774,0.001832,172.31.36.0-255,66,158881,10,159355
7775,0.001878,172.31.36.0-255,66,158947,10,159355
7776,0.001892,172.217.194.0-255,105,159052,10,159355
7777,0.001893,172.31.36.0-255,66,159118,10,159355
7778,0.003899,172.31.36.0-255,66,159184,10,159355
7779,0.003929,172.31.36.0-255,105,159289,10,159355
7780,0.006261,172.217.194.0-255,66,159355,10,159355
7781,0.0,74.125.24.0-255,228,228,10,187960
7782,2.5e-05,172.31.36.0-255,66,294,10,187960
7783,3.3e-05,74.125.24.0-255,1484,1778,10,187960
7784,3.7e-05,172.31.36.0-255,66,1844,10,187960
7785,4.4e-05,74.125.24.0-255,4320,6164,10,187960
7786,4.7e-05,172.31.36.0-255,66,6230,10,187960
7787,6e-05,172.31.36.0-255,66,6296,10,187960
7788,8.1e-05,74.125.24.0-255,2902,9198,10,187960
7789,8.5e-05,172.31.36.0-255,66,9264,10,187960
7790,0.000127,172.31.36.0-255,66,9330,10,187960
7791,0.000131,74.125.24.0-255,2543,11873,10,187960
7792,0.000133,172.31.36.0-255,66,11939,10,187960
7793,0.000152,74.125.24.0-255,1484,13423,10,187960
7794,0.000155,172.31.36.0-255,66,13489,10,187960
7795,0.00016,74.125.24.0-255,2902,16391,10,187960
7796,0.000162,172.31.36.0-255,66,16457,10,187960
7797,0.000189,74.125.24.0-255,4320,20777,10,187960
7798,0.000191,172.31.36.0-255,66,20843,10,187960
7799,0.000202,74.125.24.0-255,1484,22327,10,187960
7800,0.000204,172.31.36.0-255,66,22393,10,187960
7801,0.000213,74.125.24.0-255,6797,29190,10,187960
7802,0.000215,172.31.36.0-255,66,29256,10,187960
7803,0.000245,74.125.24.0-255,1484,30740,10,187960
7804,0.000247,172.31.36.0-255,66,30806,10,187960
7805,0.000269,74.125.24.0-255,5738,36544,10,187960
7806,0.000272,172.31.36.0-255,66,36610,10,187960
7807,0.000297,74.125.24.0-255,7156,43766,10,187960
7808,0.0003,172.31.36.0-255,66,43832,10,187960
7809,0.000304,74.125.24.0-255,2839,46671,10,187960
7810,0.000306,172.31.36.0-255,66,46737,10,187960
7811,0.000334,74.125.24.0-255,412,47149,10,187960
7812,0.00097,74.125.24.0-255,1484,48633,10,187960
7813,0.000977,172.31.36.0-255,66,48699,10,187960
7814,0.000983,74.125.24.0-255,2902,51601,10,187960
7815,0.000985,172.31.36.0-255,66,51667,10,187960
7816,0.000992,74.125.24.0-255,5738,57405,10,187960
7817,0.000995,172.31.36.0-255,66,57471,10,187960
7818,0.001,74.125.24.0-255,2902,60373,10,187960
7819,0.001001,172.31.36.0-255,66,60439,10,187960
7820,0.001033,172.31.36.0-255,66,60505,10,187960
7821,0.001038,74.125.24.0-255,2902,63407,10,187960
7822,0.001047,172.31.36.0-255,66,63473,10,187960
7823,0.001077,172.31.36.0-255,66,63539,10,187960
7824,0.001145,74.125.24.0-255,7156,70695,10,187960
7825,0.001151,172.31.36.0-255,66,70761,10,187960
7826,0.001174,74.125.24.0-255,6438,77199,10,187960
7827,0.001177,172.31.36.0-255,66,77265,10,187960
7828,0.001251,74.125.24.0-255,1484,78749,10,187960
7829,0.001255,74.125.24.0-255,1484,80233,10,187960
7830,0.00127,74.125.24.0-255,1484,81717,10,187960
7831,0.001273,74.125.24.0-255,1484,83201,10,187960
7832,0.00128,172.31.36.0-255,66,83267,10,187960
7833,0.001292,74.125.24.0-255,4320,87587,10,187960
7834,0.001296,74.125.24.0-255,1484,89071,10,187960
7835,0.001308,74.125.24.0-255,2902,91973,10,187960
7836,0.001322,74.125.24.0-255,4320,96293,10,187960
7837,0.001332,172.31.36.0-255,66,96359,10,187960
7838,0.001357,74.125.24.0-255,5020,101379,10,187960
7839,0.001375,172.31.36.0-255,66,101445,10,187960
7840,0.001475,74.125.24.0-255,1484,102929,10,187960
7841,0.001481,74.125.24.0-255,2902,105831,10,187960
7842,0.001486,172.31.36.0-255,66,105897,10,187960
7843,0.001497,74.125.24.0-255,4320,110217,10,187960
7844,0.001509,74.125.24.0-255,1484,111701,10,187960
7845,0.001516,74.125.24.0-255,5738,117439,10,187960
7846,0.00154,172.31.36.0-255,66,117505,10,187960
7847,0.00156,172.31.36.0-255,66,117571,10,187960
7848,0.00157,74.125.24.0-255,4320,121891,10,187960
7849,0.001575,74.125.24.0-255,5020,126911,10,187960
7850,0.001629,172.31.36.0-255,66,126977,10,187960
7851,0.001722,74.125.24.0-255,1484,128461,10,187960
7852,0.001744,74.125.24.0-255,2902,131363,10,187960
7853,0.001752,172.31.36.0-255,66,131429,10,187960
7854,0.001788,74.125.24.0-255,4320,135749,10,187960
7855,0.001803,172.31.36.0-255,66,135815,10,187960
7856,0.001812,74.125.24.0-255,1484,137299,10,187960
7857,0.001818,74.125.24.0-255,5738,143037,10,187960
7858,0.001823,172.31.36.0-255,66,143103,10,187960
7859,0.001831,74.125.24.0-255,1484,144587,10,187960
7860,0.001849,74.125.24.0-255,7156,151743,10,187960
7861,0.001864,74.125.24.0-255,4320,156063,10,187960
7862,0.001868,74.125.24.0-255,2902,158965,10,187960
7863,0.001883,74.125.24.0-255,2184,161149,10,187960
7864,0.001894,172.31.36.0-255,66,161215,10,187960
7865,0.001913,74.125.24.0-255,1484,162699,10,187960
7866,0.001917,74.125.24.0-255,2902,165601,10,187960
7867,0.00192,74.125.24.0-255,1484,167085,10,187960
7868,0.001928,172.31.36.0-255,66,167151,10,187960
7869,0.001954,74.125.24.0-255,4320,171471,10,187960
7870,0.001998,74.125.24.0-255,2902,174373,10,187960
7871,0.002023,172.31.36.0-255,66,174439,10,187960
7872,0.002069,172.31.36.0-255,66,174505,10,187960
7873,0.002079,74.125.24.0-255,3602,178107,10,187960
7874,0.002094,172.31.36.0-255,66,178173,10,187960
7875,0.002167,172.31.36.0-255,66,178239,10,187960
7876,0.002192,74.125.24.0-255,7156,185395,10,187960
7877,0.002264,172.31.36.0-255,66,185461,10,187960
7878,0.00782,172.31.36.0-255,66,185527,10,187960
7879,0.009972,74.125.24.0-255,2196,187723,10,187960
7880,0.009984,172.31.36.0-255,66,187789,10,187960
7881,0.010321,172.31.36.0-255,105,187894,10,187960
7882,0.012418,74.125.24.0-255,66,187960,10,187960
7883,0.0,91.189.92.0-255,66,66,10,66
7884,0.0,74.125.68.0-255,153,153,10,291518
7885,2.4e-05,172.31.36.0-255,66,219,10,291518
7886,3.1e-05,74.125.68.0-255,1484,1703,10,291518
7887,3.6e-05,172.31.36.0-255,66,1769,10,291518
7888,4.2e-05,74.125.68.0-255,2902,4671,10,291518
7889,4.6e-05,172.31.36.0-255,66,4737,10,291518
7890,5.4e-05,74.125.68.0-255,7156,11893,10,291518
7891,5.7e-05,172.31.36.0-255,66,11959,10,291518
7892,6.1e-05,74.125.68.0-255,2012,13971,10,291518
7893,6.5e-05,172.31.36.0-255,66,14037,10,291518
7894,0.000103,74.125.68.0-255,1484,15521,10,291518
7895,0.000106,172.31.36.0-255,66,15587,10,291518
7896,0.000125,74.125.68.0-255,2902,18489,10,291518
7897,0.000128,172.31.36.0-255,66,18555,10,291518
7898,0.000153,74.125.68.0-255,5738,24293,10,291518
7899,0.000156,172.31.36.0-255,66,24359,10,291518
7900,0.000159,74.125.68.0-255,1484,25843,10,291518
7901,0.00016,172.31.36.0-255,66,25909,10,291518
7902,0.00018,74.125.68.0-255,5379,31288,10,291518
7903,0.000182,172.31.36.0-255,66,31354,10,291518
7904,0.000282,74.125.68.0-255,1484,32838,10,291518
7905,0.000286,172.31.36.0-255,66,32904,10,291518
7906,0.000291,74.125.68.0-255,2902,35806,10,291518
7907,0.000293,172.31.36.0-255,66,35872,10,291518
7908,0.000298,74.125.68.0-255,2902,38774,10,291518
7909,0.0003,172.31.36.0-255,66,38840,10,291518
7910,0.000327,74.125.68.0-255,2902,41742,10,291518
7911,0.00033,172.31.36.0-255,66,41808,10,291518
7912,0.000334,74.125.68.0-255,2902,44710,10,291518
7913,0.000336,172.31.36.0-255,66,44776,10,291518
7914,0.000342,74.125.68.0-255,3961,48737,10,291518
7915,0.000344,172.31.36.0-255,66,48803,10,291518
7916,0.000363,74.125.68.0-255,5738,54541,10,291518
7917,0.000366,172.31.36.0-255,66,54607,10,291518
7918,0.000378,74.125.68.0-255,2902,57509,10,291518
7919,0.00038,172.31.36.0-255,66,57575,10,291518
7920,0.000387,74.125.68.0-255,4320,61895,10,291518
7921,0.000389,172.31.36.0-255,66,61961,10,291518
7922,0.000424,74.125.68.0-255,4318,66279,10,291518
7923,0.000496,74.125.68.0-255,329,66608,10,291518
7924,0.000579,172.31.36.0-255,66,66674,10,291518
7925,0.000884,74.125.68.0-255,1484,68158,10,291518
7926,0.00089,74.125.68.0-255,2902,71060,10,291518
7927,0.000893,172.31.36.0-255,66,71126,10,291518
7928,0.000899,74.125.68.0-255,2902,74028,10,291518
7929,0.0009,172.31.36.0-255,66,74094,10,291518
7930,0.000915,74.125.68.0-255,2902,76996,10,291518
7931,0.000917,172.31.36.0-255,66,77062,10,291518
7932,0.000922,74.125.68.0-255,2902,79964,10,291518
7933,0.000924,172.31.36.0-255,66,80030,10,291518
7934,0.000955,74.125.68.0-255,4320,84350,10,291518
7935,0.000959,172.31.36.0-255,66,84416,10,291518
7936,0.000996,74.125.68.0-255,1484,85900,10,291518
7937,0.001002,172.31.36.0-255,66,85966,10,291518
7938,0.001017,74.125.68.0-255,6438,92404,10,291518
7939,0.001022,172.31.36.0-255,66,92470,10,291518
7940,0.001215,74.125.68.0-255,1484,93954,10,291518
7941,0.001238,74.125.68.0-255,2902,96856,10,291518
7942,0.001242,172.31.36.0-255,66,96922,10,291518
7943,0.001278,74.125.68.0-255,2902,99824,10,291518
7944,0.001281,172.31.36.0-255,66,99890,10,291518
7945,0.001303,74.125.68.0-255,4320,104210,10,291518
7946,0.001305,172.31.36.0-255,66,104276,10,291518
7947,0.001336,172.31.36.0-255,66,104342,10,291518
7948,0.001378,74.125.68.0-255,5738,110080,10,291518
7949,0.001394,74.125.68.0-255,4320,114400,10,291518
7950,0.001398,172.31.36.0-255,66,114466,10,291518
7951,0.001404,172.31.36.0-255,66,114532,10,291518
7952,0.00143,74.125.68.0-255,3602,118134,10,291518
7953,0.001437,172.31.36.0-255,66,118200,10,291518
7954,0.001515,74.125.68.0-255,1484,119684,10,291518
7955,0.001519,74.125.68.0-255,1484,121168,10,291518
7956,0.001522,172.31.36.0-255,66,121234,10,291518
7957,0.001538,74.125.68.0-255,1484,122718,10,291518
7958,0.001564,74.125.68.0-255,1484,124202,10,291518
7959,0.001573,74.125.68.0-255,5738,129940,10,291518
7960,0.00158,172.31.36.0-255,66,130006,10,291518
7961,0.001592,74.125.68.0-255,2902,132908,10,291518
7962,0.001606,172.31.36.0-255,66,132974,10,291518
7963,0.001619,74.125.68.0-255,7156,140130,10,291518
7964,0.001622,74.125.68.0-255,1484,141614,10,291518
7965,0.001627,172.31.36.0-255,66,141680,10,291518
7966,0.001645,74.125.68.0-255,5738,147418,10,291518
7967,0.001659,172.31.36.0-255,66,147484,10,291518
7968,0.001703,74.125.68.0-255,5020,152504,10,291518
7969,0.00171,172.31.36.0-255,66,152570,10,291518
7970,0.001845,74.125.68.0-255,1484,154054,10,291518
7971,0.001851,74.125.68.0-255,2902,156956,10,291518
7972,0.001854,172.31.36.0-255,66,157022,10,291518
7973,0.001878,74.125.68.0-255,5738,162760,10,291518
7974,0.001881,74.125.68.0-255,1484,164244,10,291518
7975,0.001922,74.125.68.0-255,2902,167146,10,291518
7976,0.001942,74.125.68.0-255,2902,170048,10,291518
7977,0.001955,74.125.68.0-255,2902,172950,10,291518
7978,0.001962,74.125.68.0-255,7156,180106,10,291518
7979,0.002012,74.125.68.0-255,5738,185844,10,291518
7980,0.002025,74.125.68.0-255,766,186610,10,291518
7981,0.002302,74.125.68.0-255,1484,188094,10,291518
7982,0.002307,74.125.68.0-255,1484,189578,10,291518
7983,0.002323,74.125.68.0-255,1484,191062,10,291518
7984,0.002329,74.125.68.0-255,4320,195382,10,291518
7985,0.002341,74.125.68.0-255,1484,196866,10,291518
7986,0.002343,74.125.68.0-255,1484,198350,10,291518
7987,0.002361,74.125.68.0-255,2902,201252,10,291518
7988,0.002402,74.125.68.0-255,5738,206990,10,291518
7989,0.002424,74.125.68.0-255,7156,214146,10,291518
7990,0.002454,74.125.68.0-255,6438,220584,10,291518
7991,0.002478,74.125.68.0-255,7156,227740,10,291518
7992,0.002503,74.125.68.0-255,4320,232060,10,291518
7993,0.00253,74.125.68.0-255,2902,234962,10,291518
7994,0.00255,74.125.68.0-255,2902,237864,10,291518
7995,0.002558,74.125.68.0-255,7156,245020,10,291518
7996,0.00687,172.31.36.0-255,66,245086,10,291518
7997,0.009441,74.125.68.0-255,5738,250824,10,291518
7998,0.009454,172.31.36.0-255,66,250890,10,291518
7999,0.012027,74.125.68.0-255,5738,256628,10,291518
8000,0.012043,172.31.36.0-255,66,256694,10,291518
8001,0.014634,74.125.68.0-255,5738,262432,10,291518
8002,0.014651,172.31.36.0-255,66,262498,10,291518
8003,0.017226,74.125.68.0-255,5738,268236,10,291518
8004,0.017246,172.31.36.0-255,66,268302,10,291518
8005,0.019806,74.125.68.0-255,5738,274040,10,291518
8006,0.019818,172.31.36.0-255,66,274106,10,291518
8007,0.022379,74.125.68.0-255,5738,279844,10,291518
8008,0.022396,172.31.36.0-255,66,279910,10,291518
8009,0.024967,74.125.68.0-255,5738,285648,10,291518
8010,0.024985,172.31.36.0-255,66,285714,10,291518
8011,0.027537,74.125.68.0-255,5738,291452,10,291518
8012,0.027546,172.31.36.0-255,66,291518,10,291518
8013,0.0,74.125.68.0-255,297,297,10,165017
8014,1.4e-05,172.31.36.0-255,66,363,10,165017
8015,2.1e-05,74.125.68.0-255,1484,1847,10,165017
8016,2.5e-05,172.31.36.0-255,66,1913,10,165017
8017,2.8e-05,74.125.68.0-255,1484,3397,10,165017
8018,3.1e-05,172.31.36.0-255,66,3463,10,165017
8019,5.1e-05,74.125.68.0-255,2902,6365,10,165017
8020,5.4e-05,172.31.36.0-255,66,6431,10,165017
8021,7.8e-05,74.125.68.0-255,4320,10751,10,165017
8022,8.1e-05,172.31.36.0-255,66,10817,10,165017
8023,9.8e-05,74.125.68.0-255,1484,12301,10,165017
8024,0.0001,172.31.36.0-255,66,12367,10,165017
8025,0.000138,74.125.68.0-255,1813,14180,10,165017
8026,0.000141,172.31.36.0-255,66,14246,10,165017
8027,0.000227,74.125.68.0-255,1484,15730,10,165017
8028,0.000231,172.31.36.0-255,66,15796,10,165017
8029,0.000247,74.125.68.0-255,2902,18698,10,165017
8030,0.00025,172.31.36.0-255,66,18764,10,165017
8031,0.000255,74.125.68.0-255,4320,23084,10,165017
8032,0.000259,172.31.36.0-255,66,23150,10,165017
8033,0.000277,74.125.68.0-255,1484,24634,10,165017
8034,0.000279,172.31.36.0-255,66,24700,10,165017
8035,0.000295,74.125.68.0-255,4320,29020,10,165017
8036,0.000298,172.31.36.0-255,66,29086,10,165017
8037,0.000319,74.125.68.0-255,2543,31629,10,165017
8038,0.000321,172.31.36.0-255,66,31695,10,165017
8039,0.00034,74.125.68.0-255,7156,38851,10,165017
8040,0.000343,172.31.36.0-255,66,38917,10,165017
8041,0.000373,172.31.36.0-255,66,38983,10,165017
8042,0.000404,172.31.36.0-255,66,39049,10,165017
8043,0.000416,74.125.68.0-255,1484,40533,10,165017
8044,0.000442,74.125.68.0-255,2902,43435,10,165017
8045,0.000446,172.31.36.0-255,66,43501,10,165017
8046,0.000477,74.125.68.0-255,2518,46019,10,165017
8047,0.00048,172.31.36.0-255,66,46085,10,165017
8048,0.000483,74.125.68.0-255,374,46459,10,165017
8049,0.0007,74.125.68.0-255,1484,47943,10,165017
8050,0.000704,172.31.36.0-255,66,48009,10,165017
8051,0.00071,74.125.68.0-255,2902,50911,10,165017
8052,0.000713,172.31.36.0-255,66,50977,10,165017
8053,0.000744,74.125.68.0-255,5738,56715,10,165017
8054,0.000748,172.31.36.0-255,66,56781,10,165017
8055,0.000754,74.125.68.0-255,4320,61101,10,165017
8056,0.000756,172.31.36.0-255,66,61167,10,165017
8057,0.000762,74.125.68.0-255,5738,66905,10,165017
8058,0.000764,172.31.36.0-255,66,66971,10,165017
8059,0.000803,74.125.68.0-255,4320,71291,10,165017
8060,0.000806,172.31.36.0-255,66,71357,10,165017
8061,0.000824,74.125.68.0-255,4320,75677,10,165017
8062,0.000827,172.31.36.0-255,66,75743,10,165017
8063,0.000861,74.125.68.0-255,5020,80763,10,165017
8064,0.000863,172.31.36.0-255,66,80829,10,165017
8065,0.002864,74.125.68.0-255,5738,86567,10,165017
8066,0.002871,172.31.36.0-255,66,86633,10,165017
8067,0.004871,74.125.68.0-255,5738,92371,10,165017
8068,0.004878,172.31.36.0-255,66,92437,10,165017
8069,0.006861,74.125.68.0-255,4320,96757,10,165017
8070,0.006865,172.31.36.0-255,66,96823,10,165017
8071,0.006882,74.125.68.0-255,1484,98307,10,165017
8072,0.008855,74.125.68.0-255,4320,102627,10,165017
8073,0.008862,172.31.36.0-255,66,102693,10,165017
8074,0.010889,74.125.68.0-255,5738,108431,10,165017
8075,0.010897,172.31.36.0-255,66,108497,10,165017
8076,0.012897,74.125.68.0-255,5738,114235,10,165017
8077,0.012905,172.31.36.0-255,66,114301,10,165017
8078,0.014914,74.125.68.0-255,5738,120039,10,165017
8079,0.014923,172.31.36.0-255,66,120105,10,165017
8080,0.016935,74.125.68.0-255,5738,125843,10,165017
8081,0.016943,172.31.36.0-255,66,125909,10,165017
8082,0.01895,74.125.68.0-255,5738,131647,10,165017
8083,0.018958,172.31.36.0-255,66,131713,10,165017
8084,0.020964,74.125.68.0-255,5738,137451,10,165017
8085,0.020972,172.31.36.0-255,66,137517,10,165017
8086,0.022973,74.125.68.0-255,5738,143255,10,165017
8087,0.022981,172.31.36.0-255,66,143321,10,165017
8088,0.024978,74.125.68.0-255,5738,149059,10,165017
8089,0.024986,172.31.36.0-255,66,149125,10,165017
8090,0.026998,74.125.68.0-255,5738,154863,10,165017
8091,0.027005,172.31.36.0-255,66,154929,10,165017
8092,0.028018,172.31.36.0-255,167,155096,10,165017
8093,0.028051,172.31.36.0-255,1108,156204,10,165017
8094,0.028108,172.31.36.0-255,1514,157718,10,165017
8095,0.02811,172.31.36.0-255,1297,159015,10,165017
8096,0.029011,74.125.68.0-255,5738,164753,10,165017
8097,0.029016,172.31.36.0-255,66,164819,10,165017
8098,0.029557,104.244.42.0-255,66,164885,10,165017
8099,0.029609,104.244.42.0-255,66,164951,10,165017
8100,0.029658,104.244.42.0-255,66,165017,10,165017
8101,0.0,74.125.68.0-255,151,151,10,151942
8102,2.2e-05,172.31.36.0-255,66,217,10,151942
8103,3e-05,74.125.68.0-255,1484,1701,10,151942
8104,3.6e-05,172.31.36.0-255,66,1767,10,151942
8105,4.1e-05,74.125.68.0-255,2902,4669,10,151942
8106,4.4e-05,172.31.36.0-255,66,4735,10,151942
8107,5e-05,74.125.68.0-255,4320,9055,10,151942
8108,5.3e-05,172.31.36.0-255,66,9121,10,151942
8109,6e-05,74.125.68.0-255,4909,14030,10,151942
8110,6.3e-05,172.31.36.0-255,66,14096,10,151942
8111,0.000122,74.125.68.0-255,1484,15580,10,151942
8112,0.000125,172.31.36.0-255,66,15646,10,151942
8113,0.000146,74.125.68.0-255,2902,18548,10,151942
8114,0.000148,172.31.36.0-255,66,18614,10,151942
8115,0.000152,74.125.68.0-255,1484,20098,10,151942
8116,0.000153,172.31.36.0-255,66,20164,10,151942
8117,0.000177,74.125.68.0-255,4320,24484,10,151942
8118,0.000183,74.125.68.0-255,5738,30222,10,151942
8119,0.000189,172.31.36.0-255,66,30288,10,151942
8120,0.000212,172.31.36.0-255,66,30354,10,151942
8121,0.000221,74.125.68.0-255,6797,37151,10,151942
8122,0.000224,172.31.36.0-255,66,37217,10,151942
8123,0.000228,74.125.68.0-255,1484,38701,10,151942
8124,0.00023,172.31.36.0-255,66,38767,10,151942
8125,0.000246,74.125.68.0-255,1484,40251,10,151942
8126,0.000248,172.31.36.0-255,66,40317,10,151942
8127,0.000301,74.125.68.0-255,5738,46055,10,151942
8128,0.000304,172.31.36.0-255,66,46121,10,151942
8129,0.000317,74.125.68.0-255,2543,48664,10,151942
8130,0.000319,172.31.36.0-255,66,48730,10,151942
8131,0.000346,74.125.68.0-255,1484,50214,10,151942
8132,0.000349,172.31.36.0-255,66,50280,10,151942
8133,0.000352,74.125.68.0-255,1484,51764,10,151942
8134,0.000369,74.125.68.0-255,1484,53248,10,151942
8135,0.000372,172.31.36.0-255,66,53314,10,151942
8136,0.000379,74.125.68.0-255,5738,59052,10,151942
8137,0.000381,172.31.36.0-255,66,59118,10,151942
8138,0.000386,74.125.68.0-255,2902,62020,10,151942
8139,0.000388,172.31.36.0-255,66,62086,10,151942
8140,0.000391,74.125.68.0-255,1484,63570,10,151942
8141,0.000418,74.125.68.0-255,2543,66113,10,151942
8142,0.000421,172.31.36.0-255,66,66179,10,151942
8143,0.000424,74.125.68.0-255,395,66574,10,151942
8144,0.001176,172.31.36.0-255,66,66640,10,151942
8145,0.002161,74.125.68.0-255,347,66987,10,151942
8146,0.002197,172.31.36.0-255,66,67053,10,151942
8147,0.002211,74.125.68.0-255,1484,68537,10,151942
8148,0.002215,74.125.68.0-255,1484,70021,10,151942
8149,0.002217,172.31.36.0-255,66,70087,10,151942
8150,0.002221,74.125.68.0-255,1484,71571,10,151942
8151,0.002233,74.125.68.0-255,1484,73055,10,151942
8152,0.002235,172.31.36.0-255,66,73121,10,151942
8153,0.00224,74.125.68.0-255,2902,76023,10,151942
8154,0.002242,172.31.36.0-255,66,76089,10,151942
8155,0.002261,74.125.68.0-255,2902,78991,10,151942
8156,0.002263,172.31.36.0-255,66,79057,10,151942
8157,0.002266,74.125.68.0-255,1484,80541,10,151942
8158,0.002295,172.31.36.0-255,66,80607,10,151942
8159,0.002308,74.125.68.0-255,1484,82091,10,151942
8160,0.002317,172.31.36.0-255,66,82157,10,151942
8161,0.004777,74.125.68.0-255,5738,87895,10,151942
8162,0.004782,172.31.36.0-255,66,87961,10,151942
8163,0.007294,74.125.68.0-255,5738,93699,10,151942
8164,0.007301,172.31.36.0-255,66,93765,10,151942
8165,0.009765,74.125.68.0-255,4320,98085,10,151942
8166,0.009775,172.31.36.0-255,66,98151,10,151942
8167,0.009797,74.125.68.0-255,1484,99635,10,151942
8168,0.012225,74.125.68.0-255,4320,103955,10,151942
8169,0.012232,172.31.36.0-255,66,104021,10,151942
8170,0.014709,74.125.68.0-255,5738,109759,10,151942
8171,0.014719,172.31.36.0-255,66,109825,10,151942
8172,0.017172,74.125.68.0-255,5738,115563,10,151942
8173,0.017181,172.31.36.0-255,66,115629,10,151942
8174,0.019638,74.125.68.0-255,5738,121367,10,151942
8175,0.019651,172.31.36.0-255,66,121433,10,151942
8176,0.022153,74.125.68.0-255,5738,127171,10,151942
8177,0.02216,172.31.36.0-255,66,127237,10,151942
8178,0.024464,172.31.36.0-255,172,127409,10,151942
8179,0.024493,172.31.36.0-255,1112,128521,10,151942
8180,0.024552,172.31.36.0-255,1514,130035,10,151942
8181,0.024554,172.31.36.0-255,1514,131549,10,151942
8182,0.024555,172.31.36.0-255,1514,133063,10,151942
8183,0.02458,172.31.36.0-255,1071,134134,10,151942
8184,0.024618,74.125.68.0-255,2902,137036,10,151942
8185,0.024623,172.31.36.0-255,66,137102,10,151942
8186,0.024638,74.125.68.0-255,2902,140004,10,151942
8187,0.02464,172.31.36.0-255,66,140070,10,151942
8188,0.026113,104.244.42.0-255,66,140136,10,151942
8189,0.026142,104.244.42.0-255,66,140202,10,151942
8190,0.02624,104.244.42.0-255,66,140268,10,151942
8191,0.026254,104.244.42.0-255,66,140334,10,151942
8192,0.027083,74.125.68.0-255,5738,146072,10,151942
8193,0.027088,172.31.36.0-255,66,146138,10,151942
8194,0.029561,74.125.68.0-255,5738,151876,10,151942
8195,0.029567,172.31.36.0-255,66,151942,10,151942
8196,0.0,74.125.24.0-255,307,307,10,191499
8197,3.3e-05,172.31.36.0-255,66,373,10,191499
8198,4e-05,74.125.24.0-255,1484,1857,10,191499
8199,4.5e-05,172.31.36.0-255,66,1923,10,191499
8200,5.1e-05,74.125.24.0-255,4320,6243,10,191499
8201,6.2e-05,172.31.36.0-255,66,6309,10,191499
8202,6.8e-05,74.125.24.0-255,5738,12047,10,191499
8203,7e-05,172.31.36.0-255,66,12113,10,191499
8204,0.000119,74.125.24.0-255,6093,18206,10,191499
8205,0.000122,172.31.36.0-255,66,18272,10,191499
8206,0.000139,74.125.24.0-255,1484,19756,10,191499
8207,0.000141,172.31.36.0-255,66,19822,10,191499
8208,0.000173,74.125.24.0-255,5738,25560,10,191499
8209,0.000176,172.31.36.0-255,66,25626,10,191499
8210,0.000181,74.125.24.0-255,2902,28528,10,191499
8211,0.000183,172.31.36.0-255,66,28594,10,191499
8212,0.000213,74.125.24.0-255,7156,35750,10,191499
8213,0.000216,172.31.36.0-255,66,35816,10,191499
8214,0.000228,74.125.24.0-255,1484,37300,10,191499
8215,0.000231,172.31.36.0-255,66,37366,10,191499
8216,0.00027,172.31.36.0-255,66,37432,10,191499
8217,0.000272,74.125.24.0-255,766,38198,10,191499
8218,0.000275,172.31.36.0-255,66,38264,10,191499
8219,0.000807,74.125.24.0-255,1484,39748,10,191499
8220,0.000813,172.31.36.0-255,66,39814,10,191499
8221,0.000822,74.125.24.0-255,2902,42716,10,191499
8222,0.000826,172.31.36.0-255,66,42782,10,191499
8223,0.000839,74.125.24.0-255,5738,48520,10,191499
8224,0.000842,172.31.36.0-255,66,48586,10,191499
8225,0.000872,74.125.24.0-255,7155,55741,10,191499
8226,0.000881,172.31.36.0-255,66,55807,10,191499
8227,0.001348,74.125.24.0-255,1484,57291,10,191499
8228,0.001356,74.125.24.0-255,2902,60193,10,191499
8229,0.001361,172.31.36.0-255,66,60259,10,191499
8230,0.001369,74.125.24.0-255,5738,65997,10,191499
8231,0.00137,172.31.36.0-255,66,66063,10,191499
8232,0.001402,172.31.36.0-255,66,66129,10,191499
8233,0.001438,172.31.36.0-255,66,66195,10,191499
8234,0.001461,74.125.24.0-255,3602,69797,10,191499
8235,0.00148,172.31.36.0-255,66,69863,10,191499
8236,0.001536,74.125.24.0-255,1484,71347,10,191499
8237,0.001541,74.125.24.0-255,1484,72831,10,191499
8238,0.001545,172.31.36.0-255,66,72897,10,191499
8239,0.001572,74.125.24.0-255,1484,74381,10,191499
8240,0.001591,74.125.24.0-255,5738,80119,10,191499
8241,0.001594,172.31.36.0-255,66,80185,10,191499
8242,0.001599,74.125.24.0-255,2902,83087,10,191499
8243,0.001601,172.31.36.0-255,66,83153,10,191499
8244,0.001622,172.31.36.0-255,66,83219,10,191499
8245,0.001652,74.125.24.0-255,1484,84703,10,191499
8246,0.001665,172.31.36.0-255,66,84769,10,191499
8247,0.001727,172.31.36.0-255,66,84835,10,191499
8248,0.00173,74.125.24.0-255,1484,86319,10,191499
8249,0.001734,74.125.24.0-255,2902,89221,10,191499
8250,0.001736,172.31.36.0-255,66,89287,10,191499
8251,0.001745,74.125.24.0-255,4320,93607,10,191499
8252,0.001748,172.31.36.0-255,66,93673,10,191499
8253,0.001769,74.125.24.0-255,1484,95157,10,191499
8254,0.001776,74.125.24.0-255,5738,100895,10,191499
8255,0.001778,172.31.36.0-255,66,100961,10,191499
8256,0.001798,74.125.24.0-255,4320,105281,10,191499
8257,0.0018,172.31.36.0-255,66,105347,10,191499
8258,0.001826,74.125.24.0-255,2184,107531,10,191499
8259,0.001828,172.31.36.0-255,66,107597,10,191499
8260,0.002034,74.125.24.0-255,1484,109081,10,191499
8261,0.002053,74.125.24.0-255,1484,110565,10,191499
8262,0.002055,172.31.36.0-255,66,110631,10,191499
8263,0.002078,74.125.24.0-255,1484,112115,10,191499
8264,0.002083,74.125.24.0-255,4320,116435,10,191499
8265,0.002085,172.31.36.0-255,66,116501,10,191499
8266,0.002104,74.125.24.0-255,1484,117985,10,191499
8267,0.002107,74.125.24.0-255,1484,119469,10,191499
8268,0.002109,172.31.36.0-255,66,119535,10,191499
8269,0.002139,172.31.36.0-255,66,119601,10,191499
8270,0.002167,74.125.24.0-255,2902,122503,10,191499
8271,0.00217,172.31.36.0-255,66,122569,10,191499
8272,0.002196,74.125.24.0-255,4320,126889,10,191499
8273,0.002199,172.31.36.0-255,66,126955,10,191499
8274,0.002206,74.125.24.0-255,6438,133393,10,191499
8275,0.002208,172.31.36.0-255,66,133459,10,191499
8276,0.004773,74.125.24.0-255,5738,139197,10,191499
8277,0.004776,172.31.36.0-255,66,139263,10,191499
8278,0.007317,74.125.24.0-255,5738,145001,10,191499
8279,0.007326,172.31.36.0-255,66,145067,10,191499
8280,0.009867,74.125.24.0-255,5738,150805,10,191499
8281,0.009874,172.31.36.0-255,66,150871,10,191499
8282,0.012469,74.125.24.0-255,5738,156609,10,191499
8283,0.012476,172.31.36.0-255,66,156675,10,191499
8284,0.015067,74.125.24.0-255,5738,162413,10,191499
8285,0.015076,172.31.36.0-255,66,162479,10,191499
8286,0.017627,74.125.24.0-255,5738,168217,10,191499
8287,0.017635,172.31.36.0-255,66,168283,10,191499
8288,0.0202,74.125.24.0-255,5738,174021,10,191499
8289,0.020207,172.31.36.0-255,66,174087,10,191499
8290,0.022776,74.125.24.0-255,5738,179825,10,191499
8291,0.022783,172.31.36.0-255,66,179891,10,191499
8292,0.025353,74.125.24.0-255,5738,185629,10,191499
8293,0.025362,172.31.36.0-255,66,185695,10,191499
8294,0.028004,74.125.24.0-255,5738,191433,10,191499
8295,0.028024,172.31.36.0-255,66,191499,10,191499
8296,0.0,74.125.24.0-255,143,143,10,180849
8297,3e-05,74.125.24.0-255,1484,1627,10,180849
8298,4.2e-05,172.31.36.0-255,66,1693,10,180849
8299,5.2e-05,74.125.24.0-255,2902,4595,10,180849
8300,5.5e-05,172.31.36.0-255,66,4661,10,180849
8301,7.1e-05,74.125.24.0-255,7156,11817,10,180849
8302,7.4e-05,172.31.36.0-255,66,11883,10,180849
8303,0.000122,172.31.36.0-255,66,11949,10,180849
8304,0.000125,74.125.24.0-255,1484,13433,10,180849
8305,0.000152,74.125.24.0-255,6797,20230,10,180849
8306,0.000155,172.31.36.0-255,66,20296,10,180849
8307,0.000235,74.125.24.0-255,1484,21780,10,180849
8308,0.000241,74.125.24.0-255,2902,24682,10,180849
8309,0.000246,172.31.36.0-255,66,24748,10,180849
8310,0.00026,74.125.24.0-255,4320,29068,10,180849
8311,0.000269,172.31.36.0-255,66,29134,10,180849
8312,0.000281,74.125.24.0-255,1484,30618,10,180849
8313,0.000293,74.125.24.0-255,7156,37774,10,180849
8314,0.000296,172.31.36.0-255,66,37840,10,180849
8315,0.000325,74.125.24.0-255,4320,42160,10,180849
8316,0.000328,172.31.36.0-255,66,42226,10,180849
8317,0.000331,74.125.24.0-255,1484,43710,10,180849
8318,0.000375,172.31.36.0-255,66,43776,10,180849
8319,0.000444,74.125.24.0-255,1484,45260,10,180849
8320,0.000463,74.125.24.0-255,2902,48162,10,180849
8321,0.000466,172.31.36.0-255,66,48228,10,180849
8322,0.000471,74.125.24.0-255,2902,51130,10,180849
8323,0.000473,172.31.36.0-255,66,51196,10,180849
8324,0.000496,74.125.24.0-255,2902,54098,10,180849
8325,0.000504,172.31.36.0-255,66,54164,10,180849
8326,0.000518,172.31.36.0-255,66,54230,10,180849
8327,0.000554,74.125.24.0-255,5738,59968,10,180849
8328,0.000557,172.31.36.0-255,66,60034,10,180849
8329,0.00059,74.125.24.0-255,5020,65054,10,180849
8330,0.000593,172.31.36.0-255,66,65120,10,180849
8331,0.000622,74.125.24.0-255,1484,66604,10,180849
8332,0.00064,74.125.24.0-255,2902,69506,10,180849
8333,0.000643,172.31.36.0-255,66,69572,10,180849
8334,0.000647,74.125.24.0-255,1484,71056,10,180849
8335,0.000672,74.125.24.0-255,4320,75376,10,180849
8336,0.000675,172.31.36.0-255,66,75442,10,180849
8337,0.000683,74.125.24.0-255,6234,81676,10,180849
8338,0.000685,172.31.36.0-255,66,81742,10,180849
8339,0.000995,74.125.24.0-255,1484,83226,10,180849
8340,0.001012,74.125.24.0-255,2902,86128,10,180849
8341,0.001016,172.31.36.0-255,66,86194,10,180849
8342,0.001022,74.125.24.0-255,5738,91932,10,180849
8343,0.001024,172.31.36.0-255,66,91998,10,180849
8344,0.001047,74.125.24.0-255,2902,94900,10,180849
8345,0.00105,172.31.36.0-255,66,94966,10,180849
8346,0.001078,74.125.24.0-255,2951,97917,10,180849
8347,0.001081,172.31.36.0-255,66,97983,10,180849
8348,0.00122,74.125.24.0-255,1484,99467,10,180849
8349,0.001225,74.125.24.0-255,2902,102369,10,180849
8350,0.001228,172.31.36.0-255,66,102435,10,180849
8351,0.001234,74.125.24.0-255,2902,105337,10,180849
8352,0.001236,172.31.36.0-255,66,105403,10,180849
8353,0.001263,74.125.24.0-255,2902,108305,10,180849
8354,0.001266,172.31.36.0-255,66,108371,10,180849
8355,0.001272,74.125.24.0-255,5738,114109,10,180849
8356,0.001275,172.31.36.0-255,66,114175,10,180849
8357,0.001294,172.31.36.0-255,66,114241,10,180849
8358,0.001328,74.125.24.0-255,1484,115725,10,180849
8359,0.001334,74.125.24.0-255,5020,120745,10,180849
8360,0.001341,172.31.36.0-255,66,120811,10,180849
8361,0.002105,74.125.24.0-255,1484,122295,10,180849
8362,0.002127,74.125.24.0-255,2902,125197,10,180849
8363,0.002132,172.31.36.0-255,66,125263,10,180849
8364,0.002139,74.125.24.0-255,5738,131001,10,180849
8365,0.002141,172.31.36.0-255,66,131067,10,180849
8366,0.002152,74.125.24.0-255,4320,135387,10,180849
8367,0.002155,172.31.36.0-255,66,135453,10,180849
8368,0.002199,172.31.36.0-255,66,135519,10,180849
8369,0.002209,172.31.36.0-255,66,135585,10,180849
8370,0.002239,74.125.24.0-255,2184,137769,10,180849
8371,0.002243,172.31.36.0-255,66,137835,10,180849
8372,0.002362,74.125.24.0-255,1484,139319,10,180849
8373,0.002368,74.125.24.0-255,2902,142221,10,180849
8374,0.00237,172.31.36.0-255,66,142287,10,180849
8375,0.002401,74.125.24.0-255,5738,148025,10,180849
8376,0.002404,172.31.36.0-255,66,148091,10,180849
8377,0.002415,172.31.36.0-255,66,148157,10,180849
8378,0.002445,74.125.24.0-255,4320,152477,10,180849
8379,0.002448,172.31.36.0-255,66,152543,10,180849
8380,0.002467,172.31.36.0-255,66,152609,10,180849
8381,0.00251,172.31.36.0-255,66,152675,10,180849
8382,0.002548,172.31.36.0-255,66,152741,10,180849
8383,0.002581,74.125.24.0-255,2902,155643,10,180849
8384,0.002585,172.31.36.0-255,66,155709,10,180849
8385,0.002611,172.31.36.0-255,66,155775,10,180849
8386,0.002616,74.125.24.0-255,2902,158677,10,180849
8387,0.002618,172.31.36.0-255,66,158743,10,180849
8388,0.002666,172.31.36.0-255,66,158809,10,180849
8389,0.002687,172.31.36.0-255,66,158875,10,180849
8390,0.002699,172.31.36.0-255,66,158941,10,180849
8391,0.002769,172.31.36.0-255,66,159007,10,180849
8392,0.002811,172.31.36.0-255,66,159073,10,180849
8393,0.002828,74.125.24.0-255,1484,160557,10,180849
8394,0.00283,74.125.24.0-255,1484,162041,10,180849
8395,0.00283,172.31.36.0-255,66,162107,10,180849
8396,0.002835,172.31.36.0-255,66,162173,10,180849
8397,0.002843,172.31.36.0-255,66,162239,10,180849
8398,0.002845,74.125.24.0-255,766,163005,10,180849
8399,0.002851,74.125.24.0-255,5738,168743,10,180849
8400,0.002853,172.31.36.0-255,66,168809,10,180849
8401,0.002858,74.125.24.0-255,2902,171711,10,180849
8402,0.00286,172.31.36.0-255,66,171777,10,180849
8403,0.002862,74.125.24.0-255,1484,173261,10,180849
8404,0.002867,74.125.24.0-255,3765,177026,10,180849
8405,0.00287,74.125.24.0-255,97,177123,10,180849
8406,0.002872,74.125.24.0-255,105,177228,10,180849
8407,0.002877,172.31.36.0-255,66,177294,10,180849
8408,0.004153,172.31.36.0-255,66,177360,10,180849
8409,0.00418,172.31.36.0-255,105,177465,10,180849
8410,0.006789,74.125.24.0-255,66,177531,10,180849
8411,0.023949,172.31.36.0-255,166,177697,10,180849
8412,0.024008,172.31.36.0-255,1135,178832,10,180849
8413,0.024055,172.31.36.0-255,1514,180346,10,180849
8414,0.024057,172.31.36.0-255,305,180651,10,180849
8415,0.025611,104.244.42.0-255,66,180717,10,180849
8416,0.025653,104.244.42.0-255,66,180783,10,180849
8417,0.025704,104.244.42.0-255,66,180849,10,180849
8418,0.0,74.125.200.0-255,298,298,10,137332
8419,1.5e-05,172.31.36.0-255,66,364,10,137332
8420,2e-05,74.125.200.0-255,1484,1848,10,137332
8421,2.4e-05,172.31.36.0-255,66,1914,10,137332
8422,4.6e-05,74.125.200.0-255,4320,6234,10,137332
8423,4.9e-05,172.31.36.0-255,66,6300,10,137332
8424,9e-05,74.125.200.0-255,5738,12038,10,137332
8425,9.4e-05,172.31.36.0-255,66,12104,10,137332
8426,0.000106,74.125.200.0-255,1888,13992,10,137332
8427,0.000109,172.31.36.0-255,66,14058,10,137332
8428,0.000374,74.125.200.0-255,1484,15542,10,137332
8429,0.000379,172.31.36.0-255,66,15608,10,137332
8430,0.000386,74.125.200.0-255,2902,18510,10,137332
8431,0.000389,172.31.36.0-255,66,18576,10,137332
8432,0.000427,74.125.200.0-255,5738,24314,10,137332
8433,0.00043,172.31.36.0-255,66,24380,10,137332
8434,0.000489,74.125.200.0-255,1484,25864,10,137332
8435,0.000493,172.31.36.0-255,66,25930,10,137332
8436,0.000515,74.125.200.0-255,2902,28832,10,137332
8437,0.000518,172.31.36.0-255,66,28898,10,137332
8438,0.000552,74.125.200.0-255,4320,33218,10,137332
8439,0.000555,172.31.36.0-255,66,33284,10,137332
8440,0.000569,74.125.200.0-255,2543,35827,10,137332
8441,0.000571,172.31.36.0-255,66,35893,10,137332
8442,0.000657,74.125.200.0-255,7156,43049,10,137332
8443,0.000661,172.31.36.0-255,66,43115,10,137332
8444,0.00068,74.125.200.0-255,4320,47435,10,137332
8445,0.000683,172.31.36.0-255,66,47501,10,137332
8446,0.00082,74.125.200.0-255,4320,51821,10,137332
8447,0.000824,172.31.36.0-255,66,51887,10,137332
8448,0.000855,172.31.36.0-255,66,51953,10,137332
8449,0.001013,74.125.200.0-255,5343,57296,10,137332
8450,0.001017,172.31.36.0-255,66,57362,10,137332
8451,0.001084,74.125.200.0-255,5738,63100,10,137332
8452,0.001112,172.31.36.0-255,66,63166,10,137332
8453,0.001123,172.31.36.0-255,66,63232,10,137332
8454,0.001409,172.31.36.0-255,66,63298,10,137332
8455,0.001467,172.31.36.0-255,66,63364,10,137332
8456,0.001818,74.125.200.0-255,4320,67684,10,137332
8457,0.001824,172.31.36.0-255,66,67750,10,137332
8458,0.002296,74.125.200.0-255,5738,73488,10,137332
8459,0.002973,74.125.200.0-255,5738,79226,10,137332
8460,0.005231,172.31.36.0-255,66,79292,10,137332
8461,0.007259,74.125.200.0-255,5738,85030,10,137332
8462,0.00727,172.31.36.0-255,66,85096,10,137332
8463,0.009296,74.125.200.0-255,5738,90834,10,137332
8464,0.009302,172.31.36.0-255,66,90900,10,137332
8465,0.011334,74.125.200.0-255,5738,96638,10,137332
8466,0.011341,172.31.36.0-255,66,96704,10,137332
8467,0.013378,74.125.200.0-255,5738,102442,10,137332
8468,0.016574,172.31.36.0-255,66,102508,10,137332
8469,0.018609,74.125.200.0-255,5738,108246,10,137332
8470,0.018622,172.31.36.0-255,66,108312,10,137332
8471,0.02066,74.125.200.0-255,5738,114050,10,137332
8472,0.02067,172.31.36.0-255,66,114116,10,137332
8473,0.022704,74.125.200.0-255,5738,119854,10,137332
8474,0.022712,172.31.36.0-255,66,119920,10,137332
8475,0.024742,74.125.200.0-255,5738,125658,10,137332
8476,0.025501,172.31.36.0-255,66,125724,10,137332
8477,0.027549,74.125.200.0-255,5738,131462,10,137332
8478,0.027562,172.31.36.0-255,66,131528,10,137332
8479,0.029595,74.125.200.0-255,5738,137266,10,137332
8480,0.029603,172.31.36.0-255,66,137332,10,137332
8481,0.0,172.31.36.0-255,66,66,10,66
8482,0.0,74.125.24.0-255,66,66,10,66
8483,0.0,172.217.194.0-255,156,156,10,212338
8484,2.5e-05,172.31.36.0-255,66,222,10,212338
8485,3.2e-05,172.217.194.0-255,1484,1706,10,212338
8486,3.7e-05,172.31.36.0-255,66,1772,10,212338
8487,4.3e-05,172.217.194.0-255,2902,4674,10,212338
8488,4.8e-05,172.31.36.0-255,66,4740,10,212338
8489,5.6e-05,172.217.194.0-255,7156,11896,10,212338
8490,5.9e-05,172.31.36.0-255,66,11962,10,212338
8491,6.3e-05,172.217.194.0-255,2057,14019,10,212338
8492,6.5e-05,172.31.36.0-255,66,14085,10,212338
8493,9.5e-05,172.217.194.0-255,1484,15569,10,212338
8494,9.8e-05,172.31.36.0-255,66,15635,10,212338
8495,0.000117,172.217.194.0-255,2902,18537,10,212338
8496,0.00012,172.31.36.0-255,66,18603,10,212338
8497,0.000126,172.217.194.0-255,5738,24341,10,212338
8498,0.000129,172.31.36.0-255,66,24407,10,212338
8499,0.000165,172.217.194.0-255,6797,31204,10,212338
8500,0.000168,172.31.36.0-255,66,31270,10,212338
8501,0.000175,172.217.194.0-255,7156,38426,10,212338
8502,0.000178,172.31.36.0-255,66,38492,10,212338
8503,0.000199,172.217.194.0-255,4320,42812,10,212338
8504,0.000201,172.31.36.0-255,66,42878,10,212338
8505,0.000224,172.217.194.0-255,5379,48257,10,212338
8506,0.000226,172.31.36.0-255,66,48323,10,212338
8507,0.000234,172.217.194.0-255,5738,54061,10,212338
8508,0.000236,172.31.36.0-255,66,54127,10,212338
8509,0.000254,172.217.194.0-255,4320,58447,10,212338
8510,0.000256,172.31.36.0-255,66,58513,10,212338
8511,0.000264,172.217.194.0-255,6797,65310,10,212338
8512,0.000267,172.31.36.0-255,66,65376,10,212338
8513,0.00027,172.217.194.0-255,359,65735,10,212338
8514,0.000272,172.31.36.0-255,66,65801,10,212338
8515,0.000332,172.217.194.0-255,384,66185,10,212338
8516,0.000483,172.217.194.0-255,1484,67669,10,212338
8517,0.000488,172.31.36.0-255,66,67735,10,212338
8518,0.000493,172.217.194.0-255,1484,69219,10,212338
8519,0.000509,172.217.194.0-255,1484,70703,10,212338
8520,0.000511,172.31.36.0-255,66,70769,10,212338
8521,0.000518,172.217.194.0-255,5738,76507,10,212338
8522,0.00052,172.31.36.0-255,66,76573,10,212338
8523,0.000564,172.217.194.0-255,6248,82821,10,212338
8524,0.000573,172.31.36.0-255,66,82887,10,212338
8525,0.000942,172.217.194.0-255,1484,84371,10,212338
8526,0.000949,172.217.194.0-255,2902,87273,10,212338
8527,0.000953,172.31.36.0-255,66,87339,10,212338
8528,0.000961,172.217.194.0-255,5738,93077,10,212338
8529,0.000963,172.31.36.0-255,66,93143,10,212338
8530,0.00097,172.217.194.0-255,5738,98881,10,212338
8531,0.000972,172.31.36.0-255,66,98947,10,212338
8532,0.001013,172.31.36.0-255,66,99013,10,212338
8533,0.001019,172.217.194.0-255,5020,104033,10,212338
8534,0.001021,172.31.36.0-255,66,104099,10,212338
8535,0.001596,172.217.194.0-255,1484,105583,10,212338
8536,0.001606,172.217.194.0-255,2902,108485,10,212338
8537,0.00161,172.31.36.0-255,66,108551,10,212338
8538,0.001617,172.217.194.0-255,5738,114289,10,212338
8539,0.001619,172.31.36.0-255,66,114355,10,212338
8540,0.001624,172.217.194.0-255,2902,117257,10,212338
8541,0.001626,172.31.36.0-255,66,117323,10,212338
8542,0.001646,172.217.194.0-255,4320,121643,10,212338
8543,0.001649,172.31.36.0-255,66,121709,10,212338
8544,0.001657,172.217.194.0-255,7156,128865,10,212338
8545,0.001659,172.31.36.0-255,66,128931,10,212338
8546,0.001678,172.217.194.0-255,7156,136087,10,212338
8547,0.001681,172.31.36.0-255,66,136153,10,212338
8548,0.001685,172.217.194.0-255,2184,138337,10,212338
8549,0.001687,172.31.36.0-255,66,138403,10,212338
8550,0.00395,172.217.194.0-255,5738,144141,10,212338
8551,0.003957,172.31.36.0-255,66,144207,10,212338
8552,0.006268,172.217.194.0-255,5738,149945,10,212338
8553,0.006274,172.31.36.0-255,66,150011,10,212338
8554,0.008559,172.217.194.0-255,5738,155749,10,212338
8555,0.008566,172.31.36.0-255,66,155815,10,212338
8556,0.010843,172.217.194.0-255,5738,161553,10,212338
8557,0.010853,172.31.36.0-255,66,161619,10,212338
8558,0.013086,172.217.194.0-255,5738,167357,10,212338
8559,0.013095,172.31.36.0-255,66,167423,10,212338
8560,0.015387,172.217.194.0-255,5738,173161,10,212338
8561,0.015397,172.31.36.0-255,66,173227,10,212338
8562,0.017669,172.217.194.0-255,5738,178965,10,212338
8563,0.017677,172.31.36.0-255,66,179031,10,212338
8564,0.019946,172.217.194.0-255,5738,184769,10,212338
8565,0.019955,172.31.36.0-255,66,184835,10,212338
8566,0.022196,172.217.194.0-255,5738,190573,10,212338
8567,0.022204,172.31.36.0-255,66,190639,10,212338
8568,0.024508,172.217.194.0-255,5738,196377,10,212338
8569,0.024516,172.31.36.0-255,66,196443,10,212338
8570,0.02654,172.31.36.0-255,172,196615,10,212338
8571,0.026572,172.31.36.0-255,1108,197723,10,212338
8572,0.026636,172.31.36.0-255,1514,199237,10,212338
8573,0.026638,172.31.36.0-255,1295,200532,10,212338
8574,0.026771,172.217.194.0-255,5738,206270,10,212338
8575,0.026778,172.31.36.0-255,66,206336,10,212338
8576,0.028105,104.244.42.0-255,66,206402,10,212338
8577,0.028278,104.244.42.0-255,66,206468,10,212338
8578,0.028331,104.244.42.0-255,66,206534,10,212338
8579,0.02906,172.217.194.0-255,5738,212272,10,212338
8580,0.029066,172.31.36.0-255,66,212338,10,212338
8581,0.0,74.125.130.0-255,142,142,10,247395
8582,2.8e-05,172.31.36.0-255,66,208,10,247395
8583,3.5e-05,74.125.130.0-255,1484,1692,10,247395
8584,4e-05,172.31.36.0-255,66,1758,10,247395
8585,4.3e-05,74.125.130.0-255,1484,3242,10,247395
8586,4.6e-05,172.31.36.0-255,66,3308,10,247395
8587,6.9e-05,74.125.130.0-255,1484,4792,10,247395
8588,7.1e-05,172.31.36.0-255,66,4858,10,247395
8589,8.8e-05,74.125.130.0-255,4320,9178,10,247395
8590,9.1e-05,172.31.36.0-255,66,9244,10,247395
8591,0.000113,74.125.130.0-255,2902,12146,10,247395
8592,0.000115,172.31.36.0-255,66,12212,10,247395
8593,0.000134,74.125.130.0-255,2082,14294,10,247395
8594,0.000137,172.31.36.0-255,66,14360,10,247395
8595,0.000246,74.125.130.0-255,1484,15844,10,247395
8596,0.00025,172.31.36.0-255,66,15910,10,247395
8597,0.000264,74.125.130.0-255,1484,17394,10,247395
8598,0.000267,172.31.36.0-255,66,17460,10,247395
8599,0.000271,74.125.130.0-255,2902,20362,10,247395
8600,0.000274,172.31.36.0-255,66,20428,10,247395
8601,0.000348,74.125.130.0-255,2902,23330,10,247395
8602,0.000352,172.31.36.0-255,66,23396,10,247395
8603,0.000374,74.125.130.0-255,2902,26298,10,247395
8604,0.000377,172.31.36.0-255,66,26364,10,247395
8605,0.00038,74.125.130.0-255,1484,27848,10,247395
8606,0.000384,74.125.130.0-255,2902,30750,10,247395
8607,0.000385,172.31.36.0-255,66,30816,10,247395
8608,0.00039,172.31.36.0-255,66,30882,10,247395
8609,0.000406,74.125.130.0-255,1125,32007,10,247395
8610,0.000409,172.31.36.0-255,66,32073,10,247395
8611,0.000519,74.125.130.0-255,1484,33557,10,247395
8612,0.000523,172.31.36.0-255,66,33623,10,247395
8613,0.000528,74.125.130.0-255,2902,36525,10,247395
8614,0.000531,172.31.36.0-255,66,36591,10,247395
8615,0.000549,74.125.130.0-255,5738,42329,10,247395
8616,0.000552,172.31.36.0-255,66,42395,10,247395
8617,0.000575,74.125.130.0-255,5738,48133,10,247395
8618,0.000578,172.31.36.0-255,66,48199,10,247395
8619,0.000612,74.125.130.0-255,4320,52519,10,247395
8620,0.000615,172.31.36.0-255,66,52585,10,247395
8621,0.000632,74.125.130.0-255,2543,55128,10,247395
8622,0.000635,172.31.36.0-255,66,55194,10,247395
8623,0.000639,74.125.130.0-255,1484,56678,10,247395
8624,0.000661,74.125.130.0-255,2902,59580,10,247395
8625,0.000665,172.31.36.0-255,66,59646,10,247395
8626,0.000688,74.125.130.0-255,6797,66443,10,247395
8627,0.000692,172.31.36.0-255,66,66509,10,247395
8628,0.000731,74.125.130.0-255,645,67154,10,247395
8629,0.000849,74.125.130.0-255,1484,68638,10,247395
8630,0.000853,172.31.36.0-255,66,68704,10,247395
8631,0.000857,74.125.130.0-255,2902,71606,10,247395
8632,0.00086,172.31.36.0-255,66,71672,10,247395
8633,0.000891,74.125.130.0-255,4320,75992,10,247395
8634,0.000895,172.31.36.0-255,66,76058,10,247395
8635,0.0009,74.125.130.0-255,2902,78960,10,247395
8636,0.000902,172.31.36.0-255,66,79026,10,247395
8637,0.000916,74.125.130.0-255,2902,81928,10,247395
8638,0.00092,172.31.36.0-255,66,81994,10,247395
8639,0.000953,172.31.36.0-255,66,82060,10,247395
8640,0.000957,74.125.130.0-255,2902,84962,10,247395
8641,0.00096,172.31.36.0-255,66,85028,10,247395
8642,0.000979,74.125.130.0-255,5738,90766,10,247395
8643,0.000981,172.31.36.0-255,66,90832,10,247395
8644,0.000985,74.125.130.0-255,2543,93375,10,247395
8645,0.000989,172.31.36.0-255,66,93441,10,247395
8646,0.001235,74.125.130.0-255,1484,94925,10,247395
8647,0.001257,74.125.130.0-255,2902,97827,10,247395
8648,0.00126,172.31.36.0-255,66,97893,10,247395
8649,0.00128,74.125.130.0-255,4320,102213,10,247395
8650,0.001282,172.31.36.0-255,66,102279,10,247395
8651,0.001303,74.125.130.0-255,1484,103763,10,247395
8652,0.001308,74.125.130.0-255,2902,106665,10,247395
8653,0.00131,172.31.36.0-255,66,106731,10,247395
8654,0.001328,74.125.130.0-255,4320,111051,10,247395
8655,0.001331,172.31.36.0-255,66,111117,10,247395
8656,0.001335,74.125.130.0-255,1484,112601,10,247395
8657,0.001355,74.125.130.0-255,1484,114085,10,247395
8658,0.001358,172.31.36.0-255,66,114151,10,247395
8659,0.001363,74.125.130.0-255,2902,117053,10,247395
8660,0.001366,172.31.36.0-255,66,117119,10,247395
8661,0.001378,74.125.130.0-255,1484,118603,10,247395
8662,0.001382,74.125.130.0-255,1484,120087,10,247395
8663,0.001384,172.31.36.0-255,66,120153,10,247395
8664,0.001389,74.125.130.0-255,2902,123055,10,247395
8665,0.001391,172.31.36.0-255,66,123121,10,247395
8666,0.001458,74.125.130.0-255,1484,124605,10,247395
8667,0.001476,74.125.130.0-255,3602,128207,10,247395
8668,0.001479,172.31.36.0-255,66,128273,10,247395
8669,0.002041,74.125.130.0-255,1484,129757,10,247395
8670,0.00205,74.125.130.0-255,2902,132659,10,247395
8671,0.002054,172.31.36.0-255,66,132725,10,247395
8672,0.00206,74.125.130.0-255,4320,137045,10,247395
8673,0.002062,172.31.36.0-255,66,137111,10,247395
8674,0.002101,74.125.130.0-255,1484,138595,10,247395
8675,0.002119,74.125.130.0-255,2902,141497,10,247395
8676,0.002121,172.31.36.0-255,66,141563,10,247395
8677,0.002144,74.125.130.0-255,5738,147301,10,247395
8678,0.002147,172.31.36.0-255,66,147367,10,247395
8679,0.00215,74.125.130.0-255,1484,148851,10,247395
8680,0.002176,74.125.130.0-255,5738,154589,10,247395
8681,0.002178,172.31.36.0-255,66,154655,10,247395
8682,0.002206,172.31.36.0-255,66,154721,10,247395
8683,0.002318,74.125.130.0-255,1484,156205,10,247395
8684,0.002321,74.125.130.0-255,1484,157689,10,247395
8685,0.002323,172.31.36.0-255,66,157755,10,247395
8686,0.002369,74.125.130.0-255,1484,159239,10,247395
8687,0.002374,74.125.130.0-255,1484,160723,10,247395
8688,0.002377,172.31.36.0-255,66,160789,10,247395
8689,0.002381,74.125.130.0-255,2902,163691,10,247395
8690,0.002384,172.31.36.0-255,66,163757,10,247395
8691,0.002389,74.125.130.0-255,5738,169495,10,247395
8692,0.002392,172.31.36.0-255,66,169561,10,247395
8693,0.002417,74.125.130.0-255,5738,175299,10,247395
8694,0.00242,172.31.36.0-255,66,175365,10,247395
8695,0.002444,74.125.130.0-255,4320,179685,10,247395
8696,0.002447,172.31.36.0-255,66,179751,10,247395
8697,0.002455,74.125.130.0-255,5738,185489,10,247395
8698,0.002458,172.31.36.0-255,66,185555,10,247395
8699,0.002472,74.125.130.0-255,3602,189157,10,247395
8700,0.002476,172.31.36.0-255,66,189223,10,247395
8701,0.005137,74.125.130.0-255,2902,192125,10,247395
8702,0.005142,172.31.36.0-255,66,192191,10,247395
8703,0.005157,74.125.130.0-255,2902,195093,10,247395
8704,0.00516,172.31.36.0-255,66,195159,10,247395
8705,0.007844,74.125.130.0-255,5738,200897,10,247395
8706,0.007852,172.31.36.0-255,66,200963,10,247395
8707,0.010549,74.125.130.0-255,5738,206701,10,247395
8708,0.010563,172.31.36.0-255,66,206767,10,247395
8709,0.013274,74.125.130.0-255,5738,212505,10,247395
8710,0.013289,172.31.36.0-255,66,212571,10,247395
8711,0.015979,74.125.130.0-255,5738,218309,10,247395
8712,0.015987,172.31.36.0-255,66,218375,10,247395
8713,0.018677,74.125.130.0-255,5738,224113,10,247395
8714,0.018686,172.31.36.0-255,66,224179,10,247395
8715,0.021377,74.125.130.0-255,5738,229917,10,247395
8716,0.02139,172.31.36.0-255,66,229983,10,247395
8717,0.024122,74.125.130.0-255,5738,235721,10,247395
8718,0.024134,172.31.36.0-255,66,235787,10,247395
8719,0.026835,74.125.130.0-255,5738,241525,10,247395
8720,0.026844,172.31.36.0-255,66,241591,10,247395
8721,0.029532,74.125.130.0-255,5738,247329,10,247395
8722,0.029539,172.31.36.0-255,66,247395,10,247395
8723,0.0,172.217.194.0-255,153,153,10,248289
8724,2.8e-05,172.31.36.0-255,66,219,10,248289
8725,3.5e-05,172.217.194.0-255,1484,1703,10,248289
8726,3.9e-05,172.31.36.0-255,66,1769,10,248289
8727,4.5e-05,172.217.194.0-255,2902,4671,10,248289
8728,5.6e-05,172.31.36.0-255,66,4737,10,248289
8729,6.2e-05,172.217.194.0-255,4320,9057,10,248289
8730,6.5e-05,172.31.36.0-255,66,9123,10,248289
8731,0.000105,172.31.36.0-255,66,9189,10,248289
8732,0.000111,172.217.194.0-255,5738,14927,10,248289
8733,0.000114,172.31.36.0-255,66,14993,10,248289
8734,0.000154,172.217.194.0-255,6797,21790,10,248289
8735,0.000157,172.31.36.0-255,66,21856,10,248289
8736,0.000208,172.217.194.0-255,1484,23340,10,248289
8737,0.000211,172.31.36.0-255,66,23406,10,248289
8738,0.000217,172.217.194.0-255,2902,26308,10,248289
8739,0.000219,172.31.36.0-255,66,26374,10,248289
8740,0.000244,172.217.194.0-255,5738,32112,10,248289
8741,0.000248,172.31.36.0-255,66,32178,10,248289
8742,0.000298,172.31.36.0-255,66,32244,10,248289
8743,0.000337,172.31.36.0-255,66,32310,10,248289
8744,0.00034,172.217.194.0-255,375,32685,10,248289
8745,0.000343,172.31.36.0-255,66,32751,10,248289
8746,0.000582,172.217.194.0-255,1484,34235,10,248289
8747,0.000586,172.31.36.0-255,66,34301,10,248289
8748,0.000592,172.217.194.0-255,2902,37203,10,248289
8749,0.000595,172.31.36.0-255,66,37269,10,248289
8750,0.000618,172.217.194.0-255,5738,43007,10,248289
8751,0.000621,172.31.36.0-255,66,43073,10,248289
8752,0.000624,172.217.194.0-255,1484,44557,10,248289
8753,0.000632,172.217.194.0-255,7156,51713,10,248289
8754,0.000635,172.31.36.0-255,66,51779,10,248289
8755,0.000659,172.217.194.0-255,1484,53263,10,248289
8756,0.000679,172.217.194.0-255,4320,57583,10,248289
8757,0.000682,172.31.36.0-255,66,57649,10,248289
8758,0.00072,172.31.36.0-255,66,57715,10,248289
8759,0.000866,172.217.194.0-255,1484,59199,10,248289
8760,0.000872,172.217.194.0-255,2902,62101,10,248289
8761,0.000875,172.31.36.0-255,66,62167,10,248289
8762,0.000905,172.217.194.0-255,5738,67905,10,248289
8763,0.000908,172.31.36.0-255,66,67971,10,248289
8764,0.000943,172.31.36.0-255,66,68037,10,248289
8765,0.000948,172.217.194.0-255,2902,70939,10,248289
8766,0.000952,172.31.36.0-255,66,71005,10,248289
8767,0.000993,172.31.36.0-255,66,71071,10,248289
8768,0.001086,172.217.194.0-255,1484,72555,10,248289
8769,0.001092,172.217.194.0-255,2902,75457,10,248289
8770,0.001095,172.31.36.0-255,66,75523,10,248289
8771,0.001126,172.217.194.0-255,5738,81261,10,248289
8772,0.001131,172.217.194.0-255,4320,85581,10,248289
8773,0.00113,172.31.36.0-255,66,85647,10,248289
8774,0.001133,172.217.194.0-255,1484,87131,10,248289
8775,0.001133,172.31.36.0-255,66,87197,10,248289
8776,0.001171,172.31.36.0-255,66,87263,10,248289
8777,0.001175,172.217.194.0-255,1484,88747,10,248289
8778,0.001204,172.217.194.0-255,6438,95185,10,248289
8779,0.001207,172.31.36.0-255,66,95251,10,248289
8780,0.001219,172.217.194.0-255,1484,96735,10,248289
8781,0.001229,172.217.194.0-255,2902,99637,10,248289
8782,0.001232,172.31.36.0-255,66,99703,10,248289
8783,0.001235,172.217.194.0-255,1484,101187,10,248289
8784,0.001261,172.217.194.0-255,4320,105507,10,248289
8785,0.001264,172.31.36.0-255,66,105573,10,248289
8786,0.001278,172.31.36.0-255,66,105639,10,248289
8787,0.001289,172.31.36.0-255,66,105705,10,248289
8788,0.001329,172.217.194.0-255,2184,107889,10,248289
8789,0.001332,172.31.36.0-255,66,107955,10,248289
8790,0.001337,172.217.194.0-255,2902,110857,10,248289
8791,0.00134,172.31.36.0-255,66,110923,10,248289
8792,0.001372,172.217.194.0-255,7156,118079,10,248289
8793,0.001377,172.31.36.0-255,66,118145,10,248289
8794,0.001384,172.217.194.0-255,5738,123883,10,248289
8795,0.001386,172.31.36.0-255,66,123949,10,248289
8796,0.001429,172.31.36.0-255,66,124015,10,248289
8797,0.001453,172.217.194.0-255,1484,125499,10,248289
8798,0.001473,172.217.194.0-255,3602,129101,10,248289
8799,0.001476,172.31.36.0-255,66,129167,10,248289
8800,0.001562,172.217.194.0-255,1484,130651,10,248289
8801,0.001566,172.217.194.0-255,1484,132135,10,248289
8802,0.001569,172.31.36.0-255,66,132201,10,248289
8803,0.001593,172.217.194.0-255,1484,133685,10,248289
8804,0.0016,172.217.194.0-255,5738,139423,10,248289
8805,0.001602,172.31.36.0-255,66,139489,10,248289
8806,0.001635,172.31.36.0-255,66,139555,10,248289
8807,0.00166,172.217.194.0-255,1484,141039,10,248289
8808,0.001673,172.31.36.0-255,66,141105,10,248289
8809,0.001837,172.217.194.0-255,1484,142589,10,248289
8810,0.001843,172.217.194.0-255,2902,145491,10,248289
8811,0.001845,172.31.36.0-255,66,145557,10,248289
8812,0.001877,172.217.194.0-255,5738,151295,10,248289
8813,0.00188,172.31.36.0-255,66,151361,10,248289
8814,0.001893,172.31.36.0-255,66,151427,10,248289
8815,0.001924,172.217.194.0-255,1484,152911,10,248289
8816,0.001939,172.217.194.0-255,4320,157231,10,248289
8817,0.001945,172.31.36.0-255,66,157297,10,248289
8818,0.001962,172.217.194.0-255,6438,163735,10,248289
8819,0.001965,172.31.36.0-255,66,163801,10,248289
8820,0.001991,172.217.194.0-255,1484,165285,10,248289
8821,0.002011,172.217.194.0-255,2902,168187,10,248289
8822,0.002014,172.31.36.0-255,66,168253,10,248289
8823,0.002021,172.217.194.0-255,5738,173991,10,248289
8824,0.002023,172.31.36.0-255,66,174057,10,248289
8825,0.002053,172.31.36.0-255,66,174123,10,248289
8826,0.00214,172.31.36.0-255,66,174189,10,248289
8827,0.004172,172.217.194.0-255,5738,179927,10,248289
8828,0.004178,172.31.36.0-255,66,179993,10,248289
8829,0.006171,172.217.194.0-255,5738,185731,10,248289
8830,0.006178,172.31.36.0-255,66,185797,10,248289
8831,0.00819,172.217.194.0-255,5738,191535,10,248289
8832,0.008196,172.31.36.0-255,66,191601,10,248289
8833,0.010188,172.217.194.0-255,5738,197339,10,248289
8834,0.010194,172.31.36.0-255,66,197405,10,248289
8835,0.01219,172.217.194.0-255,5738,203143,10,248289
8836,0.012199,172.31.36.0-255,66,203209,10,248289
8837,0.014241,172.217.194.0-255,5738,208947,10,248289
8838,0.014249,172.31.36.0-255,66,209013,10,248289
8839,0.016237,172.217.194.0-255,5738,214751,10,248289
8840,0.016246,172.31.36.0-255,66,214817,10,248289
8841,0.018281,172.217.194.0-255,4320,219137,10,248289
8842,0.018288,172.31.36.0-255,66,219203,10,248289
8843,0.018328,172.217.194.0-255,1484,220687,10,248289
8844,0.020296,172.217.194.0-255,4320,225007,10,248289
8845,0.020307,172.31.36.0-255,66,225073,10,248289
8846,0.022347,172.217.194.0-255,5738,230811,10,248289
8847,0.022355,172.31.36.0-255,66,230877,10,248289
8848,0.024399,172.217.194.0-255,5738,236615,10,248289
8849,0.024406,172.31.36.0-255,66,236681,10,248289
8850,0.026453,172.217.194.0-255,5738,242419,10,248289
8851,0.026461,172.31.36.0-255,66,242485,10,248289
8852,0.028483,172.217.194.0-255,5738,248223,10,248289
8853,0.028489,172.31.36.0-255,66,248289,10,248289
8854,0.0,172.217.194.0-255,153,153,10,170037
8855,2.8e-05,172.31.36.0-255,66,219,10,170037
8856,4.7e-05,172.217.194.0-255,1484,1703,10,170037
8857,5.1e-05,172.31.36.0-255,66,1769,10,170037
8858,5.6e-05,172.217.194.0-255,2902,4671,10,170037
8859,5.8e-05,172.31.36.0-255,66,4737,10,170037
8860,6.4e-05,172.217.194.0-255,4320,9057,10,170037
8861,6.6e-05,172.31.36.0-255,66,9123,10,170037
8862,8.9e-05,172.217.194.0-255,2902,12025,10,170037
8863,9.1e-05,172.31.36.0-255,66,12091,10,170037
8864,9.4e-05,172.217.194.0-255,1484,13575,10,170037
8865,9.6e-05,172.31.36.0-255,66,13641,10,170037
8866,0.000105,172.217.194.0-255,7156,20797,10,170037
8867,0.000107,172.31.36.0-255,66,20863,10,170037
8868,0.000123,172.217.194.0-255,3456,24319,10,170037
8869,0.000126,172.31.36.0-255,66,24385,10,170037
8870,0.000156,172.31.36.0-255,66,24451,10,170037
8871,0.000196,172.31.36.0-255,66,24517,10,170037
8872,0.000322,172.217.194.0-255,1484,26001,10,170037
8873,0.000328,172.31.36.0-255,66,26067,10,170037
8874,0.000333,172.217.194.0-255,2902,28969,10,170037
8875,0.000336,172.31.36.0-255,66,29035,10,170037
8876,0.000343,172.217.194.0-255,5738,34773,10,170037
8877,0.000346,172.31.36.0-255,66,34839,10,170037
8878,0.000377,172.217.194.0-255,7086,41925,10,170037
8879,0.000381,172.31.36.0-255,66,41991,10,170037
8880,0.000671,172.217.194.0-255,98,42089,10,170037
8881,0.000677,172.31.36.0-255,66,42155,10,170037
8882,0.00085,172.217.194.0-255,1484,43639,10,170037
8883,0.000857,172.31.36.0-255,66,43705,10,170037
8884,0.000862,172.217.194.0-255,2902,46607,10,170037
8885,0.000865,172.31.36.0-255,66,46673,10,170037
8886,0.00087,172.217.194.0-255,4320,50993,10,170037
8887,0.000872,172.31.36.0-255,66,51059,10,170037
8888,0.000891,172.217.194.0-255,1484,52543,10,170037
8889,0.000897,172.217.194.0-255,4320,56863,10,170037
8890,0.0009,172.31.36.0-255,66,56929,10,170037
8891,0.000942,172.31.36.0-255,66,56995,10,170037
8892,0.000955,172.31.36.0-255,66,57061,10,170037
8893,0.001285,172.217.194.0-255,1484,58545,10,170037
8894,0.001307,172.217.194.0-255,2902,61447,10,170037
8895,0.001312,172.31.36.0-255,66,61513,10,170037
8896,0.001336,172.217.194.0-255,4320,65833,10,170037
8897,0.00134,172.31.36.0-255,66,65899,10,170037
8898,0.001363,172.217.194.0-255,1484,67383,10,170037
8899,0.001367,172.217.194.0-255,1484,68867,10,170037
8900,0.001369,172.31.36.0-255,66,68933,10,170037
8901,0.001383,172.31.36.0-255,66,68999,10,170037
8902,0.001387,172.217.194.0-255,2902,71901,10,170037
8903,0.001389,172.31.36.0-255,66,71967,10,170037
8904,0.001414,172.217.194.0-255,6438,78405,10,170037
8905,0.001416,172.31.36.0-255,66,78471,10,170037
8906,0.001435,172.217.194.0-255,1484,79955,10,170037
8907,0.001467,172.217.194.0-255,1484,81439,10,170037
8908,0.00147,172.31.36.0-255,66,81505,10,170037
8909,0.001486,172.217.194.0-255,1484,82989,10,170037
8910,0.001492,172.217.194.0-255,4320,87309,10,170037
8911,0.001495,172.31.36.0-255,66,87375,10,170037
8912,0.001499,172.217.194.0-255,2902,90277,10,170037
8913,0.001501,172.31.36.0-255,66,90343,10,170037
8914,0.00152,172.217.194.0-255,5738,96081,10,170037
8915,0.001523,172.31.36.0-255,66,96147,10,170037
8916,0.001743,172.217.194.0-255,1484,97631,10,170037
8917,0.001749,172.217.194.0-255,1484,99115,10,170037
8918,0.001753,172.31.36.0-255,66,99181,10,170037
8919,0.001768,172.217.194.0-255,1484,100665,10,170037
8920,0.001775,172.217.194.0-255,5738,106403,10,170037
8921,0.001778,172.31.36.0-255,66,106469,10,170037
8922,0.001783,172.217.194.0-255,4320,110789,10,170037
8923,0.001785,172.31.36.0-255,66,110855,10,170037
8924,0.001836,172.217.194.0-255,2902,113757,10,170037
8925,0.00184,172.31.36.0-255,66,113823,10,170037
8926,0.001876,172.217.194.0-255,7156,120979,10,170037
8927,0.001921,172.31.36.0-255,66,121045,10,170037
8928,0.001926,172.31.36.0-255,66,121111,10,170037
8929,0.001943,172.31.36.0-255,66,121177,10,170037
8930,0.002038,172.217.194.0-255,1484,122661,10,170037
8931,0.002044,172.217.194.0-255,2902,125563,10,170037
8932,0.002048,172.31.36.0-255,66,125629,10,170037
8933,0.002055,172.217.194.0-255,5738,131367,10,170037
8934,0.002057,172.31.36.0-255,66,131433,10,170037
8935,0.00206,172.217.194.0-255,1484,132917,10,170037
8936,0.002096,172.31.36.0-255,66,132983,10,170037
8937,0.002098,172.217.194.0-255,1484,134467,10,170037
8938,0.002127,172.31.36.0-255,66,134533,10,170037
8939,0.002191,172.217.194.0-255,1484,136017,10,170037
8940,0.00221,172.217.194.0-255,2902,138919,10,170037
8941,0.002214,172.31.36.0-255,66,138985,10,170037
8942,0.002221,172.217.194.0-255,4320,143305,10,170037
8943,0.002224,172.31.36.0-255,66,143371,10,170037
8944,0.002253,172.217.194.0-255,1484,144855,10,170037
8945,0.002271,172.31.36.0-255,66,144921,10,170037
8946,0.002283,172.31.36.0-255,66,144987,10,170037
8947,0.00231,172.217.194.0-255,1484,146471,10,170037
8948,0.002316,172.217.194.0-255,2902,149373,10,170037
8949,0.002319,172.31.36.0-255,66,149439,10,170037
8950,0.002322,172.217.194.0-255,1484,150923,10,170037
8951,0.002345,172.217.194.0-255,4320,155243,10,170037
8952,0.002349,172.31.36.0-255,66,155309,10,170037
8953,0.002353,172.217.194.0-255,2902,158211,10,170037
8954,0.002355,172.31.36.0-255,66,158277,10,170037
8955,0.002388,172.31.36.0-255,66,158343,10,170037
8956,0.002401,172.31.36.0-255,66,158409,10,170037
8957,0.002404,172.217.194.0-255,1484,159893,10,170037
8958,0.002438,172.31.36.0-255,66,159959,10,170037
8959,0.002464,172.217.194.0-255,7156,167115,10,170037
8960,0.002468,172.31.36.0-255,66,167181,10,170037
8961,0.00248,172.31.36.0-255,66,167247,10,170037
8962,0.002483,172.217.194.0-255,1484,168731,10,170037
8963,0.002535,172.31.36.0-255,66,168797,10,170037
8964,0.00261,172.31.36.0-255,66,168863,10,170037
8965,0.002613,172.217.194.0-255,766,169629,10,170037
8966,0.002647,172.31.36.0-255,66,169695,10,170037
8967,0.002651,172.217.194.0-255,105,169800,10,170037
8968,0.008975,172.31.36.0-255,66,169866,10,170037
8969,0.009009,172.31.36.0-255,105,169971,10,170037
8970,0.011639,172.217.194.0-255,66,170037,10,170037
8971,0.0,74.125.200.0-255,153,153,10,298127
8972,1.8e-05,172.31.36.0-255,66,219,10,298127
8973,2.4e-05,74.125.200.0-255,1484,1703,10,298127
8974,2.8e-05,172.31.36.0-255,66,1769,10,298127
8975,3.4e-05,74.125.200.0-255,2902,4671,10,298127
8976,3.7e-05,172.31.36.0-255,66,4737,10,298127
8977,4.5e-05,74.125.200.0-255,7156,11893,10,298127
8978,4.9e-05,172.31.36.0-255,66,11959,10,298127
8979,5.5e-05,74.125.200.0-255,5738,17697,10,298127
8980,5.8e-05,172.31.36.0-255,66,17763,10,298127
8981,8.2e-05,74.125.200.0-255,2074,19837,10,298127
8982,8.5e-05,172.31.36.0-255,66,19903,10,298127
8983,8.9e-05,74.125.200.0-255,1484,21387,10,298127
8984,9.1e-05,172.31.36.0-255,66,21453,10,298127
8985,9.6e-05,74.125.200.0-255,2902,24355,10,298127
8986,9.8e-05,172.31.36.0-255,66,24421,10,298127
8987,0.000105,74.125.200.0-255,5738,30159,10,298127
8988,0.000107,172.31.36.0-255,66,30225,10,298127
8989,0.000111,74.125.200.0-255,1125,31350,10,298127
8990,0.000113,172.31.36.0-255,66,31416,10,298127
8991,0.000239,74.125.200.0-255,1484,32900,10,298127
8992,0.000243,172.31.36.0-255,66,32966,10,298127
8993,0.000249,74.125.200.0-255,2902,35868,10,298127
8994,0.000252,172.31.36.0-255,66,35934,10,298127
8995,0.000278,74.125.200.0-255,4320,40254,10,298127
8996,0.000281,172.31.36.0-255,66,40320,10,298127
8997,0.000288,74.125.200.0-255,5738,46058,10,298127
8998,0.00029,172.31.36.0-255,66,46124,10,298127
8999,0.000321,74.125.200.0-255,5738,51862,10,298127
9000,0.000324,172.31.36.0-255,66,51928,10,298127
9001,0.000348,74.125.200.0-255,6797,58725,10,298127
9002,0.00035,172.31.36.0-255,66,58791,10,298127
9003,0.000366,74.125.200.0-255,4320,63111,10,298127
9004,0.000387,74.125.200.0-255,2816,65927,10,298127
9005,0.000424,74.125.200.0-255,381,66308,10,298127
9006,0.000454,74.125.200.0-255,1484,67792,10,298127
9007,0.000471,74.125.200.0-255,2902,70694,10,298127
9008,0.000496,74.125.200.0-255,5738,76432,10,298127
9009,0.000522,74.125.200.0-255,2902,79334,10,298127
9010,0.00054,172.31.36.0-255,66,79400,10,298127
9011,0.000556,172.31.36.0-255,66,79466,10,298127
9012,0.000566,74.125.200.0-255,1484,80950,10,298127
9013,0.000579,74.125.200.0-255,2902,83852,10,298127
9014,0.000596,74.125.200.0-255,7156,91008,10,298127
9015,0.000614,74.125.200.0-255,4320,95328,10,298127
9016,0.000632,74.125.200.0-255,2184,97512,10,298127
9017,0.000634,172.31.36.0-255,66,97578,10,298127
9018,0.00064,172.31.36.0-255,66,97644,10,298127
9019,0.000655,74.125.200.0-255,4320,101964,10,298127
9020,0.000668,172.31.36.0-255,66,102030,10,298127
9021,0.00068,74.125.200.0-255,4831,106861,10,298127
9022,0.000684,172.31.36.0-255,66,106927,10,298127
9023,0.000707,74.125.200.0-255,1484,108411,10,298127
9024,0.00071,74.125.200.0-255,1484,109895,10,298127
9025,0.00072,172.31.36.0-255,66,109961,10,298127
9026,0.000729,74.125.200.0-255,1484,111445,10,298127
9027,0.000736,74.125.200.0-255,5738,117183,10,298127
9028,0.000765,74.125.200.0-255,7156,124339,10,298127
9029,0.000775,74.125.200.0-255,1484,125823,10,298127
9030,0.000779,172.31.36.0-255,66,125889,10,298127
9031,0.000795,74.125.200.0-255,6438,132327,10,298127
9032,0.0008,172.31.36.0-255,66,132393,10,298127
9033,0.0011,74.125.200.0-255,1484,133877,10,298127
9034,0.001107,74.125.200.0-255,2902,136779,10,298127
9035,0.001127,74.125.200.0-255,4320,141099,10,298127
9036,0.001131,172.31.36.0-255,66,141165,10,298127
9037,0.001136,172.31.36.0-255,66,141231,10,298127
9038,0.001146,74.125.200.0-255,1484,142715,10,298127
9039,0.001151,74.125.200.0-255,4320,147035,10,298127
9040,0.001161,74.125.200.0-255,1484,148519,10,298127
9041,0.001172,74.125.200.0-255,1484,150003,10,298127
9042,0.001188,74.125.200.0-255,4320,154323,10,298127
9043,0.001192,172.31.36.0-255,66,154389,10,298127
9044,0.001206,74.125.200.0-255,5738,160127,10,298127
9045,0.001249,74.125.200.0-255,6438,166565,10,298127
9046,0.001269,172.31.36.0-255,66,166631,10,298127
9047,0.001279,74.125.200.0-255,2902,169533,10,298127
9048,0.001294,74.125.200.0-255,1484,171017,10,298127
9049,0.001312,74.125.200.0-255,2902,173919,10,298127
9050,0.001316,172.31.36.0-255,66,173985,10,298127
9051,0.001321,172.31.36.0-255,66,174051,10,298127
9052,0.001335,74.125.200.0-255,1484,175535,10,298127
9053,0.001361,74.125.200.0-255,7156,182691,10,298127
9054,0.001366,74.125.200.0-255,2902,185593,10,298127
9055,0.001382,74.125.200.0-255,1484,187077,10,298127
9056,0.001388,74.125.200.0-255,5738,192815,10,298127
9057,0.001392,74.125.200.0-255,4320,197135,10,298127
9058,0.001397,172.31.36.0-255,66,197201,10,298127
9059,0.001411,74.125.200.0-255,3602,200803,10,298127
9060,0.001414,172.31.36.0-255,66,200869,10,298127
9061,0.001437,74.125.200.0-255,1484,202353,10,298127
9062,0.001441,74.125.200.0-255,1484,203837,10,298127
9063,0.001449,172.31.36.0-255,66,203903,10,298127
9064,0.001459,74.125.200.0-255,1484,205387,10,298127
9065,0.001466,74.125.200.0-255,5738,211125,10,298127
9066,0.001471,172.31.36.0-255,66,211191,10,298127
9067,0.001483,74.125.200.0-255,2902,214093,10,298127
9068,0.001497,74.125.200.0-255,4320,218413,10,298127
9069,0.001507,172.31.36.0-255,66,218479,10,298127
9070,0.00158,74.125.200.0-255,2902,221381,10,298127
9071,0.001598,74.125.200.0-255,5020,226401,10,298127
9072,0.001603,172.31.36.0-255,66,226467,10,298127
9073,0.00213,74.125.200.0-255,1484,227951,10,298127
9074,0.002149,74.125.200.0-255,2902,230853,10,298127
9075,0.002153,172.31.36.0-255,66,230919,10,298127
9076,0.002159,74.125.200.0-255,2902,233821,10,298127
9077,0.002171,74.125.200.0-255,2902,236723,10,298127
9078,0.002186,74.125.200.0-255,2902,239625,10,298127
9079,0.00221,74.125.200.0-255,1484,241109,10,298127
9080,0.002217,172.31.36.0-255,66,241175,10,298127
9081,0.002233,74.125.200.0-255,1484,242659,10,298127
9082,0.002236,74.125.200.0-255,1484,244143,10,298127
9083,0.00225,172.31.36.0-255,66,244209,10,298127
9084,0.004411,74.125.200.0-255,2902,247111,10,298127
9085,0.004418,172.31.36.0-255,66,247177,10,298127
9086,0.00444,74.125.200.0-255,2902,250079,10,298127
9087,0.006648,74.125.200.0-255,2902,252981,10,298127
9088,0.008609,172.31.36.0-255,66,253047,10,298127
9089,0.010799,74.125.200.0-255,4320,257367,10,298127
9090,0.010805,172.31.36.0-255,66,257433,10,298127
9091,0.010822,74.125.200.0-255,1484,258917,10,298127
9092,0.013058,74.125.200.0-255,4320,263237,10,298127
9093,0.013065,172.31.36.0-255,66,263303,10,298127
9094,0.015262,74.125.200.0-255,5738,269041,10,298127
9095,0.017446,172.31.36.0-255,66,269107,10,298127
9096,0.019656,74.125.200.0-255,5738,274845,10,298127
9097,0.019668,172.31.36.0-255,66,274911,10,298127
9098,0.021874,74.125.200.0-255,5738,280649,10,298127
9099,0.021882,172.31.36.0-255,66,280715,10,298127
9100,0.024116,74.125.200.0-255,5738,286453,10,298127
9101,0.024124,172.31.36.0-255,66,286519,10,298127
9102,0.026316,74.125.200.0-255,5738,292257,10,298127
9103,0.026324,172.31.36.0-255,66,292323,10,298127
9104,0.028532,74.125.200.0-255,5738,298061,10,298127
9105,0.028541,172.31.36.0-255,66,298127,10,298127
9106,0.0,74.125.130.0-255,309,309,10,213627
9107,3.5e-05,172.31.36.0-255,66,375,10,213627
9108,4.2e-05,74.125.130.0-255,1484,1859,10,213627
9109,4.7e-05,172.31.36.0-255,66,1925,10,213627
9110,4.9e-05,74.125.130.0-255,1484,3409,10,213627
9111,5.1e-05,172.31.36.0-255,66,3475,10,213627
9112,6.4e-05,74.125.130.0-255,2902,6377,10,213627
9113,6.7e-05,172.31.36.0-255,66,6443,10,213627
9114,7.4e-05,74.125.130.0-255,5738,12181,10,213627
9115,7.7e-05,172.31.36.0-255,66,12247,10,213627
9116,8e-05,74.125.130.0-255,1858,14105,10,213627
9117,8.3e-05,172.31.36.0-255,66,14171,10,213627
9118,0.000133,74.125.130.0-255,2902,17073,10,213627
9119,0.000137,172.31.36.0-255,66,17139,10,213627
9120,0.000171,74.125.130.0-255,4320,21459,10,213627
9121,0.000174,172.31.36.0-255,66,21525,10,213627
9122,0.000178,74.125.130.0-255,2902,24427,10,213627
9123,0.00018,172.31.36.0-255,66,24493,10,213627
9124,0.000214,74.125.130.0-255,4320,28813,10,213627
9125,0.000218,172.31.36.0-255,66,28879,10,213627
9126,0.000222,74.125.130.0-255,2543,31422,10,213627
9127,0.000225,172.31.36.0-255,66,31488,10,213627
9128,0.000437,74.125.130.0-255,1484,32972,10,213627
9129,0.000443,172.31.36.0-255,66,33038,10,213627
9130,0.000472,74.125.130.0-255,2902,35940,10,213627
9131,0.000476,172.31.36.0-255,66,36006,10,213627
9132,0.000482,74.125.130.0-255,4320,40326,10,213627
9133,0.000486,172.31.36.0-255,66,40392,10,213627
9134,0.000513,74.125.130.0-255,4320,44712,10,213627
9135,0.000516,172.31.36.0-255,66,44778,10,213627
9136,0.000542,74.125.130.0-255,1484,46262,10,213627
9137,0.000545,172.31.36.0-255,66,46328,10,213627
9138,0.000549,74.125.130.0-255,2543,48871,10,213627
9139,0.000552,172.31.36.0-255,66,48937,10,213627
9140,0.000556,74.125.130.0-255,2902,51839,10,213627
9141,0.000559,172.31.36.0-255,66,51905,10,213627
9142,0.000589,74.125.130.0-255,4320,56225,10,213627
9143,0.000593,172.31.36.0-255,66,56291,10,213627
9144,0.000621,74.125.130.0-255,5738,62029,10,213627
9145,0.000624,172.31.36.0-255,66,62095,10,213627
9146,0.000629,74.125.130.0-255,2902,64997,10,213627
9147,0.000632,172.31.36.0-255,66,65063,10,213627
9148,0.000671,74.125.130.0-255,1378,66441,10,213627
9149,0.000696,74.125.130.0-255,117,66558,10,213627
9150,0.00083,172.31.36.0-255,66,66624,10,213627
9151,0.00086,74.125.130.0-255,1484,68108,10,213627
9152,0.000867,74.125.130.0-255,2902,71010,10,213627
9153,0.000871,172.31.36.0-255,66,71076,10,213627
9154,0.000877,74.125.130.0-255,4320,75396,10,213627
9155,0.000878,172.31.36.0-255,66,75462,10,213627
9156,0.000896,74.125.130.0-255,1484,76946,10,213627
9157,0.000903,74.125.130.0-255,5738,82684,10,213627
9158,0.000912,172.31.36.0-255,66,82750,10,213627
9159,0.000937,74.125.130.0-255,1484,84234,10,213627
9160,0.00095,172.31.36.0-255,66,84300,10,213627
9161,0.000977,74.125.130.0-255,2902,87202,10,213627
9162,0.00098,172.31.36.0-255,66,87268,10,213627
9163,0.001008,74.125.130.0-255,2184,89452,10,213627
9164,0.001011,172.31.36.0-255,66,89518,10,213627
9165,0.001328,74.125.130.0-255,1484,91002,10,213627
9166,0.001338,74.125.130.0-255,2902,93904,10,213627
9167,0.001342,172.31.36.0-255,66,93970,10,213627
9168,0.001348,74.125.130.0-255,2902,96872,10,213627
9169,0.001351,172.31.36.0-255,66,96938,10,213627
9170,0.001384,74.125.130.0-255,2902,99840,10,213627
9171,0.001388,172.31.36.0-255,66,99906,10,213627
9172,0.001399,172.31.36.0-255,66,99972,10,213627
9173,0.001417,172.31.36.0-255,66,100038,10,213627
9174,0.001451,74.125.130.0-255,1484,101522,10,213627
9175,0.001479,74.125.130.0-255,3602,105124,10,213627
9176,0.001482,172.31.36.0-255,66,105190,10,213627
9177,0.001725,74.125.130.0-255,1484,106674,10,213627
9178,0.001734,74.125.130.0-255,2902,109576,10,213627
9179,0.001738,172.31.36.0-255,66,109642,10,213627
9180,0.001769,74.125.130.0-255,2902,112544,10,213627
9181,0.001772,172.31.36.0-255,66,112610,10,213627
9182,0.001778,74.125.130.0-255,4320,116930,10,213627
9183,0.001781,172.31.36.0-255,66,116996,10,213627
9184,0.001798,172.31.36.0-255,66,117062,10,213627
9185,0.001802,74.125.130.0-255,2902,119964,10,213627
9186,0.001804,172.31.36.0-255,66,120030,10,213627
9187,0.001843,74.125.130.0-255,5738,125768,10,213627
9188,0.001848,172.31.36.0-255,66,125834,10,213627
9189,0.00187,74.125.130.0-255,5020,130854,10,213627
9190,0.001873,172.31.36.0-255,66,130920,10,213627
9191,0.003869,74.125.130.0-255,5738,136658,10,213627
9192,0.003876,172.31.36.0-255,66,136724,10,213627
9193,0.005874,74.125.130.0-255,5738,142462,10,213627
9194,0.005878,172.31.36.0-255,66,142528,10,213627
9195,0.00788,74.125.130.0-255,5738,148266,10,213627
9196,0.007887,172.31.36.0-255,66,148332,10,213627
9197,0.009878,74.125.130.0-255,5738,154070,10,213627
9198,0.009886,172.31.36.0-255,66,154136,10,213627
9199,0.011887,74.125.130.0-255,5738,159874,10,213627
9200,0.011894,172.31.36.0-255,66,159940,10,213627
9201,0.013895,74.125.130.0-255,5738,165678,10,213627
9202,0.013903,172.31.36.0-255,66,165744,10,213627
9203,0.015916,74.125.130.0-255,5738,171482,10,213627
9204,0.015926,172.31.36.0-255,66,171548,10,213627
9205,0.017936,74.125.130.0-255,5738,177286,10,213627
9206,0.017945,172.31.36.0-255,66,177352,10,213627
9207,0.019941,74.125.130.0-255,5738,183090,10,213627
9208,0.019948,172.31.36.0-255,66,183156,10,213627
9209,0.021949,74.125.130.0-255,5738,188894,10,213627
9210,0.021955,172.31.36.0-255,66,188960,10,213627
9211,0.023952,74.125.130.0-255,5738,194698,10,213627
9212,0.023958,172.31.36.0-255,66,194764,10,213627
9213,0.025975,74.125.130.0-255,5738,200502,10,213627
9214,0.025981,172.31.36.0-255,66,200568,10,213627
9215,0.027471,172.31.36.0-255,172,200740,10,213627
9216,0.027503,172.31.36.0-255,1108,201848,10,213627
9217,0.027542,172.31.36.0-255,1514,203362,10,213627
9218,0.027544,172.31.36.0-255,1295,204657,10,213627
9219,0.027979,74.125.130.0-255,5738,210395,10,213627
9220,0.027989,172.31.36.0-255,66,210461,10,213627
9221,0.029012,104.244.42.0-255,66,210527,10,213627
9222,0.02904,104.244.42.0-255,66,210593,10,213627
9223,0.029116,104.244.42.0-255,66,210659,10,213627
9224,0.029989,74.125.130.0-255,2902,213561,10,213627
9225,0.029995,172.31.36.0-255,66,213627,10,213627
9226,0.0,74.125.24.0-255,150,150,10,167988
9227,3e-05,172.31.36.0-255,66,216,10,167988
9228,3.7e-05,74.125.24.0-255,1484,1700,10,167988
9229,4.1e-05,172.31.36.0-255,66,1766,10,167988
9230,5.3e-05,74.125.24.0-255,2902,4668,10,167988
9231,5.7e-05,172.31.36.0-255,66,4734,10,167988
9232,6.4e-05,74.125.24.0-255,7156,11890,10,167988
9233,6.7e-05,172.31.36.0-255,66,11956,10,167988
9234,7.2e-05,74.125.24.0-255,3431,15387,10,167988
9235,7.4e-05,172.31.36.0-255,66,15453,10,167988
9236,0.000127,172.31.36.0-255,66,15519,10,167988
9237,0.000132,74.125.24.0-255,2543,18062,10,167988
9238,0.000135,172.31.36.0-255,66,18128,10,167988
9239,0.000383,74.125.24.0-255,1484,19612,10,167988
9240,0.000388,172.31.36.0-255,66,19678,10,167988
9241,0.000394,74.125.24.0-255,2902,22580,10,167988
9242,0.000396,172.31.36.0-255,66,22646,10,167988
9243,0.000399,74.125.24.0-255,1484,24130,10,167988
9244,0.000407,172.31.36.0-255,66,24196,10,167988
9245,0.000436,74.125.24.0-255,2902,27098,10,167988
9246,0.00044,172.31.36.0-255,66,27164,10,167988
9247,0.000453,172.31.36.0-255,66,27230,10,167988
9248,0.000456,74.125.24.0-255,1484,28714,10,167988
9249,0.000459,172.31.36.0-255,66,28780,10,167988
9250,0.0005,172.31.36.0-255,66,28846,10,167988
9251,0.000528,74.125.24.0-255,5689,34535,10,167988
9252,0.000531,172.31.36.0-255,66,34601,10,167988
9253,0.000665,74.125.24.0-255,109,34710,10,167988
9254,0.000669,172.31.36.0-255,66,34776,10,167988
9255,0.001128,74.125.24.0-255,1484,36260,10,167988
9256,0.001139,74.125.24.0-255,2902,39162,10,167988
9257,0.001143,172.31.36.0-255,66,39228,10,167988
9258,0.001149,74.125.24.0-255,2902,42130,10,167988
9259,0.001152,172.31.36.0-255,66,42196,10,167988
9260,0.00118,74.125.24.0-255,2902,45098,10,167988
9261,0.001183,172.31.36.0-255,66,45164,10,167988
9262,0.001199,172.31.36.0-255,66,45230,10,167988
9263,0.00121,172.31.36.0-255,66,45296,10,167988
9264,0.001241,74.125.24.0-255,6797,52093,10,167988
9265,0.001245,172.31.36.0-255,66,52159,10,167988
9266,0.001754,74.125.24.0-255,1484,53643,10,167988
9267,0.001763,74.125.24.0-255,2902,56545,10,167988
9268,0.001767,172.31.36.0-255,66,56611,10,167988
9269,0.001772,74.125.24.0-255,2902,59513,10,167988
9270,0.001774,172.31.36.0-255,66,59579,10,167988
9271,0.001802,74.125.24.0-255,1484,61063,10,167988
9272,0.00183,74.125.24.0-255,2902,63965,10,167988
9273,0.001833,172.31.36.0-255,66,64031,10,167988
9274,0.001852,74.125.24.0-255,4320,68351,10,167988
9275,0.001854,172.31.36.0-255,66,68417,10,167988
9276,0.001859,74.125.24.0-255,2902,71319,10,167988
9277,0.001861,172.31.36.0-255,66,71385,10,167988
9278,0.001876,74.125.24.0-255,5738,77123,10,167988
9279,0.001878,172.31.36.0-255,66,77189,10,167988
9280,0.001882,74.125.24.0-255,2902,80091,10,167988
9281,0.001891,172.31.36.0-255,66,80157,10,167988
9282,0.001922,74.125.24.0-255,6438,86595,10,167988
9283,0.001925,172.31.36.0-255,66,86661,10,167988
9284,0.00202,74.125.24.0-255,1484,88145,10,167988
9285,0.003922,74.125.24.0-255,2902,91047,10,167988
9286,0.003926,172.31.36.0-255,66,91113,10,167988
9287,0.003951,74.125.24.0-255,1484,92597,10,167988
9288,0.00596,74.125.24.0-255,4320,96917,10,167988
9289,0.005966,172.31.36.0-255,66,96983,10,167988
9290,0.007972,74.125.24.0-255,5738,102721,10,167988
9291,0.00798,172.31.36.0-255,66,102787,10,167988
9292,0.009983,74.125.24.0-255,5738,108525,10,167988
9293,0.009992,172.31.36.0-255,66,108591,10,167988
9294,0.012003,74.125.24.0-255,5738,114329,10,167988
9295,0.012011,172.31.36.0-255,66,114395,10,167988
9296,0.014,74.125.24.0-255,5738,120133,10,167988
9297,0.014008,172.31.36.0-255,66,120199,10,167988
9298,0.016011,74.125.24.0-255,5738,125937,10,167988
9299,0.016017,172.31.36.0-255,66,126003,10,167988
9300,0.018031,74.125.24.0-255,5738,131741,10,167988
9301,0.018038,172.31.36.0-255,66,131807,10,167988
9302,0.020062,74.125.24.0-255,5738,137545,10,167988
9303,0.020069,172.31.36.0-255,66,137611,10,167988
9304,0.022088,74.125.24.0-255,5738,143349,10,167988
9305,0.022095,172.31.36.0-255,66,143415,10,167988
9306,0.024107,74.125.24.0-255,5738,149153,10,167988
9307,0.024116,172.31.36.0-255,66,149219,10,167988
9308,0.026163,74.125.24.0-255,5738,154957,10,167988
9309,0.026169,172.31.36.0-255,66,155023,10,167988
9310,0.02712,172.31.36.0-255,172,155195,10,167988
9311,0.027163,172.31.36.0-255,1108,156303,10,167988
9312,0.02722,172.31.36.0-255,1514,157817,10,167988
9313,0.027222,172.31.36.0-255,1514,159331,10,167988
9314,0.027223,172.31.36.0-255,1514,160845,10,167988
9315,0.027247,172.31.36.0-255,1075,161920,10,167988
9316,0.028197,74.125.24.0-255,5738,167658,10,167988
9317,0.028203,172.31.36.0-255,66,167724,10,167988
9318,0.028672,104.244.42.0-255,66,167790,10,167988
9319,0.028723,104.244.42.0-255,66,167856,10,167988
9320,0.028836,104.244.42.0-255,66,167922,10,167988
9321,0.028839,104.244.42.0-255,66,167988,10,167988
9322,0.0,74.125.24.0-255,297,297,10,286178
9323,2.4e-05,74.125.24.0-255,1484,1781,10,286178
9324,3.2e-05,172.31.36.0-255,66,1847,10,286178
9325,4e-05,74.125.24.0-255,4320,6167,10,286178
9326,4.4e-05,172.31.36.0-255,66,6233,10,286178
9327,7.4e-05,74.125.24.0-255,2902,9135,10,286178
9328,7.7e-05,172.31.36.0-255,66,9201,10,286178
9329,0.000102,74.125.24.0-255,4668,13869,10,286178
9330,0.000105,172.31.36.0-255,66,13935,10,286178
9331,0.000114,172.31.36.0-255,66,14001,10,286178
9332,0.000117,74.125.24.0-255,1484,15485,10,286178
9333,0.000138,74.125.24.0-255,6797,22282,10,286178
9334,0.00014,172.31.36.0-255,66,22348,10,286178
9335,0.000246,74.125.24.0-255,1484,23832,10,286178
9336,0.000251,74.125.24.0-255,1484,25316,10,286178
9337,0.000253,172.31.36.0-255,66,25382,10,286178
9338,0.000273,74.125.24.0-255,1484,26866,10,286178
9339,0.00028,74.125.24.0-255,5738,32604,10,286178
9340,0.000283,172.31.36.0-255,66,32670,10,286178
9341,0.000289,74.125.24.0-255,5738,38408,10,286178
9342,0.000291,172.31.36.0-255,66,38474,10,286178
9343,0.000304,74.125.24.0-255,1484,39958,10,286178
9344,0.000328,172.31.36.0-255,66,40024,10,286178
9345,0.000347,74.125.24.0-255,2543,42567,10,286178
9346,0.000351,172.31.36.0-255,66,42633,10,286178
9347,0.000358,74.125.24.0-255,4235,46868,10,286178
9348,0.00036,172.31.36.0-255,66,46934,10,286178
9349,0.000363,74.125.24.0-255,130,47064,10,286178
9350,0.000469,74.125.24.0-255,1484,48548,10,286178
9351,0.000473,172.31.36.0-255,66,48614,10,286178
9352,0.000477,74.125.24.0-255,1484,50098,10,286178
9353,0.000493,74.125.24.0-255,1484,51582,10,286178
9354,0.000495,172.31.36.0-255,66,51648,10,286178
9355,0.000501,74.125.24.0-255,5738,57386,10,286178
9356,0.000504,172.31.36.0-255,66,57452,10,286178
9357,0.000531,74.125.24.0-255,1484,58936,10,286178
9358,0.000547,74.125.24.0-255,5738,64674,10,286178
9359,0.000551,172.31.36.0-255,66,64740,10,286178
9360,0.000572,74.125.24.0-255,6797,71537,10,286178
9361,0.000575,172.31.36.0-255,66,71603,10,286178
9362,0.000612,172.31.36.0-255,66,71669,10,286178
9363,0.001119,74.125.24.0-255,1484,73153,10,286178
9364,0.001143,74.125.24.0-255,2902,76055,10,286178
9365,0.001148,172.31.36.0-255,66,76121,10,286178
9366,0.001152,74.125.24.0-255,1484,77605,10,286178
9367,0.001171,74.125.24.0-255,2902,80507,10,286178
9368,0.001175,172.31.36.0-255,66,80573,10,286178
9369,0.001181,74.125.24.0-255,5738,86311,10,286178
9370,0.001183,172.31.36.0-255,66,86377,10,286178
9371,0.001233,74.125.24.0-255,1484,87861,10,286178
9372,0.001238,74.125.24.0-255,2902,90763,10,286178
9373,0.001241,172.31.36.0-255,66,90829,10,286178
9374,0.001244,74.125.24.0-255,1484,92313,10,286178
9375,0.001309,74.125.24.0-255,4320,96633,10,286178
9376,0.001312,172.31.36.0-255,66,96699,10,286178
9377,0.001318,74.125.24.0-255,2902,99601,10,286178
9378,0.00132,172.31.36.0-255,66,99667,10,286178
9379,0.001335,74.125.24.0-255,2902,102569,10,286178
9380,0.001338,172.31.36.0-255,66,102635,10,286178
9381,0.001341,74.125.24.0-255,1484,104119,10,286178
9382,0.00136,74.125.24.0-255,2184,106303,10,286178
9383,0.001363,172.31.36.0-255,66,106369,10,286178
9384,0.001632,74.125.24.0-255,1484,107853,10,286178
9385,0.00164,74.125.24.0-255,2902,110755,10,286178
9386,0.001644,172.31.36.0-255,66,110821,10,286178
9387,0.00165,74.125.24.0-255,2902,113723,10,286178
9388,0.001652,172.31.36.0-255,66,113789,10,286178
9389,0.001666,74.125.24.0-255,2902,116691,10,286178
9390,0.001668,172.31.36.0-255,66,116757,10,286178
9391,0.001676,74.125.24.0-255,7156,123913,10,286178
9392,0.001679,172.31.36.0-255,66,123979,10,286178
9393,0.001702,74.125.24.0-255,2902,126881,10,286178
9394,0.001705,172.31.36.0-255,66,126947,10,286178
9395,0.001709,74.125.24.0-255,2902,129849,10,286178
9396,0.001711,172.31.36.0-255,66,129915,10,286178
9397,0.001734,172.31.36.0-255,66,129981,10,286178
9398,0.002048,74.125.24.0-255,1484,131465,10,286178
9399,0.002069,74.125.24.0-255,2902,134367,10,286178
9400,0.002073,172.31.36.0-255,66,134433,10,286178
9401,0.00208,74.125.24.0-255,5738,140171,10,286178
9402,0.002083,172.31.36.0-255,66,140237,10,286178
9403,0.002087,74.125.24.0-255,2902,143139,10,286178
9404,0.00209,172.31.36.0-255,66,143205,10,286178
9405,0.002128,172.31.36.0-255,66,143271,10,286178
9406,0.002139,172.31.36.0-255,66,143337,10,286178
9407,0.002142,74.125.24.0-255,766,144103,10,286178
9408,0.002403,74.125.24.0-255,1484,145587,10,286178
9409,0.002408,172.31.36.0-255,66,145653,10,286178
9410,0.002414,74.125.24.0-255,2902,148555,10,286178
9411,0.002417,172.31.36.0-255,66,148621,10,286178
9412,0.002446,74.125.24.0-255,5738,154359,10,286178
9413,0.002451,172.31.36.0-255,66,154425,10,286178
9414,0.002456,74.125.24.0-255,4320,158745,10,286178
9415,0.002459,172.31.36.0-255,66,158811,10,286178
9416,0.002477,74.125.24.0-255,7156,165967,10,286178
9417,0.00248,172.31.36.0-255,66,166033,10,286178
9418,0.002503,74.125.24.0-255,7156,173189,10,286178
9419,0.002507,172.31.36.0-255,66,173255,10,286178
9420,0.002526,74.125.24.0-255,4320,177575,10,286178
9421,0.002529,172.31.36.0-255,66,177641,10,286178
9422,0.002551,74.125.24.0-255,3602,181243,10,286178
9423,0.002554,172.31.36.0-255,66,181309,10,286178
9424,0.002562,74.125.24.0-255,7156,188465,10,286178
9425,0.002564,172.31.36.0-255,66,188531,10,286178
9426,0.002569,74.125.24.0-255,4320,192851,10,286178
9427,0.002571,172.31.36.0-255,66,192917,10,286178
9428,0.002598,74.125.24.0-255,4320,197237,10,286178
9429,0.002601,172.31.36.0-255,66,197303,10,286178
9430,0.002617,172.31.36.0-255,66,197369,10,286178
9431,0.002645,74.125.24.0-255,1484,198853,10,286178
9432,0.002651,74.125.24.0-255,2902,201755,10,286178
9433,0.002654,172.31.36.0-255,66,201821,10,286178
9434,0.002657,74.125.24.0-255,1484,203305,10,286178
9435,0.002678,74.125.24.0-255,2902,206207,10,286178
9436,0.002681,172.31.36.0-255,66,206273,10,286178
9437,0.002684,74.125.24.0-255,1484,207757,10,286178
9438,0.002703,74.125.24.0-255,4320,212077,10,286178
9439,0.002706,172.31.36.0-255,66,212143,10,286178
9440,0.002719,74.125.24.0-255,2902,215045,10,286178
9441,0.002722,172.31.36.0-255,66,215111,10,286178
9442,0.002736,74.125.24.0-255,2902,218013,10,286178
9443,0.002738,172.31.36.0-255,66,218079,10,286178
9444,0.002767,74.125.24.0-255,4320,222399,10,286178
9445,0.002771,172.31.36.0-255,66,222465,10,286178
9446,0.002781,172.31.36.0-255,66,222531,10,286178
9447,0.002784,74.125.24.0-255,766,223297,10,286178
9448,0.002787,74.125.24.0-255,1484,224781,10,286178
9449,0.002789,172.31.36.0-255,66,224847,10,286178
9450,0.002792,74.125.24.0-255,1484,226331,10,286178
9451,0.002795,74.125.24.0-255,1484,227815,10,286178
9452,0.002797,172.31.36.0-255,66,227881,10,286178
9453,0.002873,172.31.36.0-255,66,227947,10,286178
9454,0.00288,74.125.24.0-255,7156,235103,10,286178
9455,0.002882,172.31.36.0-255,66,235169,10,286178
9456,0.002894,172.31.36.0-255,66,235235,10,286178
9457,0.0029,74.125.24.0-255,7156,242391,10,286178
9458,0.002902,172.31.36.0-255,66,242457,10,286178
9459,0.002943,74.125.24.0-255,4320,246777,10,286178
9460,0.002947,172.31.36.0-255,66,246843,10,286178
9461,0.002985,172.31.36.0-255,66,246909,10,286178
9462,0.002991,74.125.24.0-255,5738,252647,10,286178
9463,0.002993,172.31.36.0-255,66,252713,10,286178
9464,0.002996,74.125.24.0-255,766,253479,10,286178
9465,0.002998,74.125.24.0-255,1484,254963,10,286178
9466,0.003,172.31.36.0-255,66,255029,10,286178
9467,0.003029,74.125.24.0-255,4320,259349,10,286178
9468,0.003033,172.31.36.0-255,66,259415,10,286178
9469,0.003037,74.125.24.0-255,1484,260899,10,286178
9470,0.003061,172.31.36.0-255,66,260965,10,286178
9471,0.003067,74.125.24.0-255,4320,265285,10,286178
9472,0.00307,172.31.36.0-255,66,265351,10,286178
9473,0.003096,74.125.24.0-255,4320,269671,10,286178
9474,0.0031,172.31.36.0-255,66,269737,10,286178
9475,0.003132,74.125.24.0-255,5738,275475,10,286178
9476,0.003136,172.31.36.0-255,66,275541,10,286178
9477,0.003167,172.31.36.0-255,66,275607,10,286178
9478,0.003185,74.125.24.0-255,5020,280627,10,286178
9479,0.003188,172.31.36.0-255,66,280693,10,286178
9480,0.003193,74.125.24.0-255,2017,282710,10,286178
9481,0.003195,172.31.36.0-255,66,282776,10,286178
9482,0.003197,74.125.24.0-255,105,282881,10,286178
9483,0.010412,172.31.36.0-255,105,282986,10,286178
9484,0.012685,74.125.24.0-255,66,283052,10,286178
9485,0.028589,172.31.36.0-255,172,283224,10,286178
9486,0.028619,172.31.36.0-255,1111,284335,10,286178
9487,0.028654,172.31.36.0-255,1514,285849,10,286178
9488,0.028656,172.31.36.0-255,329,286178,10,286178
9489,0.0,172.217.194.0-255,143,143,10,191713
9490,1.7e-05,172.217.194.0-255,1484,1627,10,191713
9491,2.5e-05,172.31.36.0-255,66,1693,10,191713
9492,3.3e-05,172.217.194.0-255,2902,4595,10,191713
9493,3.8e-05,172.31.36.0-255,66,4661,10,191713
9494,5.3e-05,172.217.194.0-255,7156,11817,10,191713
9495,5.7e-05,172.31.36.0-255,66,11883,10,191713
9496,9.5e-05,172.217.194.0-255,2002,13885,10,191713
9497,9.8e-05,172.31.36.0-255,66,13951,10,191713
9498,0.000103,172.217.194.0-255,2902,16853,10,191713
9499,0.000106,172.31.36.0-255,66,16919,10,191713
9500,0.000111,172.217.194.0-255,2902,19821,10,191713
9501,0.000113,172.31.36.0-255,66,19887,10,191713
9502,0.000154,172.217.194.0-255,7156,27043,10,191713
9503,0.000157,172.31.36.0-255,66,27109,10,191713
9504,0.000197,172.31.36.0-255,66,27175,10,191713
9505,0.00023,172.31.36.0-255,66,27241,10,191713
9506,0.000248,172.217.194.0-255,5379,32620,10,191713
9507,0.000251,172.31.36.0-255,66,32686,10,191713
9508,0.000286,172.31.36.0-255,66,32752,10,191713
9509,0.000311,172.217.194.0-255,379,33131,10,191713
9510,0.000428,172.217.194.0-255,364,33495,10,191713
9511,0.000631,172.217.194.0-255,1484,34979,10,191713
9512,0.000637,172.31.36.0-255,66,35045,10,191713
9513,0.000643,172.217.194.0-255,2902,37947,10,191713
9514,0.000646,172.31.36.0-255,66,38013,10,191713
9515,0.00065,172.217.194.0-255,1484,39497,10,191713
9516,0.000681,172.217.194.0-255,4320,43817,10,191713
9517,0.000684,172.31.36.0-255,66,43883,10,191713
9518,0.000698,172.31.36.0-255,66,43949,10,191713
9519,0.000739,172.217.194.0-255,7156,51105,10,191713
9520,0.000741,172.31.36.0-255,66,51171,10,191713
9521,0.00077,172.217.194.0-255,3602,54773,10,191713
9522,0.000772,172.31.36.0-255,66,54839,10,191713
9523,0.001225,172.217.194.0-255,1484,56323,10,191713
9524,0.001231,172.217.194.0-255,2902,59225,10,191713
9525,0.001234,172.31.36.0-255,66,59291,10,191713
9526,0.00124,172.217.194.0-255,4320,63611,10,191713
9527,0.001243,172.31.36.0-255,66,63677,10,191713
9528,0.001268,172.217.194.0-255,1484,65161,10,191713
9529,0.001281,172.31.36.0-255,66,65227,10,191713
9530,0.001306,172.217.194.0-255,1484,66711,10,191713
9531,0.001309,172.217.194.0-255,1484,68195,10,191713
9532,0.001311,172.31.36.0-255,66,68261,10,191713
9533,0.001349,172.31.36.0-255,66,68327,10,191713
9534,0.001666,172.217.194.0-255,1484,69811,10,191713
9535,0.001686,172.217.194.0-255,2902,72713,10,191713
9536,0.00169,172.31.36.0-255,66,72779,10,191713
9537,0.001696,172.217.194.0-255,4320,77099,10,191713
9538,0.001698,172.31.36.0-255,66,77165,10,191713
9539,0.001728,172.217.194.0-255,1484,78649,10,191713
9540,0.001742,172.31.36.0-255,66,78715,10,191713
9541,0.001748,172.217.194.0-255,4320,83035,10,191713
9542,0.00175,172.31.36.0-255,66,83101,10,191713
9543,0.001793,172.217.194.0-255,2902,86003,10,191713
9544,0.001797,172.31.36.0-255,66,86069,10,191713
9545,0.001815,172.217.194.0-255,3602,89671,10,191713
9546,0.001817,172.31.36.0-255,66,89737,10,191713
9547,0.001885,172.217.194.0-255,1484,91221,10,191713
9548,0.00189,172.217.194.0-255,2902,94123,10,191713
9549,0.001892,172.31.36.0-255,66,94189,10,191713
9550,0.001925,172.217.194.0-255,5738,99927,10,191713
9551,0.001927,172.31.36.0-255,66,99993,10,191713
9552,0.001935,172.217.194.0-255,5738,105731,10,191713
9553,0.001937,172.31.36.0-255,66,105797,10,191713
9554,0.001965,172.217.194.0-255,7156,112953,10,191713
9555,0.001968,172.31.36.0-255,66,113019,10,191713
9556,0.001979,172.31.36.0-255,66,113085,10,191713
9557,0.001983,172.217.194.0-255,2184,115269,10,191713
9558,0.001986,172.31.36.0-255,66,115335,10,191713
9559,0.002016,172.217.194.0-255,2902,118237,10,191713
9560,0.002019,172.31.36.0-255,66,118303,10,191713
9561,0.002027,172.217.194.0-255,7156,125459,10,191713
9562,0.002029,172.31.36.0-255,66,125525,10,191713
9563,0.002039,172.217.194.0-255,4320,129845,10,191713
9564,0.002042,172.31.36.0-255,66,129911,10,191713
9565,0.002093,172.217.194.0-255,6438,136349,10,191713
9566,0.002103,172.31.36.0-255,66,136415,10,191713
9567,0.002107,172.31.36.0-255,66,136481,10,191713
9568,0.00211,172.217.194.0-255,1484,137965,10,191713
9569,0.002137,172.217.194.0-255,5738,143703,10,191713
9570,0.00214,172.31.36.0-255,66,143769,10,191713
9571,0.002166,172.31.36.0-255,66,143835,10,191713
9572,0.002202,172.31.36.0-255,66,143901,10,191713
9573,0.002241,172.31.36.0-255,66,143967,10,191713
9574,0.002256,172.31.36.0-255,66,144033,10,191713
9575,0.002289,172.217.194.0-255,2902,146935,10,191713
9576,0.002292,172.31.36.0-255,66,147001,10,191713
9577,0.00235,172.31.36.0-255,66,147067,10,191713
9578,0.002362,172.31.36.0-255,66,147133,10,191713
9579,0.002504,172.217.194.0-255,1484,148617,10,191713
9580,0.002519,172.217.194.0-255,2902,151519,10,191713
9581,0.002523,172.31.36.0-255,66,151585,10,191713
9582,0.002528,172.217.194.0-255,2902,154487,10,191713
9583,0.00253,172.31.36.0-255,66,154553,10,191713
9584,0.002562,172.217.194.0-255,2902,157455,10,191713
9585,0.002566,172.31.36.0-255,66,157521,10,191713
9586,0.002583,172.31.36.0-255,66,157587,10,191713
9587,0.002608,172.217.194.0-255,1484,159071,10,191713
9588,0.002631,172.31.36.0-255,66,159137,10,191713
9589,0.002782,172.217.194.0-255,1484,160621,10,191713
9590,0.0028,172.217.194.0-255,2902,163523,10,191713
9591,0.002803,172.31.36.0-255,66,163589,10,191713
9592,0.002807,172.217.194.0-255,1484,165073,10,191713
9593,0.00281,172.217.194.0-255,1484,166557,10,191713
9594,0.002812,172.31.36.0-255,66,166623,10,191713
9595,0.002843,172.217.194.0-255,7156,173779,10,191713
9596,0.002846,172.31.36.0-255,66,173845,10,191713
9597,0.002886,172.31.36.0-255,66,173911,10,191713
9598,0.002893,172.217.194.0-255,5020,178931,10,191713
9599,0.002896,172.31.36.0-255,66,178997,10,191713
9600,0.003098,172.217.194.0-255,1484,180481,10,191713
9601,0.003104,172.217.194.0-255,1484,181965,10,191713
9602,0.003108,172.31.36.0-255,66,182031,10,191713
9603,0.003133,172.217.194.0-255,1484,183515,10,191713
9604,0.003139,172.217.194.0-255,5738,189253,10,191713
9605,0.003142,172.31.36.0-255,66,189319,10,191713
9606,0.003173,172.217.194.0-255,2052,191371,10,191713
9607,0.003177,172.31.36.0-255,66,191437,10,191713
9608,0.00318,172.217.194.0-255,105,191542,10,191713
9609,0.011056,172.31.36.0-255,105,191647,10,191713
9610,0.013601,172.217.194.0-255,66,191713,10,191713
9611,0.0,74.125.24.0-255,219,219,10,211786
9612,2.6e-05,172.31.36.0-255,66,285,10,211786
9613,3.4e-05,74.125.24.0-255,1484,1769,10,211786
9614,3.8e-05,172.31.36.0-255,66,1835,10,211786
9615,4.4e-05,74.125.24.0-255,2902,4737,10,211786
9616,4.7e-05,172.31.36.0-255,66,4803,10,211786
9617,6e-05,74.125.24.0-255,5738,10541,10,211786
9618,6.4e-05,172.31.36.0-255,66,10607,10,211786
9619,6.9e-05,74.125.24.0-255,3266,13873,10,211786
9620,7.2e-05,172.31.36.0-255,66,13939,10,211786
9621,0.000102,74.125.24.0-255,1484,15423,10,211786
9622,0.000105,172.31.36.0-255,66,15489,10,211786
9623,0.000113,74.125.24.0-255,2902,18391,10,211786
9624,0.000115,172.31.36.0-255,66,18457,10,211786
9625,0.000122,74.125.24.0-255,5738,24195,10,211786
9626,0.000124,172.31.36.0-255,66,24261,10,211786
9627,0.000157,74.125.24.0-255,6797,31058,10,211786
9628,0.000159,172.31.36.0-255,66,31124,10,211786
9629,0.000165,74.125.24.0-255,4320,35444,10,211786
9630,0.000167,172.31.36.0-255,66,35510,10,211786
9631,0.000194,74.125.24.0-255,2902,38412,10,211786
9632,0.000196,172.31.36.0-255,66,38478,10,211786
9633,0.000209,172.31.36.0-255,66,38544,10,211786
9634,0.000231,74.125.24.0-255,1484,40028,10,211786
9635,0.000233,172.31.36.0-255,66,40094,10,211786
9636,0.000265,172.31.36.0-255,66,40160,10,211786
9637,0.000276,74.125.24.0-255,6797,46957,10,211786
9638,0.000279,172.31.36.0-255,66,47023,10,211786
9639,0.000282,74.125.24.0-255,398,47421,10,211786
9640,0.000283,172.31.36.0-255,66,47487,10,211786
9641,0.000335,74.125.24.0-255,344,47831,10,211786
9642,0.000461,74.125.24.0-255,1484,49315,10,211786
9643,0.000478,74.125.24.0-255,2902,52217,10,211786
9644,0.0005,74.125.24.0-255,5738,57955,10,211786
9645,0.000505,74.125.24.0-255,2902,60857,10,211786
9646,0.000526,74.125.24.0-255,2902,63759,10,211786
9647,0.000544,74.125.24.0-255,1125,64884,10,211786
9648,0.00056,74.125.24.0-255,1484,66368,10,211786
9649,0.000578,74.125.24.0-255,4320,70688,10,211786
9650,0.000598,74.125.24.0-255,7156,77844,10,211786
9651,0.00061,74.125.24.0-255,2902,80746,10,211786
9652,0.000612,74.125.24.0-255,1125,81871,10,211786
9653,0.000705,172.31.36.0-255,66,81937,10,211786
9654,0.001193,74.125.24.0-255,1484,83421,10,211786
9655,0.0012,74.125.24.0-255,2902,86323,10,211786
9656,0.001204,172.31.36.0-255,66,86389,10,211786
9657,0.001208,74.125.24.0-255,1484,87873,10,211786
9658,0.001238,74.125.24.0-255,4320,92193,10,211786
9659,0.001245,74.125.24.0-255,7156,99349,10,211786
9660,0.001251,74.125.24.0-255,5738,105087,10,211786
9661,0.001274,74.125.24.0-255,1484,106571,10,211786
9662,0.001281,172.31.36.0-255,66,106637,10,211786
9663,0.001289,74.125.24.0-255,766,107403,10,211786
9664,0.001816,74.125.24.0-255,1484,108887,10,211786
9665,0.001827,172.31.36.0-255,66,108953,10,211786
9666,0.001833,74.125.24.0-255,2902,111855,10,211786
9667,0.001836,74.125.24.0-255,1484,113339,10,211786
9668,0.00184,172.31.36.0-255,66,113405,10,211786
9669,0.001864,74.125.24.0-255,4320,117725,10,211786
9670,0.001885,74.125.24.0-255,7156,124881,10,211786
9671,0.001888,172.31.36.0-255,66,124947,10,211786
9672,0.001893,172.31.36.0-255,66,125013,10,211786
9673,0.001915,74.125.24.0-255,5738,130751,10,211786
9674,0.001927,74.125.24.0-255,7156,137907,10,211786
9675,0.001941,172.31.36.0-255,66,137973,10,211786
9676,0.00196,74.125.24.0-255,3602,141575,10,211786
9677,0.001972,172.31.36.0-255,66,141641,10,211786
9678,0.002013,74.125.24.0-255,1484,143125,10,211786
9679,0.002026,172.31.36.0-255,101,143226,10,211786
9680,0.002057,74.125.24.0-255,2902,146128,10,211786
9681,0.002064,74.125.24.0-255,5738,151866,10,211786
9682,0.002066,74.125.24.0-255,1484,153350,10,211786
9683,0.002087,172.31.36.0-255,66,153416,10,211786
9684,0.002092,172.31.36.0-255,66,153482,10,211786
9685,0.002101,74.125.24.0-255,1484,154966,10,211786
9686,0.002145,172.31.36.0-255,66,155032,10,211786
9687,0.004449,74.125.24.0-255,66,155098,10,211786
9688,0.004599,74.125.24.0-255,5738,160836,10,211786
9689,0.004607,172.31.36.0-255,66,160902,10,211786
9690,0.007111,74.125.24.0-255,5738,166640,10,211786
9691,0.008738,172.31.36.0-255,66,166706,10,211786
9692,0.011232,74.125.24.0-255,4320,171026,10,211786
9693,0.011241,172.31.36.0-255,66,171092,10,211786
9694,0.011274,74.125.24.0-255,1484,172576,10,211786
9695,0.013688,74.125.24.0-255,4320,176896,10,211786
9696,0.013694,172.31.36.0-255,66,176962,10,211786
9697,0.016151,74.125.24.0-255,5738,182700,10,211786
9698,0.016194,172.31.36.0-255,66,182766,10,211786
9699,0.018716,74.125.24.0-255,5738,188504,10,211786
9700,0.018725,172.31.36.0-255,66,188570,10,211786
9701,0.021203,74.125.24.0-255,5738,194308,10,211786
9702,0.021212,172.31.36.0-255,66,194374,10,211786
9703,0.023724,74.125.24.0-255,5738,200112,10,211786
9704,0.023737,172.31.36.0-255,66,200178,10,211786
9705,0.026262,74.125.24.0-255,5738,205916,10,211786
9706,0.026269,172.31.36.0-255,66,205982,10,211786
9707,0.028778,74.125.24.0-255,5738,211720,10,211786
9708,0.028787,172.31.36.0-255,66,211786,10,211786
9709,0.0,172.217.24.0-255,142,142,10,303251
9710,3.3e-05,172.217.24.0-255,1484,1626,10,303251
9711,3.9e-05,172.31.36.0-255,66,1692,10,303251
9712,6.1e-05,172.217.24.0-255,2902,4594,10,303251
9713,6.3e-05,172.31.36.0-255,66,4660,10,303251
9714,6.9e-05,172.217.24.0-255,4320,8980,10,303251
9715,7.2e-05,172.31.36.0-255,66,9046,10,303251
9716,0.000104,172.217.24.0-255,4829,13875,10,303251
9717,0.000108,172.31.36.0-255,66,13941,10,303251
9718,0.000135,172.217.24.0-255,5738,19679,10,303251
9719,0.000138,172.31.36.0-255,66,19745,10,303251
9720,0.000141,172.217.24.0-255,1484,21229,10,303251
9721,0.000166,172.31.36.0-255,66,21295,10,303251
9722,0.000188,172.217.24.0-255,1125,22420,10,303251
9723,0.000209,172.217.24.0-255,1484,23904,10,303251
9724,0.000213,172.31.36.0-255,66,23970,10,303251
9725,0.000235,172.217.24.0-255,4320,28290,10,303251
9726,0.000239,172.31.36.0-255,66,28356,10,303251
9727,0.000246,172.217.24.0-255,5738,34094,10,303251
9728,0.000249,172.31.36.0-255,66,34160,10,303251
9729,0.000262,172.217.24.0-255,4320,38480,10,303251
9730,0.000265,172.31.36.0-255,66,38546,10,303251
9731,0.000268,172.217.24.0-255,1125,39671,10,303251
9732,0.000301,172.217.24.0-255,1484,41155,10,303251
9733,0.000304,172.31.36.0-255,66,41221,10,303251
9734,0.00031,172.217.24.0-255,2902,44123,10,303251
9735,0.000313,172.31.36.0-255,66,44189,10,303251
9736,0.000316,172.217.24.0-255,1484,45673,10,303251
9737,0.000341,172.217.24.0-255,4320,49993,10,303251
9738,0.000346,172.31.36.0-255,66,50059,10,303251
9739,0.000383,172.217.24.0-255,5738,55797,10,303251
9740,0.000387,172.31.36.0-255,66,55863,10,303251
9741,0.000406,172.217.24.0-255,1125,56988,10,303251
9742,0.000421,172.217.24.0-255,395,57383,10,303251
9743,0.000797,172.31.36.0-255,66,57449,10,303251
9744,0.001225,172.217.24.0-255,115,57564,10,303251
9745,0.001389,172.217.24.0-255,1484,59048,10,303251
9746,0.001395,172.31.36.0-255,66,59114,10,303251
9747,0.001448,172.217.24.0-255,1484,60598,10,303251
9748,0.001455,172.217.24.0-255,2902,63500,10,303251
9749,0.001458,172.31.36.0-255,66,63566,10,303251
9750,0.00148,172.217.24.0-255,5738,69304,10,303251
9751,0.001482,172.31.36.0-255,66,69370,10,303251
9752,0.001502,172.217.24.0-255,5379,74749,10,303251
9753,0.001504,172.31.36.0-255,66,74815,10,303251
9754,0.001525,172.217.24.0-255,4320,79135,10,303251
9755,0.001528,172.31.36.0-255,66,79201,10,303251
9756,0.001544,172.217.24.0-255,1484,80685,10,303251
9757,0.001558,172.217.24.0-255,2902,83587,10,303251
9758,0.001562,172.31.36.0-255,66,83653,10,303251
9759,0.001589,172.31.36.0-255,66,83719,10,303251
9760,0.001715,172.217.24.0-255,1484,85203,10,303251
9761,0.001721,172.217.24.0-255,2902,88105,10,303251
9762,0.001723,172.31.36.0-255,66,88171,10,303251
9763,0.00173,172.217.24.0-255,5738,93909,10,303251
9764,0.001732,172.31.36.0-255,66,93975,10,303251
9765,0.001766,172.31.36.0-255,66,94041,10,303251
9766,0.001783,172.217.24.0-255,1484,95525,10,303251
9767,0.001816,172.217.24.0-255,5738,101263,10,303251
9768,0.001818,172.31.36.0-255,66,101329,10,303251
9769,0.001833,172.217.24.0-255,5738,107067,10,303251
9770,0.001835,172.31.36.0-255,66,107133,10,303251
9771,0.001838,172.217.24.0-255,2184,109317,10,303251
9772,0.00184,172.31.36.0-255,66,109383,10,303251
9773,0.002142,172.217.24.0-255,1484,110867,10,303251
9774,0.002146,172.217.24.0-255,1484,112351,10,303251
9775,0.00215,172.31.36.0-255,66,112417,10,303251
9776,0.002173,172.217.24.0-255,1484,113901,10,303251
9777,0.002208,172.217.24.0-255,4320,118221,10,303251
9778,0.002211,172.31.36.0-255,66,118287,10,303251
9779,0.002216,172.217.24.0-255,2902,121189,10,303251
9780,0.002217,172.31.36.0-255,66,121255,10,303251
9781,0.002233,172.217.24.0-255,2902,124157,10,303251
9782,0.002236,172.31.36.0-255,66,124223,10,303251
9783,0.002241,172.217.24.0-255,2902,127125,10,303251
9784,0.002243,172.31.36.0-255,66,127191,10,303251
9785,0.002258,172.217.24.0-255,5738,132929,10,303251
9786,0.00226,172.31.36.0-255,66,132995,10,303251
9787,0.002264,172.217.24.0-255,1484,134479,10,303251
9788,0.002267,172.217.24.0-255,2902,137381,10,303251
9789,0.002269,172.31.36.0-255,66,137447,10,303251
9790,0.002294,172.217.24.0-255,2902,140349,10,303251
9791,0.002296,172.31.36.0-255,66,140415,10,303251
9792,0.002316,172.217.24.0-255,2902,143317,10,303251
9793,0.002318,172.31.36.0-255,66,143383,10,303251
9794,0.002322,172.217.24.0-255,766,144149,10,303251
9795,0.002421,172.217.24.0-255,1484,145633,10,303251
9796,0.002424,172.31.36.0-255,66,145699,10,303251
9797,0.002429,172.217.24.0-255,2902,148601,10,303251
9798,0.00243,172.31.36.0-255,66,148667,10,303251
9799,0.002442,172.217.24.0-255,1484,150151,10,303251
9800,0.002454,172.217.24.0-255,2902,153053,10,303251
9801,0.002456,172.31.36.0-255,66,153119,10,303251
9802,0.002459,172.217.24.0-255,1484,154603,10,303251
9803,0.002481,172.217.24.0-255,4320,158923,10,303251
9804,0.002483,172.31.36.0-255,66,158989,10,303251
9805,0.002502,172.217.24.0-255,4320,163309,10,303251
9806,0.002504,172.31.36.0-255,66,163375,10,303251
9807,0.002534,172.217.24.0-255,7156,170531,10,303251
9808,0.002536,172.31.36.0-255,66,170597,10,303251
9809,0.002542,172.217.24.0-255,5738,176335,10,303251
9810,0.002544,172.31.36.0-255,66,176401,10,303251
9811,0.002558,172.217.24.0-255,2184,178585,10,303251
9812,0.00256,172.31.36.0-255,66,178651,10,303251
9813,0.002677,172.217.24.0-255,1484,180135,10,303251
9814,0.00268,172.217.24.0-255,1484,181619,10,303251
9815,0.002685,172.31.36.0-255,66,181685,10,303251
9816,0.002699,172.217.24.0-255,1484,183169,10,303251
9817,0.002702,172.217.24.0-255,1484,184653,10,303251
9818,0.002704,172.31.36.0-255,66,184719,10,303251
9819,0.002725,172.217.24.0-255,4320,189039,10,303251
9820,0.002727,172.31.36.0-255,66,189105,10,303251
9821,0.002732,172.217.24.0-255,4320,193425,10,303251
9822,0.002734,172.31.36.0-255,66,193491,10,303251
9823,0.002763,172.217.24.0-255,7156,200647,10,303251
9824,0.002766,172.31.36.0-255,66,200713,10,303251
9825,0.002786,172.217.24.0-255,4320,205033,10,303251
9826,0.002789,172.31.36.0-255,66,205099,10,303251
9827,0.002793,172.217.24.0-255,2902,208001,10,303251
9828,0.002794,172.31.36.0-255,66,208067,10,303251
9829,0.002799,172.217.24.0-255,4320,212387,10,303251
9830,0.002801,172.31.36.0-255,66,212453,10,303251
9831,0.002804,172.217.24.0-255,766,213219,10,303251
9832,0.002915,172.217.24.0-255,1484,214703,10,303251
9833,0.002918,172.217.24.0-255,1484,216187,10,303251
9834,0.002922,172.31.36.0-255,66,216253,10,303251
9835,0.002936,172.217.24.0-255,1484,217737,10,303251
9836,0.002938,172.31.36.0-255,66,217803,10,303251
9837,0.002944,172.217.24.0-255,5738,223541,10,303251
9838,0.002946,172.31.36.0-255,66,223607,10,303251
9839,0.002985,172.31.36.0-255,66,223673,10,303251
9840,0.002991,172.217.24.0-255,5738,229411,10,303251
9841,0.002993,172.31.36.0-255,66,229477,10,303251
9842,0.003028,172.217.24.0-255,4320,233797,10,303251
9843,0.00303,172.31.36.0-255,66,233863,10,303251
9844,0.00306,172.31.36.0-255,66,233929,10,303251
9845,0.003063,172.217.24.0-255,1484,235413,10,303251
9846,0.003085,172.31.36.0-255,66,235479,10,303251
9847,0.003116,172.31.36.0-255,66,235545,10,303251
9848,0.00312,172.217.24.0-255,2184,237729,10,303251
9849,0.003122,172.31.36.0-255,66,237795,10,303251
9850,0.00315,172.217.24.0-255,1484,239279,10,303251
9851,0.003164,172.217.24.0-255,2902,242181,10,303251
9852,0.003166,172.31.36.0-255,66,242247,10,303251
9853,0.00317,172.217.24.0-255,2902,245149,10,303251
9854,0.003172,172.31.36.0-255,66,245215,10,303251
9855,0.003205,172.217.24.0-255,1484,246699,10,303251
9856,0.003223,172.217.24.0-255,2902,249601,10,303251
9857,0.003226,172.31.36.0-255,66,249667,10,303251
9858,0.003235,172.31.36.0-255,66,249733,10,303251
9859,0.003247,172.31.36.0-255,66,249799,10,303251
9860,0.00327,172.217.24.0-255,2184,251983,10,303251
9861,0.003273,172.31.36.0-255,66,252049,10,303251
9862,0.003307,172.217.24.0-255,1484,253533,10,303251
9863,0.003321,172.217.24.0-255,2902,256435,10,303251
9864,0.003324,172.31.36.0-255,66,256501,10,303251
9865,0.003329,172.217.24.0-255,4320,260821,10,303251
9866,0.003331,172.31.36.0-255,66,260887,10,303251
9867,0.003347,172.217.24.0-255,5738,266625,10,303251
9868,0.003349,172.31.36.0-255,66,266691,10,303251
9869,0.003361,172.217.24.0-255,2902,269593,10,303251
9870,0.003363,172.31.36.0-255,66,269659,10,303251
9871,0.003398,172.217.24.0-255,2902,272561,10,303251
9872,0.003402,172.31.36.0-255,66,272627,10,303251
9873,0.003432,172.31.36.0-255,66,272693,10,303251
9874,0.003441,172.31.36.0-255,66,272759,10,303251
9875,0.003452,172.31.36.0-255,66,272825,10,303251
9876,0.003457,172.217.24.0-255,4320,277145,10,303251
9877,0.003459,172.31.36.0-255,66,277211,10,303251
9878,0.003462,172.217.24.0-255,1484,278695,10,303251
9879,0.003489,172.217.24.0-255,4320,283015,10,303251
9880,0.003492,172.31.36.0-255,66,283081,10,303251
9881,0.003513,172.217.24.0-255,3602,286683,10,303251
9882,0.003515,172.31.36.0-255,66,286749,10,303251
9883,0.003521,172.217.24.0-255,5738,292487,10,303251
9884,0.003523,172.31.36.0-255,66,292553,10,303251
9885,0.00353,172.217.24.0-255,6869,299422,10,303251
9886,0.003532,172.31.36.0-255,66,299488,10,303251
9887,0.003534,172.217.24.0-255,97,299585,10,303251
9888,0.003612,172.217.24.0-255,105,299690,10,303251
9889,0.005446,172.31.36.0-255,66,299756,10,303251
9890,0.005483,172.31.36.0-255,105,299861,10,303251
9891,0.007387,172.217.24.0-255,66,299927,10,303251
9892,0.026814,172.31.36.0-255,172,300099,10,303251
9893,0.026867,172.31.36.0-255,1111,301210,10,303251
9894,0.026941,172.31.36.0-255,1514,302724,10,303251
9895,0.026943,172.31.36.0-255,329,303053,10,303251
9896,0.028397,104.244.42.0-255,66,303119,10,303251
9897,0.02844,104.244.42.0-255,66,303185,10,303251
9898,0.028491,104.244.42.0-255,66,303251,10,303251
9899,0.0,172.217.194.0-255,225,225,10,107604
9900,2e-05,172.31.36.0-255,66,291,10,107604
9901,2.8e-05,172.217.194.0-255,1484,1775,10,107604
9902,3.2e-05,172.31.36.0-255,66,1841,10,107604
9903,5.9e-05,172.217.194.0-255,4320,6161,10,107604
9904,6.2e-05,172.31.36.0-255,66,6227,10,107604
9905,0.000202,172.217.194.0-255,2902,9129,10,107604
9906,0.000205,172.31.36.0-255,66,9195,10,107604
9907,0.000233,172.217.194.0-255,6299,15494,10,107604
9908,0.000236,172.31.36.0-255,66,15560,10,107604
9909,0.000543,172.217.194.0-255,7156,22716,10,107604
9910,0.000548,172.31.36.0-255,66,22782,10,107604
9911,0.000811,172.217.194.0-255,4320,27102,10,107604
9912,0.000818,172.31.36.0-255,66,27168,10,107604
9913,0.000845,172.217.194.0-255,4158,31326,10,107604
9914,0.000849,172.31.36.0-255,66,31392,10,107604
9915,0.002986,172.217.194.0-255,1484,32876,10,107604
9916,0.002993,172.31.36.0-255,66,32942,10,107604
9917,0.003027,172.217.194.0-255,4320,37262,10,107604
9918,0.00303,172.31.36.0-255,66,37328,10,107604
9919,0.00516,172.217.194.0-255,1484,38812,10,107604
9920,0.005167,172.31.36.0-255,66,38878,10,107604
9921,0.00524,172.217.194.0-255,4320,43198,10,107604
9922,0.005244,172.31.36.0-255,66,43264,10,107604
9923,0.007341,172.217.194.0-255,1484,44748,10,107604
9924,0.007348,172.31.36.0-255,66,44814,10,107604
9925,0.007433,172.217.194.0-255,1484,46298,10,107604
9926,0.007435,172.31.36.0-255,66,46364,10,107604
9927,0.007454,172.217.194.0-255,2902,49266,10,107604
9928,0.007457,172.31.36.0-255,66,49332,10,107604
9929,0.009511,172.217.194.0-255,1484,50816,10,107604
9930,0.009515,172.31.36.0-255,66,50882,10,107604
9931,0.009648,172.217.194.0-255,2902,53784,10,107604
9932,0.00965,172.31.36.0-255,66,53850,10,107604
9933,0.009672,172.217.194.0-255,1484,55334,10,107604
9934,0.009674,172.31.36.0-255,66,55400,10,107604
9935,0.011689,172.217.194.0-255,1484,56884,10,107604
9936,0.011696,172.31.36.0-255,66,56950,10,107604
9937,0.011845,172.217.194.0-255,2902,59852,10,107604
9938,0.01185,172.31.36.0-255,66,59918,10,107604
9939,0.011885,172.217.194.0-255,1484,61402,10,107604
9940,0.011888,172.31.36.0-255,66,61468,10,107604
9941,0.013869,172.217.194.0-255,1484,62952,10,107604
9942,0.01388,172.31.36.0-255,66,63018,10,107604
9943,0.014062,172.217.194.0-255,2902,65920,10,107604
9944,0.014067,172.31.36.0-255,66,65986,10,107604
9945,0.014091,172.217.194.0-255,1484,67470,10,107604
9946,0.014094,172.31.36.0-255,66,67536,10,107604
9947,0.016107,172.217.194.0-255,1484,69020,10,107604
9948,0.016121,172.31.36.0-255,66,69086,10,107604
9949,0.016245,172.217.194.0-255,1484,70570,10,107604
9950,0.016247,172.31.36.0-255,66,70636,10,107604
9951,0.016274,172.217.194.0-255,1484,72120,10,107604
9952,0.016276,172.31.36.0-255,66,72186,10,107604
9953,0.016303,172.217.194.0-255,1484,73670,10,107604
9954,0.016305,172.31.36.0-255,66,73736,10,107604
9955,0.018313,172.217.194.0-255,1484,75220,10,107604
9956,0.018322,172.31.36.0-255,66,75286,10,107604
9957,0.018446,172.217.194.0-255,1484,76770,10,107604
9958,0.018508,172.217.194.0-255,2902,79672,10,107604
9959,0.018513,172.31.36.0-255,66,79738,10,107604
9960,0.020534,172.217.194.0-255,1484,81222,10,107604
9961,0.020699,172.217.194.0-255,4320,85542,10,107604
9962,0.020707,172.31.36.0-255,66,85608,10,107604
9963,0.022891,172.217.194.0-255,4320,89928,10,107604
9964,0.022899,172.31.36.0-255,66,89994,10,107604
9965,0.022935,172.217.194.0-255,1484,91478,10,107604
9966,0.025088,172.217.194.0-255,4320,95798,10,107604
9967,0.025095,172.31.36.0-255,66,95864,10,107604
9968,0.027305,172.217.194.0-255,5738,101602,10,107604
9969,0.027311,172.31.36.0-255,66,101668,10,107604
9970,0.029505,172.217.194.0-255,4320,105988,10,107604
9971,0.029513,172.31.36.0-255,66,106054,10,107604
9972,0.029567,172.217.194.0-255,1484,107538,10,107604
9973,0.029572,172.31.36.0-255,66,107604,10,107604
9974,0.0,172.217.194.0-255,146,146,10,165113
9975,2.6e-05,172.31.36.0-255,66,212,10,165113
9976,3.3e-05,172.217.194.0-255,1484,1696,10,165113
9977,3.8e-05,172.31.36.0-255,66,1762,10,165113
9978,4.4e-05,172.217.194.0-255,2902,4664,10,165113
9979,4.8e-05,172.31.36.0-255,66,4730,10,165113
9980,5.5e-05,172.217.194.0-255,5738,10468,10,165113
9981,5.8e-05,172.31.36.0-255,66,10534,10,165113
9982,8.3e-05,172.217.194.0-255,1484,12018,10,165113
9983,8.5e-05,172.31.36.0-255,66,12084,10,165113
9984,8.9e-05,172.217.194.0-255,2081,14165,10,165113
9985,9.1e-05,172.31.36.0-255,66,14231,10,165113
9986,0.000455,172.217.194.0-255,1484,15715,10,165113
9987,0.000461,172.31.36.0-255,66,15781,10,165113
9988,0.000467,172.217.194.0-255,2902,18683,10,165113
9989,0.000469,172.31.36.0-255,66,18749,10,165113
9990,0.000486,172.217.194.0-255,4320,23069,10,165113
9991,0.000489,172.31.36.0-255,66,23135,10,165113
9992,0.000507,172.217.194.0-255,1484,24619,10,165113
9993,0.00051,172.31.36.0-255,66,24685,10,165113
9994,0.000527,172.217.194.0-255,2902,27587,10,165113
9995,0.000529,172.31.36.0-255,66,27653,10,165113
9996,0.000552,172.217.194.0-255,3961,31614,10,165113
9997,0.000556,172.31.36.0-255,66,31680,10,165113
9998,0.000581,172.217.194.0-255,7156,38836,10,165113
9999,0.000585,172.31.36.0-255,66,38902,10,165113
10000,0.00059,172.217.194.0-255,4320,43222,10,165113
10001,0.000592,172.31.36.0-255,66,43288,10,165113
10002,0.00064,172.217.194.0-255,5379,48667,10,165113
10003,0.000644,172.31.36.0-255,66,48733,10,165113
10004,0.001632,172.217.194.0-255,1484,50217,10,165113
10005,0.001639,172.31.36.0-255,66,50283,10,165113
10006,0.001649,172.217.194.0-255,2902,53185,10,165113
10007,0.001652,172.31.36.0-255,66,53251,10,165113
10008,0.001658,172.217.194.0-255,5738,58989,10,165113
10009,0.001661,172.31.36.0-255,66,59055,10,165113
10010,0.001678,172.217.194.0-255,1484,60539,10,165113
10011,0.00168,172.31.36.0-255,66,60605,10,165113
10012,0.001706,172.217.194.0-255,6797,67402,10,165113
10013,0.001708,172.31.36.0-255,66,67468,10,165113
10014,0.001714,172.217.194.0-255,5738,73206,10,165113
10015,0.001716,172.31.36.0-255,66,73272,10,165113
10016,0.00173,172.217.194.0-255,2902,76174,10,165113
10017,0.001732,172.31.36.0-255,66,76240,10,165113
10018,0.001739,172.217.194.0-255,6797,83037,10,165113
10019,0.001742,172.31.36.0-255,66,83103,10,165113
10020,0.001765,172.217.194.0-255,1484,84587,10,165113
10021,0.001771,172.217.194.0-255,2902,87489,10,165113
10022,0.001774,172.31.36.0-255,66,87555,10,165113
10023,0.00178,172.217.194.0-255,4320,91875,10,165113
10024,0.001782,172.31.36.0-255,66,91941,10,165113
10025,0.001794,172.217.194.0-255,1484,93425,10,165113
10026,0.001825,172.31.36.0-255,66,93491,10,165113
10027,0.004163,172.217.194.0-255,4320,97811,10,165113
10028,0.004168,172.31.36.0-255,66,97877,10,165113
10029,0.004212,172.217.194.0-255,1484,99361,10,165113
10030,0.006507,172.217.194.0-255,4320,103681,10,165113
10031,0.006513,172.31.36.0-255,66,103747,10,165113
10032,0.008887,172.217.194.0-255,5738,109485,10,165113
10033,0.008895,172.31.36.0-255,66,109551,10,165113
10034,0.011228,172.217.194.0-255,5738,115289,10,165113
10035,0.011236,172.31.36.0-255,66,115355,10,165113
10036,0.013532,172.217.194.0-255,5738,121093,10,165113
10037,0.013541,172.31.36.0-255,66,121159,10,165113
10038,0.015849,172.217.194.0-255,5738,126897,10,165113
10039,0.01586,172.31.36.0-255,66,126963,10,165113
10040,0.018176,172.217.194.0-255,5738,132701,10,165113
10041,0.018182,172.31.36.0-255,66,132767,10,165113
10042,0.019201,172.31.36.0-255,172,132939,10,165113
10043,0.019233,172.31.36.0-255,1110,134049,10,165113
10044,0.019295,172.31.36.0-255,1514,135563,10,165113
10045,0.019297,172.31.36.0-255,332,135895,10,165113
10046,0.020529,172.217.194.0-255,5738,141633,10,165113
10047,0.020536,172.31.36.0-255,66,141699,10,165113
10048,0.020747,104.244.42.0-255,66,141765,10,165113
10049,0.020797,104.244.42.0-255,66,141831,10,165113
10050,0.020848,104.244.42.0-255,66,141897,10,165113
10051,0.022906,172.217.194.0-255,5738,147635,10,165113
10052,0.022913,172.31.36.0-255,66,147701,10,165113
10053,0.025306,172.217.194.0-255,5738,153439,10,165113
10054,0.025314,172.31.36.0-255,66,153505,10,165113
10055,0.027638,172.217.194.0-255,5738,159243,10,165113
10056,0.027645,172.31.36.0-255,66,159309,10,165113
10057,0.02995,172.217.194.0-255,5738,165047,10,165113
10058,0.029958,172.31.36.0-255,66,165113,10,165113
10059,0.0,74.125.130.0-255,153,153,10,234192
10060,3.3e-05,172.31.36.0-255,66,219,10,234192
10061,4e-05,74.125.130.0-255,1484,1703,10,234192
10062,4.5e-05,172.31.36.0-255,66,1769,10,234192
10063,5.8e-05,74.125.130.0-255,2902,4671,10,234192
10064,6.2e-05,172.31.36.0-255,66,4737,10,234192
10065,6.8e-05,74.125.130.0-255,5738,10475,10,234192
10066,7.1e-05,172.31.36.0-255,66,10541,10,234192
10067,0.000107,74.125.130.0-255,3455,13996,10,234192
10068,0.00011,172.31.36.0-255,66,14062,10,234192
10069,0.000309,74.125.130.0-255,1484,15546,10,234192
10070,0.000315,172.31.36.0-255,66,15612,10,234192
10071,0.00032,74.125.130.0-255,2902,18514,10,234192
10072,0.000322,172.31.36.0-255,66,18580,10,234192
10073,0.000325,74.125.130.0-255,1484,20064,10,234192
10074,0.000327,172.31.36.0-255,66,20130,10,234192
10075,0.000356,74.125.130.0-255,4320,24450,10,234192
10076,0.000359,172.31.36.0-255,66,24516,10,234192
10077,0.000366,74.125.130.0-255,6797,31313,10,234192
10078,0.000369,172.31.36.0-255,66,31379,10,234192
10079,0.000402,172.31.36.0-255,66,31445,10,234192
10080,0.000432,74.125.130.0-255,1484,32929,10,234192
10081,0.000435,172.31.36.0-255,66,32995,10,234192
10082,0.000438,74.125.130.0-255,1484,34479,10,234192
10083,0.000442,74.125.130.0-255,2902,37381,10,234192
10084,0.000443,172.31.36.0-255,66,37447,10,234192
10085,0.000447,74.125.130.0-255,5738,43185,10,234192
10086,0.000447,172.31.36.0-255,66,43251,10,234192
10087,0.00045,172.31.36.0-255,66,43317,10,234192
10088,0.000461,172.31.36.0-255,66,43383,10,234192
10089,0.000464,74.125.130.0-255,377,43760,10,234192
10090,0.000707,74.125.130.0-255,365,44125,10,234192
10091,0.00081,172.31.36.0-255,66,44191,10,234192
10092,0.000889,74.125.130.0-255,1484,45675,10,234192
10093,0.000898,74.125.130.0-255,2902,48577,10,234192
10094,0.000901,74.125.130.0-255,1484,50061,10,234192
10095,0.000915,74.125.130.0-255,1484,51545,10,234192
10096,0.00092,74.125.130.0-255,4320,55865,10,234192
10097,0.000947,172.31.36.0-255,66,55931,10,234192
10098,0.000961,74.125.130.0-255,5379,61310,10,234192
10099,0.000974,172.31.36.0-255,66,61376,10,234192
10100,0.001014,74.125.130.0-255,1484,62860,10,234192
10101,0.001035,74.125.130.0-255,1484,64344,10,234192
10102,0.001048,172.31.36.0-255,66,64410,10,234192
10103,0.001051,74.125.130.0-255,1484,65894,10,234192
10104,0.001054,74.125.130.0-255,1484,67378,10,234192
10105,0.001082,74.125.130.0-255,4320,71698,10,234192
10106,0.001095,74.125.130.0-255,1484,73182,10,234192
10107,0.001118,74.125.130.0-255,5379,78561,10,234192
10108,0.001156,172.31.36.0-255,66,78627,10,234192
10109,0.001374,74.125.130.0-255,1484,80111,10,234192
10110,0.001381,74.125.130.0-255,1484,81595,10,234192
10111,0.001385,172.31.36.0-255,66,81661,10,234192
10112,0.001409,74.125.130.0-255,1484,83145,10,234192
10113,0.001415,74.125.130.0-255,5738,88883,10,234192
10114,0.001419,74.125.130.0-255,4320,93203,10,234192
10115,0.001437,172.31.36.0-255,66,93269,10,234192
10116,0.001443,74.125.130.0-255,5738,99007,10,234192
10117,0.001499,74.125.130.0-255,2184,101191,10,234192
10118,0.001517,172.31.36.0-255,66,101257,10,234192
10119,0.001582,74.125.130.0-255,1484,102741,10,234192
10120,0.001586,74.125.130.0-255,1484,104225,10,234192
10121,0.001604,74.125.130.0-255,1484,105709,10,234192
10122,0.00161,74.125.130.0-255,5738,111447,10,234192
10123,0.00162,74.125.130.0-255,1484,112931,10,234192
10124,0.001625,172.31.36.0-255,66,112997,10,234192
10125,0.001635,74.125.130.0-255,4320,117317,10,234192
10126,0.001639,172.31.36.0-255,66,117383,10,234192
10127,0.001659,74.125.130.0-255,7156,124539,10,234192
10128,0.001677,74.125.130.0-255,1484,126023,10,234192
10129,0.00171,172.31.36.0-255,66,126089,10,234192
10130,0.001974,74.125.130.0-255,1484,127573,10,234192
10131,0.001992,74.125.130.0-255,2902,130475,10,234192
10132,0.001995,172.31.36.0-255,66,130541,10,234192
10133,0.001999,74.125.130.0-255,1484,132025,10,234192
10134,0.00203,74.125.130.0-255,4320,136345,10,234192
10135,0.002032,74.125.130.0-255,1484,137829,10,234192
10136,0.002045,74.125.130.0-255,1484,139313,10,234192
10137,0.002048,172.31.36.0-255,66,139379,10,234192
10138,0.002056,74.125.130.0-255,2902,142281,10,234192
10139,0.002062,74.125.130.0-255,5738,148019,10,234192
10140,0.002071,172.31.36.0-255,66,148085,10,234192
10141,0.002098,74.125.130.0-255,1484,149569,10,234192
10142,0.002105,74.125.130.0-255,7156,156725,10,234192
10143,0.002122,172.31.36.0-255,66,156791,10,234192
10144,0.004164,74.125.130.0-255,2902,159693,10,234192
10145,0.004169,172.31.36.0-255,66,159759,10,234192
10146,0.004196,74.125.130.0-255,2902,162661,10,234192
10147,0.004216,172.31.36.0-255,66,162727,10,234192
10148,0.00621,74.125.130.0-255,2902,165629,10,234192
10149,0.006216,172.31.36.0-255,66,165695,10,234192
10150,0.006243,74.125.130.0-255,1484,167179,10,234192
10151,0.006254,74.125.130.0-255,1484,168663,10,234192
10152,0.006269,172.31.36.0-255,66,168729,10,234192
10153,0.008262,74.125.130.0-255,2902,171631,10,234192
10154,0.008269,172.31.36.0-255,66,171697,10,234192
10155,0.008296,74.125.130.0-255,2902,174599,10,234192
10156,0.00833,172.31.36.0-255,66,174665,10,234192
10157,0.010312,74.125.130.0-255,2902,177567,10,234192
10158,0.01032,172.31.36.0-255,66,177633,10,234192
10159,0.010364,74.125.130.0-255,2902,180535,10,234192
10160,0.010398,172.31.36.0-255,66,180601,10,234192
10161,0.010483,172.31.36.0-255,101,180702,10,234192
10162,0.012365,74.125.130.0-255,2902,183604,10,234192
10163,0.012372,172.31.36.0-255,66,183670,10,234192
10164,0.012441,74.125.130.0-255,2902,186572,10,234192
10165,0.012494,74.125.130.0-255,66,186638,10,234192
10166,0.0125,172.31.36.0-255,66,186704,10,234192
10167,0.014414,74.125.130.0-255,2902,189606,10,234192
10168,0.014423,172.31.36.0-255,66,189672,10,234192
10169,0.014556,74.125.130.0-255,2902,192574,10,234192
10170,0.014561,172.31.36.0-255,66,192640,10,234192
10171,0.016476,74.125.130.0-255,2902,195542,10,234192
10172,0.016481,172.31.36.0-255,66,195608,10,234192
10173,0.016591,74.125.130.0-255,2902,198510,10,234192
10174,0.016595,172.31.36.0-255,66,198576,10,234192
10175,0.018542,74.125.130.0-255,2902,201478,10,234192
10176,0.018549,172.31.36.0-255,66,201544,10,234192
10177,0.018641,74.125.130.0-255,2902,204446,10,234192
10178,0.018724,172.31.36.0-255,66,204512,10,234192
10179,0.0206,74.125.130.0-255,2902,207414,10,234192
10180,0.020607,172.31.36.0-255,66,207480,10,234192
10181,0.020788,74.125.130.0-255,2902,210382,10,234192
10182,0.020795,172.31.36.0-255,66,210448,10,234192
10183,0.02267,74.125.130.0-255,2902,213350,10,234192
10184,0.022685,172.31.36.0-255,66,213416,10,234192
10185,0.022825,74.125.130.0-255,2902,216318,10,234192
10186,0.022874,172.31.36.0-255,66,216384,10,234192
10187,0.024748,74.125.130.0-255,2902,219286,10,234192
10188,0.024762,172.31.36.0-255,66,219352,10,234192
10189,0.024917,74.125.130.0-255,2902,222254,10,234192
10190,0.024936,172.31.36.0-255,66,222320,10,234192
10191,0.026821,74.125.130.0-255,2902,225222,10,234192
10192,0.026837,172.31.36.0-255,66,225288,10,234192
10193,0.026985,74.125.130.0-255,2902,228190,10,234192
10194,0.027022,172.31.36.0-255,66,228256,10,234192
10195,0.02888,74.125.130.0-255,2902,231158,10,234192
10196,0.028888,172.31.36.0-255,66,231224,10,234192
10197,0.029059,74.125.130.0-255,2902,234126,10,234192
10198,0.029064,172.31.36.0-255,66,234192,10,234192
10199,0.0,74.125.200.0-255,146,146,10,152326
10200,2.4e-05,172.31.36.0-255,66,212,10,152326
10201,3e-05,74.125.200.0-255,1484,1696,10,152326
10202,3.4e-05,172.31.36.0-255,66,1762,10,152326
10203,3.9e-05,74.125.200.0-255,2902,4664,10,152326
10204,4.1e-05,172.31.36.0-255,66,4730,10,152326
10205,8.6e-05,74.125.200.0-255,5738,10468,10,152326
10206,9.2e-05,172.31.36.0-255,66,10534,10,152326
10207,9.9e-05,74.125.200.0-255,3488,14022,10,152326
10208,0.000101,172.31.36.0-255,66,14088,10,152326
10209,0.000137,74.125.200.0-255,4320,18408,10,152326
10210,0.00014,172.31.36.0-255,66,18474,10,152326
10211,0.000187,74.125.200.0-255,5738,24212,10,152326
10212,0.00019,172.31.36.0-255,66,24278,10,152326
10213,0.000211,74.125.200.0-255,6797,31075,10,152326
10214,0.000216,172.31.36.0-255,66,31141,10,152326
10215,0.000289,74.125.200.0-255,1484,32625,10,152326
10216,0.000292,172.31.36.0-255,66,32691,10,152326
10217,0.000297,74.125.200.0-255,2902,35593,10,152326
10218,0.0003,172.31.36.0-255,66,35659,10,152326
10219,0.000304,74.125.200.0-255,2902,38561,10,152326
10220,0.000307,172.31.36.0-255,66,38627,10,152326
10221,0.000331,74.125.200.0-255,2902,41529,10,152326
10222,0.000334,172.31.36.0-255,66,41595,10,152326
10223,0.000341,74.125.200.0-255,5738,47333,10,152326
10224,0.000343,172.31.36.0-255,66,47399,10,152326
10225,0.000371,74.125.200.0-255,6797,54196,10,152326
10226,0.000374,172.31.36.0-255,66,54262,10,152326
10227,0.000377,74.125.200.0-255,1484,55746,10,152326
10228,0.000379,172.31.36.0-255,66,55812,10,152326
10229,0.000421,74.125.200.0-255,7156,62968,10,152326
10230,0.000425,172.31.36.0-255,66,63034,10,152326
10231,0.000444,74.125.200.0-255,2543,65577,10,152326
10232,0.000447,172.31.36.0-255,66,65643,10,152326
10233,0.001833,74.125.200.0-255,645,66288,10,152326
10234,0.001839,172.31.36.0-255,66,66354,10,152326
10235,0.00201,74.125.200.0-255,1484,67838,10,152326
10236,0.002014,172.31.36.0-255,66,67904,10,152326
10237,0.002031,74.125.200.0-255,2902,70806,10,152326
10238,0.002033,172.31.36.0-255,66,70872,10,152326
10239,0.002037,74.125.200.0-255,1484,72356,10,152326
10240,0.002053,74.125.200.0-255,4320,76676,10,152326
10241,0.002068,172.31.36.0-255,66,76742,10,152326
10242,0.002073,74.125.200.0-255,2902,79644,10,152326
10243,0.00209,74.125.200.0-255,4320,83964,10,152326
10244,0.002095,172.31.36.0-255,66,84030,10,152326
10245,0.004154,74.125.200.0-255,5738,89768,10,152326
10246,0.00416,172.31.36.0-255,66,89834,10,152326
10247,0.006244,74.125.200.0-255,5738,95572,10,152326
10248,0.006254,172.31.36.0-255,66,95638,10,152326
10249,0.00832,74.125.200.0-255,4320,99958,10,152326
10250,0.008327,172.31.36.0-255,66,100024,10,152326
10251,0.008343,74.125.200.0-255,1484,101508,10,152326
10252,0.010406,74.125.200.0-255,4320,105828,10,152326
10253,0.011295,172.31.36.0-255,66,105894,10,152326
10254,0.013366,74.125.200.0-255,5738,111632,10,152326
10255,0.013375,172.31.36.0-255,66,111698,10,152326
10256,0.01544,74.125.200.0-255,5738,117436,10,152326
10257,0.016325,172.31.36.0-255,66,117502,10,152326
10258,0.018431,74.125.200.0-255,5738,123240,10,152326
10259,0.018443,172.31.36.0-255,66,123306,10,152326
10260,0.020516,74.125.200.0-255,5738,129044,10,152326
10261,0.020525,172.31.36.0-255,66,129110,10,152326
10262,0.022612,74.125.200.0-255,5738,134848,10,152326
10263,0.02262,172.31.36.0-255,66,134914,10,152326
10264,0.024694,74.125.200.0-255,5738,140652,10,152326
10265,0.024702,172.31.36.0-255,66,140718,10,152326
10266,0.026809,74.125.200.0-255,5738,146456,10,152326
10267,0.026818,172.31.36.0-255,66,146522,10,152326
10268,0.028879,74.125.200.0-255,5738,152260,10,152326
10269,0.028887,172.31.36.0-255,66,152326,10,152326
10270,0.0,172.217.24.0-255,146,146,10,182970
10271,2.2e-05,172.31.36.0-255,66,212,10,182970
10272,2.8e-05,172.217.24.0-255,1484,1696,10,182970
10273,3.2e-05,172.31.36.0-255,66,1762,10,182970
10274,3.7e-05,172.217.24.0-255,2902,4664,10,182970
10275,4.7e-05,172.31.36.0-255,66,4730,10,182970
10276,5.5e-05,172.217.24.0-255,7156,11886,10,182970
10277,5.8e-05,172.31.36.0-255,66,11952,10,182970
10278,0.0001,172.217.24.0-255,2037,13989,10,182970
10279,0.000103,172.31.36.0-255,66,14055,10,182970
10280,0.000145,172.217.24.0-255,1484,15539,10,182970
10281,0.000147,172.31.36.0-255,66,15605,10,182970
10282,0.000165,172.217.24.0-255,2902,18507,10,182970
10283,0.000167,172.31.36.0-255,66,18573,10,182970
10284,0.000193,172.217.24.0-255,5738,24311,10,182970
10285,0.000195,172.31.36.0-255,66,24377,10,182970
10286,0.0002,172.217.24.0-255,4320,28697,10,182970
10287,0.000201,172.31.36.0-255,66,28763,10,182970
10288,0.000249,172.217.24.0-255,2543,31306,10,182970
10289,0.000251,172.31.36.0-255,66,31372,10,182970
10290,0.000455,172.217.24.0-255,1484,32856,10,182970
10291,0.00046,172.31.36.0-255,66,32922,10,182970
10292,0.000466,172.217.24.0-255,2902,35824,10,182970
10293,0.000469,172.31.36.0-255,66,35890,10,182970
10294,0.00048,172.217.24.0-255,4320,40210,10,182970
10295,0.000483,172.31.36.0-255,66,40276,10,182970
10296,0.000513,172.217.24.0-255,1484,41760,10,182970
10297,0.00052,172.217.24.0-255,6797,48557,10,182970
10298,0.000525,172.31.36.0-255,66,48623,10,182970
10299,0.000529,172.31.36.0-255,66,48689,10,182970
10300,0.000592,172.217.24.0-255,1484,50173,10,182970
10301,0.000595,172.31.36.0-255,66,50239,10,182970
10302,0.000599,172.217.24.0-255,1484,51723,10,182970
10303,0.000605,172.217.24.0-255,2902,54625,10,182970
10304,0.000607,172.31.36.0-255,66,54691,10,182970
10305,0.000617,172.217.24.0-255,2902,57593,10,182970
10306,0.000619,172.31.36.0-255,66,57659,10,182970
10307,0.000644,172.217.24.0-255,2902,60561,10,182970
10308,0.000647,172.31.36.0-255,66,60627,10,182970
10309,0.000674,172.217.24.0-255,5379,66006,10,182970
10310,0.000677,172.31.36.0-255,66,66072,10,182970
10311,0.000835,172.217.24.0-255,397,66469,10,182970
10312,0.001209,172.31.36.0-255,66,66535,10,182970
10313,0.001257,172.217.24.0-255,347,66882,10,182970
10314,0.001292,172.31.36.0-255,66,66948,10,182970
10315,0.001387,172.217.24.0-255,1484,68432,10,182970
10316,0.001396,172.217.24.0-255,2902,71334,10,182970
10317,0.0014,172.31.36.0-255,66,71400,10,182970
10318,0.001427,172.217.24.0-255,1484,72884,10,182970
10319,0.001442,172.217.24.0-255,4320,77204,10,182970
10320,0.001444,172.31.36.0-255,66,77270,10,182970
10321,0.001452,172.217.24.0-255,6797,84067,10,182970
10322,0.001454,172.31.36.0-255,66,84133,10,182970
10323,0.001488,172.217.24.0-255,1484,85617,10,182970
10324,0.00151,172.217.24.0-255,2902,88519,10,182970
10325,0.001513,172.31.36.0-255,66,88585,10,182970
10326,0.001517,172.217.24.0-255,1484,90069,10,182970
10327,0.001539,172.217.24.0-255,2902,92971,10,182970
10328,0.001542,172.31.36.0-255,66,93037,10,182970
10329,0.001549,172.217.24.0-255,5738,98775,10,182970
10330,0.001551,172.31.36.0-255,66,98841,10,182970
10331,0.001572,172.217.24.0-255,2543,101384,10,182970
10332,0.001575,172.31.36.0-255,66,101450,10,182970
10333,0.003524,172.217.24.0-255,2902,104352,10,182970
10334,0.003531,172.31.36.0-255,66,104418,10,182970
10335,0.003562,172.217.24.0-255,2902,107320,10,182970
10336,0.003564,172.31.36.0-255,66,107386,10,182970
10337,0.0055,172.217.24.0-255,2902,110288,10,182970
10338,0.005508,172.31.36.0-255,66,110354,10,182970
10339,0.005537,172.217.24.0-255,2902,113256,10,182970
10340,0.005538,172.31.36.0-255,66,113322,10,182970
10341,0.007533,172.217.24.0-255,5738,119060,10,182970
10342,0.007552,172.31.36.0-255,66,119126,10,182970
10343,0.009531,172.217.24.0-255,5738,124864,10,182970
10344,0.009546,172.31.36.0-255,66,124930,10,182970
10345,0.01154,172.217.24.0-255,5738,130668,10,182970
10346,0.011555,172.31.36.0-255,66,130734,10,182970
10347,0.013528,172.217.24.0-255,5738,136472,10,182970
10348,0.013544,172.31.36.0-255,66,136538,10,182970
10349,0.015536,172.217.24.0-255,5738,142276,10,182970
10350,0.015544,172.31.36.0-255,66,142342,10,182970
10351,0.017524,172.217.24.0-255,5738,148080,10,182970
10352,0.017535,172.31.36.0-255,66,148146,10,182970
10353,0.019518,172.217.24.0-255,5738,153884,10,182970
10354,0.019527,172.31.36.0-255,66,153950,10,182970
10355,0.021533,172.217.24.0-255,5738,159688,10,182970
10356,0.021547,172.31.36.0-255,66,159754,10,182970
10357,0.023529,172.217.24.0-255,5738,165492,10,182970
10358,0.023539,172.31.36.0-255,66,165558,10,182970
10359,0.025512,172.217.24.0-255,5738,171296,10,182970
10360,0.025522,172.31.36.0-255,66,171362,10,182970
10361,0.027503,172.217.24.0-255,5738,177100,10,182970
10362,0.027512,172.31.36.0-255,66,177166,10,182970
10363,0.029507,172.217.24.0-255,5738,182904,10,182970
10364,0.02952,172.31.36.0-255,66,182970,10,182970
10365,0.0,172.217.194.0-255,149,149,10,137611
10366,1.7e-05,172.31.36.0-255,66,215,10,137611
10367,2.4e-05,172.217.194.0-255,1484,1699,10,137611
10368,2.8e-05,172.31.36.0-255,66,1765,10,137611
10369,3.2e-05,172.217.194.0-255,1484,3249,10,137611
10370,3.5e-05,172.31.36.0-255,66,3315,10,137611
10371,4.9e-05,172.217.194.0-255,4320,7635,10,137611
10372,5.2e-05,172.31.36.0-255,66,7701,10,137611
10373,0.000102,172.217.194.0-255,6333,14034,10,137611
10374,0.000105,172.31.36.0-255,66,14100,10,137611
10375,0.000141,172.217.194.0-255,7156,21256,10,137611
10376,0.000144,172.31.36.0-255,66,21322,10,137611
10377,0.000147,172.217.194.0-255,1484,22806,10,137611
10378,0.000149,172.31.36.0-255,66,22872,10,137611
10379,0.000186,172.31.36.0-255,66,22938,10,137611
10380,0.000253,172.217.194.0-255,1484,24422,10,137611
10381,0.000257,172.31.36.0-255,66,24488,10,137611
10382,0.000262,172.217.194.0-255,2902,27390,10,137611
10383,0.000264,172.31.36.0-255,66,27456,10,137611
10384,0.000267,172.217.194.0-255,1484,28940,10,137611
10385,0.000269,172.31.36.0-255,66,29006,10,137611
10386,0.000305,172.217.194.0-255,4320,33326,10,137611
10387,0.000308,172.31.36.0-255,66,33392,10,137611
10388,0.000324,172.31.36.0-255,66,33458,10,137611
10389,0.000349,172.217.194.0-255,2902,36360,10,137611
10390,0.000352,172.31.36.0-255,66,36426,10,137611
10391,0.000394,172.31.36.0-255,66,36492,10,137611
10392,0.000396,172.217.194.0-255,347,36839,10,137611
10393,0.000399,172.31.36.0-255,66,36905,10,137611
10394,0.000497,172.217.194.0-255,118,37023,10,137611
10395,0.000527,172.217.194.0-255,375,37398,10,137611
10396,0.000916,172.217.194.0-255,1484,38882,10,137611
10397,0.000922,172.217.194.0-255,2902,41784,10,137611
10398,0.000927,172.31.36.0-255,66,41850,10,137611
10399,0.000937,172.31.36.0-255,66,41916,10,137611
10400,0.000947,172.217.194.0-255,5738,47654,10,137611
10401,0.00095,172.31.36.0-255,66,47720,10,137611
10402,0.000955,172.217.194.0-255,4320,52040,10,137611
10403,0.000957,172.31.36.0-255,66,52106,10,137611
10404,0.001007,172.31.36.0-255,66,52172,10,137611
10405,0.001041,172.31.36.0-255,66,52238,10,137611
10406,0.003093,172.217.194.0-255,5738,57976,10,137611
10407,0.0031,172.31.36.0-255,66,58042,10,137611
10408,0.00514,172.217.194.0-255,5738,63780,10,137611
10409,0.005146,172.31.36.0-255,66,63846,10,137611
10410,0.007188,172.217.194.0-255,5738,69584,10,137611
10411,0.007193,172.31.36.0-255,66,69650,10,137611
10412,0.009254,172.217.194.0-255,5738,75388,10,137611
10413,0.009262,172.31.36.0-255,66,75454,10,137611
10414,0.011315,172.217.194.0-255,5738,81192,10,137611
10415,0.011324,172.31.36.0-255,66,81258,10,137611
10416,0.013385,172.217.194.0-255,5738,86996,10,137611
10417,0.013394,172.31.36.0-255,66,87062,10,137611
10418,0.015465,172.217.194.0-255,5738,92800,10,137611
10419,0.015475,172.31.36.0-255,66,92866,10,137611
10420,0.017539,172.217.194.0-255,5738,98604,10,137611
10421,0.017547,172.31.36.0-255,66,98670,10,137611
10422,0.019622,172.217.194.0-255,5738,104408,10,137611
10423,0.019628,172.31.36.0-255,66,104474,10,137611
10424,0.021678,172.217.194.0-255,5738,110212,10,137611
10425,0.021684,172.31.36.0-255,66,110278,10,137611
10426,0.023722,172.217.194.0-255,5738,116016,10,137611
10427,0.02373,172.31.36.0-255,66,116082,10,137611
10428,0.025793,172.217.194.0-255,5738,121820,10,137611
10429,0.025801,172.31.36.0-255,66,121886,10,137611
10430,0.027849,172.217.194.0-255,5738,127624,10,137611
10431,0.027856,172.31.36.0-255,66,127690,10,137611
10432,0.029248,172.31.36.0-255,200,127890,10,137611
10433,0.029279,172.31.36.0-255,1112,129002,10,137611
10434,0.029337,172.31.36.0-255,1514,130516,10,137611
10435,0.029339,172.31.36.0-255,1291,131807,10,137611
10436,0.029928,172.217.194.0-255,5738,137545,10,137611
10437,0.029934,172.31.36.0-255,66,137611,10,137611
10438,0.0,74.125.68.0-255,143,143,10,279920
10439,1.9e-05,74.125.68.0-255,1484,1627,10,279920
10440,2.9e-05,172.31.36.0-255,66,1693,10,279920
10441,3.8e-05,74.125.68.0-255,2902,4595,10,279920
10442,4.2e-05,172.31.36.0-255,66,4661,10,279920
10443,5.5e-05,74.125.68.0-255,4320,8981,10,279920
10444,5.9e-05,172.31.36.0-255,66,9047,10,279920
10445,6.5e-05,74.125.68.0-255,4877,13924,10,279920
10446,6.8e-05,172.31.36.0-255,66,13990,10,279920
10447,9.2e-05,74.125.68.0-255,2902,16892,10,279920
10448,9.4e-05,172.31.36.0-255,66,16958,10,279920
10449,0.000135,172.31.36.0-255,66,17024,10,279920
10450,0.000141,74.125.68.0-255,4320,21344,10,279920
10451,0.000143,172.31.36.0-255,66,21410,10,279920
10452,0.000159,74.125.68.0-255,1125,22535,10,279920
10453,0.000239,74.125.68.0-255,1484,24019,10,279920
10454,0.000243,172.31.36.0-255,66,24085,10,279920
10455,0.000248,74.125.68.0-255,2902,26987,10,279920
10456,0.000251,172.31.36.0-255,66,27053,10,279920
10457,0.00028,74.125.68.0-255,5738,32791,10,279920
10458,0.000283,172.31.36.0-255,66,32857,10,279920
10459,0.000308,74.125.68.0-255,1484,34341,10,279920
10460,0.000331,74.125.68.0-255,5379,39720,10,279920
10461,0.000334,172.31.36.0-255,66,39786,10,279920
10462,0.000343,74.125.68.0-255,7156,46942,10,279920
10463,0.000345,172.31.36.0-255,66,47008,10,279920
10464,0.000357,74.125.68.0-255,7156,54164,10,279920
10465,0.00036,172.31.36.0-255,66,54230,10,279920
10466,0.000393,74.125.68.0-255,2814,57044,10,279920
10467,0.000396,172.31.36.0-255,66,57110,10,279920
10468,0.00042,74.125.68.0-255,134,57244,10,279920
10469,0.000542,74.125.68.0-255,1484,58728,10,279920
10470,0.000548,172.31.36.0-255,66,58794,10,279920
10471,0.000553,74.125.68.0-255,1484,60278,10,279920
10472,0.000577,74.125.68.0-255,1484,61762,10,279920
10473,0.000579,172.31.36.0-255,66,61828,10,279920
10474,0.000587,74.125.68.0-255,5738,67566,10,279920
10475,0.000589,172.31.36.0-255,66,67632,10,279920
10476,0.000601,74.125.68.0-255,7156,74788,10,279920
10477,0.000604,172.31.36.0-255,66,74854,10,279920
10478,0.000607,74.125.68.0-255,1484,76338,10,279920
10479,0.000642,74.125.68.0-255,7156,83494,10,279920
10480,0.000645,172.31.36.0-255,66,83560,10,279920
10481,0.000656,172.31.36.0-255,66,83626,10,279920
10482,0.0007,172.31.36.0-255,66,83692,10,279920
10483,0.000711,172.31.36.0-255,66,83758,10,279920
10484,0.000728,172.31.36.0-255,66,83824,10,279920
10485,0.000772,74.125.68.0-255,6438,90262,10,279920
10486,0.000775,172.31.36.0-255,66,90328,10,279920
10487,0.000871,74.125.68.0-255,1484,91812,10,279920
10488,0.000875,74.125.68.0-255,1484,93296,10,279920
10489,0.000879,172.31.36.0-255,66,93362,10,279920
10490,0.000904,74.125.68.0-255,1484,94846,10,279920
10491,0.000907,74.125.68.0-255,1484,96330,10,279920
10492,0.00091,172.31.36.0-255,66,96396,10,279920
10493,0.000915,74.125.68.0-255,2902,99298,10,279920
10494,0.000917,172.31.36.0-255,66,99364,10,279920
10495,0.000948,74.125.68.0-255,5738,105102,10,279920
10496,0.000952,74.125.68.0-255,2902,108004,10,279920
10497,0.000956,172.31.36.0-255,66,108070,10,279920
10498,0.00096,172.31.36.0-255,66,108136,10,279920
10499,0.001008,172.31.36.0-255,66,108202,10,279920
10500,0.001011,74.125.68.0-255,1484,109686,10,279920
10501,0.001054,74.125.68.0-255,5020,114706,10,279920
10502,0.001058,172.31.36.0-255,66,114772,10,279920
10503,0.001112,74.125.68.0-255,1484,116256,10,279920
10504,0.001116,74.125.68.0-255,1484,117740,10,279920
10505,0.001119,172.31.36.0-255,66,117806,10,279920
10506,0.001144,74.125.68.0-255,1484,119290,10,279920
10507,0.001152,74.125.68.0-255,5738,125028,10,279920
10508,0.001155,172.31.36.0-255,66,125094,10,279920
10509,0.001161,74.125.68.0-255,5738,130832,10,279920
10510,0.001164,172.31.36.0-255,66,130898,10,279920
10511,0.001176,74.125.68.0-255,7156,138054,10,279920
10512,0.001179,172.31.36.0-255,66,138120,10,279920
10513,0.001207,74.125.68.0-255,2902,141022,10,279920
10514,0.001209,172.31.36.0-255,66,141088,10,279920
10515,0.001247,172.31.36.0-255,66,141154,10,279920
10516,0.00126,172.31.36.0-255,66,141220,10,279920
10517,0.001287,74.125.68.0-255,1484,142704,10,279920
10518,0.001301,172.31.36.0-255,66,142770,10,279920
10519,0.00135,74.125.68.0-255,7156,149926,10,279920
10520,0.001353,172.31.36.0-255,66,149992,10,279920
10521,0.001375,74.125.68.0-255,1484,151476,10,279920
10522,0.001378,74.125.68.0-255,766,152242,10,279920
10523,0.00138,172.31.36.0-255,66,152308,10,279920
10524,0.00155,74.125.68.0-255,1484,153792,10,279920
10525,0.001566,74.125.68.0-255,2902,156694,10,279920
10526,0.001569,74.125.68.0-255,1484,158178,10,279920
10527,0.001575,172.31.36.0-255,66,158244,10,279920
10528,0.001588,74.125.68.0-255,4320,162564,10,279920
10529,0.001595,172.31.36.0-255,66,162630,10,279920
10530,0.001598,74.125.68.0-255,1484,164114,10,279920
10531,0.001633,172.31.36.0-255,66,164180,10,279920
10532,0.001636,74.125.68.0-255,1484,165664,10,279920
10533,0.001674,172.31.36.0-255,66,165730,10,279920
10534,0.001678,74.125.68.0-255,2184,167914,10,279920
10535,0.001681,172.31.36.0-255,66,167980,10,279920
10536,0.001802,74.125.68.0-255,1484,169464,10,279920
10537,0.001822,74.125.68.0-255,2902,172366,10,279920
10538,0.001826,172.31.36.0-255,66,172432,10,279920
10539,0.001833,74.125.68.0-255,5738,178170,10,279920
10540,0.001836,172.31.36.0-255,66,178236,10,279920
10541,0.001863,74.125.68.0-255,7156,185392,10,279920
10542,0.001865,172.31.36.0-255,66,185458,10,279920
10543,0.001893,74.125.68.0-255,1484,186942,10,279920
10544,0.001906,172.31.36.0-255,66,187008,10,279920
10545,0.001911,74.125.68.0-255,2902,189910,10,279920
10546,0.001913,172.31.36.0-255,66,189976,10,279920
10547,0.001935,74.125.68.0-255,2184,192160,10,279920
10548,0.001941,172.31.36.0-255,66,192226,10,279920
10549,0.001948,74.125.68.0-255,5738,197964,10,279920
10550,0.00195,172.31.36.0-255,66,198030,10,279920
10551,0.001955,74.125.68.0-255,2902,200932,10,279920
10552,0.001958,172.31.36.0-255,66,200998,10,279920
10553,0.001996,172.31.36.0-255,66,201064,10,279920
10554,0.002016,172.31.36.0-255,66,201130,10,279920
10555,0.002019,74.125.68.0-255,766,201896,10,279920
10556,0.002021,74.125.68.0-255,1484,203380,10,279920
10557,0.002023,172.31.36.0-255,66,203446,10,279920
10558,0.002029,74.125.68.0-255,4320,207766,10,279920
10559,0.002032,172.31.36.0-255,66,207832,10,279920
10560,0.002057,74.125.68.0-255,1484,209316,10,279920
10561,0.00208,74.125.68.0-255,7156,216472,10,279920
10562,0.002084,172.31.36.0-255,66,216538,10,279920
10563,0.002113,74.125.68.0-255,1484,218022,10,279920
10564,0.002125,172.31.36.0-255,66,218088,10,279920
10565,0.002153,74.125.68.0-255,1484,219572,10,279920
10566,0.002159,74.125.68.0-255,5738,225310,10,279920
10567,0.002161,74.125.68.0-255,766,226076,10,279920
10568,0.002166,172.31.36.0-255,66,226142,10,279920
10569,0.00262,74.125.68.0-255,1484,227626,10,279920
10570,0.002625,172.31.36.0-255,66,227692,10,279920
10571,0.002631,74.125.68.0-255,2902,230594,10,279920
10572,0.002633,172.31.36.0-255,66,230660,10,279920
10573,0.002661,74.125.68.0-255,1484,232144,10,279920
10574,0.002664,74.125.68.0-255,1484,233628,10,279920
10575,0.002667,172.31.36.0-255,66,233694,10,279920
10576,0.002671,74.125.68.0-255,2902,236596,10,279920
10577,0.002673,172.31.36.0-255,66,236662,10,279920
10578,0.002708,74.125.68.0-255,5738,242400,10,279920
10579,0.002711,172.31.36.0-255,66,242466,10,279920
10580,0.002716,74.125.68.0-255,4320,246786,10,279920
10581,0.002718,172.31.36.0-255,66,246852,10,279920
10582,0.002745,74.125.68.0-255,5738,252590,10,279920
10583,0.002751,172.31.36.0-255,66,252656,10,279920
10584,0.002755,74.125.68.0-255,1484,254140,10,279920
10585,0.002785,74.125.68.0-255,6438,260578,10,279920
10586,0.002788,172.31.36.0-255,66,260644,10,279920
10587,0.002791,74.125.68.0-255,1484,262128,10,279920
10588,0.002794,74.125.68.0-255,1484,263612,10,279920
10589,0.002796,172.31.36.0-255,66,263678,10,279920
10590,0.0028,74.125.68.0-255,2902,266580,10,279920
10591,0.002806,172.31.36.0-255,66,266646,10,279920
10592,0.002809,74.125.68.0-255,1484,268130,10,279920
10593,0.002813,74.125.68.0-255,1484,269614,10,279920
10594,0.002815,172.31.36.0-255,66,269680,10,279920
10595,0.002856,74.125.68.0-255,7156,276836,10,279920
10596,0.002859,74.125.68.0-255,2513,279349,10,279920
10597,0.002862,74.125.68.0-255,97,279446,10,279920
10598,0.002896,172.31.36.0-255,66,279512,10,279920
10599,0.002903,172.31.36.0-255,66,279578,10,279920
10600,0.002907,74.125.68.0-255,105,279683,10,279920
10601,0.011175,172.31.36.0-255,66,279749,10,279920
10602,0.01122,172.31.36.0-255,105,279854,10,279920
10603,0.013701,74.125.68.0-255,66,279920,10,279920
10604,0.0,172.217.194.0-255,142,142,10,192740
10605,3.7e-05,172.31.36.0-255,66,208,10,192740
10606,4.5e-05,172.217.194.0-255,1484,1692,10,192740
10607,4.9e-05,172.31.36.0-255,66,1758,10,192740
10608,5.5e-05,172.217.194.0-255,2902,4660,10,192740
10609,5.7e-05,172.31.36.0-255,66,4726,10,192740
10610,6.5e-05,172.217.194.0-255,7156,11882,10,192740
10611,6.7e-05,172.31.36.0-255,66,11948,10,192740
10612,7.1e-05,172.217.194.0-255,2083,14031,10,192740
10613,7.3e-05,172.31.36.0-255,66,14097,10,192740
10614,0.000121,172.217.194.0-255,1484,15581,10,192740
10615,0.000124,172.31.36.0-255,66,15647,10,192740
10616,0.000129,172.217.194.0-255,2902,18549,10,192740
10617,0.000131,172.31.36.0-255,66,18615,10,192740
10618,0.000147,172.217.194.0-255,5738,24353,10,192740
10619,0.000149,172.31.36.0-255,66,24419,10,192740
10620,0.000154,172.217.194.0-255,2902,27321,10,192740
10621,0.000156,172.31.36.0-255,66,27387,10,192740
10622,0.000182,172.217.194.0-255,3961,31348,10,192740
10623,0.000185,172.31.36.0-255,66,31414,10,192740
10624,0.000209,172.217.194.0-255,1484,32898,10,192740
10625,0.000213,172.31.36.0-255,66,32964,10,192740
10626,0.000228,172.217.194.0-255,4320,37284,10,192740
10627,0.00023,172.31.36.0-255,66,37350,10,192740
10628,0.000233,172.217.194.0-255,1484,38834,10,192740
10629,0.000235,172.31.36.0-255,66,38900,10,192740
10630,0.000261,172.217.194.0-255,5738,44638,10,192740
10631,0.000264,172.31.36.0-255,66,44704,10,192740
10632,0.000268,172.217.194.0-255,3961,48665,10,192740
10633,0.000272,172.31.36.0-255,66,48731,10,192740
10634,0.000937,172.217.194.0-255,1484,50215,10,192740
10635,0.000943,172.31.36.0-255,66,50281,10,192740
10636,0.000954,172.217.194.0-255,2902,53183,10,192740
10637,0.000956,172.31.36.0-255,66,53249,10,192740
10638,0.000962,172.217.194.0-255,2902,56151,10,192740
10639,0.000964,172.31.36.0-255,66,56217,10,192740
10640,0.000986,172.217.194.0-255,2902,59119,10,192740
10641,0.00099,172.31.36.0-255,66,59185,10,192740
10642,0.000995,172.217.194.0-255,2902,62087,10,192740
10643,0.000997,172.31.36.0-255,66,62153,10,192740
10644,0.001041,172.217.194.0-255,4540,66693,10,192740
10645,0.001044,172.31.36.0-255,66,66759,10,192740
10646,0.001164,172.217.194.0-255,1484,68243,10,192740
10647,0.001171,172.217.194.0-255,1484,69727,10,192740
10648,0.001175,172.31.36.0-255,66,69793,10,192740
10649,0.001199,172.217.194.0-255,1484,71277,10,192740
10650,0.001206,172.217.194.0-255,5738,77015,10,192740
10651,0.001209,172.31.36.0-255,66,77081,10,192740
10652,0.001234,172.217.194.0-255,7156,84237,10,192740
10653,0.001237,172.31.36.0-255,66,84303,10,192740
10654,0.001259,172.217.194.0-255,5738,90041,10,192740
10655,0.001262,172.31.36.0-255,66,90107,10,192740
10656,0.00129,172.217.194.0-255,5738,95845,10,192740
10657,0.001293,172.31.36.0-255,66,95911,10,192740
10658,0.001317,172.217.194.0-255,5020,100931,10,192740
10659,0.001321,172.31.36.0-255,66,100997,10,192740
10660,0.002274,172.217.194.0-255,1484,102481,10,192740
10661,0.002294,172.217.194.0-255,2902,105383,10,192740
10662,0.002298,172.31.36.0-255,66,105449,10,192740
10663,0.002303,172.217.194.0-255,2902,108351,10,192740
10664,0.002305,172.31.36.0-255,66,108417,10,192740
10665,0.002319,172.217.194.0-255,2902,111319,10,192740
10666,0.002321,172.31.36.0-255,66,111385,10,192740
10667,0.002352,172.217.194.0-255,7156,118541,10,192740
10668,0.002353,172.31.36.0-255,66,118607,10,192740
10669,0.002375,172.217.194.0-255,5738,124345,10,192740
10670,0.002377,172.31.36.0-255,66,124411,10,192740
10671,0.002388,172.31.36.0-255,66,124477,10,192740
10672,0.004703,172.217.194.0-255,5738,130215,10,192740
10673,0.004714,172.31.36.0-255,66,130281,10,192740
10674,0.007034,172.217.194.0-255,5738,136019,10,192740
10675,0.007043,172.31.36.0-255,66,136085,10,192740
10676,0.009378,172.217.194.0-255,5738,141823,10,192740
10677,0.009392,172.31.36.0-255,66,141889,10,192740
10678,0.01171,172.217.194.0-255,5738,147627,10,192740
10679,0.011723,172.31.36.0-255,66,147693,10,192740
10680,0.014032,172.217.194.0-255,5738,153431,10,192740
10681,0.01405,172.31.36.0-255,66,153497,10,192740
10682,0.016376,172.217.194.0-255,5738,159235,10,192740
10683,0.016394,172.31.36.0-255,66,159301,10,192740
10684,0.01875,172.217.194.0-255,5738,165039,10,192740
10685,0.018767,172.31.36.0-255,66,165105,10,192740
10686,0.021096,172.217.194.0-255,5738,170843,10,192740
10687,0.021109,172.31.36.0-255,66,170909,10,192740
10688,0.023414,172.217.194.0-255,5738,176647,10,192740
10689,0.02343,172.31.36.0-255,66,176713,10,192740
10690,0.025764,172.217.194.0-255,5738,182451,10,192740
10691,0.025774,172.31.36.0-255,66,182517,10,192740
10692,0.026271,172.31.36.0-255,172,182689,10,192740
10693,0.0263,172.31.36.0-255,1112,183801,10,192740
10694,0.026342,172.31.36.0-255,1514,185315,10,192740
10695,0.026343,172.31.36.0-255,1291,186606,10,192740
10696,0.027794,104.244.42.0-255,66,186672,10,192740
10697,0.027821,104.244.42.0-255,66,186738,10,192740
10698,0.027929,104.244.42.0-255,66,186804,10,192740
10699,0.028068,172.217.194.0-255,2902,189706,10,192740
10700,0.028073,172.31.36.0-255,66,189772,10,192740
10701,0.02811,172.217.194.0-255,2902,192674,10,192740
10702,0.028113,172.31.36.0-255,66,192740,10,192740
10703,0.0,74.125.24.0-255,143,143,10,150925
10704,3.2e-05,74.125.24.0-255,1484,1627,10,150925
10705,4.3e-05,172.31.36.0-255,66,1693,10,150925
10706,5.1e-05,74.125.24.0-255,2902,4595,10,150925
10707,5.9e-05,74.125.24.0-255,7156,11751,10,150925
10708,6.4e-05,74.125.24.0-255,3459,15210,10,150925
10709,7e-05,74.125.24.0-255,4320,19530,10,150925
10710,9.3e-05,74.125.24.0-255,2902,22432,10,150925
10711,9.5e-05,172.31.36.0-255,66,22498,10,150925
10712,0.000101,172.31.36.0-255,66,22564,10,150925
10713,0.00011,74.125.24.0-255,7156,29720,10,150925
10714,0.00017,74.125.24.0-255,5020,34740,10,150925
10715,0.000311,172.31.36.0-255,66,34806,10,150925
10716,0.000694,74.125.24.0-255,1484,36290,10,150925
10717,0.000701,74.125.24.0-255,2902,39192,10,150925
10718,0.000705,172.31.36.0-255,66,39258,10,150925
10719,0.000709,74.125.24.0-255,1484,40742,10,150925
10720,0.000724,74.125.24.0-255,4320,45062,10,150925
10721,0.00073,74.125.24.0-255,5738,50800,10,150925
10722,0.000732,172.31.36.0-255,66,50866,10,150925
10723,0.000737,172.31.36.0-255,66,50932,10,150925
10724,0.000752,74.125.24.0-255,4320,55252,10,150925
10725,0.000763,172.31.36.0-255,66,55318,10,150925
10726,0.000785,74.125.24.0-255,5673,60991,10,150925
10727,0.000793,172.31.36.0-255,66,61057,10,150925
10728,0.000965,74.125.24.0-255,1484,62541,10,150925
10729,0.000969,74.125.24.0-255,1484,64025,10,150925
10730,0.000972,172.31.36.0-255,66,64091,10,150925
10731,0.000992,74.125.24.0-255,1484,65575,10,150925
10732,0.000999,74.125.24.0-255,5738,71313,10,150925
10733,0.001004,172.31.36.0-255,66,71379,10,150925
10734,0.001056,172.31.36.0-255,66,71445,10,150925
10735,0.001058,74.125.24.0-255,7156,78601,10,150925
10736,0.00106,172.31.36.0-255,66,78667,10,150925
10737,0.001075,74.125.24.0-255,1484,80151,10,150925
10738,0.001094,74.125.24.0-255,2184,82335,10,150925
10739,0.001098,172.31.36.0-255,66,82401,10,150925
10740,0.001184,74.125.24.0-255,1484,83885,10,150925
10741,0.001197,74.125.24.0-255,2902,86787,10,150925
10742,0.001205,172.31.36.0-255,66,86853,10,150925
10743,0.00122,74.125.24.0-255,5738,92591,10,150925
10744,0.001232,172.31.36.0-255,66,92657,10,150925
10745,0.00124,74.125.24.0-255,5738,98395,10,150925
10746,0.001247,172.31.36.0-255,66,98461,10,150925
10747,0.001256,74.125.24.0-255,7156,105617,10,150925
10748,0.001259,172.31.36.0-255,66,105683,10,150925
10749,0.001263,74.125.24.0-255,1484,107167,10,150925
10750,0.001306,172.31.36.0-255,66,107233,10,150925
10751,0.001314,74.125.24.0-255,2184,109417,10,150925
10752,0.001319,172.31.36.0-255,66,109483,10,150925
10753,0.001332,172.31.36.0-255,66,109549,10,150925
10754,0.001342,74.125.24.0-255,2902,112451,10,150925
10755,0.001347,172.31.36.0-255,66,112517,10,150925
10756,0.001374,172.31.36.0-255,66,112583,10,150925
10757,0.001396,74.125.24.0-255,6438,119021,10,150925
10758,0.001402,172.31.36.0-255,66,119087,10,150925
10759,0.001417,172.31.36.0-255,66,119153,10,150925
10760,0.001434,172.31.36.0-255,66,119219,10,150925
10761,0.001464,172.31.36.0-255,66,119285,10,150925
10762,0.001482,172.31.36.0-255,66,119351,10,150925
10763,0.001498,74.125.24.0-255,7156,126507,10,150925
10764,0.001506,172.31.36.0-255,66,126573,10,150925
10765,0.001539,172.31.36.0-255,66,126639,10,150925
10766,0.001554,172.31.36.0-255,66,126705,10,150925
10767,0.001627,172.31.36.0-255,66,126771,10,150925
10768,0.001637,74.125.24.0-255,3602,130373,10,150925
10769,0.001644,172.31.36.0-255,66,130439,10,150925
10770,0.001652,74.125.24.0-255,1484,131923,10,150925
10771,0.00169,172.31.36.0-255,66,131989,10,150925
10772,0.00172,172.31.36.0-255,66,132055,10,150925
10773,0.001726,172.31.36.0-255,66,132121,10,150925
10774,0.001764,172.31.36.0-255,66,132187,10,150925
10775,0.001768,74.125.24.0-255,2902,135089,10,150925
10776,0.001772,74.125.24.0-255,2902,137991,10,150925
10777,0.001778,172.31.36.0-255,66,138057,10,150925
10778,0.001822,172.31.36.0-255,66,138123,10,150925
10779,0.001827,172.31.36.0-255,66,138189,10,150925
10780,0.001843,74.125.24.0-255,4320,142509,10,150925
10781,0.001857,172.31.36.0-255,66,142575,10,150925
10782,0.001858,74.125.24.0-255,5738,148313,10,150925
10783,0.001862,172.31.36.0-255,66,148379,10,150925
10784,0.00187,74.125.24.0-255,2204,150583,10,150925
10785,0.001876,172.31.36.0-255,66,150649,10,150925
10786,0.001896,74.125.24.0-255,105,150754,10,150925
10787,0.00382,172.31.36.0-255,105,150859,10,150925
10788,0.006335,74.125.24.0-255,66,150925,10,150925
10789,0.0,74.125.200.0-255,299,299,10,98911
10790,2.4e-05,172.31.36.0-255,66,365,10,98911
10791,3e-05,74.125.200.0-255,1484,1849,10,98911
10792,3.4e-05,172.31.36.0-255,66,1915,10,98911
10793,8.3e-05,74.125.200.0-255,2902,4817,10,98911
10794,8.6e-05,172.31.36.0-255,66,4883,10,98911
10795,0.000258,74.125.200.0-255,2902,7785,10,98911
10796,0.000263,172.31.36.0-255,66,7851,10,98911
10797,0.000441,74.125.200.0-255,4320,12171,10,98911
10798,0.000447,172.31.36.0-255,66,12237,10,98911
10799,0.000473,74.125.200.0-255,1823,14060,10,98911
10800,0.000476,172.31.36.0-255,66,14126,10,98911
10801,0.000838,172.31.36.0-255,66,14192,10,98911
10802,0.000858,74.125.200.0-255,1484,15676,10,98911
10803,0.000861,172.31.36.0-255,66,15742,10,98911
10804,0.001578,172.31.36.0-255,66,15808,10,98911
10805,0.001607,74.125.200.0-255,2902,18710,10,98911
10806,0.00161,172.31.36.0-255,66,18776,10,98911
10807,0.002559,172.31.36.0-255,66,18842,10,98911
10808,0.002589,74.125.200.0-255,7156,25998,10,98911
10809,0.002591,172.31.36.0-255,66,26064,10,98911
10810,0.003566,172.31.36.0-255,66,26130,10,98911
10811,0.003591,74.125.200.0-255,7156,33286,10,98911
10812,0.003594,172.31.36.0-255,66,33352,10,98911
10813,0.005882,74.125.200.0-255,4320,37672,10,98911
10814,0.00589,172.31.36.0-255,66,37738,10,98911
10815,0.00598,74.125.200.0-255,1484,39222,10,98911
10816,0.005984,172.31.36.0-255,66,39288,10,98911
10817,0.008164,74.125.200.0-255,4320,43608,10,98911
10818,0.008174,172.31.36.0-255,66,43674,10,98911
10819,0.00827,74.125.200.0-255,1484,45158,10,98911
10820,0.01044,74.125.200.0-255,4320,49478,10,98911
10821,0.010453,172.31.36.0-255,66,49544,10,98911
10822,0.012733,74.125.200.0-255,5738,55282,10,98911
10823,0.012808,172.31.36.0-255,66,55348,10,98911
10824,0.015102,74.125.200.0-255,5738,61086,10,98911
10825,0.015119,172.31.36.0-255,66,61152,10,98911
10826,0.017398,74.125.200.0-255,5738,66890,10,98911
10827,0.017412,172.31.36.0-255,66,66956,10,98911
10828,0.019686,74.125.200.0-255,5738,72694,10,98911
10829,0.019696,172.31.36.0-255,66,72760,10,98911
10830,0.021959,74.125.200.0-255,5738,78498,10,98911
10831,0.021968,172.31.36.0-255,66,78564,10,98911
10832,0.024232,74.125.200.0-255,4320,82884,10,98911
10833,0.024238,172.31.36.0-255,66,82950,10,98911
10834,0.024274,74.125.200.0-255,1484,84434,10,98911
10835,0.025654,172.31.36.0-255,172,84606,10,98911
10836,0.025687,172.31.36.0-255,1108,85714,10,98911
10837,0.025748,172.31.36.0-255,1514,87228,10,98911
10838,0.02575,172.31.36.0-255,1295,88523,10,98911
10839,0.026516,74.125.200.0-255,4320,92843,10,98911
10840,0.026523,172.31.36.0-255,66,92909,10,98911
10841,0.027205,104.244.42.0-255,66,92975,10,98911
10842,0.027212,104.244.42.0-255,66,93041,10,98911
10843,0.027276,104.244.42.0-255,66,93107,10,98911
10844,0.028789,74.125.200.0-255,5738,98845,10,98911
10845,0.028833,172.31.36.0-255,66,98911,10,98911
10846,0.0,74.125.24.0-255,151,151,10,255242
10847,2.2e-05,172.31.36.0-255,66,217,10,255242
10848,2.9e-05,74.125.24.0-255,1484,1701,10,255242
10849,3.3e-05,172.31.36.0-255,66,1767,10,255242
10850,3.9e-05,74.125.24.0-255,2902,4669,10,255242
10851,4.3e-05,172.31.36.0-255,66,4735,10,255242
10852,5e-05,74.125.24.0-255,7156,11891,10,255242
10853,5.2e-05,172.31.36.0-255,66,11957,10,255242
10854,5.7e-05,74.125.24.0-255,2086,14043,10,255242
10855,6e-05,172.31.36.0-255,66,14109,10,255242
10856,6.4e-05,74.125.24.0-255,2902,17011,10,255242
10857,6.8e-05,172.31.36.0-255,66,17077,10,255242
10858,0.000103,74.125.24.0-255,7156,24233,10,255242
10859,0.000106,172.31.36.0-255,66,24299,10,255242
10860,0.000118,172.31.36.0-255,66,24365,10,255242
10861,0.000148,74.125.24.0-255,5738,30103,10,255242
10862,0.00015,172.31.36.0-255,66,30169,10,255242
10863,0.000161,172.31.36.0-255,66,30235,10,255242
10864,0.000275,74.125.24.0-255,1484,31719,10,255242
10865,0.00028,172.31.36.0-255,66,31785,10,255242
10866,0.000285,74.125.24.0-255,2902,34687,10,255242
10867,0.000288,172.31.36.0-255,66,34753,10,255242
10868,0.000294,74.125.24.0-255,5738,40491,10,255242
10869,0.000296,172.31.36.0-255,66,40557,10,255242
10870,0.000326,172.31.36.0-255,66,40623,10,255242
10871,0.000377,74.125.24.0-255,1484,42107,10,255242
10872,0.00038,172.31.36.0-255,66,42173,10,255242
10873,0.000404,74.125.24.0-255,5738,47911,10,255242
10874,0.000407,172.31.36.0-255,66,47977,10,255242
10875,0.00041,74.125.24.0-255,1484,49461,10,255242
10876,0.000432,74.125.24.0-255,7156,56617,10,255242
10877,0.000439,74.125.24.0-255,5738,62355,10,255242
10878,0.00052,172.31.36.0-255,66,62421,10,255242
10879,0.000599,74.125.24.0-255,1484,63905,10,255242
10880,0.000605,74.125.24.0-255,2902,66807,10,255242
10881,0.000608,74.125.24.0-255,1484,68291,10,255242
10882,0.000614,172.31.36.0-255,66,68357,10,255242
10883,0.000627,74.125.24.0-255,4320,72677,10,255242
10884,0.00063,74.125.24.0-255,1484,74161,10,255242
10885,0.000669,74.125.24.0-255,1484,75645,10,255242
10886,0.000683,172.31.36.0-255,66,75711,10,255242
10887,0.000699,172.31.36.0-255,66,75777,10,255242
10888,0.000732,74.125.24.0-255,1484,77261,10,255242
10889,0.000737,74.125.24.0-255,2902,80163,10,255242
10890,0.000742,172.31.36.0-255,66,80229,10,255242
10891,0.000765,74.125.24.0-255,5738,85967,10,255242
10892,0.000769,74.125.24.0-255,1484,87451,10,255242
10893,0.000793,172.31.36.0-255,66,87517,10,255242
10894,0.000804,172.31.36.0-255,66,87583,10,255242
10895,0.000821,74.125.24.0-255,1484,89067,10,255242
10896,0.000852,172.31.36.0-255,66,89133,10,255242
10897,0.000943,74.125.24.0-255,1484,90617,10,255242
10898,0.000957,74.125.24.0-255,2902,93519,10,255242
10899,0.000974,74.125.24.0-255,5738,99257,10,255242
10900,0.001014,74.125.24.0-255,2902,102159,10,255242
10901,0.001019,172.31.36.0-255,66,102225,10,255242
10902,0.001033,74.125.24.0-255,3961,106186,10,255242
10903,0.001059,74.125.24.0-255,1484,107670,10,255242
10904,0.001065,74.125.24.0-255,2902,110572,10,255242
10905,0.001071,172.31.36.0-255,66,110638,10,255242
10906,0.001086,74.125.24.0-255,4320,114958,10,255242
10907,0.001097,74.125.24.0-255,1484,116442,10,255242
10908,0.001102,74.125.24.0-255,2902,119344,10,255242
10909,0.001137,172.31.36.0-255,66,119410,10,255242
10910,0.001146,172.31.36.0-255,66,119476,10,255242
10911,0.00116,74.125.24.0-255,7156,126632,10,255242
10912,0.001179,74.125.24.0-255,3602,130234,10,255242
10913,0.001185,172.31.36.0-255,66,130300,10,255242
10914,0.001483,74.125.24.0-255,1484,131784,10,255242
10915,0.00149,74.125.24.0-255,2902,134686,10,255242
10916,0.001503,74.125.24.0-255,2902,137588,10,255242
10917,0.001509,172.31.36.0-255,66,137654,10,255242
10918,0.001523,74.125.24.0-255,2902,140556,10,255242
10919,0.001529,74.125.24.0-255,4320,144876,10,255242
10920,0.001541,172.31.36.0-255,66,144942,10,255242
10921,0.001578,74.125.24.0-255,766,145708,10,255242
10922,0.001589,172.31.36.0-255,66,145774,10,255242
10923,0.001628,74.125.24.0-255,1484,147258,10,255242
10924,0.00165,74.125.24.0-255,2902,150160,10,255242
10925,0.001656,74.125.24.0-255,4320,154480,10,255242
10926,0.001669,172.31.36.0-255,66,154546,10,255242
10927,0.00169,172.31.36.0-255,66,154612,10,255242
10928,0.001722,74.125.24.0-255,7156,161768,10,255242
10929,0.001732,172.31.36.0-255,66,161834,10,255242
10930,0.00175,172.31.36.0-255,66,161900,10,255242
10931,0.001767,74.125.24.0-255,1484,163384,10,255242
10932,0.001772,74.125.24.0-255,2902,166286,10,255242
10933,0.001799,74.125.24.0-255,5738,172024,10,255242
10934,0.001813,74.125.24.0-255,2902,174926,10,255242
10935,0.001822,172.31.36.0-255,66,174992,10,255242
10936,0.00186,172.31.36.0-255,66,175058,10,255242
10937,0.001863,74.125.24.0-255,1484,176542,10,255242
10938,0.001899,74.125.24.0-255,3602,180144,10,255242
10939,0.001925,172.31.36.0-255,66,180210,10,255242
10940,0.001929,74.125.24.0-255,2902,183112,10,255242
10941,0.001935,74.125.24.0-255,5738,188850,10,255242
10942,0.00194,172.31.36.0-255,66,188916,10,255242
10943,0.001958,74.125.24.0-255,2184,191100,10,255242
10944,0.001982,172.31.36.0-255,66,191166,10,255242
10945,0.004212,74.125.24.0-255,2902,194068,10,255242
10946,0.00422,172.31.36.0-255,66,194134,10,255242
10947,0.00425,74.125.24.0-255,2902,197036,10,255242
10948,0.004253,172.31.36.0-255,66,197102,10,255242
10949,0.006485,74.125.24.0-255,2902,200004,10,255242
10950,0.006492,172.31.36.0-255,66,200070,10,255242
10951,0.006512,74.125.24.0-255,2902,202972,10,255242
10952,0.006514,172.31.36.0-255,66,203038,10,255242
10953,0.008788,74.125.24.0-255,5738,208776,10,255242
10954,0.008795,172.31.36.0-255,66,208842,10,255242
10955,0.011084,74.125.24.0-255,5738,214580,10,255242
10956,0.011097,172.31.36.0-255,66,214646,10,255242
10957,0.013391,74.125.24.0-255,5738,220384,10,255242
10958,0.013408,172.31.36.0-255,66,220450,10,255242
10959,0.015694,74.125.24.0-255,5738,226188,10,255242
10960,0.015702,172.31.36.0-255,66,226254,10,255242
10961,0.017958,74.125.24.0-255,5738,231992,10,255242
10962,0.017965,172.31.36.0-255,66,232058,10,255242
10963,0.020227,74.125.24.0-255,5738,237796,10,255242
10964,0.02025,172.31.36.0-255,66,237862,10,255242
10965,0.022694,74.125.24.0-255,4320,242182,10,255242
10966,0.0227,172.31.36.0-255,66,242248,10,255242
10967,0.022718,74.125.24.0-255,1484,243732,10,255242
10968,0.024958,74.125.24.0-255,4320,248052,10,255242
10969,0.024965,172.31.36.0-255,66,248118,10,255242
10970,0.027232,74.125.24.0-255,4320,252438,10,255242
10971,0.027239,172.31.36.0-255,66,252504,10,255242
10972,0.027257,74.125.24.0-255,1484,253988,10,255242
10973,0.029499,74.125.24.0-255,1083,255071,10,255242
10974,0.029511,172.31.36.0-255,66,255137,10,255242
10975,0.029726,172.31.36.0-255,105,255242,10,255242
10976,0.0,172.217.194.0-255,297,297,10,198822
10977,2.3e-05,172.31.36.0-255,66,363,10,198822
10978,3e-05,172.217.194.0-255,1484,1847,10,198822
10979,3.4e-05,172.31.36.0-255,66,1913,10,198822
10980,4.8e-05,172.217.194.0-255,4320,6233,10,198822
10981,5.1e-05,172.31.36.0-255,66,6299,10,198822
10982,9.5e-05,172.31.36.0-255,66,6365,10,198822
10983,0.000121,172.217.194.0-255,2902,9267,10,198822
10984,0.000123,172.31.36.0-255,66,9333,10,198822
10985,0.000166,172.31.36.0-255,66,9399,10,198822
10986,0.000171,172.217.194.0-255,3961,13360,10,198822
10987,0.000174,172.31.36.0-255,66,13426,10,198822
10988,0.000186,172.217.194.0-255,7156,20582,10,198822
10989,0.000189,172.31.36.0-255,66,20648,10,198822
10990,0.000196,172.217.194.0-255,5738,26386,10,198822
10991,0.000198,172.31.36.0-255,66,26452,10,198822
10992,0.000224,172.217.194.0-255,2902,29354,10,198822
10993,0.000227,172.31.36.0-255,66,29420,10,198822
10994,0.000234,172.217.194.0-255,7156,36576,10,198822
10995,0.000237,172.31.36.0-255,66,36642,10,198822
10996,0.000267,172.217.194.0-255,2543,39185,10,198822
10997,0.000269,172.31.36.0-255,66,39251,10,198822
10998,0.000276,172.217.194.0-255,5738,44989,10,198822
10999,0.000278,172.31.36.0-255,66,45055,10,198822
11000,0.000306,172.217.194.0-255,2543,47598,10,198822
11001,0.000309,172.31.36.0-255,66,47664,10,198822
11002,0.000556,172.217.194.0-255,378,48042,10,198822
11003,0.000562,172.31.36.0-255,66,48108,10,198822
11004,0.000588,172.217.194.0-255,364,48472,10,198822
11005,0.000592,172.31.36.0-255,66,48538,10,198822
11006,0.000877,172.217.194.0-255,1484,50022,10,198822
11007,0.000885,172.217.194.0-255,2902,52924,10,198822
11008,0.000888,172.31.36.0-255,66,52990,10,198822
11009,0.000895,172.217.194.0-255,5738,58728,10,198822
11010,0.000897,172.31.36.0-255,66,58794,10,198822
11011,0.000937,172.31.36.0-255,66,58860,10,198822
11012,0.000967,172.217.194.0-255,1484,60344,10,198822
11013,0.000991,172.31.36.0-255,66,60410,10,198822
11014,0.001704,172.217.194.0-255,1484,61894,10,198822
11015,0.001714,172.217.194.0-255,2902,64796,10,198822
11016,0.001718,172.31.36.0-255,66,64862,10,198822
11017,0.001727,172.217.194.0-255,5738,70600,10,198822
11018,0.001729,172.31.36.0-255,66,70666,10,198822
11019,0.001757,172.217.194.0-255,5738,76404,10,198822
11020,0.001759,172.31.36.0-255,66,76470,10,198822
11021,0.001791,172.217.194.0-255,7156,83626,10,198822
11022,0.001794,172.31.36.0-255,66,83692,10,198822
11023,0.001811,172.31.36.0-255,66,83758,10,198822
11024,0.002361,172.217.194.0-255,1484,85242,10,198822
11025,0.00237,172.217.194.0-255,2902,88144,10,198822
11026,0.002375,172.31.36.0-255,66,88210,10,198822
11027,0.002383,172.217.194.0-255,5738,93948,10,198822
11028,0.002385,172.31.36.0-255,66,94014,10,198822
11029,0.002394,172.217.194.0-255,1484,95498,10,198822
11030,0.002435,172.31.36.0-255,66,95564,10,198822
11031,0.00244,172.217.194.0-255,2902,98466,10,198822
11032,0.002442,172.31.36.0-255,66,98532,10,198822
11033,0.002485,172.31.36.0-255,66,98598,10,198822
11034,0.002602,172.217.194.0-255,1484,100082,10,198822
11035,0.002617,172.217.194.0-255,2902,102984,10,198822
11036,0.002621,172.31.36.0-255,66,103050,10,198822
11037,0.002626,172.217.194.0-255,2902,105952,10,198822
11038,0.00263,172.31.36.0-255,66,106018,10,198822
11039,0.002656,172.217.194.0-255,2902,108920,10,198822
11040,0.002659,172.31.36.0-255,66,108986,10,198822
11041,0.002671,172.31.36.0-255,66,109052,10,198822
11042,0.002678,172.217.194.0-255,1484,110536,10,198822
11043,0.002712,172.217.194.0-255,5738,116274,10,198822
11044,0.002714,172.31.36.0-255,66,116340,10,198822
11045,0.002735,172.217.194.0-255,6438,122778,10,198822
11046,0.002737,172.31.36.0-255,66,122844,10,198822
11047,0.002754,172.31.36.0-255,66,122910,10,198822
11048,0.002758,172.217.194.0-255,1484,124394,10,198822
11049,0.002762,172.217.194.0-255,2902,127296,10,198822
11050,0.002765,172.31.36.0-255,66,127362,10,198822
11051,0.002811,172.31.36.0-255,66,127428,10,198822
11052,0.002816,172.217.194.0-255,4320,131748,10,198822
11053,0.002818,172.31.36.0-255,66,131814,10,198822
11054,0.002827,172.217.194.0-255,2184,133998,10,198822
11055,0.002829,172.31.36.0-255,66,134064,10,198822
11056,0.002859,172.217.194.0-255,1484,135548,10,198822
11057,0.002864,172.217.194.0-255,2902,138450,10,198822
11058,0.002866,172.31.36.0-255,66,138516,10,198822
11059,0.002872,172.217.194.0-255,4320,142836,10,198822
11060,0.002875,172.31.36.0-255,66,142902,10,198822
11061,0.002901,172.217.194.0-255,1484,144386,10,198822
11062,0.002924,172.31.36.0-255,66,144452,10,198822
11063,0.002949,172.217.194.0-255,1484,145936,10,198822
11064,0.002974,172.31.36.0-255,66,146002,10,198822
11065,0.003006,172.217.194.0-255,5020,151022,10,198822
11066,0.003008,172.31.36.0-255,66,151088,10,198822
11067,0.003047,172.217.194.0-255,7156,158244,10,198822
11068,0.00305,172.217.194.0-255,1484,159728,10,198822
11069,0.003095,172.217.194.0-255,4320,164048,10,198822
11070,0.00314,172.217.194.0-255,7156,171204,10,198822
11071,0.00317,172.217.194.0-255,3602,174806,10,198822
11072,0.003197,172.217.194.0-255,4320,179126,10,198822
11073,0.003232,172.217.194.0-255,2902,182028,10,198822
11074,0.003266,172.217.194.0-255,4320,186348,10,198822
11075,0.003282,172.217.194.0-255,6438,192786,10,198822
11076,0.003301,172.217.194.0-255,5694,198480,10,198822
11077,0.003317,172.217.194.0-255,105,198585,10,198822
11078,0.005835,172.31.36.0-255,66,198651,10,198822
11079,0.010524,172.31.36.0-255,105,198756,10,198822
11080,0.012926,172.217.194.0-255,66,198822,10,198822
11081,0.0,74.125.24.0-255,153,153,10,194918
11082,1.3e-05,172.31.36.0-255,66,219,10,194918
11083,3.2e-05,74.125.24.0-255,1484,1703,10,194918
11084,4.3e-05,172.31.36.0-255,66,1769,10,194918
11085,4.8e-05,74.125.24.0-255,2902,4671,10,194918
11086,5.2e-05,172.31.36.0-255,66,4737,10,194918
11087,6.1e-05,74.125.24.0-255,7156,11893,10,194918
11088,6.4e-05,172.31.36.0-255,66,11959,10,194918
11089,9.4e-05,172.31.36.0-255,66,12025,10,194918
11090,0.000124,74.125.24.0-255,5379,17404,10,194918
11091,0.000127,172.31.36.0-255,66,17470,10,194918
11092,0.000186,74.125.24.0-255,1484,18954,10,194918
11093,0.000189,172.31.36.0-255,66,19020,10,194918
11094,0.000204,74.125.24.0-255,2902,21922,10,194918
11095,0.000206,172.31.36.0-255,66,21988,10,194918
11096,0.000217,74.125.24.0-255,5738,27726,10,194918
11097,0.00022,172.31.36.0-255,66,27792,10,194918
11098,0.000227,74.125.24.0-255,5738,33530,10,194918
11099,0.000229,172.31.36.0-255,66,33596,10,194918
11100,0.000279,172.31.36.0-255,66,33662,10,194918
11101,0.000303,74.125.24.0-255,2543,36205,10,194918
11102,0.000306,172.31.36.0-255,66,36271,10,194918
11103,0.000311,74.125.24.0-255,4241,40512,10,194918
11104,0.000314,172.31.36.0-255,66,40578,10,194918
11105,0.001018,74.125.24.0-255,130,40708,10,194918
11106,0.001025,172.31.36.0-255,66,40774,10,194918
11107,0.001055,74.125.24.0-255,1484,42258,10,194918
11108,0.00106,74.125.24.0-255,2902,45160,10,194918
11109,0.001066,74.125.24.0-255,5738,50898,10,194918
11110,0.00107,172.31.36.0-255,66,50964,10,194918
11111,0.001073,172.31.36.0-255,66,51030,10,194918
11112,0.001081,172.31.36.0-255,66,51096,10,194918
11113,0.001088,74.125.24.0-255,1484,52580,10,194918
11114,0.001095,74.125.24.0-255,5379,57959,10,194918
11115,0.001097,172.31.36.0-255,66,58025,10,194918
11116,0.001243,74.125.24.0-255,1484,59509,10,194918
11117,0.001248,74.125.24.0-255,1484,60993,10,194918
11118,0.001251,172.31.36.0-255,66,61059,10,194918
11119,0.001282,74.125.24.0-255,1484,62543,10,194918
11120,0.001289,74.125.24.0-255,5738,68281,10,194918
11121,0.001291,172.31.36.0-255,66,68347,10,194918
11122,0.001305,172.31.36.0-255,66,68413,10,194918
11123,0.001322,172.31.36.0-255,66,68479,10,194918
11124,0.001345,74.125.24.0-255,1484,69963,10,194918
11125,0.001364,74.125.24.0-255,2902,72865,10,194918
11126,0.001366,172.31.36.0-255,66,72931,10,194918
11127,0.001373,74.125.24.0-255,5738,78669,10,194918
11128,0.001375,172.31.36.0-255,66,78735,10,194918
11129,0.00141,74.125.24.0-255,6797,85532,10,194918
11130,0.001417,74.125.24.0-255,7156,92688,10,194918
11131,0.001425,172.31.36.0-255,66,92754,10,194918
11132,0.001429,172.31.36.0-255,66,92820,10,194918
11133,0.00144,172.31.36.0-255,66,92886,10,194918
11134,0.001478,74.125.24.0-255,7156,100042,10,194918
11135,0.001481,172.31.36.0-255,66,100108,10,194918
11136,0.001485,74.125.24.0-255,2902,103010,10,194918
11137,0.001487,172.31.36.0-255,66,103076,10,194918
11138,0.00152,172.31.36.0-255,66,103142,10,194918
11139,0.001845,74.125.24.0-255,1484,104626,10,194918
11140,0.001851,74.125.24.0-255,2902,107528,10,194918
11141,0.001855,172.31.36.0-255,66,107594,10,194918
11142,0.00186,74.125.24.0-255,2902,110496,10,194918
11143,0.001862,172.31.36.0-255,66,110562,10,194918
11144,0.001887,74.125.24.0-255,2902,113464,10,194918
11145,0.001889,172.31.36.0-255,66,113530,10,194918
11146,0.001908,172.31.36.0-255,66,113596,10,194918
11147,0.001921,172.31.36.0-255,66,113662,10,194918
11148,0.003894,74.125.24.0-255,5738,119400,10,194918
11149,0.003902,172.31.36.0-255,66,119466,10,194918
11150,0.00585,74.125.24.0-255,5738,125204,10,194918
11151,0.005857,172.31.36.0-255,66,125270,10,194918
11152,0.007811,74.125.24.0-255,5738,131008,10,194918
11153,0.007818,172.31.36.0-255,66,131074,10,194918
11154,0.009775,74.125.24.0-255,5738,136812,10,194918
11155,0.009782,172.31.36.0-255,66,136878,10,194918
11156,0.011769,74.125.24.0-255,5738,142616,10,194918
11157,0.011776,172.31.36.0-255,66,142682,10,194918
11158,0.013753,74.125.24.0-255,5738,148420,10,194918
11159,0.013766,172.31.36.0-255,66,148486,10,194918
11160,0.015766,74.125.24.0-255,5738,154224,10,194918
11161,0.015781,172.31.36.0-255,66,154290,10,194918
11162,0.017761,74.125.24.0-255,5738,160028,10,194918
11163,0.017777,172.31.36.0-255,66,160094,10,194918
11164,0.019759,74.125.24.0-255,5738,165832,10,194918
11165,0.019769,172.31.36.0-255,66,165898,10,194918
11166,0.021751,74.125.24.0-255,5738,171636,10,194918
11167,0.021758,172.31.36.0-255,66,171702,10,194918
11168,0.023758,74.125.24.0-255,5738,177440,10,194918
11169,0.023767,172.31.36.0-255,66,177506,10,194918
11170,0.02573,74.125.24.0-255,5738,183244,10,194918
11171,0.025737,172.31.36.0-255,66,183310,10,194918
11172,0.027718,74.125.24.0-255,5738,189048,10,194918
11173,0.027729,172.31.36.0-255,66,189114,10,194918
11174,0.029701,74.125.24.0-255,5738,194852,10,194918
11175,0.029709,172.31.36.0-255,66,194918,10,194918
11176,0.0,172.217.194.0-255,153,153,10,208763
11177,2.2e-05,172.31.36.0-255,66,219,10,208763
11178,2.9e-05,172.217.194.0-255,1484,1703,10,208763
11179,3.3e-05,172.31.36.0-255,66,1769,10,208763
11180,3.8e-05,172.217.194.0-255,2902,4671,10,208763
11181,4.1e-05,172.31.36.0-255,66,4737,10,208763
11182,4.5e-05,172.217.194.0-255,2902,7639,10,208763
11183,4.7e-05,172.31.36.0-255,66,7705,10,208763
11184,5.3e-05,172.217.194.0-255,4320,12025,10,208763
11185,5.7e-05,172.31.36.0-255,66,12091,10,208763
11186,9.2e-05,172.217.194.0-255,7156,19247,10,208763
11187,9.5e-05,172.31.36.0-255,66,19313,10,208763
11188,0.000113,172.217.194.0-255,2011,21324,10,208763
11189,0.000115,172.31.36.0-255,66,21390,10,208763
11190,0.000126,172.31.36.0-255,66,21456,10,208763
11191,0.000554,172.217.194.0-255,1484,22940,10,208763
11192,0.000559,172.31.36.0-255,66,23006,10,208763
11193,0.000575,172.217.194.0-255,2902,25908,10,208763
11194,0.000577,172.31.36.0-255,66,25974,10,208763
11195,0.000604,172.217.194.0-255,5738,31712,10,208763
11196,0.000607,172.31.36.0-255,66,31778,10,208763
11197,0.000621,172.217.194.0-255,4320,36098,10,208763
11198,0.000623,172.31.36.0-255,66,36164,10,208763
11199,0.000655,172.217.194.0-255,6797,42961,10,208763
11200,0.000658,172.31.36.0-255,66,43027,10,208763
11201,0.00067,172.31.36.0-255,66,43093,10,208763
11202,0.000691,172.217.194.0-255,364,43457,10,208763
11203,0.000694,172.31.36.0-255,66,43523,10,208763
11204,0.000712,172.217.194.0-255,1484,45007,10,208763
11205,0.000714,172.31.36.0-255,66,45073,10,208763
11206,0.000726,172.217.194.0-255,1484,46557,10,208763
11207,0.000747,172.217.194.0-255,2902,49459,10,208763
11208,0.000749,172.31.36.0-255,66,49525,10,208763
11209,0.000756,172.217.194.0-255,7156,56681,10,208763
11210,0.000758,172.31.36.0-255,66,56747,10,208763
11211,0.000785,172.31.36.0-255,66,56813,10,208763
11212,0.000807,172.217.194.0-255,1484,58297,10,208763
11213,0.000814,172.217.194.0-255,5020,63317,10,208763
11214,0.000816,172.31.36.0-255,66,63383,10,208763
11215,0.00102,172.217.194.0-255,1484,64867,10,208763
11216,0.001025,172.217.194.0-255,2902,67769,10,208763
11217,0.001029,172.31.36.0-255,66,67835,10,208763
11218,0.001036,172.217.194.0-255,5738,73573,10,208763
11219,0.001038,172.31.36.0-255,66,73639,10,208763
11220,0.00104,172.217.194.0-255,1484,75123,10,208763
11221,0.001066,172.217.194.0-255,4320,79443,10,208763
11222,0.001069,172.31.36.0-255,66,79509,10,208763
11223,0.001083,172.31.36.0-255,66,79575,10,208763
11224,0.00111,172.217.194.0-255,2902,82477,10,208763
11225,0.001114,172.31.36.0-255,66,82543,10,208763
11226,0.001121,172.217.194.0-255,5020,87563,10,208763
11227,0.001123,172.31.36.0-255,66,87629,10,208763
11228,0.001146,172.217.194.0-255,1484,89113,10,208763
11229,0.001151,172.217.194.0-255,2902,92015,10,208763
11230,0.001157,172.31.36.0-255,66,92081,10,208763
11231,0.001168,172.217.194.0-255,2902,94983,10,208763
11232,0.00117,172.31.36.0-255,66,95049,10,208763
11233,0.001185,172.217.194.0-255,2902,97951,10,208763
11234,0.001188,172.31.36.0-255,66,98017,10,208763
11235,0.001191,172.217.194.0-255,1484,99501,10,208763
11236,0.001233,172.31.36.0-255,66,99567,10,208763
11237,0.001244,172.31.36.0-255,66,99633,10,208763
11238,0.001262,172.217.194.0-255,766,100399,10,208763
11239,0.001349,172.217.194.0-255,1484,101883,10,208763
11240,0.001354,172.31.36.0-255,66,101949,10,208763
11241,0.001359,172.217.194.0-255,2902,104851,10,208763
11242,0.001361,172.31.36.0-255,66,104917,10,208763
11243,0.001391,172.217.194.0-255,5738,110655,10,208763
11244,0.001394,172.31.36.0-255,66,110721,10,208763
11245,0.001398,172.217.194.0-255,1484,112205,10,208763
11246,0.001423,172.31.36.0-255,66,112271,10,208763
11247,0.001431,172.217.194.0-255,7156,119427,10,208763
11248,0.001434,172.31.36.0-255,66,119493,10,208763
11249,0.00145,172.217.194.0-255,2902,122395,10,208763
11250,0.001452,172.31.36.0-255,66,122461,10,208763
11251,0.001456,172.217.194.0-255,766,123227,10,208763
11252,0.001569,172.217.194.0-255,1484,124711,10,208763
11253,0.001574,172.31.36.0-255,66,124777,10,208763
11254,0.001594,172.217.194.0-255,2902,127679,10,208763
11255,0.001598,172.31.36.0-255,66,127745,10,208763
11256,0.001605,172.217.194.0-255,5738,133483,10,208763
11257,0.001607,172.31.36.0-255,66,133549,10,208763
11258,0.001632,172.217.194.0-255,4320,137869,10,208763
11259,0.001635,172.31.36.0-255,66,137935,10,208763
11260,0.001659,172.217.194.0-255,5738,143673,10,208763
11261,0.001662,172.31.36.0-255,66,143739,10,208763
11262,0.001683,172.217.194.0-255,7156,150895,10,208763
11263,0.001686,172.31.36.0-255,66,150961,10,208763
11264,0.001718,172.31.36.0-255,66,151027,10,208763
11265,0.001725,172.217.194.0-255,5738,156765,10,208763
11266,0.001727,172.31.36.0-255,66,156831,10,208763
11267,0.001774,172.31.36.0-255,66,156897,10,208763
11268,0.001786,172.31.36.0-255,66,156963,10,208763
11269,0.001789,172.217.194.0-255,766,157729,10,208763
11270,0.001803,172.217.194.0-255,1484,159213,10,208763
11271,0.001805,172.31.36.0-255,66,159279,10,208763
11272,0.001811,172.217.194.0-255,4320,163599,10,208763
11273,0.001814,172.31.36.0-255,66,163665,10,208763
11274,0.001858,172.31.36.0-255,66,163731,10,208763
11275,0.001895,172.217.194.0-255,4320,168051,10,208763
11276,0.001897,172.31.36.0-255,66,168117,10,208763
11277,0.001918,172.217.194.0-255,5738,173855,10,208763
11278,0.00192,172.31.36.0-255,66,173921,10,208763
11279,0.001931,172.31.36.0-255,66,173987,10,208763
11280,0.001936,172.217.194.0-255,2902,176889,10,208763
11281,0.001939,172.31.36.0-255,66,176955,10,208763
11282,0.001971,172.217.194.0-255,5738,182693,10,208763
11283,0.001974,172.31.36.0-255,66,182759,10,208763
11284,0.001985,172.31.36.0-255,66,182825,10,208763
11285,0.001993,172.217.194.0-255,7156,189981,10,208763
11286,0.001995,172.31.36.0-255,66,190047,10,208763
11287,0.002032,172.31.36.0-255,66,190113,10,208763
11288,0.002048,172.31.36.0-255,66,190179,10,208763
11289,0.002058,172.31.36.0-255,66,190245,10,208763
11290,0.002076,172.217.194.0-255,1484,191729,10,208763
11291,0.002111,172.217.194.0-255,5738,197467,10,208763
11292,0.002115,172.31.36.0-255,66,197533,10,208763
11293,0.002132,172.217.194.0-255,5738,203271,10,208763
11294,0.002134,172.31.36.0-255,66,203337,10,208763
11295,0.00217,172.31.36.0-255,66,203403,10,208763
11296,0.002189,172.217.194.0-255,766,204169,10,208763
11297,0.002215,172.31.36.0-255,66,204235,10,208763
11298,0.002218,172.217.194.0-255,97,204332,10,208763
11299,0.00222,172.217.194.0-255,105,204437,10,208763
11300,0.004779,172.31.36.0-255,66,204503,10,208763
11301,0.004817,172.31.36.0-255,105,204608,10,208763
11302,0.007289,172.217.194.0-255,66,204674,10,208763
11303,0.028669,172.31.36.0-255,172,204846,10,208763
11304,0.028712,172.31.36.0-255,1108,205954,10,208763
11305,0.028794,172.31.36.0-255,1514,207468,10,208763
11306,0.028798,172.31.36.0-255,1295,208763,10,208763
11307,0.0,74.125.24.0-255,153,153,10,148194
11308,2.6e-05,172.31.36.0-255,66,219,10,148194
11309,3.3e-05,74.125.24.0-255,1484,1703,10,148194
11310,3.7e-05,172.31.36.0-255,66,1769,10,148194
11311,4.3e-05,74.125.24.0-255,2902,4671,10,148194
11312,4.5e-05,172.31.36.0-255,66,4737,10,148194
11313,7.3e-05,74.125.24.0-255,7156,11893,10,148194
11314,7.6e-05,172.31.36.0-255,66,11959,10,148194
11315,0.000152,74.125.24.0-255,2046,14005,10,148194
11316,0.000156,172.31.36.0-255,66,14071,10,148194
11317,0.000185,74.125.24.0-255,2902,16973,10,148194
11318,0.000187,172.31.36.0-255,66,17039,10,148194
11319,0.000218,74.125.24.0-255,4320,21359,10,148194
11320,0.000222,172.31.36.0-255,66,21425,10,148194
11321,0.000239,74.125.24.0-255,2902,24327,10,148194
11322,0.000242,172.31.36.0-255,66,24393,10,148194
11323,0.000297,74.125.24.0-255,1484,25877,10,148194
11324,0.000301,172.31.36.0-255,66,25943,10,148194
11325,0.000323,74.125.24.0-255,5379,31322,10,148194
11326,0.000329,172.31.36.0-255,66,31388,10,148194
11327,0.000387,74.125.24.0-255,1484,32872,10,148194
11328,0.00039,172.31.36.0-255,66,32938,10,148194
11329,0.000421,172.31.36.0-255,66,33004,10,148194
11330,0.000568,74.125.24.0-255,1125,34129,10,148194
11331,0.000572,172.31.36.0-255,66,34195,10,148194
11332,0.001086,74.125.24.0-255,1484,35679,10,148194
11333,0.001093,172.31.36.0-255,66,35745,10,148194
11334,0.001115,74.125.24.0-255,2902,38647,10,148194
11335,0.001119,172.31.36.0-255,66,38713,10,148194
11336,0.001124,74.125.24.0-255,2902,41615,10,148194
11337,0.001126,172.31.36.0-255,66,41681,10,148194
11338,0.001153,74.125.24.0-255,2902,44583,10,148194
11339,0.001156,172.31.36.0-255,66,44649,10,148194
11340,0.001171,74.125.24.0-255,4320,48969,10,148194
11341,0.001174,172.31.36.0-255,66,49035,10,148194
11342,0.00126,74.125.24.0-255,4320,53355,10,148194
11343,0.001264,172.31.36.0-255,66,53421,10,148194
11344,0.001293,172.31.36.0-255,66,53487,10,148194
11345,0.001453,74.125.24.0-255,1484,54971,10,148194
11346,0.001473,74.125.24.0-255,1125,56096,10,148194
11347,0.001478,172.31.36.0-255,66,56162,10,148194
11348,0.001483,74.125.24.0-255,2902,59064,10,148194
11349,0.001485,172.31.36.0-255,66,59130,10,148194
11350,0.001509,172.31.36.0-255,66,59196,10,148194
11351,0.001646,74.125.24.0-255,2902,62098,10,148194
11352,0.00165,172.31.36.0-255,66,62164,10,148194
11353,0.001671,74.125.24.0-255,1704,63868,10,148194
11354,0.001673,172.31.36.0-255,66,63934,10,148194
11355,0.001716,74.125.24.0-255,4320,68254,10,148194
11356,0.001719,172.31.36.0-255,66,68320,10,148194
11357,0.001734,74.125.24.0-255,1484,69804,10,148194
11358,0.001795,172.31.36.0-255,66,69870,10,148194
11359,0.001815,74.125.24.0-255,1484,71354,10,148194
11360,0.001936,74.125.24.0-255,2902,74256,10,148194
11361,0.001938,172.31.36.0-255,66,74322,10,148194
11362,0.001968,172.31.36.0-255,66,74388,10,148194
11363,0.002116,74.125.24.0-255,2902,77290,10,148194
11364,0.002118,172.31.36.0-255,66,77356,10,148194
11365,0.002145,172.31.36.0-255,66,77422,10,148194
11366,0.002161,74.125.24.0-255,1484,78906,10,148194
11367,0.002314,74.125.24.0-255,1484,80390,10,148194
11368,0.002316,172.31.36.0-255,66,80456,10,148194
11369,0.002344,172.31.36.0-255,66,80522,10,148194
11370,0.002363,74.125.24.0-255,3602,84124,10,148194
11371,0.002365,172.31.36.0-255,66,84190,10,148194
11372,0.002569,74.125.24.0-255,2902,87092,10,148194
11373,0.002571,172.31.36.0-255,66,87158,10,148194
11374,0.002599,172.31.36.0-255,66,87224,10,148194
11375,0.002775,74.125.24.0-255,4320,91544,10,148194
11376,0.002778,172.31.36.0-255,66,91610,10,148194
11377,0.002807,172.31.36.0-255,66,91676,10,148194
11378,0.005532,74.125.24.0-255,5738,97414,10,148194
11379,0.00554,172.31.36.0-255,66,97480,10,148194
11380,0.008263,74.125.24.0-255,5738,103218,10,148194
11381,0.008274,172.31.36.0-255,66,103284,10,148194
11382,0.010992,74.125.24.0-255,5738,109022,10,148194
11383,0.011008,172.31.36.0-255,66,109088,10,148194
11384,0.013733,74.125.24.0-255,5738,114826,10,148194
11385,0.013746,172.31.36.0-255,66,114892,10,148194
11386,0.016457,74.125.24.0-255,5738,120630,10,148194
11387,0.016474,172.31.36.0-255,66,120696,10,148194
11388,0.019197,74.125.24.0-255,5738,126434,10,148194
11389,0.01921,172.31.36.0-255,66,126500,10,148194
11390,0.02195,74.125.24.0-255,5738,132238,10,148194
11391,0.021961,172.31.36.0-255,66,132304,10,148194
11392,0.024672,74.125.24.0-255,5738,138042,10,148194
11393,0.024688,172.31.36.0-255,66,138108,10,148194
11394,0.027407,74.125.24.0-255,5738,143846,10,148194
11395,0.027419,172.31.36.0-255,66,143912,10,148194
11396,0.028124,172.31.36.0-255,167,144079,10,148194
11397,0.028166,172.31.36.0-255,1112,145191,10,148194
11398,0.028261,172.31.36.0-255,1514,146705,10,148194
11399,0.028263,172.31.36.0-255,1291,147996,10,148194
11400,0.029768,104.244.42.0-255,66,148062,10,148194
11401,0.029859,104.244.42.0-255,66,148128,10,148194
11402,0.029944,104.244.42.0-255,66,148194,10,148194
11403,0.0,74.125.200.0-255,153,153,10,300711
11404,2.2e-05,172.31.36.0-255,66,219,10,300711
11405,2.9e-05,74.125.200.0-255,1484,1703,10,300711
11406,3.3e-05,172.31.36.0-255,66,1769,10,300711
11407,3.6e-05,74.125.200.0-255,1484,3253,10,300711
11408,3.8e-05,172.31.36.0-255,66,3319,10,300711
11409,5.2e-05,74.125.200.0-255,2902,6221,10,300711
11410,5.6e-05,172.31.36.0-255,66,6287,10,300711
11411,6.3e-05,74.125.200.0-255,5738,12025,10,300711
11412,6.6e-05,172.31.36.0-255,66,12091,10,300711
11413,9.8e-05,74.125.200.0-255,3429,15520,10,300711
11414,0.000106,172.31.36.0-255,66,15586,10,300711
11415,0.000111,74.125.200.0-255,4320,19906,10,300711
11416,0.000113,172.31.36.0-255,66,19972,10,300711
11417,0.000151,172.31.36.0-255,66,20038,10,300711
11418,0.000157,74.125.200.0-255,4320,24358,10,300711
11419,0.00016,172.31.36.0-255,66,24424,10,300711
11420,0.000215,74.125.200.0-255,2902,27326,10,300711
11421,0.000218,172.31.36.0-255,66,27392,10,300711
11422,0.000242,74.125.200.0-255,7156,34548,10,300711
11423,0.000245,172.31.36.0-255,66,34614,10,300711
11424,0.000276,74.125.200.0-255,3602,38216,10,300711
11425,0.000279,172.31.36.0-255,66,38282,10,300711
11426,0.000298,172.31.36.0-255,66,38348,10,300711
11427,0.000304,74.125.200.0-255,3123,41471,10,300711
11428,0.000306,172.31.36.0-255,66,41537,10,300711
11429,0.00034,74.125.200.0-255,1484,43021,10,300711
11430,0.000343,172.31.36.0-255,66,43087,10,300711
11431,0.000348,74.125.200.0-255,2902,45989,10,300711
11432,0.00035,172.31.36.0-255,66,46055,10,300711
11433,0.000372,74.125.200.0-255,4320,50375,10,300711
11434,0.000375,172.31.36.0-255,66,50441,10,300711
11435,0.000382,74.125.200.0-255,5738,56179,10,300711
11436,0.000385,172.31.36.0-255,66,56245,10,300711
11437,0.000391,74.125.200.0-255,5738,61983,10,300711
11438,0.000393,172.31.36.0-255,66,62049,10,300711
11439,0.000429,74.125.200.0-255,5738,67787,10,300711
11440,0.000431,172.31.36.0-255,66,67853,10,300711
11441,0.000438,74.125.200.0-255,4320,72173,10,300711
11442,0.00044,172.31.36.0-255,66,72239,10,300711
11443,0.000451,74.125.200.0-255,3602,75841,10,300711
11444,0.000453,172.31.36.0-255,66,75907,10,300711
11445,0.000775,74.125.200.0-255,1484,77391,10,300711
11446,0.000782,74.125.200.0-255,1484,78875,10,300711
11447,0.000785,172.31.36.0-255,66,78941,10,300711
11448,0.000805,74.125.200.0-255,1484,80425,10,300711
11449,0.000811,74.125.200.0-255,2902,83327,10,300711
11450,0.000813,172.31.36.0-255,66,83393,10,300711
11451,0.000819,74.125.200.0-255,4320,87713,10,300711
11452,0.000822,172.31.36.0-255,66,87779,10,300711
11453,0.000859,74.125.200.0-255,7156,94935,10,300711
11454,0.000862,172.31.36.0-255,66,95001,10,300711
11455,0.000889,74.125.200.0-255,1484,96485,10,300711
11456,0.000897,74.125.200.0-255,7156,103641,10,300711
11457,0.0009,172.31.36.0-255,66,103707,10,300711
11458,0.000908,74.125.200.0-255,6438,110145,10,300711
11459,0.00091,172.31.36.0-255,66,110211,10,300711
11460,0.000963,74.125.200.0-255,1484,111695,10,300711
11461,0.000986,74.125.200.0-255,2902,114597,10,300711
11462,0.000989,172.31.36.0-255,66,114663,10,300711
11463,0.000994,74.125.200.0-255,2902,117565,10,300711
11464,0.000996,172.31.36.0-255,66,117631,10,300711
11465,0.001031,74.125.200.0-255,4320,121951,10,300711
11466,0.001034,172.31.36.0-255,66,122017,10,300711
11467,0.00104,74.125.200.0-255,4320,126337,10,300711
11468,0.001042,172.31.36.0-255,66,126403,10,300711
11469,0.001069,74.125.200.0-255,4320,130723,10,300711
11470,0.001075,172.31.36.0-255,66,130789,10,300711
11471,0.00108,74.125.200.0-255,4320,135109,10,300711
11472,0.001083,172.31.36.0-255,66,135175,10,300711
11473,0.001117,172.31.36.0-255,66,135241,10,300711
11474,0.001159,74.125.200.0-255,1484,136725,10,300711
11475,0.001175,74.125.200.0-255,2902,139627,10,300711
11476,0.001178,172.31.36.0-255,66,139693,10,300711
11477,0.001198,74.125.200.0-255,5738,145431,10,300711
11478,0.001201,172.31.36.0-255,66,145497,10,300711
11479,0.001205,74.125.200.0-255,2902,148399,10,300711
11480,0.001207,172.31.36.0-255,66,148465,10,300711
11481,0.001213,74.125.200.0-255,4320,152785,10,300711
11482,0.001215,172.31.36.0-255,66,152851,10,300711
11483,0.001255,172.31.36.0-255,66,152917,10,300711
11484,0.001261,74.125.200.0-255,5738,158655,10,300711
11485,0.001263,172.31.36.0-255,66,158721,10,300711
11486,0.001288,74.125.200.0-255,1484,160205,10,300711
11487,0.001291,74.125.200.0-255,766,160971,10,300711
11488,0.001293,172.31.36.0-255,66,161037,10,300711
11489,0.001328,74.125.200.0-255,1484,162521,10,300711
11490,0.001353,74.125.200.0-255,4320,166841,10,300711
11491,0.001356,172.31.36.0-255,66,166907,10,300711
11492,0.001387,74.125.200.0-255,5738,172645,10,300711
11493,0.00139,172.31.36.0-255,66,172711,10,300711
11494,0.001425,172.31.36.0-255,66,172777,10,300711
11495,0.001429,74.125.200.0-255,1484,174261,10,300711
11496,0.001465,172.31.36.0-255,66,174327,10,300711
11497,0.00147,74.125.200.0-255,3602,177929,10,300711
11498,0.001472,172.31.36.0-255,66,177995,10,300711
11499,0.001485,74.125.200.0-255,4320,182315,10,300711
11500,0.001488,172.31.36.0-255,66,182381,10,300711
11501,0.00154,74.125.200.0-255,5738,188119,10,300711
11502,0.001572,74.125.200.0-255,4320,192439,10,300711
11503,0.001596,74.125.200.0-255,6438,198877,10,300711
11504,0.001776,74.125.200.0-255,1484,200361,10,300711
11505,0.00178,74.125.200.0-255,1484,201845,10,300711
11506,0.001791,74.125.200.0-255,1484,203329,10,300711
11507,0.001809,74.125.200.0-255,2902,206231,10,300711
11508,0.001829,74.125.200.0-255,2902,209133,10,300711
11509,0.001836,74.125.200.0-255,7156,216289,10,300711
11510,0.001957,74.125.200.0-255,1484,217773,10,300711
11511,0.001975,74.125.200.0-255,2902,220675,10,300711
11512,0.002089,172.31.36.0-255,66,220741,10,300711
11513,0.004066,74.125.200.0-255,5738,226479,10,300711
11514,0.004073,172.31.36.0-255,66,226545,10,300711
11515,0.006047,74.125.200.0-255,5738,232283,10,300711
11516,0.006056,172.31.36.0-255,66,232349,10,300711
11517,0.008022,74.125.200.0-255,5738,238087,10,300711
11518,0.008026,172.31.36.0-255,66,238153,10,300711
11519,0.009988,74.125.200.0-255,4320,242473,10,300711
11520,0.009991,172.31.36.0-255,66,242539,10,300711
11521,0.010016,74.125.200.0-255,1484,244023,10,300711
11522,0.011966,74.125.200.0-255,4320,248343,10,300711
11523,0.011974,172.31.36.0-255,66,248409,10,300711
11524,0.013947,74.125.200.0-255,5738,254147,10,300711
11525,0.013955,172.31.36.0-255,66,254213,10,300711
11526,0.015925,74.125.200.0-255,5738,259951,10,300711
11527,0.015932,172.31.36.0-255,66,260017,10,300711
11528,0.017911,74.125.200.0-255,5738,265755,10,300711
11529,0.017921,172.31.36.0-255,66,265821,10,300711
11530,0.019896,74.125.200.0-255,5738,271559,10,300711
11531,0.019903,172.31.36.0-255,66,271625,10,300711
11532,0.021876,74.125.200.0-255,5738,277363,10,300711
11533,0.021885,172.31.36.0-255,66,277429,10,300711
11534,0.023877,74.125.200.0-255,5738,283167,10,300711
11535,0.023884,172.31.36.0-255,66,283233,10,300711
11536,0.025851,74.125.200.0-255,5738,288971,10,300711
11537,0.025858,172.31.36.0-255,66,289037,10,300711
11538,0.02783,74.125.200.0-255,5738,294775,10,300711
11539,0.027837,172.31.36.0-255,66,294841,10,300711
11540,0.02981,74.125.200.0-255,4320,299161,10,300711
11541,0.029817,172.31.36.0-255,66,299227,10,300711
11542,0.029846,74.125.200.0-255,1484,300711,10,300711
11543,0.0,172.217.194.0-255,188,188,10,146218
11544,2e-05,172.217.194.0-255,1484,1672,10,146218
11545,3.1e-05,172.31.36.0-255,66,1738,10,146218
11546,4e-05,172.217.194.0-255,2902,4640,10,146218
11547,4.3e-05,172.31.36.0-255,66,4706,10,146218
11548,5.8e-05,172.217.194.0-255,5738,10444,10,146218
11549,6.2e-05,172.31.36.0-255,66,10510,10,146218
11550,8.3e-05,172.217.194.0-255,2902,13412,10,146218
11551,8.5e-05,172.31.36.0-255,66,13478,10,146218
11552,0.000107,172.217.194.0-255,583,14061,10,146218
11553,0.00014,172.217.194.0-255,1484,15545,10,146218
11554,0.000143,172.31.36.0-255,66,15611,10,146218
11555,0.000147,172.217.194.0-255,2902,18513,10,146218
11556,0.00015,172.31.36.0-255,66,18579,10,146218
11557,0.000153,172.217.194.0-255,1484,20063,10,146218
11558,0.000177,172.217.194.0-255,4320,24383,10,146218
11559,0.000184,172.31.36.0-255,66,24449,10,146218
11560,0.00019,172.217.194.0-255,4320,28769,10,146218
11561,0.000193,172.31.36.0-255,66,28835,10,146218
11562,0.000225,172.217.194.0-255,2543,31378,10,146218
11563,0.000228,172.31.36.0-255,66,31444,10,146218
11564,0.000236,172.217.194.0-255,7156,38600,10,146218
11565,0.000238,172.31.36.0-255,66,38666,10,146218
11566,0.000251,172.31.36.0-255,66,38732,10,146218
11567,0.000278,172.217.194.0-255,2902,41634,10,146218
11568,0.000281,172.31.36.0-255,66,41700,10,146218
11569,0.000307,172.217.194.0-255,1484,43184,10,146218
11570,0.000313,172.217.194.0-255,5738,48922,10,146218
11571,0.000315,172.31.36.0-255,66,48988,10,146218
11572,0.000345,172.217.194.0-255,6797,55785,10,146218
11573,0.000348,172.31.36.0-255,66,55851,10,146218
11574,0.000661,172.217.194.0-255,379,56230,10,146218
11575,0.00097,172.217.194.0-255,364,56594,10,146218
11576,0.001085,172.31.36.0-255,66,56660,10,146218
11577,0.00143,172.217.194.0-255,1484,58144,10,146218
11578,0.00144,172.217.194.0-255,2902,61046,10,146218
11579,0.001444,172.31.36.0-255,66,61112,10,146218
11580,0.001452,172.217.194.0-255,5738,66850,10,146218
11581,0.001454,172.31.36.0-255,66,66916,10,146218
11582,0.001486,172.31.36.0-255,66,66982,10,146218
11583,0.00149,172.217.194.0-255,1484,68466,10,146218
11584,0.001526,172.31.36.0-255,66,68532,10,146218
11585,0.001943,172.217.194.0-255,1484,70016,10,146218
11586,0.001952,172.217.194.0-255,2902,72918,10,146218
11587,0.001957,172.31.36.0-255,66,72984,10,146218
11588,0.001965,172.217.194.0-255,5738,78722,10,146218
11589,0.001966,172.31.36.0-255,66,78788,10,146218
11590,0.002018,172.31.36.0-255,66,78854,10,146218
11591,0.002024,172.217.194.0-255,4320,83174,10,146218
11592,0.002027,172.31.36.0-255,66,83240,10,146218
11593,0.002067,172.217.194.0-255,4320,87560,10,146218
11594,0.002069,172.31.36.0-255,66,87626,10,146218
11595,0.002097,172.217.194.0-255,2184,89810,10,146218
11596,0.002099,172.31.36.0-255,66,89876,10,146218
11597,0.002253,172.217.194.0-255,1484,91360,10,146218
11598,0.002266,172.217.194.0-255,1484,92844,10,146218
11599,0.002268,172.31.36.0-255,66,92910,10,146218
11600,0.002293,172.217.194.0-255,1484,94394,10,146218
11601,0.0023,172.217.194.0-255,5738,100132,10,146218
11602,0.002302,172.31.36.0-255,66,100198,10,146218
11603,0.002315,172.31.36.0-255,66,100264,10,146218
11604,0.002342,172.217.194.0-255,2902,103166,10,146218
11605,0.002345,172.31.36.0-255,66,103232,10,146218
11606,0.002362,172.31.36.0-255,66,103298,10,146218
11607,0.002365,172.217.194.0-255,766,104064,10,146218
11608,0.002386,172.217.194.0-255,1484,105548,10,146218
11609,0.002388,172.31.36.0-255,66,105614,10,146218
11610,0.002416,172.217.194.0-255,4320,109934,10,146218
11611,0.002419,172.31.36.0-255,66,110000,10,146218
11612,0.002427,172.217.194.0-255,7156,117156,10,146218
11613,0.002429,172.31.36.0-255,66,117222,10,146218
11614,0.002439,172.217.194.0-255,4320,121542,10,146218
11615,0.002442,172.31.36.0-255,66,121608,10,146218
11616,0.002522,172.31.36.0-255,66,121674,10,146218
11617,0.002535,172.31.36.0-255,66,121740,10,146218
11618,0.002538,172.217.194.0-255,1484,123224,10,146218
11619,0.002541,172.217.194.0-255,1484,124708,10,146218
11620,0.002544,172.31.36.0-255,66,124774,10,146218
11621,0.002592,172.31.36.0-255,66,124840,10,146218
11622,0.002599,172.217.194.0-255,4320,129160,10,146218
11623,0.002602,172.31.36.0-255,66,129226,10,146218
11624,0.002606,172.217.194.0-255,2184,131410,10,146218
11625,0.002608,172.31.36.0-255,66,131476,10,146218
11626,0.002641,172.31.36.0-255,66,131542,10,146218
11627,0.002695,172.31.36.0-255,66,131608,10,146218
11628,0.002708,172.31.36.0-255,66,131674,10,146218
11629,0.002722,172.31.36.0-255,66,131740,10,146218
11630,0.002736,172.31.36.0-255,66,131806,10,146218
11631,0.002749,172.31.36.0-255,66,131872,10,146218
11632,0.002763,172.31.36.0-255,66,131938,10,146218
11633,0.002804,172.31.36.0-255,66,132004,10,146218
11634,0.002836,172.31.36.0-255,66,132070,10,146218
11635,0.002858,172.31.36.0-255,66,132136,10,146218
11636,0.00289,172.217.194.0-255,7156,139292,10,146218
11637,0.002893,172.31.36.0-255,66,139358,10,146218
11638,0.002913,172.31.36.0-255,66,139424,10,146218
11639,0.002946,172.31.36.0-255,66,139490,10,146218
11640,0.002953,172.217.194.0-255,6219,145709,10,146218
11641,0.002957,172.31.36.0-255,66,145775,10,146218
11642,0.003027,172.217.194.0-255,105,145880,10,146218
11643,0.00472,172.31.36.0-255,101,145981,10,146218
11644,0.007002,172.31.36.0-255,105,146086,10,146218
11645,0.007031,172.217.194.0-255,66,146152,10,146218
11646,0.009304,172.217.194.0-255,66,146218,10,146218
11647,0.0,74.125.24.0-255,153,153,10,207849
11648,2.5e-05,172.31.36.0-255,66,219,10,207849
11649,3.1e-05,74.125.24.0-255,1484,1703,10,207849
11650,3.5e-05,172.31.36.0-255,66,1769,10,207849
11651,6.4e-05,74.125.24.0-255,2902,4671,10,207849
11652,6.7e-05,172.31.36.0-255,66,4737,10,207849
11653,8e-05,74.125.24.0-255,7156,11893,10,207849
11654,8.5e-05,172.31.36.0-255,66,11959,10,207849
11655,0.00012,74.125.24.0-255,2018,13977,10,207849
11656,0.000123,172.31.36.0-255,66,14043,10,207849
11657,0.00015,74.125.24.0-255,1484,15527,10,207849
11658,0.000153,172.31.36.0-255,66,15593,10,207849
11659,0.000158,74.125.24.0-255,2902,18495,10,207849
11660,0.000161,172.31.36.0-255,66,18561,10,207849
11661,0.000168,74.125.24.0-255,5738,24299,10,207849
11662,0.000177,172.31.36.0-255,66,24365,10,207849
11663,0.00022,74.125.24.0-255,6797,31162,10,207849
11664,0.000224,172.31.36.0-255,66,31228,10,207849
11665,0.000271,74.125.24.0-255,4320,35548,10,207849
11666,0.000274,172.31.36.0-255,66,35614,10,207849
11667,0.000302,74.125.24.0-255,2902,38516,10,207849
11668,0.000306,172.31.36.0-255,66,38582,10,207849
11669,0.000336,74.125.24.0-255,4320,42902,10,207849
11670,0.00034,172.31.36.0-255,66,42968,10,207849
11671,0.000358,74.125.24.0-255,2902,45870,10,207849
11672,0.000361,172.31.36.0-255,66,45936,10,207849
11673,0.000391,74.125.24.0-255,5738,51674,10,207849
11674,0.000395,172.31.36.0-255,66,51740,10,207849
11675,0.000432,172.31.36.0-255,66,51806,10,207849
11676,0.000516,74.125.24.0-255,2855,54661,10,207849
11677,0.00052,172.31.36.0-255,66,54727,10,207849
11678,0.000523,74.125.24.0-255,374,55101,10,207849
11679,0.000593,74.125.24.0-255,2902,58003,10,207849
11680,0.000599,172.31.36.0-255,66,58069,10,207849
11681,0.000617,74.125.24.0-255,4320,62389,10,207849
11682,0.000623,172.31.36.0-255,66,62455,10,207849
11683,0.000636,74.125.24.0-255,7156,69611,10,207849
11684,0.000644,172.31.36.0-255,66,69677,10,207849
11685,0.000653,74.125.24.0-255,1484,71161,10,207849
11686,0.00074,172.31.36.0-255,66,71227,10,207849
11687,0.000757,74.125.24.0-255,3602,74829,10,207849
11688,0.000766,172.31.36.0-255,66,74895,10,207849
11689,0.000847,74.125.24.0-255,1484,76379,10,207849
11690,0.000851,74.125.24.0-255,1484,77863,10,207849
11691,0.00086,172.31.36.0-255,66,77929,10,207849
11692,0.000873,74.125.24.0-255,1484,79413,10,207849
11693,0.000885,74.125.24.0-255,5738,85151,10,207849
11694,0.000887,172.31.36.0-255,66,85217,10,207849
11695,0.000933,74.125.24.0-255,5738,90955,10,207849
11696,0.000939,172.31.36.0-255,66,91021,10,207849
11697,0.00097,74.125.24.0-255,7156,98177,10,207849
11698,0.000974,172.31.36.0-255,66,98243,10,207849
11699,0.001045,172.31.36.0-255,66,98309,10,207849
11700,0.001055,74.125.24.0-255,766,99075,10,207849
11701,0.001389,172.31.36.0-255,66,99141,10,207849
11702,0.001763,74.125.24.0-255,1484,100625,10,207849
11703,0.001774,74.125.24.0-255,2902,103527,10,207849
11704,0.00178,74.125.24.0-255,5738,109265,10,207849
11705,0.001826,74.125.24.0-255,1484,110749,10,207849
11706,0.001905,74.125.24.0-255,4320,115069,10,207849
11707,0.00202,74.125.24.0-255,1484,116553,10,207849
11708,0.002049,74.125.24.0-255,2902,119455,10,207849
11709,0.002112,74.125.24.0-255,2902,122357,10,207849
11710,0.002124,74.125.24.0-255,2902,125259,10,207849
11711,0.002161,74.125.24.0-255,1484,126743,10,207849
11712,0.002172,74.125.24.0-255,2902,129645,10,207849
11713,0.002203,74.125.24.0-255,4320,133965,10,207849
11714,0.002248,74.125.24.0-255,5020,138985,10,207849
11715,0.002425,74.125.24.0-255,5738,144723,10,207849
11716,0.002545,74.125.24.0-255,766,145489,10,207849
11717,0.002957,74.125.24.0-255,4320,149809,10,207849
11718,0.003009,74.125.24.0-255,5738,155547,10,207849
11719,0.006911,172.31.36.0-255,66,155613,10,207849
11720,0.009248,74.125.24.0-255,5738,161351,10,207849
11721,0.009254,172.31.36.0-255,66,161417,10,207849
11722,0.011608,74.125.24.0-255,5738,167155,10,207849
11723,0.011617,172.31.36.0-255,66,167221,10,207849
11724,0.013954,74.125.24.0-255,5738,172959,10,207849
11725,0.013962,172.31.36.0-255,66,173025,10,207849
11726,0.016315,74.125.24.0-255,5738,178763,10,207849
11727,0.016325,172.31.36.0-255,66,178829,10,207849
11728,0.018654,74.125.24.0-255,5738,184567,10,207849
11729,0.018662,172.31.36.0-255,66,184633,10,207849
11730,0.021032,74.125.24.0-255,5738,190371,10,207849
11731,0.02104,172.31.36.0-255,66,190437,10,207849
11732,0.023365,74.125.24.0-255,5738,196175,10,207849
11733,0.023372,172.31.36.0-255,66,196241,10,207849
11734,0.025686,74.125.24.0-255,5738,201979,10,207849
11735,0.025693,172.31.36.0-255,66,202045,10,207849
11736,0.028059,74.125.24.0-255,5738,207783,10,207849
11737,0.028066,172.31.36.0-255,66,207849,10,207849
11738,0.0,172.217.194.0-255,297,297,10,195460
11739,1.5e-05,172.217.194.0-255,1484,1781,10,195460
11740,2.4e-05,172.31.36.0-255,66,1847,10,195460
11741,3.6e-05,172.217.194.0-255,4320,6167,10,195460
11742,4e-05,172.31.36.0-255,66,6233,10,195460
11743,7.5e-05,172.31.36.0-255,66,6299,10,195460
11744,8.6e-05,172.31.36.0-255,66,6365,10,195460
11745,0.000116,172.217.194.0-255,5379,11744,10,195460
11746,0.000119,172.31.36.0-255,66,11810,10,195460
11747,0.000152,172.217.194.0-255,2902,14712,10,195460
11748,0.000155,172.31.36.0-255,66,14778,10,195460
11749,0.00016,172.217.194.0-255,4320,19098,10,195460
11750,0.000163,172.31.36.0-255,66,19164,10,195460
11751,0.000169,172.217.194.0-255,4320,23484,10,195460
11752,0.000172,172.31.36.0-255,66,23550,10,195460
11753,0.000191,172.217.194.0-255,4320,27870,10,195460
11754,0.000193,172.31.36.0-255,66,27936,10,195460
11755,0.00022,172.217.194.0-255,7156,35092,10,195460
11756,0.000223,172.31.36.0-255,66,35158,10,195460
11757,0.00025,172.31.36.0-255,66,35224,10,195460
11758,0.000253,172.217.194.0-255,1125,36349,10,195460
11759,0.000339,172.217.194.0-255,363,36712,10,195460
11760,0.00036,172.217.194.0-255,380,37092,10,195460
11761,0.000364,172.31.36.0-255,66,37158,10,195460
11762,0.000735,172.217.194.0-255,1484,38642,10,195460
11763,0.000739,172.217.194.0-255,1484,40126,10,195460
11764,0.000743,172.31.36.0-255,66,40192,10,195460
11765,0.000765,172.217.194.0-255,1484,41676,10,195460
11766,0.000772,172.217.194.0-255,5738,47414,10,195460
11767,0.000774,172.31.36.0-255,66,47480,10,195460
11768,0.000789,172.31.36.0-255,66,47546,10,195460
11769,0.000792,172.217.194.0-255,1484,49030,10,195460
11770,0.000824,172.31.36.0-255,66,49096,10,195460
11771,0.000878,172.217.194.0-255,1484,50580,10,195460
11772,0.000899,172.217.194.0-255,2902,53482,10,195460
11773,0.000902,172.31.36.0-255,66,53548,10,195460
11774,0.000908,172.217.194.0-255,5738,59286,10,195460
11775,0.000911,172.31.36.0-255,66,59352,10,195460
11776,0.000914,172.217.194.0-255,1484,60836,10,195460
11777,0.000951,172.31.36.0-255,66,60902,10,195460
11778,0.000998,172.31.36.0-255,66,60968,10,195460
11779,0.001013,172.217.194.0-255,1484,62452,10,195460
11780,0.001018,172.217.194.0-255,2902,65354,10,195460
11781,0.00102,172.31.36.0-255,66,65420,10,195460
11782,0.00104,172.217.194.0-255,5738,71158,10,195460
11783,0.001042,172.31.36.0-255,66,71224,10,195460
11784,0.001066,172.31.36.0-255,66,71290,10,195460
11785,0.001089,172.217.194.0-255,4320,75610,10,195460
11786,0.001093,172.31.36.0-255,66,75676,10,195460
11787,0.001095,172.217.194.0-255,1484,77160,10,195460
11788,0.001114,172.217.194.0-255,7156,84316,10,195460
11789,0.001117,172.31.36.0-255,66,84382,10,195460
11790,0.00114,172.217.194.0-255,2184,86566,10,195460
11791,0.001143,172.31.36.0-255,66,86632,10,195460
11792,0.00116,172.217.194.0-255,4320,90952,10,195460
11793,0.001163,172.31.36.0-255,66,91018,10,195460
11794,0.001199,172.217.194.0-255,5738,96756,10,195460
11795,0.001203,172.31.36.0-255,66,96822,10,195460
11796,0.001216,172.31.36.0-255,66,96888,10,195460
11797,0.001227,172.31.36.0-255,66,96954,10,195460
11798,0.00125,172.217.194.0-255,3602,100556,10,195460
11799,0.001253,172.31.36.0-255,66,100622,10,195460
11800,0.001294,172.217.194.0-255,1484,102106,10,195460
11801,0.001298,172.217.194.0-255,2902,105008,10,195460
11802,0.001304,172.31.36.0-255,66,105074,10,195460
11803,0.001329,172.217.194.0-255,5738,110812,10,195460
11804,0.001332,172.31.36.0-255,66,110878,10,195460
11805,0.00134,172.217.194.0-255,7156,118034,10,195460
11806,0.001342,172.31.36.0-255,66,118100,10,195460
11807,0.00135,172.217.194.0-255,7156,125256,10,195460
11808,0.001352,172.31.36.0-255,66,125322,10,195460
11809,0.001371,172.217.194.0-255,7156,132478,10,195460
11810,0.001374,172.31.36.0-255,66,132544,10,195460
11811,0.001379,172.217.194.0-255,2184,134728,10,195460
11812,0.001381,172.31.36.0-255,66,134794,10,195460
11813,0.001442,172.31.36.0-255,66,134860,10,195460
11814,0.001456,172.31.36.0-255,66,134926,10,195460
11815,0.001476,172.217.194.0-255,1484,136410,10,195460
11816,0.001522,172.31.36.0-255,66,136476,10,195460
11817,0.001528,172.217.194.0-255,4320,140796,10,195460
11818,0.00153,172.31.36.0-255,66,140862,10,195460
11819,0.001553,172.31.36.0-255,66,140928,10,195460
11820,0.001591,172.217.194.0-255,2902,143830,10,195460
11821,0.001593,172.31.36.0-255,66,143896,10,195460
11822,0.001619,172.31.36.0-255,66,143962,10,195460
11823,0.001632,172.31.36.0-255,66,144028,10,195460
11824,0.001637,172.217.194.0-255,5020,149048,10,195460
11825,0.00164,172.31.36.0-255,66,149114,10,195460
11826,0.001695,172.217.194.0-255,1484,150598,10,195460
11827,0.001713,172.217.194.0-255,2902,153500,10,195460
11828,0.001716,172.31.36.0-255,66,153566,10,195460
11829,0.001723,172.217.194.0-255,5738,159304,10,195460
11830,0.001725,172.31.36.0-255,66,159370,10,195460
11831,0.00173,172.217.194.0-255,4320,163690,10,195460
11832,0.001733,172.31.36.0-255,66,163756,10,195460
11833,0.001792,172.31.36.0-255,66,163822,10,195460
11834,0.001803,172.31.36.0-255,66,163888,10,195460
11835,0.001842,172.217.194.0-255,7156,171044,10,195460
11836,0.001845,172.31.36.0-255,66,171110,10,195460
11837,0.00187,172.217.194.0-255,7156,178266,10,195460
11838,0.001872,172.31.36.0-255,66,178332,10,195460
11839,0.001888,172.31.36.0-255,66,178398,10,195460
11840,0.001894,172.217.194.0-255,3602,182000,10,195460
11841,0.001896,172.31.36.0-255,66,182066,10,195460
11842,0.001923,172.217.194.0-255,1484,183550,10,195460
11843,0.001943,172.217.194.0-255,2902,186452,10,195460
11844,0.001946,172.31.36.0-255,66,186518,10,195460
11845,0.001952,172.217.194.0-255,4320,190838,10,195460
11846,0.001954,172.31.36.0-255,66,190904,10,195460
11847,0.001969,172.217.194.0-255,2902,193806,10,195460
11848,0.001971,172.31.36.0-255,66,193872,10,195460
11849,0.001989,172.217.194.0-255,1246,195118,10,195460
11850,0.002024,172.217.194.0-255,105,195223,10,195460
11851,0.004572,172.31.36.0-255,66,195289,10,195460
11852,0.004609,172.31.36.0-255,105,195394,10,195460
11853,0.006899,172.217.194.0-255,66,195460,10,195460
11854,0.0,172.217.194.0-255,153,153,10,160008
11855,1.6e-05,172.31.36.0-255,66,219,10,160008
11856,4.8e-05,172.217.194.0-255,1484,1703,10,160008
11857,5.3e-05,172.31.36.0-255,66,1769,10,160008
11858,5.9e-05,172.217.194.0-255,2902,4671,10,160008
11859,6.3e-05,172.31.36.0-255,66,4737,10,160008
11860,0.0001,172.217.194.0-255,7156,11893,10,160008
11861,0.000103,172.31.36.0-255,66,11959,10,160008
11862,0.000195,172.217.194.0-255,2081,14040,10,160008
11863,0.000214,172.31.36.0-255,66,14106,10,160008
11864,0.000251,172.31.36.0-255,66,14172,10,160008
11865,0.000451,172.31.36.0-255,66,14238,10,160008
11866,0.000486,172.31.36.0-255,66,14304,10,160008
11867,0.000697,172.217.194.0-255,5020,19324,10,160008
11868,0.000702,172.31.36.0-255,66,19390,10,160008
11869,0.000768,172.217.194.0-255,5738,25128,10,160008
11870,0.000771,172.31.36.0-255,66,25194,10,160008
11871,0.00086,172.31.36.0-255,66,25260,10,160008
11872,0.001028,172.217.194.0-255,1484,26744,10,160008
11873,0.001033,172.31.36.0-255,66,26810,10,160008
11874,0.00106,172.217.194.0-255,2902,29712,10,160008
11875,0.001064,172.31.36.0-255,66,29778,10,160008
11876,0.001098,172.217.194.0-255,4320,34098,10,160008
11877,0.0011,172.31.36.0-255,66,34164,10,160008
11878,0.001124,172.217.194.0-255,1484,35648,10,160008
11879,0.001129,172.31.36.0-255,66,35714,10,160008
11880,0.0012,172.217.194.0-255,7156,42870,10,160008
11881,0.001203,172.31.36.0-255,66,42936,10,160008
11882,0.001222,172.217.194.0-255,5738,48674,10,160008
11883,0.001238,172.31.36.0-255,66,48740,10,160008
11884,0.001425,172.31.36.0-255,66,48806,10,160008
11885,0.001563,172.217.194.0-255,1484,50290,10,160008
11886,0.0016,172.217.194.0-255,2902,53192,10,160008
11887,0.001606,172.31.36.0-255,66,53258,10,160008
11888,0.00164,172.217.194.0-255,1484,54742,10,160008
11889,0.001655,172.217.194.0-255,4320,59062,10,160008
11890,0.001663,172.31.36.0-255,66,59128,10,160008
11891,0.001759,172.217.194.0-255,1484,60612,10,160008
11892,0.001796,172.31.36.0-255,66,60678,10,160008
11893,0.00195,172.31.36.0-255,66,60744,10,160008
11894,0.002069,172.217.194.0-255,7156,67900,10,160008
11895,0.002073,172.31.36.0-255,66,67966,10,160008
11896,0.002165,172.31.36.0-255,66,68032,10,160008
11897,0.002453,172.217.194.0-255,7156,75188,10,160008
11898,0.002458,172.31.36.0-255,66,75254,10,160008
11899,0.002492,172.217.194.0-255,5020,80274,10,160008
11900,0.002594,172.31.36.0-255,66,80340,10,160008
11901,0.004638,172.217.194.0-255,5738,86078,10,160008
11902,0.004647,172.31.36.0-255,66,86144,10,160008
11903,0.006659,172.217.194.0-255,5738,91882,10,160008
11904,0.006665,172.31.36.0-255,66,91948,10,160008
11905,0.008701,172.217.194.0-255,5738,97686,10,160008
11906,0.008708,172.31.36.0-255,66,97752,10,160008
11907,0.010751,172.217.194.0-255,5738,103490,10,160008
11908,0.010761,172.31.36.0-255,66,103556,10,160008
11909,0.012791,172.217.194.0-255,5738,109294,10,160008
11910,0.012801,172.31.36.0-255,66,109360,10,160008
11911,0.01485,172.217.194.0-255,5738,115098,10,160008
11912,0.014861,172.31.36.0-255,66,115164,10,160008
11913,0.016885,172.217.194.0-255,5738,120902,10,160008
11914,0.016897,172.31.36.0-255,66,120968,10,160008
11915,0.018878,172.217.194.0-255,5738,126706,10,160008
11916,0.018887,172.31.36.0-255,66,126772,10,160008
11917,0.020878,172.217.194.0-255,5738,132510,10,160008
11918,0.020886,172.31.36.0-255,66,132576,10,160008
11919,0.022914,172.217.194.0-255,5738,138314,10,160008
11920,0.022924,172.31.36.0-255,66,138380,10,160008
11921,0.024961,172.217.194.0-255,5738,144118,10,160008
11922,0.024969,172.31.36.0-255,66,144184,10,160008
11923,0.026973,172.217.194.0-255,2902,147086,10,160008
11924,0.026982,172.31.36.0-255,66,147152,10,160008
11925,0.027017,172.217.194.0-255,2902,150054,10,160008
11926,0.027048,172.31.36.0-255,66,150120,10,160008
11927,0.029013,172.217.194.0-255,5738,155858,10,160008
11928,0.029242,172.31.36.0-255,66,155924,10,160008
11929,0.029616,172.31.36.0-255,167,156091,10,160008
11930,0.029646,172.31.36.0-255,1112,157203,10,160008
11931,0.029701,172.31.36.0-255,1514,158717,10,160008
11932,0.029703,172.31.36.0-255,1291,160008,10,160008
11933,0.0,172.31.36.0-255,232,232,10,298
11934,0.007311,74.125.68.0-255,66,298,10,298
11935,0.0,74.125.68.0-255,151,151,10,105614
11936,2.7e-05,74.125.68.0-255,1484,1635,10,105614
11937,3.5e-05,172.31.36.0-255,66,1701,10,105614
11938,4e-05,74.125.68.0-255,1484,3185,10,105614
11939,4.4e-05,74.125.68.0-255,2902,6087,10,105614
11940,4.7e-05,172.31.36.0-255,66,6153,10,105614
11941,6.6e-05,74.125.68.0-255,4320,10473,10,105614
11942,6.9e-05,172.31.36.0-255,66,10539,10,105614
11943,8.7e-05,74.125.68.0-255,1484,12023,10,105614
11944,0.000127,74.125.68.0-255,2902,14925,10,105614
11945,0.000131,172.31.36.0-255,66,14991,10,105614
11946,0.000148,74.125.68.0-255,3453,18444,10,105614
11947,0.00015,172.31.36.0-255,66,18510,10,105614
11948,0.000199,74.125.68.0-255,7156,25666,10,105614
11949,0.000203,172.31.36.0-255,66,25732,10,105614
11950,0.000278,74.125.68.0-255,2902,28634,10,105614
11951,0.000282,172.31.36.0-255,66,28700,10,105614
11952,0.000299,74.125.68.0-255,2543,31243,10,105614
11953,0.000304,172.31.36.0-255,66,31309,10,105614
11954,0.000488,74.125.68.0-255,1484,32793,10,105614
11955,0.000503,74.125.68.0-255,2902,35695,10,105614
11956,0.000507,172.31.36.0-255,66,35761,10,105614
11957,0.000532,74.125.68.0-255,5738,41499,10,105614
11958,0.000535,172.31.36.0-255,66,41565,10,105614
11959,0.000582,74.125.68.0-255,2902,44467,10,105614
11960,0.000585,172.31.36.0-255,66,44533,10,105614
11961,0.000625,172.31.36.0-255,66,44599,10,105614
11962,0.000756,74.125.68.0-255,5738,50337,10,105614
11963,0.00076,172.31.36.0-255,66,50403,10,105614
11964,0.0008,74.125.68.0-255,2902,53305,10,105614
11965,0.000804,172.31.36.0-255,66,53371,10,105614
11966,0.000822,74.125.68.0-255,1401,54772,10,105614
11967,0.000855,74.125.68.0-255,2902,57674,10,105614
11968,0.000859,172.31.36.0-255,66,57740,10,105614
11969,0.000889,172.31.36.0-255,66,57806,10,105614
11970,0.000981,74.125.68.0-255,5738,63544,10,105614
11971,0.000985,172.31.36.0-255,66,63610,10,105614
11972,0.001022,172.31.36.0-255,66,63676,10,105614
11973,0.00124,172.31.36.0-255,66,63742,10,105614
11974,0.00138,74.125.68.0-255,7156,70898,10,105614
11975,0.001385,172.31.36.0-255,66,70964,10,105614
11976,0.001411,172.31.36.0-255,66,71030,10,105614
11977,0.001588,74.125.68.0-255,2902,73932,10,105614
11978,0.00159,172.31.36.0-255,66,73998,10,105614
11979,0.001637,172.31.36.0-255,66,74064,10,105614
11980,0.001993,172.31.36.0-255,66,74130,10,105614
11981,0.002019,172.31.36.0-255,66,74196,10,105614
11982,0.002047,172.31.36.0-255,66,74262,10,105614
11983,0.00237,74.125.68.0-255,5738,80000,10,105614
11984,0.002374,172.31.36.0-255,66,80066,10,105614
11985,0.00242,172.31.36.0-255,66,80132,10,105614
11986,0.002437,74.125.68.0-255,2184,82316,10,105614
11987,0.002439,172.31.36.0-255,66,82382,10,105614
11988,0.002851,74.125.68.0-255,2902,85284,10,105614
11989,0.002854,172.31.36.0-255,66,85350,10,105614
11990,0.002888,172.31.36.0-255,66,85416,10,105614
11991,0.002912,74.125.68.0-255,5020,90436,10,105614
11992,0.002915,172.31.36.0-255,66,90502,10,105614
11993,0.003132,172.31.36.0-255,66,90568,10,105614
11994,0.003178,172.31.36.0-255,66,90634,10,105614
11995,0.003209,172.31.36.0-255,66,90700,10,105614
11996,0.003817,74.125.68.0-255,7156,97856,10,105614
11997,0.003821,172.31.36.0-255,66,97922,10,105614
11998,0.003884,172.31.36.0-255,66,97988,10,105614
11999,0.003925,172.31.36.0-255,66,98054,10,105614
12000,0.004512,74.125.68.0-255,7156,105210,10,105614
12001,0.005104,172.31.36.0-255,66,105276,10,105614
12002,0.006765,172.31.36.0-255,101,105377,10,105614
12003,0.007968,172.31.36.0-255,105,105482,10,105614
12004,0.008974,74.125.68.0-255,66,105548,10,105614
12005,0.010178,74.125.68.0-255,66,105614,10,105614
12006,0.0,172.31.36.0-255,66,66,10,66
12007,0.0,172.217.194.0-255,153,153,10,238724
12008,3.7e-05,172.31.36.0-255,66,219,10,238724
12009,4.4e-05,172.217.194.0-255,1484,1703,10,238724
12010,4.8e-05,172.31.36.0-255,66,1769,10,238724
12011,5.3e-05,172.217.194.0-255,2902,4671,10,238724
12012,5.5e-05,172.31.36.0-255,66,4737,10,238724
12013,7.1e-05,172.217.194.0-255,5738,10475,10,238724
12014,7.3e-05,172.31.36.0-255,66,10541,10,238724
12015,8.8e-05,172.31.36.0-255,66,10607,10,238724
12016,0.000117,172.217.194.0-255,2050,12657,10,238724
12017,0.00012,172.31.36.0-255,66,12723,10,238724
12018,0.000132,172.217.194.0-255,6797,19520,10,238724
12019,0.000134,172.31.36.0-255,66,19586,10,238724
12020,0.00018,172.217.194.0-255,1484,21070,10,238724
12021,0.000183,172.31.36.0-255,66,21136,10,238724
12022,0.000211,172.217.194.0-255,2902,24038,10,238724
12023,0.000213,172.31.36.0-255,66,24104,10,238724
12024,0.000221,172.217.194.0-255,5738,29842,10,238724
12025,0.00023,172.31.36.0-255,66,29908,10,238724
12026,0.000245,172.31.36.0-255,66,29974,10,238724
12027,0.000258,172.31.36.0-255,66,30040,10,238724
12028,0.000287,172.217.194.0-255,119,30159,10,238724
12029,0.000291,172.31.36.0-255,66,30225,10,238724
12030,0.000294,172.217.194.0-255,381,30606,10,238724
12031,0.000296,172.31.36.0-255,66,30672,10,238724
12032,0.000396,172.217.194.0-255,1484,32156,10,238724
12033,0.0004,172.31.36.0-255,66,32222,10,238724
12034,0.000408,172.217.194.0-255,2902,35124,10,238724
12035,0.000411,172.31.36.0-255,66,35190,10,238724
12036,0.000424,172.217.194.0-255,5738,40928,10,238724
12037,0.000428,172.31.36.0-255,66,40994,10,238724
12038,0.000467,172.217.194.0-255,6797,47791,10,238724
12039,0.000471,172.31.36.0-255,66,47857,10,238724
12040,0.000499,172.217.194.0-255,7156,55013,10,238724
12041,0.000504,172.217.194.0-255,4320,59333,10,238724
12042,0.000505,172.31.36.0-255,66,59399,10,238724
12043,0.000508,172.31.36.0-255,66,59465,10,238724
12044,0.000536,172.217.194.0-255,4320,63785,10,238724
12045,0.000544,172.31.36.0-255,66,63851,10,238724
12046,0.000547,172.217.194.0-255,1125,64976,10,238724
12047,0.00111,172.31.36.0-255,66,65042,10,238724
12048,0.001337,172.217.194.0-255,1484,66526,10,238724
12049,0.001347,172.217.194.0-255,2902,69428,10,238724
12050,0.001351,172.31.36.0-255,66,69494,10,238724
12051,0.001359,172.217.194.0-255,5738,75232,10,238724
12052,0.001361,172.31.36.0-255,66,75298,10,238724
12053,0.001432,172.31.36.0-255,66,75364,10,238724
12054,0.001451,172.31.36.0-255,66,75430,10,238724
12055,0.001678,172.217.194.0-255,1484,76914,10,238724
12056,0.001686,172.217.194.0-255,2902,79816,10,238724
12057,0.001689,172.31.36.0-255,66,79882,10,238724
12058,0.001696,172.217.194.0-255,5738,85620,10,238724
12059,0.001699,172.31.36.0-255,66,85686,10,238724
12060,0.001743,172.217.194.0-255,7156,92842,10,238724
12061,0.001748,172.31.36.0-255,66,92908,10,238724
12062,0.001769,172.31.36.0-255,66,92974,10,238724
12063,0.001774,172.217.194.0-255,2184,95158,10,238724
12064,0.001775,172.31.36.0-255,66,95224,10,238724
12065,0.001809,172.217.194.0-255,2902,98126,10,238724
12066,0.001813,172.31.36.0-255,66,98192,10,238724
12067,0.001822,172.217.194.0-255,7156,105348,10,238724
12068,0.001824,172.31.36.0-255,66,105414,10,238724
12069,0.001837,172.217.194.0-255,7156,112570,10,238724
12070,0.00184,172.31.36.0-255,66,112636,10,238724
12071,0.001846,172.217.194.0-255,7156,119792,10,238724
12072,0.001849,172.31.36.0-255,66,119858,10,238724
12073,0.001885,172.31.36.0-255,66,119924,10,238724
12074,0.001888,172.217.194.0-255,766,120690,10,238724
12075,0.001935,172.217.194.0-255,1484,122174,10,238724
12076,0.001938,172.31.36.0-255,66,122240,10,238724
12077,0.001944,172.217.194.0-255,2902,125142,10,238724
12078,0.001946,172.31.36.0-255,66,125208,10,238724
12079,0.001949,172.217.194.0-255,1484,126692,10,238724
12080,0.001969,172.217.194.0-255,4320,131012,10,238724
12081,0.001972,172.31.36.0-255,66,131078,10,238724
12082,0.001984,172.217.194.0-255,5738,136816,10,238724
12083,0.001987,172.31.36.0-255,66,136882,10,238724
12084,0.001992,172.217.194.0-255,2902,139784,10,238724
12085,0.001994,172.31.36.0-255,66,139850,10,238724
12086,0.002035,172.31.36.0-255,66,139916,10,238724
12087,0.002042,172.217.194.0-255,5020,144936,10,238724
12088,0.002044,172.31.36.0-255,66,145002,10,238724
12089,0.002118,172.217.194.0-255,1484,146486,10,238724
12090,0.002122,172.217.194.0-255,1484,147970,10,238724
12091,0.002125,172.31.36.0-255,66,148036,10,238724
12092,0.002149,172.217.194.0-255,1484,149520,10,238724
12093,0.002155,172.217.194.0-255,5738,155258,10,238724
12094,0.002158,172.31.36.0-255,66,155324,10,238724
12095,0.002193,172.31.36.0-255,66,155390,10,238724
12096,0.002214,172.217.194.0-255,1484,156874,10,238724
12097,0.002217,172.217.194.0-255,1484,158358,10,238724
12098,0.002219,172.31.36.0-255,66,158424,10,238724
12099,0.002231,172.31.36.0-255,66,158490,10,238724
12100,0.002252,172.31.36.0-255,66,158556,10,238724
12101,0.002279,172.217.194.0-255,4320,162876,10,238724
12102,0.002282,172.31.36.0-255,66,162942,10,238724
12103,0.002313,172.31.36.0-255,66,163008,10,238724
12104,0.002317,172.217.194.0-255,2902,165910,10,238724
12105,0.002319,172.31.36.0-255,66,165976,10,238724
12106,0.002356,172.31.36.0-255,66,166042,10,238724
12107,0.002361,172.217.194.0-255,4320,170362,10,238724
12108,0.002364,172.31.36.0-255,66,170428,10,238724
12109,0.004639,172.217.194.0-255,4320,174748,10,238724
12110,0.004644,172.31.36.0-255,66,174814,10,238724
12111,0.004711,172.217.194.0-255,1484,176298,10,238724
12112,0.006918,172.217.194.0-255,4320,180618,10,238724
12113,0.006925,172.31.36.0-255,66,180684,10,238724
12114,0.009194,172.217.194.0-255,5738,186422,10,238724
12115,0.009199,172.31.36.0-255,66,186488,10,238724
12116,0.01149,172.217.194.0-255,5738,192226,10,238724
12117,0.011497,172.31.36.0-255,66,192292,10,238724
12118,0.013765,172.217.194.0-255,5738,198030,10,238724
12119,0.013772,172.31.36.0-255,66,198096,10,238724
12120,0.016059,172.217.194.0-255,5738,203834,10,238724
12121,0.016069,172.31.36.0-255,66,203900,10,238724
12122,0.018364,172.217.194.0-255,5738,209638,10,238724
12123,0.018371,172.31.36.0-255,66,209704,10,238724
12124,0.02065,172.217.194.0-255,5738,215442,10,238724
12125,0.020657,172.31.36.0-255,66,215508,10,238724
12126,0.022962,172.217.194.0-255,5738,221246,10,238724
12127,0.022971,172.31.36.0-255,66,221312,10,238724
12128,0.025292,172.217.194.0-255,5738,227050,10,238724
12129,0.025299,172.31.36.0-255,66,227116,10,238724
12130,0.027589,172.217.194.0-255,5738,232854,10,238724
12131,0.027597,172.31.36.0-255,66,232920,10,238724
12132,0.029868,172.217.194.0-255,5738,238658,10,238724
12133,0.029876,172.31.36.0-255,66,238724,10,238724
12134,0.0,216.58.221.0-255,153,153,10,248339
12135,3.5e-05,216.58.221.0-255,1484,1637,10,248339
12136,4.2e-05,172.31.36.0-255,66,1703,10,248339
12137,5e-05,216.58.221.0-255,2902,4605,10,248339
12138,5.2e-05,172.31.36.0-255,66,4671,10,248339
12139,5.8e-05,216.58.221.0-255,4320,8991,10,248339
12140,6.1e-05,172.31.36.0-255,66,9057,10,248339
12141,9.9e-05,216.58.221.0-255,2902,11959,10,248339
12142,0.000102,172.31.36.0-255,66,12025,10,248339
12143,0.000122,172.31.36.0-255,66,12091,10,248339
12144,0.000167,172.31.36.0-255,66,12157,10,248339
12145,0.00058,216.58.221.0-255,1484,13641,10,248339
12146,0.000586,216.58.221.0-255,1484,15125,10,248339
12147,0.000592,172.31.36.0-255,66,15191,10,248339
12148,0.000624,216.58.221.0-255,2902,18093,10,248339
12149,0.000628,172.31.36.0-255,66,18159,10,248339
12150,0.000629,216.58.221.0-255,5738,23897,10,248339
12151,0.000632,172.31.36.0-255,66,23963,10,248339
12152,0.000636,216.58.221.0-255,1484,25447,10,248339
12153,0.000659,216.58.221.0-255,3961,29408,10,248339
12154,0.000667,172.31.36.0-255,66,29474,10,248339
12155,0.000674,216.58.221.0-255,5738,35212,10,248339
12156,0.000677,172.31.36.0-255,66,35278,10,248339
12157,0.000704,216.58.221.0-255,5738,41016,10,248339
12158,0.000708,172.31.36.0-255,66,41082,10,248339
12159,0.000719,172.31.36.0-255,101,41183,10,248339
12160,0.000738,216.58.221.0-255,5687,46870,10,248339
12161,0.000748,172.31.36.0-255,66,46936,10,248339
12162,0.001393,216.58.221.0-255,114,47050,10,248339
12163,0.001517,216.58.221.0-255,1484,48534,10,248339
12164,0.001523,172.31.36.0-255,66,48600,10,248339
12165,0.00153,216.58.221.0-255,2902,51502,10,248339
12166,0.001532,172.31.36.0-255,66,51568,10,248339
12167,0.001538,216.58.221.0-255,5738,57306,10,248339
12168,0.001547,172.31.36.0-255,66,57372,10,248339
12169,0.001551,216.58.221.0-255,2902,60274,10,248339
12170,0.001553,172.31.36.0-255,66,60340,10,248339
12171,0.001588,216.58.221.0-255,2902,63242,10,248339
12172,0.001592,172.31.36.0-255,66,63308,10,248339
12173,0.0016,216.58.221.0-255,6797,70105,10,248339
12174,0.001603,172.31.36.0-255,66,70171,10,248339
12175,0.00162,172.31.36.0-255,66,70237,10,248339
12176,0.001685,216.58.221.0-255,1484,71721,10,248339
12177,0.00169,216.58.221.0-255,1484,73205,10,248339
12178,0.001693,172.31.36.0-255,66,73271,10,248339
12179,0.001713,216.58.221.0-255,1484,74755,10,248339
12180,0.001719,216.58.221.0-255,5738,80493,10,248339
12181,0.001722,172.31.36.0-255,66,80559,10,248339
12182,0.001762,172.31.36.0-255,66,80625,10,248339
12183,0.001793,216.58.221.0-255,1484,82109,10,248339
12184,0.001804,172.31.36.0-255,66,82175,10,248339
12185,0.001807,216.58.221.0-255,766,82941,10,248339
12186,0.001854,216.58.221.0-255,1484,84425,10,248339
12187,0.001856,172.31.36.0-255,66,84491,10,248339
12188,0.00186,216.58.221.0-255,1484,85975,10,248339
12189,0.00188,216.58.221.0-255,2902,88877,10,248339
12190,0.001883,172.31.36.0-255,66,88943,10,248339
12191,0.001888,216.58.221.0-255,4320,93263,10,248339
12192,0.001891,172.31.36.0-255,66,93329,10,248339
12193,0.001919,216.58.221.0-255,1484,94813,10,248339
12194,0.001933,172.31.36.0-255,66,94879,10,248339
12195,0.001938,216.58.221.0-255,2902,97781,10,248339
12196,0.001939,172.31.36.0-255,66,97847,10,248339
12197,0.001965,216.58.221.0-255,5738,103585,10,248339
12198,0.001968,172.31.36.0-255,66,103651,10,248339
12199,0.001971,216.58.221.0-255,766,104417,10,248339
12200,0.002314,216.58.221.0-255,1484,105901,10,248339
12201,0.002316,172.31.36.0-255,66,105967,10,248339
12202,0.002319,216.58.221.0-255,1484,107451,10,248339
12203,0.00234,216.58.221.0-255,1484,108935,10,248339
12204,0.002342,172.31.36.0-255,66,109001,10,248339
12205,0.002348,216.58.221.0-255,4320,113321,10,248339
12206,0.00235,172.31.36.0-255,66,113387,10,248339
12207,0.002366,216.58.221.0-255,1484,114871,10,248339
12208,0.00237,216.58.221.0-255,2902,117773,10,248339
12209,0.002373,172.31.36.0-255,66,117839,10,248339
12210,0.002405,216.58.221.0-255,7156,124995,10,248339
12211,0.002408,172.31.36.0-255,66,125061,10,248339
12212,0.00242,172.31.36.0-255,66,125127,10,248339
12213,0.002428,216.58.221.0-255,2184,127311,10,248339
12214,0.002431,172.31.36.0-255,66,127377,10,248339
12215,0.002482,216.58.221.0-255,1484,128861,10,248339
12216,0.002487,216.58.221.0-255,2902,131763,10,248339
12217,0.00249,172.31.36.0-255,66,131829,10,248339
12218,0.002518,216.58.221.0-255,5738,137567,10,248339
12219,0.002522,172.31.36.0-255,66,137633,10,248339
12220,0.002528,216.58.221.0-255,7156,144789,10,248339
12221,0.00253,172.31.36.0-255,66,144855,10,248339
12222,0.00257,172.31.36.0-255,66,144921,10,248339
12223,0.002573,216.58.221.0-255,2184,147105,10,248339
12224,0.002575,172.31.36.0-255,66,147171,10,248339
12225,0.0026,216.58.221.0-255,5738,152909,10,248339
12226,0.002603,172.31.36.0-255,66,152975,10,248339
12227,0.002615,216.58.221.0-255,4320,157295,10,248339
12228,0.002617,172.31.36.0-255,66,157361,10,248339
12229,0.002637,172.31.36.0-255,66,157427,10,248339
12230,0.002642,216.58.221.0-255,4320,161747,10,248339
12231,0.002645,172.31.36.0-255,66,161813,10,248339
12232,0.002651,216.58.221.0-255,5738,167551,10,248339
12233,0.002653,172.31.36.0-255,66,167617,10,248339
12234,0.002657,216.58.221.0-255,3602,171219,10,248339
12235,0.002659,172.31.36.0-255,66,171285,10,248339
12236,0.002688,216.58.221.0-255,66,171351,10,248339
12237,0.002727,216.58.221.0-255,1484,172835,10,248339
12238,0.002739,216.58.221.0-255,1484,174319,10,248339
12239,0.002742,172.31.36.0-255,66,174385,10,248339
12240,0.002771,216.58.221.0-255,4320,178705,10,248339
12241,0.002773,172.31.36.0-255,66,178771,10,248339
12242,0.002777,216.58.221.0-255,2902,181673,10,248339
12243,0.002778,172.31.36.0-255,66,181739,10,248339
12244,0.002784,216.58.221.0-255,5738,187477,10,248339
12245,0.002786,172.31.36.0-255,66,187543,10,248339
12246,0.002801,172.31.36.0-255,66,187609,10,248339
12247,0.00287,172.31.36.0-255,66,187675,10,248339
12248,0.002941,216.58.221.0-255,1484,189159,10,248339
12249,0.002953,216.58.221.0-255,2902,192061,10,248339
12250,0.002955,172.31.36.0-255,66,192127,10,248339
12251,0.002985,216.58.221.0-255,5738,197865,10,248339
12252,0.002988,172.31.36.0-255,66,197931,10,248339
12253,0.003023,216.58.221.0-255,7156,205087,10,248339
12254,0.003025,172.31.36.0-255,66,205153,10,248339
12255,0.003036,172.31.36.0-255,66,205219,10,248339
12256,0.003065,216.58.221.0-255,7156,212375,10,248339
12257,0.003068,172.31.36.0-255,66,212441,10,248339
12258,0.003094,216.58.221.0-255,3602,216043,10,248339
12259,0.003097,172.31.36.0-255,66,216109,10,248339
12260,0.003108,172.31.36.0-255,66,216175,10,248339
12261,0.003144,216.58.221.0-255,4320,220495,10,248339
12262,0.003147,216.58.221.0-255,2902,223397,10,248339
12263,0.003168,216.58.221.0-255,6438,229835,10,248339
12264,0.003171,216.58.221.0-255,1484,231319,10,248339
12265,0.003224,216.58.221.0-255,4320,235639,10,248339
12266,0.003228,216.58.221.0-255,2902,238541,10,248339
12267,0.003259,216.58.221.0-255,3522,242063,10,248339
12268,0.003262,216.58.221.0-255,105,242168,10,248339
12269,0.004605,172.31.36.0-255,66,242234,10,248339
12270,0.007296,172.31.36.0-255,105,242339,10,248339
12271,0.012999,216.58.221.0-255,66,242405,10,248339
12272,0.029669,172.31.36.0-255,172,242577,10,248339
12273,0.029704,172.31.36.0-255,1111,243688,10,248339
12274,0.029742,172.31.36.0-255,1514,245202,10,248339
12275,0.029744,172.31.36.0-255,1514,246716,10,248339
12276,0.029745,172.31.36.0-255,1514,248230,10,248339
12277,0.029746,172.31.36.0-255,109,248339,10,248339
12278,0.0,74.125.24.0-255,152,152,10,164997
12279,2.4e-05,172.31.36.0-255,66,218,10,164997
12280,3.1e-05,74.125.24.0-255,1484,1702,10,164997
12281,3.6e-05,172.31.36.0-255,66,1768,10,164997
12282,4.2e-05,74.125.24.0-255,2902,4670,10,164997
12283,5.4e-05,172.31.36.0-255,66,4736,10,164997
12284,6.2e-05,74.125.24.0-255,7156,11892,10,164997
12285,6.5e-05,172.31.36.0-255,66,11958,10,164997
12286,7.7e-05,172.31.36.0-255,66,12024,10,164997
12287,8.8e-05,172.31.36.0-255,66,12090,10,164997
12288,0.000115,74.125.24.0-255,5738,17828,10,164997
12289,0.000118,172.31.36.0-255,66,17894,10,164997
12290,0.000152,74.125.24.0-255,7156,25050,10,164997
12291,0.000156,172.31.36.0-255,66,25116,10,164997
12292,0.000163,74.125.24.0-255,6438,31554,10,164997
12293,0.000166,172.31.36.0-255,66,31620,10,164997
12294,0.000224,74.125.24.0-255,4320,35940,10,164997
12295,0.000227,172.31.36.0-255,66,36006,10,164997
12296,0.000255,74.125.24.0-255,5738,41744,10,164997
12297,0.000258,172.31.36.0-255,66,41810,10,164997
12298,0.000261,74.125.24.0-255,1484,43294,10,164997
12299,0.000263,172.31.36.0-255,66,43360,10,164997
12300,0.000297,74.125.24.0-255,5379,48739,10,164997
12301,0.0003,172.31.36.0-255,66,48805,10,164997
12302,0.000303,74.125.24.0-255,409,49214,10,164997
12303,0.000305,172.31.36.0-255,66,49280,10,164997
12304,0.0004,74.125.24.0-255,1484,50764,10,164997
12305,0.000406,172.31.36.0-255,66,50830,10,164997
12306,0.000411,74.125.24.0-255,2902,53732,10,164997
12307,0.000414,172.31.36.0-255,66,53798,10,164997
12308,0.000423,74.125.24.0-255,2902,56700,10,164997
12309,0.000426,172.31.36.0-255,66,56766,10,164997
12310,0.000452,74.125.24.0-255,2902,59668,10,164997
12311,0.000454,172.31.36.0-255,66,59734,10,164997
12312,0.000469,172.31.36.0-255,66,59800,10,164997
12313,0.000492,74.125.24.0-255,5738,65538,10,164997
12314,0.000495,172.31.36.0-255,66,65604,10,164997
12315,0.000537,74.125.24.0-255,3961,69565,10,164997
12316,0.00054,172.31.36.0-255,66,69631,10,164997
12317,0.001682,74.125.24.0-255,1484,71115,10,164997
12318,0.001694,74.125.24.0-255,2902,74017,10,164997
12319,0.001699,172.31.36.0-255,66,74083,10,164997
12320,0.001708,74.125.24.0-255,5738,79821,10,164997
12321,0.00171,172.31.36.0-255,66,79887,10,164997
12322,0.001748,172.31.36.0-255,66,79953,10,164997
12323,0.001777,74.125.24.0-255,1484,81437,10,164997
12324,0.00179,172.31.36.0-255,66,81503,10,164997
12325,0.002296,74.125.24.0-255,1484,82987,10,164997
12326,0.002305,74.125.24.0-255,2902,85889,10,164997
12327,0.00231,172.31.36.0-255,66,85955,10,164997
12328,0.002317,74.125.24.0-255,5738,91693,10,164997
12329,0.00232,172.31.36.0-255,66,91759,10,164997
12330,0.002332,74.125.24.0-255,5738,97497,10,164997
12331,0.002334,172.31.36.0-255,66,97563,10,164997
12332,0.002369,74.125.24.0-255,4320,101883,10,164997
12333,0.002371,172.31.36.0-255,66,101949,10,164997
12334,0.002404,74.125.24.0-255,2902,104851,10,164997
12335,0.002406,172.31.36.0-255,66,104917,10,164997
12336,0.002421,172.31.36.0-255,66,104983,10,164997
12337,0.005053,74.125.24.0-255,4320,109303,10,164997
12338,0.005057,172.31.36.0-255,66,109369,10,164997
12339,0.005082,74.125.24.0-255,1484,110853,10,164997
12340,0.007667,74.125.24.0-255,4320,115173,10,164997
12341,0.007674,172.31.36.0-255,66,115239,10,164997
12342,0.010279,74.125.24.0-255,5738,120977,10,164997
12343,0.010297,172.31.36.0-255,66,121043,10,164997
12344,0.012907,74.125.24.0-255,5738,126781,10,164997
12345,0.012923,172.31.36.0-255,66,126847,10,164997
12346,0.015558,74.125.24.0-255,5738,132585,10,164997
12347,0.015579,172.31.36.0-255,66,132651,10,164997
12348,0.0182,74.125.24.0-255,5738,138389,10,164997
12349,0.018213,172.31.36.0-255,66,138455,10,164997
12350,0.020801,74.125.24.0-255,5738,144193,10,164997
12351,0.020808,172.31.36.0-255,66,144259,10,164997
12352,0.023407,74.125.24.0-255,5738,149997,10,164997
12353,0.023414,172.31.36.0-255,66,150063,10,164997
12354,0.024112,172.31.36.0-255,172,150235,10,164997
12355,0.024142,172.31.36.0-255,1110,151345,10,164997
12356,0.024204,172.31.36.0-255,1514,152859,10,164997
12357,0.024205,172.31.36.0-255,332,153191,10,164997
12358,0.02568,104.244.42.0-255,66,153257,10,164997
12359,0.025718,104.244.42.0-255,66,153323,10,164997
12360,0.025778,104.244.42.0-255,66,153389,10,164997
12361,0.026023,74.125.24.0-255,5738,159127,10,164997
12362,0.026029,172.31.36.0-255,66,159193,10,164997
12363,0.028619,74.125.24.0-255,5738,164931,10,164997
12364,0.028627,172.31.36.0-255,66,164997,10,164997
12365,0.0,74.125.24.0-255,289,289,10,181890
12366,2.6e-05,172.31.36.0-255,66,355,10,181890
12367,3.3e-05,74.125.24.0-255,1484,1839,10,181890
12368,3.6e-05,172.31.36.0-255,66,1905,10,181890
12369,4.2e-05,74.125.24.0-255,4320,6225,10,181890
12370,5.4e-05,172.31.36.0-255,66,6291,10,181890
12371,5.8e-05,74.125.24.0-255,2902,9193,10,181890
12372,6.1e-05,172.31.36.0-255,66,9259,10,181890
12373,9.8e-05,74.125.24.0-255,4320,13579,10,181890
12374,0.000101,172.31.36.0-255,66,13645,10,181890
12375,0.000109,74.125.24.0-255,7156,20801,10,181890
12376,0.000111,172.31.36.0-255,66,20867,10,181890
12377,0.000141,74.125.24.0-255,1877,22744,10,181890
12378,0.000144,172.31.36.0-255,66,22810,10,181890
12379,0.00015,74.125.24.0-255,4320,27130,10,181890
12380,0.000152,172.31.36.0-255,66,27196,10,181890
12381,0.000172,74.125.24.0-255,3961,31157,10,181890
12382,0.000175,172.31.36.0-255,66,31223,10,181890
12383,0.000424,74.125.24.0-255,1484,32707,10,181890
12384,0.000428,74.125.24.0-255,1484,34191,10,181890
12385,0.00043,172.31.36.0-255,66,34257,10,181890
12386,0.000435,172.31.36.0-255,66,34323,10,181890
12387,0.000438,74.125.24.0-255,1484,35807,10,181890
12388,0.000441,172.31.36.0-255,66,35873,10,181890
12389,0.000445,74.125.24.0-255,2902,38775,10,181890
12390,0.000448,172.31.36.0-255,66,38841,10,181890
12391,0.000455,74.125.24.0-255,1484,40325,10,181890
12392,0.000461,172.31.36.0-255,66,40391,10,181890
12393,0.000496,74.125.24.0-255,5738,46129,10,181890
12394,0.0005,172.31.36.0-255,66,46195,10,181890
12395,0.000594,172.31.36.0-255,66,46261,10,181890
12396,0.000612,172.31.36.0-255,66,46327,10,181890
12397,0.000613,74.125.24.0-255,2543,48870,10,181890
12398,0.000616,172.31.36.0-255,66,48936,10,181890
12399,0.000677,74.125.24.0-255,646,49582,10,181890
12400,0.000783,172.31.36.0-255,66,49648,10,181890
12401,0.000946,74.125.24.0-255,1484,51132,10,181890
12402,0.000956,74.125.24.0-255,2902,54034,10,181890
12403,0.00096,172.31.36.0-255,66,54100,10,181890
12404,0.000967,74.125.24.0-255,2902,57002,10,181890
12405,0.000969,172.31.36.0-255,66,57068,10,181890
12406,0.00099,74.125.24.0-255,2902,59970,10,181890
12407,0.000998,172.31.36.0-255,66,60036,10,181890
12408,0.001007,74.125.24.0-255,7156,67192,10,181890
12409,0.00101,172.31.36.0-255,66,67258,10,181890
12410,0.001045,74.125.24.0-255,5738,72996,10,181890
12411,0.001049,172.31.36.0-255,66,73062,10,181890
12412,0.001114,172.31.36.0-255,66,73128,10,181890
12413,0.001676,74.125.24.0-255,1484,74612,10,181890
12414,0.001685,74.125.24.0-255,2902,77514,10,181890
12415,0.00169,172.31.36.0-255,66,77580,10,181890
12416,0.001722,74.125.24.0-255,5738,83318,10,181890
12417,0.001726,172.31.36.0-255,66,83384,10,181890
12418,0.00173,74.125.24.0-255,2902,86286,10,181890
12419,0.001733,172.31.36.0-255,66,86352,10,181890
12420,0.001755,74.125.24.0-255,2902,89254,10,181890
12421,0.001757,172.31.36.0-255,66,89320,10,181890
12422,0.001785,74.125.24.0-255,7156,96476,10,181890
12423,0.001788,172.31.36.0-255,66,96542,10,181890
12424,0.001798,74.125.24.0-255,1484,98026,10,181890
12425,0.001824,172.31.36.0-255,66,98092,10,181890
12426,0.001826,74.125.24.0-255,1484,99576,10,181890
12427,0.001861,172.31.36.0-255,66,99642,10,181890
12428,0.001866,74.125.24.0-255,4320,103962,10,181890
12429,0.001868,172.31.36.0-255,66,104028,10,181890
12430,0.001917,172.31.36.0-255,66,104094,10,181890
12431,0.00192,74.125.24.0-255,766,104860,10,181890
12432,0.003984,74.125.24.0-255,4320,109180,10,181890
12433,0.00399,172.31.36.0-255,66,109246,10,181890
12434,0.006062,74.125.24.0-255,5738,114984,10,181890
12435,0.006068,172.31.36.0-255,66,115050,10,181890
12436,0.008114,74.125.24.0-255,5738,120788,10,181890
12437,0.00812,172.31.36.0-255,66,120854,10,181890
12438,0.010175,74.125.24.0-255,5738,126592,10,181890
12439,0.010181,172.31.36.0-255,66,126658,10,181890
12440,0.012279,74.125.24.0-255,5738,132396,10,181890
12441,0.012289,172.31.36.0-255,66,132462,10,181890
12442,0.014391,74.125.24.0-255,5738,138200,10,181890
12443,0.014398,172.31.36.0-255,66,138266,10,181890
12444,0.016472,74.125.24.0-255,5738,144004,10,181890
12445,0.016486,172.31.36.0-255,66,144070,10,181890
12446,0.018544,74.125.24.0-255,5738,149808,10,181890
12447,0.018554,172.31.36.0-255,66,149874,10,181890
12448,0.020621,74.125.24.0-255,5738,155612,10,181890
12449,0.020629,172.31.36.0-255,66,155678,10,181890
12450,0.022714,74.125.24.0-255,4320,159998,10,181890
12451,0.022722,172.31.36.0-255,66,160064,10,181890
12452,0.022764,74.125.24.0-255,1484,161548,10,181890
12453,0.024823,74.125.24.0-255,4320,165868,10,181890
12454,0.024831,172.31.36.0-255,66,165934,10,181890
12455,0.026973,172.31.36.0-255,167,166101,10,181890
12456,0.026988,74.125.24.0-255,5738,171839,10,181890
12457,0.027002,172.31.36.0-255,66,171905,10,181890
12458,0.027059,172.31.36.0-255,1113,173018,10,181890
12459,0.027114,172.31.36.0-255,1514,174532,10,181890
12460,0.027116,172.31.36.0-255,1290,175822,10,181890
12461,0.02856,104.244.42.0-255,66,175888,10,181890
12462,0.028646,104.244.42.0-255,66,175954,10,181890
12463,0.028695,104.244.42.0-255,66,176020,10,181890
12464,0.029077,74.125.24.0-255,1484,177504,10,181890
12465,0.029109,74.125.24.0-255,4320,181824,10,181890
12466,0.029114,172.31.36.0-255,66,181890,10,181890
12467,0.0,74.125.24.0-255,152,152,10,216553
12468,2.4e-05,74.125.24.0-255,1484,1636,10,216553
12469,3.1e-05,172.31.36.0-255,66,1702,10,216553
12470,3.8e-05,74.125.24.0-255,2902,4604,10,216553
12471,4.1e-05,172.31.36.0-255,66,4670,10,216553
12472,4.6e-05,74.125.24.0-255,4320,8990,10,216553
12473,4.9e-05,172.31.36.0-255,66,9056,10,216553
12474,7.5e-05,74.125.24.0-255,7156,16212,10,216553
12475,8.2e-05,172.31.36.0-255,66,16278,10,216553
12476,9.7e-05,74.125.24.0-255,2039,18317,10,216553
12477,0.000103,172.31.36.0-255,66,18383,10,216553
12478,0.000116,172.31.36.0-255,66,18449,10,216553
12479,0.000145,74.125.24.0-255,1125,19574,10,216553
12480,0.000198,74.125.24.0-255,1484,21058,10,216553
12481,0.000202,172.31.36.0-255,66,21124,10,216553
12482,0.000207,74.125.24.0-255,2902,24026,10,216553
12483,0.000209,172.31.36.0-255,66,24092,10,216553
12484,0.00024,74.125.24.0-255,5738,29830,10,216553
12485,0.000245,172.31.36.0-255,66,29896,10,216553
12486,0.000255,172.31.36.0-255,66,29962,10,216553
12487,0.000273,74.125.24.0-255,1484,31446,10,216553
12488,0.000313,172.31.36.0-255,66,31512,10,216553
12489,0.000316,74.125.24.0-255,362,31874,10,216553
12490,0.00049,74.125.24.0-255,381,32255,10,216553
12491,0.000663,74.125.24.0-255,1484,33739,10,216553
12492,0.000668,172.31.36.0-255,66,33805,10,216553
12493,0.000673,74.125.24.0-255,2902,36707,10,216553
12494,0.000675,172.31.36.0-255,66,36773,10,216553
12495,0.000686,74.125.24.0-255,5738,42511,10,216553
12496,0.000688,172.31.36.0-255,66,42577,10,216553
12497,0.000692,74.125.24.0-255,1484,44061,10,216553
12498,0.000725,74.125.24.0-255,5379,49440,10,216553
12499,0.00073,172.31.36.0-255,66,49506,10,216553
12500,0.000731,74.125.24.0-255,7156,56662,10,216553
12501,0.000734,172.31.36.0-255,66,56728,10,216553
12502,0.000768,172.31.36.0-255,66,56794,10,216553
12503,0.00167,74.125.24.0-255,1484,58278,10,216553
12504,0.001677,74.125.24.0-255,2902,61180,10,216553
12505,0.001682,172.31.36.0-255,66,61246,10,216553
12506,0.001691,74.125.24.0-255,5738,66984,10,216553
12507,0.001701,172.31.36.0-255,66,67050,10,216553
12508,0.001709,74.125.24.0-255,7156,74206,10,216553
12509,0.001711,172.31.36.0-255,66,74272,10,216553
12510,0.001742,74.125.24.0-255,5738,80010,10,216553
12511,0.001746,172.31.36.0-255,66,80076,10,216553
12512,0.00176,172.31.36.0-255,66,80142,10,216553
12513,0.001763,74.125.24.0-255,766,80908,10,216553
12514,0.001785,74.125.24.0-255,1484,82392,10,216553
12515,0.001787,172.31.36.0-255,66,82458,10,216553
12516,0.001793,74.125.24.0-255,4320,86778,10,216553
12517,0.001794,172.31.36.0-255,66,86844,10,216553
12518,0.001847,172.31.36.0-255,66,86910,10,216553
12519,0.001854,74.125.24.0-255,7156,94066,10,216553
12520,0.001856,172.31.36.0-255,66,94132,10,216553
12521,0.001902,74.125.24.0-255,7156,101288,10,216553
12522,0.001904,172.31.36.0-255,66,101354,10,216553
12523,0.001918,74.125.24.0-255,3602,104956,10,216553
12524,0.001924,172.31.36.0-255,66,105022,10,216553
12525,0.00204,74.125.24.0-255,1484,106506,10,216553
12526,0.002043,74.125.24.0-255,1484,107990,10,216553
12527,0.002046,172.31.36.0-255,66,108056,10,216553
12528,0.002069,74.125.24.0-255,1484,109540,10,216553
12529,0.002075,74.125.24.0-255,5738,115278,10,216553
12530,0.002077,172.31.36.0-255,66,115344,10,216553
12531,0.002082,74.125.24.0-255,5738,121082,10,216553
12532,0.002085,172.31.36.0-255,66,121148,10,216553
12533,0.00211,74.125.24.0-255,4320,125468,10,216553
12534,0.002112,172.31.36.0-255,66,125534,10,216553
12535,0.002124,172.31.36.0-255,66,125600,10,216553
12536,0.002152,74.125.24.0-255,2184,127784,10,216553
12537,0.002154,172.31.36.0-255,66,127850,10,216553
12538,0.002188,74.125.24.0-255,2902,130752,10,216553
12539,0.00219,172.31.36.0-255,66,130818,10,216553
12540,0.002195,74.125.24.0-255,4320,135138,10,216553
12541,0.002197,172.31.36.0-255,66,135204,10,216553
12542,0.002213,74.125.24.0-255,2902,138106,10,216553
12543,0.002216,172.31.36.0-255,66,138172,10,216553
12544,0.002242,74.125.24.0-255,1484,139656,10,216553
12545,0.002248,74.125.24.0-255,7156,146812,10,216553
12546,0.002251,172.31.36.0-255,66,146878,10,216553
12547,0.002255,74.125.24.0-255,2902,149780,10,216553
12548,0.002256,172.31.36.0-255,66,149846,10,216553
12549,0.002285,74.125.24.0-255,5738,155584,10,216553
12550,0.002288,172.31.36.0-255,66,155650,10,216553
12551,0.002294,74.125.24.0-255,6438,162088,10,216553
12552,0.002296,172.31.36.0-255,66,162154,10,216553
12553,0.002366,74.125.24.0-255,1484,163638,10,216553
12554,0.002369,74.125.24.0-255,2902,166540,10,216553
12555,0.002372,172.31.36.0-255,66,166606,10,216553
12556,0.002377,74.125.24.0-255,5738,172344,10,216553
12557,0.002379,172.31.36.0-255,66,172410,10,216553
12558,0.002418,172.31.36.0-255,66,172476,10,216553
12559,0.002421,74.125.24.0-255,1484,173960,10,216553
12560,0.002466,172.31.36.0-255,66,174026,10,216553
12561,0.002536,74.125.24.0-255,1484,175510,10,216553
12562,0.00256,74.125.24.0-255,1484,176994,10,216553
12563,0.002562,172.31.36.0-255,66,177060,10,216553
12564,0.002586,74.125.24.0-255,1484,178544,10,216553
12565,0.002592,74.125.24.0-255,5738,184282,10,216553
12566,0.002594,172.31.36.0-255,66,184348,10,216553
12567,0.002606,172.31.36.0-255,66,184414,10,216553
12568,0.002629,74.125.24.0-255,7156,191570,10,216553
12569,0.002632,172.31.36.0-255,66,191636,10,216553
12570,0.00266,74.125.24.0-255,5020,196656,10,216553
12571,0.002663,172.31.36.0-255,66,196722,10,216553
12572,0.002676,172.31.36.0-255,66,196788,10,216553
12573,0.00268,74.125.24.0-255,2902,199690,10,216553
12574,0.002681,172.31.36.0-255,66,199756,10,216553
12575,0.002717,172.31.36.0-255,66,199822,10,216553
12576,0.002735,74.125.24.0-255,2184,202006,10,216553
12577,0.002737,172.31.36.0-255,66,202072,10,216553
12578,0.002743,74.125.24.0-255,5738,207810,10,216553
12579,0.002746,172.31.36.0-255,66,207876,10,216553
12580,0.002778,172.31.36.0-255,66,207942,10,216553
12581,0.002788,172.31.36.0-255,66,208008,10,216553
12582,0.002842,172.31.36.0-255,66,208074,10,216553
12583,0.002869,74.125.24.0-255,5020,213094,10,216553
12584,0.002871,172.31.36.0-255,66,213160,10,216553
12585,0.002893,172.31.36.0-255,66,213226,10,216553
12586,0.002905,172.31.36.0-255,66,213292,10,216553
12587,0.002935,74.125.24.0-255,2919,216211,10,216553
12588,0.002937,172.31.36.0-255,66,216277,10,216553
12589,0.00294,74.125.24.0-255,105,216382,10,216553
12590,0.007859,172.31.36.0-255,105,216487,10,216553
12591,0.0098,74.125.24.0-255,66,216553,10,216553
