,TIME,SRC,PACKET_SIZE,CUMULATIVE_PACKET_SIZE,PAGE_NUMBER,TOTAL_PACKET_SIZE
0,0.0,74.125.200.0-255,153,153,13,382537
1,1.6e-05,172.31.36.0-255,66,219,13,382537
2,2.4e-05,74.125.200.0-255,1484,1703,13,382537
3,2.9e-05,172.31.36.0-255,66,1769,13,382537
4,3.5e-05,74.125.200.0-255,2902,4671,13,382537
5,3.8e-05,172.31.36.0-255,66,4737,13,382537
6,4.6e-05,74.125.200.0-255,7156,11893,13,382537
7,4.9e-05,172.31.36.0-255,66,11959,13,382537
8,5.3e-05,74.125.200.0-255,2039,13998,13,382537
9,5.5e-05,172.31.36.0-255,66,14064,13,382537
10,0.000121,74.125.200.0-255,1484,15548,13,382537
11,0.000123,172.31.36.0-255,66,15614,13,382537
12,0.000129,74.125.200.0-255,2902,18516,13,382537
13,0.000131,172.31.36.0-255,66,18582,13,382537
14,0.000134,74.125.200.0-255,1484,20066,13,382537
15,0.000136,172.31.36.0-255,66,20132,13,382537
16,0.000156,74.125.200.0-255,2902,23034,13,382537
17,0.000158,172.31.36.0-255,66,23100,13,382537
18,0.000181,74.125.200.0-255,1484,24584,13,382537
19,0.000183,172.31.36.0-255,66,24650,13,382537
20,0.000199,74.125.200.0-255,6797,31447,13,382537
21,0.000201,172.31.36.0-255,66,31513,13,382537
22,0.000329,74.125.200.0-255,1484,32997,13,382537
23,0.000334,172.31.36.0-255,66,33063,13,382537
24,0.000339,74.125.200.0-255,2902,35965,13,382537
25,0.000342,172.31.36.0-255,66,36031,13,382537
26,0.000345,74.125.200.0-255,1484,37515,13,382537
27,0.000347,172.31.36.0-255,66,37581,13,382537
28,0.000373,74.125.200.0-255,4320,41901,13,382537
29,0.000376,172.31.36.0-255,66,41967,13,382537
30,0.000382,74.125.200.0-255,4320,46287,13,382537
31,0.000384,172.31.36.0-255,66,46353,13,382537
32,0.000396,74.125.200.0-255,2543,48896,13,382537
33,0.000399,172.31.36.0-255,66,48962,13,382537
34,0.000406,74.125.200.0-255,5738,54700,13,382537
35,0.000408,172.31.36.0-255,66,54766,13,382537
36,0.00043,74.125.200.0-255,1484,56250,13,382537
37,0.000436,74.125.200.0-255,4320,60570,13,382537
38,0.000438,172.31.36.0-255,66,60636,13,382537
39,0.000458,74.125.200.0-255,1484,62120,13,382537
40,0.000483,74.125.200.0-255,2902,65022,13,382537
41,0.000486,172.31.36.0-255,66,65088,13,382537
42,0.0005,74.125.200.0-255,1470,66558,13,382537
43,0.000503,74.125.200.0-255,333,66891,13,382537
44,0.000506,172.31.36.0-255,66,66957,13,382537
45,0.000688,74.125.200.0-255,1484,68441,13,382537
46,0.000692,74.125.200.0-255,1484,69925,13,382537
47,0.000696,172.31.36.0-255,66,69991,13,382537
48,0.000713,74.125.200.0-255,1484,71475,13,382537
49,0.000742,74.125.200.0-255,4320,75795,13,382537
50,0.000744,172.31.36.0-255,66,75861,13,382537
51,0.000764,74.125.200.0-255,1484,77345,13,382537
52,0.000772,74.125.200.0-255,8574,85919,13,382537
53,0.000775,172.31.36.0-255,66,85985,13,382537
54,0.000784,74.125.200.0-255,9992,95977,13,382537
55,0.000787,172.31.36.0-255,66,96043,13,382537
56,0.000793,74.125.200.0-255,5020,101063,13,382537
57,0.000795,172.31.36.0-255,66,101129,13,382537
58,0.000949,74.125.200.0-255,1484,102613,13,382537
59,0.000971,74.125.200.0-255,2902,105515,13,382537
60,0.000975,172.31.36.0-255,66,105581,13,382537
61,0.001001,74.125.200.0-255,1484,107065,13,382537
62,0.001021,74.125.200.0-255,2902,109967,13,382537
63,0.001026,172.31.36.0-255,66,110033,13,382537
64,0.001048,74.125.200.0-255,5738,115771,13,382537
65,0.001051,172.31.36.0-255,66,115837,13,382537
66,0.001055,74.125.200.0-255,2902,118739,13,382537
67,0.001057,172.31.36.0-255,66,118805,13,382537
68,0.001063,74.125.200.0-255,4320,123125,13,382537
69,0.001065,172.31.36.0-255,66,123191,13,382537
70,0.001099,74.125.200.0-255,8574,131765,13,382537
71,0.001101,172.31.36.0-255,66,131831,13,382537
72,0.001105,74.125.200.0-255,1484,133315,13,382537
73,0.001129,74.125.200.0-255,2184,135499,13,382537
74,0.001131,172.31.36.0-255,66,135565,13,382537
75,0.001195,74.125.200.0-255,1484,137049,13,382537
76,0.001217,74.125.200.0-255,2902,139951,13,382537
77,0.00122,172.31.36.0-255,66,140017,13,382537
78,0.001241,74.125.200.0-255,5738,145755,13,382537
79,0.001244,172.31.36.0-255,66,145821,13,382537
80,0.001247,74.125.200.0-255,1484,147305,13,382537
81,0.001262,74.125.200.0-255,1484,148789,13,382537
82,0.001265,172.31.36.0-255,66,148855,13,382537
83,0.00127,74.125.200.0-255,4320,153175,13,382537
84,0.001272,172.31.36.0-255,66,153241,13,382537
85,0.001297,74.125.200.0-255,1484,154725,13,382537
86,0.00131,74.125.200.0-255,2902,157627,13,382537
87,0.001313,172.31.36.0-255,66,157693,13,382537
88,0.001338,74.125.200.0-255,5738,163431,13,382537
89,0.00134,172.31.36.0-255,66,163497,13,382537
90,0.001371,74.125.200.0-255,5738,169235,13,382537
91,0.001374,172.31.36.0-255,66,169301,13,382537
92,0.001392,74.125.200.0-255,766,170067,13,382537
93,0.001467,74.125.200.0-255,1484,171551,13,382537
94,0.001471,172.31.36.0-255,66,171617,13,382537
95,0.001475,74.125.200.0-255,1484,173101,13,382537
96,0.00149,74.125.200.0-255,1484,174585,13,382537
97,0.001492,172.31.36.0-255,66,174651,13,382537
98,0.001526,74.125.200.0-255,1484,176135,13,382537
99,0.001531,74.125.200.0-255,2902,179037,13,382537
100,0.001535,172.31.36.0-255,66,179103,13,382537
101,0.001557,74.125.200.0-255,5738,184841,13,382537
102,0.00156,172.31.36.0-255,66,184907,13,382537
103,0.00158,74.125.200.0-255,4320,189227,13,382537
104,0.001583,172.31.36.0-255,66,189293,13,382537
105,0.001586,74.125.200.0-255,1484,190777,13,382537
106,0.001627,74.125.200.0-255,4320,195097,13,382537
107,0.00163,172.31.36.0-255,66,195163,13,382537
108,0.001635,74.125.200.0-255,2902,198065,13,382537
109,0.001637,172.31.36.0-255,66,198131,13,382537
110,0.001643,74.125.200.0-255,4320,202451,13,382537
111,0.001645,172.31.36.0-255,66,202517,13,382537
112,0.00168,74.125.200.0-255,2184,204701,13,382537
113,0.001683,172.31.36.0-255,66,204767,13,382537
114,0.001822,74.125.200.0-255,1484,206251,13,382537
115,0.001829,74.125.200.0-255,2902,209153,13,382537
116,0.001832,172.31.36.0-255,66,209219,13,382537
117,0.001839,74.125.200.0-255,4320,213539,13,382537
118,0.001842,172.31.36.0-255,66,213605,13,382537
119,0.001859,74.125.200.0-255,1484,215089,13,382537
120,0.001891,74.125.200.0-255,9992,225081,13,382537
121,0.001895,172.31.36.0-255,66,225147,13,382537
122,0.001904,74.125.200.0-255,8574,233721,13,382537
123,0.001906,172.31.36.0-255,66,233787,13,382537
124,0.001924,74.125.200.0-255,2902,236689,13,382537
125,0.001926,172.31.36.0-255,66,236755,13,382537
126,0.00193,74.125.200.0-255,2184,238939,13,382537
127,0.001932,172.31.36.0-255,66,239005,13,382537
128,0.001936,74.125.200.0-255,2902,241907,13,382537
129,0.001938,172.31.36.0-255,66,241973,13,382537
130,0.001969,74.125.200.0-255,7156,249129,13,382537
131,0.001972,172.31.36.0-255,66,249195,13,382537
132,0.001982,74.125.200.0-255,2902,252097,13,382537
133,0.001984,172.31.36.0-255,66,252163,13,382537
134,0.00199,74.125.200.0-255,4320,256483,13,382537
135,0.001992,172.31.36.0-255,66,256549,13,382537
136,0.002025,74.125.200.0-255,8574,265123,13,382537
137,0.002028,172.31.36.0-255,66,265189,13,382537
138,0.002037,74.125.200.0-255,7856,273045,13,382537
139,0.002039,172.31.36.0-255,66,273111,13,382537
140,0.002105,74.125.200.0-255,8574,281685,13,382537
141,0.002108,172.31.36.0-255,66,281751,13,382537
142,0.002113,74.125.200.0-255,4320,286071,13,382537
143,0.002115,172.31.36.0-255,66,286137,13,382537
144,0.002122,74.125.200.0-255,5738,291875,13,382537
145,0.002124,172.31.36.0-255,66,291941,13,382537
146,0.002131,74.125.200.0-255,8574,300515,13,382537
147,0.002133,172.31.36.0-255,66,300581,13,382537
148,0.002162,74.125.200.0-255,6438,307019,13,382537
149,0.002166,172.31.36.0-255,66,307085,13,382537
150,0.004286,74.125.200.0-255,5738,312823,13,382537
151,0.004293,172.31.36.0-255,66,312889,13,382537
152,0.006417,74.125.200.0-255,5738,318627,13,382537
153,0.006422,172.31.36.0-255,66,318693,13,382537
154,0.008552,74.125.200.0-255,5738,324431,13,382537
155,0.008557,172.31.36.0-255,66,324497,13,382537
156,0.010675,74.125.200.0-255,5738,330235,13,382537
157,0.010679,172.31.36.0-255,66,330301,13,382537
158,0.012821,74.125.200.0-255,5738,336039,13,382537
159,0.012829,172.31.36.0-255,66,336105,13,382537
160,0.014955,74.125.200.0-255,5738,341843,13,382537
161,0.014963,172.31.36.0-255,66,341909,13,382537
162,0.017092,74.125.200.0-255,5738,347647,13,382537
163,0.017101,172.31.36.0-255,66,347713,13,382537
164,0.019234,74.125.200.0-255,5738,353451,13,382537
165,0.019246,172.31.36.0-255,66,353517,13,382537
166,0.021387,74.125.200.0-255,5738,359255,13,382537
167,0.021397,172.31.36.0-255,66,359321,13,382537
168,0.023518,74.125.200.0-255,5738,365059,13,382537
169,0.023528,172.31.36.0-255,66,365125,13,382537
170,0.025652,74.125.200.0-255,5738,370863,13,382537
171,0.025659,172.31.36.0-255,66,370929,13,382537
172,0.027795,74.125.200.0-255,5738,376667,13,382537
173,0.027802,172.31.36.0-255,66,376733,13,382537
174,0.029927,74.125.200.0-255,5738,382471,13,382537
175,0.029935,172.31.36.0-255,66,382537,13,382537
176,0.0,74.125.24.0-255,153,153,13,322306
177,3.1e-05,74.125.24.0-255,1484,1637,13,322306
178,4.2e-05,172.31.36.0-255,66,1703,13,322306
179,4.9e-05,74.125.24.0-255,2902,4605,13,322306
180,5.1e-05,172.31.36.0-255,66,4671,13,322306
181,6e-05,74.125.24.0-255,7156,11827,13,322306
182,6.3e-05,172.31.36.0-255,66,11893,13,322306
183,6.7e-05,74.125.24.0-255,1991,13884,13,322306
184,6.9e-05,172.31.36.0-255,66,13950,13,322306
185,0.000171,74.125.24.0-255,1484,15434,13,322306
186,0.000177,74.125.24.0-255,2902,18336,13,322306
187,0.000181,172.31.36.0-255,66,18402,13,322306
188,0.000198,74.125.24.0-255,5738,24140,13,322306
189,0.0002,172.31.36.0-255,66,24206,13,322306
190,0.000225,74.125.24.0-255,5738,29944,13,322306
191,0.000229,172.31.36.0-255,66,30010,13,322306
192,0.000272,74.125.24.0-255,7156,37166,13,322306
193,0.000276,172.31.36.0-255,66,37232,13,322306
194,0.000292,74.125.24.0-255,3961,41193,13,322306
195,0.000295,172.31.36.0-255,66,41259,13,322306
196,0.000311,74.125.24.0-255,1484,42743,13,322306
197,0.000325,74.125.24.0-255,5379,48122,13,322306
198,0.000329,172.31.36.0-255,66,48188,13,322306
199,0.000384,74.125.24.0-255,1484,49672,13,322306
200,0.000397,74.125.24.0-255,2902,52574,13,322306
201,0.000401,172.31.36.0-255,66,52640,13,322306
202,0.000408,74.125.24.0-255,5738,58378,13,322306
203,0.000411,172.31.36.0-255,66,58444,13,322306
204,0.000416,74.125.24.0-255,5738,64182,13,322306
205,0.000419,172.31.36.0-255,66,64248,13,322306
206,0.000462,74.125.24.0-255,1471,65719,13,322306
207,0.000876,74.125.24.0-255,330,66049,13,322306
208,0.000881,172.31.36.0-255,66,66115,13,322306
209,0.001326,74.125.24.0-255,1484,67599,13,322306
210,0.001334,74.125.24.0-255,2902,70501,13,322306
211,0.001338,172.31.36.0-255,66,70567,13,322306
212,0.001343,74.125.24.0-255,1484,72051,13,322306
213,0.001364,74.125.24.0-255,4320,76371,13,322306
214,0.001367,172.31.36.0-255,66,76437,13,322306
215,0.001373,74.125.24.0-255,5738,82175,13,322306
216,0.001375,172.31.36.0-255,66,82241,13,322306
217,0.001394,74.125.24.0-255,7156,89397,13,322306
218,0.001397,172.31.36.0-255,66,89463,13,322306
219,0.0014,74.125.24.0-255,1484,90947,13,322306
220,0.00142,74.125.24.0-255,2902,93849,13,322306
221,0.001423,172.31.36.0-255,66,93915,13,322306
222,0.001446,74.125.24.0-255,6438,100353,13,322306
223,0.001448,172.31.36.0-255,66,100419,13,322306
224,0.001574,74.125.24.0-255,1484,101903,13,322306
225,0.001593,74.125.24.0-255,2902,104805,13,322306
226,0.001595,172.31.36.0-255,66,104871,13,322306
227,0.001601,74.125.24.0-255,5738,110609,13,322306
228,0.001603,172.31.36.0-255,66,110675,13,322306
229,0.001632,74.125.24.0-255,4320,114995,13,322306
230,0.001634,172.31.36.0-255,66,115061,13,322306
231,0.001654,74.125.24.0-255,2902,117963,13,322306
232,0.001656,172.31.36.0-255,66,118029,13,322306
233,0.001664,74.125.24.0-255,8574,126603,13,322306
234,0.001665,172.31.36.0-255,66,126669,13,322306
235,0.00167,74.125.24.0-255,2902,129571,13,322306
236,0.001672,172.31.36.0-255,66,129637,13,322306
237,0.001697,74.125.24.0-255,5020,134657,13,322306
238,0.0017,172.31.36.0-255,66,134723,13,322306
239,0.001718,74.125.24.0-255,2902,137625,13,322306
240,0.001719,172.31.36.0-255,66,137691,13,322306
241,0.001736,74.125.24.0-255,2902,140593,13,322306
242,0.001738,172.31.36.0-255,66,140659,13,322306
243,0.001744,74.125.24.0-255,7156,147815,13,322306
244,0.001746,172.31.36.0-255,66,147881,13,322306
245,0.001763,74.125.24.0-255,1484,149365,13,322306
246,0.001784,172.31.36.0-255,66,149431,13,322306
247,0.001799,74.125.24.0-255,1484,150915,13,322306
248,0.001812,74.125.24.0-255,2902,153817,13,322306
249,0.001814,172.31.36.0-255,66,153883,13,322306
250,0.001828,74.125.24.0-255,3602,157485,13,322306
251,0.00183,172.31.36.0-255,66,157551,13,322306
252,0.001856,74.125.24.0-255,4320,161871,13,322306
253,0.001859,172.31.36.0-255,66,161937,13,322306
254,0.001873,74.125.24.0-255,2902,164839,13,322306
255,0.001875,172.31.36.0-255,66,164905,13,322306
256,0.00189,74.125.24.0-255,8574,173479,13,322306
257,0.001893,172.31.36.0-255,66,173545,13,322306
258,0.001918,74.125.24.0-255,7156,180701,13,322306
259,0.001921,172.31.36.0-255,66,180767,13,322306
260,0.001924,74.125.24.0-255,1484,182251,13,322306
261,0.00197,74.125.24.0-255,4320,186571,13,322306
262,0.001972,172.31.36.0-255,66,186637,13,322306
263,0.001989,74.125.24.0-255,5020,191657,13,322306
264,0.001992,172.31.36.0-255,66,191723,13,322306
265,0.002005,74.125.24.0-255,1484,193207,13,322306
266,0.002023,74.125.24.0-255,1484,194691,13,322306
267,0.002025,172.31.36.0-255,66,194757,13,322306
268,0.002043,74.125.24.0-255,1484,196241,13,322306
269,0.002047,74.125.24.0-255,2902,199143,13,322306
270,0.002049,172.31.36.0-255,66,199209,13,322306
271,0.002066,74.125.24.0-255,2902,202111,13,322306
272,0.002069,172.31.36.0-255,66,202177,13,322306
273,0.0021,172.31.36.0-255,66,202243,13,322306
274,0.002104,74.125.24.0-255,2902,205145,13,322306
275,0.002105,172.31.36.0-255,66,205211,13,322306
276,0.002119,74.125.24.0-255,2902,208113,13,322306
277,0.002121,172.31.36.0-255,66,208179,13,322306
278,0.002149,74.125.24.0-255,1484,209663,13,322306
279,0.002161,74.125.24.0-255,3602,213265,13,322306
280,0.002282,74.125.24.0-255,1484,214749,13,322306
281,0.002299,74.125.24.0-255,1484,216233,13,322306
282,0.002309,74.125.24.0-255,1484,217717,13,322306
283,0.002313,74.125.24.0-255,2902,220619,13,322306
284,0.002329,74.125.24.0-255,2902,223521,13,322306
285,0.002392,74.125.24.0-255,4320,227841,13,322306
286,0.002414,74.125.24.0-255,7156,234997,13,322306
287,0.002422,74.125.24.0-255,8574,243571,13,322306
288,0.002427,74.125.24.0-255,3602,247173,13,322306
289,0.002512,74.125.24.0-255,1484,248657,13,322306
290,0.002529,74.125.24.0-255,1484,250141,13,322306
291,0.002542,74.125.24.0-255,1484,251625,13,322306
292,0.002546,74.125.24.0-255,2902,254527,13,322306
293,0.002565,74.125.24.0-255,2902,257429,13,322306
294,0.002567,74.125.24.0-255,1484,258913,13,322306
295,0.002591,74.125.24.0-255,8574,267487,13,322306
296,0.002607,74.125.24.0-255,1484,268971,13,322306
297,0.002622,74.125.24.0-255,7156,276127,13,322306
298,0.002636,74.125.24.0-255,5020,281147,13,322306
299,0.002658,74.125.24.0-255,9992,291139,13,322306
300,0.00267,74.125.24.0-255,4320,295459,13,322306
301,0.002695,74.125.24.0-255,2902,298361,13,322306
302,0.002713,74.125.24.0-255,7156,305517,13,322306
303,0.002738,74.125.24.0-255,4320,309837,13,322306
304,0.002787,74.125.24.0-255,6438,316275,13,322306
305,0.002841,74.125.24.0-255,1484,317759,13,322306
306,0.002913,74.125.24.0-255,136,317895,13,322306
307,0.004131,172.31.36.0-255,66,317961,13,322306
308,0.006551,172.31.36.0-255,105,318066,13,322306
309,0.008518,74.125.24.0-255,66,318132,13,322306
310,0.027564,172.31.36.0-255,172,318304,13,322306
311,0.027599,172.31.36.0-255,1109,319413,13,322306
312,0.027632,172.31.36.0-255,1514,320927,13,322306
313,0.027633,172.31.36.0-255,1181,322108,13,322306
314,0.029093,104.244.42.0-255,66,322174,13,322306
315,0.029156,104.244.42.0-255,66,322240,13,322306
316,0.029202,104.244.42.0-255,66,322306,13,322306
317,0.0,74.125.24.0-255,153,153,13,334102
318,2.6e-05,74.125.24.0-255,1484,1637,13,334102
319,3.6e-05,172.31.36.0-255,66,1703,13,334102
320,4.3e-05,74.125.24.0-255,2902,4605,13,334102
321,4.7e-05,74.125.24.0-255,4320,8925,13,334102
322,7.1e-05,74.125.24.0-255,2902,11827,13,334102
323,7.5e-05,74.125.24.0-255,2030,13857,13,334102
324,7.9e-05,172.31.36.0-255,66,13923,13,334102
325,8.5e-05,172.31.36.0-255,66,13989,13,334102
326,0.00016,74.125.24.0-255,1484,15473,13,334102
327,0.000165,74.125.24.0-255,2902,18375,13,334102
328,0.000184,74.125.24.0-255,5738,24113,13,334102
329,0.00023,74.125.24.0-255,4320,28433,13,334102
330,0.000245,74.125.24.0-255,2543,30976,13,334102
331,0.000263,172.31.36.0-255,66,31042,13,334102
332,0.000273,74.125.24.0-255,4320,35362,13,334102
333,0.000285,172.31.36.0-255,66,35428,13,334102
334,0.000293,74.125.24.0-255,2902,38330,13,334102
335,0.000299,172.31.36.0-255,66,38396,13,334102
336,0.000305,74.125.24.0-255,8574,46970,13,334102
337,0.000315,172.31.36.0-255,66,47036,13,334102
338,0.000325,74.125.24.0-255,1125,48161,13,334102
339,0.000385,74.125.24.0-255,1484,49645,13,334102
340,0.000389,172.31.36.0-255,66,49711,13,334102
341,0.000398,74.125.24.0-255,2902,52613,13,334102
342,0.000402,74.125.24.0-255,2902,55515,13,334102
343,0.000404,172.31.36.0-255,66,55581,13,334102
344,0.000408,172.31.36.0-255,66,55647,13,334102
345,0.000421,74.125.24.0-255,2902,58549,13,334102
346,0.000432,172.31.36.0-255,66,58615,13,334102
347,0.000452,74.125.24.0-255,6797,65412,13,334102
348,0.000463,172.31.36.0-255,66,65478,13,334102
349,0.000509,74.125.24.0-255,396,65874,13,334102
350,0.000609,74.125.24.0-255,347,66221,13,334102
351,0.000753,172.31.36.0-255,66,66287,13,334102
352,0.000787,74.125.24.0-255,1484,67771,13,334102
353,0.000801,74.125.24.0-255,2902,70673,13,334102
354,0.000814,172.31.36.0-255,66,70739,13,334102
355,0.000815,74.125.24.0-255,5738,76477,13,334102
356,0.000818,172.31.36.0-255,66,76543,13,334102
357,0.000843,74.125.24.0-255,2902,79445,13,334102
358,0.000853,172.31.36.0-255,66,79511,13,334102
359,0.000863,74.125.24.0-255,3961,83472,13,334102
360,0.000872,172.31.36.0-255,66,83538,13,334102
361,0.000918,74.125.24.0-255,1484,85022,13,334102
362,0.000935,74.125.24.0-255,2902,87924,13,334102
363,0.000937,172.31.36.0-255,66,87990,13,334102
364,0.000953,74.125.24.0-255,4320,92310,13,334102
365,0.000961,172.31.36.0-255,66,92376,13,334102
366,0.000972,74.125.24.0-255,1484,93860,13,334102
367,0.000992,74.125.24.0-255,4320,98180,13,334102
368,0.000996,172.31.36.0-255,66,98246,13,334102
369,0.001006,74.125.24.0-255,1994,100240,13,334102
370,0.00101,172.31.36.0-255,66,100306,13,334102
371,0.001498,74.125.24.0-255,1484,101790,13,334102
372,0.001508,74.125.24.0-255,2902,104692,13,334102
373,0.001512,172.31.36.0-255,66,104758,13,334102
374,0.001521,74.125.24.0-255,5738,110496,13,334102
375,0.001569,74.125.24.0-255,5738,116234,13,334102
376,0.001588,74.125.24.0-255,5020,121254,13,334102
377,0.001844,74.125.24.0-255,1484,122738,13,334102
378,0.001849,74.125.24.0-255,2902,125640,13,334102
379,0.00186,74.125.24.0-255,1484,127124,13,334102
380,0.001875,74.125.24.0-255,4320,131444,13,334102
381,0.001878,74.125.24.0-255,1484,132928,13,334102
382,0.001935,74.125.24.0-255,2902,135830,13,334102
383,0.001967,74.125.24.0-255,7856,143686,13,334102
384,0.001998,74.125.24.0-255,1484,145170,13,334102
385,0.002001,74.125.24.0-255,1484,146654,13,334102
386,0.002013,74.125.24.0-255,1484,148138,13,334102
387,0.002017,74.125.24.0-255,2902,151040,13,334102
388,0.002044,74.125.24.0-255,2902,153942,13,334102
389,0.00207,74.125.24.0-255,2902,156844,13,334102
390,0.002094,74.125.24.0-255,7856,164700,13,334102
391,0.002163,74.125.24.0-255,1484,166184,13,334102
392,0.002168,74.125.24.0-255,2902,169086,13,334102
393,0.002171,74.125.24.0-255,1484,170570,13,334102
394,0.002183,74.125.24.0-255,4320,174890,13,334102
395,0.002252,74.125.24.0-255,4320,179210,13,334102
396,0.002273,74.125.24.0-255,8574,187784,13,334102
397,0.002281,74.125.24.0-255,10692,198476,13,334102
398,0.002286,74.125.24.0-255,4320,202796,13,334102
399,0.002312,74.125.24.0-255,7156,209952,13,334102
400,0.002335,74.125.24.0-255,5738,215690,13,334102
401,0.002356,74.125.24.0-255,3602,219292,13,334102
402,0.002375,74.125.24.0-255,9992,229284,13,334102
403,0.002398,74.125.24.0-255,8574,237858,13,334102
404,0.002414,74.125.24.0-255,2902,240760,13,334102
405,0.002437,74.125.24.0-255,8574,249334,13,334102
406,0.002454,74.125.24.0-255,3602,252936,13,334102
407,0.002495,74.125.24.0-255,1484,254420,13,334102
408,0.002498,74.125.24.0-255,1484,255904,13,334102
409,0.002515,74.125.24.0-255,1484,257388,13,334102
410,0.002521,74.125.24.0-255,5738,263126,13,334102
411,0.002543,74.125.24.0-255,2902,266028,13,334102
412,0.002572,74.125.24.0-255,9992,276020,13,334102
413,0.002575,74.125.24.0-255,1484,277504,13,334102
414,0.002602,74.125.24.0-255,5738,283242,13,334102
415,0.002615,74.125.24.0-255,3602,286844,13,334102
416,0.002691,74.125.24.0-255,1484,288328,13,334102
417,0.002704,74.125.24.0-255,2902,291230,13,334102
418,0.00272,74.125.24.0-255,5738,296968,13,334102
419,0.002763,74.125.24.0-255,5738,302706,13,334102
420,0.002788,74.125.24.0-255,7156,309862,13,334102
421,0.002806,74.125.24.0-255,9992,319854,13,334102
422,0.002821,74.125.24.0-255,2184,322038,13,334102
423,0.002855,74.125.24.0-255,4320,326358,13,334102
424,0.002873,74.125.24.0-255,4279,330637,13,334102
425,0.002883,74.125.24.0-255,105,330742,13,334102
426,0.006605,172.31.36.0-255,66,330808,13,334102
427,0.00876,172.31.36.0-255,105,330913,13,334102
428,0.011091,74.125.24.0-255,66,330979,13,334102
429,0.028697,172.31.36.0-255,167,331146,13,334102
430,0.028729,172.31.36.0-255,1109,332255,13,334102
431,0.028764,172.31.36.0-255,1514,333769,13,334102
432,0.028766,172.31.36.0-255,333,334102,13,334102
433,0.0,74.125.24.0-255,153,153,13,301339
434,2.2e-05,172.31.36.0-255,66,219,13,301339
435,3e-05,74.125.24.0-255,1484,1703,13,301339
436,3.4e-05,172.31.36.0-255,66,1769,13,301339
437,4e-05,74.125.24.0-255,2902,4671,13,301339
438,4.2e-05,172.31.36.0-255,66,4737,13,301339
439,8.3e-05,74.125.24.0-255,7156,11893,13,301339
440,8.8e-05,172.31.36.0-255,66,11959,13,301339
441,9.2e-05,74.125.24.0-255,2038,13997,13,301339
442,9.5e-05,172.31.36.0-255,66,14063,13,301339
443,0.000254,74.125.24.0-255,1484,15547,13,301339
444,0.00026,172.31.36.0-255,66,15613,13,301339
445,0.000264,74.125.24.0-255,1484,17097,13,301339
446,0.000267,172.31.36.0-255,66,17163,13,301339
447,0.000286,74.125.24.0-255,1484,18647,13,301339
448,0.000289,172.31.36.0-255,66,18713,13,301339
449,0.000296,74.125.24.0-255,1484,20197,13,301339
450,0.000299,172.31.36.0-255,66,20263,13,301339
451,0.000305,74.125.24.0-255,5738,26001,13,301339
452,0.000307,172.31.36.0-255,66,26067,13,301339
453,0.000344,74.125.24.0-255,5379,31446,13,301339
454,0.000347,172.31.36.0-255,66,31512,13,301339
455,0.000351,74.125.24.0-255,2902,34414,13,301339
456,0.000353,172.31.36.0-255,66,34480,13,301339
457,0.000381,74.125.24.0-255,2902,37382,13,301339
458,0.000384,172.31.36.0-255,66,37448,13,301339
459,0.000396,74.125.24.0-255,7156,44604,13,301339
460,0.000398,172.31.36.0-255,66,44670,13,301339
461,0.000429,74.125.24.0-255,5738,50408,13,301339
462,0.000432,172.31.36.0-255,66,50474,13,301339
463,0.000457,74.125.24.0-255,8574,59048,13,301339
464,0.00046,172.31.36.0-255,66,59114,13,301339
465,0.000468,74.125.24.0-255,6438,65552,13,301339
466,0.00047,172.31.36.0-255,66,65618,13,301339
467,0.000473,74.125.24.0-255,443,66061,13,301339
468,0.000497,74.125.24.0-255,330,66391,13,301339
469,0.000728,74.125.24.0-255,1484,67875,13,301339
470,0.000733,172.31.36.0-255,66,67941,13,301339
471,0.000739,74.125.24.0-255,2902,70843,13,301339
472,0.000741,172.31.36.0-255,66,70909,13,301339
473,0.000774,74.125.24.0-255,5738,76647,13,301339
474,0.000777,172.31.36.0-255,66,76713,13,301339
475,0.000781,74.125.24.0-255,1484,78197,13,301339
476,0.000804,74.125.24.0-255,2902,81099,13,301339
477,0.000807,172.31.36.0-255,66,81165,13,301339
478,0.000812,74.125.24.0-255,2902,84067,13,301339
479,0.000814,172.31.36.0-255,66,84133,13,301339
480,0.000838,74.125.24.0-255,2902,87035,13,301339
481,0.00084,172.31.36.0-255,66,87101,13,301339
482,0.000849,74.125.24.0-255,2902,90003,13,301339
483,0.000851,172.31.36.0-255,66,90069,13,301339
484,0.000866,74.125.24.0-255,2902,92971,13,301339
485,0.000868,172.31.36.0-255,66,93037,13,301339
486,0.000903,74.125.24.0-255,7156,100193,13,301339
487,0.000905,172.31.36.0-255,66,100259,13,301339
488,0.000909,74.125.24.0-255,218,100477,13,301339
489,0.001084,74.125.24.0-255,1484,101961,13,301339
490,0.001088,172.31.36.0-255,66,102027,13,301339
491,0.001138,74.125.24.0-255,2902,104929,13,301339
492,0.001141,172.31.36.0-255,66,104995,13,301339
493,0.001147,74.125.24.0-255,5738,110733,13,301339
494,0.00115,172.31.36.0-255,66,110799,13,301339
495,0.001162,74.125.24.0-255,8574,119373,13,301339
496,0.001165,172.31.36.0-255,66,119439,13,301339
497,0.001217,74.125.24.0-255,8574,128013,13,301339
498,0.001221,172.31.36.0-255,66,128079,13,301339
499,0.001254,74.125.24.0-255,6438,134517,13,301339
500,0.001257,172.31.36.0-255,66,134583,13,301339
501,0.00146,74.125.24.0-255,1484,136067,13,301339
502,0.001477,74.125.24.0-255,2902,138969,13,301339
503,0.001481,172.31.36.0-255,66,139035,13,301339
504,0.001487,74.125.24.0-255,4320,143355,13,301339
505,0.001489,172.31.36.0-255,66,143421,13,301339
506,0.001519,74.125.24.0-255,1484,144905,13,301339
507,0.001534,74.125.24.0-255,4320,149225,13,301339
508,0.001536,172.31.36.0-255,66,149291,13,301339
509,0.001558,74.125.24.0-255,8574,157865,13,301339
510,0.001561,172.31.36.0-255,66,157931,13,301339
511,0.001568,74.125.24.0-255,7156,165087,13,301339
512,0.00157,172.31.36.0-255,66,165153,13,301339
513,0.001605,74.125.24.0-255,3602,168755,13,301339
514,0.001608,172.31.36.0-255,66,168821,13,301339
515,0.002151,74.125.24.0-255,1484,170305,13,301339
516,0.002157,74.125.24.0-255,2902,173207,13,301339
517,0.00216,172.31.36.0-255,66,173273,13,301339
518,0.002164,74.125.24.0-255,1484,174757,13,301339
519,0.002193,74.125.24.0-255,4320,179077,13,301339
520,0.002195,172.31.36.0-255,66,179143,13,301339
521,0.002199,74.125.24.0-255,1484,180627,13,301339
522,0.002234,172.31.36.0-255,66,180693,13,301339
523,0.002241,74.125.24.0-255,7156,187849,13,301339
524,0.002243,172.31.36.0-255,66,187915,13,301339
525,0.002271,74.125.24.0-255,3602,191517,13,301339
526,0.002273,172.31.36.0-255,66,191583,13,301339
527,0.002457,74.125.24.0-255,1484,193067,13,301339
528,0.002462,74.125.24.0-255,1484,194551,13,301339
529,0.002464,172.31.36.0-255,66,194617,13,301339
530,0.002491,74.125.24.0-255,1484,196101,13,301339
531,0.002497,74.125.24.0-255,5738,201839,13,301339
532,0.0025,172.31.36.0-255,66,201905,13,301339
533,0.002534,74.125.24.0-255,9992,211897,13,301339
534,0.002537,172.31.36.0-255,66,211963,13,301339
535,0.002542,74.125.24.0-255,4320,216283,13,301339
536,0.002544,172.31.36.0-255,66,216349,13,301339
537,0.002565,74.125.24.0-255,7156,223505,13,301339
538,0.002567,172.31.36.0-255,66,223571,13,301339
539,0.002576,74.125.24.0-255,2184,225755,13,301339
540,0.002578,172.31.36.0-255,66,225821,13,301339
541,0.002614,74.125.24.0-255,2902,228723,13,301339
542,0.002617,172.31.36.0-255,66,228789,13,301339
543,0.002649,74.125.24.0-255,8574,237363,13,301339
544,0.002652,172.31.36.0-255,66,237429,13,301339
545,0.002675,172.31.36.0-255,66,237495,13,301339
546,0.002681,74.125.24.0-255,5738,243233,13,301339
547,0.002684,172.31.36.0-255,66,243299,13,301339
548,0.005284,74.125.24.0-255,5738,249037,13,301339
549,0.005307,172.31.36.0-255,66,249103,13,301339
550,0.007921,74.125.24.0-255,5738,254841,13,301339
551,0.007942,172.31.36.0-255,66,254907,13,301339
552,0.010522,74.125.24.0-255,5738,260645,13,301339
553,0.010531,172.31.36.0-255,66,260711,13,301339
554,0.013164,74.125.24.0-255,5738,266449,13,301339
555,0.01318,172.31.36.0-255,66,266515,13,301339
556,0.015796,74.125.24.0-255,5738,272253,13,301339
557,0.015812,172.31.36.0-255,66,272319,13,301339
558,0.018431,74.125.24.0-255,5738,278057,13,301339
559,0.018441,172.31.36.0-255,66,278123,13,301339
560,0.021027,74.125.24.0-255,5738,283861,13,301339
561,0.021036,172.31.36.0-255,66,283927,13,301339
562,0.023669,74.125.24.0-255,5738,289665,13,301339
563,0.023678,172.31.36.0-255,66,289731,13,301339
564,0.026284,74.125.24.0-255,5738,295469,13,301339
565,0.026292,172.31.36.0-255,66,295535,13,301339
566,0.028894,74.125.24.0-255,5738,301273,13,301339
567,0.028905,172.31.36.0-255,66,301339,13,301339
568,0.0,172.217.27.0-255,298,298,13,322900
569,1.7e-05,172.31.36.0-255,66,364,13,322900
570,2.3e-05,172.217.27.0-255,1484,1848,13,322900
571,2.7e-05,172.31.36.0-255,66,1914,13,322900
572,3.4e-05,172.217.27.0-255,4320,6234,13,322900
573,3.7e-05,172.31.36.0-255,66,6300,13,322900
574,4.2e-05,172.217.27.0-255,2902,9202,13,322900
575,4.4e-05,172.31.36.0-255,66,9268,13,322900
576,6.8e-05,172.217.27.0-255,2902,12170,13,322900
577,7e-05,172.31.36.0-255,66,12236,13,322900
578,7.8e-05,172.217.27.0-255,6139,18375,13,322900
579,8e-05,172.31.36.0-255,66,18441,13,322900
580,8.7e-05,172.217.27.0-255,7156,25597,13,322900
581,9e-05,172.31.36.0-255,66,25663,13,322900
582,0.00011,172.217.27.0-255,5379,31042,13,322900
583,0.000113,172.31.36.0-255,66,31108,13,322900
584,0.000174,172.217.27.0-255,1484,32592,13,322900
585,0.000177,172.31.36.0-255,66,32658,13,322900
586,0.000181,172.217.27.0-255,2902,35560,13,322900
587,0.000183,172.31.36.0-255,66,35626,13,322900
588,0.000214,172.217.27.0-255,5738,41364,13,322900
589,0.000217,172.31.36.0-255,66,41430,13,322900
590,0.000255,172.217.27.0-255,7156,48586,13,322900
591,0.000257,172.31.36.0-255,66,48652,13,322900
592,0.000277,172.217.27.0-255,5738,54390,13,322900
593,0.00028,172.31.36.0-255,66,54456,13,322900
594,0.000288,172.217.27.0-255,8574,63030,13,322900
595,0.000291,172.31.36.0-255,66,63096,13,322900
596,0.000295,172.217.27.0-255,2471,65567,13,322900
597,0.000297,172.31.36.0-255,66,65633,13,322900
598,0.000526,172.217.27.0-255,140,65773,13,322900
599,0.000531,172.31.36.0-255,66,65839,13,322900
600,0.000782,172.217.27.0-255,1484,67323,13,322900
601,0.00079,172.217.27.0-255,2902,70225,13,322900
602,0.000793,172.31.36.0-255,66,70291,13,322900
603,0.000797,172.217.27.0-255,2902,73193,13,322900
604,0.000799,172.31.36.0-255,66,73259,13,322900
605,0.000815,172.217.27.0-255,2902,76161,13,322900
606,0.000817,172.31.36.0-255,66,76227,13,322900
607,0.000832,172.217.27.0-255,2902,79129,13,322900
608,0.000834,172.31.36.0-255,66,79195,13,322900
609,0.000859,172.217.27.0-255,9992,89187,13,322900
610,0.000862,172.31.36.0-255,66,89253,13,322900
611,0.000865,172.217.27.0-255,1484,90737,13,322900
612,0.000895,172.217.27.0-255,9274,100011,13,322900
613,0.000898,172.31.36.0-255,66,100077,13,322900
614,0.00098,172.217.27.0-255,1484,101561,13,322900
615,0.000985,172.217.27.0-255,2902,104463,13,322900
616,0.000988,172.31.36.0-255,66,104529,13,322900
617,0.000993,172.217.27.0-255,2902,107431,13,322900
618,0.000995,172.31.36.0-255,66,107497,13,322900
619,0.00101,172.217.27.0-255,2902,110399,13,322900
620,0.001015,172.217.27.0-255,4320,114719,13,322900
621,0.001019,172.31.36.0-255,66,114785,13,322900
622,0.001022,172.31.36.0-255,66,114851,13,322900
623,0.001048,172.217.27.0-255,8574,123425,13,322900
624,0.001051,172.31.36.0-255,66,123491,13,322900
625,0.001061,172.217.27.0-255,10692,134183,13,322900
626,0.001064,172.31.36.0-255,66,134249,13,322900
627,0.001073,172.217.27.0-255,8574,142823,13,322900
628,0.001075,172.31.36.0-255,66,142889,13,322900
629,0.001094,172.217.27.0-255,2902,145791,13,322900
630,0.001096,172.31.36.0-255,66,145857,13,322900
631,0.001102,172.217.27.0-255,4320,150177,13,322900
632,0.001104,172.31.36.0-255,66,150243,13,322900
633,0.001124,172.217.27.0-255,7156,157399,13,322900
634,0.001127,172.31.36.0-255,66,157465,13,322900
635,0.00115,172.217.27.0-255,2902,160367,13,322900
636,0.001152,172.31.36.0-255,66,160433,13,322900
637,0.001177,172.217.27.0-255,7856,168289,13,322900
638,0.00118,172.31.36.0-255,66,168355,13,322900
639,0.001208,172.217.27.0-255,4320,172675,13,322900
640,0.001211,172.31.36.0-255,66,172741,13,322900
641,0.001235,172.217.27.0-255,7156,179897,13,322900
642,0.00124,172.217.27.0-255,4320,184217,13,322900
643,0.001244,172.31.36.0-255,66,184283,13,322900
644,0.001247,172.31.36.0-255,66,184349,13,322900
645,0.001263,172.217.27.0-255,2902,187251,13,322900
646,0.001265,172.31.36.0-255,66,187317,13,322900
647,0.001274,172.217.27.0-255,8574,195891,13,322900
648,0.001276,172.31.36.0-255,66,195957,13,322900
649,0.001282,172.217.27.0-255,6139,202096,13,322900
650,0.001284,172.31.36.0-255,66,202162,13,322900
651,0.001355,172.217.27.0-255,1484,203646,13,322900
652,0.001358,172.217.27.0-255,1484,205130,13,322900
653,0.001361,172.31.36.0-255,66,205196,13,322900
654,0.001379,172.217.27.0-255,1484,206680,13,322900
655,0.001386,172.217.27.0-255,5738,212418,13,322900
656,0.001388,172.31.36.0-255,66,212484,13,322900
657,0.001405,172.217.27.0-255,4320,216804,13,322900
658,0.001409,172.31.36.0-255,66,216870,13,322900
659,0.001422,172.217.27.0-255,4320,221190,13,322900
660,0.001425,172.31.36.0-255,66,221256,13,322900
661,0.001433,172.217.27.0-255,7156,228412,13,322900
662,0.001435,172.31.36.0-255,66,228478,13,322900
663,0.001458,172.217.27.0-255,2902,231380,13,322900
664,0.001464,172.217.27.0-255,5020,236400,13,322900
665,0.001503,172.31.36.0-255,66,236466,13,322900
666,0.001506,172.31.36.0-255,66,236532,13,322900
667,0.003265,172.217.27.0-255,5738,242270,13,322900
668,0.003272,172.31.36.0-255,66,242336,13,322900
669,0.00504,172.217.27.0-255,5738,248074,13,322900
670,0.005044,172.31.36.0-255,66,248140,13,322900
671,0.006803,172.217.27.0-255,5738,253878,13,322900
672,0.00681,172.31.36.0-255,66,253944,13,322900
673,0.00858,172.217.27.0-255,5738,259682,13,322900
674,0.008586,172.31.36.0-255,66,259748,13,322900
675,0.010346,172.217.27.0-255,4320,264068,13,322900
676,0.010351,172.31.36.0-255,66,264134,13,322900
677,0.010366,172.217.27.0-255,1484,265618,13,322900
678,0.012112,172.217.27.0-255,4320,269938,13,322900
679,0.012119,172.31.36.0-255,66,270004,13,322900
680,0.01389,172.217.27.0-255,5738,275742,13,322900
681,0.013898,172.31.36.0-255,66,275808,13,322900
682,0.015655,172.217.27.0-255,2902,278710,13,322900
683,0.015662,172.31.36.0-255,66,278776,13,322900
684,0.015683,172.217.27.0-255,2902,281678,13,322900
685,0.015686,172.31.36.0-255,66,281744,13,322900
686,0.017425,172.217.27.0-255,2902,284646,13,322900
687,0.017432,172.31.36.0-255,66,284712,13,322900
688,0.017456,172.217.27.0-255,2902,287614,13,322900
689,0.017459,172.31.36.0-255,66,287680,13,322900
690,0.019198,172.217.27.0-255,2902,290582,13,322900
691,0.019207,172.31.36.0-255,66,290648,13,322900
692,0.019228,172.217.27.0-255,2902,293550,13,322900
693,0.019231,172.31.36.0-255,66,293616,13,322900
694,0.020981,172.217.27.0-255,5738,299354,13,322900
695,0.02099,172.31.36.0-255,66,299420,13,322900
696,0.022765,172.217.27.0-255,2902,302322,13,322900
697,0.022771,172.31.36.0-255,66,302388,13,322900
698,0.022791,172.217.27.0-255,2902,305290,13,322900
699,0.022793,172.31.36.0-255,66,305356,13,322900
700,0.024524,172.217.27.0-255,2902,308258,13,322900
701,0.02453,172.31.36.0-255,66,308324,13,322900
702,0.024551,172.217.27.0-255,2902,311226,13,322900
703,0.024553,172.31.36.0-255,66,311292,13,322900
704,0.026442,172.217.27.0-255,5738,317030,13,322900
705,0.02645,172.31.36.0-255,66,317096,13,322900
706,0.028238,172.217.27.0-255,5738,322834,13,322900
707,0.028245,172.31.36.0-255,66,322900,13,322900
708,0.0,74.125.24.0-255,153,153,13,299132
709,3.2e-05,172.31.36.0-255,66,219,13,299132
710,4e-05,74.125.24.0-255,1484,1703,13,299132
711,4.5e-05,172.31.36.0-255,66,1769,13,299132
712,5.7e-05,74.125.24.0-255,2902,4671,13,299132
713,6e-05,172.31.36.0-255,66,4737,13,299132
714,6.8e-05,74.125.24.0-255,7156,11893,13,299132
715,7.1e-05,172.31.36.0-255,66,11959,13,299132
716,7.5e-05,74.125.24.0-255,2013,13972,13,299132
717,7.7e-05,172.31.36.0-255,66,14038,13,299132
718,0.000128,74.125.24.0-255,1484,15522,13,299132
719,0.000131,172.31.36.0-255,66,15588,13,299132
720,0.000137,74.125.24.0-255,2902,18490,13,299132
721,0.000139,172.31.36.0-255,66,18556,13,299132
722,0.000142,74.125.24.0-255,1484,20040,13,299132
723,0.00015,172.31.36.0-255,66,20106,13,299132
724,0.000185,74.125.24.0-255,4320,24426,13,299132
725,0.000189,172.31.36.0-255,66,24492,13,299132
726,0.000197,74.125.24.0-255,6797,31289,13,299132
727,0.0002,172.31.36.0-255,66,31355,13,299132
728,0.000237,74.125.24.0-255,2902,34257,13,299132
729,0.00024,172.31.36.0-255,66,34323,13,299132
730,0.000271,74.125.24.0-255,4320,38643,13,299132
731,0.000274,172.31.36.0-255,66,38709,13,299132
732,0.000283,74.125.24.0-255,8574,47283,13,299132
733,0.000291,172.31.36.0-255,66,47349,13,299132
734,0.000294,74.125.24.0-255,1125,48474,13,299132
735,0.000297,172.31.36.0-255,66,48540,13,299132
736,0.000343,74.125.24.0-255,4320,52860,13,299132
737,0.000348,172.31.36.0-255,66,52926,13,299132
738,0.000378,74.125.24.0-255,7156,60082,13,299132
739,0.000381,172.31.36.0-255,66,60148,13,299132
740,0.00041,74.125.24.0-255,4320,64468,13,299132
741,0.000418,172.31.36.0-255,66,64534,13,299132
742,0.00043,74.125.24.0-255,1766,66300,13,299132
743,0.000446,172.31.36.0-255,66,66366,13,299132
744,0.000651,74.125.24.0-255,1484,67850,13,299132
745,0.000657,74.125.24.0-255,2902,70752,13,299132
746,0.000659,74.125.24.0-255,1484,72236,13,299132
747,0.000663,172.31.36.0-255,66,72302,13,299132
748,0.000692,74.125.24.0-255,4320,76622,13,299132
749,0.000701,74.125.24.0-255,8574,85196,13,299132
750,0.0007,172.31.36.0-255,66,85262,13,299132
751,0.000706,172.31.36.0-255,66,85328,13,299132
752,0.000722,74.125.24.0-255,4320,89648,13,299132
753,0.000733,74.125.24.0-255,10692,100340,13,299132
754,0.000732,172.31.36.0-255,66,100406,13,299132
755,0.000736,172.31.36.0-255,66,100472,13,299132
756,0.000929,74.125.24.0-255,1484,101956,13,299132
757,0.000951,74.125.24.0-255,2902,104858,13,299132
758,0.000954,172.31.36.0-255,66,104924,13,299132
759,0.000961,74.125.24.0-255,5738,110662,13,299132
760,0.000977,172.31.36.0-255,66,110728,13,299132
761,0.001011,172.31.36.0-255,66,110794,13,299132
762,0.001065,74.125.24.0-255,10692,121486,13,299132
763,0.001075,172.31.36.0-255,66,121552,13,299132
764,0.001179,74.125.24.0-255,1484,123036,13,299132
765,0.001184,74.125.24.0-255,2902,125938,13,299132
766,0.001188,172.31.36.0-255,66,126004,13,299132
767,0.001214,74.125.24.0-255,4320,130324,13,299132
768,0.001218,74.125.24.0-255,1484,131808,13,299132
769,0.001224,172.31.36.0-255,66,131874,13,299132
770,0.001251,74.125.24.0-255,4320,136194,13,299132
771,0.001264,172.31.36.0-255,66,136260,13,299132
772,0.001268,74.125.24.0-255,7156,143416,13,299132
773,0.001278,172.31.36.0-255,66,143482,13,299132
774,0.001291,74.125.24.0-255,4320,147802,13,299132
775,0.001303,74.125.24.0-255,7856,155658,13,299132
776,0.001302,172.31.36.0-255,66,155724,13,299132
777,0.001306,172.31.36.0-255,66,155790,13,299132
778,0.001477,74.125.24.0-255,1484,157274,13,299132
779,0.001483,74.125.24.0-255,2902,160176,13,299132
780,0.001486,172.31.36.0-255,66,160242,13,299132
781,0.0015,74.125.24.0-255,5738,165980,13,299132
782,0.001509,172.31.36.0-255,66,166046,13,299132
783,0.001513,74.125.24.0-255,7156,173202,13,299132
784,0.001524,172.31.36.0-255,66,173268,13,299132
785,0.001541,74.125.24.0-255,2902,176170,13,299132
786,0.001548,172.31.36.0-255,66,176236,13,299132
787,0.001576,74.125.24.0-255,2184,178420,13,299132
788,0.001579,74.125.24.0-255,2902,181322,13,299132
789,0.001581,172.31.36.0-255,66,181388,13,299132
790,0.001585,74.125.24.0-255,5738,187126,13,299132
791,0.001586,172.31.36.0-255,66,187192,13,299132
792,0.001599,172.31.36.0-255,66,187258,13,299132
793,0.001608,74.125.24.0-255,1484,188742,13,299132
794,0.001634,172.31.36.0-255,66,188808,13,299132
795,0.001659,74.125.24.0-255,1484,190292,13,299132
796,0.001673,74.125.24.0-255,7856,198148,13,299132
797,0.001679,172.31.36.0-255,66,198214,13,299132
798,0.002129,74.125.24.0-255,1484,199698,13,299132
799,0.002135,74.125.24.0-255,2902,202600,13,299132
800,0.002138,172.31.36.0-255,66,202666,13,299132
801,0.002141,74.125.24.0-255,1484,204150,13,299132
802,0.002165,74.125.24.0-255,4320,208470,13,299132
803,0.002171,74.125.24.0-255,4320,212790,13,299132
804,0.002182,172.31.36.0-255,66,212856,13,299132
805,0.00221,74.125.24.0-255,4320,217176,13,299132
806,0.00222,74.125.24.0-255,9992,227168,13,299132
807,0.002226,74.125.24.0-255,5020,232188,13,299132
808,0.002299,74.125.24.0-255,1484,233672,13,299132
809,0.002316,74.125.24.0-255,2902,236574,13,299132
810,0.00233,74.125.24.0-255,2902,239476,13,299132
811,0.002342,74.125.24.0-255,2902,242378,13,299132
812,0.002364,74.125.24.0-255,5738,248116,13,299132
813,0.008029,172.31.36.0-255,66,248182,13,299132
814,0.010359,74.125.24.0-255,5738,253920,13,299132
815,0.010367,172.31.36.0-255,66,253986,13,299132
816,0.0127,74.125.24.0-255,5738,259724,13,299132
817,0.012708,172.31.36.0-255,66,259790,13,299132
818,0.015037,74.125.24.0-255,5738,265528,13,299132
819,0.015044,172.31.36.0-255,66,265594,13,299132
820,0.017402,74.125.24.0-255,5738,271332,13,299132
821,0.017408,172.31.36.0-255,66,271398,13,299132
822,0.0197,74.125.24.0-255,5738,277136,13,299132
823,0.019707,172.31.36.0-255,66,277202,13,299132
824,0.022027,74.125.24.0-255,5738,282940,13,299132
825,0.022034,172.31.36.0-255,66,283006,13,299132
826,0.024374,74.125.24.0-255,4320,287326,13,299132
827,0.024384,172.31.36.0-255,66,287392,13,299132
828,0.024426,74.125.24.0-255,1484,288876,13,299132
829,0.026696,74.125.24.0-255,4320,293196,13,299132
830,0.026704,172.31.36.0-255,66,293262,13,299132
831,0.029027,74.125.24.0-255,4320,297582,13,299132
832,0.029032,172.31.36.0-255,66,297648,13,299132
833,0.029061,74.125.24.0-255,1484,299132,13,299132
834,0.0,172.31.36.0-255,105,105,13,459
835,0.000241,172.31.36.0-255,90,195,13,459
836,0.000252,172.31.36.0-255,66,261,13,459
837,0.002678,172.217.194.0-255,66,327,13,459
838,0.002712,172.217.194.0-255,66,393,13,459
839,0.002737,172.31.36.0-255,66,459,13,459
840,0.0,74.125.24.0-255,157,157,13,284078
841,3.2e-05,172.31.36.0-255,66,223,13,284078
842,3.9e-05,74.125.24.0-255,1484,1707,13,284078
843,4.4e-05,172.31.36.0-255,66,1773,13,284078
844,5.7e-05,74.125.24.0-255,2902,4675,13,284078
845,6e-05,172.31.36.0-255,66,4741,13,284078
846,6.7e-05,74.125.24.0-255,7156,11897,13,284078
847,7e-05,172.31.36.0-255,66,11963,13,284078
848,7.4e-05,74.125.24.0-255,2029,13992,13,284078
849,7.6e-05,172.31.36.0-255,66,14058,13,284078
850,0.000541,74.125.24.0-255,1484,15542,13,284078
851,0.000547,172.31.36.0-255,66,15608,13,284078
852,0.000557,74.125.24.0-255,2902,18510,13,284078
853,0.00056,172.31.36.0-255,66,18576,13,284078
854,0.000574,74.125.24.0-255,5738,24314,13,284078
855,0.000577,172.31.36.0-255,66,24380,13,284078
856,0.000609,74.125.24.0-255,6797,31177,13,284078
857,0.000613,172.31.36.0-255,66,31243,13,284078
858,0.00072,74.125.24.0-255,1484,32727,13,284078
859,0.000725,172.31.36.0-255,66,32793,13,284078
860,0.000731,74.125.24.0-255,2902,35695,13,284078
861,0.000733,172.31.36.0-255,66,35761,13,284078
862,0.000738,74.125.24.0-255,2902,38663,13,284078
863,0.000745,172.31.36.0-255,66,38729,13,284078
864,0.000758,74.125.24.0-255,2902,41631,13,284078
865,0.000761,172.31.36.0-255,66,41697,13,284078
866,0.000769,74.125.24.0-255,1484,43181,13,284078
867,0.000771,172.31.36.0-255,66,43247,13,284078
868,0.000776,74.125.24.0-255,4320,47567,13,284078
869,0.000778,172.31.36.0-255,66,47633,13,284078
870,0.000815,74.125.24.0-255,5379,53012,13,284078
871,0.000819,172.31.36.0-255,66,53078,13,284078
872,0.000824,74.125.24.0-255,2902,55980,13,284078
873,0.000825,172.31.36.0-255,66,56046,13,284078
874,0.000865,74.125.24.0-255,9633,65679,13,284078
875,0.000869,172.31.36.0-255,66,65745,13,284078
876,0.000872,74.125.24.0-255,398,66143,13,284078
877,0.000892,74.125.24.0-255,344,66487,13,284078
878,0.001179,74.125.24.0-255,1484,67971,13,284078
879,0.001184,172.31.36.0-255,66,68037,13,284078
880,0.001214,74.125.24.0-255,2902,70939,13,284078
881,0.001217,172.31.36.0-255,66,71005,13,284078
882,0.001223,74.125.24.0-255,5738,76743,13,284078
883,0.001225,172.31.36.0-255,66,76809,13,284078
884,0.001248,74.125.24.0-255,1484,78293,13,284078
885,0.001273,74.125.24.0-255,7156,85449,13,284078
886,0.001276,172.31.36.0-255,66,85515,13,284078
887,0.001308,74.125.24.0-255,4320,89835,13,284078
888,0.001312,172.31.36.0-255,66,89901,13,284078
889,0.001322,74.125.24.0-255,10692,100593,13,284078
890,0.001331,172.31.36.0-255,66,100659,13,284078
891,0.001413,74.125.24.0-255,1484,102143,13,284078
892,0.001419,74.125.24.0-255,2902,105045,13,284078
893,0.001422,172.31.36.0-255,66,105111,13,284078
894,0.00145,74.125.24.0-255,5738,110849,13,284078
895,0.001453,172.31.36.0-255,66,110915,13,284078
896,0.001458,74.125.24.0-255,2902,113817,13,284078
897,0.00146,172.31.36.0-255,66,113883,13,284078
898,0.001488,74.125.24.0-255,9992,123875,13,284078
899,0.001496,172.31.36.0-255,66,123941,13,284078
900,0.001506,74.125.24.0-255,9992,133933,13,284078
901,0.001509,172.31.36.0-255,66,133999,13,284078
902,0.001535,74.125.24.0-255,766,134765,13,284078
903,0.001777,172.31.36.0-255,66,134831,13,284078
904,0.001777,74.125.24.0-255,1484,136315,13,284078
905,0.001809,74.125.24.0-255,2902,139217,13,284078
906,0.001812,172.31.36.0-255,66,139283,13,284078
907,0.001819,74.125.24.0-255,5738,145021,13,284078
908,0.001821,172.31.36.0-255,66,145087,13,284078
909,0.001874,172.31.36.0-255,66,145153,13,284078
910,0.001881,74.125.24.0-255,7156,152309,13,284078
911,0.001883,172.31.36.0-255,66,152375,13,284078
912,0.001923,74.125.24.0-255,3602,155977,13,284078
913,0.001927,172.31.36.0-255,66,156043,13,284078
914,0.001975,74.125.24.0-255,1484,157527,13,284078
915,0.00198,74.125.24.0-255,2902,160429,13,284078
916,0.001983,172.31.36.0-255,66,160495,13,284078
917,0.00201,74.125.24.0-255,5738,166233,13,284078
918,0.002013,172.31.36.0-255,66,166299,13,284078
919,0.002044,74.125.24.0-255,5738,172037,13,284078
920,0.002047,172.31.36.0-255,66,172103,13,284078
921,0.002076,74.125.24.0-255,7156,179259,13,284078
922,0.002079,172.31.36.0-255,66,179325,13,284078
923,0.002084,74.125.24.0-255,2902,182227,13,284078
924,0.002085,172.31.36.0-255,66,182293,13,284078
925,0.002124,74.125.24.0-255,7156,189449,13,284078
926,0.002128,172.31.36.0-255,66,189515,13,284078
927,0.002131,74.125.24.0-255,766,190281,13,284078
928,0.002197,74.125.24.0-255,1484,191765,13,284078
929,0.0022,172.31.36.0-255,66,191831,13,284078
930,0.002205,74.125.24.0-255,4320,196151,13,284078
931,0.002207,172.31.36.0-255,66,196217,13,284078
932,0.002219,74.125.24.0-255,5738,201955,13,284078
933,0.002221,172.31.36.0-255,66,202021,13,284078
934,0.002233,172.31.36.0-255,66,202087,13,284078
935,0.002243,74.125.24.0-255,10692,212779,13,284078
936,0.002245,172.31.36.0-255,66,212845,13,284078
937,0.004435,74.125.24.0-255,5738,218583,13,284078
938,0.004442,172.31.36.0-255,66,218649,13,284078
939,0.00661,74.125.24.0-255,4320,222969,13,284078
940,0.006613,172.31.36.0-255,66,223035,13,284078
941,0.006637,74.125.24.0-255,1484,224519,13,284078
942,0.008805,74.125.24.0-255,2902,227421,13,284078
943,0.008812,172.31.36.0-255,66,227487,13,284078
944,0.008852,74.125.24.0-255,1484,228971,13,284078
945,0.010979,74.125.24.0-255,4320,233291,13,284078
946,0.010987,172.31.36.0-255,66,233357,13,284078
947,0.013161,74.125.24.0-255,5738,239095,13,284078
948,0.013169,172.31.36.0-255,66,239161,13,284078
949,0.015348,74.125.24.0-255,5738,244899,13,284078
950,0.015356,172.31.36.0-255,66,244965,13,284078
951,0.017556,74.125.24.0-255,5738,250703,13,284078
952,0.017569,172.31.36.0-255,66,250769,13,284078
953,0.019741,74.125.24.0-255,5738,256507,13,284078
954,0.019751,172.31.36.0-255,66,256573,13,284078
955,0.021932,74.125.24.0-255,5738,262311,13,284078
956,0.02194,172.31.36.0-255,66,262377,13,284078
957,0.02411,74.125.24.0-255,5738,268115,13,284078
958,0.024119,172.31.36.0-255,66,268181,13,284078
959,0.026288,74.125.24.0-255,5738,273919,13,284078
960,0.026296,172.31.36.0-255,66,273985,13,284078
961,0.02784,172.31.36.0-255,172,274157,13,284078
962,0.027869,172.31.36.0-255,1110,275267,13,284078
963,0.027908,172.31.36.0-255,1514,276781,13,284078
964,0.02791,172.31.36.0-255,1295,278076,13,284078
965,0.028473,74.125.24.0-255,5738,283814,13,284078
966,0.028479,172.31.36.0-255,66,283880,13,284078
967,0.029487,104.244.42.0-255,66,283946,13,284078
968,0.029667,104.244.42.0-255,66,284012,13,284078
969,0.02967,104.244.42.0-255,66,284078,13,284078
970,0.0,74.125.24.0-255,630,630,13,1022
971,0.001245,74.125.24.0-255,97,727,13,1022
972,0.001256,172.31.36.0-255,66,793,13,1022
973,0.005467,172.31.36.0-255,97,890,13,1022
974,0.006086,74.125.24.0-255,66,956,13,1022
975,0.00767,74.125.24.0-255,66,1022,13,1022
976,0.0,172.31.36.0-255,105,105,13,276
977,0.001606,157.240.13.0-255,105,210,13,276
978,0.001621,172.31.36.0-255,66,276,13,276
979,0.0,74.125.200.0-255,153,153,13,248967
980,3.5e-05,172.31.36.0-255,66,219,13,248967
981,4.3e-05,74.125.200.0-255,1484,1703,13,248967
982,4.8e-05,172.31.36.0-255,66,1769,13,248967
983,5.1e-05,74.125.200.0-255,1484,3253,13,248967
984,6e-05,172.31.36.0-255,66,3319,13,248967
985,9.4e-05,74.125.200.0-255,1484,4803,13,248967
986,9.7e-05,172.31.36.0-255,66,4869,13,248967
987,0.000107,74.125.200.0-255,5738,10607,13,248967
988,0.000115,172.31.36.0-255,66,10673,13,248967
989,0.00012,74.125.200.0-255,3494,14167,13,248967
990,0.000123,172.31.36.0-255,66,14233,13,248967
991,0.000128,74.125.200.0-255,4320,18553,13,248967
992,0.00013,172.31.36.0-255,66,18619,13,248967
993,0.000141,74.125.200.0-255,9992,28611,13,248967
994,0.000143,172.31.36.0-255,66,28677,13,248967
995,0.000148,74.125.200.0-255,2543,31220,13,248967
996,0.000151,172.31.36.0-255,66,31286,13,248967
997,0.000299,74.125.200.0-255,1484,32770,13,248967
998,0.000303,172.31.36.0-255,66,32836,13,248967
999,0.000309,74.125.200.0-255,2902,35738,13,248967
1000,0.000311,172.31.36.0-255,66,35804,13,248967
1001,0.000335,74.125.200.0-255,4320,40124,13,248967
1002,0.000339,172.31.36.0-255,66,40190,13,248967
1003,0.000347,74.125.200.0-255,1484,41674,13,248967
1004,0.00035,172.31.36.0-255,66,41740,13,248967
1005,0.000364,74.125.200.0-255,4320,46060,13,248967
1006,0.000367,172.31.36.0-255,66,46126,13,248967
1007,0.000396,74.125.200.0-255,3961,50087,13,248967
1008,0.000399,172.31.36.0-255,66,50153,13,248967
1009,0.000405,74.125.200.0-255,4320,54473,13,248967
1010,0.000408,172.31.36.0-255,66,54539,13,248967
1011,0.000411,74.125.200.0-255,1484,56023,13,248967
1012,0.000452,74.125.200.0-255,8574,64597,13,248967
1013,0.000455,172.31.36.0-255,66,64663,13,248967
1014,0.000459,74.125.200.0-255,1393,66056,13,248967
1015,0.000462,74.125.200.0-255,417,66473,13,248967
1016,0.000464,172.31.36.0-255,66,66539,13,248967
1017,0.000645,74.125.200.0-255,1484,68023,13,248967
1018,0.000678,74.125.200.0-255,2902,70925,13,248967
1019,0.000682,172.31.36.0-255,66,70991,13,248967
1020,0.000709,74.125.200.0-255,4320,75311,13,248967
1021,0.000712,172.31.36.0-255,66,75377,13,248967
1022,0.000718,74.125.200.0-255,5738,81115,13,248967
1023,0.00072,172.31.36.0-255,66,81181,13,248967
1024,0.000758,172.31.36.0-255,66,81247,13,248967
1025,0.000763,74.125.200.0-255,4320,85567,13,248967
1026,0.000766,172.31.36.0-255,66,85633,13,248967
1027,0.000799,74.125.200.0-255,3602,89235,13,248967
1028,0.000803,172.31.36.0-255,66,89301,13,248967
1029,0.000948,74.125.200.0-255,1484,90785,13,248967
1030,0.000955,74.125.200.0-255,2902,93687,13,248967
1031,0.000958,172.31.36.0-255,66,93753,13,248967
1032,0.000987,74.125.200.0-255,5738,99491,13,248967
1033,0.000991,172.31.36.0-255,66,99557,13,248967
1034,0.001013,74.125.200.0-255,7156,106713,13,248967
1035,0.001016,172.31.36.0-255,66,106779,13,248967
1036,0.001023,74.125.200.0-255,7156,113935,13,248967
1037,0.001025,172.31.36.0-255,66,114001,13,248967
1038,0.001059,74.125.200.0-255,1484,115485,13,248967
1039,0.001067,74.125.200.0-255,7856,123341,13,248967
1040,0.00107,172.31.36.0-255,66,123407,13,248967
1041,0.001487,74.125.200.0-255,1484,124891,13,248967
1042,0.001535,74.125.200.0-255,2902,127793,13,248967
1043,0.00154,172.31.36.0-255,66,127859,13,248967
1044,0.001544,74.125.200.0-255,1484,129343,13,248967
1045,0.001605,74.125.200.0-255,2902,132245,13,248967
1046,0.001608,172.31.36.0-255,66,132311,13,248967
1047,0.001612,74.125.200.0-255,1484,133795,13,248967
1048,0.001615,74.125.200.0-255,1484,135279,13,248967
1049,0.001617,172.31.36.0-255,66,135345,13,248967
1050,0.001649,74.125.200.0-255,1484,136829,13,248967
1051,0.001656,74.125.200.0-255,5738,142567,13,248967
1052,0.001659,172.31.36.0-255,66,142633,13,248967
1053,0.001665,74.125.200.0-255,4320,146953,13,248967
1054,0.001667,172.31.36.0-255,66,147019,13,248967
1055,0.001679,74.125.200.0-255,4320,151339,13,248967
1056,0.001682,172.31.36.0-255,66,151405,13,248967
1057,0.001709,74.125.200.0-255,1484,152889,13,248967
1058,0.001721,74.125.200.0-255,5020,157909,13,248967
1059,0.001724,172.31.36.0-255,66,157975,13,248967
1060,0.001926,74.125.200.0-255,1484,159459,13,248967
1061,0.001943,74.125.200.0-255,2902,162361,13,248967
1062,0.001948,172.31.36.0-255,66,162427,13,248967
1063,0.00198,74.125.200.0-255,5738,168165,13,248967
1064,0.001983,172.31.36.0-255,66,168231,13,248967
1065,0.001991,74.125.200.0-255,7156,175387,13,248967
1066,0.001993,172.31.36.0-255,66,175453,13,248967
1067,0.002046,74.125.200.0-255,1484,176937,13,248967
1068,0.002051,172.31.36.0-255,66,177003,13,248967
1069,0.002083,74.125.200.0-255,3602,180605,13,248967
1070,0.002087,172.31.36.0-255,66,180671,13,248967
1071,0.004315,74.125.200.0-255,5738,186409,13,248967
1072,0.004323,172.31.36.0-255,66,186475,13,248967
1073,0.006548,74.125.200.0-255,5738,192213,13,248967
1074,0.006555,172.31.36.0-255,66,192279,13,248967
1075,0.008783,74.125.200.0-255,5738,198017,13,248967
1076,0.008789,172.31.36.0-255,66,198083,13,248967
1077,0.011027,74.125.200.0-255,5738,203821,13,248967
1078,0.011036,172.31.36.0-255,66,203887,13,248967
1079,0.013269,74.125.200.0-255,4320,208207,13,248967
1080,0.013277,172.31.36.0-255,66,208273,13,248967
1081,0.013312,74.125.200.0-255,1484,209757,13,248967
1082,0.015517,74.125.200.0-255,4320,214077,13,248967
1083,0.015526,172.31.36.0-255,66,214143,13,248967
1084,0.017762,74.125.200.0-255,5738,219881,13,248967
1085,0.017773,172.31.36.0-255,66,219947,13,248967
1086,0.020007,74.125.200.0-255,5738,225685,13,248967
1087,0.020015,172.31.36.0-255,66,225751,13,248967
1088,0.022261,74.125.200.0-255,5738,231489,13,248967
1089,0.022269,172.31.36.0-255,66,231555,13,248967
1090,0.024531,74.125.200.0-255,5738,237293,13,248967
1091,0.024552,172.31.36.0-255,66,237359,13,248967
1092,0.026811,74.125.200.0-255,5738,243097,13,248967
1093,0.026828,172.31.36.0-255,66,243163,13,248967
1094,0.029074,74.125.200.0-255,5738,248901,13,248967
1095,0.029092,172.31.36.0-255,66,248967,13,248967
1096,0.0,74.125.24.0-255,146,146,13,160870
1097,2.3e-05,172.31.36.0-255,66,212,13,160870
1098,4.7e-05,74.125.24.0-255,1484,1696,13,160870
1099,5.1e-05,172.31.36.0-255,66,1762,13,160870
1100,7.3e-05,74.125.24.0-255,2902,4664,13,160870
1101,7.5e-05,172.31.36.0-255,66,4730,13,160870
1102,9.7e-05,74.125.24.0-255,5738,10468,13,160870
1103,9.9e-05,172.31.36.0-255,66,10534,13,160870
1104,0.000132,74.125.24.0-255,4320,14854,13,160870
1105,0.000135,172.31.36.0-255,66,14920,13,160870
1106,0.00016,74.125.24.0-255,6339,21259,13,160870
1107,0.000163,172.31.36.0-255,66,21325,13,160870
1108,0.000168,74.125.24.0-255,4320,25645,13,160870
1109,0.00017,172.31.36.0-255,66,25711,13,160870
1110,0.000189,74.125.24.0-255,5379,31090,13,160870
1111,0.000192,172.31.36.0-255,66,31156,13,160870
1112,0.000483,74.125.24.0-255,1484,32640,13,160870
1113,0.000487,172.31.36.0-255,66,32706,13,160870
1114,0.000504,74.125.24.0-255,1484,34190,13,160870
1115,0.000506,172.31.36.0-255,66,34256,13,160870
1116,0.000529,74.125.24.0-255,1484,35740,13,160870
1117,0.000531,172.31.36.0-255,66,35806,13,160870
1118,0.000537,74.125.24.0-255,5738,41544,13,160870
1119,0.000539,172.31.36.0-255,66,41610,13,160870
1120,0.000543,74.125.24.0-255,2902,44512,13,160870
1121,0.000547,172.31.36.0-255,66,44578,13,160870
1122,0.000574,74.125.24.0-255,7156,51734,13,160870
1123,0.000577,172.31.36.0-255,66,51800,13,160870
1124,0.000585,74.125.24.0-255,8574,60374,13,160870
1125,0.000587,172.31.36.0-255,66,60440,13,160870
1126,0.000606,74.125.24.0-255,2902,63342,13,160870
1127,0.000609,172.31.36.0-255,66,63408,13,160870
1128,0.000613,74.125.24.0-255,2184,65592,13,160870
1129,0.000615,172.31.36.0-255,66,65658,13,160870
1130,0.000627,74.125.24.0-255,361,66019,13,160870
1131,0.00063,172.31.36.0-255,66,66085,13,160870
1132,0.000914,74.125.24.0-255,130,66215,13,160870
1133,0.000917,172.31.36.0-255,66,66281,13,160870
1134,0.000963,74.125.24.0-255,1484,67765,13,160870
1135,0.000966,172.31.36.0-255,66,67831,13,160870
1136,0.000968,74.125.24.0-255,1484,69315,13,160870
1137,0.000971,172.31.36.0-255,66,69381,13,160870
1138,0.000982,74.125.24.0-255,1484,70865,13,160870
1139,0.000985,172.31.36.0-255,66,70931,13,160870
1140,0.000988,74.125.24.0-255,1484,72415,13,160870
1141,0.00099,172.31.36.0-255,66,72481,13,160870
1142,0.001022,74.125.24.0-255,4320,76801,13,160870
1143,0.001025,172.31.36.0-255,66,76867,13,160870
1144,0.001032,74.125.24.0-255,7156,84023,13,160870
1145,0.001034,172.31.36.0-255,66,84089,13,160870
1146,0.001084,172.31.36.0-255,66,84155,13,160870
1147,0.001109,74.125.24.0-255,2184,86339,13,160870
1148,0.001111,172.31.36.0-255,66,86405,13,160870
1149,0.003415,74.125.24.0-255,2902,89307,13,160870
1150,0.003422,172.31.36.0-255,66,89373,13,160870
1151,0.003445,74.125.24.0-255,2902,92275,13,160870
1152,0.003448,172.31.36.0-255,66,92341,13,160870
1153,0.00574,74.125.24.0-255,2902,95243,13,160870
1154,0.005746,172.31.36.0-255,66,95309,13,160870
1155,0.00576,74.125.24.0-255,2902,98211,13,160870
1156,0.005762,172.31.36.0-255,66,98277,13,160870
1157,0.00808,74.125.24.0-255,5738,104015,13,160870
1158,0.008086,172.31.36.0-255,66,104081,13,160870
1159,0.010412,74.125.24.0-255,5738,109819,13,160870
1160,0.010421,172.31.36.0-255,66,109885,13,160870
1161,0.012743,74.125.24.0-255,5738,115623,13,160870
1162,0.012754,172.31.36.0-255,66,115689,13,160870
1163,0.015098,74.125.24.0-255,5738,121427,13,160870
1164,0.015107,172.31.36.0-255,66,121493,13,160870
1165,0.017419,74.125.24.0-255,5738,127231,13,160870
1166,0.017427,172.31.36.0-255,66,127297,13,160870
1167,0.019839,74.125.24.0-255,5738,133035,13,160870
1168,0.019858,172.31.36.0-255,66,133101,13,160870
1169,0.022188,74.125.24.0-255,5738,138839,13,160870
1170,0.022203,172.31.36.0-255,66,138905,13,160870
1171,0.024553,74.125.24.0-255,5738,144643,13,160870
1172,0.024568,172.31.36.0-255,66,144709,13,160870
1173,0.026906,74.125.24.0-255,4320,149029,13,160870
1174,0.026915,172.31.36.0-255,66,149095,13,160870
1175,0.026935,74.125.24.0-255,1484,150579,13,160870
1176,0.026939,172.31.36.0-255,66,150645,13,160870
1177,0.02735,172.31.36.0-255,172,150817,13,160870
1178,0.027391,172.31.36.0-255,1110,151927,13,160870
1179,0.027465,172.31.36.0-255,1514,153441,13,160870
1180,0.027467,172.31.36.0-255,1295,154736,13,160870
1181,0.028928,104.244.42.0-255,66,154802,13,160870
1182,0.028957,104.244.42.0-255,66,154868,13,160870
1183,0.029049,104.244.42.0-255,66,154934,13,160870
1184,0.029228,74.125.24.0-255,2902,157836,13,160870
1185,0.029234,172.31.36.0-255,66,157902,13,160870
1186,0.029268,74.125.24.0-255,2902,160804,13,160870
1187,0.029271,172.31.36.0-255,66,160870,13,160870
1188,0.0,74.125.200.0-255,153,153,13,168730
1189,1.9e-05,172.31.36.0-255,66,219,13,168730
1190,2.5e-05,74.125.200.0-255,1484,1703,13,168730
1191,3e-05,172.31.36.0-255,66,1769,13,168730
1192,3.6e-05,74.125.200.0-255,2902,4671,13,168730
1193,3.9e-05,172.31.36.0-255,66,4737,13,168730
1194,6.2e-05,74.125.200.0-255,7156,11893,13,168730
1195,6.6e-05,172.31.36.0-255,66,11959,13,168730
1196,7e-05,74.125.200.0-255,2037,13996,13,168730
1197,7.3e-05,172.31.36.0-255,66,14062,13,168730
1198,0.00017,74.125.200.0-255,1484,15546,13,168730
1199,0.000173,172.31.36.0-255,66,15612,13,168730
1200,0.00019,74.125.200.0-255,2902,18514,13,168730
1201,0.000193,172.31.36.0-255,66,18580,13,168730
1202,0.0002,74.125.200.0-255,5738,24318,13,168730
1203,0.000203,172.31.36.0-255,66,24384,13,168730
1204,0.000215,74.125.200.0-255,1484,25868,13,168730
1205,0.000218,172.31.36.0-255,66,25934,13,168730
1206,0.000238,74.125.200.0-255,5379,31313,13,168730
1207,0.000241,172.31.36.0-255,66,31379,13,168730
1208,0.000275,74.125.200.0-255,7156,38535,13,168730
1209,0.000278,172.31.36.0-255,66,38601,13,168730
1210,0.000281,74.125.200.0-255,1484,40085,13,168730
1211,0.000283,172.31.36.0-255,66,40151,13,168730
1212,0.000305,74.125.200.0-255,7156,47307,13,168730
1213,0.000308,172.31.36.0-255,66,47373,13,168730
1214,0.000311,74.125.200.0-255,1125,48498,13,168730
1215,0.000314,172.31.36.0-255,66,48564,13,168730
1216,0.001504,74.125.200.0-255,1484,50048,13,168730
1217,0.001511,172.31.36.0-255,66,50114,13,168730
1218,0.001521,74.125.200.0-255,2902,53016,13,168730
1219,0.001524,172.31.36.0-255,66,53082,13,168730
1220,0.001532,74.125.200.0-255,5738,58820,13,168730
1221,0.001534,172.31.36.0-255,66,58886,13,168730
1222,0.001538,74.125.200.0-255,2902,61788,13,168730
1223,0.001541,172.31.36.0-255,66,61854,13,168730
1224,0.001547,74.125.200.0-255,3961,65815,13,168730
1225,0.001549,172.31.36.0-255,66,65881,13,168730
1226,0.00159,74.125.200.0-255,8574,74455,13,168730
1227,0.001592,172.31.36.0-255,66,74521,13,168730
1228,0.001597,74.125.200.0-255,2902,77423,13,168730
1229,0.001598,172.31.36.0-255,66,77489,13,168730
1230,0.001629,74.125.200.0-255,7156,84645,13,168730
1231,0.001631,172.31.36.0-255,66,84711,13,168730
1232,0.001661,74.125.200.0-255,5738,90449,13,168730
1233,0.001663,172.31.36.0-255,66,90515,13,168730
1234,0.001673,74.125.200.0-255,9274,99789,13,168730
1235,0.001674,172.31.36.0-255,66,99855,13,168730
1236,0.001677,74.125.200.0-255,645,100500,13,168730
1237,0.004002,74.125.200.0-255,4320,104820,13,168730
1238,0.004007,172.31.36.0-255,66,104886,13,168730
1239,0.006329,74.125.200.0-255,5738,110624,13,168730
1240,0.006335,172.31.36.0-255,66,110690,13,168730
1241,0.008662,74.125.200.0-255,5738,116428,13,168730
1242,0.008669,172.31.36.0-255,66,116494,13,168730
1243,0.010996,74.125.200.0-255,5738,122232,13,168730
1244,0.011004,172.31.36.0-255,66,122298,13,168730
1245,0.013325,74.125.200.0-255,5738,128036,13,168730
1246,0.013335,172.31.36.0-255,66,128102,13,168730
1247,0.015656,74.125.200.0-255,5738,133840,13,168730
1248,0.015665,172.31.36.0-255,66,133906,13,168730
1249,0.017998,74.125.200.0-255,5738,139644,13,168730
1250,0.018007,172.31.36.0-255,66,139710,13,168730
1251,0.020337,74.125.200.0-255,5738,145448,13,168730
1252,0.020348,172.31.36.0-255,66,145514,13,168730
1253,0.022689,74.125.200.0-255,5738,151252,13,168730
1254,0.022698,172.31.36.0-255,66,151318,13,168730
1255,0.025024,74.125.200.0-255,5738,157056,13,168730
1256,0.025032,172.31.36.0-255,66,157122,13,168730
1257,0.027371,74.125.200.0-255,5738,162860,13,168730
1258,0.027378,172.31.36.0-255,66,162926,13,168730
1259,0.029696,74.125.200.0-255,5738,168664,13,168730
1260,0.029705,172.31.36.0-255,66,168730,13,168730
1261,0.0,172.217.194.0-255,153,153,13,145605
1262,2.8e-05,172.31.36.0-255,66,219,13,145605
1263,3.5e-05,172.217.194.0-255,1484,1703,13,145605
1264,3.9e-05,172.31.36.0-255,66,1769,13,145605
1265,4.4e-05,172.217.194.0-255,2902,4671,13,145605
1266,4.6e-05,172.31.36.0-255,66,4737,13,145605
1267,7.6e-05,172.217.194.0-255,1484,6221,13,145605
1268,8e-05,172.31.36.0-255,66,6287,13,145605
1269,0.00011,172.217.194.0-255,5738,12025,13,145605
1270,0.000113,172.31.36.0-255,66,12091,13,145605
1271,0.000226,172.217.194.0-255,5738,17829,13,145605
1272,0.000231,172.31.36.0-255,66,17895,13,145605
1273,0.000245,172.217.194.0-255,3468,21363,13,145605
1274,0.000248,172.31.36.0-255,66,21429,13,145605
1275,0.000368,172.217.194.0-255,7156,28585,13,145605
1276,0.000373,172.31.36.0-255,66,28651,13,145605
1277,0.000391,172.217.194.0-255,9992,38643,13,145605
1278,0.000395,172.31.36.0-255,66,38709,13,145605
1279,0.000658,172.217.194.0-255,9274,47983,13,145605
1280,0.000663,172.31.36.0-255,66,48049,13,145605
1281,0.000804,172.217.194.0-255,4320,52369,13,145605
1282,0.000808,172.31.36.0-255,66,52435,13,145605
1283,0.000837,172.31.36.0-255,66,52501,13,145605
1284,0.001095,172.217.194.0-255,9992,62493,13,145605
1285,0.001102,172.31.36.0-255,66,62559,13,145605
1286,0.00114,172.31.36.0-255,66,62625,13,145605
1287,0.001563,172.217.194.0-255,5738,68363,13,145605
1288,0.001566,172.31.36.0-255,66,68429,13,145605
1289,0.001608,172.31.36.0-255,66,68495,13,145605
1290,0.001627,172.217.194.0-255,1592,70087,13,145605
1291,0.002216,172.217.194.0-255,4320,74407,13,145605
1292,0.003196,172.217.194.0-255,5738,80145,13,145605
1293,0.003815,172.31.36.0-255,66,80211,13,145605
1294,0.004187,172.217.194.0-255,8574,88785,13,145605
1295,0.004198,172.31.36.0-255,66,88851,13,145605
1296,0.004239,172.31.36.0-255,66,88917,13,145605
1297,0.006481,172.217.194.0-255,4320,93237,13,145605
1298,0.006487,172.31.36.0-255,66,93303,13,145605
1299,0.006502,172.217.194.0-255,1484,94787,13,145605
1300,0.008769,172.217.194.0-255,4320,99107,13,145605
1301,0.008776,172.31.36.0-255,66,99173,13,145605
1302,0.01107,172.217.194.0-255,5738,104911,13,145605
1303,0.012279,172.31.36.0-255,66,104977,13,145605
1304,0.014563,172.217.194.0-255,5738,110715,13,145605
1305,0.014572,172.31.36.0-255,66,110781,13,145605
1306,0.016855,172.217.194.0-255,5738,116519,13,145605
1307,0.016863,172.31.36.0-255,66,116585,13,145605
1308,0.019139,172.217.194.0-255,5738,122323,13,145605
1309,0.01915,172.31.36.0-255,66,122389,13,145605
1310,0.021431,172.217.194.0-255,5738,128127,13,145605
1311,0.021438,172.31.36.0-255,66,128193,13,145605
1312,0.023692,172.217.194.0-255,5738,133931,13,145605
1313,0.0237,172.31.36.0-255,66,133997,13,145605
1314,0.025981,172.217.194.0-255,5738,139735,13,145605
1315,0.025988,172.31.36.0-255,66,139801,13,145605
1316,0.028235,172.217.194.0-255,5738,145539,13,145605
1317,0.028243,172.31.36.0-255,66,145605,13,145605
1318,0.0,74.125.24.0-255,296,296,13,319965
1319,2.4e-05,172.31.36.0-255,66,362,13,319965
1320,3.1e-05,74.125.24.0-255,1484,1846,13,319965
1321,3.5e-05,172.31.36.0-255,66,1912,13,319965
1322,4.2e-05,74.125.24.0-255,4320,6232,13,319965
1323,4.6e-05,172.31.36.0-255,66,6298,13,319965
1324,5e-05,74.125.24.0-255,2902,9200,13,319965
1325,5.4e-05,172.31.36.0-255,66,9266,13,319965
1326,7.6e-05,74.125.24.0-255,4320,13586,13,319965
1327,7.9e-05,172.31.36.0-255,66,13652,13,319965
1328,0.000133,172.31.36.0-255,66,13718,13,319965
1329,0.000173,74.125.24.0-255,3961,17679,13,319965
1330,0.000177,172.31.36.0-255,66,17745,13,319965
1331,0.000196,74.125.24.0-255,2902,20647,13,319965
1332,0.000199,172.31.36.0-255,66,20713,13,319965
1333,0.000215,74.125.24.0-255,1484,22197,13,319965
1334,0.000219,172.31.36.0-255,66,22263,13,319965
1335,0.000232,74.125.24.0-255,5738,28001,13,319965
1336,0.000234,172.31.36.0-255,66,28067,13,319965
1337,0.000257,74.125.24.0-255,2902,30969,13,319965
1338,0.000259,172.31.36.0-255,66,31035,13,319965
1339,0.000302,74.125.24.0-255,9992,41027,13,319965
1340,0.000305,172.31.36.0-255,66,41093,13,319965
1341,0.000326,74.125.24.0-255,4320,45413,13,319965
1342,0.000328,172.31.36.0-255,66,45479,13,319965
1343,0.000365,74.125.24.0-255,5738,51217,13,319965
1344,0.000368,172.31.36.0-255,66,51283,13,319965
1345,0.000379,74.125.24.0-255,1056,52339,13,319965
1346,0.000383,172.31.36.0-255,66,52405,13,319965
1347,0.000386,74.125.24.0-255,386,52791,13,319965
1348,0.000388,172.31.36.0-255,66,52857,13,319965
1349,0.000441,74.125.24.0-255,1484,54341,13,319965
1350,0.000446,74.125.24.0-255,1484,55825,13,319965
1351,0.000448,172.31.36.0-255,66,55891,13,319965
1352,0.000452,74.125.24.0-255,1484,57375,13,319965
1353,0.000469,74.125.24.0-255,2902,60277,13,319965
1354,0.000472,172.31.36.0-255,66,60343,13,319965
1355,0.000478,74.125.24.0-255,5738,66081,13,319965
1356,0.000481,172.31.36.0-255,66,66147,13,319965
1357,0.000497,74.125.24.0-255,4320,70467,13,319965
1358,0.0005,172.31.36.0-255,66,70533,13,319965
1359,0.00054,74.125.24.0-255,7156,77689,13,319965
1360,0.000544,172.31.36.0-255,66,77755,13,319965
1361,0.000569,74.125.24.0-255,8726,86481,13,319965
1362,0.000572,172.31.36.0-255,66,86547,13,319965
1363,0.000637,74.125.24.0-255,5738,92285,13,319965
1364,0.00064,172.31.36.0-255,66,92351,13,319965
1365,0.000658,74.125.24.0-255,8574,100925,13,319965
1366,0.000662,172.31.36.0-255,66,100991,13,319965
1367,0.00068,74.125.24.0-255,1484,102475,13,319965
1368,0.000737,74.125.24.0-255,7156,109631,13,319965
1369,0.000741,172.31.36.0-255,66,109697,13,319965
1370,0.000768,74.125.24.0-255,9992,119689,13,319965
1371,0.000771,172.31.36.0-255,66,119755,13,319965
1372,0.000828,74.125.24.0-255,766,120521,13,319965
1373,0.000833,74.125.24.0-255,1484,122005,13,319965
1374,0.000836,172.31.36.0-255,66,122071,13,319965
1375,0.00086,74.125.24.0-255,7156,129227,13,319965
1376,0.000869,172.31.36.0-255,66,129293,13,319965
1377,0.000915,172.31.36.0-255,66,129359,13,319965
1378,0.000968,74.125.24.0-255,4320,133679,13,319965
1379,0.000972,172.31.36.0-255,66,133745,13,319965
1380,0.001,74.125.24.0-255,9274,143019,13,319965
1381,0.001005,172.31.36.0-255,66,143085,13,319965
1382,0.001054,74.125.24.0-255,1484,144569,13,319965
1383,0.00106,74.125.24.0-255,2902,147471,13,319965
1384,0.00108,74.125.24.0-255,5738,153209,13,319965
1385,0.001085,172.31.36.0-255,66,153275,13,319965
1386,0.001096,172.31.36.0-255,66,153341,13,319965
1387,0.001104,74.125.24.0-255,1484,154825,13,319965
1388,0.001122,74.125.24.0-255,9992,164817,13,319965
1389,0.001139,74.125.24.0-255,1484,166301,13,319965
1390,0.001142,172.31.36.0-255,66,166367,13,319965
1391,0.001244,74.125.24.0-255,4320,170687,13,319965
1392,0.001271,74.125.24.0-255,6438,177125,13,319965
1393,0.001279,74.125.24.0-255,7156,184281,13,319965
1394,0.001292,74.125.24.0-255,1484,185765,13,319965
1395,0.001299,172.31.36.0-255,66,185831,13,319965
1396,0.00131,74.125.24.0-255,2902,188733,13,319965
1397,0.001316,172.31.36.0-255,66,188799,13,319965
1398,0.001328,74.125.24.0-255,7156,195955,13,319965
1399,0.001357,172.31.36.0-255,66,196021,13,319965
1400,0.001372,74.125.24.0-255,4320,200341,13,319965
1401,0.001386,172.31.36.0-255,66,200407,13,319965
1402,0.001406,74.125.24.0-255,10692,211099,13,319965
1403,0.001423,172.31.36.0-255,66,211165,13,319965
1404,0.00147,74.125.24.0-255,2902,214067,13,319965
1405,0.001476,172.31.36.0-255,66,214133,13,319965
1406,0.001495,74.125.24.0-255,5738,219871,13,319965
1407,0.001503,172.31.36.0-255,66,219937,13,319965
1408,0.001558,172.31.36.0-255,66,220003,13,319965
1409,0.001627,74.125.24.0-255,5738,225741,13,319965
1410,0.001646,74.125.24.0-255,5020,230761,13,319965
1411,0.001661,172.31.36.0-255,66,230827,13,319965
1412,0.002105,74.125.24.0-255,1484,232311,13,319965
1413,0.002111,74.125.24.0-255,1484,233795,13,319965
1414,0.002114,172.31.36.0-255,66,233861,13,319965
1415,0.002134,74.125.24.0-255,1484,235345,13,319965
1416,0.002141,74.125.24.0-255,5738,241083,13,319965
1417,0.002154,172.31.36.0-255,66,241149,13,319965
1418,0.002164,74.125.24.0-255,4320,245469,13,319965
1419,0.002169,172.31.36.0-255,66,245535,13,319965
1420,0.002179,74.125.24.0-255,2902,248437,13,319965
1421,0.002195,74.125.24.0-255,2902,251339,13,319965
1422,0.002201,172.31.36.0-255,66,251405,13,319965
1423,0.004354,74.125.24.0-255,5738,257143,13,319965
1424,0.004361,172.31.36.0-255,66,257209,13,319965
1425,0.006511,74.125.24.0-255,5738,262947,13,319965
1426,0.006518,172.31.36.0-255,66,263013,13,319965
1427,0.008636,74.125.24.0-255,2902,265915,13,319965
1428,0.008639,172.31.36.0-255,66,265981,13,319965
1429,0.008652,74.125.24.0-255,2902,268883,13,319965
1430,0.008654,172.31.36.0-255,66,268949,13,319965
1431,0.010764,74.125.24.0-255,2902,271851,13,319965
1432,0.010768,172.31.36.0-255,66,271917,13,319965
1433,0.010787,74.125.24.0-255,2902,274819,13,319965
1434,0.010789,172.31.36.0-255,66,274885,13,319965
1435,0.01293,74.125.24.0-255,5738,280623,13,319965
1436,0.012937,172.31.36.0-255,66,280689,13,319965
1437,0.01507,74.125.24.0-255,5738,286427,13,319965
1438,0.01508,172.31.36.0-255,66,286493,13,319965
1439,0.017232,74.125.24.0-255,5738,292231,13,319965
1440,0.01724,172.31.36.0-255,66,292297,13,319965
1441,0.019373,74.125.24.0-255,5738,298035,13,319965
1442,0.019382,172.31.36.0-255,66,298101,13,319965
1443,0.021492,74.125.24.0-255,5738,303839,13,319965
1444,0.0215,172.31.36.0-255,66,303905,13,319965
1445,0.023875,74.125.24.0-255,4320,308225,13,319965
1446,0.023882,172.31.36.0-255,66,308291,13,319965
1447,0.023903,74.125.24.0-255,1484,309775,13,319965
1448,0.026133,74.125.24.0-255,4320,314095,13,319965
1449,0.026146,172.31.36.0-255,66,314161,13,319965
1450,0.028267,74.125.24.0-255,5738,319899,13,319965
1451,0.028275,172.31.36.0-255,66,319965,13,319965
1452,0.0,74.125.68.0-255,153,153,13,312380
1453,2.2e-05,172.31.36.0-255,66,219,13,312380
1454,3e-05,74.125.68.0-255,1484,1703,13,312380
1455,3.4e-05,172.31.36.0-255,66,1769,13,312380
1456,4.9e-05,74.125.68.0-255,2902,4671,13,312380
1457,5.3e-05,172.31.36.0-255,66,4737,13,312380
1458,5.9e-05,74.125.68.0-255,4320,9057,13,312380
1459,6.2e-05,172.31.36.0-255,66,9123,13,312380
1460,9.9e-05,74.125.68.0-255,4882,14005,13,312380
1461,0.000102,172.31.36.0-255,66,14071,13,312380
1462,0.000132,74.125.68.0-255,5738,19809,13,312380
1463,0.000134,172.31.36.0-255,66,19875,13,312380
1464,0.00014,74.125.68.0-255,4320,24195,13,312380
1465,0.000143,172.31.36.0-255,66,24261,13,312380
1466,0.000172,74.125.68.0-255,2902,27163,13,312380
1467,0.000175,172.31.36.0-255,66,27229,13,312380
1468,0.000184,74.125.68.0-255,8574,35803,13,312380
1469,0.000186,172.31.36.0-255,66,35869,13,312380
1470,0.000205,172.31.36.0-255,66,35935,13,312380
1471,0.000229,74.125.68.0-255,766,36701,13,312380
1472,0.000235,172.31.36.0-255,66,36767,13,312380
1473,0.000551,74.125.68.0-255,1484,38251,13,312380
1474,0.000557,172.31.36.0-255,66,38317,13,312380
1475,0.000564,74.125.68.0-255,2902,41219,13,312380
1476,0.000566,172.31.36.0-255,66,41285,13,312380
1477,0.000601,74.125.68.0-255,5738,47023,13,312380
1478,0.000604,172.31.36.0-255,66,47089,13,312380
1479,0.000609,74.125.68.0-255,2902,49991,13,312380
1480,0.000611,172.31.36.0-255,66,50057,13,312380
1481,0.000621,74.125.68.0-255,4285,54342,13,312380
1482,0.000624,172.31.36.0-255,66,54408,13,312380
1483,0.000698,74.125.68.0-255,1484,55892,13,312380
1484,0.000705,74.125.68.0-255,2902,58794,13,312380
1485,0.000708,172.31.36.0-255,66,58860,13,312380
1486,0.000735,74.125.68.0-255,5738,64598,13,312380
1487,0.000738,172.31.36.0-255,66,64664,13,312380
1488,0.000743,74.125.68.0-255,2902,67566,13,312380
1489,0.000745,172.31.36.0-255,66,67632,13,312380
1490,0.000763,74.125.68.0-255,1484,69116,13,312380
1491,0.000775,74.125.68.0-255,5738,74854,13,312380
1492,0.000778,172.31.36.0-255,66,74920,13,312380
1493,0.000812,172.31.36.0-255,66,74986,13,312380
1494,0.000817,74.125.68.0-255,2184,77170,13,312380
1495,0.000819,172.31.36.0-255,66,77236,13,312380
1496,0.000859,74.125.68.0-255,4320,81556,13,312380
1497,0.000863,172.31.36.0-255,66,81622,13,312380
1498,0.000896,74.125.68.0-255,9992,91614,13,312380
1499,0.0009,74.125.68.0-255,2228,93842,13,312380
1500,0.000904,172.31.36.0-255,66,93908,13,312380
1501,0.000911,172.31.36.0-255,66,93974,13,312380
1502,0.000949,74.125.68.0-255,2902,96876,13,312380
1503,0.000953,172.31.36.0-255,66,96942,13,312380
1504,0.000985,74.125.68.0-255,4320,101262,13,312380
1505,0.000988,172.31.36.0-255,66,101328,13,312380
1506,0.000997,74.125.68.0-255,8574,109902,13,312380
1507,0.001,172.31.36.0-255,66,109968,13,312380
1508,0.001008,74.125.68.0-255,1484,111452,13,312380
1509,0.00103,74.125.68.0-255,4320,115772,13,312380
1510,0.001033,172.31.36.0-255,66,115838,13,312380
1511,0.001038,74.125.68.0-255,4320,120158,13,312380
1512,0.00104,172.31.36.0-255,66,120224,13,312380
1513,0.001068,74.125.68.0-255,2902,123126,13,312380
1514,0.001071,172.31.36.0-255,66,123192,13,312380
1515,0.001078,74.125.68.0-255,5020,128212,13,312380
1516,0.00108,172.31.36.0-255,66,128278,13,312380
1517,0.001475,74.125.68.0-255,1484,129762,13,312380
1518,0.00148,74.125.68.0-255,1484,131246,13,312380
1519,0.001484,172.31.36.0-255,66,131312,13,312380
1520,0.001511,74.125.68.0-255,1484,132796,13,312380
1521,0.001517,74.125.68.0-255,5738,138534,13,312380
1522,0.00152,172.31.36.0-255,66,138600,13,312380
1523,0.001549,74.125.68.0-255,7156,145756,13,312380
1524,0.001552,172.31.36.0-255,66,145822,13,312380
1525,0.001555,74.125.68.0-255,1484,147306,13,312380
1526,0.001583,74.125.68.0-255,5738,153044,13,312380
1527,0.001586,172.31.36.0-255,66,153110,13,312380
1528,0.001591,74.125.68.0-255,4320,157430,13,312380
1529,0.001593,172.31.36.0-255,66,157496,13,312380
1530,0.001614,74.125.68.0-255,4320,161816,13,312380
1531,0.001617,172.31.36.0-255,66,161882,13,312380
1532,0.001623,74.125.68.0-255,766,162648,13,312380
1533,0.001836,74.125.68.0-255,1484,164132,13,312380
1534,0.00184,172.31.36.0-255,66,164198,13,312380
1535,0.001844,74.125.68.0-255,1484,165682,13,312380
1536,0.001871,74.125.68.0-255,1484,167166,13,312380
1537,0.001873,172.31.36.0-255,66,167232,13,312380
1538,0.001876,74.125.68.0-255,1484,168716,13,312380
1539,0.00188,74.125.68.0-255,2902,171618,13,312380
1540,0.001882,172.31.36.0-255,66,171684,13,312380
1541,0.001894,74.125.68.0-255,5738,177422,13,312380
1542,0.001896,172.31.36.0-255,66,177488,13,312380
1543,0.001932,74.125.68.0-255,9992,187480,13,312380
1544,0.001935,172.31.36.0-255,66,187546,13,312380
1545,0.001958,74.125.68.0-255,2902,190448,13,312380
1546,0.001961,172.31.36.0-255,66,190514,13,312380
1547,0.001985,74.125.68.0-255,7856,198370,13,312380
1548,0.001988,172.31.36.0-255,66,198436,13,312380
1549,0.001997,74.125.68.0-255,9992,208428,13,312380
1550,0.002011,172.31.36.0-255,66,208494,13,312380
1551,0.002027,74.125.68.0-255,1484,209978,13,312380
1552,0.002039,74.125.68.0-255,8574,218552,13,312380
1553,0.002048,74.125.68.0-255,9992,228544,13,312380
1554,0.00206,172.31.36.0-255,66,228610,13,312380
1555,0.00207,74.125.68.0-255,2184,230794,13,312380
1556,0.002094,74.125.68.0-255,2902,233696,13,312380
1557,0.002103,172.31.36.0-255,66,233762,13,312380
1558,0.002112,74.125.68.0-255,1484,235246,13,312380
1559,0.002136,74.125.68.0-255,2902,238148,13,312380
1560,0.002138,172.31.36.0-255,66,238214,13,312380
1561,0.002142,74.125.68.0-255,1484,239698,13,312380
1562,0.004242,74.125.68.0-255,4320,244018,13,312380
1563,0.004249,172.31.36.0-255,66,244084,13,312380
1564,0.006359,74.125.68.0-255,5738,249822,13,312380
1565,0.006363,172.31.36.0-255,66,249888,13,312380
1566,0.008467,74.125.68.0-255,5738,255626,13,312380
1567,0.00847,172.31.36.0-255,66,255692,13,312380
1568,0.010591,74.125.68.0-255,5738,261430,13,312380
1569,0.010598,172.31.36.0-255,66,261496,13,312380
1570,0.012718,74.125.68.0-255,5738,267234,13,312380
1571,0.012726,172.31.36.0-255,66,267300,13,312380
1572,0.01486,74.125.68.0-255,5738,273038,13,312380
1573,0.014868,172.31.36.0-255,66,273104,13,312380
1574,0.016985,74.125.68.0-255,5738,278842,13,312380
1575,0.016996,172.31.36.0-255,66,278908,13,312380
1576,0.01911,74.125.68.0-255,5738,284646,13,312380
1577,0.019118,172.31.36.0-255,66,284712,13,312380
1578,0.021235,74.125.68.0-255,5738,290450,13,312380
1579,0.021243,172.31.36.0-255,66,290516,13,312380
1580,0.023358,74.125.68.0-255,5738,296254,13,312380
1581,0.023365,172.31.36.0-255,66,296320,13,312380
1582,0.025477,74.125.68.0-255,4320,300640,13,312380
1583,0.025485,172.31.36.0-255,66,300706,13,312380
1584,0.025515,74.125.68.0-255,1484,302190,13,312380
1585,0.027603,74.125.68.0-255,4320,306510,13,312380
1586,0.02761,172.31.36.0-255,66,306576,13,312380
1587,0.029738,74.125.68.0-255,5738,312314,13,312380
1588,0.029745,172.31.36.0-255,66,312380,13,312380
1589,0.0,74.125.24.0-255,153,153,13,203776
1590,3.5e-05,172.31.36.0-255,66,219,13,203776
1591,4.3e-05,74.125.24.0-255,1484,1703,13,203776
1592,4.8e-05,172.31.36.0-255,66,1769,13,203776
1593,5.2e-05,74.125.24.0-255,2902,4671,13,203776
1594,5.5e-05,172.31.36.0-255,66,4737,13,203776
1595,8.3e-05,74.125.24.0-255,7156,11893,13,203776
1596,8.6e-05,172.31.36.0-255,66,11959,13,203776
1597,9.2e-05,74.125.24.0-255,4906,16865,13,203776
1598,9.5e-05,172.31.36.0-255,66,16931,13,203776
1599,0.000103,74.125.24.0-255,5738,22669,13,203776
1600,0.000105,172.31.36.0-255,66,22735,13,203776
1601,0.000162,74.125.24.0-255,8215,30950,13,203776
1602,0.000167,172.31.36.0-255,66,31016,13,203776
1603,0.000542,74.125.24.0-255,1484,32500,13,203776
1604,0.000547,172.31.36.0-255,66,32566,13,203776
1605,0.000553,74.125.24.0-255,2902,35468,13,203776
1606,0.000555,172.31.36.0-255,66,35534,13,203776
1607,0.000559,74.125.24.0-255,2902,38436,13,203776
1608,0.000567,172.31.36.0-255,66,38502,13,203776
1609,0.000601,74.125.24.0-255,2902,41404,13,203776
1610,0.000605,172.31.36.0-255,66,41470,13,203776
1611,0.000623,172.31.36.0-255,66,41536,13,203776
1612,0.000628,74.125.24.0-255,2902,44438,13,203776
1613,0.00063,172.31.36.0-255,66,44504,13,203776
1614,0.000662,74.125.24.0-255,9574,54078,13,203776
1615,0.000664,74.125.24.0-255,131,54209,13,203776
1616,0.000666,172.31.36.0-255,66,54275,13,203776
1617,0.000671,172.31.36.0-255,66,54341,13,203776
1618,0.000962,74.125.24.0-255,1484,55825,13,203776
1619,0.000967,172.31.36.0-255,66,55891,13,203776
1620,0.000975,74.125.24.0-255,2902,58793,13,203776
1621,0.000977,172.31.36.0-255,66,58859,13,203776
1622,0.000989,74.125.24.0-255,5738,64597,13,203776
1623,0.000992,172.31.36.0-255,66,64663,13,203776
1624,0.000995,74.125.24.0-255,1484,66147,13,203776
1625,0.000999,74.125.24.0-255,1484,67631,13,203776
1626,0.001001,172.31.36.0-255,66,67697,13,203776
1627,0.00104,74.125.24.0-255,7156,74853,13,203776
1628,0.001044,172.31.36.0-255,66,74919,13,203776
1629,0.001065,172.31.36.0-255,66,74985,13,203776
1630,0.001093,74.125.24.0-255,4320,79305,13,203776
1631,0.001096,172.31.36.0-255,66,79371,13,203776
1632,0.001128,74.125.24.0-255,7156,86527,13,203776
1633,0.001132,172.31.36.0-255,66,86593,13,203776
1634,0.001163,74.125.24.0-255,5076,91669,13,203776
1635,0.001167,172.31.36.0-255,66,91735,13,203776
1636,0.001868,74.125.24.0-255,1484,93219,13,203776
1637,0.001876,74.125.24.0-255,2902,96121,13,203776
1638,0.00188,172.31.36.0-255,66,96187,13,203776
1639,0.001887,74.125.24.0-255,5738,101925,13,203776
1640,0.00189,172.31.36.0-255,66,101991,13,203776
1641,0.0019,74.125.24.0-255,4320,106311,13,203776
1642,0.001902,172.31.36.0-255,66,106377,13,203776
1643,0.001938,172.31.36.0-255,66,106443,13,203776
1644,0.001943,74.125.24.0-255,4320,110763,13,203776
1645,0.001945,172.31.36.0-255,66,110829,13,203776
1646,0.001978,74.125.24.0-255,3602,114431,13,203776
1647,0.00198,172.31.36.0-255,66,114497,13,203776
1648,0.001987,74.125.24.0-255,8574,123071,13,203776
1649,0.001989,172.31.36.0-255,66,123137,13,203776
1650,0.002,74.125.24.0-255,5738,128875,13,203776
1651,0.002003,172.31.36.0-255,66,128941,13,203776
1652,0.002015,74.125.24.0-255,5738,134679,13,203776
1653,0.002017,172.31.36.0-255,66,134745,13,203776
1654,0.00202,74.125.24.0-255,1484,136229,13,203776
1655,0.002054,172.31.36.0-255,66,136295,13,203776
1656,0.002057,74.125.24.0-255,766,137061,13,203776
1657,0.004382,74.125.24.0-255,4320,141381,13,203776
1658,0.004388,172.31.36.0-255,66,141447,13,203776
1659,0.006731,74.125.24.0-255,5738,147185,13,203776
1660,0.006736,172.31.36.0-255,66,147251,13,203776
1661,0.009114,74.125.24.0-255,5738,152989,13,203776
1662,0.00912,172.31.36.0-255,66,153055,13,203776
1663,0.011508,74.125.24.0-255,5738,158793,13,203776
1664,0.011519,172.31.36.0-255,66,158859,13,203776
1665,0.013856,74.125.24.0-255,5738,164597,13,203776
1666,0.013866,172.31.36.0-255,66,164663,13,203776
1667,0.016212,74.125.24.0-255,5738,170401,13,203776
1668,0.016224,172.31.36.0-255,66,170467,13,203776
1669,0.018553,74.125.24.0-255,5738,176205,13,203776
1670,0.018564,172.31.36.0-255,66,176271,13,203776
1671,0.020899,74.125.24.0-255,5738,182009,13,203776
1672,0.020909,172.31.36.0-255,66,182075,13,203776
1673,0.023282,74.125.24.0-255,5738,187813,13,203776
1674,0.023289,172.31.36.0-255,66,187879,13,203776
1675,0.025626,74.125.24.0-255,5738,193617,13,203776
1676,0.025632,172.31.36.0-255,66,193683,13,203776
1677,0.026321,172.31.36.0-255,172,193855,13,203776
1678,0.026351,172.31.36.0-255,1110,194965,13,203776
1679,0.026413,172.31.36.0-255,1514,196479,13,203776
1680,0.026415,172.31.36.0-255,1295,197774,13,203776
1681,0.027865,104.244.42.0-255,66,197840,13,203776
1682,0.027911,104.244.42.0-255,66,197906,13,203776
1683,0.027943,74.125.24.0-255,5738,203644,13,203776
1684,0.027948,172.31.36.0-255,66,203710,13,203776
1685,0.027973,104.244.42.0-255,66,203776,13,203776
1686,0.0,74.125.24.0-255,298,298,13,329702
1687,3.4e-05,172.31.36.0-255,66,364,13,329702
1688,4.2e-05,74.125.24.0-255,1484,1848,13,329702
1689,4.6e-05,172.31.36.0-255,66,1914,13,329702
1690,5.2e-05,74.125.24.0-255,4320,6234,13,329702
1691,5.4e-05,172.31.36.0-255,66,6300,13,329702
1692,5.7e-05,74.125.24.0-255,1484,7784,13,329702
1693,5.9e-05,172.31.36.0-255,66,7850,13,329702
1694,6.5e-05,74.125.24.0-255,4320,12170,13,329702
1695,6.7e-05,172.31.36.0-255,66,12236,13,329702
1696,8.7e-05,74.125.24.0-255,6084,18320,13,329702
1697,9.2e-05,74.125.24.0-255,4320,22640,13,329702
1698,9.3e-05,172.31.36.0-255,66,22706,13,329702
1699,9.7e-05,172.31.36.0-255,66,22772,13,329702
1700,0.000117,74.125.24.0-255,8215,30987,13,329702
1701,0.00012,172.31.36.0-255,66,31053,13,329702
1702,0.000206,74.125.24.0-255,1484,32537,13,329702
1703,0.000209,172.31.36.0-255,66,32603,13,329702
1704,0.000213,74.125.24.0-255,1484,34087,13,329702
1705,0.000215,172.31.36.0-255,66,34153,13,329702
1706,0.000232,74.125.24.0-255,1484,35637,13,329702
1707,0.000235,172.31.36.0-255,66,35703,13,329702
1708,0.000241,74.125.24.0-255,5738,41441,13,329702
1709,0.000243,172.31.36.0-255,66,41507,13,329702
1710,0.00025,74.125.24.0-255,6797,48304,13,329702
1711,0.000253,172.31.36.0-255,66,48370,13,329702
1712,0.000275,74.125.24.0-255,7156,55526,13,329702
1713,0.000279,172.31.36.0-255,66,55592,13,329702
1714,0.000309,74.125.24.0-255,7156,62748,13,329702
1715,0.000313,172.31.36.0-255,66,62814,13,329702
1716,0.000317,74.125.24.0-255,2543,65357,13,329702
1717,0.000319,172.31.36.0-255,66,65423,13,329702
1718,0.000321,74.125.24.0-255,399,65822,13,329702
1719,0.000537,74.125.24.0-255,343,66165,13,329702
1720,0.000585,74.125.24.0-255,1484,67649,13,329702
1721,0.00059,172.31.36.0-255,66,67715,13,329702
1722,0.000598,74.125.24.0-255,1484,69199,13,329702
1723,0.000613,74.125.24.0-255,2902,72101,13,329702
1724,0.000616,172.31.36.0-255,66,72167,13,329702
1725,0.000622,74.125.24.0-255,5738,77905,13,329702
1726,0.000625,172.31.36.0-255,66,77971,13,329702
1727,0.00064,74.125.24.0-255,4320,82291,13,329702
1728,0.000642,74.125.24.0-255,1125,83416,13,329702
1729,0.000643,172.31.36.0-255,66,83482,13,329702
1730,0.000853,172.31.36.0-255,101,83583,13,329702
1731,0.001187,74.125.24.0-255,1484,85067,13,329702
1732,0.0012,74.125.24.0-255,2902,87969,13,329702
1733,0.001204,172.31.36.0-255,66,88035,13,329702
1734,0.001211,74.125.24.0-255,4320,92355,13,329702
1735,0.001213,172.31.36.0-255,66,92421,13,329702
1736,0.001226,74.125.24.0-255,1484,93905,13,329702
1737,0.00124,74.125.24.0-255,1484,95389,13,329702
1738,0.001243,172.31.36.0-255,66,95455,13,329702
1739,0.001267,74.125.24.0-255,8574,104029,13,329702
1740,0.00127,172.31.36.0-255,66,104095,13,329702
1741,0.001277,74.125.24.0-255,7156,111251,13,329702
1742,0.001279,172.31.36.0-255,66,111317,13,329702
1743,0.001302,74.125.24.0-255,4320,115637,13,329702
1744,0.001306,172.31.36.0-255,66,115703,13,329702
1745,0.001314,74.125.24.0-255,5890,121593,13,329702
1746,0.001316,172.31.36.0-255,66,121659,13,329702
1747,0.00132,74.125.24.0-255,1484,123143,13,329702
1748,0.001346,172.31.36.0-255,66,123209,13,329702
1749,0.001377,74.125.24.0-255,5738,128947,13,329702
1750,0.00138,172.31.36.0-255,66,129013,13,329702
1751,0.001389,74.125.24.0-255,9274,138287,13,329702
1752,0.001391,172.31.36.0-255,66,138353,13,329702
1753,0.001511,74.125.24.0-255,1484,139837,13,329702
1754,0.001529,74.125.24.0-255,2902,142739,13,329702
1755,0.001536,172.31.36.0-255,66,142805,13,329702
1756,0.001543,74.125.24.0-255,5738,148543,13,329702
1757,0.001546,172.31.36.0-255,66,148609,13,329702
1758,0.001551,74.125.24.0-255,4320,152929,13,329702
1759,0.001553,172.31.36.0-255,66,152995,13,329702
1760,0.001574,74.125.24.0-255,7156,160151,13,329702
1761,0.001578,172.31.36.0-255,66,160217,13,329702
1762,0.0016,74.125.24.0-255,4320,164537,13,329702
1763,0.001603,172.31.36.0-255,66,164603,13,329702
1764,0.001607,74.125.24.0-255,2902,167505,13,329702
1765,0.00161,172.31.36.0-255,66,167571,13,329702
1766,0.001626,74.125.24.0-255,5020,172591,13,329702
1767,0.001629,172.31.36.0-255,66,172657,13,329702
1768,0.001976,74.125.24.0-255,1484,174141,13,329702
1769,0.001982,74.125.24.0-255,1484,175625,13,329702
1770,0.001986,172.31.36.0-255,66,175691,13,329702
1771,0.002,74.125.24.0-255,1484,177175,13,329702
1772,0.002006,74.125.24.0-255,4320,181495,13,329702
1773,0.002008,172.31.36.0-255,66,181561,13,329702
1774,0.002032,74.125.24.0-255,8574,190135,13,329702
1775,0.002034,172.31.36.0-255,66,190201,13,329702
1776,0.002072,74.125.24.0-255,5738,195939,13,329702
1777,0.002075,172.31.36.0-255,66,196005,13,329702
1778,0.002104,172.31.36.0-255,66,196071,13,329702
1779,0.002154,74.125.24.0-255,9992,206063,13,329702
1780,0.002159,172.31.36.0-255,66,206129,13,329702
1781,0.002184,74.125.24.0-255,9992,216121,13,329702
1782,0.002187,172.31.36.0-255,66,216187,13,329702
1783,0.002194,74.125.24.0-255,7156,223343,13,329702
1784,0.002197,172.31.36.0-255,66,223409,13,329702
1785,0.002208,74.125.24.0-255,3602,227011,13,329702
1786,0.00221,172.31.36.0-255,66,227077,13,329702
1787,0.002216,74.125.24.0-255,4320,231397,13,329702
1788,0.00222,172.31.36.0-255,66,231463,13,329702
1789,0.002224,74.125.24.0-255,9992,241455,13,329702
1790,0.002228,172.31.36.0-255,66,241521,13,329702
1791,0.00223,74.125.24.0-255,1484,243005,13,329702
1792,0.002235,74.125.24.0-255,2902,245907,13,329702
1793,0.002237,172.31.36.0-255,66,245973,13,329702
1794,0.002269,74.125.24.0-255,9992,255965,13,329702
1795,0.002273,172.31.36.0-255,66,256031,13,329702
1796,0.002279,74.125.24.0-255,5020,261051,13,329702
1797,0.002282,172.31.36.0-255,66,261117,13,329702
1798,0.002353,74.125.24.0-255,1484,262601,13,329702
1799,0.002375,74.125.24.0-255,2902,265503,13,329702
1800,0.002378,172.31.36.0-255,66,265569,13,329702
1801,0.002382,74.125.24.0-255,1484,267053,13,329702
1802,0.0024,74.125.24.0-255,4320,271373,13,329702
1803,0.002402,172.31.36.0-255,66,271439,13,329702
1804,0.002406,74.125.24.0-255,2902,274341,13,329702
1805,0.002409,172.31.36.0-255,66,274407,13,329702
1806,0.002429,74.125.24.0-255,9992,284399,13,329702
1807,0.002432,172.31.36.0-255,66,284465,13,329702
1808,0.002461,74.125.24.0-255,2902,287367,13,329702
1809,0.002464,172.31.36.0-255,66,287433,13,329702
1810,0.002503,172.31.36.0-255,66,287499,13,329702
1811,0.002514,172.31.36.0-255,66,287565,13,329702
1812,0.002543,74.125.24.0-255,5738,293303,13,329702
1813,0.002546,172.31.36.0-255,66,293369,13,329702
1814,0.002553,74.125.24.0-255,6438,299807,13,329702
1815,0.002557,172.31.36.0-255,66,299873,13,329702
1816,0.002653,74.125.24.0-255,1484,301357,13,329702
1817,0.002658,74.125.24.0-255,2902,304259,13,329702
1818,0.002661,172.31.36.0-255,66,304325,13,329702
1819,0.002666,74.125.24.0-255,2902,307227,13,329702
1820,0.002668,172.31.36.0-255,66,307293,13,329702
1821,0.002683,74.125.24.0-255,2902,310195,13,329702
1822,0.002685,172.31.36.0-255,66,310261,13,329702
1823,0.002713,74.125.24.0-255,9992,320253,13,329702
1824,0.002716,172.31.36.0-255,66,320319,13,329702
1825,0.002732,74.125.24.0-255,2902,323221,13,329702
1826,0.002734,172.31.36.0-255,66,323287,13,329702
1827,0.002741,74.125.24.0-255,6007,329294,13,329702
1828,0.002744,172.31.36.0-255,66,329360,13,329702
1829,0.003558,74.125.24.0-255,66,329426,13,329702
1830,0.00541,74.125.24.0-255,105,329531,13,329702
1831,0.006454,172.31.36.0-255,105,329636,13,329702
1832,0.014333,74.125.24.0-255,66,329702,13,329702
1833,0.0,74.125.24.0-255,153,153,13,142603
1834,1.5e-05,172.31.36.0-255,66,219,13,142603
1835,2.1e-05,74.125.24.0-255,1484,1703,13,142603
1836,2.5e-05,172.31.36.0-255,66,1769,13,142603
1837,5.5e-05,74.125.24.0-255,1484,3253,13,142603
1838,5.8e-05,172.31.36.0-255,66,3319,13,142603
1839,6.4e-05,74.125.24.0-255,2902,6221,13,142603
1840,6.7e-05,172.31.36.0-255,66,6287,13,142603
1841,8.9e-05,74.125.24.0-255,5738,12025,13,142603
1842,9.3e-05,172.31.36.0-255,66,12091,13,142603
1843,9.6e-05,74.125.24.0-255,2068,14159,13,142603
1844,9.8e-05,172.31.36.0-255,66,14225,13,142603
1845,0.00017,74.125.24.0-255,1484,15709,13,142603
1846,0.000173,172.31.36.0-255,66,15775,13,142603
1847,0.000178,74.125.24.0-255,2902,18677,13,142603
1848,0.000181,172.31.36.0-255,66,18743,13,142603
1849,0.000184,74.125.24.0-255,1484,20227,13,142603
1850,0.000186,172.31.36.0-255,66,20293,13,142603
1851,0.000203,74.125.24.0-255,4320,24613,13,142603
1852,0.000205,172.31.36.0-255,66,24679,13,142603
1853,0.000209,74.125.24.0-255,2902,27581,13,142603
1854,0.000211,172.31.36.0-255,66,27647,13,142603
1855,0.000259,74.125.24.0-255,3961,31608,13,142603
1856,0.000262,172.31.36.0-255,66,31674,13,142603
1857,0.000363,74.125.24.0-255,1484,33158,13,142603
1858,0.000367,172.31.36.0-255,66,33224,13,142603
1859,0.000388,74.125.24.0-255,2902,36126,13,142603
1860,0.000391,172.31.36.0-255,66,36192,13,142603
1861,0.000396,74.125.24.0-255,2902,39094,13,142603
1862,0.000398,172.31.36.0-255,66,39160,13,142603
1863,0.000412,74.125.24.0-255,2902,42062,13,142603
1864,0.000414,172.31.36.0-255,66,42128,13,142603
1865,0.000419,74.125.24.0-255,2902,45030,13,142603
1866,0.000436,74.125.24.0-255,1484,46514,13,142603
1867,0.000456,74.125.24.0-255,4320,50834,13,142603
1868,0.000478,74.125.24.0-255,5738,56572,13,142603
1869,0.000491,74.125.24.0-255,2543,59115,13,142603
1870,0.000496,74.125.24.0-255,2902,62017,13,142603
1871,0.000508,74.125.24.0-255,2902,64919,13,142603
1872,0.000515,172.31.36.0-255,66,64985,13,142603
1873,0.000523,74.125.24.0-255,1125,66110,13,142603
1874,0.001009,172.31.36.0-255,66,66176,13,142603
1875,0.002135,74.125.24.0-255,645,66821,13,142603
1876,0.002168,74.125.24.0-255,1484,68305,13,142603
1877,0.002173,172.31.36.0-255,66,68371,13,142603
1878,0.002179,74.125.24.0-255,2902,71273,13,142603
1879,0.002181,172.31.36.0-255,66,71339,13,142603
1880,0.002186,74.125.24.0-255,2902,74241,13,142603
1881,0.002188,172.31.36.0-255,66,74307,13,142603
1882,0.002206,74.125.24.0-255,2902,77209,13,142603
1883,0.002208,172.31.36.0-255,66,77275,13,142603
1884,0.002213,74.125.24.0-255,2902,80177,13,142603
1885,0.002233,74.125.24.0-255,4320,84497,13,142603
1886,0.006582,172.31.36.0-255,66,84563,13,142603
1887,0.008763,74.125.24.0-255,5738,90301,13,142603
1888,0.008769,172.31.36.0-255,66,90367,13,142603
1889,0.010945,74.125.24.0-255,5738,96105,13,142603
1890,0.010952,172.31.36.0-255,66,96171,13,142603
1891,0.013203,74.125.24.0-255,5738,101909,13,142603
1892,0.013211,172.31.36.0-255,66,101975,13,142603
1893,0.015387,74.125.24.0-255,5738,107713,13,142603
1894,0.015395,172.31.36.0-255,66,107779,13,142603
1895,0.017633,74.125.24.0-255,5738,113517,13,142603
1896,0.017641,172.31.36.0-255,66,113583,13,142603
1897,0.019876,74.125.24.0-255,5738,119321,13,142603
1898,0.019886,172.31.36.0-255,66,119387,13,142603
1899,0.022091,74.125.24.0-255,5738,125125,13,142603
1900,0.0221,172.31.36.0-255,66,125191,13,142603
1901,0.024319,74.125.24.0-255,5738,130929,13,142603
1902,0.024327,172.31.36.0-255,66,130995,13,142603
1903,0.026533,74.125.24.0-255,5738,136733,13,142603
1904,0.026542,172.31.36.0-255,66,136799,13,142603
1905,0.028752,74.125.24.0-255,5738,142537,13,142603
1906,0.028761,172.31.36.0-255,66,142603,13,142603
1907,0.0,74.125.24.0-255,153,153,13,361140
1908,3.2e-05,172.31.36.0-255,66,219,13,361140
1909,3.9e-05,74.125.24.0-255,1484,1703,13,361140
1910,4.4e-05,172.31.36.0-255,66,1769,13,361140
1911,4.7e-05,74.125.24.0-255,1484,3253,13,361140
1912,5.7e-05,172.31.36.0-255,66,3319,13,361140
1913,6.5e-05,74.125.24.0-255,4320,7639,13,361140
1914,6.7e-05,172.31.36.0-255,66,7705,13,361140
1915,7.5e-05,74.125.24.0-255,8574,16279,13,361140
1916,7.7e-05,172.31.36.0-255,66,16345,13,361140
1917,0.000114,74.125.24.0-255,2066,18411,13,361140
1918,0.000116,172.31.36.0-255,66,18477,13,361140
1919,0.000122,74.125.24.0-255,5738,24215,13,361140
1920,0.000124,172.31.36.0-255,66,24281,13,361140
1921,0.000129,74.125.24.0-255,4320,28601,13,361140
1922,0.000132,172.31.36.0-255,66,28667,13,361140
1923,0.000156,74.125.24.0-255,2543,31210,13,361140
1924,0.000158,172.31.36.0-255,66,31276,13,361140
1925,0.000284,74.125.24.0-255,1484,32760,13,361140
1926,0.00029,172.31.36.0-255,66,32826,13,361140
1927,0.000319,74.125.24.0-255,2902,35728,13,361140
1928,0.000322,172.31.36.0-255,66,35794,13,361140
1929,0.000329,74.125.24.0-255,5738,41532,13,361140
1930,0.000331,172.31.36.0-255,66,41598,13,361140
1931,0.000337,74.125.24.0-255,5738,47336,13,361140
1932,0.000341,172.31.36.0-255,66,47402,13,361140
1933,0.000386,74.125.24.0-255,5738,53140,13,361140
1934,0.000389,172.31.36.0-255,66,53206,13,361140
1935,0.000408,74.125.24.0-255,7156,60362,13,361140
1936,0.000412,172.31.36.0-255,66,60428,13,361140
1937,0.000415,74.125.24.0-255,1484,61912,13,361140
1938,0.000417,172.31.36.0-255,66,61978,13,361140
1939,0.000463,74.125.24.0-255,3602,65580,13,361140
1940,0.00047,172.31.36.0-255,66,65646,13,361140
1941,0.000931,74.125.24.0-255,358,66004,13,361140
1942,0.000941,74.125.24.0-255,384,66388,13,361140
1943,0.001093,74.125.24.0-255,1484,67872,13,361140
1944,0.001099,172.31.36.0-255,66,67938,13,361140
1945,0.001106,74.125.24.0-255,2902,70840,13,361140
1946,0.001109,74.125.24.0-255,1484,72324,13,361140
1947,0.001127,74.125.24.0-255,4320,76644,13,361140
1948,0.001153,74.125.24.0-255,4320,80964,13,361140
1949,0.001176,74.125.24.0-255,7156,88120,13,361140
1950,0.001183,74.125.24.0-255,8574,96694,13,361140
1951,0.001199,74.125.24.0-255,3602,100296,13,361140
1952,0.001202,74.125.24.0-255,1484,101780,13,361140
1953,0.001206,74.125.24.0-255,2902,104682,13,361140
1954,0.001208,74.125.24.0-255,1484,106166,13,361140
1955,0.00123,74.125.24.0-255,4320,110486,13,361140
1956,0.001266,74.125.24.0-255,8574,119060,13,361140
1957,0.001284,74.125.24.0-255,4320,123380,13,361140
1958,0.001292,74.125.24.0-255,8574,131954,13,361140
1959,0.001326,74.125.24.0-255,2184,134138,13,361140
1960,0.001432,74.125.24.0-255,1484,135622,13,361140
1961,0.001448,74.125.24.0-255,1484,137106,13,361140
1962,0.00147,74.125.24.0-255,2902,140008,13,361140
1963,0.001497,74.125.24.0-255,5738,145746,13,361140
1964,0.001519,74.125.24.0-255,1484,147230,13,361140
1965,0.001537,74.125.24.0-255,5738,152968,13,361140
1966,0.001548,74.125.24.0-255,2902,155870,13,361140
1967,0.001566,74.125.24.0-255,5738,161608,13,361140
1968,0.001578,74.125.24.0-255,1484,163092,13,361140
1969,0.00159,74.125.24.0-255,2902,165994,13,361140
1970,0.001599,74.125.24.0-255,1484,167478,13,361140
1971,0.00161,74.125.24.0-255,766,168244,13,361140
1972,0.001972,74.125.24.0-255,1484,169728,13,361140
1973,0.002002,74.125.24.0-255,1484,171212,13,361140
1974,0.00202,74.125.24.0-255,1484,172696,13,361140
1975,0.002025,74.125.24.0-255,4320,177016,13,361140
1976,0.002037,74.125.24.0-255,1484,178500,13,361140
1977,0.00206,74.125.24.0-255,7156,185656,13,361140
1978,0.002064,74.125.24.0-255,2902,188558,13,361140
1979,0.002088,74.125.24.0-255,9992,198550,13,361140
1980,0.002114,74.125.24.0-255,2902,201452,13,361140
1981,0.002135,74.125.24.0-255,8574,210026,13,361140
1982,0.002148,74.125.24.0-255,2184,212210,13,361140
1983,0.002151,74.125.24.0-255,2902,215112,13,361140
1984,0.002174,74.125.24.0-255,9992,225104,13,361140
1985,0.002183,74.125.24.0-255,1484,226588,13,361140
1986,0.002191,74.125.24.0-255,9274,235862,13,361140
1987,0.002247,74.125.24.0-255,1484,237346,13,361140
1988,0.002264,74.125.24.0-255,2902,240248,13,361140
1989,0.002281,74.125.24.0-255,4320,244568,13,361140
1990,0.002292,74.125.24.0-255,1484,246052,13,361140
1991,0.002306,74.125.24.0-255,9992,256044,13,361140
1992,0.002318,74.125.24.0-255,2902,258946,13,361140
1993,0.002327,74.125.24.0-255,8574,267520,13,361140
1994,0.002341,74.125.24.0-255,2184,269704,13,361140
1995,0.002404,74.125.24.0-255,1484,271188,13,361140
1996,0.002408,74.125.24.0-255,2902,274090,13,361140
1997,0.002413,74.125.24.0-255,4320,278410,13,361140
1998,0.002429,74.125.24.0-255,1484,279894,13,361140
1999,0.002436,74.125.24.0-255,7156,287050,13,361140
2000,0.002438,74.125.24.0-255,1484,288534,13,361140
2001,0.002464,74.125.24.0-255,9992,298526,13,361140
2002,0.002475,74.125.24.0-255,2902,301428,13,361140
2003,0.002479,74.125.24.0-255,3602,305030,13,361140
2004,0.002537,74.125.24.0-255,4320,309350,13,361140
2005,0.002553,74.125.24.0-255,4320,313670,13,361140
2006,0.004362,172.31.36.0-255,66,313736,13,361140
2007,0.006821,74.125.24.0-255,5738,319474,13,361140
2008,0.006828,172.31.36.0-255,66,319540,13,361140
2009,0.009279,74.125.24.0-255,5738,325278,13,361140
2010,0.009286,172.31.36.0-255,66,325344,13,361140
2011,0.011749,74.125.24.0-255,5738,331082,13,361140
2012,0.011756,172.31.36.0-255,66,331148,13,361140
2013,0.01423,74.125.24.0-255,5738,336886,13,361140
2014,0.015415,172.31.36.0-255,66,336952,13,361140
2015,0.01791,74.125.24.0-255,5738,342690,13,361140
2016,0.017924,172.31.36.0-255,66,342756,13,361140
2017,0.020374,74.125.24.0-255,5738,348494,13,361140
2018,0.020383,172.31.36.0-255,66,348560,13,361140
2019,0.022833,74.125.24.0-255,5738,354298,13,361140
2020,0.02284,172.31.36.0-255,66,354364,13,361140
2021,0.025303,74.125.24.0-255,5738,360102,13,361140
2022,0.02531,172.31.36.0-255,66,360168,13,361140
2023,0.027774,74.125.24.0-255,801,360969,13,361140
2024,0.027914,172.31.36.0-255,66,361035,13,361140
2025,0.027942,172.31.36.0-255,105,361140,13,361140
2026,0.0,74.125.24.0-255,153,153,13,322637
2027,3.3e-05,172.31.36.0-255,66,219,13,322637
2028,4.1e-05,74.125.24.0-255,1484,1703,13,322637
2029,4.5e-05,172.31.36.0-255,66,1769,13,322637
2030,5e-05,74.125.24.0-255,2902,4671,13,322637
2031,6e-05,172.31.36.0-255,66,4737,13,322637
2032,6.3e-05,74.125.24.0-255,1484,6221,13,322637
2033,6.6e-05,172.31.36.0-255,66,6287,13,322637
2034,7.1e-05,74.125.24.0-255,2902,9189,13,322637
2035,7.3e-05,172.31.36.0-255,66,9255,13,322637
2036,0.000101,74.125.24.0-255,2902,12157,13,322637
2037,0.000103,172.31.36.0-255,66,12223,13,322637
2038,0.000108,74.125.24.0-255,2049,14272,13,322637
2039,0.00011,172.31.36.0-255,66,14338,13,322637
2040,0.000115,74.125.24.0-255,2902,17240,13,322637
2041,0.000118,172.31.36.0-255,66,17306,13,322637
2042,0.000124,74.125.24.0-255,7156,24462,13,322637
2043,0.000127,172.31.36.0-255,66,24528,13,322637
2044,0.000172,172.31.36.0-255,66,24594,13,322637
2045,0.000181,74.125.24.0-255,9992,34586,13,322637
2046,0.000183,172.31.36.0-255,66,34652,13,322637
2047,0.000213,74.125.24.0-255,2184,36836,13,322637
2048,0.000215,172.31.36.0-255,66,36902,13,322637
2049,0.000333,74.125.24.0-255,1484,38386,13,322637
2050,0.000337,172.31.36.0-255,66,38452,13,322637
2051,0.000342,74.125.24.0-255,2902,41354,13,322637
2052,0.000344,172.31.36.0-255,66,41420,13,322637
2053,0.000377,74.125.24.0-255,5738,47158,13,322637
2054,0.000382,172.31.36.0-255,66,47224,13,322637
2055,0.000426,74.125.24.0-255,7142,54366,13,322637
2056,0.00043,172.31.36.0-255,66,54432,13,322637
2057,0.000662,74.125.24.0-255,1484,55916,13,322637
2058,0.000669,74.125.24.0-255,2902,58818,13,322637
2059,0.000672,172.31.36.0-255,66,58884,13,322637
2060,0.000678,74.125.24.0-255,2902,61786,13,322637
2061,0.000685,172.31.36.0-255,66,61852,13,322637
2062,0.000702,74.125.24.0-255,2902,64754,13,322637
2063,0.000705,172.31.36.0-255,66,64820,13,322637
2064,0.000718,172.31.36.0-255,66,64886,13,322637
2065,0.000763,74.125.24.0-255,10692,75578,13,322637
2066,0.000766,172.31.36.0-255,66,75644,13,322637
2067,0.00088,74.125.24.0-255,332,75976,13,322637
2068,0.00091,74.125.24.0-255,1484,77460,13,322637
2069,0.000915,172.31.36.0-255,66,77526,13,322637
2070,0.000924,74.125.24.0-255,4320,81846,13,322637
2071,0.000932,172.31.36.0-255,66,81912,13,322637
2072,0.000963,74.125.24.0-255,7156,89068,13,322637
2073,0.000966,172.31.36.0-255,66,89134,13,322637
2074,0.000973,74.125.24.0-255,5738,94872,13,322637
2075,0.000976,172.31.36.0-255,66,94938,13,322637
2076,0.001006,74.125.24.0-255,2902,97840,13,322637
2077,0.001009,172.31.36.0-255,66,97906,13,322637
2078,0.001031,172.31.36.0-255,66,97972,13,322637
2079,0.001093,74.125.24.0-255,1484,99456,13,322637
2080,0.001106,74.125.24.0-255,2902,102358,13,322637
2081,0.00111,172.31.36.0-255,66,102424,13,322637
2082,0.001135,74.125.24.0-255,2902,105326,13,322637
2083,0.001139,172.31.36.0-255,66,105392,13,322637
2084,0.001166,74.125.24.0-255,2902,108294,13,322637
2085,0.001171,172.31.36.0-255,66,108360,13,322637
2086,0.001172,74.125.24.0-255,5738,114098,13,322637
2087,0.001175,172.31.36.0-255,66,114164,13,322637
2088,0.001178,74.125.24.0-255,5738,119902,13,322637
2089,0.001181,172.31.36.0-255,66,119968,13,322637
2090,0.001208,74.125.24.0-255,7156,127124,13,322637
2091,0.001211,172.31.36.0-255,66,127190,13,322637
2092,0.001219,74.125.24.0-255,5020,132210,13,322637
2093,0.001222,172.31.36.0-255,66,132276,13,322637
2094,0.00134,74.125.24.0-255,1484,133760,13,322637
2095,0.001345,74.125.24.0-255,1484,135244,13,322637
2096,0.001348,172.31.36.0-255,66,135310,13,322637
2097,0.001372,74.125.24.0-255,1484,136794,13,322637
2098,0.001381,74.125.24.0-255,5738,142532,13,322637
2099,0.001384,172.31.36.0-255,66,142598,13,322637
2100,0.00139,74.125.24.0-255,4320,146918,13,322637
2101,0.001392,172.31.36.0-255,66,146984,13,322637
2102,0.001431,74.125.24.0-255,8574,155558,13,322637
2103,0.001435,172.31.36.0-255,66,155624,13,322637
2104,0.001444,74.125.24.0-255,10692,166316,13,322637
2105,0.001447,172.31.36.0-255,66,166382,13,322637
2106,0.001525,74.125.24.0-255,1484,167866,13,322637
2107,0.001531,74.125.24.0-255,2902,170768,13,322637
2108,0.001533,172.31.36.0-255,66,170834,13,322637
2109,0.001566,74.125.24.0-255,5738,176572,13,322637
2110,0.001569,172.31.36.0-255,66,176638,13,322637
2111,0.001577,74.125.24.0-255,8574,185212,13,322637
2112,0.00158,172.31.36.0-255,66,185278,13,322637
2113,0.001615,74.125.24.0-255,4320,189598,13,322637
2114,0.001618,172.31.36.0-255,66,189664,13,322637
2115,0.001643,74.125.24.0-255,10692,200356,13,322637
2116,0.001646,172.31.36.0-255,66,200422,13,322637
2117,0.001974,74.125.24.0-255,1484,201906,13,322637
2118,0.00198,74.125.24.0-255,2902,204808,13,322637
2119,0.001983,172.31.36.0-255,66,204874,13,322637
2120,0.002044,74.125.24.0-255,5738,210612,13,322637
2121,0.002048,172.31.36.0-255,66,210678,13,322637
2122,0.002078,74.125.24.0-255,8574,219252,13,322637
2123,0.002082,172.31.36.0-255,66,219318,13,322637
2124,0.002089,74.125.24.0-255,5738,225056,13,322637
2125,0.002091,172.31.36.0-255,66,225122,13,322637
2126,0.002093,74.125.24.0-255,1484,226606,13,322637
2127,0.002125,74.125.24.0-255,2902,229508,13,322637
2128,0.002129,172.31.36.0-255,66,229574,13,322637
2129,0.002158,74.125.24.0-255,5020,234594,13,322637
2130,0.002161,172.31.36.0-255,66,234660,13,322637
2131,0.002361,74.125.24.0-255,1484,236144,13,322637
2132,0.002367,74.125.24.0-255,2902,239046,13,322637
2133,0.00237,172.31.36.0-255,66,239112,13,322637
2134,0.002396,74.125.24.0-255,4320,243432,13,322637
2135,0.0024,172.31.36.0-255,66,243498,13,322637
2136,0.002404,74.125.24.0-255,1484,244982,13,322637
2137,0.002428,74.125.24.0-255,7156,252138,13,322637
2138,0.002446,172.31.36.0-255,66,252204,13,322637
2139,0.00245,74.125.24.0-255,1484,253688,13,322637
2140,0.002456,74.125.24.0-255,4320,258008,13,322637
2141,0.002459,172.31.36.0-255,66,258074,13,322637
2142,0.002498,74.125.24.0-255,7156,265230,13,322637
2143,0.002502,172.31.36.0-255,66,265296,13,322637
2144,0.002508,74.125.24.0-255,3602,268898,13,322637
2145,0.00251,172.31.36.0-255,66,268964,13,322637
2146,0.00256,74.125.24.0-255,1484,270448,13,322637
2147,0.002566,74.125.24.0-255,2902,273350,13,322637
2148,0.002568,172.31.36.0-255,66,273416,13,322637
2149,0.002605,74.125.24.0-255,5738,279154,13,322637
2150,0.00261,172.31.36.0-255,66,279220,13,322637
2151,0.00263,172.31.36.0-255,66,279286,13,322637
2152,0.002639,74.125.24.0-255,9992,289278,13,322637
2153,0.002642,172.31.36.0-255,66,289344,13,322637
2154,0.002673,74.125.24.0-255,3602,292946,13,322637
2155,0.002677,172.31.36.0-255,66,293012,13,322637
2156,0.002691,172.31.36.0-255,66,293078,13,322637
2157,0.002723,74.125.24.0-255,7156,300234,13,322637
2158,0.002728,172.31.36.0-255,66,300300,13,322637
2159,0.002731,74.125.24.0-255,1484,301784,13,322637
2160,0.002737,74.125.24.0-255,4320,306104,13,322637
2161,0.002761,74.125.24.0-255,6438,312542,13,322637
2162,0.002783,74.125.24.0-255,6433,318975,13,322637
2163,0.00281,74.125.24.0-255,105,319080,13,322637
2164,0.008855,172.31.36.0-255,66,319146,13,322637
2165,0.010253,172.31.36.0-255,105,319251,13,322637
2166,0.012278,74.125.24.0-255,66,319317,13,322637
2167,0.027263,172.31.36.0-255,167,319484,13,322637
2168,0.02729,172.31.36.0-255,1108,320592,13,322637
2169,0.027323,172.31.36.0-255,1514,322106,13,322637
2170,0.027325,172.31.36.0-255,333,322439,13,322637
2171,0.028773,104.244.42.0-255,66,322505,13,322637
2172,0.028792,104.244.42.0-255,66,322571,13,322637
2173,0.028859,104.244.42.0-255,66,322637,13,322637
2174,0.0,74.125.24.0-255,153,153,13,322754
2175,2.4e-05,172.31.36.0-255,66,219,13,322754
2176,3.1e-05,74.125.24.0-255,1484,1703,13,322754
2177,3.6e-05,172.31.36.0-255,66,1769,13,322754
2178,4.1e-05,74.125.24.0-255,2902,4671,13,322754
2179,4.4e-05,172.31.36.0-255,66,4737,13,322754
2180,5.3e-05,74.125.24.0-255,7156,11893,13,322754
2181,5.7e-05,172.31.36.0-255,66,11959,13,322754
2182,6.2e-05,74.125.24.0-255,2086,14045,13,322754
2183,6.5e-05,172.31.36.0-255,66,14111,13,322754
2184,7.5e-05,74.125.24.0-255,8574,22685,13,322754
2185,7.8e-05,172.31.36.0-255,66,22751,13,322754
2186,9.9e-05,74.125.24.0-255,2902,25653,13,322754
2187,0.000101,172.31.36.0-255,66,25719,13,322754
2188,0.000107,74.125.24.0-255,5379,31098,13,322754
2189,0.00011,172.31.36.0-255,66,31164,13,322754
2190,0.000176,74.125.24.0-255,1484,32648,13,322754
2191,0.000179,172.31.36.0-255,66,32714,13,322754
2192,0.000184,74.125.24.0-255,2902,35616,13,322754
2193,0.000186,172.31.36.0-255,66,35682,13,322754
2194,0.000192,74.125.24.0-255,2902,38584,13,322754
2195,0.000195,172.31.36.0-255,66,38650,13,322754
2196,0.000227,74.125.24.0-255,7156,45806,13,322754
2197,0.00023,172.31.36.0-255,66,45872,13,322754
2198,0.000243,74.125.24.0-255,2902,48774,13,322754
2199,0.000245,172.31.36.0-255,66,48840,13,322754
2200,0.000273,172.31.36.0-255,66,48906,13,322754
2201,0.000293,74.125.24.0-255,2543,51449,13,322754
2202,0.000296,172.31.36.0-255,66,51515,13,322754
2203,0.0003,74.125.24.0-255,2818,54333,13,322754
2204,0.000302,172.31.36.0-255,66,54399,13,322754
2205,0.000304,74.125.24.0-255,412,54811,13,322754
2206,0.00059,74.125.24.0-255,1484,56295,13,322754
2207,0.000596,172.31.36.0-255,66,56361,13,322754
2208,0.000601,74.125.24.0-255,2902,59263,13,322754
2209,0.000604,172.31.36.0-255,66,59329,13,322754
2210,0.000609,74.125.24.0-255,2902,62231,13,322754
2211,0.000612,172.31.36.0-255,66,62297,13,322754
2212,0.000638,74.125.24.0-255,1484,63781,13,322754
2213,0.000646,74.125.24.0-255,5738,69519,13,322754
2214,0.000648,172.31.36.0-255,66,69585,13,322754
2215,0.000662,172.31.36.0-255,66,69651,13,322754
2216,0.000666,74.125.24.0-255,2902,72553,13,322754
2217,0.000668,172.31.36.0-255,66,72619,13,322754
2218,0.000684,74.125.24.0-255,5020,77639,13,322754
2219,0.000688,172.31.36.0-255,66,77705,13,322754
2220,0.001356,74.125.24.0-255,1484,79189,13,322754
2221,0.001362,74.125.24.0-255,2902,82091,13,322754
2222,0.001366,172.31.36.0-255,66,82157,13,322754
2223,0.00139,74.125.24.0-255,5738,87895,13,322754
2224,0.001394,172.31.36.0-255,66,87961,13,322754
2225,0.0014,74.125.24.0-255,4320,92281,13,322754
2226,0.001402,172.31.36.0-255,66,92347,13,322754
2227,0.001433,74.125.24.0-255,8574,100921,13,322754
2228,0.001443,74.125.24.0-255,10692,111613,13,322754
2229,0.001448,172.31.36.0-255,66,111679,13,322754
2230,0.001456,172.31.36.0-255,66,111745,13,322754
2231,0.001493,74.125.24.0-255,1484,113229,13,322754
2232,0.001499,74.125.24.0-255,2902,116131,13,322754
2233,0.001502,172.31.36.0-255,66,116197,13,322754
2234,0.001524,74.125.24.0-255,5738,121935,13,322754
2235,0.001526,172.31.36.0-255,66,122001,13,322754
2236,0.001531,74.125.24.0-255,2902,124903,13,322754
2237,0.001533,172.31.36.0-255,66,124969,13,322754
2238,0.00154,74.125.24.0-255,7156,132125,13,322754
2239,0.001542,172.31.36.0-255,66,132191,13,322754
2240,0.001565,74.125.24.0-255,2902,135093,13,322754
2241,0.001568,172.31.36.0-255,66,135159,13,322754
2242,0.001583,74.125.24.0-255,5738,140897,13,322754
2243,0.001586,172.31.36.0-255,66,140963,13,322754
2244,0.001602,74.125.24.0-255,5020,145983,13,322754
2245,0.001606,172.31.36.0-255,66,146049,13,322754
2246,0.001644,74.125.24.0-255,1484,147533,13,322754
2247,0.001649,74.125.24.0-255,2902,150435,13,322754
2248,0.001652,172.31.36.0-255,66,150501,13,322754
2249,0.001673,74.125.24.0-255,5738,156239,13,322754
2250,0.001676,172.31.36.0-255,66,156305,13,322754
2251,0.001682,74.125.24.0-255,5738,162043,13,322754
2252,0.001684,172.31.36.0-255,66,162109,13,322754
2253,0.00171,74.125.24.0-255,7156,169265,13,322754
2254,0.001713,172.31.36.0-255,66,169331,13,322754
2255,0.001735,74.125.24.0-255,5738,175069,13,322754
2256,0.001741,74.125.24.0-255,5020,180089,13,322754
2257,0.001745,172.31.36.0-255,66,180155,13,322754
2258,0.001752,172.31.36.0-255,66,180221,13,322754
2259,0.001759,74.125.24.0-255,5738,185959,13,322754
2260,0.001762,172.31.36.0-255,66,186025,13,322754
2261,0.001801,172.31.36.0-255,66,186091,13,322754
2262,0.001804,74.125.24.0-255,1484,187575,13,322754
2263,0.001844,74.125.24.0-255,8574,196149,13,322754
2264,0.001847,172.31.36.0-255,66,196215,13,322754
2265,0.001866,74.125.24.0-255,5020,201235,13,322754
2266,0.001871,172.31.36.0-255,66,201301,13,322754
2267,0.001936,74.125.24.0-255,1484,202785,13,322754
2268,0.00195,74.125.24.0-255,2902,205687,13,322754
2269,0.001953,172.31.36.0-255,66,205753,13,322754
2270,0.001958,74.125.24.0-255,2902,208655,13,322754
2271,0.00196,172.31.36.0-255,66,208721,13,322754
2272,0.001975,74.125.24.0-255,2902,211623,13,322754
2273,0.001977,172.31.36.0-255,66,211689,13,322754
2274,0.001982,74.125.24.0-255,2902,214591,13,322754
2275,0.001983,172.31.36.0-255,66,214657,13,322754
2276,0.00202,74.125.24.0-255,8574,223231,13,322754
2277,0.002023,172.31.36.0-255,66,223297,13,322754
2278,0.002035,172.31.36.0-255,66,223363,13,322754
2279,0.002205,74.125.24.0-255,1484,224847,13,322754
2280,0.00221,74.125.24.0-255,1484,226331,13,322754
2281,0.002214,172.31.36.0-255,66,226397,13,322754
2282,0.00224,74.125.24.0-255,1484,227881,13,322754
2283,0.002247,74.125.24.0-255,5738,233619,13,322754
2284,0.00225,172.31.36.0-255,66,233685,13,322754
2285,0.002256,74.125.24.0-255,5738,239423,13,322754
2286,0.002258,172.31.36.0-255,66,239489,13,322754
2287,0.002317,172.31.36.0-255,66,239555,13,322754
2288,0.002324,74.125.24.0-255,5020,244575,13,322754
2289,0.002327,172.31.36.0-255,66,244641,13,322754
2290,0.002401,74.125.24.0-255,1484,246125,13,322754
2291,0.002409,74.125.24.0-255,2902,249027,13,322754
2292,0.002412,172.31.36.0-255,66,249093,13,322754
2293,0.00242,74.125.24.0-255,5738,254831,13,322754
2294,0.002423,172.31.36.0-255,66,254897,13,322754
2295,0.002427,74.125.24.0-255,2902,257799,13,322754
2296,0.00243,172.31.36.0-255,66,257865,13,322754
2297,0.00247,74.125.24.0-255,9992,267857,13,322754
2298,0.002474,172.31.36.0-255,66,267923,13,322754
2299,0.002477,74.125.24.0-255,1484,269407,13,322754
2300,0.004868,74.125.24.0-255,4320,273727,13,322754
2301,0.004875,172.31.36.0-255,66,273793,13,322754
2302,0.007292,74.125.24.0-255,5738,279531,13,322754
2303,0.007299,172.31.36.0-255,66,279597,13,322754
2304,0.009674,74.125.24.0-255,5738,285335,13,322754
2305,0.009678,172.31.36.0-255,66,285401,13,322754
2306,0.01206,74.125.24.0-255,5738,291139,13,322754
2307,0.012068,172.31.36.0-255,66,291205,13,322754
2308,0.01446,74.125.24.0-255,4320,295525,13,322754
2309,0.014469,172.31.36.0-255,66,295591,13,322754
2310,0.014487,74.125.24.0-255,1484,297075,13,322754
2311,0.016869,74.125.24.0-255,4320,301395,13,322754
2312,0.016882,172.31.36.0-255,66,301461,13,322754
2313,0.01929,74.125.24.0-255,5738,307199,13,322754
2314,0.019298,172.31.36.0-255,66,307265,13,322754
2315,0.021718,74.125.24.0-255,5738,313003,13,322754
2316,0.021728,172.31.36.0-255,66,313069,13,322754
2317,0.024169,74.125.24.0-255,5738,318807,13,322754
2318,0.024181,172.31.36.0-255,66,318873,13,322754
2319,0.026578,74.125.24.0-255,3644,322517,13,322754
2320,0.026585,172.31.36.0-255,66,322583,13,322754
2321,0.02681,172.31.36.0-255,105,322688,13,322754
2322,0.029179,74.125.24.0-255,66,322754,13,322754
2323,0.0,74.125.130.0-255,152,152,13,193700
2324,3.7e-05,172.31.36.0-255,66,218,13,193700
2325,4.4e-05,74.125.130.0-255,1484,1702,13,193700
2326,4.8e-05,172.31.36.0-255,66,1768,13,193700
2327,5.3e-05,74.125.130.0-255,2902,4670,13,193700
2328,5.6e-05,172.31.36.0-255,66,4736,13,193700
2329,6e-05,74.125.130.0-255,2902,7638,13,193700
2330,6.3e-05,172.31.36.0-255,66,7704,13,193700
2331,8.9e-05,74.125.130.0-255,1484,9188,13,193700
2332,9.2e-05,172.31.36.0-255,66,9254,13,193700
2333,9.8e-05,74.125.130.0-255,4907,14161,13,193700
2334,0.0001,172.31.36.0-255,66,14227,13,193700
2335,0.000238,74.125.130.0-255,1484,15711,13,193700
2336,0.000243,172.31.36.0-255,66,15777,13,193700
2337,0.000249,74.125.130.0-255,2902,18679,13,193700
2338,0.000253,172.31.36.0-255,66,18745,13,193700
2339,0.000278,74.125.130.0-255,2902,21647,13,193700
2340,0.000281,172.31.36.0-255,66,21713,13,193700
2341,0.000286,74.125.130.0-255,4320,26033,13,193700
2342,0.000289,172.31.36.0-255,66,26099,13,193700
2343,0.000309,74.125.130.0-255,1484,27583,13,193700
2344,0.000312,172.31.36.0-255,66,27649,13,193700
2345,0.000334,74.125.130.0-255,3961,31610,13,193700
2346,0.000338,172.31.36.0-255,66,31676,13,193700
2347,0.000345,74.125.130.0-255,5738,37414,13,193700
2348,0.000349,172.31.36.0-255,66,37480,13,193700
2349,0.000357,74.125.130.0-255,2902,40382,13,193700
2350,0.00036,172.31.36.0-255,66,40448,13,193700
2351,0.000376,74.125.130.0-255,2902,43350,13,193700
2352,0.000379,172.31.36.0-255,66,43416,13,193700
2353,0.000417,74.125.130.0-255,5379,48795,13,193700
2354,0.000421,172.31.36.0-255,66,48861,13,193700
2355,0.000536,74.125.130.0-255,1484,50345,13,193700
2356,0.000542,74.125.130.0-255,2902,53247,13,193700
2357,0.000546,172.31.36.0-255,66,53313,13,193700
2358,0.000565,74.125.130.0-255,2902,56215,13,193700
2359,0.000569,172.31.36.0-255,66,56281,13,193700
2360,0.000588,74.125.130.0-255,4320,60601,13,193700
2361,0.000591,172.31.36.0-255,66,60667,13,193700
2362,0.000614,74.125.130.0-255,2902,63569,13,193700
2363,0.000617,172.31.36.0-255,66,63635,13,193700
2364,0.000635,74.125.130.0-255,2839,66474,13,193700
2365,0.000638,172.31.36.0-255,66,66540,13,193700
2366,0.00064,74.125.130.0-255,380,66920,13,193700
2367,0.000802,172.31.36.0-255,66,66986,13,193700
2368,0.000965,74.125.130.0-255,1484,68470,13,193700
2369,0.000974,74.125.130.0-255,1484,69954,13,193700
2370,0.000978,172.31.36.0-255,66,70020,13,193700
2371,0.000997,74.125.130.0-255,1484,71504,13,193700
2372,0.001002,74.125.130.0-255,1484,72988,13,193700
2373,0.001005,172.31.36.0-255,66,73054,13,193700
2374,0.001021,74.125.130.0-255,4320,77374,13,193700
2375,0.001025,172.31.36.0-255,66,77440,13,193700
2376,0.001036,74.125.130.0-255,1484,78924,13,193700
2377,0.00106,74.125.130.0-255,7156,86080,13,193700
2378,0.001063,172.31.36.0-255,66,86146,13,193700
2379,0.001072,74.125.130.0-255,9992,96138,13,193700
2380,0.001075,172.31.36.0-255,66,96204,13,193700
2381,0.001081,74.125.130.0-255,5020,101224,13,193700
2382,0.001085,172.31.36.0-255,66,101290,13,193700
2383,0.001574,74.125.130.0-255,1484,102774,13,193700
2384,0.001583,74.125.130.0-255,2902,105676,13,193700
2385,0.001587,172.31.36.0-255,66,105742,13,193700
2386,0.001611,74.125.130.0-255,5738,111480,13,193700
2387,0.001614,172.31.36.0-255,66,111546,13,193700
2388,0.001667,74.125.130.0-255,9992,121538,13,193700
2389,0.001671,172.31.36.0-255,66,121604,13,193700
2390,0.001683,172.31.36.0-255,66,121670,13,193700
2391,0.001687,74.125.130.0-255,2184,123854,13,193700
2392,0.001689,172.31.36.0-255,66,123920,13,193700
2393,0.003819,74.125.130.0-255,2902,126822,13,193700
2394,0.003823,172.31.36.0-255,66,126888,13,193700
2395,0.003839,74.125.130.0-255,2902,129790,13,193700
2396,0.003841,172.31.36.0-255,66,129856,13,193700
2397,0.0061,74.125.130.0-255,5738,135594,13,193700
2398,0.006107,172.31.36.0-255,66,135660,13,193700
2399,0.008257,74.125.130.0-255,5738,141398,13,193700
2400,0.008262,172.31.36.0-255,66,141464,13,193700
2401,0.010577,74.125.130.0-255,5738,147202,13,193700
2402,0.010583,172.31.36.0-255,66,147268,13,193700
2403,0.012757,74.125.130.0-255,5738,153006,13,193700
2404,0.012764,172.31.36.0-255,66,153072,13,193700
2405,0.014928,74.125.130.0-255,5738,158810,13,193700
2406,0.014935,172.31.36.0-255,66,158876,13,193700
2407,0.017099,74.125.130.0-255,5738,164614,13,193700
2408,0.017108,172.31.36.0-255,66,164680,13,193700
2409,0.019265,74.125.130.0-255,5738,170418,13,193700
2410,0.019274,172.31.36.0-255,66,170484,13,193700
2411,0.021439,74.125.130.0-255,5738,176222,13,193700
2412,0.021445,172.31.36.0-255,66,176288,13,193700
2413,0.023817,74.125.130.0-255,5738,182026,13,193700
2414,0.023824,172.31.36.0-255,66,182092,13,193700
2415,0.025983,74.125.130.0-255,5738,187830,13,193700
2416,0.025991,172.31.36.0-255,66,187896,13,193700
2417,0.028143,74.125.130.0-255,5738,193634,13,193700
2418,0.028151,172.31.36.0-255,66,193700,13,193700
2419,0.0,74.125.68.0-255,153,153,13,352961
2420,1.9e-05,172.31.36.0-255,66,219,13,352961
2421,2.6e-05,74.125.68.0-255,1484,1703,13,352961
2422,3.1e-05,172.31.36.0-255,66,1769,13,352961
2423,3.7e-05,74.125.68.0-255,2902,4671,13,352961
2424,4e-05,172.31.36.0-255,66,4737,13,352961
2425,4.4e-05,74.125.68.0-255,1484,6221,13,352961
2426,4.6e-05,172.31.36.0-255,66,6287,13,352961
2427,5e-05,74.125.68.0-255,1484,7771,13,352961
2428,5.2e-05,172.31.36.0-255,66,7837,13,352961
2429,7.7e-05,74.125.68.0-255,1484,9321,13,352961
2430,8e-05,172.31.36.0-255,66,9387,13,352961
2431,9.9e-05,74.125.68.0-255,4887,14274,13,352961
2432,0.000101,172.31.36.0-255,66,14340,13,352961
2433,0.000184,74.125.68.0-255,1484,15824,13,352961
2434,0.000187,172.31.36.0-255,66,15890,13,352961
2435,0.000193,74.125.68.0-255,2902,18792,13,352961
2436,0.000196,172.31.36.0-255,66,18858,13,352961
2437,0.000215,74.125.68.0-255,4320,23178,13,352961
2438,0.000218,172.31.36.0-255,66,23244,13,352961
2439,0.000267,74.125.68.0-255,8215,31459,13,352961
2440,0.00027,172.31.36.0-255,66,31525,13,352961
2441,0.000287,74.125.68.0-255,1484,33009,13,352961
2442,0.00029,172.31.36.0-255,66,33075,13,352961
2443,0.000314,74.125.68.0-255,7156,40231,13,352961
2444,0.000317,172.31.36.0-255,66,40297,13,352961
2445,0.000325,74.125.68.0-255,7156,47453,13,352961
2446,0.000328,172.31.36.0-255,66,47519,13,352961
2447,0.000357,74.125.68.0-255,2902,50421,13,352961
2448,0.00036,172.31.36.0-255,66,50487,13,352961
2449,0.000364,74.125.68.0-255,2902,53389,13,352961
2450,0.000366,172.31.36.0-255,66,53455,13,352961
2451,0.000371,74.125.68.0-255,2902,56357,13,352961
2452,0.000374,172.31.36.0-255,66,56423,13,352961
2453,0.000391,74.125.68.0-255,1484,57907,13,352961
2454,0.000394,74.125.68.0-255,1484,59391,13,352961
2455,0.000397,172.31.36.0-255,66,59457,13,352961
2456,0.000402,74.125.68.0-255,2902,62359,13,352961
2457,0.000404,172.31.36.0-255,66,62425,13,352961
2458,0.000452,74.125.68.0-255,3602,66027,13,352961
2459,0.000456,172.31.36.0-255,66,66093,13,352961
2460,0.000486,74.125.68.0-255,677,66770,13,352961
2461,0.000526,74.125.68.0-255,1484,68254,13,352961
2462,0.000528,172.31.36.0-255,66,68320,13,352961
2463,0.000545,74.125.68.0-255,4320,72640,13,352961
2464,0.000547,172.31.36.0-255,66,72706,13,352961
2465,0.000569,74.125.68.0-255,5738,78444,13,352961
2466,0.000571,172.31.36.0-255,66,78510,13,352961
2467,0.00061,74.125.68.0-255,4320,82830,13,352961
2468,0.000613,172.31.36.0-255,66,82896,13,352961
2469,0.000638,74.125.68.0-255,7156,90052,13,352961
2470,0.000641,172.31.36.0-255,66,90118,13,352961
2471,0.000659,74.125.68.0-255,7156,97274,13,352961
2472,0.000663,172.31.36.0-255,66,97340,13,352961
2473,0.000687,74.125.68.0-255,3602,100942,13,352961
2474,0.00069,172.31.36.0-255,66,101008,13,352961
2475,0.000788,74.125.68.0-255,1484,102492,13,352961
2476,0.000803,74.125.68.0-255,2902,105394,13,352961
2477,0.000806,172.31.36.0-255,66,105460,13,352961
2478,0.000826,74.125.68.0-255,4320,109780,13,352961
2479,0.000831,172.31.36.0-255,66,109846,13,352961
2480,0.000873,74.125.68.0-255,8574,118420,13,352961
2481,0.000876,172.31.36.0-255,66,118486,13,352961
2482,0.000912,74.125.68.0-255,5738,124224,13,352961
2483,0.000916,172.31.36.0-255,66,124290,13,352961
2484,0.000941,74.125.68.0-255,7156,131446,13,352961
2485,0.000945,172.31.36.0-255,66,131512,13,352961
2486,0.000968,74.125.68.0-255,3602,135114,13,352961
2487,0.000972,172.31.36.0-255,66,135180,13,352961
2488,0.001064,74.125.68.0-255,1484,136664,13,352961
2489,0.001069,74.125.68.0-255,2902,139566,13,352961
2490,0.001075,172.31.36.0-255,66,139632,13,352961
2491,0.001085,74.125.68.0-255,2902,142534,13,352961
2492,0.001088,172.31.36.0-255,66,142600,13,352961
2493,0.001119,74.125.68.0-255,2902,145502,13,352961
2494,0.001122,172.31.36.0-255,66,145568,13,352961
2495,0.001129,74.125.68.0-255,5738,151306,13,352961
2496,0.001131,172.31.36.0-255,66,151372,13,352961
2497,0.001138,74.125.68.0-255,7156,158528,13,352961
2498,0.00114,172.31.36.0-255,66,158594,13,352961
2499,0.001165,74.125.68.0-255,4320,162914,13,352961
2500,0.001169,172.31.36.0-255,66,162980,13,352961
2501,0.001186,74.125.68.0-255,2902,165882,13,352961
2502,0.001189,172.31.36.0-255,66,165948,13,352961
2503,0.001204,74.125.68.0-255,1484,167432,13,352961
2504,0.001217,74.125.68.0-255,2184,169616,13,352961
2505,0.00122,172.31.36.0-255,66,169682,13,352961
2506,0.001505,74.125.68.0-255,1484,171166,13,352961
2507,0.001523,74.125.68.0-255,2902,174068,13,352961
2508,0.001527,172.31.36.0-255,66,174134,13,352961
2509,0.001532,74.125.68.0-255,2902,177036,13,352961
2510,0.001534,172.31.36.0-255,66,177102,13,352961
2511,0.00155,74.125.68.0-255,2902,180004,13,352961
2512,0.001552,172.31.36.0-255,66,180070,13,352961
2513,0.001575,74.125.68.0-255,7156,187226,13,352961
2514,0.001577,172.31.36.0-255,66,187292,13,352961
2515,0.001594,74.125.68.0-255,2902,190194,13,352961
2516,0.001596,172.31.36.0-255,66,190260,13,352961
2517,0.001605,74.125.68.0-255,8574,198834,13,352961
2518,0.001607,172.31.36.0-255,66,198900,13,352961
2519,0.001632,74.125.68.0-255,2902,201802,13,352961
2520,0.001635,172.31.36.0-255,66,201868,13,352961
2521,0.001638,74.125.68.0-255,2184,204052,13,352961
2522,0.00164,172.31.36.0-255,66,204118,13,352961
2523,0.001711,74.125.68.0-255,1484,205602,13,352961
2524,0.001761,74.125.68.0-255,1484,207086,13,352961
2525,0.001764,172.31.36.0-255,66,207152,13,352961
2526,0.001779,74.125.68.0-255,1484,208636,13,352961
2527,0.001785,74.125.68.0-255,5738,214374,13,352961
2528,0.001787,172.31.36.0-255,66,214440,13,352961
2529,0.001795,74.125.68.0-255,8574,223014,13,352961
2530,0.001799,172.31.36.0-255,66,223080,13,352961
2531,0.001808,74.125.68.0-255,9992,233072,13,352961
2532,0.00181,172.31.36.0-255,66,233138,13,352961
2533,0.001813,74.125.68.0-255,1484,234622,13,352961
2534,0.001836,74.125.68.0-255,3602,238224,13,352961
2535,0.001839,172.31.36.0-255,66,238290,13,352961
2536,0.001845,74.125.68.0-255,5738,244028,13,352961
2537,0.001848,172.31.36.0-255,66,244094,13,352961
2538,0.001875,74.125.68.0-255,4320,248414,13,352961
2539,0.001877,172.31.36.0-255,66,248480,13,352961
2540,0.001907,74.125.68.0-255,7156,255636,13,352961
2541,0.00191,172.31.36.0-255,66,255702,13,352961
2542,0.001925,172.31.36.0-255,66,255768,13,352961
2543,0.00193,74.125.68.0-255,3602,259370,13,352961
2544,0.001933,172.31.36.0-255,66,259436,13,352961
2545,0.001954,74.125.68.0-255,4320,263756,13,352961
2546,0.001958,172.31.36.0-255,66,263822,13,352961
2547,0.001983,74.125.68.0-255,7156,270978,13,352961
2548,0.001986,172.31.36.0-255,66,271044,13,352961
2549,0.002014,74.125.68.0-255,8574,279618,13,352961
2550,0.002017,172.31.36.0-255,66,279684,13,352961
2551,0.002023,74.125.68.0-255,4320,284004,13,352961
2552,0.002026,172.31.36.0-255,66,284070,13,352961
2553,0.002055,74.125.68.0-255,5738,289808,13,352961
2554,0.002058,172.31.36.0-255,66,289874,13,352961
2555,0.002062,74.125.68.0-255,1484,291358,13,352961
2556,0.002079,74.125.68.0-255,2184,293542,13,352961
2557,0.002081,172.31.36.0-255,66,293608,13,352961
2558,0.002087,74.125.68.0-255,4320,297928,13,352961
2559,0.002089,172.31.36.0-255,66,297994,13,352961
2560,0.002118,74.125.68.0-255,8574,306568,13,352961
2561,0.002121,172.31.36.0-255,66,306634,13,352961
2562,0.002137,74.125.68.0-255,1484,308118,13,352961
2563,0.002142,74.125.68.0-255,2902,311020,13,352961
2564,0.002144,172.31.36.0-255,66,311086,13,352961
2565,0.002164,74.125.68.0-255,5738,316824,13,352961
2566,0.002166,172.31.36.0-255,66,316890,13,352961
2567,0.002181,74.125.68.0-255,7156,324046,13,352961
2568,0.002183,172.31.36.0-255,66,324112,13,352961
2569,0.002196,74.125.68.0-255,1484,325596,13,352961
2570,0.0022,74.125.68.0-255,2184,327780,13,352961
2571,0.002202,172.31.36.0-255,66,327846,13,352961
2572,0.002253,172.31.36.0-255,66,327912,13,352961
2573,0.002285,74.125.68.0-255,5738,333650,13,352961
2574,0.002288,172.31.36.0-255,66,333716,13,352961
2575,0.002307,74.125.68.0-255,9274,342990,13,352961
2576,0.002311,172.31.36.0-255,66,343056,13,352961
2577,0.002328,74.125.68.0-255,2902,345958,13,352961
2578,0.00233,172.31.36.0-255,66,346024,13,352961
2579,0.002357,74.125.68.0-255,6529,352553,13,352961
2580,0.00236,172.31.36.0-255,66,352619,13,352961
2581,0.004631,74.125.68.0-255,105,352724,13,352961
2582,0.008884,172.31.36.0-255,66,352790,13,352961
2583,0.008921,172.31.36.0-255,105,352895,13,352961
2584,0.011203,74.125.68.0-255,66,352961,13,352961
2585,0.0,74.125.24.0-255,146,146,13,290728
2586,2.7e-05,74.125.24.0-255,1484,1630,13,290728
2587,3.5e-05,172.31.36.0-255,66,1696,13,290728
2588,4.2e-05,74.125.24.0-255,2902,4598,13,290728
2589,4.5e-05,172.31.36.0-255,66,4664,13,290728
2590,8e-05,74.125.24.0-255,5738,10402,13,290728
2591,8.2e-05,172.31.36.0-255,66,10468,13,290728
2592,0.000113,74.125.24.0-255,3458,13926,13,290728
2593,0.000115,172.31.36.0-255,66,13992,13,290728
2594,0.000175,74.125.24.0-255,1484,15476,13,290728
2595,0.00019,74.125.24.0-255,2902,18378,13,290728
2596,0.000194,172.31.36.0-255,66,18444,13,290728
2597,0.0002,74.125.24.0-255,5738,24182,13,290728
2598,0.000203,172.31.36.0-255,66,24248,13,290728
2599,0.000248,74.125.24.0-255,4320,28568,13,290728
2600,0.000252,172.31.36.0-255,66,28634,13,290728
2601,0.000272,74.125.24.0-255,2543,31177,13,290728
2602,0.000275,172.31.36.0-255,66,31243,13,290728
2603,0.000881,74.125.24.0-255,1484,32727,13,290728
2604,0.000893,74.125.24.0-255,2902,35629,13,290728
2605,0.000897,172.31.36.0-255,66,35695,13,290728
2606,0.000903,74.125.24.0-255,2902,38597,13,290728
2607,0.000905,172.31.36.0-255,66,38663,13,290728
2608,0.000928,74.125.24.0-255,2902,41565,13,290728
2609,0.00093,172.31.36.0-255,66,41631,13,290728
2610,0.000938,74.125.24.0-255,6797,48428,13,290728
2611,0.00094,172.31.36.0-255,66,48494,13,290728
2612,0.000976,74.125.24.0-255,5738,54232,13,290728
2613,0.000981,172.31.36.0-255,66,54298,13,290728
2614,0.001003,74.125.24.0-255,1484,55782,13,290728
2615,0.001011,74.125.24.0-255,8574,64356,13,290728
2616,0.001014,172.31.36.0-255,66,64422,13,290728
2617,0.001017,74.125.24.0-255,1399,65821,13,290728
2618,0.001127,74.125.24.0-255,381,66202,13,290728
2619,0.001132,172.31.36.0-255,66,66268,13,290728
2620,0.001368,74.125.24.0-255,1484,67752,13,290728
2621,0.001376,74.125.24.0-255,2902,70654,13,290728
2622,0.001379,172.31.36.0-255,66,70720,13,290728
2623,0.0014,74.125.24.0-255,5738,76458,13,290728
2624,0.001402,172.31.36.0-255,66,76524,13,290728
2625,0.00142,74.125.24.0-255,2902,79426,13,290728
2626,0.001422,172.31.36.0-255,66,79492,13,290728
2627,0.001455,74.125.24.0-255,8215,87707,13,290728
2628,0.001457,172.31.36.0-255,66,87773,13,290728
2629,0.001465,74.125.24.0-255,8574,96347,13,290728
2630,0.001467,172.31.36.0-255,66,96413,13,290728
2631,0.001488,74.125.24.0-255,9992,106405,13,290728
2632,0.001491,172.31.36.0-255,66,106471,13,290728
2633,0.001499,74.125.24.0-255,10692,117163,13,290728
2634,0.001502,172.31.36.0-255,66,117229,13,290728
2635,0.001573,74.125.24.0-255,1484,118713,13,290728
2636,0.001576,74.125.24.0-255,1484,120197,13,290728
2637,0.001579,172.31.36.0-255,66,120263,13,290728
2638,0.001595,74.125.24.0-255,1484,121747,13,290728
2639,0.001608,74.125.24.0-255,5738,127485,13,290728
2640,0.001611,172.31.36.0-255,66,127551,13,290728
2641,0.001623,74.125.24.0-255,1484,129035,13,290728
2642,0.001642,74.125.24.0-255,4830,133865,13,290728
2643,0.001645,172.31.36.0-255,66,133931,13,290728
2644,0.001648,74.125.24.0-255,1484,135415,13,290728
2645,0.001678,172.31.36.0-255,66,135481,13,290728
2646,0.001714,172.31.36.0-255,66,135547,13,290728
2647,0.001731,74.125.24.0-255,2184,137731,13,290728
2648,0.001733,172.31.36.0-255,66,137797,13,290728
2649,0.00207,74.125.24.0-255,1484,139281,13,290728
2650,0.002084,74.125.24.0-255,2902,142183,13,290728
2651,0.002088,172.31.36.0-255,66,142249,13,290728
2652,0.002105,74.125.24.0-255,5738,147987,13,290728
2653,0.002108,172.31.36.0-255,66,148053,13,290728
2654,0.00211,74.125.24.0-255,1484,149537,13,290728
2655,0.002126,74.125.24.0-255,4320,153857,13,290728
2656,0.002128,172.31.36.0-255,66,153923,13,290728
2657,0.002151,74.125.24.0-255,8574,162497,13,290728
2658,0.002153,172.31.36.0-255,66,162563,13,290728
2659,0.002161,74.125.24.0-255,8574,171137,13,290728
2660,0.002163,172.31.36.0-255,66,171203,13,290728
2661,0.002176,74.125.24.0-255,766,171969,13,290728
2662,0.002223,74.125.24.0-255,1484,173453,13,290728
2663,0.002225,172.31.36.0-255,66,173519,13,290728
2664,0.002241,74.125.24.0-255,2902,176421,13,290728
2665,0.002243,172.31.36.0-255,66,176487,13,290728
2666,0.002285,74.125.24.0-255,5738,182225,13,290728
2667,0.002288,172.31.36.0-255,66,182291,13,290728
2668,0.002295,74.125.24.0-255,7156,189447,13,290728
2669,0.002297,172.31.36.0-255,66,189513,13,290728
2670,0.002302,74.125.24.0-255,4320,193833,13,290728
2671,0.002305,172.31.36.0-255,66,193899,13,290728
2672,0.002337,74.125.24.0-255,9992,203891,13,290728
2673,0.002341,172.31.36.0-255,66,203957,13,290728
2674,0.002345,74.125.24.0-255,2184,206141,13,290728
2675,0.002347,172.31.36.0-255,66,206207,13,290728
2676,0.002458,74.125.24.0-255,1484,207691,13,290728
2677,0.002462,74.125.24.0-255,1484,209175,13,290728
2678,0.002466,172.31.36.0-255,66,209241,13,290728
2679,0.002487,74.125.24.0-255,1484,210725,13,290728
2680,0.002493,74.125.24.0-255,4320,215045,13,290728
2681,0.002496,172.31.36.0-255,66,215111,13,290728
2682,0.002511,74.125.24.0-255,1484,216595,13,290728
2683,0.002545,74.125.24.0-255,8574,225169,13,290728
2684,0.002548,172.31.36.0-255,66,225235,13,290728
2685,0.002574,74.125.24.0-255,1484,226719,13,290728
2686,0.002587,172.31.36.0-255,66,226785,13,290728
2687,0.00259,74.125.24.0-255,2184,228969,13,290728
2688,0.002592,172.31.36.0-255,66,229035,13,290728
2689,0.002664,74.125.24.0-255,1484,230519,13,290728
2690,0.00267,74.125.24.0-255,2902,233421,13,290728
2691,0.002674,172.31.36.0-255,66,233487,13,290728
2692,0.002677,74.125.24.0-255,1484,234971,13,290728
2693,0.002704,74.125.24.0-255,4320,239291,13,290728
2694,0.002707,172.31.36.0-255,66,239357,13,290728
2695,0.002715,74.125.24.0-255,8574,247931,13,290728
2696,0.002717,172.31.36.0-255,66,247997,13,290728
2697,0.00274,74.125.24.0-255,4320,252317,13,290728
2698,0.002743,172.31.36.0-255,66,252383,13,290728
2699,0.002753,74.125.24.0-255,10692,263075,13,290728
2700,0.002756,172.31.36.0-255,66,263141,13,290728
2701,0.002798,74.125.24.0-255,7156,270297,13,290728
2702,0.002802,172.31.36.0-255,66,270363,13,290728
2703,0.002824,74.125.24.0-255,4320,274683,13,290728
2704,0.002828,172.31.36.0-255,66,274749,13,290728
2705,0.002844,172.31.36.0-255,66,274815,13,290728
2706,0.002858,172.31.36.0-255,66,274881,13,290728
2707,0.002871,172.31.36.0-255,66,274947,13,290728
2708,0.002896,74.125.24.0-255,2902,277849,13,290728
2709,0.0029,172.31.36.0-255,66,277915,13,290728
2710,0.002907,74.125.24.0-255,8574,286489,13,290728
2711,0.00291,172.31.36.0-255,66,286555,13,290728
2712,0.002942,74.125.24.0-255,3602,290157,13,290728
2713,0.002944,172.31.36.0-255,66,290223,13,290728
2714,0.002957,172.31.36.0-255,66,290289,13,290728
2715,0.00296,74.125.24.0-255,97,290386,13,290728
2716,0.002976,74.125.24.0-255,105,290491,13,290728
2717,0.004507,172.31.36.0-255,66,290557,13,290728
2718,0.00454,172.31.36.0-255,105,290662,13,290728
2719,0.00685,74.125.24.0-255,66,290728,13,290728
2720,0.0,172.217.160.0-255,153,153,13,259664
2721,3.3e-05,172.31.36.0-255,66,219,13,259664
2722,3.9e-05,172.217.160.0-255,1484,1703,13,259664
2723,4.3e-05,172.31.36.0-255,66,1769,13,259664
2724,4.8e-05,172.217.160.0-255,2902,4671,13,259664
2725,6e-05,172.31.36.0-255,66,4737,13,259664
2726,6.7e-05,172.217.160.0-255,7156,11893,13,259664
2727,7e-05,172.31.36.0-255,66,11959,13,259664
2728,7.4e-05,172.217.160.0-255,2020,13979,13,259664
2729,7.7e-05,172.217.160.0-255,2902,16881,13,259664
2730,7.8e-05,172.31.36.0-255,66,16947,13,259664
2731,8.3e-05,172.31.36.0-255,66,17013,13,259664
2732,0.000127,172.217.160.0-255,7156,24169,13,259664
2733,0.000131,172.31.36.0-255,66,24235,13,259664
2734,0.000135,172.217.160.0-255,1484,25719,13,259664
2735,0.000138,172.31.36.0-255,66,25785,13,259664
2736,0.000168,172.217.160.0-255,5379,31164,13,259664
2737,0.000172,172.31.36.0-255,66,31230,13,259664
2738,0.000361,172.217.160.0-255,1484,32714,13,259664
2739,0.000366,172.31.36.0-255,66,32780,13,259664
2740,0.000385,172.217.160.0-255,2902,35682,13,259664
2741,0.000389,172.31.36.0-255,66,35748,13,259664
2742,0.000396,172.217.160.0-255,5738,41486,13,259664
2743,0.000399,172.31.36.0-255,66,41552,13,259664
2744,0.000425,172.217.160.0-255,4320,45872,13,259664
2745,0.000431,172.31.36.0-255,66,45938,13,259664
2746,0.000448,172.217.160.0-255,2543,48481,13,259664
2747,0.000454,172.217.160.0-255,5738,54219,13,259664
2748,0.000455,172.31.36.0-255,66,54285,13,259664
2749,0.000458,172.31.36.0-255,66,54351,13,259664
2750,0.000488,172.217.160.0-255,1484,55835,13,259664
2751,0.000491,172.31.36.0-255,66,55901,13,259664
2752,0.000502,172.217.160.0-255,9633,65534,13,259664
2753,0.000506,172.31.36.0-255,66,65600,13,259664
2754,0.000517,172.217.160.0-255,373,65973,13,259664
2755,0.000787,172.31.36.0-255,66,66039,13,259664
2756,0.001105,172.217.160.0-255,370,66409,13,259664
2757,0.001213,172.217.160.0-255,1484,67893,13,259664
2758,0.001219,172.217.160.0-255,2902,70795,13,259664
2759,0.001225,172.217.160.0-255,4320,75115,13,259664
2760,0.001237,172.217.160.0-255,1484,76599,13,259664
2761,0.00126,172.217.160.0-255,6797,83396,13,259664
2762,0.001307,172.217.160.0-255,2902,86298,13,259664
2763,0.001313,172.217.160.0-255,4320,90618,13,259664
2764,0.00132,172.217.160.0-255,7156,97774,13,259664
2765,0.001335,172.217.160.0-255,1484,99258,13,259664
2766,0.001337,172.217.160.0-255,1125,100383,13,259664
2767,0.001467,172.217.160.0-255,1484,101867,13,259664
2768,0.001474,172.217.160.0-255,2902,104769,13,259664
2769,0.001478,172.217.160.0-255,4320,109089,13,259664
2770,0.001493,172.217.160.0-255,1484,110573,13,259664
2771,0.001501,172.217.160.0-255,7156,117729,13,259664
2772,0.001527,172.217.160.0-255,8574,126303,13,259664
2773,0.001541,172.217.160.0-255,5738,132041,13,259664
2774,0.00156,172.217.160.0-255,2184,134225,13,259664
2775,0.001592,172.217.160.0-255,1484,135709,13,259664
2776,0.001618,172.217.160.0-255,2902,138611,13,259664
2777,0.001624,172.217.160.0-255,5738,144349,13,259664
2778,0.00165,172.217.160.0-255,9992,154341,13,259664
2779,0.001672,172.217.160.0-255,2902,157243,13,259664
2780,0.001679,172.217.160.0-255,8574,165817,13,259664
2781,0.001705,172.217.160.0-255,2184,168001,13,259664
2782,0.001811,172.217.160.0-255,1484,169485,13,259664
2783,0.001825,172.217.160.0-255,1484,170969,13,259664
2784,0.001835,172.217.160.0-255,1484,172453,13,259664
2785,0.001841,172.217.160.0-255,5738,178191,13,259664
2786,0.001843,172.217.160.0-255,1484,179675,13,259664
2787,0.001881,172.217.160.0-255,4320,183995,13,259664
2788,0.001896,172.217.160.0-255,4320,188315,13,259664
2789,0.001948,172.217.160.0-255,1635,189950,13,259664
2790,0.005917,172.31.36.0-255,66,190016,13,259664
2791,0.007836,172.217.160.0-255,5738,195754,13,259664
2792,0.007847,172.31.36.0-255,66,195820,13,259664
2793,0.009757,172.217.160.0-255,5738,201558,13,259664
2794,0.009767,172.31.36.0-255,66,201624,13,259664
2795,0.011665,172.217.160.0-255,5738,207362,13,259664
2796,0.011677,172.31.36.0-255,66,207428,13,259664
2797,0.01358,172.217.160.0-255,5738,213166,13,259664
2798,0.013587,172.31.36.0-255,66,213232,13,259664
2799,0.015491,172.217.160.0-255,5738,218970,13,259664
2800,0.015498,172.31.36.0-255,66,219036,13,259664
2801,0.017411,172.217.160.0-255,5738,224774,13,259664
2802,0.017423,172.31.36.0-255,66,224840,13,259664
2803,0.019341,172.217.160.0-255,5738,230578,13,259664
2804,0.019349,172.31.36.0-255,66,230644,13,259664
2805,0.021251,172.217.160.0-255,5738,236382,13,259664
2806,0.02126,172.31.36.0-255,66,236448,13,259664
2807,0.023179,172.217.160.0-255,5738,242186,13,259664
2808,0.023186,172.31.36.0-255,66,242252,13,259664
2809,0.025114,172.217.160.0-255,5738,247990,13,259664
2810,0.025123,172.31.36.0-255,66,248056,13,259664
2811,0.027023,172.217.160.0-255,5738,253794,13,259664
2812,0.02703,172.31.36.0-255,66,253860,13,259664
2813,0.028928,172.217.160.0-255,5738,259598,13,259664
2814,0.028936,172.31.36.0-255,66,259664,13,259664
2815,0.0,74.125.24.0-255,155,155,13,311206
2816,3.6e-05,172.31.36.0-255,66,221,13,311206
2817,4.3e-05,74.125.24.0-255,1484,1705,13,311206
2818,4.7e-05,172.31.36.0-255,66,1771,13,311206
2819,5.2e-05,74.125.24.0-255,2902,4673,13,311206
2820,5.5e-05,172.31.36.0-255,66,4739,13,311206
2821,6.1e-05,74.125.24.0-255,5738,10477,13,311206
2822,6.4e-05,172.31.36.0-255,66,10543,13,311206
2823,7.7e-05,74.125.24.0-255,1484,12027,13,311206
2824,7.9e-05,172.31.36.0-255,66,12093,13,311206
2825,9.5e-05,74.125.24.0-255,7156,19249,13,311206
2826,9.7e-05,172.31.36.0-255,66,19315,13,311206
2827,0.000116,74.125.24.0-255,4886,24201,13,311206
2828,0.000118,172.31.36.0-255,66,24267,13,311206
2829,0.000121,74.125.24.0-255,1484,25751,13,311206
2830,0.000123,172.31.36.0-255,66,25817,13,311206
2831,0.00015,74.125.24.0-255,5379,31196,13,311206
2832,0.000152,172.31.36.0-255,66,31262,13,311206
2833,0.000784,74.125.24.0-255,1484,32746,13,311206
2834,0.00079,172.31.36.0-255,66,32812,13,311206
2835,0.000801,74.125.24.0-255,2902,35714,13,311206
2836,0.000804,172.31.36.0-255,66,35780,13,311206
2837,0.00081,74.125.24.0-255,5738,41518,13,311206
2838,0.000812,172.31.36.0-255,66,41584,13,311206
2839,0.000834,74.125.24.0-255,1484,43068,13,311206
2840,0.000837,172.31.36.0-255,66,43134,13,311206
2841,0.000892,172.31.36.0-255,66,43200,13,311206
2842,0.000899,74.125.24.0-255,7156,50356,13,311206
2843,0.000902,172.31.36.0-255,66,50422,13,311206
2844,0.000916,74.125.24.0-255,2883,53305,13,311206
2845,0.00092,172.31.36.0-255,66,53371,13,311206
2846,0.000952,74.125.24.0-255,1484,54855,13,311206
2847,0.000958,74.125.24.0-255,2902,57757,13,311206
2848,0.000962,172.31.36.0-255,66,57823,13,311206
2849,0.000965,74.125.24.0-255,1484,59307,13,311206
2850,0.000981,74.125.24.0-255,4320,63627,13,311206
2851,0.000985,172.31.36.0-255,66,63693,13,311206
2852,0.000991,74.125.24.0-255,5738,69431,13,311206
2853,0.000993,172.31.36.0-255,66,69497,13,311206
2854,0.001018,74.125.24.0-255,4320,73817,13,311206
2855,0.001021,172.31.36.0-255,66,73883,13,311206
2856,0.001055,74.125.24.0-255,9633,83516,13,311206
2857,0.001058,172.31.36.0-255,66,83582,13,311206
2858,0.001063,74.125.24.0-255,3961,87543,13,311206
2859,0.001066,172.31.36.0-255,66,87609,13,311206
2860,0.001142,74.125.24.0-255,1484,89093,13,311206
2861,0.001149,74.125.24.0-255,2902,91995,13,311206
2862,0.001153,172.31.36.0-255,66,92061,13,311206
2863,0.001158,74.125.24.0-255,2902,94963,13,311206
2864,0.00116,172.31.36.0-255,66,95029,13,311206
2865,0.00118,74.125.24.0-255,2902,97931,13,311206
2866,0.001182,172.31.36.0-255,66,97997,13,311206
2867,0.001189,74.125.24.0-255,5738,103735,13,311206
2868,0.001191,172.31.36.0-255,66,103801,13,311206
2869,0.001231,74.125.24.0-255,7156,110957,13,311206
2870,0.001236,172.31.36.0-255,66,111023,13,311206
2871,0.001243,74.125.24.0-255,8574,119597,13,311206
2872,0.001245,172.31.36.0-255,66,119663,13,311206
2873,0.001249,74.125.24.0-255,2184,121847,13,311206
2874,0.001251,172.31.36.0-255,66,121913,13,311206
2875,0.001324,74.125.24.0-255,1484,123397,13,311206
2876,0.001339,74.125.24.0-255,2902,126299,13,311206
2877,0.001343,172.31.36.0-255,66,126365,13,311206
2878,0.001358,74.125.24.0-255,5738,132103,13,311206
2879,0.001361,172.31.36.0-255,66,132169,13,311206
2880,0.001365,74.125.24.0-255,2902,135071,13,311206
2881,0.001366,172.31.36.0-255,66,135137,13,311206
2882,0.00139,74.125.24.0-255,9992,145129,13,311206
2883,0.001392,172.31.36.0-255,66,145195,13,311206
2884,0.001395,74.125.24.0-255,1484,146679,13,311206
2885,0.001423,74.125.24.0-255,9274,155953,13,311206
2886,0.001426,172.31.36.0-255,66,156019,13,311206
2887,0.001501,74.125.24.0-255,8574,164593,13,311206
2888,0.001504,172.31.36.0-255,66,164659,13,311206
2889,0.001527,172.31.36.0-255,66,164725,13,311206
2890,0.00154,172.31.36.0-255,66,164791,13,311206
2891,0.001554,74.125.24.0-255,1484,166275,13,311206
2892,0.001556,74.125.24.0-255,1484,167759,13,311206
2893,0.00156,172.31.36.0-255,66,167825,13,311206
2894,0.001567,74.125.24.0-255,1484,169309,13,311206
2895,0.001586,74.125.24.0-255,5738,175047,13,311206
2896,0.001588,172.31.36.0-255,66,175113,13,311206
2897,0.001611,74.125.24.0-255,5738,180851,13,311206
2898,0.001614,172.31.36.0-255,66,180917,13,311206
2899,0.001632,74.125.24.0-255,1484,182401,13,311206
2900,0.001638,74.125.24.0-255,4320,186721,13,311206
2901,0.001643,172.31.36.0-255,66,186787,13,311206
2902,0.001671,74.125.24.0-255,9992,196779,13,311206
2903,0.001673,172.31.36.0-255,66,196845,13,311206
2904,0.001678,74.125.24.0-255,2184,199029,13,311206
2905,0.001679,172.31.36.0-255,66,199095,13,311206
2906,0.001911,74.125.24.0-255,1484,200579,13,311206
2907,0.001929,74.125.24.0-255,2902,203481,13,311206
2908,0.001934,172.31.36.0-255,66,203547,13,311206
2909,0.001956,74.125.24.0-255,5738,209285,13,311206
2910,0.001958,172.31.36.0-255,66,209351,13,311206
2911,0.001962,74.125.24.0-255,2902,212253,13,311206
2912,0.001964,172.31.36.0-255,66,212319,13,311206
2913,0.001992,74.125.24.0-255,2615,214934,13,311206
2914,0.001995,172.31.36.0-255,66,215000,13,311206
2915,0.002006,74.125.24.0-255,5738,220738,13,311206
2916,0.002008,172.31.36.0-255,66,220804,13,311206
2917,0.002015,74.125.24.0-255,7156,227960,13,311206
2918,0.002017,172.31.36.0-255,66,228026,13,311206
2919,0.002042,74.125.24.0-255,1484,229510,13,311206
2920,0.002051,74.125.24.0-255,9992,239502,13,311206
2921,0.002054,172.31.36.0-255,66,239568,13,311206
2922,0.00208,74.125.24.0-255,9274,248842,13,311206
2923,0.002082,172.31.36.0-255,66,248908,13,311206
2924,0.003571,172.31.36.0-255,101,249009,13,311206
2925,0.004633,74.125.24.0-255,5738,254747,13,311206
2926,0.004637,172.31.36.0-255,66,254813,13,311206
2927,0.006081,74.125.24.0-255,66,254879,13,311206
2928,0.007171,74.125.24.0-255,5738,260617,13,311206
2929,0.007178,172.31.36.0-255,66,260683,13,311206
2930,0.009715,74.125.24.0-255,5738,266421,13,311206
2931,0.009724,172.31.36.0-255,66,266487,13,311206
2932,0.012243,74.125.24.0-255,5738,272225,13,311206
2933,0.012251,172.31.36.0-255,66,272291,13,311206
2934,0.014814,74.125.24.0-255,5738,278029,13,311206
2935,0.014822,172.31.36.0-255,66,278095,13,311206
2936,0.017388,74.125.24.0-255,5738,283833,13,311206
2937,0.017394,172.31.36.0-255,66,283899,13,311206
2938,0.019926,74.125.24.0-255,5738,289637,13,311206
2939,0.019938,172.31.36.0-255,66,289703,13,311206
2940,0.022468,74.125.24.0-255,5738,295441,13,311206
2941,0.022478,172.31.36.0-255,66,295507,13,311206
2942,0.025001,74.125.24.0-255,5738,301245,13,311206
2943,0.02501,172.31.36.0-255,66,301311,13,311206
2944,0.027564,74.125.24.0-255,5738,307049,13,311206
2945,0.027569,172.31.36.0-255,66,307115,13,311206
2946,0.029261,172.31.36.0-255,172,307287,13,311206
2947,0.029304,172.31.36.0-255,1106,308393,13,311206
2948,0.029378,172.31.36.0-255,1514,309907,13,311206
2949,0.02938,172.31.36.0-255,1299,311206,13,311206
2950,0.0,172.31.36.0-255,105,105,13,459
2951,0.000236,172.31.36.0-255,90,195,13,459
2952,0.000247,172.31.36.0-255,66,261,13,459
2953,0.002302,74.125.68.0-255,66,327,13,459
2954,0.002332,74.125.68.0-255,66,393,13,459
2955,0.002355,172.31.36.0-255,66,459,13,459
2956,0.0,172.217.27.0-255,150,150,13,191606
2957,3.4e-05,172.31.36.0-255,66,216,13,191606
2958,4.2e-05,172.217.27.0-255,1484,1700,13,191606
2959,4.6e-05,172.31.36.0-255,66,1766,13,191606
2960,5.2e-05,172.217.27.0-255,2902,4668,13,191606
2961,6.2e-05,172.31.36.0-255,66,4734,13,191606
2962,6.8e-05,172.217.27.0-255,5738,10472,13,191606
2963,7e-05,172.31.36.0-255,66,10538,13,191606
2964,8.8e-05,172.217.27.0-255,7156,17694,13,191606
2965,9.1e-05,172.31.36.0-255,66,17760,13,191606
2966,0.00012,172.217.27.0-255,3465,21225,13,191606
2967,0.000123,172.31.36.0-255,66,21291,13,191606
2968,0.000153,172.217.27.0-255,9633,30924,13,191606
2969,0.000156,172.31.36.0-255,66,30990,13,191606
2970,0.000194,172.217.27.0-255,1484,32474,13,191606
2971,0.000197,172.31.36.0-255,66,32540,13,191606
2972,0.000223,172.217.27.0-255,2902,35442,13,191606
2973,0.000226,172.31.36.0-255,66,35508,13,191606
2974,0.000233,172.217.27.0-255,5738,41246,13,191606
2975,0.000235,172.31.36.0-255,66,41312,13,191606
2976,0.000239,172.217.27.0-255,2902,44214,13,191606
2977,0.000242,172.31.36.0-255,66,44280,13,191606
2978,0.000273,172.217.27.0-255,7156,51436,13,191606
2979,0.000277,172.31.36.0-255,66,51502,13,191606
2980,0.000313,172.31.36.0-255,66,51568,13,191606
2981,0.000317,172.217.27.0-255,2471,54039,13,191606
2982,0.00032,172.31.36.0-255,66,54105,13,191606
2983,0.000876,172.217.27.0-255,140,54245,13,191606
2984,0.000882,172.31.36.0-255,66,54311,13,191606
2985,0.00112,172.217.27.0-255,1484,55795,13,191606
2986,0.001126,172.31.36.0-255,66,55861,13,191606
2987,0.001135,172.217.27.0-255,2902,58763,13,191606
2988,0.001144,172.31.36.0-255,66,58829,13,191606
2989,0.001148,172.217.27.0-255,1484,60313,13,191606
2990,0.001178,172.217.27.0-255,4320,64633,13,191606
2991,0.001182,172.31.36.0-255,66,64699,13,191606
2992,0.001188,172.217.27.0-255,5738,70437,13,191606
2993,0.001191,172.31.36.0-255,66,70503,13,191606
2994,0.001197,172.217.27.0-255,7156,77659,13,191606
2995,0.001199,172.31.36.0-255,66,77725,13,191606
2996,0.001208,172.217.27.0-255,10692,88417,13,191606
2997,0.001211,172.31.36.0-255,66,88483,13,191606
2998,0.002871,172.217.27.0-255,5738,94221,13,191606
2999,0.002877,172.31.36.0-255,66,94287,13,191606
3000,0.004543,172.217.27.0-255,5738,100025,13,191606
3001,0.004549,172.31.36.0-255,66,100091,13,191606
3002,0.006212,172.217.27.0-255,2902,102993,13,191606
3003,0.006217,172.31.36.0-255,66,103059,13,191606
3004,0.006243,172.217.27.0-255,2902,105961,13,191606
3005,0.006246,172.31.36.0-255,66,106027,13,191606
3006,0.007887,172.217.27.0-255,2902,108929,13,191606
3007,0.007894,172.31.36.0-255,66,108995,13,191606
3008,0.007925,172.217.27.0-255,2902,111897,13,191606
3009,0.007928,172.31.36.0-255,66,111963,13,191606
3010,0.009556,172.217.27.0-255,2902,114865,13,191606
3011,0.009564,172.31.36.0-255,66,114931,13,191606
3012,0.009599,172.217.27.0-255,2902,117833,13,191606
3013,0.009603,172.31.36.0-255,66,117899,13,191606
3014,0.011243,172.217.27.0-255,2902,120801,13,191606
3015,0.01125,172.31.36.0-255,66,120867,13,191606
3016,0.011284,172.217.27.0-255,2902,123769,13,191606
3017,0.011289,172.31.36.0-255,66,123835,13,191606
3018,0.012933,172.217.27.0-255,2902,126737,13,191606
3019,0.01294,172.31.36.0-255,66,126803,13,191606
3020,0.012971,172.217.27.0-255,2902,129705,13,191606
3021,0.012976,172.31.36.0-255,66,129771,13,191606
3022,0.014598,172.217.27.0-255,2902,132673,13,191606
3023,0.014604,172.31.36.0-255,66,132739,13,191606
3024,0.014627,172.217.27.0-255,1484,134223,13,191606
3025,0.014645,172.217.27.0-255,1484,135707,13,191606
3026,0.014647,172.31.36.0-255,66,135773,13,191606
3027,0.016268,172.217.27.0-255,2902,138675,13,191606
3028,0.016274,172.31.36.0-255,66,138741,13,191606
3029,0.016335,172.217.27.0-255,2902,141643,13,191606
3030,0.016337,172.31.36.0-255,66,141709,13,191606
3031,0.01794,172.217.27.0-255,2902,144611,13,191606
3032,0.017948,172.31.36.0-255,66,144677,13,191606
3033,0.017992,172.217.27.0-255,2902,147579,13,191606
3034,0.017997,172.31.36.0-255,66,147645,13,191606
3035,0.019615,172.217.27.0-255,2902,150547,13,191606
3036,0.019623,172.31.36.0-255,66,150613,13,191606
3037,0.019651,172.217.27.0-255,2902,153515,13,191606
3038,0.019653,172.31.36.0-255,66,153581,13,191606
3039,0.021289,172.217.27.0-255,2902,156483,13,191606
3040,0.021297,172.31.36.0-255,66,156549,13,191606
3041,0.021329,172.217.27.0-255,2902,159451,13,191606
3042,0.021333,172.31.36.0-255,66,159517,13,191606
3043,0.022968,172.217.27.0-255,2902,162419,13,191606
3044,0.022978,172.31.36.0-255,66,162485,13,191606
3045,0.023012,172.217.27.0-255,2902,165387,13,191606
3046,0.023016,172.31.36.0-255,66,165453,13,191606
3047,0.024676,172.217.27.0-255,5738,171191,13,191606
3048,0.024683,172.31.36.0-255,66,171257,13,191606
3049,0.025657,172.31.36.0-255,172,171429,13,191606
3050,0.025691,172.31.36.0-255,1106,172535,13,191606
3051,0.025746,172.31.36.0-255,1514,174049,13,191606
3052,0.025748,172.31.36.0-255,1299,175348,13,191606
3053,0.026359,172.217.27.0-255,5738,181086,13,191606
3054,0.026365,172.31.36.0-255,66,181152,13,191606
3055,0.027223,104.244.42.0-255,66,181218,13,191606
3056,0.027252,104.244.42.0-255,66,181284,13,191606
3057,0.027307,104.244.42.0-255,66,181350,13,191606
3058,0.028042,172.217.27.0-255,4320,185670,13,191606
3059,0.028047,172.31.36.0-255,66,185736,13,191606
3060,0.028074,172.217.27.0-255,1484,187220,13,191606
3061,0.029724,172.217.27.0-255,4320,191540,13,191606
3062,0.029731,172.31.36.0-255,66,191606,13,191606
3063,0.0,74.125.130.0-255,150,150,13,239476
3064,2.2e-05,172.31.36.0-255,66,216,13,239476
3065,2.9e-05,74.125.130.0-255,1484,1700,13,239476
3066,3.2e-05,172.31.36.0-255,66,1766,13,239476
3067,5.9e-05,74.125.130.0-255,1484,3250,13,239476
3068,6.1e-05,172.31.36.0-255,66,3316,13,239476
3069,8.4e-05,74.125.130.0-255,2902,6218,13,239476
3070,8.7e-05,172.31.36.0-255,66,6284,13,239476
3071,0.000102,74.125.130.0-255,2902,9186,13,239476
3072,0.000104,172.31.36.0-255,66,9252,13,239476
3073,0.00013,74.125.130.0-255,4320,13572,13,239476
3074,0.000132,172.31.36.0-255,66,13638,13,239476
3075,0.000135,74.125.130.0-255,664,14302,13,239476
3076,0.000137,172.31.36.0-255,66,14368,13,239476
3077,0.000314,74.125.130.0-255,1484,15852,13,239476
3078,0.000318,172.31.36.0-255,66,15918,13,239476
3079,0.000324,74.125.130.0-255,2902,18820,13,239476
3080,0.000326,172.31.36.0-255,66,18886,13,239476
3081,0.000329,74.125.130.0-255,1484,20370,13,239476
3082,0.000332,172.31.36.0-255,66,20436,13,239476
3083,0.000358,74.125.130.0-255,2902,23338,13,239476
3084,0.000361,172.31.36.0-255,66,23404,13,239476
3085,0.000365,74.125.130.0-255,2902,26306,13,239476
3086,0.000367,172.31.36.0-255,66,26372,13,239476
3087,0.000381,74.125.130.0-255,2902,29274,13,239476
3088,0.000384,172.31.36.0-255,66,29340,13,239476
3089,0.000398,74.125.130.0-255,1484,30824,13,239476
3090,0.0004,172.31.36.0-255,66,30890,13,239476
3091,0.000413,74.125.130.0-255,2543,33433,13,239476
3092,0.000415,172.31.36.0-255,66,33499,13,239476
3093,0.00042,74.125.130.0-255,4320,37819,13,239476
3094,0.000423,172.31.36.0-255,66,37885,13,239476
3095,0.00044,74.125.130.0-255,1484,39369,13,239476
3096,0.000454,74.125.130.0-255,4320,43689,13,239476
3097,0.000457,172.31.36.0-255,66,43755,13,239476
3098,0.000506,74.125.130.0-255,7156,50911,13,239476
3099,0.000509,172.31.36.0-255,66,50977,13,239476
3100,0.000514,74.125.130.0-255,4320,55297,13,239476
3101,0.000516,172.31.36.0-255,66,55363,13,239476
3102,0.000522,74.125.130.0-255,5738,61101,13,239476
3103,0.000524,172.31.36.0-255,66,61167,13,239476
3104,0.000564,74.125.130.0-255,2902,64069,13,239476
3105,0.000567,172.31.36.0-255,66,64135,13,239476
3106,0.000609,74.125.130.0-255,2458,66593,13,239476
3107,0.000612,74.125.130.0-255,114,66707,13,239476
3108,0.000616,172.31.36.0-255,66,66773,13,239476
3109,0.000914,74.125.130.0-255,1484,68257,13,239476
3110,0.000918,172.31.36.0-255,66,68323,13,239476
3111,0.000931,74.125.130.0-255,2902,71225,13,239476
3112,0.000933,172.31.36.0-255,66,71291,13,239476
3113,0.00096,74.125.130.0-255,5738,77029,13,239476
3114,0.000963,172.31.36.0-255,66,77095,13,239476
3115,0.000989,74.125.130.0-255,7156,84251,13,239476
3116,0.000991,172.31.36.0-255,66,84317,13,239476
3117,0.001015,74.125.130.0-255,4320,88637,13,239476
3118,0.001019,172.31.36.0-255,66,88703,13,239476
3119,0.001047,74.125.130.0-255,9992,98695,13,239476
3120,0.001049,172.31.36.0-255,66,98761,13,239476
3121,0.001053,74.125.130.0-255,2184,100945,13,239476
3122,0.001055,172.31.36.0-255,66,101011,13,239476
3123,0.001823,74.125.130.0-255,1484,102495,13,239476
3124,0.001832,74.125.130.0-255,2902,105397,13,239476
3125,0.001837,172.31.36.0-255,66,105463,13,239476
3126,0.001872,74.125.130.0-255,5738,111201,13,239476
3127,0.001876,172.31.36.0-255,66,111267,13,239476
3128,0.001883,74.125.130.0-255,5738,117005,13,239476
3129,0.001885,172.31.36.0-255,66,117071,13,239476
3130,0.001895,74.125.130.0-255,7156,124227,13,239476
3131,0.001898,172.31.36.0-255,66,124293,13,239476
3132,0.001917,74.125.130.0-255,5738,130031,13,239476
3133,0.00192,172.31.36.0-255,66,130097,13,239476
3134,0.00195,74.125.130.0-255,5020,135117,13,239476
3135,0.001954,172.31.36.0-255,66,135183,13,239476
3136,0.002026,74.125.130.0-255,1484,136667,13,239476
3137,0.002049,74.125.130.0-255,2902,139569,13,239476
3138,0.002052,172.31.36.0-255,66,139635,13,239476
3139,0.002057,74.125.130.0-255,1484,141119,13,239476
3140,0.00207,74.125.130.0-255,1484,142603,13,239476
3141,0.002071,172.31.36.0-255,66,142669,13,239476
3142,0.002077,74.125.130.0-255,4320,146989,13,239476
3143,0.002079,172.31.36.0-255,66,147055,13,239476
3144,0.002094,74.125.130.0-255,1484,148539,13,239476
3145,0.002114,74.125.130.0-255,7156,155695,13,239476
3146,0.002117,172.31.36.0-255,66,155761,13,239476
3147,0.002122,74.125.130.0-255,4320,160081,13,239476
3148,0.002124,172.31.36.0-255,66,160147,13,239476
3149,0.002139,74.125.130.0-255,1484,161631,13,239476
3150,0.002146,74.125.130.0-255,7156,168787,13,239476
3151,0.002149,172.31.36.0-255,66,168853,13,239476
3152,0.002152,74.125.130.0-255,766,169619,13,239476
3153,0.004554,74.125.130.0-255,4320,173939,13,239476
3154,0.004568,172.31.36.0-255,66,174005,13,239476
3155,0.006979,74.125.130.0-255,2902,176907,13,239476
3156,0.006986,172.31.36.0-255,66,176973,13,239476
3157,0.00701,74.125.130.0-255,2902,179875,13,239476
3158,0.007012,172.31.36.0-255,66,179941,13,239476
3159,0.009399,74.125.130.0-255,2902,182843,13,239476
3160,0.009407,172.31.36.0-255,66,182909,13,239476
3161,0.009428,74.125.130.0-255,2902,185811,13,239476
3162,0.009431,172.31.36.0-255,66,185877,13,239476
3163,0.011825,74.125.130.0-255,5738,191615,13,239476
3164,0.011833,172.31.36.0-255,66,191681,13,239476
3165,0.014383,74.125.130.0-255,5738,197419,13,239476
3166,0.014394,172.31.36.0-255,66,197485,13,239476
3167,0.016794,74.125.130.0-255,5738,203223,13,239476
3168,0.016802,172.31.36.0-255,66,203289,13,239476
3169,0.0192,74.125.130.0-255,5738,209027,13,239476
3170,0.019208,172.31.36.0-255,66,209093,13,239476
3171,0.021615,74.125.130.0-255,5738,214831,13,239476
3172,0.021625,172.31.36.0-255,66,214897,13,239476
3173,0.024038,74.125.130.0-255,5738,220635,13,239476
3174,0.024047,172.31.36.0-255,66,220701,13,239476
3175,0.026178,172.31.36.0-255,176,220877,13,239476
3176,0.026211,172.31.36.0-255,1110,221987,13,239476
3177,0.026275,172.31.36.0-255,1514,223501,13,239476
3178,0.026277,172.31.36.0-255,1514,225015,13,239476
3179,0.026279,172.31.36.0-255,1514,226529,13,239476
3180,0.02628,172.31.36.0-255,1075,227604,13,239476
3181,0.026452,74.125.130.0-255,5738,233342,13,239476
3182,0.026458,172.31.36.0-255,66,233408,13,239476
3183,0.027874,104.244.42.0-255,66,233474,13,239476
3184,0.027909,104.244.42.0-255,66,233540,13,239476
3185,0.027978,104.244.42.0-255,66,233606,13,239476
3186,0.027981,104.244.42.0-255,66,233672,13,239476
3187,0.028853,74.125.130.0-255,5738,239410,13,239476
3188,0.028861,172.31.36.0-255,66,239476,13,239476
3189,0.0,192.229.237.0-255,128,128,13,545
3190,2.1e-05,192.229.237.0-255,90,218,13,545
3191,2.4e-05,192.229.237.0-255,66,284,13,545
3192,0.00015,172.31.36.0-255,105,389,13,545
3193,0.000306,172.31.36.0-255,90,479,13,545
3194,0.000318,172.31.36.0-255,66,545,13,545
3195,0.0,172.217.194.0-255,150,150,13,291375
3196,2e-05,172.31.36.0-255,66,216,13,291375
3197,2.7e-05,172.217.194.0-255,1484,1700,13,291375
3198,3.2e-05,172.31.36.0-255,66,1766,13,291375
3199,3.8e-05,172.217.194.0-255,2902,4668,13,291375
3200,4.9e-05,172.31.36.0-255,66,4734,13,291375
3201,5.6e-05,172.217.194.0-255,7156,11890,13,291375
3202,6e-05,172.31.36.0-255,66,11956,13,291375
3203,6.7e-05,172.217.194.0-255,6339,18295,13,291375
3204,7e-05,172.31.36.0-255,66,18361,13,291375
3205,0.000104,172.217.194.0-255,7156,25517,13,291375
3206,0.000107,172.31.36.0-255,66,25583,13,291375
3207,0.000135,172.217.194.0-255,5379,30962,13,291375
3208,0.000139,172.31.36.0-255,66,31028,13,291375
3209,0.000142,172.217.194.0-255,1484,32512,13,291375
3210,0.000144,172.31.36.0-255,66,32578,13,291375
3211,0.000147,172.217.194.0-255,1484,34062,13,291375
3212,0.00015,172.31.36.0-255,66,34128,13,291375
3213,0.000184,172.217.194.0-255,1484,35612,13,291375
3214,0.000187,172.31.36.0-255,66,35678,13,291375
3215,0.000194,172.217.194.0-255,5738,41416,13,291375
3216,0.000196,172.31.36.0-255,66,41482,13,291375
3217,0.00021,172.31.36.0-255,66,41548,13,291375
3218,0.000261,172.217.194.0-255,4320,45868,13,291375
3219,0.000264,172.31.36.0-255,66,45934,13,291375
3220,0.000296,172.217.194.0-255,5999,51933,13,291375
3221,0.000299,172.31.36.0-255,66,51999,13,291375
3222,0.000474,172.217.194.0-255,1484,53483,13,291375
3223,0.000479,172.31.36.0-255,66,53549,13,291375
3224,0.000485,172.217.194.0-255,2902,56451,13,291375
3225,0.000487,172.31.36.0-255,66,56517,13,291375
3226,0.000492,172.217.194.0-255,2902,59419,13,291375
3227,0.000499,172.31.36.0-255,66,59485,13,291375
3228,0.000535,172.217.194.0-255,2902,62387,13,291375
3229,0.000538,172.31.36.0-255,66,62453,13,291375
3230,0.000544,172.217.194.0-255,5738,68191,13,291375
3231,0.000546,172.31.36.0-255,66,68257,13,291375
3232,0.000553,172.217.194.0-255,7156,75413,13,291375
3233,0.000555,172.31.36.0-255,66,75479,13,291375
3234,0.000588,172.217.194.0-255,5738,81217,13,291375
3235,0.00059,172.31.36.0-255,66,81283,13,291375
3236,0.000597,172.217.194.0-255,4471,85754,13,291375
3237,0.000599,172.31.36.0-255,66,85820,13,291375
3238,0.000605,172.217.194.0-255,4320,90140,13,291375
3239,0.000607,172.31.36.0-255,66,90206,13,291375
3240,0.000635,172.217.194.0-255,1484,91690,13,291375
3241,0.000639,172.217.194.0-255,1484,93174,13,291375
3242,0.000641,172.31.36.0-255,66,93240,13,291375
3243,0.000667,172.217.194.0-255,5738,98978,13,291375
3244,0.000669,172.31.36.0-255,66,99044,13,291375
3245,0.000697,172.217.194.0-255,3961,103005,13,291375
3246,0.0007,172.31.36.0-255,66,103071,13,291375
3247,0.000734,172.217.194.0-255,1484,104555,13,291375
3248,0.000738,172.217.194.0-255,1484,106039,13,291375
3249,0.00074,172.31.36.0-255,66,106105,13,291375
3250,0.000763,172.217.194.0-255,1484,107589,13,291375
3251,0.000769,172.217.194.0-255,5738,113327,13,291375
3252,0.000772,172.31.36.0-255,66,113393,13,291375
3253,0.000829,172.217.194.0-255,7156,120549,13,291375
3254,0.000832,172.31.36.0-255,66,120615,13,291375
3255,0.000861,172.217.194.0-255,5738,126353,13,291375
3256,0.000864,172.31.36.0-255,66,126419,13,291375
3257,0.000873,172.217.194.0-255,9992,136411,13,291375
3258,0.000876,172.31.36.0-255,66,136477,13,291375
3259,0.000879,172.217.194.0-255,766,137243,13,291375
3260,0.00115,172.217.194.0-255,1484,138727,13,291375
3261,0.001155,172.31.36.0-255,66,138793,13,291375
3262,0.001161,172.217.194.0-255,2902,141695,13,291375
3263,0.001163,172.31.36.0-255,66,141761,13,291375
3264,0.001166,172.217.194.0-255,1484,143245,13,291375
3265,0.001184,172.217.194.0-255,4320,147565,13,291375
3266,0.00119,172.31.36.0-255,66,147631,13,291375
3267,0.001194,172.217.194.0-255,2902,150533,13,291375
3268,0.001196,172.31.36.0-255,66,150599,13,291375
3269,0.001241,172.217.194.0-255,9992,160591,13,291375
3270,0.001251,172.217.194.0-255,10692,171283,13,291375
3271,0.001261,172.31.36.0-255,66,171349,13,291375
3272,0.001265,172.31.36.0-255,66,171415,13,291375
3273,0.001532,172.217.194.0-255,1484,172899,13,291375
3274,0.001537,172.217.194.0-255,2902,175801,13,291375
3275,0.001541,172.31.36.0-255,66,175867,13,291375
3276,0.001572,172.217.194.0-255,5738,181605,13,291375
3277,0.001575,172.31.36.0-255,66,181671,13,291375
3278,0.001591,172.31.36.0-255,66,181737,13,291375
3279,0.001635,172.217.194.0-255,8574,190311,13,291375
3280,0.001638,172.31.36.0-255,66,190377,13,291375
3281,0.001664,172.217.194.0-255,3602,193979,13,291375
3282,0.001666,172.31.36.0-255,66,194045,13,291375
3283,0.001683,172.217.194.0-255,1484,195529,13,291375
3284,0.001687,172.217.194.0-255,2902,198431,13,291375
3285,0.001689,172.31.36.0-255,66,198497,13,291375
3286,0.001708,172.217.194.0-255,4320,202817,13,291375
3287,0.001713,172.31.36.0-255,66,202883,13,291375
3288,0.001738,172.217.194.0-255,1484,204367,13,291375
3289,0.001746,172.217.194.0-255,8574,212941,13,291375
3290,0.001749,172.31.36.0-255,66,213007,13,291375
3291,0.001772,172.217.194.0-255,1484,214491,13,291375
3292,0.001791,172.217.194.0-255,7156,221647,13,291375
3293,0.001794,172.31.36.0-255,66,221713,13,291375
3294,0.001832,172.217.194.0-255,6438,228151,13,291375
3295,0.001835,172.31.36.0-255,66,228217,13,291375
3296,0.001861,172.217.194.0-255,1484,229701,13,291375
3297,0.001866,172.217.194.0-255,2902,232603,13,291375
3298,0.001868,172.31.36.0-255,66,232669,13,291375
3299,0.001873,172.217.194.0-255,4320,236989,13,291375
3300,0.001876,172.31.36.0-255,66,237055,13,291375
3301,0.001894,172.217.194.0-255,1484,238539,13,291375
3302,0.001903,172.217.194.0-255,9992,248531,13,291375
3303,0.001905,172.31.36.0-255,66,248597,13,291375
3304,0.001937,172.217.194.0-255,8574,257171,13,291375
3305,0.00194,172.31.36.0-255,66,257237,13,291375
3306,0.001966,172.217.194.0-255,5020,262257,13,291375
3307,0.001969,172.31.36.0-255,66,262323,13,291375
3308,0.001977,172.217.194.0-255,8574,270897,13,291375
3309,0.00198,172.31.36.0-255,66,270963,13,291375
3310,0.002018,172.217.194.0-255,5738,276701,13,291375
3311,0.002038,172.31.36.0-255,66,276767,13,291375
3312,0.002042,172.31.36.0-255,66,276833,13,291375
3313,0.002098,172.31.36.0-255,66,276899,13,291375
3314,0.002127,172.217.194.0-255,2184,279083,13,291375
3315,0.00213,172.31.36.0-255,66,279149,13,291375
3316,0.002144,172.31.36.0-255,66,279215,13,291375
3317,0.002152,172.217.194.0-255,8574,287789,13,291375
3318,0.002155,172.31.36.0-255,66,287855,13,291375
3319,0.002167,172.31.36.0-255,66,287921,13,291375
3320,0.002207,172.217.194.0-255,2980,290901,13,291375
3321,0.002209,172.217.194.0-255,105,291006,13,291375
3322,0.002215,172.31.36.0-255,66,291072,13,291375
3323,0.002229,172.31.36.0-255,66,291138,13,291375
3324,0.011295,172.31.36.0-255,66,291204,13,291375
3325,0.011338,172.31.36.0-255,105,291309,13,291375
3326,0.013696,172.217.194.0-255,66,291375,13,291375
3327,0.0,172.217.194.0-255,176,176,13,221093
3328,2.3e-05,172.31.36.0-255,66,242,13,221093
3329,3.1e-05,172.217.194.0-255,1484,1726,13,221093
3330,3.6e-05,172.31.36.0-255,66,1792,13,221093
3331,4.3e-05,172.217.194.0-255,2902,4694,13,221093
3332,5.4e-05,172.31.36.0-255,66,4760,13,221093
3333,6.3e-05,172.217.194.0-255,7156,11916,13,221093
3334,6.6e-05,172.31.36.0-255,66,11982,13,221093
3335,9.5e-05,172.217.194.0-255,2012,13994,13,221093
3336,9.8e-05,172.31.36.0-255,66,14060,13,221093
3337,0.000157,172.217.194.0-255,1484,15544,13,221093
3338,0.000161,172.31.36.0-255,66,15610,13,221093
3339,0.000167,172.217.194.0-255,2902,18512,13,221093
3340,0.00017,172.31.36.0-255,66,18578,13,221093
3341,0.000181,172.217.194.0-255,5738,24316,13,221093
3342,0.000184,172.31.36.0-255,66,24382,13,221093
3343,0.000187,172.217.194.0-255,1484,25866,13,221093
3344,0.000189,172.31.36.0-255,66,25932,13,221093
3345,0.000223,172.217.194.0-255,4320,30252,13,221093
3346,0.000226,172.31.36.0-255,66,30318,13,221093
3347,0.000274,172.31.36.0-255,66,30384,13,221093
3348,0.000283,172.217.194.0-255,8574,38958,13,221093
3349,0.00029,172.31.36.0-255,66,39024,13,221093
3350,0.000354,172.31.36.0-255,66,39090,13,221093
3351,0.000404,172.217.194.0-255,1484,40574,13,221093
3352,0.000407,172.31.36.0-255,66,40640,13,221093
3353,0.000412,172.217.194.0-255,2902,43542,13,221093
3354,0.000414,172.31.36.0-255,66,43608,13,221093
3355,0.000418,172.217.194.0-255,1484,45092,13,221093
3356,0.000424,172.31.36.0-255,66,45158,13,221093
3357,0.000454,172.217.194.0-255,4320,49478,13,221093
3358,0.000457,172.31.36.0-255,66,49544,13,221093
3359,0.000475,172.31.36.0-255,66,49610,13,221093
3360,0.000485,172.217.194.0-255,8574,58184,13,221093
3361,0.000487,172.31.36.0-255,66,58250,13,221093
3362,0.000529,172.217.194.0-255,2184,60434,13,221093
3363,0.000531,172.31.36.0-255,66,60500,13,221093
3364,0.000537,172.217.194.0-255,2902,63402,13,221093
3365,0.000539,172.31.36.0-255,66,63468,13,221093
3366,0.000577,172.217.194.0-255,7156,70624,13,221093
3367,0.00058,172.31.36.0-255,66,70690,13,221093
3368,0.000589,172.217.194.0-255,8574,79264,13,221093
3369,0.000595,172.31.36.0-255,66,79330,13,221093
3370,0.000626,172.217.194.0-255,7156,86486,13,221093
3371,0.000629,172.31.36.0-255,66,86552,13,221093
3372,0.000661,172.217.194.0-255,7856,94408,13,221093
3373,0.000664,172.31.36.0-255,66,94474,13,221093
3374,0.000669,172.217.194.0-255,2902,97376,13,221093
3375,0.000671,172.31.36.0-255,66,97442,13,221093
3376,0.000737,172.31.36.0-255,66,97508,13,221093
3377,0.00076,172.31.36.0-255,66,97574,13,221093
3378,0.000762,172.217.194.0-255,766,98340,13,221093
3379,0.000791,172.217.194.0-255,1484,99824,13,221093
3380,0.000794,172.31.36.0-255,66,99890,13,221093
3381,0.000798,172.217.194.0-255,1484,101374,13,221093
3382,0.000819,172.217.194.0-255,1484,102858,13,221093
3383,0.000821,172.31.36.0-255,66,102924,13,221093
3384,0.000828,172.217.194.0-255,5738,108662,13,221093
3385,0.000831,172.31.36.0-255,66,108728,13,221093
3386,0.000842,172.217.194.0-255,5738,114466,13,221093
3387,0.000845,172.31.36.0-255,66,114532,13,221093
3388,0.000858,172.217.194.0-255,4320,118852,13,221093
3389,0.00086,172.31.36.0-255,66,118918,13,221093
3390,0.0009,172.31.36.0-255,66,118984,13,221093
3391,0.000908,172.217.194.0-255,7156,126140,13,221093
3392,0.00091,172.31.36.0-255,66,126206,13,221093
3393,0.00094,172.217.194.0-255,9992,136198,13,221093
3394,0.000943,172.31.36.0-255,66,136264,13,221093
3395,0.000954,172.217.194.0-255,9992,146256,13,221093
3396,0.000956,172.31.36.0-255,66,146322,13,221093
3397,0.000991,172.217.194.0-255,3602,149924,13,221093
3398,0.000993,172.31.36.0-255,66,149990,13,221093
3399,0.001058,172.217.194.0-255,1484,151474,13,221093
3400,0.001063,172.217.194.0-255,2902,154376,13,221093
3401,0.001065,172.31.36.0-255,66,154442,13,221093
3402,0.001072,172.217.194.0-255,5738,160180,13,221093
3403,0.001075,172.31.36.0-255,66,160246,13,221093
3404,0.001097,172.31.36.0-255,66,160312,13,221093
3405,0.001105,172.217.194.0-255,7156,167468,13,221093
3406,0.001107,172.31.36.0-255,66,167534,13,221093
3407,0.001132,172.217.194.0-255,3602,171136,13,221093
3408,0.001134,172.31.36.0-255,66,171202,13,221093
3409,0.001164,172.217.194.0-255,4320,175522,13,221093
3410,0.001167,172.31.36.0-255,66,175588,13,221093
3411,0.00117,172.217.194.0-255,1484,177072,13,221093
3412,0.001199,172.217.194.0-255,5738,182810,13,221093
3413,0.001202,172.31.36.0-255,66,182876,13,221093
3414,0.001223,172.31.36.0-255,66,182942,13,221093
3415,0.001258,172.217.194.0-255,9274,192216,13,221093
3416,0.001261,172.31.36.0-255,66,192282,13,221093
3417,0.001271,172.217.194.0-255,9992,202274,13,221093
3418,0.001277,172.31.36.0-255,66,202340,13,221093
3419,0.001308,172.31.36.0-255,66,202406,13,221093
3420,0.001336,172.217.194.0-255,4320,206726,13,221093
3421,0.001338,172.31.36.0-255,66,206792,13,221093
3422,0.001365,172.31.36.0-255,66,206858,13,221093
3423,0.001399,172.217.194.0-255,10692,217550,13,221093
3424,0.001402,172.31.36.0-255,66,217616,13,221093
3425,0.001407,172.217.194.0-255,2902,220518,13,221093
3426,0.001409,172.31.36.0-255,66,220584,13,221093
3427,0.001435,172.31.36.0-255,66,220650,13,221093
3428,0.001438,172.217.194.0-255,105,220755,13,221093
3429,0.004038,172.31.36.0-255,101,220856,13,221093
3430,0.004958,172.31.36.0-255,105,220961,13,221093
3431,0.006567,172.217.194.0-255,66,221027,13,221093
3432,0.007496,172.217.194.0-255,66,221093,13,221093
3433,0.0,172.217.194.0-255,298,298,13,224327
3434,3.6e-05,172.31.36.0-255,66,364,13,224327
3435,4.3e-05,172.217.194.0-255,1484,1848,13,224327
3436,4.8e-05,172.31.36.0-255,66,1914,13,224327
3437,6.3e-05,172.217.194.0-255,4320,6234,13,224327
3438,6.5e-05,172.31.36.0-255,66,6300,13,224327
3439,7.4e-05,172.217.194.0-255,8939,15239,13,224327
3440,7.6e-05,172.31.36.0-255,66,15305,13,224327
3441,8e-05,172.217.194.0-255,1484,16789,13,224327
3442,8.2e-05,172.31.36.0-255,66,16855,13,224327
3443,0.000122,172.31.36.0-255,66,16921,13,224327
3444,0.000125,172.217.194.0-255,1125,18046,13,224327
3445,0.000126,172.31.36.0-255,66,18112,13,224327
3446,0.000202,172.217.194.0-255,1484,19596,13,224327
3447,0.000205,172.31.36.0-255,66,19662,13,224327
3448,0.000232,172.217.194.0-255,2902,22564,13,224327
3449,0.000236,172.31.36.0-255,66,22630,13,224327
3450,0.000242,172.217.194.0-255,5738,28368,13,224327
3451,0.000244,172.31.36.0-255,66,28434,13,224327
3452,0.000283,172.31.36.0-255,66,28500,13,224327
3453,0.000288,172.217.194.0-255,2902,31402,13,224327
3454,0.000291,172.31.36.0-255,66,31468,13,224327
3455,0.000332,172.217.194.0-255,9921,41389,13,224327
3456,0.000336,172.31.36.0-255,66,41455,13,224327
3457,0.00034,172.217.194.0-255,98,41553,13,224327
3458,0.000342,172.31.36.0-255,66,41619,13,224327
3459,0.000365,172.217.194.0-255,1484,43103,13,224327
3460,0.000368,172.31.36.0-255,66,43169,13,224327
3461,0.000372,172.217.194.0-255,1484,44653,13,224327
3462,0.000374,172.31.36.0-255,66,44719,13,224327
3463,0.000397,172.217.194.0-255,1484,46203,13,224327
3464,0.000412,172.217.194.0-255,5738,51941,13,224327
3465,0.000415,172.31.36.0-255,66,52007,13,224327
3466,0.000455,172.31.36.0-255,66,52073,13,224327
3467,0.000484,172.217.194.0-255,1484,53557,13,224327
3468,0.000513,172.217.194.0-255,8514,62071,13,224327
3469,0.000516,172.31.36.0-255,66,62137,13,224327
3470,0.001848,172.217.194.0-255,1484,63621,13,224327
3471,0.001857,172.217.194.0-255,2902,66523,13,224327
3472,0.001862,172.31.36.0-255,66,66589,13,224327
3473,0.00187,172.217.194.0-255,5738,72327,13,224327
3474,0.001872,172.31.36.0-255,66,72393,13,224327
3475,0.001917,172.31.36.0-255,66,72459,13,224327
3476,0.001926,172.217.194.0-255,5738,78197,13,224327
3477,0.001928,172.31.36.0-255,66,78263,13,224327
3478,0.001961,172.217.194.0-255,5020,83283,13,224327
3479,0.001964,172.31.36.0-255,66,83349,13,224327
3480,0.001997,172.217.194.0-255,1484,84833,13,224327
3481,0.002003,172.217.194.0-255,2902,87735,13,224327
3482,0.002006,172.31.36.0-255,66,87801,13,224327
3483,0.002012,172.217.194.0-255,5738,93539,13,224327
3484,0.002014,172.31.36.0-255,66,93605,13,224327
3485,0.00202,172.217.194.0-255,5738,99343,13,224327
3486,0.002022,172.31.36.0-255,66,99409,13,224327
3487,0.002062,172.217.194.0-255,7156,106565,13,224327
3488,0.002066,172.31.36.0-255,66,106631,13,224327
3489,0.002074,172.217.194.0-255,8574,115205,13,224327
3490,0.002077,172.31.36.0-255,66,115271,13,224327
3491,0.002088,172.217.194.0-255,9992,125263,13,224327
3492,0.002093,172.31.36.0-255,66,125329,13,224327
3493,0.002143,172.31.36.0-255,66,125395,13,224327
3494,0.002159,172.31.36.0-255,66,125461,13,224327
3495,0.00217,172.217.194.0-255,9992,135453,13,224327
3496,0.002173,172.31.36.0-255,66,135519,13,224327
3497,0.002185,172.31.36.0-255,66,135585,13,224327
3498,0.002275,172.31.36.0-255,66,135651,13,224327
3499,0.002288,172.31.36.0-255,66,135717,13,224327
3500,0.002299,172.217.194.0-255,8574,144291,13,224327
3501,0.002301,172.31.36.0-255,66,144357,13,224327
3502,0.002304,172.217.194.0-255,1484,145841,13,224327
3503,0.002347,172.31.36.0-255,66,145907,13,224327
3504,0.002354,172.217.194.0-255,7156,153063,13,224327
3505,0.002356,172.31.36.0-255,66,153129,13,224327
3506,0.002396,172.31.36.0-255,66,153195,13,224327
3507,0.002404,172.217.194.0-255,8574,161769,13,224327
3508,0.002406,172.31.36.0-255,66,161835,13,224327
3509,0.004769,172.217.194.0-255,5738,167573,13,224327
3510,0.004774,172.31.36.0-255,66,167639,13,224327
3511,0.007116,172.217.194.0-255,5738,173377,13,224327
3512,0.007134,172.31.36.0-255,66,173443,13,224327
3513,0.00951,172.217.194.0-255,5738,179181,13,224327
3514,0.009523,172.31.36.0-255,66,179247,13,224327
3515,0.011867,172.217.194.0-255,5738,184985,13,224327
3516,0.011894,172.31.36.0-255,66,185051,13,224327
3517,0.014248,172.217.194.0-255,5738,190789,13,224327
3518,0.014253,172.31.36.0-255,66,190855,13,224327
3519,0.016593,172.217.194.0-255,5738,196593,13,224327
3520,0.0166,172.31.36.0-255,66,196659,13,224327
3521,0.018925,172.217.194.0-255,4320,200979,13,224327
3522,0.018931,172.31.36.0-255,66,201045,13,224327
3523,0.018954,172.217.194.0-255,1484,202529,13,224327
3524,0.021305,172.217.194.0-255,4320,206849,13,224327
3525,0.021314,172.31.36.0-255,66,206915,13,224327
3526,0.023671,172.217.194.0-255,5738,212653,13,224327
3527,0.023679,172.31.36.0-255,66,212719,13,224327
3528,0.026014,172.217.194.0-255,5738,218457,13,224327
3529,0.026022,172.31.36.0-255,66,218523,13,224327
3530,0.028374,172.217.194.0-255,5738,224261,13,224327
3531,0.028381,172.31.36.0-255,66,224327,13,224327
3532,0.0,74.125.68.0-255,153,153,13,157524
3533,2.8e-05,172.31.36.0-255,66,219,13,157524
3534,3.5e-05,74.125.68.0-255,1484,1703,13,157524
3535,4e-05,172.31.36.0-255,66,1769,13,157524
3536,7.3e-05,74.125.68.0-255,2902,4671,13,157524
3537,7.6e-05,172.31.36.0-255,66,4737,13,157524
3538,8.3e-05,74.125.68.0-255,5738,10475,13,157524
3539,8.5e-05,172.31.36.0-255,66,10541,13,157524
3540,9.4e-05,74.125.68.0-255,1484,12025,13,157524
3541,9.7e-05,172.31.36.0-255,66,12091,13,157524
3542,0.00012,74.125.68.0-255,1484,13575,13,157524
3543,0.000123,172.31.36.0-255,66,13641,13,157524
3544,0.000134,74.125.68.0-255,3465,17106,13,157524
3545,0.000137,172.31.36.0-255,66,17172,13,157524
3546,0.00015,74.125.68.0-255,1484,18656,13,157524
3547,0.000153,172.31.36.0-255,66,18722,13,157524
3548,0.000189,74.125.68.0-255,7156,25878,13,157524
3549,0.000193,172.31.36.0-255,66,25944,13,157524
3550,0.000197,74.125.68.0-255,2902,28846,13,157524
3551,0.000199,172.31.36.0-255,66,28912,13,157524
3552,0.000203,74.125.68.0-255,2543,31455,13,157524
3553,0.000205,172.31.36.0-255,66,31521,13,157524
3554,0.000246,74.125.68.0-255,1484,33005,13,157524
3555,0.000249,172.31.36.0-255,66,33071,13,157524
3556,0.000275,74.125.68.0-255,2902,35973,13,157524
3557,0.000279,172.31.36.0-255,66,36039,13,157524
3558,0.000286,74.125.68.0-255,5738,41777,13,157524
3559,0.000288,172.31.36.0-255,66,41843,13,157524
3560,0.000317,74.125.68.0-255,7156,48999,13,157524
3561,0.000321,172.31.36.0-255,66,49065,13,157524
3562,0.000328,74.125.68.0-255,5738,54803,13,157524
3563,0.000333,172.31.36.0-255,66,54869,13,157524
3564,0.000349,74.125.68.0-255,2902,57771,13,157524
3565,0.000362,172.31.36.0-255,66,57837,13,157524
3566,0.000363,74.125.68.0-255,7856,65693,13,157524
3567,0.000367,172.31.36.0-255,66,65759,13,157524
3568,0.000391,74.125.68.0-255,396,66155,13,157524
3569,0.000805,172.31.36.0-255,66,66221,13,157524
3570,0.001309,74.125.68.0-255,111,66332,13,157524
3571,0.001319,74.125.68.0-255,332,66664,13,157524
3572,0.001932,74.125.68.0-255,1484,68148,13,157524
3573,0.001941,74.125.68.0-255,2902,71050,13,157524
3574,0.00196,74.125.68.0-255,1484,72534,13,157524
3575,0.001971,74.125.68.0-255,4320,76854,13,157524
3576,0.001982,74.125.68.0-255,2902,79756,13,157524
3577,0.002011,74.125.68.0-255,4320,84076,13,157524
3578,0.002044,74.125.68.0-255,2902,86978,13,157524
3579,0.002058,74.125.68.0-255,4320,91298,13,157524
3580,0.002068,74.125.68.0-255,1484,92782,13,157524
3581,0.002097,74.125.68.0-255,1484,94266,13,157524
3582,0.002119,74.125.68.0-255,6438,100704,13,157524
3583,0.003856,172.31.36.0-255,66,100770,13,157524
3584,0.006323,74.125.68.0-255,1484,102254,13,157524
3585,0.006353,74.125.68.0-255,4320,106574,13,157524
3586,0.006357,172.31.36.0-255,66,106640,13,157524
3587,0.008849,74.125.68.0-255,5738,112378,13,157524
3588,0.008857,172.31.36.0-255,66,112444,13,157524
3589,0.011348,74.125.68.0-255,5738,118182,13,157524
3590,0.01136,172.31.36.0-255,66,118248,13,157524
3591,0.013859,74.125.68.0-255,5738,123986,13,157524
3592,0.013872,172.31.36.0-255,66,124052,13,157524
3593,0.016357,74.125.68.0-255,5738,129790,13,157524
3594,0.016366,172.31.36.0-255,66,129856,13,157524
3595,0.018864,74.125.68.0-255,5738,135594,13,157524
3596,0.018873,172.31.36.0-255,66,135660,13,157524
3597,0.021401,74.125.68.0-255,4320,139980,13,157524
3598,0.02141,172.31.36.0-255,66,140046,13,157524
3599,0.02144,74.125.68.0-255,1484,141530,13,157524
3600,0.023879,74.125.68.0-255,4320,145850,13,157524
3601,0.023886,172.31.36.0-255,66,145916,13,157524
3602,0.026359,74.125.68.0-255,5738,151654,13,157524
3603,0.026416,172.31.36.0-255,66,151720,13,157524
3604,0.028917,74.125.68.0-255,5738,157458,13,157524
3605,0.028924,172.31.36.0-255,66,157524,13,157524
3606,0.0,172.217.194.0-255,153,153,13,261282
3607,1.4e-05,172.217.194.0-255,1484,1637,13,261282
3608,2.1e-05,172.31.36.0-255,66,1703,13,261282
3609,3e-05,172.217.194.0-255,2902,4605,13,261282
3610,3.4e-05,172.31.36.0-255,66,4671,13,261282
3611,4.1e-05,172.217.194.0-255,7156,11827,13,261282
3612,4.5e-05,172.31.36.0-255,66,11893,13,261282
3613,4.8e-05,172.217.194.0-255,1484,13377,13,261282
3614,8.3e-05,172.31.36.0-255,66,13443,13,261282
3615,0.000102,172.217.194.0-255,3961,17404,13,261282
3616,0.000104,172.31.36.0-255,66,17470,13,261282
3617,0.000124,172.217.194.0-255,4320,21790,13,261282
3618,0.000126,172.31.36.0-255,66,21856,13,261282
3619,0.000153,172.217.194.0-255,9992,31848,13,261282
3620,0.000156,172.31.36.0-255,66,31914,13,261282
3621,0.000163,172.217.194.0-255,7156,39070,13,261282
3622,0.000166,172.31.36.0-255,66,39136,13,261282
3623,0.000207,172.217.194.0-255,4320,43456,13,261282
3624,0.00021,172.31.36.0-255,66,43522,13,261282
3625,0.000228,172.217.194.0-255,7856,51378,13,261282
3626,0.000231,172.31.36.0-255,66,51444,13,261282
3627,0.000234,172.217.194.0-255,413,51857,13,261282
3628,0.000263,172.217.194.0-255,1484,53341,13,261282
3629,0.000266,172.31.36.0-255,66,53407,13,261282
3630,0.000317,172.217.194.0-255,4320,57727,13,261282
3631,0.00032,172.31.36.0-255,66,57793,13,261282
3632,0.000329,172.217.194.0-255,9992,67785,13,261282
3633,0.000331,172.31.36.0-255,66,67851,13,261282
3634,0.000338,172.217.194.0-255,7156,75007,13,261282
3635,0.000341,172.31.36.0-255,66,75073,13,261282
3636,0.000375,172.217.194.0-255,10407,85480,13,261282
3637,0.000378,172.31.36.0-255,66,85546,13,261282
3638,0.0004,172.217.194.0-255,7156,92702,13,261282
3639,0.000403,172.31.36.0-255,66,92768,13,261282
3640,0.000416,172.217.194.0-255,4320,97088,13,261282
3641,0.000419,172.31.36.0-255,66,97154,13,261282
3642,0.000426,172.217.194.0-255,7156,104310,13,261282
3643,0.000429,172.31.36.0-255,66,104376,13,261282
3644,0.000479,172.217.194.0-255,7156,111532,13,261282
3645,0.000482,172.31.36.0-255,66,111598,13,261282
3646,0.000507,172.217.194.0-255,7856,119454,13,261282
3647,0.00051,172.31.36.0-255,66,119520,13,261282
3648,0.000514,172.217.194.0-255,2902,122422,13,261282
3649,0.000516,172.31.36.0-255,66,122488,13,261282
3650,0.00054,172.31.36.0-255,66,122554,13,261282
3651,0.000554,172.31.36.0-255,66,122620,13,261282
3652,0.000585,172.217.194.0-255,6438,129058,13,261282
3653,0.000588,172.31.36.0-255,66,129124,13,261282
3654,0.000633,172.217.194.0-255,1484,130608,13,261282
3655,0.000637,172.217.194.0-255,1484,132092,13,261282
3656,0.000639,172.31.36.0-255,66,132158,13,261282
3657,0.000656,172.217.194.0-255,1484,133642,13,261282
3658,0.000663,172.217.194.0-255,5738,139380,13,261282
3659,0.000666,172.31.36.0-255,66,139446,13,261282
3660,0.000696,172.217.194.0-255,8574,148020,13,261282
3661,0.000699,172.31.36.0-255,66,148086,13,261282
3662,0.000727,172.217.194.0-255,4320,152406,13,261282
3663,0.00073,172.31.36.0-255,66,152472,13,261282
3664,0.000753,172.217.194.0-255,10692,163164,13,261282
3665,0.000758,172.31.36.0-255,66,163230,13,261282
3666,0.000798,172.217.194.0-255,1484,164714,13,261282
3667,0.000814,172.217.194.0-255,2902,167616,13,261282
3668,0.000817,172.31.36.0-255,66,167682,13,261282
3669,0.000824,172.217.194.0-255,4320,172002,13,261282
3670,0.000826,172.31.36.0-255,66,172068,13,261282
3671,0.00084,172.217.194.0-255,1484,173552,13,261282
3672,0.000849,172.217.194.0-255,8574,182126,13,261282
3673,0.000851,172.31.36.0-255,66,182192,13,261282
3674,0.000867,172.217.194.0-255,1484,183676,13,261282
3675,0.00087,172.217.194.0-255,1484,185160,13,261282
3676,0.000873,172.31.36.0-255,66,185226,13,261282
3677,0.00091,172.31.36.0-255,66,185292,13,261282
3678,0.000925,172.31.36.0-255,66,185358,13,261282
3679,0.000966,172.217.194.0-255,1484,186842,13,261282
3680,0.000996,172.31.36.0-255,66,186908,13,261282
3681,0.001,172.217.194.0-255,2184,189092,13,261282
3682,0.001002,172.31.36.0-255,66,189158,13,261282
3683,0.001111,172.217.194.0-255,1484,190642,13,261282
3684,0.001124,172.217.194.0-255,1484,192126,13,261282
3685,0.001127,172.31.36.0-255,66,192192,13,261282
3686,0.001131,172.217.194.0-255,1484,193676,13,261282
3687,0.001147,172.217.194.0-255,1484,195160,13,261282
3688,0.001149,172.31.36.0-255,66,195226,13,261282
3689,0.001156,172.217.194.0-255,5738,200964,13,261282
3690,0.001158,172.31.36.0-255,66,201030,13,261282
3691,0.001161,172.217.194.0-255,1484,202514,13,261282
3692,0.001198,172.31.36.0-255,66,202580,13,261282
3693,0.001206,172.217.194.0-255,8574,211154,13,261282
3694,0.001208,172.31.36.0-255,66,211220,13,261282
3695,0.001211,172.217.194.0-255,766,211986,13,261282
3696,0.001239,172.217.194.0-255,1484,213470,13,261282
3697,0.001241,172.31.36.0-255,66,213536,13,261282
3698,0.001263,172.217.194.0-255,4320,217856,13,261282
3699,0.001266,172.31.36.0-255,66,217922,13,261282
3700,0.001285,172.217.194.0-255,9992,227914,13,261282
3701,0.001288,172.31.36.0-255,66,227980,13,261282
3702,0.001293,172.217.194.0-255,4320,232300,13,261282
3703,0.001295,172.31.36.0-255,66,232366,13,261282
3704,0.001332,172.217.194.0-255,5738,238104,13,261282
3705,0.001336,172.31.36.0-255,66,238170,13,261282
3706,0.001364,172.217.194.0-255,10692,248862,13,261282
3707,0.001367,172.31.36.0-255,66,248928,13,261282
3708,0.001381,172.31.36.0-255,66,248994,13,261282
3709,0.001397,172.217.194.0-255,1484,250478,13,261282
3710,0.001414,172.217.194.0-255,7156,257634,13,261282
3711,0.001422,172.31.36.0-255,66,257700,13,261282
3712,0.001468,172.217.194.0-255,1386,259086,13,261282
3713,0.001528,172.217.194.0-255,105,259191,13,261282
3714,0.004547,172.31.36.0-255,66,259257,13,261282
3715,0.007338,172.31.36.0-255,105,259362,13,261282
3716,0.009635,172.217.194.0-255,66,259428,13,261282
3717,0.029448,172.31.36.0-255,171,259599,13,261282
3718,0.029879,172.31.36.0-255,1133,260732,13,261282
3719,0.029969,172.31.36.0-255,550,261282,13,261282
3720,0.0,74.125.130.0-255,148,148,13,370160
3721,2.4e-05,172.31.36.0-255,66,214,13,370160
3722,3.2e-05,74.125.130.0-255,1484,1698,13,370160
3723,3.7e-05,172.31.36.0-255,66,1764,13,370160
3724,4.2e-05,74.125.130.0-255,2902,4666,13,370160
3725,4.5e-05,172.31.36.0-255,66,4732,13,370160
3726,5.2e-05,74.125.130.0-255,5738,10470,13,370160
3727,5.6e-05,172.31.36.0-255,66,10536,13,370160
3728,6.2e-05,74.125.130.0-255,3466,14002,13,370160
3729,6.4e-05,172.31.36.0-255,66,14068,13,370160
3730,7e-05,74.125.130.0-255,2902,16970,13,370160
3731,7.2e-05,172.31.36.0-255,66,17036,13,370160
3732,9.3e-05,74.125.130.0-255,1484,18520,13,370160
3733,9.5e-05,172.31.36.0-255,66,18586,13,370160
3734,0.000106,74.125.130.0-255,9992,28578,13,370160
3735,0.000108,172.31.36.0-255,66,28644,13,370160
3736,0.000113,74.125.130.0-255,2543,31187,13,370160
3737,0.000116,172.31.36.0-255,66,31253,13,370160
3738,0.00026,74.125.130.0-255,1484,32737,13,370160
3739,0.000264,172.31.36.0-255,66,32803,13,370160
3740,0.000271,74.125.130.0-255,2902,35705,13,370160
3741,0.000274,172.31.36.0-255,66,35771,13,370160
3742,0.000303,74.125.130.0-255,5738,41509,13,370160
3743,0.000306,172.31.36.0-255,66,41575,13,370160
3744,0.000313,74.125.130.0-255,5738,47313,13,370160
3745,0.000315,172.31.36.0-255,66,47379,13,370160
3746,0.000342,74.125.130.0-255,6797,54176,13,370160
3747,0.000346,172.31.36.0-255,66,54242,13,370160
3748,0.000376,74.125.130.0-255,8574,62816,13,370160
3749,0.000379,172.31.36.0-255,66,62882,13,370160
3750,0.0004,74.125.130.0-255,1484,64366,13,370160
3751,0.000402,172.31.36.0-255,66,64432,13,370160
3752,0.00042,74.125.130.0-255,1713,66145,13,370160
3753,0.000454,172.31.36.0-255,66,66211,13,370160
3754,0.000548,74.125.130.0-255,1484,67695,13,370160
3755,0.000566,74.125.130.0-255,2902,70597,13,370160
3756,0.000574,74.125.130.0-255,5738,76335,13,370160
3757,0.000596,172.31.36.0-255,66,76401,13,370160
3758,0.000607,74.125.130.0-255,1484,77885,13,370160
3759,0.000627,74.125.130.0-255,9633,87518,13,370160
3760,0.000656,74.125.130.0-255,2902,90420,13,370160
3761,0.000672,74.125.130.0-255,8574,98994,13,370160
3762,0.000675,74.125.130.0-255,1125,100119,13,370160
3763,0.000684,172.31.36.0-255,66,100185,13,370160
3764,0.000836,74.125.130.0-255,1484,101669,13,370160
3765,0.000842,74.125.130.0-255,2902,104571,13,370160
3766,0.000848,74.125.130.0-255,5738,110309,13,370160
3767,0.000851,74.125.130.0-255,1484,111793,13,370160
3768,0.000858,74.125.130.0-255,5738,117531,13,370160
3769,0.000875,172.31.36.0-255,66,117597,13,370160
3770,0.000881,74.125.130.0-255,2902,120499,13,370160
3771,0.000886,74.125.130.0-255,4320,124819,13,370160
3772,0.000891,74.125.130.0-255,5738,130557,13,370160
3773,0.000898,172.31.36.0-255,66,130623,13,370160
3774,0.000915,74.125.130.0-255,1484,132107,13,370160
3775,0.000931,74.125.130.0-255,2184,134291,13,370160
3776,0.000939,172.31.36.0-255,66,134357,13,370160
3777,0.001041,74.125.130.0-255,1484,135841,13,370160
3778,0.001059,74.125.130.0-255,2902,138743,13,370160
3779,0.001063,74.125.130.0-255,2902,141645,13,370160
3780,0.001069,172.31.36.0-255,66,141711,13,370160
3781,0.001077,74.125.130.0-255,1484,143195,13,370160
3782,0.00108,74.125.130.0-255,1484,144679,13,370160
3783,0.001086,172.31.36.0-255,66,144745,13,370160
3784,0.001097,74.125.130.0-255,4320,149065,13,370160
3785,0.001119,74.125.130.0-255,8574,157639,13,370160
3786,0.001127,172.31.36.0-255,66,157705,13,370160
3787,0.001147,74.125.130.0-255,2902,160607,13,370160
3788,0.001152,74.125.130.0-255,4320,164927,13,370160
3789,0.001159,172.31.36.0-255,66,164993,13,370160
3790,0.001179,74.125.130.0-255,3602,168595,13,370160
3791,0.001214,172.31.36.0-255,66,168661,13,370160
3792,0.001348,74.125.130.0-255,1484,170145,13,370160
3793,0.001351,74.125.130.0-255,1484,171629,13,370160
3794,0.001359,172.31.36.0-255,66,171695,13,370160
3795,0.001367,74.125.130.0-255,1484,173179,13,370160
3796,0.001387,74.125.130.0-255,4320,177499,13,370160
3797,0.001393,74.125.130.0-255,5738,183237,13,370160
3798,0.001408,172.31.36.0-255,66,183303,13,370160
3799,0.00142,74.125.130.0-255,4320,187623,13,370160
3800,0.001439,172.31.36.0-255,66,187689,13,370160
3801,0.001456,74.125.130.0-255,7156,194845,13,370160
3802,0.001462,74.125.130.0-255,4320,199165,13,370160
3803,0.001477,74.125.130.0-255,3602,202767,13,370160
3804,0.001495,172.31.36.0-255,66,202833,13,370160
3805,0.001681,74.125.130.0-255,1484,204317,13,370160
3806,0.001702,74.125.130.0-255,2902,207219,13,370160
3807,0.001705,172.31.36.0-255,66,207285,13,370160
3808,0.001712,74.125.130.0-255,5738,213023,13,370160
3809,0.001735,74.125.130.0-255,2902,215925,13,370160
3810,0.001742,172.31.36.0-255,66,215991,13,370160
3811,0.001754,74.125.130.0-255,7156,223147,13,370160
3812,0.001759,172.31.36.0-255,66,223213,13,370160
3813,0.00178,74.125.130.0-255,5738,228951,13,370160
3814,0.001788,172.31.36.0-255,66,229017,13,370160
3815,0.001804,74.125.130.0-255,5738,234755,13,370160
3816,0.001808,74.125.130.0-255,2184,236939,13,370160
3817,0.00183,74.125.130.0-255,2902,239841,13,370160
3818,0.001836,74.125.130.0-255,5738,245579,13,370160
3819,0.00184,172.31.36.0-255,66,245645,13,370160
3820,0.001846,172.31.36.0-255,66,245711,13,370160
3821,0.001857,74.125.130.0-255,1484,247195,13,370160
3822,0.001863,74.125.130.0-255,4320,251515,13,370160
3823,0.001881,74.125.130.0-255,4320,255835,13,370160
3824,0.0019,172.31.36.0-255,66,255901,13,370160
3825,0.001904,74.125.130.0-255,1484,257385,13,370160
3826,0.001912,74.125.130.0-255,9992,267377,13,370160
3827,0.001923,172.31.36.0-255,66,267443,13,370160
3828,0.001937,74.125.130.0-255,2902,270345,13,370160
3829,0.001948,172.31.36.0-255,66,270411,13,370160
3830,0.001963,74.125.130.0-255,7856,278267,13,370160
3831,0.002025,74.125.130.0-255,7156,285423,13,370160
3832,0.002034,74.125.130.0-255,7856,293279,13,370160
3833,0.002036,74.125.130.0-255,1484,294763,13,370160
3834,0.002046,172.31.36.0-255,66,294829,13,370160
3835,0.002058,74.125.130.0-255,2902,297731,13,370160
3836,0.002075,74.125.130.0-255,5738,303469,13,370160
3837,0.002091,74.125.130.0-255,5738,309207,13,370160
3838,0.002102,172.31.36.0-255,66,309273,13,370160
3839,0.002115,74.125.130.0-255,7156,316429,13,370160
3840,0.002142,172.31.36.0-255,66,316495,13,370160
3841,0.002153,74.125.130.0-255,10692,327187,13,370160
3842,0.002158,172.31.36.0-255,66,327253,13,370160
3843,0.002167,74.125.130.0-255,1484,328737,13,370160
3844,0.002188,74.125.130.0-255,8574,337311,13,370160
3845,0.0022,172.31.36.0-255,66,337377,13,370160
3846,0.002211,74.125.130.0-255,1484,338861,13,370160
3847,0.002217,74.125.130.0-255,4320,343181,13,370160
3848,0.002221,172.31.36.0-255,66,343247,13,370160
3849,0.00223,74.125.130.0-255,1484,344731,13,370160
3850,0.002235,74.125.130.0-255,2902,347633,13,370160
3851,0.002256,74.125.130.0-255,4320,351953,13,370160
3852,0.002259,74.125.130.0-255,1484,353437,13,370160
3853,0.00227,172.31.36.0-255,66,353503,13,370160
3854,0.002284,74.125.130.0-255,7856,361359,13,370160
3855,0.002289,172.31.36.0-255,66,361425,13,370160
3856,0.002297,74.125.130.0-255,1484,362909,13,370160
3857,0.002322,74.125.130.0-255,6843,369752,13,370160
3858,0.002341,172.31.36.0-255,66,369818,13,370160
3859,0.004577,74.125.130.0-255,105,369923,13,370160
3860,0.008499,172.31.36.0-255,66,369989,13,370160
3861,0.008541,172.31.36.0-255,105,370094,13,370160
3862,0.010795,74.125.130.0-255,66,370160,13,370160
3863,0.0,74.125.24.0-255,153,153,13,243352
3864,2.3e-05,172.31.36.0-255,66,219,13,243352
3865,3e-05,74.125.24.0-255,1484,1703,13,243352
3866,3.4e-05,172.31.36.0-255,66,1769,13,243352
3867,4e-05,74.125.24.0-255,2902,4671,13,243352
3868,4.4e-05,172.31.36.0-255,66,4737,13,243352
3869,5.1e-05,74.125.24.0-255,7156,11893,13,243352
3870,5.5e-05,172.31.36.0-255,66,11959,13,243352
3871,6.2e-05,74.125.24.0-255,4905,16864,13,243352
3872,6.5e-05,172.31.36.0-255,66,16930,13,243352
3873,7.1e-05,74.125.24.0-255,4320,21250,13,243352
3874,7.4e-05,172.31.36.0-255,66,21316,13,243352
3875,0.000104,74.125.24.0-255,9633,30949,13,243352
3876,0.000108,172.31.36.0-255,66,31015,13,243352
3877,0.000152,74.125.24.0-255,1484,32499,13,243352
3878,0.000156,172.31.36.0-255,66,32565,13,243352
3879,0.000162,74.125.24.0-255,2902,35467,13,243352
3880,0.000164,172.31.36.0-255,66,35533,13,243352
3881,0.000169,74.125.24.0-255,2902,38435,13,243352
3882,0.000171,172.31.36.0-255,66,38501,13,243352
3883,0.000204,74.125.24.0-255,2902,41403,13,243352
3884,0.000207,172.31.36.0-255,66,41469,13,243352
3885,0.000214,74.125.24.0-255,6797,48266,13,243352
3886,0.000217,172.31.36.0-255,66,48332,13,243352
3887,0.000524,74.125.24.0-255,1484,49816,13,243352
3888,0.00053,172.31.36.0-255,66,49882,13,243352
3889,0.000537,74.125.24.0-255,2902,52784,13,243352
3890,0.00054,172.31.36.0-255,66,52850,13,243352
3891,0.000546,74.125.24.0-255,4320,57170,13,243352
3892,0.000549,172.31.36.0-255,66,57236,13,243352
3893,0.000576,74.125.24.0-255,1484,58720,13,243352
3894,0.000578,172.31.36.0-255,66,58786,13,243352
3895,0.000585,74.125.24.0-255,5738,64524,13,243352
3896,0.000588,172.31.36.0-255,66,64590,13,243352
3897,0.000607,74.125.24.0-255,1704,66294,13,243352
3898,0.000609,172.31.36.0-255,66,66360,13,243352
3899,0.000639,74.125.24.0-255,2902,69262,13,243352
3900,0.000643,172.31.36.0-255,66,69328,13,243352
3901,0.000646,74.125.24.0-255,1484,70812,13,243352
3902,0.000661,74.125.24.0-255,2902,73714,13,243352
3903,0.000663,172.31.36.0-255,66,73780,13,243352
3904,0.00069,74.125.24.0-255,2902,76682,13,243352
3905,0.000693,172.31.36.0-255,66,76748,13,243352
3906,0.000716,74.125.24.0-255,5738,82486,13,243352
3907,0.000719,172.31.36.0-255,66,82552,13,243352
3908,0.000736,172.31.36.0-255,66,82618,13,243352
3909,0.000749,74.125.24.0-255,1636,84254,13,243352
3910,0.000751,172.31.36.0-255,66,84320,13,243352
3911,0.000941,74.125.24.0-255,1484,85804,13,243352
3912,0.000947,74.125.24.0-255,1484,87288,13,243352
3913,0.000951,172.31.36.0-255,66,87354,13,243352
3914,0.000969,74.125.24.0-255,1484,88838,13,243352
3915,0.000976,74.125.24.0-255,5738,94576,13,243352
3916,0.000979,172.31.36.0-255,66,94642,13,243352
3917,0.000984,74.125.24.0-255,2902,97544,13,243352
3918,0.000987,172.31.36.0-255,66,97610,13,243352
3919,0.00102,74.125.24.0-255,9992,107602,13,243352
3920,0.001023,172.31.36.0-255,66,107668,13,243352
3921,0.001032,74.125.24.0-255,9992,117660,13,243352
3922,0.001034,172.31.36.0-255,66,117726,13,243352
3923,0.001037,74.125.24.0-255,766,118492,13,243352
3924,0.001371,74.125.24.0-255,1484,119976,13,243352
3925,0.001378,172.31.36.0-255,66,120042,13,243352
3926,0.001385,74.125.24.0-255,2902,122944,13,243352
3927,0.001388,172.31.36.0-255,66,123010,13,243352
3928,0.001394,74.125.24.0-255,5738,128748,13,243352
3929,0.001397,172.31.36.0-255,66,128814,13,243352
3930,0.0014,74.125.24.0-255,1484,130298,13,243352
3931,0.001438,172.31.36.0-255,66,130364,13,243352
3932,0.001444,74.125.24.0-255,5738,136102,13,243352
3933,0.001447,172.31.36.0-255,66,136168,13,243352
3934,0.001471,74.125.24.0-255,2902,139070,13,243352
3935,0.001473,172.31.36.0-255,66,139136,13,243352
3936,0.001492,74.125.24.0-255,2184,141320,13,243352
3937,0.001495,172.31.36.0-255,66,141386,13,243352
3938,0.001938,74.125.24.0-255,1484,142870,13,243352
3939,0.001945,74.125.24.0-255,2902,145772,13,243352
3940,0.001948,172.31.36.0-255,66,145838,13,243352
3941,0.001973,74.125.24.0-255,5738,151576,13,243352
3942,0.001976,172.31.36.0-255,66,151642,13,243352
3943,0.001991,74.125.24.0-255,4320,155962,13,243352
3944,0.001993,172.31.36.0-255,66,156028,13,243352
3945,0.002028,74.125.24.0-255,5738,161766,13,243352
3946,0.002031,172.31.36.0-255,66,161832,13,243352
3947,0.00204,74.125.24.0-255,8574,170406,13,243352
3948,0.002043,172.31.36.0-255,66,170472,13,243352
3949,0.004044,74.125.24.0-255,5738,176210,13,243352
3950,0.004052,172.31.36.0-255,66,176276,13,243352
3951,0.006076,74.125.24.0-255,5738,182014,13,243352
3952,0.00608,172.31.36.0-255,66,182080,13,243352
3953,0.008058,74.125.24.0-255,2902,184982,13,243352
3954,0.008062,172.31.36.0-255,66,185048,13,243352
3955,0.008078,74.125.24.0-255,2902,187950,13,243352
3956,0.00808,172.31.36.0-255,66,188016,13,243352
3957,0.010087,74.125.24.0-255,5738,193754,13,243352
3958,0.010095,172.31.36.0-255,66,193820,13,243352
3959,0.012136,74.125.24.0-255,5738,199558,13,243352
3960,0.012146,172.31.36.0-255,66,199624,13,243352
3961,0.01417,74.125.24.0-255,5738,205362,13,243352
3962,0.014177,172.31.36.0-255,66,205428,13,243352
3963,0.016156,74.125.24.0-255,5738,211166,13,243352
3964,0.016163,172.31.36.0-255,66,211232,13,243352
3965,0.018198,74.125.24.0-255,5738,216970,13,243352
3966,0.018205,172.31.36.0-255,66,217036,13,243352
3967,0.020191,74.125.24.0-255,4320,221356,13,243352
3968,0.020196,172.31.36.0-255,66,221422,13,243352
3969,0.020226,74.125.24.0-255,1484,222906,13,243352
3970,0.022212,74.125.24.0-255,4320,227226,13,243352
3971,0.022217,172.31.36.0-255,66,227292,13,243352
3972,0.024218,74.125.24.0-255,5738,233030,13,243352
3973,0.024226,172.31.36.0-255,66,233096,13,243352
3974,0.026283,74.125.24.0-255,4320,237416,13,243352
3975,0.02629,172.31.36.0-255,66,237482,13,243352
3976,0.026309,74.125.24.0-255,1484,238966,13,243352
3977,0.028285,74.125.24.0-255,4320,243286,13,243352
3978,0.028295,172.31.36.0-255,66,243352,13,243352
3979,0.0,172.217.24.0-255,150,150,13,349900
3980,1.5e-05,172.217.24.0-255,1484,1634,13,349900
3981,2.3e-05,172.31.36.0-255,66,1700,13,349900
3982,3.1e-05,172.217.24.0-255,2902,4602,13,349900
3983,3.5e-05,172.31.36.0-255,66,4668,13,349900
3984,4.5e-05,172.217.24.0-255,1484,6152,13,349900
3985,7.9e-05,172.217.24.0-255,5738,11890,13,349900
3986,8.3e-05,172.31.36.0-255,66,11956,13,349900
3987,8.8e-05,172.217.24.0-255,2031,13987,13,349900
3988,8.9e-05,172.31.36.0-255,66,14053,13,349900
3989,0.000607,172.217.24.0-255,1484,15537,13,349900
3990,0.000617,172.217.24.0-255,2902,18439,13,349900
3991,0.000621,172.31.36.0-255,66,18505,13,349900
3992,0.00063,172.217.24.0-255,5738,24243,13,349900
3993,0.000633,172.31.36.0-255,66,24309,13,349900
3994,0.000672,172.217.24.0-255,6797,31106,13,349900
3995,0.000675,172.31.36.0-255,66,31172,13,349900
3996,0.000915,172.217.24.0-255,1484,32656,13,349900
3997,0.000944,172.217.24.0-255,2902,35558,13,349900
3998,0.000949,172.31.36.0-255,66,35624,13,349900
3999,0.000961,172.217.24.0-255,4320,39944,13,349900
4000,0.000963,172.31.36.0-255,66,40010,13,349900
4001,0.000974,172.217.24.0-255,5738,45748,13,349900
4002,0.000977,172.31.36.0-255,66,45814,13,349900
4003,0.001019,172.217.24.0-255,2543,48357,13,349900
4004,0.001023,172.31.36.0-255,66,48423,13,349900
4005,0.001272,172.217.24.0-255,1484,49907,13,349900
4006,0.001283,172.217.24.0-255,2902,52809,13,349900
4007,0.001287,172.31.36.0-255,66,52875,13,349900
4008,0.001296,172.217.24.0-255,5738,58613,13,349900
4009,0.001298,172.31.36.0-255,66,58679,13,349900
4010,0.001335,172.217.24.0-255,7086,65765,13,349900
4011,0.001337,172.31.36.0-255,66,65831,13,349900
4012,0.001638,172.217.24.0-255,388,66219,13,349900
4013,0.001808,172.217.24.0-255,1484,67703,13,349900
4014,0.001814,172.31.36.0-255,66,67769,13,349900
4015,0.001823,172.217.24.0-255,2902,70671,13,349900
4016,0.001826,172.31.36.0-255,66,70737,13,349900
4017,0.001838,172.217.24.0-255,5738,76475,13,349900
4018,0.001842,172.31.36.0-255,66,76541,13,349900
4019,0.00185,172.217.24.0-255,6797,83338,13,349900
4020,0.001853,172.31.36.0-255,66,83404,13,349900
4021,0.00189,172.217.24.0-255,9992,93396,13,349900
4022,0.001894,172.31.36.0-255,66,93462,13,349900
4023,0.001921,172.217.24.0-255,4320,97782,13,349900
4024,0.001924,172.31.36.0-255,66,97848,13,349900
4025,0.001929,172.217.24.0-255,2543,100391,13,349900
4026,0.001931,172.31.36.0-255,66,100457,13,349900
4027,0.002056,172.217.24.0-255,1484,101941,13,349900
4028,0.002065,172.217.24.0-255,2902,104843,13,349900
4029,0.002069,172.31.36.0-255,66,104909,13,349900
4030,0.002077,172.217.24.0-255,5738,110647,13,349900
4031,0.002079,172.31.36.0-255,66,110713,13,349900
4032,0.002088,172.217.24.0-255,1484,112197,13,349900
4033,0.002113,172.217.24.0-255,4712,116909,13,349900
4034,0.002116,172.31.36.0-255,66,116975,13,349900
4035,0.002271,172.217.24.0-255,1484,118459,13,349900
4036,0.002278,172.217.24.0-255,2902,121361,13,349900
4037,0.002281,172.31.36.0-255,66,121427,13,349900
4038,0.002316,172.217.24.0-255,5738,127165,13,349900
4039,0.002319,172.31.36.0-255,66,127231,13,349900
4040,0.002327,172.217.24.0-255,7156,134387,13,349900
4041,0.00233,172.31.36.0-255,66,134453,13,349900
4042,0.00238,172.217.24.0-255,405,134858,13,349900
4043,0.002517,172.217.24.0-255,1484,136342,13,349900
4044,0.002521,172.31.36.0-255,66,136408,13,349900
4045,0.002528,172.217.24.0-255,2902,139310,13,349900
4046,0.00253,172.31.36.0-255,66,139376,13,349900
4047,0.002542,172.217.24.0-255,5738,145114,13,349900
4048,0.002545,172.31.36.0-255,66,145180,13,349900
4049,0.002547,172.217.24.0-255,1484,146664,13,349900
4050,0.00258,172.217.24.0-255,9992,156656,13,349900
4051,0.002582,172.31.36.0-255,66,156722,13,349900
4052,0.002597,172.31.36.0-255,66,156788,13,349900
4053,0.002831,172.217.24.0-255,1484,158272,13,349900
4054,0.002838,172.217.24.0-255,2902,161174,13,349900
4055,0.002841,172.31.36.0-255,66,161240,13,349900
4056,0.002845,172.217.24.0-255,1484,162724,13,349900
4057,0.002876,172.217.24.0-255,4320,167044,13,349900
4058,0.002878,172.31.36.0-255,66,167110,13,349900
4059,0.002884,172.217.24.0-255,4320,171430,13,349900
4060,0.002886,172.31.36.0-255,66,171496,13,349900
4061,0.002893,172.217.24.0-255,5738,177234,13,349900
4062,0.002896,172.31.36.0-255,66,177300,13,349900
4063,0.002911,172.31.36.0-255,66,177366,13,349900
4064,0.002916,172.217.24.0-255,2184,179550,13,349900
4065,0.002918,172.31.36.0-255,66,179616,13,349900
4066,0.002921,172.217.24.0-255,1484,181100,13,349900
4067,0.002952,172.217.24.0-255,1484,182584,13,349900
4068,0.002956,172.31.36.0-255,66,182650,13,349900
4069,0.002964,172.217.24.0-255,7156,189806,13,349900
4070,0.002966,172.31.36.0-255,66,189872,13,349900
4071,0.002974,172.217.24.0-255,7156,197028,13,349900
4072,0.002977,172.31.36.0-255,66,197094,13,349900
4073,0.00302,172.217.24.0-255,4320,201414,13,349900
4074,0.003023,172.31.36.0-255,66,201480,13,349900
4075,0.003031,172.217.24.0-255,5738,207218,13,349900
4076,0.003034,172.31.36.0-255,66,207284,13,349900
4077,0.003041,172.217.24.0-255,6438,213722,13,349900
4078,0.003043,172.31.36.0-255,66,213788,13,349900
4079,0.003113,172.217.24.0-255,1484,215272,13,349900
4080,0.003131,172.217.24.0-255,2902,218174,13,349900
4081,0.003134,172.31.36.0-255,66,218240,13,349900
4082,0.00314,172.217.24.0-255,2902,221142,13,349900
4083,0.003142,172.31.36.0-255,66,221208,13,349900
4084,0.003167,172.217.24.0-255,1484,222692,13,349900
4085,0.003202,172.217.24.0-255,2902,225594,13,349900
4086,0.003206,172.31.36.0-255,66,225660,13,349900
4087,0.003238,172.217.24.0-255,5738,231398,13,349900
4088,0.003247,172.217.24.0-255,9992,241390,13,349900
4089,0.003255,172.217.24.0-255,6438,247828,13,349900
4090,0.003265,172.31.36.0-255,66,247894,13,349900
4091,0.003302,172.217.24.0-255,1484,249378,13,349900
4092,0.003316,172.217.24.0-255,1484,250862,13,349900
4093,0.003338,172.217.24.0-255,2902,253764,13,349900
4094,0.003353,172.217.24.0-255,5738,259502,13,349900
4095,0.003357,172.217.24.0-255,2902,262404,13,349900
4096,0.003372,172.217.24.0-255,4320,266724,13,349900
4097,0.003395,172.217.24.0-255,5738,272462,13,349900
4098,0.003435,172.217.24.0-255,8574,281036,13,349900
4099,0.003446,172.217.24.0-255,766,281802,13,349900
4100,0.00365,172.217.24.0-255,1484,283286,13,349900
4101,0.003667,172.217.24.0-255,2902,286188,13,349900
4102,0.0037,172.217.24.0-255,1484,287672,13,349900
4103,0.003713,172.217.24.0-255,2902,290574,13,349900
4104,0.003786,172.217.24.0-255,4320,294894,13,349900
4105,0.003797,172.217.24.0-255,1484,296378,13,349900
4106,0.003802,172.217.24.0-255,4320,300698,13,349900
4107,0.003807,172.217.24.0-255,5738,306436,13,349900
4108,0.003818,172.217.24.0-255,9274,315710,13,349900
4109,0.003832,172.217.24.0-255,1484,317194,13,349900
4110,0.003848,172.217.24.0-255,1484,318678,13,349900
4111,0.00387,172.217.24.0-255,1484,320162,13,349900
4112,0.003872,172.217.24.0-255,1484,321646,13,349900
4113,0.003878,172.217.24.0-255,4320,325966,13,349900
4114,0.00388,172.217.24.0-255,1484,327450,13,349900
4115,0.003898,172.217.24.0-255,5738,333188,13,349900
4116,0.003911,172.217.24.0-255,1484,334672,13,349900
4117,0.003932,172.217.24.0-255,2902,337574,13,349900
4118,0.00397,172.217.24.0-255,766,338340,13,349900
4119,0.003977,172.217.24.0-255,5738,344078,13,349900
4120,0.003987,172.217.24.0-255,1484,345562,13,349900
4121,0.003998,172.217.24.0-255,2315,347877,13,349900
4122,0.004009,172.217.24.0-255,97,347974,13,349900
4123,0.004043,172.217.24.0-255,105,348079,13,349900
4124,0.004134,172.31.36.0-255,66,348145,13,349900
4125,0.00414,172.31.36.0-255,66,348211,13,349900
4126,0.004145,172.31.36.0-255,66,348277,13,349900
4127,0.004155,172.31.36.0-255,66,348343,13,349900
4128,0.004159,172.31.36.0-255,66,348409,13,349900
4129,0.004163,172.31.36.0-255,66,348475,13,349900
4130,0.004167,172.31.36.0-255,66,348541,13,349900
4131,0.004171,172.31.36.0-255,66,348607,13,349900
4132,0.004173,172.31.36.0-255,66,348673,13,349900
4133,0.004177,172.31.36.0-255,66,348739,13,349900
4134,0.004181,172.31.36.0-255,66,348805,13,349900
4135,0.004185,172.31.36.0-255,66,348871,13,349900
4136,0.004188,172.31.36.0-255,66,348937,13,349900
4137,0.004191,172.31.36.0-255,66,349003,13,349900
4138,0.004195,172.31.36.0-255,66,349069,13,349900
4139,0.004198,172.31.36.0-255,66,349135,13,349900
4140,0.004202,172.31.36.0-255,66,349201,13,349900
4141,0.004205,172.31.36.0-255,66,349267,13,349900
4142,0.004208,172.31.36.0-255,66,349333,13,349900
4143,0.004212,172.31.36.0-255,66,349399,13,349900
4144,0.004216,172.31.36.0-255,66,349465,13,349900
4145,0.004219,172.31.36.0-255,66,349531,13,349900
4146,0.004222,172.31.36.0-255,66,349597,13,349900
4147,0.004225,172.31.36.0-255,66,349663,13,349900
4148,0.008716,172.31.36.0-255,66,349729,13,349900
4149,0.008772,172.31.36.0-255,105,349834,13,349900
4150,0.010765,172.217.24.0-255,66,349900,13,349900
4151,0.0,172.217.194.0-255,298,298,13,205523
4152,2.8e-05,172.31.36.0-255,66,364,13,205523
4153,3.3e-05,172.217.194.0-255,1484,1848,13,205523
4154,3.7e-05,172.31.36.0-255,66,1914,13,205523
4155,4.1e-05,172.217.194.0-255,1484,3398,13,205523
4156,4.3e-05,172.31.36.0-255,66,3464,13,205523
4157,5.9e-05,172.217.194.0-255,2902,6366,13,205523
4158,6.2e-05,172.31.36.0-255,66,6432,13,205523
4159,7.8e-05,172.217.194.0-255,1484,7916,13,205523
4160,8e-05,172.31.36.0-255,66,7982,13,205523
4161,0.000107,172.217.194.0-255,6192,14174,13,205523
4162,0.00011,172.31.36.0-255,66,14240,13,205523
4163,0.000129,172.217.194.0-255,1484,15724,13,205523
4164,0.000131,172.31.36.0-255,66,15790,13,205523
4165,0.000136,172.217.194.0-255,2902,18692,13,205523
4166,0.000138,172.31.36.0-255,66,18758,13,205523
4167,0.000142,172.217.194.0-255,2902,21660,13,205523
4168,0.000144,172.31.36.0-255,66,21726,13,205523
4169,0.000163,172.217.194.0-255,2902,24628,13,205523
4170,0.000165,172.31.36.0-255,66,24694,13,205523
4171,0.000217,172.217.194.0-255,5738,30432,13,205523
4172,0.000221,172.31.36.0-255,66,30498,13,205523
4173,0.000239,172.217.194.0-255,1125,31623,13,205523
4174,0.000241,172.31.36.0-255,66,31689,13,205523
4175,0.000466,172.217.194.0-255,1484,33173,13,205523
4176,0.000471,172.31.36.0-255,66,33239,13,205523
4177,0.000476,172.217.194.0-255,2902,36141,13,205523
4178,0.000479,172.31.36.0-255,66,36207,13,205523
4179,0.000519,172.217.194.0-255,5738,41945,13,205523
4180,0.000524,172.31.36.0-255,66,42011,13,205523
4181,0.000541,172.217.194.0-255,6797,48808,13,205523
4182,0.000545,172.31.36.0-255,66,48874,13,205523
4183,0.000946,172.217.194.0-255,1484,50358,13,205523
4184,0.000958,172.217.194.0-255,2902,53260,13,205523
4185,0.000962,172.31.36.0-255,66,53326,13,205523
4186,0.00097,172.217.194.0-255,5738,59064,13,205523
4187,0.001003,172.217.194.0-255,6797,65861,13,205523
4188,0.001032,172.31.36.0-255,66,65927,13,205523
4189,0.001042,172.217.194.0-255,7156,73083,13,205523
4190,0.001048,172.31.36.0-255,66,73149,13,205523
4191,0.001062,172.217.194.0-255,7156,80305,13,205523
4192,0.001084,172.217.194.0-255,4320,84625,13,205523
4193,0.001116,172.217.194.0-255,3125,87750,13,205523
4194,0.001144,172.31.36.0-255,66,87816,13,205523
4195,0.001847,172.217.194.0-255,1484,89300,13,205523
4196,0.001855,172.217.194.0-255,2902,92202,13,205523
4197,0.00186,172.31.36.0-255,66,92268,13,205523
4198,0.001865,172.217.194.0-255,2902,95170,13,205523
4199,0.001883,172.217.194.0-255,2902,98072,13,205523
4200,0.001889,172.217.194.0-255,4320,102392,13,205523
4201,0.001914,172.217.194.0-255,8574,110966,13,205523
4202,0.001919,172.217.194.0-255,2902,113868,13,205523
4203,0.001925,172.31.36.0-255,66,113934,13,205523
4204,0.001939,172.217.194.0-255,7856,121790,13,205523
4205,0.001944,172.31.36.0-255,66,121856,13,205523
4206,0.004003,172.217.194.0-255,5738,127594,13,205523
4207,0.004009,172.31.36.0-255,66,127660,13,205523
4208,0.006071,172.217.194.0-255,5738,133398,13,205523
4209,0.006077,172.31.36.0-255,66,133464,13,205523
4210,0.008135,172.217.194.0-255,5738,139202,13,205523
4211,0.008142,172.31.36.0-255,66,139268,13,205523
4212,0.010214,172.217.194.0-255,5738,145006,13,205523
4213,0.010222,172.31.36.0-255,66,145072,13,205523
4214,0.01229,172.217.194.0-255,5738,150810,13,205523
4215,0.012297,172.31.36.0-255,66,150876,13,205523
4216,0.014387,172.217.194.0-255,5738,156614,13,205523
4217,0.014394,172.31.36.0-255,66,156680,13,205523
4218,0.016451,172.217.194.0-255,5738,162418,13,205523
4219,0.016458,172.31.36.0-255,66,162484,13,205523
4220,0.018515,172.217.194.0-255,5738,168222,13,205523
4221,0.018522,172.31.36.0-255,66,168288,13,205523
4222,0.020582,172.217.194.0-255,5738,174026,13,205523
4223,0.02059,172.31.36.0-255,66,174092,13,205523
4224,0.022666,172.217.194.0-255,5738,179830,13,205523
4225,0.022677,172.31.36.0-255,66,179896,13,205523
4226,0.024735,172.217.194.0-255,5738,185634,13,205523
4227,0.024743,172.31.36.0-255,66,185700,13,205523
4228,0.026808,172.217.194.0-255,5738,191438,13,205523
4229,0.026964,172.31.36.0-255,66,191504,13,205523
4230,0.027377,172.31.36.0-255,172,191676,13,205523
4231,0.027405,172.31.36.0-255,1110,192786,13,205523
4232,0.027448,172.31.36.0-255,1514,194300,13,205523
4233,0.02745,172.31.36.0-255,1514,195814,13,205523
4234,0.027451,172.31.36.0-255,1514,197328,13,205523
4235,0.027452,172.31.36.0-255,1514,198842,13,205523
4236,0.027453,172.31.36.0-255,547,199389,13,205523
4237,0.028922,104.244.42.0-255,66,199455,13,205523
4238,0.028956,104.244.42.0-255,66,199521,13,205523
4239,0.029016,172.217.194.0-255,4320,203841,13,205523
4240,0.02902,172.31.36.0-255,66,203907,13,205523
4241,0.029048,172.217.194.0-255,1484,205391,13,205523
4242,0.029077,104.244.42.0-255,66,205457,13,205523
4243,0.029082,104.244.42.0-255,66,205523,13,205523
4244,0.0,172.217.194.0-255,153,153,13,188701
4245,2.4e-05,172.31.36.0-255,66,219,13,188701
4246,3.1e-05,172.217.194.0-255,1484,1703,13,188701
4247,3.6e-05,172.31.36.0-255,66,1769,13,188701
4248,4.2e-05,172.217.194.0-255,2902,4671,13,188701
4249,4.5e-05,172.31.36.0-255,66,4737,13,188701
4250,5.3e-05,172.217.194.0-255,7156,11893,13,188701
4251,5.5e-05,172.31.36.0-255,66,11959,13,188701
4252,6e-05,172.217.194.0-255,2075,14034,13,188701
4253,6.2e-05,172.31.36.0-255,66,14100,13,188701
4254,0.000384,172.217.194.0-255,1484,15584,13,188701
4255,0.00039,172.31.36.0-255,66,15650,13,188701
4256,0.000397,172.217.194.0-255,2902,18552,13,188701
4257,0.000399,172.31.36.0-255,66,18618,13,188701
4258,0.000406,172.217.194.0-255,5738,24356,13,188701
4259,0.000409,172.31.36.0-255,66,24422,13,188701
4260,0.000414,172.217.194.0-255,2902,27324,13,188701
4261,0.000416,172.31.36.0-255,66,27390,13,188701
4262,0.000434,172.217.194.0-255,2902,30292,13,188701
4263,0.000437,172.31.36.0-255,66,30358,13,188701
4264,0.00046,172.217.194.0-255,1484,31842,13,188701
4265,0.000463,172.31.36.0-255,66,31908,13,188701
4266,0.000486,172.31.36.0-255,66,31974,13,188701
4267,0.000501,172.31.36.0-255,66,32040,13,188701
4268,0.000524,172.217.194.0-255,7018,39058,13,188701
4269,0.000527,172.31.36.0-255,66,39124,13,188701
4270,0.000551,172.217.194.0-255,2902,42026,13,188701
4271,0.000553,172.31.36.0-255,66,42092,13,188701
4272,0.000566,172.217.194.0-255,4320,46412,13,188701
4273,0.000569,172.31.36.0-255,66,46478,13,188701
4274,0.000574,172.217.194.0-255,2902,49380,13,188701
4275,0.000576,172.31.36.0-255,66,49446,13,188701
4276,0.000603,172.217.194.0-255,5738,55184,13,188701
4277,0.000606,172.31.36.0-255,66,55250,13,188701
4278,0.000615,172.217.194.0-255,8574,63824,13,188701
4279,0.000617,172.31.36.0-255,66,63890,13,188701
4280,0.000636,172.217.194.0-255,8574,72464,13,188701
4281,0.000638,172.31.36.0-255,66,72530,13,188701
4282,0.000641,172.217.194.0-255,766,73296,13,188701
4283,0.001203,172.31.36.0-255,101,73397,13,188701
4284,0.001604,172.217.194.0-255,1484,74881,13,188701
4285,0.001614,172.217.194.0-255,2902,77783,13,188701
4286,0.001617,172.31.36.0-255,66,77849,13,188701
4287,0.001638,172.217.194.0-255,2902,80751,13,188701
4288,0.001641,172.31.36.0-255,66,80817,13,188701
4289,0.001663,172.217.194.0-255,2902,83719,13,188701
4290,0.001666,172.31.36.0-255,66,83785,13,188701
4291,0.00167,172.217.194.0-255,2902,86687,13,188701
4292,0.001672,172.31.36.0-255,66,86753,13,188701
4293,0.001703,172.217.194.0-255,7156,93909,13,188701
4294,0.001706,172.31.36.0-255,66,93975,13,188701
4295,0.001719,172.31.36.0-255,66,94041,13,188701
4296,0.001735,172.217.194.0-255,2184,96225,13,188701
4297,0.001738,172.31.36.0-255,66,96291,13,188701
4298,0.002466,172.217.194.0-255,1484,97775,13,188701
4299,0.002475,172.217.194.0-255,2902,100677,13,188701
4300,0.002479,172.31.36.0-255,66,100743,13,188701
4301,0.002484,172.217.194.0-255,1484,102227,13,188701
4302,0.002502,172.217.194.0-255,4320,106547,13,188701
4303,0.002504,172.31.36.0-255,66,106613,13,188701
4304,0.002511,172.217.194.0-255,4320,110933,13,188701
4305,0.002513,172.31.36.0-255,66,110999,13,188701
4306,0.002528,172.217.194.0-255,1484,112483,13,188701
4307,0.002544,172.217.194.0-255,7156,119639,13,188701
4308,0.002547,172.31.36.0-255,66,119705,13,188701
4309,0.00257,172.217.194.0-255,2902,122607,13,188701
4310,0.002573,172.31.36.0-255,66,122673,13,188701
4311,0.002581,172.217.194.0-255,7856,130529,13,188701
4312,0.002583,172.31.36.0-255,66,130595,13,188701
4313,0.003824,172.217.194.0-255,66,130661,13,188701
4314,0.00526,172.217.194.0-255,5738,136399,13,188701
4315,0.005266,172.31.36.0-255,66,136465,13,188701
4316,0.007974,172.217.194.0-255,5738,142203,13,188701
4317,0.00798,172.31.36.0-255,66,142269,13,188701
4318,0.010667,172.217.194.0-255,5738,148007,13,188701
4319,0.010674,172.31.36.0-255,66,148073,13,188701
4320,0.013355,172.217.194.0-255,5738,153811,13,188701
4321,0.013366,172.31.36.0-255,66,153877,13,188701
4322,0.016056,172.217.194.0-255,5738,159615,13,188701
4323,0.016069,172.31.36.0-255,66,159681,13,188701
4324,0.018773,172.217.194.0-255,5738,165419,13,188701
4325,0.018788,172.31.36.0-255,66,165485,13,188701
4326,0.021492,172.217.194.0-255,5738,171223,13,188701
4327,0.021502,172.31.36.0-255,66,171289,13,188701
4328,0.024213,172.217.194.0-255,5738,177027,13,188701
4329,0.024225,172.31.36.0-255,66,177093,13,188701
4330,0.026915,172.217.194.0-255,5738,182831,13,188701
4331,0.026923,172.31.36.0-255,66,182897,13,188701
4332,0.029591,172.217.194.0-255,5738,188635,13,188701
4333,0.029604,172.31.36.0-255,66,188701,13,188701
4334,0.0,172.217.194.0-255,150,150,13,279260
4335,3.5e-05,172.31.36.0-255,66,216,13,279260
4336,4.2e-05,172.217.194.0-255,1484,1700,13,279260
4337,4.6e-05,172.31.36.0-255,66,1766,13,279260
4338,5.1e-05,172.217.194.0-255,2902,4668,13,279260
4339,5.3e-05,172.31.36.0-255,66,4734,13,279260
4340,6.1e-05,172.217.194.0-255,5738,10472,13,279260
4341,6.3e-05,172.31.36.0-255,66,10538,13,279260
4342,7.1e-05,172.217.194.0-255,8574,19112,13,279260
4343,7.3e-05,172.31.36.0-255,66,19178,13,279260
4344,0.000103,172.217.194.0-255,2048,21226,13,279260
4345,0.000106,172.31.36.0-255,66,21292,13,279260
4346,0.000117,172.217.194.0-255,9633,30925,13,279260
4347,0.000121,172.31.36.0-255,66,30991,13,279260
4348,0.000135,172.217.194.0-255,1484,32475,13,279260
4349,0.000137,172.31.36.0-255,66,32541,13,279260
4350,0.000161,172.217.194.0-255,4320,36861,13,279260
4351,0.000164,172.31.36.0-255,66,36927,13,279260
4352,0.000172,172.217.194.0-255,7156,44083,13,279260
4353,0.000174,172.31.36.0-255,66,44149,13,279260
4354,0.000179,172.217.194.0-255,3961,48110,13,279260
4355,0.000181,172.31.36.0-255,66,48176,13,279260
4356,0.000223,172.217.194.0-255,4320,52496,13,279260
4357,0.000226,172.31.36.0-255,66,52562,13,279260
4358,0.000229,172.217.194.0-255,1484,54046,13,279260
4359,0.000231,172.31.36.0-255,66,54112,13,279260
4360,0.000252,172.217.194.0-255,2902,57014,13,279260
4361,0.000255,172.31.36.0-255,66,57080,13,279260
4362,0.000288,172.217.194.0-255,1484,58564,13,279260
4363,0.00029,172.31.36.0-255,66,58630,13,279260
4364,0.000316,172.217.194.0-255,7108,65738,13,279260
4365,0.000318,172.31.36.0-255,66,65804,13,279260
4366,0.000638,172.217.194.0-255,366,66170,13,279260
4367,0.000818,172.217.194.0-255,1484,67654,13,279260
4368,0.000823,172.31.36.0-255,66,67720,13,279260
4369,0.000828,172.217.194.0-255,2902,70622,13,279260
4370,0.00083,172.31.36.0-255,66,70688,13,279260
4371,0.000844,172.217.194.0-255,2902,73590,13,279260
4372,0.000846,172.31.36.0-255,66,73656,13,279260
4373,0.000871,172.217.194.0-255,2902,76558,13,279260
4374,0.000879,172.31.36.0-255,66,76624,13,279260
4375,0.000907,172.31.36.0-255,66,76690,13,279260
4376,0.000916,172.217.194.0-255,9992,86682,13,279260
4377,0.000919,172.31.36.0-255,66,86748,13,279260
4378,0.000948,172.217.194.0-255,2902,89650,13,279260
4379,0.000951,172.31.36.0-255,66,89716,13,279260
4380,0.000975,172.31.36.0-255,66,89782,13,279260
4381,0.001219,172.217.194.0-255,1484,91266,13,279260
4382,0.001224,172.217.194.0-255,2902,94168,13,279260
4383,0.001227,172.31.36.0-255,66,94234,13,279260
4384,0.001232,172.217.194.0-255,2902,97136,13,279260
4385,0.001234,172.31.36.0-255,66,97202,13,279260
4386,0.00125,172.217.194.0-255,2902,100104,13,279260
4387,0.001253,172.31.36.0-255,66,100170,13,279260
4388,0.00126,172.217.194.0-255,6248,106418,13,279260
4389,0.001262,172.31.36.0-255,66,106484,13,279260
4390,0.001357,172.217.194.0-255,1484,107968,13,279260
4391,0.00136,172.217.194.0-255,1484,109452,13,279260
4392,0.001363,172.31.36.0-255,66,109518,13,279260
4393,0.001384,172.217.194.0-255,1484,111002,13,279260
4394,0.00139,172.217.194.0-255,5738,116740,13,279260
4395,0.001392,172.31.36.0-255,66,116806,13,279260
4396,0.001396,172.217.194.0-255,2902,119708,13,279260
4397,0.001398,172.31.36.0-255,66,119774,13,279260
4398,0.001422,172.217.194.0-255,9992,129766,13,279260
4399,0.001425,172.31.36.0-255,66,129832,13,279260
4400,0.001433,172.217.194.0-255,9992,139824,13,279260
4401,0.001435,172.31.36.0-255,66,139890,13,279260
4402,0.001457,172.217.194.0-255,766,140656,13,279260
4403,0.001519,172.217.194.0-255,1484,142140,13,279260
4404,0.001522,172.31.36.0-255,66,142206,13,279260
4405,0.001528,172.217.194.0-255,2902,145108,13,279260
4406,0.00153,172.31.36.0-255,66,145174,13,279260
4407,0.001545,172.217.194.0-255,5738,150912,13,279260
4408,0.001548,172.31.36.0-255,66,150978,13,279260
4409,0.001611,172.31.36.0-255,66,151044,13,279260
4410,0.00162,172.217.194.0-255,10692,161736,13,279260
4411,0.001622,172.31.36.0-255,66,161802,13,279260
4412,0.001691,172.217.194.0-255,1484,163286,13,279260
4413,0.001696,172.217.194.0-255,2902,166188,13,279260
4414,0.001699,172.31.36.0-255,66,166254,13,279260
4415,0.001725,172.217.194.0-255,5738,171992,13,279260
4416,0.001727,172.31.36.0-255,66,172058,13,279260
4417,0.001734,172.217.194.0-255,7156,179214,13,279260
4418,0.001736,172.31.36.0-255,66,179280,13,279260
4419,0.001749,172.217.194.0-255,2902,182182,13,279260
4420,0.001752,172.31.36.0-255,66,182248,13,279260
4421,0.001788,172.217.194.0-255,7156,189404,13,279260
4422,0.001791,172.31.36.0-255,66,189470,13,279260
4423,0.001813,172.217.194.0-255,6438,195908,13,279260
4424,0.001817,172.31.36.0-255,66,195974,13,279260
4425,0.001835,172.217.194.0-255,1484,197458,13,279260
4426,0.00184,172.217.194.0-255,2902,200360,13,279260
4427,0.001842,172.31.36.0-255,66,200426,13,279260
4428,0.001846,172.217.194.0-255,1484,201910,13,279260
4429,0.001865,172.217.194.0-255,4320,206230,13,279260
4430,0.001868,172.31.36.0-255,66,206296,13,279260
4431,0.001921,172.31.36.0-255,66,206362,13,279260
4432,0.001932,172.217.194.0-255,10692,217054,13,279260
4433,0.001935,172.31.36.0-255,66,217120,13,279260
4434,0.001998,172.217.194.0-255,1484,218604,13,279260
4435,0.002004,172.217.194.0-255,2902,221506,13,279260
4436,0.002007,172.31.36.0-255,66,221572,13,279260
4437,0.002028,172.217.194.0-255,5738,227310,13,279260
4438,0.002031,172.31.36.0-255,66,227376,13,279260
4439,0.002035,172.217.194.0-255,2902,230278,13,279260
4440,0.002037,172.31.36.0-255,66,230344,13,279260
4441,0.002056,172.217.194.0-255,4320,234664,13,279260
4442,0.002059,172.31.36.0-255,66,234730,13,279260
4443,0.002078,172.217.194.0-255,8574,243304,13,279260
4444,0.002081,172.31.36.0-255,66,243370,13,279260
4445,0.002103,172.217.194.0-255,5738,249108,13,279260
4446,0.002105,172.31.36.0-255,66,249174,13,279260
4447,0.002112,172.217.194.0-255,6438,255612,13,279260
4448,0.002114,172.31.36.0-255,66,255678,13,279260
4449,0.00215,172.31.36.0-255,66,255744,13,279260
4450,0.002177,172.217.194.0-255,7156,262900,13,279260
4451,0.002179,172.31.36.0-255,66,262966,13,279260
4452,0.002186,172.217.194.0-255,6438,269404,13,279260
4453,0.002188,172.31.36.0-255,66,269470,13,279260
4454,0.002214,172.217.194.0-255,1484,270954,13,279260
4455,0.002247,172.31.36.0-255,66,271020,13,279260
4456,0.002291,172.31.36.0-255,66,271086,13,279260
4457,0.002346,172.217.194.0-255,1484,272570,13,279260
4458,0.002352,172.217.194.0-255,2902,275472,13,279260
4459,0.002356,172.31.36.0-255,66,275538,13,279260
4460,0.002361,172.217.194.0-255,3038,278576,13,279260
4461,0.002364,172.31.36.0-255,66,278642,13,279260
4462,0.004641,172.217.194.0-255,105,278747,13,279260
4463,0.011378,172.31.36.0-255,105,278852,13,279260
4464,0.011483,172.31.36.0-255,66,278918,13,279260
4465,0.011508,172.31.36.0-255,105,279023,13,279260
4466,0.013403,157.240.13.0-255,105,279128,13,279260
4467,0.013419,172.31.36.0-255,66,279194,13,279260
4468,0.013802,172.217.194.0-255,66,279260,13,279260
4469,0.0,74.125.24.0-255,66,66,13,66
4470,0.0,74.125.24.0-255,153,153,13,321462
4471,2.4e-05,172.31.36.0-255,66,219,13,321462
4472,3.3e-05,74.125.24.0-255,1484,1703,13,321462
4473,3.7e-05,172.31.36.0-255,66,1769,13,321462
4474,5.1e-05,74.125.24.0-255,2902,4671,13,321462
4475,5.4e-05,172.31.36.0-255,66,4737,13,321462
4476,6e-05,74.125.24.0-255,4320,9057,13,321462
4477,6.3e-05,172.31.36.0-255,66,9123,13,321462
4478,9.8e-05,74.125.24.0-255,4847,13970,13,321462
4479,0.0001,172.31.36.0-255,66,14036,13,321462
4480,0.000215,74.125.24.0-255,1484,15520,13,321462
4481,0.000219,172.31.36.0-255,66,15586,13,321462
4482,0.000224,74.125.24.0-255,2902,18488,13,321462
4483,0.000226,172.31.36.0-255,66,18554,13,321462
4484,0.000261,74.125.24.0-255,5738,24292,13,321462
4485,0.000264,172.31.36.0-255,66,24358,13,321462
4486,0.000269,74.125.24.0-255,2902,27260,13,321462
4487,0.000271,172.31.36.0-255,66,27326,13,321462
4488,0.000293,74.125.24.0-255,3961,31287,13,321462
4489,0.000296,172.31.36.0-255,66,31353,13,321462
4490,0.000309,74.125.24.0-255,9992,41345,13,321462
4491,0.000312,172.31.36.0-255,66,41411,13,321462
4492,0.000337,74.125.24.0-255,4320,45731,13,321462
4493,0.000342,172.31.36.0-255,66,45797,13,321462
4494,0.000361,74.125.24.0-255,7156,52953,13,321462
4495,0.000363,172.31.36.0-255,66,53019,13,321462
4496,0.000377,172.31.36.0-255,66,53085,13,321462
4497,0.00038,74.125.24.0-255,400,53485,13,321462
4498,0.000382,172.31.36.0-255,66,53551,13,321462
4499,0.000403,74.125.24.0-255,109,53660,13,321462
4500,0.000405,172.31.36.0-255,66,53726,13,321462
4501,0.000672,74.125.24.0-255,1484,55210,13,321462
4502,0.00068,74.125.24.0-255,2902,58112,13,321462
4503,0.000683,172.31.36.0-255,66,58178,13,321462
4504,0.000691,74.125.24.0-255,5738,63916,13,321462
4505,0.000693,172.31.36.0-255,66,63982,13,321462
4506,0.000723,74.125.24.0-255,7156,71138,13,321462
4507,0.000726,172.31.36.0-255,66,71204,13,321462
4508,0.000733,74.125.24.0-255,5738,76942,13,321462
4509,0.000735,172.31.36.0-255,66,77008,13,321462
4510,0.00077,74.125.24.0-255,8574,85582,13,321462
4511,0.000773,172.31.36.0-255,66,85648,13,321462
4512,0.000777,74.125.24.0-255,2184,87832,13,321462
4513,0.00078,172.31.36.0-255,66,87898,13,321462
4514,0.000857,74.125.24.0-255,1484,89382,13,321462
4515,0.000875,74.125.24.0-255,2902,92284,13,321462
4516,0.000879,172.31.36.0-255,66,92350,13,321462
4517,0.000886,74.125.24.0-255,5738,98088,13,321462
4518,0.000889,172.31.36.0-255,66,98154,13,321462
4519,0.000902,74.125.24.0-255,5738,103892,13,321462
4520,0.000904,172.31.36.0-255,66,103958,13,321462
4521,0.00091,74.125.24.0-255,4320,108278,13,321462
4522,0.000912,172.31.36.0-255,66,108344,13,321462
4523,0.000942,74.125.24.0-255,2902,111246,13,321462
4524,0.000946,172.31.36.0-255,66,111312,13,321462
4525,0.000953,74.125.24.0-255,5738,117050,13,321462
4526,0.000956,172.31.36.0-255,66,117116,13,321462
4527,0.000993,74.125.24.0-255,5020,122136,13,321462
4528,0.001009,74.125.24.0-255,4320,126456,13,321462
4529,0.001014,172.31.36.0-255,66,126522,13,321462
4530,0.001017,172.31.36.0-255,66,126588,13,321462
4531,0.00102,172.31.36.0-255,66,126654,13,321462
4532,0.001056,172.31.36.0-255,66,126720,13,321462
4533,0.001061,74.125.24.0-255,3602,130322,13,321462
4534,0.001063,172.31.36.0-255,66,130388,13,321462
4535,0.001101,74.125.24.0-255,1749,132137,13,321462
4536,0.001104,172.31.36.0-255,66,132203,13,321462
4537,0.001109,74.125.24.0-255,2902,135105,13,321462
4538,0.001111,172.31.36.0-255,66,135171,13,321462
4539,0.001136,74.125.24.0-255,7156,142327,13,321462
4540,0.001138,172.31.36.0-255,66,142393,13,321462
4541,0.001145,74.125.24.0-255,5738,148131,13,321462
4542,0.001148,172.31.36.0-255,66,148197,13,321462
4543,0.001182,74.125.24.0-255,8574,156771,13,321462
4544,0.001185,172.31.36.0-255,66,156837,13,321462
4545,0.001195,74.125.24.0-255,7856,164693,13,321462
4546,0.001197,172.31.36.0-255,66,164759,13,321462
4547,0.001241,74.125.24.0-255,1484,166243,13,321462
4548,0.001245,74.125.24.0-255,1484,167727,13,321462
4549,0.001248,172.31.36.0-255,66,167793,13,321462
4550,0.001266,74.125.24.0-255,1484,169277,13,321462
4551,0.001268,74.125.24.0-255,1484,170761,13,321462
4552,0.001273,172.31.36.0-255,66,170827,13,321462
4553,0.001291,74.125.24.0-255,4320,175147,13,321462
4554,0.001294,172.31.36.0-255,66,175213,13,321462
4555,0.001319,74.125.24.0-255,4320,179533,13,321462
4556,0.001323,172.31.36.0-255,66,179599,13,321462
4557,0.001353,74.125.24.0-255,8574,188173,13,321462
4558,0.001356,172.31.36.0-255,66,188239,13,321462
4559,0.0014,74.125.24.0-255,5738,193977,13,321462
4560,0.001402,172.31.36.0-255,66,194043,13,321462
4561,0.001437,74.125.24.0-255,5020,199063,13,321462
4562,0.00144,172.31.36.0-255,66,199129,13,321462
4563,0.001468,172.31.36.0-255,66,199195,13,321462
4564,0.001477,74.125.24.0-255,9274,208469,13,321462
4565,0.001479,172.31.36.0-255,66,208535,13,321462
4566,0.001766,74.125.24.0-255,1484,210019,13,321462
4567,0.001772,74.125.24.0-255,2902,212921,13,321462
4568,0.001776,172.31.36.0-255,66,212987,13,321462
4569,0.001803,74.125.24.0-255,5738,218725,13,321462
4570,0.001807,74.125.24.0-255,2902,221627,13,321462
4571,0.001811,172.31.36.0-255,66,221693,13,321462
4572,0.001814,172.31.36.0-255,66,221759,13,321462
4573,0.001837,74.125.24.0-255,2902,224661,13,321462
4574,0.00184,172.31.36.0-255,66,224727,13,321462
4575,0.001864,74.125.24.0-255,7156,231883,13,321462
4576,0.001867,172.31.36.0-255,66,231949,13,321462
4577,0.001894,74.125.24.0-255,5738,237687,13,321462
4578,0.001898,172.31.36.0-255,66,237753,13,321462
4579,0.001904,74.125.24.0-255,4320,242073,13,321462
4580,0.001906,172.31.36.0-255,66,242139,13,321462
4581,0.001936,74.125.24.0-255,766,242905,13,321462
4582,0.001984,74.125.24.0-255,1484,244389,13,321462
4583,0.001988,172.31.36.0-255,66,244455,13,321462
4584,0.001993,74.125.24.0-255,2902,247357,13,321462
4585,0.001995,172.31.36.0-255,66,247423,13,321462
4586,0.002005,74.125.24.0-255,2902,250325,13,321462
4587,0.002008,172.31.36.0-255,66,250391,13,321462
4588,0.002031,74.125.24.0-255,2902,253293,13,321462
4589,0.002033,172.31.36.0-255,66,253359,13,321462
4590,0.002041,74.125.24.0-255,7156,260515,13,321462
4591,0.002043,172.31.36.0-255,66,260581,13,321462
4592,0.002078,74.125.24.0-255,5738,266319,13,321462
4593,0.002081,172.31.36.0-255,66,266385,13,321462
4594,0.002091,74.125.24.0-255,10692,277077,13,321462
4595,0.002094,172.31.36.0-255,66,277143,13,321462
4596,0.002686,74.125.24.0-255,1484,278627,13,321462
4597,0.002706,74.125.24.0-255,2902,281529,13,321462
4598,0.002709,172.31.36.0-255,66,281595,13,321462
4599,0.002715,74.125.24.0-255,2902,284497,13,321462
4600,0.002717,172.31.36.0-255,66,284563,13,321462
4601,0.002736,74.125.24.0-255,2902,287465,13,321462
4602,0.002738,172.31.36.0-255,66,287531,13,321462
4603,0.002767,74.125.24.0-255,4320,291851,13,321462
4604,0.00277,172.31.36.0-255,66,291917,13,321462
4605,0.002799,74.125.24.0-255,7156,299073,13,321462
4606,0.002801,172.31.36.0-255,66,299139,13,321462
4607,0.002811,74.125.24.0-255,8574,307713,13,321462
4608,0.002813,172.31.36.0-255,66,307779,13,321462
4609,0.002842,74.125.24.0-255,3602,311381,13,321462
4610,0.002845,172.31.36.0-255,66,311447,13,321462
4611,0.003022,74.125.24.0-255,1484,312931,13,321462
4612,0.003037,74.125.24.0-255,2902,315833,13,321462
4613,0.00304,172.31.36.0-255,66,315899,13,321462
4614,0.003077,74.125.24.0-255,5155,321054,13,321462
4615,0.00308,172.31.36.0-255,66,321120,13,321462
4616,0.003136,74.125.24.0-255,105,321225,13,321462
4617,0.0047,172.31.36.0-255,66,321291,13,321462
4618,0.004739,172.31.36.0-255,105,321396,13,321462
4619,0.007351,74.125.24.0-255,66,321462,13,321462
4620,0.0,172.217.194.0-255,153,153,13,126145
4621,2.9e-05,172.31.36.0-255,66,219,13,126145
4622,3.6e-05,172.217.194.0-255,1484,1703,13,126145
4623,4e-05,172.31.36.0-255,66,1769,13,126145
4624,4.4e-05,172.217.194.0-255,2902,4671,13,126145
4625,4.7e-05,172.31.36.0-255,66,4737,13,126145
4626,8e-05,172.217.194.0-255,7156,11893,13,126145
4627,8.3e-05,172.31.36.0-255,66,11959,13,126145
4628,8.8e-05,172.217.194.0-255,2028,13987,13,126145
4629,9e-05,172.31.36.0-255,66,14053,13,126145
4630,0.000125,172.217.194.0-255,1484,15537,13,126145
4631,0.000128,172.31.36.0-255,66,15603,13,126145
4632,0.000153,172.217.194.0-255,9992,25595,13,126145
4633,0.000156,172.31.36.0-255,66,25661,13,126145
4634,0.000161,172.217.194.0-255,4320,29981,13,126145
4635,0.000163,172.31.36.0-255,66,30047,13,126145
4636,0.000189,172.217.194.0-255,7156,37203,13,126145
4637,0.000192,172.31.36.0-255,66,37269,13,126145
4638,0.000207,172.217.194.0-255,9992,47261,13,126145
4639,0.00021,172.31.36.0-255,66,47327,13,126145
4640,0.000212,172.217.194.0-255,766,48093,13,126145
4641,0.000214,172.31.36.0-255,66,48159,13,126145
4642,0.004435,172.217.194.0-255,1484,49643,13,126145
4643,0.004442,172.31.36.0-255,66,49709,13,126145
4644,0.004461,172.217.194.0-255,2902,52611,13,126145
4645,0.004464,172.31.36.0-255,66,52677,13,126145
4646,0.004468,172.217.194.0-255,1484,54161,13,126145
4647,0.00447,172.31.36.0-255,66,54227,13,126145
4648,0.006533,172.217.194.0-255,1484,55711,13,126145
4649,0.00654,172.31.36.0-255,66,55777,13,126145
4650,0.006565,172.217.194.0-255,2902,58679,13,126145
4651,0.006569,172.31.36.0-255,66,58745,13,126145
4652,0.006602,172.217.194.0-255,1484,60229,13,126145
4653,0.008621,172.217.194.0-255,1484,61713,13,126145
4654,0.008628,172.31.36.0-255,66,61779,13,126145
4655,0.008652,172.217.194.0-255,2902,64681,13,126145
4656,0.008656,172.31.36.0-255,66,64747,13,126145
4657,0.01074,172.217.194.0-255,2902,67649,13,126145
4658,0.010747,172.31.36.0-255,66,67715,13,126145
4659,0.010817,172.217.194.0-255,2902,70617,13,126145
4660,0.010822,172.31.36.0-255,66,70683,13,126145
4661,0.012851,172.217.194.0-255,2902,73585,13,126145
4662,0.012858,172.31.36.0-255,66,73651,13,126145
4663,0.012934,172.217.194.0-255,2902,76553,13,126145
4664,0.012938,172.31.36.0-255,66,76619,13,126145
4665,0.014985,172.217.194.0-255,2902,79521,13,126145
4666,0.014993,172.31.36.0-255,66,79587,13,126145
4667,0.015019,172.217.194.0-255,2902,82489,13,126145
4668,0.015022,172.31.36.0-255,66,82555,13,126145
4669,0.017108,172.217.194.0-255,4320,86875,13,126145
4670,0.017117,172.31.36.0-255,66,86941,13,126145
4671,0.017139,172.217.194.0-255,1484,88425,13,126145
4672,0.019234,172.217.194.0-255,4320,92745,13,126145
4673,0.019241,172.31.36.0-255,66,92811,13,126145
4674,0.021398,172.217.194.0-255,5738,98549,13,126145
4675,0.021404,172.31.36.0-255,66,98615,13,126145
4676,0.023545,172.217.194.0-255,5738,104353,13,126145
4677,0.023553,172.31.36.0-255,66,104419,13,126145
4678,0.025742,172.217.194.0-255,5738,110157,13,126145
4679,0.025749,172.31.36.0-255,66,110223,13,126145
4680,0.026961,172.31.36.0-255,197,110420,13,126145
4681,0.027002,172.31.36.0-255,1110,111530,13,126145
4682,0.02708,172.31.36.0-255,1514,113044,13,126145
4683,0.027082,172.31.36.0-255,1295,114339,13,126145
4684,0.027857,172.217.194.0-255,5738,120077,13,126145
4685,0.027863,172.31.36.0-255,66,120143,13,126145
4686,0.028651,104.244.42.0-255,66,120209,13,126145
4687,0.028685,104.244.42.0-255,66,120275,13,126145
4688,0.028791,104.244.42.0-255,66,120341,13,126145
4689,0.029977,172.217.194.0-255,5738,126079,13,126145
4690,0.029982,172.31.36.0-255,66,126145,13,126145
4691,0.0,172.217.27.0-255,149,149,13,154591
4692,2.6e-05,172.31.36.0-255,66,215,13,154591
4693,3.2e-05,172.217.27.0-255,1484,1699,13,154591
4694,3.7e-05,172.31.36.0-255,66,1765,13,154591
4695,4.9e-05,172.217.27.0-255,2902,4667,13,154591
4696,5.2e-05,172.31.36.0-255,66,4733,13,154591
4697,5.7e-05,172.217.27.0-255,4320,9053,13,154591
4698,6e-05,172.31.36.0-255,66,9119,13,154591
4699,6.6e-05,172.217.27.0-255,4847,13966,13,154591
4700,6.9e-05,172.31.36.0-255,66,14032,13,154591
4701,0.000173,172.217.27.0-255,1484,15516,13,154591
4702,0.000177,172.31.36.0-255,66,15582,13,154591
4703,0.000197,172.217.27.0-255,2902,18484,13,154591
4704,0.000199,172.31.36.0-255,66,18550,13,154591
4705,0.000206,172.217.27.0-255,5738,24288,13,154591
4706,0.000209,172.31.36.0-255,66,24354,13,154591
4707,0.000215,172.217.27.0-255,5738,30092,13,154591
4708,0.000217,172.31.36.0-255,66,30158,13,154591
4709,0.000247,172.217.27.0-255,1125,31283,13,154591
4710,0.00025,172.31.36.0-255,66,31349,13,154591
4711,0.000736,172.217.27.0-255,1484,32833,13,154591
4712,0.000742,172.31.36.0-255,66,32899,13,154591
4713,0.000751,172.217.27.0-255,2902,35801,13,154591
4714,0.000754,172.31.36.0-255,66,35867,13,154591
4715,0.000767,172.217.27.0-255,5738,41605,13,154591
4716,0.00077,172.31.36.0-255,66,41671,13,154591
4717,0.000817,172.31.36.0-255,66,41737,13,154591
4718,0.000825,172.217.27.0-255,8574,50311,13,154591
4719,0.000827,172.31.36.0-255,66,50377,13,154591
4720,0.000836,172.217.27.0-255,1125,51502,13,154591
4721,0.00084,172.31.36.0-255,66,51568,13,154591
4722,0.002512,172.217.27.0-255,5738,57306,13,154591
4723,0.002519,172.31.36.0-255,66,57372,13,154591
4724,0.004154,172.217.27.0-255,5738,63110,13,154591
4725,0.004159,172.31.36.0-255,66,63176,13,154591
4726,0.005794,172.217.27.0-255,5738,68914,13,154591
4727,0.005798,172.31.36.0-255,66,68980,13,154591
4728,0.007426,172.217.27.0-255,5738,74718,13,154591
4729,0.007433,172.31.36.0-255,66,74784,13,154591
4730,0.009066,172.217.27.0-255,5738,80522,13,154591
4731,0.009074,172.31.36.0-255,66,80588,13,154591
4732,0.010704,172.217.27.0-255,5738,86326,13,154591
4733,0.010711,172.31.36.0-255,66,86392,13,154591
4734,0.012352,172.217.27.0-255,5738,92130,13,154591
4735,0.01236,172.31.36.0-255,66,92196,13,154591
4736,0.013999,172.217.27.0-255,5738,97934,13,154591
4737,0.014007,172.31.36.0-255,66,98000,13,154591
4738,0.015637,172.217.27.0-255,5738,103738,13,154591
4739,0.015643,172.31.36.0-255,66,103804,13,154591
4740,0.017312,172.217.27.0-255,5738,109542,13,154591
4741,0.017319,172.31.36.0-255,66,109608,13,154591
4742,0.018951,172.217.27.0-255,5738,115346,13,154591
4743,0.018957,172.31.36.0-255,66,115412,13,154591
4744,0.020615,172.217.27.0-255,5738,121150,13,154591
4745,0.020622,172.31.36.0-255,66,121216,13,154591
4746,0.022258,172.217.27.0-255,5738,126954,13,154591
4747,0.022266,172.31.36.0-255,66,127020,13,154591
4748,0.0239,172.217.27.0-255,5738,132758,13,154591
4749,0.023907,172.31.36.0-255,66,132824,13,154591
4750,0.025552,172.217.27.0-255,5738,138562,13,154591
4751,0.025559,172.31.36.0-255,66,138628,13,154591
4752,0.027177,172.217.27.0-255,1484,140112,13,154591
4753,0.027214,172.217.27.0-255,4320,144432,13,154591
4754,0.027219,172.31.36.0-255,66,144498,13,154591
4755,0.028247,172.31.36.0-255,172,144670,13,154591
4756,0.028278,172.31.36.0-255,1106,145776,13,154591
4757,0.028312,172.31.36.0-255,1514,147290,13,154591
4758,0.028314,172.31.36.0-255,1299,148589,13,154591
4759,0.028865,172.217.27.0-255,5738,154327,13,154591
4760,0.028872,172.31.36.0-255,66,154393,13,154591
4761,0.029788,104.244.42.0-255,66,154459,13,154591
4762,0.029837,104.244.42.0-255,66,154525,13,154591
4763,0.029888,104.244.42.0-255,66,154591,13,154591
4764,0.0,74.125.130.0-255,297,297,13,289594
4765,2.4e-05,172.31.36.0-255,66,363,13,289594
4766,3.2e-05,74.125.130.0-255,1484,1847,13,289594
4767,3.6e-05,172.31.36.0-255,66,1913,13,289594
4768,4.3e-05,74.125.130.0-255,2902,4815,13,289594
4769,4.6e-05,172.31.36.0-255,66,4881,13,289594
4770,5.3e-05,74.125.130.0-255,5738,10619,13,289594
4771,5.6e-05,172.31.36.0-255,66,10685,13,289594
4772,6.2e-05,74.125.130.0-255,3294,13979,13,289594
4773,6.5e-05,172.31.36.0-255,66,14045,13,289594
4774,8.6e-05,74.125.130.0-255,1484,15529,13,289594
4775,8.9e-05,172.31.36.0-255,66,15595,13,289594
4776,0.000106,74.125.130.0-255,2902,18497,13,289594
4777,0.000108,172.31.36.0-255,66,18563,13,289594
4778,0.000133,74.125.130.0-255,5738,24301,13,289594
4779,0.000135,172.31.36.0-255,66,24367,13,289594
4780,0.00014,74.125.130.0-255,2902,27269,13,289594
4781,0.000142,172.31.36.0-255,66,27335,13,289594
4782,0.000157,74.125.130.0-255,1484,28819,13,289594
4783,0.000159,172.31.36.0-255,66,28885,13,289594
4784,0.000175,74.125.130.0-255,4320,33205,13,289594
4785,0.000178,172.31.36.0-255,66,33271,13,289594
4786,0.000204,74.125.130.0-255,1484,34755,13,289594
4787,0.000207,172.31.36.0-255,66,34821,13,289594
4788,0.000212,74.125.130.0-255,4320,39141,13,289594
4789,0.000214,172.31.36.0-255,66,39207,13,289594
4790,0.000221,74.125.130.0-255,5738,44945,13,289594
4791,0.000223,172.31.36.0-255,66,45011,13,289594
4792,0.000244,74.125.130.0-255,3602,48613,13,289594
4793,0.000247,172.31.36.0-255,66,48679,13,289594
4794,0.000308,74.125.130.0-255,1484,50163,13,289594
4795,0.000311,172.31.36.0-255,66,50229,13,289594
4796,0.000315,74.125.130.0-255,1484,51713,13,289594
4797,0.000317,172.31.36.0-255,66,51779,13,289594
4798,0.00033,74.125.130.0-255,1484,53263,13,289594
4799,0.000332,172.31.36.0-255,66,53329,13,289594
4800,0.000339,74.125.130.0-255,4320,57649,13,289594
4801,0.000342,172.31.36.0-255,66,57715,13,289594
4802,0.000357,74.125.130.0-255,1484,59199,13,289594
4803,0.00036,172.31.36.0-255,66,59265,13,289594
4804,0.000364,74.125.130.0-255,2902,62167,13,289594
4805,0.000367,172.31.36.0-255,66,62233,13,289594
4806,0.00037,74.125.130.0-255,1484,63717,13,289594
4807,0.000371,172.31.36.0-255,66,63783,13,289594
4808,0.000387,74.125.130.0-255,2795,66578,13,289594
4809,0.00039,172.31.36.0-255,66,66644,13,289594
4810,0.00043,74.125.130.0-255,118,66762,13,289594
4811,0.000433,172.31.36.0-255,66,66828,13,289594
4812,0.000548,74.125.130.0-255,1484,68312,13,289594
4813,0.000552,172.31.36.0-255,66,68378,13,289594
4814,0.000575,74.125.130.0-255,2902,71280,13,289594
4815,0.000578,172.31.36.0-255,66,71346,13,289594
4816,0.000602,74.125.130.0-255,5738,77084,13,289594
4817,0.000607,74.125.130.0-255,2902,79986,13,289594
4818,0.00061,74.125.130.0-255,1484,81470,13,289594
4819,0.000625,74.125.130.0-255,2543,84013,13,289594
4820,0.000664,74.125.130.0-255,1484,85497,13,289594
4821,0.000678,74.125.130.0-255,2902,88399,13,289594
4822,0.000709,74.125.130.0-255,5738,94137,13,289594
4823,0.000713,74.125.130.0-255,2902,97039,13,289594
4824,0.000718,74.125.130.0-255,3961,101000,13,289594
4825,0.000746,172.31.36.0-255,66,101066,13,289594
4826,0.001326,74.125.130.0-255,1484,102550,13,289594
4827,0.001335,74.125.130.0-255,2902,105452,13,289594
4828,0.00134,172.31.36.0-255,66,105518,13,289594
4829,0.001364,74.125.130.0-255,5738,111256,13,289594
4830,0.001391,74.125.130.0-255,2902,114158,13,289594
4831,0.001411,74.125.130.0-255,4320,118478,13,289594
4832,0.001414,74.125.130.0-255,1484,119962,13,289594
4833,0.001429,74.125.130.0-255,2902,122864,13,289594
4834,0.001432,74.125.130.0-255,1484,124348,13,289594
4835,0.001455,74.125.130.0-255,4320,128668,13,289594
4836,0.001478,74.125.130.0-255,6438,135106,13,289594
4837,0.001587,74.125.130.0-255,1484,136590,13,289594
4838,0.001616,74.125.130.0-255,1484,138074,13,289594
4839,0.001643,74.125.130.0-255,2902,140976,13,289594
4840,0.001668,74.125.130.0-255,1484,142460,13,289594
4841,0.001678,74.125.130.0-255,1484,143944,13,289594
4842,0.001706,74.125.130.0-255,2902,146846,13,289594
4843,0.001713,74.125.130.0-255,4320,151166,13,289594
4844,0.001724,74.125.130.0-255,2902,154068,13,289594
4845,0.001762,74.125.130.0-255,1484,155552,13,289594
4846,0.00178,74.125.130.0-255,4320,159872,13,289594
4847,0.001788,74.125.130.0-255,7156,167028,13,289594
4848,0.001792,74.125.130.0-255,2184,169212,13,289594
4849,0.001956,74.125.130.0-255,1484,170696,13,289594
4850,0.001971,74.125.130.0-255,2902,173598,13,289594
4851,0.001974,74.125.130.0-255,1484,175082,13,289594
4852,0.001995,74.125.130.0-255,2902,177984,13,289594
4853,0.002012,74.125.130.0-255,4320,182304,13,289594
4854,0.002029,74.125.130.0-255,1484,183788,13,289594
4855,0.002033,74.125.130.0-255,2902,186690,13,289594
4856,0.002039,74.125.130.0-255,4320,191010,13,289594
4857,0.002056,74.125.130.0-255,1484,192494,13,289594
4858,0.002076,74.125.130.0-255,7156,199650,13,289594
4859,0.002082,74.125.130.0-255,3602,203252,13,289594
4860,0.00236,74.125.130.0-255,1484,204736,13,289594
4861,0.002378,74.125.130.0-255,2902,207638,13,289594
4862,0.00244,74.125.130.0-255,2902,210540,13,289594
4863,0.002465,74.125.130.0-255,2902,213442,13,289594
4864,0.002487,74.125.130.0-255,1484,214926,13,289594
4865,0.002492,74.125.130.0-255,2902,217828,13,289594
4866,0.002498,74.125.130.0-255,4320,222148,13,289594
4867,0.002521,74.125.130.0-255,7156,229304,13,289594
4868,0.002541,74.125.130.0-255,1484,230788,13,289594
4869,0.002546,74.125.130.0-255,2902,233690,13,289594
4870,0.002551,74.125.130.0-255,3602,237292,13,289594
4871,0.00642,172.31.36.0-255,66,237358,13,289594
4872,0.009019,74.125.130.0-255,5738,243096,13,289594
4873,0.009026,172.31.36.0-255,66,243162,13,289594
4874,0.011603,74.125.130.0-255,5738,248900,13,289594
4875,0.011611,172.31.36.0-255,66,248966,13,289594
4876,0.014187,74.125.130.0-255,5738,254704,13,289594
4877,0.014198,172.31.36.0-255,66,254770,13,289594
4878,0.016757,74.125.130.0-255,5738,260508,13,289594
4879,0.016765,172.31.36.0-255,66,260574,13,289594
4880,0.019344,74.125.130.0-255,5738,266312,13,289594
4881,0.019355,172.31.36.0-255,66,266378,13,289594
4882,0.021936,74.125.130.0-255,5738,272116,13,289594
4883,0.021948,172.31.36.0-255,66,272182,13,289594
4884,0.024512,74.125.130.0-255,5738,277920,13,289594
4885,0.02452,172.31.36.0-255,66,277986,13,289594
4886,0.02709,74.125.130.0-255,5738,283724,13,289594
4887,0.027098,172.31.36.0-255,66,283790,13,289594
4888,0.029675,74.125.130.0-255,5738,289528,13,289594
4889,0.029684,172.31.36.0-255,66,289594,13,289594
4890,0.0,172.31.36.0-255,105,105,13,459
4891,0.000219,172.31.36.0-255,90,195,13,459
4892,0.000228,172.31.36.0-255,66,261,13,459
4893,0.002573,172.217.194.0-255,66,327,13,459
4894,0.002585,172.217.194.0-255,66,393,13,459
4895,0.002595,172.31.36.0-255,66,459,13,459
4896,0.0,74.125.24.0-255,185,185,13,222744
4897,2.9e-05,74.125.24.0-255,1484,1669,13,222744
4898,3.9e-05,172.31.36.0-255,66,1735,13,222744
4899,4.7e-05,74.125.24.0-255,2902,4637,13,222744
4900,5.1e-05,172.31.36.0-255,66,4703,13,222744
4901,5.5e-05,74.125.24.0-255,2902,7605,13,222744
4902,5.8e-05,172.31.36.0-255,66,7671,13,222744
4903,6.8e-05,74.125.24.0-255,10546,18217,13,222744
4904,7.1e-05,172.31.36.0-255,66,18283,13,222744
4905,0.000111,172.31.36.0-255,66,18349,13,222744
4906,0.000167,74.125.24.0-255,1484,19833,13,222744
4907,0.000171,74.125.24.0-255,1484,21317,13,222744
4908,0.000173,172.31.36.0-255,66,21383,13,222744
4909,0.000186,74.125.24.0-255,1484,22867,13,222744
4910,0.000195,74.125.24.0-255,5738,28605,13,222744
4911,0.000198,172.31.36.0-255,66,28671,13,222744
4912,0.000217,74.125.24.0-255,2902,31573,13,222744
4913,0.00022,172.31.36.0-255,66,31639,13,222744
4914,0.00025,172.31.36.0-255,66,31705,13,222744
4915,0.000257,74.125.24.0-255,7156,38861,13,222744
4916,0.00026,172.31.36.0-255,66,38927,13,222744
4917,0.000283,74.125.24.0-255,2883,41810,13,222744
4918,0.000285,172.31.36.0-255,66,41876,13,222744
4919,0.000309,74.125.24.0-255,346,42222,13,222744
4920,0.000645,74.125.24.0-255,1484,43706,13,222744
4921,0.000651,172.31.36.0-255,66,43772,13,222744
4922,0.000674,74.125.24.0-255,2902,46674,13,222744
4923,0.000678,172.31.36.0-255,66,46740,13,222744
4924,0.000684,74.125.24.0-255,5738,52478,13,222744
4925,0.000686,172.31.36.0-255,66,52544,13,222744
4926,0.000694,74.125.24.0-255,7156,59700,13,222744
4927,0.000697,172.31.36.0-255,66,59766,13,222744
4928,0.000726,74.125.24.0-255,5738,65504,13,222744
4929,0.000731,172.31.36.0-255,66,65570,13,222744
4930,0.000734,74.125.24.0-255,8574,74144,13,222744
4931,0.000736,172.31.36.0-255,66,74210,13,222744
4932,0.000752,74.125.24.0-255,2184,76394,13,222744
4933,0.000756,172.31.36.0-255,66,76460,13,222744
4934,0.000924,74.125.24.0-255,1484,77944,13,222744
4935,0.00093,74.125.24.0-255,2902,80846,13,222744
4936,0.000933,172.31.36.0-255,66,80912,13,222744
4937,0.000957,74.125.24.0-255,5738,86650,13,222744
4938,0.00096,172.31.36.0-255,66,86716,13,222744
4939,0.000966,74.125.24.0-255,4320,91036,13,222744
4940,0.000968,172.31.36.0-255,66,91102,13,222744
4941,0.000988,74.125.24.0-255,5738,96840,13,222744
4942,0.000992,172.31.36.0-255,66,96906,13,222744
4943,0.001025,74.125.24.0-255,7156,104062,13,222744
4944,0.001029,172.31.36.0-255,66,104128,13,222744
4945,0.00104,74.125.24.0-255,6438,110566,13,222744
4946,0.001043,172.31.36.0-255,66,110632,13,222744
4947,0.001114,74.125.24.0-255,1484,112116,13,222744
4948,0.001132,74.125.24.0-255,2902,115018,13,222744
4949,0.001136,172.31.36.0-255,66,115084,13,222744
4950,0.001142,74.125.24.0-255,2902,117986,13,222744
4951,0.001144,172.31.36.0-255,66,118052,13,222744
4952,0.00116,74.125.24.0-255,2902,120954,13,222744
4953,0.001163,172.31.36.0-255,66,121020,13,222744
4954,0.001171,74.125.24.0-255,7156,128176,13,222744
4955,0.001174,172.31.36.0-255,66,128242,13,222744
4956,0.001191,74.125.24.0-255,2902,131144,13,222744
4957,0.001194,172.31.36.0-255,66,131210,13,222744
4958,0.001249,74.125.24.0-255,1484,132694,13,222744
4959,0.001276,172.31.36.0-255,66,132760,13,222744
4960,0.001288,74.125.24.0-255,1484,134244,13,222744
4961,0.001292,74.125.24.0-255,2902,137146,13,222744
4962,0.001295,172.31.36.0-255,66,137212,13,222744
4963,0.001319,74.125.24.0-255,5738,142950,13,222744
4964,0.001322,172.31.36.0-255,66,143016,13,222744
4965,0.001329,74.125.24.0-255,7156,150172,13,222744
4966,0.001331,172.31.36.0-255,66,150238,13,222744
4967,0.001344,74.125.24.0-255,2902,153140,13,222744
4968,0.001347,172.31.36.0-255,66,153206,13,222744
4969,0.001382,74.125.24.0-255,4320,157526,13,222744
4970,0.001385,172.31.36.0-255,66,157592,13,222744
4971,0.001411,74.125.24.0-255,9274,166866,13,222744
4972,0.001414,172.31.36.0-255,66,166932,13,222744
4973,0.001576,74.125.24.0-255,1484,168416,13,222744
4974,0.001582,74.125.24.0-255,2902,171318,13,222744
4975,0.001585,172.31.36.0-255,66,171384,13,222744
4976,0.00161,74.125.24.0-255,5738,177122,13,222744
4977,0.001613,172.31.36.0-255,66,177188,13,222744
4978,0.001621,74.125.24.0-255,8574,185762,13,222744
4979,0.001624,172.31.36.0-255,66,185828,13,222744
4980,0.001641,74.125.24.0-255,4320,190148,13,222744
4981,0.001644,172.31.36.0-255,66,190214,13,222744
4982,0.001651,74.125.24.0-255,8574,198788,13,222744
4983,0.001654,172.31.36.0-255,66,198854,13,222744
4984,0.001691,74.125.24.0-255,7156,206010,13,222744
4985,0.001695,172.31.36.0-255,66,206076,13,222744
4986,0.001732,74.125.24.0-255,1484,207560,13,222744
4987,0.001735,172.31.36.0-255,66,207626,13,222744
4988,0.00179,172.31.36.0-255,66,207692,13,222744
4989,0.001797,74.125.24.0-255,5738,213430,13,222744
4990,0.0018,172.31.36.0-255,66,213496,13,222744
4991,0.001834,172.31.36.0-255,66,213562,13,222744
4992,0.001842,172.31.36.0-255,66,213628,13,222744
4993,0.001891,172.31.36.0-255,66,213694,13,222744
4994,0.0019,74.125.24.0-255,7856,221550,13,222744
4995,0.001903,172.31.36.0-255,66,221616,13,222744
4996,0.001976,172.31.36.0-255,66,221682,13,222744
4997,0.001989,172.31.36.0-255,66,221748,13,222744
4998,0.001992,74.125.24.0-255,105,221853,13,222744
4999,0.002016,74.125.24.0-255,129,221982,13,222744
5000,0.003402,172.31.36.0-255,105,222087,13,222744
5001,0.003431,172.31.36.0-255,105,222192,13,222744
5002,0.003656,172.31.36.0-255,90,222282,13,222744
5003,0.003666,172.31.36.0-255,66,222348,13,222744
5004,0.005661,74.125.24.0-255,66,222414,13,222744
5005,0.00567,74.125.24.0-255,66,222480,13,222744
5006,0.00585,74.125.24.0-255,66,222546,13,222744
5007,0.005869,74.125.24.0-255,66,222612,13,222744
5008,0.005875,172.31.36.0-255,66,222678,13,222744
5009,0.005922,74.125.24.0-255,66,222744,13,222744
5010,0.0,172.253.118.0-255,153,153,13,231466
5011,2.6e-05,172.31.36.0-255,66,219,13,231466
5012,3.2e-05,172.253.118.0-255,1484,1703,13,231466
5013,3.6e-05,172.31.36.0-255,66,1769,13,231466
5014,4.1e-05,172.253.118.0-255,2902,4671,13,231466
5015,5.1e-05,172.31.36.0-255,66,4737,13,231466
5016,5.9e-05,172.253.118.0-255,7156,11893,13,231466
5017,6.1e-05,172.31.36.0-255,66,11959,13,231466
5018,6.5e-05,172.253.118.0-255,2058,14017,13,231466
5019,6.7e-05,172.31.36.0-255,66,14083,13,231466
5020,0.000322,172.253.118.0-255,1484,15567,13,231466
5021,0.000327,172.31.36.0-255,66,15633,13,231466
5022,0.000333,172.253.118.0-255,2902,18535,13,231466
5023,0.000336,172.31.36.0-255,66,18601,13,231466
5024,0.000372,172.253.118.0-255,5738,24339,13,231466
5025,0.000376,172.31.36.0-255,66,24405,13,231466
5026,0.000383,172.253.118.0-255,5738,30143,13,231466
5027,0.000385,172.31.36.0-255,66,30209,13,231466
5028,0.000409,172.253.118.0-255,1125,31334,13,231466
5029,0.000412,172.31.36.0-255,66,31400,13,231466
5030,0.000601,172.253.118.0-255,1484,32884,13,231466
5031,0.000606,172.31.36.0-255,66,32950,13,231466
5032,0.000616,172.253.118.0-255,2902,35852,13,231466
5033,0.000618,172.31.36.0-255,66,35918,13,231466
5034,0.000633,172.253.118.0-255,5738,41656,13,231466
5035,0.000635,172.31.36.0-255,66,41722,13,231466
5036,0.000688,172.31.36.0-255,66,41788,13,231466
5037,0.000697,172.253.118.0-255,8574,50362,13,231466
5038,0.0007,172.31.36.0-255,66,50428,13,231466
5039,0.000737,172.253.118.0-255,1396,51824,13,231466
5040,0.00074,172.31.36.0-255,66,51890,13,231466
5041,0.000849,172.253.118.0-255,135,52025,13,231466
5042,0.000854,172.253.118.0-255,347,52372,13,231466
5043,0.001081,172.253.118.0-255,1484,53856,13,231466
5044,0.001087,172.31.36.0-255,66,53922,13,231466
5045,0.001096,172.253.118.0-255,2902,56824,13,231466
5046,0.001098,172.31.36.0-255,66,56890,13,231466
5047,0.001109,172.253.118.0-255,5738,62628,13,231466
5048,0.001112,172.31.36.0-255,66,62694,13,231466
5049,0.001144,172.253.118.0-255,8574,71268,13,231466
5050,0.001148,172.31.36.0-255,66,71334,13,231466
5051,0.001177,172.253.118.0-255,4320,75654,13,231466
5052,0.00118,172.31.36.0-255,66,75720,13,231466
5053,0.00119,172.253.118.0-255,10692,86412,13,231466
5054,0.001194,172.31.36.0-255,66,86478,13,231466
5055,0.001456,172.253.118.0-255,1484,87962,13,231466
5056,0.001462,172.253.118.0-255,2902,90864,13,231466
5057,0.001466,172.31.36.0-255,66,90930,13,231466
5058,0.001474,172.253.118.0-255,5738,96668,13,231466
5059,0.001476,172.31.36.0-255,66,96734,13,231466
5060,0.00148,172.253.118.0-255,2902,99636,13,231466
5061,0.001486,172.31.36.0-255,66,99702,13,231466
5062,0.00151,172.253.118.0-255,1484,101186,13,231466
5063,0.001522,172.31.36.0-255,66,101252,13,231466
5064,0.001568,172.253.118.0-255,7856,109108,13,231466
5065,0.001571,172.31.36.0-255,66,109174,13,231466
5066,0.001615,172.253.118.0-255,1484,110658,13,231466
5067,0.001635,172.253.118.0-255,2902,113560,13,231466
5068,0.001638,172.31.36.0-255,66,113626,13,231466
5069,0.001643,172.253.118.0-255,4320,117946,13,231466
5070,0.001645,172.31.36.0-255,66,118012,13,231466
5071,0.001671,172.253.118.0-255,1484,119496,13,231466
5072,0.001685,172.31.36.0-255,66,119562,13,231466
5073,0.001713,172.253.118.0-255,4320,123882,13,231466
5074,0.001716,172.31.36.0-255,66,123948,13,231466
5075,0.001743,172.253.118.0-255,6438,130386,13,231466
5076,0.001749,172.31.36.0-255,66,130452,13,231466
5077,0.001785,172.253.118.0-255,4320,134772,13,231466
5078,0.001788,172.31.36.0-255,66,134838,13,231466
5079,0.001793,172.253.118.0-255,4320,139158,13,231466
5080,0.001795,172.31.36.0-255,66,139224,13,231466
5081,0.001827,172.253.118.0-255,1484,140708,13,231466
5082,0.001841,172.31.36.0-255,66,140774,13,231466
5083,0.001846,172.253.118.0-255,4320,145094,13,231466
5084,0.001848,172.31.36.0-255,66,145160,13,231466
5085,0.001884,172.253.118.0-255,7856,153016,13,231466
5086,0.001888,172.31.36.0-255,66,153082,13,231466
5087,0.003935,172.253.118.0-255,5738,158820,13,231466
5088,0.003941,172.31.36.0-255,66,158886,13,231466
5089,0.005993,172.253.118.0-255,5738,164624,13,231466
5090,0.005998,172.31.36.0-255,66,164690,13,231466
5091,0.008048,172.253.118.0-255,5738,170428,13,231466
5092,0.008055,172.31.36.0-255,66,170494,13,231466
5093,0.010137,172.253.118.0-255,5738,176232,13,231466
5094,0.010144,172.31.36.0-255,66,176298,13,231466
5095,0.01219,172.253.118.0-255,5738,182036,13,231466
5096,0.012197,172.31.36.0-255,66,182102,13,231466
5097,0.014251,172.253.118.0-255,5738,187840,13,231466
5098,0.014257,172.31.36.0-255,66,187906,13,231466
5099,0.016324,172.253.118.0-255,4320,192226,13,231466
5100,0.01633,172.31.36.0-255,66,192292,13,231466
5101,0.016367,172.253.118.0-255,1484,193776,13,231466
5102,0.018361,172.253.118.0-255,4320,198096,13,231466
5103,0.018368,172.31.36.0-255,66,198162,13,231466
5104,0.02044,172.253.118.0-255,5738,203900,13,231466
5105,0.020447,172.31.36.0-255,66,203966,13,231466
5106,0.022491,172.253.118.0-255,5738,209704,13,231466
5107,0.022501,172.31.36.0-255,66,209770,13,231466
5108,0.02455,172.253.118.0-255,5738,215508,13,231466
5109,0.02456,172.31.36.0-255,66,215574,13,231466
5110,0.026621,172.253.118.0-255,5738,221312,13,231466
5111,0.026632,172.31.36.0-255,66,221378,13,231466
5112,0.02813,172.31.36.0-255,167,221545,13,231466
5113,0.028159,172.31.36.0-255,1106,222651,13,231466
5114,0.028216,172.31.36.0-255,1514,224165,13,231466
5115,0.028218,172.31.36.0-255,1299,225464,13,231466
5116,0.02868,172.253.118.0-255,5738,231202,13,231466
5117,0.028688,172.31.36.0-255,66,231268,13,231466
5118,0.029734,104.244.42.0-255,66,231334,13,231466
5119,0.029762,104.244.42.0-255,66,231400,13,231466
5120,0.029781,104.244.42.0-255,66,231466,13,231466
5121,0.0,172.217.194.0-255,403,403,13,267104
5122,3e-05,172.217.194.0-255,1484,1887,13,267104
5123,4.2e-05,172.31.36.0-255,66,1953,13,267104
5124,5e-05,172.217.194.0-255,2902,4855,13,267104
5125,5.2e-05,172.31.36.0-255,66,4921,13,267104
5126,5.9e-05,172.217.194.0-255,5738,10659,13,267104
5127,7.2e-05,172.31.36.0-255,66,10725,13,267104
5128,0.000112,172.31.36.0-255,66,10791,13,267104
5129,0.000136,172.217.194.0-255,1991,12782,13,267104
5130,0.000139,172.31.36.0-255,66,12848,13,267104
5131,0.000154,172.31.36.0-255,66,12914,13,267104
5132,0.00018,172.217.194.0-255,1484,14398,13,267104
5133,0.000188,172.217.194.0-255,9274,23672,13,267104
5134,0.000191,172.31.36.0-255,66,23738,13,267104
5135,0.000262,172.217.194.0-255,1484,25222,13,267104
5136,0.000275,172.217.194.0-255,2902,28124,13,267104
5137,0.000278,172.31.36.0-255,66,28190,13,267104
5138,0.00031,172.217.194.0-255,4320,32510,13,267104
5139,0.000316,172.31.36.0-255,66,32576,13,267104
5140,0.000331,172.217.194.0-255,1484,34060,13,267104
5141,0.000353,172.217.194.0-255,7376,41436,13,267104
5142,0.000356,172.31.36.0-255,66,41502,13,267104
5143,0.000412,172.217.194.0-255,1484,42986,13,267104
5144,0.000417,172.217.194.0-255,1484,44470,13,267104
5145,0.000419,172.31.36.0-255,66,44536,13,267104
5146,0.000445,172.217.194.0-255,1484,46020,13,267104
5147,0.000454,172.217.194.0-255,5738,51758,13,267104
5148,0.000457,172.31.36.0-255,66,51824,13,267104
5149,0.000463,172.217.194.0-255,5738,57562,13,267104
5150,0.000466,172.31.36.0-255,66,57628,13,267104
5151,0.000505,172.31.36.0-255,66,57694,13,267104
5152,0.000515,172.217.194.0-255,10692,68386,13,267104
5153,0.000517,172.31.36.0-255,66,68452,13,267104
5154,0.000523,172.217.194.0-255,5738,74190,13,267104
5155,0.000526,172.31.36.0-255,66,74256,13,267104
5156,0.000567,172.217.194.0-255,5738,79994,13,267104
5157,0.000571,172.31.36.0-255,66,80060,13,267104
5158,0.000589,172.31.36.0-255,66,80126,13,267104
5159,0.000593,172.217.194.0-255,2902,83028,13,267104
5160,0.000597,172.31.36.0-255,66,83094,13,267104
5161,0.000635,172.217.194.0-255,4320,87414,13,267104
5162,0.000639,172.31.36.0-255,66,87480,13,267104
5163,0.000648,172.217.194.0-255,8574,96054,13,267104
5164,0.000651,172.31.36.0-255,66,96120,13,267104
5165,0.000667,172.31.36.0-255,66,96186,13,267104
5166,0.00067,172.217.194.0-255,218,96404,13,267104
5167,0.001005,172.217.194.0-255,1484,97888,13,267104
5168,0.00101,172.31.36.0-255,66,97954,13,267104
5169,0.001036,172.217.194.0-255,2902,100856,13,267104
5170,0.001039,172.31.36.0-255,66,100922,13,267104
5171,0.001046,172.217.194.0-255,5738,106660,13,267104
5172,0.001048,172.31.36.0-255,66,106726,13,267104
5173,0.001061,172.31.36.0-255,66,106792,13,267104
5174,0.001092,172.217.194.0-255,1484,108276,13,267104
5175,0.001101,172.217.194.0-255,9992,118268,13,267104
5176,0.001104,172.31.36.0-255,66,118334,13,267104
5177,0.001108,172.217.194.0-255,766,119100,13,267104
5178,0.001782,172.217.194.0-255,1484,120584,13,267104
5179,0.001787,172.31.36.0-255,66,120650,13,267104
5180,0.001792,172.217.194.0-255,2902,123552,13,267104
5181,0.001795,172.31.36.0-255,66,123618,13,267104
5182,0.001798,172.217.194.0-255,1484,125102,13,267104
5183,0.001827,172.217.194.0-255,4320,129422,13,267104
5184,0.00183,172.31.36.0-255,66,129488,13,267104
5185,0.001837,172.217.194.0-255,7156,136644,13,267104
5186,0.00184,172.31.36.0-255,66,136710,13,267104
5187,0.001844,172.217.194.0-255,2902,139612,13,267104
5188,0.001846,172.31.36.0-255,66,139678,13,267104
5189,0.001889,172.31.36.0-255,66,139744,13,267104
5190,0.001894,172.217.194.0-255,2184,141928,13,267104
5191,0.001902,172.31.36.0-255,66,141994,13,267104
5192,0.001989,172.217.194.0-255,1484,143478,13,267104
5193,0.002003,172.217.194.0-255,2902,146380,13,267104
5194,0.002006,172.31.36.0-255,66,146446,13,267104
5195,0.002013,172.217.194.0-255,5738,152184,13,267104
5196,0.002015,172.31.36.0-255,66,152250,13,267104
5197,0.002048,172.217.194.0-255,7156,159406,13,267104
5198,0.002051,172.31.36.0-255,66,159472,13,267104
5199,0.002064,172.217.194.0-255,7156,166628,13,267104
5200,0.002067,172.31.36.0-255,66,166694,13,267104
5201,0.002102,172.217.194.0-255,7156,173850,13,267104
5202,0.002106,172.217.194.0-255,2184,176034,13,267104
5203,0.002109,172.31.36.0-255,66,176100,13,267104
5204,0.002112,172.31.36.0-255,66,176166,13,267104
5205,0.002139,172.217.194.0-255,2902,179068,13,267104
5206,0.002142,172.31.36.0-255,66,179134,13,267104
5207,0.002153,172.217.194.0-255,4320,183454,13,267104
5208,0.002156,172.31.36.0-255,66,183520,13,267104
5209,0.002162,172.217.194.0-255,4320,187840,13,267104
5210,0.002164,172.31.36.0-255,66,187906,13,267104
5211,0.002199,172.217.194.0-255,2902,190808,13,267104
5212,0.002203,172.31.36.0-255,66,190874,13,267104
5213,0.002206,172.217.194.0-255,1484,192358,13,267104
5214,0.002211,172.217.194.0-255,4320,196678,13,267104
5215,0.002213,172.31.36.0-255,66,196744,13,267104
5216,0.002222,172.217.194.0-255,9992,206736,13,267104
5217,0.002224,172.31.36.0-255,66,206802,13,267104
5218,0.002229,172.217.194.0-255,3602,210404,13,267104
5219,0.002232,172.217.194.0-255,1484,211888,13,267104
5220,0.002236,172.31.36.0-255,66,211954,13,267104
5221,0.002269,172.217.194.0-255,1484,213438,13,267104
5222,0.002273,172.31.36.0-255,66,213504,13,267104
5223,0.002276,172.217.194.0-255,1484,214988,13,267104
5224,0.002279,172.217.194.0-255,1484,216472,13,267104
5225,0.002281,172.31.36.0-255,66,216538,13,267104
5226,0.002286,172.217.194.0-255,4320,220858,13,267104
5227,0.002288,172.31.36.0-255,66,220924,13,267104
5228,0.002298,172.217.194.0-255,9992,230916,13,267104
5229,0.002304,172.31.36.0-255,66,230982,13,267104
5230,0.00233,172.217.194.0-255,1484,232466,13,267104
5231,0.002333,172.217.194.0-255,1484,233950,13,267104
5232,0.002337,172.31.36.0-255,78,234028,13,267104
5233,0.002349,172.217.194.0-255,1484,235512,13,267104
5234,0.002352,172.31.36.0-255,66,235578,13,267104
5235,0.002355,172.217.194.0-255,4320,239898,13,267104
5236,0.002357,172.31.36.0-255,66,239964,13,267104
5237,0.002404,172.31.36.0-255,66,240030,13,267104
5238,0.002413,172.217.194.0-255,9992,250022,13,267104
5239,0.002416,172.31.36.0-255,66,250088,13,267104
5240,0.002419,172.217.194.0-255,1484,251572,13,267104
5241,0.002423,172.217.194.0-255,2184,253756,13,267104
5242,0.002425,172.31.36.0-255,66,253822,13,267104
5243,0.002427,172.217.194.0-255,1484,255306,13,267104
5244,0.002499,172.217.194.0-255,1484,256790,13,267104
5245,0.002504,172.31.36.0-255,66,256856,13,267104
5246,0.002511,172.217.194.0-255,5666,262522,13,267104
5247,0.002513,172.31.36.0-255,66,262588,13,267104
5248,0.002546,172.217.194.0-255,105,262693,13,267104
5249,0.003363,172.31.36.0-255,66,262759,13,267104
5250,0.003388,172.31.36.0-255,105,262864,13,267104
5251,0.005448,172.217.194.0-255,66,262930,13,267104
5252,0.025528,172.31.36.0-255,172,263102,13,267104
5253,0.025561,172.31.36.0-255,1109,264211,13,267104
5254,0.025598,172.31.36.0-255,1514,265725,13,267104
5255,0.025599,172.31.36.0-255,1181,266906,13,267104
5256,0.027227,104.244.42.0-255,66,266972,13,267104
5257,0.027235,104.244.42.0-255,66,267038,13,267104
5258,0.027267,104.244.42.0-255,66,267104,13,267104
5259,0.0,74.125.24.0-255,153,153,13,255989
5260,2.3e-05,172.31.36.0-255,66,219,13,255989
5261,3e-05,74.125.24.0-255,1484,1703,13,255989
5262,3.6e-05,172.31.36.0-255,66,1769,13,255989
5263,4.9e-05,74.125.24.0-255,2902,4671,13,255989
5264,5.3e-05,172.31.36.0-255,66,4737,13,255989
5265,6e-05,74.125.24.0-255,7156,11893,13,255989
5266,6.4e-05,172.31.36.0-255,66,11959,13,255989
5267,0.000104,74.125.24.0-255,10553,22512,13,255989
5268,0.000107,172.31.36.0-255,66,22578,13,255989
5269,0.000146,74.125.24.0-255,4320,26898,13,255989
5270,0.000149,172.31.36.0-255,66,26964,13,255989
5271,0.000176,74.125.24.0-255,3961,30925,13,255989
5272,0.000179,172.31.36.0-255,66,30991,13,255989
5273,0.000182,74.125.24.0-255,1484,32475,13,255989
5274,0.000184,172.31.36.0-255,66,32541,13,255989
5275,0.000189,74.125.24.0-255,2902,35443,13,255989
5276,0.000196,172.31.36.0-255,66,35509,13,255989
5277,0.000214,74.125.24.0-255,5738,41247,13,255989
5278,0.000218,172.31.36.0-255,66,41313,13,255989
5279,0.000238,74.125.24.0-255,1484,42797,13,255989
5280,0.000241,172.31.36.0-255,66,42863,13,255989
5281,0.00027,172.31.36.0-255,66,42929,13,255989
5282,0.000295,74.125.24.0-255,4320,47249,13,255989
5283,0.000298,172.31.36.0-255,66,47315,13,255989
5284,0.00033,74.125.24.0-255,5678,52993,13,255989
5285,0.000332,172.31.36.0-255,66,53059,13,255989
5286,0.000335,74.125.24.0-255,128,53187,13,255989
5287,0.000337,172.31.36.0-255,66,53253,13,255989
5288,0.00034,74.125.24.0-255,347,53600,13,255989
5289,0.000343,172.31.36.0-255,66,53666,13,255989
5290,0.000736,74.125.24.0-255,1484,55150,13,255989
5291,0.000744,74.125.24.0-255,2902,58052,13,255989
5292,0.000748,172.31.36.0-255,66,58118,13,255989
5293,0.000753,74.125.24.0-255,2902,61020,13,255989
5294,0.000755,172.31.36.0-255,66,61086,13,255989
5295,0.000778,74.125.24.0-255,2902,63988,13,255989
5296,0.00078,172.31.36.0-255,66,64054,13,255989
5297,0.000799,172.31.36.0-255,66,64120,13,255989
5298,0.000804,74.125.24.0-255,4320,68440,13,255989
5299,0.000807,172.31.36.0-255,66,68506,13,255989
5300,0.000841,74.125.24.0-255,5738,74244,13,255989
5301,0.000849,172.31.36.0-255,66,74310,13,255989
5302,0.000852,74.125.24.0-255,766,75076,13,255989
5303,0.001165,74.125.24.0-255,1484,76560,13,255989
5304,0.001171,172.31.36.0-255,66,76626,13,255989
5305,0.001178,74.125.24.0-255,2902,79528,13,255989
5306,0.001181,172.31.36.0-255,66,79594,13,255989
5307,0.001193,74.125.24.0-255,5738,85332,13,255989
5308,0.001196,172.31.36.0-255,66,85398,13,255989
5309,0.001203,74.125.24.0-255,5738,91136,13,255989
5310,0.001205,172.31.36.0-255,66,91202,13,255989
5311,0.001261,74.125.24.0-255,4320,95522,13,255989
5312,0.001264,172.31.36.0-255,66,95588,13,255989
5313,0.001301,74.125.24.0-255,8574,104162,13,255989
5314,0.001304,172.31.36.0-255,66,104228,13,255989
5315,0.001311,74.125.24.0-255,5020,109248,13,255989
5316,0.001313,172.31.36.0-255,66,109314,13,255989
5317,0.00133,74.125.24.0-255,1484,110798,13,255989
5318,0.001371,74.125.24.0-255,1484,112282,13,255989
5319,0.001375,172.31.36.0-255,66,112348,13,255989
5320,0.001378,74.125.24.0-255,1484,113832,13,255989
5321,0.0014,74.125.24.0-255,1484,115316,13,255989
5322,0.001402,172.31.36.0-255,66,115382,13,255989
5323,0.001409,74.125.24.0-255,4320,119702,13,255989
5324,0.001411,172.31.36.0-255,66,119768,13,255989
5325,0.001434,74.125.24.0-255,1484,121252,13,255989
5326,0.00144,74.125.24.0-255,4320,125572,13,255989
5327,0.001447,172.31.36.0-255,66,125638,13,255989
5328,0.001455,74.125.24.0-255,5738,131376,13,255989
5329,0.001457,172.31.36.0-255,66,131442,13,255989
5330,0.001485,74.125.24.0-255,5738,137180,13,255989
5331,0.001487,172.31.36.0-255,66,137246,13,255989
5332,0.001495,74.125.24.0-255,1484,138730,13,255989
5333,0.001523,74.125.24.0-255,5020,143750,13,255989
5334,0.001526,172.31.36.0-255,66,143816,13,255989
5335,0.00175,74.125.24.0-255,1484,145300,13,255989
5336,0.001758,74.125.24.0-255,2902,148202,13,255989
5337,0.001762,172.31.36.0-255,66,148268,13,255989
5338,0.001769,74.125.24.0-255,5738,154006,13,255989
5339,0.001772,172.31.36.0-255,66,154072,13,255989
5340,0.001804,74.125.24.0-255,5738,159810,13,255989
5341,0.001807,172.31.36.0-255,66,159876,13,255989
5342,0.001834,74.125.24.0-255,1484,161360,13,255989
5343,0.001848,172.31.36.0-255,66,161426,13,255989
5344,0.001876,74.125.24.0-255,3602,165028,13,255989
5345,0.001878,172.31.36.0-255,66,165094,13,255989
5346,0.002079,74.125.24.0-255,1484,166578,13,255989
5347,0.002082,74.125.24.0-255,1484,168062,13,255989
5348,0.002085,172.31.36.0-255,66,168128,13,255989
5349,0.002109,74.125.24.0-255,1484,169612,13,255989
5350,0.002113,74.125.24.0-255,1484,171096,13,255989
5351,0.002115,172.31.36.0-255,66,171162,13,255989
5352,0.002147,74.125.24.0-255,2902,174064,13,255989
5353,0.002149,172.31.36.0-255,66,174130,13,255989
5354,0.002156,74.125.24.0-255,5738,179868,13,255989
5355,0.002159,172.31.36.0-255,66,179934,13,255989
5356,0.002183,74.125.24.0-255,4320,184254,13,255989
5357,0.002186,172.31.36.0-255,66,184320,13,255989
5358,0.002213,74.125.24.0-255,5738,190058,13,255989
5359,0.002215,172.31.36.0-255,66,190124,13,255989
5360,0.002279,74.125.24.0-255,9274,199398,13,255989
5361,0.004172,172.31.36.0-255,66,199464,13,255989
5362,0.006783,74.125.24.0-255,5738,205202,13,255989
5363,0.00679,172.31.36.0-255,66,205268,13,255989
5364,0.009407,74.125.24.0-255,5738,211006,13,255989
5365,0.009416,172.31.36.0-255,66,211072,13,255989
5366,0.012066,74.125.24.0-255,5738,216810,13,255989
5367,0.012075,172.31.36.0-255,66,216876,13,255989
5368,0.014691,74.125.24.0-255,5738,222614,13,255989
5369,0.014702,172.31.36.0-255,66,222680,13,255989
5370,0.01733,74.125.24.0-255,5738,228418,13,255989
5371,0.017337,172.31.36.0-255,66,228484,13,255989
5372,0.019939,74.125.24.0-255,5738,234222,13,255989
5373,0.019946,172.31.36.0-255,66,234288,13,255989
5374,0.022556,74.125.24.0-255,5738,240026,13,255989
5375,0.022564,172.31.36.0-255,66,240092,13,255989
5376,0.025182,74.125.24.0-255,5738,245830,13,255989
5377,0.02519,172.31.36.0-255,66,245896,13,255989
5378,0.027819,74.125.24.0-255,5738,251634,13,255989
5379,0.027827,172.31.36.0-255,66,251700,13,255989
5380,0.02828,172.31.36.0-255,172,251872,13,255989
5381,0.028313,172.31.36.0-255,1106,252978,13,255989
5382,0.028374,172.31.36.0-255,1514,254492,13,255989
5383,0.028376,172.31.36.0-255,1299,255791,13,255989
5384,0.029802,104.244.42.0-255,66,255857,13,255989
5385,0.029844,104.244.42.0-255,66,255923,13,255989
5386,0.029936,104.244.42.0-255,66,255989,13,255989
5387,0.0,74.125.24.0-255,295,295,13,352805
5388,2.3e-05,172.31.36.0-255,66,361,13,352805
5389,2.9e-05,74.125.24.0-255,1484,1845,13,352805
5390,3.4e-05,172.31.36.0-255,66,1911,13,352805
5391,6.3e-05,74.125.24.0-255,4320,6231,13,352805
5392,6.5e-05,172.31.36.0-255,66,6297,13,352805
5393,9.2e-05,74.125.24.0-255,7528,13825,13,352805
5394,9.5e-05,172.31.36.0-255,66,13891,13,352805
5395,0.000123,74.125.24.0-255,4320,18211,13,352805
5396,0.000126,172.31.36.0-255,66,18277,13,352805
5397,0.000131,74.125.24.0-255,2902,21179,13,352805
5398,0.000133,172.31.36.0-255,66,21245,13,352805
5399,0.000154,74.125.24.0-255,2902,24147,13,352805
5400,0.00016,172.31.36.0-255,66,24213,13,352805
5401,0.000188,74.125.24.0-255,6797,31010,13,352805
5402,0.000193,172.31.36.0-255,66,31076,13,352805
5403,0.000465,74.125.24.0-255,1484,32560,13,352805
5404,0.00047,172.31.36.0-255,66,32626,13,352805
5405,0.000475,74.125.24.0-255,2902,35528,13,352805
5406,0.000477,172.31.36.0-255,66,35594,13,352805
5407,0.000482,74.125.24.0-255,2902,38496,13,352805
5408,0.000484,172.31.36.0-255,66,38562,13,352805
5409,0.000511,74.125.24.0-255,2902,41464,13,352805
5410,0.000515,172.31.36.0-255,66,41530,13,352805
5411,0.000535,172.31.36.0-255,66,41596,13,352805
5412,0.000541,74.125.24.0-255,5738,47334,13,352805
5413,0.000544,172.31.36.0-255,66,47400,13,352805
5414,0.000574,74.125.24.0-255,3961,51361,13,352805
5415,0.000583,172.31.36.0-255,66,51427,13,352805
5416,0.000587,74.125.24.0-255,362,51789,13,352805
5417,0.00059,172.31.36.0-255,66,51855,13,352805
5418,0.000612,74.125.24.0-255,130,51985,13,352805
5419,0.000632,74.125.24.0-255,347,52332,13,352805
5420,0.000824,172.31.36.0-255,66,52398,13,352805
5421,0.001054,74.125.24.0-255,1484,53882,13,352805
5422,0.001064,74.125.24.0-255,2902,56784,13,352805
5423,0.001068,74.125.24.0-255,1484,58268,13,352805
5424,0.001083,74.125.24.0-255,4320,62588,13,352805
5425,0.001089,74.125.24.0-255,5738,68326,13,352805
5426,0.001109,74.125.24.0-255,1484,69810,13,352805
5427,0.001122,74.125.24.0-255,5738,75548,13,352805
5428,0.001144,74.125.24.0-255,5738,81286,13,352805
5429,0.001165,74.125.24.0-255,5020,86306,13,352805
5430,0.001252,74.125.24.0-255,1484,87790,13,352805
5431,0.00127,74.125.24.0-255,2902,90692,13,352805
5432,0.001274,74.125.24.0-255,4320,95012,13,352805
5433,0.001294,74.125.24.0-255,1484,96496,13,352805
5434,0.001299,74.125.24.0-255,4320,100816,13,352805
5435,0.001351,74.125.24.0-255,7156,107972,13,352805
5436,0.001372,74.125.24.0-255,4320,112292,13,352805
5437,0.001381,74.125.24.0-255,7856,120148,13,352805
5438,0.001398,74.125.24.0-255,1484,121632,13,352805
5439,0.001402,74.125.24.0-255,2902,124534,13,352805
5440,0.001406,74.125.24.0-255,1484,126018,13,352805
5441,0.001423,74.125.24.0-255,4320,130338,13,352805
5442,0.001428,74.125.24.0-255,2902,133240,13,352805
5443,0.00145,74.125.24.0-255,9992,143232,13,352805
5444,0.00146,74.125.24.0-255,8574,151806,13,352805
5445,0.001475,74.125.24.0-255,1484,153290,13,352805
5446,0.001491,74.125.24.0-255,766,154056,13,352805
5447,0.00185,74.125.24.0-255,1484,155540,13,352805
5448,0.001857,74.125.24.0-255,2902,158442,13,352805
5449,0.001862,74.125.24.0-255,2902,161344,13,352805
5450,0.00188,74.125.24.0-255,2902,164246,13,352805
5451,0.001886,74.125.24.0-255,7156,171402,13,352805
5452,0.001911,74.125.24.0-255,5738,177140,13,352805
5453,0.001919,74.125.24.0-255,10692,187832,13,352805
5454,0.001996,74.125.24.0-255,1484,189316,13,352805
5455,0.002013,74.125.24.0-255,2902,192218,13,352805
5456,0.002015,74.125.24.0-255,1484,193702,13,352805
5457,0.002033,74.125.24.0-255,4320,198022,13,352805
5458,0.002057,74.125.24.0-255,9992,208014,13,352805
5459,0.002071,74.125.24.0-255,2902,210916,13,352805
5460,0.002077,74.125.24.0-255,7156,218072,13,352805
5461,0.002097,74.125.24.0-255,3602,221674,13,352805
5462,0.002122,74.125.24.0-255,2902,224576,13,352805
5463,0.002183,74.125.24.0-255,8574,233150,13,352805
5464,0.002191,74.125.24.0-255,7856,241006,13,352805
5465,0.002213,74.125.24.0-255,1484,242490,13,352805
5466,0.002235,74.125.24.0-255,2902,245392,13,352805
5467,0.002239,74.125.24.0-255,2902,248294,13,352805
5468,0.002257,74.125.24.0-255,2902,251196,13,352805
5469,0.002263,74.125.24.0-255,5738,256934,13,352805
5470,0.00228,74.125.24.0-255,2902,259836,13,352805
5471,0.002285,74.125.24.0-255,5738,265574,13,352805
5472,0.002303,74.125.24.0-255,4320,269894,13,352805
5473,0.002309,74.125.24.0-255,5020,274914,13,352805
5474,0.002378,74.125.24.0-255,1484,276398,13,352805
5475,0.002399,74.125.24.0-255,2902,279300,13,352805
5476,0.002418,74.125.24.0-255,2902,282202,13,352805
5477,0.002427,74.125.24.0-255,1484,283686,13,352805
5478,0.002444,74.125.24.0-255,2902,286588,13,352805
5479,0.00246,74.125.24.0-255,5738,292326,13,352805
5480,0.002463,74.125.24.0-255,1484,293810,13,352805
5481,0.002468,74.125.24.0-255,4320,298130,13,352805
5482,0.002481,74.125.24.0-255,5738,303868,13,352805
5483,0.002511,74.125.24.0-255,1484,305352,13,352805
5484,0.002525,74.125.24.0-255,5738,311090,13,352805
5485,0.002538,74.125.24.0-255,3602,314692,13,352805
5486,0.002541,74.125.24.0-255,2902,317594,13,352805
5487,0.002568,74.125.24.0-255,8574,326168,13,352805
5488,0.002572,74.125.24.0-255,2902,329070,13,352805
5489,0.002588,74.125.24.0-255,5738,334808,13,352805
5490,0.002598,74.125.24.0-255,2902,337710,13,352805
5491,0.002635,74.125.24.0-255,5738,343448,13,352805
5492,0.002656,74.125.24.0-255,8918,352366,13,352805
5493,0.002658,74.125.24.0-255,97,352463,13,352805
5494,0.002703,74.125.24.0-255,105,352568,13,352805
5495,0.007113,172.31.36.0-255,66,352634,13,352805
5496,0.010134,172.31.36.0-255,105,352739,13,352805
5497,0.01236,74.125.24.0-255,66,352805,13,352805
5498,0.0,74.125.68.0-255,153,153,13,340166
5499,2.1e-05,172.31.36.0-255,66,219,13,340166
5500,2.8e-05,74.125.68.0-255,1484,1703,13,340166
5501,3.3e-05,172.31.36.0-255,66,1769,13,340166
5502,4.8e-05,74.125.68.0-255,2902,4671,13,340166
5503,5.2e-05,172.31.36.0-255,66,4737,13,340166
5504,5.6e-05,74.125.68.0-255,2902,7639,13,340166
5505,5.9e-05,172.31.36.0-255,66,7705,13,340166
5506,9.3e-05,74.125.68.0-255,4320,12025,13,340166
5507,9.7e-05,172.31.36.0-255,66,12091,13,340166
5508,0.00013,74.125.68.0-255,1484,13575,13,340166
5509,0.000132,172.31.36.0-255,66,13641,13,340166
5510,0.000136,74.125.68.0-255,627,14268,13,340166
5511,0.000138,172.31.36.0-255,66,14334,13,340166
5512,0.000168,74.125.68.0-255,1484,15818,13,340166
5513,0.00017,172.31.36.0-255,66,15884,13,340166
5514,0.000177,74.125.68.0-255,4320,20204,13,340166
5515,0.00018,172.31.36.0-255,66,20270,13,340166
5516,0.000203,74.125.68.0-255,4320,24590,13,340166
5517,0.000206,172.31.36.0-255,66,24656,13,340166
5518,0.000239,74.125.68.0-255,5738,30394,13,340166
5519,0.000242,172.31.36.0-255,66,30460,13,340166
5520,0.000245,74.125.68.0-255,1125,31585,13,340166
5521,0.000247,172.31.36.0-255,66,31651,13,340166
5522,0.000718,74.125.68.0-255,1484,33135,13,340166
5523,0.000724,172.31.36.0-255,66,33201,13,340166
5524,0.00073,74.125.68.0-255,2902,36103,13,340166
5525,0.000733,172.31.36.0-255,66,36169,13,340166
5526,0.000764,74.125.68.0-255,2902,39071,13,340166
5527,0.000766,172.31.36.0-255,66,39137,13,340166
5528,0.000771,74.125.68.0-255,4320,43457,13,340166
5529,0.000774,172.31.36.0-255,66,43523,13,340166
5530,0.000818,74.125.68.0-255,8215,51738,13,340166
5531,0.000821,172.31.36.0-255,66,51804,13,340166
5532,0.000848,74.125.68.0-255,4320,56124,13,340166
5533,0.000853,172.31.36.0-255,66,56190,13,340166
5534,0.000864,74.125.68.0-255,4320,60510,13,340166
5535,0.000866,172.31.36.0-255,66,60576,13,340166
5536,0.00089,74.125.68.0-255,1484,62060,13,340166
5537,0.000893,172.31.36.0-255,66,62126,13,340166
5538,0.000898,74.125.68.0-255,2902,65028,13,340166
5539,0.0009,172.31.36.0-255,66,65094,13,340166
5540,0.000902,74.125.68.0-255,1437,66531,13,340166
5541,0.000904,172.31.36.0-255,66,66597,13,340166
5542,0.00105,74.125.68.0-255,109,66706,13,340166
5543,0.001054,172.31.36.0-255,66,66772,13,340166
5544,0.00123,74.125.68.0-255,1484,68256,13,340166
5545,0.001234,172.31.36.0-255,66,68322,13,340166
5546,0.001241,74.125.68.0-255,2902,71224,13,340166
5547,0.001243,172.31.36.0-255,66,71290,13,340166
5548,0.001264,74.125.68.0-255,2902,74192,13,340166
5549,0.001267,172.31.36.0-255,66,74258,13,340166
5550,0.001298,74.125.68.0-255,4320,78578,13,340166
5551,0.001302,74.125.68.0-255,1484,80062,13,340166
5552,0.00131,172.31.36.0-255,66,80128,13,340166
5553,0.001315,74.125.68.0-255,2902,83030,13,340166
5554,0.001334,74.125.68.0-255,2902,85932,13,340166
5555,0.001337,172.31.36.0-255,66,85998,13,340166
5556,0.001357,74.125.68.0-255,2902,88900,13,340166
5557,0.001363,74.125.68.0-255,5738,94638,13,340166
5558,0.001376,74.125.68.0-255,1484,96122,13,340166
5559,0.001387,172.31.36.0-255,66,96188,13,340166
5560,0.001417,74.125.68.0-255,4320,100508,13,340166
5561,0.001422,172.31.36.0-255,66,100574,13,340166
5562,0.00143,74.125.68.0-255,766,101340,13,340166
5563,0.001512,74.125.68.0-255,1484,102824,13,340166
5564,0.001518,74.125.68.0-255,2902,105726,13,340166
5565,0.001534,74.125.68.0-255,1484,107210,13,340166
5566,0.001539,172.31.36.0-255,66,107276,13,340166
5567,0.001567,74.125.68.0-255,4320,111596,13,340166
5568,0.001576,74.125.68.0-255,8574,120170,13,340166
5569,0.001597,74.125.68.0-255,5738,125908,13,340166
5570,0.0016,172.31.36.0-255,66,125974,13,340166
5571,0.001605,172.31.36.0-255,66,126040,13,340166
5572,0.001619,74.125.68.0-255,4320,130360,13,340166
5573,0.001622,74.125.68.0-255,1484,131844,13,340166
5574,0.001678,74.125.68.0-255,2902,134746,13,340166
5575,0.001681,74.125.68.0-255,766,135512,13,340166
5576,0.001689,172.31.36.0-255,66,135578,13,340166
5577,0.001712,74.125.68.0-255,1484,137062,13,340166
5578,0.001717,74.125.68.0-255,2902,139964,13,340166
5579,0.001741,172.31.36.0-255,66,140030,13,340166
5580,0.001769,74.125.68.0-255,2902,142932,13,340166
5581,0.001786,172.31.36.0-255,66,142998,13,340166
5582,0.001791,74.125.68.0-255,4320,147318,13,340166
5583,0.001797,172.31.36.0-255,66,147384,13,340166
5584,0.001827,74.125.68.0-255,1484,148868,13,340166
5585,0.001838,74.125.68.0-255,2902,151770,13,340166
5586,0.001862,74.125.68.0-255,4320,156090,13,340166
5587,0.001868,172.31.36.0-255,66,156156,13,340166
5588,0.00191,74.125.68.0-255,5738,161894,13,340166
5589,0.001914,74.125.68.0-255,1484,163378,13,340166
5590,0.00193,74.125.68.0-255,1484,164862,13,340166
5591,0.001938,172.31.36.0-255,66,164928,13,340166
5592,0.001976,74.125.68.0-255,4320,169248,13,340166
5593,0.001983,172.31.36.0-255,66,169314,13,340166
5594,0.001995,74.125.68.0-255,766,170080,13,340166
5595,0.002143,74.125.68.0-255,1484,171564,13,340166
5596,0.002147,172.31.36.0-255,66,171630,13,340166
5597,0.002151,74.125.68.0-255,1484,173114,13,340166
5598,0.002178,74.125.68.0-255,1484,174598,13,340166
5599,0.002182,74.125.68.0-255,2902,177500,13,340166
5600,0.002187,74.125.68.0-255,4320,181820,13,340166
5601,0.002199,172.31.36.0-255,66,181886,13,340166
5602,0.002219,74.125.68.0-255,8574,190460,13,340166
5603,0.002223,74.125.68.0-255,2902,193362,13,340166
5604,0.002241,74.125.68.0-255,4320,197682,13,340166
5605,0.002251,172.31.36.0-255,66,197748,13,340166
5606,0.002283,74.125.68.0-255,6438,204186,13,340166
5607,0.002308,172.31.36.0-255,66,204252,13,340166
5608,0.002348,74.125.68.0-255,1484,205736,13,340166
5609,0.002352,74.125.68.0-255,1484,207220,13,340166
5610,0.002362,74.125.68.0-255,1484,208704,13,340166
5611,0.002367,74.125.68.0-255,2902,211606,13,340166
5612,0.002389,74.125.68.0-255,4320,215926,13,340166
5613,0.002394,172.31.36.0-255,66,215992,13,340166
5614,0.002399,172.31.36.0-255,66,216058,13,340166
5615,0.002429,74.125.68.0-255,8574,224632,13,340166
5616,0.002436,74.125.68.0-255,7156,231788,13,340166
5617,0.002457,172.31.36.0-255,66,231854,13,340166
5618,0.002487,74.125.68.0-255,6438,238292,13,340166
5619,0.002501,172.31.36.0-255,66,238358,13,340166
5620,0.002506,74.125.68.0-255,4320,242678,13,340166
5621,0.002511,172.31.36.0-255,66,242744,13,340166
5622,0.002526,74.125.68.0-255,2902,245646,13,340166
5623,0.002538,74.125.68.0-255,5738,251384,13,340166
5624,0.002541,74.125.68.0-255,2902,254286,13,340166
5625,0.002569,74.125.68.0-255,4320,258606,13,340166
5626,0.002585,74.125.68.0-255,7156,265762,13,340166
5627,0.0026,74.125.68.0-255,5738,271500,13,340166
5628,0.002616,74.125.68.0-255,1484,272984,13,340166
5629,0.00264,74.125.68.0-255,9992,282976,13,340166
5630,0.002663,74.125.68.0-255,2184,285160,13,340166
5631,0.002669,74.125.68.0-255,5738,290898,13,340166
5632,0.002676,74.125.68.0-255,8574,299472,13,340166
5633,0.009662,172.31.36.0-255,66,299538,13,340166
5634,0.012351,74.125.68.0-255,5738,305276,13,340166
5635,0.01236,172.31.36.0-255,66,305342,13,340166
5636,0.015013,74.125.68.0-255,5738,311080,13,340166
5637,0.015024,172.31.36.0-255,66,311146,13,340166
5638,0.01772,74.125.68.0-255,5738,316884,13,340166
5639,0.01773,172.31.36.0-255,66,316950,13,340166
5640,0.020377,74.125.68.0-255,5738,322688,13,340166
5641,0.020478,172.31.36.0-255,66,322754,13,340166
5642,0.023127,74.125.68.0-255,5738,328492,13,340166
5643,0.023139,172.31.36.0-255,66,328558,13,340166
5644,0.025798,74.125.68.0-255,5738,334296,13,340166
5645,0.025805,172.31.36.0-255,66,334362,13,340166
5646,0.028451,74.125.68.0-255,5738,340100,13,340166
5647,0.028458,172.31.36.0-255,66,340166,13,340166
5648,0.0,74.125.24.0-255,153,153,13,314444
5649,2.4e-05,172.31.36.0-255,66,219,13,314444
5650,3.2e-05,74.125.24.0-255,1484,1703,13,314444
5651,3.7e-05,172.31.36.0-255,66,1769,13,314444
5652,5.1e-05,74.125.24.0-255,2902,4671,13,314444
5653,5.4e-05,172.31.36.0-255,66,4737,13,314444
5654,6.1e-05,74.125.24.0-255,5738,10475,13,314444
5655,6.4e-05,172.31.36.0-255,66,10541,13,314444
5656,9.7e-05,74.125.24.0-255,1484,12025,13,314444
5657,0.0001,172.31.36.0-255,66,12091,13,314444
5658,0.000105,74.125.24.0-255,2046,14137,13,314444
5659,0.000107,172.31.36.0-255,66,14203,13,314444
5660,0.000559,74.125.24.0-255,1484,15687,13,314444
5661,0.000566,172.31.36.0-255,66,15753,13,314444
5662,0.000574,74.125.24.0-255,2902,18655,13,314444
5663,0.000576,172.31.36.0-255,66,18721,13,314444
5664,0.000588,74.125.24.0-255,5738,24459,13,314444
5665,0.000591,172.31.36.0-255,66,24525,13,314444
5666,0.000597,74.125.24.0-255,4320,28845,13,314444
5667,0.000599,172.31.36.0-255,66,28911,13,314444
5668,0.000613,74.125.24.0-255,2543,31454,13,314444
5669,0.000616,172.31.36.0-255,66,31520,13,314444
5670,0.000628,74.125.24.0-255,7156,38676,13,314444
5671,0.000631,172.31.36.0-255,66,38742,13,314444
5672,0.00067,172.31.36.0-255,66,38808,13,314444
5673,0.000702,74.125.24.0-255,4320,43128,13,314444
5674,0.000704,172.31.36.0-255,66,43194,13,314444
5675,0.00072,74.125.24.0-255,10692,53886,13,314444
5676,0.000723,172.31.36.0-255,66,53952,13,314444
5677,0.000725,74.125.24.0-255,447,54399,13,314444
5678,0.000727,172.31.36.0-255,66,54465,13,314444
5679,0.000853,74.125.24.0-255,1484,55949,13,314444
5680,0.00086,74.125.24.0-255,2902,58851,13,314444
5681,0.000883,74.125.24.0-255,5738,64589,13,314444
5682,0.000889,74.125.24.0-255,4320,68909,13,314444
5683,0.000909,74.125.24.0-255,8574,77483,13,314444
5684,0.000921,74.125.24.0-255,9992,87475,13,314444
5685,0.00095,74.125.24.0-255,766,88241,13,314444
5686,0.001395,74.125.24.0-255,1484,89725,13,314444
5687,0.001403,74.125.24.0-255,2902,92627,13,314444
5688,0.00142,74.125.24.0-255,5738,98365,13,314444
5689,0.001435,74.125.24.0-255,1484,99849,13,314444
5690,0.001448,74.125.24.0-255,5738,105587,13,314444
5691,0.001464,74.125.24.0-255,1484,107071,13,314444
5692,0.001494,74.125.24.0-255,4320,111391,13,314444
5693,0.001516,74.125.24.0-255,10692,122083,13,314444
5694,0.001685,74.125.24.0-255,1484,123567,13,314444
5695,0.0017,74.125.24.0-255,2902,126469,13,314444
5696,0.001703,74.125.24.0-255,1484,127953,13,314444
5697,0.001722,74.125.24.0-255,4320,132273,13,314444
5698,0.001739,74.125.24.0-255,5738,138011,13,314444
5699,0.001751,74.125.24.0-255,4320,142331,13,314444
5700,0.00179,74.125.24.0-255,2902,145233,13,314444
5701,0.001812,74.125.24.0-255,8574,153807,13,314444
5702,0.001839,74.125.24.0-255,7156,160963,13,314444
5703,0.001857,74.125.24.0-255,3602,164565,13,314444
5704,0.001896,74.125.24.0-255,5738,170303,13,314444
5705,0.001899,74.125.24.0-255,1484,171787,13,314444
5706,0.001919,74.125.24.0-255,5738,177525,13,314444
5707,0.001927,74.125.24.0-255,7156,184681,13,314444
5708,0.001948,74.125.24.0-255,7156,191837,13,314444
5709,0.001954,74.125.24.0-255,6438,198275,13,314444
5710,0.001986,74.125.24.0-255,2902,201177,13,314444
5711,0.002007,74.125.24.0-255,5738,206915,13,314444
5712,0.002016,74.125.24.0-255,9992,216907,13,314444
5713,0.002064,74.125.24.0-255,5738,222645,13,314444
5714,0.002081,74.125.24.0-255,5738,228383,13,314444
5715,0.00211,74.125.24.0-255,5020,233403,13,314444
5716,0.002134,74.125.24.0-255,9992,243395,13,314444
5717,0.00216,74.125.24.0-255,5738,249133,13,314444
5718,0.002179,74.125.24.0-255,9992,259125,13,314444
5719,0.002197,74.125.24.0-255,3602,262727,13,314444
5720,0.0022,74.125.24.0-255,1484,264211,13,314444
5721,0.002206,172.31.36.0-255,78,264289,13,314444
5722,0.00222,172.31.36.0-255,78,264367,13,314444
5723,0.002251,74.125.24.0-255,5738,270105,13,314444
5724,0.002254,74.125.24.0-255,766,270871,13,314444
5725,0.002259,74.125.24.0-255,2902,273773,13,314444
5726,0.002266,74.125.24.0-255,8574,282347,13,314444
5727,0.002275,74.125.24.0-255,9992,292339,13,314444
5728,0.002323,74.125.24.0-255,4320,296659,13,314444
5729,0.00234,74.125.24.0-255,7856,304515,13,314444
5730,0.002343,74.125.24.0-255,1484,305999,13,314444
5731,0.00235,74.125.24.0-255,8006,314005,13,314444
5732,0.002353,74.125.24.0-255,97,314102,13,314444
5733,0.002364,74.125.24.0-255,105,314207,13,314444
5734,0.003849,172.31.36.0-255,66,314273,13,314444
5735,0.006688,172.31.36.0-255,105,314378,13,314444
5736,0.008888,74.125.24.0-255,66,314444,13,314444
5737,0.0,172.217.194.0-255,153,153,13,235540
5738,2.3e-05,172.31.36.0-255,66,219,13,235540
5739,3.1e-05,172.217.194.0-255,1484,1703,13,235540
5740,3.5e-05,172.31.36.0-255,66,1769,13,235540
5741,3.8e-05,172.217.194.0-255,1484,3253,13,235540
5742,4.1e-05,172.31.36.0-255,66,3319,13,235540
5743,5.5e-05,172.217.194.0-255,2902,6221,13,235540
5744,5.8e-05,172.31.36.0-255,66,6287,13,235540
5745,7.8e-05,172.217.194.0-255,4320,10607,13,235540
5746,8.1e-05,172.31.36.0-255,66,10673,13,235540
5747,9.9e-05,172.217.194.0-255,1484,12157,13,235540
5748,0.000102,172.31.36.0-255,66,12223,13,235540
5749,0.000111,172.217.194.0-255,2083,14306,13,235540
5750,0.000114,172.31.36.0-255,66,14372,13,235540
5751,0.000178,172.217.194.0-255,1484,15856,13,235540
5752,0.000181,172.31.36.0-255,66,15922,13,235540
5753,0.000212,172.217.194.0-255,2902,18824,13,235540
5754,0.000215,172.31.36.0-255,66,18890,13,235540
5755,0.000221,172.217.194.0-255,5738,24628,13,235540
5756,0.000223,172.31.36.0-255,66,24694,13,235540
5757,0.000244,172.217.194.0-255,1484,26178,13,235540
5758,0.000246,172.31.36.0-255,66,26244,13,235540
5759,0.00025,172.217.194.0-255,1484,27728,13,235540
5760,0.000253,172.31.36.0-255,66,27794,13,235540
5761,0.000284,172.217.194.0-255,1484,29278,13,235540
5762,0.000286,172.31.36.0-255,66,29344,13,235540
5763,0.000291,172.217.194.0-255,2543,31887,13,235540
5764,0.000294,172.31.36.0-255,66,31953,13,235540
5765,0.000298,172.217.194.0-255,2902,34855,13,235540
5766,0.000301,172.31.36.0-255,66,34921,13,235540
5767,0.000321,172.217.194.0-255,1484,36405,13,235540
5768,0.000323,172.31.36.0-255,66,36471,13,235540
5769,0.000351,172.217.194.0-255,5738,42209,13,235540
5770,0.000358,172.217.194.0-255,4320,46529,13,235540
5771,0.00041,172.217.194.0-255,2543,49072,13,235540
5772,0.00053,172.31.36.0-255,66,49138,13,235540
5773,0.000579,172.217.194.0-255,1484,50622,13,235540
5774,0.000606,172.217.194.0-255,1484,52106,13,235540
5775,0.000612,172.31.36.0-255,66,52172,13,235540
5776,0.000639,172.217.194.0-255,1484,53656,13,235540
5777,0.000647,172.217.194.0-255,5738,59394,13,235540
5778,0.000656,172.217.194.0-255,6797,66191,13,235540
5779,0.000658,172.217.194.0-255,1484,67675,13,235540
5780,0.00067,172.31.36.0-255,66,67741,13,235540
5781,0.000677,172.217.194.0-255,5738,73479,13,235540
5782,0.000693,172.31.36.0-255,66,73545,13,235540
5783,0.000707,172.217.194.0-255,4320,77865,13,235540
5784,0.000727,172.217.194.0-255,2902,80767,13,235540
5785,0.000734,172.31.36.0-255,66,80833,13,235540
5786,0.000761,172.217.194.0-255,2543,83376,13,235540
5787,0.00078,172.31.36.0-255,66,83442,13,235540
5788,0.000865,172.217.194.0-255,1484,84926,13,235540
5789,0.00087,172.217.194.0-255,1484,86410,13,235540
5790,0.00088,172.217.194.0-255,1484,87894,13,235540
5791,0.000893,172.31.36.0-255,66,87960,13,235540
5792,0.000903,172.217.194.0-255,4320,92280,13,235540
5793,0.000909,172.217.194.0-255,5738,98018,13,235540
5794,0.000916,172.217.194.0-255,1484,99502,13,235540
5795,0.000929,172.217.194.0-255,4320,103822,13,235540
5796,0.000933,172.31.36.0-255,66,103888,13,235540
5797,0.000965,172.217.194.0-255,5738,109626,13,235540
5798,0.000973,172.217.194.0-255,7742,117368,13,235540
5799,0.000997,172.31.36.0-255,66,117434,13,235540
5800,0.001993,172.217.194.0-255,1484,118918,13,235540
5801,0.002003,172.217.194.0-255,2902,121820,13,235540
5802,0.002008,172.31.36.0-255,66,121886,13,235540
5803,0.002016,172.217.194.0-255,5738,127624,13,235540
5804,0.00202,172.217.194.0-255,4320,131944,13,235540
5805,0.002047,172.217.194.0-255,8574,140518,13,235540
5806,0.002067,172.217.194.0-255,4320,144838,13,235540
5807,0.002092,172.217.194.0-255,6438,151276,13,235540
5808,0.002223,172.217.194.0-255,1484,152760,13,235540
5809,0.002239,172.217.194.0-255,2902,155662,13,235540
5810,0.002243,172.217.194.0-255,2902,158564,13,235540
5811,0.002256,172.217.194.0-255,2902,161466,13,235540
5812,0.002268,172.217.194.0-255,1484,162950,13,235540
5813,0.002279,172.217.194.0-255,1484,164434,13,235540
5814,0.002301,172.217.194.0-255,7156,171590,13,235540
5815,0.002319,172.217.194.0-255,2902,174492,13,235540
5816,0.007306,172.31.36.0-255,66,174558,13,235540
5817,0.009458,172.217.194.0-255,5738,180296,13,235540
5818,0.009466,172.31.36.0-255,66,180362,13,235540
5819,0.011609,172.217.194.0-255,5738,186100,13,235540
5820,0.011652,172.31.36.0-255,66,186166,13,235540
5821,0.01384,172.217.194.0-255,5738,191904,13,235540
5822,0.013851,172.31.36.0-255,66,191970,13,235540
5823,0.016057,172.217.194.0-255,5738,197708,13,235540
5824,0.016067,172.31.36.0-255,66,197774,13,235540
5825,0.01825,172.217.194.0-255,5738,203512,13,235540
5826,0.018258,172.31.36.0-255,66,203578,13,235540
5827,0.020421,172.217.194.0-255,5738,209316,13,235540
5828,0.020427,172.31.36.0-255,66,209382,13,235540
5829,0.022573,172.217.194.0-255,5738,215120,13,235540
5830,0.02258,172.31.36.0-255,66,215186,13,235540
5831,0.024735,172.217.194.0-255,4320,219506,13,235540
5832,0.024743,172.31.36.0-255,66,219572,13,235540
5833,0.024772,172.217.194.0-255,1484,221056,13,235540
5834,0.026886,172.217.194.0-255,4320,225376,13,235540
5835,0.026893,172.31.36.0-255,66,225442,13,235540
5836,0.027601,172.31.36.0-255,176,225618,13,235540
5837,0.027632,172.31.36.0-255,1110,226728,13,235540
5838,0.027689,172.31.36.0-255,1514,228242,13,235540
5839,0.027691,172.31.36.0-255,1296,229538,13,235540
5840,0.029051,172.217.194.0-255,5738,235276,13,235540
5841,0.029091,172.31.36.0-255,66,235342,13,235540
5842,0.029268,104.244.42.0-255,66,235408,13,235540
5843,0.029324,104.244.42.0-255,66,235474,13,235540
5844,0.029362,104.244.42.0-255,66,235540,13,235540
5845,0.0,172.217.194.0-255,162,162,13,220495
5846,2e-05,172.217.194.0-255,1484,1646,13,220495
5847,3.2e-05,172.31.36.0-255,66,1712,13,220495
5848,4e-05,172.217.194.0-255,2902,4614,13,220495
5849,4.4e-05,172.31.36.0-255,66,4680,13,220495
5850,5.2e-05,172.217.194.0-255,7156,11836,13,220495
5851,6.5e-05,172.31.36.0-255,66,11902,13,220495
5852,8.4e-05,172.31.36.0-255,66,11968,13,220495
5853,8.8e-05,172.217.194.0-255,2543,14511,13,220495
5854,9e-05,172.31.36.0-255,66,14577,13,220495
5855,0.001193,172.217.194.0-255,1484,16061,13,220495
5856,0.001214,172.217.194.0-255,2902,18963,13,220495
5857,0.001219,172.31.36.0-255,66,19029,13,220495
5858,0.001228,172.217.194.0-255,5738,24767,13,220495
5859,0.00123,172.31.36.0-255,66,24833,13,220495
5860,0.001265,172.217.194.0-255,7156,31989,13,220495
5861,0.001268,172.31.36.0-255,66,32055,13,220495
5862,0.001304,172.217.194.0-255,3961,36016,13,220495
5863,0.001307,172.31.36.0-255,66,36082,13,220495
5864,0.00134,172.31.36.0-255,66,36148,13,220495
5865,0.001365,172.217.194.0-255,1484,37632,13,220495
5866,0.001381,172.217.194.0-255,2902,40534,13,220495
5867,0.001384,172.31.36.0-255,66,40600,13,220495
5868,0.001412,172.217.194.0-255,4320,44920,13,220495
5869,0.001415,172.31.36.0-255,66,44986,13,220495
5870,0.001441,172.217.194.0-255,1484,46470,13,220495
5871,0.001456,172.31.36.0-255,66,46536,13,220495
5872,0.001464,172.217.194.0-255,8574,55110,13,220495
5873,0.001466,172.31.36.0-255,66,55176,13,220495
5874,0.001498,172.217.194.0-255,2184,57360,13,220495
5875,0.0015,172.31.36.0-255,66,57426,13,220495
5876,0.001528,172.217.194.0-255,2902,60328,13,220495
5877,0.00153,172.31.36.0-255,66,60394,13,220495
5878,0.001536,172.217.194.0-255,4320,64714,13,220495
5879,0.001538,172.31.36.0-255,66,64780,13,220495
5880,0.001543,172.217.194.0-255,2902,67682,13,220495
5881,0.00155,172.31.36.0-255,66,67748,13,220495
5882,0.001583,172.217.194.0-255,5738,73486,13,220495
5883,0.001586,172.31.36.0-255,66,73552,13,220495
5884,0.001588,172.217.194.0-255,1156,74708,13,220495
5885,0.001657,172.217.194.0-255,1484,76192,13,220495
5886,0.001661,172.31.36.0-255,66,76258,13,220495
5887,0.001668,172.217.194.0-255,2902,79160,13,220495
5888,0.00167,172.31.36.0-255,66,79226,13,220495
5889,0.001682,172.217.194.0-255,5738,84964,13,220495
5890,0.001684,172.31.36.0-255,66,85030,13,220495
5891,0.001689,172.217.194.0-255,2902,87932,13,220495
5892,0.001691,172.31.36.0-255,66,87998,13,220495
5893,0.001725,172.217.194.0-255,5738,93736,13,220495
5894,0.001729,172.31.36.0-255,66,93802,13,220495
5895,0.001758,172.217.194.0-255,8574,102376,13,220495
5896,0.001761,172.31.36.0-255,66,102442,13,220495
5897,0.001789,172.217.194.0-255,6438,108880,13,220495
5898,0.001792,172.31.36.0-255,66,108946,13,220495
5899,0.001937,172.217.194.0-255,1484,110430,13,220495
5900,0.001944,172.217.194.0-255,2902,113332,13,220495
5901,0.001947,172.31.36.0-255,66,113398,13,220495
5902,0.001954,172.217.194.0-255,5738,119136,13,220495
5903,0.001956,172.31.36.0-255,66,119202,13,220495
5904,0.002029,172.217.194.0-255,9992,129194,13,220495
5905,0.002032,172.31.36.0-255,66,129260,13,220495
5906,0.002052,172.31.36.0-255,66,129326,13,220495
5907,0.002193,172.217.194.0-255,1484,130810,13,220495
5908,0.002199,172.217.194.0-255,2902,133712,13,220495
5909,0.002202,172.31.36.0-255,66,133778,13,220495
5910,0.002225,172.217.194.0-255,2902,136680,13,220495
5911,0.002228,172.31.36.0-255,66,136746,13,220495
5912,0.002244,172.217.194.0-255,2902,139648,13,220495
5913,0.002247,172.31.36.0-255,66,139714,13,220495
5914,0.002262,172.31.36.0-255,66,139780,13,220495
5915,0.002283,172.217.194.0-255,1484,141264,13,220495
5916,0.002295,172.217.194.0-255,8574,149838,13,220495
5917,0.002298,172.31.36.0-255,66,149904,13,220495
5918,0.002349,172.31.36.0-255,66,149970,13,220495
5919,0.002375,172.217.194.0-255,4320,154290,13,220495
5920,0.002378,172.31.36.0-255,66,154356,13,220495
5921,0.002409,172.217.194.0-255,4320,158676,13,220495
5922,0.002411,172.31.36.0-255,66,158742,13,220495
5923,0.002417,172.217.194.0-255,3602,162344,13,220495
5924,0.002419,172.31.36.0-255,66,162410,13,220495
5925,0.002423,172.217.194.0-255,1484,163894,13,220495
5926,0.002468,172.31.36.0-255,66,163960,13,220495
5927,0.002497,172.217.194.0-255,5738,169698,13,220495
5928,0.002499,172.31.36.0-255,66,169764,13,220495
5929,0.002508,172.217.194.0-255,7156,176920,13,220495
5930,0.00251,172.31.36.0-255,66,176986,13,220495
5931,0.002527,172.217.194.0-255,7856,184842,13,220495
5932,0.002529,172.31.36.0-255,66,184908,13,220495
5933,0.002537,172.217.194.0-255,8574,193482,13,220495
5934,0.00254,172.31.36.0-255,66,193548,13,220495
5935,0.002558,172.31.36.0-255,66,193614,13,220495
5936,0.002566,172.217.194.0-255,6438,200052,13,220495
5937,0.002568,172.31.36.0-255,66,200118,13,220495
5938,0.002603,172.217.194.0-255,5738,205856,13,220495
5939,0.002606,172.31.36.0-255,66,205922,13,220495
5940,0.002646,172.31.36.0-255,66,205988,13,220495
5941,0.002649,172.217.194.0-255,1484,207472,13,220495
5942,0.002688,172.31.36.0-255,66,207538,13,220495
5943,0.002696,172.217.194.0-255,8574,216112,13,220495
5944,0.002699,172.31.36.0-255,66,216178,13,220495
5945,0.002779,172.31.36.0-255,66,216244,13,220495
5946,0.002782,172.217.194.0-255,105,216349,13,220495
5947,0.005067,172.31.36.0-255,105,216454,13,220495
5948,0.007367,172.217.194.0-255,66,216520,13,220495
5949,0.028957,172.31.36.0-255,172,216692,13,220495
5950,0.028988,172.31.36.0-255,1109,217801,13,220495
5951,0.029052,172.31.36.0-255,1514,219315,13,220495
5952,0.029054,172.31.36.0-255,1180,220495,13,220495
5953,0.0,172.217.194.0-255,152,152,13,313787
5954,1e-05,172.31.36.0-255,66,218,13,313787
5955,3e-05,172.217.194.0-255,1484,1702,13,313787
5956,3.5e-05,172.31.36.0-255,66,1768,13,313787
5957,4.1e-05,172.217.194.0-255,2902,4670,13,313787
5958,4.4e-05,172.31.36.0-255,66,4736,13,313787
5959,4.9e-05,172.217.194.0-255,2902,7638,13,313787
5960,5.2e-05,172.31.36.0-255,66,7704,13,313787
5961,0.000101,172.217.194.0-255,5738,13442,13,313787
5962,0.000103,172.31.36.0-255,66,13508,13,313787
5963,0.00013,172.217.194.0-255,630,14138,13,313787
5964,0.000132,172.31.36.0-255,66,14204,13,313787
5965,0.00015,172.217.194.0-255,1484,15688,13,313787
5966,0.000152,172.31.36.0-255,66,15754,13,313787
5967,0.000157,172.217.194.0-255,2902,18656,13,313787
5968,0.000159,172.31.36.0-255,66,18722,13,313787
5969,0.000162,172.217.194.0-255,1484,20206,13,313787
5970,0.000164,172.31.36.0-255,66,20272,13,313787
5971,0.000188,172.217.194.0-255,4320,24592,13,313787
5972,0.00019,172.31.36.0-255,66,24658,13,313787
5973,0.000204,172.217.194.0-255,6797,31455,13,313787
5974,0.000206,172.31.36.0-255,66,31521,13,313787
5975,0.000242,172.217.194.0-255,7156,38677,13,313787
5976,0.000245,172.31.36.0-255,66,38743,13,313787
5977,0.000266,172.217.194.0-255,7156,45899,13,313787
5978,0.000269,172.31.36.0-255,66,45965,13,313787
5979,0.000292,172.217.194.0-255,2543,48508,13,313787
5980,0.000294,172.31.36.0-255,66,48574,13,313787
5981,0.000653,172.217.194.0-255,1484,50058,13,313787
5982,0.000659,172.31.36.0-255,66,50124,13,313787
5983,0.000665,172.217.194.0-255,2902,53026,13,313787
5984,0.000667,172.31.36.0-255,66,53092,13,313787
5985,0.000673,172.217.194.0-255,2902,55994,13,313787
5986,0.000682,172.31.36.0-255,66,56060,13,313787
5987,0.000713,172.217.194.0-255,2902,58962,13,313787
5988,0.000717,172.31.36.0-255,66,59028,13,313787
5989,0.000724,172.217.194.0-255,6797,65825,13,313787
5990,0.000727,172.31.36.0-255,66,65891,13,313787
5991,0.000862,172.217.194.0-255,1484,67375,13,313787
5992,0.000868,172.217.194.0-255,1484,68859,13,313787
5993,0.00087,172.31.36.0-255,66,68925,13,313787
5994,0.000903,172.217.194.0-255,1484,70409,13,313787
5995,0.000911,172.217.194.0-255,5738,76147,13,313787
5996,0.000913,172.31.36.0-255,66,76213,13,313787
5997,0.000959,172.31.36.0-255,66,76279,13,313787
5998,0.000979,172.217.194.0-255,4320,80599,13,313787
5999,0.000981,172.31.36.0-255,66,80665,13,313787
6000,0.001012,172.217.194.0-255,5958,86623,13,313787
6001,0.001015,172.31.36.0-255,66,86689,13,313787
6002,0.001085,172.217.194.0-255,1484,88173,13,313787
6003,0.001089,172.217.194.0-255,1484,89657,13,313787
6004,0.001092,172.31.36.0-255,66,89723,13,313787
6005,0.001118,172.217.194.0-255,1484,91207,13,313787
6006,0.001124,172.217.194.0-255,5738,96945,13,313787
6007,0.001127,172.31.36.0-255,66,97011,13,313787
6008,0.001133,172.217.194.0-255,4320,101331,13,313787
6009,0.001135,172.31.36.0-255,66,101397,13,313787
6010,0.001138,172.217.194.0-255,1484,102881,13,313787
6011,0.001175,172.217.194.0-255,9992,112873,13,313787
6012,0.00118,172.31.36.0-255,66,112939,13,313787
6013,0.001191,172.217.194.0-255,2902,115841,13,313787
6014,0.001197,172.31.36.0-255,66,115907,13,313787
6015,0.00123,172.217.194.0-255,5020,120927,13,313787
6016,0.001233,172.31.36.0-255,66,120993,13,313787
6017,0.001399,172.217.194.0-255,1484,122477,13,313787
6018,0.001408,172.217.194.0-255,2902,125379,13,313787
6019,0.001411,172.31.36.0-255,66,125445,13,313787
6020,0.001418,172.217.194.0-255,5738,131183,13,313787
6021,0.00142,172.31.36.0-255,66,131249,13,313787
6022,0.001432,172.217.194.0-255,5738,136987,13,313787
6023,0.001435,172.31.36.0-255,66,137053,13,313787
6024,0.001464,172.217.194.0-255,1484,138537,13,313787
6025,0.00148,172.31.36.0-255,66,138603,13,313787
6026,0.001524,172.217.194.0-255,7156,145759,13,313787
6027,0.001526,172.31.36.0-255,66,145825,13,313787
6028,0.001549,172.217.194.0-255,6438,152263,13,313787
6029,0.001551,172.31.36.0-255,66,152329,13,313787
6030,0.001567,172.31.36.0-255,66,152395,13,313787
6031,0.001575,172.217.194.0-255,7856,160251,13,313787
6032,0.001577,172.31.36.0-255,66,160317,13,313787
6033,0.001638,172.217.194.0-255,1484,161801,13,313787
6034,0.001642,172.217.194.0-255,1484,163285,13,313787
6035,0.001645,172.31.36.0-255,66,163351,13,313787
6036,0.001671,172.217.194.0-255,1484,164835,13,313787
6037,0.001678,172.217.194.0-255,5738,170573,13,313787
6038,0.001682,172.31.36.0-255,66,170639,13,313787
6039,0.001713,172.217.194.0-255,5738,176377,13,313787
6040,0.001716,172.31.36.0-255,66,176443,13,313787
6041,0.001725,172.217.194.0-255,8574,185017,13,313787
6042,0.001727,172.31.36.0-255,66,185083,13,313787
6043,0.001747,172.217.194.0-255,4320,189403,13,313787
6044,0.001749,172.31.36.0-255,66,189469,13,313787
6045,0.001756,172.217.194.0-255,5020,194489,13,313787
6046,0.001759,172.31.36.0-255,66,194555,13,313787
6047,0.001915,172.217.194.0-255,1484,196039,13,313787
6048,0.001922,172.217.194.0-255,2902,198941,13,313787
6049,0.001926,172.31.36.0-255,66,199007,13,313787
6050,0.001929,172.217.194.0-255,1484,200491,13,313787
6051,0.001956,172.217.194.0-255,4320,204811,13,313787
6052,0.001959,172.31.36.0-255,66,204877,13,313787
6053,0.001972,172.217.194.0-255,7156,212033,13,313787
6054,0.001975,172.31.36.0-255,66,212099,13,313787
6055,0.002012,172.217.194.0-255,5738,217837,13,313787
6056,0.002016,172.31.36.0-255,66,217903,13,313787
6057,0.002023,172.217.194.0-255,5738,223641,13,313787
6058,0.002025,172.31.36.0-255,66,223707,13,313787
6059,0.002036,172.217.194.0-255,5020,228727,13,313787
6060,0.002039,172.31.36.0-255,66,228793,13,313787
6061,0.002047,172.217.194.0-255,8574,237367,13,313787
6062,0.002049,172.31.36.0-255,66,237433,13,313787
6063,0.002057,172.217.194.0-255,7156,244589,13,313787
6064,0.002059,172.31.36.0-255,66,244655,13,313787
6065,0.002062,172.217.194.0-255,1484,246139,13,313787
6066,0.002065,172.217.194.0-255,1484,247623,13,313787
6067,0.002067,172.31.36.0-255,66,247689,13,313787
6068,0.002113,172.31.36.0-255,66,247755,13,313787
6069,0.002116,172.217.194.0-255,766,248521,13,313787
6070,0.002118,172.217.194.0-255,1484,250005,13,313787
6071,0.00212,172.31.36.0-255,66,250071,13,313787
6072,0.002125,172.217.194.0-255,4320,254391,13,313787
6073,0.002128,172.31.36.0-255,66,254457,13,313787
6074,0.002168,172.217.194.0-255,8574,263031,13,313787
6075,0.002171,172.31.36.0-255,66,263097,13,313787
6076,0.00218,172.217.194.0-255,9992,273089,13,313787
6077,0.002182,172.31.36.0-255,66,273155,13,313787
6078,0.002192,172.217.194.0-255,4320,277475,13,313787
6079,0.002194,172.31.36.0-255,66,277541,13,313787
6080,0.002201,172.217.194.0-255,5020,282561,13,313787
6081,0.002203,172.31.36.0-255,66,282627,13,313787
6082,0.002218,172.217.194.0-255,5738,288365,13,313787
6083,0.002221,172.31.36.0-255,66,288431,13,313787
6084,0.002257,172.31.36.0-255,66,288497,13,313787
6085,0.002266,172.217.194.0-255,8574,297071,13,313787
6086,0.002268,172.31.36.0-255,66,297137,13,313787
6087,0.002309,172.217.194.0-255,1484,298621,13,313787
6088,0.002337,172.217.194.0-255,7856,306477,13,313787
6089,0.00234,172.31.36.0-255,66,306543,13,313787
6090,0.002343,172.217.194.0-255,1484,308027,13,313787
6091,0.002348,172.217.194.0-255,4320,312347,13,313787
6092,0.002351,172.31.36.0-255,66,312413,13,313787
6093,0.002358,172.217.194.0-255,849,313262,13,313787
6094,0.002361,172.217.194.0-255,105,313367,13,313787
6095,0.010539,172.31.36.0-255,66,313433,13,313787
6096,0.010578,172.31.36.0-255,105,313538,13,313787
6097,0.01081,172.217.194.0-255,105,313643,13,313787
6098,0.010819,172.31.36.0-255,78,313721,13,313787
6099,0.012578,172.217.194.0-255,66,313787,13,313787
6100,0.0,172.217.194.0-255,143,143,13,152944
6101,2.3e-05,172.31.36.0-255,66,209,13,152944
6102,3.1e-05,172.217.194.0-255,1484,1693,13,152944
6103,3.7e-05,172.31.36.0-255,66,1759,13,152944
6104,4.3e-05,172.217.194.0-255,2902,4661,13,152944
6105,4.6e-05,172.31.36.0-255,66,4727,13,152944
6106,4.9e-05,172.217.194.0-255,1484,6211,13,152944
6107,5.1e-05,172.31.36.0-255,66,6277,13,152944
6108,5.5e-05,172.217.194.0-255,1484,7761,13,152944
6109,5.7e-05,172.31.36.0-255,66,7827,13,152944
6110,8.7e-05,172.217.194.0-255,4320,12147,13,152944
6111,9.1e-05,172.31.36.0-255,66,12213,13,152944
6112,9.6e-05,172.217.194.0-255,2048,14261,13,152944
6113,9.9e-05,172.31.36.0-255,66,14327,13,152944
6114,0.001042,172.217.194.0-255,1484,15811,13,152944
6115,0.00105,172.31.36.0-255,66,15877,13,152944
6116,0.001061,172.217.194.0-255,2902,18779,13,152944
6117,0.001063,172.31.36.0-255,66,18845,13,152944
6118,0.001071,172.217.194.0-255,5738,24583,13,152944
6119,0.001073,172.31.36.0-255,66,24649,13,152944
6120,0.001114,172.217.194.0-255,4320,28969,13,152944
6121,0.001116,172.31.36.0-255,66,29035,13,152944
6122,0.001141,172.217.194.0-255,8215,37250,13,152944
6123,0.001145,172.31.36.0-255,66,37316,13,152944
6124,0.001164,172.217.194.0-255,2902,40218,13,152944
6125,0.001166,172.31.36.0-255,66,40284,13,152944
6126,0.001194,172.217.194.0-255,8215,48499,13,152944
6127,0.001197,172.31.36.0-255,66,48565,13,152944
6128,0.001324,172.217.194.0-255,1484,50049,13,152944
6129,0.001326,172.31.36.0-255,66,50115,13,152944
6130,0.00134,172.217.194.0-255,2902,53017,13,152944
6131,0.001342,172.31.36.0-255,66,53083,13,152944
6132,0.001374,172.217.194.0-255,4320,57403,13,152944
6133,0.001378,172.31.36.0-255,66,57469,13,152944
6134,0.001396,172.217.194.0-255,1484,58953,13,152944
6135,0.001403,172.217.194.0-255,4320,63273,13,152944
6136,0.001406,172.31.36.0-255,66,63339,13,152944
6137,0.00142,172.217.194.0-255,2543,65882,13,152944
6138,0.001422,172.31.36.0-255,66,65948,13,152944
6139,0.001755,172.217.194.0-255,646,66594,13,152944
6140,0.001874,172.217.194.0-255,1484,68078,13,152944
6141,0.001877,172.31.36.0-255,66,68144,13,152944
6142,0.001881,172.217.194.0-255,2902,71046,13,152944
6143,0.001884,172.31.36.0-255,66,71112,13,152944
6144,0.001908,172.217.194.0-255,5738,76850,13,152944
6145,0.001911,172.31.36.0-255,66,76916,13,152944
6146,0.001921,172.217.194.0-255,1484,78400,13,152944
6147,0.00194,172.217.194.0-255,4830,83230,13,152944
6148,0.001942,172.31.36.0-255,66,83296,13,152944
6149,0.004089,172.217.194.0-255,5738,89034,13,152944
6150,0.0041,172.31.36.0-255,66,89100,13,152944
6151,0.006251,172.217.194.0-255,5738,94838,13,152944
6152,0.00626,172.31.36.0-255,66,94904,13,152944
6153,0.008408,172.217.194.0-255,5738,100642,13,152944
6154,0.008418,172.31.36.0-255,66,100708,13,152944
6155,0.010569,172.217.194.0-255,5738,106446,13,152944
6156,0.010578,172.31.36.0-255,66,106512,13,152944
6157,0.012728,172.217.194.0-255,5738,112250,13,152944
6158,0.01274,172.31.36.0-255,66,112316,13,152944
6159,0.014897,172.217.194.0-255,5738,118054,13,152944
6160,0.014908,172.31.36.0-255,66,118120,13,152944
6161,0.017067,172.217.194.0-255,5738,123858,13,152944
6162,0.017078,172.31.36.0-255,66,123924,13,152944
6163,0.019215,172.217.194.0-255,5738,129662,13,152944
6164,0.019225,172.31.36.0-255,66,129728,13,152944
6165,0.021376,172.217.194.0-255,5738,135466,13,152944
6166,0.021391,172.31.36.0-255,66,135532,13,152944
6167,0.023571,172.217.194.0-255,5738,141270,13,152944
6168,0.023578,172.31.36.0-255,66,141336,13,152944
6169,0.025724,172.217.194.0-255,5738,147074,13,152944
6170,0.025732,172.31.36.0-255,66,147140,13,152944
6171,0.027873,172.217.194.0-255,5738,152878,13,152944
6172,0.027881,172.31.36.0-255,66,152944,13,152944
6173,0.0,74.125.24.0-255,153,153,13,327138
6174,2.6e-05,74.125.24.0-255,1484,1637,13,327138
6175,3.3e-05,172.31.36.0-255,66,1703,13,327138
6176,5.7e-05,74.125.24.0-255,2902,4605,13,327138
6177,6e-05,172.31.36.0-255,66,4671,13,327138
6178,6.8e-05,74.125.24.0-255,7156,11827,13,327138
6179,7e-05,172.31.36.0-255,66,11893,13,327138
6180,7.4e-05,74.125.24.0-255,2040,13933,13,327138
6181,7.8e-05,172.31.36.0-255,66,13999,13,327138
6182,0.000111,74.125.24.0-255,4320,18319,13,327138
6183,0.000115,172.31.36.0-255,66,18385,13,327138
6184,0.000142,74.125.24.0-255,7156,25541,13,327138
6185,0.000145,172.31.36.0-255,66,25607,13,327138
6186,0.000153,74.125.24.0-255,9992,35599,13,327138
6187,0.000155,172.31.36.0-255,66,35665,13,327138
6188,0.000173,74.125.24.0-255,2902,38567,13,327138
6189,0.000175,172.31.36.0-255,66,38633,13,327138
6190,0.000204,74.125.24.0-255,9274,47907,13,327138
6191,0.00025,172.31.36.0-255,66,47973,13,327138
6192,0.000652,74.125.24.0-255,1484,49457,13,327138
6193,0.000657,74.125.24.0-255,2902,52359,13,327138
6194,0.00066,172.31.36.0-255,66,52425,13,327138
6195,0.000667,74.125.24.0-255,4320,56745,13,327138
6196,0.000685,172.31.36.0-255,66,56811,13,327138
6197,0.000703,74.125.24.0-255,1484,58295,13,327138
6198,0.000711,74.125.24.0-255,5738,64033,13,327138
6199,0.000713,172.31.36.0-255,66,64099,13,327138
6200,0.000716,74.125.24.0-255,1394,65493,13,327138
6201,0.001084,74.125.24.0-255,136,65629,13,327138
6202,0.00135,74.125.24.0-255,347,65976,13,327138
6203,0.001356,172.31.36.0-255,66,66042,13,327138
6204,0.002163,74.125.24.0-255,1484,67526,13,327138
6205,0.002175,74.125.24.0-255,2902,70428,13,327138
6206,0.002177,172.31.36.0-255,66,70494,13,327138
6207,0.002183,74.125.24.0-255,4320,74814,13,327138
6208,0.002184,172.31.36.0-255,66,74880,13,327138
6209,0.002196,74.125.24.0-255,1484,76364,13,327138
6210,0.002203,74.125.24.0-255,7156,83520,13,327138
6211,0.002205,172.31.36.0-255,66,83586,13,327138
6212,0.002227,74.125.24.0-255,5738,89324,13,327138
6213,0.002228,172.31.36.0-255,66,89390,13,327138
6214,0.002233,74.125.24.0-255,4320,93710,13,327138
6215,0.002249,74.125.24.0-255,5738,99448,13,327138
6216,0.002251,74.125.24.0-255,766,100214,13,327138
6217,0.003172,74.125.24.0-255,1484,101698,13,327138
6218,0.003176,74.125.24.0-255,2902,104600,13,327138
6219,0.003195,74.125.24.0-255,5738,110338,13,327138
6220,0.00321,74.125.24.0-255,1484,111822,13,327138
6221,0.003231,74.125.24.0-255,8574,120396,13,327138
6222,0.003247,74.125.24.0-255,5738,126134,13,327138
6223,0.00326,74.125.24.0-255,4320,130454,13,327138
6224,0.0033,74.125.24.0-255,3602,134056,13,327138
6225,0.003674,74.125.24.0-255,1484,135540,13,327138
6226,0.003692,74.125.24.0-255,2902,138442,13,327138
6227,0.003698,74.125.24.0-255,5738,144180,13,327138
6228,0.003722,74.125.24.0-255,2902,147082,13,327138
6229,0.003744,74.125.24.0-255,9992,157074,13,327138
6230,0.003754,74.125.24.0-255,9992,167066,13,327138
6231,0.003767,74.125.24.0-255,766,167832,13,327138
6232,0.004195,74.125.24.0-255,1484,169316,13,327138
6233,0.004199,74.125.24.0-255,2902,172218,13,327138
6234,0.004213,74.125.24.0-255,5738,177956,13,327138
6235,0.004237,74.125.24.0-255,2902,180858,13,327138
6236,0.004253,74.125.24.0-255,7156,188014,13,327138
6237,0.004265,74.125.24.0-255,2902,190916,13,327138
6238,0.004271,74.125.24.0-255,7156,198072,13,327138
6239,0.004291,74.125.24.0-255,3602,201674,13,327138
6240,0.004376,74.125.24.0-255,1484,203158,13,327138
6241,0.00438,74.125.24.0-255,2902,206060,13,327138
6242,0.004407,74.125.24.0-255,2902,208962,13,327138
6243,0.00443,74.125.24.0-255,2902,211864,13,327138
6244,0.004432,74.125.24.0-255,1484,213348,13,327138
6245,0.004469,74.125.24.0-255,10692,224040,13,327138
6246,0.004473,74.125.24.0-255,4320,228360,13,327138
6247,0.004476,74.125.24.0-255,1484,229844,13,327138
6248,0.004496,74.125.24.0-255,4320,234164,13,327138
6249,0.004502,74.125.24.0-255,5738,239902,13,327138
6250,0.004538,74.125.24.0-255,4320,244222,13,327138
6251,0.004561,74.125.24.0-255,2184,246406,13,327138
6252,0.00461,74.125.24.0-255,1484,247890,13,327138
6253,0.004623,74.125.24.0-255,2902,250792,13,327138
6254,0.004627,74.125.24.0-255,1484,252276,13,327138
6255,0.004641,74.125.24.0-255,4320,256596,13,327138
6256,0.004664,74.125.24.0-255,2902,259498,13,327138
6257,0.004695,74.125.24.0-255,9992,269490,13,327138
6258,0.004699,74.125.24.0-255,1484,270974,13,327138
6259,0.004723,74.125.24.0-255,8574,279548,13,327138
6260,0.004739,74.125.24.0-255,7856,287404,13,327138
6261,0.004776,74.125.24.0-255,4320,291724,13,327138
6262,0.004797,74.125.24.0-255,7156,298880,13,327138
6263,0.004842,74.125.24.0-255,10692,309572,13,327138
6264,0.004848,74.125.24.0-255,5738,315310,13,327138
6265,0.004883,74.125.24.0-255,5738,321048,13,327138
6266,0.004897,74.125.24.0-255,5581,326629,13,327138
6267,0.004913,74.125.24.0-255,105,326734,13,327138
6268,0.004963,172.31.36.0-255,66,326800,13,327138
6269,0.005379,172.31.36.0-255,101,326901,13,327138
6270,0.007409,172.31.36.0-255,105,327006,13,327138
6271,0.007618,74.125.24.0-255,66,327072,13,327138
6272,0.009666,74.125.24.0-255,66,327138,13,327138
6273,0.0,74.125.68.0-255,150,150,13,387331
6274,2.8e-05,74.125.68.0-255,1484,1634,13,387331
6275,3.6e-05,172.31.36.0-255,66,1700,13,387331
6276,4.1e-05,74.125.68.0-255,1484,3184,13,387331
6277,4.7e-05,74.125.68.0-255,2902,6086,13,387331
6278,5e-05,172.31.36.0-255,66,6152,13,387331
6279,7.9e-05,74.125.68.0-255,5738,11890,13,387331
6280,8.2e-05,172.31.36.0-255,66,11956,13,387331
6281,8.5e-05,74.125.68.0-255,1484,13440,13,387331
6282,0.000103,74.125.68.0-255,3418,16858,13,387331
6283,0.000105,172.31.36.0-255,66,16924,13,387331
6284,0.000112,74.125.68.0-255,5738,22662,13,387331
6285,0.000115,172.31.36.0-255,66,22728,13,387331
6286,0.000151,74.125.68.0-255,8215,30943,13,387331
6287,0.000154,172.31.36.0-255,66,31009,13,387331
6288,0.00082,74.125.68.0-255,1484,32493,13,387331
6289,0.00083,74.125.68.0-255,2902,35395,13,387331
6290,0.000834,172.31.36.0-255,66,35461,13,387331
6291,0.000839,74.125.68.0-255,1484,36945,13,387331
6292,0.000854,74.125.68.0-255,1484,38429,13,387331
6293,0.000857,172.31.36.0-255,66,38495,13,387331
6294,0.000863,74.125.68.0-255,4320,42815,13,387331
6295,0.000865,172.31.36.0-255,66,42881,13,387331
6296,0.000914,74.125.68.0-255,8574,51455,13,387331
6297,0.000917,172.31.36.0-255,66,51521,13,387331
6298,0.000923,74.125.68.0-255,4320,55841,13,387331
6299,0.000925,172.31.36.0-255,66,55907,13,387331
6300,0.000932,74.125.68.0-255,5738,61645,13,387331
6301,0.000934,172.31.36.0-255,66,61711,13,387331
6302,0.000969,74.125.68.0-255,3602,65313,13,387331
6303,0.000972,172.31.36.0-255,66,65379,13,387331
6304,0.001138,74.125.68.0-255,395,65774,13,387331
6305,0.001179,74.125.68.0-255,115,65889,13,387331
6306,0.001471,74.125.68.0-255,1484,67373,13,387331
6307,0.001477,172.31.36.0-255,66,67439,13,387331
6308,0.001485,74.125.68.0-255,2902,70341,13,387331
6309,0.001488,172.31.36.0-255,66,70407,13,387331
6310,0.001503,74.125.68.0-255,1484,71891,13,387331
6311,0.001517,74.125.68.0-255,4320,76211,13,387331
6312,0.001519,172.31.36.0-255,66,76277,13,387331
6313,0.001541,74.125.68.0-255,7156,83433,13,387331
6314,0.001543,172.31.36.0-255,66,83499,13,387331
6315,0.001569,74.125.68.0-255,1484,84983,13,387331
6316,0.001578,74.125.68.0-255,9992,94975,13,387331
6317,0.001581,172.31.36.0-255,66,95041,13,387331
6318,0.001587,74.125.68.0-255,5020,100061,13,387331
6319,0.001589,172.31.36.0-255,66,100127,13,387331
6320,0.001978,74.125.68.0-255,1484,101611,13,387331
6321,0.001995,74.125.68.0-255,2902,104513,13,387331
6322,0.001998,172.31.36.0-255,66,104579,13,387331
6323,0.002011,74.125.68.0-255,1484,106063,13,387331
6324,0.002047,74.125.68.0-255,4320,110383,13,387331
6325,0.00205,172.31.36.0-255,66,110449,13,387331
6326,0.002062,74.125.68.0-255,1484,111933,13,387331
6327,0.002065,74.125.68.0-255,1484,113417,13,387331
6328,0.002068,172.31.36.0-255,66,113483,13,387331
6329,0.002089,74.125.68.0-255,2902,116385,13,387331
6330,0.002092,172.31.36.0-255,66,116451,13,387331
6331,0.002096,74.125.68.0-255,2902,119353,13,387331
6332,0.002098,172.31.36.0-255,66,119419,13,387331
6333,0.002111,74.125.68.0-255,2902,122321,13,387331
6334,0.002114,172.31.36.0-255,66,122387,13,387331
6335,0.002119,74.125.68.0-255,4320,126707,13,387331
6336,0.002122,172.31.36.0-255,66,126773,13,387331
6337,0.002143,74.125.68.0-255,1484,128257,13,387331
6338,0.002147,74.125.68.0-255,2902,131159,13,387331
6339,0.00215,172.31.36.0-255,66,131225,13,387331
6340,0.00217,74.125.68.0-255,3602,134827,13,387331
6341,0.002172,172.31.36.0-255,66,134893,13,387331
6342,0.002673,74.125.68.0-255,1484,136377,13,387331
6343,0.002691,74.125.68.0-255,2902,139279,13,387331
6344,0.002694,172.31.36.0-255,66,139345,13,387331
6345,0.002731,74.125.68.0-255,5738,145083,13,387331
6346,0.002734,172.31.36.0-255,66,145149,13,387331
6347,0.002739,74.125.68.0-255,2902,148051,13,387331
6348,0.002742,172.31.36.0-255,66,148117,13,387331
6349,0.002774,74.125.68.0-255,5738,153855,13,387331
6350,0.002777,172.31.36.0-255,66,153921,13,387331
6351,0.002785,74.125.68.0-255,9992,163913,13,387331
6352,0.002788,172.31.36.0-255,66,163979,13,387331
6353,0.002794,74.125.68.0-255,5020,168999,13,387331
6354,0.002797,172.31.36.0-255,66,169065,13,387331
6355,0.002976,74.125.68.0-255,1484,170549,13,387331
6356,0.002995,74.125.68.0-255,2902,173451,13,387331
6357,0.002998,172.31.36.0-255,66,173517,13,387331
6358,0.003019,74.125.68.0-255,5738,179255,13,387331
6359,0.003021,172.31.36.0-255,66,179321,13,387331
6360,0.003025,74.125.68.0-255,1484,180805,13,387331
6361,0.003041,74.125.68.0-255,2902,183707,13,387331
6362,0.003044,172.31.36.0-255,66,183773,13,387331
6363,0.003061,74.125.68.0-255,1484,185257,13,387331
6364,0.00308,74.125.68.0-255,4320,189577,13,387331
6365,0.003083,172.31.36.0-255,66,189643,13,387331
6366,0.003089,74.125.68.0-255,5738,195381,13,387331
6367,0.003092,172.31.36.0-255,66,195447,13,387331
6368,0.003095,74.125.68.0-255,1484,196931,13,387331
6369,0.003126,74.125.68.0-255,5738,202669,13,387331
6370,0.003129,172.31.36.0-255,66,202735,13,387331
6371,0.003132,74.125.68.0-255,766,203501,13,387331
6372,0.003135,74.125.68.0-255,1484,204985,13,387331
6373,0.003137,172.31.36.0-255,66,205051,13,387331
6374,0.003157,74.125.68.0-255,1484,206535,13,387331
6375,0.003177,74.125.68.0-255,4320,210855,13,387331
6376,0.00318,172.31.36.0-255,66,210921,13,387331
6377,0.003183,74.125.68.0-255,1484,212405,13,387331
6378,0.003187,74.125.68.0-255,2902,215307,13,387331
6379,0.00319,172.31.36.0-255,66,215373,13,387331
6380,0.003217,74.125.68.0-255,5738,221111,13,387331
6381,0.00322,172.31.36.0-255,66,221177,13,387331
6382,0.003223,74.125.68.0-255,1484,222661,13,387331
6383,0.00324,74.125.68.0-255,2902,225563,13,387331
6384,0.003242,172.31.36.0-255,66,225629,13,387331
6385,0.003245,74.125.68.0-255,1484,227113,13,387331
6386,0.003304,74.125.68.0-255,4320,231433,13,387331
6387,0.003306,172.31.36.0-255,66,231499,13,387331
6388,0.003313,74.125.68.0-255,6438,237937,13,387331
6389,0.003316,172.31.36.0-255,66,238003,13,387331
6390,0.003403,74.125.68.0-255,1484,239487,13,387331
6391,0.003406,74.125.68.0-255,1484,240971,13,387331
6392,0.003409,172.31.36.0-255,66,241037,13,387331
6393,0.003425,74.125.68.0-255,1484,242521,13,387331
6394,0.003429,74.125.68.0-255,2902,245423,13,387331
6395,0.003432,172.31.36.0-255,66,245489,13,387331
6396,0.003454,74.125.68.0-255,2902,248391,13,387331
6397,0.003456,172.31.36.0-255,66,248457,13,387331
6398,0.003459,74.125.68.0-255,1484,249941,13,387331
6399,0.003467,74.125.68.0-255,2902,252843,13,387331
6400,0.00347,172.31.36.0-255,66,252909,13,387331
6401,0.003473,74.125.68.0-255,1484,254393,13,387331
6402,0.003491,74.125.68.0-255,4320,258713,13,387331
6403,0.003494,172.31.36.0-255,66,258779,13,387331
6404,0.0035,74.125.68.0-255,5738,264517,13,387331
6405,0.003502,172.31.36.0-255,66,264583,13,387331
6406,0.003518,74.125.68.0-255,2902,267485,13,387331
6407,0.003521,172.31.36.0-255,66,267551,13,387331
6408,0.00354,74.125.68.0-255,5020,272571,13,387331
6409,0.003542,172.31.36.0-255,66,272637,13,387331
6410,0.003673,74.125.68.0-255,1484,274121,13,387331
6411,0.003693,74.125.68.0-255,2902,277023,13,387331
6412,0.003698,172.31.36.0-255,66,277089,13,387331
6413,0.003703,74.125.68.0-255,4320,281409,13,387331
6414,0.003729,74.125.68.0-255,1484,282893,13,387331
6415,0.003755,74.125.68.0-255,7156,290049,13,387331
6416,0.00376,74.125.68.0-255,2902,292951,13,387331
6417,0.003777,74.125.68.0-255,7156,300107,13,387331
6418,0.003803,74.125.68.0-255,5738,305845,13,387331
6419,0.003806,74.125.68.0-255,766,306611,13,387331
6420,0.003809,74.125.68.0-255,1484,308095,13,387331
6421,0.003822,74.125.68.0-255,2902,310997,13,387331
6422,0.003833,74.125.68.0-255,1484,312481,13,387331
6423,0.003835,74.125.68.0-255,1484,313965,13,387331
6424,0.003838,74.125.68.0-255,1484,315449,13,387331
6425,0.00385,74.125.68.0-255,1484,316933,13,387331
6426,0.003868,74.125.68.0-255,2902,319835,13,387331
6427,0.003883,74.125.68.0-255,1484,321319,13,387331
6428,0.003889,74.125.68.0-255,4320,325639,13,387331
6429,0.003892,74.125.68.0-255,1484,327123,13,387331
6430,0.003902,74.125.68.0-255,1484,328607,13,387331
6431,0.003938,74.125.68.0-255,1484,330091,13,387331
6432,0.003958,74.125.68.0-255,8574,338665,13,387331
6433,0.003995,74.125.68.0-255,2184,340849,13,387331
6434,0.004155,172.31.36.0-255,66,340915,13,387331
6435,0.004224,74.125.68.0-255,1484,342399,13,387331
6436,0.004248,74.125.68.0-255,2902,345301,13,387331
6437,0.004253,74.125.68.0-255,2902,348203,13,387331
6438,0.004265,74.125.68.0-255,1484,349687,13,387331
6439,0.004286,74.125.68.0-255,7156,356843,13,387331
6440,0.004292,172.31.36.0-255,66,356909,13,387331
6441,0.004306,74.125.68.0-255,1484,358393,13,387331
6442,0.004313,74.125.68.0-255,4320,362713,13,387331
6443,0.004318,74.125.68.0-255,5738,368451,13,387331
6444,0.004336,74.125.68.0-255,1484,369935,13,387331
6445,0.00434,172.31.36.0-255,66,370001,13,387331
6446,0.004362,74.125.68.0-255,5020,375021,13,387331
6447,0.00437,172.31.36.0-255,66,375087,13,387331
6448,0.004572,74.125.68.0-255,1484,376571,13,387331
6449,0.004578,74.125.68.0-255,2902,379473,13,387331
6450,0.004588,172.31.36.0-255,66,379539,13,387331
6451,0.004605,74.125.68.0-255,5738,385277,13,387331
6452,0.004626,172.31.36.0-255,66,385343,13,387331
6453,0.004658,74.125.68.0-255,1646,386989,13,387331
6454,0.004662,74.125.68.0-255,105,387094,13,387331
6455,0.004681,172.31.36.0-255,66,387160,13,387331
6456,0.007099,172.31.36.0-255,105,387265,13,387331
6457,0.009378,74.125.68.0-255,66,387331,13,387331
6458,0.0,74.125.68.0-255,66,66,13,66
6459,0.0,74.125.24.0-255,153,153,13,301869
6460,3.1e-05,74.125.24.0-255,1484,1637,13,301869
6461,4.3e-05,172.31.36.0-255,66,1703,13,301869
6462,5e-05,74.125.24.0-255,2902,4605,13,301869
6463,5.2e-05,172.31.36.0-255,66,4671,13,301869
6464,6.1e-05,74.125.24.0-255,7156,11827,13,301869
6465,6.4e-05,172.31.36.0-255,66,11893,13,301869
6466,6.8e-05,74.125.24.0-255,2039,13932,13,301869
6467,7.1e-05,172.31.36.0-255,66,13998,13,301869
6468,0.00033,74.125.24.0-255,1484,15482,13,301869
6469,0.000347,74.125.24.0-255,2902,18384,13,301869
6470,0.000352,172.31.36.0-255,66,18450,13,301869
6471,0.000359,74.125.24.0-255,5738,24188,13,301869
6472,0.000361,172.31.36.0-255,66,24254,13,301869
6473,0.000381,74.125.24.0-255,2902,27156,13,301869
6474,0.000383,172.31.36.0-255,66,27222,13,301869
6475,0.00041,74.125.24.0-255,3961,31183,13,301869
6476,0.000413,172.31.36.0-255,66,31249,13,301869
6477,0.000421,74.125.24.0-255,7156,38405,13,301869
6478,0.000424,172.31.36.0-255,66,38471,13,301869
6479,0.000465,74.125.24.0-255,9633,48104,13,301869
6480,0.000469,172.31.36.0-255,66,48170,13,301869
6481,0.000495,74.125.24.0-255,1484,49654,13,301869
6482,0.0005,74.125.24.0-255,2902,52556,13,301869
6483,0.000503,172.31.36.0-255,66,52622,13,301869
6484,0.000523,74.125.24.0-255,4320,56942,13,301869
6485,0.000526,172.31.36.0-255,66,57008,13,301869
6486,0.000538,74.125.24.0-255,1484,58492,13,301869
6487,0.000602,74.125.24.0-255,7094,65586,13,301869
6488,0.000606,172.31.36.0-255,66,65652,13,301869
6489,0.000618,74.125.24.0-255,126,65778,13,301869
6490,0.000793,74.125.24.0-255,1484,67262,13,301869
6491,0.000798,172.31.36.0-255,66,67328,13,301869
6492,0.000804,74.125.24.0-255,2902,70230,13,301869
6493,0.000809,172.31.36.0-255,66,70296,13,301869
6494,0.000819,74.125.24.0-255,5738,76034,13,301869
6495,0.000822,172.31.36.0-255,66,76100,13,301869
6496,0.000852,74.125.24.0-255,5738,81838,13,301869
6497,0.000855,172.31.36.0-255,66,81904,13,301869
6498,0.00086,74.125.24.0-255,2902,84806,13,301869
6499,0.000864,172.31.36.0-255,66,84872,13,301869
6500,0.000887,172.31.36.0-255,66,84938,13,301869
6501,0.00092,74.125.24.0-255,1484,86422,13,301869
6502,0.000935,74.125.24.0-255,2543,88965,13,301869
6503,0.000938,172.31.36.0-255,66,89031,13,301869
6504,0.001354,74.125.24.0-255,1484,90515,13,301869
6505,0.001363,74.125.24.0-255,2902,93417,13,301869
6506,0.001367,172.31.36.0-255,66,93483,13,301869
6507,0.001375,74.125.24.0-255,5738,99221,13,301869
6508,0.001377,172.31.36.0-255,66,99287,13,301869
6509,0.001381,74.125.24.0-255,1484,100771,13,301869
6510,0.001408,74.125.24.0-255,5738,106509,13,301869
6511,0.001412,172.31.36.0-255,66,106575,13,301869
6512,0.00142,74.125.24.0-255,7156,113731,13,301869
6513,0.001422,172.31.36.0-255,66,113797,13,301869
6514,0.001452,74.125.24.0-255,7156,120953,13,301869
6515,0.001455,172.31.36.0-255,66,121019,13,301869
6516,0.001459,74.125.24.0-255,2184,123203,13,301869
6517,0.001461,172.31.36.0-255,66,123269,13,301869
6518,0.001823,74.125.24.0-255,1484,124753,13,301869
6519,0.001831,74.125.24.0-255,2902,127655,13,301869
6520,0.001835,172.31.36.0-255,66,127721,13,301869
6521,0.00184,74.125.24.0-255,1484,129205,13,301869
6522,0.001861,74.125.24.0-255,4320,133525,13,301869
6523,0.001864,172.31.36.0-255,66,133591,13,301869
6524,0.00187,74.125.24.0-255,4320,137911,13,301869
6525,0.001872,172.31.36.0-255,66,137977,13,301869
6526,0.001876,74.125.24.0-255,1484,139461,13,301869
6527,0.001902,74.125.24.0-255,7156,146617,13,301869
6528,0.001905,172.31.36.0-255,66,146683,13,301869
6529,0.001927,74.125.24.0-255,2902,149585,13,301869
6530,0.001929,172.31.36.0-255,66,149651,13,301869
6531,0.001938,74.125.24.0-255,7856,157507,13,301869
6532,0.00194,172.31.36.0-255,66,157573,13,301869
6533,0.001992,172.31.36.0-255,66,157639,13,301869
6534,0.001999,74.125.24.0-255,5738,163377,13,301869
6535,0.002,172.31.36.0-255,66,163443,13,301869
6536,0.002018,74.125.24.0-255,6438,169881,13,301869
6537,0.00202,172.31.36.0-255,66,169947,13,301869
6538,0.002044,74.125.24.0-255,7156,177103,13,301869
6539,0.002046,172.31.36.0-255,66,177169,13,301869
6540,0.002061,74.125.24.0-255,4320,181489,13,301869
6541,0.002063,172.31.36.0-255,66,181555,13,301869
6542,0.00209,172.31.36.0-255,66,181621,13,301869
6543,0.002112,74.125.24.0-255,8574,190195,13,301869
6544,0.002115,172.31.36.0-255,66,190261,13,301869
6545,0.002133,74.125.24.0-255,2184,192445,13,301869
6546,0.002135,172.31.36.0-255,66,192511,13,301869
6547,0.002309,74.125.24.0-255,1484,193995,13,301869
6548,0.002314,74.125.24.0-255,2902,196897,13,301869
6549,0.002316,172.31.36.0-255,66,196963,13,301869
6550,0.002334,74.125.24.0-255,4320,201283,13,301869
6551,0.002336,172.31.36.0-255,66,201349,13,301869
6552,0.002364,74.125.24.0-255,1484,202833,13,301869
6553,0.002382,172.31.36.0-255,66,202899,13,301869
6554,0.002389,74.125.24.0-255,8574,211473,13,301869
6555,0.002391,172.31.36.0-255,66,211539,13,301869
6556,0.002432,74.125.24.0-255,2902,214441,13,301869
6557,0.002435,172.31.36.0-255,66,214507,13,301869
6558,0.002467,74.125.24.0-255,2184,216691,13,301869
6559,0.002469,172.31.36.0-255,66,216757,13,301869
6560,0.002478,74.125.24.0-255,9992,226749,13,301869
6561,0.00248,172.31.36.0-255,66,226815,13,301869
6562,0.002492,172.31.36.0-255,66,226881,13,301869
6563,0.002496,74.125.24.0-255,4320,231201,13,301869
6564,0.002498,172.31.36.0-255,66,231267,13,301869
6565,0.002504,74.125.24.0-255,5020,236287,13,301869
6566,0.002506,172.31.36.0-255,66,236353,13,301869
6567,0.002875,74.125.24.0-255,1484,237837,13,301869
6568,0.002886,74.125.24.0-255,2902,240739,13,301869
6569,0.002889,172.31.36.0-255,66,240805,13,301869
6570,0.002927,74.125.24.0-255,5738,246543,13,301869
6571,0.002929,172.31.36.0-255,66,246609,13,301869
6572,0.002934,74.125.24.0-255,4320,250929,13,301869
6573,0.002936,172.31.36.0-255,66,250995,13,301869
6574,0.002958,74.125.24.0-255,8574,259569,13,301869
6575,0.002961,172.31.36.0-255,66,259635,13,301869
6576,0.002965,74.125.24.0-255,4320,263955,13,301869
6577,0.002967,172.31.36.0-255,66,264021,13,301869
6578,0.002991,74.125.24.0-255,6438,270459,13,301869
6579,0.002993,172.31.36.0-255,66,270525,13,301869
6580,0.003018,74.125.24.0-255,1484,272009,13,301869
6581,0.003032,74.125.24.0-255,1484,273493,13,301869
6582,0.003034,172.31.36.0-255,66,273559,13,301869
6583,0.003051,74.125.24.0-255,1484,275043,13,301869
6584,0.003056,74.125.24.0-255,5738,280781,13,301869
6585,0.003059,172.31.36.0-255,66,280847,13,301869
6586,0.003091,172.31.36.0-255,66,280913,13,301869
6587,0.003096,74.125.24.0-255,4320,285233,13,301869
6588,0.003099,172.31.36.0-255,66,285299,13,301869
6589,0.003112,74.125.24.0-255,4320,289619,13,301869
6590,0.003114,172.31.36.0-255,66,289685,13,301869
6591,0.003134,74.125.24.0-255,1484,291169,13,301869
6592,0.003155,74.125.24.0-255,10358,301527,13,301869
6593,0.003157,172.31.36.0-255,66,301593,13,301869
6594,0.00316,74.125.24.0-255,105,301698,13,301869
6595,0.006871,172.31.36.0-255,105,301803,13,301869
6596,0.008849,74.125.24.0-255,66,301869,13,301869
6597,0.0,74.125.24.0-255,154,154,13,256640
6598,2e-05,172.31.36.0-255,66,220,13,256640
6599,4.6e-05,74.125.24.0-255,1484,1704,13,256640
6600,5.2e-05,172.31.36.0-255,66,1770,13,256640
6601,5.7e-05,74.125.24.0-255,2902,4672,13,256640
6602,6e-05,172.31.36.0-255,66,4738,13,256640
6603,9.6e-05,74.125.24.0-255,2902,7640,13,256640
6604,0.0001,172.31.36.0-255,66,7706,13,256640
6605,0.000132,74.125.24.0-255,7742,15448,13,256640
6606,0.000136,172.31.36.0-255,66,15514,13,256640
6607,0.000143,74.125.24.0-255,5738,21252,13,256640
6608,0.000146,172.31.36.0-255,66,21318,13,256640
6609,0.000159,74.125.24.0-255,7156,28474,13,256640
6610,0.000161,172.31.36.0-255,66,28540,13,256640
6611,0.000202,172.31.36.0-255,66,28606,13,256640
6612,0.000205,74.125.24.0-255,1484,30090,13,256640
6613,0.000207,172.31.36.0-255,66,30156,13,256640
6614,0.000262,74.125.24.0-255,3602,33758,13,256640
6615,0.000266,172.31.36.0-255,66,33824,13,256640
6616,0.0003,74.125.24.0-255,1484,35308,13,256640
6617,0.000304,172.31.36.0-255,66,35374,13,256640
6618,0.000309,74.125.24.0-255,2902,38276,13,256640
6619,0.000311,172.31.36.0-255,66,38342,13,256640
6620,0.000315,74.125.24.0-255,2902,41244,13,256640
6621,0.000318,172.31.36.0-255,66,41310,13,256640
6622,0.000339,74.125.24.0-255,2902,44212,13,256640
6623,0.000347,172.31.36.0-255,66,44278,13,256640
6624,0.000354,74.125.24.0-255,6797,51075,13,256640
6625,0.000356,172.31.36.0-255,66,51141,13,256640
6626,0.000743,74.125.24.0-255,399,51540,13,256640
6627,0.000751,172.31.36.0-255,66,51606,13,256640
6628,0.000785,74.125.24.0-255,1484,53090,13,256640
6629,0.000792,74.125.24.0-255,4320,57410,13,256640
6630,0.000795,172.31.36.0-255,66,57476,13,256640
6631,0.000799,74.125.24.0-255,1484,58960,13,256640
6632,0.00083,74.125.24.0-255,5738,64698,13,256640
6633,0.000834,172.31.36.0-255,66,64764,13,256640
6634,0.000847,172.31.36.0-255,66,64830,13,256640
6635,0.00087,74.125.24.0-255,2902,67732,13,256640
6636,0.000878,172.31.36.0-255,66,67798,13,256640
6637,0.000885,74.125.24.0-255,5020,72818,13,256640
6638,0.000888,172.31.36.0-255,66,72884,13,256640
6639,0.000995,74.125.24.0-255,1484,74368,13,256640
6640,0.001001,74.125.24.0-255,2902,77270,13,256640
6641,0.001004,172.31.36.0-255,66,77336,13,256640
6642,0.00101,74.125.24.0-255,5738,83074,13,256640
6643,0.001012,172.31.36.0-255,66,83140,13,256640
6644,0.001039,74.125.24.0-255,5738,88878,13,256640
6645,0.001041,172.31.36.0-255,66,88944,13,256640
6646,0.001066,74.125.24.0-255,7156,96100,13,256640
6647,0.001069,172.31.36.0-255,66,96166,13,256640
6648,0.001075,74.125.24.0-255,5738,101904,13,256640
6649,0.001082,172.31.36.0-255,66,101970,13,256640
6650,0.001112,74.125.24.0-255,2902,104872,13,256640
6651,0.001114,172.31.36.0-255,66,104938,13,256640
6652,0.001123,74.125.24.0-255,2184,107122,13,256640
6653,0.001126,172.31.36.0-255,66,107188,13,256640
6654,0.001249,74.125.24.0-255,1484,108672,13,256640
6655,0.001255,74.125.24.0-255,2902,111574,13,256640
6656,0.00126,172.31.36.0-255,66,111640,13,256640
6657,0.001265,74.125.24.0-255,4320,115960,13,256640
6658,0.001269,172.31.36.0-255,66,116026,13,256640
6659,0.001299,74.125.24.0-255,1484,117510,13,256640
6660,0.001316,172.31.36.0-255,66,117576,13,256640
6661,0.001325,74.125.24.0-255,10692,128268,13,256640
6662,0.001327,172.31.36.0-255,66,128334,13,256640
6663,0.001465,74.125.24.0-255,1484,129818,13,256640
6664,0.001484,74.125.24.0-255,2902,132720,13,256640
6665,0.001487,172.31.36.0-255,66,132786,13,256640
6666,0.001493,74.125.24.0-255,5738,138524,13,256640
6667,0.001495,172.31.36.0-255,66,138590,13,256640
6668,0.001538,172.31.36.0-255,66,138656,13,256640
6669,0.00157,74.125.24.0-255,10692,149348,13,256640
6670,0.001573,172.31.36.0-255,66,149414,13,256640
6671,0.001775,74.125.24.0-255,1484,150898,13,256640
6672,0.001779,74.125.24.0-255,1484,152382,13,256640
6673,0.001782,172.31.36.0-255,66,152448,13,256640
6674,0.001806,74.125.24.0-255,1484,153932,13,256640
6675,0.001811,74.125.24.0-255,5738,159670,13,256640
6676,0.001815,172.31.36.0-255,66,159736,13,256640
6677,0.001847,74.125.24.0-255,7156,166892,13,256640
6678,0.00185,172.31.36.0-255,66,166958,13,256640
6679,0.001858,74.125.24.0-255,8574,175532,13,256640
6680,0.001859,172.31.36.0-255,66,175598,13,256640
6681,0.001904,74.125.24.0-255,5738,181336,13,256640
6682,0.001907,172.31.36.0-255,66,181402,13,256640
6683,0.001936,74.125.24.0-255,5020,186422,13,256640
6684,0.001939,172.31.36.0-255,66,186488,13,256640
6685,0.00195,172.31.36.0-255,66,186554,13,256640
6686,0.001977,172.31.36.0-255,66,186620,13,256640
6687,0.001989,172.31.36.0-255,66,186686,13,256640
6688,0.001993,74.125.24.0-255,2902,189588,13,256640
6689,0.001996,172.31.36.0-255,66,189654,13,256640
6690,0.002034,74.125.24.0-255,9992,199646,13,256640
6691,0.002037,172.31.36.0-255,66,199712,13,256640
6692,0.002044,74.125.24.0-255,7156,206868,13,256640
6693,0.002047,172.31.36.0-255,66,206934,13,256640
6694,0.002074,74.125.24.0-255,2902,209836,13,256640
6695,0.00208,172.31.36.0-255,66,209902,13,256640
6696,0.002107,74.125.24.0-255,10692,220594,13,256640
6697,0.00211,172.31.36.0-255,66,220660,13,256640
6698,0.002113,74.125.24.0-255,1484,222144,13,256640
6699,0.002148,172.31.36.0-255,66,222210,13,256640
6700,0.002155,74.125.24.0-255,7856,230066,13,256640
6701,0.002158,172.31.36.0-255,66,230132,13,256640
6702,0.002187,74.125.24.0-255,7156,237288,13,256640
6703,0.00219,172.31.36.0-255,66,237354,13,256640
6704,0.002228,172.31.36.0-255,66,237420,13,256640
6705,0.002235,74.125.24.0-255,8574,245994,13,256640
6706,0.002238,172.31.36.0-255,66,246060,13,256640
6707,0.002263,74.125.24.0-255,10172,256232,13,256640
6708,0.002267,172.31.36.0-255,66,256298,13,256640
6709,0.002302,74.125.24.0-255,105,256403,13,256640
6710,0.004354,172.31.36.0-255,66,256469,13,256640
6711,0.004388,172.31.36.0-255,105,256574,13,256640
6712,0.007022,74.125.24.0-255,66,256640,13,256640
6713,0.0,74.125.200.0-255,153,153,13,318833
6714,3.7e-05,172.31.36.0-255,66,219,13,318833
6715,4.5e-05,74.125.200.0-255,1484,1703,13,318833
6716,4.9e-05,172.31.36.0-255,66,1769,13,318833
6717,5.5e-05,74.125.200.0-255,2902,4671,13,318833
6718,5.7e-05,172.31.36.0-255,66,4737,13,318833
6719,6.5e-05,74.125.200.0-255,7156,11893,13,318833
6720,6.7e-05,172.31.36.0-255,66,11959,13,318833
6721,0.000109,74.125.200.0-255,2048,14007,13,318833
6722,0.000112,172.31.36.0-255,66,14073,13,318833
6723,0.000117,74.125.200.0-255,2902,16975,13,318833
6724,0.000119,172.31.36.0-255,66,17041,13,318833
6725,0.000143,74.125.200.0-255,2902,19943,13,318833
6726,0.000146,172.31.36.0-255,66,20009,13,318833
6727,0.000157,74.125.200.0-255,4320,24329,13,318833
6728,0.000159,172.31.36.0-255,66,24395,13,318833
6729,0.000163,74.125.200.0-255,1484,25879,13,318833
6730,0.000165,172.31.36.0-255,66,25945,13,318833
6731,0.000193,74.125.200.0-255,4320,30265,13,318833
6732,0.000195,172.31.36.0-255,66,30331,13,318833
6733,0.000198,74.125.200.0-255,1125,31456,13,318833
6734,0.0002,172.31.36.0-255,66,31522,13,318833
6735,0.000278,74.125.200.0-255,1484,33006,13,318833
6736,0.000282,172.31.36.0-255,66,33072,13,318833
6737,0.000302,74.125.200.0-255,2902,35974,13,318833
6738,0.000304,172.31.36.0-255,66,36040,13,318833
6739,0.000312,74.125.200.0-255,5738,41778,13,318833
6740,0.000315,172.31.36.0-255,66,41844,13,318833
6741,0.000318,74.125.200.0-255,1484,43328,13,318833
6742,0.000323,172.31.36.0-255,66,43394,13,318833
6743,0.000338,74.125.200.0-255,5379,48773,13,318833
6744,0.000342,172.31.36.0-255,66,48839,13,318833
6745,0.000359,74.125.200.0-255,1484,50323,13,318833
6746,0.000383,74.125.200.0-255,5738,56061,13,318833
6747,0.000387,172.31.36.0-255,66,56127,13,318833
6748,0.00041,74.125.200.0-255,8574,64701,13,318833
6749,0.000413,172.31.36.0-255,66,64767,13,318833
6750,0.000417,74.125.200.0-255,1398,66165,13,318833
6751,0.000435,74.125.200.0-255,131,66296,13,318833
6752,0.000462,74.125.200.0-255,347,66643,13,318833
6753,0.000465,172.31.36.0-255,66,66709,13,318833
6754,0.000763,74.125.200.0-255,1484,68193,13,318833
6755,0.000768,74.125.200.0-255,1484,69677,13,318833
6756,0.000771,172.31.36.0-255,66,69743,13,318833
6757,0.000787,74.125.200.0-255,1484,71227,13,318833
6758,0.000794,74.125.200.0-255,5738,76965,13,318833
6759,0.000797,172.31.36.0-255,66,77031,13,318833
6760,0.00082,74.125.200.0-255,4320,81351,13,318833
6761,0.000823,172.31.36.0-255,66,81417,13,318833
6762,0.000838,74.125.200.0-255,4320,85737,13,318833
6763,0.00084,172.31.36.0-255,66,85803,13,318833
6764,0.000849,74.125.200.0-255,9992,95795,13,318833
6765,0.000852,172.31.36.0-255,66,95861,13,318833
6766,0.000869,74.125.200.0-255,5020,100881,13,318833
6767,0.000872,172.31.36.0-255,66,100947,13,318833
6768,0.000984,74.125.200.0-255,1484,102431,13,318833
6769,0.001006,74.125.200.0-255,2902,105333,13,318833
6770,0.001009,172.31.36.0-255,66,105399,13,318833
6771,0.001015,74.125.200.0-255,4320,109719,13,318833
6772,0.001018,172.31.36.0-255,66,109785,13,318833
6773,0.00104,74.125.200.0-255,1484,111269,13,318833
6774,0.001072,74.125.200.0-255,5738,117007,13,318833
6775,0.001076,172.31.36.0-255,66,117073,13,318833
6776,0.001091,74.125.200.0-255,1484,118557,13,318833
6777,0.001101,74.125.200.0-255,8574,127131,13,318833
6778,0.001104,172.31.36.0-255,66,127197,13,318833
6779,0.00112,74.125.200.0-255,2902,130099,13,318833
6780,0.001123,172.31.36.0-255,66,130165,13,318833
6781,0.001145,74.125.200.0-255,5020,135185,13,318833
6782,0.001148,172.31.36.0-255,66,135251,13,318833
6783,0.001209,74.125.200.0-255,1484,136735,13,318833
6784,0.001226,74.125.200.0-255,2902,139637,13,318833
6785,0.001229,172.31.36.0-255,66,139703,13,318833
6786,0.001232,74.125.200.0-255,1484,141187,13,318833
6787,0.00125,74.125.200.0-255,4320,145507,13,318833
6788,0.001253,172.31.36.0-255,66,145573,13,318833
6789,0.001277,74.125.200.0-255,4320,149893,13,318833
6790,0.00128,172.31.36.0-255,66,149959,13,318833
6791,0.001304,74.125.200.0-255,7156,157115,13,318833
6792,0.001307,172.31.36.0-255,66,157181,13,318833
6793,0.001322,74.125.200.0-255,5738,162919,13,318833
6794,0.001325,172.31.36.0-255,66,162985,13,318833
6795,0.001355,74.125.200.0-255,6438,169423,13,318833
6796,0.001358,172.31.36.0-255,66,169489,13,318833
6797,0.002103,74.125.200.0-255,1484,170973,13,318833
6798,0.002113,74.125.200.0-255,2902,173875,13,318833
6799,0.002118,172.31.36.0-255,66,173941,13,318833
6800,0.002124,74.125.200.0-255,2902,176843,13,318833
6801,0.002126,172.31.36.0-255,66,176909,13,318833
6802,0.002143,74.125.200.0-255,2902,179811,13,318833
6803,0.002145,172.31.36.0-255,66,179877,13,318833
6804,0.002152,74.125.200.0-255,5738,185615,13,318833
6805,0.002154,172.31.36.0-255,66,185681,13,318833
6806,0.00216,74.125.200.0-255,4320,190001,13,318833
6807,0.002162,172.31.36.0-255,66,190067,13,318833
6808,0.002183,74.125.200.0-255,2902,192969,13,318833
6809,0.002185,172.31.36.0-255,66,193035,13,318833
6810,0.002203,74.125.200.0-255,7156,200191,13,318833
6811,0.002206,172.31.36.0-255,66,200257,13,318833
6812,0.002221,74.125.200.0-255,3602,203859,13,318833
6813,0.002225,172.31.36.0-255,66,203925,13,318833
6814,0.002278,74.125.200.0-255,1484,205409,13,318833
6815,0.002281,74.125.200.0-255,1484,206893,13,318833
6816,0.002283,172.31.36.0-255,66,206959,13,318833
6817,0.0023,74.125.200.0-255,2902,209861,13,318833
6818,0.002303,172.31.36.0-255,66,209927,13,318833
6819,0.002317,74.125.200.0-255,4320,214247,13,318833
6820,0.002319,172.31.36.0-255,66,214313,13,318833
6821,0.002335,74.125.200.0-255,1484,215797,13,318833
6822,0.002368,172.31.36.0-255,66,215863,13,318833
6823,0.002394,74.125.200.0-255,4320,220183,13,318833
6824,0.002396,172.31.36.0-255,66,220249,13,318833
6825,0.002419,74.125.200.0-255,7856,228105,13,318833
6826,0.002421,172.31.36.0-255,66,228171,13,318833
6827,0.002428,74.125.200.0-255,7156,235327,13,318833
6828,0.00243,172.31.36.0-255,66,235393,13,318833
6829,0.002459,74.125.200.0-255,1484,236877,13,318833
6830,0.002496,172.31.36.0-255,66,236943,13,318833
6831,0.002516,74.125.200.0-255,7156,244099,13,318833
6832,0.002519,172.31.36.0-255,66,244165,13,318833
6833,0.002534,74.125.200.0-255,7856,252021,13,318833
6834,0.002536,172.31.36.0-255,66,252087,13,318833
6835,0.002561,74.125.200.0-255,9992,262079,13,318833
6836,0.002564,172.31.36.0-255,66,262145,13,318833
6837,0.005068,74.125.200.0-255,4320,266465,13,318833
6838,0.005072,172.31.36.0-255,66,266531,13,318833
6839,0.005086,74.125.200.0-255,1484,268015,13,318833
6840,0.007624,74.125.200.0-255,4320,272335,13,318833
6841,0.007635,172.31.36.0-255,66,272401,13,318833
6842,0.01016,74.125.200.0-255,5738,278139,13,318833
6843,0.010172,172.31.36.0-255,66,278205,13,318833
6844,0.012725,74.125.200.0-255,5738,283943,13,318833
6845,0.012741,172.31.36.0-255,66,284009,13,318833
6846,0.015281,74.125.200.0-255,5738,289747,13,318833
6847,0.015294,172.31.36.0-255,66,289813,13,318833
6848,0.017821,74.125.200.0-255,5738,295551,13,318833
6849,0.017835,172.31.36.0-255,66,295617,13,318833
6850,0.020356,74.125.200.0-255,5738,301355,13,318833
6851,0.020371,172.31.36.0-255,66,301421,13,318833
6852,0.022901,74.125.200.0-255,5738,307159,13,318833
6853,0.022921,172.31.36.0-255,66,307225,13,318833
6854,0.025437,74.125.200.0-255,5738,312963,13,318833
6855,0.025451,172.31.36.0-255,66,313029,13,318833
6856,0.02796,74.125.200.0-255,5738,318767,13,318833
6857,0.027968,172.31.36.0-255,66,318833,13,318833
6858,0.0,172.217.194.0-255,298,298,13,310034
6859,2.9e-05,172.217.194.0-255,1484,1782,13,310034
6860,3.7e-05,172.217.194.0-255,4320,6102,13,310034
6861,5.1e-05,172.217.194.0-255,4320,10422,13,310034
6862,6.7e-05,172.217.194.0-255,4672,15094,13,310034
6863,7.9e-05,172.217.194.0-255,4320,19414,13,310034
6864,9.9e-05,172.217.194.0-255,7156,26570,13,310034
6865,9.9e-05,172.31.36.0-255,66,26636,13,310034
6866,0.000107,172.31.36.0-255,66,26702,13,310034
6867,0.000138,172.217.194.0-255,3961,30663,13,310034
6868,0.000178,172.217.194.0-255,4320,34983,13,310034
6869,0.000187,172.217.194.0-255,1484,36467,13,310034
6870,0.000206,172.217.194.0-255,4320,40787,13,310034
6871,0.000209,172.217.194.0-255,1484,42271,13,310034
6872,0.000244,172.217.194.0-255,9992,52263,13,310034
6873,0.000274,172.217.194.0-255,1424,53687,13,310034
6874,0.000309,172.217.194.0-255,377,54064,13,310034
6875,0.000313,172.31.36.0-255,66,54130,13,310034
6876,0.000397,172.217.194.0-255,1484,55614,13,310034
6877,0.000403,172.217.194.0-255,2902,58516,13,310034
6878,0.000404,172.31.36.0-255,66,58582,13,310034
6879,0.00041,172.31.36.0-255,66,58648,13,310034
6880,0.000426,172.217.194.0-255,5738,64386,13,310034
6881,0.000436,172.31.36.0-255,66,64452,13,310034
6882,0.000476,172.217.194.0-255,6797,71249,13,310034
6883,0.000484,172.217.194.0-255,7156,78405,13,310034
6884,0.000489,172.31.36.0-255,66,78471,13,310034
6885,0.000514,172.217.194.0-255,1484,79955,13,310034
6886,0.000533,172.217.194.0-255,8215,88170,13,310034
6887,0.000537,172.31.36.0-255,66,88236,13,310034
6888,0.000774,172.217.194.0-255,1484,89720,13,310034
6889,0.000779,172.217.194.0-255,2902,92622,13,310034
6890,0.000783,172.31.36.0-255,66,92688,13,310034
6891,0.000795,172.217.194.0-255,2902,95590,13,310034
6892,0.000806,172.31.36.0-255,66,95656,13,310034
6893,0.000811,172.217.194.0-255,2902,98558,13,310034
6894,0.000814,172.217.194.0-255,1484,100042,13,310034
6895,0.000819,172.31.36.0-255,66,100108,13,310034
6896,0.000854,172.217.194.0-255,9992,110100,13,310034
6897,0.000857,172.31.36.0-255,66,110166,13,310034
6898,0.000883,172.31.36.0-255,66,110232,13,310034
6899,0.001684,172.217.194.0-255,1484,111716,13,310034
6900,0.001695,172.217.194.0-255,2902,114618,13,310034
6901,0.001699,172.31.36.0-255,66,114684,13,310034
6902,0.001705,172.217.194.0-255,2902,117586,13,310034
6903,0.001733,172.217.194.0-255,2902,120488,13,310034
6904,0.001769,172.217.194.0-255,2902,123390,13,310034
6905,0.001794,172.217.194.0-255,7856,131246,13,310034
6906,0.002019,172.217.194.0-255,1484,132730,13,310034
6907,0.002026,172.217.194.0-255,2902,135632,13,310034
6908,0.002038,172.217.194.0-255,1484,137116,13,310034
6909,0.002052,172.217.194.0-255,4320,141436,13,310034
6910,0.002066,172.217.194.0-255,1484,142920,13,310034
6911,0.002081,172.217.194.0-255,5738,148658,13,310034
6912,0.002096,172.217.194.0-255,4320,152978,13,310034
6913,0.002112,172.217.194.0-255,1484,154462,13,310034
6914,0.002132,172.217.194.0-255,1484,155946,13,310034
6915,0.002153,172.217.194.0-255,9274,165220,13,310034
6916,0.00221,172.217.194.0-255,1484,166704,13,310034
6917,0.002214,172.217.194.0-255,1484,168188,13,310034
6918,0.002229,172.217.194.0-255,1484,169672,13,310034
6919,0.002235,172.217.194.0-255,5738,175410,13,310034
6920,0.002246,172.217.194.0-255,1484,176894,13,310034
6921,0.002257,172.217.194.0-255,2902,179796,13,310034
6922,0.002277,172.217.194.0-255,8574,188370,13,310034
6923,0.002286,172.217.194.0-255,10692,199062,13,310034
6924,0.002324,172.217.194.0-255,1484,200546,13,310034
6925,0.002343,172.217.194.0-255,2902,203448,13,310034
6926,0.002366,172.217.194.0-255,5738,209186,13,310034
6927,0.002371,172.217.194.0-255,4320,213506,13,310034
6928,0.002388,172.217.194.0-255,5738,219244,13,310034
6929,0.002431,172.217.194.0-255,2902,222146,13,310034
6930,0.002448,172.217.194.0-255,10692,232838,13,310034
6931,0.002484,172.217.194.0-255,4320,237158,13,310034
6932,0.002512,172.217.194.0-255,8574,245732,13,310034
6933,0.002533,172.217.194.0-255,2902,248634,13,310034
6934,0.002565,172.217.194.0-255,6438,255072,13,310034
6935,0.002727,172.217.194.0-255,1484,256556,13,310034
6936,0.002739,172.217.194.0-255,2902,259458,13,310034
6937,0.002778,172.217.194.0-255,5738,265196,13,310034
6938,0.002835,172.217.194.0-255,7156,272352,13,310034
6939,0.002864,172.217.194.0-255,3602,275954,13,310034
6940,0.002873,172.217.194.0-255,8574,284528,13,310034
6941,0.002875,172.217.194.0-255,1484,286012,13,310034
6942,0.002883,172.217.194.0-255,8574,294586,13,310034
6943,0.002889,172.217.194.0-255,5738,300324,13,310034
6944,0.002918,172.217.194.0-255,5020,305344,13,310034
6945,0.002939,172.217.194.0-255,4348,309692,13,310034
6946,0.002956,172.217.194.0-255,105,309797,13,310034
6947,0.00336,172.31.36.0-255,66,309863,13,310034
6948,0.005272,172.31.36.0-255,105,309968,13,310034
6949,0.007571,172.217.194.0-255,66,310034,13,310034
6950,0.0,172.217.194.0-255,297,297,13,280870
6951,3.1e-05,172.31.36.0-255,66,363,13,280870
6952,3.9e-05,172.217.194.0-255,1484,1847,13,280870
6953,4.3e-05,172.31.36.0-255,66,1913,13,280870
6954,4.7e-05,172.217.194.0-255,1484,3397,13,280870
6955,4.9e-05,172.31.36.0-255,66,3463,13,280870
6956,6.3e-05,172.217.194.0-255,1484,4947,13,280870
6957,6.5e-05,172.31.36.0-255,66,5013,13,280870
6958,8.4e-05,172.217.194.0-255,4320,9333,13,280870
6959,8.6e-05,172.31.36.0-255,66,9399,13,280870
6960,0.000129,172.217.194.0-255,4320,13719,13,280870
6961,0.000133,172.31.36.0-255,66,13785,13,280870
6962,0.000159,172.217.194.0-255,3230,17015,13,280870
6963,0.000161,172.31.36.0-255,66,17081,13,280870
6964,0.00017,172.217.194.0-255,8574,25655,13,280870
6965,0.000173,172.31.36.0-255,66,25721,13,280870
6966,0.000193,172.217.194.0-255,5379,31100,13,280870
6967,0.000197,172.31.36.0-255,66,31166,13,280870
6968,0.000609,172.217.194.0-255,1484,32650,13,280870
6969,0.000614,172.31.36.0-255,66,32716,13,280870
6970,0.000623,172.217.194.0-255,2902,35618,13,280870
6971,0.000625,172.31.36.0-255,66,35684,13,280870
6972,0.000632,172.217.194.0-255,5738,41422,13,280870
6973,0.000635,172.31.36.0-255,66,41488,13,280870
6974,0.000667,172.217.194.0-255,8215,49703,13,280870
6975,0.00067,172.31.36.0-255,66,49769,13,280870
6976,0.000675,172.217.194.0-255,4320,54089,13,280870
6977,0.000677,172.31.36.0-255,66,54155,13,280870
6978,0.000697,172.217.194.0-255,4320,58475,13,280870
6979,0.0007,172.31.36.0-255,66,58541,13,280870
6980,0.000704,172.217.194.0-255,2902,61443,13,280870
6981,0.000708,172.31.36.0-255,66,61509,13,280870
6982,0.000729,172.217.194.0-255,4252,65761,13,280870
6983,0.000733,172.31.36.0-255,66,65827,13,280870
6984,0.000908,172.217.194.0-255,1484,67311,13,280870
6985,0.000928,172.217.194.0-255,2902,70213,13,280870
6986,0.000934,172.31.36.0-255,66,70279,13,280870
6987,0.000939,172.217.194.0-255,2902,73181,13,280870
6988,0.000942,172.31.36.0-255,66,73247,13,280870
6989,0.000964,172.217.194.0-255,2902,76149,13,280870
6990,0.000968,172.31.36.0-255,66,76215,13,280870
6991,0.000973,172.217.194.0-255,4320,80535,13,280870
6992,0.000976,172.31.36.0-255,66,80601,13,280870
6993,0.001012,172.217.194.0-255,2543,83144,13,280870
6994,0.001017,172.31.36.0-255,66,83210,13,280870
6995,0.001039,172.217.194.0-255,363,83573,13,280870
6996,0.001143,172.217.194.0-255,1484,85057,13,280870
6997,0.001148,172.31.36.0-255,66,85123,13,280870
6998,0.001168,172.217.194.0-255,2902,88025,13,280870
6999,0.001172,172.31.36.0-255,66,88091,13,280870
7000,0.001233,172.217.194.0-255,2902,90993,13,280870
7001,0.001238,172.31.36.0-255,66,91059,13,280870
7002,0.001245,172.217.194.0-255,4320,95379,13,280870
7003,0.001247,172.31.36.0-255,66,95445,13,280870
7004,0.001263,172.217.194.0-255,1484,96929,13,280870
7005,0.001299,172.217.194.0-255,4320,101249,13,280870
7006,0.001303,172.31.36.0-255,66,101315,13,280870
7007,0.001311,172.217.194.0-255,7156,108471,13,280870
7008,0.001313,172.31.36.0-255,66,108537,13,280870
7009,0.001318,172.217.194.0-255,2902,111439,13,280870
7010,0.001321,172.31.36.0-255,66,111505,13,280870
7011,0.001344,172.217.194.0-255,5772,117277,13,280870
7012,0.001347,172.31.36.0-255,66,117343,13,280870
7013,0.001387,172.217.194.0-255,100,117443,13,280870
7014,0.001427,172.217.194.0-255,1484,118927,13,280870
7015,0.001431,172.31.36.0-255,66,118993,13,280870
7016,0.001455,172.217.194.0-255,2902,121895,13,280870
7017,0.00146,172.31.36.0-255,66,121961,13,280870
7018,0.00149,172.217.194.0-255,2902,124863,13,280870
7019,0.001494,172.31.36.0-255,66,124929,13,280870
7020,0.001499,172.217.194.0-255,2902,127831,13,280870
7021,0.001502,172.31.36.0-255,66,127897,13,280870
7022,0.001524,172.217.194.0-255,1484,129381,13,280870
7023,0.001536,172.217.194.0-255,8574,137955,13,280870
7024,0.00154,172.31.36.0-255,66,138021,13,280870
7025,0.001542,172.217.194.0-255,1484,139505,13,280870
7026,0.001573,172.217.194.0-255,1484,140989,13,280870
7027,0.001576,172.31.36.0-255,66,141055,13,280870
7028,0.001601,172.217.194.0-255,7156,148211,13,280870
7029,0.001604,172.31.36.0-255,66,148277,13,280870
7030,0.001629,172.217.194.0-255,3602,151879,13,280870
7031,0.001632,172.31.36.0-255,66,151945,13,280870
7032,0.002139,172.217.194.0-255,1484,153429,13,280870
7033,0.002145,172.217.194.0-255,2902,156331,13,280870
7034,0.002149,172.31.36.0-255,66,156397,13,280870
7035,0.002156,172.217.194.0-255,5738,162135,13,280870
7036,0.002158,172.31.36.0-255,66,162201,13,280870
7037,0.002166,172.217.194.0-255,8574,170775,13,280870
7038,0.002168,172.31.36.0-255,66,170841,13,280870
7039,0.002214,172.217.194.0-255,4320,175161,13,280870
7040,0.002218,172.31.36.0-255,66,175227,13,280870
7041,0.002227,172.217.194.0-255,10692,185919,13,280870
7042,0.002229,172.31.36.0-255,66,185985,13,280870
7043,0.002232,172.217.194.0-255,1484,187469,13,280870
7044,0.002235,172.217.194.0-255,1484,188953,13,280870
7045,0.002237,172.31.36.0-255,66,189019,13,280870
7046,0.002256,172.217.194.0-255,1484,190503,13,280870
7047,0.002262,172.217.194.0-255,5738,196241,13,280870
7048,0.002264,172.31.36.0-255,66,196307,13,280870
7049,0.002323,172.31.36.0-255,66,196373,13,280870
7050,0.002332,172.217.194.0-255,10692,207065,13,280870
7051,0.002334,172.31.36.0-255,66,207131,13,280870
7052,0.004586,172.217.194.0-255,5738,212869,13,280870
7053,0.004592,172.31.36.0-255,66,212935,13,280870
7054,0.006872,172.217.194.0-255,5738,218673,13,280870
7055,0.006878,172.31.36.0-255,66,218739,13,280870
7056,0.009151,172.217.194.0-255,5738,224477,13,280870
7057,0.009158,172.31.36.0-255,66,224543,13,280870
7058,0.01142,172.217.194.0-255,5738,230281,13,280870
7059,0.011427,172.31.36.0-255,66,230347,13,280870
7060,0.013712,172.217.194.0-255,5738,236085,13,280870
7061,0.013721,172.31.36.0-255,66,236151,13,280870
7062,0.015994,172.217.194.0-255,5738,241889,13,280870
7063,0.016002,172.31.36.0-255,66,241955,13,280870
7064,0.018277,172.217.194.0-255,5738,247693,13,280870
7065,0.018285,172.31.36.0-255,66,247759,13,280870
7066,0.020579,172.217.194.0-255,5738,253497,13,280870
7067,0.020586,172.31.36.0-255,66,253563,13,280870
7068,0.022866,172.217.194.0-255,5738,259301,13,280870
7069,0.022878,172.31.36.0-255,66,259367,13,280870
7070,0.025157,172.217.194.0-255,5738,265105,13,280870
7071,0.025164,172.31.36.0-255,66,265171,13,280870
7072,0.027425,172.217.194.0-255,5738,270909,13,280870
7073,0.027436,172.31.36.0-255,66,270975,13,280870
7074,0.028872,172.31.36.0-255,172,271147,13,280870
7075,0.028908,172.31.36.0-255,1106,272253,13,280870
7076,0.028971,172.31.36.0-255,1514,273767,13,280870
7077,0.028973,172.31.36.0-255,1299,275066,13,280870
7078,0.029709,172.217.194.0-255,5738,280804,13,280870
7079,0.029714,172.31.36.0-255,66,280870,13,280870
7080,0.0,172.217.27.0-255,153,153,13,192014
7081,2.6e-05,172.31.36.0-255,66,219,13,192014
7082,3.3e-05,172.217.27.0-255,1484,1703,13,192014
7083,3.7e-05,172.31.36.0-255,66,1769,13,192014
7084,4.2e-05,172.217.27.0-255,2902,4671,13,192014
7085,4.5e-05,172.31.36.0-255,66,4737,13,192014
7086,5.1e-05,172.217.27.0-255,7156,11893,13,192014
7087,5.4e-05,172.31.36.0-255,66,11959,13,192014
7088,5.7e-05,172.217.27.0-255,2012,13971,13,192014
7089,5.9e-05,172.31.36.0-255,66,14037,13,192014
7090,0.00011,172.217.27.0-255,1484,15521,13,192014
7091,0.000113,172.31.36.0-255,66,15587,13,192014
7092,0.000117,172.217.27.0-255,2902,18489,13,192014
7093,0.000119,172.31.36.0-255,66,18555,13,192014
7094,0.000135,172.217.27.0-255,5738,24293,13,192014
7095,0.000137,172.31.36.0-255,66,24359,13,192014
7096,0.000172,172.217.27.0-255,6797,31156,13,192014
7097,0.000175,172.31.36.0-255,66,31222,13,192014
7098,0.000332,172.217.27.0-255,1484,32706,13,192014
7099,0.000336,172.31.36.0-255,66,32772,13,192014
7100,0.00034,172.217.27.0-255,2902,35674,13,192014
7101,0.000342,172.31.36.0-255,66,35740,13,192014
7102,0.00036,172.217.27.0-255,5738,41478,13,192014
7103,0.000363,172.31.36.0-255,66,41544,13,192014
7104,0.00037,172.217.27.0-255,6797,48341,13,192014
7105,0.000372,172.31.36.0-255,66,48407,13,192014
7106,0.000376,172.217.27.0-255,2902,51309,13,192014
7107,0.000378,172.31.36.0-255,66,51375,13,192014
7108,0.000399,172.217.27.0-255,4320,55695,13,192014
7109,0.000401,172.31.36.0-255,66,55761,13,192014
7110,0.000435,172.217.27.0-255,9633,65394,13,192014
7111,0.000437,172.31.36.0-255,66,65460,13,192014
7112,0.000737,172.217.27.0-255,392,65852,13,192014
7113,0.000778,172.31.36.0-255,66,65918,13,192014
7114,0.001047,172.217.27.0-255,115,66033,13,192014
7115,0.001267,172.217.27.0-255,1484,67517,13,192014
7116,0.001273,172.31.36.0-255,66,67583,13,192014
7117,0.001279,172.217.27.0-255,2902,70485,13,192014
7118,0.001284,172.217.27.0-255,4320,74805,13,192014
7119,0.0013,172.217.27.0-255,1484,76289,13,192014
7120,0.001306,172.217.27.0-255,2902,79191,13,192014
7121,0.001338,172.217.27.0-255,9633,88824,13,192014
7122,0.001886,172.31.36.0-255,66,88890,13,192014
7123,0.001932,172.31.36.0-255,101,88991,13,192014
7124,0.003522,172.217.27.0-255,5738,94729,13,192014
7125,0.003527,172.31.36.0-255,66,94795,13,192014
7126,0.003558,172.217.27.0-255,66,94861,13,192014
7127,0.005164,172.217.27.0-255,5738,100599,13,192014
7128,0.00517,172.31.36.0-255,66,100665,13,192014
7129,0.006807,172.217.27.0-255,5738,106403,13,192014
7130,0.006814,172.31.36.0-255,66,106469,13,192014
7131,0.008452,172.217.27.0-255,5738,112207,13,192014
7132,0.008458,172.31.36.0-255,66,112273,13,192014
7133,0.010098,172.217.27.0-255,5738,118011,13,192014
7134,0.010105,172.31.36.0-255,66,118077,13,192014
7135,0.011746,172.217.27.0-255,5738,123815,13,192014
7136,0.011753,172.31.36.0-255,66,123881,13,192014
7137,0.013402,172.217.27.0-255,5738,129619,13,192014
7138,0.013409,172.31.36.0-255,66,129685,13,192014
7139,0.015046,172.217.27.0-255,5738,135423,13,192014
7140,0.015054,172.31.36.0-255,66,135489,13,192014
7141,0.016697,172.217.27.0-255,5738,141227,13,192014
7142,0.016708,172.31.36.0-255,66,141293,13,192014
7143,0.018345,172.217.27.0-255,5738,147031,13,192014
7144,0.018353,172.31.36.0-255,66,147097,13,192014
7145,0.019994,172.217.27.0-255,5738,152835,13,192014
7146,0.020002,172.31.36.0-255,66,152901,13,192014
7147,0.021644,172.217.27.0-255,5738,158639,13,192014
7148,0.021652,172.31.36.0-255,66,158705,13,192014
7149,0.023297,172.217.27.0-255,5738,164443,13,192014
7150,0.023303,172.31.36.0-255,66,164509,13,192014
7151,0.024451,172.31.36.0-255,172,164681,13,192014
7152,0.024483,172.31.36.0-255,1106,165787,13,192014
7153,0.02452,172.31.36.0-255,1514,167301,13,192014
7154,0.024522,172.31.36.0-255,1299,168600,13,192014
7155,0.024941,172.217.27.0-255,5738,174338,13,192014
7156,0.024947,172.31.36.0-255,66,174404,13,192014
7157,0.025991,104.244.42.0-255,66,174470,13,192014
7158,0.026044,104.244.42.0-255,66,174536,13,192014
7159,0.026093,104.244.42.0-255,66,174602,13,192014
7160,0.026585,172.217.27.0-255,5738,180340,13,192014
7161,0.026592,172.31.36.0-255,66,180406,13,192014
7162,0.028231,172.217.27.0-255,5738,186144,13,192014
7163,0.028237,172.31.36.0-255,66,186210,13,192014
7164,0.029871,172.217.27.0-255,5738,191948,13,192014
7165,0.029877,172.31.36.0-255,66,192014,13,192014
7166,0.0,74.125.24.0-255,146,146,13,196187
7167,2.3e-05,172.31.36.0-255,66,212,13,196187
7168,3.1e-05,74.125.24.0-255,1484,1696,13,196187
7169,3.6e-05,172.31.36.0-255,66,1762,13,196187
7170,4.2e-05,74.125.24.0-255,2902,4664,13,196187
7171,4.6e-05,172.31.36.0-255,66,4730,13,196187
7172,5.5e-05,74.125.24.0-255,7156,11886,13,196187
7173,5.9e-05,172.31.36.0-255,66,11952,13,196187
7174,6.3e-05,74.125.24.0-255,2075,14027,13,196187
7175,6.6e-05,172.31.36.0-255,66,14093,13,196187
7176,0.000105,74.125.24.0-255,1484,15577,13,196187
7177,0.000108,172.31.36.0-255,66,15643,13,196187
7178,0.000114,74.125.24.0-255,2902,18545,13,196187
7179,0.000118,172.31.36.0-255,66,18611,13,196187
7180,0.000148,74.125.24.0-255,5738,24349,13,196187
7181,0.000151,172.31.36.0-255,66,24415,13,196187
7182,0.000198,74.125.24.0-255,2902,27317,13,196187
7183,0.000201,172.31.36.0-255,66,27383,13,196187
7184,0.000217,74.125.24.0-255,3961,31344,13,196187
7185,0.000223,172.31.36.0-255,66,31410,13,196187
7186,0.000262,74.125.24.0-255,1484,32894,13,196187
7187,0.000265,172.31.36.0-255,66,32960,13,196187
7188,0.000268,74.125.24.0-255,1484,34444,13,196187
7189,0.000271,172.31.36.0-255,66,34510,13,196187
7190,0.000284,74.125.24.0-255,1484,35994,13,196187
7191,0.000286,172.31.36.0-255,66,36060,13,196187
7192,0.000293,74.125.24.0-255,5738,41798,13,196187
7193,0.000295,172.31.36.0-255,66,41864,13,196187
7194,0.000347,172.31.36.0-255,66,41930,13,196187
7195,0.000361,172.31.36.0-255,66,41996,13,196187
7196,0.000363,74.125.24.0-255,1401,43397,13,196187
7197,0.000383,74.125.24.0-255,132,43529,13,196187
7198,0.000397,74.125.24.0-255,346,43875,13,196187
7199,0.0004,172.31.36.0-255,66,43941,13,196187
7200,0.000637,74.125.24.0-255,1484,45425,13,196187
7201,0.000644,74.125.24.0-255,2902,48327,13,196187
7202,0.000648,172.31.36.0-255,66,48393,13,196187
7203,0.000655,74.125.24.0-255,5738,54131,13,196187
7204,0.000658,172.31.36.0-255,66,54197,13,196187
7205,0.000696,172.31.36.0-255,66,54263,13,196187
7206,0.000732,74.125.24.0-255,7156,61419,13,196187
7207,0.000735,172.31.36.0-255,66,61485,13,196187
7208,0.000756,74.125.24.0-255,5020,66505,13,196187
7209,0.000758,172.31.36.0-255,66,66571,13,196187
7210,0.001368,74.125.24.0-255,1484,68055,13,196187
7211,0.001375,74.125.24.0-255,2902,70957,13,196187
7212,0.001378,172.31.36.0-255,66,71023,13,196187
7213,0.001386,74.125.24.0-255,5738,76761,13,196187
7214,0.001388,172.31.36.0-255,66,76827,13,196187
7215,0.001395,74.125.24.0-255,5738,82565,13,196187
7216,0.001398,172.31.36.0-255,66,82631,13,196187
7217,0.001422,74.125.24.0-255,7156,89787,13,196187
7218,0.001425,172.31.36.0-255,66,89853,13,196187
7219,0.001441,74.125.24.0-255,1484,91337,13,196187
7220,0.001455,74.125.24.0-255,4320,95657,13,196187
7221,0.001459,172.31.36.0-255,66,95723,13,196187
7222,0.00148,74.125.24.0-255,5020,100743,13,196187
7223,0.001483,172.31.36.0-255,66,100809,13,196187
7224,0.001514,74.125.24.0-255,1484,102293,13,196187
7225,0.001532,74.125.24.0-255,2902,105195,13,196187
7226,0.001535,172.31.36.0-255,66,105261,13,196187
7227,0.001542,74.125.24.0-255,5738,110999,13,196187
7228,0.001544,172.31.36.0-255,66,111065,13,196187
7229,0.00155,74.125.24.0-255,4320,115385,13,196187
7230,0.001552,172.31.36.0-255,66,115451,13,196187
7231,0.001579,74.125.24.0-255,5738,121189,13,196187
7232,0.001581,172.31.36.0-255,66,121255,13,196187
7233,0.001584,74.125.24.0-255,1484,122739,13,196187
7234,0.001619,172.31.36.0-255,66,122805,13,196187
7235,0.001631,172.31.36.0-255,66,122871,13,196187
7236,0.001684,172.31.36.0-255,66,122937,13,196187
7237,0.001706,74.125.24.0-255,2184,125121,13,196187
7238,0.001709,172.31.36.0-255,66,125187,13,196187
7239,0.00174,74.125.24.0-255,2902,128089,13,196187
7240,0.001743,172.31.36.0-255,66,128155,13,196187
7241,0.00176,74.125.24.0-255,4320,132475,13,196187
7242,0.001763,172.31.36.0-255,66,132541,13,196187
7243,0.001821,74.125.24.0-255,8574,141115,13,196187
7244,0.001824,172.31.36.0-255,66,141181,13,196187
7245,0.001842,172.31.36.0-255,66,141247,13,196187
7246,0.001894,74.125.24.0-255,1484,142731,13,196187
7247,0.001899,74.125.24.0-255,2902,145633,13,196187
7248,0.001902,172.31.36.0-255,66,145699,13,196187
7249,0.001919,74.125.24.0-255,4320,150019,13,196187
7250,0.001921,172.31.36.0-255,66,150085,13,196187
7251,0.001941,74.125.24.0-255,1484,151569,13,196187
7252,0.001949,74.125.24.0-255,5738,157307,13,196187
7253,0.001951,172.31.36.0-255,66,157373,13,196187
7254,0.001983,74.125.24.0-255,7156,164529,13,196187
7255,0.001986,172.31.36.0-255,66,164595,13,196187
7256,0.001997,74.125.24.0-255,10692,175287,13,196187
7257,0.002,172.31.36.0-255,66,175353,13,196187
7258,0.002023,74.125.24.0-255,2902,178255,13,196187
7259,0.002025,172.31.36.0-255,66,178321,13,196187
7260,0.002068,74.125.24.0-255,2902,181223,13,196187
7261,0.00207,74.125.24.0-255,1484,182707,13,196187
7262,0.002077,172.31.36.0-255,66,182773,13,196187
7263,0.002138,74.125.24.0-255,5738,188511,13,196187
7264,0.002142,172.31.36.0-255,66,188577,13,196187
7265,0.002148,172.31.36.0-255,66,188643,13,196187
7266,0.002187,74.125.24.0-255,1484,190127,13,196187
7267,0.002215,74.125.24.0-255,5652,195779,13,196187
7268,0.002218,74.125.24.0-255,105,195884,13,196187
7269,0.002221,172.31.36.0-255,66,195950,13,196187
7270,0.002232,172.31.36.0-255,66,196016,13,196187
7271,0.004173,172.31.36.0-255,105,196121,13,196187
7272,0.006485,74.125.24.0-255,66,196187,13,196187
7273,0.0,172.217.194.0-255,162,162,13,306158
7274,2.4e-05,172.31.36.0-255,66,228,13,306158
7275,3.2e-05,172.217.194.0-255,1484,1712,13,306158
7276,3.7e-05,172.31.36.0-255,66,1778,13,306158
7277,5e-05,172.217.194.0-255,2902,4680,13,306158
7278,5.3e-05,172.31.36.0-255,66,4746,13,306158
7279,5.9e-05,172.217.194.0-255,4320,9066,13,306158
7280,6.3e-05,172.31.36.0-255,66,9132,13,306158
7281,7.3e-05,172.217.194.0-255,9992,19124,13,306158
7282,7.6e-05,172.31.36.0-255,66,19190,13,306158
7283,0.000108,172.217.194.0-255,2058,21248,13,306158
7284,0.000111,172.31.36.0-255,66,21314,13,306158
7285,0.000121,172.217.194.0-255,7156,28470,13,306158
7286,0.000123,172.31.36.0-255,66,28536,13,306158
7287,0.000128,172.217.194.0-255,2543,31079,13,306158
7288,0.000129,172.31.36.0-255,66,31145,13,306158
7289,0.000912,172.217.194.0-255,1484,32629,13,306158
7290,0.000918,172.31.36.0-255,66,32695,13,306158
7291,0.000927,172.217.194.0-255,2902,35597,13,306158
7292,0.000929,172.31.36.0-255,66,35663,13,306158
7293,0.000942,172.217.194.0-255,5738,41401,13,306158
7294,0.000944,172.31.36.0-255,66,41467,13,306158
7295,0.000949,172.217.194.0-255,4320,45787,13,306158
7296,0.000951,172.31.36.0-255,66,45853,13,306158
7297,0.000979,172.217.194.0-255,2902,48755,13,306158
7298,0.000981,172.31.36.0-255,66,48821,13,306158
7299,0.001029,172.217.194.0-255,9633,58454,13,306158
7300,0.001032,172.31.36.0-255,66,58520,13,306158
7301,0.00104,172.217.194.0-255,7048,65568,13,306158
7302,0.001043,172.31.36.0-255,66,65634,13,306158
7303,0.001046,172.217.194.0-255,120,65754,13,306158
7304,0.001047,172.31.36.0-255,66,65820,13,306158
7305,0.001134,172.217.194.0-255,1484,67304,13,306158
7306,0.001151,172.217.194.0-255,2902,70206,13,306158
7307,0.001167,172.217.194.0-255,2902,73108,13,306158
7308,0.00118,172.217.194.0-255,2902,76010,13,306158
7309,0.001204,172.217.194.0-255,5738,81748,13,306158
7310,0.001221,172.217.194.0-255,7156,88904,13,306158
7311,0.001248,172.217.194.0-255,4320,93224,13,306158
7312,0.001268,172.217.194.0-255,6752,99976,13,306158
7313,0.00162,172.217.194.0-255,1484,101460,13,306158
7314,0.001634,172.217.194.0-255,2902,104362,13,306158
7315,0.001637,172.217.194.0-255,1484,105846,13,306158
7316,0.001656,172.217.194.0-255,4320,110166,13,306158
7317,0.001663,172.217.194.0-255,5738,115904,13,306158
7318,0.001736,172.217.194.0-255,5020,120924,13,306158
7319,0.001769,172.217.194.0-255,5738,126662,13,306158
7320,0.001777,172.217.194.0-255,7156,133818,13,306158
7321,0.001813,172.217.194.0-255,1484,135302,13,306158
7322,0.001819,172.217.194.0-255,5738,141040,13,306158
7323,0.001841,172.217.194.0-255,5020,146060,13,306158
7324,0.001864,172.217.194.0-255,4320,150380,13,306158
7325,0.00191,172.217.194.0-255,2184,152564,13,306158
7326,0.001938,172.217.194.0-255,5738,158302,13,306158
7327,0.001945,172.217.194.0-255,5738,164040,13,306158
7328,0.001958,172.217.194.0-255,1484,165524,13,306158
7329,0.002,172.217.194.0-255,6438,171962,13,306158
7330,0.002075,172.217.194.0-255,1484,173446,13,306158
7331,0.002079,172.217.194.0-255,1484,174930,13,306158
7332,0.002093,172.217.194.0-255,1484,176414,13,306158
7333,0.0021,172.217.194.0-255,5738,182152,13,306158
7334,0.002132,172.217.194.0-255,7156,189308,13,306158
7335,0.002153,172.217.194.0-255,5738,195046,13,306158
7336,0.002162,172.217.194.0-255,8574,203620,13,306158
7337,0.002188,172.217.194.0-255,2184,205804,13,306158
7338,0.002297,172.217.194.0-255,1484,207288,13,306158
7339,0.002303,172.217.194.0-255,2902,210190,13,306158
7340,0.002307,172.217.194.0-255,1484,211674,13,306158
7341,0.002319,172.217.194.0-255,4320,215994,13,306158
7342,0.002351,172.217.194.0-255,7156,223150,13,306158
7343,0.002368,172.217.194.0-255,4320,227470,13,306158
7344,0.002401,172.217.194.0-255,7156,234626,13,306158
7345,0.00242,172.217.194.0-255,5020,239646,13,306158
7346,0.002434,172.217.194.0-255,2902,242548,13,306158
7347,0.002453,172.217.194.0-255,9992,252540,13,306158
7348,0.002461,172.217.194.0-255,7156,259696,13,306158
7349,0.002536,172.217.194.0-255,2902,262598,13,306158
7350,0.00256,172.217.194.0-255,4320,266918,13,306158
7351,0.002566,172.217.194.0-255,4320,271238,13,306158
7352,0.002582,172.217.194.0-255,4320,275558,13,306158
7353,0.008309,172.31.36.0-255,66,275624,13,306158
7354,0.010921,172.217.194.0-255,5738,281362,13,306158
7355,0.01093,172.31.36.0-255,66,281428,13,306158
7356,0.013529,172.217.194.0-255,5738,287166,13,306158
7357,0.013539,172.31.36.0-255,66,287232,13,306158
7358,0.016142,172.217.194.0-255,5738,292970,13,306158
7359,0.016151,172.31.36.0-255,66,293036,13,306158
7360,0.018728,172.217.194.0-255,5738,298774,13,306158
7361,0.018741,172.31.36.0-255,66,298840,13,306158
7362,0.021317,172.217.194.0-255,5738,304578,13,306158
7363,0.021326,172.31.36.0-255,66,304644,13,306158
7364,0.023899,172.217.194.0-255,1277,305921,13,306158
7365,0.024039,172.31.36.0-255,66,305987,13,306158
7366,0.024077,172.31.36.0-255,105,306092,13,306158
7367,0.026619,172.217.194.0-255,66,306158,13,306158
7368,0.0,74.125.24.0-255,153,153,13,222867
7369,2.9e-05,172.31.36.0-255,66,219,13,222867
7370,3.7e-05,74.125.24.0-255,1484,1703,13,222867
7371,4e-05,172.31.36.0-255,66,1769,13,222867
7372,4.6e-05,74.125.24.0-255,2902,4671,13,222867
7373,5.6e-05,172.31.36.0-255,66,4737,13,222867
7374,6.3e-05,74.125.24.0-255,7156,11893,13,222867
7375,6.7e-05,172.31.36.0-255,66,11959,13,222867
7376,7e-05,74.125.24.0-255,1484,13443,13,222867
7377,7.2e-05,172.31.36.0-255,66,13509,13,222867
7378,0.00011,172.31.36.0-255,66,13575,13,222867
7379,0.00014,74.125.24.0-255,3473,17048,13,222867
7380,0.000143,172.31.36.0-255,66,17114,13,222867
7381,0.000147,74.125.24.0-255,2543,19657,13,222867
7382,0.000149,172.31.36.0-255,66,19723,13,222867
7383,0.000201,74.125.24.0-255,1484,21207,13,222867
7384,0.000204,172.31.36.0-255,66,21273,13,222867
7385,0.000209,74.125.24.0-255,2902,24175,13,222867
7386,0.000212,172.31.36.0-255,66,24241,13,222867
7387,0.000242,74.125.24.0-255,5738,29979,13,222867
7388,0.000246,172.31.36.0-255,66,30045,13,222867
7389,0.000261,74.125.24.0-255,5738,35783,13,222867
7390,0.000269,172.31.36.0-255,66,35849,13,222867
7391,0.000306,74.125.24.0-255,8215,44064,13,222867
7392,0.000309,172.31.36.0-255,66,44130,13,222867
7393,0.000319,74.125.24.0-255,9907,54037,13,222867
7394,0.000327,172.31.36.0-255,66,54103,13,222867
7395,0.000575,74.125.24.0-255,131,54234,13,222867
7396,0.000581,172.31.36.0-255,66,54300,13,222867
7397,0.000725,74.125.24.0-255,1484,55784,13,222867
7398,0.000729,172.31.36.0-255,66,55850,13,222867
7399,0.000734,74.125.24.0-255,2902,58752,13,222867
7400,0.000737,172.31.36.0-255,66,58818,13,222867
7401,0.000773,74.125.24.0-255,4320,63138,13,222867
7402,0.000776,172.31.36.0-255,66,63204,13,222867
7403,0.000783,74.125.24.0-255,5738,68942,13,222867
7404,0.000785,172.31.36.0-255,66,69008,13,222867
7405,0.000845,74.125.24.0-255,2543,71551,13,222867
7406,0.000849,172.31.36.0-255,66,71617,13,222867
7407,0.000853,74.125.24.0-255,2902,74519,13,222867
7408,0.000855,172.31.36.0-255,66,74585,13,222867
7409,0.000868,74.125.24.0-255,7156,81741,13,222867
7410,0.00087,172.31.36.0-255,66,81807,13,222867
7411,0.000898,74.125.24.0-255,1484,83291,13,222867
7412,0.000915,74.125.24.0-255,5379,88670,13,222867
7413,0.000919,172.31.36.0-255,66,88736,13,222867
7414,0.001263,74.125.24.0-255,1484,90220,13,222867
7415,0.001276,74.125.24.0-255,2902,93122,13,222867
7416,0.00128,172.31.36.0-255,66,93188,13,222867
7417,0.001287,74.125.24.0-255,4320,97508,13,222867
7418,0.001289,172.31.36.0-255,66,97574,13,222867
7419,0.001307,74.125.24.0-255,1484,99058,13,222867
7420,0.001313,74.125.24.0-255,5738,104796,13,222867
7421,0.001315,172.31.36.0-255,66,104862,13,222867
7422,0.001351,172.31.36.0-255,66,104928,13,222867
7423,0.001357,74.125.24.0-255,5020,109948,13,222867
7424,0.00136,172.31.36.0-255,66,110014,13,222867
7425,0.001441,74.125.24.0-255,1484,111498,13,222867
7426,0.001446,74.125.24.0-255,1484,112982,13,222867
7427,0.001449,172.31.36.0-255,66,113048,13,222867
7428,0.001481,74.125.24.0-255,1484,114532,13,222867
7429,0.001488,74.125.24.0-255,5738,120270,13,222867
7430,0.001491,172.31.36.0-255,66,120336,13,222867
7431,0.001512,172.31.36.0-255,66,120402,13,222867
7432,0.001522,74.125.24.0-255,10692,131094,13,222867
7433,0.001525,172.31.36.0-255,66,131160,13,222867
7434,0.001689,74.125.24.0-255,1484,132644,13,222867
7435,0.001709,74.125.24.0-255,2902,135546,13,222867
7436,0.001714,172.31.36.0-255,66,135612,13,222867
7437,0.001719,74.125.24.0-255,2902,138514,13,222867
7438,0.001721,172.31.36.0-255,66,138580,13,222867
7439,0.001759,74.125.24.0-255,7156,145736,13,222867
7440,0.001764,172.31.36.0-255,66,145802,13,222867
7441,0.001769,74.125.24.0-255,2902,148704,13,222867
7442,0.001772,172.31.36.0-255,66,148770,13,222867
7443,0.001809,172.31.36.0-255,66,148836,13,222867
7444,0.001814,74.125.24.0-255,5020,153856,13,222867
7445,0.001817,172.31.36.0-255,66,153922,13,222867
7446,0.001916,74.125.24.0-255,1484,155406,13,222867
7447,0.00192,74.125.24.0-255,1484,156890,13,222867
7448,0.001923,172.31.36.0-255,66,156956,13,222867
7449,0.001953,74.125.24.0-255,1484,158440,13,222867
7450,0.001958,74.125.24.0-255,5738,164178,13,222867
7451,0.001961,172.31.36.0-255,66,164244,13,222867
7452,0.001969,74.125.24.0-255,9992,174236,13,222867
7453,0.001972,172.31.36.0-255,66,174302,13,222867
7454,0.001994,74.125.24.0-255,2902,177204,13,222867
7455,0.001996,172.31.36.0-255,66,177270,13,222867
7456,0.002004,74.125.24.0-255,8574,185844,13,222867
7457,0.002007,172.31.36.0-255,66,185910,13,222867
7458,0.002032,74.125.24.0-255,5738,191648,13,222867
7459,0.00204,172.31.36.0-255,66,191714,13,222867
7460,0.002086,172.31.36.0-255,66,191780,13,222867
7461,0.002141,172.31.36.0-255,66,191846,13,222867
7462,0.002179,172.31.36.0-255,66,191912,13,222867
7463,0.002201,172.31.36.0-255,66,191978,13,222867
7464,0.002221,172.31.36.0-255,66,192044,13,222867
7465,0.002229,74.125.24.0-255,9274,201318,13,222867
7466,0.002232,172.31.36.0-255,66,201384,13,222867
7467,0.002258,74.125.24.0-255,9992,211376,13,222867
7468,0.002264,172.31.36.0-255,66,211442,13,222867
7469,0.002306,74.125.24.0-255,6729,218171,13,222867
7470,0.007136,172.31.36.0-255,66,218237,13,222867
7471,0.00941,74.125.24.0-255,105,218342,13,222867
7472,0.009474,172.31.36.0-255,66,218408,13,222867
7473,0.009506,172.31.36.0-255,105,218513,13,222867
7474,0.011783,74.125.24.0-255,66,218579,13,222867
7475,0.028184,172.31.36.0-255,171,218750,13,222867
7476,0.028213,172.31.36.0-255,1130,219880,13,222867
7477,0.028253,172.31.36.0-255,1514,221394,13,222867
7478,0.028255,172.31.36.0-255,1275,222669,13,222867
7479,0.0297,104.244.42.0-255,66,222735,13,222867
7480,0.029768,104.244.42.0-255,66,222801,13,222867
7481,0.029773,104.244.42.0-255,66,222867,13,222867
7482,0.0,216.58.221.0-255,292,292,13,155221
7483,1.1e-05,172.31.36.0-255,66,358,13,155221
7484,3.4e-05,216.58.221.0-255,1484,1842,13,155221
7485,3.8e-05,172.31.36.0-255,66,1908,13,155221
7486,4.4e-05,216.58.221.0-255,2902,4810,13,155221
7487,4.7e-05,172.31.36.0-255,66,4876,13,155221
7488,5.3e-05,216.58.221.0-255,5738,10614,13,155221
7489,5.6e-05,172.31.36.0-255,66,10680,13,155221
7490,7.7e-05,216.58.221.0-255,3239,13919,13,155221
7491,7.9e-05,172.31.36.0-255,66,13985,13,155221
7492,0.000205,216.58.221.0-255,1484,15469,13,155221
7493,0.00021,172.31.36.0-255,66,15535,13,155221
7494,0.000215,216.58.221.0-255,2902,18437,13,155221
7495,0.000218,172.31.36.0-255,66,18503,13,155221
7496,0.000236,216.58.221.0-255,4320,22823,13,155221
7497,0.000238,172.31.36.0-255,66,22889,13,155221
7498,0.000246,216.58.221.0-255,5738,28627,13,155221
7499,0.000248,172.31.36.0-255,66,28693,13,155221
7500,0.000277,216.58.221.0-255,2543,31236,13,155221
7501,0.000279,172.31.36.0-255,66,31302,13,155221
7502,0.000487,216.58.221.0-255,1484,32786,13,155221
7503,0.000492,172.31.36.0-255,66,32852,13,155221
7504,0.000496,216.58.221.0-255,1484,34336,13,155221
7505,0.000498,172.31.36.0-255,66,34402,13,155221
7506,0.000513,216.58.221.0-255,1484,35886,13,155221
7507,0.000516,172.31.36.0-255,66,35952,13,155221
7508,0.000523,216.58.221.0-255,5738,41690,13,155221
7509,0.000525,172.31.36.0-255,66,41756,13,155221
7510,0.000539,216.58.221.0-255,1484,43240,13,155221
7511,0.000541,172.31.36.0-255,66,43306,13,155221
7512,0.000557,216.58.221.0-255,5379,48685,13,155221
7513,0.00056,172.31.36.0-255,66,48751,13,155221
7514,0.000595,216.58.221.0-255,2902,51653,13,155221
7515,0.000598,172.31.36.0-255,66,51719,13,155221
7516,0.000604,216.58.221.0-255,4320,56039,13,155221
7517,0.000607,172.31.36.0-255,66,56105,13,155221
7518,0.000611,216.58.221.0-255,2902,59007,13,155221
7519,0.000613,172.31.36.0-255,66,59073,13,155221
7520,0.000642,216.58.221.0-255,5738,64811,13,155221
7521,0.000645,172.31.36.0-255,66,64877,13,155221
7522,0.000648,216.58.221.0-255,1452,66329,13,155221
7523,0.001047,172.31.36.0-255,66,66395,13,155221
7524,0.00186,216.58.221.0-255,350,66745,13,155221
7525,0.001952,216.58.221.0-255,1484,68229,13,155221
7526,0.001957,172.31.36.0-255,66,68295,13,155221
7527,0.002695,216.58.221.0-255,1484,69779,13,155221
7528,0.002963,216.58.221.0-255,1484,71263,13,155221
7529,0.002966,172.31.36.0-255,66,71329,13,155221
7530,0.003905,216.58.221.0-255,2902,74231,13,155221
7531,0.003909,172.31.36.0-255,66,74297,13,155221
7532,0.004916,216.58.221.0-255,2902,77199,13,155221
7533,0.004922,172.31.36.0-255,66,77265,13,155221
7534,0.005832,216.58.221.0-255,2902,80167,13,155221
7535,0.005835,172.31.36.0-255,66,80233,13,155221
7536,0.006853,216.58.221.0-255,2902,83135,13,155221
7537,0.006856,172.31.36.0-255,66,83201,13,155221
7538,0.007768,216.58.221.0-255,2902,86103,13,155221
7539,0.007774,172.31.36.0-255,66,86169,13,155221
7540,0.008786,216.58.221.0-255,2902,89071,13,155221
7541,0.008805,172.31.36.0-255,66,89137,13,155221
7542,0.009703,216.58.221.0-255,2902,92039,13,155221
7543,0.00971,172.31.36.0-255,66,92105,13,155221
7544,0.010737,216.58.221.0-255,2902,95007,13,155221
7545,0.010744,172.31.36.0-255,66,95073,13,155221
7546,0.01164,216.58.221.0-255,2902,97975,13,155221
7547,0.011647,172.31.36.0-255,66,98041,13,155221
7548,0.012677,216.58.221.0-255,2902,100943,13,155221
7549,0.012684,172.31.36.0-255,66,101009,13,155221
7550,0.013575,216.58.221.0-255,2902,103911,13,155221
7551,0.013582,172.31.36.0-255,66,103977,13,155221
7552,0.014618,216.58.221.0-255,2902,106879,13,155221
7553,0.014625,172.31.36.0-255,66,106945,13,155221
7554,0.015573,216.58.221.0-255,2902,109847,13,155221
7555,0.01558,172.31.36.0-255,66,109913,13,155221
7556,0.016555,216.58.221.0-255,2902,112815,13,155221
7557,0.016562,172.31.36.0-255,66,112881,13,155221
7558,0.017506,216.58.221.0-255,2902,115783,13,155221
7559,0.017513,172.31.36.0-255,66,115849,13,155221
7560,0.018486,216.58.221.0-255,2902,118751,13,155221
7561,0.018493,172.31.36.0-255,66,118817,13,155221
7562,0.019441,216.58.221.0-255,2902,121719,13,155221
7563,0.019448,172.31.36.0-255,66,121785,13,155221
7564,0.020426,216.58.221.0-255,2902,124687,13,155221
7565,0.020432,172.31.36.0-255,66,124753,13,155221
7566,0.021373,216.58.221.0-255,2902,127655,13,155221
7567,0.021381,172.31.36.0-255,66,127721,13,155221
7568,0.022368,216.58.221.0-255,2902,130623,13,155221
7569,0.022375,172.31.36.0-255,66,130689,13,155221
7570,0.023344,216.58.221.0-255,2902,133591,13,155221
7571,0.023352,172.31.36.0-255,66,133657,13,155221
7572,0.024299,216.58.221.0-255,1484,135141,13,155221
7573,0.025283,216.58.221.0-255,4320,139461,13,155221
7574,0.02529,172.31.36.0-255,66,139527,13,155221
7575,0.027233,216.58.221.0-255,5738,145265,13,155221
7576,0.02724,172.31.36.0-255,66,145331,13,155221
7577,0.028912,172.31.36.0-255,167,145498,13,155221
7578,0.028944,172.31.36.0-255,1106,146604,13,155221
7579,0.029002,172.31.36.0-255,1514,148118,13,155221
7580,0.029004,172.31.36.0-255,1299,149417,13,155221
7581,0.029169,216.58.221.0-255,5738,155155,13,155221
7582,0.029175,172.31.36.0-255,66,155221,13,155221
7583,0.0,74.125.130.0-255,153,153,13,280667
7584,2.2e-05,172.31.36.0-255,66,219,13,280667
7585,2.9e-05,74.125.130.0-255,1484,1703,13,280667
7586,3.3e-05,172.31.36.0-255,66,1769,13,280667
7587,3.8e-05,74.125.130.0-255,2902,4671,13,280667
7588,4e-05,172.31.36.0-255,66,4737,13,280667
7589,5.7e-05,74.125.130.0-255,7156,11893,13,280667
7590,6e-05,172.31.36.0-255,66,11959,13,280667
7591,6.4e-05,74.125.130.0-255,2084,14043,13,280667
7592,6.6e-05,172.31.36.0-255,66,14109,13,280667
7593,0.000318,74.125.130.0-255,1484,15593,13,280667
7594,0.000325,172.31.36.0-255,66,15659,13,280667
7595,0.000332,74.125.130.0-255,2902,18561,13,280667
7596,0.000334,172.31.36.0-255,66,18627,13,280667
7597,0.00034,74.125.130.0-255,4320,22947,13,280667
7598,0.000348,172.31.36.0-255,66,23013,13,280667
7599,0.000373,74.125.130.0-255,1484,24497,13,280667
7600,0.000376,172.31.36.0-255,66,24563,13,280667
7601,0.000381,74.125.130.0-255,2902,27465,13,280667
7602,0.000389,172.31.36.0-255,66,27531,13,280667
7603,0.000394,74.125.130.0-255,3961,31492,13,280667
7604,0.000396,172.31.36.0-255,66,31558,13,280667
7605,0.000399,74.125.130.0-255,1484,33042,13,280667
7606,0.000401,172.31.36.0-255,66,33108,13,280667
7607,0.000442,74.125.130.0-255,7156,40264,13,280667
7608,0.000446,172.31.36.0-255,66,40330,13,280667
7609,0.000454,74.125.130.0-255,9992,50322,13,280667
7610,0.000456,172.31.36.0-255,66,50388,13,280667
7611,0.000469,74.125.130.0-255,7156,57544,13,280667
7612,0.000472,172.31.36.0-255,66,57610,13,280667
7613,0.000499,74.125.130.0-255,4320,61930,13,280667
7614,0.000503,172.31.36.0-255,66,61996,13,280667
7615,0.000513,74.125.130.0-255,3602,65598,13,280667
7616,0.000515,172.31.36.0-255,66,65664,13,280667
7617,0.000545,74.125.130.0-255,708,66372,13,280667
7618,0.000966,74.125.130.0-255,1484,67856,13,280667
7619,0.000973,172.31.36.0-255,66,67922,13,280667
7620,0.000979,74.125.130.0-255,2902,70824,13,280667
7621,0.000981,172.31.36.0-255,66,70890,13,280667
7622,0.000999,74.125.130.0-255,2902,73792,13,280667
7623,0.001001,172.31.36.0-255,66,73858,13,280667
7624,0.001031,74.125.130.0-255,2902,76760,13,280667
7625,0.001033,172.31.36.0-255,66,76826,13,280667
7626,0.001042,74.125.130.0-255,2902,79728,13,280667
7627,0.001044,172.31.36.0-255,66,79794,13,280667
7628,0.001049,74.125.130.0-255,4320,84114,13,280667
7629,0.001052,172.31.36.0-255,66,84180,13,280667
7630,0.001058,74.125.130.0-255,5738,89918,13,280667
7631,0.00106,172.31.36.0-255,66,89984,13,280667
7632,0.001093,74.125.130.0-255,2902,92886,13,280667
7633,0.001095,172.31.36.0-255,66,92952,13,280667
7634,0.001102,74.125.130.0-255,5738,98690,13,280667
7635,0.001104,172.31.36.0-255,66,98756,13,280667
7636,0.001134,74.125.130.0-255,2184,100940,13,280667
7637,0.001136,172.31.36.0-255,66,101006,13,280667
7638,0.001185,74.125.130.0-255,1484,102490,13,280667
7639,0.0012,74.125.130.0-255,2902,105392,13,280667
7640,0.001202,172.31.36.0-255,66,105458,13,280667
7641,0.00124,74.125.130.0-255,4320,109778,13,280667
7642,0.001243,172.31.36.0-255,66,109844,13,280667
7643,0.00125,74.125.130.0-255,5738,115582,13,280667
7644,0.001252,172.31.36.0-255,66,115648,13,280667
7645,0.00126,74.125.130.0-255,1484,117132,13,280667
7646,0.001295,74.125.130.0-255,9992,127124,13,280667
7647,0.001299,172.31.36.0-255,66,127190,13,280667
7648,0.001304,74.125.130.0-255,4320,131510,13,280667
7649,0.001306,172.31.36.0-255,66,131576,13,280667
7650,0.001339,74.125.130.0-255,3602,135178,13,280667
7651,0.001342,172.31.36.0-255,66,135244,13,280667
7652,0.001384,74.125.130.0-255,1484,136728,13,280667
7653,0.0014,74.125.130.0-255,2902,139630,13,280667
7654,0.001403,172.31.36.0-255,66,139696,13,280667
7655,0.00142,74.125.130.0-255,1484,141180,13,280667
7656,0.001426,74.125.130.0-255,2902,144082,13,280667
7657,0.001428,172.31.36.0-255,66,144148,13,280667
7658,0.001439,74.125.130.0-255,1484,145632,13,280667
7659,0.001458,74.125.130.0-255,4320,149952,13,280667
7660,0.00146,172.31.36.0-255,66,150018,13,280667
7661,0.001486,74.125.130.0-255,8574,158592,13,280667
7662,0.001489,172.31.36.0-255,66,158658,13,280667
7663,0.001509,74.125.130.0-255,5738,164396,13,280667
7664,0.001512,172.31.36.0-255,66,164462,13,280667
7665,0.001542,74.125.130.0-255,4320,168782,13,280667
7666,0.001545,172.31.36.0-255,66,168848,13,280667
7667,0.001548,74.125.130.0-255,766,169614,13,280667
7668,0.001583,172.31.36.0-255,101,169715,13,280667
7669,0.001721,74.125.130.0-255,1484,171199,13,280667
7670,0.001728,74.125.130.0-255,1484,172683,13,280667
7671,0.001731,172.31.36.0-255,66,172749,13,280667
7672,0.001765,74.125.130.0-255,1484,174233,13,280667
7673,0.001772,74.125.130.0-255,5738,179971,13,280667
7674,0.00178,74.125.130.0-255,8574,188545,13,280667
7675,0.001785,172.31.36.0-255,66,188611,13,280667
7676,0.001792,172.31.36.0-255,66,188677,13,280667
7677,0.001798,74.125.130.0-255,4320,192997,13,280667
7678,0.001804,172.31.36.0-255,66,193063,13,280667
7679,0.001833,74.125.130.0-255,5738,198801,13,280667
7680,0.001836,172.31.36.0-255,66,198867,13,280667
7681,0.001843,74.125.130.0-255,5020,203887,13,280667
7682,0.001845,172.31.36.0-255,66,203953,13,280667
7683,0.002652,74.125.130.0-255,1484,205437,13,280667
7684,0.002668,74.125.130.0-255,2902,208339,13,280667
7685,0.002672,172.31.36.0-255,66,208405,13,280667
7686,0.0027,74.125.130.0-255,4320,212725,13,280667
7687,0.002703,172.31.36.0-255,66,212791,13,280667
7688,0.002709,74.125.130.0-255,5738,218529,13,280667
7689,0.002711,172.31.36.0-255,66,218595,13,280667
7690,0.002745,172.31.36.0-255,66,218661,13,280667
7691,0.002749,74.125.130.0-255,1484,220145,13,280667
7692,0.002771,74.125.130.0-255,1484,221629,13,280667
7693,0.002774,172.31.36.0-255,66,221695,13,280667
7694,0.002808,74.125.130.0-255,5020,226715,13,280667
7695,0.002811,172.31.36.0-255,66,226781,13,280667
7696,0.004313,74.125.130.0-255,66,226847,13,280667
7697,0.005589,74.125.130.0-255,5738,232585,13,280667
7698,0.005597,172.31.36.0-255,66,232651,13,280667
7699,0.008369,74.125.130.0-255,4320,236971,13,280667
7700,0.008375,172.31.36.0-255,66,237037,13,280667
7701,0.008402,74.125.130.0-255,1484,238521,13,280667
7702,0.011158,74.125.130.0-255,4320,242841,13,280667
7703,0.011175,172.31.36.0-255,66,242907,13,280667
7704,0.013973,74.125.130.0-255,5738,248645,13,280667
7705,0.013989,172.31.36.0-255,66,248711,13,280667
7706,0.016769,74.125.130.0-255,5738,254449,13,280667
7707,0.016781,172.31.36.0-255,66,254515,13,280667
7708,0.019563,74.125.130.0-255,5738,260253,13,280667
7709,0.019574,172.31.36.0-255,66,260319,13,280667
7710,0.02237,74.125.130.0-255,5738,266057,13,280667
7711,0.022378,172.31.36.0-255,66,266123,13,280667
7712,0.024623,172.31.36.0-255,171,266294,13,280667
7713,0.024676,172.31.36.0-255,1134,267428,13,280667
7714,0.024746,172.31.36.0-255,1514,268942,13,280667
7715,0.024748,172.31.36.0-255,1271,270213,13,280667
7716,0.025166,74.125.130.0-255,4320,274533,13,280667
7717,0.025172,172.31.36.0-255,66,274599,13,280667
7718,0.025203,74.125.130.0-255,1484,276083,13,280667
7719,0.026297,104.244.42.0-255,66,276149,13,280667
7720,0.026331,104.244.42.0-255,66,276215,13,280667
7721,0.0264,104.244.42.0-255,66,276281,13,280667
7722,0.027963,74.125.130.0-255,4320,280601,13,280667
7723,0.027968,172.31.36.0-255,66,280667,13,280667
7724,0.0,172.217.194.0-255,153,153,13,273992
7725,2.6e-05,172.31.36.0-255,66,219,13,273992
7726,3.4e-05,172.217.194.0-255,1484,1703,13,273992
7727,3.9e-05,172.31.36.0-255,66,1769,13,273992
7728,4.6e-05,172.217.194.0-255,2902,4671,13,273992
7729,5e-05,172.31.36.0-255,66,4737,13,273992
7730,5.6e-05,172.217.194.0-255,4320,9057,13,273992
7731,5.9e-05,172.31.36.0-255,66,9123,13,273992
7732,6.9e-05,172.217.194.0-255,9166,18289,13,273992
7733,7.3e-05,172.31.36.0-255,66,18355,13,273992
7734,0.000125,172.31.36.0-255,66,18421,13,273992
7735,0.000422,172.217.194.0-255,1484,19905,13,273992
7736,0.000427,172.31.36.0-255,66,19971,13,273992
7737,0.000435,172.217.194.0-255,2902,22873,13,273992
7738,0.000437,172.31.36.0-255,66,22939,13,273992
7739,0.000462,172.217.194.0-255,4320,27259,13,273992
7740,0.000466,172.31.36.0-255,66,27325,13,273992
7741,0.000473,172.217.194.0-255,5738,33063,13,273992
7742,0.000475,172.31.36.0-255,66,33129,13,273992
7743,0.0005,172.217.194.0-255,3961,37090,13,273992
7744,0.000503,172.31.36.0-255,66,37156,13,273992
7745,0.000511,172.217.194.0-255,8574,45730,13,273992
7746,0.000514,172.31.36.0-255,66,45796,13,273992
7747,0.000541,172.217.194.0-255,4320,50116,13,273992
7748,0.000545,172.217.194.0-255,2836,52952,13,273992
7749,0.000551,172.31.36.0-255,66,53018,13,273992
7750,0.000558,172.31.36.0-255,66,53084,13,273992
7751,0.000569,172.217.194.0-255,383,53467,13,273992
7752,0.000571,172.31.36.0-255,66,53533,13,273992
7753,0.000668,172.217.194.0-255,1484,55017,13,273992
7754,0.000672,172.31.36.0-255,66,55083,13,273992
7755,0.000678,172.217.194.0-255,2902,57985,13,273992
7756,0.000684,172.217.194.0-255,4320,62305,13,273992
7757,0.0007,172.217.194.0-255,1484,63789,13,273992
7758,0.000705,172.217.194.0-255,4320,68109,13,273992
7759,0.000715,172.31.36.0-255,66,68175,13,273992
7760,0.000743,172.217.194.0-255,2902,71077,13,273992
7761,0.000761,172.217.194.0-255,9633,80710,13,273992
7762,0.000766,172.31.36.0-255,66,80776,13,273992
7763,0.000808,172.217.194.0-255,6797,87573,13,273992
7764,0.000833,172.31.36.0-255,66,87639,13,273992
7765,0.00134,172.217.194.0-255,1484,89123,13,273992
7766,0.001345,172.217.194.0-255,1484,90607,13,273992
7767,0.001349,172.31.36.0-255,66,90673,13,273992
7768,0.001364,172.217.194.0-255,1484,92157,13,273992
7769,0.001371,172.217.194.0-255,5738,97895,13,273992
7770,0.001387,172.31.36.0-255,66,97961,13,273992
7771,0.001418,172.217.194.0-255,1484,99445,13,273992
7772,0.001428,172.31.36.0-255,66,99511,13,273992
7773,0.001463,172.217.194.0-255,9274,108785,13,273992
7774,0.001486,172.217.194.0-255,1484,110269,13,273992
7775,0.001493,172.31.36.0-255,66,110335,13,273992
7776,0.001512,172.217.194.0-255,2902,113237,13,273992
7777,0.001528,172.217.194.0-255,5738,118975,13,273992
7778,0.001535,172.217.194.0-255,5738,124713,13,273992
7779,0.001538,172.31.36.0-255,66,124779,13,273992
7780,0.001547,172.217.194.0-255,1484,126263,13,273992
7781,0.001567,172.217.194.0-255,5020,131283,13,273992
7782,0.001571,172.31.36.0-255,66,131349,13,273992
7783,0.001596,172.217.194.0-255,4320,135669,13,273992
7784,0.001607,172.31.36.0-255,66,135735,13,273992
7785,0.001642,172.217.194.0-255,9274,145009,13,273992
7786,0.001687,172.217.194.0-255,1484,146493,13,273992
7787,0.001691,172.217.194.0-255,2902,149395,13,273992
7788,0.001696,172.217.194.0-255,4320,153715,13,273992
7789,0.001709,172.217.194.0-255,1484,155199,13,273992
7790,0.001714,172.217.194.0-255,4320,159519,13,273992
7791,0.00172,172.31.36.0-255,66,159585,13,273992
7792,0.001732,172.217.194.0-255,7156,166741,13,273992
7793,0.001738,172.31.36.0-255,66,166807,13,273992
7794,0.0018,172.31.36.0-255,66,166873,13,273992
7795,0.001916,172.217.194.0-255,1484,168357,13,273992
7796,0.001942,172.217.194.0-255,2902,171259,13,273992
7797,0.001961,172.31.36.0-255,66,171325,13,273992
7798,0.001968,172.217.194.0-255,5738,177063,13,273992
7799,0.00199,172.217.194.0-255,7156,184219,13,273992
7800,0.001998,172.31.36.0-255,66,184285,13,273992
7801,0.002008,172.217.194.0-255,2902,187187,13,273992
7802,0.002034,172.217.194.0-255,4320,191507,13,273992
7803,0.002046,172.31.36.0-255,66,191573,13,273992
7804,0.00205,172.217.194.0-255,2184,193757,13,273992
7805,0.002057,172.217.194.0-255,7156,200913,13,273992
7806,0.002059,172.217.194.0-255,1484,202397,13,273992
7807,0.002065,172.31.36.0-255,66,202463,13,273992
7808,0.002091,172.217.194.0-255,5020,207483,13,273992
7809,0.002111,172.31.36.0-255,66,207549,13,273992
7810,0.002184,172.217.194.0-255,1484,209033,13,273992
7811,0.002191,172.217.194.0-255,2902,211935,13,273992
7812,0.002193,172.217.194.0-255,1484,213419,13,273992
7813,0.002214,172.217.194.0-255,4320,217739,13,273992
7814,0.002218,172.217.194.0-255,1484,219223,13,273992
7815,0.002234,172.31.36.0-255,66,219289,13,273992
7816,0.002247,172.217.194.0-255,1484,220773,13,273992
7817,0.002253,172.31.36.0-255,66,220839,13,273992
7818,0.002267,172.217.194.0-255,9274,230113,13,273992
7819,0.002291,172.31.36.0-255,66,230179,13,273992
7820,0.002317,172.217.194.0-255,1484,231663,13,273992
7821,0.002339,172.217.194.0-255,2902,234565,13,273992
7822,0.002341,172.217.194.0-255,1484,236049,13,273992
7823,0.002361,172.217.194.0-255,4320,240369,13,273992
7824,0.002364,172.217.194.0-255,1484,241853,13,273992
7825,0.002376,172.31.36.0-255,66,241919,13,273992
7826,0.002382,172.217.194.0-255,4320,246239,13,273992
7827,0.002387,172.31.36.0-255,66,246305,13,273992
7828,0.0024,172.217.194.0-255,7156,253461,13,273992
7829,0.002405,172.217.194.0-255,4320,257781,13,273992
7830,0.002425,172.31.36.0-255,66,257847,13,273992
7831,0.004766,172.217.194.0-255,5738,263585,13,273992
7832,0.004773,172.31.36.0-255,66,263651,13,273992
7833,0.007114,172.217.194.0-255,5738,269389,13,273992
7834,0.010437,172.31.36.0-255,66,269455,13,273992
7835,0.012798,172.217.194.0-255,4300,273755,13,273992
7836,0.012809,172.31.36.0-255,66,273821,13,273992
7837,0.018179,172.31.36.0-255,105,273926,13,273992
7838,0.020479,172.217.194.0-255,66,273992,13,273992
7839,0.0,74.125.24.0-255,153,153,13,277200
7840,1.9e-05,172.31.36.0-255,66,219,13,277200
7841,4e-05,74.125.24.0-255,1484,1703,13,277200
7842,4.3e-05,172.31.36.0-255,66,1769,13,277200
7843,6.4e-05,74.125.24.0-255,2902,4671,13,277200
7844,6.6e-05,172.31.36.0-255,66,4737,13,277200
7845,7.3e-05,74.125.24.0-255,5738,10475,13,277200
7846,7.6e-05,172.31.36.0-255,66,10541,13,277200
7847,9.1e-05,74.125.24.0-255,1484,12025,13,277200
7848,9.3e-05,172.31.36.0-255,66,12091,13,277200
7849,9.6e-05,74.125.24.0-255,1484,13575,13,277200
7850,9.7e-05,172.31.36.0-255,66,13641,13,277200
7851,0.000128,74.125.24.0-255,10574,24215,13,277200
7852,0.000131,172.31.36.0-255,66,24281,13,277200
7853,0.000134,74.125.24.0-255,1484,25765,13,277200
7854,0.000136,172.31.36.0-255,66,25831,13,277200
7855,0.000155,74.125.24.0-255,4320,30151,13,277200
7856,0.000158,172.31.36.0-255,66,30217,13,277200
7857,0.000178,74.125.24.0-255,1125,31342,13,277200
7858,0.000181,172.31.36.0-255,66,31408,13,277200
7859,0.000764,74.125.24.0-255,1484,32892,13,277200
7860,0.00077,172.31.36.0-255,66,32958,13,277200
7861,0.000779,74.125.24.0-255,2902,35860,13,277200
7862,0.000781,172.31.36.0-255,66,35926,13,277200
7863,0.000801,74.125.24.0-255,4320,40246,13,277200
7864,0.000804,172.31.36.0-255,66,40312,13,277200
7865,0.000817,74.125.24.0-255,1484,41796,13,277200
7866,0.000819,172.31.36.0-255,66,41862,13,277200
7867,0.000824,74.125.24.0-255,4320,46182,13,277200
7868,0.000826,172.31.36.0-255,66,46248,13,277200
7869,0.000829,74.125.24.0-255,1484,47732,13,277200
7870,0.00083,172.31.36.0-255,66,47798,13,277200
7871,0.000874,172.31.36.0-255,66,47864,13,277200
7872,0.00088,74.125.24.0-255,5738,53602,13,277200
7873,0.000882,172.31.36.0-255,66,53668,13,277200
7874,0.000904,74.125.24.0-255,1399,55067,13,277200
7875,0.001155,74.125.24.0-255,381,55448,13,277200
7876,0.00116,172.31.36.0-255,66,55514,13,277200
7877,0.001628,74.125.24.0-255,1484,56998,13,277200
7878,0.001644,74.125.24.0-255,2902,59900,13,277200
7879,0.001646,172.31.36.0-255,66,59966,13,277200
7880,0.001662,74.125.24.0-255,1484,61450,13,277200
7881,0.001665,74.125.24.0-255,1484,62934,13,277200
7882,0.001667,172.31.36.0-255,66,63000,13,277200
7883,0.001683,74.125.24.0-255,1484,64484,13,277200
7884,0.001688,74.125.24.0-255,4320,68804,13,277200
7885,0.00169,172.31.36.0-255,66,68870,13,277200
7886,0.001706,74.125.24.0-255,1484,70354,13,277200
7887,0.001711,74.125.24.0-255,4320,74674,13,277200
7888,0.001724,74.125.24.0-255,5738,80412,13,277200
7889,0.001736,74.125.24.0-255,2902,83314,13,277200
7890,0.001742,74.125.24.0-255,6438,89752,13,277200
7891,0.001837,74.125.24.0-255,1484,91236,13,277200
7892,0.001855,74.125.24.0-255,2902,94138,13,277200
7893,0.001872,74.125.24.0-255,4320,98458,13,277200
7894,0.001887,74.125.24.0-255,1484,99942,13,277200
7895,0.001889,74.125.24.0-255,1484,101426,13,277200
7896,0.001908,74.125.24.0-255,5738,107164,13,277200
7897,0.001923,74.125.24.0-255,5738,112902,13,277200
7898,0.001927,74.125.24.0-255,4320,117222,13,277200
7899,0.001946,74.125.24.0-255,4320,121542,13,277200
7900,0.001968,74.125.24.0-255,2902,124444,13,277200
7901,0.001983,74.125.24.0-255,8574,133018,13,277200
7902,0.002028,74.125.24.0-255,5738,138756,13,277200
7903,0.002049,74.125.24.0-255,6438,145194,13,277200
7904,0.002128,74.125.24.0-255,1484,146678,13,277200
7905,0.002132,74.125.24.0-255,2902,149580,13,277200
7906,0.002154,74.125.24.0-255,2902,152482,13,277200
7907,0.002165,74.125.24.0-255,2902,155384,13,277200
7908,0.002169,74.125.24.0-255,2902,158286,13,277200
7909,0.002179,74.125.24.0-255,1484,159770,13,277200
7910,0.002195,74.125.24.0-255,4320,164090,13,277200
7911,0.00221,74.125.24.0-255,4320,168410,13,277200
7912,0.002246,74.125.24.0-255,8574,176984,13,277200
7913,0.00226,74.125.24.0-255,2184,179168,13,277200
7914,0.002398,74.125.24.0-255,1484,180652,13,277200
7915,0.002402,74.125.24.0-255,2902,183554,13,277200
7916,0.002435,74.125.24.0-255,5738,189292,13,277200
7917,0.002437,74.125.24.0-255,1484,190776,13,277200
7918,0.002442,74.125.24.0-255,4320,195096,13,277200
7919,0.002455,74.125.24.0-255,4320,199416,13,277200
7920,0.002528,74.125.24.0-255,5738,205154,13,277200
7921,0.002552,74.125.24.0-255,9992,215146,13,277200
7922,0.002566,74.125.24.0-255,9992,225138,13,277200
7923,0.002596,74.125.24.0-255,5738,230876,13,277200
7924,0.002678,74.125.24.0-255,5738,236614,13,277200
7925,0.002694,74.125.24.0-255,2184,238798,13,277200
7926,0.002697,74.125.24.0-255,2902,241700,13,277200
7927,0.002752,74.125.24.0-255,4320,246020,13,277200
7928,0.002759,74.125.24.0-255,7156,253176,13,277200
7929,0.002796,74.125.24.0-255,3602,256778,13,277200
7930,0.002802,74.125.24.0-255,5738,262516,13,277200
7931,0.002828,74.125.24.0-255,7856,270372,13,277200
7932,0.002835,74.125.24.0-255,6486,276858,13,277200
7933,0.002838,74.125.24.0-255,105,276963,13,277200
7934,0.005508,172.31.36.0-255,66,277029,13,277200
7935,0.008635,172.31.36.0-255,105,277134,13,277200
7936,0.010843,74.125.24.0-255,66,277200,13,277200
7937,0.0,172.217.194.0-255,150,150,13,274392
7938,1.5e-05,172.217.194.0-255,1484,1634,13,274392
7939,2.2e-05,172.31.36.0-255,66,1700,13,274392
7940,3.3e-05,172.217.194.0-255,2902,4602,13,274392
7941,3.7e-05,172.31.36.0-255,66,4668,13,274392
7942,4.5e-05,172.217.194.0-255,7156,11824,13,274392
7943,4.9e-05,172.31.36.0-255,66,11890,13,274392
7944,5.4e-05,172.217.194.0-255,4320,16210,13,274392
7945,5.7e-05,172.31.36.0-255,66,16276,13,274392
7946,8.1e-05,172.217.194.0-255,3456,19732,13,274392
7947,8.4e-05,172.31.36.0-255,66,19798,13,274392
7948,9.1e-05,172.217.194.0-255,5738,25536,13,274392
7949,9.4e-05,172.31.36.0-255,66,25602,13,274392
7950,0.00012,172.217.194.0-255,5379,30981,13,274392
7951,0.000123,172.31.36.0-255,66,31047,13,274392
7952,0.00021,172.217.194.0-255,1484,32531,13,274392
7953,0.000216,172.217.194.0-255,2902,35433,13,274392
7954,0.000219,172.31.36.0-255,66,35499,13,274392
7955,0.000243,172.217.194.0-255,5738,41237,13,274392
7956,0.000246,172.31.36.0-255,66,41303,13,274392
7957,0.000281,172.31.36.0-255,66,41369,13,274392
7958,0.000291,172.217.194.0-255,9633,51002,13,274392
7959,0.000293,172.31.36.0-255,66,51068,13,274392
7960,0.000627,172.217.194.0-255,363,51431,13,274392
7961,0.000901,172.217.194.0-255,1484,52915,13,274392
7962,0.000906,172.31.36.0-255,66,52981,13,274392
7963,0.000913,172.217.194.0-255,2902,55883,13,274392
7964,0.000915,172.31.36.0-255,66,55949,13,274392
7965,0.000921,172.217.194.0-255,4320,60269,13,274392
7966,0.000923,172.31.36.0-255,66,60335,13,274392
7967,0.000937,172.217.194.0-255,1484,61819,13,274392
7968,0.000944,172.217.194.0-255,5738,67557,13,274392
7969,0.000947,172.31.36.0-255,66,67623,13,274392
7970,0.00097,172.217.194.0-255,2834,70457,13,274392
7971,0.000973,172.31.36.0-255,66,70523,13,274392
7972,0.000981,172.217.194.0-255,8574,79097,13,274392
7973,0.000983,172.31.36.0-255,66,79163,13,274392
7974,0.001008,172.217.194.0-255,4320,83483,13,274392
7975,0.001012,172.31.36.0-255,66,83549,13,274392
7976,0.001022,172.217.194.0-255,2543,86092,13,274392
7977,0.001024,172.31.36.0-255,66,86158,13,274392
7978,0.001416,172.217.194.0-255,1484,87642,13,274392
7979,0.001434,172.217.194.0-255,2902,90544,13,274392
7980,0.001438,172.31.36.0-255,66,90610,13,274392
7981,0.001444,172.217.194.0-255,2902,93512,13,274392
7982,0.001446,172.31.36.0-255,66,93578,13,274392
7983,0.001463,172.217.194.0-255,1484,95062,13,274392
7984,0.001487,172.217.194.0-255,5738,100800,13,274392
7985,0.00149,172.31.36.0-255,66,100866,13,274392
7986,0.001521,172.217.194.0-255,4320,105186,13,274392
7987,0.001524,172.31.36.0-255,66,105252,13,274392
7988,0.001553,172.31.36.0-255,66,105318,13,274392
7989,0.001559,172.217.194.0-255,3602,108920,13,274392
7990,0.001562,172.31.36.0-255,66,108986,13,274392
7991,0.001735,172.217.194.0-255,1484,110470,13,274392
7992,0.001755,172.217.194.0-255,2902,113372,13,274392
7993,0.001758,172.31.36.0-255,66,113438,13,274392
7994,0.001766,172.217.194.0-255,5738,119176,13,274392
7995,0.001768,172.31.36.0-255,66,119242,13,274392
7996,0.00181,172.31.36.0-255,66,119308,13,274392
7997,0.001821,172.217.194.0-255,10692,130000,13,274392
7998,0.001823,172.31.36.0-255,66,130066,13,274392
7999,0.001955,172.217.194.0-255,1484,131550,13,274392
8000,0.001963,172.217.194.0-255,2902,134452,13,274392
8001,0.001966,172.31.36.0-255,66,134518,13,274392
8002,0.001971,172.217.194.0-255,2902,137420,13,274392
8003,0.001973,172.31.36.0-255,66,137486,13,274392
8004,0.001988,172.217.194.0-255,2902,140388,13,274392
8005,0.001992,172.31.36.0-255,66,140454,13,274392
8006,0.001997,172.217.194.0-255,4320,144774,13,274392
8007,0.001999,172.31.36.0-255,66,144840,13,274392
8008,0.002027,172.217.194.0-255,8574,153414,13,274392
8009,0.002031,172.31.36.0-255,66,153480,13,274392
8010,0.002037,172.217.194.0-255,4320,157800,13,274392
8011,0.002039,172.31.36.0-255,66,157866,13,274392
8012,0.002058,172.217.194.0-255,4320,162186,13,274392
8013,0.002061,172.31.36.0-255,66,162252,13,274392
8014,0.002066,172.217.194.0-255,2184,164436,13,274392
8015,0.002068,172.31.36.0-255,66,164502,13,274392
8016,0.002201,172.217.194.0-255,1484,165986,13,274392
8017,0.002208,172.217.194.0-255,2902,168888,13,274392
8018,0.002213,172.31.36.0-255,66,168954,13,274392
8019,0.002239,172.217.194.0-255,5738,174692,13,274392
8020,0.002242,172.31.36.0-255,66,174758,13,274392
8021,0.002257,172.31.36.0-255,66,174824,13,274392
8022,0.002286,172.217.194.0-255,1484,176308,13,274392
8023,0.002296,172.217.194.0-255,10692,187000,13,274392
8024,0.002299,172.31.36.0-255,66,187066,13,274392
8025,0.00232,172.217.194.0-255,8574,195640,13,274392
8026,0.002322,172.31.36.0-255,66,195706,13,274392
8027,0.002372,172.31.36.0-255,66,195772,13,274392
8028,0.00238,172.217.194.0-255,7856,203628,13,274392
8029,0.002383,172.31.36.0-255,66,203694,13,274392
8030,0.002441,172.217.194.0-255,1484,205178,13,274392
8031,0.002464,172.217.194.0-255,2902,208080,13,274392
8032,0.002467,172.31.36.0-255,66,208146,13,274392
8033,0.002474,172.217.194.0-255,5738,213884,13,274392
8034,0.002477,172.31.36.0-255,66,213950,13,274392
8035,0.002484,172.217.194.0-255,7156,221106,13,274392
8036,0.002487,172.31.36.0-255,66,221172,13,274392
8037,0.002534,172.31.36.0-255,66,221238,13,274392
8038,0.002554,172.217.194.0-255,2184,223422,13,274392
8039,0.002556,172.31.36.0-255,66,223488,13,274392
8040,0.002595,172.217.194.0-255,1484,224972,13,274392
8041,0.002611,172.217.194.0-255,1484,226456,13,274392
8042,0.002614,172.31.36.0-255,66,226522,13,274392
8043,0.002629,172.217.194.0-255,1484,228006,13,274392
8044,0.002634,172.217.194.0-255,2902,230908,13,274392
8045,0.002636,172.31.36.0-255,66,230974,13,274392
8046,0.00264,172.217.194.0-255,1484,232458,13,274392
8047,0.002654,172.217.194.0-255,2902,235360,13,274392
8048,0.002656,172.31.36.0-255,66,235426,13,274392
8049,0.002661,172.217.194.0-255,4320,239746,13,274392
8050,0.002664,172.31.36.0-255,66,239812,13,274392
8051,0.002685,172.217.194.0-255,4320,244132,13,274392
8052,0.002687,172.31.36.0-255,66,244198,13,274392
8053,0.002696,172.217.194.0-255,7156,251354,13,274392
8054,0.002698,172.31.36.0-255,66,251420,13,274392
8055,0.002747,172.217.194.0-255,6438,257858,13,274392
8056,0.002751,172.31.36.0-255,66,257924,13,274392
8057,0.002766,172.31.36.0-255,66,257990,13,274392
8058,0.00281,172.217.194.0-255,2902,260892,13,274392
8059,0.002812,172.31.36.0-255,66,260958,13,274392
8060,0.002841,172.31.36.0-255,66,261024,13,274392
8061,0.002847,172.217.194.0-255,5020,266044,13,274392
8062,0.002849,172.31.36.0-255,66,266110,13,274392
8063,0.002858,172.217.194.0-255,7940,274050,13,274392
8064,0.00286,172.31.36.0-255,66,274116,13,274392
8065,0.002885,172.217.194.0-255,105,274221,13,274392
8066,0.005551,172.31.36.0-255,105,274326,13,274392
8067,0.007866,172.217.194.0-255,66,274392,13,274392
8068,0.0,74.125.68.0-255,143,143,13,334279
8069,2.2e-05,172.31.36.0-255,66,209,13,334279
8070,3e-05,74.125.68.0-255,1484,1693,13,334279
8071,3.5e-05,172.31.36.0-255,66,1759,13,334279
8072,4.1e-05,74.125.68.0-255,2902,4661,13,334279
8073,4.5e-05,172.31.36.0-255,66,4727,13,334279
8074,4.8e-05,74.125.68.0-255,1484,6211,13,334279
8075,5.1e-05,172.31.36.0-255,66,6277,13,334279
8076,7.8e-05,74.125.68.0-255,5738,12015,13,334279
8077,8.1e-05,172.31.36.0-255,66,12081,13,334279
8078,8.5e-05,74.125.68.0-255,1484,13565,13,334279
8079,8.7e-05,172.31.36.0-255,66,13631,13,334279
8080,0.000118,74.125.68.0-255,6300,19931,13,334279
8081,0.000121,172.31.36.0-255,66,19997,13,334279
8082,0.000125,74.125.68.0-255,2902,22899,13,334279
8083,0.000128,172.31.36.0-255,66,22965,13,334279
8084,0.000134,74.125.68.0-255,4320,27285,13,334279
8085,0.000136,172.31.36.0-255,66,27351,13,334279
8086,0.000144,74.125.68.0-255,8574,35925,13,334279
8087,0.000147,172.31.36.0-255,66,35991,13,334279
8088,0.000153,74.125.68.0-255,5738,41729,13,334279
8089,0.000156,172.31.36.0-255,66,41795,13,334279
8090,0.000175,74.125.68.0-255,1484,43279,13,334279
8091,0.000177,172.31.36.0-255,66,43345,13,334279
8092,0.000201,74.125.68.0-255,2902,46247,13,334279
8093,0.000203,172.31.36.0-255,66,46313,13,334279
8094,0.000222,74.125.68.0-255,2184,48497,13,334279
8095,0.000224,172.31.36.0-255,66,48563,13,334279
8096,0.000248,74.125.68.0-255,5738,54301,13,334279
8097,0.000251,172.31.36.0-255,66,54367,13,334279
8098,0.000256,74.125.68.0-255,4320,58687,13,334279
8099,0.000259,172.31.36.0-255,66,58753,13,334279
8100,0.000263,74.125.68.0-255,2902,61655,13,334279
8101,0.000266,172.31.36.0-255,66,61721,13,334279
8102,0.000289,74.125.68.0-255,2902,64623,13,334279
8103,0.000292,172.31.36.0-255,66,64689,13,334279
8104,0.000295,74.125.68.0-255,1465,66154,13,334279
8105,0.000348,74.125.68.0-255,1484,67638,13,334279
8106,0.000352,74.125.68.0-255,1484,69122,13,334279
8107,0.000367,74.125.68.0-255,1484,70606,13,334279
8108,0.000383,74.125.68.0-255,5738,76344,13,334279
8109,0.00041,74.125.68.0-255,4320,80664,13,334279
8110,0.000435,74.125.68.0-255,7156,87820,13,334279
8111,0.000461,74.125.68.0-255,1484,89304,13,334279
8112,0.00048,74.125.68.0-255,10692,99996,13,334279
8113,0.000496,74.125.68.0-255,1484,101480,13,334279
8114,0.000511,74.125.68.0-255,2902,104382,13,334279
8115,0.000538,74.125.68.0-255,5738,110120,13,334279
8116,0.000556,74.125.68.0-255,5738,115858,13,334279
8117,0.000575,74.125.68.0-255,7156,123014,13,334279
8118,0.00058,74.125.68.0-255,4320,127334,13,334279
8119,0.000619,74.125.68.0-255,4320,131654,13,334279
8120,0.00063,74.125.68.0-255,2184,133838,13,334279
8121,0.000658,74.125.68.0-255,4320,138158,13,334279
8122,0.00068,74.125.68.0-255,2902,141060,13,334279
8123,0.000685,74.125.68.0-255,2902,143962,13,334279
8124,0.000694,172.31.36.0-255,66,144028,13,334279
8125,0.000703,74.125.68.0-255,1484,145512,13,334279
8126,0.000723,74.125.68.0-255,8574,154086,13,334279
8127,0.000742,74.125.68.0-255,1484,155570,13,334279
8128,0.00075,74.125.68.0-255,7156,162726,13,334279
8129,0.000762,172.31.36.0-255,66,162792,13,334279
8130,0.000787,74.125.68.0-255,5020,167812,13,334279
8131,0.000795,172.31.36.0-255,66,167878,13,334279
8132,0.000928,74.125.68.0-255,1484,169362,13,334279
8133,0.000933,74.125.68.0-255,1484,170846,13,334279
8134,0.000948,172.31.36.0-255,66,170912,13,334279
8135,0.000952,74.125.68.0-255,1484,172396,13,334279
8136,0.000958,74.125.68.0-255,5738,178134,13,334279
8137,0.00097,172.31.36.0-255,66,178200,13,334279
8138,0.000987,74.125.68.0-255,4320,182520,13,334279
8139,0.001004,74.125.68.0-255,5738,188258,13,334279
8140,0.001012,74.125.68.0-255,7156,195414,13,334279
8141,0.001017,172.31.36.0-255,66,195480,13,334279
8142,0.001034,74.125.68.0-255,4320,199800,13,334279
8143,0.001039,74.125.68.0-255,2184,201984,13,334279
8144,0.001055,172.31.36.0-255,66,202050,13,334279
8145,0.001124,74.125.68.0-255,1484,203534,13,334279
8146,0.001147,74.125.68.0-255,2902,206436,13,334279
8147,0.001154,74.125.68.0-255,5738,212174,13,334279
8148,0.001173,172.31.36.0-255,66,212240,13,334279
8149,0.00119,74.125.68.0-255,9992,222232,13,334279
8150,0.001208,74.125.68.0-255,2902,225134,13,334279
8151,0.001214,172.31.36.0-255,66,225200,13,334279
8152,0.001262,74.125.68.0-255,10692,235892,13,334279
8153,0.001269,172.31.36.0-255,66,235958,13,334279
8154,0.001281,74.125.68.0-255,2902,238860,13,334279
8155,0.001305,74.125.68.0-255,8574,247434,13,334279
8156,0.001309,74.125.68.0-255,2902,250336,13,334279
8157,0.001312,172.31.36.0-255,66,250402,13,334279
8158,0.001318,172.31.36.0-255,66,250468,13,334279
8159,0.001343,74.125.68.0-255,9992,260460,13,334279
8160,0.001351,74.125.68.0-255,7156,267616,13,334279
8161,0.001365,74.125.68.0-255,2184,269800,13,334279
8162,0.001401,74.125.68.0-255,1484,271284,13,334279
8163,0.001422,74.125.68.0-255,8574,279858,13,334279
8164,0.001427,74.125.68.0-255,4320,284178,13,334279
8165,0.001432,74.125.68.0-255,4320,288498,13,334279
8166,0.00145,172.31.36.0-255,66,288564,13,334279
8167,0.001476,74.125.68.0-255,3602,292166,13,334279
8168,0.001497,172.31.36.0-255,66,292232,13,334279
8169,0.001508,74.125.68.0-255,5738,297970,13,334279
8170,0.001514,172.31.36.0-255,66,298036,13,334279
8171,0.001528,74.125.68.0-255,8574,306610,13,334279
8172,0.001545,74.125.68.0-255,4320,310930,13,334279
8173,0.001558,172.31.36.0-255,66,310996,13,334279
8174,0.001592,74.125.68.0-255,3602,314598,13,334279
8175,0.001604,74.125.68.0-255,2902,317500,13,334279
8176,0.001637,172.31.36.0-255,66,317566,13,334279
8177,0.001695,74.125.68.0-255,2902,320468,13,334279
8178,0.0017,74.125.68.0-255,3602,324070,13,334279
8179,0.001703,172.31.36.0-255,66,324136,13,334279
8180,0.001713,172.31.36.0-255,66,324202,13,334279
8181,0.001718,74.125.68.0-255,4320,328522,13,334279
8182,0.001734,74.125.68.0-255,5349,333871,13,334279
8183,0.001755,172.31.36.0-255,66,333937,13,334279
8184,0.001759,74.125.68.0-255,105,334042,13,334279
8185,0.009996,172.31.36.0-255,66,334108,13,334279
8186,0.010043,172.31.36.0-255,105,334213,13,334279
8187,0.012535,74.125.68.0-255,66,334279,13,334279
8188,0.0,74.125.24.0-255,146,146,13,274188
8189,2.3e-05,172.31.36.0-255,66,212,13,274188
8190,3.2e-05,74.125.24.0-255,1484,1696,13,274188
8191,3.7e-05,172.31.36.0-255,66,1762,13,274188
8192,4.3e-05,74.125.24.0-255,2902,4664,13,274188
8193,5.4e-05,172.31.36.0-255,66,4730,13,274188
8194,6.2e-05,74.125.24.0-255,7156,11886,13,274188
8195,6.6e-05,172.31.36.0-255,66,11952,13,274188
8196,7e-05,74.125.24.0-255,2012,13964,13,274188
8197,7.4e-05,172.31.36.0-255,66,14030,13,274188
8198,0.000106,74.125.24.0-255,2902,16932,13,274188
8199,0.00011,172.31.36.0-255,66,16998,13,274188
8200,0.000118,74.125.24.0-255,7156,24154,13,274188
8201,0.000121,172.31.36.0-255,66,24220,13,274188
8202,0.000131,74.125.24.0-255,4320,28540,13,274188
8203,0.000134,172.31.36.0-255,66,28606,13,274188
8204,0.000179,74.125.24.0-255,2543,31149,13,274188
8205,0.000182,172.31.36.0-255,66,31215,13,274188
8206,0.000264,74.125.24.0-255,1484,32699,13,274188
8207,0.000267,172.31.36.0-255,66,32765,13,274188
8208,0.000272,74.125.24.0-255,2902,35667,13,274188
8209,0.000274,172.31.36.0-255,66,35733,13,274188
8210,0.000277,74.125.24.0-255,1484,37217,13,274188
8211,0.000285,172.31.36.0-255,66,37283,13,274188
8212,0.000316,74.125.24.0-255,4320,41603,13,274188
8213,0.000319,172.31.36.0-255,66,41669,13,274188
8214,0.000359,172.31.36.0-255,66,41735,13,274188
8215,0.000368,74.125.24.0-255,9633,51368,13,274188
8216,0.000375,172.31.36.0-255,66,51434,13,274188
8217,0.000378,74.125.24.0-255,445,51879,13,274188
8218,0.00038,172.31.36.0-255,66,51945,13,274188
8219,0.00041,74.125.24.0-255,329,52274,13,274188
8220,0.000412,172.31.36.0-255,66,52340,13,274188
8221,0.000674,74.125.24.0-255,1484,53824,13,274188
8222,0.00068,172.31.36.0-255,66,53890,13,274188
8223,0.000686,74.125.24.0-255,2902,56792,13,274188
8224,0.000689,172.31.36.0-255,66,56858,13,274188
8225,0.000701,74.125.24.0-255,5738,62596,13,274188
8226,0.000703,172.31.36.0-255,66,62662,13,274188
8227,0.000744,172.31.36.0-255,66,62728,13,274188
8228,0.000754,74.125.24.0-255,8574,71302,13,274188
8229,0.000756,172.31.36.0-255,66,71368,13,274188
8230,0.000772,74.125.24.0-255,2184,73552,13,274188
8231,0.000774,172.31.36.0-255,66,73618,13,274188
8232,0.000992,74.125.24.0-255,1484,75102,13,274188
8233,0.000997,172.31.36.0-255,66,75168,13,274188
8234,0.001003,74.125.24.0-255,2902,78070,13,274188
8235,0.001005,172.31.36.0-255,66,78136,13,274188
8236,0.001035,74.125.24.0-255,5738,83874,13,274188
8237,0.001037,172.31.36.0-255,66,83940,13,274188
8238,0.001045,74.125.24.0-255,5738,89678,13,274188
8239,0.001071,74.125.24.0-255,7156,96834,13,274188
8240,0.001078,74.125.24.0-255,7156,103990,13,274188
8241,0.001091,172.31.36.0-255,66,104056,13,274188
8242,0.001117,74.125.24.0-255,3602,107658,13,274188
8243,0.001127,172.31.36.0-255,66,107724,13,274188
8244,0.001706,74.125.24.0-255,1484,109208,13,274188
8245,0.00171,172.31.36.0-255,66,109274,13,274188
8246,0.001717,74.125.24.0-255,2902,112176,13,274188
8247,0.001719,172.31.36.0-255,66,112242,13,274188
8248,0.001751,74.125.24.0-255,5738,117980,13,274188
8249,0.001759,74.125.24.0-255,8574,126554,13,274188
8250,0.001763,172.31.36.0-255,66,126620,13,274188
8251,0.001791,172.31.36.0-255,66,126686,13,274188
8252,0.001845,172.31.36.0-255,66,126752,13,274188
8253,0.001869,74.125.24.0-255,2902,129654,13,274188
8254,0.001874,172.31.36.0-255,66,129720,13,274188
8255,0.001914,172.31.36.0-255,66,129786,13,274188
8256,0.001935,172.31.36.0-255,66,129852,13,274188
8257,0.001957,74.125.24.0-255,5738,135590,13,274188
8258,0.001964,74.125.24.0-255,766,136356,13,274188
8259,0.001967,74.125.24.0-255,1484,137840,13,274188
8260,0.001971,74.125.24.0-255,2902,140742,13,274188
8261,0.002014,74.125.24.0-255,4320,145062,13,274188
8262,0.002032,74.125.24.0-255,1484,146546,13,274188
8263,0.002038,74.125.24.0-255,5738,152284,13,274188
8264,0.002054,74.125.24.0-255,5020,157304,13,274188
8265,0.002058,172.31.36.0-255,66,157370,13,274188
8266,0.002069,172.31.36.0-255,66,157436,13,274188
8267,0.002159,74.125.24.0-255,1484,158920,13,274188
8268,0.002176,74.125.24.0-255,2902,161822,13,274188
8269,0.002183,74.125.24.0-255,5738,167560,13,274188
8270,0.002206,74.125.24.0-255,7156,174716,13,274188
8271,0.002222,74.125.24.0-255,2902,177618,13,274188
8272,0.002227,172.31.36.0-255,66,177684,13,274188
8273,0.00225,74.125.24.0-255,1484,179168,13,274188
8274,0.002267,74.125.24.0-255,8574,187742,13,274188
8275,0.002293,74.125.24.0-255,3602,191344,13,274188
8276,0.002295,74.125.24.0-255,1484,192828,13,274188
8277,0.002355,74.125.24.0-255,3602,196430,13,274188
8278,0.002364,74.125.24.0-255,9992,206422,13,274188
8279,0.002389,74.125.24.0-255,5738,212160,13,274188
8280,0.002392,74.125.24.0-255,1484,213644,13,274188
8281,0.002399,74.125.24.0-255,7156,220800,13,274188
8282,0.002424,74.125.24.0-255,7856,228656,13,274188
8283,0.002686,74.125.24.0-255,1484,230140,13,274188
8284,0.0027,74.125.24.0-255,2902,233042,13,274188
8285,0.00271,74.125.24.0-255,1484,234526,13,274188
8286,0.002727,74.125.24.0-255,4320,238846,13,274188
8287,0.002729,74.125.24.0-255,1484,240330,13,274188
8288,0.002748,74.125.24.0-255,8574,248904,13,274188
8289,0.002774,74.125.24.0-255,2902,251806,13,274188
8290,0.002784,74.125.24.0-255,10692,262498,13,274188
8291,0.002808,74.125.24.0-255,4320,266818,13,274188
8292,0.002828,74.125.24.0-255,7028,273846,13,274188
8293,0.002843,74.125.24.0-255,105,273951,13,274188
8294,0.008507,172.31.36.0-255,66,274017,13,274188
8295,0.010425,172.31.36.0-255,105,274122,13,274188
8296,0.012628,74.125.24.0-255,66,274188,13,274188
8297,0.0,74.125.68.0-255,150,150,13,385467
8298,1.7e-05,172.31.36.0-255,66,216,13,385467
8299,4.7e-05,74.125.68.0-255,1484,1700,13,385467
8300,5.2e-05,172.31.36.0-255,66,1766,13,385467
8301,5.8e-05,74.125.68.0-255,2902,4668,13,385467
8302,6e-05,172.31.36.0-255,66,4734,13,385467
8303,6.6e-05,74.125.68.0-255,5738,10472,13,385467
8304,7e-05,172.31.36.0-255,66,10538,13,385467
8305,7.4e-05,74.125.68.0-255,2902,13440,13,385467
8306,7.7e-05,172.31.36.0-255,66,13506,13,385467
8307,0.000127,74.125.68.0-255,653,14159,13,385467
8308,0.000132,172.31.36.0-255,66,14225,13,385467
8309,0.000167,74.125.68.0-255,1484,15709,13,385467
8310,0.000171,172.31.36.0-255,66,15775,13,385467
8311,0.000198,74.125.68.0-255,4320,20095,13,385467
8312,0.000203,172.31.36.0-255,66,20161,13,385467
8313,0.00022,74.125.68.0-255,2902,23063,13,385467
8314,0.000223,172.31.36.0-255,66,23129,13,385467
8315,0.000226,74.125.68.0-255,1484,24613,13,385467
8316,0.000229,172.31.36.0-255,66,24679,13,385467
8317,0.000251,74.125.68.0-255,2902,27581,13,385467
8318,0.000254,172.31.36.0-255,66,27647,13,385467
8319,0.000258,74.125.68.0-255,3961,31608,13,385467
8320,0.000261,172.31.36.0-255,66,31674,13,385467
8321,0.00032,74.125.68.0-255,1484,33158,13,385467
8322,0.000323,172.31.36.0-255,66,33224,13,385467
8323,0.000329,74.125.68.0-255,2902,36126,13,385467
8324,0.00033,172.31.36.0-255,66,36192,13,385467
8325,0.000341,74.125.68.0-255,1484,37676,13,385467
8326,0.000343,172.31.36.0-255,66,37742,13,385467
8327,0.000364,74.125.68.0-255,4320,42062,13,385467
8328,0.000366,172.31.36.0-255,66,42128,13,385467
8329,0.000378,74.125.68.0-255,1484,43612,13,385467
8330,0.000396,74.125.68.0-255,5379,48991,13,385467
8331,0.000398,172.31.36.0-255,66,49057,13,385467
8332,0.000401,74.125.68.0-255,1484,50541,13,385467
8333,0.000416,74.125.68.0-255,2902,53443,13,385467
8334,0.000418,172.31.36.0-255,66,53509,13,385467
8335,0.000439,74.125.68.0-255,2902,56411,13,385467
8336,0.000441,172.31.36.0-255,66,56477,13,385467
8337,0.000445,74.125.68.0-255,4320,60797,13,385467
8338,0.000448,172.31.36.0-255,66,60863,13,385467
8339,0.000462,74.125.68.0-255,5379,66242,13,385467
8340,0.000464,172.31.36.0-255,66,66308,13,385467
8341,0.000899,74.125.68.0-255,400,66708,13,385467
8342,0.000912,74.125.68.0-255,342,67050,13,385467
8343,0.000994,172.31.36.0-255,66,67116,13,385467
8344,0.00159,74.125.68.0-255,1484,68600,13,385467
8345,0.001599,74.125.68.0-255,2902,71502,13,385467
8346,0.001603,172.31.36.0-255,66,71568,13,385467
8347,0.001641,74.125.68.0-255,5738,77306,13,385467
8348,0.001643,172.31.36.0-255,66,77372,13,385467
8349,0.001664,74.125.68.0-255,4320,81692,13,385467
8350,0.001666,172.31.36.0-255,66,81758,13,385467
8351,0.00169,74.125.68.0-255,4320,86078,13,385467
8352,0.001691,172.31.36.0-255,66,86144,13,385467
8353,0.0017,74.125.68.0-255,9992,96136,13,385467
8354,0.001702,172.31.36.0-255,66,96202,13,385467
8355,0.001707,74.125.68.0-255,2902,99104,13,385467
8356,0.001708,172.31.36.0-255,66,99170,13,385467
8357,0.001748,74.125.68.0-255,2184,101354,13,385467
8358,0.00175,172.31.36.0-255,66,101420,13,385467
8359,0.002799,74.125.68.0-255,1484,102904,13,385467
8360,0.002814,74.125.68.0-255,1484,104388,13,385467
8361,0.002816,172.31.36.0-255,66,104454,13,385467
8362,0.002836,74.125.68.0-255,1484,105938,13,385467
8363,0.00284,74.125.68.0-255,4320,110258,13,385467
8364,0.002842,172.31.36.0-255,66,110324,13,385467
8365,0.002859,74.125.68.0-255,4320,114644,13,385467
8366,0.00286,172.31.36.0-255,66,114710,13,385467
8367,0.002871,74.125.68.0-255,1484,116194,13,385467
8368,0.002877,74.125.68.0-255,4320,120514,13,385467
8369,0.002879,172.31.36.0-255,66,120580,13,385467
8370,0.002901,74.125.68.0-255,2902,123482,13,385467
8371,0.002903,172.31.36.0-255,66,123548,13,385467
8372,0.002905,74.125.68.0-255,1484,125032,13,385467
8373,0.00292,74.125.68.0-255,1484,126516,13,385467
8374,0.002922,172.31.36.0-255,66,126582,13,385467
8375,0.002944,74.125.68.0-255,5738,132320,13,385467
8376,0.002946,172.31.36.0-255,66,132386,13,385467
8377,0.00298,74.125.68.0-255,3602,135988,13,385467
8378,0.002981,172.31.36.0-255,66,136054,13,385467
8379,0.003352,74.125.68.0-255,1484,137538,13,385467
8380,0.003368,74.125.68.0-255,2902,140440,13,385467
8381,0.00337,172.31.36.0-255,66,140506,13,385467
8382,0.003373,74.125.68.0-255,1484,141990,13,385467
8383,0.003389,74.125.68.0-255,2902,144892,13,385467
8384,0.003392,172.31.36.0-255,66,144958,13,385467
8385,0.003409,74.125.68.0-255,4320,149278,13,385467
8386,0.003411,172.31.36.0-255,66,149344,13,385467
8387,0.003436,74.125.68.0-255,1484,150828,13,385467
8388,0.003448,74.125.68.0-255,1484,152312,13,385467
8389,0.00345,172.31.36.0-255,66,152378,13,385467
8390,0.003475,74.125.68.0-255,7156,159534,13,385467
8391,0.003477,172.31.36.0-255,66,159600,13,385467
8392,0.003486,74.125.68.0-255,9992,169592,13,385467
8393,0.003488,172.31.36.0-255,66,169658,13,385467
8394,0.00349,74.125.68.0-255,766,170424,13,385467
8395,0.003493,74.125.68.0-255,1484,171908,13,385467
8396,0.003495,172.31.36.0-255,66,171974,13,385467
8397,0.0035,74.125.68.0-255,4320,176294,13,385467
8398,0.003502,172.31.36.0-255,66,176360,13,385467
8399,0.003515,74.125.68.0-255,2902,179262,13,385467
8400,0.003517,172.31.36.0-255,66,179328,13,385467
8401,0.003541,74.125.68.0-255,4320,183648,13,385467
8402,0.003544,172.31.36.0-255,66,183714,13,385467
8403,0.003549,74.125.68.0-255,4320,188034,13,385467
8404,0.00355,172.31.36.0-255,66,188100,13,385467
8405,0.003556,74.125.68.0-255,5738,193838,13,385467
8406,0.003558,172.31.36.0-255,66,193904,13,385467
8407,0.003618,74.125.68.0-255,5738,199642,13,385467
8408,0.00362,172.31.36.0-255,66,199708,13,385467
8409,0.003639,74.125.68.0-255,5020,204728,13,385467
8410,0.003641,172.31.36.0-255,66,204794,13,385467
8411,0.00376,74.125.68.0-255,1484,206278,13,385467
8412,0.003773,74.125.68.0-255,1484,207762,13,385467
8413,0.003774,172.31.36.0-255,66,207828,13,385467
8414,0.003794,74.125.68.0-255,1484,209312,13,385467
8415,0.003799,74.125.68.0-255,4320,213632,13,385467
8416,0.003801,172.31.36.0-255,66,213698,13,385467
8417,0.003816,74.125.68.0-255,2902,216600,13,385467
8418,0.003818,172.31.36.0-255,66,216666,13,385467
8419,0.003843,74.125.68.0-255,5738,222404,13,385467
8420,0.003845,172.31.36.0-255,66,222470,13,385467
8421,0.003848,74.125.68.0-255,1484,223954,13,385467
8422,0.00387,74.125.68.0-255,5738,229692,13,385467
8423,0.003872,172.31.36.0-255,66,229758,13,385467
8424,0.003894,74.125.68.0-255,1484,231242,13,385467
8425,0.003908,74.125.68.0-255,2902,234144,13,385467
8426,0.003911,172.31.36.0-255,66,234210,13,385467
8427,0.003932,74.125.68.0-255,4320,238530,13,385467
8428,0.003934,172.31.36.0-255,66,238596,13,385467
8429,0.003937,74.125.68.0-255,766,239362,13,385467
8430,0.003991,74.125.68.0-255,1484,240846,13,385467
8431,0.003993,172.31.36.0-255,66,240912,13,385467
8432,0.004011,74.125.68.0-255,2902,243814,13,385467
8433,0.004013,172.31.36.0-255,66,243880,13,385467
8434,0.00404,74.125.68.0-255,5738,249618,13,385467
8435,0.004042,172.31.36.0-255,66,249684,13,385467
8436,0.004062,74.125.68.0-255,5738,255422,13,385467
8437,0.004066,74.125.68.0-255,1484,256906,13,385467
8438,0.004071,74.125.68.0-255,4320,261226,13,385467
8439,0.004093,74.125.68.0-255,4320,265546,13,385467
8440,0.004096,74.125.68.0-255,1484,267030,13,385467
8441,0.004116,74.125.68.0-255,2902,269932,13,385467
8442,0.004145,74.125.68.0-255,3602,273534,13,385467
8443,0.004167,74.125.68.0-255,4320,277854,13,385467
8444,0.004193,74.125.68.0-255,4320,282174,13,385467
8445,0.004215,74.125.68.0-255,4320,286494,13,385467
8446,0.00422,74.125.68.0-255,2902,289396,13,385467
8447,0.004243,74.125.68.0-255,2902,292298,13,385467
8448,0.004263,74.125.68.0-255,5738,298036,13,385467
8449,0.004268,74.125.68.0-255,2902,300938,13,385467
8450,0.004296,74.125.68.0-255,2902,303840,13,385467
8451,0.00431,74.125.68.0-255,3602,307442,13,385467
8452,0.004313,74.125.68.0-255,1484,308926,13,385467
8453,0.00434,74.125.68.0-255,2902,311828,13,385467
8454,0.004364,74.125.68.0-255,7156,318984,13,385467
8455,0.004369,74.125.68.0-255,2902,321886,13,385467
8456,0.004382,74.125.68.0-255,1484,323370,13,385467
8457,0.004387,74.125.68.0-255,2902,326272,13,385467
8458,0.0044,74.125.68.0-255,1484,327756,13,385467
8459,0.004409,74.125.68.0-255,5738,333494,13,385467
8460,0.004431,74.125.68.0-255,7856,341350,13,385467
8461,0.004446,74.125.68.0-255,5738,347088,13,385467
8462,0.004469,74.125.68.0-255,7156,354244,13,385467
8463,0.004493,74.125.68.0-255,4320,358564,13,385467
8464,0.00451,74.125.68.0-255,7156,365720,13,385467
8465,0.004535,74.125.68.0-255,4320,370040,13,385467
8466,0.004564,74.125.68.0-255,7856,377896,13,385467
8467,0.004569,74.125.68.0-255,4320,382216,13,385467
8468,0.004612,74.125.68.0-255,2255,384471,13,385467
8469,0.004629,74.125.68.0-255,105,384576,13,385467
8470,0.004664,74.125.68.0-255,129,384705,13,385467
8471,0.008719,172.31.36.0-255,66,384771,13,385467
8472,0.011096,172.31.36.0-255,105,384876,13,385467
8473,0.011128,172.31.36.0-255,105,384981,13,385467
8474,0.011348,172.31.36.0-255,90,385071,13,385467
8475,0.011357,172.31.36.0-255,66,385137,13,385467
8476,0.013542,74.125.68.0-255,66,385203,13,385467
8477,0.01355,74.125.68.0-255,66,385269,13,385467
8478,0.013764,74.125.68.0-255,66,385335,13,385467
8479,0.013802,74.125.68.0-255,66,385401,13,385467
8480,0.013808,172.31.36.0-255,66,385467,13,385467
8481,0.0,74.125.24.0-255,153,153,13,209610
8482,2.4e-05,172.31.36.0-255,66,219,13,209610
8483,3.2e-05,74.125.24.0-255,1484,1703,13,209610
8484,3.6e-05,172.31.36.0-255,66,1769,13,209610
8485,4.2e-05,74.125.24.0-255,2902,4671,13,209610
8486,5.5e-05,172.31.36.0-255,66,4737,13,209610
8487,6.3e-05,74.125.24.0-255,7156,11893,13,209610
8488,6.6e-05,172.31.36.0-255,66,11959,13,209610
8489,7e-05,74.125.24.0-255,2035,13994,13,209610
8490,7.2e-05,172.31.36.0-255,66,14060,13,209610
8491,0.000124,74.125.24.0-255,1484,15544,13,209610
8492,0.000127,172.31.36.0-255,66,15610,13,209610
8493,0.000132,74.125.24.0-255,2902,18512,13,209610
8494,0.000135,172.31.36.0-255,66,18578,13,209610
8495,0.000138,74.125.24.0-255,1484,20062,13,209610
8496,0.00014,172.31.36.0-255,66,20128,13,209610
8497,0.000158,74.125.24.0-255,4320,24448,13,209610
8498,0.000161,172.31.36.0-255,66,24514,13,209610
8499,0.000174,74.125.24.0-255,6797,31311,13,209610
8500,0.000176,172.31.36.0-255,66,31377,13,209610
8501,0.00033,74.125.24.0-255,1484,32861,13,209610
8502,0.000335,172.31.36.0-255,66,32927,13,209610
8503,0.00034,74.125.24.0-255,2902,35829,13,209610
8504,0.000343,172.31.36.0-255,66,35895,13,209610
8505,0.000355,74.125.24.0-255,5738,41633,13,209610
8506,0.000358,172.31.36.0-255,66,41699,13,209610
8507,0.000361,74.125.24.0-255,1484,43183,13,209610
8508,0.000363,172.31.36.0-255,66,43249,13,209610
8509,0.000393,74.125.24.0-255,2902,46151,13,209610
8510,0.000396,172.31.36.0-255,66,46217,13,209610
8511,0.000423,74.125.24.0-255,2543,48760,13,209610
8512,0.000427,172.31.36.0-255,66,48826,13,209610
8513,0.000883,74.125.24.0-255,1484,50310,13,209610
8514,0.000904,74.125.24.0-255,2902,53212,13,209610
8515,0.000909,172.31.36.0-255,66,53278,13,209610
8516,0.000916,74.125.24.0-255,5738,59016,13,209610
8517,0.000918,172.31.36.0-255,66,59082,13,209610
8518,0.000927,74.125.24.0-255,2902,61984,13,209610
8519,0.000929,172.31.36.0-255,66,62050,13,209610
8520,0.000975,74.125.24.0-255,4540,66590,13,209610
8521,0.000978,172.31.36.0-255,66,66656,13,209610
8522,0.001316,74.125.24.0-255,1484,68140,13,209610
8523,0.001326,74.125.24.0-255,2902,71042,13,209610
8524,0.00133,172.31.36.0-255,66,71108,13,209610
8525,0.001368,74.125.24.0-255,5738,76846,13,209610
8526,0.001371,172.31.36.0-255,66,76912,13,209610
8527,0.00139,172.31.36.0-255,66,76978,13,209610
8528,0.001396,74.125.24.0-255,4320,81298,13,209610
8529,0.001398,172.31.36.0-255,66,81364,13,209610
8530,0.001443,74.125.24.0-255,6438,87802,13,209610
8531,0.001446,172.31.36.0-255,66,87868,13,209610
8532,0.001491,74.125.24.0-255,1484,89352,13,209610
8533,0.001495,74.125.24.0-255,1484,90836,13,209610
8534,0.001498,172.31.36.0-255,66,90902,13,209610
8535,0.001523,74.125.24.0-255,1484,92386,13,209610
8536,0.00153,74.125.24.0-255,5738,98124,13,209610
8537,0.001532,172.31.36.0-255,66,98190,13,209610
8538,0.001539,74.125.24.0-255,4320,102510,13,209610
8539,0.001541,172.31.36.0-255,66,102576,13,209610
8540,0.001581,172.31.36.0-255,66,102642,13,209610
8541,0.001619,74.125.24.0-255,5738,108380,13,209610
8542,0.001623,172.31.36.0-255,66,108446,13,209610
8543,0.001656,74.125.24.0-255,2184,110630,13,209610
8544,0.001659,172.31.36.0-255,66,110696,13,209610
8545,0.001668,74.125.24.0-255,8574,119270,13,209610
8546,0.00167,172.31.36.0-255,66,119336,13,209610
8547,0.00168,74.125.24.0-255,4320,123656,13,209610
8548,0.001682,172.31.36.0-255,66,123722,13,209610
8549,0.001698,172.31.36.0-255,66,123788,13,209610
8550,0.001703,74.125.24.0-255,4320,128108,13,209610
8551,0.001705,172.31.36.0-255,66,128174,13,209610
8552,0.001749,74.125.24.0-255,2184,130358,13,209610
8553,0.001752,172.31.36.0-255,66,130424,13,209610
8554,0.002444,74.125.24.0-255,1484,131908,13,209610
8555,0.002452,74.125.24.0-255,2902,134810,13,209610
8556,0.002458,172.31.36.0-255,66,134876,13,209610
8557,0.002462,74.125.24.0-255,1484,136360,13,209610
8558,0.002483,74.125.24.0-255,4320,140680,13,209610
8559,0.002486,172.31.36.0-255,66,140746,13,209610
8560,0.0025,172.31.36.0-255,66,140812,13,209610
8561,0.002524,74.125.24.0-255,10692,151504,13,209610
8562,0.002527,172.31.36.0-255,66,151570,13,209610
8563,0.005101,74.125.24.0-255,5738,157308,13,209610
8564,0.005108,172.31.36.0-255,66,157374,13,209610
8565,0.007661,74.125.24.0-255,5738,163112,13,209610
8566,0.007665,172.31.36.0-255,66,163178,13,209610
8567,0.010228,74.125.24.0-255,5738,168916,13,209610
8568,0.010236,172.31.36.0-255,66,168982,13,209610
8569,0.012809,74.125.24.0-255,5738,174720,13,209610
8570,0.012818,172.31.36.0-255,66,174786,13,209610
8571,0.01541,74.125.24.0-255,5738,180524,13,209610
8572,0.015422,172.31.36.0-255,66,180590,13,209610
8573,0.017986,74.125.24.0-255,5738,186328,13,209610
8574,0.017995,172.31.36.0-255,66,186394,13,209610
8575,0.020592,74.125.24.0-255,5738,192132,13,209610
8576,0.020601,172.31.36.0-255,66,192198,13,209610
8577,0.023151,74.125.24.0-255,5738,197936,13,209610
8578,0.023158,172.31.36.0-255,66,198002,13,209610
8579,0.025734,74.125.24.0-255,5738,203740,13,209610
8580,0.025742,172.31.36.0-255,66,203806,13,209610
8581,0.02837,74.125.24.0-255,5738,209544,13,209610
8582,0.028389,172.31.36.0-255,66,209610,13,209610
8583,0.0,74.125.24.0-255,153,153,13,351555
8584,2.6e-05,74.125.24.0-255,1484,1637,13,351555
8585,3.3e-05,172.31.36.0-255,66,1703,13,351555
8586,4.1e-05,74.125.24.0-255,2902,4605,13,351555
8587,4.3e-05,172.31.36.0-255,66,4671,13,351555
8588,8e-05,74.125.24.0-255,5738,10409,13,351555
8589,8.3e-05,172.31.36.0-255,66,10475,13,351555
8590,0.000116,74.125.24.0-255,7663,18138,13,351555
8591,0.000119,172.31.36.0-255,66,18204,13,351555
8592,0.000127,74.125.24.0-255,8574,26778,13,351555
8593,0.00013,172.31.36.0-255,66,26844,13,351555
8594,0.00015,74.125.24.0-255,3961,30805,13,351555
8595,0.000153,172.31.36.0-255,66,30871,13,351555
8596,0.000163,74.125.24.0-255,4320,35191,13,351555
8597,0.000166,172.31.36.0-255,66,35257,13,351555
8598,0.000171,74.125.24.0-255,1484,36741,13,351555
8599,0.000208,74.125.24.0-255,8574,45315,13,351555
8600,0.000211,172.31.36.0-255,66,45381,13,351555
8601,0.000241,74.125.24.0-255,2543,47924,13,351555
8602,0.000244,172.31.36.0-255,66,47990,13,351555
8603,0.000477,74.125.24.0-255,1484,49474,13,351555
8604,0.000494,74.125.24.0-255,1484,50958,13,351555
8605,0.000497,172.31.36.0-255,66,51024,13,351555
8606,0.000525,74.125.24.0-255,1484,52508,13,351555
8607,0.000532,74.125.24.0-255,5738,58246,13,351555
8608,0.000535,172.31.36.0-255,66,58312,13,351555
8609,0.000542,74.125.24.0-255,4320,62632,13,351555
8610,0.000544,172.31.36.0-255,66,62698,13,351555
8611,0.000575,74.125.24.0-255,2543,65241,13,351555
8612,0.000578,172.31.36.0-255,66,65307,13,351555
8613,0.000653,74.125.24.0-255,1484,66791,13,351555
8614,0.000669,74.125.24.0-255,1484,68275,13,351555
8615,0.000672,172.31.36.0-255,66,68341,13,351555
8616,0.000683,74.125.24.0-255,1484,69825,13,351555
8617,0.000703,74.125.24.0-255,2902,72727,13,351555
8618,0.000706,172.31.36.0-255,66,72793,13,351555
8619,0.000746,74.125.24.0-255,2902,75695,13,351555
8620,0.000752,172.31.36.0-255,66,75761,13,351555
8621,0.000753,74.125.24.0-255,7376,83137,13,351555
8622,0.000757,172.31.36.0-255,66,83203,13,351555
8623,0.000799,74.125.24.0-255,8574,91777,13,351555
8624,0.000803,172.31.36.0-255,66,91843,13,351555
8625,0.000811,74.125.24.0-255,8215,100058,13,351555
8626,0.000813,172.31.36.0-255,66,100124,13,351555
8627,0.00119,74.125.24.0-255,1484,101608,13,351555
8628,0.001198,74.125.24.0-255,1484,103092,13,351555
8629,0.001202,172.31.36.0-255,66,103158,13,351555
8630,0.001221,74.125.24.0-255,1484,104642,13,351555
8631,0.001228,74.125.24.0-255,5738,110380,13,351555
8632,0.001231,172.31.36.0-255,66,110446,13,351555
8633,0.001261,74.125.24.0-255,7156,117602,13,351555
8634,0.001265,172.31.36.0-255,66,117668,13,351555
8635,0.001304,74.125.24.0-255,5738,123406,13,351555
8636,0.001308,172.31.36.0-255,66,123472,13,351555
8637,0.001318,74.125.24.0-255,10692,134164,13,351555
8638,0.001327,172.31.36.0-255,66,134230,13,351555
8639,0.001412,74.125.24.0-255,1484,135714,13,351555
8640,0.001419,74.125.24.0-255,2902,138616,13,351555
8641,0.001422,172.31.36.0-255,66,138682,13,351555
8642,0.001446,74.125.24.0-255,5738,144420,13,351555
8643,0.001449,172.31.36.0-255,66,144486,13,351555
8644,0.001485,74.125.24.0-255,9992,154478,13,351555
8645,0.001489,172.31.36.0-255,66,154544,13,351555
8646,0.001516,74.125.24.0-255,2902,157446,13,351555
8647,0.001519,172.31.36.0-255,66,157512,13,351555
8648,0.001527,74.125.24.0-255,8574,166086,13,351555
8649,0.00153,172.31.36.0-255,66,166152,13,351555
8650,0.001539,74.125.24.0-255,2184,168336,13,351555
8651,0.001541,172.31.36.0-255,66,168402,13,351555
8652,0.001628,74.125.24.0-255,1484,169886,13,351555
8653,0.001634,74.125.24.0-255,2902,172788,13,351555
8654,0.001639,172.31.36.0-255,66,172854,13,351555
8655,0.001646,74.125.24.0-255,5738,178592,13,351555
8656,0.001649,172.31.36.0-255,66,178658,13,351555
8657,0.001669,172.31.36.0-255,66,178724,13,351555
8658,0.001697,74.125.24.0-255,7156,185880,13,351555
8659,0.001699,172.31.36.0-255,66,185946,13,351555
8660,0.001725,74.125.24.0-255,3602,189548,13,351555
8661,0.001727,172.31.36.0-255,66,189614,13,351555
8662,0.001767,74.125.24.0-255,1484,191098,13,351555
8663,0.00177,74.125.24.0-255,1484,192582,13,351555
8664,0.001773,172.31.36.0-255,66,192648,13,351555
8665,0.001786,74.125.24.0-255,1484,194132,13,351555
8666,0.001795,74.125.24.0-255,4320,198452,13,351555
8667,0.001798,172.31.36.0-255,66,198518,13,351555
8668,0.001803,74.125.24.0-255,5738,204256,13,351555
8669,0.001805,172.31.36.0-255,66,204322,13,351555
8670,0.001846,172.31.36.0-255,66,204388,13,351555
8671,0.001854,74.125.24.0-255,7856,212244,13,351555
8672,0.001856,172.31.36.0-255,66,212310,13,351555
8673,0.001909,74.125.24.0-255,1484,213794,13,351555
8674,0.001923,74.125.24.0-255,2902,216696,13,351555
8675,0.001925,172.31.36.0-255,66,216762,13,351555
8676,0.00193,74.125.24.0-255,2902,219664,13,351555
8677,0.001933,172.31.36.0-255,66,219730,13,351555
8678,0.001951,74.125.24.0-255,1484,221214,13,351555
8679,0.00197,74.125.24.0-255,8574,229788,13,351555
8680,0.001972,172.31.36.0-255,66,229854,13,351555
8681,0.001999,74.125.24.0-255,8574,238428,13,351555
8682,0.002002,172.31.36.0-255,66,238494,13,351555
8683,0.002033,74.125.24.0-255,7856,246350,13,351555
8684,0.002036,172.31.36.0-255,66,246416,13,351555
8685,0.002043,74.125.24.0-255,8574,254990,13,351555
8686,0.002045,172.31.36.0-255,66,255056,13,351555
8687,0.002067,74.125.24.0-255,7156,262212,13,351555
8688,0.002069,172.31.36.0-255,66,262278,13,351555
8689,0.002117,74.125.24.0-255,5738,268016,13,351555
8690,0.002119,172.31.36.0-255,66,268082,13,351555
8691,0.002154,172.31.36.0-255,66,268148,13,351555
8692,0.002157,74.125.24.0-255,766,268914,13,351555
8693,0.002159,74.125.24.0-255,1484,270398,13,351555
8694,0.002161,172.31.36.0-255,66,270464,13,351555
8695,0.002166,74.125.24.0-255,2902,273366,13,351555
8696,0.002172,172.31.36.0-255,66,273432,13,351555
8697,0.002178,74.125.24.0-255,5738,279170,13,351555
8698,0.002181,172.31.36.0-255,66,279236,13,351555
8699,0.002186,74.125.24.0-255,5738,284974,13,351555
8700,0.002189,172.31.36.0-255,66,285040,13,351555
8701,0.002222,74.125.24.0-255,7156,292196,13,351555
8702,0.002225,172.31.36.0-255,66,292262,13,351555
8703,0.002239,74.125.24.0-255,1484,293746,13,351555
8704,0.00226,74.125.24.0-255,9274,303020,13,351555
8705,0.002262,172.31.36.0-255,66,303086,13,351555
8706,0.002463,74.125.24.0-255,1484,304570,13,351555
8707,0.002493,74.125.24.0-255,2902,307472,13,351555
8708,0.002495,172.31.36.0-255,66,307538,13,351555
8709,0.002498,74.125.24.0-255,1484,309022,13,351555
8710,0.002526,74.125.24.0-255,4320,313342,13,351555
8711,0.002528,172.31.36.0-255,66,313408,13,351555
8712,0.002533,74.125.24.0-255,5738,319146,13,351555
8713,0.002535,172.31.36.0-255,66,319212,13,351555
8714,0.002546,74.125.24.0-255,7156,326368,13,351555
8715,0.002548,172.31.36.0-255,66,326434,13,351555
8716,0.002585,74.125.24.0-255,4320,330754,13,351555
8717,0.002587,172.31.36.0-255,66,330820,13,351555
8718,0.002612,74.125.24.0-255,6438,337258,13,351555
8719,0.002615,172.31.36.0-255,66,337324,13,351555
8720,0.002704,74.125.24.0-255,1484,338808,13,351555
8721,0.002735,74.125.24.0-255,2902,341710,13,351555
8722,0.002737,172.31.36.0-255,66,341776,13,351555
8723,0.00274,74.125.24.0-255,1484,343260,13,351555
8724,0.002763,74.125.24.0-255,3781,347041,13,351555
8725,0.002765,172.31.36.0-255,66,347107,13,351555
8726,0.002768,74.125.24.0-255,105,347212,13,351555
8727,0.007283,172.31.36.0-255,105,347317,13,351555
8728,0.010025,74.125.24.0-255,66,347383,13,351555
8729,0.027863,172.31.36.0-255,171,347554,13,351555
8730,0.027898,172.31.36.0-255,1133,348687,13,351555
8731,0.027977,172.31.36.0-255,1514,350201,13,351555
8732,0.027979,172.31.36.0-255,1156,351357,13,351555
8733,0.029643,104.244.42.0-255,66,351423,13,351555
8734,0.029677,104.244.42.0-255,66,351489,13,351555
8735,0.029704,104.244.42.0-255,66,351555,13,351555
8736,0.0,74.125.200.0-255,147,147,13,202759
8737,2.7e-05,172.31.36.0-255,66,213,13,202759
8738,3.4e-05,74.125.200.0-255,1484,1697,13,202759
8739,3.9e-05,172.31.36.0-255,66,1763,13,202759
8740,4.5e-05,74.125.200.0-255,2902,4665,13,202759
8741,4.8e-05,172.31.36.0-255,66,4731,13,202759
8742,5.5e-05,74.125.200.0-255,4320,9051,13,202759
8743,5.8e-05,172.31.36.0-255,66,9117,13,202759
8744,8.2e-05,74.125.200.0-255,2902,12019,13,202759
8745,8.5e-05,172.31.36.0-255,66,12085,13,202759
8746,0.000145,74.125.200.0-255,2080,14165,13,202759
8747,0.000148,172.31.36.0-255,66,14231,13,202759
8748,0.000212,74.125.200.0-255,1484,15715,13,202759
8749,0.000215,172.31.36.0-255,66,15781,13,202759
8750,0.000246,74.125.200.0-255,2902,18683,13,202759
8751,0.000249,172.31.36.0-255,66,18749,13,202759
8752,0.000254,74.125.200.0-255,2902,21651,13,202759
8753,0.000256,172.31.36.0-255,66,21717,13,202759
8754,0.000271,74.125.200.0-255,2902,24619,13,202759
8755,0.000273,172.31.36.0-255,66,24685,13,202759
8756,0.000318,74.125.200.0-255,5738,30423,13,202759
8757,0.000321,172.31.36.0-255,66,30489,13,202759
8758,0.000377,74.125.200.0-255,2543,33032,13,202759
8759,0.00038,172.31.36.0-255,66,33098,13,202759
8760,0.000402,74.125.200.0-255,1484,34582,13,202759
8761,0.000405,172.31.36.0-255,66,34648,13,202759
8762,0.000426,74.125.200.0-255,1484,36132,13,202759
8763,0.000428,172.31.36.0-255,66,36198,13,202759
8764,0.000444,74.125.200.0-255,4320,40518,13,202759
8765,0.000446,172.31.36.0-255,66,40584,13,202759
8766,0.000459,74.125.200.0-255,2902,43486,13,202759
8767,0.000461,172.31.36.0-255,66,43552,13,202759
8768,0.000537,74.125.200.0-255,5379,48931,13,202759
8769,0.000541,172.31.36.0-255,66,48997,13,202759
8770,0.000601,74.125.200.0-255,4320,53317,13,202759
8771,0.000605,172.31.36.0-255,66,53383,13,202759
8772,0.000635,172.31.36.0-255,66,53449,13,202759
8773,0.000775,74.125.200.0-255,399,53848,13,202759
8774,0.000793,74.125.200.0-255,1761,55609,13,202759
8775,0.000796,172.31.36.0-255,66,55675,13,202759
8776,0.00082,74.125.200.0-255,2902,58577,13,202759
8777,0.000823,172.31.36.0-255,66,58643,13,202759
8778,0.000841,74.125.200.0-255,1484,60127,13,202759
8779,0.000873,74.125.200.0-255,1484,61611,13,202759
8780,0.000876,172.31.36.0-255,66,61677,13,202759
8781,0.000895,74.125.200.0-255,4320,65997,13,202759
8782,0.000898,172.31.36.0-255,66,66063,13,202759
8783,0.000921,74.125.200.0-255,2902,68965,13,202759
8784,0.000924,172.31.36.0-255,66,69031,13,202759
8785,0.000983,74.125.200.0-255,2543,71574,13,202759
8786,0.000987,172.31.36.0-255,66,71640,13,202759
8787,0.001004,74.125.200.0-255,1484,73124,13,202759
8788,0.001048,74.125.200.0-255,8574,81698,13,202759
8789,0.001053,172.31.36.0-255,66,81764,13,202759
8790,0.001136,74.125.200.0-255,4320,86084,13,202759
8791,0.00114,172.31.36.0-255,66,86150,13,202759
8792,0.001159,74.125.200.0-255,2543,88693,13,202759
8793,0.001162,172.31.36.0-255,66,88759,13,202759
8794,0.001706,74.125.200.0-255,1484,90243,13,202759
8795,0.00173,74.125.200.0-255,2902,93145,13,202759
8796,0.001734,172.31.36.0-255,66,93211,13,202759
8797,0.00177,74.125.200.0-255,4320,97531,13,202759
8798,0.001774,172.31.36.0-255,66,97597,13,202759
8799,0.001789,74.125.200.0-255,2902,100499,13,202759
8800,0.001791,172.31.36.0-255,66,100565,13,202759
8801,0.001832,74.125.200.0-255,4320,104885,13,202759
8802,0.001836,172.31.36.0-255,66,104951,13,202759
8803,0.001869,74.125.200.0-255,1484,106435,13,202759
8804,0.001892,74.125.200.0-255,7156,113591,13,202759
8805,0.001895,172.31.36.0-255,66,113657,13,202759
8806,0.001985,74.125.200.0-255,7156,120813,13,202759
8807,0.00199,172.31.36.0-255,66,120879,13,202759
8808,0.002068,74.125.200.0-255,2184,123063,13,202759
8809,0.002073,172.31.36.0-255,66,123129,13,202759
8810,0.004009,74.125.200.0-255,2902,126031,13,202759
8811,0.004016,172.31.36.0-255,66,126097,13,202759
8812,0.004076,74.125.200.0-255,2902,128999,13,202759
8813,0.004079,172.31.36.0-255,66,129065,13,202759
8814,0.006039,74.125.200.0-255,2902,131967,13,202759
8815,0.006043,172.31.36.0-255,66,132033,13,202759
8816,0.00608,74.125.200.0-255,1484,133517,13,202759
8817,0.006091,74.125.200.0-255,1484,135001,13,202759
8818,0.006094,172.31.36.0-255,66,135067,13,202759
8819,0.008053,74.125.200.0-255,2902,137969,13,202759
8820,0.008061,172.31.36.0-255,66,138035,13,202759
8821,0.0081,74.125.200.0-255,2902,140937,13,202759
8822,0.008103,172.31.36.0-255,66,141003,13,202759
8823,0.010082,74.125.200.0-255,2902,143905,13,202759
8824,0.01009,172.31.36.0-255,66,143971,13,202759
8825,0.010124,74.125.200.0-255,2902,146873,13,202759
8826,0.010127,172.31.36.0-255,66,146939,13,202759
8827,0.01211,74.125.200.0-255,2902,149841,13,202759
8828,0.012118,172.31.36.0-255,66,149907,13,202759
8829,0.012148,74.125.200.0-255,2902,152809,13,202759
8830,0.012151,172.31.36.0-255,66,152875,13,202759
8831,0.014141,74.125.200.0-255,2902,155777,13,202759
8832,0.014148,172.31.36.0-255,66,155843,13,202759
8833,0.014169,74.125.200.0-255,2902,158745,13,202759
8834,0.014172,172.31.36.0-255,66,158811,13,202759
8835,0.016171,74.125.200.0-255,5738,164549,13,202759
8836,0.016178,172.31.36.0-255,66,164615,13,202759
8837,0.018205,74.125.200.0-255,5738,170353,13,202759
8838,0.018213,172.31.36.0-255,66,170419,13,202759
8839,0.020244,74.125.200.0-255,5738,176157,13,202759
8840,0.020251,172.31.36.0-255,66,176223,13,202759
8841,0.022266,74.125.200.0-255,5738,181961,13,202759
8842,0.022273,172.31.36.0-255,66,182027,13,202759
8843,0.02429,74.125.200.0-255,5738,187765,13,202759
8844,0.024296,172.31.36.0-255,66,187831,13,202759
8845,0.024857,172.31.36.0-255,167,187998,13,202759
8846,0.02489,172.31.36.0-255,1108,189106,13,202759
8847,0.024948,172.31.36.0-255,1514,190620,13,202759
8848,0.024949,172.31.36.0-255,333,190953,13,202759
8849,0.026322,74.125.200.0-255,5738,196691,13,202759
8850,0.02633,172.31.36.0-255,66,196757,13,202759
8851,0.026405,104.244.42.0-255,66,196823,13,202759
8852,0.026446,104.244.42.0-255,66,196889,13,202759
8853,0.026491,104.244.42.0-255,66,196955,13,202759
8854,0.028357,74.125.200.0-255,5738,202693,13,202759
8855,0.028364,172.31.36.0-255,66,202759,13,202759
8856,0.0,172.217.194.0-255,153,153,13,251720
8857,2.3e-05,172.31.36.0-255,66,219,13,251720
8858,3.1e-05,172.217.194.0-255,1484,1703,13,251720
8859,3.5e-05,172.31.36.0-255,66,1769,13,251720
8860,4.9e-05,172.217.194.0-255,2902,4671,13,251720
8861,5.3e-05,172.31.36.0-255,66,4737,13,251720
8862,6.1e-05,172.217.194.0-255,7156,11893,13,251720
8863,6.5e-05,172.31.36.0-255,66,11959,13,251720
8864,7.5e-05,172.217.194.0-255,7730,19689,13,251720
8865,7.8e-05,172.31.36.0-255,66,19755,13,251720
8866,8.7e-05,172.217.194.0-255,8574,28329,13,251720
8867,9e-05,172.31.36.0-255,66,28395,13,251720
8868,0.000129,172.217.194.0-255,2543,30938,13,251720
8869,0.000133,172.31.36.0-255,66,31004,13,251720
8870,0.000159,172.217.194.0-255,1484,32488,13,251720
8871,0.000162,172.31.36.0-255,66,32554,13,251720
8872,0.000167,172.217.194.0-255,2902,35456,13,251720
8873,0.000169,172.31.36.0-255,66,35522,13,251720
8874,0.000199,172.217.194.0-255,5738,41260,13,251720
8875,0.000202,172.31.36.0-255,66,41326,13,251720
8876,0.00021,172.217.194.0-255,7156,48482,13,251720
8877,0.000212,172.31.36.0-255,66,48548,13,251720
8878,0.000237,172.217.194.0-255,1125,49673,13,251720
8879,0.00024,172.31.36.0-255,66,49739,13,251720
8880,0.000248,172.217.194.0-255,7156,56895,13,251720
8881,0.000251,172.31.36.0-255,66,56961,13,251720
8882,0.000282,172.217.194.0-255,8468,65429,13,251720
8883,0.000285,172.31.36.0-255,66,65495,13,251720
8884,0.000288,172.217.194.0-255,434,65929,13,251720
8885,0.00029,172.31.36.0-255,66,65995,13,251720
8886,0.000582,172.217.194.0-255,1484,67479,13,251720
8887,0.000588,172.31.36.0-255,66,67545,13,251720
8888,0.000594,172.217.194.0-255,2902,70447,13,251720
8889,0.000597,172.31.36.0-255,66,70513,13,251720
8890,0.00061,172.217.194.0-255,5738,76251,13,251720
8891,0.000613,172.31.36.0-255,66,76317,13,251720
8892,0.000621,172.217.194.0-255,7156,83473,13,251720
8893,0.000623,172.31.36.0-255,66,83539,13,251720
8894,0.000628,172.217.194.0-255,2902,86441,13,251720
8895,0.00063,172.31.36.0-255,66,86507,13,251720
8896,0.000671,172.31.36.0-255,66,86573,13,251720
8897,0.000676,172.217.194.0-255,2184,88757,13,251720
8898,0.000678,172.31.36.0-255,66,88823,13,251720
8899,0.000952,172.217.194.0-255,1484,90307,13,251720
8900,0.000961,172.217.194.0-255,2902,93209,13,251720
8901,0.000964,172.31.36.0-255,66,93275,13,251720
8902,0.000997,172.217.194.0-255,5738,99013,13,251720
8903,0.001001,172.31.36.0-255,66,99079,13,251720
8904,0.001014,172.31.36.0-255,66,99145,13,251720
8905,0.001044,172.217.194.0-255,1484,100629,13,251720
8906,0.001056,172.217.194.0-255,10692,111321,13,251720
8907,0.001058,172.31.36.0-255,66,111387,13,251720
8908,0.001061,172.217.194.0-255,1484,112871,13,251720
8909,0.001083,172.217.194.0-255,2902,115773,13,251720
8910,0.001086,172.31.36.0-255,66,115839,13,251720
8911,0.001092,172.217.194.0-255,5738,121577,13,251720
8912,0.001095,172.31.36.0-255,66,121643,13,251720
8913,0.001098,172.217.194.0-255,1484,123127,13,251720
8914,0.001137,172.31.36.0-255,66,123193,13,251720
8915,0.001147,172.217.194.0-255,10692,133885,13,251720
8916,0.00115,172.31.36.0-255,66,133951,13,251720
8917,0.00119,172.217.194.0-255,1484,135435,13,251720
8918,0.001194,172.217.194.0-255,2902,138337,13,251720
8919,0.001197,172.31.36.0-255,66,138403,13,251720
8920,0.001203,172.217.194.0-255,5738,144141,13,251720
8921,0.001206,172.31.36.0-255,66,144207,13,251720
8922,0.001265,172.31.36.0-255,66,144273,13,251720
8923,0.001295,172.217.194.0-255,10692,154965,13,251720
8924,0.001299,172.31.36.0-255,66,155031,13,251720
8925,0.001328,172.217.194.0-255,5738,160769,13,251720
8926,0.00133,172.31.36.0-255,66,160835,13,251720
8927,0.001364,172.217.194.0-255,4320,165155,13,251720
8928,0.001367,172.31.36.0-255,66,165221,13,251720
8929,0.001417,172.217.194.0-255,1484,166705,13,251720
8930,0.001439,172.217.194.0-255,10692,177397,13,251720
8931,0.001453,172.31.36.0-255,66,177463,13,251720
8932,0.001544,172.217.194.0-255,1484,178947,13,251720
8933,0.00155,172.217.194.0-255,2902,181849,13,251720
8934,0.001557,172.217.194.0-255,5738,187587,13,251720
8935,0.001566,172.31.36.0-255,66,187653,13,251720
8936,0.001579,172.217.194.0-255,7156,194809,13,251720
8937,0.001599,172.31.36.0-255,66,194875,13,251720
8938,0.001611,172.217.194.0-255,5738,200613,13,251720
8939,0.001636,172.217.194.0-255,4320,204933,13,251720
8940,0.001654,172.217.194.0-255,6438,211371,13,251720
8941,0.001659,172.31.36.0-255,66,211437,13,251720
8942,0.001668,172.217.194.0-255,2902,214339,13,251720
8943,0.001673,172.31.36.0-255,66,214405,13,251720
8944,0.001702,172.217.194.0-255,8574,222979,13,251720
8945,0.001711,172.217.194.0-255,9992,232971,13,251720
8946,0.001727,172.31.36.0-255,66,233037,13,251720
8947,0.001738,172.217.194.0-255,4320,237357,13,251720
8948,0.001743,172.31.36.0-255,66,237423,13,251720
8949,0.001814,172.217.194.0-255,2902,240325,13,251720
8950,0.001821,172.217.194.0-255,6438,246763,13,251720
8951,0.001837,172.31.36.0-255,66,246829,13,251720
8952,0.001848,172.217.194.0-255,4320,251149,13,251720
8953,0.001853,172.31.36.0-255,66,251215,13,251720
8954,0.001909,172.217.194.0-255,97,251312,13,251720
8955,0.001928,172.31.36.0-255,66,251378,13,251720
8956,0.001953,172.217.194.0-255,105,251483,13,251720
8957,0.004237,172.31.36.0-255,66,251549,13,251720
8958,0.004273,172.31.36.0-255,105,251654,13,251720
8959,0.006553,172.217.194.0-255,66,251720,13,251720
8960,0.0,172.217.194.0-255,152,152,13,314838
8961,2.5e-05,172.31.36.0-255,66,218,13,314838
8962,3e-05,172.217.194.0-255,1484,1702,13,314838
8963,3.4e-05,172.31.36.0-255,66,1768,13,314838
8964,3.9e-05,172.217.194.0-255,2902,4670,13,314838
8965,4.7e-05,172.31.36.0-255,66,4736,13,314838
8966,5e-05,172.217.194.0-255,1484,6220,13,314838
8967,5.2e-05,172.31.36.0-255,66,6286,13,314838
8968,9.4e-05,172.217.194.0-255,5738,12024,13,314838
8969,9.7e-05,172.31.36.0-255,66,12090,13,314838
8970,0.000104,172.217.194.0-255,6273,18363,13,314838
8971,0.000106,172.31.36.0-255,66,18429,13,314838
8972,0.000139,172.217.194.0-255,9992,28421,13,314838
8973,0.000142,172.31.36.0-255,66,28487,13,314838
8974,0.000169,172.217.194.0-255,2543,31030,13,314838
8975,0.000172,172.31.36.0-255,66,31096,13,314838
8976,0.000177,172.217.194.0-255,2902,33998,13,314838
8977,0.000178,172.31.36.0-255,66,34064,13,314838
8978,0.000183,172.217.194.0-255,4320,38384,13,314838
8979,0.000186,172.31.36.0-255,66,38450,13,314838
8980,0.000225,172.217.194.0-255,8574,47024,13,314838
8981,0.000229,172.31.36.0-255,66,47090,13,314838
8982,0.000236,172.217.194.0-255,7156,54246,13,314838
8983,0.000239,172.31.36.0-255,66,54312,13,314838
8984,0.000261,172.217.194.0-255,3961,58273,13,314838
8985,0.000264,172.31.36.0-255,66,58339,13,314838
8986,0.000271,172.217.194.0-255,1484,59823,13,314838
8987,0.000274,172.31.36.0-255,66,59889,13,314838
8988,0.000321,172.217.194.0-255,5692,65581,13,314838
8989,0.000326,172.31.36.0-255,66,65647,13,314838
8990,0.000574,172.217.194.0-255,365,66012,13,314838
8991,0.000579,172.31.36.0-255,66,66078,13,314838
8992,0.000828,172.217.194.0-255,1484,67562,13,314838
8993,0.000837,172.217.194.0-255,2902,70464,13,314838
8994,0.000841,172.31.36.0-255,66,70530,13,314838
8995,0.000848,172.217.194.0-255,2902,73432,13,314838
8996,0.000871,172.217.194.0-255,2902,76334,13,314838
8997,0.000875,172.217.194.0-255,1484,77818,13,314838
8998,0.000891,172.217.194.0-255,8574,86392,13,314838
8999,0.000915,172.217.194.0-255,2902,89294,13,314838
9000,0.00092,172.217.194.0-255,4320,93614,13,314838
9001,0.000947,172.217.194.0-255,6438,100052,13,314838
9002,0.001112,172.217.194.0-255,1484,101536,13,314838
9003,0.001119,172.217.194.0-255,2902,104438,13,314838
9004,0.001125,172.217.194.0-255,5738,110176,13,314838
9005,0.001139,172.217.194.0-255,1484,111660,13,314838
9006,0.001156,172.217.194.0-255,7156,118816,13,314838
9007,0.001171,172.217.194.0-255,1484,120300,13,314838
9008,0.001219,172.217.194.0-255,2902,123202,13,314838
9009,0.001239,172.217.194.0-255,7156,130358,13,314838
9010,0.001265,172.217.194.0-255,3602,133960,13,314838
9011,0.001287,172.217.194.0-255,1484,135444,13,314838
9012,0.001291,172.217.194.0-255,1484,136928,13,314838
9013,0.001315,172.217.194.0-255,1484,138412,13,314838
9014,0.001323,172.217.194.0-255,5738,144150,13,314838
9015,0.001331,172.217.194.0-255,7156,151306,13,314838
9016,0.001349,172.217.194.0-255,5738,157044,13,314838
9017,0.001356,172.217.194.0-255,5738,162782,13,314838
9018,0.001373,172.217.194.0-255,5020,167802,13,314838
9019,0.001408,172.217.194.0-255,1484,169286,13,314838
9020,0.001423,172.217.194.0-255,2902,172188,13,314838
9021,0.00147,172.217.194.0-255,5738,177926,13,314838
9022,0.001475,172.217.194.0-255,4320,182246,13,314838
9023,0.001498,172.217.194.0-255,2902,185148,13,314838
9024,0.001515,172.217.194.0-255,5020,190168,13,314838
9025,0.001701,172.217.194.0-255,1484,191652,13,314838
9026,0.001716,172.217.194.0-255,2902,194554,13,314838
9027,0.001729,172.217.194.0-255,5738,200292,13,314838
9028,0.001757,172.217.194.0-255,4320,204612,13,314838
9029,0.001783,172.217.194.0-255,8574,213186,13,314838
9030,0.001792,172.217.194.0-255,9992,223178,13,314838
9031,0.001805,172.217.194.0-255,766,223944,13,314838
9032,0.001911,172.217.194.0-255,1484,225428,13,314838
9033,0.001913,172.217.194.0-255,1484,226912,13,314838
9034,0.001929,172.217.194.0-255,1484,228396,13,314838
9035,0.001936,172.217.194.0-255,5738,234134,13,314838
9036,0.001965,172.217.194.0-255,8574,242708,13,314838
9037,0.001987,172.217.194.0-255,4320,247028,13,314838
9038,0.002004,172.217.194.0-255,5738,252766,13,314838
9039,0.002026,172.217.194.0-255,8574,261340,13,314838
9040,0.002033,172.217.194.0-255,8574,269914,13,314838
9041,0.00205,172.217.194.0-255,7856,277770,13,314838
9042,0.002078,172.217.194.0-255,5738,283508,13,314838
9043,0.002086,172.217.194.0-255,8574,292082,13,314838
9044,0.002107,172.217.194.0-255,7856,299938,13,314838
9045,0.002118,172.217.194.0-255,1484,301422,13,314838
9046,0.002141,172.217.194.0-255,9992,311414,13,314838
9047,0.002236,172.217.194.0-255,2985,314399,13,314838
9048,0.002238,172.217.194.0-255,97,314496,13,314838
9049,0.00224,172.217.194.0-255,105,314601,13,314838
9050,0.004344,172.31.36.0-255,66,314667,13,314838
9051,0.006711,172.31.36.0-255,105,314772,13,314838
9052,0.009213,172.217.194.0-255,66,314838,13,314838
9053,0.0,172.217.194.0-255,152,152,13,270870
9054,3.3e-05,172.31.36.0-255,66,218,13,270870
9055,4e-05,172.217.194.0-255,1484,1702,13,270870
9056,4.5e-05,172.31.36.0-255,66,1768,13,270870
9057,5.2e-05,172.217.194.0-255,2902,4670,13,270870
9058,5.6e-05,172.31.36.0-255,66,4736,13,270870
9059,6.3e-05,172.217.194.0-255,7156,11892,13,270870
9060,6.6e-05,172.31.36.0-255,66,11958,13,270870
9061,7e-05,172.217.194.0-255,2019,13977,13,270870
9062,7.3e-05,172.31.36.0-255,66,14043,13,270870
9063,9.9e-05,172.217.194.0-255,7156,21199,13,270870
9064,0.000103,172.31.36.0-255,66,21265,13,270870
9065,0.000125,172.217.194.0-255,4320,25585,13,270870
9066,0.000128,172.31.36.0-255,66,25651,13,270870
9067,0.000134,172.217.194.0-255,5379,31030,13,270870
9068,0.000136,172.31.36.0-255,66,31096,13,270870
9069,0.000199,172.217.194.0-255,1484,32580,13,270870
9070,0.000204,172.31.36.0-255,66,32646,13,270870
9071,0.000209,172.217.194.0-255,2902,35548,13,270870
9072,0.000212,172.31.36.0-255,66,35614,13,270870
9073,0.000218,172.217.194.0-255,2902,38516,13,270870
9074,0.00022,172.31.36.0-255,66,38582,13,270870
9075,0.000238,172.217.194.0-255,2902,41484,13,270870
9076,0.000242,172.31.36.0-255,66,41550,13,270870
9077,0.000254,172.217.194.0-255,1484,43034,13,270870
9078,0.000257,172.31.36.0-255,66,43100,13,270870
9079,0.000288,172.31.36.0-255,66,43166,13,270870
9080,0.000295,172.217.194.0-255,5738,48904,13,270870
9081,0.000298,172.31.36.0-255,66,48970,13,270870
9082,0.000325,172.217.194.0-255,2902,51872,13,270870
9083,0.000329,172.217.194.0-255,1714,53586,13,270870
9084,0.000331,172.31.36.0-255,66,53652,13,270870
9085,0.000336,172.31.36.0-255,66,53718,13,270870
9086,0.000526,172.217.194.0-255,1484,55202,13,270870
9087,0.000534,172.217.194.0-255,2902,58104,13,270870
9088,0.000539,172.31.36.0-255,66,58170,13,270870
9089,0.000548,172.217.194.0-255,5738,63908,13,270870
9090,0.00055,172.31.36.0-255,66,63974,13,270870
9091,0.000553,172.217.194.0-255,1484,65458,13,270870
9092,0.000592,172.31.36.0-255,66,65524,13,270870
9093,0.000628,172.217.194.0-255,8574,74098,13,270870
9094,0.000632,172.31.36.0-255,66,74164,13,270870
9095,0.000652,172.217.194.0-255,1484,75648,13,270870
9096,0.000656,172.217.194.0-255,766,76414,13,270870
9097,0.000659,172.31.36.0-255,66,76480,13,270870
9098,0.000864,172.217.194.0-255,1484,77964,13,270870
9099,0.000872,172.217.194.0-255,2902,80866,13,270870
9100,0.000876,172.31.36.0-255,66,80932,13,270870
9101,0.000884,172.217.194.0-255,5738,86670,13,270870
9102,0.000886,172.31.36.0-255,66,86736,13,270870
9103,0.000889,172.217.194.0-255,1484,88220,13,270870
9104,0.000931,172.31.36.0-255,66,88286,13,270870
9105,0.000963,172.217.194.0-255,5738,94024,13,270870
9106,0.000967,172.31.36.0-255,66,94090,13,270870
9107,0.000989,172.217.194.0-255,3602,97692,13,270870
9108,0.000992,172.31.36.0-255,66,97758,13,270870
9109,0.001048,172.217.194.0-255,1484,99242,13,270870
9110,0.001054,172.217.194.0-255,2902,102144,13,270870
9111,0.001058,172.31.36.0-255,66,102210,13,270870
9112,0.001086,172.217.194.0-255,5738,107948,13,270870
9113,0.00109,172.31.36.0-255,66,108014,13,270870
9114,0.0011,172.217.194.0-255,8574,116588,13,270870
9115,0.001103,172.31.36.0-255,66,116654,13,270870
9116,0.001126,172.217.194.0-255,4320,120974,13,270870
9117,0.00113,172.31.36.0-255,66,121040,13,270870
9118,0.001157,172.217.194.0-255,8574,129614,13,270870
9119,0.001161,172.31.36.0-255,66,129680,13,270870
9120,0.001174,172.217.194.0-255,2184,131864,13,270870
9121,0.001177,172.31.36.0-255,66,131930,13,270870
9122,0.001532,172.217.194.0-255,1484,133414,13,270870
9123,0.00154,172.217.194.0-255,2902,136316,13,270870
9124,0.001545,172.31.36.0-255,66,136382,13,270870
9125,0.001552,172.217.194.0-255,4320,140702,13,270870
9126,0.001554,172.31.36.0-255,66,140768,13,270870
9127,0.001568,172.217.194.0-255,1484,142252,13,270870
9128,0.001576,172.217.194.0-255,7156,149408,13,270870
9129,0.001579,172.31.36.0-255,66,149474,13,270870
9130,0.001599,172.217.194.0-255,5738,155212,13,270870
9131,0.001603,172.31.36.0-255,66,155278,13,270870
9132,0.001613,172.217.194.0-255,10692,165970,13,270870
9133,0.001615,172.31.36.0-255,66,166036,13,270870
9134,0.001801,172.217.194.0-255,1484,167520,13,270870
9135,0.001807,172.217.194.0-255,2902,170422,13,270870
9136,0.00181,172.31.36.0-255,66,170488,13,270870
9137,0.001837,172.217.194.0-255,5738,176226,13,270870
9138,0.00184,172.31.36.0-255,66,176292,13,270870
9139,0.001848,172.217.194.0-255,7156,183448,13,270870
9140,0.001851,172.31.36.0-255,66,183514,13,270870
9141,0.001882,172.217.194.0-255,5738,189252,13,270870
9142,0.001886,172.31.36.0-255,66,189318,13,270870
9143,0.001896,172.217.194.0-255,9992,199310,13,270870
9144,0.001898,172.31.36.0-255,66,199376,13,270870
9145,0.001913,172.217.194.0-255,1484,200860,13,270870
9146,0.001939,172.31.36.0-255,66,200926,13,270870
9147,0.001966,172.217.194.0-255,7856,208782,13,270870
9148,0.00197,172.31.36.0-255,66,208848,13,270870
9149,0.001995,172.217.194.0-255,9992,218840,13,270870
9150,0.001998,172.31.36.0-255,66,218906,13,270870
9151,0.002041,172.217.194.0-255,9274,228180,13,270870
9152,0.002045,172.31.36.0-255,66,228246,13,270870
9153,0.002061,172.31.36.0-255,66,228312,13,270870
9154,0.002104,172.217.194.0-255,8574,236886,13,270870
9155,0.002108,172.31.36.0-255,66,236952,13,270870
9156,0.002127,172.217.194.0-255,6438,243390,13,270870
9157,0.002132,172.31.36.0-255,66,243456,13,270870
9158,0.00214,172.31.36.0-255,66,243522,13,270870
9159,0.002147,172.217.194.0-255,7156,250678,13,270870
9160,0.002149,172.31.36.0-255,66,250744,13,270870
9161,0.002197,172.31.36.0-255,66,250810,13,270870
9162,0.002201,172.217.194.0-255,1484,252294,13,270870
9163,0.002217,172.31.36.0-255,66,252360,13,270870
9164,0.00224,172.217.194.0-255,2184,254544,13,270870
9165,0.002243,172.31.36.0-255,66,254610,13,270870
9166,0.00225,172.217.194.0-255,5738,260348,13,270870
9167,0.002252,172.31.36.0-255,66,260414,13,270870
9168,0.002282,172.217.194.0-255,5759,266173,13,270870
9169,0.002286,172.31.36.0-255,66,266239,13,270870
9170,0.002289,172.217.194.0-255,105,266344,13,270870
9171,0.003377,172.31.36.0-255,66,266410,13,270870
9172,0.003403,172.31.36.0-255,105,266515,13,270870
9173,0.005595,172.217.194.0-255,66,266581,13,270870
9174,0.024401,172.31.36.0-255,172,266753,13,270870
9175,0.024433,172.31.36.0-255,1106,267859,13,270870
9176,0.024473,172.31.36.0-255,1514,269373,13,270870
9177,0.024475,172.31.36.0-255,1299,270672,13,270870
9178,0.025935,104.244.42.0-255,66,270738,13,270870
9179,0.025985,104.244.42.0-255,66,270804,13,270870
9180,0.026026,104.244.42.0-255,66,270870,13,270870
9181,0.0,74.125.130.0-255,153,153,13,362509
9182,3.3e-05,172.31.36.0-255,66,219,13,362509
9183,4e-05,74.125.130.0-255,1484,1703,13,362509
9184,4.4e-05,172.31.36.0-255,66,1769,13,362509
9185,5.9e-05,74.125.130.0-255,2902,4671,13,362509
9186,6.2e-05,172.31.36.0-255,66,4737,13,362509
9187,7.9e-05,74.125.130.0-255,1484,6221,13,362509
9188,8.1e-05,172.31.36.0-255,66,6287,13,362509
9189,0.000104,74.125.130.0-255,2902,9189,13,362509
9190,0.000107,172.31.36.0-255,66,9255,13,362509
9191,0.000145,74.125.130.0-255,6337,15592,13,362509
9192,0.000149,172.31.36.0-255,66,15658,13,362509
9193,0.000153,74.125.130.0-255,2902,18560,13,362509
9194,0.000155,172.31.36.0-255,66,18626,13,362509
9195,0.00016,74.125.130.0-255,4320,22946,13,362509
9196,0.000163,172.31.36.0-255,66,23012,13,362509
9197,0.000191,74.125.130.0-255,2902,25914,13,362509
9198,0.000193,172.31.36.0-255,66,25980,13,362509
9199,0.000205,74.125.130.0-255,1484,27464,13,362509
9200,0.000208,172.31.36.0-255,66,27530,13,362509
9201,0.000225,74.125.130.0-255,3961,31491,13,362509
9202,0.000227,172.31.36.0-255,66,31557,13,362509
9203,0.000491,74.125.130.0-255,1484,33041,13,362509
9204,0.000495,172.31.36.0-255,66,33107,13,362509
9205,0.000499,74.125.130.0-255,1484,34591,13,362509
9206,0.000501,172.31.36.0-255,66,34657,13,362509
9207,0.000515,74.125.130.0-255,1484,36141,13,362509
9208,0.000517,172.31.36.0-255,66,36207,13,362509
9209,0.000523,74.125.130.0-255,4320,40527,13,362509
9210,0.000525,172.31.36.0-255,66,40593,13,362509
9211,0.000543,74.125.130.0-255,1484,42077,13,362509
9212,0.000548,74.125.130.0-255,4320,46397,13,362509
9213,0.000548,172.31.36.0-255,66,46463,13,362509
9214,0.000552,172.31.36.0-255,66,46529,13,362509
9215,0.000559,74.125.130.0-255,1484,48013,13,362509
9216,0.000581,74.125.130.0-255,3961,51974,13,362509
9217,0.000584,172.31.36.0-255,66,52040,13,362509
9218,0.000587,74.125.130.0-255,1484,53524,13,362509
9219,0.000606,74.125.130.0-255,4320,57844,13,362509
9220,0.000609,172.31.36.0-255,66,57910,13,362509
9221,0.000614,74.125.130.0-255,2902,60812,13,362509
9222,0.000616,172.31.36.0-255,66,60878,13,362509
9223,0.000633,74.125.130.0-255,4320,65198,13,362509
9224,0.000636,172.31.36.0-255,66,65264,13,362509
9225,0.000639,74.125.130.0-255,1125,66389,13,362509
9226,0.000693,74.125.130.0-255,358,66747,13,362509
9227,0.000789,172.31.36.0-255,66,66813,13,362509
9228,0.000826,74.125.130.0-255,1484,68297,13,362509
9229,0.000842,74.125.130.0-255,2902,71199,13,362509
9230,0.000844,172.31.36.0-255,66,71265,13,362509
9231,0.00086,74.125.130.0-255,1484,72749,13,362509
9232,0.000873,74.125.130.0-255,4320,77069,13,362509
9233,0.000876,172.31.36.0-255,66,77135,13,362509
9234,0.000881,74.125.130.0-255,2902,80037,13,362509
9235,0.000883,172.31.36.0-255,66,80103,13,362509
9236,0.000895,74.125.130.0-255,1484,81587,13,362509
9237,0.000912,74.125.130.0-255,2902,84489,13,362509
9238,0.000915,172.31.36.0-255,66,84555,13,362509
9239,0.000956,74.125.130.0-255,5738,90293,13,362509
9240,0.00096,172.31.36.0-255,66,90359,13,362509
9241,0.000987,74.125.130.0-255,4320,94679,13,362509
9242,0.000991,172.31.36.0-255,66,94745,13,362509
9243,0.001001,74.125.130.0-255,2902,97647,13,362509
9244,0.001003,172.31.36.0-255,66,97713,13,362509
9245,0.001008,74.125.130.0-255,3602,101315,13,362509
9246,0.00101,172.31.36.0-255,66,101381,13,362509
9247,0.001042,74.125.130.0-255,384,101765,13,362509
9248,0.001088,74.125.130.0-255,1484,103249,13,362509
9249,0.001092,172.31.36.0-255,66,103315,13,362509
9250,0.001105,74.125.130.0-255,2902,106217,13,362509
9251,0.001107,172.31.36.0-255,66,106283,13,362509
9252,0.001139,74.125.130.0-255,5738,112021,13,362509
9253,0.001142,172.31.36.0-255,66,112087,13,362509
9254,0.001146,74.125.130.0-255,2902,114989,13,362509
9255,0.001148,172.31.36.0-255,66,115055,13,362509
9256,0.001153,74.125.130.0-255,4320,119375,13,362509
9257,0.001155,172.31.36.0-255,66,119441,13,362509
9258,0.001171,74.125.130.0-255,2902,122343,13,362509
9259,0.001175,172.31.36.0-255,66,122409,13,362509
9260,0.001184,74.125.130.0-255,5738,128147,13,362509
9261,0.001186,172.31.36.0-255,66,128213,13,362509
9262,0.00119,74.125.130.0-255,1484,129697,13,362509
9263,0.001213,74.125.130.0-255,2902,132599,13,362509
9264,0.001216,172.31.36.0-255,66,132665,13,362509
9265,0.001246,74.125.130.0-255,3054,135719,13,362509
9266,0.00125,172.31.36.0-255,66,135785,13,362509
9267,0.001496,74.125.130.0-255,1484,137269,13,362509
9268,0.001518,74.125.130.0-255,2902,140171,13,362509
9269,0.001521,172.31.36.0-255,66,140237,13,362509
9270,0.001526,74.125.130.0-255,1484,141721,13,362509
9271,0.001542,74.125.130.0-255,4320,146041,13,362509
9272,0.001544,172.31.36.0-255,66,146107,13,362509
9273,0.00155,74.125.130.0-255,4320,150427,13,362509
9274,0.001552,172.31.36.0-255,66,150493,13,362509
9275,0.001573,74.125.130.0-255,7156,157649,13,362509
9276,0.001576,172.31.36.0-255,66,157715,13,362509
9277,0.001581,74.125.130.0-255,2902,160617,13,362509
9278,0.001583,172.31.36.0-255,66,160683,13,362509
9279,0.001606,74.125.130.0-255,9274,169957,13,362509
9280,0.001609,172.31.36.0-255,66,170023,13,362509
9281,0.00172,74.125.130.0-255,1484,171507,13,362509
9282,0.001736,74.125.130.0-255,2902,174409,13,362509
9283,0.001739,172.31.36.0-255,66,174475,13,362509
9284,0.001743,74.125.130.0-255,1484,175959,13,362509
9285,0.00176,74.125.130.0-255,2902,178861,13,362509
9286,0.001762,172.31.36.0-255,66,178927,13,362509
9287,0.001784,74.125.130.0-255,4320,183247,13,362509
9288,0.001788,172.31.36.0-255,66,183313,13,362509
9289,0.001805,74.125.130.0-255,1484,184797,13,362509
9290,0.00182,74.125.130.0-255,7156,191953,13,362509
9291,0.001823,172.31.36.0-255,66,192019,13,362509
9292,0.00185,74.125.130.0-255,8574,200593,13,362509
9293,0.001853,172.31.36.0-255,66,200659,13,362509
9294,0.001858,74.125.130.0-255,3602,204261,13,362509
9295,0.00186,172.31.36.0-255,66,204327,13,362509
9296,0.001885,74.125.130.0-255,4320,208647,13,362509
9297,0.001887,172.31.36.0-255,66,208713,13,362509
9298,0.001904,74.125.130.0-255,1484,210197,13,362509
9299,0.001924,74.125.130.0-255,8574,218771,13,362509
9300,0.001927,172.31.36.0-255,66,218837,13,362509
9301,0.001935,74.125.130.0-255,7156,225993,13,362509
9302,0.001938,172.31.36.0-255,66,226059,13,362509
9303,0.001944,74.125.130.0-255,7156,233215,13,362509
9304,0.001947,172.31.36.0-255,66,233281,13,362509
9305,0.001962,74.125.130.0-255,1484,234765,13,362509
9306,0.001968,74.125.130.0-255,3602,238367,13,362509
9307,0.001971,172.31.36.0-255,66,238433,13,362509
9308,0.002049,74.125.130.0-255,1484,239917,13,362509
9309,0.002067,74.125.130.0-255,1484,241401,13,362509
9310,0.00207,172.31.36.0-255,66,241467,13,362509
9311,0.002089,74.125.130.0-255,1484,242951,13,362509
9312,0.002092,74.125.130.0-255,1484,244435,13,362509
9313,0.002094,172.31.36.0-255,66,244501,13,362509
9314,0.002115,74.125.130.0-255,4320,248821,13,362509
9315,0.002118,172.31.36.0-255,66,248887,13,362509
9316,0.002136,74.125.130.0-255,2902,251789,13,362509
9317,0.002139,172.31.36.0-255,66,251855,13,362509
9318,0.002162,74.125.130.0-255,5738,257593,13,362509
9319,0.002164,172.31.36.0-255,66,257659,13,362509
9320,0.00217,74.125.130.0-255,7156,264815,13,362509
9321,0.002172,172.31.36.0-255,66,264881,13,362509
9322,0.002194,74.125.130.0-255,2902,267783,13,362509
9323,0.002196,172.31.36.0-255,66,267849,13,362509
9324,0.002202,74.125.130.0-255,5020,272869,13,362509
9325,0.002204,172.31.36.0-255,66,272935,13,362509
9326,0.002593,74.125.130.0-255,1484,274419,13,362509
9327,0.00261,74.125.130.0-255,2902,277321,13,362509
9328,0.002612,172.31.36.0-255,66,277387,13,362509
9329,0.002617,74.125.130.0-255,2902,280289,13,362509
9330,0.00262,172.31.36.0-255,66,280355,13,362509
9331,0.002676,74.125.130.0-255,4320,284675,13,362509
9332,0.002679,172.31.36.0-255,66,284741,13,362509
9333,0.002687,74.125.130.0-255,8574,293315,13,362509
9334,0.002689,172.31.36.0-255,66,293381,13,362509
9335,0.002691,74.125.130.0-255,1484,294865,13,362509
9336,0.002695,74.125.130.0-255,2902,297767,13,362509
9337,0.002697,172.31.36.0-255,66,297833,13,362509
9338,0.002729,74.125.130.0-255,8574,306407,13,362509
9339,0.002731,172.31.36.0-255,66,306473,13,362509
9340,0.002733,74.125.130.0-255,766,307239,13,362509
9341,0.005421,74.125.130.0-255,4320,311559,13,362509
9342,0.005428,172.31.36.0-255,66,311625,13,362509
9343,0.008133,74.125.130.0-255,5738,317363,13,362509
9344,0.008141,172.31.36.0-255,66,317429,13,362509
9345,0.010839,74.125.130.0-255,5738,323167,13,362509
9346,0.010849,172.31.36.0-255,66,323233,13,362509
9347,0.013536,74.125.130.0-255,5738,328971,13,362509
9348,0.013546,172.31.36.0-255,66,329037,13,362509
9349,0.016243,74.125.130.0-255,5738,334775,13,362509
9350,0.016251,172.31.36.0-255,66,334841,13,362509
9351,0.018955,74.125.130.0-255,5738,340579,13,362509
9352,0.018965,172.31.36.0-255,66,340645,13,362509
9353,0.02165,74.125.130.0-255,4320,344965,13,362509
9354,0.021657,172.31.36.0-255,66,345031,13,362509
9355,0.021687,74.125.130.0-255,1484,346515,13,362509
9356,0.024351,74.125.130.0-255,4320,350835,13,362509
9357,0.024358,172.31.36.0-255,66,350901,13,362509
9358,0.027044,74.125.130.0-255,5738,356639,13,362509
9359,0.027051,172.31.36.0-255,66,356705,13,362509
9360,0.029756,74.125.130.0-255,5738,362443,13,362509
9361,0.029771,172.31.36.0-255,66,362509,13,362509
9362,0.0,172.217.194.0-255,143,143,13,260516
9363,1.9e-05,172.31.36.0-255,66,209,13,260516
9364,2.5e-05,172.217.194.0-255,1484,1693,13,260516
9365,2.9e-05,172.31.36.0-255,66,1759,13,260516
9366,3.5e-05,172.217.194.0-255,2902,4661,13,260516
9367,4.6e-05,172.31.36.0-255,66,4727,13,260516
9368,5.2e-05,172.217.194.0-255,2902,7629,13,260516
9369,5.6e-05,172.31.36.0-255,66,7695,13,260516
9370,6.2e-05,172.217.194.0-255,2902,10597,13,260516
9371,6.4e-05,172.31.36.0-255,66,10663,13,260516
9372,9.1e-05,172.217.194.0-255,4856,15519,13,260516
9373,9.4e-05,172.31.36.0-255,66,15585,13,260516
9374,0.000155,172.31.36.0-255,66,15651,13,260516
9375,0.000183,172.217.194.0-255,1484,17135,13,260516
9376,0.000186,172.31.36.0-255,66,17201,13,260516
9377,0.000191,172.217.194.0-255,2902,20103,13,260516
9378,0.000193,172.31.36.0-255,66,20169,13,260516
9379,0.000204,172.217.194.0-255,5738,25907,13,260516
9380,0.000207,172.31.36.0-255,66,25973,13,260516
9381,0.000215,172.217.194.0-255,6797,32770,13,260516
9382,0.000217,172.31.36.0-255,66,32836,13,260516
9383,0.000269,172.217.194.0-255,7156,39992,13,260516
9384,0.000272,172.31.36.0-255,66,40058,13,260516
9385,0.000307,172.217.194.0-255,7156,47214,13,260516
9386,0.000311,172.217.194.0-255,2833,50047,13,260516
9387,0.000313,172.217.194.0-255,365,50412,13,260516
9388,0.000318,172.31.36.0-255,66,50478,13,260516
9389,0.000325,172.31.36.0-255,66,50544,13,260516
9390,0.000328,172.31.36.0-255,66,50610,13,260516
9391,0.000393,172.217.194.0-255,1484,52094,13,260516
9392,0.000396,172.31.36.0-255,66,52160,13,260516
9393,0.000402,172.217.194.0-255,2902,55062,13,260516
9394,0.000404,172.31.36.0-255,66,55128,13,260516
9395,0.000409,172.217.194.0-255,2902,58030,13,260516
9396,0.000416,172.31.36.0-255,66,58096,13,260516
9397,0.00044,172.217.194.0-255,2902,60998,13,260516
9398,0.000444,172.31.36.0-255,66,61064,13,260516
9399,0.000453,172.217.194.0-255,9992,71056,13,260516
9400,0.00046,172.31.36.0-255,66,71122,13,260516
9401,0.000488,172.217.194.0-255,3961,75083,13,260516
9402,0.000496,172.31.36.0-255,66,75149,13,260516
9403,0.000502,172.217.194.0-255,4320,79469,13,260516
9404,0.000504,172.31.36.0-255,66,79535,13,260516
9405,0.000507,172.217.194.0-255,1484,81019,13,260516
9406,0.000541,172.217.194.0-255,3961,84980,13,260516
9407,0.000545,172.31.36.0-255,66,85046,13,260516
9408,0.000551,172.217.194.0-255,5738,90784,13,260516
9409,0.000553,172.31.36.0-255,66,90850,13,260516
9410,0.000581,172.217.194.0-255,2902,93752,13,260516
9411,0.000583,172.31.36.0-255,66,93818,13,260516
9412,0.000587,172.217.194.0-255,1484,95302,13,260516
9413,0.000615,172.217.194.0-255,8574,103876,13,260516
9414,0.000617,172.31.36.0-255,66,103942,13,260516
9415,0.000635,172.31.36.0-255,66,104008,13,260516
9416,0.000661,172.217.194.0-255,3053,107061,13,260516
9417,0.000663,172.31.36.0-255,66,107127,13,260516
9418,0.00078,172.217.194.0-255,1484,108611,13,260516
9419,0.000787,172.217.194.0-255,2902,111513,13,260516
9420,0.000805,172.31.36.0-255,66,111579,13,260516
9421,0.000813,172.217.194.0-255,5738,117317,13,260516
9422,0.000815,172.31.36.0-255,66,117383,13,260516
9423,0.000828,172.217.194.0-255,7156,124539,13,260516
9424,0.00083,172.31.36.0-255,66,124605,13,260516
9425,0.000875,172.31.36.0-255,66,124671,13,260516
9426,0.00088,172.217.194.0-255,2184,126855,13,260516
9427,0.000882,172.31.36.0-255,66,126921,13,260516
9428,0.001047,172.217.194.0-255,1484,128405,13,260516
9429,0.001053,172.217.194.0-255,2902,131307,13,260516
9430,0.001056,172.31.36.0-255,66,131373,13,260516
9431,0.001087,172.217.194.0-255,5738,137111,13,260516
9432,0.00109,172.31.36.0-255,66,137177,13,260516
9433,0.001103,172.31.36.0-255,66,137243,13,260516
9434,0.001135,172.217.194.0-255,1484,138727,13,260516
9435,0.001147,172.217.194.0-255,10692,149419,13,260516
9436,0.00115,172.31.36.0-255,66,149485,13,260516
9437,0.001172,172.31.36.0-255,66,149551,13,260516
9438,0.001225,172.217.194.0-255,7156,156707,13,260516
9439,0.001228,172.31.36.0-255,66,156773,13,260516
9440,0.001261,172.217.194.0-255,8574,165347,13,260516
9441,0.001264,172.31.36.0-255,66,165413,13,260516
9442,0.001271,172.217.194.0-255,6438,171851,13,260516
9443,0.001274,172.31.36.0-255,66,171917,13,260516
9444,0.00128,172.217.194.0-255,7156,179073,13,260516
9445,0.001282,172.31.36.0-255,66,179139,13,260516
9446,0.001289,172.217.194.0-255,5738,184877,13,260516
9447,0.001291,172.31.36.0-255,66,184943,13,260516
9448,0.001344,172.31.36.0-255,66,185009,13,260516
9449,0.001352,172.217.194.0-255,6438,191447,13,260516
9450,0.001354,172.31.36.0-255,66,191513,13,260516
9451,0.001389,172.217.194.0-255,7156,198669,13,260516
9452,0.001392,172.31.36.0-255,66,198735,13,260516
9453,0.001401,172.217.194.0-255,8574,207309,13,260516
9454,0.001403,172.31.36.0-255,66,207375,13,260516
9455,0.001412,172.217.194.0-255,2902,210277,13,260516
9456,0.001415,172.31.36.0-255,66,210343,13,260516
9457,0.001464,172.31.36.0-255,66,210409,13,260516
9458,0.001468,172.217.194.0-255,2184,212593,13,260516
9459,0.00147,172.31.36.0-255,66,212659,13,260516
9460,0.001477,172.217.194.0-255,5738,218397,13,260516
9461,0.001479,172.31.36.0-255,66,218463,13,260516
9462,0.001523,172.31.36.0-255,66,218529,13,260516
9463,0.001533,172.217.194.0-255,10692,229221,13,260516
9464,0.001535,172.31.36.0-255,66,229287,13,260516
9465,0.001569,172.217.194.0-255,9992,239279,13,260516
9466,0.001574,172.31.36.0-255,66,239345,13,260516
9467,0.001593,172.217.194.0-255,9992,249337,13,260516
9468,0.001599,172.31.36.0-255,66,249403,13,260516
9469,0.001636,172.31.36.0-255,66,249469,13,260516
9470,0.001646,172.217.194.0-255,10639,260108,13,260516
9471,0.001653,172.31.36.0-255,66,260174,13,260516
9472,0.001656,172.217.194.0-255,105,260279,13,260516
9473,0.004332,172.31.36.0-255,66,260345,13,260516
9474,0.004372,172.31.36.0-255,105,260450,13,260516
9475,0.006416,172.217.194.0-255,66,260516,13,260516
9476,0.0,172.217.194.0-255,144,144,13,242351
9477,2.2e-05,172.31.36.0-255,66,210,13,242351
9478,2.9e-05,172.217.194.0-255,1484,1694,13,242351
9479,3.3e-05,172.31.36.0-255,66,1760,13,242351
9480,3.8e-05,172.217.194.0-255,2902,4662,13,242351
9481,4.1e-05,172.31.36.0-255,66,4728,13,242351
9482,4.7e-05,172.217.194.0-255,7156,11884,13,242351
9483,5e-05,172.31.36.0-255,66,11950,13,242351
9484,7.2e-05,172.217.194.0-255,2070,14020,13,242351
9485,7.5e-05,172.31.36.0-255,66,14086,13,242351
9486,0.000872,172.217.194.0-255,1484,15570,13,242351
9487,0.000878,172.31.36.0-255,66,15636,13,242351
9488,0.000899,172.217.194.0-255,2902,18538,13,242351
9489,0.000902,172.31.36.0-255,66,18604,13,242351
9490,0.000905,172.217.194.0-255,1484,20088,13,242351
9491,0.000906,172.31.36.0-255,66,20154,13,242351
9492,0.000912,172.217.194.0-255,4320,24474,13,242351
9493,0.000913,172.31.36.0-255,66,24540,13,242351
9494,0.00093,172.217.194.0-255,1484,26024,13,242351
9495,0.000932,172.31.36.0-255,66,26090,13,242351
9496,0.000979,172.31.36.0-255,66,26156,13,242351
9497,0.000987,172.217.194.0-255,8574,34730,13,242351
9498,0.000989,172.31.36.0-255,66,34796,13,242351
9499,0.001004,172.217.194.0-255,4320,39116,13,242351
9500,0.001006,172.31.36.0-255,66,39182,13,242351
9501,0.001044,172.31.36.0-255,66,39248,13,242351
9502,0.001046,172.217.194.0-255,645,39893,13,242351
9503,0.001048,172.31.36.0-255,66,39959,13,242351
9504,0.00116,172.217.194.0-255,1484,41443,13,242351
9505,0.001163,172.31.36.0-255,66,41509,13,242351
9506,0.001169,172.217.194.0-255,2902,44411,13,242351
9507,0.001171,172.31.36.0-255,66,44477,13,242351
9508,0.00119,172.217.194.0-255,2902,47379,13,242351
9509,0.001192,172.31.36.0-255,66,47445,13,242351
9510,0.001215,172.217.194.0-255,2902,50347,13,242351
9511,0.001218,172.31.36.0-255,66,50413,13,242351
9512,0.001229,172.31.36.0-255,66,50479,13,242351
9513,0.001247,172.217.194.0-255,1484,51963,13,242351
9514,0.001254,172.217.194.0-255,5738,57701,13,242351
9515,0.001256,172.31.36.0-255,66,57767,13,242351
9516,0.001284,172.217.194.0-255,5020,62787,13,242351
9517,0.001287,172.31.36.0-255,66,62853,13,242351
9518,0.001464,172.217.194.0-255,1484,64337,13,242351
9519,0.001477,172.217.194.0-255,2902,67239,13,242351
9520,0.001481,172.31.36.0-255,66,67305,13,242351
9521,0.001484,172.217.194.0-255,1484,68789,13,242351
9522,0.001503,172.217.194.0-255,4320,73109,13,242351
9523,0.001505,172.31.36.0-255,66,73175,13,242351
9524,0.00151,172.217.194.0-255,5738,78913,13,242351
9525,0.001513,172.31.36.0-255,66,78979,13,242351
9526,0.001529,172.217.194.0-255,7156,86135,13,242351
9527,0.001531,172.31.36.0-255,66,86201,13,242351
9528,0.001546,172.217.194.0-255,2902,89103,13,242351
9529,0.001548,172.31.36.0-255,66,89169,13,242351
9530,0.001571,172.31.36.0-255,66,89235,13,242351
9531,0.001577,172.217.194.0-255,5738,94973,13,242351
9532,0.00158,172.31.36.0-255,66,95039,13,242351
9533,0.001612,172.31.36.0-255,66,95105,13,242351
9534,0.001624,172.31.36.0-255,66,95171,13,242351
9535,0.00166,172.217.194.0-255,5738,100909,13,242351
9536,0.001662,172.31.36.0-255,66,100975,13,242351
9537,0.001697,172.31.36.0-255,66,101041,13,242351
9538,0.001749,172.217.194.0-255,9992,111033,13,242351
9539,0.001752,172.31.36.0-255,66,111099,13,242351
9540,0.001785,172.31.36.0-255,66,111165,13,242351
9541,0.001789,172.217.194.0-255,2184,113349,13,242351
9542,0.001791,172.31.36.0-255,66,113415,13,242351
9543,0.001959,172.217.194.0-255,1484,114899,13,242351
9544,0.001963,172.217.194.0-255,2902,117801,13,242351
9545,0.001966,172.31.36.0-255,66,117867,13,242351
9546,0.001989,172.217.194.0-255,1484,119351,13,242351
9547,0.002,172.217.194.0-255,1484,120835,13,242351
9548,0.002003,172.31.36.0-255,66,120901,13,242351
9549,0.002008,172.217.194.0-255,4320,125221,13,242351
9550,0.00201,172.31.36.0-255,66,125287,13,242351
9551,0.002015,172.217.194.0-255,4320,129607,13,242351
9552,0.002017,172.31.36.0-255,66,129673,13,242351
9553,0.002043,172.217.194.0-255,4320,133993,13,242351
9554,0.002045,172.31.36.0-255,66,134059,13,242351
9555,0.00205,172.217.194.0-255,2902,136961,13,242351
9556,0.002052,172.31.36.0-255,66,137027,13,242351
9557,0.002077,172.217.194.0-255,10692,147719,13,242351
9558,0.002079,172.31.36.0-255,66,147785,13,242351
9559,0.002126,172.217.194.0-255,1484,149269,13,242351
9560,0.002129,172.217.194.0-255,1484,150753,13,242351
9561,0.002131,172.31.36.0-255,66,150819,13,242351
9562,0.002143,172.217.194.0-255,1484,152303,13,242351
9563,0.002163,172.217.194.0-255,2902,155205,13,242351
9564,0.002165,172.31.36.0-255,66,155271,13,242351
9565,0.002183,172.217.194.0-255,2902,158173,13,242351
9566,0.002185,172.31.36.0-255,66,158239,13,242351
9567,0.002194,172.217.194.0-255,9992,168231,13,242351
9568,0.002196,172.31.36.0-255,66,168297,13,242351
9569,0.002221,172.217.194.0-255,2902,171199,13,242351
9570,0.002223,172.31.36.0-255,66,171265,13,242351
9571,0.002231,172.217.194.0-255,8574,179839,13,242351
9572,0.002243,172.217.194.0-255,2184,182023,13,242351
9573,0.002264,172.217.194.0-255,9992,192015,13,242351
9574,0.002301,172.217.194.0-255,7856,199871,13,242351
9575,0.002313,172.217.194.0-255,1484,201355,13,242351
9576,0.002333,172.217.194.0-255,8574,209929,13,242351
9577,0.002338,172.217.194.0-255,2902,212831,13,242351
9578,0.002359,172.217.194.0-255,8574,221405,13,242351
9579,0.002362,172.217.194.0-255,1484,222889,13,242351
9580,0.002374,172.217.194.0-255,4320,227209,13,242351
9581,0.00239,172.217.194.0-255,6438,233647,13,242351
9582,0.002425,172.217.194.0-255,8362,242009,13,242351
9583,0.002428,172.217.194.0-255,105,242114,13,242351
9584,0.008534,172.31.36.0-255,66,242180,13,242351
9585,0.011576,172.31.36.0-255,105,242285,13,242351
9586,0.014213,172.217.194.0-255,66,242351,13,242351
9587,0.0,74.125.200.0-255,66,66,13,66
9588,0.0,74.125.130.0-255,153,153,13,181802
9589,2e-05,172.31.36.0-255,66,219,13,181802
9590,5.4e-05,74.125.130.0-255,1484,1703,13,181802
9591,5.9e-05,172.31.36.0-255,66,1769,13,181802
9592,6.6e-05,74.125.130.0-255,2902,4671,13,181802
9593,7e-05,172.31.36.0-255,66,4737,13,181802
9594,7.3e-05,74.125.130.0-255,1484,6221,13,181802
9595,7.6e-05,172.31.36.0-255,66,6287,13,181802
9596,0.000107,74.125.130.0-255,2902,9189,13,181802
9597,0.00011,172.31.36.0-255,66,9255,13,181802
9598,0.000129,74.125.130.0-255,4855,14110,13,181802
9599,0.000132,172.31.36.0-255,66,14176,13,181802
9600,0.000316,74.125.130.0-255,1484,15660,13,181802
9601,0.000321,172.31.36.0-255,66,15726,13,181802
9602,0.000328,74.125.130.0-255,2902,18628,13,181802
9603,0.00033,172.31.36.0-255,66,18694,13,181802
9604,0.000358,74.125.130.0-255,5738,24432,13,181802
9605,0.000362,172.31.36.0-255,66,24498,13,181802
9606,0.000389,74.125.130.0-255,4320,28818,13,181802
9607,0.000392,172.31.36.0-255,66,28884,13,181802
9608,0.000419,74.125.130.0-255,5379,34263,13,181802
9609,0.000422,172.31.36.0-255,66,34329,13,181802
9610,0.000426,74.125.130.0-255,2902,37231,13,181802
9611,0.000428,172.31.36.0-255,66,37297,13,181802
9612,0.000431,74.125.130.0-255,1484,38781,13,181802
9613,0.000433,172.31.36.0-255,66,38847,13,181802
9614,0.000466,74.125.130.0-255,2902,41749,13,181802
9615,0.000469,172.31.36.0-255,66,41815,13,181802
9616,0.000487,74.125.130.0-255,4320,46135,13,181802
9617,0.00049,172.31.36.0-255,66,46201,13,181802
9618,0.000515,74.125.130.0-255,2543,48744,13,181802
9619,0.000518,172.31.36.0-255,66,48810,13,181802
9620,0.000866,74.125.130.0-255,1484,50294,13,181802
9621,0.000872,74.125.130.0-255,1484,51778,13,181802
9622,0.000876,172.31.36.0-255,66,51844,13,181802
9623,0.000908,74.125.130.0-255,2902,54746,13,181802
9624,0.000914,74.125.130.0-255,5738,60484,13,181802
9625,0.000918,172.31.36.0-255,66,60550,13,181802
9626,0.000928,172.31.36.0-255,66,60616,13,181802
9627,0.000939,74.125.130.0-255,5379,65995,13,181802
9628,0.000941,172.31.36.0-255,66,66061,13,181802
9629,0.001236,74.125.130.0-255,1484,67545,13,181802
9630,0.001245,74.125.130.0-255,2902,70447,13,181802
9631,0.001249,172.31.36.0-255,66,70513,13,181802
9632,0.001291,74.125.130.0-255,2902,73415,13,181802
9633,0.001295,172.31.36.0-255,66,73481,13,181802
9634,0.001343,74.125.130.0-255,4320,77801,13,181802
9635,0.001346,172.31.36.0-255,66,77867,13,181802
9636,0.001391,74.125.130.0-255,5738,83605,13,181802
9637,0.001395,172.31.36.0-255,66,83671,13,181802
9638,0.001451,74.125.130.0-255,5738,89409,13,181802
9639,0.001454,172.31.36.0-255,66,89475,13,181802
9640,0.001485,74.125.130.0-255,7156,96631,13,181802
9641,0.001487,172.31.36.0-255,66,96697,13,181802
9642,0.001492,74.125.130.0-255,2902,99599,13,181802
9643,0.001495,172.31.36.0-255,66,99665,13,181802
9644,0.00153,74.125.130.0-255,766,100431,13,181802
9645,0.003546,74.125.130.0-255,4320,104751,13,181802
9646,0.003554,172.31.36.0-255,66,104817,13,181802
9647,0.005625,74.125.130.0-255,5738,110555,13,181802
9648,0.005633,172.31.36.0-255,66,110621,13,181802
9649,0.007681,74.125.130.0-255,5738,116359,13,181802
9650,0.007685,172.31.36.0-255,66,116425,13,181802
9651,0.009739,74.125.130.0-255,5738,122163,13,181802
9652,0.009747,172.31.36.0-255,66,122229,13,181802
9653,0.0118,74.125.130.0-255,5738,127967,13,181802
9654,0.01181,172.31.36.0-255,66,128033,13,181802
9655,0.013862,74.125.130.0-255,5738,133771,13,181802
9656,0.013869,172.31.36.0-255,66,133837,13,181802
9657,0.015942,74.125.130.0-255,5738,139575,13,181802
9658,0.015951,172.31.36.0-255,66,139641,13,181802
9659,0.01802,74.125.130.0-255,5738,145379,13,181802
9660,0.018032,172.31.36.0-255,66,145445,13,181802
9661,0.020117,74.125.130.0-255,5738,151183,13,181802
9662,0.020126,172.31.36.0-255,66,151249,13,181802
9663,0.022184,74.125.130.0-255,5738,156987,13,181802
9664,0.022192,172.31.36.0-255,66,157053,13,181802
9665,0.024241,74.125.130.0-255,5738,162791,13,181802
9666,0.024249,172.31.36.0-255,66,162857,13,181802
9667,0.026293,74.125.130.0-255,5738,168595,13,181802
9668,0.0263,172.31.36.0-255,66,168661,13,181802
9669,0.026478,172.31.36.0-255,172,168833,13,181802
9670,0.026507,172.31.36.0-255,1106,169939,13,181802
9671,0.026629,172.31.36.0-255,1514,171453,13,181802
9672,0.026632,172.31.36.0-255,1514,172967,13,181802
9673,0.026633,172.31.36.0-255,1514,174481,13,181802
9674,0.026634,172.31.36.0-255,1079,175560,13,181802
9675,0.028065,104.244.42.0-255,66,175626,13,181802
9676,0.028073,104.244.42.0-255,66,175692,13,181802
9677,0.028241,104.244.42.0-255,66,175758,13,181802
9678,0.028267,104.244.42.0-255,66,175824,13,181802
9679,0.028353,74.125.130.0-255,5738,181562,13,181802
9680,0.028358,172.31.36.0-255,66,181628,13,181802
9681,0.028837,104.244.42.0-255,108,181736,13,181802
9682,0.028846,172.31.36.0-255,66,181802,13,181802
9683,0.0,74.125.24.0-255,151,151,13,316384
9684,1.5e-05,172.31.36.0-255,66,217,13,316384
9685,2e-05,74.125.24.0-255,1484,1701,13,316384
9686,2.4e-05,172.31.36.0-255,66,1767,13,316384
9687,2.8e-05,74.125.24.0-255,1484,3251,13,316384
9688,3e-05,172.31.36.0-255,66,3317,13,316384
9689,4.7e-05,74.125.24.0-255,1484,4801,13,316384
9690,4.9e-05,172.31.36.0-255,66,4867,13,316384
9691,6.5e-05,74.125.24.0-255,2902,7769,13,316384
9692,6.8e-05,172.31.36.0-255,66,7835,13,316384
9693,9.8e-05,74.125.24.0-255,4320,12155,13,316384
9694,0.000101,172.31.36.0-255,66,12221,13,316384
9695,0.000105,74.125.24.0-255,2011,14232,13,316384
9696,0.000107,172.31.36.0-255,66,14298,13,316384
9697,0.000223,74.125.24.0-255,1484,15782,13,316384
9698,0.000227,172.31.36.0-255,66,15848,13,316384
9699,0.000257,74.125.24.0-255,2902,18750,13,316384
9700,0.00026,172.31.36.0-255,66,18816,13,316384
9701,0.000264,74.125.24.0-255,1484,20300,13,316384
9702,0.000266,172.31.36.0-255,66,20366,13,316384
9703,0.000284,74.125.24.0-255,4320,24686,13,316384
9704,0.000286,172.31.36.0-255,66,24752,13,316384
9705,0.000293,74.125.24.0-255,5738,30490,13,316384
9706,0.000295,172.31.36.0-255,66,30556,13,316384
9707,0.000324,74.125.24.0-255,1125,31681,13,316384
9708,0.000327,172.31.36.0-255,66,31747,13,316384
9709,0.000684,74.125.24.0-255,1484,33231,13,316384
9710,0.000688,172.31.36.0-255,66,33297,13,316384
9711,0.000694,74.125.24.0-255,2902,36199,13,316384
9712,0.000697,172.31.36.0-255,66,36265,13,316384
9713,0.000703,74.125.24.0-255,5738,42003,13,316384
9714,0.000706,172.31.36.0-255,66,42069,13,316384
9715,0.000742,74.125.24.0-255,1484,43553,13,316384
9716,0.000788,172.31.36.0-255,66,43619,13,316384
9717,0.000803,74.125.24.0-255,4320,47939,13,316384
9718,0.000821,74.125.24.0-255,5688,53627,13,316384
9719,0.000828,172.31.36.0-255,66,53693,13,316384
9720,0.001006,74.125.24.0-255,345,54038,13,316384
9721,0.001084,172.31.36.0-255,66,54104,13,316384
9722,0.001105,74.125.24.0-255,1484,55588,13,316384
9723,0.001127,74.125.24.0-255,2902,58490,13,316384
9724,0.001131,74.125.24.0-255,1484,59974,13,316384
9725,0.001145,74.125.24.0-255,4320,64294,13,316384
9726,0.001163,74.125.24.0-255,2902,67196,13,316384
9727,0.001168,172.31.36.0-255,66,67262,13,316384
9728,0.001249,74.125.24.0-255,3961,71223,13,316384
9729,0.001264,172.31.36.0-255,66,71289,13,316384
9730,0.001313,74.125.24.0-255,1484,72773,13,316384
9731,0.00133,74.125.24.0-255,2902,75675,13,316384
9732,0.001343,74.125.24.0-255,2902,78577,13,316384
9733,0.001357,74.125.24.0-255,2902,81479,13,316384
9734,0.00136,74.125.24.0-255,1484,82963,13,316384
9735,0.001367,172.31.36.0-255,66,83029,13,316384
9736,0.001383,74.125.24.0-255,5379,88408,13,316384
9737,0.00139,74.125.24.0-255,7156,95564,13,316384
9738,0.001402,172.31.36.0-255,66,95630,13,316384
9739,0.001416,74.125.24.0-255,7156,102786,13,316384
9740,0.001424,74.125.24.0-255,7156,109942,13,316384
9741,0.001426,74.125.24.0-255,1484,111426,13,316384
9742,0.00143,172.31.36.0-255,66,111492,13,316384
9743,0.001458,74.125.24.0-255,7156,118648,13,316384
9744,0.001463,74.125.24.0-255,3602,122250,13,316384
9745,0.001489,74.125.24.0-255,4320,126570,13,316384
9746,0.001522,172.31.36.0-255,66,126636,13,316384
9747,0.00154,74.125.24.0-255,9992,136628,13,316384
9748,0.001546,74.125.24.0-255,5738,142366,13,316384
9749,0.001563,74.125.24.0-255,7156,149522,13,316384
9750,0.001573,172.31.36.0-255,66,149588,13,316384
9751,0.001582,74.125.24.0-255,2902,152490,13,316384
9752,0.001587,172.31.36.0-255,66,152556,13,316384
9753,0.001642,74.125.24.0-255,3602,156158,13,316384
9754,0.001669,172.31.36.0-255,66,156224,13,316384
9755,0.001905,74.125.24.0-255,1484,157708,13,316384
9756,0.001925,74.125.24.0-255,2902,160610,13,316384
9757,0.001928,172.31.36.0-255,66,160676,13,316384
9758,0.001951,74.125.24.0-255,5738,166414,13,316384
9759,0.001969,172.31.36.0-255,66,166480,13,316384
9760,0.001993,74.125.24.0-255,9992,176472,13,316384
9761,0.002009,172.31.36.0-255,66,176538,13,316384
9762,0.002019,74.125.24.0-255,4320,180858,13,316384
9763,0.002043,74.125.24.0-255,7156,188014,13,316384
9764,0.002051,172.31.36.0-255,66,188080,13,316384
9765,0.002071,74.125.24.0-255,2184,190264,13,316384
9766,0.002075,172.31.36.0-255,66,190330,13,316384
9767,0.00234,74.125.24.0-255,1484,191814,13,316384
9768,0.002347,74.125.24.0-255,2902,194716,13,316384
9769,0.00235,172.31.36.0-255,66,194782,13,316384
9770,0.002374,74.125.24.0-255,5738,200520,13,316384
9771,0.002377,74.125.24.0-255,1484,202004,13,316384
9772,0.002397,74.125.24.0-255,8574,210578,13,316384
9773,0.002416,172.31.36.0-255,66,210644,13,316384
9774,0.002425,74.125.24.0-255,2902,213546,13,316384
9775,0.002435,74.125.24.0-255,10692,224238,13,316384
9776,0.002441,172.31.36.0-255,66,224304,13,316384
9777,0.002484,74.125.24.0-255,1484,225788,13,316384
9778,0.002502,74.125.24.0-255,2902,228690,13,316384
9779,0.002506,74.125.24.0-255,2902,231592,13,316384
9780,0.002515,172.31.36.0-255,66,231658,13,316384
9781,0.00252,74.125.24.0-255,2902,234560,13,316384
9782,0.002525,172.31.36.0-255,66,234626,13,316384
9783,0.002534,74.125.24.0-255,2902,237528,13,316384
9784,0.002558,74.125.24.0-255,9992,247520,13,316384
9785,0.002562,74.125.24.0-255,2902,250422,13,316384
9786,0.002582,74.125.24.0-255,7856,258278,13,316384
9787,0.003365,172.31.36.0-255,66,258344,13,316384
9788,0.005984,74.125.24.0-255,5738,264082,13,316384
9789,0.005993,172.31.36.0-255,66,264148,13,316384
9790,0.008552,74.125.24.0-255,5738,269886,13,316384
9791,0.008559,172.31.36.0-255,66,269952,13,316384
9792,0.01115,74.125.24.0-255,5738,275690,13,316384
9793,0.011157,172.31.36.0-255,66,275756,13,316384
9794,0.013833,74.125.24.0-255,5738,281494,13,316384
9795,0.013842,172.31.36.0-255,66,281560,13,316384
9796,0.016467,74.125.24.0-255,5738,287298,13,316384
9797,0.016477,172.31.36.0-255,66,287364,13,316384
9798,0.019089,74.125.24.0-255,5738,293102,13,316384
9799,0.019097,172.31.36.0-255,66,293168,13,316384
9800,0.021724,74.125.24.0-255,5738,298906,13,316384
9801,0.021737,172.31.36.0-255,66,298972,13,316384
9802,0.024377,74.125.24.0-255,5738,304710,13,316384
9803,0.024387,172.31.36.0-255,66,304776,13,316384
9804,0.027063,74.125.24.0-255,5738,310514,13,316384
9805,0.027071,172.31.36.0-255,66,310580,13,316384
9806,0.029668,74.125.24.0-255,5738,316318,13,316384
9807,0.029676,172.31.36.0-255,66,316384,13,316384
9808,0.0,172.217.194.0-255,153,153,13,311967
9809,3.2e-05,172.217.194.0-255,1484,1637,13,311967
9810,4.2e-05,172.31.36.0-255,66,1703,13,311967
9811,5e-05,172.217.194.0-255,2902,4605,13,311967
9812,5.3e-05,172.31.36.0-255,66,4671,13,311967
9813,6.9e-05,172.217.194.0-255,7156,11827,13,311967
9814,7.2e-05,172.31.36.0-255,66,11893,13,311967
9815,7.6e-05,172.217.194.0-255,1991,13884,13,311967
9816,7.9e-05,172.31.36.0-255,66,13950,13,311967
9817,0.000118,172.217.194.0-255,1484,15434,13,311967
9818,0.000121,172.217.194.0-255,1484,16918,13,311967
9819,0.000125,172.31.36.0-255,66,16984,13,311967
9820,0.000147,172.217.194.0-255,1484,18468,13,311967
9821,0.000154,172.217.194.0-255,5738,24206,13,311967
9822,0.000157,172.31.36.0-255,66,24272,13,311967
9823,0.000161,172.217.194.0-255,2902,27174,13,311967
9824,0.000163,172.31.36.0-255,66,27240,13,311967
9825,0.0002,172.217.194.0-255,1484,28724,13,311967
9826,0.000227,172.217.194.0-255,9633,38357,13,311967
9827,0.00023,172.31.36.0-255,66,38423,13,311967
9828,0.000257,172.217.194.0-255,4320,42743,13,311967
9829,0.000261,172.31.36.0-255,66,42809,13,311967
9830,0.000289,172.217.194.0-255,5379,48188,13,311967
9831,0.000292,172.31.36.0-255,66,48254,13,311967
9832,0.000324,172.217.194.0-255,7156,55410,13,311967
9833,0.000328,172.31.36.0-255,66,55476,13,311967
9834,0.000334,172.217.194.0-255,5738,61214,13,311967
9835,0.000336,172.31.36.0-255,66,61280,13,311967
9836,0.000355,172.217.194.0-255,2902,64182,13,311967
9837,0.000364,172.31.36.0-255,66,64248,13,311967
9838,0.000367,172.217.194.0-255,1125,65373,13,311967
9839,0.000392,172.217.194.0-255,645,66018,13,311967
9840,0.000395,172.31.36.0-255,66,66084,13,311967
9841,0.000406,172.217.194.0-255,1484,67568,13,311967
9842,0.000415,172.217.194.0-255,2902,70470,13,311967
9843,0.000418,172.31.36.0-255,66,70536,13,311967
9844,0.000443,172.217.194.0-255,1484,72020,13,311967
9845,0.000454,172.217.194.0-255,9992,82012,13,311967
9846,0.000458,172.31.36.0-255,66,82078,13,311967
9847,0.000461,172.217.194.0-255,1125,83203,13,311967
9848,0.000511,172.217.194.0-255,5738,88941,13,311967
9849,0.000515,172.31.36.0-255,66,89007,13,311967
9850,0.000542,172.217.194.0-255,7156,96163,13,311967
9851,0.000546,172.31.36.0-255,66,96229,13,311967
9852,0.000552,172.217.194.0-255,3961,100190,13,311967
9853,0.000554,172.31.36.0-255,66,100256,13,311967
9854,0.000993,172.217.194.0-255,1484,101740,13,311967
9855,0.001012,172.217.194.0-255,2902,104642,13,311967
9856,0.001016,172.31.36.0-255,66,104708,13,311967
9857,0.001023,172.217.194.0-255,5738,110446,13,311967
9858,0.001025,172.31.36.0-255,66,110512,13,311967
9859,0.001072,172.31.36.0-255,66,110578,13,311967
9860,0.001078,172.217.194.0-255,4320,114898,13,311967
9861,0.00108,172.31.36.0-255,66,114964,13,311967
9862,0.001109,172.217.194.0-255,6438,121402,13,311967
9863,0.001112,172.31.36.0-255,66,121468,13,311967
9864,0.001163,172.217.194.0-255,1484,122952,13,311967
9865,0.001168,172.217.194.0-255,2902,125854,13,311967
9866,0.001172,172.31.36.0-255,66,125920,13,311967
9867,0.001179,172.217.194.0-255,5738,131658,13,311967
9868,0.001183,172.31.36.0-255,66,131724,13,311967
9869,0.001204,172.217.194.0-255,2902,134626,13,311967
9870,0.001208,172.31.36.0-255,66,134692,13,311967
9871,0.001239,172.217.194.0-255,9992,144684,13,311967
9872,0.001247,172.31.36.0-255,66,144750,13,311967
9873,0.001255,172.217.194.0-255,7156,151906,13,311967
9874,0.001257,172.31.36.0-255,66,151972,13,311967
9875,0.001291,172.217.194.0-255,3602,155574,13,311967
9876,0.001294,172.31.36.0-255,66,155640,13,311967
9877,0.001326,172.217.194.0-255,1484,157124,13,311967
9878,0.001329,172.217.194.0-255,1484,158608,13,311967
9879,0.001332,172.31.36.0-255,66,158674,13,311967
9880,0.001356,172.217.194.0-255,1484,160158,13,311967
9881,0.001362,172.217.194.0-255,5738,165896,13,311967
9882,0.001366,172.31.36.0-255,66,165962,13,311967
9883,0.001397,172.217.194.0-255,9992,175954,13,311967
9884,0.001401,172.31.36.0-255,66,176020,13,311967
9885,0.001432,172.217.194.0-255,5738,181758,13,311967
9886,0.001435,172.31.36.0-255,66,181824,13,311967
9887,0.001467,172.217.194.0-255,7856,189680,13,311967
9888,0.00147,172.31.36.0-255,66,189746,13,311967
9889,0.001555,172.217.194.0-255,1484,191230,13,311967
9890,0.00156,172.217.194.0-255,2902,194132,13,311967
9891,0.001563,172.31.36.0-255,66,194198,13,311967
9892,0.001567,172.217.194.0-255,1484,195682,13,311967
9893,0.001595,172.217.194.0-255,4320,200002,13,311967
9894,0.001598,172.31.36.0-255,66,200068,13,311967
9895,0.001603,172.217.194.0-255,2902,202970,13,311967
9896,0.001605,172.31.36.0-255,66,203036,13,311967
9897,0.001636,172.217.194.0-255,9992,213028,13,311967
9898,0.00164,172.31.36.0-255,66,213094,13,311967
9899,0.001647,172.217.194.0-255,7156,220250,13,311967
9900,0.00165,172.31.36.0-255,66,220316,13,311967
9901,0.001654,172.217.194.0-255,3602,223918,13,311967
9902,0.001657,172.31.36.0-255,66,223984,13,311967
9903,0.00169,172.217.194.0-255,4320,228304,13,311967
9904,0.001694,172.31.36.0-255,66,228370,13,311967
9905,0.0017,172.217.194.0-255,4320,232690,13,311967
9906,0.001702,172.31.36.0-255,66,232756,13,311967
9907,0.001736,172.217.194.0-255,5738,238494,13,311967
9908,0.001739,172.31.36.0-255,66,238560,13,311967
9909,0.001751,172.217.194.0-255,7156,245716,13,311967
9910,0.001759,172.31.36.0-255,66,245782,13,311967
9911,0.001773,172.31.36.0-255,66,245848,13,311967
9912,0.001815,172.31.36.0-255,66,245914,13,311967
9913,0.001884,172.31.36.0-255,66,245980,13,311967
9914,0.001892,172.217.194.0-255,6438,252418,13,311967
9915,0.001894,172.31.36.0-255,66,252484,13,311967
9916,0.001936,172.217.194.0-255,7156,259640,13,311967
9917,0.00194,172.31.36.0-255,66,259706,13,311967
9918,0.001949,172.217.194.0-255,8574,268280,13,311967
9919,0.001957,172.31.36.0-255,66,268346,13,311967
9920,0.001996,172.217.194.0-255,2902,271248,13,311967
9921,0.002001,172.31.36.0-255,66,271314,13,311967
9922,0.00204,172.31.36.0-255,66,271380,13,311967
9923,0.002043,172.217.194.0-255,766,272146,13,311967
9924,0.002046,172.217.194.0-255,1484,273630,13,311967
9925,0.002048,172.31.36.0-255,66,273696,13,311967
9926,0.002052,172.217.194.0-255,2902,276598,13,311967
9927,0.002064,172.31.36.0-255,66,276664,13,311967
9928,0.002069,172.217.194.0-255,4320,280984,13,311967
9929,0.002071,172.31.36.0-255,66,281050,13,311967
9930,0.002121,172.31.36.0-255,66,281116,13,311967
9931,0.002127,172.217.194.0-255,5738,286854,13,311967
9932,0.002129,172.31.36.0-255,66,286920,13,311967
9933,0.002156,172.217.194.0-255,1484,288404,13,311967
9934,0.002179,172.217.194.0-255,6438,294842,13,311967
9935,0.002183,172.31.36.0-255,66,294908,13,311967
9936,0.002191,172.217.194.0-255,8574,303482,13,311967
9937,0.002193,172.31.36.0-255,66,303548,13,311967
9938,0.002202,172.217.194.0-255,931,304479,13,311967
9939,0.002205,172.217.194.0-255,97,304576,13,311967
9940,0.002267,172.217.194.0-255,105,304681,13,311967
9941,0.003383,172.31.36.0-255,66,304747,13,311967
9942,0.003408,172.31.36.0-255,105,304852,13,311967
9943,0.005314,172.217.194.0-255,66,304918,13,311967
9944,0.02749,172.31.36.0-255,172,305090,13,311967
9945,0.027522,172.31.36.0-255,1109,306199,13,311967
9946,0.02756,172.31.36.0-255,1514,307713,13,311967
9947,0.027561,172.31.36.0-255,1514,309227,13,311967
9948,0.027567,172.31.36.0-255,1514,310741,13,311967
9949,0.027568,172.31.36.0-255,962,311703,13,311967
9950,0.029026,104.244.42.0-255,66,311769,13,311967
9951,0.029054,104.244.42.0-255,66,311835,13,311967
9952,0.029109,104.244.42.0-255,66,311901,13,311967
9953,0.029112,104.244.42.0-255,66,311967,13,311967
9954,0.0,172.217.194.0-255,307,307,13,234779
9955,3e-05,172.217.194.0-255,1484,1791,13,234779
9956,4.1e-05,172.31.36.0-255,66,1857,13,234779
9957,5e-05,172.217.194.0-255,4320,6177,13,234779
9958,5.3e-05,172.31.36.0-255,66,6243,13,234779
9959,6.8e-05,172.217.194.0-255,7512,13755,13,234779
9960,7.1e-05,172.31.36.0-255,66,13821,13,234779
9961,7.7e-05,172.217.194.0-255,4320,18141,13,234779
9962,7.9e-05,172.31.36.0-255,66,18207,13,234779
9963,0.000118,172.217.194.0-255,9992,28199,13,234779
9964,0.000121,172.31.36.0-255,66,28265,13,234779
9965,0.000126,172.217.194.0-255,2543,30808,13,234779
9966,0.00013,172.31.36.0-255,66,30874,13,234779
9967,0.000134,172.217.194.0-255,2902,33776,13,234779
9968,0.000136,172.31.36.0-255,66,33842,13,234779
9969,0.000147,172.217.194.0-255,4320,38162,13,234779
9970,0.00015,172.31.36.0-255,66,38228,13,234779
9971,0.000158,172.217.194.0-255,7156,45384,13,234779
9972,0.00016,172.31.36.0-255,66,45450,13,234779
9973,0.000197,172.217.194.0-255,1484,46934,13,234779
9974,0.000216,172.31.36.0-255,66,47000,13,234779
9975,0.00022,172.217.194.0-255,118,47118,13,234779
9976,0.000302,172.217.194.0-255,381,47499,13,234779
9977,0.000454,172.217.194.0-255,1484,48983,13,234779
9978,0.000459,172.31.36.0-255,66,49049,13,234779
9979,0.000466,172.217.194.0-255,2902,51951,13,234779
9980,0.000467,172.31.36.0-255,66,52017,13,234779
9981,0.000482,172.217.194.0-255,5738,57755,13,234779
9982,0.000484,172.31.36.0-255,66,57821,13,234779
9983,0.000491,172.217.194.0-255,4320,62141,13,234779
9984,0.000493,172.31.36.0-255,66,62207,13,234779
9985,0.000532,172.217.194.0-255,8574,70781,13,234779
9986,0.000537,172.31.36.0-255,66,70847,13,234779
9987,0.000574,172.217.194.0-255,4320,75167,13,234779
9988,0.000577,172.31.36.0-255,66,75233,13,234779
9989,0.00061,172.217.194.0-255,6438,81671,13,234779
9990,0.000616,172.31.36.0-255,66,81737,13,234779
9991,0.000622,172.31.36.0-255,66,81803,13,234779
9992,0.000629,172.217.194.0-255,7156,88959,13,234779
9993,0.000631,172.31.36.0-255,66,89025,13,234779
9994,0.000653,172.217.194.0-255,5738,94763,13,234779
9995,0.000661,172.31.36.0-255,66,94829,13,234779
9996,0.00067,172.217.194.0-255,9274,104103,13,234779
9997,0.000673,172.31.36.0-255,66,104169,13,234779
9998,0.000713,172.217.194.0-255,1484,105653,13,234779
9999,0.000718,172.217.194.0-255,2902,108555,13,234779
10000,0.000721,172.217.194.0-255,1484,110039,13,234779
10001,0.000722,172.31.36.0-255,66,110105,13,234779
10002,0.000737,172.217.194.0-255,4320,114425,13,234779
10003,0.000745,172.31.36.0-255,66,114491,13,234779
10004,0.00078,172.217.194.0-255,8574,123065,13,234779
10005,0.000783,172.31.36.0-255,66,123131,13,234779
10006,0.000813,172.217.194.0-255,2902,126033,13,234779
10007,0.000817,172.31.36.0-255,66,126099,13,234779
10008,0.000857,172.31.36.0-255,66,126165,13,234779
10009,0.00086,172.217.194.0-255,1484,127649,13,234779
10010,0.000887,172.217.194.0-255,2902,130551,13,234779
10011,0.000891,172.31.36.0-255,66,130617,13,234779
10012,0.000898,172.217.194.0-255,5738,136355,13,234779
10013,0.000901,172.31.36.0-255,66,136421,13,234779
10014,0.000906,172.217.194.0-255,5738,142159,13,234779
10015,0.000909,172.31.36.0-255,66,142225,13,234779
10016,0.000945,172.217.194.0-255,7156,149381,13,234779
10017,0.000949,172.31.36.0-255,66,149447,13,234779
10018,0.000957,172.217.194.0-255,7156,156603,13,234779
10019,0.000959,172.31.36.0-255,66,156669,13,234779
10020,0.000983,172.217.194.0-255,3602,160271,13,234779
10021,0.000987,172.31.36.0-255,66,160337,13,234779
10022,0.000988,172.217.194.0-255,5738,166075,13,234779
10023,0.000991,172.31.36.0-255,66,166141,13,234779
10024,0.001034,172.217.194.0-255,5738,171879,13,234779
10025,0.001039,172.31.36.0-255,66,171945,13,234779
10026,0.00106,172.31.36.0-255,66,172011,13,234779
10027,0.001076,172.31.36.0-255,66,172077,13,234779
10028,0.001115,172.31.36.0-255,66,172143,13,234779
10029,0.001132,172.31.36.0-255,66,172209,13,234779
10030,0.001135,172.217.194.0-255,1484,173693,13,234779
10031,0.001139,172.217.194.0-255,2902,176595,13,234779
10032,0.001141,172.31.36.0-255,66,176661,13,234779
10033,0.001147,172.217.194.0-255,5738,182399,13,234779
10034,0.00115,172.31.36.0-255,66,182465,13,234779
10035,0.001196,172.217.194.0-255,5738,188203,13,234779
10036,0.001199,172.31.36.0-255,66,188269,13,234779
10037,0.001237,172.217.194.0-255,7156,195425,13,234779
10038,0.001241,172.31.36.0-255,66,195491,13,234779
10039,0.001249,172.217.194.0-255,8574,204065,13,234779
10040,0.001252,172.31.36.0-255,66,204131,13,234779
10041,0.001262,172.217.194.0-255,2184,206315,13,234779
10042,0.001264,172.31.36.0-255,66,206381,13,234779
10043,0.001269,172.217.194.0-255,2902,209283,13,234779
10044,0.001271,172.31.36.0-255,66,209349,13,234779
10045,0.001277,172.217.194.0-255,7156,216505,13,234779
10046,0.001279,172.31.36.0-255,66,216571,13,234779
10047,0.001295,172.31.36.0-255,66,216637,13,234779
10048,0.001301,172.217.194.0-255,7156,223793,13,234779
10049,0.001305,172.31.36.0-255,66,223859,13,234779
10050,0.00136,172.31.36.0-255,66,223925,13,234779
10051,0.001393,172.217.194.0-255,9274,233199,13,234779
10052,0.001398,172.31.36.0-255,66,233265,13,234779
10053,0.001418,172.31.36.0-255,66,233331,13,234779
10054,0.00142,172.217.194.0-255,1106,234437,13,234779
10055,0.001443,172.217.194.0-255,105,234542,13,234779
10056,0.003352,172.31.36.0-255,66,234608,13,234779
10057,0.00338,172.31.36.0-255,105,234713,13,234779
10058,0.00603,172.217.194.0-255,66,234779,13,234779
10059,0.0,74.125.24.0-255,150,150,13,262258
10060,2.1e-05,172.31.36.0-255,66,216,13,262258
10061,2.8e-05,74.125.24.0-255,1484,1700,13,262258
10062,3.2e-05,172.31.36.0-255,66,1766,13,262258
10063,3.8e-05,74.125.24.0-255,2902,4668,13,262258
10064,5.2e-05,172.31.36.0-255,66,4734,13,262258
10065,6e-05,74.125.24.0-255,7156,11890,13,262258
10066,6.3e-05,172.31.36.0-255,66,11956,13,262258
10067,8.6e-05,74.125.24.0-255,4320,16276,13,262258
10068,9.4e-05,172.31.36.0-255,66,16342,13,262258
10069,0.000125,74.125.24.0-255,4883,21225,13,262258
10070,0.000128,172.31.36.0-255,66,21291,13,262258
10071,0.000133,74.125.24.0-255,4320,25611,13,262258
10072,0.000136,172.31.36.0-255,66,25677,13,262258
10073,0.000173,74.125.24.0-255,5379,31056,13,262258
10074,0.000175,172.31.36.0-255,66,31122,13,262258
10075,0.000181,74.125.24.0-255,4320,35442,13,262258
10076,0.000183,172.31.36.0-255,66,35508,13,262258
10077,0.000188,74.125.24.0-255,4320,39828,13,262258
10078,0.00019,172.31.36.0-255,66,39894,13,262258
10079,0.00022,74.125.24.0-255,1484,41378,13,262258
10080,0.000227,172.31.36.0-255,66,41444,13,262258
10081,0.000241,172.31.36.0-255,66,41510,13,262258
10082,0.000246,74.125.24.0-255,4320,45830,13,262258
10083,0.000248,172.31.36.0-255,66,45896,13,262258
10084,0.000283,74.125.24.0-255,7108,53004,13,262258
10085,0.000285,172.31.36.0-255,66,53070,13,262258
10086,0.000456,74.125.24.0-255,111,53181,13,262258
10087,0.000461,172.31.36.0-255,66,53247,13,262258
10088,0.000633,74.125.24.0-255,1484,54731,13,262258
10089,0.000638,172.31.36.0-255,66,54797,13,262258
10090,0.000642,74.125.24.0-255,1484,56281,13,262258
10091,0.000664,74.125.24.0-255,1484,57765,13,262258
10092,0.000672,74.125.24.0-255,5738,63503,13,262258
10093,0.000674,74.125.24.0-255,1484,64987,13,262258
10094,0.000692,172.31.36.0-255,66,65053,13,262258
10095,0.000726,74.125.24.0-255,1484,66537,13,262258
10096,0.000744,74.125.24.0-255,3961,70498,13,262258
10097,0.000756,74.125.24.0-255,1484,71982,13,262258
10098,0.000776,74.125.24.0-255,4320,76302,13,262258
10099,0.000792,172.31.36.0-255,66,76368,13,262258
10100,0.00117,74.125.24.0-255,1484,77852,13,262258
10101,0.001175,74.125.24.0-255,1484,79336,13,262258
10102,0.001178,172.31.36.0-255,66,79402,13,262258
10103,0.001207,74.125.24.0-255,1484,80886,13,262258
10104,0.001214,74.125.24.0-255,5738,86624,13,262258
10105,0.001222,74.125.24.0-255,9992,96616,13,262258
10106,0.001239,74.125.24.0-255,2902,99518,13,262258
10107,0.001245,74.125.24.0-255,4320,103838,13,262258
10108,0.001254,172.31.36.0-255,66,103904,13,262258
10109,0.001271,74.125.24.0-255,6438,110342,13,262258
10110,0.00129,172.31.36.0-255,66,110408,13,262258
10111,0.00135,74.125.24.0-255,1484,111892,13,262258
10112,0.00137,74.125.24.0-255,2902,114794,13,262258
10113,0.001375,74.125.24.0-255,2902,117696,13,262258
10114,0.001383,172.31.36.0-255,66,117762,13,262258
10115,0.001392,74.125.24.0-255,2902,120664,13,262258
10116,0.00143,74.125.24.0-255,1484,122148,13,262258
10117,0.001438,74.125.24.0-255,8574,130722,13,262258
10118,0.001476,172.31.36.0-255,66,130788,13,262258
10119,0.001503,74.125.24.0-255,2184,132972,13,262258
10120,0.001507,74.125.24.0-255,2902,135874,13,262258
10121,0.001514,74.125.24.0-255,7156,143030,13,262258
10122,0.001517,74.125.24.0-255,2902,145932,13,262258
10123,0.001524,172.31.36.0-255,66,145998,13,262258
10124,0.001545,172.31.36.0-255,66,146064,13,262258
10125,0.001557,74.125.24.0-255,1484,147548,13,262258
10126,0.001579,74.125.24.0-255,7856,155404,13,262258
10127,0.001602,172.31.36.0-255,66,155470,13,262258
10128,0.002174,74.125.24.0-255,1484,156954,13,262258
10129,0.002197,74.125.24.0-255,2902,159856,13,262258
10130,0.002201,172.31.36.0-255,66,159922,13,262258
10131,0.002208,74.125.24.0-255,5738,165660,13,262258
10132,0.00221,74.125.24.0-255,1484,167144,13,262258
10133,0.002236,74.125.24.0-255,2902,170046,13,262258
10134,0.00224,74.125.24.0-255,2902,172948,13,262258
10135,0.002245,172.31.36.0-255,66,173014,13,262258
10136,0.002278,74.125.24.0-255,8574,181588,13,262258
10137,0.002281,172.31.36.0-255,66,181654,13,262258
10138,0.002289,74.125.24.0-255,7856,189510,13,262258
10139,0.002311,172.31.36.0-255,66,189576,13,262258
10140,0.002468,74.125.24.0-255,1484,191060,13,262258
10141,0.002472,74.125.24.0-255,1484,192544,13,262258
10142,0.002485,172.31.36.0-255,66,192610,13,262258
10143,0.002493,74.125.24.0-255,1484,194094,13,262258
10144,0.002513,74.125.24.0-255,4320,198414,13,262258
10145,0.002527,74.125.24.0-255,1484,199898,13,262258
10146,0.002535,172.31.36.0-255,66,199964,13,262258
10147,0.002575,74.125.24.0-255,9992,209956,13,262258
10148,0.002582,172.31.36.0-255,66,210022,13,262258
10149,0.005058,74.125.24.0-255,5738,215760,13,262258
10150,0.008,172.31.36.0-255,66,215826,13,262258
10151,0.010514,74.125.24.0-255,5738,221564,13,262258
10152,0.01052,172.31.36.0-255,66,221630,13,262258
10153,0.013016,74.125.24.0-255,5738,227368,13,262258
10154,0.013024,172.31.36.0-255,66,227434,13,262258
10155,0.015507,74.125.24.0-255,5738,233172,13,262258
10156,0.015516,172.31.36.0-255,66,233238,13,262258
10157,0.018053,74.125.24.0-255,5738,238976,13,262258
10158,0.018063,172.31.36.0-255,66,239042,13,262258
10159,0.020564,74.125.24.0-255,5738,244780,13,262258
10160,0.020579,172.31.36.0-255,66,244846,13,262258
10161,0.023069,74.125.24.0-255,5738,250584,13,262258
10162,0.023077,172.31.36.0-255,66,250650,13,262258
10163,0.02556,74.125.24.0-255,5738,256388,13,262258
10164,0.025568,172.31.36.0-255,66,256454,13,262258
10165,0.028018,74.125.24.0-255,5738,262192,13,262258
10166,0.028027,172.31.36.0-255,66,262258,13,262258
10167,0.0,172.217.24.0-255,153,153,13,293826
10168,3e-05,172.217.24.0-255,1484,1637,13,293826
10169,4.2e-05,172.31.36.0-255,66,1703,13,293826
10170,4.9e-05,172.217.24.0-255,2902,4605,13,293826
10171,5.3e-05,172.31.36.0-255,66,4671,13,293826
10172,5.8e-05,172.217.24.0-255,4320,8991,13,293826
10173,6.2e-05,172.31.36.0-255,66,9057,13,293826
10174,8.4e-05,172.217.24.0-255,2902,11959,13,293826
10175,8.7e-05,172.31.36.0-255,66,12025,13,293826
10176,9.5e-05,172.217.24.0-255,7700,19725,13,293826
10177,9.7e-05,172.31.36.0-255,66,19791,13,293826
10178,0.000101,172.217.24.0-255,2902,22693,13,293826
10179,0.000102,172.31.36.0-255,66,22759,13,293826
10180,0.000128,172.217.24.0-255,4320,27079,13,293826
10181,0.000131,172.31.36.0-255,66,27145,13,293826
10182,0.000162,172.217.24.0-255,3961,31106,13,293826
10183,0.000165,172.31.36.0-255,66,31172,13,293826
10184,0.000288,172.217.24.0-255,1484,32656,13,293826
10185,0.000301,172.217.24.0-255,1484,34140,13,293826
10186,0.000304,172.31.36.0-255,66,34206,13,293826
10187,0.000308,172.217.24.0-255,1484,35690,13,293826
10188,0.000323,172.217.24.0-255,1484,37174,13,293826
10189,0.000326,172.31.36.0-255,66,37240,13,293826
10190,0.000329,172.217.24.0-255,1484,38724,13,293826
10191,0.000352,172.217.24.0-255,5738,44462,13,293826
10192,0.000355,172.31.36.0-255,66,44528,13,293826
10193,0.000359,172.217.24.0-255,2902,47430,13,293826
10194,0.000361,172.31.36.0-255,66,47496,13,293826
10195,0.000402,172.217.24.0-255,5738,53234,13,293826
10196,0.000406,172.31.36.0-255,66,53300,13,293826
10197,0.000422,172.217.24.0-255,5379,58679,13,293826
10198,0.000425,172.31.36.0-255,66,58745,13,293826
10199,0.000431,172.217.24.0-255,5738,64483,13,293826
10200,0.000433,172.31.36.0-255,66,64549,13,293826
10201,0.000471,172.217.24.0-255,1393,65942,13,293826
10202,0.001001,172.217.24.0-255,132,66074,13,293826
10203,0.001139,172.217.24.0-255,1484,67558,13,293826
10204,0.001144,172.31.36.0-255,66,67624,13,293826
10205,0.00115,172.217.24.0-255,2902,70526,13,293826
10206,0.001152,172.31.36.0-255,66,70592,13,293826
10207,0.001158,172.217.24.0-255,2902,73494,13,293826
10208,0.00116,172.31.36.0-255,66,73560,13,293826
10209,0.001194,172.217.24.0-255,2902,76462,13,293826
10210,0.001197,172.31.36.0-255,66,76528,13,293826
10211,0.001204,172.217.24.0-255,6797,83325,13,293826
10212,0.001206,172.31.36.0-255,66,83391,13,293826
10213,0.001237,172.31.36.0-255,66,83457,13,293826
10214,0.001239,172.217.24.0-255,1484,84941,13,293826
10215,0.001264,172.217.24.0-255,1125,86066,13,293826
10216,0.001267,172.31.36.0-255,66,86132,13,293826
10217,0.001404,172.217.24.0-255,1484,87616,13,293826
10218,0.001417,172.217.24.0-255,1484,89100,13,293826
10219,0.001422,172.31.36.0-255,66,89166,13,293826
10220,0.001427,172.217.24.0-255,2902,92068,13,293826
10221,0.001429,172.31.36.0-255,66,92134,13,293826
10222,0.001456,172.217.24.0-255,2902,95036,13,293826
10223,0.001459,172.31.36.0-255,66,95102,13,293826
10224,0.001464,172.217.24.0-255,4320,99422,13,293826
10225,0.001466,172.31.36.0-255,66,99488,13,293826
10226,0.001489,172.217.24.0-255,1484,100972,13,293826
10227,0.001494,172.217.24.0-255,2902,103874,13,293826
10228,0.001496,172.31.36.0-255,66,103940,13,293826
10229,0.001508,172.217.24.0-255,2902,106842,13,293826
10230,0.00151,172.31.36.0-255,66,106908,13,293826
10231,0.001526,172.217.24.0-255,2902,109810,13,293826
10232,0.001528,172.31.36.0-255,66,109876,13,293826
10233,0.001534,172.217.24.0-255,5738,115614,13,293826
10234,0.001536,172.31.36.0-255,66,115680,13,293826
10235,0.001565,172.217.24.0-255,4320,120000,13,293826
10236,0.001567,172.31.36.0-255,66,120066,13,293826
10237,0.001581,172.217.24.0-255,766,120832,13,293826
10238,0.001751,172.217.24.0-255,1484,122316,13,293826
10239,0.001753,172.31.36.0-255,66,122382,13,293826
10240,0.001756,172.217.24.0-255,1484,123866,13,293826
10241,0.001766,172.217.24.0-255,1484,125350,13,293826
10242,0.001768,172.31.36.0-255,66,125416,13,293826
10243,0.001797,172.217.24.0-255,4320,129736,13,293826
10244,0.0018,172.31.36.0-255,66,129802,13,293826
10245,0.001805,172.217.24.0-255,5738,135540,13,293826
10246,0.001807,172.31.36.0-255,66,135606,13,293826
10247,0.00182,172.31.36.0-255,66,135672,13,293826
10248,0.001845,172.217.24.0-255,7856,143528,13,293826
10249,0.001847,172.31.36.0-255,66,143594,13,293826
10250,0.001854,172.217.24.0-255,7156,150750,13,293826
10251,0.001856,172.31.36.0-255,66,150816,13,293826
10252,0.001869,172.217.24.0-255,1484,152300,13,293826
10253,0.001897,172.31.36.0-255,66,152366,13,293826
10254,0.001904,172.217.24.0-255,6438,158804,13,293826
10255,0.001906,172.31.36.0-255,66,158870,13,293826
10256,0.001961,172.217.24.0-255,1484,160354,13,293826
10257,0.001974,172.217.24.0-255,2902,163256,13,293826
10258,0.001977,172.31.36.0-255,66,163322,13,293826
10259,0.001979,172.217.24.0-255,1484,164806,13,293826
10260,0.001983,172.217.24.0-255,2902,167708,13,293826
10261,0.001985,172.31.36.0-255,66,167774,13,293826
10262,0.002001,172.217.24.0-255,2902,170676,13,293826
10263,0.002003,172.31.36.0-255,66,170742,13,293826
10264,0.002015,172.217.24.0-255,1484,172226,13,293826
10265,0.002019,172.217.24.0-255,2902,175128,13,293826
10266,0.002021,172.31.36.0-255,66,175194,13,293826
10267,0.002024,172.217.24.0-255,1484,176678,13,293826
10268,0.00204,172.217.24.0-255,2902,179580,13,293826
10269,0.002042,172.31.36.0-255,66,179646,13,293826
10270,0.002056,172.217.24.0-255,7156,186802,13,293826
10271,0.002059,172.31.36.0-255,66,186868,13,293826
10272,0.002079,172.217.24.0-255,2902,189770,13,293826
10273,0.002081,172.31.36.0-255,66,189836,13,293826
10274,0.002093,172.217.24.0-255,3602,193438,13,293826
10275,0.002095,172.31.36.0-255,66,193504,13,293826
10276,0.002127,172.217.24.0-255,1484,194988,13,293826
10277,0.002142,172.217.24.0-255,2902,197890,13,293826
10278,0.002144,172.31.36.0-255,66,197956,13,293826
10279,0.002165,172.217.24.0-255,5738,203694,13,293826
10280,0.002167,172.31.36.0-255,66,203760,13,293826
10281,0.002229,172.31.36.0-255,66,203826,13,293826
10282,0.002236,172.217.24.0-255,7156,210982,13,293826
10283,0.002238,172.31.36.0-255,66,211048,13,293826
10284,0.002243,172.217.24.0-255,2902,213950,13,293826
10285,0.002245,172.31.36.0-255,66,214016,13,293826
10286,0.002248,172.217.24.0-255,766,214782,13,293826
10287,0.002274,172.217.24.0-255,5738,220520,13,293826
10288,0.002277,172.31.36.0-255,66,220586,13,293826
10289,0.002279,172.217.24.0-255,1484,222070,13,293826
10290,0.002283,172.217.24.0-255,2902,224972,13,293826
10291,0.002285,172.31.36.0-255,66,225038,13,293826
10292,0.002288,172.217.24.0-255,1484,226522,13,293826
10293,0.002308,172.217.24.0-255,4320,230842,13,293826
10294,0.00231,172.31.36.0-255,66,230908,13,293826
10295,0.002315,172.217.24.0-255,4320,235228,13,293826
10296,0.002317,172.31.36.0-255,66,235294,13,293826
10297,0.002338,172.217.24.0-255,8574,243868,13,293826
10298,0.00234,172.31.36.0-255,66,243934,13,293826
10299,0.002346,172.217.24.0-255,5020,248954,13,293826
10300,0.002348,172.31.36.0-255,66,249020,13,293826
10301,0.002351,172.217.24.0-255,2902,251922,13,293826
10302,0.002354,172.31.36.0-255,66,251988,13,293826
10303,0.002377,172.217.24.0-255,2902,254890,13,293826
10304,0.002379,172.31.36.0-255,66,254956,13,293826
10305,0.002417,172.31.36.0-255,66,255022,13,293826
10306,0.002424,172.217.24.0-255,8574,263596,13,293826
10307,0.002426,172.31.36.0-255,66,263662,13,293826
10308,0.002475,172.31.36.0-255,66,263728,13,293826
10309,0.002506,172.31.36.0-255,66,263794,13,293826
10310,0.002512,172.217.24.0-255,5738,269532,13,293826
10311,0.002514,172.31.36.0-255,66,269598,13,293826
10312,0.002533,172.217.24.0-255,9992,279590,13,293826
10313,0.002536,172.31.36.0-255,66,279656,13,293826
10314,0.002557,172.217.24.0-255,6605,286261,13,293826
10315,0.002579,172.31.36.0-255,66,286327,13,293826
10316,0.002582,172.217.24.0-255,105,286432,13,293826
10317,0.007072,172.31.36.0-255,105,286537,13,293826
10318,0.008969,172.217.24.0-255,66,286603,13,293826
10319,0.027428,172.31.36.0-255,172,286775,13,293826
10320,0.027462,172.31.36.0-255,1109,287884,13,293826
10321,0.027502,172.31.36.0-255,1514,289398,13,293826
10322,0.027504,172.31.36.0-255,1514,290912,13,293826
10323,0.02751,172.31.36.0-255,1514,292426,13,293826
10324,0.027511,172.31.36.0-255,962,293388,13,293826
10325,0.028984,104.244.42.0-255,66,293454,13,293826
10326,0.029031,104.244.42.0-255,66,293520,13,293826
10327,0.029064,104.244.42.0-255,66,293586,13,293826
10328,0.029067,104.244.42.0-255,66,293652,13,293826
10329,0.029759,104.244.42.0-255,108,293760,13,293826
10330,0.029766,172.31.36.0-255,66,293826,13,293826
10331,0.0,172.217.194.0-255,297,297,13,193544
10332,2.8e-05,172.31.36.0-255,66,363,13,193544
10333,3.4e-05,172.217.194.0-255,1484,1847,13,193544
10334,3.8e-05,172.31.36.0-255,66,1913,13,193544
10335,6.7e-05,172.217.194.0-255,4320,6233,13,193544
10336,7.1e-05,172.31.36.0-255,66,6299,13,193544
10337,0.000108,172.217.194.0-255,7521,13820,13,193544
10338,0.000111,172.31.36.0-255,66,13886,13,193544
10339,0.000172,172.217.194.0-255,4320,18206,13,193544
10340,0.000176,172.31.36.0-255,66,18272,13,193544
10341,0.000196,172.217.194.0-255,4320,22592,13,193544
10342,0.000199,172.31.36.0-255,66,22658,13,193544
10343,0.000281,172.217.194.0-255,5738,28396,13,193544
10344,0.000285,172.31.36.0-255,66,28462,13,193544
10345,0.000296,172.217.194.0-255,2543,31005,13,193544
10346,0.000304,172.31.36.0-255,66,31071,13,193544
10347,0.00038,172.217.194.0-255,5738,36809,13,193544
10348,0.000384,172.31.36.0-255,66,36875,13,193544
10349,0.000423,172.31.36.0-255,66,36941,13,193544
10350,0.000621,172.217.194.0-255,4320,41261,13,193544
10351,0.000626,172.31.36.0-255,66,41327,13,193544
10352,0.00065,172.217.194.0-255,9992,51319,13,193544
10353,0.000654,172.31.36.0-255,66,51385,13,193544
10354,0.000768,172.217.194.0-255,766,52151,13,193544
10355,0.000772,172.31.36.0-255,66,52217,13,193544
10356,0.000797,172.217.194.0-255,646,52863,13,193544
10357,0.000801,172.31.36.0-255,66,52929,13,193544
10358,0.000817,172.31.36.0-255,66,52995,13,193544
10359,0.000847,172.217.194.0-255,3412,56407,13,193544
10360,0.00085,172.31.36.0-255,66,56473,13,193544
10361,0.001049,172.217.194.0-255,7156,63629,13,193544
10362,0.001054,172.31.36.0-255,66,63695,13,193544
10363,0.001086,172.217.194.0-255,6797,70492,13,193544
10364,0.00109,172.31.36.0-255,66,70558,13,193544
10365,0.001228,172.217.194.0-255,8574,79132,13,193544
10366,0.001233,172.31.36.0-255,66,79198,13,193544
10367,0.001261,172.217.194.0-255,5738,84936,13,193544
10368,0.001264,172.31.36.0-255,66,85002,13,193544
10369,0.001394,172.217.194.0-255,2902,87904,13,193544
10370,0.001398,172.31.36.0-255,66,87970,13,193544
10371,0.001445,172.31.36.0-255,66,88036,13,193544
10372,0.001464,172.217.194.0-255,2543,90579,13,193544
10373,0.001467,172.31.36.0-255,66,90645,13,193544
10374,0.00177,172.217.194.0-255,6438,97083,13,193544
10375,0.001776,172.31.36.0-255,66,97149,13,193544
10376,0.001849,172.217.194.0-255,2902,100051,13,193544
10377,0.001853,172.31.36.0-255,66,100117,13,193544
10378,0.001892,172.31.36.0-255,66,100183,13,193544
10379,0.001922,172.217.194.0-255,9992,110175,13,193544
10380,0.001924,172.31.36.0-255,66,110241,13,193544
10381,0.001949,172.31.36.0-255,66,110307,13,193544
10382,0.001985,172.31.36.0-255,66,110373,13,193544
10383,0.002515,172.217.194.0-255,5738,116111,13,193544
10384,0.002518,172.31.36.0-255,66,116177,13,193544
10385,0.002551,172.31.36.0-255,66,116243,13,193544
10386,0.002582,172.217.194.0-255,9274,125517,13,193544
10387,0.002584,172.31.36.0-255,66,125583,13,193544
10388,0.002908,172.217.194.0-255,4320,129903,13,193544
10389,0.002913,172.31.36.0-255,66,129969,13,193544
10390,0.002943,172.217.194.0-255,4320,134289,13,193544
10391,0.002947,172.31.36.0-255,66,134355,13,193544
10392,0.002988,172.217.194.0-255,1484,135839,13,193544
10393,0.003008,172.217.194.0-255,7156,142995,13,193544
10394,0.003011,172.31.36.0-255,66,143061,13,193544
10395,0.003062,172.31.36.0-255,66,143127,13,193544
10396,0.003106,172.31.36.0-255,66,143193,13,193544
10397,0.003546,172.217.194.0-255,5738,148931,13,193544
10398,0.003553,172.31.36.0-255,66,148997,13,193544
10399,0.003599,172.31.36.0-255,66,149063,13,193544
10400,0.003652,172.31.36.0-255,66,149129,13,193544
10401,0.003677,172.217.194.0-255,9992,159121,13,193544
10402,0.003681,172.31.36.0-255,66,159187,13,193544
10403,0.005866,172.217.194.0-255,4320,163507,13,193544
10404,0.005871,172.31.36.0-255,66,163573,13,193544
10405,0.005893,172.217.194.0-255,1484,165057,13,193544
10406,0.008051,172.217.194.0-255,4320,169377,13,193544
10407,0.008055,172.31.36.0-255,66,169443,13,193544
10408,0.010266,172.217.194.0-255,5738,175181,13,193544
10409,0.010273,172.31.36.0-255,66,175247,13,193544
10410,0.012481,172.217.194.0-255,5738,180985,13,193544
10411,0.012488,172.31.36.0-255,66,181051,13,193544
10412,0.014687,172.217.194.0-255,5738,186789,13,193544
10413,0.014697,172.31.36.0-255,66,186855,13,193544
10414,0.016866,172.217.194.0-255,2361,189216,13,193544
10415,0.016874,172.31.36.0-255,66,189282,13,193544
10416,0.017076,172.31.36.0-255,105,189387,13,193544
10417,0.01922,172.217.194.0-255,66,189453,13,193544
10418,0.029828,172.31.36.0-255,172,189625,13,193544
10419,0.029861,172.31.36.0-255,1110,190735,13,193544
10420,0.029896,172.31.36.0-255,1514,192249,13,193544
10421,0.029898,172.31.36.0-255,1295,193544,13,193544
10422,0.0,172.217.194.0-255,152,152,13,170733
10423,1.4e-05,172.31.36.0-255,66,218,13,170733
10424,3.5e-05,172.217.194.0-255,1484,1702,13,170733
10425,3.9e-05,172.31.36.0-255,66,1768,13,170733
10426,4.4e-05,172.217.194.0-255,2902,4670,13,170733
10427,4.7e-05,172.31.36.0-255,66,4736,13,170733
10428,6.8e-05,172.217.194.0-255,4320,9056,13,170733
10429,7.1e-05,172.31.36.0-255,66,9122,13,170733
10430,8.8e-05,172.217.194.0-255,2902,12024,13,170733
10431,9e-05,172.31.36.0-255,66,12090,13,170733
10432,0.000128,172.217.194.0-255,2047,14137,13,170733
10433,0.00013,172.31.36.0-255,66,14203,13,170733
10434,0.000163,172.217.194.0-255,2902,17105,13,170733
10435,0.000165,172.31.36.0-255,66,17171,13,170733
10436,0.0002,172.217.194.0-255,4320,21491,13,170733
10437,0.000203,172.31.36.0-255,66,21557,13,170733
10438,0.000206,172.217.194.0-255,1484,23041,13,170733
10439,0.000208,172.31.36.0-255,66,23107,13,170733
10440,0.000227,172.217.194.0-255,7156,30263,13,170733
10441,0.000229,172.31.36.0-255,66,30329,13,170733
10442,0.000232,172.217.194.0-255,1125,31454,13,170733
10443,0.000234,172.31.36.0-255,66,31520,13,170733
10444,0.000378,172.217.194.0-255,1484,33004,13,170733
10445,0.000383,172.31.36.0-255,66,33070,13,170733
10446,0.000399,172.217.194.0-255,2902,35972,13,170733
10447,0.000401,172.31.36.0-255,66,36038,13,170733
10448,0.000429,172.217.194.0-255,5738,41776,13,170733
10449,0.000432,172.31.36.0-255,66,41842,13,170733
10450,0.000435,172.217.194.0-255,1484,43326,13,170733
10451,0.000436,172.31.36.0-255,66,43392,13,170733
10452,0.000474,172.217.194.0-255,4320,47712,13,170733
10453,0.000476,172.31.36.0-255,66,47778,13,170733
10454,0.000501,172.217.194.0-255,9633,57411,13,170733
10455,0.000504,172.31.36.0-255,66,57477,13,170733
10456,0.00052,172.217.194.0-255,1484,58961,13,170733
10457,0.000542,172.217.194.0-255,4320,63281,13,170733
10458,0.000545,172.31.36.0-255,66,63347,13,170733
10459,0.000562,172.217.194.0-255,2543,65890,13,170733
10460,0.000564,172.31.36.0-255,66,65956,13,170733
10461,0.001818,172.217.194.0-255,645,66601,13,170733
10462,0.002154,172.217.194.0-255,1484,68085,13,170733
10463,0.00216,172.31.36.0-255,66,68151,13,170733
10464,0.002179,172.217.194.0-255,2902,71053,13,170733
10465,0.002181,172.31.36.0-255,66,71119,13,170733
10466,0.002188,172.217.194.0-255,5738,76857,13,170733
10467,0.00219,172.31.36.0-255,66,76923,13,170733
10468,0.002209,172.217.194.0-255,2902,79825,13,170733
10469,0.002211,172.31.36.0-255,66,79891,13,170733
10470,0.002238,172.217.194.0-255,7156,87047,13,170733
10471,0.002241,172.31.36.0-255,66,87113,13,170733
10472,0.002254,172.217.194.0-255,2902,90015,13,170733
10473,0.002257,172.31.36.0-255,66,90081,13,170733
10474,0.002262,172.217.194.0-255,4320,94401,13,170733
10475,0.002264,172.31.36.0-255,66,94467,13,170733
10476,0.002291,172.217.194.0-255,5890,100357,13,170733
10477,0.002293,172.31.36.0-255,66,100423,13,170733
10478,0.004615,172.217.194.0-255,2902,103325,13,170733
10479,0.004618,172.31.36.0-255,66,103391,13,170733
10480,0.004637,172.217.194.0-255,2902,106293,13,170733
10481,0.004639,172.31.36.0-255,66,106359,13,170733
10482,0.006926,172.217.194.0-255,2902,109261,13,170733
10483,0.006933,172.31.36.0-255,66,109327,13,170733
10484,0.006953,172.217.194.0-255,2902,112229,13,170733
10485,0.006956,172.31.36.0-255,66,112295,13,170733
10486,0.009272,172.217.194.0-255,5738,118033,13,170733
10487,0.00928,172.31.36.0-255,66,118099,13,170733
10488,0.011585,172.217.194.0-255,5738,123837,13,170733
10489,0.011593,172.31.36.0-255,66,123903,13,170733
10490,0.013885,172.217.194.0-255,5738,129641,13,170733
10491,0.013893,172.31.36.0-255,66,129707,13,170733
10492,0.016191,172.217.194.0-255,5738,135445,13,170733
10493,0.016201,172.31.36.0-255,66,135511,13,170733
10494,0.018579,172.217.194.0-255,5738,141249,13,170733
10495,0.018589,172.31.36.0-255,66,141315,13,170733
10496,0.019939,172.31.36.0-255,172,141487,13,170733
10497,0.019973,172.31.36.0-255,1108,142595,13,170733
10498,0.020036,172.31.36.0-255,1514,144109,13,170733
10499,0.020038,172.31.36.0-255,1514,145623,13,170733
10500,0.02004,172.31.36.0-255,1514,147137,13,170733
10501,0.020041,172.31.36.0-255,116,147253,13,170733
10502,0.02091,172.217.194.0-255,5738,152991,13,170733
10503,0.020918,172.31.36.0-255,66,153057,13,170733
10504,0.021507,104.244.42.0-255,66,153123,13,170733
10505,0.021535,104.244.42.0-255,66,153189,13,170733
10506,0.021645,104.244.42.0-255,66,153255,13,170733
10507,0.021657,104.244.42.0-255,66,153321,13,170733
10508,0.023237,172.217.194.0-255,5738,159059,13,170733
10509,0.023243,172.31.36.0-255,66,159125,13,170733
10510,0.025556,172.217.194.0-255,5738,164863,13,170733
10511,0.025563,172.31.36.0-255,66,164929,13,170733
10512,0.027872,172.217.194.0-255,5738,170667,13,170733
10513,0.027879,172.31.36.0-255,66,170733,13,170733
10514,0.0,74.125.24.0-255,153,153,13,263666
10515,2.5e-05,172.31.36.0-255,66,219,13,263666
10516,3.2e-05,74.125.24.0-255,1484,1703,13,263666
10517,3.7e-05,172.31.36.0-255,66,1769,13,263666
10518,4.2e-05,74.125.24.0-255,2902,4671,13,263666
10519,4.5e-05,172.31.36.0-255,66,4737,13,263666
10520,5.3e-05,74.125.24.0-255,7156,11893,13,263666
10521,5.6e-05,172.31.36.0-255,66,11959,13,263666
10522,6e-05,74.125.24.0-255,2036,13995,13,263666
10523,6.4e-05,172.31.36.0-255,66,14061,13,263666
10524,8e-05,172.31.36.0-255,66,14127,13,263666
10525,0.000104,74.125.24.0-255,1484,15611,13,263666
10526,0.000107,172.31.36.0-255,66,15677,13,263666
10527,0.000111,74.125.24.0-255,1125,16802,13,263666
10528,0.000113,172.31.36.0-255,66,16868,13,263666
10529,0.000117,74.125.24.0-255,1484,18352,13,263666
10530,0.00012,172.31.36.0-255,66,18418,13,263666
10531,0.000156,74.125.24.0-255,2902,21320,13,263666
10532,0.000158,172.31.36.0-255,66,21386,13,263666
10533,0.000165,74.125.24.0-255,5738,27124,13,263666
10534,0.000168,172.31.36.0-255,66,27190,13,263666
10535,0.000174,74.125.24.0-255,4320,31510,13,263666
10536,0.000176,172.31.36.0-255,66,31576,13,263666
10537,0.000195,74.125.24.0-255,2543,34119,13,263666
10538,0.000198,172.31.36.0-255,66,34185,13,263666
10539,0.000226,74.125.24.0-255,2902,37087,13,263666
10540,0.000229,172.31.36.0-255,66,37153,13,263666
10541,0.000235,74.125.24.0-255,4320,41473,13,263666
10542,0.000237,172.31.36.0-255,66,41539,13,263666
10543,0.000244,74.125.24.0-255,5738,47277,13,263666
10544,0.000246,172.31.36.0-255,66,47343,13,263666
10545,0.000274,74.125.24.0-255,2902,50245,13,263666
10546,0.000277,172.31.36.0-255,66,50311,13,263666
10547,0.000282,74.125.24.0-255,1504,51815,13,263666
10548,0.000283,172.31.36.0-255,66,51881,13,263666
10549,0.000453,74.125.24.0-255,329,52210,13,263666
10550,0.000655,74.125.24.0-255,1484,53694,13,263666
10551,0.000661,172.31.36.0-255,66,53760,13,263666
10552,0.000667,74.125.24.0-255,2902,56662,13,263666
10553,0.000669,172.31.36.0-255,66,56728,13,263666
10554,0.000674,74.125.24.0-255,2902,59630,13,263666
10555,0.000676,172.31.36.0-255,66,59696,13,263666
10556,0.000702,74.125.24.0-255,2902,62598,13,263666
10557,0.000704,172.31.36.0-255,66,62664,13,263666
10558,0.000739,74.125.24.0-255,4320,66984,13,263666
10559,0.000742,172.31.36.0-255,66,67050,13,263666
10560,0.000765,74.125.24.0-255,2543,69593,13,263666
10561,0.000769,172.31.36.0-255,66,69659,13,263666
10562,0.000788,74.125.24.0-255,1484,71143,13,263666
10563,0.00081,74.125.24.0-255,2902,74045,13,263666
10564,0.000814,172.31.36.0-255,66,74111,13,263666
10565,0.000821,74.125.24.0-255,5738,79849,13,263666
10566,0.000823,172.31.36.0-255,66,79915,13,263666
10567,0.000835,74.125.24.0-255,1484,81399,13,263666
10568,0.000855,74.125.24.0-255,5379,86778,13,263666
10569,0.000859,172.31.36.0-255,66,86844,13,263666
10570,0.001531,74.125.24.0-255,1484,88328,13,263666
10571,0.001539,74.125.24.0-255,2902,91230,13,263666
10572,0.001543,172.31.36.0-255,66,91296,13,263666
10573,0.00155,74.125.24.0-255,5738,97034,13,263666
10574,0.001552,172.31.36.0-255,66,97100,13,263666
10575,0.001559,74.125.24.0-255,5738,102838,13,263666
10576,0.001561,172.31.36.0-255,66,102904,13,263666
10577,0.001621,172.31.36.0-255,66,102970,13,263666
10578,0.001624,74.125.24.0-255,766,103736,13,263666
10579,0.00167,74.125.24.0-255,1484,105220,13,263666
10580,0.001673,172.31.36.0-255,66,105286,13,263666
10581,0.001678,74.125.24.0-255,2902,108188,13,263666
10582,0.00168,172.31.36.0-255,66,108254,13,263666
10583,0.001704,74.125.24.0-255,5738,113992,13,263666
10584,0.001707,172.31.36.0-255,66,114058,13,263666
10585,0.001713,74.125.24.0-255,4320,118378,13,263666
10586,0.001715,172.31.36.0-255,66,118444,13,263666
10587,0.00172,74.125.24.0-255,2902,121346,13,263666
10588,0.001722,172.31.36.0-255,66,121412,13,263666
10589,0.001757,74.125.24.0-255,8574,129986,13,263666
10590,0.00176,172.31.36.0-255,66,130052,13,263666
10591,0.001766,74.125.24.0-255,5738,135790,13,263666
10592,0.001768,172.31.36.0-255,66,135856,13,263666
10593,0.001782,74.125.24.0-255,2184,138040,13,263666
10594,0.001785,172.31.36.0-255,66,138106,13,263666
10595,0.001971,74.125.24.0-255,1484,139590,13,263666
10596,0.001977,74.125.24.0-255,2902,142492,13,263666
10597,0.00198,172.31.36.0-255,66,142558,13,263666
10598,0.001987,74.125.24.0-255,4320,146878,13,263666
10599,0.001989,172.31.36.0-255,66,146944,13,263666
10600,0.002001,74.125.24.0-255,1484,148428,13,263666
10601,0.002015,74.125.24.0-255,1484,149912,13,263666
10602,0.002017,172.31.36.0-255,66,149978,13,263666
10603,0.002044,74.125.24.0-255,8574,158552,13,263666
10604,0.002046,172.31.36.0-255,66,158618,13,263666
10605,0.002067,74.125.24.0-255,2902,161520,13,263666
10606,0.00207,172.31.36.0-255,66,161586,13,263666
10607,0.002073,74.125.24.0-255,1484,163070,13,263666
10608,0.002098,74.125.24.0-255,2902,165972,13,263666
10609,0.002101,172.31.36.0-255,66,166038,13,263666
10610,0.002127,74.125.24.0-255,6438,172476,13,263666
10611,0.002129,172.31.36.0-255,66,172542,13,263666
10612,0.002188,74.125.24.0-255,1484,174026,13,263666
10613,0.002194,74.125.24.0-255,2902,176928,13,263666
10614,0.002197,172.31.36.0-255,66,176994,13,263666
10615,0.002217,74.125.24.0-255,4320,181314,13,263666
10616,0.002221,172.31.36.0-255,66,181380,13,263666
10617,0.002236,74.125.24.0-255,1484,182864,13,263666
10618,0.002239,74.125.24.0-255,1484,184348,13,263666
10619,0.002242,172.31.36.0-255,66,184414,13,263666
10620,0.002268,74.125.24.0-255,5738,190152,13,263666
10621,0.002271,172.31.36.0-255,66,190218,13,263666
10622,0.002285,172.31.36.0-255,66,190284,13,263666
10623,0.002297,74.125.24.0-255,1484,191768,13,263666
10624,0.002301,74.125.24.0-255,2184,193952,13,263666
10625,0.002303,172.31.36.0-255,66,194018,13,263666
10626,0.00455,74.125.24.0-255,5738,199756,13,263666
10627,0.004562,172.31.36.0-255,66,199822,13,263666
10628,0.006814,74.125.24.0-255,5738,205560,13,263666
10629,0.006818,172.31.36.0-255,66,205626,13,263666
10630,0.009092,74.125.24.0-255,5738,211364,13,263666
10631,0.009101,172.31.36.0-255,66,211430,13,263666
10632,0.011403,74.125.24.0-255,5738,217168,13,263666
10633,0.011424,172.31.36.0-255,66,217234,13,263666
10634,0.013708,74.125.24.0-255,5738,222972,13,263666
10635,0.013723,172.31.36.0-255,66,223038,13,263666
10636,0.015991,74.125.24.0-255,5738,228776,13,263666
10637,0.016008,172.31.36.0-255,66,228842,13,263666
10638,0.018296,74.125.24.0-255,5738,234580,13,263666
10639,0.01831,172.31.36.0-255,66,234646,13,263666
10640,0.020581,74.125.24.0-255,5738,240384,13,263666
10641,0.020592,172.31.36.0-255,66,240450,13,263666
10642,0.022888,74.125.24.0-255,5738,246188,13,263666
10643,0.0229,172.31.36.0-255,66,246254,13,263666
10644,0.025169,74.125.24.0-255,5738,251992,13,263666
10645,0.025178,172.31.36.0-255,66,252058,13,263666
10646,0.027481,74.125.24.0-255,5738,257796,13,263666
10647,0.027488,172.31.36.0-255,66,257862,13,263666
10648,0.029759,74.125.24.0-255,5738,263600,13,263666
10649,0.029767,172.31.36.0-255,66,263666,13,263666
10650,0.0,74.125.24.0-255,153,153,13,159259
10651,2.1e-05,172.31.36.0-255,66,219,13,159259
10652,2.8e-05,74.125.24.0-255,1484,1703,13,159259
10653,3.3e-05,172.31.36.0-255,66,1769,13,159259
10654,3.9e-05,74.125.24.0-255,2902,4671,13,159259
10655,4.2e-05,172.31.36.0-255,66,4737,13,159259
10656,5e-05,74.125.24.0-255,7156,11893,13,159259
10657,5.3e-05,172.31.36.0-255,66,11959,13,159259
10658,5.8e-05,74.125.24.0-255,2036,13995,13,159259
10659,6.1e-05,172.31.36.0-255,66,14061,13,159259
10660,9.9e-05,74.125.24.0-255,2902,16963,13,159259
10661,0.000102,172.31.36.0-255,66,17029,13,159259
10662,0.000109,74.125.24.0-255,5738,22767,13,159259
10663,0.000112,172.31.36.0-255,66,22833,13,159259
10664,0.000165,172.31.36.0-255,66,22899,13,159259
10665,0.000173,74.125.24.0-255,7156,30055,13,159259
10666,0.000175,172.31.36.0-255,66,30121,13,159259
10667,0.000194,74.125.24.0-255,1484,31605,13,159259
10668,0.000196,172.31.36.0-255,66,31671,13,159259
10669,0.000236,74.125.24.0-255,5379,37050,13,159259
10670,0.000239,172.31.36.0-255,66,37116,13,159259
10671,0.000979,74.125.24.0-255,1484,38600,13,159259
10672,0.000986,172.31.36.0-255,66,38666,13,159259
10673,0.000995,74.125.24.0-255,2902,41568,13,159259
10674,0.000997,172.31.36.0-255,66,41634,13,159259
10675,0.001003,74.125.24.0-255,2902,44536,13,159259
10676,0.001006,172.31.36.0-255,66,44602,13,159259
10677,0.001029,74.125.24.0-255,2902,47504,13,159259
10678,0.001032,172.31.36.0-255,66,47570,13,159259
10679,0.001037,74.125.24.0-255,2902,50472,13,159259
10680,0.001039,172.31.36.0-255,66,50538,13,159259
10681,0.001082,74.125.24.0-255,4305,54843,13,159259
10682,0.001086,172.31.36.0-255,66,54909,13,159259
10683,0.001169,74.125.24.0-255,332,55241,13,159259
10684,0.001501,74.125.24.0-255,1484,56725,13,159259
10685,0.001507,172.31.36.0-255,66,56791,13,159259
10686,0.001514,74.125.24.0-255,2902,59693,13,159259
10687,0.001516,172.31.36.0-255,66,59759,13,159259
10688,0.001523,74.125.24.0-255,5738,65497,13,159259
10689,0.001526,172.31.36.0-255,66,65563,13,159259
10690,0.001532,74.125.24.0-255,2902,68465,13,159259
10691,0.001534,172.31.36.0-255,66,68531,13,159259
10692,0.001589,74.125.24.0-255,3961,72492,13,159259
10693,0.001591,172.31.36.0-255,66,72558,13,159259
10694,0.001611,74.125.24.0-255,4320,76878,13,159259
10695,0.001614,172.31.36.0-255,66,76944,13,159259
10696,0.00164,74.125.24.0-255,5738,82682,13,159259
10697,0.001642,172.31.36.0-255,66,82748,13,159259
10698,0.001686,74.125.24.0-255,6797,89545,13,159259
10699,0.00169,172.31.36.0-255,66,89611,13,159259
10700,0.004032,74.125.24.0-255,5738,95349,13,159259
10701,0.004037,172.31.36.0-255,66,95415,13,159259
10702,0.006396,74.125.24.0-255,5738,101153,13,159259
10703,0.006402,172.31.36.0-255,66,101219,13,159259
10704,0.008731,74.125.24.0-255,5738,106957,13,159259
10705,0.008739,172.31.36.0-255,66,107023,13,159259
10706,0.011064,74.125.24.0-255,5738,112761,13,159259
10707,0.011074,172.31.36.0-255,66,112827,13,159259
10708,0.013403,74.125.24.0-255,5738,118565,13,159259
10709,0.013411,172.31.36.0-255,66,118631,13,159259
10710,0.015748,74.125.24.0-255,5738,124369,13,159259
10711,0.01576,172.31.36.0-255,66,124435,13,159259
10712,0.018094,74.125.24.0-255,5738,130173,13,159259
10713,0.018105,172.31.36.0-255,66,130239,13,159259
10714,0.02043,74.125.24.0-255,5738,135977,13,159259
10715,0.020439,172.31.36.0-255,66,136043,13,159259
10716,0.02277,74.125.24.0-255,5738,141781,13,159259
10717,0.022778,172.31.36.0-255,66,141847,13,159259
10718,0.025158,74.125.24.0-255,5738,147585,13,159259
10719,0.025168,172.31.36.0-255,66,147651,13,159259
10720,0.027477,74.125.24.0-255,5738,153389,13,159259
10721,0.027486,172.31.36.0-255,66,153455,13,159259
10722,0.029825,74.125.24.0-255,5738,159193,13,159259
10723,0.029836,172.31.36.0-255,66,159259,13,159259
10724,0.0,172.217.24.0-255,150,150,13,256758
10725,3.5e-05,172.31.36.0-255,66,216,13,256758
10726,4.2e-05,172.217.24.0-255,1484,1700,13,256758
10727,4.7e-05,172.31.36.0-255,66,1766,13,256758
10728,5e-05,172.217.24.0-255,1484,3250,13,256758
10729,5.2e-05,172.31.36.0-255,66,3316,13,256758
10730,6.7e-05,172.217.24.0-255,2902,6218,13,256758
10731,7e-05,172.31.36.0-255,66,6284,13,256758
10732,7.7e-05,172.217.24.0-255,5738,12022,13,256758
10733,7.9e-05,172.31.36.0-255,66,12088,13,256758
10734,8.2e-05,172.217.24.0-255,2036,14124,13,256758
10735,8.4e-05,172.31.36.0-255,66,14190,13,256758
10736,0.000117,172.217.24.0-255,2902,17092,13,256758
10737,0.00012,172.31.36.0-255,66,17158,13,256758
10738,0.000123,172.217.24.0-255,1484,18642,13,256758
10739,0.000125,172.31.36.0-255,66,18708,13,256758
10740,0.000129,172.217.24.0-255,2902,21610,13,256758
10741,0.000131,172.31.36.0-255,66,21676,13,256758
10742,0.000136,172.217.24.0-255,5738,27414,13,256758
10743,0.000138,172.31.36.0-255,66,27480,13,256758
10744,0.000172,172.217.24.0-255,3961,31441,13,256758
10745,0.000175,172.31.36.0-255,66,31507,13,256758
10746,0.000355,172.217.24.0-255,1484,32991,13,256758
10747,0.000362,172.31.36.0-255,66,33057,13,256758
10748,0.000366,172.217.24.0-255,1484,34541,13,256758
10749,0.000369,172.31.36.0-255,66,34607,13,256758
10750,0.000395,172.217.24.0-255,1484,36091,13,256758
10751,0.000398,172.31.36.0-255,66,36157,13,256758
10752,0.000405,172.217.24.0-255,5738,41895,13,256758
10753,0.000408,172.31.36.0-255,66,41961,13,256758
10754,0.000421,172.217.24.0-255,6797,48758,13,256758
10755,0.000424,172.31.36.0-255,66,48824,13,256758
10756,0.000643,172.217.24.0-255,1484,50308,13,256758
10757,0.00065,172.217.24.0-255,2902,53210,13,256758
10758,0.000653,172.31.36.0-255,66,53276,13,256758
10759,0.000681,172.217.24.0-255,2902,56178,13,256758
10760,0.000684,172.31.36.0-255,66,56244,13,256758
10761,0.000689,172.217.24.0-255,4320,60564,13,256758
10762,0.000693,172.31.36.0-255,66,60630,13,256758
10763,0.000728,172.217.24.0-255,5709,66339,13,256758
10764,0.000731,172.31.36.0-255,66,66405,13,256758
10765,0.001187,172.217.24.0-255,114,66519,13,256758
10766,0.001195,172.217.24.0-255,1484,68003,13,256758
10767,0.001199,172.31.36.0-255,66,68069,13,256758
10768,0.001205,172.217.24.0-255,2902,70971,13,256758
10769,0.001208,172.31.36.0-255,66,71037,13,256758
10770,0.001219,172.217.24.0-255,1484,72521,13,256758
10771,0.001252,172.217.24.0-255,5738,78259,13,256758
10772,0.001256,172.31.36.0-255,66,78325,13,256758
10773,0.001263,172.217.24.0-255,5379,83704,13,256758
10774,0.001265,172.31.36.0-255,66,83770,13,256758
10775,0.001321,172.217.24.0-255,1484,85254,13,256758
10776,0.001326,172.217.24.0-255,2902,88156,13,256758
10777,0.001329,172.31.36.0-255,66,88222,13,256758
10778,0.001337,172.217.24.0-255,5738,93960,13,256758
10779,0.001339,172.31.36.0-255,66,94026,13,256758
10780,0.001346,172.217.24.0-255,6797,100823,13,256758
10781,0.001348,172.31.36.0-255,66,100889,13,256758
10782,0.001608,172.217.24.0-255,1484,102373,13,256758
10783,0.001615,172.217.24.0-255,1484,103857,13,256758
10784,0.001619,172.31.36.0-255,66,103923,13,256758
10785,0.001648,172.217.24.0-255,1484,105407,13,256758
10786,0.001654,172.217.24.0-255,4320,109727,13,256758
10787,0.001657,172.31.36.0-255,66,109793,13,256758
10788,0.001664,172.217.24.0-255,5738,115531,13,256758
10789,0.001666,172.31.36.0-255,66,115597,13,256758
10790,0.001693,172.217.24.0-255,7156,122753,13,256758
10791,0.001696,172.31.36.0-255,66,122819,13,256758
10792,0.001725,172.217.24.0-255,4320,127139,13,256758
10793,0.001727,172.31.36.0-255,66,127205,13,256758
10794,0.001734,172.217.24.0-255,5738,132943,13,256758
10795,0.001736,172.31.36.0-255,66,133009,13,256758
10796,0.00174,172.217.24.0-255,2184,135193,13,256758
10797,0.001742,172.31.36.0-255,66,135259,13,256758
10798,0.001803,172.217.24.0-255,1484,136743,13,256758
10799,0.001816,172.217.24.0-255,1484,138227,13,256758
10800,0.001819,172.31.36.0-255,66,138293,13,256758
10801,0.00183,172.217.24.0-255,1484,139777,13,256758
10802,0.001839,172.217.24.0-255,5738,145515,13,256758
10803,0.001842,172.31.36.0-255,66,145581,13,256758
10804,0.001846,172.217.24.0-255,2902,148483,13,256758
10805,0.001848,172.31.36.0-255,66,148549,13,256758
10806,0.001889,172.217.24.0-255,4320,152869,13,256758
10807,0.001891,172.31.36.0-255,66,152935,13,256758
10808,0.001896,172.217.24.0-255,2902,155837,13,256758
10809,0.001897,172.31.36.0-255,66,155903,13,256758
10810,0.001923,172.217.24.0-255,4320,160223,13,256758
10811,0.001926,172.31.36.0-255,66,160289,13,256758
10812,0.001949,172.217.24.0-255,1484,161773,13,256758
10813,0.001952,172.217.24.0-255,1484,163257,13,256758
10814,0.001954,172.31.36.0-255,66,163323,13,256758
10815,0.001977,172.217.24.0-255,1484,164807,13,256758
10816,0.001997,172.217.24.0-255,2902,167709,13,256758
10817,0.001999,172.31.36.0-255,66,167775,13,256758
10818,0.002021,172.217.24.0-255,2184,169959,13,256758
10819,0.002023,172.31.36.0-255,66,170025,13,256758
10820,0.003927,172.217.24.0-255,2902,172927,13,256758
10821,0.003931,172.31.36.0-255,66,172993,13,256758
10822,0.003941,172.217.24.0-255,1484,174477,13,256758
10823,0.003958,172.217.24.0-255,1484,175961,13,256758
10824,0.00396,172.31.36.0-255,66,176027,13,256758
10825,0.005867,172.217.24.0-255,2902,178929,13,256758
10826,0.005871,172.31.36.0-255,66,178995,13,256758
10827,0.005897,172.217.24.0-255,2902,181897,13,256758
10828,0.005899,172.31.36.0-255,66,181963,13,256758
10829,0.007804,172.217.24.0-255,2902,184865,13,256758
10830,0.00781,172.31.36.0-255,66,184931,13,256758
10831,0.007844,172.217.24.0-255,2902,187833,13,256758
10832,0.007847,172.31.36.0-255,66,187899,13,256758
10833,0.009782,172.217.24.0-255,2902,190801,13,256758
10834,0.00979,172.31.36.0-255,66,190867,13,256758
10835,0.009821,172.217.24.0-255,2902,193769,13,256758
10836,0.009824,172.31.36.0-255,66,193835,13,256758
10837,0.011748,172.217.24.0-255,2902,196737,13,256758
10838,0.011758,172.31.36.0-255,66,196803,13,256758
10839,0.011788,172.217.24.0-255,2902,199705,13,256758
10840,0.011792,172.31.36.0-255,66,199771,13,256758
10841,0.013706,172.217.24.0-255,2902,202673,13,256758
10842,0.013713,172.31.36.0-255,66,202739,13,256758
10843,0.013744,172.217.24.0-255,2902,205641,13,256758
10844,0.013748,172.31.36.0-255,66,205707,13,256758
10845,0.015654,172.217.24.0-255,2902,208609,13,256758
10846,0.015665,172.31.36.0-255,66,208675,13,256758
10847,0.015695,172.217.24.0-255,2902,211577,13,256758
10848,0.015698,172.31.36.0-255,66,211643,13,256758
10849,0.017612,172.217.24.0-255,2902,214545,13,256758
10850,0.017623,172.31.36.0-255,66,214611,13,256758
10851,0.017663,172.217.24.0-255,2902,217513,13,256758
10852,0.017666,172.31.36.0-255,66,217579,13,256758
10853,0.019574,172.217.24.0-255,2902,220481,13,256758
10854,0.01959,172.31.36.0-255,66,220547,13,256758
10855,0.019619,172.217.24.0-255,2902,223449,13,256758
10856,0.019623,172.31.36.0-255,66,223515,13,256758
10857,0.021528,172.217.24.0-255,2902,226417,13,256758
10858,0.021537,172.31.36.0-255,66,226483,13,256758
10859,0.02158,172.217.24.0-255,2902,229385,13,256758
10860,0.021584,172.31.36.0-255,66,229451,13,256758
10861,0.023516,172.217.24.0-255,5738,235189,13,256758
10862,0.023523,172.31.36.0-255,66,235255,13,256758
10863,0.02548,172.217.24.0-255,5738,240993,13,256758
10864,0.025489,172.31.36.0-255,66,241059,13,256758
10865,0.027437,172.217.24.0-255,5738,246797,13,256758
10866,0.027444,172.31.36.0-255,66,246863,13,256758
10867,0.029411,172.217.24.0-255,5738,252601,13,256758
10868,0.029418,172.31.36.0-255,66,252667,13,256758
10869,0.029842,172.31.36.0-255,172,252839,13,256758
10870,0.029876,172.31.36.0-255,1110,253949,13,256758
10871,0.029913,172.31.36.0-255,1514,255463,13,256758
10872,0.029915,172.31.36.0-255,1295,256758,13,256758
10873,0.0,172.217.194.0-255,152,152,13,336448
10874,2.9e-05,172.31.36.0-255,66,218,13,336448
10875,3.6e-05,172.217.194.0-255,1484,1702,13,336448
10876,4e-05,172.31.36.0-255,66,1768,13,336448
10877,4.5e-05,172.217.194.0-255,2902,4670,13,336448
10878,5.6e-05,172.31.36.0-255,66,4736,13,336448
10879,6.3e-05,172.217.194.0-255,7156,11892,13,336448
10880,6.6e-05,172.31.36.0-255,66,11958,13,336448
10881,0.0001,172.217.194.0-255,2045,14003,13,336448
10882,0.000102,172.31.36.0-255,66,14069,13,336448
10883,0.000135,172.217.194.0-255,2902,16971,13,336448
10884,0.000139,172.31.36.0-255,66,17037,13,336448
10885,0.000146,172.217.194.0-255,7156,24193,13,336448
10886,0.000148,172.31.36.0-255,66,24259,13,336448
10887,0.00016,172.217.194.0-255,6797,31056,13,336448
10888,0.000164,172.31.36.0-255,66,31122,13,336448
10889,0.000237,172.217.194.0-255,1484,32606,13,336448
10890,0.00024,172.31.36.0-255,66,32672,13,336448
10891,0.000245,172.217.194.0-255,2902,35574,13,336448
10892,0.000247,172.31.36.0-255,66,35640,13,336448
10893,0.00025,172.217.194.0-255,1484,37124,13,336448
10894,0.000252,172.31.36.0-255,66,37190,13,336448
10895,0.000288,172.217.194.0-255,4320,41510,13,336448
10896,0.000292,172.31.36.0-255,66,41576,13,336448
10897,0.0003,172.217.194.0-255,6797,48373,13,336448
10898,0.000302,172.31.36.0-255,66,48439,13,336448
10899,0.000372,172.217.194.0-255,7156,55595,13,336448
10900,0.000376,172.31.36.0-255,66,55661,13,336448
10901,0.000385,172.217.194.0-255,9633,65294,13,336448
10902,0.000394,172.31.36.0-255,66,65360,13,336448
10903,0.000877,172.217.194.0-255,646,66006,13,336448
10904,0.000882,172.31.36.0-255,66,66072,13,336448
10905,0.000913,172.217.194.0-255,1484,67556,13,336448
10906,0.000919,172.217.194.0-255,2902,70458,13,336448
10907,0.000922,172.31.36.0-255,66,70524,13,336448
10908,0.000928,172.217.194.0-255,5738,76262,13,336448
10909,0.00093,172.31.36.0-255,66,76328,13,336448
10910,0.000969,172.31.36.0-255,66,76394,13,336448
10911,0.000977,172.217.194.0-255,5738,82132,13,336448
10912,0.00098,172.31.36.0-255,66,82198,13,336448
10913,0.00101,172.217.194.0-255,5020,87218,13,336448
10914,0.001013,172.31.36.0-255,66,87284,13,336448
10915,0.001017,172.217.194.0-255,1484,88768,13,336448
10916,0.001021,172.217.194.0-255,2902,91670,13,336448
10917,0.001024,172.31.36.0-255,66,91736,13,336448
10918,0.001055,172.217.194.0-255,5738,97474,13,336448
10919,0.001059,172.31.36.0-255,66,97540,13,336448
10920,0.001066,172.217.194.0-255,6248,103788,13,336448
10921,0.001069,172.31.36.0-255,66,103854,13,336448
10922,0.001107,172.217.194.0-255,2902,106756,13,336448
10923,0.001111,172.31.36.0-255,66,106822,13,336448
10924,0.001116,172.217.194.0-255,4320,111142,13,336448
10925,0.001118,172.31.36.0-255,66,111208,13,336448
10926,0.001129,172.217.194.0-255,4320,115528,13,336448
10927,0.001132,172.31.36.0-255,66,115594,13,336448
10928,0.001163,172.217.194.0-255,4320,119914,13,336448
10929,0.001166,172.31.36.0-255,66,119980,13,336448
10930,0.001176,172.217.194.0-255,9992,129972,13,336448
10931,0.001184,172.31.36.0-255,66,130038,13,336448
10932,0.001214,172.217.194.0-255,7856,137894,13,336448
10933,0.001217,172.31.36.0-255,66,137960,13,336448
10934,0.001609,172.217.194.0-255,1484,139444,13,336448
10935,0.001616,172.217.194.0-255,2902,142346,13,336448
10936,0.00162,172.31.36.0-255,66,142412,13,336448
10937,0.001626,172.217.194.0-255,2902,145314,13,336448
10938,0.001628,172.31.36.0-255,66,145380,13,336448
10939,0.00165,172.217.194.0-255,2902,148282,13,336448
10940,0.001654,172.31.36.0-255,66,148348,13,336448
10941,0.001659,172.217.194.0-255,4320,152668,13,336448
10942,0.001661,172.31.36.0-255,66,152734,13,336448
10943,0.001693,172.217.194.0-255,8574,161308,13,336448
10944,0.001696,172.31.36.0-255,66,161374,13,336448
10945,0.001704,172.217.194.0-255,9992,171366,13,336448
10946,0.001706,172.31.36.0-255,66,171432,13,336448
10947,0.001713,172.217.194.0-255,766,172198,13,336448
10948,0.001716,172.217.194.0-255,1484,173682,13,336448
10949,0.001718,172.31.36.0-255,66,173748,13,336448
10950,0.001722,172.217.194.0-255,1484,175232,13,336448
10951,0.001745,172.217.194.0-255,2902,178134,13,336448
10952,0.001747,172.31.36.0-255,66,178200,13,336448
10953,0.001755,172.217.194.0-255,9992,188192,13,336448
10954,0.001757,172.31.36.0-255,66,188258,13,336448
10955,0.001764,172.217.194.0-255,1484,189742,13,336448
10956,0.001791,172.217.194.0-255,7156,196898,13,336448
10957,0.001794,172.31.36.0-255,66,196964,13,336448
10958,0.00182,172.217.194.0-255,7156,204120,13,336448
10959,0.001822,172.31.36.0-255,66,204186,13,336448
10960,0.001845,172.217.194.0-255,2184,206370,13,336448
10961,0.001847,172.31.36.0-255,66,206436,13,336448
10962,0.001871,172.217.194.0-255,1484,207920,13,336448
10963,0.001874,172.217.194.0-255,2902,210822,13,336448
10964,0.001877,172.31.36.0-255,66,210888,13,336448
10965,0.001903,172.217.194.0-255,5738,216626,13,336448
10966,0.001905,172.31.36.0-255,66,216692,13,336448
10967,0.00195,172.217.194.0-255,1484,218176,13,336448
10968,0.001973,172.31.36.0-255,66,218242,13,336448
10969,0.001982,172.217.194.0-255,9992,228234,13,336448
10970,0.001984,172.31.36.0-255,66,228300,13,336448
10971,0.001995,172.217.194.0-255,766,229066,13,336448
10972,0.002017,172.217.194.0-255,1484,230550,13,336448
10973,0.002019,172.31.36.0-255,66,230616,13,336448
10974,0.002022,172.217.194.0-255,1484,232100,13,336448
10975,0.002042,172.217.194.0-255,1484,233584,13,336448
10976,0.002044,172.31.36.0-255,66,233650,13,336448
10977,0.002049,172.217.194.0-255,4320,237970,13,336448
10978,0.002051,172.31.36.0-255,66,238036,13,336448
10979,0.00207,172.217.194.0-255,1484,239520,13,336448
10980,0.002077,172.217.194.0-255,7156,246676,13,336448
10981,0.002079,172.31.36.0-255,66,246742,13,336448
10982,0.002105,172.217.194.0-255,5738,252480,13,336448
10983,0.002107,172.31.36.0-255,66,252546,13,336448
10984,0.002114,172.217.194.0-255,8574,261120,13,336448
10985,0.002116,172.31.36.0-255,66,261186,13,336448
10986,0.002124,172.217.194.0-255,2184,263370,13,336448
10987,0.002126,172.31.36.0-255,66,263436,13,336448
10988,0.004167,172.217.194.0-255,2902,266338,13,336448
10989,0.004173,172.31.36.0-255,66,266404,13,336448
10990,0.004201,172.217.194.0-255,2902,269306,13,336448
10991,0.004204,172.31.36.0-255,66,269372,13,336448
10992,0.00622,172.217.194.0-255,2902,272274,13,336448
10993,0.006229,172.31.36.0-255,66,272340,13,336448
10994,0.006258,172.217.194.0-255,2902,275242,13,336448
10995,0.006261,172.31.36.0-255,66,275308,13,336448
10996,0.008314,172.217.194.0-255,5738,281046,13,336448
10997,0.008319,172.31.36.0-255,66,281112,13,336448
10998,0.010395,172.217.194.0-255,5738,286850,13,336448
10999,0.010404,172.31.36.0-255,66,286916,13,336448
11000,0.012488,172.217.194.0-255,5738,292654,13,336448
11001,0.012495,172.31.36.0-255,66,292720,13,336448
11002,0.014542,172.217.194.0-255,5738,298458,13,336448
11003,0.014549,172.31.36.0-255,66,298524,13,336448
11004,0.016621,172.217.194.0-255,5738,304262,13,336448
11005,0.016631,172.31.36.0-255,66,304328,13,336448
11006,0.018719,172.217.194.0-255,5738,310066,13,336448
11007,0.018727,172.31.36.0-255,66,310132,13,336448
11008,0.020834,172.217.194.0-255,4320,314452,13,336448
11009,0.020843,172.31.36.0-255,66,314518,13,336448
11010,0.0209,172.217.194.0-255,1484,316002,13,336448
11011,0.022905,172.217.194.0-255,4320,320322,13,336448
11012,0.022913,172.31.36.0-255,66,320388,13,336448
11013,0.024973,172.217.194.0-255,4320,324708,13,336448
11014,0.024979,172.31.36.0-255,66,324774,13,336448
11015,0.025015,172.217.194.0-255,1484,326258,13,336448
11016,0.02704,172.217.194.0-255,4320,330578,13,336448
11017,0.027047,172.31.36.0-255,66,330644,13,336448
11018,0.029122,172.217.194.0-255,5738,336382,13,336448
11019,0.02913,172.31.36.0-255,66,336448,13,336448
11020,0.0,74.125.68.0-255,153,153,13,349423
11021,3.8e-05,74.125.68.0-255,1484,1637,13,349423
11022,4.4e-05,172.31.36.0-255,66,1703,13,349423
11023,7.6e-05,74.125.68.0-255,2902,4605,13,349423
11024,8e-05,172.31.36.0-255,66,4671,13,349423
11025,8.3e-05,74.125.68.0-255,1484,6155,13,349423
11026,0.000107,74.125.68.0-255,2902,9057,13,349423
11027,0.00011,172.31.36.0-255,66,9123,13,349423
11028,0.000137,74.125.68.0-255,4871,13994,13,349423
11029,0.00014,172.31.36.0-255,66,14060,13,349423
11030,0.000192,74.125.68.0-255,1484,15544,13,349423
11031,0.000195,74.125.68.0-255,1484,17028,13,349423
11032,0.000198,172.31.36.0-255,66,17094,13,349423
11033,0.000226,74.125.68.0-255,1484,18578,13,349423
11034,0.000232,74.125.68.0-255,4320,22898,13,349423
11035,0.000235,172.31.36.0-255,66,22964,13,349423
11036,0.000239,74.125.68.0-255,2902,25866,13,349423
11037,0.000241,172.31.36.0-255,66,25932,13,349423
11038,0.000273,74.125.68.0-255,2902,28834,13,349423
11039,0.000276,172.31.36.0-255,66,28900,13,349423
11040,0.00028,74.125.68.0-255,2543,31443,13,349423
11041,0.000283,172.31.36.0-255,66,31509,13,349423
11042,0.000392,74.125.68.0-255,1484,32993,13,349423
11043,0.000411,74.125.68.0-255,1484,34477,13,349423
11044,0.000416,172.31.36.0-255,66,34543,13,349423
11045,0.000426,74.125.68.0-255,1484,36027,13,349423
11046,0.000434,74.125.68.0-255,1484,37511,13,349423
11047,0.000437,172.31.36.0-255,66,37577,13,349423
11048,0.000466,74.125.68.0-255,4320,41897,13,349423
11049,0.000469,172.31.36.0-255,66,41963,13,349423
11050,0.000476,74.125.68.0-255,6797,48760,13,349423
11051,0.000479,172.31.36.0-255,66,48826,13,349423
11052,0.00049,74.125.68.0-255,5738,54564,13,349423
11053,0.000493,172.31.36.0-255,66,54630,13,349423
11054,0.000498,74.125.68.0-255,4320,58950,13,349423
11055,0.000501,172.31.36.0-255,66,59016,13,349423
11056,0.000537,74.125.68.0-255,2902,61918,13,349423
11057,0.00054,172.31.36.0-255,66,61984,13,349423
11058,0.000545,74.125.68.0-255,4239,66223,13,349423
11059,0.000549,172.31.36.0-255,66,66289,13,349423
11060,0.000565,74.125.68.0-255,407,66696,13,349423
11061,0.000976,74.125.68.0-255,1484,68180,13,349423
11062,0.000983,172.31.36.0-255,66,68246,13,349423
11063,0.000989,74.125.68.0-255,2902,71148,13,349423
11064,0.000991,172.31.36.0-255,66,71214,13,349423
11065,0.000995,74.125.68.0-255,2902,74116,13,349423
11066,0.000998,172.31.36.0-255,66,74182,13,349423
11067,0.001022,74.125.68.0-255,2902,77084,13,349423
11068,0.001032,172.31.36.0-255,66,77150,13,349423
11069,0.001038,74.125.68.0-255,5738,82888,13,349423
11070,0.001041,172.31.36.0-255,66,82954,13,349423
11071,0.001079,74.125.68.0-255,5738,88692,13,349423
11072,0.001082,172.31.36.0-255,66,88758,13,349423
11073,0.001103,172.31.36.0-255,66,88824,13,349423
11074,0.001713,74.125.68.0-255,1484,90308,13,349423
11075,0.001733,74.125.68.0-255,2902,93210,13,349423
11076,0.001735,172.31.36.0-255,66,93276,13,349423
11077,0.001739,74.125.68.0-255,1484,94760,13,349423
11078,0.001742,74.125.68.0-255,1484,96244,13,349423
11079,0.001744,172.31.36.0-255,66,96310,13,349423
11080,0.001762,74.125.68.0-255,1484,97794,13,349423
11081,0.00177,74.125.68.0-255,4320,102114,13,349423
11082,0.001773,172.31.36.0-255,66,102180,13,349423
11083,0.001796,74.125.68.0-255,1484,103664,13,349423
11084,0.001799,74.125.68.0-255,1484,105148,13,349423
11085,0.001801,172.31.36.0-255,66,105214,13,349423
11086,0.001826,74.125.68.0-255,5738,110952,13,349423
11087,0.001828,172.31.36.0-255,66,111018,13,349423
11088,0.001849,74.125.68.0-255,8574,119592,13,349423
11089,0.001851,172.31.36.0-255,66,119658,13,349423
11090,0.001894,74.125.68.0-255,1484,121142,13,349423
11091,0.001912,74.125.68.0-255,2184,123326,13,349423
11092,0.001915,172.31.36.0-255,66,123392,13,349423
11093,0.002103,74.125.68.0-255,1484,124876,13,349423
11094,0.002106,74.125.68.0-255,2902,127778,13,349423
11095,0.002109,172.31.36.0-255,66,127844,13,349423
11096,0.002134,74.125.68.0-255,5738,133582,13,349423
11097,0.002136,172.31.36.0-255,66,133648,13,349423
11098,0.002161,74.125.68.0-255,4320,137968,13,349423
11099,0.002163,172.31.36.0-255,66,138034,13,349423
11100,0.002169,74.125.68.0-255,5738,143772,13,349423
11101,0.002171,172.31.36.0-255,66,143838,13,349423
11102,0.002206,172.31.36.0-255,66,143904,13,349423
11103,0.00221,74.125.68.0-255,2184,146088,13,349423
11104,0.002212,172.31.36.0-255,66,146154,13,349423
11105,0.002302,74.125.68.0-255,1484,147638,13,349423
11106,0.00232,74.125.68.0-255,2902,150540,13,349423
11107,0.002322,172.31.36.0-255,66,150606,13,349423
11108,0.002382,74.125.68.0-255,5738,156344,13,349423
11109,0.002385,172.31.36.0-255,66,156410,13,349423
11110,0.00239,74.125.68.0-255,5738,162148,13,349423
11111,0.002392,172.31.36.0-255,66,162214,13,349423
11112,0.002403,74.125.68.0-255,7156,169370,13,349423
11113,0.002406,172.31.36.0-255,66,169436,13,349423
11114,0.00241,74.125.68.0-255,4320,173756,13,349423
11115,0.002412,172.31.36.0-255,66,173822,13,349423
11116,0.002442,74.125.68.0-255,6438,180260,13,349423
11117,0.002444,172.31.36.0-255,66,180326,13,349423
11118,0.002455,74.125.68.0-255,7156,187482,13,349423
11119,0.002457,172.31.36.0-255,66,187548,13,349423
11120,0.002485,74.125.68.0-255,4320,191868,13,349423
11121,0.002487,172.31.36.0-255,66,191934,13,349423
11122,0.002492,74.125.68.0-255,4320,196254,13,349423
11123,0.002494,172.31.36.0-255,66,196320,13,349423
11124,0.002532,172.31.36.0-255,66,196386,13,349423
11125,0.002535,74.125.68.0-255,766,197152,13,349423
11126,0.002587,74.125.68.0-255,1484,198636,13,349423
11127,0.002589,172.31.36.0-255,66,198702,13,349423
11128,0.002607,74.125.68.0-255,2902,201604,13,349423
11129,0.002609,172.31.36.0-255,66,201670,13,349423
11130,0.002612,74.125.68.0-255,1484,203154,13,349423
11131,0.002635,74.125.68.0-255,2902,206056,13,349423
11132,0.002637,172.31.36.0-255,66,206122,13,349423
11133,0.002639,74.125.68.0-255,1484,207606,13,349423
11134,0.002676,74.125.68.0-255,7156,214762,13,349423
11135,0.002679,172.31.36.0-255,66,214828,13,349423
11136,0.002702,74.125.68.0-255,1484,216312,13,349423
11137,0.002709,74.125.68.0-255,7156,223468,13,349423
11138,0.002711,172.31.36.0-255,66,223534,13,349423
11139,0.002714,74.125.68.0-255,1484,225018,13,349423
11140,0.002719,74.125.68.0-255,4320,229338,13,349423
11141,0.002721,172.31.36.0-255,66,229404,13,349423
11142,0.002749,74.125.68.0-255,2184,231588,13,349423
11143,0.002751,172.31.36.0-255,66,231654,13,349423
11144,0.002864,74.125.68.0-255,1484,233138,13,349423
11145,0.002869,74.125.68.0-255,2902,236040,13,349423
11146,0.002872,172.31.36.0-255,66,236106,13,349423
11147,0.002897,74.125.68.0-255,2902,239008,13,349423
11148,0.0029,172.31.36.0-255,66,239074,13,349423
11149,0.002912,74.125.68.0-255,2902,241976,13,349423
11150,0.002918,172.31.36.0-255,66,242042,13,349423
11151,0.002921,74.125.68.0-255,1484,243526,13,349423
11152,0.002955,74.125.68.0-255,9992,253518,13,349423
11153,0.002958,172.31.36.0-255,66,253584,13,349423
11154,0.00296,74.125.68.0-255,1484,255068,13,349423
11155,0.002988,74.125.68.0-255,10692,265760,13,349423
11156,0.002991,172.31.36.0-255,66,265826,13,349423
11157,0.002994,74.125.68.0-255,1484,267310,13,349423
11158,0.003016,74.125.68.0-255,1484,268794,13,349423
11159,0.003018,172.31.36.0-255,66,268860,13,349423
11160,0.003021,74.125.68.0-255,1484,270344,13,349423
11161,0.003025,74.125.68.0-255,2902,273246,13,349423
11162,0.003028,172.31.36.0-255,66,273312,13,349423
11163,0.003051,74.125.68.0-255,1484,274796,13,349423
11164,0.003054,74.125.68.0-255,1484,276280,13,349423
11165,0.003056,172.31.36.0-255,66,276346,13,349423
11166,0.003059,74.125.68.0-255,1484,277830,13,349423
11167,0.003062,74.125.68.0-255,1484,279314,13,349423
11168,0.003064,172.31.36.0-255,66,279380,13,349423
11169,0.003073,74.125.68.0-255,2902,282282,13,349423
11170,0.003075,172.31.36.0-255,66,282348,13,349423
11171,0.003098,74.125.68.0-255,1484,283832,13,349423
11172,0.003124,74.125.68.0-255,7156,290988,13,349423
11173,0.003127,172.31.36.0-255,66,291054,13,349423
11174,0.003131,74.125.68.0-255,2902,293956,13,349423
11175,0.003133,172.31.36.0-255,66,294022,13,349423
11176,0.003135,74.125.68.0-255,1484,295506,13,349423
11177,0.003158,74.125.68.0-255,2902,298408,13,349423
11178,0.003164,172.31.36.0-255,66,298474,13,349423
11179,0.003168,74.125.68.0-255,2184,300658,13,349423
11180,0.00317,172.31.36.0-255,66,300724,13,349423
11181,0.003201,74.125.68.0-255,2902,303626,13,349423
11182,0.003204,172.31.36.0-255,66,303692,13,349423
11183,0.003211,74.125.68.0-255,7156,310848,13,349423
11184,0.003213,172.31.36.0-255,66,310914,13,349423
11185,0.003245,74.125.68.0-255,7156,318070,13,349423
11186,0.003248,172.31.36.0-255,66,318136,13,349423
11187,0.003294,74.125.68.0-255,2902,321038,13,349423
11188,0.003296,172.31.36.0-255,66,321104,13,349423
11189,0.003324,74.125.68.0-255,5738,326842,13,349423
11190,0.003327,172.31.36.0-255,66,326908,13,349423
11191,0.003332,74.125.68.0-255,5738,332646,13,349423
11192,0.003334,172.31.36.0-255,66,332712,13,349423
11193,0.003344,74.125.68.0-255,5020,337732,13,349423
11194,0.003346,172.31.36.0-255,66,337798,13,349423
11195,0.003351,74.125.68.0-255,4320,342118,13,349423
11196,0.003353,172.31.36.0-255,66,342184,13,349423
11197,0.003374,74.125.68.0-255,1484,343668,13,349423
11198,0.003377,74.125.68.0-255,865,344533,13,349423
11199,0.003383,172.31.36.0-255,66,344599,13,349423
11200,0.003387,74.125.68.0-255,97,344696,13,349423
11201,0.003473,74.125.68.0-255,105,344801,13,349423
11202,0.005618,172.31.36.0-255,101,344902,13,349423
11203,0.007247,172.31.36.0-255,105,345007,13,349423
11204,0.008101,74.125.68.0-255,66,345073,13,349423
11205,0.009724,74.125.68.0-255,66,345139,13,349423
11206,0.027784,172.31.36.0-255,167,345306,13,349423
11207,0.027816,172.31.36.0-255,1109,346415,13,349423
11208,0.027855,172.31.36.0-255,1514,347929,13,349423
11209,0.027857,172.31.36.0-255,1296,349225,13,349423
11210,0.029322,104.244.42.0-255,66,349291,13,349423
11211,0.029368,104.244.42.0-255,66,349357,13,349423
11212,0.029412,104.244.42.0-255,66,349423,13,349423
11213,0.0,172.217.194.0-255,153,153,13,244068
11214,2.4e-05,172.31.36.0-255,66,219,13,244068
11215,3.2e-05,172.217.194.0-255,1484,1703,13,244068
11216,3.6e-05,172.31.36.0-255,66,1769,13,244068
11217,4.2e-05,172.217.194.0-255,2902,4671,13,244068
11218,4.5e-05,172.31.36.0-255,66,4737,13,244068
11219,5.1e-05,172.217.194.0-255,4320,9057,13,244068
11220,5.3e-05,172.31.36.0-255,66,9123,13,244068
11221,6.3e-05,172.217.194.0-255,9138,18261,13,244068
11222,6.6e-05,172.31.36.0-255,66,18327,13,244068
11223,0.000105,172.31.36.0-255,66,18393,13,244068
11224,0.000158,172.217.194.0-255,1484,19877,13,244068
11225,0.000161,172.31.36.0-255,66,19943,13,244068
11226,0.000165,172.217.194.0-255,2902,22845,13,244068
11227,0.000167,172.31.36.0-255,66,22911,13,244068
11228,0.000196,172.217.194.0-255,5738,28649,13,244068
11229,0.000199,172.31.36.0-255,66,28715,13,244068
11230,0.000222,172.217.194.0-255,7156,35871,13,244068
11231,0.000225,172.31.36.0-255,66,35937,13,244068
11232,0.000251,172.217.194.0-255,6797,42734,13,244068
11233,0.000254,172.31.36.0-255,66,42800,13,244068
11234,0.000264,172.217.194.0-255,9633,52433,13,244068
11235,0.000266,172.31.36.0-255,66,52499,13,244068
11236,0.000284,172.217.194.0-255,645,53144,13,244068
11237,0.000287,172.31.36.0-255,66,53210,13,244068
11238,0.00061,172.217.194.0-255,1484,54694,13,244068
11239,0.000615,172.31.36.0-255,66,54760,13,244068
11240,0.000621,172.217.194.0-255,2902,57662,13,244068
11241,0.000624,172.31.36.0-255,66,57728,13,244068
11242,0.00063,172.217.194.0-255,2902,60630,13,244068
11243,0.000632,172.31.36.0-255,66,60696,13,244068
11244,0.000661,172.217.194.0-255,2902,63598,13,244068
11245,0.000664,172.31.36.0-255,66,63664,13,244068
11246,0.000674,172.217.194.0-255,9992,73656,13,244068
11247,0.000676,172.31.36.0-255,66,73722,13,244068
11248,0.000701,172.217.194.0-255,2902,76624,13,244068
11249,0.000704,172.31.36.0-255,66,76690,13,244068
11250,0.000724,172.217.194.0-255,10692,87382,13,244068
11251,0.000728,172.31.36.0-255,66,87448,13,244068
11252,0.000804,172.217.194.0-255,1484,88932,13,244068
11253,0.000809,172.217.194.0-255,1484,90416,13,244068
11254,0.000812,172.31.36.0-255,66,90482,13,244068
11255,0.00083,172.217.194.0-255,1484,91966,13,244068
11256,0.000838,172.217.194.0-255,5738,97704,13,244068
11257,0.000841,172.31.36.0-255,66,97770,13,244068
11258,0.000847,172.217.194.0-255,5738,103508,13,244068
11259,0.00085,172.31.36.0-255,66,103574,13,244068
11260,0.000881,172.217.194.0-255,7156,110730,13,244068
11261,0.000885,172.31.36.0-255,66,110796,13,244068
11262,0.000894,172.217.194.0-255,9992,120788,13,244068
11263,0.000897,172.31.36.0-255,66,120854,13,244068
11264,0.000931,172.217.194.0-255,4320,125174,13,244068
11265,0.000934,172.31.36.0-255,66,125240,13,244068
11266,0.000982,172.31.36.0-255,66,125306,13,244068
11267,0.000992,172.217.194.0-255,9274,134580,13,244068
11268,0.000994,172.31.36.0-255,66,134646,13,244068
11269,0.001234,172.217.194.0-255,1484,136130,13,244068
11270,0.001241,172.217.194.0-255,2902,139032,13,244068
11271,0.001245,172.31.36.0-255,66,139098,13,244068
11272,0.001252,172.217.194.0-255,5738,144836,13,244068
11273,0.001254,172.31.36.0-255,66,144902,13,244068
11274,0.00127,172.217.194.0-255,1484,146386,13,244068
11275,0.00129,172.217.194.0-255,8574,154960,13,244068
11276,0.001293,172.31.36.0-255,66,155026,13,244068
11277,0.0013,172.217.194.0-255,5738,160764,13,244068
11278,0.001302,172.31.36.0-255,66,160830,13,244068
11279,0.00133,172.217.194.0-255,5738,166568,13,244068
11280,0.001333,172.31.36.0-255,66,166634,13,244068
11281,0.00135,172.31.36.0-255,66,166700,13,244068
11282,0.001371,172.217.194.0-255,2184,168884,13,244068
11283,0.001374,172.31.36.0-255,66,168950,13,244068
11284,0.001397,172.31.36.0-255,66,169016,13,244068
11285,0.001424,172.217.194.0-255,6438,175454,13,244068
11286,0.001427,172.31.36.0-255,66,175520,13,244068
11287,0.001431,172.217.194.0-255,1484,177004,13,244068
11288,0.001462,172.31.36.0-255,66,177070,13,244068
11289,0.001472,172.217.194.0-255,1484,178554,13,244068
11290,0.001507,172.31.36.0-255,66,178620,13,244068
11291,0.001523,172.31.36.0-255,66,178686,13,244068
11292,0.001547,172.217.194.0-255,1484,180170,13,244068
11293,0.001555,172.217.194.0-255,7156,187326,13,244068
11294,0.001561,172.31.36.0-255,66,187392,13,244068
11295,0.001572,172.217.194.0-255,5738,193130,13,244068
11296,0.001574,172.31.36.0-255,66,193196,13,244068
11297,0.001595,172.217.194.0-255,4320,197516,13,244068
11298,0.001598,172.31.36.0-255,66,197582,13,244068
11299,0.001623,172.217.194.0-255,9992,207574,13,244068
11300,0.001626,172.31.36.0-255,66,207640,13,244068
11301,0.001695,172.31.36.0-255,66,207706,13,244068
11302,0.001722,172.217.194.0-255,10692,218398,13,244068
11303,0.001724,172.31.36.0-255,66,218464,13,244068
11304,0.001727,172.217.194.0-255,1484,219948,13,244068
11305,0.001732,172.217.194.0-255,2902,222850,13,244068
11306,0.001734,172.31.36.0-255,66,222916,13,244068
11307,0.00174,172.217.194.0-255,5738,228654,13,244068
11308,0.001744,172.31.36.0-255,66,228720,13,244068
11309,0.001747,172.217.194.0-255,1484,230204,13,244068
11310,0.001767,172.217.194.0-255,9992,240196,13,244068
11311,0.00177,172.31.36.0-255,66,240262,13,244068
11312,0.001803,172.217.194.0-255,1484,241746,13,244068
11313,0.001807,172.217.194.0-255,1484,243230,13,244068
11314,0.001809,172.31.36.0-255,66,243296,13,244068
11315,0.001826,172.31.36.0-255,66,243362,13,244068
11316,0.001829,172.217.194.0-255,267,243629,13,244068
11317,0.001832,172.217.194.0-255,97,243726,13,244068
11318,0.001852,172.217.194.0-255,105,243831,13,244068
11319,0.004044,172.31.36.0-255,66,243897,13,244068
11320,0.004082,172.31.36.0-255,105,244002,13,244068
11321,0.006376,172.217.194.0-255,66,244068,13,244068
11322,0.0,74.125.24.0-255,188,188,13,263385
11323,1.9e-05,74.125.24.0-255,1484,1672,13,263385
11324,2.9e-05,172.31.36.0-255,66,1738,13,263385
11325,3.7e-05,74.125.24.0-255,2902,4640,13,263385
11326,4.1e-05,172.31.36.0-255,66,4706,13,263385
11327,4.6e-05,74.125.24.0-255,4320,9026,13,263385
11328,5e-05,172.31.36.0-255,66,9092,13,263385
11329,8.9e-05,172.31.36.0-255,66,9158,13,263385
11330,9.9e-05,74.125.24.0-255,9992,19150,13,263385
11331,0.000101,172.31.36.0-255,66,19216,13,263385
11332,0.000121,74.125.24.0-255,1484,20700,13,263385
11333,0.000137,74.125.24.0-255,5738,26438,13,263385
11334,0.00014,172.31.36.0-255,66,26504,13,263385
11335,0.000161,74.125.24.0-255,9274,35778,13,263385
11336,0.000164,172.31.36.0-255,66,35844,13,263385
11337,0.00021,172.31.36.0-255,66,35910,13,263385
11338,0.000213,74.125.24.0-255,1484,37394,13,263385
11339,0.000227,74.125.24.0-255,1458,38852,13,263385
11340,0.00023,172.31.36.0-255,66,38918,13,263385
11341,0.000379,74.125.24.0-255,1484,40402,13,263385
11342,0.000397,74.125.24.0-255,2902,43304,13,263385
11343,0.000402,172.31.36.0-255,66,43370,13,263385
11344,0.000409,74.125.24.0-255,5738,49108,13,263385
11345,0.000411,172.31.36.0-255,66,49174,13,263385
11346,0.000455,172.31.36.0-255,66,49240,13,263385
11347,0.000465,74.125.24.0-255,10692,59932,13,263385
11348,0.000468,172.31.36.0-255,66,59998,13,263385
11349,0.000471,74.125.24.0-255,352,60350,13,263385
11350,0.000634,74.125.24.0-255,1484,61834,13,263385
11351,0.000639,172.31.36.0-255,66,61900,13,263385
11352,0.000646,74.125.24.0-255,2902,64802,13,263385
11353,0.000648,172.31.36.0-255,66,64868,13,263385
11354,0.000678,74.125.24.0-255,5738,70606,13,263385
11355,0.000687,172.31.36.0-255,66,70672,13,263385
11356,0.000697,74.125.24.0-255,8574,79246,13,263385
11357,0.0007,172.31.36.0-255,66,79312,13,263385
11358,0.000726,74.125.24.0-255,2902,82214,13,263385
11359,0.000729,172.31.36.0-255,66,82280,13,263385
11360,0.000743,172.31.36.0-255,66,82346,13,263385
11361,0.000802,74.125.24.0-255,1484,83830,13,263385
11362,0.000806,74.125.24.0-255,1484,85314,13,263385
11363,0.000809,172.31.36.0-255,66,85380,13,263385
11364,0.000822,74.125.24.0-255,1484,86864,13,263385
11365,0.000828,74.125.24.0-255,5738,92602,13,263385
11366,0.000832,172.31.36.0-255,66,92668,13,263385
11367,0.000858,74.125.24.0-255,8574,101242,13,263385
11368,0.000868,172.31.36.0-255,66,101308,13,263385
11369,0.000911,172.31.36.0-255,66,101374,13,263385
11370,0.000931,74.125.24.0-255,3602,104976,13,263385
11371,0.000933,172.31.36.0-255,66,105042,13,263385
11372,0.000976,172.31.36.0-255,66,105108,13,263385
11373,0.000991,172.31.36.0-255,66,105174,13,263385
11374,0.001012,74.125.24.0-255,2902,108076,13,263385
11375,0.001015,172.31.36.0-255,66,108142,13,263385
11376,0.001018,74.125.24.0-255,766,108908,13,263385
11377,0.001022,74.125.24.0-255,1484,110392,13,263385
11378,0.001024,172.31.36.0-255,66,110458,13,263385
11379,0.00103,74.125.24.0-255,4320,114778,13,263385
11380,0.001032,172.31.36.0-255,66,114844,13,263385
11381,0.001037,74.125.24.0-255,2902,117746,13,263385
11382,0.001039,172.31.36.0-255,66,117812,13,263385
11383,0.001056,74.125.24.0-255,1484,119296,13,263385
11384,0.001062,74.125.24.0-255,5738,125034,13,263385
11385,0.001065,172.31.36.0-255,66,125100,13,263385
11386,0.001078,74.125.24.0-255,4320,129420,13,263385
11387,0.001081,172.31.36.0-255,66,129486,13,263385
11388,0.001102,74.125.24.0-255,4320,133806,13,263385
11389,0.001105,172.31.36.0-255,66,133872,13,263385
11390,0.001127,74.125.24.0-255,9274,143146,13,263385
11391,0.00113,172.31.36.0-255,66,143212,13,263385
11392,0.00118,74.125.24.0-255,1484,144696,13,263385
11393,0.001194,74.125.24.0-255,2902,147598,13,263385
11394,0.001197,172.31.36.0-255,66,147664,13,263385
11395,0.001204,74.125.24.0-255,5738,153402,13,263385
11396,0.001206,172.31.36.0-255,66,153468,13,263385
11397,0.001229,74.125.24.0-255,4320,157788,13,263385
11398,0.001232,172.31.36.0-255,66,157854,13,263385
11399,0.001269,74.125.24.0-255,8574,166428,13,263385
11400,0.001272,172.31.36.0-255,66,166494,13,263385
11401,0.001283,74.125.24.0-255,10692,177186,13,263385
11402,0.001285,172.31.36.0-255,66,177252,13,263385
11403,0.001363,74.125.24.0-255,1484,178736,13,263385
11404,0.001369,74.125.24.0-255,2902,181638,13,263385
11405,0.001371,172.31.36.0-255,66,181704,13,263385
11406,0.001376,74.125.24.0-255,2902,184606,13,263385
11407,0.001379,172.31.36.0-255,66,184672,13,263385
11408,0.001393,74.125.24.0-255,2902,187574,13,263385
11409,0.001395,172.31.36.0-255,66,187640,13,263385
11410,0.001431,74.125.24.0-255,2902,190542,13,263385
11411,0.001434,172.31.36.0-255,66,190608,13,263385
11412,0.001455,74.125.24.0-255,9992,200600,13,263385
11413,0.001457,172.31.36.0-255,66,200666,13,263385
11414,0.001467,74.125.24.0-255,9992,210658,13,263385
11415,0.001469,172.31.36.0-255,66,210724,13,263385
11416,0.001488,74.125.24.0-255,766,211490,13,263385
11417,0.001504,74.125.24.0-255,5738,217228,13,263385
11418,0.001507,172.31.36.0-255,66,217294,13,263385
11419,0.001524,74.125.24.0-255,2902,220196,13,263385
11420,0.001526,172.31.36.0-255,66,220262,13,263385
11421,0.001536,74.125.24.0-255,9992,230254,13,263385
11422,0.001538,172.31.36.0-255,66,230320,13,263385
11423,0.001563,74.125.24.0-255,7156,237476,13,263385
11424,0.001566,172.31.36.0-255,66,237542,13,263385
11425,0.001597,74.125.24.0-255,7856,245398,13,263385
11426,0.0016,172.31.36.0-255,66,245464,13,263385
11427,0.001615,172.31.36.0-255,66,245530,13,263385
11428,0.001632,172.31.36.0-255,66,245596,13,263385
11429,0.001635,74.125.24.0-255,766,246362,13,263385
11430,0.002125,74.125.24.0-255,1484,247846,13,263385
11431,0.002131,172.31.36.0-255,66,247912,13,263385
11432,0.002137,74.125.24.0-255,2902,250814,13,263385
11433,0.00214,172.31.36.0-255,66,250880,13,263385
11434,0.00216,74.125.24.0-255,5116,255996,13,263385
11435,0.002163,172.31.36.0-255,66,256062,13,263385
11436,0.002207,74.125.24.0-255,105,256167,13,263385
11437,0.0079,172.31.36.0-255,105,256272,13,263385
11438,0.010424,74.125.24.0-255,66,256338,13,263385
11439,0.028089,172.31.36.0-255,172,256510,13,263385
11440,0.028126,172.31.36.0-255,1109,257619,13,263385
11441,0.028186,172.31.36.0-255,1514,259133,13,263385
11442,0.028188,172.31.36.0-255,1514,260647,13,263385
11443,0.028189,172.31.36.0-255,1514,262161,13,263385
11444,0.02819,172.31.36.0-255,960,263121,13,263385
11445,0.02965,104.244.42.0-255,66,263187,13,263385
11446,0.029662,104.244.42.0-255,66,263253,13,263385
11447,0.029761,104.244.42.0-255,66,263319,13,263385
11448,0.029765,104.244.42.0-255,66,263385,13,263385
11449,0.0,74.125.200.0-255,152,152,13,138381
11450,1.5e-05,172.31.36.0-255,66,218,13,138381
11451,2.2e-05,74.125.200.0-255,1484,1702,13,138381
11452,2.7e-05,172.31.36.0-255,66,1768,13,138381
11453,3.2e-05,74.125.200.0-255,2902,4670,13,138381
11454,4.4e-05,172.31.36.0-255,66,4736,13,138381
11455,8.5e-05,74.125.200.0-255,5738,10474,13,138381
11456,8.8e-05,172.31.36.0-255,66,10540,13,138381
11457,0.000116,74.125.200.0-255,1484,12024,13,138381
11458,0.000118,172.31.36.0-255,66,12090,13,138381
11459,0.000243,74.125.200.0-255,2056,14146,13,138381
11460,0.000247,172.31.36.0-255,66,14212,13,138381
11461,0.000287,74.125.200.0-255,2902,17114,13,138381
11462,0.00029,172.31.36.0-255,66,17180,13,138381
11463,0.000341,74.125.200.0-255,2902,20082,13,138381
11464,0.000344,172.31.36.0-255,66,20148,13,138381
11465,0.000371,74.125.200.0-255,4320,24468,13,138381
11466,0.000374,172.31.36.0-255,66,24534,13,138381
11467,0.00051,74.125.200.0-255,9992,34526,13,138381
11468,0.000515,172.31.36.0-255,66,34592,13,138381
11469,0.000558,74.125.200.0-255,5379,39971,13,138381
11470,0.000564,172.31.36.0-255,66,40037,13,138381
11471,0.000823,74.125.200.0-255,8215,48252,13,138381
11472,0.000831,172.31.36.0-255,66,48318,13,138381
11473,0.000993,74.125.200.0-255,5738,54056,13,138381
11474,0.000998,172.31.36.0-255,66,54122,13,138381
11475,0.001039,172.31.36.0-255,66,54188,13,138381
11476,0.001346,74.125.200.0-255,5738,59926,13,138381
11477,0.00135,172.31.36.0-255,66,59992,13,138381
11478,0.001387,172.31.36.0-255,66,60058,13,138381
11479,0.001697,74.125.200.0-255,4320,64378,13,138381
11480,0.001703,172.31.36.0-255,66,64444,13,138381
11481,0.001789,74.125.200.0-255,5738,70182,13,138381
11482,0.004587,172.31.36.0-255,66,70248,13,138381
11483,0.006845,74.125.200.0-255,5738,75986,13,138381
11484,0.00685,172.31.36.0-255,66,76052,13,138381
11485,0.009113,74.125.200.0-255,5738,81790,13,138381
11486,0.009121,172.31.36.0-255,66,81856,13,138381
11487,0.011391,74.125.200.0-255,5738,87594,13,138381
11488,0.011399,172.31.36.0-255,66,87660,13,138381
11489,0.013662,74.125.200.0-255,5738,93398,13,138381
11490,0.013668,172.31.36.0-255,66,93464,13,138381
11491,0.015955,74.125.200.0-255,5738,99202,13,138381
11492,0.015962,172.31.36.0-255,66,99268,13,138381
11493,0.018237,74.125.200.0-255,5738,105006,13,138381
11494,0.018248,172.31.36.0-255,66,105072,13,138381
11495,0.020513,74.125.200.0-255,5738,110810,13,138381
11496,0.020521,172.31.36.0-255,66,110876,13,138381
11497,0.022785,74.125.200.0-255,5738,116614,13,138381
11498,0.022792,172.31.36.0-255,66,116680,13,138381
11499,0.025056,74.125.200.0-255,5738,122418,13,138381
11500,0.025064,172.31.36.0-255,66,122484,13,138381
11501,0.027335,74.125.200.0-255,5738,128222,13,138381
11502,0.027342,172.31.36.0-255,66,128288,13,138381
11503,0.027488,172.31.36.0-255,172,128460,13,138381
11504,0.027535,172.31.36.0-255,1106,129566,13,138381
11505,0.027671,172.31.36.0-255,1514,131080,13,138381
11506,0.027673,172.31.36.0-255,1299,132379,13,138381
11507,0.029052,104.244.42.0-255,66,132445,13,138381
11508,0.029088,104.244.42.0-255,66,132511,13,138381
11509,0.029244,104.244.42.0-255,66,132577,13,138381
11510,0.029616,74.125.200.0-255,5738,138315,13,138381
11511,0.029623,172.31.36.0-255,66,138381,13,138381
11512,0.0,74.125.24.0-255,296,296,13,261923
11513,2.5e-05,172.31.36.0-255,66,362,13,261923
11514,3.2e-05,74.125.24.0-255,1484,1846,13,261923
11515,3.6e-05,172.31.36.0-255,66,1912,13,261923
11516,4.4e-05,74.125.24.0-255,4320,6232,13,261923
11517,4.7e-05,172.31.36.0-255,66,6298,13,261923
11518,8.1e-05,74.125.24.0-255,7156,13454,13,261923
11519,8.4e-05,172.31.36.0-255,66,13520,13,261923
11520,0.000104,74.125.24.0-255,1849,15369,13,261923
11521,0.000106,172.31.36.0-255,66,15435,13,261923
11522,0.000117,74.125.24.0-255,9992,25427,13,261923
11523,0.000119,172.31.36.0-255,66,25493,13,261923
11524,0.000125,74.125.24.0-255,4320,29813,13,261923
11525,0.000128,172.31.36.0-255,66,29879,13,261923
11526,0.00015,74.125.24.0-255,1125,31004,13,261923
11527,0.000153,172.31.36.0-255,66,31070,13,261923
11528,0.000634,74.125.24.0-255,1484,32554,13,261923
11529,0.000641,172.31.36.0-255,66,32620,13,261923
11530,0.000648,74.125.24.0-255,2902,35522,13,261923
11531,0.00065,172.31.36.0-255,66,35588,13,261923
11532,0.000657,74.125.24.0-255,5738,41326,13,261923
11533,0.00066,172.31.36.0-255,66,41392,13,261923
11534,0.000682,74.125.24.0-255,6797,48189,13,261923
11535,0.000684,172.31.36.0-255,66,48255,13,261923
11536,0.000704,74.125.24.0-255,7156,55411,13,261923
11537,0.000707,172.31.36.0-255,66,55477,13,261923
11538,0.000737,74.125.24.0-255,7156,62633,13,261923
11539,0.00074,172.31.36.0-255,66,62699,13,261923
11540,0.000745,74.125.24.0-255,2853,65552,13,261923
11541,0.000748,172.31.36.0-255,66,65618,13,261923
11542,0.000835,74.125.24.0-255,111,65729,13,261923
11543,0.00084,172.31.36.0-255,66,65795,13,261923
11544,0.000962,74.125.24.0-255,1484,67279,13,261923
11545,0.000969,74.125.24.0-255,2902,70181,13,261923
11546,0.000973,172.31.36.0-255,66,70247,13,261923
11547,0.000978,74.125.24.0-255,2902,73149,13,261923
11548,0.000981,74.125.24.0-255,1484,74633,13,261923
11549,0.000986,172.31.36.0-255,66,74699,13,261923
11550,0.000996,74.125.24.0-255,2902,77601,13,261923
11551,0.001001,172.31.36.0-255,66,77667,13,261923
11552,0.001038,74.125.24.0-255,5379,83046,13,261923
11553,0.001043,172.31.36.0-255,66,83112,13,261923
11554,0.001322,74.125.24.0-255,1484,84596,13,261923
11555,0.001329,74.125.24.0-255,2902,87498,13,261923
11556,0.001332,172.31.36.0-255,66,87564,13,261923
11557,0.001338,74.125.24.0-255,5738,93302,13,261923
11558,0.00134,172.31.36.0-255,66,93368,13,261923
11559,0.001346,74.125.24.0-255,5738,99106,13,261923
11560,0.001357,172.31.36.0-255,66,99172,13,261923
11561,0.00136,74.125.24.0-255,1125,100297,13,261923
11562,0.001416,74.125.24.0-255,1484,101781,13,261923
11563,0.001433,74.125.24.0-255,2902,104683,13,261923
11564,0.001439,74.125.24.0-255,5738,110421,13,261923
11565,0.001462,74.125.24.0-255,1484,111905,13,261923
11566,0.001505,74.125.24.0-255,1484,113389,13,261923
11567,0.001522,74.125.24.0-255,5738,119127,13,261923
11568,0.001542,74.125.24.0-255,3602,122729,13,261923
11569,0.001573,74.125.24.0-255,7156,129885,13,261923
11570,0.001581,74.125.24.0-255,8574,138459,13,261923
11571,0.001591,74.125.24.0-255,1484,139943,13,261923
11572,0.001625,74.125.24.0-255,766,140709,13,261923
11573,0.001708,74.125.24.0-255,3602,144311,13,261923
11574,0.001732,74.125.24.0-255,1484,145795,13,261923
11575,0.001745,74.125.24.0-255,1484,147279,13,261923
11576,0.001757,74.125.24.0-255,1484,148763,13,261923
11577,0.00176,74.125.24.0-255,1484,150247,13,261923
11578,0.00178,74.125.24.0-255,4320,154567,13,261923
11579,0.00179,74.125.24.0-255,8574,163141,13,261923
11580,0.001804,74.125.24.0-255,4320,167461,13,261923
11581,0.001811,74.125.24.0-255,5738,173199,13,261923
11582,0.001831,74.125.24.0-255,5020,178219,13,261923
11583,0.001962,74.125.24.0-255,1484,179703,13,261923
11584,0.001967,74.125.24.0-255,1484,181187,13,261923
11585,0.001981,74.125.24.0-255,1484,182671,13,261923
11586,0.001987,74.125.24.0-255,4320,186991,13,261923
11587,0.002,74.125.24.0-255,1484,188475,13,261923
11588,0.002019,74.125.24.0-255,2902,191377,13,261923
11589,0.002044,74.125.24.0-255,7156,198533,13,261923
11590,0.002055,74.125.24.0-255,1484,200017,13,261923
11591,0.002058,74.125.24.0-255,1484,201501,13,261923
11592,0.002089,74.125.24.0-255,10692,212193,13,261923
11593,0.008502,172.31.36.0-255,66,212259,13,261923
11594,0.010428,74.125.24.0-255,1484,213743,13,261923
11595,0.010836,74.125.24.0-255,2902,216645,13,261923
11596,0.010843,172.31.36.0-255,66,216711,13,261923
11597,0.010859,74.125.24.0-255,1484,218195,13,261923
11598,0.01308,74.125.24.0-255,4320,222515,13,261923
11599,0.013088,172.31.36.0-255,66,222581,13,261923
11600,0.015355,74.125.24.0-255,5738,228319,13,261923
11601,0.015364,172.31.36.0-255,66,228385,13,261923
11602,0.017611,74.125.24.0-255,5738,234123,13,261923
11603,0.01762,172.31.36.0-255,66,234189,13,261923
11604,0.019881,74.125.24.0-255,5738,239927,13,261923
11605,0.019889,172.31.36.0-255,66,239993,13,261923
11606,0.02215,74.125.24.0-255,4320,244313,13,261923
11607,0.022159,172.31.36.0-255,66,244379,13,261923
11608,0.02218,74.125.24.0-255,1484,245863,13,261923
11609,0.024411,74.125.24.0-255,4320,250183,13,261923
11610,0.024419,172.31.36.0-255,66,250249,13,261923
11611,0.026684,74.125.24.0-255,5738,255987,13,261923
11612,0.026692,172.31.36.0-255,66,256053,13,261923
11613,0.028925,74.125.24.0-255,4320,260373,13,261923
11614,0.028932,172.31.36.0-255,66,260439,13,261923
11615,0.028952,74.125.24.0-255,1484,261923,13,261923
11616,0.0,172.217.194.0-255,143,143,13,208627
11617,1.9e-05,172.31.36.0-255,66,209,13,208627
11618,2.5e-05,172.217.194.0-255,1484,1693,13,208627
11619,3e-05,172.31.36.0-255,66,1759,13,208627
11620,4.4e-05,172.217.194.0-255,2902,4661,13,208627
11621,4.7e-05,172.31.36.0-255,66,4727,13,208627
11622,5.5e-05,172.217.194.0-255,5738,10465,13,208627
11623,5.8e-05,172.31.36.0-255,66,10531,13,208627
11624,8.4e-05,172.217.194.0-255,1484,12015,13,208627
11625,8.7e-05,172.31.36.0-255,66,12081,13,208627
11626,0.000121,172.217.194.0-255,2070,14151,13,208627
11627,0.000124,172.31.36.0-255,66,14217,13,208627
11628,0.000902,172.217.194.0-255,1484,15701,13,208627
11629,0.000909,172.31.36.0-255,66,15767,13,208627
11630,0.00092,172.217.194.0-255,2902,18669,13,208627
11631,0.000922,172.31.36.0-255,66,18735,13,208627
11632,0.000963,172.217.194.0-255,5738,24473,13,208627
11633,0.000966,172.31.36.0-255,66,24539,13,208627
11634,0.001001,172.217.194.0-255,6797,31336,13,208627
11635,0.001005,172.31.36.0-255,66,31402,13,208627
11636,0.001071,172.217.194.0-255,1484,32886,13,208627
11637,0.001074,172.31.36.0-255,66,32952,13,208627
11638,0.001079,172.217.194.0-255,2902,35854,13,208627
11639,0.001081,172.31.36.0-255,66,35920,13,208627
11640,0.001086,172.217.194.0-255,2902,38822,13,208627
11641,0.001089,172.31.36.0-255,66,38888,13,208627
11642,0.001116,172.217.194.0-255,2902,41790,13,208627
11643,0.001122,172.31.36.0-255,66,41856,13,208627
11644,0.001143,172.217.194.0-255,6797,48653,13,208627
11645,0.001146,172.31.36.0-255,66,48719,13,208627
11646,0.001216,172.217.194.0-255,1484,50203,13,208627
11647,0.00122,172.31.36.0-255,66,50269,13,208627
11648,0.001224,172.217.194.0-255,1484,51753,13,208627
11649,0.001247,172.217.194.0-255,1484,53237,13,208627
11650,0.001249,172.31.36.0-255,66,53303,13,208627
11651,0.001256,172.217.194.0-255,5738,59041,13,208627
11652,0.001258,172.31.36.0-255,66,59107,13,208627
11653,0.001287,172.217.194.0-255,4320,63427,13,208627
11654,0.001291,172.31.36.0-255,66,63493,13,208627
11655,0.001318,172.217.194.0-255,2821,66314,13,208627
11656,0.001321,172.31.36.0-255,66,66380,13,208627
11657,0.001491,172.217.194.0-255,118,66498,13,208627
11658,0.001495,172.217.194.0-255,377,66875,13,208627
11659,0.001684,172.217.194.0-255,1484,68359,13,208627
11660,0.001688,172.31.36.0-255,66,68425,13,208627
11661,0.001692,172.217.194.0-255,1484,69909,13,208627
11662,0.001712,172.217.194.0-255,1484,71393,13,208627
11663,0.001715,172.31.36.0-255,66,71459,13,208627
11664,0.00172,172.217.194.0-255,2902,74361,13,208627
11665,0.001722,172.31.36.0-255,66,74427,13,208627
11666,0.00174,172.217.194.0-255,2902,77329,13,208627
11667,0.001742,172.31.36.0-255,66,77395,13,208627
11668,0.001752,172.217.194.0-255,4320,81715,13,208627
11669,0.001754,172.31.36.0-255,66,81781,13,208627
11670,0.001779,172.217.194.0-255,2543,84324,13,208627
11671,0.001781,172.31.36.0-255,66,84390,13,208627
11672,0.001793,172.217.194.0-255,7156,91546,13,208627
11673,0.001795,172.31.36.0-255,66,91612,13,208627
11674,0.001829,172.217.194.0-255,5738,97350,13,208627
11675,0.001832,172.31.36.0-255,66,97416,13,208627
11676,0.001864,172.217.194.0-255,3961,101377,13,208627
11677,0.001866,172.31.36.0-255,66,101443,13,208627
11678,0.002074,172.217.194.0-255,1484,102927,13,208627
11679,0.002079,172.217.194.0-255,1484,104411,13,208627
11680,0.002091,172.31.36.0-255,66,104477,13,208627
11681,0.002095,172.217.194.0-255,1484,105961,13,208627
11682,0.002102,172.217.194.0-255,5738,111699,13,208627
11683,0.002109,172.31.36.0-255,66,111765,13,208627
11684,0.002112,172.217.194.0-255,1484,113249,13,208627
11685,0.002145,172.217.194.0-255,8574,121823,13,208627
11686,0.002148,172.31.36.0-255,66,121889,13,208627
11687,0.002166,172.217.194.0-255,1484,123373,13,208627
11688,0.002204,172.31.36.0-255,66,123439,13,208627
11689,0.002266,172.217.194.0-255,1484,124923,13,208627
11690,0.00227,172.217.194.0-255,1484,126407,13,208627
11691,0.002273,172.31.36.0-255,66,126473,13,208627
11692,0.002291,172.217.194.0-255,1484,127957,13,208627
11693,0.002298,172.217.194.0-255,5738,133695,13,208627
11694,0.0023,172.31.36.0-255,66,133761,13,208627
11695,0.002304,172.217.194.0-255,1484,135245,13,208627
11696,0.002342,172.31.36.0-255,66,135311,13,208627
11697,0.002368,172.217.194.0-255,4320,139631,13,208627
11698,0.002371,172.31.36.0-255,66,139697,13,208627
11699,0.002406,172.217.194.0-255,5020,144717,13,208627
11700,0.002409,172.31.36.0-255,66,144783,13,208627
11701,0.004839,172.217.194.0-255,5738,150521,13,208627
11702,0.004846,172.31.36.0-255,66,150587,13,208627
11703,0.007281,172.217.194.0-255,5738,156325,13,208627
11704,0.007288,172.31.36.0-255,66,156391,13,208627
11705,0.009723,172.217.194.0-255,5738,162129,13,208627
11706,0.009731,172.31.36.0-255,66,162195,13,208627
11707,0.012194,172.217.194.0-255,5738,167933,13,208627
11708,0.012201,172.31.36.0-255,66,167999,13,208627
11709,0.014663,172.217.194.0-255,5738,173737,13,208627
11710,0.014671,172.31.36.0-255,66,173803,13,208627
11711,0.017129,172.217.194.0-255,5738,179541,13,208627
11712,0.017141,172.31.36.0-255,66,179607,13,208627
11713,0.019552,172.217.194.0-255,5738,185345,13,208627
11714,0.01956,172.31.36.0-255,66,185411,13,208627
11715,0.021984,172.217.194.0-255,5738,191149,13,208627
11716,0.021991,172.31.36.0-255,66,191215,13,208627
11717,0.024412,172.217.194.0-255,5738,196953,13,208627
11718,0.02442,172.31.36.0-255,66,197019,13,208627
11719,0.0269,172.217.194.0-255,5738,202757,13,208627
11720,0.026909,172.31.36.0-255,66,202823,13,208627
11721,0.029345,172.217.194.0-255,5738,208561,13,208627
11722,0.029352,172.31.36.0-255,66,208627,13,208627
11723,0.0,74.125.24.0-255,143,143,13,237786
11724,2.8e-05,172.31.36.0-255,66,209,13,237786
11725,3.4e-05,74.125.24.0-255,1484,1693,13,237786
11726,3.8e-05,172.31.36.0-255,66,1759,13,237786
11727,4.4e-05,74.125.24.0-255,2902,4661,13,237786
11728,5.5e-05,172.31.36.0-255,66,4727,13,237786
11729,6.2e-05,74.125.24.0-255,7156,11883,13,237786
11730,6.5e-05,172.31.36.0-255,66,11949,13,237786
11731,6.9e-05,74.125.24.0-255,2059,14008,13,237786
11732,7.2e-05,172.31.36.0-255,66,14074,13,237786
11733,0.000124,74.125.24.0-255,1484,15558,13,237786
11734,0.000128,172.31.36.0-255,66,15624,13,237786
11735,0.000133,74.125.24.0-255,2902,18526,13,237786
11736,0.000136,172.31.36.0-255,66,18592,13,237786
11737,0.000141,74.125.24.0-255,4320,22912,13,237786
11738,0.000149,172.31.36.0-255,66,22978,13,237786
11739,0.000174,74.125.24.0-255,1484,24462,13,237786
11740,0.000177,172.31.36.0-255,66,24528,13,237786
11741,0.000185,74.125.24.0-255,6797,31325,13,237786
11742,0.000188,172.31.36.0-255,66,31391,13,237786
11743,0.000199,74.125.24.0-255,7156,38547,13,237786
11744,0.000201,172.31.36.0-255,66,38613,13,237786
11745,0.000227,74.125.24.0-255,5738,44351,13,237786
11746,0.00023,172.31.36.0-255,66,44417,13,237786
11747,0.000261,74.125.24.0-255,3961,48378,13,237786
11748,0.000265,172.31.36.0-255,66,48444,13,237786
11749,0.000301,74.125.24.0-255,1484,49928,13,237786
11750,0.000304,172.31.36.0-255,66,49994,13,237786
11751,0.000309,74.125.24.0-255,2902,52896,13,237786
11752,0.000312,172.31.36.0-255,66,52962,13,237786
11753,0.00033,74.125.24.0-255,5738,58700,13,237786
11754,0.000341,172.31.36.0-255,66,58766,13,237786
11755,0.000382,74.125.24.0-255,7408,66174,13,237786
11756,0.000386,172.31.36.0-255,66,66240,13,237786
11757,0.000438,74.125.24.0-255,1484,67724,13,237786
11758,0.000443,74.125.24.0-255,2902,70626,13,237786
11759,0.00045,172.31.36.0-255,66,70692,13,237786
11760,0.000458,74.125.24.0-255,5738,76430,13,237786
11761,0.000461,172.31.36.0-255,66,76496,13,237786
11762,0.000493,74.125.24.0-255,6797,83293,13,237786
11763,0.000496,74.125.24.0-255,1484,84777,13,237786
11764,0.000497,172.31.36.0-255,66,84843,13,237786
11765,0.000547,172.31.36.0-255,66,84909,13,237786
11766,0.000551,74.125.24.0-255,2543,87452,13,237786
11767,0.000555,172.31.36.0-255,66,87518,13,237786
11768,0.000881,74.125.24.0-255,1484,89002,13,237786
11769,0.000888,74.125.24.0-255,2902,91904,13,237786
11770,0.000891,172.31.36.0-255,66,91970,13,237786
11771,0.000896,74.125.24.0-255,2902,94872,13,237786
11772,0.000899,172.31.36.0-255,66,94938,13,237786
11773,0.000917,74.125.24.0-255,2902,97840,13,237786
11774,0.000921,172.31.36.0-255,66,97906,13,237786
11775,0.000926,74.125.24.0-255,9992,107898,13,237786
11776,0.000934,172.31.36.0-255,66,107964,13,237786
11777,0.000961,74.125.24.0-255,2902,110866,13,237786
11778,0.000965,172.31.36.0-255,66,110932,13,237786
11779,0.000974,74.125.24.0-255,9992,120924,13,237786
11780,0.000976,172.31.36.0-255,66,120990,13,237786
11781,0.000979,74.125.24.0-255,766,121756,13,237786
11782,0.001277,172.31.36.0-255,66,121822,13,237786
11783,0.001283,74.125.24.0-255,1484,123306,13,237786
11784,0.001288,74.125.24.0-255,2902,126208,13,237786
11785,0.001292,172.31.36.0-255,66,126274,13,237786
11786,0.001311,74.125.24.0-255,5738,132012,13,237786
11787,0.001319,172.31.36.0-255,66,132078,13,237786
11788,0.001325,74.125.24.0-255,5738,137816,13,237786
11789,0.001328,172.31.36.0-255,66,137882,13,237786
11790,0.001367,74.125.24.0-255,7156,145038,13,237786
11791,0.00137,172.31.36.0-255,66,145104,13,237786
11792,0.00138,74.125.24.0-255,10692,155796,13,237786
11793,0.001389,172.31.36.0-255,66,155862,13,237786
11794,0.001547,74.125.24.0-255,1484,157346,13,237786
11795,0.001562,74.125.24.0-255,1484,158830,13,237786
11796,0.001566,172.31.36.0-255,66,158896,13,237786
11797,0.001604,74.125.24.0-255,1484,160380,13,237786
11798,0.001612,74.125.24.0-255,5738,166118,13,237786
11799,0.001615,172.31.36.0-255,66,166184,13,237786
11800,0.001628,172.31.36.0-255,66,166250,13,237786
11801,0.001648,172.31.36.0-255,66,166316,13,237786
11802,0.001685,74.125.24.0-255,9274,175590,13,237786
11803,0.001688,172.31.36.0-255,66,175656,13,237786
11804,0.001696,74.125.24.0-255,7156,182812,13,237786
11805,0.001699,172.31.36.0-255,66,182878,13,237786
11806,0.001702,74.125.24.0-255,1484,184362,13,237786
11807,0.001753,172.31.36.0-255,66,184428,13,237786
11808,0.001767,172.31.36.0-255,66,184494,13,237786
11809,0.001799,172.31.36.0-255,66,184560,13,237786
11810,0.001831,74.125.24.0-255,7856,192416,13,237786
11811,0.001836,172.31.36.0-255,66,192482,13,237786
11812,0.001844,74.125.24.0-255,8574,201056,13,237786
11813,0.001848,172.31.36.0-255,66,201122,13,237786
11814,0.001862,172.31.36.0-255,66,201188,13,237786
11815,0.001895,74.125.24.0-255,4320,205508,13,237786
11816,0.001899,172.31.36.0-255,66,205574,13,237786
11817,0.001909,74.125.24.0-255,5020,210594,13,237786
11818,0.001911,172.31.36.0-255,66,210660,13,237786
11819,0.001931,172.31.36.0-255,66,210726,13,237786
11820,0.001962,74.125.24.0-255,1484,212210,13,237786
11821,0.00197,74.125.24.0-255,7856,220066,13,237786
11822,0.001974,172.31.36.0-255,66,220132,13,237786
11823,0.001978,74.125.24.0-255,2902,223034,13,237786
11824,0.00198,172.31.36.0-255,66,223100,13,237786
11825,0.002043,172.31.36.0-255,66,223166,13,237786
11826,0.002047,74.125.24.0-255,766,223932,13,237786
11827,0.004002,74.125.24.0-255,4320,228252,13,237786
11828,0.004009,172.31.36.0-255,66,228318,13,237786
11829,0.005965,74.125.24.0-255,5145,233463,13,237786
11830,0.005972,172.31.36.0-255,66,233529,13,237786
11831,0.007924,172.31.36.0-255,105,233634,13,237786
11832,0.009856,74.125.24.0-255,66,233700,13,237786
11833,0.028801,172.31.36.0-255,167,233867,13,237786
11834,0.028832,172.31.36.0-255,1106,234973,13,237786
11835,0.028875,172.31.36.0-255,1514,236487,13,237786
11836,0.028877,172.31.36.0-255,1299,237786,13,237786
11837,0.0,172.217.194.0-255,143,143,13,273380
11838,2.6e-05,172.31.36.0-255,66,209,13,273380
11839,3.2e-05,172.217.194.0-255,1484,1693,13,273380
11840,3.6e-05,172.31.36.0-255,66,1759,13,273380
11841,4.1e-05,172.217.194.0-255,2902,4661,13,273380
11842,4.3e-05,172.31.36.0-255,66,4727,13,273380
11843,5.1e-05,172.217.194.0-255,5738,10465,13,273380
11844,5.3e-05,172.31.36.0-255,66,10531,13,273380
11845,8.1e-05,172.217.194.0-255,3467,13998,13,273380
11846,8.4e-05,172.31.36.0-255,66,14064,13,273380
11847,0.000118,172.217.194.0-255,4320,18384,13,273380
11848,0.000121,172.31.36.0-255,66,18450,13,273380
11849,0.000125,172.217.194.0-255,1484,19934,13,273380
11850,0.000128,172.31.36.0-255,66,20000,13,273380
11851,0.000141,172.217.194.0-255,2902,22902,13,273380
11852,0.000144,172.31.36.0-255,66,22968,13,273380
11853,0.000188,172.217.194.0-255,8574,31542,13,273380
11854,0.000191,172.31.36.0-255,66,31608,13,273380
11855,0.000213,172.217.194.0-255,2543,34151,13,273380
11856,0.000215,172.31.36.0-255,66,34217,13,273380
11857,0.000223,172.217.194.0-255,8574,42791,13,273380
11858,0.000225,172.31.36.0-255,66,42857,13,273380
11859,0.000228,172.217.194.0-255,1484,44341,13,273380
11860,0.00023,172.31.36.0-255,66,44407,13,273380
11861,0.000247,172.217.194.0-255,3961,48368,13,273380
11862,0.000249,172.31.36.0-255,66,48434,13,273380
11863,0.000289,172.217.194.0-255,1484,49918,13,273380
11864,0.000293,172.31.36.0-255,66,49984,13,273380
11865,0.000298,172.217.194.0-255,2902,52886,13,273380
11866,0.0003,172.31.36.0-255,66,52952,13,273380
11867,0.000305,172.217.194.0-255,4320,57272,13,273380
11868,0.000308,172.31.36.0-255,66,57338,13,273380
11869,0.00033,172.217.194.0-255,1484,58822,13,273380
11870,0.000334,172.217.194.0-255,1484,60306,13,273380
11871,0.000337,172.31.36.0-255,66,60372,13,273380
11872,0.000364,172.217.194.0-255,5671,66043,13,273380
11873,0.000367,172.31.36.0-255,66,66109,13,273380
11874,0.000558,172.217.194.0-255,385,66494,13,273380
11875,0.000587,172.217.194.0-255,1484,67978,13,273380
11876,0.000591,172.31.36.0-255,66,68044,13,273380
11877,0.000595,172.217.194.0-255,1484,69528,13,273380
11878,0.000611,172.217.194.0-255,2902,72430,13,273380
11879,0.000614,172.31.36.0-255,66,72496,13,273380
11880,0.000633,172.217.194.0-255,4320,76816,13,273380
11881,0.000636,172.31.36.0-255,66,76882,13,273380
11882,0.000655,172.217.194.0-255,5738,82620,13,273380
11883,0.000658,172.31.36.0-255,66,82686,13,273380
11884,0.000661,172.217.194.0-255,1125,83811,13,273380
11885,0.00069,172.217.194.0-255,2902,86713,13,273380
11886,0.000693,172.31.36.0-255,66,86779,13,273380
11887,0.000696,172.217.194.0-255,1484,88263,13,273380
11888,0.000712,172.217.194.0-255,2902,91165,13,273380
11889,0.000715,172.31.36.0-255,66,91231,13,273380
11890,0.000741,172.217.194.0-255,8574,99805,13,273380
11891,0.000744,172.31.36.0-255,66,99871,13,273380
11892,0.000747,172.217.194.0-255,1125,100996,13,273380
11893,0.001056,172.31.36.0-255,66,101062,13,273380
11894,0.001486,172.217.194.0-255,1484,102546,13,273380
11895,0.001496,172.217.194.0-255,2902,105448,13,273380
11896,0.0015,172.31.36.0-255,66,105514,13,273380
11897,0.001509,172.217.194.0-255,5738,111252,13,273380
11898,0.001511,172.31.36.0-255,66,111318,13,273380
11899,0.001514,172.217.194.0-255,1484,112802,13,273380
11900,0.001531,172.217.194.0-255,4320,117122,13,273380
11901,0.001534,172.31.36.0-255,66,117188,13,273380
11902,0.001542,172.217.194.0-255,7156,124344,13,273380
11903,0.001544,172.31.36.0-255,66,124410,13,273380
11904,0.001568,172.217.194.0-255,5738,130148,13,273380
11905,0.001571,172.31.36.0-255,66,130214,13,273380
11906,0.001578,172.217.194.0-255,5020,135234,13,273380
11907,0.00158,172.31.36.0-255,66,135300,13,273380
11908,0.001637,172.217.194.0-255,1484,136784,13,273380
11909,0.001654,172.217.194.0-255,2902,139686,13,273380
11910,0.001659,172.31.36.0-255,66,139752,13,273380
11911,0.001664,172.217.194.0-255,1484,141236,13,273380
11912,0.001682,172.217.194.0-255,4320,145556,13,273380
11913,0.001684,172.31.36.0-255,66,145622,13,273380
11914,0.00169,172.217.194.0-255,2902,148524,13,273380
11915,0.001691,172.31.36.0-255,66,148590,13,273380
11916,0.001717,172.217.194.0-255,9992,158582,13,273380
11917,0.00172,172.31.36.0-255,66,158648,13,273380
11918,0.001727,172.217.194.0-255,7156,165804,13,273380
11919,0.00173,172.31.36.0-255,66,165870,13,273380
11920,0.001751,172.217.194.0-255,3602,169472,13,273380
11921,0.001755,172.31.36.0-255,66,169538,13,273380
11922,0.001805,172.217.194.0-255,1484,171022,13,273380
11923,0.001812,172.217.194.0-255,2902,173924,13,273380
11924,0.001815,172.31.36.0-255,66,173990,13,273380
11925,0.001839,172.217.194.0-255,5738,179728,13,273380
11926,0.001844,172.31.36.0-255,66,179794,13,273380
11927,0.001914,172.31.36.0-255,66,179860,13,273380
11928,0.001928,172.217.194.0-255,10692,190552,13,273380
11929,0.001931,172.31.36.0-255,66,190618,13,273380
11930,0.002009,172.217.194.0-255,1484,192102,13,273380
11931,0.002015,172.217.194.0-255,2902,195004,13,273380
11932,0.002019,172.31.36.0-255,66,195070,13,273380
11933,0.002044,172.217.194.0-255,5738,200808,13,273380
11934,0.002047,172.31.36.0-255,66,200874,13,273380
11935,0.00205,172.217.194.0-255,1484,202358,13,273380
11936,0.002067,172.217.194.0-255,4320,206678,13,273380
11937,0.00207,172.31.36.0-255,66,206744,13,273380
11938,0.002102,172.217.194.0-255,7156,213900,13,273380
11939,0.002105,172.31.36.0-255,66,213966,13,273380
11940,0.002114,172.217.194.0-255,10692,224658,13,273380
11941,0.002117,172.31.36.0-255,66,224724,13,273380
11942,0.002155,172.217.194.0-255,4320,229044,13,273380
11943,0.002158,172.31.36.0-255,66,229110,13,273380
11944,0.002208,172.31.36.0-255,66,229176,13,273380
11945,0.002229,172.217.194.0-255,4320,233496,13,273380
11946,0.002231,172.31.36.0-255,66,233562,13,273380
11947,0.002239,172.217.194.0-255,7856,241418,13,273380
11948,0.002242,172.31.36.0-255,66,241484,13,273380
11949,0.002246,172.217.194.0-255,2902,244386,13,273380
11950,0.002248,172.31.36.0-255,66,244452,13,273380
11951,0.002296,172.31.36.0-255,66,244518,13,273380
11952,0.002322,172.217.194.0-255,3602,248120,13,273380
11953,0.002327,172.31.36.0-255,66,248186,13,273380
11954,0.002353,172.31.36.0-255,66,248252,13,273380
11955,0.002369,172.31.36.0-255,66,248318,13,273380
11956,0.002377,172.217.194.0-255,8574,256892,13,273380
11957,0.00238,172.31.36.0-255,66,256958,13,273380
11958,0.002406,172.217.194.0-255,2184,259142,13,273380
11959,0.00241,172.31.36.0-255,66,259208,13,273380
11960,0.002443,172.31.36.0-255,66,259274,13,273380
11961,0.002478,172.217.194.0-255,9343,268617,13,273380
11962,0.00248,172.217.194.0-255,105,268722,13,273380
11963,0.002526,172.31.36.0-255,66,268788,13,273380
11964,0.002535,172.31.36.0-255,66,268854,13,273380
11965,0.004315,172.31.36.0-255,66,268920,13,273380
11966,0.00435,172.31.36.0-255,105,269025,13,273380
11967,0.00683,172.217.194.0-255,66,269091,13,273380
11968,0.025375,172.31.36.0-255,172,269263,13,273380
11969,0.025461,172.31.36.0-255,1106,270369,13,273380
11970,0.025695,172.31.36.0-255,1514,271883,13,273380
11971,0.025697,172.31.36.0-255,1299,273182,13,273380
11972,0.026913,104.244.42.0-255,66,273248,13,273380
11973,0.026998,104.244.42.0-255,66,273314,13,273380
11974,0.027252,104.244.42.0-255,66,273380,13,273380
11975,0.0,74.125.24.0-255,143,143,13,245407
11976,2.9e-05,172.31.36.0-255,66,209,13,245407
11977,3.6e-05,74.125.24.0-255,1484,1693,13,245407
11978,4e-05,172.31.36.0-255,66,1759,13,245407
11979,4.5e-05,74.125.24.0-255,2902,4661,13,245407
11980,4.8e-05,172.31.36.0-255,66,4727,13,245407
11981,5.3e-05,74.125.24.0-255,2902,7629,13,245407
11982,5.5e-05,172.31.36.0-255,66,7695,13,245407
11983,8.1e-05,74.125.24.0-255,4320,12015,13,245407
11984,8.4e-05,172.31.36.0-255,66,12081,13,245407
11985,0.000129,74.125.24.0-255,2082,14163,13,245407
11986,0.000132,172.31.36.0-255,66,14229,13,245407
11987,0.000136,74.125.24.0-255,1484,15713,13,245407
11988,0.000138,172.31.36.0-255,66,15779,13,245407
11989,0.000152,74.125.24.0-255,1484,17263,13,245407
11990,0.000154,172.31.36.0-255,66,17329,13,245407
11991,0.000184,74.125.24.0-255,4320,21649,13,245407
11992,0.000187,172.31.36.0-255,66,21715,13,245407
11993,0.000208,74.125.24.0-255,2902,24617,13,245407
11994,0.000211,172.31.36.0-255,66,24683,13,245407
11995,0.000249,74.125.24.0-255,4320,29003,13,245407
11996,0.000252,172.31.36.0-255,66,29069,13,245407
11997,0.000268,74.125.24.0-255,1484,30553,13,245407
11998,0.00027,172.31.36.0-255,66,30619,13,245407
11999,0.000296,74.125.24.0-255,1125,31744,13,245407
12000,0.000298,172.31.36.0-255,66,31810,13,245407
12001,0.000339,74.125.24.0-255,4320,36130,13,245407
12002,0.000342,172.31.36.0-255,66,36196,13,245407
12003,0.000363,74.125.24.0-255,4320,40516,13,245407
12004,0.000366,172.31.36.0-255,66,40582,13,245407
12005,0.00041,74.125.24.0-255,5738,46320,13,245407
12006,0.000414,172.31.36.0-255,66,46386,13,245407
12007,0.000434,74.125.24.0-255,5379,51765,13,245407
12008,0.000437,172.31.36.0-255,66,51831,13,245407
12009,0.000521,74.125.24.0-255,4320,56151,13,245407
12010,0.000524,172.31.36.0-255,66,56217,13,245407
12011,0.000548,74.125.24.0-255,4320,60537,13,245407
12012,0.000553,172.31.36.0-255,66,60603,13,245407
12013,0.000611,74.125.24.0-255,2902,63505,13,245407
12014,0.000615,172.31.36.0-255,66,63571,13,245407
12015,0.000628,74.125.24.0-255,2543,66114,13,245407
12016,0.000632,172.31.36.0-255,66,66180,13,245407
12017,0.000712,74.125.24.0-255,645,66825,13,245407
12018,0.000824,74.125.24.0-255,1484,68309,13,245407
12019,0.000828,172.31.36.0-255,66,68375,13,245407
12020,0.000833,74.125.24.0-255,2902,71277,13,245407
12021,0.000836,172.31.36.0-255,66,71343,13,245407
12022,0.000857,74.125.24.0-255,5738,77081,13,245407
12023,0.00086,172.31.36.0-255,66,77147,13,245407
12024,0.000912,74.125.24.0-255,1484,78631,13,245407
12025,0.000931,74.125.24.0-255,8574,87205,13,245407
12026,0.000934,172.31.36.0-255,66,87271,13,245407
12027,0.000946,74.125.24.0-255,1125,88396,13,245407
12028,0.001025,74.125.24.0-255,2902,91298,13,245407
12029,0.001027,172.31.36.0-255,66,91364,13,245407
12030,0.00103,172.31.36.0-255,66,91430,13,245407
12031,0.00105,74.125.24.0-255,9633,101063,13,245407
12032,0.001054,172.31.36.0-255,66,101129,13,245407
12033,0.001183,74.125.24.0-255,1484,102613,13,245407
12034,0.001204,74.125.24.0-255,4320,106933,13,245407
12035,0.001209,172.31.36.0-255,66,106999,13,245407
12036,0.001228,74.125.24.0-255,4320,111319,13,245407
12037,0.001231,172.31.36.0-255,66,111385,13,245407
12038,0.001256,172.31.36.0-255,66,111451,13,245407
12039,0.001272,74.125.24.0-255,1484,112935,13,245407
12040,0.001443,74.125.24.0-255,4320,117255,13,245407
12041,0.001447,172.31.36.0-255,66,117321,13,245407
12042,0.001469,74.125.24.0-255,3054,120375,13,245407
12043,0.001472,172.31.36.0-255,66,120441,13,245407
12044,0.001522,74.125.24.0-255,7156,127597,13,245407
12045,0.001525,172.31.36.0-255,66,127663,13,245407
12046,0.001556,172.31.36.0-255,66,127729,13,245407
12047,0.001586,172.31.36.0-255,66,127795,13,245407
12048,0.00187,74.125.24.0-255,9992,137787,13,245407
12049,0.001877,172.31.36.0-255,66,137853,13,245407
12050,0.001915,172.31.36.0-255,66,137919,13,245407
12051,0.002162,74.125.24.0-255,3602,141521,13,245407
12052,0.002164,172.31.36.0-255,66,141587,13,245407
12053,0.00253,74.125.24.0-255,1484,143071,13,245407
12054,0.002545,74.125.24.0-255,2902,145973,13,245407
12055,0.002547,172.31.36.0-255,66,146039,13,245407
12056,0.002563,74.125.24.0-255,1484,147523,13,245407
12057,0.002578,74.125.24.0-255,4320,151843,13,245407
12058,0.00258,172.31.36.0-255,66,151909,13,245407
12059,0.002614,74.125.24.0-255,4320,156229,13,245407
12060,0.002617,172.31.36.0-255,66,156295,13,245407
12061,0.002636,74.125.24.0-255,8574,164869,13,245407
12062,0.002639,172.31.36.0-255,66,164935,13,245407
12063,0.002747,74.125.24.0-255,1484,166419,13,245407
12064,0.002775,74.125.24.0-255,9274,175693,13,245407
12065,0.002868,74.125.24.0-255,2902,178595,13,245407
12066,0.002888,74.125.24.0-255,8574,187169,13,245407
12067,0.002979,74.125.24.0-255,2902,190071,13,245407
12068,0.002998,74.125.24.0-255,2902,192973,13,245407
12069,0.003994,172.31.36.0-255,66,193039,13,245407
12070,0.006702,74.125.24.0-255,5738,198777,13,245407
12071,0.006708,172.31.36.0-255,66,198843,13,245407
12072,0.009515,74.125.24.0-255,5738,204581,13,245407
12073,0.009523,172.31.36.0-255,66,204647,13,245407
12074,0.012232,74.125.24.0-255,5738,210385,13,245407
12075,0.012242,172.31.36.0-255,66,210451,13,245407
12076,0.014965,74.125.24.0-255,5738,216189,13,245407
12077,0.014977,172.31.36.0-255,66,216255,13,245407
12078,0.017703,74.125.24.0-255,5738,221993,13,245407
12079,0.017714,172.31.36.0-255,66,222059,13,245407
12080,0.020407,74.125.24.0-255,5738,227797,13,245407
12081,0.020415,172.31.36.0-255,66,227863,13,245407
12082,0.023113,74.125.24.0-255,5738,233601,13,245407
12083,0.023122,172.31.36.0-255,66,233667,13,245407
12084,0.025854,74.125.24.0-255,5738,239405,13,245407
12085,0.025863,172.31.36.0-255,66,239471,13,245407
12086,0.028578,74.125.24.0-255,2902,242373,13,245407
12087,0.028588,172.31.36.0-255,66,242439,13,245407
12088,0.028611,74.125.24.0-255,2902,245341,13,245407
12089,0.028614,172.31.36.0-255,66,245407,13,245407
12090,0.0,74.125.200.0-255,154,154,13,297101
12091,4e-05,172.31.36.0-255,66,220,13,297101
12092,4.7e-05,74.125.200.0-255,1484,1704,13,297101
12093,5e-05,172.31.36.0-255,66,1770,13,297101
12094,5.6e-05,74.125.200.0-255,2902,4672,13,297101
12095,5.9e-05,172.31.36.0-255,66,4738,13,297101
12096,7.3e-05,74.125.200.0-255,7156,11894,13,297101
12097,7.6e-05,172.31.36.0-255,66,11960,13,297101
12098,8.5e-05,74.125.200.0-255,7721,19681,13,297101
12099,8.8e-05,172.31.36.0-255,66,19747,13,297101
12100,0.000103,74.125.200.0-255,4320,24067,13,297101
12101,0.000105,172.31.36.0-255,66,24133,13,297101
12102,0.000135,74.125.200.0-255,5738,29871,13,297101
12103,0.000138,172.31.36.0-255,66,29937,13,297101
12104,0.000141,74.125.200.0-255,1125,31062,13,297101
12105,0.000143,172.31.36.0-255,66,31128,13,297101
12106,0.000263,74.125.200.0-255,1484,32612,13,297101
12107,0.000266,172.31.36.0-255,66,32678,13,297101
12108,0.00027,74.125.200.0-255,1484,34162,13,297101
12109,0.000272,172.31.36.0-255,66,34228,13,297101
12110,0.000291,74.125.200.0-255,1484,35712,13,297101
12111,0.000294,172.31.36.0-255,66,35778,13,297101
12112,0.000305,74.125.200.0-255,5738,41516,13,297101
12113,0.000308,172.31.36.0-255,66,41582,13,297101
12114,0.000316,74.125.200.0-255,6797,48379,13,297101
12115,0.000319,172.31.36.0-255,66,48445,13,297101
12116,0.000356,74.125.200.0-255,4320,52765,13,297101
12117,0.00036,172.31.36.0-255,66,52831,13,297101
12118,0.000395,74.125.200.0-255,9992,62823,13,297101
12119,0.000399,74.125.200.0-255,2543,65366,13,297101
12120,0.000401,172.31.36.0-255,66,65432,13,297101
12121,0.000405,172.31.36.0-255,66,65498,13,297101
12122,0.000428,74.125.200.0-255,678,66176,13,297101
12123,0.000597,74.125.200.0-255,1484,67660,13,297101
12124,0.000601,172.31.36.0-255,66,67726,13,297101
12125,0.000606,74.125.200.0-255,2902,70628,13,297101
12126,0.000609,172.31.36.0-255,66,70694,13,297101
12127,0.000639,74.125.200.0-255,5738,76432,13,297101
12128,0.000642,172.31.36.0-255,66,76498,13,297101
12129,0.000662,74.125.200.0-255,6247,82745,13,297101
12130,0.000665,172.31.36.0-255,66,82811,13,297101
12131,0.000732,74.125.200.0-255,1484,84295,13,297101
12132,0.000747,74.125.200.0-255,2902,87197,13,297101
12133,0.000751,172.31.36.0-255,66,87263,13,297101
12134,0.000777,74.125.200.0-255,4320,91583,13,297101
12135,0.00078,172.31.36.0-255,66,91649,13,297101
12136,0.000813,74.125.200.0-255,2902,94551,13,297101
12137,0.000816,172.31.36.0-255,66,94617,13,297101
12138,0.000851,74.125.200.0-255,4320,98937,13,297101
12139,0.000855,172.31.36.0-255,66,99003,13,297101
12140,0.000858,74.125.200.0-255,1125,100128,13,297101
12141,0.001041,74.125.200.0-255,1484,101612,13,297101
12142,0.001045,172.31.36.0-255,66,101678,13,297101
12143,0.00105,74.125.200.0-255,2902,104580,13,297101
12144,0.001052,172.31.36.0-255,66,104646,13,297101
12145,0.001056,74.125.200.0-255,1484,106130,13,297101
12146,0.001084,74.125.200.0-255,2902,109032,13,297101
12147,0.001088,172.31.36.0-255,66,109098,13,297101
12148,0.001096,74.125.200.0-255,7156,116254,13,297101
12149,0.001098,172.31.36.0-255,66,116320,13,297101
12150,0.001131,74.125.200.0-255,1484,117804,13,297101
12151,0.001141,74.125.200.0-255,9992,127796,13,297101
12152,0.001144,172.31.36.0-255,66,127862,13,297101
12153,0.001175,74.125.200.0-255,6438,134300,13,297101
12154,0.001178,172.31.36.0-255,66,134366,13,297101
12155,0.001456,74.125.200.0-255,1484,135850,13,297101
12156,0.001466,74.125.200.0-255,2902,138752,13,297101
12157,0.001471,172.31.36.0-255,66,138818,13,297101
12158,0.001511,74.125.200.0-255,1484,140302,13,297101
12159,0.001517,74.125.200.0-255,2902,143204,13,297101
12160,0.001519,172.31.36.0-255,66,143270,13,297101
12161,0.001553,74.125.200.0-255,5738,149008,13,297101
12162,0.001556,172.31.36.0-255,66,149074,13,297101
12163,0.001561,74.125.200.0-255,2902,151976,13,297101
12164,0.001564,172.31.36.0-255,66,152042,13,297101
12165,0.0016,74.125.200.0-255,7156,159198,13,297101
12166,0.001605,172.31.36.0-255,66,159264,13,297101
12167,0.001634,74.125.200.0-255,9274,168538,13,297101
12168,0.001638,172.31.36.0-255,66,168604,13,297101
12169,0.00167,74.125.200.0-255,1484,170088,13,297101
12170,0.00169,74.125.200.0-255,2902,172990,13,297101
12171,0.001694,172.31.36.0-255,66,173056,13,297101
12172,0.001721,74.125.200.0-255,5738,178794,13,297101
12173,0.001724,172.31.36.0-255,66,178860,13,297101
12174,0.00173,74.125.200.0-255,4320,183180,13,297101
12175,0.001733,172.31.36.0-255,66,183246,13,297101
12176,0.001771,74.125.200.0-255,2902,186148,13,297101
12177,0.001774,172.31.36.0-255,66,186214,13,297101
12178,0.001788,172.31.36.0-255,66,186280,13,297101
12179,0.001809,74.125.200.0-255,1484,187764,13,297101
12180,0.001813,74.125.200.0-255,2184,189948,13,297101
12181,0.001815,172.31.36.0-255,66,190014,13,297101
12182,0.001867,74.125.200.0-255,2902,192916,13,297101
12183,0.001873,172.31.36.0-255,66,192982,13,297101
12184,0.001877,74.125.200.0-255,1484,194466,13,297101
12185,0.00188,74.125.200.0-255,2902,197368,13,297101
12186,0.001883,172.31.36.0-255,66,197434,13,297101
12187,0.001892,74.125.200.0-255,2902,200336,13,297101
12188,0.001894,172.31.36.0-255,66,200402,13,297101
12189,0.001918,74.125.200.0-255,2902,203304,13,297101
12190,0.001922,172.31.36.0-255,66,203370,13,297101
12191,0.001956,172.31.36.0-255,66,203436,13,297101
12192,0.001975,74.125.200.0-255,4320,207756,13,297101
12193,0.001978,172.31.36.0-255,66,207822,13,297101
12194,0.00201,74.125.200.0-255,3602,211424,13,297101
12195,0.002019,172.31.36.0-255,66,211490,13,297101
12196,0.003935,74.125.200.0-255,1484,212974,13,297101
12197,0.003976,74.125.200.0-255,4320,217294,13,297101
12198,0.00398,172.31.36.0-255,66,217360,13,297101
12199,0.005964,74.125.200.0-255,5738,223098,13,297101
12200,0.005968,172.31.36.0-255,66,223164,13,297101
12201,0.007946,74.125.200.0-255,5738,228902,13,297101
12202,0.007953,172.31.36.0-255,66,228968,13,297101
12203,0.009928,74.125.200.0-255,5738,234706,13,297101
12204,0.00996,172.31.36.0-255,66,234772,13,297101
12205,0.011953,74.125.200.0-255,5738,240510,13,297101
12206,0.011961,172.31.36.0-255,66,240576,13,297101
12207,0.013998,74.125.200.0-255,5738,246314,13,297101
12208,0.014008,172.31.36.0-255,66,246380,13,297101
12209,0.015984,74.125.200.0-255,5738,252118,13,297101
12210,0.015992,172.31.36.0-255,66,252184,13,297101
12211,0.017978,74.125.200.0-255,5738,257922,13,297101
12212,0.017988,172.31.36.0-255,66,257988,13,297101
12213,0.019954,74.125.200.0-255,5738,263726,13,297101
12214,0.019959,172.31.36.0-255,66,263792,13,297101
12215,0.02192,74.125.200.0-255,5738,269530,13,297101
12216,0.021927,172.31.36.0-255,66,269596,13,297101
12217,0.023904,74.125.200.0-255,5738,275334,13,297101
12218,0.023911,172.31.36.0-255,66,275400,13,297101
12219,0.025885,74.125.200.0-255,5738,281138,13,297101
12220,0.025892,172.31.36.0-255,66,281204,13,297101
12221,0.027223,172.31.36.0-255,172,281376,13,297101
12222,0.027278,172.31.36.0-255,1106,282482,13,297101
12223,0.027346,172.31.36.0-255,1514,283996,13,297101
12224,0.027348,172.31.36.0-255,1299,285295,13,297101
12225,0.027865,74.125.200.0-255,5738,291033,13,297101
12226,0.027871,172.31.36.0-255,66,291099,13,297101
12227,0.02877,104.244.42.0-255,66,291165,13,297101
12228,0.028809,104.244.42.0-255,66,291231,13,297101
12229,0.028919,104.244.42.0-255,66,291297,13,297101
12230,0.029837,74.125.200.0-255,5738,297035,13,297101
12231,0.029842,172.31.36.0-255,66,297101,13,297101
12232,0.0,172.217.194.0-255,153,153,13,172590
12233,1.3e-05,172.217.194.0-255,1484,1637,13,172590
12234,2e-05,172.31.36.0-255,66,1703,13,172590
12235,2.9e-05,172.217.194.0-255,2902,4605,13,172590
12236,3.3e-05,172.31.36.0-255,66,4671,13,172590
12237,5.1e-05,172.217.194.0-255,7156,11827,13,172590
12238,5.4e-05,172.31.36.0-255,66,11893,13,172590
12239,6.9e-05,172.31.36.0-255,66,11959,13,172590
12240,0.000109,172.217.194.0-255,6797,18756,13,172590
12241,0.000113,172.31.36.0-255,66,18822,13,172590
12242,0.000813,172.217.194.0-255,1484,20306,13,172590
12243,0.000824,172.217.194.0-255,2902,23208,13,172590
12244,0.000829,172.31.36.0-255,66,23274,13,172590
12245,0.000838,172.217.194.0-255,5738,29012,13,172590
12246,0.00084,172.31.36.0-255,66,29078,13,172590
12247,0.000854,172.217.194.0-255,6797,35875,13,172590
12248,0.000857,172.31.36.0-255,66,35941,13,172590
12249,0.000864,172.217.194.0-255,7156,43097,13,172590
12250,0.000866,172.31.36.0-255,66,43163,13,172590
12251,0.000902,172.217.194.0-255,9923,53086,13,172590
12252,0.000905,172.31.36.0-255,66,53152,13,172590
12253,0.00103,172.217.194.0-255,364,53516,13,172590
12254,0.00116,172.217.194.0-255,1484,55000,13,172590
12255,0.001166,172.31.36.0-255,66,55066,13,172590
12256,0.001173,172.217.194.0-255,2902,57968,13,172590
12257,0.001177,172.31.36.0-255,66,58034,13,172590
12258,0.001186,172.217.194.0-255,2902,60936,13,172590
12259,0.001189,172.31.36.0-255,66,61002,13,172590
12260,0.001218,172.217.194.0-255,2902,63904,13,172590
12261,0.001221,172.31.36.0-255,66,63970,13,172590
12262,0.001224,172.217.194.0-255,1484,65454,13,172590
12263,0.001275,172.31.36.0-255,66,65520,13,172590
12264,0.001285,172.217.194.0-255,9633,75153,13,172590
12265,0.001293,172.31.36.0-255,66,75219,13,172590
12266,0.001527,172.217.194.0-255,1484,76703,13,172590
12267,0.001535,172.217.194.0-255,2902,79605,13,172590
12268,0.00154,172.31.36.0-255,66,79671,13,172590
12269,0.001547,172.217.194.0-255,4320,83991,13,172590
12270,0.00155,172.31.36.0-255,66,84057,13,172590
12271,0.001573,172.217.194.0-255,1484,85541,13,172590
12272,0.001582,172.217.194.0-255,7156,92697,13,172590
12273,0.001585,172.31.36.0-255,66,92763,13,172590
12274,0.001599,172.217.194.0-255,1484,94247,13,172590
12275,0.001631,172.217.194.0-255,1484,95731,13,172590
12276,0.001634,172.31.36.0-255,66,95797,13,172590
12277,0.001676,172.31.36.0-255,66,95863,13,172590
12278,0.001783,172.217.194.0-255,1484,97347,13,172590
12279,0.001788,172.217.194.0-255,2902,100249,13,172590
12280,0.00179,172.31.36.0-255,66,100315,13,172590
12281,0.001794,172.217.194.0-255,1484,101799,13,172590
12282,0.001819,172.217.194.0-255,4320,106119,13,172590
12283,0.001821,172.31.36.0-255,66,106185,13,172590
12284,0.001827,172.217.194.0-255,4320,110505,13,172590
12285,0.00183,172.31.36.0-255,66,110571,13,172590
12286,0.001858,172.217.194.0-255,5738,116309,13,172590
12287,0.00186,172.31.36.0-255,66,116375,13,172590
12288,0.001865,172.217.194.0-255,2902,119277,13,172590
12289,0.001867,172.31.36.0-255,66,119343,13,172590
12290,0.001906,172.31.36.0-255,66,119409,13,172590
12291,0.001934,172.31.36.0-255,66,119475,13,172590
12292,0.001943,172.217.194.0-255,8574,128049,13,172590
12293,0.001946,172.31.36.0-255,66,128115,13,172590
12294,0.001983,172.217.194.0-255,9274,137389,13,172590
12295,0.001986,172.31.36.0-255,66,137455,13,172590
12296,0.002,172.31.36.0-255,66,137521,13,172590
12297,0.002032,172.217.194.0-255,2902,140423,13,172590
12298,0.002034,172.31.36.0-255,66,140489,13,172590
12299,0.00205,172.31.36.0-255,66,140555,13,172590
12300,0.002059,172.217.194.0-255,10692,151247,13,172590
12301,0.002062,172.31.36.0-255,66,151313,13,172590
12302,0.002075,172.31.36.0-255,66,151379,13,172590
12303,0.002158,172.31.36.0-255,66,151445,13,172590
12304,0.002173,172.31.36.0-255,66,151511,13,172590
12305,0.002191,172.31.36.0-255,66,151577,13,172590
12306,0.002198,172.217.194.0-255,7156,158733,13,172590
12307,0.0022,172.31.36.0-255,66,158799,13,172590
12308,0.00225,172.31.36.0-255,66,158865,13,172590
12309,0.002257,172.217.194.0-255,7156,166021,13,172590
12310,0.002259,172.31.36.0-255,66,166087,13,172590
12311,0.0023,172.31.36.0-255,66,166153,13,172590
12312,0.002319,172.31.36.0-255,66,166219,13,172590
12313,0.002342,172.217.194.0-255,5020,171239,13,172590
12314,0.002344,172.31.36.0-255,66,171305,13,172590
12315,0.002348,172.217.194.0-255,943,172248,13,172590
12316,0.002351,172.217.194.0-255,105,172353,13,172590
12317,0.007928,172.31.36.0-255,66,172419,13,172590
12318,0.007966,172.31.36.0-255,105,172524,13,172590
12319,0.010257,172.217.194.0-255,66,172590,13,172590
12320,0.0,172.31.36.0-255,130,130,13,1621
12321,0.000498,172.31.36.0-255,236,366,13,1621
12322,0.000526,172.31.36.0-255,365,731,13,1621
12323,0.002563,74.125.24.0-255,630,1361,13,1621
12324,0.002733,172.31.36.0-255,97,1458,13,1621
12325,0.002816,74.125.24.0-255,97,1555,13,1621
12326,0.005224,74.125.24.0-255,66,1621,13,1621
12327,0.0,172.217.194.0-255,153,153,13,330624
12328,1.6e-05,172.217.194.0-255,1484,1637,13,330624
12329,2.5e-05,172.31.36.0-255,66,1703,13,330624
12330,3.3e-05,172.217.194.0-255,2902,4605,13,330624
12331,3.7e-05,172.31.36.0-255,66,4671,13,330624
12332,4.3e-05,172.217.194.0-255,5738,10409,13,330624
12333,4.7e-05,172.31.36.0-255,66,10475,13,330624
12334,7e-05,172.217.194.0-255,3455,13930,13,330624
12335,7.3e-05,172.31.36.0-255,66,13996,13,330624
12336,7.8e-05,172.217.194.0-255,2902,16898,13,330624
12337,8e-05,172.31.36.0-255,66,16964,13,330624
12338,0.000107,172.217.194.0-255,1484,18448,13,330624
12339,0.000117,172.217.194.0-255,9992,28440,13,330624
12340,0.000119,172.31.36.0-255,66,28506,13,330624
12341,0.000124,172.217.194.0-255,2543,31049,13,330624
12342,0.000126,172.31.36.0-255,66,31115,13,330624
12343,0.000188,172.217.194.0-255,1484,32599,13,330624
12344,0.000191,172.217.194.0-255,1484,34083,13,330624
12345,0.000194,172.31.36.0-255,66,34149,13,330624
12346,0.000208,172.217.194.0-255,1484,35633,13,330624
12347,0.00023,172.217.194.0-255,5738,41371,13,330624
12348,0.000233,172.31.36.0-255,66,41437,13,330624
12349,0.000265,172.31.36.0-255,66,41503,13,330624
12350,0.000271,172.217.194.0-255,5738,47241,13,330624
12351,0.000274,172.31.36.0-255,66,47307,13,330624
12352,0.000302,172.217.194.0-255,4215,51522,13,330624
12353,0.000305,172.31.36.0-255,66,51588,13,330624
12354,0.000308,172.217.194.0-255,431,52019,13,330624
12355,0.000774,172.217.194.0-255,1484,53503,13,330624
12356,0.000779,172.31.36.0-255,66,53569,13,330624
12357,0.000785,172.217.194.0-255,2902,56471,13,330624
12358,0.000788,172.31.36.0-255,66,56537,13,330624
12359,0.000794,172.217.194.0-255,4320,60857,13,330624
12360,0.000797,172.31.36.0-255,66,60923,13,330624
12361,0.000811,172.217.194.0-255,1484,62407,13,330624
12362,0.000829,172.217.194.0-255,4320,66727,13,330624
12363,0.000832,172.31.36.0-255,66,66793,13,330624
12364,0.000856,172.217.194.0-255,8574,75367,13,330624
12365,0.00086,172.31.36.0-255,66,75433,13,330624
12366,0.000886,172.217.194.0-255,8574,84007,13,330624
12367,0.000889,172.31.36.0-255,66,84073,13,330624
12368,0.000908,172.217.194.0-255,2184,86257,13,330624
12369,0.000911,172.31.36.0-255,66,86323,13,330624
12370,0.001111,172.217.194.0-255,1484,87807,13,330624
12371,0.001118,172.217.194.0-255,2902,90709,13,330624
12372,0.001121,172.31.36.0-255,66,90775,13,330624
12373,0.001144,172.217.194.0-255,5738,96513,13,330624
12374,0.001147,172.31.36.0-255,66,96579,13,330624
12375,0.001162,172.217.194.0-255,4320,100899,13,330624
12376,0.001164,172.31.36.0-255,66,100965,13,330624
12377,0.001188,172.217.194.0-255,8574,109539,13,330624
12378,0.001191,172.31.36.0-255,66,109605,13,330624
12379,0.001201,172.217.194.0-255,10692,120297,13,330624
12380,0.001203,172.31.36.0-255,66,120363,13,330624
12381,0.001285,172.217.194.0-255,1484,121847,13,330624
12382,0.00129,172.217.194.0-255,2902,124749,13,330624
12383,0.001295,172.31.36.0-255,66,124815,13,330624
12384,0.001306,172.217.194.0-255,4320,129135,13,330624
12385,0.00131,172.31.36.0-255,66,129201,13,330624
12386,0.001334,172.217.194.0-255,1484,130685,13,330624
12387,0.001344,172.217.194.0-255,7156,137841,13,330624
12388,0.001347,172.31.36.0-255,66,137907,13,330624
12389,0.001367,172.217.194.0-255,5738,143645,13,330624
12390,0.00137,172.31.36.0-255,66,143711,13,330624
12391,0.001396,172.217.194.0-255,9992,153703,13,330624
12392,0.001399,172.31.36.0-255,66,153769,13,330624
12393,0.001417,172.217.194.0-255,766,154535,13,330624
12394,0.001439,172.217.194.0-255,1484,156019,13,330624
12395,0.001442,172.31.36.0-255,66,156085,13,330624
12396,0.001447,172.217.194.0-255,2902,158987,13,330624
12397,0.001449,172.31.36.0-255,66,159053,13,330624
12398,0.001453,172.217.194.0-255,1484,160537,13,330624
12399,0.001477,172.217.194.0-255,4320,164857,13,330624
12400,0.00148,172.31.36.0-255,66,164923,13,330624
12401,0.001494,172.31.36.0-255,66,164989,13,330624
12402,0.001499,172.217.194.0-255,4320,169309,13,330624
12403,0.001501,172.31.36.0-255,66,169375,13,330624
12404,0.001545,172.217.194.0-255,6438,175813,13,330624
12405,0.001548,172.31.36.0-255,66,175879,13,330624
12406,0.001835,172.217.194.0-255,1484,177363,13,330624
12407,0.001841,172.217.194.0-255,2902,180265,13,330624
12408,0.001844,172.31.36.0-255,66,180331,13,330624
12409,0.001851,172.217.194.0-255,5738,186069,13,330624
12410,0.001854,172.31.36.0-255,66,186135,13,330624
12411,0.001874,172.217.194.0-255,2902,189037,13,330624
12412,0.001876,172.31.36.0-255,66,189103,13,330624
12413,0.001896,172.217.194.0-255,9992,199095,13,330624
12414,0.001899,172.31.36.0-255,66,199161,13,330624
12415,0.001909,172.217.194.0-255,10692,209853,13,330624
12416,0.001911,172.31.36.0-255,66,209919,13,330624
12417,0.001955,172.217.194.0-255,5738,215657,13,330624
12418,0.001957,172.31.36.0-255,66,215723,13,330624
12419,0.001982,172.217.194.0-255,5738,221461,13,330624
12420,0.001984,172.31.36.0-255,66,221527,13,330624
12421,0.002017,172.31.36.0-255,66,221593,13,330624
12422,0.002026,172.217.194.0-255,9274,230867,13,330624
12423,0.002029,172.31.36.0-255,66,230933,13,330624
12424,0.002076,172.217.194.0-255,1484,232417,13,330624
12425,0.002082,172.217.194.0-255,2902,235319,13,330624
12426,0.002085,172.31.36.0-255,66,235385,13,330624
12427,0.002091,172.217.194.0-255,5738,241123,13,330624
12428,0.002094,172.31.36.0-255,66,241189,13,330624
12429,0.002108,172.31.36.0-255,66,241255,13,330624
12430,0.002114,172.217.194.0-255,5738,246993,13,330624
12431,0.002117,172.31.36.0-255,66,247059,13,330624
12432,0.002143,172.217.194.0-255,2902,249961,13,330624
12433,0.002147,172.31.36.0-255,66,250027,13,330624
12434,0.002152,172.217.194.0-255,2184,252211,13,330624
12435,0.002155,172.31.36.0-255,66,252277,13,330624
12436,0.002173,172.217.194.0-255,2902,255179,13,330624
12437,0.002176,172.31.36.0-255,66,255245,13,330624
12438,0.002182,172.217.194.0-255,4320,259565,13,330624
12439,0.002185,172.31.36.0-255,66,259631,13,330624
12440,0.002203,172.217.194.0-255,2902,262533,13,330624
12441,0.002206,172.31.36.0-255,66,262599,13,330624
12442,0.002212,172.217.194.0-255,4320,266919,13,330624
12443,0.002214,172.31.36.0-255,66,266985,13,330624
12444,0.00224,172.217.194.0-255,9992,276977,13,330624
12445,0.002244,172.31.36.0-255,66,277043,13,330624
12446,0.002268,172.217.194.0-255,9274,286317,13,330624
12447,0.002273,172.31.36.0-255,66,286383,13,330624
12448,0.002325,172.217.194.0-255,1484,287867,13,330624
12449,0.002349,172.217.194.0-255,2902,290769,13,330624
12450,0.002355,172.217.194.0-255,5738,296507,13,330624
12451,0.002357,172.217.194.0-255,1484,297991,13,330624
12452,0.002359,172.217.194.0-255,1484,299475,13,330624
12453,0.002365,172.217.194.0-255,4320,303795,13,330624
12454,0.00237,172.31.36.0-255,66,303861,13,330624
12455,0.002374,172.31.36.0-255,66,303927,13,330624
12456,0.002377,172.31.36.0-255,66,303993,13,330624
12457,0.00238,172.31.36.0-255,66,304059,13,330624
12458,0.002398,172.217.194.0-255,9992,314051,13,330624
12459,0.002401,172.31.36.0-255,66,314117,13,330624
12460,0.002406,172.217.194.0-255,4320,318437,13,330624
12461,0.002409,172.31.36.0-255,66,318503,13,330624
12462,0.002414,172.217.194.0-255,3602,322105,13,330624
12463,0.002417,172.31.36.0-255,66,322171,13,330624
12464,0.002421,172.217.194.0-255,1484,323655,13,330624
12465,0.002424,172.217.194.0-255,1484,325139,13,330624
12466,0.002426,172.31.36.0-255,66,325205,13,330624
12467,0.002453,172.217.194.0-255,5077,330282,13,330624
12468,0.002455,172.31.36.0-255,66,330348,13,330624
12469,0.002483,172.217.194.0-255,105,330453,13,330624
12470,0.009892,172.31.36.0-255,105,330558,13,330624
12471,0.012168,172.217.194.0-255,66,330624,13,330624
12472,0.0,172.217.194.0-255,153,153,13,131511
12473,2.3e-05,172.31.36.0-255,66,219,13,131511
12474,3.1e-05,172.217.194.0-255,1484,1703,13,131511
12475,3.6e-05,172.31.36.0-255,66,1769,13,131511
12476,4.2e-05,172.217.194.0-255,2902,4671,13,131511
12477,5.4e-05,172.31.36.0-255,66,4737,13,131511
12478,6.3e-05,172.217.194.0-255,7156,11893,13,131511
12479,6.6e-05,172.31.36.0-255,66,11959,13,131511
12480,0.000117,172.217.194.0-255,4922,16881,13,131511
12481,0.000121,172.31.36.0-255,66,16947,13,131511
12482,0.000146,172.217.194.0-255,1484,18431,13,131511
12483,0.000148,172.31.36.0-255,66,18497,13,131511
12484,0.000178,172.217.194.0-255,4320,22817,13,131511
12485,0.000181,172.31.36.0-255,66,22883,13,131511
12486,0.000213,172.217.194.0-255,5738,28621,13,131511
12487,0.000215,172.31.36.0-255,66,28687,13,131511
12488,0.000281,172.217.194.0-255,4320,33007,13,131511
12489,0.000285,172.31.36.0-255,66,33073,13,131511
12490,0.000318,172.217.194.0-255,8574,41647,13,131511
12491,0.000321,172.31.36.0-255,66,41713,13,131511
12492,0.000401,172.217.194.0-255,1484,43197,13,131511
12493,0.000405,172.31.36.0-255,66,43263,13,131511
12494,0.00041,172.217.194.0-255,2902,46165,13,131511
12495,0.000412,172.31.36.0-255,66,46231,13,131511
12496,0.000442,172.217.194.0-255,2184,48415,13,131511
12497,0.000445,172.31.36.0-255,66,48481,13,131511
12498,0.003019,172.217.194.0-255,1484,49965,13,131511
12499,0.003035,172.31.36.0-255,66,50031,13,131511
12500,0.003046,172.217.194.0-255,2902,52933,13,131511
12501,0.003056,172.31.36.0-255,66,52999,13,131511
12502,0.003061,172.217.194.0-255,1484,54483,13,131511
12503,0.003063,172.31.36.0-255,66,54549,13,131511
12504,0.005,172.217.194.0-255,1484,56033,13,131511
12505,0.005045,172.217.194.0-255,2902,58935,13,131511
12506,0.005052,172.31.36.0-255,66,59001,13,131511
12507,0.005079,172.217.194.0-255,1484,60485,13,131511
12508,0.007043,172.217.194.0-255,4320,64805,13,131511
12509,0.007074,172.31.36.0-255,66,64871,13,131511
12510,0.009076,172.217.194.0-255,5738,70609,13,131511
12511,0.009139,172.31.36.0-255,66,70675,13,131511
12512,0.011171,172.217.194.0-255,5738,76413,13,131511
12513,0.011187,172.31.36.0-255,66,76479,13,131511
12514,0.013218,172.217.194.0-255,5738,82217,13,131511
12515,0.013234,172.31.36.0-255,66,82283,13,131511
12516,0.015216,172.217.194.0-255,5738,88021,13,131511
12517,0.015227,172.31.36.0-255,66,88087,13,131511
12518,0.017197,172.217.194.0-255,5738,93825,13,131511
12519,0.017207,172.31.36.0-255,66,93891,13,131511
12520,0.019214,172.217.194.0-255,5738,99629,13,131511
12521,0.019225,172.31.36.0-255,66,99695,13,131511
12522,0.021205,172.217.194.0-255,5738,105433,13,131511
12523,0.021218,172.31.36.0-255,66,105499,13,131511
12524,0.023242,172.217.194.0-255,5738,111237,13,131511
12525,0.023255,172.31.36.0-255,66,111303,13,131511
12526,0.02526,172.217.194.0-255,5738,117041,13,131511
12527,0.025272,172.31.36.0-255,66,117107,13,131511
12528,0.027273,172.217.194.0-255,5738,122845,13,131511
12529,0.027285,172.31.36.0-255,66,122911,13,131511
12530,0.029307,172.217.194.0-255,5738,128649,13,131511
12531,0.029315,172.31.36.0-255,66,128715,13,131511
12532,0.029905,172.31.36.0-255,172,128887,13,131511
12533,0.02994,172.31.36.0-255,1110,129997,13,131511
12534,0.029998,172.31.36.0-255,1514,131511,13,131511
12535,0.0,74.125.68.0-255,298,298,13,376649
12536,2.8e-05,172.31.36.0-255,66,364,13,376649
12537,3.4e-05,74.125.68.0-255,1484,1848,13,376649
12538,3.8e-05,172.31.36.0-255,66,1914,13,376649
12539,4.4e-05,74.125.68.0-255,4320,6234,13,376649
12540,4.6e-05,172.31.36.0-255,66,6300,13,376649
12541,9e-05,74.125.68.0-255,5738,12038,13,376649
12542,9.3e-05,172.31.36.0-255,66,12104,13,376649
12543,9.8e-05,74.125.68.0-255,1814,13918,13,376649
12544,9.9e-05,172.31.36.0-255,66,13984,13,376649
12545,0.000104,74.125.68.0-255,2902,16886,13,376649
12546,0.000105,172.31.36.0-255,66,16952,13,376649
12547,0.000148,74.125.68.0-255,7156,24108,13,376649
12548,0.000151,172.31.36.0-255,66,24174,13,376649
12549,0.000156,74.125.68.0-255,2902,27076,13,376649
12550,0.000157,172.31.36.0-255,66,27142,13,376649
12551,0.000168,74.125.68.0-255,3961,31103,13,376649
12552,0.00017,172.31.36.0-255,66,31169,13,376649
12553,0.000246,74.125.68.0-255,1484,32653,13,376649
12554,0.000249,172.31.36.0-255,66,32719,13,376649
12555,0.000253,74.125.68.0-255,1484,34203,13,376649
12556,0.000255,172.31.36.0-255,66,34269,13,376649
12557,0.000281,74.125.68.0-255,1484,35753,13,376649
12558,0.000284,172.31.36.0-255,66,35819,13,376649
12559,0.000291,74.125.68.0-255,5738,41557,13,376649
12560,0.000299,172.31.36.0-255,66,41623,13,376649
12561,0.000306,74.125.68.0-255,6797,48420,13,376649
12562,0.000309,172.31.36.0-255,66,48486,13,376649
12563,0.000744,74.125.68.0-255,1484,49970,13,376649
12564,0.000749,172.31.36.0-255,66,50036,13,376649
12565,0.000757,74.125.68.0-255,1484,51520,13,376649
12566,0.000759,172.31.36.0-255,66,51586,13,376649
12567,0.000763,74.125.68.0-255,2902,54488,13,376649
12568,0.000788,172.31.36.0-255,66,54554,13,376649
12569,0.000796,74.125.68.0-255,5738,60292,13,376649
12570,0.000799,172.31.36.0-255,66,60358,13,376649
12571,0.000803,74.125.68.0-255,2902,63260,13,376649
12572,0.000805,172.31.36.0-255,66,63326,13,376649
12573,0.000834,74.125.68.0-255,2543,65869,13,376649
12574,0.000843,172.31.36.0-255,66,65935,13,376649
12575,0.000847,74.125.68.0-255,412,66347,13,376649
12576,0.00105,172.31.36.0-255,66,66413,13,376649
12577,0.001231,74.125.68.0-255,1484,67897,13,376649
12578,0.00124,74.125.68.0-255,2902,70799,13,376649
12579,0.001244,172.31.36.0-255,66,70865,13,376649
12580,0.00128,74.125.68.0-255,4320,75185,13,376649
12581,0.001283,172.31.36.0-255,66,75251,13,376649
12582,0.001289,74.125.68.0-255,5738,80989,13,376649
12583,0.001291,172.31.36.0-255,66,81055,13,376649
12584,0.001323,74.125.68.0-255,9992,91047,13,376649
12585,0.001325,172.31.36.0-255,66,91113,13,376649
12586,0.001352,74.125.68.0-255,1484,92597,13,376649
12587,0.001379,74.125.68.0-255,8121,100718,13,376649
12588,0.001383,172.31.36.0-255,66,100784,13,376649
12589,0.001579,172.31.36.0-255,101,100885,13,376649
12590,0.001896,74.125.68.0-255,1484,102369,13,376649
12591,0.001906,74.125.68.0-255,2902,105271,13,376649
12592,0.001909,172.31.36.0-255,66,105337,13,376649
12593,0.001942,74.125.68.0-255,4320,109657,13,376649
12594,0.001944,172.31.36.0-255,66,109723,13,376649
12595,0.001974,74.125.68.0-255,8574,118297,13,376649
12596,0.001976,172.31.36.0-255,66,118363,13,376649
12597,0.002002,74.125.68.0-255,2902,121265,13,376649
12598,0.002004,172.31.36.0-255,66,121331,13,376649
12599,0.002033,74.125.68.0-255,7156,128487,13,376649
12600,0.002036,172.31.36.0-255,66,128553,13,376649
12601,0.002039,74.125.68.0-255,1484,130037,13,376649
12602,0.002072,74.125.68.0-255,2902,132939,13,376649
12603,0.002075,172.31.36.0-255,66,133005,13,376649
12604,0.00209,74.125.68.0-255,2184,135189,13,376649
12605,0.002092,172.31.36.0-255,66,135255,13,376649
12606,0.002263,74.125.68.0-255,1484,136739,13,376649
12607,0.002266,74.125.68.0-255,1484,138223,13,376649
12608,0.002271,172.31.36.0-255,66,138289,13,376649
12609,0.002298,74.125.68.0-255,2902,141191,13,376649
12610,0.0023,172.31.36.0-255,66,141257,13,376649
12611,0.002331,74.125.68.0-255,5738,146995,13,376649
12612,0.002334,172.31.36.0-255,66,147061,13,376649
12613,0.002366,74.125.68.0-255,7156,154217,13,376649
12614,0.002369,172.31.36.0-255,66,154283,13,376649
12615,0.002374,74.125.68.0-255,4320,158603,13,376649
12616,0.002375,172.31.36.0-255,66,158669,13,376649
12617,0.002419,74.125.68.0-255,5738,164407,13,376649
12618,0.002421,172.31.36.0-255,66,164473,13,376649
12619,0.002425,74.125.68.0-255,1484,165957,13,376649
12620,0.002428,74.125.68.0-255,1484,167441,13,376649
12621,0.00243,172.31.36.0-255,66,167507,13,376649
12622,0.002453,74.125.68.0-255,1484,168991,13,376649
12623,0.002457,74.125.68.0-255,766,169757,13,376649
12624,0.002458,172.31.36.0-255,66,169823,13,376649
12625,0.002661,74.125.68.0-255,1484,171307,13,376649
12626,0.002679,74.125.68.0-255,1484,172791,13,376649
12627,0.002682,172.31.36.0-255,66,172857,13,376649
12628,0.00271,74.125.68.0-255,2902,175759,13,376649
12629,0.002713,172.31.36.0-255,66,175825,13,376649
12630,0.002745,74.125.68.0-255,5738,181563,13,376649
12631,0.002747,172.31.36.0-255,66,181629,13,376649
12632,0.002751,74.125.68.0-255,1484,183113,13,376649
12633,0.002777,74.125.68.0-255,5738,188851,13,376649
12634,0.00278,172.31.36.0-255,66,188917,13,376649
12635,0.002784,74.125.68.0-255,2902,191819,13,376649
12636,0.002786,172.31.36.0-255,66,191885,13,376649
12637,0.002807,74.125.68.0-255,4320,196205,13,376649
12638,0.002811,172.31.36.0-255,66,196271,13,376649
12639,0.002846,74.125.68.0-255,7156,203427,13,376649
12640,0.00285,172.31.36.0-255,66,203493,13,376649
12641,0.002876,74.125.68.0-255,1484,204977,13,376649
12642,0.002893,74.125.68.0-255,3602,208579,13,376649
12643,0.002895,172.31.36.0-255,66,208645,13,376649
12644,0.002898,74.125.68.0-255,1484,210129,13,376649
12645,0.002922,74.125.68.0-255,4320,214449,13,376649
12646,0.002924,172.31.36.0-255,66,214515,13,376649
12647,0.002955,74.125.68.0-255,2902,217417,13,376649
12648,0.002957,172.31.36.0-255,66,217483,13,376649
12649,0.00299,74.125.68.0-255,2902,220385,13,376649
12650,0.002993,172.31.36.0-255,66,220451,13,376649
12651,0.002999,74.125.68.0-255,7156,227607,13,376649
12652,0.003001,172.31.36.0-255,66,227673,13,376649
12653,0.003009,74.125.68.0-255,2902,230575,13,376649
12654,0.003011,172.31.36.0-255,66,230641,13,376649
12655,0.003016,74.125.68.0-255,4320,234961,13,376649
12656,0.003018,172.31.36.0-255,66,235027,13,376649
12657,0.003045,74.125.68.0-255,3602,238629,13,376649
12658,0.003052,172.31.36.0-255,66,238695,13,376649
12659,0.003409,74.125.68.0-255,1484,240179,13,376649
12660,0.003441,74.125.68.0-255,2902,243081,13,376649
12661,0.003444,172.31.36.0-255,66,243147,13,376649
12662,0.003451,74.125.68.0-255,5738,248885,13,376649
12663,0.003452,172.31.36.0-255,66,248951,13,376649
12664,0.003468,74.125.68.0-255,4320,253271,13,376649
12665,0.003471,172.31.36.0-255,66,253337,13,376649
12666,0.003476,74.125.68.0-255,4320,257657,13,376649
12667,0.003478,172.31.36.0-255,66,257723,13,376649
12668,0.003504,74.125.68.0-255,1484,259207,13,376649
12669,0.00351,74.125.68.0-255,5738,264945,13,376649
12670,0.003512,172.31.36.0-255,66,265011,13,376649
12671,0.003535,74.125.68.0-255,2902,267913,13,376649
12672,0.003537,172.31.36.0-255,66,267979,13,376649
12673,0.003574,74.125.68.0-255,5020,272999,13,376649
12674,0.003576,172.31.36.0-255,66,273065,13,376649
12675,0.003658,74.125.68.0-255,1484,274549,13,376649
12676,0.00368,74.125.68.0-255,2902,277451,13,376649
12677,0.003683,172.31.36.0-255,66,277517,13,376649
12678,0.003724,74.125.68.0-255,5738,283255,13,376649
12679,0.003726,172.31.36.0-255,66,283321,13,376649
12680,0.003731,74.125.68.0-255,2902,286223,13,376649
12681,0.003733,172.31.36.0-255,66,286289,13,376649
12682,0.00376,74.125.68.0-255,2902,289191,13,376649
12683,0.003764,172.31.36.0-255,66,289257,13,376649
12684,0.003768,74.125.68.0-255,2902,292159,13,376649
12685,0.00377,172.31.36.0-255,66,292225,13,376649
12686,0.003798,74.125.68.0-255,4320,296545,13,376649
12687,0.003801,172.31.36.0-255,66,296611,13,376649
12688,0.003808,74.125.68.0-255,8574,305185,13,376649
12689,0.003811,172.31.36.0-255,66,305251,13,376649
12690,0.003831,74.125.68.0-255,1484,306735,13,376649
12691,0.00386,74.125.68.0-255,5020,311755,13,376649
12692,0.003863,172.31.36.0-255,66,311821,13,376649
12693,0.003869,74.125.68.0-255,7156,318977,13,376649
12694,0.003872,172.31.36.0-255,66,319043,13,376649
12695,0.003874,74.125.68.0-255,1484,320527,13,376649
12696,0.003916,172.31.36.0-255,66,320593,13,376649
12697,0.003943,74.125.68.0-255,1484,322077,13,376649
12698,0.003961,74.125.68.0-255,7856,329933,13,376649
12699,0.003965,172.31.36.0-255,66,329999,13,376649
12700,0.003968,74.125.68.0-255,66,330065,13,376649
12701,0.003999,74.125.68.0-255,8574,338639,13,376649
12702,0.004001,172.31.36.0-255,66,338705,13,376649
12703,0.00402,74.125.68.0-255,1484,340189,13,376649
12704,0.004036,74.125.68.0-255,2902,343091,13,376649
12705,0.004039,172.31.36.0-255,66,343157,13,376649
12706,0.004069,74.125.68.0-255,8574,351731,13,376649
12707,0.004072,172.31.36.0-255,66,351797,13,376649
12708,0.004078,74.125.68.0-255,5738,357535,13,376649
12709,0.004081,172.31.36.0-255,66,357601,13,376649
12710,0.004099,74.125.68.0-255,2902,360503,13,376649
12711,0.004101,172.31.36.0-255,66,360569,13,376649
12712,0.004111,74.125.68.0-255,3602,364171,13,376649
12713,0.004113,172.31.36.0-255,66,364237,13,376649
12714,0.004118,74.125.68.0-255,4320,368557,13,376649
12715,0.004121,172.31.36.0-255,66,368623,13,376649
12716,0.004151,74.125.68.0-255,2902,371525,13,376649
12717,0.004154,172.31.36.0-255,66,371591,13,376649
12718,0.00418,74.125.68.0-255,2902,374493,13,376649
12719,0.004183,172.31.36.0-255,66,374559,13,376649
12720,0.004187,74.125.68.0-255,1748,376307,13,376649
12721,0.004189,172.31.36.0-255,66,376373,13,376649
12722,0.004237,74.125.68.0-255,105,376478,13,376649
12723,0.013425,172.31.36.0-255,105,376583,13,376649
12724,0.020369,74.125.68.0-255,66,376649,13,376649
12725,0.0,172.217.194.0-255,226,226,13,95799
12726,2.9e-05,172.217.194.0-255,1484,1710,13,95799
12727,3.6e-05,172.31.36.0-255,66,1776,13,95799
12728,7.7e-05,172.217.194.0-255,4320,6096,13,95799
12729,8.1e-05,172.31.36.0-255,66,6162,13,95799
12730,0.000243,172.217.194.0-255,5738,11900,13,95799
12731,0.000248,172.31.36.0-255,66,11966,13,95799
12732,0.000501,172.217.194.0-255,8574,20540,13,95799
12733,0.000507,172.31.36.0-255,66,20606,13,95799
12734,0.000539,172.217.194.0-255,3457,24063,13,95799
12735,0.001026,172.217.194.0-255,6797,30860,13,95799
12736,0.001328,172.217.194.0-255,8574,39434,13,95799
12737,0.00227,172.217.194.0-255,9992,49426,13,95799
12738,0.002775,172.217.194.0-255,9992,59418,13,95799
12739,0.003416,172.31.36.0-255,66,59484,13,95799
12740,0.003923,172.31.36.0-255,66,59550,13,95799
12741,0.005783,172.217.194.0-255,4320,63870,13,95799
12742,0.005839,172.217.194.0-255,1696,65566,13,95799
12743,0.006254,172.217.194.0-255,6944,72510,13,95799
12744,0.006361,172.217.194.0-255,5738,78248,13,95799
12745,0.007466,172.31.36.0-255,66,78314,13,95799
12746,0.009792,172.31.36.0-255,66,78380,13,95799
12747,0.009857,172.217.194.0-255,4320,82700,13,95799
12748,0.00986,172.31.36.0-255,66,82766,13,95799
12749,0.009902,172.31.36.0-255,66,82832,13,95799
12750,0.010367,172.31.36.0-255,66,82898,13,95799
12751,0.010439,172.31.36.0-255,66,82964,13,95799
12752,0.010871,172.217.194.0-255,7156,90120,13,95799
12753,0.010876,172.31.36.0-255,66,90186,13,95799
12754,0.010909,172.217.194.0-255,5046,95232,13,95799
12755,0.010912,172.31.36.0-255,66,95298,13,95799
12756,0.012111,172.31.36.0-255,66,95364,13,95799
12757,0.012158,172.31.36.0-255,66,95430,13,95799
12758,0.012336,172.31.36.0-255,66,95496,13,95799
12759,0.012384,172.31.36.0-255,66,95562,13,95799
12760,0.01287,172.31.36.0-255,66,95628,13,95799
12761,0.013698,172.31.36.0-255,105,95733,13,95799
12762,0.015916,172.217.194.0-255,66,95799,13,95799
12763,0.0,172.217.194.0-255,153,153,13,244682
12764,3.1e-05,172.217.194.0-255,1484,1637,13,244682
12765,4.3e-05,172.31.36.0-255,66,1703,13,244682
12766,5.2e-05,172.217.194.0-255,2902,4605,13,244682
12767,5.9e-05,172.217.194.0-255,5738,10343,13,244682
12768,7.8e-05,172.217.194.0-255,10546,20889,13,244682
12769,8.7e-05,172.217.194.0-255,9633,30522,13,244682
12770,0.000119,172.217.194.0-255,5738,36260,13,244682
12771,0.000141,172.217.194.0-255,4320,40580,13,244682
12772,0.000144,172.217.194.0-255,1484,42064,13,244682
12773,0.000182,172.217.194.0-255,5379,47443,13,244682
12774,0.000206,172.217.194.0-255,5738,53181,13,244682
12775,0.000242,172.217.194.0-255,7156,60337,13,244682
12776,0.000259,172.217.194.0-255,3961,64298,13,244682
12777,0.000328,172.217.194.0-255,646,64944,13,244682
12778,0.000662,172.217.194.0-255,1484,66428,13,244682
12779,0.000669,172.217.194.0-255,2902,69330,13,244682
12780,0.000673,172.217.194.0-255,2902,72232,13,244682
12781,0.000688,172.31.36.0-255,66,72298,13,244682
12782,0.000698,172.217.194.0-255,2902,75200,13,244682
12783,0.000705,172.217.194.0-255,7156,82356,13,244682
12784,0.000713,172.217.194.0-255,2902,85258,13,244682
12785,0.000722,172.31.36.0-255,66,85324,13,244682
12786,0.000745,172.217.194.0-255,2184,87508,13,244682
12787,0.000876,172.217.194.0-255,1484,88992,13,244682
12788,0.000882,172.217.194.0-255,2902,91894,13,244682
12789,0.000887,172.217.194.0-255,2902,94796,13,244682
12790,0.000898,172.217.194.0-255,2902,97698,13,244682
12791,0.000915,172.217.194.0-255,5738,103436,13,244682
12792,0.000931,172.217.194.0-255,7156,110592,13,244682
12793,0.000949,172.217.194.0-255,7156,117748,13,244682
12794,0.000963,172.217.194.0-255,3602,121350,13,244682
12795,0.001004,172.217.194.0-255,9992,131342,13,244682
12796,0.001028,172.217.194.0-255,1484,132826,13,244682
12797,0.001061,172.217.194.0-255,2902,135728,13,244682
12798,0.001079,172.217.194.0-255,6438,142166,13,244682
12799,0.001091,172.31.36.0-255,66,142232,13,244682
12800,0.001147,172.217.194.0-255,5738,147970,13,244682
12801,0.001154,172.31.36.0-255,66,148036,13,244682
12802,0.001183,172.217.194.0-255,4320,152356,13,244682
12803,0.001255,172.217.194.0-255,5020,157376,13,244682
12804,0.001265,172.31.36.0-255,66,157442,13,244682
12805,0.001517,172.217.194.0-255,1484,158926,13,244682
12806,0.001524,172.217.194.0-255,2902,161828,13,244682
12807,0.001527,172.217.194.0-255,1484,163312,13,244682
12808,0.001539,172.217.194.0-255,4320,167632,13,244682
12809,0.001544,172.31.36.0-255,66,167698,13,244682
12810,0.001549,172.31.36.0-255,66,167764,13,244682
12811,0.001633,172.217.194.0-255,9992,177756,13,244682
12812,0.001645,172.217.194.0-255,2184,179940,13,244682
12813,0.001649,172.31.36.0-255,66,180006,13,244682
12814,0.001656,172.31.36.0-255,66,180072,13,244682
12815,0.001663,172.217.194.0-255,1484,181556,13,244682
12816,0.001672,172.217.194.0-255,2902,184458,13,244682
12817,0.001676,172.217.194.0-255,1484,185942,13,244682
12818,0.001704,172.217.194.0-255,4320,190262,13,244682
12819,0.001734,172.31.36.0-255,66,190328,13,244682
12820,0.001766,172.31.36.0-255,66,190394,13,244682
12821,0.001777,172.217.194.0-255,1484,191878,13,244682
12822,0.001787,172.217.194.0-255,2902,194780,13,244682
12823,0.001809,172.217.194.0-255,5738,200518,13,244682
12824,0.001815,172.217.194.0-255,2902,203420,13,244682
12825,0.001839,172.31.36.0-255,66,203486,13,244682
12826,0.001846,172.217.194.0-255,4320,207806,13,244682
12827,0.001895,172.217.194.0-255,9992,217798,13,244682
12828,0.001903,172.217.194.0-255,6438,224236,13,244682
12829,0.001906,172.31.36.0-255,66,224302,13,244682
12830,0.001966,172.217.194.0-255,10692,234994,13,244682
12831,0.002029,172.217.194.0-255,9346,244340,13,244682
12832,0.002033,172.217.194.0-255,105,244445,13,244682
12833,0.002049,172.31.36.0-255,66,244511,13,244682
12834,0.00901,172.31.36.0-255,105,244616,13,244682
12835,0.011563,172.217.194.0-255,66,244682,13,244682
12836,0.0,172.217.194.0-255,156,156,13,195890
12837,2.3e-05,172.31.36.0-255,66,222,13,195890
12838,3e-05,172.217.194.0-255,1484,1706,13,195890
12839,3.4e-05,172.31.36.0-255,66,1772,13,195890
12840,4.9e-05,172.217.194.0-255,2902,4674,13,195890
12841,5.3e-05,172.31.36.0-255,66,4740,13,195890
12842,6.1e-05,172.217.194.0-255,7156,11896,13,195890
12843,6.5e-05,172.31.36.0-255,66,11962,13,195890
12844,6.9e-05,172.217.194.0-255,2046,14008,13,195890
12845,7.2e-05,172.31.36.0-255,66,14074,13,195890
12846,0.000133,172.217.194.0-255,1484,15558,13,195890
12847,0.000136,172.31.36.0-255,66,15624,13,195890
12848,0.000141,172.217.194.0-255,2902,18526,13,195890
12849,0.000144,172.31.36.0-255,66,18592,13,195890
12850,0.00015,172.217.194.0-255,4320,22912,13,195890
12851,0.000157,172.31.36.0-255,66,22978,13,195890
12852,0.000189,172.217.194.0-255,1484,24462,13,195890
12853,0.000192,172.31.36.0-255,66,24528,13,195890
12854,0.000201,172.217.194.0-255,8215,32743,13,195890
12855,0.000209,172.31.36.0-255,66,32809,13,195890
12856,0.000218,172.217.194.0-255,8574,41383,13,195890
12857,0.00022,172.31.36.0-255,66,41449,13,195890
12858,0.000258,172.217.194.0-255,6797,48246,13,195890
12859,0.000261,172.31.36.0-255,66,48312,13,195890
12860,0.000287,172.217.194.0-255,1484,49796,13,195890
12861,0.000289,172.31.36.0-255,66,49862,13,195890
12862,0.000294,172.217.194.0-255,2902,52764,13,195890
12863,0.000296,172.31.36.0-255,66,52830,13,195890
12864,0.000303,172.217.194.0-255,5738,58568,13,195890
12865,0.00031,172.31.36.0-255,66,58634,13,195890
12866,0.000342,172.217.194.0-255,6797,65431,13,195890
12867,0.000344,172.31.36.0-255,66,65497,13,195890
12868,0.000367,172.217.194.0-255,366,65863,13,195890
12869,0.000419,172.217.194.0-255,377,66240,13,195890
12870,0.000838,172.217.194.0-255,1484,67724,13,195890
12871,0.000844,172.31.36.0-255,66,67790,13,195890
12872,0.000851,172.217.194.0-255,2902,70692,13,195890
12873,0.000853,172.31.36.0-255,66,70758,13,195890
12874,0.000872,172.217.194.0-255,4320,75078,13,195890
12875,0.000875,172.31.36.0-255,66,75144,13,195890
12876,0.000886,172.217.194.0-255,1484,76628,13,195890
12877,0.000905,172.31.36.0-255,66,76694,13,195890
12878,0.000916,172.217.194.0-255,10692,87386,13,195890
12879,0.000919,172.31.36.0-255,66,87452,13,195890
12880,0.001682,172.217.194.0-255,1484,88936,13,195890
12881,0.001693,172.217.194.0-255,2902,91838,13,195890
12882,0.001698,172.31.36.0-255,66,91904,13,195890
12883,0.001706,172.217.194.0-255,5738,97642,13,195890
12884,0.001708,172.31.36.0-255,66,97708,13,195890
12885,0.001718,172.217.194.0-255,4320,102028,13,195890
12886,0.001721,172.31.36.0-255,66,102094,13,195890
12887,0.001727,172.217.194.0-255,4320,106414,13,195890
12888,0.00173,172.31.36.0-255,66,106480,13,195890
12889,0.001763,172.217.194.0-255,7156,113636,13,195890
12890,0.00177,172.31.36.0-255,66,113702,13,195890
12891,0.00178,172.217.194.0-255,7856,121558,13,195890
12892,0.001782,172.31.36.0-255,66,121624,13,195890
12893,0.002311,172.217.194.0-255,1484,123108,13,195890
12894,0.002331,172.217.194.0-255,1484,124592,13,195890
12895,0.002336,172.31.36.0-255,66,124658,13,195890
12896,0.004052,172.217.194.0-255,2902,127560,13,195890
12897,0.004059,172.31.36.0-255,66,127626,13,195890
12898,0.004614,172.217.194.0-255,2902,130528,13,195890
12899,0.004616,172.31.36.0-255,66,130594,13,195890
12900,0.006348,172.217.194.0-255,2902,133496,13,195890
12901,0.006356,172.31.36.0-255,66,133562,13,195890
12902,0.006895,172.217.194.0-255,2902,136464,13,195890
12903,0.006901,172.31.36.0-255,66,136530,13,195890
12904,0.008628,172.217.194.0-255,2902,139432,13,195890
12905,0.008634,172.31.36.0-255,66,139498,13,195890
12906,0.009186,172.217.194.0-255,2902,142400,13,195890
12907,0.009193,172.31.36.0-255,66,142466,13,195890
12908,0.010904,172.217.194.0-255,2902,145368,13,195890
12909,0.010913,172.31.36.0-255,66,145434,13,195890
12910,0.011477,172.217.194.0-255,2902,148336,13,195890
12911,0.011484,172.31.36.0-255,66,148402,13,195890
12912,0.013173,172.217.194.0-255,2902,151304,13,195890
12913,0.013181,172.31.36.0-255,66,151370,13,195890
12914,0.013769,172.217.194.0-255,2902,154272,13,195890
12915,0.013776,172.31.36.0-255,66,154338,13,195890
12916,0.015433,172.217.194.0-255,2902,157240,13,195890
12917,0.015441,172.31.36.0-255,66,157306,13,195890
12918,0.016061,172.217.194.0-255,2902,160208,13,195890
12919,0.016068,172.31.36.0-255,66,160274,13,195890
12920,0.017732,172.217.194.0-255,2902,163176,13,195890
12921,0.01774,172.31.36.0-255,66,163242,13,195890
12922,0.018321,172.217.194.0-255,2902,166144,13,195890
12923,0.018327,172.31.36.0-255,66,166210,13,195890
12924,0.020035,172.217.194.0-255,2902,169112,13,195890
12925,0.020043,172.31.36.0-255,66,169178,13,195890
12926,0.020601,172.217.194.0-255,2902,172080,13,195890
12927,0.020608,172.31.36.0-255,66,172146,13,195890
12928,0.022332,172.217.194.0-255,2902,175048,13,195890
12929,0.022341,172.31.36.0-255,66,175114,13,195890
12930,0.022869,172.217.194.0-255,2902,178016,13,195890
12931,0.022876,172.31.36.0-255,66,178082,13,195890
12932,0.024654,172.217.194.0-255,2902,180984,13,195890
12933,0.024665,172.31.36.0-255,66,181050,13,195890
12934,0.025139,172.217.194.0-255,2902,183952,13,195890
12935,0.025145,172.31.36.0-255,66,184018,13,195890
12936,0.026963,172.217.194.0-255,2902,186920,13,195890
12937,0.026974,172.31.36.0-255,66,186986,13,195890
12938,0.027436,172.217.194.0-255,2902,189888,13,195890
12939,0.027443,172.31.36.0-255,66,189954,13,195890
12940,0.029269,172.217.194.0-255,2902,192856,13,195890
12941,0.029277,172.31.36.0-255,66,192922,13,195890
12942,0.029707,172.217.194.0-255,2902,195824,13,195890
12943,0.029715,172.31.36.0-255,66,195890,13,195890
12944,0.0,216.58.221.0-255,66,66,13,66
12945,0.0,74.125.24.0-255,293,293,13,277211
12946,2.6e-05,172.31.36.0-255,66,359,13,277211
12947,3.2e-05,74.125.24.0-255,1484,1843,13,277211
12948,3.5e-05,172.31.36.0-255,66,1909,13,277211
12949,4e-05,74.125.24.0-255,2902,4811,13,277211
12950,4.9e-05,172.31.36.0-255,66,4877,13,277211
12951,7.9e-05,74.125.24.0-255,5738,10615,13,277211
12952,8.3e-05,172.31.36.0-255,66,10681,13,277211
12953,8.9e-05,74.125.24.0-255,3504,14185,13,277211
12954,9.2e-05,172.31.36.0-255,66,14251,13,277211
12955,0.000117,74.125.24.0-255,4320,18571,13,277211
12956,0.00012,172.31.36.0-255,66,18637,13,277211
12957,0.000123,74.125.24.0-255,1484,20121,13,277211
12958,0.000125,172.31.36.0-255,66,20187,13,277211
12959,0.00016,74.125.24.0-255,8574,28761,13,277211
12960,0.000165,172.31.36.0-255,66,28827,13,277211
12961,0.000169,74.125.24.0-255,2543,31370,13,277211
12962,0.000171,172.31.36.0-255,66,31436,13,277211
12963,0.000398,74.125.24.0-255,1484,32920,13,277211
12964,0.000405,172.31.36.0-255,66,32986,13,277211
12965,0.000411,74.125.24.0-255,2902,35888,13,277211
12966,0.000414,172.31.36.0-255,66,35954,13,277211
12967,0.000417,74.125.24.0-255,1484,37438,13,277211
12968,0.000426,172.31.36.0-255,66,37504,13,277211
12969,0.000464,74.125.24.0-255,4320,41824,13,277211
12970,0.000469,172.31.36.0-255,66,41890,13,277211
12971,0.000484,172.31.36.0-255,66,41956,13,277211
12972,0.000487,74.125.24.0-255,1484,43440,13,277211
12973,0.000489,172.31.36.0-255,66,43506,13,277211
12974,0.000526,74.125.24.0-255,8215,51721,13,277211
12975,0.000532,172.31.36.0-255,66,51787,13,277211
12976,0.001068,74.125.24.0-255,647,52434,13,277211
12977,0.001136,172.31.36.0-255,66,52500,13,277211
12978,0.001167,74.125.24.0-255,1484,53984,13,277211
12979,0.001174,74.125.24.0-255,2902,56886,13,277211
12980,0.001178,172.31.36.0-255,66,56952,13,277211
12981,0.001184,74.125.24.0-255,4320,61272,13,277211
12982,0.001185,172.31.36.0-255,66,61338,13,277211
12983,0.001221,74.125.24.0-255,1484,62822,13,277211
12984,0.001229,74.125.24.0-255,6797,69619,13,277211
12985,0.001234,74.125.24.0-255,4320,73939,13,277211
12986,0.001234,172.31.36.0-255,66,74005,13,277211
12987,0.001238,172.31.36.0-255,66,74071,13,277211
12988,0.001272,74.125.24.0-255,9992,84063,13,277211
12989,0.001276,172.31.36.0-255,66,84129,13,277211
12990,0.00128,74.125.24.0-255,2543,86672,13,277211
12991,0.001282,172.31.36.0-255,66,86738,13,277211
12992,0.001553,74.125.24.0-255,1484,88222,13,277211
12993,0.001572,74.125.24.0-255,2902,91124,13,277211
12994,0.001577,172.31.36.0-255,66,91190,13,277211
12995,0.001581,74.125.24.0-255,1484,92674,13,277211
12996,0.00161,74.125.24.0-255,4320,96994,13,277211
12997,0.001613,172.31.36.0-255,66,97060,13,277211
12998,0.001633,172.31.36.0-255,66,97126,13,277211
12999,0.001636,74.125.24.0-255,1484,98610,13,277211
13000,0.00166,74.125.24.0-255,2902,101512,13,277211
13001,0.001663,172.31.36.0-255,66,101578,13,277211
13002,0.001686,74.125.24.0-255,6438,108016,13,277211
13003,0.00169,172.31.36.0-255,66,108082,13,277211
13004,0.002029,74.125.24.0-255,1484,109566,13,277211
13005,0.002036,74.125.24.0-255,2902,112468,13,277211
13006,0.002039,172.31.36.0-255,66,112534,13,277211
13007,0.002043,74.125.24.0-255,1484,114018,13,277211
13008,0.002066,74.125.24.0-255,4320,118338,13,277211
13009,0.002068,172.31.36.0-255,66,118404,13,277211
13010,0.002073,74.125.24.0-255,5738,124142,13,277211
13011,0.002075,172.31.36.0-255,66,124208,13,277211
13012,0.002104,74.125.24.0-255,8574,132782,13,277211
13013,0.002106,172.31.36.0-255,66,132848,13,277211
13014,0.00213,74.125.24.0-255,4320,137168,13,277211
13015,0.002132,172.31.36.0-255,66,137234,13,277211
13016,0.002137,74.125.24.0-255,5020,142254,13,277211
13017,0.002138,172.31.36.0-255,66,142320,13,277211
13018,0.002151,74.125.24.0-255,1484,143804,13,277211
13019,0.002169,74.125.24.0-255,4320,148124,13,277211
13020,0.002172,172.31.36.0-255,66,148190,13,277211
13021,0.002178,74.125.24.0-255,8574,156764,13,277211
13022,0.00218,172.31.36.0-255,66,156830,13,277211
13023,0.002218,74.125.24.0-255,4320,161150,13,277211
13024,0.00222,172.31.36.0-255,66,161216,13,277211
13025,0.002232,172.31.36.0-255,66,161282,13,277211
13026,0.002238,74.125.24.0-255,766,162048,13,277211
13027,0.002241,74.125.24.0-255,1484,163532,13,277211
13028,0.002242,172.31.36.0-255,66,163598,13,277211
13029,0.002247,74.125.24.0-255,4320,167918,13,277211
13030,0.002249,172.31.36.0-255,66,167984,13,277211
13031,0.00226,74.125.24.0-255,2902,170886,13,277211
13032,0.002261,172.31.36.0-255,66,170952,13,277211
13033,0.002295,74.125.24.0-255,7156,178108,13,277211
13034,0.002297,172.31.36.0-255,66,178174,13,277211
13035,0.002302,74.125.24.0-255,4320,182494,13,277211
13036,0.002305,172.31.36.0-255,66,182560,13,277211
13037,0.002345,172.31.36.0-255,66,182626,13,277211
13038,0.002347,74.125.24.0-255,1484,184110,13,277211
13039,0.002382,172.31.36.0-255,66,184176,13,277211
13040,0.002441,172.31.36.0-255,66,184242,13,277211
13041,0.002454,74.125.24.0-255,2902,187144,13,277211
13042,0.00246,172.31.36.0-255,66,187210,13,277211
13043,0.002465,74.125.24.0-255,5020,192230,13,277211
13044,0.002468,172.31.36.0-255,66,192296,13,277211
13045,0.002473,74.125.24.0-255,5738,198034,13,277211
13046,0.002476,172.31.36.0-255,66,198100,13,277211
13047,0.002487,172.31.36.0-255,66,198166,13,277211
13048,0.002534,172.31.36.0-255,66,198232,13,277211
13049,0.002562,74.125.24.0-255,3602,201834,13,277211
13050,0.002564,172.31.36.0-255,66,201900,13,277211
13051,0.002569,74.125.24.0-255,4320,206220,13,277211
13052,0.002571,172.31.36.0-255,66,206286,13,277211
13053,0.002574,74.125.24.0-255,1484,207770,13,277211
13054,0.002605,74.125.24.0-255,8574,216344,13,277211
13055,0.002608,172.31.36.0-255,66,216410,13,277211
13056,0.002614,74.125.24.0-255,5738,222148,13,277211
13057,0.002616,172.31.36.0-255,66,222214,13,277211
13058,0.002649,74.125.24.0-255,4320,226534,13,277211
13059,0.002651,172.31.36.0-255,66,226600,13,277211
13060,0.002676,74.125.24.0-255,9274,235874,13,277211
13061,0.002678,172.31.36.0-255,66,235940,13,277211
13062,0.005297,74.125.24.0-255,5738,241678,13,277211
13063,0.005307,172.31.36.0-255,66,241744,13,277211
13064,0.007916,74.125.24.0-255,5738,247482,13,277211
13065,0.007929,172.31.36.0-255,66,247548,13,277211
13066,0.010524,74.125.24.0-255,5738,253286,13,277211
13067,0.010532,172.31.36.0-255,66,253352,13,277211
13068,0.013138,74.125.24.0-255,5738,259090,13,277211
13069,0.013145,172.31.36.0-255,66,259156,13,277211
13070,0.015748,74.125.24.0-255,5738,264894,13,277211
13071,0.015756,172.31.36.0-255,66,264960,13,277211
13072,0.018357,74.125.24.0-255,5738,270698,13,277211
13073,0.018365,172.31.36.0-255,66,270764,13,277211
13074,0.020958,74.125.24.0-255,5738,276502,13,277211
13075,0.020969,172.31.36.0-255,66,276568,13,277211
13076,0.023545,74.125.24.0-255,406,276974,13,277211
13077,0.023699,172.31.36.0-255,66,277040,13,277211
13078,0.023732,172.31.36.0-255,105,277145,13,277211
13079,0.026284,74.125.24.0-255,66,277211,13,277211
13080,0.0,74.125.24.0-255,153,153,13,185874
13081,1.7e-05,172.31.36.0-255,66,219,13,185874
13082,2.4e-05,74.125.24.0-255,1484,1703,13,185874
13083,2.9e-05,172.31.36.0-255,66,1769,13,185874
13084,3.5e-05,74.125.24.0-255,2902,4671,13,185874
13085,4.5e-05,172.31.36.0-255,66,4737,13,185874
13086,5.3e-05,74.125.24.0-255,7156,11893,13,185874
13087,5.6e-05,172.31.36.0-255,66,11959,13,185874
13088,6.6e-05,74.125.24.0-255,8574,20533,13,185874
13089,6.8e-05,172.31.36.0-255,66,20599,13,185874
13090,0.000103,74.125.24.0-255,3495,24094,13,185874
13091,0.000107,172.31.36.0-255,66,24160,13,185874
13092,0.000115,74.125.24.0-255,6797,30957,13,185874
13093,0.000122,172.31.36.0-255,66,31023,13,185874
13094,0.000196,74.125.24.0-255,1484,32507,13,185874
13095,0.000199,172.31.36.0-255,66,32573,13,185874
13096,0.000217,74.125.24.0-255,2902,35475,13,185874
13097,0.00022,172.31.36.0-255,66,35541,13,185874
13098,0.000223,74.125.24.0-255,1484,37025,13,185874
13099,0.000225,172.31.36.0-255,66,37091,13,185874
13100,0.000259,74.125.24.0-255,2902,39993,13,185874
13101,0.000262,172.31.36.0-255,66,40059,13,185874
13102,0.000269,74.125.24.0-255,5738,45797,13,185874
13103,0.000271,172.31.36.0-255,66,45863,13,185874
13104,0.000299,74.125.24.0-255,3961,49824,13,185874
13105,0.000301,172.31.36.0-255,66,49890,13,185874
13106,0.000307,74.125.24.0-255,4320,54210,13,185874
13107,0.00031,172.31.36.0-255,66,54276,13,185874
13108,0.000314,74.125.24.0-255,2902,57178,13,185874
13109,0.000316,172.31.36.0-255,66,57244,13,185874
13110,0.000349,74.125.24.0-255,7156,64400,13,185874
13111,0.000352,172.31.36.0-255,66,64466,13,185874
13112,0.000355,74.125.24.0-255,1398,65864,13,185874
13113,0.000763,74.125.24.0-255,130,65994,13,185874
13114,0.001045,172.31.36.0-255,66,66060,13,185874
13115,0.001199,74.125.24.0-255,1484,67544,13,185874
13116,0.001218,74.125.24.0-255,2902,70446,13,185874
13117,0.001221,172.31.36.0-255,66,70512,13,185874
13118,0.001229,74.125.24.0-255,5738,76250,13,185874
13119,0.001231,172.31.36.0-255,66,76316,13,185874
13120,0.001268,74.125.24.0-255,8574,84890,13,185874
13121,0.001271,172.31.36.0-255,66,84956,13,185874
13122,0.001311,74.125.24.0-255,4320,89276,13,185874
13123,0.001314,172.31.36.0-255,66,89342,13,185874
13124,0.001356,74.125.24.0-255,10692,100034,13,185874
13125,0.001358,172.31.36.0-255,66,100100,13,185874
13126,0.001365,74.125.24.0-255,5738,105838,13,185874
13127,0.001368,172.31.36.0-255,66,105904,13,185874
13128,0.001392,74.125.24.0-255,4320,110224,13,185874
13129,0.001395,172.31.36.0-255,66,110290,13,185874
13130,0.001411,172.31.36.0-255,66,110356,13,185874
13131,0.001425,172.31.36.0-255,66,110422,13,185874
13132,0.003516,74.125.24.0-255,5738,116160,13,185874
13133,0.003525,172.31.36.0-255,66,116226,13,185874
13134,0.005588,74.125.24.0-255,5738,121964,13,185874
13135,0.005594,172.31.36.0-255,66,122030,13,185874
13136,0.007674,74.125.24.0-255,5738,127768,13,185874
13137,0.007682,172.31.36.0-255,66,127834,13,185874
13138,0.009746,74.125.24.0-255,5738,133572,13,185874
13139,0.009755,172.31.36.0-255,66,133638,13,185874
13140,0.011846,74.125.24.0-255,5738,139376,13,185874
13141,0.011854,172.31.36.0-255,66,139442,13,185874
13142,0.013922,74.125.24.0-255,5738,145180,13,185874
13143,0.013929,172.31.36.0-255,66,145246,13,185874
13144,0.016021,74.125.24.0-255,5738,150984,13,185874
13145,0.016032,172.31.36.0-255,66,151050,13,185874
13146,0.018121,74.125.24.0-255,5738,156788,13,185874
13147,0.01813,172.31.36.0-255,66,156854,13,185874
13148,0.02021,74.125.24.0-255,5738,162592,13,185874
13149,0.020219,172.31.36.0-255,66,162658,13,185874
13150,0.022336,74.125.24.0-255,5738,168396,13,185874
13151,0.022343,172.31.36.0-255,66,168462,13,185874
13152,0.02444,74.125.24.0-255,5738,174200,13,185874
13153,0.024448,172.31.36.0-255,66,174266,13,185874
13154,0.026523,74.125.24.0-255,5738,180004,13,185874
13155,0.026531,172.31.36.0-255,66,180070,13,185874
13156,0.028596,74.125.24.0-255,5738,185808,13,185874
13157,0.028603,172.31.36.0-255,66,185874,13,185874
13158,0.0,172.217.194.0-255,153,153,13,234015
13159,2.6e-05,172.217.194.0-255,1484,1637,13,234015
13160,3.5e-05,172.31.36.0-255,66,1703,13,234015
13161,4.2e-05,172.217.194.0-255,2902,4605,13,234015
13162,4.5e-05,172.31.36.0-255,66,4671,13,234015
13163,5.2e-05,172.217.194.0-255,5738,10409,13,234015
13164,6.4e-05,172.31.36.0-255,66,10475,13,234015
13165,9.1e-05,172.217.194.0-255,4320,14795,13,234015
13166,9.5e-05,172.31.36.0-255,66,14861,13,234015
13167,0.000133,172.217.194.0-255,9090,23951,13,234015
13168,0.000137,172.31.36.0-255,66,24017,13,234015
13169,0.00014,172.217.194.0-255,1484,25501,13,234015
13170,0.000144,172.217.194.0-255,2902,28403,13,234015
13171,0.000148,172.31.36.0-255,66,28469,13,234015
13172,0.00018,172.217.194.0-255,2543,31012,13,234015
13173,0.000184,172.31.36.0-255,66,31078,13,234015
13174,0.00019,172.217.194.0-255,5738,36816,13,234015
13175,0.000193,172.31.36.0-255,66,36882,13,234015
13176,0.000196,172.217.194.0-255,1484,38366,13,234015
13177,0.000223,172.217.194.0-255,5738,44104,13,234015
13178,0.000226,172.31.36.0-255,66,44170,13,234015
13179,0.000235,172.217.194.0-255,9992,54162,13,234015
13180,0.000237,172.31.36.0-255,66,54228,13,234015
13181,0.000269,172.217.194.0-255,5379,59607,13,234015
13182,0.000273,172.31.36.0-255,66,59673,13,234015
13183,0.000281,172.217.194.0-255,5669,65342,13,234015
13184,0.000284,172.31.36.0-255,66,65408,13,234015
13185,0.000472,172.217.194.0-255,101,65509,13,234015
13186,0.000521,172.217.194.0-255,1484,66993,13,234015
13187,0.000526,172.31.36.0-255,66,67059,13,234015
13188,0.000531,172.217.194.0-255,2902,69961,13,234015
13189,0.000533,172.31.36.0-255,66,70027,13,234015
13190,0.000565,172.217.194.0-255,7156,77183,13,234015
13191,0.000584,172.31.36.0-255,66,77249,13,234015
13192,0.000593,172.217.194.0-255,8574,85823,13,234015
13193,0.000596,172.31.36.0-255,66,85889,13,234015
13194,0.000664,172.31.36.0-255,66,85955,13,234015
13195,0.000767,172.217.194.0-255,1484,87439,13,234015
13196,0.000786,172.217.194.0-255,2902,90341,13,234015
13197,0.000789,172.31.36.0-255,66,90407,13,234015
13198,0.000796,172.217.194.0-255,5738,96145,13,234015
13199,0.000799,172.31.36.0-255,66,96211,13,234015
13200,0.000808,172.217.194.0-255,1484,97695,13,234015
13201,0.000812,172.217.194.0-255,2902,100597,13,234015
13202,0.000815,172.31.36.0-255,66,100663,13,234015
13203,0.000821,172.217.194.0-255,4320,104983,13,234015
13204,0.000823,172.31.36.0-255,66,105049,13,234015
13205,0.000852,172.217.194.0-255,1484,106533,13,234015
13206,0.000867,172.31.36.0-255,66,106599,13,234015
13207,0.000871,172.217.194.0-255,481,107080,13,234015
13208,0.000906,172.31.36.0-255,66,107146,13,234015
13209,0.000933,172.217.194.0-255,1484,108630,13,234015
13210,0.000946,172.31.36.0-255,66,108696,13,234015
13211,0.000957,172.217.194.0-255,1484,110180,13,234015
13212,0.000974,172.217.194.0-255,3602,113782,13,234015
13213,0.000977,172.31.36.0-255,66,113848,13,234015
13214,0.0011,172.217.194.0-255,1484,115332,13,234015
13215,0.001113,172.217.194.0-255,2902,118234,13,234015
13216,0.001119,172.31.36.0-255,66,118300,13,234015
13217,0.001125,172.217.194.0-255,5738,124038,13,234015
13218,0.001128,172.31.36.0-255,66,124104,13,234015
13219,0.001168,172.31.36.0-255,66,124170,13,234015
13220,0.001178,172.217.194.0-255,10692,134862,13,234015
13221,0.00118,172.31.36.0-255,66,134928,13,234015
13222,0.001215,172.217.194.0-255,1484,136412,13,234015
13223,0.001219,172.217.194.0-255,2902,139314,13,234015
13224,0.001221,172.31.36.0-255,66,139380,13,234015
13225,0.00125,172.217.194.0-255,5738,145118,13,234015
13226,0.001252,172.31.36.0-255,66,145184,13,234015
13227,0.001264,172.31.36.0-255,66,145250,13,234015
13228,0.001277,172.217.194.0-255,10692,155942,13,234015
13229,0.00128,172.31.36.0-255,66,156008,13,234015
13230,0.001326,172.217.194.0-255,5738,161746,13,234015
13231,0.001329,172.31.36.0-255,66,161812,13,234015
13232,0.00138,172.31.36.0-255,66,161878,13,234015
13233,0.001389,172.217.194.0-255,9274,171152,13,234015
13234,0.001391,172.31.36.0-255,66,171218,13,234015
13235,0.001436,172.217.194.0-255,2902,174120,13,234015
13236,0.001438,172.31.36.0-255,66,174186,13,234015
13237,0.001485,172.31.36.0-255,66,174252,13,234015
13238,0.001732,172.217.194.0-255,1484,175736,13,234015
13239,0.001744,172.217.194.0-255,2902,178638,13,234015
13240,0.001746,172.31.36.0-255,66,178704,13,234015
13241,0.001749,172.217.194.0-255,1484,180188,13,234015
13242,0.001771,172.217.194.0-255,4320,184508,13,234015
13243,0.001774,172.31.36.0-255,66,184574,13,234015
13244,0.001779,172.217.194.0-255,4320,188894,13,234015
13245,0.001781,172.31.36.0-255,66,188960,13,234015
13246,0.001819,172.217.194.0-255,8574,197534,13,234015
13247,0.001821,172.31.36.0-255,66,197600,13,234015
13248,0.00183,172.217.194.0-255,10692,208292,13,234015
13249,0.001837,172.31.36.0-255,66,208358,13,234015
13250,0.001841,172.217.194.0-255,2902,211260,13,234015
13251,0.001844,172.31.36.0-255,66,211326,13,234015
13252,0.001885,172.31.36.0-255,66,211392,13,234015
13253,0.001915,172.217.194.0-255,4320,215712,13,234015
13254,0.001917,172.31.36.0-255,66,215778,13,234015
13255,0.001926,172.217.194.0-255,9274,225052,13,234015
13256,0.001932,172.31.36.0-255,66,225118,13,234015
13257,0.001939,172.217.194.0-255,8555,233673,13,234015
13258,0.001941,172.31.36.0-255,66,233739,13,234015
13259,0.001944,172.217.194.0-255,105,233844,13,234015
13260,0.007603,172.31.36.0-255,105,233949,13,234015
13261,0.009846,172.217.194.0-255,66,234015,13,234015
