,TIME,SRC,PACKET_SIZE,CUMULATIVE_PACKET_SIZE,PAGE_NUMBER,TOTAL_PACKET_SIZE
0,0.0,74.125.24.0-255,163,163,58,147857
1,2.4e-05,172.31.46.0-255,66,229,58,147857
2,3.1e-05,74.125.24.0-255,1484,1713,58,147857
3,3.6e-05,172.31.46.0-255,66,1779,58,147857
4,4.2e-05,74.125.24.0-255,2902,4681,58,147857
5,4.5e-05,172.31.46.0-255,66,4747,58,147857
6,6.2e-05,74.125.24.0-255,7156,11903,58,147857
7,6.4e-05,172.31.46.0-255,66,11969,58,147857
8,6.8e-05,74.125.24.0-255,1939,13908,58,147857
9,7e-05,172.31.46.0-255,66,13974,58,147857
10,0.000172,74.125.24.0-255,1484,15458,58,147857
11,0.000175,172.31.46.0-255,66,15524,58,147857
12,0.000179,74.125.24.0-255,2902,18426,58,147857
13,0.000182,172.31.46.0-255,66,18492,58,147857
14,0.000213,74.125.24.0-255,5738,24230,58,147857
15,0.000216,172.31.46.0-255,66,24296,58,147857
16,0.000223,74.125.24.0-255,6797,31093,58,147857
17,0.000242,172.31.46.0-255,66,31159,58,147857
18,0.000297,74.125.24.0-255,1484,32643,58,147857
19,0.0003,172.31.46.0-255,66,32709,58,147857
20,0.000305,74.125.24.0-255,2902,35611,58,147857
21,0.000307,172.31.46.0-255,66,35677,58,147857
22,0.000314,74.125.24.0-255,5738,41415,58,147857
23,0.000316,172.31.46.0-255,66,41481,58,147857
24,0.000328,74.125.24.0-255,6797,48278,58,147857
25,0.000331,172.31.46.0-255,66,48344,58,147857
26,0.001582,74.125.24.0-255,1484,49828,58,147857
27,0.001588,172.31.46.0-255,66,49894,58,147857
28,0.001595,74.125.24.0-255,2902,52796,58,147857
29,0.001596,172.31.46.0-255,66,52862,58,147857
30,0.001603,74.125.24.0-255,5738,58600,58,147857
31,0.00161,172.31.46.0-255,66,58666,58,147857
32,0.001638,74.125.24.0-255,6797,65463,58,147857
33,0.001641,172.31.46.0-255,66,65529,58,147857
34,0.003749,74.125.24.0-255,5738,71267,58,147857
35,0.003756,172.31.46.0-255,66,71333,58,147857
36,0.005815,74.125.24.0-255,4320,75653,58,147857
37,0.005819,172.31.46.0-255,66,75719,58,147857
38,0.005841,74.125.24.0-255,1484,77203,58,147857
39,0.007912,74.125.24.0-255,4320,81523,58,147857
40,0.007918,172.31.46.0-255,66,81589,58,147857
41,0.010044,74.125.24.0-255,5738,87327,58,147857
42,0.010052,172.31.46.0-255,66,87393,58,147857
43,0.012133,74.125.24.0-255,5738,93131,58,147857
44,0.012141,172.31.46.0-255,66,93197,58,147857
45,0.014269,74.125.24.0-255,5738,98935,58,147857
46,0.014277,172.31.46.0-255,66,99001,58,147857
47,0.016415,74.125.24.0-255,5738,104739,58,147857
48,0.016423,172.31.46.0-255,66,104805,58,147857
49,0.018527,74.125.24.0-255,5738,110543,58,147857
50,0.018536,172.31.46.0-255,66,110609,58,147857
51,0.020677,74.125.24.0-255,5738,116347,58,147857
52,0.020688,172.31.46.0-255,66,116413,58,147857
53,0.022784,74.125.24.0-255,5738,122151,58,147857
54,0.022792,172.31.46.0-255,66,122217,58,147857
55,0.024964,74.125.24.0-255,5738,127955,58,147857
56,0.024971,172.31.46.0-255,66,128021,58,147857
57,0.026353,172.31.46.0-255,172,128193,58,147857
58,0.026385,172.31.46.0-255,1112,129305,58,147857
59,0.026447,172.31.46.0-255,1514,130819,58,147857
60,0.026449,172.31.46.0-255,1514,132333,58,147857
61,0.02645,172.31.46.0-255,1514,133847,58,147857
62,0.026451,172.31.46.0-255,1514,135361,58,147857
63,0.026452,172.31.46.0-255,624,135985,58,147857
64,0.027063,74.125.24.0-255,5738,141723,58,147857
65,0.02707,172.31.46.0-255,66,141789,58,147857
66,0.02792,104.244.42.0-255,66,141855,58,147857
67,0.027957,104.244.42.0-255,66,141921,58,147857
68,0.027984,104.244.42.0-255,66,141987,58,147857
69,0.028004,104.244.42.0-255,66,142053,58,147857
70,0.029156,74.125.24.0-255,5738,147791,58,147857
71,0.029161,172.31.46.0-255,66,147857,58,147857
72,0.0,74.125.24.0-255,150,150,58,263668
73,1.2e-05,172.31.46.0-255,66,216,58,263668
74,2.8e-05,74.125.24.0-255,1484,1700,58,263668
75,3.2e-05,172.31.46.0-255,66,1766,58,263668
76,3.7e-05,74.125.24.0-255,2902,4668,58,263668
77,3.9e-05,172.31.46.0-255,66,4734,58,263668
78,5.6e-05,74.125.24.0-255,5738,10472,58,263668
79,5.8e-05,172.31.46.0-255,66,10538,58,263668
80,7.7e-05,74.125.24.0-255,1484,12022,58,263668
81,7.8e-05,172.31.46.0-255,66,12088,58,263668
82,8.2e-05,74.125.24.0-255,2054,14142,58,263668
83,8.4e-05,172.31.46.0-255,66,14208,58,263668
84,0.000191,172.31.46.0-255,66,14274,58,263668
85,0.000196,74.125.24.0-255,5379,19653,58,263668
86,0.000198,172.31.46.0-255,66,19719,58,263668
87,0.000491,74.125.24.0-255,1484,21203,58,263668
88,0.000495,172.31.46.0-255,66,21269,58,263668
89,0.0005,74.125.24.0-255,2902,24171,58,263668
90,0.000502,172.31.46.0-255,66,24237,58,263668
91,0.000521,74.125.24.0-255,5738,29975,58,263668
92,0.000523,172.31.46.0-255,66,30041,58,263668
93,0.000542,74.125.24.0-255,2902,32943,58,263668
94,0.000544,172.31.46.0-255,66,33009,58,263668
95,0.000558,74.125.24.0-255,4320,37329,58,263668
96,0.00056,172.31.46.0-255,66,37395,58,263668
97,0.000596,172.31.46.0-255,66,37461,58,263668
98,0.0006,74.125.24.0-255,2184,39645,58,263668
99,0.000602,172.31.46.0-255,66,39711,58,263668
100,0.000621,74.125.24.0-255,413,40124,58,263668
101,0.000623,172.31.46.0-255,66,40190,58,263668
102,0.00064,74.125.24.0-255,1484,41674,58,263668
103,0.000668,74.125.24.0-255,2902,44576,58,263668
104,0.000671,172.31.46.0-255,66,44642,58,263668
105,0.000687,74.125.24.0-255,1484,46126,58,263668
106,0.000693,74.125.24.0-255,7156,53282,58,263668
107,0.0007,172.31.46.0-255,66,53348,58,263668
108,0.000704,74.125.24.0-255,2902,56250,58,263668
109,0.000706,172.31.46.0-255,66,56316,58,263668
110,0.00071,74.125.24.0-255,2902,59218,58,263668
111,0.000712,172.31.46.0-255,66,59284,58,263668
112,0.000751,172.31.46.0-255,66,59350,58,263668
113,0.000754,74.125.24.0-255,2448,61798,58,263668
114,0.000756,172.31.46.0-255,66,61864,58,263668
115,0.001006,74.125.24.0-255,1484,63348,58,263668
116,0.001024,74.125.24.0-255,2902,66250,58,263668
117,0.001029,74.125.24.0-255,5738,71988,58,263668
118,0.001033,172.31.46.0-255,66,72054,58,263668
119,0.001036,172.31.46.0-255,66,72120,58,263668
120,0.001056,74.125.24.0-255,4320,76440,58,263668
121,0.001058,172.31.46.0-255,66,76506,58,263668
122,0.001098,74.125.24.0-255,5738,82244,58,263668
123,0.0011,172.31.46.0-255,66,82310,58,263668
124,0.001127,172.31.46.0-255,66,82376,58,263668
125,0.001149,74.125.24.0-255,3602,85978,58,263668
126,0.001151,172.31.46.0-255,66,86044,58,263668
127,0.001232,74.125.24.0-255,1484,87528,58,263668
128,0.001249,74.125.24.0-255,2902,90430,58,263668
129,0.001252,172.31.46.0-255,66,90496,58,263668
130,0.001258,74.125.24.0-255,5738,96234,58,263668
131,0.00126,172.31.46.0-255,66,96300,58,263668
132,0.001274,74.125.24.0-255,5738,102038,58,263668
133,0.001276,172.31.46.0-255,66,102104,58,263668
134,0.001304,74.125.24.0-255,7156,109260,58,263668
135,0.001307,172.31.46.0-255,66,109326,58,263668
136,0.001313,74.125.24.0-255,7156,116482,58,263668
137,0.001315,172.31.46.0-255,66,116548,58,263668
138,0.001363,74.125.24.0-255,2902,119450,58,263668
139,0.001365,172.31.46.0-255,66,119516,58,263668
140,0.001394,172.31.46.0-255,66,119582,58,263668
141,0.001406,172.31.46.0-255,66,119648,58,263668
142,0.00141,74.125.24.0-255,2902,122550,58,263668
143,0.001412,172.31.46.0-255,66,122616,58,263668
144,0.001448,172.31.46.0-255,66,122682,58,263668
145,0.001479,74.125.24.0-255,1484,124166,58,263668
146,0.001493,74.125.24.0-255,2902,127068,58,263668
147,0.001496,172.31.46.0-255,66,127134,58,263668
148,0.00152,74.125.24.0-255,5738,132872,58,263668
149,0.001522,172.31.46.0-255,66,132938,58,263668
150,0.001557,172.31.46.0-255,66,133004,58,263668
151,0.001562,74.125.24.0-255,4320,137324,58,263668
152,0.001564,172.31.46.0-255,66,137390,58,263668
153,0.001625,74.125.24.0-255,6438,143828,58,263668
154,0.001628,172.31.46.0-255,66,143894,58,263668
155,0.001774,74.125.24.0-255,1484,145378,58,263668
156,0.001778,74.125.24.0-255,2902,148280,58,263668
157,0.001789,172.31.46.0-255,66,148346,58,263668
158,0.001794,74.125.24.0-255,4320,152666,58,263668
159,0.001796,172.31.46.0-255,66,152732,58,263668
160,0.001808,74.125.24.0-255,1484,154216,58,263668
161,0.00182,74.125.24.0-255,7156,161372,58,263668
162,0.001822,172.31.46.0-255,66,161438,58,263668
163,0.001857,74.125.24.0-255,2902,164340,58,263668
164,0.001859,172.31.46.0-255,66,164406,58,263668
165,0.001891,172.31.46.0-255,66,164472,58,263668
166,0.001902,172.31.46.0-255,66,164538,58,263668
167,0.001922,74.125.24.0-255,1484,166022,58,263668
168,0.001955,172.31.46.0-255,66,166088,58,263668
169,0.00198,172.31.46.0-255,66,166154,58,263668
170,0.001982,74.125.24.0-255,1484,167638,58,263668
171,0.001987,74.125.24.0-255,2902,170540,58,263668
172,0.001989,172.31.46.0-255,66,170606,58,263668
173,0.001991,74.125.24.0-255,1484,172090,58,263668
174,0.002009,74.125.24.0-255,4320,176410,58,263668
175,0.002011,172.31.46.0-255,66,176476,58,263668
176,0.002039,74.125.24.0-255,5738,182214,58,263668
177,0.002042,172.31.46.0-255,66,182280,58,263668
178,0.002068,74.125.24.0-255,7156,189436,58,263668
179,0.00207,172.31.46.0-255,66,189502,58,263668
180,0.002073,74.125.24.0-255,1484,190986,58,263668
181,0.004105,74.125.24.0-255,4320,195306,58,263668
182,0.004111,172.31.46.0-255,66,195372,58,263668
183,0.006114,74.125.24.0-255,5738,201110,58,263668
184,0.006118,172.31.46.0-255,66,201176,58,263668
185,0.008142,74.125.24.0-255,5738,206914,58,263668
186,0.008146,172.31.46.0-255,66,206980,58,263668
187,0.010176,74.125.24.0-255,5738,212718,58,263668
188,0.010186,172.31.46.0-255,66,212784,58,263668
189,0.012242,74.125.24.0-255,5738,218522,58,263668
190,0.012256,172.31.46.0-255,66,218588,58,263668
191,0.014288,74.125.24.0-255,5738,224326,58,263668
192,0.014298,172.31.46.0-255,66,224392,58,263668
193,0.01632,74.125.24.0-255,5738,230130,58,263668
194,0.016331,172.31.46.0-255,66,230196,58,263668
195,0.01838,74.125.24.0-255,5738,235934,58,263668
196,0.01839,172.31.46.0-255,66,236000,58,263668
197,0.020434,74.125.24.0-255,5738,241738,58,263668
198,0.020443,172.31.46.0-255,66,241804,58,263668
199,0.022452,74.125.24.0-255,5738,247542,58,263668
200,0.022461,172.31.46.0-255,66,247608,58,263668
201,0.024483,74.125.24.0-255,5738,253346,58,263668
202,0.02449,172.31.46.0-255,66,253412,58,263668
203,0.026514,74.125.24.0-255,4320,257732,58,263668
204,0.026521,172.31.46.0-255,66,257798,58,263668
205,0.026541,74.125.24.0-255,1484,259282,58,263668
206,0.028557,74.125.24.0-255,4320,263602,58,263668
207,0.028569,172.31.46.0-255,66,263668,58,263668
208,0.0,172.217.194.0-255,156,156,58,146343
209,2.5e-05,172.31.46.0-255,66,222,58,146343
210,3.2e-05,172.217.194.0-255,1484,1706,58,146343
211,3.7e-05,172.31.46.0-255,66,1772,58,146343
212,4.3e-05,172.217.194.0-255,2902,4674,58,146343
213,4.7e-05,172.31.46.0-255,66,4740,58,146343
214,5.3e-05,172.217.194.0-255,5738,10478,58,146343
215,5.6e-05,172.31.46.0-255,66,10544,58,146343
216,8.9e-05,172.31.46.0-255,66,10610,58,146343
217,9.3e-05,172.217.194.0-255,2902,13512,58,146343
218,9.6e-05,172.31.46.0-255,66,13578,58,146343
219,0.000127,172.217.194.0-255,6797,20375,58,146343
220,0.00013,172.31.46.0-255,66,20441,58,146343
221,0.000176,172.217.194.0-255,1484,21925,58,146343
222,0.000178,172.31.46.0-255,66,21991,58,146343
223,0.000202,172.217.194.0-255,2902,24893,58,146343
224,0.000205,172.31.46.0-255,66,24959,58,146343
225,0.000211,172.217.194.0-255,5738,30697,58,146343
226,0.000213,172.31.46.0-255,66,30763,58,146343
227,0.000269,172.31.46.0-255,66,30829,58,146343
228,0.000281,172.31.46.0-255,66,30895,58,146343
229,0.000477,172.217.194.0-255,646,31541,58,146343
230,0.000482,172.31.46.0-255,66,31607,58,146343
231,0.000982,172.217.194.0-255,1484,33091,58,146343
232,0.000987,172.31.46.0-255,66,33157,58,146343
233,0.000993,172.217.194.0-255,2902,36059,58,146343
234,0.000996,172.31.46.0-255,66,36125,58,146343
235,0.001001,172.217.194.0-255,4320,40445,58,146343
236,0.001004,172.31.46.0-255,66,40511,58,146343
237,0.00105,172.31.46.0-255,66,40577,58,146343
238,0.001062,172.217.194.0-255,4320,44897,58,146343
239,0.001102,172.31.46.0-255,66,44963,58,146343
240,0.001367,172.217.194.0-255,1484,46447,58,146343
241,0.001374,172.217.194.0-255,2902,49349,58,146343
242,0.001377,172.31.46.0-255,66,49415,58,146343
243,0.001402,172.217.194.0-255,5738,55153,58,146343
244,0.001431,172.217.194.0-255,1484,56637,58,146343
245,0.001467,172.31.46.0-255,66,56703,58,146343
246,0.001477,172.217.194.0-255,2184,58887,58,146343
247,0.001503,172.31.46.0-255,66,58953,58,146343
248,0.001616,172.217.194.0-255,1484,60437,58,146343
249,0.001622,172.217.194.0-255,2902,63339,58,146343
250,0.001639,172.217.194.0-255,5738,69077,58,146343
251,0.001648,172.31.46.0-255,66,69143,58,146343
252,0.001693,172.31.46.0-255,66,69209,58,146343
253,0.00171,172.217.194.0-255,1484,70693,58,146343
254,0.001801,172.31.46.0-255,66,70759,58,146343
255,0.00181,172.217.194.0-255,4320,75079,58,146343
256,0.001812,172.217.194.0-255,1484,76563,58,146343
257,0.001819,172.31.46.0-255,66,76629,58,146343
258,0.001853,172.31.46.0-255,66,76695,58,146343
259,0.004118,172.217.194.0-255,5738,82433,58,146343
260,0.004127,172.31.46.0-255,66,82499,58,146343
261,0.006376,172.217.194.0-255,5738,88237,58,146343
262,0.00699,172.31.46.0-255,66,88303,58,146343
263,0.00926,172.217.194.0-255,5738,94041,58,146343
264,0.009271,172.31.46.0-255,66,94107,58,146343
265,0.011543,172.217.194.0-255,5738,99845,58,146343
266,0.011556,172.31.46.0-255,66,99911,58,146343
267,0.01383,172.217.194.0-255,5738,105649,58,146343
268,0.013844,172.31.46.0-255,66,105715,58,146343
269,0.016122,172.217.194.0-255,5738,111453,58,146343
270,0.016133,172.31.46.0-255,66,111519,58,146343
271,0.018415,172.217.194.0-255,5738,117257,58,146343
272,0.018429,172.31.46.0-255,66,117323,58,146343
273,0.02071,172.217.194.0-255,5738,123061,58,146343
274,0.020723,172.31.46.0-255,66,123127,58,146343
275,0.022995,172.217.194.0-255,5738,128865,58,146343
276,0.023003,172.31.46.0-255,66,128931,58,146343
277,0.025287,172.217.194.0-255,5738,134669,58,146343
278,0.025296,172.31.46.0-255,66,134735,58,146343
279,0.027583,172.217.194.0-255,5738,140473,58,146343
280,0.027596,172.31.46.0-255,66,140539,58,146343
281,0.029856,172.217.194.0-255,5738,146277,58,146343
282,0.029868,172.31.46.0-255,66,146343,58,146343
283,0.0,172.31.46.0-255,105,105,58,459
284,0.000148,172.31.46.0-255,90,195,58,459
285,0.000158,172.31.46.0-255,66,261,58,459
286,0.00218,74.125.24.0-255,66,327,58,459
287,0.002195,74.125.24.0-255,66,393,58,459
288,0.002207,172.31.46.0-255,66,459,58,459
289,0.0,74.125.68.0-255,296,296,58,271749
290,1.6e-05,172.31.46.0-255,66,362,58,271749
291,2.2e-05,74.125.68.0-255,1484,1846,58,271749
292,2.6e-05,172.31.46.0-255,66,1912,58,271749
293,3.3e-05,74.125.68.0-255,4320,6232,58,271749
294,3.6e-05,172.31.46.0-255,66,6298,58,271749
295,5.6e-05,74.125.68.0-255,2902,9200,58,271749
296,5.8e-05,172.31.46.0-255,66,9266,58,271749
297,7.8e-05,74.125.68.0-255,2902,12168,58,271749
298,8e-05,172.31.46.0-255,66,12234,58,271749
299,0.0001,74.125.68.0-255,4320,16554,58,271749
300,0.000102,172.31.46.0-255,66,16620,58,271749
301,0.000121,74.125.68.0-255,1896,18516,58,271749
302,0.000123,172.31.46.0-255,66,18582,58,271749
303,0.000131,74.125.68.0-255,7156,25738,58,271749
304,0.000133,172.31.46.0-255,66,25804,58,271749
305,0.000155,74.125.68.0-255,5379,31183,58,271749
306,0.000158,172.31.46.0-255,66,31249,58,271749
307,0.000283,74.125.68.0-255,1484,32733,58,271749
308,0.000287,172.31.46.0-255,66,32799,58,271749
309,0.000306,74.125.68.0-255,2902,35701,58,271749
310,0.000309,172.31.46.0-255,66,35767,58,271749
311,0.000314,74.125.68.0-255,4320,40087,58,271749
312,0.000316,172.31.46.0-255,66,40153,58,271749
313,0.00034,74.125.68.0-255,1484,41637,58,271749
314,0.000342,172.31.46.0-255,66,41703,58,271749
315,0.000361,172.31.46.0-255,66,41769,58,271749
316,0.000366,74.125.68.0-255,2902,44671,58,271749
317,0.000369,172.31.46.0-255,66,44737,58,271749
318,0.000407,74.125.68.0-255,1484,46221,58,271749
319,0.00041,172.31.46.0-255,66,46287,58,271749
320,0.000441,172.31.46.0-255,66,46353,58,271749
321,0.000444,74.125.68.0-255,132,46485,58,271749
322,0.0005,74.125.68.0-255,1484,47969,58,271749
323,0.000504,172.31.46.0-255,66,48035,58,271749
324,0.000517,74.125.68.0-255,2902,50937,58,271749
325,0.00052,172.31.46.0-255,66,51003,58,271749
326,0.000545,74.125.68.0-255,5738,56741,58,271749
327,0.000547,172.31.46.0-255,66,56807,58,271749
328,0.000567,74.125.68.0-255,1484,58291,58,271749
329,0.000587,74.125.68.0-255,5738,64029,58,271749
330,0.00059,172.31.46.0-255,66,64095,58,271749
331,0.0006,172.31.46.0-255,66,64161,58,271749
332,0.000606,74.125.68.0-255,4320,68481,58,271749
333,0.000608,172.31.46.0-255,66,68547,58,271749
334,0.000625,74.125.68.0-255,2902,71449,58,271749
335,0.000628,172.31.46.0-255,66,71515,58,271749
336,0.000645,74.125.68.0-255,766,72281,58,271749
337,0.00091,74.125.68.0-255,347,72628,58,271749
338,0.000947,74.125.68.0-255,1484,74112,58,271749
339,0.000951,172.31.46.0-255,66,74178,58,271749
340,0.000971,74.125.68.0-255,1484,75662,58,271749
341,0.000975,74.125.68.0-255,2902,78564,58,271749
342,0.000977,172.31.46.0-255,66,78630,58,271749
343,0.000998,74.125.68.0-255,5738,84368,58,271749
344,0.001,172.31.46.0-255,66,84434,58,271749
345,0.001026,172.31.46.0-255,66,84500,58,271749
346,0.001075,172.31.46.0-255,66,84566,58,271749
347,0.00108,74.125.68.0-255,3602,88168,58,271749
348,0.001082,172.31.46.0-255,66,88234,58,271749
349,0.001234,74.125.68.0-255,1484,89718,58,271749
350,0.001254,74.125.68.0-255,2902,92620,58,271749
351,0.001257,172.31.46.0-255,66,92686,58,271749
352,0.001278,74.125.68.0-255,5738,98424,58,271749
353,0.00128,172.31.46.0-255,66,98490,58,271749
354,0.001283,74.125.68.0-255,1484,99974,58,271749
355,0.001301,74.125.68.0-255,5738,105712,58,271749
356,0.001303,172.31.46.0-255,66,105778,58,271749
357,0.00133,172.31.46.0-255,66,105844,58,271749
358,0.001371,74.125.68.0-255,5020,110864,58,271749
359,0.001375,172.31.46.0-255,66,110930,58,271749
360,0.001585,74.125.68.0-255,1484,112414,58,271749
361,0.001589,74.125.68.0-255,1484,113898,58,271749
362,0.001591,172.31.46.0-255,66,113964,58,271749
363,0.00161,74.125.68.0-255,1484,115448,58,271749
364,0.001624,74.125.68.0-255,1484,116932,58,271749
365,0.001627,172.31.46.0-255,66,116998,58,271749
366,0.001645,74.125.68.0-255,2902,119900,58,271749
367,0.001648,172.31.46.0-255,66,119966,58,271749
368,0.001665,74.125.68.0-255,2902,122868,58,271749
369,0.001667,172.31.46.0-255,66,122934,58,271749
370,0.001689,74.125.68.0-255,2902,125836,58,271749
371,0.001695,74.125.68.0-255,5738,131574,58,271749
372,0.001699,172.31.46.0-255,66,131640,58,271749
373,0.001701,172.31.46.0-255,66,131706,58,271749
374,0.001715,74.125.68.0-255,1484,133190,58,271749
375,0.001739,74.125.68.0-255,7156,140346,58,271749
376,0.001741,172.31.46.0-255,66,140412,58,271749
377,0.001754,74.125.68.0-255,4320,144732,58,271749
378,0.001756,172.31.46.0-255,66,144798,58,271749
379,0.001759,74.125.68.0-255,766,145564,58,271749
380,0.001972,74.125.68.0-255,1484,147048,58,271749
381,0.001976,172.31.46.0-255,66,147114,58,271749
382,0.001979,74.125.68.0-255,1484,148598,58,271749
383,0.001981,74.125.68.0-255,1484,150082,58,271749
384,0.001983,172.31.46.0-255,66,150148,58,271749
385,0.001997,74.125.68.0-255,1484,151632,58,271749
386,0.002003,74.125.68.0-255,5738,157370,58,271749
387,0.002005,172.31.46.0-255,66,157436,58,271749
388,0.002065,172.31.46.0-255,66,157502,58,271749
389,0.002075,172.31.46.0-255,66,157568,58,271749
390,0.00208,74.125.68.0-255,3602,161170,58,271749
391,0.002081,172.31.46.0-255,66,161236,58,271749
392,0.002102,74.125.68.0-255,4320,165556,58,271749
393,0.002105,172.31.46.0-255,66,165622,58,271749
394,0.00212,74.125.68.0-255,5738,171360,58,271749
395,0.002123,172.31.46.0-255,66,171426,58,271749
396,0.00216,74.125.68.0-255,4320,175746,58,271749
397,0.002162,172.31.46.0-255,66,175812,58,271749
398,0.002167,74.125.68.0-255,4320,180132,58,271749
399,0.002169,172.31.46.0-255,66,180198,58,271749
400,0.002187,74.125.68.0-255,5738,185936,58,271749
401,0.002189,172.31.46.0-255,66,186002,58,271749
402,0.002215,172.31.46.0-255,66,186068,58,271749
403,0.002245,172.31.46.0-255,66,186134,58,271749
404,0.002267,74.125.68.0-255,2902,189036,58,271749
405,0.00227,172.31.46.0-255,66,189102,58,271749
406,0.002276,74.125.68.0-255,7156,196258,58,271749
407,0.002278,172.31.46.0-255,66,196324,58,271749
408,0.002297,74.125.68.0-255,5738,202062,58,271749
409,0.0023,172.31.46.0-255,66,202128,58,271749
410,0.002305,74.125.68.0-255,5738,207866,58,271749
411,0.002307,172.31.46.0-255,66,207932,58,271749
412,0.002348,74.125.68.0-255,2902,210834,58,271749
413,0.002351,172.31.46.0-255,66,210900,58,271749
414,0.002389,74.125.68.0-255,3602,214502,58,271749
415,0.002393,172.31.46.0-255,66,214568,58,271749
416,0.002398,74.125.68.0-255,2902,217470,58,271749
417,0.002399,172.31.46.0-255,66,217536,58,271749
418,0.00241,172.31.46.0-255,66,217602,58,271749
419,0.002419,172.31.46.0-255,66,217668,58,271749
420,0.002421,74.125.68.0-255,1484,219152,58,271749
421,0.002457,172.31.46.0-255,66,219218,58,271749
422,0.002461,74.125.68.0-255,4320,223538,58,271749
423,0.002463,172.31.46.0-255,66,223604,58,271749
424,0.002468,74.125.68.0-255,5738,229342,58,271749
425,0.00247,172.31.46.0-255,66,229408,58,271749
426,0.002504,172.31.46.0-255,66,229474,58,271749
427,0.002507,74.125.68.0-255,2902,232376,58,271749
428,0.002509,172.31.46.0-255,66,232442,58,271749
429,0.002511,74.125.68.0-255,1484,233926,58,271749
430,0.004988,74.125.68.0-255,4320,238246,58,271749
431,0.004997,172.31.46.0-255,66,238312,58,271749
432,0.007494,74.125.68.0-255,5738,244050,58,271749
433,0.0075,172.31.46.0-255,66,244116,58,271749
434,0.009994,74.125.68.0-255,5738,249854,58,271749
435,0.01,172.31.46.0-255,66,249920,58,271749
436,0.012503,74.125.68.0-255,5738,255658,58,271749
437,0.012513,172.31.46.0-255,66,255724,58,271749
438,0.014995,74.125.68.0-255,5738,261462,58,271749
439,0.015004,172.31.46.0-255,66,261528,58,271749
440,0.017503,74.125.68.0-255,5738,267266,58,271749
441,0.017511,172.31.46.0-255,66,267332,58,271749
442,0.019996,74.125.68.0-255,4180,271512,58,271749
443,0.020006,172.31.46.0-255,66,271578,58,271749
444,0.025095,172.31.46.0-255,105,271683,58,271749
445,0.027555,74.125.68.0-255,66,271749,58,271749
446,0.0,74.125.24.0-255,153,153,58,211982
447,2.5e-05,172.31.46.0-255,66,219,58,211982
448,3.2e-05,74.125.24.0-255,1484,1703,58,211982
449,3.6e-05,172.31.46.0-255,66,1769,58,211982
450,4.2e-05,74.125.24.0-255,2902,4671,58,211982
451,4.7e-05,172.31.46.0-255,66,4737,58,211982
452,5.3e-05,74.125.24.0-255,5738,10475,58,211982
453,5.7e-05,172.31.46.0-255,66,10541,58,211982
454,9.4e-05,74.125.24.0-255,3510,14051,58,211982
455,9.7e-05,172.31.46.0-255,66,14117,58,211982
456,0.00029,74.125.24.0-255,1484,15601,58,211982
457,0.000295,172.31.46.0-255,66,15667,58,211982
458,0.000301,74.125.24.0-255,2902,18569,58,211982
459,0.000303,172.31.46.0-255,66,18635,58,211982
460,0.000309,74.125.24.0-255,5738,24373,58,211982
461,0.000312,172.31.46.0-255,66,24439,58,211982
462,0.000347,74.125.24.0-255,4320,28759,58,211982
463,0.00035,172.31.46.0-255,66,28825,58,211982
464,0.00037,74.125.24.0-255,2543,31368,58,211982
465,0.000372,172.31.46.0-255,66,31434,58,211982
466,0.000455,74.125.24.0-255,1484,32918,58,211982
467,0.000458,172.31.46.0-255,66,32984,58,211982
468,0.000462,74.125.24.0-255,1484,34468,58,211982
469,0.000464,172.31.46.0-255,66,34534,58,211982
470,0.000475,74.125.24.0-255,1484,36018,58,211982
471,0.000478,172.31.46.0-255,66,36084,58,211982
472,0.000515,74.125.24.0-255,5738,41822,58,211982
473,0.000518,172.31.46.0-255,66,41888,58,211982
474,0.000525,74.125.24.0-255,5738,47626,58,211982
475,0.000528,172.31.46.0-255,66,47692,58,211982
476,0.000533,74.125.24.0-255,4320,52012,58,211982
477,0.000536,172.31.46.0-255,66,52078,58,211982
478,0.000575,172.31.46.0-255,66,52144,58,211982
479,0.00058,74.125.24.0-255,3961,56105,58,211982
480,0.000582,172.31.46.0-255,66,56171,58,211982
481,0.000667,74.125.24.0-255,645,56816,58,211982
482,0.000831,74.125.24.0-255,1484,58300,58,211982
483,0.000835,172.31.46.0-255,66,58366,58,211982
484,0.00084,74.125.24.0-255,2902,61268,58,211982
485,0.000843,172.31.46.0-255,66,61334,58,211982
486,0.000849,74.125.24.0-255,5738,67072,58,211982
487,0.000851,172.31.46.0-255,66,67138,58,211982
488,0.000854,74.125.24.0-255,1484,68622,58,211982
489,0.000884,172.31.46.0-255,66,68688,58,211982
490,0.000903,74.125.24.0-255,7156,75844,58,211982
491,0.000906,172.31.46.0-255,66,75910,58,211982
492,0.000931,74.125.24.0-255,3602,79512,58,211982
493,0.000934,172.31.46.0-255,66,79578,58,211982
494,0.001043,74.125.24.0-255,1484,81062,58,211982
495,0.001048,74.125.24.0-255,2902,83964,58,211982
496,0.001051,172.31.46.0-255,66,84030,58,211982
497,0.001054,74.125.24.0-255,1484,85514,58,211982
498,0.001077,74.125.24.0-255,4320,89834,58,211982
499,0.00108,172.31.46.0-255,66,89900,58,211982
500,0.00111,172.31.46.0-255,66,89966,58,211982
501,0.001139,74.125.24.0-255,2902,92868,58,211982
502,0.001141,172.31.46.0-255,66,92934,58,211982
503,0.001155,172.31.46.0-255,66,93000,58,211982
504,0.001172,74.125.24.0-255,1484,94484,58,211982
505,0.001177,74.125.24.0-255,2902,97386,58,211982
506,0.001179,172.31.46.0-255,66,97452,58,211982
507,0.001183,74.125.24.0-255,1484,98936,58,211982
508,0.001214,74.125.24.0-255,4320,103256,58,211982
509,0.001217,172.31.46.0-255,66,103322,58,211982
510,0.001223,74.125.24.0-255,5738,109060,58,211982
511,0.001225,172.31.46.0-255,66,109126,58,211982
512,0.001228,74.125.24.0-255,1484,110610,58,211982
513,0.00126,172.31.46.0-255,66,110676,58,211982
514,0.001266,74.125.24.0-255,5020,115696,58,211982
515,0.001269,172.31.46.0-255,66,115762,58,211982
516,0.001304,74.125.24.0-255,2902,118664,58,211982
517,0.001307,172.31.46.0-255,66,118730,58,211982
518,0.001312,74.125.24.0-255,4320,123050,58,211982
519,0.001315,172.31.46.0-255,66,123116,58,211982
520,0.001329,74.125.24.0-255,5738,128854,58,211982
521,0.001332,172.31.46.0-255,66,128920,58,211982
522,0.001348,74.125.24.0-255,2902,131822,58,211982
523,0.00135,172.31.46.0-255,66,131888,58,211982
524,0.001383,74.125.24.0-255,4320,136208,58,211982
525,0.001385,172.31.46.0-255,66,136274,58,211982
526,0.001413,172.31.46.0-255,66,136340,58,211982
527,0.001471,74.125.24.0-255,1484,137824,58,211982
528,0.001474,74.125.24.0-255,1484,139308,58,211982
529,0.001476,172.31.46.0-255,66,139374,58,211982
530,0.001494,74.125.24.0-255,1484,140858,58,211982
531,0.0015,74.125.24.0-255,5738,146596,58,211982
532,0.001503,172.31.46.0-255,66,146662,58,211982
533,0.001507,74.125.24.0-255,2902,149564,58,211982
534,0.00151,172.31.46.0-255,66,149630,58,211982
535,0.001529,74.125.24.0-255,2902,152532,58,211982
536,0.001532,172.31.46.0-255,66,152598,58,211982
537,0.001538,74.125.24.0-255,4320,156918,58,211982
538,0.00154,172.31.46.0-255,66,156984,58,211982
539,0.00157,172.31.46.0-255,66,157050,58,211982
540,0.001577,74.125.24.0-255,5020,162070,58,211982
541,0.001579,172.31.46.0-255,66,162136,58,211982
542,0.0016,74.125.24.0-255,5738,167874,58,211982
543,0.001603,172.31.46.0-255,66,167940,58,211982
544,0.001607,74.125.24.0-255,2902,170842,58,211982
545,0.001609,172.31.46.0-255,66,170908,58,211982
546,0.001629,74.125.24.0-255,1484,172392,58,211982
547,0.001655,172.31.46.0-255,66,172458,58,211982
548,0.001693,172.31.46.0-255,66,172524,58,211982
549,0.001715,74.125.24.0-255,766,173290,58,211982
550,0.001809,74.125.24.0-255,1484,174774,58,211982
551,0.001814,172.31.46.0-255,66,174840,58,211982
552,0.001833,74.125.24.0-255,2902,177742,58,211982
553,0.001837,172.31.46.0-255,66,177808,58,211982
554,0.001842,74.125.24.0-255,4320,182128,58,211982
555,0.001844,172.31.46.0-255,66,182194,58,211982
556,0.001866,74.125.24.0-255,1484,183678,58,211982
557,0.001879,172.31.46.0-255,66,183744,58,211982
558,0.001903,74.125.24.0-255,1484,185228,58,211982
559,0.00192,172.31.46.0-255,66,185294,58,211982
560,0.001923,74.125.24.0-255,1484,186778,58,211982
561,0.001927,74.125.24.0-255,2902,189680,58,211982
562,0.00193,172.31.46.0-255,66,189746,58,211982
563,0.001963,74.125.24.0-255,5738,195484,58,211982
564,0.001967,172.31.46.0-255,66,195550,58,211982
565,0.00198,172.31.46.0-255,66,195616,58,211982
566,0.001991,172.31.46.0-255,66,195682,58,211982
567,0.002014,74.125.24.0-255,1484,197166,58,211982
568,0.002029,74.125.24.0-255,4320,201486,58,211982
569,0.002032,172.31.46.0-255,66,201552,58,211982
570,0.002072,172.31.46.0-255,66,201618,58,211982
571,0.002109,74.125.24.0-255,5738,207356,58,211982
572,0.002112,172.31.46.0-255,66,207422,58,211982
573,0.002146,172.31.46.0-255,66,207488,58,211982
574,0.00215,74.125.24.0-255,2902,210390,58,211982
575,0.002153,172.31.46.0-255,66,210456,58,211982
576,0.002203,172.31.46.0-255,66,210522,58,211982
577,0.002206,74.125.24.0-255,1118,211640,58,211982
578,0.002209,74.125.24.0-255,105,211745,58,211982
579,0.009336,172.31.46.0-255,66,211811,58,211982
580,0.009378,172.31.46.0-255,105,211916,58,211982
581,0.011576,74.125.24.0-255,66,211982,58,211982
582,0.0,74.125.24.0-255,153,153,58,231479
583,2e-05,172.31.46.0-255,66,219,58,231479
584,2.8e-05,74.125.24.0-255,1484,1703,58,231479
585,3.2e-05,172.31.46.0-255,66,1769,58,231479
586,4.4e-05,74.125.24.0-255,2902,4671,58,231479
587,4.8e-05,172.31.46.0-255,66,4737,58,231479
588,5.5e-05,74.125.24.0-255,5738,10475,58,231479
589,5.8e-05,172.31.46.0-255,66,10541,58,231479
590,8.6e-05,74.125.24.0-255,3511,14052,58,231479
591,8.9e-05,172.31.46.0-255,66,14118,58,231479
592,0.000158,74.125.24.0-255,1484,15602,58,231479
593,0.000161,172.31.46.0-255,66,15668,58,231479
594,0.000187,74.125.24.0-255,2902,18570,58,231479
595,0.00019,172.31.46.0-255,66,18636,58,231479
596,0.000197,74.125.24.0-255,5738,24374,58,231479
597,0.000199,172.31.46.0-255,66,24440,58,231479
598,0.000227,74.125.24.0-255,2902,27342,58,231479
599,0.00023,172.31.46.0-255,66,27408,58,231479
600,0.00026,172.31.46.0-255,66,27474,58,231479
601,0.000272,172.31.46.0-255,66,27540,58,231479
602,0.000318,74.125.24.0-255,1484,29024,58,231479
603,0.00032,172.31.46.0-255,66,29090,58,231479
604,0.000325,74.125.24.0-255,2902,31992,58,231479
605,0.000327,172.31.46.0-255,66,32058,58,231479
606,0.000338,74.125.24.0-255,5738,37796,58,231479
607,0.000341,172.31.46.0-255,66,37862,58,231479
608,0.000345,74.125.24.0-255,2902,40764,58,231479
609,0.000348,172.31.46.0-255,66,40830,58,231479
610,0.000372,74.125.24.0-255,4234,45064,58,231479
611,0.000379,172.31.46.0-255,66,45130,58,231479
612,0.000575,74.125.24.0-255,132,45262,58,231479
613,0.000605,74.125.24.0-255,346,45608,58,231479
614,0.000859,74.125.24.0-255,1484,47092,58,231479
615,0.000864,172.31.46.0-255,66,47158,58,231479
616,0.00087,74.125.24.0-255,2902,50060,58,231479
617,0.000872,172.31.46.0-255,66,50126,58,231479
618,0.000877,74.125.24.0-255,2902,53028,58,231479
619,0.00088,172.31.46.0-255,66,53094,58,231479
620,0.000908,74.125.24.0-255,2902,55996,58,231479
621,0.000911,172.31.46.0-255,66,56062,58,231479
622,0.000922,172.31.46.0-255,66,56128,58,231479
623,0.000957,74.125.24.0-255,5738,61866,58,231479
624,0.000962,172.31.46.0-255,66,61932,58,231479
625,0.000986,172.31.46.0-255,66,61998,58,231479
626,0.001152,74.125.24.0-255,1484,63482,58,231479
627,0.001159,74.125.24.0-255,2902,66384,58,231479
628,0.001162,172.31.46.0-255,66,66450,58,231479
629,0.001191,74.125.24.0-255,5738,72188,58,231479
630,0.001194,172.31.46.0-255,66,72254,58,231479
631,0.001228,172.31.46.0-255,66,72320,58,231479
632,0.001268,172.31.46.0-255,66,72386,58,231479
633,0.001273,74.125.24.0-255,2902,75288,58,231479
634,0.001275,172.31.46.0-255,66,75354,58,231479
635,0.001316,172.31.46.0-255,66,75420,58,231479
636,0.001352,172.31.46.0-255,66,75486,58,231479
637,0.001771,74.125.24.0-255,1484,76970,58,231479
638,0.0018,74.125.24.0-255,2902,79872,58,231479
639,0.001805,172.31.46.0-255,66,79938,58,231479
640,0.001812,74.125.24.0-255,5738,85676,58,231479
641,0.001814,172.31.46.0-255,66,85742,58,231479
642,0.001832,172.31.46.0-255,66,85808,58,231479
643,0.001874,74.125.24.0-255,4320,90128,58,231479
644,0.001877,172.31.46.0-255,66,90194,58,231479
645,0.001895,74.125.24.0-255,6438,96632,58,231479
646,0.001897,172.31.46.0-255,66,96698,58,231479
647,0.002006,74.125.24.0-255,1484,98182,58,231479
648,0.002011,74.125.24.0-255,2902,101084,58,231479
649,0.002014,172.31.46.0-255,66,101150,58,231479
650,0.00202,74.125.24.0-255,5738,106888,58,231479
651,0.002022,172.31.46.0-255,66,106954,58,231479
652,0.002024,74.125.24.0-255,1484,108438,58,231479
653,0.002049,74.125.24.0-255,5738,114176,58,231479
654,0.002051,172.31.46.0-255,66,114242,58,231479
655,0.002067,74.125.24.0-255,4320,118562,58,231479
656,0.002069,172.31.46.0-255,66,118628,58,231479
657,0.002102,172.31.46.0-255,66,118694,58,231479
658,0.002106,74.125.24.0-255,2184,120878,58,231479
659,0.002108,172.31.46.0-255,66,120944,58,231479
660,0.002158,74.125.24.0-255,1484,122428,58,231479
661,0.002163,74.125.24.0-255,2902,125330,58,231479
662,0.002165,172.31.46.0-255,66,125396,58,231479
663,0.002188,74.125.24.0-255,5738,131134,58,231479
664,0.00219,172.31.46.0-255,66,131200,58,231479
665,0.002193,74.125.24.0-255,1484,132684,58,231479
666,0.002232,74.125.24.0-255,7156,139840,58,231479
667,0.002236,172.31.46.0-255,66,139906,58,231479
668,0.002246,74.125.24.0-255,6438,146344,58,231479
669,0.002278,74.125.24.0-255,7156,153500,58,231479
670,0.002293,74.125.24.0-255,1484,154984,58,231479
671,0.002296,74.125.24.0-255,2902,157886,58,231479
672,0.00232,74.125.24.0-255,7156,165042,58,231479
673,0.002336,74.125.24.0-255,2902,167944,58,231479
674,0.0024,74.125.24.0-255,1484,169428,58,231479
675,0.002416,74.125.24.0-255,2902,172330,58,231479
676,0.002434,74.125.24.0-255,5738,178068,58,231479
677,0.002473,74.125.24.0-255,4320,182388,58,231479
678,0.002476,74.125.24.0-255,1484,183872,58,231479
679,0.002528,74.125.24.0-255,1484,185356,58,231479
680,0.002533,74.125.24.0-255,2902,188258,58,231479
681,0.002543,74.125.24.0-255,4320,192578,58,231479
682,0.002553,74.125.24.0-255,1484,194062,58,231479
683,0.002577,74.125.24.0-255,2902,196964,58,231479
684,0.005493,172.31.46.0-255,66,197030,58,231479
685,0.005499,172.31.46.0-255,66,197096,58,231479
686,0.005502,172.31.46.0-255,66,197162,58,231479
687,0.005505,172.31.46.0-255,66,197228,58,231479
688,0.005516,172.31.46.0-255,66,197294,58,231479
689,0.005519,172.31.46.0-255,66,197360,58,231479
690,0.005521,172.31.46.0-255,66,197426,58,231479
691,0.005525,172.31.46.0-255,66,197492,58,231479
692,0.005527,172.31.46.0-255,66,197558,58,231479
693,0.005529,172.31.46.0-255,66,197624,58,231479
694,0.005532,172.31.46.0-255,66,197690,58,231479
695,0.005535,172.31.46.0-255,66,197756,58,231479
696,0.005538,172.31.46.0-255,66,197822,58,231479
697,0.00554,172.31.46.0-255,66,197888,58,231479
698,0.005544,172.31.46.0-255,66,197954,58,231479
699,0.005547,172.31.46.0-255,66,198020,58,231479
700,0.005549,172.31.46.0-255,66,198086,58,231479
701,0.008151,74.125.24.0-255,5738,203824,58,231479
702,0.008158,172.31.46.0-255,66,203890,58,231479
703,0.010695,74.125.24.0-255,5738,209628,58,231479
704,0.010702,172.31.46.0-255,66,209694,58,231479
705,0.013238,74.125.24.0-255,5738,215432,58,231479
706,0.013251,172.31.46.0-255,66,215498,58,231479
707,0.015827,74.125.24.0-255,5738,221236,58,231479
708,0.015836,172.31.46.0-255,66,221302,58,231479
709,0.01841,74.125.24.0-255,5738,227040,58,231479
710,0.018416,172.31.46.0-255,66,227106,58,231479
711,0.020968,74.125.24.0-255,4136,231242,58,231479
712,0.020976,172.31.46.0-255,66,231308,58,231479
713,0.021149,172.31.46.0-255,105,231413,58,231479
714,0.023729,74.125.24.0-255,66,231479,58,231479
715,0.0,172.217.194.0-255,152,152,58,264617
716,1.6e-05,172.31.46.0-255,66,218,58,264617
717,2.3e-05,172.217.194.0-255,1484,1702,58,264617
718,2.7e-05,172.31.46.0-255,66,1768,58,264617
719,4e-05,172.217.194.0-255,2902,4670,58,264617
720,4.4e-05,172.31.46.0-255,66,4736,58,264617
721,8e-05,172.217.194.0-255,7156,11892,58,264617
722,8.4e-05,172.31.46.0-255,66,11958,58,264617
723,0.000108,172.217.194.0-255,2081,14039,58,264617
724,0.00011,172.31.46.0-255,66,14105,58,264617
725,0.000134,172.217.194.0-255,2902,17007,58,264617
726,0.000136,172.31.46.0-255,66,17073,58,264617
727,0.00016,172.217.194.0-255,4320,21393,58,264617
728,0.000163,172.31.46.0-255,66,21459,58,264617
729,0.00019,172.217.194.0-255,2902,24361,58,264617
730,0.000192,172.31.46.0-255,66,24427,58,264617
731,0.000221,172.217.194.0-255,4320,28747,58,264617
732,0.000225,172.31.46.0-255,66,28813,58,264617
733,0.000251,172.31.46.0-255,66,28879,58,264617
734,0.000263,172.31.46.0-255,66,28945,58,264617
735,0.000266,172.217.194.0-255,1484,30429,58,264617
736,0.000268,172.31.46.0-255,66,30495,58,264617
737,0.000295,172.217.194.0-255,1484,31979,58,264617
738,0.000297,172.31.46.0-255,66,32045,58,264617
739,0.000328,172.217.194.0-255,1484,33529,58,264617
740,0.00033,172.31.46.0-255,66,33595,58,264617
741,0.000338,172.217.194.0-255,5738,39333,58,264617
742,0.00034,172.31.46.0-255,66,39399,58,264617
743,0.000348,172.217.194.0-255,1484,40883,58,264617
744,0.00035,172.31.46.0-255,66,40949,58,264617
745,0.000386,172.217.194.0-255,5379,46328,58,264617
746,0.000389,172.31.46.0-255,66,46394,58,264617
747,0.000396,172.217.194.0-255,6054,52448,58,264617
748,0.000398,172.31.46.0-255,66,52514,58,264617
749,0.000435,172.217.194.0-255,5738,58252,58,264617
750,0.000437,172.31.46.0-255,66,58318,58,264617
751,0.000458,172.217.194.0-255,5094,63412,58,264617
752,0.000461,172.31.46.0-255,66,63478,58,264617
753,0.000466,172.217.194.0-255,2902,66380,58,264617
754,0.000468,172.31.46.0-255,66,66446,58,264617
755,0.000489,172.217.194.0-255,1484,67930,58,264617
756,0.000502,172.217.194.0-255,5738,73668,58,264617
757,0.000505,172.31.46.0-255,66,73734,58,264617
758,0.000528,172.217.194.0-255,6797,80531,58,264617
759,0.00053,172.31.46.0-255,66,80597,58,264617
760,0.000826,172.217.194.0-255,1484,82081,58,264617
761,0.000834,172.217.194.0-255,2902,84983,58,264617
762,0.000837,172.31.46.0-255,66,85049,58,264617
763,0.000845,172.217.194.0-255,5738,90787,58,264617
764,0.000847,172.31.46.0-255,66,90853,58,264617
765,0.000854,172.217.194.0-255,5738,96591,58,264617
766,0.000856,172.31.46.0-255,66,96657,58,264617
767,0.000881,172.217.194.0-255,7156,103813,58,264617
768,0.000883,172.31.46.0-255,66,103879,58,264617
769,0.000895,172.31.46.0-255,66,103945,58,264617
770,0.000923,172.217.194.0-255,2184,106129,58,264617
771,0.000925,172.31.46.0-255,66,106195,58,264617
772,0.001267,172.217.194.0-255,1484,107679,58,264617
773,0.00129,172.217.194.0-255,2902,110581,58,264617
774,0.001294,172.31.46.0-255,66,110647,58,264617
775,0.001302,172.217.194.0-255,5738,116385,58,264617
776,0.001304,172.31.46.0-255,66,116451,58,264617
777,0.001335,172.217.194.0-255,2902,119353,58,264617
778,0.001338,172.31.46.0-255,66,119419,58,264617
779,0.001374,172.31.46.0-255,66,119485,58,264617
780,0.001387,172.31.46.0-255,66,119551,58,264617
781,0.001429,172.217.194.0-255,1484,121035,58,264617
782,0.001447,172.217.194.0-255,2902,123937,58,264617
783,0.00145,172.31.46.0-255,66,124003,58,264617
784,0.001455,172.217.194.0-255,2902,126905,58,264617
785,0.001457,172.31.46.0-255,66,126971,58,264617
786,0.001479,172.217.194.0-255,2902,129873,58,264617
787,0.001482,172.31.46.0-255,66,129939,58,264617
788,0.001492,172.217.194.0-255,5738,135677,58,264617
789,0.001494,172.31.46.0-255,66,135743,58,264617
790,0.001525,172.217.194.0-255,7156,142899,58,264617
791,0.001532,172.31.46.0-255,66,142965,58,264617
792,0.001539,172.217.194.0-255,5738,148703,58,264617
793,0.001541,172.31.46.0-255,66,148769,58,264617
794,0.001581,172.217.194.0-255,5020,153789,58,264617
795,0.001601,172.31.46.0-255,66,153855,58,264617
796,0.00178,172.217.194.0-255,1484,155339,58,264617
797,0.001786,172.217.194.0-255,2902,158241,58,264617
798,0.001789,172.31.46.0-255,66,158307,58,264617
799,0.001796,172.217.194.0-255,5738,164045,58,264617
800,0.001799,172.31.46.0-255,66,164111,58,264617
801,0.001849,172.31.46.0-255,66,164177,58,264617
802,0.001882,172.217.194.0-255,4320,168497,58,264617
803,0.001909,172.31.46.0-255,66,168563,58,264617
804,0.001991,172.217.194.0-255,1484,170047,58,264617
805,0.001997,172.217.194.0-255,2902,172949,58,264617
806,0.002,172.31.46.0-255,66,173015,58,264617
807,0.002007,172.217.194.0-255,5738,178753,58,264617
808,0.002023,172.31.46.0-255,66,178819,58,264617
809,0.002059,172.31.46.0-255,66,178885,58,264617
810,0.002068,172.217.194.0-255,2902,181787,58,264617
811,0.002071,172.31.46.0-255,78,181865,58,264617
812,0.002083,172.217.194.0-255,7156,189021,58,264617
813,0.002087,172.31.46.0-255,78,189099,58,264617
814,0.002136,172.31.46.0-255,66,189165,58,264617
815,0.004175,172.217.194.0-255,5738,194903,58,264617
816,0.004185,172.31.46.0-255,66,194969,58,264617
817,0.006216,172.217.194.0-255,5738,200707,58,264617
818,0.006221,172.31.46.0-255,66,200773,58,264617
819,0.00827,172.217.194.0-255,5738,206511,58,264617
820,0.008273,172.31.46.0-255,66,206577,58,264617
821,0.01034,172.217.194.0-255,5738,212315,58,264617
822,0.010347,172.31.46.0-255,66,212381,58,264617
823,0.012417,172.217.194.0-255,5738,218119,58,264617
824,0.012425,172.31.46.0-255,66,218185,58,264617
825,0.014464,172.217.194.0-255,5738,223923,58,264617
826,0.014472,172.31.46.0-255,66,223989,58,264617
827,0.016559,172.217.194.0-255,5738,229727,58,264617
828,0.016567,172.31.46.0-255,66,229793,58,264617
829,0.018627,172.217.194.0-255,5738,235531,58,264617
830,0.018636,172.31.46.0-255,66,235597,58,264617
831,0.020679,172.217.194.0-255,5738,241335,58,264617
832,0.020686,172.31.46.0-255,66,241401,58,264617
833,0.022758,172.217.194.0-255,5738,247139,58,264617
834,0.022765,172.31.46.0-255,66,247205,58,264617
835,0.024827,172.217.194.0-255,5738,252943,58,264617
836,0.024834,172.31.46.0-255,66,253009,58,264617
837,0.026915,172.217.194.0-255,5738,258747,58,264617
838,0.026922,172.31.46.0-255,66,258813,58,264617
839,0.028974,172.217.194.0-255,5738,264551,58,264617
840,0.028982,172.31.46.0-255,66,264617,58,264617
841,0.0,172.217.194.0-255,156,156,58,169830
842,2.5e-05,172.31.46.0-255,66,222,58,169830
843,3.2e-05,172.217.194.0-255,1484,1706,58,169830
844,3.7e-05,172.31.46.0-255,66,1772,58,169830
845,4e-05,172.217.194.0-255,1484,3256,58,169830
846,5.1e-05,172.31.46.0-255,66,3322,58,169830
847,5.9e-05,172.217.194.0-255,4320,7642,58,169830
848,6.2e-05,172.31.46.0-255,66,7708,58,169830
849,0.000127,172.31.46.0-255,66,7774,58,169830
850,0.00014,172.31.46.0-255,66,7840,58,169830
851,0.000142,172.217.194.0-255,1125,8965,58,169830
852,0.000145,172.31.46.0-255,66,9031,58,169830
853,0.000208,172.217.194.0-255,1484,10515,58,169830
854,0.000211,172.31.46.0-255,66,10581,58,169830
855,0.000217,172.217.194.0-255,2902,13483,58,169830
856,0.000219,172.31.46.0-255,66,13549,58,169830
857,0.000239,172.217.194.0-255,5738,19287,58,169830
858,0.000241,172.31.46.0-255,66,19353,58,169830
859,0.000279,172.217.194.0-255,4320,23673,58,169830
860,0.000282,172.31.46.0-255,66,23739,58,169830
861,0.000326,172.31.46.0-255,66,23805,58,169830
862,0.000337,172.31.46.0-255,66,23871,58,169830
863,0.000344,172.217.194.0-255,1415,25286,58,169830
864,0.000346,172.31.46.0-255,66,25352,58,169830
865,0.000583,172.217.194.0-255,364,25716,58,169830
866,0.000589,172.31.46.0-255,66,25782,58,169830
867,0.000646,172.217.194.0-255,1484,27266,58,169830
868,0.00065,172.31.46.0-255,66,27332,58,169830
869,0.000655,172.217.194.0-255,2902,30234,58,169830
870,0.000657,172.31.46.0-255,66,30300,58,169830
871,0.000681,172.217.194.0-255,5738,36038,58,169830
872,0.000684,172.31.46.0-255,66,36104,58,169830
873,0.000724,172.31.46.0-255,66,36170,58,169830
874,0.000729,172.217.194.0-255,2902,39072,58,169830
875,0.000765,172.217.194.0-255,2184,41256,58,169830
876,0.000779,172.31.46.0-255,66,41322,58,169830
877,0.001225,172.217.194.0-255,1484,42806,58,169830
878,0.001232,172.217.194.0-255,2902,45708,58,169830
879,0.001236,172.31.46.0-255,66,45774,58,169830
880,0.001266,172.217.194.0-255,5738,51512,58,169830
881,0.001269,172.31.46.0-255,66,51578,58,169830
882,0.001273,172.217.194.0-255,2902,54480,58,169830
883,0.001275,172.31.46.0-255,66,54546,58,169830
884,0.00129,172.31.46.0-255,66,54612,58,169830
885,0.001313,172.217.194.0-255,2902,57514,58,169830
886,0.001316,172.31.46.0-255,66,57580,58,169830
887,0.001359,172.31.46.0-255,66,57646,58,169830
888,0.001382,172.217.194.0-255,1484,59130,58,169830
889,0.001387,172.217.194.0-255,2902,62032,58,169830
890,0.001389,172.31.46.0-255,66,62098,58,169830
891,0.001392,172.217.194.0-255,1484,63582,58,169830
892,0.001422,172.217.194.0-255,4320,67902,58,169830
893,0.001425,172.31.46.0-255,66,67968,58,169830
894,0.001474,172.31.46.0-255,66,68034,58,169830
895,0.001523,172.31.46.0-255,66,68100,58,169830
896,0.001609,172.217.194.0-255,1484,69584,58,169830
897,0.001614,172.217.194.0-255,2902,72486,58,169830
898,0.001627,172.217.194.0-255,2902,75388,58,169830
899,0.001661,172.217.194.0-255,2902,78290,58,169830
900,0.001678,172.31.46.0-255,66,78356,58,169830
901,0.001688,172.217.194.0-255,1484,79840,58,169830
902,0.001732,172.31.46.0-255,66,79906,58,169830
903,0.001798,172.31.46.0-255,66,79972,58,169830
904,0.001823,172.31.46.0-255,66,80038,58,169830
905,0.00187,172.217.194.0-255,4320,84358,58,169830
906,0.001885,172.217.194.0-255,2184,86542,58,169830
907,0.001896,172.31.46.0-255,66,86608,58,169830
908,0.001925,172.217.194.0-255,4320,90928,58,169830
909,0.001929,172.217.194.0-255,2902,93830,58,169830
910,0.00195,172.217.194.0-255,2902,96732,58,169830
911,0.001967,172.31.46.0-255,66,96798,58,169830
912,0.001979,172.217.194.0-255,2902,99700,58,169830
913,0.002013,172.31.46.0-255,66,99766,58,169830
914,0.002023,172.217.194.0-255,4320,104086,58,169830
915,0.002028,172.31.46.0-255,66,104152,58,169830
916,0.002154,172.31.46.0-255,66,104218,58,169830
917,0.00441,172.217.194.0-255,5738,109956,58,169830
918,0.004419,172.31.46.0-255,66,110022,58,169830
919,0.006672,172.217.194.0-255,5738,115760,58,169830
920,0.006683,172.31.46.0-255,66,115826,58,169830
921,0.008914,172.217.194.0-255,5738,121564,58,169830
922,0.008918,172.31.46.0-255,66,121630,58,169830
923,0.011185,172.217.194.0-255,5738,127368,58,169830
924,0.011196,172.31.46.0-255,66,127434,58,169830
925,0.01345,172.217.194.0-255,5738,133172,58,169830
926,0.013467,172.31.46.0-255,66,133238,58,169830
927,0.015724,172.217.194.0-255,5738,138976,58,169830
928,0.015741,172.31.46.0-255,66,139042,58,169830
929,0.01801,172.217.194.0-255,5738,144780,58,169830
930,0.018027,172.31.46.0-255,66,144846,58,169830
931,0.020306,172.217.194.0-255,5738,150584,58,169830
932,0.020324,172.31.46.0-255,66,150650,58,169830
933,0.022575,172.217.194.0-255,5738,156388,58,169830
934,0.02259,172.31.46.0-255,66,156454,58,169830
935,0.024859,172.217.194.0-255,5738,162192,58,169830
936,0.024874,172.31.46.0-255,66,162258,58,169830
937,0.027142,172.217.194.0-255,5738,167996,58,169830
938,0.027171,172.31.46.0-255,66,168062,58,169830
939,0.029442,172.217.194.0-255,1702,169764,58,169830
940,0.02946,172.31.46.0-255,66,169830,58,169830
941,0.0,74.125.24.0-255,158,158,58,190866
942,2.2e-05,172.31.46.0-255,66,224,58,190866
943,2.9e-05,74.125.24.0-255,1484,1708,58,190866
944,3.3e-05,172.31.46.0-255,66,1774,58,190866
945,3.9e-05,74.125.24.0-255,2902,4676,58,190866
946,4.2e-05,172.31.46.0-255,66,4742,58,190866
947,4.7e-05,74.125.24.0-255,2902,7644,58,190866
948,4.9e-05,172.31.46.0-255,66,7710,58,190866
949,8.4e-05,74.125.24.0-255,5738,13448,58,190866
950,8.7e-05,172.31.46.0-255,66,13514,58,190866
951,9.9e-05,74.125.24.0-255,659,14173,58,190866
952,0.000101,172.31.46.0-255,66,14239,58,190866
953,0.000149,74.125.24.0-255,1484,15723,58,190866
954,0.000152,172.31.46.0-255,66,15789,58,190866
955,0.000157,74.125.24.0-255,2902,18691,58,190866
956,0.000159,172.31.46.0-255,66,18757,58,190866
957,0.000176,74.125.24.0-255,5738,24495,58,190866
958,0.000179,172.31.46.0-255,66,24561,58,190866
959,0.000185,74.125.24.0-255,4320,28881,58,190866
960,0.000187,172.31.46.0-255,66,28947,58,190866
961,0.000227,74.125.24.0-255,2543,31490,58,190866
962,0.000231,172.31.46.0-255,66,31556,58,190866
963,0.000501,74.125.24.0-255,1484,33040,58,190866
964,0.000506,172.31.46.0-255,66,33106,58,190866
965,0.000513,74.125.24.0-255,2902,36008,58,190866
966,0.000515,172.31.46.0-255,66,36074,58,190866
967,0.000521,74.125.24.0-255,5738,41812,58,190866
968,0.000524,172.31.46.0-255,66,41878,58,190866
969,0.000554,74.125.24.0-255,6797,48675,58,190866
970,0.000557,172.31.46.0-255,66,48741,58,190866
971,0.000566,74.125.24.0-255,7156,55897,58,190866
972,0.000568,172.31.46.0-255,66,55963,58,190866
973,0.000598,74.125.24.0-255,7156,63119,58,190866
974,0.000602,74.125.24.0-255,2543,65662,58,190866
975,0.000606,172.31.46.0-255,66,65728,58,190866
976,0.000609,172.31.46.0-255,66,65794,58,190866
977,0.000829,74.125.24.0-255,648,66442,58,190866
978,0.000999,74.125.24.0-255,1484,67926,58,190866
979,0.001003,172.31.46.0-255,66,67992,58,190866
980,0.001008,74.125.24.0-255,2902,70894,58,190866
981,0.001011,172.31.46.0-255,66,70960,58,190866
982,0.001017,74.125.24.0-255,4320,75280,58,190866
983,0.001019,172.31.46.0-255,66,75346,58,190866
984,0.001034,74.125.24.0-255,1484,76830,58,190866
985,0.001038,74.125.24.0-255,1484,78314,58,190866
986,0.00104,172.31.46.0-255,66,78380,58,190866
987,0.001064,172.31.46.0-255,66,78446,58,190866
988,0.001089,74.125.24.0-255,2902,81348,58,190866
989,0.001092,172.31.46.0-255,66,81414,58,190866
990,0.00111,172.31.46.0-255,66,81480,58,190866
991,0.001231,74.125.24.0-255,1484,82964,58,190866
992,0.001244,74.125.24.0-255,2902,85866,58,190866
993,0.001247,172.31.46.0-255,66,85932,58,190866
994,0.001261,74.125.24.0-255,4320,90252,58,190866
995,0.001263,172.31.46.0-255,66,90318,58,190866
996,0.001299,172.31.46.0-255,66,90384,58,190866
997,0.001316,74.125.24.0-255,5738,96122,58,190866
998,0.001318,172.31.46.0-255,66,96188,58,190866
999,0.001356,172.31.46.0-255,66,96254,58,190866
1000,0.001588,74.125.24.0-255,1484,97738,58,190866
1001,0.001595,74.125.24.0-255,2902,100640,58,190866
1002,0.001598,172.31.46.0-255,66,100706,58,190866
1003,0.001621,74.125.24.0-255,5738,106444,58,190866
1004,0.001624,172.31.46.0-255,66,106510,58,190866
1005,0.001627,74.125.24.0-255,1484,107994,58,190866
1006,0.001662,74.125.24.0-255,1484,109478,58,190866
1007,0.001666,172.31.46.0-255,66,109544,58,190866
1008,0.001697,172.31.46.0-255,66,109610,58,190866
1009,0.003664,74.125.24.0-255,5738,115348,58,190866
1010,0.003673,172.31.46.0-255,66,115414,58,190866
1011,0.005649,74.125.24.0-255,5738,121152,58,190866
1012,0.005653,172.31.46.0-255,66,121218,58,190866
1013,0.007598,74.125.24.0-255,5738,126956,58,190866
1014,0.007604,172.31.46.0-255,66,127022,58,190866
1015,0.00957,74.125.24.0-255,5738,132760,58,190866
1016,0.009577,172.31.46.0-255,66,132826,58,190866
1017,0.011549,74.125.24.0-255,5738,138564,58,190866
1018,0.01156,172.31.46.0-255,66,138630,58,190866
1019,0.01355,74.125.24.0-255,5738,144368,58,190866
1020,0.013555,172.31.46.0-255,66,144434,58,190866
1021,0.015511,74.125.24.0-255,5738,150172,58,190866
1022,0.015528,172.31.46.0-255,66,150238,58,190866
1023,0.01752,74.125.24.0-255,5738,155976,58,190866
1024,0.017534,172.31.46.0-255,66,156042,58,190866
1025,0.019523,74.125.24.0-255,5738,161780,58,190866
1026,0.019532,172.31.46.0-255,66,161846,58,190866
1027,0.02151,74.125.24.0-255,5738,167584,58,190866
1028,0.021516,172.31.46.0-255,66,167650,58,190866
1029,0.023468,74.125.24.0-255,5738,173388,58,190866
1030,0.023477,172.31.46.0-255,66,173454,58,190866
1031,0.02545,74.125.24.0-255,5738,179192,58,190866
1032,0.025458,172.31.46.0-255,66,179258,58,190866
1033,0.027451,74.125.24.0-255,5738,184996,58,190866
1034,0.027459,172.31.46.0-255,66,185062,58,190866
1035,0.02943,74.125.24.0-255,5738,190800,58,190866
1036,0.029437,172.31.46.0-255,66,190866,58,190866
1037,0.0,74.125.24.0-255,146,146,58,160343
1038,2.7e-05,172.31.46.0-255,66,212,58,160343
1039,3.5e-05,74.125.24.0-255,1484,1696,58,160343
1040,4e-05,172.31.46.0-255,66,1762,58,160343
1041,4.7e-05,74.125.24.0-255,2902,4664,58,160343
1042,5.1e-05,172.31.46.0-255,66,4730,58,160343
1043,5.8e-05,74.125.24.0-255,5738,10468,58,160343
1044,6.1e-05,172.31.46.0-255,66,10534,58,160343
1045,6.7e-05,74.125.24.0-255,3461,13995,58,160343
1046,7.1e-05,172.31.46.0-255,66,14061,58,160343
1047,0.000242,74.125.24.0-255,1484,15545,58,160343
1048,0.000248,172.31.46.0-255,66,15611,58,160343
1049,0.000255,74.125.24.0-255,2902,18513,58,160343
1050,0.000257,172.31.46.0-255,66,18579,58,160343
1051,0.000264,74.125.24.0-255,5738,24317,58,160343
1052,0.000267,172.31.46.0-255,66,24383,58,160343
1053,0.000303,74.125.24.0-255,6797,31180,58,160343
1054,0.000306,172.31.46.0-255,66,31246,58,160343
1055,0.000405,74.125.24.0-255,1484,32730,58,160343
1056,0.000409,172.31.46.0-255,66,32796,58,160343
1057,0.000415,74.125.24.0-255,2902,35698,58,160343
1058,0.000417,172.31.46.0-255,66,35764,58,160343
1059,0.000438,74.125.24.0-255,5738,41502,58,160343
1060,0.000442,172.31.46.0-255,66,41568,58,160343
1061,0.000467,74.125.24.0-255,4320,45888,58,160343
1062,0.00047,172.31.46.0-255,66,45954,58,160343
1063,0.000517,172.31.46.0-255,66,46020,58,160343
1064,0.00053,172.31.46.0-255,66,46086,58,160343
1065,0.000749,74.125.24.0-255,131,46217,58,160343
1066,0.000754,172.31.46.0-255,66,46283,58,160343
1067,0.00077,74.125.24.0-255,346,46629,58,160343
1068,0.000772,172.31.46.0-255,66,46695,58,160343
1069,0.001155,74.125.24.0-255,1484,48179,58,160343
1070,0.00116,172.31.46.0-255,66,48245,58,160343
1071,0.001166,74.125.24.0-255,2902,51147,58,160343
1072,0.001168,172.31.46.0-255,66,51213,58,160343
1073,0.001174,74.125.24.0-255,5738,56951,58,160343
1074,0.001177,172.31.46.0-255,66,57017,58,160343
1075,0.001214,172.31.46.0-255,66,57083,58,160343
1076,0.001218,74.125.24.0-255,1484,58567,58,160343
1077,0.00122,172.31.46.0-255,66,58633,58,160343
1078,0.001249,172.31.46.0-255,66,58699,58,160343
1079,0.001479,74.125.24.0-255,1484,60183,58,160343
1080,0.001484,172.31.46.0-255,66,60249,58,160343
1081,0.001489,74.125.24.0-255,2902,63151,58,160343
1082,0.001491,172.31.46.0-255,66,63217,58,160343
1083,0.001497,74.125.24.0-255,4320,67537,58,160343
1084,0.0015,172.31.46.0-255,66,67603,58,160343
1085,0.001534,172.31.46.0-255,66,67669,58,160343
1086,0.001551,74.125.24.0-255,1484,69153,58,160343
1087,0.001554,172.31.46.0-255,66,69219,58,160343
1088,0.001586,172.31.46.0-255,66,69285,58,160343
1089,0.001589,74.125.24.0-255,1484,70769,58,160343
1090,0.001591,172.31.46.0-255,66,70835,58,160343
1091,0.001638,172.31.46.0-255,66,70901,58,160343
1092,0.001692,172.31.46.0-255,66,70967,58,160343
1093,0.001697,74.125.24.0-255,4320,75287,58,160343
1094,0.0017,172.31.46.0-255,66,75353,58,160343
1095,0.001718,74.125.24.0-255,7156,82509,58,160343
1096,0.00172,172.31.46.0-255,66,82575,58,160343
1097,0.001724,74.125.24.0-255,1484,84059,58,160343
1098,0.001726,172.31.46.0-255,66,84125,58,160343
1099,0.001771,172.31.46.0-255,66,84191,58,160343
1100,0.001779,74.125.24.0-255,6438,90629,58,160343
1101,0.001782,172.31.46.0-255,66,90695,58,160343
1102,0.004057,74.125.24.0-255,5738,96433,58,160343
1103,0.004066,172.31.46.0-255,66,96499,58,160343
1104,0.006328,74.125.24.0-255,5738,102237,58,160343
1105,0.006336,172.31.46.0-255,66,102303,58,160343
1106,0.008579,74.125.24.0-255,5738,108041,58,160343
1107,0.008585,172.31.46.0-255,66,108107,58,160343
1108,0.010847,74.125.24.0-255,5738,113845,58,160343
1109,0.010854,172.31.46.0-255,66,113911,58,160343
1110,0.013112,74.125.24.0-255,5738,119649,58,160343
1111,0.01312,172.31.46.0-255,66,119715,58,160343
1112,0.015402,74.125.24.0-255,5738,125453,58,160343
1113,0.01541,172.31.46.0-255,66,125519,58,160343
1114,0.017652,74.125.24.0-255,5738,131257,58,160343
1115,0.017675,172.31.46.0-255,66,131323,58,160343
1116,0.019965,74.125.24.0-255,5738,137061,58,160343
1117,0.019973,172.31.46.0-255,66,137127,58,160343
1118,0.022272,74.125.24.0-255,5738,142865,58,160343
1119,0.02228,172.31.46.0-255,66,142931,58,160343
1120,0.024531,74.125.24.0-255,5738,148669,58,160343
1121,0.024541,172.31.46.0-255,66,148735,58,160343
1122,0.026796,74.125.24.0-255,5738,154473,58,160343
1123,0.026804,172.31.46.0-255,66,154539,58,160343
1124,0.029063,74.125.24.0-255,5738,160277,58,160343
1125,0.029072,172.31.46.0-255,66,160343,58,160343
1126,0.0,74.125.68.0-255,153,153,58,172437
1127,2.9e-05,172.31.46.0-255,66,219,58,172437
1128,3.5e-05,74.125.68.0-255,1484,1703,58,172437
1129,3.9e-05,172.31.46.0-255,66,1769,58,172437
1130,4.3e-05,74.125.68.0-255,2902,4671,58,172437
1131,5.4e-05,172.31.46.0-255,66,4737,58,172437
1132,5.8e-05,74.125.68.0-255,2902,7639,58,172437
1133,6.1e-05,172.31.46.0-255,66,7705,58,172437
1134,8.9e-05,74.125.68.0-255,1484,9189,58,172437
1135,9.2e-05,172.31.46.0-255,66,9255,58,172437
1136,9.7e-05,74.125.68.0-255,4911,14166,58,172437
1137,9.9e-05,172.31.46.0-255,66,14232,58,172437
1138,0.000126,74.125.68.0-255,7156,21388,58,172437
1139,0.000129,172.31.46.0-255,66,21454,58,172437
1140,0.00015,74.125.68.0-255,4320,25774,58,172437
1141,0.000151,172.31.46.0-255,66,25840,58,172437
1142,0.00018,74.125.68.0-255,5379,31219,58,172437
1143,0.000183,172.31.46.0-255,66,31285,58,172437
1144,0.000581,74.125.68.0-255,1484,32769,58,172437
1145,0.000586,172.31.46.0-255,66,32835,58,172437
1146,0.000592,74.125.68.0-255,1484,34319,58,172437
1147,0.000594,172.31.46.0-255,66,34385,58,172437
1148,0.000616,74.125.68.0-255,1484,35869,58,172437
1149,0.000619,172.31.46.0-255,66,35935,58,172437
1150,0.000623,74.125.68.0-255,2902,38837,58,172437
1151,0.000625,172.31.46.0-255,66,38903,58,172437
1152,0.000635,74.125.68.0-255,4320,43223,58,172437
1153,0.000637,172.31.46.0-255,66,43289,58,172437
1154,0.000675,74.125.68.0-255,4320,47609,58,172437
1155,0.000678,172.31.46.0-255,66,47675,58,172437
1156,0.000706,74.125.68.0-255,5379,53054,58,172437
1157,0.000709,172.31.46.0-255,66,53120,58,172437
1158,0.000718,172.31.46.0-255,66,53186,58,172437
1159,0.000727,74.125.68.0-255,2854,56040,58,172437
1160,0.00073,172.31.46.0-255,66,56106,58,172437
1161,0.000757,74.125.68.0-255,111,56217,58,172437
1162,0.001651,74.125.68.0-255,1484,57701,58,172437
1163,0.001657,172.31.46.0-255,66,57767,58,172437
1164,0.001662,74.125.68.0-255,2902,60669,58,172437
1165,0.001665,172.31.46.0-255,66,60735,58,172437
1166,0.001667,74.125.68.0-255,1484,62219,58,172437
1167,0.001694,74.125.68.0-255,2902,65121,58,172437
1168,0.001696,172.31.46.0-255,66,65187,58,172437
1169,0.001702,74.125.68.0-255,5738,70925,58,172437
1170,0.001703,172.31.46.0-255,66,70991,58,172437
1171,0.001725,74.125.68.0-255,2902,73893,58,172437
1172,0.001727,172.31.46.0-255,66,73959,58,172437
1173,0.001772,74.125.68.0-255,2902,76861,58,172437
1174,0.001774,172.31.46.0-255,66,76927,58,172437
1175,0.001795,74.125.68.0-255,4320,81247,58,172437
1176,0.001797,172.31.46.0-255,66,81313,58,172437
1177,0.001822,74.125.68.0-255,7156,88469,58,172437
1178,0.001824,172.31.46.0-255,66,88535,58,172437
1179,0.001845,74.125.68.0-255,1484,90019,58,172437
1180,0.001848,74.125.68.0-255,766,90785,58,172437
1181,0.00185,172.31.46.0-255,66,90851,58,172437
1182,0.002055,74.125.68.0-255,1484,92335,58,172437
1183,0.002073,74.125.68.0-255,2902,95237,58,172437
1184,0.002076,172.31.46.0-255,66,95303,58,172437
1185,0.002079,74.125.68.0-255,1484,96787,58,172437
1186,0.002099,74.125.68.0-255,1484,98271,58,172437
1187,0.002102,172.31.46.0-255,66,98337,58,172437
1188,0.004133,74.125.68.0-255,4320,102657,58,172437
1189,0.004137,172.31.46.0-255,66,102723,58,172437
1190,0.004162,74.125.68.0-255,1484,104207,58,172437
1191,0.006194,74.125.68.0-255,4320,108527,58,172437
1192,0.006201,172.31.46.0-255,66,108593,58,172437
1193,0.008262,74.125.68.0-255,5738,114331,58,172437
1194,0.008271,172.31.46.0-255,66,114397,58,172437
1195,0.010331,74.125.68.0-255,5738,120135,58,172437
1196,0.010339,172.31.46.0-255,66,120201,58,172437
1197,0.012415,74.125.68.0-255,5738,125939,58,172437
1198,0.012424,172.31.46.0-255,66,126005,58,172437
1199,0.014495,74.125.68.0-255,5738,131743,58,172437
1200,0.014504,172.31.46.0-255,66,131809,58,172437
1201,0.016565,74.125.68.0-255,5738,137547,58,172437
1202,0.016572,172.31.46.0-255,66,137613,58,172437
1203,0.018624,74.125.68.0-255,5738,143351,58,172437
1204,0.018628,172.31.46.0-255,66,143417,58,172437
1205,0.020688,74.125.68.0-255,5738,149155,58,172437
1206,0.020694,172.31.46.0-255,66,149221,58,172437
1207,0.022764,74.125.68.0-255,5738,154959,58,172437
1208,0.022771,172.31.46.0-255,66,155025,58,172437
1209,0.024831,74.125.68.0-255,5738,160763,58,172437
1210,0.024837,172.31.46.0-255,66,160829,58,172437
1211,0.026896,74.125.68.0-255,5738,166567,58,172437
1212,0.026902,172.31.46.0-255,66,166633,58,172437
1213,0.028964,74.125.68.0-255,5738,172371,58,172437
1214,0.02897,172.31.46.0-255,66,172437,58,172437
1215,0.0,74.125.24.0-255,153,153,58,223524
1216,1.9e-05,172.31.46.0-255,66,219,58,223524
1217,2.7e-05,74.125.24.0-255,1484,1703,58,223524
1218,3.1e-05,172.31.46.0-255,66,1769,58,223524
1219,3.8e-05,74.125.24.0-255,2902,4671,58,223524
1220,4.2e-05,172.31.46.0-255,66,4737,58,223524
1221,5e-05,74.125.24.0-255,7156,11893,58,223524
1222,5.4e-05,172.31.46.0-255,66,11959,58,223524
1223,5.8e-05,74.125.24.0-255,1941,13900,58,223524
1224,6.1e-05,172.31.46.0-255,66,13966,58,223524
1225,0.000105,74.125.24.0-255,7156,21122,58,223524
1226,0.000108,172.31.46.0-255,66,21188,58,223524
1227,0.000115,74.125.24.0-255,5738,26926,58,223524
1228,0.000118,172.31.46.0-255,66,26992,58,223524
1229,0.000136,74.125.24.0-255,2902,29894,58,223524
1230,0.000138,172.31.46.0-255,66,29960,58,223524
1231,0.000141,74.125.24.0-255,1125,31085,58,223524
1232,0.000143,172.31.46.0-255,66,31151,58,223524
1233,0.000287,74.125.24.0-255,1484,32635,58,223524
1234,0.000292,172.31.46.0-255,66,32701,58,223524
1235,0.000298,74.125.24.0-255,2902,35603,58,223524
1236,0.000301,172.31.46.0-255,66,35669,58,223524
1237,0.000329,74.125.24.0-255,5738,41407,58,223524
1238,0.000332,172.31.46.0-255,66,41473,58,223524
1239,0.000367,172.31.46.0-255,66,41539,58,223524
1240,0.000374,74.125.24.0-255,7156,48695,58,223524
1241,0.000377,172.31.46.0-255,66,48761,58,223524
1242,0.000422,74.125.24.0-255,2870,51631,58,223524
1243,0.000424,172.31.46.0-255,66,51697,58,223524
1244,0.000479,74.125.24.0-255,115,51812,58,223524
1245,0.000481,172.31.46.0-255,66,51878,58,223524
1246,0.000599,74.125.24.0-255,332,52210,58,223524
1247,0.000604,172.31.46.0-255,66,52276,58,223524
1248,0.001044,74.125.24.0-255,1484,53760,58,223524
1249,0.001052,74.125.24.0-255,2902,56662,58,223524
1250,0.001055,172.31.46.0-255,66,56728,58,223524
1251,0.001062,74.125.24.0-255,4320,61048,58,223524
1252,0.001074,74.125.24.0-255,1484,62532,58,223524
1253,0.001077,74.125.24.0-255,1484,64016,58,223524
1254,0.001089,74.125.24.0-255,2902,66918,58,223524
1255,0.001096,172.31.46.0-255,66,66984,58,223524
1256,0.001111,74.125.24.0-255,2902,69886,58,223524
1257,0.001126,74.125.24.0-255,1484,71370,58,223524
1258,0.001129,172.31.46.0-255,66,71436,58,223524
1259,0.001159,74.125.24.0-255,2902,74338,58,223524
1260,0.001163,74.125.24.0-255,2184,76522,58,223524
1261,0.001184,172.31.46.0-255,66,76588,58,223524
1262,0.001688,74.125.24.0-255,1484,78072,58,223524
1263,0.001693,172.31.46.0-255,66,78138,58,223524
1264,0.001704,74.125.24.0-255,2902,81040,58,223524
1265,0.001711,74.125.24.0-255,5738,86778,58,223524
1266,0.00173,74.125.24.0-255,5738,92516,58,223524
1267,0.001746,74.125.24.0-255,5738,98254,58,223524
1268,0.001792,74.125.24.0-255,7156,105410,58,223524
1269,0.001809,74.125.24.0-255,5020,110430,58,223524
1270,0.001862,74.125.24.0-255,1484,111914,58,223524
1271,0.00188,74.125.24.0-255,2902,114816,58,223524
1272,0.001886,74.125.24.0-255,5738,120554,58,223524
1273,0.00193,74.125.24.0-255,1484,122038,58,223524
1274,0.001933,74.125.24.0-255,1484,123522,58,223524
1275,0.002042,74.125.24.0-255,1484,125006,58,223524
1276,0.002047,74.125.24.0-255,2902,127908,58,223524
1277,0.002051,74.125.24.0-255,1484,129392,58,223524
1278,0.002068,74.125.24.0-255,4320,133712,58,223524
1279,0.002131,74.125.24.0-255,4320,138032,58,223524
1280,0.002193,74.125.24.0-255,4320,142352,58,223524
1281,0.002217,74.125.24.0-255,1484,143836,58,223524
1282,0.002253,74.125.24.0-255,6438,150274,58,223524
1283,0.002273,74.125.24.0-255,1484,151758,58,223524
1284,0.002293,74.125.24.0-255,2902,154660,58,223524
1285,0.0023,74.125.24.0-255,5738,160398,58,223524
1286,0.002368,74.125.24.0-255,4320,164718,58,223524
1287,0.002383,74.125.24.0-255,2902,167620,58,223524
1288,0.002389,74.125.24.0-255,3602,171222,58,223524
1289,0.007081,172.31.46.0-255,66,171288,58,223524
1290,0.009409,74.125.24.0-255,5738,177026,58,223524
1291,0.009416,172.31.46.0-255,66,177092,58,223524
1292,0.011761,74.125.24.0-255,5738,182830,58,223524
1293,0.011769,172.31.46.0-255,66,182896,58,223524
1294,0.014118,74.125.24.0-255,5738,188634,58,223524
1295,0.015144,172.31.46.0-255,66,188700,58,223524
1296,0.017505,74.125.24.0-255,5738,194438,58,223524
1297,0.017514,172.31.46.0-255,66,194504,58,223524
1298,0.019863,74.125.24.0-255,5738,200242,58,223524
1299,0.019872,172.31.46.0-255,66,200308,58,223524
1300,0.022203,74.125.24.0-255,5738,206046,58,223524
1301,0.022212,172.31.46.0-255,66,206112,58,223524
1302,0.024573,74.125.24.0-255,5738,211850,58,223524
1303,0.02458,172.31.46.0-255,66,211916,58,223524
1304,0.026939,74.125.24.0-255,5738,217654,58,223524
1305,0.026946,172.31.46.0-255,66,217720,58,223524
1306,0.029292,74.125.24.0-255,5738,223458,58,223524
1307,0.0293,172.31.46.0-255,66,223524,58,223524
1308,0.0,74.125.200.0-255,153,153,58,242608
1309,3.1e-05,172.31.46.0-255,66,219,58,242608
1310,3.8e-05,74.125.200.0-255,1484,1703,58,242608
1311,4.3e-05,172.31.46.0-255,66,1769,58,242608
1312,5.4e-05,74.125.200.0-255,2902,4671,58,242608
1313,5.8e-05,172.31.46.0-255,66,4737,58,242608
1314,6.1e-05,74.125.200.0-255,1484,6221,58,242608
1315,6.3e-05,172.31.46.0-255,66,6287,58,242608
1316,9.9e-05,74.125.200.0-255,5738,12025,58,242608
1317,0.000102,172.31.46.0-255,66,12091,58,242608
1318,0.000153,74.125.200.0-255,2102,14193,58,242608
1319,0.000155,172.31.46.0-255,66,14259,58,242608
1320,0.000203,74.125.200.0-255,1484,15743,58,242608
1321,0.000207,172.31.46.0-255,66,15809,58,242608
1322,0.000212,74.125.200.0-255,2902,18711,58,242608
1323,0.000214,172.31.46.0-255,66,18777,58,242608
1324,0.000221,74.125.200.0-255,5738,24515,58,242608
1325,0.000228,172.31.46.0-255,66,24581,58,242608
1326,0.000235,74.125.200.0-255,6797,31378,58,242608
1327,0.000238,172.31.46.0-255,66,31444,58,242608
1328,0.00038,74.125.200.0-255,1484,32928,58,242608
1329,0.000385,172.31.46.0-255,66,32994,58,242608
1330,0.000391,74.125.200.0-255,2902,35896,58,242608
1331,0.000393,172.31.46.0-255,66,35962,58,242608
1332,0.000398,74.125.200.0-255,4320,40282,58,242608
1333,0.000407,172.31.46.0-255,66,40348,58,242608
1334,0.000412,74.125.200.0-255,4320,44668,58,242608
1335,0.000415,172.31.46.0-255,66,44734,58,242608
1336,0.000437,74.125.200.0-255,1484,46218,58,242608
1337,0.000439,172.31.46.0-255,66,46284,58,242608
1338,0.0005,172.31.46.0-255,66,46350,58,242608
1339,0.000506,74.125.200.0-255,4320,50670,58,242608
1340,0.000534,74.125.200.0-255,2874,53544,58,242608
1341,0.000596,172.31.46.0-255,66,53610,58,242608
1342,0.00063,74.125.200.0-255,113,53723,58,242608
1343,0.000751,74.125.200.0-255,331,54054,58,242608
1344,0.001015,74.125.200.0-255,1484,55538,58,242608
1345,0.001019,172.31.46.0-255,66,55604,58,242608
1346,0.001039,74.125.200.0-255,2902,58506,58,242608
1347,0.001044,74.125.200.0-255,2902,61408,58,242608
1348,0.001055,74.125.200.0-255,1484,62892,58,242608
1349,0.001063,172.31.46.0-255,66,62958,58,242608
1350,0.001084,74.125.200.0-255,7156,70114,58,242608
1351,0.001103,74.125.200.0-255,1484,71598,58,242608
1352,0.001109,74.125.200.0-255,4320,75918,58,242608
1353,0.001114,74.125.200.0-255,5738,81656,58,242608
1354,0.001118,172.31.46.0-255,66,81722,58,242608
1355,0.001123,172.31.46.0-255,66,81788,58,242608
1356,0.001141,74.125.200.0-255,1484,83272,58,242608
1357,0.00117,74.125.200.0-255,5020,88292,58,242608
1358,0.00118,172.31.46.0-255,66,88358,58,242608
1359,0.001269,74.125.200.0-255,1484,89842,58,242608
1360,0.001286,74.125.200.0-255,2902,92744,58,242608
1361,0.00129,74.125.200.0-255,1484,94228,58,242608
1362,0.001305,74.125.200.0-255,2902,97130,58,242608
1363,0.001309,74.125.200.0-255,1484,98614,58,242608
1364,0.001315,172.31.46.0-255,66,98680,58,242608
1365,0.001325,74.125.200.0-255,4320,103000,58,242608
1366,0.001336,172.31.46.0-255,66,103066,58,242608
1367,0.001347,74.125.200.0-255,4320,107386,58,242608
1368,0.001368,74.125.200.0-255,7156,114542,58,242608
1369,0.001383,172.31.46.0-255,66,114608,58,242608
1370,0.001425,172.31.46.0-255,66,114674,58,242608
1371,0.001452,74.125.200.0-255,2902,117576,58,242608
1372,0.001457,74.125.200.0-255,4320,121896,58,242608
1373,0.001463,172.31.46.0-255,66,121962,58,242608
1374,0.001488,74.125.200.0-255,1484,123446,58,242608
1375,0.001504,74.125.200.0-255,7156,130602,58,242608
1376,0.001539,172.31.46.0-255,66,130668,58,242608
1377,0.001583,74.125.200.0-255,1484,132152,58,242608
1378,0.001597,74.125.200.0-255,2902,135054,58,242608
1379,0.001621,74.125.200.0-255,5738,140792,58,242608
1380,0.001625,172.31.46.0-255,66,140858,58,242608
1381,0.001638,74.125.200.0-255,2902,143760,58,242608
1382,0.001646,172.31.46.0-255,66,143826,58,242608
1383,0.001696,74.125.200.0-255,1484,145310,58,242608
1384,0.001719,74.125.200.0-255,4320,149630,58,242608
1385,0.001725,74.125.200.0-255,5020,154650,58,242608
1386,0.001737,172.31.46.0-255,66,154716,58,242608
1387,0.001744,74.125.200.0-255,5738,160454,58,242608
1388,0.001748,74.125.200.0-255,2902,163356,58,242608
1389,0.001759,172.31.46.0-255,66,163422,58,242608
1390,0.001776,74.125.200.0-255,1484,164906,58,242608
1391,0.001783,74.125.200.0-255,5738,170644,58,242608
1392,0.001797,74.125.200.0-255,1484,172128,58,242608
1393,0.001841,172.31.46.0-255,66,172194,58,242608
1394,0.001853,74.125.200.0-255,2902,175096,58,242608
1395,0.001868,74.125.200.0-255,3602,178698,58,242608
1396,0.001876,172.31.46.0-255,66,178764,58,242608
1397,0.003864,74.125.200.0-255,5738,184502,58,242608
1398,0.003871,172.31.46.0-255,66,184568,58,242608
1399,0.005884,74.125.200.0-255,5738,190306,58,242608
1400,0.009693,172.31.46.0-255,66,190372,58,242608
1401,0.011704,74.125.200.0-255,5738,196110,58,242608
1402,0.011716,172.31.46.0-255,66,196176,58,242608
1403,0.013712,74.125.200.0-255,5738,201914,58,242608
1404,0.014794,172.31.46.0-255,66,201980,58,242608
1405,0.016799,74.125.200.0-255,5738,207718,58,242608
1406,0.016809,172.31.46.0-255,66,207784,58,242608
1407,0.018808,74.125.200.0-255,5738,213522,58,242608
1408,0.018815,172.31.46.0-255,66,213588,58,242608
1409,0.020812,74.125.200.0-255,5738,219326,58,242608
1410,0.02082,172.31.46.0-255,66,219392,58,242608
1411,0.022814,74.125.200.0-255,5738,225130,58,242608
1412,0.022821,172.31.46.0-255,66,225196,58,242608
1413,0.024834,74.125.200.0-255,5738,230934,58,242608
1414,0.024839,172.31.46.0-255,66,231000,58,242608
1415,0.026841,74.125.200.0-255,5738,236738,58,242608
1416,0.026848,172.31.46.0-255,66,236804,58,242608
1417,0.028848,74.125.200.0-255,5738,242542,58,242608
1418,0.028854,172.31.46.0-255,66,242608,58,242608
1419,0.0,74.125.24.0-255,152,152,58,227632
1420,9e-06,172.31.46.0-255,66,218,58,227632
1421,5e-05,74.125.24.0-255,1484,1702,58,227632
1422,5.4e-05,172.31.46.0-255,66,1768,58,227632
1423,7e-05,74.125.24.0-255,2902,4670,58,227632
1424,7.3e-05,172.31.46.0-255,66,4736,58,227632
1425,7.9e-05,74.125.24.0-255,4320,9056,58,227632
1426,8.2e-05,172.31.46.0-255,66,9122,58,227632
1427,0.000103,74.125.24.0-255,1484,10606,58,227632
1428,0.000105,172.31.46.0-255,66,10672,58,227632
1429,0.00011,74.125.24.0-255,3520,14192,58,227632
1430,0.000113,172.31.46.0-255,66,14258,58,227632
1431,0.000178,74.125.24.0-255,1484,15742,58,227632
1432,0.000181,172.31.46.0-255,66,15808,58,227632
1433,0.000202,74.125.24.0-255,2902,18710,58,227632
1434,0.000204,172.31.46.0-255,66,18776,58,227632
1435,0.000223,74.125.24.0-255,2902,21678,58,227632
1436,0.000227,172.31.46.0-255,66,21744,58,227632
1437,0.000247,74.125.24.0-255,2902,24646,58,227632
1438,0.00025,172.31.46.0-255,66,24712,58,227632
1439,0.000317,74.125.24.0-255,2902,27614,58,227632
1440,0.00032,172.31.46.0-255,66,27680,58,227632
1441,0.000335,74.125.24.0-255,3961,31641,58,227632
1442,0.000338,172.31.46.0-255,66,31707,58,227632
1443,0.000513,74.125.24.0-255,1484,33191,58,227632
1444,0.000517,172.31.46.0-255,66,33257,58,227632
1445,0.000523,74.125.24.0-255,2902,36159,58,227632
1446,0.000527,172.31.46.0-255,66,36225,58,227632
1447,0.000531,74.125.24.0-255,2902,39127,58,227632
1448,0.000533,172.31.46.0-255,66,39193,58,227632
1449,0.000553,74.125.24.0-255,2902,42095,58,227632
1450,0.000556,172.31.46.0-255,66,42161,58,227632
1451,0.000564,74.125.24.0-255,7156,49317,58,227632
1452,0.000566,172.31.46.0-255,66,49383,58,227632
1453,0.000594,74.125.24.0-255,1125,50508,58,227632
1454,0.000608,172.31.46.0-255,66,50574,58,227632
1455,0.000619,74.125.24.0-255,2902,53476,58,227632
1456,0.000621,172.31.46.0-255,66,53542,58,227632
1457,0.000665,74.125.24.0-255,4257,57799,58,227632
1458,0.000669,172.31.46.0-255,66,57865,58,227632
1459,0.000672,74.125.24.0-255,133,57998,58,227632
1460,0.000707,74.125.24.0-255,346,58344,58,227632
1461,0.001083,74.125.24.0-255,1484,59828,58,227632
1462,0.001089,172.31.46.0-255,66,59894,58,227632
1463,0.001096,74.125.24.0-255,2902,62796,58,227632
1464,0.001099,172.31.46.0-255,66,62862,58,227632
1465,0.001106,74.125.24.0-255,5738,68600,58,227632
1466,0.001108,172.31.46.0-255,66,68666,58,227632
1467,0.001152,172.31.46.0-255,66,68732,58,227632
1468,0.001172,74.125.24.0-255,1484,70216,58,227632
1469,0.001206,172.31.46.0-255,66,70282,58,227632
1470,0.001422,74.125.24.0-255,1484,71766,58,227632
1471,0.001427,74.125.24.0-255,1484,73250,58,227632
1472,0.00143,172.31.46.0-255,66,73316,58,227632
1473,0.001453,74.125.24.0-255,1484,74800,58,227632
1474,0.001459,74.125.24.0-255,5738,80538,58,227632
1475,0.001462,172.31.46.0-255,66,80604,58,227632
1476,0.001466,74.125.24.0-255,2902,83506,58,227632
1477,0.001468,172.31.46.0-255,66,83572,58,227632
1478,0.001494,172.31.46.0-255,66,83638,58,227632
1479,0.001501,74.125.24.0-255,5738,89376,58,227632
1480,0.001503,172.31.46.0-255,66,89442,58,227632
1481,0.001532,74.125.24.0-255,5020,94462,58,227632
1482,0.001536,172.31.46.0-255,66,94528,58,227632
1483,0.001607,74.125.24.0-255,1484,96012,58,227632
1484,0.001611,74.125.24.0-255,1484,97496,58,227632
1485,0.001614,172.31.46.0-255,66,97562,58,227632
1486,0.001632,74.125.24.0-255,1484,99046,58,227632
1487,0.001639,74.125.24.0-255,5738,104784,58,227632
1488,0.001641,172.31.46.0-255,66,104850,58,227632
1489,0.001648,74.125.24.0-255,5738,110588,58,227632
1490,0.00165,172.31.46.0-255,66,110654,58,227632
1491,0.001679,74.125.24.0-255,7156,117810,58,227632
1492,0.001682,172.31.46.0-255,66,117876,58,227632
1493,0.001737,172.31.46.0-255,66,117942,58,227632
1494,0.001785,74.125.24.0-255,1484,119426,58,227632
1495,0.001804,74.125.24.0-255,2902,122328,58,227632
1496,0.001807,172.31.46.0-255,66,122394,58,227632
1497,0.001814,74.125.24.0-255,5738,128132,58,227632
1498,0.001816,172.31.46.0-255,66,128198,58,227632
1499,0.001819,74.125.24.0-255,1484,129682,58,227632
1500,0.001845,74.125.24.0-255,7156,136838,58,227632
1501,0.001848,172.31.46.0-255,66,136904,58,227632
1502,0.001856,74.125.24.0-255,7156,144060,58,227632
1503,0.001859,172.31.46.0-255,66,144126,58,227632
1504,0.001882,74.125.24.0-255,2902,147028,58,227632
1505,0.001885,172.31.46.0-255,66,147094,58,227632
1506,0.001891,74.125.24.0-255,5020,152114,58,227632
1507,0.001893,172.31.46.0-255,66,152180,58,227632
1508,0.003896,74.125.24.0-255,5738,157918,58,227632
1509,0.003905,172.31.46.0-255,66,157984,58,227632
1510,0.005941,74.125.24.0-255,5738,163722,58,227632
1511,0.005947,172.31.46.0-255,66,163788,58,227632
1512,0.007928,74.125.24.0-255,5738,169526,58,227632
1513,0.007932,172.31.46.0-255,66,169592,58,227632
1514,0.009946,74.125.24.0-255,5738,175330,58,227632
1515,0.009956,172.31.46.0-255,66,175396,58,227632
1516,0.011976,74.125.24.0-255,5738,181134,58,227632
1517,0.011986,172.31.46.0-255,66,181200,58,227632
1518,0.013996,74.125.24.0-255,5738,186938,58,227632
1519,0.014007,172.31.46.0-255,66,187004,58,227632
1520,0.016,74.125.24.0-255,5738,192742,58,227632
1521,0.016013,172.31.46.0-255,66,192808,58,227632
1522,0.018013,74.125.24.0-255,5738,198546,58,227632
1523,0.018031,172.31.46.0-255,66,198612,58,227632
1524,0.020018,74.125.24.0-255,5738,204350,58,227632
1525,0.020025,172.31.46.0-255,66,204416,58,227632
1526,0.022009,74.125.24.0-255,5738,210154,58,227632
1527,0.022018,172.31.46.0-255,66,210220,58,227632
1528,0.024033,74.125.24.0-255,5738,215958,58,227632
1529,0.02404,172.31.46.0-255,66,216024,58,227632
1530,0.026017,74.125.24.0-255,5738,221762,58,227632
1531,0.026024,172.31.46.0-255,66,221828,58,227632
1532,0.028011,74.125.24.0-255,5738,227566,58,227632
1533,0.028018,172.31.46.0-255,66,227632,58,227632
1534,0.0,74.125.200.0-255,150,150,58,268747
1535,1.5e-05,172.31.46.0-255,66,216,58,268747
1536,2.1e-05,74.125.200.0-255,1484,1700,58,268747
1537,2.6e-05,172.31.46.0-255,66,1766,58,268747
1538,3.2e-05,74.125.200.0-255,2902,4668,58,268747
1539,3.5e-05,172.31.46.0-255,66,4734,58,268747
1540,4.1e-05,74.125.200.0-255,4320,9054,58,268747
1541,4.5e-05,172.31.46.0-255,66,9120,58,268747
1542,7.1e-05,74.125.200.0-255,1484,10604,58,268747
1543,7.4e-05,172.31.46.0-255,66,10670,58,268747
1544,8e-05,74.125.200.0-255,3472,14142,58,268747
1545,8.3e-05,172.31.46.0-255,66,14208,58,268747
1546,0.000166,74.125.200.0-255,1484,15692,58,268747
1547,0.000169,172.31.46.0-255,66,15758,58,268747
1548,0.000196,74.125.200.0-255,2902,18660,58,268747
1549,0.000199,172.31.46.0-255,66,18726,58,268747
1550,0.000233,74.125.200.0-255,2902,21628,58,268747
1551,0.000237,172.31.46.0-255,66,21694,58,268747
1552,0.000244,74.125.200.0-255,4320,26014,58,268747
1553,0.000246,172.31.46.0-255,66,26080,58,268747
1554,0.000275,74.125.200.0-255,5379,31459,58,268747
1555,0.000278,172.31.46.0-255,66,31525,58,268747
1556,0.000444,74.125.200.0-255,1484,33009,58,268747
1557,0.00045,172.31.46.0-255,66,33075,58,268747
1558,0.000456,74.125.200.0-255,2902,35977,58,268747
1559,0.000458,172.31.46.0-255,66,36043,58,268747
1560,0.000495,74.125.200.0-255,5738,41781,58,268747
1561,0.000499,172.31.46.0-255,66,41847,58,268747
1562,0.000522,74.125.200.0-255,4320,46167,58,268747
1563,0.000525,172.31.46.0-255,66,46233,58,268747
1564,0.00054,74.125.200.0-255,2543,48776,58,268747
1565,0.000542,172.31.46.0-255,66,48842,58,268747
1566,0.00057,74.125.200.0-255,7156,55998,58,268747
1567,0.000573,172.31.46.0-255,66,56064,58,268747
1568,0.000578,74.125.200.0-255,4320,60384,58,268747
1569,0.00058,172.31.46.0-255,66,60450,58,268747
1570,0.000601,74.125.200.0-255,1484,61934,58,268747
1571,0.000616,74.125.200.0-255,4272,66206,58,268747
1572,0.000619,172.31.46.0-255,66,66272,58,268747
1573,0.000713,74.125.200.0-255,110,66382,58,268747
1574,0.000815,74.125.200.0-255,330,66712,58,268747
1575,0.000916,74.125.200.0-255,1484,68196,58,268747
1576,0.00092,172.31.46.0-255,66,68262,58,268747
1577,0.000939,74.125.200.0-255,1484,69746,58,268747
1578,0.000964,74.125.200.0-255,1484,71230,58,268747
1579,0.000966,172.31.46.0-255,66,71296,58,268747
1580,0.000972,74.125.200.0-255,5738,77034,58,268747
1581,0.000974,172.31.46.0-255,66,77100,58,268747
1582,0.00098,74.125.200.0-255,4320,81420,58,268747
1583,0.000982,172.31.46.0-255,66,81486,58,268747
1584,0.001004,74.125.200.0-255,7156,88642,58,268747
1585,0.001006,172.31.46.0-255,66,88708,58,268747
1586,0.001027,74.125.200.0-255,5738,94446,58,268747
1587,0.001031,172.31.46.0-255,66,94512,58,268747
1588,0.001039,74.125.200.0-255,2902,97414,58,268747
1589,0.001041,172.31.46.0-255,66,97480,58,268747
1590,0.001054,74.125.200.0-255,3602,101082,58,268747
1591,0.001056,172.31.46.0-255,66,101148,58,268747
1592,0.001741,74.125.200.0-255,1484,102632,58,268747
1593,0.001758,74.125.200.0-255,2902,105534,58,268747
1594,0.001762,172.31.46.0-255,66,105600,58,268747
1595,0.001786,74.125.200.0-255,4320,109920,58,268747
1596,0.001787,172.31.46.0-255,66,109986,58,268747
1597,0.001804,74.125.200.0-255,1484,111470,58,268747
1598,0.001809,74.125.200.0-255,4320,115790,58,268747
1599,0.001811,172.31.46.0-255,66,115856,58,268747
1600,0.001832,74.125.200.0-255,2902,118758,58,268747
1601,0.001834,172.31.46.0-255,66,118824,58,268747
1602,0.001852,74.125.200.0-255,2902,121726,58,268747
1603,0.001854,172.31.46.0-255,66,121792,58,268747
1604,0.001874,74.125.200.0-255,7156,128948,58,268747
1605,0.001876,172.31.46.0-255,66,129014,58,268747
1606,0.001892,74.125.200.0-255,4320,133334,58,268747
1607,0.001894,172.31.46.0-255,66,133400,58,268747
1608,0.001909,74.125.200.0-255,2184,135584,58,268747
1609,0.001911,172.31.46.0-255,66,135650,58,268747
1610,0.001945,74.125.200.0-255,1484,137134,58,268747
1611,0.001962,74.125.200.0-255,2902,140036,58,268747
1612,0.001964,172.31.46.0-255,66,140102,58,268747
1613,0.001969,74.125.200.0-255,2902,143004,58,268747
1614,0.00197,172.31.46.0-255,66,143070,58,268747
1615,0.001983,74.125.200.0-255,2902,145972,58,268747
1616,0.001985,172.31.46.0-255,66,146038,58,268747
1617,0.002038,74.125.200.0-255,2902,148940,58,268747
1618,0.002041,172.31.46.0-255,66,149006,58,268747
1619,0.002046,74.125.200.0-255,4320,153326,58,268747
1620,0.002048,172.31.46.0-255,66,153392,58,268747
1621,0.002057,74.125.200.0-255,1484,154876,58,268747
1622,0.00207,74.125.200.0-255,4320,159196,58,268747
1623,0.002072,172.31.46.0-255,66,159262,58,268747
1624,0.002088,74.125.200.0-255,1484,160746,58,268747
1625,0.002107,74.125.200.0-255,4320,165066,58,268747
1626,0.00211,172.31.46.0-255,66,165132,58,268747
1627,0.00215,74.125.200.0-255,2902,168034,58,268747
1628,0.002153,172.31.46.0-255,66,168100,58,268747
1629,0.002166,74.125.200.0-255,2184,170284,58,268747
1630,0.002168,172.31.46.0-255,66,170350,58,268747
1631,0.002229,74.125.200.0-255,1484,171834,58,268747
1632,0.002286,74.125.200.0-255,2902,174736,58,268747
1633,0.002289,172.31.46.0-255,66,174802,58,268747
1634,0.002292,74.125.200.0-255,1484,176286,58,268747
1635,0.002317,74.125.200.0-255,2902,179188,58,268747
1636,0.002319,172.31.46.0-255,66,179254,58,268747
1637,0.002397,74.125.200.0-255,2902,182156,58,268747
1638,0.002399,172.31.46.0-255,66,182222,58,268747
1639,0.002414,74.125.200.0-255,1484,183706,58,268747
1640,0.00242,74.125.200.0-255,5738,189444,58,268747
1641,0.002422,172.31.46.0-255,66,189510,58,268747
1642,0.002445,74.125.200.0-255,1484,190994,58,268747
1643,0.002449,74.125.200.0-255,2902,193896,58,268747
1644,0.002451,172.31.46.0-255,66,193962,58,268747
1645,0.002467,74.125.200.0-255,1484,195446,58,268747
1646,0.002482,74.125.200.0-255,1484,196930,58,268747
1647,0.002484,172.31.46.0-255,66,196996,58,268747
1648,0.002495,74.125.200.0-255,1484,198480,58,268747
1649,0.002516,74.125.200.0-255,2902,201382,58,268747
1650,0.002519,172.31.46.0-255,66,201448,58,268747
1651,0.002531,74.125.200.0-255,3602,205050,58,268747
1652,0.002533,172.31.46.0-255,66,205116,58,268747
1653,0.005066,74.125.200.0-255,1484,206600,58,268747
1654,0.005086,74.125.200.0-255,2902,209502,58,268747
1655,0.005091,172.31.46.0-255,66,209568,58,268747
1656,0.00511,74.125.200.0-255,1484,211052,58,268747
1657,0.007639,74.125.200.0-255,4320,215372,58,268747
1658,0.007642,172.31.46.0-255,66,215438,58,268747
1659,0.010188,74.125.200.0-255,5738,221176,58,268747
1660,0.010195,172.31.46.0-255,66,221242,58,268747
1661,0.012758,74.125.200.0-255,5738,226980,58,268747
1662,0.012765,172.31.46.0-255,66,227046,58,268747
1663,0.01533,74.125.200.0-255,5738,232784,58,268747
1664,0.015338,172.31.46.0-255,66,232850,58,268747
1665,0.017947,74.125.200.0-255,5738,238588,58,268747
1666,0.017959,172.31.46.0-255,66,238654,58,268747
1667,0.020526,74.125.200.0-255,5738,244392,58,268747
1668,0.020533,172.31.46.0-255,66,244458,58,268747
1669,0.023087,74.125.200.0-255,4320,248778,58,268747
1670,0.023096,172.31.46.0-255,66,248844,58,268747
1671,0.023118,74.125.200.0-255,1484,250328,58,268747
1672,0.025074,172.31.46.0-255,172,250500,58,268747
1673,0.025106,172.31.46.0-255,1113,251613,58,268747
1674,0.025172,172.31.46.0-255,1514,253127,58,268747
1675,0.025174,172.31.46.0-255,1514,254641,58,268747
1676,0.025175,172.31.46.0-255,1514,256155,58,268747
1677,0.025176,172.31.46.0-255,1514,257669,58,268747
1678,0.025178,172.31.46.0-255,624,258293,58,268747
1679,0.025654,74.125.200.0-255,4320,262613,58,268747
1680,0.025661,172.31.46.0-255,66,262679,58,268747
1681,0.0266,104.244.42.0-255,66,262745,58,268747
1682,0.026679,104.244.42.0-255,66,262811,58,268747
1683,0.02677,104.244.42.0-255,66,262877,58,268747
1684,0.026786,104.244.42.0-255,66,262943,58,268747
1685,0.028249,74.125.200.0-255,5738,268681,58,268747
1686,0.028255,172.31.46.0-255,66,268747,58,268747
1687,0.0,74.125.24.0-255,146,146,58,137220
1688,2.3e-05,172.31.46.0-255,66,212,58,137220
1689,4.5e-05,74.125.24.0-255,1484,1696,58,137220
1690,4.9e-05,172.31.46.0-255,66,1762,58,137220
1691,6.7e-05,74.125.24.0-255,2902,4664,58,137220
1692,7.2e-05,74.125.24.0-255,4320,8984,58,137220
1693,7.2e-05,172.31.46.0-255,66,9050,58,137220
1694,7.6e-05,172.31.46.0-255,66,9116,58,137220
1695,0.00013,74.125.24.0-255,4937,14053,58,137220
1696,0.000134,172.31.46.0-255,66,14119,58,137220
1697,0.000192,74.125.24.0-255,1484,15603,58,137220
1698,0.000195,172.31.46.0-255,66,15669,58,137220
1699,0.000212,74.125.24.0-255,2902,18571,58,137220
1700,0.000215,172.31.46.0-255,66,18637,58,137220
1701,0.000262,74.125.24.0-255,5738,24375,58,137220
1702,0.000266,172.31.46.0-255,66,24441,58,137220
1703,0.000341,74.125.24.0-255,6797,31238,58,137220
1704,0.000345,172.31.46.0-255,66,31304,58,137220
1705,0.000475,74.125.24.0-255,1484,32788,58,137220
1706,0.00048,172.31.46.0-255,66,32854,58,137220
1707,0.000485,74.125.24.0-255,2902,35756,58,137220
1708,0.000488,172.31.46.0-255,66,35822,58,137220
1709,0.00052,74.125.24.0-255,5738,41560,58,137220
1710,0.000524,172.31.46.0-255,66,41626,58,137220
1711,0.000601,74.125.24.0-255,4320,45946,58,137220
1712,0.000606,172.31.46.0-255,66,46012,58,137220
1713,0.00063,172.31.46.0-255,66,46078,58,137220
1714,0.000815,74.125.24.0-255,2902,48980,58,137220
1715,0.000819,172.31.46.0-255,66,49046,58,137220
1716,0.000843,74.125.24.0-255,5738,54784,58,137220
1717,0.000846,172.31.46.0-255,66,54850,58,137220
1718,0.000933,74.125.24.0-255,1456,56306,58,137220
1719,0.000949,74.125.24.0-255,377,56683,58,137220
1720,0.000952,172.31.46.0-255,66,56749,58,137220
1721,0.000976,74.125.24.0-255,4320,61069,58,137220
1722,0.000979,172.31.46.0-255,66,61135,58,137220
1723,0.001027,74.125.24.0-255,5738,66873,58,137220
1724,0.00103,172.31.46.0-255,66,66939,58,137220
1725,0.001049,74.125.24.0-255,4320,71259,58,137220
1726,0.001051,172.31.46.0-255,66,71325,58,137220
1727,0.001193,74.125.24.0-255,4320,75645,58,137220
1728,0.001198,172.31.46.0-255,66,75711,58,137220
1729,0.001235,172.31.46.0-255,66,75777,58,137220
1730,0.001738,74.125.24.0-255,1484,77261,58,137220
1731,0.001745,74.125.24.0-255,2902,80163,58,137220
1732,0.00175,172.31.46.0-255,66,80229,58,137220
1733,0.001784,74.125.24.0-255,4320,84549,58,137220
1734,0.001787,172.31.46.0-255,66,84615,58,137220
1735,0.001796,74.125.24.0-255,1484,86099,58,137220
1736,0.001861,74.125.24.0-255,2902,89001,58,137220
1737,0.001863,172.31.46.0-255,66,89067,58,137220
1738,0.001889,172.31.46.0-255,66,89133,58,137220
1739,0.00205,74.125.24.0-255,2902,92035,58,137220
1740,0.002053,172.31.46.0-255,66,92101,58,137220
1741,0.002078,172.31.46.0-255,66,92167,58,137220
1742,0.002207,74.125.24.0-255,1484,93651,58,137220
1743,0.002376,74.125.24.0-255,2902,96553,58,137220
1744,0.002393,74.125.24.0-255,7156,103709,58,137220
1745,0.002571,74.125.24.0-255,1484,105193,58,137220
1746,0.002755,74.125.24.0-255,1484,106677,58,137220
1747,0.002808,74.125.24.0-255,7156,113833,58,137220
1748,0.003282,74.125.24.0-255,2902,116735,58,137220
1749,0.003448,74.125.24.0-255,7156,123891,58,137220
1750,0.003747,74.125.24.0-255,5738,129629,58,137220
1751,0.004696,172.31.46.0-255,66,129695,58,137220
1752,0.00527,74.125.24.0-255,7156,136851,58,137220
1753,0.005279,172.31.46.0-255,66,136917,58,137220
1754,0.005325,172.31.46.0-255,66,136983,58,137220
1755,0.005389,172.31.46.0-255,66,137049,58,137220
1756,0.007366,172.31.46.0-255,105,137154,58,137220
1757,0.009341,74.125.24.0-255,66,137220,58,137220
1758,0.0,172.217.194.0-255,153,153,58,227503
1759,2.2e-05,172.31.46.0-255,66,219,58,227503
1760,2.9e-05,172.217.194.0-255,1484,1703,58,227503
1761,3.3e-05,172.31.46.0-255,66,1769,58,227503
1762,4.5e-05,172.217.194.0-255,2902,4671,58,227503
1763,4.9e-05,172.31.46.0-255,66,4737,58,227503
1764,5.6e-05,172.217.194.0-255,7156,11893,58,227503
1765,5.9e-05,172.31.46.0-255,66,11959,58,227503
1766,6.3e-05,172.217.194.0-255,1938,13897,58,227503
1767,6.5e-05,172.31.46.0-255,66,13963,58,227503
1768,0.000381,172.217.194.0-255,1484,15447,58,227503
1769,0.000387,172.31.46.0-255,66,15513,58,227503
1770,0.000393,172.217.194.0-255,2902,18415,58,227503
1771,0.000395,172.31.46.0-255,66,18481,58,227503
1772,0.000406,172.217.194.0-255,5738,24219,58,227503
1773,0.000408,172.31.46.0-255,66,24285,58,227503
1774,0.000422,172.217.194.0-255,5738,30023,58,227503
1775,0.000424,172.31.46.0-255,66,30089,58,227503
1776,0.000464,172.217.194.0-255,2902,32991,58,227503
1777,0.000468,172.31.46.0-255,66,33057,58,227503
1778,0.000485,172.217.194.0-255,2543,35600,58,227503
1779,0.000488,172.31.46.0-255,66,35666,58,227503
1780,0.000493,172.217.194.0-255,5738,41404,58,227503
1781,0.000495,172.31.46.0-255,66,41470,58,227503
1782,0.000513,172.217.194.0-255,2902,44372,58,227503
1783,0.000517,172.31.46.0-255,66,44438,58,227503
1784,0.000534,172.217.194.0-255,3961,48399,58,227503
1785,0.000536,172.31.46.0-255,66,48465,58,227503
1786,0.000565,172.217.194.0-255,7156,55621,58,227503
1787,0.000568,172.31.46.0-255,66,55687,58,227503
1788,0.000577,172.31.46.0-255,66,55753,58,227503
1789,0.0006,172.217.194.0-255,1125,56878,58,227503
1790,0.000603,172.217.194.0-255,382,57260,58,227503
1791,0.000655,172.217.194.0-255,362,57622,58,227503
1792,0.000666,172.31.46.0-255,66,57688,58,227503
1793,0.000751,172.217.194.0-255,1484,59172,58,227503
1794,0.000769,172.217.194.0-255,2902,62074,58,227503
1795,0.000772,172.31.46.0-255,66,62140,58,227503
1796,0.000778,172.217.194.0-255,5738,67878,58,227503
1797,0.000781,172.31.46.0-255,66,67944,58,227503
1798,0.000797,172.217.194.0-255,1484,69428,58,227503
1799,0.000811,172.217.194.0-255,5738,75166,58,227503
1800,0.000826,172.217.194.0-255,5738,80904,58,227503
1801,0.00083,172.31.46.0-255,66,80970,58,227503
1802,0.000881,172.31.46.0-255,66,81036,58,227503
1803,0.000937,172.217.194.0-255,1484,82520,58,227503
1804,0.000942,172.217.194.0-255,2902,85422,58,227503
1805,0.000946,172.31.46.0-255,66,85488,58,227503
1806,0.000971,172.217.194.0-255,5738,91226,58,227503
1807,0.000985,172.31.46.0-255,66,91292,58,227503
1808,0.001028,172.217.194.0-255,4320,95612,58,227503
1809,0.001031,172.31.46.0-255,66,95678,58,227503
1810,0.001066,172.217.194.0-255,2902,98580,58,227503
1811,0.001118,172.31.46.0-255,66,98646,58,227503
1812,0.001126,172.217.194.0-255,1484,100130,58,227503
1813,0.001135,172.217.194.0-255,2902,103032,58,227503
1814,0.00115,172.31.46.0-255,66,103098,58,227503
1815,0.001158,172.217.194.0-255,2184,105282,58,227503
1816,0.001175,172.31.46.0-255,66,105348,58,227503
1817,0.001347,172.217.194.0-255,1484,106832,58,227503
1818,0.001352,172.217.194.0-255,2902,109734,58,227503
1819,0.001355,172.31.46.0-255,66,109800,58,227503
1820,0.001361,172.217.194.0-255,5738,115538,58,227503
1821,0.001365,172.31.46.0-255,66,115604,58,227503
1822,0.001408,172.217.194.0-255,1484,117088,58,227503
1823,0.001422,172.31.46.0-255,66,117154,58,227503
1824,0.001432,172.217.194.0-255,2184,119338,58,227503
1825,0.001447,172.31.46.0-255,66,119404,58,227503
1826,0.001557,172.217.194.0-255,1484,120888,58,227503
1827,0.001562,172.217.194.0-255,1484,122372,58,227503
1828,0.001565,172.31.46.0-255,66,122438,58,227503
1829,0.001591,172.217.194.0-255,1484,123922,58,227503
1830,0.001596,172.217.194.0-255,5738,129660,58,227503
1831,0.001628,172.217.194.0-255,5738,135398,58,227503
1832,0.001647,172.217.194.0-255,7156,142554,58,227503
1833,0.001677,172.217.194.0-255,4320,146874,58,227503
1834,0.001697,172.217.194.0-255,6438,153312,58,227503
1835,0.001888,172.217.194.0-255,1484,154796,58,227503
1836,0.001894,172.217.194.0-255,2902,157698,58,227503
1837,0.001921,172.217.194.0-255,4320,162018,58,227503
1838,0.001939,172.217.194.0-255,1484,163502,58,227503
1839,0.001946,172.217.194.0-255,5738,169240,58,227503
1840,0.001987,172.217.194.0-255,4320,173560,58,227503
1841,0.00199,172.217.194.0-255,1484,175044,58,227503
1842,0.002009,172.217.194.0-255,3602,178646,58,227503
1843,0.002169,172.217.194.0-255,1484,180130,58,227503
1844,0.002176,172.217.194.0-255,2902,183032,58,227503
1845,0.002193,172.217.194.0-255,2902,185934,58,227503
1846,0.002204,172.217.194.0-255,2902,188836,58,227503
1847,0.002209,172.217.194.0-255,2902,191738,58,227503
1848,0.002225,172.217.194.0-255,2902,194640,58,227503
1849,0.002259,172.217.194.0-255,4320,198960,58,227503
1850,0.002266,172.217.194.0-255,5020,203980,58,227503
1851,0.002341,172.217.194.0-255,1484,205464,58,227503
1852,0.002347,172.217.194.0-255,2902,208366,58,227503
1853,0.002373,172.217.194.0-255,5738,214104,58,227503
1854,0.002388,172.217.194.0-255,5738,219842,58,227503
1855,0.002405,172.217.194.0-255,7156,226998,58,227503
1856,0.002554,172.217.194.0-255,97,227095,58,227503
1857,0.005852,172.31.46.0-255,66,227161,58,227503
1858,0.008408,172.217.194.0-255,105,227266,58,227503
1859,0.00978,172.31.46.0-255,66,227332,58,227503
1860,0.009829,172.31.46.0-255,105,227437,58,227503
1861,0.012354,172.217.194.0-255,66,227503,58,227503
1862,0.0,172.217.194.0-255,153,153,58,117064
1863,2.1e-05,172.31.46.0-255,66,219,58,117064
1864,2.8e-05,172.217.194.0-255,1484,1703,58,117064
1865,3.3e-05,172.31.46.0-255,66,1769,58,117064
1866,3.9e-05,172.217.194.0-255,2902,4671,58,117064
1867,4.2e-05,172.31.46.0-255,66,4737,58,117064
1868,5.1e-05,172.217.194.0-255,7156,11893,58,117064
1869,5.4e-05,172.31.46.0-255,66,11959,58,117064
1870,7.5e-05,172.217.194.0-255,2043,14002,58,117064
1871,7.8e-05,172.31.46.0-255,66,14068,58,117064
1872,0.000641,172.217.194.0-255,1484,15552,58,117064
1873,0.000647,172.31.46.0-255,66,15618,58,117064
1874,0.000656,172.217.194.0-255,2902,18520,58,117064
1875,0.000658,172.31.46.0-255,66,18586,58,117064
1876,0.000665,172.217.194.0-255,5738,24324,58,117064
1877,0.000667,172.31.46.0-255,66,24390,58,117064
1878,0.000698,172.217.194.0-255,4320,28710,58,117064
1879,0.000701,172.31.46.0-255,66,28776,58,117064
1880,0.00074,172.217.194.0-255,2543,31319,58,117064
1881,0.000745,172.31.46.0-255,66,31385,58,117064
1882,0.000896,172.217.194.0-255,1484,32869,58,117064
1883,0.000902,172.31.46.0-255,66,32935,58,117064
1884,0.000927,172.217.194.0-255,2902,35837,58,117064
1885,0.00093,172.31.46.0-255,66,35903,58,117064
1886,0.000937,172.217.194.0-255,5738,41641,58,117064
1887,0.00094,172.31.46.0-255,66,41707,58,117064
1888,0.000943,172.217.194.0-255,1484,43191,58,117064
1889,0.000945,172.31.46.0-255,66,43257,58,117064
1890,0.000987,172.31.46.0-255,66,43323,58,117064
1891,0.001002,172.217.194.0-255,3961,47284,58,117064
1892,0.001005,172.31.46.0-255,66,47350,58,117064
1893,0.001016,172.31.46.0-255,66,47416,58,117064
1894,0.003293,172.217.194.0-255,5738,53154,58,117064
1895,0.003302,172.31.46.0-255,66,53220,58,117064
1896,0.00561,172.217.194.0-255,5738,58958,58,117064
1897,0.005617,172.31.46.0-255,66,59024,58,117064
1898,0.007918,172.217.194.0-255,5738,64762,58,117064
1899,0.007926,172.31.46.0-255,66,64828,58,117064
1900,0.010219,172.217.194.0-255,5738,70566,58,117064
1901,0.010226,172.31.46.0-255,66,70632,58,117064
1902,0.012534,172.217.194.0-255,5738,76370,58,117064
1903,0.012541,172.31.46.0-255,66,76436,58,117064
1904,0.014829,172.217.194.0-255,5738,82174,58,117064
1905,0.014837,172.31.46.0-255,66,82240,58,117064
1906,0.017171,172.217.194.0-255,5738,87978,58,117064
1907,0.017187,172.31.46.0-255,66,88044,58,117064
1908,0.01952,172.217.194.0-255,5738,93782,58,117064
1909,0.019535,172.31.46.0-255,66,93848,58,117064
1910,0.021876,172.217.194.0-255,5738,99586,58,117064
1911,0.021894,172.31.46.0-255,66,99652,58,117064
1912,0.02422,172.217.194.0-255,5738,105390,58,117064
1913,0.024235,172.31.46.0-255,66,105456,58,117064
1914,0.026566,172.217.194.0-255,5738,111194,58,117064
1915,0.026577,172.31.46.0-255,66,111260,58,117064
1916,0.028881,172.217.194.0-255,5738,116998,58,117064
1917,0.028898,172.31.46.0-255,66,117064,58,117064
1918,0.0,172.217.194.0-255,167,167,58,190059
1919,1.3e-05,172.31.46.0-255,66,233,58,190059
1920,2.8e-05,172.217.194.0-255,1484,1717,58,190059
1921,3.3e-05,172.31.46.0-255,66,1783,58,190059
1922,3.9e-05,172.217.194.0-255,2902,4685,58,190059
1923,4.3e-05,172.31.46.0-255,66,4751,58,190059
1924,5.9e-05,172.217.194.0-255,5738,10489,58,190059
1925,6.2e-05,172.31.46.0-255,66,10555,58,190059
1926,8.3e-05,172.217.194.0-255,2902,13457,58,190059
1927,8.5e-05,172.31.46.0-255,66,13523,58,190059
1928,0.000108,172.31.46.0-255,66,13589,58,190059
1929,0.000115,172.217.194.0-255,6797,20386,58,190059
1930,0.000117,172.31.46.0-255,66,20452,58,190059
1931,0.00017,172.217.194.0-255,1484,21936,58,190059
1932,0.000172,172.31.46.0-255,66,22002,58,190059
1933,0.000192,172.217.194.0-255,2902,24904,58,190059
1934,0.000194,172.31.46.0-255,66,24970,58,190059
1935,0.000198,172.217.194.0-255,2902,27872,58,190059
1936,0.000201,172.31.46.0-255,66,27938,58,190059
1937,0.000213,172.217.194.0-255,2902,30840,58,190059
1938,0.000215,172.31.46.0-255,66,30906,58,190059
1939,0.000234,172.217.194.0-255,1484,32390,58,190059
1940,0.000236,172.31.46.0-255,66,32456,58,190059
1941,0.000261,172.31.46.0-255,66,32522,58,190059
1942,0.000287,172.217.194.0-255,4320,36842,58,190059
1943,0.00029,172.31.46.0-255,66,36908,58,190059
1944,0.000305,172.217.194.0-255,5379,42287,58,190059
1945,0.000308,172.31.46.0-255,66,42353,58,190059
1946,0.000402,172.217.194.0-255,645,42998,58,190059
1947,0.000405,172.31.46.0-255,66,43064,58,190059
1948,0.00067,172.217.194.0-255,1484,44548,58,190059
1949,0.000676,172.217.194.0-255,2902,47450,58,190059
1950,0.000679,172.31.46.0-255,66,47516,58,190059
1951,0.000715,172.217.194.0-255,5738,53254,58,190059
1952,0.000718,172.31.46.0-255,66,53320,58,190059
1953,0.000723,172.217.194.0-255,4320,57640,58,190059
1954,0.000725,172.31.46.0-255,66,57706,58,190059
1955,0.000745,172.217.194.0-255,2902,60608,58,190059
1956,0.000748,172.31.46.0-255,66,60674,58,190059
1957,0.000764,172.217.194.0-255,2902,63576,58,190059
1958,0.000766,172.31.46.0-255,66,63642,58,190059
1959,0.000806,172.31.46.0-255,66,63708,58,190059
1960,0.00081,172.217.194.0-255,2184,65892,58,190059
1961,0.000811,172.31.46.0-255,66,65958,58,190059
1962,0.000814,172.217.194.0-255,1484,67442,58,190059
1963,0.000818,172.217.194.0-255,2902,70344,58,190059
1964,0.000819,172.31.46.0-255,66,70410,58,190059
1965,0.000824,172.217.194.0-255,4320,74730,58,190059
1966,0.000826,172.31.46.0-255,66,74796,58,190059
1967,0.000849,172.217.194.0-255,1484,76280,58,190059
1968,0.000853,172.217.194.0-255,2902,79182,58,190059
1969,0.000856,172.31.46.0-255,66,79248,58,190059
1970,0.000881,172.31.46.0-255,66,79314,58,190059
1971,0.000885,172.217.194.0-255,4320,83634,58,190059
1972,0.000887,172.31.46.0-255,66,83700,58,190059
1973,0.00091,172.217.194.0-255,6438,90138,58,190059
1974,0.000921,172.217.194.0-255,2902,93040,58,190059
1975,0.000924,172.31.46.0-255,66,93106,58,190059
1976,0.000927,172.31.46.0-255,66,93172,58,190059
1977,0.000929,172.31.46.0-255,66,93238,58,190059
1978,0.000954,172.31.46.0-255,66,93304,58,190059
1979,0.000956,172.217.194.0-255,1484,94788,58,190059
1980,0.000976,172.217.194.0-255,7156,101944,58,190059
1981,0.000979,172.31.46.0-255,66,102010,58,190059
1982,0.001027,172.217.194.0-255,3602,105612,58,190059
1983,0.001032,172.31.46.0-255,66,105678,58,190059
1984,0.001326,172.217.194.0-255,1484,107162,58,190059
1985,0.001329,172.217.194.0-255,1484,108646,58,190059
1986,0.001334,172.31.46.0-255,66,108712,58,190059
1987,0.001342,172.217.194.0-255,1484,110196,58,190059
1988,0.001345,172.217.194.0-255,1484,111680,58,190059
1989,0.001347,172.31.46.0-255,66,111746,58,190059
1990,0.001366,172.217.194.0-255,4320,116066,58,190059
1991,0.00137,172.217.194.0-255,4320,120386,58,190059
1992,0.001374,172.31.46.0-255,66,120452,58,190059
1993,0.001376,172.31.46.0-255,66,120518,58,190059
1994,0.001387,172.217.194.0-255,4320,124838,58,190059
1995,0.001389,172.31.46.0-255,66,124904,58,190059
1996,0.001429,172.31.46.0-255,66,124970,58,190059
1997,0.001453,172.217.194.0-255,6438,131408,58,190059
1998,0.001456,172.31.46.0-255,66,131474,58,190059
1999,0.001618,172.217.194.0-255,1484,132958,58,190059
2000,0.001624,172.217.194.0-255,2902,135860,58,190059
2001,0.001627,172.31.46.0-255,66,135926,58,190059
2002,0.001632,172.217.194.0-255,2902,138828,58,190059
2003,0.001634,172.31.46.0-255,66,138894,58,190059
2004,0.001654,172.217.194.0-255,2902,141796,58,190059
2005,0.001656,172.31.46.0-255,66,141862,58,190059
2006,0.001661,172.217.194.0-255,4320,146182,58,190059
2007,0.001663,172.31.46.0-255,66,146248,58,190059
2008,0.001687,172.31.46.0-255,66,146314,58,190059
2009,0.00169,172.217.194.0-255,1484,147798,58,190059
2010,0.001735,172.217.194.0-255,2902,150700,58,190059
2011,0.001738,172.31.46.0-255,66,150766,58,190059
2012,0.001758,172.217.194.0-255,6438,157204,58,190059
2013,0.001761,172.31.46.0-255,66,157270,58,190059
2014,0.001771,172.31.46.0-255,66,157336,58,190059
2015,0.001808,172.217.194.0-255,1484,158820,58,190059
2016,0.001838,172.31.46.0-255,66,158886,58,190059
2017,0.001856,172.217.194.0-255,2902,161788,58,190059
2018,0.001858,172.31.46.0-255,66,161854,58,190059
2019,0.001897,172.31.46.0-255,66,161920,58,190059
2020,0.001903,172.217.194.0-255,5738,167658,58,190059
2021,0.001906,172.31.46.0-255,66,167724,58,190059
2022,0.001923,172.217.194.0-255,5738,173462,58,190059
2023,0.001926,172.31.46.0-255,66,173528,58,190059
2024,0.001966,172.217.194.0-255,7156,180684,58,190059
2025,0.001971,172.31.46.0-255,66,180750,58,190059
2026,0.001982,172.31.46.0-255,66,180816,58,190059
2027,0.001999,172.31.46.0-255,66,180882,58,190059
2028,0.002039,172.217.194.0-255,1484,182366,58,190059
2029,0.002059,172.31.46.0-255,66,182432,58,190059
2030,0.002062,172.31.46.0-255,66,182498,58,190059
2031,0.002091,172.31.46.0-255,66,182564,58,190059
2032,0.002106,172.31.46.0-255,66,182630,58,190059
2033,0.002128,172.217.194.0-255,766,183396,58,190059
2034,0.002144,172.31.46.0-255,66,183462,58,190059
2035,0.002151,172.217.194.0-255,6189,189651,58,190059
2036,0.002153,172.31.46.0-255,66,189717,58,190059
2037,0.002156,172.217.194.0-255,105,189822,58,190059
2038,0.008638,172.31.46.0-255,66,189888,58,190059
2039,0.008677,172.31.46.0-255,105,189993,58,190059
2040,0.010972,172.217.194.0-255,66,190059,58,190059
2041,0.0,172.217.194.0-255,146,146,58,233082
2042,2.3e-05,172.31.46.0-255,66,212,58,233082
2043,2.9e-05,172.217.194.0-255,1484,1696,58,233082
2044,3.3e-05,172.31.46.0-255,66,1762,58,233082
2045,3.8e-05,172.217.194.0-255,2902,4664,58,233082
2046,5e-05,172.31.46.0-255,66,4730,58,233082
2047,5.8e-05,172.217.194.0-255,7156,11886,58,233082
2048,6.1e-05,172.31.46.0-255,66,11952,58,233082
2049,6.4e-05,172.217.194.0-255,2100,14052,58,233082
2050,6.7e-05,172.31.46.0-255,66,14118,58,233082
2051,0.000107,172.217.194.0-255,2902,17020,58,233082
2052,0.00011,172.31.46.0-255,66,17086,58,233082
2053,0.000117,172.217.194.0-255,7156,24242,58,233082
2054,0.000119,172.31.46.0-255,66,24308,58,233082
2055,0.00013,172.217.194.0-255,6797,31105,58,233082
2056,0.000132,172.31.46.0-255,66,31171,58,233082
2057,0.000185,172.217.194.0-255,1484,32655,58,233082
2058,0.000188,172.31.46.0-255,66,32721,58,233082
2059,0.000191,172.217.194.0-255,1484,34205,58,233082
2060,0.000193,172.31.46.0-255,66,34271,58,233082
2061,0.000212,172.217.194.0-255,1484,35755,58,233082
2062,0.000214,172.31.46.0-255,66,35821,58,233082
2063,0.000219,172.217.194.0-255,4320,40141,58,233082
2064,0.000221,172.31.46.0-255,66,40207,58,233082
2065,0.000227,172.217.194.0-255,5738,45945,58,233082
2066,0.000229,172.31.46.0-255,66,46011,58,233082
2067,0.000277,172.31.46.0-255,66,46077,58,233082
2068,0.000283,172.217.194.0-255,4320,50397,58,233082
2069,0.000301,172.31.46.0-255,66,50463,58,233082
2070,0.000326,172.217.194.0-255,2543,53006,58,233082
2071,0.000328,172.31.46.0-255,66,53072,58,233082
2072,0.000331,172.217.194.0-255,678,53750,58,233082
2073,0.000332,172.31.46.0-255,66,53816,58,233082
2074,0.000485,172.217.194.0-255,1484,55300,58,233082
2075,0.000489,172.31.46.0-255,66,55366,58,233082
2076,0.000495,172.217.194.0-255,2902,58268,58,233082
2077,0.000497,172.31.46.0-255,66,58334,58,233082
2078,0.000527,172.217.194.0-255,5738,64072,58,233082
2079,0.00053,172.31.46.0-255,66,64138,58,233082
2080,0.00054,172.31.46.0-255,66,64204,58,233082
2081,0.000575,172.217.194.0-255,4320,68524,58,233082
2082,0.000578,172.31.46.0-255,66,68590,58,233082
2083,0.000612,172.31.46.0-255,66,68656,58,233082
2084,0.001123,172.217.194.0-255,1484,70140,58,233082
2085,0.001128,172.31.46.0-255,66,70206,58,233082
2086,0.001133,172.217.194.0-255,2902,73108,58,233082
2087,0.001135,172.31.46.0-255,66,73174,58,233082
2088,0.001184,172.217.194.0-255,4320,77494,58,233082
2089,0.001187,172.31.46.0-255,66,77560,58,233082
2090,0.001196,172.31.46.0-255,66,77626,58,233082
2091,0.001212,172.31.46.0-255,66,77692,58,233082
2092,0.001233,172.217.194.0-255,4470,82162,58,233082
2093,0.001235,172.31.46.0-255,66,82228,58,233082
2094,0.001241,172.217.194.0-255,1484,83712,58,233082
2095,0.001243,172.31.46.0-255,66,83778,58,233082
2096,0.001246,172.217.194.0-255,1484,85262,58,233082
2097,0.001248,172.31.46.0-255,66,85328,58,233082
2098,0.001269,172.217.194.0-255,1484,86812,58,233082
2099,0.001271,172.31.46.0-255,66,86878,58,233082
2100,0.00128,172.217.194.0-255,5738,92616,58,233082
2101,0.001282,172.31.46.0-255,66,92682,58,233082
2102,0.001285,172.217.194.0-255,1484,94166,58,233082
2103,0.001286,172.31.46.0-255,66,94232,58,233082
2104,0.001329,172.31.46.0-255,66,94298,58,233082
2105,0.00134,172.31.46.0-255,66,94364,58,233082
2106,0.001633,172.217.194.0-255,1484,95848,58,233082
2107,0.001636,172.31.46.0-255,66,95914,58,233082
2108,0.001641,172.217.194.0-255,2902,98816,58,233082
2109,0.001643,172.31.46.0-255,66,98882,58,233082
2110,0.001671,172.217.194.0-255,5738,104620,58,233082
2111,0.001674,172.31.46.0-255,66,104686,58,233082
2112,0.001681,172.217.194.0-255,7156,111842,58,233082
2113,0.001683,172.31.46.0-255,66,111908,58,233082
2114,0.0017,172.217.194.0-255,5738,117646,58,233082
2115,0.001706,172.31.46.0-255,66,117712,58,233082
2116,0.00171,172.217.194.0-255,4320,122032,58,233082
2117,0.001712,172.31.46.0-255,66,122098,58,233082
2118,0.001733,172.217.194.0-255,6438,128536,58,233082
2119,0.001739,172.31.46.0-255,66,128602,58,233082
2120,0.002069,172.217.194.0-255,1484,130086,58,233082
2121,0.002073,172.31.46.0-255,66,130152,58,233082
2122,0.002078,172.217.194.0-255,2902,133054,58,233082
2123,0.002079,172.31.46.0-255,66,133120,58,233082
2124,0.002106,172.217.194.0-255,5738,138858,58,233082
2125,0.002109,172.31.46.0-255,66,138924,58,233082
2126,0.002121,172.217.194.0-255,7156,146080,58,233082
2127,0.002123,172.31.46.0-255,66,146146,58,233082
2128,0.002154,172.217.194.0-255,5738,151884,58,233082
2129,0.002156,172.31.46.0-255,66,151950,58,233082
2130,0.002159,172.217.194.0-255,1484,153434,58,233082
2131,0.00216,172.31.46.0-255,66,153500,58,233082
2132,0.002186,172.31.46.0-255,66,153566,58,233082
2133,0.002203,172.217.194.0-255,1484,155050,58,233082
2134,0.002208,172.31.46.0-255,66,155116,58,233082
2135,0.002243,172.31.46.0-255,66,155182,58,233082
2136,0.002262,172.31.46.0-255,66,155248,58,233082
2137,0.002296,172.31.46.0-255,66,155314,58,233082
2138,0.002312,172.217.194.0-255,2184,157498,58,233082
2139,0.002314,172.31.46.0-255,66,157564,58,233082
2140,0.002345,172.31.46.0-255,66,157630,58,233082
2141,0.002369,172.217.194.0-255,5738,163368,58,233082
2142,0.002371,172.31.46.0-255,66,163434,58,233082
2143,0.004668,172.217.194.0-255,5738,169172,58,233082
2144,0.004675,172.31.46.0-255,66,169238,58,233082
2145,0.006955,172.217.194.0-255,5738,174976,58,233082
2146,0.006962,172.31.46.0-255,66,175042,58,233082
2147,0.009268,172.217.194.0-255,5738,180780,58,233082
2148,0.009277,172.31.46.0-255,66,180846,58,233082
2149,0.011566,172.217.194.0-255,5738,186584,58,233082
2150,0.011573,172.31.46.0-255,66,186650,58,233082
2151,0.013866,172.217.194.0-255,5738,192388,58,233082
2152,0.013875,172.31.46.0-255,66,192454,58,233082
2153,0.016146,172.217.194.0-255,5738,198192,58,233082
2154,0.016153,172.31.46.0-255,66,198258,58,233082
2155,0.018442,172.217.194.0-255,5738,203996,58,233082
2156,0.018452,172.31.46.0-255,66,204062,58,233082
2157,0.020746,172.217.194.0-255,5738,209800,58,233082
2158,0.020755,172.31.46.0-255,66,209866,58,233082
2159,0.023065,172.217.194.0-255,5738,215604,58,233082
2160,0.023072,172.31.46.0-255,66,215670,58,233082
2161,0.025368,172.217.194.0-255,5738,221408,58,233082
2162,0.025374,172.31.46.0-255,66,221474,58,233082
2163,0.027668,172.217.194.0-255,5738,227212,58,233082
2164,0.027675,172.31.46.0-255,66,227278,58,233082
2165,0.029946,172.217.194.0-255,5738,233016,58,233082
2166,0.029951,172.31.46.0-255,66,233082,58,233082
2167,0.0,74.125.200.0-255,297,297,58,267434
2168,2.5e-05,172.31.46.0-255,66,363,58,267434
2169,3.2e-05,74.125.200.0-255,1484,1847,58,267434
2170,3.8e-05,172.31.46.0-255,66,1913,58,267434
2171,5.1e-05,74.125.200.0-255,2902,4815,58,267434
2172,5.6e-05,172.31.46.0-255,66,4881,58,267434
2173,6.3e-05,74.125.200.0-255,5738,10619,58,267434
2174,6.7e-05,172.31.46.0-255,66,10685,58,267434
2175,7.3e-05,74.125.200.0-255,4727,15412,58,267434
2176,7.6e-05,172.31.46.0-255,66,15478,58,267434
2177,8.2e-05,74.125.200.0-255,5738,21216,58,267434
2178,8.4e-05,172.31.46.0-255,66,21282,58,267434
2179,0.000119,74.125.200.0-255,7156,28438,58,267434
2180,0.000122,172.31.46.0-255,66,28504,58,267434
2181,0.000148,74.125.200.0-255,2543,31047,58,267434
2182,0.000151,172.31.46.0-255,66,31113,58,267434
2183,0.000222,74.125.200.0-255,1484,32597,58,267434
2184,0.000225,172.31.46.0-255,66,32663,58,267434
2185,0.000236,74.125.200.0-255,1484,34147,58,267434
2186,0.000242,172.31.46.0-255,66,34213,58,267434
2187,0.000269,74.125.200.0-255,1484,35697,58,267434
2188,0.000271,172.31.46.0-255,66,35763,58,267434
2189,0.000278,74.125.200.0-255,5738,41501,58,267434
2190,0.000281,172.31.46.0-255,66,41567,58,267434
2191,0.000284,74.125.200.0-255,1484,43051,58,267434
2192,0.000286,172.31.46.0-255,66,43117,58,267434
2193,0.000319,74.125.200.0-255,5738,48855,58,267434
2194,0.000322,172.31.46.0-255,66,48921,58,267434
2195,0.000329,74.125.200.0-255,5738,54659,58,267434
2196,0.000332,172.31.46.0-255,66,54725,58,267434
2197,0.000337,74.125.200.0-255,4320,59045,58,267434
2198,0.000339,172.31.46.0-255,66,59111,58,267434
2199,0.000376,74.125.200.0-255,2902,62013,58,267434
2200,0.00038,172.31.46.0-255,66,62079,58,267434
2201,0.000385,74.125.200.0-255,3602,65681,58,267434
2202,0.000388,172.31.46.0-255,66,65747,58,267434
2203,0.00039,74.125.200.0-255,365,66112,58,267434
2204,0.000423,74.125.200.0-255,408,66520,58,267434
2205,0.00063,74.125.200.0-255,1484,68004,58,267434
2206,0.000636,172.31.46.0-255,66,68070,58,267434
2207,0.000667,74.125.200.0-255,2902,70972,58,267434
2208,0.00067,172.31.46.0-255,66,71038,58,267434
2209,0.000673,74.125.200.0-255,1484,72522,58,267434
2210,0.000695,74.125.200.0-255,2902,75424,58,267434
2211,0.000697,172.31.46.0-255,66,75490,58,267434
2212,0.000731,172.31.46.0-255,66,75556,58,267434
2213,0.000852,74.125.200.0-255,1484,77040,58,267434
2214,0.000866,74.125.200.0-255,2902,79942,58,267434
2215,0.000869,172.31.46.0-255,66,80008,58,267434
2216,0.000911,74.125.200.0-255,5738,85746,58,267434
2217,0.000915,172.31.46.0-255,66,85812,58,267434
2218,0.00092,74.125.200.0-255,2902,88714,58,267434
2219,0.000923,172.31.46.0-255,66,88780,58,267434
2220,0.000933,74.125.200.0-255,4320,93100,58,267434
2221,0.000935,172.31.46.0-255,66,93166,58,267434
2222,0.00096,74.125.200.0-255,5738,98904,58,267434
2223,0.000962,172.31.46.0-255,66,98970,58,267434
2224,0.000987,74.125.200.0-255,2902,101872,58,267434
2225,0.00099,172.31.46.0-255,66,101938,58,267434
2226,0.000994,74.125.200.0-255,2902,104840,58,267434
2227,0.000997,172.31.46.0-255,66,104906,58,267434
2228,0.001026,74.125.200.0-255,5020,109926,58,267434
2229,0.00103,172.31.46.0-255,66,109992,58,267434
2230,0.001512,74.125.200.0-255,1484,111476,58,267434
2231,0.001529,74.125.200.0-255,2902,114378,58,267434
2232,0.001533,172.31.46.0-255,66,114444,58,267434
2233,0.001536,74.125.200.0-255,1484,115928,58,267434
2234,0.001561,74.125.200.0-255,4320,120248,58,267434
2235,0.001564,172.31.46.0-255,66,120314,58,267434
2236,0.001599,172.31.46.0-255,66,120380,58,267434
2237,0.001627,74.125.200.0-255,2902,123282,58,267434
2238,0.00163,172.31.46.0-255,66,123348,58,267434
2239,0.001643,172.31.46.0-255,66,123414,58,267434
2240,0.001873,74.125.200.0-255,1484,124898,58,267434
2241,0.00188,74.125.200.0-255,2902,127800,58,267434
2242,0.001883,172.31.46.0-255,66,127866,58,267434
2243,0.001914,74.125.200.0-255,5738,133604,58,267434
2244,0.001917,172.31.46.0-255,66,133670,58,267434
2245,0.001941,74.125.200.0-255,7156,140826,58,267434
2246,0.001944,172.31.46.0-255,66,140892,58,267434
2247,0.001975,74.125.200.0-255,4320,145212,58,267434
2248,0.001978,172.31.46.0-255,66,145278,58,267434
2249,0.001991,172.31.46.0-255,66,145344,58,267434
2250,0.002016,74.125.200.0-255,1484,146828,58,267434
2251,0.002022,74.125.200.0-255,2902,149730,58,267434
2252,0.002024,172.31.46.0-255,66,149796,58,267434
2253,0.002028,74.125.200.0-255,1484,151280,58,267434
2254,0.002032,74.125.200.0-255,2902,154182,58,267434
2255,0.002034,172.31.46.0-255,66,154248,58,267434
2256,0.002066,74.125.200.0-255,5738,159986,58,267434
2257,0.002069,172.31.46.0-255,66,160052,58,267434
2258,0.002072,74.125.200.0-255,1484,161536,58,267434
2259,0.002095,74.125.200.0-255,2902,164438,58,267434
2260,0.002097,172.31.46.0-255,66,164504,58,267434
2261,0.002104,74.125.200.0-255,5738,170242,58,267434
2262,0.002106,172.31.46.0-255,66,170308,58,267434
2263,0.002142,74.125.200.0-255,4320,174628,58,267434
2264,0.002144,172.31.46.0-255,66,174694,58,267434
2265,0.002176,74.125.200.0-255,5020,179714,58,267434
2266,0.00218,172.31.46.0-255,66,179780,58,267434
2267,0.002184,74.125.200.0-255,1484,181264,58,267434
2268,0.002188,74.125.200.0-255,1484,182748,58,267434
2269,0.00219,172.31.46.0-255,66,182814,58,267434
2270,0.002213,74.125.200.0-255,1484,184298,58,267434
2271,0.002219,74.125.200.0-255,5738,190036,58,267434
2272,0.002222,172.31.46.0-255,66,190102,58,267434
2273,0.002248,74.125.200.0-255,5738,195840,58,267434
2274,0.00225,172.31.46.0-255,66,195906,58,267434
2275,0.002271,74.125.200.0-255,2902,198808,58,267434
2276,0.002274,172.31.46.0-255,66,198874,58,267434
2277,0.004467,74.125.200.0-255,2902,201776,58,267434
2278,0.00448,172.31.46.0-255,66,201842,58,267434
2279,0.004509,74.125.200.0-255,2902,204744,58,267434
2280,0.004512,172.31.46.0-255,66,204810,58,267434
2281,0.006701,74.125.200.0-255,2902,207712,58,267434
2282,0.006706,172.31.46.0-255,66,207778,58,267434
2283,0.006751,74.125.200.0-255,2902,210680,58,267434
2284,0.006753,172.31.46.0-255,66,210746,58,267434
2285,0.008953,74.125.200.0-255,4320,215066,58,267434
2286,0.008967,172.31.46.0-255,66,215132,58,267434
2287,0.008998,74.125.200.0-255,1484,216616,58,267434
2288,0.011202,74.125.200.0-255,4320,220936,58,267434
2289,0.011218,172.31.46.0-255,66,221002,58,267434
2290,0.013449,74.125.200.0-255,5738,226740,58,267434
2291,0.013467,172.31.46.0-255,66,226806,58,267434
2292,0.01571,74.125.200.0-255,5738,232544,58,267434
2293,0.01573,172.31.46.0-255,66,232610,58,267434
2294,0.017965,74.125.200.0-255,5738,238348,58,267434
2295,0.017983,172.31.46.0-255,66,238414,58,267434
2296,0.020216,74.125.200.0-255,5738,244152,58,267434
2297,0.020235,172.31.46.0-255,66,244218,58,267434
2298,0.022485,74.125.200.0-255,5738,249956,58,267434
2299,0.022506,172.31.46.0-255,66,250022,58,267434
2300,0.024727,74.125.200.0-255,5738,255760,58,267434
2301,0.024744,172.31.46.0-255,66,255826,58,267434
2302,0.026987,74.125.200.0-255,5738,261564,58,267434
2303,0.027007,172.31.46.0-255,66,261630,58,267434
2304,0.029238,74.125.200.0-255,5738,267368,58,267434
2305,0.029257,172.31.46.0-255,66,267434,58,267434
2306,0.0,74.125.24.0-255,153,153,58,271016
2307,2.5e-05,172.31.46.0-255,66,219,58,271016
2308,3.3e-05,74.125.24.0-255,1484,1703,58,271016
2309,3.8e-05,172.31.46.0-255,66,1769,58,271016
2310,4.3e-05,74.125.24.0-255,2902,4671,58,271016
2311,4.7e-05,172.31.46.0-255,66,4737,58,271016
2312,5.1e-05,74.125.24.0-255,2902,7639,58,271016
2313,5.5e-05,172.31.46.0-255,66,7705,58,271016
2314,9e-05,74.125.24.0-255,4320,12025,58,271016
2315,9.3e-05,172.31.46.0-255,66,12091,58,271016
2316,0.00011,74.125.24.0-255,1911,14002,58,271016
2317,0.000113,172.31.46.0-255,66,14068,58,271016
2318,0.000183,74.125.24.0-255,1484,15552,58,271016
2319,0.000187,172.31.46.0-255,66,15618,58,271016
2320,0.000205,74.125.24.0-255,2902,18520,58,271016
2321,0.000208,172.31.46.0-255,66,18586,58,271016
2322,0.000236,74.125.24.0-255,5738,24324,58,271016
2323,0.000238,172.31.46.0-255,66,24390,58,271016
2324,0.000254,74.125.24.0-255,2902,27292,58,271016
2325,0.000256,172.31.46.0-255,66,27358,58,271016
2326,0.000293,74.125.24.0-255,3961,31319,58,271016
2327,0.000296,172.31.46.0-255,66,31385,58,271016
2328,0.000304,74.125.24.0-255,7156,38541,58,271016
2329,0.000306,172.31.46.0-255,66,38607,58,271016
2330,0.000319,172.31.46.0-255,66,38673,58,271016
2331,0.000338,74.125.24.0-255,2902,41575,58,271016
2332,0.00034,172.31.46.0-255,66,41641,58,271016
2333,0.000351,172.31.46.0-255,66,41707,58,271016
2334,0.000355,74.125.24.0-255,2560,44267,58,271016
2335,0.000357,172.31.46.0-255,66,44333,58,271016
2336,0.00048,74.125.24.0-255,1484,45817,58,271016
2337,0.000496,74.125.24.0-255,2902,48719,58,271016
2338,0.0005,172.31.46.0-255,66,48785,58,271016
2339,0.000522,74.125.24.0-255,4320,53105,58,271016
2340,0.000525,172.31.46.0-255,66,53171,58,271016
2341,0.00053,74.125.24.0-255,2902,56073,58,271016
2342,0.000532,172.31.46.0-255,66,56139,58,271016
2343,0.000557,74.125.24.0-255,5738,61877,58,271016
2344,0.000559,172.31.46.0-255,66,61943,58,271016
2345,0.000592,172.31.46.0-255,66,62009,58,271016
2346,0.000621,172.31.46.0-255,66,62075,58,271016
2347,0.00087,74.125.24.0-255,333,62408,58,271016
2348,0.00092,74.125.24.0-255,1484,63892,58,271016
2349,0.000924,172.31.46.0-255,66,63958,58,271016
2350,0.000959,74.125.24.0-255,2902,66860,58,271016
2351,0.000962,172.31.46.0-255,66,66926,58,271016
2352,0.000985,74.125.24.0-255,4320,71246,58,271016
2353,0.000988,172.31.46.0-255,66,71312,58,271016
2354,0.000991,74.125.24.0-255,1484,72796,58,271016
2355,0.00101,74.125.24.0-255,7156,79952,58,271016
2356,0.001013,172.31.46.0-255,66,80018,58,271016
2357,0.001016,74.125.24.0-255,1484,81502,58,271016
2358,0.001039,74.125.24.0-255,5738,87240,58,271016
2359,0.001043,172.31.46.0-255,66,87306,58,271016
2360,0.001095,172.31.46.0-255,66,87372,58,271016
2361,0.001169,74.125.24.0-255,1484,88856,58,271016
2362,0.001174,74.125.24.0-255,2902,91758,58,271016
2363,0.001178,172.31.46.0-255,66,91824,58,271016
2364,0.001181,74.125.24.0-255,1484,93308,58,271016
2365,0.001204,74.125.24.0-255,4320,97628,58,271016
2366,0.001207,172.31.46.0-255,66,97694,58,271016
2367,0.001227,74.125.24.0-255,4320,102014,58,271016
2368,0.00123,172.31.46.0-255,66,102080,58,271016
2369,0.001247,74.125.24.0-255,2902,104982,58,271016
2370,0.001249,172.31.46.0-255,66,105048,58,271016
2371,0.001256,74.125.24.0-255,5738,110786,58,271016
2372,0.001258,172.31.46.0-255,66,110852,58,271016
2373,0.001286,74.125.24.0-255,2902,113754,58,271016
2374,0.001289,172.31.46.0-255,66,113820,58,271016
2375,0.0013,172.31.46.0-255,66,113886,58,271016
2376,0.001416,74.125.24.0-255,1484,115370,58,271016
2377,0.001423,74.125.24.0-255,2902,118272,58,271016
2378,0.001427,172.31.46.0-255,66,118338,58,271016
2379,0.001431,74.125.24.0-255,1484,119822,58,271016
2380,0.001452,74.125.24.0-255,4320,124142,58,271016
2381,0.001455,172.31.46.0-255,66,124208,58,271016
2382,0.001481,172.31.46.0-255,66,124274,58,271016
2383,0.001499,74.125.24.0-255,2902,127176,58,271016
2384,0.001501,172.31.46.0-255,66,127242,58,271016
2385,0.001512,172.31.46.0-255,66,127308,58,271016
2386,0.001532,74.125.24.0-255,3602,130910,58,271016
2387,0.001535,172.31.46.0-255,66,130976,58,271016
2388,0.001609,74.125.24.0-255,1484,132460,58,271016
2389,0.00165,74.125.24.0-255,2902,135362,58,271016
2390,0.001654,172.31.46.0-255,66,135428,58,271016
2391,0.001658,74.125.24.0-255,1484,136912,58,271016
2392,0.001677,74.125.24.0-255,4320,141232,58,271016
2393,0.00168,172.31.46.0-255,66,141298,58,271016
2394,0.001688,74.125.24.0-255,7156,148454,58,271016
2395,0.001691,172.31.46.0-255,66,148520,58,271016
2396,0.001708,74.125.24.0-255,1484,150004,58,271016
2397,0.001729,74.125.24.0-255,2902,152906,58,271016
2398,0.001731,172.31.46.0-255,66,152972,58,271016
2399,0.001759,172.31.46.0-255,66,153038,58,271016
2400,0.001762,74.125.24.0-255,1484,154522,58,271016
2401,0.001804,172.31.46.0-255,66,154588,58,271016
2402,0.001812,74.125.24.0-255,7156,161744,58,271016
2403,0.001814,172.31.46.0-255,66,161810,58,271016
2404,0.001884,172.31.46.0-255,66,161876,58,271016
2405,0.001896,172.31.46.0-255,66,161942,58,271016
2406,0.001901,74.125.24.0-255,4320,166262,58,271016
2407,0.001904,172.31.46.0-255,66,166328,58,271016
2408,0.001928,74.125.24.0-255,5738,172066,58,271016
2409,0.001931,172.31.46.0-255,66,172132,58,271016
2410,0.001938,74.125.24.0-255,5738,177870,58,271016
2411,0.00194,172.31.46.0-255,66,177936,58,271016
2412,0.001969,172.31.46.0-255,66,178002,58,271016
2413,0.00205,74.125.24.0-255,1484,179486,58,271016
2414,0.002066,74.125.24.0-255,2902,182388,58,271016
2415,0.00207,172.31.46.0-255,66,182454,58,271016
2416,0.002077,74.125.24.0-255,5738,188192,58,271016
2417,0.00208,172.31.46.0-255,66,188258,58,271016
2418,0.002086,74.125.24.0-255,4320,192578,58,271016
2419,0.002088,172.31.46.0-255,66,192644,58,271016
2420,0.002115,74.125.24.0-255,5738,198382,58,271016
2421,0.002118,172.31.46.0-255,66,198448,58,271016
2422,0.002141,74.125.24.0-255,5738,204186,58,271016
2423,0.002144,172.31.46.0-255,66,204252,58,271016
2424,0.002164,172.31.46.0-255,66,204318,58,271016
2425,0.00218,74.125.24.0-255,1484,205802,58,271016
2426,0.002197,74.125.24.0-255,4320,210122,58,271016
2427,0.0022,172.31.46.0-255,66,210188,58,271016
2428,0.002218,74.125.24.0-255,2902,213090,58,271016
2429,0.002221,172.31.46.0-255,66,213156,58,271016
2430,0.002226,74.125.24.0-255,4320,217476,58,271016
2431,0.002229,172.31.46.0-255,66,217542,58,271016
2432,0.002237,74.125.24.0-255,7156,224698,58,271016
2433,0.002239,172.31.46.0-255,66,224764,58,271016
2434,0.002268,74.125.24.0-255,7156,231920,58,271016
2435,0.002272,172.31.46.0-255,66,231986,58,271016
2436,0.002277,74.125.24.0-255,4320,236306,58,271016
2437,0.002279,172.31.46.0-255,66,236372,58,271016
2438,0.002296,74.125.24.0-255,2184,238556,58,271016
2439,0.002299,172.31.46.0-255,66,238622,58,271016
2440,0.004573,74.125.24.0-255,2902,241524,58,271016
2441,0.004579,172.31.46.0-255,66,241590,58,271016
2442,0.004594,74.125.24.0-255,2902,244492,58,271016
2443,0.004596,172.31.46.0-255,66,244558,58,271016
2444,0.006884,74.125.24.0-255,5738,250296,58,271016
2445,0.006891,172.31.46.0-255,66,250362,58,271016
2446,0.009176,74.125.24.0-255,5738,256100,58,271016
2447,0.009179,172.31.46.0-255,66,256166,58,271016
2448,0.01151,74.125.24.0-255,5738,261904,58,271016
2449,0.011517,172.31.46.0-255,66,261970,58,271016
2450,0.013814,74.125.24.0-255,5738,267708,58,271016
2451,0.013823,172.31.46.0-255,66,267774,58,271016
2452,0.01611,74.125.24.0-255,3005,270779,58,271016
2453,0.016119,172.31.46.0-255,66,270845,58,271016
2454,0.016922,172.31.46.0-255,105,270950,58,271016
2455,0.019212,74.125.24.0-255,66,271016,58,271016
2456,0.0,172.217.194.0-255,152,152,58,215292
2457,2.2e-05,172.31.46.0-255,66,218,58,215292
2458,3e-05,172.217.194.0-255,1484,1702,58,215292
2459,3.6e-05,172.31.46.0-255,66,1768,58,215292
2460,4.2e-05,172.217.194.0-255,2902,4670,58,215292
2461,5.3e-05,172.31.46.0-255,66,4736,58,215292
2462,6.1e-05,172.217.194.0-255,7156,11892,58,215292
2463,6.6e-05,172.31.46.0-255,66,11958,58,215292
2464,7.1e-05,172.217.194.0-255,2089,14047,58,215292
2465,7.4e-05,172.31.46.0-255,66,14113,58,215292
2466,0.000145,172.217.194.0-255,1484,15597,58,215292
2467,0.000148,172.31.46.0-255,66,15663,58,215292
2468,0.000173,172.217.194.0-255,2902,18565,58,215292
2469,0.000175,172.31.46.0-255,66,18631,58,215292
2470,0.00018,172.217.194.0-255,2902,21533,58,215292
2471,0.000182,172.31.46.0-255,66,21599,58,215292
2472,0.000205,172.217.194.0-255,2902,24501,58,215292
2473,0.000207,172.31.46.0-255,66,24567,58,215292
2474,0.000226,172.217.194.0-255,6797,31364,58,215292
2475,0.000229,172.31.46.0-255,66,31430,58,215292
2476,0.000306,172.217.194.0-255,1484,32914,58,215292
2477,0.000309,172.31.46.0-255,66,32980,58,215292
2478,0.000339,172.217.194.0-255,2902,35882,58,215292
2479,0.000342,172.31.46.0-255,66,35948,58,215292
2480,0.000348,172.217.194.0-255,5738,41686,58,215292
2481,0.000351,172.31.46.0-255,66,41752,58,215292
2482,0.000377,172.217.194.0-255,5738,47490,58,215292
2483,0.00038,172.31.46.0-255,66,47556,58,215292
2484,0.000417,172.217.194.0-255,5738,53294,58,215292
2485,0.00042,172.31.46.0-255,66,53360,58,215292
2486,0.000451,172.217.194.0-255,6797,60157,58,215292
2487,0.000454,172.31.46.0-255,66,60223,58,215292
2488,0.00046,172.217.194.0-255,5379,65602,58,215292
2489,0.000462,172.31.46.0-255,66,65668,58,215292
2490,0.000499,172.217.194.0-255,348,66016,58,215292
2491,0.000526,172.217.194.0-255,116,66132,58,215292
2492,0.000628,172.217.194.0-255,376,66508,58,215292
2493,0.001077,172.217.194.0-255,1484,67992,58,215292
2494,0.001082,172.31.46.0-255,66,68058,58,215292
2495,0.001088,172.217.194.0-255,2902,70960,58,215292
2496,0.00109,172.31.46.0-255,66,71026,58,215292
2497,0.001095,172.217.194.0-255,2902,73928,58,215292
2498,0.001103,172.31.46.0-255,66,73994,58,215292
2499,0.001135,172.217.194.0-255,2902,76896,58,215292
2500,0.001138,172.31.46.0-255,66,76962,58,215292
2501,0.001151,172.31.46.0-255,66,77028,58,215292
2502,0.001158,172.217.194.0-255,5738,82766,58,215292
2503,0.001161,172.31.46.0-255,66,82832,58,215292
2504,0.001244,172.217.194.0-255,5020,87852,58,215292
2505,0.001247,172.31.46.0-255,66,87918,58,215292
2506,0.001304,172.217.194.0-255,1484,89402,58,215292
2507,0.001309,172.217.194.0-255,2902,92304,58,215292
2508,0.001312,172.31.46.0-255,66,92370,58,215292
2509,0.001316,172.217.194.0-255,1484,93854,58,215292
2510,0.001342,172.217.194.0-255,4320,98174,58,215292
2511,0.001345,172.31.46.0-255,66,98240,58,215292
2512,0.00136,172.31.46.0-255,66,98306,58,215292
2513,0.001365,172.217.194.0-255,5738,104044,58,215292
2514,0.001368,172.31.46.0-255,66,104110,58,215292
2515,0.00144,172.217.194.0-255,2902,107012,58,215292
2516,0.001445,172.31.46.0-255,66,107078,58,215292
2517,0.001469,172.217.194.0-255,2184,109262,58,215292
2518,0.001472,172.31.46.0-255,66,109328,58,215292
2519,0.001642,172.217.194.0-255,1484,110812,58,215292
2520,0.001648,172.217.194.0-255,2902,113714,58,215292
2521,0.001651,172.31.46.0-255,66,113780,58,215292
2522,0.001659,172.217.194.0-255,5738,119518,58,215292
2523,0.001661,172.31.46.0-255,66,119584,58,215292
2524,0.00168,172.31.46.0-255,66,119650,58,215292
2525,0.001692,172.31.46.0-255,66,119716,58,215292
2526,0.001718,172.217.194.0-255,1484,121200,58,215292
2527,0.001722,172.217.194.0-255,2902,124102,58,215292
2528,0.001728,172.217.194.0-255,5738,129840,58,215292
2529,0.001733,172.31.46.0-255,66,129906,58,215292
2530,0.001736,172.31.46.0-255,66,129972,58,215292
2531,0.00177,172.31.46.0-255,66,130038,58,215292
2532,0.001781,172.31.46.0-255,66,130104,58,215292
2533,0.001836,172.217.194.0-255,2184,132288,58,215292
2534,0.00184,172.31.46.0-255,66,132354,58,215292
2535,0.00203,172.217.194.0-255,1484,133838,58,215292
2536,0.002046,172.217.194.0-255,2902,136740,58,215292
2537,0.002049,172.31.46.0-255,66,136806,58,215292
2538,0.002056,172.217.194.0-255,5738,142544,58,215292
2539,0.002058,172.31.46.0-255,66,142610,58,215292
2540,0.00408,172.217.194.0-255,5738,148348,58,215292
2541,0.004088,172.31.46.0-255,66,148414,58,215292
2542,0.006104,172.217.194.0-255,5738,154152,58,215292
2543,0.006108,172.31.46.0-255,66,154218,58,215292
2544,0.008132,172.217.194.0-255,5738,159956,58,215292
2545,0.008136,172.31.46.0-255,66,160022,58,215292
2546,0.010162,172.217.194.0-255,5738,165760,58,215292
2547,0.01017,172.31.46.0-255,66,165826,58,215292
2548,0.012196,172.217.194.0-255,5738,171564,58,215292
2549,0.012204,172.31.46.0-255,66,171630,58,215292
2550,0.014213,172.217.194.0-255,5738,177368,58,215292
2551,0.01422,172.31.46.0-255,66,177434,58,215292
2552,0.016258,172.217.194.0-255,5738,183172,58,215292
2553,0.016266,172.31.46.0-255,66,183238,58,215292
2554,0.018274,172.217.194.0-255,5738,188976,58,215292
2555,0.018281,172.31.46.0-255,66,189042,58,215292
2556,0.020292,172.217.194.0-255,5738,194780,58,215292
2557,0.020301,172.31.46.0-255,66,194846,58,215292
2558,0.022314,172.217.194.0-255,5738,200584,58,215292
2559,0.022322,172.31.46.0-255,66,200650,58,215292
2560,0.024353,172.217.194.0-255,4320,204970,58,215292
2561,0.024359,172.31.46.0-255,66,205036,58,215292
2562,0.024382,172.217.194.0-255,1484,206520,58,215292
2563,0.026369,172.217.194.0-255,2902,209422,58,215292
2564,0.026375,172.31.46.0-255,66,209488,58,215292
2565,0.028389,172.217.194.0-255,5738,215226,58,215292
2566,0.028395,172.31.46.0-255,66,215292,58,215292
2567,0.0,74.125.200.0-255,152,152,58,203135
2568,1.5e-05,172.31.46.0-255,66,218,58,203135
2569,2.2e-05,74.125.200.0-255,1484,1702,58,203135
2570,2.8e-05,172.31.46.0-255,66,1768,58,203135
2571,3.4e-05,74.125.200.0-255,2902,4670,58,203135
2572,3.7e-05,172.31.46.0-255,66,4736,58,203135
2573,4.3e-05,74.125.200.0-255,4320,9056,58,203135
2574,4.5e-05,172.31.46.0-255,66,9122,58,203135
2575,6.4e-05,74.125.200.0-255,2902,12024,58,203135
2576,6.7e-05,172.31.46.0-255,66,12090,58,203135
2577,8.7e-05,74.125.200.0-255,1941,14031,58,203135
2578,9e-05,172.31.46.0-255,66,14097,58,203135
2579,0.000178,74.125.200.0-255,1484,15581,58,203135
2580,0.000181,172.31.46.0-255,66,15647,58,203135
2581,0.000199,74.125.200.0-255,2902,18549,58,203135
2582,0.000202,172.31.46.0-255,66,18615,58,203135
2583,0.000227,74.125.200.0-255,1484,20099,58,203135
2584,0.000229,172.31.46.0-255,66,20165,58,203135
2585,0.000252,74.125.200.0-255,4320,24485,58,203135
2586,0.000255,172.31.46.0-255,66,24551,58,203135
2587,0.000259,74.125.200.0-255,2902,27453,58,203135
2588,0.000261,172.31.46.0-255,66,27519,58,203135
2589,0.000277,74.125.200.0-255,3961,31480,58,203135
2590,0.00028,172.31.46.0-255,66,31546,58,203135
2591,0.000304,74.125.200.0-255,1484,33030,58,203135
2592,0.000306,172.31.46.0-255,66,33096,58,203135
2593,0.000336,74.125.200.0-255,2902,35998,58,203135
2594,0.000339,172.31.46.0-255,66,36064,58,203135
2595,0.000342,74.125.200.0-255,1484,37548,58,203135
2596,0.000344,172.31.46.0-255,66,37614,58,203135
2597,0.000348,74.125.200.0-255,1484,39098,58,203135
2598,0.00035,172.31.46.0-255,66,39164,58,203135
2599,0.000377,74.125.200.0-255,1484,40648,58,203135
2600,0.000384,74.125.200.0-255,5738,46386,58,203135
2601,0.000386,172.31.46.0-255,66,46452,58,203135
2602,0.000406,74.125.200.0-255,2543,48995,58,203135
2603,0.000409,172.31.46.0-255,66,49061,58,203135
2604,0.000496,74.125.200.0-255,1484,50545,58,203135
2605,0.000513,74.125.200.0-255,2902,53447,58,203135
2606,0.000516,172.31.46.0-255,66,53513,58,203135
2607,0.000557,74.125.200.0-255,1484,54997,58,203135
2608,0.00058,74.125.200.0-255,1484,56481,58,203135
2609,0.000583,172.31.46.0-255,66,56547,58,203135
2610,0.000601,74.125.200.0-255,1484,58031,58,203135
2611,0.000604,74.125.200.0-255,1484,59515,58,203135
2612,0.000607,172.31.46.0-255,66,59581,58,203135
2613,0.00061,74.125.200.0-255,1484,61065,58,203135
2614,0.00063,74.125.200.0-255,1484,62549,58,203135
2615,0.000633,172.31.46.0-255,66,62615,58,203135
2616,0.000651,74.125.200.0-255,3961,66576,58,203135
2617,0.000654,172.31.46.0-255,66,66642,58,203135
2618,0.000696,74.125.200.0-255,410,67052,58,203135
2619,0.000735,74.125.200.0-255,333,67385,58,203135
2620,0.000856,74.125.200.0-255,1484,68869,58,203135
2621,0.000859,172.31.46.0-255,66,68935,58,203135
2622,0.000879,74.125.200.0-255,2902,71837,58,203135
2623,0.000882,172.31.46.0-255,66,71903,58,203135
2624,0.000898,74.125.200.0-255,4320,76223,58,203135
2625,0.000902,172.31.46.0-255,66,76289,58,203135
2626,0.000909,74.125.200.0-255,1484,77773,58,203135
2627,0.000921,74.125.200.0-255,1484,79257,58,203135
2628,0.000924,172.31.46.0-255,66,79323,58,203135
2629,0.00095,74.125.200.0-255,5738,85061,58,203135
2630,0.000954,172.31.46.0-255,66,85127,58,203135
2631,0.00096,74.125.200.0-255,4320,89447,58,203135
2632,0.000962,172.31.46.0-255,66,89513,58,203135
2633,0.000979,74.125.200.0-255,5738,95251,58,203135
2634,0.000981,172.31.46.0-255,66,95317,58,203135
2635,0.001016,74.125.200.0-255,6438,101755,58,203135
2636,0.001019,172.31.46.0-255,66,101821,58,203135
2637,0.001854,74.125.200.0-255,1484,103305,58,203135
2638,0.001865,74.125.200.0-255,2902,106207,58,203135
2639,0.001869,172.31.46.0-255,66,106273,58,203135
2640,0.001873,74.125.200.0-255,1484,107757,58,203135
2641,0.001891,74.125.200.0-255,1484,109241,58,203135
2642,0.001893,172.31.46.0-255,66,109307,58,203135
2643,0.001899,74.125.200.0-255,4320,113627,58,203135
2644,0.001901,172.31.46.0-255,66,113693,58,203135
2645,0.001916,74.125.200.0-255,2902,116595,58,203135
2646,0.001918,172.31.46.0-255,66,116661,58,203135
2647,0.001947,74.125.200.0-255,5738,122399,58,203135
2648,0.001949,172.31.46.0-255,66,122465,58,203135
2649,0.001978,172.31.46.0-255,66,122531,58,203135
2650,0.001981,74.125.200.0-255,1484,124015,58,203135
2651,0.002001,74.125.200.0-255,3602,127617,58,203135
2652,0.002003,172.31.46.0-255,66,127683,58,203135
2653,0.004099,74.125.200.0-255,5738,133421,58,203135
2654,0.004107,172.31.46.0-255,66,133487,58,203135
2655,0.006201,74.125.200.0-255,5738,139225,58,203135
2656,0.006204,172.31.46.0-255,66,139291,58,203135
2657,0.008305,74.125.200.0-255,5738,145029,58,203135
2658,0.008312,172.31.46.0-255,66,145095,58,203135
2659,0.010417,74.125.200.0-255,5738,150833,58,203135
2660,0.010425,172.31.46.0-255,66,150899,58,203135
2661,0.012523,74.125.200.0-255,5738,156637,58,203135
2662,0.012531,172.31.46.0-255,66,156703,58,203135
2663,0.014636,74.125.200.0-255,5738,162441,58,203135
2664,0.014646,172.31.46.0-255,66,162507,58,203135
2665,0.016746,74.125.200.0-255,5738,168245,58,203135
2666,0.016755,172.31.46.0-255,66,168311,58,203135
2667,0.018859,74.125.200.0-255,5738,174049,58,203135
2668,0.018867,172.31.46.0-255,66,174115,58,203135
2669,0.020969,74.125.200.0-255,5738,179853,58,203135
2670,0.020976,172.31.46.0-255,66,179919,58,203135
2671,0.023068,74.125.200.0-255,5738,185657,58,203135
2672,0.023075,172.31.46.0-255,66,185723,58,203135
2673,0.025178,74.125.200.0-255,5738,191461,58,203135
2674,0.025186,172.31.46.0-255,66,191527,58,203135
2675,0.027282,74.125.200.0-255,5738,197265,58,203135
2676,0.027291,172.31.46.0-255,66,197331,58,203135
2677,0.029389,74.125.200.0-255,5738,203069,58,203135
2678,0.029397,172.31.46.0-255,66,203135,58,203135
2679,0.0,74.125.200.0-255,152,152,58,299955
2680,2.2e-05,172.31.46.0-255,66,218,58,299955
2681,2.9e-05,74.125.200.0-255,1484,1702,58,299955
2682,3.3e-05,172.31.46.0-255,66,1768,58,299955
2683,3.8e-05,74.125.200.0-255,2902,4670,58,299955
2684,4.1e-05,172.31.46.0-255,66,4736,58,299955
2685,4.6e-05,74.125.200.0-255,4320,9056,58,299955
2686,5e-05,172.31.46.0-255,66,9122,58,299955
2687,9.8e-05,172.31.46.0-255,66,9188,58,299955
2688,0.000102,74.125.200.0-255,1484,10672,58,299955
2689,0.000104,172.31.46.0-255,66,10738,58,299955
2690,0.00014,74.125.200.0-255,1484,12222,58,299955
2691,0.000142,172.31.46.0-255,66,12288,58,299955
2692,0.000165,172.31.46.0-255,66,12354,58,299955
2693,0.000249,74.125.200.0-255,1484,13838,58,299955
2694,0.000252,172.31.46.0-255,66,13904,58,299955
2695,0.000265,74.125.200.0-255,2902,16806,58,299955
2696,0.000268,172.31.46.0-255,66,16872,58,299955
2697,0.00029,74.125.200.0-255,5738,22610,58,299955
2698,0.000293,172.31.46.0-255,66,22676,58,299955
2699,0.000296,74.125.200.0-255,1484,24160,58,299955
2700,0.000298,172.31.46.0-255,66,24226,58,299955
2701,0.000323,74.125.200.0-255,5379,29605,58,299955
2702,0.000326,172.31.46.0-255,66,29671,58,299955
2703,0.000371,172.31.46.0-255,66,29737,58,299955
2704,0.000386,74.125.200.0-255,1484,31221,58,299955
2705,0.000388,172.31.46.0-255,66,31287,58,299955
2706,0.00041,74.125.200.0-255,4241,35528,58,299955
2707,0.000413,172.31.46.0-255,66,35594,58,299955
2708,0.000426,74.125.200.0-255,406,36000,58,299955
2709,0.000711,74.125.200.0-255,1484,37484,58,299955
2710,0.000717,74.125.200.0-255,2902,40386,58,299955
2711,0.000761,172.31.46.0-255,66,40452,58,299955
2712,0.000768,74.125.200.0-255,5738,46190,58,299955
2713,0.000773,74.125.200.0-255,4320,50510,58,299955
2714,0.000779,74.125.200.0-255,5738,56248,58,299955
2715,0.000784,172.31.46.0-255,66,56314,58,299955
2716,0.000799,74.125.200.0-255,5738,62052,58,299955
2717,0.000824,74.125.200.0-255,5738,67790,58,299955
2718,0.000828,74.125.200.0-255,2184,69974,58,299955
2719,0.000832,172.31.46.0-255,66,70040,58,299955
2720,0.000837,172.31.46.0-255,66,70106,58,299955
2721,0.001691,74.125.200.0-255,1484,71590,58,299955
2722,0.001756,74.125.200.0-255,2902,74492,58,299955
2723,0.001761,172.31.46.0-255,66,74558,58,299955
2724,0.001787,74.125.200.0-255,4320,78878,58,299955
2725,0.001816,74.125.200.0-255,4320,83198,58,299955
2726,0.001829,74.125.200.0-255,1484,84682,58,299955
2727,0.00184,74.125.200.0-255,1484,86166,58,299955
2728,0.001852,74.125.200.0-255,2902,89068,58,299955
2729,0.00191,74.125.200.0-255,4320,93388,58,299955
2730,0.001921,74.125.200.0-255,766,94154,58,299955
2731,0.002104,74.125.200.0-255,1484,95638,58,299955
2732,0.002111,74.125.200.0-255,2902,98540,58,299955
2733,0.002125,74.125.200.0-255,4320,102860,58,299955
2734,0.00214,74.125.200.0-255,1484,104344,58,299955
2735,0.002157,74.125.200.0-255,7156,111500,58,299955
2736,0.002161,74.125.200.0-255,2902,114402,58,299955
2737,0.002178,74.125.200.0-255,4320,118722,58,299955
2738,0.002181,74.125.200.0-255,1484,120206,58,299955
2739,0.002198,74.125.200.0-255,5738,125944,58,299955
2740,0.002215,74.125.200.0-255,1484,127428,58,299955
2741,0.002217,74.125.200.0-255,766,128194,58,299955
2742,0.002327,74.125.200.0-255,1484,129678,58,299955
2743,0.002333,74.125.200.0-255,2902,132580,58,299955
2744,0.002369,74.125.200.0-255,5738,138318,58,299955
2745,0.002372,74.125.200.0-255,1484,139802,58,299955
2746,0.002389,74.125.200.0-255,4320,144122,58,299955
2747,0.002404,74.125.200.0-255,4320,148442,58,299955
2748,0.002421,74.125.200.0-255,2902,151344,58,299955
2749,0.002465,74.125.200.0-255,2184,153528,58,299955
2750,0.002544,74.125.200.0-255,1484,155012,58,299955
2751,0.002561,74.125.200.0-255,2902,157914,58,299955
2752,0.002586,74.125.200.0-255,5738,163652,58,299955
2753,0.002588,74.125.200.0-255,1484,165136,58,299955
2754,0.002603,74.125.200.0-255,1484,166620,58,299955
2755,0.002614,74.125.200.0-255,4320,170940,58,299955
2756,0.002638,74.125.200.0-255,1484,172424,58,299955
2757,0.002656,74.125.200.0-255,5738,178162,58,299955
2758,0.002662,74.125.200.0-255,4320,182482,58,299955
2759,0.002668,74.125.200.0-255,5020,187502,58,299955
2760,0.002696,74.125.200.0-255,2902,190404,58,299955
2761,0.002728,74.125.200.0-255,4320,194724,58,299955
2762,0.002748,74.125.200.0-255,1484,196208,58,299955
2763,0.002783,74.125.200.0-255,7156,203364,58,299955
2764,0.002839,74.125.200.0-255,4320,207684,58,299955
2765,0.002857,74.125.200.0-255,5738,213422,58,299955
2766,0.00286,74.125.200.0-255,1484,214906,58,299955
2767,0.002904,74.125.200.0-255,4320,219226,58,299955
2768,0.00291,172.31.46.0-255,66,219292,58,299955
2769,0.002932,74.125.200.0-255,5738,225030,58,299955
2770,0.002936,74.125.200.0-255,2902,227932,58,299955
2771,0.002962,74.125.200.0-255,4320,232252,58,299955
2772,0.002978,172.31.46.0-255,66,232318,58,299955
2773,0.003003,74.125.200.0-255,4320,236638,58,299955
2774,0.003005,74.125.200.0-255,766,237404,58,299955
2775,0.003038,172.31.46.0-255,66,237470,58,299955
2776,0.003069,74.125.200.0-255,1484,238954,58,299955
2777,0.003073,74.125.200.0-255,1484,240438,58,299955
2778,0.003086,172.31.46.0-255,66,240504,58,299955
2779,0.003089,74.125.200.0-255,1484,241988,58,299955
2780,0.003103,74.125.200.0-255,5738,247726,58,299955
2781,0.003106,74.125.200.0-255,1484,249210,58,299955
2782,0.003157,74.125.200.0-255,2184,251394,58,299955
2783,0.003165,172.31.46.0-255,66,251460,58,299955
2784,0.003171,172.31.46.0-255,66,251526,58,299955
2785,0.003209,74.125.200.0-255,1484,253010,58,299955
2786,0.003223,74.125.200.0-255,2902,255912,58,299955
2787,0.003228,74.125.200.0-255,2902,258814,58,299955
2788,0.003243,74.125.200.0-255,2902,261716,58,299955
2789,0.003252,172.31.46.0-255,66,261782,58,299955
2790,0.003263,74.125.200.0-255,5738,267520,58,299955
2791,0.003268,172.31.46.0-255,66,267586,58,299955
2792,0.003282,74.125.200.0-255,5738,273324,58,299955
2793,0.003285,74.125.200.0-255,1484,274808,58,299955
2794,0.003314,172.31.46.0-255,66,274874,58,299955
2795,0.003324,172.31.46.0-255,66,274940,58,299955
2796,0.003343,74.125.200.0-255,1484,276424,58,299955
2797,0.003357,74.125.200.0-255,2902,279326,58,299955
2798,0.003378,74.125.200.0-255,4320,283646,58,299955
2799,0.003386,172.31.46.0-255,66,283712,58,299955
2800,0.003395,74.125.200.0-255,2902,286614,58,299955
2801,0.003406,172.31.46.0-255,66,286680,58,299955
2802,0.003411,74.125.200.0-255,4320,291000,58,299955
2803,0.003428,74.125.200.0-255,1484,292484,58,299955
2804,0.003465,74.125.200.0-255,7063,299547,58,299955
2805,0.003471,172.31.46.0-255,66,299613,58,299955
2806,0.003493,74.125.200.0-255,105,299718,58,299955
2807,0.01034,172.31.46.0-255,66,299784,58,299955
2808,0.010385,172.31.46.0-255,105,299889,58,299955
2809,0.012584,74.125.200.0-255,66,299955,58,299955
2810,0.0,216.58.221.0-255,152,152,58,153303
2811,1.4e-05,172.31.46.0-255,66,218,58,153303
2812,2e-05,216.58.221.0-255,1484,1702,58,153303
2813,2.4e-05,172.31.46.0-255,66,1768,58,153303
2814,3.7e-05,216.58.221.0-255,2902,4670,58,153303
2815,4e-05,172.31.46.0-255,66,4736,58,153303
2816,4.7e-05,216.58.221.0-255,7156,11892,58,153303
2817,4.9e-05,172.31.46.0-255,66,11958,58,153303
2818,0.0001,216.58.221.0-255,2137,14095,58,153303
2819,0.000102,172.31.46.0-255,66,14161,58,153303
2820,0.00051,216.58.221.0-255,1484,15645,58,153303
2821,0.000516,172.31.46.0-255,66,15711,58,153303
2822,0.000522,216.58.221.0-255,2902,18613,58,153303
2823,0.000525,172.31.46.0-255,66,18679,58,153303
2824,0.00053,216.58.221.0-255,4320,22999,58,153303
2825,0.000532,172.31.46.0-255,66,23065,58,153303
2826,0.000556,216.58.221.0-255,1484,24549,58,153303
2827,0.000558,172.31.46.0-255,66,24615,58,153303
2828,0.000586,216.58.221.0-255,6797,31412,58,153303
2829,0.000589,172.31.46.0-255,66,31478,58,153303
2830,0.000661,216.58.221.0-255,1484,32962,58,153303
2831,0.000664,172.31.46.0-255,66,33028,58,153303
2832,0.000668,216.58.221.0-255,2902,35930,58,153303
2833,0.000671,172.31.46.0-255,66,35996,58,153303
2834,0.000675,216.58.221.0-255,2902,38898,58,153303
2835,0.000677,172.31.46.0-255,66,38964,58,153303
2836,0.000707,216.58.221.0-255,1484,40448,58,153303
2837,0.00071,172.31.46.0-255,66,40514,58,153303
2838,0.000733,172.31.46.0-255,66,40580,58,153303
2839,0.000947,216.58.221.0-255,1484,42064,58,153303
2840,0.00095,172.31.46.0-255,66,42130,58,153303
2841,0.000956,216.58.221.0-255,2902,45032,58,153303
2842,0.000958,172.31.46.0-255,66,45098,58,153303
2843,0.000963,216.58.221.0-255,4320,49418,58,153303
2844,0.000969,172.31.46.0-255,66,49484,58,153303
2845,0.000997,216.58.221.0-255,1484,50968,58,153303
2846,0.001001,216.58.221.0-255,1484,52452,58,153303
2847,0.001003,172.31.46.0-255,66,52518,58,153303
2848,0.001008,216.58.221.0-255,2902,55420,58,153303
2849,0.001009,172.31.46.0-255,66,55486,58,153303
2850,0.001033,216.58.221.0-255,2835,58321,58,153303
2851,0.001035,172.31.46.0-255,66,58387,58,153303
2852,0.001595,216.58.221.0-255,135,58522,58,153303
2853,0.001769,216.58.221.0-255,1484,60006,58,153303
2854,0.001775,172.31.46.0-255,66,60072,58,153303
2855,0.001783,216.58.221.0-255,2902,62974,58,153303
2856,0.001786,172.31.46.0-255,66,63040,58,153303
2857,0.001795,216.58.221.0-255,2902,65942,58,153303
2858,0.001797,172.31.46.0-255,66,66008,58,153303
2859,0.001803,216.58.221.0-255,4320,70328,58,153303
2860,0.001805,172.31.46.0-255,66,70394,58,153303
2861,0.00185,172.31.46.0-255,66,70460,58,153303
2862,0.001866,172.31.46.0-255,66,70526,58,153303
2863,0.001895,216.58.221.0-255,2543,73069,58,153303
2864,0.001897,172.31.46.0-255,66,73135,58,153303
2865,0.003826,216.58.221.0-255,2902,76037,58,153303
2866,0.003833,172.31.46.0-255,66,76103,58,153303
2867,0.003863,216.58.221.0-255,2902,79005,58,153303
2868,0.003866,172.31.46.0-255,66,79071,58,153303
2869,0.005807,216.58.221.0-255,2902,81973,58,153303
2870,0.005812,172.31.46.0-255,66,82039,58,153303
2871,0.005836,216.58.221.0-255,2902,84941,58,153303
2872,0.005838,172.31.46.0-255,66,85007,58,153303
2873,0.007779,216.58.221.0-255,4320,89327,58,153303
2874,0.007784,172.31.46.0-255,66,89393,58,153303
2875,0.007812,216.58.221.0-255,1484,90877,58,153303
2876,0.009755,216.58.221.0-255,4320,95197,58,153303
2877,0.009764,172.31.46.0-255,66,95263,58,153303
2878,0.011741,216.58.221.0-255,5738,101001,58,153303
2879,0.01175,172.31.46.0-255,66,101067,58,153303
2880,0.013719,216.58.221.0-255,5738,106805,58,153303
2881,0.013728,172.31.46.0-255,66,106871,58,153303
2882,0.015704,216.58.221.0-255,5738,112609,58,153303
2883,0.015712,172.31.46.0-255,66,112675,58,153303
2884,0.017689,216.58.221.0-255,5738,118413,58,153303
2885,0.017699,172.31.46.0-255,66,118479,58,153303
2886,0.019669,216.58.221.0-255,5738,124217,58,153303
2887,0.019676,172.31.46.0-255,66,124283,58,153303
2888,0.021651,216.58.221.0-255,5738,130021,58,153303
2889,0.021659,172.31.46.0-255,66,130087,58,153303
2890,0.023627,216.58.221.0-255,5738,135825,58,153303
2891,0.023635,172.31.46.0-255,66,135891,58,153303
2892,0.025607,216.58.221.0-255,5738,141629,58,153303
2893,0.025615,172.31.46.0-255,66,141695,58,153303
2894,0.027593,216.58.221.0-255,5738,147433,58,153303
2895,0.027601,172.31.46.0-255,66,147499,58,153303
2896,0.029571,216.58.221.0-255,5738,153237,58,153303
2897,0.029579,172.31.46.0-255,66,153303,58,153303
2898,0.0,172.217.24.0-255,146,146,58,182749
2899,1.7e-05,172.31.46.0-255,66,212,58,182749
2900,2.3e-05,172.217.24.0-255,1484,1696,58,182749
2901,2.9e-05,172.31.46.0-255,66,1762,58,182749
2902,3.5e-05,172.217.24.0-255,2902,4664,58,182749
2903,3.8e-05,172.31.46.0-255,66,4730,58,182749
2904,4.4e-05,172.217.24.0-255,4320,9050,58,182749
2905,4.7e-05,172.31.46.0-255,66,9116,58,182749
2906,6.4e-05,172.217.24.0-255,2902,12018,58,182749
2907,6.7e-05,172.31.46.0-255,66,12084,58,182749
2908,7.4e-05,172.217.24.0-255,2013,14097,58,182749
2909,7.8e-05,172.31.46.0-255,66,14163,58,182749
2910,0.000286,172.217.24.0-255,1484,15647,58,182749
2911,0.000291,172.31.46.0-255,66,15713,58,182749
2912,0.0003,172.217.24.0-255,2902,18615,58,182749
2913,0.000304,172.31.46.0-255,66,18681,58,182749
2914,0.00031,172.217.24.0-255,5738,24419,58,182749
2915,0.000313,172.31.46.0-255,66,24485,58,182749
2916,0.000318,172.217.24.0-255,4320,28805,58,182749
2917,0.00032,172.31.46.0-255,66,28871,58,182749
2918,0.000365,172.217.24.0-255,2543,31414,58,182749
2919,0.00037,172.31.46.0-255,66,31480,58,182749
2920,0.0004,172.217.24.0-255,2902,34382,58,182749
2921,0.000403,172.31.46.0-255,66,34448,58,182749
2922,0.000407,172.217.24.0-255,1484,35932,58,182749
2923,0.000409,172.31.46.0-255,66,35998,58,182749
2924,0.000427,172.217.24.0-255,5738,41736,58,182749
2925,0.00043,172.31.46.0-255,66,41802,58,182749
2926,0.000436,172.217.24.0-255,4320,46122,58,182749
2927,0.000438,172.31.46.0-255,66,46188,58,182749
2928,0.000468,172.217.24.0-255,2543,48731,58,182749
2929,0.000471,172.31.46.0-255,66,48797,58,182749
2930,0.000708,172.217.24.0-255,1484,50281,58,182749
2931,0.000712,172.31.46.0-255,66,50347,58,182749
2932,0.000718,172.217.24.0-255,2902,53249,58,182749
2933,0.00072,172.31.46.0-255,66,53315,58,182749
2934,0.000723,172.217.24.0-255,1484,54799,58,182749
2935,0.000725,172.31.46.0-255,66,54865,58,182749
2936,0.000749,172.217.24.0-255,2902,57767,58,182749
2937,0.000752,172.31.46.0-255,66,57833,58,182749
2938,0.00076,172.217.24.0-255,5738,63571,58,182749
2939,0.000761,172.31.46.0-255,66,63637,58,182749
2940,0.000778,172.217.24.0-255,2872,66509,58,182749
2941,0.000781,172.31.46.0-255,66,66575,58,182749
2942,0.001499,172.217.24.0-255,350,66925,58,182749
2943,0.001506,172.31.46.0-255,66,66991,58,182749
2944,0.001658,172.217.24.0-255,1484,68475,58,182749
2945,0.001664,172.31.46.0-255,66,68541,58,182749
2946,0.001671,172.217.24.0-255,2902,71443,58,182749
2947,0.001673,172.31.46.0-255,66,71509,58,182749
2948,0.00168,172.217.24.0-255,5738,77247,58,182749
2949,0.001682,172.31.46.0-255,66,77313,58,182749
2950,0.001711,172.217.24.0-255,6797,84110,58,182749
2951,0.001713,172.31.46.0-255,66,84176,58,182749
2952,0.001721,172.217.24.0-255,7156,91332,58,182749
2953,0.001723,172.31.46.0-255,66,91398,58,182749
2954,0.001761,172.217.24.0-255,2902,94300,58,182749
2955,0.001763,172.31.46.0-255,66,94366,58,182749
2956,0.001784,172.217.24.0-255,6797,101163,58,182749
2957,0.001786,172.31.46.0-255,66,101229,58,182749
2958,0.003682,172.217.24.0-255,5738,106967,58,182749
2959,0.003688,172.31.46.0-255,66,107033,58,182749
2960,0.005604,172.217.24.0-255,2902,109935,58,182749
2961,0.00561,172.31.46.0-255,66,110001,58,182749
2962,0.005633,172.217.24.0-255,2902,112903,58,182749
2963,0.005635,172.31.46.0-255,66,112969,58,182749
2964,0.00751,172.217.24.0-255,2902,115871,58,182749
2965,0.007517,172.31.46.0-255,66,115937,58,182749
2966,0.007538,172.217.24.0-255,2902,118839,58,182749
2967,0.007541,172.31.46.0-255,66,118905,58,182749
2968,0.009422,172.217.24.0-255,5738,124643,58,182749
2969,0.009429,172.31.46.0-255,66,124709,58,182749
2970,0.011334,172.217.24.0-255,5738,130447,58,182749
2971,0.011342,172.31.46.0-255,66,130513,58,182749
2972,0.013243,172.217.24.0-255,5738,136251,58,182749
2973,0.013256,172.31.46.0-255,66,136317,58,182749
2974,0.015165,172.217.24.0-255,5738,142055,58,182749
2975,0.015174,172.31.46.0-255,66,142121,58,182749
2976,0.01708,172.217.24.0-255,5738,147859,58,182749
2977,0.01709,172.31.46.0-255,66,147925,58,182749
2978,0.019006,172.217.24.0-255,5738,153663,58,182749
2979,0.019018,172.31.46.0-255,66,153729,58,182749
2980,0.020916,172.217.24.0-255,5738,159467,58,182749
2981,0.020925,172.31.46.0-255,66,159533,58,182749
2982,0.022822,172.217.24.0-255,5738,165271,58,182749
2983,0.022829,172.31.46.0-255,66,165337,58,182749
2984,0.024735,172.217.24.0-255,5738,171075,58,182749
2985,0.024742,172.31.46.0-255,66,171141,58,182749
2986,0.026644,172.217.24.0-255,5738,176879,58,182749
2987,0.026651,172.31.46.0-255,66,176945,58,182749
2988,0.028561,172.217.24.0-255,5738,182683,58,182749
2989,0.028574,172.31.46.0-255,66,182749,58,182749
2990,0.0,172.217.194.0-255,296,296,58,242877
2991,2.3e-05,172.31.46.0-255,66,362,58,242877
2992,2.9e-05,172.217.194.0-255,1484,1846,58,242877
2993,3.3e-05,172.31.46.0-255,66,1912,58,242877
2994,3.9e-05,172.217.194.0-255,2902,4814,58,242877
2995,4.1e-05,172.31.46.0-255,66,4880,58,242877
2996,5.6e-05,172.217.194.0-255,5738,10618,58,242877
2997,6e-05,172.31.46.0-255,66,10684,58,242877
2998,0.000103,172.31.46.0-255,66,10750,58,242877
2999,0.000111,172.217.194.0-255,6797,17547,58,242877
3000,0.000114,172.31.46.0-255,66,17613,58,242877
3001,0.000156,172.217.194.0-255,1484,19097,58,242877
3002,0.000159,172.31.46.0-255,66,19163,58,242877
3003,0.000165,172.217.194.0-255,2902,22065,58,242877
3004,0.000168,172.31.46.0-255,66,22131,58,242877
3005,0.000194,172.217.194.0-255,5738,27869,58,242877
3006,0.000197,172.31.46.0-255,66,27935,58,242877
3007,0.000202,172.217.194.0-255,7156,35091,58,242877
3008,0.000204,172.31.46.0-255,66,35157,58,242877
3009,0.000228,172.217.194.0-255,5738,40895,58,242877
3010,0.00023,172.31.46.0-255,66,40961,58,242877
3011,0.00026,172.31.46.0-255,66,41027,58,242877
3012,0.000263,172.217.194.0-255,2496,43523,58,242877
3013,0.000265,172.31.46.0-255,66,43589,58,242877
3014,0.000267,172.217.194.0-255,99,43688,58,242877
3015,0.000269,172.31.46.0-255,66,43754,58,242877
3016,0.000413,172.217.194.0-255,1484,45238,58,242877
3017,0.000419,172.31.46.0-255,66,45304,58,242877
3018,0.000424,172.217.194.0-255,2902,48206,58,242877
3019,0.000427,172.31.46.0-255,66,48272,58,242877
3020,0.000439,172.217.194.0-255,5738,54010,58,242877
3021,0.000442,172.31.46.0-255,66,54076,58,242877
3022,0.000448,172.217.194.0-255,5738,59814,58,242877
3023,0.000451,172.31.46.0-255,66,59880,58,242877
3024,0.000485,172.217.194.0-255,1484,61364,58,242877
3025,0.000502,172.31.46.0-255,66,61430,58,242877
3026,0.000506,172.217.194.0-255,2481,63911,58,242877
3027,0.000509,172.31.46.0-255,66,63977,58,242877
3028,0.000962,172.217.194.0-255,1484,65461,58,242877
3029,0.000969,172.217.194.0-255,2902,68363,58,242877
3030,0.000974,172.31.46.0-255,66,68429,58,242877
3031,0.000981,172.217.194.0-255,5738,74167,58,242877
3032,0.000983,172.31.46.0-255,66,74233,58,242877
3033,0.001025,172.31.46.0-255,66,74299,58,242877
3034,0.001029,172.217.194.0-255,1484,75783,58,242877
3035,0.001051,172.217.194.0-255,4320,80103,58,242877
3036,0.001053,172.31.46.0-255,66,80169,58,242877
3037,0.001085,172.217.194.0-255,5020,85189,58,242877
3038,0.001088,172.31.46.0-255,66,85255,58,242877
3039,0.001096,172.217.194.0-255,5738,90993,58,242877
3040,0.001099,172.31.46.0-255,66,91059,58,242877
3041,0.001122,172.217.194.0-255,4320,95379,58,242877
3042,0.001126,172.31.46.0-255,66,95445,58,242877
3043,0.001133,172.217.194.0-255,7156,102601,58,242877
3044,0.001135,172.31.46.0-255,66,102667,58,242877
3045,0.001219,172.31.46.0-255,66,102733,58,242877
3046,0.001413,172.217.194.0-255,1484,104217,58,242877
3047,0.001421,172.217.194.0-255,2902,107119,58,242877
3048,0.001425,172.31.46.0-255,66,107185,58,242877
3049,0.001465,172.217.194.0-255,5738,112923,58,242877
3050,0.001469,172.31.46.0-255,66,112989,58,242877
3051,0.001476,172.217.194.0-255,4320,117309,58,242877
3052,0.001478,172.31.46.0-255,66,117375,58,242877
3053,0.001508,172.31.46.0-255,66,117441,58,242877
3054,0.00152,172.31.46.0-255,66,117507,58,242877
3055,0.001554,172.217.194.0-255,5738,123245,58,242877
3056,0.001558,172.31.46.0-255,66,123311,58,242877
3057,0.001564,172.217.194.0-255,5738,129049,58,242877
3058,0.001567,172.31.46.0-255,66,129115,58,242877
3059,0.001598,172.217.194.0-255,1484,130599,58,242877
3060,0.001614,172.31.46.0-255,66,130665,58,242877
3061,0.001621,172.217.194.0-255,6438,137103,58,242877
3062,0.001623,172.31.46.0-255,66,137169,58,242877
3063,0.001838,172.217.194.0-255,1484,138653,58,242877
3064,0.001844,172.217.194.0-255,2902,141555,58,242877
3065,0.001847,172.31.46.0-255,66,141621,58,242877
3066,0.001877,172.217.194.0-255,5738,147359,58,242877
3067,0.001879,172.31.46.0-255,66,147425,58,242877
3068,0.001915,172.31.46.0-255,66,147491,58,242877
3069,0.001918,172.217.194.0-255,1484,148975,58,242877
3070,0.00195,172.31.46.0-255,66,149041,58,242877
3071,0.001954,172.217.194.0-255,2184,151225,58,242877
3072,0.001956,172.31.46.0-255,66,151291,58,242877
3073,0.002,172.217.194.0-255,1484,152775,58,242877
3074,0.002013,172.217.194.0-255,2902,155677,58,242877
3075,0.002017,172.31.46.0-255,66,155743,58,242877
3076,0.002042,172.217.194.0-255,2902,158645,58,242877
3077,0.002046,172.31.46.0-255,66,158711,58,242877
3078,0.002072,172.217.194.0-255,2902,161613,58,242877
3079,0.002074,172.31.46.0-255,66,161679,58,242877
3080,0.002079,172.217.194.0-255,4320,165999,58,242877
3081,0.002081,172.31.46.0-255,66,166065,58,242877
3082,0.002085,172.217.194.0-255,2902,168967,58,242877
3083,0.002091,172.31.46.0-255,66,169033,58,242877
3084,0.002133,172.31.46.0-255,66,169099,58,242877
3085,0.002142,172.31.46.0-255,66,169165,58,242877
3086,0.002245,172.217.194.0-255,1484,170649,58,242877
3087,0.00225,172.217.194.0-255,2902,173551,58,242877
3088,0.002253,172.31.46.0-255,66,173617,58,242877
3089,0.002281,172.217.194.0-255,5738,179355,58,242877
3090,0.002284,172.31.46.0-255,66,179421,58,242877
3091,0.002316,172.31.46.0-255,66,179487,58,242877
3092,0.002327,172.31.46.0-255,66,179553,58,242877
3093,0.002329,172.217.194.0-255,766,180319,58,242877
3094,0.004187,172.31.46.0-255,66,180385,58,242877
3095,0.00464,172.217.194.0-255,4320,184705,58,242877
3096,0.004645,172.31.46.0-255,66,184771,58,242877
3097,0.006499,172.217.194.0-255,1484,186255,58,242877
3098,0.006947,172.217.194.0-255,4320,190575,58,242877
3099,0.006953,172.31.46.0-255,66,190641,58,242877
3100,0.009262,172.217.194.0-255,5738,196379,58,242877
3101,0.009271,172.31.46.0-255,66,196445,58,242877
3102,0.011564,172.217.194.0-255,5738,202183,58,242877
3103,0.011573,172.31.46.0-255,66,202249,58,242877
3104,0.013875,172.217.194.0-255,5738,207987,58,242877
3105,0.013883,172.31.46.0-255,66,208053,58,242877
3106,0.016198,172.217.194.0-255,5738,213791,58,242877
3107,0.016207,172.31.46.0-255,66,213857,58,242877
3108,0.018527,172.217.194.0-255,5738,219595,58,242877
3109,0.018534,172.31.46.0-255,66,219661,58,242877
3110,0.020872,172.217.194.0-255,5738,225399,58,242877
3111,0.020878,172.31.46.0-255,66,225465,58,242877
3112,0.023189,172.217.194.0-255,5738,231203,58,242877
3113,0.023196,172.31.46.0-255,66,231269,58,242877
3114,0.025502,172.217.194.0-255,5738,237007,58,242877
3115,0.025511,172.31.46.0-255,66,237073,58,242877
3116,0.027844,172.217.194.0-255,5738,242811,58,242877
3117,0.02786,172.31.46.0-255,66,242877,58,242877
3118,0.0,74.125.24.0-255,153,153,58,259578
3119,1.3e-05,172.31.46.0-255,66,219,58,259578
3120,2e-05,74.125.24.0-255,1484,1703,58,259578
3121,2.4e-05,172.31.46.0-255,66,1769,58,259578
3122,3.9e-05,74.125.24.0-255,2902,4671,58,259578
3123,4.4e-05,172.31.46.0-255,66,4737,58,259578
3124,5.1e-05,74.125.24.0-255,7156,11893,58,259578
3125,5.4e-05,172.31.46.0-255,66,11959,58,259578
3126,5.8e-05,74.125.24.0-255,1937,13896,58,259578
3127,6.1e-05,172.31.46.0-255,66,13962,58,259578
3128,0.000199,74.125.24.0-255,1484,15446,58,259578
3129,0.000203,172.31.46.0-255,66,15512,58,259578
3130,0.000224,74.125.24.0-255,2902,18414,58,259578
3131,0.000227,172.31.46.0-255,66,18480,58,259578
3132,0.000234,74.125.24.0-255,5738,24218,58,259578
3133,0.000236,172.31.46.0-255,66,24284,58,259578
3134,0.000268,74.125.24.0-255,6797,31081,58,259578
3135,0.000275,172.31.46.0-255,66,31147,58,259578
3136,0.00046,74.125.24.0-255,1484,32631,58,259578
3137,0.000465,172.31.46.0-255,66,32697,58,259578
3138,0.000471,74.125.24.0-255,2902,35599,58,259578
3139,0.000474,172.31.46.0-255,66,35665,58,259578
3140,0.000478,74.125.24.0-255,2902,38567,58,259578
3141,0.000504,172.31.46.0-255,66,38633,58,259578
3142,0.000538,74.125.24.0-255,2902,41535,58,259578
3143,0.000541,172.31.46.0-255,66,41601,58,259578
3144,0.000561,172.31.46.0-255,66,41667,58,259578
3145,0.000568,74.125.24.0-255,7156,48823,58,259578
3146,0.000571,172.31.46.0-255,66,48889,58,259578
3147,0.000575,74.125.24.0-255,2878,51767,58,259578
3148,0.000578,172.31.46.0-255,66,51833,58,259578
3149,0.000607,74.125.24.0-255,110,51943,58,259578
3150,0.000611,74.125.24.0-255,330,52273,58,259578
3151,0.001031,74.125.24.0-255,1484,53757,58,259578
3152,0.001036,172.31.46.0-255,66,53823,58,259578
3153,0.001042,74.125.24.0-255,2902,56725,58,259578
3154,0.001044,172.31.46.0-255,66,56791,58,259578
3155,0.001074,74.125.24.0-255,5738,62529,58,259578
3156,0.001077,172.31.46.0-255,66,62595,58,259578
3157,0.001085,74.125.24.0-255,7156,69751,58,259578
3158,0.001087,172.31.46.0-255,66,69817,58,259578
3159,0.001132,172.31.46.0-255,66,69883,58,259578
3160,0.001142,172.31.46.0-255,66,69949,58,259578
3161,0.002612,74.125.24.0-255,1484,71433,58,259578
3162,0.002623,74.125.24.0-255,2902,74335,58,259578
3163,0.002628,172.31.46.0-255,66,74401,58,259578
3164,0.002637,74.125.24.0-255,5738,80139,58,259578
3165,0.002639,172.31.46.0-255,66,80205,58,259578
3166,0.002671,74.125.24.0-255,1484,81689,58,259578
3167,0.002697,74.125.24.0-255,5738,87427,58,259578
3168,0.0027,172.31.46.0-255,66,87493,58,259578
3169,0.002719,172.31.46.0-255,66,87559,58,259578
3170,0.002723,74.125.24.0-255,2184,89743,58,259578
3171,0.002725,172.31.46.0-255,66,89809,58,259578
3172,0.002786,74.125.24.0-255,1484,91293,58,259578
3173,0.0028,74.125.24.0-255,2902,94195,58,259578
3174,0.002803,172.31.46.0-255,66,94261,58,259578
3175,0.002833,74.125.24.0-255,5738,99999,58,259578
3176,0.002835,172.31.46.0-255,66,100065,58,259578
3177,0.002849,172.31.46.0-255,66,100131,58,259578
3178,0.002861,74.125.24.0-255,7156,107287,58,259578
3179,0.002864,172.31.46.0-255,66,107353,58,259578
3180,0.002895,74.125.24.0-255,3602,110955,58,259578
3181,0.002898,172.31.46.0-255,66,111021,58,259578
3182,0.002929,74.125.24.0-255,4320,115341,58,259578
3183,0.002931,172.31.46.0-255,66,115407,58,259578
3184,0.002938,74.125.24.0-255,5738,121145,58,259578
3185,0.00294,172.31.46.0-255,66,121211,58,259578
3186,0.002961,74.125.24.0-255,4320,125531,58,259578
3187,0.002964,172.31.46.0-255,66,125597,58,259578
3188,0.002981,172.31.46.0-255,66,125663,58,259578
3189,0.003023,172.31.46.0-255,66,125729,58,259578
3190,0.003034,172.31.46.0-255,66,125795,58,259578
3191,0.003048,74.125.24.0-255,1484,127279,58,259578
3192,0.003051,74.125.24.0-255,1484,128763,58,259578
3193,0.003057,172.31.46.0-255,66,128829,58,259578
3194,0.003065,74.125.24.0-255,7156,135985,58,259578
3195,0.003068,172.31.46.0-255,66,136051,58,259578
3196,0.003071,74.125.24.0-255,1484,137535,58,259578
3197,0.003077,74.125.24.0-255,5738,143273,58,259578
3198,0.003079,172.31.46.0-255,66,143339,58,259578
3199,0.003111,74.125.24.0-255,4320,147659,58,259578
3200,0.003113,172.31.46.0-255,66,147725,58,259578
3201,0.00312,74.125.24.0-255,3602,151327,58,259578
3202,0.003122,172.31.46.0-255,66,151393,58,259578
3203,0.003158,74.125.24.0-255,4320,155713,58,259578
3204,0.00316,172.31.46.0-255,66,155779,58,259578
3205,0.003167,74.125.24.0-255,5738,161517,58,259578
3206,0.003169,172.31.46.0-255,66,161583,58,259578
3207,0.00321,172.31.46.0-255,66,161649,58,259578
3208,0.003216,74.125.24.0-255,5738,167387,58,259578
3209,0.003218,172.31.46.0-255,66,167453,58,259578
3210,0.003254,74.125.24.0-255,6438,173891,58,259578
3211,0.003257,172.31.46.0-255,66,173957,58,259578
3212,0.003306,74.125.24.0-255,7156,181113,58,259578
3213,0.003309,172.31.46.0-255,66,181179,58,259578
3214,0.003346,172.31.46.0-255,66,181245,58,259578
3215,0.003409,172.31.46.0-255,66,181311,58,259578
3216,0.003434,74.125.24.0-255,2902,184213,58,259578
3217,0.003436,172.31.46.0-255,66,184279,58,259578
3218,0.003439,74.125.24.0-255,766,185045,58,259578
3219,0.003442,74.125.24.0-255,1484,186529,58,259578
3220,0.003444,172.31.46.0-255,66,186595,58,259578
3221,0.003448,74.125.24.0-255,2902,189497,58,259578
3222,0.003451,172.31.46.0-255,66,189563,58,259578
3223,0.003462,74.125.24.0-255,5738,195301,58,259578
3224,0.003464,172.31.46.0-255,66,195367,58,259578
3225,0.00347,74.125.24.0-255,4320,199687,58,259578
3226,0.003472,172.31.46.0-255,66,199753,58,259578
3227,0.003478,74.125.24.0-255,4320,204073,58,259578
3228,0.00348,172.31.46.0-255,66,204139,58,259578
3229,0.003524,172.31.46.0-255,66,204205,58,259578
3230,0.003529,74.125.24.0-255,3602,207807,58,259578
3231,0.003531,172.31.46.0-255,66,207873,58,259578
3232,0.003672,74.125.24.0-255,1484,209357,58,259578
3233,0.003676,74.125.24.0-255,1484,210841,58,259578
3234,0.003679,172.31.46.0-255,66,210907,58,259578
3235,0.003706,74.125.24.0-255,1484,212391,58,259578
3236,0.003712,74.125.24.0-255,5738,218129,58,259578
3237,0.003715,172.31.46.0-255,66,218195,58,259578
3238,0.003721,74.125.24.0-255,5738,223933,58,259578
3239,0.003724,172.31.46.0-255,66,223999,58,259578
3240,0.00373,74.125.24.0-255,5738,229737,58,259578
3241,0.003732,172.31.46.0-255,66,229803,58,259578
3242,0.003766,74.125.24.0-255,7156,236959,58,259578
3243,0.003768,172.31.46.0-255,66,237025,58,259578
3244,0.003774,74.125.24.0-255,5020,242045,58,259578
3245,0.003776,172.31.46.0-255,66,242111,58,259578
3246,0.003857,74.125.24.0-255,1484,243595,58,259578
3247,0.003861,74.125.24.0-255,1484,245079,58,259578
3248,0.003863,172.31.46.0-255,66,245145,58,259578
3249,0.003889,74.125.24.0-255,1484,246629,58,259578
3250,0.003896,74.125.24.0-255,5738,252367,58,259578
3251,0.003899,172.31.46.0-255,66,252433,58,259578
3252,0.003934,172.31.46.0-255,66,252499,58,259578
3253,0.003957,74.125.24.0-255,1484,253983,58,259578
3254,0.003973,74.125.24.0-255,5187,259170,58,259578
3255,0.003975,172.31.46.0-255,66,259236,58,259578
3256,0.00405,74.125.24.0-255,105,259341,58,259578
3257,0.008663,172.31.46.0-255,66,259407,58,259578
3258,0.008702,172.31.46.0-255,105,259512,58,259578
3259,0.010656,74.125.24.0-255,66,259578,58,259578
3260,0.0,104.244.42.0-255,66,66,58,66
3261,0.0,104.244.42.0-255,66,66,58,66
3262,0.0,74.125.68.0-255,146,146,58,248204
3263,2.3e-05,172.31.46.0-255,66,212,58,248204
3264,4.7e-05,74.125.68.0-255,1484,1696,58,248204
3265,5.1e-05,172.31.46.0-255,66,1762,58,248204
3266,8.8e-05,74.125.68.0-255,2902,4664,58,248204
3267,9.1e-05,172.31.46.0-255,66,4730,58,248204
3268,0.000117,74.125.68.0-255,1484,6214,58,248204
3269,0.00012,172.31.46.0-255,66,6280,58,248204
3270,0.000135,74.125.68.0-255,4320,10600,58,248204
3271,0.000138,172.31.46.0-255,66,10666,58,248204
3272,0.000142,74.125.68.0-255,2902,13568,58,248204
3273,0.000145,172.31.46.0-255,66,13634,58,248204
3274,0.000212,74.125.68.0-255,2902,16536,58,248204
3275,0.000216,172.31.46.0-255,66,16602,58,248204
3276,0.000244,172.31.46.0-255,66,16668,58,248204
3277,0.00025,74.125.68.0-255,5738,22406,58,248204
3278,0.000253,172.31.46.0-255,66,22472,58,248204
3279,0.000266,74.125.68.0-255,1125,23597,58,248204
3280,0.000268,172.31.46.0-255,66,23663,58,248204
3281,0.000339,74.125.68.0-255,1484,25147,58,248204
3282,0.000343,172.31.46.0-255,66,25213,58,248204
3283,0.000346,74.125.68.0-255,1484,26697,58,248204
3284,0.000348,172.31.46.0-255,66,26763,58,248204
3285,0.000362,74.125.68.0-255,1484,28247,58,248204
3286,0.000365,172.31.46.0-255,66,28313,58,248204
3287,0.00037,74.125.68.0-255,4320,32633,58,248204
3288,0.000373,172.31.46.0-255,66,32699,58,248204
3289,0.000392,74.125.68.0-255,1484,34183,58,248204
3290,0.000394,172.31.46.0-255,66,34249,58,248204
3291,0.000399,74.125.68.0-255,2902,37151,58,248204
3292,0.000401,172.31.46.0-255,66,37217,58,248204
3293,0.000415,74.125.68.0-255,2902,40119,58,248204
3294,0.000418,172.31.46.0-255,66,40185,58,248204
3295,0.000423,74.125.68.0-255,4320,44505,58,248204
3296,0.000426,172.31.46.0-255,66,44571,58,248204
3297,0.000449,74.125.68.0-255,2902,47473,58,248204
3298,0.000452,172.31.46.0-255,66,47539,58,248204
3299,0.000466,74.125.68.0-255,1484,49023,58,248204
3300,0.000468,172.31.46.0-255,66,49089,58,248204
3301,0.000485,74.125.68.0-255,4320,53409,58,248204
3302,0.000487,172.31.46.0-255,66,53475,58,248204
3303,0.000536,74.125.68.0-255,2902,56377,58,248204
3304,0.000539,172.31.46.0-255,66,56443,58,248204
3305,0.000555,74.125.68.0-255,2184,58627,58,248204
3306,0.000558,172.31.46.0-255,66,58693,58,248204
3307,0.000571,74.125.68.0-255,426,59119,58,248204
3308,0.000575,172.31.46.0-255,66,59185,58,248204
3309,0.000592,74.125.68.0-255,1484,60669,58,248204
3310,0.000594,172.31.46.0-255,66,60735,58,248204
3311,0.000616,74.125.68.0-255,4320,65055,58,248204
3312,0.000618,172.31.46.0-255,66,65121,58,248204
3313,0.000621,74.125.68.0-255,1484,66605,58,248204
3314,0.000623,172.31.46.0-255,66,66671,58,248204
3315,0.000641,74.125.68.0-255,1484,68155,58,248204
3316,0.000644,172.31.46.0-255,66,68221,58,248204
3317,0.000689,74.125.68.0-255,2902,71123,58,248204
3318,0.000693,172.31.46.0-255,66,71189,58,248204
3319,0.000715,74.125.68.0-255,5081,76270,58,248204
3320,0.000718,172.31.46.0-255,66,76336,58,248204
3321,0.001264,74.125.68.0-255,1484,77820,58,248204
3322,0.001269,172.31.46.0-255,66,77886,58,248204
3323,0.001272,74.125.68.0-255,1484,79370,58,248204
3324,0.001274,172.31.46.0-255,66,79436,58,248204
3325,0.001291,74.125.68.0-255,1484,80920,58,248204
3326,0.001293,172.31.46.0-255,66,80986,58,248204
3327,0.001299,74.125.68.0-255,5738,86724,58,248204
3328,0.001301,172.31.46.0-255,66,86790,58,248204
3329,0.001308,74.125.68.0-255,7156,93946,58,248204
3330,0.00131,172.31.46.0-255,66,94012,58,248204
3331,0.001332,74.125.68.0-255,5738,99750,58,248204
3332,0.001334,172.31.46.0-255,66,99816,58,248204
3333,0.001352,74.125.68.0-255,2902,102718,58,248204
3334,0.001355,172.31.46.0-255,66,102784,58,248204
3335,0.001367,74.125.68.0-255,2902,105686,58,248204
3336,0.001369,172.31.46.0-255,66,105752,58,248204
3337,0.001389,74.125.68.0-255,5020,110772,58,248204
3338,0.001391,172.31.46.0-255,66,110838,58,248204
3339,0.001547,74.125.68.0-255,1484,112322,58,248204
3340,0.00156,74.125.68.0-255,1484,113806,58,248204
3341,0.001563,172.31.46.0-255,66,113872,58,248204
3342,0.001581,74.125.68.0-255,1484,115356,58,248204
3343,0.001585,74.125.68.0-255,2902,118258,58,248204
3344,0.001587,172.31.46.0-255,66,118324,58,248204
3345,0.001591,74.125.68.0-255,2902,121226,58,248204
3346,0.001593,172.31.46.0-255,66,121292,58,248204
3347,0.001611,74.125.68.0-255,1484,122776,58,248204
3348,0.001616,74.125.68.0-255,4320,127096,58,248204
3349,0.001618,172.31.46.0-255,66,127162,58,248204
3350,0.001639,74.125.68.0-255,4320,131482,58,248204
3351,0.001641,172.31.46.0-255,66,131548,58,248204
3352,0.001647,74.125.68.0-255,5738,137286,58,248204
3353,0.001649,172.31.46.0-255,66,137352,58,248204
3354,0.001681,74.125.68.0-255,7156,144508,58,248204
3355,0.001684,172.31.46.0-255,66,144574,58,248204
3356,0.001686,74.125.68.0-255,766,145340,58,248204
3357,0.001903,172.31.46.0-255,66,145406,58,248204
3358,0.001988,74.125.68.0-255,1484,146890,58,248204
3359,0.002009,74.125.68.0-255,1484,148374,58,248204
3360,0.002012,172.31.46.0-255,66,148440,58,248204
3361,0.002017,74.125.68.0-255,2902,151342,58,248204
3362,0.002019,172.31.46.0-255,66,151408,58,248204
3363,0.002025,74.125.68.0-255,5738,157146,58,248204
3364,0.002027,172.31.46.0-255,66,157212,58,248204
3365,0.002046,74.125.68.0-255,7156,164368,58,248204
3366,0.002048,172.31.46.0-255,66,164434,58,248204
3367,0.00207,74.125.68.0-255,2902,167336,58,248204
3368,0.002072,172.31.46.0-255,66,167402,58,248204
3369,0.002075,74.125.68.0-255,1484,168886,58,248204
3370,0.002089,74.125.68.0-255,1484,170370,58,248204
3371,0.002091,172.31.46.0-255,66,170436,58,248204
3372,0.002104,74.125.68.0-255,4320,174756,58,248204
3373,0.002106,172.31.46.0-255,66,174822,58,248204
3374,0.002122,74.125.68.0-255,4320,179142,58,248204
3375,0.002124,172.31.46.0-255,66,179208,58,248204
3376,0.002127,74.125.68.0-255,766,179974,58,248204
3377,0.004413,74.125.68.0-255,4320,184294,58,248204
3378,0.004419,172.31.46.0-255,66,184360,58,248204
3379,0.006684,74.125.68.0-255,5738,190098,58,248204
3380,0.00669,172.31.46.0-255,66,190164,58,248204
3381,0.008951,74.125.68.0-255,5738,195902,58,248204
3382,0.008958,172.31.46.0-255,66,195968,58,248204
3383,0.011216,74.125.68.0-255,5738,201706,58,248204
3384,0.011224,172.31.46.0-255,66,201772,58,248204
3385,0.013479,74.125.68.0-255,5738,207510,58,248204
3386,0.013486,172.31.46.0-255,66,207576,58,248204
3387,0.015744,74.125.68.0-255,5738,213314,58,248204
3388,0.015753,172.31.46.0-255,66,213380,58,248204
3389,0.018017,74.125.68.0-255,5738,219118,58,248204
3390,0.018026,172.31.46.0-255,66,219184,58,248204
3391,0.02028,74.125.68.0-255,5738,224922,58,248204
3392,0.020287,172.31.46.0-255,66,224988,58,248204
3393,0.022566,74.125.68.0-255,5738,230726,58,248204
3394,0.022573,172.31.46.0-255,66,230792,58,248204
3395,0.024833,74.125.68.0-255,5738,236530,58,248204
3396,0.02484,172.31.46.0-255,66,236596,58,248204
3397,0.027121,74.125.68.0-255,5738,242334,58,248204
3398,0.027129,172.31.46.0-255,66,242400,58,248204
3399,0.029394,74.125.68.0-255,5738,248138,58,248204
3400,0.029402,172.31.46.0-255,66,248204,58,248204
3401,0.0,172.217.194.0-255,153,153,58,176190
3402,2.3e-05,172.31.46.0-255,66,219,58,176190
3403,3e-05,172.217.194.0-255,1484,1703,58,176190
3404,3.4e-05,172.31.46.0-255,66,1769,58,176190
3405,4e-05,172.217.194.0-255,2902,4671,58,176190
3406,4.4e-05,172.31.46.0-255,66,4737,58,176190
3407,5.2e-05,172.217.194.0-255,7156,11893,58,176190
3408,5.5e-05,172.31.46.0-255,66,11959,58,176190
3409,6.1e-05,172.217.194.0-255,4810,16769,58,176190
3410,6.5e-05,172.31.46.0-255,66,16835,58,176190
3411,9e-05,172.217.194.0-255,2902,19737,58,176190
3412,9.3e-05,172.31.46.0-255,66,19803,58,176190
3413,0.000128,172.31.46.0-255,66,19869,58,176190
3414,0.000183,172.217.194.0-255,1484,21353,58,176190
3415,0.000186,172.31.46.0-255,66,21419,58,176190
3416,0.000214,172.217.194.0-255,2902,24321,58,176190
3417,0.000217,172.31.46.0-255,66,24387,58,176190
3418,0.000238,172.217.194.0-255,5738,30125,58,176190
3419,0.000241,172.31.46.0-255,66,30191,58,176190
3420,0.000275,172.31.46.0-255,66,30257,58,176190
3421,0.000302,172.217.194.0-255,5738,35995,58,176190
3422,0.000305,172.31.46.0-255,66,36061,58,176190
3423,0.000326,172.217.194.0-255,5738,41799,58,176190
3424,0.000329,172.31.46.0-255,66,41865,58,176190
3425,0.000332,172.217.194.0-255,1414,43279,58,176190
3426,0.000334,172.31.46.0-255,66,43345,58,176190
3427,0.000337,172.217.194.0-255,366,43711,58,176190
3428,0.000339,172.31.46.0-255,66,43777,58,176190
3429,0.000508,172.217.194.0-255,1484,45261,58,176190
3430,0.000514,172.31.46.0-255,66,45327,58,176190
3431,0.00052,172.217.194.0-255,2902,48229,58,176190
3432,0.000523,172.31.46.0-255,66,48295,58,176190
3433,0.000529,172.217.194.0-255,5738,54033,58,176190
3434,0.000532,172.31.46.0-255,66,54099,58,176190
3435,0.000551,172.217.194.0-255,2902,57001,58,176190
3436,0.000553,172.31.46.0-255,66,57067,58,176190
3437,0.000587,172.31.46.0-255,66,57133,58,176190
3438,0.000597,172.31.46.0-255,66,57199,58,176190
3439,0.000614,172.217.194.0-255,2184,59383,58,176190
3440,0.000617,172.31.46.0-255,66,59449,58,176190
3441,0.001029,172.217.194.0-255,1484,60933,58,176190
3442,0.001048,172.217.194.0-255,2902,63835,58,176190
3443,0.001052,172.31.46.0-255,66,63901,58,176190
3444,0.001061,172.217.194.0-255,5738,69639,58,176190
3445,0.001063,172.31.46.0-255,66,69705,58,176190
3446,0.001099,172.31.46.0-255,66,69771,58,176190
3447,0.001112,172.31.46.0-255,66,69837,58,176190
3448,0.001155,172.217.194.0-255,1484,71321,58,176190
3449,0.001159,172.217.194.0-255,1484,72805,58,176190
3450,0.001161,172.31.46.0-255,66,72871,58,176190
3451,0.001182,172.217.194.0-255,1484,74355,58,176190
3452,0.001188,172.217.194.0-255,5738,80093,58,176190
3453,0.001198,172.31.46.0-255,66,80159,58,176190
3454,0.001222,172.31.46.0-255,66,80225,58,176190
3455,0.001242,172.217.194.0-255,4320,84545,58,176190
3456,0.00125,172.217.194.0-255,7156,91701,58,176190
3457,0.001254,172.31.46.0-255,66,91767,58,176190
3458,0.001257,172.31.46.0-255,66,91833,58,176190
3459,0.001269,172.217.194.0-255,3602,95435,58,176190
3460,0.001272,172.31.46.0-255,66,95501,58,176190
3461,0.001288,172.217.194.0-255,2902,98403,58,176190
3462,0.001291,172.31.46.0-255,66,98469,58,176190
3463,0.001294,172.217.194.0-255,1484,99953,58,176190
3464,0.00131,172.217.194.0-255,2902,102855,58,176190
3465,0.001313,172.31.46.0-255,66,102921,58,176190
3466,0.001323,172.31.46.0-255,66,102987,58,176190
3467,0.001338,172.217.194.0-255,1484,104471,58,176190
3468,0.001355,172.217.194.0-255,7156,111627,58,176190
3469,0.001358,172.31.46.0-255,66,111693,58,176190
3470,0.001385,172.217.194.0-255,7156,118849,58,176190
3471,0.001388,172.31.46.0-255,66,118915,58,176190
3472,0.001392,172.217.194.0-255,2184,121099,58,176190
3473,0.001394,172.31.46.0-255,66,121165,58,176190
3474,0.001518,172.217.194.0-255,1484,122649,58,176190
3475,0.001524,172.217.194.0-255,2902,125551,58,176190
3476,0.001527,172.31.46.0-255,66,125617,58,176190
3477,0.001533,172.217.194.0-255,5738,131355,58,176190
3478,0.001536,172.31.46.0-255,66,131421,58,176190
3479,0.001539,172.217.194.0-255,1484,132905,58,176190
3480,0.001577,172.217.194.0-255,7156,140061,58,176190
3481,0.00158,172.31.46.0-255,66,140127,58,176190
3482,0.001592,172.31.46.0-255,66,140193,58,176190
3483,0.001598,172.217.194.0-255,5020,145213,58,176190
3484,0.001601,172.31.46.0-255,66,145279,58,176190
3485,0.001646,172.217.194.0-255,1484,146763,58,176190
3486,0.00166,172.217.194.0-255,2902,149665,58,176190
3487,0.001664,172.31.46.0-255,66,149731,58,176190
3488,0.00167,172.217.194.0-255,5738,155469,58,176190
3489,0.001672,172.31.46.0-255,66,155535,58,176190
3490,0.001739,172.31.46.0-255,66,155601,58,176190
3491,0.001749,172.31.46.0-255,66,155667,58,176190
3492,0.001755,172.217.194.0-255,5738,161405,58,176190
3493,0.001758,172.31.46.0-255,66,161471,58,176190
3494,0.001788,172.31.46.0-255,66,161537,58,176190
3495,0.00182,172.31.46.0-255,66,161603,58,176190
3496,0.001833,172.217.194.0-255,2902,164505,58,176190
3497,0.001867,172.31.46.0-255,66,164571,58,176190
3498,0.001954,172.31.46.0-255,66,164637,58,176190
3499,0.00196,172.31.46.0-255,66,164703,58,176190
3500,0.001971,172.217.194.0-255,5738,170441,58,176190
3501,0.001986,172.31.46.0-255,66,170507,58,176190
3502,0.002009,172.217.194.0-255,5174,175681,58,176190
3503,0.002011,172.217.194.0-255,105,175786,58,176190
3504,0.002039,172.31.46.0-255,66,175852,58,176190
3505,0.00403,172.31.46.0-255,101,175953,58,176190
3506,0.004397,172.31.46.0-255,105,176058,58,176190
3507,0.006136,172.217.194.0-255,66,176124,58,176190
3508,0.006462,172.217.194.0-255,66,176190,58,176190
3509,0.0,74.125.200.0-255,301,301,58,253301
3510,1.7e-05,172.31.46.0-255,66,367,58,253301
3511,2.4e-05,74.125.200.0-255,1484,1851,58,253301
3512,2.8e-05,172.31.46.0-255,66,1917,58,253301
3513,3.6e-05,74.125.200.0-255,2902,4819,58,253301
3514,3.9e-05,172.31.46.0-255,66,4885,58,253301
3515,4.6e-05,74.125.200.0-255,5738,10623,58,253301
3516,5e-05,172.31.46.0-255,66,10689,58,253301
3517,8.3e-05,74.125.200.0-255,4720,15409,58,253301
3518,8.6e-05,172.31.46.0-255,66,15475,58,253301
3519,9.2e-05,74.125.200.0-255,5738,21213,58,253301
3520,9.4e-05,172.31.46.0-255,66,21279,58,253301
3521,0.00013,172.31.46.0-255,66,21345,58,253301
3522,0.000366,74.125.200.0-255,1484,22829,58,253301
3523,0.000372,172.31.46.0-255,66,22895,58,253301
3524,0.000378,74.125.200.0-255,2902,25797,58,253301
3525,0.00038,172.31.46.0-255,66,25863,58,253301
3526,0.000407,74.125.200.0-255,5738,31601,58,253301
3527,0.00041,172.31.46.0-255,66,31667,58,253301
3528,0.000413,74.125.200.0-255,1484,33151,58,253301
3529,0.000415,172.31.46.0-255,66,33217,58,253301
3530,0.000441,172.31.46.0-255,66,33283,58,253301
3531,0.000455,172.31.46.0-255,66,33349,58,253301
3532,0.000497,74.125.200.0-255,2184,35533,58,253301
3533,0.0005,172.31.46.0-255,66,35599,58,253301
3534,0.000539,74.125.200.0-255,646,36245,58,253301
3535,0.000542,172.31.46.0-255,66,36311,58,253301
3536,0.000576,74.125.200.0-255,1484,37795,58,253301
3537,0.000579,172.31.46.0-255,66,37861,58,253301
3538,0.000585,74.125.200.0-255,2902,40763,58,253301
3539,0.000587,172.31.46.0-255,66,40829,58,253301
3540,0.000602,74.125.200.0-255,4320,45149,58,253301
3541,0.000605,172.31.46.0-255,66,45215,58,253301
3542,0.000632,74.125.200.0-255,1484,46699,58,253301
3543,0.000641,74.125.200.0-255,5738,52437,58,253301
3544,0.000644,172.31.46.0-255,66,52503,58,253301
3545,0.000651,74.125.200.0-255,7156,59659,58,253301
3546,0.000653,172.31.46.0-255,66,59725,58,253301
3547,0.000667,74.125.200.0-255,1484,61209,58,253301
3548,0.000692,172.31.46.0-255,66,61275,58,253301
3549,0.000734,74.125.200.0-255,1484,62759,58,253301
3550,0.000748,74.125.200.0-255,2902,65661,58,253301
3551,0.000757,172.31.46.0-255,66,65727,58,253301
3552,0.000772,74.125.200.0-255,1484,67211,58,253301
3553,0.000793,74.125.200.0-255,2902,70113,58,253301
3554,0.000796,172.31.46.0-255,66,70179,58,253301
3555,0.000799,74.125.200.0-255,1484,71663,58,253301
3556,0.000835,74.125.200.0-255,4320,75983,58,253301
3557,0.000849,74.125.200.0-255,4320,80303,58,253301
3558,0.000866,74.125.200.0-255,5738,86041,58,253301
3559,0.000869,74.125.200.0-255,766,86807,58,253301
3560,0.00088,172.31.46.0-255,66,86873,58,253301
3561,0.001002,74.125.200.0-255,1484,88357,58,253301
3562,0.001008,74.125.200.0-255,2902,91259,58,253301
3563,0.001012,172.31.46.0-255,66,91325,58,253301
3564,0.001016,74.125.200.0-255,1484,92809,58,253301
3565,0.001028,74.125.200.0-255,1484,94293,58,253301
3566,0.001033,74.125.200.0-255,4320,98613,58,253301
3567,0.001057,172.31.46.0-255,66,98679,58,253301
3568,0.00107,74.125.200.0-255,2902,101581,58,253301
3569,0.001075,172.31.46.0-255,66,101647,58,253301
3570,0.001087,74.125.200.0-255,4320,105967,58,253301
3571,0.00111,172.31.46.0-255,66,106033,58,253301
3572,0.001127,74.125.200.0-255,2902,108935,58,253301
3573,0.001135,172.31.46.0-255,66,109001,58,253301
3574,0.001144,74.125.200.0-255,3602,112603,58,253301
3575,0.001153,172.31.46.0-255,66,112669,58,253301
3576,0.001361,74.125.200.0-255,1484,114153,58,253301
3577,0.001366,74.125.200.0-255,1484,115637,58,253301
3578,0.001369,172.31.46.0-255,66,115703,58,253301
3579,0.001383,74.125.200.0-255,1484,117187,58,253301
3580,0.001389,74.125.200.0-255,4320,121507,58,253301
3581,0.001406,172.31.46.0-255,66,121573,58,253301
3582,0.001428,74.125.200.0-255,4320,125893,58,253301
3583,0.001445,74.125.200.0-255,4320,130213,58,253301
3584,0.001452,172.31.46.0-255,66,130279,58,253301
3585,0.001472,172.31.46.0-255,66,130345,58,253301
3586,0.001479,74.125.200.0-255,766,131111,58,253301
3587,0.001484,74.125.200.0-255,4320,135431,58,253301
3588,0.00149,74.125.200.0-255,5738,141169,58,253301
3589,0.001517,74.125.200.0-255,5738,146907,58,253301
3590,0.001528,172.31.46.0-255,66,146973,58,253301
3591,0.001543,74.125.200.0-255,5738,152711,58,253301
3592,0.001548,74.125.200.0-255,2902,155613,58,253301
3593,0.00156,172.31.46.0-255,66,155679,58,253301
3594,0.001584,74.125.200.0-255,5738,161417,58,253301
3595,0.001598,74.125.200.0-255,2184,163601,58,253301
3596,0.001603,172.31.46.0-255,66,163667,58,253301
3597,0.001637,74.125.200.0-255,1484,165151,58,253301
3598,0.001657,74.125.200.0-255,2902,168053,58,253301
3599,0.001662,74.125.200.0-255,2902,170955,58,253301
3600,0.001669,172.31.46.0-255,66,171021,58,253301
3601,0.001686,74.125.200.0-255,2902,173923,58,253301
3602,0.001692,74.125.200.0-255,4320,178243,58,253301
3603,0.001703,74.125.200.0-255,5738,183981,58,253301
3604,0.001762,74.125.200.0-255,2184,186165,58,253301
3605,0.001772,172.31.46.0-255,66,186231,58,253301
3606,0.001783,74.125.200.0-255,4320,190551,58,253301
3607,0.001803,74.125.200.0-255,7156,197707,58,253301
3608,0.001808,74.125.200.0-255,4320,202027,58,253301
3609,0.001824,172.31.46.0-255,66,202093,58,253301
3610,0.001863,74.125.200.0-255,4320,206413,58,253301
3611,0.001878,74.125.200.0-255,5020,211433,58,253301
3612,0.001884,74.125.200.0-255,5738,217171,58,253301
3613,0.001891,172.31.46.0-255,66,217237,58,253301
3614,0.001903,74.125.200.0-255,7156,224393,58,253301
3615,0.001908,172.31.46.0-255,66,224459,58,253301
3616,0.001937,74.125.200.0-255,7156,231615,58,253301
3617,0.001942,172.31.46.0-255,66,231681,58,253301
3618,0.001957,74.125.200.0-255,5020,236701,58,253301
3619,0.001973,74.125.200.0-255,2902,239603,58,253301
3620,0.001997,172.31.46.0-255,66,239669,58,253301
3621,0.002013,74.125.200.0-255,4320,243989,58,253301
3622,0.002024,172.31.46.0-255,66,244055,58,253301
3623,0.002075,172.31.46.0-255,66,244121,58,253301
3624,0.002095,74.125.200.0-255,5738,249859,58,253301
3625,0.002126,172.31.46.0-255,66,249925,58,253301
3626,0.002131,172.31.46.0-255,66,249991,58,253301
3627,0.002142,74.125.200.0-255,2902,252893,58,253301
3628,0.002153,172.31.46.0-255,66,252959,58,253301
3629,0.002184,74.125.200.0-255,105,253064,58,253301
3630,0.002193,172.31.46.0-255,66,253130,58,253301
3631,0.010512,172.31.46.0-255,105,253235,58,253301
3632,0.01279,74.125.200.0-255,66,253301,58,253301
3633,0.0,172.217.194.0-255,146,146,58,182649
3634,1.4e-05,172.31.46.0-255,66,212,58,182649
3635,2e-05,172.217.194.0-255,1484,1696,58,182649
3636,2.6e-05,172.31.46.0-255,66,1762,58,182649
3637,3.9e-05,172.217.194.0-255,2902,4664,58,182649
3638,4.3e-05,172.31.46.0-255,66,4730,58,182649
3639,5e-05,172.217.194.0-255,7156,11886,58,182649
3640,5.4e-05,172.31.46.0-255,66,11952,58,182649
3641,5.8e-05,172.217.194.0-255,2031,13983,58,182649
3642,6e-05,172.31.46.0-255,66,14049,58,182649
3643,9.2e-05,172.217.194.0-255,4320,18369,58,182649
3644,9.5e-05,172.31.46.0-255,66,18435,58,182649
3645,0.000127,172.217.194.0-255,7156,25591,58,182649
3646,0.00013,172.31.46.0-255,66,25657,58,182649
3647,0.000137,172.217.194.0-255,5379,31036,58,182649
3648,0.000139,172.31.46.0-255,66,31102,58,182649
3649,0.000383,172.217.194.0-255,1484,32586,58,182649
3650,0.000388,172.31.46.0-255,66,32652,58,182649
3651,0.000394,172.217.194.0-255,2902,35554,58,182649
3652,0.000396,172.31.46.0-255,66,35620,58,182649
3653,0.000406,172.217.194.0-255,4320,39940,58,182649
3654,0.000409,172.31.46.0-255,66,40006,58,182649
3655,0.000433,172.217.194.0-255,1484,41490,58,182649
3656,0.000436,172.31.46.0-255,66,41556,58,182649
3657,0.000444,172.217.194.0-255,7156,48712,58,182649
3658,0.000451,172.31.46.0-255,66,48778,58,182649
3659,0.000492,172.217.194.0-255,6797,55575,58,182649
3660,0.000496,172.31.46.0-255,66,55641,58,182649
3661,0.000512,172.31.46.0-255,66,55707,58,182649
3662,0.000722,172.217.194.0-255,1484,57191,58,182649
3663,0.000727,172.31.46.0-255,66,57257,58,182649
3664,0.000733,172.217.194.0-255,2902,60159,58,182649
3665,0.000735,172.31.46.0-255,66,60225,58,182649
3666,0.000769,172.217.194.0-255,5738,65963,58,182649
3667,0.000772,172.31.46.0-255,66,66029,58,182649
3668,0.000779,172.217.194.0-255,6797,72826,58,182649
3669,0.000782,172.31.46.0-255,66,72892,58,182649
3670,0.000809,172.217.194.0-255,645,73537,58,182649
3671,0.001272,172.217.194.0-255,1484,75021,58,182649
3672,0.001278,172.31.46.0-255,66,75087,58,182649
3673,0.001285,172.217.194.0-255,2902,77989,58,182649
3674,0.001287,172.31.46.0-255,66,78055,58,182649
3675,0.001298,172.217.194.0-255,4320,82375,58,182649
3676,0.001301,172.31.46.0-255,66,82441,58,182649
3677,0.001341,172.217.194.0-255,1484,83925,58,182649
3678,0.001356,172.31.46.0-255,66,83991,58,182649
3679,0.001372,172.31.46.0-255,66,84057,58,182649
3680,0.001375,172.217.194.0-255,766,84823,58,182649
3681,0.001829,172.217.194.0-255,1484,86307,58,182649
3682,0.001836,172.31.46.0-255,66,86373,58,182649
3683,0.001843,172.217.194.0-255,2902,89275,58,182649
3684,0.001846,172.31.46.0-255,66,89341,58,182649
3685,0.001858,172.217.194.0-255,5738,95079,58,182649
3686,0.00186,172.31.46.0-255,66,95145,58,182649
3687,0.001918,172.31.46.0-255,66,95211,58,182649
3688,0.001929,172.31.46.0-255,66,95277,58,182649
3689,0.001956,172.217.194.0-255,2184,97461,58,182649
3690,0.001958,172.31.46.0-255,66,97527,58,182649
3691,0.002208,172.217.194.0-255,1484,99011,58,182649
3692,0.002224,172.217.194.0-255,2902,101913,58,182649
3693,0.002227,172.31.46.0-255,66,101979,58,182649
3694,0.002232,172.217.194.0-255,4320,106299,58,182649
3695,0.002235,172.31.46.0-255,66,106365,58,182649
3696,0.002263,172.217.194.0-255,1484,107849,58,182649
3697,0.00227,172.217.194.0-255,5738,113587,58,182649
3698,0.002273,172.31.46.0-255,66,113653,58,182649
3699,0.002294,172.31.46.0-255,66,113719,58,182649
3700,0.002299,172.217.194.0-255,5020,118739,58,182649
3701,0.002302,172.31.46.0-255,66,118805,58,182649
3702,0.004622,172.217.194.0-255,5738,124543,58,182649
3703,0.004626,172.31.46.0-255,66,124609,58,182649
3704,0.006935,172.217.194.0-255,5738,130347,58,182649
3705,0.006942,172.31.46.0-255,66,130413,58,182649
3706,0.009261,172.217.194.0-255,5738,136151,58,182649
3707,0.009273,172.31.46.0-255,66,136217,58,182649
3708,0.011597,172.217.194.0-255,5738,141955,58,182649
3709,0.011609,172.31.46.0-255,66,142021,58,182649
3710,0.01393,172.217.194.0-255,5738,147759,58,182649
3711,0.013943,172.31.46.0-255,66,147825,58,182649
3712,0.016262,172.217.194.0-255,5738,153563,58,182649
3713,0.016276,172.31.46.0-255,66,153629,58,182649
3714,0.018606,172.217.194.0-255,5738,159367,58,182649
3715,0.018623,172.31.46.0-255,66,159433,58,182649
3716,0.020995,172.217.194.0-255,5738,165171,58,182649
3717,0.021009,172.31.46.0-255,66,165237,58,182649
3718,0.023325,172.217.194.0-255,5738,170975,58,182649
3719,0.023338,172.31.46.0-255,66,171041,58,182649
3720,0.025635,172.217.194.0-255,5738,176779,58,182649
3721,0.02565,172.31.46.0-255,66,176845,58,182649
3722,0.027964,172.217.194.0-255,5738,182583,58,182649
3723,0.027975,172.31.46.0-255,66,182649,58,182649
3724,0.0,74.125.24.0-255,152,152,58,214006
3725,2.4e-05,172.31.46.0-255,66,218,58,214006
3726,3.1e-05,74.125.24.0-255,1484,1702,58,214006
3727,3.7e-05,172.31.46.0-255,66,1768,58,214006
3728,4.3e-05,74.125.24.0-255,2902,4670,58,214006
3729,4.6e-05,172.31.46.0-255,66,4736,58,214006
3730,5.4e-05,74.125.24.0-255,7156,11892,58,214006
3731,5.7e-05,172.31.46.0-255,66,11958,58,214006
3732,6.3e-05,74.125.24.0-255,4320,16278,58,214006
3733,6.6e-05,172.31.46.0-255,66,16344,58,214006
3734,8.9e-05,74.125.24.0-255,3491,19835,58,214006
3735,9.3e-05,172.31.46.0-255,66,19901,58,214006
3736,0.00013,172.31.46.0-255,66,19967,58,214006
3737,0.000216,74.125.24.0-255,1484,21451,58,214006
3738,0.000219,172.31.46.0-255,66,21517,58,214006
3739,0.000224,74.125.24.0-255,2902,24419,58,214006
3740,0.000227,172.31.46.0-255,66,24485,58,214006
3741,0.000231,74.125.24.0-255,2902,27387,58,214006
3742,0.000234,172.31.46.0-255,66,27453,58,214006
3743,0.000253,74.125.24.0-255,2902,30355,58,214006
3744,0.000256,172.31.46.0-255,66,30421,58,214006
3745,0.000263,74.125.24.0-255,6797,37218,58,214006
3746,0.000266,172.31.46.0-255,66,37284,58,214006
3747,0.000287,74.125.24.0-255,1484,38768,58,214006
3748,0.00029,172.31.46.0-255,66,38834,58,214006
3749,0.000324,172.31.46.0-255,66,38900,58,214006
3750,0.000329,74.125.24.0-255,2849,41749,58,214006
3751,0.000331,172.31.46.0-255,66,41815,58,214006
3752,0.000444,74.125.24.0-255,114,41929,58,214006
3753,0.000448,172.31.46.0-255,66,41995,58,214006
3754,0.000557,74.125.24.0-255,1484,43479,58,214006
3755,0.000566,74.125.24.0-255,2902,46381,58,214006
3756,0.00057,172.31.46.0-255,66,46447,58,214006
3757,0.00059,74.125.24.0-255,4320,50767,58,214006
3758,0.000593,172.31.46.0-255,66,50833,58,214006
3759,0.000613,74.125.24.0-255,5738,56571,58,214006
3760,0.000616,172.31.46.0-255,66,56637,58,214006
3761,0.000639,74.125.24.0-255,2902,59539,58,214006
3762,0.000642,172.31.46.0-255,66,59605,58,214006
3763,0.000661,74.125.24.0-255,6797,66402,58,214006
3764,0.000664,172.31.46.0-255,66,66468,58,214006
3765,0.000676,172.31.46.0-255,66,66534,58,214006
3766,0.000879,74.125.24.0-255,1484,68018,58,214006
3767,0.000896,74.125.24.0-255,2902,70920,58,214006
3768,0.0009,172.31.46.0-255,66,70986,58,214006
3769,0.000907,74.125.24.0-255,5738,76724,58,214006
3770,0.000909,172.31.46.0-255,66,76790,58,214006
3771,0.000941,74.125.24.0-255,4320,81110,58,214006
3772,0.000944,172.31.46.0-255,66,81176,58,214006
3773,0.000977,172.31.46.0-255,66,81242,58,214006
3774,0.000989,172.31.46.0-255,66,81308,58,214006
3775,0.000993,74.125.24.0-255,2184,83492,58,214006
3776,0.000996,172.31.46.0-255,66,83558,58,214006
3777,0.001652,74.125.24.0-255,1484,85042,58,214006
3778,0.001658,74.125.24.0-255,2902,87944,58,214006
3779,0.001662,172.31.46.0-255,66,88010,58,214006
3780,0.001685,74.125.24.0-255,5738,93748,58,214006
3781,0.001688,172.31.46.0-255,66,93814,58,214006
3782,0.001708,74.125.24.0-255,4320,98134,58,214006
3783,0.00171,172.31.46.0-255,66,98200,58,214006
3784,0.001741,172.31.46.0-255,66,98266,58,214006
3785,0.001769,74.125.24.0-255,4320,102586,58,214006
3786,0.001773,172.31.46.0-255,66,102652,58,214006
3787,0.001795,74.125.24.0-255,6438,109090,58,214006
3788,0.001797,172.31.46.0-255,66,109156,58,214006
3789,0.002067,74.125.24.0-255,1484,110640,58,214006
3790,0.002072,74.125.24.0-255,1484,112124,58,214006
3791,0.002075,172.31.46.0-255,66,112190,58,214006
3792,0.002092,74.125.24.0-255,1484,113674,58,214006
3793,0.002099,74.125.24.0-255,5738,119412,58,214006
3794,0.002101,172.31.46.0-255,66,119478,58,214006
3795,0.002144,172.31.46.0-255,66,119544,58,214006
3796,0.002148,74.125.24.0-255,2902,122446,58,214006
3797,0.00215,172.31.46.0-255,66,122512,58,214006
3798,0.002167,74.125.24.0-255,7156,129668,58,214006
3799,0.002171,172.31.46.0-255,66,129734,58,214006
3800,0.002191,74.125.24.0-255,3602,133336,58,214006
3801,0.002194,172.31.46.0-255,66,133402,58,214006
3802,0.0022,74.125.24.0-255,4320,137722,58,214006
3803,0.002202,172.31.46.0-255,66,137788,58,214006
3804,0.002221,172.31.46.0-255,66,137854,58,214006
3805,0.002228,74.125.24.0-255,6438,144292,58,214006
3806,0.00223,172.31.46.0-255,66,144358,58,214006
3807,0.004503,74.125.24.0-255,5738,150096,58,214006
3808,0.004512,172.31.46.0-255,66,150162,58,214006
3809,0.006733,74.125.24.0-255,5738,155900,58,214006
3810,0.00674,172.31.46.0-255,66,155966,58,214006
3811,0.00905,74.125.24.0-255,5738,161704,58,214006
3812,0.009056,172.31.46.0-255,66,161770,58,214006
3813,0.011327,74.125.24.0-255,5738,167508,58,214006
3814,0.011334,172.31.46.0-255,66,167574,58,214006
3815,0.013616,74.125.24.0-255,5738,173312,58,214006
3816,0.013624,172.31.46.0-255,66,173378,58,214006
3817,0.015871,74.125.24.0-255,5738,179116,58,214006
3818,0.015882,172.31.46.0-255,66,179182,58,214006
3819,0.01822,74.125.24.0-255,5738,184920,58,214006
3820,0.018231,172.31.46.0-255,66,184986,58,214006
3821,0.020516,74.125.24.0-255,5738,190724,58,214006
3822,0.020524,172.31.46.0-255,66,190790,58,214006
3823,0.022759,74.125.24.0-255,5738,196528,58,214006
3824,0.022768,172.31.46.0-255,66,196594,58,214006
3825,0.025049,74.125.24.0-255,5738,202332,58,214006
3826,0.025056,172.31.46.0-255,66,202398,58,214006
3827,0.027344,74.125.24.0-255,5738,208136,58,214006
3828,0.027352,172.31.46.0-255,66,208202,58,214006
3829,0.0296,74.125.24.0-255,5738,213940,58,214006
3830,0.029608,172.31.46.0-255,66,214006,58,214006
3831,0.0,172.217.194.0-255,226,226,58,102878
3832,2.2e-05,172.31.46.0-255,66,292,58,102878
3833,3e-05,172.217.194.0-255,1484,1776,58,102878
3834,3.4e-05,172.31.46.0-255,66,1842,58,102878
3835,6.3e-05,172.217.194.0-255,1484,3326,58,102878
3836,6.5e-05,172.31.46.0-255,66,3392,58,102878
3837,0.000106,172.217.194.0-255,4320,7712,58,102878
3838,0.00011,172.31.46.0-255,66,7778,58,102878
3839,0.000291,172.217.194.0-255,5738,13516,58,102878
3840,0.000297,172.31.46.0-255,66,13582,58,102878
3841,0.000331,172.217.194.0-255,4912,18494,58,102878
3842,0.000334,172.31.46.0-255,66,18560,58,102878
3843,0.000752,172.31.46.0-255,66,18626,58,102878
3844,0.00078,172.217.194.0-255,3961,22587,58,102878
3845,0.000783,172.31.46.0-255,66,22653,58,102878
3846,0.00306,172.217.194.0-255,1484,24137,58,102878
3847,0.003067,172.31.46.0-255,66,24203,58,102878
3848,0.003102,172.217.194.0-255,4320,28523,58,102878
3849,0.003105,172.31.46.0-255,66,28589,58,102878
3850,0.005396,172.217.194.0-255,1484,30073,58,102878
3851,0.005404,172.31.46.0-255,66,30139,58,102878
3852,0.005441,172.217.194.0-255,4320,34459,58,102878
3853,0.005443,172.31.46.0-255,66,34525,58,102878
3854,0.00775,172.217.194.0-255,1484,36009,58,102878
3855,0.00776,172.31.46.0-255,66,36075,58,102878
3856,0.007793,172.217.194.0-255,1484,37559,58,102878
3857,0.007797,172.31.46.0-255,66,37625,58,102878
3858,0.007824,172.217.194.0-255,2902,40527,58,102878
3859,0.007827,172.31.46.0-255,66,40593,58,102878
3860,0.01012,172.217.194.0-255,1484,42077,58,102878
3861,0.01013,172.31.46.0-255,66,42143,58,102878
3862,0.010172,172.217.194.0-255,4320,46463,58,102878
3863,0.010175,172.31.46.0-255,66,46529,58,102878
3864,0.012501,172.217.194.0-255,1484,48013,58,102878
3865,0.012511,172.31.46.0-255,66,48079,58,102878
3866,0.01254,172.217.194.0-255,4320,52399,58,102878
3867,0.012542,172.31.46.0-255,66,52465,58,102878
3868,0.014855,172.217.194.0-255,1484,53949,58,102878
3869,0.014869,172.31.46.0-255,66,54015,58,102878
3870,0.014903,172.217.194.0-255,4320,58335,58,102878
3871,0.014906,172.31.46.0-255,66,58401,58,102878
3872,0.017197,172.217.194.0-255,1484,59885,58,102878
3873,0.017207,172.31.46.0-255,66,59951,58,102878
3874,0.017247,172.217.194.0-255,4320,64271,58,102878
3875,0.01725,172.31.46.0-255,66,64337,58,102878
3876,0.019527,172.217.194.0-255,1484,65821,58,102878
3877,0.019535,172.31.46.0-255,66,65887,58,102878
3878,0.019565,172.217.194.0-255,1484,67371,58,102878
3879,0.019568,172.31.46.0-255,66,67437,58,102878
3880,0.019595,172.217.194.0-255,2902,70339,58,102878
3881,0.019597,172.31.46.0-255,66,70405,58,102878
3882,0.021872,172.217.194.0-255,1484,71889,58,102878
3883,0.021885,172.31.46.0-255,66,71955,58,102878
3884,0.021924,172.217.194.0-255,4320,76275,58,102878
3885,0.021927,172.31.46.0-255,66,76341,58,102878
3886,0.024291,172.217.194.0-255,1484,77825,58,102878
3887,0.024324,172.217.194.0-255,4320,82145,58,102878
3888,0.02433,172.31.46.0-255,66,82211,58,102878
3889,0.026679,172.217.194.0-255,5738,87949,58,102878
3890,0.026687,172.31.46.0-255,66,88015,58,102878
3891,0.028825,172.31.46.0-255,172,88187,58,102878
3892,0.028855,172.31.46.0-255,1113,89300,58,102878
3893,0.028921,172.31.46.0-255,1514,90814,58,102878
3894,0.028923,172.31.46.0-255,1514,92328,58,102878
3895,0.028924,172.31.46.0-255,1514,93842,58,102878
3896,0.02893,172.31.46.0-255,1514,95356,58,102878
3897,0.028931,172.31.46.0-255,1514,96870,58,102878
3898,0.028932,172.31.46.0-255,138,97008,58,102878
3899,0.029029,172.217.194.0-255,4320,101328,58,102878
3900,0.029034,172.31.46.0-255,66,101394,58,102878
3901,0.029062,172.217.194.0-255,1484,102878,58,102878
3902,0.0,172.217.194.0-255,162,162,58,172316
3903,2.4e-05,172.31.46.0-255,66,228,58,172316
3904,3.1e-05,172.217.194.0-255,1484,1712,58,172316
3905,3.5e-05,172.31.46.0-255,66,1778,58,172316
3906,4.9e-05,172.217.194.0-255,2902,4680,58,172316
3907,5.3e-05,172.31.46.0-255,66,4746,58,172316
3908,5.9e-05,172.217.194.0-255,2902,7648,58,172316
3909,6.2e-05,172.31.46.0-255,66,7714,58,172316
3910,8.6e-05,172.217.194.0-255,4320,12034,58,172316
3911,8.9e-05,172.31.46.0-255,66,12100,58,172316
3912,9.6e-05,172.217.194.0-255,7156,19256,58,172316
3913,9.9e-05,172.31.46.0-255,66,19322,58,172316
3914,0.000133,172.217.194.0-255,519,19841,58,172316
3915,0.000136,172.31.46.0-255,66,19907,58,172316
3916,0.000144,172.217.194.0-255,7156,27063,58,172316
3917,0.000146,172.31.46.0-255,66,27129,58,172316
3918,0.000176,172.217.194.0-255,3961,31090,58,172316
3919,0.000178,172.31.46.0-255,66,31156,58,172316
3920,0.000222,172.217.194.0-255,1484,32640,58,172316
3921,0.000226,172.31.46.0-255,66,32706,58,172316
3922,0.000253,172.217.194.0-255,2902,35608,58,172316
3923,0.000255,172.31.46.0-255,66,35674,58,172316
3924,0.000261,172.217.194.0-255,4320,39994,58,172316
3925,0.000263,172.31.46.0-255,66,40060,58,172316
3926,0.00029,172.217.194.0-255,1484,41544,58,172316
3927,0.000292,172.31.46.0-255,66,41610,58,172316
3928,0.000307,172.217.194.0-255,5738,47348,58,172316
3929,0.000314,172.31.46.0-255,66,47414,58,172316
3930,0.00034,172.217.194.0-255,5379,52793,58,172316
3931,0.000342,172.31.46.0-255,66,52859,58,172316
3932,0.000347,172.217.194.0-255,2902,55761,58,172316
3933,0.000349,172.31.46.0-255,66,55827,58,172316
3934,0.000419,172.217.194.0-255,119,55946,58,172316
3935,0.000422,172.217.194.0-255,376,56322,58,172316
3936,0.00059,172.31.46.0-255,66,56388,58,172316
3937,0.000862,172.217.194.0-255,1484,57872,58,172316
3938,0.000867,172.217.194.0-255,2902,60774,58,172316
3939,0.000871,172.217.194.0-255,2902,63676,58,172316
3940,0.000889,172.217.194.0-255,2902,66578,58,172316
3941,0.000892,172.217.194.0-255,1484,68062,58,172316
3942,0.00091,172.217.194.0-255,4320,72382,58,172316
3943,0.000917,172.31.46.0-255,66,72448,58,172316
3944,0.000939,172.217.194.0-255,7156,79604,58,172316
3945,0.000973,172.31.46.0-255,66,79670,58,172316
3946,0.001356,172.217.194.0-255,1484,81154,58,172316
3947,0.001363,172.217.194.0-255,2902,84056,58,172316
3948,0.001366,172.31.46.0-255,66,84122,58,172316
3949,0.001372,172.217.194.0-255,2902,87024,58,172316
3950,0.00138,172.31.46.0-255,66,87090,58,172316
3951,0.001396,172.217.194.0-255,2902,89992,58,172316
3952,0.001414,172.31.46.0-255,66,90058,58,172316
3953,0.001426,172.217.194.0-255,4320,94378,58,172316
3954,0.001455,172.217.194.0-255,766,95144,58,172316
3955,0.001463,172.31.46.0-255,66,95210,58,172316
3956,0.001501,172.217.194.0-255,5738,100948,58,172316
3957,0.001523,172.217.194.0-255,5738,106686,58,172316
3958,0.001528,172.217.194.0-255,4320,111006,58,172316
3959,0.001531,172.31.46.0-255,66,111072,58,172316
3960,0.001556,172.31.46.0-255,66,111138,58,172316
3961,0.001622,172.31.46.0-255,66,111204,58,172316
3962,0.001668,172.31.46.0-255,66,111270,58,172316
3963,0.001693,172.217.194.0-255,2902,114172,58,172316
3964,0.0017,172.217.194.0-255,4320,118492,58,172316
3965,0.001712,172.217.194.0-255,2902,121394,58,172316
3966,0.001721,172.31.46.0-255,66,121460,58,172316
3967,0.001748,172.217.194.0-255,5738,127198,58,172316
3968,0.001768,172.31.46.0-255,66,127264,58,172316
3969,0.001793,172.217.194.0-255,5020,132284,58,172316
3970,0.001845,172.217.194.0-255,1484,133768,58,172316
3971,0.001849,172.217.194.0-255,2902,136670,58,172316
3972,0.001853,172.31.46.0-255,66,136736,58,172316
3973,0.001863,172.31.46.0-255,66,136802,58,172316
3974,0.001881,172.217.194.0-255,5738,142540,58,172316
3975,0.001932,172.217.194.0-255,4320,146860,58,172316
3976,0.001942,172.31.46.0-255,66,146926,58,172316
3977,0.001995,172.217.194.0-255,1484,148410,58,172316
3978,0.002,172.31.46.0-255,66,148476,58,172316
3979,0.002018,172.217.194.0-255,2902,151378,58,172316
3980,0.002024,172.217.194.0-255,4320,155698,58,172316
3981,0.002041,172.217.194.0-255,1484,157182,58,172316
3982,0.002044,172.31.46.0-255,66,157248,58,172316
3983,0.002068,172.31.46.0-255,66,157314,58,172316
3984,0.002102,172.217.194.0-255,1484,158798,58,172316
3985,0.002134,172.217.194.0-255,1484,160282,58,172316
3986,0.002139,172.31.46.0-255,66,160348,58,172316
3987,0.002166,172.31.46.0-255,66,160414,58,172316
3988,0.00219,172.217.194.0-255,1484,161898,58,172316
3989,0.002208,172.31.46.0-255,66,161964,58,172316
3990,0.002265,172.217.194.0-255,5020,166984,58,172316
3991,0.002278,172.31.46.0-255,66,167050,58,172316
3992,0.002337,172.31.46.0-255,66,167116,58,172316
3993,0.002352,172.217.194.0-255,4858,171974,58,172316
3994,0.002355,172.217.194.0-255,105,172079,58,172316
3995,0.002378,172.31.46.0-255,66,172145,58,172316
3996,0.004656,172.31.46.0-255,105,172250,58,172316
3997,0.007287,172.217.194.0-255,66,172316,58,172316
3998,0.0,172.217.194.0-255,151,151,58,196346
3999,2.4e-05,172.31.46.0-255,66,217,58,196346
4000,3.2e-05,172.217.194.0-255,1484,1701,58,196346
4001,3.6e-05,172.31.46.0-255,66,1767,58,196346
4002,4.2e-05,172.217.194.0-255,2902,4669,58,196346
4003,4.6e-05,172.31.46.0-255,66,4735,58,196346
4004,5e-05,172.217.194.0-255,2902,7637,58,196346
4005,5.4e-05,172.31.46.0-255,66,7703,58,196346
4006,5.7e-05,172.217.194.0-255,1484,9187,58,196346
4007,6e-05,172.31.46.0-255,66,9253,58,196346
4008,8e-05,172.217.194.0-255,6260,15513,58,196346
4009,8.3e-05,172.31.46.0-255,66,15579,58,196346
4010,0.0001,172.217.194.0-255,2902,18481,58,196346
4011,0.000102,172.31.46.0-255,66,18547,58,196346
4012,0.000141,172.31.46.0-255,66,18613,58,196346
4013,0.000509,172.217.194.0-255,1484,20097,58,196346
4014,0.000515,172.31.46.0-255,66,20163,58,196346
4015,0.000521,172.217.194.0-255,2902,23065,58,196346
4016,0.000524,172.31.46.0-255,66,23131,58,196346
4017,0.000531,172.217.194.0-255,5738,28869,58,196346
4018,0.000533,172.31.46.0-255,66,28935,58,196346
4019,0.000562,172.217.194.0-255,6797,35732,58,196346
4020,0.000565,172.31.46.0-255,66,35798,58,196346
4021,0.000597,172.31.46.0-255,66,35864,58,196346
4022,0.000601,172.217.194.0-255,2543,38407,58,196346
4023,0.000603,172.31.46.0-255,66,38473,58,196346
4024,0.000634,172.217.194.0-255,647,39120,58,196346
4025,0.000636,172.31.46.0-255,66,39186,58,196346
4026,0.000674,172.217.194.0-255,1484,40670,58,196346
4027,0.000677,172.31.46.0-255,66,40736,58,196346
4028,0.000682,172.217.194.0-255,2902,43638,58,196346
4029,0.000698,172.217.194.0-255,1484,45122,58,196346
4030,0.000706,172.217.194.0-255,7156,52278,58,196346
4031,0.000872,172.31.46.0-255,66,52344,58,196346
4032,0.001038,172.217.194.0-255,1484,53828,58,196346
4033,0.00106,172.217.194.0-255,2902,56730,58,196346
4034,0.001066,172.217.194.0-255,5738,62468,58,196346
4035,0.001076,172.31.46.0-255,66,62534,58,196346
4036,0.00113,172.31.46.0-255,66,62600,58,196346
4037,0.001316,172.217.194.0-255,1484,64084,58,196346
4038,0.001322,172.217.194.0-255,2902,66986,58,196346
4039,0.00133,172.31.46.0-255,66,67052,58,196346
4040,0.001341,172.217.194.0-255,5738,72790,58,196346
4041,0.00135,172.217.194.0-255,1484,74274,58,196346
4042,0.001353,172.31.46.0-255,66,74340,58,196346
4043,0.001385,172.31.46.0-255,66,74406,58,196346
4044,0.001414,172.217.194.0-255,2902,77308,58,196346
4045,0.001438,172.31.46.0-255,66,77374,58,196346
4046,0.00151,172.217.194.0-255,1484,78858,58,196346
4047,0.001529,172.217.194.0-255,2902,81760,58,196346
4048,0.001533,172.217.194.0-255,1484,83244,58,196346
4049,0.001554,172.217.194.0-255,4320,87564,58,196346
4050,0.001559,172.217.194.0-255,4320,91884,58,196346
4051,0.001563,172.31.46.0-255,66,91950,58,196346
4052,0.001569,172.31.46.0-255,66,92016,58,196346
4053,0.001607,172.31.46.0-255,66,92082,58,196346
4054,0.001627,172.217.194.0-255,2184,94266,58,196346
4055,0.00163,172.31.46.0-255,66,94332,58,196346
4056,0.001656,172.31.46.0-255,66,94398,58,196346
4057,0.001744,172.217.194.0-255,1484,95882,58,196346
4058,0.001748,172.217.194.0-255,1484,97366,58,196346
4059,0.001762,172.217.194.0-255,1484,98850,58,196346
4060,0.001768,172.217.194.0-255,5738,104588,58,196346
4061,0.001783,172.31.46.0-255,66,104654,58,196346
4062,0.001803,172.31.46.0-255,66,104720,58,196346
4063,0.001818,172.217.194.0-255,4320,109040,58,196346
4064,0.001839,172.217.194.0-255,6438,115478,58,196346
4065,0.001844,172.31.46.0-255,66,115544,58,196346
4066,0.001861,172.217.194.0-255,1484,117028,58,196346
4067,0.001886,172.217.194.0-255,2902,119930,58,196346
4068,0.001892,172.217.194.0-255,5738,125668,58,196346
4069,0.001896,172.217.194.0-255,2902,128570,58,196346
4070,0.001901,172.31.46.0-255,66,128636,58,196346
4071,0.001954,172.217.194.0-255,766,129402,58,196346
4072,0.001964,172.31.46.0-255,66,129468,58,196346
4073,0.002276,172.217.194.0-255,1484,130952,58,196346
4074,0.002283,172.217.194.0-255,2902,133854,58,196346
4075,0.002286,172.31.46.0-255,66,133920,58,196346
4076,0.002324,172.217.194.0-255,4320,138240,58,196346
4077,0.002336,172.217.194.0-255,1484,139724,58,196346
4078,0.002341,172.217.194.0-255,4320,144044,58,196346
4079,0.002351,172.31.46.0-255,66,144110,58,196346
4080,0.004644,172.217.194.0-255,5738,149848,58,196346
4081,0.00465,172.31.46.0-255,66,149914,58,196346
4082,0.006943,172.217.194.0-255,5738,155652,58,196346
4083,0.010979,172.31.46.0-255,66,155718,58,196346
4084,0.013256,172.217.194.0-255,5738,161456,58,196346
4085,0.013263,172.31.46.0-255,66,161522,58,196346
4086,0.015604,172.217.194.0-255,5738,167260,58,196346
4087,0.015612,172.31.46.0-255,66,167326,58,196346
4088,0.017911,172.217.194.0-255,5738,173064,58,196346
4089,0.020539,172.31.46.0-255,66,173130,58,196346
4090,0.022874,172.217.194.0-255,5738,178868,58,196346
4091,0.022883,172.31.46.0-255,66,178934,58,196346
4092,0.025204,172.217.194.0-255,5738,184672,58,196346
4093,0.025215,172.31.46.0-255,66,184738,58,196346
4094,0.027527,172.217.194.0-255,5738,190476,58,196346
4095,0.027535,172.31.46.0-255,66,190542,58,196346
4096,0.02981,172.217.194.0-255,5738,196280,58,196346
4097,0.029818,172.31.46.0-255,66,196346,58,196346
4098,0.0,172.253.118.0-255,293,293,58,219590
4099,2.4e-05,172.31.46.0-255,66,359,58,219590
4100,3e-05,172.253.118.0-255,1484,1843,58,219590
4101,3.5e-05,172.31.46.0-255,66,1909,58,219590
4102,4.9e-05,172.253.118.0-255,4320,6229,58,219590
4103,5.4e-05,172.31.46.0-255,66,6295,58,219590
4104,6.9e-05,172.31.46.0-255,66,6361,58,219590
4105,7.4e-05,172.253.118.0-255,4320,10681,58,219590
4106,7.7e-05,172.31.46.0-255,66,10747,58,219590
4107,0.0001,172.253.118.0-255,1484,12231,58,219590
4108,0.000103,172.31.46.0-255,66,12297,58,219590
4109,0.00015,172.31.46.0-255,66,12363,58,219590
4110,0.000153,172.253.118.0-255,1484,13847,58,219590
4111,0.000155,172.31.46.0-255,66,13913,58,219590
4112,0.00016,172.253.118.0-255,2902,16815,58,219590
4113,0.000162,172.31.46.0-255,66,16881,58,219590
4114,0.000175,172.253.118.0-255,5738,22619,58,219590
4115,0.000178,172.31.46.0-255,66,22685,58,219590
4116,0.00021,172.253.118.0-255,5738,28423,58,219590
4117,0.000214,172.31.46.0-255,66,28489,58,219590
4118,0.000238,172.253.118.0-255,1125,29614,58,219590
4119,0.000241,172.31.46.0-255,66,29680,58,219590
4120,0.00031,172.253.118.0-255,1484,31164,58,219590
4121,0.000313,172.31.46.0-255,66,31230,58,219590
4122,0.000331,172.253.118.0-255,2902,34132,58,219590
4123,0.000333,172.31.46.0-255,66,34198,58,219590
4124,0.000336,172.253.118.0-255,1484,35682,58,219590
4125,0.00034,172.31.46.0-255,66,35748,58,219590
4126,0.000373,172.253.118.0-255,4320,40068,58,219590
4127,0.000376,172.31.46.0-255,66,40134,58,219590
4128,0.000379,172.253.118.0-255,1484,41618,58,219590
4129,0.000428,172.253.118.0-255,4320,45938,58,219590
4130,0.000431,172.31.46.0-255,66,46004,58,219590
4131,0.000455,172.253.118.0-255,1468,47472,58,219590
4132,0.000467,172.253.118.0-255,334,47806,58,219590
4133,0.000469,172.31.46.0-255,66,47872,58,219590
4134,0.000664,172.253.118.0-255,1484,49356,58,219590
4135,0.000672,172.253.118.0-255,2902,52258,58,219590
4136,0.000676,172.31.46.0-255,66,52324,58,219590
4137,0.000706,172.253.118.0-255,5738,58062,58,219590
4138,0.00071,172.31.46.0-255,66,58128,58,219590
4139,0.000717,172.253.118.0-255,6797,64925,58,219590
4140,0.000719,172.31.46.0-255,66,64991,58,219590
4141,0.000748,172.253.118.0-255,1484,66475,58,219590
4142,0.000778,172.31.46.0-255,66,66541,58,219590
4143,0.000783,172.253.118.0-255,2543,69084,58,219590
4144,0.000785,172.31.46.0-255,66,69150,58,219590
4145,0.001413,172.253.118.0-255,1484,70634,58,219590
4146,0.001437,172.253.118.0-255,2902,73536,58,219590
4147,0.00144,172.31.46.0-255,66,73602,58,219590
4148,0.001448,172.253.118.0-255,5738,79340,58,219590
4149,0.00145,172.31.46.0-255,66,79406,58,219590
4150,0.001488,172.31.46.0-255,66,79472,58,219590
4151,0.001531,172.253.118.0-255,5738,85210,58,219590
4152,0.001534,172.31.46.0-255,66,85276,58,219590
4153,0.001554,172.253.118.0-255,5020,90296,58,219590
4154,0.001557,172.31.46.0-255,66,90362,58,219590
4155,0.001771,172.253.118.0-255,1484,91846,58,219590
4156,0.001777,172.253.118.0-255,2902,94748,58,219590
4157,0.00178,172.31.46.0-255,66,94814,58,219590
4158,0.001808,172.253.118.0-255,5738,100552,58,219590
4159,0.00181,172.31.46.0-255,66,100618,58,219590
4160,0.001814,172.253.118.0-255,1484,102102,58,219590
4161,0.001842,172.253.118.0-255,4320,106422,58,219590
4162,0.001845,172.31.46.0-255,66,106488,58,219590
4163,0.001892,172.253.118.0-255,5020,111508,58,219590
4164,0.001928,172.31.46.0-255,66,111574,58,219590
4165,0.001931,172.31.46.0-255,66,111640,58,219590
4166,0.001985,172.253.118.0-255,1484,113124,58,219590
4167,0.001999,172.253.118.0-255,2902,116026,58,219590
4168,0.002002,172.31.46.0-255,66,116092,58,219590
4169,0.002009,172.253.118.0-255,5738,121830,58,219590
4170,0.002012,172.31.46.0-255,66,121896,58,219590
4171,0.002021,172.253.118.0-255,4320,126216,58,219590
4172,0.002023,172.31.46.0-255,66,126282,58,219590
4173,0.002053,172.253.118.0-255,1484,127766,58,219590
4174,0.002068,172.31.46.0-255,66,127832,58,219590
4175,0.002074,172.253.118.0-255,5020,132852,58,219590
4176,0.002076,172.31.46.0-255,66,132918,58,219590
4177,0.002199,172.253.118.0-255,1484,134402,58,219590
4178,0.002219,172.253.118.0-255,2902,137304,58,219590
4179,0.002222,172.31.46.0-255,66,137370,58,219590
4180,0.002229,172.253.118.0-255,5738,143108,58,219590
4181,0.002232,172.31.46.0-255,66,143174,58,219590
4182,0.002261,172.253.118.0-255,7156,150330,58,219590
4183,0.002264,172.31.46.0-255,66,150396,58,219590
4184,0.002295,172.253.118.0-255,5738,156134,58,219590
4185,0.002298,172.31.46.0-255,66,156200,58,219590
4186,0.002315,172.31.46.0-255,66,156266,58,219590
4187,0.002318,172.253.118.0-255,766,157032,58,219590
4188,0.003077,172.31.46.0-255,66,157098,58,219590
4189,0.004606,172.253.118.0-255,4320,161418,58,219590
4190,0.00462,172.31.46.0-255,66,161484,58,219590
4191,0.005344,172.253.118.0-255,1484,162968,58,219590
4192,0.006899,172.253.118.0-255,4320,167288,58,219590
4193,0.006902,172.31.46.0-255,66,167354,58,219590
4194,0.009191,172.253.118.0-255,5738,173092,58,219590
4195,0.009207,172.31.46.0-255,66,173158,58,219590
4196,0.011501,172.253.118.0-255,5738,178896,58,219590
4197,0.011518,172.31.46.0-255,66,178962,58,219590
4198,0.013814,172.253.118.0-255,5738,184700,58,219590
4199,0.01383,172.31.46.0-255,66,184766,58,219590
4200,0.016136,172.253.118.0-255,5738,190504,58,219590
4201,0.016155,172.31.46.0-255,66,190570,58,219590
4202,0.018477,172.253.118.0-255,5738,196308,58,219590
4203,0.018498,172.31.46.0-255,66,196374,58,219590
4204,0.020807,172.253.118.0-255,5738,202112,58,219590
4205,0.020826,172.31.46.0-255,66,202178,58,219590
4206,0.023122,172.253.118.0-255,5738,207916,58,219590
4207,0.023141,172.31.46.0-255,66,207982,58,219590
4208,0.025435,172.253.118.0-255,5738,213720,58,219590
4209,0.025451,172.31.46.0-255,66,213786,58,219590
4210,0.027741,172.253.118.0-255,5738,219524,58,219590
4211,0.027753,172.31.46.0-255,66,219590,58,219590
4212,0.0,172.31.46.0-255,105,105,58,105
4213,0.0,74.125.130.0-255,150,150,58,269865
4214,2.1e-05,172.31.46.0-255,66,216,58,269865
4215,2.8e-05,74.125.130.0-255,1484,1700,58,269865
4216,3.1e-05,172.31.46.0-255,66,1766,58,269865
4217,3.7e-05,74.125.130.0-255,2902,4668,58,269865
4218,4e-05,172.31.46.0-255,66,4734,58,269865
4219,4.4e-05,74.125.130.0-255,2902,7636,58,269865
4220,4.6e-05,172.31.46.0-255,66,7702,58,269865
4221,5.2e-05,74.125.130.0-255,4320,12022,58,269865
4222,5.4e-05,172.31.46.0-255,66,12088,58,269865
4223,0.000118,74.125.130.0-255,2902,14990,58,269865
4224,0.000121,172.31.46.0-255,66,15056,58,269865
4225,0.00014,74.125.130.0-255,6337,21393,58,269865
4226,0.000142,172.31.46.0-255,66,21459,58,269865
4227,0.000146,74.125.130.0-255,2902,24361,58,269865
4228,0.000147,172.31.46.0-255,66,24427,58,269865
4229,0.000167,74.125.130.0-255,6797,31224,58,269865
4230,0.000169,172.31.46.0-255,66,31290,58,269865
4231,0.000284,74.125.130.0-255,1484,32774,58,269865
4232,0.000288,172.31.46.0-255,66,32840,58,269865
4233,0.000292,74.125.130.0-255,1484,34324,58,269865
4234,0.000293,172.31.46.0-255,66,34390,58,269865
4235,0.000305,74.125.130.0-255,1484,35874,58,269865
4236,0.000307,172.31.46.0-255,66,35940,58,269865
4237,0.00031,74.125.130.0-255,1484,37424,58,269865
4238,0.000312,172.31.46.0-255,66,37490,58,269865
4239,0.000316,74.125.130.0-255,2902,40392,58,269865
4240,0.000318,172.31.46.0-255,66,40458,58,269865
4241,0.000341,74.125.130.0-255,2902,43360,58,269865
4242,0.000343,172.31.46.0-255,66,43426,58,269865
4243,0.000363,74.125.130.0-255,2902,46328,58,269865
4244,0.000365,172.31.46.0-255,66,46394,58,269865
4245,0.000369,74.125.130.0-255,2543,48937,58,269865
4246,0.000371,172.31.46.0-255,66,49003,58,269865
4247,0.000391,74.125.130.0-255,2902,51905,58,269865
4248,0.000393,172.31.46.0-255,66,51971,58,269865
4249,0.000426,74.125.130.0-255,5738,57709,58,269865
4250,0.000428,172.31.46.0-255,66,57775,58,269865
4251,0.000431,74.125.130.0-255,1484,59259,58,269865
4252,0.00045,74.125.130.0-255,5738,64997,58,269865
4253,0.000452,172.31.46.0-255,66,65063,58,269865
4254,0.000455,74.125.130.0-255,1414,66477,58,269865
4255,0.000482,74.125.130.0-255,366,66843,58,269865
4256,0.000484,172.31.46.0-255,66,66909,58,269865
4257,0.000655,74.125.130.0-255,1484,68393,58,269865
4258,0.000674,74.125.130.0-255,2902,71295,58,269865
4259,0.000679,172.31.46.0-255,66,71361,58,269865
4260,0.0007,74.125.130.0-255,5738,77099,58,269865
4261,0.000703,172.31.46.0-255,66,77165,58,269865
4262,0.000717,74.125.130.0-255,7156,84321,58,269865
4263,0.000719,172.31.46.0-255,66,84387,58,269865
4264,0.000753,74.125.130.0-255,1484,85871,58,269865
4265,0.000773,74.125.130.0-255,7156,93027,58,269865
4266,0.000776,172.31.46.0-255,66,93093,58,269865
4267,0.000805,74.125.130.0-255,2902,95995,58,269865
4268,0.000811,172.31.46.0-255,66,96061,58,269865
4269,0.00083,74.125.130.0-255,5020,101081,58,269865
4270,0.000832,172.31.46.0-255,66,101147,58,269865
4271,0.000953,74.125.130.0-255,1484,102631,58,269865
4272,0.00097,74.125.130.0-255,2902,105533,58,269865
4273,0.000973,172.31.46.0-255,66,105599,58,269865
4274,0.000995,74.125.130.0-255,4320,109919,58,269865
4275,0.000997,172.31.46.0-255,66,109985,58,269865
4276,0.001015,74.125.130.0-255,1484,111469,58,269865
4277,0.001017,74.125.130.0-255,1484,112953,58,269865
4278,0.001019,172.31.46.0-255,66,113019,58,269865
4279,0.001037,74.125.130.0-255,2902,115921,58,269865
4280,0.001039,172.31.46.0-255,66,115987,58,269865
4281,0.001058,74.125.130.0-255,1994,117981,58,269865
4282,0.00106,172.31.46.0-255,66,118047,58,269865
4283,0.001089,74.125.130.0-255,2902,120949,58,269865
4284,0.001091,172.31.46.0-255,66,121015,58,269865
4285,0.001108,74.125.130.0-255,1484,122499,58,269865
4286,0.001128,74.125.130.0-255,5738,128237,58,269865
4287,0.00113,172.31.46.0-255,66,128303,58,269865
4288,0.001148,74.125.130.0-255,2902,131205,58,269865
4289,0.001149,172.31.46.0-255,66,131271,58,269865
4290,0.001177,74.125.130.0-255,5738,137009,58,269865
4291,0.001179,172.31.46.0-255,66,137075,58,269865
4292,0.001183,74.125.130.0-255,2902,139977,58,269865
4293,0.001184,172.31.46.0-255,66,140043,58,269865
4294,0.001188,74.125.130.0-255,1484,141527,58,269865
4295,0.001201,74.125.130.0-255,2902,144429,58,269865
4296,0.001203,172.31.46.0-255,66,144495,58,269865
4297,0.00123,74.125.130.0-255,2902,147397,58,269865
4298,0.001233,172.31.46.0-255,66,147463,58,269865
4299,0.001251,74.125.130.0-255,4320,151783,58,269865
4300,0.001253,172.31.46.0-255,66,151849,58,269865
4301,0.001256,74.125.130.0-255,766,152615,58,269865
4302,0.001847,172.31.46.0-255,66,152681,58,269865
4303,0.001857,74.125.130.0-255,1484,154165,58,269865
4304,0.001869,74.125.130.0-255,1484,155649,58,269865
4305,0.001871,172.31.46.0-255,66,155715,58,269865
4306,0.001886,74.125.130.0-255,1484,157199,58,269865
4307,0.001913,74.125.130.0-255,4320,161519,58,269865
4308,0.001915,172.31.46.0-255,66,161585,58,269865
4309,0.001928,74.125.130.0-255,1484,163069,58,269865
4310,0.001941,74.125.130.0-255,4320,167389,58,269865
4311,0.001943,172.31.46.0-255,66,167455,58,269865
4312,0.001962,74.125.130.0-255,4320,171775,58,269865
4313,0.001964,172.31.46.0-255,66,171841,58,269865
4314,0.001979,74.125.130.0-255,2902,174743,58,269865
4315,0.00198,172.31.46.0-255,66,174809,58,269865
4316,0.001983,74.125.130.0-255,1484,176293,58,269865
4317,0.001986,74.125.130.0-255,1484,177777,58,269865
4318,0.001987,172.31.46.0-255,66,177843,58,269865
4319,0.002013,74.125.130.0-255,1484,179327,58,269865
4320,0.00202,74.125.130.0-255,5738,185065,58,269865
4321,0.002022,172.31.46.0-255,66,185131,58,269865
4322,0.002025,74.125.130.0-255,1484,186615,58,269865
4323,0.00206,74.125.130.0-255,766,187381,58,269865
4324,0.002063,172.31.46.0-255,66,187447,58,269865
4325,0.002345,74.125.130.0-255,1484,188931,58,269865
4326,0.002354,74.125.130.0-255,2902,191833,58,269865
4327,0.002357,172.31.46.0-255,66,191899,58,269865
4328,0.00239,74.125.130.0-255,2902,194801,58,269865
4329,0.002392,172.31.46.0-255,66,194867,58,269865
4330,0.002409,74.125.130.0-255,2902,197769,58,269865
4331,0.002411,172.31.46.0-255,66,197835,58,269865
4332,0.002449,74.125.130.0-255,7156,204991,58,269865
4333,0.002451,172.31.46.0-255,66,205057,58,269865
4334,0.002456,74.125.130.0-255,2902,207959,58,269865
4335,0.002457,172.31.46.0-255,66,208025,58,269865
4336,0.002462,74.125.130.0-255,4320,212345,58,269865
4337,0.002464,172.31.46.0-255,66,212411,58,269865
4338,0.002513,172.31.46.0-255,66,212477,58,269865
4339,0.002516,74.125.130.0-255,766,213243,58,269865
4340,0.005066,74.125.130.0-255,4320,217563,58,269865
4341,0.005072,172.31.46.0-255,66,217629,58,269865
4342,0.007618,74.125.130.0-255,5738,223367,58,269865
4343,0.007623,172.31.46.0-255,66,223433,58,269865
4344,0.010177,74.125.130.0-255,5738,229171,58,269865
4345,0.010186,172.31.46.0-255,66,229237,58,269865
4346,0.012733,74.125.130.0-255,5738,234975,58,269865
4347,0.012741,172.31.46.0-255,66,235041,58,269865
4348,0.015298,74.125.130.0-255,5738,240779,58,269865
4349,0.015309,172.31.46.0-255,66,240845,58,269865
4350,0.017881,74.125.130.0-255,5738,246583,58,269865
4351,0.0179,172.31.46.0-255,66,246649,58,269865
4352,0.020456,74.125.130.0-255,5738,252387,58,269865
4353,0.020467,172.31.46.0-255,66,252453,58,269865
4354,0.023018,74.125.130.0-255,5738,258191,58,269865
4355,0.023028,172.31.46.0-255,66,258257,58,269865
4356,0.025585,74.125.130.0-255,5738,263995,58,269865
4357,0.025597,172.31.46.0-255,66,264061,58,269865
4358,0.028162,74.125.130.0-255,5738,269799,58,269865
4359,0.028172,172.31.46.0-255,66,269865,58,269865
4360,0.0,74.125.130.0-255,153,153,58,276505
4361,2.3e-05,172.31.46.0-255,66,219,58,276505
4362,2.9e-05,74.125.130.0-255,1484,1703,58,276505
4363,3.3e-05,172.31.46.0-255,66,1769,58,276505
4364,3.9e-05,74.125.130.0-255,2902,4671,58,276505
4365,4.2e-05,172.31.46.0-255,66,4737,58,276505
4366,4.5e-05,74.125.130.0-255,1484,6221,58,276505
4367,4.7e-05,172.31.46.0-255,66,6287,58,276505
4368,5.2e-05,74.125.130.0-255,2902,9189,58,276505
4369,5.4e-05,172.31.46.0-255,66,9255,58,276505
4370,8.5e-05,74.125.130.0-255,1484,10739,58,276505
4371,8.8e-05,172.31.46.0-255,66,10805,58,276505
4372,0.000111,74.125.130.0-255,3529,14334,58,276505
4373,0.000113,172.31.46.0-255,66,14400,58,276505
4374,0.000458,74.125.130.0-255,1484,15884,58,276505
4375,0.000463,172.31.46.0-255,66,15950,58,276505
4376,0.00047,74.125.130.0-255,2902,18852,58,276505
4377,0.000473,172.31.46.0-255,66,18918,58,276505
4378,0.000525,74.125.130.0-255,5738,24656,58,276505
4379,0.000528,172.31.46.0-255,66,24722,58,276505
4380,0.000531,74.125.130.0-255,1484,26206,58,276505
4381,0.000533,172.31.46.0-255,66,26272,58,276505
4382,0.000537,74.125.130.0-255,2902,29174,58,276505
4383,0.000539,172.31.46.0-255,66,29240,58,276505
4384,0.000568,74.125.130.0-255,2543,31783,58,276505
4385,0.000572,172.31.46.0-255,66,31849,58,276505
4386,0.000663,74.125.130.0-255,1484,33333,58,276505
4387,0.000667,172.31.46.0-255,66,33399,58,276505
4388,0.00068,74.125.130.0-255,2902,36301,58,276505
4389,0.000683,172.31.46.0-255,66,36367,58,276505
4390,0.000703,74.125.130.0-255,2902,39269,58,276505
4391,0.000705,172.31.46.0-255,66,39335,58,276505
4392,0.000708,74.125.130.0-255,1484,40819,58,276505
4393,0.000725,74.125.130.0-255,2902,43721,58,276505
4394,0.000728,172.31.46.0-255,66,43787,58,276505
4395,0.000744,74.125.130.0-255,1484,45271,58,276505
4396,0.00077,74.125.130.0-255,6797,52068,58,276505
4397,0.000782,172.31.46.0-255,66,52134,58,276505
4398,0.000789,172.31.46.0-255,66,52200,58,276505
4399,0.000804,74.125.130.0-255,5379,57579,58,276505
4400,0.000806,172.31.46.0-255,66,57645,58,276505
4401,0.000828,74.125.130.0-255,362,58007,58,276505
4402,0.000969,74.125.130.0-255,380,58387,58,276505
4403,0.00119,172.31.46.0-255,66,58453,58,276505
4404,0.001506,74.125.130.0-255,1484,59937,58,276505
4405,0.001516,74.125.130.0-255,2902,62839,58,276505
4406,0.001521,172.31.46.0-255,66,62905,58,276505
4407,0.001528,74.125.130.0-255,4320,67225,58,276505
4408,0.00153,172.31.46.0-255,66,67291,58,276505
4409,0.001544,74.125.130.0-255,1484,68775,58,276505
4410,0.001557,74.125.130.0-255,1484,70259,58,276505
4411,0.001559,172.31.46.0-255,66,70325,58,276505
4412,0.001591,172.31.46.0-255,66,70391,58,276505
4413,0.001621,74.125.130.0-255,4320,74711,58,276505
4414,0.001623,172.31.46.0-255,66,74777,58,276505
4415,0.00164,74.125.130.0-255,6438,81215,58,276505
4416,0.001643,172.31.46.0-255,66,81281,58,276505
4417,0.00176,74.125.130.0-255,1484,82765,58,276505
4418,0.001776,74.125.130.0-255,2902,85667,58,276505
4419,0.00178,172.31.46.0-255,66,85733,58,276505
4420,0.0018,74.125.130.0-255,4320,90053,58,276505
4421,0.001802,172.31.46.0-255,66,90119,58,276505
4422,0.001827,74.125.130.0-255,1484,91603,58,276505
4423,0.001833,74.125.130.0-255,2902,94505,58,276505
4424,0.001836,172.31.46.0-255,66,94571,58,276505
4425,0.001841,74.125.130.0-255,4320,98891,58,276505
4426,0.001844,172.31.46.0-255,66,98957,58,276505
4427,0.001848,74.125.130.0-255,2902,101859,58,276505
4428,0.001851,172.31.46.0-255,66,101925,58,276505
4429,0.001869,74.125.130.0-255,5738,107663,58,276505
4430,0.001872,172.31.46.0-255,66,107729,58,276505
4431,0.001878,74.125.130.0-255,4320,112049,58,276505
4432,0.001881,172.31.46.0-255,66,112115,58,276505
4433,0.001921,74.125.130.0-255,3602,115717,58,276505
4434,0.001924,172.31.46.0-255,66,115783,58,276505
4435,0.001966,74.125.130.0-255,2902,118685,58,276505
4436,0.001969,172.31.46.0-255,66,118751,58,276505
4437,0.00199,74.125.130.0-255,4320,123071,58,276505
4438,0.001993,172.31.46.0-255,66,123137,58,276505
4439,0.002013,74.125.130.0-255,4320,127457,58,276505
4440,0.002016,172.31.46.0-255,66,127523,58,276505
4441,0.002044,74.125.130.0-255,4320,131843,58,276505
4442,0.002047,172.31.46.0-255,66,131909,58,276505
4443,0.00205,74.125.130.0-255,1484,133393,58,276505
4444,0.002054,74.125.130.0-255,2902,136295,58,276505
4445,0.002056,172.31.46.0-255,66,136361,58,276505
4446,0.002063,74.125.130.0-255,5738,142099,58,276505
4447,0.002065,172.31.46.0-255,66,142165,58,276505
4448,0.002068,74.125.130.0-255,1484,143649,58,276505
4449,0.002091,74.125.130.0-255,6438,150087,58,276505
4450,0.002094,172.31.46.0-255,66,150153,58,276505
4451,0.002119,74.125.130.0-255,5738,155891,58,276505
4452,0.002122,172.31.46.0-255,66,155957,58,276505
4453,0.002143,74.125.130.0-255,2902,158859,58,276505
4454,0.002145,172.31.46.0-255,66,158925,58,276505
4455,0.002151,74.125.130.0-255,4320,163245,58,276505
4456,0.002154,172.31.46.0-255,66,163311,58,276505
4457,0.002161,74.125.130.0-255,5738,169049,58,276505
4458,0.002163,172.31.46.0-255,66,169115,58,276505
4459,0.002169,74.125.130.0-255,4320,173435,58,276505
4460,0.002171,172.31.46.0-255,66,173501,58,276505
4461,0.002205,74.125.130.0-255,7156,180657,58,276505
4462,0.002208,172.31.46.0-255,66,180723,58,276505
4463,0.002213,74.125.130.0-255,3602,184325,58,276505
4464,0.002215,172.31.46.0-255,66,184391,58,276505
4465,0.002332,74.125.130.0-255,1484,185875,58,276505
4466,0.002352,74.125.130.0-255,2902,188777,58,276505
4467,0.002357,172.31.46.0-255,66,188843,58,276505
4468,0.002384,74.125.130.0-255,4320,193163,58,276505
4469,0.002387,172.31.46.0-255,66,193229,58,276505
4470,0.002406,74.125.130.0-255,1484,194713,58,276505
4471,0.002421,74.125.130.0-255,7156,201869,58,276505
4472,0.002424,172.31.46.0-255,66,201935,58,276505
4473,0.002427,74.125.130.0-255,1484,203419,58,276505
4474,0.002442,74.125.130.0-255,2902,206321,58,276505
4475,0.002445,172.31.46.0-255,66,206387,58,276505
4476,0.002472,74.125.130.0-255,5738,212125,58,276505
4477,0.002474,172.31.46.0-255,66,212191,58,276505
4478,0.002497,74.125.130.0-255,5738,217929,58,276505
4479,0.0025,172.31.46.0-255,66,217995,58,276505
4480,0.002517,74.125.130.0-255,766,218761,58,276505
4481,0.002606,74.125.130.0-255,1484,220245,58,276505
4482,0.002611,172.31.46.0-255,66,220311,58,276505
4483,0.002627,74.125.130.0-255,1484,221795,58,276505
4484,0.005084,74.125.130.0-255,1484,223279,58,276505
4485,0.005089,172.31.46.0-255,66,223345,58,276505
4486,0.005205,74.125.130.0-255,2902,226247,58,276505
4487,0.005208,172.31.46.0-255,66,226313,58,276505
4488,0.007693,74.125.130.0-255,2902,229215,58,276505
4489,0.0077,172.31.46.0-255,66,229281,58,276505
4490,0.007803,74.125.130.0-255,2902,232183,58,276505
4491,0.007808,172.31.46.0-255,66,232249,58,276505
4492,0.010296,74.125.130.0-255,2902,235151,58,276505
4493,0.010302,172.31.46.0-255,66,235217,58,276505
4494,0.010393,74.125.130.0-255,2902,238119,58,276505
4495,0.010397,172.31.46.0-255,66,238185,58,276505
4496,0.012902,74.125.130.0-255,2902,241087,58,276505
4497,0.012909,172.31.46.0-255,66,241153,58,276505
4498,0.012981,74.125.130.0-255,2902,244055,58,276505
4499,0.012984,172.31.46.0-255,66,244121,58,276505
4500,0.015515,74.125.130.0-255,2902,247023,58,276505
4501,0.015523,172.31.46.0-255,66,247089,58,276505
4502,0.01556,74.125.130.0-255,2902,249991,58,276505
4503,0.015563,172.31.46.0-255,66,250057,58,276505
4504,0.018124,74.125.130.0-255,2902,252959,58,276505
4505,0.018136,172.31.46.0-255,66,253025,58,276505
4506,0.018159,74.125.130.0-255,2902,255927,58,276505
4507,0.018162,172.31.46.0-255,66,255993,58,276505
4508,0.020757,74.125.130.0-255,4320,260313,58,276505
4509,0.020768,172.31.46.0-255,66,260379,58,276505
4510,0.020787,74.125.130.0-255,1484,261863,58,276505
4511,0.023393,74.125.130.0-255,4320,266183,58,276505
4512,0.023402,172.31.46.0-255,66,266249,58,276505
4513,0.026011,74.125.130.0-255,4320,270569,58,276505
4514,0.026019,172.31.46.0-255,66,270635,58,276505
4515,0.026039,74.125.130.0-255,1484,272119,58,276505
4516,0.028613,74.125.130.0-255,4320,276439,58,276505
4517,0.028621,172.31.46.0-255,66,276505,58,276505
4518,0.0,74.125.24.0-255,153,153,58,185696
4519,2.3e-05,172.31.46.0-255,66,219,58,185696
4520,3e-05,74.125.24.0-255,1484,1703,58,185696
4521,3.4e-05,172.31.46.0-255,66,1769,58,185696
4522,4.7e-05,74.125.24.0-255,2902,4671,58,185696
4523,5e-05,172.31.46.0-255,66,4737,58,185696
4524,5.7e-05,74.125.24.0-255,5738,10475,58,185696
4525,6e-05,172.31.46.0-255,66,10541,58,185696
4526,6.4e-05,74.125.24.0-255,3486,14027,58,185696
4527,6.7e-05,172.31.46.0-255,66,14093,58,185696
4528,0.000169,74.125.24.0-255,1484,15577,58,185696
4529,0.000173,172.31.46.0-255,66,15643,58,185696
4530,0.000178,74.125.24.0-255,2902,18545,58,185696
4531,0.000181,172.31.46.0-255,66,18611,58,185696
4532,0.000205,74.125.24.0-255,5738,24349,58,185696
4533,0.000207,172.31.46.0-255,66,24415,58,185696
4534,0.000212,74.125.24.0-255,2902,27317,58,185696
4535,0.000214,172.31.46.0-255,66,27383,58,185696
4536,0.000251,74.125.24.0-255,3961,31344,58,185696
4537,0.000255,172.31.46.0-255,66,31410,58,185696
4538,0.000287,74.125.24.0-255,1484,32894,58,185696
4539,0.000289,172.31.46.0-255,66,32960,58,185696
4540,0.000294,74.125.24.0-255,2902,35862,58,185696
4541,0.000297,172.31.46.0-255,66,35928,58,185696
4542,0.000335,74.125.24.0-255,5738,41666,58,185696
4543,0.000338,172.31.46.0-255,66,41732,58,185696
4544,0.000346,74.125.24.0-255,6797,48529,58,185696
4545,0.000348,172.31.46.0-255,66,48595,58,185696
4546,0.0007,74.125.24.0-255,1484,50079,58,185696
4547,0.000706,172.31.46.0-255,66,50145,58,185696
4548,0.000712,74.125.24.0-255,2902,53047,58,185696
4549,0.000714,172.31.46.0-255,66,53113,58,185696
4550,0.000718,74.125.24.0-255,2902,56015,58,185696
4551,0.000726,172.31.46.0-255,66,56081,58,185696
4552,0.000761,74.125.24.0-255,1484,57565,58,185696
4553,0.000774,172.31.46.0-255,66,57631,58,185696
4554,0.000777,74.125.24.0-255,332,57963,58,185696
4555,0.000933,74.125.24.0-255,1484,59447,58,185696
4556,0.000938,172.31.46.0-255,66,59513,58,185696
4557,0.000943,74.125.24.0-255,2902,62415,58,185696
4558,0.000945,172.31.46.0-255,66,62481,58,185696
4559,0.000968,74.125.24.0-255,2902,65383,58,185696
4560,0.00097,172.31.46.0-255,66,65449,58,185696
4561,0.000999,74.125.24.0-255,2902,68351,58,185696
4562,0.001002,172.31.46.0-255,66,68417,58,185696
4563,0.001006,74.125.24.0-255,2902,71319,58,185696
4564,0.001008,172.31.46.0-255,66,71385,58,185696
4565,0.001039,74.125.24.0-255,5379,76764,58,185696
4566,0.001042,172.31.46.0-255,66,76830,58,185696
4567,0.001048,74.125.24.0-255,5738,82568,58,185696
4568,0.001051,172.31.46.0-255,66,82634,58,185696
4569,0.001098,172.31.46.0-255,66,82700,58,185696
4570,0.00189,74.125.24.0-255,1484,84184,58,185696
4571,0.001914,74.125.24.0-255,2902,87086,58,185696
4572,0.001918,172.31.46.0-255,66,87152,58,185696
4573,0.001923,74.125.24.0-255,1484,88636,58,185696
4574,0.001949,74.125.24.0-255,4320,92956,58,185696
4575,0.001952,172.31.46.0-255,66,93022,58,185696
4576,0.00196,74.125.24.0-255,7156,100178,58,185696
4577,0.001962,172.31.46.0-255,66,100244,58,185696
4578,0.001978,172.31.46.0-255,66,100310,58,185696
4579,0.002016,74.125.24.0-255,4320,104630,58,185696
4580,0.002019,172.31.46.0-255,66,104696,58,185696
4581,0.002024,74.125.24.0-255,2184,106880,58,185696
4582,0.002025,172.31.46.0-255,66,106946,58,185696
4583,0.002184,74.125.24.0-255,1484,108430,58,185696
4584,0.002208,74.125.24.0-255,2902,111332,58,185696
4585,0.002211,172.31.46.0-255,66,111398,58,185696
4586,0.002219,74.125.24.0-255,5738,117136,58,185696
4587,0.002221,172.31.46.0-255,66,117202,58,185696
4588,0.002262,172.31.46.0-255,66,117268,58,185696
4589,0.002265,74.125.24.0-255,1484,118752,58,185696
4590,0.002318,172.31.46.0-255,66,118818,58,185696
4591,0.004578,74.125.24.0-255,5738,124556,58,185696
4592,0.004586,172.31.46.0-255,66,124622,58,185696
4593,0.006885,74.125.24.0-255,5738,130360,58,185696
4594,0.006888,172.31.46.0-255,66,130426,58,185696
4595,0.009179,74.125.24.0-255,5738,136164,58,185696
4596,0.009186,172.31.46.0-255,66,136230,58,185696
4597,0.01149,74.125.24.0-255,5738,141968,58,185696
4598,0.011498,172.31.46.0-255,66,142034,58,185696
4599,0.01376,74.125.24.0-255,5738,147772,58,185696
4600,0.013767,172.31.46.0-255,66,147838,58,185696
4601,0.016064,74.125.24.0-255,5738,153576,58,185696
4602,0.016073,172.31.46.0-255,66,153642,58,185696
4603,0.018372,74.125.24.0-255,5738,159380,58,185696
4604,0.01838,172.31.46.0-255,66,159446,58,185696
4605,0.020662,74.125.24.0-255,5738,165184,58,185696
4606,0.020671,172.31.46.0-255,66,165250,58,185696
4607,0.02296,74.125.24.0-255,5738,170988,58,185696
4608,0.022969,172.31.46.0-255,66,171054,58,185696
4609,0.025274,74.125.24.0-255,5738,176792,58,185696
4610,0.025283,172.31.46.0-255,66,176858,58,185696
4611,0.027545,74.125.24.0-255,4320,181178,58,185696
4612,0.027552,172.31.46.0-255,66,181244,58,185696
4613,0.027584,74.125.24.0-255,1484,182728,58,185696
4614,0.029819,74.125.24.0-255,2902,185630,58,185696
4615,0.029826,172.31.46.0-255,66,185696,58,185696
4616,0.0,172.217.194.0-255,152,152,58,157572
4617,1.8e-05,172.31.46.0-255,66,218,58,157572
4618,2.4e-05,172.217.194.0-255,1484,1702,58,157572
4619,2.9e-05,172.31.46.0-255,66,1768,58,157572
4620,3.5e-05,172.217.194.0-255,2902,4670,58,157572
4621,4.8e-05,172.31.46.0-255,66,4736,58,157572
4622,5.5e-05,172.217.194.0-255,7156,11892,58,157572
4623,5.8e-05,172.31.46.0-255,66,11958,58,157572
4624,0.000107,172.31.46.0-255,66,12024,58,157572
4625,0.000113,172.217.194.0-255,4320,16344,58,157572
4626,0.000115,172.31.46.0-255,66,16410,58,157572
4627,0.000135,172.217.194.0-255,2543,18953,58,157572
4628,0.000141,172.31.46.0-255,66,19019,58,157572
4629,0.000186,172.217.194.0-255,4320,23339,58,157572
4630,0.000188,172.31.46.0-255,66,23405,58,157572
4631,0.000215,172.217.194.0-255,5738,29143,58,157572
4632,0.000218,172.31.46.0-255,66,29209,58,157572
4633,0.000255,172.31.46.0-255,66,29275,58,157572
4634,0.000267,172.31.46.0-255,66,29341,58,157572
4635,0.000299,172.217.194.0-255,1414,30755,58,157572
4636,0.000302,172.31.46.0-255,66,30821,58,157572
4637,0.000699,172.217.194.0-255,367,31188,58,157572
4638,0.000704,172.31.46.0-255,66,31254,58,157572
4639,0.001049,172.217.194.0-255,1484,32738,58,157572
4640,0.001055,172.31.46.0-255,66,32804,58,157572
4641,0.001063,172.217.194.0-255,2902,35706,58,157572
4642,0.001064,172.31.46.0-255,66,35772,58,157572
4643,0.001075,172.217.194.0-255,5738,41510,58,157572
4644,0.001077,172.31.46.0-255,66,41576,58,157572
4645,0.001082,172.217.194.0-255,5738,47314,58,157572
4646,0.001093,172.217.194.0-255,1484,48798,58,157572
4647,0.001146,172.217.194.0-255,5020,53818,58,157572
4648,0.001588,172.217.194.0-255,1484,55302,58,157572
4649,0.001595,172.217.194.0-255,2902,58204,58,157572
4650,0.0016,172.217.194.0-255,4320,62524,58,157572
4651,0.001611,172.217.194.0-255,1484,64008,58,157572
4652,0.001651,172.217.194.0-255,4320,68328,58,157572
4653,0.001727,172.217.194.0-255,1484,69812,58,157572
4654,0.001733,172.217.194.0-255,2902,72714,58,157572
4655,0.001756,172.217.194.0-255,5738,78452,58,157572
4656,0.001789,172.217.194.0-255,2902,81354,58,157572
4657,0.001811,172.217.194.0-255,7156,88510,58,157572
4658,0.001859,172.217.194.0-255,1484,89994,58,157572
4659,0.001862,172.217.194.0-255,2184,92178,58,157572
4660,0.002004,172.217.194.0-255,1484,93662,58,157572
4661,0.005736,172.31.46.0-255,66,93728,58,157572
4662,0.007755,172.217.194.0-255,5738,99466,58,157572
4663,0.007763,172.31.46.0-255,66,99532,58,157572
4664,0.009779,172.217.194.0-255,5738,105270,58,157572
4665,0.00979,172.31.46.0-255,66,105336,58,157572
4666,0.0118,172.217.194.0-255,5738,111074,58,157572
4667,0.013264,172.31.46.0-255,66,111140,58,157572
4668,0.015315,172.217.194.0-255,5738,116878,58,157572
4669,0.015334,172.31.46.0-255,66,116944,58,157572
4670,0.017351,172.217.194.0-255,5738,122682,58,157572
4671,0.017363,172.31.46.0-255,66,122748,58,157572
4672,0.019383,172.217.194.0-255,5738,128486,58,157572
4673,0.019394,172.31.46.0-255,66,128552,58,157572
4674,0.021394,172.217.194.0-255,5738,134290,58,157572
4675,0.021405,172.31.46.0-255,66,134356,58,157572
4676,0.023399,172.217.194.0-255,5738,140094,58,157572
4677,0.02341,172.31.46.0-255,66,140160,58,157572
4678,0.025423,172.217.194.0-255,5738,145898,58,157572
4679,0.025431,172.31.46.0-255,66,145964,58,157572
4680,0.027443,172.217.194.0-255,5738,151702,58,157572
4681,0.027455,172.31.46.0-255,66,151768,58,157572
4682,0.029467,172.217.194.0-255,5738,157506,58,157572
4683,0.029476,172.31.46.0-255,66,157572,58,157572
4684,0.0,74.125.68.0-255,152,152,58,185958
4685,2.3e-05,172.31.46.0-255,66,218,58,185958
4686,3e-05,74.125.68.0-255,1484,1702,58,185958
4687,3.4e-05,172.31.46.0-255,66,1768,58,185958
4688,4e-05,74.125.68.0-255,2902,4670,58,185958
4689,4.3e-05,172.31.46.0-255,66,4736,58,185958
4690,5.9e-05,74.125.68.0-255,7156,11892,58,185958
4691,6.2e-05,172.31.46.0-255,66,11958,58,185958
4692,6.6e-05,74.125.68.0-255,1986,13944,58,185958
4693,6.8e-05,172.31.46.0-255,66,14010,58,185958
4694,0.000169,74.125.68.0-255,1484,15494,58,185958
4695,0.000172,172.31.46.0-255,66,15560,58,185958
4696,0.000186,74.125.68.0-255,2902,18462,58,185958
4697,0.000193,172.31.46.0-255,66,18528,58,185958
4698,0.000228,74.125.68.0-255,5738,24266,58,185958
4699,0.000231,172.31.46.0-255,66,24332,58,185958
4700,0.000239,74.125.68.0-255,6797,31129,58,185958
4701,0.000241,172.31.46.0-255,66,31195,58,185958
4702,0.000251,74.125.68.0-255,4320,35515,58,185958
4703,0.000253,172.31.46.0-255,66,35581,58,185958
4704,0.000285,74.125.68.0-255,2902,38483,58,185958
4705,0.000289,172.31.46.0-255,66,38549,58,185958
4706,0.0003,172.31.46.0-255,66,38615,58,185958
4707,0.000313,172.31.46.0-255,66,38681,58,185958
4708,0.000316,74.125.68.0-255,1484,40165,58,185958
4709,0.000318,172.31.46.0-255,66,40231,58,185958
4710,0.000353,74.125.68.0-255,3602,43833,58,185958
4711,0.000356,172.31.46.0-255,66,43899,58,185958
4712,0.000359,74.125.68.0-255,414,44313,58,185958
4713,0.000361,172.31.46.0-255,66,44379,58,185958
4714,0.000535,74.125.68.0-255,329,44708,58,185958
4715,0.000864,74.125.68.0-255,1484,46192,58,185958
4716,0.000869,172.31.46.0-255,66,46258,58,185958
4717,0.000876,74.125.68.0-255,2902,49160,58,185958
4718,0.000878,172.31.46.0-255,66,49226,58,185958
4719,0.000882,74.125.68.0-255,1484,50710,58,185958
4720,0.000912,74.125.68.0-255,4320,55030,58,185958
4721,0.000915,172.31.46.0-255,66,55096,58,185958
4722,0.000922,74.125.68.0-255,6797,61893,58,185958
4723,0.000924,172.31.46.0-255,66,61959,58,185958
4724,0.000947,74.125.68.0-255,2902,64861,58,185958
4725,0.000949,172.31.46.0-255,66,64927,58,185958
4726,0.000985,74.125.68.0-255,4320,69247,58,185958
4727,0.000988,172.31.46.0-255,66,69313,58,185958
4728,0.001015,74.125.68.0-255,1484,70797,58,185958
4729,0.001028,74.125.68.0-255,1484,72281,58,185958
4730,0.001032,172.31.46.0-255,66,72347,58,185958
4731,0.001047,74.125.68.0-255,1484,73831,58,185958
4732,0.001058,74.125.68.0-255,1484,75315,58,185958
4733,0.001061,172.31.46.0-255,66,75381,58,185958
4734,0.001094,74.125.68.0-255,3961,79342,58,185958
4735,0.001097,172.31.46.0-255,66,79408,58,185958
4736,0.001897,74.125.68.0-255,1484,80892,58,185958
4737,0.001908,74.125.68.0-255,2902,83794,58,185958
4738,0.001912,172.31.46.0-255,66,83860,58,185958
4739,0.001942,74.125.68.0-255,5738,89598,58,185958
4740,0.001944,172.31.46.0-255,66,89664,58,185958
4741,0.001971,74.125.68.0-255,7156,96820,58,185958
4742,0.001973,172.31.46.0-255,66,96886,58,185958
4743,0.001999,74.125.68.0-255,4320,101206,58,185958
4744,0.002002,172.31.46.0-255,66,101272,58,185958
4745,0.002028,74.125.68.0-255,5738,107010,58,185958
4746,0.00203,172.31.46.0-255,66,107076,58,185958
4747,0.002033,74.125.68.0-255,1484,108560,58,185958
4748,0.002053,74.125.68.0-255,1484,110044,58,185958
4749,0.002055,172.31.46.0-255,66,110110,58,185958
4750,0.004022,74.125.68.0-255,2902,113012,58,185958
4751,0.004031,172.31.46.0-255,66,113078,58,185958
4752,0.004059,74.125.68.0-255,2902,115980,58,185958
4753,0.004061,172.31.46.0-255,66,116046,58,185958
4754,0.006042,74.125.68.0-255,2902,118948,58,185958
4755,0.006045,172.31.46.0-255,66,119014,58,185958
4756,0.006069,74.125.68.0-255,2902,121916,58,185958
4757,0.006071,172.31.46.0-255,66,121982,58,185958
4758,0.008048,74.125.68.0-255,2902,124884,58,185958
4759,0.00806,172.31.46.0-255,66,124950,58,185958
4760,0.008082,74.125.68.0-255,2902,127852,58,185958
4761,0.008085,172.31.46.0-255,66,127918,58,185958
4762,0.010086,74.125.68.0-255,5738,133656,58,185958
4763,0.010103,172.31.46.0-255,66,133722,58,185958
4764,0.012121,74.125.68.0-255,5738,139460,58,185958
4765,0.012138,172.31.46.0-255,66,139526,58,185958
4766,0.014148,74.125.68.0-255,5738,145264,58,185958
4767,0.014164,172.31.46.0-255,66,145330,58,185958
4768,0.016232,74.125.68.0-255,5738,151068,58,185958
4769,0.01625,172.31.46.0-255,66,151134,58,185958
4770,0.018274,74.125.68.0-255,5738,156872,58,185958
4771,0.018287,172.31.46.0-255,66,156938,58,185958
4772,0.020305,74.125.68.0-255,5738,162676,58,185958
4773,0.020319,172.31.46.0-255,66,162742,58,185958
4774,0.022339,74.125.68.0-255,5738,168480,58,185958
4775,0.02235,172.31.46.0-255,66,168546,58,185958
4776,0.02438,74.125.68.0-255,5738,174284,58,185958
4777,0.024395,172.31.46.0-255,66,174350,58,185958
4778,0.026427,74.125.68.0-255,5738,180088,58,185958
4779,0.026446,172.31.46.0-255,66,180154,58,185958
4780,0.028475,74.125.68.0-255,5738,185892,58,185958
4781,0.028493,172.31.46.0-255,66,185958,58,185958
4782,0.0,172.217.194.0-255,296,296,58,234997
4783,2.1e-05,172.31.46.0-255,66,362,58,234997
4784,2.6e-05,172.217.194.0-255,1484,1846,58,234997
4785,3e-05,172.31.46.0-255,66,1912,58,234997
4786,3.7e-05,172.217.194.0-255,4320,6232,58,234997
4787,4e-05,172.31.46.0-255,66,6298,58,234997
4788,4.6e-05,172.217.194.0-255,5738,12036,58,234997
4789,4.8e-05,172.31.46.0-255,66,12102,58,234997
4790,7.7e-05,172.217.194.0-255,4728,16830,58,234997
4791,7.9e-05,172.31.46.0-255,66,16896,58,234997
4792,8.5e-05,172.217.194.0-255,5738,22634,58,234997
4793,8.7e-05,172.31.46.0-255,66,22700,58,234997
4794,0.000131,172.31.46.0-255,66,22766,58,234997
4795,0.000292,172.217.194.0-255,1484,24250,58,234997
4796,0.000295,172.31.46.0-255,66,24316,58,234997
4797,0.000301,172.217.194.0-255,2902,27218,58,234997
4798,0.000303,172.31.46.0-255,66,27284,58,234997
4799,0.000307,172.217.194.0-255,4320,31604,58,234997
4800,0.000309,172.31.46.0-255,66,31670,58,234997
4801,0.00033,172.217.194.0-255,1484,33154,58,234997
4802,0.000332,172.31.46.0-255,66,33220,58,234997
4803,0.000339,172.217.194.0-255,6797,40017,58,234997
4804,0.000341,172.31.46.0-255,66,40083,58,234997
4805,0.000573,172.217.194.0-255,1484,41567,58,234997
4806,0.000577,172.31.46.0-255,66,41633,58,234997
4807,0.000582,172.217.194.0-255,2902,44535,58,234997
4808,0.000584,172.31.46.0-255,66,44601,58,234997
4809,0.000606,172.217.194.0-255,5738,50339,58,234997
4810,0.000611,172.31.46.0-255,66,50405,58,234997
4811,0.000636,172.217.194.0-255,7092,57497,58,234997
4812,0.000639,172.31.46.0-255,66,57563,58,234997
4813,0.000709,172.217.194.0-255,382,57945,58,234997
4814,0.000896,172.217.194.0-255,1484,59429,58,234997
4815,0.000899,172.31.46.0-255,66,59495,58,234997
4816,0.000904,172.217.194.0-255,2902,62397,58,234997
4817,0.00092,172.217.194.0-255,5738,68135,58,234997
4818,0.000938,172.31.46.0-255,66,68201,58,234997
4819,0.000942,172.31.46.0-255,66,68267,58,234997
4820,0.000956,172.217.194.0-255,6797,75064,58,234997
4821,0.000973,172.31.46.0-255,66,75130,58,234997
4822,0.000987,172.217.194.0-255,5738,80868,58,234997
4823,0.000997,172.31.46.0-255,66,80934,58,234997
4824,0.00102,172.217.194.0-255,1484,82418,58,234997
4825,0.001023,172.217.194.0-255,1125,83543,58,234997
4826,0.001027,172.31.46.0-255,66,83609,58,234997
4827,0.001544,172.217.194.0-255,1484,85093,58,234997
4828,0.001551,172.217.194.0-255,2902,87995,58,234997
4829,0.001555,172.31.46.0-255,66,88061,58,234997
4830,0.001561,172.217.194.0-255,5738,93799,58,234997
4831,0.001571,172.217.194.0-255,1484,95283,58,234997
4832,0.001599,172.217.194.0-255,4320,99603,58,234997
4833,0.001623,172.217.194.0-255,6438,106041,58,234997
4834,0.001689,172.217.194.0-255,1484,107525,58,234997
4835,0.001692,172.217.194.0-255,1484,109009,58,234997
4836,0.001716,172.217.194.0-255,1484,110493,58,234997
4837,0.001722,172.217.194.0-255,5738,116231,58,234997
4838,0.001728,172.217.194.0-255,4320,120551,58,234997
4839,0.001754,172.217.194.0-255,7156,127707,58,234997
4840,0.001771,172.217.194.0-255,3602,131309,58,234997
4841,0.002065,172.217.194.0-255,1484,132793,58,234997
4842,0.00207,172.217.194.0-255,1484,134277,58,234997
4843,0.00209,172.217.194.0-255,1484,135761,58,234997
4844,0.002097,172.217.194.0-255,5738,141499,58,234997
4845,0.002104,172.217.194.0-255,7156,148655,58,234997
4846,0.002121,172.217.194.0-255,2902,151557,58,234997
4847,0.002137,172.217.194.0-255,4320,155877,58,234997
4848,0.002156,172.217.194.0-255,7156,163033,58,234997
4849,0.002159,172.217.194.0-255,2184,165217,58,234997
4850,0.004361,172.31.46.0-255,66,165283,58,234997
4851,0.006452,172.217.194.0-255,5738,171021,58,234997
4852,0.006459,172.31.46.0-255,66,171087,58,234997
4853,0.008549,172.217.194.0-255,5738,176825,58,234997
4854,0.008553,172.31.46.0-255,66,176891,58,234997
4855,0.010598,172.217.194.0-255,5738,182629,58,234997
4856,0.010605,172.31.46.0-255,66,182695,58,234997
4857,0.012682,172.217.194.0-255,5738,188433,58,234997
4858,0.012688,172.31.46.0-255,66,188499,58,234997
4859,0.014725,172.217.194.0-255,5738,194237,58,234997
4860,0.014732,172.31.46.0-255,66,194303,58,234997
4861,0.016785,172.217.194.0-255,5738,200041,58,234997
4862,0.016792,172.31.46.0-255,66,200107,58,234997
4863,0.01885,172.217.194.0-255,5738,205845,58,234997
4864,0.018857,172.31.46.0-255,66,205911,58,234997
4865,0.020954,172.217.194.0-255,5738,211649,58,234997
4866,0.020962,172.31.46.0-255,66,211715,58,234997
4867,0.023076,172.217.194.0-255,5738,217453,58,234997
4868,0.023084,172.31.46.0-255,66,217519,58,234997
4869,0.025189,172.217.194.0-255,5738,223257,58,234997
4870,0.025196,172.31.46.0-255,66,223323,58,234997
4871,0.027244,172.217.194.0-255,5738,229061,58,234997
4872,0.027251,172.31.46.0-255,66,229127,58,234997
4873,0.029333,172.217.194.0-255,1484,230611,58,234997
4874,0.029362,172.217.194.0-255,4320,234931,58,234997
4875,0.029368,172.31.46.0-255,66,234997,58,234997
4876,0.0,74.125.24.0-255,147,147,58,179862
4877,2.1e-05,172.31.46.0-255,66,213,58,179862
4878,2.8e-05,74.125.24.0-255,1484,1697,58,179862
4879,3.2e-05,172.31.46.0-255,66,1763,58,179862
4880,3.8e-05,74.125.24.0-255,2902,4665,58,179862
4881,4e-05,172.31.46.0-255,66,4731,58,179862
4882,4.8e-05,74.125.24.0-255,7156,11887,58,179862
4883,5.1e-05,172.31.46.0-255,66,11953,58,179862
4884,5.4e-05,74.125.24.0-255,1484,13437,58,179862
4885,5.6e-05,172.31.46.0-255,66,13503,58,179862
4886,8.1e-05,74.125.24.0-255,723,14226,58,179862
4887,8.4e-05,172.31.46.0-255,66,14292,58,179862
4888,0.000129,74.125.24.0-255,1484,15776,58,179862
4889,0.000131,172.31.46.0-255,66,15842,58,179862
4890,0.000137,74.125.24.0-255,2902,18744,58,179862
4891,0.000139,172.31.46.0-255,66,18810,58,179862
4892,0.000146,74.125.24.0-255,5738,24548,58,179862
4893,0.000148,172.31.46.0-255,66,24614,58,179862
4894,0.000166,74.125.24.0-255,4320,28934,58,179862
4895,0.000168,172.31.46.0-255,66,29000,58,179862
4896,0.000193,74.125.24.0-255,1484,30484,58,179862
4897,0.000195,172.31.46.0-255,66,30550,58,179862
4898,0.000231,172.31.46.0-255,66,30616,58,179862
4899,0.000253,74.125.24.0-255,3961,34577,58,179862
4900,0.000255,172.31.46.0-255,66,34643,58,179862
4901,0.00026,74.125.24.0-255,3961,38604,58,179862
4902,0.000262,172.31.46.0-255,66,38670,58,179862
4903,0.000299,74.125.24.0-255,1484,40154,58,179862
4904,0.000302,172.31.46.0-255,66,40220,58,179862
4905,0.000307,74.125.24.0-255,2902,43122,58,179862
4906,0.000309,172.31.46.0-255,66,43188,58,179862
4907,0.000316,74.125.24.0-255,5738,48926,58,179862
4908,0.000319,172.31.46.0-255,66,48992,58,179862
4909,0.000326,74.125.24.0-255,7089,56081,58,179862
4910,0.000328,172.31.46.0-255,66,56147,58,179862
4911,0.000717,74.125.24.0-255,129,56276,58,179862
4912,0.000962,172.31.46.0-255,66,56342,58,179862
4913,0.001074,74.125.24.0-255,1484,57826,58,179862
4914,0.00109,74.125.24.0-255,2902,60728,58,179862
4915,0.001093,172.31.46.0-255,66,60794,58,179862
4916,0.001099,74.125.24.0-255,5738,66532,58,179862
4917,0.001101,172.31.46.0-255,66,66598,58,179862
4918,0.001134,74.125.24.0-255,1484,68082,58,179862
4919,0.001158,172.31.46.0-255,66,68148,58,179862
4920,0.001163,74.125.24.0-255,4320,72468,58,179862
4921,0.001165,172.31.46.0-255,66,72534,58,179862
4922,0.001186,172.31.46.0-255,66,72600,58,179862
4923,0.00119,74.125.24.0-255,2902,75502,58,179862
4924,0.001191,172.31.46.0-255,66,75568,58,179862
4925,0.001221,172.31.46.0-255,66,75634,58,179862
4926,0.001224,74.125.24.0-255,1484,77118,58,179862
4927,0.001242,74.125.24.0-255,2184,79302,58,179862
4928,0.001244,172.31.46.0-255,66,79368,58,179862
4929,0.001319,74.125.24.0-255,1484,80852,58,179862
4930,0.001323,74.125.24.0-255,1484,82336,58,179862
4931,0.001325,172.31.46.0-255,66,82402,58,179862
4932,0.001336,74.125.24.0-255,1484,83886,58,179862
4933,0.00134,74.125.24.0-255,2902,86788,58,179862
4934,0.001343,172.31.46.0-255,66,86854,58,179862
4935,0.001352,74.125.24.0-255,2902,89756,58,179862
4936,0.001354,172.31.46.0-255,66,89822,58,179862
4937,0.001359,74.125.24.0-255,4320,94142,58,179862
4938,0.00136,172.31.46.0-255,66,94208,58,179862
4939,0.001385,172.31.46.0-255,66,94274,58,179862
4940,0.001392,74.125.24.0-255,7156,101430,58,179862
4941,0.001393,172.31.46.0-255,66,101496,58,179862
4942,0.001425,74.125.24.0-255,5020,106516,58,179862
4943,0.001427,172.31.46.0-255,66,106582,58,179862
4944,0.001439,172.31.46.0-255,66,106648,58,179862
4945,0.001454,172.31.46.0-255,66,106714,58,179862
4946,0.001468,74.125.24.0-255,6438,113152,58,179862
4947,0.00147,172.31.46.0-255,66,113218,58,179862
4948,0.001485,74.125.24.0-255,1484,114702,58,179862
4949,0.001489,74.125.24.0-255,2902,117604,58,179862
4950,0.001491,172.31.46.0-255,66,117670,58,179862
4951,0.001512,74.125.24.0-255,4320,121990,58,179862
4952,0.001515,172.31.46.0-255,66,122056,58,179862
4953,0.001531,74.125.24.0-255,1484,123540,58,179862
4954,0.001536,74.125.24.0-255,4320,127860,58,179862
4955,0.001539,172.31.46.0-255,66,127926,58,179862
4956,0.001566,172.31.46.0-255,66,127992,58,179862
4957,0.001572,74.125.24.0-255,7156,135148,58,179862
4958,0.001574,172.31.46.0-255,66,135214,58,179862
4959,0.001588,74.125.24.0-255,1484,136698,58,179862
4960,0.001603,74.125.24.0-255,2184,138882,58,179862
4961,0.001605,172.31.46.0-255,66,138948,58,179862
4962,0.001658,74.125.24.0-255,1484,140432,58,179862
4963,0.001663,74.125.24.0-255,2902,143334,58,179862
4964,0.001665,172.31.46.0-255,66,143400,58,179862
4965,0.001685,74.125.24.0-255,5738,149138,58,179862
4966,0.001687,172.31.46.0-255,66,149204,58,179862
4967,0.001707,74.125.24.0-255,4320,153524,58,179862
4968,0.001709,172.31.46.0-255,66,153590,58,179862
4969,0.001719,74.125.24.0-255,1484,155074,58,179862
4970,0.001741,74.125.24.0-255,4320,159394,58,179862
4971,0.001744,172.31.46.0-255,66,159460,58,179862
4972,0.001772,172.31.46.0-255,66,159526,58,179862
4973,0.001831,172.31.46.0-255,66,159592,58,179862
4974,0.001858,74.125.24.0-255,5020,164612,58,179862
4975,0.001861,172.31.46.0-255,66,164678,58,179862
4976,0.001876,172.31.46.0-255,66,164744,58,179862
4977,0.001881,74.125.24.0-255,5020,169764,58,179862
4978,0.001883,172.31.46.0-255,66,169830,58,179862
4979,0.001902,172.31.46.0-255,66,169896,58,179862
4980,0.001908,74.125.24.0-255,5738,175634,58,179862
4981,0.00191,172.31.46.0-255,66,175700,58,179862
4982,0.001933,172.31.46.0-255,66,175766,58,179862
4983,0.001971,172.31.46.0-255,66,175832,58,179862
4984,0.001984,172.31.46.0-255,66,175898,58,179862
4985,0.002006,74.125.24.0-255,2902,178800,58,179862
4986,0.002033,172.31.46.0-255,66,178866,58,179862
4987,0.002046,172.31.46.0-255,66,178932,58,179862
4988,0.002063,74.125.24.0-255,105,179037,58,179862
4989,0.002065,74.125.24.0-255,129,179166,58,179862
4990,0.008185,172.31.46.0-255,105,179271,58,179862
4991,0.008238,172.31.46.0-255,105,179376,58,179862
4992,0.008506,172.31.46.0-255,90,179466,58,179862
4993,0.008516,172.31.46.0-255,66,179532,58,179862
4994,0.010547,74.125.24.0-255,66,179598,58,179862
4995,0.010557,74.125.24.0-255,66,179664,58,179862
4996,0.010834,74.125.24.0-255,66,179730,58,179862
4997,0.010887,74.125.24.0-255,66,179796,58,179862
4998,0.010892,172.31.46.0-255,66,179862,58,179862
4999,0.0,74.125.24.0-255,152,152,58,238006
5000,2.1e-05,172.31.46.0-255,66,218,58,238006
5001,2.8e-05,74.125.24.0-255,1484,1702,58,238006
5002,3.2e-05,172.31.46.0-255,66,1768,58,238006
5003,3.8e-05,74.125.24.0-255,2902,4670,58,238006
5004,5.2e-05,172.31.46.0-255,66,4736,58,238006
5005,5.8e-05,74.125.24.0-255,5738,10474,58,238006
5006,6.2e-05,172.31.46.0-255,66,10540,58,238006
5007,6.8e-05,74.125.24.0-255,4320,14860,58,238006
5008,7.1e-05,172.31.46.0-255,66,14926,58,238006
5009,0.000103,74.125.24.0-255,2110,17036,58,238006
5010,0.000107,172.31.46.0-255,66,17102,58,238006
5011,0.000122,172.31.46.0-255,66,17168,58,238006
5012,0.00014,74.125.24.0-255,4320,21488,58,238006
5013,0.000142,172.31.46.0-255,66,21554,58,238006
5014,0.000168,74.125.24.0-255,1125,22679,58,238006
5015,0.00017,172.31.46.0-255,66,22745,58,238006
5016,0.000199,74.125.24.0-255,1484,24229,58,238006
5017,0.000201,172.31.46.0-255,66,24295,58,238006
5018,0.000219,74.125.24.0-255,2902,27197,58,238006
5019,0.000222,172.31.46.0-255,66,27263,58,238006
5020,0.000225,74.125.24.0-255,1484,28747,58,238006
5021,0.000227,172.31.46.0-255,66,28813,58,238006
5022,0.000253,74.125.24.0-255,4320,33133,58,238006
5023,0.00026,172.31.46.0-255,66,33199,58,238006
5024,0.000263,74.125.24.0-255,1484,34683,58,238006
5025,0.000265,172.31.46.0-255,66,34749,58,238006
5026,0.000276,172.31.46.0-255,66,34815,58,238006
5027,0.000315,172.31.46.0-255,66,34881,58,238006
5028,0.000348,74.125.24.0-255,430,35311,58,238006
5029,0.000433,74.125.24.0-255,1484,36795,58,238006
5030,0.000451,74.125.24.0-255,1484,38279,58,238006
5031,0.000464,74.125.24.0-255,1484,39763,58,238006
5032,0.000471,74.125.24.0-255,5738,45501,58,238006
5033,0.000491,74.125.24.0-255,2902,48403,58,238006
5034,0.00052,74.125.24.0-255,4320,52723,58,238006
5035,0.000552,74.125.24.0-255,6797,59520,58,238006
5036,0.00056,74.125.24.0-255,7156,66676,58,238006
5037,0.000626,74.125.24.0-255,2543,69219,58,238006
5038,0.000633,172.31.46.0-255,66,69285,58,238006
5039,0.000823,74.125.24.0-255,1484,70769,58,238006
5040,0.000843,74.125.24.0-255,2902,73671,58,238006
5041,0.000849,74.125.24.0-255,5738,79409,58,238006
5042,0.000871,172.31.46.0-255,66,79475,58,238006
5043,0.000886,172.31.46.0-255,66,79541,58,238006
5044,0.000906,74.125.24.0-255,4320,83861,58,238006
5045,0.000917,74.125.24.0-255,5738,89599,58,238006
5046,0.000936,74.125.24.0-255,5020,94619,58,238006
5047,0.00095,172.31.46.0-255,66,94685,58,238006
5048,0.001149,74.125.24.0-255,1484,96169,58,238006
5049,0.001157,74.125.24.0-255,2902,99071,58,238006
5050,0.001161,74.125.24.0-255,2902,101973,58,238006
5051,0.001174,74.125.24.0-255,2902,104875,58,238006
5052,0.0012,74.125.24.0-255,5738,110613,58,238006
5053,0.001224,74.125.24.0-255,4320,114933,58,238006
5054,0.001252,74.125.24.0-255,2184,117117,58,238006
5055,0.001256,74.125.24.0-255,2902,120019,58,238006
5056,0.001287,74.125.24.0-255,7156,127175,58,238006
5057,0.001292,74.125.24.0-255,4320,131495,58,238006
5058,0.001309,74.125.24.0-255,5738,137233,58,238006
5059,0.001367,74.125.24.0-255,766,137999,58,238006
5060,0.001464,74.125.24.0-255,4320,142319,58,238006
5061,0.001481,74.125.24.0-255,3602,145921,58,238006
5062,0.001487,74.125.24.0-255,4320,150241,58,238006
5063,0.001493,74.125.24.0-255,7156,157397,58,238006
5064,0.001524,74.125.24.0-255,2902,160299,58,238006
5065,0.001535,74.125.24.0-255,7156,167455,58,238006
5066,0.001583,172.31.46.0-255,66,167521,58,238006
5067,0.001604,172.31.46.0-255,66,167587,58,238006
5068,0.001617,74.125.24.0-255,5738,173325,58,238006
5069,0.001668,74.125.24.0-255,7156,180481,58,238006
5070,0.001683,172.31.46.0-255,66,180547,58,238006
5071,0.001721,74.125.24.0-255,4320,184867,58,238006
5072,0.001727,172.31.46.0-255,66,184933,58,238006
5073,0.00174,74.125.24.0-255,2902,187835,58,238006
5074,0.001754,74.125.24.0-255,2902,190737,58,238006
5075,0.00176,74.125.24.0-255,4320,195057,58,238006
5076,0.001774,74.125.24.0-255,1484,196541,58,238006
5077,0.001785,172.31.46.0-255,66,196607,58,238006
5078,0.001797,74.125.24.0-255,5738,202345,58,238006
5079,0.001801,172.31.46.0-255,66,202411,58,238006
5080,0.001837,74.125.24.0-255,7156,209567,58,238006
5081,0.001844,74.125.24.0-255,5020,214587,58,238006
5082,0.00185,74.125.24.0-255,5738,220325,58,238006
5083,0.001852,74.125.24.0-255,1484,221809,58,238006
5084,0.001858,172.31.46.0-255,66,221875,58,238006
5085,0.001869,74.125.24.0-255,2902,224777,58,238006
5086,0.001878,172.31.46.0-255,66,224843,58,238006
5087,0.001903,74.125.24.0-255,4320,229163,58,238006
5088,0.001923,74.125.24.0-255,7156,236319,58,238006
5089,0.001967,172.31.46.0-255,66,236385,58,238006
5090,0.001973,172.31.46.0-255,66,236451,58,238006
5091,0.001993,74.125.24.0-255,1116,237567,58,238006
5092,0.002,74.125.24.0-255,97,237664,58,238006
5093,0.002002,74.125.24.0-255,105,237769,58,238006
5094,0.004646,172.31.46.0-255,66,237835,58,238006
5095,0.004688,172.31.46.0-255,105,237940,58,238006
5096,0.006934,74.125.24.0-255,66,238006,58,238006
5097,0.0,172.31.46.0-255,105,105,58,525
5098,0.000175,172.31.46.0-255,90,195,58,525
5099,0.000186,172.31.46.0-255,66,261,58,525
5100,0.002727,172.217.194.0-255,66,327,58,525
5101,0.002759,172.217.194.0-255,66,393,58,525
5102,0.002774,172.31.46.0-255,66,459,58,525
5103,0.002777,172.217.194.0-255,66,525,58,525
5104,0.0,74.125.24.0-255,152,152,58,139492
5105,1.9e-05,172.31.46.0-255,66,218,58,139492
5106,2.5e-05,74.125.24.0-255,1484,1702,58,139492
5107,3e-05,172.31.46.0-255,66,1768,58,139492
5108,3.7e-05,74.125.24.0-255,2902,4670,58,139492
5109,4e-05,172.31.46.0-255,66,4736,58,139492
5110,4.8e-05,74.125.24.0-255,5738,10474,58,139492
5111,5e-05,172.31.46.0-255,66,10540,58,139492
5112,7.1e-05,74.125.24.0-255,1484,12024,58,139492
5113,7.4e-05,172.31.46.0-255,66,12090,58,139492
5114,7.9e-05,74.125.24.0-255,3524,15614,58,139492
5115,8.2e-05,172.31.46.0-255,66,15680,58,139492
5116,9.4e-05,172.31.46.0-255,66,15746,58,139492
5117,0.000113,74.125.24.0-255,1484,17230,58,139492
5118,0.000116,172.31.46.0-255,66,17296,58,139492
5119,0.00012,74.125.24.0-255,2543,19839,58,139492
5120,0.000122,172.31.46.0-255,66,19905,58,139492
5121,0.000876,74.125.24.0-255,1484,21389,58,139492
5122,0.000883,172.31.46.0-255,66,21455,58,139492
5123,0.000892,74.125.24.0-255,2902,24357,58,139492
5124,0.000895,172.31.46.0-255,66,24423,58,139492
5125,0.000901,74.125.24.0-255,4320,28743,58,139492
5126,0.000903,172.31.46.0-255,66,28809,58,139492
5127,0.000928,74.125.24.0-255,1484,30293,58,139492
5128,0.00093,172.31.46.0-255,66,30359,58,139492
5129,0.000943,172.31.46.0-255,66,30425,58,139492
5130,0.00095,74.125.24.0-255,5738,36163,58,139492
5131,0.000952,172.31.46.0-255,66,36229,58,139492
5132,0.000978,74.125.24.0-255,5738,41967,58,139492
5133,0.00098,172.31.46.0-255,66,42033,58,139492
5134,0.000983,74.125.24.0-255,1400,43433,58,139492
5135,0.000988,74.125.24.0-255,136,43569,58,139492
5136,0.001132,74.125.24.0-255,1484,45053,58,139492
5137,0.001137,172.31.46.0-255,66,45119,58,139492
5138,0.001142,74.125.24.0-255,2902,48021,58,139492
5139,0.001145,172.31.46.0-255,66,48087,58,139492
5140,0.001148,74.125.24.0-255,1484,49571,58,139492
5141,0.001172,74.125.24.0-255,4320,53891,58,139492
5142,0.001176,172.31.46.0-255,66,53957,58,139492
5143,0.001186,172.31.46.0-255,66,54023,58,139492
5144,0.001192,74.125.24.0-255,5738,59761,58,139492
5145,0.001194,172.31.46.0-255,66,59827,58,139492
5146,0.001216,74.125.24.0-255,4320,64147,58,139492
5147,0.001219,172.31.46.0-255,66,64213,58,139492
5148,0.001225,74.125.24.0-255,4320,68533,58,139492
5149,0.001227,172.31.46.0-255,66,68599,58,139492
5150,0.001255,172.31.46.0-255,66,68665,58,139492
5151,0.001263,74.125.24.0-255,1484,70149,58,139492
5152,0.001295,172.31.46.0-255,66,70215,58,139492
5153,0.001318,74.125.24.0-255,2902,73117,58,139492
5154,0.001322,172.31.46.0-255,66,73183,58,139492
5155,0.001333,172.31.46.0-255,66,73249,58,139492
5156,0.001373,172.31.46.0-255,66,73315,58,139492
5157,0.001407,172.31.46.0-255,66,73381,58,139492
5158,0.001541,74.125.24.0-255,1484,74865,58,139492
5159,0.001547,74.125.24.0-255,2902,77767,58,139492
5160,0.00155,172.31.46.0-255,66,77833,58,139492
5161,0.001555,74.125.24.0-255,2902,80735,58,139492
5162,0.001558,172.31.46.0-255,66,80801,58,139492
5163,0.001573,74.125.24.0-255,2902,83703,58,139492
5164,0.001576,172.31.46.0-255,66,83769,58,139492
5165,0.001581,74.125.24.0-255,4320,88089,58,139492
5166,0.001585,172.31.46.0-255,66,88155,58,139492
5167,0.001616,172.31.46.0-255,66,88221,58,139492
5168,0.001629,172.31.46.0-255,66,88287,58,139492
5169,0.001708,74.125.24.0-255,1484,89771,58,139492
5170,0.001724,74.125.24.0-255,1484,91255,58,139492
5171,0.001727,172.31.46.0-255,66,91321,58,139492
5172,0.001748,74.125.24.0-255,1484,92805,58,139492
5173,0.001755,74.125.24.0-255,5738,98543,58,139492
5174,0.001757,172.31.46.0-255,66,98609,58,139492
5175,0.001769,172.31.46.0-255,66,98675,58,139492
5176,0.001798,74.125.24.0-255,2902,101577,58,139492
5177,0.001801,172.31.46.0-255,66,101643,58,139492
5178,0.001814,172.31.46.0-255,66,101709,58,139492
5179,0.001819,74.125.24.0-255,4320,106029,58,139492
5180,0.001822,172.31.46.0-255,66,106095,58,139492
5181,0.001881,74.125.24.0-255,1484,107579,58,139492
5182,0.001926,172.31.46.0-255,66,107645,58,139492
5183,0.001929,172.31.46.0-255,66,107711,58,139492
5184,0.001941,74.125.24.0-255,2902,110613,58,139492
5185,0.001944,172.31.46.0-255,66,110679,58,139492
5186,0.00195,74.125.24.0-255,5738,116417,58,139492
5187,0.001953,172.31.46.0-255,66,116483,58,139492
5188,0.001966,172.31.46.0-255,66,116549,58,139492
5189,0.001978,172.31.46.0-255,66,116615,58,139492
5190,0.002027,172.31.46.0-255,66,116681,58,139492
5191,0.002043,74.125.24.0-255,4320,121001,58,139492
5192,0.002045,172.31.46.0-255,66,121067,58,139492
5193,0.002056,172.31.46.0-255,66,121133,58,139492
5194,0.002095,172.31.46.0-255,66,121199,58,139492
5195,0.002109,172.31.46.0-255,66,121265,58,139492
5196,0.002146,172.31.46.0-255,66,121331,58,139492
5197,0.002171,172.31.46.0-255,66,121397,58,139492
5198,0.002188,74.125.24.0-255,2184,123581,58,139492
5199,0.00219,172.31.46.0-255,66,123647,58,139492
5200,0.00425,74.125.24.0-255,5738,129385,58,139492
5201,0.004256,172.31.46.0-255,66,129451,58,139492
5202,0.006336,74.125.24.0-255,5738,135189,58,139492
5203,0.006343,172.31.46.0-255,66,135255,58,139492
5204,0.008406,74.125.24.0-255,4000,139255,58,139492
5205,0.00841,172.31.46.0-255,66,139321,58,139492
5206,0.010667,172.31.46.0-255,105,139426,58,139492
5207,0.012732,74.125.24.0-255,66,139492,58,139492
5208,0.0,74.125.24.0-255,153,153,58,192471
5209,1.9e-05,172.31.46.0-255,66,219,58,192471
5210,2.6e-05,74.125.24.0-255,1484,1703,58,192471
5211,3.1e-05,172.31.46.0-255,66,1769,58,192471
5212,3.6e-05,74.125.24.0-255,2902,4671,58,192471
5213,3.9e-05,172.31.46.0-255,66,4737,58,192471
5214,4.5e-05,74.125.24.0-255,2902,7639,58,192471
5215,4.8e-05,172.31.46.0-255,66,7705,58,192471
5216,6.2e-05,172.31.46.0-255,66,7771,58,192471
5217,0.000108,172.31.46.0-255,66,7837,58,192471
5218,0.000111,74.125.24.0-255,1125,8962,58,192471
5219,0.000113,172.31.46.0-255,66,9028,58,192471
5220,0.000237,74.125.24.0-255,1484,10512,58,192471
5221,0.000242,172.31.46.0-255,66,10578,58,192471
5222,0.000247,74.125.24.0-255,2902,13480,58,192471
5223,0.000249,172.31.46.0-255,66,13546,58,192471
5224,0.000253,74.125.24.0-255,2902,16448,58,192471
5225,0.000256,172.31.46.0-255,66,16514,58,192471
5226,0.00028,74.125.24.0-255,2902,19416,58,192471
5227,0.000283,172.31.46.0-255,66,19482,58,192471
5228,0.00029,74.125.24.0-255,5738,25220,58,192471
5229,0.000293,172.31.46.0-255,66,25286,58,192471
5230,0.000305,172.31.46.0-255,66,25352,58,192471
5231,0.000334,74.125.24.0-255,1484,26836,58,192471
5232,0.000336,172.31.46.0-255,66,26902,58,192471
5233,0.000343,74.125.24.0-255,5020,31922,58,192471
5234,0.000345,172.31.46.0-255,66,31988,58,192471
5235,0.00036,74.125.24.0-255,677,32665,58,192471
5236,0.000362,172.31.46.0-255,66,32731,58,192471
5237,0.00038,74.125.24.0-255,1484,34215,58,192471
5238,0.000405,74.125.24.0-255,4320,38535,58,192471
5239,0.000407,172.31.46.0-255,66,38601,58,192471
5240,0.000424,74.125.24.0-255,7156,45757,58,192471
5241,0.000427,172.31.46.0-255,66,45823,58,192471
5242,0.00048,74.125.24.0-255,3412,49235,58,192471
5243,0.000483,172.31.46.0-255,66,49301,58,192471
5244,0.00094,74.125.24.0-255,1484,50785,58,192471
5245,0.000946,74.125.24.0-255,2902,53687,58,192471
5246,0.00095,172.31.46.0-255,66,53753,58,192471
5247,0.000976,74.125.24.0-255,5738,59491,58,192471
5248,0.000979,172.31.46.0-255,66,59557,58,192471
5249,0.000982,74.125.24.0-255,1484,61041,58,192471
5250,0.001006,74.125.24.0-255,7156,68197,58,192471
5251,0.001008,172.31.46.0-255,66,68263,58,192471
5252,0.001018,172.31.46.0-255,66,68329,58,192471
5253,0.001043,74.125.24.0-255,5020,73349,58,192471
5254,0.001047,172.31.46.0-255,66,73415,58,192471
5255,0.001554,74.125.24.0-255,1484,74899,58,192471
5256,0.001564,74.125.24.0-255,2902,77801,58,192471
5257,0.001567,172.31.46.0-255,66,77867,58,192471
5258,0.001593,74.125.24.0-255,5738,83605,58,192471
5259,0.001595,172.31.46.0-255,66,83671,58,192471
5260,0.001601,74.125.24.0-255,4320,87991,58,192471
5261,0.001603,172.31.46.0-255,66,88057,58,192471
5262,0.001624,74.125.24.0-255,1484,89541,58,192471
5263,0.001659,172.31.46.0-255,66,89607,58,192471
5264,0.001664,74.125.24.0-255,4320,93927,58,192471
5265,0.001666,172.31.46.0-255,66,93993,58,192471
5266,0.001709,74.125.24.0-255,3602,97595,58,192471
5267,0.001712,172.31.46.0-255,66,97661,58,192471
5268,0.001856,74.125.24.0-255,1484,99145,58,192471
5269,0.001863,74.125.24.0-255,2902,102047,58,192471
5270,0.001866,172.31.46.0-255,66,102113,58,192471
5271,0.001888,74.125.24.0-255,5738,107851,58,192471
5272,0.00189,172.31.46.0-255,66,107917,58,192471
5273,0.001895,74.125.24.0-255,2902,110819,58,192471
5274,0.001897,172.31.46.0-255,66,110885,58,192471
5275,0.001935,74.125.24.0-255,4320,115205,58,192471
5276,0.001937,172.31.46.0-255,66,115271,58,192471
5277,0.001952,74.125.24.0-255,5738,121009,58,192471
5278,0.001955,172.31.46.0-255,66,121075,58,192471
5279,0.001959,74.125.24.0-255,2902,123977,58,192471
5280,0.001961,172.31.46.0-255,66,124043,58,192471
5281,0.002004,172.31.46.0-255,66,124109,58,192471
5282,0.004301,74.125.24.0-255,4320,128429,58,192471
5283,0.004309,172.31.46.0-255,66,128495,58,192471
5284,0.004328,74.125.24.0-255,1484,129979,58,192471
5285,0.006621,74.125.24.0-255,4320,134299,58,192471
5286,0.006624,172.31.46.0-255,66,134365,58,192471
5287,0.00892,74.125.24.0-255,5738,140103,58,192471
5288,0.008927,172.31.46.0-255,66,140169,58,192471
5289,0.011248,74.125.24.0-255,5738,145907,58,192471
5290,0.011257,172.31.46.0-255,66,145973,58,192471
5291,0.013578,74.125.24.0-255,5738,151711,58,192471
5292,0.013585,172.31.46.0-255,66,151777,58,192471
5293,0.015902,74.125.24.0-255,5738,157515,58,192471
5294,0.015912,172.31.46.0-255,66,157581,58,192471
5295,0.018222,74.125.24.0-255,5738,163319,58,192471
5296,0.018228,172.31.46.0-255,66,163385,58,192471
5297,0.020546,74.125.24.0-255,5738,169123,58,192471
5298,0.020554,172.31.46.0-255,66,169189,58,192471
5299,0.022877,74.125.24.0-255,5738,174927,58,192471
5300,0.022883,172.31.46.0-255,66,174993,58,192471
5301,0.025181,74.125.24.0-255,5738,180731,58,192471
5302,0.025188,172.31.46.0-255,66,180797,58,192471
5303,0.027494,74.125.24.0-255,5738,186535,58,192471
5304,0.0275,172.31.46.0-255,66,186601,58,192471
5305,0.029814,74.125.24.0-255,4320,190921,58,192471
5306,0.029821,172.31.46.0-255,66,190987,58,192471
5307,0.02985,74.125.24.0-255,1484,192471,58,192471
5308,0.0,172.217.194.0-255,146,146,58,213201
5309,3.1e-05,172.31.46.0-255,66,212,58,213201
5310,3.7e-05,172.217.194.0-255,1484,1696,58,213201
5311,4.1e-05,172.31.46.0-255,66,1762,58,213201
5312,4.7e-05,172.217.194.0-255,2902,4664,58,213201
5313,5.1e-05,172.31.46.0-255,66,4730,58,213201
5314,5.8e-05,172.217.194.0-255,7156,11886,58,213201
5315,6.1e-05,172.31.46.0-255,66,11952,58,213201
5316,6.4e-05,172.217.194.0-255,2080,14032,58,213201
5317,6.7e-05,172.31.46.0-255,66,14098,58,213201
5318,0.000238,172.217.194.0-255,1484,15582,58,213201
5319,0.000242,172.31.46.0-255,66,15648,58,213201
5320,0.000249,172.217.194.0-255,2902,18550,58,213201
5321,0.000252,172.31.46.0-255,66,18616,58,213201
5322,0.000256,172.217.194.0-255,1484,20100,58,213201
5323,0.000259,172.31.46.0-255,66,20166,58,213201
5324,0.000278,172.217.194.0-255,4320,24486,58,213201
5325,0.000281,172.31.46.0-255,66,24552,58,213201
5326,0.000289,172.217.194.0-255,6797,31349,58,213201
5327,0.000291,172.31.46.0-255,66,31415,58,213201
5328,0.001202,172.217.194.0-255,1484,32899,58,213201
5329,0.001209,172.31.46.0-255,66,32965,58,213201
5330,0.001219,172.217.194.0-255,2902,35867,58,213201
5331,0.001221,172.31.46.0-255,66,35933,58,213201
5332,0.001228,172.217.194.0-255,5738,41671,58,213201
5333,0.00123,172.31.46.0-255,66,41737,58,213201
5334,0.001255,172.217.194.0-255,6797,48534,58,213201
5335,0.001257,172.31.46.0-255,66,48600,58,213201
5336,0.001396,172.217.194.0-255,1484,50084,58,213201
5337,0.001399,172.31.46.0-255,66,50150,58,213201
5338,0.001404,172.217.194.0-255,2902,53052,58,213201
5339,0.001406,172.31.46.0-255,66,53118,58,213201
5340,0.001432,172.217.194.0-255,5738,58856,58,213201
5341,0.001435,172.31.46.0-255,66,58922,58,213201
5342,0.001441,172.217.194.0-255,5738,64660,58,213201
5343,0.001446,172.31.46.0-255,66,64726,58,213201
5344,0.001485,172.217.194.0-255,1738,66464,58,213201
5345,0.001489,172.31.46.0-255,66,66530,58,213201
5346,0.001533,172.217.194.0-255,1484,68014,58,213201
5347,0.001537,172.217.194.0-255,1484,69498,58,213201
5348,0.00154,172.31.46.0-255,66,69564,58,213201
5349,0.001555,172.217.194.0-255,1484,71048,58,213201
5350,0.001562,172.217.194.0-255,5738,76786,58,213201
5351,0.001565,172.31.46.0-255,66,76852,58,213201
5352,0.001594,172.217.194.0-255,6797,83649,58,213201
5353,0.001599,172.31.46.0-255,66,83715,58,213201
5354,0.001788,172.217.194.0-255,1484,85199,58,213201
5355,0.001806,172.217.194.0-255,2902,88101,58,213201
5356,0.00181,172.31.46.0-255,66,88167,58,213201
5357,0.001814,172.217.194.0-255,1484,89651,58,213201
5358,0.001829,172.217.194.0-255,4320,93971,58,213201
5359,0.001831,172.31.46.0-255,66,94037,58,213201
5360,0.001839,172.217.194.0-255,6797,100834,58,213201
5361,0.001841,172.31.46.0-255,66,100900,58,213201
5362,0.001856,172.217.194.0-255,2902,103802,58,213201
5363,0.001859,172.31.46.0-255,66,103868,58,213201
5364,0.001882,172.217.194.0-255,4320,108188,58,213201
5365,0.001885,172.31.46.0-255,66,108254,58,213201
5366,0.001899,172.217.194.0-255,4320,112574,58,213201
5367,0.001902,172.31.46.0-255,66,112640,58,213201
5368,0.001929,172.217.194.0-255,4710,117350,58,213201
5369,0.001933,172.31.46.0-255,66,117416,58,213201
5370,0.002141,172.217.194.0-255,1484,118900,58,213201
5371,0.00215,172.217.194.0-255,2902,121802,58,213201
5372,0.002153,172.31.46.0-255,66,121868,58,213201
5373,0.00216,172.217.194.0-255,5738,127606,58,213201
5374,0.002162,172.31.46.0-255,66,127672,58,213201
5375,0.002191,172.217.194.0-255,2902,130574,58,213201
5376,0.002193,172.31.46.0-255,66,130640,58,213201
5377,0.002209,172.31.46.0-255,66,130706,58,213201
5378,0.002222,172.217.194.0-255,407,131113,58,213201
5379,0.00223,172.217.194.0-255,7156,138269,58,213201
5380,0.002232,172.31.46.0-255,66,138335,58,213201
5381,0.002256,172.217.194.0-255,5738,144073,58,213201
5382,0.002258,172.31.46.0-255,66,144139,58,213201
5383,0.002268,172.31.46.0-255,66,144205,58,213201
5384,0.00229,172.217.194.0-255,6438,150643,58,213201
5385,0.002292,172.31.46.0-255,66,150709,58,213201
5386,0.004637,172.217.194.0-255,4320,155029,58,213201
5387,0.004641,172.31.46.0-255,66,155095,58,213201
5388,0.004658,172.217.194.0-255,1484,156579,58,213201
5389,0.006992,172.217.194.0-255,4320,160899,58,213201
5390,0.007003,172.31.46.0-255,66,160965,58,213201
5391,0.009382,172.217.194.0-255,5738,166703,58,213201
5392,0.009396,172.31.46.0-255,66,166769,58,213201
5393,0.011743,172.217.194.0-255,5738,172507,58,213201
5394,0.011754,172.31.46.0-255,66,172573,58,213201
5395,0.014138,172.217.194.0-255,5738,178311,58,213201
5396,0.01415,172.31.46.0-255,66,178377,58,213201
5397,0.016522,172.217.194.0-255,5738,184115,58,213201
5398,0.016547,172.31.46.0-255,66,184181,58,213201
5399,0.018906,172.217.194.0-255,5738,189919,58,213201
5400,0.018923,172.31.46.0-255,66,189985,58,213201
5401,0.021275,172.217.194.0-255,5738,195723,58,213201
5402,0.021295,172.31.46.0-255,66,195789,58,213201
5403,0.02365,172.217.194.0-255,5738,201527,58,213201
5404,0.023668,172.31.46.0-255,66,201593,58,213201
5405,0.026034,172.217.194.0-255,5738,207331,58,213201
5406,0.026052,172.31.46.0-255,66,207397,58,213201
5407,0.028404,172.217.194.0-255,5738,213135,58,213201
5408,0.028423,172.31.46.0-255,66,213201,58,213201
5409,0.0,172.217.194.0-255,153,153,58,221483
5410,2.5e-05,172.31.46.0-255,66,219,58,221483
5411,3.2e-05,172.217.194.0-255,1484,1703,58,221483
5412,3.7e-05,172.31.46.0-255,66,1769,58,221483
5413,4.3e-05,172.217.194.0-255,2902,4671,58,221483
5414,5.4e-05,172.31.46.0-255,66,4737,58,221483
5415,6.1e-05,172.217.194.0-255,5738,10475,58,221483
5416,6.5e-05,172.31.46.0-255,66,10541,58,221483
5417,7.1e-05,172.217.194.0-255,3429,13970,58,221483
5418,7.4e-05,172.31.46.0-255,66,14036,58,221483
5419,0.000183,172.217.194.0-255,1484,15520,58,221483
5420,0.000187,172.31.46.0-255,66,15586,58,221483
5421,0.000192,172.217.194.0-255,2902,18488,58,221483
5422,0.000195,172.31.46.0-255,66,18554,58,221483
5423,0.000209,172.217.194.0-255,5738,24292,58,221483
5424,0.000212,172.31.46.0-255,66,24358,58,221483
5425,0.000218,172.217.194.0-255,5738,30096,58,221483
5426,0.00022,172.31.46.0-255,66,30162,58,221483
5427,0.000261,172.217.194.0-255,1125,31287,58,221483
5428,0.000264,172.31.46.0-255,66,31353,58,221483
5429,0.000423,172.217.194.0-255,1484,32837,58,221483
5430,0.000427,172.31.46.0-255,66,32903,58,221483
5431,0.000433,172.217.194.0-255,2902,35805,58,221483
5432,0.000435,172.31.46.0-255,66,35871,58,221483
5433,0.00044,172.217.194.0-255,2902,38773,58,221483
5434,0.000448,172.31.46.0-255,66,38839,58,221483
5435,0.000474,172.217.194.0-255,2902,41741,58,221483
5436,0.000481,172.31.46.0-255,66,41807,58,221483
5437,0.000495,172.31.46.0-255,66,41873,58,221483
5438,0.000536,172.31.46.0-255,66,41939,58,221483
5439,0.000633,172.217.194.0-255,364,42303,58,221483
5440,0.000844,172.217.194.0-255,380,42683,58,221483
5441,0.001132,172.31.46.0-255,66,42749,58,221483
5442,0.001188,172.217.194.0-255,1484,44233,58,221483
5443,0.001194,172.217.194.0-255,2902,47135,58,221483
5444,0.00121,172.217.194.0-255,1484,48619,58,221483
5445,0.001227,172.217.194.0-255,4320,52939,58,221483
5446,0.001236,172.217.194.0-255,7156,60095,58,221483
5447,0.001256,172.217.194.0-255,5738,65833,58,221483
5448,0.001258,172.217.194.0-255,1484,67317,58,221483
5449,0.001263,172.31.46.0-255,66,67383,58,221483
5450,0.001303,172.31.46.0-255,66,67449,58,221483
5451,0.001893,172.217.194.0-255,1484,68933,58,221483
5452,0.001931,172.217.194.0-255,2902,71835,58,221483
5453,0.001935,172.31.46.0-255,66,71901,58,221483
5454,0.001944,172.217.194.0-255,5738,77639,58,221483
5455,0.001947,172.217.194.0-255,1484,79123,58,221483
5456,0.001978,172.217.194.0-255,5738,84861,58,221483
5457,0.001991,172.31.46.0-255,66,84927,58,221483
5458,0.002002,172.217.194.0-255,5020,89947,58,221483
5459,0.002038,172.31.46.0-255,66,90013,58,221483
5460,0.002086,172.217.194.0-255,1484,91497,58,221483
5461,0.002104,172.217.194.0-255,2902,94399,58,221483
5462,0.002108,172.31.46.0-255,66,94465,58,221483
5463,0.002127,172.217.194.0-255,4320,98785,58,221483
5464,0.002143,172.31.46.0-255,66,98851,58,221483
5465,0.002147,172.217.194.0-255,1484,100335,58,221483
5466,0.002173,172.31.46.0-255,66,100401,58,221483
5467,0.002215,172.31.46.0-255,66,100467,58,221483
5468,0.002247,172.217.194.0-255,1484,101951,58,221483
5469,0.002267,172.217.194.0-255,4320,106271,58,221483
5470,0.002275,172.217.194.0-255,7156,113427,58,221483
5471,0.002312,172.31.46.0-255,66,113493,58,221483
5472,0.002322,172.217.194.0-255,4320,117813,58,221483
5473,0.002333,172.217.194.0-255,6438,124251,58,221483
5474,0.002372,172.31.46.0-255,66,124317,58,221483
5475,0.00238,172.217.194.0-255,1484,125801,58,221483
5476,0.002388,172.217.194.0-255,2902,128703,58,221483
5477,0.002395,172.217.194.0-255,5738,134441,58,221483
5478,0.002434,172.31.46.0-255,66,134507,58,221483
5479,0.002437,172.217.194.0-255,1484,135991,58,221483
5480,0.002476,172.217.194.0-255,2184,138175,58,221483
5481,0.002484,172.31.46.0-255,66,138241,58,221483
5482,0.002496,172.217.194.0-255,5738,143979,58,221483
5483,0.002519,172.217.194.0-255,5738,149717,58,221483
5484,0.002554,172.217.194.0-255,1484,151201,58,221483
5485,0.00257,172.217.194.0-255,7156,158357,58,221483
5486,0.002627,172.217.194.0-255,5020,163377,58,221483
5487,0.00263,172.217.194.0-255,1484,164861,58,221483
5488,0.002649,172.217.194.0-255,4320,169181,58,221483
5489,0.002969,172.31.46.0-255,66,169247,58,221483
5490,0.005628,172.217.194.0-255,5738,174985,58,221483
5491,0.005638,172.31.46.0-255,66,175051,58,221483
5492,0.008236,172.217.194.0-255,5738,180789,58,221483
5493,0.009715,172.31.46.0-255,66,180855,58,221483
5494,0.012351,172.217.194.0-255,5738,186593,58,221483
5495,0.012364,172.31.46.0-255,66,186659,58,221483
5496,0.015005,172.217.194.0-255,5738,192397,58,221483
5497,0.015019,172.31.46.0-255,66,192463,58,221483
5498,0.017648,172.217.194.0-255,5738,198201,58,221483
5499,0.017662,172.31.46.0-255,66,198267,58,221483
5500,0.020298,172.217.194.0-255,5738,204005,58,221483
5501,0.020309,172.31.46.0-255,66,204071,58,221483
5502,0.022952,172.217.194.0-255,5738,209809,58,221483
5503,0.02296,172.31.46.0-255,66,209875,58,221483
5504,0.025571,172.217.194.0-255,5738,215613,58,221483
5505,0.025578,172.31.46.0-255,66,215679,58,221483
5506,0.028237,172.217.194.0-255,5738,221417,58,221483
5507,0.028248,172.31.46.0-255,66,221483,58,221483
5508,0.0,74.125.200.0-255,153,153,58,316992
5509,2.1e-05,172.31.46.0-255,66,219,58,316992
5510,2.8e-05,74.125.200.0-255,1484,1703,58,316992
5511,3.2e-05,172.31.46.0-255,66,1769,58,316992
5512,3.8e-05,74.125.200.0-255,2902,4671,58,316992
5513,4.1e-05,172.31.46.0-255,66,4737,58,316992
5514,4.6e-05,74.125.200.0-255,2902,7639,58,316992
5515,4.9e-05,172.31.46.0-255,66,7705,58,316992
5516,7.3e-05,74.125.200.0-255,2902,10607,58,316992
5517,7.6e-05,172.31.46.0-255,66,10673,58,316992
5518,8.2e-05,74.125.200.0-255,3397,14070,58,316992
5519,8.4e-05,172.31.46.0-255,66,14136,58,316992
5520,0.000139,74.125.200.0-255,1484,15620,58,316992
5521,0.000141,172.31.46.0-255,66,15686,58,316992
5522,0.000145,74.125.200.0-255,1484,17170,58,316992
5523,0.000147,172.31.46.0-255,66,17236,58,316992
5524,0.000161,74.125.200.0-255,1484,18720,58,316992
5525,0.000164,172.31.46.0-255,66,18786,58,316992
5526,0.000167,74.125.200.0-255,1484,20270,58,316992
5527,0.000169,172.31.46.0-255,66,20336,58,316992
5528,0.000174,74.125.200.0-255,2902,23238,58,316992
5529,0.000176,172.31.46.0-255,66,23304,58,316992
5530,0.000202,74.125.200.0-255,2902,26206,58,316992
5531,0.000204,172.31.46.0-255,66,26272,58,316992
5532,0.000222,74.125.200.0-255,2902,29174,58,316992
5533,0.000225,172.31.46.0-255,66,29240,58,316992
5534,0.000229,74.125.200.0-255,2543,31783,58,316992
5535,0.000231,172.31.46.0-255,66,31849,58,316992
5536,0.000235,74.125.200.0-255,2902,34751,58,316992
5537,0.000237,172.31.46.0-255,66,34817,58,316992
5538,0.000244,74.125.200.0-255,5738,40555,58,316992
5539,0.000246,172.31.46.0-255,66,40621,58,316992
5540,0.00027,74.125.200.0-255,1484,42105,58,316992
5541,0.000279,74.125.200.0-255,6797,48902,58,316992
5542,0.000307,74.125.200.0-255,1484,50386,58,316992
5543,0.000328,74.125.200.0-255,2902,53288,58,316992
5544,0.000354,74.125.200.0-255,5738,59026,58,316992
5545,0.000358,74.125.200.0-255,1484,60510,58,316992
5546,0.000379,74.125.200.0-255,5379,65889,58,316992
5547,0.00039,74.125.200.0-255,390,66279,58,316992
5548,0.000438,74.125.200.0-255,353,66632,58,316992
5549,0.000508,172.31.46.0-255,66,66698,58,316992
5550,0.000728,74.125.200.0-255,1484,68182,58,316992
5551,0.000733,74.125.200.0-255,1484,69666,58,316992
5552,0.000735,172.31.46.0-255,66,69732,58,316992
5553,0.000746,74.125.200.0-255,1484,71216,58,316992
5554,0.000769,74.125.200.0-255,5738,76954,58,316992
5555,0.000773,74.125.200.0-255,2902,79856,58,316992
5556,0.000776,74.125.200.0-255,4320,84176,58,316992
5557,0.000784,172.31.46.0-255,66,84242,58,316992
5558,0.000793,74.125.200.0-255,2902,87144,58,316992
5559,0.000808,74.125.200.0-255,5738,92882,58,316992
5560,0.000811,74.125.200.0-255,1484,94366,58,316992
5561,0.000818,172.31.46.0-255,66,94432,58,316992
5562,0.000841,74.125.200.0-255,6438,100870,58,316992
5563,0.000856,172.31.46.0-255,66,100936,58,316992
5564,0.001396,74.125.200.0-255,1484,102420,58,316992
5565,0.001406,74.125.200.0-255,2902,105322,58,316992
5566,0.001411,172.31.46.0-255,66,105388,58,316992
5567,0.001415,74.125.200.0-255,1484,106872,58,316992
5568,0.00143,74.125.200.0-255,2902,109774,58,316992
5569,0.001433,172.31.46.0-255,66,109840,58,316992
5570,0.001439,74.125.200.0-255,5738,115578,58,316992
5571,0.001441,172.31.46.0-255,66,115644,58,316992
5572,0.001475,172.31.46.0-255,66,115710,58,316992
5573,0.001497,74.125.200.0-255,2902,118612,58,316992
5574,0.001502,74.125.200.0-255,4320,122932,58,316992
5575,0.001553,74.125.200.0-255,3602,126534,58,316992
5576,0.002704,74.125.200.0-255,1484,128018,58,316992
5577,0.002711,74.125.200.0-255,2902,130920,58,316992
5578,0.002732,74.125.200.0-255,2902,133822,58,316992
5579,0.002735,74.125.200.0-255,1484,135306,58,316992
5580,0.002753,74.125.200.0-255,2902,138208,58,316992
5581,0.002757,74.125.200.0-255,2902,141110,58,316992
5582,0.002783,74.125.200.0-255,5738,146848,58,316992
5583,0.002786,74.125.200.0-255,2902,149750,58,316992
5584,0.0028,74.125.200.0-255,4320,154070,58,316992
5585,0.002826,74.125.200.0-255,1484,155554,58,316992
5586,0.002846,74.125.200.0-255,5020,160574,58,316992
5587,0.002947,74.125.200.0-255,1484,162058,58,316992
5588,0.00296,74.125.200.0-255,2902,164960,58,316992
5589,0.002981,74.125.200.0-255,1484,166444,58,316992
5590,0.002994,74.125.200.0-255,2902,169346,58,316992
5591,0.003016,74.125.200.0-255,1484,170830,58,316992
5592,0.003035,74.125.200.0-255,4320,175150,58,316992
5593,0.003042,74.125.200.0-255,7156,182306,58,316992
5594,0.003045,74.125.200.0-255,1484,183790,58,316992
5595,0.003058,74.125.200.0-255,7156,190946,58,316992
5596,0.003072,74.125.200.0-255,1484,192430,58,316992
5597,0.003085,74.125.200.0-255,2184,194614,58,316992
5598,0.003194,74.125.200.0-255,1484,196098,58,316992
5599,0.003208,74.125.200.0-255,2902,199000,58,316992
5600,0.003258,74.125.200.0-255,5738,204738,58,316992
5601,0.003261,74.125.200.0-255,2902,207640,58,316992
5602,0.003266,74.125.200.0-255,4320,211960,58,316992
5603,0.003296,74.125.200.0-255,2902,214862,58,316992
5604,0.003332,74.125.200.0-255,1484,216346,58,316992
5605,0.003348,74.125.200.0-255,3602,219948,58,316992
5606,0.003462,74.125.200.0-255,1484,221432,58,316992
5607,0.003465,74.125.200.0-255,2902,224334,58,316992
5608,0.003486,74.125.200.0-255,2902,227236,58,316992
5609,0.003503,74.125.200.0-255,2902,230138,58,316992
5610,0.003514,74.125.200.0-255,7156,237294,58,316992
5611,0.003552,74.125.200.0-255,5738,243032,58,316992
5612,0.003556,74.125.200.0-255,2184,245216,58,316992
5613,0.003595,74.125.200.0-255,4320,249536,58,316992
5614,0.003628,74.125.200.0-255,5738,255274,58,316992
5615,0.003638,74.125.200.0-255,1484,256758,58,316992
5616,0.003665,74.125.200.0-255,5738,262496,58,316992
5617,0.003679,74.125.200.0-255,3602,266098,58,316992
5618,0.003682,74.125.200.0-255,1484,267582,58,316992
5619,0.003728,74.125.200.0-255,1484,269066,58,316992
5620,0.003743,74.125.200.0-255,7156,276222,58,316992
5621,0.00376,74.125.200.0-255,3602,279824,58,316992
5622,0.003764,74.125.200.0-255,2902,282726,58,316992
5623,0.0038,74.125.200.0-255,4320,287046,58,316992
5624,0.003842,74.125.200.0-255,5738,292784,58,316992
5625,0.003884,74.125.200.0-255,3602,296386,58,316992
5626,0.00389,74.125.200.0-255,4320,300706,58,316992
5627,0.003893,74.125.200.0-255,2902,303608,58,316992
5628,0.00392,74.125.200.0-255,7156,310764,58,316992
5629,0.003977,74.125.200.0-255,5886,316650,58,316992
5630,0.003996,74.125.200.0-255,105,316755,58,316992
5631,0.004447,172.31.46.0-255,66,316821,58,316992
5632,0.006627,172.31.46.0-255,105,316926,58,316992
5633,0.008923,74.125.200.0-255,66,316992,58,316992
5634,0.0,74.125.68.0-255,153,153,58,314746
5635,2.3e-05,172.31.46.0-255,66,219,58,314746
5636,3.1e-05,74.125.68.0-255,1484,1703,58,314746
5637,3.5e-05,172.31.46.0-255,66,1769,58,314746
5638,3.8e-05,74.125.68.0-255,1484,3253,58,314746
5639,4.1e-05,172.31.46.0-255,66,3319,58,314746
5640,4.7e-05,74.125.68.0-255,2902,6221,58,314746
5641,5.1e-05,172.31.46.0-255,66,6287,58,314746
5642,5.7e-05,74.125.68.0-255,5738,12025,58,314746
5643,6e-05,172.31.46.0-255,66,12091,58,314746
5644,8.7e-05,74.125.68.0-255,2080,14171,58,314746
5645,9e-05,172.31.46.0-255,66,14237,58,314746
5646,0.000104,74.125.68.0-255,2902,17139,58,314746
5647,0.000107,172.31.46.0-255,66,17205,58,314746
5648,0.000121,74.125.68.0-255,1484,18689,58,314746
5649,0.000123,172.31.46.0-255,66,18755,58,314746
5650,0.00014,74.125.68.0-255,5738,24493,58,314746
5651,0.000142,172.31.46.0-255,66,24559,58,314746
5652,0.00015,74.125.68.0-255,7156,31715,58,314746
5653,0.000152,172.31.46.0-255,66,31781,58,314746
5654,0.000171,74.125.68.0-255,1484,33265,58,314746
5655,0.000173,172.31.46.0-255,66,33331,58,314746
5656,0.000179,74.125.68.0-255,4320,37651,58,314746
5657,0.000182,172.31.46.0-255,66,37717,58,314746
5658,0.000205,74.125.68.0-255,1484,39201,58,314746
5659,0.000207,172.31.46.0-255,66,39267,58,314746
5660,0.000214,74.125.68.0-255,7156,46423,58,314746
5661,0.000216,172.31.46.0-255,66,46489,58,314746
5662,0.000264,74.125.68.0-255,2184,48673,58,314746
5663,0.000266,172.31.46.0-255,66,48739,58,314746
5664,0.000308,74.125.68.0-255,1484,50223,58,314746
5665,0.000311,172.31.46.0-255,66,50289,58,314746
5666,0.000328,74.125.68.0-255,2902,53191,58,314746
5667,0.00033,172.31.46.0-255,66,53257,58,314746
5668,0.000342,74.125.68.0-255,1484,54741,58,314746
5669,0.000359,74.125.68.0-255,4320,59061,58,314746
5670,0.000362,172.31.46.0-255,66,59127,58,314746
5671,0.000369,74.125.68.0-255,7109,66236,58,314746
5672,0.000371,172.31.46.0-255,66,66302,58,314746
5673,0.0005,74.125.68.0-255,1484,67786,58,314746
5674,0.000505,74.125.68.0-255,2902,70688,58,314746
5675,0.000508,172.31.46.0-255,66,70754,58,314746
5676,0.000532,74.125.68.0-255,4320,75074,58,314746
5677,0.000535,172.31.46.0-255,66,75140,58,314746
5678,0.000559,74.125.68.0-255,1484,76624,58,314746
5679,0.000564,74.125.68.0-255,2902,79526,58,314746
5680,0.000566,172.31.46.0-255,66,79592,58,314746
5681,0.000571,74.125.68.0-255,4320,83912,58,314746
5682,0.000574,172.31.46.0-255,66,83978,58,314746
5683,0.000592,74.125.68.0-255,5738,89716,58,314746
5684,0.000595,172.31.46.0-255,66,89782,58,314746
5685,0.000601,74.125.68.0-255,5738,95520,58,314746
5686,0.000604,172.31.46.0-255,66,95586,58,314746
5687,0.000631,74.125.68.0-255,4320,99906,58,314746
5688,0.000634,172.31.46.0-255,66,99972,58,314746
5689,0.000637,74.125.68.0-255,766,100738,58,314746
5690,0.000679,74.125.68.0-255,342,101080,58,314746
5691,0.000863,74.125.68.0-255,1484,102564,58,314746
5692,0.000868,172.31.46.0-255,66,102630,58,314746
5693,0.000874,74.125.68.0-255,2902,105532,58,314746
5694,0.000876,172.31.46.0-255,66,105598,58,314746
5695,0.00089,74.125.68.0-255,2902,108500,58,314746
5696,0.000893,172.31.46.0-255,66,108566,58,314746
5697,0.000897,74.125.68.0-255,1484,110050,58,314746
5698,0.000922,74.125.68.0-255,2902,112952,58,314746
5699,0.000926,172.31.46.0-255,66,113018,58,314746
5700,0.000933,74.125.68.0-255,5738,118756,58,314746
5701,0.000935,172.31.46.0-255,66,118822,58,314746
5702,0.000949,74.125.68.0-255,2902,121724,58,314746
5703,0.000956,74.125.68.0-255,5738,127462,58,314746
5704,0.00096,74.125.68.0-255,2902,130364,58,314746
5705,0.000965,172.31.46.0-255,66,130430,58,314746
5706,0.000972,172.31.46.0-255,66,130496,58,314746
5707,0.000976,172.31.46.0-255,66,130562,58,314746
5708,0.000983,74.125.68.0-255,4320,134882,58,314746
5709,0.000985,172.31.46.0-255,66,134948,58,314746
5710,0.000988,74.125.68.0-255,766,135714,58,314746
5711,0.001027,74.125.68.0-255,1484,137198,58,314746
5712,0.001031,172.31.46.0-255,66,137264,58,314746
5713,0.001064,74.125.68.0-255,1484,138748,58,314746
5714,0.001089,74.125.68.0-255,2902,141650,58,314746
5715,0.001092,172.31.46.0-255,66,141716,58,314746
5716,0.001114,74.125.68.0-255,4320,146036,58,314746
5717,0.001117,172.31.46.0-255,66,146102,58,314746
5718,0.001133,74.125.68.0-255,5738,151840,58,314746
5719,0.001136,172.31.46.0-255,66,151906,58,314746
5720,0.00116,74.125.68.0-255,2902,154808,58,314746
5721,0.001163,172.31.46.0-255,66,154874,58,314746
5722,0.001169,74.125.68.0-255,5738,160612,58,314746
5723,0.001172,172.31.46.0-255,66,160678,58,314746
5724,0.001179,74.125.68.0-255,7156,167834,58,314746
5725,0.001182,172.31.46.0-255,66,167900,58,314746
5726,0.001207,74.125.68.0-255,2184,170084,58,314746
5727,0.001209,172.31.46.0-255,66,170150,58,314746
5728,0.001214,74.125.68.0-255,2902,173052,58,314746
5729,0.001216,172.31.46.0-255,66,173118,58,314746
5730,0.001243,74.125.68.0-255,2902,176020,58,314746
5731,0.001246,172.31.46.0-255,66,176086,58,314746
5732,0.00128,74.125.68.0-255,4320,180406,58,314746
5733,0.001284,172.31.46.0-255,66,180472,58,314746
5734,0.001288,74.125.68.0-255,4320,184792,58,314746
5735,0.00129,172.31.46.0-255,66,184858,58,314746
5736,0.001297,74.125.68.0-255,5738,190596,58,314746
5737,0.001299,172.31.46.0-255,66,190662,58,314746
5738,0.001335,172.31.46.0-255,66,190728,58,314746
5739,0.001339,74.125.68.0-255,2184,192912,58,314746
5740,0.001341,172.31.46.0-255,66,192978,58,314746
5741,0.001376,74.125.68.0-255,1484,194462,58,314746
5742,0.001389,74.125.68.0-255,2902,197364,58,314746
5743,0.001393,172.31.46.0-255,66,197430,58,314746
5744,0.001397,74.125.68.0-255,2902,200332,58,314746
5745,0.001399,172.31.46.0-255,66,200398,58,314746
5746,0.00142,74.125.68.0-255,4320,204718,58,314746
5747,0.001423,172.31.46.0-255,66,204784,58,314746
5748,0.001449,74.125.68.0-255,4320,209104,58,314746
5749,0.001452,172.31.46.0-255,66,209170,58,314746
5750,0.001476,74.125.68.0-255,4320,213490,58,314746
5751,0.001479,172.31.46.0-255,66,213556,58,314746
5752,0.001511,74.125.68.0-255,5738,219294,58,314746
5753,0.001514,172.31.46.0-255,66,219360,58,314746
5754,0.001521,74.125.68.0-255,7156,226516,58,314746
5755,0.001524,172.31.46.0-255,66,226582,58,314746
5756,0.001526,74.125.68.0-255,766,227348,58,314746
5757,0.00173,74.125.68.0-255,1484,228832,58,314746
5758,0.001734,172.31.46.0-255,66,228898,58,314746
5759,0.00176,74.125.68.0-255,1484,230382,58,314746
5760,0.001763,74.125.68.0-255,1484,231866,58,314746
5761,0.001765,172.31.46.0-255,66,231932,58,314746
5762,0.001784,74.125.68.0-255,1484,233416,58,314746
5763,0.001791,74.125.68.0-255,5738,239154,58,314746
5764,0.001798,172.31.46.0-255,66,239220,58,314746
5765,0.001802,74.125.68.0-255,1484,240704,58,314746
5766,0.00182,74.125.68.0-255,2902,243606,58,314746
5767,0.001822,172.31.46.0-255,66,243672,58,314746
5768,0.001827,74.125.68.0-255,4320,247992,58,314746
5769,0.001829,172.31.46.0-255,66,248058,58,314746
5770,0.001842,74.125.68.0-255,1484,249542,58,314746
5771,0.001853,74.125.68.0-255,1484,251026,58,314746
5772,0.001855,172.31.46.0-255,66,251092,58,314746
5773,0.001887,74.125.68.0-255,766,251858,58,314746
5774,0.001892,172.31.46.0-255,66,251924,58,314746
5775,0.002551,74.125.68.0-255,1484,253408,58,314746
5776,0.002556,172.31.46.0-255,66,253474,58,314746
5777,0.00256,74.125.68.0-255,1484,254958,58,314746
5778,0.002577,74.125.68.0-255,1484,256442,58,314746
5779,0.00258,74.125.68.0-255,1484,257926,58,314746
5780,0.002583,172.31.46.0-255,66,257992,58,314746
5781,0.005104,74.125.68.0-255,1484,259476,58,314746
5782,0.005111,172.31.46.0-255,66,259542,58,314746
5783,0.005134,74.125.68.0-255,2902,262444,58,314746
5784,0.005136,172.31.46.0-255,66,262510,58,314746
5785,0.007678,74.125.68.0-255,5738,268248,58,314746
5786,0.007686,172.31.46.0-255,66,268314,58,314746
5787,0.010248,74.125.68.0-255,5738,274052,58,314746
5788,0.010258,172.31.46.0-255,66,274118,58,314746
5789,0.01282,74.125.68.0-255,5738,279856,58,314746
5790,0.012835,172.31.46.0-255,66,279922,58,314746
5791,0.015415,74.125.68.0-255,5738,285660,58,314746
5792,0.015429,172.31.46.0-255,66,285726,58,314746
5793,0.017985,74.125.68.0-255,5738,291464,58,314746
5794,0.017997,172.31.46.0-255,66,291530,58,314746
5795,0.020562,74.125.68.0-255,5738,297268,58,314746
5796,0.020578,172.31.46.0-255,66,297334,58,314746
5797,0.023128,74.125.68.0-255,5738,303072,58,314746
5798,0.023138,172.31.46.0-255,66,303138,58,314746
5799,0.025717,74.125.68.0-255,5738,308876,58,314746
5800,0.025734,172.31.46.0-255,66,308942,58,314746
5801,0.02829,74.125.68.0-255,5738,314680,58,314746
5802,0.028298,172.31.46.0-255,66,314746,58,314746
5803,0.0,172.217.194.0-255,146,146,58,203289
5804,2.7e-05,172.31.46.0-255,66,212,58,203289
5805,3.5e-05,172.217.194.0-255,1484,1696,58,203289
5806,4e-05,172.31.46.0-255,66,1762,58,203289
5807,4.6e-05,172.217.194.0-255,2902,4664,58,203289
5808,5e-05,172.31.46.0-255,66,4730,58,203289
5809,6.6e-05,172.217.194.0-255,7156,11886,58,203289
5810,7e-05,172.31.46.0-255,66,11952,58,203289
5811,7.6e-05,172.217.194.0-255,4922,16874,58,203289
5812,7.9e-05,172.31.46.0-255,66,16940,58,203289
5813,9.3e-05,172.31.46.0-255,66,17006,58,203289
5814,0.000142,172.217.194.0-255,5738,22744,58,203289
5815,0.000145,172.31.46.0-255,66,22810,58,203289
5816,0.000176,172.217.194.0-255,7156,29966,58,203289
5817,0.000179,172.31.46.0-255,66,30032,58,203289
5818,0.000208,172.217.194.0-255,3961,33993,58,203289
5819,0.000211,172.31.46.0-255,66,34059,58,203289
5820,0.000428,172.217.194.0-255,1484,35543,58,203289
5821,0.000434,172.31.46.0-255,66,35609,58,203289
5822,0.00044,172.217.194.0-255,2902,38511,58,203289
5823,0.000442,172.31.46.0-255,66,38577,58,203289
5824,0.000454,172.217.194.0-255,5738,44315,58,203289
5825,0.000457,172.31.46.0-255,66,44381,58,203289
5826,0.000501,172.217.194.0-255,6797,51178,58,203289
5827,0.000504,172.31.46.0-255,66,51244,58,203289
5828,0.000625,172.217.194.0-255,1484,52728,58,203289
5829,0.000629,172.31.46.0-255,66,52794,58,203289
5830,0.000635,172.217.194.0-255,2902,55696,58,203289
5831,0.000638,172.31.46.0-255,66,55762,58,203289
5832,0.000646,172.217.194.0-255,1484,57246,58,203289
5833,0.000648,172.31.46.0-255,66,57312,58,203289
5834,0.000688,172.217.194.0-255,4320,61632,58,203289
5835,0.000691,172.31.46.0-255,66,61698,58,203289
5836,0.000699,172.217.194.0-255,6797,68495,58,203289
5837,0.000701,172.31.46.0-255,66,68561,58,203289
5838,0.001315,172.217.194.0-255,1484,70045,58,203289
5839,0.001323,172.217.194.0-255,2902,72947,58,203289
5840,0.001327,172.31.46.0-255,66,73013,58,203289
5841,0.001334,172.217.194.0-255,5738,78751,58,203289
5842,0.001336,172.31.46.0-255,66,78817,58,203289
5843,0.001355,172.217.194.0-255,1484,80301,58,203289
5844,0.001389,172.31.46.0-255,66,80367,58,203289
5845,0.001407,172.217.194.0-255,2902,83269,58,203289
5846,0.001413,172.31.46.0-255,66,83335,58,203289
5847,0.001433,172.31.46.0-255,66,83401,58,203289
5848,0.001701,172.217.194.0-255,1484,84885,58,203289
5849,0.001708,172.217.194.0-255,2902,87787,58,203289
5850,0.001711,172.31.46.0-255,66,87853,58,203289
5851,0.001743,172.217.194.0-255,5738,93591,58,203289
5852,0.001746,172.31.46.0-255,66,93657,58,203289
5853,0.001752,172.217.194.0-255,4320,97977,58,203289
5854,0.001754,172.31.46.0-255,66,98043,58,203289
5855,0.001803,172.31.46.0-255,66,98109,58,203289
5856,0.001836,172.31.46.0-255,66,98175,58,203289
5857,0.002017,172.217.194.0-255,1484,99659,58,203289
5858,0.002023,172.217.194.0-255,2902,102561,58,203289
5859,0.002026,172.31.46.0-255,66,102627,58,203289
5860,0.002032,172.217.194.0-255,2902,105529,58,203289
5861,0.002034,172.31.46.0-255,66,105595,58,203289
5862,0.002068,172.217.194.0-255,2902,108497,58,203289
5863,0.00207,172.31.46.0-255,66,108563,58,203289
5864,0.002081,172.31.46.0-255,66,108629,58,203289
5865,0.002113,172.31.46.0-255,66,108695,58,203289
5866,0.002136,172.217.194.0-255,6438,115133,58,203289
5867,0.002139,172.31.46.0-255,66,115199,58,203289
5868,0.002253,172.217.194.0-255,1484,116683,58,203289
5869,0.002257,172.217.194.0-255,1484,118167,58,203289
5870,0.00226,172.31.46.0-255,66,118233,58,203289
5871,0.002288,172.217.194.0-255,1484,119717,58,203289
5872,0.002295,172.217.194.0-255,5738,125455,58,203289
5873,0.002297,172.31.46.0-255,66,125521,58,203289
5874,0.00231,172.31.46.0-255,66,125587,58,203289
5875,0.002339,172.217.194.0-255,2902,128489,58,203289
5876,0.002341,172.31.46.0-255,66,128555,58,203289
5877,0.002347,172.217.194.0-255,5738,134293,58,203289
5878,0.002349,172.31.46.0-255,66,134359,58,203289
5879,0.002378,172.217.194.0-255,5020,139379,58,203289
5880,0.00238,172.31.46.0-255,66,139445,58,203289
5881,0.004674,172.217.194.0-255,5738,145183,58,203289
5882,0.004687,172.31.46.0-255,66,145249,58,203289
5883,0.006965,172.217.194.0-255,5738,150987,58,203289
5884,0.00697,172.31.46.0-255,66,151053,58,203289
5885,0.009247,172.217.194.0-255,5738,156791,58,203289
5886,0.009256,172.31.46.0-255,66,156857,58,203289
5887,0.011557,172.217.194.0-255,5738,162595,58,203289
5888,0.011575,172.31.46.0-255,66,162661,58,203289
5889,0.013859,172.217.194.0-255,5738,168399,58,203289
5890,0.013878,172.31.46.0-255,66,168465,58,203289
5891,0.01619,172.217.194.0-255,5738,174203,58,203289
5892,0.016206,172.31.46.0-255,66,174269,58,203289
5893,0.018502,172.217.194.0-255,5738,180007,58,203289
5894,0.018521,172.31.46.0-255,66,180073,58,203289
5895,0.02082,172.217.194.0-255,5738,185811,58,203289
5896,0.020832,172.31.46.0-255,66,185877,58,203289
5897,0.0232,172.217.194.0-255,5738,191615,58,203289
5898,0.023218,172.31.46.0-255,66,191681,58,203289
5899,0.025518,172.217.194.0-255,5738,197419,58,203289
5900,0.025539,172.31.46.0-255,66,197485,58,203289
5901,0.027827,172.217.194.0-255,5738,203223,58,203289
5902,0.027846,172.31.46.0-255,66,203289,58,203289
5903,0.0,74.125.130.0-255,153,153,58,241221
5904,2.3e-05,172.31.46.0-255,66,219,58,241221
5905,3e-05,74.125.130.0-255,1484,1703,58,241221
5906,3.6e-05,172.31.46.0-255,66,1769,58,241221
5907,4.2e-05,74.125.130.0-255,2902,4671,58,241221
5908,4.6e-05,172.31.46.0-255,66,4737,58,241221
5909,5.1e-05,74.125.130.0-255,4320,9057,58,241221
5910,5.4e-05,172.31.46.0-255,66,9123,58,241221
5911,7.3e-05,74.125.130.0-255,1484,10607,58,241221
5912,7.6e-05,172.31.46.0-255,66,10673,58,241221
5913,0.000108,172.31.46.0-255,66,10739,58,241221
5914,0.000114,74.125.130.0-255,4320,15059,58,241221
5915,0.000116,172.31.46.0-255,66,15125,58,241221
5916,0.000141,74.125.130.0-255,2902,18027,58,241221
5917,0.000144,172.31.46.0-255,66,18093,58,241221
5918,0.000165,74.125.130.0-255,5379,23472,58,241221
5919,0.000167,172.31.46.0-255,66,23538,58,241221
5920,0.000291,74.125.130.0-255,1484,25022,58,241221
5921,0.000295,172.31.46.0-255,66,25088,58,241221
5922,0.000302,74.125.130.0-255,2902,27990,58,241221
5923,0.000304,172.31.46.0-255,66,28056,58,241221
5924,0.000326,74.125.130.0-255,5738,33794,58,241221
5925,0.000329,172.31.46.0-255,66,33860,58,241221
5926,0.000341,74.125.130.0-255,2902,36762,58,241221
5927,0.000344,172.31.46.0-255,66,36828,58,241221
5928,0.000362,74.125.130.0-255,3961,40789,58,241221
5929,0.000365,172.31.46.0-255,66,40855,58,241221
5930,0.000369,74.125.130.0-255,2902,43757,58,241221
5931,0.000371,172.31.46.0-255,66,43823,58,241221
5932,0.000389,74.125.130.0-255,4320,48143,58,241221
5933,0.000392,172.31.46.0-255,66,48209,58,241221
5934,0.000396,74.125.130.0-255,2902,51111,58,241221
5935,0.000398,172.31.46.0-255,66,51177,58,241221
5936,0.000422,74.125.130.0-255,4320,55497,58,241221
5937,0.000425,172.31.46.0-255,66,55563,58,241221
5938,0.000443,74.125.130.0-255,2798,58361,58,241221
5939,0.000445,172.31.46.0-255,66,58427,58,241221
5940,0.000465,74.125.130.0-255,118,58545,58,241221
5941,0.000737,74.125.130.0-255,1484,60029,58,241221
5942,0.000741,172.31.46.0-255,66,60095,58,241221
5943,0.000761,74.125.130.0-255,1484,61579,58,241221
5944,0.00078,74.125.130.0-255,1484,63063,58,241221
5945,0.000782,172.31.46.0-255,66,63129,58,241221
5946,0.000789,74.125.130.0-255,5738,68867,58,241221
5947,0.000791,172.31.46.0-255,66,68933,58,241221
5948,0.000797,74.125.130.0-255,6797,75730,58,241221
5949,0.000799,172.31.46.0-255,66,75796,58,241221
5950,0.000825,74.125.130.0-255,1484,77280,58,241221
5951,0.000837,74.125.130.0-255,2902,80182,58,241221
5952,0.000839,172.31.46.0-255,66,80248,58,241221
5953,0.000853,74.125.130.0-255,1484,81732,58,241221
5954,0.000868,74.125.130.0-255,4320,86052,58,241221
5955,0.000871,172.31.46.0-255,66,86118,58,241221
5956,0.000874,74.125.130.0-255,2902,89020,58,241221
5957,0.000876,172.31.46.0-255,66,89086,58,241221
5958,0.000898,74.125.130.0-255,3961,93047,58,241221
5959,0.0009,172.31.46.0-255,66,93113,58,241221
5960,0.00152,74.125.130.0-255,1484,94597,58,241221
5961,0.001527,74.125.130.0-255,1484,96081,58,241221
5962,0.001531,172.31.46.0-255,66,96147,58,241221
5963,0.001537,74.125.130.0-255,2902,99049,58,241221
5964,0.001539,172.31.46.0-255,66,99115,58,241221
5965,0.00156,74.125.130.0-255,2902,102017,58,241221
5966,0.001562,172.31.46.0-255,66,102083,58,241221
5967,0.00158,74.125.130.0-255,2902,104985,58,241221
5968,0.001582,172.31.46.0-255,66,105051,58,241221
5969,0.0016,74.125.130.0-255,4320,109371,58,241221
5970,0.001601,172.31.46.0-255,66,109437,58,241221
5971,0.001619,74.125.130.0-255,5738,115175,58,241221
5972,0.001621,172.31.46.0-255,66,115241,58,241221
5973,0.001626,74.125.130.0-255,2902,118143,58,241221
5974,0.001627,172.31.46.0-255,66,118209,58,241221
5975,0.001656,172.31.46.0-255,66,118275,58,241221
5976,0.001659,74.125.130.0-255,766,119041,58,241221
5977,0.001767,74.125.130.0-255,1484,120525,58,241221
5978,0.00177,172.31.46.0-255,66,120591,58,241221
5979,0.001774,74.125.130.0-255,1484,122075,58,241221
5980,0.001788,74.125.130.0-255,1484,123559,58,241221
5981,0.00179,172.31.46.0-255,66,123625,58,241221
5982,0.001806,74.125.130.0-255,4320,127945,58,241221
5983,0.001808,172.31.46.0-255,66,128011,58,241221
5984,0.001829,172.31.46.0-255,66,128077,58,241221
5985,0.001845,74.125.130.0-255,2902,130979,58,241221
5986,0.001847,172.31.46.0-255,66,131045,58,241221
5987,0.001882,74.125.130.0-255,4320,135365,58,241221
5988,0.001885,172.31.46.0-255,66,135431,58,241221
5989,0.001935,74.125.130.0-255,2902,138333,58,241221
5990,0.001938,172.31.46.0-255,66,138399,58,241221
5991,0.001953,74.125.130.0-255,2902,141301,58,241221
5992,0.001955,172.31.46.0-255,66,141367,58,241221
5993,0.001989,74.125.130.0-255,3602,144969,58,241221
5994,0.001991,172.31.46.0-255,66,145035,58,241221
5995,0.002212,74.125.130.0-255,1484,146519,58,241221
5996,0.002218,74.125.130.0-255,1484,148003,58,241221
5997,0.002221,172.31.46.0-255,66,148069,58,241221
5998,0.00224,74.125.130.0-255,1484,149553,58,241221
5999,0.002245,74.125.130.0-255,2902,152455,58,241221
6000,0.002247,172.31.46.0-255,66,152521,58,241221
6001,0.002251,74.125.130.0-255,4320,156841,58,241221
6002,0.002253,172.31.46.0-255,66,156907,58,241221
6003,0.002288,172.31.46.0-255,66,156973,58,241221
6004,0.002294,74.125.130.0-255,5738,162711,58,241221
6005,0.002295,172.31.46.0-255,66,162777,58,241221
6006,0.002313,74.125.130.0-255,7156,169933,58,241221
6007,0.00233,172.31.46.0-255,66,169999,58,241221
6008,0.002333,74.125.130.0-255,766,170765,58,241221
6009,0.004629,74.125.130.0-255,4320,175085,58,241221
6010,0.004634,172.31.46.0-255,66,175151,58,241221
6011,0.006941,74.125.130.0-255,5738,180889,58,241221
6012,0.006945,172.31.46.0-255,66,180955,58,241221
6013,0.009252,74.125.130.0-255,5738,186693,58,241221
6014,0.009259,172.31.46.0-255,66,186759,58,241221
6015,0.011556,74.125.130.0-255,5738,192497,58,241221
6016,0.011563,172.31.46.0-255,66,192563,58,241221
6017,0.013861,74.125.130.0-255,5738,198301,58,241221
6018,0.013868,172.31.46.0-255,66,198367,58,241221
6019,0.016172,74.125.130.0-255,5738,204105,58,241221
6020,0.016178,172.31.46.0-255,66,204171,58,241221
6021,0.01849,74.125.130.0-255,5738,209909,58,241221
6022,0.018504,172.31.46.0-255,66,209975,58,241221
6023,0.020811,74.125.130.0-255,5738,215713,58,241221
6024,0.020826,172.31.46.0-255,66,215779,58,241221
6025,0.023179,74.125.130.0-255,5738,221517,58,241221
6026,0.02319,172.31.46.0-255,66,221583,58,241221
6027,0.025489,74.125.130.0-255,5738,227321,58,241221
6028,0.0255,172.31.46.0-255,66,227387,58,241221
6029,0.026974,172.31.46.0-255,172,227559,58,241221
6030,0.02701,172.31.46.0-255,1113,228672,58,241221
6031,0.027078,172.31.46.0-255,1514,230186,58,241221
6032,0.02708,172.31.46.0-255,1514,231700,58,241221
6033,0.027081,172.31.46.0-255,1514,233214,58,241221
6034,0.027082,172.31.46.0-255,1514,234728,58,241221
6035,0.027083,172.31.46.0-255,623,235351,58,241221
6036,0.027807,74.125.130.0-255,5738,241089,58,241221
6037,0.027816,172.31.46.0-255,66,241155,58,241221
6038,0.029155,104.244.42.0-255,66,241221,58,241221
6039,0.0,172.217.194.0-255,153,153,58,237765
6040,1.5e-05,172.31.46.0-255,66,219,58,237765
6041,2.1e-05,172.217.194.0-255,1484,1703,58,237765
6042,2.5e-05,172.31.46.0-255,66,1769,58,237765
6043,3e-05,172.217.194.0-255,2902,4671,58,237765
6044,3.3e-05,172.31.46.0-255,66,4737,58,237765
6045,4.7e-05,172.217.194.0-255,7156,11893,58,237765
6046,5.1e-05,172.31.46.0-255,66,11959,58,237765
6047,5.4e-05,172.217.194.0-255,2059,14018,58,237765
6048,5.7e-05,172.31.46.0-255,66,14084,58,237765
6049,9.2e-05,172.217.194.0-255,4320,18404,58,237765
6050,9.5e-05,172.31.46.0-255,66,18470,58,237765
6051,0.000128,172.217.194.0-255,2902,21372,58,237765
6052,0.00013,172.31.46.0-255,66,21438,58,237765
6053,0.00014,172.31.46.0-255,66,21504,58,237765
6054,0.000143,172.217.194.0-255,1125,22629,58,237765
6055,0.000145,172.31.46.0-255,66,22695,58,237765
6056,0.000349,172.217.194.0-255,1484,24179,58,237765
6057,0.000354,172.31.46.0-255,66,24245,58,237765
6058,0.000359,172.217.194.0-255,2902,27147,58,237765
6059,0.000361,172.31.46.0-255,66,27213,58,237765
6060,0.000365,172.217.194.0-255,2902,30115,58,237765
6061,0.000366,172.31.46.0-255,66,30181,58,237765
6062,0.000386,172.217.194.0-255,2902,33083,58,237765
6063,0.000388,172.31.46.0-255,66,33149,58,237765
6064,0.000413,172.217.194.0-255,2902,36051,58,237765
6065,0.000415,172.31.46.0-255,66,36117,58,237765
6066,0.000449,172.31.46.0-255,66,36183,58,237765
6067,0.000459,172.217.194.0-255,2902,39085,58,237765
6068,0.000461,172.31.46.0-255,66,39151,58,237765
6069,0.000486,172.217.194.0-255,7090,46241,58,237765
6070,0.000489,172.217.194.0-255,395,46636,58,237765
6071,0.000506,172.31.46.0-255,66,46702,58,237765
6072,0.000593,172.217.194.0-255,1484,48186,58,237765
6073,0.000597,172.217.194.0-255,1484,49670,58,237765
6074,0.000602,172.31.46.0-255,66,49736,58,237765
6075,0.000608,172.217.194.0-255,1484,51220,58,237765
6076,0.000628,172.217.194.0-255,5738,56958,58,237765
6077,0.000647,172.31.46.0-255,66,57024,58,237765
6078,0.000661,172.217.194.0-255,2902,59926,58,237765
6079,0.000689,172.31.46.0-255,66,59992,58,237765
6080,0.000729,172.31.46.0-255,66,60058,58,237765
6081,0.000734,172.217.194.0-255,2184,62242,58,237765
6082,0.000756,172.31.46.0-255,66,62308,58,237765
6083,0.000914,172.217.194.0-255,1484,63792,58,237765
6084,0.000944,172.217.194.0-255,2902,66694,58,237765
6085,0.000949,172.217.194.0-255,2902,69596,58,237765
6086,0.000959,172.31.46.0-255,66,69662,58,237765
6087,0.000962,172.217.194.0-255,1484,71146,58,237765
6088,0.000967,172.217.194.0-255,4320,75466,58,237765
6089,0.000989,172.217.194.0-255,4320,79786,58,237765
6090,0.000992,172.31.46.0-255,66,79852,58,237765
6091,0.001032,172.31.46.0-255,66,79918,58,237765
6092,0.001068,172.31.46.0-255,66,79984,58,237765
6093,0.001105,172.217.194.0-255,1484,81468,58,237765
6094,0.00111,172.217.194.0-255,2902,84370,58,237765
6095,0.001124,172.31.46.0-255,66,84436,58,237765
6096,0.001131,172.217.194.0-255,5738,90174,58,237765
6097,0.001133,172.217.194.0-255,1484,91658,58,237765
6098,0.001143,172.31.46.0-255,66,91724,58,237765
6099,0.001175,172.217.194.0-255,2902,94626,58,237765
6100,0.001187,172.217.194.0-255,766,95392,58,237765
6101,0.001204,172.31.46.0-255,66,95458,58,237765
6102,0.001285,172.217.194.0-255,1484,96942,58,237765
6103,0.001291,172.217.194.0-255,2902,99844,58,237765
6104,0.001301,172.217.194.0-255,1484,101328,58,237765
6105,0.001307,172.31.46.0-255,66,101394,58,237765
6106,0.001317,172.217.194.0-255,4320,105714,58,237765
6107,0.00132,172.217.194.0-255,1484,107198,58,237765
6108,0.001326,172.31.46.0-255,66,107264,58,237765
6109,0.001386,172.31.46.0-255,66,107330,58,237765
6110,0.001661,172.217.194.0-255,1484,108814,58,237765
6111,0.001667,172.217.194.0-255,2902,111716,58,237765
6112,0.001675,172.31.46.0-255,66,111782,58,237765
6113,0.001705,172.217.194.0-255,5738,117520,58,237765
6114,0.001712,172.217.194.0-255,7156,124676,58,237765
6115,0.001721,172.31.46.0-255,66,124742,58,237765
6116,0.001725,172.217.194.0-255,1484,126226,58,237765
6117,0.001751,172.31.46.0-255,66,126292,58,237765
6118,0.001798,172.217.194.0-255,5738,132030,58,237765
6119,0.001835,172.217.194.0-255,1484,133514,58,237765
6120,0.001845,172.31.46.0-255,66,133580,58,237765
6121,0.00185,172.217.194.0-255,2902,136482,58,237765
6122,0.001855,172.31.46.0-255,66,136548,58,237765
6123,0.001886,172.217.194.0-255,5738,142286,58,237765
6124,0.001906,172.217.194.0-255,1484,143770,58,237765
6125,0.001917,172.31.46.0-255,66,143836,58,237765
6126,0.001943,172.31.46.0-255,66,143902,58,237765
6127,0.001957,172.217.194.0-255,5738,149640,58,237765
6128,0.002003,172.31.46.0-255,66,149706,58,237765
6129,0.002009,172.31.46.0-255,66,149772,58,237765
6130,0.002032,172.217.194.0-255,1484,151256,58,237765
6131,0.002036,172.217.194.0-255,2902,154158,58,237765
6132,0.002043,172.217.194.0-255,5738,159896,58,237765
6133,0.002046,172.217.194.0-255,1484,161380,58,237765
6134,0.002058,172.217.194.0-255,4320,165700,58,237765
6135,0.002075,172.31.46.0-255,66,165766,58,237765
6136,0.002088,172.217.194.0-255,7156,172922,58,237765
6137,0.002104,172.217.194.0-255,766,173688,58,237765
6138,0.002127,172.31.46.0-255,66,173754,58,237765
6139,0.003273,172.31.46.0-255,101,173855,58,237765
6140,0.004193,172.217.194.0-255,5738,179593,58,237765
6141,0.004198,172.31.46.0-255,66,179659,58,237765
6142,0.00527,172.217.194.0-255,66,179725,58,237765
6143,0.006254,172.217.194.0-255,5738,185463,58,237765
6144,0.009871,172.31.46.0-255,66,185529,58,237765
6145,0.011962,172.217.194.0-255,5738,191267,58,237765
6146,0.011972,172.31.46.0-255,66,191333,58,237765
6147,0.014043,172.217.194.0-255,5738,197071,58,237765
6148,0.01473,172.31.46.0-255,66,197137,58,237765
6149,0.016772,172.217.194.0-255,5738,202875,58,237765
6150,0.016779,172.31.46.0-255,66,202941,58,237765
6151,0.018856,172.217.194.0-255,5738,208679,58,237765
6152,0.018866,172.31.46.0-255,66,208745,58,237765
6153,0.020916,172.217.194.0-255,5738,214483,58,237765
6154,0.020924,172.31.46.0-255,66,214549,58,237765
6155,0.022978,172.217.194.0-255,5738,220287,58,237765
6156,0.022985,172.31.46.0-255,66,220353,58,237765
6157,0.02507,172.217.194.0-255,5738,226091,58,237765
6158,0.025081,172.31.46.0-255,66,226157,58,237765
6159,0.027125,172.217.194.0-255,5738,231895,58,237765
6160,0.027131,172.31.46.0-255,66,231961,58,237765
6161,0.029199,172.217.194.0-255,5738,237699,58,237765
6162,0.029206,172.31.46.0-255,66,237765,58,237765
6163,0.0,74.125.68.0-255,156,156,58,253632
6164,1.6e-05,172.31.46.0-255,66,222,58,253632
6165,2.2e-05,74.125.68.0-255,1484,1706,58,253632
6166,2.8e-05,172.31.46.0-255,66,1772,58,253632
6167,7.1e-05,74.125.68.0-255,1484,3256,58,253632
6168,7.5e-05,172.31.46.0-255,66,3322,58,253632
6169,8.1e-05,74.125.68.0-255,2902,6224,58,253632
6170,8.4e-05,172.31.46.0-255,66,6290,58,253632
6171,9.7e-05,74.125.68.0-255,5738,12028,58,253632
6172,9.9e-05,172.31.46.0-255,66,12094,58,253632
6173,0.000103,74.125.68.0-255,2054,14148,58,253632
6174,0.000106,172.31.46.0-255,66,14214,58,253632
6175,0.000128,74.125.68.0-255,1484,15698,58,253632
6176,0.000135,172.31.46.0-255,66,15764,58,253632
6177,0.000164,74.125.68.0-255,1484,17248,58,253632
6178,0.000166,172.31.46.0-255,66,17314,58,253632
6179,0.000169,74.125.68.0-255,1484,18798,58,253632
6180,0.000171,172.31.46.0-255,66,18864,58,253632
6181,0.000176,74.125.68.0-255,2902,21766,58,253632
6182,0.000183,172.31.46.0-255,66,21832,58,253632
6183,0.000187,74.125.68.0-255,1484,23316,58,253632
6184,0.000189,172.31.46.0-255,66,23382,58,253632
6185,0.000217,74.125.68.0-255,4320,27702,58,253632
6186,0.000219,172.31.46.0-255,66,27768,58,253632
6187,0.000228,74.125.68.0-255,2902,30670,58,253632
6188,0.00023,172.31.46.0-255,66,30736,58,253632
6189,0.000233,74.125.68.0-255,1125,31861,58,253632
6190,0.000235,172.31.46.0-255,66,31927,58,253632
6191,0.000363,74.125.68.0-255,1484,33411,58,253632
6192,0.000367,172.31.46.0-255,66,33477,58,253632
6193,0.000372,74.125.68.0-255,1484,34961,58,253632
6194,0.000374,172.31.46.0-255,66,35027,58,253632
6195,0.000394,74.125.68.0-255,1484,36511,58,253632
6196,0.000398,74.125.68.0-255,1484,37995,58,253632
6197,0.0004,172.31.46.0-255,66,38061,58,253632
6198,0.000404,74.125.68.0-255,1484,39545,58,253632
6199,0.000426,74.125.68.0-255,1484,41029,58,253632
6200,0.000428,172.31.46.0-255,66,41095,58,253632
6201,0.000435,74.125.68.0-255,5738,46833,58,253632
6202,0.000437,172.31.46.0-255,66,46899,58,253632
6203,0.000444,74.125.68.0-255,1484,48383,58,253632
6204,0.000468,74.125.68.0-255,2543,50926,58,253632
6205,0.000471,172.31.46.0-255,66,50992,58,253632
6206,0.000499,74.125.68.0-255,5738,56730,58,253632
6207,0.000501,172.31.46.0-255,66,56796,58,253632
6208,0.000505,74.125.68.0-255,2902,59698,58,253632
6209,0.000507,172.31.46.0-255,66,59764,58,253632
6210,0.000552,74.125.68.0-255,1484,61248,58,253632
6211,0.000573,74.125.68.0-255,5683,66931,58,253632
6212,0.000576,172.31.46.0-255,66,66997,58,253632
6213,0.000579,74.125.68.0-255,117,67114,58,253632
6214,0.000671,74.125.68.0-255,1484,68598,58,253632
6215,0.000676,172.31.46.0-255,66,68664,58,253632
6216,0.000681,74.125.68.0-255,2902,71566,58,253632
6217,0.000683,172.31.46.0-255,66,71632,58,253632
6218,0.000706,74.125.68.0-255,1484,73116,58,253632
6219,0.000711,74.125.68.0-255,2902,76018,58,253632
6220,0.000713,172.31.46.0-255,66,76084,58,253632
6221,0.000749,74.125.68.0-255,5738,81822,58,253632
6222,0.000752,172.31.46.0-255,66,81888,58,253632
6223,0.000756,74.125.68.0-255,1484,83372,58,253632
6224,0.000783,74.125.68.0-255,7156,90528,58,253632
6225,0.000786,172.31.46.0-255,66,90594,58,253632
6226,0.000791,74.125.68.0-255,4320,94914,58,253632
6227,0.000794,172.31.46.0-255,66,94980,58,253632
6228,0.00082,74.125.68.0-255,5738,100718,58,253632
6229,0.000822,172.31.46.0-255,66,100784,58,253632
6230,0.000829,74.125.68.0-255,1030,101814,58,253632
6231,0.000873,74.125.68.0-255,1484,103298,58,253632
6232,0.000876,172.31.46.0-255,66,103364,58,253632
6233,0.000881,74.125.68.0-255,2902,106266,58,253632
6234,0.000883,172.31.46.0-255,66,106332,58,253632
6235,0.000911,74.125.68.0-255,5738,112070,58,253632
6236,0.000914,172.31.46.0-255,66,112136,58,253632
6237,0.00092,74.125.68.0-255,4320,116456,58,253632
6238,0.000922,172.31.46.0-255,66,116522,58,253632
6239,0.000955,74.125.68.0-255,2902,119424,58,253632
6240,0.000958,172.31.46.0-255,66,119490,58,253632
6241,0.00097,172.31.46.0-255,66,119556,58,253632
6242,0.000992,74.125.68.0-255,2902,122458,58,253632
6243,0.000995,172.31.46.0-255,66,122524,58,253632
6244,0.001001,74.125.68.0-255,3602,126126,58,253632
6245,0.001003,172.31.46.0-255,66,126192,58,253632
6246,0.001377,74.125.68.0-255,1484,127676,58,253632
6247,0.001391,74.125.68.0-255,2902,130578,58,253632
6248,0.001394,172.31.46.0-255,66,130644,58,253632
6249,0.001398,74.125.68.0-255,1484,132128,58,253632
6250,0.001438,74.125.68.0-255,2902,135030,58,253632
6251,0.001441,172.31.46.0-255,66,135096,58,253632
6252,0.001448,74.125.68.0-255,5738,140834,58,253632
6253,0.00145,172.31.46.0-255,66,140900,58,253632
6254,0.00146,74.125.68.0-255,4320,145220,58,253632
6255,0.001462,172.31.46.0-255,66,145286,58,253632
6256,0.00149,74.125.68.0-255,5738,151024,58,253632
6257,0.001496,172.31.46.0-255,66,151090,58,253632
6258,0.001507,74.125.68.0-255,1484,152574,58,253632
6259,0.001527,74.125.68.0-255,5738,158312,58,253632
6260,0.001529,172.31.46.0-255,66,158378,58,253632
6261,0.001568,74.125.68.0-255,2184,160562,58,253632
6262,0.001573,172.31.46.0-255,66,160628,58,253632
6263,0.001602,74.125.68.0-255,2902,163530,58,253632
6264,0.001605,172.31.46.0-255,66,163596,58,253632
6265,0.00161,74.125.68.0-255,2902,166498,58,253632
6266,0.001612,172.31.46.0-255,66,166564,58,253632
6267,0.001631,74.125.68.0-255,1484,168048,58,253632
6268,0.001677,74.125.68.0-255,1484,169532,58,253632
6269,0.001681,172.31.46.0-255,66,169598,58,253632
6270,0.001745,74.125.68.0-255,1484,171082,58,253632
6271,0.001808,74.125.68.0-255,1484,172566,58,253632
6272,0.001811,172.31.46.0-255,66,172632,58,253632
6273,0.001839,74.125.68.0-255,2902,175534,58,253632
6274,0.001842,172.31.46.0-255,66,175600,58,253632
6275,0.001868,74.125.68.0-255,5738,181338,58,253632
6276,0.001871,172.31.46.0-255,66,181404,58,253632
6277,0.001875,74.125.68.0-255,2902,184306,58,253632
6278,0.001877,172.31.46.0-255,66,184372,58,253632
6279,0.001942,172.31.46.0-255,66,184438,58,253632
6280,0.001945,74.125.68.0-255,766,185204,58,253632
6281,0.002918,172.31.46.0-255,66,185270,58,253632
6282,0.004218,74.125.68.0-255,4320,189590,58,253632
6283,0.004224,172.31.46.0-255,66,189656,58,253632
6284,0.005185,74.125.68.0-255,1484,191140,58,253632
6285,0.006505,74.125.68.0-255,4320,195460,58,253632
6286,0.006508,172.31.46.0-255,66,195526,58,253632
6287,0.008799,74.125.68.0-255,5738,201264,58,253632
6288,0.008806,172.31.46.0-255,66,201330,58,253632
6289,0.011094,74.125.68.0-255,5738,207068,58,253632
6290,0.011103,172.31.46.0-255,66,207134,58,253632
6291,0.013389,74.125.68.0-255,5738,212872,58,253632
6292,0.013398,172.31.46.0-255,66,212938,58,253632
6293,0.015697,74.125.68.0-255,5738,218676,58,253632
6294,0.015707,172.31.46.0-255,66,218742,58,253632
6295,0.017995,74.125.68.0-255,5738,224480,58,253632
6296,0.018003,172.31.46.0-255,66,224546,58,253632
6297,0.0203,74.125.68.0-255,5738,230284,58,253632
6298,0.020307,172.31.46.0-255,66,230350,58,253632
6299,0.02259,74.125.68.0-255,5738,236088,58,253632
6300,0.022599,172.31.46.0-255,66,236154,58,253632
6301,0.024894,74.125.68.0-255,5738,241892,58,253632
6302,0.024902,172.31.46.0-255,66,241958,58,253632
6303,0.027197,74.125.68.0-255,5738,247696,58,253632
6304,0.027206,172.31.46.0-255,66,247762,58,253632
6305,0.029482,74.125.68.0-255,1484,249246,58,253632
6306,0.029509,74.125.68.0-255,4320,253566,58,253632
6307,0.029515,172.31.46.0-255,66,253632,58,253632
6308,0.0,172.217.194.0-255,148,148,58,183581
6309,3.3e-05,172.31.46.0-255,66,214,58,183581
6310,3.9e-05,172.217.194.0-255,1484,1698,58,183581
6311,4.4e-05,172.31.46.0-255,66,1764,58,183581
6312,4.9e-05,172.217.194.0-255,2902,4666,58,183581
6313,5.1e-05,172.31.46.0-255,66,4732,58,183581
6314,5.7e-05,172.217.194.0-255,4320,9052,58,183581
6315,6e-05,172.31.46.0-255,66,9118,58,183581
6316,7.2e-05,172.31.46.0-255,66,9184,58,183581
6317,0.000109,172.31.46.0-255,66,9250,58,183581
6318,0.000158,172.217.194.0-255,1484,10734,58,183581
6319,0.000161,172.31.46.0-255,66,10800,58,183581
6320,0.000166,172.217.194.0-255,2902,13702,58,183581
6321,0.00017,172.31.46.0-255,66,13768,58,183581
6322,0.000173,172.217.194.0-255,1484,15252,58,183581
6323,0.000176,172.31.46.0-255,66,15318,58,183581
6324,0.000193,172.217.194.0-255,4320,19638,58,183581
6325,0.000196,172.31.46.0-255,66,19704,58,183581
6326,0.000201,172.217.194.0-255,4320,24024,58,183581
6327,0.000203,172.31.46.0-255,66,24090,58,183581
6328,0.00022,172.217.194.0-255,2543,26633,58,183581
6329,0.000222,172.31.46.0-255,66,26699,58,183581
6330,0.000243,172.217.194.0-255,7156,33855,58,183581
6331,0.000246,172.31.46.0-255,66,33921,58,183581
6332,0.000266,172.217.194.0-255,7156,41077,58,183581
6333,0.00027,172.217.194.0-255,2833,43910,58,183581
6334,0.000271,172.31.46.0-255,66,43976,58,183581
6335,0.000272,172.217.194.0-255,367,44343,58,183581
6336,0.000275,172.31.46.0-255,66,44409,58,183581
6337,0.000278,172.31.46.0-255,66,44475,58,183581
6338,0.000439,172.217.194.0-255,1484,45959,58,183581
6339,0.000446,172.217.194.0-255,2902,48861,58,183581
6340,0.000461,172.31.46.0-255,66,48927,58,183581
6341,0.000463,172.217.194.0-255,5738,54665,58,183581
6342,0.000467,172.31.46.0-255,66,54731,58,183581
6343,0.000506,172.31.46.0-255,66,54797,58,183581
6344,0.000509,172.217.194.0-255,2902,57699,58,183581
6345,0.000523,172.31.46.0-255,66,57765,58,183581
6346,0.000527,172.217.194.0-255,5738,63503,58,183581
6347,0.000538,172.31.46.0-255,66,63569,58,183581
6348,0.000563,172.217.194.0-255,5379,68948,58,183581
6349,0.000567,172.31.46.0-255,66,69014,58,183581
6350,0.000814,172.217.194.0-255,1484,70498,58,183581
6351,0.00082,172.217.194.0-255,2902,73400,58,183581
6352,0.000828,172.31.46.0-255,66,73466,58,183581
6353,0.000845,172.217.194.0-255,5738,79204,58,183581
6354,0.00085,172.31.46.0-255,66,79270,58,183581
6355,0.000872,172.31.46.0-255,66,79336,58,183581
6356,0.000879,172.217.194.0-255,7156,86492,58,183581
6357,0.000888,172.31.46.0-255,66,86558,58,183581
6358,0.000901,172.217.194.0-255,3602,90160,58,183581
6359,0.000922,172.31.46.0-255,66,90226,58,183581
6360,0.000999,172.217.194.0-255,1484,91710,58,183581
6361,0.001014,172.217.194.0-255,2902,94612,58,183581
6362,0.001022,172.217.194.0-255,5738,100350,58,183581
6363,0.001032,172.31.46.0-255,66,100416,58,183581
6364,0.001045,172.217.194.0-255,4320,104736,58,183581
6365,0.001058,172.31.46.0-255,66,104802,58,183581
6366,0.001071,172.31.46.0-255,66,104868,58,183581
6367,0.001078,172.217.194.0-255,4320,109188,58,183581
6368,0.001081,172.31.46.0-255,66,109254,58,183581
6369,0.001102,172.217.194.0-255,6438,115692,58,183581
6370,0.001106,172.31.46.0-255,66,115758,58,183581
6371,0.001163,172.217.194.0-255,1484,117242,58,183581
6372,0.001169,172.217.194.0-255,2902,120144,58,183581
6373,0.001179,172.31.46.0-255,66,120210,58,183581
6374,0.001192,172.217.194.0-255,5738,125948,58,183581
6375,0.001196,172.217.194.0-255,2902,128850,58,183581
6376,0.001211,172.31.46.0-255,66,128916,58,183581
6377,0.001227,172.217.194.0-255,1484,130400,58,183581
6378,0.001238,172.31.46.0-255,66,130466,58,183581
6379,0.001263,172.31.46.0-255,66,130532,58,183581
6380,0.001446,172.217.194.0-255,1484,132016,58,183581
6381,0.001463,172.217.194.0-255,2902,134918,58,183581
6382,0.001466,172.31.46.0-255,66,134984,58,183581
6383,0.00147,172.217.194.0-255,1484,136468,58,183581
6384,0.001488,172.217.194.0-255,4320,140788,58,183581
6385,0.001491,172.217.194.0-255,1484,142272,58,183581
6386,0.001501,172.31.46.0-255,66,142338,58,183581
6387,0.001528,172.31.46.0-255,66,142404,58,183581
6388,0.001528,172.217.194.0-255,2902,145306,58,183581
6389,0.001531,172.31.46.0-255,66,145372,58,183581
6390,0.001571,172.31.46.0-255,66,145438,58,183581
6391,0.001578,172.217.194.0-255,1484,146922,58,183581
6392,0.001582,172.217.194.0-255,2902,149824,58,183581
6393,0.001587,172.31.46.0-255,66,149890,58,183581
6394,0.001601,172.217.194.0-255,5738,155628,58,183581
6395,0.001603,172.31.46.0-255,66,155694,58,183581
6396,0.001633,172.31.46.0-255,66,155760,58,183581
6397,0.001645,172.217.194.0-255,1484,157244,58,183581
6398,0.001661,172.31.46.0-255,66,157310,58,183581
6399,0.001678,172.217.194.0-255,4320,161630,58,183581
6400,0.001689,172.31.46.0-255,66,161696,58,183581
6401,0.001725,172.31.46.0-255,66,161762,58,183581
6402,0.001767,172.31.46.0-255,66,161828,58,183581
6403,0.001773,172.217.194.0-255,3602,165430,58,183581
6404,0.001778,172.31.46.0-255,66,165496,58,183581
6405,0.001792,172.31.46.0-255,66,165562,58,183581
6406,0.001802,172.217.194.0-255,4320,169882,58,183581
6407,0.001812,172.31.46.0-255,66,169948,58,183581
6408,0.001833,172.31.46.0-255,66,170014,58,183581
6409,0.00185,172.217.194.0-255,5738,175752,58,183581
6410,0.001856,172.31.46.0-255,66,175818,58,183581
6411,0.001877,172.31.46.0-255,66,175884,58,183581
6412,0.00188,172.31.46.0-255,66,175950,58,183581
6413,0.00191,172.217.194.0-255,5738,181688,58,183581
6414,0.001917,172.31.46.0-255,66,181754,58,183581
6415,0.001927,172.31.46.0-255,66,181820,58,183581
6416,0.001951,172.217.194.0-255,1419,183239,58,183581
6417,0.001962,172.217.194.0-255,105,183344,58,183581
6418,0.003253,172.31.46.0-255,66,183410,58,183581
6419,0.003276,172.31.46.0-255,105,183515,58,183581
6420,0.005598,172.217.194.0-255,66,183581,58,183581
6421,0.0,74.125.24.0-255,153,153,58,259746
6422,1.5e-05,172.31.46.0-255,66,219,58,259746
6423,2.2e-05,74.125.24.0-255,1484,1703,58,259746
6424,2.6e-05,172.31.46.0-255,66,1769,58,259746
6425,3.3e-05,74.125.24.0-255,2902,4671,58,259746
6426,4.4e-05,172.31.46.0-255,66,4737,58,259746
6427,5.3e-05,74.125.24.0-255,7156,11893,58,259746
6428,5.7e-05,172.31.46.0-255,66,11959,58,259746
6429,8.4e-05,74.125.24.0-255,2095,14054,58,259746
6430,8.7e-05,172.31.46.0-255,66,14120,58,259746
6431,0.000167,74.125.24.0-255,1484,15604,58,259746
6432,0.000169,172.31.46.0-255,66,15670,58,259746
6433,0.000174,74.125.24.0-255,2902,18572,58,259746
6434,0.000176,172.31.46.0-255,66,18638,58,259746
6435,0.000204,74.125.24.0-255,5738,24376,58,259746
6436,0.000207,172.31.46.0-255,66,24442,58,259746
6437,0.000226,74.125.24.0-255,6797,31239,58,259746
6438,0.000228,172.31.46.0-255,66,31305,58,259746
6439,0.000232,74.125.24.0-255,2902,34207,58,259746
6440,0.000234,172.31.46.0-255,66,34273,58,259746
6441,0.000255,74.125.24.0-255,4320,38593,58,259746
6442,0.000258,172.31.46.0-255,66,38659,58,259746
6443,0.000298,172.31.46.0-255,66,38725,58,259746
6444,0.001294,74.125.24.0-255,1484,40209,58,259746
6445,0.001302,172.31.46.0-255,66,40275,58,259746
6446,0.001313,74.125.24.0-255,2902,43177,58,259746
6447,0.001315,172.31.46.0-255,66,43243,58,259746
6448,0.001327,74.125.24.0-255,5738,48981,58,259746
6449,0.001329,172.31.46.0-255,66,49047,58,259746
6450,0.001371,74.125.24.0-255,6797,55844,58,259746
6451,0.001374,172.31.46.0-255,66,55910,58,259746
6452,0.001471,74.125.24.0-255,1484,57394,58,259746
6453,0.001489,74.125.24.0-255,2902,60296,58,259746
6454,0.001492,172.31.46.0-255,66,60362,58,259746
6455,0.001498,74.125.24.0-255,4320,64682,58,259746
6456,0.0015,172.31.46.0-255,66,64748,58,259746
6457,0.00152,74.125.24.0-255,1484,66232,58,259746
6458,0.001525,74.125.24.0-255,2902,69134,58,259746
6459,0.001527,172.31.46.0-255,66,69200,58,259746
6460,0.001569,172.31.46.0-255,66,69266,58,259746
6461,0.00158,172.31.46.0-255,66,69332,58,259746
6462,0.001587,74.125.24.0-255,1125,70457,58,259746
6463,0.001996,74.125.24.0-255,1484,71941,58,259746
6464,0.001999,172.31.46.0-255,66,72007,58,259746
6465,0.002004,74.125.24.0-255,2902,74909,58,259746
6466,0.002007,172.31.46.0-255,66,74975,58,259746
6467,0.002035,74.125.24.0-255,5738,80713,58,259746
6468,0.002038,172.31.46.0-255,66,80779,58,259746
6469,0.002065,74.125.24.0-255,6682,87461,58,259746
6470,0.002068,172.31.46.0-255,66,87527,58,259746
6471,0.002072,74.125.24.0-255,198,87725,58,259746
6472,0.002116,74.125.24.0-255,1484,89209,58,259746
6473,0.002119,172.31.46.0-255,66,89275,58,259746
6474,0.002143,74.125.24.0-255,2902,92177,58,259746
6475,0.002146,172.31.46.0-255,66,92243,58,259746
6476,0.002152,74.125.24.0-255,4320,96563,58,259746
6477,0.002154,172.31.46.0-255,66,96629,58,259746
6478,0.002179,74.125.24.0-255,1484,98113,58,259746
6479,0.002186,74.125.24.0-255,5738,103851,58,259746
6480,0.002188,172.31.46.0-255,66,103917,58,259746
6481,0.002214,74.125.24.0-255,1484,105401,58,259746
6482,0.002221,74.125.24.0-255,5738,111139,58,259746
6483,0.002223,172.31.46.0-255,66,111205,58,259746
6484,0.002226,74.125.24.0-255,1484,112689,58,259746
6485,0.002251,74.125.24.0-255,5738,118427,58,259746
6486,0.002254,172.31.46.0-255,66,118493,58,259746
6487,0.00226,74.125.24.0-255,3602,122095,58,259746
6488,0.002262,172.31.46.0-255,66,122161,58,259746
6489,0.00253,74.125.24.0-255,1484,123645,58,259746
6490,0.002535,74.125.24.0-255,2902,126547,58,259746
6491,0.002537,172.31.46.0-255,66,126613,58,259746
6492,0.002543,74.125.24.0-255,4320,130933,58,259746
6493,0.002546,172.31.46.0-255,66,130999,58,259746
6494,0.002575,74.125.24.0-255,1484,132483,58,259746
6495,0.002589,172.31.46.0-255,66,132549,58,259746
6496,0.002612,74.125.24.0-255,7156,139705,58,259746
6497,0.002614,172.31.46.0-255,66,139771,58,259746
6498,0.002641,74.125.24.0-255,3602,143373,58,259746
6499,0.002643,172.31.46.0-255,66,143439,58,259746
6500,0.002773,74.125.24.0-255,1484,144923,58,259746
6501,0.002778,74.125.24.0-255,2902,147825,58,259746
6502,0.002781,172.31.46.0-255,66,147891,58,259746
6503,0.002809,74.125.24.0-255,5738,153629,58,259746
6504,0.002812,172.31.46.0-255,66,153695,58,259746
6505,0.002816,74.125.24.0-255,2902,156597,58,259746
6506,0.002818,172.31.46.0-255,66,156663,58,259746
6507,0.002834,172.31.46.0-255,66,156729,58,259746
6508,0.002858,74.125.24.0-255,1484,158213,58,259746
6509,0.002862,74.125.24.0-255,2902,161115,58,259746
6510,0.002868,172.31.46.0-255,66,161181,58,259746
6511,0.002902,172.31.46.0-255,66,161247,58,259746
6512,0.003041,74.125.24.0-255,1484,162731,58,259746
6513,0.003045,74.125.24.0-255,1484,164215,58,259746
6514,0.003047,172.31.46.0-255,66,164281,58,259746
6515,0.003071,74.125.24.0-255,1484,165765,58,259746
6516,0.003077,74.125.24.0-255,5738,171503,58,259746
6517,0.00308,172.31.46.0-255,66,171569,58,259746
6518,0.003085,74.125.24.0-255,4320,175889,58,259746
6519,0.003088,172.31.46.0-255,66,175955,58,259746
6520,0.003103,74.125.24.0-255,2902,178857,58,259746
6521,0.003105,172.31.46.0-255,66,178923,58,259746
6522,0.003142,172.31.46.0-255,66,178989,58,259746
6523,0.003157,74.125.24.0-255,3602,182591,58,259746
6524,0.003161,172.31.46.0-255,66,182657,58,259746
6525,0.00345,74.125.24.0-255,1484,184141,58,259746
6526,0.003458,74.125.24.0-255,2902,187043,58,259746
6527,0.003462,172.31.46.0-255,66,187109,58,259746
6528,0.003483,74.125.24.0-255,5738,192847,58,259746
6529,0.003486,172.31.46.0-255,66,192913,58,259746
6530,0.003523,172.31.46.0-255,66,192979,58,259746
6531,0.003531,74.125.24.0-255,7156,200135,58,259746
6532,0.003534,172.31.46.0-255,66,200201,58,259746
6533,0.003595,74.125.24.0-255,3602,203803,58,259746
6534,0.003598,172.31.46.0-255,66,203869,58,259746
6535,0.003621,74.125.24.0-255,1484,205353,58,259746
6536,0.003626,74.125.24.0-255,2902,208255,58,259746
6537,0.003629,172.31.46.0-255,66,208321,58,259746
6538,0.003632,74.125.24.0-255,1484,209805,58,259746
6539,0.003658,74.125.24.0-255,4320,214125,58,259746
6540,0.003661,172.31.46.0-255,66,214191,58,259746
6541,0.003694,172.31.46.0-255,66,214257,58,259746
6542,0.003697,74.125.24.0-255,1484,215741,58,259746
6543,0.003731,74.125.24.0-255,4320,220061,58,259746
6544,0.003734,172.31.46.0-255,66,220127,58,259746
6545,0.003771,172.31.46.0-255,66,220193,58,259746
6546,0.003821,74.125.24.0-255,1484,221677,58,259746
6547,0.003826,74.125.24.0-255,2902,224579,58,259746
6548,0.003829,172.31.46.0-255,66,224645,58,259746
6549,0.003832,74.125.24.0-255,1484,226129,58,259746
6550,0.003857,74.125.24.0-255,4320,230449,58,259746
6551,0.00386,172.31.46.0-255,66,230515,58,259746
6552,0.003864,74.125.24.0-255,2902,233417,58,259746
6553,0.003866,172.31.46.0-255,66,233483,58,259746
6554,0.003896,172.31.46.0-255,66,233549,58,259746
6555,0.003903,74.125.24.0-255,7156,240705,58,259746
6556,0.003906,172.31.46.0-255,66,240771,58,259746
6557,0.003929,74.125.24.0-255,3602,244373,58,259746
6558,0.003931,172.31.46.0-255,66,244439,58,259746
6559,0.003955,74.125.24.0-255,2902,247341,58,259746
6560,0.003957,172.31.46.0-255,66,247407,58,259746
6561,0.003983,74.125.24.0-255,1484,248891,58,259746
6562,0.004011,172.31.46.0-255,66,248957,58,259746
6563,0.004041,74.125.24.0-255,1484,250441,58,259746
6564,0.004055,172.31.46.0-255,66,250507,58,259746
6565,0.004074,172.31.46.0-255,66,250573,58,259746
6566,0.004081,74.125.24.0-255,5738,256311,58,259746
6567,0.004084,172.31.46.0-255,66,256377,58,259746
6568,0.00411,74.125.24.0-255,2860,259237,58,259746
6569,0.004116,172.31.46.0-255,66,259303,58,259746
6570,0.004119,74.125.24.0-255,105,259408,58,259746
6571,0.005523,172.31.46.0-255,101,259509,58,259746
6572,0.006648,172.31.46.0-255,105,259614,58,259746
6573,0.007622,74.125.24.0-255,66,259680,58,259746
6574,0.008717,74.125.24.0-255,66,259746,58,259746
6575,0.0,74.125.200.0-255,152,152,58,162972
6576,2.4e-05,172.31.46.0-255,66,218,58,162972
6577,6e-05,74.125.200.0-255,1484,1702,58,162972
6578,6.4e-05,172.31.46.0-255,66,1768,58,162972
6579,7e-05,74.125.200.0-255,2902,4670,58,162972
6580,7.4e-05,172.31.46.0-255,66,4736,58,162972
6581,0.000111,74.125.200.0-255,5738,10474,58,162972
6582,0.000114,172.31.46.0-255,66,10540,58,162972
6583,0.000119,74.125.200.0-255,3471,14011,58,162972
6584,0.000121,172.31.46.0-255,66,14077,58,162972
6585,0.000174,74.125.200.0-255,7156,21233,58,162972
6586,0.000177,172.31.46.0-255,66,21299,58,162972
6587,0.000197,74.125.200.0-255,2902,24201,58,162972
6588,0.0002,172.31.46.0-255,66,24267,58,162972
6589,0.000206,74.125.200.0-255,5738,30005,58,162972
6590,0.000208,172.31.46.0-255,66,30071,58,162972
6591,0.000222,74.125.200.0-255,1125,31196,58,162972
6592,0.000225,172.31.46.0-255,66,31262,58,162972
6593,0.000258,74.125.200.0-255,2902,34164,58,162972
6594,0.000261,172.31.46.0-255,66,34230,58,162972
6595,0.000278,74.125.200.0-255,1484,35714,58,162972
6596,0.000281,172.31.46.0-255,66,35780,58,162972
6597,0.000287,74.125.200.0-255,5738,41518,58,162972
6598,0.00029,172.31.46.0-255,66,41584,58,162972
6599,0.000318,74.125.200.0-255,6797,48381,58,162972
6600,0.000322,172.31.46.0-255,66,48447,58,162972
6601,0.000578,74.125.200.0-255,1484,49931,58,162972
6602,0.000583,172.31.46.0-255,66,49997,58,162972
6603,0.000589,74.125.200.0-255,2902,52899,58,162972
6604,0.000592,172.31.46.0-255,66,52965,58,162972
6605,0.000599,74.125.200.0-255,5738,58703,58,162972
6606,0.000602,172.31.46.0-255,66,58769,58,162972
6607,0.000605,74.125.200.0-255,1484,60253,58,162972
6608,0.000664,74.125.200.0-255,5726,65979,58,162972
6609,0.000684,172.31.46.0-255,66,66045,58,162972
6610,0.00125,74.125.200.0-255,329,66374,58,162972
6611,0.001574,74.125.200.0-255,1484,67858,58,162972
6612,0.001582,172.31.46.0-255,66,67924,58,162972
6613,0.001589,74.125.200.0-255,2902,70826,58,162972
6614,0.001594,74.125.200.0-255,2902,73728,58,162972
6615,0.001617,74.125.200.0-255,2902,76630,58,162972
6616,0.001623,74.125.200.0-255,4320,80950,58,162972
6617,0.001642,74.125.200.0-255,2543,83493,58,162972
6618,0.001696,74.125.200.0-255,1484,84977,58,162972
6619,0.001701,74.125.200.0-255,2902,87879,58,162972
6620,0.001755,74.125.200.0-255,5738,93617,58,162972
6621,0.00178,74.125.200.0-255,4320,97937,58,162972
6622,0.001798,74.125.200.0-255,2543,100480,58,162972
6623,0.002386,74.125.200.0-255,1484,101964,58,162972
6624,0.002391,74.125.200.0-255,2902,104866,58,162972
6625,0.005549,172.31.46.0-255,66,104932,58,162972
6626,0.007887,74.125.200.0-255,5738,110670,58,162972
6627,0.007896,172.31.46.0-255,66,110736,58,162972
6628,0.01022,74.125.200.0-255,5738,116474,58,162972
6629,0.010228,172.31.46.0-255,66,116540,58,162972
6630,0.012571,74.125.200.0-255,5738,122278,58,162972
6631,0.013524,172.31.46.0-255,66,122344,58,162972
6632,0.015878,74.125.200.0-255,5738,128082,58,162972
6633,0.015896,172.31.46.0-255,66,128148,58,162972
6634,0.01822,74.125.200.0-255,5738,133886,58,162972
6635,0.018231,172.31.46.0-255,66,133952,58,162972
6636,0.020562,74.125.200.0-255,5738,139690,58,162972
6637,0.020573,172.31.46.0-255,66,139756,58,162972
6638,0.022899,74.125.200.0-255,5738,145494,58,162972
6639,0.022909,172.31.46.0-255,66,145560,58,162972
6640,0.025231,74.125.200.0-255,5738,151298,58,162972
6641,0.025243,172.31.46.0-255,66,151364,58,162972
6642,0.027569,74.125.200.0-255,5738,157102,58,162972
6643,0.02758,172.31.46.0-255,66,157168,58,162972
6644,0.029912,74.125.200.0-255,5738,162906,58,162972
6645,0.029928,172.31.46.0-255,66,162972,58,162972
6646,0.0,74.125.68.0-255,153,153,58,161240
6647,2.2e-05,172.31.46.0-255,66,219,58,161240
6648,3e-05,74.125.68.0-255,1484,1703,58,161240
6649,3.5e-05,172.31.46.0-255,66,1769,58,161240
6650,3.8e-05,74.125.68.0-255,1484,3253,58,161240
6651,4e-05,172.31.46.0-255,66,3319,58,161240
6652,5.3e-05,74.125.68.0-255,2902,6221,58,161240
6653,5.6e-05,172.31.46.0-255,66,6287,58,161240
6654,6.2e-05,74.125.68.0-255,5738,12025,58,161240
6655,6.5e-05,172.31.46.0-255,66,12091,58,161240
6656,8.7e-05,74.125.68.0-255,2006,14097,58,161240
6657,8.9e-05,172.31.46.0-255,66,14163,58,161240
6658,0.000189,74.125.68.0-255,1484,15647,58,161240
6659,0.000194,172.31.46.0-255,66,15713,58,161240
6660,0.000199,74.125.68.0-255,2902,18615,58,161240
6661,0.000201,172.31.46.0-255,66,18681,58,161240
6662,0.000221,74.125.68.0-255,2902,21583,58,161240
6663,0.000227,172.31.46.0-255,66,21649,58,161240
6664,0.000256,74.125.68.0-255,2902,24551,58,161240
6665,0.000259,172.31.46.0-255,66,24617,58,161240
6666,0.000263,74.125.68.0-255,2902,27519,58,161240
6667,0.000265,172.31.46.0-255,66,27585,58,161240
6668,0.00027,74.125.68.0-255,3961,31546,58,161240
6669,0.000272,172.31.46.0-255,66,31612,58,161240
6670,0.00032,74.125.68.0-255,5738,37350,58,161240
6671,0.000324,172.31.46.0-255,66,37416,58,161240
6672,0.000332,74.125.68.0-255,7156,44572,58,161240
6673,0.000334,172.31.46.0-255,66,44638,58,161240
6674,0.000343,74.125.68.0-255,3961,48599,58,161240
6675,0.000345,172.31.46.0-255,66,48665,58,161240
6676,0.000429,74.125.68.0-255,1484,50149,58,161240
6677,0.000432,172.31.46.0-255,66,50215,58,161240
6678,0.000438,74.125.68.0-255,2902,53117,58,161240
6679,0.00044,172.31.46.0-255,66,53183,58,161240
6680,0.00047,74.125.68.0-255,5738,58921,58,161240
6681,0.000473,172.31.46.0-255,66,58987,58,161240
6682,0.000476,74.125.68.0-255,1484,60471,58,161240
6683,0.00051,74.125.68.0-255,5379,65850,58,161240
6684,0.000513,172.31.46.0-255,66,65916,58,161240
6685,0.000658,74.125.68.0-255,646,66562,58,161240
6686,0.001044,74.125.68.0-255,1484,68046,58,161240
6687,0.001049,172.31.46.0-255,66,68112,58,161240
6688,0.001055,74.125.68.0-255,2902,71014,58,161240
6689,0.001057,172.31.46.0-255,66,71080,58,161240
6690,0.001084,74.125.68.0-255,5738,76818,58,161240
6691,0.001091,172.31.46.0-255,66,76884,58,161240
6692,0.001123,74.125.68.0-255,7156,84040,58,161240
6693,0.001126,172.31.46.0-255,66,84106,58,161240
6694,0.001133,74.125.68.0-255,5738,89844,58,161240
6695,0.001135,172.31.46.0-255,66,89910,58,161240
6696,0.001161,74.125.68.0-255,2902,92812,58,161240
6697,0.001165,172.31.46.0-255,66,92878,58,161240
6698,0.00118,172.31.46.0-255,66,92944,58,161240
6699,0.003417,74.125.68.0-255,4320,97264,58,161240
6700,0.003427,172.31.46.0-255,66,97330,58,161240
6701,0.003455,74.125.68.0-255,1484,98814,58,161240
6702,0.005685,74.125.68.0-255,4320,103134,58,161240
6703,0.005688,172.31.46.0-255,66,103200,58,161240
6704,0.007951,74.125.68.0-255,5738,108938,58,161240
6705,0.007968,172.31.46.0-255,66,109004,58,161240
6706,0.010219,74.125.68.0-255,5738,114742,58,161240
6707,0.010237,172.31.46.0-255,66,114808,58,161240
6708,0.012508,74.125.68.0-255,5738,120546,58,161240
6709,0.012526,172.31.46.0-255,66,120612,58,161240
6710,0.014795,74.125.68.0-255,5738,126350,58,161240
6711,0.01481,172.31.46.0-255,66,126416,58,161240
6712,0.017069,74.125.68.0-255,5738,132154,58,161240
6713,0.017085,172.31.46.0-255,66,132220,58,161240
6714,0.019336,74.125.68.0-255,5738,137958,58,161240
6715,0.01935,172.31.46.0-255,66,138024,58,161240
6716,0.021648,74.125.68.0-255,5738,143762,58,161240
6717,0.021666,172.31.46.0-255,66,143828,58,161240
6718,0.023908,74.125.68.0-255,5738,149566,58,161240
6719,0.023918,172.31.46.0-255,66,149632,58,161240
6720,0.026164,74.125.68.0-255,5738,155370,58,161240
6721,0.02618,172.31.46.0-255,66,155436,58,161240
6722,0.028431,74.125.68.0-255,5738,161174,58,161240
6723,0.028441,172.31.46.0-255,66,161240,58,161240
6724,0.0,74.125.24.0-255,152,152,58,153104
6725,2.3e-05,172.31.46.0-255,66,218,58,153104
6726,3e-05,74.125.24.0-255,1484,1702,58,153104
6727,3.3e-05,172.31.46.0-255,66,1768,58,153104
6728,3.9e-05,74.125.24.0-255,2902,4670,58,153104
6729,4.2e-05,172.31.46.0-255,66,4736,58,153104
6730,4.6e-05,74.125.24.0-255,1484,6220,58,153104
6731,4.9e-05,172.31.46.0-255,66,6286,58,153104
6732,8.9e-05,172.31.46.0-255,66,6352,58,153104
6733,0.000101,172.31.46.0-255,66,6418,58,153104
6734,0.00014,74.125.24.0-255,2902,9320,58,153104
6735,0.000142,172.31.46.0-255,66,9386,58,153104
6736,0.000161,74.125.24.0-255,2543,11929,58,153104
6737,0.000164,172.31.46.0-255,66,11995,58,153104
6738,0.000293,74.125.24.0-255,1484,13479,58,153104
6739,0.000297,172.31.46.0-255,66,13545,58,153104
6740,0.000303,74.125.24.0-255,2902,16447,58,153104
6741,0.000306,172.31.46.0-255,66,16513,58,153104
6742,0.000312,74.125.24.0-255,5738,22251,58,153104
6743,0.000315,172.31.46.0-255,66,22317,58,153104
6744,0.000355,172.31.46.0-255,66,22383,58,153104
6745,0.000394,172.31.46.0-255,66,22449,58,153104
6746,0.000415,74.125.24.0-255,5653,28102,58,153104
6747,0.000417,172.31.46.0-255,66,28168,58,153104
6748,0.000817,74.125.24.0-255,133,28301,58,153104
6749,0.000822,172.31.46.0-255,66,28367,58,153104
6750,0.000965,74.125.24.0-255,1484,29851,58,153104
6751,0.000969,172.31.46.0-255,66,29917,58,153104
6752,0.000975,74.125.24.0-255,2902,32819,58,153104
6753,0.000978,74.125.24.0-255,1484,34303,58,153104
6754,0.000984,172.31.46.0-255,66,34369,58,153104
6755,0.000996,74.125.24.0-255,4320,38689,58,153104
6756,0.000998,74.125.24.0-255,1484,40173,58,153104
6757,0.001002,172.31.46.0-255,66,40239,58,153104
6758,0.001016,74.125.24.0-255,2902,43141,58,153104
6759,0.001038,74.125.24.0-255,6797,49938,58,153104
6760,0.001044,74.125.24.0-255,4320,54258,58,153104
6761,0.00105,172.31.46.0-255,66,54324,58,153104
6762,0.001079,172.31.46.0-255,66,54390,58,153104
6763,0.001597,74.125.24.0-255,1484,55874,58,153104
6764,0.001607,74.125.24.0-255,2902,58776,58,153104
6765,0.001611,172.31.46.0-255,66,58842,58,153104
6766,0.001619,74.125.24.0-255,5738,64580,58,153104
6767,0.001694,74.125.24.0-255,1883,66463,58,153104
6768,0.001889,74.125.24.0-255,1484,67947,58,153104
6769,0.001897,74.125.24.0-255,2902,70849,58,153104
6770,0.001899,74.125.24.0-255,1484,72333,58,153104
6771,0.001921,74.125.24.0-255,4320,76653,58,153104
6772,0.001957,74.125.24.0-255,4320,80973,58,153104
6773,0.001977,74.125.24.0-255,1484,82457,58,153104
6774,0.00198,74.125.24.0-255,766,83223,58,153104
6775,0.003646,172.31.46.0-255,66,83289,58,153104
6776,0.00383,172.31.46.0-255,101,83390,58,153104
6777,0.005657,74.125.24.0-255,5738,89128,58,153104
6778,0.005661,172.31.46.0-255,66,89194,58,153104
6779,0.005782,74.125.24.0-255,66,89260,58,153104
6780,0.007624,74.125.24.0-255,5738,94998,58,153104
6781,0.008003,172.31.46.0-255,66,95064,58,153104
6782,0.00996,74.125.24.0-255,5738,100802,58,153104
6783,0.009966,172.31.46.0-255,66,100868,58,153104
6784,0.011922,74.125.24.0-255,5738,106606,58,153104
6785,0.011931,172.31.46.0-255,66,106672,58,153104
6786,0.013909,74.125.24.0-255,5738,112410,58,153104
6787,0.013916,172.31.46.0-255,66,112476,58,153104
6788,0.015894,74.125.24.0-255,5738,118214,58,153104
6789,0.017006,172.31.46.0-255,66,118280,58,153104
6790,0.019013,74.125.24.0-255,5738,124018,58,153104
6791,0.019021,172.31.46.0-255,66,124084,58,153104
6792,0.021001,74.125.24.0-255,5738,129822,58,153104
6793,0.021009,172.31.46.0-255,66,129888,58,153104
6794,0.022979,74.125.24.0-255,5738,135626,58,153104
6795,0.022987,172.31.46.0-255,66,135692,58,153104
6796,0.024977,74.125.24.0-255,5738,141430,58,153104
6797,0.024985,172.31.46.0-255,66,141496,58,153104
6798,0.026966,74.125.24.0-255,5738,147234,58,153104
6799,0.026974,172.31.46.0-255,66,147300,58,153104
6800,0.028959,74.125.24.0-255,5738,153038,58,153104
6801,0.02897,172.31.46.0-255,66,153104,58,153104
6802,0.0,74.125.68.0-255,188,188,58,166297
6803,2.2e-05,172.31.46.0-255,66,254,58,166297
6804,2.9e-05,74.125.68.0-255,1484,1738,58,166297
6805,3.3e-05,172.31.46.0-255,66,1804,58,166297
6806,3.9e-05,74.125.68.0-255,2902,4706,58,166297
6807,4.4e-05,172.31.46.0-255,66,4772,58,166297
6808,4.9e-05,74.125.68.0-255,2902,7674,58,166297
6809,5.2e-05,172.31.46.0-255,66,7740,58,166297
6810,5.5e-05,74.125.68.0-255,1484,9224,58,166297
6811,5.8e-05,172.31.46.0-255,66,9290,58,166297
6812,8.3e-05,74.125.68.0-255,2902,12192,58,166297
6813,8.6e-05,172.31.46.0-255,66,12258,58,166297
6814,8.9e-05,74.125.68.0-255,2083,14341,58,166297
6815,9.1e-05,172.31.46.0-255,66,14407,58,166297
6816,0.000632,74.125.68.0-255,1484,15891,58,166297
6817,0.000639,172.31.46.0-255,66,15957,58,166297
6818,0.000649,74.125.68.0-255,2902,18859,58,166297
6819,0.000652,172.31.46.0-255,66,18925,58,166297
6820,0.000657,74.125.68.0-255,2902,21827,58,166297
6821,0.000659,172.31.46.0-255,66,21893,58,166297
6822,0.000683,74.125.68.0-255,2902,24795,58,166297
6823,0.000686,172.31.46.0-255,66,24861,58,166297
6824,0.000695,74.125.68.0-255,6797,31658,58,166297
6825,0.000698,172.31.46.0-255,66,31724,58,166297
6826,0.00096,74.125.68.0-255,1484,33208,58,166297
6827,0.000966,172.31.46.0-255,66,33274,58,166297
6828,0.000971,74.125.68.0-255,1484,34758,58,166297
6829,0.000973,172.31.46.0-255,66,34824,58,166297
6830,0.000979,74.125.68.0-255,2902,37726,58,166297
6831,0.000981,172.31.46.0-255,66,37792,58,166297
6832,0.000985,74.125.68.0-255,2902,40694,58,166297
6833,0.000988,172.31.46.0-255,66,40760,58,166297
6834,0.001013,74.125.68.0-255,2902,43662,58,166297
6835,0.001016,172.31.46.0-255,66,43728,58,166297
6836,0.001022,74.125.68.0-255,5379,49107,58,166297
6837,0.001025,172.31.46.0-255,66,49173,58,166297
6838,0.001029,74.125.68.0-255,2902,52075,58,166297
6839,0.001031,172.31.46.0-255,66,52141,58,166297
6840,0.001054,74.125.68.0-255,2902,55043,58,166297
6841,0.001057,172.31.46.0-255,66,55109,58,166297
6842,0.001074,74.125.68.0-255,4320,59429,58,166297
6843,0.001077,172.31.46.0-255,66,59495,58,166297
6844,0.001102,74.125.68.0-255,6797,66292,58,166297
6845,0.001106,172.31.46.0-255,66,66358,58,166297
6846,0.00144,74.125.68.0-255,646,67004,58,166297
6847,0.001604,74.125.68.0-255,1484,68488,58,166297
6848,0.001608,172.31.46.0-255,66,68554,58,166297
6849,0.001624,74.125.68.0-255,2902,71456,58,166297
6850,0.001626,172.31.46.0-255,66,71522,58,166297
6851,0.001632,74.125.68.0-255,4320,75842,58,166297
6852,0.001635,172.31.46.0-255,66,75908,58,166297
6853,0.001658,74.125.68.0-255,1484,77392,58,166297
6854,0.001662,74.125.68.0-255,2902,80294,58,166297
6855,0.001665,172.31.46.0-255,66,80360,58,166297
6856,0.00167,74.125.68.0-255,4320,84680,58,166297
6857,0.001672,172.31.46.0-255,66,84746,58,166297
6858,0.001701,172.31.46.0-255,66,84812,58,166297
6859,0.001706,74.125.68.0-255,4320,89132,58,166297
6860,0.001708,172.31.46.0-255,66,89198,58,166297
6861,0.001751,74.125.68.0-255,3602,92800,58,166297
6862,0.001753,172.31.46.0-255,66,92866,58,166297
6863,0.00405,74.125.68.0-255,1484,94350,58,166297
6864,0.004091,74.125.68.0-255,4320,98670,58,166297
6865,0.004097,172.31.46.0-255,66,98736,58,166297
6866,0.006458,74.125.68.0-255,5738,104474,58,166297
6867,0.006466,172.31.46.0-255,66,104540,58,166297
6868,0.008852,74.125.68.0-255,2902,107442,58,166297
6869,0.008859,172.31.46.0-255,66,107508,58,166297
6870,0.00888,74.125.68.0-255,2902,110410,58,166297
6871,0.008882,172.31.46.0-255,66,110476,58,166297
6872,0.011214,74.125.68.0-255,5738,116214,58,166297
6873,0.011224,172.31.46.0-255,66,116280,58,166297
6874,0.013583,74.125.68.0-255,5738,122018,58,166297
6875,0.01359,172.31.46.0-255,66,122084,58,166297
6876,0.015978,74.125.68.0-255,5738,127822,58,166297
6877,0.015987,172.31.46.0-255,66,127888,58,166297
6878,0.018385,74.125.68.0-255,5738,133626,58,166297
6879,0.018393,172.31.46.0-255,66,133692,58,166297
6880,0.020779,74.125.68.0-255,2902,136594,58,166297
6881,0.02079,172.31.46.0-255,66,136660,58,166297
6882,0.020813,74.125.68.0-255,2902,139562,58,166297
6883,0.020816,172.31.46.0-255,66,139628,58,166297
6884,0.02318,74.125.68.0-255,5738,145366,58,166297
6885,0.023188,172.31.46.0-255,66,145432,58,166297
6886,0.025538,74.125.68.0-255,5738,151170,58,166297
6887,0.025547,172.31.46.0-255,66,151236,58,166297
6888,0.027471,172.31.46.0-255,172,151408,58,166297
6889,0.027498,172.31.46.0-255,1113,152521,58,166297
6890,0.027557,172.31.46.0-255,1514,154035,58,166297
6891,0.027559,172.31.46.0-255,1514,155549,58,166297
6892,0.027559,172.31.46.0-255,1514,157063,58,166297
6893,0.027564,172.31.46.0-255,1514,158577,58,166297
6894,0.027565,172.31.46.0-255,1514,160091,58,166297
6895,0.027566,172.31.46.0-255,138,160229,58,166297
6896,0.027895,74.125.68.0-255,5738,165967,58,166297
6897,0.027901,172.31.46.0-255,66,166033,58,166297
6898,0.029014,104.244.42.0-255,66,166099,58,166297
6899,0.029067,104.244.42.0-255,66,166165,58,166297
6900,0.029108,104.244.42.0-255,66,166231,58,166297
6901,0.029112,104.244.42.0-255,66,166297,58,166297
6902,0.0,74.125.68.0-255,153,153,58,310840
6903,2.1e-05,172.31.46.0-255,66,219,58,310840
6904,2.7e-05,74.125.68.0-255,1484,1703,58,310840
6905,3.1e-05,172.31.46.0-255,66,1769,58,310840
6906,3.6e-05,74.125.68.0-255,2902,4671,58,310840
6907,3.8e-05,172.31.46.0-255,66,4737,58,310840
6908,6.1e-05,74.125.68.0-255,4320,9057,58,310840
6909,6.3e-05,172.31.46.0-255,66,9123,58,310840
6910,8.3e-05,74.125.68.0-255,1484,10607,58,310840
6911,8.5e-05,172.31.46.0-255,66,10673,58,310840
6912,0.000118,172.31.46.0-255,66,10739,58,310840
6913,0.000123,74.125.68.0-255,4320,15059,58,310840
6914,0.000124,172.31.46.0-255,66,15125,58,310840
6915,0.000148,74.125.68.0-255,1484,16609,58,310840
6916,0.00015,172.31.46.0-255,66,16675,58,310840
6917,0.00017,74.125.68.0-255,6797,23472,58,310840
6918,0.000173,172.31.46.0-255,66,23538,58,310840
6919,0.000227,74.125.68.0-255,1484,25022,58,310840
6920,0.000229,172.31.46.0-255,66,25088,58,310840
6921,0.000233,74.125.68.0-255,1484,26572,58,310840
6922,0.000234,172.31.46.0-255,66,26638,58,310840
6923,0.000246,74.125.68.0-255,1484,28122,58,310840
6924,0.000248,172.31.46.0-255,66,28188,58,310840
6925,0.000251,74.125.68.0-255,1484,29672,58,310840
6926,0.000252,172.31.46.0-255,66,29738,58,310840
6927,0.000265,74.125.68.0-255,2902,32640,58,310840
6928,0.000267,172.31.46.0-255,66,32706,58,310840
6929,0.00027,74.125.68.0-255,1484,34190,58,310840
6930,0.000271,172.31.46.0-255,66,34256,58,310840
6931,0.000299,74.125.68.0-255,4320,38576,58,310840
6932,0.000302,172.31.46.0-255,66,38642,58,310840
6933,0.000307,74.125.68.0-255,5379,44021,58,310840
6934,0.000309,172.31.46.0-255,66,44087,58,310840
6935,0.000312,74.125.68.0-255,1484,45571,58,310840
6936,0.000326,74.125.68.0-255,2902,48473,58,310840
6937,0.000328,172.31.46.0-255,66,48539,58,310840
6938,0.000344,74.125.68.0-255,1484,50023,58,310840
6939,0.000359,74.125.68.0-255,7156,57179,58,310840
6940,0.000361,172.31.46.0-255,66,57245,58,310840
6941,0.000378,74.125.68.0-255,1402,58647,58,310840
6942,0.000381,74.125.68.0-255,126,58773,58,310840
6943,0.000461,74.125.68.0-255,1484,60257,58,310840
6944,0.000464,172.31.46.0-255,66,60323,58,310840
6945,0.000476,74.125.68.0-255,2902,63225,58,310840
6946,0.000479,172.31.46.0-255,66,63291,58,310840
6947,0.000509,74.125.68.0-255,5738,69029,58,310840
6948,0.000512,172.31.46.0-255,66,69095,58,310840
6949,0.000515,74.125.68.0-255,2902,71997,58,310840
6950,0.000517,172.31.46.0-255,66,72063,58,310840
6951,0.000522,74.125.68.0-255,3961,76024,58,310840
6952,0.000524,172.31.46.0-255,66,76090,58,310840
6953,0.000569,172.31.46.0-255,66,76156,58,310840
6954,0.000573,74.125.68.0-255,2902,79058,58,310840
6955,0.000575,172.31.46.0-255,66,79124,58,310840
6956,0.000611,74.125.68.0-255,2902,82026,58,310840
6957,0.000613,172.31.46.0-255,66,82092,58,310840
6958,0.00063,74.125.68.0-255,2543,84635,58,310840
6959,0.000632,172.31.46.0-255,66,84701,58,310840
6960,0.00071,74.125.68.0-255,1484,86185,58,310840
6961,0.000713,74.125.68.0-255,1484,87669,58,310840
6962,0.000715,172.31.46.0-255,66,87735,58,310840
6963,0.00073,74.125.68.0-255,1484,89219,58,310840
6964,0.000743,74.125.68.0-255,5738,94957,58,310840
6965,0.000745,172.31.46.0-255,66,95023,58,310840
6966,0.000777,74.125.68.0-255,7156,102179,58,310840
6967,0.000779,172.31.46.0-255,66,102245,58,310840
6968,0.000812,172.31.46.0-255,66,102311,58,310840
6969,0.000817,74.125.68.0-255,4320,106631,58,310840
6970,0.000819,172.31.46.0-255,66,106697,58,310840
6971,0.000834,74.125.68.0-255,3602,110299,58,310840
6972,0.000837,172.31.46.0-255,66,110365,58,310840
6973,0.000899,74.125.68.0-255,1484,111849,58,310840
6974,0.00091,74.125.68.0-255,2902,114751,58,310840
6975,0.000913,172.31.46.0-255,66,114817,58,310840
6976,0.000934,74.125.68.0-255,4320,119137,58,310840
6977,0.000936,172.31.46.0-255,66,119203,58,310840
6978,0.000966,172.31.46.0-255,66,119269,58,310840
6979,0.00097,74.125.68.0-255,2902,122171,58,310840
6980,0.000984,74.125.68.0-255,2902,125073,58,310840
6981,0.000986,74.125.68.0-255,1484,126557,58,310840
6982,0.000999,74.125.68.0-255,5738,132295,58,310840
6983,0.001012,74.125.68.0-255,1484,133779,58,310840
6984,0.001024,74.125.68.0-255,2184,135963,58,310840
6985,0.001126,74.125.68.0-255,1484,137447,58,310840
6986,0.00114,74.125.68.0-255,2902,140349,58,310840
6987,0.001155,74.125.68.0-255,2902,143251,58,310840
6988,0.001166,74.125.68.0-255,2902,146153,58,310840
6989,0.001171,74.125.68.0-255,4320,150473,58,310840
6990,0.001201,74.125.68.0-255,2902,153375,58,310840
6991,0.001223,74.125.68.0-255,1484,154859,58,310840
6992,0.001243,74.125.68.0-255,6438,161297,58,310840
6993,0.001253,74.125.68.0-255,1484,162781,58,310840
6994,0.001256,172.31.46.0-255,66,162847,58,310840
6995,0.001281,74.125.68.0-255,7156,170003,58,310840
6996,0.001287,74.125.68.0-255,4320,174323,58,310840
6997,0.001292,74.125.68.0-255,5738,180061,58,310840
6998,0.001308,172.31.46.0-255,66,180127,58,310840
6999,0.001335,74.125.68.0-255,2902,183029,58,310840
7000,0.001339,74.125.68.0-255,3602,186631,58,310840
7001,0.001348,172.31.46.0-255,66,186697,58,310840
7002,0.001418,74.125.68.0-255,1484,188181,58,310840
7003,0.001431,74.125.68.0-255,1484,189665,58,310840
7004,0.001444,74.125.68.0-255,1484,191149,58,310840
7005,0.001447,74.125.68.0-255,1484,192633,58,310840
7006,0.001454,172.31.46.0-255,66,192699,58,310840
7007,0.001471,74.125.68.0-255,4320,197019,58,310840
7008,0.001481,172.31.46.0-255,66,197085,58,310840
7009,0.001531,172.31.46.0-255,66,197151,58,310840
7010,0.001611,74.125.68.0-255,1484,198635,58,310840
7011,0.001615,74.125.68.0-255,2902,201537,58,310840
7012,0.00162,74.125.68.0-255,5738,207275,58,310840
7013,0.001629,172.31.46.0-255,66,207341,58,310840
7014,0.001652,74.125.68.0-255,7156,214497,58,310840
7015,0.001664,74.125.68.0-255,1484,215981,58,310840
7016,0.001669,172.31.46.0-255,66,216047,58,310840
7017,0.001676,74.125.68.0-255,1484,217531,58,310840
7018,0.001693,74.125.68.0-255,4320,221851,58,310840
7019,0.001702,172.31.46.0-255,66,221917,58,310840
7020,0.001711,74.125.68.0-255,4320,226237,58,310840
7021,0.001715,74.125.68.0-255,5020,231257,58,310840
7022,0.001729,74.125.68.0-255,5738,236995,58,310840
7023,0.001733,74.125.68.0-255,4320,241315,58,310840
7024,0.001736,172.31.46.0-255,66,241381,58,310840
7025,0.001757,74.125.68.0-255,7156,248537,58,310840
7026,0.00176,172.31.46.0-255,66,248603,58,310840
7027,0.001764,172.31.46.0-255,66,248669,58,310840
7028,0.001773,74.125.68.0-255,1484,250153,58,310840
7029,0.001811,74.125.68.0-255,3602,253755,58,310840
7030,0.001818,172.31.46.0-255,66,253821,58,310840
7031,0.001834,74.125.68.0-255,1484,255305,58,310840
7032,0.001851,74.125.68.0-255,2902,258207,58,310840
7033,0.001856,172.31.46.0-255,66,258273,58,310840
7034,0.001869,74.125.68.0-255,5738,264011,58,310840
7035,0.001884,74.125.68.0-255,2902,266913,58,310840
7036,0.001886,74.125.68.0-255,1484,268397,58,310840
7037,0.001894,172.31.46.0-255,66,268463,58,310840
7038,0.001903,74.125.68.0-255,2902,271365,58,310840
7039,0.001916,74.125.68.0-255,4320,275685,58,310840
7040,0.001935,74.125.68.0-255,4320,280005,58,310840
7041,0.00194,74.125.68.0-255,5738,285743,58,310840
7042,0.001942,172.31.46.0-255,66,285809,58,310840
7043,0.001947,172.31.46.0-255,66,285875,58,310840
7044,0.001996,74.125.68.0-255,6438,292313,58,310840
7045,0.002001,74.125.68.0-255,2902,295215,58,310840
7046,0.002005,74.125.68.0-255,4320,299535,58,310840
7047,0.002053,74.125.68.0-255,5738,305273,58,310840
7048,0.002056,172.31.46.0-255,66,305339,58,310840
7049,0.002061,172.31.46.0-255,66,305405,58,310840
7050,0.002101,74.125.68.0-255,5027,310432,58,310840
7051,0.002115,74.125.68.0-255,105,310537,58,310840
7052,0.002119,172.31.46.0-255,66,310603,58,310840
7053,0.004617,172.31.46.0-255,66,310669,58,310840
7054,0.004649,172.31.46.0-255,105,310774,58,310840
7055,0.00692,74.125.68.0-255,66,310840,58,310840
7056,0.0,172.217.194.0-255,156,156,58,150094
7057,2.2e-05,172.31.46.0-255,66,222,58,150094
7058,3e-05,172.217.194.0-255,1484,1706,58,150094
7059,3.4e-05,172.31.46.0-255,66,1772,58,150094
7060,4.8e-05,172.217.194.0-255,2902,4674,58,150094
7061,5.1e-05,172.31.46.0-255,66,4740,58,150094
7062,5.9e-05,172.217.194.0-255,7156,11896,58,150094
7063,6.3e-05,172.31.46.0-255,66,11962,58,150094
7064,6.7e-05,172.217.194.0-255,1942,13904,58,150094
7065,7e-05,172.31.46.0-255,66,13970,58,150094
7066,8.3e-05,172.31.46.0-255,66,14036,58,150094
7067,0.000126,172.217.194.0-255,2902,16938,58,150094
7068,0.000129,172.31.46.0-255,66,17004,58,150094
7069,0.000144,172.31.46.0-255,66,17070,58,150094
7070,0.000187,172.31.46.0-255,66,17136,58,150094
7071,0.000432,172.217.194.0-255,1484,18620,58,150094
7072,0.000437,172.31.46.0-255,66,18686,58,150094
7073,0.000444,172.217.194.0-255,2902,21588,58,150094
7074,0.000446,172.31.46.0-255,66,21654,58,150094
7075,0.000452,172.217.194.0-255,5738,27392,58,150094
7076,0.00046,172.31.46.0-255,66,27458,58,150094
7077,0.000498,172.217.194.0-255,2902,30360,58,150094
7078,0.000501,172.31.46.0-255,66,30426,58,150094
7079,0.000535,172.217.194.0-255,3961,34387,58,150094
7080,0.000539,172.31.46.0-255,66,34453,58,150094
7081,0.000639,172.217.194.0-255,1484,35937,58,150094
7082,0.000642,172.31.46.0-255,66,36003,58,150094
7083,0.000648,172.217.194.0-255,2902,38905,58,150094
7084,0.00065,172.31.46.0-255,66,38971,58,150094
7085,0.000655,172.217.194.0-255,2902,41873,58,150094
7086,0.000662,172.31.46.0-255,66,41939,58,150094
7087,0.000694,172.217.194.0-255,2902,44841,58,150094
7088,0.000697,172.31.46.0-255,66,44907,58,150094
7089,0.000714,172.31.46.0-255,66,44973,58,150094
7090,0.001174,172.217.194.0-255,1484,46457,58,150094
7091,0.001192,172.217.194.0-255,2902,49359,58,150094
7092,0.001196,172.31.46.0-255,66,49425,58,150094
7093,0.001203,172.217.194.0-255,5738,55163,58,150094
7094,0.001205,172.31.46.0-255,66,55229,58,150094
7095,0.001233,172.217.194.0-255,7156,62385,58,150094
7096,0.001235,172.31.46.0-255,66,62451,58,150094
7097,0.001262,172.217.194.0-255,2902,65353,58,150094
7098,0.001265,172.31.46.0-255,66,65419,58,150094
7099,0.001302,172.31.46.0-255,66,65485,58,150094
7100,0.001316,172.31.46.0-255,66,65551,58,150094
7101,0.001325,172.217.194.0-255,1993,67544,58,150094
7102,0.001328,172.31.46.0-255,66,67610,58,150094
7103,0.001376,172.31.46.0-255,66,67676,58,150094
7104,0.001396,172.217.194.0-255,7156,74832,58,150094
7105,0.001399,172.31.46.0-255,66,74898,58,150094
7106,0.001421,172.31.46.0-255,66,74964,58,150094
7107,0.001424,172.217.194.0-255,766,75730,58,150094
7108,0.0018,172.217.194.0-255,1484,77214,58,150094
7109,0.001804,172.31.46.0-255,66,77280,58,150094
7110,0.00181,172.217.194.0-255,2902,80182,58,150094
7111,0.001811,172.31.46.0-255,66,80248,58,150094
7112,0.001875,172.217.194.0-255,4320,84568,58,150094
7113,0.001878,172.31.46.0-255,66,84634,58,150094
7114,0.001907,172.217.194.0-255,1484,86118,58,150094
7115,0.001926,172.31.46.0-255,66,86184,58,150094
7116,0.001938,172.31.46.0-255,66,86250,58,150094
7117,0.00431,172.217.194.0-255,5738,91988,58,150094
7118,0.004318,172.31.46.0-255,66,92054,58,150094
7119,0.006679,172.217.194.0-255,5738,97792,58,150094
7120,0.006685,172.31.46.0-255,66,97858,58,150094
7121,0.009029,172.217.194.0-255,5738,103596,58,150094
7122,0.009036,172.31.46.0-255,66,103662,58,150094
7123,0.011389,172.217.194.0-255,5738,109400,58,150094
7124,0.011397,172.31.46.0-255,66,109466,58,150094
7125,0.013729,172.217.194.0-255,5738,115204,58,150094
7126,0.013739,172.31.46.0-255,66,115270,58,150094
7127,0.016094,172.217.194.0-255,5738,121008,58,150094
7128,0.01611,172.31.46.0-255,66,121074,58,150094
7129,0.018507,172.217.194.0-255,5738,126812,58,150094
7130,0.018521,172.31.46.0-255,66,126878,58,150094
7131,0.020888,172.217.194.0-255,5738,132616,58,150094
7132,0.020901,172.31.46.0-255,66,132682,58,150094
7133,0.023261,172.217.194.0-255,5738,138420,58,150094
7134,0.023273,172.31.46.0-255,66,138486,58,150094
7135,0.025644,172.217.194.0-255,5738,144224,58,150094
7136,0.025655,172.31.46.0-255,66,144290,58,150094
7137,0.027986,172.217.194.0-255,5738,150028,58,150094
7138,0.027995,172.31.46.0-255,66,150094,58,150094
7139,0.0,172.217.194.0-255,153,153,58,195515
7140,2.6e-05,172.31.46.0-255,66,219,58,195515
7141,3.4e-05,172.217.194.0-255,1484,1703,58,195515
7142,4e-05,172.31.46.0-255,66,1769,58,195515
7143,4.6e-05,172.217.194.0-255,2902,4671,58,195515
7144,5e-05,172.31.46.0-255,66,4737,58,195515
7145,5.8e-05,172.217.194.0-255,7156,11893,58,195515
7146,6e-05,172.31.46.0-255,66,11959,58,195515
7147,6.3e-05,172.217.194.0-255,1484,13443,58,195515
7148,6.6e-05,172.31.46.0-255,66,13509,58,195515
7149,7.2e-05,172.217.194.0-255,4320,17829,58,195515
7150,7.6e-05,172.31.46.0-255,66,17895,58,195515
7151,0.000118,172.31.46.0-255,66,17961,58,195515
7152,0.000123,172.217.194.0-255,2543,20504,58,195515
7153,0.000125,172.31.46.0-255,66,20570,58,195515
7154,0.000166,172.217.194.0-255,1484,22054,58,195515
7155,0.000168,172.31.46.0-255,66,22120,58,195515
7156,0.000186,172.217.194.0-255,2902,25022,58,195515
7157,0.000188,172.31.46.0-255,66,25088,58,195515
7158,0.00021,172.217.194.0-255,5738,30826,58,195515
7159,0.000213,172.31.46.0-255,66,30892,58,195515
7160,0.000247,172.31.46.0-255,66,30958,58,195515
7161,0.000267,172.217.194.0-255,5379,36337,58,195515
7162,0.000269,172.31.46.0-255,66,36403,58,195515
7163,0.000283,172.217.194.0-255,1484,37887,58,195515
7164,0.000285,172.31.46.0-255,66,37953,58,195515
7165,0.000309,172.31.46.0-255,66,38019,58,195515
7166,0.000312,172.217.194.0-255,362,38381,58,195515
7167,0.000314,172.31.46.0-255,66,38447,58,195515
7168,0.000454,172.217.194.0-255,1484,39931,58,195515
7169,0.000473,172.217.194.0-255,2902,42833,58,195515
7170,0.000476,172.31.46.0-255,66,42899,58,195515
7171,0.000483,172.217.194.0-255,4320,47219,58,195515
7172,0.000486,172.31.46.0-255,66,47285,58,195515
7173,0.000502,172.217.194.0-255,2902,50187,58,195515
7174,0.000504,172.31.46.0-255,66,50253,58,195515
7175,0.000526,172.217.194.0-255,5738,55991,58,195515
7176,0.000529,172.31.46.0-255,66,56057,58,195515
7177,0.000592,172.31.46.0-255,66,56123,58,195515
7178,0.000611,172.217.194.0-255,4471,60594,58,195515
7179,0.000613,172.31.46.0-255,66,60660,58,195515
7180,0.000629,172.31.46.0-255,66,60726,58,195515
7181,0.000745,172.217.194.0-255,1484,62210,58,195515
7182,0.000751,172.217.194.0-255,2902,65112,58,195515
7183,0.000754,172.31.46.0-255,66,65178,58,195515
7184,0.000758,172.217.194.0-255,1484,66662,58,195515
7185,0.000777,172.217.194.0-255,4320,70982,58,195515
7186,0.00078,172.31.46.0-255,66,71048,58,195515
7187,0.000796,172.217.194.0-255,2902,73950,58,195515
7188,0.000798,172.31.46.0-255,66,74016,58,195515
7189,0.000837,172.31.46.0-255,66,74082,58,195515
7190,0.000864,172.217.194.0-255,2902,76984,58,195515
7191,0.000867,172.31.46.0-255,66,77050,58,195515
7192,0.000896,172.31.46.0-255,66,77116,58,195515
7193,0.00096,172.217.194.0-255,1484,78600,58,195515
7194,0.000989,172.217.194.0-255,2902,81502,58,195515
7195,0.000993,172.31.46.0-255,66,81568,58,195515
7196,0.001,172.217.194.0-255,5738,87306,58,195515
7197,0.001003,172.31.46.0-255,66,87372,58,195515
7198,0.001017,172.31.46.0-255,66,87438,58,195515
7199,0.001029,172.31.46.0-255,66,87504,58,195515
7200,0.001031,172.217.194.0-255,766,88270,58,195515
7201,0.001711,172.217.194.0-255,1484,89754,58,195515
7202,0.001715,172.217.194.0-255,1484,91238,58,195515
7203,0.00172,172.31.46.0-255,66,91304,58,195515
7204,0.001741,172.217.194.0-255,1484,92788,58,195515
7205,0.001744,172.31.46.0-255,66,92854,58,195515
7206,0.00175,172.217.194.0-255,5738,98592,58,195515
7207,0.001752,172.31.46.0-255,66,98658,58,195515
7208,0.001756,172.217.194.0-255,2902,101560,58,195515
7209,0.001758,172.31.46.0-255,66,101626,58,195515
7210,0.001797,172.31.46.0-255,66,101692,58,195515
7211,0.001808,172.31.46.0-255,66,101758,58,195515
7212,0.002132,172.217.194.0-255,1484,103242,58,195515
7213,0.002138,172.217.194.0-255,2902,106144,58,195515
7214,0.002141,172.31.46.0-255,66,106210,58,195515
7215,0.002145,172.217.194.0-255,1484,107694,58,195515
7216,0.002166,172.217.194.0-255,4320,112014,58,195515
7217,0.002169,172.31.46.0-255,66,112080,58,195515
7218,0.002174,172.217.194.0-255,2902,114982,58,195515
7219,0.002176,172.31.46.0-255,66,115048,58,195515
7220,0.002206,172.31.46.0-255,66,115114,58,195515
7221,0.002251,172.31.46.0-255,66,115180,58,195515
7222,0.002262,172.31.46.0-255,66,115246,58,195515
7223,0.002291,172.217.194.0-255,1484,116730,58,195515
7224,0.002327,172.31.46.0-255,66,116796,58,195515
7225,0.002525,172.217.194.0-255,1484,118280,58,195515
7226,0.002531,172.217.194.0-255,2902,121182,58,195515
7227,0.002534,172.31.46.0-255,66,121248,58,195515
7228,0.002542,172.217.194.0-255,5738,126986,58,195515
7229,0.002544,172.31.46.0-255,66,127052,58,195515
7230,0.00255,172.217.194.0-255,5738,132790,58,195515
7231,0.002552,172.31.46.0-255,66,132856,58,195515
7232,0.002578,172.217.194.0-255,4320,137176,58,195515
7233,0.00258,172.31.46.0-255,66,137242,58,195515
7234,0.002609,172.31.46.0-255,66,137308,58,195515
7235,0.005154,172.217.194.0-255,5738,143046,58,195515
7236,0.005162,172.31.46.0-255,66,143112,58,195515
7237,0.00765,172.31.46.0-255,101,143213,58,195515
7238,0.007692,172.217.194.0-255,5738,148951,58,195515
7239,0.007697,172.31.46.0-255,66,149017,58,195515
7240,0.010176,172.217.194.0-255,66,149083,58,195515
7241,0.010223,172.217.194.0-255,5738,154821,58,195515
7242,0.010227,172.31.46.0-255,66,154887,58,195515
7243,0.012764,172.217.194.0-255,5738,160625,58,195515
7244,0.012772,172.31.46.0-255,66,160691,58,195515
7245,0.015299,172.217.194.0-255,5738,166429,58,195515
7246,0.015306,172.31.46.0-255,66,166495,58,195515
7247,0.017848,172.217.194.0-255,5738,172233,58,195515
7248,0.017861,172.31.46.0-255,66,172299,58,195515
7249,0.020385,172.217.194.0-255,5738,178037,58,195515
7250,0.020396,172.31.46.0-255,66,178103,58,195515
7251,0.022954,172.217.194.0-255,5738,183841,58,195515
7252,0.022964,172.31.46.0-255,66,183907,58,195515
7253,0.025502,172.217.194.0-255,5738,189645,58,195515
7254,0.025511,172.31.46.0-255,66,189711,58,195515
7255,0.028052,172.217.194.0-255,5738,195449,58,195515
7256,0.02806,172.31.46.0-255,66,195515,58,195515
7257,0.0,74.125.68.0-255,153,153,58,193642
7258,2.5e-05,172.31.46.0-255,66,219,58,193642
7259,3.3e-05,74.125.68.0-255,1484,1703,58,193642
7260,3.8e-05,172.31.46.0-255,66,1769,58,193642
7261,5.3e-05,74.125.68.0-255,2902,4671,58,193642
7262,5.7e-05,172.31.46.0-255,66,4737,58,193642
7263,6.3e-05,74.125.68.0-255,5738,10475,58,193642
7264,6.6e-05,172.31.46.0-255,66,10541,58,193642
7265,0.00011,74.125.68.0-255,3392,13933,58,193642
7266,0.000113,172.31.46.0-255,66,13999,58,193642
7267,0.000143,74.125.68.0-255,4320,18319,58,193642
7268,0.000145,172.31.46.0-255,66,18385,58,193642
7269,0.00015,74.125.68.0-255,2902,21287,58,193642
7270,0.000152,172.31.46.0-255,66,21353,58,193642
7271,0.000185,74.125.68.0-255,4320,25673,58,193642
7272,0.000188,172.31.46.0-255,66,25739,58,193642
7273,0.000222,74.125.68.0-255,5379,31118,58,193642
7274,0.000225,172.31.46.0-255,66,31184,58,193642
7275,0.000258,74.125.68.0-255,2902,34086,58,193642
7276,0.000261,172.31.46.0-255,66,34152,58,193642
7277,0.000268,74.125.68.0-255,4320,38472,58,193642
7278,0.00027,172.31.46.0-255,66,38538,58,193642
7279,0.00032,74.125.68.0-255,2902,41440,58,193642
7280,0.000323,172.31.46.0-255,66,41506,58,193642
7281,0.00035,74.125.68.0-255,5738,47244,58,193642
7282,0.000353,172.31.46.0-255,66,47310,58,193642
7283,0.000356,74.125.68.0-255,1125,48435,58,193642
7284,0.000358,172.31.46.0-255,66,48501,58,193642
7285,0.000634,74.125.68.0-255,1484,49985,58,193642
7286,0.000639,172.31.46.0-255,66,50051,58,193642
7287,0.000645,74.125.68.0-255,2902,52953,58,193642
7288,0.000648,172.31.46.0-255,66,53019,58,193642
7289,0.00067,74.125.68.0-255,2902,55921,58,193642
7290,0.000673,172.31.46.0-255,66,55987,58,193642
7291,0.000676,74.125.68.0-255,1484,57471,58,193642
7292,0.000709,74.125.68.0-255,2902,60373,58,193642
7293,0.000712,172.31.46.0-255,66,60439,58,193642
7294,0.000748,74.125.68.0-255,5961,66400,58,193642
7295,0.000751,172.31.46.0-255,66,66466,58,193642
7296,0.000786,74.125.68.0-255,1484,67950,58,193642
7297,0.000806,74.125.68.0-255,2902,70852,58,193642
7298,0.000809,172.31.46.0-255,66,70918,58,193642
7299,0.000844,74.125.68.0-255,4320,75238,58,193642
7300,0.000847,172.31.46.0-255,66,75304,58,193642
7301,0.000854,74.125.68.0-255,5738,81042,58,193642
7302,0.000857,172.31.46.0-255,66,81108,58,193642
7303,0.000893,74.125.68.0-255,2543,83651,58,193642
7304,0.000895,172.31.46.0-255,66,83717,58,193642
7305,0.0009,74.125.68.0-255,2902,86619,58,193642
7306,0.000901,172.31.46.0-255,66,86685,58,193642
7307,0.000912,74.125.68.0-255,7156,93841,58,193642
7308,0.000917,172.31.46.0-255,66,93907,58,193642
7309,0.000921,74.125.68.0-255,2902,96809,58,193642
7310,0.000924,172.31.46.0-255,66,96875,58,193642
7311,0.000958,74.125.68.0-255,3961,100836,58,193642
7312,0.000962,172.31.46.0-255,66,100902,58,193642
7313,0.001641,74.125.68.0-255,1484,102386,58,193642
7314,0.001682,74.125.68.0-255,2902,105288,58,193642
7315,0.001686,172.31.46.0-255,66,105354,58,193642
7316,0.001719,74.125.68.0-255,5738,111092,58,193642
7317,0.001721,172.31.46.0-255,66,111158,58,193642
7318,0.001729,74.125.68.0-255,7156,118314,58,193642
7319,0.001731,172.31.46.0-255,66,118380,58,193642
7320,0.001771,172.31.46.0-255,66,118446,58,193642
7321,0.001796,74.125.68.0-255,1484,119930,58,193642
7322,0.00181,74.125.68.0-255,3602,123532,58,193642
7323,0.001812,172.31.46.0-255,66,123598,58,193642
7324,0.004073,74.125.68.0-255,2902,126500,58,193642
7325,0.004083,172.31.46.0-255,66,126566,58,193642
7326,0.004112,74.125.68.0-255,2902,129468,58,193642
7327,0.004115,172.31.46.0-255,66,129534,58,193642
7328,0.00633,74.125.68.0-255,2902,132436,58,193642
7329,0.006339,172.31.46.0-255,66,132502,58,193642
7330,0.006369,74.125.68.0-255,2902,135404,58,193642
7331,0.006372,172.31.46.0-255,66,135470,58,193642
7332,0.008577,74.125.68.0-255,2902,138372,58,193642
7333,0.008584,172.31.46.0-255,66,138438,58,193642
7334,0.00862,74.125.68.0-255,2902,141340,58,193642
7335,0.008623,172.31.46.0-255,66,141406,58,193642
7336,0.010891,74.125.68.0-255,5738,147144,58,193642
7337,0.010906,172.31.46.0-255,66,147210,58,193642
7338,0.013165,74.125.68.0-255,5738,152948,58,193642
7339,0.013177,172.31.46.0-255,66,153014,58,193642
7340,0.01546,74.125.68.0-255,5738,158752,58,193642
7341,0.015471,172.31.46.0-255,66,158818,58,193642
7342,0.017727,74.125.68.0-255,5738,164556,58,193642
7343,0.017741,172.31.46.0-255,66,164622,58,193642
7344,0.02003,74.125.68.0-255,5738,170360,58,193642
7345,0.020048,172.31.46.0-255,66,170426,58,193642
7346,0.022321,74.125.68.0-255,5738,176164,58,193642
7347,0.022334,172.31.46.0-255,66,176230,58,193642
7348,0.024606,74.125.68.0-255,5738,181968,58,193642
7349,0.024623,172.31.46.0-255,66,182034,58,193642
7350,0.026875,74.125.68.0-255,5738,187772,58,193642
7351,0.026891,172.31.46.0-255,66,187838,58,193642
7352,0.029148,74.125.68.0-255,5738,193576,58,193642
7353,0.029161,172.31.46.0-255,66,193642,58,193642
7354,0.0,74.125.130.0-255,153,153,58,235147
7355,1.9e-05,172.31.46.0-255,66,219,58,235147
7356,2.5e-05,74.125.130.0-255,1484,1703,58,235147
7357,2.9e-05,172.31.46.0-255,66,1769,58,235147
7358,5.5e-05,74.125.130.0-255,2902,4671,58,235147
7359,5.9e-05,172.31.46.0-255,66,4737,58,235147
7360,6.6e-05,74.125.130.0-255,7156,11893,58,235147
7361,6.9e-05,172.31.46.0-255,66,11959,58,235147
7362,9.7e-05,74.125.130.0-255,1484,13443,58,235147
7363,0.000104,172.31.46.0-255,66,13509,58,235147
7364,0.000107,74.125.130.0-255,639,14148,58,235147
7365,0.000108,172.31.46.0-255,66,14214,58,235147
7366,0.000142,74.125.130.0-255,1484,15698,58,235147
7367,0.000144,172.31.46.0-255,66,15764,58,235147
7368,0.000169,74.125.130.0-255,4320,20084,58,235147
7369,0.000171,172.31.46.0-255,66,20150,58,235147
7370,0.000174,74.125.130.0-255,1484,21634,58,235147
7371,0.000175,172.31.46.0-255,66,21700,58,235147
7372,0.000179,74.125.130.0-255,2902,24602,58,235147
7373,0.000181,172.31.46.0-255,66,24668,58,235147
7374,0.000238,74.125.130.0-255,5738,30406,58,235147
7375,0.000241,172.31.46.0-255,66,30472,58,235147
7376,0.000243,74.125.130.0-255,1125,31597,58,235147
7377,0.000245,172.31.46.0-255,66,31663,58,235147
7378,0.000459,74.125.130.0-255,1484,33147,58,235147
7379,0.000464,172.31.46.0-255,66,33213,58,235147
7380,0.00047,74.125.130.0-255,2902,36115,58,235147
7381,0.000473,172.31.46.0-255,66,36181,58,235147
7382,0.000503,74.125.130.0-255,4320,40501,58,235147
7383,0.000506,172.31.46.0-255,66,40567,58,235147
7384,0.00052,74.125.130.0-255,1484,42051,58,235147
7385,0.000522,172.31.46.0-255,66,42117,58,235147
7386,0.000577,74.125.130.0-255,4320,46437,58,235147
7387,0.000587,74.125.130.0-255,1415,47852,58,235147
7388,0.000598,172.31.46.0-255,66,47918,58,235147
7389,0.000659,74.125.130.0-255,98,48016,58,235147
7390,0.000848,74.125.130.0-255,1484,49500,58,235147
7391,0.000852,172.31.46.0-255,66,49566,58,235147
7392,0.000879,74.125.130.0-255,2902,52468,58,235147
7393,0.000882,74.125.130.0-255,1484,53952,58,235147
7394,0.000885,74.125.130.0-255,1484,55436,58,235147
7395,0.000897,74.125.130.0-255,1484,56920,58,235147
7396,0.000904,172.31.46.0-255,66,56986,58,235147
7397,0.00093,74.125.130.0-255,5738,62724,58,235147
7398,0.000932,74.125.130.0-255,1484,64208,58,235147
7399,0.000949,74.125.130.0-255,2543,66751,58,235147
7400,0.000958,172.31.46.0-255,66,66817,58,235147
7401,0.000972,74.125.130.0-255,2902,69719,58,235147
7402,0.000992,74.125.130.0-255,2902,72621,58,235147
7403,0.000996,74.125.130.0-255,2902,75523,58,235147
7404,0.000999,74.125.130.0-255,4320,79843,58,235147
7405,0.001002,172.31.46.0-255,66,79909,58,235147
7406,0.001007,172.31.46.0-255,66,79975,58,235147
7407,0.001025,74.125.130.0-255,2820,82795,58,235147
7408,0.001042,172.31.46.0-255,66,82861,58,235147
7409,0.001482,74.125.130.0-255,1484,84345,58,235147
7410,0.001507,74.125.130.0-255,2902,87247,58,235147
7411,0.001511,172.31.46.0-255,66,87313,58,235147
7412,0.001537,74.125.130.0-255,4320,91633,58,235147
7413,0.00154,172.31.46.0-255,66,91699,58,235147
7414,0.001554,74.125.130.0-255,1484,93183,58,235147
7415,0.001582,74.125.130.0-255,4320,97503,58,235147
7416,0.001585,172.31.46.0-255,66,97569,58,235147
7417,0.001601,74.125.130.0-255,4320,101889,58,235147
7418,0.001641,74.125.130.0-255,3602,105491,58,235147
7419,0.001853,74.125.130.0-255,1484,106975,58,235147
7420,0.00186,74.125.130.0-255,2902,109877,58,235147
7421,0.001883,74.125.130.0-255,5738,115615,58,235147
7422,0.001888,74.125.130.0-255,4320,119935,58,235147
7423,0.001904,74.125.130.0-255,5738,125673,58,235147
7424,0.001935,74.125.130.0-255,7156,132829,58,235147
7425,0.001955,74.125.130.0-255,4320,137149,58,235147
7426,0.001958,74.125.130.0-255,1484,138633,58,235147
7427,0.001983,74.125.130.0-255,766,139399,58,235147
7428,0.00214,74.125.130.0-255,1484,140883,58,235147
7429,0.002157,74.125.130.0-255,2902,143785,58,235147
7430,0.002179,74.125.130.0-255,5738,149523,58,235147
7431,0.002201,74.125.130.0-255,2902,152425,58,235147
7432,0.002221,74.125.130.0-255,4320,156745,58,235147
7433,0.002245,74.125.130.0-255,2902,159647,58,235147
7434,0.002259,74.125.130.0-255,1484,161131,58,235147
7435,0.002276,74.125.130.0-255,2902,164033,58,235147
7436,0.002292,74.125.130.0-255,5738,169771,58,235147
7437,0.002311,74.125.130.0-255,2902,172673,58,235147
7438,0.002314,74.125.130.0-255,766,173439,58,235147
7439,0.002507,74.125.130.0-255,1484,174923,58,235147
7440,0.002522,74.125.130.0-255,2902,177825,58,235147
7441,0.002575,74.125.130.0-255,5738,183563,58,235147
7442,0.002596,74.125.130.0-255,1484,185047,58,235147
7443,0.002623,74.125.130.0-255,3602,188649,58,235147
7444,0.007487,172.31.46.0-255,66,188715,58,235147
7445,0.0101,74.125.130.0-255,5738,194453,58,235147
7446,0.010107,172.31.46.0-255,66,194519,58,235147
7447,0.012694,74.125.130.0-255,5738,200257,58,235147
7448,0.012701,172.31.46.0-255,66,200323,58,235147
7449,0.015283,74.125.130.0-255,5738,206061,58,235147
7450,0.015293,172.31.46.0-255,66,206127,58,235147
7451,0.017872,74.125.130.0-255,5738,211865,58,235147
7452,0.017878,172.31.46.0-255,66,211931,58,235147
7453,0.02046,74.125.130.0-255,5738,217669,58,235147
7454,0.02047,172.31.46.0-255,66,217735,58,235147
7455,0.023064,74.125.130.0-255,5738,223473,58,235147
7456,0.023072,172.31.46.0-255,66,223539,58,235147
7457,0.025658,74.125.130.0-255,5738,229277,58,235147
7458,0.025666,172.31.46.0-255,66,229343,58,235147
7459,0.028243,74.125.130.0-255,5738,235081,58,235147
7460,0.02825,172.31.46.0-255,66,235147,58,235147
7461,0.0,104.244.42.0-255,66,66,58,66
7462,0.0,74.125.24.0-255,146,146,58,163330
7463,2.3e-05,172.31.46.0-255,66,212,58,163330
7464,3e-05,74.125.24.0-255,1484,1696,58,163330
7465,3.3e-05,172.31.46.0-255,66,1762,58,163330
7466,4.7e-05,74.125.24.0-255,2902,4664,58,163330
7467,5e-05,172.31.46.0-255,66,4730,58,163330
7468,5.8e-05,74.125.24.0-255,7156,11886,58,163330
7469,6.1e-05,172.31.46.0-255,66,11952,58,163330
7470,9e-05,74.125.24.0-255,2082,14034,58,163330
7471,9.3e-05,172.31.46.0-255,66,14100,58,163330
7472,0.000371,74.125.24.0-255,1484,15584,58,163330
7473,0.000376,172.31.46.0-255,66,15650,58,163330
7474,0.000381,74.125.24.0-255,2902,18552,58,163330
7475,0.000384,172.31.46.0-255,66,18618,58,163330
7476,0.000402,74.125.24.0-255,5738,24356,58,163330
7477,0.000405,172.31.46.0-255,66,24422,58,163330
7478,0.00044,74.125.24.0-255,6797,31219,58,163330
7479,0.000443,172.31.46.0-255,66,31285,58,163330
7480,0.000481,74.125.24.0-255,5738,37023,58,163330
7481,0.000484,172.31.46.0-255,66,37089,58,163330
7482,0.000489,74.125.24.0-255,4320,41409,58,163330
7483,0.000491,172.31.46.0-255,66,41475,58,163330
7484,0.000517,74.125.24.0-255,2902,44377,58,163330
7485,0.000519,172.31.46.0-255,66,44443,58,163330
7486,0.000523,74.125.24.0-255,1484,45927,58,163330
7487,0.000525,172.31.46.0-255,66,45993,58,163330
7488,0.000546,74.125.24.0-255,2543,48536,58,163330
7489,0.000551,172.31.46.0-255,66,48602,58,163330
7490,0.001309,74.125.24.0-255,1484,50086,58,163330
7491,0.001315,172.31.46.0-255,66,50152,58,163330
7492,0.001321,74.125.24.0-255,2902,53054,58,163330
7493,0.001324,172.31.46.0-255,66,53120,58,163330
7494,0.001334,74.125.24.0-255,5738,58858,58,163330
7495,0.001336,172.31.46.0-255,66,58924,58,163330
7496,0.001361,74.125.24.0-255,4320,63244,58,163330
7497,0.001364,172.31.46.0-255,66,63310,58,163330
7498,0.001389,74.125.24.0-255,2543,65853,58,163330
7499,0.001392,172.31.46.0-255,66,65919,58,163330
7500,0.001405,172.31.46.0-255,66,65985,58,163330
7501,0.001409,74.125.24.0-255,2543,68528,58,163330
7502,0.001411,172.31.46.0-255,66,68594,58,163330
7503,0.001414,74.125.24.0-255,2902,71496,58,163330
7504,0.001416,172.31.46.0-255,66,71562,58,163330
7505,0.001453,74.125.24.0-255,7156,78718,58,163330
7506,0.001456,172.31.46.0-255,66,78784,58,163330
7507,0.001461,74.125.24.0-255,4320,83104,58,163330
7508,0.001463,172.31.46.0-255,66,83170,58,163330
7509,0.001499,74.125.24.0-255,1484,84654,58,163330
7510,0.001512,74.125.24.0-255,1706,86360,58,163330
7511,0.001515,172.31.46.0-255,66,86426,58,163330
7512,0.002106,74.125.24.0-255,1484,87910,58,163330
7513,0.003576,74.125.24.0-255,4320,92230,58,163330
7514,0.003583,172.31.46.0-255,66,92296,58,163330
7515,0.005672,74.125.24.0-255,5738,98034,58,163330
7516,0.005679,172.31.46.0-255,66,98100,58,163330
7517,0.007804,74.125.24.0-255,5738,103838,58,163330
7518,0.007811,172.31.46.0-255,66,103904,58,163330
7519,0.009906,74.125.24.0-255,2902,106806,58,163330
7520,0.009911,172.31.46.0-255,66,106872,58,163330
7521,0.009935,74.125.24.0-255,2902,109774,58,163330
7522,0.009937,172.31.46.0-255,66,109840,58,163330
7523,0.011989,74.125.24.0-255,2902,112742,58,163330
7524,0.011994,172.31.46.0-255,66,112808,58,163330
7525,0.012017,74.125.24.0-255,2902,115710,58,163330
7526,0.01202,172.31.46.0-255,66,115776,58,163330
7527,0.014077,74.125.24.0-255,2902,118678,58,163330
7528,0.014085,172.31.46.0-255,66,118744,58,163330
7529,0.014111,74.125.24.0-255,1484,120228,58,163330
7530,0.014123,74.125.24.0-255,1484,121712,58,163330
7531,0.014125,172.31.46.0-255,66,121778,58,163330
7532,0.016156,74.125.24.0-255,2902,124680,58,163330
7533,0.016164,172.31.46.0-255,66,124746,58,163330
7534,0.016211,74.125.24.0-255,2902,127648,58,163330
7535,0.016214,172.31.46.0-255,66,127714,58,163330
7536,0.01824,74.125.24.0-255,2902,130616,58,163330
7537,0.01825,172.31.46.0-255,66,130682,58,163330
7538,0.018285,74.125.24.0-255,2902,133584,58,163330
7539,0.018289,172.31.46.0-255,66,133650,58,163330
7540,0.0203,74.125.24.0-255,2902,136552,58,163330
7541,0.020307,172.31.46.0-255,66,136618,58,163330
7542,0.020365,74.125.24.0-255,2902,139520,58,163330
7543,0.020369,172.31.46.0-255,66,139586,58,163330
7544,0.022394,74.125.24.0-255,2902,142488,58,163330
7545,0.022401,172.31.46.0-255,66,142554,58,163330
7546,0.022472,74.125.24.0-255,2902,145456,58,163330
7547,0.022476,172.31.46.0-255,66,145522,58,163330
7548,0.02447,74.125.24.0-255,2902,148424,58,163330
7549,0.024481,172.31.46.0-255,66,148490,58,163330
7550,0.024566,74.125.24.0-255,2902,151392,58,163330
7551,0.02457,172.31.46.0-255,66,151458,58,163330
7552,0.026543,74.125.24.0-255,2902,154360,58,163330
7553,0.02655,172.31.46.0-255,66,154426,58,163330
7554,0.026665,74.125.24.0-255,2902,157328,58,163330
7555,0.026669,172.31.46.0-255,66,157394,58,163330
7556,0.028618,74.125.24.0-255,2902,160296,58,163330
7557,0.028624,172.31.46.0-255,66,160362,58,163330
7558,0.028712,74.125.24.0-255,2902,163264,58,163330
7559,0.028717,172.31.46.0-255,66,163330,58,163330
7560,0.0,172.217.194.0-255,297,297,58,209051
7561,2.2e-05,172.31.46.0-255,66,363,58,209051
7562,2.9e-05,172.217.194.0-255,1484,1847,58,209051
7563,3.3e-05,172.31.46.0-255,66,1913,58,209051
7564,4e-05,172.217.194.0-255,4320,6233,58,209051
7565,4.4e-05,172.31.46.0-255,66,6299,58,209051
7566,4.9e-05,172.217.194.0-255,4320,10619,58,209051
7567,5.2e-05,172.31.46.0-255,66,10685,58,209051
7568,5.7e-05,172.217.194.0-255,4756,15441,58,209051
7569,6e-05,172.31.46.0-255,66,15507,58,209051
7570,7.2e-05,172.31.46.0-255,66,15573,58,209051
7571,7.7e-05,172.217.194.0-255,3961,19534,58,209051
7572,8e-05,172.31.46.0-255,66,19600,58,209051
7573,0.000258,172.217.194.0-255,1484,21084,58,209051
7574,0.000263,172.31.46.0-255,66,21150,58,209051
7575,0.000268,172.217.194.0-255,2902,24052,58,209051
7576,0.000271,172.31.46.0-255,66,24118,58,209051
7577,0.000276,172.217.194.0-255,4320,28438,58,209051
7578,0.000277,172.31.46.0-255,66,28504,58,209051
7579,0.000298,172.217.194.0-255,1484,29988,58,209051
7580,0.0003,172.31.46.0-255,66,30054,58,209051
7581,0.000303,172.217.194.0-255,1484,31538,58,209051
7582,0.000305,172.31.46.0-255,66,31604,58,209051
7583,0.000339,172.31.46.0-255,66,31670,58,209051
7584,0.000349,172.31.46.0-255,66,31736,58,209051
7585,0.000353,172.217.194.0-255,114,31850,58,209051
7586,0.000355,172.31.46.0-255,66,31916,58,209051
7587,0.000439,172.217.194.0-255,1484,33400,58,209051
7588,0.000443,172.31.46.0-255,66,33466,58,209051
7589,0.000448,172.217.194.0-255,2902,36368,58,209051
7590,0.00045,172.31.46.0-255,66,36434,58,209051
7591,0.000452,172.217.194.0-255,1484,37918,58,209051
7592,0.000471,172.217.194.0-255,4320,42238,58,209051
7593,0.000473,172.31.46.0-255,66,42304,58,209051
7594,0.000491,172.217.194.0-255,4320,46624,58,209051
7595,0.000493,172.31.46.0-255,66,46690,58,209051
7596,0.000505,172.217.194.0-255,2543,49233,58,209051
7597,0.000509,172.31.46.0-255,66,49299,58,209051
7598,0.000526,172.217.194.0-255,1484,50783,58,209051
7599,0.000539,172.217.194.0-255,2902,53685,58,209051
7600,0.000542,172.31.46.0-255,66,53751,58,209051
7601,0.000563,172.217.194.0-255,5738,59489,58,209051
7602,0.000565,172.31.46.0-255,66,59555,58,209051
7603,0.000586,172.217.194.0-255,7110,66665,58,209051
7604,0.000589,172.31.46.0-255,66,66731,58,209051
7605,0.000633,172.217.194.0-255,5738,72469,58,209051
7606,0.000636,172.31.46.0-255,66,72535,58,209051
7607,0.000651,172.217.194.0-255,1484,74019,58,209051
7608,0.000661,172.31.46.0-255,66,74085,58,209051
7609,0.000666,172.217.194.0-255,2902,76987,58,209051
7610,0.000668,172.31.46.0-255,66,77053,58,209051
7611,0.000693,172.31.46.0-255,66,77119,58,209051
7612,0.000712,172.217.194.0-255,2902,80021,58,209051
7613,0.000714,172.217.194.0-255,766,80787,58,209051
7614,0.000717,172.31.46.0-255,66,80853,58,209051
7615,0.001149,172.217.194.0-255,1484,82337,58,209051
7616,0.001153,172.31.46.0-255,66,82403,58,209051
7617,0.001158,172.217.194.0-255,2902,85305,58,209051
7618,0.00116,172.31.46.0-255,66,85371,58,209051
7619,0.001163,172.217.194.0-255,1484,86855,58,209051
7620,0.001178,172.217.194.0-255,4320,91175,58,209051
7621,0.00118,172.31.46.0-255,66,91241,58,209051
7622,0.001207,172.217.194.0-255,5738,96979,58,209051
7623,0.001209,172.31.46.0-255,66,97045,58,209051
7624,0.001216,172.217.194.0-255,7156,104201,58,209051
7625,0.001218,172.31.46.0-255,66,104267,58,209051
7626,0.001246,172.217.194.0-255,5738,110005,58,209051
7627,0.001248,172.31.46.0-255,66,110071,58,209051
7628,0.001264,172.217.194.0-255,5020,115091,58,209051
7629,0.001266,172.31.46.0-255,66,115157,58,209051
7630,0.001305,172.217.194.0-255,1484,116641,58,209051
7631,0.001319,172.217.194.0-255,2902,119543,58,209051
7632,0.001321,172.31.46.0-255,66,119609,58,209051
7633,0.001327,172.217.194.0-255,5738,125347,58,209051
7634,0.001329,172.31.46.0-255,66,125413,58,209051
7635,0.00138,172.31.46.0-255,66,125479,58,209051
7636,0.001396,172.217.194.0-255,1484,126963,58,209051
7637,0.001417,172.217.194.0-255,7156,134119,58,209051
7638,0.001419,172.31.46.0-255,66,134185,58,209051
7639,0.00144,172.217.194.0-255,3602,137787,58,209051
7640,0.001442,172.31.46.0-255,66,137853,58,209051
7641,0.001499,172.217.194.0-255,1484,139337,58,209051
7642,0.001512,172.217.194.0-255,2902,142239,58,209051
7643,0.001515,172.31.46.0-255,66,142305,58,209051
7644,0.001519,172.217.194.0-255,2902,145207,58,209051
7645,0.001521,172.31.46.0-255,66,145273,58,209051
7646,0.001537,172.217.194.0-255,2902,148175,58,209051
7647,0.001539,172.31.46.0-255,66,148241,58,209051
7648,0.001578,172.31.46.0-255,66,148307,58,209051
7649,0.0016,172.217.194.0-255,4320,152627,58,209051
7650,0.001602,172.31.46.0-255,66,152693,58,209051
7651,0.001622,172.217.194.0-255,6438,159131,58,209051
7652,0.001624,172.31.46.0-255,66,159197,58,209051
7653,0.001646,172.31.46.0-255,66,159263,58,209051
7654,0.001664,172.217.194.0-255,2902,162165,58,209051
7655,0.001667,172.31.46.0-255,66,162231,58,209051
7656,0.001681,172.31.46.0-255,66,162297,58,209051
7657,0.001706,172.217.194.0-255,4320,166617,58,209051
7658,0.00171,172.31.46.0-255,66,166683,58,209051
7659,0.001731,172.31.46.0-255,66,166749,58,209051
7660,0.001764,172.31.46.0-255,66,166815,58,209051
7661,0.001775,172.31.46.0-255,66,166881,58,209051
7662,0.001792,172.217.194.0-255,5738,172619,58,209051
7663,0.001795,172.31.46.0-255,66,172685,58,209051
7664,0.001808,172.217.194.0-255,5738,178423,58,209051
7665,0.00181,172.31.46.0-255,66,178489,58,209051
7666,0.001815,172.217.194.0-255,3602,182091,58,209051
7667,0.001817,172.31.46.0-255,66,182157,58,209051
7668,0.001841,172.217.194.0-255,4320,186477,58,209051
7669,0.001844,172.31.46.0-255,66,186543,58,209051
7670,0.001849,172.217.194.0-255,5738,192281,58,209051
7671,0.001851,172.31.46.0-255,66,192347,58,209051
7672,0.001899,172.31.46.0-255,66,192413,58,209051
7673,0.001907,172.217.194.0-255,4320,196733,58,209051
7674,0.001909,172.31.46.0-255,66,196799,58,209051
7675,0.001932,172.31.46.0-255,66,196865,58,209051
7676,0.00195,172.31.46.0-255,66,196931,58,209051
7677,0.001958,172.217.194.0-255,1484,198415,58,209051
7678,0.002059,172.217.194.0-255,4320,202735,58,209051
7679,0.002086,172.217.194.0-255,5908,208643,58,209051
7680,0.006626,172.31.46.0-255,66,208709,58,209051
7681,0.008667,172.217.194.0-255,105,208814,58,209051
7682,0.010885,172.31.46.0-255,66,208880,58,209051
7683,0.010927,172.31.46.0-255,105,208985,58,209051
7684,0.012982,172.217.194.0-255,66,209051,58,209051
7685,0.0,74.125.24.0-255,298,298,58,260688
7686,1.5e-05,172.31.46.0-255,66,364,58,260688
7687,2.1e-05,74.125.24.0-255,1484,1848,58,260688
7688,2.5e-05,172.31.46.0-255,66,1914,58,260688
7689,3.9e-05,74.125.24.0-255,1484,3398,58,260688
7690,4.1e-05,172.31.46.0-255,66,3464,58,260688
7691,4.4e-05,74.125.24.0-255,1484,4948,58,260688
7692,4.6e-05,172.31.46.0-255,66,5014,58,260688
7693,7.1e-05,74.125.24.0-255,2902,7916,58,260688
7694,7.4e-05,172.31.46.0-255,66,7982,58,260688
7695,0.000105,74.125.24.0-255,4320,12302,58,260688
7696,0.000107,172.31.46.0-255,66,12368,58,260688
7697,0.000129,74.125.24.0-255,1855,14223,58,260688
7698,0.000131,172.31.46.0-255,66,14289,58,260688
7699,0.000138,74.125.24.0-255,7156,21445,58,260688
7700,0.00014,172.31.46.0-255,66,21511,58,260688
7701,0.000144,74.125.24.0-255,4320,25831,58,260688
7702,0.000147,172.31.46.0-255,66,25897,58,260688
7703,0.000165,74.125.24.0-255,5379,31276,58,260688
7704,0.000168,172.31.46.0-255,66,31342,58,260688
7705,0.000208,74.125.24.0-255,1484,32826,58,260688
7706,0.00021,172.31.46.0-255,66,32892,58,260688
7707,0.000214,74.125.24.0-255,2902,35794,58,260688
7708,0.000216,172.31.46.0-255,66,35860,58,260688
7709,0.000219,74.125.24.0-255,1484,37344,58,260688
7710,0.00022,172.31.46.0-255,66,37410,58,260688
7711,0.000241,74.125.24.0-255,4320,41730,58,260688
7712,0.000243,172.31.46.0-255,66,41796,58,260688
7713,0.000248,74.125.24.0-255,4320,46116,58,260688
7714,0.00025,172.31.46.0-255,66,46182,58,260688
7715,0.000275,74.125.24.0-255,3961,50143,58,260688
7716,0.000277,172.31.46.0-255,66,50209,58,260688
7717,0.000287,172.31.46.0-255,66,50275,58,260688
7718,0.000314,74.125.24.0-255,2902,53177,58,260688
7719,0.000316,172.31.46.0-255,66,53243,58,260688
7720,0.000328,74.125.24.0-255,4271,57514,58,260688
7721,0.000331,172.31.46.0-255,66,57580,58,260688
7722,0.000334,74.125.24.0-255,111,57691,58,260688
7723,0.000367,74.125.24.0-255,331,58022,58,260688
7724,0.0008,74.125.24.0-255,1484,59506,58,260688
7725,0.000821,172.31.46.0-255,66,59572,58,260688
7726,0.000827,74.125.24.0-255,2902,62474,58,260688
7727,0.00083,172.31.46.0-255,66,62540,58,260688
7728,0.000836,74.125.24.0-255,5738,68278,58,260688
7729,0.000838,172.31.46.0-255,66,68344,58,260688
7730,0.000841,74.125.24.0-255,1484,69828,58,260688
7731,0.000862,74.125.24.0-255,4320,74148,58,260688
7732,0.000864,172.31.46.0-255,66,74214,58,260688
7733,0.000888,74.125.24.0-255,7156,81370,58,260688
7734,0.00089,172.31.46.0-255,66,81436,58,260688
7735,0.000924,74.125.24.0-255,2902,84338,58,260688
7736,0.000927,172.31.46.0-255,66,84404,58,260688
7737,0.000949,172.31.46.0-255,66,84470,58,260688
7738,0.001001,74.125.24.0-255,1484,85954,58,260688
7739,0.001006,74.125.24.0-255,2902,88856,58,260688
7740,0.001008,172.31.46.0-255,66,88922,58,260688
7741,0.00103,74.125.24.0-255,5738,94660,58,260688
7742,0.001033,172.31.46.0-255,66,94726,58,260688
7743,0.001053,74.125.24.0-255,7156,101882,58,260688
7744,0.001056,172.31.46.0-255,66,101948,58,260688
7745,0.001072,74.125.24.0-255,5738,107686,58,260688
7746,0.001075,172.31.46.0-255,66,107752,58,260688
7747,0.001087,172.31.46.0-255,66,107818,58,260688
7748,0.001439,74.125.24.0-255,1484,109302,58,260688
7749,0.001461,74.125.24.0-255,2902,112204,58,260688
7750,0.001465,172.31.46.0-255,66,112270,58,260688
7751,0.001469,74.125.24.0-255,1484,113754,58,260688
7752,0.001488,74.125.24.0-255,4320,118074,58,260688
7753,0.00149,172.31.46.0-255,66,118140,58,260688
7754,0.001495,74.125.24.0-255,2902,121042,58,260688
7755,0.001497,172.31.46.0-255,66,121108,58,260688
7756,0.001522,74.125.24.0-255,7156,128264,58,260688
7757,0.001524,172.31.46.0-255,66,128330,58,260688
7758,0.001553,172.31.46.0-255,66,128396,58,260688
7759,0.001625,74.125.24.0-255,1484,129880,58,260688
7760,0.00163,74.125.24.0-255,2902,132782,58,260688
7761,0.001633,172.31.46.0-255,66,132848,58,260688
7762,0.001639,74.125.24.0-255,5738,138586,58,260688
7763,0.001641,172.31.46.0-255,66,138652,58,260688
7764,0.001659,74.125.24.0-255,7156,145808,58,260688
7765,0.001661,172.31.46.0-255,66,145874,58,260688
7766,0.001688,74.125.24.0-255,5738,151612,58,260688
7767,0.001691,172.31.46.0-255,66,151678,58,260688
7768,0.001703,172.31.46.0-255,66,151744,58,260688
7769,0.001723,74.125.24.0-255,1484,153228,58,260688
7770,0.001743,74.125.24.0-255,2902,156130,58,260688
7771,0.001746,172.31.46.0-255,66,156196,58,260688
7772,0.001753,74.125.24.0-255,5738,161934,58,260688
7773,0.001755,172.31.46.0-255,66,162000,58,260688
7774,0.001781,74.125.24.0-255,5738,167738,58,260688
7775,0.001784,172.31.46.0-255,66,167804,58,260688
7776,0.001801,74.125.24.0-255,7156,174960,58,260688
7777,0.001804,172.31.46.0-255,66,175026,58,260688
7778,0.001807,74.125.24.0-255,1484,176510,58,260688
7779,0.00184,172.31.46.0-255,66,176576,58,260688
7780,0.001877,74.125.24.0-255,1484,178060,58,260688
7781,0.001882,74.125.24.0-255,2902,180962,58,260688
7782,0.001885,172.31.46.0-255,66,181028,58,260688
7783,0.001915,74.125.24.0-255,1484,182512,58,260688
7784,0.001941,74.125.24.0-255,4320,186832,58,260688
7785,0.001945,172.31.46.0-255,66,186898,58,260688
7786,0.001962,172.31.46.0-255,66,186964,58,260688
7787,0.001969,74.125.24.0-255,5738,192702,58,260688
7788,0.001971,172.31.46.0-255,66,192768,58,260688
7789,0.001975,74.125.24.0-255,1484,194252,58,260688
7790,0.002,74.125.24.0-255,3602,197854,58,260688
7791,0.002003,172.31.46.0-255,66,197920,58,260688
7792,0.002065,74.125.24.0-255,1484,199404,58,260688
7793,0.002078,74.125.24.0-255,2902,202306,58,260688
7794,0.002082,172.31.46.0-255,66,202372,58,260688
7795,0.002088,74.125.24.0-255,4320,206692,58,260688
7796,0.00209,172.31.46.0-255,66,206758,58,260688
7797,0.0021,74.125.24.0-255,1484,208242,58,260688
7798,0.002114,74.125.24.0-255,2902,211144,58,260688
7799,0.002117,172.31.46.0-255,66,211210,58,260688
7800,0.002144,172.31.46.0-255,66,211276,58,260688
7801,0.002159,74.125.24.0-255,1484,212760,58,260688
7802,0.002173,172.31.46.0-255,66,212826,58,260688
7803,0.002226,172.31.46.0-255,66,212892,58,260688
7804,0.002244,74.125.24.0-255,1484,214376,58,260688
7805,0.002248,74.125.24.0-255,2184,216560,58,260688
7806,0.002251,172.31.46.0-255,66,216626,58,260688
7807,0.002266,74.125.24.0-255,1484,218110,58,260688
7808,0.002269,74.125.24.0-255,1484,219594,58,260688
7809,0.002272,172.31.46.0-255,66,219660,58,260688
7810,0.002298,74.125.24.0-255,1484,221144,58,260688
7811,0.002304,74.125.24.0-255,5738,226882,58,260688
7812,0.00231,74.125.24.0-255,5738,232620,58,260688
7813,0.002326,74.125.24.0-255,4320,236940,58,260688
7814,0.002339,74.125.24.0-255,5738,242678,58,260688
7815,0.002352,74.125.24.0-255,2902,245580,58,260688
7816,0.002359,74.125.24.0-255,5738,251318,58,260688
7817,0.002368,172.31.46.0-255,66,251384,58,260688
7818,0.002423,74.125.24.0-255,5738,257122,58,260688
7819,0.002429,172.31.46.0-255,66,257188,58,260688
7820,0.002445,74.125.24.0-255,3158,260346,58,260688
7821,0.002449,74.125.24.0-255,105,260451,58,260688
7822,0.002464,172.31.46.0-255,66,260517,58,260688
7823,0.009822,172.31.46.0-255,105,260622,58,260688
7824,0.012371,74.125.24.0-255,66,260688,58,260688
7825,0.0,74.125.24.0-255,153,153,58,166621
7826,2.2e-05,172.31.46.0-255,66,219,58,166621
7827,2.9e-05,74.125.24.0-255,1484,1703,58,166621
7828,3.4e-05,172.31.46.0-255,66,1769,58,166621
7829,4.6e-05,74.125.24.0-255,2902,4671,58,166621
7830,4.9e-05,172.31.46.0-255,66,4737,58,166621
7831,5.5e-05,74.125.24.0-255,5738,10475,58,166621
7832,5.9e-05,172.31.46.0-255,66,10541,58,166621
7833,0.000103,74.125.24.0-255,3422,13963,58,166621
7834,0.000106,172.31.46.0-255,66,14029,58,166621
7835,0.000171,74.125.24.0-255,1484,15513,58,166621
7836,0.000174,172.31.46.0-255,66,15579,58,166621
7837,0.000179,74.125.24.0-255,2902,18481,58,166621
7838,0.000181,172.31.46.0-255,66,18547,58,166621
7839,0.000209,74.125.24.0-255,5738,24285,58,166621
7840,0.000211,172.31.46.0-255,66,24351,58,166621
7841,0.000214,74.125.24.0-255,1484,25835,58,166621
7842,0.000217,172.31.46.0-255,66,25901,58,166621
7843,0.000244,74.125.24.0-255,5379,31280,58,166621
7844,0.000251,172.31.46.0-255,66,31346,58,166621
7845,0.000478,74.125.24.0-255,1484,32830,58,166621
7846,0.000484,172.31.46.0-255,66,32896,58,166621
7847,0.00049,74.125.24.0-255,2902,35798,58,166621
7848,0.000492,172.31.46.0-255,66,35864,58,166621
7849,0.000503,74.125.24.0-255,5738,41602,58,166621
7850,0.000507,172.31.46.0-255,66,41668,58,166621
7851,0.00051,74.125.24.0-255,1484,43152,58,166621
7852,0.000512,172.31.46.0-255,66,43218,58,166621
7853,0.000555,172.31.46.0-255,66,43284,58,166621
7854,0.000562,74.125.24.0-255,5738,49022,58,166621
7855,0.000564,172.31.46.0-255,66,49088,58,166621
7856,0.000618,74.125.24.0-255,2876,51964,58,166621
7857,0.000621,172.31.46.0-255,66,52030,58,166621
7858,0.00067,74.125.24.0-255,110,52140,58,166621
7859,0.000675,74.125.24.0-255,331,52471,58,166621
7860,0.001069,74.125.24.0-255,1484,53955,58,166621
7861,0.001074,172.31.46.0-255,66,54021,58,166621
7862,0.00108,74.125.24.0-255,2902,56923,58,166621
7863,0.001082,172.31.46.0-255,66,56989,58,166621
7864,0.001085,74.125.24.0-255,1484,58473,58,166621
7865,0.001126,74.125.24.0-255,4320,62793,58,166621
7866,0.001129,172.31.46.0-255,66,62859,58,166621
7867,0.001139,172.31.46.0-255,66,62925,58,166621
7868,0.001175,172.31.46.0-255,66,62991,58,166621
7869,0.001202,74.125.24.0-255,6438,69429,58,166621
7870,0.001205,172.31.46.0-255,66,69495,58,166621
7871,0.001777,74.125.24.0-255,1484,70979,58,166621
7872,0.001787,74.125.24.0-255,2902,73881,58,166621
7873,0.001791,172.31.46.0-255,66,73947,58,166621
7874,0.001799,74.125.24.0-255,5738,79685,58,166621
7875,0.001801,172.31.46.0-255,66,79751,58,166621
7876,0.00185,172.31.46.0-255,66,79817,58,166621
7877,0.001852,74.125.24.0-255,1484,81301,58,166621
7878,0.001878,74.125.24.0-255,7156,88457,58,166621
7879,0.00188,172.31.46.0-255,66,88523,58,166621
7880,0.001907,74.125.24.0-255,2184,90707,58,166621
7881,0.001909,172.31.46.0-255,66,90773,58,166621
7882,0.003919,74.125.24.0-255,2902,93675,58,166621
7883,0.003925,172.31.46.0-255,66,93741,58,166621
7884,0.003958,74.125.24.0-255,2902,96643,58,166621
7885,0.003961,172.31.46.0-255,66,96709,58,166621
7886,0.005956,74.125.24.0-255,2902,99611,58,166621
7887,0.005961,172.31.46.0-255,66,99677,58,166621
7888,0.005987,74.125.24.0-255,2902,102579,58,166621
7889,0.00599,172.31.46.0-255,66,102645,58,166621
7890,0.007985,74.125.24.0-255,2902,105547,58,166621
7891,0.007992,172.31.46.0-255,66,105613,58,166621
7892,0.008026,74.125.24.0-255,2902,108515,58,166621
7893,0.008029,172.31.46.0-255,66,108581,58,166621
7894,0.010044,74.125.24.0-255,5738,114319,58,166621
7895,0.010052,172.31.46.0-255,66,114385,58,166621
7896,0.012133,74.125.24.0-255,5738,120123,58,166621
7897,0.012147,172.31.46.0-255,66,120189,58,166621
7898,0.014175,74.125.24.0-255,5738,125927,58,166621
7899,0.014185,172.31.46.0-255,66,125993,58,166621
7900,0.01625,74.125.24.0-255,5738,131731,58,166621
7901,0.016261,172.31.46.0-255,66,131797,58,166621
7902,0.018325,74.125.24.0-255,5738,137535,58,166621
7903,0.018334,172.31.46.0-255,66,137601,58,166621
7904,0.020382,74.125.24.0-255,5738,143339,58,166621
7905,0.020393,172.31.46.0-255,66,143405,58,166621
7906,0.022448,74.125.24.0-255,5738,149143,58,166621
7907,0.022461,172.31.46.0-255,66,149209,58,166621
7908,0.024522,74.125.24.0-255,5738,154947,58,166621
7909,0.024536,172.31.46.0-255,66,155013,58,166621
7910,0.026619,74.125.24.0-255,5738,160751,58,166621
7911,0.026631,172.31.46.0-255,66,160817,58,166621
7912,0.028688,74.125.24.0-255,5738,166555,58,166621
7913,0.028701,172.31.46.0-255,66,166621,58,166621
7914,0.0,74.125.24.0-255,143,143,58,184541
7915,1.5e-05,172.31.46.0-255,66,209,58,184541
7916,2.1e-05,74.125.24.0-255,1484,1693,58,184541
7917,2.6e-05,172.31.46.0-255,66,1759,58,184541
7918,3.2e-05,74.125.24.0-255,2902,4661,58,184541
7919,3.5e-05,172.31.46.0-255,66,4727,58,184541
7920,3.8e-05,74.125.24.0-255,1484,6211,58,184541
7921,4.1e-05,172.31.46.0-255,66,6277,58,184541
7922,4.7e-05,74.125.24.0-255,2902,9179,58,184541
7923,5.1e-05,172.31.46.0-255,66,9245,58,184541
7924,7e-05,74.125.24.0-255,1484,10729,58,184541
7925,7.3e-05,172.31.46.0-255,66,10795,58,184541
7926,9.6e-05,74.125.24.0-255,4910,15705,58,184541
7927,9.9e-05,172.31.46.0-255,66,15771,58,184541
7928,0.000105,74.125.24.0-255,4320,20091,58,184541
7929,0.000107,172.31.46.0-255,66,20157,58,184541
7930,0.000164,172.31.46.0-255,66,20223,58,184541
7931,0.000181,74.125.24.0-255,1125,21348,58,184541
7932,0.000184,172.31.46.0-255,66,21414,58,184541
7933,0.000187,74.125.24.0-255,1484,22898,58,184541
7934,0.000189,172.31.46.0-255,66,22964,58,184541
7935,0.000209,74.125.24.0-255,2902,25866,58,184541
7936,0.000211,172.31.46.0-255,66,25932,58,184541
7937,0.000214,74.125.24.0-255,1484,27416,58,184541
7938,0.000216,172.31.46.0-255,66,27482,58,184541
7939,0.000236,74.125.24.0-255,4320,31802,58,184541
7940,0.000239,172.31.46.0-255,66,31868,58,184541
7941,0.000243,74.125.24.0-255,2902,34770,58,184541
7942,0.000245,172.31.46.0-255,66,34836,58,184541
7943,0.000276,172.31.46.0-255,66,34902,58,184541
7944,0.000288,172.31.46.0-255,66,34968,58,184541
7945,0.000291,74.125.24.0-255,1438,36406,58,184541
7946,0.00033,74.125.24.0-255,109,36515,58,184541
7947,0.000922,74.125.24.0-255,1484,37999,58,184541
7948,0.000928,172.31.46.0-255,66,38065,58,184541
7949,0.000933,74.125.24.0-255,2902,40967,58,184541
7950,0.000936,172.31.46.0-255,66,41033,58,184541
7951,0.000941,74.125.24.0-255,4320,45353,58,184541
7952,0.000943,172.31.46.0-255,66,45419,58,184541
7953,0.000969,74.125.24.0-255,1484,46903,58,184541
7954,0.000977,74.125.24.0-255,6797,53700,58,184541
7955,0.00098,172.31.46.0-255,66,53766,58,184541
7956,0.001014,172.31.46.0-255,66,53832,58,184541
7957,0.001027,172.31.46.0-255,66,53898,58,184541
7958,0.001079,172.31.46.0-255,66,53964,58,184541
7959,0.001124,74.125.24.0-255,1484,55448,58,184541
7960,0.001128,74.125.24.0-255,1484,56932,58,184541
7961,0.00113,172.31.46.0-255,66,56998,58,184541
7962,0.001144,74.125.24.0-255,1484,58482,58,184541
7963,0.001156,74.125.24.0-255,2902,61384,58,184541
7964,0.001158,172.31.46.0-255,66,61450,58,184541
7965,0.00118,74.125.24.0-255,4320,65770,58,184541
7966,0.001184,74.125.24.0-255,2902,68672,58,184541
7967,0.001188,172.31.46.0-255,66,68738,58,184541
7968,0.001195,172.31.46.0-255,66,68804,58,184541
7969,0.001201,74.125.24.0-255,5738,74542,58,184541
7970,0.001204,172.31.46.0-255,66,74608,58,184541
7971,0.001207,74.125.24.0-255,1484,76092,58,184541
7972,0.00125,172.31.46.0-255,66,76158,58,184541
7973,0.001266,74.125.24.0-255,5738,81896,58,184541
7974,0.001268,172.31.46.0-255,66,81962,58,184541
7975,0.001307,172.31.46.0-255,66,82028,58,184541
7976,0.001312,74.125.24.0-255,2902,84930,58,184541
7977,0.001314,172.31.46.0-255,66,84996,58,184541
7978,0.001319,74.125.24.0-255,4320,89316,58,184541
7979,0.001321,172.31.46.0-255,66,89382,58,184541
7980,0.00136,172.31.46.0-255,66,89448,58,184541
7981,0.001366,74.125.24.0-255,4320,93768,58,184541
7982,0.001369,172.31.46.0-255,66,93834,58,184541
7983,0.001386,74.125.24.0-255,7156,100990,58,184541
7984,0.001389,172.31.46.0-255,66,101056,58,184541
7985,0.001412,74.125.24.0-255,2902,103958,58,184541
7986,0.001414,172.31.46.0-255,66,104024,58,184541
7987,0.001433,74.125.24.0-255,3602,107626,58,184541
7988,0.001436,172.31.46.0-255,66,107692,58,184541
7989,0.001573,74.125.24.0-255,1484,109176,58,184541
7990,0.001608,74.125.24.0-255,2902,112078,58,184541
7991,0.001611,74.125.24.0-255,1484,113562,58,184541
7992,0.001615,172.31.46.0-255,66,113628,58,184541
7993,0.00164,74.125.24.0-255,5738,119366,58,184541
7994,0.001643,172.31.46.0-255,66,119432,58,184541
7995,0.001684,172.31.46.0-255,66,119498,58,184541
7996,0.001721,74.125.24.0-255,2902,122400,58,184541
7997,0.001724,172.31.46.0-255,66,122466,58,184541
7998,0.001749,74.125.24.0-255,6438,128904,58,184541
7999,0.001752,172.31.46.0-255,66,128970,58,184541
8000,0.001803,74.125.24.0-255,1484,130454,58,184541
8001,0.001824,74.125.24.0-255,2902,133356,58,184541
8002,0.001827,172.31.46.0-255,66,133422,58,184541
8003,0.00185,74.125.24.0-255,5738,139160,58,184541
8004,0.001853,172.31.46.0-255,66,139226,58,184541
8005,0.001887,172.31.46.0-255,66,139292,58,184541
8006,0.001953,172.31.46.0-255,66,139358,58,184541
8007,0.001974,74.125.24.0-255,1484,140842,58,184541
8008,0.002005,74.125.24.0-255,2902,143744,58,184541
8009,0.002009,172.31.46.0-255,66,143810,58,184541
8010,0.002016,74.125.24.0-255,5738,149548,58,184541
8011,0.002019,172.31.46.0-255,66,149614,58,184541
8012,0.002023,74.125.24.0-255,2902,152516,58,184541
8013,0.002026,172.31.46.0-255,66,152582,58,184541
8014,0.002062,172.31.46.0-255,66,152648,58,184541
8015,0.002066,74.125.24.0-255,1484,154132,58,184541
8016,0.002094,172.31.46.0-255,66,154198,58,184541
8017,0.002126,74.125.24.0-255,7156,161354,58,184541
8018,0.002129,172.31.46.0-255,66,161420,58,184541
8019,0.002144,74.125.24.0-255,4320,165740,58,184541
8020,0.002147,172.31.46.0-255,66,165806,58,184541
8021,0.002162,74.125.24.0-255,7156,172962,58,184541
8022,0.002166,172.31.46.0-255,66,173028,58,184541
8023,0.002196,74.125.24.0-255,5738,178766,58,184541
8024,0.002199,172.31.46.0-255,66,178832,58,184541
8025,0.00221,172.31.46.0-255,66,178898,58,184541
8026,0.002261,172.31.46.0-255,66,178964,58,184541
8027,0.002272,172.31.46.0-255,66,179030,58,184541
8028,0.002295,74.125.24.0-255,4320,183350,58,184541
8029,0.002299,172.31.46.0-255,66,183416,58,184541
8030,0.002341,172.31.46.0-255,66,183482,58,184541
8031,0.002345,74.125.24.0-255,717,184199,58,184541
8032,0.002347,74.125.24.0-255,105,184304,58,184541
8033,0.008215,172.31.46.0-255,66,184370,58,184541
8034,0.008252,172.31.46.0-255,105,184475,58,184541
8035,0.010554,74.125.24.0-255,66,184541,58,184541
8036,0.0,74.125.200.0-255,153,153,58,145381
8037,3.2e-05,172.31.46.0-255,66,219,58,145381
8038,3.9e-05,74.125.200.0-255,1484,1703,58,145381
8039,4.4e-05,172.31.46.0-255,66,1769,58,145381
8040,4.8e-05,74.125.200.0-255,2902,4671,58,145381
8041,5.1e-05,172.31.46.0-255,66,4737,58,145381
8042,8.3e-05,74.125.200.0-255,5738,10475,58,145381
8043,8.5e-05,172.31.46.0-255,66,10541,58,145381
8044,8.8e-05,74.125.200.0-255,1484,12025,58,145381
8045,9.1e-05,172.31.46.0-255,66,12091,58,145381
8046,9.5e-05,74.125.200.0-255,2095,14186,58,145381
8047,9.7e-05,172.31.46.0-255,66,14252,58,145381
8048,0.000282,74.125.200.0-255,1484,15736,58,145381
8049,0.000289,172.31.46.0-255,66,15802,58,145381
8050,0.000293,74.125.200.0-255,1484,17286,58,145381
8051,0.000294,172.31.46.0-255,66,17352,58,145381
8052,0.000307,74.125.200.0-255,1484,18836,58,145381
8053,0.00031,172.31.46.0-255,66,18902,58,145381
8054,0.000327,74.125.200.0-255,5738,24640,58,145381
8055,0.00033,172.31.46.0-255,66,24706,58,145381
8056,0.000333,74.125.200.0-255,1484,26190,58,145381
8057,0.000335,172.31.46.0-255,66,26256,58,145381
8058,0.000391,74.125.200.0-255,6797,33053,58,145381
8059,0.000395,172.31.46.0-255,66,33119,58,145381
8060,0.000414,74.125.200.0-255,4320,37439,58,145381
8061,0.000417,172.31.46.0-255,66,37505,58,145381
8062,0.00044,74.125.200.0-255,2902,40407,58,145381
8063,0.000443,172.31.46.0-255,66,40473,58,145381
8064,0.000449,74.125.200.0-255,5738,46211,58,145381
8065,0.000451,172.31.46.0-255,66,46277,58,145381
8066,0.000483,74.125.200.0-255,2543,48820,58,145381
8067,0.000486,172.31.46.0-255,66,48886,58,145381
8068,0.000558,74.125.200.0-255,1484,50370,58,145381
8069,0.000563,74.125.200.0-255,1484,51854,58,145381
8070,0.000565,172.31.46.0-255,66,51920,58,145381
8071,0.000585,74.125.200.0-255,1484,53404,58,145381
8072,0.000588,74.125.200.0-255,1484,54888,58,145381
8073,0.00059,172.31.46.0-255,66,54954,58,145381
8074,0.000594,74.125.200.0-255,2902,57856,58,145381
8075,0.000597,172.31.46.0-255,66,57922,58,145381
8076,0.00062,74.125.200.0-255,4320,62242,58,145381
8077,0.000623,172.31.46.0-255,66,62308,58,145381
8078,0.00064,74.125.200.0-255,1484,63792,58,145381
8079,0.000645,74.125.200.0-255,2543,66335,58,145381
8080,0.000647,172.31.46.0-255,66,66401,58,145381
8081,0.000675,74.125.200.0-255,362,66763,58,145381
8082,0.000804,172.31.46.0-255,66,66829,58,145381
8083,0.002691,74.125.200.0-255,4320,71149,58,145381
8084,0.002696,172.31.46.0-255,66,71215,58,145381
8085,0.002838,74.125.200.0-255,1484,72699,58,145381
8086,0.004745,74.125.200.0-255,4320,77019,58,145381
8087,0.004751,172.31.46.0-255,66,77085,58,145381
8088,0.006794,74.125.200.0-255,4320,81405,58,145381
8089,0.006799,172.31.46.0-255,66,81471,58,145381
8090,0.006835,74.125.200.0-255,1484,82955,58,145381
8091,0.008848,74.125.200.0-255,4320,87275,58,145381
8092,0.008855,172.31.46.0-255,66,87341,58,145381
8093,0.010902,74.125.200.0-255,5738,93079,58,145381
8094,0.01091,172.31.46.0-255,66,93145,58,145381
8095,0.012977,74.125.200.0-255,5738,98883,58,145381
8096,0.012984,172.31.46.0-255,66,98949,58,145381
8097,0.01508,74.125.200.0-255,5738,104687,58,145381
8098,0.015093,172.31.46.0-255,66,104753,58,145381
8099,0.017145,74.125.200.0-255,5738,110491,58,145381
8100,0.017152,172.31.46.0-255,66,110557,58,145381
8101,0.019205,74.125.200.0-255,5738,116295,58,145381
8102,0.019212,172.31.46.0-255,66,116361,58,145381
8103,0.021273,74.125.200.0-255,5738,122099,58,145381
8104,0.021282,172.31.46.0-255,66,122165,58,145381
8105,0.023341,74.125.200.0-255,5738,127903,58,145381
8106,0.02335,172.31.46.0-255,66,127969,58,145381
8107,0.025394,74.125.200.0-255,5738,133707,58,145381
8108,0.025402,172.31.46.0-255,66,133773,58,145381
8109,0.027448,74.125.200.0-255,5738,139511,58,145381
8110,0.027454,172.31.46.0-255,66,139577,58,145381
8111,0.029499,74.125.200.0-255,5738,145315,58,145381
8112,0.029506,172.31.46.0-255,66,145381,58,145381
8113,0.0,74.125.24.0-255,300,300,58,160367
8114,2.7e-05,172.31.46.0-255,66,366,58,160367
8115,3.4e-05,74.125.24.0-255,1484,1850,58,160367
8116,4e-05,172.31.46.0-255,66,1916,58,160367
8117,4.7e-05,74.125.24.0-255,4320,6236,58,160367
8118,5.1e-05,172.31.46.0-255,66,6302,58,160367
8119,6.3e-05,172.31.46.0-255,66,6368,58,160367
8120,9.8e-05,172.31.46.0-255,66,6434,58,160367
8121,0.000114,74.125.24.0-255,2902,9336,58,160367
8122,0.000117,172.31.46.0-255,66,9402,58,160367
8123,0.000165,74.125.24.0-255,2543,11945,58,160367
8124,0.000167,172.31.46.0-255,66,12011,58,160367
8125,0.00017,74.125.24.0-255,1484,13495,58,160367
8126,0.000173,172.31.46.0-255,66,13561,58,160367
8127,0.000191,74.125.24.0-255,5738,19299,58,160367
8128,0.000194,172.31.46.0-255,66,19365,58,160367
8129,0.000212,74.125.24.0-255,4320,23685,58,160367
8130,0.000214,172.31.46.0-255,66,23751,58,160367
8131,0.000253,74.125.24.0-255,5379,29130,58,160367
8132,0.000257,172.31.46.0-255,66,29196,58,160367
8133,0.000308,172.31.46.0-255,66,29262,58,160367
8134,0.00035,74.125.24.0-255,110,29372,58,160367
8135,0.000353,172.31.46.0-255,66,29438,58,160367
8136,0.001121,74.125.24.0-255,331,29769,58,160367
8137,0.001127,172.31.46.0-255,66,29835,58,160367
8138,0.001315,74.125.24.0-255,1484,31319,58,160367
8139,0.001321,172.31.46.0-255,66,31385,58,160367
8140,0.001345,74.125.24.0-255,2902,34287,58,160367
8141,0.001348,172.31.46.0-255,66,34353,58,160367
8142,0.001356,74.125.24.0-255,5738,40091,58,160367
8143,0.001358,172.31.46.0-255,66,40157,58,160367
8144,0.001399,74.125.24.0-255,4320,44477,58,160367
8145,0.001402,172.31.46.0-255,66,44543,58,160367
8146,0.001418,74.125.24.0-255,2543,47086,58,160367
8147,0.001421,172.31.46.0-255,66,47152,58,160367
8148,0.001428,74.125.24.0-255,5738,52890,58,160367
8149,0.00143,172.31.46.0-255,66,52956,58,160367
8150,0.001433,74.125.24.0-255,1484,54440,58,160367
8151,0.001458,74.125.24.0-255,5738,60178,58,160367
8152,0.001461,172.31.46.0-255,66,60244,58,160367
8153,0.001464,74.125.24.0-255,1484,61728,58,160367
8154,0.001481,74.125.24.0-255,2543,64271,58,160367
8155,0.001484,172.31.46.0-255,66,64337,58,160367
8156,0.002287,74.125.24.0-255,1484,65821,58,160367
8157,0.002296,74.125.24.0-255,2902,68723,58,160367
8158,0.0023,172.31.46.0-255,66,68789,58,160367
8159,0.002305,74.125.24.0-255,1484,70273,58,160367
8160,0.002329,74.125.24.0-255,4320,74593,58,160367
8161,0.002331,172.31.46.0-255,66,74659,58,160367
8162,0.002337,74.125.24.0-255,4320,78979,58,160367
8163,0.002339,172.31.46.0-255,66,79045,58,160367
8164,0.002367,74.125.24.0-255,4320,83365,58,160367
8165,0.002369,172.31.46.0-255,66,83431,58,160367
8166,0.002395,74.125.24.0-255,7156,90587,58,160367
8167,0.002397,172.31.46.0-255,66,90653,58,160367
8168,0.002431,74.125.24.0-255,1484,92137,58,160367
8169,0.002452,74.125.24.0-255,4320,96457,58,160367
8170,0.002455,172.31.46.0-255,66,96523,58,160367
8171,0.004801,74.125.24.0-255,5738,102261,58,160367
8172,0.004808,172.31.46.0-255,66,102327,58,160367
8173,0.00716,74.125.24.0-255,5738,108065,58,160367
8174,0.007166,172.31.46.0-255,66,108131,58,160367
8175,0.00951,74.125.24.0-255,5738,113869,58,160367
8176,0.009517,172.31.46.0-255,66,113935,58,160367
8177,0.011896,74.125.24.0-255,5738,119673,58,160367
8178,0.011905,172.31.46.0-255,66,119739,58,160367
8179,0.01421,74.125.24.0-255,5738,125477,58,160367
8180,0.014218,172.31.46.0-255,66,125543,58,160367
8181,0.016575,74.125.24.0-255,5738,131281,58,160367
8182,0.016583,172.31.46.0-255,66,131347,58,160367
8183,0.018924,74.125.24.0-255,5738,137085,58,160367
8184,0.018931,172.31.46.0-255,66,137151,58,160367
8185,0.021269,74.125.24.0-255,5738,142889,58,160367
8186,0.021276,172.31.46.0-255,66,142955,58,160367
8187,0.023618,74.125.24.0-255,5738,148693,58,160367
8188,0.023627,172.31.46.0-255,66,148759,58,160367
8189,0.026001,74.125.24.0-255,5738,154497,58,160367
8190,0.026009,172.31.46.0-255,66,154563,58,160367
8191,0.028356,74.125.24.0-255,5738,160301,58,160367
8192,0.028368,172.31.46.0-255,66,160367,58,160367
8193,0.0,74.125.24.0-255,152,152,58,165664
8194,2.2e-05,172.31.46.0-255,66,218,58,165664
8195,2.9e-05,74.125.24.0-255,1484,1702,58,165664
8196,3.4e-05,172.31.46.0-255,66,1768,58,165664
8197,4.8e-05,74.125.24.0-255,2902,4670,58,165664
8198,5.2e-05,172.31.46.0-255,66,4736,58,165664
8199,6e-05,74.125.24.0-255,7156,11892,58,165664
8200,6.3e-05,172.31.46.0-255,66,11958,58,165664
8201,6.8e-05,74.125.24.0-255,2046,14004,58,165664
8202,7e-05,172.31.46.0-255,66,14070,58,165664
8203,0.00014,74.125.24.0-255,1484,15554,58,165664
8204,0.000142,172.31.46.0-255,66,15620,58,165664
8205,0.000146,74.125.24.0-255,1484,17104,58,165664
8206,0.000149,172.31.46.0-255,66,17170,58,165664
8207,0.000168,74.125.24.0-255,1484,18654,58,165664
8208,0.000171,172.31.46.0-255,66,18720,58,165664
8209,0.000178,74.125.24.0-255,5738,24458,58,165664
8210,0.000181,172.31.46.0-255,66,24524,58,165664
8211,0.00023,74.125.24.0-255,1484,26008,58,165664
8212,0.000233,172.31.46.0-255,66,26074,58,165664
8213,0.000273,172.31.46.0-255,66,26140,58,165664
8214,0.000301,74.125.24.0-255,2543,28683,58,165664
8215,0.000304,172.31.46.0-255,66,28749,58,165664
8216,0.000329,172.31.46.0-255,66,28815,58,165664
8217,0.00035,74.125.24.0-255,1484,30299,58,165664
8218,0.000352,172.31.46.0-255,66,30365,58,165664
8219,0.000357,74.125.24.0-255,2902,33267,58,165664
8220,0.000359,172.31.46.0-255,66,33333,58,165664
8221,0.000364,74.125.24.0-255,2902,36235,58,165664
8222,0.000367,172.31.46.0-255,66,36301,58,165664
8223,0.000402,74.125.24.0-255,2902,39203,58,165664
8224,0.000406,172.31.46.0-255,66,39269,58,165664
8225,0.000417,172.31.46.0-255,66,39335,58,165664
8226,0.000924,74.125.24.0-255,1484,40819,58,165664
8227,0.000933,74.125.24.0-255,2902,43721,58,165664
8228,0.000937,172.31.46.0-255,66,43787,58,165664
8229,0.000941,74.125.24.0-255,1484,45271,58,165664
8230,0.000971,74.125.24.0-255,4320,49591,58,165664
8231,0.000974,172.31.46.0-255,66,49657,58,165664
8232,0.000988,172.31.46.0-255,66,49723,58,165664
8233,0.001029,172.31.46.0-255,66,49789,58,165664
8234,0.001463,74.125.24.0-255,1484,51273,58,165664
8235,0.00147,74.125.24.0-255,2902,54175,58,165664
8236,0.001473,172.31.46.0-255,66,54241,58,165664
8237,0.00148,74.125.24.0-255,4320,58561,58,165664
8238,0.001482,172.31.46.0-255,66,58627,58,165664
8239,0.001525,74.125.24.0-255,1484,60111,58,165664
8240,0.00154,172.31.46.0-255,66,60177,58,165664
8241,0.001561,74.125.24.0-255,7156,67333,58,165664
8242,0.001564,172.31.46.0-255,66,67399,58,165664
8243,0.001569,74.125.24.0-255,3602,71001,58,165664
8244,0.001571,172.31.46.0-255,66,71067,58,165664
8245,0.001948,74.125.24.0-255,1484,72551,58,165664
8246,0.001957,74.125.24.0-255,2902,75453,58,165664
8247,0.001961,172.31.46.0-255,66,75519,58,165664
8248,0.001969,74.125.24.0-255,5738,81257,58,165664
8249,0.001972,172.31.46.0-255,66,81323,58,165664
8250,0.001992,172.31.46.0-255,66,81389,58,165664
8251,0.002018,74.125.24.0-255,1484,82873,58,165664
8252,0.002054,172.31.46.0-255,66,82939,58,165664
8253,0.00225,74.125.24.0-255,1484,84423,58,165664
8254,0.002257,74.125.24.0-255,2902,87325,58,165664
8255,0.00226,172.31.46.0-255,66,87391,58,165664
8256,0.002309,74.125.24.0-255,2902,90293,58,165664
8257,0.002311,172.31.46.0-255,66,90359,58,165664
8258,0.002349,74.125.24.0-255,2902,93261,58,165664
8259,0.002351,172.31.46.0-255,66,93327,58,165664
8260,0.002365,172.31.46.0-255,66,93393,58,165664
8261,0.002378,172.31.46.0-255,66,93459,58,165664
8262,0.004646,74.125.24.0-255,5738,99197,58,165664
8263,0.004655,172.31.46.0-255,66,99263,58,165664
8264,0.006963,74.125.24.0-255,5738,105001,58,165664
8265,0.006969,172.31.46.0-255,66,105067,58,165664
8266,0.009283,74.125.24.0-255,5738,110805,58,165664
8267,0.00929,172.31.46.0-255,66,110871,58,165664
8268,0.011637,74.125.24.0-255,2902,113773,58,165664
8269,0.011647,172.31.46.0-255,66,113839,58,165664
8270,0.011677,74.125.24.0-255,2902,116741,58,165664
8271,0.01168,172.31.46.0-255,66,116807,58,165664
8272,0.013941,74.125.24.0-255,5738,122545,58,165664
8273,0.013949,172.31.46.0-255,66,122611,58,165664
8274,0.016311,74.125.24.0-255,5738,128349,58,165664
8275,0.016318,172.31.46.0-255,66,128415,58,165664
8276,0.018626,74.125.24.0-255,5738,134153,58,165664
8277,0.018635,172.31.46.0-255,66,134219,58,165664
8278,0.020898,74.125.24.0-255,5738,139957,58,165664
8279,0.020905,172.31.46.0-255,66,140023,58,165664
8280,0.023183,74.125.24.0-255,5738,145761,58,165664
8281,0.023189,172.31.46.0-255,66,145827,58,165664
8282,0.025481,74.125.24.0-255,5738,151565,58,165664
8283,0.025487,172.31.46.0-255,66,151631,58,165664
8284,0.025896,172.31.46.0-255,172,151803,58,165664
8285,0.025932,172.31.46.0-255,1113,152916,58,165664
8286,0.025994,172.31.46.0-255,1514,154430,58,165664
8287,0.025996,172.31.46.0-255,1514,155944,58,165664
8288,0.025997,172.31.46.0-255,1514,157458,58,165664
8289,0.025998,172.31.46.0-255,1514,158972,58,165664
8290,0.025999,172.31.46.0-255,624,159596,58,165664
8291,0.027499,104.244.42.0-255,66,159662,58,165664
8292,0.027536,104.244.42.0-255,66,159728,58,165664
8293,0.027564,104.244.42.0-255,66,159794,58,165664
8294,0.027584,104.244.42.0-255,66,159860,58,165664
8295,0.027764,74.125.24.0-255,5738,165598,58,165664
8296,0.02777,172.31.46.0-255,66,165664,58,165664
8297,0.0,74.125.68.0-255,475,475,58,282242
8298,1.6e-05,172.31.46.0-255,66,541,58,282242
8299,2.2e-05,74.125.68.0-255,1484,2025,58,282242
8300,2.6e-05,172.31.46.0-255,66,2091,58,282242
8301,3e-05,74.125.68.0-255,1484,3575,58,282242
8302,3.4e-05,172.31.46.0-255,66,3641,58,282242
8303,4e-05,74.125.68.0-255,2902,6543,58,282242
8304,4.4e-05,172.31.46.0-255,66,6609,58,282242
8305,6.9e-05,74.125.68.0-255,5738,12347,58,282242
8306,7.2e-05,172.31.46.0-255,66,12413,58,282242
8307,7.5e-05,74.125.68.0-255,1484,13897,58,282242
8308,7.7e-05,172.31.46.0-255,66,13963,58,282242
8309,9.6e-05,74.125.68.0-255,504,14467,58,282242
8310,9.8e-05,172.31.46.0-255,66,14533,58,282242
8311,0.000222,74.125.68.0-255,1484,16017,58,282242
8312,0.000226,172.31.46.0-255,66,16083,58,282242
8313,0.000232,74.125.68.0-255,2902,18985,58,282242
8314,0.000234,172.31.46.0-255,66,19051,58,282242
8315,0.000264,74.125.68.0-255,5738,24789,58,282242
8316,0.000266,172.31.46.0-255,66,24855,58,282242
8317,0.000274,74.125.68.0-255,6797,31652,58,282242
8318,0.000277,172.31.46.0-255,66,31718,58,282242
8319,0.000299,74.125.68.0-255,5738,37456,58,282242
8320,0.000301,172.31.46.0-255,66,37522,58,282242
8321,0.000318,74.125.68.0-255,1484,39006,58,282242
8322,0.000321,172.31.46.0-255,66,39072,58,282242
8323,0.000342,74.125.68.0-255,7156,46228,58,282242
8324,0.000345,172.31.46.0-255,66,46294,58,282242
8325,0.000364,74.125.68.0-255,1484,47778,58,282242
8326,0.000366,172.31.46.0-255,66,47844,58,282242
8327,0.000379,172.31.46.0-255,66,47910,58,282242
8328,0.000384,74.125.68.0-255,4320,52230,58,282242
8329,0.000386,172.31.46.0-255,66,52296,58,282242
8330,0.000437,74.125.68.0-255,3602,55898,58,282242
8331,0.000439,172.31.46.0-255,66,55964,58,282242
8332,0.000965,74.125.68.0-255,647,56611,58,282242
8333,0.001005,74.125.68.0-255,1484,58095,58,282242
8334,0.001009,172.31.46.0-255,66,58161,58,282242
8335,0.001016,74.125.68.0-255,4320,62481,58,282242
8336,0.001018,172.31.46.0-255,66,62547,58,282242
8337,0.00104,74.125.68.0-255,1484,64031,58,282242
8338,0.001046,74.125.68.0-255,2902,66933,58,282242
8339,0.001048,172.31.46.0-255,66,66999,58,282242
8340,0.001073,74.125.68.0-255,5738,72737,58,282242
8341,0.001075,172.31.46.0-255,66,72803,58,282242
8342,0.00108,74.125.68.0-255,2902,75705,58,282242
8343,0.001082,172.31.46.0-255,66,75771,58,282242
8344,0.001098,74.125.68.0-255,1484,77255,58,282242
8345,0.001105,74.125.68.0-255,5738,82993,58,282242
8346,0.001107,172.31.46.0-255,66,83059,58,282242
8347,0.001145,172.31.46.0-255,66,83125,58,282242
8348,0.001194,172.31.46.0-255,101,83226,58,282242
8349,0.001229,74.125.68.0-255,1484,84710,58,282242
8350,0.001233,74.125.68.0-255,1484,86194,58,282242
8351,0.001236,172.31.46.0-255,66,86260,58,282242
8352,0.001255,74.125.68.0-255,1484,87744,58,282242
8353,0.001262,74.125.68.0-255,5738,93482,58,282242
8354,0.001264,172.31.46.0-255,66,93548,58,282242
8355,0.001288,74.125.68.0-255,5738,99286,58,282242
8356,0.00129,172.31.46.0-255,66,99352,58,282242
8357,0.001308,74.125.68.0-255,4320,103672,58,282242
8358,0.00131,172.31.46.0-255,66,103738,58,282242
8359,0.001325,172.31.46.0-255,66,103804,58,282242
8360,0.001328,74.125.68.0-255,2184,105988,58,282242
8361,0.00133,172.31.46.0-255,66,106054,58,282242
8362,0.001379,74.125.68.0-255,2902,108956,58,282242
8363,0.001384,172.31.46.0-255,66,109022,58,282242
8364,0.001395,74.125.68.0-255,4320,113342,58,282242
8365,0.001398,172.31.46.0-255,66,113408,58,282242
8366,0.001432,172.31.46.0-255,66,113474,58,282242
8367,0.001437,74.125.68.0-255,4320,117794,58,282242
8368,0.001439,172.31.46.0-255,66,117860,58,282242
8369,0.001445,74.125.68.0-255,4320,122180,58,282242
8370,0.001448,172.31.46.0-255,66,122246,58,282242
8371,0.001468,74.125.68.0-255,1484,123730,58,282242
8372,0.001485,74.125.68.0-255,4320,128050,58,282242
8373,0.001489,172.31.46.0-255,66,128116,58,282242
8374,0.001509,74.125.68.0-255,3602,131718,58,282242
8375,0.001513,172.31.46.0-255,66,131784,58,282242
8376,0.001596,74.125.68.0-255,1484,133268,58,282242
8377,0.001616,74.125.68.0-255,2902,136170,58,282242
8378,0.001619,172.31.46.0-255,66,136236,58,282242
8379,0.001643,74.125.68.0-255,5738,141974,58,282242
8380,0.001646,172.31.46.0-255,66,142040,58,282242
8381,0.001659,74.125.68.0-255,2902,144942,58,282242
8382,0.001661,172.31.46.0-255,66,145008,58,282242
8383,0.001676,74.125.68.0-255,4320,149328,58,282242
8384,0.001678,172.31.46.0-255,66,149394,58,282242
8385,0.001681,74.125.68.0-255,1484,150878,58,282242
8386,0.001698,74.125.68.0-255,2902,153780,58,282242
8387,0.001701,172.31.46.0-255,66,153846,58,282242
8388,0.001719,74.125.68.0-255,5738,159584,58,282242
8389,0.001723,172.31.46.0-255,66,159650,58,282242
8390,0.001751,74.125.68.0-255,6438,166088,58,282242
8391,0.001755,172.31.46.0-255,66,166154,58,282242
8392,0.001957,74.125.68.0-255,1484,167638,58,282242
8393,0.001972,74.125.68.0-255,2902,170540,58,282242
8394,0.001975,172.31.46.0-255,66,170606,58,282242
8395,0.002002,74.125.68.0-255,4320,174926,58,282242
8396,0.002005,172.31.46.0-255,66,174992,58,282242
8397,0.002011,74.125.68.0-255,5738,180730,58,282242
8398,0.002014,172.31.46.0-255,66,180796,58,282242
8399,0.002035,74.125.68.0-255,7156,187952,58,282242
8400,0.002038,172.31.46.0-255,66,188018,58,282242
8401,0.002055,74.125.68.0-255,4320,192338,58,282242
8402,0.002059,74.125.68.0-255,4320,196658,58,282242
8403,0.002063,172.31.46.0-255,66,196724,58,282242
8404,0.002071,172.31.46.0-255,66,196790,58,282242
8405,0.002113,74.125.68.0-255,3602,200392,58,282242
8406,0.002116,172.31.46.0-255,66,200458,58,282242
8407,0.002211,74.125.68.0-255,1484,201942,58,282242
8408,0.002231,74.125.68.0-255,2902,204844,58,282242
8409,0.002234,172.31.46.0-255,66,204910,58,282242
8410,0.002257,74.125.68.0-255,4320,209230,58,282242
8411,0.00226,172.31.46.0-255,66,209296,58,282242
8412,0.002281,74.125.68.0-255,2902,212198,58,282242
8413,0.002285,172.31.46.0-255,66,212264,58,282242
8414,0.002302,172.31.46.0-255,66,212330,58,282242
8415,0.002305,74.125.68.0-255,1484,213814,58,282242
8416,0.003407,74.125.68.0-255,66,213880,58,282242
8417,0.004557,74.125.68.0-255,4320,218200,58,282242
8418,0.004565,172.31.46.0-255,66,218266,58,282242
8419,0.006821,74.125.68.0-255,5738,224004,58,282242
8420,0.006827,172.31.46.0-255,66,224070,58,282242
8421,0.009113,74.125.68.0-255,5738,229808,58,282242
8422,0.009119,172.31.46.0-255,66,229874,58,282242
8423,0.011373,74.125.68.0-255,5738,235612,58,282242
8424,0.01138,172.31.46.0-255,66,235678,58,282242
8425,0.013649,74.125.68.0-255,5738,241416,58,282242
8426,0.013656,172.31.46.0-255,66,241482,58,282242
8427,0.015915,74.125.68.0-255,5738,247220,58,282242
8428,0.015922,172.31.46.0-255,66,247286,58,282242
8429,0.018212,74.125.68.0-255,5738,253024,58,282242
8430,0.01822,172.31.46.0-255,66,253090,58,282242
8431,0.020488,74.125.68.0-255,5738,258828,58,282242
8432,0.020496,172.31.46.0-255,66,258894,58,282242
8433,0.022776,74.125.68.0-255,5738,264632,58,282242
8434,0.022782,172.31.46.0-255,66,264698,58,282242
8435,0.025052,74.125.68.0-255,5738,270436,58,282242
8436,0.025061,172.31.46.0-255,66,270502,58,282242
8437,0.027323,74.125.68.0-255,5738,276240,58,282242
8438,0.027331,172.31.46.0-255,66,276306,58,282242
8439,0.029593,74.125.68.0-255,2902,279208,58,282242
8440,0.029601,172.31.46.0-255,66,279274,58,282242
8441,0.029624,74.125.68.0-255,2902,282176,58,282242
8442,0.029627,172.31.46.0-255,66,282242,58,282242
8443,0.0,74.125.130.0-255,156,156,58,221026
8444,1.5e-05,172.31.46.0-255,66,222,58,221026
8445,2.1e-05,74.125.130.0-255,1484,1706,58,221026
8446,2.5e-05,172.31.46.0-255,66,1772,58,221026
8447,3.2e-05,74.125.130.0-255,2902,4674,58,221026
8448,3.6e-05,172.31.46.0-255,66,4740,58,221026
8449,5.9e-05,74.125.130.0-255,7156,11896,58,221026
8450,6.3e-05,172.31.46.0-255,66,11962,58,221026
8451,9.6e-05,172.31.46.0-255,66,12028,58,221026
8452,0.000117,74.125.130.0-255,2011,14039,58,221026
8453,0.00012,172.31.46.0-255,66,14105,58,221026
8454,0.000124,74.125.130.0-255,2902,17007,58,221026
8455,0.000127,172.31.46.0-255,66,17073,58,221026
8456,0.000148,74.125.130.0-255,5379,22452,58,221026
8457,0.000151,172.31.46.0-255,66,22518,58,221026
8458,0.000258,74.125.130.0-255,1484,24002,58,221026
8459,0.000261,172.31.46.0-255,66,24068,58,221026
8460,0.000264,74.125.130.0-255,1484,25552,58,221026
8461,0.000267,172.31.46.0-255,66,25618,58,221026
8462,0.000271,74.125.130.0-255,2902,28520,58,221026
8463,0.000274,172.31.46.0-255,66,28586,58,221026
8464,0.000295,74.125.130.0-255,5738,34324,58,221026
8465,0.000297,172.31.46.0-255,66,34390,58,221026
8466,0.000331,74.125.130.0-255,5379,39769,58,221026
8467,0.000334,172.31.46.0-255,66,39835,58,221026
8468,0.000568,74.125.130.0-255,1484,41319,58,221026
8469,0.000573,172.31.46.0-255,66,41385,58,221026
8470,0.00058,74.125.130.0-255,2902,44287,58,221026
8471,0.000582,172.31.46.0-255,66,44353,58,221026
8472,0.000586,74.125.130.0-255,1484,45837,58,221026
8473,0.000588,172.31.46.0-255,66,45903,58,221026
8474,0.000602,74.125.130.0-255,2902,48805,58,221026
8475,0.000606,172.31.46.0-255,66,48871,58,221026
8476,0.000618,74.125.130.0-255,1484,50355,58,221026
8477,0.00064,74.125.130.0-255,6797,57152,58,221026
8478,0.000643,172.31.46.0-255,66,57218,58,221026
8479,0.000677,74.125.130.0-255,1484,58702,58,221026
8480,0.000691,74.125.130.0-255,2902,61604,58,221026
8481,0.000694,172.31.46.0-255,66,61670,58,221026
8482,0.000699,74.125.130.0-255,2902,64572,58,221026
8483,0.000702,172.31.46.0-255,66,64638,58,221026
8484,0.000717,74.125.130.0-255,2902,67540,58,221026
8485,0.00072,172.31.46.0-255,66,67606,58,221026
8486,0.000723,74.125.130.0-255,1484,69090,58,221026
8487,0.000749,74.125.130.0-255,5959,75049,58,221026
8488,0.000752,172.31.46.0-255,66,75115,58,221026
8489,0.000794,74.125.130.0-255,1484,76599,58,221026
8490,0.000807,74.125.130.0-255,2902,79501,58,221026
8491,0.00081,172.31.46.0-255,66,79567,58,221026
8492,0.000862,74.125.130.0-255,5738,85305,58,221026
8493,0.000865,172.31.46.0-255,66,85371,58,221026
8494,0.00087,74.125.130.0-255,4320,89691,58,221026
8495,0.000872,172.31.46.0-255,66,89757,58,221026
8496,0.000886,74.125.130.0-255,2543,92300,58,221026
8497,0.000889,172.31.46.0-255,66,92366,58,221026
8498,0.001208,74.125.130.0-255,1484,93850,58,221026
8499,0.001214,74.125.130.0-255,2902,96752,58,221026
8500,0.001218,172.31.46.0-255,66,96818,58,221026
8501,0.001224,74.125.130.0-255,5738,102556,58,221026
8502,0.001227,172.31.46.0-255,66,102622,58,221026
8503,0.001232,74.125.130.0-255,2902,105524,58,221026
8504,0.001234,172.31.46.0-255,66,105590,58,221026
8505,0.001252,74.125.130.0-255,4320,109910,58,221026
8506,0.001255,172.31.46.0-255,66,109976,58,221026
8507,0.001259,74.125.130.0-255,2902,112878,58,221026
8508,0.001262,172.31.46.0-255,66,112944,58,221026
8509,0.001286,74.125.130.0-255,5738,118682,58,221026
8510,0.00129,172.31.46.0-255,66,118748,58,221026
8511,0.001294,74.125.130.0-255,2902,121650,58,221026
8512,0.001296,172.31.46.0-255,66,121716,58,221026
8513,0.001325,74.125.130.0-255,5020,126736,58,221026
8514,0.001328,172.31.46.0-255,66,126802,58,221026
8515,0.001585,74.125.130.0-255,1484,128286,58,221026
8516,0.00159,74.125.130.0-255,1484,129770,58,221026
8517,0.001593,172.31.46.0-255,66,129836,58,221026
8518,0.001616,74.125.130.0-255,1484,131320,58,221026
8519,0.001623,74.125.130.0-255,5738,137058,58,221026
8520,0.001626,172.31.46.0-255,66,137124,58,221026
8521,0.001668,74.125.130.0-255,4320,141444,58,221026
8522,0.001674,172.31.46.0-255,66,141510,58,221026
8523,0.001694,74.125.130.0-255,2902,144412,58,221026
8524,0.001696,172.31.46.0-255,66,144478,58,221026
8525,0.001701,74.125.130.0-255,2902,147380,58,221026
8526,0.001703,172.31.46.0-255,66,147446,58,221026
8527,0.00171,74.125.130.0-255,4320,151766,58,221026
8528,0.001712,172.31.46.0-255,66,151832,58,221026
8529,0.001723,172.31.46.0-255,66,151898,58,221026
8530,0.001726,74.125.130.0-255,766,152664,58,221026
8531,0.002378,172.31.46.0-255,66,152730,58,221026
8532,0.003975,74.125.130.0-255,4320,157050,58,221026
8533,0.003983,172.31.46.0-255,66,157116,58,221026
8534,0.004616,74.125.130.0-255,1484,158600,58,221026
8535,0.006231,74.125.130.0-255,4320,162920,58,221026
8536,0.006234,172.31.46.0-255,66,162986,58,221026
8537,0.008484,74.125.130.0-255,5738,168724,58,221026
8538,0.008491,172.31.46.0-255,66,168790,58,221026
8539,0.010739,74.125.130.0-255,5738,174528,58,221026
8540,0.010746,172.31.46.0-255,66,174594,58,221026
8541,0.01299,74.125.130.0-255,5738,180332,58,221026
8542,0.012998,172.31.46.0-255,66,180398,58,221026
8543,0.015248,74.125.130.0-255,5738,186136,58,221026
8544,0.015257,172.31.46.0-255,66,186202,58,221026
8545,0.01753,74.125.130.0-255,5738,191940,58,221026
8546,0.017542,172.31.46.0-255,66,192006,58,221026
8547,0.019792,74.125.130.0-255,5738,197744,58,221026
8548,0.019806,172.31.46.0-255,66,197810,58,221026
8549,0.022081,74.125.130.0-255,5738,203548,58,221026
8550,0.022101,172.31.46.0-255,66,203614,58,221026
8551,0.024365,74.125.130.0-255,5738,209352,58,221026
8552,0.02438,172.31.46.0-255,66,209418,58,221026
8553,0.026641,74.125.130.0-255,5738,215156,58,221026
8554,0.026651,172.31.46.0-255,66,215222,58,221026
8555,0.028905,74.125.130.0-255,5738,220960,58,221026
8556,0.02892,172.31.46.0-255,66,221026,58,221026
8557,0.0,74.125.68.0-255,146,146,58,312564
8558,2.4e-05,172.31.46.0-255,66,212,58,312564
8559,3.1e-05,74.125.68.0-255,1484,1696,58,312564
8560,3.5e-05,172.31.46.0-255,66,1762,58,312564
8561,3.8e-05,74.125.68.0-255,1484,3246,58,312564
8562,5.2e-05,172.31.46.0-255,66,3312,58,312564
8563,5.9e-05,74.125.68.0-255,2902,6214,58,312564
8564,6.2e-05,172.31.46.0-255,66,6280,58,312564
8565,6.9e-05,74.125.68.0-255,5738,12018,58,312564
8566,7.2e-05,172.31.46.0-255,66,12084,58,312564
8567,7.6e-05,74.125.68.0-255,2053,14137,58,312564
8568,7.9e-05,172.31.46.0-255,66,14203,58,312564
8569,0.000164,74.125.68.0-255,1484,15687,58,312564
8570,0.000169,172.31.46.0-255,66,15753,58,312564
8571,0.00018,74.125.68.0-255,2902,18655,58,312564
8572,0.000183,172.31.46.0-255,66,18721,58,312564
8573,0.000212,74.125.68.0-255,5738,24459,58,312564
8574,0.000215,172.31.46.0-255,66,24525,58,312564
8575,0.000237,74.125.68.0-255,6797,31322,58,312564
8576,0.00024,172.31.46.0-255,66,31388,58,312564
8577,0.000272,74.125.68.0-255,7156,38544,58,312564
8578,0.000275,172.31.46.0-255,66,38610,58,312564
8579,0.000278,74.125.68.0-255,1484,40094,58,312564
8580,0.00028,172.31.46.0-255,66,40160,58,312564
8581,0.000301,74.125.68.0-255,5738,45898,58,312564
8582,0.000304,172.31.46.0-255,66,45964,58,312564
8583,0.000327,74.125.68.0-255,2543,48507,58,312564
8584,0.000329,172.31.46.0-255,66,48573,58,312564
8585,0.000379,74.125.68.0-255,2902,51475,58,312564
8586,0.000382,172.31.46.0-255,66,51541,58,312564
8587,0.000386,74.125.68.0-255,2902,54443,58,312564
8588,0.000388,172.31.46.0-255,66,54509,58,312564
8589,0.000394,74.125.68.0-255,4320,58829,58,312564
8590,0.000396,172.31.46.0-255,66,58895,58,312564
8591,0.000441,74.125.68.0-255,6797,65692,58,312564
8592,0.000444,172.31.46.0-255,66,65758,58,312564
8593,0.00047,74.125.68.0-255,414,66172,58,312564
8594,0.000499,74.125.68.0-255,328,66500,58,312564
8595,0.000753,74.125.68.0-255,1484,67984,58,312564
8596,0.000759,172.31.46.0-255,66,68050,58,312564
8597,0.000765,74.125.68.0-255,2902,70952,58,312564
8598,0.000768,172.31.46.0-255,66,71018,58,312564
8599,0.000788,74.125.68.0-255,2902,73920,58,312564
8600,0.000796,172.31.46.0-255,66,73986,58,312564
8601,0.000801,74.125.68.0-255,4320,78306,58,312564
8602,0.000803,172.31.46.0-255,66,78372,58,312564
8603,0.000806,74.125.68.0-255,1484,79856,58,312564
8604,0.000837,74.125.68.0-255,7156,87012,58,312564
8605,0.00084,172.31.46.0-255,66,87078,58,312564
8606,0.000845,74.125.68.0-255,4320,91398,58,312564
8607,0.000848,172.31.46.0-255,66,91464,58,312564
8608,0.000854,74.125.68.0-255,5738,97202,58,312564
8609,0.000856,172.31.46.0-255,66,97268,58,312564
8610,0.000887,74.125.68.0-255,3602,100870,58,312564
8611,0.00089,172.31.46.0-255,66,100936,58,312564
8612,0.001025,74.125.68.0-255,1484,102420,58,312564
8613,0.001029,74.125.68.0-255,1484,103904,58,312564
8614,0.001032,172.31.46.0-255,66,103970,58,312564
8615,0.00106,74.125.68.0-255,1484,105454,58,312564
8616,0.001067,74.125.68.0-255,5738,111192,58,312564
8617,0.00107,172.31.46.0-255,66,111258,58,312564
8618,0.001104,172.31.46.0-255,66,111324,58,312564
8619,0.001108,74.125.68.0-255,2902,114226,58,312564
8620,0.00111,172.31.46.0-255,66,114292,58,312564
8621,0.001152,172.31.46.0-255,66,114358,58,312564
8622,0.001156,74.125.68.0-255,2184,116542,58,312564
8623,0.001158,172.31.46.0-255,66,116608,58,312564
8624,0.001268,74.125.68.0-255,1484,118092,58,312564
8625,0.001318,74.125.68.0-255,2902,120994,58,312564
8626,0.001323,172.31.46.0-255,66,121060,58,312564
8627,0.001327,74.125.68.0-255,1484,122544,58,312564
8628,0.001331,74.125.68.0-255,2902,125446,58,312564
8629,0.001333,172.31.46.0-255,66,125512,58,312564
8630,0.001369,74.125.68.0-255,5738,131250,58,312564
8631,0.001372,172.31.46.0-255,66,131316,58,312564
8632,0.001439,172.31.46.0-255,66,131382,58,312564
8633,0.001451,172.31.46.0-255,66,131448,58,312564
8634,0.00151,172.31.46.0-255,66,131514,58,312564
8635,0.001523,74.125.68.0-255,1484,132998,58,312564
8636,0.001554,74.125.68.0-255,7156,140154,58,312564
8637,0.001559,172.31.46.0-255,66,140220,58,312564
8638,0.001587,74.125.68.0-255,4320,144540,58,312564
8639,0.001607,74.125.68.0-255,2184,146724,58,312564
8640,0.001614,172.31.46.0-255,66,146790,58,312564
8641,0.00237,74.125.68.0-255,1484,148274,58,312564
8642,0.002375,74.125.68.0-255,2902,151176,58,312564
8643,0.002378,74.125.68.0-255,1484,152660,58,312564
8644,0.002384,172.31.46.0-255,66,152726,58,312564
8645,0.002405,74.125.68.0-255,4320,157046,58,312564
8646,0.002408,172.31.46.0-255,66,157112,58,312564
8647,0.002415,74.125.68.0-255,7156,164268,58,312564
8648,0.002417,172.31.46.0-255,66,164334,58,312564
8649,0.002456,172.31.46.0-255,66,164400,58,312564
8650,0.002476,74.125.68.0-255,1484,165884,58,312564
8651,0.002508,74.125.68.0-255,5020,170904,58,312564
8652,0.002511,172.31.46.0-255,66,170970,58,312564
8653,0.002576,74.125.68.0-255,1484,172454,58,312564
8654,0.002587,74.125.68.0-255,1484,173938,58,312564
8655,0.00259,172.31.46.0-255,66,174004,58,312564
8656,0.002615,74.125.68.0-255,1484,175488,58,312564
8657,0.002617,74.125.68.0-255,1484,176972,58,312564
8658,0.002626,172.31.46.0-255,66,177038,58,312564
8659,0.002659,74.125.68.0-255,7156,184194,58,312564
8660,0.002662,172.31.46.0-255,66,184260,58,312564
8661,0.002691,172.31.46.0-255,66,184326,58,312564
8662,0.002697,74.125.68.0-255,4320,188646,58,312564
8663,0.002699,172.31.46.0-255,66,188712,58,312564
8664,0.00272,74.125.68.0-255,2902,191614,58,312564
8665,0.002727,172.31.46.0-255,66,191680,58,312564
8666,0.002733,74.125.68.0-255,5020,196700,58,312564
8667,0.002735,172.31.46.0-255,66,196766,58,312564
8668,0.003631,74.125.68.0-255,1484,198250,58,312564
8669,0.003638,74.125.68.0-255,1484,199734,58,312564
8670,0.003643,172.31.46.0-255,66,199800,58,312564
8671,0.003669,74.125.68.0-255,1484,201284,58,312564
8672,0.003675,74.125.68.0-255,4320,205604,58,312564
8673,0.003677,172.31.46.0-255,66,205670,58,312564
8674,0.003709,74.125.68.0-255,7156,212826,58,312564
8675,0.003712,172.31.46.0-255,66,212892,58,312564
8676,0.003729,74.125.68.0-255,1484,214376,58,312564
8677,0.00381,74.125.68.0-255,4320,218696,58,312564
8678,0.003825,74.125.68.0-255,3602,222298,58,312564
8679,0.003929,74.125.68.0-255,1484,223782,58,312564
8680,0.003945,74.125.68.0-255,2902,226684,58,312564
8681,0.003949,74.125.68.0-255,2902,229586,58,312564
8682,0.003974,74.125.68.0-255,4320,233906,58,312564
8683,0.003997,74.125.68.0-255,2902,236808,58,312564
8684,0.004023,74.125.68.0-255,5738,242546,58,312564
8685,0.004046,74.125.68.0-255,1484,244030,58,312564
8686,0.00406,74.125.68.0-255,3602,247632,58,312564
8687,0.004107,74.125.68.0-255,4320,251952,58,312564
8688,0.004114,74.125.68.0-255,5738,257690,58,312564
8689,0.00413,74.125.68.0-255,4320,262010,58,312564
8690,0.004133,74.125.68.0-255,1484,263494,58,312564
8691,0.004146,74.125.68.0-255,1484,264978,58,312564
8692,0.004168,74.125.68.0-255,4320,269298,58,312564
8693,0.004171,74.125.68.0-255,1484,270782,58,312564
8694,0.004191,74.125.68.0-255,4320,275102,58,312564
8695,0.004219,74.125.68.0-255,5738,280840,58,312564
8696,0.004232,74.125.68.0-255,766,281606,58,312564
8697,0.004271,74.125.68.0-255,1484,283090,58,312564
8698,0.004273,74.125.68.0-255,1484,284574,58,312564
8699,0.004285,74.125.68.0-255,1484,286058,58,312564
8700,0.004303,74.125.68.0-255,5738,291796,58,312564
8701,0.004307,74.125.68.0-255,2902,294698,58,312564
8702,0.004319,74.125.68.0-255,1484,296182,58,312564
8703,0.004344,74.125.68.0-255,5738,301920,58,312564
8704,0.004367,74.125.68.0-255,5738,307658,58,312564
8705,0.004418,74.125.68.0-255,4564,312222,58,312564
8706,0.004474,74.125.68.0-255,105,312327,58,312564
8707,0.009005,172.31.46.0-255,66,312393,58,312564
8708,0.010988,172.31.46.0-255,105,312498,58,312564
8709,0.01351,74.125.68.0-255,66,312564,58,312564
8710,0.0,172.217.194.0-255,299,299,58,237202
8711,2.3e-05,172.31.46.0-255,66,365,58,237202
8712,3e-05,172.217.194.0-255,1484,1849,58,237202
8713,3.4e-05,172.31.46.0-255,66,1915,58,237202
8714,4.8e-05,172.217.194.0-255,4320,6235,58,237202
8715,5.3e-05,172.31.46.0-255,66,6301,58,237202
8716,5.6e-05,172.217.194.0-255,1484,7785,58,237202
8717,5.9e-05,172.31.46.0-255,66,7851,58,237202
8718,8.9e-05,172.217.194.0-255,6062,13913,58,237202
8719,9.2e-05,172.31.46.0-255,66,13979,58,237202
8720,0.000122,172.217.194.0-255,7156,21135,58,237202
8721,0.000124,172.31.46.0-255,66,21201,58,237202
8722,0.000151,172.217.194.0-255,4320,25521,58,237202
8723,0.000153,172.31.46.0-255,66,25587,58,237202
8724,0.000172,172.217.194.0-255,4320,29907,58,237202
8725,0.000175,172.31.46.0-255,66,29973,58,237202
8726,0.000178,172.217.194.0-255,1125,31098,58,237202
8727,0.00018,172.31.46.0-255,66,31164,58,237202
8728,0.000298,172.217.194.0-255,1484,32648,58,237202
8729,0.000303,172.31.46.0-255,66,32714,58,237202
8730,0.00031,172.217.194.0-255,2902,35616,58,237202
8731,0.000313,172.31.46.0-255,66,35682,58,237202
8732,0.000336,172.217.194.0-255,5738,41420,58,237202
8733,0.000339,172.31.46.0-255,66,41486,58,237202
8734,0.000365,172.217.194.0-255,2902,44388,58,237202
8735,0.000368,172.31.46.0-255,66,44454,58,237202
8736,0.000399,172.31.46.0-255,66,44520,58,237202
8737,0.000406,172.217.194.0-255,5738,50258,58,237202
8738,0.000409,172.31.46.0-255,66,50324,58,237202
8739,0.000444,172.217.194.0-255,2902,53226,58,237202
8740,0.000446,172.31.46.0-255,66,53292,58,237202
8741,0.000453,172.217.194.0-255,4540,57832,58,237202
8742,0.000456,172.31.46.0-255,66,57898,58,237202
8743,0.000677,172.217.194.0-255,1484,59382,58,237202
8744,0.000685,172.217.194.0-255,2902,62284,58,237202
8745,0.000689,172.31.46.0-255,66,62350,58,237202
8746,0.000693,172.217.194.0-255,1484,63834,58,237202
8747,0.000721,172.217.194.0-255,4320,68154,58,237202
8748,0.000724,172.31.46.0-255,66,68220,58,237202
8749,0.000759,172.31.46.0-255,66,68286,58,237202
8750,0.000765,172.217.194.0-255,4320,72606,58,237202
8751,0.000767,172.31.46.0-255,66,72672,58,237202
8752,0.000794,172.217.194.0-255,7156,79828,58,237202
8753,0.000797,172.31.46.0-255,66,79894,58,237202
8754,0.000801,172.217.194.0-255,2184,82078,58,237202
8755,0.000804,172.31.46.0-255,66,82144,58,237202
8756,0.001232,172.217.194.0-255,1484,83628,58,237202
8757,0.001259,172.217.194.0-255,2902,86530,58,237202
8758,0.001263,172.31.46.0-255,66,86596,58,237202
8759,0.001296,172.217.194.0-255,5738,92334,58,237202
8760,0.001298,172.31.46.0-255,66,92400,58,237202
8761,0.001305,172.217.194.0-255,4320,96720,58,237202
8762,0.001307,172.31.46.0-255,66,96786,58,237202
8763,0.001342,172.217.194.0-255,7156,103942,58,237202
8764,0.001345,172.31.46.0-255,66,104008,58,237202
8765,0.00136,172.31.46.0-255,66,104074,58,237202
8766,0.001388,172.217.194.0-255,1484,105558,58,237202
8767,0.001423,172.31.46.0-255,66,105624,58,237202
8768,0.001436,172.31.46.0-255,66,105690,58,237202
8769,0.001449,172.217.194.0-255,2902,108592,58,237202
8770,0.001452,172.31.46.0-255,66,108658,58,237202
8771,0.001467,172.31.46.0-255,66,108724,58,237202
8772,0.001528,172.217.194.0-255,1484,110208,58,237202
8773,0.001544,172.217.194.0-255,1484,111692,58,237202
8774,0.001547,172.31.46.0-255,66,111758,58,237202
8775,0.001575,172.217.194.0-255,1484,113242,58,237202
8776,0.001582,172.217.194.0-255,5738,118980,58,237202
8777,0.001584,172.31.46.0-255,66,119046,58,237202
8778,0.001598,172.31.46.0-255,66,119112,58,237202
8779,0.001604,172.217.194.0-255,5738,124850,58,237202
8780,0.001606,172.31.46.0-255,66,124916,58,237202
8781,0.001634,172.217.194.0-255,5020,129936,58,237202
8782,0.001637,172.31.46.0-255,66,130002,58,237202
8783,0.001665,172.31.46.0-255,66,130068,58,237202
8784,0.001696,172.217.194.0-255,2902,132970,58,237202
8785,0.001699,172.31.46.0-255,66,133036,58,237202
8786,0.001715,172.31.46.0-255,66,133102,58,237202
8787,0.00172,172.217.194.0-255,3602,136704,58,237202
8788,0.001723,172.31.46.0-255,66,136770,58,237202
8789,0.001777,172.31.46.0-255,66,136836,58,237202
8790,0.001796,172.31.46.0-255,66,136902,58,237202
8791,0.001864,172.217.194.0-255,1484,138386,58,237202
8792,0.001869,172.217.194.0-255,1484,139870,58,237202
8793,0.001872,172.31.46.0-255,66,139936,58,237202
8794,0.001896,172.217.194.0-255,1484,141420,58,237202
8795,0.001903,172.217.194.0-255,5738,147158,58,237202
8796,0.001905,172.31.46.0-255,66,147224,58,237202
8797,0.00191,172.217.194.0-255,2902,150126,58,237202
8798,0.001912,172.31.46.0-255,66,150192,58,237202
8799,0.00194,172.217.194.0-255,2902,153094,58,237202
8800,0.001943,172.31.46.0-255,66,153160,58,237202
8801,0.001962,172.217.194.0-255,5020,158180,58,237202
8802,0.001969,172.31.46.0-255,66,158246,58,237202
8803,0.002007,172.217.194.0-255,4320,162566,58,237202
8804,0.00201,172.217.194.0-255,1484,164050,58,237202
8805,0.002017,172.31.46.0-255,66,164116,58,237202
8806,0.002053,172.217.194.0-255,4320,168436,58,237202
8807,0.002077,172.217.194.0-255,3602,172038,58,237202
8808,0.002098,172.31.46.0-255,66,172104,58,237202
8809,0.004148,172.217.194.0-255,5738,177842,58,237202
8810,0.004155,172.31.46.0-255,66,177908,58,237202
8811,0.006217,172.217.194.0-255,5738,183646,58,237202
8812,0.006224,172.31.46.0-255,66,183712,58,237202
8813,0.008319,172.217.194.0-255,5738,189450,58,237202
8814,0.008326,172.31.46.0-255,66,189516,58,237202
8815,0.010434,172.217.194.0-255,5738,195254,58,237202
8816,0.010439,172.31.46.0-255,66,195320,58,237202
8817,0.012477,172.217.194.0-255,5738,201058,58,237202
8818,0.012484,172.31.46.0-255,66,201124,58,237202
8819,0.014551,172.217.194.0-255,5738,206862,58,237202
8820,0.014561,172.31.46.0-255,66,206928,58,237202
8821,0.016627,172.217.194.0-255,5738,212666,58,237202
8822,0.016636,172.31.46.0-255,66,212732,58,237202
8823,0.018646,172.217.194.0-255,5738,218470,58,237202
8824,0.018654,172.31.46.0-255,66,218536,58,237202
8825,0.020709,172.217.194.0-255,5738,224274,58,237202
8826,0.020718,172.31.46.0-255,66,224340,58,237202
8827,0.022751,172.217.194.0-255,5738,230078,58,237202
8828,0.022759,172.31.46.0-255,66,230144,58,237202
8829,0.024805,172.217.194.0-255,5738,235882,58,237202
8830,0.024811,172.31.46.0-255,66,235948,58,237202
8831,0.02683,172.217.194.0-255,1017,236965,58,237202
8832,0.026966,172.31.46.0-255,66,237031,58,237202
8833,0.027003,172.31.46.0-255,105,237136,58,237202
8834,0.029005,172.217.194.0-255,66,237202,58,237202
8835,0.0,74.125.24.0-255,151,151,58,233701
8836,2.2e-05,172.31.46.0-255,66,217,58,233701
8837,2.9e-05,74.125.24.0-255,1484,1701,58,233701
8838,3.3e-05,172.31.46.0-255,66,1767,58,233701
8839,3.9e-05,74.125.24.0-255,2902,4669,58,233701
8840,4.2e-05,172.31.46.0-255,66,4735,58,233701
8841,4.7e-05,74.125.24.0-255,4320,9055,58,233701
8842,5e-05,172.31.46.0-255,66,9121,58,233701
8843,5.6e-05,74.125.24.0-255,4890,14011,58,233701
8844,5.9e-05,172.31.46.0-255,66,14077,58,233701
8845,8.3e-05,74.125.24.0-255,1484,15561,58,233701
8846,8.6e-05,172.31.46.0-255,66,15627,58,233701
8847,9e-05,74.125.24.0-255,2902,18529,58,233701
8848,9.2e-05,172.31.46.0-255,66,18595,58,233701
8849,0.000108,74.125.24.0-255,5738,24333,58,233701
8850,0.00011,172.31.46.0-255,66,24399,58,233701
8851,0.000137,74.125.24.0-255,6797,31196,58,233701
8852,0.000139,172.31.46.0-255,66,31262,58,233701
8853,0.000288,74.125.24.0-255,1484,32746,58,233701
8854,0.000293,172.31.46.0-255,66,32812,58,233701
8855,0.000298,74.125.24.0-255,2902,35714,58,233701
8856,0.0003,172.31.46.0-255,66,35780,58,233701
8857,0.000314,74.125.24.0-255,4320,40100,58,233701
8858,0.000317,172.31.46.0-255,66,40166,58,233701
8859,0.00034,74.125.24.0-255,1484,41650,58,233701
8860,0.000341,172.31.46.0-255,66,41716,58,233701
8861,0.000349,74.125.24.0-255,6797,48513,58,233701
8862,0.000351,172.31.46.0-255,66,48579,58,233701
8863,0.000358,74.125.24.0-255,7156,55735,58,233701
8864,0.00036,172.31.46.0-255,66,55801,58,233701
8865,0.000387,74.125.24.0-255,7156,62957,58,233701
8866,0.000389,172.31.46.0-255,66,63023,58,233701
8867,0.000393,74.125.24.0-255,2543,65566,58,233701
8868,0.000416,74.125.24.0-255,677,66243,58,233701
8869,0.000429,172.31.46.0-255,66,66309,58,233701
8870,0.000675,74.125.24.0-255,1484,67793,58,233701
8871,0.000692,74.125.24.0-255,2902,70695,58,233701
8872,0.000695,172.31.46.0-255,66,70761,58,233701
8873,0.000702,74.125.24.0-255,5738,76499,58,233701
8874,0.000704,172.31.46.0-255,66,76565,58,233701
8875,0.000718,74.125.24.0-255,2902,79467,58,233701
8876,0.00072,172.31.46.0-255,66,79533,58,233701
8877,0.000759,74.125.24.0-255,766,80299,58,233701
8878,0.000763,172.31.46.0-255,66,80365,58,233701
8879,0.001156,74.125.24.0-255,1484,81849,58,233701
8880,0.001161,74.125.24.0-255,2902,84751,58,233701
8881,0.001164,172.31.46.0-255,66,84817,58,233701
8882,0.001168,74.125.24.0-255,1484,86301,58,233701
8883,0.00119,74.125.24.0-255,4320,90621,58,233701
8884,0.001192,172.31.46.0-255,66,90687,58,233701
8885,0.001197,74.125.24.0-255,4320,95007,58,233701
8886,0.001198,172.31.46.0-255,66,95073,58,233701
8887,0.001202,74.125.24.0-255,2902,97975,58,233701
8888,0.001204,172.31.46.0-255,66,98041,58,233701
8889,0.001236,172.31.46.0-255,66,98107,58,233701
8890,0.001239,74.125.24.0-255,1484,99591,58,233701
8891,0.001258,74.125.24.0-255,6438,106029,58,233701
8892,0.00126,172.31.46.0-255,66,106095,58,233701
8893,0.001366,74.125.24.0-255,1484,107579,58,233701
8894,0.00137,74.125.24.0-255,1484,109063,58,233701
8895,0.001372,172.31.46.0-255,66,109129,58,233701
8896,0.001386,74.125.24.0-255,1484,110613,58,233701
8897,0.001402,74.125.24.0-255,5738,116351,58,233701
8898,0.001404,172.31.46.0-255,66,116417,58,233701
8899,0.001427,74.125.24.0-255,1484,117901,58,233701
8900,0.00146,172.31.46.0-255,66,117967,58,233701
8901,0.001483,172.31.46.0-255,66,118033,58,233701
8902,0.001577,74.125.24.0-255,1484,119517,58,233701
8903,0.00158,74.125.24.0-255,2902,122419,58,233701
8904,0.001589,172.31.46.0-255,66,122485,58,233701
8905,0.001596,74.125.24.0-255,5738,128223,58,233701
8906,0.001598,172.31.46.0-255,66,128289,58,233701
8907,0.001658,172.31.46.0-255,66,128355,58,233701
8908,0.001673,74.125.24.0-255,4320,132675,58,233701
8909,0.001675,172.31.46.0-255,66,132741,58,233701
8910,0.001687,74.125.24.0-255,1484,134225,58,233701
8911,0.00169,172.31.46.0-255,66,134291,58,233701
8912,0.001721,74.125.24.0-255,4320,138611,58,233701
8913,0.001731,172.31.46.0-255,66,138677,58,233701
8914,0.001753,74.125.24.0-255,7156,145833,58,233701
8915,0.001767,172.31.46.0-255,66,145899,58,233701
8916,0.001789,74.125.24.0-255,1484,147383,58,233701
8917,0.00181,74.125.24.0-255,2902,150285,58,233701
8918,0.001814,74.125.24.0-255,2902,153187,58,233701
8919,0.001827,172.31.46.0-255,66,153253,58,233701
8920,0.001831,74.125.24.0-255,2902,156155,58,233701
8921,0.001836,74.125.24.0-255,4320,160475,58,233701
8922,0.001841,172.31.46.0-255,66,160541,58,233701
8923,0.001884,172.31.46.0-255,66,160607,58,233701
8924,0.001902,74.125.24.0-255,2184,162791,58,233701
8925,0.001914,172.31.46.0-255,66,162857,58,233701
8926,0.001931,74.125.24.0-255,2902,165759,58,233701
8927,0.001936,172.31.46.0-255,66,165825,58,233701
8928,0.001946,74.125.24.0-255,1484,167309,58,233701
8929,0.001974,74.125.24.0-255,5738,173047,58,233701
8930,0.001984,172.31.46.0-255,66,173113,58,233701
8931,0.002006,74.125.24.0-255,4320,177433,58,233701
8932,0.002028,74.125.24.0-255,6438,183871,58,233701
8933,0.002035,172.31.46.0-255,66,183937,58,233701
8934,0.00211,74.125.24.0-255,1484,185421,58,233701
8935,0.00213,74.125.24.0-255,2902,188323,58,233701
8936,0.002136,74.125.24.0-255,5738,194061,58,233701
8937,0.002157,74.125.24.0-255,2902,196963,58,233701
8938,0.00216,172.31.46.0-255,66,197029,58,233701
8939,0.002172,74.125.24.0-255,5738,202767,58,233701
8940,0.002176,172.31.46.0-255,66,202833,58,233701
8941,0.002187,74.125.24.0-255,2902,205735,58,233701
8942,0.002193,74.125.24.0-255,7156,212891,58,233701
8943,0.00221,74.125.24.0-255,5020,217911,58,233701
8944,0.002213,74.125.24.0-255,1484,219395,58,233701
8945,0.002217,172.31.46.0-255,66,219461,58,233701
8946,0.002248,74.125.24.0-255,7156,226617,58,233701
8947,0.002286,172.31.46.0-255,66,226683,58,233701
8948,0.002384,74.125.24.0-255,6610,233293,58,233701
8949,0.00239,172.31.46.0-255,66,233359,58,233701
8950,0.002408,74.125.24.0-255,105,233464,58,233701
8951,0.003789,172.31.46.0-255,66,233530,58,233701
8952,0.003822,172.31.46.0-255,105,233635,58,233701
8953,0.006331,74.125.24.0-255,66,233701,58,233701
8954,0.0,74.125.200.0-255,150,150,58,170853
8955,2.5e-05,172.31.46.0-255,66,216,58,170853
8956,3.2e-05,74.125.200.0-255,1484,1700,58,170853
8957,3.7e-05,172.31.46.0-255,66,1766,58,170853
8958,4.3e-05,74.125.200.0-255,2902,4668,58,170853
8959,4.6e-05,172.31.46.0-255,66,4734,58,170853
8960,6.3e-05,74.125.200.0-255,7156,11890,58,170853
8961,6.7e-05,172.31.46.0-255,66,11956,58,170853
8962,7.1e-05,74.125.200.0-255,2083,14039,58,170853
8963,7.5e-05,172.31.46.0-255,66,14105,58,170853
8964,0.000444,74.125.200.0-255,1484,15589,58,170853
8965,0.00045,172.31.46.0-255,66,15655,58,170853
8966,0.000457,74.125.200.0-255,2902,18557,58,170853
8967,0.000461,172.31.46.0-255,66,18623,58,170853
8968,0.000464,74.125.200.0-255,1484,20107,58,170853
8969,0.000466,172.31.46.0-255,66,20173,58,170853
8970,0.00049,74.125.200.0-255,2902,23075,58,170853
8971,0.000493,172.31.46.0-255,66,23141,58,170853
8972,0.000501,74.125.200.0-255,2902,26043,58,170853
8973,0.000504,172.31.46.0-255,66,26109,58,170853
8974,0.00053,74.125.200.0-255,5379,31488,58,170853
8975,0.000537,172.31.46.0-255,66,31554,58,170853
8976,0.000641,74.125.200.0-255,1484,33038,58,170853
8977,0.000645,172.31.46.0-255,66,33104,58,170853
8978,0.000649,74.125.200.0-255,1484,34588,58,170853
8979,0.000651,172.31.46.0-255,66,34654,58,170853
8980,0.000656,74.125.200.0-255,2902,37556,58,170853
8981,0.000659,172.31.46.0-255,66,37622,58,170853
8982,0.000702,74.125.200.0-255,5738,43360,58,170853
8983,0.000705,172.31.46.0-255,66,43426,58,170853
8984,0.000712,74.125.200.0-255,5379,48805,58,170853
8985,0.000715,172.31.46.0-255,66,48871,58,170853
8986,0.000747,74.125.200.0-255,5738,54609,58,170853
8987,0.000749,172.31.46.0-255,66,54675,58,170853
8988,0.00078,74.125.200.0-255,4320,58995,58,170853
8989,0.000783,172.31.46.0-255,66,59061,58,170853
8990,0.000805,74.125.200.0-255,1484,60545,58,170853
8991,0.000822,74.125.200.0-255,2902,63447,58,170853
8992,0.000824,172.31.46.0-255,66,63513,58,170853
8993,0.000853,74.125.200.0-255,2543,66056,58,170853
8994,0.000856,172.31.46.0-255,66,66122,58,170853
8995,0.001797,74.125.200.0-255,647,66769,58,170853
8996,0.002048,74.125.200.0-255,1484,68253,58,170853
8997,0.002054,172.31.46.0-255,66,68319,58,170853
8998,0.002062,74.125.200.0-255,2902,71221,58,170853
8999,0.002064,172.31.46.0-255,66,71287,58,170853
9000,0.002072,74.125.200.0-255,1484,72771,58,170853
9001,0.002096,74.125.200.0-255,4320,77091,58,170853
9002,0.002098,172.31.46.0-255,66,77157,58,170853
9003,0.002102,74.125.200.0-255,1484,78641,58,170853
9004,0.002106,74.125.200.0-255,2902,81543,58,170853
9005,0.002108,172.31.46.0-255,66,81609,58,170853
9006,0.002114,74.125.200.0-255,4320,85929,58,170853
9007,0.002121,172.31.46.0-255,66,85995,58,170853
9008,0.002149,74.125.200.0-255,1484,87479,58,170853
9009,0.002157,74.125.200.0-255,7156,94635,58,170853
9010,0.002159,172.31.46.0-255,66,94701,58,170853
9011,0.00221,74.125.200.0-255,6438,101139,58,170853
9012,0.002212,172.31.46.0-255,66,101205,58,170853
9013,0.004476,74.125.200.0-255,5738,106943,58,170853
9014,0.004481,172.31.46.0-255,66,107009,58,170853
9015,0.006762,74.125.200.0-255,5738,112747,58,170853
9016,0.006767,172.31.46.0-255,66,112813,58,170853
9017,0.009057,74.125.200.0-255,5738,118551,58,170853
9018,0.009067,172.31.46.0-255,66,118617,58,170853
9019,0.011342,74.125.200.0-255,5738,124355,58,170853
9020,0.011352,172.31.46.0-255,66,124421,58,170853
9021,0.013636,74.125.200.0-255,5738,130159,58,170853
9022,0.013648,172.31.46.0-255,66,130225,58,170853
9023,0.015932,74.125.200.0-255,5738,135963,58,170853
9024,0.015945,172.31.46.0-255,66,136029,58,170853
9025,0.018234,74.125.200.0-255,5738,141767,58,170853
9026,0.018248,172.31.46.0-255,66,141833,58,170853
9027,0.020527,74.125.200.0-255,5738,147571,58,170853
9028,0.020537,172.31.46.0-255,66,147637,58,170853
9029,0.022825,74.125.200.0-255,5738,153375,58,170853
9030,0.022834,172.31.46.0-255,66,153441,58,170853
9031,0.025119,74.125.200.0-255,5738,159179,58,170853
9032,0.025131,172.31.46.0-255,66,159245,58,170853
9033,0.027417,74.125.200.0-255,5738,164983,58,170853
9034,0.027428,172.31.46.0-255,66,165049,58,170853
9035,0.029715,74.125.200.0-255,5738,170787,58,170853
9036,0.029728,172.31.46.0-255,66,170853,58,170853
9037,0.0,74.125.68.0-255,146,146,58,304880
9038,2.3e-05,172.31.46.0-255,66,212,58,304880
9039,3e-05,74.125.68.0-255,1484,1696,58,304880
9040,3.5e-05,172.31.46.0-255,66,1762,58,304880
9041,4.1e-05,74.125.68.0-255,2902,4664,58,304880
9042,4.5e-05,172.31.46.0-255,66,4730,58,304880
9043,5.1e-05,74.125.68.0-255,4320,9050,58,304880
9044,5.4e-05,172.31.46.0-255,66,9116,58,304880
9045,8.2e-05,74.125.68.0-255,4885,14001,58,304880
9046,8.6e-05,172.31.46.0-255,66,14067,58,304880
9047,0.000141,74.125.68.0-255,5738,19805,58,304880
9048,0.000145,172.31.46.0-255,66,19871,58,304880
9049,0.000153,74.125.68.0-255,7156,27027,58,304880
9050,0.000156,172.31.46.0-255,66,27093,58,304880
9051,0.000178,74.125.68.0-255,3961,31054,58,304880
9052,0.000182,172.31.46.0-255,66,31120,58,304880
9053,0.000333,74.125.68.0-255,1484,32604,58,304880
9054,0.000338,172.31.46.0-255,66,32670,58,304880
9055,0.000345,74.125.68.0-255,2902,35572,58,304880
9056,0.000347,172.31.46.0-255,66,35638,58,304880
9057,0.000376,74.125.68.0-255,5738,41376,58,304880
9058,0.000379,172.31.46.0-255,66,41442,58,304880
9059,0.000396,74.125.68.0-255,5738,47180,58,304880
9060,0.000399,172.31.46.0-255,66,47246,58,304880
9061,0.000428,74.125.68.0-255,6797,54043,58,304880
9062,0.000431,172.31.46.0-255,66,54109,58,304880
9063,0.000436,74.125.68.0-255,4320,58429,58,304880
9064,0.000438,172.31.46.0-255,66,58495,58,304880
9065,0.000443,74.125.68.0-255,2902,61397,58,304880
9066,0.000446,172.31.46.0-255,66,61463,58,304880
9067,0.000472,74.125.68.0-255,2902,64365,58,304880
9068,0.000476,172.31.46.0-255,66,64431,58,304880
9069,0.000503,74.125.68.0-255,1125,65556,58,304880
9070,0.000518,74.125.68.0-255,678,66234,58,304880
9071,0.000521,172.31.46.0-255,66,66300,58,304880
9072,0.000712,74.125.68.0-255,1484,67784,58,304880
9073,0.000718,74.125.68.0-255,2902,70686,58,304880
9074,0.000722,172.31.46.0-255,66,70752,58,304880
9075,0.000726,74.125.68.0-255,1484,72236,58,304880
9076,0.000729,74.125.68.0-255,1484,73720,58,304880
9077,0.000731,172.31.46.0-255,66,73786,58,304880
9078,0.000752,74.125.68.0-255,1484,75270,58,304880
9079,0.000759,74.125.68.0-255,5738,81008,58,304880
9080,0.000762,172.31.46.0-255,66,81074,58,304880
9081,0.000788,74.125.68.0-255,5738,86812,58,304880
9082,0.000791,172.31.46.0-255,66,86878,58,304880
9083,0.000812,74.125.68.0-255,5738,92616,58,304880
9084,0.000815,172.31.46.0-255,66,92682,58,304880
9085,0.000868,172.31.46.0-255,66,92748,58,304880
9086,0.000946,74.125.68.0-255,1484,94232,58,304880
9087,0.000952,74.125.68.0-255,2902,97134,58,304880
9088,0.000955,172.31.46.0-255,66,97200,58,304880
9089,0.000979,74.125.68.0-255,5738,102938,58,304880
9090,0.000982,172.31.46.0-255,66,103004,58,304880
9091,0.000989,74.125.68.0-255,7156,110160,58,304880
9092,0.000992,172.31.46.0-255,66,110226,58,304880
9093,0.001014,172.31.46.0-255,66,110292,58,304880
9094,0.001039,74.125.68.0-255,5738,116030,58,304880
9095,0.001042,172.31.46.0-255,66,116096,58,304880
9096,0.001063,74.125.68.0-255,2184,118280,58,304880
9097,0.001066,172.31.46.0-255,66,118346,58,304880
9098,0.001196,74.125.68.0-255,1484,119830,58,304880
9099,0.001212,74.125.68.0-255,2902,122732,58,304880
9100,0.001215,172.31.46.0-255,66,122798,58,304880
9101,0.001222,74.125.68.0-255,4320,127118,58,304880
9102,0.001224,172.31.46.0-255,66,127184,58,304880
9103,0.001237,74.125.68.0-255,1484,128668,58,304880
9104,0.001242,74.125.68.0-255,2902,131570,58,304880
9105,0.001244,172.31.46.0-255,66,131636,58,304880
9106,0.00125,74.125.68.0-255,4320,135956,58,304880
9107,0.001252,172.31.46.0-255,66,136022,58,304880
9108,0.00129,172.31.46.0-255,66,136088,58,304880
9109,0.001294,74.125.68.0-255,2902,138990,58,304880
9110,0.001296,172.31.46.0-255,66,139056,58,304880
9111,0.001314,74.125.68.0-255,4320,143376,58,304880
9112,0.001317,172.31.46.0-255,66,143442,58,304880
9113,0.001335,74.125.68.0-255,766,144208,58,304880
9114,0.001727,74.125.68.0-255,1484,145692,58,304880
9115,0.001731,172.31.46.0-255,66,145758,58,304880
9116,0.001736,74.125.68.0-255,1484,147242,58,304880
9117,0.001749,74.125.68.0-255,2902,150144,58,304880
9118,0.001751,172.31.46.0-255,66,150210,58,304880
9119,0.001773,74.125.68.0-255,5738,155948,58,304880
9120,0.001776,172.31.46.0-255,66,156014,58,304880
9121,0.001816,172.31.46.0-255,66,156080,58,304880
9122,0.001855,74.125.68.0-255,5738,161818,58,304880
9123,0.001858,172.31.46.0-255,66,161884,58,304880
9124,0.001882,74.125.68.0-255,3602,165486,58,304880
9125,0.001885,172.31.46.0-255,66,165552,58,304880
9126,0.002057,74.125.68.0-255,1484,167036,58,304880
9127,0.002071,74.125.68.0-255,2902,169938,58,304880
9128,0.002075,172.31.46.0-255,66,170004,58,304880
9129,0.002082,74.125.68.0-255,5738,175742,58,304880
9130,0.002084,172.31.46.0-255,66,175808,58,304880
9131,0.002101,74.125.68.0-255,5738,181546,58,304880
9132,0.002104,172.31.46.0-255,66,181612,58,304880
9133,0.002135,74.125.68.0-255,5738,187350,58,304880
9134,0.002137,172.31.46.0-255,66,187416,58,304880
9135,0.002148,172.31.46.0-255,66,187482,58,304880
9136,0.002172,74.125.68.0-255,2184,189666,58,304880
9137,0.002174,172.31.46.0-255,66,189732,58,304880
9138,0.002177,74.125.68.0-255,1484,191216,58,304880
9139,0.002182,74.125.68.0-255,2902,194118,58,304880
9140,0.002184,172.31.46.0-255,66,194184,58,304880
9141,0.00219,74.125.68.0-255,5738,199922,58,304880
9142,0.002193,172.31.46.0-255,66,199988,58,304880
9143,0.002197,74.125.68.0-255,2902,202890,58,304880
9144,0.0022,172.31.46.0-255,66,202956,58,304880
9145,0.002241,74.125.68.0-255,2902,205858,58,304880
9146,0.002248,74.125.68.0-255,7156,213014,58,304880
9147,0.002253,74.125.68.0-255,4320,217334,58,304880
9148,0.002256,172.31.46.0-255,66,217400,58,304880
9149,0.002275,74.125.68.0-255,5738,223138,58,304880
9150,0.002277,74.125.68.0-255,766,223904,58,304880
9151,0.002304,74.125.68.0-255,1484,225388,58,304880
9152,0.002319,74.125.68.0-255,4320,229708,58,304880
9153,0.002345,74.125.68.0-255,2902,232610,58,304880
9154,0.002369,74.125.68.0-255,7156,239766,58,304880
9155,0.002405,74.125.68.0-255,2902,242668,58,304880
9156,0.002449,74.125.68.0-255,6438,249106,58,304880
9157,0.002457,74.125.68.0-255,7156,256262,58,304880
9158,0.002464,74.125.68.0-255,5738,262000,58,304880
9159,0.002468,74.125.68.0-255,2902,264902,58,304880
9160,0.002493,74.125.68.0-255,4320,269222,58,304880
9161,0.002505,74.125.68.0-255,2902,272124,58,304880
9162,0.002544,74.125.68.0-255,1484,273608,58,304880
9163,0.002634,74.125.68.0-255,4320,277928,58,304880
9164,0.002638,74.125.68.0-255,2902,280830,58,304880
9165,0.00264,74.125.68.0-255,766,281596,58,304880
9166,0.002642,74.125.68.0-255,1484,283080,58,304880
9167,0.002644,74.125.68.0-255,1484,284564,58,304880
9168,0.002669,74.125.68.0-255,7156,291720,58,304880
9169,0.002688,74.125.68.0-255,5738,297458,58,304880
9170,0.002708,74.125.68.0-255,2902,300360,58,304880
9171,0.002718,74.125.68.0-255,1484,301844,58,304880
9172,0.00272,74.125.68.0-255,1484,303328,58,304880
9173,0.002739,74.125.68.0-255,484,303812,58,304880
9174,0.002769,74.125.68.0-255,105,303917,58,304880
9175,0.008786,172.31.46.0-255,66,303983,58,304880
9176,0.008795,172.31.46.0-255,66,304049,58,304880
9177,0.008799,172.31.46.0-255,66,304115,58,304880
9178,0.008804,172.31.46.0-255,66,304181,58,304880
9179,0.008822,172.31.46.0-255,66,304247,58,304880
9180,0.008825,172.31.46.0-255,66,304313,58,304880
9181,0.008829,172.31.46.0-255,66,304379,58,304880
9182,0.008832,172.31.46.0-255,66,304445,58,304880
9183,0.008835,172.31.46.0-255,66,304511,58,304880
9184,0.008838,172.31.46.0-255,66,304577,58,304880
9185,0.008841,172.31.46.0-255,66,304643,58,304880
9186,0.008928,172.31.46.0-255,66,304709,58,304880
9187,0.011259,172.31.46.0-255,105,304814,58,304880
9188,0.013802,74.125.68.0-255,66,304880,58,304880
9189,0.0,74.125.68.0-255,152,152,58,168092
9190,2.2e-05,172.31.46.0-255,66,218,58,168092
9191,3e-05,74.125.68.0-255,1484,1702,58,168092
9192,3.4e-05,172.31.46.0-255,66,1768,58,168092
9193,4.1e-05,74.125.68.0-255,2902,4670,58,168092
9194,4.4e-05,172.31.46.0-255,66,4736,58,168092
9195,5.2e-05,74.125.68.0-255,7156,11892,58,168092
9196,5.5e-05,172.31.46.0-255,66,11958,58,168092
9197,9.3e-05,74.125.68.0-255,2011,13969,58,168092
9198,9.6e-05,172.31.46.0-255,66,14035,58,168092
9199,0.000184,74.125.68.0-255,1484,15519,58,168092
9200,0.000187,172.31.46.0-255,66,15585,58,168092
9201,0.000193,74.125.68.0-255,2902,18487,58,168092
9202,0.000195,172.31.46.0-255,66,18553,58,168092
9203,0.000216,74.125.68.0-255,2902,21455,58,168092
9204,0.000218,172.31.46.0-255,66,21521,58,168092
9205,0.000241,74.125.68.0-255,4320,25841,58,168092
9206,0.000244,172.31.46.0-255,66,25907,58,168092
9207,0.000281,74.125.68.0-255,5379,31286,58,168092
9208,0.000284,172.31.46.0-255,66,31352,58,168092
9209,0.000354,74.125.68.0-255,5738,37090,58,168092
9210,0.000357,172.31.46.0-255,66,37156,58,168092
9211,0.000395,74.125.68.0-255,1484,38640,58,168092
9212,0.000398,172.31.46.0-255,66,38706,58,168092
9213,0.000404,74.125.68.0-255,4320,43026,58,168092
9214,0.000406,172.31.46.0-255,66,43092,58,168092
9215,0.000423,74.125.68.0-255,4320,47412,58,168092
9216,0.000425,172.31.46.0-255,66,47478,58,168092
9217,0.000481,74.125.68.0-255,2902,50380,58,168092
9218,0.000484,172.31.46.0-255,66,50446,58,168092
9219,0.000545,74.125.68.0-255,4320,54766,58,168092
9220,0.000548,172.31.46.0-255,66,54832,58,168092
9221,0.000597,172.31.46.0-255,66,54898,58,168092
9222,0.00063,74.125.68.0-255,424,55322,58,168092
9223,0.000658,74.125.68.0-255,1484,56806,58,168092
9224,0.000666,172.31.46.0-255,66,56872,58,168092
9225,0.00068,74.125.68.0-255,1484,58356,58,168092
9226,0.000694,74.125.68.0-255,2902,61258,58,168092
9227,0.000705,172.31.46.0-255,66,61324,58,168092
9228,0.000736,74.125.68.0-255,5738,67062,58,168092
9229,0.000742,172.31.46.0-255,66,67128,58,168092
9230,0.000758,74.125.68.0-255,4320,71448,58,168092
9231,0.000775,172.31.46.0-255,66,71514,58,168092
9232,0.000819,74.125.68.0-255,5738,77252,58,168092
9233,0.000836,172.31.46.0-255,66,77318,58,168092
9234,0.000857,172.31.46.0-255,66,77384,58,168092
9235,0.000984,74.125.68.0-255,5738,83122,58,168092
9236,0.00099,172.31.46.0-255,66,83188,58,168092
9237,0.001004,74.125.68.0-255,3186,86374,58,168092
9238,0.001021,172.31.46.0-255,66,86440,58,168092
9239,0.001122,172.31.46.0-255,66,86506,58,168092
9240,0.001165,172.31.46.0-255,66,86572,58,168092
9241,0.001375,172.31.46.0-255,66,86638,58,168092
9242,0.001659,74.125.68.0-255,1484,88122,58,168092
9243,0.001671,74.125.68.0-255,1484,89606,58,168092
9244,0.001675,172.31.46.0-255,66,89672,58,168092
9245,0.001977,74.125.68.0-255,4320,93992,58,168092
9246,0.002002,74.125.68.0-255,5738,99730,58,168092
9247,0.00202,74.125.68.0-255,5738,105468,58,168092
9248,0.002036,74.125.68.0-255,2902,108370,58,168092
9249,0.002305,74.125.68.0-255,7156,115526,58,168092
9250,0.00649,172.31.46.0-255,66,115592,58,168092
9251,0.008533,74.125.68.0-255,5738,121330,58,168092
9252,0.008539,172.31.46.0-255,66,121396,58,168092
9253,0.010569,74.125.68.0-255,5738,127134,58,168092
9254,0.010647,172.31.46.0-255,66,127200,58,168092
9255,0.012675,74.125.68.0-255,5738,132938,58,168092
9256,0.012684,172.31.46.0-255,66,133004,58,168092
9257,0.014715,74.125.68.0-255,5738,138742,58,168092
9258,0.01823,172.31.46.0-255,66,138808,58,168092
9259,0.02026,74.125.68.0-255,5738,144546,58,168092
9260,0.020273,172.31.46.0-255,66,144612,58,168092
9261,0.022302,74.125.68.0-255,5738,150350,58,168092
9262,0.022315,172.31.46.0-255,66,150416,58,168092
9263,0.024342,74.125.68.0-255,5738,156154,58,168092
9264,0.024356,172.31.46.0-255,66,156220,58,168092
9265,0.02638,74.125.68.0-255,2902,159122,58,168092
9266,0.026388,172.31.46.0-255,66,159188,58,168092
9267,0.026447,74.125.68.0-255,2902,162090,58,168092
9268,0.026471,172.31.46.0-255,66,162156,58,168092
9269,0.028426,74.125.68.0-255,2902,165058,58,168092
9270,0.028439,172.31.46.0-255,66,165124,58,168092
9271,0.028481,74.125.68.0-255,2902,168026,58,168092
9272,0.028525,172.31.46.0-255,66,168092,58,168092
9273,0.0,74.125.24.0-255,155,155,58,269734
9274,2.1e-05,172.31.46.0-255,66,221,58,269734
9275,2.9e-05,74.125.24.0-255,1484,1705,58,269734
9276,3.3e-05,172.31.46.0-255,66,1771,58,269734
9277,3.9e-05,74.125.24.0-255,2902,4673,58,269734
9278,4.1e-05,172.31.46.0-255,66,4739,58,269734
9279,4.8e-05,74.125.24.0-255,5738,10477,58,269734
9280,5.1e-05,172.31.46.0-255,66,10543,58,269734
9281,8.4e-05,74.125.24.0-255,3524,14067,58,269734
9282,8.7e-05,172.31.46.0-255,66,14133,58,269734
9283,0.000119,74.125.24.0-255,4320,18453,58,269734
9284,0.000121,172.31.46.0-255,66,18519,58,269734
9285,0.000139,74.125.24.0-255,2902,21421,58,269734
9286,0.000141,172.31.46.0-255,66,21487,58,269734
9287,0.000159,74.125.24.0-255,2902,24389,58,269734
9288,0.000161,172.31.46.0-255,66,24455,58,269734
9289,0.000188,74.125.24.0-255,2902,27357,58,269734
9290,0.000191,172.31.46.0-255,66,27423,58,269734
9291,0.000206,74.125.24.0-255,3961,31384,58,269734
9292,0.000209,172.31.46.0-255,66,31450,58,269734
9293,0.000244,74.125.24.0-255,1484,32934,58,269734
9294,0.000247,172.31.46.0-255,66,33000,58,269734
9295,0.000252,74.125.24.0-255,2902,35902,58,269734
9296,0.000254,172.31.46.0-255,66,35968,58,269734
9297,0.000313,74.125.24.0-255,5738,41706,58,269734
9298,0.000318,172.31.46.0-255,66,41772,58,269734
9299,0.000325,74.125.24.0-255,5738,47510,58,269734
9300,0.000327,172.31.46.0-255,66,47576,58,269734
9301,0.00033,74.125.24.0-255,1125,48701,58,269734
9302,0.000332,172.31.46.0-255,66,48767,58,269734
9303,0.000617,74.125.24.0-255,1484,50251,58,269734
9304,0.000624,172.31.46.0-255,66,50317,58,269734
9305,0.00063,74.125.24.0-255,2902,53219,58,269734
9306,0.000632,172.31.46.0-255,66,53285,58,269734
9307,0.000651,74.125.24.0-255,1484,54769,58,269734
9308,0.000657,74.125.24.0-255,2902,57671,58,269734
9309,0.000659,172.31.46.0-255,66,57737,58,269734
9310,0.000687,74.125.24.0-255,5738,63475,58,269734
9311,0.00069,172.31.46.0-255,66,63541,58,269734
9312,0.000711,74.125.24.0-255,2543,66084,58,269734
9313,0.000713,172.31.46.0-255,66,66150,58,269734
9314,0.00086,74.125.24.0-255,1484,67634,58,269734
9315,0.000906,74.125.24.0-255,2902,70536,58,269734
9316,0.000909,172.31.46.0-255,66,70602,58,269734
9317,0.000931,74.125.24.0-255,4320,74922,58,269734
9318,0.000933,172.31.46.0-255,66,74988,58,269734
9319,0.000975,74.125.24.0-255,2902,77890,58,269734
9320,0.000979,172.31.46.0-255,66,77956,58,269734
9321,0.000997,74.125.24.0-255,2902,80858,58,269734
9322,0.000999,172.31.46.0-255,66,80924,58,269734
9323,0.001005,74.125.24.0-255,3961,84885,58,269734
9324,0.001007,172.31.46.0-255,66,84951,58,269734
9325,0.001024,74.125.24.0-255,4320,89271,58,269734
9326,0.001026,172.31.46.0-255,66,89337,58,269734
9327,0.001062,74.125.24.0-255,7156,96493,58,269734
9328,0.001065,172.31.46.0-255,66,96559,58,269734
9329,0.001069,74.125.24.0-255,1484,98043,58,269734
9330,0.001093,74.125.24.0-255,7156,105199,58,269734
9331,0.001095,172.31.46.0-255,66,105265,58,269734
9332,0.0011,74.125.24.0-255,2902,108167,58,269734
9333,0.001102,172.31.46.0-255,66,108233,58,269734
9334,0.001128,172.31.46.0-255,66,108299,58,269734
9335,0.001141,74.125.24.0-255,752,109051,58,269734
9336,0.001234,74.125.24.0-255,1484,110535,58,269734
9337,0.001238,172.31.46.0-255,66,110601,58,269734
9338,0.001243,74.125.24.0-255,2902,113503,58,269734
9339,0.001245,172.31.46.0-255,66,113569,58,269734
9340,0.001248,74.125.24.0-255,1484,115053,58,269734
9341,0.001268,74.125.24.0-255,4320,119373,58,269734
9342,0.00127,172.31.46.0-255,66,119439,58,269734
9343,0.001275,74.125.24.0-255,2902,122341,58,269734
9344,0.001277,172.31.46.0-255,66,122407,58,269734
9345,0.00132,172.31.46.0-255,66,122473,58,269734
9346,0.001332,172.31.46.0-255,66,122539,58,269734
9347,0.001368,74.125.24.0-255,1484,124023,58,269734
9348,0.001372,74.125.24.0-255,1484,125507,58,269734
9349,0.001374,172.31.46.0-255,66,125573,58,269734
9350,0.001387,74.125.24.0-255,1484,127057,58,269734
9351,0.001391,74.125.24.0-255,1484,128541,58,269734
9352,0.001393,172.31.46.0-255,66,128607,58,269734
9353,0.001421,74.125.24.0-255,4320,132927,58,269734
9354,0.001424,172.31.46.0-255,66,132993,58,269734
9355,0.001434,172.31.46.0-255,66,133059,58,269734
9356,0.001469,74.125.24.0-255,4320,137379,58,269734
9357,0.001473,172.31.46.0-255,66,137445,58,269734
9358,0.001505,172.31.46.0-255,66,137511,58,269734
9359,0.001546,172.31.46.0-255,66,137577,58,269734
9360,0.00156,172.31.46.0-255,66,137643,58,269734
9361,0.001566,74.125.24.0-255,5738,143381,58,269734
9362,0.001569,172.31.46.0-255,66,143447,58,269734
9363,0.001604,74.125.24.0-255,6438,149885,58,269734
9364,0.001608,172.31.46.0-255,66,149951,58,269734
9365,0.001621,172.31.46.0-255,66,150017,58,269734
9366,0.001632,172.31.46.0-255,66,150083,58,269734
9367,0.001651,74.125.24.0-255,7156,157239,58,269734
9368,0.001654,172.31.46.0-255,66,157305,58,269734
9369,0.001658,74.125.24.0-255,2570,159875,58,269734
9370,0.001665,172.31.46.0-255,66,159941,58,269734
9371,0.001929,74.125.24.0-255,1484,161425,58,269734
9372,0.001934,74.125.24.0-255,1484,162909,58,269734
9373,0.001938,172.31.46.0-255,66,162975,58,269734
9374,0.001956,74.125.24.0-255,1484,164459,58,269734
9375,0.001996,74.125.24.0-255,4320,168779,58,269734
9376,0.001999,172.31.46.0-255,66,168845,58,269734
9377,0.002015,74.125.24.0-255,1484,170329,58,269734
9378,0.002019,74.125.24.0-255,2902,173231,58,269734
9379,0.002022,172.31.46.0-255,66,173297,58,269734
9380,0.002027,74.125.24.0-255,3961,177258,58,269734
9381,0.002029,172.31.46.0-255,66,177324,58,269734
9382,0.002199,74.125.24.0-255,1484,178808,58,269734
9383,0.002205,74.125.24.0-255,2902,181710,58,269734
9384,0.00221,74.125.24.0-255,4320,186030,58,269734
9385,0.002215,172.31.46.0-255,66,186096,58,269734
9386,0.002219,172.31.46.0-255,66,186162,58,269734
9387,0.002229,74.125.24.0-255,1484,187646,58,269734
9388,0.002237,74.125.24.0-255,5738,193384,58,269734
9389,0.002239,172.31.46.0-255,66,193450,58,269734
9390,0.002263,74.125.24.0-255,5738,199188,58,269734
9391,0.002265,172.31.46.0-255,66,199254,58,269734
9392,0.002289,74.125.24.0-255,7156,206410,58,269734
9393,0.002292,172.31.46.0-255,66,206476,58,269734
9394,0.002298,74.125.24.0-255,5020,211496,58,269734
9395,0.0023,172.31.46.0-255,66,211562,58,269734
9396,0.004881,74.125.24.0-255,5738,217300,58,269734
9397,0.004893,172.31.46.0-255,66,217366,58,269734
9398,0.007397,74.125.24.0-255,2902,220268,58,269734
9399,0.007401,172.31.46.0-255,66,220334,58,269734
9400,0.00742,74.125.24.0-255,2902,223236,58,269734
9401,0.007422,172.31.46.0-255,66,223302,58,269734
9402,0.009933,74.125.24.0-255,5738,229040,58,269734
9403,0.00994,172.31.46.0-255,66,229106,58,269734
9404,0.012466,74.125.24.0-255,5738,234844,58,269734
9405,0.012474,172.31.46.0-255,66,234910,58,269734
9406,0.015014,74.125.24.0-255,5738,240648,58,269734
9407,0.015024,172.31.46.0-255,66,240714,58,269734
9408,0.017573,74.125.24.0-255,5738,246452,58,269734
9409,0.017583,172.31.46.0-255,66,246518,58,269734
9410,0.020118,74.125.24.0-255,5738,252256,58,269734
9411,0.02013,172.31.46.0-255,66,252322,58,269734
9412,0.022671,74.125.24.0-255,5738,258060,58,269734
9413,0.022681,172.31.46.0-255,66,258126,58,269734
9414,0.025205,74.125.24.0-255,5738,263864,58,269734
9415,0.025211,172.31.46.0-255,66,263930,58,269734
9416,0.027766,74.125.24.0-255,5738,269668,58,269734
9417,0.027775,172.31.46.0-255,66,269734,58,269734
9418,0.0,172.217.194.0-255,307,307,58,165865
9419,1.1e-05,172.31.46.0-255,66,373,58,165865
9420,1.8e-05,172.217.194.0-255,1484,1857,58,165865
9421,2.4e-05,172.31.46.0-255,66,1923,58,165865
9422,3e-05,172.217.194.0-255,4320,6243,58,165865
9423,3.3e-05,172.31.46.0-255,66,6309,58,165865
9424,6.3e-05,172.217.194.0-255,5738,12047,58,165865
9425,6.6e-05,172.31.46.0-255,66,12113,58,165865
9426,8.4e-05,172.217.194.0-255,1942,14055,58,165865
9427,8.7e-05,172.31.46.0-255,66,14121,58,165865
9428,0.000163,172.217.194.0-255,1484,15605,58,165865
9429,0.000167,172.31.46.0-255,66,15671,58,165865
9430,0.000172,172.217.194.0-255,2902,18573,58,165865
9431,0.000175,172.31.46.0-255,66,18639,58,165865
9432,0.00018,172.217.194.0-255,4320,22959,58,165865
9433,0.000182,172.31.46.0-255,66,23025,58,165865
9434,0.000197,172.217.194.0-255,1484,24509,58,165865
9435,0.0002,172.31.46.0-255,66,24575,58,165865
9436,0.000218,172.217.194.0-255,2902,27477,58,165865
9437,0.00022,172.31.46.0-255,66,27543,58,165865
9438,0.000264,172.31.46.0-255,66,27609,58,165865
9439,0.000276,172.31.46.0-255,66,27675,58,165865
9440,0.000307,172.31.46.0-255,66,27741,58,165865
9441,0.000327,172.217.194.0-255,2902,30643,58,165865
9442,0.000329,172.31.46.0-255,66,30709,58,165865
9443,0.000353,172.217.194.0-255,5629,36338,58,165865
9444,0.000356,172.31.46.0-255,66,36404,58,165865
9445,0.000359,172.217.194.0-255,119,36523,58,165865
9446,0.000361,172.31.46.0-255,66,36589,58,165865
9447,0.000647,172.217.194.0-255,383,36972,58,165865
9448,0.000893,172.31.46.0-255,101,37073,58,165865
9449,0.001018,172.217.194.0-255,1484,38557,58,165865
9450,0.001034,172.217.194.0-255,2902,41459,58,165865
9451,0.001037,172.31.46.0-255,66,41525,58,165865
9452,0.001043,172.217.194.0-255,4320,45845,58,165865
9453,0.001045,172.31.46.0-255,66,45911,58,165865
9454,0.001062,172.217.194.0-255,1484,47395,58,165865
9455,0.00107,172.217.194.0-255,7156,54551,58,165865
9456,0.001072,172.31.46.0-255,66,54617,58,165865
9457,0.001075,172.217.194.0-255,1484,56101,58,165865
9458,0.001113,172.31.46.0-255,66,56167,58,165865
9459,0.001118,172.217.194.0-255,2184,58351,58,165865
9460,0.00112,172.31.46.0-255,66,58417,58,165865
9461,0.001437,172.217.194.0-255,1484,59901,58,165865
9462,0.001443,172.217.194.0-255,2902,62803,58,165865
9463,0.001447,172.31.46.0-255,66,62869,58,165865
9464,0.001467,172.217.194.0-255,5738,68607,58,165865
9465,0.001469,172.31.46.0-255,66,68673,58,165865
9466,0.001517,172.31.46.0-255,66,68739,58,165865
9467,0.00152,172.217.194.0-255,1484,70223,58,165865
9468,0.001535,172.217.194.0-255,1484,71707,58,165865
9469,0.001538,172.31.46.0-255,66,71773,58,165865
9470,0.001566,172.31.46.0-255,66,71839,58,165865
9471,0.001794,172.217.194.0-255,1484,73323,58,165865
9472,0.001799,172.217.194.0-255,1484,74807,58,165865
9473,0.001801,172.31.46.0-255,66,74873,58,165865
9474,0.001823,172.217.194.0-255,1484,76357,58,165865
9475,0.001829,172.217.194.0-255,5738,82095,58,165865
9476,0.001832,172.31.46.0-255,66,82161,58,165865
9477,0.001836,172.217.194.0-255,2902,85063,58,165865
9478,0.001838,172.31.46.0-255,66,85129,58,165865
9479,0.001882,172.31.46.0-255,66,85195,58,165865
9480,0.001889,172.217.194.0-255,6438,91633,58,165865
9481,0.001892,172.31.46.0-255,66,91699,58,165865
9482,0.002952,172.217.194.0-255,66,91765,58,165865
9483,0.003999,172.217.194.0-255,5738,97503,58,165865
9484,0.004004,172.31.46.0-255,66,97569,58,165865
9485,0.006165,172.217.194.0-255,4320,101889,58,165865
9486,0.006173,172.31.46.0-255,66,101955,58,165865
9487,0.00619,172.217.194.0-255,1484,103439,58,165865
9488,0.008269,172.217.194.0-255,4320,107759,58,165865
9489,0.008275,172.31.46.0-255,66,107825,58,165865
9490,0.010424,172.217.194.0-255,5738,113563,58,165865
9491,0.010433,172.31.46.0-255,66,113629,58,165865
9492,0.012574,172.217.194.0-255,5738,119367,58,165865
9493,0.01258,172.31.46.0-255,66,119433,58,165865
9494,0.014671,172.217.194.0-255,5738,125171,58,165865
9495,0.014682,172.31.46.0-255,66,125237,58,165865
9496,0.016761,172.217.194.0-255,5738,130975,58,165865
9497,0.01677,172.31.46.0-255,66,131041,58,165865
9498,0.018912,172.217.194.0-255,5738,136779,58,165865
9499,0.01892,172.31.46.0-255,66,136845,58,165865
9500,0.021004,172.217.194.0-255,5738,142583,58,165865
9501,0.021011,172.31.46.0-255,66,142649,58,165865
9502,0.023101,172.217.194.0-255,5738,148387,58,165865
9503,0.023108,172.31.46.0-255,66,148453,58,165865
9504,0.025191,172.217.194.0-255,5738,154191,58,165865
9505,0.025199,172.31.46.0-255,66,154257,58,165865
9506,0.027284,172.217.194.0-255,5738,159995,58,165865
9507,0.027292,172.31.46.0-255,66,160061,58,165865
9508,0.029422,172.217.194.0-255,5738,165799,58,165865
9509,0.029428,172.31.46.0-255,66,165865,58,165865
9510,0.0,172.217.27.0-255,152,152,58,149824
9511,2.3e-05,172.31.46.0-255,66,218,58,149824
9512,3e-05,172.217.27.0-255,1484,1702,58,149824
9513,3.5e-05,172.31.46.0-255,66,1768,58,149824
9514,4e-05,172.217.27.0-255,2902,4670,58,149824
9515,4.4e-05,172.31.46.0-255,66,4736,58,149824
9516,4.9e-05,172.217.27.0-255,4320,9056,58,149824
9517,5.3e-05,172.31.46.0-255,66,9122,58,149824
9518,6e-05,172.217.27.0-255,4928,14050,58,149824
9519,6.3e-05,172.31.46.0-255,66,14116,58,149824
9520,7.7e-05,172.31.46.0-255,66,14182,58,149824
9521,8.2e-05,172.217.27.0-255,5379,19561,58,149824
9522,8.6e-05,172.31.46.0-255,66,19627,58,149824
9523,0.000142,172.217.27.0-255,1484,21111,58,149824
9524,0.000144,172.31.46.0-255,66,21177,58,149824
9525,0.000149,172.217.27.0-255,2902,24079,58,149824
9526,0.000152,172.31.46.0-255,66,24145,58,149824
9527,0.000167,172.217.27.0-255,5738,29883,58,149824
9528,0.00017,172.31.46.0-255,66,29949,58,149824
9529,0.000175,172.217.27.0-255,4320,34269,58,149824
9530,0.000178,172.31.46.0-255,66,34335,58,149824
9531,0.000208,172.217.27.0-255,2902,37237,58,149824
9532,0.000211,172.31.46.0-255,66,37303,58,149824
9533,0.000225,172.31.46.0-255,66,37369,58,149824
9534,0.000229,172.217.27.0-255,2510,39879,58,149824
9535,0.000232,172.31.46.0-255,66,39945,58,149824
9536,0.000831,172.217.27.0-255,115,40060,58,149824
9537,0.000838,172.31.46.0-255,66,40126,58,149824
9538,0.000967,172.217.27.0-255,1484,41610,58,149824
9539,0.000971,172.31.46.0-255,66,41676,58,149824
9540,0.000975,172.217.27.0-255,1484,43160,58,149824
9541,0.000993,172.217.27.0-255,1484,44644,58,149824
9542,0.000999,172.217.27.0-255,5738,50382,58,149824
9543,0.001002,172.217.27.0-255,1484,51866,58,149824
9544,0.001037,172.31.46.0-255,66,51932,58,149824
9545,0.001052,172.31.46.0-255,66,51998,58,149824
9546,0.001071,172.217.27.0-255,2184,54182,58,149824
9547,0.001079,172.31.46.0-255,66,54248,58,149824
9548,0.001358,172.217.27.0-255,1484,55732,58,149824
9549,0.001399,172.217.27.0-255,1484,57216,58,149824
9550,0.001403,172.31.46.0-255,66,57282,58,149824
9551,0.001408,172.217.27.0-255,2902,60184,58,149824
9552,0.001414,172.217.27.0-255,4320,64504,58,149824
9553,0.001419,172.31.46.0-255,66,64570,58,149824
9554,0.001445,172.217.27.0-255,1484,66054,58,149824
9555,0.001452,172.217.27.0-255,7156,73210,58,149824
9556,0.001456,172.217.27.0-255,2902,76112,58,149824
9557,0.001458,172.217.27.0-255,1484,77596,58,149824
9558,0.001495,172.217.27.0-255,1484,79080,58,149824
9559,0.0015,172.217.27.0-255,2902,81982,58,149824
9560,0.001504,172.217.27.0-255,4320,86302,58,149824
9561,0.001517,172.31.46.0-255,66,86368,58,149824
9562,0.00152,172.217.27.0-255,1484,87852,58,149824
9563,0.001523,172.217.27.0-255,766,88618,58,149824
9564,0.001528,172.31.46.0-255,66,88684,58,149824
9565,0.003144,172.217.27.0-255,2902,91586,58,149824
9566,0.003154,172.31.46.0-255,66,91652,58,149824
9567,0.00317,172.217.27.0-255,2902,94554,58,149824
9568,0.004787,172.217.27.0-255,2902,97456,58,149824
9569,0.008078,172.31.46.0-255,66,97522,58,149824
9570,0.009725,172.217.27.0-255,5738,103260,58,149824
9571,0.009735,172.31.46.0-255,66,103326,58,149824
9572,0.011376,172.217.27.0-255,5738,109064,58,149824
9573,0.01675,172.31.46.0-255,66,109130,58,149824
9574,0.018278,172.217.27.0-255,1484,110614,58,149824
9575,0.018385,172.217.27.0-255,4320,114934,58,149824
9576,0.018393,172.31.46.0-255,66,115000,58,149824
9577,0.020051,172.217.27.0-255,5738,120738,58,149824
9578,0.020101,172.31.46.0-255,66,120804,58,149824
9579,0.021749,172.217.27.0-255,5738,126542,58,149824
9580,0.021759,172.31.46.0-255,66,126608,58,149824
9581,0.023421,172.217.27.0-255,5738,132346,58,149824
9582,0.023437,172.31.46.0-255,66,132412,58,149824
9583,0.025074,172.217.27.0-255,5738,138150,58,149824
9584,0.025084,172.31.46.0-255,66,138216,58,149824
9585,0.026729,172.217.27.0-255,5738,143954,58,149824
9586,0.026738,172.31.46.0-255,66,144020,58,149824
9587,0.028373,172.217.27.0-255,5738,149758,58,149824
9588,0.028401,172.31.46.0-255,66,149824,58,149824
9589,0.0,74.125.200.0-255,146,146,58,189750
9590,2.1e-05,172.31.46.0-255,66,212,58,189750
9591,2.8e-05,74.125.200.0-255,1484,1696,58,189750
9592,3.1e-05,172.31.46.0-255,66,1762,58,189750
9593,3.4e-05,74.125.200.0-255,1484,3246,58,189750
9594,3.8e-05,172.31.46.0-255,66,3312,58,189750
9595,5.3e-05,74.125.200.0-255,1484,4796,58,189750
9596,5.6e-05,172.31.46.0-255,66,4862,58,189750
9597,6.2e-05,74.125.200.0-255,4320,9182,58,189750
9598,6.4e-05,172.31.46.0-255,66,9248,58,189750
9599,0.000104,74.125.200.0-255,4948,14196,58,189750
9600,0.000107,172.31.46.0-255,66,14262,58,189750
9601,0.000432,74.125.200.0-255,1484,15746,58,189750
9602,0.000437,172.31.46.0-255,66,15812,58,189750
9603,0.000442,74.125.200.0-255,2902,18714,58,189750
9604,0.000444,172.31.46.0-255,66,18780,58,189750
9605,0.000486,74.125.200.0-255,1484,20264,58,189750
9606,0.000489,172.31.46.0-255,66,20330,58,189750
9607,0.000507,74.125.200.0-255,2902,23232,58,189750
9608,0.000509,172.31.46.0-255,66,23298,58,189750
9609,0.000514,74.125.200.0-255,4320,27618,58,189750
9610,0.000516,172.31.46.0-255,66,27684,58,189750
9611,0.000531,74.125.200.0-255,3961,31645,58,189750
9612,0.000533,172.31.46.0-255,66,31711,58,189750
9613,0.000544,74.125.200.0-255,1484,33195,58,189750
9614,0.000545,172.31.46.0-255,66,33261,58,189750
9615,0.000549,74.125.200.0-255,1484,34745,58,189750
9616,0.000551,172.31.46.0-255,66,34811,58,189750
9617,0.000572,74.125.200.0-255,1484,36295,58,189750
9618,0.000574,172.31.46.0-255,66,36361,58,189750
9619,0.00058,74.125.200.0-255,5738,42099,58,189750
9620,0.000583,172.31.46.0-255,66,42165,58,189750
9621,0.000599,74.125.200.0-255,4320,46485,58,189750
9622,0.000602,172.31.46.0-255,66,46551,58,189750
9623,0.000618,74.125.200.0-255,2543,49094,58,189750
9624,0.000619,172.31.46.0-255,66,49160,58,189750
9625,0.001206,74.125.200.0-255,1484,50644,58,189750
9626,0.001216,74.125.200.0-255,2902,53546,58,189750
9627,0.00122,172.31.46.0-255,66,53612,58,189750
9628,0.001224,74.125.200.0-255,1484,55096,58,189750
9629,0.001245,74.125.200.0-255,4320,59416,58,189750
9630,0.001247,172.31.46.0-255,66,59482,58,189750
9631,0.00125,74.125.200.0-255,1484,60966,58,189750
9632,0.001267,74.125.200.0-255,4320,65286,58,189750
9633,0.001269,172.31.46.0-255,66,65352,58,189750
9634,0.001291,74.125.200.0-255,6797,72149,58,189750
9635,0.001293,172.31.46.0-255,66,72215,58,189750
9636,0.001313,74.125.200.0-255,7156,79371,58,189750
9637,0.001315,172.31.46.0-255,66,79437,58,189750
9638,0.001357,74.125.200.0-255,3961,83398,58,189750
9639,0.001359,172.31.46.0-255,66,83464,58,189750
9640,0.001413,74.125.200.0-255,4320,87784,58,189750
9641,0.001418,172.31.46.0-255,66,87850,58,189750
9642,0.001423,74.125.200.0-255,4320,92170,58,189750
9643,0.001425,172.31.46.0-255,66,92236,58,189750
9644,0.001443,74.125.200.0-255,1484,93720,58,189750
9645,0.001465,74.125.200.0-255,5738,99458,58,189750
9646,0.001467,172.31.46.0-255,66,99524,58,189750
9647,0.001479,74.125.200.0-255,1705,101229,58,189750
9648,0.001481,172.31.46.0-255,66,101295,58,189750
9649,0.002228,74.125.200.0-255,1484,102779,58,189750
9650,0.002235,74.125.200.0-255,1484,104263,58,189750
9651,0.002238,172.31.46.0-255,66,104329,58,189750
9652,0.002254,74.125.200.0-255,1484,105813,58,189750
9653,0.002257,74.125.200.0-255,1484,107297,58,189750
9654,0.002258,172.31.46.0-255,66,107363,58,189750
9655,0.002285,74.125.200.0-255,4320,111683,58,189750
9656,0.002287,172.31.46.0-255,66,111749,58,189750
9657,0.002292,74.125.200.0-255,5738,117487,58,189750
9658,0.002294,172.31.46.0-255,66,117553,58,189750
9659,0.00231,74.125.200.0-255,4320,121873,58,189750
9660,0.002312,172.31.46.0-255,66,121939,58,189750
9661,0.002347,172.31.46.0-255,66,122005,58,189750
9662,0.002352,74.125.200.0-255,5020,127025,58,189750
9663,0.002354,172.31.46.0-255,66,127091,58,189750
9664,0.004652,74.125.200.0-255,4320,131411,58,189750
9665,0.004656,172.31.46.0-255,66,131477,58,189750
9666,0.004674,74.125.200.0-255,1484,132961,58,189750
9667,0.005171,172.31.46.0-255,101,133062,58,189750
9668,0.006969,74.125.200.0-255,4320,137382,58,189750
9669,0.006976,172.31.46.0-255,66,137448,58,189750
9670,0.007482,74.125.200.0-255,1484,138932,58,189750
9671,0.009279,74.125.200.0-255,4320,143252,58,189750
9672,0.009286,172.31.46.0-255,66,143318,58,189750
9673,0.011604,74.125.200.0-255,5738,149056,58,189750
9674,0.011614,172.31.46.0-255,66,149122,58,189750
9675,0.013929,74.125.200.0-255,5738,154860,58,189750
9676,0.013939,172.31.46.0-255,66,154926,58,189750
9677,0.016243,74.125.200.0-255,5738,160664,58,189750
9678,0.016252,172.31.46.0-255,66,160730,58,189750
9679,0.018572,74.125.200.0-255,5738,166468,58,189750
9680,0.01858,172.31.46.0-255,66,166534,58,189750
9681,0.020909,74.125.200.0-255,5738,172272,58,189750
9682,0.020917,172.31.46.0-255,66,172338,58,189750
9683,0.023233,74.125.200.0-255,5738,178076,58,189750
9684,0.023242,172.31.46.0-255,66,178142,58,189750
9685,0.025557,74.125.200.0-255,5738,183880,58,189750
9686,0.025564,172.31.46.0-255,66,183946,58,189750
9687,0.027882,74.125.200.0-255,5738,189684,58,189750
9688,0.027889,172.31.46.0-255,66,189750,58,189750
9689,0.0,74.125.24.0-255,152,152,58,249717
9690,2.4e-05,172.31.46.0-255,66,218,58,249717
9691,3.2e-05,74.125.24.0-255,1484,1702,58,249717
9692,3.6e-05,172.31.46.0-255,66,1768,58,249717
9693,4.9e-05,74.125.24.0-255,2902,4670,58,249717
9694,5.3e-05,172.31.46.0-255,66,4736,58,249717
9695,6.2e-05,74.125.24.0-255,7156,11892,58,249717
9696,6.5e-05,172.31.46.0-255,66,11958,58,249717
9697,8.3e-05,172.31.46.0-255,66,12024,58,249717
9698,8.8e-05,74.125.24.0-255,2543,14567,58,249717
9699,9.1e-05,172.31.46.0-255,66,14633,58,249717
9700,0.000347,74.125.24.0-255,1484,16117,58,249717
9701,0.000353,172.31.46.0-255,66,16183,58,249717
9702,0.00036,74.125.24.0-255,2902,19085,58,249717
9703,0.000363,172.31.46.0-255,66,19151,58,249717
9704,0.000376,74.125.24.0-255,5738,24889,58,249717
9705,0.000379,172.31.46.0-255,66,24955,58,249717
9706,0.000433,172.31.46.0-255,66,25021,58,249717
9707,0.000464,74.125.24.0-255,5738,30759,58,249717
9708,0.000466,172.31.46.0-255,66,30825,58,249717
9709,0.000493,74.125.24.0-255,4320,35145,58,249717
9710,0.000495,172.31.46.0-255,66,35211,58,249717
9711,0.000499,74.125.24.0-255,2898,38109,58,249717
9712,0.000501,172.31.46.0-255,66,38175,58,249717
9713,0.000685,74.125.24.0-255,1484,39659,58,249717
9714,0.00069,172.31.46.0-255,66,39725,58,249717
9715,0.000696,74.125.24.0-255,2902,42627,58,249717
9716,0.000698,172.31.46.0-255,66,42693,58,249717
9717,0.000717,74.125.24.0-255,5738,48431,58,249717
9718,0.000723,172.31.46.0-255,66,48497,58,249717
9719,0.000754,74.125.24.0-255,6797,55294,58,249717
9720,0.000758,172.31.46.0-255,66,55360,58,249717
9721,0.000765,74.125.24.0-255,7156,62516,58,249717
9722,0.000767,172.31.46.0-255,66,62582,58,249717
9723,0.000794,74.125.24.0-255,7156,69738,58,249717
9724,0.000797,172.31.46.0-255,66,69804,58,249717
9725,0.000824,74.125.24.0-255,2543,72347,58,249717
9726,0.000827,74.125.24.0-255,332,72679,58,249717
9727,0.00083,172.31.46.0-255,66,72745,58,249717
9728,0.000919,74.125.24.0-255,1484,74229,58,249717
9729,0.000922,172.31.46.0-255,66,74295,58,249717
9730,0.000927,74.125.24.0-255,2902,77197,58,249717
9731,0.00093,172.31.46.0-255,66,77263,58,249717
9732,0.000951,74.125.24.0-255,5738,83001,58,249717
9733,0.000958,172.31.46.0-255,66,83067,58,249717
9734,0.001014,172.31.46.0-255,66,83133,58,249717
9735,0.001089,74.125.24.0-255,7156,90289,58,249717
9736,0.001093,172.31.46.0-255,66,90355,58,249717
9737,0.001122,74.125.24.0-255,3602,93957,58,249717
9738,0.001124,172.31.46.0-255,66,94023,58,249717
9739,0.001405,74.125.24.0-255,1484,95507,58,249717
9740,0.001412,74.125.24.0-255,2902,98409,58,249717
9741,0.001415,172.31.46.0-255,66,98475,58,249717
9742,0.001443,74.125.24.0-255,5738,104213,58,249717
9743,0.001446,172.31.46.0-255,66,104279,58,249717
9744,0.001451,74.125.24.0-255,4320,108599,58,249717
9745,0.001453,172.31.46.0-255,66,108665,58,249717
9746,0.001488,74.125.24.0-255,7156,115821,58,249717
9747,0.00149,172.31.46.0-255,66,115887,58,249717
9748,0.001508,172.31.46.0-255,66,115953,58,249717
9749,0.001533,74.125.24.0-255,1484,117437,58,249717
9750,0.001537,74.125.24.0-255,2902,120339,58,249717
9751,0.00154,172.31.46.0-255,66,120405,58,249717
9752,0.001572,74.125.24.0-255,5738,126143,58,249717
9753,0.001577,74.125.24.0-255,4320,130463,58,249717
9754,0.001581,172.31.46.0-255,66,130529,58,249717
9755,0.001584,172.31.46.0-255,66,130595,58,249717
9756,0.001604,172.31.46.0-255,66,130661,58,249717
9757,0.00164,172.31.46.0-255,66,130727,58,249717
9758,0.001722,74.125.24.0-255,1484,132211,58,249717
9759,0.001729,74.125.24.0-255,2902,135113,58,249717
9760,0.001732,172.31.46.0-255,66,135179,58,249717
9761,0.001738,74.125.24.0-255,2902,138081,58,249717
9762,0.001741,172.31.46.0-255,66,138147,58,249717
9763,0.001764,74.125.24.0-255,2902,141049,58,249717
9764,0.001766,172.31.46.0-255,66,141115,58,249717
9765,0.001775,74.125.24.0-255,4320,145435,58,249717
9766,0.001778,172.31.46.0-255,66,145501,58,249717
9767,0.001782,74.125.24.0-255,2902,148403,58,249717
9768,0.001785,172.31.46.0-255,66,148469,58,249717
9769,0.001819,172.31.46.0-255,66,148535,58,249717
9770,0.001836,172.31.46.0-255,66,148601,58,249717
9771,0.001953,74.125.24.0-255,1484,150085,58,249717
9772,0.001966,74.125.24.0-255,2902,152987,58,249717
9773,0.001969,172.31.46.0-255,66,153053,58,249717
9774,0.001977,74.125.24.0-255,5738,158791,58,249717
9775,0.00198,172.31.46.0-255,66,158857,58,249717
9776,0.002059,172.31.46.0-255,66,158923,58,249717
9777,0.002068,74.125.24.0-255,7156,166079,58,249717
9778,0.00207,172.31.46.0-255,66,166145,58,249717
9779,0.00208,74.125.24.0-255,3602,169747,58,249717
9780,0.002082,172.31.46.0-255,66,169813,58,249717
9781,0.002113,74.125.24.0-255,4320,174133,58,249717
9782,0.002116,172.31.46.0-255,66,174199,58,249717
9783,0.004136,74.125.24.0-255,1484,175683,58,249717
9784,0.004195,74.125.24.0-255,4320,180003,58,249717
9785,0.004201,172.31.46.0-255,66,180069,58,249717
9786,0.006294,74.125.24.0-255,5738,185807,58,249717
9787,0.006302,172.31.46.0-255,66,185873,58,249717
9788,0.008398,74.125.24.0-255,5738,191611,58,249717
9789,0.008406,172.31.46.0-255,66,191677,58,249717
9790,0.010486,74.125.24.0-255,5738,197415,58,249717
9791,0.010496,172.31.46.0-255,66,197481,58,249717
9792,0.01258,74.125.24.0-255,5738,203219,58,249717
9793,0.012588,172.31.46.0-255,66,203285,58,249717
9794,0.014685,74.125.24.0-255,5738,209023,58,249717
9795,0.014699,172.31.46.0-255,66,209089,58,249717
9796,0.016791,74.125.24.0-255,5738,214827,58,249717
9797,0.016804,172.31.46.0-255,66,214893,58,249717
9798,0.018925,74.125.24.0-255,5738,220631,58,249717
9799,0.018935,172.31.46.0-255,66,220697,58,249717
9800,0.021057,74.125.24.0-255,5738,226435,58,249717
9801,0.021074,172.31.46.0-255,66,226501,58,249717
9802,0.023183,74.125.24.0-255,5738,232239,58,249717
9803,0.023194,172.31.46.0-255,66,232305,58,249717
9804,0.025287,74.125.24.0-255,5738,238043,58,249717
9805,0.025298,172.31.46.0-255,66,238109,58,249717
9806,0.027408,74.125.24.0-255,5738,243847,58,249717
9807,0.027419,172.31.46.0-255,66,243913,58,249717
9808,0.029516,74.125.24.0-255,5738,249651,58,249717
9809,0.029525,172.31.46.0-255,66,249717,58,249717
9810,0.0,74.125.24.0-255,146,146,58,198284
9811,3.9e-05,172.31.46.0-255,66,212,58,198284
9812,4.7e-05,74.125.24.0-255,1484,1696,58,198284
9813,5.2e-05,172.31.46.0-255,66,1762,58,198284
9814,6.4e-05,74.125.24.0-255,2902,4664,58,198284
9815,6.8e-05,172.31.46.0-255,66,4730,58,198284
9816,7.6e-05,74.125.24.0-255,7156,11886,58,198284
9817,7.9e-05,172.31.46.0-255,66,11952,58,198284
9818,8.3e-05,74.125.24.0-255,2013,13965,58,198284
9819,8.6e-05,172.31.46.0-255,66,14031,58,198284
9820,0.000124,74.125.24.0-255,2902,16933,58,198284
9821,0.000128,172.31.46.0-255,66,16999,58,198284
9822,0.000135,74.125.24.0-255,4320,21319,58,198284
9823,0.000137,172.31.46.0-255,66,21385,58,198284
9824,0.000155,172.31.46.0-255,66,21451,58,198284
9825,0.000158,74.125.24.0-255,1125,22576,58,198284
9826,0.000159,172.31.46.0-255,66,22642,58,198284
9827,0.000201,74.125.24.0-255,1484,24126,58,198284
9828,0.000205,172.31.46.0-255,66,24192,58,198284
9829,0.000226,74.125.24.0-255,2902,27094,58,198284
9830,0.000229,172.31.46.0-255,66,27160,58,198284
9831,0.000234,74.125.24.0-255,2902,30062,58,198284
9832,0.000236,172.31.46.0-255,66,30128,58,198284
9833,0.000259,74.125.24.0-255,2902,33030,58,198284
9834,0.000261,172.31.46.0-255,66,33096,58,198284
9835,0.000279,172.31.46.0-255,66,33162,58,198284
9836,0.000292,172.31.46.0-255,66,33228,58,198284
9837,0.000298,74.125.24.0-255,4256,37484,58,198284
9838,0.0003,172.31.46.0-255,66,37550,58,198284
9839,0.000334,74.125.24.0-255,129,37679,58,198284
9840,0.000338,74.125.24.0-255,352,38031,58,198284
9841,0.000606,74.125.24.0-255,1484,39515,58,198284
9842,0.000611,172.31.46.0-255,66,39581,58,198284
9843,0.000618,74.125.24.0-255,2902,42483,58,198284
9844,0.000621,172.31.46.0-255,66,42549,58,198284
9845,0.000633,74.125.24.0-255,5738,48287,58,198284
9846,0.000635,172.31.46.0-255,66,48353,58,198284
9847,0.000677,172.31.46.0-255,66,48419,58,198284
9848,0.000695,172.31.46.0-255,66,48485,58,198284
9849,0.000699,74.125.24.0-255,2184,50669,58,198284
9850,0.000702,172.31.46.0-255,66,50735,58,198284
9851,0.000909,74.125.24.0-255,1484,52219,58,198284
9852,0.000917,74.125.24.0-255,2902,55121,58,198284
9853,0.000922,74.125.24.0-255,5738,60859,58,198284
9854,0.000922,172.31.46.0-255,66,60925,58,198284
9855,0.000926,172.31.46.0-255,66,60991,58,198284
9856,0.000972,172.31.46.0-255,66,61057,58,198284
9857,0.00098,74.125.24.0-255,7156,68213,58,198284
9858,0.000982,172.31.46.0-255,66,68279,58,198284
9859,0.001009,74.125.24.0-255,3602,71881,58,198284
9860,0.001016,172.31.46.0-255,66,71947,58,198284
9861,0.00106,74.125.24.0-255,1484,73431,58,198284
9862,0.001066,74.125.24.0-255,2902,76333,58,198284
9863,0.001068,172.31.46.0-255,66,76399,58,198284
9864,0.001099,74.125.24.0-255,5738,82137,58,198284
9865,0.001102,172.31.46.0-255,66,82203,58,198284
9866,0.001117,172.31.46.0-255,66,82269,58,198284
9867,0.001129,74.125.24.0-255,7156,89425,58,198284
9868,0.001132,172.31.46.0-255,66,89491,58,198284
9869,0.001194,74.125.24.0-255,3602,93093,58,198284
9870,0.001199,172.31.46.0-255,66,93159,58,198284
9871,0.001284,74.125.24.0-255,1484,94643,58,198284
9872,0.001289,74.125.24.0-255,1484,96127,58,198284
9873,0.001292,172.31.46.0-255,66,96193,58,198284
9874,0.001306,74.125.24.0-255,1484,97677,58,198284
9875,0.001317,74.125.24.0-255,5738,103415,58,198284
9876,0.00132,172.31.46.0-255,66,103481,58,198284
9877,0.001325,74.125.24.0-255,4320,107801,58,198284
9878,0.001328,172.31.46.0-255,66,107867,58,198284
9879,0.001347,74.125.24.0-255,2902,110769,58,198284
9880,0.001354,172.31.46.0-255,66,110835,58,198284
9881,0.001367,172.31.46.0-255,66,110901,58,198284
9882,0.001379,74.125.24.0-255,4320,115221,58,198284
9883,0.001383,172.31.46.0-255,66,115287,58,198284
9884,0.001392,74.125.24.0-255,2184,117471,58,198284
9885,0.001394,172.31.46.0-255,66,117537,58,198284
9886,0.001428,74.125.24.0-255,1484,119021,58,198284
9887,0.001433,74.125.24.0-255,2902,121923,58,198284
9888,0.001436,172.31.46.0-255,66,121989,58,198284
9889,0.001478,74.125.24.0-255,5738,127727,58,198284
9890,0.001481,172.31.46.0-255,66,127793,58,198284
9891,0.0015,172.31.46.0-255,66,127859,58,198284
9892,0.00152,74.125.24.0-255,2902,130761,58,198284
9893,0.001523,172.31.46.0-255,66,130827,58,198284
9894,0.00156,172.31.46.0-255,66,130893,58,198284
9895,0.001675,74.125.24.0-255,1484,132377,58,198284
9896,0.001688,74.125.24.0-255,2902,135279,58,198284
9897,0.001692,172.31.46.0-255,66,135345,58,198284
9898,0.001699,74.125.24.0-255,5738,141083,58,198284
9899,0.001701,172.31.46.0-255,66,141149,58,198284
9900,0.001728,74.125.24.0-255,7156,148305,58,198284
9901,0.001735,172.31.46.0-255,66,148371,58,198284
9902,0.001765,74.125.24.0-255,5738,154109,58,198284
9903,0.001769,172.31.46.0-255,66,154175,58,198284
9904,0.001772,74.125.24.0-255,1484,155659,58,198284
9905,0.001788,172.31.46.0-255,66,155725,58,198284
9906,0.001794,74.125.24.0-255,4320,160045,58,198284
9907,0.001796,172.31.46.0-255,66,160111,58,198284
9908,0.001829,74.125.24.0-255,5738,165849,58,198284
9909,0.001834,172.31.46.0-255,66,165915,58,198284
9910,0.001858,172.31.46.0-255,66,165981,58,198284
9911,0.00189,172.31.46.0-255,66,166047,58,198284
9912,0.001896,172.31.46.0-255,66,166113,58,198284
9913,0.001935,172.31.46.0-255,66,166179,58,198284
9914,0.00196,172.31.46.0-255,66,166245,58,198284
9915,0.00203,74.125.24.0-255,1484,167729,58,198284
9916,0.002035,74.125.24.0-255,1484,169213,58,198284
9917,0.002038,172.31.46.0-255,66,169279,58,198284
9918,0.002066,74.125.24.0-255,1484,170763,58,198284
9919,0.002073,74.125.24.0-255,5738,176501,58,198284
9920,0.002076,172.31.46.0-255,66,176567,58,198284
9921,0.002089,172.31.46.0-255,66,176633,58,198284
9922,0.002101,74.125.24.0-255,7156,183789,58,198284
9923,0.002105,172.31.46.0-255,66,183855,58,198284
9924,0.00217,74.125.24.0-255,3602,187457,58,198284
9925,0.002174,172.31.46.0-255,66,187523,58,198284
9926,0.002233,74.125.24.0-255,1484,189007,58,198284
9927,0.002254,74.125.24.0-255,2902,191909,58,198284
9928,0.002257,172.31.46.0-255,66,191975,58,198284
9929,0.002264,74.125.24.0-255,5738,197713,58,198284
9930,0.002266,172.31.46.0-255,66,197779,58,198284
9931,0.002309,172.31.46.0-255,66,197845,58,198284
9932,0.002346,172.31.46.0-255,66,197911,58,198284
9933,0.004602,74.125.24.0-255,136,198047,58,198284
9934,0.010207,172.31.46.0-255,66,198113,58,198284
9935,0.010239,172.31.46.0-255,105,198218,58,198284
9936,0.012494,74.125.24.0-255,66,198284,58,198284
9937,0.0,172.217.194.0-255,156,156,58,212098
9938,1.3e-05,172.31.46.0-255,66,222,58,212098
9939,1.9e-05,172.217.194.0-255,1484,1706,58,212098
9940,2.3e-05,172.31.46.0-255,66,1772,58,212098
9941,3.9e-05,172.217.194.0-255,2902,4674,58,212098
9942,4.3e-05,172.31.46.0-255,66,4740,58,212098
9943,4.6e-05,172.217.194.0-255,1484,6224,58,212098
9944,4.8e-05,172.31.46.0-255,66,6290,58,212098
9945,7.7e-05,172.217.194.0-255,5738,12028,58,212098
9946,8e-05,172.31.46.0-255,66,12094,58,212098
9947,8.3e-05,172.217.194.0-255,2111,14205,58,212098
9948,8.5e-05,172.31.46.0-255,66,14271,58,212098
9949,0.000134,172.217.194.0-255,2902,17173,58,212098
9950,0.000136,172.31.46.0-255,66,17239,58,212098
9951,0.000141,172.217.194.0-255,4320,21559,58,212098
9952,0.000143,172.31.46.0-255,66,21625,58,212098
9953,0.000168,172.217.194.0-255,1484,23109,58,212098
9954,0.00017,172.31.46.0-255,66,23175,58,212098
9955,0.000192,172.217.194.0-255,7156,30331,58,212098
9956,0.000194,172.31.46.0-255,66,30397,58,212098
9957,0.000197,172.217.194.0-255,1125,31522,58,212098
9958,0.000198,172.31.46.0-255,66,31588,58,212098
9959,0.000246,172.217.194.0-255,1484,33072,58,212098
9960,0.000248,172.31.46.0-255,66,33138,58,212098
9961,0.000253,172.217.194.0-255,2902,36040,58,212098
9962,0.000255,172.31.46.0-255,66,36106,58,212098
9963,0.000265,172.217.194.0-255,1484,37590,58,212098
9964,0.000266,172.31.46.0-255,66,37656,58,212098
9965,0.000292,172.217.194.0-255,4320,41976,58,212098
9966,0.000294,172.31.46.0-255,66,42042,58,212098
9967,0.000299,172.217.194.0-255,5738,47780,58,212098
9968,0.000302,172.31.46.0-255,66,47846,58,212098
9969,0.000318,172.217.194.0-255,1484,49330,58,212098
9970,0.00035,172.217.194.0-255,1125,50455,58,212098
9971,0.000354,172.217.194.0-255,3961,54416,58,212098
9972,0.000356,172.217.194.0-255,387,54803,58,212098
9973,0.000458,172.31.46.0-255,66,54869,58,212098
9974,0.000638,172.217.194.0-255,386,55255,58,212098
9975,0.000715,172.217.194.0-255,1484,56739,58,212098
9976,0.000727,172.217.194.0-255,2902,59641,58,212098
9977,0.000745,172.217.194.0-255,5738,65379,58,212098
9978,0.000752,172.31.46.0-255,66,65445,58,212098
9979,0.000767,172.217.194.0-255,5738,71183,58,212098
9980,0.000778,172.217.194.0-255,577,71760,58,212098
9981,0.000784,172.31.46.0-255,66,71826,58,212098
9982,0.000867,172.217.194.0-255,1484,73310,58,212098
9983,0.000871,172.217.194.0-255,1484,74794,58,212098
9984,0.000873,172.31.46.0-255,66,74860,58,212098
9985,0.000883,172.217.194.0-255,1484,76344,58,212098
9986,0.000886,172.217.194.0-255,1484,77828,58,212098
9987,0.000903,172.217.194.0-255,4320,82148,58,212098
9988,0.000909,172.217.194.0-255,7156,89304,58,212098
9989,0.000913,172.31.46.0-255,66,89370,58,212098
9990,0.00092,172.217.194.0-255,1484,90854,58,212098
9991,0.000936,172.217.194.0-255,7156,98010,58,212098
9992,0.000953,172.217.194.0-255,5738,103748,58,212098
9993,0.000956,172.31.46.0-255,66,103814,58,212098
9994,0.00096,172.31.46.0-255,66,103880,58,212098
9995,0.000976,172.217.194.0-255,2184,106064,58,212098
9996,0.000983,172.31.46.0-255,66,106130,58,212098
9997,0.001235,172.217.194.0-255,1484,107614,58,212098
9998,0.001239,172.217.194.0-255,1484,109098,58,212098
9999,0.001242,172.31.46.0-255,66,109164,58,212098
10000,0.001261,172.217.194.0-255,1484,110648,58,212098
10001,0.001267,172.217.194.0-255,5738,116386,58,212098
10002,0.001281,172.31.46.0-255,66,116452,58,212098
10003,0.001287,172.217.194.0-255,4320,120772,58,212098
10004,0.00129,172.31.46.0-255,66,120838,58,212098
10005,0.001319,172.31.46.0-255,66,120904,58,212098
10006,0.00133,172.217.194.0-255,2902,123806,58,212098
10007,0.001345,172.217.194.0-255,7156,130962,58,212098
10008,0.001354,172.217.194.0-255,766,131728,58,212098
10009,0.001358,172.31.46.0-255,66,131794,58,212098
10010,0.00367,172.217.194.0-255,5738,137532,58,212098
10011,0.003675,172.31.46.0-255,66,137598,58,212098
10012,0.006012,172.217.194.0-255,5738,143336,58,212098
10013,0.006018,172.31.46.0-255,66,143402,58,212098
10014,0.008333,172.217.194.0-255,5738,149140,58,212098
10015,0.008341,172.31.46.0-255,66,149206,58,212098
10016,0.010648,172.217.194.0-255,5738,154944,58,212098
10017,0.010657,172.31.46.0-255,66,155010,58,212098
10018,0.012987,172.217.194.0-255,5738,160748,58,212098
10019,0.012999,172.31.46.0-255,66,160814,58,212098
10020,0.015318,172.217.194.0-255,5738,166552,58,212098
10021,0.015335,172.31.46.0-255,66,166618,58,212098
10022,0.01765,172.217.194.0-255,5738,172356,58,212098
10023,0.017664,172.31.46.0-255,66,172422,58,212098
10024,0.02,172.217.194.0-255,5738,178160,58,212098
10025,0.020011,172.31.46.0-255,66,178226,58,212098
10026,0.022328,172.217.194.0-255,5738,183964,58,212098
10027,0.022338,172.31.46.0-255,66,184030,58,212098
10028,0.024673,172.217.194.0-255,5738,189768,58,212098
10029,0.024682,172.31.46.0-255,66,189834,58,212098
10030,0.02701,172.217.194.0-255,5738,195572,58,212098
10031,0.027019,172.31.46.0-255,66,195638,58,212098
10032,0.028377,172.31.46.0-255,187,195825,58,212098
10033,0.028407,172.31.46.0-255,978,196803,58,212098
10034,0.028473,172.31.46.0-255,1514,198317,58,212098
10035,0.028475,172.31.46.0-255,1514,199831,58,212098
10036,0.028477,172.31.46.0-255,1514,201345,58,212098
10037,0.028478,172.31.46.0-255,1514,202859,58,212098
10038,0.028505,172.31.46.0-255,1514,204373,58,212098
10039,0.028507,172.31.46.0-255,1514,205887,58,212098
10040,0.028508,172.31.46.0-255,275,206162,58,212098
10041,0.029294,172.217.194.0-255,5738,211900,58,212098
10042,0.029301,172.31.46.0-255,66,211966,58,212098
10043,0.029884,104.244.42.0-255,66,212032,58,212098
10044,0.029914,104.244.42.0-255,66,212098,58,212098
10045,0.0,74.125.68.0-255,153,153,58,244191
10046,1.6e-05,172.31.46.0-255,66,219,58,244191
10047,2.3e-05,74.125.68.0-255,1484,1703,58,244191
10048,2.7e-05,172.31.46.0-255,66,1769,58,244191
10049,3.2e-05,74.125.68.0-255,2902,4671,58,244191
10050,3.5e-05,172.31.46.0-255,66,4737,58,244191
10051,5.6e-05,74.125.68.0-255,4320,9057,58,244191
10052,5.9e-05,172.31.46.0-255,66,9123,58,244191
10053,7.4e-05,74.125.68.0-255,1484,10607,58,244191
10054,7.7e-05,172.31.46.0-255,66,10673,58,244191
10055,9.6e-05,74.125.68.0-255,1484,12157,58,244191
10056,9.8e-05,172.31.46.0-255,66,12223,58,244191
10057,0.000118,74.125.68.0-255,2088,14311,58,244191
10058,0.00012,172.31.46.0-255,66,14377,58,244191
10059,0.000135,74.125.68.0-255,4320,18697,58,244191
10060,0.000137,172.31.46.0-255,66,18763,58,244191
10061,0.000164,74.125.68.0-255,4320,23083,58,244191
10062,0.000167,172.31.46.0-255,66,23149,58,244191
10063,0.000173,74.125.68.0-255,5738,28887,58,244191
10064,0.000175,172.31.46.0-255,66,28953,58,244191
10065,0.000198,74.125.68.0-255,2543,31496,58,244191
10066,0.0002,172.31.46.0-255,66,31562,58,244191
10067,0.000274,74.125.68.0-255,1484,33046,58,244191
10068,0.000277,172.31.46.0-255,66,33112,58,244191
10069,0.000292,74.125.68.0-255,2902,36014,58,244191
10070,0.000294,172.31.46.0-255,66,36080,58,244191
10071,0.000299,74.125.68.0-255,4320,40400,58,244191
10072,0.000301,172.31.46.0-255,66,40466,58,244191
10073,0.000325,74.125.68.0-255,5738,46204,58,244191
10074,0.000327,172.31.46.0-255,66,46270,58,244191
10075,0.000367,74.125.68.0-255,7156,53426,58,244191
10076,0.000371,172.31.46.0-255,66,53492,58,244191
10077,0.000388,74.125.68.0-255,2543,56035,58,244191
10078,0.000498,172.31.46.0-255,66,56101,58,244191
10079,0.000554,74.125.68.0-255,118,56219,58,244191
10080,0.000601,74.125.68.0-255,1484,57703,58,244191
10081,0.000611,172.31.46.0-255,66,57769,58,244191
10082,0.000626,74.125.68.0-255,2902,60671,58,244191
10083,0.000637,172.31.46.0-255,66,60737,58,244191
10084,0.000652,74.125.68.0-255,1484,62221,58,244191
10085,0.000675,74.125.68.0-255,2902,65123,58,244191
10086,0.000684,74.125.68.0-255,1484,66607,58,244191
10087,0.000696,74.125.68.0-255,1484,68091,58,244191
10088,0.000698,172.31.46.0-255,66,68157,58,244191
10089,0.000746,74.125.68.0-255,1484,69641,58,244191
10090,0.00075,172.31.46.0-255,66,69707,58,244191
10091,0.000757,74.125.68.0-255,1484,71191,58,244191
10092,0.000794,74.125.68.0-255,2543,73734,58,244191
10093,0.000804,172.31.46.0-255,66,73800,58,244191
10094,0.000899,74.125.68.0-255,1484,75284,58,244191
10095,0.000917,74.125.68.0-255,2902,78186,58,244191
10096,0.00093,74.125.68.0-255,1484,79670,58,244191
10097,0.000934,172.31.46.0-255,66,79736,58,244191
10098,0.00095,74.125.68.0-255,4320,84056,58,244191
10099,0.000955,74.125.68.0-255,4320,88376,58,244191
10100,0.000958,74.125.68.0-255,2902,91278,58,244191
10101,0.00097,74.125.68.0-255,2902,94180,58,244191
10102,0.000985,172.31.46.0-255,66,94246,58,244191
10103,0.000995,74.125.68.0-255,2902,97148,58,244191
10104,0.001009,74.125.68.0-255,5738,102886,58,244191
10105,0.001018,172.31.46.0-255,66,102952,58,244191
10106,0.001058,74.125.68.0-255,5020,107972,58,244191
10107,0.001074,172.31.46.0-255,66,108038,58,244191
10108,0.001146,74.125.68.0-255,1484,109522,58,244191
10109,0.001158,74.125.68.0-255,2902,112424,58,244191
10110,0.00116,172.31.46.0-255,66,112490,58,244191
10111,0.001175,74.125.68.0-255,1484,113974,58,244191
10112,0.001192,74.125.68.0-255,4320,118294,58,244191
10113,0.001194,74.125.68.0-255,1484,119778,58,244191
10114,0.001211,172.31.46.0-255,66,119844,58,244191
10115,0.001247,74.125.68.0-255,2902,122746,58,244191
10116,0.001258,172.31.46.0-255,66,122812,58,244191
10117,0.001267,74.125.68.0-255,4320,127132,58,244191
10118,0.001271,172.31.46.0-255,66,127198,58,244191
10119,0.001328,74.125.68.0-255,2902,130100,58,244191
10120,0.001333,172.31.46.0-255,66,130166,58,244191
10121,0.001344,74.125.68.0-255,4320,134486,58,244191
10122,0.001349,74.125.68.0-255,4320,138806,58,244191
10123,0.001373,172.31.46.0-255,66,138872,58,244191
10124,0.001382,74.125.68.0-255,4320,143192,58,244191
10125,0.001392,74.125.68.0-255,766,143958,58,244191
10126,0.001395,74.125.68.0-255,2902,146860,58,244191
10127,0.001412,74.125.68.0-255,2902,149762,58,244191
10128,0.001421,172.31.46.0-255,66,149828,58,244191
10129,0.001458,74.125.68.0-255,4320,154148,58,244191
10130,0.00146,172.31.46.0-255,66,154214,58,244191
10131,0.001477,74.125.68.0-255,2902,157116,58,244191
10132,0.001496,172.31.46.0-255,66,157182,58,244191
10133,0.001503,74.125.68.0-255,2785,159967,58,244191
10134,0.001539,172.31.46.0-255,66,160033,58,244191
10135,0.002123,74.125.68.0-255,1484,161517,58,244191
10136,0.002131,74.125.68.0-255,2902,164419,58,244191
10137,0.00216,74.125.68.0-255,5738,170157,58,244191
10138,0.002166,74.125.68.0-255,5738,175895,58,244191
10139,0.002188,74.125.68.0-255,2902,178797,58,244191
10140,0.002201,74.125.68.0-255,4320,183117,58,244191
10141,0.002219,74.125.68.0-255,2902,186019,58,244191
10142,0.005641,172.31.46.0-255,66,186085,58,244191
10143,0.007959,74.125.68.0-255,5738,191823,58,244191
10144,0.007967,172.31.46.0-255,66,191889,58,244191
10145,0.010289,74.125.68.0-255,5738,197627,58,244191
10146,0.010301,172.31.46.0-255,66,197693,58,244191
10147,0.012605,74.125.68.0-255,2902,200595,58,244191
10148,0.012629,74.125.68.0-255,2902,203497,58,244191
10149,0.013241,172.31.46.0-255,66,203563,58,244191
10150,0.015564,74.125.68.0-255,5738,209301,58,244191
10151,0.015577,172.31.46.0-255,66,209367,58,244191
10152,0.017902,74.125.68.0-255,5738,215105,58,244191
10153,0.017919,172.31.46.0-255,66,215171,58,244191
10154,0.02025,74.125.68.0-255,5738,220909,58,244191
10155,0.020269,172.31.46.0-255,66,220975,58,244191
10156,0.022595,74.125.68.0-255,5738,226713,58,244191
10157,0.022614,172.31.46.0-255,66,226779,58,244191
10158,0.024927,74.125.68.0-255,5738,232517,58,244191
10159,0.024941,172.31.46.0-255,66,232583,58,244191
10160,0.027262,74.125.68.0-255,5738,238321,58,244191
10161,0.027273,172.31.46.0-255,66,238387,58,244191
10162,0.029628,74.125.68.0-255,5738,244125,58,244191
10163,0.029641,172.31.46.0-255,66,244191,58,244191
10164,0.0,172.217.194.0-255,146,146,58,200850
10165,2.2e-05,172.31.46.0-255,66,212,58,200850
10166,2.8e-05,172.217.194.0-255,1484,1696,58,200850
10167,3.4e-05,172.31.46.0-255,66,1762,58,200850
10168,4e-05,172.217.194.0-255,2902,4664,58,200850
10169,4.4e-05,172.31.46.0-255,66,4730,58,200850
10170,5.2e-05,172.217.194.0-255,7156,11886,58,200850
10171,5.5e-05,172.31.46.0-255,66,11952,58,200850
10172,8.4e-05,172.217.194.0-255,7156,19108,58,200850
10173,8.7e-05,172.31.46.0-255,66,19174,58,200850
10174,0.000126,172.31.46.0-255,66,19240,58,200850
10175,0.000132,172.217.194.0-255,3961,23201,58,200850
10176,0.000134,172.31.46.0-255,66,23267,58,200850
10177,0.000157,172.217.194.0-255,1484,24751,58,200850
10178,0.000159,172.31.46.0-255,66,24817,58,200850
10179,0.000164,172.217.194.0-255,2902,27719,58,200850
10180,0.000167,172.31.46.0-255,66,27785,58,200850
10181,0.00019,172.217.194.0-255,1484,29269,58,200850
10182,0.000192,172.31.46.0-255,66,29335,58,200850
10183,0.000212,172.217.194.0-255,4320,33655,58,200850
10184,0.000215,172.31.46.0-255,66,33721,58,200850
10185,0.000219,172.217.194.0-255,2902,36623,58,200850
10186,0.000221,172.31.46.0-255,66,36689,58,200850
10187,0.000239,172.217.194.0-255,5738,42427,58,200850
10188,0.000242,172.31.46.0-255,66,42493,58,200850
10189,0.000268,172.217.194.0-255,5379,47872,58,200850
10190,0.000271,172.31.46.0-255,66,47938,58,200850
10191,0.000283,172.31.46.0-255,66,48004,58,200850
10192,0.000285,172.217.194.0-255,366,48370,58,200850
10193,0.000287,172.31.46.0-255,66,48436,58,200850
10194,0.000408,172.217.194.0-255,1484,49920,58,200850
10195,0.000415,172.217.194.0-255,2902,52822,58,200850
10196,0.000419,172.31.46.0-255,66,52888,58,200850
10197,0.000445,172.217.194.0-255,5738,58626,58,200850
10198,0.000447,172.31.46.0-255,66,58692,58,200850
10199,0.000471,172.217.194.0-255,7156,65848,58,200850
10200,0.000473,172.31.46.0-255,66,65914,58,200850
10201,0.000496,172.217.194.0-255,2902,68816,58,200850
10202,0.000499,172.31.46.0-255,66,68882,58,200850
10203,0.000513,172.31.46.0-255,66,68948,58,200850
10204,0.000546,172.217.194.0-255,2184,71132,58,200850
10205,0.000549,172.31.46.0-255,66,71198,58,200850
10206,0.000592,172.217.194.0-255,1484,72682,58,200850
10207,0.000605,172.217.194.0-255,2902,75584,58,200850
10208,0.000609,172.31.46.0-255,66,75650,58,200850
10209,0.000614,172.217.194.0-255,2902,78552,58,200850
10210,0.000616,172.31.46.0-255,66,78618,58,200850
10211,0.000629,172.217.194.0-255,2902,81520,58,200850
10212,0.000632,172.31.46.0-255,66,81586,58,200850
10213,0.000635,172.217.194.0-255,1484,83070,58,200850
10214,0.000674,172.31.46.0-255,66,83136,58,200850
10215,0.00069,172.217.194.0-255,7156,90292,58,200850
10216,0.000693,172.31.46.0-255,66,90358,58,200850
10217,0.000718,172.217.194.0-255,3052,93410,58,200850
10218,0.000721,172.31.46.0-255,66,93476,58,200850
10219,0.000738,172.217.194.0-255,1484,94960,58,200850
10220,0.000743,172.217.194.0-255,2902,97862,58,200850
10221,0.000745,172.31.46.0-255,66,97928,58,200850
10222,0.000768,172.217.194.0-255,5738,103666,58,200850
10223,0.000771,172.31.46.0-255,66,103732,58,200850
10224,0.000785,172.217.194.0-255,2902,106634,58,200850
10225,0.000787,172.31.46.0-255,66,106700,58,200850
10226,0.000814,172.31.46.0-255,66,106766,58,200850
10227,0.000853,172.31.46.0-255,66,106832,58,200850
10228,0.000869,172.217.194.0-255,766,107598,58,200850
10229,0.000904,172.31.46.0-255,66,107664,58,200850
10230,0.000931,172.31.46.0-255,66,107730,58,200850
10231,0.00098,172.217.194.0-255,4320,112050,58,200850
10232,0.000985,172.31.46.0-255,66,112116,58,200850
10233,0.001006,172.217.194.0-255,5738,117854,58,200850
10234,0.001009,172.31.46.0-255,66,117920,58,200850
10235,0.001072,172.31.46.0-255,66,117986,58,200850
10236,0.001103,172.31.46.0-255,66,118052,58,200850
10237,0.00112,172.217.194.0-255,2184,120236,58,200850
10238,0.001122,172.31.46.0-255,66,120302,58,200850
10239,0.001149,172.31.46.0-255,66,120368,58,200850
10240,0.001166,172.217.194.0-255,1484,121852,58,200850
10241,0.0012,172.217.194.0-255,2543,124395,58,200850
10242,0.001203,172.31.46.0-255,66,124461,58,200850
10243,0.001208,172.217.194.0-255,2902,127363,58,200850
10244,0.001211,172.31.46.0-255,66,127429,58,200850
10245,0.001241,172.217.194.0-255,7156,134585,58,200850
10246,0.001243,172.31.46.0-255,66,134651,58,200850
10247,0.001291,172.217.194.0-255,4320,138971,58,200850
10248,0.001327,172.217.194.0-255,4320,143291,58,200850
10249,0.001343,172.217.194.0-255,3602,146893,58,200850
10250,0.001384,172.217.194.0-255,5738,152631,58,200850
10251,0.001402,172.217.194.0-255,2902,155533,58,200850
10252,0.001409,172.217.194.0-255,7156,162689,58,200850
10253,0.001437,172.217.194.0-255,5738,168427,58,200850
10254,0.001519,172.217.194.0-255,4320,172747,58,200850
10255,0.001537,172.217.194.0-255,3602,176349,58,200850
10256,0.001695,172.217.194.0-255,5738,182087,58,200850
10257,0.001749,172.217.194.0-255,1484,183571,58,200850
10258,0.001835,172.217.194.0-255,7156,190727,58,200850
10259,0.001972,172.217.194.0-255,621,191348,58,200850
10260,0.001976,172.217.194.0-255,105,191453,58,200850
10261,0.00409,172.31.46.0-255,66,191519,58,200850
10262,0.00419,172.31.46.0-255,101,191620,58,200850
10263,0.006259,172.217.194.0-255,66,191686,58,200850
10264,0.006584,172.31.46.0-255,105,191791,58,200850
10265,0.008619,172.217.194.0-255,66,191857,58,200850
10266,0.029586,172.31.46.0-255,172,192029,58,200850
10267,0.029624,172.31.46.0-255,1113,193142,58,200850
10268,0.029704,172.31.46.0-255,1514,194656,58,200850
10269,0.029706,172.31.46.0-255,1514,196170,58,200850
10270,0.029711,172.31.46.0-255,1514,197684,58,200850
10271,0.029712,172.31.46.0-255,1514,199198,58,200850
10272,0.02973,172.31.46.0-255,1514,200712,58,200850
10273,0.029731,172.31.46.0-255,138,200850,58,200850
10274,0.0,74.125.24.0-255,295,295,58,194650
10275,1.8e-05,172.31.46.0-255,66,361,58,194650
10276,2.4e-05,74.125.24.0-255,1484,1845,58,194650
10277,2.9e-05,172.31.46.0-255,66,1911,58,194650
10278,4.3e-05,74.125.24.0-255,4320,6231,58,194650
10279,4.8e-05,172.31.46.0-255,66,6297,58,194650
10280,5.3e-05,74.125.24.0-255,4320,10617,58,194650
10281,5.7e-05,172.31.46.0-255,66,10683,58,194650
10282,9e-05,74.125.24.0-255,3194,13877,58,194650
10283,9.3e-05,172.31.46.0-255,66,13943,58,194650
10284,0.000125,74.125.24.0-255,2902,16845,58,194650
10285,0.000128,172.31.46.0-255,66,16911,58,194650
10286,0.000159,74.125.24.0-255,4320,21231,58,194650
10287,0.000162,172.31.46.0-255,66,21297,58,194650
10288,0.000165,74.125.24.0-255,1484,22781,58,194650
10289,0.000167,172.31.46.0-255,66,22847,58,194650
10290,0.000204,74.125.24.0-255,7156,30003,58,194650
10291,0.000207,172.31.46.0-255,66,30069,58,194650
10292,0.00021,74.125.24.0-255,1125,31194,58,194650
10293,0.000212,172.31.46.0-255,66,31260,58,194650
10294,0.000251,172.31.46.0-255,66,31326,58,194650
10295,0.000264,74.125.24.0-255,2902,34228,58,194650
10296,0.000266,172.31.46.0-255,66,34294,58,194650
10297,0.000278,74.125.24.0-255,5379,39673,58,194650
10298,0.00028,172.31.46.0-255,66,39739,58,194650
10299,0.000349,74.125.24.0-255,1484,41223,58,194650
10300,0.000353,172.31.46.0-255,66,41289,58,194650
10301,0.000375,74.125.24.0-255,2902,44191,58,194650
10302,0.000382,172.31.46.0-255,66,44257,58,194650
10303,0.000389,74.125.24.0-255,5738,49995,58,194650
10304,0.000391,172.31.46.0-255,66,50061,58,194650
10305,0.000396,74.125.24.0-255,2902,52963,58,194650
10306,0.000399,172.31.46.0-255,66,53029,58,194650
10307,0.000436,74.125.24.0-255,4295,57324,58,194650
10308,0.000439,172.31.46.0-255,66,57390,58,194650
10309,0.000503,74.125.24.0-255,110,57500,58,194650
10310,0.000605,74.125.24.0-255,1484,58984,58,194650
10311,0.00061,172.31.46.0-255,66,59050,58,194650
10312,0.000615,74.125.24.0-255,2902,61952,58,194650
10313,0.000617,172.31.46.0-255,66,62018,58,194650
10314,0.000622,74.125.24.0-255,4320,66338,58,194650
10315,0.00063,172.31.46.0-255,66,66404,58,194650
10316,0.00066,74.125.24.0-255,1484,67888,58,194650
10317,0.000668,74.125.24.0-255,6797,74685,58,194650
10318,0.000671,172.31.46.0-255,66,74751,58,194650
10319,0.000679,74.125.24.0-255,7156,81907,58,194650
10320,0.000681,172.31.46.0-255,66,81973,58,194650
10321,0.000728,172.31.46.0-255,66,82039,58,194650
10322,0.000779,74.125.24.0-255,1484,83523,58,194650
10323,0.000798,74.125.24.0-255,2902,86425,58,194650
10324,0.000801,172.31.46.0-255,66,86491,58,194650
10325,0.000808,74.125.24.0-255,5738,92229,58,194650
10326,0.00081,172.31.46.0-255,66,92295,58,194650
10327,0.000815,74.125.24.0-255,4320,96615,58,194650
10328,0.000818,172.31.46.0-255,66,96681,58,194650
10329,0.000847,74.125.24.0-255,5738,102419,58,194650
10330,0.000849,172.31.46.0-255,66,102485,58,194650
10331,0.000893,172.31.46.0-255,66,102551,58,194650
10332,0.001186,74.125.24.0-255,1484,104035,58,194650
10333,0.001206,74.125.24.0-255,2902,106937,58,194650
10334,0.00121,172.31.46.0-255,66,107003,58,194650
10335,0.001217,74.125.24.0-255,5738,112741,58,194650
10336,0.001219,172.31.46.0-255,66,112807,58,194650
10337,0.001223,74.125.24.0-255,1484,114291,58,194650
10338,0.001261,172.31.46.0-255,66,114357,58,194650
10339,0.001273,172.31.46.0-255,66,114423,58,194650
10340,0.001319,74.125.24.0-255,1484,115907,58,194650
10341,0.001323,74.125.24.0-255,1484,117391,58,194650
10342,0.001326,172.31.46.0-255,66,117457,58,194650
10343,0.001357,74.125.24.0-255,1484,118941,58,194650
10344,0.001363,74.125.24.0-255,5738,124679,58,194650
10345,0.001366,172.31.46.0-255,66,124745,58,194650
10346,0.00138,172.31.46.0-255,66,124811,58,194650
10347,0.001383,74.125.24.0-255,1484,126295,58,194650
10348,0.001442,74.125.24.0-255,7156,133451,58,194650
10349,0.001445,172.31.46.0-255,66,133517,58,194650
10350,0.001469,74.125.24.0-255,2184,135701,58,194650
10351,0.001472,172.31.46.0-255,66,135767,58,194650
10352,0.001709,74.125.24.0-255,1484,137251,58,194650
10353,0.001727,74.125.24.0-255,2902,140153,58,194650
10354,0.001732,172.31.46.0-255,66,140219,58,194650
10355,0.001739,74.125.24.0-255,5738,145957,58,194650
10356,0.001741,172.31.46.0-255,66,146023,58,194650
10357,0.001798,172.31.46.0-255,66,146089,58,194650
10358,0.001803,74.125.24.0-255,2902,148991,58,194650
10359,0.001805,172.31.46.0-255,66,149057,58,194650
10360,0.001886,172.31.46.0-255,66,149123,58,194650
10361,0.001904,172.31.46.0-255,66,149189,58,194650
10362,0.001918,172.31.46.0-255,66,149255,58,194650
10363,0.001966,74.125.24.0-255,1484,150739,58,194650
10364,0.001973,74.125.24.0-255,2902,153641,58,194650
10365,0.001975,172.31.46.0-255,66,153707,58,194650
10366,0.002012,74.125.24.0-255,5738,159445,58,194650
10367,0.002015,172.31.46.0-255,66,159511,58,194650
10368,0.002022,74.125.24.0-255,5738,165249,58,194650
10369,0.002025,172.31.46.0-255,66,165315,58,194650
10370,0.002064,74.125.24.0-255,7156,172471,58,194650
10371,0.002067,172.31.46.0-255,66,172537,58,194650
10372,0.00208,172.31.46.0-255,66,172603,58,194650
10373,0.002084,74.125.24.0-255,2184,174787,58,194650
10374,0.002086,172.31.46.0-255,66,174853,58,194650
10375,0.00209,74.125.24.0-255,2902,177755,58,194650
10376,0.002092,172.31.46.0-255,66,177821,58,194650
10377,0.002099,74.125.24.0-255,7156,184977,58,194650
10378,0.002102,172.31.46.0-255,66,185043,58,194650
10379,0.002133,74.125.24.0-255,4320,189363,58,194650
10380,0.002136,172.31.46.0-255,66,189429,58,194650
10381,0.002179,172.31.46.0-255,66,189495,58,194650
10382,0.00219,172.31.46.0-255,66,189561,58,194650
10383,0.002195,74.125.24.0-255,4320,193881,58,194650
10384,0.002197,172.31.46.0-255,66,193947,58,194650
10385,0.002253,172.31.46.0-255,66,194013,58,194650
10386,0.002265,172.31.46.0-255,66,194079,58,194650
10387,0.002277,172.31.46.0-255,66,194145,58,194650
10388,0.002291,172.31.46.0-255,66,194211,58,194650
10389,0.00234,172.31.46.0-255,66,194277,58,194650
10390,0.004573,74.125.24.0-255,136,194413,58,194650
10391,0.009852,172.31.46.0-255,66,194479,58,194650
10392,0.009894,172.31.46.0-255,105,194584,58,194650
10393,0.012142,74.125.24.0-255,66,194650,58,194650
10394,0.0,74.125.24.0-255,152,152,58,218912
10395,2.5e-05,172.31.46.0-255,66,218,58,218912
10396,3.2e-05,74.125.24.0-255,1484,1702,58,218912
10397,3.7e-05,172.31.46.0-255,66,1768,58,218912
10398,4.3e-05,74.125.24.0-255,2902,4670,58,218912
10399,4.7e-05,172.31.46.0-255,66,4736,58,218912
10400,5.4e-05,74.125.24.0-255,7156,11892,58,218912
10401,5.7e-05,172.31.46.0-255,66,11958,58,218912
10402,6.1e-05,74.125.24.0-255,1484,13442,58,218912
10403,6.4e-05,172.31.46.0-255,66,13508,58,218912
10404,0.000103,172.31.46.0-255,66,13574,58,218912
10405,0.000108,74.125.24.0-255,3961,17535,58,218912
10406,0.00011,172.31.46.0-255,66,17601,58,218912
10407,0.000149,74.125.24.0-255,4320,21921,58,218912
10408,0.000153,172.31.46.0-255,66,21987,58,218912
10409,0.000156,74.125.24.0-255,1484,23471,58,218912
10410,0.000158,172.31.46.0-255,66,23537,58,218912
10411,0.000176,74.125.24.0-255,7156,30693,58,218912
10412,0.000179,172.31.46.0-255,66,30759,58,218912
10413,0.000211,74.125.24.0-255,3961,34720,58,218912
10414,0.000214,172.31.46.0-255,66,34786,58,218912
10415,0.000331,74.125.24.0-255,1484,36270,58,218912
10416,0.000335,172.31.46.0-255,66,36336,58,218912
10417,0.000341,74.125.24.0-255,2902,39238,58,218912
10418,0.000344,172.31.46.0-255,66,39304,58,218912
10419,0.000348,74.125.24.0-255,2902,42206,58,218912
10420,0.00035,172.31.46.0-255,66,42272,58,218912
10421,0.000377,74.125.24.0-255,2902,45174,58,218912
10422,0.00038,172.31.46.0-255,66,45240,58,218912
10423,0.000384,74.125.24.0-255,2902,48142,58,218912
10424,0.000386,172.31.46.0-255,66,48208,58,218912
10425,0.00041,74.125.24.0-255,3961,52169,58,218912
10426,0.000413,172.31.46.0-255,66,52235,58,218912
10427,0.000418,74.125.24.0-255,4320,56555,58,218912
10428,0.00042,172.31.46.0-255,66,56621,58,218912
10429,0.000438,74.125.24.0-255,7156,63777,58,218912
10430,0.00044,172.31.46.0-255,66,63843,58,218912
10431,0.000459,74.125.24.0-255,2902,66745,58,218912
10432,0.000461,172.31.46.0-255,66,66811,58,218912
10433,0.000465,74.125.24.0-255,2543,69354,58,218912
10434,0.000467,172.31.46.0-255,66,69420,58,218912
10435,0.000516,74.125.24.0-255,2902,72322,58,218912
10436,0.000519,172.31.46.0-255,66,72388,58,218912
10437,0.000522,74.125.24.0-255,1484,73872,58,218912
10438,0.000529,74.125.24.0-255,5738,79610,58,218912
10439,0.000532,172.31.46.0-255,66,79676,58,218912
10440,0.000571,74.125.24.0-255,6797,86473,58,218912
10441,0.000574,172.31.46.0-255,66,86539,58,218912
10442,0.000581,74.125.24.0-255,7156,93695,58,218912
10443,0.000583,172.31.46.0-255,66,93761,58,218912
10444,0.00063,172.31.46.0-255,66,93827,58,218912
10445,0.000633,74.125.24.0-255,197,94024,58,218912
10446,0.000925,74.125.24.0-255,1484,95508,58,218912
10447,0.000929,172.31.46.0-255,66,95574,58,218912
10448,0.000936,74.125.24.0-255,2902,98476,58,218912
10449,0.000938,172.31.46.0-255,66,98542,58,218912
10450,0.000963,74.125.24.0-255,5738,104280,58,218912
10451,0.000966,172.31.46.0-255,66,104346,58,218912
10452,0.000969,74.125.24.0-255,1484,105830,58,218912
10453,0.001001,172.31.46.0-255,66,105896,58,218912
10454,0.001032,74.125.24.0-255,7156,113052,58,218912
10455,0.001035,172.31.46.0-255,66,113118,58,218912
10456,0.001054,74.125.24.0-255,6438,119556,58,218912
10457,0.001058,172.31.46.0-255,66,119622,58,218912
10458,0.001091,74.125.24.0-255,1484,121106,58,218912
10459,0.001103,74.125.24.0-255,2902,124008,58,218912
10460,0.001107,172.31.46.0-255,66,124074,58,218912
10461,0.001113,74.125.24.0-255,4320,128394,58,218912
10462,0.001115,172.31.46.0-255,66,128460,58,218912
10463,0.001127,74.125.24.0-255,1484,129944,58,218912
10464,0.001133,74.125.24.0-255,4320,134264,58,218912
10465,0.001136,172.31.46.0-255,66,134330,58,218912
10466,0.001141,74.125.24.0-255,4320,138650,58,218912
10467,0.001143,172.31.46.0-255,66,138716,58,218912
10468,0.001167,74.125.24.0-255,1484,140200,58,218912
10469,0.001175,74.125.24.0-255,7156,147356,58,218912
10470,0.001178,172.31.46.0-255,66,147422,58,218912
10471,0.001196,74.125.24.0-255,4320,151742,58,218912
10472,0.001199,172.31.46.0-255,66,151808,58,218912
10473,0.001203,74.125.24.0-255,2184,153992,58,218912
10474,0.001205,172.31.46.0-255,66,154058,58,218912
10475,0.001247,172.31.46.0-255,66,154124,58,218912
10476,0.001259,172.31.46.0-255,66,154190,58,218912
10477,0.001276,74.125.24.0-255,1484,155674,58,218912
10478,0.001361,172.31.46.0-255,66,155740,58,218912
10479,0.001365,172.31.46.0-255,66,155806,58,218912
10480,0.001379,172.31.46.0-255,66,155872,58,218912
10481,0.001384,74.125.24.0-255,4320,160192,58,218912
10482,0.001387,172.31.46.0-255,66,160258,58,218912
10483,0.001413,74.125.24.0-255,5738,165996,58,218912
10484,0.001416,172.31.46.0-255,66,166062,58,218912
10485,0.001443,172.31.46.0-255,66,166128,58,218912
10486,0.001449,74.125.24.0-255,5738,171866,58,218912
10487,0.001451,172.31.46.0-255,66,171932,58,218912
10488,0.001494,172.31.46.0-255,66,171998,58,218912
10489,0.001541,74.125.24.0-255,1484,173482,58,218912
10490,0.00156,74.125.24.0-255,2902,176384,58,218912
10491,0.001563,172.31.46.0-255,66,176450,58,218912
10492,0.00157,74.125.24.0-255,5738,182188,58,218912
10493,0.001573,172.31.46.0-255,66,182254,58,218912
10494,0.001579,74.125.24.0-255,5738,187992,58,218912
10495,0.001581,172.31.46.0-255,66,188058,58,218912
10496,0.001597,74.125.24.0-255,2902,190960,58,218912
10497,0.001599,172.31.46.0-255,66,191026,58,218912
10498,0.001627,172.31.46.0-255,66,191092,58,218912
10499,0.001633,74.125.24.0-255,5020,196112,58,218912
10500,0.001635,172.31.46.0-255,66,196178,58,218912
10501,0.001733,74.125.24.0-255,1484,197662,58,218912
10502,0.001737,74.125.24.0-255,1484,199146,58,218912
10503,0.00174,172.31.46.0-255,66,199212,58,218912
10504,0.001761,74.125.24.0-255,1484,200696,58,218912
10505,0.001767,74.125.24.0-255,5738,206434,58,218912
10506,0.00177,172.31.46.0-255,66,206500,58,218912
10507,0.001782,172.31.46.0-255,66,206566,58,218912
10508,0.001824,74.125.24.0-255,4320,210886,58,218912
10509,0.001827,172.31.46.0-255,66,210952,58,218912
10510,0.001834,74.125.24.0-255,7156,218108,58,218912
10511,0.001837,172.31.46.0-255,66,218174,58,218912
10512,0.00185,172.31.46.0-255,66,218240,58,218912
10513,0.001875,172.31.46.0-255,66,218306,58,218912
10514,0.001886,172.31.46.0-255,66,218372,58,218912
10515,0.001931,172.31.46.0-255,66,218438,58,218912
10516,0.001945,172.31.46.0-255,66,218504,58,218912
10517,0.001958,172.31.46.0-255,66,218570,58,218912
10518,0.002007,74.125.24.0-255,105,218675,58,218912
10519,0.008461,172.31.46.0-255,66,218741,58,218912
10520,0.008503,172.31.46.0-255,105,218846,58,218912
10521,0.010736,74.125.24.0-255,66,218912,58,218912
10522,0.0,172.217.160.0-255,153,153,58,220339
10523,2.3e-05,172.31.46.0-255,66,219,58,220339
10524,3e-05,172.217.160.0-255,1484,1703,58,220339
10525,3.5e-05,172.31.46.0-255,66,1769,58,220339
10526,3.8e-05,172.217.160.0-255,1484,3253,58,220339
10527,4e-05,172.31.46.0-255,66,3319,58,220339
10528,5.4e-05,172.217.160.0-255,2902,6221,58,220339
10529,5.7e-05,172.31.46.0-255,66,6287,58,220339
10530,6.3e-05,172.217.160.0-255,5738,12025,58,220339
10531,6.7e-05,172.31.46.0-255,66,12091,58,220339
10532,7.1e-05,172.217.160.0-255,2008,14099,58,220339
10533,7.4e-05,172.31.46.0-255,66,14165,58,220339
10534,0.000103,172.31.46.0-255,66,14231,58,220339
10535,0.000132,172.217.160.0-255,1484,15715,58,220339
10536,0.000135,172.31.46.0-255,66,15781,58,220339
10537,0.000177,172.217.160.0-255,4320,20101,58,220339
10538,0.00018,172.31.46.0-255,66,20167,58,220339
10539,0.000207,172.217.160.0-255,2543,22710,58,220339
10540,0.00021,172.31.46.0-255,66,22776,58,220339
10541,0.000212,172.217.160.0-255,1484,24260,58,220339
10542,0.000215,172.31.46.0-255,66,24326,58,220339
10543,0.000219,172.217.160.0-255,2902,27228,58,220339
10544,0.000221,172.31.46.0-255,66,27294,58,220339
10545,0.000227,172.217.160.0-255,4320,31614,58,220339
10546,0.000234,172.31.46.0-255,66,31680,58,220339
10547,0.000245,172.217.160.0-255,1484,33164,58,220339
10548,0.000247,172.31.46.0-255,66,33230,58,220339
10549,0.000253,172.217.160.0-255,2902,36132,58,220339
10550,0.000256,172.31.46.0-255,66,36198,58,220339
10551,0.000285,172.217.160.0-255,3961,40159,58,220339
10552,0.000291,172.31.46.0-255,66,40225,58,220339
10553,0.000409,172.217.160.0-255,1484,41709,58,220339
10554,0.000415,172.217.160.0-255,2902,44611,58,220339
10555,0.00042,172.31.46.0-255,66,44677,58,220339
10556,0.000426,172.217.160.0-255,4320,48997,58,220339
10557,0.000428,172.31.46.0-255,66,49063,58,220339
10558,0.000459,172.217.160.0-255,1484,50547,58,220339
10559,0.000466,172.217.160.0-255,6797,57344,58,220339
10560,0.000469,172.31.46.0-255,66,57410,58,220339
10561,0.000593,172.217.160.0-255,370,57780,58,220339
10562,0.001038,172.217.160.0-255,1484,59264,58,220339
10563,0.001041,172.217.160.0-255,1484,60748,58,220339
10564,0.001046,172.31.46.0-255,66,60814,58,220339
10565,0.001057,172.217.160.0-255,1484,62298,58,220339
10566,0.001059,172.31.46.0-255,66,62364,58,220339
10567,0.00107,172.217.160.0-255,4320,66684,58,220339
10568,0.001072,172.31.46.0-255,66,66750,58,220339
10569,0.001115,172.31.46.0-255,66,66816,58,220339
10570,0.001138,172.217.160.0-255,1484,68300,58,220339
10571,0.001143,172.217.160.0-255,2902,71202,58,220339
10572,0.001145,172.31.46.0-255,66,71268,58,220339
10573,0.001148,172.217.160.0-255,1484,72752,58,220339
10574,0.001172,172.217.160.0-255,4320,77072,58,220339
10575,0.001175,172.31.46.0-255,66,77138,58,220339
10576,0.001179,172.217.160.0-255,2902,80040,58,220339
10577,0.001181,172.31.46.0-255,66,80106,58,220339
10578,0.001236,172.217.160.0-255,3961,84067,58,220339
10579,0.001238,172.31.46.0-255,66,84133,58,220339
10580,0.001244,172.217.160.0-255,4320,88453,58,220339
10581,0.001246,172.31.46.0-255,66,88519,58,220339
10582,0.001251,172.217.160.0-255,2902,91421,58,220339
10583,0.001253,172.31.46.0-255,66,91487,58,220339
10584,0.001275,172.217.160.0-255,7156,98643,58,220339
10585,0.001277,172.31.46.0-255,66,98709,58,220339
10586,0.001281,172.217.160.0-255,1877,100586,58,220339
10587,0.001284,172.31.46.0-255,66,100652,58,220339
10588,0.001305,172.217.160.0-255,763,101415,58,220339
10589,0.001379,172.217.160.0-255,1484,102899,58,220339
10590,0.001383,172.31.46.0-255,66,102965,58,220339
10591,0.001388,172.217.160.0-255,2902,105867,58,220339
10592,0.00139,172.31.46.0-255,66,105933,58,220339
10593,0.001417,172.217.160.0-255,5738,111671,58,220339
10594,0.00142,172.31.46.0-255,66,111737,58,220339
10595,0.001425,172.217.160.0-255,4320,116057,58,220339
10596,0.001427,172.31.46.0-255,66,116123,58,220339
10597,0.00147,172.31.46.0-255,66,116189,58,220339
10598,0.001478,172.217.160.0-255,7156,123345,58,220339
10599,0.00148,172.31.46.0-255,66,123411,58,220339
10600,0.001499,172.217.160.0-255,766,124177,58,220339
10601,0.001853,172.217.160.0-255,1484,125661,58,220339
10602,0.001858,172.31.46.0-255,66,125727,58,220339
10603,0.001863,172.217.160.0-255,2902,128629,58,220339
10604,0.001865,172.31.46.0-255,66,128695,58,220339
10605,0.001872,172.217.160.0-255,5738,134433,58,220339
10606,0.001874,172.31.46.0-255,66,134499,58,220339
10607,0.001878,172.217.160.0-255,2902,137401,58,220339
10608,0.001881,172.31.46.0-255,66,137467,58,220339
10609,0.001919,172.217.160.0-255,1484,138951,58,220339
10610,0.001933,172.31.46.0-255,66,139017,58,220339
10611,0.001944,172.31.46.0-255,66,139083,58,220339
10612,0.003888,172.217.160.0-255,5738,144821,58,220339
10613,0.003896,172.31.46.0-255,66,144887,58,220339
10614,0.005831,172.217.160.0-255,5738,150625,58,220339
10615,0.005834,172.31.46.0-255,66,150691,58,220339
10616,0.007782,172.217.160.0-255,5738,156429,58,220339
10617,0.007789,172.31.46.0-255,66,156495,58,220339
10618,0.009737,172.217.160.0-255,5738,162233,58,220339
10619,0.009744,172.31.46.0-255,66,162299,58,220339
10620,0.011684,172.217.160.0-255,5738,168037,58,220339
10621,0.011691,172.31.46.0-255,66,168103,58,220339
10622,0.013635,172.217.160.0-255,5738,173841,58,220339
10623,0.013643,172.31.46.0-255,66,173907,58,220339
10624,0.015584,172.217.160.0-255,5738,179645,58,220339
10625,0.015592,172.31.46.0-255,66,179711,58,220339
10626,0.017538,172.217.160.0-255,5738,185449,58,220339
10627,0.017548,172.31.46.0-255,66,185515,58,220339
10628,0.019497,172.217.160.0-255,5738,191253,58,220339
10629,0.019505,172.31.46.0-255,66,191319,58,220339
10630,0.021446,172.217.160.0-255,5738,197057,58,220339
10631,0.021453,172.31.46.0-255,66,197123,58,220339
10632,0.023396,172.217.160.0-255,5738,202861,58,220339
10633,0.023403,172.31.46.0-255,66,202927,58,220339
10634,0.025355,172.217.160.0-255,5738,208665,58,220339
10635,0.025361,172.31.46.0-255,66,208731,58,220339
10636,0.027298,172.217.160.0-255,5738,214469,58,220339
10637,0.027304,172.31.46.0-255,66,214535,58,220339
10638,0.029245,172.217.160.0-255,5738,220273,58,220339
10639,0.029252,172.31.46.0-255,66,220339,58,220339
10640,0.0,74.125.24.0-255,156,156,58,263443
10641,1.7e-05,172.31.46.0-255,66,222,58,263443
10642,2.3e-05,74.125.24.0-255,1484,1706,58,263443
10643,2.7e-05,172.31.46.0-255,66,1772,58,263443
10644,3.2e-05,74.125.24.0-255,2902,4674,58,263443
10645,4.1e-05,172.31.46.0-255,66,4740,58,263443
10646,4.8e-05,74.125.24.0-255,7156,11896,58,263443
10647,5.1e-05,172.31.46.0-255,66,11962,58,263443
10648,5.4e-05,74.125.24.0-255,2055,14017,58,263443
10649,5.6e-05,172.31.46.0-255,66,14083,58,263443
10650,8.6e-05,74.125.24.0-255,2902,16985,58,263443
10651,8.9e-05,172.31.46.0-255,66,17051,58,263443
10652,9.5e-05,74.125.24.0-255,5738,22789,58,263443
10653,9.7e-05,172.31.46.0-255,66,22855,58,263443
10654,0.00012,74.125.24.0-255,1484,24339,58,263443
10655,0.000122,172.31.46.0-255,66,24405,58,263443
10656,0.000128,74.125.24.0-255,5738,30143,58,263443
10657,0.00013,172.31.46.0-255,66,30209,58,263443
10658,0.000144,74.125.24.0-255,1125,31334,58,263443
10659,0.000146,172.31.46.0-255,66,31400,58,263443
10660,0.00028,74.125.24.0-255,1484,32884,58,263443
10661,0.000284,172.31.46.0-255,66,32950,58,263443
10662,0.000289,74.125.24.0-255,2902,35852,58,263443
10663,0.000292,172.31.46.0-255,66,35918,58,263443
10664,0.000319,74.125.24.0-255,5738,41656,58,263443
10665,0.000322,172.31.46.0-255,66,41722,58,263443
10666,0.00035,172.31.46.0-255,66,41788,58,263443
10667,0.000379,74.125.24.0-255,3961,45749,58,263443
10668,0.000381,172.31.46.0-255,66,45815,58,263443
10669,0.000387,74.125.24.0-255,5738,51553,58,263443
10670,0.000389,172.31.46.0-255,66,51619,58,263443
10671,0.000397,74.125.24.0-255,4294,55913,58,263443
10672,0.000399,172.31.46.0-255,66,55979,58,263443
10673,0.000423,74.125.24.0-255,109,56088,58,263443
10674,0.000441,74.125.24.0-255,333,56421,58,263443
10675,0.000796,74.125.24.0-255,1484,57905,58,263443
10676,0.000801,74.125.24.0-255,2902,60807,58,263443
10677,0.000805,172.31.46.0-255,66,60873,58,263443
10678,0.000812,172.31.46.0-255,66,60939,58,263443
10679,0.000818,74.125.24.0-255,5738,66677,58,263443
10680,0.000819,172.31.46.0-255,66,66743,58,263443
10681,0.000882,172.31.46.0-255,66,66809,58,263443
10682,0.000897,172.31.46.0-255,66,66875,58,263443
10683,0.001305,74.125.24.0-255,1484,68359,58,263443
10684,0.001313,74.125.24.0-255,2902,71261,58,263443
10685,0.001316,172.31.46.0-255,66,71327,58,263443
10686,0.00132,74.125.24.0-255,1484,72811,58,263443
10687,0.001338,74.125.24.0-255,4320,77131,58,263443
10688,0.00134,172.31.46.0-255,66,77197,58,263443
10689,0.001346,74.125.24.0-255,5738,82935,58,263443
10690,0.001347,172.31.46.0-255,66,83001,58,263443
10691,0.001377,74.125.24.0-255,7156,90157,58,263443
10692,0.001379,172.31.46.0-255,66,90223,58,263443
10693,0.001389,172.31.46.0-255,66,90289,58,263443
10694,0.001917,74.125.24.0-255,1484,91773,58,263443
10695,0.001925,74.125.24.0-255,2902,94675,58,263443
10696,0.001928,172.31.46.0-255,66,94741,58,263443
10697,0.001957,74.125.24.0-255,5738,100479,58,263443
10698,0.001959,172.31.46.0-255,66,100545,58,263443
10699,0.001988,74.125.24.0-255,7156,107701,58,263443
10700,0.001991,172.31.46.0-255,66,107767,58,263443
10701,0.002028,172.31.46.0-255,66,107833,58,263443
10702,0.002032,74.125.24.0-255,2184,110017,58,263443
10703,0.002033,172.31.46.0-255,66,110083,58,263443
10704,0.002079,74.125.24.0-255,1484,111567,58,263443
10705,0.002089,74.125.24.0-255,2902,114469,58,263443
10706,0.002092,172.31.46.0-255,66,114535,58,263443
10707,0.002095,74.125.24.0-255,2902,117437,58,263443
10708,0.002097,172.31.46.0-255,66,117503,58,263443
10709,0.002125,74.125.24.0-255,2902,120405,58,263443
10710,0.002128,172.31.46.0-255,66,120471,58,263443
10711,0.002135,74.125.24.0-255,7156,127627,58,263443
10712,0.002136,172.31.46.0-255,66,127693,58,263443
10713,0.002142,74.125.24.0-255,5738,133431,58,263443
10714,0.002144,172.31.46.0-255,66,133497,58,263443
10715,0.002173,74.125.24.0-255,2902,136399,58,263443
10716,0.002175,172.31.46.0-255,66,136465,58,263443
10717,0.00218,74.125.24.0-255,4320,140785,58,263443
10718,0.002182,172.31.46.0-255,66,140851,58,263443
10719,0.002202,74.125.24.0-255,3602,144453,58,263443
10720,0.002204,172.31.46.0-255,66,144519,58,263443
10721,0.002233,74.125.24.0-255,7156,151675,58,263443
10722,0.002235,172.31.46.0-255,66,151741,58,263443
10723,0.002238,74.125.24.0-255,1484,153225,58,263443
10724,0.002264,74.125.24.0-255,7156,160381,58,263443
10725,0.002266,172.31.46.0-255,66,160447,58,263443
10726,0.002272,74.125.24.0-255,5738,166185,58,263443
10727,0.002274,172.31.46.0-255,66,166251,58,263443
10728,0.002308,172.31.46.0-255,66,166317,58,263443
10729,0.002311,74.125.24.0-255,766,167083,58,263443
10730,0.002345,74.125.24.0-255,1484,168567,58,263443
10731,0.002347,172.31.46.0-255,66,168633,58,263443
10732,0.00235,74.125.24.0-255,1484,170117,58,263443
10733,0.002369,74.125.24.0-255,1484,171601,58,263443
10734,0.002371,172.31.46.0-255,66,171667,58,263443
10735,0.002377,74.125.24.0-255,5738,177405,58,263443
10736,0.00238,172.31.46.0-255,66,177471,58,263443
10737,0.002424,172.31.46.0-255,66,177537,58,263443
10738,0.002487,74.125.24.0-255,4320,181857,58,263443
10739,0.002489,172.31.46.0-255,66,181923,58,263443
10740,0.002511,172.31.46.0-255,66,181989,58,263443
10741,0.002544,74.125.24.0-255,1484,183473,58,263443
10742,0.002547,74.125.24.0-255,1484,184957,58,263443
10743,0.002549,172.31.46.0-255,66,185023,58,263443
10744,0.002565,74.125.24.0-255,1484,186507,58,263443
10745,0.002575,74.125.24.0-255,5738,192245,58,263443
10746,0.002589,172.31.46.0-255,66,192311,58,263443
10747,0.002595,74.125.24.0-255,5738,198049,58,263443
10748,0.002597,172.31.46.0-255,66,198115,58,263443
10749,0.002631,74.125.24.0-255,7156,205271,58,263443
10750,0.002634,172.31.46.0-255,66,205337,58,263443
10751,0.002636,74.125.24.0-255,1484,206821,58,263443
10752,0.005215,74.125.24.0-255,4320,211141,58,263443
10753,0.00522,172.31.46.0-255,66,211207,58,263443
10754,0.00784,74.125.24.0-255,5738,216945,58,263443
10755,0.007844,172.31.46.0-255,66,217011,58,263443
10756,0.010425,74.125.24.0-255,5738,222749,58,263443
10757,0.010433,172.31.46.0-255,66,222815,58,263443
10758,0.012986,74.125.24.0-255,5738,228553,58,263443
10759,0.013,172.31.46.0-255,66,228619,58,263443
10760,0.015578,74.125.24.0-255,5738,234357,58,263443
10761,0.015595,172.31.46.0-255,66,234423,58,263443
10762,0.01815,74.125.24.0-255,5738,240161,58,263443
10763,0.018165,172.31.46.0-255,66,240227,58,263443
10764,0.020778,74.125.24.0-255,5738,245965,58,263443
10765,0.020791,172.31.46.0-255,66,246031,58,263443
10766,0.023402,74.125.24.0-255,5738,251769,58,263443
10767,0.023415,172.31.46.0-255,66,251835,58,263443
10768,0.025967,74.125.24.0-255,5738,257573,58,263443
10769,0.02598,172.31.46.0-255,66,257639,58,263443
10770,0.028608,74.125.24.0-255,5738,263377,58,263443
10771,0.028625,172.31.46.0-255,66,263443,58,263443
10772,0.0,74.125.24.0-255,296,296,58,155373
10773,1.3e-05,172.31.46.0-255,66,362,58,155373
10774,1.9e-05,74.125.24.0-255,1484,1846,58,155373
10775,2.4e-05,172.31.46.0-255,66,1912,58,155373
10776,3.9e-05,74.125.24.0-255,4320,6232,58,155373
10777,4.1e-05,172.31.46.0-255,66,6298,58,155373
10778,5e-05,74.125.24.0-255,5738,12036,58,155373
10779,5.3e-05,172.31.46.0-255,66,12102,58,155373
10780,8.6e-05,74.125.24.0-255,1813,13915,58,155373
10781,8.8e-05,172.31.46.0-255,66,13981,58,155373
10782,0.000383,74.125.24.0-255,1484,15465,58,155373
10783,0.000389,172.31.46.0-255,66,15531,58,155373
10784,0.000395,74.125.24.0-255,2902,18433,58,155373
10785,0.000398,172.31.46.0-255,66,18499,58,155373
10786,0.00043,74.125.24.0-255,5738,24237,58,155373
10787,0.000434,172.31.46.0-255,66,24303,58,155373
10788,0.000473,74.125.24.0-255,6797,31100,58,155373
10789,0.000477,172.31.46.0-255,66,31166,58,155373
10790,0.000597,74.125.24.0-255,1484,32650,58,155373
10791,0.000601,172.31.46.0-255,66,32716,58,155373
10792,0.000606,74.125.24.0-255,2902,35618,58,155373
10793,0.000608,172.31.46.0-255,66,35684,58,155373
10794,0.000614,74.125.24.0-255,4320,40004,58,155373
10795,0.000616,172.31.46.0-255,66,40070,58,155373
10796,0.00066,74.125.24.0-255,1484,41554,58,155373
10797,0.000662,172.31.46.0-255,66,41620,58,155373
10798,0.00068,172.31.46.0-255,66,41686,58,155373
10799,0.000728,74.125.24.0-255,7156,48842,58,155373
10800,0.000732,172.31.46.0-255,66,48908,58,155373
10801,0.000759,74.125.24.0-255,4274,53182,58,155373
10802,0.000762,172.31.46.0-255,66,53248,58,155373
10803,0.000765,74.125.24.0-255,111,53359,58,155373
10804,0.000768,74.125.24.0-255,330,53689,58,155373
10805,0.001091,74.125.24.0-255,1484,55173,58,155373
10806,0.001096,74.125.24.0-255,2902,58075,58,155373
10807,0.001101,172.31.46.0-255,66,58141,58,155373
10808,0.00112,74.125.24.0-255,2902,61043,58,155373
10809,0.001127,74.125.24.0-255,7156,68199,58,155373
10810,0.001148,172.31.46.0-255,66,68265,58,155373
10811,0.001171,74.125.24.0-255,3602,71867,58,155373
10812,0.001178,172.31.46.0-255,66,71933,58,155373
10813,0.001836,74.125.24.0-255,1484,73417,58,155373
10814,0.001844,74.125.24.0-255,2902,76319,58,155373
10815,0.001847,172.31.46.0-255,66,76385,58,155373
10816,0.001874,74.125.24.0-255,5738,82123,58,155373
10817,0.001895,74.125.24.0-255,7156,89279,58,155373
10818,0.001925,74.125.24.0-255,2184,91463,58,155373
10819,0.00662,172.31.46.0-255,66,91529,58,155373
10820,0.008689,74.125.24.0-255,5738,97267,58,155373
10821,0.008697,172.31.46.0-255,66,97333,58,155373
10822,0.01077,74.125.24.0-255,5738,103071,58,155373
10823,0.010777,172.31.46.0-255,66,103137,58,155373
10824,0.012822,74.125.24.0-255,5738,108875,58,155373
10825,0.012829,172.31.46.0-255,66,108941,58,155373
10826,0.014854,74.125.24.0-255,5738,114679,58,155373
10827,0.01486,172.31.46.0-255,66,114745,58,155373
10828,0.016906,74.125.24.0-255,5738,120483,58,155373
10829,0.016913,172.31.46.0-255,66,120549,58,155373
10830,0.018982,74.125.24.0-255,5738,126287,58,155373
10831,0.018993,172.31.46.0-255,66,126353,58,155373
10832,0.021039,74.125.24.0-255,5738,132091,58,155373
10833,0.021045,172.31.46.0-255,66,132157,58,155373
10834,0.02309,74.125.24.0-255,5738,137895,58,155373
10835,0.023096,172.31.46.0-255,66,137961,58,155373
10836,0.025141,74.125.24.0-255,5738,143699,58,155373
10837,0.025148,172.31.46.0-255,66,143765,58,155373
10838,0.027192,74.125.24.0-255,5738,149503,58,155373
10839,0.027199,172.31.46.0-255,66,149569,58,155373
10840,0.029238,74.125.24.0-255,5738,155307,58,155373
10841,0.029246,172.31.46.0-255,66,155373,58,155373
10842,0.0,172.217.194.0-255,146,146,58,221223
10843,1.6e-05,172.31.46.0-255,66,212,58,221223
10844,2.3e-05,172.217.194.0-255,1484,1696,58,221223
10845,2.8e-05,172.31.46.0-255,66,1762,58,221223
10846,3.3e-05,172.217.194.0-255,2902,4664,58,221223
10847,3.7e-05,172.31.46.0-255,66,4730,58,221223
10848,4.4e-05,172.217.194.0-255,7156,11886,58,221223
10849,4.8e-05,172.31.46.0-255,66,11952,58,221223
10850,5.2e-05,172.217.194.0-255,2101,14053,58,221223
10851,5.5e-05,172.31.46.0-255,66,14119,58,221223
10852,0.000104,172.217.194.0-255,2902,17021,58,221223
10853,0.000107,172.31.46.0-255,66,17087,58,221223
10854,0.00011,172.217.194.0-255,1484,18571,58,221223
10855,0.000112,172.31.46.0-255,66,18637,58,221223
10856,0.000129,172.217.194.0-255,2902,21539,58,221223
10857,0.000131,172.31.46.0-255,66,21605,58,221223
10858,0.000143,172.31.46.0-255,66,21671,58,221223
10859,0.000146,172.217.194.0-255,1125,22796,58,221223
10860,0.000148,172.31.46.0-255,66,22862,58,221223
10861,0.000253,172.217.194.0-255,1484,24346,58,221223
10862,0.000257,172.31.46.0-255,66,24412,58,221223
10863,0.000263,172.217.194.0-255,2902,27314,58,221223
10864,0.000265,172.31.46.0-255,66,27380,58,221223
10865,0.000287,172.217.194.0-255,5738,33118,58,221223
10866,0.00029,172.31.46.0-255,66,33184,58,221223
10867,0.000351,172.31.46.0-255,66,33250,58,221223
10868,0.000355,172.217.194.0-255,2902,36152,58,221223
10869,0.000357,172.31.46.0-255,66,36218,58,221223
10870,0.000378,172.31.46.0-255,66,36284,58,221223
10871,0.000382,172.217.194.0-255,118,36402,58,221223
10872,0.001008,172.31.46.0-255,66,36468,58,221223
10873,0.001084,172.217.194.0-255,381,36849,58,221223
10874,0.00125,172.217.194.0-255,1484,38333,58,221223
10875,0.001256,172.31.46.0-255,66,38399,58,221223
10876,0.001262,172.217.194.0-255,2902,41301,58,221223
10877,0.001264,172.31.46.0-255,66,41367,58,221223
10878,0.001271,172.217.194.0-255,5738,47105,58,221223
10879,0.001274,172.31.46.0-255,66,47171,58,221223
10880,0.001281,172.217.194.0-255,7156,54327,58,221223
10881,0.001283,172.31.46.0-255,66,54393,58,221223
10882,0.001305,172.217.194.0-255,4320,58713,58,221223
10883,0.001308,172.31.46.0-255,66,58779,58,221223
10884,0.001341,172.31.46.0-255,66,58845,58,221223
10885,0.001345,172.217.194.0-255,2184,61029,58,221223
10886,0.001347,172.31.46.0-255,66,61095,58,221223
10887,0.001533,172.217.194.0-255,1484,62579,58,221223
10888,0.00154,172.217.194.0-255,2902,65481,58,221223
10889,0.001544,172.31.46.0-255,66,65547,58,221223
10890,0.00157,172.217.194.0-255,5738,71285,58,221223
10891,0.001574,172.31.46.0-255,66,71351,58,221223
10892,0.001577,172.217.194.0-255,1484,72835,58,221223
10893,0.001599,172.217.194.0-255,7156,79991,58,221223
10894,0.001602,172.31.46.0-255,66,80057,58,221223
10895,0.001621,172.217.194.0-255,4320,84377,58,221223
10896,0.001624,172.31.46.0-255,66,84443,58,221223
10897,0.001632,172.217.194.0-255,7156,91599,58,221223
10898,0.001634,172.31.46.0-255,66,91665,58,221223
10899,0.001639,172.217.194.0-255,3602,95267,58,221223
10900,0.001641,172.31.46.0-255,66,95333,58,221223
10901,0.001728,172.217.194.0-255,1484,96817,58,221223
10902,0.001736,172.217.194.0-255,2902,99719,58,221223
10903,0.00174,172.31.46.0-255,66,99785,58,221223
10904,0.001764,172.217.194.0-255,5738,105523,58,221223
10905,0.001768,172.31.46.0-255,66,105589,58,221223
10906,0.001781,172.217.194.0-255,1484,107073,58,221223
10907,0.001815,172.31.46.0-255,66,107139,58,221223
10908,0.001826,172.31.46.0-255,66,107205,58,221223
10909,0.001849,172.217.194.0-255,2184,109389,58,221223
10910,0.001851,172.31.46.0-255,66,109455,58,221223
10911,0.001856,172.217.194.0-255,2902,112357,58,221223
10912,0.001858,172.31.46.0-255,66,112423,58,221223
10913,0.001871,172.217.194.0-255,2902,115325,58,221223
10914,0.001874,172.31.46.0-255,66,115391,58,221223
10915,0.001898,172.217.194.0-255,4320,119711,58,221223
10916,0.001902,172.31.46.0-255,66,119777,58,221223
10917,0.001908,172.217.194.0-255,5738,125515,58,221223
10918,0.00191,172.31.46.0-255,66,125581,58,221223
10919,0.001924,172.217.194.0-255,2902,128483,58,221223
10920,0.001927,172.31.46.0-255,66,128549,58,221223
10921,0.00195,172.217.194.0-255,4320,132869,58,221223
10922,0.001953,172.31.46.0-255,66,132935,58,221223
10923,0.001973,172.31.46.0-255,66,133001,58,221223
10924,0.002013,172.217.194.0-255,1484,134485,58,221223
10925,0.002033,172.217.194.0-255,1484,135969,58,221223
10926,0.002037,172.31.46.0-255,66,136035,58,221223
10927,0.002052,172.217.194.0-255,1484,137519,58,221223
10928,0.002058,172.217.194.0-255,2902,140421,58,221223
10929,0.002061,172.31.46.0-255,66,140487,58,221223
10930,0.002064,172.217.194.0-255,1484,141971,58,221223
10931,0.002083,172.217.194.0-255,5738,147709,58,221223
10932,0.002086,172.31.46.0-255,66,147775,58,221223
10933,0.002136,172.31.46.0-255,66,147841,58,221223
10934,0.002141,172.217.194.0-255,3602,151443,58,221223
10935,0.002143,172.31.46.0-255,66,151509,58,221223
10936,0.00439,172.217.194.0-255,1484,152993,58,221223
10937,0.004413,172.217.194.0-255,4320,157313,58,221223
10938,0.004418,172.31.46.0-255,66,157379,58,221223
10939,0.006668,172.217.194.0-255,5738,163117,58,221223
10940,0.006675,172.31.46.0-255,66,163183,58,221223
10941,0.008937,172.217.194.0-255,5738,168921,58,221223
10942,0.008944,172.31.46.0-255,66,168987,58,221223
10943,0.011202,172.217.194.0-255,5738,174725,58,221223
10944,0.011209,172.31.46.0-255,66,174791,58,221223
10945,0.013492,172.217.194.0-255,5738,180529,58,221223
10946,0.013501,172.31.46.0-255,66,180595,58,221223
10947,0.015757,172.217.194.0-255,5738,186333,58,221223
10948,0.015764,172.31.46.0-255,66,186399,58,221223
10949,0.018035,172.217.194.0-255,5738,192137,58,221223
10950,0.018043,172.31.46.0-255,66,192203,58,221223
10951,0.020315,172.217.194.0-255,5738,197941,58,221223
10952,0.020323,172.31.46.0-255,66,198007,58,221223
10953,0.022591,172.217.194.0-255,5738,203745,58,221223
10954,0.022599,172.31.46.0-255,66,203811,58,221223
10955,0.024853,172.217.194.0-255,5738,209549,58,221223
10956,0.02486,172.31.46.0-255,66,209615,58,221223
10957,0.027137,172.217.194.0-255,5738,215353,58,221223
10958,0.027144,172.31.46.0-255,66,215419,58,221223
10959,0.029396,172.217.194.0-255,5738,221157,58,221223
10960,0.029403,172.31.46.0-255,66,221223,58,221223
10961,0.0,74.125.130.0-255,153,153,58,238073
10962,1.5e-05,172.31.46.0-255,66,219,58,238073
10963,2.1e-05,74.125.130.0-255,1484,1703,58,238073
10964,2.6e-05,172.31.46.0-255,66,1769,58,238073
10965,3.2e-05,74.125.130.0-255,2902,4671,58,238073
10966,3.6e-05,172.31.46.0-255,66,4737,58,238073
10967,4.2e-05,74.125.130.0-255,4320,9057,58,238073
10968,4.4e-05,172.31.46.0-255,66,9123,58,238073
10969,7.7e-05,74.125.130.0-255,2902,12025,58,238073
10970,8e-05,172.31.46.0-255,66,12091,58,238073
10971,9.2e-05,74.125.130.0-255,1940,14031,58,238073
10972,9.5e-05,172.31.46.0-255,66,14097,58,238073
10973,0.000201,74.125.130.0-255,1484,15581,58,238073
10974,0.000205,172.31.46.0-255,66,15647,58,238073
10975,0.00021,74.125.130.0-255,2902,18549,58,238073
10976,0.000213,172.31.46.0-255,66,18615,58,238073
10977,0.000268,74.125.130.0-255,4320,22935,58,238073
10978,0.00027,172.31.46.0-255,66,23001,58,238073
10979,0.000277,74.125.130.0-255,5738,28739,58,238073
10980,0.00028,172.31.46.0-255,66,28805,58,238073
10981,0.000283,74.125.130.0-255,1484,30289,58,238073
10982,0.000285,172.31.46.0-255,66,30355,58,238073
10983,0.000314,74.125.130.0-255,6797,37152,58,238073
10984,0.000317,172.31.46.0-255,66,37218,58,238073
10985,0.000328,172.31.46.0-255,66,37284,58,238073
10986,0.000331,74.125.130.0-255,1484,38768,58,238073
10987,0.000333,172.31.46.0-255,66,38834,58,238073
10988,0.000366,172.31.46.0-255,66,38900,58,238073
10989,0.000396,74.125.130.0-255,4320,43220,58,238073
10990,0.000399,172.31.46.0-255,66,43286,58,238073
10991,0.00042,74.125.130.0-255,5020,48306,58,238073
10992,0.000423,172.31.46.0-255,66,48372,58,238073
10993,0.000426,74.125.130.0-255,677,49049,58,238073
10994,0.000545,74.125.130.0-255,1484,50533,58,238073
10995,0.00055,172.31.46.0-255,66,50599,58,238073
10996,0.000556,74.125.130.0-255,2902,53501,58,238073
10997,0.000558,172.31.46.0-255,66,53567,58,238073
10998,0.000585,74.125.130.0-255,5738,59305,58,238073
10999,0.000588,172.31.46.0-255,66,59371,58,238073
11000,0.000593,74.125.130.0-255,2902,62273,58,238073
11001,0.000596,172.31.46.0-255,66,62339,58,238073
11002,0.000602,74.125.130.0-255,4320,66659,58,238073
11003,0.000604,172.31.46.0-255,66,66725,58,238073
11004,0.000645,172.31.46.0-255,66,66791,58,238073
11005,0.000651,74.125.130.0-255,4320,71111,58,238073
11006,0.000653,172.31.46.0-255,66,71177,58,238073
11007,0.000693,74.125.130.0-255,3602,74779,58,238073
11008,0.000696,172.31.46.0-255,66,74845,58,238073
11009,0.000912,74.125.130.0-255,1484,76329,58,238073
11010,0.000941,74.125.130.0-255,2902,79231,58,238073
11011,0.000945,172.31.46.0-255,66,79297,58,238073
11012,0.000964,74.125.130.0-255,1484,80781,58,238073
11013,0.000979,74.125.130.0-255,2902,83683,58,238073
11014,0.000982,172.31.46.0-255,66,83749,58,238073
11015,0.000985,74.125.130.0-255,1484,85233,58,238073
11016,0.000999,74.125.130.0-255,1484,86717,58,238073
11017,0.001001,172.31.46.0-255,66,86783,58,238073
11018,0.001016,74.125.130.0-255,4320,91103,58,238073
11019,0.001018,172.31.46.0-255,66,91169,58,238073
11020,0.001041,74.125.130.0-255,1484,92653,58,238073
11021,0.001058,74.125.130.0-255,4320,96973,58,238073
11022,0.00106,172.31.46.0-255,66,97039,58,238073
11023,0.001085,74.125.130.0-255,7156,104195,58,238073
11024,0.001088,172.31.46.0-255,66,104261,58,238073
11025,0.001117,74.125.130.0-255,4320,108581,58,238073
11026,0.00112,172.31.46.0-255,66,108647,58,238073
11027,0.001134,74.125.130.0-255,766,109413,58,238073
11028,0.001234,74.125.130.0-255,1484,110897,58,238073
11029,0.001237,172.31.46.0-255,66,110963,58,238073
11030,0.001242,74.125.130.0-255,1484,112447,58,238073
11031,0.001267,74.125.130.0-255,2902,115349,58,238073
11032,0.001269,172.31.46.0-255,66,115415,58,238073
11033,0.001286,74.125.130.0-255,5738,121153,58,238073
11034,0.001289,172.31.46.0-255,66,121219,58,238073
11035,0.001291,74.125.130.0-255,1484,122703,58,238073
11036,0.001315,74.125.130.0-255,2902,125605,58,238073
11037,0.001317,172.31.46.0-255,66,125671,58,238073
11038,0.001347,74.125.130.0-255,5738,131409,58,238073
11039,0.00135,172.31.46.0-255,66,131475,58,238073
11040,0.001353,74.125.130.0-255,1484,132959,58,238073
11041,0.001406,74.125.130.0-255,5738,138697,58,238073
11042,0.00141,172.31.46.0-255,66,138763,58,238073
11043,0.001426,74.125.130.0-255,2902,141665,58,238073
11044,0.001428,172.31.46.0-255,66,141731,58,238073
11045,0.001432,74.125.130.0-255,2184,143915,58,238073
11046,0.001435,172.31.46.0-255,66,143981,58,238073
11047,0.001785,74.125.130.0-255,1484,145465,58,238073
11048,0.001805,74.125.130.0-255,2902,148367,58,238073
11049,0.001808,172.31.46.0-255,66,148433,58,238073
11050,0.001832,74.125.130.0-255,4320,152753,58,238073
11051,0.001835,172.31.46.0-255,66,152819,58,238073
11052,0.001861,172.31.46.0-255,66,152885,58,238073
11053,0.001867,74.125.130.0-255,4320,157205,58,238073
11054,0.001869,172.31.46.0-255,66,157271,58,238073
11055,0.001872,74.125.130.0-255,1484,158755,58,238073
11056,0.001898,74.125.130.0-255,4320,163075,58,238073
11057,0.001901,172.31.46.0-255,66,163141,58,238073
11058,0.001919,74.125.130.0-255,6438,169579,58,238073
11059,0.001921,172.31.46.0-255,66,169645,58,238073
11060,0.00412,74.125.130.0-255,5738,175383,58,238073
11061,0.004127,172.31.46.0-255,66,175449,58,238073
11062,0.006337,74.125.130.0-255,4320,179769,58,238073
11063,0.006341,172.31.46.0-255,66,179835,58,238073
11064,0.006359,74.125.130.0-255,1484,181319,58,238073
11065,0.008552,74.125.130.0-255,4320,185639,58,238073
11066,0.008559,172.31.46.0-255,66,185705,58,238073
11067,0.010779,74.125.130.0-255,5738,191443,58,238073
11068,0.010787,172.31.46.0-255,66,191509,58,238073
11069,0.012994,74.125.130.0-255,5738,197247,58,238073
11070,0.013002,172.31.46.0-255,66,197313,58,238073
11071,0.01521,74.125.130.0-255,5738,203051,58,238073
11072,0.015218,172.31.46.0-255,66,203117,58,238073
11073,0.017433,74.125.130.0-255,5738,208855,58,238073
11074,0.017443,172.31.46.0-255,66,208921,58,238073
11075,0.019654,74.125.130.0-255,5738,214659,58,238073
11076,0.019664,172.31.46.0-255,66,214725,58,238073
11077,0.021891,74.125.130.0-255,5738,220463,58,238073
11078,0.021901,172.31.46.0-255,66,220529,58,238073
11079,0.024107,74.125.130.0-255,5738,226267,58,238073
11080,0.024115,172.31.46.0-255,66,226333,58,238073
11081,0.026333,74.125.130.0-255,5738,232071,58,238073
11082,0.026341,172.31.46.0-255,66,232137,58,238073
11083,0.028533,74.125.130.0-255,2902,235039,58,238073
11084,0.028541,172.31.46.0-255,66,235105,58,238073
11085,0.028562,74.125.130.0-255,2902,238007,58,238073
11086,0.028565,172.31.46.0-255,66,238073,58,238073
11087,0.0,172.217.194.0-255,156,156,58,222432
11088,1.7e-05,172.31.46.0-255,66,222,58,222432
11089,2.4e-05,172.217.194.0-255,1484,1706,58,222432
11090,2.9e-05,172.31.46.0-255,66,1772,58,222432
11091,4.1e-05,172.217.194.0-255,2902,4674,58,222432
11092,4.5e-05,172.31.46.0-255,66,4740,58,222432
11093,5.3e-05,172.217.194.0-255,7156,11896,58,222432
11094,5.6e-05,172.31.46.0-255,66,11962,58,222432
11095,6e-05,172.217.194.0-255,2139,14101,58,222432
11096,6.2e-05,172.31.46.0-255,66,14167,58,222432
11097,0.000109,172.31.46.0-255,66,14233,58,222432
11098,0.000115,172.217.194.0-255,5379,19612,58,222432
11099,0.000118,172.31.46.0-255,66,19678,58,222432
11100,0.000164,172.217.194.0-255,1484,21162,58,222432
11101,0.000167,172.31.46.0-255,66,21228,58,222432
11102,0.000193,172.217.194.0-255,2902,24130,58,222432
11103,0.000196,172.31.46.0-255,66,24196,58,222432
11104,0.0002,172.217.194.0-255,2902,27098,58,222432
11105,0.000203,172.31.46.0-255,66,27164,58,222432
11106,0.00023,172.217.194.0-255,4320,31484,58,222432
11107,0.000232,172.31.46.0-255,66,31550,58,222432
11108,0.000266,172.31.46.0-255,66,31616,58,222432
11109,0.000296,172.31.46.0-255,66,31682,58,222432
11110,0.000323,172.217.194.0-255,1484,33166,58,222432
11111,0.000326,172.31.46.0-255,66,33232,58,222432
11112,0.00033,172.217.194.0-255,2543,35775,58,222432
11113,0.000332,172.31.46.0-255,66,35841,58,222432
11114,0.000335,172.217.194.0-255,339,36180,58,222432
11115,0.000342,172.31.46.0-255,66,36246,58,222432
11116,0.000368,172.217.194.0-255,434,36680,58,222432
11117,0.000634,172.217.194.0-255,1484,38164,58,222432
11118,0.000642,172.31.46.0-255,66,38230,58,222432
11119,0.000647,172.217.194.0-255,2902,41132,58,222432
11120,0.00065,172.31.46.0-255,66,41198,58,222432
11121,0.000661,172.217.194.0-255,5738,46936,58,222432
11122,0.000664,172.31.46.0-255,66,47002,58,222432
11123,0.000708,172.31.46.0-255,66,47068,58,222432
11124,0.00075,172.31.46.0-255,66,47134,58,222432
11125,0.001181,172.217.194.0-255,1484,48618,58,222432
11126,0.001188,172.217.194.0-255,2902,51520,58,222432
11127,0.001191,172.31.46.0-255,66,51586,58,222432
11128,0.001223,172.217.194.0-255,5738,57324,58,222432
11129,0.001228,172.217.194.0-255,4320,61644,58,222432
11130,0.001232,172.31.46.0-255,66,61710,58,222432
11131,0.001235,172.31.46.0-255,66,61776,58,222432
11132,0.00125,172.217.194.0-255,2902,64678,58,222432
11133,0.001252,172.31.46.0-255,66,64744,58,222432
11134,0.001259,172.217.194.0-255,7156,71900,58,222432
11135,0.001261,172.31.46.0-255,66,71966,58,222432
11136,0.001286,172.217.194.0-255,1484,73450,58,222432
11137,0.001312,172.31.46.0-255,66,73516,58,222432
11138,0.001491,172.217.194.0-255,1484,75000,58,222432
11139,0.001499,172.217.194.0-255,2902,77902,58,222432
11140,0.001502,172.31.46.0-255,66,77968,58,222432
11141,0.001532,172.217.194.0-255,5738,83706,58,222432
11142,0.001536,172.31.46.0-255,66,83772,58,222432
11143,0.00154,172.217.194.0-255,2902,86674,58,222432
11144,0.001542,172.31.46.0-255,66,86740,58,222432
11145,0.001614,172.31.46.0-255,66,86806,58,222432
11146,0.001632,172.31.46.0-255,66,86872,58,222432
11147,0.001759,172.217.194.0-255,1484,88356,58,222432
11148,0.001765,172.217.194.0-255,2902,91258,58,222432
11149,0.001769,172.31.46.0-255,66,91324,58,222432
11150,0.001773,172.217.194.0-255,1484,92808,58,222432
11151,0.001798,172.217.194.0-255,4320,97128,58,222432
11152,0.001801,172.31.46.0-255,66,97194,58,222432
11153,0.001806,172.217.194.0-255,4320,101514,58,222432
11154,0.001809,172.31.46.0-255,66,101580,58,222432
11155,0.001848,172.31.46.0-255,66,101646,58,222432
11156,0.00186,172.31.46.0-255,66,101712,58,222432
11157,0.001912,172.217.194.0-255,1484,103196,58,222432
11158,0.001935,172.217.194.0-255,2902,106098,58,222432
11159,0.001938,172.31.46.0-255,66,106164,58,222432
11160,0.001943,172.217.194.0-255,2902,109066,58,222432
11161,0.001946,172.31.46.0-255,66,109132,58,222432
11162,0.001949,172.217.194.0-255,1484,110616,58,222432
11163,0.001967,172.217.194.0-255,5738,116354,58,222432
11164,0.00197,172.31.46.0-255,66,116420,58,222432
11165,0.001977,172.217.194.0-255,1484,117904,58,222432
11166,0.002003,172.31.46.0-255,66,117970,58,222432
11167,0.002029,172.217.194.0-255,4320,122290,58,222432
11168,0.002032,172.31.46.0-255,66,122356,58,222432
11169,0.002037,172.217.194.0-255,3602,125958,58,222432
11170,0.002039,172.31.46.0-255,66,126024,58,222432
11171,0.002074,172.217.194.0-255,1484,127508,58,222432
11172,0.002092,172.217.194.0-255,2902,130410,58,222432
11173,0.002095,172.31.46.0-255,66,130476,58,222432
11174,0.002113,172.217.194.0-255,5738,136214,58,222432
11175,0.002116,172.31.46.0-255,66,136280,58,222432
11176,0.002128,172.217.194.0-255,7156,143436,58,222432
11177,0.002132,172.31.46.0-255,66,143502,58,222432
11178,0.002161,172.217.194.0-255,5738,149240,58,222432
11179,0.002169,172.31.46.0-255,66,149306,58,222432
11180,0.002176,172.217.194.0-255,7156,156462,58,222432
11181,0.002178,172.31.46.0-255,66,156528,58,222432
11182,0.00222,172.217.194.0-255,3602,160130,58,222432
11183,0.002222,172.31.46.0-255,66,160196,58,222432
11184,0.002348,172.217.194.0-255,1484,161680,58,222432
11185,0.002353,172.217.194.0-255,1484,163164,58,222432
11186,0.002357,172.31.46.0-255,66,163230,58,222432
11187,0.002382,172.217.194.0-255,1484,164714,58,222432
11188,0.002389,172.217.194.0-255,5738,170452,58,222432
11189,0.002392,172.31.46.0-255,66,170518,58,222432
11190,0.002395,172.217.194.0-255,1484,172002,58,222432
11191,0.002398,172.217.194.0-255,1484,173486,58,222432
11192,0.0024,172.31.46.0-255,66,173552,58,222432
11193,0.002437,172.217.194.0-255,1484,175036,58,222432
11194,0.002473,172.217.194.0-255,766,175802,58,222432
11195,0.008498,172.31.46.0-255,66,175868,58,222432
11196,0.010901,172.217.194.0-255,5738,181606,58,222432
11197,0.010912,172.31.46.0-255,66,181672,58,222432
11198,0.013314,172.217.194.0-255,5738,187410,58,222432
11199,0.013322,172.31.46.0-255,66,187476,58,222432
11200,0.015738,172.217.194.0-255,5738,193214,58,222432
11201,0.015746,172.31.46.0-255,66,193280,58,222432
11202,0.018156,172.217.194.0-255,5738,199018,58,222432
11203,0.018165,172.31.46.0-255,66,199084,58,222432
11204,0.02062,172.217.194.0-255,5738,204822,58,222432
11205,0.020632,172.31.46.0-255,66,204888,58,222432
11206,0.023033,172.217.194.0-255,5738,210626,58,222432
11207,0.023043,172.31.46.0-255,66,210692,58,222432
11208,0.025431,172.217.194.0-255,5738,216430,58,222432
11209,0.02544,172.31.46.0-255,66,216496,58,222432
11210,0.027823,172.217.194.0-255,2902,219398,58,222432
11211,0.027829,172.31.46.0-255,66,219464,58,222432
11212,0.027857,172.217.194.0-255,2902,222366,58,222432
11213,0.02786,172.31.46.0-255,66,222432,58,222432
11214,0.0,172.217.194.0-255,152,152,58,165886
11215,2.2e-05,172.31.46.0-255,66,218,58,165886
11216,2.9e-05,172.217.194.0-255,1484,1702,58,165886
11217,3.5e-05,172.31.46.0-255,66,1768,58,165886
11218,4.7e-05,172.217.194.0-255,2902,4670,58,165886
11219,5.1e-05,172.31.46.0-255,66,4736,58,165886
11220,5.9e-05,172.217.194.0-255,7156,11892,58,165886
11221,6.2e-05,172.31.46.0-255,66,11958,58,165886
11222,7.6e-05,172.31.46.0-255,66,12024,58,165886
11223,0.000116,172.217.194.0-255,3499,15523,58,165886
11224,0.00012,172.31.46.0-255,66,15589,58,165886
11225,0.000143,172.31.46.0-255,66,15655,58,165886
11226,0.000148,172.217.194.0-255,5020,20675,58,165886
11227,0.000151,172.31.46.0-255,66,20741,58,165886
11228,0.000232,172.217.194.0-255,1484,22225,58,165886
11229,0.000236,172.31.46.0-255,66,22291,58,165886
11230,0.000241,172.217.194.0-255,2902,25193,58,165886
11231,0.000243,172.31.46.0-255,66,25259,58,165886
11232,0.000277,172.217.194.0-255,5738,30997,58,165886
11233,0.00028,172.31.46.0-255,66,31063,58,165886
11234,0.000306,172.217.194.0-255,6797,37860,58,165886
11235,0.000308,172.31.46.0-255,66,37926,58,165886
11236,0.001872,172.217.194.0-255,1484,39410,58,165886
11237,0.00188,172.31.46.0-255,66,39476,58,165886
11238,0.00189,172.217.194.0-255,2902,42378,58,165886
11239,0.001898,172.31.46.0-255,66,42444,58,165886
11240,0.001903,172.217.194.0-255,2902,45346,58,165886
11241,0.001905,172.31.46.0-255,66,45412,58,165886
11242,0.001936,172.217.194.0-255,2902,48314,58,165886
11243,0.001939,172.31.46.0-255,66,48380,58,165886
11244,0.001947,172.217.194.0-255,7156,55536,58,165886
11245,0.001949,172.31.46.0-255,66,55602,58,165886
11246,0.001968,172.31.46.0-255,66,55668,58,165886
11247,0.001972,172.217.194.0-255,2184,57852,58,165886
11248,0.001975,172.31.46.0-255,66,57918,58,165886
11249,0.002078,172.217.194.0-255,1484,59402,58,165886
11250,0.002083,172.217.194.0-255,2902,62304,58,165886
11251,0.002086,172.31.46.0-255,66,62370,58,165886
11252,0.002112,172.217.194.0-255,5738,68108,58,165886
11253,0.002115,172.31.46.0-255,66,68174,58,165886
11254,0.00215,172.217.194.0-255,2902,71076,58,165886
11255,0.002153,172.31.46.0-255,66,71142,58,165886
11256,0.002185,172.217.194.0-255,7156,78298,58,165886
11257,0.002188,172.31.46.0-255,66,78364,58,165886
11258,0.00221,172.31.46.0-255,66,78430,58,165886
11259,0.002223,172.31.46.0-255,66,78496,58,165886
11260,0.002234,172.31.46.0-255,66,78562,58,165886
11261,0.00227,172.31.46.0-255,66,78628,58,165886
11262,0.002272,172.217.194.0-255,1484,80112,58,165886
11263,0.002277,172.217.194.0-255,2902,83014,58,165886
11264,0.002279,172.31.46.0-255,66,83080,58,165886
11265,0.002282,172.217.194.0-255,1484,84564,58,165886
11266,0.00231,172.217.194.0-255,4320,88884,58,165886
11267,0.002313,172.31.46.0-255,66,88950,58,165886
11268,0.00232,172.217.194.0-255,7156,96106,58,165886
11269,0.002322,172.31.46.0-255,66,96172,58,165886
11270,0.002351,172.217.194.0-255,5738,101910,58,165886
11271,0.002353,172.31.46.0-255,66,101976,58,165886
11272,0.002369,172.31.46.0-255,66,102042,58,165886
11273,0.004704,172.217.194.0-255,5738,107780,58,165886
11274,0.004708,172.31.46.0-255,66,107846,58,165886
11275,0.007044,172.217.194.0-255,5738,113584,58,165886
11276,0.007054,172.31.46.0-255,66,113650,58,165886
11277,0.009377,172.217.194.0-255,5738,119388,58,165886
11278,0.009386,172.31.46.0-255,66,119454,58,165886
11279,0.01174,172.217.194.0-255,5738,125192,58,165886
11280,0.011754,172.31.46.0-255,66,125258,58,165886
11281,0.014083,172.217.194.0-255,5738,130996,58,165886
11282,0.014095,172.31.46.0-255,66,131062,58,165886
11283,0.016456,172.217.194.0-255,5738,136800,58,165886
11284,0.016473,172.31.46.0-255,66,136866,58,165886
11285,0.018823,172.217.194.0-255,5738,142604,58,165886
11286,0.018835,172.31.46.0-255,66,142670,58,165886
11287,0.021168,172.217.194.0-255,5738,148408,58,165886
11288,0.021183,172.31.46.0-255,66,148474,58,165886
11289,0.023531,172.217.194.0-255,5738,154212,58,165886
11290,0.02354,172.31.46.0-255,66,154278,58,165886
11291,0.025899,172.217.194.0-255,5738,160016,58,165886
11292,0.02591,172.31.46.0-255,66,160082,58,165886
11293,0.028259,172.217.194.0-255,5738,165820,58,165886
11294,0.028267,172.31.46.0-255,66,165886,58,165886
11295,0.0,74.125.200.0-255,148,148,58,185410
11296,1.4e-05,172.31.46.0-255,66,214,58,185410
11297,2e-05,74.125.200.0-255,1484,1698,58,185410
11298,2.6e-05,172.31.46.0-255,66,1764,58,185410
11299,4.4e-05,74.125.200.0-255,2902,4666,58,185410
11300,4.7e-05,172.31.46.0-255,66,4732,58,185410
11301,7.6e-05,74.125.200.0-255,2902,7634,58,185410
11302,7.9e-05,172.31.46.0-255,66,7700,58,185410
11303,8.5e-05,74.125.200.0-255,4320,12020,58,185410
11304,8.7e-05,172.31.46.0-255,66,12086,58,185410
11305,0.000108,74.125.200.0-255,2159,14245,58,185410
11306,0.000111,172.31.46.0-255,66,14311,58,185410
11307,0.000263,74.125.200.0-255,1484,15795,58,185410
11308,0.000267,172.31.46.0-255,66,15861,58,185410
11309,0.000273,74.125.200.0-255,2902,18763,58,185410
11310,0.000275,172.31.46.0-255,66,18829,58,185410
11311,0.000293,74.125.200.0-255,5738,24567,58,185410
11312,0.000295,172.31.46.0-255,66,24633,58,185410
11313,0.000301,74.125.200.0-255,4320,28953,58,185410
11314,0.000305,172.31.46.0-255,66,29019,58,185410
11315,0.00034,74.125.200.0-255,2902,31921,58,185410
11316,0.000343,172.31.46.0-255,66,31987,58,185410
11317,0.000363,74.125.200.0-255,2543,34530,58,185410
11318,0.000365,172.31.46.0-255,66,34596,58,185410
11319,0.00037,74.125.200.0-255,2902,37498,58,185410
11320,0.000372,172.31.46.0-255,66,37564,58,185410
11321,0.000377,74.125.200.0-255,4320,41884,58,185410
11322,0.00038,172.31.46.0-255,66,41950,58,185410
11323,0.0004,74.125.200.0-255,1484,43434,58,185410
11324,0.000402,172.31.46.0-255,66,43500,58,185410
11325,0.000428,74.125.200.0-255,5379,48879,58,185410
11326,0.000431,172.31.46.0-255,66,48945,58,185410
11327,0.000452,74.125.200.0-255,7156,56101,58,185410
11328,0.000455,172.31.46.0-255,66,56167,58,185410
11329,0.000467,74.125.200.0-255,1484,57651,58,185410
11330,0.000495,74.125.200.0-255,7156,64807,58,185410
11331,0.000497,172.31.46.0-255,66,64873,58,185410
11332,0.0005,74.125.200.0-255,1125,65998,58,185410
11333,0.000534,74.125.200.0-255,428,66426,58,185410
11334,0.000537,172.31.46.0-255,66,66492,58,185410
11335,0.000585,74.125.200.0-255,347,66839,58,185410
11336,0.000858,74.125.200.0-255,1484,68323,58,185410
11337,0.000863,172.31.46.0-255,66,68389,58,185410
11338,0.00088,74.125.200.0-255,2902,71291,58,185410
11339,0.000883,172.31.46.0-255,66,71357,58,185410
11340,0.000899,74.125.200.0-255,5738,77095,58,185410
11341,0.000901,172.31.46.0-255,66,77161,58,185410
11342,0.000931,74.125.200.0-255,5738,82899,58,185410
11343,0.000936,74.125.200.0-255,4320,87219,58,185410
11344,0.000944,172.31.46.0-255,66,87285,58,185410
11345,0.000948,172.31.46.0-255,66,87351,58,185410
11346,0.000953,74.125.200.0-255,2902,90253,58,185410
11347,0.000955,172.31.46.0-255,66,90319,58,185410
11348,0.000981,74.125.200.0-255,5738,96057,58,185410
11349,0.000984,172.31.46.0-255,66,96123,58,185410
11350,0.000994,74.125.200.0-255,1484,97607,58,185410
11351,0.001024,74.125.200.0-255,3602,101209,58,185410
11352,0.001027,172.31.46.0-255,66,101275,58,185410
11353,0.001163,172.31.46.0-255,101,101376,58,185410
11354,0.002191,74.125.200.0-255,1484,102860,58,185410
11355,0.002203,74.125.200.0-255,2902,105762,58,185410
11356,0.002208,172.31.46.0-255,66,105828,58,185410
11357,0.002217,74.125.200.0-255,5738,111566,58,185410
11358,0.002219,172.31.46.0-255,66,111632,58,185410
11359,0.002222,74.125.200.0-255,1484,113116,58,185410
11360,0.00224,74.125.200.0-255,1484,114600,58,185410
11361,0.002243,172.31.46.0-255,66,114666,58,185410
11362,0.002246,74.125.200.0-255,1484,116150,58,185410
11363,0.002269,74.125.200.0-255,2902,119052,58,185410
11364,0.002272,172.31.46.0-255,66,119118,58,185410
11365,0.002313,172.31.46.0-255,66,119184,58,185410
11366,0.002344,74.125.200.0-255,1484,120668,58,185410
11367,0.002361,74.125.200.0-255,6438,127106,58,185410
11368,0.002364,172.31.46.0-255,66,127172,58,185410
11369,0.003666,74.125.200.0-255,66,127238,58,185410
11370,0.004917,74.125.200.0-255,2902,130140,58,185410
11371,0.004922,172.31.46.0-255,66,130206,58,185410
11372,0.004942,74.125.200.0-255,2902,133108,58,185410
11373,0.004945,172.31.46.0-255,66,133174,58,185410
11374,0.007479,74.125.200.0-255,5738,138912,58,185410
11375,0.007486,172.31.46.0-255,66,138978,58,185410
11376,0.010037,74.125.200.0-255,5738,144716,58,185410
11377,0.010043,172.31.46.0-255,66,144782,58,185410
11378,0.012612,74.125.200.0-255,5738,150520,58,185410
11379,0.01262,172.31.46.0-255,66,150586,58,185410
11380,0.015207,74.125.200.0-255,5738,156324,58,185410
11381,0.015218,172.31.46.0-255,66,156390,58,185410
11382,0.017796,74.125.200.0-255,5738,162128,58,185410
11383,0.017805,172.31.46.0-255,66,162194,58,185410
11384,0.020359,74.125.200.0-255,5738,167932,58,185410
11385,0.020369,172.31.46.0-255,66,167998,58,185410
11386,0.022958,74.125.200.0-255,5738,173736,58,185410
11387,0.022967,172.31.46.0-255,66,173802,58,185410
11388,0.025528,74.125.200.0-255,5738,179540,58,185410
11389,0.025536,172.31.46.0-255,66,179606,58,185410
11390,0.028091,74.125.200.0-255,5738,185344,58,185410
11391,0.028101,172.31.46.0-255,66,185410,58,185410
11392,0.0,172.217.194.0-255,152,152,58,173743
11393,1.3e-05,172.31.46.0-255,66,218,58,173743
11394,1.8e-05,172.217.194.0-255,1484,1702,58,173743
11395,2.2e-05,172.31.46.0-255,66,1768,58,173743
11396,4.8e-05,172.217.194.0-255,2902,4670,58,173743
11397,5.3e-05,172.31.46.0-255,66,4736,58,173743
11398,6.1e-05,172.217.194.0-255,7156,11892,58,173743
11399,6.4e-05,172.31.46.0-255,66,11958,58,173743
11400,0.000121,172.217.194.0-255,2008,13966,58,173743
11401,0.000125,172.31.46.0-255,66,14032,58,173743
11402,0.000187,172.217.194.0-255,1484,15516,58,173743
11403,0.00019,172.31.46.0-255,66,15582,58,173743
11404,0.000195,172.217.194.0-255,2902,18484,58,173743
11405,0.000197,172.31.46.0-255,66,18550,58,173743
11406,0.000221,172.217.194.0-255,5738,24288,58,173743
11407,0.000224,172.31.46.0-255,66,24354,58,173743
11408,0.000235,172.217.194.0-255,5738,30092,58,173743
11409,0.000237,172.31.46.0-255,66,30158,58,173743
11410,0.000261,172.217.194.0-255,1484,31642,58,173743
11411,0.000264,172.31.46.0-255,66,31708,58,173743
11412,0.000299,172.31.46.0-255,66,31774,58,173743
11413,0.00031,172.31.46.0-255,66,31840,58,173743
11414,0.000334,172.217.194.0-255,4320,36160,58,173743
11415,0.000336,172.31.46.0-255,66,36226,58,173743
11416,0.00037,172.31.46.0-255,66,36292,58,173743
11417,0.000373,172.217.194.0-255,709,37001,58,173743
11418,0.000375,172.31.46.0-255,66,37067,58,173743
11419,0.000452,172.217.194.0-255,1484,38551,58,173743
11420,0.000456,172.31.46.0-255,66,38617,58,173743
11421,0.00046,172.217.194.0-255,2902,41519,58,173743
11422,0.000463,172.31.46.0-255,66,41585,58,173743
11423,0.000499,172.217.194.0-255,5738,47323,58,173743
11424,0.000502,172.31.46.0-255,66,47389,58,173743
11425,0.000507,172.217.194.0-255,4320,51709,58,173743
11426,0.000509,172.31.46.0-255,66,51775,58,173743
11427,0.000515,172.217.194.0-255,5738,57513,58,173743
11428,0.000517,172.31.46.0-255,66,57579,58,173743
11429,0.000535,172.31.46.0-255,66,57645,58,173743
11430,0.000539,172.217.194.0-255,2184,59829,58,173743
11431,0.000542,172.31.46.0-255,66,59895,58,173743
11432,0.000755,172.217.194.0-255,1484,61379,58,173743
11433,0.000764,172.217.194.0-255,2902,64281,58,173743
11434,0.000768,172.31.46.0-255,66,64347,58,173743
11435,0.000803,172.217.194.0-255,5738,70085,58,173743
11436,0.000807,172.31.46.0-255,66,70151,58,173743
11437,0.000819,172.31.46.0-255,66,70217,58,173743
11438,0.00085,172.217.194.0-255,7156,77373,58,173743
11439,0.000854,172.31.46.0-255,66,77439,58,173743
11440,0.000893,172.31.46.0-255,66,77505,58,173743
11441,0.000908,172.31.46.0-255,66,77571,58,173743
11442,0.000935,172.217.194.0-255,1484,79055,58,173743
11443,0.000947,172.31.46.0-255,66,79121,58,173743
11444,0.000984,172.31.46.0-255,66,79187,58,173743
11445,0.000995,172.217.194.0-255,5738,84925,58,173743
11446,0.000997,172.31.46.0-255,66,84991,58,173743
11447,0.001027,172.217.194.0-255,2902,87893,58,173743
11448,0.001031,172.31.46.0-255,66,87959,58,173743
11449,0.001039,172.217.194.0-255,7156,95115,58,173743
11450,0.001041,172.31.46.0-255,66,95181,58,173743
11451,0.001063,172.31.46.0-255,66,95247,58,173743
11452,0.001089,172.217.194.0-255,1484,96731,58,173743
11453,0.001103,172.217.194.0-255,766,97497,58,173743
11454,0.001107,172.31.46.0-255,66,97563,58,173743
11455,0.00112,172.31.46.0-255,66,97629,58,173743
11456,0.001152,172.217.194.0-255,7156,104785,58,173743
11457,0.001156,172.31.46.0-255,66,104851,58,173743
11458,0.001162,172.217.194.0-255,5738,110589,58,173743
11459,0.001165,172.31.46.0-255,66,110655,58,173743
11460,0.001208,172.31.46.0-255,66,110721,58,173743
11461,0.001214,172.217.194.0-255,4320,115041,58,173743
11462,0.001217,172.31.46.0-255,66,115107,58,173743
11463,0.001259,172.31.46.0-255,66,115173,58,173743
11464,0.00128,172.31.46.0-255,66,115239,58,173743
11465,0.001283,172.217.194.0-255,766,116005,58,173743
11466,0.001376,172.31.46.0-255,66,116071,58,173743
11467,0.001393,172.31.46.0-255,66,116137,58,173743
11468,0.001395,172.217.194.0-255,766,116903,58,173743
11469,0.001398,172.217.194.0-255,1484,118387,58,173743
11470,0.001401,172.31.46.0-255,66,118453,58,173743
11471,0.001407,172.217.194.0-255,4320,122773,58,173743
11472,0.00141,172.31.46.0-255,66,122839,58,173743
11473,0.001416,172.217.194.0-255,5738,128577,58,173743
11474,0.001419,172.31.46.0-255,66,128643,58,173743
11475,0.001425,172.217.194.0-255,5738,134381,58,173743
11476,0.001431,172.31.46.0-255,66,134447,58,173743
11477,0.001451,172.217.194.0-255,5738,140185,58,173743
11478,0.001454,172.31.46.0-255,66,140251,58,173743
11479,0.001459,172.217.194.0-255,4320,144571,58,173743
11480,0.001462,172.31.46.0-255,66,144637,58,173743
11481,0.001494,172.217.194.0-255,6438,151075,58,173743
11482,0.001496,172.31.46.0-255,66,151141,58,173743
11483,0.001501,172.217.194.0-255,2902,154043,58,173743
11484,0.001503,172.31.46.0-255,66,154109,58,173743
11485,0.001509,172.217.194.0-255,4320,158429,58,173743
11486,0.001511,172.31.46.0-255,66,158495,58,173743
11487,0.001553,172.31.46.0-255,66,158561,58,173743
11488,0.001597,172.31.46.0-255,66,158627,58,173743
11489,0.001623,172.217.194.0-255,1484,160111,58,173743
11490,0.001628,172.217.194.0-255,2902,163013,58,173743
11491,0.00163,172.31.46.0-255,66,163079,58,173743
11492,0.001664,172.217.194.0-255,5738,168817,58,173743
11493,0.001667,172.31.46.0-255,66,168883,58,173743
11494,0.001682,172.31.46.0-255,66,168949,58,173743
11495,0.001714,172.217.194.0-255,4320,173269,58,173743
11496,0.001718,172.31.46.0-255,66,173335,58,173743
11497,0.001754,172.31.46.0-255,66,173401,58,173743
11498,0.001757,172.217.194.0-255,105,173506,58,173743
11499,0.010271,172.31.46.0-255,66,173572,58,173743
11500,0.010313,172.31.46.0-255,105,173677,58,173743
11501,0.0123,172.217.194.0-255,66,173743,58,173743
11502,0.0,74.125.24.0-255,152,152,58,234203
11503,1.5e-05,172.31.46.0-255,66,218,58,234203
11504,2.2e-05,74.125.24.0-255,1484,1702,58,234203
11505,2.6e-05,172.31.46.0-255,66,1768,58,234203
11506,3.1e-05,74.125.24.0-255,2902,4670,58,234203
11507,3.4e-05,172.31.46.0-255,66,4736,58,234203
11508,5.2e-05,74.125.24.0-255,2902,7638,58,234203
11509,5.4e-05,172.31.46.0-255,66,7704,58,234203
11510,7.6e-05,74.125.24.0-255,2902,10606,58,234203
11511,7.8e-05,172.31.46.0-255,66,10672,58,234203
11512,9.7e-05,74.125.24.0-255,3516,14188,58,234203
11513,0.0001,172.31.46.0-255,66,14254,58,234203
11514,0.000458,74.125.24.0-255,1484,15738,58,234203
11515,0.000463,172.31.46.0-255,66,15804,58,234203
11516,0.00047,74.125.24.0-255,2902,18706,58,234203
11517,0.000472,172.31.46.0-255,66,18772,58,234203
11518,0.000479,74.125.24.0-255,5738,24510,58,234203
11519,0.000481,172.31.46.0-255,66,24576,58,234203
11520,0.000505,74.125.24.0-255,5738,30314,58,234203
11521,0.000508,172.31.46.0-255,66,30380,58,234203
11522,0.000539,172.31.46.0-255,66,30446,58,234203
11523,0.000551,172.31.46.0-255,66,30512,58,234203
11524,0.000571,74.125.24.0-255,4320,34832,58,234203
11525,0.000573,172.31.46.0-255,66,34898,58,234203
11526,0.000601,172.31.46.0-255,66,34964,58,234203
11527,0.000858,74.125.24.0-255,397,35361,58,234203
11528,0.000863,172.31.46.0-255,66,35427,58,234203
11529,0.0018,74.125.24.0-255,115,35542,58,234203
11530,0.001808,172.31.46.0-255,66,35608,58,234203
11531,0.001848,74.125.24.0-255,1484,37092,58,234203
11532,0.001854,74.125.24.0-255,1484,38576,58,234203
11533,0.001866,74.125.24.0-255,1484,40060,58,234203
11534,0.001869,74.125.24.0-255,1484,41544,58,234203
11535,0.001884,74.125.24.0-255,2902,44446,58,234203
11536,0.001903,74.125.24.0-255,4320,48766,58,234203
11537,0.001923,74.125.24.0-255,4320,53086,58,234203
11538,0.001938,74.125.24.0-255,4320,57406,58,234203
11539,0.00195,74.125.24.0-255,2902,60308,58,234203
11540,0.001987,74.125.24.0-255,327,60635,58,234203
11541,0.002012,74.125.24.0-255,1484,62119,58,234203
11542,0.00203,74.125.24.0-255,4320,66439,58,234203
11543,0.002058,74.125.24.0-255,7156,73595,58,234203
11544,0.002076,74.125.24.0-255,1484,75079,58,234203
11545,0.002088,74.125.24.0-255,2902,77981,58,234203
11546,0.002129,74.125.24.0-255,7156,85137,58,234203
11547,0.002132,74.125.24.0-255,766,85903,58,234203
11548,0.002376,74.125.24.0-255,1484,87387,58,234203
11549,0.002381,74.125.24.0-255,2902,90289,58,234203
11550,0.002384,74.125.24.0-255,1484,91773,58,234203
11551,0.002398,74.125.24.0-255,4320,96093,58,234203
11552,0.002441,74.125.24.0-255,2902,98995,58,234203
11553,0.002847,74.125.24.0-255,1484,100479,58,234203
11554,0.002861,74.125.24.0-255,2902,103381,58,234203
11555,0.002864,74.125.24.0-255,1484,104865,58,234203
11556,0.002881,74.125.24.0-255,4320,109185,58,234203
11557,0.002913,74.125.24.0-255,1484,110669,58,234203
11558,0.002933,74.125.24.0-255,2902,113571,58,234203
11559,0.002966,74.125.24.0-255,2902,116473,58,234203
11560,0.002981,74.125.24.0-255,3602,120075,58,234203
11561,0.003003,74.125.24.0-255,5738,125813,58,234203
11562,0.003013,74.125.24.0-255,1484,127297,58,234203
11563,0.003032,74.125.24.0-255,2902,130199,58,234203
11564,0.003052,74.125.24.0-255,5738,135937,58,234203
11565,0.003059,74.125.24.0-255,4320,140257,58,234203
11566,0.003075,74.125.24.0-255,5738,145995,58,234203
11567,0.003099,74.125.24.0-255,7156,153151,58,234203
11568,0.003102,74.125.24.0-255,766,153917,58,234203
11569,0.003208,74.125.24.0-255,1484,155401,58,234203
11570,0.003222,74.125.24.0-255,2902,158303,58,234203
11571,0.003242,74.125.24.0-255,5738,164041,58,234203
11572,0.003298,74.125.24.0-255,2902,166943,58,234203
11573,0.003305,74.125.24.0-255,7156,174099,58,234203
11574,0.003321,74.125.24.0-255,3602,177701,58,234203
11575,0.003341,74.125.24.0-255,2902,180603,58,234203
11576,0.003363,74.125.24.0-255,1484,182087,58,234203
11577,0.003417,74.125.24.0-255,5738,187825,58,234203
11578,0.003452,74.125.24.0-255,7156,194981,58,234203
11579,0.003477,74.125.24.0-255,2902,197883,58,234203
11580,0.003558,74.125.24.0-255,1484,199367,58,234203
11581,0.003574,74.125.24.0-255,4320,203687,58,234203
11582,0.003595,74.125.24.0-255,4320,208007,58,234203
11583,0.0036,74.125.24.0-255,5738,213745,58,234203
11584,0.00362,74.125.24.0-255,5738,219483,58,234203
11585,0.003623,74.125.24.0-255,1484,220967,58,234203
11586,0.00365,74.125.24.0-255,7156,228123,58,234203
11587,0.003672,74.125.24.0-255,5738,233861,58,234203
11588,0.003688,74.125.24.0-255,105,233966,58,234203
11589,0.006422,172.31.46.0-255,66,234032,58,234203
11590,0.01009,172.31.46.0-255,105,234137,58,234203
11591,0.012127,74.125.24.0-255,66,234203,58,234203
11592,0.0,74.125.24.0-255,156,156,58,188566
11593,2.2e-05,172.31.46.0-255,66,222,58,188566
11594,2.8e-05,74.125.24.0-255,1484,1706,58,188566
11595,3.2e-05,172.31.46.0-255,66,1772,58,188566
11596,3.7e-05,74.125.24.0-255,2902,4674,58,188566
11597,4e-05,172.31.46.0-255,66,4740,58,188566
11598,4.7e-05,74.125.24.0-255,7156,11896,58,188566
11599,4.9e-05,172.31.46.0-255,66,11962,58,188566
11600,8.9e-05,74.125.24.0-255,2120,14082,58,188566
11601,9.1e-05,172.31.46.0-255,66,14148,58,188566
11602,0.000345,74.125.24.0-255,1484,15632,58,188566
11603,0.000349,172.31.46.0-255,66,15698,58,188566
11604,0.000355,74.125.24.0-255,2902,18600,58,188566
11605,0.000358,172.31.46.0-255,66,18666,58,188566
11606,0.000363,74.125.24.0-255,4320,22986,58,188566
11607,0.000365,172.31.46.0-255,66,23052,58,188566
11608,0.000379,74.125.24.0-255,1484,24536,58,188566
11609,0.000381,172.31.46.0-255,66,24602,58,188566
11610,0.000389,74.125.24.0-255,6797,31399,58,188566
11611,0.000391,172.31.46.0-255,66,31465,58,188566
11612,0.000417,172.31.46.0-255,66,31531,58,188566
11613,0.00044,74.125.24.0-255,4320,35851,58,188566
11614,0.000443,172.31.46.0-255,66,35917,58,188566
11615,0.000467,172.31.46.0-255,66,35983,58,188566
11616,0.000483,74.125.24.0-255,6438,42421,58,188566
11617,0.000486,172.31.46.0-255,66,42487,58,188566
11618,0.000789,74.125.24.0-255,646,43133,58,188566
11619,0.000793,172.31.46.0-255,66,43199,58,188566
11620,0.000945,74.125.24.0-255,1484,44683,58,188566
11621,0.000949,172.31.46.0-255,66,44749,58,188566
11622,0.000965,74.125.24.0-255,2902,47651,58,188566
11623,0.000967,172.31.46.0-255,66,47717,58,188566
11624,0.000974,74.125.24.0-255,5738,53455,58,188566
11625,0.000976,172.31.46.0-255,66,53521,58,188566
11626,0.001015,172.31.46.0-255,66,53587,58,188566
11627,0.001017,74.125.24.0-255,1484,55071,58,188566
11628,0.001054,74.125.24.0-255,7156,62227,58,188566
11629,0.001056,172.31.46.0-255,66,62293,58,188566
11630,0.00107,74.125.24.0-255,2184,64477,58,188566
11631,0.001072,172.31.46.0-255,66,64543,58,188566
11632,0.001249,74.125.24.0-255,1484,66027,58,188566
11633,0.001255,74.125.24.0-255,2902,68929,58,188566
11634,0.001258,172.31.46.0-255,66,68995,58,188566
11635,0.001263,74.125.24.0-255,2902,71897,58,188566
11636,0.001265,172.31.46.0-255,66,71963,58,188566
11637,0.001278,74.125.24.0-255,2902,74865,58,188566
11638,0.00128,172.31.46.0-255,66,74931,58,188566
11639,0.001315,74.125.24.0-255,5738,80669,58,188566
11640,0.001317,172.31.46.0-255,66,80735,58,188566
11641,0.001334,74.125.24.0-255,7156,87891,58,188566
11642,0.001336,172.31.46.0-255,66,87957,58,188566
11643,0.001342,74.125.24.0-255,5738,93695,58,188566
11644,0.001344,172.31.46.0-255,66,93761,58,188566
11645,0.001361,74.125.24.0-255,2902,96663,58,188566
11646,0.001363,172.31.46.0-255,66,96729,58,188566
11647,0.001375,74.125.24.0-255,2184,98913,58,188566
11648,0.001377,172.31.46.0-255,66,98979,58,188566
11649,0.001389,74.125.24.0-255,2902,101881,58,188566
11650,0.001392,172.31.46.0-255,66,101947,58,188566
11651,0.001417,74.125.24.0-255,2902,104849,58,188566
11652,0.00142,172.31.46.0-255,66,104915,58,188566
11653,0.001432,172.31.46.0-255,66,104981,58,188566
11654,0.001437,74.125.24.0-255,4320,109301,58,188566
11655,0.001439,172.31.46.0-255,66,109367,58,188566
11656,0.001462,172.31.46.0-255,66,109433,58,188566
11657,0.001464,74.125.24.0-255,766,110199,58,188566
11658,0.002306,74.125.24.0-255,1484,111683,58,188566
11659,0.002312,172.31.46.0-255,66,111749,58,188566
11660,0.002333,74.125.24.0-255,2902,114651,58,188566
11661,0.002337,172.31.46.0-255,66,114717,58,188566
11662,0.00234,74.125.24.0-255,1484,116201,58,188566
11663,0.002346,74.125.24.0-255,2902,119103,58,188566
11664,0.002348,172.31.46.0-255,66,119169,58,188566
11665,0.002379,172.31.46.0-255,66,119235,58,188566
11666,0.002382,74.125.24.0-255,1484,120719,58,188566
11667,0.00242,172.31.46.0-255,66,120785,58,188566
11668,0.002425,74.125.24.0-255,3602,124387,58,188566
11669,0.002427,172.31.46.0-255,66,124453,58,188566
11670,0.002821,74.125.24.0-255,1484,125937,58,188566
11671,0.002827,74.125.24.0-255,2902,128839,58,188566
11672,0.002831,172.31.46.0-255,66,128905,58,188566
11673,0.002855,74.125.24.0-255,5738,134643,58,188566
11674,0.002858,172.31.46.0-255,66,134709,58,188566
11675,0.002863,74.125.24.0-255,4320,139029,58,188566
11676,0.002865,172.31.46.0-255,66,139095,58,188566
11677,0.002888,172.31.46.0-255,66,139161,58,188566
11678,0.002894,74.125.24.0-255,5738,144899,58,188566
11679,0.002896,172.31.46.0-255,66,144965,58,188566
11680,0.002918,74.125.24.0-255,5020,149985,58,188566
11681,0.00292,172.31.46.0-255,66,150051,58,188566
11682,0.002956,172.31.46.0-255,66,150117,58,188566
11683,0.002986,74.125.24.0-255,2902,153019,58,188566
11684,0.002989,172.31.46.0-255,66,153085,58,188566
11685,0.003031,172.31.46.0-255,66,153151,58,188566
11686,0.003034,74.125.24.0-255,1484,154635,58,188566
11687,0.003039,74.125.24.0-255,2902,157537,58,188566
11688,0.003042,172.31.46.0-255,66,157603,58,188566
11689,0.003048,74.125.24.0-255,5738,163341,58,188566
11690,0.003051,172.31.46.0-255,66,163407,58,188566
11691,0.003065,172.31.46.0-255,66,163473,58,188566
11692,0.003105,172.31.46.0-255,66,163539,58,188566
11693,0.003112,74.125.24.0-255,7156,170695,58,188566
11694,0.003115,172.31.46.0-255,66,170761,58,188566
11695,0.003172,74.125.24.0-255,2902,173663,58,188566
11696,0.003175,172.31.46.0-255,78,173741,58,188566
11697,0.003194,172.31.46.0-255,66,173807,58,188566
11698,0.0032,74.125.24.0-255,3602,177409,58,188566
11699,0.003202,172.31.46.0-255,66,177475,58,188566
11700,0.003216,172.31.46.0-255,66,177541,58,188566
11701,0.003227,172.31.46.0-255,66,177607,58,188566
11702,0.003231,74.125.24.0-255,2902,180509,58,188566
11703,0.003234,172.31.46.0-255,66,180575,58,188566
11704,0.003274,172.31.46.0-255,66,180641,58,188566
11705,0.003277,74.125.24.0-255,1484,182125,58,188566
11706,0.003283,74.125.24.0-255,4320,186445,58,188566
11707,0.003285,172.31.46.0-255,66,186511,58,188566
11708,0.00332,172.31.46.0-255,66,186577,58,188566
11709,0.003322,74.125.24.0-255,1484,188061,58,188566
11710,0.003336,172.31.46.0-255,66,188127,58,188566
11711,0.003339,74.125.24.0-255,97,188224,58,188566
11712,0.003364,74.125.24.0-255,105,188329,58,188566
11713,0.005577,172.31.46.0-255,66,188395,58,188566
11714,0.00561,172.31.46.0-255,105,188500,58,188566
11715,0.00786,74.125.24.0-255,66,188566,58,188566
11716,0.0,74.125.24.0-255,153,153,58,161649
11717,2.4e-05,172.31.46.0-255,66,219,58,161649
11718,3.2e-05,74.125.24.0-255,1484,1703,58,161649
11719,3.6e-05,172.31.46.0-255,66,1769,58,161649
11720,4.2e-05,74.125.24.0-255,2902,4671,58,161649
11721,4.6e-05,172.31.46.0-255,66,4737,58,161649
11722,5.4e-05,74.125.24.0-255,7156,11893,58,161649
11723,5.7e-05,172.31.46.0-255,66,11959,58,161649
11724,6.1e-05,74.125.24.0-255,1484,13443,58,161649
11725,6.3e-05,172.31.46.0-255,66,13509,58,161649
11726,6.7e-05,74.125.24.0-255,1484,14993,58,161649
11727,6.9e-05,172.31.46.0-255,66,15059,58,161649
11728,0.000116,172.31.46.0-255,66,15125,58,161649
11729,0.00012,74.125.24.0-255,2543,17668,58,161649
11730,0.000122,172.31.46.0-255,66,17734,58,161649
11731,0.00054,74.125.24.0-255,1484,19218,58,161649
11732,0.000545,172.31.46.0-255,66,19284,58,161649
11733,0.000551,74.125.24.0-255,2902,22186,58,161649
11734,0.000553,172.31.46.0-255,66,22252,58,161649
11735,0.000559,74.125.24.0-255,4320,26572,58,161649
11736,0.000562,172.31.46.0-255,66,26638,58,161649
11737,0.000579,74.125.24.0-255,1484,28122,58,161649
11738,0.000581,172.31.46.0-255,66,28188,58,161649
11739,0.000585,74.125.24.0-255,1484,29672,58,161649
11740,0.000586,172.31.46.0-255,66,29738,58,161649
11741,0.000628,172.31.46.0-255,66,29804,58,161649
11742,0.00064,172.31.46.0-255,66,29870,58,161649
11743,0.000642,74.125.24.0-255,1125,30995,58,161649
11744,0.000645,172.31.46.0-255,66,31061,58,161649
11745,0.000662,74.125.24.0-255,399,31460,58,161649
11746,0.000717,74.125.24.0-255,109,31569,58,161649
11747,0.000753,74.125.24.0-255,1484,33053,58,161649
11748,0.000757,172.31.46.0-255,66,33119,58,161649
11749,0.000763,74.125.24.0-255,2902,36021,58,161649
11750,0.000765,172.31.46.0-255,66,36087,58,161649
11751,0.000769,74.125.24.0-255,2902,38989,58,161649
11752,0.000772,172.31.46.0-255,66,39055,58,161649
11753,0.000801,74.125.24.0-255,4320,43375,58,161649
11754,0.000804,172.31.46.0-255,66,43441,58,161649
11755,0.00081,74.125.24.0-255,5379,48820,58,161649
11756,0.000812,172.31.46.0-255,66,48886,58,161649
11757,0.000833,74.125.24.0-255,1484,50370,58,161649
11758,0.000856,74.125.24.0-255,2902,53272,58,161649
11759,0.000859,172.31.46.0-255,66,53338,58,161649
11760,0.000865,74.125.24.0-255,5738,59076,58,161649
11761,0.000867,172.31.46.0-255,66,59142,58,161649
11762,0.000904,74.125.24.0-255,4320,63462,58,161649
11763,0.000907,172.31.46.0-255,66,63528,58,161649
11764,0.000924,74.125.24.0-255,2809,66337,58,161649
11765,0.000926,172.31.46.0-255,66,66403,58,161649
11766,0.001923,74.125.24.0-255,1484,67887,58,161649
11767,0.001935,74.125.24.0-255,2902,70789,58,161649
11768,0.00194,172.31.46.0-255,66,70855,58,161649
11769,0.001949,74.125.24.0-255,5738,76593,58,161649
11770,0.00195,172.31.46.0-255,66,76659,58,161649
11771,0.001981,74.125.24.0-255,4320,80979,58,161649
11772,0.001983,172.31.46.0-255,66,81045,58,161649
11773,0.002015,172.31.46.0-255,66,81111,58,161649
11774,0.002023,74.125.24.0-255,7156,88267,58,161649
11775,0.002024,172.31.46.0-255,66,88333,58,161649
11776,0.002029,74.125.24.0-255,3602,91935,58,161649
11777,0.002031,172.31.46.0-255,66,92001,58,161649
11778,0.004331,74.125.24.0-255,5738,97739,58,161649
11779,0.004336,172.31.46.0-255,66,97805,58,161649
11780,0.006624,74.125.24.0-255,5738,103543,58,161649
11781,0.00663,172.31.46.0-255,66,103609,58,161649
11782,0.008903,74.125.24.0-255,5738,109347,58,161649
11783,0.008914,172.31.46.0-255,66,109413,58,161649
11784,0.011216,74.125.24.0-255,5738,115151,58,161649
11785,0.011232,172.31.46.0-255,66,115217,58,161649
11786,0.013544,74.125.24.0-255,5738,120955,58,161649
11787,0.013559,172.31.46.0-255,66,121021,58,161649
11788,0.015844,74.125.24.0-255,5738,126759,58,161649
11789,0.015858,172.31.46.0-255,66,126825,58,161649
11790,0.018134,74.125.24.0-255,5738,132563,58,161649
11791,0.018144,172.31.46.0-255,66,132629,58,161649
11792,0.020419,74.125.24.0-255,5738,138367,58,161649
11793,0.020426,172.31.46.0-255,66,138433,58,161649
11794,0.022713,74.125.24.0-255,5738,144171,58,161649
11795,0.02272,172.31.46.0-255,66,144237,58,161649
11796,0.025021,74.125.24.0-255,5738,149975,58,161649
11797,0.02503,172.31.46.0-255,66,150041,58,161649
11798,0.027328,74.125.24.0-255,5738,155779,58,161649
11799,0.027337,172.31.46.0-255,66,155845,58,161649
11800,0.029649,74.125.24.0-255,5738,161583,58,161649
11801,0.029657,172.31.46.0-255,66,161649,58,161649
11802,0.0,74.125.24.0-255,152,152,58,129985
11803,2.3e-05,172.31.46.0-255,66,218,58,129985
11804,3.1e-05,74.125.24.0-255,1484,1702,58,129985
11805,3.6e-05,172.31.46.0-255,66,1768,58,129985
11806,5e-05,74.125.24.0-255,2902,4670,58,129985
11807,5.3e-05,172.31.46.0-255,66,4736,58,129985
11808,6.2e-05,74.125.24.0-255,7156,11892,58,129985
11809,6.5e-05,172.31.46.0-255,66,11958,58,129985
11810,6.9e-05,74.125.24.0-255,1939,13897,58,129985
11811,7.1e-05,172.31.46.0-255,66,13963,58,129985
11812,0.00025,74.125.24.0-255,1484,15447,58,129985
11813,0.000255,172.31.46.0-255,66,15513,58,129985
11814,0.000261,74.125.24.0-255,2902,18415,58,129985
11815,0.000264,172.31.46.0-255,66,18481,58,129985
11816,0.000276,74.125.24.0-255,5738,24219,58,129985
11817,0.000279,172.31.46.0-255,66,24285,58,129985
11818,0.000305,74.125.24.0-255,2902,27187,58,129985
11819,0.000308,172.31.46.0-255,66,27253,58,129985
11820,0.000349,172.31.46.0-255,66,27319,58,129985
11821,0.000364,172.31.46.0-255,66,27385,58,129985
11822,0.000405,74.125.24.0-255,2902,30287,58,129985
11823,0.000407,172.31.46.0-255,66,30353,58,129985
11824,0.000422,172.31.46.0-255,66,30419,58,129985
11825,0.000425,74.125.24.0-255,409,30828,58,129985
11826,0.000427,172.31.46.0-255,66,30894,58,129985
11827,0.001463,74.125.24.0-255,333,31227,58,129985
11828,0.001471,172.31.46.0-255,66,31293,58,129985
11829,0.0015,74.125.24.0-255,1484,32777,58,129985
11830,0.001504,172.31.46.0-255,66,32843,58,129985
11831,0.00151,74.125.24.0-255,4320,37163,58,129985
11832,0.001553,74.125.24.0-255,2902,40065,58,129985
11833,0.001602,74.125.24.0-255,2902,42967,58,129985
11834,0.001618,74.125.24.0-255,2184,45151,58,129985
11835,0.002431,74.125.24.0-255,1484,46635,58,129985
11836,0.002439,74.125.24.0-255,2902,49537,58,129985
11837,0.002461,74.125.24.0-255,5738,55275,58,129985
11838,0.002466,74.125.24.0-255,2902,58177,58,129985
11839,0.002493,74.125.24.0-255,4320,62497,58,129985
11840,0.002508,74.125.24.0-255,5738,68235,58,129985
11841,0.002511,74.125.24.0-255,1484,69719,58,129985
11842,0.006541,172.31.46.0-255,66,69785,58,129985
11843,0.009059,74.125.24.0-255,5738,75523,58,129985
11844,0.009076,172.31.46.0-255,66,75589,58,129985
11845,0.011599,74.125.24.0-255,5738,81327,58,129985
11846,0.011615,172.31.46.0-255,66,81393,58,129985
11847,0.014144,74.125.24.0-255,5738,87131,58,129985
11848,0.014162,172.31.46.0-255,66,87197,58,129985
11849,0.016661,74.125.24.0-255,5738,92935,58,129985
11850,0.016676,172.31.46.0-255,66,93001,58,129985
11851,0.019258,74.125.24.0-255,5738,98739,58,129985
11852,0.019275,172.31.46.0-255,66,98805,58,129985
11853,0.021753,74.125.24.0-255,5738,104543,58,129985
11854,0.021763,172.31.46.0-255,66,104609,58,129985
11855,0.024253,74.125.24.0-255,5738,110347,58,129985
11856,0.024274,172.31.46.0-255,66,110413,58,129985
11857,0.026811,74.125.24.0-255,5738,116151,58,129985
11858,0.026833,172.31.46.0-255,66,116217,58,129985
11859,0.028434,172.31.46.0-255,172,116389,58,129985
11860,0.028479,172.31.46.0-255,1112,117501,58,129985
11861,0.02855,172.31.46.0-255,1514,119015,58,129985
11862,0.028552,172.31.46.0-255,1514,120529,58,129985
11863,0.028553,172.31.46.0-255,1514,122043,58,129985
11864,0.028555,172.31.46.0-255,1514,123557,58,129985
11865,0.028582,172.31.46.0-255,624,124181,58,129985
11866,0.029314,74.125.24.0-255,5738,129919,58,129985
11867,0.029325,172.31.46.0-255,66,129985,58,129985
11868,0.0,74.125.130.0-255,152,152,58,239559
11869,2.1e-05,172.31.46.0-255,66,218,58,239559
11870,2.8e-05,74.125.130.0-255,1484,1702,58,239559
11871,3.2e-05,172.31.46.0-255,66,1768,58,239559
11872,3.8e-05,74.125.130.0-255,2902,4670,58,239559
11873,4.1e-05,172.31.46.0-255,66,4736,58,239559
11874,4.6e-05,74.125.130.0-255,2902,7638,58,239559
11875,4.9e-05,172.31.46.0-255,66,7704,58,239559
11876,5.5e-05,74.125.130.0-255,4320,12024,58,239559
11877,5.7e-05,172.31.46.0-255,66,12090,58,239559
11878,8.9e-05,74.125.130.0-255,2902,14992,58,239559
11879,9.2e-05,172.31.46.0-255,66,15058,58,239559
11880,0.000117,74.125.130.0-255,6257,21315,58,239559
11881,0.000121,172.31.46.0-255,66,21381,58,239559
11882,0.000132,172.31.46.0-255,66,21447,58,239559
11883,0.000258,74.125.130.0-255,1484,22931,58,239559
11884,0.000262,172.31.46.0-255,66,22997,58,239559
11885,0.000266,74.125.130.0-255,1484,24481,58,239559
11886,0.000268,172.31.46.0-255,66,24547,58,239559
11887,0.00028,74.125.130.0-255,1484,26031,58,239559
11888,0.000282,172.31.46.0-255,66,26097,58,239559
11889,0.000285,74.125.130.0-255,1484,27581,58,239559
11890,0.000287,172.31.46.0-255,66,27647,58,239559
11891,0.000292,74.125.130.0-255,2902,30549,58,239559
11892,0.000295,172.31.46.0-255,66,30615,58,239559
11893,0.000297,74.125.130.0-255,1484,32099,58,239559
11894,0.0003,172.31.46.0-255,66,32165,58,239559
11895,0.000316,74.125.130.0-255,4320,36485,58,239559
11896,0.000318,172.31.46.0-255,66,36551,58,239559
11897,0.000375,172.31.46.0-255,66,36617,58,239559
11898,0.000395,74.125.130.0-255,2543,39160,58,239559
11899,0.000397,172.31.46.0-255,66,39226,58,239559
11900,0.000403,74.125.130.0-255,5668,44894,58,239559
11901,0.000406,172.31.46.0-255,66,44960,58,239559
11902,0.000408,74.125.130.0-255,99,45059,58,239559
11903,0.00051,74.125.130.0-255,1484,46543,58,239559
11904,0.000513,172.31.46.0-255,66,46609,58,239559
11905,0.000519,74.125.130.0-255,2902,49511,58,239559
11906,0.000521,172.31.46.0-255,66,49577,58,239559
11907,0.000523,74.125.130.0-255,1484,51061,58,239559
11908,0.000546,74.125.130.0-255,4320,55381,58,239559
11909,0.000549,172.31.46.0-255,66,55447,58,239559
11910,0.000559,172.31.46.0-255,66,55513,58,239559
11911,0.00059,74.125.130.0-255,1484,56997,58,239559
11912,0.000604,172.31.46.0-255,66,57063,58,239559
11913,0.000608,74.125.130.0-255,2184,59247,58,239559
11914,0.00061,172.31.46.0-255,66,59313,58,239559
11915,0.000622,74.125.130.0-255,364,59677,58,239559
11916,0.000705,74.125.130.0-255,1484,61161,58,239559
11917,0.000709,172.31.46.0-255,66,61227,58,239559
11918,0.000712,74.125.130.0-255,1484,62711,58,239559
11919,0.000723,74.125.130.0-255,1484,64195,58,239559
11920,0.000725,172.31.46.0-255,66,64261,58,239559
11921,0.000731,74.125.130.0-255,4320,68581,58,239559
11922,0.000732,172.31.46.0-255,66,68647,58,239559
11923,0.000755,74.125.130.0-255,1484,70131,58,239559
11924,0.000766,172.31.46.0-255,66,70197,58,239559
11925,0.000778,74.125.130.0-255,2902,73099,58,239559
11926,0.00078,172.31.46.0-255,66,73165,58,239559
11927,0.000799,74.125.130.0-255,1484,74649,58,239559
11928,0.00082,172.31.46.0-255,66,74715,58,239559
11929,0.000853,74.125.130.0-255,1484,76199,58,239559
11930,0.000858,74.125.130.0-255,2902,79101,58,239559
11931,0.00086,172.31.46.0-255,66,79167,58,239559
11932,0.000893,74.125.130.0-255,5738,84905,58,239559
11933,0.000896,172.31.46.0-255,66,84971,58,239559
11934,0.000911,74.125.130.0-255,7156,92127,58,239559
11935,0.000913,172.31.46.0-255,66,92193,58,239559
11936,0.00093,74.125.130.0-255,2902,95095,58,239559
11937,0.000932,172.31.46.0-255,66,95161,58,239559
11938,0.000936,74.125.130.0-255,2902,98063,58,239559
11939,0.000938,172.31.46.0-255,66,98129,58,239559
11940,0.000963,172.31.46.0-255,66,98195,58,239559
11941,0.000967,74.125.130.0-255,2184,100379,58,239559
11942,0.000969,172.31.46.0-255,66,100445,58,239559
11943,0.001657,74.125.130.0-255,1484,101929,58,239559
11944,0.001677,74.125.130.0-255,2902,104831,58,239559
11945,0.001681,172.31.46.0-255,66,104897,58,239559
11946,0.001691,74.125.130.0-255,1484,106381,58,239559
11947,0.00171,74.125.130.0-255,4320,110701,58,239559
11948,0.001712,172.31.46.0-255,66,110767,58,239559
11949,0.001716,74.125.130.0-255,2902,113669,58,239559
11950,0.001718,172.31.46.0-255,66,113735,58,239559
11951,0.001722,74.125.130.0-255,4320,118055,58,239559
11952,0.001724,172.31.46.0-255,66,118121,58,239559
11953,0.001737,74.125.130.0-255,1484,119605,58,239559
11954,0.001756,74.125.130.0-255,7156,126761,58,239559
11955,0.001759,172.31.46.0-255,66,126827,58,239559
11956,0.001764,74.125.130.0-255,5738,132565,58,239559
11957,0.001766,172.31.46.0-255,66,132631,58,239559
11958,0.001807,74.125.130.0-255,2184,134815,58,239559
11959,0.00181,172.31.46.0-255,66,134881,58,239559
11960,0.001889,74.125.130.0-255,1484,136365,58,239559
11961,0.001923,74.125.130.0-255,2902,139267,58,239559
11962,0.001926,172.31.46.0-255,66,139333,58,239559
11963,0.001948,74.125.130.0-255,4320,143653,58,239559
11964,0.00195,172.31.46.0-255,66,143719,58,239559
11965,0.001964,74.125.130.0-255,2902,146621,58,239559
11966,0.001966,172.31.46.0-255,66,146687,58,239559
11967,0.001982,74.125.130.0-255,4320,151007,58,239559
11968,0.001983,172.31.46.0-255,66,151073,58,239559
11969,0.002,74.125.130.0-255,4320,155393,58,239559
11970,0.002002,172.31.46.0-255,66,155459,58,239559
11971,0.002024,74.125.130.0-255,4320,159779,58,239559
11972,0.002026,172.31.46.0-255,66,159845,58,239559
11973,0.002033,74.125.130.0-255,7156,167001,58,239559
11974,0.002034,172.31.46.0-255,66,167067,58,239559
11975,0.002058,74.125.130.0-255,1484,168551,58,239559
11976,0.002075,74.125.130.0-255,766,169317,58,239559
11977,0.002078,172.31.46.0-255,66,169383,58,239559
11978,0.002226,74.125.130.0-255,1484,170867,58,239559
11979,0.004257,74.125.130.0-255,1484,172351,58,239559
11980,0.004265,172.31.46.0-255,66,172417,58,239559
11981,0.004286,74.125.130.0-255,2902,175319,58,239559
11982,0.004288,172.31.46.0-255,66,175385,58,239559
11983,0.006476,74.125.130.0-255,2902,178287,58,239559
11984,0.006479,172.31.46.0-255,66,178353,58,239559
11985,0.006495,74.125.130.0-255,1484,179837,58,239559
11986,0.006506,74.125.130.0-255,1484,181321,58,239559
11987,0.006508,172.31.46.0-255,66,181387,58,239559
11988,0.008711,74.125.130.0-255,2902,184289,58,239559
11989,0.008718,172.31.46.0-255,66,184355,58,239559
11990,0.008739,74.125.130.0-255,2902,187257,58,239559
11991,0.008742,172.31.46.0-255,66,187323,58,239559
11992,0.010945,74.125.130.0-255,5738,193061,58,239559
11993,0.010954,172.31.46.0-255,66,193127,58,239559
11994,0.013194,74.125.130.0-255,5738,198865,58,239559
11995,0.013205,172.31.46.0-255,66,198931,58,239559
11996,0.015437,74.125.130.0-255,5738,204669,58,239559
11997,0.015445,172.31.46.0-255,66,204735,58,239559
11998,0.017677,74.125.130.0-255,5738,210473,58,239559
11999,0.017687,172.31.46.0-255,66,210539,58,239559
12000,0.019907,74.125.130.0-255,5738,216277,58,239559
12001,0.019915,172.31.46.0-255,66,216343,58,239559
12002,0.022143,74.125.130.0-255,5738,222081,58,239559
12003,0.02215,172.31.46.0-255,66,222147,58,239559
12004,0.024377,74.125.130.0-255,5738,227885,58,239559
12005,0.024384,172.31.46.0-255,66,227951,58,239559
12006,0.026613,74.125.130.0-255,5738,233689,58,239559
12007,0.02662,172.31.46.0-255,66,233755,58,239559
12008,0.028866,74.125.130.0-255,5738,239493,58,239559
12009,0.028873,172.31.46.0-255,66,239559,58,239559
12010,0.0,172.217.194.0-255,146,146,58,248144
12011,1.7e-05,172.31.46.0-255,66,212,58,248144
12012,2.3e-05,172.217.194.0-255,1484,1696,58,248144
12013,2.7e-05,172.31.46.0-255,66,1762,58,248144
12014,3.2e-05,172.217.194.0-255,2902,4664,58,248144
12015,3.5e-05,172.31.46.0-255,66,4730,58,248144
12016,3.9e-05,172.217.194.0-255,2902,7632,58,248144
12017,4.2e-05,172.31.46.0-255,66,7698,58,248144
12018,4.8e-05,172.217.194.0-255,4320,12018,58,248144
12019,5e-05,172.31.46.0-255,66,12084,58,248144
12020,8.9e-05,172.217.194.0-255,2093,14177,58,248144
12021,9.2e-05,172.31.46.0-255,66,14243,58,248144
12022,0.000124,172.217.194.0-255,1484,15727,58,248144
12023,0.000126,172.31.46.0-255,66,15793,58,248144
12024,0.000142,172.217.194.0-255,1484,17277,58,248144
12025,0.000144,172.31.46.0-255,66,17343,58,248144
12026,0.000148,172.217.194.0-255,2902,20245,58,248144
12027,0.00015,172.31.46.0-255,66,20311,58,248144
12028,0.000168,172.217.194.0-255,1484,21795,58,248144
12029,0.00017,172.31.46.0-255,66,21861,58,248144
12030,0.000175,172.217.194.0-255,2902,24763,58,248144
12031,0.000177,172.31.46.0-255,66,24829,58,248144
12032,0.000193,172.217.194.0-255,5738,30567,58,248144
12033,0.000195,172.31.46.0-255,66,30633,58,248144
12034,0.000198,172.217.194.0-255,1125,31758,58,248144
12035,0.0002,172.31.46.0-255,66,31824,58,248144
12036,0.000309,172.217.194.0-255,1484,33308,58,248144
12037,0.000313,172.31.46.0-255,66,33374,58,248144
12038,0.000318,172.217.194.0-255,2902,36276,58,248144
12039,0.00032,172.31.46.0-255,66,36342,58,248144
12040,0.000325,172.217.194.0-255,5738,42080,58,248144
12041,0.000327,172.31.46.0-255,66,42146,58,248144
12042,0.00033,172.217.194.0-255,1484,43630,58,248144
12043,0.000332,172.31.46.0-255,66,43696,58,248144
12044,0.000384,172.31.46.0-255,66,43762,58,248144
12045,0.000388,172.217.194.0-255,2902,46664,58,248144
12046,0.00039,172.31.46.0-255,66,46730,58,248144
12047,0.000401,172.217.194.0-255,1484,48214,58,248144
12048,0.000438,172.217.194.0-255,4320,52534,58,248144
12049,0.000453,172.217.194.0-255,4213,56747,58,248144
12050,0.000461,172.31.46.0-255,66,56813,58,248144
12051,0.000467,172.217.194.0-255,433,57246,58,248144
12052,0.000715,172.217.194.0-255,1484,58730,58,248144
12053,0.000719,172.31.46.0-255,66,58796,58,248144
12054,0.000724,172.217.194.0-255,2902,61698,58,248144
12055,0.000756,172.31.46.0-255,66,61764,58,248144
12056,0.000762,172.217.194.0-255,1484,63248,58,248144
12057,0.000774,172.217.194.0-255,2902,66150,58,248144
12058,0.00079,172.217.194.0-255,1484,67634,58,248144
12059,0.000793,172.217.194.0-255,1484,69118,58,248144
12060,0.000796,172.31.46.0-255,66,69184,58,248144
12061,0.000823,172.217.194.0-255,1484,70668,58,248144
12062,0.000827,172.31.46.0-255,66,70734,58,248144
12063,0.00084,172.217.194.0-255,1484,72218,58,248144
12064,0.000846,172.217.194.0-255,5738,77956,58,248144
12065,0.000856,172.217.194.0-255,1484,79440,58,248144
12066,0.000858,172.217.194.0-255,766,80206,58,248144
12067,0.000865,172.31.46.0-255,66,80272,58,248144
12068,0.000984,172.217.194.0-255,1484,81756,58,248144
12069,0.000988,172.217.194.0-255,1484,83240,58,248144
12070,0.00099,172.31.46.0-255,66,83306,58,248144
12071,0.001005,172.217.194.0-255,1484,84790,58,248144
12072,0.001021,172.217.194.0-255,5738,90528,58,248144
12073,0.001026,172.31.46.0-255,66,90594,58,248144
12074,0.001053,172.31.46.0-255,66,90660,58,248144
12075,0.001072,172.217.194.0-255,4320,94980,58,248144
12076,0.001085,172.31.46.0-255,66,95046,58,248144
12077,0.001092,172.217.194.0-255,7156,102202,58,248144
12078,0.001096,172.31.46.0-255,66,102268,58,248144
12079,0.001103,172.217.194.0-255,2184,104452,58,248144
12080,0.001123,172.31.46.0-255,66,104518,58,248144
12081,0.001159,172.217.194.0-255,1484,106002,58,248144
12082,0.001176,172.217.194.0-255,2902,108904,58,248144
12083,0.001179,172.217.194.0-255,1484,110388,58,248144
12084,0.001188,172.31.46.0-255,66,110454,58,248144
12085,0.001199,172.217.194.0-255,4320,114774,58,248144
12086,0.001223,172.31.46.0-255,66,114840,58,248144
12087,0.001259,172.31.46.0-255,66,114906,58,248144
12088,0.001266,172.217.194.0-255,1484,116390,58,248144
12089,0.001277,172.217.194.0-255,2902,119292,58,248144
12090,0.00129,172.31.46.0-255,66,119358,58,248144
12091,0.0013,172.217.194.0-255,5738,125096,58,248144
12092,0.001304,172.31.46.0-255,66,125162,58,248144
12093,0.001311,172.217.194.0-255,2902,128064,58,248144
12094,0.001324,172.217.194.0-255,4320,132384,58,248144
12095,0.001336,172.217.194.0-255,1484,133868,58,248144
12096,0.001349,172.31.46.0-255,66,133934,58,248144
12097,0.001403,172.31.46.0-255,66,134000,58,248144
12098,0.001439,172.217.194.0-255,1484,135484,58,248144
12099,0.001456,172.217.194.0-255,2902,138386,58,248144
12100,0.001461,172.31.46.0-255,66,138452,58,248144
12101,0.001481,172.217.194.0-255,5738,144190,58,248144
12102,0.001486,172.31.46.0-255,66,144256,58,248144
12103,0.001505,172.217.194.0-255,4320,148576,58,248144
12104,0.00151,172.31.46.0-255,66,148642,58,248144
12105,0.001556,172.217.194.0-255,1484,150126,58,248144
12106,0.001582,172.31.46.0-255,66,150192,58,248144
12107,0.00161,172.217.194.0-255,1484,151676,58,248144
12108,0.001613,172.217.194.0-255,1484,153160,58,248144
12109,0.001632,172.217.194.0-255,1484,154644,58,248144
12110,0.001637,172.217.194.0-255,4320,158964,58,248144
12111,0.001642,172.31.46.0-255,66,159030,58,248144
12112,0.001649,172.217.194.0-255,1484,160514,58,248144
12113,0.001668,172.31.46.0-255,66,160580,58,248144
12114,0.001684,172.217.194.0-255,2902,163482,58,248144
12115,0.00169,172.217.194.0-255,7156,170638,58,248144
12116,0.001702,172.217.194.0-255,3602,174240,58,248144
12117,0.001712,172.31.46.0-255,66,174306,58,248144
12118,0.001803,172.217.194.0-255,1484,175790,58,248144
12119,0.001818,172.217.194.0-255,2902,178692,58,248144
12120,0.001836,172.31.46.0-255,66,178758,58,248144
12121,0.001842,172.217.194.0-255,5738,184496,58,248144
12122,0.001846,172.31.46.0-255,66,184562,58,248144
12123,0.001863,172.217.194.0-255,4320,188882,58,248144
12124,0.001883,172.217.194.0-255,5738,194620,58,248144
12125,0.001902,172.31.46.0-255,66,194686,58,248144
12126,0.001918,172.217.194.0-255,1484,196170,58,248144
12127,0.001936,172.217.194.0-255,3602,199772,58,248144
12128,0.001941,172.31.46.0-255,66,199838,58,248144
12129,0.002071,172.217.194.0-255,1484,201322,58,248144
12130,0.002074,172.217.194.0-255,1484,202806,58,248144
12131,0.00208,172.31.46.0-255,66,202872,58,248144
12132,0.00209,172.217.194.0-255,1484,204356,58,248144
12133,0.002093,172.217.194.0-255,1484,205840,58,248144
12134,0.002134,172.217.194.0-255,4320,210160,58,248144
12135,0.00215,172.217.194.0-255,5738,215898,58,248144
12136,0.002201,172.217.194.0-255,4320,220218,58,248144
12137,0.002211,172.217.194.0-255,766,220984,58,248144
12138,0.002238,172.217.194.0-255,1484,222468,58,248144
12139,0.002254,172.217.194.0-255,2902,225370,58,248144
12140,0.002266,172.217.194.0-255,4320,229690,58,248144
12141,0.00228,172.217.194.0-255,1484,231174,58,248144
12142,0.002323,172.217.194.0-255,1484,232658,58,248144
12143,0.002326,172.217.194.0-255,1484,234142,58,248144
12144,0.002358,172.217.194.0-255,7156,241298,58,248144
12145,0.002399,172.217.194.0-255,6438,247736,58,248144
12146,0.002677,172.31.46.0-255,66,247802,58,248144
12147,0.005037,172.217.194.0-255,105,247907,58,248144
12148,0.006143,172.31.46.0-255,66,247973,58,248144
12149,0.006263,172.31.46.0-255,105,248078,58,248144
12150,0.008621,172.217.194.0-255,66,248144,58,248144
12151,0.0,74.125.130.0-255,161,161,58,184770
12152,2.2e-05,172.31.46.0-255,66,227,58,184770
12153,4.7e-05,74.125.130.0-255,1484,1711,58,184770
12154,5.2e-05,172.31.46.0-255,66,1777,58,184770
12155,5.8e-05,74.125.130.0-255,2902,4679,58,184770
12156,6.2e-05,172.31.46.0-255,66,4745,58,184770
12157,7.8e-05,74.125.130.0-255,5738,10483,58,184770
12158,8.1e-05,172.31.46.0-255,66,10549,58,184770
12159,8.4e-05,74.125.130.0-255,1484,12033,58,184770
12160,8.7e-05,172.31.46.0-255,66,12099,58,184770
12161,0.000105,74.125.130.0-255,2158,14257,58,184770
12162,0.000108,172.31.46.0-255,66,14323,58,184770
12163,0.000138,74.125.130.0-255,5738,20061,58,184770
12164,0.000142,172.31.46.0-255,66,20127,58,184770
12165,0.000164,74.125.130.0-255,7156,27283,58,184770
12166,0.000167,172.31.46.0-255,66,27349,58,184770
12167,0.000188,74.125.130.0-255,3961,31310,58,184770
12168,0.000191,172.31.46.0-255,66,31376,58,184770
12169,0.00038,74.125.130.0-255,1484,32860,58,184770
12170,0.000386,172.31.46.0-255,66,32926,58,184770
12171,0.000393,74.125.130.0-255,2902,35828,58,184770
12172,0.000395,172.31.46.0-255,66,35894,58,184770
12173,0.000426,74.125.130.0-255,4320,40214,58,184770
12174,0.000431,172.31.46.0-255,66,40280,58,184770
12175,0.000434,74.125.130.0-255,1484,41764,58,184770
12176,0.000436,172.31.46.0-255,66,41830,58,184770
12177,0.000461,172.31.46.0-255,66,41896,58,184770
12178,0.000466,74.125.130.0-255,4320,46216,58,184770
12179,0.000469,172.31.46.0-255,66,46282,58,184770
12180,0.000501,74.125.130.0-255,1484,47766,58,184770
12181,0.000505,172.31.46.0-255,66,47832,58,184770
12182,0.000535,74.125.130.0-255,404,48236,58,184770
12183,0.000567,172.31.46.0-255,66,48302,58,184770
12184,0.000951,74.125.130.0-255,1484,49786,58,184770
12185,0.000957,74.125.130.0-255,2902,52688,58,184770
12186,0.000967,172.31.46.0-255,66,52754,58,184770
12187,0.000994,74.125.130.0-255,5738,58492,58,184770
12188,0.001006,172.31.46.0-255,66,58558,58,184770
12189,0.001031,172.31.46.0-255,66,58624,58,184770
12190,0.001103,172.31.46.0-255,66,58690,58,184770
12191,0.001365,74.125.130.0-255,1484,60174,58,184770
12192,0.001372,74.125.130.0-255,2902,63076,58,184770
12193,0.001376,172.31.46.0-255,66,63142,58,184770
12194,0.001383,74.125.130.0-255,5738,68880,58,184770
12195,0.001401,172.31.46.0-255,66,68946,58,184770
12196,0.00142,74.125.130.0-255,4320,73266,58,184770
12197,0.001426,172.31.46.0-255,66,73332,58,184770
12198,0.001457,74.125.130.0-255,1484,74816,58,184770
12199,0.001507,172.31.46.0-255,66,74882,58,184770
12200,0.0016,74.125.130.0-255,1484,76366,58,184770
12201,0.001606,74.125.130.0-255,2902,79268,58,184770
12202,0.001619,74.125.130.0-255,2902,82170,58,184770
12203,0.001625,172.31.46.0-255,66,82236,58,184770
12204,0.00164,74.125.130.0-255,4320,86556,58,184770
12205,0.00165,172.31.46.0-255,66,86622,58,184770
12206,0.00167,74.125.130.0-255,4320,90942,58,184770
12207,0.001673,172.31.46.0-255,66,91008,58,184770
12208,0.001689,74.125.130.0-255,4320,95328,58,184770
12209,0.001693,74.125.130.0-255,2902,98230,58,184770
12210,0.001699,172.31.46.0-255,66,98296,58,184770
12211,0.001711,74.125.130.0-255,2902,101198,58,184770
12212,0.001715,74.125.130.0-255,2902,104100,58,184770
12213,0.001734,172.31.46.0-255,66,104166,58,184770
12214,0.00174,74.125.130.0-255,4320,108486,58,184770
12215,0.001742,74.125.130.0-255,766,109252,58,184770
12216,0.001747,172.31.46.0-255,66,109318,58,184770
12217,0.003864,74.125.130.0-255,5738,115056,58,184770
12218,0.003871,172.31.46.0-255,66,115122,58,184770
12219,0.005877,74.125.130.0-255,5738,120860,58,184770
12220,0.005884,172.31.46.0-255,66,120926,58,184770
12221,0.007897,74.125.130.0-255,5738,126664,58,184770
12222,0.007905,172.31.46.0-255,66,126730,58,184770
12223,0.009913,74.125.130.0-255,5738,132468,58,184770
12224,0.00992,172.31.46.0-255,66,132534,58,184770
12225,0.011936,74.125.130.0-255,5738,138272,58,184770
12226,0.011945,172.31.46.0-255,66,138338,58,184770
12227,0.01396,74.125.130.0-255,5738,144076,58,184770
12228,0.013967,172.31.46.0-255,66,144142,58,184770
12229,0.015999,74.125.130.0-255,5738,149880,58,184770
12230,0.016005,172.31.46.0-255,66,149946,58,184770
12231,0.018015,74.125.130.0-255,5738,155684,58,184770
12232,0.018023,172.31.46.0-255,66,155750,58,184770
12233,0.020026,74.125.130.0-255,5738,161488,58,184770
12234,0.020033,172.31.46.0-255,66,161554,58,184770
12235,0.022035,74.125.130.0-255,5738,167292,58,184770
12236,0.022041,172.31.46.0-255,66,167358,58,184770
12237,0.024045,74.125.130.0-255,5738,173096,58,184770
12238,0.024051,172.31.46.0-255,66,173162,58,184770
12239,0.026072,74.125.130.0-255,5738,178900,58,184770
12240,0.026079,172.31.46.0-255,66,178966,58,184770
12241,0.028089,74.125.130.0-255,5738,184704,58,184770
12242,0.028098,172.31.46.0-255,66,184770,58,184770
12243,0.0,74.125.200.0-255,152,152,58,176098
12244,2.5e-05,172.31.46.0-255,66,218,58,176098
12245,3.2e-05,74.125.200.0-255,1484,1702,58,176098
12246,3.8e-05,172.31.46.0-255,66,1768,58,176098
12247,4.5e-05,74.125.200.0-255,2902,4670,58,176098
12248,4.8e-05,172.31.46.0-255,66,4736,58,176098
12249,7.2e-05,74.125.200.0-255,7156,11892,58,176098
12250,7.6e-05,172.31.46.0-255,66,11958,58,176098
12251,0.000186,74.125.200.0-255,2062,14020,58,176098
12252,0.000189,172.31.46.0-255,66,14086,58,176098
12253,0.000231,74.125.200.0-255,5738,19824,58,176098
12254,0.000234,172.31.46.0-255,66,19890,58,176098
12255,0.00025,74.125.200.0-255,5738,25628,58,176098
12256,0.000252,172.31.46.0-255,66,25694,58,176098
12257,0.000411,74.125.200.0-255,4320,30014,58,176098
12258,0.000415,172.31.46.0-255,66,30080,58,176098
12259,0.000478,74.125.200.0-255,2902,32982,58,176098
12260,0.000482,172.31.46.0-255,66,33048,58,176098
12261,0.000501,74.125.200.0-255,7156,40204,58,176098
12262,0.000504,172.31.46.0-255,66,40270,58,176098
12263,0.000522,172.31.46.0-255,66,40336,58,176098
12264,0.000765,74.125.200.0-255,1484,41820,58,176098
12265,0.000769,172.31.46.0-255,66,41886,58,176098
12266,0.000784,74.125.200.0-255,4320,46206,58,176098
12267,0.000787,172.31.46.0-255,66,46272,58,176098
12268,0.000872,74.125.200.0-255,2902,49174,58,176098
12269,0.000875,172.31.46.0-255,66,49240,58,176098
12270,0.000896,74.125.200.0-255,4320,53560,58,176098
12271,0.000898,172.31.46.0-255,66,53626,58,176098
12272,0.000999,74.125.200.0-255,4314,57940,58,176098
12273,0.001002,172.31.46.0-255,66,58006,58,176098
12274,0.001471,74.125.200.0-255,1484,59490,58,176098
12275,0.00149,74.125.200.0-255,1484,60974,58,176098
12276,0.001508,74.125.200.0-255,2902,63876,58,176098
12277,0.001538,74.125.200.0-255,2902,66778,58,176098
12278,0.001556,74.125.200.0-255,2902,69680,58,176098
12279,0.001641,74.125.200.0-255,4320,74000,58,176098
12280,0.001657,74.125.200.0-255,4320,78320,58,176098
12281,0.001803,74.125.200.0-255,5738,84058,58,176098
12282,0.002006,74.125.200.0-255,5738,89796,58,176098
12283,0.002051,74.125.200.0-255,4320,94116,58,176098
12284,0.002334,74.125.200.0-255,4320,98436,58,176098
12285,0.00291,74.125.200.0-255,2902,101338,58,176098
12286,0.002932,74.125.200.0-255,7156,108494,58,176098
12287,0.003365,74.125.200.0-255,2902,111396,58,176098
12288,0.003416,74.125.200.0-255,5738,117134,58,176098
12289,0.00589,172.31.46.0-255,66,117200,58,176098
12290,0.008181,74.125.200.0-255,5738,122938,58,176098
12291,0.008188,172.31.46.0-255,66,123004,58,176098
12292,0.010478,74.125.200.0-255,5738,128742,58,176098
12293,0.010484,172.31.46.0-255,66,128808,58,176098
12294,0.012777,74.125.200.0-255,5738,134546,58,176098
12295,0.013277,172.31.46.0-255,66,134612,58,176098
12296,0.015557,74.125.200.0-255,5738,140350,58,176098
12297,0.015564,172.31.46.0-255,66,140416,58,176098
12298,0.017862,74.125.200.0-255,2902,143318,58,176098
12299,0.01787,172.31.46.0-255,66,143384,58,176098
12300,0.017891,74.125.200.0-255,2902,146286,58,176098
12301,0.01792,172.31.46.0-255,66,146352,58,176098
12302,0.020163,74.125.200.0-255,2902,149254,58,176098
12303,0.02017,172.31.46.0-255,66,149320,58,176098
12304,0.02019,74.125.200.0-255,1484,150804,58,176098
12305,0.020205,74.125.200.0-255,1484,152288,58,176098
12306,0.020219,172.31.46.0-255,66,152354,58,176098
12307,0.022436,74.125.200.0-255,2902,155256,58,176098
12308,0.022442,172.31.46.0-255,66,155322,58,176098
12309,0.022507,74.125.200.0-255,2902,158224,58,176098
12310,0.022531,172.31.46.0-255,66,158290,58,176098
12311,0.02472,74.125.200.0-255,2902,161192,58,176098
12312,0.024727,172.31.46.0-255,66,161258,58,176098
12313,0.0248,74.125.200.0-255,2902,164160,58,176098
12314,0.024818,172.31.46.0-255,66,164226,58,176098
12315,0.027008,74.125.200.0-255,2902,167128,58,176098
12316,0.027015,172.31.46.0-255,66,167194,58,176098
12317,0.027086,74.125.200.0-255,2902,170096,58,176098
12318,0.027118,172.31.46.0-255,66,170162,58,176098
12319,0.029284,74.125.200.0-255,2902,173064,58,176098
12320,0.029291,172.31.46.0-255,66,173130,58,176098
12321,0.029385,74.125.200.0-255,2902,176032,58,176098
12322,0.02939,172.31.46.0-255,66,176098,58,176098
12323,0.0,172.217.194.0-255,146,146,58,186956
12324,2.2e-05,172.31.46.0-255,66,212,58,186956
12325,2.8e-05,172.217.194.0-255,1484,1696,58,186956
12326,3.3e-05,172.31.46.0-255,66,1762,58,186956
12327,3.8e-05,172.217.194.0-255,2902,4664,58,186956
12328,4.1e-05,172.31.46.0-255,66,4730,58,186956
12329,4.8e-05,172.217.194.0-255,7156,11886,58,186956
12330,5.1e-05,172.31.46.0-255,66,11952,58,186956
12331,5.4e-05,172.217.194.0-255,1484,13436,58,186956
12332,5.6e-05,172.31.46.0-255,66,13502,58,186956
12333,9.2e-05,172.31.46.0-255,66,13568,58,186956
12334,0.000105,172.217.194.0-255,2902,16470,58,186956
12335,0.000108,172.31.46.0-255,66,16536,58,186956
12336,0.000128,172.217.194.0-255,5379,21915,58,186956
12337,0.000132,172.31.46.0-255,66,21981,58,186956
12338,0.000212,172.217.194.0-255,1484,23465,58,186956
12339,0.000216,172.31.46.0-255,66,23531,58,186956
12340,0.000221,172.217.194.0-255,2902,26433,58,186956
12341,0.000224,172.31.46.0-255,66,26499,58,186956
12342,0.000247,172.217.194.0-255,5738,32237,58,186956
12343,0.00025,172.31.46.0-255,66,32303,58,186956
12344,0.000286,172.31.46.0-255,66,32369,58,186956
12345,0.000298,172.31.46.0-255,66,32435,58,186956
12346,0.000313,172.217.194.0-255,1484,33919,58,186956
12347,0.000315,172.31.46.0-255,66,33985,58,186956
12348,0.000319,172.217.194.0-255,2184,36169,58,186956
12349,0.000321,172.31.46.0-255,66,36235,58,186956
12350,0.000333,172.217.194.0-255,377,36612,58,186956
12351,0.000335,172.31.46.0-255,66,36678,58,186956
12352,0.000391,172.217.194.0-255,366,37044,58,186956
12353,0.000408,172.31.46.0-255,66,37110,58,186956
12354,0.000412,172.217.194.0-255,1484,38594,58,186956
12355,0.000414,172.31.46.0-255,66,38660,58,186956
12356,0.000432,172.217.194.0-255,4320,42980,58,186956
12357,0.000435,172.31.46.0-255,66,43046,58,186956
12358,0.00044,172.217.194.0-255,2902,45948,58,186956
12359,0.000444,172.31.46.0-255,66,46014,58,186956
12360,0.000466,172.217.194.0-255,7156,53170,58,186956
12361,0.000469,172.31.46.0-255,66,53236,58,186956
12362,0.00048,172.31.46.0-255,66,53302,58,186956
12363,0.000499,172.217.194.0-255,5738,59040,58,186956
12364,0.000501,172.31.46.0-255,66,59106,58,186956
12365,0.000522,172.217.194.0-255,3602,62708,58,186956
12366,0.000525,172.31.46.0-255,66,62774,58,186956
12367,0.001364,172.217.194.0-255,1484,64258,58,186956
12368,0.001369,172.31.46.0-255,66,64324,58,186956
12369,0.001373,172.217.194.0-255,1484,65808,58,186956
12370,0.001375,172.31.46.0-255,66,65874,58,186956
12371,0.00139,172.217.194.0-255,1484,67358,58,186956
12372,0.001392,172.31.46.0-255,66,67424,58,186956
12373,0.001399,172.217.194.0-255,5738,73162,58,186956
12374,0.001401,172.31.46.0-255,66,73228,58,186956
12375,0.001437,172.31.46.0-255,66,73294,58,186956
12376,0.001446,172.31.46.0-255,66,73360,58,186956
12377,0.001489,172.217.194.0-255,6438,79798,58,186956
12378,0.001492,172.31.46.0-255,66,79864,58,186956
12379,0.001508,172.217.194.0-255,7156,87020,58,186956
12380,0.001573,172.217.194.0-255,4320,91340,58,186956
12381,0.001586,172.217.194.0-255,2184,93524,58,186956
12382,0.001618,172.217.194.0-255,4320,97844,58,186956
12383,0.001636,172.217.194.0-255,2902,100746,58,186956
12384,0.001641,172.217.194.0-255,2902,103648,58,186956
12385,0.001667,172.217.194.0-255,5738,109386,58,186956
12386,0.001922,172.217.194.0-255,1484,110870,58,186956
12387,0.00193,172.217.194.0-255,2902,113772,58,186956
12388,0.001953,172.217.194.0-255,5738,119510,58,186956
12389,0.00196,172.217.194.0-255,7156,126666,58,186956
12390,0.002025,172.217.194.0-255,2184,128850,58,186956
12391,0.007517,172.31.46.0-255,66,128916,58,186956
12392,0.009552,172.217.194.0-255,5738,134654,58,186956
12393,0.009558,172.31.46.0-255,66,134720,58,186956
12394,0.01161,172.217.194.0-255,5738,140458,58,186956
12395,0.011619,172.31.46.0-255,66,140524,58,186956
12396,0.01365,172.217.194.0-255,5738,146262,58,186956
12397,0.013658,172.31.46.0-255,66,146328,58,186956
12398,0.01569,172.217.194.0-255,5738,152066,58,186956
12399,0.015698,172.31.46.0-255,66,152132,58,186956
12400,0.017738,172.217.194.0-255,5738,157870,58,186956
12401,0.017745,172.31.46.0-255,66,157936,58,186956
12402,0.019784,172.217.194.0-255,5738,163674,58,186956
12403,0.019793,172.31.46.0-255,66,163740,58,186956
12404,0.021841,172.217.194.0-255,5738,169478,58,186956
12405,0.021849,172.31.46.0-255,66,169544,58,186956
12406,0.023893,172.217.194.0-255,5738,175282,58,186956
12407,0.023901,172.31.46.0-255,66,175348,58,186956
12408,0.025925,172.217.194.0-255,5738,181086,58,186956
12409,0.025933,172.31.46.0-255,66,181152,58,186956
12410,0.027944,172.217.194.0-255,5738,186890,58,186956
12411,0.027952,172.31.46.0-255,66,186956,58,186956
12412,0.0,172.217.27.0-255,153,153,58,238815
12413,2.2e-05,172.31.46.0-255,66,219,58,238815
12414,2.9e-05,172.217.27.0-255,1484,1703,58,238815
12415,3.4e-05,172.31.46.0-255,66,1769,58,238815
12416,4.5e-05,172.217.27.0-255,1484,3253,58,238815
12417,4.7e-05,172.31.46.0-255,66,3319,58,238815
12418,5.3e-05,172.217.27.0-255,2902,6221,58,238815
12419,5.7e-05,172.31.46.0-255,66,6287,58,238815
12420,6.3e-05,172.217.27.0-255,5738,12025,58,238815
12421,6.7e-05,172.31.46.0-255,66,12091,58,238815
12422,7.1e-05,172.217.27.0-255,2074,14165,58,238815
12423,7.4e-05,172.31.46.0-255,66,14231,58,238815
12424,7.8e-05,172.217.27.0-255,1484,15715,58,238815
12425,8.1e-05,172.31.46.0-255,66,15781,58,238815
12426,8.6e-05,172.217.27.0-255,2902,18683,58,238815
12427,8.8e-05,172.31.46.0-255,66,18749,58,238815
12428,9.4e-05,172.217.27.0-255,4320,23069,58,238815
12429,9.7e-05,172.31.46.0-255,66,23135,58,238815
12430,0.000121,172.217.27.0-255,1484,24619,58,238815
12431,0.000124,172.31.46.0-255,66,24685,58,238815
12432,0.000128,172.217.27.0-255,2902,27587,58,238815
12433,0.00013,172.31.46.0-255,66,27653,58,238815
12434,0.000149,172.217.27.0-255,3961,31614,58,238815
12435,0.000152,172.31.46.0-255,66,31680,58,238815
12436,0.000194,172.217.27.0-255,1484,33164,58,238815
12437,0.000197,172.31.46.0-255,66,33230,58,238815
12438,0.000201,172.217.27.0-255,2902,36132,58,238815
12439,0.000203,172.31.46.0-255,66,36198,58,238815
12440,0.000206,172.217.27.0-255,1484,37682,58,238815
12441,0.000208,172.31.46.0-255,66,37748,58,238815
12442,0.000233,172.217.27.0-255,4320,42068,58,238815
12443,0.000236,172.31.46.0-255,66,42134,58,238815
12444,0.000241,172.217.27.0-255,4320,46454,58,238815
12445,0.000244,172.31.46.0-255,66,46520,58,238815
12446,0.000279,172.217.27.0-255,2543,49063,58,238815
12447,0.000282,172.31.46.0-255,66,49129,58,238815
12448,0.000315,172.217.27.0-255,2902,52031,58,238815
12449,0.000318,172.31.46.0-255,66,52097,58,238815
12450,0.000322,172.217.27.0-255,2902,54999,58,238815
12451,0.000325,172.31.46.0-255,66,55065,58,238815
12452,0.00034,172.217.27.0-255,4320,59385,58,238815
12453,0.000343,172.31.46.0-255,66,59451,58,238815
12454,0.000391,172.217.27.0-255,7120,66571,58,238815
12455,0.000394,172.31.46.0-255,66,66637,58,238815
12456,0.000966,172.217.27.0-255,120,66757,58,238815
12457,0.001021,172.31.46.0-255,66,66823,58,238815
12458,0.001091,172.217.27.0-255,1484,68307,58,238815
12459,0.001097,172.217.27.0-255,2902,71209,58,238815
12460,0.0011,172.31.46.0-255,66,71275,58,238815
12461,0.001104,172.217.27.0-255,1484,72759,58,238815
12462,0.001124,172.217.27.0-255,4320,77079,58,238815
12463,0.001126,172.31.46.0-255,66,77145,58,238815
12464,0.001148,172.217.27.0-255,6797,83942,58,238815
12465,0.001151,172.31.46.0-255,66,84008,58,238815
12466,0.001178,172.217.27.0-255,4320,88328,58,238815
12467,0.00118,172.31.46.0-255,66,88394,58,238815
12468,0.001201,172.217.27.0-255,2902,91296,58,238815
12469,0.001204,172.31.46.0-255,66,91362,58,238815
12470,0.00121,172.217.27.0-255,5738,97100,58,238815
12471,0.001213,172.31.46.0-255,66,97166,58,238815
12472,0.001254,172.217.27.0-255,3961,101127,58,238815
12473,0.001256,172.31.46.0-255,66,101193,58,238815
12474,0.001373,172.217.27.0-255,1484,102677,58,238815
12475,0.00138,172.217.27.0-255,2902,105579,58,238815
12476,0.001383,172.31.46.0-255,66,105645,58,238815
12477,0.001402,172.217.27.0-255,5738,111383,58,238815
12478,0.001405,172.31.46.0-255,66,111449,58,238815
12479,0.001412,172.217.27.0-255,7156,118605,58,238815
12480,0.001414,172.31.46.0-255,66,118671,58,238815
12481,0.001457,172.31.46.0-255,66,118737,58,238815
12482,0.001473,172.217.27.0-255,1484,120221,58,238815
12483,0.001478,172.217.27.0-255,2184,122405,58,238815
12484,0.00148,172.31.46.0-255,66,122471,58,238815
12485,0.001519,172.217.27.0-255,1484,123955,58,238815
12486,0.001522,172.217.27.0-255,1484,125439,58,238815
12487,0.001526,172.31.46.0-255,66,125505,58,238815
12488,0.001534,172.217.27.0-255,1484,126989,58,238815
12489,0.001541,172.217.27.0-255,5738,132727,58,238815
12490,0.001543,172.31.46.0-255,66,132793,58,238815
12491,0.001578,172.217.27.0-255,7156,139949,58,238815
12492,0.001581,172.31.46.0-255,66,140015,58,238815
12493,0.001591,172.31.46.0-255,66,140081,58,238815
12494,0.001635,172.31.46.0-255,66,140147,58,238815
12495,0.003265,172.217.27.0-255,5738,145885,58,238815
12496,0.003272,172.31.46.0-255,66,145951,58,238815
12497,0.004914,172.217.27.0-255,5738,151689,58,238815
12498,0.004918,172.31.46.0-255,66,151755,58,238815
12499,0.006543,172.217.27.0-255,5738,157493,58,238815
12500,0.006547,172.31.46.0-255,66,157559,58,238815
12501,0.008265,172.217.27.0-255,5738,163297,58,238815
12502,0.008272,172.31.46.0-255,66,163363,58,238815
12503,0.00991,172.217.27.0-255,5738,169101,58,238815
12504,0.00992,172.31.46.0-255,66,169167,58,238815
12505,0.011582,172.217.27.0-255,5738,174905,58,238815
12506,0.011593,172.31.46.0-255,66,174971,58,238815
12507,0.013233,172.217.27.0-255,5738,180709,58,238815
12508,0.013241,172.31.46.0-255,66,180775,58,238815
12509,0.01487,172.217.27.0-255,5738,186513,58,238815
12510,0.014877,172.31.46.0-255,66,186579,58,238815
12511,0.016542,172.217.27.0-255,5738,192317,58,238815
12512,0.01655,172.31.46.0-255,66,192383,58,238815
12513,0.018188,172.217.27.0-255,5738,198121,58,238815
12514,0.018198,172.31.46.0-255,66,198187,58,238815
12515,0.019839,172.217.27.0-255,5738,203925,58,238815
12516,0.019845,172.31.46.0-255,66,203991,58,238815
12517,0.02149,172.217.27.0-255,5738,209729,58,238815
12518,0.0215,172.31.46.0-255,66,209795,58,238815
12519,0.023134,172.217.27.0-255,5738,215533,58,238815
12520,0.023141,172.31.46.0-255,66,215599,58,238815
12521,0.024788,172.217.27.0-255,5738,221337,58,238815
12522,0.024795,172.31.46.0-255,66,221403,58,238815
12523,0.026427,172.217.27.0-255,5738,227141,58,238815
12524,0.026435,172.31.46.0-255,66,227207,58,238815
12525,0.028072,172.217.27.0-255,5738,232945,58,238815
12526,0.028079,172.31.46.0-255,66,233011,58,238815
12527,0.029721,172.217.27.0-255,5738,238749,58,238815
12528,0.029728,172.31.46.0-255,66,238815,58,238815
12529,0.0,74.125.200.0-255,153,153,58,128699
12530,2.1e-05,172.31.46.0-255,66,219,58,128699
12531,2.9e-05,74.125.200.0-255,1484,1703,58,128699
12532,3.4e-05,172.31.46.0-255,66,1769,58,128699
12533,4e-05,74.125.200.0-255,2902,4671,58,128699
12534,5.1e-05,172.31.46.0-255,66,4737,58,128699
12535,5.8e-05,74.125.200.0-255,5738,10475,58,128699
12536,6.2e-05,172.31.46.0-255,66,10541,58,128699
12537,9.6e-05,74.125.200.0-255,3451,13992,58,128699
12538,9.9e-05,172.31.46.0-255,66,14058,58,128699
12539,0.000453,74.125.200.0-255,1484,15542,58,128699
12540,0.000459,172.31.46.0-255,66,15608,58,128699
12541,0.000466,74.125.200.0-255,2902,18510,58,128699
12542,0.000468,172.31.46.0-255,66,18576,58,128699
12543,0.000483,74.125.200.0-255,1484,20060,58,128699
12544,0.000489,172.31.46.0-255,66,20126,58,128699
12545,0.000494,74.125.200.0-255,2902,23028,58,128699
12546,0.000496,172.31.46.0-255,66,23094,58,128699
12547,0.000521,74.125.200.0-255,5738,28832,58,128699
12548,0.000526,172.31.46.0-255,66,28898,58,128699
12549,0.000542,74.125.200.0-255,2543,31441,58,128699
12550,0.000545,172.31.46.0-255,66,31507,58,128699
12551,0.001112,74.125.200.0-255,1484,32991,58,128699
12552,0.001119,172.31.46.0-255,66,33057,58,128699
12553,0.001129,74.125.200.0-255,2902,35959,58,128699
12554,0.001131,172.31.46.0-255,66,36025,58,128699
12555,0.001139,74.125.200.0-255,1484,37509,58,128699
12556,0.001141,172.31.46.0-255,66,37575,58,128699
12557,0.001165,74.125.200.0-255,2902,40477,58,128699
12558,0.001167,172.31.46.0-255,66,40543,58,128699
12559,0.001199,74.125.200.0-255,5738,46281,58,128699
12560,0.001201,172.31.46.0-255,66,46347,58,128699
12561,0.001206,74.125.200.0-255,2543,48890,58,128699
12562,0.001207,172.31.46.0-255,66,48956,58,128699
12563,0.001211,74.125.200.0-255,1484,50440,58,128699
12564,0.001237,74.125.200.0-255,1484,51924,58,128699
12565,0.00124,172.31.46.0-255,66,51990,58,128699
12566,0.001244,74.125.200.0-255,2902,54892,58,128699
12567,0.001246,172.31.46.0-255,66,54958,58,128699
12568,0.001265,74.125.200.0-255,2902,57860,58,128699
12569,0.001272,172.31.46.0-255,66,57926,58,128699
12570,0.00128,74.125.200.0-255,7156,65082,58,128699
12571,0.001281,172.31.46.0-255,66,65148,58,128699
12572,0.001284,74.125.200.0-255,1125,66273,58,128699
12573,0.003861,74.125.200.0-255,4320,70593,58,128699
12574,0.003868,172.31.46.0-255,66,70659,58,128699
12575,0.006457,74.125.200.0-255,5738,76397,58,128699
12576,0.006464,172.31.46.0-255,66,76463,58,128699
12577,0.009049,74.125.200.0-255,5738,82201,58,128699
12578,0.009059,172.31.46.0-255,66,82267,58,128699
12579,0.011645,74.125.200.0-255,5738,88005,58,128699
12580,0.011654,172.31.46.0-255,66,88071,58,128699
12581,0.014244,74.125.200.0-255,5738,93809,58,128699
12582,0.014253,172.31.46.0-255,66,93875,58,128699
12583,0.016839,74.125.200.0-255,5738,99613,58,128699
12584,0.016847,172.31.46.0-255,66,99679,58,128699
12585,0.019435,74.125.200.0-255,5738,105417,58,128699
12586,0.019446,172.31.46.0-255,66,105483,58,128699
12587,0.022033,74.125.200.0-255,5738,111221,58,128699
12588,0.022041,172.31.46.0-255,66,111287,58,128699
12589,0.024655,74.125.200.0-255,5738,117025,58,128699
12590,0.024662,172.31.46.0-255,66,117091,58,128699
12591,0.027256,74.125.200.0-255,5738,122829,58,128699
12592,0.027263,172.31.46.0-255,66,122895,58,128699
12593,0.029859,74.125.200.0-255,5738,128633,58,128699
12594,0.029868,172.31.46.0-255,66,128699,58,128699
12595,0.0,172.31.46.0-255,66,66,58,66
12596,0.0,74.125.24.0-255,150,150,58,212014
12597,1.3e-05,172.31.46.0-255,66,216,58,212014
12598,1.8e-05,74.125.24.0-255,1484,1700,58,212014
12599,2.2e-05,172.31.46.0-255,66,1766,58,212014
12600,2.7e-05,74.125.24.0-255,2902,4668,58,212014
12601,2.9e-05,172.31.46.0-255,66,4734,58,212014
12602,5.3e-05,74.125.24.0-255,7156,11890,58,212014
12603,5.5e-05,172.31.46.0-255,66,11956,58,212014
12604,5.9e-05,74.125.24.0-255,2136,14092,58,212014
12605,6.2e-05,172.31.46.0-255,66,14158,58,212014
12606,6.6e-05,74.125.24.0-255,2902,17060,58,212014
12607,6.8e-05,172.31.46.0-255,66,17126,58,212014
12608,0.000109,172.31.46.0-255,66,17192,58,212014
12609,0.000115,74.125.24.0-255,5379,22571,58,212014
12610,0.000117,172.31.46.0-255,66,22637,58,212014
12611,0.000254,74.125.24.0-255,1484,24121,58,212014
12612,0.000258,172.31.46.0-255,66,24187,58,212014
12613,0.000262,74.125.24.0-255,1484,25671,58,212014
12614,0.000263,172.31.46.0-255,66,25737,58,212014
12615,0.000274,74.125.24.0-255,1484,27221,58,212014
12616,0.000276,172.31.46.0-255,66,27287,58,212014
12617,0.000286,74.125.24.0-255,5738,33025,58,212014
12618,0.000288,172.31.46.0-255,66,33091,58,212014
12619,0.000337,172.31.46.0-255,66,33157,58,212014
12620,0.00035,172.31.46.0-255,66,33223,58,212014
12621,0.000355,74.125.24.0-255,4238,37461,58,212014
12622,0.000358,172.31.46.0-255,66,37527,58,212014
12623,0.000381,74.125.24.0-255,410,37937,58,212014
12624,0.000383,172.31.46.0-255,66,38003,58,212014
12625,0.000596,74.125.24.0-255,1484,39487,58,212014
12626,0.000603,74.125.24.0-255,2902,42389,58,212014
12627,0.000607,172.31.46.0-255,66,42455,58,212014
12628,0.000614,74.125.24.0-255,5738,48193,58,212014
12629,0.000616,172.31.46.0-255,66,48259,58,212014
12630,0.000664,172.31.46.0-255,66,48325,58,212014
12631,0.000676,172.31.46.0-255,66,48391,58,212014
12632,0.000716,74.125.24.0-255,2184,50575,58,212014
12633,0.00072,172.31.46.0-255,66,50641,58,212014
12634,0.000768,74.125.24.0-255,1484,52125,58,212014
12635,0.00079,74.125.24.0-255,2902,55027,58,212014
12636,0.000793,172.31.46.0-255,66,55093,58,212014
12637,0.0008,74.125.24.0-255,5738,60831,58,212014
12638,0.000802,172.31.46.0-255,66,60897,58,212014
12639,0.000814,74.125.24.0-255,7156,68053,58,212014
12640,0.000817,172.31.46.0-255,66,68119,58,212014
12641,0.000843,74.125.24.0-255,2902,71021,58,212014
12642,0.000848,172.31.46.0-255,66,71087,58,212014
12643,0.000876,74.125.24.0-255,7156,78243,58,212014
12644,0.00088,172.31.46.0-255,66,78309,58,212014
12645,0.000909,74.125.24.0-255,6438,84747,58,212014
12646,0.000912,172.31.46.0-255,66,84813,58,212014
12647,0.000929,172.31.46.0-255,66,84879,58,212014
12648,0.000937,74.125.24.0-255,7156,92035,58,212014
12649,0.00094,172.31.46.0-255,66,92101,58,212014
12650,0.000983,74.125.24.0-255,7156,99257,58,212014
12651,0.000986,172.31.46.0-255,66,99323,58,212014
12652,0.001019,74.125.24.0-255,5020,104343,58,212014
12653,0.001022,172.31.46.0-255,66,104409,58,212014
12654,0.001036,172.31.46.0-255,66,104475,58,212014
12655,0.001052,172.31.46.0-255,66,104541,58,212014
12656,0.001084,74.125.24.0-255,5020,109561,58,212014
12657,0.001087,172.31.46.0-255,66,109627,58,212014
12658,0.001107,74.125.24.0-255,5738,115365,58,212014
12659,0.001109,172.31.46.0-255,66,115431,58,212014
12660,0.001114,74.125.24.0-255,2902,118333,58,212014
12661,0.001116,172.31.46.0-255,66,118399,58,212014
12662,0.001136,74.125.24.0-255,4320,122719,58,212014
12663,0.001139,172.31.46.0-255,66,122785,58,212014
12664,0.001186,172.31.46.0-255,66,122851,58,212014
12665,0.001209,74.125.24.0-255,4320,127171,58,212014
12666,0.001216,74.125.24.0-255,6438,133609,58,212014
12667,0.00122,172.31.46.0-255,66,133675,58,212014
12668,0.001224,172.31.46.0-255,66,133741,58,212014
12669,0.00124,74.125.24.0-255,1484,135225,58,212014
12670,0.001245,74.125.24.0-255,2902,138127,58,212014
12671,0.001248,172.31.46.0-255,66,138193,58,212014
12672,0.001254,74.125.24.0-255,5738,143931,58,212014
12673,0.001256,172.31.46.0-255,66,143997,58,212014
12674,0.001262,74.125.24.0-255,4320,148317,58,212014
12675,0.001264,172.31.46.0-255,66,148383,58,212014
12676,0.001292,74.125.24.0-255,2902,151285,58,212014
12677,0.001295,172.31.46.0-255,66,151351,58,212014
12678,0.001312,172.31.46.0-255,66,151417,58,212014
12679,0.001337,74.125.24.0-255,4320,155737,58,212014
12680,0.00134,172.31.46.0-255,66,155803,58,212014
12681,0.001344,74.125.24.0-255,2184,157987,58,212014
12682,0.001346,172.31.46.0-255,66,158053,58,212014
12683,0.001399,74.125.24.0-255,1484,159537,58,212014
12684,0.001412,74.125.24.0-255,2902,162439,58,212014
12685,0.001415,172.31.46.0-255,66,162505,58,212014
12686,0.001422,74.125.24.0-255,5738,168243,58,212014
12687,0.001424,172.31.46.0-255,66,168309,58,212014
12688,0.001438,74.125.24.0-255,1484,169793,58,212014
12689,0.001478,172.31.46.0-255,66,169859,58,212014
12690,0.001523,74.125.24.0-255,5738,175597,58,212014
12691,0.001547,74.125.24.0-255,7156,182753,58,212014
12692,0.001557,172.31.46.0-255,66,182819,58,212014
12693,0.001601,74.125.24.0-255,2902,185721,58,212014
12694,0.001606,172.31.46.0-255,66,185787,58,212014
12695,0.00162,74.125.24.0-255,7156,192943,58,212014
12696,0.00163,74.125.24.0-255,7156,200099,58,212014
12697,0.001653,74.125.24.0-255,4320,204419,58,212014
12698,0.001679,74.125.24.0-255,7156,211575,58,212014
12699,0.001704,74.125.24.0-255,97,211672,58,212014
12700,0.001706,74.125.24.0-255,105,211777,58,212014
12701,0.00171,172.31.46.0-255,66,211843,58,212014
12702,0.009955,172.31.46.0-255,105,211948,58,212014
12703,0.01196,74.125.24.0-255,66,212014,58,212014
12704,0.0,74.125.200.0-255,146,146,58,186432
12705,2.2e-05,172.31.46.0-255,66,212,58,186432
12706,2.8e-05,74.125.200.0-255,1484,1696,58,186432
12707,3.3e-05,172.31.46.0-255,66,1762,58,186432
12708,3.8e-05,74.125.200.0-255,2902,4664,58,186432
12709,4.1e-05,172.31.46.0-255,66,4730,58,186432
12710,5.4e-05,74.125.200.0-255,7156,11886,58,186432
12711,5.7e-05,172.31.46.0-255,66,11952,58,186432
12712,6.1e-05,74.125.200.0-255,2093,14045,58,186432
12713,6.4e-05,172.31.46.0-255,66,14111,58,186432
12714,0.000483,74.125.200.0-255,1484,15595,58,186432
12715,0.000488,172.31.46.0-255,66,15661,58,186432
12716,0.000497,74.125.200.0-255,2902,18563,58,186432
12717,0.000499,172.31.46.0-255,66,18629,58,186432
12718,0.00051,74.125.200.0-255,5738,24367,58,186432
12719,0.000511,172.31.46.0-255,66,24433,58,186432
12720,0.000515,74.125.200.0-255,2902,27335,58,186432
12721,0.000517,172.31.46.0-255,66,27401,58,186432
12722,0.000522,74.125.200.0-255,3961,31362,58,186432
12723,0.000525,172.31.46.0-255,66,31428,58,186432
12724,0.000562,74.125.200.0-255,1484,32912,58,186432
12725,0.000565,172.31.46.0-255,66,32978,58,186432
12726,0.00057,74.125.200.0-255,2902,35880,58,186432
12727,0.000572,172.31.46.0-255,66,35946,58,186432
12728,0.000605,74.125.200.0-255,5738,41684,58,186432
12729,0.000608,172.31.46.0-255,66,41750,58,186432
12730,0.000616,74.125.200.0-255,6797,48547,58,186432
12731,0.000618,172.31.46.0-255,66,48613,58,186432
12732,0.000681,74.125.200.0-255,1484,50097,58,186432
12733,0.000685,172.31.46.0-255,66,50163,58,186432
12734,0.000691,74.125.200.0-255,2902,53065,58,186432
12735,0.000693,172.31.46.0-255,66,53131,58,186432
12736,0.000699,74.125.200.0-255,5738,58869,58,186432
12737,0.000702,172.31.46.0-255,66,58935,58,186432
12738,0.000711,74.125.200.0-255,2902,61837,58,186432
12739,0.000713,172.31.46.0-255,66,61903,58,186432
12740,0.00072,74.125.200.0-255,4235,66138,58,186432
12741,0.000722,172.31.46.0-255,66,66204,58,186432
12742,0.000725,74.125.200.0-255,132,66336,58,186432
12743,0.000728,172.31.46.0-255,66,66402,58,186432
12744,0.000946,74.125.200.0-255,1484,67886,58,186432
12745,0.000952,172.31.46.0-255,66,67952,58,186432
12746,0.000958,74.125.200.0-255,2902,70854,58,186432
12747,0.000961,172.31.46.0-255,66,70920,58,186432
12748,0.000971,74.125.200.0-255,4320,75240,58,186432
12749,0.000974,172.31.46.0-255,66,75306,58,186432
12750,0.001,74.125.200.0-255,2902,78208,58,186432
12751,0.001002,172.31.46.0-255,66,78274,58,186432
12752,0.001026,74.125.200.0-255,2902,81176,58,186432
12753,0.001029,172.31.46.0-255,66,81242,58,186432
12754,0.001038,74.125.200.0-255,2543,83785,58,186432
12755,0.00104,172.31.46.0-255,66,83851,58,186432
12756,0.001044,74.125.200.0-255,2902,86753,58,186432
12757,0.001046,172.31.46.0-255,66,86819,58,186432
12758,0.001078,74.125.200.0-255,7156,93975,58,186432
12759,0.001085,172.31.46.0-255,66,94041,58,186432
12760,0.001119,74.125.200.0-255,2902,96943,58,186432
12761,0.001123,172.31.46.0-255,66,97009,58,186432
12762,0.001151,74.125.200.0-255,3961,100970,58,186432
12763,0.001154,172.31.46.0-255,66,101036,58,186432
12764,0.003322,74.125.200.0-255,1484,102520,58,186432
12765,0.003328,172.31.46.0-255,66,102586,58,186432
12766,0.00336,74.125.200.0-255,4320,106906,58,186432
12767,0.003364,172.31.46.0-255,66,106972,58,186432
12768,0.005534,74.125.200.0-255,1484,108456,58,186432
12769,0.005541,172.31.46.0-255,66,108522,58,186432
12770,0.005568,74.125.200.0-255,4320,112842,58,186432
12771,0.00557,172.31.46.0-255,66,112908,58,186432
12772,0.007741,74.125.200.0-255,1484,114392,58,186432
12773,0.007749,172.31.46.0-255,66,114458,58,186432
12774,0.007798,74.125.200.0-255,4320,118778,58,186432
12775,0.007802,172.31.46.0-255,66,118844,58,186432
12776,0.009972,74.125.200.0-255,1484,120328,58,186432
12777,0.009978,172.31.46.0-255,66,120394,58,186432
12778,0.010006,74.125.200.0-255,4320,124714,58,186432
12779,0.010009,172.31.46.0-255,66,124780,58,186432
12780,0.012182,74.125.200.0-255,1484,126264,58,186432
12781,0.01219,172.31.46.0-255,66,126330,58,186432
12782,0.012222,74.125.200.0-255,4320,130650,58,186432
12783,0.012225,172.31.46.0-255,66,130716,58,186432
12784,0.014393,74.125.200.0-255,1484,132200,58,186432
12785,0.0144,172.31.46.0-255,66,132266,58,186432
12786,0.014429,74.125.200.0-255,4320,136586,58,186432
12787,0.014432,172.31.46.0-255,66,136652,58,186432
12788,0.016612,74.125.200.0-255,1484,138136,58,186432
12789,0.016619,172.31.46.0-255,66,138202,58,186432
12790,0.016658,74.125.200.0-255,4320,142522,58,186432
12791,0.016661,172.31.46.0-255,66,142588,58,186432
12792,0.018836,74.125.200.0-255,1484,144072,58,186432
12793,0.018843,172.31.46.0-255,66,144138,58,186432
12794,0.018883,74.125.200.0-255,4320,148458,58,186432
12795,0.018887,172.31.46.0-255,66,148524,58,186432
12796,0.021048,74.125.200.0-255,1484,150008,58,186432
12797,0.021055,172.31.46.0-255,66,150074,58,186432
12798,0.021097,74.125.200.0-255,4320,154394,58,186432
12799,0.0211,172.31.46.0-255,66,154460,58,186432
12800,0.021367,172.31.46.0-255,172,154632,58,186432
12801,0.021395,172.31.46.0-255,1113,155745,58,186432
12802,0.021446,172.31.46.0-255,1514,157259,58,186432
12803,0.021447,172.31.46.0-255,1514,158773,58,186432
12804,0.021448,172.31.46.0-255,1514,160287,58,186432
12805,0.021449,172.31.46.0-255,1514,161801,58,186432
12806,0.02145,172.31.46.0-255,623,162424,58,186432
12807,0.0229,104.244.42.0-255,66,162490,58,186432
12808,0.022999,104.244.42.0-255,66,162556,58,186432
12809,0.023022,104.244.42.0-255,66,162622,58,186432
12810,0.023039,104.244.42.0-255,66,162688,58,186432
12811,0.023264,74.125.200.0-255,1484,164172,58,186432
12812,0.02327,172.31.46.0-255,66,164238,58,186432
12813,0.023316,74.125.200.0-255,4320,168558,58,186432
12814,0.023319,172.31.46.0-255,66,168624,58,186432
12815,0.025484,74.125.200.0-255,1484,170108,58,186432
12816,0.02549,172.31.46.0-255,66,170174,58,186432
12817,0.025524,74.125.200.0-255,4320,174494,58,186432
12818,0.025527,172.31.46.0-255,66,174560,58,186432
12819,0.027714,74.125.200.0-255,1484,176044,58,186432
12820,0.02772,172.31.46.0-255,66,176110,58,186432
12821,0.027754,74.125.200.0-255,4320,180430,58,186432
12822,0.027757,172.31.46.0-255,66,180496,58,186432
12823,0.029926,74.125.200.0-255,1484,181980,58,186432
12824,0.029933,172.31.46.0-255,66,182046,58,186432
12825,0.029968,74.125.200.0-255,4320,186366,58,186432
12826,0.029988,172.31.46.0-255,66,186432,58,186432
12827,0.0,74.125.24.0-255,153,153,58,150958
12828,2.8e-05,172.31.46.0-255,66,219,58,150958
12829,3.6e-05,74.125.24.0-255,1484,1703,58,150958
12830,4e-05,172.31.46.0-255,66,1769,58,150958
12831,5.4e-05,74.125.24.0-255,2902,4671,58,150958
12832,5.8e-05,172.31.46.0-255,66,4737,58,150958
12833,6.6e-05,74.125.24.0-255,7156,11893,58,150958
12834,6.9e-05,172.31.46.0-255,66,11959,58,150958
12835,8.3e-05,172.31.46.0-255,66,12025,58,150958
12836,0.000124,172.31.46.0-255,66,12091,58,150958
12837,0.000278,74.125.24.0-255,1484,13575,58,150958
12838,0.000284,172.31.46.0-255,66,13641,58,150958
12839,0.00029,74.125.24.0-255,2902,16543,58,150958
12840,0.000292,172.31.46.0-255,66,16609,58,150958
12841,0.000303,74.125.24.0-255,5738,22347,58,150958
12842,0.000306,172.31.46.0-255,66,22413,58,150958
12843,0.000347,172.31.46.0-255,66,22479,58,150958
12844,0.000351,74.125.24.0-255,1484,23963,58,150958
12845,0.000353,172.31.46.0-255,66,24029,58,150958
12846,0.000389,172.31.46.0-255,66,24095,58,150958
12847,0.000569,74.125.24.0-255,111,24206,58,150958
12848,0.000574,172.31.46.0-255,66,24272,58,150958
12849,0.000785,74.125.24.0-255,1484,25756,58,150958
12850,0.000791,172.31.46.0-255,66,25822,58,150958
12851,0.000796,74.125.24.0-255,2902,28724,58,150958
12852,0.000798,172.31.46.0-255,66,28790,58,150958
12853,0.000831,74.125.24.0-255,4320,33110,58,150958
12854,0.000833,172.31.46.0-255,66,33176,58,150958
12855,0.000872,74.125.24.0-255,2902,36078,58,150958
12856,0.00088,172.31.46.0-255,66,36144,58,150958
12857,0.000902,74.125.24.0-255,7156,43300,58,150958
12858,0.00091,74.125.24.0-255,6438,49738,58,150958
12859,0.000928,172.31.46.0-255,66,49804,58,150958
12860,0.001388,74.125.24.0-255,1484,51288,58,150958
12861,0.00141,74.125.24.0-255,2902,54190,58,150958
12862,0.001415,172.31.46.0-255,66,54256,58,150958
12863,0.001422,74.125.24.0-255,5738,59994,58,150958
12864,0.001435,172.31.46.0-255,66,60060,58,150958
12865,0.001451,74.125.24.0-255,7156,67216,58,150958
12866,0.001457,172.31.46.0-255,66,67282,58,150958
12867,0.001507,172.31.46.0-255,66,67348,58,150958
12868,0.001536,74.125.24.0-255,3602,70950,58,150958
12869,0.001547,172.31.46.0-255,66,71016,58,150958
12870,0.001556,74.125.24.0-255,1484,72500,58,150958
12871,0.001565,74.125.24.0-255,2902,75402,58,150958
12872,0.001571,172.31.46.0-255,66,75468,58,150958
12873,0.001597,74.125.24.0-255,5738,81206,58,150958
12874,0.001604,74.125.24.0-255,5738,86944,58,150958
12875,0.001634,74.125.24.0-255,1484,88428,58,150958
12876,0.001651,74.125.24.0-255,2184,90612,58,150958
12877,0.001665,172.31.46.0-255,66,90678,58,150958
12878,0.001693,74.125.24.0-255,5738,96416,58,150958
12879,0.001735,172.31.46.0-255,66,96482,58,150958
12880,0.001745,74.125.24.0-255,2902,99384,58,150958
12881,0.001755,74.125.24.0-255,5020,104404,58,150958
12882,0.00176,74.125.24.0-255,2902,107306,58,150958
12883,0.001766,172.31.46.0-255,66,107372,58,150958
12884,0.001773,74.125.24.0-255,2902,110274,58,150958
12885,0.001816,74.125.24.0-255,4320,114594,58,150958
12886,0.001822,74.125.24.0-255,5738,120332,58,150958
12887,0.001825,172.31.46.0-255,66,120398,58,150958
12888,0.001831,172.31.46.0-255,66,120464,58,150958
12889,0.001853,74.125.24.0-255,6438,126902,58,150958
12890,0.001879,172.31.46.0-255,66,126968,58,150958
12891,0.001889,74.125.24.0-255,4320,131288,58,150958
12892,0.001904,74.125.24.0-255,2902,134190,58,150958
12893,0.001907,74.125.24.0-255,1484,135674,58,150958
12894,0.001979,172.31.46.0-255,66,135740,58,150958
12895,0.001985,172.31.46.0-255,66,135806,58,150958
12896,0.002063,74.125.24.0-255,1484,137290,58,150958
12897,0.002107,74.125.24.0-255,1484,138774,58,150958
12898,0.002111,172.31.46.0-255,66,138840,58,150958
12899,0.002163,172.31.46.0-255,66,138906,58,150958
12900,0.002175,74.125.24.0-255,2902,141808,58,150958
12901,0.002233,172.31.46.0-255,66,141874,58,150958
12902,0.002253,74.125.24.0-255,4320,146194,58,150958
12903,0.002261,74.125.24.0-255,4422,150616,58,150958
12904,0.002263,74.125.24.0-255,105,150721,58,150958
12905,0.002282,172.31.46.0-255,66,150787,58,150958
12906,0.011263,172.31.46.0-255,105,150892,58,150958
12907,0.013812,74.125.24.0-255,66,150958,58,150958
12908,0.0,172.217.194.0-255,152,152,58,177317
12909,2.4e-05,172.31.46.0-255,66,218,58,177317
12910,3.1e-05,172.217.194.0-255,1484,1702,58,177317
12911,3.6e-05,172.31.46.0-255,66,1768,58,177317
12912,4.2e-05,172.217.194.0-255,2902,4670,58,177317
12913,5.4e-05,172.31.46.0-255,66,4736,58,177317
12914,6.3e-05,172.217.194.0-255,7156,11892,58,177317
12915,6.6e-05,172.31.46.0-255,66,11958,58,177317
12916,8.5e-05,172.31.46.0-255,66,12024,58,177317
12917,8.9e-05,172.217.194.0-255,2543,14567,58,177317
12918,9.2e-05,172.31.46.0-255,66,14633,58,177317
12919,0.000149,172.217.194.0-255,1484,16117,58,177317
12920,0.000152,172.31.46.0-255,66,16183,58,177317
12921,0.000157,172.217.194.0-255,2902,19085,58,177317
12922,0.00016,172.31.46.0-255,66,19151,58,177317
12923,0.000191,172.217.194.0-255,5738,24889,58,177317
12924,0.000193,172.31.46.0-255,66,24955,58,177317
12925,0.0002,172.217.194.0-255,7156,32111,58,177317
12926,0.000203,172.31.46.0-255,66,32177,58,177317
12927,0.000224,172.217.194.0-255,2902,35079,58,177317
12928,0.000226,172.31.46.0-255,66,35145,58,177317
12929,0.000237,172.31.46.0-255,66,35211,58,177317
12930,0.000264,172.217.194.0-255,5333,40544,58,177317
12931,0.000267,172.31.46.0-255,66,40610,58,177317
12932,0.00027,172.217.194.0-255,366,40976,58,177317
12933,0.000271,172.31.46.0-255,66,41042,58,177317
12934,0.000505,172.217.194.0-255,1484,42526,58,177317
12935,0.00051,172.31.46.0-255,66,42592,58,177317
12936,0.000516,172.217.194.0-255,2902,45494,58,177317
12937,0.000518,172.31.46.0-255,66,45560,58,177317
12938,0.00053,172.217.194.0-255,5738,51298,58,177317
12939,0.000533,172.31.46.0-255,66,51364,58,177317
12940,0.00057,172.217.194.0-255,1484,52848,58,177317
12941,0.000583,172.217.194.0-255,2902,55750,58,177317
12942,0.000595,172.31.46.0-255,66,55816,58,177317
12943,0.000598,172.31.46.0-255,66,55882,58,177317
12944,0.000617,172.31.46.0-255,66,55948,58,177317
12945,0.000788,172.217.194.0-255,1484,57432,58,177317
12946,0.000794,172.217.194.0-255,2902,60334,58,177317
12947,0.000798,172.31.46.0-255,66,60400,58,177317
12948,0.000801,172.217.194.0-255,1484,61884,58,177317
12949,0.000829,172.217.194.0-255,4320,66204,58,177317
12950,0.000831,172.31.46.0-255,66,66270,58,177317
12951,0.000838,172.217.194.0-255,5738,72008,58,177317
12952,0.000841,172.31.46.0-255,66,72074,58,177317
12953,0.000871,172.217.194.0-255,7156,79230,58,177317
12954,0.000874,172.31.46.0-255,66,79296,58,177317
12955,0.000887,172.217.194.0-255,1484,80780,58,177317
12956,0.000915,172.31.46.0-255,66,80846,58,177317
12957,0.000918,172.217.194.0-255,1484,82330,58,177317
12958,0.000976,172.217.194.0-255,766,83096,58,177317
12959,0.001014,172.31.46.0-255,66,83162,58,177317
12960,0.001017,172.31.46.0-255,66,83228,58,177317
12961,0.001025,172.31.46.0-255,66,83294,58,177317
12962,0.001072,172.217.194.0-255,1484,84778,58,177317
12963,0.001075,172.31.46.0-255,66,84844,58,177317
12964,0.00108,172.217.194.0-255,2902,87746,58,177317
12965,0.001082,172.31.46.0-255,66,87812,58,177317
12966,0.001106,172.217.194.0-255,5738,93550,58,177317
12967,0.001113,172.31.46.0-255,66,93616,58,177317
12968,0.001124,172.31.46.0-255,66,93682,58,177317
12969,0.001136,172.217.194.0-255,2902,96584,58,177317
12970,0.001139,172.31.46.0-255,66,96650,58,177317
12971,0.001148,172.217.194.0-255,4320,100970,58,177317
12972,0.001151,172.31.46.0-255,66,101036,58,177317
12973,0.001185,172.217.194.0-255,6438,107474,58,177317
12974,0.001188,172.31.46.0-255,66,107540,58,177317
12975,0.001235,172.31.46.0-255,66,107606,58,177317
12976,0.00124,172.217.194.0-255,2902,110508,58,177317
12977,0.001243,172.31.46.0-255,66,110574,58,177317
12978,0.001293,172.31.46.0-255,66,110640,58,177317
12979,0.001295,172.31.46.0-255,66,110706,58,177317
12980,0.001335,172.31.46.0-255,66,110772,58,177317
12981,0.001363,172.217.194.0-255,6438,117210,58,177317
12982,0.001366,172.31.46.0-255,66,117276,58,177317
12983,0.001707,172.217.194.0-255,1484,118760,58,177317
12984,0.00173,172.217.194.0-255,2902,121662,58,177317
12985,0.001734,172.31.46.0-255,66,121728,58,177317
12986,0.001741,172.217.194.0-255,5738,127466,58,177317
12987,0.001743,172.31.46.0-255,66,127532,58,177317
12988,0.001802,172.31.46.0-255,66,127598,58,177317
12989,0.001807,172.217.194.0-255,2902,130500,58,177317
12990,0.001809,172.31.46.0-255,66,130566,58,177317
12991,0.001842,172.31.46.0-255,66,130632,58,177317
12992,0.001849,172.217.194.0-255,7156,137788,58,177317
12993,0.001851,172.31.46.0-255,66,137854,58,177317
12994,0.001872,172.31.46.0-255,101,137955,58,177317
12995,0.001893,172.217.194.0-255,7156,145111,58,177317
12996,0.001908,172.217.194.0-255,2902,148013,58,177317
12997,0.001914,172.31.46.0-255,66,148079,58,177317
12998,0.001932,172.31.46.0-255,66,148145,58,177317
12999,0.001935,172.31.46.0-255,66,148211,58,177317
13000,0.001939,172.217.194.0-255,2184,150395,58,177317
13001,0.001942,172.31.46.0-255,66,150461,58,177317
13002,0.001949,172.217.194.0-255,5738,156199,58,177317
13003,0.001952,172.31.46.0-255,66,156265,58,177317
13004,0.001996,172.31.46.0-255,66,156331,58,177317
13005,0.002013,172.217.194.0-255,2902,159233,58,177317
13006,0.002015,172.31.46.0-255,66,159299,58,177317
13007,0.002025,172.217.194.0-255,4320,163619,58,177317
13008,0.002028,172.31.46.0-255,66,163685,58,177317
13009,0.002041,172.31.46.0-255,66,163751,58,177317
13010,0.002071,172.31.46.0-255,66,163817,58,177317
13011,0.002094,172.217.194.0-255,1484,165301,58,177317
13012,0.002101,172.217.194.0-255,5738,171039,58,177317
13013,0.002104,172.31.46.0-255,66,171105,58,177317
13014,0.002125,172.217.194.0-255,5738,176843,58,177317
13015,0.002133,172.31.46.0-255,66,176909,58,177317
13016,0.002165,172.31.46.0-255,66,176975,58,177317
13017,0.002168,172.217.194.0-255,105,177080,58,177317
13018,0.004145,172.217.194.0-255,66,177146,58,177317
13019,0.01139,172.31.46.0-255,105,177251,58,177317
13020,0.01368,172.217.194.0-255,66,177317,58,177317
13021,0.0,74.125.24.0-255,146,146,58,128069
13022,2.4e-05,172.31.46.0-255,66,212,58,128069
13023,3.2e-05,74.125.24.0-255,1484,1696,58,128069
13024,3.7e-05,172.31.46.0-255,66,1762,58,128069
13025,5.2e-05,74.125.24.0-255,2902,4664,58,128069
13026,5.7e-05,172.31.46.0-255,66,4730,58,128069
13027,6.4e-05,74.125.24.0-255,5738,10468,58,128069
13028,6.7e-05,172.31.46.0-255,66,10534,58,128069
13029,8.3e-05,172.31.46.0-255,66,10600,58,128069
13030,0.000134,74.125.24.0-255,6797,17397,58,128069
13031,0.000139,172.31.46.0-255,66,17463,58,128069
13032,0.000291,74.125.24.0-255,1484,18947,58,128069
13033,0.000295,172.31.46.0-255,66,19013,58,128069
13034,0.000323,74.125.24.0-255,2902,21915,58,128069
13035,0.000326,172.31.46.0-255,66,21981,58,128069
13036,0.000331,74.125.24.0-255,2902,24883,58,128069
13037,0.000333,172.31.46.0-255,66,24949,58,128069
13038,0.000339,74.125.24.0-255,4320,29269,58,128069
13039,0.000342,172.31.46.0-255,66,29335,58,128069
13040,0.000353,172.31.46.0-255,66,29401,58,128069
13041,0.0004,172.31.46.0-255,66,29467,58,128069
13042,0.000403,74.125.24.0-255,362,29829,58,128069
13043,0.000405,172.31.46.0-255,66,29895,58,128069
13044,0.000909,74.125.24.0-255,132,30027,58,128069
13045,0.000914,172.31.46.0-255,66,30093,58,128069
13046,0.001259,74.125.24.0-255,1484,31577,58,128069
13047,0.001264,172.31.46.0-255,66,31643,58,128069
13048,0.001272,74.125.24.0-255,2902,34545,58,128069
13049,0.001274,172.31.46.0-255,66,34611,58,128069
13050,0.001277,74.125.24.0-255,1484,36095,58,128069
13051,0.001311,74.125.24.0-255,4320,40415,58,128069
13052,0.001313,172.31.46.0-255,66,40481,58,128069
13053,0.001326,172.31.46.0-255,66,40547,58,128069
13054,0.00133,74.125.24.0-255,2902,43449,58,128069
13055,0.001332,172.31.46.0-255,66,43515,58,128069
13056,0.00136,172.31.46.0-255,66,43581,58,128069
13057,0.0018,74.125.24.0-255,1484,45065,58,128069
13058,0.001808,74.125.24.0-255,2902,47967,58,128069
13059,0.001812,172.31.46.0-255,66,48033,58,128069
13060,0.001819,74.125.24.0-255,4320,52353,58,128069
13061,0.001821,172.31.46.0-255,66,52419,58,128069
13062,0.001841,74.125.24.0-255,1484,53903,58,128069
13063,0.001852,172.31.46.0-255,66,53969,58,128069
13064,0.001883,74.125.24.0-255,4320,58289,58,128069
13065,0.001886,172.31.46.0-255,66,58355,58,128069
13066,0.001897,172.31.46.0-255,66,58421,58,128069
13067,0.004149,74.125.24.0-255,5738,64159,58,128069
13068,0.004159,172.31.46.0-255,66,64225,58,128069
13069,0.006484,74.125.24.0-255,5738,69963,58,128069
13070,0.006496,172.31.46.0-255,66,70029,58,128069
13071,0.008785,74.125.24.0-255,5738,75767,58,128069
13072,0.008801,172.31.46.0-255,66,75833,58,128069
13073,0.011112,74.125.24.0-255,5738,81571,58,128069
13074,0.011128,172.31.46.0-255,66,81637,58,128069
13075,0.013411,74.125.24.0-255,5738,87375,58,128069
13076,0.013427,172.31.46.0-255,66,87441,58,128069
13077,0.015718,74.125.24.0-255,5738,93179,58,128069
13078,0.015727,172.31.46.0-255,66,93245,58,128069
13079,0.017999,74.125.24.0-255,5738,98983,58,128069
13080,0.018014,172.31.46.0-255,66,99049,58,128069
13081,0.020319,74.125.24.0-255,5738,104787,58,128069
13082,0.020334,172.31.46.0-255,66,104853,58,128069
13083,0.022616,74.125.24.0-255,5738,110591,58,128069
13084,0.022634,172.31.46.0-255,66,110657,58,128069
13085,0.024928,74.125.24.0-255,5738,116395,58,128069
13086,0.024941,172.31.46.0-255,66,116461,58,128069
13087,0.027238,74.125.24.0-255,5738,122199,58,128069
13088,0.027254,172.31.46.0-255,66,122265,58,128069
13089,0.029543,74.125.24.0-255,5738,128003,58,128069
13090,0.02956,172.31.46.0-255,66,128069,58,128069
13091,0.0,172.217.194.0-255,156,156,58,172026
13092,1.5e-05,172.31.46.0-255,66,222,58,172026
13093,2.2e-05,172.217.194.0-255,1484,1706,58,172026
13094,2.7e-05,172.31.46.0-255,66,1772,58,172026
13095,3.2e-05,172.217.194.0-255,2902,4674,58,172026
13096,3.6e-05,172.31.46.0-255,66,4740,58,172026
13097,7.7e-05,172.217.194.0-255,7156,11896,58,172026
13098,8e-05,172.31.46.0-255,66,11962,58,172026
13099,8.4e-05,172.217.194.0-255,2072,14034,58,172026
13100,8.6e-05,172.31.46.0-255,66,14100,58,172026
13101,0.000109,172.217.194.0-255,1484,15584,58,172026
13102,0.000111,172.31.46.0-255,66,15650,58,172026
13103,0.000134,172.217.194.0-255,7156,22806,58,172026
13104,0.000137,172.31.46.0-255,66,22872,58,172026
13105,0.000154,172.217.194.0-255,1484,24356,58,172026
13106,0.000156,172.31.46.0-255,66,24422,58,172026
13107,0.00018,172.217.194.0-255,6797,31219,58,172026
13108,0.000182,172.31.46.0-255,66,31285,58,172026
13109,0.000217,172.217.194.0-255,1484,32769,58,172026
13110,0.00022,172.31.46.0-255,66,32835,58,172026
13111,0.000225,172.217.194.0-255,2902,35737,58,172026
13112,0.000227,172.31.46.0-255,66,35803,58,172026
13113,0.000233,172.217.194.0-255,5738,41541,58,172026
13114,0.000236,172.31.46.0-255,66,41607,58,172026
13115,0.000264,172.217.194.0-255,6797,48404,58,172026
13116,0.000267,172.31.46.0-255,66,48470,58,172026
13117,0.000282,172.217.194.0-255,1484,49954,58,172026
13118,0.000284,172.31.46.0-255,66,50020,58,172026
13119,0.000315,172.217.194.0-255,5738,55758,58,172026
13120,0.000317,172.31.46.0-255,66,55824,58,172026
13121,0.000329,172.31.46.0-255,66,55890,58,172026
13122,0.000725,172.217.194.0-255,99,55989,58,172026
13123,0.000777,172.217.194.0-255,365,56354,58,172026
13124,0.000966,172.217.194.0-255,1484,57838,58,172026
13125,0.000971,172.31.46.0-255,66,57904,58,172026
13126,0.000978,172.217.194.0-255,2902,60806,58,172026
13127,0.00098,172.31.46.0-255,66,60872,58,172026
13128,0.000986,172.217.194.0-255,4320,65192,58,172026
13129,0.000988,172.31.46.0-255,66,65258,58,172026
13130,0.001017,172.217.194.0-255,1484,66742,58,172026
13131,0.001033,172.31.46.0-255,66,66808,58,172026
13132,0.001046,172.31.46.0-255,66,66874,58,172026
13133,0.001134,172.217.194.0-255,1484,68358,58,172026
13134,0.001149,172.217.194.0-255,2902,71260,58,172026
13135,0.001152,172.31.46.0-255,66,71326,58,172026
13136,0.001155,172.217.194.0-255,1484,72810,58,172026
13137,0.001176,172.217.194.0-255,4320,77130,58,172026
13138,0.001179,172.31.46.0-255,66,77196,58,172026
13139,0.001184,172.217.194.0-255,4320,81516,58,172026
13140,0.001187,172.31.46.0-255,66,81582,58,172026
13141,0.00119,172.217.194.0-255,1484,83066,58,172026
13142,0.001225,172.31.46.0-255,66,83132,58,172026
13143,0.001236,172.31.46.0-255,66,83198,58,172026
13144,0.001282,172.217.194.0-255,1484,84682,58,172026
13145,0.001287,172.217.194.0-255,2902,87584,58,172026
13146,0.00129,172.31.46.0-255,66,87650,58,172026
13147,0.001293,172.217.194.0-255,1484,89134,58,172026
13148,0.00131,172.217.194.0-255,4320,93454,58,172026
13149,0.001313,172.31.46.0-255,66,93520,58,172026
13150,0.001346,172.31.46.0-255,66,93586,58,172026
13151,0.001372,172.31.46.0-255,66,93652,58,172026
13152,0.001404,172.217.194.0-255,1484,95136,58,172026
13153,0.001408,172.217.194.0-255,1484,96620,58,172026
13154,0.00141,172.31.46.0-255,66,96686,58,172026
13155,0.001427,172.217.194.0-255,1484,98170,58,172026
13156,0.001434,172.217.194.0-255,4320,102490,58,172026
13157,0.001436,172.31.46.0-255,66,102556,58,172026
13158,0.001452,172.217.194.0-255,1484,104040,58,172026
13159,0.001493,172.31.46.0-255,66,104106,58,172026
13160,0.001513,172.217.194.0-255,4320,108426,58,172026
13161,0.001544,172.217.194.0-255,7156,115582,58,172026
13162,0.00155,172.31.46.0-255,66,115648,58,172026
13163,0.001567,172.217.194.0-255,2902,118550,58,172026
13164,0.001587,172.31.46.0-255,66,118616,58,172026
13165,0.001623,172.217.194.0-255,4320,122936,58,172026
13166,0.001634,172.31.46.0-255,66,123002,58,172026
13167,0.001667,172.217.194.0-255,6438,129440,58,172026
13168,0.001688,172.31.46.0-255,66,129506,58,172026
13169,0.001766,172.217.194.0-255,1484,130990,58,172026
13170,0.001772,172.217.194.0-255,2902,133892,58,172026
13171,0.00178,172.31.46.0-255,66,133958,58,172026
13172,0.001791,172.217.194.0-255,5738,139696,58,172026
13173,0.001807,172.217.194.0-255,7156,146852,58,172026
13174,0.001811,172.31.46.0-255,66,146918,58,172026
13175,0.001831,172.217.194.0-255,5738,152656,58,172026
13176,0.001833,172.217.194.0-255,1484,154140,58,172026
13177,0.00184,172.31.46.0-255,66,154206,58,172026
13178,0.001864,172.31.46.0-255,66,154272,58,172026
13179,0.001906,172.217.194.0-255,7156,161428,58,172026
13180,0.001924,172.217.194.0-255,4320,165748,58,172026
13181,0.001938,172.31.46.0-255,66,165814,58,172026
13182,0.001953,172.217.194.0-255,4320,170134,58,172026
13183,0.00198,172.217.194.0-255,1484,171618,58,172026
13184,0.001986,172.31.46.0-255,66,171684,58,172026
13185,0.002112,172.217.194.0-255,105,171789,58,172026
13186,0.002118,172.31.46.0-255,66,171855,58,172026
13187,0.008457,172.31.46.0-255,105,171960,58,172026
13188,0.010983,172.217.194.0-255,66,172026,58,172026
13189,0.0,74.125.68.0-255,146,146,58,282482
13190,2.5e-05,172.31.46.0-255,66,212,58,282482
13191,3.2e-05,74.125.68.0-255,1484,1696,58,282482
13192,3.6e-05,172.31.46.0-255,66,1762,58,282482
13193,5e-05,74.125.68.0-255,2902,4664,58,282482
13194,5.5e-05,172.31.46.0-255,66,4730,58,282482
13195,6.2e-05,74.125.68.0-255,5738,10468,58,282482
13196,6.5e-05,172.31.46.0-255,66,10534,58,282482
13197,6.9e-05,74.125.68.0-255,1484,12018,58,282482
13198,7.3e-05,172.31.46.0-255,66,12084,58,282482
13199,0.000106,74.125.68.0-255,4874,16958,58,282482
13200,0.00011,172.31.46.0-255,66,17024,58,282482
13201,0.000118,74.125.68.0-255,7156,24180,58,282482
13202,0.00012,172.31.46.0-255,66,24246,58,282482
13203,0.000168,172.31.46.0-255,66,24312,58,282482
13204,0.000182,172.31.46.0-255,66,24378,58,282482
13205,0.000236,74.125.68.0-255,1484,25862,58,282482
13206,0.000238,172.31.46.0-255,66,25928,58,282482
13207,0.000242,74.125.68.0-255,2902,28830,58,282482
13208,0.000245,172.31.46.0-255,66,28896,58,282482
13209,0.000251,74.125.68.0-255,5738,34634,58,282482
13210,0.000254,172.31.46.0-255,66,34700,58,282482
13211,0.000261,74.125.68.0-255,7073,41773,58,282482
13212,0.000263,172.31.46.0-255,66,41839,58,282482
13213,0.000266,74.125.68.0-255,133,41972,58,282482
13214,0.000269,172.31.46.0-255,66,42038,58,282482
13215,0.000416,74.125.68.0-255,1484,43522,58,282482
13216,0.00042,172.31.46.0-255,66,43588,58,282482
13217,0.000449,74.125.68.0-255,2902,46490,58,282482
13218,0.000452,172.31.46.0-255,66,46556,58,282482
13219,0.000458,74.125.68.0-255,5738,52294,58,282482
13220,0.000461,172.31.46.0-255,66,52360,58,282482
13221,0.000484,74.125.68.0-255,2902,55262,58,282482
13222,0.000487,172.31.46.0-255,66,55328,58,282482
13223,0.000526,172.31.46.0-255,66,55394,58,282482
13224,0.000529,74.125.68.0-255,1484,56878,58,282482
13225,0.00053,172.31.46.0-255,66,56944,58,282482
13226,0.000573,172.31.46.0-255,66,57010,58,282482
13227,0.00072,74.125.68.0-255,1484,58494,58,282482
13228,0.000725,172.31.46.0-255,66,58560,58,282482
13229,0.000728,74.125.68.0-255,1484,60044,58,282482
13230,0.000752,74.125.68.0-255,2902,62946,58,282482
13231,0.000759,172.31.46.0-255,66,63012,58,282482
13232,0.000779,74.125.68.0-255,5738,68750,58,282482
13233,0.000782,74.125.68.0-255,1484,70234,58,282482
13234,0.000798,172.31.46.0-255,66,70300,58,282482
13235,0.000811,74.125.68.0-255,7156,77456,58,282482
13236,0.000833,172.31.46.0-255,66,77522,58,282482
13237,0.000853,74.125.68.0-255,3602,81124,58,282482
13238,0.000868,172.31.46.0-255,66,81190,58,282482
13239,0.001124,74.125.68.0-255,1484,82674,58,282482
13240,0.001128,74.125.68.0-255,1484,84158,58,282482
13241,0.001138,74.125.68.0-255,1484,85642,58,282482
13242,0.001149,74.125.68.0-255,1484,87126,58,282482
13243,0.001168,74.125.68.0-255,4320,91446,58,282482
13244,0.001172,172.31.46.0-255,66,91512,58,282482
13245,0.001177,172.31.46.0-255,66,91578,58,282482
13246,0.001201,74.125.68.0-255,1484,93062,58,282482
13247,0.001217,74.125.68.0-255,5738,98800,58,282482
13248,0.001244,74.125.68.0-255,5738,104538,58,282482
13249,0.001246,74.125.68.0-255,766,105304,58,282482
13250,0.001249,74.125.68.0-255,1484,106788,58,282482
13251,0.001254,74.125.68.0-255,4320,111108,58,282482
13252,0.001263,172.31.46.0-255,66,111174,58,282482
13253,0.001295,74.125.68.0-255,5738,116912,58,282482
13254,0.001302,172.31.46.0-255,66,116978,58,282482
13255,0.001325,74.125.68.0-255,4320,121298,58,282482
13256,0.001342,74.125.68.0-255,6438,127736,58,282482
13257,0.001365,172.31.46.0-255,66,127802,58,282482
13258,0.001369,74.125.68.0-255,2902,130704,58,282482
13259,0.001386,74.125.68.0-255,4320,135024,58,282482
13260,0.001391,74.125.68.0-255,4320,139344,58,282482
13261,0.001395,172.31.46.0-255,66,139410,58,282482
13262,0.001414,74.125.68.0-255,5738,145148,58,282482
13263,0.001431,74.125.68.0-255,1484,146632,58,282482
13264,0.001441,172.31.46.0-255,66,146698,58,282482
13265,0.001447,74.125.68.0-255,4320,151018,58,282482
13266,0.001451,172.31.46.0-255,66,151084,58,282482
13267,0.001477,74.125.68.0-255,5738,156822,58,282482
13268,0.001486,74.125.68.0-255,2902,159724,58,282482
13269,0.001491,74.125.68.0-255,3602,163326,58,282482
13270,0.001544,74.125.68.0-255,4320,167646,58,282482
13271,0.001547,74.125.68.0-255,1484,169130,58,282482
13272,0.001549,172.31.46.0-255,66,169196,58,282482
13273,0.001555,172.31.46.0-255,66,169262,58,282482
13274,0.001579,74.125.68.0-255,7156,176418,58,282482
13275,0.001589,74.125.68.0-255,4320,180738,58,282482
13276,0.001621,74.125.68.0-255,5738,186476,58,282482
13277,0.001629,74.125.68.0-255,7156,193632,58,282482
13278,0.001632,74.125.68.0-255,1484,195116,58,282482
13279,0.001648,74.125.68.0-255,6438,201554,58,282482
13280,0.001652,172.31.46.0-255,66,201620,58,282482
13281,0.001662,74.125.68.0-255,4320,205940,58,282482
13282,0.001682,172.31.46.0-255,66,206006,58,282482
13283,0.001691,74.125.68.0-255,2902,208908,58,282482
13284,0.001738,74.125.68.0-255,5738,214646,58,282482
13285,0.001744,172.31.46.0-255,66,214712,58,282482
13286,0.001794,74.125.68.0-255,5020,219732,58,282482
13287,0.001802,74.125.68.0-255,7156,226888,58,282482
13288,0.001805,172.31.46.0-255,66,226954,58,282482
13289,0.00181,172.31.46.0-255,66,227020,58,282482
13290,0.001854,74.125.68.0-255,7156,234176,58,282482
13291,0.001861,74.125.68.0-255,4320,238496,58,282482
13292,0.001867,74.125.68.0-255,5020,243516,58,282482
13293,0.001872,74.125.68.0-255,5738,249254,58,282482
13294,0.001888,172.31.46.0-255,66,249320,58,282482
13295,0.0019,74.125.68.0-255,2902,252222,58,282482
13296,0.001967,74.125.68.0-255,5738,257960,58,282482
13297,0.00197,74.125.68.0-255,766,258726,58,282482
13298,0.001973,74.125.68.0-255,1484,260210,58,282482
13299,0.001978,74.125.68.0-255,4320,264530,58,282482
13300,0.001997,74.125.68.0-255,2902,267432,58,282482
13301,0.002,172.31.46.0-255,66,267498,58,282482
13302,0.002005,172.31.46.0-255,66,267564,58,282482
13303,0.00203,74.125.68.0-255,7156,274720,58,282482
13304,0.002034,74.125.68.0-255,2902,277622,58,282482
13305,0.002062,172.31.46.0-255,66,277688,58,282482
13306,0.002072,74.125.68.0-255,4320,282008,58,282482
13307,0.002077,172.31.46.0-255,66,282074,58,282482
13308,0.002119,172.31.46.0-255,66,282140,58,282482
13309,0.002126,74.125.68.0-255,105,282245,58,282482
13310,0.008838,172.31.46.0-255,66,282311,58,282482
13311,0.008885,172.31.46.0-255,105,282416,58,282482
13312,0.011139,74.125.68.0-255,66,282482,58,282482
13313,0.0,172.217.194.0-255,153,153,58,194818
13314,2.3e-05,172.31.46.0-255,66,219,58,194818
13315,3e-05,172.217.194.0-255,1484,1703,58,194818
13316,3.5e-05,172.31.46.0-255,66,1769,58,194818
13317,4.1e-05,172.217.194.0-255,2902,4671,58,194818
13318,4.6e-05,172.31.46.0-255,66,4737,58,194818
13319,5.4e-05,172.217.194.0-255,7156,11893,58,194818
13320,5.7e-05,172.31.46.0-255,66,11959,58,194818
13321,6.1e-05,172.217.194.0-255,1978,13937,58,194818
13322,6.4e-05,172.31.46.0-255,66,14003,58,194818
13323,0.000165,172.217.194.0-255,1484,15487,58,194818
13324,0.000168,172.31.46.0-255,66,15553,58,194818
13325,0.000172,172.217.194.0-255,1484,17037,58,194818
13326,0.000175,172.31.46.0-255,66,17103,58,194818
13327,0.000189,172.217.194.0-255,1484,18587,58,194818
13328,0.000191,172.31.46.0-255,66,18653,58,194818
13329,0.000198,172.217.194.0-255,4320,22973,58,194818
13330,0.000201,172.31.46.0-255,66,23039,58,194818
13331,0.000241,172.217.194.0-255,4320,27359,58,194818
13332,0.000244,172.31.46.0-255,66,27425,58,194818
13333,0.000264,172.217.194.0-255,3961,31386,58,194818
13334,0.000267,172.31.46.0-255,66,31452,58,194818
13335,0.000302,172.217.194.0-255,5738,37190,58,194818
13336,0.000305,172.31.46.0-255,66,37256,58,194818
13337,0.000313,172.217.194.0-255,7156,44412,58,194818
13338,0.000315,172.31.46.0-255,66,44478,58,194818
13339,0.000341,172.217.194.0-255,3961,48439,58,194818
13340,0.000344,172.31.46.0-255,66,48505,58,194818
13341,0.000497,172.217.194.0-255,1484,49989,58,194818
13342,0.000502,172.31.46.0-255,66,50055,58,194818
13343,0.000508,172.217.194.0-255,2902,52957,58,194818
13344,0.00051,172.31.46.0-255,66,53023,58,194818
13345,0.000525,172.217.194.0-255,2902,55925,58,194818
13346,0.000527,172.31.46.0-255,66,55991,58,194818
13347,0.000549,172.217.194.0-255,2902,58893,58,194818
13348,0.000552,172.31.46.0-255,66,58959,58,194818
13349,0.000573,172.217.194.0-255,7090,66049,58,194818
13350,0.000576,172.31.46.0-255,66,66115,58,194818
13351,0.001025,172.217.194.0-255,384,66499,58,194818
13352,0.001077,172.31.46.0-255,66,66565,58,194818
13353,0.001205,172.217.194.0-255,1484,68049,58,194818
13354,0.001214,172.217.194.0-255,2902,70951,58,194818
13355,0.001218,172.31.46.0-255,66,71017,58,194818
13356,0.001225,172.217.194.0-255,4320,75337,58,194818
13357,0.001227,172.31.46.0-255,66,75403,58,194818
13358,0.001244,172.217.194.0-255,1484,76887,58,194818
13359,0.00127,172.217.194.0-255,6797,83684,58,194818
13360,0.001272,172.31.46.0-255,66,83750,58,194818
13361,0.001298,172.217.194.0-255,7156,90906,58,194818
13362,0.0013,172.31.46.0-255,66,90972,58,194818
13363,0.001329,172.31.46.0-255,66,91038,58,194818
13364,0.002102,172.217.194.0-255,1484,92522,58,194818
13365,0.00211,172.217.194.0-255,2902,95424,58,194818
13366,0.002115,172.31.46.0-255,66,95490,58,194818
13367,0.002123,172.217.194.0-255,4320,99810,58,194818
13368,0.002125,172.31.46.0-255,66,99876,58,194818
13369,0.002138,172.217.194.0-255,1484,101360,58,194818
13370,0.002155,172.217.194.0-255,4320,105680,58,194818
13371,0.002157,172.31.46.0-255,66,105746,58,194818
13372,0.002183,172.31.46.0-255,66,105812,58,194818
13373,0.002242,172.217.194.0-255,5738,111550,58,194818
13374,0.002245,172.31.46.0-255,66,111616,58,194818
13375,0.002263,172.217.194.0-255,5020,116636,58,194818
13376,0.002265,172.31.46.0-255,66,116702,58,194818
13377,0.004529,172.217.194.0-255,1484,118186,58,194818
13378,0.004548,172.217.194.0-255,4320,122506,58,194818
13379,0.004552,172.31.46.0-255,66,122572,58,194818
13380,0.006812,172.217.194.0-255,5738,128310,58,194818
13381,0.006818,172.31.46.0-255,66,128376,58,194818
13382,0.009073,172.217.194.0-255,5738,134114,58,194818
13383,0.00908,172.31.46.0-255,66,134180,58,194818
13384,0.011359,172.217.194.0-255,5738,139918,58,194818
13385,0.011367,172.31.46.0-255,66,139984,58,194818
13386,0.013631,172.217.194.0-255,5738,145722,58,194818
13387,0.013639,172.31.46.0-255,66,145788,58,194818
13388,0.015915,172.217.194.0-255,5738,151526,58,194818
13389,0.015922,172.31.46.0-255,66,151592,58,194818
13390,0.018223,172.217.194.0-255,5738,157330,58,194818
13391,0.018233,172.31.46.0-255,66,157396,58,194818
13392,0.020499,172.217.194.0-255,5738,163134,58,194818
13393,0.020508,172.31.46.0-255,66,163200,58,194818
13394,0.022774,172.217.194.0-255,5738,168938,58,194818
13395,0.022782,172.31.46.0-255,66,169004,58,194818
13396,0.025053,172.217.194.0-255,5738,174742,58,194818
13397,0.025059,172.31.46.0-255,66,174808,58,194818
13398,0.026214,172.31.46.0-255,172,174980,58,194818
13399,0.02625,172.31.46.0-255,1112,176092,58,194818
13400,0.026321,172.31.46.0-255,1514,177606,58,194818
13401,0.026323,172.31.46.0-255,1514,179120,58,194818
13402,0.026324,172.31.46.0-255,1514,180634,58,194818
13403,0.026326,172.31.46.0-255,1514,182148,58,194818
13404,0.026327,172.31.46.0-255,624,182772,58,194818
13405,0.027314,172.217.194.0-255,5738,188510,58,194818
13406,0.027327,172.31.46.0-255,66,188576,58,194818
13407,0.02776,104.244.42.0-255,66,188642,58,194818
13408,0.027813,104.244.42.0-255,66,188708,58,194818
13409,0.027917,104.244.42.0-255,66,188774,58,194818
13410,0.02793,104.244.42.0-255,66,188840,58,194818
13411,0.028531,104.244.42.0-255,108,188948,58,194818
13412,0.028538,172.31.46.0-255,66,189014,58,194818
13413,0.029595,172.217.194.0-255,5738,194752,58,194818
13414,0.029602,172.31.46.0-255,66,194818,58,194818
13415,0.0,172.217.27.0-255,150,150,58,207869
13416,1.7e-05,172.31.46.0-255,66,216,58,207869
13417,2.4e-05,172.217.27.0-255,1484,1700,58,207869
13418,2.7e-05,172.31.46.0-255,66,1766,58,207869
13419,3.5e-05,172.217.27.0-255,2902,4668,58,207869
13420,4.6e-05,172.31.46.0-255,66,4734,58,207869
13421,5.4e-05,172.217.27.0-255,7156,11890,58,207869
13422,5.6e-05,172.31.46.0-255,66,11956,58,207869
13423,8.8e-05,172.217.27.0-255,2060,14016,58,207869
13424,9.1e-05,172.31.46.0-255,66,14082,58,207869
13425,0.000118,172.217.27.0-255,2902,16984,58,207869
13426,0.000121,172.31.46.0-255,66,17050,58,207869
13427,0.000128,172.217.27.0-255,7156,24206,58,207869
13428,0.00013,172.31.46.0-255,66,24272,58,207869
13429,0.000174,172.217.27.0-255,5738,30010,58,207869
13430,0.000177,172.31.46.0-255,66,30076,58,207869
13431,0.000206,172.217.27.0-255,5738,35814,58,207869
13432,0.000208,172.31.46.0-255,66,35880,58,207869
13433,0.000245,172.217.27.0-255,4320,40200,58,207869
13434,0.000248,172.31.46.0-255,66,40266,58,207869
13435,0.000279,172.217.27.0-255,5738,46004,58,207869
13436,0.000281,172.31.46.0-255,66,46070,58,207869
13437,0.000311,172.217.27.0-255,2902,48972,58,207869
13438,0.000314,172.31.46.0-255,66,49038,58,207869
13439,0.000346,172.217.27.0-255,6438,55476,58,207869
13440,0.000349,172.31.46.0-255,66,55542,58,207869
13441,0.000377,172.217.27.0-255,4320,59862,58,207869
13442,0.000379,172.31.46.0-255,66,59928,58,207869
13443,0.000409,172.217.27.0-255,5682,65610,58,207869
13444,0.000412,172.31.46.0-255,66,65676,58,207869
13445,0.000819,172.217.27.0-255,119,65795,58,207869
13446,0.000825,172.31.46.0-255,66,65861,58,207869
13447,0.001009,172.217.27.0-255,1484,67345,58,207869
13448,0.001017,172.217.27.0-255,2902,70247,58,207869
13449,0.001021,172.31.46.0-255,66,70313,58,207869
13450,0.001027,172.217.27.0-255,4320,74633,58,207869
13451,0.00103,172.31.46.0-255,66,74699,58,207869
13452,0.00106,172.217.27.0-255,5738,80437,58,207869
13453,0.001062,172.31.46.0-255,66,80503,58,207869
13454,0.001089,172.217.27.0-255,2902,83405,58,207869
13455,0.001091,172.31.46.0-255,66,83471,58,207869
13456,0.001132,172.31.46.0-255,66,83537,58,207869
13457,0.001185,172.31.46.0-255,66,83603,58,207869
13458,0.001496,172.217.27.0-255,1484,85087,58,207869
13459,0.001505,172.217.27.0-255,2902,87989,58,207869
13460,0.00151,172.31.46.0-255,66,88055,58,207869
13461,0.001517,172.217.27.0-255,5738,93793,58,207869
13462,0.001519,172.31.46.0-255,66,93859,58,207869
13463,0.001551,172.217.27.0-255,7156,101015,58,207869
13464,0.001554,172.31.46.0-255,66,101081,58,207869
13465,0.001594,172.31.46.0-255,66,101147,58,207869
13466,0.001637,172.217.27.0-255,2902,104049,58,207869
13467,0.00164,172.31.46.0-255,66,104115,58,207869
13468,0.001671,172.217.27.0-255,5020,109135,58,207869
13469,0.001673,172.31.46.0-255,66,109201,58,207869
13470,0.003299,172.217.27.0-255,5738,114939,58,207869
13471,0.003304,172.31.46.0-255,66,115005,58,207869
13472,0.004928,172.217.27.0-255,5738,120743,58,207869
13473,0.004936,172.31.46.0-255,66,120809,58,207869
13474,0.006566,172.217.27.0-255,5738,126547,58,207869
13475,0.006573,172.31.46.0-255,66,126613,58,207869
13476,0.008195,172.217.27.0-255,5738,132351,58,207869
13477,0.008204,172.31.46.0-255,66,132417,58,207869
13478,0.009829,172.217.27.0-255,5738,138155,58,207869
13479,0.009836,172.31.46.0-255,66,138221,58,207869
13480,0.011466,172.217.27.0-255,5738,143959,58,207869
13481,0.011472,172.31.46.0-255,66,144025,58,207869
13482,0.013178,172.217.27.0-255,5738,149763,58,207869
13483,0.013185,172.31.46.0-255,66,149829,58,207869
13484,0.014808,172.217.27.0-255,5738,155567,58,207869
13485,0.014814,172.31.46.0-255,66,155633,58,207869
13486,0.016455,172.217.27.0-255,5738,161371,58,207869
13487,0.016464,172.31.46.0-255,66,161437,58,207869
13488,0.01809,172.217.27.0-255,5738,167175,58,207869
13489,0.018097,172.31.46.0-255,66,167241,58,207869
13490,0.019726,172.217.27.0-255,5738,172979,58,207869
13491,0.019732,172.31.46.0-255,66,173045,58,207869
13492,0.021358,172.217.27.0-255,5738,178783,58,207869
13493,0.021365,172.31.46.0-255,66,178849,58,207869
13494,0.023003,172.217.27.0-255,5738,184587,58,207869
13495,0.023013,172.31.46.0-255,66,184653,58,207869
13496,0.024655,172.217.27.0-255,5738,190391,58,207869
13497,0.024663,172.31.46.0-255,66,190457,58,207869
13498,0.026303,172.217.27.0-255,5738,196195,58,207869
13499,0.026312,172.31.46.0-255,66,196261,58,207869
13500,0.02794,172.217.27.0-255,5738,201999,58,207869
13501,0.02795,172.31.46.0-255,66,202065,58,207869
13502,0.029588,172.217.27.0-255,5738,207803,58,207869
13503,0.029602,172.31.46.0-255,66,207869,58,207869
13504,0.0,74.125.200.0-255,153,153,58,310560
13505,1e-05,172.31.46.0-255,66,219,58,310560
13506,4e-05,74.125.200.0-255,1484,1703,58,310560
13507,4.3e-05,172.31.46.0-255,66,1769,58,310560
13508,8.2e-05,74.125.200.0-255,2902,4671,58,310560
13509,8.4e-05,172.31.46.0-255,66,4737,58,310560
13510,0.000109,74.125.200.0-255,4320,9057,58,310560
13511,0.000112,172.31.46.0-255,66,9123,58,310560
13512,0.000136,74.125.200.0-255,4320,13443,58,310560
13513,0.000139,172.31.46.0-255,66,13509,58,310560
13514,0.000169,74.125.200.0-255,4929,18438,58,310560
13515,0.000172,172.31.46.0-255,66,18504,58,310560
13516,0.000182,172.31.46.0-255,66,18570,58,310560
13517,0.000191,74.125.200.0-255,2543,21113,58,310560
13518,0.000194,172.31.46.0-255,66,21179,58,310560
13519,0.000276,74.125.200.0-255,1484,22663,58,310560
13520,0.00028,172.31.46.0-255,66,22729,58,310560
13521,0.000285,74.125.200.0-255,2902,25631,58,310560
13522,0.000287,172.31.46.0-255,66,25697,58,310560
13523,0.000319,74.125.200.0-255,4320,30017,58,310560
13524,0.000321,172.31.46.0-255,66,30083,58,310560
13525,0.000347,74.125.200.0-255,2902,32985,58,310560
13526,0.00035,172.31.46.0-255,66,33051,58,310560
13527,0.000355,74.125.200.0-255,4320,37371,58,310560
13528,0.000357,172.31.46.0-255,66,37437,58,310560
13529,0.000403,74.125.200.0-255,7156,44593,58,310560
13530,0.000405,172.31.46.0-255,66,44659,58,310560
13531,0.000426,74.125.200.0-255,2543,47202,58,310560
13532,0.000428,172.31.46.0-255,66,47268,58,310560
13533,0.000432,74.125.200.0-255,2902,50170,58,310560
13534,0.000434,172.31.46.0-255,66,50236,58,310560
13535,0.000477,74.125.200.0-255,5654,55890,58,310560
13536,0.000481,172.31.46.0-255,66,55956,58,310560
13537,0.000545,74.125.200.0-255,130,56086,58,310560
13538,0.000678,74.125.200.0-255,1484,57570,58,310560
13539,0.000681,172.31.46.0-255,66,57636,58,310560
13540,0.000685,74.125.200.0-255,1484,59120,58,310560
13541,0.000704,74.125.200.0-255,1484,60604,58,310560
13542,0.000708,74.125.200.0-255,4320,64924,58,310560
13543,0.000712,172.31.46.0-255,66,64990,58,310560
13544,0.000718,172.31.46.0-255,66,65056,58,310560
13545,0.00075,74.125.200.0-255,4320,69376,58,310560
13546,0.000752,172.31.46.0-255,66,69442,58,310560
13547,0.00078,74.125.200.0-255,3961,73403,58,310560
13548,0.000782,172.31.46.0-255,66,73469,58,310560
13549,0.000809,74.125.200.0-255,4320,77789,58,310560
13550,0.000811,172.31.46.0-255,66,77855,58,310560
13551,0.000817,74.125.200.0-255,5738,83593,58,310560
13552,0.000819,172.31.46.0-255,66,83659,58,310560
13553,0.000852,74.125.200.0-255,6797,90456,58,310560
13554,0.000855,172.31.46.0-255,66,90522,58,310560
13555,0.001253,74.125.200.0-255,1484,92006,58,310560
13556,0.001272,74.125.200.0-255,2902,94908,58,310560
13557,0.001275,172.31.46.0-255,66,94974,58,310560
13558,0.00128,74.125.200.0-255,4320,99294,58,310560
13559,0.001282,172.31.46.0-255,66,99360,58,310560
13560,0.001301,74.125.200.0-255,1484,100844,58,310560
13561,0.001306,74.125.200.0-255,4320,105164,58,310560
13562,0.001311,172.31.46.0-255,66,105230,58,310560
13563,0.001342,74.125.200.0-255,5738,110968,58,310560
13564,0.001345,172.31.46.0-255,66,111034,58,310560
13565,0.001372,74.125.200.0-255,4320,115354,58,310560
13566,0.001374,172.31.46.0-255,66,115420,58,310560
13567,0.001433,74.125.200.0-255,2902,118322,58,310560
13568,0.001435,172.31.46.0-255,66,118388,58,310560
13569,0.001458,74.125.200.0-255,1484,119872,58,310560
13570,0.001461,74.125.200.0-255,1484,121356,58,310560
13571,0.001463,172.31.46.0-255,66,121422,58,310560
13572,0.001488,74.125.200.0-255,1484,122906,58,310560
13573,0.001508,74.125.200.0-255,2184,125090,58,310560
13574,0.00151,172.31.46.0-255,66,125156,58,310560
13575,0.001754,74.125.200.0-255,1484,126640,58,310560
13576,0.001759,74.125.200.0-255,2902,129542,58,310560
13577,0.001762,172.31.46.0-255,66,129608,58,310560
13578,0.001791,74.125.200.0-255,5738,135346,58,310560
13579,0.001793,172.31.46.0-255,66,135412,58,310560
13580,0.001825,172.31.46.0-255,66,135478,58,310560
13581,0.001828,74.125.200.0-255,1484,136962,58,310560
13582,0.001855,172.31.46.0-255,66,137028,58,310560
13583,0.001857,74.125.200.0-255,1484,138512,58,310560
13584,0.001869,74.125.200.0-255,3602,142114,58,310560
13585,0.001874,172.31.46.0-255,66,142180,58,310560
13586,0.001993,74.125.200.0-255,1484,143664,58,310560
13587,0.002007,74.125.200.0-255,1484,145148,58,310560
13588,0.00201,172.31.46.0-255,66,145214,58,310560
13589,0.002039,74.125.200.0-255,2902,148116,58,310560
13590,0.002041,172.31.46.0-255,66,148182,58,310560
13591,0.002047,74.125.200.0-255,5738,153920,58,310560
13592,0.002049,172.31.46.0-255,66,153986,58,310560
13593,0.002083,172.31.46.0-255,66,154052,58,310560
13594,0.002094,172.31.46.0-255,66,154118,58,310560
13595,0.002122,74.125.200.0-255,3602,157720,58,310560
13596,0.002125,172.31.46.0-255,66,157786,58,310560
13597,0.002152,74.125.200.0-255,2902,160688,58,310560
13598,0.002154,172.31.46.0-255,66,160754,58,310560
13599,0.002177,74.125.200.0-255,1484,162238,58,310560
13600,0.002187,74.125.200.0-255,2902,165140,58,310560
13601,0.002189,172.31.46.0-255,66,165206,58,310560
13602,0.002207,74.125.200.0-255,2902,168108,58,310560
13603,0.002208,172.31.46.0-255,66,168174,58,310560
13604,0.002238,172.31.46.0-255,66,168240,58,310560
13605,0.002244,74.125.200.0-255,5738,173978,58,310560
13606,0.002246,172.31.46.0-255,66,174044,58,310560
13607,0.002279,74.125.200.0-255,5738,179782,58,310560
13608,0.002281,172.31.46.0-255,66,179848,58,310560
13609,0.002286,74.125.200.0-255,3602,183450,58,310560
13610,0.002288,172.31.46.0-255,66,183516,58,310560
13611,0.002292,74.125.200.0-255,4320,187836,58,310560
13612,0.002295,172.31.46.0-255,66,187902,58,310560
13613,0.002324,74.125.200.0-255,4320,192222,58,310560
13614,0.002326,172.31.46.0-255,66,192288,58,310560
13615,0.002354,74.125.200.0-255,5738,198026,58,310560
13616,0.002356,172.31.46.0-255,66,198092,58,310560
13617,0.00236,74.125.200.0-255,2902,200994,58,310560
13618,0.002362,172.31.46.0-255,66,201060,58,310560
13619,0.002366,74.125.200.0-255,4320,205380,58,310560
13620,0.002368,172.31.46.0-255,66,205446,58,310560
13621,0.002376,172.31.46.0-255,66,205512,58,310560
13622,0.00238,74.125.200.0-255,2184,207696,58,310560
13623,0.002381,172.31.46.0-255,66,207762,58,310560
13624,0.002385,74.125.200.0-255,2902,210664,58,310560
13625,0.002387,172.31.46.0-255,66,210730,58,310560
13626,0.002427,74.125.200.0-255,7156,217886,58,310560
13627,0.002429,172.31.46.0-255,66,217952,58,310560
13628,0.002433,74.125.200.0-255,2902,220854,58,310560
13629,0.002435,172.31.46.0-255,66,220920,58,310560
13630,0.00244,74.125.200.0-255,4320,225240,58,310560
13631,0.002442,172.31.46.0-255,66,225306,58,310560
13632,0.002448,74.125.200.0-255,5738,231044,58,310560
13633,0.002449,172.31.46.0-255,66,231110,58,310560
13634,0.002473,74.125.200.0-255,2902,234012,58,310560
13635,0.002475,172.31.46.0-255,66,234078,58,310560
13636,0.002484,172.31.46.0-255,66,234144,58,310560
13637,0.002503,74.125.200.0-255,5738,239882,58,310560
13638,0.002505,172.31.46.0-255,66,239948,58,310560
13639,0.002516,74.125.200.0-255,2902,242850,58,310560
13640,0.002517,172.31.46.0-255,66,242916,58,310560
13641,0.002522,74.125.200.0-255,4320,247236,58,310560
13642,0.002524,172.31.46.0-255,66,247302,58,310560
13643,0.00253,74.125.200.0-255,5738,253040,58,310560
13644,0.002531,172.31.46.0-255,66,253106,58,310560
13645,0.00257,172.31.46.0-255,66,253172,58,310560
13646,0.002575,74.125.200.0-255,3602,256774,58,310560
13647,0.002576,172.31.46.0-255,66,256840,58,310560
13648,0.002607,74.125.200.0-255,2902,259742,58,310560
13649,0.002627,74.125.200.0-255,4320,264062,58,310560
13650,0.008357,172.31.46.0-255,66,264128,58,310560
13651,0.010946,74.125.200.0-255,5738,269866,58,310560
13652,0.010953,172.31.46.0-255,66,269932,58,310560
13653,0.013538,74.125.200.0-255,5738,275670,58,310560
13654,0.013545,172.31.46.0-255,66,275736,58,310560
13655,0.016139,74.125.200.0-255,5738,281474,58,310560
13656,0.016148,172.31.46.0-255,66,281540,58,310560
13657,0.018738,74.125.200.0-255,5738,287278,58,310560
13658,0.018746,172.31.46.0-255,66,287344,58,310560
13659,0.021322,74.125.200.0-255,5738,293082,58,310560
13660,0.02133,172.31.46.0-255,66,293148,58,310560
13661,0.023918,74.125.200.0-255,5738,298886,58,310560
13662,0.023925,172.31.46.0-255,66,298952,58,310560
13663,0.026506,74.125.200.0-255,5738,304690,58,310560
13664,0.026515,172.31.46.0-255,66,304756,58,310560
13665,0.029108,74.125.200.0-255,5738,310494,58,310560
13666,0.029116,172.31.46.0-255,66,310560,58,310560
13667,0.0,74.125.24.0-255,156,156,58,146358
13668,1.9e-05,172.31.46.0-255,66,222,58,146358
13669,2.6e-05,74.125.24.0-255,1484,1706,58,146358
13670,3e-05,172.31.46.0-255,66,1772,58,146358
13671,3.6e-05,74.125.24.0-255,2902,4674,58,146358
13672,4.9e-05,172.31.46.0-255,66,4740,58,146358
13673,5.5e-05,74.125.24.0-255,4320,9060,58,146358
13674,5.8e-05,172.31.46.0-255,66,9126,58,146358
13675,7.1e-05,172.31.46.0-255,66,9192,58,146358
13676,0.000141,172.31.46.0-255,66,9258,58,146358
13677,0.000147,74.125.24.0-255,2902,12160,58,146358
13678,0.000149,172.31.46.0-255,66,12226,58,146358
13679,0.000155,74.125.24.0-255,4320,16546,58,146358
13680,0.000157,172.31.46.0-255,66,16612,58,146358
13681,0.00017,172.31.46.0-255,66,16678,58,146358
13682,0.000212,172.31.46.0-255,66,16744,58,146358
13683,0.000245,74.125.24.0-255,5020,21764,58,146358
13684,0.000248,172.31.46.0-255,66,21830,58,146358
13685,0.000251,74.125.24.0-255,365,22195,58,146358
13686,0.000254,172.31.46.0-255,66,22261,58,146358
13687,0.000278,74.125.24.0-255,128,22389,58,146358
13688,0.00028,172.31.46.0-255,66,22455,58,146358
13689,0.000451,74.125.24.0-255,1484,23939,58,146358
13690,0.000456,172.31.46.0-255,66,24005,58,146358
13691,0.000463,74.125.24.0-255,2902,26907,58,146358
13692,0.000465,172.31.46.0-255,66,26973,58,146358
13693,0.000478,74.125.24.0-255,5738,32711,58,146358
13694,0.000481,172.31.46.0-255,66,32777,58,146358
13695,0.000497,172.31.46.0-255,66,32843,58,146358
13696,0.000524,74.125.24.0-255,1484,34327,58,146358
13697,0.000559,172.31.46.0-255,66,34393,58,146358
13698,0.000587,74.125.24.0-255,2466,36859,58,146358
13699,0.00059,172.31.46.0-255,66,36925,58,146358
13700,0.000687,74.125.24.0-255,1484,38409,58,146358
13701,0.000692,74.125.24.0-255,2902,41311,58,146358
13702,0.000696,172.31.46.0-255,66,41377,58,146358
13703,0.000702,74.125.24.0-255,4320,45697,58,146358
13704,0.000705,172.31.46.0-255,66,45763,58,146358
13705,0.000723,74.125.24.0-255,1484,47247,58,146358
13706,0.000745,172.31.46.0-255,66,47313,58,146358
13707,0.000759,172.31.46.0-255,66,47379,58,146358
13708,0.000791,74.125.24.0-255,766,48145,58,146358
13709,0.00103,74.125.24.0-255,1484,49629,58,146358
13710,0.001035,172.31.46.0-255,66,49695,58,146358
13711,0.001041,74.125.24.0-255,2902,52597,58,146358
13712,0.001044,172.31.46.0-255,66,52663,58,146358
13713,0.001058,74.125.24.0-255,5738,58401,58,146358
13714,0.00106,172.31.46.0-255,66,58467,58,146358
13715,0.001065,74.125.24.0-255,2902,61369,58,146358
13716,0.001068,172.31.46.0-255,66,61435,58,146358
13717,0.001117,172.31.46.0-255,66,61501,58,146358
13718,0.001137,172.31.46.0-255,66,61567,58,146358
13719,0.001168,74.125.24.0-255,1484,63051,58,146358
13720,0.001173,74.125.24.0-255,2902,65953,58,146358
13721,0.001176,172.31.46.0-255,66,66019,58,146358
13722,0.001183,74.125.24.0-255,5738,71757,58,146358
13723,0.001186,172.31.46.0-255,66,71823,58,146358
13724,0.001196,74.125.24.0-255,2902,74725,58,146358
13725,0.001199,172.31.46.0-255,66,74791,58,146358
13726,0.001241,172.31.46.0-255,66,74857,58,146358
13727,0.001307,172.31.46.0-255,66,74923,58,146358
13728,0.001338,74.125.24.0-255,2184,77107,58,146358
13729,0.001341,74.125.24.0-255,1484,78591,58,146358
13730,0.001345,74.125.24.0-255,2902,81493,58,146358
13731,0.001351,74.125.24.0-255,5738,87231,58,146358
13732,0.001358,74.125.24.0-255,5738,92969,58,146358
13733,0.00136,74.125.24.0-255,1484,94453,58,146358
13734,0.001369,172.31.46.0-255,66,94519,58,146358
13735,0.001373,172.31.46.0-255,66,94585,58,146358
13736,0.001376,172.31.46.0-255,66,94651,58,146358
13737,0.001378,172.31.46.0-255,66,94717,58,146358
13738,0.001396,172.31.46.0-255,66,94783,58,146358
13739,0.001402,74.125.24.0-255,5020,99803,58,146358
13740,0.001404,172.31.46.0-255,66,99869,58,146358
13741,0.001501,74.125.24.0-255,1484,101353,58,146358
13742,0.001507,74.125.24.0-255,2902,104255,58,146358
13743,0.00151,172.31.46.0-255,66,104321,58,146358
13744,0.001516,74.125.24.0-255,2902,107223,58,146358
13745,0.001519,172.31.46.0-255,66,107289,58,146358
13746,0.001545,74.125.24.0-255,2902,110191,58,146358
13747,0.001547,172.31.46.0-255,66,110257,58,146358
13748,0.001571,172.31.46.0-255,66,110323,58,146358
13749,0.001579,74.125.24.0-255,7156,117479,58,146358
13750,0.001581,172.31.46.0-255,66,117545,58,146358
13751,0.001657,74.125.24.0-255,5020,122565,58,146358
13752,0.001662,172.31.46.0-255,66,122631,58,146358
13753,0.00167,172.31.46.0-255,66,122697,58,146358
13754,0.001673,172.31.46.0-255,66,122763,58,146358
13755,0.001683,74.125.24.0-255,5738,128501,58,146358
13756,0.001686,172.31.46.0-255,66,128567,58,146358
13757,0.001742,172.31.46.0-255,66,128633,58,146358
13758,0.001749,74.125.24.0-255,7156,135789,58,146358
13759,0.001751,172.31.46.0-255,66,135855,58,146358
13760,0.001762,74.125.24.0-255,4320,140175,58,146358
13761,0.001764,172.31.46.0-255,66,140241,58,146358
13762,0.001826,172.31.46.0-255,66,140307,58,146358
13763,0.001839,172.31.46.0-255,66,140373,58,146358
13764,0.001908,172.31.46.0-255,66,140439,58,146358
13765,0.001929,74.125.24.0-255,766,141205,58,146358
13766,0.00194,74.125.24.0-255,4745,145950,58,146358
13767,0.001943,172.31.46.0-255,66,146016,58,146358
13768,0.001946,74.125.24.0-255,105,146121,58,146358
13769,0.005007,172.31.46.0-255,66,146187,58,146358
13770,0.005045,172.31.46.0-255,105,146292,58,146358
13771,0.006998,74.125.24.0-255,66,146358,58,146358
13772,0.0,74.125.24.0-255,153,153,58,199227
13773,2.6e-05,172.31.46.0-255,66,219,58,199227
13774,3.2e-05,74.125.24.0-255,1484,1703,58,199227
13775,3.8e-05,172.31.46.0-255,66,1769,58,199227
13776,4.4e-05,74.125.24.0-255,2902,4671,58,199227
13777,5.4e-05,172.31.46.0-255,66,4737,58,199227
13778,6.3e-05,74.125.24.0-255,7156,11893,58,199227
13779,6.7e-05,172.31.46.0-255,66,11959,58,199227
13780,7.1e-05,74.125.24.0-255,2075,14034,58,199227
13781,7.5e-05,172.31.46.0-255,66,14100,58,199227
13782,0.00017,74.125.24.0-255,1484,15584,58,199227
13783,0.000174,172.31.46.0-255,66,15650,58,199227
13784,0.000179,74.125.24.0-255,2902,18552,58,199227
13785,0.000182,172.31.46.0-255,66,18618,58,199227
13786,0.000193,74.125.24.0-255,5738,24356,58,199227
13787,0.000196,172.31.46.0-255,66,24422,58,199227
13788,0.000245,74.125.24.0-255,4320,28742,58,199227
13789,0.000248,172.31.46.0-255,66,28808,58,199227
13790,0.000265,74.125.24.0-255,2543,31351,58,199227
13791,0.000267,172.31.46.0-255,66,31417,58,199227
13792,0.000292,74.125.24.0-255,5738,37155,58,199227
13793,0.000295,172.31.46.0-255,66,37221,58,199227
13794,0.000318,74.125.24.0-255,7156,44377,58,199227
13795,0.00032,172.31.46.0-255,66,44443,58,199227
13796,0.000348,74.125.24.0-255,3961,48404,58,199227
13797,0.00035,172.31.46.0-255,66,48470,58,199227
13798,0.001155,74.125.24.0-255,1484,49954,58,199227
13799,0.001162,172.31.46.0-255,66,50020,58,199227
13800,0.001171,74.125.24.0-255,2902,52922,58,199227
13801,0.001173,172.31.46.0-255,66,52988,58,199227
13802,0.001186,74.125.24.0-255,5738,58726,58,199227
13803,0.001189,172.31.46.0-255,66,58792,58,199227
13804,0.001217,74.125.24.0-255,6797,65589,58,199227
13805,0.00122,172.31.46.0-255,66,65655,58,199227
13806,0.001253,74.125.24.0-255,1484,67139,58,199227
13807,0.001275,74.125.24.0-255,2902,70041,58,199227
13808,0.001278,172.31.46.0-255,66,70107,58,199227
13809,0.001285,74.125.24.0-255,5738,75845,58,199227
13810,0.001286,172.31.46.0-255,66,75911,58,199227
13811,0.001317,172.31.46.0-255,66,75977,58,199227
13812,0.001344,74.125.24.0-255,7156,83133,58,199227
13813,0.001347,172.31.46.0-255,66,83199,58,199227
13814,0.001371,74.125.24.0-255,1484,84683,58,199227
13815,0.001379,74.125.24.0-255,7156,91839,58,199227
13816,0.001382,172.31.46.0-255,66,91905,58,199227
13817,0.0014,74.125.24.0-255,1125,93030,58,199227
13818,0.001718,74.125.24.0-255,1484,94514,58,199227
13819,0.001725,172.31.46.0-255,66,94580,58,199227
13820,0.001732,74.125.24.0-255,2902,97482,58,199227
13821,0.001735,172.31.46.0-255,66,97548,58,199227
13822,0.001746,74.125.24.0-255,5738,103286,58,199227
13823,0.001749,172.31.46.0-255,66,103352,58,199227
13824,0.001752,74.125.24.0-255,1484,104836,58,199227
13825,0.001797,172.31.46.0-255,66,104902,58,199227
13826,0.001813,172.31.46.0-255,66,104968,58,199227
13827,0.001816,74.125.24.0-255,766,105734,58,199227
13828,0.002181,74.125.24.0-255,1484,107218,58,199227
13829,0.002187,172.31.46.0-255,66,107284,58,199227
13830,0.002193,74.125.24.0-255,2902,110186,58,199227
13831,0.002195,172.31.46.0-255,66,110252,58,199227
13832,0.002202,74.125.24.0-255,5738,115990,58,199227
13833,0.00221,172.31.46.0-255,66,116056,58,199227
13834,0.002261,172.31.46.0-255,66,116122,58,199227
13835,0.002291,74.125.24.0-255,1484,117606,58,199227
13836,0.002304,172.31.46.0-255,66,117672,58,199227
13837,0.002358,74.125.24.0-255,1484,119156,58,199227
13838,0.00238,74.125.24.0-255,2902,122058,58,199227
13839,0.002382,172.31.46.0-255,66,122124,58,199227
13840,0.002389,74.125.24.0-255,5738,127862,58,199227
13841,0.002391,172.31.46.0-255,66,127928,58,199227
13842,0.002437,74.125.24.0-255,5738,133666,58,199227
13843,0.00244,172.31.46.0-255,66,133732,58,199227
13844,0.002475,74.125.24.0-255,7156,140888,58,199227
13845,0.002478,172.31.46.0-255,66,140954,58,199227
13846,0.002491,172.31.46.0-255,66,141020,58,199227
13847,0.005006,74.125.24.0-255,5738,146758,58,199227
13848,0.005012,172.31.46.0-255,66,146824,58,199227
13849,0.007518,74.125.24.0-255,5738,152562,58,199227
13850,0.007533,172.31.46.0-255,66,152628,58,199227
13851,0.010057,74.125.24.0-255,5738,158366,58,199227
13852,0.010064,172.31.46.0-255,66,158432,58,199227
13853,0.012591,74.125.24.0-255,5738,164170,58,199227
13854,0.012599,172.31.46.0-255,66,164236,58,199227
13855,0.015131,74.125.24.0-255,5738,169974,58,199227
13856,0.015141,172.31.46.0-255,66,170040,58,199227
13857,0.017676,74.125.24.0-255,5738,175778,58,199227
13858,0.017693,172.31.46.0-255,66,175844,58,199227
13859,0.020239,74.125.24.0-255,5738,181582,58,199227
13860,0.020255,172.31.46.0-255,66,181648,58,199227
13861,0.022814,74.125.24.0-255,5738,187386,58,199227
13862,0.02283,172.31.46.0-255,66,187452,58,199227
13863,0.025376,74.125.24.0-255,5738,193190,58,199227
13864,0.025388,172.31.46.0-255,66,193256,58,199227
13865,0.025946,172.31.46.0-255,101,193357,58,199227
13866,0.027928,74.125.24.0-255,5738,199095,58,199227
13867,0.027945,172.31.46.0-255,66,199161,58,199227
13868,0.028422,74.125.24.0-255,66,199227,58,199227
13869,0.0,172.217.24.0-255,297,297,58,194549
13870,1.9e-05,172.31.46.0-255,66,363,58,194549
13871,2.4e-05,172.217.24.0-255,1484,1847,58,194549
13872,2.9e-05,172.31.46.0-255,66,1913,58,194549
13873,3.5e-05,172.217.24.0-255,4320,6233,58,194549
13874,3.8e-05,172.31.46.0-255,66,6299,58,194549
13875,4.9e-05,172.31.46.0-255,66,6365,58,194549
13876,5.4e-05,172.217.24.0-255,4320,10685,58,194549
13877,5.7e-05,172.31.46.0-255,66,10751,58,194549
13878,6.1e-05,172.217.24.0-255,2902,13653,58,194549
13879,6.4e-05,172.31.46.0-255,66,13719,58,194549
13880,8.5e-05,172.217.24.0-255,2902,16621,58,194549
13881,8.8e-05,172.31.46.0-255,66,16687,58,194549
13882,0.000114,172.217.24.0-255,5379,22066,58,194549
13883,0.000116,172.31.46.0-255,66,22132,58,194549
13884,0.000567,172.217.24.0-255,1484,23616,58,194549
13885,0.000573,172.31.46.0-255,66,23682,58,194549
13886,0.00058,172.217.24.0-255,2902,26584,58,194549
13887,0.000583,172.31.46.0-255,66,26650,58,194549
13888,0.000589,172.217.24.0-255,5738,32388,58,194549
13889,0.000592,172.31.46.0-255,66,32454,58,194549
13890,0.000596,172.217.24.0-255,2902,35356,58,194549
13891,0.000598,172.31.46.0-255,66,35422,58,194549
13892,0.000623,172.217.24.0-255,3961,39383,58,194549
13893,0.000626,172.31.46.0-255,66,39449,58,194549
13894,0.000628,172.217.24.0-255,1484,40933,58,194549
13895,0.00063,172.31.46.0-255,66,40999,58,194549
13896,0.000653,172.31.46.0-255,66,41065,58,194549
13897,0.000678,172.217.24.0-255,2902,43967,58,194549
13898,0.000681,172.31.46.0-255,66,44033,58,194549
13899,0.000685,172.217.24.0-255,2543,46576,58,194549
13900,0.000687,172.31.46.0-255,66,46642,58,194549
13901,0.000689,172.217.24.0-255,354,46996,58,194549
13902,0.000952,172.31.46.0-255,66,47062,58,194549
13903,0.00142,172.217.24.0-255,1484,48546,58,194549
13904,0.001431,172.217.24.0-255,2902,51448,58,194549
13905,0.001435,172.31.46.0-255,66,51514,58,194549
13906,0.001443,172.217.24.0-255,5738,57252,58,194549
13907,0.001445,172.31.46.0-255,66,57318,58,194549
13908,0.001448,172.217.24.0-255,1484,58802,58,194549
13909,0.00147,172.217.24.0-255,5704,64506,58,194549
13910,0.001472,172.31.46.0-255,66,64572,58,194549
13911,0.001525,172.217.24.0-255,1484,66056,58,194549
13912,0.001538,172.217.24.0-255,2902,68958,58,194549
13913,0.001541,172.31.46.0-255,66,69024,58,194549
13914,0.001544,172.217.24.0-255,1484,70508,58,194549
13915,0.001564,172.217.24.0-255,4320,74828,58,194549
13916,0.001566,172.31.46.0-255,66,74894,58,194549
13917,0.001574,172.217.24.0-255,6797,81691,58,194549
13918,0.001576,172.31.46.0-255,66,81757,58,194549
13919,0.001617,172.31.46.0-255,66,81823,58,194549
13920,0.001636,172.217.24.0-255,2902,84725,58,194549
13921,0.001639,172.31.46.0-255,66,84791,58,194549
13922,0.001643,172.217.24.0-255,1874,86665,58,194549
13923,0.001645,172.31.46.0-255,66,86731,58,194549
13924,0.001648,172.217.24.0-255,766,87497,58,194549
13925,0.001785,172.217.24.0-255,1484,88981,58,194549
13926,0.00179,172.31.46.0-255,66,89047,58,194549
13927,0.001796,172.217.24.0-255,2902,91949,58,194549
13928,0.001798,172.31.46.0-255,66,92015,58,194549
13929,0.001805,172.217.24.0-255,5738,97753,58,194549
13930,0.001807,172.31.46.0-255,66,97819,58,194549
13931,0.001812,172.217.24.0-255,4320,102139,58,194549
13932,0.001815,172.31.46.0-255,66,102205,58,194549
13933,0.001844,172.217.24.0-255,5738,107943,58,194549
13934,0.001847,172.31.46.0-255,66,108009,58,194549
13935,0.001858,172.31.46.0-255,66,108075,58,194549
13936,0.001874,172.217.24.0-255,2902,110977,58,194549
13937,0.001877,172.31.46.0-255,66,111043,58,194549
13938,0.001881,172.217.24.0-255,2184,113227,58,194549
13939,0.001883,172.31.46.0-255,66,113293,58,194549
13940,0.003804,172.217.24.0-255,5738,119031,58,194549
13941,0.003813,172.31.46.0-255,66,119097,58,194549
13942,0.005747,172.217.24.0-255,5738,124835,58,194549
13943,0.005754,172.31.46.0-255,66,124901,58,194549
13944,0.007688,172.217.24.0-255,5738,130639,58,194549
13945,0.007695,172.31.46.0-255,66,130705,58,194549
13946,0.009628,172.217.24.0-255,5738,136443,58,194549
13947,0.009634,172.31.46.0-255,66,136509,58,194549
13948,0.011583,172.217.24.0-255,5738,142247,58,194549
13949,0.011591,172.31.46.0-255,66,142313,58,194549
13950,0.013534,172.217.24.0-255,5738,148051,58,194549
13951,0.013542,172.31.46.0-255,66,148117,58,194549
13952,0.015491,172.217.24.0-255,5738,153855,58,194549
13953,0.015498,172.31.46.0-255,66,153921,58,194549
13954,0.017436,172.217.24.0-255,5738,159659,58,194549
13955,0.017446,172.31.46.0-255,66,159725,58,194549
13956,0.019384,172.217.24.0-255,5738,165463,58,194549
13957,0.019391,172.31.46.0-255,66,165529,58,194549
13958,0.021355,172.217.24.0-255,5738,171267,58,194549
13959,0.02136,172.31.46.0-255,66,171333,58,194549
13960,0.023292,172.217.24.0-255,5738,177071,58,194549
13961,0.023298,172.31.46.0-255,66,177137,58,194549
13962,0.025234,172.217.24.0-255,5738,182875,58,194549
13963,0.025241,172.31.46.0-255,66,182941,58,194549
13964,0.027188,172.217.24.0-255,5738,188679,58,194549
13965,0.027196,172.31.46.0-255,66,188745,58,194549
13966,0.029134,172.217.24.0-255,5738,194483,58,194549
13967,0.029142,172.31.46.0-255,66,194549,58,194549
13968,0.0,74.125.24.0-255,146,146,58,244113
13969,3.4e-05,172.31.46.0-255,66,212,58,244113
13970,4.1e-05,74.125.24.0-255,1484,1696,58,244113
13971,4.4e-05,172.31.46.0-255,66,1762,58,244113
13972,5e-05,74.125.24.0-255,2902,4664,58,244113
13973,5.3e-05,172.31.46.0-255,66,4730,58,244113
13974,5.9e-05,74.125.24.0-255,7156,11886,58,244113
13975,6.2e-05,172.31.46.0-255,66,11952,58,244113
13976,8.1e-05,74.125.24.0-255,2129,14081,58,244113
13977,8.4e-05,172.31.46.0-255,66,14147,58,244113
13978,0.0001,74.125.24.0-255,2902,17049,58,244113
13979,0.000102,172.31.46.0-255,66,17115,58,244113
13980,0.000118,74.125.24.0-255,1484,18599,58,244113
13981,0.00012,172.31.46.0-255,66,18665,58,244113
13982,0.000143,74.125.24.0-255,2902,21567,58,244113
13983,0.000146,172.31.46.0-255,66,21633,58,244113
13984,0.00015,74.125.24.0-255,2902,24535,58,244113
13985,0.000152,172.31.46.0-255,66,24601,58,244113
13986,0.000166,74.125.24.0-255,2902,27503,58,244113
13987,0.000169,172.31.46.0-255,66,27569,58,244113
13988,0.000209,74.125.24.0-255,1484,29053,58,244113
13989,0.000211,172.31.46.0-255,66,29119,58,244113
13990,0.000231,74.125.24.0-255,2543,31662,58,244113
13991,0.000234,172.31.46.0-255,66,31728,58,244113
13992,0.000524,74.125.24.0-255,1484,33212,58,244113
13993,0.000528,172.31.46.0-255,66,33278,58,244113
13994,0.000536,74.125.24.0-255,2902,36180,58,244113
13995,0.000538,172.31.46.0-255,66,36246,58,244113
13996,0.000543,74.125.24.0-255,2902,39148,58,244113
13997,0.000544,172.31.46.0-255,66,39214,58,244113
13998,0.000562,74.125.24.0-255,2902,42116,58,244113
13999,0.000564,172.31.46.0-255,66,42182,58,244113
14000,0.000598,172.31.46.0-255,66,42248,58,244113
14001,0.000608,172.31.46.0-255,66,42314,58,244113
14002,0.00063,74.125.24.0-255,1399,43713,58,244113
14003,0.00069,74.125.24.0-255,127,43840,58,244113
14004,0.000982,74.125.24.0-255,1484,45324,58,244113
14005,0.000988,172.31.46.0-255,66,45390,58,244113
14006,0.000995,74.125.24.0-255,2902,48292,58,244113
14007,0.000998,172.31.46.0-255,66,48358,58,244113
14008,0.001004,74.125.24.0-255,5738,54096,58,244113
14009,0.001006,172.31.46.0-255,66,54162,58,244113
14010,0.001047,74.125.24.0-255,1484,55646,58,244113
14011,0.001079,172.31.46.0-255,66,55712,58,244113
14012,0.001123,74.125.24.0-255,4320,60032,58,244113
14013,0.001126,172.31.46.0-255,66,60098,58,244113
14014,0.001144,74.125.24.0-255,6797,66895,58,244113
14015,0.001146,172.31.46.0-255,66,66961,58,244113
14016,0.001476,74.125.24.0-255,1484,68445,58,244113
14017,0.001481,74.125.24.0-255,2902,71347,58,244113
14018,0.001483,172.31.46.0-255,66,71413,58,244113
14019,0.001487,74.125.24.0-255,2902,74315,58,244113
14020,0.00149,172.31.46.0-255,66,74381,58,244113
14021,0.001501,74.125.24.0-255,1484,75865,58,244113
14022,0.001521,74.125.24.0-255,5738,81603,58,244113
14023,0.001523,172.31.46.0-255,66,81669,58,244113
14024,0.001539,74.125.24.0-255,5738,87407,58,244113
14025,0.001541,172.31.46.0-255,66,87473,58,244113
14026,0.001561,172.31.46.0-255,66,87539,58,244113
14027,0.001566,74.125.24.0-255,3602,91141,58,244113
14028,0.001568,172.31.46.0-255,66,91207,58,244113
14029,0.001638,74.125.24.0-255,1484,92691,58,244113
14030,0.001655,74.125.24.0-255,2902,95593,58,244113
14031,0.001657,172.31.46.0-255,66,95659,58,244113
14032,0.001663,74.125.24.0-255,5738,101397,58,244113
14033,0.001665,172.31.46.0-255,66,101463,58,244113
14034,0.001703,172.31.46.0-255,66,101529,58,244113
14035,0.001707,74.125.24.0-255,2902,104431,58,244113
14036,0.001709,172.31.46.0-255,66,104497,58,244113
14037,0.00173,172.31.46.0-255,66,104563,58,244113
14038,0.001745,74.125.24.0-255,4320,108883,58,244113
14039,0.001747,172.31.46.0-255,66,108949,58,244113
14040,0.001771,74.125.24.0-255,2902,111851,58,244113
14041,0.001774,172.31.46.0-255,66,111917,58,244113
14042,0.001783,172.31.46.0-255,66,111983,58,244113
14043,0.001788,74.125.24.0-255,4320,116303,58,244113
14044,0.001791,172.31.46.0-255,66,116369,58,244113
14045,0.001814,172.31.46.0-255,66,116435,58,244113
14046,0.001817,74.125.24.0-255,766,117201,58,244113
14047,0.001953,74.125.24.0-255,1484,118685,58,244113
14048,0.001955,172.31.46.0-255,66,118751,58,244113
14049,0.001975,74.125.24.0-255,2902,121653,58,244113
14050,0.001978,172.31.46.0-255,66,121719,58,244113
14051,0.001983,74.125.24.0-255,5738,127457,58,244113
14052,0.001985,172.31.46.0-255,66,127523,58,244113
14053,0.002015,172.31.46.0-255,66,127589,58,244113
14054,0.002034,74.125.24.0-255,1484,129073,58,244113
14055,0.00204,74.125.24.0-255,7156,136229,58,244113
14056,0.002042,172.31.46.0-255,66,136295,58,244113
14057,0.002076,74.125.24.0-255,3602,139897,58,244113
14058,0.002078,172.31.46.0-255,66,139963,58,244113
14059,0.002178,74.125.24.0-255,1484,141447,58,244113
14060,0.00219,74.125.24.0-255,2902,144349,58,244113
14061,0.002193,172.31.46.0-255,66,144415,58,244113
14062,0.002198,74.125.24.0-255,4320,148735,58,244113
14063,0.0022,172.31.46.0-255,66,148801,58,244113
14064,0.002213,74.125.24.0-255,1484,150285,58,244113
14065,0.002226,74.125.24.0-255,5738,156023,58,244113
14066,0.002229,172.31.46.0-255,66,156089,58,244113
14067,0.002231,74.125.24.0-255,1484,157573,58,244113
14068,0.002261,172.31.46.0-255,66,157639,58,244113
14069,0.002283,74.125.24.0-255,5020,162659,58,244113
14070,0.002286,172.31.46.0-255,66,162725,58,244113
14071,0.002363,74.125.24.0-255,1484,164209,58,244113
14072,0.002367,74.125.24.0-255,1484,165693,58,244113
14073,0.002369,172.31.46.0-255,66,165759,58,244113
14074,0.002391,74.125.24.0-255,1484,167243,58,244113
14075,0.002397,74.125.24.0-255,5738,172981,58,244113
14076,0.0024,172.31.46.0-255,66,173047,58,244113
14077,0.002406,74.125.24.0-255,7156,180203,58,244113
14078,0.002409,172.31.46.0-255,66,180269,58,244113
14079,0.004742,74.125.24.0-255,5738,186007,58,244113
14080,0.00475,172.31.46.0-255,66,186073,58,244113
14081,0.007106,74.125.24.0-255,5738,191811,58,244113
14082,0.007119,172.31.46.0-255,66,191877,58,244113
14083,0.009456,74.125.24.0-255,5738,197615,58,244113
14084,0.00947,172.31.46.0-255,66,197681,58,244113
14085,0.011852,74.125.24.0-255,5738,203419,58,244113
14086,0.011866,172.31.46.0-255,66,203485,58,244113
14087,0.014229,74.125.24.0-255,5738,209223,58,244113
14088,0.014242,172.31.46.0-255,66,209289,58,244113
14089,0.016589,74.125.24.0-255,5738,215027,58,244113
14090,0.0166,172.31.46.0-255,66,215093,58,244113
14091,0.018928,74.125.24.0-255,5738,220831,58,244113
14092,0.018936,172.31.46.0-255,66,220897,58,244113
14093,0.021311,74.125.24.0-255,5738,226635,58,244113
14094,0.021318,172.31.46.0-255,66,226701,58,244113
14095,0.023691,74.125.24.0-255,5738,232439,58,244113
14096,0.023699,172.31.46.0-255,66,232505,58,244113
14097,0.026056,74.125.24.0-255,5738,238243,58,244113
14098,0.026068,172.31.46.0-255,66,238309,58,244113
14099,0.028417,74.125.24.0-255,5738,244047,58,244113
14100,0.028426,172.31.46.0-255,66,244113,58,244113
14101,0.0,74.125.200.0-255,146,146,58,296781
14102,2.1e-05,172.31.46.0-255,66,212,58,296781
14103,2.8e-05,74.125.200.0-255,1484,1696,58,296781
14104,3.2e-05,172.31.46.0-255,66,1762,58,296781
14105,3.8e-05,74.125.200.0-255,2902,4664,58,296781
14106,4.8e-05,172.31.46.0-255,66,4730,58,296781
14107,5.6e-05,74.125.200.0-255,7156,11886,58,296781
14108,5.9e-05,172.31.46.0-255,66,11952,58,296781
14109,9.4e-05,74.125.200.0-255,2117,14069,58,296781
14110,9.7e-05,172.31.46.0-255,66,14135,58,296781
14111,0.000152,74.125.200.0-255,1484,15619,58,296781
14112,0.000155,172.31.46.0-255,66,15685,58,296781
14113,0.000158,74.125.200.0-255,1484,17169,58,296781
14114,0.000161,172.31.46.0-255,66,17235,58,296781
14115,0.0002,74.125.200.0-255,1484,18719,58,296781
14116,0.000203,172.31.46.0-255,66,18785,58,296781
14117,0.00021,74.125.200.0-255,5738,24523,58,296781
14118,0.000212,172.31.46.0-255,66,24589,58,296781
14119,0.00022,74.125.200.0-255,6797,31386,58,296781
14120,0.000222,172.31.46.0-255,66,31452,58,296781
14121,0.000259,74.125.200.0-255,7156,38608,58,296781
14122,0.000261,172.31.46.0-255,66,38674,58,296781
14123,0.000267,74.125.200.0-255,4320,42994,58,296781
14124,0.000269,172.31.46.0-255,66,43060,58,296781
14125,0.000274,74.125.200.0-255,2902,45962,58,296781
14126,0.000276,172.31.46.0-255,66,46028,58,296781
14127,0.000309,74.125.200.0-255,2543,48571,58,296781
14128,0.000312,172.31.46.0-255,66,48637,58,296781
14129,0.000363,74.125.200.0-255,1484,50121,58,296781
14130,0.000366,172.31.46.0-255,66,50187,58,296781
14131,0.000369,74.125.200.0-255,1484,51671,58,296781
14132,0.000371,172.31.46.0-255,66,51737,58,296781
14133,0.000403,74.125.200.0-255,1484,53221,58,296781
14134,0.000411,74.125.200.0-255,5738,58959,58,296781
14135,0.000413,172.31.46.0-255,66,59025,58,296781
14136,0.000416,74.125.200.0-255,1484,60509,58,296781
14137,0.000468,74.125.200.0-255,5379,65888,58,296781
14138,0.000472,172.31.46.0-255,66,65954,58,296781
14139,0.000511,74.125.200.0-255,3483,69437,58,296781
14140,0.000514,172.31.46.0-255,66,69503,58,296781
14141,0.000517,74.125.200.0-255,1484,70987,58,296781
14142,0.000545,74.125.200.0-255,2902,73889,58,296781
14143,0.000547,172.31.46.0-255,66,73955,58,296781
14144,0.000563,172.31.46.0-255,66,74021,58,296781
14145,0.000736,74.125.200.0-255,1484,75505,58,296781
14146,0.000741,74.125.200.0-255,1484,76989,58,296781
14147,0.000745,172.31.46.0-255,66,77055,58,296781
14148,0.00077,74.125.200.0-255,1484,78539,58,296781
14149,0.000776,74.125.200.0-255,4320,82859,58,296781
14150,0.000779,172.31.46.0-255,66,82925,58,296781
14151,0.000784,74.125.200.0-255,5738,88663,58,296781
14152,0.000787,172.31.46.0-255,66,88729,58,296781
14153,0.000827,74.125.200.0-255,2902,91631,58,296781
14154,0.00083,172.31.46.0-255,66,91697,58,296781
14155,0.000855,172.31.46.0-255,66,91763,58,296781
14156,0.000922,172.31.46.0-255,66,91829,58,296781
14157,0.000933,74.125.200.0-255,1484,93313,58,296781
14158,0.00094,74.125.200.0-255,1484,94797,58,296781
14159,0.000942,172.31.46.0-255,66,94863,58,296781
14160,0.000964,74.125.200.0-255,1484,96347,58,296781
14161,0.000968,74.125.200.0-255,2902,99249,58,296781
14162,0.000971,172.31.46.0-255,66,99315,58,296781
14163,0.000995,74.125.200.0-255,2902,102217,58,296781
14164,0.000998,172.31.46.0-255,66,102283,58,296781
14165,0.001001,74.125.200.0-255,1484,103767,58,296781
14166,0.001026,74.125.200.0-255,5738,109505,58,296781
14167,0.001029,172.31.46.0-255,66,109571,58,296781
14168,0.001052,172.31.46.0-255,66,109637,58,296781
14169,0.001085,172.31.46.0-255,66,109703,58,296781
14170,0.001182,74.125.200.0-255,1484,111187,58,296781
14171,0.001202,74.125.200.0-255,2902,114089,58,296781
14172,0.001205,172.31.46.0-255,66,114155,58,296781
14173,0.00121,74.125.200.0-255,2902,117057,58,296781
14174,0.001213,172.31.46.0-255,66,117123,58,296781
14175,0.001245,74.125.200.0-255,2902,120025,58,296781
14176,0.001248,172.31.46.0-255,66,120091,58,296781
14177,0.001255,74.125.200.0-255,7156,127247,58,296781
14178,0.001257,172.31.46.0-255,66,127313,58,296781
14179,0.001284,74.125.200.0-255,4320,131633,58,296781
14180,0.001286,172.31.46.0-255,66,131699,58,296781
14181,0.001317,74.125.200.0-255,5738,137437,58,296781
14182,0.00132,172.31.46.0-255,66,137503,58,296781
14183,0.001326,74.125.200.0-255,4320,141823,58,296781
14184,0.001329,172.31.46.0-255,66,141889,58,296781
14185,0.001353,74.125.200.0-255,1484,143373,58,296781
14186,0.001375,74.125.200.0-255,766,144139,58,296781
14187,0.001378,172.31.46.0-255,66,144205,58,296781
14188,0.001513,74.125.200.0-255,1484,145689,58,296781
14189,0.001529,74.125.200.0-255,2902,148591,58,296781
14190,0.001533,172.31.46.0-255,66,148657,58,296781
14191,0.001581,74.125.200.0-255,4320,152977,58,296781
14192,0.001585,172.31.46.0-255,66,153043,58,296781
14193,0.001624,74.125.200.0-255,5738,158781,58,296781
14194,0.001628,172.31.46.0-255,66,158847,58,296781
14195,0.001662,74.125.200.0-255,7156,166003,58,296781
14196,0.001665,172.31.46.0-255,66,166069,58,296781
14197,0.00171,172.31.46.0-255,66,166135,58,296781
14198,0.001715,74.125.200.0-255,4320,170455,58,296781
14199,0.001717,172.31.46.0-255,66,170521,58,296781
14200,0.001752,172.31.46.0-255,66,170587,58,296781
14201,0.001794,172.31.46.0-255,66,170653,58,296781
14202,0.00181,74.125.200.0-255,6438,177091,58,296781
14203,0.001812,172.31.46.0-255,66,177157,58,296781
14204,0.00188,74.125.200.0-255,1484,178641,58,296781
14205,0.001896,74.125.200.0-255,2902,181543,58,296781
14206,0.0019,172.31.46.0-255,66,181609,58,296781
14207,0.001903,74.125.200.0-255,1484,183093,58,296781
14208,0.001931,74.125.200.0-255,4320,187413,58,296781
14209,0.001934,172.31.46.0-255,66,187479,58,296781
14210,0.001937,74.125.200.0-255,1484,188963,58,296781
14211,0.001965,74.125.200.0-255,5738,194701,58,296781
14212,0.001968,172.31.46.0-255,66,194767,58,296781
14213,0.002023,74.125.200.0-255,7156,201923,58,296781
14214,0.002027,172.31.46.0-255,66,201989,58,296781
14215,0.002043,172.31.46.0-255,66,202055,58,296781
14216,0.002045,74.125.200.0-255,766,202821,58,296781
14217,0.002083,74.125.200.0-255,1484,204305,58,296781
14218,0.002086,172.31.46.0-255,66,204371,58,296781
14219,0.002091,74.125.200.0-255,2902,207273,58,296781
14220,0.002093,172.31.46.0-255,66,207339,58,296781
14221,0.002167,74.125.200.0-255,5738,213077,58,296781
14222,0.00217,172.31.46.0-255,66,213143,58,296781
14223,0.002176,74.125.200.0-255,5738,218881,58,296781
14224,0.002179,172.31.46.0-255,66,218947,58,296781
14225,0.002186,74.125.200.0-255,7156,226103,58,296781
14226,0.002189,172.31.46.0-255,66,226169,58,296781
14227,0.002201,172.31.46.0-255,66,226235,58,296781
14228,0.002225,74.125.200.0-255,2184,228419,58,296781
14229,0.002228,172.31.46.0-255,66,228485,58,296781
14230,0.002269,74.125.200.0-255,2902,231387,58,296781
14231,0.002272,74.125.200.0-255,1484,232871,58,296781
14232,0.002276,74.125.200.0-255,2902,235773,58,296781
14233,0.002282,74.125.200.0-255,5738,241511,58,296781
14234,0.002286,74.125.200.0-255,2902,244413,58,296781
14235,0.008416,172.31.46.0-255,66,244479,58,296781
14236,0.010683,74.125.200.0-255,5738,250217,58,296781
14237,0.010691,172.31.46.0-255,66,250283,58,296781
14238,0.012958,74.125.200.0-255,5738,256021,58,296781
14239,0.012965,172.31.46.0-255,66,256087,58,296781
14240,0.015223,74.125.200.0-255,5738,261825,58,296781
14241,0.015231,172.31.46.0-255,66,261891,58,296781
14242,0.017495,74.125.200.0-255,5738,267629,58,296781
14243,0.017502,172.31.46.0-255,66,267695,58,296781
14244,0.019766,74.125.200.0-255,5738,273433,58,296781
14245,0.019774,172.31.46.0-255,66,273499,58,296781
14246,0.022042,74.125.200.0-255,5738,279237,58,296781
14247,0.02205,172.31.46.0-255,66,279303,58,296781
14248,0.024308,74.125.200.0-255,5738,285041,58,296781
14249,0.024314,172.31.46.0-255,66,285107,58,296781
14250,0.026587,74.125.200.0-255,5738,290845,58,296781
14251,0.026595,172.31.46.0-255,66,290911,58,296781
14252,0.028847,74.125.200.0-255,4320,295231,58,296781
14253,0.028853,172.31.46.0-255,66,295297,58,296781
14254,0.02888,74.125.200.0-255,1484,296781,58,296781
14255,0.0,74.125.200.0-255,153,153,58,184054
14256,2.5e-05,172.31.46.0-255,66,219,58,184054
14257,3.3e-05,74.125.200.0-255,1484,1703,58,184054
14258,3.7e-05,172.31.46.0-255,66,1769,58,184054
14259,5.4e-05,74.125.200.0-255,2902,4671,58,184054
14260,5.7e-05,172.31.46.0-255,66,4737,58,184054
14261,7.6e-05,74.125.200.0-255,2902,7639,58,184054
14262,7.8e-05,172.31.46.0-255,66,7705,58,184054
14263,9.9e-05,74.125.200.0-255,2902,10607,58,184054
14264,0.000102,172.31.46.0-255,66,10673,58,184054
14265,0.00014,74.125.200.0-255,1484,12157,58,184054
14266,0.000142,172.31.46.0-255,66,12223,58,184054
14267,0.000163,74.125.200.0-255,4838,17061,58,184054
14268,0.000166,172.31.46.0-255,66,17127,58,184054
14269,0.000226,74.125.200.0-255,5738,22865,58,184054
14270,0.00023,172.31.46.0-255,66,22931,58,184054
14271,0.000243,74.125.200.0-255,1484,24415,58,184054
14272,0.000245,172.31.46.0-255,66,24481,58,184054
14273,0.000313,74.125.200.0-255,6797,31278,58,184054
14274,0.000317,172.31.46.0-255,66,31344,58,184054
14275,0.000406,74.125.200.0-255,2902,34246,58,184054
14276,0.000409,172.31.46.0-255,66,34312,58,184054
14277,0.000427,74.125.200.0-255,1484,35796,58,184054
14278,0.000429,172.31.46.0-255,66,35862,58,184054
14279,0.000463,74.125.200.0-255,1484,37346,58,184054
14280,0.000466,172.31.46.0-255,66,37412,58,184054
14281,0.000494,172.31.46.0-255,66,37478,58,184054
14282,0.00063,74.125.200.0-255,7156,44634,58,184054
14283,0.000635,172.31.46.0-255,66,44700,58,184054
14284,0.000665,172.31.46.0-255,66,44766,58,184054
14285,0.000806,74.125.200.0-255,108,44874,58,184054
14286,0.000819,74.125.200.0-255,330,45204,58,184054
14287,0.00105,74.125.200.0-255,1484,46688,58,184054
14288,0.001055,172.31.46.0-255,66,46754,58,184054
14289,0.001075,74.125.200.0-255,2902,49656,58,184054
14290,0.001077,172.31.46.0-255,66,49722,58,184054
14291,0.001101,74.125.200.0-255,5738,55460,58,184054
14292,0.001104,172.31.46.0-255,66,55526,58,184054
14293,0.001164,74.125.200.0-255,2902,58428,58,184054
14294,0.001168,172.31.46.0-255,66,58494,58,184054
14295,0.001201,74.125.200.0-255,7156,65650,58,184054
14296,0.001204,172.31.46.0-255,66,65716,58,184054
14297,0.001295,74.125.200.0-255,5738,71454,58,184054
14298,0.001298,172.31.46.0-255,66,71520,58,184054
14299,0.001317,74.125.200.0-255,5738,77258,58,184054
14300,0.001319,172.31.46.0-255,66,77324,58,184054
14301,0.001436,74.125.200.0-255,2184,79508,58,184054
14302,0.001442,172.31.46.0-255,66,79574,58,184054
14303,0.001469,172.31.46.0-255,66,79640,58,184054
14304,0.001598,74.125.200.0-255,7156,86796,58,184054
14305,0.001602,172.31.46.0-255,66,86862,58,184054
14306,0.001623,74.125.200.0-255,7156,94018,58,184054
14307,0.001627,172.31.46.0-255,66,94084,58,184054
14308,0.001772,74.125.200.0-255,1484,95568,58,184054
14309,0.001807,172.31.46.0-255,66,95634,58,184054
14310,0.002006,74.125.200.0-255,1484,97118,58,184054
14311,0.00201,74.125.200.0-255,1484,98602,58,184054
14312,0.002013,172.31.46.0-255,66,98668,58,184054
14313,0.002026,74.125.200.0-255,1484,100152,58,184054
14314,0.00204,74.125.200.0-255,1484,101636,58,184054
14315,0.002042,172.31.46.0-255,66,101702,58,184054
14316,0.002046,74.125.200.0-255,1484,103186,58,184054
14317,0.002063,74.125.200.0-255,4320,107506,58,184054
14318,0.002066,172.31.46.0-255,66,107572,58,184054
14319,0.002122,74.125.200.0-255,5738,113310,58,184054
14320,0.002125,172.31.46.0-255,66,113376,58,184054
14321,0.002146,74.125.200.0-255,4320,117696,58,184054
14322,0.002148,172.31.46.0-255,66,117762,58,184054
14323,0.002265,172.31.46.0-255,66,117828,58,184054
14324,0.002283,74.125.200.0-255,3602,121430,58,184054
14325,0.002286,172.31.46.0-255,66,121496,58,184054
14326,0.004553,74.125.200.0-255,1484,122980,58,184054
14327,0.004584,74.125.200.0-255,4320,127300,58,184054
14328,0.004591,172.31.46.0-255,66,127366,58,184054
14329,0.006915,74.125.200.0-255,5738,133104,58,184054
14330,0.006922,172.31.46.0-255,66,133170,58,184054
14331,0.009216,74.125.200.0-255,4320,137490,58,184054
14332,0.009222,172.31.46.0-255,66,137556,58,184054
14333,0.009236,74.125.200.0-255,1484,139040,58,184054
14334,0.01153,74.125.200.0-255,4320,143360,58,184054
14335,0.011546,172.31.46.0-255,66,143426,58,184054
14336,0.013857,74.125.200.0-255,5738,149164,58,184054
14337,0.013875,172.31.46.0-255,66,149230,58,184054
14338,0.01617,74.125.200.0-255,5738,154968,58,184054
14339,0.016186,172.31.46.0-255,66,155034,58,184054
14340,0.018516,74.125.200.0-255,5738,160772,58,184054
14341,0.018535,172.31.46.0-255,66,160838,58,184054
14342,0.020843,74.125.200.0-255,5738,166576,58,184054
14343,0.020858,172.31.46.0-255,66,166642,58,184054
14344,0.023169,74.125.200.0-255,5738,172380,58,184054
14345,0.023184,172.31.46.0-255,66,172446,58,184054
14346,0.025486,74.125.200.0-255,5738,178184,58,184054
14347,0.025501,172.31.46.0-255,66,178250,58,184054
14348,0.027807,74.125.200.0-255,5738,183988,58,184054
14349,0.027824,172.31.46.0-255,66,184054,58,184054
14350,0.0,74.125.24.0-255,156,156,58,311051
14351,2.6e-05,172.31.46.0-255,66,222,58,311051
14352,3.3e-05,74.125.24.0-255,1484,1706,58,311051
14353,3.7e-05,172.31.46.0-255,66,1772,58,311051
14354,4.3e-05,74.125.24.0-255,2902,4674,58,311051
14355,4.7e-05,172.31.46.0-255,66,4740,58,311051
14356,5.5e-05,74.125.24.0-255,7156,11896,58,311051
14357,5.9e-05,172.31.46.0-255,66,11962,58,311051
14358,6.3e-05,74.125.24.0-255,1939,13901,58,311051
14359,6.6e-05,172.31.46.0-255,66,13967,58,311051
14360,0.000226,74.125.24.0-255,1484,15451,58,311051
14361,0.00023,172.31.46.0-255,66,15517,58,311051
14362,0.000236,74.125.24.0-255,2902,18419,58,311051
14363,0.000238,172.31.46.0-255,66,18485,58,311051
14364,0.000244,74.125.24.0-255,4320,22805,58,311051
14365,0.000246,172.31.46.0-255,66,22871,58,311051
14366,0.000266,74.125.24.0-255,1484,24355,58,311051
14367,0.000268,172.31.46.0-255,66,24421,58,311051
14368,0.000274,74.125.24.0-255,4320,28741,58,311051
14369,0.000276,172.31.46.0-255,66,28807,58,311051
14370,0.000299,74.125.24.0-255,2543,31350,58,311051
14371,0.000301,172.31.46.0-255,66,31416,58,311051
14372,0.00039,74.125.24.0-255,1484,32900,58,311051
14373,0.000394,172.31.46.0-255,66,32966,58,311051
14374,0.000408,74.125.24.0-255,2902,35868,58,311051
14375,0.000411,172.31.46.0-255,66,35934,58,311051
14376,0.000416,74.125.24.0-255,2902,38836,58,311051
14377,0.000418,172.31.46.0-255,66,38902,58,311051
14378,0.000434,74.125.24.0-255,2902,41804,58,311051
14379,0.000436,172.31.46.0-255,66,41870,58,311051
14380,0.000495,172.31.46.0-255,66,41936,58,311051
14381,0.000512,74.125.24.0-255,1484,43420,58,311051
14382,0.000549,74.125.24.0-255,362,43782,58,311051
14383,0.000628,172.31.46.0-255,66,43848,58,311051
14384,0.000664,74.125.24.0-255,130,43978,58,311051
14385,0.000811,74.125.24.0-255,1484,45462,58,311051
14386,0.000823,172.31.46.0-255,66,45528,58,311051
14387,0.000829,74.125.24.0-255,2902,48430,58,311051
14388,0.000831,74.125.24.0-255,1484,49914,58,311051
14389,0.000845,74.125.24.0-255,4320,54234,58,311051
14390,0.000848,172.31.46.0-255,66,54300,58,311051
14391,0.000857,74.125.24.0-255,1484,55784,58,311051
14392,0.000875,74.125.24.0-255,5379,61163,58,311051
14393,0.000892,172.31.46.0-255,66,61229,58,311051
14394,0.00091,74.125.24.0-255,1484,62713,58,311051
14395,0.000915,74.125.24.0-255,2902,65615,58,311051
14396,0.000924,172.31.46.0-255,66,65681,58,311051
14397,0.000948,74.125.24.0-255,5738,71419,58,311051
14398,0.000953,172.31.46.0-255,66,71485,58,311051
14399,0.000964,74.125.24.0-255,6797,78282,58,311051
14400,0.00099,172.31.46.0-255,66,78348,58,311051
14401,0.002253,74.125.24.0-255,1484,79832,58,311051
14402,0.002273,74.125.24.0-255,2902,82734,58,311051
14403,0.002283,172.31.46.0-255,66,82800,58,311051
14404,0.002293,74.125.24.0-255,5738,88538,58,311051
14405,0.002317,74.125.24.0-255,7156,95694,58,311051
14406,0.00232,74.125.24.0-255,1484,97178,58,311051
14407,0.002324,74.125.24.0-255,1484,98662,58,311051
14408,0.00233,74.125.24.0-255,7156,105818,58,311051
14409,0.002333,74.125.24.0-255,1484,107302,58,311051
14410,0.002337,74.125.24.0-255,2902,110204,58,311051
14411,0.002366,74.125.24.0-255,2184,112388,58,311051
14412,0.002657,74.125.24.0-255,1484,113872,58,311051
14413,0.002665,74.125.24.0-255,2902,116774,58,311051
14414,0.002685,74.125.24.0-255,5738,122512,58,311051
14415,0.002701,74.125.24.0-255,4320,126832,58,311051
14416,0.002724,74.125.24.0-255,4320,131152,58,311051
14417,0.00273,74.125.24.0-255,4320,135472,58,311051
14418,0.002745,74.125.24.0-255,1484,136956,58,311051
14419,0.002747,74.125.24.0-255,766,137722,58,311051
14420,0.00301,74.125.24.0-255,1484,139206,58,311051
14421,0.003016,74.125.24.0-255,2902,142108,58,311051
14422,0.003035,74.125.24.0-255,5738,147846,58,311051
14423,0.003038,74.125.24.0-255,1484,149330,58,311051
14424,0.003063,74.125.24.0-255,7156,156486,58,311051
14425,0.003083,74.125.24.0-255,5738,162224,58,311051
14426,0.003092,74.125.24.0-255,7156,169380,58,311051
14427,0.003105,74.125.24.0-255,2184,171564,58,311051
14428,0.003143,74.125.24.0-255,1484,173048,58,311051
14429,0.003147,74.125.24.0-255,2902,175950,58,311051
14430,0.003151,74.125.24.0-255,2902,178852,58,311051
14431,0.003177,74.125.24.0-255,2902,181754,58,311051
14432,0.003192,74.125.24.0-255,4320,186074,58,311051
14433,0.00321,74.125.24.0-255,2902,188976,58,311051
14434,0.003213,74.125.24.0-255,1484,190460,58,311051
14435,0.003236,74.125.24.0-255,5738,196198,58,311051
14436,0.003244,74.125.24.0-255,7156,203354,58,311051
14437,0.003246,74.125.24.0-255,1484,204838,58,311051
14438,0.003249,74.125.24.0-255,766,205604,58,311051
14439,0.003305,74.125.24.0-255,5738,211342,58,311051
14440,0.003311,74.125.24.0-255,4320,215662,58,311051
14441,0.003314,74.125.24.0-255,1484,217146,58,311051
14442,0.003339,74.125.24.0-255,7156,224302,58,311051
14443,0.003351,74.125.24.0-255,2902,227204,58,311051
14444,0.003355,74.125.24.0-255,1484,228688,58,311051
14445,0.003395,74.125.24.0-255,2184,230872,58,311051
14446,0.003454,74.125.24.0-255,1484,232356,58,311051
14447,0.003469,74.125.24.0-255,2902,235258,58,311051
14448,0.003485,74.125.24.0-255,4320,239578,58,311051
14449,0.003495,74.125.24.0-255,1484,241062,58,311051
14450,0.003501,74.125.24.0-255,2902,243964,58,311051
14451,0.003557,74.125.24.0-255,5738,249702,58,311051
14452,0.003579,74.125.24.0-255,5020,254722,58,311051
14453,0.0036,74.125.24.0-255,2902,257624,58,311051
14454,0.003613,74.125.24.0-255,4320,261944,58,311051
14455,0.003627,74.125.24.0-255,4320,266264,58,311051
14456,0.00364,74.125.24.0-255,1484,267748,58,311051
14457,0.003655,74.125.24.0-255,5738,273486,58,311051
14458,0.003685,74.125.24.0-255,5738,279224,58,311051
14459,0.003691,74.125.24.0-255,5738,284962,58,311051
14460,0.003713,74.125.24.0-255,3602,288564,58,311051
14461,0.003771,74.125.24.0-255,1484,290048,58,311051
14462,0.003776,74.125.24.0-255,2902,292950,58,311051
14463,0.003781,74.125.24.0-255,5738,298688,58,311051
14464,0.003786,74.125.24.0-255,4320,303008,58,311051
14465,0.003898,74.125.24.0-255,2902,305910,58,311051
14466,0.003904,74.125.24.0-255,4799,310709,58,311051
14467,0.003925,74.125.24.0-255,105,310814,58,311051
14468,0.00739,172.31.46.0-255,66,310880,58,311051
14469,0.009864,172.31.46.0-255,105,310985,58,311051
14470,0.01213,74.125.24.0-255,66,311051,58,311051
14471,0.0,74.125.200.0-255,152,152,58,189162
14472,2.2e-05,172.31.46.0-255,66,218,58,189162
14473,4.9e-05,74.125.200.0-255,1484,1702,58,189162
14474,5.4e-05,172.31.46.0-255,66,1768,58,189162
14475,6.1e-05,74.125.200.0-255,2902,4670,58,189162
14476,6.6e-05,172.31.46.0-255,66,4736,58,189162
14477,7e-05,74.125.200.0-255,2902,7638,58,189162
14478,7.4e-05,172.31.46.0-255,66,7704,58,189162
14479,8.9e-05,74.125.200.0-255,4320,12024,58,189162
14480,9.7e-05,172.31.46.0-255,66,12090,58,189162
14481,0.000101,74.125.200.0-255,2106,14196,58,189162
14482,0.000104,172.31.46.0-255,66,14262,58,189162
14483,0.000191,74.125.200.0-255,1484,15746,58,189162
14484,0.000195,172.31.46.0-255,66,15812,58,189162
14485,0.0002,74.125.200.0-255,2902,18714,58,189162
14486,0.000203,172.31.46.0-255,66,18780,58,189162
14487,0.00023,74.125.200.0-255,2902,21682,58,189162
14488,0.000233,172.31.46.0-255,66,21748,58,189162
14489,0.000238,74.125.200.0-255,2902,24650,58,189162
14490,0.00024,172.31.46.0-255,66,24716,58,189162
14491,0.000266,74.125.200.0-255,1484,26200,58,189162
14492,0.000269,172.31.46.0-255,66,26266,58,189162
14493,0.000302,74.125.200.0-255,5379,31645,58,189162
14494,0.000305,172.31.46.0-255,66,31711,58,189162
14495,0.000312,74.125.200.0-255,5738,37449,58,189162
14496,0.000314,172.31.46.0-255,66,37515,58,189162
14497,0.000346,74.125.200.0-255,7156,44671,58,189162
14498,0.000349,172.31.46.0-255,66,44737,58,189162
14499,0.000386,74.125.200.0-255,5738,50475,58,189162
14500,0.000389,172.31.46.0-255,66,50541,58,189162
14501,0.000409,172.31.46.0-255,66,50607,58,189162
14502,0.000412,74.125.200.0-255,1061,51668,58,189162
14503,0.000475,74.125.200.0-255,131,51799,58,189162
14504,0.000479,74.125.200.0-255,347,52146,58,189162
14505,0.000809,74.125.200.0-255,1484,53630,58,189162
14506,0.000816,172.31.46.0-255,66,53696,58,189162
14507,0.000823,74.125.200.0-255,2902,56598,58,189162
14508,0.000826,172.31.46.0-255,66,56664,58,189162
14509,0.000837,74.125.200.0-255,5738,62402,58,189162
14510,0.00084,172.31.46.0-255,66,62468,58,189162
14511,0.000845,74.125.200.0-255,2902,65370,58,189162
14512,0.000848,172.31.46.0-255,66,65436,58,189162
14513,0.000869,74.125.200.0-255,2902,68338,58,189162
14514,0.000876,172.31.46.0-255,66,68404,58,189162
14515,0.000889,74.125.200.0-255,1484,69888,58,189162
14516,0.000901,74.125.200.0-255,7156,77044,58,189162
14517,0.000904,172.31.46.0-255,66,77110,58,189162
14518,0.000937,74.125.200.0-255,1484,78594,58,189162
14519,0.000941,74.125.200.0-255,2902,81496,58,189162
14520,0.000944,172.31.46.0-255,66,81562,58,189162
14521,0.000975,74.125.200.0-255,4472,86034,58,189162
14522,0.000979,172.31.46.0-255,66,86100,58,189162
14523,0.001264,74.125.200.0-255,1484,87584,58,189162
14524,0.00127,74.125.200.0-255,2902,90486,58,189162
14525,0.001274,172.31.46.0-255,66,90552,58,189162
14526,0.001303,74.125.200.0-255,5738,96290,58,189162
14527,0.001306,172.31.46.0-255,66,96356,58,189162
14528,0.001309,74.125.200.0-255,1484,97840,58,189162
14529,0.001338,74.125.200.0-255,2902,100742,58,189162
14530,0.001345,74.125.200.0-255,5738,106480,58,189162
14531,0.001349,172.31.46.0-255,66,106546,58,189162
14532,0.001356,172.31.46.0-255,66,106612,58,189162
14533,0.001385,74.125.200.0-255,5738,112350,58,189162
14534,0.001388,172.31.46.0-255,66,112416,58,189162
14535,0.001413,74.125.200.0-255,1484,113900,58,189162
14536,0.001416,74.125.200.0-255,1484,115384,58,189162
14537,0.001419,172.31.46.0-255,66,115450,58,189162
14538,0.001448,74.125.200.0-255,5020,120470,58,189162
14539,0.001452,172.31.46.0-255,66,120536,58,189162
14540,0.002309,74.125.200.0-255,1484,122020,58,189162
14541,0.002319,74.125.200.0-255,2902,124922,58,189162
14542,0.002323,172.31.46.0-255,66,124988,58,189162
14543,0.002329,74.125.200.0-255,2902,127890,58,189162
14544,0.002331,172.31.46.0-255,66,127956,58,189162
14545,0.002348,74.125.200.0-255,1484,129440,58,189162
14546,0.004619,74.125.200.0-255,2902,132342,58,189162
14547,0.004626,172.31.46.0-255,66,132408,58,189162
14548,0.00465,74.125.200.0-255,1484,133892,58,189162
14549,0.006915,74.125.200.0-255,4320,138212,58,189162
14550,0.00692,172.31.46.0-255,66,138278,58,189162
14551,0.009217,74.125.200.0-255,5738,144016,58,189162
14552,0.009225,172.31.46.0-255,66,144082,58,189162
14553,0.01154,74.125.200.0-255,5738,149820,58,189162
14554,0.011549,172.31.46.0-255,66,149886,58,189162
14555,0.013845,74.125.200.0-255,5738,155624,58,189162
14556,0.013854,172.31.46.0-255,66,155690,58,189162
14557,0.016153,74.125.200.0-255,5738,161428,58,189162
14558,0.016163,172.31.46.0-255,66,161494,58,189162
14559,0.018453,74.125.200.0-255,5738,167232,58,189162
14560,0.018462,172.31.46.0-255,66,167298,58,189162
14561,0.020755,74.125.200.0-255,5738,173036,58,189162
14562,0.020763,172.31.46.0-255,66,173102,58,189162
14563,0.023084,74.125.200.0-255,5738,178840,58,189162
14564,0.023092,172.31.46.0-255,66,178906,58,189162
14565,0.025384,74.125.200.0-255,4320,183226,58,189162
14566,0.025392,172.31.46.0-255,66,183292,58,189162
14567,0.025418,74.125.200.0-255,1484,184776,58,189162
14568,0.027693,74.125.200.0-255,4320,189096,58,189162
14569,0.027708,172.31.46.0-255,66,189162,58,189162
14570,0.0,172.31.46.0-255,105,105,58,276
14571,0.001793,157.240.13.0-255,105,210,58,276
14572,0.001807,172.31.46.0-255,66,276,58,276
14573,0.0,74.125.68.0-255,152,152,58,308221
14574,3.3e-05,172.31.46.0-255,66,218,58,308221
14575,4e-05,74.125.68.0-255,1484,1702,58,308221
14576,4.4e-05,172.31.46.0-255,66,1768,58,308221
14577,5e-05,74.125.68.0-255,2902,4670,58,308221
14578,5.2e-05,172.31.46.0-255,66,4736,58,308221
14579,5.5e-05,74.125.68.0-255,1484,6220,58,308221
14580,5.7e-05,172.31.46.0-255,66,6286,58,308221
14581,7.2e-05,74.125.68.0-255,2902,9188,58,308221
14582,7.5e-05,172.31.46.0-255,66,9254,58,308221
14583,0.000111,74.125.68.0-255,4880,14134,58,308221
14584,0.000114,172.31.46.0-255,66,14200,58,308221
14585,0.000534,74.125.68.0-255,1484,15684,58,308221
14586,0.000541,172.31.46.0-255,66,15750,58,308221
14587,0.000551,74.125.68.0-255,2902,18652,58,308221
14588,0.000554,172.31.46.0-255,66,18718,58,308221
14589,0.000557,74.125.68.0-255,1484,20202,58,308221
14590,0.000559,172.31.46.0-255,66,20268,58,308221
14591,0.000564,74.125.68.0-255,2902,23170,58,308221
14592,0.000566,172.31.46.0-255,66,23236,58,308221
14593,0.00057,74.125.68.0-255,1484,24720,58,308221
14594,0.000572,172.31.46.0-255,66,24786,58,308221
14595,0.000605,74.125.68.0-255,4320,29106,58,308221
14596,0.000609,172.31.46.0-255,66,29172,58,308221
14597,0.000615,74.125.68.0-255,3961,33133,58,308221
14598,0.000617,172.31.46.0-255,66,33199,58,308221
14599,0.000622,74.125.68.0-255,4320,37519,58,308221
14600,0.000625,172.31.46.0-255,66,37585,58,308221
14601,0.000703,172.31.46.0-255,66,37651,58,308221
14602,0.000728,74.125.68.0-255,1484,39135,58,308221
14603,0.000732,172.31.46.0-255,66,39201,58,308221
14604,0.00078,172.31.46.0-255,66,39267,58,308221
14605,0.000881,74.125.68.0-255,646,39913,58,308221
14606,0.001041,74.125.68.0-255,1484,41397,58,308221
14607,0.001048,172.31.46.0-255,66,41463,58,308221
14608,0.001054,74.125.68.0-255,2902,44365,58,308221
14609,0.001057,74.125.68.0-255,1484,45849,58,308221
14610,0.001072,74.125.68.0-255,2902,48751,58,308221
14611,0.001078,172.31.46.0-255,66,48817,58,308221
14612,0.001088,74.125.68.0-255,2902,51719,58,308221
14613,0.001116,74.125.68.0-255,5738,57457,58,308221
14614,0.001127,74.125.68.0-255,5738,63195,58,308221
14615,0.001134,74.125.68.0-255,7156,70351,58,308221
14616,0.001148,172.31.46.0-255,66,70417,58,308221
14617,0.001152,74.125.68.0-255,1484,71901,58,308221
14618,0.001171,74.125.68.0-255,2184,74085,58,308221
14619,0.001189,172.31.46.0-255,66,74151,58,308221
14620,0.001212,74.125.68.0-255,2902,77053,58,308221
14621,0.001219,74.125.68.0-255,4320,81373,58,308221
14622,0.001238,172.31.46.0-255,66,81439,58,308221
14623,0.001249,74.125.68.0-255,5738,87177,58,308221
14624,0.001262,74.125.68.0-255,2902,90079,58,308221
14625,0.001267,74.125.68.0-255,4320,94399,58,308221
14626,0.001285,172.31.46.0-255,66,94465,58,308221
14627,0.001317,74.125.68.0-255,1484,95949,58,308221
14628,0.001352,74.125.68.0-255,3602,99551,58,308221
14629,0.001361,172.31.46.0-255,66,99617,58,308221
14630,0.001403,74.125.68.0-255,1484,101101,58,308221
14631,0.001408,74.125.68.0-255,2902,104003,58,308221
14632,0.001414,74.125.68.0-255,5738,109741,58,308221
14633,0.001417,74.125.68.0-255,1484,111225,58,308221
14634,0.00142,74.125.68.0-255,2902,114127,58,308221
14635,0.001432,172.31.46.0-255,66,114193,58,308221
14636,0.001445,74.125.68.0-255,5738,119931,58,308221
14637,0.001462,74.125.68.0-255,1484,121415,58,308221
14638,0.00147,172.31.46.0-255,66,121481,58,308221
14639,0.001493,172.31.46.0-255,66,121547,58,308221
14640,0.001526,74.125.68.0-255,3602,125149,58,308221
14641,0.001544,172.31.46.0-255,66,125215,58,308221
14642,0.00162,74.125.68.0-255,1484,126699,58,308221
14643,0.001642,74.125.68.0-255,2902,129601,58,308221
14644,0.001658,74.125.68.0-255,4320,133921,58,308221
14645,0.001664,172.31.46.0-255,66,133987,58,308221
14646,0.001671,74.125.68.0-255,1484,135471,58,308221
14647,0.001674,74.125.68.0-255,2902,138373,58,308221
14648,0.001683,172.31.46.0-255,66,138439,58,308221
14649,0.001686,74.125.68.0-255,1484,139923,58,308221
14650,0.001704,74.125.68.0-255,2902,142825,58,308221
14651,0.001756,74.125.68.0-255,7156,149981,58,308221
14652,0.001766,74.125.68.0-255,1484,151465,58,308221
14653,0.001791,172.31.46.0-255,66,151531,58,308221
14654,0.001932,74.125.68.0-255,1484,153015,58,308221
14655,0.001945,74.125.68.0-255,2902,155917,58,308221
14656,0.00195,172.31.46.0-255,66,155983,58,308221
14657,0.001959,74.125.68.0-255,2902,158885,58,308221
14658,0.001974,74.125.68.0-255,2902,161787,58,308221
14659,0.001977,74.125.68.0-255,2902,164689,58,308221
14660,0.00198,74.125.68.0-255,1484,166173,58,308221
14661,0.001988,172.31.46.0-255,66,166239,58,308221
14662,0.001996,74.125.68.0-255,2902,169141,58,308221
14663,0.002001,172.31.46.0-255,66,169207,58,308221
14664,0.002012,74.125.68.0-255,5738,174945,58,308221
14665,0.002024,74.125.68.0-255,2902,177847,58,308221
14666,0.002029,74.125.68.0-255,4320,182167,58,308221
14667,0.002046,172.31.46.0-255,66,182233,58,308221
14668,0.002063,74.125.68.0-255,1484,183717,58,308221
14669,0.002082,74.125.68.0-255,3602,187319,58,308221
14670,0.002089,74.125.68.0-255,5738,193057,58,308221
14671,0.002105,172.31.46.0-255,66,193123,58,308221
14672,0.002123,74.125.68.0-255,4320,197443,58,308221
14673,0.00213,172.31.46.0-255,66,197509,58,308221
14674,0.00216,74.125.68.0-255,4320,201829,58,308221
14675,0.002191,74.125.68.0-255,7156,208985,58,308221
14676,0.002202,74.125.68.0-255,2184,211169,58,308221
14677,0.002214,74.125.68.0-255,2902,214071,58,308221
14678,0.002237,74.125.68.0-255,7156,221227,58,308221
14679,0.002242,74.125.68.0-255,4320,225547,58,308221
14680,0.002244,74.125.68.0-255,1484,227031,58,308221
14681,0.002258,74.125.68.0-255,4320,231351,58,308221
14682,0.002277,74.125.68.0-255,7156,238507,58,308221
14683,0.002582,172.31.46.0-255,66,238573,58,308221
14684,0.004822,74.125.68.0-255,5738,244311,58,308221
14685,0.004828,172.31.46.0-255,66,244377,58,308221
14686,0.007063,74.125.68.0-255,5738,250115,58,308221
14687,0.007072,172.31.46.0-255,66,250181,58,308221
14688,0.009471,74.125.68.0-255,5738,255919,58,308221
14689,0.009525,172.31.46.0-255,66,255985,58,308221
14690,0.011778,74.125.68.0-255,5738,261723,58,308221
14691,0.011789,172.31.46.0-255,66,261789,58,308221
14692,0.01405,74.125.68.0-255,5738,267527,58,308221
14693,0.014069,172.31.46.0-255,66,267593,58,308221
14694,0.016314,74.125.68.0-255,5738,273331,58,308221
14695,0.016325,172.31.46.0-255,66,273397,58,308221
14696,0.018569,74.125.68.0-255,5738,279135,58,308221
14697,0.018585,172.31.46.0-255,66,279201,58,308221
14698,0.020847,74.125.68.0-255,5738,284939,58,308221
14699,0.020861,172.31.46.0-255,66,285005,58,308221
14700,0.023124,74.125.68.0-255,5738,290743,58,308221
14701,0.023134,172.31.46.0-255,66,290809,58,308221
14702,0.025377,74.125.68.0-255,5738,296547,58,308221
14703,0.025385,172.31.46.0-255,66,296613,58,308221
14704,0.027624,74.125.68.0-255,5738,302351,58,308221
14705,0.027633,172.31.46.0-255,66,302417,58,308221
14706,0.029873,74.125.68.0-255,5738,308155,58,308221
14707,0.029884,172.31.46.0-255,66,308221,58,308221
14708,0.0,74.125.68.0-255,162,162,58,282965
14709,2.5e-05,172.31.46.0-255,66,228,58,282965
14710,3.2e-05,74.125.68.0-255,1484,1712,58,282965
14711,3.7e-05,172.31.46.0-255,66,1778,58,282965
14712,4.3e-05,74.125.68.0-255,2902,4680,58,282965
14713,5.4e-05,172.31.46.0-255,66,4746,58,282965
14714,6e-05,74.125.68.0-255,4320,9066,58,282965
14715,6.3e-05,172.31.46.0-255,66,9132,58,282965
14716,7e-05,74.125.68.0-255,4917,14049,58,282965
14717,7.3e-05,172.31.46.0-255,66,14115,58,282965
14718,9.6e-05,74.125.68.0-255,1484,15599,58,282965
14719,0.000103,172.31.46.0-255,66,15665,58,282965
14720,0.000109,74.125.68.0-255,2902,18567,58,282965
14721,0.000111,172.31.46.0-255,66,18633,58,282965
14722,0.000161,74.125.68.0-255,5738,24371,58,282965
14723,0.000164,172.31.46.0-255,66,24437,58,282965
14724,0.000167,74.125.68.0-255,1484,25921,58,282965
14725,0.000169,172.31.46.0-255,66,25987,58,282965
14726,0.000174,74.125.68.0-255,2902,28889,58,282965
14727,0.000176,172.31.46.0-255,66,28955,58,282965
14728,0.000198,74.125.68.0-255,2543,31498,58,282965
14729,0.000201,172.31.46.0-255,66,31564,58,282965
14730,0.000394,74.125.68.0-255,1484,33048,58,282965
14731,0.0004,172.31.46.0-255,66,33114,58,282965
14732,0.000406,74.125.68.0-255,2902,36016,58,282965
14733,0.000408,172.31.46.0-255,66,36082,58,282965
14734,0.000428,74.125.68.0-255,5738,41820,58,282965
14735,0.000435,172.31.46.0-255,66,41886,58,282965
14736,0.000439,74.125.68.0-255,1484,43370,58,282965
14737,0.00044,172.31.46.0-255,66,43436,58,282965
14738,0.000468,74.125.68.0-255,5379,48815,58,282965
14739,0.000474,172.31.46.0-255,66,48881,58,282965
14740,0.000481,74.125.68.0-255,7156,56037,58,282965
14741,0.000484,172.31.46.0-255,66,56103,58,282965
14742,0.000486,74.125.68.0-255,1484,57587,58,282965
14743,0.000525,172.31.46.0-255,66,57653,58,282965
14744,0.000671,74.125.68.0-255,112,57765,58,282965
14745,0.000806,74.125.68.0-255,1484,59249,58,282965
14746,0.000811,172.31.46.0-255,66,59315,58,282965
14747,0.000817,74.125.68.0-255,2902,62217,58,282965
14748,0.000819,172.31.46.0-255,66,62283,58,282965
14749,0.000849,74.125.68.0-255,4320,66603,58,282965
14750,0.000852,172.31.46.0-255,66,66669,58,282965
14751,0.000877,74.125.68.0-255,1484,68153,58,282965
14752,0.000885,74.125.68.0-255,7156,75309,58,282965
14753,0.000888,172.31.46.0-255,66,75375,58,282965
14754,0.000914,74.125.68.0-255,2902,78277,58,282965
14755,0.000917,172.31.46.0-255,66,78343,58,282965
14756,0.000922,74.125.68.0-255,4320,82663,58,282965
14757,0.000925,172.31.46.0-255,66,82729,58,282965
14758,0.000945,74.125.68.0-255,1484,84213,58,282965
14759,0.000973,74.125.68.0-255,5738,89951,58,282965
14760,0.000976,172.31.46.0-255,66,90017,58,282965
14761,0.001,74.125.68.0-255,2184,92201,58,282965
14762,0.001003,172.31.46.0-255,66,92267,58,282965
14763,0.001125,74.125.68.0-255,1484,93751,58,282965
14764,0.001146,74.125.68.0-255,2902,96653,58,282965
14765,0.001149,172.31.46.0-255,66,96719,58,282965
14766,0.001153,74.125.68.0-255,1484,98203,58,282965
14767,0.001173,74.125.68.0-255,2902,101105,58,282965
14768,0.001176,172.31.46.0-255,66,101171,58,282965
14769,0.001204,74.125.68.0-255,5738,106909,58,282965
14770,0.001207,172.31.46.0-255,66,106975,58,282965
14771,0.00124,74.125.68.0-255,5738,112713,58,282965
14772,0.001243,172.31.46.0-255,66,112779,58,282965
14773,0.001269,74.125.68.0-255,1484,114263,58,282965
14774,0.001275,74.125.68.0-255,2902,117165,58,282965
14775,0.001277,172.31.46.0-255,66,117231,58,282965
14776,0.001283,74.125.68.0-255,4320,121551,58,282965
14777,0.001285,172.31.46.0-255,66,121617,58,282965
14778,0.001323,74.125.68.0-255,5020,126637,58,282965
14779,0.001326,172.31.46.0-255,66,126703,58,282965
14780,0.001669,74.125.68.0-255,1484,128187,58,282965
14781,0.001687,74.125.68.0-255,1484,129671,58,282965
14782,0.001692,172.31.46.0-255,66,129737,58,282965
14783,0.001716,74.125.68.0-255,1484,131221,58,282965
14784,0.001727,74.125.68.0-255,1484,132705,58,282965
14785,0.00173,172.31.46.0-255,66,132771,58,282965
14786,0.001749,74.125.68.0-255,1484,134255,58,282965
14787,0.001756,74.125.68.0-255,4320,138575,58,282965
14788,0.001758,172.31.46.0-255,66,138641,58,282965
14789,0.001761,74.125.68.0-255,1484,140125,58,282965
14790,0.001789,74.125.68.0-255,7156,147281,58,282965
14791,0.001792,172.31.46.0-255,66,147347,58,282965
14792,0.001797,74.125.68.0-255,4320,151667,58,282965
14793,0.0018,172.31.46.0-255,66,151733,58,282965
14794,0.001822,74.125.68.0-255,7156,158889,58,282965
14795,0.001824,172.31.46.0-255,66,158955,58,282965
14796,0.001869,172.31.46.0-255,66,159021,58,282965
14797,0.001888,172.31.46.0-255,66,159087,58,282965
14798,0.001909,74.125.68.0-255,1484,160571,58,282965
14799,0.001917,74.125.68.0-255,5738,166309,58,282965
14800,0.001919,172.31.46.0-255,66,166375,58,282965
14801,0.001954,172.31.46.0-255,66,166441,58,282965
14802,0.001957,74.125.68.0-255,1484,167925,58,282965
14803,0.002015,74.125.68.0-255,2902,170827,58,282965
14804,0.002021,74.125.68.0-255,5738,176565,58,282965
14805,0.002027,74.125.68.0-255,5738,182303,58,282965
14806,0.002033,74.125.68.0-255,5738,188041,58,282965
14807,0.002038,172.31.46.0-255,66,188107,58,282965
14808,0.002041,172.31.46.0-255,66,188173,58,282965
14809,0.002049,172.31.46.0-255,66,188239,58,282965
14810,0.002056,172.31.46.0-255,66,188305,58,282965
14811,0.002059,74.125.68.0-255,1484,189789,58,282965
14812,0.002064,74.125.68.0-255,4320,194109,58,282965
14813,0.002067,172.31.46.0-255,66,194175,58,282965
14814,0.002101,74.125.68.0-255,6438,200613,58,282965
14815,0.002104,172.31.46.0-255,66,200679,58,282965
14816,0.002108,74.125.68.0-255,1484,202163,58,282965
14817,0.002134,74.125.68.0-255,5738,207901,58,282965
14818,0.002137,172.31.46.0-255,66,207967,58,282965
14819,0.002176,172.31.46.0-255,66,208033,58,282965
14820,0.00218,74.125.68.0-255,2902,210935,58,282965
14821,0.002182,172.31.46.0-255,66,211001,58,282965
14822,0.002223,172.31.46.0-255,66,211067,58,282965
14823,0.002227,74.125.68.0-255,2184,213251,58,282965
14824,0.002229,172.31.46.0-255,66,213317,58,282965
14825,0.004456,74.125.68.0-255,5738,219055,58,282965
14826,0.00448,172.31.46.0-255,66,219121,58,282965
14827,0.006702,74.125.68.0-255,5738,224859,58,282965
14828,0.006713,172.31.46.0-255,66,224925,58,282965
14829,0.008931,74.125.68.0-255,5738,230663,58,282965
14830,0.008942,172.31.46.0-255,66,230729,58,282965
14831,0.011167,74.125.68.0-255,5738,236467,58,282965
14832,0.011177,172.31.46.0-255,66,236533,58,282965
14833,0.013406,74.125.68.0-255,5738,242271,58,282965
14834,0.01342,172.31.46.0-255,66,242337,58,282965
14835,0.015672,74.125.68.0-255,5738,248075,58,282965
14836,0.015686,172.31.46.0-255,66,248141,58,282965
14837,0.017937,74.125.68.0-255,5738,253879,58,282965
14838,0.017956,172.31.46.0-255,66,253945,58,282965
14839,0.020204,74.125.68.0-255,5738,259683,58,282965
14840,0.020219,172.31.46.0-255,66,259749,58,282965
14841,0.022457,74.125.68.0-255,5738,265487,58,282965
14842,0.022469,172.31.46.0-255,66,265553,58,282965
14843,0.024699,74.125.68.0-255,5738,271291,58,282965
14844,0.024715,172.31.46.0-255,66,271357,58,282965
14845,0.026957,74.125.68.0-255,5738,277095,58,282965
14846,0.026972,172.31.46.0-255,66,277161,58,282965
14847,0.029203,74.125.68.0-255,5738,282899,58,282965
14848,0.029219,172.31.46.0-255,66,282965,58,282965
14849,0.0,172.217.194.0-255,153,153,58,257945
14850,2.2e-05,172.31.46.0-255,66,219,58,257945
14851,2.8e-05,172.217.194.0-255,1484,1703,58,257945
14852,3.4e-05,172.31.46.0-255,66,1769,58,257945
14853,4.7e-05,172.217.194.0-255,2902,4671,58,257945
14854,5.1e-05,172.31.46.0-255,66,4737,58,257945
14855,5.4e-05,172.217.194.0-255,1484,6221,58,257945
14856,5.7e-05,172.31.46.0-255,66,6287,58,257945
14857,8.9e-05,172.217.194.0-255,5738,12025,58,257945
14858,9.3e-05,172.31.46.0-255,66,12091,58,257945
14859,9.8e-05,172.217.194.0-255,2005,14096,58,257945
14860,0.0001,172.31.46.0-255,66,14162,58,257945
14861,0.000108,172.217.194.0-255,7156,21318,58,257945
14862,0.00011,172.31.46.0-255,66,21384,58,257945
14863,0.000137,172.217.194.0-255,2902,24286,58,257945
14864,0.00014,172.31.46.0-255,66,24352,58,257945
14865,0.000149,172.217.194.0-255,2902,27254,58,257945
14866,0.000151,172.31.46.0-255,66,27320,58,257945
14867,0.00017,172.217.194.0-255,3961,31281,58,257945
14868,0.000179,172.31.46.0-255,66,31347,58,257945
14869,0.000406,172.217.194.0-255,1484,32831,58,257945
14870,0.000411,172.31.46.0-255,66,32897,58,257945
14871,0.000418,172.217.194.0-255,2902,35799,58,257945
14872,0.000421,172.31.46.0-255,66,35865,58,257945
14873,0.000443,172.217.194.0-255,5738,41603,58,257945
14874,0.000445,172.31.46.0-255,66,41669,58,257945
14875,0.00045,172.217.194.0-255,2902,44571,58,257945
14876,0.000454,172.31.46.0-255,66,44637,58,257945
14877,0.000483,172.217.194.0-255,1484,46121,58,257945
14878,0.000486,172.31.46.0-255,66,46187,58,257945
14879,0.000493,172.217.194.0-255,5738,51925,58,257945
14880,0.000495,172.31.46.0-255,66,51991,58,257945
14881,0.000523,172.217.194.0-255,6797,58788,58,257945
14882,0.000531,172.31.46.0-255,66,58854,58,257945
14883,0.000565,172.217.194.0-255,7085,65939,58,257945
14884,0.000568,172.31.46.0-255,66,66005,58,257945
14885,0.000629,172.217.194.0-255,1484,67489,58,257945
14886,0.000669,172.217.194.0-255,2902,70391,58,257945
14887,0.000673,172.31.46.0-255,66,70457,58,257945
14888,0.00068,172.217.194.0-255,5738,76195,58,257945
14889,0.000683,172.31.46.0-255,66,76261,58,257945
14890,0.000699,172.217.194.0-255,1484,77745,58,257945
14891,0.000724,172.217.194.0-255,5657,83402,58,257945
14892,0.000728,172.31.46.0-255,66,83468,58,257945
14893,0.000904,172.217.194.0-255,1484,84952,58,257945
14894,0.000907,172.217.194.0-255,1484,86436,58,257945
14895,0.000917,172.31.46.0-255,66,86502,58,257945
14896,0.000922,172.217.194.0-255,1484,87986,58,257945
14897,0.000948,172.217.194.0-255,5738,93724,58,257945
14898,0.000951,172.31.46.0-255,66,93790,58,257945
14899,0.000971,172.217.194.0-255,6797,100587,58,257945
14900,0.000974,172.31.46.0-255,66,100653,58,257945
14901,0.00112,172.217.194.0-255,1484,102137,58,257945
14902,0.001124,172.217.194.0-255,1484,103621,58,257945
14903,0.001127,172.31.46.0-255,66,103687,58,257945
14904,0.001159,172.217.194.0-255,1484,105171,58,257945
14905,0.001166,172.217.194.0-255,5738,110909,58,257945
14906,0.001169,172.31.46.0-255,66,110975,58,257945
14907,0.001175,172.217.194.0-255,4320,115295,58,257945
14908,0.001177,172.31.46.0-255,66,115361,58,257945
14909,0.001199,172.217.194.0-255,5738,121099,58,257945
14910,0.001216,172.217.194.0-255,2184,123283,58,257945
14911,0.00122,172.31.46.0-255,66,123349,58,257945
14912,0.001224,172.31.46.0-255,66,123415,58,257945
14913,0.001227,172.31.46.0-255,66,123481,58,257945
14914,0.001271,172.217.194.0-255,1484,124965,58,257945
14915,0.001275,172.217.194.0-255,1484,126449,58,257945
14916,0.001278,172.31.46.0-255,66,126515,58,257945
14917,0.001307,172.217.194.0-255,1484,127999,58,257945
14918,0.001314,172.217.194.0-255,5738,133737,58,257945
14919,0.001317,172.31.46.0-255,66,133803,58,257945
14920,0.001328,172.31.46.0-255,66,133869,58,257945
14921,0.001348,172.217.194.0-255,2902,136771,58,257945
14922,0.001353,172.31.46.0-255,66,136837,58,257945
14923,0.001366,172.31.46.0-255,66,136903,58,257945
14924,0.001483,172.217.194.0-255,1484,138387,58,257945
14925,0.001501,172.217.194.0-255,2902,141289,58,257945
14926,0.001504,172.31.46.0-255,66,141355,58,257945
14927,0.001509,172.217.194.0-255,2902,144257,58,257945
14928,0.001512,172.31.46.0-255,66,144323,58,257945
14929,0.001545,172.217.194.0-255,2902,147225,58,257945
14930,0.001547,172.31.46.0-255,66,147291,58,257945
14931,0.001552,172.217.194.0-255,2902,150193,58,257945
14932,0.001554,172.31.46.0-255,66,150259,58,257945
14933,0.001583,172.31.46.0-255,66,150325,58,257945
14934,0.001589,172.217.194.0-255,5738,156063,58,257945
14935,0.001591,172.31.46.0-255,66,156129,58,257945
14936,0.001621,172.217.194.0-255,5020,161149,58,257945
14937,0.001624,172.31.46.0-255,66,161215,58,257945
14938,0.002205,172.217.194.0-255,1484,162699,58,257945
14939,0.002224,172.217.194.0-255,2902,165601,58,257945
14940,0.002228,172.31.46.0-255,66,165667,58,257945
14941,0.002234,172.217.194.0-255,4320,169987,58,257945
14942,0.002237,172.31.46.0-255,66,170053,58,257945
14943,0.002264,172.217.194.0-255,1484,171537,58,257945
14944,0.002271,172.217.194.0-255,7156,178693,58,257945
14945,0.002274,172.31.46.0-255,66,178759,58,257945
14946,0.002307,172.217.194.0-255,5738,184497,58,257945
14947,0.002309,172.31.46.0-255,66,184563,58,257945
14948,0.002315,172.217.194.0-255,5738,190301,58,257945
14949,0.002317,172.31.46.0-255,66,190367,58,257945
14950,0.002339,172.217.194.0-255,5020,195387,58,257945
14951,0.002342,172.31.46.0-255,66,195453,58,257945
14952,0.004682,172.217.194.0-255,5738,201191,58,257945
14953,0.00469,172.31.46.0-255,66,201257,58,257945
14954,0.007037,172.217.194.0-255,5738,206995,58,257945
14955,0.007043,172.31.46.0-255,66,207061,58,257945
14956,0.009536,172.217.194.0-255,5738,212799,58,257945
14957,0.009543,172.31.46.0-255,66,212865,58,257945
14958,0.011853,172.217.194.0-255,5738,218603,58,257945
14959,0.01186,172.31.46.0-255,66,218669,58,257945
14960,0.014192,172.217.194.0-255,4320,222989,58,257945
14961,0.014196,172.31.46.0-255,66,223055,58,257945
14962,0.014222,172.217.194.0-255,1484,224539,58,257945
14963,0.016535,172.217.194.0-255,4320,228859,58,257945
14964,0.016544,172.31.46.0-255,66,228925,58,257945
14965,0.018893,172.217.194.0-255,5738,234663,58,257945
14966,0.018902,172.31.46.0-255,66,234729,58,257945
14967,0.021246,172.217.194.0-255,5738,240467,58,257945
14968,0.02125,172.31.46.0-255,66,240533,58,257945
14969,0.02362,172.217.194.0-255,5738,246271,58,257945
14970,0.023627,172.31.46.0-255,66,246337,58,257945
14971,0.02593,172.217.194.0-255,5738,252075,58,257945
14972,0.025938,172.31.46.0-255,66,252141,58,257945
14973,0.028249,172.217.194.0-255,5738,257879,58,257945
14974,0.028258,172.31.46.0-255,66,257945,58,257945
14975,0.0,74.125.200.0-255,153,153,58,235627
14976,3.1e-05,172.31.46.0-255,66,219,58,235627
14977,3.7e-05,74.125.200.0-255,1484,1703,58,235627
14978,4.1e-05,172.31.46.0-255,66,1769,58,235627
14979,4.6e-05,74.125.200.0-255,2902,4671,58,235627
14980,4.9e-05,172.31.46.0-255,66,4737,58,235627
14981,7.9e-05,74.125.200.0-255,5738,10475,58,235627
14982,8.2e-05,172.31.46.0-255,66,10541,58,235627
14983,8.9e-05,74.125.200.0-255,6282,16823,58,235627
14984,9.1e-05,172.31.46.0-255,66,16889,58,235627
14985,0.00013,172.31.46.0-255,66,16955,58,235627
14986,0.00017,74.125.200.0-255,3961,20916,58,235627
14987,0.000172,172.31.46.0-255,66,20982,58,235627
14988,0.00032,74.125.200.0-255,1484,22466,58,235627
14989,0.000325,172.31.46.0-255,66,22532,58,235627
14990,0.000329,74.125.200.0-255,1484,24016,58,235627
14991,0.000332,172.31.46.0-255,66,24082,58,235627
14992,0.000344,74.125.200.0-255,1484,25566,58,235627
14993,0.000347,172.31.46.0-255,66,25632,58,235627
14994,0.000354,74.125.200.0-255,5738,31370,58,235627
14995,0.000356,172.31.46.0-255,66,31436,58,235627
14996,0.000361,74.125.200.0-255,2902,34338,58,235627
14997,0.000365,172.31.46.0-255,66,34404,58,235627
14998,0.00039,74.125.200.0-255,1484,35888,58,235627
14999,0.000394,172.31.46.0-255,66,35954,58,235627
15000,0.000431,172.31.46.0-255,66,36020,58,235627
15001,0.000437,74.125.200.0-255,5738,41758,58,235627
15002,0.00044,172.31.46.0-255,66,41824,58,235627
15003,0.000469,74.125.200.0-255,4238,46062,58,235627
15004,0.000474,172.31.46.0-255,66,46128,58,235627
15005,0.000584,74.125.200.0-255,128,46256,58,235627
15006,0.000633,74.125.200.0-255,1484,47740,58,235627
15007,0.000637,172.31.46.0-255,66,47806,58,235627
15008,0.000642,74.125.200.0-255,2902,50708,58,235627
15009,0.000645,172.31.46.0-255,66,50774,58,235627
15010,0.000665,74.125.200.0-255,1484,52258,58,235627
15011,0.000679,74.125.200.0-255,4320,56578,58,235627
15012,0.000681,172.31.46.0-255,66,56644,58,235627
15013,0.000701,74.125.200.0-255,7156,63800,58,235627
15014,0.000704,172.31.46.0-255,66,63866,58,235627
15015,0.000726,74.125.200.0-255,7156,71022,58,235627
15016,0.000729,172.31.46.0-255,66,71088,58,235627
15017,0.0008,172.31.46.0-255,66,71154,58,235627
15018,0.000803,74.125.200.0-255,766,71920,58,235627
15019,0.000806,74.125.200.0-255,347,72267,58,235627
15020,0.00133,74.125.200.0-255,1484,73751,58,235627
15021,0.001337,172.31.46.0-255,66,73817,58,235627
15022,0.001344,74.125.200.0-255,2902,76719,58,235627
15023,0.001346,172.31.46.0-255,66,76785,58,235627
15024,0.001349,74.125.200.0-255,1484,78269,58,235627
15025,0.00137,74.125.200.0-255,4320,82589,58,235627
15026,0.001374,172.31.46.0-255,66,82655,58,235627
15027,0.001377,74.125.200.0-255,1484,84139,58,235627
15028,0.001404,74.125.200.0-255,5738,89877,58,235627
15029,0.001406,172.31.46.0-255,66,89943,58,235627
15030,0.001412,74.125.200.0-255,5738,95681,58,235627
15031,0.001416,172.31.46.0-255,66,95747,58,235627
15032,0.001441,74.125.200.0-255,2902,98649,58,235627
15033,0.001445,172.31.46.0-255,66,98715,58,235627
15034,0.001458,172.31.46.0-255,66,98781,58,235627
15035,0.001514,74.125.200.0-255,1484,100265,58,235627
15036,0.001531,74.125.200.0-255,2902,103167,58,235627
15037,0.001533,172.31.46.0-255,66,103233,58,235627
15038,0.001557,74.125.200.0-255,5738,108971,58,235627
15039,0.001559,172.31.46.0-255,66,109037,58,235627
15040,0.001571,74.125.200.0-255,1484,110521,58,235627
15041,0.001603,172.31.46.0-255,66,110587,58,235627
15042,0.001608,74.125.200.0-255,5738,116325,58,235627
15043,0.001611,172.31.46.0-255,66,116391,58,235627
15044,0.001635,74.125.200.0-255,2902,119293,58,235627
15045,0.001637,172.31.46.0-255,66,119359,58,235627
15046,0.001651,74.125.200.0-255,3602,122961,58,235627
15047,0.001653,172.31.46.0-255,66,123027,58,235627
15048,0.001656,74.125.200.0-255,1484,124511,58,235627
15049,0.00168,74.125.200.0-255,5738,130249,58,235627
15050,0.001683,172.31.46.0-255,66,130315,58,235627
15051,0.001713,74.125.200.0-255,4320,134635,58,235627
15052,0.001716,172.31.46.0-255,66,134701,58,235627
15053,0.001734,74.125.200.0-255,4320,139021,58,235627
15054,0.001736,172.31.46.0-255,66,139087,58,235627
15055,0.001773,172.31.46.0-255,66,139153,58,235627
15056,0.001779,74.125.200.0-255,6438,145591,58,235627
15057,0.001781,172.31.46.0-255,66,145657,58,235627
15058,0.002094,74.125.200.0-255,1484,147141,58,235627
15059,0.002117,74.125.200.0-255,1484,148625,58,235627
15060,0.002119,172.31.46.0-255,66,148691,58,235627
15061,0.002136,74.125.200.0-255,1484,150175,58,235627
15062,0.002139,74.125.200.0-255,1484,151659,58,235627
15063,0.002141,172.31.46.0-255,66,151725,58,235627
15064,0.00216,74.125.200.0-255,4320,156045,58,235627
15065,0.002162,172.31.46.0-255,66,156111,58,235627
15066,0.00218,74.125.200.0-255,5738,161849,58,235627
15067,0.002183,172.31.46.0-255,66,161915,58,235627
15068,0.002197,74.125.200.0-255,2902,164817,58,235627
15069,0.002199,172.31.46.0-255,66,164883,58,235627
15070,0.002201,74.125.200.0-255,1484,166367,58,235627
15071,0.002232,172.31.46.0-255,66,166433,58,235627
15072,0.002236,74.125.200.0-255,2902,169335,58,235627
15073,0.002238,172.31.46.0-255,66,169401,58,235627
15074,0.002276,74.125.200.0-255,2184,171585,58,235627
15075,0.002278,172.31.46.0-255,66,171651,58,235627
15076,0.004531,74.125.200.0-255,2902,174553,58,235627
15077,0.004534,172.31.46.0-255,66,174619,58,235627
15078,0.00456,74.125.200.0-255,2902,177521,58,235627
15079,0.004563,172.31.46.0-255,66,177587,58,235627
15080,0.00685,74.125.200.0-255,5738,183325,58,235627
15081,0.006858,172.31.46.0-255,66,183391,58,235627
15082,0.009173,74.125.200.0-255,5738,189129,58,235627
15083,0.009189,172.31.46.0-255,66,189195,58,235627
15084,0.011515,74.125.200.0-255,5738,194933,58,235627
15085,0.011534,172.31.46.0-255,66,194999,58,235627
15086,0.013857,74.125.200.0-255,5738,200737,58,235627
15087,0.013879,172.31.46.0-255,66,200803,58,235627
15088,0.016202,74.125.200.0-255,5738,206541,58,235627
15089,0.016223,172.31.46.0-255,66,206607,58,235627
15090,0.018584,74.125.200.0-255,5738,212345,58,235627
15091,0.018601,172.31.46.0-255,66,212411,58,235627
15092,0.020918,74.125.200.0-255,5738,218149,58,235627
15093,0.020936,172.31.46.0-255,66,218215,58,235627
15094,0.023252,74.125.200.0-255,5738,223953,58,235627
15095,0.023266,172.31.46.0-255,66,224019,58,235627
15096,0.025595,74.125.200.0-255,5738,229757,58,235627
15097,0.025614,172.31.46.0-255,66,229823,58,235627
15098,0.027944,74.125.200.0-255,5738,235561,58,235627
15099,0.027962,172.31.46.0-255,66,235627,58,235627
15100,0.0,74.125.24.0-255,150,150,58,193699
15101,2e-05,172.31.46.0-255,66,216,58,193699
15102,2.7e-05,74.125.24.0-255,1484,1700,58,193699
15103,3.1e-05,172.31.46.0-255,66,1766,58,193699
15104,5.2e-05,74.125.24.0-255,2902,4668,58,193699
15105,5.5e-05,172.31.46.0-255,66,4734,58,193699
15106,6.3e-05,74.125.24.0-255,7156,11890,58,193699
15107,6.5e-05,172.31.46.0-255,66,11956,58,193699
15108,7e-05,74.125.24.0-255,1980,13936,58,193699
15109,7.3e-05,172.31.46.0-255,66,14002,58,193699
15110,9e-05,74.125.24.0-255,2902,16904,58,193699
15111,9.3e-05,172.31.46.0-255,66,16970,58,193699
15112,0.000121,74.125.24.0-255,7156,24126,58,193699
15113,0.000123,172.31.46.0-255,66,24192,58,193699
15114,0.000128,74.125.24.0-255,2902,27094,58,193699
15115,0.000129,172.31.46.0-255,66,27160,58,193699
15116,0.000168,74.125.24.0-255,3961,31121,58,193699
15117,0.000171,172.31.46.0-255,66,31187,58,193699
15118,0.000383,74.125.24.0-255,1484,32671,58,193699
15119,0.000388,172.31.46.0-255,66,32737,58,193699
15120,0.000407,74.125.24.0-255,2902,35639,58,193699
15121,0.00041,172.31.46.0-255,66,35705,58,193699
15122,0.000425,74.125.24.0-255,2902,38607,58,193699
15123,0.000427,172.31.46.0-255,66,38673,58,193699
15124,0.000444,74.125.24.0-255,2902,41575,58,193699
15125,0.000448,172.31.46.0-255,66,41641,58,193699
15126,0.000467,74.125.24.0-255,1484,43125,58,193699
15127,0.00047,172.31.46.0-255,66,43191,58,193699
15128,0.000502,172.31.46.0-255,66,43257,58,193699
15129,0.00052,74.125.24.0-255,5738,48995,58,193699
15130,0.000523,172.31.46.0-255,66,49061,58,193699
15131,0.00054,74.125.24.0-255,5738,54799,58,193699
15132,0.000543,172.31.46.0-255,66,54865,58,193699
15133,0.000546,74.125.24.0-255,1397,56262,58,193699
15134,0.000657,74.125.24.0-255,130,56392,58,193699
15135,0.000783,74.125.24.0-255,1484,57876,58,193699
15136,0.000787,172.31.46.0-255,66,57942,58,193699
15137,0.000792,74.125.24.0-255,2902,60844,58,193699
15138,0.000795,172.31.46.0-255,66,60910,58,193699
15139,0.000799,74.125.24.0-255,2902,63812,58,193699
15140,0.000802,172.31.46.0-255,66,63878,58,193699
15141,0.000832,74.125.24.0-255,2902,66780,58,193699
15142,0.000835,172.31.46.0-255,66,66846,58,193699
15143,0.000848,172.31.46.0-255,66,66912,58,193699
15144,0.000861,172.31.46.0-255,66,66978,58,193699
15145,0.000863,74.125.24.0-255,351,67329,58,193699
15146,0.000975,74.125.24.0-255,1484,68813,58,193699
15147,0.000979,172.31.46.0-255,66,68879,58,193699
15148,0.000996,74.125.24.0-255,2902,71781,58,193699
15149,0.001002,74.125.24.0-255,5738,77519,58,193699
15150,0.001005,172.31.46.0-255,66,77585,58,193699
15151,0.001013,172.31.46.0-255,66,77651,58,193699
15152,0.001018,74.125.24.0-255,2902,80553,58,193699
15153,0.00102,172.31.46.0-255,66,80619,58,193699
15154,0.001044,172.31.46.0-255,66,80685,58,193699
15155,0.001057,172.31.46.0-255,66,80751,58,193699
15156,0.001475,74.125.24.0-255,1484,82235,58,193699
15157,0.001482,74.125.24.0-255,2902,85137,58,193699
15158,0.001485,172.31.46.0-255,66,85203,58,193699
15159,0.001512,74.125.24.0-255,5738,90941,58,193699
15160,0.001515,172.31.46.0-255,66,91007,58,193699
15161,0.001523,74.125.24.0-255,7156,98163,58,193699
15162,0.001525,172.31.46.0-255,66,98229,58,193699
15163,0.00154,74.125.24.0-255,5738,103967,58,193699
15164,0.001542,172.31.46.0-255,66,104033,58,193699
15165,0.001545,74.125.24.0-255,1484,105517,58,193699
15166,0.001608,172.31.46.0-255,66,105583,58,193699
15167,0.002089,74.125.24.0-255,1484,107067,58,193699
15168,0.002094,74.125.24.0-255,2902,109969,58,193699
15169,0.002097,172.31.46.0-255,66,110035,58,193699
15170,0.002117,74.125.24.0-255,2902,112937,58,193699
15171,0.002119,172.31.46.0-255,66,113003,58,193699
15172,0.002138,74.125.24.0-255,2902,115905,58,193699
15173,0.00214,172.31.46.0-255,66,115971,58,193699
15174,0.00215,172.31.46.0-255,66,116037,58,193699
15175,0.002174,74.125.24.0-255,2902,118939,58,193699
15176,0.002176,172.31.46.0-255,66,119005,58,193699
15177,0.002181,74.125.24.0-255,4320,123325,58,193699
15178,0.002183,172.31.46.0-255,66,123391,58,193699
15179,0.004343,74.125.24.0-255,2902,126293,58,193699
15180,0.00435,172.31.46.0-255,66,126359,58,193699
15181,0.004372,74.125.24.0-255,2902,129261,58,193699
15182,0.004374,172.31.46.0-255,66,129327,58,193699
15183,0.006465,74.125.24.0-255,2902,132229,58,193699
15184,0.006468,172.31.46.0-255,66,132295,58,193699
15185,0.00654,74.125.24.0-255,2902,135197,58,193699
15186,0.006542,172.31.46.0-255,66,135263,58,193699
15187,0.008605,74.125.24.0-255,2902,138165,58,193699
15188,0.008612,172.31.46.0-255,66,138231,58,193699
15189,0.008659,74.125.24.0-255,2902,141133,58,193699
15190,0.008662,172.31.46.0-255,66,141199,58,193699
15191,0.010751,74.125.24.0-255,2902,144101,58,193699
15192,0.010759,172.31.46.0-255,66,144167,58,193699
15193,0.010795,74.125.24.0-255,2902,147069,58,193699
15194,0.010798,172.31.46.0-255,66,147135,58,193699
15195,0.012863,74.125.24.0-255,2902,150037,58,193699
15196,0.012872,172.31.46.0-255,66,150103,58,193699
15197,0.012927,74.125.24.0-255,2902,153005,58,193699
15198,0.01293,172.31.46.0-255,66,153071,58,193699
15199,0.01508,74.125.24.0-255,5738,158809,58,193699
15200,0.015087,172.31.46.0-255,66,158875,58,193699
15201,0.017251,74.125.24.0-255,5738,164613,58,193699
15202,0.017258,172.31.46.0-255,66,164679,58,193699
15203,0.019417,74.125.24.0-255,5738,170417,58,193699
15204,0.019428,172.31.46.0-255,66,170483,58,193699
15205,0.021593,74.125.24.0-255,5738,176221,58,193699
15206,0.021601,172.31.46.0-255,66,176287,58,193699
15207,0.023773,74.125.24.0-255,5738,182025,58,193699
15208,0.02378,172.31.46.0-255,66,182091,58,193699
15209,0.025891,74.125.24.0-255,5738,187829,58,193699
15210,0.025898,172.31.46.0-255,66,187895,58,193699
15211,0.027994,74.125.24.0-255,5738,193633,58,193699
15212,0.028004,172.31.46.0-255,66,193699,58,193699
15213,0.0,74.125.24.0-255,153,153,58,129167
15214,2.9e-05,172.31.46.0-255,66,219,58,129167
15215,3.6e-05,74.125.24.0-255,1484,1703,58,129167
15216,4.1e-05,172.31.46.0-255,66,1769,58,129167
15217,4.7e-05,74.125.24.0-255,2902,4671,58,129167
15218,5e-05,172.31.46.0-255,66,4737,58,129167
15219,5.4e-05,74.125.24.0-255,1484,6221,58,129167
15220,5.6e-05,172.31.46.0-255,66,6287,58,129167
15221,6.4e-05,74.125.24.0-255,5738,12025,58,129167
15222,6.6e-05,172.31.46.0-255,66,12091,58,129167
15223,0.000104,172.31.46.0-255,66,12157,58,129167
15224,0.000122,74.125.24.0-255,1484,13641,58,129167
15225,0.000124,172.31.46.0-255,66,13707,58,129167
15226,0.000153,172.31.46.0-255,66,13773,58,129167
15227,0.000158,74.125.24.0-255,4320,18093,58,129167
15228,0.000161,172.31.46.0-255,66,18159,58,129167
15229,0.000205,172.31.46.0-255,66,18225,58,129167
15230,0.000558,74.125.24.0-255,1484,19709,58,129167
15231,0.000563,172.31.46.0-255,66,19775,58,129167
15232,0.00057,74.125.24.0-255,2902,22677,58,129167
15233,0.000573,172.31.46.0-255,66,22743,58,129167
15234,0.00058,74.125.24.0-255,5738,28481,58,129167
15235,0.000582,172.31.46.0-255,66,28547,58,129167
15236,0.000589,74.125.24.0-255,5738,34285,58,129167
15237,0.000591,172.31.46.0-255,66,34351,58,129167
15238,0.000625,74.125.24.0-255,7068,41419,58,129167
15239,0.000629,172.31.46.0-255,66,41485,58,129167
15240,0.000643,172.31.46.0-255,66,41551,58,129167
15241,0.000648,74.125.24.0-255,4320,45871,58,129167
15242,0.000651,172.31.46.0-255,66,45937,58,129167
15243,0.00069,172.31.46.0-255,66,46003,58,129167
15244,0.000992,74.125.24.0-255,1484,47487,58,129167
15245,0.001002,74.125.24.0-255,2902,50389,58,129167
15246,0.001005,172.31.46.0-255,66,50455,58,129167
15247,0.001012,74.125.24.0-255,5738,56193,58,129167
15248,0.001014,172.31.46.0-255,66,56259,58,129167
15249,0.001074,172.31.46.0-255,66,56325,58,129167
15250,0.001081,74.125.24.0-255,5738,62063,58,129167
15251,0.001083,172.31.46.0-255,66,62129,58,129167
15252,0.001097,74.125.24.0-255,2902,65031,58,129167
15253,0.001101,172.31.46.0-255,66,65097,58,129167
15254,0.001116,74.125.24.0-255,2184,67281,58,129167
15255,0.001119,172.31.46.0-255,66,67347,58,129167
15256,0.001777,74.125.24.0-255,1484,68831,58,129167
15257,0.001783,74.125.24.0-255,2902,71733,58,129167
15258,0.001787,172.31.46.0-255,66,71799,58,129167
15259,0.001812,74.125.24.0-255,4320,76119,58,129167
15260,0.001819,172.31.46.0-255,66,76185,58,129167
15261,0.001838,74.125.24.0-255,5738,81923,58,129167
15262,0.001841,172.31.46.0-255,66,81989,58,129167
15263,0.001847,74.125.24.0-255,5738,87727,58,129167
15264,0.001849,172.31.46.0-255,66,87793,58,129167
15265,0.001879,74.125.24.0-255,5738,93531,58,129167
15266,0.00189,172.31.46.0-255,66,93597,58,129167
15267,0.001897,172.31.46.0-255,66,93663,58,129167
15268,0.001901,74.125.24.0-255,1484,95147,58,129167
15269,0.001938,172.31.46.0-255,66,95213,58,129167
15270,0.001952,74.125.24.0-255,1484,96697,58,129167
15271,0.001966,172.31.46.0-255,66,96763,58,129167
15272,0.00203,74.125.24.0-255,1484,98247,58,129167
15273,0.002035,74.125.24.0-255,1484,99731,58,129167
15274,0.002038,172.31.46.0-255,66,99797,58,129167
15275,0.002057,74.125.24.0-255,1484,101281,58,129167
15276,0.002064,74.125.24.0-255,5738,107019,58,129167
15277,0.002066,172.31.46.0-255,66,107085,58,129167
15278,0.002072,74.125.24.0-255,4320,111405,58,129167
15279,0.002074,172.31.46.0-255,66,111471,58,129167
15280,0.002112,172.31.46.0-255,66,111537,58,129167
15281,0.00212,74.125.24.0-255,7156,118693,58,129167
15282,0.002122,172.31.46.0-255,66,118759,58,129167
15283,0.002127,74.125.24.0-255,4320,123079,58,129167
15284,0.002129,172.31.46.0-255,66,123145,58,129167
15285,0.002164,172.31.46.0-255,66,123211,58,129167
15286,0.00219,74.125.24.0-255,5020,128231,58,129167
15287,0.002194,172.31.46.0-255,66,128297,58,129167
15288,0.002212,172.31.46.0-255,66,128363,58,129167
15289,0.002223,172.31.46.0-255,66,128429,58,129167
15290,0.002272,172.31.46.0-255,66,128495,58,129167
15291,0.002295,172.31.46.0-255,66,128561,58,129167
15292,0.002309,172.31.46.0-255,66,128627,58,129167
15293,0.002399,172.31.46.0-255,66,128693,58,129167
15294,0.00242,172.31.46.0-255,66,128759,58,129167
15295,0.002435,172.31.46.0-255,66,128825,58,129167
15296,0.002454,74.125.24.0-255,105,128930,58,129167
15297,0.009937,172.31.46.0-255,66,128996,58,129167
15298,0.00999,172.31.46.0-255,105,129101,58,129167
15299,0.012524,74.125.24.0-255,66,129167,58,129167
15300,0.0,74.125.24.0-255,153,153,58,239011
15301,1.9e-05,172.31.46.0-255,66,219,58,239011
15302,2.6e-05,74.125.24.0-255,1484,1703,58,239011
15303,3e-05,172.31.46.0-255,66,1769,58,239011
15304,3.6e-05,74.125.24.0-255,2902,4671,58,239011
15305,3.9e-05,172.31.46.0-255,66,4737,58,239011
15306,4.6e-05,74.125.24.0-255,7156,11893,58,239011
15307,4.9e-05,172.31.46.0-255,66,11959,58,239011
15308,7e-05,74.125.24.0-255,2071,14030,58,239011
15309,7.2e-05,172.31.46.0-255,66,14096,58,239011
15310,9.2e-05,74.125.24.0-255,1484,15580,58,239011
15311,9.4e-05,172.31.46.0-255,66,15646,58,239011
15312,0.000107,74.125.24.0-255,1484,17130,58,239011
15313,0.00011,172.31.46.0-255,66,17196,58,239011
15314,0.000118,74.125.24.0-255,7156,24352,58,239011
15315,0.00012,172.31.46.0-255,66,24418,58,239011
15316,0.000123,74.125.24.0-255,1484,25902,58,239011
15317,0.000125,172.31.46.0-255,66,25968,58,239011
15318,0.000148,74.125.24.0-255,2902,28870,58,239011
15319,0.00015,172.31.46.0-255,66,28936,58,239011
15320,0.000169,74.125.24.0-255,2543,31479,58,239011
15321,0.000172,172.31.46.0-255,66,31545,58,239011
15322,0.000224,74.125.24.0-255,2902,34447,58,239011
15323,0.000227,172.31.46.0-255,66,34513,58,239011
15324,0.000231,74.125.24.0-255,1484,35997,58,239011
15325,0.000233,172.31.46.0-255,66,36063,58,239011
15326,0.00025,74.125.24.0-255,2902,38965,58,239011
15327,0.000253,172.31.46.0-255,66,39031,58,239011
15328,0.000263,172.31.46.0-255,66,39097,58,239011
15329,0.000275,74.125.24.0-255,1484,40581,58,239011
15330,0.000277,172.31.46.0-255,66,40647,58,239011
15331,0.00031,172.31.46.0-255,66,40713,58,239011
15332,0.000327,74.125.24.0-255,5716,46429,58,239011
15333,0.00033,172.31.46.0-255,66,46495,58,239011
15334,0.000369,74.125.24.0-255,109,46604,58,239011
15335,0.000387,74.125.24.0-255,329,46933,58,239011
15336,0.000585,74.125.24.0-255,1484,48417,58,239011
15337,0.000589,172.31.46.0-255,66,48483,58,239011
15338,0.000595,74.125.24.0-255,2902,51385,58,239011
15339,0.000598,172.31.46.0-255,66,51451,58,239011
15340,0.000604,74.125.24.0-255,5738,57189,58,239011
15341,0.000607,172.31.46.0-255,66,57255,58,239011
15342,0.000627,74.125.24.0-255,1484,58739,58,239011
15343,0.000649,74.125.24.0-255,5379,64118,58,239011
15344,0.000653,172.31.46.0-255,66,64184,58,239011
15345,0.000694,74.125.24.0-255,1484,65668,58,239011
15346,0.000709,74.125.24.0-255,2902,68570,58,239011
15347,0.000712,172.31.46.0-255,66,68636,58,239011
15348,0.000719,74.125.24.0-255,5738,74374,58,239011
15349,0.000721,172.31.46.0-255,66,74440,58,239011
15350,0.000728,74.125.24.0-255,6797,81237,58,239011
15351,0.000731,172.31.46.0-255,66,81303,58,239011
15352,0.001718,74.125.24.0-255,1484,82787,58,239011
15353,0.00173,74.125.24.0-255,2902,85689,58,239011
15354,0.001735,172.31.46.0-255,66,85755,58,239011
15355,0.001743,74.125.24.0-255,5738,91493,58,239011
15356,0.001745,172.31.46.0-255,66,91559,58,239011
15357,0.001751,74.125.24.0-255,4320,95879,58,239011
15358,0.001753,172.31.46.0-255,66,95945,58,239011
15359,0.001785,172.31.46.0-255,66,96011,58,239011
15360,0.001815,74.125.24.0-255,2902,98913,58,239011
15361,0.001817,172.31.46.0-255,66,98979,58,239011
15362,0.001827,172.31.46.0-255,66,99045,58,239011
15363,0.001846,74.125.24.0-255,1484,100529,58,239011
15364,0.001859,74.125.24.0-255,1484,102013,58,239011
15365,0.001861,172.31.46.0-255,66,102079,58,239011
15366,0.001879,74.125.24.0-255,1484,103563,58,239011
15367,0.001885,74.125.24.0-255,4320,107883,58,239011
15368,0.001887,172.31.46.0-255,66,107949,58,239011
15369,0.001903,74.125.24.0-255,1484,109433,58,239011
15370,0.001918,74.125.24.0-255,5738,115171,58,239011
15371,0.00192,172.31.46.0-255,66,115237,58,239011
15372,0.001957,74.125.24.0-255,7156,122393,58,239011
15373,0.001959,172.31.46.0-255,66,122459,58,239011
15374,0.001966,74.125.24.0-255,7156,129615,58,239011
15375,0.001968,172.31.46.0-255,66,129681,58,239011
15376,0.001973,74.125.24.0-255,3602,133283,58,239011
15377,0.001975,172.31.46.0-255,66,133349,58,239011
15378,0.001991,74.125.24.0-255,2902,136251,58,239011
15379,0.001993,172.31.46.0-255,66,136317,58,239011
15380,0.00202,74.125.24.0-255,1484,137801,58,239011
15381,0.002026,74.125.24.0-255,4320,142121,58,239011
15382,0.002028,172.31.46.0-255,66,142187,58,239011
15383,0.002034,74.125.24.0-255,5738,147925,58,239011
15384,0.002036,172.31.46.0-255,66,147991,58,239011
15385,0.002048,172.31.46.0-255,66,148057,58,239011
15386,0.002058,172.31.46.0-255,66,148123,58,239011
15387,0.002166,74.125.24.0-255,1484,149607,58,239011
15388,0.002172,74.125.24.0-255,2902,152509,58,239011
15389,0.002176,172.31.46.0-255,66,152575,58,239011
15390,0.002181,74.125.24.0-255,2902,155477,58,239011
15391,0.002184,172.31.46.0-255,66,155543,58,239011
15392,0.002198,74.125.24.0-255,2902,158445,58,239011
15393,0.0022,172.31.46.0-255,66,158511,58,239011
15394,0.002205,74.125.24.0-255,4320,162831,58,239011
15395,0.002208,172.31.46.0-255,66,162897,58,239011
15396,0.002212,74.125.24.0-255,2902,165799,58,239011
15397,0.002215,172.31.46.0-255,66,165865,58,239011
15398,0.002248,172.31.46.0-255,66,165931,58,239011
15399,0.00226,172.31.46.0-255,66,165997,58,239011
15400,0.002297,74.125.24.0-255,5020,171017,58,239011
15401,0.002301,172.31.46.0-255,66,171083,58,239011
15402,0.002322,172.31.46.0-255,66,171149,58,239011
15403,0.002335,172.31.46.0-255,66,171215,58,239011
15404,0.00236,74.125.24.0-255,1484,172699,58,239011
15405,0.002365,74.125.24.0-255,2902,175601,58,239011
15406,0.002367,172.31.46.0-255,66,175667,58,239011
15407,0.002383,74.125.24.0-255,5738,181405,58,239011
15408,0.002386,172.31.46.0-255,66,181471,58,239011
15409,0.002389,74.125.24.0-255,1484,182955,58,239011
15410,0.00242,172.31.46.0-255,66,183021,58,239011
15411,0.002441,74.125.24.0-255,5738,188759,58,239011
15412,0.002444,172.31.46.0-255,66,188825,58,239011
15413,0.002449,74.125.24.0-255,4320,193145,58,239011
15414,0.002451,172.31.46.0-255,66,193211,58,239011
15415,0.002463,74.125.24.0-255,2184,195395,58,239011
15416,0.002466,172.31.46.0-255,66,195461,58,239011
15417,0.002549,74.125.24.0-255,5738,201199,58,239011
15418,0.002552,172.31.46.0-255,66,201265,58,239011
15419,0.002571,74.125.24.0-255,1484,202749,58,239011
15420,0.002582,172.31.46.0-255,66,202815,58,239011
15421,0.002588,74.125.24.0-255,5738,208553,58,239011
15422,0.00259,172.31.46.0-255,66,208619,58,239011
15423,0.002595,74.125.24.0-255,4320,212939,58,239011
15424,0.002597,172.31.46.0-255,66,213005,58,239011
15425,0.002605,74.125.24.0-255,5738,218743,58,239011
15426,0.002607,172.31.46.0-255,66,218809,58,239011
15427,0.002622,172.31.46.0-255,66,218875,58,239011
15428,0.002627,74.125.24.0-255,5738,224613,58,239011
15429,0.00263,172.31.46.0-255,66,224679,58,239011
15430,0.002668,172.31.46.0-255,66,224745,58,239011
15431,0.002694,74.125.24.0-255,5020,229765,58,239011
15432,0.002696,172.31.46.0-255,66,229831,58,239011
15433,0.002703,74.125.24.0-255,7156,236987,58,239011
15434,0.002706,172.31.46.0-255,66,237053,58,239011
15435,0.002718,172.31.46.0-255,66,237119,58,239011
15436,0.00272,74.125.24.0-255,1484,238603,58,239011
15437,0.002736,172.31.46.0-255,66,238669,58,239011
15438,0.002753,74.125.24.0-255,105,238774,58,239011
15439,0.008458,172.31.46.0-255,66,238840,58,239011
15440,0.008497,172.31.46.0-255,105,238945,58,239011
15441,0.010829,74.125.24.0-255,66,239011,58,239011
15442,0.0,216.58.203.0-255,150,150,58,202243
15443,2.1e-05,172.31.46.0-255,66,216,58,202243
15444,2.7e-05,216.58.203.0-255,1484,1700,58,202243
15445,3.1e-05,172.31.46.0-255,66,1766,58,202243
15446,3.6e-05,216.58.203.0-255,2902,4668,58,202243
15447,4.6e-05,172.31.46.0-255,66,4734,58,202243
15448,5e-05,216.58.203.0-255,2902,7636,58,202243
15449,5.2e-05,172.31.46.0-255,66,7702,58,202243
15450,5.7e-05,216.58.203.0-255,4320,12022,58,202243
15451,5.9e-05,172.31.46.0-255,66,12088,58,202243
15452,6.9e-05,172.31.46.0-255,66,12154,58,202243
15453,7.6e-05,216.58.203.0-255,7156,19310,58,202243
15454,7.9e-05,172.31.46.0-255,66,19376,58,202243
15455,9.8e-05,216.58.203.0-255,1484,20860,58,202243
15456,0.000104,172.31.46.0-255,66,20926,58,202243
15457,0.000115,216.58.203.0-255,1125,22051,58,202243
15458,0.000121,172.31.46.0-255,66,22117,58,202243
15459,0.000273,216.58.203.0-255,1484,23601,58,202243
15460,0.000277,172.31.46.0-255,66,23667,58,202243
15461,0.000282,216.58.203.0-255,2902,26569,58,202243
15462,0.000285,172.31.46.0-255,66,26635,58,202243
15463,0.000288,216.58.203.0-255,2902,29537,58,202243
15464,0.000294,172.31.46.0-255,66,29603,58,202243
15465,0.000299,216.58.203.0-255,2902,32505,58,202243
15466,0.0003,172.31.46.0-255,66,32571,58,202243
15467,0.000319,216.58.203.0-255,1484,34055,58,202243
15468,0.000325,172.31.46.0-255,66,34121,58,202243
15469,0.000352,216.58.203.0-255,5379,39500,58,202243
15470,0.000354,172.31.46.0-255,66,39566,58,202243
15471,0.000408,216.58.203.0-255,4320,43886,58,202243
15472,0.00042,172.31.46.0-255,66,43952,58,202243
15473,0.000444,216.58.203.0-255,1484,45436,58,202243
15474,0.000449,216.58.203.0-255,4320,49756,58,202243
15475,0.000451,172.31.46.0-255,66,49822,58,202243
15476,0.000457,216.58.203.0-255,5738,55560,58,202243
15477,0.000459,172.31.46.0-255,66,55626,58,202243
15478,0.000465,216.58.203.0-255,1125,56751,58,202243
15479,0.000645,216.58.203.0-255,357,57108,58,202243
15480,0.000779,216.58.203.0-255,386,57494,58,202243
15481,0.000784,172.31.46.0-255,66,57560,58,202243
15482,0.001068,216.58.203.0-255,1484,59044,58,202243
15483,0.001071,216.58.203.0-255,1484,60528,58,202243
15484,0.001074,172.31.46.0-255,66,60594,58,202243
15485,0.001099,216.58.203.0-255,1484,62078,58,202243
15486,0.001105,216.58.203.0-255,5738,67816,58,202243
15487,0.001107,172.31.46.0-255,66,67882,58,202243
15488,0.001144,172.31.46.0-255,66,67948,58,202243
15489,0.001158,172.31.46.0-255,66,68014,58,202243
15490,0.001165,216.58.203.0-255,1125,69139,58,202243
15491,0.001384,216.58.203.0-255,1484,70623,58,202243
15492,0.001388,172.31.46.0-255,66,70689,58,202243
15493,0.001394,216.58.203.0-255,2902,73591,58,202243
15494,0.001396,172.31.46.0-255,66,73657,58,202243
15495,0.0014,216.58.203.0-255,1484,75141,58,202243
15496,0.001425,216.58.203.0-255,4320,79461,58,202243
15497,0.001428,172.31.46.0-255,66,79527,58,202243
15498,0.001434,216.58.203.0-255,4320,83847,58,202243
15499,0.001436,172.31.46.0-255,66,83913,58,202243
15500,0.001455,216.58.203.0-255,4320,88233,58,202243
15501,0.001458,172.31.46.0-255,66,88299,58,202243
15502,0.001469,216.58.203.0-255,7156,95455,58,202243
15503,0.001471,172.31.46.0-255,66,95521,58,202243
15504,0.0015,216.58.203.0-255,2902,98423,58,202243
15505,0.001506,172.31.46.0-255,66,98489,58,202243
15506,0.001513,216.58.203.0-255,5020,103509,58,202243
15507,0.001515,172.31.46.0-255,66,103575,58,202243
15508,0.003141,216.58.203.0-255,5738,109313,58,202243
15509,0.003148,172.31.46.0-255,66,109379,58,202243
15510,0.00477,216.58.203.0-255,5738,115117,58,202243
15511,0.004774,172.31.46.0-255,66,115183,58,202243
15512,0.006396,216.58.203.0-255,5738,120921,58,202243
15513,0.006401,172.31.46.0-255,66,120987,58,202243
15514,0.008022,216.58.203.0-255,5738,126725,58,202243
15515,0.008028,172.31.46.0-255,66,126791,58,202243
15516,0.009689,216.58.203.0-255,5738,132529,58,202243
15517,0.009697,172.31.46.0-255,66,132595,58,202243
15518,0.011318,216.58.203.0-255,5738,138333,58,202243
15519,0.011325,172.31.46.0-255,66,138399,58,202243
15520,0.012951,216.58.203.0-255,5738,144137,58,202243
15521,0.01296,172.31.46.0-255,66,144203,58,202243
15522,0.014591,216.58.203.0-255,5738,149941,58,202243
15523,0.014601,172.31.46.0-255,66,150007,58,202243
15524,0.016236,216.58.203.0-255,5738,155745,58,202243
15525,0.016247,172.31.46.0-255,66,155811,58,202243
15526,0.017877,216.58.203.0-255,5738,161549,58,202243
15527,0.017886,172.31.46.0-255,66,161615,58,202243
15528,0.019531,216.58.203.0-255,5738,167353,58,202243
15529,0.019542,172.31.46.0-255,66,167419,58,202243
15530,0.021169,216.58.203.0-255,5738,173157,58,202243
15531,0.021175,172.31.46.0-255,66,173223,58,202243
15532,0.022809,216.58.203.0-255,5738,178961,58,202243
15533,0.022819,172.31.46.0-255,66,179027,58,202243
15534,0.024471,216.58.203.0-255,5738,184765,58,202243
15535,0.024478,172.31.46.0-255,66,184831,58,202243
15536,0.02611,216.58.203.0-255,5738,190569,58,202243
15537,0.02612,172.31.46.0-255,66,190635,58,202243
15538,0.027754,216.58.203.0-255,5738,196373,58,202243
15539,0.027762,172.31.46.0-255,66,196439,58,202243
15540,0.029392,216.58.203.0-255,5738,202177,58,202243
15541,0.029403,172.31.46.0-255,66,202243,58,202243
15542,0.0,172.217.194.0-255,146,146,58,196536
15543,1.6e-05,172.31.46.0-255,66,212,58,196536
15544,2.3e-05,172.217.194.0-255,1484,1696,58,196536
15545,2.8e-05,172.31.46.0-255,66,1762,58,196536
15546,3.4e-05,172.217.194.0-255,2902,4664,58,196536
15547,3.8e-05,172.31.46.0-255,66,4730,58,196536
15548,4.3e-05,172.217.194.0-255,2902,7632,58,196536
15549,4.6e-05,172.31.46.0-255,66,7698,58,196536
15550,8.9e-05,172.217.194.0-255,6357,14055,58,196536
15551,9.3e-05,172.31.46.0-255,66,14121,58,196536
15552,0.000136,172.217.194.0-255,4320,18441,58,196536
15553,0.000139,172.31.46.0-255,66,18507,58,196536
15554,0.000162,172.217.194.0-255,2902,21409,58,196536
15555,0.000164,172.31.46.0-255,66,21475,58,196536
15556,0.000172,172.217.194.0-255,7156,28631,58,196536
15557,0.000174,172.31.46.0-255,66,28697,58,196536
15558,0.000185,172.217.194.0-255,1484,30181,58,196536
15559,0.000188,172.31.46.0-255,66,30247,58,196536
15560,0.000193,172.217.194.0-255,4320,34567,58,196536
15561,0.000195,172.31.46.0-255,66,34633,58,196536
15562,0.000222,172.31.46.0-255,66,34699,58,196536
15563,0.000241,172.217.194.0-255,5379,40078,58,196536
15564,0.000243,172.31.46.0-255,66,40144,58,196536
15565,0.000383,172.217.194.0-255,1484,41628,58,196536
15566,0.000387,172.31.46.0-255,66,41694,58,196536
15567,0.000393,172.217.194.0-255,2902,44596,58,196536
15568,0.000395,172.31.46.0-255,66,44662,58,196536
15569,0.000414,172.217.194.0-255,2902,47564,58,196536
15570,0.000417,172.31.46.0-255,66,47630,58,196536
15571,0.000441,172.217.194.0-255,2902,50532,58,196536
15572,0.000443,172.31.46.0-255,66,50598,58,196536
15573,0.000448,172.217.194.0-255,4320,54918,58,196536
15574,0.00045,172.31.46.0-255,66,54984,58,196536
15575,0.000466,172.217.194.0-255,2843,57827,58,196536
15576,0.000469,172.31.46.0-255,66,57893,58,196536
15577,0.000529,172.217.194.0-255,379,58272,58,196536
15578,0.000664,172.217.194.0-255,1484,59756,58,196536
15579,0.000669,172.31.46.0-255,66,59822,58,196536
15580,0.000674,172.217.194.0-255,2902,62724,58,196536
15581,0.000676,172.31.46.0-255,66,62790,58,196536
15582,0.000735,172.217.194.0-255,5738,68528,58,196536
15583,0.000742,172.217.194.0-255,6797,75325,58,196536
15584,0.000747,172.31.46.0-255,66,75391,58,196536
15585,0.00075,172.31.46.0-255,66,75457,58,196536
15586,0.000762,172.217.194.0-255,7156,82613,58,196536
15587,0.000764,172.31.46.0-255,66,82679,58,196536
15588,0.000776,172.31.46.0-255,66,82745,58,196536
15589,0.000795,172.217.194.0-255,1125,83870,58,196536
15590,0.001414,172.31.46.0-255,66,83936,58,196536
15591,0.001882,172.217.194.0-255,1484,85420,58,196536
15592,0.001906,172.217.194.0-255,2902,88322,58,196536
15593,0.001911,172.31.46.0-255,66,88388,58,196536
15594,0.001917,172.217.194.0-255,2902,91290,58,196536
15595,0.001919,172.31.46.0-255,66,91356,58,196536
15596,0.001925,172.217.194.0-255,4320,95676,58,196536
15597,0.001926,172.31.46.0-255,66,95742,58,196536
15598,0.001947,172.217.194.0-255,4320,100062,58,196536
15599,0.001949,172.31.46.0-255,66,100128,58,196536
15600,0.001977,172.217.194.0-255,4320,104448,58,196536
15601,0.00198,172.31.46.0-255,66,104514,58,196536
15602,0.001994,172.31.46.0-255,66,104580,58,196536
15603,0.002025,172.217.194.0-255,4320,108900,58,196536
15604,0.002027,172.31.46.0-255,66,108966,58,196536
15605,0.002052,172.217.194.0-255,2902,111868,58,196536
15606,0.002054,172.31.46.0-255,66,111934,58,196536
15607,0.002065,172.31.46.0-255,66,112000,58,196536
15608,0.002069,172.217.194.0-255,2902,114902,58,196536
15609,0.002071,172.31.46.0-255,66,114968,58,196536
15610,0.002098,172.31.46.0-255,66,115034,58,196536
15611,0.002115,172.217.194.0-255,2184,117218,58,196536
15612,0.002117,172.31.46.0-255,66,117284,58,196536
15613,0.002145,172.217.194.0-255,2902,120186,58,196536
15614,0.002147,172.31.46.0-255,66,120252,58,196536
15615,0.002173,172.217.194.0-255,7156,127408,58,196536
15616,0.002175,172.31.46.0-255,66,127474,58,196536
15617,0.002183,172.217.194.0-255,5738,133212,58,196536
15618,0.002185,172.31.46.0-255,66,133278,58,196536
15619,0.002188,172.217.194.0-255,1484,134762,58,196536
15620,0.002227,172.31.46.0-255,66,134828,58,196536
15621,0.002232,172.217.194.0-255,3602,138430,58,196536
15622,0.002234,172.31.46.0-255,66,138496,58,196536
15623,0.004752,172.217.194.0-255,5738,144234,58,196536
15624,0.004758,172.31.46.0-255,66,144300,58,196536
15625,0.007271,172.217.194.0-255,5738,150038,58,196536
15626,0.007275,172.31.46.0-255,66,150104,58,196536
15627,0.009797,172.217.194.0-255,5738,155842,58,196536
15628,0.009805,172.31.46.0-255,66,155908,58,196536
15629,0.012329,172.217.194.0-255,5738,161646,58,196536
15630,0.012335,172.31.46.0-255,66,161712,58,196536
15631,0.014863,172.217.194.0-255,5738,167450,58,196536
15632,0.014873,172.31.46.0-255,66,167516,58,196536
15633,0.017404,172.217.194.0-255,5738,173254,58,196536
15634,0.017411,172.31.46.0-255,66,173320,58,196536
15635,0.019935,172.217.194.0-255,5738,179058,58,196536
15636,0.019942,172.31.46.0-255,66,179124,58,196536
15637,0.022475,172.217.194.0-255,5738,184862,58,196536
15638,0.022482,172.31.46.0-255,66,184928,58,196536
15639,0.025039,172.217.194.0-255,5738,190666,58,196536
15640,0.025048,172.31.46.0-255,66,190732,58,196536
15641,0.027555,172.217.194.0-255,5738,196470,58,196536
15642,0.027564,172.31.46.0-255,66,196536,58,196536
15643,0.0,74.125.24.0-255,146,146,58,156993
15644,2.4e-05,172.31.46.0-255,66,212,58,156993
15645,3.1e-05,74.125.24.0-255,1484,1696,58,156993
15646,3.6e-05,172.31.46.0-255,66,1762,58,156993
15647,4.1e-05,74.125.24.0-255,2902,4664,58,156993
15648,4.5e-05,172.31.46.0-255,66,4730,58,156993
15649,5.1e-05,74.125.24.0-255,4320,9050,58,156993
15650,5.4e-05,172.31.46.0-255,66,9116,58,156993
15651,8e-05,74.125.24.0-255,2902,12018,58,156993
15652,8.3e-05,172.31.46.0-255,66,12084,58,156993
15653,8.7e-05,74.125.24.0-255,2039,14123,58,156993
15654,9e-05,172.31.46.0-255,66,14189,58,156993
15655,9.4e-05,74.125.24.0-255,2902,17091,58,156993
15656,9.6e-05,172.31.46.0-255,66,17157,58,156993
15657,0.000125,74.125.24.0-255,7156,24313,58,156993
15658,0.000128,172.31.46.0-255,66,24379,58,156993
15659,0.000143,74.125.24.0-255,2902,27281,58,156993
15660,0.000145,172.31.46.0-255,66,27347,58,156993
15661,0.000201,172.31.46.0-255,66,27413,58,156993
15662,0.000218,74.125.24.0-255,1484,28897,58,156993
15663,0.00022,172.31.46.0-255,66,28963,58,156993
15664,0.000231,172.31.46.0-255,66,29029,58,156993
15665,0.000264,74.125.24.0-255,1484,30513,58,156993
15666,0.000267,172.31.46.0-255,66,30579,58,156993
15667,0.00028,74.125.24.0-255,2902,33481,58,156993
15668,0.000282,172.31.46.0-255,66,33547,58,156993
15669,0.000373,74.125.24.0-255,2902,36449,58,156993
15670,0.000376,172.31.46.0-255,66,36515,58,156993
15671,0.000389,74.125.24.0-255,1484,37999,58,156993
15672,0.000391,172.31.46.0-255,66,38065,58,156993
15673,0.000398,74.125.24.0-255,5738,43803,58,156993
15674,0.0004,172.31.46.0-255,66,43869,58,156993
15675,0.00042,74.125.24.0-255,2817,46686,58,156993
15676,0.000423,172.31.46.0-255,66,46752,58,156993
15677,0.001124,74.125.24.0-255,131,46883,58,156993
15678,0.00117,74.125.24.0-255,1484,48367,58,156993
15679,0.001177,172.31.46.0-255,66,48433,58,156993
15680,0.001222,74.125.24.0-255,1484,49917,58,156993
15681,0.001241,74.125.24.0-255,2902,52819,58,156993
15682,0.001244,74.125.24.0-255,1484,54303,58,156993
15683,0.001252,172.31.46.0-255,66,54369,58,156993
15684,0.001257,74.125.24.0-255,1484,55853,58,156993
15685,0.001259,172.31.46.0-255,66,55919,58,156993
15686,0.001288,74.125.24.0-255,7156,63075,58,156993
15687,0.001292,172.31.46.0-255,66,63141,58,156993
15688,0.0013,74.125.24.0-255,1484,64625,58,156993
15689,0.001323,172.31.46.0-255,66,64691,58,156993
15690,0.00134,74.125.24.0-255,1484,66175,58,156993
15691,0.001343,74.125.24.0-255,1484,67659,58,156993
15692,0.001345,172.31.46.0-255,66,67725,58,156993
15693,0.001371,74.125.24.0-255,2184,69909,58,156993
15694,0.001377,172.31.46.0-255,66,69975,58,156993
15695,0.001397,74.125.24.0-255,346,70321,58,156993
15696,0.001784,172.31.46.0-255,66,70387,58,156993
15697,0.001935,74.125.24.0-255,1484,71871,58,156993
15698,0.001958,74.125.24.0-255,2902,74773,58,156993
15699,0.001962,172.31.46.0-255,66,74839,58,156993
15700,0.001969,74.125.24.0-255,5738,80577,58,156993
15701,0.001971,172.31.46.0-255,66,80643,58,156993
15702,0.001999,74.125.24.0-255,4320,84963,58,156993
15703,0.002002,172.31.46.0-255,66,85029,58,156993
15704,0.002022,74.125.24.0-255,5738,90767,58,156993
15705,0.002024,172.31.46.0-255,66,90833,58,156993
15706,0.002055,172.31.46.0-255,66,90899,58,156993
15707,0.002076,74.125.24.0-255,2184,93083,58,156993
15708,0.002078,172.31.46.0-255,66,93149,58,156993
15709,0.004424,74.125.24.0-255,5738,98887,58,156993
15710,0.004434,172.31.46.0-255,66,98953,58,156993
15711,0.006756,74.125.24.0-255,5738,104691,58,156993
15712,0.00676,172.31.46.0-255,66,104757,58,156993
15713,0.009137,74.125.24.0-255,5738,110495,58,156993
15714,0.009148,172.31.46.0-255,66,110561,58,156993
15715,0.011519,74.125.24.0-255,5738,116299,58,156993
15716,0.011528,172.31.46.0-255,66,116365,58,156993
15717,0.013933,74.125.24.0-255,5738,122103,58,156993
15718,0.013941,172.31.46.0-255,66,122169,58,156993
15719,0.016298,74.125.24.0-255,5738,127907,58,156993
15720,0.016313,172.31.46.0-255,66,127973,58,156993
15721,0.018663,74.125.24.0-255,5738,133711,58,156993
15722,0.018676,172.31.46.0-255,66,133777,58,156993
15723,0.021019,74.125.24.0-255,5738,139515,58,156993
15724,0.021035,172.31.46.0-255,66,139581,58,156993
15725,0.023453,74.125.24.0-255,5738,145319,58,156993
15726,0.023469,172.31.46.0-255,66,145385,58,156993
15727,0.025822,74.125.24.0-255,5738,151123,58,156993
15728,0.025831,172.31.46.0-255,66,151189,58,156993
15729,0.028176,74.125.24.0-255,5738,156927,58,156993
15730,0.028188,172.31.46.0-255,66,156993,58,156993
15731,0.0,74.125.24.0-255,155,155,58,159321
15732,1.6e-05,172.31.46.0-255,66,221,58,159321
15733,2.2e-05,74.125.24.0-255,1484,1705,58,159321
15734,2.7e-05,172.31.46.0-255,66,1771,58,159321
15735,5.7e-05,74.125.24.0-255,1484,3255,58,159321
15736,6.1e-05,172.31.46.0-255,66,3321,58,159321
15737,7.7e-05,74.125.24.0-255,1484,4805,58,159321
15738,8.5e-05,172.31.46.0-255,66,4871,58,159321
15739,9.1e-05,74.125.24.0-255,4320,9191,58,159321
15740,9.4e-05,172.31.46.0-255,66,9257,58,159321
15741,9.9e-05,74.125.24.0-255,2902,12159,58,159321
15742,0.000101,172.31.46.0-255,66,12225,58,159321
15743,0.000123,74.125.24.0-255,2083,14308,58,159321
15744,0.000126,172.31.46.0-255,66,14374,58,159321
15745,0.000195,74.125.24.0-255,1484,15858,58,159321
15746,0.000198,172.31.46.0-255,66,15924,58,159321
15747,0.000227,74.125.24.0-255,2902,18826,58,159321
15748,0.00023,172.31.46.0-255,66,18892,58,159321
15749,0.000236,74.125.24.0-255,5738,24630,58,159321
15750,0.000239,172.31.46.0-255,66,24696,58,159321
15751,0.00026,74.125.24.0-255,2902,27598,58,159321
15752,0.000262,172.31.46.0-255,66,27664,58,159321
15753,0.000281,74.125.24.0-255,3961,31625,58,159321
15754,0.000284,172.31.46.0-255,66,31691,58,159321
15755,0.000305,74.125.24.0-255,1484,33175,58,159321
15756,0.000307,172.31.46.0-255,66,33241,58,159321
15757,0.000312,74.125.24.0-255,2902,36143,58,159321
15758,0.000314,172.31.46.0-255,66,36209,58,159321
15759,0.000342,74.125.24.0-255,5738,41947,58,159321
15760,0.000345,172.31.46.0-255,66,42013,58,159321
15761,0.000351,74.125.24.0-255,5738,47751,58,159321
15762,0.000354,172.31.46.0-255,66,47817,58,159321
15763,0.000383,74.125.24.0-255,1125,48942,58,159321
15764,0.000931,172.31.46.0-255,66,49008,58,159321
15765,0.001212,74.125.24.0-255,1484,50492,58,159321
15766,0.001222,74.125.24.0-255,2902,53394,58,159321
15767,0.001226,172.31.46.0-255,66,53460,58,159321
15768,0.001234,74.125.24.0-255,5738,59198,58,159321
15769,0.001237,172.31.46.0-255,66,59264,58,159321
15770,0.001278,74.125.24.0-255,6797,66061,58,159321
15771,0.00128,172.31.46.0-255,66,66127,58,159321
15772,0.001319,74.125.24.0-255,5738,71865,58,159321
15773,0.001322,172.31.46.0-255,66,71931,58,159321
15774,0.001346,74.125.24.0-255,1484,73415,58,159321
15775,0.001351,74.125.24.0-255,1484,74899,58,159321
15776,0.001353,172.31.46.0-255,66,74965,58,159321
15777,0.001367,172.31.46.0-255,66,75031,58,159321
15778,0.001372,74.125.24.0-255,2902,77933,58,159321
15779,0.001374,172.31.46.0-255,66,77999,58,159321
15780,0.001421,172.31.46.0-255,66,78065,58,159321
15781,0.003396,74.125.24.0-255,5738,83803,58,159321
15782,0.003404,172.31.46.0-255,66,83869,58,159321
15783,0.005381,74.125.24.0-255,5738,89607,58,159321
15784,0.005387,172.31.46.0-255,66,89673,58,159321
15785,0.007368,74.125.24.0-255,5738,95411,58,159321
15786,0.007373,172.31.46.0-255,66,95477,58,159321
15787,0.009348,74.125.24.0-255,5738,101215,58,159321
15788,0.009355,172.31.46.0-255,66,101281,58,159321
15789,0.011317,74.125.24.0-255,5738,107019,58,159321
15790,0.011324,172.31.46.0-255,66,107085,58,159321
15791,0.01335,74.125.24.0-255,5738,112823,58,159321
15792,0.013359,172.31.46.0-255,66,112889,58,159321
15793,0.015333,74.125.24.0-255,5738,118627,58,159321
15794,0.015344,172.31.46.0-255,66,118693,58,159321
15795,0.017331,74.125.24.0-255,5738,124431,58,159321
15796,0.017344,172.31.46.0-255,66,124497,58,159321
15797,0.019303,74.125.24.0-255,5738,130235,58,159321
15798,0.01931,172.31.46.0-255,66,130301,58,159321
15799,0.021305,74.125.24.0-255,5738,136039,58,159321
15800,0.021313,172.31.46.0-255,66,136105,58,159321
15801,0.023329,74.125.24.0-255,5738,141843,58,159321
15802,0.023336,172.31.46.0-255,66,141909,58,159321
15803,0.025306,74.125.24.0-255,5738,147647,58,159321
15804,0.025319,172.31.46.0-255,66,147713,58,159321
15805,0.027321,74.125.24.0-255,5738,153451,58,159321
15806,0.027329,172.31.46.0-255,66,153517,58,159321
15807,0.029326,74.125.24.0-255,5738,159255,58,159321
15808,0.029338,172.31.46.0-255,66,159321,58,159321
15809,0.0,172.217.194.0-255,150,150,58,214203
15810,2.6e-05,172.31.46.0-255,66,216,58,214203
15811,3.4e-05,172.217.194.0-255,1484,1700,58,214203
15812,3.9e-05,172.31.46.0-255,66,1766,58,214203
15813,4.6e-05,172.217.194.0-255,2902,4668,58,214203
15814,5e-05,172.31.46.0-255,66,4734,58,214203
15815,5.8e-05,172.217.194.0-255,7156,11890,58,214203
15816,6.1e-05,172.31.46.0-255,66,11956,58,214203
15817,6.7e-05,172.217.194.0-255,1966,13922,58,214203
15818,6.9e-05,172.31.46.0-255,66,13988,58,214203
15819,0.000113,172.217.194.0-255,1484,15472,58,214203
15820,0.000115,172.31.46.0-255,66,15538,58,214203
15821,0.00012,172.217.194.0-255,2902,18440,58,214203
15822,0.000123,172.31.46.0-255,66,18506,58,214203
15823,0.000128,172.217.194.0-255,4320,22826,58,214203
15824,0.000131,172.31.46.0-255,66,22892,58,214203
15825,0.000144,172.217.194.0-255,1484,24376,58,214203
15826,0.000146,172.31.46.0-255,66,24442,58,214203
15827,0.000149,172.217.194.0-255,1484,25926,58,214203
15828,0.000152,172.31.46.0-255,66,25992,58,214203
15829,0.000178,172.217.194.0-255,5379,31371,58,214203
15830,0.000181,172.31.46.0-255,66,31437,58,214203
15831,0.00026,172.217.194.0-255,1484,32921,58,214203
15832,0.000263,172.31.46.0-255,66,32987,58,214203
15833,0.000268,172.217.194.0-255,2902,35889,58,214203
15834,0.00027,172.31.46.0-255,66,35955,58,214203
15835,0.000286,172.217.194.0-255,5738,41693,58,214203
15836,0.000289,172.31.46.0-255,66,41759,58,214203
15837,0.000318,172.31.46.0-255,66,41825,58,214203
15838,0.000322,172.217.194.0-255,2902,44727,58,214203
15839,0.000324,172.31.46.0-255,66,44793,58,214203
15840,0.000343,172.217.194.0-255,7156,51949,58,214203
15841,0.000346,172.31.46.0-255,66,52015,58,214203
15842,0.000351,172.217.194.0-255,4216,56231,58,214203
15843,0.000354,172.31.46.0-255,66,56297,58,214203
15844,0.000383,172.217.194.0-255,432,56729,58,214203
15845,0.000638,172.217.194.0-255,1484,58213,58,214203
15846,0.000644,172.217.194.0-255,2902,61115,58,214203
15847,0.00065,172.31.46.0-255,66,61181,58,214203
15848,0.000655,172.31.46.0-255,66,61247,58,214203
15849,0.000673,172.217.194.0-255,5738,66985,58,214203
15850,0.000676,172.31.46.0-255,66,67051,58,214203
15851,0.000682,172.217.194.0-255,4320,71371,58,214203
15852,0.000684,172.31.46.0-255,66,71437,58,214203
15853,0.000719,172.31.46.0-255,66,71503,58,214203
15854,0.000732,172.31.46.0-255,66,71569,58,214203
15855,0.000874,172.217.194.0-255,1484,73053,58,214203
15856,0.000881,172.217.194.0-255,1484,74537,58,214203
15857,0.000884,172.31.46.0-255,66,74603,58,214203
15858,0.000903,172.217.194.0-255,1484,76087,58,214203
15859,0.000911,172.217.194.0-255,5738,81825,58,214203
15860,0.001054,172.217.194.0-255,1484,83309,58,214203
15861,0.001061,172.217.194.0-255,2902,86211,58,214203
15862,0.001068,172.217.194.0-255,5738,91949,58,214203
15863,0.0011,172.217.194.0-255,7156,99105,58,214203
15864,0.001122,172.217.194.0-255,5738,104843,58,214203
15865,0.001404,172.217.194.0-255,1484,106327,58,214203
15866,0.001413,172.217.194.0-255,2902,109229,58,214203
15867,0.001418,172.217.194.0-255,2902,112131,58,214203
15868,0.001432,172.217.194.0-255,2902,115033,58,214203
15869,0.001448,172.217.194.0-255,5738,120771,58,214203
15870,0.00147,172.217.194.0-255,7156,127927,58,214203
15871,0.001478,172.217.194.0-255,5738,133665,58,214203
15872,0.001505,172.217.194.0-255,5020,138685,58,214203
15873,0.001718,172.31.46.0-255,66,138751,58,214203
15874,0.003768,172.217.194.0-255,5738,144489,58,214203
15875,0.00378,172.31.46.0-255,66,144555,58,214203
15876,0.005843,172.217.194.0-255,5738,150293,58,214203
15877,0.005859,172.31.46.0-255,66,150359,58,214203
15878,0.007904,172.217.194.0-255,5738,156097,58,214203
15879,0.007908,172.31.46.0-255,66,156163,58,214203
15880,0.009927,172.217.194.0-255,5738,161901,58,214203
15881,0.009944,172.31.46.0-255,66,161967,58,214203
15882,0.012026,172.217.194.0-255,5738,167705,58,214203
15883,0.012043,172.31.46.0-255,66,167771,58,214203
15884,0.014075,172.217.194.0-255,5738,173509,58,214203
15885,0.014087,172.31.46.0-255,66,173575,58,214203
15886,0.016165,172.217.194.0-255,5738,179313,58,214203
15887,0.01618,172.31.46.0-255,66,179379,58,214203
15888,0.018209,172.217.194.0-255,5738,185117,58,214203
15889,0.018224,172.31.46.0-255,66,185183,58,214203
15890,0.0203,172.217.194.0-255,5738,190921,58,214203
15891,0.020311,172.31.46.0-255,66,190987,58,214203
15892,0.022367,172.217.194.0-255,5738,196725,58,214203
15893,0.022381,172.31.46.0-255,66,196791,58,214203
15894,0.024443,172.217.194.0-255,5738,202529,58,214203
15895,0.024452,172.31.46.0-255,66,202595,58,214203
15896,0.026478,172.217.194.0-255,5738,208333,58,214203
15897,0.02649,172.31.46.0-255,66,208399,58,214203
15898,0.028519,172.217.194.0-255,5738,214137,58,214203
15899,0.028529,172.31.46.0-255,66,214203,58,214203
15900,0.0,172.217.194.0-255,150,150,58,220032
15901,2.7e-05,172.31.46.0-255,66,216,58,220032
15902,3.4e-05,172.217.194.0-255,1484,1700,58,220032
15903,4e-05,172.31.46.0-255,66,1766,58,220032
15904,4.6e-05,172.217.194.0-255,2902,4668,58,220032
15905,5e-05,172.31.46.0-255,66,4734,58,220032
15906,5.8e-05,172.217.194.0-255,7156,11890,58,220032
15907,6.1e-05,172.31.46.0-255,66,11956,58,220032
15908,6.5e-05,172.217.194.0-255,2005,13961,58,220032
15909,6.8e-05,172.31.46.0-255,66,14027,58,220032
15910,7.7e-05,172.217.194.0-255,7156,21183,58,220032
15911,8e-05,172.31.46.0-255,66,21249,58,220032
15912,0.000104,172.217.194.0-255,4320,25569,58,220032
15913,0.000107,172.31.46.0-255,66,25635,58,220032
15914,0.000115,172.217.194.0-255,7156,32791,58,220032
15915,0.000117,172.31.46.0-255,66,32857,58,220032
15916,0.000147,172.217.194.0-255,5738,38595,58,220032
15917,0.000149,172.31.46.0-255,66,38661,58,220032
15918,0.000161,172.31.46.0-255,66,38727,58,220032
15919,0.000396,172.217.194.0-255,1484,40211,58,220032
15920,0.000401,172.31.46.0-255,66,40277,58,220032
15921,0.000406,172.217.194.0-255,2902,43179,58,220032
15922,0.00041,172.31.46.0-255,66,43245,58,220032
15923,0.000417,172.217.194.0-255,5738,48983,58,220032
15924,0.000419,172.31.46.0-255,66,49049,58,220032
15925,0.000423,172.217.194.0-255,2902,51951,58,220032
15926,0.000426,172.31.46.0-255,66,52017,58,220032
15927,0.000449,172.217.194.0-255,3961,55978,58,220032
15928,0.000452,172.31.46.0-255,66,56044,58,220032
15929,0.000454,172.217.194.0-255,645,56689,58,220032
15930,0.000457,172.31.46.0-255,66,56755,58,220032
15931,0.000501,172.217.194.0-255,1484,58239,58,220032
15932,0.000528,172.217.194.0-255,4320,62559,58,220032
15933,0.000531,172.31.46.0-255,66,62625,58,220032
15934,0.000538,172.217.194.0-255,5738,68363,58,220032
15935,0.00054,172.31.46.0-255,66,68429,58,220032
15936,0.000556,172.217.194.0-255,2902,71331,58,220032
15937,0.000558,172.31.46.0-255,66,71397,58,220032
15938,0.000573,172.217.194.0-255,1995,73392,58,220032
15939,0.000575,172.31.46.0-255,66,73458,58,220032
15940,0.000871,172.217.194.0-255,1484,74942,58,220032
15941,0.00088,172.217.194.0-255,2902,77844,58,220032
15942,0.000884,172.31.46.0-255,66,77910,58,220032
15943,0.000892,172.217.194.0-255,5738,83648,58,220032
15944,0.000895,172.31.46.0-255,66,83714,58,220032
15945,0.000932,172.31.46.0-255,66,83780,58,220032
15946,0.000958,172.217.194.0-255,4320,88100,58,220032
15947,0.000961,172.31.46.0-255,66,88166,58,220032
15948,0.000974,172.31.46.0-255,66,88232,58,220032
15949,0.00147,172.217.194.0-255,1484,89716,58,220032
15950,0.001478,172.217.194.0-255,2902,92618,58,220032
15951,0.001483,172.31.46.0-255,66,92684,58,220032
15952,0.001491,172.217.194.0-255,5738,98422,58,220032
15953,0.001493,172.31.46.0-255,66,98488,58,220032
15954,0.001498,172.217.194.0-255,2902,101390,58,220032
15955,0.001501,172.31.46.0-255,66,101456,58,220032
15956,0.001543,172.31.46.0-255,66,101522,58,220032
15957,0.001548,172.217.194.0-255,4320,105842,58,220032
15958,0.001551,172.31.46.0-255,66,105908,58,220032
15959,0.001573,172.217.194.0-255,6438,112346,58,220032
15960,0.001576,172.31.46.0-255,66,112412,58,220032
15961,0.001592,172.217.194.0-255,1484,113896,58,220032
15962,0.001606,172.217.194.0-255,2902,116798,58,220032
15963,0.001608,172.31.46.0-255,66,116864,58,220032
15964,0.001611,172.217.194.0-255,1484,118348,58,220032
15965,0.001629,172.217.194.0-255,4320,122668,58,220032
15966,0.001632,172.31.46.0-255,66,122734,58,220032
15967,0.001693,172.217.194.0-255,4320,127054,58,220032
15968,0.001717,172.217.194.0-255,5738,132792,58,220032
15969,0.001723,172.217.194.0-255,5020,137812,58,220032
15970,0.001727,172.217.194.0-255,2902,140714,58,220032
15971,0.00175,172.217.194.0-255,2902,143616,58,220032
15972,0.001781,172.217.194.0-255,2902,146518,58,220032
15973,0.001847,172.217.194.0-255,3602,150120,58,220032
15974,0.002063,172.217.194.0-255,1484,151604,58,220032
15975,0.002068,172.217.194.0-255,1484,153088,58,220032
15976,0.00208,172.217.194.0-255,1484,154572,58,220032
15977,0.002084,172.217.194.0-255,2902,157474,58,220032
15978,0.0021,172.217.194.0-255,2902,160376,58,220032
15979,0.00212,172.217.194.0-255,2902,163278,58,220032
15980,0.002269,172.31.46.0-255,66,163344,58,220032
15981,0.004873,172.217.194.0-255,4320,167664,58,220032
15982,0.00488,172.31.46.0-255,66,167730,58,220032
15983,0.004902,172.217.194.0-255,1484,169214,58,220032
15984,0.007454,172.217.194.0-255,4320,173534,58,220032
15985,0.007457,172.31.46.0-255,66,173600,58,220032
15986,0.010056,172.217.194.0-255,5738,179338,58,220032
15987,0.010063,172.31.46.0-255,66,179404,58,220032
15988,0.012645,172.217.194.0-255,5738,185142,58,220032
15989,0.012652,172.31.46.0-255,66,185208,58,220032
15990,0.01524,172.217.194.0-255,5738,190946,58,220032
15991,0.015248,172.31.46.0-255,66,191012,58,220032
15992,0.017841,172.217.194.0-255,5738,196750,58,220032
15993,0.017849,172.31.46.0-255,66,196816,58,220032
15994,0.020437,172.217.194.0-255,5738,202554,58,220032
15995,0.020448,172.31.46.0-255,66,202620,58,220032
15996,0.023064,172.217.194.0-255,5738,208358,58,220032
15997,0.023074,172.31.46.0-255,66,208424,58,220032
15998,0.02567,172.217.194.0-255,5738,214162,58,220032
15999,0.025678,172.31.46.0-255,66,214228,58,220032
16000,0.028296,172.217.194.0-255,5738,219966,58,220032
16001,0.028304,172.31.46.0-255,66,220032,58,220032
16002,0.0,74.125.130.0-255,152,152,58,287556
16003,1.5e-05,172.31.46.0-255,66,218,58,287556
16004,2.1e-05,74.125.130.0-255,1484,1702,58,287556
16005,2.6e-05,172.31.46.0-255,66,1768,58,287556
16006,2.9e-05,74.125.130.0-255,1484,3252,58,287556
16007,3.1e-05,172.31.46.0-255,66,3318,58,287556
16008,3.5e-05,74.125.130.0-255,1484,4802,58,287556
16009,3.8e-05,172.31.46.0-255,66,4868,58,287556
16010,6e-05,74.125.130.0-255,1484,6352,58,287556
16011,6.2e-05,172.31.46.0-255,66,6418,58,287556
16012,7e-05,74.125.130.0-255,5738,12156,58,287556
16013,7.3e-05,172.31.46.0-255,66,12222,58,287556
16014,7.7e-05,74.125.130.0-255,2902,15124,58,287556
16015,8e-05,172.31.46.0-255,66,15190,58,287556
16016,9.3e-05,74.125.130.0-255,664,15854,58,287556
16017,9.5e-05,172.31.46.0-255,66,15920,58,287556
16018,0.000111,74.125.130.0-255,4320,20240,58,287556
16019,0.000113,172.31.46.0-255,66,20306,58,287556
16020,0.000131,74.125.130.0-255,4320,24626,58,287556
16021,0.000134,172.31.46.0-255,66,24692,58,287556
16022,0.000159,74.125.130.0-255,5738,30430,58,287556
16023,0.000161,172.31.46.0-255,66,30496,58,287556
16024,0.000194,74.125.130.0-255,1125,31621,58,287556
16025,0.000196,172.31.46.0-255,66,31687,58,287556
16026,0.000266,74.125.130.0-255,1484,33171,58,287556
16027,0.000269,172.31.46.0-255,66,33237,58,287556
16028,0.000283,74.125.130.0-255,2902,36139,58,287556
16029,0.000285,172.31.46.0-255,66,36205,58,287556
16030,0.00031,74.125.130.0-255,1484,37689,58,287556
16031,0.000314,172.31.46.0-255,66,37755,58,287556
16032,0.000335,74.125.130.0-255,2902,40657,58,287556
16033,0.000338,172.31.46.0-255,66,40723,58,287556
16034,0.000341,74.125.130.0-255,1484,42207,58,287556
16035,0.000358,74.125.130.0-255,2902,45109,58,287556
16036,0.00036,172.31.46.0-255,66,45175,58,287556
16037,0.000397,74.125.130.0-255,3961,49136,58,287556
16038,0.000399,172.31.46.0-255,66,49202,58,287556
16039,0.000598,74.125.130.0-255,1484,50686,58,287556
16040,0.000602,74.125.130.0-255,1484,52170,58,287556
16041,0.000606,172.31.46.0-255,66,52236,58,287556
16042,0.000618,74.125.130.0-255,1484,53720,58,287556
16043,0.000625,74.125.130.0-255,5738,59458,58,287556
16044,0.000628,172.31.46.0-255,66,59524,58,287556
16045,0.000633,74.125.130.0-255,2902,62426,58,287556
16046,0.000635,172.31.46.0-255,66,62492,58,287556
16047,0.000651,74.125.130.0-255,2902,65394,58,287556
16048,0.000653,172.31.46.0-255,66,65460,58,287556
16049,0.000679,74.125.130.0-255,1440,66900,58,287556
16050,0.00072,74.125.130.0-255,362,67262,58,287556
16051,0.000723,172.31.46.0-255,66,67328,58,287556
16052,0.000861,74.125.130.0-255,1484,68812,58,287556
16053,0.000876,74.125.130.0-255,2902,71714,58,287556
16054,0.00088,172.31.46.0-255,66,71780,58,287556
16055,0.000884,74.125.130.0-255,1484,73264,58,287556
16056,0.0009,74.125.130.0-255,2902,76166,58,287556
16057,0.000904,172.31.46.0-255,66,76232,58,287556
16058,0.000921,74.125.130.0-255,1484,77716,58,287556
16059,0.000938,74.125.130.0-255,4320,82036,58,287556
16060,0.000941,172.31.46.0-255,66,82102,58,287556
16061,0.000944,74.125.130.0-255,1484,83586,58,287556
16062,0.000981,74.125.130.0-255,1125,84711,58,287556
16063,0.000984,172.31.46.0-255,66,84777,58,287556
16064,0.001104,74.125.130.0-255,1484,86261,58,287556
16065,0.001118,74.125.130.0-255,2902,89163,58,287556
16066,0.001121,172.31.46.0-255,66,89229,58,287556
16067,0.001143,74.125.130.0-255,5738,94967,58,287556
16068,0.001146,172.31.46.0-255,66,95033,58,287556
16069,0.001149,74.125.130.0-255,1484,96517,58,287556
16070,0.001154,74.125.130.0-255,2902,99419,58,287556
16071,0.001156,172.31.46.0-255,66,99485,58,287556
16072,0.001174,74.125.130.0-255,2902,102387,58,287556
16073,0.001178,172.31.46.0-255,66,102453,58,287556
16074,0.001197,74.125.130.0-255,2902,105355,58,287556
16075,0.0012,172.31.46.0-255,66,105421,58,287556
16076,0.001205,74.125.130.0-255,2902,108323,58,287556
16077,0.001207,172.31.46.0-255,66,108389,58,287556
16078,0.001222,74.125.130.0-255,5738,114127,58,287556
16079,0.001225,172.31.46.0-255,66,114193,58,287556
16080,0.001262,74.125.130.0-255,5020,119213,58,287556
16081,0.001269,172.31.46.0-255,66,119279,58,287556
16082,0.001332,74.125.130.0-255,1484,120763,58,287556
16083,0.001346,74.125.130.0-255,1484,122247,58,287556
16084,0.001349,172.31.46.0-255,66,122313,58,287556
16085,0.001352,74.125.130.0-255,1484,123797,58,287556
16086,0.001365,74.125.130.0-255,1484,125281,58,287556
16087,0.001368,172.31.46.0-255,66,125347,58,287556
16088,0.001372,74.125.130.0-255,1484,126831,58,287556
16089,0.001397,74.125.130.0-255,4320,131151,58,287556
16090,0.0014,172.31.46.0-255,66,131217,58,287556
16091,0.001406,74.125.130.0-255,5379,136596,58,287556
16092,0.001408,172.31.46.0-255,66,136662,58,287556
16093,0.001439,74.125.130.0-255,5738,142400,58,287556
16094,0.001443,172.31.46.0-255,66,142466,58,287556
16095,0.001473,74.125.130.0-255,1484,143950,58,287556
16096,0.001485,172.31.46.0-255,66,144016,58,287556
16097,0.001491,74.125.130.0-255,4320,148336,58,287556
16098,0.001496,172.31.46.0-255,66,148402,58,287556
16099,0.001508,74.125.130.0-255,5738,154140,58,287556
16100,0.001514,74.125.130.0-255,5738,159878,58,287556
16101,0.001562,74.125.130.0-255,766,160644,58,287556
16102,0.001567,172.31.46.0-255,66,160710,58,287556
16103,0.001704,74.125.130.0-255,1484,162194,58,287556
16104,0.001707,74.125.130.0-255,1484,163678,58,287556
16105,0.001712,172.31.46.0-255,66,163744,58,287556
16106,0.001729,74.125.130.0-255,1484,165228,58,287556
16107,0.001732,74.125.130.0-255,1484,166712,58,287556
16108,0.00175,74.125.130.0-255,4320,171032,58,287556
16109,0.001753,172.31.46.0-255,66,171098,58,287556
16110,0.001763,74.125.130.0-255,1484,172582,58,287556
16111,0.001765,172.31.46.0-255,66,172648,58,287556
16112,0.001788,74.125.130.0-255,5738,178386,58,287556
16113,0.001791,74.125.130.0-255,1484,179870,58,287556
16114,0.001809,74.125.130.0-255,7156,187026,58,287556
16115,0.001811,74.125.130.0-255,1484,188510,58,287556
16116,0.001815,172.31.46.0-255,66,188576,58,287556
16117,0.001828,74.125.130.0-255,2902,191478,58,287556
16118,0.001831,172.31.46.0-255,66,191544,58,287556
16119,0.001858,74.125.130.0-255,3602,195146,58,287556
16120,0.001871,172.31.46.0-255,66,195212,58,287556
16121,0.002008,74.125.130.0-255,1484,196696,58,287556
16122,0.002022,74.125.130.0-255,2902,199598,58,287556
16123,0.002032,172.31.46.0-255,66,199664,58,287556
16124,0.002057,74.125.130.0-255,5738,205402,58,287556
16125,0.00206,74.125.130.0-255,1484,206886,58,287556
16126,0.002064,172.31.46.0-255,66,206952,58,287556
16127,0.002077,74.125.130.0-255,2902,209854,58,287556
16128,0.0021,74.125.130.0-255,5738,215592,58,287556
16129,0.002104,74.125.130.0-255,2902,218494,58,287556
16130,0.002106,172.31.46.0-255,66,218560,58,287556
16131,0.002112,172.31.46.0-255,66,218626,58,287556
16132,0.002129,74.125.130.0-255,4320,222946,58,287556
16133,0.002147,172.31.46.0-255,66,223012,58,287556
16134,0.002179,74.125.130.0-255,6438,229450,58,287556
16135,0.002205,172.31.46.0-255,66,229516,58,287556
16136,0.004536,74.125.130.0-255,5738,235254,58,287556
16137,0.006996,172.31.46.0-255,66,235320,58,287556
16138,0.009305,74.125.130.0-255,5738,241058,58,287556
16139,0.009312,172.31.46.0-255,66,241124,58,287556
16140,0.011649,74.125.130.0-255,5738,246862,58,287556
16141,0.011657,172.31.46.0-255,66,246928,58,287556
16142,0.01401,74.125.130.0-255,5738,252666,58,287556
16143,0.014019,172.31.46.0-255,66,252732,58,287556
16144,0.016361,74.125.130.0-255,5738,258470,58,287556
16145,0.016376,172.31.46.0-255,66,258536,58,287556
16146,0.01871,74.125.130.0-255,5738,264274,58,287556
16147,0.018722,172.31.46.0-255,66,264340,58,287556
16148,0.021067,74.125.130.0-255,5738,270078,58,287556
16149,0.021084,172.31.46.0-255,66,270144,58,287556
16150,0.023406,74.125.130.0-255,5738,275882,58,287556
16151,0.02342,172.31.46.0-255,66,275948,58,287556
16152,0.025746,74.125.130.0-255,5738,281686,58,287556
16153,0.025758,172.31.46.0-255,66,281752,58,287556
16154,0.02808,74.125.130.0-255,5738,287490,58,287556
16155,0.028088,172.31.46.0-255,66,287556,58,287556
16156,0.0,172.217.194.0-255,152,152,58,195174
16157,2.2e-05,172.31.46.0-255,66,218,58,195174
16158,2.9e-05,172.217.194.0-255,1484,1702,58,195174
16159,3.4e-05,172.31.46.0-255,66,1768,58,195174
16160,3.9e-05,172.217.194.0-255,2902,4670,58,195174
16161,4.3e-05,172.31.46.0-255,66,4736,58,195174
16162,4.9e-05,172.217.194.0-255,4320,9056,58,195174
16163,5.3e-05,172.31.46.0-255,66,9122,58,195174
16164,6e-05,172.217.194.0-255,7156,16278,58,195174
16165,6.4e-05,172.31.46.0-255,66,16344,58,195174
16166,9e-05,172.217.194.0-255,4937,21281,58,195174
16167,9.3e-05,172.31.46.0-255,66,21347,58,195174
16168,0.000107,172.31.46.0-255,66,21413,58,195174
16169,0.000132,172.217.194.0-255,7156,28569,58,195174
16170,0.000135,172.31.46.0-255,66,28635,58,195174
16171,0.000162,172.31.46.0-255,66,28701,58,195174
16172,0.000179,172.217.194.0-255,1484,30185,58,195174
16173,0.000182,172.31.46.0-255,66,30251,58,195174
16174,0.000187,172.217.194.0-255,2902,33153,58,195174
16175,0.000189,172.31.46.0-255,66,33219,58,195174
16176,0.000207,172.217.194.0-255,5738,38957,58,195174
16177,0.000209,172.31.46.0-255,66,39023,58,195174
16178,0.000247,172.217.194.0-255,6797,45820,58,195174
16179,0.00025,172.31.46.0-255,66,45886,58,195174
16180,0.000253,172.217.194.0-255,361,46247,58,195174
16181,0.000255,172.31.46.0-255,66,46313,58,195174
16182,0.000298,172.217.194.0-255,1484,47797,58,195174
16183,0.000301,172.31.46.0-255,66,47863,58,195174
16184,0.000305,172.217.194.0-255,1484,49347,58,195174
16185,0.000307,172.31.46.0-255,66,49413,58,195174
16186,0.000322,172.217.194.0-255,2902,52315,58,195174
16187,0.000325,172.31.46.0-255,66,52381,58,195174
16188,0.000328,172.217.194.0-255,1484,53865,58,195174
16189,0.00035,172.217.194.0-255,4320,58185,58,195174
16190,0.000352,172.31.46.0-255,66,58251,58,195174
16191,0.00037,172.217.194.0-255,1484,59735,58,195174
16192,0.000403,172.31.46.0-255,66,59801,58,195174
16193,0.000425,172.217.194.0-255,2902,62703,58,195174
16194,0.000428,172.31.46.0-255,66,62769,58,195174
16195,0.000439,172.31.46.0-255,66,62835,58,195174
16196,0.000442,172.217.194.0-255,381,63216,58,195174
16197,0.001348,172.31.46.0-255,66,63282,58,195174
16198,0.00181,172.217.194.0-255,1484,64766,58,195174
16199,0.001821,172.217.194.0-255,2902,67668,58,195174
16200,0.001826,172.31.46.0-255,66,67734,58,195174
16201,0.001834,172.217.194.0-255,5738,73472,58,195174
16202,0.001837,172.31.46.0-255,66,73538,58,195174
16203,0.001859,172.217.194.0-255,4320,77858,58,195174
16204,0.001861,172.31.46.0-255,66,77924,58,195174
16205,0.001884,172.217.194.0-255,4320,82244,58,195174
16206,0.001886,172.31.46.0-255,66,82310,58,195174
16207,0.001912,172.217.194.0-255,2902,85212,58,195174
16208,0.001914,172.31.46.0-255,66,85278,58,195174
16209,0.001938,172.217.194.0-255,5738,91016,58,195174
16210,0.00194,172.31.46.0-255,66,91082,58,195174
16211,0.001962,172.217.194.0-255,6438,97520,58,195174
16212,0.001965,172.31.46.0-255,66,97586,58,195174
16213,0.002113,172.217.194.0-255,1484,99070,58,195174
16214,0.00212,172.217.194.0-255,2902,101972,58,195174
16215,0.002124,172.31.46.0-255,66,102038,58,195174
16216,0.00213,172.217.194.0-255,4320,106358,58,195174
16217,0.002132,172.31.46.0-255,66,106424,58,195174
16218,0.002149,172.217.194.0-255,1484,107908,58,195174
16219,0.00216,172.31.46.0-255,66,107974,58,195174
16220,0.00219,172.217.194.0-255,1484,109458,58,195174
16221,0.002229,172.31.46.0-255,66,109524,58,195174
16222,0.002243,172.31.46.0-255,66,109590,58,195174
16223,0.002269,172.217.194.0-255,4320,113910,58,195174
16224,0.002271,172.31.46.0-255,66,113976,58,195174
16225,0.002306,172.31.46.0-255,66,114042,58,195174
16226,0.002312,172.217.194.0-255,4320,118362,58,195174
16227,0.002315,172.31.46.0-255,66,118428,58,195174
16228,0.002345,172.31.46.0-255,66,118494,58,195174
16229,0.002351,172.217.194.0-255,5738,124232,58,195174
16230,0.002353,172.31.46.0-255,66,124298,58,195174
16231,0.002386,172.31.46.0-255,66,124364,58,195174
16232,0.002392,172.217.194.0-255,7156,131520,58,195174
16233,0.002395,172.31.46.0-255,66,131586,58,195174
16234,0.00241,172.217.194.0-255,3602,135188,58,195174
16235,0.002413,172.31.46.0-255,66,135254,58,195174
16236,0.002456,172.31.46.0-255,66,135320,58,195174
16237,0.002475,172.217.194.0-255,1484,136804,58,195174
16238,0.002497,172.31.46.0-255,66,136870,58,195174
16239,0.002515,172.31.46.0-255,66,136936,58,195174
16240,0.00253,172.31.46.0-255,66,137002,58,195174
16241,0.002604,172.31.46.0-255,66,137068,58,195174
16242,0.005145,172.217.194.0-255,1484,138552,58,195174
16243,0.00516,172.217.194.0-255,4320,142872,58,195174
16244,0.005163,172.31.46.0-255,66,142938,58,195174
16245,0.007722,172.217.194.0-255,5738,148676,58,195174
16246,0.007731,172.31.46.0-255,66,148742,58,195174
16247,0.010309,172.217.194.0-255,5738,154480,58,195174
16248,0.010316,172.31.46.0-255,66,154546,58,195174
16249,0.012907,172.217.194.0-255,5738,160284,58,195174
16250,0.012915,172.31.46.0-255,66,160350,58,195174
16251,0.015479,172.217.194.0-255,5738,166088,58,195174
16252,0.015495,172.31.46.0-255,66,166154,58,195174
16253,0.018061,172.217.194.0-255,5738,171892,58,195174
16254,0.018078,172.31.46.0-255,66,171958,58,195174
16255,0.020631,172.217.194.0-255,5738,177696,58,195174
16256,0.020647,172.31.46.0-255,66,177762,58,195174
16257,0.023242,172.217.194.0-255,5738,183500,58,195174
16258,0.023259,172.31.46.0-255,66,183566,58,195174
16259,0.025822,172.217.194.0-255,5738,189304,58,195174
16260,0.025837,172.31.46.0-255,66,189370,58,195174
16261,0.028401,172.217.194.0-255,5738,195108,58,195174
16262,0.028413,172.31.46.0-255,66,195174,58,195174
16263,0.0,172.217.194.0-255,314,314,58,183901
16264,1.5e-05,172.31.46.0-255,66,380,58,183901
16265,2.1e-05,172.217.194.0-255,1484,1864,58,183901
16266,2.7e-05,172.31.46.0-255,66,1930,58,183901
16267,5.4e-05,172.217.194.0-255,4320,6250,58,183901
16268,5.7e-05,172.31.46.0-255,66,6316,58,183901
16269,6.8e-05,172.31.46.0-255,66,6382,58,183901
16270,0.000325,172.217.194.0-255,1484,7866,58,183901
16271,0.000331,172.31.46.0-255,66,7932,58,183901
16272,0.000335,172.217.194.0-255,1484,9416,58,183901
16273,0.000338,172.31.46.0-255,66,9482,58,183901
16274,0.000351,172.217.194.0-255,1484,10966,58,183901
16275,0.000353,172.31.46.0-255,66,11032,58,183901
16276,0.00036,172.217.194.0-255,5738,16770,58,183901
16277,0.000364,172.31.46.0-255,66,16836,58,183901
16278,0.000371,172.217.194.0-255,6797,23633,58,183901
16279,0.000374,172.31.46.0-255,66,23699,58,183901
16280,0.000486,172.217.194.0-255,1484,25183,58,183901
16281,0.000491,172.31.46.0-255,66,25249,58,183901
16282,0.000495,172.217.194.0-255,1484,26733,58,183901
16283,0.000497,172.31.46.0-255,66,26799,58,183901
16284,0.000508,172.217.194.0-255,1484,28283,58,183901
16285,0.000511,172.31.46.0-255,66,28349,58,183901
16286,0.000528,172.217.194.0-255,1484,29833,58,183901
16287,0.00053,172.31.46.0-255,66,29899,58,183901
16288,0.000534,172.217.194.0-255,2902,32801,58,183901
16289,0.000537,172.31.46.0-255,66,32867,58,183901
16290,0.000564,172.217.194.0-255,5738,38605,58,183901
16291,0.000567,172.31.46.0-255,66,38671,58,183901
16292,0.000587,172.217.194.0-255,2543,41214,58,183901
16293,0.00059,172.31.46.0-255,66,41280,58,183901
16294,0.000605,172.217.194.0-255,5738,47018,58,183901
16295,0.000607,172.31.46.0-255,66,47084,58,183901
16296,0.00067,172.217.194.0-255,4320,51404,58,183901
16297,0.000675,172.31.46.0-255,66,51470,58,183901
16298,0.000683,172.217.194.0-255,6797,58267,58,183901
16299,0.000685,172.31.46.0-255,66,58333,58,183901
16300,0.0007,172.217.194.0-255,646,58979,58,183901
16301,0.001104,172.217.194.0-255,1484,60463,58,183901
16302,0.00111,172.31.46.0-255,66,60529,58,183901
16303,0.001116,172.217.194.0-255,2902,63431,58,183901
16304,0.001119,172.31.46.0-255,66,63497,58,183901
16305,0.001126,172.217.194.0-255,5738,69235,58,183901
16306,0.001128,172.31.46.0-255,66,69301,58,183901
16307,0.001135,172.217.194.0-255,5738,75039,58,183901
16308,0.001137,172.31.46.0-255,66,75105,58,183901
16309,0.001153,172.217.194.0-255,1484,76589,58,183901
16310,0.001166,172.31.46.0-255,66,76655,58,183901
16311,0.001187,172.217.194.0-255,2902,79557,58,183901
16312,0.001189,172.31.46.0-255,66,79623,58,183901
16313,0.001193,172.217.194.0-255,2184,81807,58,183901
16314,0.001196,172.31.46.0-255,66,81873,58,183901
16315,0.001247,172.217.194.0-255,1484,83357,58,183901
16316,0.001252,172.217.194.0-255,2902,86259,58,183901
16317,0.001255,172.31.46.0-255,66,86325,58,183901
16318,0.00126,172.217.194.0-255,2902,89227,58,183901
16319,0.001262,172.31.46.0-255,66,89293,58,183901
16320,0.001275,172.217.194.0-255,2902,92195,58,183901
16321,0.001278,172.31.46.0-255,66,92261,58,183901
16322,0.001283,172.217.194.0-255,4320,96581,58,183901
16323,0.001286,172.31.46.0-255,66,96647,58,183901
16324,0.001318,172.217.194.0-255,7156,103803,58,183901
16325,0.001321,172.31.46.0-255,66,103869,58,183901
16326,0.001332,172.217.194.0-255,1484,105353,58,183901
16327,0.001363,172.31.46.0-255,66,105419,58,183901
16328,0.001376,172.31.46.0-255,66,105485,58,183901
16329,0.001444,172.31.46.0-255,66,105551,58,183901
16330,0.001473,172.31.46.0-255,66,105617,58,183901
16331,0.001484,172.31.46.0-255,66,105683,58,183901
16332,0.001494,172.31.46.0-255,66,105749,58,183901
16333,0.001512,172.31.46.0-255,66,105815,58,183901
16334,0.001533,172.217.194.0-255,1484,107299,58,183901
16335,0.001552,172.217.194.0-255,2902,110201,58,183901
16336,0.001555,172.31.46.0-255,66,110267,58,183901
16337,0.001559,172.217.194.0-255,2902,113169,58,183901
16338,0.001561,172.31.46.0-255,66,113235,58,183901
16339,0.001575,172.217.194.0-255,2902,116137,58,183901
16340,0.001577,172.31.46.0-255,66,116203,58,183901
16341,0.001583,172.217.194.0-255,4320,120523,58,183901
16342,0.001585,172.31.46.0-255,66,120589,58,183901
16343,0.001625,172.31.46.0-255,66,120655,58,183901
16344,0.001637,172.31.46.0-255,66,120721,58,183901
16345,0.001639,172.217.194.0-255,766,121487,58,183901
16346,0.001714,172.217.194.0-255,1484,122971,58,183901
16347,0.001718,172.31.46.0-255,66,123037,58,183901
16348,0.001723,172.217.194.0-255,2902,125939,58,183901
16349,0.001726,172.31.46.0-255,66,126005,58,183901
16350,0.001732,172.217.194.0-255,5738,131743,58,183901
16351,0.001734,172.31.46.0-255,66,131809,58,183901
16352,0.00178,172.31.46.0-255,66,131875,58,183901
16353,0.001792,172.31.46.0-255,66,131941,58,183901
16354,0.001834,172.217.194.0-255,1484,133425,58,183901
16355,0.001848,172.217.194.0-255,2902,136327,58,183901
16356,0.001851,172.31.46.0-255,66,136393,58,183901
16357,0.001858,172.217.194.0-255,5738,142131,58,183901
16358,0.00186,172.31.46.0-255,66,142197,58,183901
16359,0.001895,172.31.46.0-255,66,142263,58,183901
16360,0.001915,172.217.194.0-255,4320,146583,58,183901
16361,0.001917,172.31.46.0-255,66,146649,58,183901
16362,0.00195,172.217.194.0-255,6438,153087,58,183901
16363,0.001954,172.31.46.0-255,66,153153,58,183901
16364,0.00209,172.217.194.0-255,1484,154637,58,183901
16365,0.002108,172.217.194.0-255,2902,157539,58,183901
16366,0.002112,172.31.46.0-255,66,157605,58,183901
16367,0.002119,172.217.194.0-255,5738,163343,58,183901
16368,0.002121,172.31.46.0-255,66,163409,58,183901
16369,0.002124,172.217.194.0-255,1484,164893,58,183901
16370,0.002169,172.31.46.0-255,66,164959,58,183901
16371,0.002181,172.31.46.0-255,66,165025,58,183901
16372,0.0022,172.217.194.0-255,1484,166509,58,183901
16373,0.002205,172.217.194.0-255,2902,169411,58,183901
16374,0.002207,172.31.46.0-255,66,169477,58,183901
16375,0.002244,172.217.194.0-255,1484,170961,58,183901
16376,0.002269,172.217.194.0-255,4320,175281,58,183901
16377,0.002272,172.31.46.0-255,66,175347,58,183901
16378,0.002286,172.31.46.0-255,66,175413,58,183901
16379,0.002298,172.31.46.0-255,66,175479,58,183901
16380,0.002317,172.217.194.0-255,2902,178381,58,183901
16381,0.002319,172.31.46.0-255,66,178447,58,183901
16382,0.002354,172.31.46.0-255,66,178513,58,183901
16383,0.00236,172.217.194.0-255,4879,183392,58,183901
16384,0.002363,172.31.46.0-255,66,183458,58,183901
16385,0.002366,172.217.194.0-255,105,183563,58,183901
16386,0.003018,172.31.46.0-255,101,183664,58,183901
16387,0.00504,172.217.194.0-255,66,183730,58,183901
16388,0.010648,172.31.46.0-255,105,183835,58,183901
16389,0.012659,172.217.194.0-255,66,183901,58,183901
16390,0.0,74.125.68.0-255,150,150,58,241438
16391,2.2e-05,172.31.46.0-255,66,216,58,241438
16392,2.9e-05,74.125.68.0-255,1484,1700,58,241438
16393,3.3e-05,172.31.46.0-255,66,1766,58,241438
16394,3.9e-05,74.125.68.0-255,2902,4668,58,241438
16395,5.1e-05,172.31.46.0-255,66,4734,58,241438
16396,5.7e-05,74.125.68.0-255,4320,9054,58,241438
16397,6.1e-05,172.31.46.0-255,66,9120,58,241438
16398,6.7e-05,74.125.68.0-255,4786,13906,58,241438
16399,7e-05,172.31.46.0-255,66,13972,58,241438
16400,0.000241,74.125.68.0-255,1484,15456,58,241438
16401,0.000246,172.31.46.0-255,66,15522,58,241438
16402,0.000277,74.125.68.0-255,2902,18424,58,241438
16403,0.000279,172.31.46.0-255,66,18490,58,241438
16404,0.000285,74.125.68.0-255,4320,22810,58,241438
16405,0.000289,172.31.46.0-255,66,22876,58,241438
16406,0.0003,74.125.68.0-255,5738,28614,58,241438
16407,0.000303,172.31.46.0-255,66,28680,58,241438
16408,0.000332,74.125.68.0-255,2543,31223,58,241438
16409,0.000334,172.31.46.0-255,66,31289,58,241438
16410,0.000408,74.125.68.0-255,1484,32773,58,241438
16411,0.000411,172.31.46.0-255,66,32839,58,241438
16412,0.000414,74.125.68.0-255,1484,34323,58,241438
16413,0.000417,172.31.46.0-255,66,34389,58,241438
16414,0.000437,74.125.68.0-255,2902,37291,58,241438
16415,0.000439,172.31.46.0-255,66,37357,58,241438
16416,0.000467,74.125.68.0-255,4320,41677,58,241438
16417,0.00047,172.31.46.0-255,66,41743,58,241438
16418,0.000498,74.125.68.0-255,1484,43227,58,241438
16419,0.0005,172.31.46.0-255,66,43293,58,241438
16420,0.000503,74.125.68.0-255,1484,44777,58,241438
16421,0.000505,172.31.46.0-255,66,44843,58,241438
16422,0.00051,74.125.68.0-255,2902,47745,58,241438
16423,0.000529,74.125.68.0-255,4320,52065,58,241438
16424,0.000556,74.125.68.0-255,2543,54608,58,241438
16425,0.000563,74.125.68.0-255,7156,61764,58,241438
16426,0.000575,172.31.46.0-255,66,61830,58,241438
16427,0.000597,74.125.68.0-255,4234,66064,58,241438
16428,0.000609,74.125.68.0-255,414,66478,58,241438
16429,0.000631,172.31.46.0-255,66,66544,58,241438
16430,0.000835,74.125.68.0-255,1484,68028,58,241438
16431,0.000842,74.125.68.0-255,2902,70930,58,241438
16432,0.000849,172.31.46.0-255,66,70996,58,241438
16433,0.000881,74.125.68.0-255,5738,76734,58,241438
16434,0.000888,74.125.68.0-255,5738,82472,58,241438
16435,0.000891,74.125.68.0-255,1484,83956,58,241438
16436,0.000903,74.125.68.0-255,4320,88276,58,241438
16437,0.000913,74.125.68.0-255,1484,89760,58,241438
16438,0.000921,172.31.46.0-255,66,89826,58,241438
16439,0.000973,74.125.68.0-255,7156,96982,58,241438
16440,0.000982,172.31.46.0-255,66,97048,58,241438
16441,0.000993,74.125.68.0-255,3602,100650,58,241438
16442,0.001004,172.31.46.0-255,66,100716,58,241438
16443,0.001098,74.125.68.0-255,1484,102200,58,241438
16444,0.001103,74.125.68.0-255,2902,105102,58,241438
16445,0.00111,172.31.46.0-255,66,105168,58,241438
16446,0.00113,74.125.68.0-255,5738,110906,58,241438
16447,0.001138,74.125.68.0-255,5738,116644,58,241438
16448,0.001155,74.125.68.0-255,2902,119546,58,241438
16449,0.001168,74.125.68.0-255,4320,123866,58,241438
16450,0.001172,172.31.46.0-255,66,123932,58,241438
16451,0.001177,172.31.46.0-255,66,123998,58,241438
16452,0.001186,74.125.68.0-255,2902,126900,58,241438
16453,0.001226,172.31.46.0-255,66,126966,58,241438
16454,0.001496,74.125.68.0-255,1484,128450,58,241438
16455,0.001502,74.125.68.0-255,2902,131352,58,241438
16456,0.001505,172.31.46.0-255,66,131418,58,241438
16457,0.001509,74.125.68.0-255,1484,132902,58,241438
16458,0.001513,74.125.68.0-255,2902,135804,58,241438
16459,0.001524,74.125.68.0-255,5738,141542,58,241438
16460,0.001601,172.31.46.0-255,66,141608,58,241438
16461,0.001631,172.31.46.0-255,66,141674,58,241438
16462,0.001684,74.125.68.0-255,1484,143158,58,241438
16463,0.001736,74.125.68.0-255,2902,146060,58,241438
16464,0.001741,74.125.68.0-255,2902,148962,58,241438
16465,0.00175,172.31.46.0-255,66,149028,58,241438
16466,0.001773,74.125.68.0-255,2902,151930,58,241438
16467,0.001809,74.125.68.0-255,5020,156950,58,241438
16468,0.001818,172.31.46.0-255,66,157016,58,241438
16469,0.002,74.125.68.0-255,1484,158500,58,241438
16470,0.002014,74.125.68.0-255,2902,161402,58,241438
16471,0.002017,74.125.68.0-255,1484,162886,58,241438
16472,0.002026,172.31.46.0-255,66,162952,58,241438
16473,0.002036,74.125.68.0-255,4320,167272,58,241438
16474,0.002047,172.31.46.0-255,66,167338,58,241438
16475,0.002075,74.125.68.0-255,4320,171658,58,241438
16476,0.002085,172.31.46.0-255,66,171724,58,241438
16477,0.004051,74.125.68.0-255,1484,173208,58,241438
16478,0.004084,74.125.68.0-255,4320,177528,58,241438
16479,0.004089,172.31.46.0-255,66,177594,58,241438
16480,0.006117,74.125.68.0-255,5738,183332,58,241438
16481,0.00952,172.31.46.0-255,66,183398,58,241438
16482,0.01155,74.125.68.0-255,5738,189136,58,241438
16483,0.011559,172.31.46.0-255,66,189202,58,241438
16484,0.013573,74.125.68.0-255,5738,194940,58,241438
16485,0.013582,172.31.46.0-255,66,195006,58,241438
16486,0.015604,74.125.68.0-255,5738,200744,58,241438
16487,0.015613,172.31.46.0-255,66,200810,58,241438
16488,0.017647,74.125.68.0-255,5738,206548,58,241438
16489,0.017659,172.31.46.0-255,66,206614,58,241438
16490,0.019687,74.125.68.0-255,5738,212352,58,241438
16491,0.019692,172.31.46.0-255,66,212418,58,241438
16492,0.021724,74.125.68.0-255,5738,218156,58,241438
16493,0.021732,172.31.46.0-255,66,218222,58,241438
16494,0.023739,74.125.68.0-255,5738,223960,58,241438
16495,0.023746,172.31.46.0-255,66,224026,58,241438
16496,0.025766,74.125.68.0-255,5738,229764,58,241438
16497,0.025773,172.31.46.0-255,66,229830,58,241438
16498,0.027805,74.125.68.0-255,5738,235568,58,241438
16499,0.027813,172.31.46.0-255,66,235634,58,241438
16500,0.02983,74.125.68.0-255,5738,241372,58,241438
16501,0.029854,172.31.46.0-255,66,241438,58,241438
16502,0.0,74.125.24.0-255,150,150,58,212800
16503,1.4e-05,172.31.46.0-255,66,216,58,212800
16504,3.6e-05,74.125.24.0-255,1484,1700,58,212800
16505,4e-05,172.31.46.0-255,66,1766,58,212800
16506,4.6e-05,74.125.24.0-255,2902,4668,58,212800
16507,4.9e-05,172.31.46.0-255,66,4734,58,212800
16508,6.8e-05,74.125.24.0-255,4320,9054,58,212800
16509,7.1e-05,172.31.46.0-255,66,9120,58,212800
16510,9.5e-05,74.125.24.0-255,2902,12022,58,212800
16511,9.8e-05,172.31.46.0-255,66,12088,58,212800
16512,0.000103,74.125.24.0-255,1994,14082,58,212800
16513,0.000105,172.31.46.0-255,66,14148,58,212800
16514,0.00012,74.125.24.0-255,2902,17050,58,212800
16515,0.000122,172.31.46.0-255,66,17116,58,212800
16516,0.000154,172.31.46.0-255,66,17182,58,212800
16517,0.00016,74.125.24.0-255,5379,22561,58,212800
16518,0.000162,172.31.46.0-255,66,22627,58,212800
16519,0.000204,74.125.24.0-255,1484,24111,58,212800
16520,0.000206,172.31.46.0-255,66,24177,58,212800
16521,0.000224,74.125.24.0-255,2902,27079,58,212800
16522,0.000227,172.31.46.0-255,66,27145,58,212800
16523,0.000231,74.125.24.0-255,2902,30047,58,212800
16524,0.000233,172.31.46.0-255,66,30113,58,212800
16525,0.000256,74.125.24.0-255,7156,37269,58,212800
16526,0.000259,172.31.46.0-255,66,37335,58,212800
16527,0.000283,74.125.24.0-255,2543,39878,58,212800
16528,0.000286,172.31.46.0-255,66,39944,58,212800
16529,0.000332,74.125.24.0-255,1484,41428,58,212800
16530,0.000334,172.31.46.0-255,66,41494,58,212800
16531,0.000338,74.125.24.0-255,1484,42978,58,212800
16532,0.00034,172.31.46.0-255,66,43044,58,212800
16533,0.000353,74.125.24.0-255,1484,44528,58,212800
16534,0.000358,74.125.24.0-255,2902,47430,58,212800
16535,0.000361,172.31.46.0-255,66,47496,58,212800
16536,0.000376,74.125.24.0-255,2902,50398,58,212800
16537,0.000378,172.31.46.0-255,66,50464,58,212800
16538,0.000394,74.125.24.0-255,2902,53366,58,212800
16539,0.000397,172.31.46.0-255,66,53432,58,212800
16540,0.000415,74.125.24.0-255,3961,57393,58,212800
16541,0.000417,172.31.46.0-255,66,57459,58,212800
16542,0.000806,74.125.24.0-255,646,58105,58,212800
16543,0.001032,172.31.46.0-255,66,58171,58,212800
16544,0.001552,74.125.24.0-255,1484,59655,58,212800
16545,0.001561,74.125.24.0-255,2902,62557,58,212800
16546,0.001565,172.31.46.0-255,66,62623,58,212800
16547,0.00157,74.125.24.0-255,2902,65525,58,212800
16548,0.001572,172.31.46.0-255,66,65591,58,212800
16549,0.001601,74.125.24.0-255,2902,68493,58,212800
16550,0.001603,172.31.46.0-255,66,68559,58,212800
16551,0.001618,74.125.24.0-255,4320,72879,58,212800
16552,0.001619,172.31.46.0-255,66,72945,58,212800
16553,0.001624,74.125.24.0-255,4320,77265,58,212800
16554,0.001626,172.31.46.0-255,66,77331,58,212800
16555,0.00165,74.125.24.0-255,4320,81651,58,212800
16556,0.001653,172.31.46.0-255,66,81717,58,212800
16557,0.001662,172.31.46.0-255,66,81783,58,212800
16558,0.001677,74.125.24.0-255,1484,83267,58,212800
16559,0.001694,74.125.24.0-255,766,84033,58,212800
16560,0.001696,172.31.46.0-255,66,84099,58,212800
16561,0.003796,74.125.24.0-255,1484,85583,58,212800
16562,0.003804,74.125.24.0-255,2902,88485,58,212800
16563,0.003808,172.31.46.0-255,66,88551,58,212800
16564,0.003829,74.125.24.0-255,5738,94289,58,212800
16565,0.003831,172.31.46.0-255,66,94355,58,212800
16566,0.003834,74.125.24.0-255,1484,95839,58,212800
16567,0.003856,172.31.46.0-255,66,95905,58,212800
16568,0.003897,74.125.24.0-255,1484,97389,58,212800
16569,0.003913,74.125.24.0-255,5738,103127,58,212800
16570,0.003915,172.31.46.0-255,66,103193,58,212800
16571,0.003932,74.125.24.0-255,3602,106795,58,212800
16572,0.003934,172.31.46.0-255,66,106861,58,212800
16573,0.004114,74.125.24.0-255,1484,108345,58,212800
16574,0.004119,74.125.24.0-255,2902,111247,58,212800
16575,0.004121,172.31.46.0-255,66,111313,58,212800
16576,0.00414,74.125.24.0-255,5738,117051,58,212800
16577,0.004142,172.31.46.0-255,66,117117,58,212800
16578,0.004148,74.125.24.0-255,5738,122855,58,212800
16579,0.00415,172.31.46.0-255,66,122921,58,212800
16580,0.004154,74.125.24.0-255,2902,125823,58,212800
16581,0.004156,172.31.46.0-255,66,125889,58,212800
16582,0.004174,74.125.24.0-255,1484,127373,58,212800
16583,0.004177,74.125.24.0-255,1484,128857,58,212800
16584,0.004178,172.31.46.0-255,66,128923,58,212800
16585,0.004183,74.125.24.0-255,2902,131825,58,212800
16586,0.004184,172.31.46.0-255,66,131891,58,212800
16587,0.004199,74.125.24.0-255,4320,136211,58,212800
16588,0.004201,172.31.46.0-255,66,136277,58,212800
16589,0.004216,74.125.24.0-255,2902,139179,58,212800
16590,0.004218,172.31.46.0-255,66,139245,58,212800
16591,0.00422,74.125.24.0-255,1484,140729,58,212800
16592,0.004223,74.125.24.0-255,766,141495,58,212800
16593,0.004224,172.31.46.0-255,66,141561,58,212800
16594,0.004227,74.125.24.0-255,1484,143045,58,212800
16595,0.004248,74.125.24.0-255,7156,150201,58,212800
16596,0.004251,172.31.46.0-255,66,150267,58,212800
16597,0.004255,74.125.24.0-255,1484,151751,58,212800
16598,0.004258,74.125.24.0-255,1484,153235,58,212800
16599,0.00426,172.31.46.0-255,66,153301,58,212800
16600,0.004262,74.125.24.0-255,1484,154785,58,212800
16601,0.004307,172.31.46.0-255,66,154851,58,212800
16602,0.004324,74.125.24.0-255,1484,156335,58,212800
16603,0.004329,74.125.24.0-255,3602,159937,58,212800
16604,0.004331,172.31.46.0-255,66,160003,58,212800
16605,0.00462,74.125.24.0-255,1484,161487,58,212800
16606,0.004639,74.125.24.0-255,2902,164389,58,212800
16607,0.004642,172.31.46.0-255,66,164455,58,212800
16608,0.004648,74.125.24.0-255,4320,168775,58,212800
16609,0.004652,172.31.46.0-255,66,168841,58,212800
16610,0.004668,74.125.24.0-255,1484,170325,58,212800
16611,0.004674,74.125.24.0-255,4320,174645,58,212800
16612,0.004677,172.31.46.0-255,66,174711,58,212800
16613,0.004714,172.31.46.0-255,66,174777,58,212800
16614,0.00474,172.31.46.0-255,66,174843,58,212800
16615,0.004833,74.125.24.0-255,1484,176327,58,212800
16616,0.004838,74.125.24.0-255,2902,179229,58,212800
16617,0.00484,172.31.46.0-255,66,179295,58,212800
16618,0.004862,74.125.24.0-255,5738,185033,58,212800
16619,0.004864,172.31.46.0-255,66,185099,58,212800
16620,0.004873,74.125.24.0-255,4320,189419,58,212800
16621,0.004876,172.31.46.0-255,66,189485,58,212800
16622,0.004891,74.125.24.0-255,2902,192387,58,212800
16623,0.004894,172.31.46.0-255,66,192453,58,212800
16624,0.004928,172.31.46.0-255,66,192519,58,212800
16625,0.004941,172.31.46.0-255,66,192585,58,212800
16626,0.004955,74.125.24.0-255,5738,198323,58,212800
16627,0.004958,172.31.46.0-255,66,198389,58,212800
16628,0.004993,172.31.46.0-255,66,198455,58,212800
16629,0.005029,172.31.46.0-255,66,198521,58,212800
16630,0.005081,172.31.46.0-255,66,198587,58,212800
16631,0.005127,172.31.46.0-255,66,198653,58,212800
16632,0.005151,172.31.46.0-255,66,198719,58,212800
16633,0.005157,74.125.24.0-255,4320,203039,58,212800
16634,0.005159,172.31.46.0-255,66,203105,58,212800
16635,0.00522,74.125.24.0-255,4320,207425,58,212800
16636,0.005226,74.125.24.0-255,5033,212458,58,212800
16637,0.00523,74.125.24.0-255,105,212563,58,212800
16638,0.005627,172.31.46.0-255,66,212629,58,212800
16639,0.00794,172.31.46.0-255,105,212734,58,212800
16640,0.010505,74.125.24.0-255,66,212800,58,212800
16641,0.0,172.31.46.0-255,105,105,58,459
16642,0.000184,172.31.46.0-255,90,195,58,459
16643,0.000195,172.31.46.0-255,66,261,58,459
16644,0.002237,74.125.200.0-255,66,327,58,459
16645,0.002282,74.125.200.0-255,66,393,58,459
16646,0.002309,172.31.46.0-255,66,459,58,459
16647,0.0,172.31.46.0-255,252,252,58,318
16648,0.005993,172.217.194.0-255,66,318,58,318
16649,0.0,74.125.68.0-255,153,153,58,218103
16650,1.4e-05,172.31.46.0-255,66,219,58,218103
16651,2.1e-05,74.125.68.0-255,1484,1703,58,218103
16652,2.6e-05,172.31.46.0-255,66,1769,58,218103
16653,3.2e-05,74.125.68.0-255,2902,4671,58,218103
16654,3.6e-05,172.31.46.0-255,66,4737,58,218103
16655,4.2e-05,74.125.68.0-255,4320,9057,58,218103
16656,4.5e-05,172.31.46.0-255,66,9123,58,218103
16657,6.6e-05,74.125.68.0-255,1484,10607,58,218103
16658,6.8e-05,172.31.46.0-255,66,10673,58,218103
16659,7.4e-05,74.125.68.0-255,3530,14203,58,218103
16660,7.6e-05,172.31.46.0-255,66,14269,58,218103
16661,8.2e-05,74.125.68.0-255,4320,18589,58,218103
16662,8.4e-05,172.31.46.0-255,66,18655,58,218103
16663,0.000101,74.125.68.0-255,1484,20139,58,218103
16664,0.000104,172.31.46.0-255,66,20205,58,218103
16665,0.000139,172.31.46.0-255,66,20271,58,218103
16666,0.000156,74.125.68.0-255,2543,22814,58,218103
16667,0.000159,172.31.46.0-255,66,22880,58,218103
16668,0.000233,74.125.68.0-255,1484,24364,58,218103
16669,0.000237,172.31.46.0-255,66,24430,58,218103
16670,0.000251,74.125.68.0-255,2902,27332,58,218103
16671,0.000254,172.31.46.0-255,66,27398,58,218103
16672,0.000258,74.125.68.0-255,2902,30300,58,218103
16673,0.00026,172.31.46.0-255,66,30366,58,218103
16674,0.000284,74.125.68.0-255,4320,34686,58,218103
16675,0.000287,172.31.46.0-255,66,34752,58,218103
16676,0.000305,74.125.68.0-255,4320,39072,58,218103
16677,0.000307,172.31.46.0-255,66,39138,58,218103
16678,0.000335,74.125.68.0-255,5738,44876,58,218103
16679,0.000339,172.31.46.0-255,66,44942,58,218103
16680,0.000354,74.125.68.0-255,2902,47844,58,218103
16681,0.000381,74.125.68.0-255,766,48610,58,218103
16682,0.000424,74.125.68.0-255,359,48969,58,218103
16683,0.000464,74.125.68.0-255,1552,50521,58,218103
16684,0.000512,172.31.46.0-255,66,50587,58,218103
16685,0.000517,74.125.68.0-255,2902,53489,58,218103
16686,0.00052,74.125.68.0-255,1484,54973,58,218103
16687,0.000532,74.125.68.0-255,2902,57875,58,218103
16688,0.000535,172.31.46.0-255,66,57941,58,218103
16689,0.000569,74.125.68.0-255,1484,59425,58,218103
16690,0.000585,172.31.46.0-255,66,59491,58,218103
16691,0.000592,74.125.68.0-255,6498,65989,58,218103
16692,0.000601,172.31.46.0-255,66,66055,58,218103
16693,0.000624,74.125.68.0-255,1484,67539,58,218103
16694,0.000635,74.125.68.0-255,1484,69023,58,218103
16695,0.00065,74.125.68.0-255,1484,70507,58,218103
16696,0.000656,74.125.68.0-255,5738,76245,58,218103
16697,0.000658,74.125.68.0-255,1484,77729,58,218103
16698,0.000661,172.31.46.0-255,66,77795,58,218103
16699,0.000666,172.31.46.0-255,66,77861,58,218103
16700,0.000678,74.125.68.0-255,2902,80763,58,218103
16701,0.000692,172.31.46.0-255,66,80829,58,218103
16702,0.000698,74.125.68.0-255,5738,86567,58,218103
16703,0.000707,172.31.46.0-255,66,86633,58,218103
16704,0.000723,74.125.68.0-255,5738,92371,58,218103
16705,0.000729,172.31.46.0-255,66,92437,58,218103
16706,0.000743,74.125.68.0-255,5738,98175,58,218103
16707,0.000765,74.125.68.0-255,2184,100359,58,218103
16708,0.000769,172.31.46.0-255,66,100425,58,218103
16709,0.00106,74.125.68.0-255,1484,101909,58,218103
16710,0.001064,74.125.68.0-255,1484,103393,58,218103
16711,0.001082,74.125.68.0-255,2902,106295,58,218103
16712,0.001086,172.31.46.0-255,66,106361,58,218103
16713,0.001091,172.31.46.0-255,66,106427,58,218103
16714,0.001099,74.125.68.0-255,2902,109329,58,218103
16715,0.001117,74.125.68.0-255,2902,112231,58,218103
16716,0.001181,74.125.68.0-255,4320,116551,58,218103
16717,0.001203,74.125.68.0-255,6438,122989,58,218103
16718,0.001471,74.125.68.0-255,1484,124473,58,218103
16719,0.001478,74.125.68.0-255,2902,127375,58,218103
16720,0.001496,74.125.68.0-255,1484,128859,58,218103
16721,0.001501,74.125.68.0-255,2902,131761,58,218103
16722,0.001521,74.125.68.0-255,5738,137499,58,218103
16723,0.001525,74.125.68.0-255,1484,138983,58,218103
16724,0.001558,74.125.68.0-255,1484,140467,58,218103
16725,0.001585,74.125.68.0-255,4320,144787,58,218103
16726,0.001605,74.125.68.0-255,3602,148389,58,218103
16727,0.004336,172.31.46.0-255,66,148455,58,218103
16728,0.006332,74.125.68.0-255,5738,154193,58,218103
16729,0.00634,172.31.46.0-255,66,154259,58,218103
16730,0.008312,74.125.68.0-255,5738,159997,58,218103
16731,0.008401,172.31.46.0-255,66,160063,58,218103
16732,0.010385,74.125.68.0-255,5738,165801,58,218103
16733,0.010393,172.31.46.0-255,66,165867,58,218103
16734,0.012388,74.125.68.0-255,5738,171605,58,218103
16735,0.012659,172.31.46.0-255,66,171671,58,218103
16736,0.014649,74.125.68.0-255,5738,177409,58,218103
16737,0.014656,172.31.46.0-255,66,177475,58,218103
16738,0.016636,74.125.68.0-255,5738,183213,58,218103
16739,0.016645,172.31.46.0-255,66,183279,58,218103
16740,0.018643,74.125.68.0-255,5738,189017,58,218103
16741,0.018654,172.31.46.0-255,66,189083,58,218103
16742,0.020625,74.125.68.0-255,5738,194821,58,218103
16743,0.02063,172.31.46.0-255,66,194887,58,218103
16744,0.022606,74.125.68.0-255,5738,200625,58,218103
16745,0.022615,172.31.46.0-255,66,200691,58,218103
16746,0.024602,74.125.68.0-255,5738,206429,58,218103
16747,0.024609,172.31.46.0-255,66,206495,58,218103
16748,0.026642,74.125.68.0-255,5738,212233,58,218103
16749,0.02665,172.31.46.0-255,66,212299,58,218103
16750,0.02865,74.125.68.0-255,5738,218037,58,218103
16751,0.028657,172.31.46.0-255,66,218103,58,218103
16752,0.0,74.125.200.0-255,66,66,58,66
16753,0.0,74.125.68.0-255,153,153,58,243438
16754,1.8e-05,172.31.46.0-255,66,219,58,243438
16755,2.5e-05,74.125.68.0-255,1484,1703,58,243438
16756,3e-05,172.31.46.0-255,66,1769,58,243438
16757,7.6e-05,74.125.68.0-255,1484,3253,58,243438
16758,7.9e-05,172.31.46.0-255,66,3319,58,243438
16759,8.5e-05,74.125.68.0-255,2902,6221,58,243438
16760,8.8e-05,172.31.46.0-255,66,6287,58,243438
16761,9.8e-05,74.125.68.0-255,1484,7771,58,243438
16762,0.0001,172.31.46.0-255,66,7837,58,243438
16763,0.000128,74.125.68.0-255,4320,12157,58,243438
16764,0.000131,172.31.46.0-255,66,12223,58,243438
16765,0.000161,74.125.68.0-255,2091,14314,58,243438
16766,0.000164,172.31.46.0-255,66,14380,58,243438
16767,0.000277,74.125.68.0-255,1484,15864,58,243438
16768,0.000281,172.31.46.0-255,66,15930,58,243438
16769,0.000294,74.125.68.0-255,2902,18832,58,243438
16770,0.000301,172.31.46.0-255,66,18898,58,243438
16771,0.000306,74.125.68.0-255,2902,21800,58,243438
16772,0.000308,172.31.46.0-255,66,21866,58,243438
16773,0.000339,74.125.68.0-255,4320,26186,58,243438
16774,0.000342,172.31.46.0-255,66,26252,58,243438
16775,0.000369,74.125.68.0-255,5379,31631,58,243438
16776,0.000371,172.31.46.0-255,66,31697,58,243438
16777,0.000407,74.125.68.0-255,5738,37435,58,243438
16778,0.00041,172.31.46.0-255,66,37501,58,243438
16779,0.000438,74.125.68.0-255,5738,43239,58,243438
16780,0.000441,172.31.46.0-255,66,43305,58,243438
16781,0.000457,74.125.68.0-255,1484,44789,58,243438
16782,0.000459,172.31.46.0-255,66,44855,58,243438
16783,0.000465,74.125.68.0-255,3961,48816,58,243438
16784,0.000467,172.31.46.0-255,66,48882,58,243438
16785,0.000579,74.125.68.0-255,1484,50366,58,243438
16786,0.000604,74.125.68.0-255,2902,53268,58,243438
16787,0.000608,172.31.46.0-255,66,53334,58,243438
16788,0.000611,74.125.68.0-255,1484,54818,58,243438
16789,0.000663,74.125.68.0-255,5738,60556,58,243438
16790,0.000666,172.31.46.0-255,66,60622,58,243438
16791,0.000674,74.125.68.0-255,5379,66001,58,243438
16792,0.000676,172.31.46.0-255,66,66067,58,243438
16793,0.000741,74.125.68.0-255,399,66466,58,243438
16794,0.000788,74.125.68.0-255,1484,67950,58,243438
16795,0.000791,172.31.46.0-255,66,68016,58,243438
16796,0.000821,74.125.68.0-255,4320,72336,58,243438
16797,0.000824,74.125.68.0-255,1484,73820,58,243438
16798,0.000826,74.125.68.0-255,1484,75304,58,243438
16799,0.000832,172.31.46.0-255,66,75370,58,243438
16800,0.000836,172.31.46.0-255,66,75436,58,243438
16801,0.000856,74.125.68.0-255,1484,76920,58,243438
16802,0.000877,74.125.68.0-255,5738,82658,58,243438
16803,0.00088,172.31.46.0-255,66,82724,58,243438
16804,0.000923,74.125.68.0-255,1381,84105,58,243438
16805,0.000955,74.125.68.0-255,1484,85589,58,243438
16806,0.000958,172.31.46.0-255,66,85655,58,243438
16807,0.000995,74.125.68.0-255,1484,87139,58,243438
16808,0.001018,74.125.68.0-255,2902,90041,58,243438
16809,0.001021,172.31.46.0-255,66,90107,58,243438
16810,0.001025,74.125.68.0-255,1484,91591,58,243438
16811,0.001049,74.125.68.0-255,2902,94493,58,243438
16812,0.001051,172.31.46.0-255,66,94559,58,243438
16813,0.001082,74.125.68.0-255,4320,98879,58,243438
16814,0.001085,172.31.46.0-255,66,98945,58,243438
16815,0.001112,74.125.68.0-255,1484,100429,58,243438
16816,0.001115,74.125.68.0-255,1125,101554,58,243438
16817,0.001117,172.31.46.0-255,66,101620,58,243438
16818,0.001412,74.125.68.0-255,1484,103104,58,243438
16819,0.001434,74.125.68.0-255,2902,106006,58,243438
16820,0.001437,172.31.46.0-255,66,106072,58,243438
16821,0.001496,74.125.68.0-255,1484,107556,58,243438
16822,0.0015,74.125.68.0-255,1484,109040,58,243438
16823,0.001503,172.31.46.0-255,66,109106,58,243438
16824,0.001525,74.125.68.0-255,1484,110590,58,243438
16825,0.00155,74.125.68.0-255,5738,116328,58,243438
16826,0.001553,172.31.46.0-255,66,116394,58,243438
16827,0.001557,74.125.68.0-255,1484,117878,58,243438
16828,0.001585,74.125.68.0-255,5738,123616,58,243438
16829,0.00159,74.125.68.0-255,4320,127936,58,243438
16830,0.001593,172.31.46.0-255,66,128002,58,243438
16831,0.001596,172.31.46.0-255,66,128068,58,243438
16832,0.001606,74.125.68.0-255,1484,129552,58,243438
16833,0.001618,74.125.68.0-255,6438,135990,58,243438
16834,0.00162,172.31.46.0-255,66,136056,58,243438
16835,0.002104,74.125.68.0-255,1484,137540,58,243438
16836,0.002131,74.125.68.0-255,2902,140442,58,243438
16837,0.002135,172.31.46.0-255,66,140508,58,243438
16838,0.002139,74.125.68.0-255,1484,141992,58,243438
16839,0.002161,74.125.68.0-255,1484,143476,58,243438
16840,0.002163,172.31.46.0-255,66,143542,58,243438
16841,0.002189,74.125.68.0-255,1484,145026,58,243438
16842,0.002196,74.125.68.0-255,5738,150764,58,243438
16843,0.002198,172.31.46.0-255,66,150830,58,243438
16844,0.002201,74.125.68.0-255,1484,152314,58,243438
16845,0.002223,74.125.68.0-255,2902,155216,58,243438
16846,0.002225,172.31.46.0-255,66,155282,58,243438
16847,0.002232,74.125.68.0-255,5738,161020,58,243438
16848,0.002234,172.31.46.0-255,66,161086,58,243438
16849,0.002262,74.125.68.0-255,2902,163988,58,243438
16850,0.002265,172.31.46.0-255,66,164054,58,243438
16851,0.002269,74.125.68.0-255,2902,166956,58,243438
16852,0.002271,172.31.46.0-255,66,167022,58,243438
16853,0.0023,74.125.68.0-255,1484,168506,58,243438
16854,0.002305,74.125.68.0-255,2184,170690,58,243438
16855,0.002307,172.31.46.0-255,66,170756,58,243438
16856,0.002338,74.125.68.0-255,2902,173658,58,243438
16857,0.00234,172.31.46.0-255,66,173724,58,243438
16858,0.002347,74.125.68.0-255,5738,179462,58,243438
16859,0.002349,172.31.46.0-255,66,179528,58,243438
16860,0.002352,74.125.68.0-255,1484,181012,58,243438
16861,0.00469,74.125.68.0-255,4320,185332,58,243438
16862,0.004697,172.31.46.0-255,66,185398,58,243438
16863,0.007044,74.125.68.0-255,5738,191136,58,243438
16864,0.007051,172.31.46.0-255,66,191202,58,243438
16865,0.009398,74.125.68.0-255,5738,196940,58,243438
16866,0.009405,172.31.46.0-255,66,197006,58,243438
16867,0.011813,74.125.68.0-255,5738,202744,58,243438
16868,0.011822,172.31.46.0-255,66,202810,58,243438
16869,0.014168,74.125.68.0-255,5738,208548,58,243438
16870,0.014183,172.31.46.0-255,66,208614,58,243438
16871,0.016525,74.125.68.0-255,5738,214352,58,243438
16872,0.016541,172.31.46.0-255,66,214418,58,243438
16873,0.018899,74.125.68.0-255,5738,220156,58,243438
16874,0.018908,172.31.46.0-255,66,220222,58,243438
16875,0.021265,74.125.68.0-255,5738,225960,58,243438
16876,0.021273,172.31.46.0-255,66,226026,58,243438
16877,0.023626,74.125.68.0-255,5738,231764,58,243438
16878,0.023634,172.31.46.0-255,66,231830,58,243438
16879,0.025991,74.125.68.0-255,5738,237568,58,243438
16880,0.026,172.31.46.0-255,66,237634,58,243438
16881,0.028358,74.125.68.0-255,5738,243372,58,243438
16882,0.028369,172.31.46.0-255,66,243438,58,243438
16883,0.0,172.217.194.0-255,152,152,58,166665
16884,2.2e-05,172.31.46.0-255,66,218,58,166665
16885,2.8e-05,172.217.194.0-255,1484,1702,58,166665
16886,3.2e-05,172.31.46.0-255,66,1768,58,166665
16887,3.7e-05,172.217.194.0-255,2902,4670,58,166665
16888,4e-05,172.31.46.0-255,66,4736,58,166665
16889,4.7e-05,172.217.194.0-255,7156,11892,58,166665
16890,5e-05,172.31.46.0-255,66,11958,58,166665
16891,7.3e-05,172.217.194.0-255,1484,13442,58,166665
16892,7.6e-05,172.31.46.0-255,66,13508,58,166665
16893,9.6e-05,172.31.46.0-255,66,13574,58,166665
16894,0.000112,172.217.194.0-255,4977,18551,58,166665
16895,0.000114,172.31.46.0-255,66,18617,58,166665
16896,0.000118,172.217.194.0-255,2543,21160,58,166665
16897,0.00012,172.31.46.0-255,66,21226,58,166665
16898,0.000176,172.217.194.0-255,2902,24128,58,166665
16899,0.000179,172.31.46.0-255,66,24194,58,166665
16900,0.000184,172.217.194.0-255,4320,28514,58,166665
16901,0.000186,172.31.46.0-255,66,28580,58,166665
16902,0.00019,172.217.194.0-255,2902,31482,58,166665
16903,0.000192,172.31.46.0-255,66,31548,58,166665
16904,0.000219,172.217.194.0-255,5738,37286,58,166665
16905,0.000222,172.31.46.0-255,66,37352,58,166665
16906,0.000224,172.217.194.0-255,1484,38836,58,166665
16907,0.000226,172.31.46.0-255,66,38902,58,166665
16908,0.000256,172.31.46.0-255,66,38968,58,166665
16909,0.000259,172.217.194.0-255,394,39362,58,166665
16910,0.00026,172.31.46.0-255,66,39428,58,166665
16911,0.000336,172.217.194.0-255,1484,40912,58,166665
16912,0.000339,172.31.46.0-255,66,40978,58,166665
16913,0.000344,172.217.194.0-255,2902,43880,58,166665
16914,0.000346,172.31.46.0-255,66,43946,58,166665
16915,0.000372,172.217.194.0-255,5738,49684,58,166665
16916,0.000374,172.31.46.0-255,66,49750,58,166665
16917,0.000383,172.31.46.0-255,66,49816,58,166665
16918,0.000426,172.217.194.0-255,4320,54136,58,166665
16919,0.000429,172.31.46.0-255,66,54202,58,166665
16920,0.000458,172.31.46.0-255,66,54268,58,166665
16921,0.000487,172.217.194.0-255,1484,55752,58,166665
16922,0.000491,172.217.194.0-255,2902,58654,58,166665
16923,0.000496,172.31.46.0-255,66,58720,58,166665
16924,0.000511,172.217.194.0-255,5738,64458,58,166665
16925,0.000514,172.31.46.0-255,66,64524,58,166665
16926,0.000546,172.31.46.0-255,66,64590,58,166665
16927,0.000596,172.31.46.0-255,66,64656,58,166665
16928,0.000616,172.217.194.0-255,2184,66840,58,166665
16929,0.000619,172.31.46.0-255,66,66906,58,166665
16930,0.000632,172.31.46.0-255,66,66972,58,166665
16931,0.000658,172.217.194.0-255,7156,74128,58,166665
16932,0.000661,172.31.46.0-255,66,74194,58,166665
16933,0.000688,172.31.46.0-255,66,74260,58,166665
16934,0.000825,172.217.194.0-255,1484,75744,58,166665
16935,0.000839,172.217.194.0-255,2902,78646,58,166665
16936,0.000841,172.31.46.0-255,66,78712,58,166665
16937,0.000844,172.217.194.0-255,1484,80196,58,166665
16938,0.000862,172.217.194.0-255,4320,84516,58,166665
16939,0.000864,172.31.46.0-255,66,84582,58,166665
16940,0.000876,172.31.46.0-255,66,84648,58,166665
16941,0.000911,172.31.46.0-255,66,84714,58,166665
16942,0.001201,172.217.194.0-255,1484,86198,58,166665
16943,0.001206,172.217.194.0-255,2902,89100,58,166665
16944,0.00121,172.31.46.0-255,66,89166,58,166665
16945,0.001228,172.217.194.0-255,4320,93486,58,166665
16946,0.00123,172.31.46.0-255,66,93552,58,166665
16947,0.001257,172.217.194.0-255,1484,95036,58,166665
16948,0.001267,172.217.194.0-255,7156,102192,58,166665
16949,0.001269,172.31.46.0-255,66,102258,58,166665
16950,0.0013,172.217.194.0-255,7156,109414,58,166665
16951,0.001303,172.31.46.0-255,66,109480,58,166665
16952,0.001325,172.31.46.0-255,66,109546,58,166665
16953,0.001345,172.217.194.0-255,7156,116702,58,166665
16954,0.001348,172.31.46.0-255,66,116768,58,166665
16955,0.001384,172.31.46.0-255,66,116834,58,166665
16956,0.001402,172.31.46.0-255,66,116900,58,166665
16957,0.001408,172.217.194.0-255,5020,121920,58,166665
16958,0.001411,172.31.46.0-255,66,121986,58,166665
16959,0.001457,172.217.194.0-255,4320,126306,58,166665
16960,0.001461,172.31.46.0-255,66,126372,58,166665
16961,0.001473,172.217.194.0-255,1484,127856,58,166665
16962,0.001479,172.217.194.0-255,7156,135012,58,166665
16963,0.001482,172.31.46.0-255,66,135078,58,166665
16964,0.001519,172.31.46.0-255,66,135144,58,166665
16965,0.001526,172.217.194.0-255,6438,141582,58,166665
16966,0.001529,172.31.46.0-255,66,141648,58,166665
16967,0.001592,172.217.194.0-255,4320,145968,58,166665
16968,0.001595,172.31.46.0-255,66,146034,58,166665
16969,0.001625,172.31.46.0-255,66,146100,58,166665
16970,0.001642,172.31.46.0-255,66,146166,58,166665
16971,0.001652,172.31.46.0-255,66,146232,58,166665
16972,0.0017,172.31.46.0-255,66,146298,58,166665
16973,0.001721,172.217.194.0-255,1484,147782,58,166665
16974,0.001734,172.217.194.0-255,2902,150684,58,166665
16975,0.001737,172.31.46.0-255,66,150750,58,166665
16976,0.001744,172.217.194.0-255,5738,156488,58,166665
16977,0.001746,172.31.46.0-255,66,156554,58,166665
16978,0.00175,172.217.194.0-255,2902,159456,58,166665
16979,0.001752,172.31.46.0-255,66,159522,58,166665
16980,0.001782,172.217.194.0-255,6669,166191,58,166665
16981,0.00179,172.31.46.0-255,66,166257,58,166665
16982,0.001794,172.31.46.0-255,66,166323,58,166665
16983,0.001838,172.217.194.0-255,105,166428,58,166665
16984,0.011309,172.31.46.0-255,66,166494,58,166665
16985,0.011356,172.31.46.0-255,105,166599,58,166665
16986,0.013866,172.217.194.0-255,66,166665,58,166665
16987,0.0,172.31.46.0-255,105,105,58,459
16988,0.000167,172.31.46.0-255,90,195,58,459
16989,0.000175,172.31.46.0-255,66,261,58,459
16990,0.002488,74.125.200.0-255,66,327,58,459
16991,0.002516,74.125.200.0-255,66,393,58,459
16992,0.002535,172.31.46.0-255,66,459,58,459
16993,0.0,74.125.24.0-255,153,153,58,274253
16994,1.4e-05,172.31.46.0-255,66,219,58,274253
16995,2.1e-05,74.125.24.0-255,1484,1703,58,274253
16996,2.6e-05,172.31.46.0-255,66,1769,58,274253
16997,4e-05,74.125.24.0-255,2902,4671,58,274253
16998,4.3e-05,172.31.46.0-255,66,4737,58,274253
16999,5e-05,74.125.24.0-255,5738,10475,58,274253
17000,5.3e-05,172.31.46.0-255,66,10541,58,274253
17001,7.1e-05,74.125.24.0-255,1484,12025,58,274253
17002,7.7e-05,172.31.46.0-255,66,12091,58,274253
17003,8.3e-05,74.125.24.0-255,2021,14112,58,274253
17004,8.5e-05,172.31.46.0-255,66,14178,58,274253
17005,0.000118,74.125.24.0-255,1484,15662,58,274253
17006,0.000121,172.31.46.0-255,66,15728,58,274253
17007,0.000147,74.125.24.0-255,2902,18630,58,274253
17008,0.000149,172.31.46.0-255,66,18696,58,274253
17009,0.000156,74.125.24.0-255,5738,24434,58,274253
17010,0.000158,172.31.46.0-255,66,24500,58,274253
17011,0.000161,74.125.24.0-255,1484,25984,58,274253
17012,0.000164,172.31.46.0-255,66,26050,58,274253
17013,0.000187,74.125.24.0-255,4320,30370,58,274253
17014,0.000195,172.31.46.0-255,66,30436,58,274253
17015,0.000206,74.125.24.0-255,1125,31561,58,274253
17016,0.000212,172.31.46.0-255,66,31627,58,274253
17017,0.00027,74.125.24.0-255,1484,33111,58,274253
17018,0.000272,172.31.46.0-255,66,33177,58,274253
17019,0.000277,74.125.24.0-255,2902,36079,58,274253
17020,0.00028,172.31.46.0-255,66,36145,58,274253
17021,0.00031,74.125.24.0-255,1484,37629,58,274253
17022,0.000312,172.31.46.0-255,66,37695,58,274253
17023,0.000341,74.125.24.0-255,4320,42015,58,274253
17024,0.000348,172.31.46.0-255,66,42081,58,274253
17025,0.000362,172.31.46.0-255,66,42147,58,274253
17026,0.000423,74.125.24.0-255,2902,45049,58,274253
17027,0.000427,172.31.46.0-255,66,45115,58,274253
17028,0.000458,74.125.24.0-255,7094,52209,58,274253
17029,0.000461,172.31.46.0-255,66,52275,58,274253
17030,0.000463,74.125.24.0-255,381,52656,58,274253
17031,0.00049,74.125.24.0-255,1484,54140,58,274253
17032,0.000493,172.31.46.0-255,66,54206,58,274253
17033,0.000498,74.125.24.0-255,4320,58526,58,274253
17034,0.0005,172.31.46.0-255,66,58592,58,274253
17035,0.000528,74.125.24.0-255,5738,64330,58,274253
17036,0.000531,172.31.46.0-255,66,64396,58,274253
17037,0.000556,74.125.24.0-255,4320,68716,58,274253
17038,0.000559,172.31.46.0-255,66,68782,58,274253
17039,0.000575,74.125.24.0-255,2543,71325,58,274253
17040,0.000577,172.31.46.0-255,66,71391,58,274253
17041,0.000589,172.31.46.0-255,66,71457,58,274253
17042,0.00063,74.125.24.0-255,6797,78254,58,274253
17043,0.000633,172.31.46.0-255,66,78320,58,274253
17044,0.001165,74.125.24.0-255,1484,79804,58,274253
17045,0.001172,74.125.24.0-255,2902,82706,58,274253
17046,0.001176,172.31.46.0-255,66,82772,58,274253
17047,0.001205,74.125.24.0-255,4320,87092,58,274253
17048,0.001207,172.31.46.0-255,66,87158,58,274253
17049,0.001233,74.125.24.0-255,1484,88642,58,274253
17050,0.001247,172.31.46.0-255,66,88708,58,274253
17051,0.001258,172.31.46.0-255,66,88774,58,274253
17052,0.001285,74.125.24.0-255,2184,90958,58,274253
17053,0.001288,172.31.46.0-255,66,91024,58,274253
17054,0.001428,74.125.24.0-255,1484,92508,58,274253
17055,0.001445,74.125.24.0-255,2902,95410,58,274253
17056,0.001448,172.31.46.0-255,66,95476,58,274253
17057,0.001455,74.125.24.0-255,5738,101214,58,274253
17058,0.001456,172.31.46.0-255,66,101280,58,274253
17059,0.001485,74.125.24.0-255,4320,105600,58,274253
17060,0.001488,172.31.46.0-255,66,105666,58,274253
17061,0.001514,172.31.46.0-255,66,105732,58,274253
17062,0.001521,74.125.24.0-255,5738,111470,58,274253
17063,0.001523,172.31.46.0-255,66,111536,58,274253
17064,0.001565,74.125.24.0-255,5020,116556,58,274253
17065,0.001568,172.31.46.0-255,66,116622,58,274253
17066,0.001601,74.125.24.0-255,5738,122360,58,274253
17067,0.001604,172.31.46.0-255,66,122426,58,274253
17068,0.001611,74.125.24.0-255,7156,129582,58,274253
17069,0.001613,172.31.46.0-255,66,129648,58,274253
17070,0.001679,172.31.46.0-255,66,129714,58,274253
17071,0.001686,74.125.24.0-255,6438,136152,58,274253
17072,0.001688,172.31.46.0-255,66,136218,58,274253
17073,0.001712,74.125.24.0-255,1484,137702,58,274253
17074,0.001725,74.125.24.0-255,2902,140604,58,274253
17075,0.001727,172.31.46.0-255,66,140670,58,274253
17076,0.00176,74.125.24.0-255,5738,146408,58,274253
17077,0.001763,172.31.46.0-255,66,146474,58,274253
17078,0.001769,74.125.24.0-255,5738,152212,58,274253
17079,0.001771,172.31.46.0-255,66,152278,58,274253
17080,0.00181,172.31.46.0-255,66,152344,58,274253
17081,0.001856,74.125.24.0-255,1484,153828,58,274253
17082,0.001874,74.125.24.0-255,3602,157430,58,274253
17083,0.001876,172.31.46.0-255,66,157496,58,274253
17084,0.002002,74.125.24.0-255,1484,158980,58,274253
17085,0.002006,74.125.24.0-255,1484,160464,58,274253
17086,0.002009,172.31.46.0-255,66,160530,58,274253
17087,0.002039,74.125.24.0-255,1484,162014,58,274253
17088,0.002046,74.125.24.0-255,5738,167752,58,274253
17089,0.002048,172.31.46.0-255,66,167818,58,274253
17090,0.002069,172.31.46.0-255,66,167884,58,274253
17091,0.002096,74.125.24.0-255,4320,172204,58,274253
17092,0.002098,172.31.46.0-255,66,172270,58,274253
17093,0.002105,74.125.24.0-255,5738,178008,58,274253
17094,0.002108,172.31.46.0-255,66,178074,58,274253
17095,0.002138,74.125.24.0-255,5020,183094,58,274253
17096,0.002141,172.31.46.0-255,66,183160,58,274253
17097,0.002204,74.125.24.0-255,1484,184644,58,274253
17098,0.002208,74.125.24.0-255,1484,186128,58,274253
17099,0.002211,172.31.46.0-255,66,186194,58,274253
17100,0.002241,74.125.24.0-255,1484,187678,58,274253
17101,0.002248,74.125.24.0-255,5738,193416,58,274253
17102,0.002251,172.31.46.0-255,66,193482,58,274253
17103,0.002265,172.31.46.0-255,66,193548,58,274253
17104,0.002277,74.125.24.0-255,7156,200704,58,274253
17105,0.002279,172.31.46.0-255,66,200770,58,274253
17106,0.002302,74.125.24.0-255,3602,204372,58,274253
17107,0.002304,172.31.46.0-255,66,204438,58,274253
17108,0.00455,74.125.24.0-255,5738,210176,58,274253
17109,0.004557,172.31.46.0-255,66,210242,58,274253
17110,0.006811,74.125.24.0-255,5738,215980,58,274253
17111,0.006819,172.31.46.0-255,66,216046,58,274253
17112,0.009073,74.125.24.0-255,5738,221784,58,274253
17113,0.009092,172.31.46.0-255,66,221850,58,274253
17114,0.010638,172.31.46.0-255,101,221951,58,274253
17115,0.011339,74.125.24.0-255,5738,227689,58,274253
17116,0.011347,172.31.46.0-255,66,227755,58,274253
17117,0.012847,74.125.24.0-255,66,227821,58,274253
17118,0.013592,74.125.24.0-255,5738,233559,58,274253
17119,0.013605,172.31.46.0-255,66,233625,58,274253
17120,0.015887,74.125.24.0-255,5738,239363,58,274253
17121,0.015907,172.31.46.0-255,66,239429,58,274253
17122,0.018174,74.125.24.0-255,5738,245167,58,274253
17123,0.018194,172.31.46.0-255,66,245233,58,274253
17124,0.020468,74.125.24.0-255,5738,250971,58,274253
17125,0.020486,172.31.46.0-255,66,251037,58,274253
17126,0.022813,74.125.24.0-255,5738,256775,58,274253
17127,0.022829,172.31.46.0-255,66,256841,58,274253
17128,0.025104,74.125.24.0-255,5738,262579,58,274253
17129,0.025121,172.31.46.0-255,66,262645,58,274253
17130,0.02739,74.125.24.0-255,5738,268383,58,274253
17131,0.02741,172.31.46.0-255,66,268449,58,274253
17132,0.029666,74.125.24.0-255,5738,274187,58,274253
17133,0.029683,172.31.46.0-255,66,274253,58,274253
17134,0.0,74.125.24.0-255,153,153,58,165852
17135,1.5e-05,172.31.46.0-255,66,219,58,165852
17136,2.4e-05,74.125.24.0-255,1484,1703,58,165852
17137,3.1e-05,172.31.46.0-255,66,1769,58,165852
17138,4.7e-05,74.125.24.0-255,2902,4671,58,165852
17139,5e-05,172.31.46.0-255,66,4737,58,165852
17140,6e-05,74.125.24.0-255,5738,10475,58,165852
17141,6.3e-05,172.31.46.0-255,66,10541,58,165852
17142,6.9e-05,74.125.24.0-255,2902,13443,58,165852
17143,7.5e-05,172.31.46.0-255,66,13509,58,165852
17144,0.000115,74.125.24.0-255,4800,18309,58,165852
17145,0.000119,172.31.46.0-255,66,18375,58,165852
17146,0.000134,172.31.46.0-255,66,18441,58,165852
17147,0.000157,172.31.46.0-255,66,18507,58,165852
17148,0.000162,74.125.24.0-255,2184,20691,58,165852
17149,0.000164,172.31.46.0-255,66,20757,58,165852
17150,0.000206,74.125.24.0-255,1484,22241,58,165852
17151,0.000208,172.31.46.0-255,66,22307,58,165852
17152,0.000215,74.125.24.0-255,2902,25209,58,165852
17153,0.000217,172.31.46.0-255,66,25275,58,165852
17154,0.000253,74.125.24.0-255,5738,31013,58,165852
17155,0.000256,172.31.46.0-255,66,31079,58,165852
17156,0.000284,74.125.24.0-255,7142,38221,58,165852
17157,0.000287,172.31.46.0-255,66,38287,58,165852
17158,0.000555,74.125.24.0-255,1484,39771,58,165852
17159,0.00056,172.31.46.0-255,66,39837,58,165852
17160,0.000568,74.125.24.0-255,2902,42739,58,165852
17161,0.00057,172.31.46.0-255,66,42805,58,165852
17162,0.000582,74.125.24.0-255,5738,48543,58,165852
17163,0.000585,172.31.46.0-255,66,48609,58,165852
17164,0.000601,74.125.24.0-255,7156,55765,58,165852
17165,0.000604,172.31.46.0-255,66,55831,58,165852
17166,0.000639,74.125.24.0-255,5738,61569,58,165852
17167,0.000642,172.31.46.0-255,66,61635,58,165852
17168,0.000657,172.31.46.0-255,66,61701,58,165852
17169,0.001225,74.125.24.0-255,1484,63185,58,165852
17170,0.001231,74.125.24.0-255,1484,64669,58,165852
17171,0.001235,172.31.46.0-255,66,64735,58,165852
17172,0.001268,74.125.24.0-255,1484,66219,58,165852
17173,0.001275,74.125.24.0-255,5738,71957,58,165852
17174,0.001319,74.125.24.0-255,2902,74859,58,165852
17175,0.001329,172.31.46.0-255,66,74925,58,165852
17176,0.001332,172.31.46.0-255,66,74991,58,165852
17177,0.001334,172.31.46.0-255,66,75057,58,165852
17178,0.001351,172.31.46.0-255,66,75123,58,165852
17179,0.001374,172.31.46.0-255,66,75189,58,165852
17180,0.001405,74.125.24.0-255,2902,78091,58,165852
17181,0.001409,172.31.46.0-255,66,78157,58,165852
17182,0.001422,172.31.46.0-255,66,78223,58,165852
17183,0.001492,74.125.24.0-255,1484,79707,58,165852
17184,0.001499,74.125.24.0-255,2902,82609,58,165852
17185,0.001502,172.31.46.0-255,66,82675,58,165852
17186,0.001509,74.125.24.0-255,5738,88413,58,165852
17187,0.001511,172.31.46.0-255,66,88479,58,165852
17188,0.001546,172.31.46.0-255,66,88545,58,165852
17189,0.001553,74.125.24.0-255,7156,95701,58,165852
17190,0.001556,172.31.46.0-255,66,95767,58,165852
17191,0.001584,74.125.24.0-255,3602,99369,58,165852
17192,0.001587,172.31.46.0-255,66,99435,58,165852
17193,0.001796,74.125.24.0-255,1484,100919,58,165852
17194,0.001814,74.125.24.0-255,2902,103821,58,165852
17195,0.001818,172.31.46.0-255,66,103887,58,165852
17196,0.001843,74.125.24.0-255,5738,109625,58,165852
17197,0.001847,172.31.46.0-255,66,109691,58,165852
17198,0.001862,172.31.46.0-255,66,109757,58,165852
17199,0.001875,172.31.46.0-255,66,109823,58,165852
17200,0.0019,74.125.24.0-255,3602,113425,58,165852
17201,0.001903,172.31.46.0-255,66,113491,58,165852
17202,0.001924,172.31.46.0-255,66,113557,58,165852
17203,0.001945,172.31.46.0-255,66,113623,58,165852
17204,0.001953,74.125.24.0-255,6438,120061,58,165852
17205,0.001956,172.31.46.0-255,66,120127,58,165852
17206,0.002026,74.125.24.0-255,1484,121611,58,165852
17207,0.002032,74.125.24.0-255,2902,124513,58,165852
17208,0.002035,172.31.46.0-255,66,124579,58,165852
17209,0.00204,74.125.24.0-255,2902,127481,58,165852
17210,0.002042,172.31.46.0-255,66,127547,58,165852
17211,0.002047,74.125.24.0-255,2902,130449,58,165852
17212,0.002049,172.31.46.0-255,66,130515,58,165852
17213,0.002081,74.125.24.0-255,4320,134835,58,165852
17214,0.002085,172.31.46.0-255,66,134901,58,165852
17215,0.002099,172.31.46.0-255,66,134967,58,165852
17216,0.002127,74.125.24.0-255,2902,137869,58,165852
17217,0.002129,172.31.46.0-255,66,137935,58,165852
17218,0.002135,74.125.24.0-255,3602,141537,58,165852
17219,0.002137,172.31.46.0-255,66,141603,58,165852
17220,0.002143,74.125.24.0-255,4320,145923,58,165852
17221,0.002149,172.31.46.0-255,66,145989,58,165852
17222,0.002186,74.125.24.0-255,2902,148891,58,165852
17223,0.002189,172.31.46.0-255,66,148957,58,165852
17224,0.002228,74.125.24.0-255,2902,151859,58,165852
17225,0.002231,172.31.46.0-255,66,151925,58,165852
17226,0.002248,172.31.46.0-255,66,151991,58,165852
17227,0.002261,172.31.46.0-255,66,152057,58,165852
17228,0.002275,172.31.46.0-255,66,152123,58,165852
17229,0.002287,172.31.46.0-255,66,152189,58,165852
17230,0.002361,74.125.24.0-255,1484,153673,58,165852
17231,0.006691,172.31.46.0-255,66,153739,58,165852
17232,0.008962,74.125.24.0-255,5738,159477,58,165852
17233,0.008969,172.31.46.0-255,66,159543,58,165852
17234,0.011208,74.125.24.0-255,5738,165281,58,165852
17235,0.011215,172.31.46.0-255,66,165347,58,165852
17236,0.013431,74.125.24.0-255,268,165615,58,165852
17237,0.016971,172.31.46.0-255,66,165681,58,165852
17238,0.01702,172.31.46.0-255,105,165786,58,165852
17239,0.019222,74.125.24.0-255,66,165852,58,165852
17240,0.0,74.125.24.0-255,153,153,58,269488
17241,1.5e-05,172.31.46.0-255,66,219,58,269488
17242,2.1e-05,74.125.24.0-255,1484,1703,58,269488
17243,2.5e-05,172.31.46.0-255,66,1769,58,269488
17244,3e-05,74.125.24.0-255,2902,4671,58,269488
17245,3.3e-05,172.31.46.0-255,66,4737,58,269488
17246,3.8e-05,74.125.24.0-255,4320,9057,58,269488
17247,4.1e-05,172.31.46.0-255,66,9123,58,269488
17248,5.9e-05,74.125.24.0-255,1484,10607,58,269488
17249,6.1e-05,172.31.46.0-255,66,10673,58,269488
17250,8.5e-05,74.125.24.0-255,3385,14058,58,269488
17251,8.8e-05,172.31.46.0-255,66,14124,58,269488
17252,9.1e-05,74.125.24.0-255,2902,17026,58,269488
17253,9.3e-05,172.31.46.0-255,66,17092,58,269488
17254,0.000108,74.125.24.0-255,4320,21412,58,269488
17255,0.00011,172.31.46.0-255,66,21478,58,269488
17256,0.000125,74.125.24.0-255,5738,27216,58,269488
17257,0.000127,172.31.46.0-255,66,27282,58,269488
17258,0.00013,74.125.24.0-255,1484,28766,58,269488
17259,0.000132,172.31.46.0-255,66,28832,58,269488
17260,0.000152,74.125.24.0-255,2543,31375,58,269488
17261,0.000154,172.31.46.0-255,66,31441,58,269488
17262,0.000217,74.125.24.0-255,1484,32925,58,269488
17263,0.00022,172.31.46.0-255,66,32991,58,269488
17264,0.000225,74.125.24.0-255,2902,35893,58,269488
17265,0.000227,172.31.46.0-255,66,35959,58,269488
17266,0.000239,74.125.24.0-255,2902,38861,58,269488
17267,0.000241,172.31.46.0-255,66,38927,58,269488
17268,0.000244,74.125.24.0-255,1484,40411,58,269488
17269,0.000246,172.31.46.0-255,66,40477,58,269488
17270,0.000265,74.125.24.0-255,2902,43379,58,269488
17271,0.000267,172.31.46.0-255,66,43445,58,269488
17272,0.000301,74.125.24.0-255,7156,50601,58,269488
17273,0.000304,172.31.46.0-255,66,50667,58,269488
17274,0.000323,74.125.24.0-255,2543,53210,58,269488
17275,0.000325,172.31.46.0-255,66,53276,58,269488
17276,0.000336,172.31.46.0-255,66,53342,58,269488
17277,0.000339,74.125.24.0-255,2813,56155,58,269488
17278,0.000342,172.31.46.0-255,66,56221,58,269488
17279,0.000377,74.125.24.0-255,134,56355,58,269488
17280,0.000409,74.125.24.0-255,1484,57839,58,269488
17281,0.000412,172.31.46.0-255,66,57905,58,269488
17282,0.000424,74.125.24.0-255,2902,60807,58,269488
17283,0.000427,172.31.46.0-255,66,60873,58,269488
17284,0.000438,74.125.24.0-255,2902,63775,58,269488
17285,0.00044,172.31.46.0-255,66,63841,58,269488
17286,0.000455,74.125.24.0-255,2902,66743,58,269488
17287,0.000457,172.31.46.0-255,66,66809,58,269488
17288,0.000501,74.125.24.0-255,6499,73308,58,269488
17289,0.000504,172.31.46.0-255,66,73374,58,269488
17290,0.001136,74.125.24.0-255,1484,74858,58,269488
17291,0.001155,74.125.24.0-255,2902,77760,58,269488
17292,0.001159,172.31.46.0-255,66,77826,58,269488
17293,0.001166,74.125.24.0-255,5738,83564,58,269488
17294,0.001168,172.31.46.0-255,66,83630,58,269488
17295,0.001206,172.31.46.0-255,66,83696,58,269488
17296,0.001213,74.125.24.0-255,7156,90852,58,269488
17297,0.001215,172.31.46.0-255,66,90918,58,269488
17298,0.001241,74.125.24.0-255,3602,94520,58,269488
17299,0.001243,172.31.46.0-255,66,94586,58,269488
17300,0.001438,74.125.24.0-255,1484,96070,58,269488
17301,0.001445,74.125.24.0-255,2902,98972,58,269488
17302,0.001448,172.31.46.0-255,66,99038,58,269488
17303,0.001452,74.125.24.0-255,1484,100522,58,269488
17304,0.001469,74.125.24.0-255,4320,104842,58,269488
17305,0.001471,172.31.46.0-255,66,104908,58,269488
17306,0.001474,74.125.24.0-255,1484,106392,58,269488
17307,0.001491,74.125.24.0-255,4320,110712,58,269488
17308,0.001493,172.31.46.0-255,66,110778,58,269488
17309,0.001505,74.125.24.0-255,4320,115098,58,269488
17310,0.001507,172.31.46.0-255,66,115164,58,269488
17311,0.001523,74.125.24.0-255,5738,120902,58,269488
17312,0.001525,172.31.46.0-255,66,120968,58,269488
17313,0.001558,172.31.46.0-255,66,121034,58,269488
17314,0.001636,74.125.24.0-255,1484,122518,58,269488
17315,0.001652,74.125.24.0-255,2902,125420,58,269488
17316,0.001655,172.31.46.0-255,66,125486,58,269488
17317,0.00167,74.125.24.0-255,2902,128388,58,269488
17318,0.001672,172.31.46.0-255,66,128454,58,269488
17319,0.001687,74.125.24.0-255,2902,131356,58,269488
17320,0.001689,172.31.46.0-255,66,131422,58,269488
17321,0.001718,74.125.24.0-255,4320,135742,58,269488
17322,0.00172,172.31.46.0-255,66,135808,58,269488
17323,0.001738,74.125.24.0-255,4320,140128,58,269488
17324,0.001741,172.31.46.0-255,66,140194,58,269488
17325,0.00176,74.125.24.0-255,4320,144514,58,269488
17326,0.001762,172.31.46.0-255,66,144580,58,269488
17327,0.001783,74.125.24.0-255,5738,150318,58,269488
17328,0.001785,172.31.46.0-255,66,150384,58,269488
17329,0.001805,74.125.24.0-255,5020,155404,58,269488
17330,0.001807,172.31.46.0-255,66,155470,58,269488
17331,0.002019,74.125.24.0-255,1484,156954,58,269488
17332,0.002029,74.125.24.0-255,2902,159856,58,269488
17333,0.002033,172.31.46.0-255,66,159922,58,269488
17334,0.002041,74.125.24.0-255,5738,165660,58,269488
17335,0.002043,172.31.46.0-255,66,165726,58,269488
17336,0.00206,74.125.24.0-255,5738,171464,58,269488
17337,0.002062,172.31.46.0-255,66,171530,58,269488
17338,0.002078,74.125.24.0-255,2902,174432,58,269488
17339,0.002081,172.31.46.0-255,66,174498,58,269488
17340,0.002085,74.125.24.0-255,1484,175982,58,269488
17341,0.002114,172.31.46.0-255,66,176048,58,269488
17342,0.002118,74.125.24.0-255,2902,178950,58,269488
17343,0.00212,172.31.46.0-255,66,179016,58,269488
17344,0.002156,74.125.24.0-255,2184,181200,58,269488
17345,0.002159,172.31.46.0-255,66,181266,58,269488
17346,0.002359,74.125.24.0-255,1484,182750,58,269488
17347,0.002378,74.125.24.0-255,2902,185652,58,269488
17348,0.002381,172.31.46.0-255,66,185718,58,269488
17349,0.002387,74.125.24.0-255,5738,191456,58,269488
17350,0.00239,172.31.46.0-255,66,191522,58,269488
17351,0.002405,74.125.24.0-255,4320,195842,58,269488
17352,0.002408,172.31.46.0-255,66,195908,58,269488
17353,0.00243,172.31.46.0-255,66,195974,58,269488
17354,0.002437,74.125.24.0-255,7156,203130,58,269488
17355,0.00244,172.31.46.0-255,66,203196,58,269488
17356,0.00251,172.31.46.0-255,66,203262,58,269488
17357,0.002516,74.125.24.0-255,5738,209000,58,269488
17358,0.002519,172.31.46.0-255,66,209066,58,269488
17359,0.002559,172.31.46.0-255,66,209132,58,269488
17360,0.002564,74.125.24.0-255,3602,212734,58,269488
17361,0.002566,172.31.46.0-255,66,212800,58,269488
17362,0.005079,74.125.24.0-255,5738,218538,58,269488
17363,0.005086,172.31.46.0-255,66,218604,58,269488
17364,0.00763,74.125.24.0-255,5738,224342,58,269488
17365,0.007633,172.31.46.0-255,66,224408,58,269488
17366,0.010176,74.125.24.0-255,5738,230146,58,269488
17367,0.010183,172.31.46.0-255,66,230212,58,269488
17368,0.012732,74.125.24.0-255,5738,235950,58,269488
17369,0.012741,172.31.46.0-255,66,236016,58,269488
17370,0.015307,74.125.24.0-255,4320,240336,58,269488
17371,0.015315,172.31.46.0-255,66,240402,58,269488
17372,0.015335,74.125.24.0-255,1484,241886,58,269488
17373,0.017881,74.125.24.0-255,4320,246206,58,269488
17374,0.017893,172.31.46.0-255,66,246272,58,269488
17375,0.020447,74.125.24.0-255,5738,252010,58,269488
17376,0.020455,172.31.46.0-255,66,252076,58,269488
17377,0.023006,74.125.24.0-255,5738,257814,58,269488
17378,0.023012,172.31.46.0-255,66,257880,58,269488
17379,0.025552,74.125.24.0-255,5738,263618,58,269488
17380,0.025559,172.31.46.0-255,66,263684,58,269488
17381,0.028151,74.125.24.0-255,5738,269422,58,269488
17382,0.028159,172.31.46.0-255,66,269488,58,269488
17383,0.0,172.217.194.0-255,146,146,58,247958
17384,2.3e-05,172.31.46.0-255,66,212,58,247958
17385,3e-05,172.217.194.0-255,1484,1696,58,247958
17386,3.4e-05,172.31.46.0-255,66,1762,58,247958
17387,4e-05,172.217.194.0-255,2902,4664,58,247958
17388,4.4e-05,172.31.46.0-255,66,4730,58,247958
17389,5.1e-05,172.217.194.0-255,7156,11886,58,247958
17390,5.4e-05,172.31.46.0-255,66,11952,58,247958
17391,5.8e-05,172.217.194.0-255,2058,14010,58,247958
17392,6.1e-05,172.31.46.0-255,66,14076,58,247958
17393,7.5e-05,172.31.46.0-255,66,14142,58,247958
17394,0.000103,172.217.194.0-255,5379,19521,58,247958
17395,0.000106,172.31.46.0-255,66,19587,58,247958
17396,0.000207,172.217.194.0-255,1484,21071,58,247958
17397,0.00021,172.31.46.0-255,66,21137,58,247958
17398,0.000216,172.217.194.0-255,2902,24039,58,247958
17399,0.000219,172.31.46.0-255,66,24105,58,247958
17400,0.000222,172.217.194.0-255,1484,25589,58,247958
17401,0.000224,172.31.46.0-255,66,25655,58,247958
17402,0.000246,172.217.194.0-255,4320,29975,58,247958
17403,0.000249,172.31.46.0-255,66,30041,58,247958
17404,0.000256,172.217.194.0-255,6797,36838,58,247958
17405,0.000258,172.31.46.0-255,66,36904,58,247958
17406,0.000288,172.31.46.0-255,66,36970,58,247958
17407,0.000301,172.217.194.0-255,4320,41290,58,247958
17408,0.000303,172.31.46.0-255,66,41356,58,247958
17409,0.000307,172.217.194.0-255,2833,44189,58,247958
17410,0.00031,172.31.46.0-255,66,44255,58,247958
17411,0.000312,172.217.194.0-255,367,44622,58,247958
17412,0.000314,172.31.46.0-255,66,44688,58,247958
17413,0.000393,172.217.194.0-255,1484,46172,58,247958
17414,0.000398,172.31.46.0-255,66,46238,58,247958
17415,0.000403,172.217.194.0-255,2902,49140,58,247958
17416,0.000405,172.31.46.0-255,66,49206,58,247958
17417,0.000436,172.217.194.0-255,5738,54944,58,247958
17418,0.000439,172.31.46.0-255,66,55010,58,247958
17419,0.000446,172.217.194.0-255,6797,61807,58,247958
17420,0.000448,172.31.46.0-255,66,61873,58,247958
17421,0.000501,172.31.46.0-255,66,61939,58,247958
17422,0.000521,172.217.194.0-255,4320,66259,58,247958
17423,0.000524,172.31.46.0-255,66,66325,58,247958
17424,0.000528,172.217.194.0-255,2543,68868,58,247958
17425,0.00053,172.31.46.0-255,66,68934,58,247958
17426,0.001387,172.217.194.0-255,1484,70418,58,247958
17427,0.001393,172.31.46.0-255,66,70484,58,247958
17428,0.001399,172.217.194.0-255,2902,73386,58,247958
17429,0.001401,172.31.46.0-255,66,73452,58,247958
17430,0.001407,172.217.194.0-255,4320,77772,58,247958
17431,0.001409,172.31.46.0-255,66,77838,58,247958
17432,0.001428,172.217.194.0-255,1484,79322,58,247958
17433,0.00143,172.31.46.0-255,66,79388,58,247958
17434,0.001433,172.217.194.0-255,1484,80872,58,247958
17435,0.001435,172.31.46.0-255,66,80938,58,247958
17436,0.001442,172.217.194.0-255,5738,86676,58,247958
17437,0.001444,172.31.46.0-255,66,86742,58,247958
17438,0.001474,172.217.194.0-255,2902,89644,58,247958
17439,0.001476,172.31.46.0-255,66,89710,58,247958
17440,0.00149,172.31.46.0-255,66,89776,58,247958
17441,0.001541,172.217.194.0-255,4320,94096,58,247958
17442,0.001544,172.31.46.0-255,66,94162,58,247958
17443,0.00155,172.217.194.0-255,5738,99900,58,247958
17444,0.001553,172.31.46.0-255,66,99966,58,247958
17445,0.001565,172.31.46.0-255,66,100032,58,247958
17446,0.001568,172.217.194.0-255,1484,101516,58,247958
17447,0.001591,172.31.46.0-255,66,101582,58,247958
17448,0.001616,172.217.194.0-255,2184,103766,58,247958
17449,0.001619,172.31.46.0-255,66,103832,58,247958
17450,0.001676,172.217.194.0-255,1484,105316,58,247958
17451,0.001681,172.217.194.0-255,2902,108218,58,247958
17452,0.001684,172.31.46.0-255,66,108284,58,247958
17453,0.00171,172.217.194.0-255,5738,114022,58,247958
17454,0.001721,172.31.46.0-255,66,114088,58,247958
17455,0.001741,172.217.194.0-255,2902,116990,58,247958
17456,0.001744,172.31.46.0-255,66,117056,58,247958
17457,0.001776,172.217.194.0-255,2184,119240,58,247958
17458,0.001796,172.31.46.0-255,66,119306,58,247958
17459,0.001889,172.217.194.0-255,1484,120790,58,247958
17460,0.001892,172.217.194.0-255,1484,122274,58,247958
17461,0.001898,172.31.46.0-255,66,122340,58,247958
17462,0.001919,172.217.194.0-255,1484,123824,58,247958
17463,0.001927,172.217.194.0-255,5738,129562,58,247958
17464,0.001932,172.217.194.0-255,5738,135300,58,247958
17465,0.001936,172.217.194.0-255,2902,138202,58,247958
17466,0.001955,172.31.46.0-255,66,138268,58,247958
17467,0.001967,172.217.194.0-255,1484,139752,58,247958
17468,0.001973,172.31.46.0-255,66,139818,58,247958
17469,0.001984,172.217.194.0-255,3602,143420,58,247958
17470,0.002005,172.31.46.0-255,66,143486,58,247958
17471,0.002017,172.217.194.0-255,5738,149224,58,247958
17472,0.002019,172.217.194.0-255,1484,150708,58,247958
17473,0.002033,172.217.194.0-255,4320,155028,58,247958
17474,0.002036,172.31.46.0-255,66,155094,58,247958
17475,0.002054,172.217.194.0-255,5738,160832,58,247958
17476,0.002076,172.217.194.0-255,7156,167988,58,247958
17477,0.002091,172.217.194.0-255,4320,172308,58,247958
17478,0.002156,172.217.194.0-255,5738,178046,58,247958
17479,0.00216,172.217.194.0-255,1484,179530,58,247958
17480,0.002202,172.217.194.0-255,5738,185268,58,247958
17481,0.002225,172.217.194.0-255,4320,189588,58,247958
17482,0.005621,172.31.46.0-255,66,189654,58,247958
17483,0.007875,172.217.194.0-255,2902,192556,58,247958
17484,0.007882,172.31.46.0-255,66,192622,58,247958
17485,0.007903,172.217.194.0-255,2902,195524,58,247958
17486,0.007906,172.31.46.0-255,66,195590,58,247958
17487,0.010117,172.217.194.0-255,2902,198492,58,247958
17488,0.010123,172.31.46.0-255,66,198558,58,247958
17489,0.010144,172.217.194.0-255,2902,201460,58,247958
17490,0.010147,172.31.46.0-255,66,201526,58,247958
17491,0.012387,172.217.194.0-255,5738,207264,58,247958
17492,0.012395,172.31.46.0-255,66,207330,58,247958
17493,0.01465,172.217.194.0-255,5738,213068,58,247958
17494,0.014658,172.31.46.0-255,66,213134,58,247958
17495,0.016905,172.217.194.0-255,5738,218872,58,247958
17496,0.016912,172.31.46.0-255,66,218938,58,247958
17497,0.019163,172.217.194.0-255,5738,224676,58,247958
17498,0.019172,172.31.46.0-255,66,224742,58,247958
17499,0.021412,172.217.194.0-255,5738,230480,58,247958
17500,0.02142,172.31.46.0-255,66,230546,58,247958
17501,0.023674,172.217.194.0-255,5738,236284,58,247958
17502,0.02368,172.31.46.0-255,66,236350,58,247958
17503,0.025935,172.217.194.0-255,5738,242088,58,247958
17504,0.025942,172.31.46.0-255,66,242154,58,247958
17505,0.028172,172.217.194.0-255,5738,247892,58,247958
17506,0.028179,172.31.46.0-255,66,247958,58,247958
17507,0.0,74.125.24.0-255,148,148,58,245573
17508,2.2e-05,172.31.46.0-255,66,214,58,245573
17509,2.9e-05,74.125.24.0-255,1484,1698,58,245573
17510,3.3e-05,172.31.46.0-255,66,1764,58,245573
17511,4e-05,74.125.24.0-255,2902,4666,58,245573
17512,5.1e-05,172.31.46.0-255,66,4732,58,245573
17513,5.9e-05,74.125.24.0-255,7156,11888,58,245573
17514,6.3e-05,172.31.46.0-255,66,11954,58,245573
17515,6.7e-05,74.125.24.0-255,2073,14027,58,245573
17516,7e-05,172.31.46.0-255,66,14093,58,245573
17517,7.6e-05,74.125.24.0-255,4320,18413,58,245573
17518,7.9e-05,172.31.46.0-255,66,18479,58,245573
17519,0.00011,74.125.24.0-255,7156,25635,58,245573
17520,0.000113,172.31.46.0-255,66,25701,58,245573
17521,0.00012,74.125.24.0-255,5379,31080,58,245573
17522,0.000122,172.31.46.0-255,66,31146,58,245573
17523,0.000207,74.125.24.0-255,1484,32630,58,245573
17524,0.000211,172.31.46.0-255,66,32696,58,245573
17525,0.00024,74.125.24.0-255,2902,35598,58,245573
17526,0.000242,172.31.46.0-255,66,35664,58,245573
17527,0.000249,74.125.24.0-255,5738,41402,58,245573
17528,0.000251,172.31.46.0-255,66,41468,58,245573
17529,0.000283,74.125.24.0-255,2902,44370,58,245573
17530,0.000285,172.31.46.0-255,66,44436,58,245573
17531,0.000307,74.125.24.0-255,2902,47338,58,245573
17532,0.00031,172.31.46.0-255,66,47404,58,245573
17533,0.000328,172.31.46.0-255,66,47470,58,245573
17534,0.000356,74.125.24.0-255,1125,48595,58,245573
17535,0.000358,172.31.46.0-255,66,48661,58,245573
17536,0.000361,74.125.24.0-255,1484,50145,58,245573
17537,0.000363,172.31.46.0-255,66,50211,58,245573
17538,0.000368,74.125.24.0-255,2898,53109,58,245573
17539,0.000375,172.31.46.0-255,66,53175,58,245573
17540,0.000378,74.125.24.0-255,331,53506,58,245573
17541,0.00051,74.125.24.0-255,1484,54990,58,245573
17542,0.000516,172.31.46.0-255,66,55056,58,245573
17543,0.000521,74.125.24.0-255,2902,57958,58,245573
17544,0.000523,172.31.46.0-255,66,58024,58,245573
17545,0.000527,74.125.24.0-255,2902,60926,58,245573
17546,0.000529,172.31.46.0-255,66,60992,58,245573
17547,0.00055,74.125.24.0-255,2902,63894,58,245573
17548,0.000552,172.31.46.0-255,66,63960,58,245573
17549,0.000561,74.125.24.0-255,4320,68280,58,245573
17550,0.000563,172.31.46.0-255,66,68346,58,245573
17551,0.0006,172.31.46.0-255,66,68412,58,245573
17552,0.000609,172.31.46.0-255,66,68478,58,245573
17553,0.000637,74.125.24.0-255,2184,70662,58,245573
17554,0.000638,172.31.46.0-255,66,70728,58,245573
17555,0.000836,74.125.24.0-255,1484,72212,58,245573
17556,0.000841,74.125.24.0-255,2902,75114,58,245573
17557,0.000844,172.31.46.0-255,66,75180,58,245573
17558,0.000873,74.125.24.0-255,5738,80918,58,245573
17559,0.000876,172.31.46.0-255,66,80984,58,245573
17560,0.000882,74.125.24.0-255,5738,86722,58,245573
17561,0.000884,172.31.46.0-255,66,86788,58,245573
17562,0.0009,74.125.24.0-255,2902,89690,58,245573
17563,0.000902,172.31.46.0-255,66,89756,58,245573
17564,0.000967,74.125.24.0-255,7156,96912,58,245573
17565,0.000971,172.31.46.0-255,66,96978,58,245573
17566,0.001007,172.31.46.0-255,66,97044,58,245573
17567,0.00102,74.125.24.0-255,1484,98528,58,245573
17568,0.001029,74.125.24.0-255,2902,101430,58,245573
17569,0.001031,172.31.46.0-255,66,101496,58,245573
17570,0.001056,74.125.24.0-255,5738,107234,58,245573
17571,0.001059,172.31.46.0-255,66,107300,58,245573
17572,0.001081,74.125.24.0-255,2902,110202,58,245573
17573,0.001083,172.31.46.0-255,66,110268,58,245573
17574,0.001126,172.31.46.0-255,66,110334,58,245573
17575,0.001129,74.125.24.0-255,1484,111818,58,245573
17576,0.001165,172.31.46.0-255,66,111884,58,245573
17577,0.001209,74.125.24.0-255,1484,113368,58,245573
17578,0.001239,74.125.24.0-255,2902,116270,58,245573
17579,0.001242,172.31.46.0-255,66,116336,58,245573
17580,0.001273,74.125.24.0-255,5738,122074,58,245573
17581,0.001276,172.31.46.0-255,66,122140,58,245573
17582,0.001282,74.125.24.0-255,5738,127878,58,245573
17583,0.001284,172.31.46.0-255,66,127944,58,245573
17584,0.001315,74.125.24.0-255,7156,135100,58,245573
17585,0.001317,172.31.46.0-255,66,135166,58,245573
17586,0.001329,172.31.46.0-255,66,135232,58,245573
17587,0.001401,74.125.24.0-255,1484,136716,58,245573
17588,0.001413,74.125.24.0-255,2902,139618,58,245573
17589,0.001416,172.31.46.0-255,66,139684,58,245573
17590,0.001422,74.125.24.0-255,4320,144004,58,245573
17591,0.001424,172.31.46.0-255,66,144070,58,245573
17592,0.001443,74.125.24.0-255,1484,145554,58,245573
17593,0.001459,172.31.46.0-255,66,145620,58,245573
17594,0.001468,172.31.46.0-255,66,145686,58,245573
17595,0.001525,74.125.24.0-255,2184,147870,58,245573
17596,0.001527,172.31.46.0-255,66,147936,58,245573
17597,0.001563,74.125.24.0-255,2902,150838,58,245573
17598,0.001567,172.31.46.0-255,66,150904,58,245573
17599,0.001573,74.125.24.0-255,7156,158060,58,245573
17600,0.001575,172.31.46.0-255,66,158126,58,245573
17601,0.001584,74.125.24.0-255,4320,162446,58,245573
17602,0.001586,172.31.46.0-255,66,162512,58,245573
17603,0.001601,172.31.46.0-255,66,162578,58,245573
17604,0.001635,74.125.24.0-255,2902,165480,58,245573
17605,0.001641,172.31.46.0-255,66,165546,58,245573
17606,0.001653,172.31.46.0-255,66,165612,58,245573
17607,0.001663,172.31.46.0-255,66,165678,58,245573
17608,0.001667,74.125.24.0-255,2902,168580,58,245573
17609,0.00167,172.31.46.0-255,66,168646,58,245573
17610,0.001717,74.125.24.0-255,2902,171548,58,245573
17611,0.001721,74.125.24.0-255,4320,175868,58,245573
17612,0.001725,172.31.46.0-255,66,175934,58,245573
17613,0.001731,172.31.46.0-255,66,176000,58,245573
17614,0.001734,172.31.46.0-255,66,176066,58,245573
17615,0.001737,74.125.24.0-255,1484,177550,58,245573
17616,0.001764,74.125.24.0-255,7156,184706,58,245573
17617,0.001767,172.31.46.0-255,66,184772,58,245573
17618,0.001777,172.31.46.0-255,66,184838,58,245573
17619,0.001806,74.125.24.0-255,7156,191994,58,245573
17620,0.001809,172.31.46.0-255,66,192060,58,245573
17621,0.001811,74.125.24.0-255,766,192826,58,245573
17622,0.002237,74.125.24.0-255,1484,194310,58,245573
17623,0.002241,172.31.46.0-255,66,194376,58,245573
17624,0.002246,74.125.24.0-255,2902,197278,58,245573
17625,0.002248,172.31.46.0-255,66,197344,58,245573
17626,0.002276,74.125.24.0-255,5738,203082,58,245573
17627,0.002278,172.31.46.0-255,66,203148,58,245573
17628,0.002283,74.125.24.0-255,4320,207468,58,245573
17629,0.002285,172.31.46.0-255,66,207534,58,245573
17630,0.002313,74.125.24.0-255,7156,214690,58,245573
17631,0.002318,172.31.46.0-255,66,214756,58,245573
17632,0.00235,172.31.46.0-255,66,214822,58,245573
17633,0.004664,74.125.24.0-255,5738,220560,58,245573
17634,0.004671,172.31.46.0-255,66,220626,58,245573
17635,0.006954,74.125.24.0-255,5738,226364,58,245573
17636,0.006957,172.31.46.0-255,66,226430,58,245573
17637,0.009312,74.125.24.0-255,5738,232168,58,245573
17638,0.009319,172.31.46.0-255,66,232234,58,245573
17639,0.011618,74.125.24.0-255,5738,237972,58,245573
17640,0.011625,172.31.46.0-255,66,238038,58,245573
17641,0.013952,74.125.24.0-255,5738,243776,58,245573
17642,0.01396,172.31.46.0-255,66,243842,58,245573
17643,0.016288,74.125.24.0-255,1494,245336,58,245573
17644,0.016299,172.31.46.0-255,66,245402,58,245573
17645,0.021799,172.31.46.0-255,105,245507,58,245573
17646,0.024045,74.125.24.0-255,66,245573,58,245573
17647,0.0,74.125.24.0-255,146,146,58,119213
17648,2.2e-05,172.31.46.0-255,66,212,58,119213
17649,2.9e-05,74.125.24.0-255,1484,1696,58,119213
17650,3.3e-05,172.31.46.0-255,66,1762,58,119213
17651,3.8e-05,74.125.24.0-255,2902,4664,58,119213
17652,4.1e-05,172.31.46.0-255,66,4730,58,119213
17653,4.7e-05,74.125.24.0-255,4320,9050,58,119213
17654,4.9e-05,172.31.46.0-255,66,9116,58,119213
17655,5.6e-05,74.125.24.0-255,4840,13956,58,119213
17656,5.9e-05,172.31.46.0-255,66,14022,58,119213
17657,0.000113,74.125.24.0-255,1484,15506,58,119213
17658,0.000116,172.31.46.0-255,66,15572,58,119213
17659,0.00012,74.125.24.0-255,1484,17056,58,119213
17660,0.000121,172.31.46.0-255,66,17122,58,119213
17661,0.000137,74.125.24.0-255,1484,18606,58,119213
17662,0.00014,172.31.46.0-255,66,18672,58,119213
17663,0.000145,74.125.24.0-255,4320,22992,58,119213
17664,0.000147,172.31.46.0-255,66,23058,58,119213
17665,0.00023,74.125.24.0-255,5738,28796,58,119213
17666,0.000234,172.31.46.0-255,66,28862,58,119213
17667,0.000253,74.125.24.0-255,2543,31405,58,119213
17668,0.000255,172.31.46.0-255,66,31471,58,119213
17669,0.000381,74.125.24.0-255,1484,32955,58,119213
17670,0.000385,172.31.46.0-255,66,33021,58,119213
17671,0.000391,74.125.24.0-255,2902,35923,58,119213
17672,0.000393,172.31.46.0-255,66,35989,58,119213
17673,0.000421,74.125.24.0-255,5738,41727,58,119213
17674,0.000423,172.31.46.0-255,66,41793,58,119213
17675,0.000451,172.31.46.0-255,66,41859,58,119213
17676,0.000477,74.125.24.0-255,5379,47238,58,119213
17677,0.00048,172.31.46.0-255,66,47304,58,119213
17678,0.000506,172.31.46.0-255,66,47370,58,119213
17679,0.001719,74.125.24.0-255,645,48015,58,119213
17680,0.001856,74.125.24.0-255,1484,49499,58,119213
17681,0.001862,172.31.46.0-255,66,49565,58,119213
17682,0.001869,74.125.24.0-255,2902,52467,58,119213
17683,0.001875,74.125.24.0-255,5738,58205,58,119213
17684,0.001934,74.125.24.0-255,2902,61107,58,119213
17685,0.007132,172.31.46.0-255,66,61173,58,119213
17686,0.009221,74.125.24.0-255,5738,66911,58,119213
17687,0.009231,172.31.46.0-255,66,66977,58,119213
17688,0.011329,74.125.24.0-255,5738,72715,58,119213
17689,0.011336,172.31.46.0-255,66,72781,58,119213
17690,0.013397,74.125.24.0-255,5738,78519,58,119213
17691,0.013405,172.31.46.0-255,66,78585,58,119213
17692,0.015469,74.125.24.0-255,5738,84323,58,119213
17693,0.015476,172.31.46.0-255,66,84389,58,119213
17694,0.017542,74.125.24.0-255,5738,90127,58,119213
17695,0.017548,172.31.46.0-255,66,90193,58,119213
17696,0.019682,74.125.24.0-255,5738,95931,58,119213
17697,0.01969,172.31.46.0-255,66,95997,58,119213
17698,0.021796,74.125.24.0-255,5738,101735,58,119213
17699,0.021806,172.31.46.0-255,66,101801,58,119213
17700,0.023854,74.125.24.0-255,5738,107539,58,119213
17701,0.023864,172.31.46.0-255,66,107605,58,119213
17702,0.025953,74.125.24.0-255,5738,113343,58,119213
17703,0.025961,172.31.46.0-255,66,113409,58,119213
17704,0.028094,74.125.24.0-255,5738,119147,58,119213
17705,0.028101,172.31.46.0-255,66,119213,58,119213
17706,0.0,172.217.194.0-255,152,152,58,164299
17707,1.8e-05,172.31.46.0-255,66,218,58,164299
17708,2.6e-05,172.217.194.0-255,1484,1702,58,164299
17709,3e-05,172.31.46.0-255,66,1768,58,164299
17710,3.6e-05,172.217.194.0-255,2902,4670,58,164299
17711,4e-05,172.31.46.0-255,66,4736,58,164299
17712,4.8e-05,172.217.194.0-255,7156,11892,58,164299
17713,5.2e-05,172.31.46.0-255,66,11958,58,164299
17714,5.8e-05,172.217.194.0-255,4889,16847,58,164299
17715,6.1e-05,172.31.46.0-255,66,16913,58,164299
17716,7.7e-05,172.31.46.0-255,66,16979,58,164299
17717,0.000107,172.217.194.0-255,1484,18463,58,164299
17718,0.00011,172.31.46.0-255,66,18529,58,164299
17719,0.000115,172.217.194.0-255,2902,21431,58,164299
17720,0.000117,172.31.46.0-255,66,21497,58,164299
17721,0.000132,172.217.194.0-255,1484,22981,58,164299
17722,0.000134,172.31.46.0-255,66,23047,58,164299
17723,0.000152,172.217.194.0-255,2902,25949,58,164299
17724,0.000155,172.31.46.0-255,66,26015,58,164299
17725,0.000161,172.217.194.0-255,5738,31753,58,164299
17726,0.000164,172.31.46.0-255,66,31819,58,164299
17727,0.000167,172.217.194.0-255,1484,33303,58,164299
17728,0.000169,172.31.46.0-255,66,33369,58,164299
17729,0.000203,172.31.46.0-255,66,33435,58,164299
17730,0.000209,172.217.194.0-255,2902,36337,58,164299
17731,0.00021,172.31.46.0-255,66,36403,58,164299
17732,0.000225,172.217.194.0-255,4320,40723,58,164299
17733,0.000227,172.31.46.0-255,66,40789,58,164299
17734,0.00025,172.217.194.0-255,1113,41902,58,164299
17735,0.000252,172.31.46.0-255,66,41968,58,164299
17736,0.000291,172.217.194.0-255,1484,43452,58,164299
17737,0.000297,172.217.194.0-255,4320,47772,58,164299
17738,0.000306,172.217.194.0-255,7156,54928,58,164299
17739,0.000322,172.217.194.0-255,1484,56412,58,164299
17740,0.000487,172.31.46.0-255,66,56478,58,164299
17741,0.000584,172.217.194.0-255,1484,57962,58,164299
17742,0.000591,172.217.194.0-255,2902,60864,58,164299
17743,0.000599,172.31.46.0-255,66,60930,58,164299
17744,0.000615,172.217.194.0-255,5738,66668,58,164299
17745,0.000618,172.217.194.0-255,1484,68152,58,164299
17746,0.000647,172.31.46.0-255,66,68218,58,164299
17747,0.000662,172.217.194.0-255,1484,69702,58,164299
17748,0.000688,172.31.46.0-255,66,69768,58,164299
17749,0.000821,172.217.194.0-255,1484,71252,58,164299
17750,0.000826,172.217.194.0-255,2902,74154,58,164299
17751,0.000844,172.217.194.0-255,5738,79892,58,164299
17752,0.000848,172.31.46.0-255,66,79958,58,164299
17753,0.000853,172.31.46.0-255,66,80024,58,164299
17754,0.000892,172.31.46.0-255,66,80090,58,164299
17755,0.000992,172.217.194.0-255,1484,81574,58,164299
17756,0.001003,172.31.46.0-255,66,81640,58,164299
17757,0.001018,172.217.194.0-255,7156,88796,58,164299
17758,0.001024,172.31.46.0-255,66,88862,58,164299
17759,0.001035,172.217.194.0-255,2902,91764,58,164299
17760,0.001084,172.31.46.0-255,66,91830,58,164299
17761,0.001128,172.217.194.0-255,1484,93314,58,164299
17762,0.001143,172.217.194.0-255,2902,96216,58,164299
17763,0.001149,172.217.194.0-255,5738,101954,58,164299
17764,0.001173,172.31.46.0-255,66,102020,58,164299
17765,0.001197,172.31.46.0-255,66,102086,58,164299
17766,0.001236,172.217.194.0-255,5738,107824,58,164299
17767,0.001241,172.31.46.0-255,66,107890,58,164299
17768,0.001265,172.217.194.0-255,5738,113628,58,164299
17769,0.001284,172.31.46.0-255,66,113694,58,164299
17770,0.001303,172.217.194.0-255,2902,116596,58,164299
17771,0.001312,172.31.46.0-255,66,116662,58,164299
17772,0.001341,172.217.194.0-255,1484,118146,58,164299
17773,0.001349,172.31.46.0-255,66,118212,58,164299
17774,0.001359,172.217.194.0-255,2902,121114,58,164299
17775,0.001378,172.217.194.0-255,5738,126852,58,164299
17776,0.001383,172.217.194.0-255,2902,129754,58,164299
17777,0.001389,172.31.46.0-255,66,129820,58,164299
17778,0.001435,172.31.46.0-255,66,129886,58,164299
17779,0.001455,172.217.194.0-255,4320,134206,58,164299
17780,0.00147,172.31.46.0-255,66,134272,58,164299
17781,0.001473,172.217.194.0-255,1484,135756,58,164299
17782,0.00148,172.217.194.0-255,5738,141494,58,164299
17783,0.001491,172.217.194.0-255,1484,142978,58,164299
17784,0.001528,172.217.194.0-255,7156,150134,58,164299
17785,0.001531,172.31.46.0-255,66,150200,58,164299
17786,0.001551,172.217.194.0-255,7156,157356,58,164299
17787,0.001558,172.217.194.0-255,6438,163794,58,164299
17788,0.001588,172.217.194.0-255,97,163891,58,164299
17789,0.001604,172.31.46.0-255,66,163957,58,164299
17790,0.001611,172.217.194.0-255,105,164062,58,164299
17791,0.004295,172.31.46.0-255,66,164128,58,164299
17792,0.004331,172.31.46.0-255,105,164233,58,164299
17793,0.006859,172.217.194.0-255,66,164299,58,164299
17794,0.0,172.217.194.0-255,153,153,58,255092
17795,2.3e-05,172.31.46.0-255,66,219,58,255092
17796,3.1e-05,172.217.194.0-255,1484,1703,58,255092
17797,3.7e-05,172.31.46.0-255,66,1769,58,255092
17798,4.3e-05,172.217.194.0-255,2902,4671,58,255092
17799,4.7e-05,172.31.46.0-255,66,4737,58,255092
17800,5.4e-05,172.217.194.0-255,7156,11893,58,255092
17801,5.8e-05,172.31.46.0-255,66,11959,58,255092
17802,6.2e-05,172.217.194.0-255,2057,14016,58,255092
17803,6.5e-05,172.31.46.0-255,66,14082,58,255092
17804,0.000546,172.217.194.0-255,1484,15566,58,255092
17805,0.000553,172.31.46.0-255,66,15632,58,255092
17806,0.000562,172.217.194.0-255,2902,18534,58,255092
17807,0.000565,172.31.46.0-255,66,18600,58,255092
17808,0.000572,172.217.194.0-255,5738,24338,58,255092
17809,0.000574,172.31.46.0-255,66,24404,58,255092
17810,0.000605,172.217.194.0-255,6797,31201,58,255092
17811,0.000608,172.31.46.0-255,66,31267,58,255092
17812,0.000654,172.217.194.0-255,1484,32751,58,255092
17813,0.000657,172.31.46.0-255,66,32817,58,255092
17814,0.000662,172.217.194.0-255,2902,35719,58,255092
17815,0.000664,172.31.46.0-255,66,35785,58,255092
17816,0.000668,172.217.194.0-255,1484,37269,58,255092
17817,0.00067,172.31.46.0-255,66,37335,58,255092
17818,0.000696,172.217.194.0-255,4320,41655,58,255092
17819,0.000699,172.31.46.0-255,66,41721,58,255092
17820,0.000705,172.217.194.0-255,4320,46041,58,255092
17821,0.000707,172.31.46.0-255,66,46107,58,255092
17822,0.000724,172.217.194.0-255,2543,48650,58,255092
17823,0.000726,172.31.46.0-255,66,48716,58,255092
17824,0.000734,172.217.194.0-255,7156,55872,58,255092
17825,0.000736,172.31.46.0-255,66,55938,58,255092
17826,0.00076,172.31.46.0-255,66,56004,58,255092
17827,0.000778,172.217.194.0-255,1415,57419,58,255092
17828,0.000817,172.217.194.0-255,98,57517,58,255092
17829,0.000832,172.217.194.0-255,365,57882,58,255092
17830,0.000835,172.31.46.0-255,66,57948,58,255092
17831,0.000952,172.217.194.0-255,1484,59432,58,255092
17832,0.000959,172.217.194.0-255,2902,62334,58,255092
17833,0.000963,172.31.46.0-255,66,62400,58,255092
17834,0.000969,172.217.194.0-255,5738,68138,58,255092
17835,0.000972,172.31.46.0-255,66,68204,58,255092
17836,0.001007,172.31.46.0-255,66,68270,58,255092
17837,0.001014,172.217.194.0-255,7156,75426,58,255092
17838,0.001017,172.31.46.0-255,66,75492,58,255092
17839,0.001034,172.217.194.0-255,3602,79094,58,255092
17840,0.001036,172.31.46.0-255,66,79160,58,255092
17841,0.001485,172.217.194.0-255,1484,80644,58,255092
17842,0.001494,172.217.194.0-255,2902,83546,58,255092
17843,0.0015,172.31.46.0-255,66,83612,58,255092
17844,0.001508,172.217.194.0-255,5738,89350,58,255092
17845,0.00151,172.31.46.0-255,66,89416,58,255092
17846,0.001517,172.217.194.0-255,5738,95154,58,255092
17847,0.001519,172.31.46.0-255,66,95220,58,255092
17848,0.00158,172.31.46.0-255,66,95286,58,255092
17849,0.001583,172.217.194.0-255,766,96052,58,255092
17850,0.001764,172.217.194.0-255,1484,97536,58,255092
17851,0.001766,172.31.46.0-255,66,97602,58,255092
17852,0.001772,172.217.194.0-255,2902,100504,58,255092
17853,0.001775,172.31.46.0-255,66,100570,58,255092
17854,0.001803,172.217.194.0-255,5738,106308,58,255092
17855,0.001806,172.31.46.0-255,66,106374,58,255092
17856,0.001809,172.217.194.0-255,1484,107858,58,255092
17857,0.001839,172.31.46.0-255,66,107924,58,255092
17858,0.00185,172.31.46.0-255,66,107990,58,255092
17859,0.001884,172.217.194.0-255,2184,110174,58,255092
17860,0.001886,172.31.46.0-255,66,110240,58,255092
17861,0.001922,172.217.194.0-255,1484,111724,58,255092
17862,0.001938,172.217.194.0-255,2902,114626,58,255092
17863,0.001941,172.31.46.0-255,66,114692,58,255092
17864,0.001948,172.217.194.0-255,5738,120430,58,255092
17865,0.00195,172.31.46.0-255,66,120496,58,255092
17866,0.00197,172.217.194.0-255,2902,123398,58,255092
17867,0.001972,172.31.46.0-255,66,123464,58,255092
17868,0.001996,172.31.46.0-255,66,123530,58,255092
17869,0.002009,172.31.46.0-255,66,123596,58,255092
17870,0.002129,172.217.194.0-255,1484,125080,58,255092
17871,0.00215,172.217.194.0-255,2902,127982,58,255092
17872,0.002152,172.31.46.0-255,66,128048,58,255092
17873,0.002159,172.217.194.0-255,5738,133786,58,255092
17874,0.002161,172.31.46.0-255,66,133852,58,255092
17875,0.002198,172.31.46.0-255,66,133918,58,255092
17876,0.002205,172.217.194.0-255,7156,141074,58,255092
17877,0.002208,172.31.46.0-255,66,141140,58,255092
17878,0.002242,172.217.194.0-255,3602,144742,58,255092
17879,0.002245,172.31.46.0-255,66,144808,58,255092
17880,0.002336,172.217.194.0-255,1484,146292,58,255092
17881,0.002355,172.217.194.0-255,2902,149194,58,255092
17882,0.002358,172.31.46.0-255,66,149260,58,255092
17883,0.002361,172.217.194.0-255,1484,150744,58,255092
17884,0.002381,172.217.194.0-255,4320,155064,58,255092
17885,0.002384,172.31.46.0-255,66,155130,58,255092
17886,0.002398,172.217.194.0-255,2902,158032,58,255092
17887,0.0024,172.31.46.0-255,66,158098,58,255092
17888,0.002419,172.217.194.0-255,1484,159582,58,255092
17889,0.002432,172.217.194.0-255,7156,166738,58,255092
17890,0.002435,172.31.46.0-255,66,166804,58,255092
17891,0.002452,172.217.194.0-255,4320,171124,58,255092
17892,0.002455,172.31.46.0-255,66,171190,58,255092
17893,0.00246,172.217.194.0-255,4320,175510,58,255092
17894,0.002463,172.31.46.0-255,66,175576,58,255092
17895,0.002466,172.217.194.0-255,1484,177060,58,255092
17896,0.002481,172.217.194.0-255,3602,180662,58,255092
17897,0.002484,172.31.46.0-255,66,180728,58,255092
17898,0.002516,172.31.46.0-255,66,180794,58,255092
17899,0.002557,172.31.46.0-255,66,180860,58,255092
17900,0.002568,172.31.46.0-255,66,180926,58,255092
17901,0.002624,172.217.194.0-255,1484,182410,58,255092
17902,0.002629,172.217.194.0-255,2902,185312,58,255092
17903,0.002631,172.31.46.0-255,66,185378,58,255092
17904,0.002637,172.217.194.0-255,4320,189698,58,255092
17905,0.002639,172.31.46.0-255,66,189764,58,255092
17906,0.002655,172.217.194.0-255,1484,191248,58,255092
17907,0.002662,172.217.194.0-255,5738,196986,58,255092
17908,0.002665,172.31.46.0-255,66,197052,58,255092
17909,0.005291,172.217.194.0-255,5738,202790,58,255092
17910,0.005297,172.31.46.0-255,66,202856,58,255092
17911,0.007911,172.217.194.0-255,5738,208594,58,255092
17912,0.007917,172.31.46.0-255,66,208660,58,255092
17913,0.010558,172.217.194.0-255,5738,214398,58,255092
17914,0.010566,172.31.46.0-255,66,214464,58,255092
17915,0.013183,172.217.194.0-255,5738,220202,58,255092
17916,0.013191,172.31.46.0-255,66,220268,58,255092
17917,0.015816,172.217.194.0-255,5738,226006,58,255092
17918,0.015825,172.31.46.0-255,66,226072,58,255092
17919,0.018433,172.217.194.0-255,5738,231810,58,255092
17920,0.018439,172.31.46.0-255,66,231876,58,255092
17921,0.021072,172.217.194.0-255,5738,237614,58,255092
17922,0.021081,172.31.46.0-255,66,237680,58,255092
17923,0.023729,172.217.194.0-255,5738,243418,58,255092
17924,0.023737,172.31.46.0-255,66,243484,58,255092
17925,0.026364,172.217.194.0-255,5738,249222,58,255092
17926,0.026378,172.31.46.0-255,66,249288,58,255092
17927,0.028992,172.217.194.0-255,5738,255026,58,255092
17928,0.029005,172.31.46.0-255,66,255092,58,255092
17929,0.0,74.125.130.0-255,153,153,58,208358
17930,1.4e-05,172.31.46.0-255,66,219,58,208358
17931,2e-05,74.125.130.0-255,1484,1703,58,208358
17932,2.5e-05,172.31.46.0-255,66,1769,58,208358
17933,2.9e-05,74.125.130.0-255,1484,3253,58,208358
17934,3.2e-05,172.31.46.0-255,66,3319,58,208358
17935,6.2e-05,74.125.130.0-255,1484,4803,58,208358
17936,6.5e-05,172.31.46.0-255,66,4869,58,208358
17937,7.8e-05,74.125.130.0-255,7156,12025,58,208358
17938,8.1e-05,172.31.46.0-255,66,12091,58,208358
17939,8.5e-05,74.125.130.0-255,2005,14096,58,208358
17940,8.7e-05,172.31.46.0-255,66,14162,58,208358
17941,0.000158,74.125.130.0-255,1484,15646,58,208358
17942,0.000162,172.31.46.0-255,66,15712,58,208358
17943,0.000189,74.125.130.0-255,2902,18614,58,208358
17944,0.000192,172.31.46.0-255,66,18680,58,208358
17945,0.000232,74.125.130.0-255,4320,23000,58,208358
17946,0.000236,172.31.46.0-255,66,23066,58,208358
17947,0.00024,74.125.130.0-255,2902,25968,58,208358
17948,0.000243,172.31.46.0-255,66,26034,58,208358
17949,0.000252,74.125.130.0-255,4320,30354,58,208358
17950,0.000254,172.31.46.0-255,66,30420,58,208358
17951,0.000257,74.125.130.0-255,1125,31545,58,208358
17952,0.00026,172.31.46.0-255,66,31611,58,208358
17953,0.000386,74.125.130.0-255,1484,33095,58,208358
17954,0.000391,172.31.46.0-255,66,33161,58,208358
17955,0.000397,74.125.130.0-255,2902,36063,58,208358
17956,0.0004,172.31.46.0-255,66,36129,58,208358
17957,0.000435,74.125.130.0-255,5738,41867,58,208358
17958,0.000438,172.31.46.0-255,66,41933,58,208358
17959,0.000443,74.125.130.0-255,4320,46253,58,208358
17960,0.000445,172.31.46.0-255,66,46319,58,208358
17961,0.000451,74.125.130.0-255,4320,50639,58,208358
17962,0.000458,172.31.46.0-255,66,50705,58,208358
17963,0.000488,74.125.130.0-255,1125,51830,58,208358
17964,0.000501,172.31.46.0-255,66,51896,58,208358
17965,0.000528,74.125.130.0-255,2902,54798,58,208358
17966,0.00053,172.31.46.0-255,66,54864,58,208358
17967,0.000548,74.125.130.0-255,1713,56577,58,208358
17968,0.000551,172.31.46.0-255,66,56643,58,208358
17969,0.000664,74.125.130.0-255,1484,58127,58,208358
17970,0.000679,74.125.130.0-255,2902,61029,58,208358
17971,0.000682,172.31.46.0-255,66,61095,58,208358
17972,0.000715,74.125.130.0-255,1484,62579,58,208358
17973,0.000744,74.125.130.0-255,4320,66899,58,208358
17974,0.000747,172.31.46.0-255,66,66965,58,208358
17975,0.000759,172.31.46.0-255,66,67031,58,208358
17976,0.000773,172.31.46.0-255,66,67097,58,208358
17977,0.000781,74.125.130.0-255,5738,72835,58,208358
17978,0.000784,172.31.46.0-255,66,72901,58,208358
17979,0.000813,74.125.130.0-255,1125,74026,58,208358
17980,0.000994,74.125.130.0-255,1484,75510,58,208358
17981,0.000999,172.31.46.0-255,66,75576,58,208358
17982,0.001003,74.125.130.0-255,1484,77060,58,208358
17983,0.001032,74.125.130.0-255,1484,78544,58,208358
17984,0.001034,172.31.46.0-255,66,78610,58,208358
17985,0.001041,74.125.130.0-255,5738,84348,58,208358
17986,0.001043,172.31.46.0-255,66,84414,58,208358
17987,0.001047,74.125.130.0-255,2902,87316,58,208358
17988,0.001056,172.31.46.0-255,66,87382,58,208358
17989,0.001062,74.125.130.0-255,4320,91702,58,208358
17990,0.001064,172.31.46.0-255,66,91768,58,208358
17991,0.001074,172.31.46.0-255,66,91834,58,208358
17992,0.00108,74.125.130.0-255,5738,97572,58,208358
17993,0.001084,172.31.46.0-255,66,97638,58,208358
17994,0.00113,74.125.130.0-255,2184,99822,58,208358
17995,0.001133,172.31.46.0-255,66,99888,58,208358
17996,0.001166,74.125.130.0-255,2902,102790,58,208358
17997,0.001169,172.31.46.0-255,66,102856,58,208358
17998,0.001172,74.125.130.0-255,1484,104340,58,208358
17999,0.001196,74.125.130.0-255,2902,107242,58,208358
18000,0.001199,172.31.46.0-255,66,107308,58,208358
18001,0.001228,74.125.130.0-255,5738,113046,58,208358
18002,0.001231,172.31.46.0-255,66,113112,58,208358
18003,0.001236,74.125.130.0-255,4320,117432,58,208358
18004,0.001238,172.31.46.0-255,66,117498,58,208358
18005,0.001242,74.125.130.0-255,1484,118982,58,208358
18006,0.001265,74.125.130.0-255,4320,123302,58,208358
18007,0.001268,172.31.46.0-255,66,123368,58,208358
18008,0.001288,74.125.130.0-255,4320,127688,58,208358
18009,0.00129,172.31.46.0-255,66,127754,58,208358
18010,0.001319,74.125.130.0-255,6438,134192,58,208358
18011,0.001322,172.31.46.0-255,66,134258,58,208358
18012,0.003414,74.125.130.0-255,5738,139996,58,208358
18013,0.00342,172.31.46.0-255,66,140062,58,208358
18014,0.005506,74.125.130.0-255,5738,145800,58,208358
18015,0.00551,172.31.46.0-255,66,145866,58,208358
18016,0.007594,74.125.130.0-255,5738,151604,58,208358
18017,0.0076,172.31.46.0-255,66,151670,58,208358
18018,0.009706,74.125.130.0-255,4320,155990,58,208358
18019,0.009713,172.31.46.0-255,66,156056,58,208358
18020,0.009739,74.125.130.0-255,1484,157540,58,208358
18021,0.01181,74.125.130.0-255,4320,161860,58,208358
18022,0.011818,172.31.46.0-255,66,161926,58,208358
18023,0.013935,74.125.130.0-255,5738,167664,58,208358
18024,0.013943,172.31.46.0-255,66,167730,58,208358
18025,0.016049,74.125.130.0-255,5738,173468,58,208358
18026,0.016057,172.31.46.0-255,66,173534,58,208358
18027,0.018146,74.125.130.0-255,5738,179272,58,208358
18028,0.018154,172.31.46.0-255,66,179338,58,208358
18029,0.020246,74.125.130.0-255,5738,185076,58,208358
18030,0.020253,172.31.46.0-255,66,185142,58,208358
18031,0.022358,74.125.130.0-255,5738,190880,58,208358
18032,0.022366,172.31.46.0-255,66,190946,58,208358
18033,0.024443,74.125.130.0-255,5738,196684,58,208358
18034,0.024451,172.31.46.0-255,66,196750,58,208358
18035,0.026542,74.125.130.0-255,5738,202488,58,208358
18036,0.02655,172.31.46.0-255,66,202554,58,208358
18037,0.02865,74.125.130.0-255,5738,208292,58,208358
18038,0.028658,172.31.46.0-255,66,208358,58,208358
18039,0.0,74.125.130.0-255,157,157,58,154387
18040,2.5e-05,172.31.46.0-255,66,223,58,154387
18041,3.3e-05,74.125.130.0-255,1484,1707,58,154387
18042,3.8e-05,172.31.46.0-255,66,1773,58,154387
18043,4.4e-05,74.125.130.0-255,2902,4675,58,154387
18044,4.7e-05,172.31.46.0-255,66,4741,58,154387
18045,5.2e-05,74.125.130.0-255,4320,9061,58,154387
18046,5.5e-05,172.31.46.0-255,66,9127,58,154387
18047,5.9e-05,74.125.130.0-255,2902,12029,58,154387
18048,6.2e-05,172.31.46.0-255,66,12095,58,154387
18049,9.3e-05,74.125.130.0-255,6250,18345,58,154387
18050,9.6e-05,172.31.46.0-255,66,18411,58,154387
18051,0.00011,172.31.46.0-255,66,18477,58,154387
18052,0.000113,74.125.130.0-255,1125,19602,58,154387
18053,0.000115,172.31.46.0-255,66,19668,58,154387
18054,0.000187,74.125.130.0-255,1484,21152,58,154387
18055,0.000191,74.125.130.0-255,2902,24054,58,154387
18056,0.000196,172.31.46.0-255,66,24120,58,154387
18057,0.000199,172.31.46.0-255,66,24186,58,154387
18058,0.000212,74.125.130.0-255,5738,29924,58,154387
18059,0.000216,172.31.46.0-255,66,29990,58,154387
18060,0.000247,172.31.46.0-255,66,30056,58,154387
18061,0.000306,74.125.130.0-255,7156,37212,58,154387
18062,0.00031,172.31.46.0-255,66,37278,58,154387
18063,0.000327,74.125.130.0-255,3945,41223,58,154387
18064,0.000329,172.31.46.0-255,66,41289,58,154387
18065,0.000665,74.125.130.0-255,366,41655,58,154387
18066,0.000671,172.31.46.0-255,66,41721,58,154387
18067,0.001127,74.125.130.0-255,1484,43205,58,154387
18068,0.001132,172.31.46.0-255,66,43271,58,154387
18069,0.001136,74.125.130.0-255,1484,44755,58,154387
18070,0.001143,74.125.130.0-255,2902,47657,58,154387
18071,0.001145,172.31.46.0-255,66,47723,58,154387
18072,0.001174,74.125.130.0-255,5738,53461,58,154387
18073,0.001178,172.31.46.0-255,66,53527,58,154387
18074,0.001197,74.125.130.0-255,2902,56429,58,154387
18075,0.001199,172.31.46.0-255,66,56495,58,154387
18076,0.001226,74.125.130.0-255,2543,59038,58,154387
18077,0.001228,172.31.46.0-255,66,59104,58,154387
18078,0.001264,74.125.130.0-255,1484,60588,58,154387
18079,0.001267,74.125.130.0-255,1484,62072,58,154387
18080,0.001272,172.31.46.0-255,66,62138,58,154387
18081,0.00128,74.125.130.0-255,1484,63622,58,154387
18082,0.001284,74.125.130.0-255,2902,66524,58,154387
18083,0.001286,172.31.46.0-255,66,66590,58,154387
18084,0.001313,74.125.130.0-255,4320,70910,58,154387
18085,0.001316,172.31.46.0-255,66,70976,58,154387
18086,0.001348,74.125.130.0-255,5379,76355,58,154387
18087,0.001351,172.31.46.0-255,66,76421,58,154387
18088,0.001952,74.125.130.0-255,1484,77905,58,154387
18089,0.001964,74.125.130.0-255,2902,80807,58,154387
18090,0.001968,172.31.46.0-255,66,80873,58,154387
18091,0.001976,74.125.130.0-255,5738,86611,58,154387
18092,0.001978,172.31.46.0-255,66,86677,58,154387
18093,0.002016,172.31.46.0-255,66,86743,58,154387
18094,0.002024,74.125.130.0-255,7156,93899,58,154387
18095,0.002026,172.31.46.0-255,66,93965,58,154387
18096,0.002058,74.125.130.0-255,3602,97567,58,154387
18097,0.002061,172.31.46.0-255,66,97633,58,154387
18098,0.004579,74.125.130.0-255,1484,99117,58,154387
18099,0.00461,74.125.130.0-255,2902,102019,58,154387
18100,0.004614,172.31.46.0-255,66,102085,58,154387
18101,0.004632,74.125.130.0-255,1484,103569,58,154387
18102,0.007187,74.125.130.0-255,4320,107889,58,154387
18103,0.007201,172.31.46.0-255,66,107955,58,154387
18104,0.009809,74.125.130.0-255,5738,113693,58,154387
18105,0.009828,172.31.46.0-255,66,113759,58,154387
18106,0.012403,74.125.130.0-255,5738,119497,58,154387
18107,0.01242,172.31.46.0-255,66,119563,58,154387
18108,0.015003,74.125.130.0-255,5738,125301,58,154387
18109,0.015025,172.31.46.0-255,66,125367,58,154387
18110,0.017603,74.125.130.0-255,5738,131105,58,154387
18111,0.017623,172.31.46.0-255,66,131171,58,154387
18112,0.020205,74.125.130.0-255,5738,136909,58,154387
18113,0.020215,172.31.46.0-255,66,136975,58,154387
18114,0.022801,74.125.130.0-255,5738,142713,58,154387
18115,0.022817,172.31.46.0-255,66,142779,58,154387
18116,0.025408,74.125.130.0-255,5738,148517,58,154387
18117,0.025424,172.31.46.0-255,66,148583,58,154387
18118,0.028014,74.125.130.0-255,5738,154321,58,154387
18119,0.028034,172.31.46.0-255,66,154387,58,154387
18120,0.0,74.125.68.0-255,156,156,58,206652
18121,2.1e-05,172.31.46.0-255,66,222,58,206652
18122,2.9e-05,74.125.68.0-255,1484,1706,58,206652
18123,3.3e-05,172.31.46.0-255,66,1772,58,206652
18124,3.9e-05,74.125.68.0-255,2902,4674,58,206652
18125,4.9e-05,172.31.46.0-255,66,4740,58,206652
18126,5.4e-05,74.125.68.0-255,4320,9060,58,206652
18127,5.8e-05,172.31.46.0-255,66,9126,58,206652
18128,6.4e-05,74.125.68.0-255,4879,14005,58,206652
18129,6.7e-05,172.31.46.0-255,66,14071,58,206652
18130,0.000169,74.125.68.0-255,1484,15555,58,206652
18131,0.000173,172.31.46.0-255,66,15621,58,206652
18132,0.000178,74.125.68.0-255,2902,18523,58,206652
18133,0.00018,172.31.46.0-255,66,18589,58,206652
18134,0.000203,74.125.68.0-255,5738,24327,58,206652
18135,0.000205,172.31.46.0-255,66,24393,58,206652
18136,0.000212,74.125.68.0-255,5738,30131,58,206652
18137,0.000214,172.31.46.0-255,66,30197,58,206652
18138,0.000252,74.125.68.0-255,1125,31322,58,206652
18139,0.000254,172.31.46.0-255,66,31388,58,206652
18140,0.000788,74.125.68.0-255,1484,32872,58,206652
18141,0.000794,172.31.46.0-255,66,32938,58,206652
18142,0.000802,74.125.68.0-255,2902,35840,58,206652
18143,0.000804,172.31.46.0-255,66,35906,58,206652
18144,0.000816,74.125.68.0-255,5738,41644,58,206652
18145,0.000818,172.31.46.0-255,66,41710,58,206652
18146,0.000822,74.125.68.0-255,2902,44612,58,206652
18147,0.000825,172.31.46.0-255,66,44678,58,206652
18148,0.000845,74.125.68.0-255,1484,46162,58,206652
18149,0.000847,172.31.46.0-255,66,46228,58,206652
18150,0.000872,74.125.68.0-255,2543,48771,58,206652
18151,0.000874,172.31.46.0-255,66,48837,58,206652
18152,0.000885,172.31.46.0-255,66,48903,58,206652
18153,0.000889,74.125.68.0-255,2902,51805,58,206652
18154,0.000891,172.31.46.0-255,66,51871,58,206652
18155,0.000934,74.125.68.0-255,5653,57524,58,206652
18156,0.000937,172.31.46.0-255,66,57590,58,206652
18157,0.000969,74.125.68.0-255,381,57971,58,206652
18158,0.00111,74.125.68.0-255,1484,59455,58,206652
18159,0.001115,172.31.46.0-255,66,59521,58,206652
18160,0.001119,74.125.68.0-255,1484,61005,58,206652
18161,0.001144,74.125.68.0-255,1484,62489,58,206652
18162,0.001147,172.31.46.0-255,66,62555,58,206652
18163,0.001153,74.125.68.0-255,2902,65457,58,206652
18164,0.001156,172.31.46.0-255,66,65523,58,206652
18165,0.001161,74.125.68.0-255,4320,69843,58,206652
18166,0.001164,172.31.46.0-255,66,69909,58,206652
18167,0.001211,172.31.46.0-255,66,69975,58,206652
18168,0.001216,74.125.68.0-255,4320,74295,58,206652
18169,0.001218,172.31.46.0-255,66,74361,58,206652
18170,0.001225,74.125.68.0-255,5738,80099,58,206652
18171,0.001227,172.31.46.0-255,66,80165,58,206652
18172,0.00125,74.125.68.0-255,2543,82708,58,206652
18173,0.001254,172.31.46.0-255,66,82774,58,206652
18174,0.001812,74.125.68.0-255,1484,84258,58,206652
18175,0.001821,74.125.68.0-255,2902,87160,58,206652
18176,0.001826,172.31.46.0-255,66,87226,58,206652
18177,0.001859,74.125.68.0-255,5738,92964,58,206652
18178,0.001862,172.31.46.0-255,66,93030,58,206652
18179,0.001868,74.125.68.0-255,5738,98768,58,206652
18180,0.001871,172.31.46.0-255,66,98834,58,206652
18181,0.001903,74.125.68.0-255,7156,105990,58,206652
18182,0.001905,172.31.46.0-255,66,106056,58,206652
18183,0.00193,74.125.68.0-255,4320,110376,58,206652
18184,0.001932,172.31.46.0-255,66,110442,58,206652
18185,0.001954,74.125.68.0-255,6438,116880,58,206652
18186,0.001956,172.31.46.0-255,66,116946,58,206652
18187,0.002132,74.125.68.0-255,1484,118430,58,206652
18188,0.00215,74.125.68.0-255,2902,121332,58,206652
18189,0.002153,172.31.46.0-255,66,121398,58,206652
18190,0.002177,74.125.68.0-255,5738,127136,58,206652
18191,0.002179,172.31.46.0-255,66,127202,58,206652
18192,0.002203,74.125.68.0-255,1484,128686,58,206652
18193,0.002207,74.125.68.0-255,2902,131588,58,206652
18194,0.002209,172.31.46.0-255,66,131654,58,206652
18195,0.002234,74.125.68.0-255,5738,137392,58,206652
18196,0.002237,172.31.46.0-255,66,137458,58,206652
18197,0.00224,74.125.68.0-255,2902,140360,58,206652
18198,0.002243,172.31.46.0-255,66,140426,58,206652
18199,0.002273,74.125.68.0-255,5738,146164,58,206652
18200,0.002276,172.31.46.0-255,66,146230,58,206652
18201,0.002301,74.125.68.0-255,4320,150550,58,206652
18202,0.002303,172.31.46.0-255,66,150616,58,206652
18203,0.002312,74.125.68.0-255,766,151382,58,206652
18204,0.004822,74.125.68.0-255,4320,155702,58,206652
18205,0.004827,172.31.46.0-255,66,155768,58,206652
18206,0.007357,74.125.68.0-255,5738,161506,58,206652
18207,0.007363,172.31.46.0-255,66,161572,58,206652
18208,0.009915,74.125.68.0-255,5738,167310,58,206652
18209,0.009924,172.31.46.0-255,66,167376,58,206652
18210,0.012468,74.125.68.0-255,5738,173114,58,206652
18211,0.012476,172.31.46.0-255,66,173180,58,206652
18212,0.015005,74.125.68.0-255,5738,178918,58,206652
18213,0.015014,172.31.46.0-255,66,178984,58,206652
18214,0.017537,74.125.68.0-255,4320,183304,58,206652
18215,0.017547,172.31.46.0-255,66,183370,58,206652
18216,0.017577,74.125.68.0-255,1484,184854,58,206652
18217,0.020085,74.125.68.0-255,4320,189174,58,206652
18218,0.020092,172.31.46.0-255,66,189240,58,206652
18219,0.022624,74.125.68.0-255,5738,194978,58,206652
18220,0.022631,172.31.46.0-255,66,195044,58,206652
18221,0.025162,74.125.68.0-255,5738,200782,58,206652
18222,0.025171,172.31.46.0-255,66,200848,58,206652
18223,0.027701,74.125.68.0-255,5738,206586,58,206652
18224,0.027711,172.31.46.0-255,66,206652,58,206652
18225,0.0,172.217.194.0-255,149,149,58,236131
18226,2.5e-05,172.31.46.0-255,66,215,58,236131
18227,3.3e-05,172.217.194.0-255,1484,1699,58,236131
18228,3.7e-05,172.31.46.0-255,66,1765,58,236131
18229,4.3e-05,172.217.194.0-255,2902,4667,58,236131
18230,4.8e-05,172.31.46.0-255,66,4733,58,236131
18231,5.6e-05,172.217.194.0-255,7156,11889,58,236131
18232,6e-05,172.31.46.0-255,66,11955,58,236131
18233,6.5e-05,172.217.194.0-255,2118,14073,58,236131
18234,6.9e-05,172.31.46.0-255,66,14139,58,236131
18235,9.5e-05,172.217.194.0-255,2902,17041,58,236131
18236,9.8e-05,172.31.46.0-255,66,17107,58,236131
18237,0.000123,172.217.194.0-255,7156,24263,58,236131
18238,0.000126,172.31.46.0-255,66,24329,58,236131
18239,0.000146,172.217.194.0-255,6797,31126,58,236131
18240,0.000149,172.31.46.0-255,66,31192,58,236131
18241,0.000179,172.217.194.0-255,7156,38348,58,236131
18242,0.000182,172.31.46.0-255,66,38414,58,236131
18243,0.000202,172.217.194.0-255,4320,42734,58,236131
18244,0.000204,172.31.46.0-255,66,42800,58,236131
18245,0.00022,172.217.194.0-255,5379,48179,58,236131
18246,0.000223,172.31.46.0-255,66,48245,58,236131
18247,0.000463,172.217.194.0-255,1484,49729,58,236131
18248,0.000469,172.31.46.0-255,66,49795,58,236131
18249,0.000475,172.217.194.0-255,2902,52697,58,236131
18250,0.000478,172.31.46.0-255,66,52763,58,236131
18251,0.000486,172.217.194.0-255,5738,58501,58,236131
18252,0.000489,172.31.46.0-255,66,58567,58,236131
18253,0.00052,172.217.194.0-255,6797,65364,58,236131
18254,0.000524,172.31.46.0-255,66,65430,58,236131
18255,0.000526,172.217.194.0-255,647,66077,58,236131
18256,0.000529,172.31.46.0-255,66,66143,58,236131
18257,0.000626,172.217.194.0-255,1484,67627,58,236131
18258,0.000632,172.217.194.0-255,2902,70529,58,236131
18259,0.000666,172.217.194.0-255,1484,72013,58,236131
18260,0.000675,172.31.46.0-255,66,72079,58,236131
18261,0.00069,172.217.194.0-255,4320,76399,58,236131
18262,0.000698,172.217.194.0-255,6797,83196,58,236131
18263,0.0007,172.217.194.0-255,1484,84680,58,236131
18264,0.000723,172.217.194.0-255,5738,90418,58,236131
18265,0.000733,172.217.194.0-255,1125,91543,58,236131
18266,0.000736,172.31.46.0-255,66,91609,58,236131
18267,0.000742,172.31.46.0-255,66,91675,58,236131
18268,0.001343,172.217.194.0-255,1484,93159,58,236131
18269,0.001348,172.217.194.0-255,1484,94643,58,236131
18270,0.001352,172.31.46.0-255,66,94709,58,236131
18271,0.001376,172.217.194.0-255,1484,96193,58,236131
18272,0.001384,172.217.194.0-255,5738,101931,58,236131
18273,0.001387,172.31.46.0-255,66,101997,58,236131
18274,0.001393,172.217.194.0-255,4320,106317,58,236131
18275,0.001395,172.31.46.0-255,66,106383,58,236131
18276,0.001434,172.31.46.0-255,66,106449,58,236131
18277,0.001447,172.217.194.0-255,766,107215,58,236131
18278,0.001465,172.31.46.0-255,66,107281,58,236131
18279,0.001676,172.217.194.0-255,1484,108765,58,236131
18280,0.001681,172.217.194.0-255,2902,111667,58,236131
18281,0.001684,172.31.46.0-255,66,111733,58,236131
18282,0.001711,172.217.194.0-255,5738,117471,58,236131
18283,0.001713,172.31.46.0-255,66,117537,58,236131
18284,0.00172,172.217.194.0-255,5738,123275,58,236131
18285,0.001723,172.31.46.0-255,66,123341,58,236131
18286,0.001735,172.31.46.0-255,66,123407,58,236131
18287,0.00176,172.217.194.0-255,2902,126309,58,236131
18288,0.001762,172.31.46.0-255,66,126375,58,236131
18289,0.001768,172.217.194.0-255,5020,131395,58,236131
18290,0.001771,172.31.46.0-255,66,131461,58,236131
18291,0.001803,172.217.194.0-255,5738,137199,58,236131
18292,0.00181,172.217.194.0-255,5738,142937,58,236131
18293,0.001821,172.31.46.0-255,66,143003,58,236131
18294,0.001833,172.217.194.0-255,1484,144487,58,236131
18295,0.001867,172.31.46.0-255,66,144553,58,236131
18296,0.001885,172.31.46.0-255,66,144619,58,236131
18297,0.001918,172.217.194.0-255,4320,148939,58,236131
18298,0.00193,172.31.46.0-255,66,149005,58,236131
18299,0.001942,172.217.194.0-255,5738,154743,58,236131
18300,0.001958,172.31.46.0-255,66,154809,58,236131
18301,0.002001,172.31.46.0-255,66,154875,58,236131
18302,0.003975,172.217.194.0-255,5738,160613,58,236131
18303,0.003982,172.31.46.0-255,66,160679,58,236131
18304,0.005928,172.217.194.0-255,5738,166417,58,236131
18305,0.005935,172.31.46.0-255,66,166483,58,236131
18306,0.007866,172.217.194.0-255,5738,172221,58,236131
18307,0.007869,172.31.46.0-255,66,172287,58,236131
18308,0.009848,172.217.194.0-255,5738,178025,58,236131
18309,0.009855,172.31.46.0-255,66,178091,58,236131
18310,0.011814,172.217.194.0-255,5738,183829,58,236131
18311,0.011828,172.31.46.0-255,66,183895,58,236131
18312,0.013799,172.217.194.0-255,5738,189633,58,236131
18313,0.013809,172.31.46.0-255,66,189699,58,236131
18314,0.015781,172.217.194.0-255,5738,195437,58,236131
18315,0.015791,172.31.46.0-255,66,195503,58,236131
18316,0.017758,172.217.194.0-255,5738,201241,58,236131
18317,0.017776,172.31.46.0-255,66,201307,58,236131
18318,0.019756,172.217.194.0-255,5738,207045,58,236131
18319,0.019769,172.31.46.0-255,66,207111,58,236131
18320,0.021715,172.217.194.0-255,5738,212849,58,236131
18321,0.021724,172.31.46.0-255,66,212915,58,236131
18322,0.023698,172.217.194.0-255,5738,218653,58,236131
18323,0.023706,172.31.46.0-255,66,218719,58,236131
18324,0.02565,172.217.194.0-255,5738,224457,58,236131
18325,0.025657,172.31.46.0-255,66,224523,58,236131
18326,0.02761,172.217.194.0-255,5738,230261,58,236131
18327,0.027619,172.31.46.0-255,66,230327,58,236131
18328,0.029576,172.217.194.0-255,5738,236065,58,236131
18329,0.029583,172.31.46.0-255,66,236131,58,236131
18330,0.0,172.217.194.0-255,153,153,58,114213
18331,1.8e-05,172.31.46.0-255,66,219,58,114213
18332,3.4e-05,172.217.194.0-255,1484,1703,58,114213
18333,3.9e-05,172.31.46.0-255,66,1769,58,114213
18334,4.5e-05,172.217.194.0-255,2902,4671,58,114213
18335,4.8e-05,172.31.46.0-255,66,4737,58,114213
18336,7.7e-05,172.217.194.0-255,5738,10475,58,114213
18337,8.1e-05,172.31.46.0-255,66,10541,58,114213
18338,0.000101,172.217.194.0-255,4320,14861,58,114213
18339,0.000104,172.31.46.0-255,66,14927,58,114213
18340,0.00013,172.217.194.0-255,1928,16855,58,114213
18341,0.000133,172.31.46.0-255,66,16921,58,114213
18342,0.000139,172.217.194.0-255,4320,21241,58,114213
18343,0.000141,172.31.46.0-255,66,21307,58,114213
18344,0.000147,172.217.194.0-255,5738,27045,58,114213
18345,0.00015,172.31.46.0-255,66,27111,58,114213
18346,0.000173,172.217.194.0-255,2902,30013,58,114213
18347,0.000175,172.31.46.0-255,66,30079,58,114213
18348,0.000199,172.217.194.0-255,5738,35817,58,114213
18349,0.000202,172.31.46.0-255,66,35883,58,114213
18350,0.000251,172.31.46.0-255,66,35949,58,114213
18351,0.000279,172.217.194.0-255,3602,39551,58,114213
18352,0.000281,172.31.46.0-255,66,39617,58,114213
18353,0.001818,172.217.194.0-255,1484,41101,58,114213
18354,0.001825,172.31.46.0-255,66,41167,58,114213
18355,0.001836,172.217.194.0-255,2902,44069,58,114213
18356,0.001838,172.31.46.0-255,66,44135,58,114213
18357,0.001844,172.217.194.0-255,5738,49873,58,114213
18358,0.001847,172.31.46.0-255,66,49939,58,114213
18359,0.00185,172.217.194.0-255,1484,51423,58,114213
18360,0.001853,172.31.46.0-255,66,51489,58,114213
18361,0.001906,172.217.194.0-255,5738,57227,58,114213
18362,0.001909,172.31.46.0-255,66,57293,58,114213
18363,0.001923,172.217.194.0-255,298,57591,58,114213
18364,0.004529,172.217.194.0-255,4320,61911,58,114213
18365,0.004533,172.31.46.0-255,66,61977,58,114213
18366,0.007168,172.217.194.0-255,5738,67715,58,114213
18367,0.007179,172.31.46.0-255,66,67781,58,114213
18368,0.009822,172.217.194.0-255,5738,73519,58,114213
18369,0.009837,172.31.46.0-255,66,73585,58,114213
18370,0.012447,172.217.194.0-255,5738,79323,58,114213
18371,0.012462,172.31.46.0-255,66,79389,58,114213
18372,0.015079,172.217.194.0-255,5738,85127,58,114213
18373,0.015097,172.31.46.0-255,66,85193,58,114213
18374,0.017698,172.217.194.0-255,5738,90931,58,114213
18375,0.017711,172.31.46.0-255,66,90997,58,114213
18376,0.020309,172.217.194.0-255,5738,96735,58,114213
18377,0.02032,172.31.46.0-255,66,96801,58,114213
18378,0.022934,172.217.194.0-255,5738,102539,58,114213
18379,0.022947,172.31.46.0-255,66,102605,58,114213
18380,0.025542,172.217.194.0-255,5738,108343,58,114213
18381,0.025555,172.31.46.0-255,66,108409,58,114213
18382,0.028144,172.217.194.0-255,5738,114147,58,114213
18383,0.028158,172.31.46.0-255,66,114213,58,114213
18384,0.0,74.125.130.0-255,153,153,58,211369
18385,2.3e-05,172.31.46.0-255,66,219,58,211369
18386,2.9e-05,74.125.130.0-255,1484,1703,58,211369
18387,3.4e-05,172.31.46.0-255,66,1769,58,211369
18388,3.7e-05,74.125.130.0-255,1484,3253,58,211369
18389,4e-05,172.31.46.0-255,66,3319,58,211369
18390,4.6e-05,74.125.130.0-255,2902,6221,58,211369
18391,4.9e-05,172.31.46.0-255,66,6287,58,211369
18392,5.3e-05,74.125.130.0-255,1484,7771,58,211369
18393,5.5e-05,172.31.46.0-255,66,7837,58,211369
18394,7.8e-05,74.125.130.0-255,4320,12157,58,211369
18395,8.1e-05,172.31.46.0-255,66,12223,58,211369
18396,0.000118,74.125.130.0-255,2118,14341,58,211369
18397,0.000121,172.31.46.0-255,66,14407,58,211369
18398,0.000154,74.125.130.0-255,2902,17309,58,211369
18399,0.000156,172.31.46.0-255,66,17375,58,211369
18400,0.000177,74.125.130.0-255,5738,23113,58,211369
18401,0.00018,172.31.46.0-255,66,23179,58,211369
18402,0.000193,74.125.130.0-255,1484,24663,58,211369
18403,0.000195,172.31.46.0-255,66,24729,58,211369
18404,0.000257,74.125.130.0-255,2902,27631,58,211369
18405,0.000261,172.31.46.0-255,66,27697,58,211369
18406,0.00028,74.125.130.0-255,3961,31658,58,211369
18407,0.000283,172.31.46.0-255,66,31724,58,211369
18408,0.000334,74.125.130.0-255,4320,36044,58,211369
18409,0.000337,172.31.46.0-255,66,36110,58,211369
18410,0.000363,74.125.130.0-255,1484,37594,58,211369
18411,0.000365,172.31.46.0-255,66,37660,58,211369
18412,0.000386,74.125.130.0-255,4320,41980,58,211369
18413,0.000389,172.31.46.0-255,66,42046,58,211369
18414,0.000435,74.125.130.0-255,4320,46366,58,211369
18415,0.000437,172.31.46.0-255,66,46432,58,211369
18416,0.000514,172.31.46.0-255,66,46498,58,211369
18417,0.000579,74.125.130.0-255,4320,50818,58,211369
18418,0.000595,74.125.130.0-255,7052,57870,58,211369
18419,0.000598,172.31.46.0-255,66,57936,58,211369
18420,0.000622,172.31.46.0-255,66,58002,58,211369
18421,0.000695,74.125.130.0-255,1484,59486,58,211369
18422,0.000699,172.31.46.0-255,78,59564,58,211369
18423,0.000702,74.125.130.0-255,119,59683,58,211369
18424,0.00071,172.31.46.0-255,66,59749,58,211369
18425,0.00072,74.125.130.0-255,2902,62651,58,211369
18426,0.00073,172.31.46.0-255,66,62717,58,211369
18427,0.000747,74.125.130.0-255,1484,64201,58,211369
18428,0.000764,74.125.130.0-255,5738,69939,58,211369
18429,0.00077,172.31.46.0-255,66,70005,58,211369
18430,0.000816,74.125.130.0-255,1484,71489,58,211369
18431,0.000856,74.125.130.0-255,5379,76868,58,211369
18432,0.000882,172.31.46.0-255,66,76934,58,211369
18433,0.000894,74.125.130.0-255,4320,81254,58,211369
18434,0.000899,172.31.46.0-255,66,81320,58,211369
18435,0.000908,74.125.130.0-255,4320,85640,58,211369
18436,0.000929,172.31.46.0-255,66,85706,58,211369
18437,0.000997,74.125.130.0-255,6797,92503,58,211369
18438,0.001015,172.31.46.0-255,66,92569,58,211369
18439,0.001087,74.125.130.0-255,1484,94053,58,211369
18440,0.001111,74.125.130.0-255,2902,96955,58,211369
18441,0.001114,74.125.130.0-255,1484,98439,58,211369
18442,0.001125,172.31.46.0-255,66,98505,58,211369
18443,0.001138,74.125.130.0-255,2902,101407,58,211369
18444,0.001142,172.31.46.0-255,66,101473,58,211369
18445,0.001161,74.125.130.0-255,2902,104375,58,211369
18446,0.001173,74.125.130.0-255,2902,107277,58,211369
18447,0.001176,172.31.46.0-255,66,107343,58,211369
18448,0.00118,172.31.46.0-255,66,107409,58,211369
18449,0.001232,74.125.130.0-255,7156,114565,58,211369
18450,0.001249,172.31.46.0-255,66,114631,58,211369
18451,0.001309,74.125.130.0-255,2902,117533,58,211369
18452,0.001312,172.31.46.0-255,66,117599,58,211369
18453,0.001361,172.31.46.0-255,66,117665,58,211369
18454,0.001446,74.125.130.0-255,4320,121985,58,211369
18455,0.001457,172.31.46.0-255,66,122051,58,211369
18456,0.001491,172.31.46.0-255,66,122117,58,211369
18457,0.001606,74.125.130.0-255,2902,125019,58,211369
18458,0.00161,172.31.46.0-255,66,125085,58,211369
18459,0.001625,74.125.130.0-255,1484,126569,58,211369
18460,0.001673,172.31.46.0-255,66,126635,58,211369
18461,0.0018,74.125.130.0-255,1484,128119,58,211369
18462,0.001818,74.125.130.0-255,2902,131021,58,211369
18463,0.001826,172.31.46.0-255,66,131087,58,211369
18464,0.001888,74.125.130.0-255,4320,135407,58,211369
18465,0.001893,172.31.46.0-255,66,135473,58,211369
18466,0.001903,74.125.130.0-255,1484,136957,58,211369
18467,0.001958,172.31.46.0-255,66,137023,58,211369
18468,0.002057,74.125.130.0-255,2902,139925,58,211369
18469,0.002089,172.31.46.0-255,66,139991,58,211369
18470,0.002181,74.125.130.0-255,4320,144311,58,211369
18471,0.002185,172.31.46.0-255,66,144377,58,211369
18472,0.002239,172.31.46.0-255,66,144443,58,211369
18473,0.002463,74.125.130.0-255,5738,150181,58,211369
18474,0.002467,172.31.46.0-255,66,150247,58,211369
18475,0.002518,74.125.130.0-255,2184,152431,58,211369
18476,0.00253,172.31.46.0-255,66,152497,58,211369
18477,0.002544,74.125.130.0-255,4320,156817,58,211369
18478,0.00255,172.31.46.0-255,66,156883,58,211369
18479,0.002912,74.125.130.0-255,1484,158367,58,211369
18480,0.002955,74.125.130.0-255,5738,164105,58,211369
18481,0.003186,74.125.130.0-255,766,164871,58,211369
18482,0.007555,172.31.46.0-255,66,164937,58,211369
18483,0.010176,74.125.130.0-255,5738,170675,58,211369
18484,0.010186,172.31.46.0-255,66,170741,58,211369
18485,0.012784,74.125.130.0-255,5738,176479,58,211369
18486,0.012792,172.31.46.0-255,66,176545,58,211369
18487,0.015391,74.125.130.0-255,5738,182283,58,211369
18488,0.015398,172.31.46.0-255,66,182349,58,211369
18489,0.018007,74.125.130.0-255,5738,188087,58,211369
18490,0.018015,172.31.46.0-255,66,188153,58,211369
18491,0.020618,74.125.130.0-255,5738,193891,58,211369
18492,0.020626,172.31.46.0-255,66,193957,58,211369
18493,0.02323,74.125.130.0-255,5738,199695,58,211369
18494,0.023239,172.31.46.0-255,66,199761,58,211369
18495,0.025846,74.125.130.0-255,5738,205499,58,211369
18496,0.025855,172.31.46.0-255,66,205565,58,211369
18497,0.028456,74.125.130.0-255,5738,211303,58,211369
18498,0.028464,172.31.46.0-255,66,211369,58,211369
18499,0.0,74.125.200.0-255,298,298,58,203975
18500,2.5e-05,172.31.46.0-255,66,364,58,203975
18501,3.2e-05,74.125.200.0-255,1484,1848,58,203975
18502,3.6e-05,172.31.46.0-255,66,1914,58,203975
18503,4.9e-05,74.125.200.0-255,2902,4816,58,203975
18504,5.3e-05,172.31.46.0-255,66,4882,58,203975
18505,6.1e-05,74.125.200.0-255,5738,10620,58,203975
18506,6.3e-05,172.31.46.0-255,66,10686,58,203975
18507,9.7e-05,74.125.200.0-255,3312,13998,58,203975
18508,0.0001,172.31.46.0-255,66,14064,58,203975
18509,0.000263,74.125.200.0-255,1484,15548,58,203975
18510,0.000267,172.31.46.0-255,66,15614,58,203975
18511,0.000272,74.125.200.0-255,2902,18516,58,203975
18512,0.000275,172.31.46.0-255,66,18582,58,203975
18513,0.000293,74.125.200.0-255,1484,20066,58,203975
18514,0.000295,172.31.46.0-255,66,20132,58,203975
18515,0.000301,74.125.200.0-255,2902,23034,58,203975
18516,0.000304,172.31.46.0-255,66,23100,58,203975
18517,0.000311,74.125.200.0-255,1484,24584,58,203975
18518,0.000313,172.31.46.0-255,66,24650,58,203975
18519,0.000348,74.125.200.0-255,4320,28970,58,203975
18520,0.000351,172.31.46.0-255,66,29036,58,203975
18521,0.000356,74.125.200.0-255,2543,31579,58,203975
18522,0.000359,172.31.46.0-255,66,31645,58,203975
18523,0.000505,74.125.200.0-255,1484,33129,58,203975
18524,0.00051,172.31.46.0-255,66,33195,58,203975
18525,0.000515,74.125.200.0-255,2902,36097,58,203975
18526,0.000518,172.31.46.0-255,66,36163,58,203975
18527,0.000549,74.125.200.0-255,5738,41901,58,203975
18528,0.000552,172.31.46.0-255,66,41967,58,203975
18529,0.000586,74.125.200.0-255,6797,48764,58,203975
18530,0.000589,172.31.46.0-255,66,48830,58,203975
18531,0.000634,74.125.200.0-255,7156,55986,58,203975
18532,0.00073,74.125.200.0-255,1432,57418,58,203975
18533,0.00076,172.31.46.0-255,66,57484,58,203975
18534,0.000765,74.125.200.0-255,113,57597,58,203975
18535,0.001076,74.125.200.0-255,332,57929,58,203975
18536,0.001484,74.125.200.0-255,1484,59413,58,203975
18537,0.00149,172.31.46.0-255,66,59479,58,203975
18538,0.001495,74.125.200.0-255,1484,60963,58,203975
18539,0.001514,74.125.200.0-255,2902,63865,58,203975
18540,0.001534,172.31.46.0-255,66,63931,58,203975
18541,0.001566,74.125.200.0-255,5738,69669,58,203975
18542,0.001569,172.31.46.0-255,66,69735,58,203975
18543,0.001574,74.125.200.0-255,2902,72637,58,203975
18544,0.001597,74.125.200.0-255,4320,76957,58,203975
18545,0.001612,172.31.46.0-255,66,77023,58,203975
18546,0.001619,74.125.200.0-255,5738,82761,58,203975
18547,0.001634,172.31.46.0-255,66,82827,58,203975
18548,0.001668,74.125.200.0-255,7156,89983,58,203975
18549,0.001674,172.31.46.0-255,66,90049,58,203975
18550,0.001711,74.125.200.0-255,2184,92233,58,203975
18551,0.001728,172.31.46.0-255,66,92299,58,203975
18552,0.002271,74.125.200.0-255,1484,93783,58,203975
18553,0.002282,74.125.200.0-255,2902,96685,58,203975
18554,0.002286,172.31.46.0-255,66,96751,58,203975
18555,0.002291,74.125.200.0-255,1484,98235,58,203975
18556,0.00232,74.125.200.0-255,4320,102555,58,203975
18557,0.002324,74.125.200.0-255,2902,105457,58,203975
18558,0.002338,74.125.200.0-255,4320,109777,58,203975
18559,0.002385,74.125.200.0-255,4320,114097,58,203975
18560,0.002404,74.125.200.0-255,4320,118417,58,203975
18561,0.002455,74.125.200.0-255,5738,124155,58,203975
18562,0.002473,74.125.200.0-255,2184,126339,58,203975
18563,0.002496,74.125.200.0-255,4320,130659,58,203975
18564,0.002508,74.125.200.0-255,2902,133561,58,203975
18565,0.002563,74.125.200.0-255,7156,140717,58,203975
18566,0.00268,74.125.200.0-255,4320,145037,58,203975
18567,0.002694,74.125.200.0-255,1484,146521,58,203975
18568,0.002713,74.125.200.0-255,1484,148005,58,203975
18569,0.002728,74.125.200.0-255,2184,150189,58,203975
18570,0.00274,74.125.200.0-255,1484,151673,58,203975
18571,0.005237,172.31.46.0-255,66,151739,58,203975
18572,0.007843,74.125.200.0-255,5738,157477,58,203975
18573,0.007851,172.31.46.0-255,66,157543,58,203975
18574,0.010427,74.125.200.0-255,5738,163281,58,203975
18575,0.010434,172.31.46.0-255,66,163347,58,203975
18576,0.013052,74.125.200.0-255,5738,169085,58,203975
18577,0.013075,172.31.46.0-255,66,169151,58,203975
18578,0.015693,74.125.200.0-255,5738,174889,58,203975
18579,0.01637,172.31.46.0-255,66,174955,58,203975
18580,0.018972,74.125.200.0-255,5738,180693,58,203975
18581,0.018989,172.31.46.0-255,66,180759,58,203975
18582,0.021583,74.125.200.0-255,5738,186497,58,203975
18583,0.021596,172.31.46.0-255,66,186563,58,203975
18584,0.024203,74.125.200.0-255,5738,192301,58,203975
18585,0.024219,172.31.46.0-255,66,192367,58,203975
18586,0.026839,74.125.200.0-255,5738,198105,58,203975
18587,0.026848,172.31.46.0-255,66,198171,58,203975
18588,0.029439,74.125.200.0-255,5738,203909,58,203975
18589,0.029455,172.31.46.0-255,66,203975,58,203975
18590,0.0,172.217.194.0-255,150,150,58,228563
18591,2.4e-05,172.31.46.0-255,66,216,58,228563
18592,3.2e-05,172.217.194.0-255,1484,1700,58,228563
18593,3.6e-05,172.31.46.0-255,66,1766,58,228563
18594,4.1e-05,172.217.194.0-255,2902,4668,58,228563
18595,5.2e-05,172.31.46.0-255,66,4734,58,228563
18596,6e-05,172.217.194.0-255,7156,11890,58,228563
18597,6.3e-05,172.31.46.0-255,66,11956,58,228563
18598,6.8e-05,172.217.194.0-255,2037,13993,58,228563
18599,7e-05,172.31.46.0-255,66,14059,58,228563
18600,0.000132,172.217.194.0-255,1484,15543,58,228563
18601,0.000135,172.31.46.0-255,66,15609,58,228563
18602,0.00014,172.217.194.0-255,2902,18511,58,228563
18603,0.000142,172.31.46.0-255,66,18577,58,228563
18604,0.000173,172.217.194.0-255,5738,24315,58,228563
18605,0.000176,172.31.46.0-255,66,24381,58,228563
18606,0.000183,172.217.194.0-255,5738,30119,58,228563
18607,0.000185,172.31.46.0-255,66,30185,58,228563
18608,0.000205,172.217.194.0-255,1125,31310,58,228563
18609,0.000207,172.31.46.0-255,66,31376,58,228563
18610,0.000235,172.217.194.0-255,1484,32860,58,228563
18611,0.000237,172.31.46.0-255,66,32926,58,228563
18612,0.000242,172.217.194.0-255,2902,35828,58,228563
18613,0.000244,172.31.46.0-255,66,35894,58,228563
18614,0.000254,172.217.194.0-255,5738,41632,58,228563
18615,0.000256,172.31.46.0-255,66,41698,58,228563
18616,0.000286,172.217.194.0-255,6797,48495,58,228563
18617,0.000293,172.31.46.0-255,66,48561,58,228563
18618,0.000434,172.217.194.0-255,1484,50045,58,228563
18619,0.000439,172.31.46.0-255,66,50111,58,228563
18620,0.000444,172.217.194.0-255,2902,53013,58,228563
18621,0.000446,172.31.46.0-255,66,53079,58,228563
18622,0.000452,172.217.194.0-255,5738,58817,58,228563
18623,0.00046,172.31.46.0-255,66,58883,58,228563
18624,0.000467,172.217.194.0-255,5738,64621,58,228563
18625,0.000469,172.31.46.0-255,66,64687,58,228563
18626,0.000522,172.217.194.0-255,1125,65812,58,228563
18627,0.000826,172.217.194.0-255,363,66175,58,228563
18628,0.000852,172.217.194.0-255,1484,67659,58,228563
18629,0.000856,172.31.46.0-255,66,67725,58,228563
18630,0.000882,172.217.194.0-255,4320,72045,58,228563
18631,0.000884,172.31.46.0-255,66,72111,58,228563
18632,0.00089,172.217.194.0-255,5738,77849,58,228563
18633,0.000892,172.31.46.0-255,66,77915,58,228563
18634,0.000908,172.217.194.0-255,1484,79399,58,228563
18635,0.000923,172.217.194.0-255,4320,83719,58,228563
18636,0.000925,172.31.46.0-255,66,83785,58,228563
18637,0.000964,172.31.46.0-255,66,83851,58,228563
18638,0.000981,172.217.194.0-255,5334,89185,58,228563
18639,0.000983,172.31.46.0-255,66,89251,58,228563
18640,0.001194,172.217.194.0-255,1484,90735,58,228563
18641,0.0012,172.217.194.0-255,2902,93637,58,228563
18642,0.001203,172.31.46.0-255,66,93703,58,228563
18643,0.001206,172.217.194.0-255,1484,95187,58,228563
18644,0.00123,172.217.194.0-255,4320,99507,58,228563
18645,0.001232,172.31.46.0-255,66,99573,58,228563
18646,0.001236,172.217.194.0-255,2902,102475,58,228563
18647,0.001238,172.31.46.0-255,66,102541,58,228563
18648,0.001255,172.217.194.0-255,1484,104025,58,228563
18649,0.001265,172.217.194.0-255,5738,109763,58,228563
18650,0.001267,172.31.46.0-255,66,109829,58,228563
18651,0.001289,172.217.194.0-255,5738,115567,58,228563
18652,0.001291,172.31.46.0-255,66,115633,58,228563
18653,0.001301,172.31.46.0-255,66,115699,58,228563
18654,0.001439,172.217.194.0-255,1484,117183,58,228563
18655,0.001454,172.217.194.0-255,2902,120085,58,228563
18656,0.001456,172.31.46.0-255,66,120151,58,228563
18657,0.001461,172.217.194.0-255,2902,123053,58,228563
18658,0.001462,172.31.46.0-255,66,123119,58,228563
18659,0.001493,172.217.194.0-255,2902,126021,58,228563
18660,0.001496,172.31.46.0-255,66,126087,58,228563
18661,0.001502,172.217.194.0-255,7156,133243,58,228563
18662,0.001504,172.31.46.0-255,66,133309,58,228563
18663,0.001518,172.31.46.0-255,66,133375,58,228563
18664,0.001542,172.217.194.0-255,4320,137695,58,228563
18665,0.001545,172.31.46.0-255,66,137761,58,228563
18666,0.001552,172.217.194.0-255,2184,139945,58,228563
18667,0.001554,172.31.46.0-255,66,140011,58,228563
18668,0.001838,172.217.194.0-255,1484,141495,58,228563
18669,0.001843,172.217.194.0-255,2902,144397,58,228563
18670,0.001846,172.31.46.0-255,66,144463,58,228563
18671,0.001849,172.217.194.0-255,1484,145947,58,228563
18672,0.001878,172.217.194.0-255,4320,150267,58,228563
18673,0.00188,172.31.46.0-255,66,150333,58,228563
18674,0.001894,172.31.46.0-255,66,150399,58,228563
18675,0.001909,172.31.46.0-255,66,150465,58,228563
18676,0.001944,172.217.194.0-255,2184,152649,58,228563
18677,0.001947,172.31.46.0-255,66,152715,58,228563
18678,0.00393,172.217.194.0-255,2902,155617,58,228563
18679,0.003945,172.31.46.0-255,66,155683,58,228563
18680,0.003976,172.217.194.0-255,2902,158585,58,228563
18681,0.003979,172.31.46.0-255,66,158651,58,228563
18682,0.005941,172.217.194.0-255,2902,161553,58,228563
18683,0.005946,172.31.46.0-255,66,161619,58,228563
18684,0.005975,172.217.194.0-255,2902,164521,58,228563
18685,0.005977,172.31.46.0-255,66,164587,58,228563
18686,0.007952,172.217.194.0-255,2902,167489,58,228563
18687,0.007956,172.31.46.0-255,66,167555,58,228563
18688,0.007982,172.217.194.0-255,2902,170457,58,228563
18689,0.007984,172.31.46.0-255,66,170523,58,228563
18690,0.009995,172.217.194.0-255,5738,176261,58,228563
18691,0.01001,172.31.46.0-255,66,176327,58,228563
18692,0.012032,172.217.194.0-255,5738,182065,58,228563
18693,0.012046,172.31.46.0-255,66,182131,58,228563
18694,0.014084,172.217.194.0-255,5738,187869,58,228563
18695,0.014094,172.31.46.0-255,66,187935,58,228563
18696,0.016129,172.217.194.0-255,5738,193673,58,228563
18697,0.016137,172.31.46.0-255,66,193739,58,228563
18698,0.01816,172.217.194.0-255,5738,199477,58,228563
18699,0.018169,172.31.46.0-255,66,199543,58,228563
18700,0.020192,172.217.194.0-255,5738,205281,58,228563
18701,0.020199,172.31.46.0-255,66,205347,58,228563
18702,0.022215,172.217.194.0-255,5738,211085,58,228563
18703,0.022222,172.31.46.0-255,66,211151,58,228563
18704,0.024239,172.217.194.0-255,5738,216889,58,228563
18705,0.024247,172.31.46.0-255,66,216955,58,228563
18706,0.026258,172.217.194.0-255,5738,222693,58,228563
18707,0.026265,172.31.46.0-255,66,222759,58,228563
18708,0.028284,172.217.194.0-255,5738,228497,58,228563
18709,0.028292,172.31.46.0-255,66,228563,58,228563
18710,0.0,74.125.24.0-255,153,153,58,210048
18711,1.7e-05,172.31.46.0-255,66,219,58,210048
18712,2.3e-05,74.125.24.0-255,1484,1703,58,210048
18713,2.7e-05,172.31.46.0-255,66,1769,58,210048
18714,3.3e-05,74.125.24.0-255,2902,4671,58,210048
18715,4.3e-05,172.31.46.0-255,66,4737,58,210048
18716,5.4e-05,74.125.24.0-255,7156,11893,58,210048
18717,5.7e-05,172.31.46.0-255,66,11959,58,210048
18718,0.000106,172.31.46.0-255,66,12025,58,210048
18719,0.00012,74.125.24.0-255,3330,15355,58,210048
18720,0.000127,172.31.46.0-255,66,15421,58,210048
18721,0.000135,74.125.24.0-255,6797,22218,58,210048
18722,0.000137,172.31.46.0-255,66,22284,58,210048
18723,0.000593,74.125.24.0-255,1484,23768,58,210048
18724,0.000598,172.31.46.0-255,66,23834,58,210048
18725,0.000604,74.125.24.0-255,2902,26736,58,210048
18726,0.000607,172.31.46.0-255,66,26802,58,210048
18727,0.000617,74.125.24.0-255,2902,29704,58,210048
18728,0.000619,172.31.46.0-255,66,29770,58,210048
18729,0.000651,74.125.24.0-255,2902,32672,58,210048
18730,0.000654,172.31.46.0-255,66,32738,58,210048
18731,0.000663,74.125.24.0-255,7156,39894,58,210048
18732,0.000665,172.31.46.0-255,66,39960,58,210048
18733,0.000698,74.125.24.0-255,6797,46757,58,210048
18734,0.000701,172.31.46.0-255,66,46823,58,210048
18735,0.000716,172.31.46.0-255,66,46889,58,210048
18736,0.00074,74.125.24.0-255,1439,48328,58,210048
18737,0.000743,172.31.46.0-255,66,48394,58,210048
18738,0.000963,74.125.24.0-255,108,48502,58,210048
18739,0.000968,172.31.46.0-255,66,48568,58,210048
18740,0.001001,74.125.24.0-255,1484,50052,58,210048
18741,0.001015,74.125.24.0-255,2902,52954,58,210048
18742,0.001018,74.125.24.0-255,1484,54438,58,210048
18743,0.001032,74.125.24.0-255,4320,58758,58,210048
18744,0.00104,172.31.46.0-255,66,58824,58,210048
18745,0.001094,172.31.46.0-255,66,58890,58,210048
18746,0.001104,74.125.24.0-255,330,59220,58,210048
18747,0.00143,172.31.46.0-255,66,59286,58,210048
18748,0.001461,74.125.24.0-255,1484,60770,58,210048
18749,0.001476,74.125.24.0-255,2902,63672,58,210048
18750,0.001502,74.125.24.0-255,1484,65156,58,210048
18751,0.00152,74.125.24.0-255,4320,69476,58,210048
18752,0.001559,74.125.24.0-255,1484,70960,58,210048
18753,0.001567,172.31.46.0-255,66,71026,58,210048
18754,0.00163,74.125.24.0-255,2184,73210,58,210048
18755,0.001642,172.31.46.0-255,66,73276,58,210048
18756,0.001748,74.125.24.0-255,1484,74760,58,210048
18757,0.001754,74.125.24.0-255,2902,77662,58,210048
18758,0.001771,74.125.24.0-255,5738,83400,58,210048
18759,0.001776,74.125.24.0-255,2902,86302,58,210048
18760,0.001781,172.31.46.0-255,66,86368,58,210048
18761,0.001808,74.125.24.0-255,2902,89270,58,210048
18762,0.001824,74.125.24.0-255,2902,92172,58,210048
18763,0.001843,74.125.24.0-255,2184,94356,58,210048
18764,0.001847,172.31.46.0-255,66,94422,58,210048
18765,0.001891,74.125.24.0-255,1484,95906,58,210048
18766,0.001894,74.125.24.0-255,1484,97390,58,210048
18767,0.001912,74.125.24.0-255,1484,98874,58,210048
18768,0.001919,74.125.24.0-255,5738,104612,58,210048
18769,0.001923,74.125.24.0-255,2902,107514,58,210048
18770,0.001941,172.31.46.0-255,66,107580,58,210048
18771,0.00196,172.31.46.0-255,66,107646,58,210048
18772,0.001967,74.125.24.0-255,1484,109130,58,210048
18773,0.001996,74.125.24.0-255,2902,112032,58,210048
18774,0.002015,172.31.46.0-255,66,112098,58,210048
18775,0.002034,172.31.46.0-255,66,112164,58,210048
18776,0.00209,74.125.24.0-255,1484,113648,58,210048
18777,0.002103,74.125.24.0-255,2902,116550,58,210048
18778,0.002108,172.31.46.0-255,66,116616,58,210048
18779,0.00212,74.125.24.0-255,5738,122354,58,210048
18780,0.002146,74.125.24.0-255,5738,128092,58,210048
18781,0.002153,172.31.46.0-255,66,128158,58,210048
18782,0.002196,74.125.24.0-255,7156,135314,58,210048
18783,0.002213,74.125.24.0-255,5738,141052,58,210048
18784,0.00222,172.31.46.0-255,66,141118,58,210048
18785,0.002245,74.125.24.0-255,5020,146138,58,210048
18786,0.002256,172.31.46.0-255,66,146204,58,210048
18787,0.004488,74.125.24.0-255,5738,151942,58,210048
18788,0.004495,172.31.46.0-255,66,152008,58,210048
18789,0.006751,74.125.24.0-255,5738,157746,58,210048
18790,0.006836,172.31.46.0-255,66,157812,58,210048
18791,0.009055,74.125.24.0-255,5738,163550,58,210048
18792,0.009062,172.31.46.0-255,66,163616,58,210048
18793,0.011295,74.125.24.0-255,5738,169354,58,210048
18794,0.011302,172.31.46.0-255,66,169420,58,210048
18795,0.013554,74.125.24.0-255,5738,175158,58,210048
18796,0.016349,172.31.46.0-255,66,175224,58,210048
18797,0.018615,74.125.24.0-255,5738,180962,58,210048
18798,0.018625,172.31.46.0-255,66,181028,58,210048
18799,0.02085,74.125.24.0-255,5738,186766,58,210048
18800,0.02086,172.31.46.0-255,66,186832,58,210048
18801,0.023098,74.125.24.0-255,5738,192570,58,210048
18802,0.023107,172.31.46.0-255,66,192636,58,210048
18803,0.025358,74.125.24.0-255,5738,198374,58,210048
18804,0.025366,172.31.46.0-255,66,198440,58,210048
18805,0.027609,74.125.24.0-255,5738,204178,58,210048
18806,0.027616,172.31.46.0-255,66,204244,58,210048
18807,0.029871,74.125.24.0-255,5738,209982,58,210048
18808,0.029879,172.31.46.0-255,66,210048,58,210048
18809,0.0,74.125.24.0-255,155,155,58,187420
18810,1.5e-05,172.31.46.0-255,66,221,58,187420
18811,2.1e-05,74.125.24.0-255,1484,1705,58,187420
18812,2.7e-05,172.31.46.0-255,66,1771,58,187420
18813,3e-05,74.125.24.0-255,1484,3255,58,187420
18814,3.3e-05,172.31.46.0-255,66,3321,58,187420
18815,3.9e-05,74.125.24.0-255,2902,6223,58,187420
18816,4.2e-05,172.31.46.0-255,66,6289,58,187420
18817,4.9e-05,74.125.24.0-255,5738,12027,58,187420
18818,5.2e-05,172.31.46.0-255,66,12093,58,187420
18819,7.3e-05,74.125.24.0-255,5738,17831,58,187420
18820,7.6e-05,172.31.46.0-255,66,17897,58,187420
18821,0.000102,74.125.24.0-255,4796,22693,58,187420
18822,0.000104,172.31.46.0-255,66,22759,58,187420
18823,0.000121,74.125.24.0-255,5738,28497,58,187420
18824,0.000123,172.31.46.0-255,66,28563,58,187420
18825,0.000142,74.125.24.0-255,2543,31106,58,187420
18826,0.000145,172.31.46.0-255,66,31172,58,187420
18827,0.000155,172.31.46.0-255,66,31238,58,187420
18828,0.000189,172.31.46.0-255,66,31304,58,187420
18829,0.000599,74.125.24.0-255,1484,32788,58,187420
18830,0.000605,172.31.46.0-255,66,32854,58,187420
18831,0.000611,74.125.24.0-255,2902,35756,58,187420
18832,0.000613,172.31.46.0-255,66,35822,58,187420
18833,0.000618,74.125.24.0-255,2902,38724,58,187420
18834,0.00062,172.31.46.0-255,66,38790,58,187420
18835,0.000641,74.125.24.0-255,1484,40274,58,187420
18836,0.000645,172.31.46.0-255,66,40340,58,187420
18837,0.000651,74.125.24.0-255,5738,46078,58,187420
18838,0.000653,172.31.46.0-255,66,46144,58,187420
18839,0.000688,74.125.24.0-255,2840,48984,58,187420
18840,0.000691,172.31.46.0-255,66,49050,58,187420
18841,0.00097,74.125.24.0-255,381,49431,58,187420
18842,0.000997,172.31.46.0-255,66,49497,58,187420
18843,0.001092,74.125.24.0-255,1484,50981,58,187420
18844,0.001098,74.125.24.0-255,1484,52465,58,187420
18845,0.001102,172.31.46.0-255,66,52531,58,187420
18846,0.001121,74.125.24.0-255,1484,54015,58,187420
18847,0.001128,74.125.24.0-255,5738,59753,58,187420
18848,0.001131,172.31.46.0-255,66,59819,58,187420
18849,0.001139,74.125.24.0-255,6797,66616,58,187420
18850,0.001141,172.31.46.0-255,66,66682,58,187420
18851,0.001183,74.125.24.0-255,2902,69584,58,187420
18852,0.001186,172.31.46.0-255,66,69650,58,187420
18853,0.00121,74.125.24.0-255,4320,73970,58,187420
18854,0.001213,172.31.46.0-255,66,74036,58,187420
18855,0.001225,172.31.46.0-255,66,74102,58,187420
18856,0.001895,74.125.24.0-255,1484,75586,58,187420
18857,0.001905,74.125.24.0-255,2902,78488,58,187420
18858,0.001909,172.31.46.0-255,66,78554,58,187420
18859,0.001916,74.125.24.0-255,5738,84292,58,187420
18860,0.001919,172.31.46.0-255,66,84358,58,187420
18861,0.001937,74.125.24.0-255,4320,88678,58,187420
18862,0.001939,172.31.46.0-255,66,88744,58,187420
18863,0.001971,172.31.46.0-255,66,88810,58,187420
18864,0.001977,74.125.24.0-255,5738,94548,58,187420
18865,0.001979,172.31.46.0-255,66,94614,58,187420
18866,0.002002,74.125.24.0-255,5020,99634,58,187420
18867,0.002005,172.31.46.0-255,66,99700,58,187420
18868,0.002104,74.125.24.0-255,1484,101184,58,187420
18869,0.002109,74.125.24.0-255,2902,104086,58,187420
18870,0.002112,172.31.46.0-255,66,104152,58,187420
18871,0.002117,74.125.24.0-255,4320,108472,58,187420
18872,0.002119,172.31.46.0-255,66,108538,58,187420
18873,0.00213,74.125.24.0-255,1484,110022,58,187420
18874,0.002145,74.125.24.0-255,4320,114342,58,187420
18875,0.002147,172.31.46.0-255,66,114408,58,187420
18876,0.002171,172.31.46.0-255,66,114474,58,187420
18877,0.002204,74.125.24.0-255,2902,117376,58,187420
18878,0.002206,172.31.46.0-255,66,117442,58,187420
18879,0.002233,172.31.46.0-255,66,117508,58,187420
18880,0.004452,74.125.24.0-255,5738,123246,58,187420
18881,0.004456,172.31.46.0-255,66,123312,58,187420
18882,0.006731,74.125.24.0-255,2902,126214,58,187420
18883,0.006737,172.31.46.0-255,66,126280,58,187420
18884,0.006758,74.125.24.0-255,2902,129182,58,187420
18885,0.00676,172.31.46.0-255,66,129248,58,187420
18886,0.008976,74.125.24.0-255,2902,132150,58,187420
18887,0.008983,172.31.46.0-255,66,132216,58,187420
18888,0.009004,74.125.24.0-255,2902,135118,58,187420
18889,0.009007,172.31.46.0-255,66,135184,58,187420
18890,0.011239,74.125.24.0-255,5738,140922,58,187420
18891,0.011248,172.31.46.0-255,66,140988,58,187420
18892,0.013498,74.125.24.0-255,5738,146726,58,187420
18893,0.013507,172.31.46.0-255,66,146792,58,187420
18894,0.01576,74.125.24.0-255,5738,152530,58,187420
18895,0.015767,172.31.46.0-255,66,152596,58,187420
18896,0.018014,74.125.24.0-255,5738,158334,58,187420
18897,0.018022,172.31.46.0-255,66,158400,58,187420
18898,0.020278,74.125.24.0-255,5738,164138,58,187420
18899,0.020289,172.31.46.0-255,66,164204,58,187420
18900,0.022559,74.125.24.0-255,5738,169942,58,187420
18901,0.022568,172.31.46.0-255,66,170008,58,187420
18902,0.024868,74.125.24.0-255,5738,175746,58,187420
18903,0.024881,172.31.46.0-255,66,175812,58,187420
18904,0.0272,74.125.24.0-255,5738,181550,58,187420
18905,0.027213,172.31.46.0-255,66,181616,58,187420
18906,0.029458,74.125.24.0-255,5738,187354,58,187420
18907,0.029476,172.31.46.0-255,66,187420,58,187420
18908,0.0,172.217.194.0-255,153,153,58,170620
18909,2.5e-05,172.31.46.0-255,66,219,58,170620
18910,3.3e-05,172.217.194.0-255,1484,1703,58,170620
18911,3.8e-05,172.31.46.0-255,66,1769,58,170620
18912,5.2e-05,172.217.194.0-255,2902,4671,58,170620
18913,5.6e-05,172.31.46.0-255,66,4737,58,170620
18914,6.4e-05,172.217.194.0-255,7156,11893,58,170620
18915,6.7e-05,172.31.46.0-255,66,11959,58,170620
18916,7.1e-05,172.217.194.0-255,1939,13898,58,170620
18917,7.4e-05,172.31.46.0-255,66,13964,58,170620
18918,0.000116,172.31.46.0-255,66,14030,58,170620
18919,0.000122,172.217.194.0-255,5379,19409,58,170620
18920,0.000125,172.31.46.0-255,66,19475,58,170620
18921,0.00015,172.217.194.0-255,1484,20959,58,170620
18922,0.000152,172.31.46.0-255,66,21025,58,170620
18923,0.000157,172.217.194.0-255,2902,23927,58,170620
18924,0.000159,172.31.46.0-255,66,23993,58,170620
18925,0.000166,172.217.194.0-255,5738,29731,58,170620
18926,0.000168,172.31.46.0-255,66,29797,58,170620
18927,0.000198,172.217.194.0-255,6797,36594,58,170620
18928,0.000201,172.31.46.0-255,66,36660,58,170620
18929,0.000238,172.217.194.0-255,4320,40980,58,170620
18930,0.000241,172.31.46.0-255,66,41046,58,170620
18931,0.000274,172.217.194.0-255,2902,43948,58,170620
18932,0.000276,172.31.46.0-255,66,44014,58,170620
18933,0.000292,172.31.46.0-255,66,44080,58,170620
18934,0.000295,172.217.194.0-255,1125,45205,58,170620
18935,0.000297,172.31.46.0-255,66,45271,58,170620
18936,0.000335,172.217.194.0-255,364,45635,58,170620
18937,0.000339,172.31.46.0-255,66,45701,58,170620
18938,0.00059,172.217.194.0-255,381,46082,58,170620
18939,0.000968,172.217.194.0-255,1484,47566,58,170620
18940,0.000973,172.31.46.0-255,66,47632,58,170620
18941,0.00098,172.217.194.0-255,2902,50534,58,170620
18942,0.000982,172.31.46.0-255,66,50600,58,170620
18943,0.000989,172.217.194.0-255,5738,56338,58,170620
18944,0.000995,172.31.46.0-255,66,56404,58,170620
18945,0.001035,172.31.46.0-255,66,56470,58,170620
18946,0.001085,172.31.46.0-255,66,56536,58,170620
18947,0.001571,172.217.194.0-255,1484,58020,58,170620
18948,0.00158,172.217.194.0-255,2902,60922,58,170620
18949,0.001584,172.31.46.0-255,66,60988,58,170620
18950,0.001592,172.217.194.0-255,5738,66726,58,170620
18951,0.001594,172.31.46.0-255,66,66792,58,170620
18952,0.001636,172.31.46.0-255,66,66858,58,170620
18953,0.001672,172.217.194.0-255,5738,72596,58,170620
18954,0.001675,172.31.46.0-255,66,72662,58,170620
18955,0.001703,172.217.194.0-255,5020,77682,58,170620
18956,0.001705,172.31.46.0-255,66,77748,58,170620
18957,0.001818,172.217.194.0-255,1484,79232,58,170620
18958,0.001825,172.217.194.0-255,2902,82134,58,170620
18959,0.001828,172.31.46.0-255,66,82200,58,170620
18960,0.001863,172.217.194.0-255,2902,85102,58,170620
18961,0.001865,172.31.46.0-255,66,85168,58,170620
18962,0.0019,172.217.194.0-255,2902,88070,58,170620
18963,0.001903,172.31.46.0-255,66,88136,58,170620
18964,0.001917,172.31.46.0-255,66,88202,58,170620
18965,0.001929,172.31.46.0-255,66,88268,58,170620
18966,0.001932,172.217.194.0-255,766,89034,58,170620
18967,0.002122,172.217.194.0-255,1484,90518,58,170620
18968,0.002127,172.31.46.0-255,66,90584,58,170620
18969,0.002133,172.217.194.0-255,2902,93486,58,170620
18970,0.002136,172.31.46.0-255,66,93552,58,170620
18971,0.002148,172.217.194.0-255,5738,99290,58,170620
18972,0.00215,172.31.46.0-255,66,99356,58,170620
18973,0.002153,172.217.194.0-255,1484,100840,58,170620
18974,0.002186,172.31.46.0-255,66,100906,58,170620
18975,0.002198,172.31.46.0-255,66,100972,58,170620
18976,0.004485,172.217.194.0-255,5738,106710,58,170620
18977,0.004495,172.31.46.0-255,66,106776,58,170620
18978,0.006762,172.217.194.0-255,5738,112514,58,170620
18979,0.006768,172.31.46.0-255,66,112580,58,170620
18980,0.009045,172.217.194.0-255,5738,118318,58,170620
18981,0.009051,172.31.46.0-255,66,118384,58,170620
18982,0.011319,172.217.194.0-255,5738,124122,58,170620
18983,0.011327,172.31.46.0-255,66,124188,58,170620
18984,0.013602,172.217.194.0-255,5738,129926,58,170620
18985,0.013612,172.31.46.0-255,66,129992,58,170620
18986,0.015877,172.217.194.0-255,5738,135730,58,170620
18987,0.015887,172.31.46.0-255,66,135796,58,170620
18988,0.01816,172.217.194.0-255,5738,141534,58,170620
18989,0.018171,172.31.46.0-255,66,141600,58,170620
18990,0.020482,172.217.194.0-255,5738,147338,58,170620
18991,0.020493,172.31.46.0-255,66,147404,58,170620
18992,0.022786,172.217.194.0-255,5738,153142,58,170620
18993,0.022793,172.31.46.0-255,66,153208,58,170620
18994,0.025078,172.217.194.0-255,5738,158946,58,170620
18995,0.025085,172.31.46.0-255,66,159012,58,170620
18996,0.027364,172.217.194.0-255,5738,164750,58,170620
18997,0.027372,172.31.46.0-255,66,164816,58,170620
18998,0.029659,172.217.194.0-255,5738,170554,58,170620
18999,0.029669,172.31.46.0-255,66,170620,58,170620
19000,0.0,172.217.194.0-255,152,152,58,253327
19001,2e-05,172.31.46.0-255,66,218,58,253327
19002,2.7e-05,172.217.194.0-255,1484,1702,58,253327
19003,3.2e-05,172.31.46.0-255,66,1768,58,253327
19004,3.8e-05,172.217.194.0-255,2902,4670,58,253327
19005,4.2e-05,172.31.46.0-255,66,4736,58,253327
19006,5.7e-05,172.217.194.0-255,7156,11892,58,253327
19007,6.1e-05,172.31.46.0-255,66,11958,58,253327
19008,6.6e-05,172.217.194.0-255,3459,15417,58,253327
19009,7e-05,172.31.46.0-255,66,15483,58,253327
19010,0.000119,172.31.46.0-255,66,15549,58,253327
19011,0.000124,172.217.194.0-255,2543,18092,58,253327
19012,0.000127,172.31.46.0-255,66,18158,58,253327
19013,0.000161,172.217.194.0-255,1484,19642,58,253327
19014,0.000163,172.31.46.0-255,66,19708,58,253327
19015,0.000168,172.217.194.0-255,2902,22610,58,253327
19016,0.00017,172.31.46.0-255,66,22676,58,253327
19017,0.000195,172.217.194.0-255,5738,28414,58,253327
19018,0.000198,172.31.46.0-255,66,28480,58,253327
19019,0.000206,172.217.194.0-255,6797,35277,58,253327
19020,0.000208,172.31.46.0-255,66,35343,58,253327
19021,0.000255,172.217.194.0-255,1484,36827,58,253327
19022,0.000258,172.31.46.0-255,66,36893,58,253327
19023,0.000276,172.217.194.0-255,2902,39795,58,253327
19024,0.000278,172.31.46.0-255,66,39861,58,253327
19025,0.000283,172.217.194.0-255,2902,42763,58,253327
19026,0.000286,172.31.46.0-255,66,42829,58,253327
19027,0.000305,172.217.194.0-255,2902,45731,58,253327
19028,0.000312,172.31.46.0-255,66,45797,58,253327
19029,0.000328,172.217.194.0-255,5738,51535,58,253327
19030,0.000335,172.31.46.0-255,66,51601,58,253327
19031,0.000359,172.217.194.0-255,1705,53306,58,253327
19032,0.000363,172.31.46.0-255,66,53372,58,253327
19033,0.000413,172.217.194.0-255,1484,54856,58,253327
19034,0.000418,172.217.194.0-255,1484,56340,58,253327
19035,0.00042,172.31.46.0-255,66,56406,58,253327
19036,0.000453,172.217.194.0-255,1484,57890,58,253327
19037,0.00046,172.217.194.0-255,5738,63628,58,253327
19038,0.000463,172.31.46.0-255,66,63694,58,253327
19039,0.000478,172.31.46.0-255,66,63760,58,253327
19040,0.000495,172.31.46.0-255,66,63826,58,253327
19041,0.00058,172.217.194.0-255,1484,65310,58,253327
19042,0.000584,172.217.194.0-255,1484,66794,58,253327
19043,0.000587,172.31.46.0-255,66,66860,58,253327
19044,0.000615,172.217.194.0-255,1484,68344,58,253327
19045,0.000622,172.217.194.0-255,5738,74082,58,253327
19046,0.000625,172.31.46.0-255,66,74148,58,253327
19047,0.000628,172.217.194.0-255,1484,75632,58,253327
19048,0.000655,172.217.194.0-255,5365,80997,58,253327
19049,0.000658,172.31.46.0-255,66,81063,58,253327
19050,0.000952,172.217.194.0-255,1484,82547,58,253327
19051,0.000959,172.217.194.0-255,2902,85449,58,253327
19052,0.000963,172.31.46.0-255,66,85515,58,253327
19053,0.000971,172.217.194.0-255,5738,91253,58,253327
19054,0.000973,172.31.46.0-255,66,91319,58,253327
19055,0.001012,172.217.194.0-255,2902,94221,58,253327
19056,0.001016,172.31.46.0-255,66,94287,58,253327
19057,0.001052,172.31.46.0-255,66,94353,58,253327
19058,0.001068,172.31.46.0-255,66,94419,58,253327
19059,0.001273,172.217.194.0-255,1484,95903,58,253327
19060,0.00128,172.217.194.0-255,2902,98805,58,253327
19061,0.001283,172.31.46.0-255,66,98871,58,253327
19062,0.001299,172.217.194.0-255,2902,101773,58,253327
19063,0.001306,172.31.46.0-255,66,101839,58,253327
19064,0.00133,172.217.194.0-255,2902,104741,58,253327
19065,0.001336,172.217.194.0-255,5738,110479,58,253327
19066,0.00134,172.31.46.0-255,66,110545,58,253327
19067,0.001343,172.31.46.0-255,66,110611,58,253327
19068,0.001373,172.217.194.0-255,7156,117767,58,253327
19069,0.00138,172.31.46.0-255,66,117833,58,253327
19070,0.001391,172.31.46.0-255,66,117899,58,253327
19071,0.001419,172.217.194.0-255,2184,120083,58,253327
19072,0.001422,172.31.46.0-255,66,120149,58,253327
19073,0.001594,172.217.194.0-255,1484,121633,58,253327
19074,0.001599,172.217.194.0-255,1484,123117,58,253327
19075,0.001604,172.31.46.0-255,66,123183,58,253327
19076,0.00163,172.217.194.0-255,1484,124667,58,253327
19077,0.001637,172.217.194.0-255,5738,130405,58,253327
19078,0.00164,172.31.46.0-255,66,130471,58,253327
19079,0.001642,172.217.194.0-255,1484,131955,58,253327
19080,0.001681,172.31.46.0-255,66,132021,58,253327
19081,0.001688,172.217.194.0-255,7156,139177,58,253327
19082,0.001691,172.31.46.0-255,66,139243,58,253327
19083,0.001743,172.31.46.0-255,66,139309,58,253327
19084,0.001775,172.31.46.0-255,66,139375,58,253327
19085,0.001791,172.31.46.0-255,66,139441,58,253327
19086,0.001825,172.217.194.0-255,5020,144461,58,253327
19087,0.001828,172.31.46.0-255,66,144527,58,253327
19088,0.001935,172.217.194.0-255,1484,146011,58,253327
19089,0.001941,172.217.194.0-255,2902,148913,58,253327
19090,0.001945,172.31.46.0-255,66,148979,58,253327
19091,0.001948,172.217.194.0-255,1484,150463,58,253327
19092,0.001976,172.217.194.0-255,4320,154783,58,253327
19093,0.001979,172.31.46.0-255,66,154849,58,253327
19094,0.001986,172.217.194.0-255,7156,162005,58,253327
19095,0.001989,172.31.46.0-255,66,162071,58,253327
19096,0.002024,172.31.46.0-255,66,162137,58,253327
19097,0.002055,172.217.194.0-255,5738,167875,58,253327
19098,0.002058,172.31.46.0-255,66,167941,58,253327
19099,0.002062,172.217.194.0-255,2184,170125,58,253327
19100,0.002065,172.31.46.0-255,66,170191,58,253327
19101,0.002091,172.217.194.0-255,1484,171675,58,253327
19102,0.002096,172.217.194.0-255,2902,174577,58,253327
19103,0.002098,172.31.46.0-255,66,174643,58,253327
19104,0.002104,172.217.194.0-255,5738,180381,58,253327
19105,0.002107,172.31.46.0-255,66,180447,58,253327
19106,0.002141,172.31.46.0-255,66,180513,58,253327
19107,0.002164,172.217.194.0-255,1484,181997,58,253327
19108,0.004282,172.217.194.0-255,4320,186317,58,253327
19109,0.004291,172.31.46.0-255,66,186383,58,253327
19110,0.006398,172.217.194.0-255,5738,192121,58,253327
19111,0.006405,172.31.46.0-255,66,192187,58,253327
19112,0.008519,172.217.194.0-255,4320,196507,58,253327
19113,0.008525,172.31.46.0-255,66,196573,58,253327
19114,0.008555,172.217.194.0-255,1484,198057,58,253327
19115,0.010613,172.217.194.0-255,2902,200959,58,253327
19116,0.010619,172.31.46.0-255,66,201025,58,253327
19117,0.010643,172.217.194.0-255,1484,202509,58,253327
19118,0.012737,172.217.194.0-255,4320,206829,58,253327
19119,0.012745,172.31.46.0-255,66,206895,58,253327
19120,0.014827,172.217.194.0-255,5738,212633,58,253327
19121,0.014836,172.31.46.0-255,66,212699,58,253327
19122,0.016944,172.217.194.0-255,5738,218437,58,253327
19123,0.016952,172.31.46.0-255,66,218503,58,253327
19124,0.019066,172.217.194.0-255,5738,224241,58,253327
19125,0.019073,172.31.46.0-255,66,224307,58,253327
19126,0.021169,172.217.194.0-255,5738,230045,58,253327
19127,0.021178,172.31.46.0-255,66,230111,58,253327
19128,0.023313,172.217.194.0-255,5738,235849,58,253327
19129,0.023322,172.31.46.0-255,66,235915,58,253327
19130,0.025451,172.217.194.0-255,5738,241653,58,253327
19131,0.025463,172.31.46.0-255,66,241719,58,253327
19132,0.027557,172.217.194.0-255,5738,247457,58,253327
19133,0.027565,172.31.46.0-255,66,247523,58,253327
19134,0.029654,172.217.194.0-255,5738,253261,58,253327
19135,0.029662,172.31.46.0-255,66,253327,58,253327
19136,0.0,74.125.24.0-255,152,152,58,215282
19137,2.4e-05,172.31.46.0-255,66,218,58,215282
19138,3e-05,74.125.24.0-255,1484,1702,58,215282
19139,3.4e-05,172.31.46.0-255,66,1768,58,215282
19140,4e-05,74.125.24.0-255,2902,4670,58,215282
19141,4.3e-05,172.31.46.0-255,66,4736,58,215282
19142,5e-05,74.125.24.0-255,7156,11892,58,215282
19143,5.4e-05,172.31.46.0-255,66,11958,58,215282
19144,9e-05,74.125.24.0-255,2045,14003,58,215282
19145,9.4e-05,172.31.46.0-255,66,14069,58,215282
19146,0.000132,74.125.24.0-255,1484,15553,58,215282
19147,0.000135,172.31.46.0-255,66,15619,58,215282
19148,0.00014,74.125.24.0-255,2902,18521,58,215282
19149,0.000143,172.31.46.0-255,66,18587,58,215282
19150,0.00017,74.125.24.0-255,5738,24325,58,215282
19151,0.000172,172.31.46.0-255,66,24391,58,215282
19152,0.000181,74.125.24.0-255,6797,31188,58,215282
19153,0.000183,172.31.46.0-255,66,31254,58,215282
19154,0.000223,172.31.46.0-255,66,31320,58,215282
19155,0.000264,172.31.46.0-255,66,31386,58,215282
19156,0.000281,74.125.24.0-255,442,31828,58,215282
19157,0.000284,172.31.46.0-255,66,31894,58,215282
19158,0.000396,74.125.24.0-255,1484,33378,58,215282
19159,0.000399,172.31.46.0-255,66,33444,58,215282
19160,0.000406,74.125.24.0-255,2902,36346,58,215282
19161,0.000408,172.31.46.0-255,66,36412,58,215282
19162,0.000412,74.125.24.0-255,2902,39314,58,215282
19163,0.000416,172.31.46.0-255,66,39380,58,215282
19164,0.000442,74.125.24.0-255,2902,42282,58,215282
19165,0.000445,172.31.46.0-255,66,42348,58,215282
19166,0.000456,172.31.46.0-255,66,42414,58,215282
19167,0.000471,74.125.24.0-255,4320,46734,58,215282
19168,0.000473,172.31.46.0-255,66,46800,58,215282
19169,0.000496,172.31.46.0-255,66,46866,58,215282
19170,0.000514,74.125.24.0-255,2449,49315,58,215282
19171,0.000598,74.125.24.0-255,1484,50799,58,215282
19172,0.000603,74.125.24.0-255,2902,53701,58,215282
19173,0.000626,74.125.24.0-255,5738,59439,58,215282
19174,0.000645,74.125.24.0-255,4320,63759,58,215282
19175,0.000652,172.31.46.0-255,66,63825,58,215282
19176,0.000672,74.125.24.0-255,7156,70981,58,215282
19177,0.0007,74.125.24.0-255,2902,73883,58,215282
19178,0.000712,172.31.46.0-255,66,73949,58,215282
19179,0.000752,172.31.46.0-255,66,74015,58,215282
19180,0.000769,172.31.46.0-255,66,74081,58,215282
19181,0.00084,74.125.24.0-255,4320,78401,58,215282
19182,0.000853,172.31.46.0-255,66,78467,58,215282
19183,0.000863,74.125.24.0-255,2902,81369,58,215282
19184,0.000867,74.125.24.0-255,2184,83553,58,215282
19185,0.000871,74.125.24.0-255,2902,86455,58,215282
19186,0.000874,74.125.24.0-255,2902,89357,58,215282
19187,0.000889,74.125.24.0-255,4320,93677,58,215282
19188,0.000892,172.31.46.0-255,66,93743,58,215282
19189,0.000908,74.125.24.0-255,4320,98063,58,215282
19190,0.000921,74.125.24.0-255,1484,99547,58,215282
19191,0.000924,74.125.24.0-255,1484,101031,58,215282
19192,0.000951,172.31.46.0-255,66,101097,58,215282
19193,0.000956,172.31.46.0-255,66,101163,58,215282
19194,0.000971,74.125.24.0-255,1484,102647,58,215282
19195,0.000976,74.125.24.0-255,3602,106249,58,215282
19196,0.000992,172.31.46.0-255,66,106315,58,215282
19197,0.001004,74.125.24.0-255,5738,112053,58,215282
19198,0.001009,172.31.46.0-255,66,112119,58,215282
19199,0.001035,74.125.24.0-255,1484,113603,58,215282
19200,0.00106,74.125.24.0-255,5738,119341,58,215282
19201,0.001077,172.31.46.0-255,66,119407,58,215282
19202,0.00109,74.125.24.0-255,766,120173,58,215282
19203,0.001095,172.31.46.0-255,66,120239,58,215282
19204,0.001362,74.125.24.0-255,1484,121723,58,215282
19205,0.001376,74.125.24.0-255,2902,124625,58,215282
19206,0.001378,74.125.24.0-255,1484,126109,58,215282
19207,0.001385,172.31.46.0-255,66,126175,58,215282
19208,0.001399,74.125.24.0-255,4320,130495,58,215282
19209,0.001415,172.31.46.0-255,66,130561,58,215282
19210,0.001444,172.31.46.0-255,66,130627,58,215282
19211,0.0015,74.125.24.0-255,2184,132811,58,215282
19212,0.001508,172.31.46.0-255,66,132877,58,215282
19213,0.00156,74.125.24.0-255,1484,134361,58,215282
19214,0.001566,74.125.24.0-255,2902,137263,58,215282
19215,0.00157,172.31.46.0-255,66,137329,58,215282
19216,0.001592,74.125.24.0-255,5738,143067,58,215282
19217,0.001623,74.125.24.0-255,5738,148805,58,215282
19218,0.001637,172.31.46.0-255,66,148871,58,215282
19219,0.001644,74.125.24.0-255,5020,153891,58,215282
19220,0.001655,172.31.46.0-255,66,153957,58,215282
19221,0.001705,74.125.24.0-255,1484,155441,58,215282
19222,0.00171,74.125.24.0-255,2902,158343,58,215282
19223,0.001725,172.31.46.0-255,66,158409,58,215282
19224,0.001732,74.125.24.0-255,5738,164147,58,215282
19225,0.001744,74.125.24.0-255,2902,167049,58,215282
19226,0.001746,172.31.46.0-255,66,167115,58,215282
19227,0.001786,172.31.46.0-255,66,167181,58,215282
19228,0.001796,172.31.46.0-255,66,167247,58,215282
19229,0.001929,172.31.46.0-255,101,167348,58,215282
19230,0.001957,74.125.24.0-255,1484,168832,58,215282
19231,0.001975,74.125.24.0-255,2902,171734,58,215282
19232,0.001978,74.125.24.0-255,1484,173218,58,215282
19233,0.001984,172.31.46.0-255,66,173284,58,215282
19234,0.002001,74.125.24.0-255,4320,177604,58,215282
19235,0.002041,74.125.24.0-255,5738,183342,58,215282
19236,0.002045,172.31.46.0-255,66,183408,58,215282
19237,0.002065,74.125.24.0-255,7156,190564,58,215282
19238,0.00207,74.125.24.0-255,2902,193466,58,215282
19239,0.002094,74.125.24.0-255,7156,200622,58,215282
19240,0.00212,74.125.24.0-255,7156,207778,58,215282
19241,0.002123,74.125.24.0-255,1484,209262,58,215282
19242,0.002142,74.125.24.0-255,5546,214808,58,215282
19243,0.002145,74.125.24.0-255,105,214913,58,215282
19244,0.002149,172.31.46.0-255,66,214979,58,215282
19245,0.002165,172.31.46.0-255,66,215045,58,215282
19246,0.004237,74.125.24.0-255,66,215111,58,215282
19247,0.004776,172.31.46.0-255,105,215216,58,215282
19248,0.007093,74.125.24.0-255,66,215282,58,215282
19249,0.0,172.217.194.0-255,152,152,58,140312
19250,1.9e-05,172.31.46.0-255,66,218,58,140312
19251,2.6e-05,172.217.194.0-255,1484,1702,58,140312
19252,3.2e-05,172.31.46.0-255,66,1768,58,140312
19253,3.8e-05,172.217.194.0-255,2902,4670,58,140312
19254,4.2e-05,172.31.46.0-255,66,4736,58,140312
19255,5.5e-05,172.217.194.0-255,4320,9056,58,140312
19256,5.9e-05,172.31.46.0-255,66,9122,58,140312
19257,9.9e-05,172.217.194.0-255,4843,13965,58,140312
19258,0.000103,172.31.46.0-255,66,14031,58,140312
19259,0.000148,172.217.194.0-255,1484,15515,58,140312
19260,0.000151,172.31.46.0-255,66,15581,58,140312
19261,0.000156,172.217.194.0-255,2902,18483,58,140312
19262,0.000158,172.31.46.0-255,66,18549,58,140312
19263,0.000163,172.217.194.0-255,4320,22869,58,140312
19264,0.000166,172.31.46.0-255,66,22935,58,140312
19265,0.000186,172.217.194.0-255,1484,24419,58,140312
19266,0.000188,172.31.46.0-255,66,24485,58,140312
19267,0.000194,172.217.194.0-255,4320,28805,58,140312
19268,0.000196,172.31.46.0-255,66,28871,58,140312
19269,0.000228,172.217.194.0-255,6797,35668,58,140312
19270,0.000231,172.31.46.0-255,66,35734,58,140312
19271,0.000244,172.31.46.0-255,66,35800,58,140312
19272,0.000256,172.31.46.0-255,66,35866,58,140312
19273,0.000295,172.31.46.0-255,66,35932,58,140312
19274,0.000297,172.217.194.0-255,647,36579,58,140312
19275,0.000299,172.31.46.0-255,66,36645,58,140312
19276,0.000343,172.217.194.0-255,1484,38129,58,140312
19277,0.000346,172.31.46.0-255,66,38195,58,140312
19278,0.000352,172.217.194.0-255,2902,41097,58,140312
19279,0.000354,172.31.46.0-255,66,41163,58,140312
19280,0.000391,172.217.194.0-255,5738,46901,58,140312
19281,0.000394,172.31.46.0-255,66,46967,58,140312
19282,0.000407,172.31.46.0-255,66,47033,58,140312
19283,0.000424,172.31.46.0-255,66,47099,58,140312
19284,0.000472,172.217.194.0-255,766,47865,58,140312
19285,0.000755,172.217.194.0-255,1484,49349,58,140312
19286,0.000761,172.31.46.0-255,66,49415,58,140312
19287,0.000767,172.217.194.0-255,2902,52317,58,140312
19288,0.000769,172.31.46.0-255,66,52383,58,140312
19289,0.000781,172.217.194.0-255,5738,58121,58,140312
19290,0.000784,172.31.46.0-255,66,58187,58,140312
19291,0.000791,172.217.194.0-255,7156,65343,58,140312
19292,0.000794,172.31.46.0-255,66,65409,58,140312
19293,0.000837,172.217.194.0-255,5738,71147,58,140312
19294,0.000841,172.31.46.0-255,66,71213,58,140312
19295,0.000857,172.31.46.0-255,66,71279,58,140312
19296,0.000861,172.217.194.0-255,216,71495,58,140312
19297,0.000932,172.217.194.0-255,1484,72979,58,140312
19298,0.000935,172.31.46.0-255,66,73045,58,140312
19299,0.000941,172.217.194.0-255,2902,75947,58,140312
19300,0.000943,172.31.46.0-255,66,76013,58,140312
19301,0.000948,172.217.194.0-255,2902,78915,58,140312
19302,0.00095,172.31.46.0-255,66,78981,58,140312
19303,0.000978,172.217.194.0-255,2902,81883,58,140312
19304,0.00098,172.31.46.0-255,66,81949,58,140312
19305,0.000999,172.31.46.0-255,66,82015,58,140312
19306,0.001045,172.31.46.0-255,66,82081,58,140312
19307,0.001468,172.217.194.0-255,1484,83565,58,140312
19308,0.001476,172.217.194.0-255,2902,86467,58,140312
19309,0.001479,172.31.46.0-255,66,86533,58,140312
19310,0.001484,172.217.194.0-255,2902,89435,58,140312
19311,0.001486,172.31.46.0-255,66,89501,58,140312
19312,0.001507,172.217.194.0-255,2902,92403,58,140312
19313,0.001518,172.31.46.0-255,66,92469,58,140312
19314,0.001533,172.31.46.0-255,66,92535,58,140312
19315,0.001539,172.217.194.0-255,4320,96855,58,140312
19316,0.001541,172.31.46.0-255,66,96921,58,140312
19317,0.001557,172.31.46.0-255,66,96987,58,140312
19318,0.001593,172.31.46.0-255,66,97053,58,140312
19319,0.001604,172.31.46.0-255,66,97119,58,140312
19320,0.001607,172.217.194.0-255,1484,98603,58,140312
19321,0.001647,172.31.46.0-255,66,98669,58,140312
19322,0.001681,172.217.194.0-255,4320,102989,58,140312
19323,0.001684,172.31.46.0-255,66,103055,58,140312
19324,0.001741,172.31.46.0-255,66,103121,58,140312
19325,0.001754,172.31.46.0-255,66,103187,58,140312
19326,0.001764,172.217.194.0-255,3602,106789,58,140312
19327,0.001767,172.31.46.0-255,66,106855,58,140312
19328,0.001772,172.217.194.0-255,4320,111175,58,140312
19329,0.001775,172.31.46.0-255,66,111241,58,140312
19330,0.001781,172.217.194.0-255,5738,116979,58,140312
19331,0.001785,172.31.46.0-255,66,117045,58,140312
19332,0.001828,172.217.194.0-255,4320,121365,58,140312
19333,0.001831,172.31.46.0-255,66,121431,58,140312
19334,0.001841,172.31.46.0-255,66,121497,58,140312
19335,0.001858,172.31.46.0-255,66,121563,58,140312
19336,0.001928,172.31.46.0-255,66,121629,58,140312
19337,0.001935,172.217.194.0-255,7156,128785,58,140312
19338,0.001937,172.31.46.0-255,66,128851,58,140312
19339,0.001971,172.31.46.0-255,66,128917,58,140312
19340,0.001996,172.217.194.0-255,5020,133937,58,140312
19341,0.002034,172.31.46.0-255,66,134003,58,140312
19342,0.002037,172.31.46.0-255,66,134069,58,140312
19343,0.00204,172.31.46.0-255,66,134135,58,140312
19344,0.002062,172.217.194.0-255,5738,139873,58,140312
19345,0.002106,172.217.194.0-255,97,139970,58,140312
19346,0.002108,172.217.194.0-255,105,140075,58,140312
19347,0.002125,172.31.46.0-255,66,140141,58,140312
19348,0.009295,172.31.46.0-255,105,140246,58,140312
19349,0.01159,172.217.194.0-255,66,140312,58,140312
19350,0.0,74.125.200.0-255,156,156,58,283474
19351,2.7e-05,172.31.46.0-255,66,222,58,283474
19352,3.5e-05,74.125.200.0-255,1484,1706,58,283474
19353,4e-05,172.31.46.0-255,66,1772,58,283474
19354,4.3e-05,74.125.200.0-255,1484,3256,58,283474
19355,4.6e-05,172.31.46.0-255,66,3322,58,283474
19356,6e-05,74.125.200.0-255,2902,6224,58,283474
19357,6.4e-05,172.31.46.0-255,66,6290,58,283474
19358,7.1e-05,74.125.200.0-255,5738,12028,58,283474
19359,7.5e-05,172.31.46.0-255,66,12094,58,283474
19360,7.8e-05,74.125.200.0-255,1484,13578,58,283474
19361,8e-05,172.31.46.0-255,66,13644,58,283474
19362,0.000113,74.125.200.0-255,679,14323,58,283474
19363,0.000116,172.31.46.0-255,66,14389,58,283474
19364,0.000202,74.125.200.0-255,1484,15873,58,283474
19365,0.000205,172.31.46.0-255,66,15939,58,283474
19366,0.00021,74.125.200.0-255,2902,18841,58,283474
19367,0.000213,172.31.46.0-255,66,18907,58,283474
19368,0.000242,74.125.200.0-255,1484,20391,58,283474
19369,0.000245,172.31.46.0-255,66,20457,58,283474
19370,0.00025,74.125.200.0-255,2902,23359,58,283474
19371,0.000253,172.31.46.0-255,66,23425,58,283474
19372,0.000264,74.125.200.0-255,5738,29163,58,283474
19373,0.000266,172.31.46.0-255,66,29229,58,283474
19374,0.000272,74.125.200.0-255,2543,31772,58,283474
19375,0.000275,172.31.46.0-255,66,31838,58,283474
19376,0.000278,74.125.200.0-255,1484,33322,58,283474
19377,0.000281,172.31.46.0-255,66,33388,58,283474
19378,0.000316,74.125.200.0-255,1484,34872,58,283474
19379,0.000319,172.31.46.0-255,66,34938,58,283474
19380,0.000326,74.125.200.0-255,7156,42094,58,283474
19381,0.000329,172.31.46.0-255,66,42160,58,283474
19382,0.00034,74.125.200.0-255,5738,47898,58,283474
19383,0.000343,172.31.46.0-255,66,47964,58,283474
19384,0.00035,74.125.200.0-255,7156,55120,58,283474
19385,0.000353,172.31.46.0-255,66,55186,58,283474
19386,0.000425,172.31.46.0-255,66,55252,58,283474
19387,0.000448,74.125.200.0-255,363,55615,58,283474
19388,0.000452,74.125.200.0-255,125,55740,58,283474
19389,0.000515,74.125.200.0-255,1484,57224,58,283474
19390,0.000519,172.31.46.0-255,66,57290,58,283474
19391,0.000546,74.125.200.0-255,2902,60192,58,283474
19392,0.000549,172.31.46.0-255,66,60258,58,283474
19393,0.000554,74.125.200.0-255,2902,63160,58,283474
19394,0.000556,172.31.46.0-255,66,63226,58,283474
19395,0.000577,74.125.200.0-255,2902,66128,58,283474
19396,0.000579,172.31.46.0-255,66,66194,58,283474
19397,0.00059,74.125.200.0-255,5738,71932,58,283474
19398,0.000593,172.31.46.0-255,66,71998,58,283474
19399,0.000622,74.125.200.0-255,831,72829,58,283474
19400,0.000721,74.125.200.0-255,1484,74313,58,283474
19401,0.000725,172.31.46.0-255,66,74379,58,283474
19402,0.000731,74.125.200.0-255,2902,77281,58,283474
19403,0.000733,172.31.46.0-255,66,77347,58,283474
19404,0.000762,74.125.200.0-255,5738,83085,58,283474
19405,0.000764,172.31.46.0-255,66,83151,58,283474
19406,0.000799,74.125.200.0-255,4320,87471,58,283474
19407,0.000801,172.31.46.0-255,66,87537,58,283474
19408,0.000823,172.31.46.0-255,66,87603,58,283474
19409,0.000855,74.125.200.0-255,4320,91923,58,283474
19410,0.000859,172.31.46.0-255,66,91989,58,283474
19411,0.000882,74.125.200.0-255,6438,98427,58,283474
19412,0.000885,172.31.46.0-255,66,98493,58,283474
19413,0.000911,74.125.200.0-255,1484,99977,58,283474
19414,0.000932,74.125.200.0-255,2902,102879,58,283474
19415,0.000934,172.31.46.0-255,66,102945,58,283474
19416,0.00094,74.125.200.0-255,4320,107265,58,283474
19417,0.000942,172.31.46.0-255,66,107331,58,283474
19418,0.000984,172.31.46.0-255,66,107397,58,283474
19419,0.000994,172.31.46.0-255,66,107463,58,283474
19420,0.001025,74.125.200.0-255,4320,111783,58,283474
19421,0.001029,172.31.46.0-255,66,111849,58,283474
19422,0.001064,74.125.200.0-255,5020,116869,58,283474
19423,0.001078,172.31.46.0-255,66,116935,58,283474
19424,0.001084,74.125.200.0-255,4320,121255,58,283474
19425,0.001086,172.31.46.0-255,66,121321,58,283474
19426,0.001096,74.125.200.0-255,5738,127059,58,283474
19427,0.001098,172.31.46.0-255,66,127125,58,283474
19428,0.001109,172.31.46.0-255,66,127191,58,283474
19429,0.001114,74.125.200.0-255,4320,131511,58,283474
19430,0.001116,172.31.46.0-255,66,131577,58,283474
19431,0.001152,74.125.200.0-255,6438,138015,58,283474
19432,0.001155,172.31.46.0-255,66,138081,58,283474
19433,0.001186,74.125.200.0-255,1484,139565,58,283474
19434,0.001202,74.125.200.0-255,2902,142467,58,283474
19435,0.001204,172.31.46.0-255,66,142533,58,283474
19436,0.001239,74.125.200.0-255,5738,148271,58,283474
19437,0.001242,172.31.46.0-255,66,148337,58,283474
19438,0.001248,74.125.200.0-255,5738,154075,58,283474
19439,0.00125,172.31.46.0-255,66,154141,58,283474
19440,0.001257,74.125.200.0-255,7156,161297,58,283474
19441,0.001259,172.31.46.0-255,66,161363,58,283474
19442,0.001287,74.125.200.0-255,1484,162847,58,283474
19443,0.001315,172.31.46.0-255,66,162913,58,283474
19444,0.001421,74.125.200.0-255,1484,164397,58,283474
19445,0.001439,74.125.200.0-255,1484,165881,58,283474
19446,0.001441,172.31.46.0-255,66,165947,58,283474
19447,0.001447,74.125.200.0-255,2902,168849,58,283474
19448,0.001448,172.31.46.0-255,66,168915,58,283474
19449,0.001467,74.125.200.0-255,5738,174653,58,283474
19450,0.00147,172.31.46.0-255,66,174719,58,283474
19451,0.00153,74.125.200.0-255,7156,181875,58,283474
19452,0.001533,172.31.46.0-255,66,181941,58,283474
19453,0.001566,74.125.200.0-255,4320,186261,58,283474
19454,0.001569,172.31.46.0-255,66,186327,58,283474
19455,0.001592,172.31.46.0-255,66,186393,58,283474
19456,0.001597,74.125.200.0-255,4320,190713,58,283474
19457,0.001599,172.31.46.0-255,66,190779,58,283474
19458,0.001609,172.31.46.0-255,66,190845,58,283474
19459,0.001648,172.31.46.0-255,66,190911,58,283474
19460,0.001653,74.125.200.0-255,4320,195231,58,283474
19461,0.001655,172.31.46.0-255,66,195297,58,283474
19462,0.001682,74.125.200.0-255,6438,201735,58,283474
19463,0.001684,172.31.46.0-255,66,201801,58,283474
19464,0.001687,74.125.200.0-255,1484,203285,58,283474
19465,0.001704,74.125.200.0-255,4320,207605,58,283474
19466,0.001706,172.31.46.0-255,66,207671,58,283474
19467,0.001711,74.125.200.0-255,4320,211991,58,283474
19468,0.001713,172.31.46.0-255,66,212057,58,283474
19469,0.001739,74.125.200.0-255,2902,214959,58,283474
19470,0.001742,172.31.46.0-255,66,215025,58,283474
19471,0.001745,74.125.200.0-255,1484,216509,58,283474
19472,0.001781,172.31.46.0-255,66,216575,58,283474
19473,0.001801,74.125.200.0-255,5738,222313,58,283474
19474,0.001804,172.31.46.0-255,66,222379,58,283474
19475,0.001829,74.125.200.0-255,2184,224563,58,283474
19476,0.001832,172.31.46.0-255,66,224629,58,283474
19477,0.001924,74.125.200.0-255,1484,226113,58,283474
19478,0.001928,74.125.200.0-255,1484,227597,58,283474
19479,0.001932,172.31.46.0-255,66,227663,58,283474
19480,0.001958,74.125.200.0-255,1484,229147,58,283474
19481,0.001961,74.125.200.0-255,1484,230631,58,283474
19482,0.001963,172.31.46.0-255,66,230697,58,283474
19483,0.001967,74.125.200.0-255,2902,233599,58,283474
19484,0.00197,172.31.46.0-255,66,233665,58,283474
19485,0.001974,74.125.200.0-255,2902,236567,58,283474
19486,0.001976,172.31.46.0-255,66,236633,58,283474
19487,0.002018,74.125.200.0-255,2902,239535,58,283474
19488,0.002021,172.31.46.0-255,66,239601,58,283474
19489,0.002027,74.125.200.0-255,5738,245339,58,283474
19490,0.002029,172.31.46.0-255,66,245405,58,283474
19491,0.002039,74.125.200.0-255,7156,252561,58,283474
19492,0.002041,172.31.46.0-255,66,252627,58,283474
19493,0.002043,74.125.200.0-255,1484,254111,58,283474
19494,0.002069,74.125.200.0-255,5020,259131,58,283474
19495,0.002071,172.31.46.0-255,66,259197,58,283474
19496,0.002077,74.125.200.0-255,7156,266353,58,283474
19497,0.002079,172.31.46.0-255,66,266419,58,283474
19498,0.002099,74.125.200.0-255,1484,267903,58,283474
19499,0.002122,172.31.46.0-255,66,267969,58,283474
19500,0.002125,74.125.200.0-255,1484,269453,58,283474
19501,0.002161,172.31.46.0-255,66,269519,58,283474
19502,0.002164,74.125.200.0-255,1484,271003,58,283474
19503,0.002168,74.125.200.0-255,2902,273905,58,283474
19504,0.00217,172.31.46.0-255,66,273971,58,283474
19505,0.002204,74.125.200.0-255,5738,279709,58,283474
19506,0.002207,172.31.46.0-255,66,279775,58,283474
19507,0.002212,74.125.200.0-255,3194,282969,58,283474
19508,0.002214,172.31.46.0-255,66,283035,58,283474
19509,0.002216,74.125.200.0-255,97,283132,58,283474
19510,0.002252,74.125.200.0-255,105,283237,58,283474
19511,0.009874,172.31.46.0-255,66,283303,58,283474
19512,0.009918,172.31.46.0-255,105,283408,58,283474
19513,0.012406,74.125.200.0-255,66,283474,58,283474
19514,0.0,172.217.194.0-255,146,146,58,120002
19515,2.4e-05,172.31.46.0-255,66,212,58,120002
19516,3.2e-05,172.217.194.0-255,1484,1696,58,120002
19517,3.6e-05,172.31.46.0-255,66,1762,58,120002
19518,5e-05,172.217.194.0-255,2902,4664,58,120002
19519,5.4e-05,172.31.46.0-255,66,4730,58,120002
19520,6.2e-05,172.217.194.0-255,7156,11886,58,120002
19521,6.6e-05,172.31.46.0-255,66,11952,58,120002
19522,7.2e-05,172.217.194.0-255,4847,16799,58,120002
19523,7.6e-05,172.31.46.0-255,66,16865,58,120002
19524,8.2e-05,172.217.194.0-255,4320,21185,58,120002
19525,8.5e-05,172.31.46.0-255,66,21251,58,120002
19526,0.000126,172.31.46.0-255,66,21317,58,120002
19527,0.000166,172.217.194.0-255,1484,22801,58,120002
19528,0.000168,172.31.46.0-255,66,22867,58,120002
19529,0.000187,172.217.194.0-255,2902,25769,58,120002
19530,0.00019,172.31.46.0-255,66,25835,58,120002
19531,0.000218,172.217.194.0-255,4320,30155,58,120002
19532,0.000221,172.31.46.0-255,66,30221,58,120002
19533,0.000253,172.31.46.0-255,66,30287,58,120002
19534,0.000283,172.31.46.0-255,66,30353,58,120002
19535,0.000312,172.217.194.0-255,4213,34566,58,120002
19536,0.000315,172.31.46.0-255,66,34632,58,120002
19537,0.00037,172.217.194.0-255,116,34748,58,120002
19538,0.000373,172.31.46.0-255,66,34814,58,120002
19539,0.000537,172.217.194.0-255,1484,36298,58,120002
19540,0.000542,172.31.46.0-255,66,36364,58,120002
19541,0.000548,172.217.194.0-255,2902,39266,58,120002
19542,0.000551,172.31.46.0-255,66,39332,58,120002
19543,0.000555,172.217.194.0-255,1484,40816,58,120002
19544,0.000594,172.217.194.0-255,1484,42300,58,120002
19545,0.000603,172.217.194.0-255,7156,49456,58,120002
19546,0.000607,172.217.194.0-255,2543,51999,58,120002
19547,0.000639,172.217.194.0-255,2902,54901,58,120002
19548,0.000645,172.31.46.0-255,66,54967,58,120002
19549,0.000658,172.217.194.0-255,7156,62123,58,120002
19550,0.000662,172.217.194.0-255,1484,63607,58,120002
19551,0.000672,172.31.46.0-255,66,63673,58,120002
19552,0.0007,172.217.194.0-255,5379,69052,58,120002
19553,0.000711,172.31.46.0-255,66,69118,58,120002
19554,0.002237,172.217.194.0-255,1484,70602,58,120002
19555,0.002254,172.217.194.0-255,2902,73504,58,120002
19556,0.002261,172.31.46.0-255,66,73570,58,120002
19557,0.002267,172.217.194.0-255,1484,75054,58,120002
19558,0.002297,172.217.194.0-255,4320,79374,58,120002
19559,0.002354,172.217.194.0-255,5738,85112,58,120002
19560,0.007447,172.31.46.0-255,66,85178,58,120002
19561,0.00976,172.217.194.0-255,5738,90916,58,120002
19562,0.009776,172.31.46.0-255,66,90982,58,120002
19563,0.012089,172.217.194.0-255,5738,96720,58,120002
19564,0.014674,172.31.46.0-255,66,96786,58,120002
19565,0.017008,172.217.194.0-255,5738,102524,58,120002
19566,0.017028,172.31.46.0-255,66,102590,58,120002
19567,0.01935,172.217.194.0-255,5738,108328,58,120002
19568,0.019365,172.31.46.0-255,66,108394,58,120002
19569,0.021702,172.217.194.0-255,5738,114132,58,120002
19570,0.026342,172.31.46.0-255,66,114198,58,120002
19571,0.028685,172.217.194.0-255,5738,119936,58,120002
19572,0.028701,172.31.46.0-255,66,120002,58,120002
19573,0.0,216.58.203.0-255,155,155,58,179901
19574,1.6e-05,172.31.46.0-255,66,221,58,179901
19575,2.1e-05,216.58.203.0-255,1484,1705,58,179901
19576,2.6e-05,172.31.46.0-255,66,1771,58,179901
19577,3.7e-05,216.58.203.0-255,2902,4673,58,179901
19578,4.2e-05,172.31.46.0-255,66,4739,58,179901
19579,6.4e-05,216.58.203.0-255,4320,9059,58,179901
19580,6.8e-05,172.31.46.0-255,66,9125,58,179901
19581,7.9e-05,216.58.203.0-255,4867,13992,58,179901
19582,8.2e-05,172.31.46.0-255,66,14058,58,179901
19583,0.000121,216.58.203.0-255,1484,15542,58,179901
19584,0.000124,172.31.46.0-255,66,15608,58,179901
19585,0.000129,216.58.203.0-255,2902,18510,58,179901
19586,0.000131,172.31.46.0-255,66,18576,58,179901
19587,0.000139,216.58.203.0-255,5738,24314,58,179901
19588,0.000141,172.31.46.0-255,66,24380,58,179901
19589,0.000145,216.58.203.0-255,2902,27282,58,179901
19590,0.000148,172.31.46.0-255,66,27348,58,179901
19591,0.000184,216.58.203.0-255,3961,31309,58,179901
19592,0.000187,172.31.46.0-255,66,31375,58,179901
19593,0.000293,216.58.203.0-255,1484,32859,58,179901
19594,0.000297,172.31.46.0-255,66,32925,58,179901
19595,0.000301,216.58.203.0-255,1484,34409,58,179901
19596,0.000303,172.31.46.0-255,66,34475,58,179901
19597,0.000336,216.58.203.0-255,1484,35959,58,179901
19598,0.000338,172.31.46.0-255,66,36025,58,179901
19599,0.000346,216.58.203.0-255,5738,41763,58,179901
19600,0.000349,172.31.46.0-255,66,41829,58,179901
19601,0.000355,216.58.203.0-255,5738,47567,58,179901
19602,0.000358,172.31.46.0-255,66,47633,58,179901
19603,0.000394,172.31.46.0-255,66,47699,58,179901
19604,0.000431,172.31.46.0-255,66,47765,58,179901
19605,0.000749,216.58.203.0-255,119,47884,58,179901
19606,0.00088,216.58.203.0-255,1484,49368,58,179901
19607,0.000885,216.58.203.0-255,2902,52270,58,179901
19608,0.000895,172.31.46.0-255,66,52336,58,179901
19609,0.000899,172.31.46.0-255,66,52402,58,179901
19610,0.000906,216.58.203.0-255,5738,58140,58,179901
19611,0.000909,172.31.46.0-255,66,58206,58,179901
19612,0.000918,216.58.203.0-255,4320,62526,58,179901
19613,0.00092,172.31.46.0-255,66,62592,58,179901
19614,0.000954,216.58.203.0-255,5379,67971,58,179901
19615,0.000957,172.31.46.0-255,66,68037,58,179901
19616,0.000964,216.58.203.0-255,5738,73775,58,179901
19617,0.000966,172.31.46.0-255,66,73841,58,179901
19618,0.000997,216.58.203.0-255,5738,79579,58,179901
19619,0.001,172.31.46.0-255,66,79645,58,179901
19620,0.001011,216.58.203.0-255,1484,81129,58,179901
19621,0.001014,216.58.203.0-255,1390,82519,58,179901
19622,0.001017,172.31.46.0-255,66,82585,58,179901
19623,0.002703,216.58.203.0-255,5738,88323,58,179901
19624,0.002715,172.31.46.0-255,66,88389,58,179901
19625,0.004375,216.58.203.0-255,5738,94127,58,179901
19626,0.00438,172.31.46.0-255,66,94193,58,179901
19627,0.006041,216.58.203.0-255,5738,99931,58,179901
19628,0.006048,172.31.46.0-255,66,99997,58,179901
19629,0.007697,216.58.203.0-255,4320,104317,58,179901
19630,0.007702,172.31.46.0-255,66,104383,58,179901
19631,0.007719,216.58.203.0-255,1484,105867,58,179901
19632,0.009356,216.58.203.0-255,4320,110187,58,179901
19633,0.009363,172.31.46.0-255,66,110253,58,179901
19634,0.011024,216.58.203.0-255,5738,115991,58,179901
19635,0.01103,172.31.46.0-255,66,116057,58,179901
19636,0.012704,216.58.203.0-255,5738,121795,58,179901
19637,0.012712,172.31.46.0-255,66,121861,58,179901
19638,0.014379,216.58.203.0-255,5738,127599,58,179901
19639,0.014389,172.31.46.0-255,66,127665,58,179901
19640,0.016058,216.58.203.0-255,5738,133403,58,179901
19641,0.016069,172.31.46.0-255,66,133469,58,179901
19642,0.01773,216.58.203.0-255,5738,139207,58,179901
19643,0.01774,172.31.46.0-255,66,139273,58,179901
19644,0.019399,216.58.203.0-255,5738,145011,58,179901
19645,0.019409,172.31.46.0-255,66,145077,58,179901
19646,0.021065,216.58.203.0-255,5738,150815,58,179901
19647,0.021073,172.31.46.0-255,66,150881,58,179901
19648,0.022755,216.58.203.0-255,5738,156619,58,179901
19649,0.022765,172.31.46.0-255,66,156685,58,179901
19650,0.024431,216.58.203.0-255,5738,162423,58,179901
19651,0.02444,172.31.46.0-255,66,162489,58,179901
19652,0.026102,216.58.203.0-255,5738,168227,58,179901
19653,0.026111,172.31.46.0-255,66,168293,58,179901
19654,0.027773,216.58.203.0-255,5738,174031,58,179901
19655,0.027784,172.31.46.0-255,66,174097,58,179901
19656,0.029446,216.58.203.0-255,5738,179835,58,179901
19657,0.029453,172.31.46.0-255,66,179901,58,179901
19658,0.0,74.125.24.0-255,153,153,58,200046
19659,2e-05,172.31.46.0-255,66,219,58,200046
19660,2.7e-05,74.125.24.0-255,1484,1703,58,200046
19661,3.1e-05,172.31.46.0-255,66,1769,58,200046
19662,3.6e-05,74.125.24.0-255,2902,4671,58,200046
19663,3.9e-05,172.31.46.0-255,66,4737,58,200046
19664,5.4e-05,74.125.24.0-255,7156,11893,58,200046
19665,5.7e-05,172.31.46.0-255,66,11959,58,200046
19666,6.1e-05,74.125.24.0-255,2902,14861,58,200046
19667,6.4e-05,172.31.46.0-255,66,14927,58,200046
19668,8.1e-05,74.125.24.0-255,4951,19878,58,200046
19669,8.4e-05,172.31.46.0-255,66,19944,58,200046
19670,8.7e-05,74.125.24.0-255,1484,21428,58,200046
19671,8.8e-05,172.31.46.0-255,66,21494,58,200046
19672,0.000146,172.31.46.0-255,66,21560,58,200046
19673,0.000366,74.125.24.0-255,1484,23044,58,200046
19674,0.000371,172.31.46.0-255,66,23110,58,200046
19675,0.000377,74.125.24.0-255,2902,26012,58,200046
19676,0.000379,172.31.46.0-255,66,26078,58,200046
19677,0.00041,74.125.24.0-255,2902,28980,58,200046
19678,0.000412,172.31.46.0-255,66,29046,58,200046
19679,0.000445,74.125.24.0-255,2902,31948,58,200046
19680,0.000448,172.31.46.0-255,66,32014,58,200046
19681,0.000453,74.125.24.0-255,4320,36334,58,200046
19682,0.000455,172.31.46.0-255,66,36400,58,200046
19683,0.000466,172.31.46.0-255,66,36466,58,200046
19684,0.000476,172.31.46.0-255,66,36532,58,200046
19685,0.000478,74.125.24.0-255,362,36894,58,200046
19686,0.00048,172.31.46.0-255,66,36960,58,200046
19687,0.000584,74.125.24.0-255,129,37089,58,200046
19688,0.00061,74.125.24.0-255,349,37438,58,200046
19689,0.00081,74.125.24.0-255,1484,38922,58,200046
19690,0.000815,74.125.24.0-255,2902,41824,58,200046
19691,0.000818,74.125.24.0-255,1484,43308,58,200046
19692,0.000831,172.31.46.0-255,66,43374,58,200046
19693,0.000841,74.125.24.0-255,4320,47694,58,200046
19694,0.000843,74.125.24.0-255,1484,49178,58,200046
19695,0.000853,172.31.46.0-255,66,49244,58,200046
19696,0.000902,74.125.24.0-255,4320,53564,58,200046
19697,0.000923,74.125.24.0-255,6438,60002,58,200046
19698,0.000926,172.31.46.0-255,66,60068,58,200046
19699,0.000931,172.31.46.0-255,66,60134,58,200046
19700,0.001503,74.125.24.0-255,1484,61618,58,200046
19701,0.001512,74.125.24.0-255,2902,64520,58,200046
19702,0.001516,172.31.46.0-255,66,64586,58,200046
19703,0.001521,74.125.24.0-255,1484,66070,58,200046
19704,0.001549,74.125.24.0-255,4320,70390,58,200046
19705,0.001552,74.125.24.0-255,1484,71874,58,200046
19706,0.001571,74.125.24.0-255,4320,76194,58,200046
19707,0.001575,74.125.24.0-255,1484,77678,58,200046
19708,0.001591,74.125.24.0-255,4320,81998,58,200046
19709,0.001617,74.125.24.0-255,7156,89154,58,200046
19710,0.001622,74.125.24.0-255,2902,92056,58,200046
19711,0.001636,74.125.24.0-255,2184,94240,58,200046
19712,0.001745,74.125.24.0-255,1484,95724,58,200046
19713,0.001751,74.125.24.0-255,2902,98626,58,200046
19714,0.001757,74.125.24.0-255,5738,104364,58,200046
19715,0.001831,74.125.24.0-255,5738,110102,58,200046
19716,0.001856,74.125.24.0-255,5020,115122,58,200046
19717,0.001961,74.125.24.0-255,1484,116606,58,200046
19718,0.001967,74.125.24.0-255,2902,119508,58,200046
19719,0.001986,74.125.24.0-255,5738,125246,58,200046
19720,0.002046,74.125.24.0-255,2902,128148,58,200046
19721,0.00207,74.125.24.0-255,2184,130332,58,200046
19722,0.004049,172.31.46.0-255,66,130398,58,200046
19723,0.006164,74.125.24.0-255,5738,136136,58,200046
19724,0.00617,172.31.46.0-255,66,136202,58,200046
19725,0.008286,74.125.24.0-255,5738,141940,58,200046
19726,0.008292,172.31.46.0-255,66,142006,58,200046
19727,0.010407,74.125.24.0-255,5738,147744,58,200046
19728,0.010415,172.31.46.0-255,66,147810,58,200046
19729,0.0125,74.125.24.0-255,5738,153548,58,200046
19730,0.012676,172.31.46.0-255,66,153614,58,200046
19731,0.01477,74.125.24.0-255,5738,159352,58,200046
19732,0.014779,172.31.46.0-255,66,159418,58,200046
19733,0.016886,74.125.24.0-255,5738,165156,58,200046
19734,0.016897,172.31.46.0-255,66,165222,58,200046
19735,0.019009,74.125.24.0-255,5738,170960,58,200046
19736,0.019028,172.31.46.0-255,66,171026,58,200046
19737,0.021105,74.125.24.0-255,5738,176764,58,200046
19738,0.021115,172.31.46.0-255,66,176830,58,200046
19739,0.023238,74.125.24.0-255,5738,182568,58,200046
19740,0.023246,172.31.46.0-255,66,182634,58,200046
19741,0.02536,74.125.24.0-255,5738,188372,58,200046
19742,0.025367,172.31.46.0-255,66,188438,58,200046
19743,0.027474,74.125.24.0-255,5738,194176,58,200046
19744,0.027482,172.31.46.0-255,66,194242,58,200046
19745,0.029601,74.125.24.0-255,5738,199980,58,200046
19746,0.029614,172.31.46.0-255,66,200046,58,200046
19747,0.0,74.125.24.0-255,153,153,58,107259
19748,1.9e-05,172.31.46.0-255,66,219,58,107259
19749,5.3e-05,74.125.24.0-255,1484,1703,58,107259
19750,5.7e-05,172.31.46.0-255,66,1769,58,107259
19751,6.3e-05,74.125.24.0-255,2902,4671,58,107259
19752,6.5e-05,172.31.46.0-255,66,4737,58,107259
19753,6.8e-05,74.125.24.0-255,1484,6221,58,107259
19754,7e-05,172.31.46.0-255,66,6287,58,107259
19755,0.000102,74.125.24.0-255,5738,12025,58,107259
19756,0.000104,172.31.46.0-255,66,12091,58,107259
19757,0.000108,74.125.24.0-255,2902,14993,58,107259
19758,0.00011,172.31.46.0-255,66,15059,58,107259
19759,0.000143,172.31.46.0-255,66,15125,58,107259
19760,0.000174,172.31.46.0-255,66,15191,58,107259
19761,0.001097,74.125.24.0-255,1484,16675,58,107259
19762,0.001104,172.31.46.0-255,66,16741,58,107259
19763,0.001114,74.125.24.0-255,2902,19643,58,107259
19764,0.001116,172.31.46.0-255,66,19709,58,107259
19765,0.001164,74.125.24.0-255,2902,22611,58,107259
19766,0.001167,172.31.46.0-255,66,22677,58,107259
19767,0.001173,74.125.24.0-255,4320,26997,58,107259
19768,0.001175,172.31.46.0-255,66,27063,58,107259
19769,0.00123,172.31.46.0-255,66,27129,58,107259
19770,0.001244,172.31.46.0-255,66,27195,58,107259
19771,0.001247,74.125.24.0-255,766,27961,58,107259
19772,0.00125,172.31.46.0-255,66,28027,58,107259
19773,0.002039,74.125.24.0-255,416,28443,58,107259
19774,0.002044,172.31.46.0-255,66,28509,58,107259
19775,0.002076,74.125.24.0-255,1484,29993,58,107259
19776,0.002095,74.125.24.0-255,2902,32895,58,107259
19777,0.002098,172.31.46.0-255,66,32961,58,107259
19778,0.002124,74.125.24.0-255,5738,38699,58,107259
19779,0.002127,172.31.46.0-255,66,38765,58,107259
19780,0.002164,172.31.46.0-255,66,38831,58,107259
19781,0.002182,172.31.46.0-255,66,38897,58,107259
19782,0.002398,74.125.24.0-255,1484,40381,58,107259
19783,0.002403,74.125.24.0-255,2902,43283,58,107259
19784,0.002405,172.31.46.0-255,66,43349,58,107259
19785,0.004523,74.125.24.0-255,1484,44833,58,107259
19786,0.004782,74.125.24.0-255,4320,49153,58,107259
19787,0.004786,172.31.46.0-255,66,49219,58,107259
19788,0.007146,74.125.24.0-255,5738,54957,58,107259
19789,0.007152,172.31.46.0-255,66,55023,58,107259
19790,0.009466,74.125.24.0-255,5738,60761,58,107259
19791,0.009474,172.31.46.0-255,66,60827,58,107259
19792,0.011828,74.125.24.0-255,5738,66565,58,107259
19793,0.011836,172.31.46.0-255,66,66631,58,107259
19794,0.014175,74.125.24.0-255,5738,72369,58,107259
19795,0.014187,172.31.46.0-255,66,72435,58,107259
19796,0.01656,74.125.24.0-255,5738,78173,58,107259
19797,0.01657,172.31.46.0-255,66,78239,58,107259
19798,0.018897,74.125.24.0-255,5738,83977,58,107259
19799,0.018904,172.31.46.0-255,66,84043,58,107259
19800,0.021292,74.125.24.0-255,5738,89781,58,107259
19801,0.0213,172.31.46.0-255,66,89847,58,107259
19802,0.02364,74.125.24.0-255,5738,95585,58,107259
19803,0.023649,172.31.46.0-255,66,95651,58,107259
19804,0.025985,74.125.24.0-255,5738,101389,58,107259
19805,0.025995,172.31.46.0-255,66,101455,58,107259
19806,0.028309,74.125.24.0-255,5738,107193,58,107259
19807,0.028316,172.31.46.0-255,66,107259,58,107259
19808,0.0,104.244.42.0-255,66,66,58,66
19809,0.0,172.31.46.0-255,105,105,58,459
19810,0.000147,172.31.46.0-255,90,195,58,459
19811,0.000155,172.31.46.0-255,66,261,58,459
19812,0.002488,172.253.118.0-255,66,327,58,459
19813,0.002514,172.253.118.0-255,66,393,58,459
19814,0.002534,172.31.46.0-255,66,459,58,459
19815,0.0,74.125.24.0-255,152,152,58,227072
19816,2.3e-05,172.31.46.0-255,66,218,58,227072
19817,3e-05,74.125.24.0-255,1484,1702,58,227072
19818,3.4e-05,172.31.46.0-255,66,1768,58,227072
19819,4e-05,74.125.24.0-255,2902,4670,58,227072
19820,4.3e-05,172.31.46.0-255,66,4736,58,227072
19821,4.9e-05,74.125.24.0-255,4320,9056,58,227072
19822,5.1e-05,172.31.46.0-255,66,9122,58,227072
19823,8.2e-05,74.125.24.0-255,4924,14046,58,227072
19824,8.5e-05,172.31.46.0-255,66,14112,58,227072
19825,0.000221,74.125.24.0-255,1484,15596,58,227072
19826,0.000225,172.31.46.0-255,66,15662,58,227072
19827,0.00023,74.125.24.0-255,1484,17146,58,227072
19828,0.000232,172.31.46.0-255,66,17212,58,227072
19829,0.000246,74.125.24.0-255,1484,18696,58,227072
19830,0.000248,172.31.46.0-255,66,18762,58,227072
19831,0.000256,74.125.24.0-255,5738,24500,58,227072
19832,0.000259,172.31.46.0-255,66,24566,58,227072
19833,0.00028,74.125.24.0-255,1484,26050,58,227072
19834,0.000283,172.31.46.0-255,66,26116,58,227072
19835,0.000306,74.125.24.0-255,5379,31495,58,227072
19836,0.000309,172.31.46.0-255,66,31561,58,227072
19837,0.000511,74.125.24.0-255,1484,33045,58,227072
19838,0.000516,172.31.46.0-255,66,33111,58,227072
19839,0.000521,74.125.24.0-255,2902,36013,58,227072
19840,0.000523,172.31.46.0-255,66,36079,58,227072
19841,0.000528,74.125.24.0-255,2902,38981,58,227072
19842,0.000531,172.31.46.0-255,66,39047,58,227072
19843,0.000555,74.125.24.0-255,2902,41949,58,227072
19844,0.000558,172.31.46.0-255,66,42015,58,227072
19845,0.000566,74.125.24.0-255,5738,47753,58,227072
19846,0.000568,172.31.46.0-255,66,47819,58,227072
19847,0.000571,74.125.24.0-255,1484,49303,58,227072
19848,0.000596,172.31.46.0-255,66,49369,58,227072
19849,0.000601,74.125.24.0-255,4233,53602,58,227072
19850,0.000603,172.31.46.0-255,66,53668,58,227072
19851,0.000624,74.125.24.0-255,382,54050,58,227072
19852,0.000674,74.125.24.0-255,1484,55534,58,227072
19853,0.000678,172.31.46.0-255,66,55600,58,227072
19854,0.000698,74.125.24.0-255,4320,59920,58,227072
19855,0.000701,172.31.46.0-255,66,59986,58,227072
19856,0.00072,74.125.24.0-255,5738,65724,58,227072
19857,0.000724,172.31.46.0-255,66,65790,58,227072
19858,0.000753,74.125.24.0-255,5379,71169,58,227072
19859,0.000757,172.31.46.0-255,66,71235,58,227072
19860,0.000801,74.125.24.0-255,1484,72719,58,227072
19861,0.000806,74.125.24.0-255,2902,75621,58,227072
19862,0.000809,172.31.46.0-255,66,75687,58,227072
19863,0.000812,74.125.24.0-255,1484,77171,58,227072
19864,0.00083,74.125.24.0-255,4320,81491,58,227072
19865,0.000832,172.31.46.0-255,66,81557,58,227072
19866,0.000857,74.125.24.0-255,7156,88713,58,227072
19867,0.000859,172.31.46.0-255,66,88779,58,227072
19868,0.000888,74.125.24.0-255,6797,95576,58,227072
19869,0.000891,172.31.46.0-255,66,95642,58,227072
19870,0.000894,74.125.24.0-255,1484,97126,58,227072
19871,0.000914,172.31.46.0-255,66,97192,58,227072
19872,0.000925,74.125.24.0-255,1484,98676,58,227072
19873,0.000953,172.31.46.0-255,66,98742,58,227072
19874,0.001,74.125.24.0-255,1484,100226,58,227072
19875,0.001018,74.125.24.0-255,2902,103128,58,227072
19876,0.001022,74.125.24.0-255,2902,106030,58,227072
19877,0.001036,74.125.24.0-255,2902,108932,58,227072
19878,0.001045,172.31.46.0-255,66,108998,58,227072
19879,0.001065,172.31.46.0-255,66,109064,58,227072
19880,0.001076,74.125.24.0-255,1484,110548,58,227072
19881,0.001153,172.31.46.0-255,66,110614,58,227072
19882,0.001223,74.125.24.0-255,1484,112098,58,227072
19883,0.001229,74.125.24.0-255,2902,115000,58,227072
19884,0.001249,74.125.24.0-255,1484,116484,58,227072
19885,0.001254,172.31.46.0-255,66,116550,58,227072
19886,0.001266,74.125.24.0-255,4320,120870,58,227072
19887,0.001269,74.125.24.0-255,1484,122354,58,227072
19888,0.0013,172.31.46.0-255,66,122420,58,227072
19889,0.001306,172.31.46.0-255,66,122486,58,227072
19890,0.001318,74.125.24.0-255,2902,125388,58,227072
19891,0.001344,172.31.46.0-255,66,125454,58,227072
19892,0.001363,74.125.24.0-255,2184,127638,58,227072
19893,0.001378,172.31.46.0-255,66,127704,58,227072
19894,0.002219,74.125.24.0-255,1484,129188,58,227072
19895,0.002224,74.125.24.0-255,2902,132090,58,227072
19896,0.002231,172.31.46.0-255,66,132156,58,227072
19897,0.002244,74.125.24.0-255,5738,137894,58,227072
19898,0.002246,172.31.46.0-255,66,137960,58,227072
19899,0.00227,74.125.24.0-255,2902,140862,58,227072
19900,0.002272,172.31.46.0-255,66,140928,58,227072
19901,0.002296,74.125.24.0-255,7156,148084,58,227072
19902,0.0023,172.31.46.0-255,66,148150,58,227072
19903,0.002309,74.125.24.0-255,2902,151052,58,227072
19904,0.002311,172.31.46.0-255,66,151118,58,227072
19905,0.002319,74.125.24.0-255,5738,156856,58,227072
19906,0.002335,74.125.24.0-255,5020,161876,58,227072
19907,0.002357,74.125.24.0-255,7156,169032,58,227072
19908,0.002391,74.125.24.0-255,5738,174770,58,227072
19909,0.008267,172.31.46.0-255,66,174836,58,227072
19910,0.010639,74.125.24.0-255,5738,180574,58,227072
19911,0.010655,172.31.46.0-255,66,180640,58,227072
19912,0.013036,74.125.24.0-255,5738,186378,58,227072
19913,0.013053,172.31.46.0-255,66,186444,58,227072
19914,0.015437,74.125.24.0-255,5738,192182,58,227072
19915,0.015446,172.31.46.0-255,66,192248,58,227072
19916,0.017843,74.125.24.0-255,5738,197986,58,227072
19917,0.017856,172.31.46.0-255,66,198052,58,227072
19918,0.020269,74.125.24.0-255,5738,203790,58,227072
19919,0.020284,172.31.46.0-255,66,203856,58,227072
19920,0.022645,74.125.24.0-255,5738,209594,58,227072
19921,0.022657,172.31.46.0-255,66,209660,58,227072
19922,0.024991,74.125.24.0-255,5738,215398,58,227072
19923,0.024998,172.31.46.0-255,66,215464,58,227072
19924,0.02738,74.125.24.0-255,5738,221202,58,227072
19925,0.027392,172.31.46.0-255,66,221268,58,227072
19926,0.029743,74.125.24.0-255,5738,227006,58,227072
19927,0.029752,172.31.46.0-255,66,227072,58,227072
19928,0.0,172.217.194.0-255,153,153,58,224316
19929,2.6e-05,172.31.46.0-255,66,219,58,224316
19930,3.4e-05,172.217.194.0-255,1484,1703,58,224316
19931,3.8e-05,172.31.46.0-255,66,1769,58,224316
19932,4.3e-05,172.217.194.0-255,2902,4671,58,224316
19933,4.6e-05,172.31.46.0-255,66,4737,58,224316
19934,5.4e-05,172.217.194.0-255,7156,11893,58,224316
19935,5.8e-05,172.31.46.0-255,66,11959,58,224316
19936,6.2e-05,172.217.194.0-255,2045,14004,58,224316
19937,6.6e-05,172.31.46.0-255,66,14070,58,224316
19938,9.3e-05,172.217.194.0-255,2902,16972,58,224316
19939,9.6e-05,172.31.46.0-255,66,17038,58,224316
19940,0.000103,172.217.194.0-255,7156,24194,58,224316
19941,0.000106,172.31.46.0-255,66,24260,58,224316
19942,0.000112,172.217.194.0-255,4320,28580,58,224316
19943,0.000114,172.31.46.0-255,66,28646,58,224316
19944,0.000151,172.217.194.0-255,2543,31189,58,224316
19945,0.000154,172.31.46.0-255,66,31255,58,224316
19946,0.000168,172.217.194.0-255,1484,32739,58,224316
19947,0.00017,172.31.46.0-255,66,32805,58,224316
19948,0.00018,172.217.194.0-255,1484,34289,58,224316
19949,0.000183,172.31.46.0-255,66,34355,58,224316
19950,0.00019,172.217.194.0-255,7156,41511,58,224316
19951,0.000193,172.31.46.0-255,66,41577,58,224316
19952,0.000207,172.217.194.0-255,4320,45897,58,224316
19953,0.000209,172.31.46.0-255,66,45963,58,224316
19954,0.000224,172.217.194.0-255,1484,47447,58,224316
19955,0.000226,172.31.46.0-255,66,47513,58,224316
19956,0.000266,172.31.46.0-255,66,47579,58,224316
19957,0.000289,172.217.194.0-255,6797,54376,58,224316
19958,0.000292,172.31.46.0-255,66,54442,58,224316
19959,0.000296,172.217.194.0-255,2856,57298,58,224316
19960,0.000298,172.31.46.0-255,66,57364,58,224316
19961,0.000429,172.217.194.0-255,363,57727,58,224316
19962,0.000448,172.217.194.0-255,1484,59211,58,224316
19963,0.000451,172.31.46.0-255,66,59277,58,224316
19964,0.000468,172.217.194.0-255,4320,63597,58,224316
19965,0.000471,172.31.46.0-255,66,63663,58,224316
19966,0.000489,172.217.194.0-255,4320,67983,58,224316
19967,0.000491,172.31.46.0-255,66,68049,58,224316
19968,0.000509,172.217.194.0-255,1484,69533,58,224316
19969,0.000534,172.217.194.0-255,5379,74912,58,224316
19970,0.000536,172.31.46.0-255,66,74978,58,224316
19971,0.000555,172.217.194.0-255,2902,77880,58,224316
19972,0.000558,172.31.46.0-255,66,77946,58,224316
19973,0.000584,172.217.194.0-255,2902,80848,58,224316
19974,0.000587,172.31.46.0-255,66,80914,58,224316
19975,0.000594,172.217.194.0-255,7156,88070,58,224316
19976,0.000596,172.31.46.0-255,66,88136,58,224316
19977,0.000625,172.217.194.0-255,3413,91549,58,224316
19978,0.000628,172.31.46.0-255,66,91615,58,224316
19979,0.000915,172.217.194.0-255,1484,93099,58,224316
19980,0.000921,172.217.194.0-255,2902,96001,58,224316
19981,0.000925,172.31.46.0-255,66,96067,58,224316
19982,0.000946,172.217.194.0-255,5738,101805,58,224316
19983,0.000948,172.31.46.0-255,66,101871,58,224316
19984,0.001009,172.217.194.0-255,6680,108551,58,224316
19985,0.001012,172.31.46.0-255,66,108617,58,224316
19986,0.001049,172.217.194.0-255,214,108831,58,224316
19987,0.001192,172.217.194.0-255,1484,110315,58,224316
19988,0.001196,172.31.46.0-255,66,110381,58,224316
19989,0.001202,172.217.194.0-255,2902,113283,58,224316
19990,0.001205,172.31.46.0-255,66,113349,58,224316
19991,0.001211,172.217.194.0-255,4320,117669,58,224316
19992,0.001213,172.31.46.0-255,66,117735,58,224316
19993,0.001233,172.217.194.0-255,1484,119219,58,224316
19994,0.001237,172.217.194.0-255,1484,120703,58,224316
19995,0.001241,172.31.46.0-255,66,120769,58,224316
19996,0.001267,172.31.46.0-255,66,120835,58,224316
19997,0.001272,172.217.194.0-255,2902,123737,58,224316
19998,0.001274,172.31.46.0-255,66,123803,58,224316
19999,0.001306,172.31.46.0-255,66,123869,58,224316
20000,0.00131,172.217.194.0-255,2184,126053,58,224316
20001,0.001313,172.31.46.0-255,66,126119,58,224316
20002,0.001346,172.217.194.0-255,1484,127603,58,224316
20003,0.00137,172.217.194.0-255,2902,130505,58,224316
20004,0.001373,172.31.46.0-255,66,130571,58,224316
20005,0.00138,172.217.194.0-255,5738,136309,58,224316
20006,0.001382,172.31.46.0-255,66,136375,58,224316
20007,0.001426,172.31.46.0-255,66,136441,58,224316
20008,0.001446,172.217.194.0-255,2902,139343,58,224316
20009,0.001449,172.31.46.0-255,66,139409,58,224316
20010,0.001495,172.31.46.0-255,66,139475,58,224316
20011,0.001514,172.31.46.0-255,66,139541,58,224316
20012,0.00152,172.217.194.0-255,5020,144561,58,224316
20013,0.001523,172.31.46.0-255,66,144627,58,224316
20014,0.001541,172.217.194.0-255,1484,146111,58,224316
20015,0.001562,172.31.46.0-255,66,146177,58,224316
20016,0.001589,172.217.194.0-255,5738,151915,58,224316
20017,0.001592,172.31.46.0-255,66,151981,58,224316
20018,0.001609,172.31.46.0-255,66,152047,58,224316
20019,0.001618,172.217.194.0-255,766,152813,58,224316
20020,0.001723,172.217.194.0-255,1484,154297,58,224316
20021,0.001727,172.31.46.0-255,66,154363,58,224316
20022,0.001733,172.217.194.0-255,2902,157265,58,224316
20023,0.001735,172.31.46.0-255,66,157331,58,224316
20024,0.001754,172.217.194.0-255,2902,160233,58,224316
20025,0.001758,172.31.46.0-255,66,160299,58,224316
20026,0.00178,172.217.194.0-255,2902,163201,58,224316
20027,0.001783,172.31.46.0-255,66,163267,58,224316
20028,0.001786,172.217.194.0-255,1484,164751,58,224316
20029,0.001797,172.31.46.0-255,66,164817,58,224316
20030,0.001817,172.217.194.0-255,5738,170555,58,224316
20031,0.00182,172.31.46.0-255,66,170621,58,224316
20032,0.001837,172.217.194.0-255,5738,176359,58,224316
20033,0.001839,172.31.46.0-255,66,176425,58,224316
20034,0.001842,172.217.194.0-255,1484,177909,58,224316
20035,0.001865,172.217.194.0-255,2184,180093,58,224316
20036,0.001867,172.31.46.0-255,66,180159,58,224316
20037,0.001873,172.217.194.0-255,4320,184479,58,224316
20038,0.001875,172.31.46.0-255,66,184545,58,224316
20039,0.001941,172.31.46.0-255,66,184611,58,224316
20040,0.001952,172.31.46.0-255,66,184677,58,224316
20041,0.001999,172.31.46.0-255,66,184743,58,224316
20042,0.002043,172.217.194.0-255,1484,186227,58,224316
20043,0.002047,172.217.194.0-255,1484,187711,58,224316
20044,0.00205,172.31.46.0-255,66,187777,58,224316
20045,0.002069,172.217.194.0-255,1484,189261,58,224316
20046,0.002076,172.217.194.0-255,4320,193581,58,224316
20047,0.002079,172.31.46.0-255,66,193647,58,224316
20048,0.002092,172.217.194.0-255,1484,195131,58,224316
20049,0.002137,172.31.46.0-255,66,195197,58,224316
20050,0.00215,172.31.46.0-255,66,195263,58,224316
20051,0.002172,172.217.194.0-255,1484,196747,58,224316
20052,0.002203,172.217.194.0-255,2902,199649,58,224316
20053,0.002206,172.31.46.0-255,66,199715,58,224316
20054,0.002213,172.217.194.0-255,5738,205453,58,224316
20055,0.002216,172.31.46.0-255,66,205519,58,224316
20056,0.002221,172.217.194.0-255,4320,209839,58,224316
20057,0.002224,172.31.46.0-255,66,209905,58,224316
20058,0.002251,172.217.194.0-255,7156,217061,58,224316
20059,0.002254,172.31.46.0-255,66,217127,58,224316
20060,0.002266,172.31.46.0-255,66,217193,58,224316
20061,0.002298,172.217.194.0-255,6369,223562,58,224316
20062,0.0023,172.217.194.0-255,97,223659,58,224316
20063,0.002304,172.31.46.0-255,66,223725,58,224316
20064,0.002308,172.31.46.0-255,66,223791,58,224316
20065,0.002364,172.217.194.0-255,105,223896,58,224316
20066,0.011632,172.31.46.0-255,66,223962,58,224316
20067,0.011684,172.31.46.0-255,105,224067,58,224316
20068,0.011736,172.217.194.0-255,105,224172,58,224316
20069,0.011747,172.31.46.0-255,78,224250,58,224316
20070,0.014015,172.217.194.0-255,66,224316,58,224316
20071,0.0,74.125.68.0-255,153,153,58,222746
20072,1.2e-05,172.31.46.0-255,66,219,58,222746
20073,1.8e-05,74.125.68.0-255,1484,1703,58,222746
20074,4.3e-05,172.31.46.0-255,66,1769,58,222746
20075,5e-05,74.125.68.0-255,2902,4671,58,222746
20076,5.5e-05,172.31.46.0-255,66,4737,58,222746
20077,6.1e-05,74.125.68.0-255,4320,9057,58,222746
20078,6.4e-05,172.31.46.0-255,66,9123,58,222746
20079,9.5e-05,74.125.68.0-255,1484,10607,58,222746
20080,9.8e-05,172.31.46.0-255,66,10673,58,222746
20081,0.000102,74.125.68.0-255,1484,12157,58,222746
20082,0.000104,172.31.46.0-255,66,12223,58,222746
20083,0.000109,74.125.68.0-255,2053,14276,58,222746
20084,0.000112,172.31.46.0-255,66,14342,58,222746
20085,0.000235,74.125.68.0-255,1484,15826,58,222746
20086,0.000238,172.31.46.0-255,66,15892,58,222746
20087,0.000244,74.125.68.0-255,2902,18794,58,222746
20088,0.000246,172.31.46.0-255,66,18860,58,222746
20089,0.000269,74.125.68.0-255,5738,24598,58,222746
20090,0.000271,172.31.46.0-255,66,24664,58,222746
20091,0.000275,74.125.68.0-255,2902,27566,58,222746
20092,0.000278,172.31.46.0-255,66,27632,58,222746
20093,0.000281,74.125.68.0-255,1484,29116,58,222746
20094,0.000284,172.31.46.0-255,66,29182,58,222746
20095,0.000309,74.125.68.0-255,2543,31725,58,222746
20096,0.000312,172.31.46.0-255,66,31791,58,222746
20097,0.000355,74.125.68.0-255,2902,34693,58,222746
20098,0.000358,172.31.46.0-255,66,34759,58,222746
20099,0.000386,74.125.68.0-255,5738,40497,58,222746
20100,0.000389,172.31.46.0-255,66,40563,58,222746
20101,0.000401,172.31.46.0-255,66,40629,58,222746
20102,0.000414,172.31.46.0-255,66,40695,58,222746
20103,0.000448,74.125.68.0-255,3602,44297,58,222746
20104,0.000563,172.31.46.0-255,66,44363,58,222746
20105,0.000805,74.125.68.0-255,645,45008,58,222746
20106,0.0011,172.31.46.0-255,66,45074,58,222746
20107,0.001132,74.125.68.0-255,1484,46558,58,222746
20108,0.001137,172.31.46.0-255,66,46624,58,222746
20109,0.00114,74.125.68.0-255,1484,48108,58,222746
20110,0.001142,172.31.46.0-255,66,48174,58,222746
20111,0.001147,74.125.68.0-255,2902,51076,58,222746
20112,0.001169,74.125.68.0-255,5738,56814,58,222746
20113,0.001202,74.125.68.0-255,7156,63970,58,222746
20114,0.001214,74.125.68.0-255,2902,66872,58,222746
20115,0.00122,74.125.68.0-255,5738,72610,58,222746
20116,0.001242,74.125.68.0-255,5738,78348,58,222746
20117,0.001244,74.125.68.0-255,766,79114,58,222746
20118,0.001276,172.31.46.0-255,66,79180,58,222746
20119,0.001639,74.125.68.0-255,1484,80664,58,222746
20120,0.001644,172.31.46.0-255,66,80730,58,222746
20121,0.001653,74.125.68.0-255,2902,83632,58,222746
20122,0.001672,74.125.68.0-255,5738,89370,58,222746
20123,0.001686,74.125.68.0-255,1484,90854,58,222746
20124,0.001702,74.125.68.0-255,7156,98010,58,222746
20125,0.001711,74.125.68.0-255,1484,99494,58,222746
20126,0.001732,74.125.68.0-255,2902,102396,58,222746
20127,0.001762,74.125.68.0-255,2184,104580,58,222746
20128,0.002027,74.125.68.0-255,1484,106064,58,222746
20129,0.002043,74.125.68.0-255,2902,108966,58,222746
20130,0.002046,74.125.68.0-255,1484,110450,58,222746
20131,0.002056,74.125.68.0-255,1484,111934,58,222746
20132,0.002062,74.125.68.0-255,4320,116254,58,222746
20133,0.002088,74.125.68.0-255,1484,117738,58,222746
20134,0.002111,74.125.68.0-255,7156,124894,58,222746
20135,0.002118,74.125.68.0-255,5738,130632,58,222746
20136,0.002122,74.125.68.0-255,2902,133534,58,222746
20137,0.002135,74.125.68.0-255,4320,137854,58,222746
20138,0.002137,74.125.68.0-255,766,138620,58,222746
20139,0.00223,74.125.68.0-255,1484,140104,58,222746
20140,0.002249,74.125.68.0-255,2902,143006,58,222746
20141,0.002252,74.125.68.0-255,1484,144490,58,222746
20142,0.002287,74.125.68.0-255,2902,147392,58,222746
20143,0.002312,74.125.68.0-255,5738,153130,58,222746
20144,0.002316,74.125.68.0-255,1484,154614,58,222746
20145,0.002322,74.125.68.0-255,2902,157516,58,222746
20146,0.002336,74.125.68.0-255,1484,159000,58,222746
20147,0.00235,74.125.68.0-255,4320,163320,58,222746
20148,0.004083,172.31.46.0-255,66,163386,58,222746
20149,0.006407,74.125.68.0-255,2902,166288,58,222746
20150,0.006414,172.31.46.0-255,66,166354,58,222746
20151,0.006446,74.125.68.0-255,2902,169256,58,222746
20152,0.008118,172.31.46.0-255,66,169322,58,222746
20153,0.008744,74.125.68.0-255,2902,172224,58,222746
20154,0.008767,172.31.46.0-255,66,172290,58,222746
20155,0.010453,74.125.68.0-255,2902,175192,58,222746
20156,0.010461,172.31.46.0-255,66,175258,58,222746
20157,0.011089,74.125.68.0-255,2902,178160,58,222746
20158,0.01212,172.31.46.0-255,66,178226,58,222746
20159,0.012776,74.125.68.0-255,2902,181128,58,222746
20160,0.012782,172.31.46.0-255,66,181194,58,222746
20161,0.014441,74.125.68.0-255,2902,184096,58,222746
20162,0.01446,172.31.46.0-255,66,184162,58,222746
20163,0.015106,74.125.68.0-255,2902,187064,58,222746
20164,0.015113,172.31.46.0-255,66,187130,58,222746
20165,0.016812,74.125.68.0-255,2902,190032,58,222746
20166,0.016821,172.31.46.0-255,66,190098,58,222746
20167,0.017427,74.125.68.0-255,2902,193000,58,222746
20168,0.017432,172.31.46.0-255,66,193066,58,222746
20169,0.019135,74.125.68.0-255,2902,195968,58,222746
20170,0.019141,172.31.46.0-255,66,196034,58,222746
20171,0.019739,74.125.68.0-255,2902,198936,58,222746
20172,0.019745,172.31.46.0-255,66,199002,58,222746
20173,0.021459,74.125.68.0-255,2902,201904,58,222746
20174,0.021465,172.31.46.0-255,66,201970,58,222746
20175,0.022056,74.125.68.0-255,2902,204872,58,222746
20176,0.022061,172.31.46.0-255,66,204938,58,222746
20177,0.023782,74.125.68.0-255,2902,207840,58,222746
20178,0.023788,172.31.46.0-255,66,207906,58,222746
20179,0.024375,74.125.68.0-255,2902,210808,58,222746
20180,0.024382,172.31.46.0-255,66,210874,58,222746
20181,0.026111,74.125.68.0-255,2902,213776,58,222746
20182,0.026118,172.31.46.0-255,66,213842,58,222746
20183,0.026699,74.125.68.0-255,2902,216744,58,222746
20184,0.026705,172.31.46.0-255,66,216810,58,222746
20185,0.028449,74.125.68.0-255,2902,219712,58,222746
20186,0.028456,172.31.46.0-255,66,219778,58,222746
20187,0.029012,74.125.68.0-255,1484,221262,58,222746
20188,0.02903,74.125.68.0-255,1484,222746,58,222746
20189,0.0,172.253.118.0-255,150,150,58,190843
20190,1.7e-05,172.31.46.0-255,66,216,58,190843
20191,2.3e-05,172.253.118.0-255,1484,1700,58,190843
20192,2.9e-05,172.31.46.0-255,66,1766,58,190843
20193,3.5e-05,172.253.118.0-255,2902,4668,58,190843
20194,4.6e-05,172.31.46.0-255,66,4734,58,190843
20195,5.3e-05,172.253.118.0-255,5738,10472,58,190843
20196,5.6e-05,172.31.46.0-255,66,10538,58,190843
20197,7.2e-05,172.253.118.0-255,1484,12022,58,190843
20198,7.4e-05,172.31.46.0-255,66,12088,58,190843
20199,0.000105,172.253.118.0-255,2074,14162,58,190843
20200,0.000108,172.31.46.0-255,66,14228,58,190843
20201,0.000136,172.253.118.0-255,1484,15712,58,190843
20202,0.000139,172.31.46.0-255,66,15778,58,190843
20203,0.000143,172.253.118.0-255,2902,18680,58,190843
20204,0.000146,172.31.46.0-255,66,18746,58,190843
20205,0.000152,172.253.118.0-255,5738,24484,58,190843
20206,0.000159,172.31.46.0-255,66,24550,58,190843
20207,0.00019,172.253.118.0-255,6797,31347,58,190843
20208,0.000196,172.31.46.0-255,66,31413,58,190843
20209,0.000256,172.253.118.0-255,1484,32897,58,190843
20210,0.000258,172.31.46.0-255,66,32963,58,190843
20211,0.000262,172.253.118.0-255,1484,34447,58,190843
20212,0.000264,172.31.46.0-255,66,34513,58,190843
20213,0.000295,172.253.118.0-255,1484,35997,58,190843
20214,0.000297,172.31.46.0-255,66,36063,58,190843
20215,0.000303,172.253.118.0-255,4320,40383,58,190843
20216,0.000306,172.31.46.0-255,66,40449,58,190843
20217,0.000316,172.253.118.0-255,5738,46187,58,190843
20218,0.000319,172.31.46.0-255,66,46253,58,190843
20219,0.000344,172.253.118.0-255,2543,48796,58,190843
20220,0.000351,172.31.46.0-255,66,48862,58,190843
20221,0.000368,172.253.118.0-255,2902,51764,58,190843
20222,0.000371,172.31.46.0-255,66,51830,58,190843
20223,0.000377,172.253.118.0-255,5738,57568,58,190843
20224,0.00038,172.31.46.0-255,66,57634,58,190843
20225,0.000403,172.253.118.0-255,1484,59118,58,190843
20226,0.000413,172.253.118.0-255,4320,63438,58,190843
20227,0.000416,172.31.46.0-255,66,63504,58,190843
20228,0.00044,172.253.118.0-255,2543,66047,58,190843
20229,0.000443,172.31.46.0-255,66,66113,58,190843
20230,0.00085,172.253.118.0-255,646,66759,58,190843
20231,0.001078,172.31.46.0-255,66,66825,58,190843
20232,0.001125,172.253.118.0-255,1484,68309,58,190843
20233,0.001145,172.253.118.0-255,2902,71211,58,190843
20234,0.001147,172.31.46.0-255,66,71277,58,190843
20235,0.001152,172.253.118.0-255,2902,74179,58,190843
20236,0.001154,172.31.46.0-255,66,74245,58,190843
20237,0.001158,172.253.118.0-255,2902,77147,58,190843
20238,0.001163,172.31.46.0-255,66,77213,58,190843
20239,0.001196,172.253.118.0-255,4320,81533,58,190843
20240,0.001199,172.31.46.0-255,66,81599,58,190843
20241,0.001218,172.31.46.0-255,66,81665,58,190843
20242,0.001223,172.253.118.0-255,3602,85267,58,190843
20243,0.001225,172.31.46.0-255,66,85333,58,190843
20244,0.001603,172.253.118.0-255,1484,86817,58,190843
20245,0.001613,172.253.118.0-255,2902,89719,58,190843
20246,0.001618,172.31.46.0-255,66,89785,58,190843
20247,0.001626,172.253.118.0-255,4320,94105,58,190843
20248,0.001628,172.31.46.0-255,66,94171,58,190843
20249,0.001649,172.253.118.0-255,1484,95655,58,190843
20250,0.001668,172.31.46.0-255,66,95721,58,190843
20251,0.001679,172.31.46.0-255,66,95787,58,190843
20252,0.00171,172.253.118.0-255,2184,97971,58,190843
20253,0.001713,172.31.46.0-255,66,98037,58,190843
20254,0.001827,172.253.118.0-255,1484,99521,58,190843
20255,0.001844,172.253.118.0-255,2902,102423,58,190843
20256,0.001847,172.31.46.0-255,66,102489,58,190843
20257,0.001869,172.253.118.0-255,5738,108227,58,190843
20258,0.001872,172.31.46.0-255,66,108293,58,190843
20259,0.001906,172.31.46.0-255,66,108359,58,190843
20260,0.001917,172.253.118.0-255,1484,109843,58,190843
20261,0.001948,172.31.46.0-255,66,109909,58,190843
20262,0.001994,172.253.118.0-255,766,110675,58,190843
20263,0.002011,172.253.118.0-255,1484,112159,58,190843
20264,0.002013,172.31.46.0-255,66,112225,58,190843
20265,0.002018,172.253.118.0-255,2902,115127,58,190843
20266,0.002021,172.31.46.0-255,66,115193,58,190843
20267,0.002046,172.253.118.0-255,5738,120931,58,190843
20268,0.002049,172.31.46.0-255,66,120997,58,190843
20269,0.002088,172.253.118.0-255,4320,125317,58,190843
20270,0.002092,172.31.46.0-255,66,125383,58,190843
20271,0.002114,172.31.46.0-255,66,125449,58,190843
20272,0.002117,172.253.118.0-255,1484,126933,58,190843
20273,0.002149,172.31.46.0-255,66,126999,58,190843
20274,0.004475,172.253.118.0-255,5738,132737,58,190843
20275,0.004482,172.31.46.0-255,66,132803,58,190843
20276,0.006808,172.253.118.0-255,5738,138541,58,190843
20277,0.006813,172.31.46.0-255,66,138607,58,190843
20278,0.009144,172.253.118.0-255,5738,144345,58,190843
20279,0.009152,172.31.46.0-255,66,144411,58,190843
20280,0.011501,172.253.118.0-255,5738,150149,58,190843
20281,0.011518,172.31.46.0-255,66,150215,58,190843
20282,0.013868,172.253.118.0-255,5738,155953,58,190843
20283,0.013886,172.31.46.0-255,66,156019,58,190843
20284,0.016269,172.253.118.0-255,5738,161757,58,190843
20285,0.016287,172.31.46.0-255,66,161823,58,190843
20286,0.018646,172.253.118.0-255,5738,167561,58,190843
20287,0.018666,172.31.46.0-255,66,167627,58,190843
20288,0.021024,172.253.118.0-255,5738,173365,58,190843
20289,0.021041,172.31.46.0-255,66,173431,58,190843
20290,0.023381,172.253.118.0-255,5738,179169,58,190843
20291,0.023388,172.31.46.0-255,66,179235,58,190843
20292,0.025729,172.253.118.0-255,5738,184973,58,190843
20293,0.025743,172.31.46.0-255,66,185039,58,190843
20294,0.028092,172.253.118.0-255,5738,190777,58,190843
20295,0.028101,172.31.46.0-255,66,190843,58,190843
20296,0.0,104.244.42.0-255,66,66,58,66
20297,0.0,74.125.68.0-255,152,152,58,314365
20298,2.4e-05,172.31.46.0-255,66,218,58,314365
20299,3.2e-05,74.125.68.0-255,1484,1702,58,314365
20300,3.7e-05,172.31.46.0-255,66,1768,58,314365
20301,5e-05,74.125.68.0-255,2902,4670,58,314365
20302,5.4e-05,172.31.46.0-255,66,4736,58,314365
20303,6e-05,74.125.68.0-255,4320,9056,58,314365
20304,6.4e-05,172.31.46.0-255,66,9122,58,314365
20305,0.000107,74.125.68.0-255,4774,13896,58,314365
20306,0.00011,172.31.46.0-255,66,13962,58,314365
20307,0.000219,74.125.68.0-255,1484,15446,58,314365
20308,0.000223,172.31.46.0-255,66,15512,58,314365
20309,0.000228,74.125.68.0-255,2902,18414,58,314365
20310,0.000231,172.31.46.0-255,66,18480,58,314365
20311,0.000255,74.125.68.0-255,5738,24218,58,314365
20312,0.000258,172.31.46.0-255,66,24284,58,314365
20313,0.000285,74.125.68.0-255,4320,28604,58,314365
20314,0.000288,172.31.46.0-255,66,28670,58,314365
20315,0.000316,74.125.68.0-255,2543,31213,58,314365
20316,0.000318,172.31.46.0-255,66,31279,58,314365
20317,0.000399,74.125.68.0-255,1484,32763,58,314365
20318,0.000403,172.31.46.0-255,66,32829,58,314365
20319,0.000407,74.125.68.0-255,1484,34313,58,314365
20320,0.000409,172.31.46.0-255,66,34379,58,314365
20321,0.000427,74.125.68.0-255,1484,35863,58,314365
20322,0.000429,172.31.46.0-255,66,35929,58,314365
20323,0.000432,74.125.68.0-255,1484,37413,58,314365
20324,0.000435,172.31.46.0-255,66,37479,58,314365
20325,0.000444,74.125.68.0-255,2902,40381,58,314365
20326,0.000446,172.31.46.0-255,66,40447,58,314365
20327,0.000451,74.125.68.0-255,2902,43349,58,314365
20328,0.000454,172.31.46.0-255,66,43415,58,314365
20329,0.000485,74.125.68.0-255,2902,46317,58,314365
20330,0.000488,172.31.46.0-255,66,46383,58,314365
20331,0.000495,74.125.68.0-255,5379,51762,58,314365
20332,0.000497,172.31.46.0-255,66,51828,58,314365
20333,0.000503,74.125.68.0-255,5738,57566,58,314365
20334,0.000506,172.31.46.0-255,66,57632,58,314365
20335,0.000536,74.125.68.0-255,4320,61952,58,314365
20336,0.000539,172.31.46.0-255,66,62018,58,314365
20337,0.000559,74.125.68.0-255,3961,65979,58,314365
20338,0.000562,172.31.46.0-255,66,66045,58,314365
20339,0.000585,74.125.68.0-255,395,66440,58,314365
20340,0.000735,74.125.68.0-255,349,66789,58,314365
20341,0.000986,74.125.68.0-255,1484,68273,58,314365
20342,0.000991,172.31.46.0-255,66,68339,58,314365
20343,0.000996,74.125.68.0-255,1484,69823,58,314365
20344,0.001021,74.125.68.0-255,1484,71307,58,314365
20345,0.001024,172.31.46.0-255,66,71373,58,314365
20346,0.001027,74.125.68.0-255,1484,72857,58,314365
20347,0.001032,74.125.68.0-255,2902,75759,58,314365
20348,0.001035,172.31.46.0-255,66,75825,58,314365
20349,0.001042,74.125.68.0-255,5738,81563,58,314365
20350,0.001044,172.31.46.0-255,66,81629,58,314365
20351,0.00107,74.125.68.0-255,7156,88785,58,314365
20352,0.001072,172.31.46.0-255,66,88851,58,314365
20353,0.001095,74.125.68.0-255,2902,91753,58,314365
20354,0.001097,172.31.46.0-255,66,91819,58,314365
20355,0.001117,74.125.68.0-255,5738,97557,58,314365
20356,0.001124,172.31.46.0-255,66,97623,58,314365
20357,0.001144,74.125.68.0-255,3602,101225,58,314365
20358,0.001147,172.31.46.0-255,66,101291,58,314365
20359,0.001651,74.125.68.0-255,1484,102775,58,314365
20360,0.001658,74.125.68.0-255,2902,105677,58,314365
20361,0.001662,172.31.46.0-255,66,105743,58,314365
20362,0.001697,74.125.68.0-255,2902,108645,58,314365
20363,0.0017,172.31.46.0-255,66,108711,58,314365
20364,0.001705,74.125.68.0-255,4320,113031,58,314365
20365,0.001707,172.31.46.0-255,66,113097,58,314365
20366,0.001737,74.125.68.0-255,5738,118835,58,314365
20367,0.001739,172.31.46.0-255,66,118901,58,314365
20368,0.001769,74.125.68.0-255,2902,121803,58,314365
20369,0.001772,172.31.46.0-255,66,121869,58,314365
20370,0.001778,74.125.68.0-255,4320,126189,58,314365
20371,0.00178,172.31.46.0-255,66,126255,58,314365
20372,0.001805,74.125.68.0-255,4320,130575,58,314365
20373,0.001808,172.31.46.0-255,66,130641,58,314365
20374,0.001836,74.125.68.0-255,5020,135661,58,314365
20375,0.001839,172.31.46.0-255,66,135727,58,314365
20376,0.001966,74.125.68.0-255,1484,137211,58,314365
20377,0.001988,74.125.68.0-255,1484,138695,58,314365
20378,0.001992,172.31.46.0-255,66,138761,58,314365
20379,0.002019,74.125.68.0-255,1484,140245,58,314365
20380,0.002046,74.125.68.0-255,2902,143147,58,314365
20381,0.002049,172.31.46.0-255,66,143213,58,314365
20382,0.002079,74.125.68.0-255,4320,147533,58,314365
20383,0.002081,172.31.46.0-255,66,147599,58,314365
20384,0.002105,74.125.68.0-255,2902,150501,58,314365
20385,0.002108,172.31.46.0-255,66,150567,58,314365
20386,0.002136,74.125.68.0-255,1484,152051,58,314365
20387,0.002143,74.125.68.0-255,5738,157789,58,314365
20388,0.002146,172.31.46.0-255,66,157855,58,314365
20389,0.002149,74.125.68.0-255,1484,159339,58,314365
20390,0.002175,74.125.68.0-255,1484,160823,58,314365
20391,0.002178,172.31.46.0-255,66,160889,58,314365
20392,0.002181,74.125.68.0-255,1484,162373,58,314365
20393,0.002184,74.125.68.0-255,1484,163857,58,314365
20394,0.002186,172.31.46.0-255,66,163923,58,314365
20395,0.002224,74.125.68.0-255,1484,165407,58,314365
20396,0.002248,74.125.68.0-255,1484,166891,58,314365
20397,0.002251,172.31.46.0-255,66,166957,58,314365
20398,0.002289,74.125.68.0-255,1484,168441,58,314365
20399,0.0023,74.125.68.0-255,1484,169925,58,314365
20400,0.002303,172.31.46.0-255,66,169991,58,314365
20401,0.002306,74.125.68.0-255,766,170757,58,314365
20402,0.002411,172.31.46.0-255,101,170858,58,314365
20403,0.002507,74.125.68.0-255,1484,172342,58,314365
20404,0.002523,74.125.68.0-255,2902,175244,58,314365
20405,0.002526,172.31.46.0-255,66,175310,58,314365
20406,0.002556,74.125.68.0-255,5738,181048,58,314365
20407,0.002559,172.31.46.0-255,66,181114,58,314365
20408,0.002564,74.125.68.0-255,2902,184016,58,314365
20409,0.002566,172.31.46.0-255,66,184082,58,314365
20410,0.002572,74.125.68.0-255,4320,188402,58,314365
20411,0.002574,172.31.46.0-255,66,188468,58,314365
20412,0.002624,172.31.46.0-255,66,188534,58,314365
20413,0.00263,74.125.68.0-255,5738,194272,58,314365
20414,0.002633,172.31.46.0-255,66,194338,58,314365
20415,0.002662,74.125.68.0-255,2184,196522,58,314365
20416,0.002665,172.31.46.0-255,66,196588,58,314365
20417,0.002742,74.125.68.0-255,1484,198072,58,314365
20418,0.002762,74.125.68.0-255,2902,200974,58,314365
20419,0.002764,172.31.46.0-255,66,201040,58,314365
20420,0.00277,74.125.68.0-255,4320,205360,58,314365
20421,0.002773,172.31.46.0-255,66,205426,58,314365
20422,0.002806,172.31.46.0-255,66,205492,58,314365
20423,0.002812,74.125.68.0-255,4320,209812,58,314365
20424,0.002814,172.31.46.0-255,66,209878,58,314365
20425,0.002847,74.125.68.0-255,1484,211362,58,314365
20426,0.002856,74.125.68.0-255,7156,218518,58,314365
20427,0.00286,172.31.46.0-255,66,218584,58,314365
20428,0.002865,74.125.68.0-255,3602,222186,58,314365
20429,0.002867,172.31.46.0-255,66,222252,58,314365
20430,0.002911,74.125.68.0-255,4320,226572,58,314365
20431,0.002915,172.31.46.0-255,66,226638,58,314365
20432,0.002948,74.125.68.0-255,5738,232376,58,314365
20433,0.002951,172.31.46.0-255,66,232442,58,314365
20434,0.002984,172.31.46.0-255,66,232508,58,314365
20435,0.003011,74.125.68.0-255,1484,233992,58,314365
20436,0.003025,172.31.46.0-255,66,234058,58,314365
20437,0.003028,74.125.68.0-255,1484,235542,58,314365
20438,0.003055,74.125.68.0-255,2902,238444,58,314365
20439,0.003058,172.31.46.0-255,66,238510,58,314365
20440,0.003062,74.125.68.0-255,2902,241412,58,314365
20441,0.003065,172.31.46.0-255,66,241478,58,314365
20442,0.003068,74.125.68.0-255,1484,242962,58,314365
20443,0.003107,74.125.68.0-255,5738,248700,58,314365
20444,0.00311,172.31.46.0-255,66,248766,58,314365
20445,0.003114,74.125.68.0-255,2902,251668,58,314365
20446,0.003117,172.31.46.0-255,66,251734,58,314365
20447,0.00315,74.125.68.0-255,7156,258890,58,314365
20448,0.003154,172.31.46.0-255,66,258956,58,314365
20449,0.003175,74.125.68.0-255,7156,266112,58,314365
20450,0.003178,172.31.46.0-255,66,266178,58,314365
20451,0.003207,74.125.68.0-255,2184,268362,58,314365
20452,0.003209,172.31.46.0-255,66,268428,58,314365
20453,0.003233,74.125.68.0-255,1484,269912,58,314365
20454,0.003252,74.125.68.0-255,2902,272814,58,314365
20455,0.003255,172.31.46.0-255,66,272880,58,314365
20456,0.003262,74.125.68.0-255,5738,278618,58,314365
20457,0.003264,172.31.46.0-255,66,278684,58,314365
20458,0.003305,74.125.68.0-255,1484,280168,58,314365
20459,0.003328,172.31.46.0-255,66,280234,58,314365
20460,0.003332,74.125.68.0-255,1484,281718,58,314365
20461,0.003372,172.31.46.0-255,66,281784,58,314365
20462,0.003376,74.125.68.0-255,2184,283968,58,314365
20463,0.003379,172.31.46.0-255,66,284034,58,314365
20464,0.003382,74.125.68.0-255,1484,285518,58,314365
20465,0.003385,74.125.68.0-255,1484,287002,58,314365
20466,0.003392,172.31.46.0-255,66,287068,58,314365
20467,0.00342,74.125.68.0-255,1484,288552,58,314365
20468,0.003426,74.125.68.0-255,5738,294290,58,314365
20469,0.003429,172.31.46.0-255,66,294356,58,314365
20470,0.003437,74.125.68.0-255,7156,301512,58,314365
20471,0.003439,172.31.46.0-255,66,301578,58,314365
20472,0.003489,172.31.46.0-255,66,301644,58,314365
20473,0.003518,172.31.46.0-255,66,301710,58,314365
20474,0.003528,172.31.46.0-255,66,301776,58,314365
20475,0.003539,172.31.46.0-255,66,301842,58,314365
20476,0.003543,74.125.68.0-255,2902,304744,58,314365
20477,0.003546,172.31.46.0-255,66,304810,58,314365
20478,0.003577,74.125.68.0-255,7156,311966,58,314365
20479,0.00358,172.31.46.0-255,66,312032,58,314365
20480,0.003584,74.125.68.0-255,1925,313957,58,314365
20481,0.003586,172.31.46.0-255,66,314023,58,314365
20482,0.003624,74.125.68.0-255,105,314128,58,314365
20483,0.004322,74.125.68.0-255,66,314194,58,314365
20484,0.012101,172.31.46.0-255,105,314299,58,314365
20485,0.014018,74.125.68.0-255,66,314365,58,314365
20486,0.0,172.217.194.0-255,155,155,58,142516
20487,2.1e-05,172.31.46.0-255,66,221,58,142516
20488,2.8e-05,172.217.194.0-255,1484,1705,58,142516
20489,3.3e-05,172.31.46.0-255,66,1771,58,142516
20490,4e-05,172.217.194.0-255,2902,4673,58,142516
20491,5.1e-05,172.31.46.0-255,66,4739,58,142516
20492,5.9e-05,172.217.194.0-255,7156,11895,58,142516
20493,6.1e-05,172.31.46.0-255,66,11961,58,142516
20494,6.6e-05,172.217.194.0-255,2138,14099,58,142516
20495,6.9e-05,172.31.46.0-255,66,14165,58,142516
20496,0.000189,172.217.194.0-255,1484,15649,58,142516
20497,0.000193,172.31.46.0-255,66,15715,58,142516
20498,0.000198,172.217.194.0-255,2902,18617,58,142516
20499,0.000201,172.31.46.0-255,66,18683,58,142516
20500,0.000227,172.217.194.0-255,5738,24421,58,142516
20501,0.00023,172.31.46.0-255,66,24487,58,142516
20502,0.000236,172.217.194.0-255,2902,27389,58,142516
20503,0.000238,172.31.46.0-255,66,27455,58,142516
20504,0.000271,172.217.194.0-255,3961,31416,58,142516
20505,0.000274,172.31.46.0-255,66,31482,58,142516
20506,0.000277,172.217.194.0-255,1484,32966,58,142516
20507,0.00028,172.31.46.0-255,66,33032,58,142516
20508,0.000286,172.217.194.0-255,2902,35934,58,142516
20509,0.000288,172.31.46.0-255,66,36000,58,142516
20510,0.000324,172.217.194.0-255,5738,41738,58,142516
20511,0.000327,172.31.46.0-255,66,41804,58,142516
20512,0.000332,172.217.194.0-255,2902,44706,58,142516
20513,0.000334,172.31.46.0-255,66,44772,58,142516
20514,0.000362,172.217.194.0-255,3961,48733,58,142516
20515,0.000365,172.31.46.0-255,66,48799,58,142516
20516,0.001724,172.217.194.0-255,1484,50283,58,142516
20517,0.001731,172.31.46.0-255,66,50349,58,142516
20518,0.001741,172.217.194.0-255,2902,53251,58,142516
20519,0.001744,172.31.46.0-255,66,53317,58,142516
20520,0.001757,172.217.194.0-255,4320,57637,58,142516
20521,0.001759,172.31.46.0-255,66,57703,58,142516
20522,0.001807,172.217.194.0-255,7156,64859,58,142516
20523,0.001809,172.31.46.0-255,66,64925,58,142516
20524,0.001835,172.217.194.0-255,1125,66050,58,142516
20525,0.00224,172.217.194.0-255,1484,67534,58,142516
20526,0.002243,172.31.46.0-255,66,67600,58,142516
20527,0.002272,172.217.194.0-255,2902,70502,58,142516
20528,0.002274,172.31.46.0-255,66,70568,58,142516
20529,0.002278,172.217.194.0-255,1484,72052,58,142516
20530,0.002304,172.217.194.0-255,4320,76372,58,142516
20531,0.002306,172.31.46.0-255,66,76438,58,142516
20532,0.002319,172.31.46.0-255,66,76504,58,142516
20533,0.002338,172.31.46.0-255,66,76570,58,142516
20534,0.004919,172.217.194.0-255,5738,82308,58,142516
20535,0.004921,172.31.46.0-255,66,82374,58,142516
20536,0.007513,172.217.194.0-255,5738,88112,58,142516
20537,0.007521,172.31.46.0-255,66,88178,58,142516
20538,0.010083,172.217.194.0-255,5738,93916,58,142516
20539,0.010092,172.31.46.0-255,66,93982,58,142516
20540,0.012681,172.217.194.0-255,5738,99720,58,142516
20541,0.012691,172.31.46.0-255,66,99786,58,142516
20542,0.015259,172.217.194.0-255,4320,104106,58,142516
20543,0.015267,172.31.46.0-255,66,104172,58,142516
20544,0.015296,172.217.194.0-255,1484,105656,58,142516
20545,0.017861,172.217.194.0-255,4320,109976,58,142516
20546,0.01787,172.31.46.0-255,66,110042,58,142516
20547,0.020478,172.217.194.0-255,5738,115780,58,142516
20548,0.020484,172.31.46.0-255,66,115846,58,142516
20549,0.023052,172.217.194.0-255,5738,121584,58,142516
20550,0.023061,172.31.46.0-255,66,121650,58,142516
20551,0.025639,172.217.194.0-255,5738,127388,58,142516
20552,0.02565,172.31.46.0-255,66,127454,58,142516
20553,0.028163,172.31.46.0-255,172,127626,58,142516
20554,0.028189,172.31.46.0-255,1113,128739,58,142516
20555,0.02822,172.217.194.0-255,5738,134477,58,142516
20556,0.028224,172.31.46.0-255,66,134543,58,142516
20557,0.028285,172.31.46.0-255,1514,136057,58,142516
20558,0.028286,172.31.46.0-255,1514,137571,58,142516
20559,0.028288,172.31.46.0-255,1514,139085,58,142516
20560,0.028292,172.31.46.0-255,1514,140599,58,142516
20561,0.028311,172.31.46.0-255,1514,142113,58,142516
20562,0.028312,172.31.46.0-255,139,142252,58,142516
20563,0.029716,104.244.42.0-255,66,142318,58,142516
20564,0.029758,104.244.42.0-255,66,142384,58,142516
20565,0.029857,104.244.42.0-255,66,142450,58,142516
20566,0.029862,104.244.42.0-255,66,142516,58,142516
20567,0.0,172.217.194.0-255,150,150,58,213208
20568,1.3e-05,172.31.46.0-255,66,216,58,213208
20569,2e-05,172.217.194.0-255,1484,1700,58,213208
20570,2.6e-05,172.31.46.0-255,66,1766,58,213208
20571,3.2e-05,172.217.194.0-255,2902,4668,58,213208
20572,3.5e-05,172.31.46.0-255,66,4734,58,213208
20573,6.7e-05,172.217.194.0-255,7156,11890,58,213208
20574,7e-05,172.31.46.0-255,66,11956,58,213208
20575,7.4e-05,172.217.194.0-255,2053,14009,58,213208
20576,7.6e-05,172.31.46.0-255,66,14075,58,213208
20577,8.1e-05,172.217.194.0-255,2902,16977,58,213208
20578,8.3e-05,172.31.46.0-255,66,17043,58,213208
20579,0.000116,172.217.194.0-255,7156,24199,58,213208
20580,0.000119,172.31.46.0-255,66,24265,58,213208
20581,0.000127,172.217.194.0-255,6797,31062,58,213208
20582,0.000129,172.31.46.0-255,66,31128,58,213208
20583,0.000193,172.217.194.0-255,1484,32612,58,213208
20584,0.000195,172.31.46.0-255,66,32678,58,213208
20585,0.000214,172.217.194.0-255,2902,35580,58,213208
20586,0.000216,172.31.46.0-255,66,35646,58,213208
20587,0.00022,172.217.194.0-255,1484,37130,58,213208
20588,0.000221,172.31.46.0-255,66,37196,58,213208
20589,0.000237,172.217.194.0-255,4320,41516,58,213208
20590,0.00024,172.31.46.0-255,66,41582,58,213208
20591,0.000259,172.217.194.0-255,1484,43066,58,213208
20592,0.000262,172.31.46.0-255,66,43132,58,213208
20593,0.000294,172.31.46.0-255,66,43198,58,213208
20594,0.000327,172.217.194.0-255,7156,50354,58,213208
20595,0.00033,172.31.46.0-255,66,50420,58,213208
20596,0.000349,172.217.194.0-255,2867,53287,58,213208
20597,0.000352,172.31.46.0-255,66,53353,58,213208
20598,0.000387,172.217.194.0-255,1484,54837,58,213208
20599,0.000391,172.217.194.0-255,1484,56321,58,213208
20600,0.000394,172.31.46.0-255,66,56387,58,213208
20601,0.000413,172.217.194.0-255,1484,57871,58,213208
20602,0.000419,172.217.194.0-255,5738,63609,58,213208
20603,0.000421,172.31.46.0-255,66,63675,58,213208
20604,0.000424,172.217.194.0-255,1484,65159,58,213208
20605,0.000452,172.31.46.0-255,66,65225,58,213208
20606,0.000483,172.31.46.0-255,66,65291,58,213208
20607,0.0005,172.217.194.0-255,362,65653,58,213208
20608,0.000738,172.217.194.0-255,1484,67137,58,213208
20609,0.000743,172.31.46.0-255,66,67203,58,213208
20610,0.000749,172.217.194.0-255,2902,70105,58,213208
20611,0.000751,172.31.46.0-255,66,70171,58,213208
20612,0.000757,172.217.194.0-255,5738,75909,58,213208
20613,0.000759,172.31.46.0-255,66,75975,58,213208
20614,0.000765,172.217.194.0-255,4320,80295,58,213208
20615,0.000767,172.31.46.0-255,66,80361,58,213208
20616,0.000786,172.217.194.0-255,1484,81845,58,213208
20617,0.000793,172.217.194.0-255,5738,87583,58,213208
20618,0.000796,172.31.46.0-255,66,87649,58,213208
20619,0.000816,172.217.194.0-255,7156,94805,58,213208
20620,0.000819,172.31.46.0-255,66,94871,58,213208
20621,0.00083,172.217.194.0-255,1484,96355,58,213208
20622,0.000848,172.217.194.0-255,3053,99408,58,213208
20623,0.000851,172.31.46.0-255,66,99474,58,213208
20624,0.000868,172.217.194.0-255,1484,100958,58,213208
20625,0.000872,172.217.194.0-255,2902,103860,58,213208
20626,0.000875,172.31.46.0-255,66,103926,58,213208
20627,0.000895,172.217.194.0-255,5738,109664,58,213208
20628,0.000897,172.31.46.0-255,66,109730,58,213208
20629,0.000928,172.217.194.0-255,4320,114050,58,213208
20630,0.000931,172.31.46.0-255,66,114116,58,213208
20631,0.000954,172.217.194.0-255,7156,121272,58,213208
20632,0.000957,172.31.46.0-255,66,121338,58,213208
20633,0.000959,172.217.194.0-255,1484,122822,58,213208
20634,0.000984,172.31.46.0-255,66,122888,58,213208
20635,0.000995,172.217.194.0-255,766,123654,58,213208
20636,0.001019,172.217.194.0-255,1484,125138,58,213208
20637,0.001022,172.31.46.0-255,66,125204,58,213208
20638,0.00104,172.217.194.0-255,2902,128106,58,213208
20639,0.001043,172.31.46.0-255,66,128172,58,213208
20640,0.001079,172.217.194.0-255,1484,129656,58,213208
20641,0.001094,172.217.194.0-255,4320,133976,58,213208
20642,0.001096,172.31.46.0-255,66,134042,58,213208
20643,0.001102,172.217.194.0-255,5738,139780,58,213208
20644,0.001104,172.31.46.0-255,66,139846,58,213208
20645,0.001111,172.217.194.0-255,7156,147002,58,213208
20646,0.001113,172.31.46.0-255,66,147068,58,213208
20647,0.001116,172.217.194.0-255,1484,148552,58,213208
20648,0.00115,172.31.46.0-255,66,148618,58,213208
20649,0.001187,172.217.194.0-255,1484,150102,58,213208
20650,0.001192,172.217.194.0-255,2902,153004,58,213208
20651,0.001194,172.31.46.0-255,66,153070,58,213208
20652,0.001198,172.217.194.0-255,2902,155972,58,213208
20653,0.0012,172.31.46.0-255,66,156038,58,213208
20654,0.001212,172.217.194.0-255,2902,158940,58,213208
20655,0.001214,172.31.46.0-255,66,159006,58,213208
20656,0.00122,172.217.194.0-255,4320,163326,58,213208
20657,0.001222,172.31.46.0-255,66,163392,58,213208
20658,0.001248,172.217.194.0-255,4320,167712,58,213208
20659,0.00125,172.31.46.0-255,66,167778,58,213208
20660,0.001277,172.217.194.0-255,2902,170680,58,213208
20661,0.00128,172.31.46.0-255,66,170746,58,213208
20662,0.001312,172.31.46.0-255,66,170812,58,213208
20663,0.001409,172.217.194.0-255,1484,172296,58,213208
20664,0.001429,172.217.194.0-255,2902,175198,58,213208
20665,0.001432,172.31.46.0-255,66,175264,58,213208
20666,0.001439,172.217.194.0-255,5738,181002,58,213208
20667,0.001441,172.31.46.0-255,66,181068,58,213208
20668,0.001482,172.31.46.0-255,66,181134,58,213208
20669,0.001493,172.31.46.0-255,66,181200,58,213208
20670,0.001509,172.217.194.0-255,2184,183384,58,213208
20671,0.001511,172.31.46.0-255,66,183450,58,213208
20672,0.001544,172.217.194.0-255,2902,186352,58,213208
20673,0.001547,172.31.46.0-255,66,186418,58,213208
20674,0.001582,172.31.46.0-255,66,186484,58,213208
20675,0.001607,172.217.194.0-255,5738,192222,58,213208
20676,0.00161,172.31.46.0-255,66,192288,58,213208
20677,0.001617,172.217.194.0-255,7156,199444,58,213208
20678,0.00162,172.31.46.0-255,66,199510,58,213208
20679,0.001635,172.217.194.0-255,5738,205248,58,213208
20680,0.001638,172.31.46.0-255,66,205314,58,213208
20681,0.001673,172.31.46.0-255,66,205380,58,213208
20682,0.001687,172.31.46.0-255,66,205446,58,213208
20683,0.001702,172.31.46.0-255,66,205512,58,213208
20684,0.001709,172.217.194.0-255,7156,212668,58,213208
20685,0.001712,172.31.46.0-255,66,212734,58,213208
20686,0.0018,172.31.46.0-255,66,212800,58,213208
20687,0.001813,172.31.46.0-255,66,212866,58,213208
20688,0.001817,172.217.194.0-255,105,212971,58,213208
20689,0.00949,172.31.46.0-255,66,213037,58,213208
20690,0.009529,172.31.46.0-255,105,213142,58,213208
20691,0.011779,172.217.194.0-255,66,213208,58,213208
20692,0.0,172.217.194.0-255,298,298,58,198765
20693,1.6e-05,172.31.46.0-255,66,364,58,198765
20694,2.3e-05,172.217.194.0-255,1484,1848,58,198765
20695,2.7e-05,172.31.46.0-255,66,1914,58,198765
20696,3.4e-05,172.217.194.0-255,4320,6234,58,198765
20697,3.8e-05,172.31.46.0-255,66,6300,58,198765
20698,7.5e-05,172.31.46.0-255,66,6366,58,198765
20699,8.6e-05,172.31.46.0-255,66,6432,58,198765
20700,0.000112,172.217.194.0-255,5738,12170,58,198765
20701,0.000115,172.31.46.0-255,66,12236,58,198765
20702,0.00014,172.217.194.0-255,2543,14779,58,198765
20703,0.000143,172.31.46.0-255,66,14845,58,198765
20704,0.000788,172.217.194.0-255,1484,16329,58,198765
20705,0.000794,172.31.46.0-255,66,16395,58,198765
20706,0.000802,172.217.194.0-255,2902,19297,58,198765
20707,0.000805,172.31.46.0-255,66,19363,58,198765
20708,0.000812,172.217.194.0-255,5738,25101,58,198765
20709,0.000814,172.31.46.0-255,66,25167,58,198765
20710,0.00082,172.217.194.0-255,5738,30905,58,198765
20711,0.000823,172.31.46.0-255,66,30971,58,198765
20712,0.000828,172.217.194.0-255,2902,33873,58,198765
20713,0.00083,172.31.46.0-255,66,33939,58,198765
20714,0.000868,172.31.46.0-255,66,34005,58,198765
20715,0.000874,172.217.194.0-255,5300,39305,58,198765
20716,0.000876,172.31.46.0-255,66,39371,58,198765
20717,0.00126,172.217.194.0-255,116,39487,58,198765
20718,0.001265,172.31.46.0-255,66,39553,58,198765
20719,0.001476,172.217.194.0-255,1484,41037,58,198765
20720,0.001482,172.31.46.0-255,66,41103,58,198765
20721,0.00149,172.217.194.0-255,2902,44005,58,198765
20722,0.001492,172.31.46.0-255,66,44071,58,198765
20723,0.001515,172.217.194.0-255,4320,48391,58,198765
20724,0.001518,172.31.46.0-255,66,48457,58,198765
20725,0.001536,172.217.194.0-255,1484,49941,58,198765
20726,0.001544,172.217.194.0-255,5738,55679,58,198765
20727,0.001547,172.31.46.0-255,66,55745,58,198765
20728,0.001584,172.217.194.0-255,7156,62901,58,198765
20729,0.001587,172.31.46.0-255,66,62967,58,198765
20730,0.001606,172.217.194.0-255,2902,65869,58,198765
20731,0.001608,172.31.46.0-255,66,65935,58,198765
20732,0.001634,172.217.194.0-255,2902,68837,58,198765
20733,0.001636,172.31.46.0-255,66,68903,58,198765
20734,0.001643,172.217.194.0-255,5020,73923,58,198765
20735,0.001645,172.31.46.0-255,66,73989,58,198765
20736,0.001652,172.217.194.0-255,5738,79727,58,198765
20737,0.001656,172.31.46.0-255,66,79793,58,198765
20738,0.001684,172.31.46.0-255,66,79859,58,198765
20739,0.001691,172.217.194.0-255,5738,85597,58,198765
20740,0.001693,172.31.46.0-255,66,85663,58,198765
20741,0.001736,172.31.46.0-255,66,85729,58,198765
20742,0.001742,172.217.194.0-255,5020,90749,58,198765
20743,0.001745,172.31.46.0-255,66,90815,58,198765
20744,0.001792,172.31.46.0-255,66,90881,58,198765
20745,0.001823,172.31.46.0-255,66,90947,58,198765
20746,0.00183,172.217.194.0-255,5020,95967,58,198765
20747,0.001832,172.31.46.0-255,66,96033,58,198765
20748,0.001898,172.217.194.0-255,1484,97517,58,198765
20749,0.001904,172.217.194.0-255,2902,100419,58,198765
20750,0.001908,172.31.46.0-255,66,100485,58,198765
20751,0.001928,172.217.194.0-255,4320,104805,58,198765
20752,0.001931,172.31.46.0-255,66,104871,58,198765
20753,0.001958,172.217.194.0-255,1484,106355,58,198765
20754,0.001964,172.217.194.0-255,5738,112093,58,198765
20755,0.001967,172.31.46.0-255,66,112159,58,198765
20756,0.001981,172.31.46.0-255,66,112225,58,198765
20757,0.001985,172.217.194.0-255,2902,115127,58,198765
20758,0.001987,172.31.46.0-255,66,115193,58,198765
20759,0.002005,172.217.194.0-255,2184,117377,58,198765
20760,0.002007,172.31.46.0-255,66,117443,58,198765
20761,0.002028,172.217.194.0-255,5738,123181,58,198765
20762,0.002031,172.31.46.0-255,66,123247,58,198765
20763,0.002066,172.31.46.0-255,66,123313,58,198765
20764,0.004111,172.217.194.0-255,5738,129051,58,198765
20765,0.00412,172.31.46.0-255,66,129117,58,198765
20766,0.006161,172.217.194.0-255,5738,134855,58,198765
20767,0.00617,172.31.46.0-255,66,134921,58,198765
20768,0.008218,172.217.194.0-255,5738,140659,58,198765
20769,0.008222,172.31.46.0-255,66,140725,58,198765
20770,0.01024,172.217.194.0-255,5738,146463,58,198765
20771,0.010247,172.31.46.0-255,66,146529,58,198765
20772,0.012268,172.217.194.0-255,5738,152267,58,198765
20773,0.012276,172.31.46.0-255,66,152333,58,198765
20774,0.014313,172.217.194.0-255,5738,158071,58,198765
20775,0.014322,172.31.46.0-255,66,158137,58,198765
20776,0.016359,172.217.194.0-255,5738,163875,58,198765
20777,0.016367,172.31.46.0-255,66,163941,58,198765
20778,0.018407,172.217.194.0-255,5738,169679,58,198765
20779,0.018416,172.31.46.0-255,66,169745,58,198765
20780,0.020463,172.217.194.0-255,5738,175483,58,198765
20781,0.020474,172.31.46.0-255,66,175549,58,198765
20782,0.022521,172.217.194.0-255,5738,181287,58,198765
20783,0.022531,172.31.46.0-255,66,181353,58,198765
20784,0.024565,172.217.194.0-255,5738,187091,58,198765
20785,0.024572,172.31.46.0-255,66,187157,58,198765
20786,0.026584,172.217.194.0-255,5738,192895,58,198765
20787,0.026593,172.31.46.0-255,66,192961,58,198765
20788,0.028622,172.217.194.0-255,5738,198699,58,198765
20789,0.028632,172.31.46.0-255,66,198765,58,198765
20790,0.0,74.125.130.0-255,156,156,58,247135
20791,2e-05,172.31.46.0-255,66,222,58,247135
20792,2.7e-05,74.125.130.0-255,1484,1706,58,247135
20793,3.1e-05,172.31.46.0-255,66,1772,58,247135
20794,3.8e-05,74.125.130.0-255,2902,4674,58,247135
20795,4.1e-05,172.31.46.0-255,66,4740,58,247135
20796,4.4e-05,74.125.130.0-255,1484,6224,58,247135
20797,4.7e-05,172.31.46.0-255,66,6290,58,247135
20798,9.6e-05,74.125.130.0-255,5738,12028,58,247135
20799,9.9e-05,172.31.46.0-255,66,12094,58,247135
20800,0.000104,74.125.130.0-255,2083,14177,58,247135
20801,0.000106,172.31.46.0-255,66,14243,58,247135
20802,0.000445,74.125.130.0-255,1484,15727,58,247135
20803,0.000451,172.31.46.0-255,66,15793,58,247135
20804,0.000455,74.125.130.0-255,1484,17277,58,247135
20805,0.000457,172.31.46.0-255,66,17343,58,247135
20806,0.000472,74.125.130.0-255,1484,18827,58,247135
20807,0.000475,172.31.46.0-255,66,18893,58,247135
20808,0.00052,74.125.130.0-255,4320,23213,58,247135
20809,0.000523,172.31.46.0-255,66,23279,58,247135
20810,0.000544,74.125.130.0-255,1484,24763,58,247135
20811,0.000547,172.31.46.0-255,66,24829,58,247135
20812,0.000553,74.125.130.0-255,5738,30567,58,247135
20813,0.000555,172.31.46.0-255,66,30633,58,247135
20814,0.000558,74.125.130.0-255,1125,31758,58,247135
20815,0.00056,172.31.46.0-255,66,31824,58,247135
20816,0.000564,74.125.130.0-255,1484,33308,58,247135
20817,0.000566,172.31.46.0-255,66,33374,58,247135
20818,0.000591,74.125.130.0-255,4320,37694,58,247135
20819,0.000594,172.31.46.0-255,66,37760,58,247135
20820,0.000598,74.125.130.0-255,2902,40662,58,247135
20821,0.0006,172.31.46.0-255,66,40728,58,247135
20822,0.00064,74.125.130.0-255,4320,45048,58,247135
20823,0.000644,172.31.46.0-255,66,45114,58,247135
20824,0.000648,74.125.130.0-255,1484,46598,58,247135
20825,0.000665,74.125.130.0-255,2543,49141,58,247135
20826,0.000667,172.31.46.0-255,66,49207,58,247135
20827,0.000982,74.125.130.0-255,1484,50691,58,247135
20828,0.000991,74.125.130.0-255,2902,53593,58,247135
20829,0.000995,172.31.46.0-255,66,53659,58,247135
20830,0.001002,74.125.130.0-255,4320,57979,58,247135
20831,0.001004,172.31.46.0-255,66,58045,58,247135
20832,0.001027,74.125.130.0-255,5738,63783,58,247135
20833,0.001029,172.31.46.0-255,66,63849,58,247135
20834,0.001066,74.125.130.0-255,2543,66392,58,247135
20835,0.001069,172.31.46.0-255,66,66458,58,247135
20836,0.001317,74.125.130.0-255,1484,67942,58,247135
20837,0.001352,74.125.130.0-255,1484,69426,58,247135
20838,0.001356,172.31.46.0-255,66,69492,58,247135
20839,0.001375,74.125.130.0-255,1484,70976,58,247135
20840,0.001401,74.125.130.0-255,4320,75296,58,247135
20841,0.001404,172.31.46.0-255,66,75362,58,247135
20842,0.001407,74.125.130.0-255,1484,76846,58,247135
20843,0.001422,74.125.130.0-255,1484,78330,58,247135
20844,0.001424,172.31.46.0-255,66,78396,58,247135
20845,0.001451,74.125.130.0-255,2902,81298,58,247135
20846,0.001453,172.31.46.0-255,66,81364,58,247135
20847,0.001463,172.31.46.0-255,66,81430,58,247135
20848,0.001476,172.31.46.0-255,66,81496,58,247135
20849,0.001509,74.125.130.0-255,766,82262,58,247135
20850,0.00157,74.125.130.0-255,1484,83746,58,247135
20851,0.001574,172.31.46.0-255,66,83812,58,247135
20852,0.001586,74.125.130.0-255,2902,86714,58,247135
20853,0.001589,172.31.46.0-255,66,86780,58,247135
20854,0.001592,74.125.130.0-255,1484,88264,58,247135
20855,0.00161,74.125.130.0-255,4320,92584,58,247135
20856,0.001614,172.31.46.0-255,66,92650,58,247135
20857,0.001638,74.125.130.0-255,1484,94134,58,247135
20858,0.001642,74.125.130.0-255,2902,97036,58,247135
20859,0.001645,172.31.46.0-255,66,97102,58,247135
20860,0.001677,74.125.130.0-255,3961,101063,58,247135
20861,0.00168,172.31.46.0-255,66,101129,58,247135
20862,0.001686,74.125.130.0-255,4320,105449,58,247135
20863,0.001689,172.31.46.0-255,66,105515,58,247135
20864,0.001723,74.125.130.0-255,5738,111253,58,247135
20865,0.001726,172.31.46.0-255,66,111319,58,247135
20866,0.001729,74.125.130.0-255,1484,112803,58,247135
20867,0.001751,74.125.130.0-255,5738,118541,58,247135
20868,0.001754,172.31.46.0-255,66,118607,58,247135
20869,0.001773,74.125.130.0-255,2902,121509,58,247135
20870,0.001775,172.31.46.0-255,66,121575,58,247135
20871,0.001799,74.125.130.0-255,7156,128731,58,247135
20872,0.001803,172.31.46.0-255,66,128797,58,247135
20873,0.001849,74.125.130.0-255,5020,133817,58,247135
20874,0.001852,172.31.46.0-255,66,133883,58,247135
20875,0.001959,74.125.130.0-255,1484,135367,58,247135
20876,0.001976,74.125.130.0-255,2902,138269,58,247135
20877,0.001979,172.31.46.0-255,66,138335,58,247135
20878,0.001999,74.125.130.0-255,5738,144073,58,247135
20879,0.002002,172.31.46.0-255,66,144139,58,247135
20880,0.002027,74.125.130.0-255,5738,149877,58,247135
20881,0.002029,172.31.46.0-255,66,149943,58,247135
20882,0.002053,74.125.130.0-255,7156,157099,58,247135
20883,0.002056,172.31.46.0-255,66,157165,58,247135
20884,0.00209,74.125.130.0-255,4320,161485,58,247135
20885,0.002092,172.31.46.0-255,66,161551,58,247135
20886,0.002112,74.125.130.0-255,6438,167989,58,247135
20887,0.002114,172.31.46.0-255,66,168055,58,247135
20888,0.002176,74.125.130.0-255,1484,169539,58,247135
20889,0.002202,74.125.130.0-255,1484,171023,58,247135
20890,0.002204,172.31.46.0-255,66,171089,58,247135
20891,0.002219,74.125.130.0-255,1484,172573,58,247135
20892,0.002247,74.125.130.0-255,2902,175475,58,247135
20893,0.00225,172.31.46.0-255,66,175541,58,247135
20894,0.002255,74.125.130.0-255,2902,178443,58,247135
20895,0.002257,172.31.46.0-255,66,178509,58,247135
20896,0.002267,74.125.130.0-255,1484,179993,58,247135
20897,0.004459,74.125.130.0-255,1484,181477,58,247135
20898,0.004463,172.31.46.0-255,66,181543,58,247135
20899,0.004482,74.125.130.0-255,2902,184445,58,247135
20900,0.004485,172.31.46.0-255,66,184511,58,247135
20901,0.006677,74.125.130.0-255,2902,187413,58,247135
20902,0.006681,172.31.46.0-255,66,187479,58,247135
20903,0.006698,74.125.130.0-255,2902,190381,58,247135
20904,0.006701,172.31.46.0-255,66,190447,58,247135
20905,0.00891,74.125.130.0-255,4320,194767,58,247135
20906,0.008918,172.31.46.0-255,66,194833,58,247135
20907,0.008937,74.125.130.0-255,1484,196317,58,247135
20908,0.01114,74.125.130.0-255,4320,200637,58,247135
20909,0.011148,172.31.46.0-255,66,200703,58,247135
20910,0.013379,74.125.130.0-255,5738,206441,58,247135
20911,0.013388,172.31.46.0-255,66,206507,58,247135
20912,0.015631,74.125.130.0-255,5738,212245,58,247135
20913,0.015638,172.31.46.0-255,66,212311,58,247135
20914,0.017866,74.125.130.0-255,5738,218049,58,247135
20915,0.01788,172.31.46.0-255,66,218115,58,247135
20916,0.020108,74.125.130.0-255,5738,223853,58,247135
20917,0.020116,172.31.46.0-255,66,223919,58,247135
20918,0.022345,74.125.130.0-255,5738,229657,58,247135
20919,0.022354,172.31.46.0-255,66,229723,58,247135
20920,0.02459,74.125.130.0-255,5738,235461,58,247135
20921,0.024598,172.31.46.0-255,66,235527,58,247135
20922,0.026828,74.125.130.0-255,5738,241265,58,247135
20923,0.026835,172.31.46.0-255,66,241331,58,247135
20924,0.029061,74.125.130.0-255,5738,247069,58,247135
20925,0.029069,172.31.46.0-255,66,247135,58,247135
20926,0.0,172.217.194.0-255,152,152,58,159353
20927,2.4e-05,172.31.46.0-255,66,218,58,159353
20928,3.2e-05,172.217.194.0-255,1484,1702,58,159353
20929,3.7e-05,172.31.46.0-255,66,1768,58,159353
20930,4.3e-05,172.217.194.0-255,2902,4670,58,159353
20931,4.6e-05,172.31.46.0-255,66,4736,58,159353
20932,5.4e-05,172.217.194.0-255,7156,11892,58,159353
20933,5.7e-05,172.31.46.0-255,66,11958,58,159353
20934,6.3e-05,172.217.194.0-255,3523,15481,58,159353
20935,6.5e-05,172.31.46.0-255,66,15547,58,159353
20936,6.9e-05,172.217.194.0-255,1484,17031,58,159353
20937,7.2e-05,172.31.46.0-255,66,17097,58,159353
20938,0.000102,172.31.46.0-255,66,17163,58,159353
20939,0.000124,172.217.194.0-255,1484,18647,58,159353
20940,0.000126,172.31.46.0-255,66,18713,58,159353
20941,0.000131,172.217.194.0-255,2543,21256,58,159353
20942,0.000134,172.31.46.0-255,66,21322,58,159353
20943,0.000317,172.217.194.0-255,1484,22806,58,159353
20944,0.000323,172.31.46.0-255,66,22872,58,159353
20945,0.000329,172.217.194.0-255,2902,25774,58,159353
20946,0.000331,172.31.46.0-255,66,25840,58,159353
20947,0.000337,172.217.194.0-255,5738,31578,58,159353
20948,0.00034,172.31.46.0-255,66,31644,58,159353
20949,0.000376,172.217.194.0-255,6797,38441,58,159353
20950,0.000379,172.31.46.0-255,66,38507,58,159353
20951,0.000398,172.217.194.0-255,2902,41409,58,159353
20952,0.000401,172.31.46.0-255,66,41475,58,159353
20953,0.000422,172.217.194.0-255,4320,45795,58,159353
20954,0.000425,172.31.46.0-255,66,45861,58,159353
20955,0.000431,172.217.194.0-255,5738,51599,58,159353
20956,0.000434,172.31.46.0-255,66,51665,58,159353
20957,0.000473,172.217.194.0-255,3961,55626,58,159353
20958,0.000752,172.31.46.0-255,66,55692,58,159353
20959,0.000873,172.217.194.0-255,647,56339,58,159353
20960,0.001384,172.217.194.0-255,1484,57823,58,159353
20961,0.001389,172.31.46.0-255,66,57889,58,159353
20962,0.001395,172.217.194.0-255,2902,60791,58,159353
20963,0.001403,172.217.194.0-255,5738,66529,58,159353
20964,0.001432,172.31.46.0-255,66,66595,58,159353
20965,0.001437,172.31.46.0-255,66,66661,58,159353
20966,0.001455,172.217.194.0-255,2902,69563,58,159353
20967,0.001476,172.31.46.0-255,66,69629,58,159353
20968,0.001486,172.217.194.0-255,766,70395,58,159353
20969,0.001848,172.31.46.0-255,66,70461,58,159353
20970,0.001912,172.217.194.0-255,1484,71945,58,159353
20971,0.001918,172.217.194.0-255,2902,74847,58,159353
20972,0.001921,172.217.194.0-255,1484,76331,58,159353
20973,0.001937,172.217.194.0-255,4320,80651,58,159353
20974,0.001942,172.217.194.0-255,2902,83553,58,159353
20975,0.001951,172.31.46.0-255,66,83619,58,159353
20976,0.001961,172.217.194.0-255,4320,87939,58,159353
20977,0.001965,172.217.194.0-255,2902,90841,58,159353
20978,0.001982,172.31.46.0-255,66,90907,58,159353
20979,0.002003,172.217.194.0-255,2902,93809,58,159353
20980,0.002007,172.217.194.0-255,1634,95443,58,159353
20981,0.002018,172.31.46.0-255,66,95509,58,159353
20982,0.004082,172.217.194.0-255,5738,101247,58,159353
20983,0.004092,172.31.46.0-255,66,101313,58,159353
20984,0.006122,172.217.194.0-255,5738,107051,58,159353
20985,0.008207,172.31.46.0-255,66,107117,58,159353
20986,0.010289,172.217.194.0-255,5738,112855,58,159353
20987,0.010297,172.31.46.0-255,66,112921,58,159353
20988,0.012347,172.217.194.0-255,5738,118659,58,159353
20989,0.013722,172.31.46.0-255,66,118725,58,159353
20990,0.015861,172.217.194.0-255,5738,124463,58,159353
20991,0.015872,172.31.46.0-255,66,124529,58,159353
20992,0.017948,172.217.194.0-255,5738,130267,58,159353
20993,0.017954,172.31.46.0-255,66,130333,58,159353
20994,0.019993,172.217.194.0-255,5738,136071,58,159353
20995,0.020005,172.31.46.0-255,66,136137,58,159353
20996,0.022085,172.217.194.0-255,5738,141875,58,159353
20997,0.022098,172.31.46.0-255,66,141941,58,159353
20998,0.024157,172.217.194.0-255,5738,147679,58,159353
20999,0.024169,172.31.46.0-255,66,147745,58,159353
21000,0.026185,172.217.194.0-255,5738,153483,58,159353
21001,0.026193,172.31.46.0-255,66,153549,58,159353
21002,0.028214,172.217.194.0-255,5738,159287,58,159353
21003,0.028228,172.31.46.0-255,66,159353,58,159353
21004,0.0,74.125.24.0-255,146,146,58,194261
21005,1.1e-05,172.31.46.0-255,66,212,58,194261
21006,1.7e-05,74.125.24.0-255,1484,1696,58,194261
21007,2.1e-05,172.31.46.0-255,66,1762,58,194261
21008,4.3e-05,74.125.24.0-255,2902,4664,58,194261
21009,4.6e-05,172.31.46.0-255,66,4730,58,194261
21010,5.4e-05,74.125.24.0-255,4320,9050,58,194261
21011,5.7e-05,172.31.46.0-255,66,9116,58,194261
21012,9.7e-05,172.31.46.0-255,66,9182,58,194261
21013,0.000108,172.31.46.0-255,66,9248,58,194261
21014,0.000131,74.125.24.0-255,2902,12150,58,194261
21015,0.000134,172.31.46.0-255,66,12216,58,194261
21016,0.000136,74.125.24.0-255,1125,13341,58,194261
21017,0.000138,172.31.46.0-255,66,13407,58,194261
21018,0.000216,74.125.24.0-255,1484,14891,58,194261
21019,0.000219,172.31.46.0-255,66,14957,58,194261
21020,0.000224,74.125.24.0-255,2902,17859,58,194261
21021,0.000227,172.31.46.0-255,66,17925,58,194261
21022,0.000229,74.125.24.0-255,1484,19409,58,194261
21023,0.000231,172.31.46.0-255,66,19475,58,194261
21024,0.000265,74.125.24.0-255,4320,23795,58,194261
21025,0.000267,172.31.46.0-255,66,23861,58,194261
21026,0.000273,74.125.24.0-255,5738,29599,58,194261
21027,0.000275,172.31.46.0-255,66,29665,58,194261
21028,0.000301,172.31.46.0-255,66,29731,58,194261
21029,0.000332,172.31.46.0-255,66,29797,58,194261
21030,0.000589,74.125.24.0-255,110,29907,58,194261
21031,0.000595,172.31.46.0-255,66,29973,58,194261
21032,0.000632,74.125.24.0-255,1484,31457,58,194261
21033,0.000635,172.31.46.0-255,66,31523,58,194261
21034,0.00064,74.125.24.0-255,2902,34425,58,194261
21035,0.000666,74.125.24.0-255,5738,40163,58,194261
21036,0.000673,74.125.24.0-255,7156,47319,58,194261
21037,0.000703,172.31.46.0-255,66,47385,58,194261
21038,0.000738,74.125.24.0-255,2184,49569,58,194261
21039,0.000747,172.31.46.0-255,66,49635,58,194261
21040,0.000853,74.125.24.0-255,1484,51119,58,194261
21041,0.00087,74.125.24.0-255,2902,54021,58,194261
21042,0.000889,74.125.24.0-255,1484,55505,58,194261
21043,0.000894,172.31.46.0-255,66,55571,58,194261
21044,0.000903,74.125.24.0-255,4320,59891,58,194261
21045,0.000907,74.125.24.0-255,4320,64211,58,194261
21046,0.000919,74.125.24.0-255,2902,67113,58,194261
21047,0.000927,172.31.46.0-255,66,67179,58,194261
21048,0.000954,74.125.24.0-255,1484,68663,58,194261
21049,0.000974,74.125.24.0-255,6438,75101,58,194261
21050,0.000977,172.31.46.0-255,66,75167,58,194261
21051,0.001016,74.125.24.0-255,1484,76651,58,194261
21052,0.001022,172.31.46.0-255,66,76717,58,194261
21053,0.001083,74.125.24.0-255,766,77483,58,194261
21054,0.0011,172.31.46.0-255,66,77549,58,194261
21055,0.001155,74.125.24.0-255,1484,79033,58,194261
21056,0.00118,74.125.24.0-255,2902,81935,58,194261
21057,0.001185,74.125.24.0-255,4320,86255,58,194261
21058,0.001191,172.31.46.0-255,66,86321,58,194261
21059,0.001202,74.125.24.0-255,1484,87805,58,194261
21060,0.001254,172.31.46.0-255,66,87871,58,194261
21061,0.001282,74.125.24.0-255,5738,93609,58,194261
21062,0.001299,74.125.24.0-255,5020,98629,58,194261
21063,0.001308,172.31.46.0-255,66,98695,58,194261
21064,0.001317,74.125.24.0-255,2902,101597,58,194261
21065,0.001322,172.31.46.0-255,66,101663,58,194261
21066,0.001345,74.125.24.0-255,2902,104565,58,194261
21067,0.001356,74.125.24.0-255,1484,106049,58,194261
21068,0.00136,74.125.24.0-255,2902,108951,58,194261
21069,0.001382,74.125.24.0-255,2902,111853,58,194261
21070,0.001386,74.125.24.0-255,2902,114755,58,194261
21071,0.001389,172.31.46.0-255,66,114821,58,194261
21072,0.001395,172.31.46.0-255,66,114887,58,194261
21073,0.001453,172.31.46.0-255,66,114953,58,194261
21074,0.001612,74.125.24.0-255,1484,116437,58,194261
21075,0.001618,74.125.24.0-255,2902,119339,58,194261
21076,0.001636,74.125.24.0-255,5738,125077,58,194261
21077,0.001643,172.31.46.0-255,66,125143,58,194261
21078,0.001671,74.125.24.0-255,4320,129463,58,194261
21079,0.001693,74.125.24.0-255,5738,135201,58,194261
21080,0.001706,172.31.46.0-255,66,135267,58,194261
21081,0.00171,74.125.24.0-255,1484,136751,58,194261
21082,0.001736,74.125.24.0-255,2184,138935,58,194261
21083,0.001817,74.125.24.0-255,1484,140419,58,194261
21084,0.001828,172.31.46.0-255,66,140485,58,194261
21085,0.001833,74.125.24.0-255,2184,142669,58,194261
21086,0.001838,172.31.46.0-255,66,142735,58,194261
21087,0.001881,74.125.24.0-255,4320,147055,58,194261
21088,0.001885,74.125.24.0-255,1484,148539,58,194261
21089,0.001895,172.31.46.0-255,66,148605,58,194261
21090,0.001908,74.125.24.0-255,7156,155761,58,194261
21091,0.001923,172.31.46.0-255,66,155827,58,194261
21092,0.001962,74.125.24.0-255,5020,160847,58,194261
21093,0.001973,172.31.46.0-255,66,160913,58,194261
21094,0.002028,74.125.24.0-255,1484,162397,58,194261
21095,0.002056,172.31.46.0-255,66,162463,58,194261
21096,0.002067,172.31.46.0-255,66,162529,58,194261
21097,0.00408,74.125.24.0-255,4320,166849,58,194261
21098,0.004086,172.31.46.0-255,66,166915,58,194261
21099,0.004108,74.125.24.0-255,1484,168399,58,194261
21100,0.006108,74.125.24.0-255,4320,172719,58,194261
21101,0.006118,172.31.46.0-255,66,172785,58,194261
21102,0.008146,74.125.24.0-255,5738,178523,58,194261
21103,0.012245,172.31.46.0-255,66,178589,58,194261
21104,0.014309,74.125.24.0-255,5738,184327,58,194261
21105,0.014319,172.31.46.0-255,66,184393,58,194261
21106,0.016317,74.125.24.0-255,5738,190131,58,194261
21107,0.01661,172.31.46.0-255,66,190197,58,194261
21108,0.018621,74.125.24.0-255,3827,194024,58,194261
21109,0.018627,172.31.46.0-255,66,194090,58,194261
21110,0.018953,172.31.46.0-255,105,194195,58,194261
21111,0.020935,74.125.24.0-255,66,194261,58,194261
21112,0.0,172.31.46.0-255,66,66,58,66
21113,0.0,74.125.24.0-255,153,153,58,237019
21114,1.8e-05,172.31.46.0-255,66,219,58,237019
21115,2.4e-05,74.125.24.0-255,1484,1703,58,237019
21116,3e-05,172.31.46.0-255,66,1769,58,237019
21117,3.5e-05,74.125.24.0-255,2902,4671,58,237019
21118,4.5e-05,172.31.46.0-255,66,4737,58,237019
21119,5.2e-05,74.125.24.0-255,5738,10475,58,237019
21120,5.5e-05,172.31.46.0-255,66,10541,58,237019
21121,7.4e-05,74.125.24.0-255,1484,12025,58,237019
21122,7.6e-05,172.31.46.0-255,66,12091,58,237019
21123,8.5e-05,74.125.24.0-255,2039,14130,58,237019
21124,8.8e-05,172.31.46.0-255,66,14196,58,237019
21125,0.000256,74.125.24.0-255,1484,15680,58,237019
21126,0.000261,172.31.46.0-255,66,15746,58,237019
21127,0.000267,74.125.24.0-255,2902,18648,58,237019
21128,0.00027,172.31.46.0-255,66,18714,58,237019
21129,0.0003,74.125.24.0-255,5738,24452,58,237019
21130,0.000303,172.31.46.0-255,66,24518,58,237019
21131,0.000339,172.31.46.0-255,66,24584,58,237019
21132,0.000342,74.125.24.0-255,1484,26068,58,237019
21133,0.000345,172.31.46.0-255,66,26134,58,237019
21134,0.000379,172.31.46.0-255,66,26200,58,237019
21135,0.000397,172.31.46.0-255,66,26266,58,237019
21136,0.000432,172.31.46.0-255,66,26332,58,237019
21137,0.000458,74.125.24.0-255,397,26729,58,237019
21138,0.000461,172.31.46.0-255,66,26795,58,237019
21139,0.000497,74.125.24.0-255,345,27140,58,237019
21140,0.0005,172.31.46.0-255,66,27206,58,237019
21141,0.000619,74.125.24.0-255,1484,28690,58,237019
21142,0.000626,74.125.24.0-255,2902,31592,58,237019
21143,0.00063,172.31.46.0-255,66,31658,58,237019
21144,0.000637,74.125.24.0-255,4320,35978,58,237019
21145,0.00064,172.31.46.0-255,66,36044,58,237019
21146,0.000666,74.125.24.0-255,1484,37528,58,237019
21147,0.000674,74.125.24.0-255,6797,44325,58,237019
21148,0.000677,172.31.46.0-255,66,44391,58,237019
21149,0.000733,74.125.24.0-255,1484,45875,58,237019
21150,0.000739,74.125.24.0-255,2902,48777,58,237019
21151,0.000743,172.31.46.0-255,66,48843,58,237019
21152,0.000764,74.125.24.0-255,5738,54581,58,237019
21153,0.000767,172.31.46.0-255,66,54647,58,237019
21154,0.00077,74.125.24.0-255,1484,56131,58,237019
21155,0.00082,74.125.24.0-255,1484,57615,58,237019
21156,0.000823,172.31.46.0-255,66,57681,58,237019
21157,0.000853,74.125.24.0-255,3961,61642,58,237019
21158,0.000856,172.31.46.0-255,66,61708,58,237019
21159,0.002053,74.125.24.0-255,1484,63192,58,237019
21160,0.002065,74.125.24.0-255,2902,66094,58,237019
21161,0.002069,172.31.46.0-255,66,66160,58,237019
21162,0.002077,74.125.24.0-255,4320,70480,58,237019
21163,0.00208,172.31.46.0-255,66,70546,58,237019
21164,0.002113,74.125.24.0-255,1484,72030,58,237019
21165,0.002128,172.31.46.0-255,66,72096,58,237019
21166,0.002135,74.125.24.0-255,5738,77834,58,237019
21167,0.002138,172.31.46.0-255,66,77900,58,237019
21168,0.002174,74.125.24.0-255,5020,82920,58,237019
21169,0.002176,172.31.46.0-255,66,82986,58,237019
21170,0.002788,74.125.24.0-255,1484,84470,58,237019
21171,0.002795,74.125.24.0-255,2902,87372,58,237019
21172,0.002798,172.31.46.0-255,66,87438,58,237019
21173,0.002826,74.125.24.0-255,4320,91758,58,237019
21174,0.002828,172.31.46.0-255,66,91824,58,237019
21175,0.002832,74.125.24.0-255,2902,94726,58,237019
21176,0.002834,172.31.46.0-255,66,94792,58,237019
21177,0.002865,74.125.24.0-255,5738,100530,58,237019
21178,0.002867,172.31.46.0-255,66,100596,58,237019
21179,0.002873,74.125.24.0-255,4320,104916,58,237019
21180,0.002875,172.31.46.0-255,66,104982,58,237019
21181,0.002901,74.125.24.0-255,4320,109302,58,237019
21182,0.002904,172.31.46.0-255,66,109368,58,237019
21183,0.00291,74.125.24.0-255,5738,115106,58,237019
21184,0.002912,172.31.46.0-255,66,115172,58,237019
21185,0.002929,74.125.24.0-255,2184,117356,58,237019
21186,0.002935,172.31.46.0-255,66,117422,58,237019
21187,0.003424,74.125.24.0-255,1484,118906,58,237019
21188,0.003428,74.125.24.0-255,1484,120390,58,237019
21189,0.003431,172.31.46.0-255,66,120456,58,237019
21190,0.00346,74.125.24.0-255,1484,121940,58,237019
21191,0.003466,74.125.24.0-255,5738,127678,58,237019
21192,0.003468,172.31.46.0-255,66,127744,58,237019
21193,0.003473,74.125.24.0-255,2902,130646,58,237019
21194,0.003475,172.31.46.0-255,66,130712,58,237019
21195,0.003478,74.125.24.0-255,1484,132196,58,237019
21196,0.003513,172.31.46.0-255,66,132262,58,237019
21197,0.003519,74.125.24.0-255,4320,136582,58,237019
21198,0.003521,172.31.46.0-255,66,136648,58,237019
21199,0.003565,74.125.24.0-255,6438,143086,58,237019
21200,0.003567,172.31.46.0-255,66,143152,58,237019
21201,0.003868,74.125.24.0-255,1484,144636,58,237019
21202,0.003872,74.125.24.0-255,1484,146120,58,237019
21203,0.003875,172.31.46.0-255,66,146186,58,237019
21204,0.003897,74.125.24.0-255,1484,147670,58,237019
21205,0.003904,74.125.24.0-255,5738,153408,58,237019
21206,0.003906,172.31.46.0-255,66,153474,58,237019
21207,0.003909,74.125.24.0-255,1484,154958,58,237019
21208,0.003946,172.31.46.0-255,66,155024,58,237019
21209,0.003953,74.125.24.0-255,7156,162180,58,237019
21210,0.003956,172.31.46.0-255,66,162246,58,237019
21211,0.003981,74.125.24.0-255,3602,165848,58,237019
21212,0.003984,172.31.46.0-255,66,165914,58,237019
21213,0.004009,74.125.24.0-255,4320,170234,58,237019
21214,0.004011,172.31.46.0-255,66,170300,58,237019
21215,0.004021,74.125.24.0-255,1484,171784,58,237019
21216,0.004043,74.125.24.0-255,4320,176104,58,237019
21217,0.00407,74.125.24.0-255,1484,177588,58,237019
21218,0.004134,74.125.24.0-255,4320,181908,58,237019
21219,0.004183,74.125.24.0-255,5738,187646,58,237019
21220,0.004207,74.125.24.0-255,7156,194802,58,237019
21221,0.004222,74.125.24.0-255,4320,199122,58,237019
21222,0.004257,74.125.24.0-255,5738,204860,58,237019
21223,0.004292,74.125.24.0-255,5738,210598,58,237019
21224,0.004327,74.125.24.0-255,1484,212082,58,237019
21225,0.00437,74.125.24.0-255,6438,218520,58,237019
21226,0.004388,74.125.24.0-255,1484,220004,58,237019
21227,0.004405,74.125.24.0-255,5738,225742,58,237019
21228,0.004426,74.125.24.0-255,1484,227226,58,237019
21229,0.004429,74.125.24.0-255,1327,228553,58,237019
21230,0.004454,74.125.24.0-255,105,228658,58,237019
21231,0.00471,172.31.46.0-255,66,228724,58,237019
21232,0.007311,172.31.46.0-255,101,228825,58,237019
21233,0.007662,172.31.46.0-255,105,228930,58,237019
21234,0.009572,74.125.24.0-255,66,228996,58,237019
21235,0.009845,74.125.24.0-255,66,229062,58,237019
21236,0.029102,172.31.46.0-255,164,229226,58,237019
21237,0.029137,172.31.46.0-255,1122,230348,58,237019
21238,0.029204,172.31.46.0-255,1514,231862,58,237019
21239,0.029205,172.31.46.0-255,1514,233376,58,237019
21240,0.029207,172.31.46.0-255,1514,234890,58,237019
21241,0.029208,172.31.46.0-255,1514,236404,58,237019
21242,0.029209,172.31.46.0-255,615,237019,58,237019
21243,0.0,74.125.24.0-255,300,300,58,206046
21244,2.4e-05,172.31.46.0-255,66,366,58,206046
21245,3.1e-05,74.125.24.0-255,1484,1850,58,206046
21246,3.6e-05,172.31.46.0-255,66,1916,58,206046
21247,4.3e-05,74.125.24.0-255,4320,6236,58,206046
21248,5.5e-05,172.31.46.0-255,66,6302,58,206046
21249,6.7e-05,172.31.46.0-255,66,6368,58,206046
21250,0.000226,74.125.24.0-255,1484,7852,58,206046
21251,0.000231,172.31.46.0-255,66,7918,58,206046
21252,0.000237,74.125.24.0-255,2902,10820,58,206046
21253,0.00024,172.31.46.0-255,66,10886,58,206046
21254,0.000243,74.125.24.0-255,1484,12370,58,206046
21255,0.000246,172.31.46.0-255,66,12436,58,206046
21256,0.000284,74.125.24.0-255,4320,16756,58,206046
21257,0.000287,172.31.46.0-255,66,16822,58,206046
21258,0.000293,74.125.24.0-255,4320,21142,58,206046
21259,0.000295,172.31.46.0-255,66,21208,58,206046
21260,0.000318,74.125.24.0-255,2543,23751,58,206046
21261,0.00032,172.31.46.0-255,66,23817,58,206046
21262,0.000345,74.125.24.0-255,1484,25301,58,206046
21263,0.000347,172.31.46.0-255,66,25367,58,206046
21264,0.000352,74.125.24.0-255,2902,28269,58,206046
21265,0.000354,172.31.46.0-255,66,28335,58,206046
21266,0.000385,74.125.24.0-255,5738,34073,58,206046
21267,0.000389,172.31.46.0-255,66,34139,58,206046
21268,0.000429,74.125.24.0-255,6797,40936,58,206046
21269,0.000432,172.31.46.0-255,66,41002,58,206046
21270,0.000985,74.125.24.0-255,1484,42486,58,206046
21271,0.000991,172.31.46.0-255,66,42552,58,206046
21272,0.000996,74.125.24.0-255,2902,45454,58,206046
21273,0.000999,172.31.46.0-255,66,45520,58,206046
21274,0.001011,74.125.24.0-255,5738,51258,58,206046
21275,0.001014,172.31.46.0-255,66,51324,58,206046
21276,0.001022,74.125.24.0-255,6797,58121,58,206046
21277,0.001024,172.31.46.0-255,66,58187,58,206046
21278,0.001052,74.125.24.0-255,645,58832,58,206046
21279,0.001185,74.125.24.0-255,1484,60316,58,206046
21280,0.001189,172.31.46.0-255,66,60382,58,206046
21281,0.001195,74.125.24.0-255,2902,63284,58,206046
21282,0.001197,172.31.46.0-255,66,63350,58,206046
21283,0.001227,74.125.24.0-255,2902,66252,58,206046
21284,0.00123,172.31.46.0-255,66,66318,58,206046
21285,0.001263,74.125.24.0-255,2902,69220,58,206046
21286,0.001266,172.31.46.0-255,66,69286,58,206046
21287,0.001281,172.31.46.0-255,66,69352,58,206046
21288,0.001301,172.31.46.0-255,66,69418,58,206046
21289,0.001344,74.125.24.0-255,5890,75308,58,206046
21290,0.001348,172.31.46.0-255,66,75374,58,206046
21291,0.001356,74.125.24.0-255,7156,82530,58,206046
21292,0.001359,172.31.46.0-255,66,82596,58,206046
21293,0.001364,74.125.24.0-255,2902,85498,58,206046
21294,0.001366,172.31.46.0-255,66,85564,58,206046
21295,0.001409,172.31.46.0-255,66,85630,58,206046
21296,0.001425,172.31.46.0-255,66,85696,58,206046
21297,0.001599,74.125.24.0-255,1484,87180,58,206046
21298,0.001606,74.125.24.0-255,2902,90082,58,206046
21299,0.001609,172.31.46.0-255,66,90148,58,206046
21300,0.001616,74.125.24.0-255,5738,95886,58,206046
21301,0.001618,172.31.46.0-255,66,95952,58,206046
21302,0.001643,74.125.24.0-255,4320,100272,58,206046
21303,0.001645,172.31.46.0-255,66,100338,58,206046
21304,0.001679,172.31.46.0-255,66,100404,58,206046
21305,0.001693,172.31.46.0-255,66,100470,58,206046
21306,0.001718,74.125.24.0-255,1484,101954,58,206046
21307,0.001729,74.125.24.0-255,1484,103438,58,206046
21308,0.001731,172.31.46.0-255,66,103504,58,206046
21309,0.001759,74.125.24.0-255,1484,104988,58,206046
21310,0.001765,74.125.24.0-255,5738,110726,58,206046
21311,0.001771,74.125.24.0-255,4320,115046,58,206046
21312,0.001776,172.31.46.0-255,66,115112,58,206046
21313,0.001779,172.31.46.0-255,66,115178,58,206046
21314,0.001817,172.31.46.0-255,66,115244,58,206046
21315,0.001825,74.125.24.0-255,7156,122400,58,206046
21316,0.001828,172.31.46.0-255,66,122466,58,206046
21317,0.001867,74.125.24.0-255,3602,126068,58,206046
21318,0.00187,172.31.46.0-255,66,126134,58,206046
21319,0.002141,74.125.24.0-255,1484,127618,58,206046
21320,0.002158,74.125.24.0-255,2902,130520,58,206046
21321,0.002162,172.31.46.0-255,66,130586,58,206046
21322,0.00217,74.125.24.0-255,5738,136324,58,206046
21323,0.002172,172.31.46.0-255,66,136390,58,206046
21324,0.002196,74.125.24.0-255,4320,140710,58,206046
21325,0.002198,172.31.46.0-255,66,140776,58,206046
21326,0.002237,172.31.46.0-255,66,140842,58,206046
21327,0.002242,74.125.24.0-255,4320,145162,58,206046
21328,0.002245,172.31.46.0-255,66,145228,58,206046
21329,0.002279,74.125.24.0-255,3602,148830,58,206046
21330,0.002284,172.31.46.0-255,66,148896,58,206046
21331,0.002387,74.125.24.0-255,1484,150380,58,206046
21332,0.002393,74.125.24.0-255,2902,153282,58,206046
21333,0.002396,172.31.46.0-255,66,153348,58,206046
21334,0.002403,74.125.24.0-255,5738,159086,58,206046
21335,0.002405,172.31.46.0-255,66,159152,58,206046
21336,0.002487,172.31.46.0-255,66,159218,58,206046
21337,0.002499,172.31.46.0-255,66,159284,58,206046
21338,0.002563,74.125.24.0-255,1484,160768,58,206046
21339,0.007961,172.31.46.0-255,66,160834,58,206046
21340,0.0105,74.125.24.0-255,5738,166572,58,206046
21341,0.010507,172.31.46.0-255,66,166638,58,206046
21342,0.013063,74.125.24.0-255,4320,170958,58,206046
21343,0.01307,172.31.46.0-255,66,171024,58,206046
21344,0.013098,74.125.24.0-255,1484,172508,58,206046
21345,0.015614,74.125.24.0-255,4320,176828,58,206046
21346,0.015623,172.31.46.0-255,66,176894,58,206046
21347,0.018176,74.125.24.0-255,5738,182632,58,206046
21348,0.018185,172.31.46.0-255,66,182698,58,206046
21349,0.020761,74.125.24.0-255,5738,188436,58,206046
21350,0.020769,172.31.46.0-255,66,188502,58,206046
21351,0.023324,74.125.24.0-255,5738,194240,58,206046
21352,0.023333,172.31.46.0-255,66,194306,58,206046
21353,0.025894,74.125.24.0-255,5738,200044,58,206046
21354,0.025903,172.31.46.0-255,66,200110,58,206046
21355,0.028473,74.125.24.0-255,2902,203012,58,206046
21356,0.02848,172.31.46.0-255,66,203078,58,206046
21357,0.028505,74.125.24.0-255,2902,205980,58,206046
21358,0.028508,172.31.46.0-255,66,206046,58,206046
21359,0.0,74.125.24.0-255,153,153,58,113875
21360,2e-05,172.31.46.0-255,66,219,58,113875
21361,2.7e-05,74.125.24.0-255,1484,1703,58,113875
21362,3.1e-05,172.31.46.0-255,66,1769,58,113875
21363,4.2e-05,74.125.24.0-255,2902,4671,58,113875
21364,4.5e-05,172.31.46.0-255,66,4737,58,113875
21365,7.9e-05,74.125.24.0-255,5738,10475,58,113875
21366,8.3e-05,172.31.46.0-255,66,10541,58,113875
21367,0.000106,74.125.24.0-255,1484,12025,58,113875
21368,0.000108,172.31.46.0-255,66,12091,58,113875
21369,0.000204,74.125.24.0-255,2099,14190,58,113875
21370,0.000207,172.31.46.0-255,66,14256,58,113875
21371,0.001262,74.125.24.0-255,1484,15740,58,113875
21372,0.001269,172.31.46.0-255,66,15806,58,113875
21373,0.001279,74.125.24.0-255,2902,18708,58,113875
21374,0.001286,172.31.46.0-255,66,18774,58,113875
21375,0.001315,74.125.24.0-255,5738,24512,58,113875
21376,0.001317,172.31.46.0-255,66,24578,58,113875
21377,0.001412,74.125.24.0-255,1484,26062,58,113875
21378,0.001414,172.31.46.0-255,66,26128,58,113875
21379,0.001452,172.31.46.0-255,66,26194,58,113875
21380,0.001613,74.125.24.0-255,2902,29096,58,113875
21381,0.001615,172.31.46.0-255,66,29162,58,113875
21382,0.001639,74.125.24.0-255,1484,30646,58,113875
21383,0.001641,172.31.46.0-255,66,30712,58,113875
21384,0.001687,74.125.24.0-255,2902,33614,58,113875
21385,0.00169,172.31.46.0-255,66,33680,58,113875
21386,0.001735,172.31.46.0-255,66,33746,58,113875
21387,0.002028,74.125.24.0-255,2902,36648,58,113875
21388,0.002031,172.31.46.0-255,66,36714,58,113875
21389,0.002058,74.125.24.0-255,3928,40642,58,113875
21390,0.003166,172.31.46.0-255,66,40708,58,113875
21391,0.004307,74.125.24.0-255,1484,42192,58,113875
21392,0.005428,74.125.24.0-255,4320,46512,58,113875
21393,0.005435,172.31.46.0-255,66,46578,58,113875
21394,0.007684,74.125.24.0-255,5738,52316,58,113875
21395,0.007715,172.31.46.0-255,66,52382,58,113875
21396,0.010015,74.125.24.0-255,5738,58120,58,113875
21397,0.010024,172.31.46.0-255,66,58186,58,113875
21398,0.012285,74.125.24.0-255,5738,63924,58,113875
21399,0.012297,172.31.46.0-255,66,63990,58,113875
21400,0.014582,74.125.24.0-255,5738,69728,58,113875
21401,0.014591,172.31.46.0-255,66,69794,58,113875
21402,0.016901,74.125.24.0-255,5738,75532,58,113875
21403,0.016906,172.31.46.0-255,66,75598,58,113875
21404,0.019226,74.125.24.0-255,5738,81336,58,113875
21405,0.019235,172.31.46.0-255,66,81402,58,113875
21406,0.021524,74.125.24.0-255,5738,87140,58,113875
21407,0.021533,172.31.46.0-255,66,87206,58,113875
21408,0.023784,74.125.24.0-255,5738,92944,58,113875
21409,0.023791,172.31.46.0-255,66,93010,58,113875
21410,0.023889,172.31.46.0-255,172,93182,58,113875
21411,0.023917,172.31.46.0-255,1113,94295,58,113875
21412,0.024047,172.31.46.0-255,1514,95809,58,113875
21413,0.02405,172.31.46.0-255,1514,97323,58,113875
21414,0.024056,172.31.46.0-255,1514,98837,58,113875
21415,0.024057,172.31.46.0-255,1514,100351,58,113875
21416,0.024075,172.31.46.0-255,1514,101865,58,113875
21417,0.024077,172.31.46.0-255,138,102003,58,113875
21418,0.02543,104.244.42.0-255,66,102069,58,113875
21419,0.025479,104.244.42.0-255,66,102135,58,113875
21420,0.025658,104.244.42.0-255,66,102201,58,113875
21421,0.025665,104.244.42.0-255,66,102267,58,113875
21422,0.026045,74.125.24.0-255,5738,108005,58,113875
21423,0.026051,172.31.46.0-255,66,108071,58,113875
21424,0.028317,74.125.24.0-255,5738,113809,58,113875
21425,0.028323,172.31.46.0-255,66,113875,58,113875
21426,0.0,74.125.24.0-255,153,153,58,256745
21427,1.5e-05,172.31.46.0-255,66,219,58,256745
21428,2.2e-05,74.125.24.0-255,1484,1703,58,256745
21429,2.6e-05,172.31.46.0-255,66,1769,58,256745
21430,3.2e-05,74.125.24.0-255,2902,4671,58,256745
21431,3.6e-05,172.31.46.0-255,66,4737,58,256745
21432,4.4e-05,74.125.24.0-255,7156,11893,58,256745
21433,4.7e-05,172.31.46.0-255,66,11959,58,256745
21434,5.4e-05,74.125.24.0-255,4946,16905,58,256745
21435,5.7e-05,172.31.46.0-255,66,16971,58,256745
21436,9.8e-05,172.31.46.0-255,66,17037,58,256745
21437,0.00015,74.125.24.0-255,1484,18521,58,256745
21438,0.000152,172.31.46.0-255,66,18587,58,256745
21439,0.000157,74.125.24.0-255,2902,21489,58,256745
21440,0.000159,172.31.46.0-255,66,21555,58,256745
21441,0.000165,74.125.24.0-255,4320,25875,58,256745
21442,0.000167,172.31.46.0-255,66,25941,58,256745
21443,0.000189,74.125.24.0-255,1484,27425,58,256745
21444,0.000192,172.31.46.0-255,66,27491,58,256745
21445,0.000217,74.125.24.0-255,6797,34288,58,256745
21446,0.000219,172.31.46.0-255,66,34354,58,256745
21447,0.000313,74.125.24.0-255,1484,35838,58,256745
21448,0.000316,172.31.46.0-255,66,35904,58,256745
21449,0.000321,74.125.24.0-255,2902,38806,58,256745
21450,0.000323,172.31.46.0-255,66,38872,58,256745
21451,0.000328,74.125.24.0-255,2902,41774,58,256745
21452,0.000331,172.31.46.0-255,66,41840,58,256745
21453,0.000345,74.125.24.0-255,2902,44742,58,256745
21454,0.000347,172.31.46.0-255,66,44808,58,256745
21455,0.000353,74.125.24.0-255,4320,49128,58,256745
21456,0.000355,172.31.46.0-255,66,49194,58,256745
21457,0.000378,74.125.24.0-255,3122,52316,58,256745
21458,0.00038,172.31.46.0-255,66,52382,58,256745
21459,0.001106,74.125.24.0-255,1484,53866,58,256745
21460,0.00113,74.125.24.0-255,2902,56768,58,256745
21461,0.001134,172.31.46.0-255,66,56834,58,256745
21462,0.001151,74.125.24.0-255,1484,58318,58,256745
21463,0.001169,74.125.24.0-255,4320,62638,58,256745
21464,0.001171,172.31.46.0-255,66,62704,58,256745
21465,0.001176,74.125.24.0-255,4320,67024,58,256745
21466,0.001178,172.31.46.0-255,66,67090,58,256745
21467,0.001191,74.125.24.0-255,2902,69992,58,256745
21468,0.001193,172.31.46.0-255,66,70058,58,256745
21469,0.001219,172.31.46.0-255,66,70124,58,256745
21470,0.001247,74.125.24.0-255,5738,75862,58,256745
21471,0.00125,172.31.46.0-255,66,75928,58,256745
21472,0.001254,74.125.24.0-255,2184,78112,58,256745
21473,0.001256,172.31.46.0-255,66,78178,58,256745
21474,0.001305,74.125.24.0-255,2902,81080,58,256745
21475,0.001308,172.31.46.0-255,66,81146,58,256745
21476,0.001324,74.125.24.0-255,4320,85466,58,256745
21477,0.001326,172.31.46.0-255,66,85532,58,256745
21478,0.001377,74.125.24.0-255,2902,88434,58,256745
21479,0.001381,172.31.46.0-255,66,88500,58,256745
21480,0.001404,74.125.24.0-255,5738,94238,58,256745
21481,0.001407,172.31.46.0-255,66,94304,58,256745
21482,0.001419,172.31.46.0-255,66,94370,58,256745
21483,0.001426,74.125.24.0-255,7156,101526,58,256745
21484,0.001428,172.31.46.0-255,66,101592,58,256745
21485,0.001478,74.125.24.0-255,2184,103776,58,256745
21486,0.001483,172.31.46.0-255,66,103842,58,256745
21487,0.001516,74.125.24.0-255,2902,106744,58,256745
21488,0.001521,172.31.46.0-255,66,106810,58,256745
21489,0.001527,74.125.24.0-255,5738,112548,58,256745
21490,0.001529,172.31.46.0-255,66,112614,58,256745
21491,0.001564,172.31.46.0-255,66,112680,58,256745
21492,0.00157,74.125.24.0-255,5738,118418,58,256745
21493,0.001573,172.31.46.0-255,66,118484,58,256745
21494,0.00159,74.125.24.0-255,7156,125640,58,256745
21495,0.001593,172.31.46.0-255,66,125706,58,256745
21496,0.001615,74.125.24.0-255,766,126472,58,256745
21497,0.002129,74.125.24.0-255,1484,127956,58,256745
21498,0.002136,172.31.46.0-255,66,128022,58,256745
21499,0.002143,74.125.24.0-255,2902,130924,58,256745
21500,0.002145,172.31.46.0-255,66,130990,58,256745
21501,0.002152,74.125.24.0-255,5738,136728,58,256745
21502,0.002155,172.31.46.0-255,66,136794,58,256745
21503,0.002191,172.31.46.0-255,66,136860,58,256745
21504,0.00222,74.125.24.0-255,1484,138344,58,256745
21505,0.002253,172.31.46.0-255,66,138410,58,256745
21506,0.002783,74.125.24.0-255,1484,139894,58,256745
21507,0.002796,74.125.24.0-255,2902,142796,58,256745
21508,0.002798,172.31.46.0-255,66,142862,58,256745
21509,0.002814,74.125.24.0-255,1484,144346,58,256745
21510,0.002831,74.125.24.0-255,4320,148666,58,256745
21511,0.002833,172.31.46.0-255,66,148732,58,256745
21512,0.002835,74.125.24.0-255,1484,150216,58,256745
21513,0.00285,74.125.24.0-255,2902,153118,58,256745
21514,0.002852,172.31.46.0-255,66,153184,58,256745
21515,0.002858,74.125.24.0-255,4320,157504,58,256745
21516,0.00286,172.31.46.0-255,66,157570,58,256745
21517,0.002877,74.125.24.0-255,1484,159054,58,256745
21518,0.002909,172.31.46.0-255,66,159120,58,256745
21519,0.002963,74.125.24.0-255,3602,162722,58,256745
21520,0.002965,172.31.46.0-255,66,162788,58,256745
21521,0.003196,74.125.24.0-255,1484,164272,58,256745
21522,0.003201,74.125.24.0-255,1484,165756,58,256745
21523,0.003204,172.31.46.0-255,66,165822,58,256745
21524,0.003208,74.125.24.0-255,2902,168724,58,256745
21525,0.003211,172.31.46.0-255,66,168790,58,256745
21526,0.003217,74.125.24.0-255,4320,173110,58,256745
21527,0.00322,172.31.46.0-255,66,173176,58,256745
21528,0.00324,74.125.24.0-255,1484,174660,58,256745
21529,0.00325,74.125.24.0-255,5738,180398,58,256745
21530,0.003252,172.31.46.0-255,66,180464,58,256745
21531,0.003265,74.125.24.0-255,4320,184784,58,256745
21532,0.003267,172.31.46.0-255,66,184850,58,256745
21533,0.0033,172.31.46.0-255,66,184916,58,256745
21534,0.003311,74.125.24.0-255,1484,186400,58,256745
21535,0.003314,74.125.24.0-255,766,187166,58,256745
21536,0.003317,172.31.46.0-255,66,187232,58,256745
21537,0.00334,74.125.24.0-255,1484,188716,58,256745
21538,0.003343,74.125.24.0-255,1484,190200,58,256745
21539,0.003346,172.31.46.0-255,66,190266,58,256745
21540,0.003368,74.125.24.0-255,2902,193168,58,256745
21541,0.003371,172.31.46.0-255,66,193234,58,256745
21542,0.003377,74.125.24.0-255,5738,198972,58,256745
21543,0.00338,172.31.46.0-255,66,199038,58,256745
21544,0.003396,74.125.24.0-255,4320,203358,58,256745
21545,0.003412,74.125.24.0-255,2902,206260,58,256745
21546,0.003446,74.125.24.0-255,3602,209862,58,256745
21547,0.003454,172.31.46.0-255,66,209928,58,256745
21548,0.003545,74.125.24.0-255,1484,211412,58,256745
21549,0.003564,74.125.24.0-255,1484,212896,58,256745
21550,0.003575,172.31.46.0-255,66,212962,58,256745
21551,0.003581,74.125.24.0-255,4320,217282,58,256745
21552,0.003586,74.125.24.0-255,2902,220184,58,256745
21553,0.003591,74.125.24.0-255,4320,224504,58,256745
21554,0.003601,172.31.46.0-255,66,224570,58,256745
21555,0.003607,74.125.24.0-255,4320,228890,58,256745
21556,0.003611,74.125.24.0-255,2902,231792,58,256745
21557,0.003647,74.125.24.0-255,2184,233976,58,256745
21558,0.003654,172.31.46.0-255,66,234042,58,256745
21559,0.004977,172.31.46.0-255,101,234143,58,256745
21560,0.006427,74.125.24.0-255,1484,235627,58,256745
21561,0.006438,74.125.24.0-255,2902,238529,58,256745
21562,0.006444,172.31.46.0-255,66,238595,58,256745
21563,0.006449,74.125.24.0-255,1484,240079,58,256745
21564,0.006469,74.125.24.0-255,4320,244399,58,256745
21565,0.006472,172.31.46.0-255,66,244465,58,256745
21566,0.006484,172.31.46.0-255,66,244531,58,256745
21567,0.00651,74.125.24.0-255,4320,248851,58,256745
21568,0.006513,172.31.46.0-255,66,248917,58,256745
21569,0.006525,172.31.46.0-255,66,248983,58,256745
21570,0.006565,74.125.24.0-255,5738,254721,58,256745
21571,0.006568,172.31.46.0-255,66,254787,58,256745
21572,0.006601,172.31.46.0-255,66,254853,58,256745
21573,0.006604,74.125.24.0-255,1484,256337,58,256745
21574,0.006634,172.31.46.0-255,66,256403,58,256745
21575,0.006638,74.125.24.0-255,105,256508,58,256745
21576,0.00722,74.125.24.0-255,66,256574,58,256745
21577,0.011242,172.31.46.0-255,105,256679,58,256745
21578,0.013484,74.125.24.0-255,66,256745,58,256745
21579,0.0,74.125.68.0-255,146,146,58,328216
21580,1.9e-05,172.31.46.0-255,66,212,58,328216
21581,2.7e-05,74.125.68.0-255,1484,1696,58,328216
21582,3.1e-05,172.31.46.0-255,66,1762,58,328216
21583,3.5e-05,74.125.68.0-255,1484,3246,58,328216
21584,3.7e-05,172.31.46.0-255,66,3312,58,328216
21585,4.3e-05,74.125.68.0-255,2902,6214,58,328216
21586,4.5e-05,172.31.46.0-255,66,6280,58,328216
21587,7.8e-05,74.125.68.0-255,5738,12018,58,328216
21588,8.1e-05,172.31.46.0-255,66,12084,58,328216
21589,8.4e-05,74.125.68.0-255,1484,13568,58,328216
21590,8.6e-05,172.31.46.0-255,66,13634,58,328216
21591,0.000109,74.125.68.0-255,6376,20010,58,328216
21592,0.000112,172.31.46.0-255,66,20076,58,328216
21593,0.000118,74.125.68.0-255,5738,25814,58,328216
21594,0.00012,172.31.46.0-255,66,25880,58,328216
21595,0.00014,74.125.68.0-255,2902,28782,58,328216
21596,0.000143,172.31.46.0-255,66,28848,58,328216
21597,0.000147,74.125.68.0-255,2543,31391,58,328216
21598,0.000149,172.31.46.0-255,66,31457,58,328216
21599,0.00023,74.125.68.0-255,1484,32941,58,328216
21600,0.000233,172.31.46.0-255,66,33007,58,328216
21601,0.000254,74.125.68.0-255,2902,35909,58,328216
21602,0.000256,172.31.46.0-255,66,35975,58,328216
21603,0.000284,74.125.68.0-255,2902,38877,58,328216
21604,0.000286,172.31.46.0-255,66,38943,58,328216
21605,0.000308,74.125.68.0-255,4320,43263,58,328216
21606,0.000311,172.31.46.0-255,66,43329,58,328216
21607,0.000331,74.125.68.0-255,2902,46231,58,328216
21608,0.000333,172.31.46.0-255,66,46297,58,328216
21609,0.00036,74.125.68.0-255,6797,53094,58,328216
21610,0.000362,172.31.46.0-255,66,53160,58,328216
21611,0.000374,172.31.46.0-255,66,53226,58,328216
21612,0.000377,74.125.68.0-255,1484,54710,58,328216
21613,0.00038,172.31.46.0-255,66,54776,58,328216
21614,0.000399,74.125.68.0-255,1401,56177,58,328216
21615,0.000401,172.31.46.0-255,66,56243,58,328216
21616,0.000404,74.125.68.0-255,130,56373,58,328216
21617,0.000407,172.31.46.0-255,66,56439,58,328216
21618,0.000484,74.125.68.0-255,1484,57923,58,328216
21619,0.000487,172.31.46.0-255,66,57989,58,328216
21620,0.000509,74.125.68.0-255,2902,60891,58,328216
21621,0.000517,74.125.68.0-255,5738,66629,58,328216
21622,0.000543,74.125.68.0-255,7156,73785,58,328216
21623,0.000554,74.125.68.0-255,1484,75269,58,328216
21624,0.00056,74.125.68.0-255,4320,79589,58,328216
21625,0.000577,74.125.68.0-255,5738,85327,58,328216
21626,0.000581,172.31.46.0-255,66,85393,58,328216
21627,0.000587,172.31.46.0-255,66,85459,58,328216
21628,0.000602,74.125.68.0-255,5020,90479,58,328216
21629,0.000605,74.125.68.0-255,349,90828,58,328216
21630,0.000628,172.31.46.0-255,66,90894,58,328216
21631,0.0007,74.125.68.0-255,1484,92378,58,328216
21632,0.000721,74.125.68.0-255,2902,95280,58,328216
21633,0.000727,74.125.68.0-255,4320,99600,58,328216
21634,0.000739,74.125.68.0-255,1484,101084,58,328216
21635,0.000743,74.125.68.0-255,2902,103986,58,328216
21636,0.000746,172.31.46.0-255,66,104052,58,328216
21637,0.000751,172.31.46.0-255,66,104118,58,328216
21638,0.000763,74.125.68.0-255,4320,108438,58,328216
21639,0.000766,74.125.68.0-255,1484,109922,58,328216
21640,0.000779,172.31.46.0-255,66,109988,58,328216
21641,0.000795,74.125.68.0-255,7156,117144,58,328216
21642,0.000801,74.125.68.0-255,5738,122882,58,328216
21643,0.000844,74.125.68.0-255,2184,125066,58,328216
21644,0.00085,172.31.46.0-255,66,125132,58,328216
21645,0.000893,74.125.68.0-255,1484,126616,58,328216
21646,0.000918,74.125.68.0-255,2902,129518,58,328216
21647,0.000931,172.31.46.0-255,66,129584,58,328216
21648,0.000938,74.125.68.0-255,5738,135322,58,328216
21649,0.000941,74.125.68.0-255,2902,138224,58,328216
21650,0.000961,172.31.46.0-255,66,138290,58,328216
21651,0.000972,74.125.68.0-255,5738,144028,58,328216
21652,0.000988,74.125.68.0-255,4320,148348,58,328216
21653,0.000991,74.125.68.0-255,1484,149832,58,328216
21654,0.001,172.31.46.0-255,66,149898,58,328216
21655,0.001006,74.125.68.0-255,4320,154218,58,328216
21656,0.00101,172.31.46.0-255,66,154284,58,328216
21657,0.001019,74.125.68.0-255,2902,157186,58,328216
21658,0.001044,74.125.68.0-255,2184,159370,58,328216
21659,0.001048,172.31.46.0-255,66,159436,58,328216
21660,0.001218,74.125.68.0-255,1484,160920,58,328216
21661,0.001233,74.125.68.0-255,2902,163822,58,328216
21662,0.001235,74.125.68.0-255,1484,165306,58,328216
21663,0.001242,172.31.46.0-255,66,165372,58,328216
21664,0.00126,74.125.68.0-255,4320,169692,58,328216
21665,0.001266,74.125.68.0-255,4320,174012,58,328216
21666,0.001278,172.31.46.0-255,66,174078,58,328216
21667,0.001283,74.125.68.0-255,2902,176980,58,328216
21668,0.001287,172.31.46.0-255,66,177046,58,328216
21669,0.001322,74.125.68.0-255,2902,179948,58,328216
21670,0.001327,172.31.46.0-255,66,180014,58,328216
21671,0.001347,74.125.68.0-255,3602,183616,58,328216
21672,0.001368,172.31.46.0-255,66,183682,58,328216
21673,0.001409,74.125.68.0-255,1484,185166,58,328216
21674,0.001423,74.125.68.0-255,2902,188068,58,328216
21675,0.001427,172.31.46.0-255,66,188134,58,328216
21676,0.001448,74.125.68.0-255,5738,193872,58,328216
21677,0.001453,74.125.68.0-255,2902,196774,58,328216
21678,0.001468,74.125.68.0-255,4320,201094,58,328216
21679,0.001476,172.31.46.0-255,66,201160,58,328216
21680,0.001502,74.125.68.0-255,5738,206898,58,328216
21681,0.001507,172.31.46.0-255,66,206964,58,328216
21682,0.001547,74.125.68.0-255,6438,213402,58,328216
21683,0.00155,74.125.68.0-255,1484,214886,58,328216
21684,0.001564,74.125.68.0-255,4320,219206,58,328216
21685,0.001567,172.31.46.0-255,66,219272,58,328216
21686,0.001583,74.125.68.0-255,7156,226428,58,328216
21687,0.001598,74.125.68.0-255,1484,227912,58,328216
21688,0.001601,172.31.46.0-255,66,227978,58,328216
21689,0.001626,74.125.68.0-255,7156,235134,58,328216
21690,0.001631,172.31.46.0-255,66,235200,58,328216
21691,0.00169,172.31.46.0-255,66,235266,58,328216
21692,0.001731,74.125.68.0-255,1484,236750,58,328216
21693,0.001736,74.125.68.0-255,2902,239652,58,328216
21694,0.001749,172.31.46.0-255,66,239718,58,328216
21695,0.001757,74.125.68.0-255,2902,242620,58,328216
21696,0.001761,74.125.68.0-255,1484,244104,58,328216
21697,0.00178,74.125.68.0-255,2902,247006,58,328216
21698,0.001786,74.125.68.0-255,5738,252744,58,328216
21699,0.001792,172.31.46.0-255,66,252810,58,328216
21700,0.001806,74.125.68.0-255,2902,255712,58,328216
21701,0.001812,74.125.68.0-255,5738,261450,58,328216
21702,0.001819,172.31.46.0-255,66,261516,58,328216
21703,0.001836,74.125.68.0-255,7156,268672,58,328216
21704,0.001839,74.125.68.0-255,766,269438,58,328216
21705,0.001846,172.31.46.0-255,66,269504,58,328216
21706,0.0019,74.125.68.0-255,1484,270988,58,328216
21707,0.001915,74.125.68.0-255,2902,273890,58,328216
21708,0.00192,172.31.46.0-255,66,273956,58,328216
21709,0.001935,74.125.68.0-255,2902,276858,58,328216
21710,0.001951,74.125.68.0-255,2902,279760,58,328216
21711,0.00198,74.125.68.0-255,1484,281244,58,328216
21712,0.001982,172.31.46.0-255,66,281310,58,328216
21713,0.001989,172.31.46.0-255,66,281376,58,328216
21714,0.002017,74.125.68.0-255,2184,283560,58,328216
21715,0.00202,74.125.68.0-255,2902,286462,58,328216
21716,0.002038,172.31.46.0-255,66,286528,58,328216
21717,0.002045,74.125.68.0-255,7156,293684,58,328216
21718,0.002049,172.31.46.0-255,66,293750,58,328216
21719,0.002059,74.125.68.0-255,5738,299488,58,328216
21720,0.002072,74.125.68.0-255,1484,300972,58,328216
21721,0.002083,172.31.46.0-255,66,301038,58,328216
21722,0.002093,74.125.68.0-255,5738,306776,58,328216
21723,0.002098,172.31.46.0-255,66,306842,58,328216
21724,0.002109,74.125.68.0-255,1484,308326,58,328216
21725,0.002161,74.125.68.0-255,7156,315482,58,328216
21726,0.002175,74.125.68.0-255,4320,319802,58,328216
21727,0.00218,74.125.68.0-255,4320,324122,58,328216
21728,0.002245,74.125.68.0-255,3752,327874,58,328216
21729,0.002256,74.125.68.0-255,105,327979,58,328216
21730,0.006621,172.31.46.0-255,66,328045,58,328216
21731,0.008559,172.31.46.0-255,105,328150,58,328216
21732,0.010854,74.125.68.0-255,66,328216,58,328216
21733,0.0,74.125.24.0-255,153,153,58,247034
21734,2e-05,172.31.46.0-255,66,219,58,247034
21735,2.7e-05,74.125.24.0-255,1484,1703,58,247034
21736,3e-05,172.31.46.0-255,66,1769,58,247034
21737,4.4e-05,74.125.24.0-255,2902,4671,58,247034
21738,4.8e-05,172.31.46.0-255,66,4737,58,247034
21739,5.5e-05,74.125.24.0-255,7156,11893,58,247034
21740,5.9e-05,172.31.46.0-255,66,11959,58,247034
21741,6.3e-05,74.125.24.0-255,1974,13933,58,247034
21742,6.5e-05,172.31.46.0-255,66,13999,58,247034
21743,0.000181,74.125.24.0-255,1484,15483,58,247034
21744,0.000185,172.31.46.0-255,66,15549,58,247034
21745,0.00019,74.125.24.0-255,2902,18451,58,247034
21746,0.000193,172.31.46.0-255,66,18517,58,247034
21747,0.000224,74.125.24.0-255,5738,24255,58,247034
21748,0.000227,172.31.46.0-255,66,24321,58,247034
21749,0.000232,74.125.24.0-255,4320,28641,58,247034
21750,0.000234,172.31.46.0-255,66,28707,58,247034
21751,0.000261,74.125.24.0-255,2543,31250,58,247034
21752,0.000263,172.31.46.0-255,66,31316,58,247034
21753,0.000266,74.125.24.0-255,1484,32800,58,247034
21754,0.000268,172.31.46.0-255,66,32866,58,247034
21755,0.000273,74.125.24.0-255,2902,35768,58,247034
21756,0.000277,172.31.46.0-255,66,35834,58,247034
21757,0.000303,74.125.24.0-255,5738,41572,58,247034
21758,0.000306,172.31.46.0-255,66,41638,58,247034
21759,0.000312,74.125.24.0-255,5738,47376,58,247034
21760,0.000316,172.31.46.0-255,66,47442,58,247034
21761,0.000355,74.125.24.0-255,1125,48567,58,247034
21762,0.000358,172.31.46.0-255,66,48633,58,247034
21763,0.000523,74.125.24.0-255,1484,50117,58,247034
21764,0.000526,172.31.46.0-255,66,50183,58,247034
21765,0.000531,74.125.24.0-255,2902,53085,58,247034
21766,0.000534,172.31.46.0-255,66,53151,58,247034
21767,0.000565,74.125.24.0-255,5738,58889,58,247034
21768,0.000568,172.31.46.0-255,66,58955,58,247034
21769,0.000574,74.125.24.0-255,6797,65752,58,247034
21770,0.000576,172.31.46.0-255,66,65818,58,247034
21771,0.000607,74.125.24.0-255,646,66464,58,247034
21772,0.000633,74.125.24.0-255,1484,67948,58,247034
21773,0.000636,172.31.46.0-255,66,68014,58,247034
21774,0.000642,74.125.24.0-255,2902,70916,58,247034
21775,0.000643,172.31.46.0-255,66,70982,58,247034
21776,0.00067,74.125.24.0-255,1484,72466,58,247034
21777,0.000676,74.125.24.0-255,5738,78204,58,247034
21778,0.000678,172.31.46.0-255,66,78270,58,247034
21779,0.000697,74.125.24.0-255,4320,82590,58,247034
21780,0.000699,172.31.46.0-255,66,82656,58,247034
21781,0.000711,172.31.46.0-255,66,82722,58,247034
21782,0.000714,74.125.24.0-255,1484,84206,58,247034
21783,0.000741,74.125.24.0-255,5379,89585,58,247034
21784,0.000743,172.31.46.0-255,66,89651,58,247034
21785,0.000781,74.125.24.0-255,7156,96807,58,247034
21786,0.000785,172.31.46.0-255,66,96873,58,247034
21787,0.000815,172.31.46.0-255,66,96939,58,247034
21788,0.000817,74.125.24.0-255,458,97397,58,247034
21789,0.000924,74.125.24.0-255,1484,98881,58,247034
21790,0.000928,172.31.46.0-255,66,98947,58,247034
21791,0.000932,74.125.24.0-255,2902,101849,58,247034
21792,0.000934,172.31.46.0-255,66,101915,58,247034
21793,0.000938,74.125.24.0-255,2902,104817,58,247034
21794,0.00094,172.31.46.0-255,66,104883,58,247034
21795,0.000964,74.125.24.0-255,2902,107785,58,247034
21796,0.000966,172.31.46.0-255,66,107851,58,247034
21797,0.000986,74.125.24.0-255,4320,112171,58,247034
21798,0.000992,172.31.46.0-255,66,112237,58,247034
21799,0.001016,74.125.24.0-255,3241,115478,58,247034
21800,0.001018,172.31.46.0-255,66,115544,58,247034
21801,0.001064,74.125.24.0-255,1484,117028,58,247034
21802,0.001069,74.125.24.0-255,2902,119930,58,247034
21803,0.001071,172.31.46.0-255,66,119996,58,247034
21804,0.001076,74.125.24.0-255,5738,125734,58,247034
21805,0.001078,172.31.46.0-255,66,125800,58,247034
21806,0.001125,172.31.46.0-255,66,125866,58,247034
21807,0.001149,74.125.24.0-255,7156,133022,58,247034
21808,0.001151,172.31.46.0-255,66,133088,58,247034
21809,0.001177,74.125.24.0-255,3602,136690,58,247034
21810,0.001179,172.31.46.0-255,66,136756,58,247034
21811,0.001606,74.125.24.0-255,1484,138240,58,247034
21812,0.001622,74.125.24.0-255,2902,141142,58,247034
21813,0.001625,172.31.46.0-255,66,141208,58,247034
21814,0.001629,74.125.24.0-255,1484,142692,58,247034
21815,0.001633,74.125.24.0-255,2902,145594,58,247034
21816,0.001635,172.31.46.0-255,66,145660,58,247034
21817,0.001672,74.125.24.0-255,5738,151398,58,247034
21818,0.001677,172.31.46.0-255,66,151464,58,247034
21819,0.001687,74.125.24.0-255,4320,155784,58,247034
21820,0.001689,172.31.46.0-255,66,155850,58,247034
21821,0.001721,172.31.46.0-255,66,155916,58,247034
21822,0.001728,74.125.24.0-255,6438,162354,58,247034
21823,0.00173,172.31.46.0-255,66,162420,58,247034
21824,0.002228,74.125.24.0-255,1484,163904,58,247034
21825,0.002234,74.125.24.0-255,1484,165388,58,247034
21826,0.002237,172.31.46.0-255,66,165454,58,247034
21827,0.002264,74.125.24.0-255,1484,166938,58,247034
21828,0.002271,74.125.24.0-255,5738,172676,58,247034
21829,0.002274,172.31.46.0-255,66,172742,58,247034
21830,0.002285,172.31.46.0-255,66,172808,58,247034
21831,0.002297,74.125.24.0-255,4320,177128,58,247034
21832,0.0023,172.31.46.0-255,66,177194,58,247034
21833,0.002316,172.31.46.0-255,66,177260,58,247034
21834,0.00252,74.125.24.0-255,1484,178744,58,247034
21835,0.002537,74.125.24.0-255,1484,180228,58,247034
21836,0.002541,172.31.46.0-255,66,180294,58,247034
21837,0.002568,74.125.24.0-255,1484,181778,58,247034
21838,0.002571,74.125.24.0-255,1484,183262,58,247034
21839,0.002574,172.31.46.0-255,66,183328,58,247034
21840,0.002581,74.125.24.0-255,5738,189066,58,247034
21841,0.002583,172.31.46.0-255,66,189132,58,247034
21842,0.002593,74.125.24.0-255,2902,192034,58,247034
21843,0.002595,172.31.46.0-255,66,192100,58,247034
21844,0.002631,172.31.46.0-255,66,192166,58,247034
21845,0.002634,74.125.24.0-255,1484,193650,58,247034
21846,0.002657,74.125.24.0-255,2902,196552,58,247034
21847,0.002659,172.31.46.0-255,66,196618,58,247034
21848,0.002693,172.31.46.0-255,66,196684,58,247034
21849,0.002696,74.125.24.0-255,1484,198168,58,247034
21850,0.002739,74.125.24.0-255,4320,202488,58,247034
21851,0.002743,172.31.46.0-255,66,202554,58,247034
21852,0.002776,172.31.46.0-255,66,202620,58,247034
21853,0.00278,74.125.24.0-255,2902,205522,58,247034
21854,0.002782,172.31.46.0-255,66,205588,58,247034
21855,0.00283,172.31.46.0-255,66,205654,58,247034
21856,0.002835,74.125.24.0-255,2902,208556,58,247034
21857,0.002837,172.31.46.0-255,66,208622,58,247034
21858,0.002839,74.125.24.0-255,1484,210106,58,247034
21859,0.002846,74.125.24.0-255,5738,215844,58,247034
21860,0.002848,172.31.46.0-255,66,215910,58,247034
21861,0.002855,74.125.24.0-255,7156,223066,58,247034
21862,0.002857,172.31.46.0-255,66,223132,58,247034
21863,0.002896,172.31.46.0-255,66,223198,58,247034
21864,0.002931,74.125.24.0-255,5738,228936,58,247034
21865,0.002934,172.31.46.0-255,66,229002,58,247034
21866,0.002937,74.125.24.0-255,1484,230486,58,247034
21867,0.00295,172.31.46.0-255,66,230552,58,247034
21868,0.002953,74.125.24.0-255,1484,232036,58,247034
21869,0.002956,74.125.24.0-255,1484,233520,58,247034
21870,0.002958,172.31.46.0-255,66,233586,58,247034
21871,0.002962,74.125.24.0-255,2902,236488,58,247034
21872,0.002964,172.31.46.0-255,66,236554,58,247034
21873,0.003004,172.31.46.0-255,66,236620,58,247034
21874,0.00301,74.125.24.0-255,4320,240940,58,247034
21875,0.003012,172.31.46.0-255,66,241006,58,247034
21876,0.003055,172.31.46.0-255,66,241072,58,247034
21877,0.00307,172.31.46.0-255,66,241138,58,247034
21878,0.003076,74.125.24.0-255,5488,246626,58,247034
21879,0.003078,172.31.46.0-255,66,246692,58,247034
21880,0.003107,74.125.24.0-255,105,246797,58,247034
21881,0.009424,172.31.46.0-255,66,246863,58,247034
21882,0.009461,172.31.46.0-255,105,246968,58,247034
21883,0.012056,74.125.24.0-255,66,247034,58,247034
21884,0.0,74.125.130.0-255,153,153,58,249662
21885,1.4e-05,172.31.46.0-255,66,219,58,249662
21886,3.6e-05,74.125.130.0-255,1484,1703,58,249662
21887,4e-05,172.31.46.0-255,66,1769,58,249662
21888,4.5e-05,74.125.130.0-255,2902,4671,58,249662
21889,4.7e-05,172.31.46.0-255,66,4737,58,249662
21890,8.1e-05,74.125.130.0-255,5738,10475,58,249662
21891,8.3e-05,172.31.46.0-255,66,10541,58,249662
21892,8.8e-05,74.125.130.0-255,3500,14041,58,249662
21893,9.1e-05,172.31.46.0-255,66,14107,58,249662
21894,0.000186,74.125.130.0-255,1484,15591,58,249662
21895,0.00019,172.31.46.0-255,66,15657,58,249662
21896,0.000195,74.125.130.0-255,2902,18559,58,249662
21897,0.000197,172.31.46.0-255,66,18625,58,249662
21898,0.00021,74.125.130.0-255,5738,24363,58,249662
21899,0.000213,172.31.46.0-255,66,24429,58,249662
21900,0.000256,74.125.130.0-255,6797,31226,58,249662
21901,0.000258,172.31.46.0-255,66,31292,58,249662
21902,0.000277,74.125.130.0-255,2902,34194,58,249662
21903,0.00028,172.31.46.0-255,66,34260,58,249662
21904,0.000297,74.125.130.0-255,4320,38580,58,249662
21905,0.000299,172.31.46.0-255,66,38646,58,249662
21906,0.000304,74.125.130.0-255,4320,42966,58,249662
21907,0.000306,172.31.46.0-255,66,43032,58,249662
21908,0.000312,74.125.130.0-255,5379,48411,58,249662
21909,0.000314,172.31.46.0-255,66,48477,58,249662
21910,0.000371,74.125.130.0-255,1484,49961,58,249662
21911,0.000374,172.31.46.0-255,66,50027,58,249662
21912,0.000378,74.125.130.0-255,2902,52929,58,249662
21913,0.00038,172.31.46.0-255,66,52995,58,249662
21914,0.000403,74.125.130.0-255,1484,54479,58,249662
21915,0.000405,172.31.46.0-255,66,54545,58,249662
21916,0.00041,74.125.130.0-255,2902,57447,58,249662
21917,0.000412,172.31.46.0-255,66,57513,58,249662
21918,0.000438,74.125.130.0-255,5738,63251,58,249662
21919,0.00044,172.31.46.0-255,66,63317,58,249662
21920,0.000444,74.125.130.0-255,2543,65860,58,249662
21921,0.000446,172.31.46.0-255,66,65926,58,249662
21922,0.000513,74.125.130.0-255,648,66574,58,249662
21923,0.000561,74.125.130.0-255,1484,68058,58,249662
21924,0.000564,172.31.46.0-255,66,68124,58,249662
21925,0.00057,74.125.130.0-255,4320,72444,58,249662
21926,0.000572,172.31.46.0-255,66,72510,58,249662
21927,0.000601,74.125.130.0-255,7156,79666,58,249662
21928,0.000603,172.31.46.0-255,66,79732,58,249662
21929,0.000622,74.125.130.0-255,2902,82634,58,249662
21930,0.000625,172.31.46.0-255,66,82700,58,249662
21931,0.000636,172.31.46.0-255,66,82766,58,249662
21932,0.000661,74.125.130.0-255,6438,89204,58,249662
21933,0.000663,172.31.46.0-255,66,89270,58,249662
21934,0.000883,74.125.130.0-255,1484,90754,58,249662
21935,0.000887,74.125.130.0-255,1484,92238,58,249662
21936,0.00089,172.31.46.0-255,66,92304,58,249662
21937,0.000933,74.125.130.0-255,2902,95206,58,249662
21938,0.000935,172.31.46.0-255,66,95272,58,249662
21939,0.000939,74.125.130.0-255,1484,96756,58,249662
21940,0.000957,74.125.130.0-255,4320,101076,58,249662
21941,0.000959,172.31.46.0-255,66,101142,58,249662
21942,0.000966,74.125.130.0-255,7156,108298,58,249662
21943,0.000968,172.31.46.0-255,66,108364,58,249662
21944,0.00101,172.31.46.0-255,66,108430,58,249662
21945,0.001031,74.125.130.0-255,1484,109914,58,249662
21946,0.001034,74.125.130.0-255,766,110680,58,249662
21947,0.001036,172.31.46.0-255,66,110746,58,249662
21948,0.001244,74.125.130.0-255,1484,112230,58,249662
21949,0.001266,74.125.130.0-255,1484,113714,58,249662
21950,0.001269,172.31.46.0-255,66,113780,58,249662
21951,0.001274,74.125.130.0-255,2902,116682,58,249662
21952,0.001276,172.31.46.0-255,66,116748,58,249662
21953,0.001282,74.125.130.0-255,5738,122486,58,249662
21954,0.001284,172.31.46.0-255,66,122552,58,249662
21955,0.001312,74.125.130.0-255,2902,125454,58,249662
21956,0.001314,172.31.46.0-255,66,125520,58,249662
21957,0.001317,74.125.130.0-255,1484,127004,58,249662
21958,0.001338,74.125.130.0-255,2902,129906,58,249662
21959,0.00134,172.31.46.0-255,66,129972,58,249662
21960,0.001362,74.125.130.0-255,2902,132874,58,249662
21961,0.001364,172.31.46.0-255,66,132940,58,249662
21962,0.00139,74.125.130.0-255,2902,135842,58,249662
21963,0.001392,172.31.46.0-255,66,135908,58,249662
21964,0.001407,74.125.130.0-255,2902,138810,58,249662
21965,0.001409,172.31.46.0-255,66,138876,58,249662
21966,0.001436,74.125.130.0-255,4320,143196,58,249662
21967,0.001439,172.31.46.0-255,66,143262,58,249662
21968,0.001453,74.125.130.0-255,2184,145446,58,249662
21969,0.001455,172.31.46.0-255,66,145512,58,249662
21970,0.001667,74.125.130.0-255,1484,146996,58,249662
21971,0.00168,74.125.130.0-255,2902,149898,58,249662
21972,0.001709,74.125.130.0-255,1484,151382,58,249662
21973,0.001713,172.31.46.0-255,66,151448,58,249662
21974,0.001731,74.125.130.0-255,4320,155768,58,249662
21975,0.001733,172.31.46.0-255,66,155834,58,249662
21976,0.001738,74.125.130.0-255,4320,160154,58,249662
21977,0.001739,172.31.46.0-255,66,160220,58,249662
21978,0.001745,74.125.130.0-255,5738,165958,58,249662
21979,0.001747,172.31.46.0-255,66,166024,58,249662
21980,0.001758,172.31.46.0-255,66,166090,58,249662
21981,0.001761,74.125.130.0-255,2184,168274,58,249662
21982,0.001763,172.31.46.0-255,66,168340,58,249662
21983,0.003722,74.125.130.0-255,5738,174078,58,249662
21984,0.003727,172.31.46.0-255,66,174144,58,249662
21985,0.0057,74.125.130.0-255,5738,179882,58,249662
21986,0.005704,172.31.46.0-255,66,179948,58,249662
21987,0.007669,74.125.130.0-255,5738,185686,58,249662
21988,0.007675,172.31.46.0-255,66,185752,58,249662
21989,0.009653,74.125.130.0-255,5738,191490,58,249662
21990,0.00966,172.31.46.0-255,66,191556,58,249662
21991,0.011628,74.125.130.0-255,5738,197294,58,249662
21992,0.011634,172.31.46.0-255,66,197360,58,249662
21993,0.013614,74.125.130.0-255,5738,203098,58,249662
21994,0.013624,172.31.46.0-255,66,203164,58,249662
21995,0.015588,74.125.130.0-255,5738,208902,58,249662
21996,0.015596,172.31.46.0-255,66,208968,58,249662
21997,0.017572,74.125.130.0-255,5738,214706,58,249662
21998,0.01758,172.31.46.0-255,66,214772,58,249662
21999,0.019551,74.125.130.0-255,5738,220510,58,249662
22000,0.019557,172.31.46.0-255,66,220576,58,249662
22001,0.021521,74.125.130.0-255,5738,226314,58,249662
22002,0.021527,172.31.46.0-255,66,226380,58,249662
22003,0.023495,74.125.130.0-255,5738,232118,58,249662
22004,0.023501,172.31.46.0-255,66,232184,58,249662
22005,0.025465,74.125.130.0-255,5738,237922,58,249662
22006,0.025471,172.31.46.0-255,66,237988,58,249662
22007,0.02743,74.125.130.0-255,5738,243726,58,249662
22008,0.027438,172.31.46.0-255,66,243792,58,249662
22009,0.029404,74.125.130.0-255,4320,248112,58,249662
22010,0.029411,172.31.46.0-255,66,248178,58,249662
22011,0.029428,74.125.130.0-255,1484,249662,58,249662
22012,0.0,172.217.194.0-255,296,296,58,168869
22013,2.4e-05,172.31.46.0-255,66,362,58,168869
22014,3.1e-05,172.217.194.0-255,1484,1846,58,168869
22015,3.7e-05,172.31.46.0-255,66,1912,58,168869
22016,5.1e-05,172.217.194.0-255,4320,6232,58,168869
22017,5.4e-05,172.31.46.0-255,66,6298,58,168869
22018,6.7e-05,172.31.46.0-255,66,6364,58,168869
22019,7.1e-05,172.217.194.0-255,2902,9266,58,168869
22020,7.4e-05,172.31.46.0-255,66,9332,58,168869
22021,0.000115,172.217.194.0-255,5738,15070,58,168869
22022,0.000118,172.31.46.0-255,66,15136,58,168869
22023,0.000125,172.217.194.0-255,2902,18038,58,168869
22024,0.000127,172.31.46.0-255,66,18104,58,168869
22025,0.000163,172.217.194.0-255,5379,23483,58,168869
22026,0.000166,172.31.46.0-255,66,23549,58,168869
22027,0.000172,172.217.194.0-255,5738,29287,58,168869
22028,0.000175,172.31.46.0-255,66,29353,58,168869
22029,0.000194,172.217.194.0-255,2902,32255,58,168869
22030,0.000201,172.31.46.0-255,66,32321,58,168869
22031,0.000234,172.31.46.0-255,66,32387,58,168869
22032,0.000285,172.217.194.0-255,1484,33871,58,168869
22033,0.000288,172.31.46.0-255,66,33937,58,168869
22034,0.000293,172.217.194.0-255,2902,36839,58,168869
22035,0.000295,172.31.46.0-255,66,36905,58,168869
22036,0.000331,172.217.194.0-255,5738,42643,58,168869
22037,0.000334,172.31.46.0-255,66,42709,58,168869
22038,0.000349,172.217.194.0-255,5738,48447,58,168869
22039,0.000356,172.31.46.0-255,66,48513,58,168869
22040,0.000379,172.217.194.0-255,1398,49911,58,168869
22041,0.000381,172.31.46.0-255,66,49977,58,168869
22042,0.000624,172.217.194.0-255,115,50092,58,168869
22043,0.000647,172.217.194.0-255,388,50480,58,168869
22044,0.001154,172.31.46.0-255,66,50546,58,168869
22045,0.001248,172.217.194.0-255,1484,52030,58,168869
22046,0.001256,172.217.194.0-255,2902,54932,58,168869
22047,0.001282,172.217.194.0-255,5738,60670,58,168869
22048,0.001326,172.217.194.0-255,1484,62154,58,168869
22049,0.002358,172.217.194.0-255,1484,63638,58,168869
22050,0.002367,172.217.194.0-255,2902,66540,58,168869
22051,0.002374,172.217.194.0-255,5738,72278,58,168869
22052,0.002381,172.217.194.0-255,5738,78016,58,168869
22053,0.002402,172.217.194.0-255,1484,79500,58,168869
22054,0.002434,172.217.194.0-255,1484,80984,58,168869
22055,0.002476,172.217.194.0-255,6438,87422,58,168869
22056,0.002488,172.217.194.0-255,1484,88906,58,168869
22057,0.002493,172.217.194.0-255,2902,91808,58,168869
22058,0.002516,172.217.194.0-255,5738,97546,58,168869
22059,0.002519,172.217.194.0-255,1484,99030,58,168869
22060,0.002547,172.217.194.0-255,5738,104768,58,168869
22061,0.002578,172.217.194.0-255,1484,106252,58,168869
22062,0.002623,172.217.194.0-255,2184,108436,58,168869
22063,0.004592,172.31.46.0-255,66,108502,58,168869
22064,0.005094,172.31.46.0-255,101,108603,58,168869
22065,0.007188,172.217.194.0-255,5738,114341,58,168869
22066,0.007197,172.31.46.0-255,66,114407,58,168869
22067,0.007611,172.217.194.0-255,66,114473,58,168869
22068,0.009751,172.217.194.0-255,5738,120211,58,168869
22069,0.009956,172.31.46.0-255,66,120277,58,168869
22070,0.012479,172.217.194.0-255,5738,126015,58,168869
22071,0.01249,172.31.46.0-255,66,126081,58,168869
22072,0.015058,172.217.194.0-255,5738,131819,58,168869
22073,0.015067,172.31.46.0-255,66,131885,58,168869
22074,0.01763,172.217.194.0-255,5738,137623,58,168869
22075,0.017637,172.31.46.0-255,66,137689,58,168869
22076,0.02023,172.217.194.0-255,5738,143427,58,168869
22077,0.020238,172.31.46.0-255,66,143493,58,168869
22078,0.022791,172.217.194.0-255,5738,149231,58,168869
22079,0.0228,172.31.46.0-255,66,149297,58,168869
22080,0.025348,172.217.194.0-255,5738,155035,58,168869
22081,0.025356,172.31.46.0-255,66,155101,58,168869
22082,0.027939,172.217.194.0-255,5738,160839,58,168869
22083,0.027945,172.31.46.0-255,66,160905,58,168869
22084,0.029056,172.31.46.0-255,172,161077,58,168869
22085,0.02909,172.31.46.0-255,1112,162189,58,168869
22086,0.029156,172.31.46.0-255,1514,163703,58,168869
22087,0.029158,172.31.46.0-255,1514,165217,58,168869
22088,0.02916,172.31.46.0-255,1514,166731,58,168869
22089,0.029165,172.31.46.0-255,1514,168245,58,168869
22090,0.029166,172.31.46.0-255,624,168869,58,168869
22091,0.0,74.125.200.0-255,153,153,58,237514
22092,2.6e-05,172.31.46.0-255,66,219,58,237514
22093,3.4e-05,74.125.200.0-255,1484,1703,58,237514
22094,3.9e-05,172.31.46.0-255,66,1769,58,237514
22095,5.1e-05,74.125.200.0-255,1484,3253,58,237514
22096,5.4e-05,172.31.46.0-255,66,3319,58,237514
22097,7.7e-05,74.125.200.0-255,2902,6221,58,237514
22098,8.1e-05,172.31.46.0-255,66,6287,58,237514
22099,8.7e-05,74.125.200.0-255,4320,10607,58,237514
22100,9e-05,172.31.46.0-255,66,10673,58,237514
22101,0.000122,74.125.200.0-255,1484,12157,58,237514
22102,0.000124,172.31.46.0-255,66,12223,58,237514
22103,0.000129,74.125.200.0-255,2075,14298,58,237514
22104,0.000131,172.31.46.0-255,66,14364,58,237514
22105,0.000158,74.125.200.0-255,1484,15848,58,237514
22106,0.00016,172.31.46.0-255,66,15914,58,237514
22107,0.000166,74.125.200.0-255,2902,18816,58,237514
22108,0.000168,172.31.46.0-255,66,18882,58,237514
22109,0.000173,74.125.200.0-255,2902,21784,58,237514
22110,0.000176,172.31.46.0-255,66,21850,58,237514
22111,0.000203,74.125.200.0-255,2902,24752,58,237514
22112,0.000206,172.31.46.0-255,66,24818,58,237514
22113,0.000214,74.125.200.0-255,6797,31615,58,237514
22114,0.000216,172.31.46.0-255,66,31681,58,237514
22115,0.000395,74.125.200.0-255,1484,33165,58,237514
22116,0.000401,172.31.46.0-255,66,33231,58,237514
22117,0.000407,74.125.200.0-255,2902,36133,58,237514
22118,0.00041,172.31.46.0-255,66,36199,58,237514
22119,0.00042,74.125.200.0-255,4320,40519,58,237514
22120,0.000423,172.31.46.0-255,66,40585,58,237514
22121,0.000453,74.125.200.0-255,7156,47741,58,237514
22122,0.000456,172.31.46.0-255,66,47807,58,237514
22123,0.00051,172.31.46.0-255,66,47873,58,237514
22124,0.000516,74.125.200.0-255,5738,53611,58,237514
22125,0.000519,172.31.46.0-255,66,53677,58,237514
22126,0.000562,74.125.200.0-255,3961,57638,58,237514
22127,0.000565,172.31.46.0-255,66,57704,58,237514
22128,0.000685,74.125.200.0-255,646,58350,58,237514
22129,0.00088,74.125.200.0-255,1484,59834,58,237514
22130,0.000886,74.125.200.0-255,2902,62736,58,237514
22131,0.000889,74.125.200.0-255,1484,64220,58,237514
22132,0.000898,172.31.46.0-255,66,64286,58,237514
22133,0.000902,172.31.46.0-255,66,64352,58,237514
22134,0.000906,74.125.200.0-255,1484,65836,58,237514
22135,0.000908,172.31.46.0-255,66,65902,58,237514
22136,0.000918,74.125.200.0-255,4320,70222,58,237514
22137,0.000921,172.31.46.0-255,66,70288,58,237514
22138,0.000965,172.31.46.0-255,66,70354,58,237514
22139,0.00097,74.125.200.0-255,2902,73256,58,237514
22140,0.000972,172.31.46.0-255,66,73322,58,237514
22141,0.001002,74.125.200.0-255,1484,74806,58,237514
22142,0.00104,172.31.46.0-255,66,74872,58,237514
22143,0.001318,74.125.200.0-255,1484,76356,58,237514
22144,0.001323,74.125.200.0-255,1484,77840,58,237514
22145,0.001326,172.31.46.0-255,66,77906,58,237514
22146,0.001353,74.125.200.0-255,1484,79390,58,237514
22147,0.00136,74.125.200.0-255,5738,85128,58,237514
22148,0.001363,172.31.46.0-255,66,85194,58,237514
22149,0.001368,74.125.200.0-255,2902,88096,58,237514
22150,0.00137,172.31.46.0-255,66,88162,58,237514
22151,0.001375,74.125.200.0-255,4320,92482,58,237514
22152,0.001377,172.31.46.0-255,66,92548,58,237514
22153,0.001426,172.31.46.0-255,66,92614,58,237514
22154,0.001432,74.125.200.0-255,5738,98352,58,237514
22155,0.001434,172.31.46.0-255,66,98418,58,237514
22156,0.001468,74.125.200.0-255,2184,100602,58,237514
22157,0.001471,172.31.46.0-255,66,100668,58,237514
22158,0.001609,74.125.200.0-255,1484,102152,58,237514
22159,0.001615,74.125.200.0-255,2902,105054,58,237514
22160,0.001618,172.31.46.0-255,66,105120,58,237514
22161,0.001647,74.125.200.0-255,5738,110858,58,237514
22162,0.00165,172.31.46.0-255,66,110924,58,237514
22163,0.001698,172.31.46.0-255,66,110990,58,237514
22164,0.001727,74.125.200.0-255,5738,116728,58,237514
22165,0.001729,172.31.46.0-255,66,116794,58,237514
22166,0.001762,74.125.200.0-255,5738,122532,58,237514
22167,0.001765,172.31.46.0-255,66,122598,58,237514
22168,0.001769,74.125.200.0-255,2184,124782,58,237514
22169,0.001771,172.31.46.0-255,66,124848,58,237514
22170,0.001776,74.125.200.0-255,2902,127750,58,237514
22171,0.001779,172.31.46.0-255,66,127816,58,237514
22172,0.001825,172.31.46.0-255,66,127882,58,237514
22173,0.001842,172.31.46.0-255,66,127948,58,237514
22174,0.001845,74.125.200.0-255,766,128714,58,237514
22175,0.002068,74.125.200.0-255,1484,130198,58,237514
22176,0.002074,172.31.46.0-255,66,130264,58,237514
22177,0.002081,74.125.200.0-255,2902,133166,58,237514
22178,0.002083,172.31.46.0-255,66,133232,58,237514
22179,0.002091,74.125.200.0-255,1484,134716,58,237514
22180,0.002129,74.125.200.0-255,4320,139036,58,237514
22181,0.002132,172.31.46.0-255,66,139102,58,237514
22182,0.002146,172.31.46.0-255,66,139168,58,237514
22183,0.002149,74.125.200.0-255,1484,140652,58,237514
22184,0.002185,172.31.46.0-255,66,140718,58,237514
22185,0.002245,74.125.200.0-255,1484,142202,58,237514
22186,0.00225,74.125.200.0-255,2902,145104,58,237514
22187,0.002253,172.31.46.0-255,66,145170,58,237514
22188,0.002284,74.125.200.0-255,5738,150908,58,237514
22189,0.002286,172.31.46.0-255,66,150974,58,237514
22190,0.002291,74.125.200.0-255,2902,153876,58,237514
22191,0.002293,172.31.46.0-255,66,153942,58,237514
22192,0.002303,74.125.200.0-255,4320,158262,58,237514
22193,0.002305,172.31.46.0-255,66,158328,58,237514
22194,0.002309,74.125.200.0-255,2902,161230,58,237514
22195,0.002311,172.31.46.0-255,66,161296,58,237514
22196,0.002355,74.125.200.0-255,5738,167034,58,237514
22197,0.002358,172.31.46.0-255,66,167100,58,237514
22198,0.002366,74.125.200.0-255,7156,174256,58,237514
22199,0.002368,172.31.46.0-255,66,174322,58,237514
22200,0.00237,74.125.200.0-255,766,175088,58,237514
22201,0.0047,74.125.200.0-255,4320,179408,58,237514
22202,0.004708,172.31.46.0-255,66,179474,58,237514
22203,0.007041,74.125.200.0-255,5738,185212,58,237514
22204,0.007053,172.31.46.0-255,66,185278,58,237514
22205,0.009396,74.125.200.0-255,5738,191016,58,237514
22206,0.009402,172.31.46.0-255,66,191082,58,237514
22207,0.011727,74.125.200.0-255,5738,196820,58,237514
22208,0.011737,172.31.46.0-255,66,196886,58,237514
22209,0.014078,74.125.200.0-255,5738,202624,58,237514
22210,0.014092,172.31.46.0-255,66,202690,58,237514
22211,0.016425,74.125.200.0-255,5738,208428,58,237514
22212,0.016436,172.31.46.0-255,66,208494,58,237514
22213,0.018785,74.125.200.0-255,5738,214232,58,237514
22214,0.018797,172.31.46.0-255,66,214298,58,237514
22215,0.021123,74.125.200.0-255,5738,220036,58,237514
22216,0.021129,172.31.46.0-255,66,220102,58,237514
22217,0.023454,74.125.200.0-255,5738,225840,58,237514
22218,0.02346,172.31.46.0-255,66,225906,58,237514
22219,0.02579,74.125.200.0-255,5738,231644,58,237514
22220,0.025797,172.31.46.0-255,66,231710,58,237514
22221,0.028125,74.125.200.0-255,5738,237448,58,237514
22222,0.028131,172.31.46.0-255,66,237514,58,237514
22223,0.0,74.125.24.0-255,153,153,58,192533
22224,1.7e-05,172.31.46.0-255,66,219,58,192533
22225,2.4e-05,74.125.24.0-255,1484,1703,58,192533
22226,2.9e-05,172.31.46.0-255,66,1769,58,192533
22227,4.3e-05,74.125.24.0-255,2902,4671,58,192533
22228,4.6e-05,172.31.46.0-255,66,4737,58,192533
22229,5.5e-05,74.125.24.0-255,7156,11893,58,192533
22230,5.8e-05,172.31.46.0-255,66,11959,58,192533
22231,6.3e-05,74.125.24.0-255,2120,14079,58,192533
22232,6.6e-05,172.31.46.0-255,66,14145,58,192533
22233,0.000128,74.125.24.0-255,1484,15629,58,192533
22234,0.000131,172.31.46.0-255,66,15695,58,192533
22235,0.000136,74.125.24.0-255,2902,18597,58,192533
22236,0.000139,172.31.46.0-255,66,18663,58,192533
22237,0.000146,74.125.24.0-255,1484,20147,58,192533
22238,0.000149,172.31.46.0-255,66,20213,58,192533
22239,0.000183,74.125.24.0-255,4320,24533,58,192533
22240,0.000186,172.31.46.0-255,66,24599,58,192533
22241,0.000188,74.125.24.0-255,1484,26083,58,192533
22242,0.00019,172.31.46.0-255,66,26149,58,192533
22243,0.000223,74.125.24.0-255,5379,31528,58,192533
22244,0.000225,172.31.46.0-255,66,31594,58,192533
22245,0.000265,74.125.24.0-255,1484,33078,58,192533
22246,0.000267,172.31.46.0-255,66,33144,58,192533
22247,0.000273,74.125.24.0-255,2902,36046,58,192533
22248,0.000275,172.31.46.0-255,66,36112,58,192533
22249,0.000284,74.125.24.0-255,2902,39014,58,192533
22250,0.000287,172.31.46.0-255,66,39080,58,192533
22251,0.000315,74.125.24.0-255,2902,41982,58,192533
22252,0.000318,172.31.46.0-255,66,42048,58,192533
22253,0.000334,172.31.46.0-255,66,42114,58,192533
22254,0.000357,74.125.24.0-255,7156,49270,58,192533
22255,0.00036,172.31.46.0-255,66,49336,58,192533
22256,0.000384,74.125.24.0-255,2543,51879,58,192533
22257,0.000387,172.31.46.0-255,66,51945,58,192533
22258,0.0008,74.125.24.0-255,359,52304,58,192533
22259,0.001062,172.31.46.0-255,66,52370,58,192533
22260,0.001156,74.125.24.0-255,133,52503,58,192533
22261,0.0012,74.125.24.0-255,1484,53987,58,192533
22262,0.001205,172.31.46.0-255,66,54053,58,192533
22263,0.001211,74.125.24.0-255,2902,56955,58,192533
22264,0.001213,172.31.46.0-255,66,57021,58,192533
22265,0.001223,74.125.24.0-255,4320,61341,58,192533
22266,0.001226,172.31.46.0-255,66,61407,58,192533
22267,0.001229,74.125.24.0-255,1484,62891,58,192533
22268,0.001245,74.125.24.0-255,5738,68629,58,192533
22269,0.001247,172.31.46.0-255,66,68695,58,192533
22270,0.001279,74.125.24.0-255,4320,73015,58,192533
22271,0.001281,172.31.46.0-255,66,73081,58,192533
22272,0.001292,172.31.46.0-255,66,73147,58,192533
22273,0.001323,74.125.24.0-255,5020,78167,58,192533
22274,0.001325,172.31.46.0-255,66,78233,58,192533
22275,0.001329,74.125.24.0-255,348,78581,58,192533
22276,0.001369,74.125.24.0-255,1484,80065,58,192533
22277,0.001373,172.31.46.0-255,66,80131,58,192533
22278,0.001376,74.125.24.0-255,1484,81615,58,192533
22279,0.001397,74.125.24.0-255,1484,83099,58,192533
22280,0.001399,172.31.46.0-255,66,83165,58,192533
22281,0.001406,74.125.24.0-255,5738,88903,58,192533
22282,0.001409,172.31.46.0-255,66,88969,58,192533
22283,0.001437,172.31.46.0-255,66,89035,58,192533
22284,0.001493,74.125.24.0-255,2902,91937,58,192533
22285,0.001497,172.31.46.0-255,66,92003,58,192533
22286,0.001534,172.31.46.0-255,66,92069,58,192533
22287,0.00169,74.125.24.0-255,1484,93553,58,192533
22288,0.001698,74.125.24.0-255,2902,96455,58,192533
22289,0.001702,172.31.46.0-255,66,96521,58,192533
22290,0.001744,74.125.24.0-255,4320,100841,58,192533
22291,0.001746,172.31.46.0-255,66,100907,58,192533
22292,0.00177,74.125.24.0-255,1484,102391,58,192533
22293,0.001786,172.31.46.0-255,66,102457,58,192533
22294,0.001798,172.31.46.0-255,66,102523,58,192533
22295,0.001808,74.125.24.0-255,766,103289,58,192533
22296,0.001836,74.125.24.0-255,5738,109027,58,192533
22297,0.001838,172.31.46.0-255,66,109093,58,192533
22298,0.001845,74.125.24.0-255,7156,116249,58,192533
22299,0.001848,172.31.46.0-255,66,116315,58,192533
22300,0.001895,172.31.46.0-255,66,116381,58,192533
22301,0.001902,74.125.24.0-255,6438,122819,58,192533
22302,0.001904,172.31.46.0-255,66,122885,58,192533
22303,0.004147,74.125.24.0-255,5738,128623,58,192533
22304,0.004154,172.31.46.0-255,66,128689,58,192533
22305,0.00639,74.125.24.0-255,5738,134427,58,192533
22306,0.006394,172.31.46.0-255,66,134493,58,192533
22307,0.008727,74.125.24.0-255,5738,140231,58,192533
22308,0.008734,172.31.46.0-255,66,140297,58,192533
22309,0.010964,74.125.24.0-255,5738,146035,58,192533
22310,0.010973,172.31.46.0-255,66,146101,58,192533
22311,0.013256,74.125.24.0-255,5738,151839,58,192533
22312,0.013264,172.31.46.0-255,66,151905,58,192533
22313,0.015529,74.125.24.0-255,5738,157643,58,192533
22314,0.015537,172.31.46.0-255,66,157709,58,192533
22315,0.017824,74.125.24.0-255,5738,163447,58,192533
22316,0.017835,172.31.46.0-255,66,163513,58,192533
22317,0.020095,74.125.24.0-255,5738,169251,58,192533
22318,0.020103,172.31.46.0-255,66,169317,58,192533
22319,0.022364,74.125.24.0-255,5738,175055,58,192533
22320,0.022371,172.31.46.0-255,66,175121,58,192533
22321,0.024625,74.125.24.0-255,5738,180859,58,192533
22322,0.024633,172.31.46.0-255,66,180925,58,192533
22323,0.026879,74.125.24.0-255,5738,186663,58,192533
22324,0.026887,172.31.46.0-255,66,186729,58,192533
22325,0.029154,74.125.24.0-255,5738,192467,58,192533
22326,0.029162,172.31.46.0-255,66,192533,58,192533
22327,0.0,172.217.194.0-255,297,297,58,212879
22328,2.5e-05,172.31.46.0-255,66,363,58,212879
22329,3.2e-05,172.217.194.0-255,1484,1847,58,212879
22330,3.8e-05,172.31.46.0-255,66,1913,58,212879
22331,4.4e-05,172.217.194.0-255,2902,4815,58,212879
22332,4.8e-05,172.31.46.0-255,66,4881,58,212879
22333,5.4e-05,172.217.194.0-255,4320,9201,58,212879
22334,5.7e-05,172.31.46.0-255,66,9267,58,212879
22335,7.7e-05,172.217.194.0-255,1484,10751,58,212879
22336,8e-05,172.31.46.0-255,66,10817,58,212879
22337,8.7e-05,172.217.194.0-255,3260,14077,58,212879
22338,8.9e-05,172.31.46.0-255,66,14143,58,212879
22339,9.5e-05,172.217.194.0-255,4320,18463,58,212879
22340,9.7e-05,172.31.46.0-255,66,18529,58,212879
22341,0.000105,172.217.194.0-255,7156,25685,58,212879
22342,0.000108,172.31.46.0-255,66,25751,58,212879
22343,0.000127,172.217.194.0-255,2902,28653,58,212879
22344,0.00013,172.31.46.0-255,66,28719,58,212879
22345,0.000134,172.217.194.0-255,2543,31262,58,212879
22346,0.000136,172.31.46.0-255,66,31328,58,212879
22347,0.000227,172.217.194.0-255,1484,32812,58,212879
22348,0.000231,172.31.46.0-255,66,32878,58,212879
22349,0.000235,172.217.194.0-255,1484,34362,58,212879
22350,0.000237,172.31.46.0-255,66,34428,58,212879
22351,0.000252,172.217.194.0-255,1484,35912,58,212879
22352,0.000255,172.31.46.0-255,66,35978,58,212879
22353,0.00027,172.217.194.0-255,4320,40298,58,212879
22354,0.000273,172.31.46.0-255,66,40364,58,212879
22355,0.000276,172.217.194.0-255,1484,41848,58,212879
22356,0.000278,172.31.46.0-255,66,41914,58,212879
22357,0.000299,172.217.194.0-255,4320,46234,58,212879
22358,0.000301,172.31.46.0-255,66,46300,58,212879
22359,0.000318,172.217.194.0-255,7156,53456,58,212879
22360,0.000321,172.31.46.0-255,66,53522,58,212879
22361,0.000351,172.217.194.0-255,5379,58901,58,212879
22362,0.000354,172.31.46.0-255,66,58967,58,212879
22363,0.000362,172.217.194.0-255,7052,66019,58,212879
22364,0.000364,172.31.46.0-255,66,66085,58,212879
22365,0.000368,172.217.194.0-255,113,66198,58,212879
22366,0.000457,172.217.194.0-255,384,66582,58,212879
22367,0.000499,172.217.194.0-255,1484,68066,58,212879
22368,0.000503,172.31.46.0-255,66,68132,58,212879
22369,0.000506,172.217.194.0-255,1484,69616,58,212879
22370,0.000524,172.217.194.0-255,2902,72518,58,212879
22371,0.000527,172.31.46.0-255,66,72584,58,212879
22372,0.000533,172.217.194.0-255,4320,76904,58,212879
22373,0.000535,172.31.46.0-255,66,76970,58,212879
22374,0.00055,172.217.194.0-255,2902,79872,58,212879
22375,0.000553,172.31.46.0-255,66,79938,58,212879
22376,0.000566,172.31.46.0-255,66,80004,58,212879
22377,0.000569,172.217.194.0-255,1484,81488,58,212879
22378,0.000601,172.217.194.0-255,5889,87377,58,212879
22379,0.000604,172.31.46.0-255,66,87443,58,212879
22380,0.000713,172.217.194.0-255,1484,88927,58,212879
22381,0.00072,172.217.194.0-255,2902,91829,58,212879
22382,0.000724,172.31.46.0-255,66,91895,58,212879
22383,0.000739,172.217.194.0-255,4320,96215,58,212879
22384,0.000742,172.31.46.0-255,66,96281,58,212879
22385,0.000763,172.217.194.0-255,1484,97765,58,212879
22386,0.000777,172.217.194.0-255,4320,102085,58,212879
22387,0.00078,172.31.46.0-255,66,102151,58,212879
22388,0.000836,172.217.194.0-255,2184,104335,58,212879
22389,0.000841,172.31.46.0-255,66,104401,58,212879
22390,0.000844,172.31.46.0-255,66,104467,58,212879
22391,0.000846,172.31.46.0-255,66,104533,58,212879
22392,0.000856,172.217.194.0-255,2902,107435,58,212879
22393,0.000859,172.31.46.0-255,66,107501,58,212879
22394,0.000884,172.217.194.0-255,7156,114657,58,212879
22395,0.000888,172.31.46.0-255,66,114723,58,212879
22396,0.000894,172.217.194.0-255,5738,120461,58,212879
22397,0.000896,172.31.46.0-255,66,120527,58,212879
22398,0.000927,172.31.46.0-255,66,120593,58,212879
22399,0.000948,172.217.194.0-255,4320,124913,58,212879
22400,0.000951,172.31.46.0-255,66,124979,58,212879
22401,0.000956,172.217.194.0-255,3602,128581,58,212879
22402,0.000959,172.31.46.0-255,66,128647,58,212879
22403,0.001122,172.217.194.0-255,1484,130131,58,212879
22404,0.001126,172.217.194.0-255,1484,131615,58,212879
22405,0.001129,172.31.46.0-255,66,131681,58,212879
22406,0.001148,172.217.194.0-255,1484,133165,58,212879
22407,0.001154,172.217.194.0-255,5738,138903,58,212879
22408,0.001157,172.31.46.0-255,66,138969,58,212879
22409,0.001196,172.217.194.0-255,1484,140453,58,212879
22410,0.001223,172.31.46.0-255,66,140519,58,212879
22411,0.001235,172.31.46.0-255,66,140585,58,212879
22412,0.001684,172.217.194.0-255,1484,142069,58,212879
22413,0.001691,172.217.194.0-255,2902,144971,58,212879
22414,0.001695,172.31.46.0-255,66,145037,58,212879
22415,0.001702,172.217.194.0-255,5738,150775,58,212879
22416,0.001704,172.31.46.0-255,66,150841,58,212879
22417,0.001729,172.217.194.0-255,4320,155161,58,212879
22418,0.001731,172.31.46.0-255,66,155227,58,212879
22419,0.001753,172.31.46.0-255,66,155293,58,212879
22420,0.001765,172.31.46.0-255,66,155359,58,212879
22421,0.00178,172.217.194.0-255,766,156125,58,212879
22422,0.002792,172.31.46.0-255,66,156191,58,212879
22423,0.004422,172.217.194.0-255,4320,160511,58,212879
22424,0.004432,172.31.46.0-255,66,160577,58,212879
22425,0.005465,172.217.194.0-255,1484,162061,58,212879
22426,0.007125,172.217.194.0-255,4320,166381,58,212879
22427,0.007128,172.31.46.0-255,66,166447,58,212879
22428,0.009819,172.217.194.0-255,5738,172185,58,212879
22429,0.009829,172.31.46.0-255,66,172251,58,212879
22430,0.012497,172.217.194.0-255,5738,177989,58,212879
22431,0.012509,172.31.46.0-255,66,178055,58,212879
22432,0.015222,172.217.194.0-255,5738,183793,58,212879
22433,0.015236,172.31.46.0-255,66,183859,58,212879
22434,0.017879,172.217.194.0-255,5738,189597,58,212879
22435,0.017888,172.31.46.0-255,66,189663,58,212879
22436,0.020593,172.217.194.0-255,5738,195401,58,212879
22437,0.020602,172.31.46.0-255,66,195467,58,212879
22438,0.023296,172.217.194.0-255,5738,201205,58,212879
22439,0.023304,172.31.46.0-255,66,201271,58,212879
22440,0.026037,172.217.194.0-255,5738,207009,58,212879
22441,0.026048,172.31.46.0-255,66,207075,58,212879
22442,0.028708,172.217.194.0-255,5738,212813,58,212879
22443,0.028716,172.31.46.0-255,66,212879,58,212879
22444,0.0,104.244.42.0-255,66,66,58,66
22445,0.0,74.125.68.0-255,153,153,58,249302
22446,2.6e-05,172.31.46.0-255,66,219,58,249302
22447,3.4e-05,74.125.68.0-255,1484,1703,58,249302
22448,3.9e-05,172.31.46.0-255,66,1769,58,249302
22449,4.5e-05,74.125.68.0-255,2902,4671,58,249302
22450,5.6e-05,172.31.46.0-255,66,4737,58,249302
22451,6.3e-05,74.125.68.0-255,5738,10475,58,249302
22452,6.6e-05,172.31.46.0-255,66,10541,58,249302
22453,7.2e-05,74.125.68.0-255,3493,14034,58,249302
22454,7.4e-05,172.31.46.0-255,66,14100,58,249302
22455,8.1e-05,74.125.68.0-255,4320,18420,58,249302
22456,8.5e-05,172.31.46.0-255,66,18486,58,249302
22457,0.000123,172.31.46.0-255,66,18552,58,249302
22458,0.000128,74.125.68.0-255,2543,21095,58,249302
22459,0.00013,172.31.46.0-255,66,21161,58,249302
22460,0.000653,74.125.68.0-255,1484,22645,58,249302
22461,0.000662,172.31.46.0-255,66,22711,58,249302
22462,0.000668,74.125.68.0-255,2902,25613,58,249302
22463,0.000671,172.31.46.0-255,66,25679,58,249302
22464,0.000681,74.125.68.0-255,4320,29999,58,249302
22465,0.000684,172.31.46.0-255,66,30065,58,249302
22466,0.000689,74.125.68.0-255,2902,32967,58,249302
22467,0.000691,172.31.46.0-255,66,33033,58,249302
22468,0.000737,74.125.68.0-255,2902,35935,58,249302
22469,0.00074,172.31.46.0-255,66,36001,58,249302
22470,0.000747,74.125.68.0-255,4320,40321,58,249302
22471,0.00075,172.31.46.0-255,66,40387,58,249302
22472,0.000782,74.125.68.0-255,4320,44707,58,249302
22473,0.000784,172.31.46.0-255,66,44773,58,249302
22474,0.000792,74.125.68.0-255,7156,51929,58,249302
22475,0.000795,172.31.46.0-255,66,51995,58,249302
22476,0.000815,74.125.68.0-255,2902,54897,58,249302
22477,0.000818,172.31.46.0-255,66,54963,58,249302
22478,0.00082,74.125.68.0-255,766,55729,58,249302
22479,0.000842,74.125.68.0-255,1829,57558,58,249302
22480,0.000844,172.31.46.0-255,66,57624,58,249302
22481,0.000849,74.125.68.0-255,2902,60526,58,249302
22482,0.000851,172.31.46.0-255,66,60592,58,249302
22483,0.000856,74.125.68.0-255,2902,63494,58,249302
22484,0.000859,172.31.46.0-255,66,63560,58,249302
22485,0.000893,74.125.68.0-255,4320,67880,58,249302
22486,0.000896,172.31.46.0-255,66,67946,58,249302
22487,0.000907,172.31.46.0-255,66,68012,58,249302
22488,0.00091,74.125.68.0-255,1484,69496,58,249302
22489,0.000952,172.31.46.0-255,66,69562,58,249302
22490,0.000957,74.125.68.0-255,3288,72850,58,249302
22491,0.000959,172.31.46.0-255,66,72916,58,249302
22492,0.001081,74.125.68.0-255,1484,74400,58,249302
22493,0.001089,74.125.68.0-255,2902,77302,58,249302
22494,0.001092,172.31.46.0-255,66,77368,58,249302
22495,0.00112,74.125.68.0-255,5738,83106,58,249302
22496,0.001124,172.31.46.0-255,66,83172,58,249302
22497,0.001131,74.125.68.0-255,5738,88910,58,249302
22498,0.001133,172.31.46.0-255,66,88976,58,249302
22499,0.001171,74.125.68.0-255,1484,90460,58,249302
22500,0.001186,172.31.46.0-255,66,90526,58,249302
22501,0.001198,172.31.46.0-255,66,90592,58,249302
22502,0.001503,74.125.68.0-255,1484,92076,58,249302
22503,0.001512,74.125.68.0-255,2902,94978,58,249302
22504,0.001516,172.31.46.0-255,66,95044,58,249302
22505,0.00158,74.125.68.0-255,5738,100782,58,249302
22506,0.001584,172.31.46.0-255,66,100848,58,249302
22507,0.00159,74.125.68.0-255,7156,108004,58,249302
22508,0.001593,172.31.46.0-255,66,108070,58,249302
22509,0.001612,172.31.46.0-255,66,108136,58,249302
22510,0.001638,74.125.68.0-255,1484,109620,58,249302
22511,0.001656,74.125.68.0-255,2184,111804,58,249302
22512,0.001659,172.31.46.0-255,66,111870,58,249302
22513,0.001722,74.125.68.0-255,1484,113354,58,249302
22514,0.001758,74.125.68.0-255,1484,114838,58,249302
22515,0.001761,172.31.46.0-255,66,114904,58,249302
22516,0.001774,74.125.68.0-255,2902,117806,58,249302
22517,0.001781,172.31.46.0-255,66,117872,58,249302
22518,0.001786,74.125.68.0-255,2902,120774,58,249302
22519,0.001788,172.31.46.0-255,66,120840,58,249302
22520,0.00181,74.125.68.0-255,4320,125160,58,249302
22521,0.001817,172.31.46.0-255,66,125226,58,249302
22522,0.00182,74.125.68.0-255,1484,126710,58,249302
22523,0.001847,74.125.68.0-255,7156,133866,58,249302
22524,0.00185,172.31.46.0-255,66,133932,58,249302
22525,0.001855,74.125.68.0-255,4320,138252,58,249302
22526,0.001857,172.31.46.0-255,66,138318,58,249302
22527,0.001908,74.125.68.0-255,7156,145474,58,249302
22528,0.001911,172.31.46.0-255,66,145540,58,249302
22529,0.001935,74.125.68.0-255,766,146306,58,249302
22530,0.00194,74.125.68.0-255,2902,149208,58,249302
22531,0.001943,172.31.46.0-255,66,149274,58,249302
22532,0.001955,74.125.68.0-255,1484,150758,58,249302
22533,0.001966,74.125.68.0-255,5738,156496,58,249302
22534,0.001968,172.31.46.0-255,66,156562,58,249302
22535,0.001991,74.125.68.0-255,1484,158046,58,249302
22536,0.002006,74.125.68.0-255,2902,160948,58,249302
22537,0.002009,172.31.46.0-255,66,161014,58,249302
22538,0.002047,74.125.68.0-255,1484,162498,58,249302
22539,0.002063,74.125.68.0-255,2902,165400,58,249302
22540,0.002065,172.31.46.0-255,66,165466,58,249302
22541,0.0021,74.125.68.0-255,2902,168368,58,249302
22542,0.002104,172.31.46.0-255,66,168434,58,249302
22543,0.002141,74.125.68.0-255,2902,171336,58,249302
22544,0.002144,172.31.46.0-255,66,171402,58,249302
22545,0.002185,74.125.68.0-255,4320,175722,58,249302
22546,0.002189,172.31.46.0-255,66,175788,58,249302
22547,0.002193,74.125.68.0-255,1484,177272,58,249302
22548,0.002222,74.125.68.0-255,3602,180874,58,249302
22549,0.002225,172.31.46.0-255,66,180940,58,249302
22550,0.002315,74.125.68.0-255,1484,182424,58,249302
22551,0.002336,74.125.68.0-255,2902,185326,58,249302
22552,0.00234,172.31.46.0-255,66,185392,58,249302
22553,0.004524,74.125.68.0-255,1484,186876,58,249302
22554,0.004642,74.125.68.0-255,4320,191196,58,249302
22555,0.004649,172.31.46.0-255,66,191262,58,249302
22556,0.006971,74.125.68.0-255,5738,197000,58,249302
22557,0.006977,172.31.46.0-255,66,197066,58,249302
22558,0.009275,74.125.68.0-255,5738,202804,58,249302
22559,0.009281,172.31.46.0-255,66,202870,58,249302
22560,0.011601,74.125.68.0-255,5738,208608,58,249302
22561,0.011609,172.31.46.0-255,66,208674,58,249302
22562,0.013933,74.125.68.0-255,5738,214412,58,249302
22563,0.013951,172.31.46.0-255,66,214478,58,249302
22564,0.016278,74.125.68.0-255,5738,220216,58,249302
22565,0.016298,172.31.46.0-255,66,220282,58,249302
22566,0.018624,74.125.68.0-255,5738,226020,58,249302
22567,0.018645,172.31.46.0-255,66,226086,58,249302
22568,0.020979,74.125.68.0-255,5738,231824,58,249302
22569,0.020994,172.31.46.0-255,66,231890,58,249302
22570,0.023306,74.125.68.0-255,5738,237628,58,249302
22571,0.023315,172.31.46.0-255,66,237694,58,249302
22572,0.025629,74.125.68.0-255,5738,243432,58,249302
22573,0.025636,172.31.46.0-255,66,243498,58,249302
22574,0.027937,74.125.68.0-255,5738,249236,58,249302
22575,0.027944,172.31.46.0-255,66,249302,58,249302
22576,0.0,172.217.160.0-255,152,152,58,220368
22577,2.3e-05,172.31.46.0-255,66,218,58,220368
22578,3e-05,172.217.160.0-255,1484,1702,58,220368
22579,3.5e-05,172.31.46.0-255,66,1768,58,220368
22580,4.8e-05,172.217.160.0-255,2902,4670,58,220368
22581,5.2e-05,172.31.46.0-255,66,4736,58,220368
22582,6e-05,172.217.160.0-255,7156,11892,58,220368
22583,6.3e-05,172.31.46.0-255,66,11958,58,220368
22584,6.7e-05,172.217.160.0-255,2032,13990,58,220368
22585,7e-05,172.31.46.0-255,66,14056,58,220368
22586,7.5e-05,172.217.160.0-255,2902,16958,58,220368
22587,7.7e-05,172.31.46.0-255,66,17024,58,220368
22588,8.5e-05,172.217.160.0-255,7156,24180,58,220368
22589,8.7e-05,172.31.46.0-255,66,24246,58,220368
22590,0.000136,172.217.160.0-255,6797,31043,58,220368
22591,0.000139,172.31.46.0-255,66,31109,58,220368
22592,0.000369,172.217.160.0-255,1484,32593,58,220368
22593,0.000374,172.31.46.0-255,66,32659,58,220368
22594,0.000381,172.217.160.0-255,2902,35561,58,220368
22595,0.000383,172.31.46.0-255,66,35627,58,220368
22596,0.000395,172.217.160.0-255,5738,41365,58,220368
22597,0.000398,172.31.46.0-255,66,41431,58,220368
22598,0.000405,172.217.160.0-255,5738,47169,58,220368
22599,0.000407,172.31.46.0-255,66,47235,58,220368
22600,0.000431,172.217.160.0-255,1125,48360,58,220368
22601,0.000434,172.31.46.0-255,66,48426,58,220368
22602,0.000451,172.31.46.0-255,66,48492,58,220368
22603,0.000455,172.217.160.0-255,2811,51303,58,220368
22604,0.000457,172.31.46.0-255,66,51369,58,220368
22605,0.000766,172.217.160.0-255,125,51494,58,220368
22606,0.000774,172.31.46.0-255,66,51560,58,220368
22607,0.000878,172.217.160.0-255,1484,53044,58,220368
22608,0.000894,172.217.160.0-255,2902,55946,58,220368
22609,0.000898,172.217.160.0-255,2902,58848,58,220368
22610,0.000914,172.217.160.0-255,2902,61750,58,220368
22611,0.000922,172.217.160.0-255,5738,67488,58,220368
22612,0.000942,172.217.160.0-255,6797,74285,58,220368
22613,0.000971,172.217.160.0-255,5738,80023,58,220368
22614,0.000977,172.31.46.0-255,66,80089,58,220368
22615,0.001008,172.217.160.0-255,5379,85468,58,220368
22616,0.00102,172.31.46.0-255,66,85534,58,220368
22617,0.001103,172.217.160.0-255,1484,87018,58,220368
22618,0.00111,172.217.160.0-255,2902,89920,58,220368
22619,0.001114,172.31.46.0-255,66,89986,58,220368
22620,0.001144,172.217.160.0-255,5738,95724,58,220368
22621,0.001155,172.31.46.0-255,66,95790,58,220368
22622,0.001164,172.217.160.0-255,2902,98692,58,220368
22623,0.001183,172.217.160.0-255,7156,105848,58,220368
22624,0.001186,172.217.160.0-255,1484,107332,58,220368
22625,0.001223,172.217.160.0-255,3602,110934,58,220368
22626,0.001228,172.217.160.0-255,4320,115254,58,220368
22627,0.001231,172.31.46.0-255,66,115320,58,220368
22628,0.001238,172.31.46.0-255,66,115386,58,220368
22629,0.001278,172.217.160.0-255,1484,116870,58,220368
22630,0.001282,172.217.160.0-255,2902,119772,58,220368
22631,0.001305,172.217.160.0-255,5738,125510,58,220368
22632,0.001317,172.217.160.0-255,1484,126994,58,220368
22633,0.001333,172.31.46.0-255,66,127060,58,220368
22634,0.001338,172.217.160.0-255,2902,129962,58,220368
22635,0.001344,172.31.46.0-255,66,130028,58,220368
22636,0.001399,172.217.160.0-255,5020,135048,58,220368
22637,0.001413,172.31.46.0-255,66,135114,58,220368
22638,0.001469,172.217.160.0-255,1484,136598,58,220368
22639,0.001475,172.217.160.0-255,2902,139500,58,220368
22640,0.001481,172.217.160.0-255,4320,143820,58,220368
22641,0.001486,172.31.46.0-255,66,143886,58,220368
22642,0.001493,172.217.160.0-255,1484,145370,58,220368
22643,0.001523,172.217.160.0-255,1484,146854,58,220368
22644,0.001536,172.217.160.0-255,2902,149756,58,220368
22645,0.001539,172.31.46.0-255,66,149822,58,220368
22646,0.001544,172.31.46.0-255,66,149888,58,220368
22647,0.00157,172.217.160.0-255,5738,155626,58,220368
22648,0.001587,172.217.160.0-255,766,156392,58,220368
22649,0.00161,172.31.46.0-255,66,156458,58,220368
22650,0.001703,172.217.160.0-255,1484,157942,58,220368
22651,0.003314,172.217.160.0-255,4320,162262,58,220368
22652,0.003324,172.31.46.0-255,66,162328,58,220368
22653,0.005001,172.217.160.0-255,5738,168066,58,220368
22654,0.008772,172.31.46.0-255,66,168132,58,220368
22655,0.010462,172.217.160.0-255,5738,173870,58,220368
22656,0.010472,172.31.46.0-255,66,173936,58,220368
22657,0.012162,172.217.160.0-255,5738,179674,58,220368
22658,0.013468,172.31.46.0-255,66,179740,58,220368
22659,0.015157,172.217.160.0-255,5738,185478,58,220368
22660,0.015166,172.31.46.0-255,66,185544,58,220368
22661,0.016845,172.217.160.0-255,5738,191282,58,220368
22662,0.020707,172.31.46.0-255,66,191348,58,220368
22663,0.022396,172.217.160.0-255,5738,197086,58,220368
22664,0.022408,172.31.46.0-255,66,197152,58,220368
22665,0.024088,172.217.160.0-255,5738,202890,58,220368
22666,0.024096,172.31.46.0-255,66,202956,58,220368
22667,0.025771,172.217.160.0-255,5738,208694,58,220368
22668,0.025777,172.31.46.0-255,66,208760,58,220368
22669,0.027455,172.217.160.0-255,5738,214498,58,220368
22670,0.027462,172.31.46.0-255,66,214564,58,220368
22671,0.029141,172.217.160.0-255,5738,220302,58,220368
22672,0.029149,172.31.46.0-255,66,220368,58,220368
22673,0.0,172.217.194.0-255,152,152,58,193048
22674,1.6e-05,172.31.46.0-255,66,218,58,193048
22675,2.3e-05,172.217.194.0-255,1484,1702,58,193048
22676,2.7e-05,172.31.46.0-255,66,1768,58,193048
22677,4.1e-05,172.217.194.0-255,2902,4670,58,193048
22678,4.4e-05,172.31.46.0-255,66,4736,58,193048
22679,4.7e-05,172.217.194.0-255,1484,6220,58,193048
22680,5e-05,172.31.46.0-255,66,6286,58,193048
22681,5.7e-05,172.217.194.0-255,5738,12024,58,193048
22682,6e-05,172.31.46.0-255,66,12090,58,193048
22683,6.6e-05,172.217.194.0-255,4320,16410,58,193048
22684,6.8e-05,172.31.46.0-255,66,16476,58,193048
22685,0.000117,172.31.46.0-255,66,16542,58,193048
22686,0.000148,172.217.194.0-255,5379,21921,58,193048
22687,0.000151,172.31.46.0-255,66,21987,58,193048
22688,0.000157,172.217.194.0-255,4320,26307,58,193048
22689,0.000159,172.31.46.0-255,66,26373,58,193048
22690,0.000184,172.217.194.0-255,1484,27857,58,193048
22691,0.000186,172.31.46.0-255,66,27923,58,193048
22692,0.000193,172.217.194.0-255,5738,33661,58,193048
22693,0.000195,172.31.46.0-255,66,33727,58,193048
22694,0.000198,172.217.194.0-255,1484,35211,58,193048
22695,0.0002,172.31.46.0-255,66,35277,58,193048
22696,0.000251,172.31.46.0-255,66,35343,58,193048
22697,0.000278,172.217.194.0-255,5738,41081,58,193048
22698,0.00028,172.31.46.0-255,66,41147,58,193048
22699,0.000305,172.217.194.0-255,2835,43982,58,193048
22700,0.000308,172.31.46.0-255,66,44048,58,193048
22701,0.000311,172.217.194.0-255,98,44146,58,193048
22702,0.000314,172.31.46.0-255,66,44212,58,193048
22703,0.000415,172.217.194.0-255,1484,45696,58,193048
22704,0.000435,172.217.194.0-255,2902,48598,58,193048
22705,0.000449,172.217.194.0-255,4320,52918,58,193048
22706,0.000461,172.217.194.0-255,1484,54402,58,193048
22707,0.000486,172.217.194.0-255,4320,58722,58,193048
22708,0.000498,172.217.194.0-255,2543,61265,58,193048
22709,0.000512,172.217.194.0-255,2902,64167,58,193048
22710,0.00053,172.217.194.0-255,4320,68487,58,193048
22711,0.000533,172.217.194.0-255,1484,69971,58,193048
22712,0.000552,172.217.194.0-255,7156,77127,58,193048
22713,0.000574,172.217.194.0-255,1125,78252,58,193048
22714,0.000617,172.31.46.0-255,66,78318,58,193048
22715,0.001054,172.217.194.0-255,1484,79802,58,193048
22716,0.00106,172.217.194.0-255,2902,82704,58,193048
22717,0.001079,172.31.46.0-255,66,82770,58,193048
22718,0.001085,172.217.194.0-255,5738,88508,58,193048
22719,0.001117,172.31.46.0-255,66,88574,58,193048
22720,0.001156,172.217.194.0-255,4320,92894,58,193048
22721,0.00116,172.31.46.0-255,66,92960,58,193048
22722,0.001164,172.31.46.0-255,66,93026,58,193048
22723,0.001206,172.31.46.0-255,66,93092,58,193048
22724,0.001248,172.217.194.0-255,2902,95994,58,193048
22725,0.001253,172.31.46.0-255,66,96060,58,193048
22726,0.001283,172.217.194.0-255,4320,100380,58,193048
22727,0.001288,172.31.46.0-255,66,100446,58,193048
22728,0.001304,172.217.194.0-255,7156,107602,58,193048
22729,0.001374,172.31.46.0-255,66,107668,58,193048
22730,0.001531,172.217.194.0-255,1484,109152,58,193048
22731,0.001551,172.217.194.0-255,2902,112054,58,193048
22732,0.001555,172.217.194.0-255,2902,114956,58,193048
22733,0.001572,172.217.194.0-255,1484,116440,58,193048
22734,0.001578,172.217.194.0-255,5738,122178,58,193048
22735,0.001589,172.217.194.0-255,2902,125080,58,193048
22736,0.001597,172.31.46.0-255,66,125146,58,193048
22737,0.001637,172.217.194.0-255,4320,129466,58,193048
22738,0.001649,172.31.46.0-255,66,129532,58,193048
22739,0.001687,172.217.194.0-255,4320,133852,58,193048
22740,0.001701,172.217.194.0-255,2184,136036,58,193048
22741,0.001705,172.31.46.0-255,66,136102,58,193048
22742,0.001722,172.217.194.0-255,5738,141840,58,193048
22743,0.001725,172.31.46.0-255,66,141906,58,193048
22744,0.001732,172.217.194.0-255,1484,143390,58,193048
22745,0.001753,172.31.46.0-255,66,143456,58,193048
22746,0.001796,172.31.46.0-255,66,143522,58,193048
22747,0.001805,172.217.194.0-255,2902,146424,58,193048
22748,0.00181,172.31.46.0-255,66,146490,58,193048
22749,0.001855,172.217.194.0-255,5020,151510,58,193048
22750,0.001859,172.217.194.0-255,1484,152994,58,193048
22751,0.001864,172.31.46.0-255,66,153060,58,193048
22752,0.001946,172.31.46.0-255,66,153126,58,193048
22753,0.002037,172.217.194.0-255,7156,160282,58,193048
22754,0.002043,172.31.46.0-255,66,160348,58,193048
22755,0.002052,172.217.194.0-255,3602,163950,58,193048
22756,0.00209,172.217.194.0-255,5738,169688,58,193048
22757,0.002212,172.217.194.0-255,5738,175426,58,193048
22758,0.002334,172.217.194.0-255,5738,181164,58,193048
22759,0.002352,172.217.194.0-255,7156,188320,58,193048
22760,0.002476,172.217.194.0-255,4320,192640,58,193048
22761,0.002668,172.31.46.0-255,66,192706,58,193048
22762,0.002694,172.217.194.0-255,105,192811,58,193048
22763,0.004848,172.31.46.0-255,66,192877,58,193048
22764,0.004885,172.31.46.0-255,105,192982,58,193048
22765,0.007191,172.217.194.0-255,66,193048,58,193048
22766,0.0,74.125.24.0-255,156,156,58,196764
22767,2.1e-05,172.31.46.0-255,66,222,58,196764
22768,2.7e-05,74.125.24.0-255,1484,1706,58,196764
22769,3.2e-05,172.31.46.0-255,66,1772,58,196764
22770,4.5e-05,74.125.24.0-255,2902,4674,58,196764
22771,4.9e-05,172.31.46.0-255,66,4740,58,196764
22772,5.6e-05,74.125.24.0-255,7156,11896,58,196764
22773,5.9e-05,172.31.46.0-255,66,11962,58,196764
22774,8.9e-05,74.125.24.0-255,2004,13966,58,196764
22775,9.6e-05,172.31.46.0-255,66,14032,58,196764
22776,0.00015,74.125.24.0-255,1484,15516,58,196764
22777,0.000153,172.31.46.0-255,66,15582,58,196764
22778,0.000173,74.125.24.0-255,2902,18484,58,196764
22779,0.000176,172.31.46.0-255,66,18550,58,196764
22780,0.000182,74.125.24.0-255,5738,24288,58,196764
22781,0.000184,172.31.46.0-255,66,24354,58,196764
22782,0.00024,74.125.24.0-255,6797,31151,58,196764
22783,0.000243,172.31.46.0-255,66,31217,58,196764
22784,0.000336,74.125.24.0-255,1484,32701,58,196764
22785,0.000339,172.31.46.0-255,66,32767,58,196764
22786,0.000343,74.125.24.0-255,1484,34251,58,196764
22787,0.000345,172.31.46.0-255,66,34317,58,196764
22788,0.000373,74.125.24.0-255,1484,35801,58,196764
22789,0.000375,172.31.46.0-255,66,35867,58,196764
22790,0.000382,74.125.24.0-255,5738,41605,58,196764
22791,0.000384,172.31.46.0-255,66,41671,58,196764
22792,0.000388,74.125.24.0-255,1484,43155,58,196764
22793,0.00039,172.31.46.0-255,66,43221,58,196764
22794,0.000413,74.125.24.0-255,5379,48600,58,196764
22795,0.000415,172.31.46.0-255,66,48666,58,196764
22796,0.000418,74.125.24.0-255,1484,50150,58,196764
22797,0.00042,172.31.46.0-255,66,50216,58,196764
22798,0.00045,74.125.24.0-255,5738,55954,58,196764
22799,0.000453,172.31.46.0-255,66,56020,58,196764
22800,0.00046,74.125.24.0-255,7156,63176,58,196764
22801,0.000462,172.31.46.0-255,66,63242,58,196764
22802,0.000484,74.125.24.0-255,2876,66118,58,196764
22803,0.000487,172.31.46.0-255,66,66184,58,196764
22804,0.000651,74.125.24.0-255,112,66296,58,196764
22805,0.000665,74.125.24.0-255,329,66625,58,196764
22806,0.001014,74.125.24.0-255,1484,68109,58,196764
22807,0.001019,172.31.46.0-255,66,68175,58,196764
22808,0.001025,74.125.24.0-255,2902,71077,58,196764
22809,0.001027,172.31.46.0-255,66,71143,58,196764
22810,0.001055,74.125.24.0-255,5738,76881,58,196764
22811,0.001058,172.31.46.0-255,66,76947,58,196764
22812,0.00107,172.31.46.0-255,66,77013,58,196764
22813,0.0011,74.125.24.0-255,2902,79915,58,196764
22814,0.001102,172.31.46.0-255,66,79981,58,196764
22815,0.001106,74.125.24.0-255,1484,81465,58,196764
22816,0.001118,172.31.46.0-255,66,81531,58,196764
22817,0.001479,172.31.46.0-255,101,81632,58,196764
22818,0.001787,74.125.24.0-255,1484,83116,58,196764
22819,0.001797,74.125.24.0-255,2902,86018,58,196764
22820,0.001801,172.31.46.0-255,66,86084,58,196764
22821,0.001835,74.125.24.0-255,5738,91822,58,196764
22822,0.001838,172.31.46.0-255,66,91888,58,196764
22823,0.00185,172.31.46.0-255,66,91954,58,196764
22824,0.001898,172.31.46.0-255,66,92020,58,196764
22825,0.001933,74.125.24.0-255,1484,93504,58,196764
22826,0.001948,74.125.24.0-255,2902,96406,58,196764
22827,0.001951,172.31.46.0-255,66,96472,58,196764
22828,0.001974,74.125.24.0-255,4320,100792,58,196764
22829,0.001976,172.31.46.0-255,66,100858,58,196764
22830,0.001979,74.125.24.0-255,1484,102342,58,196764
22831,0.002006,74.125.24.0-255,4320,106662,58,196764
22832,0.002009,172.31.46.0-255,66,106728,58,196764
22833,0.002022,172.31.46.0-255,66,106794,58,196764
22834,0.002031,172.31.46.0-255,66,106860,58,196764
22835,0.0021,74.125.24.0-255,1484,108344,58,196764
22836,0.002113,74.125.24.0-255,2902,111246,58,196764
22837,0.002117,172.31.46.0-255,66,111312,58,196764
22838,0.002125,74.125.24.0-255,5738,117050,58,196764
22839,0.002127,172.31.46.0-255,66,117116,58,196764
22840,0.002172,172.31.46.0-255,66,117182,58,196764
22841,0.002185,172.31.46.0-255,66,117248,58,196764
22842,0.002206,74.125.24.0-255,766,118014,58,196764
22843,0.002334,74.125.24.0-255,1484,119498,58,196764
22844,0.002339,172.31.46.0-255,66,119564,58,196764
22845,0.002345,74.125.24.0-255,2902,122466,58,196764
22846,0.002348,172.31.46.0-255,66,122532,58,196764
22847,0.002359,74.125.24.0-255,5738,128270,58,196764
22848,0.002362,172.31.46.0-255,66,128336,58,196764
22849,0.002397,74.125.24.0-255,4320,132656,58,196764
22850,0.0024,172.31.46.0-255,66,132722,58,196764
22851,0.002432,172.31.46.0-255,66,132788,58,196764
22852,0.002445,172.31.46.0-255,66,132854,58,196764
22853,0.003769,74.125.24.0-255,66,132920,58,196764
22854,0.004825,74.125.24.0-255,5738,138658,58,196764
22855,0.004844,172.31.46.0-255,66,138724,58,196764
22856,0.007266,74.125.24.0-255,5738,144462,58,196764
22857,0.007274,172.31.46.0-255,66,144528,58,196764
22858,0.009644,74.125.24.0-255,5738,150266,58,196764
22859,0.00965,172.31.46.0-255,66,150332,58,196764
22860,0.011997,74.125.24.0-255,5738,156070,58,196764
22861,0.012008,172.31.46.0-255,66,156136,58,196764
22862,0.014355,74.125.24.0-255,5738,161874,58,196764
22863,0.014366,172.31.46.0-255,66,161940,58,196764
22864,0.016755,74.125.24.0-255,5738,167678,58,196764
22865,0.01677,172.31.46.0-255,66,167744,58,196764
22866,0.01911,74.125.24.0-255,5738,173482,58,196764
22867,0.019123,172.31.46.0-255,66,173548,58,196764
22868,0.021515,74.125.24.0-255,5738,179286,58,196764
22869,0.021527,172.31.46.0-255,66,179352,58,196764
22870,0.023919,74.125.24.0-255,5738,185090,58,196764
22871,0.023927,172.31.46.0-255,66,185156,58,196764
22872,0.026276,74.125.24.0-255,5738,190894,58,196764
22873,0.026284,172.31.46.0-255,66,190960,58,196764
22874,0.028641,74.125.24.0-255,5738,196698,58,196764
22875,0.028649,172.31.46.0-255,66,196764,58,196764
22876,0.0,172.31.46.0-255,105,105,58,459
22877,0.000163,172.31.46.0-255,90,195,58,459
22878,0.000183,172.31.46.0-255,66,261,58,459
22879,0.002764,74.125.24.0-255,66,327,58,459
22880,0.002785,74.125.24.0-255,66,393,58,459
22881,0.002801,172.31.46.0-255,66,459,58,459
22882,0.0,74.125.68.0-255,150,150,58,202313
22883,3.4e-05,172.31.46.0-255,66,216,58,202313
22884,4.1e-05,74.125.68.0-255,1484,1700,58,202313
22885,4.6e-05,172.31.46.0-255,66,1766,58,202313
22886,5.7e-05,74.125.68.0-255,2902,4668,58,202313
22887,6.1e-05,172.31.46.0-255,66,4734,58,202313
22888,6.6e-05,74.125.68.0-255,4320,9054,58,202313
22889,6.9e-05,172.31.46.0-255,66,9120,58,202313
22890,9.8e-05,74.125.68.0-255,2902,12022,58,202313
22891,0.0001,172.31.46.0-255,66,12088,58,202313
22892,0.000127,74.125.68.0-255,2046,14134,58,202313
22893,0.000131,172.31.46.0-255,66,14200,58,202313
22894,0.000473,74.125.68.0-255,1484,15684,58,202313
22895,0.000478,172.31.46.0-255,66,15750,58,202313
22896,0.000488,74.125.68.0-255,2902,18652,58,202313
22897,0.000497,172.31.46.0-255,66,18718,58,202313
22898,0.000503,74.125.68.0-255,4320,23038,58,202313
22899,0.000505,172.31.46.0-255,66,23104,58,202313
22900,0.000573,172.31.46.0-255,66,23170,58,202313
22901,0.000578,172.31.46.0-255,66,23236,58,202313
22902,0.000611,172.31.46.0-255,66,23302,58,202313
22903,0.000642,74.125.68.0-255,7156,30458,58,202313
22904,0.000645,172.31.46.0-255,66,30524,58,202313
22905,0.000682,74.125.68.0-255,5738,36262,58,202313
22906,0.000687,172.31.46.0-255,66,36328,58,202313
22907,0.00069,74.125.68.0-255,766,37094,58,202313
22908,0.000692,172.31.46.0-255,66,37160,58,202313
22909,0.000705,74.125.68.0-255,441,37601,58,202313
22910,0.000708,172.31.46.0-255,66,37667,58,202313
22911,0.000741,74.125.68.0-255,1484,39151,58,202313
22912,0.000751,74.125.68.0-255,2902,42053,58,202313
22913,0.000754,172.31.46.0-255,66,42119,58,202313
22914,0.000759,74.125.68.0-255,2902,45021,58,202313
22915,0.000761,172.31.46.0-255,66,45087,58,202313
22916,0.000782,74.125.68.0-255,2902,47989,58,202313
22917,0.000785,172.31.46.0-255,66,48055,58,202313
22918,0.000802,172.31.46.0-255,66,48121,58,202313
22919,0.000839,172.31.46.0-255,66,48187,58,202313
22920,0.000866,74.125.68.0-255,1484,49671,58,202313
22921,0.000871,74.125.68.0-255,2184,51855,58,202313
22922,0.000874,172.31.46.0-255,66,51921,58,202313
22923,0.001084,74.125.68.0-255,1484,53405,58,202313
22924,0.00109,74.125.68.0-255,1484,54889,58,202313
22925,0.001095,172.31.46.0-255,66,54955,58,202313
22926,0.001128,74.125.68.0-255,1484,56439,58,202313
22927,0.001136,74.125.68.0-255,5738,62177,58,202313
22928,0.001138,172.31.46.0-255,66,62243,58,202313
22929,0.001144,74.125.68.0-255,2902,65145,58,202313
22930,0.001147,172.31.46.0-255,66,65211,58,202313
22931,0.001185,172.31.46.0-255,66,65277,58,202313
22932,0.001223,172.31.46.0-255,66,65343,58,202313
22933,0.001267,74.125.68.0-255,1484,66827,58,202313
22934,0.001294,74.125.68.0-255,1484,68311,58,202313
22935,0.001298,172.31.46.0-255,66,68377,58,202313
22936,0.001303,74.125.68.0-255,2902,71279,58,202313
22937,0.001305,172.31.46.0-255,66,71345,58,202313
22938,0.001345,74.125.68.0-255,5738,77083,58,202313
22939,0.001349,172.31.46.0-255,66,77149,58,202313
22940,0.001355,74.125.68.0-255,5738,82887,58,202313
22941,0.001358,172.31.46.0-255,66,82953,58,202313
22942,0.001386,74.125.68.0-255,5738,88691,58,202313
22943,0.001391,172.31.46.0-255,66,88757,58,202313
22944,0.001418,74.125.68.0-255,1484,90241,58,202313
22945,0.001423,74.125.68.0-255,2902,93143,58,202313
22946,0.001426,172.31.46.0-255,66,93209,58,202313
22947,0.001432,74.125.68.0-255,4320,97529,58,202313
22948,0.001434,172.31.46.0-255,66,97595,58,202313
22949,0.001453,74.125.68.0-255,2184,99779,58,202313
22950,0.00146,172.31.46.0-255,66,99845,58,202313
22951,0.001887,74.125.68.0-255,1484,101329,58,202313
22952,0.001893,74.125.68.0-255,2902,104231,58,202313
22953,0.001897,172.31.46.0-255,66,104297,58,202313
22954,0.001925,74.125.68.0-255,5738,110035,58,202313
22955,0.001928,172.31.46.0-255,66,110101,58,202313
22956,0.001961,172.31.46.0-255,66,110167,58,202313
22957,0.002,74.125.68.0-255,5738,115905,58,202313
22958,0.002003,172.31.46.0-255,66,115971,58,202313
22959,0.002033,74.125.68.0-255,5020,120991,58,202313
22960,0.002036,172.31.46.0-255,66,121057,58,202313
22961,0.003994,74.125.68.0-255,5738,126795,58,202313
22962,0.003999,172.31.46.0-255,66,126861,58,202313
22963,0.005966,74.125.68.0-255,5738,132599,58,202313
22964,0.005972,172.31.46.0-255,66,132665,58,202313
22965,0.007933,74.125.68.0-255,5738,138403,58,202313
22966,0.007939,172.31.46.0-255,66,138469,58,202313
22967,0.010117,74.125.68.0-255,5738,144207,58,202313
22968,0.010169,172.31.46.0-255,66,144273,58,202313
22969,0.012147,74.125.68.0-255,5738,150011,58,202313
22970,0.012154,172.31.46.0-255,66,150077,58,202313
22971,0.01412,74.125.68.0-255,5738,155815,58,202313
22972,0.01413,172.31.46.0-255,66,155881,58,202313
22973,0.016147,74.125.68.0-255,5738,161619,58,202313
22974,0.016156,172.31.46.0-255,66,161685,58,202313
22975,0.018122,74.125.68.0-255,5738,167423,58,202313
22976,0.018131,172.31.46.0-255,66,167489,58,202313
22977,0.020095,74.125.68.0-255,5738,173227,58,202313
22978,0.020102,172.31.46.0-255,66,173293,58,202313
22979,0.02207,74.125.68.0-255,5738,179031,58,202313
22980,0.022077,172.31.46.0-255,66,179097,58,202313
22981,0.024035,74.125.68.0-255,5738,184835,58,202313
22982,0.024042,172.31.46.0-255,66,184901,58,202313
22983,0.026004,74.125.68.0-255,5738,190639,58,202313
22984,0.026014,172.31.46.0-255,66,190705,58,202313
22985,0.027969,74.125.68.0-255,5738,196443,58,202313
22986,0.027976,172.31.46.0-255,66,196509,58,202313
22987,0.02994,74.125.68.0-255,5738,202247,58,202313
22988,0.029948,172.31.46.0-255,66,202313,58,202313
22989,0.0,74.125.130.0-255,156,156,58,198817
22990,2.5e-05,172.31.46.0-255,66,222,58,198817
22991,3.3e-05,74.125.130.0-255,1484,1706,58,198817
22992,3.8e-05,172.31.46.0-255,66,1772,58,198817
22993,4.4e-05,74.125.130.0-255,2902,4674,58,198817
22994,4.7e-05,172.31.46.0-255,66,4740,58,198817
22995,5.4e-05,74.125.130.0-255,5738,10478,58,198817
22996,5.8e-05,172.31.46.0-255,66,10544,58,198817
22997,6.3e-05,74.125.130.0-255,3320,13864,58,198817
22998,6.6e-05,172.31.46.0-255,66,13930,58,198817
22999,0.000121,74.125.130.0-255,4320,18250,58,198817
23000,0.000124,172.31.46.0-255,66,18316,58,198817
23001,0.000137,74.125.130.0-255,1484,19800,58,198817
23002,0.000139,172.31.46.0-255,66,19866,58,198817
23003,0.000159,74.125.130.0-255,4320,24186,58,198817
23004,0.000162,172.31.46.0-255,66,24252,58,198817
23005,0.000181,74.125.130.0-255,1484,25736,58,198817
23006,0.000183,172.31.46.0-255,66,25802,58,198817
23007,0.00021,74.125.130.0-255,5379,31181,58,198817
23008,0.000213,172.31.46.0-255,66,31247,58,198817
23009,0.000437,74.125.130.0-255,1484,32731,58,198817
23010,0.000442,172.31.46.0-255,66,32797,58,198817
23011,0.000448,74.125.130.0-255,2902,35699,58,198817
23012,0.00045,172.31.46.0-255,66,35765,58,198817
23013,0.000473,74.125.130.0-255,2902,38667,58,198817
23014,0.000475,172.31.46.0-255,66,38733,58,198817
23015,0.00049,74.125.130.0-255,2902,41635,58,198817
23016,0.000493,172.31.46.0-255,66,41701,58,198817
23017,0.000501,74.125.130.0-255,5738,47439,58,198817
23018,0.000503,172.31.46.0-255,66,47505,58,198817
23019,0.000523,74.125.130.0-255,1484,48989,58,198817
23020,0.000525,172.31.46.0-255,66,49055,58,198817
23021,0.000537,172.31.46.0-255,66,49121,58,198817
23022,0.000556,74.125.130.0-255,1484,50605,58,198817
23023,0.000561,74.125.130.0-255,1484,52089,58,198817
23024,0.000563,172.31.46.0-255,66,52155,58,198817
23025,0.000587,74.125.130.0-255,3602,55757,58,198817
23026,0.00059,172.31.46.0-255,66,55823,58,198817
23027,0.000882,74.125.130.0-255,648,56471,58,198817
23028,0.000908,74.125.130.0-255,1484,57955,58,198817
23029,0.000911,172.31.46.0-255,66,58021,58,198817
23030,0.000916,74.125.130.0-255,1484,59505,58,198817
23031,0.000933,74.125.130.0-255,2902,62407,58,198817
23032,0.000935,172.31.46.0-255,66,62473,58,198817
23033,0.000955,74.125.130.0-255,2902,65375,58,198817
23034,0.000957,172.31.46.0-255,66,65441,58,198817
23035,0.000979,74.125.130.0-255,2902,68343,58,198817
23036,0.000982,172.31.46.0-255,66,68409,58,198817
23037,0.000992,172.31.46.0-255,66,68475,58,198817
23038,0.000996,74.125.130.0-255,2902,71377,58,198817
23039,0.000998,172.31.46.0-255,66,71443,58,198817
23040,0.001021,74.125.130.0-255,7156,78599,58,198817
23041,0.001026,74.125.130.0-255,3602,82201,58,198817
23042,0.00103,172.31.46.0-255,66,82267,58,198817
23043,0.001037,172.31.46.0-255,66,82333,58,198817
23044,0.001207,74.125.130.0-255,1484,83817,58,198817
23045,0.001222,74.125.130.0-255,2902,86719,58,198817
23046,0.001225,172.31.46.0-255,66,86785,58,198817
23047,0.001246,74.125.130.0-255,4320,91105,58,198817
23048,0.001249,172.31.46.0-255,66,91171,58,198817
23049,0.001259,74.125.130.0-255,1484,92655,58,198817
23050,0.00127,74.125.130.0-255,1484,94139,58,198817
23051,0.001274,172.31.46.0-255,66,94205,58,198817
23052,0.001295,172.31.46.0-255,66,94271,58,198817
23053,0.001299,74.125.130.0-255,1484,95755,58,198817
23054,0.001326,172.31.46.0-255,66,95821,58,198817
23055,0.002117,74.125.130.0-255,1484,97305,58,198817
23056,0.002139,74.125.130.0-255,1484,98789,58,198817
23057,0.002143,172.31.46.0-255,66,98855,58,198817
23058,0.002149,74.125.130.0-255,2902,101757,58,198817
23059,0.002151,172.31.46.0-255,66,101823,58,198817
23060,0.00219,74.125.130.0-255,5738,107561,58,198817
23061,0.002192,172.31.46.0-255,66,107627,58,198817
23062,0.002197,74.125.130.0-255,2902,110529,58,198817
23063,0.002198,172.31.46.0-255,66,110595,58,198817
23064,0.002201,74.125.130.0-255,1484,112079,58,198817
23065,0.002222,74.125.130.0-255,2902,114981,58,198817
23066,0.002224,172.31.46.0-255,66,115047,58,198817
23067,0.002227,74.125.130.0-255,1484,116531,58,198817
23068,0.002245,74.125.130.0-255,4320,120851,58,198817
23069,0.002247,172.31.46.0-255,66,120917,58,198817
23070,0.002267,74.125.130.0-255,2902,123819,58,198817
23071,0.002269,172.31.46.0-255,66,123885,58,198817
23072,0.002275,74.125.130.0-255,5738,129623,58,198817
23073,0.002276,172.31.46.0-255,66,129689,58,198817
23074,0.002279,74.125.130.0-255,766,130455,58,198817
23075,0.004459,172.31.46.0-255,66,130521,58,198817
23076,0.004477,74.125.130.0-255,4320,134841,58,198817
23077,0.004482,172.31.46.0-255,66,134907,58,198817
23078,0.006676,74.125.130.0-255,1484,136391,58,198817
23079,0.006696,74.125.130.0-255,4320,140711,58,198817
23080,0.006701,172.31.46.0-255,66,140777,58,198817
23081,0.008915,74.125.130.0-255,5738,146515,58,198817
23082,0.008922,172.31.46.0-255,66,146581,58,198817
23083,0.011138,74.125.130.0-255,5738,152319,58,198817
23084,0.011146,172.31.46.0-255,66,152385,58,198817
23085,0.013362,74.125.130.0-255,5738,158123,58,198817
23086,0.013369,172.31.46.0-255,66,158189,58,198817
23087,0.015597,74.125.130.0-255,5738,163927,58,198817
23088,0.015603,172.31.46.0-255,66,163993,58,198817
23089,0.017818,74.125.130.0-255,5738,169731,58,198817
23090,0.017826,172.31.46.0-255,66,169797,58,198817
23091,0.020045,74.125.130.0-255,5738,175535,58,198817
23092,0.020059,172.31.46.0-255,66,175601,58,198817
23093,0.022284,74.125.130.0-255,5738,181339,58,198817
23094,0.022298,172.31.46.0-255,66,181405,58,198817
23095,0.024522,74.125.130.0-255,5738,187143,58,198817
23096,0.024535,172.31.46.0-255,66,187209,58,198817
23097,0.026759,74.125.130.0-255,5738,192947,58,198817
23098,0.026772,172.31.46.0-255,66,193013,58,198817
23099,0.029008,74.125.130.0-255,5738,198751,58,198817
23100,0.029026,172.31.46.0-255,66,198817,58,198817
23101,0.0,74.125.24.0-255,150,150,58,151188
23102,2.2e-05,172.31.46.0-255,66,216,58,151188
23103,3e-05,74.125.24.0-255,1484,1700,58,151188
23104,3.5e-05,172.31.46.0-255,66,1766,58,151188
23105,4.9e-05,74.125.24.0-255,2902,4668,58,151188
23106,5.3e-05,172.31.46.0-255,66,4734,58,151188
23107,6.1e-05,74.125.24.0-255,7156,11890,58,151188
23108,6.4e-05,172.31.46.0-255,66,11956,58,151188
23109,0.000101,172.31.46.0-255,66,12022,58,151188
23110,0.000135,172.31.46.0-255,66,12088,58,151188
23111,0.000206,74.125.24.0-255,1484,13572,58,151188
23112,0.000209,172.31.46.0-255,66,13638,58,151188
23113,0.000215,74.125.24.0-255,2902,16540,58,151188
23114,0.000217,172.31.46.0-255,66,16606,58,151188
23115,0.000223,74.125.24.0-255,4320,20926,58,151188
23116,0.000229,172.31.46.0-255,66,20992,58,151188
23117,0.000257,74.125.24.0-255,1484,22476,58,151188
23118,0.00026,172.31.46.0-255,66,22542,58,151188
23119,0.000265,74.125.24.0-255,2902,25444,58,151188
23120,0.000267,172.31.46.0-255,66,25510,58,151188
23121,0.000299,74.125.24.0-255,3961,29471,58,151188
23122,0.000301,172.31.46.0-255,66,29537,58,151188
23123,0.000309,74.125.24.0-255,7156,36693,58,151188
23124,0.000311,172.31.46.0-255,66,36759,58,151188
23125,0.000379,74.125.24.0-255,5738,42497,58,151188
23126,0.000382,172.31.46.0-255,66,42563,58,151188
23127,0.0004,74.125.24.0-255,3961,46524,58,151188
23128,0.000403,172.31.46.0-255,66,46590,58,151188
23129,0.000567,74.125.24.0-255,646,47236,58,151188
23130,0.000572,172.31.46.0-255,66,47302,58,151188
23131,0.000997,74.125.24.0-255,1484,48786,58,151188
23132,0.001005,74.125.24.0-255,2902,51688,58,151188
23133,0.001009,172.31.46.0-255,66,51754,58,151188
23134,0.001013,74.125.24.0-255,1484,53238,58,151188
23135,0.001038,74.125.24.0-255,4320,57558,58,151188
23136,0.00104,172.31.46.0-255,66,57624,58,151188
23137,0.001069,74.125.24.0-255,7156,64780,58,151188
23138,0.001071,172.31.46.0-255,66,64846,58,151188
23139,0.001099,74.125.24.0-255,5738,70584,58,151188
23140,0.001101,172.31.46.0-255,66,70650,58,151188
23141,0.001131,74.125.24.0-255,4320,74970,58,151188
23142,0.001134,172.31.46.0-255,66,75036,58,151188
23143,0.001168,74.125.24.0-255,6438,81474,58,151188
23144,0.001171,172.31.46.0-255,66,81540,58,151188
23145,0.003463,74.125.24.0-255,5738,87278,58,151188
23146,0.003471,172.31.46.0-255,66,87344,58,151188
23147,0.005791,74.125.24.0-255,5738,93082,58,151188
23148,0.005798,172.31.46.0-255,66,93148,58,151188
23149,0.008083,74.125.24.0-255,5738,98886,58,151188
23150,0.008091,172.31.46.0-255,66,98952,58,151188
23151,0.010351,74.125.24.0-255,5738,104690,58,151188
23152,0.010359,172.31.46.0-255,66,104756,58,151188
23153,0.012599,74.125.24.0-255,5738,110494,58,151188
23154,0.012608,172.31.46.0-255,66,110560,58,151188
23155,0.014939,74.125.24.0-255,5738,116298,58,151188
23156,0.014946,172.31.46.0-255,66,116364,58,151188
23157,0.017239,74.125.24.0-255,5738,122102,58,151188
23158,0.017246,172.31.46.0-255,66,122168,58,151188
23159,0.019549,74.125.24.0-255,5738,127906,58,151188
23160,0.019557,172.31.46.0-255,66,127972,58,151188
23161,0.021826,74.125.24.0-255,5738,133710,58,151188
23162,0.021834,172.31.46.0-255,66,133776,58,151188
23163,0.024158,74.125.24.0-255,5738,139514,58,151188
23164,0.024165,172.31.46.0-255,66,139580,58,151188
23165,0.026434,74.125.24.0-255,5738,145318,58,151188
23166,0.026442,172.31.46.0-255,66,145384,58,151188
23167,0.028754,74.125.24.0-255,5738,151122,58,151188
23168,0.028764,172.31.46.0-255,66,151188,58,151188
23169,0.0,172.217.194.0-255,293,293,58,153557
23170,1.3e-05,172.31.46.0-255,66,359,58,153557
23171,1.8e-05,172.217.194.0-255,1484,1843,58,153557
23172,2.3e-05,172.31.46.0-255,66,1909,58,153557
23173,2.8e-05,172.217.194.0-255,4320,6229,58,153557
23174,3.8e-05,172.31.46.0-255,66,6295,58,153557
23175,4.8e-05,172.31.46.0-255,66,6361,58,153557
23176,0.000105,172.217.194.0-255,1484,7845,58,153557
23177,0.000107,172.31.46.0-255,66,7911,58,153557
23178,0.000111,172.217.194.0-255,1484,9395,58,153557
23179,0.000113,172.31.46.0-255,66,9461,58,153557
23180,0.000129,172.217.194.0-255,1484,10945,58,153557
23181,0.00013,172.31.46.0-255,66,11011,58,153557
23182,0.000136,172.217.194.0-255,5738,16749,58,153557
23183,0.000138,172.31.46.0-255,66,16815,58,153557
23184,0.000172,172.217.194.0-255,6797,23612,58,153557
23185,0.000175,172.31.46.0-255,66,23678,58,153557
23186,0.000211,172.31.46.0-255,66,23744,58,153557
23187,0.000214,172.217.194.0-255,2543,26287,58,153557
23188,0.000217,172.31.46.0-255,66,26353,58,153557
23189,0.00061,172.217.194.0-255,1484,27837,58,153557
23190,0.000615,172.31.46.0-255,66,27903,58,153557
23191,0.00062,172.217.194.0-255,2902,30805,58,153557
23192,0.000622,172.31.46.0-255,66,30871,58,153557
23193,0.000626,172.217.194.0-255,2902,33773,58,153557
23194,0.000628,172.31.46.0-255,66,33839,58,153557
23195,0.000661,172.217.194.0-255,2902,36741,58,153557
23196,0.000664,172.31.46.0-255,66,36807,58,153557
23197,0.000673,172.31.46.0-255,66,36873,58,153557
23198,0.000698,172.217.194.0-255,4320,41193,58,153557
23199,0.0007,172.31.46.0-255,66,41259,58,153557
23200,0.000723,172.217.194.0-255,4320,45579,58,153557
23201,0.000725,172.31.46.0-255,66,45645,58,153557
23202,0.000748,172.217.194.0-255,7156,52801,58,153557
23203,0.00075,172.31.46.0-255,66,52867,58,153557
23204,0.000767,172.217.194.0-255,2543,55410,58,153557
23205,0.00077,172.31.46.0-255,66,55476,58,153557
23206,0.000779,172.31.46.0-255,66,55542,58,153557
23207,0.000819,172.217.194.0-255,6797,62339,58,153557
23208,0.000822,172.31.46.0-255,66,62405,58,153557
23209,0.001039,172.217.194.0-255,1484,63889,58,153557
23210,0.001045,172.217.194.0-255,2902,66791,58,153557
23211,0.001047,172.31.46.0-255,66,66857,58,153557
23212,0.001054,172.217.194.0-255,5738,72595,58,153557
23213,0.001055,172.31.46.0-255,66,72661,58,153557
23214,0.001085,172.217.194.0-255,5738,78399,58,153557
23215,0.001087,172.31.46.0-255,66,78465,58,153557
23216,0.001114,172.217.194.0-255,7156,85621,58,153557
23217,0.001116,172.31.46.0-255,66,85687,58,153557
23218,0.001127,172.31.46.0-255,66,85753,58,153557
23219,0.001161,172.217.194.0-255,1484,87237,58,153557
23220,0.001166,172.217.194.0-255,2902,90139,58,153557
23221,0.001168,172.31.46.0-255,66,90205,58,153557
23222,0.001194,172.217.194.0-255,5738,95943,58,153557
23223,0.001196,172.31.46.0-255,66,96009,58,153557
23224,0.001227,172.31.46.0-255,66,96075,58,153557
23225,0.001236,172.31.46.0-255,66,96141,58,153557
23226,0.001289,172.217.194.0-255,2184,98325,58,153557
23227,0.001294,172.217.194.0-255,2902,101227,58,153557
23228,0.001297,172.31.46.0-255,66,101293,58,153557
23229,0.0013,172.31.46.0-255,66,101359,58,153557
23230,0.00133,172.217.194.0-255,7156,108515,58,153557
23231,0.001332,172.31.46.0-255,66,108581,58,153557
23232,0.001348,172.31.46.0-255,66,108647,58,153557
23233,0.001398,172.31.46.0-255,66,108713,58,153557
23234,0.001429,172.31.46.0-255,66,108779,58,153557
23235,0.00144,172.31.46.0-255,66,108845,58,153557
23236,0.001504,172.31.46.0-255,66,108911,58,153557
23237,0.001525,172.31.46.0-255,66,108977,58,153557
23238,0.001565,172.31.46.0-255,66,109043,58,153557
23239,0.001696,172.217.194.0-255,1484,110527,58,153557
23240,0.001702,172.217.194.0-255,2902,113429,58,153557
23241,0.001705,172.31.46.0-255,66,113495,58,153557
23242,0.001709,172.217.194.0-255,1484,114979,58,153557
23243,0.001738,172.217.194.0-255,4320,119299,58,153557
23244,0.001741,172.31.46.0-255,66,119365,58,153557
23245,0.001747,172.217.194.0-255,7156,126521,58,153557
23246,0.00175,172.31.46.0-255,66,126587,58,153557
23247,0.001759,172.31.46.0-255,66,126653,58,153557
23248,0.001781,172.217.194.0-255,5738,132391,58,153557
23249,0.001783,172.31.46.0-255,66,132457,58,153557
23250,0.001787,172.217.194.0-255,2184,134641,58,153557
23251,0.001789,172.31.46.0-255,66,134707,58,153557
23252,0.001832,172.217.194.0-255,1484,136191,58,153557
23253,0.001836,172.217.194.0-255,2902,139093,58,153557
23254,0.001839,172.31.46.0-255,66,139159,58,153557
23255,0.001843,172.217.194.0-255,2902,142061,58,153557
23256,0.001845,172.31.46.0-255,66,142127,58,153557
23257,0.001863,172.217.194.0-255,2902,145029,58,153557
23258,0.001866,172.31.46.0-255,66,145095,58,153557
23259,0.001871,172.217.194.0-255,4320,149415,58,153557
23260,0.001873,172.31.46.0-255,66,149481,58,153557
23261,0.001911,172.31.46.0-255,66,149547,58,153557
23262,0.001921,172.31.46.0-255,66,149613,58,153557
23263,0.002009,172.217.194.0-255,3602,153215,58,153557
23264,0.002044,172.217.194.0-255,105,153320,58,153557
23265,0.007041,172.31.46.0-255,66,153386,58,153557
23266,0.009181,172.31.46.0-255,105,153491,58,153557
23267,0.011483,172.217.194.0-255,66,153557,58,153557
23268,0.0,74.125.24.0-255,297,297,58,134085
23269,2e-05,172.31.46.0-255,66,363,58,134085
23270,2.6e-05,74.125.24.0-255,1484,1847,58,134085
23271,3.2e-05,172.31.46.0-255,66,1913,58,134085
23272,4.6e-05,74.125.24.0-255,4320,6233,58,134085
23273,5.1e-05,172.31.46.0-255,66,6299,58,134085
23274,6.4e-05,172.31.46.0-255,66,6365,58,134085
23275,6.7e-05,74.125.24.0-255,1484,7849,58,134085
23276,7e-05,172.31.46.0-255,66,7915,58,134085
23277,7.7e-05,74.125.24.0-255,4320,12235,58,134085
23278,8e-05,172.31.46.0-255,66,12301,58,134085
23279,0.000123,172.31.46.0-255,66,12367,58,134085
23280,0.000148,172.31.46.0-255,66,12433,58,134085
23281,0.000359,74.125.24.0-255,1484,13917,58,134085
23282,0.000362,172.31.46.0-255,66,13983,58,134085
23283,0.000367,74.125.24.0-255,2902,16885,58,134085
23284,0.000369,172.31.46.0-255,66,16951,58,134085
23285,0.000376,74.125.24.0-255,4320,21271,58,134085
23286,0.000378,172.31.46.0-255,66,21337,58,134085
23287,0.000408,74.125.24.0-255,1484,22821,58,134085
23288,0.000411,172.31.46.0-255,66,22887,58,134085
23289,0.000419,74.125.24.0-255,7152,30039,58,134085
23290,0.000421,172.31.46.0-255,66,30105,58,134085
23291,0.000488,74.125.24.0-255,1484,31589,58,134085
23292,0.000491,172.31.46.0-255,66,31655,58,134085
23293,0.000497,74.125.24.0-255,2902,34557,58,134085
23294,0.000499,172.31.46.0-255,66,34623,58,134085
23295,0.000502,74.125.24.0-255,1484,36107,58,134085
23296,0.000505,172.31.46.0-255,66,36173,58,134085
23297,0.000543,74.125.24.0-255,4320,40493,58,134085
23298,0.000546,172.31.46.0-255,66,40559,58,134085
23299,0.000552,74.125.24.0-255,4320,44879,58,134085
23300,0.000555,172.31.46.0-255,66,44945,58,134085
23301,0.000573,172.31.46.0-255,66,45011,58,134085
23302,0.000577,74.125.24.0-255,2902,47913,58,134085
23303,0.000583,172.31.46.0-255,66,47979,58,134085
23304,0.000623,74.125.24.0-255,5020,52999,58,134085
23305,0.000627,172.31.46.0-255,66,53065,58,134085
23306,0.000638,172.31.46.0-255,66,53131,58,134085
23307,0.000659,172.31.46.0-255,66,53197,58,134085
23308,0.000723,172.31.46.0-255,66,53263,58,134085
23309,0.001023,74.125.24.0-255,1484,54747,58,134085
23310,0.001045,74.125.24.0-255,2902,57649,58,134085
23311,0.001048,172.31.46.0-255,66,57715,58,134085
23312,0.001056,74.125.24.0-255,5738,63453,58,134085
23313,0.001058,172.31.46.0-255,66,63519,58,134085
23314,0.001064,74.125.24.0-255,4320,67839,58,134085
23315,0.001066,172.31.46.0-255,66,67905,58,134085
23316,0.001111,172.31.46.0-255,66,67971,58,134085
23317,0.001121,172.31.46.0-255,66,68037,58,134085
23318,0.001125,74.125.24.0-255,2184,70221,58,134085
23319,0.001128,172.31.46.0-255,66,70287,58,134085
23320,0.001133,74.125.24.0-255,2902,73189,58,134085
23321,0.001135,172.31.46.0-255,66,73255,58,134085
23322,0.001184,74.125.24.0-255,7156,80411,58,134085
23323,0.001187,172.31.46.0-255,66,80477,58,134085
23324,0.001203,172.31.46.0-255,66,80543,58,134085
23325,0.001219,172.31.46.0-255,66,80609,58,134085
23326,0.00126,74.125.24.0-255,1484,82093,58,134085
23327,0.001285,74.125.24.0-255,2902,84995,58,134085
23328,0.001288,172.31.46.0-255,66,85061,58,134085
23329,0.00132,74.125.24.0-255,4320,89381,58,134085
23330,0.001323,172.31.46.0-255,66,89447,58,134085
23331,0.001333,172.31.46.0-255,66,89513,58,134085
23332,0.001344,74.125.24.0-255,4320,93833,58,134085
23333,0.001346,172.31.46.0-255,66,93899,58,134085
23334,0.001395,172.31.46.0-255,66,93965,58,134085
23335,0.001442,74.125.24.0-255,1484,95449,58,134085
23336,0.001446,74.125.24.0-255,1484,96933,58,134085
23337,0.001448,172.31.46.0-255,66,96999,58,134085
23338,0.001473,74.125.24.0-255,1484,98483,58,134085
23339,0.00148,74.125.24.0-255,5738,104221,58,134085
23340,0.001483,172.31.46.0-255,66,104287,58,134085
23341,0.001502,172.31.46.0-255,66,104353,58,134085
23342,0.001513,172.31.46.0-255,66,104419,58,134085
23343,0.00155,74.125.24.0-255,2184,106603,58,134085
23344,0.001552,172.31.46.0-255,66,106669,58,134085
23345,0.001579,74.125.24.0-255,2902,109571,58,134085
23346,0.001581,172.31.46.0-255,66,109637,58,134085
23347,0.001602,74.125.24.0-255,7156,116793,58,134085
23348,0.001605,172.31.46.0-255,66,116859,58,134085
23349,0.001611,74.125.24.0-255,5738,122597,58,134085
23350,0.001614,172.31.46.0-255,66,122663,58,134085
23351,0.001651,172.31.46.0-255,66,122729,58,134085
23352,0.001671,74.125.24.0-255,4320,127049,58,134085
23353,0.001673,172.31.46.0-255,66,127115,58,134085
23354,0.001694,172.31.46.0-255,66,127181,58,134085
23355,0.001708,172.31.46.0-255,66,127247,58,134085
23356,0.001722,172.31.46.0-255,66,127313,58,134085
23357,0.00183,172.31.46.0-255,66,127379,58,134085
23358,0.001856,172.31.46.0-255,66,127445,58,134085
23359,0.001871,172.31.46.0-255,66,127511,58,134085
23360,0.001878,74.125.24.0-255,6166,133677,58,134085
23361,0.001881,172.31.46.0-255,66,133743,58,134085
23362,0.001916,74.125.24.0-255,105,133848,58,134085
23363,0.005562,172.31.46.0-255,66,133914,58,134085
23364,0.005602,172.31.46.0-255,105,134019,58,134085
23365,0.007882,74.125.24.0-255,66,134085,58,134085
23366,0.0,74.125.24.0-255,153,153,58,142806
23367,2.2e-05,172.31.46.0-255,66,219,58,142806
23368,2.9e-05,74.125.24.0-255,1484,1703,58,142806
23369,3.5e-05,172.31.46.0-255,66,1769,58,142806
23370,4.1e-05,74.125.24.0-255,2902,4671,58,142806
23371,4.5e-05,172.31.46.0-255,66,4737,58,142806
23372,5.2e-05,74.125.24.0-255,5738,10475,58,142806
23373,5.6e-05,172.31.46.0-255,66,10541,58,142806
23374,8.7e-05,74.125.24.0-255,6297,16838,58,142806
23375,9e-05,172.31.46.0-255,66,16904,58,142806
23376,0.000104,74.125.24.0-255,2902,19806,58,142806
23377,0.000107,172.31.46.0-255,66,19872,58,142806
23378,0.000142,172.31.46.0-255,66,19938,58,142806
23379,0.000145,74.125.24.0-255,1484,21422,58,142806
23380,0.000147,172.31.46.0-255,66,21488,58,142806
23381,0.000152,74.125.24.0-255,2902,24390,58,142806
23382,0.000155,172.31.46.0-255,66,24456,58,142806
23383,0.000185,74.125.24.0-255,5738,30194,58,142806
23384,0.000188,172.31.46.0-255,66,30260,58,142806
23385,0.000192,74.125.24.0-255,2902,33162,58,142806
23386,0.000195,172.31.46.0-255,66,33228,58,142806
23387,0.000212,74.125.24.0-255,3961,37189,58,142806
23388,0.000215,172.31.46.0-255,66,37255,58,142806
23389,0.000456,74.125.24.0-255,1484,38739,58,142806
23390,0.000461,172.31.46.0-255,66,38805,58,142806
23391,0.000467,74.125.24.0-255,2902,41707,58,142806
23392,0.000469,172.31.46.0-255,66,41773,58,142806
23393,0.000491,74.125.24.0-255,1484,43257,58,142806
23394,0.000495,172.31.46.0-255,66,43323,58,142806
23395,0.000511,74.125.24.0-255,4320,47643,58,142806
23396,0.000514,172.31.46.0-255,66,47709,58,142806
23397,0.000519,74.125.24.0-255,4320,52029,58,142806
23398,0.000522,172.31.46.0-255,66,52095,58,142806
23399,0.000539,74.125.24.0-255,2543,54638,58,142806
23400,0.000542,172.31.46.0-255,66,54704,58,142806
23401,0.000941,74.125.24.0-255,646,55350,58,142806
23402,0.001063,172.31.46.0-255,66,55416,58,142806
23403,0.001613,74.125.24.0-255,1484,56900,58,142806
23404,0.001626,74.125.24.0-255,2902,59802,58,142806
23405,0.00163,172.31.46.0-255,66,59868,58,142806
23406,0.001638,74.125.24.0-255,4320,64188,58,142806
23407,0.00164,172.31.46.0-255,66,64254,58,142806
23408,0.001657,74.125.24.0-255,1484,65738,58,142806
23409,0.001671,172.31.46.0-255,66,65804,58,142806
23410,0.001675,74.125.24.0-255,1484,67288,58,142806
23411,0.001702,172.31.46.0-255,66,67354,58,142806
23412,0.003706,74.125.24.0-255,5738,73092,58,142806
23413,0.003713,172.31.46.0-255,66,73158,58,142806
23414,0.005736,74.125.24.0-255,5738,78896,58,142806
23415,0.005739,172.31.46.0-255,66,78962,58,142806
23416,0.00774,74.125.24.0-255,5738,84700,58,142806
23417,0.007747,172.31.46.0-255,66,84766,58,142806
23418,0.009729,74.125.24.0-255,5738,90504,58,142806
23419,0.009737,172.31.46.0-255,66,90570,58,142806
23420,0.011758,74.125.24.0-255,5738,96308,58,142806
23421,0.011773,172.31.46.0-255,66,96374,58,142806
23422,0.013822,74.125.24.0-255,5738,102112,58,142806
23423,0.013837,172.31.46.0-255,66,102178,58,142806
23424,0.015856,74.125.24.0-255,5738,107916,58,142806
23425,0.015869,172.31.46.0-255,66,107982,58,142806
23426,0.017873,74.125.24.0-255,5738,113720,58,142806
23427,0.017888,172.31.46.0-255,66,113786,58,142806
23428,0.019905,74.125.24.0-255,5738,119524,58,142806
23429,0.019921,172.31.46.0-255,66,119590,58,142806
23430,0.021925,74.125.24.0-255,5738,125328,58,142806
23431,0.02194,172.31.46.0-255,66,125394,58,142806
23432,0.023942,74.125.24.0-255,5738,131132,58,142806
23433,0.023957,172.31.46.0-255,66,131198,58,142806
23434,0.025986,74.125.24.0-255,5738,136936,58,142806
23435,0.026001,172.31.46.0-255,66,137002,58,142806
23436,0.028006,74.125.24.0-255,5738,142740,58,142806
23437,0.028018,172.31.46.0-255,66,142806,58,142806
23438,0.0,172.217.194.0-255,150,150,58,216849
23439,1.8e-05,172.31.46.0-255,66,216,58,216849
23440,2.5e-05,172.217.194.0-255,1484,1700,58,216849
23441,3e-05,172.31.46.0-255,66,1766,58,216849
23442,4.4e-05,172.217.194.0-255,2902,4668,58,216849
23443,4.8e-05,172.31.46.0-255,66,4734,58,216849
23444,5.4e-05,172.217.194.0-255,5738,10472,58,216849
23445,5.8e-05,172.31.46.0-255,66,10538,58,216849
23446,9.1e-05,172.217.194.0-255,1484,12022,58,216849
23447,9.4e-05,172.31.46.0-255,66,12088,58,216849
23448,0.00011,172.31.46.0-255,66,12154,58,216849
23449,0.000117,172.217.194.0-255,6797,18951,58,216849
23450,0.00012,172.31.46.0-255,66,19017,58,216849
23451,0.000196,172.217.194.0-255,1484,20501,58,216849
23452,0.0002,172.31.46.0-255,66,20567,58,216849
23453,0.000207,172.217.194.0-255,2902,23469,58,216849
23454,0.000209,172.31.46.0-255,66,23535,58,216849
23455,0.000239,172.217.194.0-255,5738,29273,58,216849
23456,0.000242,172.31.46.0-255,66,29339,58,216849
23457,0.000246,172.217.194.0-255,2902,32241,58,216849
23458,0.000248,172.31.46.0-255,66,32307,58,216849
23459,0.000272,172.217.194.0-255,3961,36268,58,216849
23460,0.000276,172.31.46.0-255,66,36334,58,216849
23461,0.000283,172.217.194.0-255,7156,43490,58,216849
23462,0.000285,172.31.46.0-255,66,43556,58,216849
23463,0.000335,172.31.46.0-255,66,43622,58,216849
23464,0.000338,172.217.194.0-255,115,43737,58,216849
23465,0.00034,172.31.46.0-255,66,43803,58,216849
23466,0.000447,172.217.194.0-255,382,44185,58,216849
23467,0.000451,172.31.46.0-255,66,44251,58,216849
23468,0.000595,172.217.194.0-255,1484,45735,58,216849
23469,0.000601,172.217.194.0-255,1484,47219,58,216849
23470,0.000605,172.31.46.0-255,66,47285,58,216849
23471,0.000617,172.217.194.0-255,1484,48769,58,216849
23472,0.000628,172.217.194.0-255,5738,54507,58,216849
23473,0.00063,172.31.46.0-255,66,54573,58,216849
23474,0.00066,172.217.194.0-255,5738,60311,58,216849
23475,0.000663,172.31.46.0-255,66,60377,58,216849
23476,0.000691,172.217.194.0-255,7156,67533,58,216849
23477,0.000695,172.31.46.0-255,66,67599,58,216849
23478,0.000718,172.217.194.0-255,7156,74755,58,216849
23479,0.000721,172.31.46.0-255,66,74821,58,216849
23480,0.000748,172.217.194.0-255,3602,78423,58,216849
23481,0.000751,172.31.46.0-255,66,78489,58,216849
23482,0.001003,172.217.194.0-255,1484,79973,58,216849
23483,0.00101,172.217.194.0-255,2902,82875,58,216849
23484,0.001013,172.31.46.0-255,66,82941,58,216849
23485,0.001019,172.217.194.0-255,2902,85843,58,216849
23486,0.001021,172.31.46.0-255,66,85909,58,216849
23487,0.001041,172.217.194.0-255,2902,88811,58,216849
23488,0.001043,172.31.46.0-255,66,88877,58,216849
23489,0.001055,172.31.46.0-255,66,88943,58,216849
23490,0.001098,172.217.194.0-255,4320,93263,58,216849
23491,0.001102,172.31.46.0-255,66,93329,58,216849
23492,0.001115,172.31.46.0-255,66,93395,58,216849
23493,0.001118,172.217.194.0-255,1484,94879,58,216849
23494,0.001154,172.217.194.0-255,2902,97781,58,216849
23495,0.001157,172.31.46.0-255,66,97847,58,216849
23496,0.001163,172.217.194.0-255,5738,103585,58,216849
23497,0.001166,172.31.46.0-255,66,103651,58,216849
23498,0.001176,172.31.46.0-255,66,103717,58,216849
23499,0.001201,172.217.194.0-255,4320,108037,58,216849
23500,0.001211,172.31.46.0-255,66,108103,58,216849
23501,0.001219,172.217.194.0-255,7156,115259,58,216849
23502,0.001221,172.31.46.0-255,66,115325,58,216849
23503,0.001245,172.217.194.0-255,3602,118927,58,216849
23504,0.001247,172.31.46.0-255,66,118993,58,216849
23505,0.001261,172.31.46.0-255,66,119059,58,216849
23506,0.001349,172.31.46.0-255,66,119125,58,216849
23507,0.001353,172.217.194.0-255,2184,121309,58,216849
23508,0.001355,172.31.46.0-255,66,121375,58,216849
23509,0.001359,172.217.194.0-255,2902,124277,58,216849
23510,0.001361,172.31.46.0-255,66,124343,58,216849
23511,0.001367,172.217.194.0-255,4320,128663,58,216849
23512,0.00137,172.31.46.0-255,66,128729,58,216849
23513,0.001414,172.31.46.0-255,66,128795,58,216849
23514,0.001417,172.217.194.0-255,1484,130279,58,216849
23515,0.001452,172.31.46.0-255,66,130345,58,216849
23516,0.001476,172.217.194.0-255,2184,132529,58,216849
23517,0.001478,172.31.46.0-255,66,132595,58,216849
23518,0.001528,172.217.194.0-255,1484,134079,58,216849
23519,0.001548,172.217.194.0-255,2902,136981,58,216849
23520,0.001551,172.31.46.0-255,66,137047,58,216849
23521,0.001555,172.217.194.0-255,1484,138531,58,216849
23522,0.001582,172.217.194.0-255,4320,142851,58,216849
23523,0.001585,172.31.46.0-255,66,142917,58,216849
23524,0.001591,172.217.194.0-255,4320,147237,58,216849
23525,0.001594,172.31.46.0-255,66,147303,58,216849
23526,0.001606,172.217.194.0-255,7156,154459,58,216849
23527,0.00161,172.31.46.0-255,66,154525,58,216849
23528,0.001634,172.217.194.0-255,4320,158845,58,216849
23529,0.001637,172.31.46.0-255,66,158911,58,216849
23530,0.001648,172.31.46.0-255,66,158977,58,216849
23531,0.00168,172.217.194.0-255,1484,160461,58,216849
23532,0.001686,172.217.194.0-255,2902,163363,58,216849
23533,0.001689,172.31.46.0-255,66,163429,58,216849
23534,0.001696,172.217.194.0-255,5738,169167,58,216849
23535,0.001698,172.31.46.0-255,66,169233,58,216849
23536,0.001741,172.31.46.0-255,66,169299,58,216849
23537,0.001753,172.31.46.0-255,66,169365,58,216849
23538,0.001786,172.217.194.0-255,4320,173685,58,216849
23539,0.001789,172.31.46.0-255,66,173751,58,216849
23540,0.001859,172.31.46.0-255,66,173817,58,216849
23541,0.001867,172.217.194.0-255,766,174583,58,216849
23542,0.001907,172.217.194.0-255,1484,176067,58,216849
23543,0.001912,172.217.194.0-255,2902,178969,58,216849
23544,0.001919,172.217.194.0-255,5738,184707,58,216849
23545,0.001991,172.217.194.0-255,2902,187609,58,216849
23546,0.002,172.31.46.0-255,66,187675,58,216849
23547,0.002007,172.217.194.0-255,5738,193413,58,216849
23548,0.002013,172.217.194.0-255,5020,198433,58,216849
23549,0.002023,172.217.194.0-255,5738,204171,58,216849
23550,0.002034,172.217.194.0-255,1484,205655,58,216849
23551,0.002038,172.31.46.0-255,66,205721,58,216849
23552,0.002071,172.217.194.0-255,5738,211459,58,216849
23553,0.002085,172.31.46.0-255,66,211525,58,216849
23554,0.002115,172.217.194.0-255,4916,216441,58,216849
23555,0.00214,172.31.46.0-255,66,216507,58,216849
23556,0.002143,172.217.194.0-255,105,216612,58,216849
23557,0.010417,172.31.46.0-255,66,216678,58,216849
23558,0.010451,172.31.46.0-255,105,216783,58,216849
23559,0.01301,172.217.194.0-255,66,216849,58,216849
23560,0.0,74.125.200.0-255,153,153,58,176682
23561,1.3e-05,172.31.46.0-255,66,219,58,176682
23562,2e-05,74.125.200.0-255,1484,1703,58,176682
23563,2.4e-05,172.31.46.0-255,66,1769,58,176682
23564,3e-05,74.125.200.0-255,2902,4671,58,176682
23565,4e-05,172.31.46.0-255,66,4737,58,176682
23566,7.7e-05,74.125.200.0-255,5738,10475,58,176682
23567,8e-05,172.31.46.0-255,66,10541,58,176682
23568,8.8e-05,74.125.200.0-255,3493,14034,58,176682
23569,9e-05,172.31.46.0-255,66,14100,58,176682
23570,0.000256,74.125.200.0-255,1484,15584,58,176682
23571,0.000261,172.31.46.0-255,66,15650,58,176682
23572,0.000265,74.125.200.0-255,1484,17134,58,176682
23573,0.000267,172.31.46.0-255,66,17200,58,176682
23574,0.000298,74.125.200.0-255,1484,18684,58,176682
23575,0.000301,172.31.46.0-255,66,18750,58,176682
23576,0.000304,74.125.200.0-255,1484,20234,58,176682
23577,0.000306,172.31.46.0-255,66,20300,58,176682
23578,0.000311,74.125.200.0-255,2902,23202,58,176682
23579,0.000318,172.31.46.0-255,66,23268,58,176682
23580,0.000322,74.125.200.0-255,2902,26170,58,176682
23581,0.000326,172.31.46.0-255,66,26236,58,176682
23582,0.000349,74.125.200.0-255,2902,29138,58,176682
23583,0.000351,172.31.46.0-255,66,29204,58,176682
23584,0.00036,74.125.200.0-255,2543,31747,58,176682
23585,0.000363,172.31.46.0-255,66,31813,58,176682
23586,0.000367,74.125.200.0-255,2902,34715,58,176682
23587,0.00037,172.31.46.0-255,66,34781,58,176682
23588,0.000373,74.125.200.0-255,1484,36265,58,176682
23589,0.000374,172.31.46.0-255,66,36331,58,176682
23590,0.00041,74.125.200.0-255,5738,42069,58,176682
23591,0.000413,172.31.46.0-255,66,42135,58,176682
23592,0.000419,74.125.200.0-255,4320,46455,58,176682
23593,0.000444,74.125.200.0-255,4320,50775,58,176682
23594,0.000449,74.125.200.0-255,4320,55095,58,176682
23595,0.000452,74.125.200.0-255,1484,56579,58,176682
23596,0.000471,74.125.200.0-255,4320,60899,58,176682
23597,0.000491,74.125.200.0-255,4320,65219,58,176682
23598,0.000528,74.125.200.0-255,766,65985,58,176682
23599,0.000609,172.31.46.0-255,66,66051,58,176682
23600,0.000657,74.125.200.0-255,410,66461,58,176682
23601,0.00071,74.125.200.0-255,333,66794,58,176682
23602,0.001348,74.125.200.0-255,1484,68278,58,176682
23603,0.001355,172.31.46.0-255,66,68344,58,176682
23604,0.001361,74.125.200.0-255,2902,71246,58,176682
23605,0.001382,74.125.200.0-255,4320,75566,58,176682
23606,0.0014,74.125.200.0-255,1484,77050,58,176682
23607,0.001403,74.125.200.0-255,1484,78534,58,176682
23608,0.001407,74.125.200.0-255,2902,81436,58,176682
23609,0.001439,74.125.200.0-255,4320,85756,58,176682
23610,0.001452,74.125.200.0-255,1484,87240,58,176682
23611,0.001455,74.125.200.0-255,1484,88724,58,176682
23612,0.001457,74.125.200.0-255,1484,90208,58,176682
23613,0.00147,74.125.200.0-255,1484,91692,58,176682
23614,0.001485,74.125.200.0-255,4320,96012,58,176682
23615,0.001498,74.125.200.0-255,1484,97496,58,176682
23616,0.0015,74.125.200.0-255,1484,98980,58,176682
23617,0.001514,74.125.200.0-255,2184,101164,58,176682
23618,0.003646,172.31.46.0-255,66,101230,58,176682
23619,0.005665,74.125.200.0-255,5738,106968,58,176682
23620,0.005672,172.31.46.0-255,66,107034,58,176682
23621,0.007703,74.125.200.0-255,5738,112772,58,176682
23622,0.007712,172.31.46.0-255,66,112838,58,176682
23623,0.009723,74.125.200.0-255,5738,118576,58,176682
23624,0.009732,172.31.46.0-255,66,118642,58,176682
23625,0.011725,74.125.200.0-255,5738,124380,58,176682
23626,0.011735,172.31.46.0-255,66,124446,58,176682
23627,0.013743,74.125.200.0-255,5738,130184,58,176682
23628,0.013754,172.31.46.0-255,66,130250,58,176682
23629,0.015757,74.125.200.0-255,5738,135988,58,176682
23630,0.015769,172.31.46.0-255,66,136054,58,176682
23631,0.017767,74.125.200.0-255,5738,141792,58,176682
23632,0.017781,172.31.46.0-255,66,141858,58,176682
23633,0.019797,74.125.200.0-255,5738,147596,58,176682
23634,0.019805,172.31.46.0-255,66,147662,58,176682
23635,0.021797,74.125.200.0-255,5738,153400,58,176682
23636,0.021806,172.31.46.0-255,66,153466,58,176682
23637,0.023808,74.125.200.0-255,5738,159204,58,176682
23638,0.023821,172.31.46.0-255,66,159270,58,176682
23639,0.02581,74.125.200.0-255,5738,165008,58,176682
23640,0.025821,172.31.46.0-255,66,165074,58,176682
23641,0.027823,74.125.200.0-255,5738,170812,58,176682
23642,0.027834,172.31.46.0-255,66,170878,58,176682
23643,0.029835,74.125.200.0-255,5738,176616,58,176682
23644,0.029845,172.31.46.0-255,66,176682,58,176682
23645,0.0,172.217.194.0-255,153,153,58,205695
23646,2.3e-05,172.31.46.0-255,66,219,58,205695
23647,3.1e-05,172.217.194.0-255,1484,1703,58,205695
23648,3.5e-05,172.31.46.0-255,66,1769,58,205695
23649,4.2e-05,172.217.194.0-255,2902,4671,58,205695
23650,4.5e-05,172.31.46.0-255,66,4737,58,205695
23651,5.3e-05,172.217.194.0-255,7156,11893,58,205695
23652,5.6e-05,172.31.46.0-255,66,11959,58,205695
23653,6.1e-05,172.217.194.0-255,2091,14050,58,205695
23654,6.5e-05,172.31.46.0-255,66,14116,58,205695
23655,6.9e-05,172.217.194.0-255,2902,17018,58,205695
23656,7.2e-05,172.31.46.0-255,66,17084,58,205695
23657,7.5e-05,172.217.194.0-255,1484,18568,58,205695
23658,7.7e-05,172.31.46.0-255,66,18634,58,205695
23659,0.000102,172.217.194.0-255,5738,24372,58,205695
23660,0.000104,172.31.46.0-255,66,24438,58,205695
23661,0.00014,172.217.194.0-255,6797,31235,58,205695
23662,0.000142,172.31.46.0-255,66,31301,58,205695
23663,0.000826,172.217.194.0-255,1484,32785,58,205695
23664,0.000835,172.31.46.0-255,66,32851,58,205695
23665,0.000844,172.217.194.0-255,2902,35753,58,205695
23666,0.000847,172.31.46.0-255,66,35819,58,205695
23667,0.000854,172.217.194.0-255,5738,41557,58,205695
23668,0.000857,172.31.46.0-255,66,41623,58,205695
23669,0.000887,172.217.194.0-255,6797,48420,58,205695
23670,0.00089,172.31.46.0-255,66,48486,58,205695
23671,0.000916,172.217.194.0-255,2902,51388,58,205695
23672,0.000919,172.31.46.0-255,66,51454,58,205695
23673,0.00094,172.217.194.0-255,1484,52938,58,205695
23674,0.000942,172.31.46.0-255,66,53004,58,205695
23675,0.000949,172.217.194.0-255,5738,58742,58,205695
23676,0.000951,172.31.46.0-255,66,58808,58,205695
23677,0.000972,172.217.194.0-255,1484,60292,58,205695
23678,0.000999,172.217.194.0-255,5379,65671,58,205695
23679,0.001015,172.217.194.0-255,645,66316,58,205695
23680,0.001203,172.217.194.0-255,1484,67800,58,205695
23681,0.001214,172.217.194.0-255,2902,70702,58,205695
23682,0.001218,172.217.194.0-255,2902,73604,58,205695
23683,0.001235,172.217.194.0-255,2902,76506,58,205695
23684,0.001255,172.217.194.0-255,4320,80826,58,205695
23685,0.001271,172.217.194.0-255,1484,82310,58,205695
23686,0.001286,172.217.194.0-255,2902,85212,58,205695
23687,0.001318,172.217.194.0-255,5020,90232,58,205695
23688,0.001806,172.217.194.0-255,1484,91716,58,205695
23689,0.001815,172.217.194.0-255,2902,94618,58,205695
23690,0.001822,172.217.194.0-255,5738,100356,58,205695
23691,0.001873,172.217.194.0-255,7156,107512,58,205695
23692,0.001907,172.217.194.0-255,5738,113250,58,205695
23693,0.001911,172.217.194.0-255,2184,115434,58,205695
23694,0.002069,172.217.194.0-255,1484,116918,58,205695
23695,0.002073,172.217.194.0-255,2902,119820,58,205695
23696,0.002078,172.217.194.0-255,4320,124140,58,205695
23697,0.002095,172.217.194.0-255,1484,125624,58,205695
23698,0.002149,172.217.194.0-255,4320,129944,58,205695
23699,0.002266,172.217.194.0-255,1484,131428,58,205695
23700,0.002278,172.217.194.0-255,2902,134330,58,205695
23701,0.002296,172.217.194.0-255,2902,137232,58,205695
23702,0.002315,172.217.194.0-255,2902,140134,58,205695
23703,0.002319,172.217.194.0-255,2902,143036,58,205695
23704,0.002349,172.217.194.0-255,1484,144520,58,205695
23705,0.00237,172.217.194.0-255,2902,147422,58,205695
23706,0.002689,172.31.46.0-255,66,147488,58,205695
23707,0.005294,172.217.194.0-255,5738,153226,58,205695
23708,0.005302,172.31.46.0-255,66,153292,58,205695
23709,0.00788,172.217.194.0-255,5738,159030,58,205695
23710,0.007888,172.31.46.0-255,66,159096,58,205695
23711,0.010452,172.217.194.0-255,5738,164834,58,205695
23712,0.01046,172.31.46.0-255,66,164900,58,205695
23713,0.013066,172.217.194.0-255,5738,170638,58,205695
23714,0.013534,172.31.46.0-255,66,170704,58,205695
23715,0.016119,172.217.194.0-255,5738,176442,58,205695
23716,0.016129,172.31.46.0-255,66,176508,58,205695
23717,0.018728,172.217.194.0-255,5738,182246,58,205695
23718,0.018738,172.31.46.0-255,66,182312,58,205695
23719,0.021327,172.217.194.0-255,5738,188050,58,205695
23720,0.021334,172.31.46.0-255,66,188116,58,205695
23721,0.023917,172.217.194.0-255,5738,193854,58,205695
23722,0.023924,172.31.46.0-255,66,193920,58,205695
23723,0.026468,172.217.194.0-255,5738,199658,58,205695
23724,0.026486,172.31.46.0-255,66,199724,58,205695
23725,0.026723,172.31.46.0-255,101,199825,58,205695
23726,0.029064,172.217.194.0-255,5738,205563,58,205695
23727,0.029081,172.31.46.0-255,66,205629,58,205695
23728,0.029241,172.217.194.0-255,66,205695,58,205695
23729,0.0,172.217.194.0-255,226,226,58,88980
23730,2.7e-05,172.31.46.0-255,66,292,58,88980
23731,3.4e-05,172.217.194.0-255,1484,1776,58,88980
23732,3.9e-05,172.31.46.0-255,66,1842,58,88980
23733,7.2e-05,172.217.194.0-255,4320,6162,58,88980
23734,7.5e-05,172.31.46.0-255,66,6228,58,88980
23735,0.000243,172.31.46.0-255,66,6294,58,88980
23736,0.000607,172.31.46.0-255,66,6360,58,88980
23737,0.001197,172.217.194.0-255,2395,8755,58,88980
23738,0.001203,172.31.46.0-255,66,8821,58,88980
23739,0.002882,172.217.194.0-255,2902,11723,58,88980
23740,0.002886,172.31.46.0-255,66,11789,58,88980
23741,0.003468,172.217.194.0-255,2902,14691,58,88980
23742,0.003472,172.31.46.0-255,66,14757,58,88980
23743,0.005159,172.217.194.0-255,2902,17659,58,88980
23744,0.005164,172.31.46.0-255,66,17725,58,88980
23745,0.00573,172.217.194.0-255,2902,20627,58,88980
23746,0.005737,172.31.46.0-255,66,20693,58,88980
23747,0.00745,172.217.194.0-255,2902,23595,58,88980
23748,0.007458,172.31.46.0-255,66,23661,58,88980
23749,0.008117,172.217.194.0-255,2902,26563,58,88980
23750,0.008124,172.31.46.0-255,66,26629,58,88980
23751,0.009721,172.217.194.0-255,2902,29531,58,88980
23752,0.009732,172.31.46.0-255,66,29597,58,88980
23753,0.010538,172.217.194.0-255,2902,32499,58,88980
23754,0.010544,172.31.46.0-255,66,32565,58,88980
23755,0.011996,172.217.194.0-255,2902,35467,58,88980
23756,0.012003,172.31.46.0-255,66,35533,58,88980
23757,0.012812,172.217.194.0-255,2902,38435,58,88980
23758,0.012818,172.31.46.0-255,66,38501,58,88980
23759,0.014266,172.217.194.0-255,2902,41403,58,88980
23760,0.014272,172.31.46.0-255,66,41469,58,88980
23761,0.015092,172.217.194.0-255,2902,44371,58,88980
23762,0.015097,172.31.46.0-255,66,44437,58,88980
23763,0.016533,172.217.194.0-255,2902,47339,58,88980
23764,0.016538,172.31.46.0-255,66,47405,58,88980
23765,0.017339,172.217.194.0-255,2902,50307,58,88980
23766,0.017344,172.31.46.0-255,66,50373,58,88980
23767,0.018802,172.217.194.0-255,2902,53275,58,88980
23768,0.018809,172.31.46.0-255,66,53341,58,88980
23769,0.019608,172.217.194.0-255,2902,56243,58,88980
23770,0.019614,172.31.46.0-255,66,56309,58,88980
23771,0.021079,172.217.194.0-255,1484,57793,58,88980
23772,0.021084,172.31.46.0-255,66,57859,58,88980
23773,0.021881,172.217.194.0-255,4320,62179,58,88980
23774,0.021887,172.31.46.0-255,66,62245,58,88980
23775,0.023345,172.217.194.0-255,1484,63729,58,88980
23776,0.024152,172.217.194.0-255,4320,68049,58,88980
23777,0.024158,172.31.46.0-255,66,68115,58,88980
23778,0.025502,172.31.46.0-255,172,68287,58,88980
23779,0.025537,172.31.46.0-255,1113,69400,58,88980
23780,0.025603,172.31.46.0-255,1514,70914,58,88980
23781,0.025605,172.31.46.0-255,1514,72428,58,88980
23782,0.02561,172.31.46.0-255,1514,73942,58,88980
23783,0.025611,172.31.46.0-255,1514,75456,58,88980
23784,0.025632,172.31.46.0-255,1514,76970,58,88980
23785,0.025634,172.31.46.0-255,138,77108,58,88980
23786,0.026459,172.217.194.0-255,5738,82846,58,88980
23787,0.026465,172.31.46.0-255,66,82912,58,88980
23788,0.026977,104.244.42.0-255,66,82978,58,88980
23789,0.027048,104.244.42.0-255,66,83044,58,88980
23790,0.027137,104.244.42.0-255,66,83110,58,88980
23791,0.027142,104.244.42.0-255,66,83176,58,88980
23792,0.028724,172.217.194.0-255,5738,88914,58,88980
23793,0.028729,172.31.46.0-255,66,88980,58,88980
23794,0.0,74.125.24.0-255,146,146,58,235957
23795,1.5e-05,172.31.46.0-255,66,212,58,235957
23796,2.1e-05,74.125.24.0-255,1484,1696,58,235957
23797,2.5e-05,172.31.46.0-255,66,1762,58,235957
23798,3e-05,74.125.24.0-255,2902,4664,58,235957
23799,3.4e-05,172.31.46.0-255,66,4730,58,235957
23800,4.1e-05,74.125.24.0-255,7156,11886,58,235957
23801,4.4e-05,172.31.46.0-255,66,11952,58,235957
23802,6.2e-05,74.125.24.0-255,1484,13436,58,235957
23803,6.5e-05,172.31.46.0-255,66,13502,58,235957
23804,0.000102,172.31.46.0-255,66,13568,58,235957
23805,0.000106,74.125.24.0-255,2543,16111,58,235957
23806,0.000107,172.31.46.0-255,66,16177,58,235957
23807,0.000197,74.125.24.0-255,1484,17661,58,235957
23808,0.0002,172.31.46.0-255,66,17727,58,235957
23809,0.000206,74.125.24.0-255,2902,20629,58,235957
23810,0.000208,172.31.46.0-255,66,20695,58,235957
23811,0.000211,74.125.24.0-255,1484,22179,58,235957
23812,0.000213,172.31.46.0-255,66,22245,58,235957
23813,0.000233,74.125.24.0-255,4320,26565,58,235957
23814,0.000236,172.31.46.0-255,66,26631,58,235957
23815,0.000238,74.125.24.0-255,1484,28115,58,235957
23816,0.00024,172.31.46.0-255,66,28181,58,235957
23817,0.000265,172.31.46.0-255,66,28247,58,235957
23818,0.000293,74.125.24.0-255,2543,30790,58,235957
23819,0.000296,172.31.46.0-255,66,30856,58,235957
23820,0.000306,172.31.46.0-255,66,30922,58,235957
23821,0.000308,74.125.24.0-255,1399,32321,58,235957
23822,0.00031,172.31.46.0-255,66,32387,58,235957
23823,0.000358,74.125.24.0-255,412,32799,58,235957
23824,0.000361,172.31.46.0-255,66,32865,58,235957
23825,0.000687,74.125.24.0-255,1484,34349,58,235957
23826,0.000691,172.31.46.0-255,66,34415,58,235957
23827,0.000694,74.125.24.0-255,1484,35899,58,235957
23828,0.000696,172.31.46.0-255,66,35965,58,235957
23829,0.000708,74.125.24.0-255,1484,37449,58,235957
23830,0.00071,172.31.46.0-255,66,37515,58,235957
23831,0.000715,74.125.24.0-255,2902,40417,58,235957
23832,0.000717,172.31.46.0-255,66,40483,58,235957
23833,0.000748,74.125.24.0-255,7156,47639,58,235957
23834,0.000751,172.31.46.0-255,66,47705,58,235957
23835,0.000782,74.125.24.0-255,4320,52025,58,235957
23836,0.000785,172.31.46.0-255,66,52091,58,235957
23837,0.000803,74.125.24.0-255,4320,56411,58,235957
23838,0.000805,172.31.46.0-255,66,56477,58,235957
23839,0.000822,74.125.24.0-255,7156,63633,58,235957
23840,0.000824,172.31.46.0-255,66,63699,58,235957
23841,0.00083,74.125.24.0-255,3602,67301,58,235957
23842,0.000832,172.31.46.0-255,66,67367,58,235957
23843,0.000835,74.125.24.0-255,1484,68851,58,235957
23844,0.000836,172.31.46.0-255,66,68917,58,235957
23845,0.00084,74.125.24.0-255,2902,71819,58,235957
23846,0.000843,172.31.46.0-255,66,71885,58,235957
23847,0.000846,74.125.24.0-255,2902,74787,58,235957
23848,0.000848,172.31.46.0-255,66,74853,58,235957
23849,0.000864,74.125.24.0-255,2902,77755,58,235957
23850,0.000867,172.31.46.0-255,66,77821,58,235957
23851,0.00087,74.125.24.0-255,2902,80723,58,235957
23852,0.000872,172.31.46.0-255,66,80789,58,235957
23853,0.000887,74.125.24.0-255,5738,86527,58,235957
23854,0.0009,172.31.46.0-255,66,86593,58,235957
23855,0.000945,74.125.24.0-255,7156,93749,58,235957
23856,0.000953,172.31.46.0-255,66,93815,58,235957
23857,0.00098,172.31.46.0-255,66,93881,58,235957
23858,0.001022,74.125.24.0-255,1484,95365,58,235957
23859,0.001032,74.125.24.0-255,2902,98267,58,235957
23860,0.001044,172.31.46.0-255,66,98333,58,235957
23861,0.001056,74.125.24.0-255,5738,104071,58,235957
23862,0.001088,74.125.24.0-255,1484,105555,58,235957
23863,0.001094,74.125.24.0-255,7156,112711,58,235957
23864,0.001102,172.31.46.0-255,66,112777,58,235957
23865,0.00112,74.125.24.0-255,2902,115679,58,235957
23866,0.001125,172.31.46.0-255,66,115745,58,235957
23867,0.001133,74.125.24.0-255,766,116511,58,235957
23868,0.001152,74.125.24.0-255,4320,120831,58,235957
23869,0.001205,74.125.24.0-255,7156,127987,58,235957
23870,0.001208,172.31.46.0-255,66,128053,58,235957
23871,0.001216,172.31.46.0-255,66,128119,58,235957
23872,0.001247,74.125.24.0-255,7156,135275,58,235957
23873,0.001252,172.31.46.0-255,66,135341,58,235957
23874,0.001261,74.125.24.0-255,5020,140361,58,235957
23875,0.001264,172.31.46.0-255,66,140427,58,235957
23876,0.001291,74.125.24.0-255,1484,141911,58,235957
23877,0.001296,74.125.24.0-255,2902,144813,58,235957
23878,0.001307,172.31.46.0-255,66,144879,58,235957
23879,0.001311,74.125.24.0-255,2902,147781,58,235957
23880,0.001315,172.31.46.0-255,66,147847,58,235957
23881,0.001326,74.125.24.0-255,2902,150749,58,235957
23882,0.001328,74.125.24.0-255,1484,152233,58,235957
23883,0.001362,172.31.46.0-255,66,152299,58,235957
23884,0.001398,74.125.24.0-255,4320,156619,58,235957
23885,0.001408,172.31.46.0-255,66,156685,58,235957
23886,0.001442,74.125.24.0-255,1484,158169,58,235957
23887,0.001446,74.125.24.0-255,1484,159653,58,235957
23888,0.001456,74.125.24.0-255,1484,161137,58,235957
23889,0.001462,74.125.24.0-255,5738,166875,58,235957
23890,0.00147,172.31.46.0-255,66,166941,58,235957
23891,0.001484,74.125.24.0-255,5738,172679,58,235957
23892,0.001488,172.31.46.0-255,66,172745,58,235957
23893,0.001499,74.125.24.0-255,7156,179901,58,235957
23894,0.001502,74.125.24.0-255,2902,182803,58,235957
23895,0.001518,74.125.24.0-255,5738,188541,58,235957
23896,0.001526,172.31.46.0-255,66,188607,58,235957
23897,0.001534,74.125.24.0-255,2184,190791,58,235957
23898,0.001551,172.31.46.0-255,66,190857,58,235957
23899,0.001601,74.125.24.0-255,1484,192341,58,235957
23900,0.001604,74.125.24.0-255,1484,193825,58,235957
23901,0.001609,172.31.46.0-255,66,193891,58,235957
23902,0.001619,74.125.24.0-255,1484,195375,58,235957
23903,0.001624,74.125.24.0-255,4320,199695,58,235957
23904,0.001627,172.31.46.0-255,66,199761,58,235957
23905,0.001648,74.125.24.0-255,1484,201245,58,235957
23906,0.001655,74.125.24.0-255,7156,208401,58,235957
23907,0.001666,74.125.24.0-255,1484,209885,58,235957
23908,0.00167,172.31.46.0-255,66,209951,58,235957
23909,0.001701,74.125.24.0-255,4320,214271,58,235957
23910,0.001727,172.31.46.0-255,66,214337,58,235957
23911,0.001735,172.31.46.0-255,66,214403,58,235957
23912,0.001771,74.125.24.0-255,5738,220141,58,235957
23913,0.001777,172.31.46.0-255,66,220207,58,235957
23914,0.001796,74.125.24.0-255,1484,221691,58,235957
23915,0.001822,74.125.24.0-255,7156,228847,58,235957
23916,0.001834,74.125.24.0-255,766,229613,58,235957
23917,0.001838,172.31.46.0-255,66,229679,58,235957
23918,0.001856,74.125.24.0-255,2902,232581,58,235957
23919,0.001863,172.31.46.0-255,66,232647,58,235957
23920,0.001946,172.31.46.0-255,66,232713,58,235957
23921,0.001955,74.125.24.0-255,2902,235615,58,235957
23922,0.001978,74.125.24.0-255,105,235720,58,235957
23923,0.001982,172.31.46.0-255,66,235786,58,235957
23924,0.009315,172.31.46.0-255,105,235891,58,235957
23925,0.011372,74.125.24.0-255,66,235957,58,235957
23926,0.0,74.125.200.0-255,152,152,58,217709
23927,2.8e-05,172.31.46.0-255,66,218,58,217709
23928,3.6e-05,74.125.200.0-255,1484,1702,58,217709
23929,4.1e-05,172.31.46.0-255,66,1768,58,217709
23930,4.7e-05,74.125.200.0-255,2902,4670,58,217709
23931,5.1e-05,172.31.46.0-255,66,4736,58,217709
23932,5.8e-05,74.125.200.0-255,5738,10474,58,217709
23933,6.2e-05,172.31.46.0-255,66,10540,58,217709
23934,6.5e-05,74.125.200.0-255,1484,12024,58,217709
23935,6.8e-05,172.31.46.0-255,66,12090,58,217709
23936,9.5e-05,74.125.200.0-255,2043,14133,58,217709
23937,9.8e-05,172.31.46.0-255,66,14199,58,217709
23938,0.000124,74.125.200.0-255,2902,17101,58,217709
23939,0.000127,172.31.46.0-255,66,17167,58,217709
23940,0.000144,74.125.200.0-255,1484,18651,58,217709
23941,0.000147,172.31.46.0-255,66,18717,58,217709
23942,0.000166,74.125.200.0-255,2902,21619,58,217709
23943,0.000168,172.31.46.0-255,66,21685,58,217709
23944,0.000175,74.125.200.0-255,5738,27423,58,217709
23945,0.000178,172.31.46.0-255,66,27489,58,217709
23946,0.000203,74.125.200.0-255,7156,34645,58,217709
23947,0.000206,172.31.46.0-255,66,34711,58,217709
23948,0.000243,172.31.46.0-255,66,34777,58,217709
23949,0.000276,74.125.200.0-255,3602,38379,58,217709
23950,0.000279,172.31.46.0-255,66,38445,58,217709
23951,0.000282,74.125.200.0-255,1484,39929,58,217709
23952,0.000285,172.31.46.0-255,66,39995,58,217709
23953,0.0003,74.125.200.0-255,2902,42897,58,217709
23954,0.000303,172.31.46.0-255,66,42963,58,217709
23955,0.000318,74.125.200.0-255,4320,47283,58,217709
23956,0.00032,172.31.46.0-255,66,47349,58,217709
23957,0.000347,74.125.200.0-255,5653,53002,58,217709
23958,0.000353,74.125.200.0-255,126,53128,58,217709
23959,0.000555,172.31.46.0-255,66,53194,58,217709
23960,0.000723,172.31.46.0-255,101,53295,58,217709
23961,0.001136,74.125.200.0-255,1484,54779,58,217709
23962,0.001143,74.125.200.0-255,2902,57681,58,217709
23963,0.001146,172.31.46.0-255,66,57747,58,217709
23964,0.001173,74.125.200.0-255,5738,63485,58,217709
23965,0.001177,74.125.200.0-255,1484,64969,58,217709
23966,0.001186,172.31.46.0-255,66,65035,58,217709
23967,0.001207,74.125.200.0-255,7156,72191,58,217709
23968,0.001212,74.125.200.0-255,4320,76511,58,217709
23969,0.001232,74.125.200.0-255,5738,82249,58,217709
23970,0.001237,172.31.46.0-255,66,82315,58,217709
23971,0.001242,172.31.46.0-255,66,82381,58,217709
23972,0.001252,74.125.200.0-255,5020,87401,58,217709
23973,0.001276,172.31.46.0-255,66,87467,58,217709
23974,0.001709,74.125.200.0-255,1484,88951,58,217709
23975,0.001719,74.125.200.0-255,2902,91853,58,217709
23976,0.001723,172.31.46.0-255,66,91919,58,217709
23977,0.001729,74.125.200.0-255,2902,94821,58,217709
23978,0.001745,74.125.200.0-255,2902,97723,58,217709
23979,0.001749,74.125.200.0-255,2902,100625,58,217709
23980,0.001754,74.125.200.0-255,4320,104945,58,217709
23981,0.001773,74.125.200.0-255,2902,107847,58,217709
23982,0.001795,74.125.200.0-255,5738,113585,58,217709
23983,0.001814,74.125.200.0-255,5738,119323,58,217709
23984,0.001843,74.125.200.0-255,6438,125761,58,217709
23985,0.001863,74.125.200.0-255,7156,132917,58,217709
23986,0.001904,74.125.200.0-255,7156,140073,58,217709
23987,0.001929,74.125.200.0-255,7156,147229,58,217709
23988,0.001954,74.125.200.0-255,5738,152967,58,217709
23989,0.001974,74.125.200.0-255,2184,155151,58,217709
23990,0.00204,74.125.200.0-255,1484,156635,58,217709
23991,0.002061,74.125.200.0-255,2902,159537,58,217709
23992,0.002733,74.125.200.0-255,66,159603,58,217709
23993,0.007487,172.31.46.0-255,66,159669,58,217709
23994,0.009543,74.125.200.0-255,5738,165407,58,217709
23995,0.009554,172.31.46.0-255,66,165473,58,217709
23996,0.011601,74.125.200.0-255,5738,171211,58,217709
23997,0.012724,172.31.46.0-255,66,171277,58,217709
23998,0.0148,74.125.200.0-255,5738,177015,58,217709
23999,0.014814,172.31.46.0-255,66,177081,58,217709
24000,0.016878,74.125.200.0-255,5738,182819,58,217709
24001,0.016888,172.31.46.0-255,66,182885,58,217709
24002,0.018945,74.125.200.0-255,5738,188623,58,217709
24003,0.018951,172.31.46.0-255,66,188689,58,217709
24004,0.021002,74.125.200.0-255,5738,194427,58,217709
24005,0.021012,172.31.46.0-255,66,194493,58,217709
24006,0.02308,74.125.200.0-255,5738,200231,58,217709
24007,0.023096,172.31.46.0-255,66,200297,58,217709
24008,0.025147,74.125.200.0-255,5738,206035,58,217709
24009,0.025157,172.31.46.0-255,66,206101,58,217709
24010,0.027223,74.125.200.0-255,5738,211839,58,217709
24011,0.027232,172.31.46.0-255,66,211905,58,217709
24012,0.029296,74.125.200.0-255,5738,217643,58,217709
24013,0.029314,172.31.46.0-255,66,217709,58,217709
24014,0.0,172.217.160.0-255,152,152,58,143025
24015,1.5e-05,172.31.46.0-255,66,218,58,143025
24016,2.1e-05,172.217.160.0-255,1484,1702,58,143025
24017,2.5e-05,172.31.46.0-255,66,1768,58,143025
24018,4.5e-05,172.217.160.0-255,2902,4670,58,143025
24019,4.8e-05,172.31.46.0-255,66,4736,58,143025
24020,5.4e-05,172.217.160.0-255,4320,9056,58,143025
24021,5.6e-05,172.31.46.0-255,66,9122,58,143025
24022,7.8e-05,172.217.160.0-255,1484,10606,58,143025
24023,8e-05,172.31.46.0-255,66,10672,58,143025
24024,9.8e-05,172.217.160.0-255,3356,14028,58,143025
24025,0.0001,172.31.46.0-255,66,14094,58,143025
24026,0.000188,172.217.160.0-255,1484,15578,58,143025
24027,0.000192,172.31.46.0-255,66,15644,58,143025
24028,0.000197,172.217.160.0-255,2902,18546,58,143025
24029,0.0002,172.31.46.0-255,66,18612,58,143025
24030,0.00022,172.217.160.0-255,5738,24350,58,143025
24031,0.000223,172.31.46.0-255,66,24416,58,143025
24032,0.000251,172.31.46.0-255,66,24482,58,143025
24033,0.000259,172.217.160.0-255,7156,31638,58,143025
24034,0.000261,172.31.46.0-255,66,31704,58,143025
24035,0.000283,172.217.160.0-255,5738,37442,58,143025
24036,0.000286,172.31.46.0-255,66,37508,58,143025
24037,0.000304,172.31.46.0-255,66,37574,58,143025
24038,0.001002,172.217.160.0-255,102,37676,58,143025
24039,0.001008,172.31.46.0-255,66,37742,58,143025
24040,0.001213,172.217.160.0-255,1484,39226,58,143025
24041,0.001219,172.31.46.0-255,66,39292,58,143025
24042,0.001228,172.217.160.0-255,2902,42194,58,143025
24043,0.001231,172.31.46.0-255,66,42260,58,143025
24044,0.001237,172.217.160.0-255,5738,47998,58,143025
24045,0.001239,172.31.46.0-255,66,48064,58,143025
24046,0.001284,172.31.46.0-255,66,48130,58,143025
24047,0.001296,172.31.46.0-255,66,48196,58,143025
24048,0.001299,172.217.160.0-255,766,48962,58,143025
24049,0.003181,172.217.160.0-255,4320,53282,58,143025
24050,0.003188,172.31.46.0-255,66,53348,58,143025
24051,0.00508,172.217.160.0-255,5738,59086,58,143025
24052,0.005083,172.31.46.0-255,66,59152,58,143025
24053,0.006982,172.217.160.0-255,5738,64890,58,143025
24054,0.006989,172.31.46.0-255,66,64956,58,143025
24055,0.0089,172.217.160.0-255,5738,70694,58,143025
24056,0.008908,172.31.46.0-255,66,70760,58,143025
24057,0.010812,172.217.160.0-255,5738,76498,58,143025
24058,0.010819,172.31.46.0-255,66,76564,58,143025
24059,0.012707,172.217.160.0-255,5738,82302,58,143025
24060,0.012716,172.31.46.0-255,66,82368,58,143025
24061,0.014613,172.217.160.0-255,5738,88106,58,143025
24062,0.014621,172.31.46.0-255,66,88172,58,143025
24063,0.016513,172.217.160.0-255,5738,93910,58,143025
24064,0.016521,172.31.46.0-255,66,93976,58,143025
24065,0.018418,172.217.160.0-255,5738,99714,58,143025
24066,0.018425,172.31.46.0-255,66,99780,58,143025
24067,0.020344,172.217.160.0-255,5738,105518,58,143025
24068,0.020352,172.31.46.0-255,66,105584,58,143025
24069,0.022238,172.217.160.0-255,5738,111322,58,143025
24070,0.022245,172.31.46.0-255,66,111388,58,143025
24071,0.024133,172.217.160.0-255,5738,117126,58,143025
24072,0.02414,172.31.46.0-255,66,117192,58,143025
24073,0.025553,172.31.46.0-255,190,117382,58,143025
24074,0.025587,172.31.46.0-255,1112,118494,58,143025
24075,0.025657,172.31.46.0-255,1514,120008,58,143025
24076,0.025659,172.31.46.0-255,1514,121522,58,143025
24077,0.02566,172.31.46.0-255,1514,123036,58,143025
24078,0.025661,172.31.46.0-255,1514,124550,58,143025
24079,0.025663,172.31.46.0-255,625,125175,58,143025
24080,0.026037,172.217.160.0-255,5738,130913,58,143025
24081,0.026043,172.31.46.0-255,66,130979,58,143025
24082,0.027137,104.244.42.0-255,66,131045,58,143025
24083,0.027171,104.244.42.0-255,66,131111,58,143025
24084,0.027235,104.244.42.0-255,66,131177,58,143025
24085,0.02726,104.244.42.0-255,66,131243,58,143025
24086,0.027939,172.217.160.0-255,5738,136981,58,143025
24087,0.027945,172.31.46.0-255,66,137047,58,143025
24088,0.028123,104.244.42.0-255,108,137155,58,143025
24089,0.028129,172.31.46.0-255,66,137221,58,143025
24090,0.029851,172.217.160.0-255,5738,142959,58,143025
24091,0.029858,172.31.46.0-255,66,143025,58,143025
24092,0.0,74.125.24.0-255,153,153,58,278450
24093,1.4e-05,172.31.46.0-255,66,219,58,278450
24094,2.2e-05,74.125.24.0-255,1484,1703,58,278450
24095,2.7e-05,172.31.46.0-255,66,1769,58,278450
24096,4.1e-05,74.125.24.0-255,2902,4671,58,278450
24097,4.6e-05,172.31.46.0-255,66,4737,58,278450
24098,5.3e-05,74.125.24.0-255,7156,11893,58,278450
24099,5.7e-05,172.31.46.0-255,66,11959,58,278450
24100,6.1e-05,74.125.24.0-255,2054,14013,58,278450
24101,6.3e-05,172.31.46.0-255,66,14079,58,278450
24102,0.000146,74.125.24.0-255,1484,15563,58,278450
24103,0.00015,172.31.46.0-255,66,15629,58,278450
24104,0.000155,74.125.24.0-255,1484,17113,58,278450
24105,0.000157,172.31.46.0-255,66,17179,58,278450
24106,0.000189,74.125.24.0-255,1484,18663,58,278450
24107,0.000191,172.31.46.0-255,66,18729,58,278450
24108,0.000199,74.125.24.0-255,5738,24467,58,278450
24109,0.000202,172.31.46.0-255,66,24533,58,278450
24110,0.00021,74.125.24.0-255,2902,27435,58,278450
24111,0.000213,172.31.46.0-255,66,27501,58,278450
24112,0.000255,172.31.46.0-255,66,27567,58,278450
24113,0.000265,172.31.46.0-255,66,27633,58,278450
24114,0.000268,74.125.24.0-255,1125,28758,58,278450
24115,0.00027,172.31.46.0-255,66,28824,58,278450
24116,0.00034,74.125.24.0-255,1484,30308,58,278450
24117,0.000343,172.31.46.0-255,66,30374,58,278450
24118,0.000349,74.125.24.0-255,2902,33276,58,278450
24119,0.000351,172.31.46.0-255,66,33342,58,278450
24120,0.000363,74.125.24.0-255,5738,39080,58,278450
24121,0.000365,172.31.46.0-255,66,39146,58,278450
24122,0.000398,74.125.24.0-255,6797,45943,58,278450
24123,0.000401,172.31.46.0-255,66,46009,58,278450
24124,0.000404,74.125.24.0-255,410,46419,58,278450
24125,0.000596,74.125.24.0-255,332,46751,58,278450
24126,0.00081,74.125.24.0-255,1484,48235,58,278450
24127,0.000816,172.31.46.0-255,66,48301,58,278450
24128,0.000834,74.125.24.0-255,2902,51203,58,278450
24129,0.000837,172.31.46.0-255,66,51269,58,278450
24130,0.000844,74.125.24.0-255,4320,55589,58,278450
24131,0.000846,172.31.46.0-255,66,55655,58,278450
24132,0.000897,172.31.46.0-255,66,55721,58,278450
24133,0.000905,74.125.24.0-255,7156,62877,58,278450
24134,0.000907,172.31.46.0-255,66,62943,58,278450
24135,0.000929,74.125.24.0-255,1484,64427,58,278450
24136,0.000945,74.125.24.0-255,4320,68747,58,278450
24137,0.000948,172.31.46.0-255,66,68813,58,278450
24138,0.000974,74.125.24.0-255,3602,72415,58,278450
24139,0.000978,172.31.46.0-255,66,72481,58,278450
24140,0.001024,74.125.24.0-255,1484,73965,58,278450
24141,0.001039,74.125.24.0-255,2902,76867,58,278450
24142,0.001042,172.31.46.0-255,66,76933,58,278450
24143,0.001047,74.125.24.0-255,2902,79835,58,278450
24144,0.001049,172.31.46.0-255,66,79901,58,278450
24145,0.001069,74.125.24.0-255,4320,84221,58,278450
24146,0.001078,172.31.46.0-255,66,84287,58,278450
24147,0.001094,74.125.24.0-255,2902,87189,58,278450
24148,0.001101,172.31.46.0-255,66,87255,58,278450
24149,0.001136,74.125.24.0-255,7156,94411,58,278450
24150,0.001139,172.31.46.0-255,66,94477,58,278450
24151,0.001163,172.31.46.0-255,66,94543,58,278450
24152,0.001168,74.125.24.0-255,3602,98145,58,278450
24153,0.00117,172.31.46.0-255,66,98211,58,278450
24154,0.001176,74.125.24.0-255,4320,102531,58,278450
24155,0.001179,172.31.46.0-255,66,102597,58,278450
24156,0.00119,74.125.24.0-255,1484,104081,58,278450
24157,0.001194,74.125.24.0-255,2902,106983,58,278450
24158,0.001197,172.31.46.0-255,66,107049,58,278450
24159,0.001222,74.125.24.0-255,4320,111369,58,278450
24160,0.001225,172.31.46.0-255,66,111435,58,278450
24161,0.001237,172.31.46.0-255,66,111501,58,278450
24162,0.001294,74.125.24.0-255,2902,114403,58,278450
24163,0.001297,172.31.46.0-255,66,114469,58,278450
24164,0.001334,172.31.46.0-255,66,114535,58,278450
24165,0.001464,74.125.24.0-255,1484,116019,58,278450
24166,0.00148,74.125.24.0-255,1484,117503,58,278450
24167,0.001483,172.31.46.0-255,66,117569,58,278450
24168,0.001505,74.125.24.0-255,1484,119053,58,278450
24169,0.001512,74.125.24.0-255,5738,124791,58,278450
24170,0.001515,172.31.46.0-255,66,124857,58,278450
24171,0.001546,74.125.24.0-255,4320,129177,58,278450
24172,0.001548,172.31.46.0-255,66,129243,58,278450
24173,0.001572,74.125.24.0-255,1484,130727,58,278450
24174,0.001579,74.125.24.0-255,5738,136465,58,278450
24175,0.001581,172.31.46.0-255,66,136531,58,278450
24176,0.001613,74.125.24.0-255,5738,142269,58,278450
24177,0.001616,172.31.46.0-255,66,142335,58,278450
24178,0.001623,74.125.24.0-255,6438,148773,58,278450
24179,0.001626,172.31.46.0-255,66,148839,58,278450
24180,0.001672,74.125.24.0-255,1484,150323,58,278450
24181,0.001678,74.125.24.0-255,2902,153225,58,278450
24182,0.001681,172.31.46.0-255,66,153291,58,278450
24183,0.001684,74.125.24.0-255,1484,154775,58,278450
24184,0.001711,74.125.24.0-255,4320,159095,58,278450
24185,0.001714,172.31.46.0-255,66,159161,58,278450
24186,0.001732,172.31.46.0-255,66,159227,58,278450
24187,0.001738,74.125.24.0-255,5738,164965,58,278450
24188,0.001741,172.31.46.0-255,66,165031,58,278450
24189,0.001777,74.125.24.0-255,4320,169351,58,278450
24190,0.001779,74.125.24.0-255,766,170117,58,278450
24191,0.001783,172.31.46.0-255,66,170183,58,278450
24192,0.001877,74.125.24.0-255,1484,171667,58,278450
24193,0.001882,74.125.24.0-255,2902,174569,58,278450
24194,0.001884,74.125.24.0-255,1484,176053,58,278450
24195,0.001889,172.31.46.0-255,66,176119,58,278450
24196,0.001892,172.31.46.0-255,66,176185,58,278450
24197,0.001908,74.125.24.0-255,4320,180505,58,278450
24198,0.001911,172.31.46.0-255,66,180571,58,278450
24199,0.001947,74.125.24.0-255,5738,186309,58,278450
24200,0.00195,172.31.46.0-255,66,186375,58,278450
24201,0.001984,74.125.24.0-255,7156,193531,58,278450
24202,0.001987,172.31.46.0-255,66,193597,58,278450
24203,0.001992,74.125.24.0-255,2902,196499,58,278450
24204,0.001994,172.31.46.0-255,66,196565,58,278450
24205,0.00201,172.31.46.0-255,66,196631,58,278450
24206,0.002173,74.125.24.0-255,1484,198115,58,278450
24207,0.002184,74.125.24.0-255,1484,199599,58,278450
24208,0.002187,172.31.46.0-255,66,199665,58,278450
24209,0.002191,74.125.24.0-255,1484,201149,58,278450
24210,0.002205,74.125.24.0-255,1484,202633,58,278450
24211,0.002207,172.31.46.0-255,66,202699,58,278450
24212,0.002214,74.125.24.0-255,5738,208437,58,278450
24213,0.002216,172.31.46.0-255,66,208503,58,278450
24214,0.002268,172.31.46.0-255,66,208569,58,278450
24215,0.00228,172.31.46.0-255,66,208635,58,278450
24216,0.004579,74.125.24.0-255,5738,214373,58,278450
24217,0.004591,172.31.46.0-255,66,214439,58,278450
24218,0.006903,74.125.24.0-255,5738,220177,58,278450
24219,0.006908,172.31.46.0-255,66,220243,58,278450
24220,0.009188,74.125.24.0-255,5738,225981,58,278450
24221,0.009196,172.31.46.0-255,66,226047,58,278450
24222,0.010763,172.31.46.0-255,101,226148,58,278450
24223,0.011496,74.125.24.0-255,5738,231886,58,278450
24224,0.011502,172.31.46.0-255,66,231952,58,278450
24225,0.013037,74.125.24.0-255,66,232018,58,278450
24226,0.01378,74.125.24.0-255,5738,237756,58,278450
24227,0.01379,172.31.46.0-255,66,237822,58,278450
24228,0.016072,74.125.24.0-255,5738,243560,58,278450
24229,0.01608,172.31.46.0-255,66,243626,58,278450
24230,0.018378,74.125.24.0-255,5738,249364,58,278450
24231,0.018389,172.31.46.0-255,66,249430,58,278450
24232,0.020672,74.125.24.0-255,5738,255168,58,278450
24233,0.02068,172.31.46.0-255,66,255234,58,278450
24234,0.022974,74.125.24.0-255,5738,260972,58,278450
24235,0.022981,172.31.46.0-255,66,261038,58,278450
24236,0.025287,74.125.24.0-255,5738,266776,58,278450
24237,0.025295,172.31.46.0-255,66,266842,58,278450
24238,0.027589,74.125.24.0-255,5738,272580,58,278450
24239,0.027596,172.31.46.0-255,66,272646,58,278450
24240,0.029891,74.125.24.0-255,5738,278384,58,278450
24241,0.029898,172.31.46.0-255,66,278450,58,278450
24242,0.0,172.217.194.0-255,152,152,58,221607
24243,1.9e-05,172.31.46.0-255,66,218,58,221607
24244,2.5e-05,172.217.194.0-255,1484,1702,58,221607
24245,2.9e-05,172.31.46.0-255,66,1768,58,221607
24246,3.4e-05,172.217.194.0-255,2902,4670,58,221607
24247,3.7e-05,172.31.46.0-255,66,4736,58,221607
24248,4.4e-05,172.217.194.0-255,7156,11892,58,221607
24249,4.7e-05,172.31.46.0-255,66,11958,58,221607
24250,6.5e-05,172.217.194.0-255,4974,16932,58,221607
24251,6.8e-05,172.31.46.0-255,66,16998,58,221607
24252,9.6e-05,172.31.46.0-255,66,17064,58,221607
24253,0.000117,172.217.194.0-255,2543,19607,58,221607
24254,0.000119,172.31.46.0-255,66,19673,58,221607
24255,0.000142,172.217.194.0-255,1484,21157,58,221607
24256,0.000144,172.31.46.0-255,66,21223,58,221607
24257,0.000148,172.217.194.0-255,1484,22707,58,221607
24258,0.000149,172.31.46.0-255,66,22773,58,221607
24259,0.000161,172.217.194.0-255,1484,24257,58,221607
24260,0.000163,172.31.46.0-255,66,24323,58,221607
24261,0.000169,172.217.194.0-255,5738,30061,58,221607
24262,0.000171,172.31.46.0-255,66,30127,58,221607
24263,0.000196,172.217.194.0-255,7156,37283,58,221607
24264,0.000198,172.31.46.0-255,66,37349,58,221607
24265,0.000221,172.217.194.0-255,6797,44146,58,221607
24266,0.000223,172.31.46.0-255,66,44212,58,221607
24267,0.000234,172.31.46.0-255,66,44278,58,221607
24268,0.000251,172.217.194.0-255,709,44987,58,221607
24269,0.000254,172.31.46.0-255,66,45053,58,221607
24270,0.000599,172.217.194.0-255,1484,46537,58,221607
24271,0.000604,172.31.46.0-255,66,46603,58,221607
24272,0.000608,172.217.194.0-255,1484,48087,58,221607
24273,0.000622,172.217.194.0-255,1484,49571,58,221607
24274,0.000627,172.217.194.0-255,4320,53891,58,221607
24275,0.000633,172.31.46.0-255,66,53957,58,221607
24276,0.000692,172.31.46.0-255,66,54023,58,221607
24277,0.000729,172.31.46.0-255,66,54089,58,221607
24278,0.000754,172.217.194.0-255,1484,55573,58,221607
24279,0.000769,172.217.194.0-255,2902,58475,58,221607
24280,0.000773,172.31.46.0-255,66,58541,58,221607
24281,0.000783,172.217.194.0-255,4320,62861,58,221607
24282,0.000791,172.31.46.0-255,66,62927,58,221607
24283,0.000794,172.217.194.0-255,1484,64411,58,221607
24284,0.000826,172.217.194.0-255,1484,65895,58,221607
24285,0.000831,172.217.194.0-255,5738,71633,58,221607
24286,0.000835,172.31.46.0-255,66,71699,58,221607
24287,0.000855,172.217.194.0-255,5020,76719,58,221607
24288,0.000871,172.31.46.0-255,66,76785,58,221607
24289,0.000885,172.217.194.0-255,5738,82523,58,221607
24290,0.000894,172.31.46.0-255,66,82589,58,221607
24291,0.000933,172.217.194.0-255,1484,84073,58,221607
24292,0.000955,172.31.46.0-255,66,84139,58,221607
24293,0.000964,172.217.194.0-255,5020,89159,58,221607
24294,0.000972,172.31.46.0-255,66,89225,58,221607
24295,0.000975,172.217.194.0-255,1484,90709,58,221607
24296,0.000988,172.217.194.0-255,2902,93611,58,221607
24297,0.001004,172.31.46.0-255,66,93677,58,221607
24298,0.001013,172.217.194.0-255,5738,99415,58,221607
24299,0.001017,172.31.46.0-255,66,99481,58,221607
24300,0.001025,172.217.194.0-255,2902,102383,58,221607
24301,0.001041,172.217.194.0-255,5738,108121,58,221607
24302,0.001049,172.31.46.0-255,66,108187,58,221607
24303,0.001057,172.217.194.0-255,4320,112507,58,221607
24304,0.001063,172.217.194.0-255,7156,119663,58,221607
24305,0.001068,172.31.46.0-255,66,119729,58,221607
24306,0.001078,172.217.194.0-255,3602,123331,58,221607
24307,0.001095,172.31.46.0-255,66,123397,58,221607
24308,0.001449,172.217.194.0-255,1484,124881,58,221607
24309,0.001455,172.217.194.0-255,2902,127783,58,221607
24310,0.001457,172.31.46.0-255,66,127849,58,221607
24311,0.001479,172.217.194.0-255,5738,133587,58,221607
24312,0.001482,172.31.46.0-255,66,133653,58,221607
24313,0.001485,172.217.194.0-255,1484,135137,58,221607
24314,0.001512,172.217.194.0-255,1484,136621,58,221607
24315,0.001521,172.31.46.0-255,66,136687,58,221607
24316,0.001538,172.217.194.0-255,1484,138171,58,221607
24317,0.001566,172.31.46.0-255,66,138237,58,221607
24318,0.001572,172.217.194.0-255,766,139003,58,221607
24319,0.00159,172.31.46.0-255,66,139069,58,221607
24320,0.001593,172.217.194.0-255,1484,140553,58,221607
24321,0.001599,172.217.194.0-255,1484,142037,58,221607
24322,0.001657,172.217.194.0-255,3602,145639,58,221607
24323,0.00166,172.217.194.0-255,1484,147123,58,221607
24324,0.001664,172.217.194.0-255,2902,150025,58,221607
24325,0.001668,172.217.194.0-255,4320,154345,58,221607
24326,0.001674,172.31.46.0-255,66,154411,58,221607
24327,0.001685,172.217.194.0-255,1484,155895,58,221607
24328,0.001691,172.217.194.0-255,7156,163051,58,221607
24329,0.001712,172.217.194.0-255,5738,168789,58,221607
24330,0.001723,172.31.46.0-255,66,168855,58,221607
24331,0.001732,172.31.46.0-255,66,168921,58,221607
24332,0.001749,172.217.194.0-255,5020,173941,58,221607
24333,0.001762,172.217.194.0-255,5738,179679,58,221607
24334,0.001768,172.31.46.0-255,66,179745,58,221607
24335,0.001778,172.217.194.0-255,2902,182647,58,221607
24336,0.001801,172.31.46.0-255,66,182713,58,221607
24337,0.001807,172.217.194.0-255,1484,184197,58,221607
24338,0.00181,172.217.194.0-255,4320,188517,58,221607
24339,0.001815,172.31.46.0-255,66,188583,58,221607
24340,0.001827,172.217.194.0-255,6438,195021,58,221607
24341,0.001852,172.217.194.0-255,2902,197923,58,221607
24342,0.001855,172.31.46.0-255,66,197989,58,221607
24343,0.001859,172.31.46.0-255,66,198055,58,221607
24344,0.001876,172.217.194.0-255,4320,202375,58,221607
24345,0.001902,172.31.46.0-255,66,202441,58,221607
24346,0.001917,172.217.194.0-255,7156,209597,58,221607
24347,0.00193,172.31.46.0-255,66,209663,58,221607
24348,0.001943,172.217.194.0-255,5738,215401,58,221607
24349,0.001948,172.31.46.0-255,66,215467,58,221607
24350,0.00197,172.217.194.0-255,2902,218369,58,221607
24351,0.001997,172.31.46.0-255,66,218435,58,221607
24352,0.002005,172.217.194.0-255,2764,221199,58,221607
24353,0.002022,172.31.46.0-255,66,221265,58,221607
24354,0.002034,172.217.194.0-255,105,221370,58,221607
24355,0.003779,172.31.46.0-255,66,221436,58,221607
24356,0.003811,172.31.46.0-255,105,221541,58,221607
24357,0.006025,172.217.194.0-255,66,221607,58,221607
24358,0.0,172.31.46.0-255,66,66,58,66
24359,0.0,74.125.24.0-255,153,153,58,180534
24360,2.3e-05,172.31.46.0-255,66,219,58,180534
24361,3e-05,74.125.24.0-255,1484,1703,58,180534
24362,3.5e-05,172.31.46.0-255,66,1769,58,180534
24363,4.9e-05,74.125.24.0-255,2902,4671,58,180534
24364,5.3e-05,172.31.46.0-255,66,4737,58,180534
24365,6.2e-05,74.125.24.0-255,7156,11893,58,180534
24366,6.5e-05,172.31.46.0-255,66,11959,58,180534
24367,6.9e-05,74.125.24.0-255,1966,13925,58,180534
24368,7.2e-05,172.31.46.0-255,66,13991,58,180534
24369,8.7e-05,172.31.46.0-255,66,14057,58,180534
24370,9.4e-05,74.125.24.0-255,5379,19436,58,180534
24371,9.7e-05,172.31.46.0-255,66,19502,58,180534
24372,0.000253,74.125.24.0-255,1484,20986,58,180534
24373,0.000258,172.31.46.0-255,66,21052,58,180534
24374,0.000265,74.125.24.0-255,2902,23954,58,180534
24375,0.000267,172.31.46.0-255,66,24020,58,180534
24376,0.00028,74.125.24.0-255,5738,29758,58,180534
24377,0.000283,172.31.46.0-255,66,29824,58,180534
24378,0.000288,74.125.24.0-255,4320,34144,58,180534
24379,0.000291,172.31.46.0-255,66,34210,58,180534
24380,0.000317,74.125.24.0-255,2902,37112,58,180534
24381,0.000319,172.31.46.0-255,66,37178,58,180534
24382,0.000346,74.125.24.0-255,2543,39721,58,180534
24383,0.00035,172.31.46.0-255,66,39787,58,180534
24384,0.000365,172.31.46.0-255,66,39853,58,180534
24385,0.000395,74.125.24.0-255,5649,45502,58,180534
24386,0.000398,172.31.46.0-255,66,45568,58,180534
24387,0.000574,74.125.24.0-255,130,45698,58,180534
24388,0.000579,172.31.46.0-255,66,45764,58,180534
24389,0.000612,74.125.24.0-255,1484,47248,58,180534
24390,0.000619,74.125.24.0-255,2902,50150,58,180534
24391,0.000671,74.125.24.0-255,7156,57306,58,180534
24392,0.000678,74.125.24.0-255,7156,64462,58,180534
24393,0.000682,172.31.46.0-255,66,64528,58,180534
24394,0.000687,172.31.46.0-255,66,64594,58,180534
24395,0.000749,74.125.24.0-255,4320,68914,58,180534
24396,0.000757,172.31.46.0-255,66,68980,58,180534
24397,0.000788,74.125.24.0-255,7156,76136,58,180534
24398,0.000808,74.125.24.0-255,7156,83292,58,180534
24399,0.000821,74.125.24.0-255,2184,85476,58,180534
24400,0.000829,172.31.46.0-255,66,85542,58,180534
24401,0.000874,172.31.46.0-255,66,85608,58,180534
24402,0.000897,74.125.24.0-255,1484,87092,58,180534
24403,0.000902,172.31.46.0-255,66,87158,58,180534
24404,0.000935,74.125.24.0-255,2184,89342,58,180534
24405,0.000948,172.31.46.0-255,66,89408,58,180534
24406,0.001004,74.125.24.0-255,1484,90892,58,180534
24407,0.001023,74.125.24.0-255,2902,93794,58,180534
24408,0.001028,74.125.24.0-255,4320,98114,58,180534
24409,0.001039,74.125.24.0-255,1484,99598,58,180534
24410,0.001052,172.31.46.0-255,66,99664,58,180534
24411,0.001095,172.31.46.0-255,66,99730,58,180534
24412,0.001109,74.125.24.0-255,7156,106886,58,180534
24413,0.001119,172.31.46.0-255,66,106952,58,180534
24414,0.001145,74.125.24.0-255,3602,110554,58,180534
24415,0.001159,172.31.46.0-255,66,110620,58,180534
24416,0.001221,74.125.24.0-255,1484,112104,58,180534
24417,0.001244,74.125.24.0-255,2902,115006,58,180534
24418,0.001249,74.125.24.0-255,2902,117908,58,180534
24419,0.001264,172.31.46.0-255,66,117974,58,180534
24420,0.001276,74.125.24.0-255,5738,123712,58,180534
24421,0.001296,74.125.24.0-255,1484,125196,58,180534
24422,0.001304,74.125.24.0-255,7156,132352,58,180534
24423,0.001309,172.31.46.0-255,66,132418,58,180534
24424,0.001327,74.125.24.0-255,5738,138156,58,180534
24425,0.001348,74.125.24.0-255,2902,141058,58,180534
24426,0.001354,74.125.24.0-255,3602,144660,58,180534
24427,0.001359,172.31.46.0-255,66,144726,58,180534
24428,0.001506,74.125.24.0-255,1484,146210,58,180534
24429,0.001512,74.125.24.0-255,2902,149112,58,180534
24430,0.001516,74.125.24.0-255,1484,150596,58,180534
24431,0.001533,74.125.24.0-255,4320,154916,58,180534
24432,0.001605,172.31.46.0-255,66,154982,58,180534
24433,0.001608,74.125.24.0-255,1484,156466,58,180534
24434,0.001625,74.125.24.0-255,2184,158650,58,180534
24435,0.001633,172.31.46.0-255,66,158716,58,180534
24436,0.001667,74.125.24.0-255,1484,160200,58,180534
24437,0.001683,74.125.24.0-255,2902,163102,58,180534
24438,0.00169,74.125.24.0-255,4320,167422,58,180534
24439,0.001703,74.125.24.0-255,1484,168906,58,180534
24440,0.001708,172.31.46.0-255,66,168972,58,180534
24441,0.001718,74.125.24.0-255,2902,171874,58,180534
24442,0.001765,172.31.46.0-255,66,171940,58,180534
24443,0.001835,172.31.46.0-255,66,172006,58,180534
24444,0.001872,74.125.24.0-255,1484,173490,58,180534
24445,0.001878,172.31.46.0-255,66,173556,58,180534
24446,0.001923,74.125.24.0-255,5020,178576,58,180534
24447,0.001926,74.125.24.0-255,1484,180060,58,180534
24448,0.001938,172.31.46.0-255,66,180126,58,180534
24449,0.001981,74.125.24.0-255,105,180231,58,180534
24450,0.001984,172.31.46.0-255,66,180297,58,180534
24451,0.002021,172.31.46.0-255,66,180363,58,180534
24452,0.011183,172.31.46.0-255,105,180468,58,180534
24453,0.013756,74.125.24.0-255,66,180534,58,180534
24454,0.0,74.125.24.0-255,151,151,58,168794
24455,1.9e-05,172.31.46.0-255,66,217,58,168794
24456,2.5e-05,74.125.24.0-255,1484,1701,58,168794
24457,2.9e-05,172.31.46.0-255,66,1767,58,168794
24458,3.5e-05,74.125.24.0-255,2902,4669,58,168794
24459,4.4e-05,172.31.46.0-255,66,4735,58,168794
24460,5.2e-05,74.125.24.0-255,7156,11891,58,168794
24461,5.5e-05,172.31.46.0-255,66,11957,58,168794
24462,5.9e-05,74.125.24.0-255,1963,13920,58,168794
24463,6.1e-05,172.31.46.0-255,66,13986,58,168794
24464,0.000314,74.125.24.0-255,1484,15470,58,168794
24465,0.000319,172.31.46.0-255,66,15536,58,168794
24466,0.000326,74.125.24.0-255,2902,18438,58,168794
24467,0.000329,172.31.46.0-255,66,18504,58,168794
24468,0.000341,74.125.24.0-255,5738,24242,58,168794
24469,0.000344,172.31.46.0-255,66,24308,58,168794
24470,0.000383,74.125.24.0-255,6797,31105,58,168794
24471,0.000387,172.31.46.0-255,66,31171,58,168794
24472,0.00043,172.31.46.0-255,66,31237,58,168794
24473,0.000467,172.31.46.0-255,66,31303,58,168794
24474,0.000485,172.31.46.0-255,66,31369,58,168794
24475,0.00051,74.125.24.0-255,1398,32767,58,168794
24476,0.000513,172.31.46.0-255,66,32833,58,168794
24477,0.000516,74.125.24.0-255,136,32969,58,168794
24478,0.000518,172.31.46.0-255,66,33035,58,168794
24479,0.00086,74.125.24.0-255,344,33379,58,168794
24480,0.000865,172.31.46.0-255,66,33445,58,168794
24481,0.000956,172.31.46.0-255,101,33546,58,168794
24482,0.001182,74.125.24.0-255,1484,35030,58,168794
24483,0.001189,74.125.24.0-255,2902,37932,58,168794
24484,0.001193,172.31.46.0-255,66,37998,58,168794
24485,0.001197,74.125.24.0-255,1484,39482,58,168794
24486,0.001221,74.125.24.0-255,4320,43802,58,168794
24487,0.001224,172.31.46.0-255,66,43868,58,168794
24488,0.001232,74.125.24.0-255,7156,51024,58,168794
24489,0.001235,172.31.46.0-255,66,51090,58,168794
24490,0.001257,74.125.24.0-255,2902,53992,58,168794
24491,0.001259,172.31.46.0-255,66,54058,58,168794
24492,0.001299,172.31.46.0-255,66,54124,58,168794
24493,0.001304,74.125.24.0-255,2184,56308,58,168794
24494,0.001306,172.31.46.0-255,66,56374,58,168794
24495,0.00138,74.125.24.0-255,1484,57858,58,168794
24496,0.001397,74.125.24.0-255,2902,60760,58,168794
24497,0.0014,172.31.46.0-255,66,60826,58,168794
24498,0.001407,74.125.24.0-255,5738,66564,58,168794
24499,0.001409,172.31.46.0-255,66,66630,58,168794
24500,0.001443,172.31.46.0-255,66,66696,58,168794
24501,0.001485,74.125.24.0-255,4320,71016,58,168794
24502,0.001488,172.31.46.0-255,66,71082,58,168794
24503,0.001532,172.31.46.0-255,66,71148,58,168794
24504,0.001576,74.125.24.0-255,1484,72632,58,168794
24505,0.001581,74.125.24.0-255,2902,75534,58,168794
24506,0.001586,172.31.46.0-255,66,75600,58,168794
24507,0.001593,74.125.24.0-255,5738,81338,58,168794
24508,0.001596,172.31.46.0-255,66,81404,58,168794
24509,0.001647,172.31.46.0-255,66,81470,58,168794
24510,0.001658,172.31.46.0-255,66,81536,58,168794
24511,0.001836,74.125.24.0-255,1484,83020,58,168794
24512,0.001842,74.125.24.0-255,2902,85922,58,168794
24513,0.001845,172.31.46.0-255,66,85988,58,168794
24514,0.001851,74.125.24.0-255,5738,91726,58,168794
24515,0.001853,172.31.46.0-255,66,91792,58,168794
24516,0.001871,74.125.24.0-255,5738,97530,58,168794
24517,0.001874,172.31.46.0-255,66,97596,58,168794
24518,0.001908,74.125.24.0-255,7156,104752,58,168794
24519,0.001911,172.31.46.0-255,66,104818,58,168794
24520,0.001927,172.31.46.0-255,66,104884,58,168794
24521,0.00328,74.125.24.0-255,66,104950,58,168794
24522,0.00427,74.125.24.0-255,5738,110688,58,168794
24523,0.004276,172.31.46.0-255,66,110754,58,168794
24524,0.006619,74.125.24.0-255,5738,116492,58,168794
24525,0.006622,172.31.46.0-255,66,116558,58,168794
24526,0.008957,74.125.24.0-255,5738,122296,58,168794
24527,0.008964,172.31.46.0-255,66,122362,58,168794
24528,0.011316,74.125.24.0-255,5738,128100,58,168794
24529,0.011325,172.31.46.0-255,66,128166,58,168794
24530,0.013667,74.125.24.0-255,5738,133904,58,168794
24531,0.013675,172.31.46.0-255,66,133970,58,168794
24532,0.016035,74.125.24.0-255,5738,139708,58,168794
24533,0.016046,172.31.46.0-255,66,139774,58,168794
24534,0.018388,74.125.24.0-255,5738,145512,58,168794
24535,0.018396,172.31.46.0-255,66,145578,58,168794
24536,0.020732,74.125.24.0-255,5738,151316,58,168794
24537,0.020739,172.31.46.0-255,66,151382,58,168794
24538,0.023066,74.125.24.0-255,5738,157120,58,168794
24539,0.023073,172.31.46.0-255,66,157186,58,168794
24540,0.02542,74.125.24.0-255,5738,162924,58,168794
24541,0.025428,172.31.46.0-255,66,162990,58,168794
24542,0.027753,74.125.24.0-255,5738,168728,58,168794
24543,0.027762,172.31.46.0-255,66,168794,58,168794
24544,0.0,172.31.46.0-255,66,66,58,66
24545,0.0,74.125.24.0-255,153,153,58,236000
24546,2.5e-05,172.31.46.0-255,66,219,58,236000
24547,3.3e-05,74.125.24.0-255,1484,1703,58,236000
24548,3.7e-05,172.31.46.0-255,66,1769,58,236000
24549,5e-05,74.125.24.0-255,2902,4671,58,236000
24550,5.4e-05,172.31.46.0-255,66,4737,58,236000
24551,6.2e-05,74.125.24.0-255,7156,11893,58,236000
24552,6.5e-05,172.31.46.0-255,66,11959,58,236000
24553,7e-05,74.125.24.0-255,2043,14002,58,236000
24554,7.3e-05,172.31.46.0-255,66,14068,58,236000
24555,0.000109,74.125.24.0-255,2902,16970,58,236000
24556,0.000113,172.31.46.0-255,66,17036,58,236000
24557,0.000128,74.125.24.0-255,5738,22774,58,236000
24558,0.000136,172.31.46.0-255,66,22840,58,236000
24559,0.00016,74.125.24.0-255,1484,24324,58,236000
24560,0.000162,172.31.46.0-255,66,24390,58,236000
24561,0.000177,74.125.24.0-255,4320,28710,58,236000
24562,0.000186,172.31.46.0-255,66,28776,58,236000
24563,0.000214,74.125.24.0-255,2543,31319,58,236000
24564,0.000216,172.31.46.0-255,66,31385,58,236000
24565,0.000351,74.125.24.0-255,1484,32869,58,236000
24566,0.000355,172.31.46.0-255,66,32935,58,236000
24567,0.000362,74.125.24.0-255,2902,35837,58,236000
24568,0.000364,172.31.46.0-255,66,35903,58,236000
24569,0.000376,74.125.24.0-255,5738,41641,58,236000
24570,0.000379,172.31.46.0-255,66,41707,58,236000
24571,0.000384,74.125.24.0-255,4320,46027,58,236000
24572,0.000387,172.31.46.0-255,66,46093,58,236000
24573,0.000433,74.125.24.0-255,2543,48636,58,236000
24574,0.000436,172.31.46.0-255,66,48702,58,236000
24575,0.000459,74.125.24.0-255,2902,51604,58,236000
24576,0.000461,172.31.46.0-255,66,51670,58,236000
24577,0.000493,74.125.24.0-255,7156,58826,58,236000
24578,0.000496,172.31.46.0-255,66,58892,58,236000
24579,0.000537,74.125.24.0-255,4320,63212,58,236000
24580,0.00054,172.31.46.0-255,66,63278,58,236000
24581,0.000584,74.125.24.0-255,2543,65821,58,236000
24582,0.000587,172.31.46.0-255,66,65887,58,236000
24583,0.000734,74.125.24.0-255,645,66532,58,236000
24584,0.001092,74.125.24.0-255,1484,68016,58,236000
24585,0.001098,172.31.46.0-255,66,68082,58,236000
24586,0.001131,74.125.24.0-255,2902,70984,58,236000
24587,0.001135,172.31.46.0-255,66,71050,58,236000
24588,0.001141,74.125.24.0-255,5738,76788,58,236000
24589,0.001144,172.31.46.0-255,66,76854,58,236000
24590,0.001161,172.31.46.0-255,66,76920,58,236000
24591,0.001172,172.31.46.0-255,66,76986,58,236000
24592,0.00121,74.125.24.0-255,2184,79170,58,236000
24593,0.001213,172.31.46.0-255,66,79236,58,236000
24594,0.001411,74.125.24.0-255,1484,80720,58,236000
24595,0.001419,74.125.24.0-255,2902,83622,58,236000
24596,0.001422,172.31.46.0-255,66,83688,58,236000
24597,0.00145,74.125.24.0-255,5738,89426,58,236000
24598,0.001452,172.31.46.0-255,66,89492,58,236000
24599,0.001459,74.125.24.0-255,4320,93812,58,236000
24600,0.001461,172.31.46.0-255,66,93878,58,236000
24601,0.001496,172.31.46.0-255,66,93944,58,236000
24602,0.001502,74.125.24.0-255,4320,98264,58,236000
24603,0.001504,172.31.46.0-255,66,98330,58,236000
24604,0.001537,74.125.24.0-255,3602,101932,58,236000
24605,0.00154,172.31.46.0-255,66,101998,58,236000
24606,0.001735,74.125.24.0-255,1484,103482,58,236000
24607,0.001741,74.125.24.0-255,1484,104966,58,236000
24608,0.001745,172.31.46.0-255,66,105032,58,236000
24609,0.001775,74.125.24.0-255,1484,106516,58,236000
24610,0.001783,74.125.24.0-255,5738,112254,58,236000
24611,0.001785,172.31.46.0-255,66,112320,58,236000
24612,0.001796,74.125.24.0-255,7156,119476,58,236000
24613,0.001798,172.31.46.0-255,66,119542,58,236000
24614,0.001843,74.125.24.0-255,5738,125280,58,236000
24615,0.001847,172.31.46.0-255,66,125346,58,236000
24616,0.001855,74.125.24.0-255,7156,132502,58,236000
24617,0.001858,172.31.46.0-255,66,132568,58,236000
24618,0.001868,74.125.24.0-255,3602,136170,58,236000
24619,0.00187,172.31.46.0-255,66,136236,58,236000
24620,0.002071,74.125.24.0-255,1484,137720,58,236000
24621,0.002078,74.125.24.0-255,2902,140622,58,236000
24622,0.002081,172.31.46.0-255,66,140688,58,236000
24623,0.002119,74.125.24.0-255,5738,146426,58,236000
24624,0.002122,172.31.46.0-255,66,146492,58,236000
24625,0.002133,172.31.46.0-255,66,146558,58,236000
24626,0.002174,172.31.46.0-255,66,146624,58,236000
24627,0.002227,74.125.24.0-255,5020,151644,58,236000
24628,0.00223,172.31.46.0-255,66,151710,58,236000
24629,0.002238,74.125.24.0-255,7156,158866,58,236000
24630,0.002241,172.31.46.0-255,66,158932,58,236000
24631,0.002283,172.31.46.0-255,66,158998,58,236000
24632,0.00229,74.125.24.0-255,7156,166154,58,236000
24633,0.002292,172.31.46.0-255,66,166220,58,236000
24634,0.002338,172.31.46.0-255,66,166286,58,236000
24635,0.002367,172.31.46.0-255,66,166352,58,236000
24636,0.004621,74.125.24.0-255,5738,172090,58,236000
24637,0.004638,172.31.46.0-255,66,172156,58,236000
24638,0.006919,74.125.24.0-255,5738,177894,58,236000
24639,0.006938,172.31.46.0-255,66,177960,58,236000
24640,0.009184,74.125.24.0-255,5738,183698,58,236000
24641,0.009194,172.31.46.0-255,66,183764,58,236000
24642,0.011428,74.125.24.0-255,5738,189502,58,236000
24643,0.011443,172.31.46.0-255,66,189568,58,236000
24644,0.013698,74.125.24.0-255,5738,195306,58,236000
24645,0.013712,172.31.46.0-255,66,195372,58,236000
24646,0.01593,74.125.24.0-255,5738,201110,58,236000
24647,0.015943,172.31.46.0-255,66,201176,58,236000
24648,0.01819,74.125.24.0-255,5738,206914,58,236000
24649,0.018199,172.31.46.0-255,66,206980,58,236000
24650,0.020415,74.125.24.0-255,5738,212718,58,236000
24651,0.020427,172.31.46.0-255,66,212784,58,236000
24652,0.022676,74.125.24.0-255,5738,218522,58,236000
24653,0.022697,172.31.46.0-255,66,218588,58,236000
24654,0.024964,74.125.24.0-255,5738,224326,58,236000
24655,0.024977,172.31.46.0-255,66,224392,58,236000
24656,0.027214,74.125.24.0-255,5738,230130,58,236000
24657,0.027223,172.31.46.0-255,66,230196,58,236000
24658,0.029451,74.125.24.0-255,5738,235934,58,236000
24659,0.029462,172.31.46.0-255,66,236000,58,236000
24660,0.0,104.244.42.0-255,66,66,58,66
24661,0.0,172.217.194.0-255,152,152,58,252674
24662,2.3e-05,172.31.46.0-255,66,218,58,252674
24663,3e-05,172.217.194.0-255,1484,1702,58,252674
24664,3.4e-05,172.31.46.0-255,66,1768,58,252674
24665,3.8e-05,172.217.194.0-255,1484,3252,58,252674
24666,5e-05,172.31.46.0-255,66,3318,58,252674
24667,5.6e-05,172.217.194.0-255,2902,6220,58,252674
24668,5.9e-05,172.31.46.0-255,66,6286,58,252674
24669,6.6e-05,172.217.194.0-255,5738,12024,58,252674
24670,6.9e-05,172.31.46.0-255,66,12090,58,252674
24671,9.4e-05,172.217.194.0-255,2100,14190,58,252674
24672,9.7e-05,172.31.46.0-255,66,14256,58,252674
24673,0.000142,172.217.194.0-255,1484,15740,58,252674
24674,0.000146,172.31.46.0-255,66,15806,58,252674
24675,0.000151,172.217.194.0-255,2902,18708,58,252674
24676,0.000153,172.31.46.0-255,66,18774,58,252674
24677,0.000185,172.217.194.0-255,5738,24512,58,252674
24678,0.000188,172.31.46.0-255,66,24578,58,252674
24679,0.000195,172.217.194.0-255,5738,30316,58,252674
24680,0.000198,172.31.46.0-255,66,30382,58,252674
24681,0.000228,172.217.194.0-255,1125,31507,58,252674
24682,0.00023,172.31.46.0-255,66,31573,58,252674
24683,0.000238,172.217.194.0-255,7156,38729,58,252674
24684,0.00024,172.31.46.0-255,66,38795,58,252674
24685,0.000259,172.31.46.0-255,66,38861,58,252674
24686,0.000811,172.217.194.0-255,1484,40345,58,252674
24687,0.000817,172.31.46.0-255,66,40411,58,252674
24688,0.000822,172.217.194.0-255,2902,43313,58,252674
24689,0.000825,172.31.46.0-255,66,43379,58,252674
24690,0.000833,172.217.194.0-255,1484,44863,58,252674
24691,0.000835,172.31.46.0-255,66,44929,58,252674
24692,0.000874,172.217.194.0-255,4320,49249,58,252674
24693,0.000877,172.31.46.0-255,66,49315,58,252674
24694,0.000883,172.217.194.0-255,4320,53635,58,252674
24695,0.000885,172.31.46.0-255,66,53701,58,252674
24696,0.00092,172.217.194.0-255,3123,56824,58,252674
24697,0.000923,172.31.46.0-255,66,56890,58,252674
24698,0.000949,172.217.194.0-255,2902,59792,58,252674
24699,0.000952,172.31.46.0-255,66,59858,58,252674
24700,0.000957,172.217.194.0-255,4320,64178,58,252674
24701,0.00096,172.31.46.0-255,66,64244,58,252674
24702,0.001003,172.31.46.0-255,66,64310,58,252674
24703,0.001018,172.31.46.0-255,66,64376,58,252674
24704,0.001059,172.217.194.0-255,3602,67978,58,252674
24705,0.001063,172.31.46.0-255,66,68044,58,252674
24706,0.001325,172.217.194.0-255,1484,69528,58,252674
24707,0.001333,172.217.194.0-255,2902,72430,58,252674
24708,0.001336,172.31.46.0-255,66,72496,58,252674
24709,0.001363,172.217.194.0-255,5738,78234,58,252674
24710,0.001365,172.31.46.0-255,66,78300,58,252674
24711,0.001399,172.217.194.0-255,7156,85456,58,252674
24712,0.001402,172.31.46.0-255,66,85522,58,252674
24713,0.001431,172.217.194.0-255,5738,91260,58,252674
24714,0.001434,172.31.46.0-255,66,91326,58,252674
24715,0.00146,172.217.194.0-255,7156,98482,58,252674
24716,0.001463,172.31.46.0-255,66,98548,58,252674
24717,0.001515,172.217.194.0-255,3602,102150,58,252674
24718,0.001518,172.31.46.0-255,66,102216,58,252674
24719,0.001566,172.217.194.0-255,1484,103700,58,252674
24720,0.001583,172.217.194.0-255,2902,106602,58,252674
24721,0.001587,172.31.46.0-255,66,106668,58,252674
24722,0.001591,172.217.194.0-255,1484,108152,58,252674
24723,0.00161,172.217.194.0-255,4320,112472,58,252674
24724,0.001613,172.31.46.0-255,66,112538,58,252674
24725,0.001617,172.217.194.0-255,2902,115440,58,252674
24726,0.001619,172.31.46.0-255,66,115506,58,252674
24727,0.001652,172.31.46.0-255,66,115572,58,252674
24728,0.001679,172.217.194.0-255,5738,121310,58,252674
24729,0.001682,172.31.46.0-255,66,121376,58,252674
24730,0.001689,172.217.194.0-255,6438,127814,58,252674
24731,0.001692,172.31.46.0-255,66,127880,58,252674
24732,0.001747,172.217.194.0-255,1484,129364,58,252674
24733,0.001763,172.217.194.0-255,1484,130848,58,252674
24734,0.001765,172.31.46.0-255,66,130914,58,252674
24735,0.00177,172.217.194.0-255,2902,133816,58,252674
24736,0.001773,172.31.46.0-255,66,133882,58,252674
24737,0.001818,172.217.194.0-255,1484,135366,58,252674
24738,0.001832,172.217.194.0-255,2902,138268,58,252674
24739,0.001836,172.31.46.0-255,66,138334,58,252674
24740,0.001891,172.217.194.0-255,1484,139818,58,252674
24741,0.001904,172.217.194.0-255,2902,142720,58,252674
24742,0.001908,172.31.46.0-255,66,142786,58,252674
24743,0.001937,172.217.194.0-255,5738,148524,58,252674
24744,0.00194,172.31.46.0-255,66,148590,58,252674
24745,0.001966,172.217.194.0-255,5738,154328,58,252674
24746,0.001969,172.31.46.0-255,66,154394,58,252674
24747,0.001996,172.217.194.0-255,4320,158714,58,252674
24748,0.001998,172.31.46.0-255,66,158780,58,252674
24749,0.002024,172.217.194.0-255,3602,162382,58,252674
24750,0.002026,172.31.46.0-255,66,162448,58,252674
24751,0.002255,172.217.194.0-255,1484,163932,58,252674
24752,0.002269,172.217.194.0-255,2902,166834,58,252674
24753,0.002272,172.31.46.0-255,66,166900,58,252674
24754,0.002276,172.217.194.0-255,1484,168384,58,252674
24755,0.002295,172.217.194.0-255,4320,172704,58,252674
24756,0.002298,172.31.46.0-255,66,172770,58,252674
24757,0.002326,172.217.194.0-255,7156,179926,58,252674
24758,0.002328,172.31.46.0-255,66,179992,58,252674
24759,0.002355,172.217.194.0-255,4320,184312,58,252674
24760,0.002357,172.31.46.0-255,66,184378,58,252674
24761,0.002363,172.217.194.0-255,4320,188698,58,252674
24762,0.002364,172.31.46.0-255,66,188764,58,252674
24763,0.004641,172.217.194.0-255,1484,190248,58,252674
24764,0.004663,172.217.194.0-255,4320,194568,58,252674
24765,0.004667,172.31.46.0-255,66,194634,58,252674
24766,0.007009,172.217.194.0-255,5738,200372,58,252674
24767,0.007012,172.31.46.0-255,66,200438,58,252674
24768,0.009324,172.217.194.0-255,5738,206176,58,252674
24769,0.009331,172.31.46.0-255,66,206242,58,252674
24770,0.011679,172.217.194.0-255,5738,211980,58,252674
24771,0.011688,172.31.46.0-255,66,212046,58,252674
24772,0.014027,172.217.194.0-255,5738,217784,58,252674
24773,0.014036,172.31.46.0-255,66,217850,58,252674
24774,0.016333,172.217.194.0-255,5738,223588,58,252674
24775,0.016343,172.31.46.0-255,66,223654,58,252674
24776,0.01862,172.217.194.0-255,5738,229392,58,252674
24777,0.018627,172.31.46.0-255,66,229458,58,252674
24778,0.020933,172.217.194.0-255,5738,235196,58,252674
24779,0.020941,172.31.46.0-255,66,235262,58,252674
24780,0.023248,172.217.194.0-255,5738,241000,58,252674
24781,0.023256,172.31.46.0-255,66,241066,58,252674
24782,0.025532,172.217.194.0-255,5738,246804,58,252674
24783,0.025539,172.31.46.0-255,66,246870,58,252674
24784,0.02782,172.217.194.0-255,5738,252608,58,252674
24785,0.027828,172.31.46.0-255,66,252674,58,252674
24786,0.0,172.31.46.0-255,105,105,58,525
24787,0.000183,172.31.46.0-255,90,195,58,525
24788,0.000203,172.31.46.0-255,66,261,58,525
24789,0.002668,74.125.24.0-255,66,327,58,525
24790,0.002706,74.125.24.0-255,66,393,58,525
24791,0.002723,172.31.46.0-255,66,459,58,525
24792,0.002728,74.125.24.0-255,66,525,58,525
24793,0.0,74.125.130.0-255,301,301,58,186898
24794,1.6e-05,172.31.46.0-255,66,367,58,186898
24795,2.3e-05,74.125.130.0-255,1484,1851,58,186898
24796,2.7e-05,172.31.46.0-255,66,1917,58,186898
24797,3.1e-05,74.125.130.0-255,1484,3401,58,186898
24798,3.4e-05,172.31.46.0-255,66,3467,58,186898
24799,6e-05,74.125.130.0-255,2902,6369,58,186898
24800,6.3e-05,172.31.46.0-255,66,6435,58,186898
24801,6.7e-05,74.125.130.0-255,2902,9337,58,186898
24802,6.9e-05,172.31.46.0-255,66,9403,58,186898
24803,7.4e-05,74.125.130.0-255,4320,13723,58,186898
24804,7.7e-05,172.31.46.0-255,66,13789,58,186898
24805,8.9e-05,74.125.130.0-255,1484,15273,58,186898
24806,9.2e-05,172.31.46.0-255,66,15339,58,186898
24807,0.000112,74.125.130.0-255,6088,21427,58,186898
24808,0.000114,172.31.46.0-255,66,21493,58,186898
24809,0.000122,74.125.130.0-255,7156,28649,58,186898
24810,0.000124,172.31.46.0-255,66,28715,58,186898
24811,0.000142,74.125.130.0-255,1484,30199,58,186898
24812,0.000144,172.31.46.0-255,66,30265,58,186898
24813,0.000147,74.125.130.0-255,1125,31390,58,186898
24814,0.000149,172.31.46.0-255,66,31456,58,186898
24815,0.000276,74.125.130.0-255,1484,32940,58,186898
24816,0.00028,172.31.46.0-255,66,33006,58,186898
24817,0.000286,74.125.130.0-255,2902,35908,58,186898
24818,0.000289,172.31.46.0-255,66,35974,58,186898
24819,0.000292,74.125.130.0-255,1484,37458,58,186898
24820,0.000294,172.31.46.0-255,66,37524,58,186898
24821,0.000316,74.125.130.0-255,2902,40426,58,186898
24822,0.000319,172.31.46.0-255,66,40492,58,186898
24823,0.000355,172.31.46.0-255,66,40558,58,186898
24824,0.000359,74.125.130.0-255,2902,43460,58,186898
24825,0.000361,172.31.46.0-255,66,43526,58,186898
24826,0.000405,74.125.130.0-255,5738,49264,58,186898
24827,0.000408,172.31.46.0-255,66,49330,58,186898
24828,0.000431,74.125.130.0-255,7051,56381,58,186898
24829,0.000433,172.31.46.0-255,66,56447,58,186898
24830,0.000436,74.125.130.0-255,113,56560,58,186898
24831,0.000447,74.125.130.0-255,384,56944,58,186898
24832,0.000984,172.31.46.0-255,66,57010,58,186898
24833,0.001092,74.125.130.0-255,1484,58494,58,186898
24834,0.0011,74.125.130.0-255,2902,61396,58,186898
24835,0.001103,172.31.46.0-255,66,61462,58,186898
24836,0.001108,74.125.130.0-255,2902,64364,58,186898
24837,0.00111,172.31.46.0-255,66,64430,58,186898
24838,0.001123,74.125.130.0-255,1484,65914,58,186898
24839,0.001135,74.125.130.0-255,4320,70234,58,186898
24840,0.001137,172.31.46.0-255,66,70300,58,186898
24841,0.00115,74.125.130.0-255,4320,74620,58,186898
24842,0.001152,172.31.46.0-255,66,74686,58,186898
24843,0.001161,172.31.46.0-255,66,74752,58,186898
24844,0.001202,74.125.130.0-255,2902,77654,58,186898
24845,0.001205,172.31.46.0-255,66,77720,58,186898
24846,0.001222,74.125.130.0-255,5020,82740,58,186898
24847,0.001224,172.31.46.0-255,66,82806,58,186898
24848,0.001806,74.125.130.0-255,1484,84290,58,186898
24849,0.001815,74.125.130.0-255,2902,87192,58,186898
24850,0.001819,172.31.46.0-255,66,87258,58,186898
24851,0.001844,74.125.130.0-255,5738,92996,58,186898
24852,0.001847,172.31.46.0-255,66,93062,58,186898
24853,0.001873,74.125.130.0-255,2902,95964,58,186898
24854,0.001876,172.31.46.0-255,66,96030,58,186898
24855,0.001902,172.31.46.0-255,66,96096,58,186898
24856,0.001965,172.31.46.0-255,66,96162,58,186898
24857,0.001971,74.125.130.0-255,3602,99764,58,186898
24858,0.001974,172.31.46.0-255,66,99830,58,186898
24859,0.002403,74.125.130.0-255,1484,101314,58,186898
24860,0.002409,74.125.130.0-255,1484,102798,58,186898
24861,0.002413,172.31.46.0-255,66,102864,58,186898
24862,0.002438,74.125.130.0-255,2902,105766,58,186898
24863,0.002441,172.31.46.0-255,66,105832,58,186898
24864,0.002446,74.125.130.0-255,2902,108734,58,186898
24865,0.002448,172.31.46.0-255,66,108800,58,186898
24866,0.00246,74.125.130.0-255,2902,111702,58,186898
24867,0.002463,172.31.46.0-255,66,111768,58,186898
24868,0.002467,74.125.130.0-255,2902,114670,58,186898
24869,0.002469,172.31.46.0-255,66,114736,58,186898
24870,0.002505,172.31.46.0-255,66,114802,58,186898
24871,0.002518,74.125.130.0-255,2902,117704,58,186898
24872,0.00252,172.31.46.0-255,66,117770,58,186898
24873,0.002549,172.31.46.0-255,66,117836,58,186898
24874,0.00256,172.31.46.0-255,66,117902,58,186898
24875,0.00259,74.125.130.0-255,5738,123640,58,186898
24876,0.002592,172.31.46.0-255,66,123706,58,186898
24877,0.002605,172.31.46.0-255,66,123772,58,186898
24878,0.002611,74.125.130.0-255,5020,128792,58,186898
24879,0.002613,172.31.46.0-255,66,128858,58,186898
24880,0.005192,74.125.130.0-255,5738,134596,58,186898
24881,0.0052,172.31.46.0-255,66,134662,58,186898
24882,0.007775,74.125.130.0-255,5738,140400,58,186898
24883,0.007781,172.31.46.0-255,66,140466,58,186898
24884,0.010375,74.125.130.0-255,5738,146204,58,186898
24885,0.010381,172.31.46.0-255,66,146270,58,186898
24886,0.012976,74.125.130.0-255,5738,152008,58,186898
24887,0.012983,172.31.46.0-255,66,152074,58,186898
24888,0.015566,74.125.130.0-255,5738,157812,58,186898
24889,0.015573,172.31.46.0-255,66,157878,58,186898
24890,0.018162,74.125.130.0-255,5738,163616,58,186898
24891,0.018172,172.31.46.0-255,66,163682,58,186898
24892,0.020763,74.125.130.0-255,5738,169420,58,186898
24893,0.02077,172.31.46.0-255,66,169486,58,186898
24894,0.023358,74.125.130.0-255,5738,175224,58,186898
24895,0.023365,172.31.46.0-255,66,175290,58,186898
24896,0.025957,74.125.130.0-255,5738,181028,58,186898
24897,0.025965,172.31.46.0-255,66,181094,58,186898
24898,0.028542,74.125.130.0-255,5738,186832,58,186898
24899,0.028549,172.31.46.0-255,66,186898,58,186898
24900,0.0,74.125.68.0-255,153,153,58,136359
24901,2.2e-05,172.31.46.0-255,66,219,58,136359
24902,2.8e-05,74.125.68.0-255,1484,1703,58,136359
24903,3.4e-05,172.31.46.0-255,66,1769,58,136359
24904,3.7e-05,74.125.68.0-255,1484,3253,58,136359
24905,4.9e-05,172.31.46.0-255,66,3319,58,136359
24906,5.6e-05,74.125.68.0-255,2902,6221,58,136359
24907,5.9e-05,172.31.46.0-255,66,6287,58,136359
24908,6.5e-05,74.125.68.0-255,4320,10607,58,136359
24909,6.9e-05,172.31.46.0-255,66,10673,58,136359
24910,0.000105,74.125.68.0-255,1484,12157,58,136359
24911,0.000107,172.31.46.0-255,66,12223,58,136359
24912,0.000111,74.125.68.0-255,1484,13707,58,136359
24913,0.000113,172.31.46.0-255,66,13773,58,136359
24914,0.000117,74.125.68.0-255,657,14430,58,136359
24915,0.000119,172.31.46.0-255,66,14496,58,136359
24916,0.000161,74.125.68.0-255,1484,15980,58,136359
24917,0.000164,172.31.46.0-255,66,16046,58,136359
24918,0.000189,74.125.68.0-255,4320,20366,58,136359
24919,0.000191,172.31.46.0-255,66,20432,58,136359
24920,0.000196,74.125.68.0-255,2902,23334,58,136359
24921,0.000198,172.31.46.0-255,66,23400,58,136359
24922,0.000226,74.125.68.0-255,2902,26302,58,136359
24923,0.000228,172.31.46.0-255,66,26368,58,136359
24924,0.000239,74.125.68.0-255,5379,31747,58,136359
24925,0.000242,172.31.46.0-255,66,31813,58,136359
24926,0.000505,74.125.68.0-255,1484,33297,58,136359
24927,0.000511,172.31.46.0-255,66,33363,58,136359
24928,0.000539,74.125.68.0-255,2902,36265,58,136359
24929,0.000542,172.31.46.0-255,66,36331,58,136359
24930,0.000546,74.125.68.0-255,1484,37815,58,136359
24931,0.000548,172.31.46.0-255,66,37881,58,136359
24932,0.000558,74.125.68.0-255,2902,40783,58,136359
24933,0.000561,172.31.46.0-255,66,40849,58,136359
24934,0.000565,74.125.68.0-255,2902,43751,58,136359
24935,0.000568,172.31.46.0-255,66,43817,58,136359
24936,0.000608,74.125.68.0-255,2902,46719,58,136359
24937,0.000611,172.31.46.0-255,66,46785,58,136359
24938,0.000617,74.125.68.0-255,2543,49328,58,136359
24939,0.000619,172.31.46.0-255,66,49394,58,136359
24940,0.000623,74.125.68.0-255,2902,52296,58,136359
24941,0.00063,172.31.46.0-255,66,52362,58,136359
24942,0.000635,74.125.68.0-255,2902,55264,58,136359
24943,0.000637,172.31.46.0-255,66,55330,58,136359
24944,0.00067,74.125.68.0-255,1484,56814,58,136359
24945,0.000678,74.125.68.0-255,5738,62552,58,136359
24946,0.00068,172.31.46.0-255,66,62618,58,136359
24947,0.000686,74.125.68.0-255,3961,66579,58,136359
24948,0.000688,172.31.46.0-255,66,66645,58,136359
24949,0.002976,74.125.68.0-255,1484,68129,58,136359
24950,0.003007,74.125.68.0-255,4320,72449,58,136359
24951,0.003014,172.31.46.0-255,66,72515,58,136359
24952,0.005306,74.125.68.0-255,5738,78253,58,136359
24953,0.005309,172.31.46.0-255,66,78319,58,136359
24954,0.007621,74.125.68.0-255,5738,84057,58,136359
24955,0.007631,172.31.46.0-255,66,84123,58,136359
24956,0.00993,74.125.68.0-255,5738,89861,58,136359
24957,0.009945,172.31.46.0-255,66,89927,58,136359
24958,0.01226,74.125.68.0-255,5738,95665,58,136359
24959,0.012274,172.31.46.0-255,66,95731,58,136359
24960,0.014573,74.125.68.0-255,5738,101469,58,136359
24961,0.01459,172.31.46.0-255,66,101535,58,136359
24962,0.016907,74.125.68.0-255,5738,107273,58,136359
24963,0.016926,172.31.46.0-255,66,107339,58,136359
24964,0.019229,74.125.68.0-255,5738,113077,58,136359
24965,0.019245,172.31.46.0-255,66,113143,58,136359
24966,0.021547,74.125.68.0-255,5738,118881,58,136359
24967,0.02156,172.31.46.0-255,66,118947,58,136359
24968,0.023874,74.125.68.0-255,5738,124685,58,136359
24969,0.023888,172.31.46.0-255,66,124751,58,136359
24970,0.026187,74.125.68.0-255,5738,130489,58,136359
24971,0.026201,172.31.46.0-255,66,130555,58,136359
24972,0.028505,74.125.68.0-255,5738,136293,58,136359
24973,0.02852,172.31.46.0-255,66,136359,58,136359
24974,0.0,74.125.130.0-255,296,296,58,219012
24975,2.4e-05,172.31.46.0-255,66,362,58,219012
24976,3.1e-05,74.125.130.0-255,1484,1846,58,219012
24977,3.4e-05,172.31.46.0-255,66,1912,58,219012
24978,4e-05,74.125.130.0-255,2902,4814,58,219012
24979,5.1e-05,172.31.46.0-255,66,4880,58,219012
24980,5.7e-05,74.125.130.0-255,4320,9200,58,219012
24981,6.1e-05,172.31.46.0-255,66,9266,58,219012
24982,0.000107,74.125.130.0-255,4760,14026,58,219012
24983,0.000111,172.31.46.0-255,66,14092,58,219012
24984,0.000348,74.125.130.0-255,1484,15576,58,219012
24985,0.000353,172.31.46.0-255,66,15642,58,219012
24986,0.000359,74.125.130.0-255,2902,18544,58,219012
24987,0.000361,172.31.46.0-255,66,18610,58,219012
24988,0.000397,74.125.130.0-255,5738,24348,58,219012
24989,0.0004,172.31.46.0-255,66,24414,58,219012
24990,0.000427,74.125.130.0-255,6797,31211,58,219012
24991,0.00043,172.31.46.0-255,66,31277,58,219012
24992,0.000469,74.125.130.0-255,1484,32761,58,219012
24993,0.000472,172.31.46.0-255,66,32827,58,219012
24994,0.000496,74.125.130.0-255,2902,35729,58,219012
24995,0.000499,172.31.46.0-255,66,35795,58,219012
24996,0.000527,74.125.130.0-255,4320,40115,58,219012
24997,0.00053,172.31.46.0-255,66,40181,58,219012
24998,0.000537,74.125.130.0-255,7156,47337,58,219012
24999,0.000539,172.31.46.0-255,66,47403,58,219012
25000,0.000566,74.125.130.0-255,1484,48887,58,219012
25001,0.000569,172.31.46.0-255,66,48953,58,219012
25002,0.000575,74.125.130.0-255,5738,54691,58,219012
25003,0.000578,172.31.46.0-255,66,54757,58,219012
25004,0.000607,74.125.130.0-255,2902,57659,58,219012
25005,0.000609,172.31.46.0-255,66,57725,58,219012
25006,0.00065,74.125.130.0-255,4320,62045,58,219012
25007,0.000653,172.31.46.0-255,66,62111,58,219012
25008,0.000676,74.125.130.0-255,1484,63595,58,219012
25009,0.000719,74.125.130.0-255,2184,65779,58,219012
25010,0.000723,172.31.46.0-255,66,65845,58,219012
25011,0.000862,74.125.130.0-255,358,66203,58,219012
25012,0.001141,172.31.46.0-255,101,66304,58,219012
25013,0.001657,74.125.130.0-255,1484,67788,58,219012
25014,0.001696,74.125.130.0-255,2902,70690,58,219012
25015,0.0017,172.31.46.0-255,66,70756,58,219012
25016,0.001705,74.125.130.0-255,1484,72240,58,219012
25017,0.001734,74.125.130.0-255,2902,75142,58,219012
25018,0.001736,172.31.46.0-255,66,75208,58,219012
25019,0.001759,74.125.130.0-255,1484,76692,58,219012
25020,0.001778,74.125.130.0-255,2902,79594,58,219012
25021,0.001781,172.31.46.0-255,66,79660,58,219012
25022,0.001807,74.125.130.0-255,5738,85398,58,219012
25023,0.001809,172.31.46.0-255,66,85464,58,219012
25024,0.001813,74.125.130.0-255,2902,88366,58,219012
25025,0.001815,172.31.46.0-255,66,88432,58,219012
25026,0.001839,74.125.130.0-255,1484,89916,58,219012
25027,0.00186,74.125.130.0-255,2902,92818,58,219012
25028,0.001862,172.31.46.0-255,66,92884,58,219012
25029,0.001865,74.125.130.0-255,1484,94368,58,219012
25030,0.001893,74.125.130.0-255,2902,97270,58,219012
25031,0.001896,172.31.46.0-255,66,97336,58,219012
25032,0.001899,74.125.130.0-255,1484,98820,58,219012
25033,0.001919,74.125.130.0-255,1484,100304,58,219012
25034,0.001921,172.31.46.0-255,66,100370,58,219012
25035,0.001943,74.125.130.0-255,766,101136,58,219012
25036,0.002304,74.125.130.0-255,1484,102620,58,219012
25037,0.00231,172.31.46.0-255,66,102686,58,219012
25038,0.002314,74.125.130.0-255,1484,104170,58,219012
25039,0.002333,74.125.130.0-255,2902,107072,58,219012
25040,0.002335,172.31.46.0-255,66,107138,58,219012
25041,0.002362,74.125.130.0-255,5738,112876,58,219012
25042,0.002364,172.31.46.0-255,66,112942,58,219012
25043,0.002393,74.125.130.0-255,5738,118680,58,219012
25044,0.002395,172.31.46.0-255,66,118746,58,219012
25045,0.002409,74.125.130.0-255,1484,120230,58,219012
25046,0.002415,74.125.130.0-255,5738,125968,58,219012
25047,0.002417,172.31.46.0-255,66,126034,58,219012
25048,0.002442,74.125.130.0-255,4320,130354,58,219012
25049,0.002444,172.31.46.0-255,66,130420,58,219012
25050,0.002471,74.125.130.0-255,6438,136858,58,219012
25051,0.002473,172.31.46.0-255,66,136924,58,219012
25052,0.002523,74.125.130.0-255,7156,144080,58,219012
25053,0.002527,172.31.46.0-255,66,144146,58,219012
25054,0.002534,74.125.130.0-255,7156,151302,58,219012
25055,0.002536,172.31.46.0-255,66,151368,58,219012
25056,0.00255,172.31.46.0-255,66,151434,58,219012
25057,0.002575,74.125.130.0-255,2902,154336,58,219012
25058,0.002577,172.31.46.0-255,66,154402,58,219012
25059,0.002603,74.125.130.0-255,6438,160840,58,219012
25060,0.002606,172.31.46.0-255,66,160906,58,219012
25061,0.003658,74.125.130.0-255,66,160972,58,219012
25062,0.005148,74.125.130.0-255,5738,166710,58,219012
25063,0.005155,172.31.46.0-255,66,166776,58,219012
25064,0.007711,74.125.130.0-255,5738,172514,58,219012
25065,0.007719,172.31.46.0-255,66,172580,58,219012
25066,0.010281,74.125.130.0-255,5738,178318,58,219012
25067,0.010288,172.31.46.0-255,66,178384,58,219012
25068,0.012867,74.125.130.0-255,5738,184122,58,219012
25069,0.012877,172.31.46.0-255,66,184188,58,219012
25070,0.015427,74.125.130.0-255,5738,189926,58,219012
25071,0.015435,172.31.46.0-255,66,189992,58,219012
25072,0.017988,74.125.130.0-255,5738,195730,58,219012
25073,0.018001,172.31.46.0-255,66,195796,58,219012
25074,0.020559,74.125.130.0-255,5738,201534,58,219012
25075,0.020565,172.31.46.0-255,66,201600,58,219012
25076,0.023118,74.125.130.0-255,5738,207338,58,219012
25077,0.023126,172.31.46.0-255,66,207404,58,219012
25078,0.025675,74.125.130.0-255,5738,213142,58,219012
25079,0.025683,172.31.46.0-255,66,213208,58,219012
25080,0.028231,74.125.130.0-255,5738,218946,58,219012
25081,0.028238,172.31.46.0-255,66,219012,58,219012
25082,0.0,74.125.24.0-255,153,153,58,219877
25083,2.1e-05,172.31.46.0-255,66,219,58,219877
25084,2.8e-05,74.125.24.0-255,1484,1703,58,219877
25085,3.2e-05,172.31.46.0-255,66,1769,58,219877
25086,3.8e-05,74.125.24.0-255,2902,4671,58,219877
25087,4.9e-05,172.31.46.0-255,66,4737,58,219877
25088,5.6e-05,74.125.24.0-255,7156,11893,58,219877
25089,5.9e-05,172.31.46.0-255,66,11959,58,219877
25090,9e-05,74.125.24.0-255,2120,14079,58,219877
25091,9.3e-05,172.31.46.0-255,66,14145,58,219877
25092,0.000118,74.125.24.0-255,2902,17047,58,219877
25093,0.00012,172.31.46.0-255,66,17113,58,219877
25094,0.000125,74.125.24.0-255,4320,21433,58,219877
25095,0.000127,172.31.46.0-255,66,21499,58,219877
25096,0.000161,74.125.24.0-255,2902,24401,58,219877
25097,0.000163,172.31.46.0-255,66,24467,58,219877
25098,0.000169,74.125.24.0-255,6797,31264,58,219877
25099,0.000171,172.31.46.0-255,66,31330,58,219877
25100,0.000243,74.125.24.0-255,1484,32814,58,219877
25101,0.000245,172.31.46.0-255,66,32880,58,219877
25102,0.000251,74.125.24.0-255,2902,35782,58,219877
25103,0.000253,172.31.46.0-255,66,35848,58,219877
25104,0.000256,74.125.24.0-255,1484,37332,58,219877
25105,0.000258,172.31.46.0-255,66,37398,58,219877
25106,0.000293,74.125.24.0-255,4320,41718,58,219877
25107,0.000295,172.31.46.0-255,66,41784,58,219877
25108,0.000301,74.125.24.0-255,5738,47522,58,219877
25109,0.000303,172.31.46.0-255,66,47588,58,219877
25110,0.000326,74.125.24.0-255,5379,52967,58,219877
25111,0.000328,172.31.46.0-255,66,53033,58,219877
25112,0.000344,172.31.46.0-255,66,53099,58,219877
25113,0.000346,74.125.24.0-255,1422,54521,58,219877
25114,0.000371,74.125.24.0-255,131,54652,58,219877
25115,0.000374,172.31.46.0-255,66,54718,58,219877
25116,0.000394,74.125.24.0-255,347,55065,58,219877
25117,0.000601,74.125.24.0-255,1484,56549,58,219877
25118,0.000607,172.31.46.0-255,66,56615,58,219877
25119,0.000613,74.125.24.0-255,2902,59517,58,219877
25120,0.000616,172.31.46.0-255,66,59583,58,219877
25121,0.000621,74.125.24.0-255,2902,62485,58,219877
25122,0.000623,172.31.46.0-255,66,62551,58,219877
25123,0.000664,74.125.24.0-255,2902,65453,58,219877
25124,0.000668,172.31.46.0-255,66,65519,58,219877
25125,0.000685,172.31.46.0-255,66,65585,58,219877
25126,0.0007,74.125.24.0-255,4320,69905,58,219877
25127,0.000708,172.31.46.0-255,66,69971,58,219877
25128,0.000725,74.125.24.0-255,6438,76409,58,219877
25129,0.000728,172.31.46.0-255,66,76475,58,219877
25130,0.000762,172.31.46.0-255,66,76541,58,219877
25131,0.000786,74.125.24.0-255,1484,78025,58,219877
25132,0.000805,74.125.24.0-255,4320,82345,58,219877
25133,0.000818,74.125.24.0-255,5020,87365,58,219877
25134,0.00084,172.31.46.0-255,66,87431,58,219877
25135,0.000874,74.125.24.0-255,7156,94587,58,219877
25136,0.00089,74.125.24.0-255,4320,98907,58,219877
25137,0.000898,172.31.46.0-255,66,98973,58,219877
25138,0.00091,74.125.24.0-255,5738,104711,58,219877
25139,0.000936,74.125.24.0-255,6438,111149,58,219877
25140,0.000957,172.31.46.0-255,66,111215,58,219877
25141,0.000972,74.125.24.0-255,4320,115535,58,219877
25142,0.000982,74.125.24.0-255,5738,121273,58,219877
25143,0.000989,74.125.24.0-255,5738,127011,58,219877
25144,0.001005,74.125.24.0-255,5738,132749,58,219877
25145,0.001031,172.31.46.0-255,66,132815,58,219877
25146,0.001056,74.125.24.0-255,2184,134999,58,219877
25147,0.001073,172.31.46.0-255,66,135065,58,219877
25148,0.001085,74.125.24.0-255,2902,137967,58,219877
25149,0.001106,74.125.24.0-255,7156,145123,58,219877
25150,0.001113,74.125.24.0-255,5738,150861,58,219877
25151,0.001181,74.125.24.0-255,3602,154463,58,219877
25152,0.001189,172.31.46.0-255,66,154529,58,219877
25153,0.001401,74.125.24.0-255,1484,156013,58,219877
25154,0.001405,74.125.24.0-255,1484,157497,58,219877
25155,0.001436,74.125.24.0-255,1484,158981,58,219877
25156,0.001443,74.125.24.0-255,5738,164719,58,219877
25157,0.001468,172.31.46.0-255,66,164785,58,219877
25158,0.001501,74.125.24.0-255,4320,169105,58,219877
25159,0.001527,74.125.24.0-255,5738,174843,58,219877
25160,0.001535,172.31.46.0-255,66,174909,58,219877
25161,0.001569,74.125.24.0-255,7156,182065,58,219877
25162,0.001583,172.31.46.0-255,66,182131,58,219877
25163,0.001586,74.125.24.0-255,766,182897,58,219877
25164,0.001636,74.125.24.0-255,1484,184381,58,219877
25165,0.00165,172.31.46.0-255,66,184447,58,219877
25166,0.001655,74.125.24.0-255,2902,187349,58,219877
25167,0.001658,74.125.24.0-255,1484,188833,58,219877
25168,0.001663,172.31.46.0-255,66,188899,58,219877
25169,0.001695,74.125.24.0-255,4320,193219,58,219877
25170,0.001712,172.31.46.0-255,66,193285,58,219877
25171,0.001729,74.125.24.0-255,4320,197605,58,219877
25172,0.001772,172.31.46.0-255,66,197671,58,219877
25173,0.001799,74.125.24.0-255,1484,199155,58,219877
25174,0.001804,74.125.24.0-255,2902,202057,58,219877
25175,0.001811,74.125.24.0-255,5738,207795,58,219877
25176,0.001815,74.125.24.0-255,2902,210697,58,219877
25177,0.001822,172.31.46.0-255,66,210763,58,219877
25178,0.001832,74.125.24.0-255,1484,212247,58,219877
25179,0.001834,74.125.24.0-255,1484,213731,58,219877
25180,0.001882,74.125.24.0-255,5738,219469,58,219877
25181,0.001887,172.31.46.0-255,66,219535,58,219877
25182,0.001955,74.125.24.0-255,105,219640,58,219877
25183,0.002002,172.31.46.0-255,66,219706,58,219877
25184,0.004333,172.31.46.0-255,105,219811,58,219877
25185,0.006555,74.125.24.0-255,66,219877,58,219877
25186,0.0,74.125.24.0-255,154,154,58,129161
25187,1.1e-05,172.31.46.0-255,66,220,58,129161
25188,1.6e-05,74.125.24.0-255,1484,1704,58,129161
25189,2e-05,172.31.46.0-255,66,1770,58,129161
25190,2.5e-05,74.125.24.0-255,2902,4672,58,129161
25191,2.8e-05,172.31.46.0-255,66,4738,58,129161
25192,3.3e-05,74.125.24.0-255,4320,9058,58,129161
25193,3.6e-05,172.31.46.0-255,66,9124,58,129161
25194,5.3e-05,74.125.24.0-255,2902,12026,58,129161
25195,5.6e-05,172.31.46.0-255,66,12092,58,129161
25196,5.9e-05,74.125.24.0-255,1484,13576,58,129161
25197,6e-05,172.31.46.0-255,66,13642,58,129161
25198,7.4e-05,74.125.24.0-255,693,14335,58,129161
25199,7.6e-05,172.31.46.0-255,66,14401,58,129161
25200,0.000559,74.125.24.0-255,1484,15885,58,129161
25201,0.000565,172.31.46.0-255,66,15951,58,129161
25202,0.000572,74.125.24.0-255,2902,18853,58,129161
25203,0.000574,172.31.46.0-255,66,18919,58,129161
25204,0.000581,74.125.24.0-255,5738,24657,58,129161
25205,0.000583,172.31.46.0-255,66,24723,58,129161
25206,0.000622,74.125.24.0-255,2902,27625,58,129161
25207,0.000625,172.31.46.0-255,66,27691,58,129161
25208,0.000645,74.125.24.0-255,3961,31652,58,129161
25209,0.000648,172.31.46.0-255,66,31718,58,129161
25210,0.000666,74.125.24.0-255,7156,38874,58,129161
25211,0.000669,172.31.46.0-255,66,38940,58,129161
25212,0.000695,74.125.24.0-255,4320,43260,58,129161
25213,0.000697,172.31.46.0-255,66,43326,58,129161
25214,0.000729,172.31.46.0-255,66,43392,58,129161
25215,0.000733,74.125.24.0-255,4320,47712,58,129161
25216,0.000735,172.31.46.0-255,66,47778,58,129161
25217,0.000768,74.125.24.0-255,5738,53516,58,129161
25218,0.000771,172.31.46.0-255,66,53582,58,129161
25219,0.000785,74.125.24.0-255,766,54348,58,129161
25220,0.000847,74.125.24.0-255,356,54704,58,129161
25221,0.000882,74.125.24.0-255,136,54840,58,129161
25222,0.001277,74.125.24.0-255,1484,56324,58,129161
25223,0.001283,172.31.46.0-255,66,56390,58,129161
25224,0.001289,74.125.24.0-255,2902,59292,58,129161
25225,0.001291,172.31.46.0-255,66,59358,58,129161
25226,0.001294,74.125.24.0-255,1484,60842,58,129161
25227,0.001321,74.125.24.0-255,4320,65162,58,129161
25228,0.001323,172.31.46.0-255,66,65228,58,129161
25229,0.001329,74.125.24.0-255,5738,70966,58,129161
25230,0.001331,172.31.46.0-255,66,71032,58,129161
25231,0.001336,74.125.24.0-255,5738,76770,58,129161
25232,0.001338,172.31.46.0-255,66,76836,58,129161
25233,0.001351,74.125.24.0-255,1484,78320,58,129161
25234,0.001384,74.125.24.0-255,4320,82640,58,129161
25235,0.001386,172.31.46.0-255,66,82706,58,129161
25236,0.001405,74.125.24.0-255,6438,89144,58,129161
25237,0.001408,172.31.46.0-255,66,89210,58,129161
25238,0.001421,74.125.24.0-255,1484,90694,58,129161
25239,0.001434,74.125.24.0-255,2902,93596,58,129161
25240,0.001436,172.31.46.0-255,66,93662,58,129161
25241,0.001441,74.125.24.0-255,4320,97982,58,129161
25242,0.001443,172.31.46.0-255,66,98048,58,129161
25243,0.001455,74.125.24.0-255,1484,99532,58,129161
25244,0.001458,74.125.24.0-255,1484,101016,58,129161
25245,0.001459,172.31.46.0-255,66,101082,58,129161
25246,0.001484,172.31.46.0-255,66,101148,58,129161
25247,0.001517,74.125.24.0-255,2902,104050,58,129161
25248,0.00152,172.31.46.0-255,66,104116,58,129161
25249,0.001549,172.31.46.0-255,66,104182,58,129161
25250,0.001552,74.125.24.0-255,1484,105666,58,129161
25251,0.001574,172.31.46.0-255,66,105732,58,129161
25252,0.0016,74.125.24.0-255,7156,112888,58,129161
25253,0.001602,172.31.46.0-255,66,112954,58,129161
25254,0.001662,172.31.46.0-255,66,113020,58,129161
25255,0.001684,172.31.46.0-255,66,113086,58,129161
25256,0.001696,172.31.46.0-255,66,113152,58,129161
25257,0.001713,74.125.24.0-255,2184,115336,58,129161
25258,0.001715,172.31.46.0-255,66,115402,58,129161
25259,0.001729,172.31.46.0-255,66,115468,58,129161
25260,0.001739,172.31.46.0-255,66,115534,58,129161
25261,0.001767,74.125.24.0-255,2902,118436,58,129161
25262,0.001769,172.31.46.0-255,66,118502,58,129161
25263,0.001816,172.31.46.0-255,66,118568,58,129161
25264,0.001834,74.125.24.0-255,1484,120052,58,129161
25265,0.001845,74.125.24.0-255,1484,121536,58,129161
25266,0.001956,74.125.24.0-255,1484,123020,58,129161
25267,0.002097,74.125.24.0-255,5799,128819,58,129161
25268,0.002122,74.125.24.0-255,105,128924,58,129161
25269,0.002379,172.31.46.0-255,66,128990,58,129161
25270,0.005238,172.31.46.0-255,105,129095,58,129161
25271,0.007492,74.125.24.0-255,66,129161,58,129161
25272,0.0,172.217.194.0-255,153,153,58,210066
25273,2.4e-05,172.31.46.0-255,66,219,58,210066
25274,3.1e-05,172.217.194.0-255,1484,1703,58,210066
25275,3.6e-05,172.31.46.0-255,66,1769,58,210066
25276,4.2e-05,172.217.194.0-255,2902,4671,58,210066
25277,4.5e-05,172.31.46.0-255,66,4737,58,210066
25278,5e-05,172.217.194.0-255,2902,7639,58,210066
25279,5.3e-05,172.31.46.0-255,66,7705,58,210066
25280,7.1e-05,172.217.194.0-255,2902,10607,58,210066
25281,7.4e-05,172.31.46.0-255,66,10673,58,210066
25282,9.2e-05,172.217.194.0-255,3508,14181,58,210066
25283,9.5e-05,172.31.46.0-255,66,14247,58,210066
25284,0.000142,172.217.194.0-255,4320,18567,58,210066
25285,0.000145,172.31.46.0-255,66,18633,58,210066
25286,0.000157,172.31.46.0-255,66,18699,58,210066
25287,0.000161,172.217.194.0-255,2543,21242,58,210066
25288,0.000163,172.31.46.0-255,66,21308,58,210066
25289,0.000199,172.217.194.0-255,1484,22792,58,210066
25290,0.000202,172.31.46.0-255,66,22858,58,210066
25291,0.000207,172.217.194.0-255,2902,25760,58,210066
25292,0.00021,172.31.46.0-255,66,25826,58,210066
25293,0.000216,172.217.194.0-255,5738,31564,58,210066
25294,0.000219,172.31.46.0-255,66,31630,58,210066
25295,0.000251,172.217.194.0-255,7156,38786,58,210066
25296,0.000254,172.31.46.0-255,66,38852,58,210066
25297,0.000279,172.217.194.0-255,6797,45649,58,210066
25298,0.000282,172.31.46.0-255,66,45715,58,210066
25299,0.00031,172.217.194.0-255,2902,48617,58,210066
25300,0.000313,172.31.46.0-255,66,48683,58,210066
25301,0.000338,172.217.194.0-255,7108,55791,58,210066
25302,0.000342,172.31.46.0-255,66,55857,58,210066
25303,0.000344,172.217.194.0-255,376,56233,58,210066
25304,0.000466,172.217.194.0-255,1484,57717,58,210066
25305,0.000471,172.31.46.0-255,66,57783,58,210066
25306,0.000478,172.217.194.0-255,2902,60685,58,210066
25307,0.000481,172.31.46.0-255,66,60751,58,210066
25308,0.000487,172.217.194.0-255,4320,65071,58,210066
25309,0.000489,172.31.46.0-255,66,65137,58,210066
25310,0.000512,172.217.194.0-255,1484,66621,58,210066
25311,0.000519,172.217.194.0-255,5738,72359,58,210066
25312,0.000522,172.31.46.0-255,66,72425,58,210066
25313,0.000549,172.217.194.0-255,1484,73909,58,210066
25314,0.000578,172.31.46.0-255,66,73975,58,210066
25315,0.000599,172.217.194.0-255,5738,79713,58,210066
25316,0.000601,172.31.46.0-255,66,79779,58,210066
25317,0.000617,172.217.194.0-255,1125,80904,58,210066
25318,0.001225,172.217.194.0-255,1484,82388,58,210066
25319,0.001231,172.31.46.0-255,66,82454,58,210066
25320,0.001238,172.217.194.0-255,2902,85356,58,210066
25321,0.00124,172.31.46.0-255,66,85422,58,210066
25322,0.001247,172.217.194.0-255,5738,91160,58,210066
25323,0.001249,172.31.46.0-255,66,91226,58,210066
25324,0.001286,172.31.46.0-255,66,91292,58,210066
25325,0.001316,172.217.194.0-255,1484,92776,58,210066
25326,0.001341,172.31.46.0-255,66,92842,58,210066
25327,0.001464,172.217.194.0-255,1484,94326,58,210066
25328,0.001469,172.217.194.0-255,2902,97228,58,210066
25329,0.001472,172.31.46.0-255,66,97294,58,210066
25330,0.00148,172.217.194.0-255,5738,103032,58,210066
25331,0.001481,172.31.46.0-255,66,103098,58,210066
25332,0.001506,172.31.46.0-255,66,103164,58,210066
25333,0.001531,172.217.194.0-255,4320,107484,58,210066
25334,0.001535,172.31.46.0-255,66,107550,58,210066
25335,0.001547,172.31.46.0-255,66,107616,58,210066
25336,0.001645,172.217.194.0-255,1484,109100,58,210066
25337,0.001667,172.217.194.0-255,2902,112002,58,210066
25338,0.001671,172.31.46.0-255,66,112068,58,210066
25339,0.001674,172.217.194.0-255,1484,113552,58,210066
25340,0.001694,172.217.194.0-255,4320,117872,58,210066
25341,0.001697,172.31.46.0-255,66,117938,58,210066
25342,0.001704,172.217.194.0-255,5738,123676,58,210066
25343,0.001706,172.31.46.0-255,66,123742,58,210066
25344,0.001722,172.217.194.0-255,7156,130898,58,210066
25345,0.001724,172.31.46.0-255,66,130964,58,210066
25346,0.00175,172.31.46.0-255,66,131030,58,210066
25347,0.001796,172.217.194.0-255,2184,133214,58,210066
25348,0.001799,172.31.46.0-255,66,133280,58,210066
25349,0.001964,172.217.194.0-255,1484,134764,58,210066
25350,0.001971,172.217.194.0-255,2902,137666,58,210066
25351,0.001975,172.31.46.0-255,66,137732,58,210066
25352,0.00198,172.217.194.0-255,2902,140634,58,210066
25353,0.001983,172.31.46.0-255,66,140700,58,210066
25354,0.001996,172.217.194.0-255,2902,143602,58,210066
25355,0.001998,172.31.46.0-255,66,143668,58,210066
25356,0.002002,172.217.194.0-255,2902,146570,58,210066
25357,0.002005,172.31.46.0-255,66,146636,58,210066
25358,0.002039,172.31.46.0-255,66,146702,58,210066
25359,0.002052,172.31.46.0-255,66,146768,58,210066
25360,0.002086,172.31.46.0-255,66,146834,58,210066
25361,0.00213,172.31.46.0-255,66,146900,58,210066
25362,0.00214,172.31.46.0-255,66,146966,58,210066
25363,0.00216,172.217.194.0-255,2902,149868,58,210066
25364,0.002162,172.31.46.0-255,66,149934,58,210066
25365,0.002196,172.31.46.0-255,66,150000,58,210066
25366,0.002203,172.217.194.0-255,5020,155020,58,210066
25367,0.002205,172.31.46.0-255,66,155086,58,210066
25368,0.002238,172.217.194.0-255,5738,160824,58,210066
25369,0.00224,172.31.46.0-255,66,160890,58,210066
25370,0.00227,172.31.46.0-255,66,160956,58,210066
25371,0.002295,172.31.46.0-255,66,161022,58,210066
25372,0.002325,172.217.194.0-255,5738,166760,58,210066
25373,0.002328,172.31.46.0-255,66,166826,58,210066
25374,0.002335,172.217.194.0-255,6438,173264,58,210066
25375,0.002337,172.31.46.0-255,66,173330,58,210066
25376,0.00234,172.217.194.0-255,1484,174814,58,210066
25377,0.002375,172.31.46.0-255,66,174880,58,210066
25378,0.002398,172.217.194.0-255,7156,182036,58,210066
25379,0.002402,172.31.46.0-255,66,182102,58,210066
25380,0.002404,172.217.194.0-255,1484,183586,58,210066
25381,0.002411,172.217.194.0-255,5020,188606,58,210066
25382,0.002413,172.31.46.0-255,66,188672,58,210066
25383,0.002458,172.217.194.0-255,1484,190156,58,210066
25384,0.002463,172.217.194.0-255,2902,193058,58,210066
25385,0.002466,172.31.46.0-255,66,193124,58,210066
25386,0.002488,172.217.194.0-255,5738,198862,58,210066
25387,0.002554,172.217.194.0-255,7156,206018,58,210066
25388,0.002557,172.217.194.0-255,1484,207502,58,210066
25389,0.002561,172.217.194.0-255,1568,209070,58,210066
25390,0.00259,172.217.194.0-255,105,209175,58,210066
25391,0.002617,172.217.194.0-255,129,209304,58,210066
25392,0.008365,172.31.46.0-255,66,209370,58,210066
25393,0.0108,172.31.46.0-255,105,209475,58,210066
25394,0.010834,172.31.46.0-255,105,209580,58,210066
25395,0.011076,172.31.46.0-255,90,209670,58,210066
25396,0.011087,172.31.46.0-255,66,209736,58,210066
25397,0.013137,172.217.194.0-255,66,209802,58,210066
25398,0.013149,172.217.194.0-255,66,209868,58,210066
25399,0.013371,172.217.194.0-255,66,209934,58,210066
25400,0.013396,172.217.194.0-255,66,210000,58,210066
25401,0.013405,172.31.46.0-255,66,210066,58,210066
25402,0.0,74.125.130.0-255,153,153,58,209040
25403,2e-05,172.31.46.0-255,66,219,58,209040
25404,2.8e-05,74.125.130.0-255,1484,1703,58,209040
25405,3.4e-05,172.31.46.0-255,66,1769,58,209040
25406,3.7e-05,74.125.130.0-255,1484,3253,58,209040
25407,4e-05,172.31.46.0-255,66,3319,58,209040
25408,4.6e-05,74.125.130.0-255,2902,6221,58,209040
25409,4.8e-05,172.31.46.0-255,66,6287,58,209040
25410,5.2e-05,74.125.130.0-255,1484,7771,58,209040
25411,5.4e-05,172.31.46.0-255,66,7837,58,209040
25412,8.4e-05,74.125.130.0-255,4320,12157,58,209040
25413,8.6e-05,172.31.46.0-255,66,12223,58,209040
25414,9.1e-05,74.125.130.0-255,1945,14168,58,209040
25415,9.3e-05,172.31.46.0-255,66,14234,58,209040
25416,0.000145,74.125.130.0-255,1484,15718,58,209040
25417,0.000147,172.31.46.0-255,66,15784,58,209040
25418,0.000168,74.125.130.0-255,2902,18686,58,209040
25419,0.000171,172.31.46.0-255,66,18752,58,209040
25420,0.000184,74.125.130.0-255,1484,20236,58,209040
25421,0.000186,172.31.46.0-255,66,20302,58,209040
25422,0.000204,74.125.130.0-255,2902,23204,58,209040
25423,0.000207,172.31.46.0-255,66,23270,58,209040
25424,0.000234,74.125.130.0-255,4320,27590,58,209040
25425,0.000237,172.31.46.0-255,66,27656,58,209040
25426,0.000253,74.125.130.0-255,3961,31617,58,209040
25427,0.000256,172.31.46.0-255,66,31683,58,209040
25428,0.000357,74.125.130.0-255,1484,33167,58,209040
25429,0.000361,172.31.46.0-255,66,33233,58,209040
25430,0.000367,74.125.130.0-255,2902,36135,58,209040
25431,0.000369,172.31.46.0-255,66,36201,58,209040
25432,0.000384,74.125.130.0-255,2902,39103,58,209040
25433,0.000386,172.31.46.0-255,66,39169,58,209040
25434,0.00041,74.125.130.0-255,4320,43489,58,209040
25435,0.000413,172.31.46.0-255,66,43555,58,209040
25436,0.000429,74.125.130.0-255,1484,45039,58,209040
25437,0.000461,172.31.46.0-255,66,45105,58,209040
25438,0.000467,74.125.130.0-255,4320,49425,58,209040
25439,0.000469,172.31.46.0-255,66,49491,58,209040
25440,0.000485,74.125.130.0-255,5738,55229,58,209040
25441,0.000488,172.31.46.0-255,66,55295,58,209040
25442,0.000492,74.125.130.0-255,2543,57838,58,209040
25443,0.000495,172.31.46.0-255,66,57904,58,209040
25444,0.000519,74.125.130.0-255,678,58582,58,209040
25445,0.001149,172.31.46.0-255,66,58648,58,209040
25446,0.001347,74.125.130.0-255,1484,60132,58,209040
25447,0.001359,74.125.130.0-255,2902,63034,58,209040
25448,0.001363,172.31.46.0-255,66,63100,58,209040
25449,0.001392,74.125.130.0-255,5738,68838,58,209040
25450,0.001395,172.31.46.0-255,66,68904,58,209040
25451,0.001401,74.125.130.0-255,4320,73224,58,209040
25452,0.001402,172.31.46.0-255,66,73290,58,209040
25453,0.001425,74.125.130.0-255,5738,79028,58,209040
25454,0.001427,172.31.46.0-255,66,79094,58,209040
25455,0.001444,74.125.130.0-255,2902,81996,58,209040
25456,0.001447,172.31.46.0-255,66,82062,58,209040
25457,0.001489,74.125.130.0-255,2902,84964,58,209040
25458,0.001493,172.31.46.0-255,66,85030,58,209040
25459,0.001501,74.125.130.0-255,7156,92186,58,209040
25460,0.001503,172.31.46.0-255,66,92252,58,209040
25461,0.001505,74.125.130.0-255,766,93018,58,209040
25462,0.001716,74.125.130.0-255,1484,94502,58,209040
25463,0.00172,172.31.46.0-255,66,94568,58,209040
25464,0.001727,74.125.130.0-255,2902,97470,58,209040
25465,0.001729,172.31.46.0-255,66,97536,58,209040
25466,0.001749,74.125.130.0-255,5738,103274,58,209040
25467,0.001752,172.31.46.0-255,66,103340,58,209040
25468,0.001755,74.125.130.0-255,1484,104824,58,209040
25469,0.001771,74.125.130.0-255,2902,107726,58,209040
25470,0.001774,172.31.46.0-255,66,107792,58,209040
25471,0.001797,74.125.130.0-255,7156,114948,58,209040
25472,0.0018,172.31.46.0-255,66,115014,58,209040
25473,0.001822,74.125.130.0-255,4320,119334,58,209040
25474,0.001824,172.31.46.0-255,66,119400,58,209040
25475,0.001829,74.125.130.0-255,4320,123720,58,209040
25476,0.001831,172.31.46.0-255,66,123786,58,209040
25477,0.001863,74.125.130.0-255,3602,127388,58,209040
25478,0.001867,172.31.46.0-255,66,127454,58,209040
25479,0.002159,74.125.130.0-255,1484,128938,58,209040
25480,0.002167,74.125.130.0-255,2902,131840,58,209040
25481,0.002171,172.31.46.0-255,66,131906,58,209040
25482,0.002195,74.125.130.0-255,5738,137644,58,209040
25483,0.002199,172.31.46.0-255,66,137710,58,209040
25484,0.002202,74.125.130.0-255,1484,139194,58,209040
25485,0.00222,74.125.130.0-255,4320,143514,58,209040
25486,0.002223,172.31.46.0-255,66,143580,58,209040
25487,0.002227,74.125.130.0-255,2902,146482,58,209040
25488,0.002229,172.31.46.0-255,66,146548,58,209040
25489,0.002245,74.125.130.0-255,4320,150868,58,209040
25490,0.002247,172.31.46.0-255,66,150934,58,209040
25491,0.002306,172.31.46.0-255,66,151000,58,209040
25492,0.004813,74.125.130.0-255,5738,156738,58,209040
25493,0.004821,172.31.46.0-255,66,156804,58,209040
25494,0.007316,74.125.130.0-255,5738,162542,58,209040
25495,0.007322,172.31.46.0-255,66,162608,58,209040
25496,0.009851,74.125.130.0-255,5738,168346,58,209040
25497,0.00986,172.31.46.0-255,66,168412,58,209040
25498,0.012366,74.125.130.0-255,5738,174150,58,209040
25499,0.012379,172.31.46.0-255,66,174216,58,209040
25500,0.014888,74.125.130.0-255,5738,179954,58,209040
25501,0.014899,172.31.46.0-255,66,180020,58,209040
25502,0.017423,74.125.130.0-255,5738,185758,58,209040
25503,0.017433,172.31.46.0-255,66,185824,58,209040
25504,0.019953,74.125.130.0-255,5738,191562,58,209040
25505,0.019965,172.31.46.0-255,66,191628,58,209040
25506,0.022486,74.125.130.0-255,5738,197366,58,209040
25507,0.0225,172.31.46.0-255,66,197432,58,209040
25508,0.025027,74.125.130.0-255,5738,203170,58,209040
25509,0.025043,172.31.46.0-255,66,203236,58,209040
25510,0.02755,74.125.130.0-255,5738,208974,58,209040
25511,0.027562,172.31.46.0-255,66,209040,58,209040
25512,0.0,172.31.46.0-255,159,159,58,225
25513,0.007544,74.125.200.0-255,66,225,58,225
25514,0.0,172.217.160.0-255,153,153,58,193818
25515,2.3e-05,172.31.46.0-255,66,219,58,193818
25516,3e-05,172.217.160.0-255,1484,1703,58,193818
25517,3.4e-05,172.31.46.0-255,66,1769,58,193818
25518,3.9e-05,172.217.160.0-255,2902,4671,58,193818
25519,4.3e-05,172.31.46.0-255,66,4737,58,193818
25520,5e-05,172.217.160.0-255,5738,10475,58,193818
25521,5.4e-05,172.31.46.0-255,66,10541,58,193818
25522,5.9e-05,172.217.160.0-255,3539,14080,58,193818
25523,6.2e-05,172.31.46.0-255,66,14146,58,193818
25524,0.000147,172.217.160.0-255,1484,15630,58,193818
25525,0.000151,172.31.46.0-255,66,15696,58,193818
25526,0.000156,172.217.160.0-255,2902,18598,58,193818
25527,0.000159,172.31.46.0-255,66,18664,58,193818
25528,0.000165,172.217.160.0-255,5738,24402,58,193818
25529,0.000168,172.31.46.0-255,66,24468,58,193818
25530,0.000211,172.217.160.0-255,4320,28788,58,193818
25531,0.000213,172.31.46.0-255,66,28854,58,193818
25532,0.000231,172.217.160.0-255,2543,31397,58,193818
25533,0.000234,172.31.46.0-255,66,31463,58,193818
25534,0.000277,172.217.160.0-255,1484,32947,58,193818
25535,0.00028,172.31.46.0-255,66,33013,58,193818
25536,0.000285,172.217.160.0-255,2902,35915,58,193818
25537,0.000288,172.31.46.0-255,66,35981,58,193818
25538,0.000292,172.217.160.0-255,2902,38883,58,193818
25539,0.000295,172.31.46.0-255,66,38949,58,193818
25540,0.000313,172.217.160.0-255,2902,41851,58,193818
25541,0.000316,172.31.46.0-255,66,41917,58,193818
25542,0.000354,172.217.160.0-255,2902,44819,58,193818
25543,0.000357,172.31.46.0-255,66,44885,58,193818
25544,0.000378,172.217.160.0-255,3961,48846,58,193818
25545,0.000381,172.31.46.0-255,66,48912,58,193818
25546,0.000388,172.217.160.0-255,7156,56068,58,193818
25547,0.00039,172.31.46.0-255,66,56134,58,193818
25548,0.000408,172.217.160.0-255,4320,60454,58,193818
25549,0.000411,172.31.46.0-255,66,60520,58,193818
25550,0.000427,172.217.160.0-255,5379,65899,58,193818
25551,0.00043,172.31.46.0-255,66,65965,58,193818
25552,0.000656,172.217.160.0-255,337,66302,58,193818
25553,0.000982,172.31.46.0-255,66,66368,58,193818
25554,0.001384,172.217.160.0-255,406,66774,58,193818
25555,0.001505,172.217.160.0-255,1484,68258,58,193818
25556,0.00151,172.31.46.0-255,66,68324,58,193818
25557,0.001515,172.217.160.0-255,2902,71226,58,193818
25558,0.001517,172.31.46.0-255,66,71292,58,193818
25559,0.00152,172.217.160.0-255,1484,72776,58,193818
25560,0.001547,172.217.160.0-255,4320,77096,58,193818
25561,0.001549,172.31.46.0-255,66,77162,58,193818
25562,0.001561,172.31.46.0-255,66,77228,58,193818
25563,0.001581,172.217.160.0-255,1125,78353,58,193818
25564,0.001586,172.217.160.0-255,5738,84091,58,193818
25565,0.001588,172.31.46.0-255,66,84157,58,193818
25566,0.0016,172.217.160.0-255,2902,87059,58,193818
25567,0.001602,172.31.46.0-255,66,87125,58,193818
25568,0.001621,172.217.160.0-255,1125,88250,58,193818
25569,0.001901,172.217.160.0-255,1484,89734,58,193818
25570,0.001903,172.31.46.0-255,66,89800,58,193818
25571,0.001915,172.217.160.0-255,2902,92702,58,193818
25572,0.001916,172.31.46.0-255,66,92768,58,193818
25573,0.001941,172.217.160.0-255,5738,98506,58,193818
25574,0.001943,172.31.46.0-255,66,98572,58,193818
25575,0.001948,172.217.160.0-255,5738,104310,58,193818
25576,0.00195,172.31.46.0-255,66,104376,58,193818
25577,0.001966,172.217.160.0-255,7156,111532,58,193818
25578,0.001968,172.31.46.0-255,66,111598,58,193818
25579,0.001977,172.31.46.0-255,66,111664,58,193818
25580,0.00198,172.217.160.0-255,2184,113848,58,193818
25581,0.001983,172.31.46.0-255,66,113914,58,193818
25582,0.003939,172.217.160.0-255,4320,118234,58,193818
25583,0.003943,172.31.46.0-255,66,118300,58,193818
25584,0.00396,172.217.160.0-255,1484,119784,58,193818
25585,0.005916,172.217.160.0-255,4320,124104,58,193818
25586,0.005919,172.31.46.0-255,66,124170,58,193818
25587,0.0079,172.217.160.0-255,5738,129908,58,193818
25588,0.007908,172.31.46.0-255,66,129974,58,193818
25589,0.009884,172.217.160.0-255,5738,135712,58,193818
25590,0.009892,172.31.46.0-255,66,135778,58,193818
25591,0.011874,172.217.160.0-255,5738,141516,58,193818
25592,0.011882,172.31.46.0-255,66,141582,58,193818
25593,0.013866,172.217.160.0-255,5738,147320,58,193818
25594,0.013874,172.31.46.0-255,66,147386,58,193818
25595,0.015901,172.217.160.0-255,5738,153124,58,193818
25596,0.015908,172.31.46.0-255,66,153190,58,193818
25597,0.017887,172.217.160.0-255,5738,158928,58,193818
25598,0.017894,172.31.46.0-255,66,158994,58,193818
25599,0.019879,172.217.160.0-255,5738,164732,58,193818
25600,0.019889,172.31.46.0-255,66,164798,58,193818
25601,0.021875,172.217.160.0-255,5738,170536,58,193818
25602,0.021882,172.31.46.0-255,66,170602,58,193818
25603,0.023856,172.217.160.0-255,5738,176340,58,193818
25604,0.023862,172.31.46.0-255,66,176406,58,193818
25605,0.025853,172.217.160.0-255,5738,182144,58,193818
25606,0.025861,172.31.46.0-255,66,182210,58,193818
25607,0.027843,172.217.160.0-255,5738,187948,58,193818
25608,0.02785,172.31.46.0-255,66,188014,58,193818
25609,0.02986,172.217.160.0-255,5738,193752,58,193818
25610,0.029868,172.31.46.0-255,66,193818,58,193818
25611,0.0,172.217.194.0-255,146,146,58,237329
25612,2.5e-05,172.31.46.0-255,66,212,58,237329
25613,3.3e-05,172.217.194.0-255,1484,1696,58,237329
25614,3.7e-05,172.31.46.0-255,66,1762,58,237329
25615,4.3e-05,172.217.194.0-255,2902,4664,58,237329
25616,4.7e-05,172.31.46.0-255,66,4730,58,237329
25617,5.2e-05,172.217.194.0-255,2902,7632,58,237329
25618,5.5e-05,172.31.46.0-255,66,7698,58,237329
25619,7.9e-05,172.217.194.0-255,6369,14067,58,237329
25620,8.2e-05,172.31.46.0-255,66,14133,58,237329
25621,0.00029,172.217.194.0-255,1484,15617,58,237329
25622,0.000295,172.31.46.0-255,66,15683,58,237329
25623,0.000301,172.217.194.0-255,2902,18585,58,237329
25624,0.000304,172.31.46.0-255,66,18651,58,237329
25625,0.000311,172.217.194.0-255,5738,24389,58,237329
25626,0.000313,172.31.46.0-255,66,24455,58,237329
25627,0.000344,172.217.194.0-255,6797,31252,58,237329
25628,0.000347,172.31.46.0-255,66,31318,58,237329
25629,0.000378,172.217.194.0-255,4320,35638,58,237329
25630,0.000381,172.31.46.0-255,66,35704,58,237329
25631,0.000402,172.217.194.0-255,1484,37188,58,237329
25632,0.000405,172.31.46.0-255,66,37254,58,237329
25633,0.000413,172.217.194.0-255,7156,44410,58,237329
25634,0.000415,172.31.46.0-255,66,44476,58,237329
25635,0.00043,172.217.194.0-255,3961,48437,58,237329
25636,0.000432,172.31.46.0-255,66,48503,58,237329
25637,0.000878,172.217.194.0-255,1484,49987,58,237329
25638,0.000883,172.31.46.0-255,66,50053,58,237329
25639,0.000888,172.217.194.0-255,2902,52955,58,237329
25640,0.00089,172.31.46.0-255,66,53021,58,237329
25641,0.000912,172.217.194.0-255,5738,58759,58,237329
25642,0.000915,172.31.46.0-255,66,58825,58,237329
25643,0.000947,172.31.46.0-255,66,58891,58,237329
25644,0.000964,172.217.194.0-255,2543,61434,58,237329
25645,0.000967,172.31.46.0-255,66,61500,58,237329
25646,0.000977,172.31.46.0-255,66,61566,58,237329
25647,0.000997,172.217.194.0-255,5738,67304,58,237329
25648,0.000999,172.31.46.0-255,66,67370,58,237329
25649,0.001021,172.31.46.0-255,66,67436,58,237329
25650,0.001051,172.217.194.0-255,3961,71397,58,237329
25651,0.001053,172.31.46.0-255,66,71463,58,237329
25652,0.001208,172.217.194.0-255,1484,72947,58,237329
25653,0.001214,172.217.194.0-255,1484,74431,58,237329
25654,0.001218,172.31.46.0-255,66,74497,58,237329
25655,0.00124,172.217.194.0-255,1484,75981,58,237329
25656,0.001246,172.217.194.0-255,5738,81719,58,237329
25657,0.001252,172.217.194.0-255,5738,87457,58,237329
25658,0.001257,172.31.46.0-255,66,87523,58,237329
25659,0.001264,172.31.46.0-255,66,87589,58,237329
25660,0.001269,172.217.194.0-255,2902,90491,58,237329
25661,0.001271,172.31.46.0-255,66,90557,58,237329
25662,0.001304,172.217.194.0-255,4320,94877,58,237329
25663,0.001306,172.31.46.0-255,66,94943,58,237329
25664,0.00134,172.31.46.0-255,66,95009,58,237329
25665,0.001382,172.31.46.0-255,66,95075,58,237329
25666,0.001407,172.217.194.0-255,4320,99395,58,237329
25667,0.00141,172.31.46.0-255,66,99461,58,237329
25668,0.001422,172.31.46.0-255,66,99527,58,237329
25669,0.001433,172.31.46.0-255,66,99593,58,237329
25670,0.001439,172.217.194.0-255,5738,105331,58,237329
25671,0.001441,172.31.46.0-255,66,105397,58,237329
25672,0.001461,172.217.194.0-255,2902,108299,58,237329
25673,0.001469,172.217.194.0-255,5738,114037,58,237329
25674,0.001472,172.31.46.0-255,66,114103,58,237329
25675,0.001475,172.31.46.0-255,66,114169,58,237329
25676,0.001503,172.31.46.0-255,66,114235,58,237329
25677,0.001533,172.217.194.0-255,6438,120673,58,237329
25678,0.001536,172.31.46.0-255,66,120739,58,237329
25679,0.001566,172.217.194.0-255,5738,126477,58,237329
25680,0.00157,172.31.46.0-255,66,126543,58,237329
25681,0.001598,172.217.194.0-255,7156,133699,58,237329
25682,0.001601,172.31.46.0-255,66,133765,58,237329
25683,0.001622,172.31.46.0-255,66,133831,58,237329
25684,0.001659,172.217.194.0-255,1484,135315,58,237329
25685,0.001664,172.217.194.0-255,2902,138217,58,237329
25686,0.001669,172.31.46.0-255,66,138283,58,237329
25687,0.001695,172.217.194.0-255,5738,144021,58,237329
25688,0.001719,172.31.46.0-255,66,144087,58,237329
25689,0.001722,172.31.46.0-255,66,144153,58,237329
25690,0.001747,172.31.46.0-255,66,144219,58,237329
25691,0.001764,172.217.194.0-255,2184,146403,58,237329
25692,0.001766,172.31.46.0-255,66,146469,58,237329
25693,0.001924,172.217.194.0-255,1484,147953,58,237329
25694,0.00193,172.217.194.0-255,2902,150855,58,237329
25695,0.001933,172.31.46.0-255,66,150921,58,237329
25696,0.001952,172.217.194.0-255,5738,156659,58,237329
25697,0.001955,172.31.46.0-255,66,156725,58,237329
25698,0.001988,172.31.46.0-255,66,156791,58,237329
25699,0.002048,172.217.194.0-255,4320,161111,58,237329
25700,0.002051,172.31.46.0-255,66,161177,58,237329
25701,0.002074,172.217.194.0-255,6438,167615,58,237329
25702,0.002077,172.31.46.0-255,66,167681,58,237329
25703,0.004365,172.217.194.0-255,5738,173419,58,237329
25704,0.004375,172.31.46.0-255,66,173485,58,237329
25705,0.006666,172.217.194.0-255,5738,179223,58,237329
25706,0.006672,172.31.46.0-255,66,179289,58,237329
25707,0.008946,172.217.194.0-255,5738,185027,58,237329
25708,0.008953,172.31.46.0-255,66,185093,58,237329
25709,0.011271,172.217.194.0-255,5738,190831,58,237329
25710,0.011279,172.31.46.0-255,66,190897,58,237329
25711,0.013627,172.217.194.0-255,5738,196635,58,237329
25712,0.013642,172.31.46.0-255,66,196701,58,237329
25713,0.015931,172.217.194.0-255,5738,202439,58,237329
25714,0.01594,172.31.46.0-255,66,202505,58,237329
25715,0.018401,172.217.194.0-255,5738,208243,58,237329
25716,0.018417,172.31.46.0-255,66,208309,58,237329
25717,0.020725,172.217.194.0-255,5738,214047,58,237329
25718,0.020735,172.31.46.0-255,66,214113,58,237329
25719,0.022998,172.217.194.0-255,5738,219851,58,237329
25720,0.02301,172.31.46.0-255,66,219917,58,237329
25721,0.025328,172.217.194.0-255,5738,225655,58,237329
25722,0.025346,172.31.46.0-255,66,225721,58,237329
25723,0.027628,172.217.194.0-255,5738,231459,58,237329
25724,0.027641,172.31.46.0-255,66,231525,58,237329
25725,0.029926,172.217.194.0-255,5738,237263,58,237329
25726,0.029942,172.31.46.0-255,66,237329,58,237329
25727,0.0,74.125.24.0-255,146,146,58,162733
25728,1.6e-05,172.31.46.0-255,66,212,58,162733
25729,2.4e-05,74.125.24.0-255,1484,1696,58,162733
25730,2.8e-05,172.31.46.0-255,66,1762,58,162733
25731,4.1e-05,74.125.24.0-255,2902,4664,58,162733
25732,4.4e-05,172.31.46.0-255,66,4730,58,162733
25733,5e-05,74.125.24.0-255,4320,9050,58,162733
25734,5.4e-05,172.31.46.0-255,66,9116,58,162733
25735,9.9e-05,172.31.46.0-255,66,9182,58,162733
25736,0.000106,74.125.24.0-255,7156,16338,58,162733
25737,0.000108,172.31.46.0-255,66,16404,58,162733
25738,0.000177,74.125.24.0-255,5379,21783,58,162733
25739,0.00018,172.31.46.0-255,66,21849,58,162733
25740,0.00042,74.125.24.0-255,1484,23333,58,162733
25741,0.000426,172.31.46.0-255,66,23399,58,162733
25742,0.000433,74.125.24.0-255,2902,26301,58,162733
25743,0.000435,172.31.46.0-255,66,26367,58,162733
25744,0.000443,74.125.24.0-255,1484,27851,58,162733
25745,0.000445,172.31.46.0-255,66,27917,58,162733
25746,0.000477,74.125.24.0-255,4320,32237,58,162733
25747,0.00048,172.31.46.0-255,66,32303,58,162733
25748,0.000498,172.31.46.0-255,66,32369,58,162733
25749,0.000504,74.125.24.0-255,5738,38107,58,162733
25750,0.000508,172.31.46.0-255,66,38173,58,162733
25751,0.000548,74.125.24.0-255,4272,42445,58,162733
25752,0.000552,172.31.46.0-255,66,42511,58,162733
25753,0.000555,74.125.24.0-255,107,42618,58,162733
25754,0.000557,172.31.46.0-255,66,42684,58,162733
25755,0.000684,74.125.24.0-255,1484,44168,58,162733
25756,0.000688,172.31.46.0-255,66,44234,58,162733
25757,0.000694,74.125.24.0-255,2902,47136,58,162733
25758,0.000696,172.31.46.0-255,66,47202,58,162733
25759,0.000699,74.125.24.0-255,1484,48686,58,162733
25760,0.000701,172.31.46.0-255,66,48752,58,162733
25761,0.000733,74.125.24.0-255,4320,53072,58,162733
25762,0.000735,172.31.46.0-255,66,53138,58,162733
25763,0.000751,172.31.46.0-255,66,53204,58,162733
25764,0.000775,74.125.24.0-255,3961,57165,58,162733
25765,0.000781,172.31.46.0-255,66,57231,58,162733
25766,0.000793,172.31.46.0-255,66,57297,58,162733
25767,0.002108,74.125.24.0-255,1484,58781,58,162733
25768,0.002116,172.31.46.0-255,66,58847,58,162733
25769,0.002126,74.125.24.0-255,2902,61749,58,162733
25770,0.002129,172.31.46.0-255,66,61815,58,162733
25771,0.002141,74.125.24.0-255,5738,67553,58,162733
25772,0.002143,172.31.46.0-255,66,67619,58,162733
25773,0.002151,74.125.24.0-255,7156,74775,58,162733
25774,0.002153,172.31.46.0-255,66,74841,58,162733
25775,0.002195,172.31.46.0-255,66,74907,58,162733
25776,0.002205,172.31.46.0-255,66,74973,58,162733
25777,0.002447,74.125.24.0-255,1484,76457,58,162733
25778,0.00245,172.31.46.0-255,66,76523,58,162733
25779,0.00247,74.125.24.0-255,2902,79425,58,162733
25780,0.002473,172.31.46.0-255,66,79491,58,162733
25781,0.00248,74.125.24.0-255,5738,85229,58,162733
25782,0.002517,74.125.24.0-255,5738,90967,58,162733
25783,0.002533,74.125.24.0-255,5020,95987,58,162733
25784,0.002558,74.125.24.0-255,4320,100307,58,162733
25785,0.002636,74.125.24.0-255,1484,101791,58,162733
25786,0.002659,74.125.24.0-255,2902,104693,58,162733
25787,0.002758,74.125.24.0-255,5738,110431,58,162733
25788,0.003613,172.31.46.0-255,66,110497,58,162733
25789,0.006261,74.125.24.0-255,5738,116235,58,162733
25790,0.006268,172.31.46.0-255,66,116301,58,162733
25791,0.008888,74.125.24.0-255,5738,122039,58,162733
25792,0.008895,172.31.46.0-255,66,122105,58,162733
25793,0.011543,74.125.24.0-255,5738,127843,58,162733
25794,0.011554,172.31.46.0-255,66,127909,58,162733
25795,0.014173,74.125.24.0-255,5738,133647,58,162733
25796,0.014186,172.31.46.0-255,66,133713,58,162733
25797,0.016818,74.125.24.0-255,5738,139451,58,162733
25798,0.016837,172.31.46.0-255,66,139517,58,162733
25799,0.019478,74.125.24.0-255,5738,145255,58,162733
25800,0.019491,172.31.46.0-255,66,145321,58,162733
25801,0.022117,74.125.24.0-255,5738,151059,58,162733
25802,0.022128,172.31.46.0-255,66,151125,58,162733
25803,0.024766,74.125.24.0-255,5738,156863,58,162733
25804,0.024775,172.31.46.0-255,66,156929,58,162733
25805,0.02739,74.125.24.0-255,5738,162667,58,162733
25806,0.027403,172.31.46.0-255,66,162733,58,162733
25807,0.0,74.125.68.0-255,146,146,58,370942
25808,1.3e-05,172.31.46.0-255,66,212,58,370942
25809,3.6e-05,74.125.68.0-255,1484,1696,58,370942
25810,3.9e-05,172.31.46.0-255,66,1762,58,370942
25811,6.1e-05,74.125.68.0-255,2902,4664,58,370942
25812,6.3e-05,172.31.46.0-255,66,4730,58,370942
25813,7.7e-05,74.125.68.0-255,2902,7632,58,370942
25814,8e-05,172.31.46.0-255,66,7698,58,370942
25815,9.5e-05,74.125.68.0-255,2902,10600,58,370942
25816,9.7e-05,172.31.46.0-255,66,10666,58,370942
25817,0.0001,74.125.68.0-255,1484,12150,58,370942
25818,0.000102,172.31.46.0-255,66,12216,58,370942
25819,0.000106,74.125.68.0-255,2139,14355,58,370942
25820,0.000109,172.31.46.0-255,66,14421,58,370942
25821,0.000147,74.125.68.0-255,2902,17323,58,370942
25822,0.00015,172.31.46.0-255,66,17389,58,370942
25823,0.00017,74.125.68.0-255,4320,21709,58,370942
25824,0.000172,172.31.46.0-255,66,21775,58,370942
25825,0.000208,74.125.68.0-255,7156,28931,58,370942
25826,0.00021,172.31.46.0-255,66,28997,58,370942
25827,0.000239,74.125.68.0-255,7156,36153,58,370942
25828,0.000241,172.31.46.0-255,66,36219,58,370942
25829,0.000255,74.125.68.0-255,1484,37703,58,370942
25830,0.000257,172.31.46.0-255,66,37769,58,370942
25831,0.000261,74.125.68.0-255,2902,40671,58,370942
25832,0.000262,172.31.46.0-255,66,40737,58,370942
25833,0.000267,74.125.68.0-255,4320,45057,58,370942
25834,0.000269,172.31.46.0-255,66,45123,58,370942
25835,0.000305,74.125.68.0-255,3602,48725,58,370942
25836,0.000307,172.31.46.0-255,66,48791,58,370942
25837,0.000444,74.125.68.0-255,1484,50275,58,370942
25838,0.000448,172.31.46.0-255,66,50341,58,370942
25839,0.000467,74.125.68.0-255,2902,53243,58,370942
25840,0.000469,172.31.46.0-255,66,53309,58,370942
25841,0.000499,74.125.68.0-255,5738,59047,58,370942
25842,0.000502,172.31.46.0-255,66,59113,58,370942
25843,0.000505,74.125.68.0-255,1484,60597,58,370942
25844,0.000507,172.31.46.0-255,66,60663,58,370942
25845,0.000511,74.125.68.0-255,2902,63565,58,370942
25846,0.000513,172.31.46.0-255,66,63631,58,370942
25847,0.000548,74.125.68.0-255,2832,66463,58,370942
25848,0.000552,172.31.46.0-255,66,66529,58,370942
25849,0.000609,74.125.68.0-255,2902,69431,58,370942
25850,0.000613,172.31.46.0-255,66,69497,58,370942
25851,0.000619,74.125.68.0-255,4320,73817,58,370942
25852,0.000622,172.31.46.0-255,66,73883,58,370942
25853,0.000665,172.31.46.0-255,66,73949,58,370942
25854,0.000669,74.125.68.0-255,2902,76851,58,370942
25855,0.000672,172.31.46.0-255,66,76917,58,370942
25856,0.000727,74.125.68.0-255,2505,79422,58,370942
25857,0.000731,172.31.46.0-255,66,79488,58,370942
25858,0.000734,172.31.46.0-255,66,79554,58,370942
25859,0.00109,74.125.68.0-255,1484,81038,58,370942
25860,0.001095,172.31.46.0-255,66,81104,58,370942
25861,0.001121,74.125.68.0-255,2902,84006,58,370942
25862,0.001124,172.31.46.0-255,66,84072,58,370942
25863,0.001131,74.125.68.0-255,5738,89810,58,370942
25864,0.001133,172.31.46.0-255,66,89876,58,370942
25865,0.001136,74.125.68.0-255,1484,91360,58,370942
25866,0.001138,172.31.46.0-255,66,91426,58,370942
25867,0.001165,74.125.68.0-255,2902,94328,58,370942
25868,0.001168,172.31.46.0-255,66,94394,58,370942
25869,0.001171,74.125.68.0-255,1484,95878,58,370942
25870,0.001173,172.31.46.0-255,66,95944,58,370942
25871,0.001197,74.125.68.0-255,4320,100264,58,370942
25872,0.001201,74.125.68.0-255,1484,101748,58,370942
25873,0.001205,74.125.68.0-255,2902,104650,58,370942
25874,0.00122,172.31.46.0-255,66,104716,58,370942
25875,0.001231,74.125.68.0-255,5738,110454,58,370942
25876,0.001235,172.31.46.0-255,66,110520,58,370942
25877,0.001243,74.125.68.0-255,1484,112004,58,370942
25878,0.001291,74.125.68.0-255,2184,114188,58,370942
25879,0.001309,172.31.46.0-255,66,114254,58,370942
25880,0.001552,74.125.68.0-255,1484,115738,58,370942
25881,0.001575,74.125.68.0-255,2902,118640,58,370942
25882,0.00158,172.31.46.0-255,66,118706,58,370942
25883,0.001599,74.125.68.0-255,5738,124444,58,370942
25884,0.001624,74.125.68.0-255,4320,128764,58,370942
25885,0.001644,74.125.68.0-255,2902,131666,58,370942
25886,0.001646,74.125.68.0-255,1484,133150,58,370942
25887,0.001661,74.125.68.0-255,1484,134634,58,370942
25888,0.001671,74.125.68.0-255,1484,136118,58,370942
25889,0.001691,74.125.68.0-255,2902,139020,58,370942
25890,0.001706,74.125.68.0-255,2902,141922,58,370942
25891,0.001724,74.125.68.0-255,5738,147660,58,370942
25892,0.001736,74.125.68.0-255,766,148426,58,370942
25893,0.001989,74.125.68.0-255,1484,149910,58,370942
25894,0.001997,74.125.68.0-255,2902,152812,58,370942
25895,0.002018,74.125.68.0-255,4320,157132,58,370942
25896,0.002021,74.125.68.0-255,1484,158616,58,370942
25897,0.002038,74.125.68.0-255,7156,165772,58,370942
25898,0.00207,74.125.68.0-255,5738,171510,58,370942
25899,0.002073,74.125.68.0-255,1484,172994,58,370942
25900,0.002088,74.125.68.0-255,5738,178732,58,370942
25901,0.002106,74.125.68.0-255,2902,181634,58,370942
25902,0.002109,74.125.68.0-255,766,182400,58,370942
25903,0.002152,74.125.68.0-255,1484,183884,58,370942
25904,0.002175,74.125.68.0-255,2902,186786,58,370942
25905,0.00219,74.125.68.0-255,1484,188270,58,370942
25906,0.002206,74.125.68.0-255,1484,189754,58,370942
25907,0.002219,74.125.68.0-255,1484,191238,58,370942
25908,0.002235,74.125.68.0-255,1484,192722,58,370942
25909,0.002248,74.125.68.0-255,2902,195624,58,370942
25910,0.002263,74.125.68.0-255,1484,197108,58,370942
25911,0.002284,74.125.68.0-255,2902,200010,58,370942
25912,0.002297,74.125.68.0-255,1484,201494,58,370942
25913,0.002322,74.125.68.0-255,2902,204396,58,370942
25914,0.002343,74.125.68.0-255,2902,207298,58,370942
25915,0.002355,74.125.68.0-255,2902,210200,58,370942
25916,0.002357,74.125.68.0-255,1484,211684,58,370942
25917,0.002373,74.125.68.0-255,2902,214586,58,370942
25918,0.002407,74.125.68.0-255,2184,216770,58,370942
25919,0.002468,74.125.68.0-255,1484,218254,58,370942
25920,0.002474,74.125.68.0-255,1484,219738,58,370942
25921,0.002489,74.125.68.0-255,1484,221222,58,370942
25922,0.002492,74.125.68.0-255,1484,222706,58,370942
25923,0.002508,74.125.68.0-255,1484,224190,58,370942
25924,0.002522,74.125.68.0-255,1484,225674,58,370942
25925,0.00256,74.125.68.0-255,4320,229994,58,370942
25926,0.002563,74.125.68.0-255,1484,231478,58,370942
25927,0.002577,74.125.68.0-255,1484,232962,58,370942
25928,0.002601,74.125.68.0-255,4320,237282,58,370942
25929,0.002613,74.125.68.0-255,2902,240184,58,370942
25930,0.00263,74.125.68.0-255,2902,243086,58,370942
25931,0.002652,74.125.68.0-255,5738,248824,58,370942
25932,0.002699,74.125.68.0-255,1484,250308,58,370942
25933,0.002702,74.125.68.0-255,766,251074,58,370942
25934,0.00272,74.125.68.0-255,1484,252558,58,370942
25935,0.002737,74.125.68.0-255,4320,256878,58,370942
25936,0.00274,74.125.68.0-255,1484,258362,58,370942
25937,0.002754,74.125.68.0-255,1484,259846,58,370942
25938,0.002767,74.125.68.0-255,4320,264166,58,370942
25939,0.002804,74.125.68.0-255,1484,265650,58,370942
25940,0.002822,74.125.68.0-255,7156,272806,58,370942
25941,0.002827,74.125.68.0-255,2902,275708,58,370942
25942,0.00283,74.125.68.0-255,1484,277192,58,370942
25943,0.002847,74.125.68.0-255,2902,280094,58,370942
25944,0.002876,74.125.68.0-255,5020,285114,58,370942
25945,0.002878,74.125.68.0-255,1484,286598,58,370942
25946,0.002894,74.125.68.0-255,4320,290918,58,370942
25947,0.002915,74.125.68.0-255,2902,293820,58,370942
25948,0.002929,74.125.68.0-255,7156,300976,58,370942
25949,0.00294,74.125.68.0-255,2902,303878,58,370942
25950,0.002945,74.125.68.0-255,2902,306780,58,370942
25951,0.002974,74.125.68.0-255,766,307546,58,370942
25952,0.003028,74.125.68.0-255,1484,309030,58,370942
25953,0.003041,74.125.68.0-255,2902,311932,58,370942
25954,0.003063,74.125.68.0-255,5738,317670,58,370942
25955,0.003067,74.125.68.0-255,2902,320572,58,370942
25956,0.003081,74.125.68.0-255,2902,323474,58,370942
25957,0.003093,74.125.68.0-255,1484,324958,58,370942
25958,0.003109,74.125.68.0-255,1484,326442,58,370942
25959,0.003126,74.125.68.0-255,7156,333598,58,370942
25960,0.003129,74.125.68.0-255,1484,335082,58,370942
25961,0.003133,74.125.68.0-255,2902,337984,58,370942
25962,0.003136,74.125.68.0-255,1484,339468,58,370942
25963,0.003153,74.125.68.0-255,1484,340952,58,370942
25964,0.003156,74.125.68.0-255,766,341718,58,370942
25965,0.003499,74.125.68.0-255,1484,343202,58,370942
25966,0.003514,74.125.68.0-255,2902,346104,58,370942
25967,0.003517,74.125.68.0-255,1484,347588,58,370942
25968,0.00354,74.125.68.0-255,1484,349072,58,370942
25969,0.003553,74.125.68.0-255,1484,350556,58,370942
25970,0.003569,74.125.68.0-255,2902,353458,58,370942
25971,0.003581,74.125.68.0-255,2902,356360,58,370942
25972,0.003584,74.125.68.0-255,1484,357844,58,370942
25973,0.003601,74.125.68.0-255,2902,360746,58,370942
25974,0.003618,74.125.68.0-255,2902,363648,58,370942
25975,0.003638,74.125.68.0-255,2902,366550,58,370942
25976,0.00364,74.125.68.0-255,1484,368034,58,370942
25977,0.003656,74.125.68.0-255,2469,370503,58,370942
25978,0.003659,74.125.68.0-255,97,370600,58,370942
25979,0.003763,74.125.68.0-255,105,370705,58,370942
25980,0.008294,172.31.46.0-255,66,370771,58,370942
25981,0.010623,172.31.46.0-255,105,370876,58,370942
25982,0.012625,74.125.68.0-255,66,370942,58,370942
25983,0.0,172.217.194.0-255,153,153,58,166393
25984,2.2e-05,172.31.46.0-255,66,219,58,166393
25985,2.9e-05,172.217.194.0-255,1484,1703,58,166393
25986,3.3e-05,172.31.46.0-255,66,1769,58,166393
25987,3.8e-05,172.217.194.0-255,2902,4671,58,166393
25988,4.1e-05,172.31.46.0-255,66,4737,58,166393
25989,4.6e-05,172.217.194.0-255,2902,7639,58,166393
25990,4.9e-05,172.31.46.0-255,66,7705,58,166393
25991,8.4e-05,172.217.194.0-255,6364,14069,58,166393
25992,8.7e-05,172.31.46.0-255,66,14135,58,166393
25993,0.000137,172.217.194.0-255,1484,15619,58,166393
25994,0.00014,172.31.46.0-255,66,15685,58,166393
25995,0.000144,172.217.194.0-255,2902,18587,58,166393
25996,0.000146,172.31.46.0-255,66,18653,58,166393
25997,0.000165,172.217.194.0-255,1484,20137,58,166393
25998,0.000167,172.31.46.0-255,66,20203,58,166393
25999,0.000189,172.217.194.0-255,4320,24523,58,166393
26000,0.000191,172.31.46.0-255,66,24589,58,166393
26001,0.000198,172.217.194.0-255,6797,31386,58,166393
26002,0.0002,172.31.46.0-255,66,31452,58,166393
26003,0.000632,172.217.194.0-255,1484,32936,58,166393
26004,0.000639,172.31.46.0-255,66,33002,58,166393
26005,0.000645,172.217.194.0-255,2902,35904,58,166393
26006,0.000647,172.31.46.0-255,66,35970,58,166393
26007,0.000664,172.217.194.0-255,2902,38872,58,166393
26008,0.000667,172.31.46.0-255,66,38938,58,166393
26009,0.000672,172.217.194.0-255,4320,43258,58,166393
26010,0.000674,172.31.46.0-255,66,43324,58,166393
26011,0.000701,172.31.46.0-255,66,43390,58,166393
26012,0.000707,172.217.194.0-255,5738,49128,58,166393
26013,0.000709,172.31.46.0-255,66,49194,58,166393
26014,0.000763,172.217.194.0-255,4320,53514,58,166393
26015,0.000775,172.31.46.0-255,66,53580,58,166393
26016,0.000785,172.217.194.0-255,2543,56123,58,166393
26017,0.00079,172.31.46.0-255,66,56189,58,166393
26018,0.001439,172.217.194.0-255,646,56835,58,166393
26019,0.001695,172.217.194.0-255,1484,58319,58,166393
26020,0.001702,172.31.46.0-255,66,58385,58,166393
26021,0.001709,172.217.194.0-255,2902,61287,58,166393
26022,0.001712,172.217.194.0-255,1484,62771,58,166393
26023,0.001734,172.217.194.0-255,4320,67091,58,166393
26024,0.001742,172.217.194.0-255,7156,74247,58,166393
26025,0.001781,172.217.194.0-255,2902,77149,58,166393
26026,0.001804,172.217.194.0-255,2184,79333,58,166393
26027,0.001931,172.217.194.0-255,1484,80817,58,166393
26028,0.001959,172.217.194.0-255,1484,82301,58,166393
26029,0.001974,172.217.194.0-255,1484,83785,58,166393
26030,0.001978,172.217.194.0-255,2902,86687,58,166393
26031,0.001989,172.217.194.0-255,2902,89589,58,166393
26032,0.002007,172.217.194.0-255,4320,93909,58,166393
26033,0.002035,172.217.194.0-255,7156,101065,58,166393
26034,0.002091,172.217.194.0-255,1484,102549,58,166393
26035,0.002096,172.217.194.0-255,2902,105451,58,166393
26036,0.002103,172.217.194.0-255,5738,111189,58,166393
26037,0.002107,172.217.194.0-255,2902,114091,58,166393
26038,0.005334,172.31.46.0-255,66,114157,58,166393
26039,0.007436,172.217.194.0-255,5738,119895,58,166393
26040,0.007447,172.31.46.0-255,66,119961,58,166393
26041,0.00955,172.217.194.0-255,5738,125699,58,166393
26042,0.00956,172.31.46.0-255,66,125765,58,166393
26043,0.011668,172.217.194.0-255,5738,131503,58,166393
26044,0.015383,172.31.46.0-255,66,131569,58,166393
26045,0.017509,172.217.194.0-255,5738,137307,58,166393
26046,0.017524,172.31.46.0-255,66,137373,58,166393
26047,0.019627,172.217.194.0-255,5738,143111,58,166393
26048,0.019638,172.31.46.0-255,66,143177,58,166393
26049,0.021733,172.217.194.0-255,5738,148915,58,166393
26050,0.021747,172.31.46.0-255,66,148981,58,166393
26051,0.023883,172.217.194.0-255,5738,154719,58,166393
26052,0.023894,172.31.46.0-255,66,154785,58,166393
26053,0.025986,172.217.194.0-255,5738,160523,58,166393
26054,0.025996,172.31.46.0-255,66,160589,58,166393
26055,0.028094,172.217.194.0-255,5738,166327,58,166393
26056,0.028107,172.31.46.0-255,66,166393,58,166393
26057,0.0,74.125.24.0-255,152,152,58,193746
26058,1.7e-05,172.31.46.0-255,66,218,58,193746
26059,2.3e-05,74.125.24.0-255,1484,1702,58,193746
26060,2.8e-05,172.31.46.0-255,66,1768,58,193746
26061,3.3e-05,74.125.24.0-255,2902,4670,58,193746
26062,4.3e-05,172.31.46.0-255,66,4736,58,193746
26063,5e-05,74.125.24.0-255,7156,11892,58,193746
26064,5.3e-05,172.31.46.0-255,66,11958,58,193746
26065,8.4e-05,74.125.24.0-255,2075,14033,58,193746
26066,8.7e-05,172.31.46.0-255,66,14099,58,193746
26067,9.1e-05,74.125.24.0-255,2902,17001,58,193746
26068,9.3e-05,172.31.46.0-255,66,17067,58,193746
26069,0.0001,74.125.24.0-255,7156,24223,58,193746
26070,0.000102,172.31.46.0-255,66,24289,58,193746
26071,0.000141,74.125.24.0-255,6797,31086,58,193746
26072,0.000143,172.31.46.0-255,66,31152,58,193746
26073,0.000148,74.125.24.0-255,2902,34054,58,193746
26074,0.00015,172.31.46.0-255,66,34120,58,193746
26075,0.000183,74.125.24.0-255,4320,38440,58,193746
26076,0.000186,172.31.46.0-255,66,38506,58,193746
26077,0.000196,172.31.46.0-255,66,38572,58,193746
26078,0.001015,74.125.24.0-255,1484,40056,58,193746
26079,0.001021,172.31.46.0-255,66,40122,58,193746
26080,0.001031,74.125.24.0-255,2902,43024,58,193746
26081,0.001033,172.31.46.0-255,66,43090,58,193746
26082,0.001045,74.125.24.0-255,5738,48828,58,193746
26083,0.001047,172.31.46.0-255,66,48894,58,193746
26084,0.001082,74.125.24.0-255,6797,55691,58,193746
26085,0.001084,172.31.46.0-255,66,55757,58,193746
26086,0.001166,74.125.24.0-255,1484,57241,58,193746
26087,0.00117,172.31.46.0-255,66,57307,58,193746
26088,0.001174,74.125.24.0-255,1484,58791,58,193746
26089,0.001197,74.125.24.0-255,1484,60275,58,193746
26090,0.001204,74.125.24.0-255,5738,66013,58,193746
26091,0.00126,74.125.24.0-255,2543,68556,58,193746
26092,0.001275,74.125.24.0-255,290,68846,58,193746
26093,0.001602,74.125.24.0-255,1484,70330,58,193746
26094,0.001609,74.125.24.0-255,2902,73232,58,193746
26095,0.001617,74.125.24.0-255,5738,78970,58,193746
26096,0.001631,172.31.46.0-255,66,79036,58,193746
26097,0.001638,74.125.24.0-255,5738,84774,58,193746
26098,0.001644,172.31.46.0-255,66,84840,58,193746
26099,0.00167,74.125.24.0-255,7156,91996,58,193746
26100,0.001688,74.125.24.0-255,4320,96316,58,193746
26101,0.001709,74.125.24.0-255,6438,102754,58,193746
26102,0.001722,172.31.46.0-255,66,102820,58,193746
26103,0.001934,74.125.24.0-255,1484,104304,58,193746
26104,0.00194,74.125.24.0-255,2902,107206,58,193746
26105,0.001953,172.31.46.0-255,66,107272,58,193746
26106,0.001966,74.125.24.0-255,4320,111592,58,193746
26107,0.001988,74.125.24.0-255,1484,113076,58,193746
26108,0.002002,74.125.24.0-255,1484,114560,58,193746
26109,0.002017,74.125.24.0-255,4320,118880,58,193746
26110,0.002023,172.31.46.0-255,66,118946,58,193746
26111,0.002051,74.125.24.0-255,5020,123966,58,193746
26112,0.002064,172.31.46.0-255,66,124032,58,193746
26113,0.004358,74.125.24.0-255,5738,129770,58,193746
26114,0.004364,172.31.46.0-255,66,129836,58,193746
26115,0.006633,74.125.24.0-255,5738,135574,58,193746
26116,0.006638,172.31.46.0-255,66,135640,58,193746
26117,0.008918,74.125.24.0-255,5738,141378,58,193746
26118,0.008924,172.31.46.0-255,66,141444,58,193746
26119,0.011225,74.125.24.0-255,5738,147182,58,193746
26120,0.011234,172.31.46.0-255,66,147248,58,193746
26121,0.01352,74.125.24.0-255,5738,152986,58,193746
26122,0.013527,172.31.46.0-255,66,153052,58,193746
26123,0.015817,74.125.24.0-255,5738,158790,58,193746
26124,0.015824,172.31.46.0-255,66,158856,58,193746
26125,0.018105,74.125.24.0-255,5738,164594,58,193746
26126,0.018113,172.31.46.0-255,66,164660,58,193746
26127,0.020403,74.125.24.0-255,5738,170398,58,193746
26128,0.02041,172.31.46.0-255,66,170464,58,193746
26129,0.022692,74.125.24.0-255,5738,176202,58,193746
26130,0.022699,172.31.46.0-255,66,176268,58,193746
26131,0.024984,74.125.24.0-255,5738,182006,58,193746
26132,0.024992,172.31.46.0-255,66,182072,58,193746
26133,0.027315,74.125.24.0-255,5738,187810,58,193746
26134,0.027324,172.31.46.0-255,66,187876,58,193746
26135,0.029583,74.125.24.0-255,4320,192196,58,193746
26136,0.029591,172.31.46.0-255,66,192262,58,193746
26137,0.029621,74.125.24.0-255,1484,193746,58,193746
26138,0.0,74.125.200.0-255,156,156,58,204709
26139,2.4e-05,172.31.46.0-255,66,222,58,204709
26140,5.8e-05,74.125.200.0-255,1484,1706,58,204709
26141,6.3e-05,172.31.46.0-255,66,1772,58,204709
26142,6.9e-05,74.125.200.0-255,2902,4674,58,204709
26143,7.2e-05,172.31.46.0-255,66,4740,58,204709
26144,9.2e-05,74.125.200.0-255,2902,7642,58,204709
26145,9.5e-05,172.31.46.0-255,66,7708,58,204709
26146,0.00012,74.125.200.0-255,2902,10610,58,204709
26147,0.000123,172.31.46.0-255,66,10676,58,204709
26148,0.000127,74.125.200.0-255,2902,13578,58,204709
26149,0.000129,172.31.46.0-255,66,13644,58,204709
26150,0.000135,74.125.200.0-255,4320,17964,58,204709
26151,0.000137,172.31.46.0-255,66,18030,58,204709
26152,0.000161,74.125.200.0-255,6300,24330,58,204709
26153,0.000163,172.31.46.0-255,66,24396,58,204709
26154,0.00017,74.125.200.0-255,5738,30134,58,204709
26155,0.000172,172.31.46.0-255,66,30200,58,204709
26156,0.000175,74.125.200.0-255,1125,31325,58,204709
26157,0.000177,172.31.46.0-255,66,31391,58,204709
26158,0.00046,74.125.200.0-255,1484,32875,58,204709
26159,0.000466,172.31.46.0-255,66,32941,58,204709
26160,0.000472,74.125.200.0-255,2902,35843,58,204709
26161,0.000476,172.31.46.0-255,66,35909,58,204709
26162,0.000482,74.125.200.0-255,5738,41647,58,204709
26163,0.000485,172.31.46.0-255,66,41713,58,204709
26164,0.000505,74.125.200.0-255,2902,44615,58,204709
26165,0.000507,172.31.46.0-255,66,44681,58,204709
26166,0.000512,74.125.200.0-255,3961,48642,58,204709
26167,0.000515,172.31.46.0-255,66,48708,58,204709
26168,0.000536,74.125.200.0-255,2902,51610,58,204709
26169,0.000538,172.31.46.0-255,66,51676,58,204709
26170,0.000556,74.125.200.0-255,1484,53160,58,204709
26171,0.000577,74.125.200.0-255,2902,56062,58,204709
26172,0.00058,172.31.46.0-255,66,56128,58,204709
26173,0.000586,74.125.200.0-255,5738,61866,58,204709
26174,0.000588,172.31.46.0-255,66,61932,58,204709
26175,0.000601,74.125.200.0-255,2902,64834,58,204709
26176,0.000604,172.31.46.0-255,66,64900,58,204709
26177,0.000638,74.125.200.0-255,1437,66337,58,204709
26178,0.000783,74.125.200.0-255,108,66445,58,204709
26179,0.000829,74.125.200.0-255,1484,67929,58,204709
26180,0.000834,172.31.46.0-255,66,67995,58,204709
26181,0.000855,74.125.200.0-255,2902,70897,58,204709
26182,0.000857,172.31.46.0-255,66,70963,58,204709
26183,0.000873,74.125.200.0-255,5738,76701,58,204709
26184,0.000875,172.31.46.0-255,66,76767,58,204709
26185,0.000904,74.125.200.0-255,4320,81087,58,204709
26186,0.000908,172.31.46.0-255,66,81153,58,204709
26187,0.000914,74.125.200.0-255,5738,86891,58,204709
26188,0.000917,172.31.46.0-255,66,86957,58,204709
26189,0.000958,172.31.46.0-255,66,87023,58,204709
26190,0.000998,74.125.200.0-255,3602,90625,58,204709
26191,0.001002,172.31.46.0-255,66,90691,58,204709
26192,0.001446,74.125.200.0-255,1484,92175,58,204709
26193,0.001454,74.125.200.0-255,2902,95077,58,204709
26194,0.001458,172.31.46.0-255,66,95143,58,204709
26195,0.001485,74.125.200.0-255,5738,100881,58,204709
26196,0.001487,172.31.46.0-255,66,100947,58,204709
26197,0.001508,74.125.200.0-255,4320,105267,58,204709
26198,0.00151,172.31.46.0-255,66,105333,58,204709
26199,0.001545,74.125.200.0-255,5738,111071,58,204709
26200,0.001548,172.31.46.0-255,66,111137,58,204709
26201,0.001561,172.31.46.0-255,66,111203,58,204709
26202,0.001565,74.125.200.0-255,2184,113387,58,204709
26203,0.001567,172.31.46.0-255,66,113453,58,204709
26204,0.001927,74.125.200.0-255,1484,114937,58,204709
26205,0.001942,74.125.200.0-255,2902,117839,58,204709
26206,0.001945,172.31.46.0-255,66,117905,58,204709
26207,0.001963,74.125.200.0-255,1484,119389,58,204709
26208,0.001976,74.125.200.0-255,2902,122291,58,204709
26209,0.001979,172.31.46.0-255,66,122357,58,204709
26210,0.001993,74.125.200.0-255,1484,123841,58,204709
26211,0.002,74.125.200.0-255,7156,130997,58,204709
26212,0.002002,172.31.46.0-255,66,131063,58,204709
26213,0.002034,74.125.200.0-255,1484,132547,58,204709
26214,0.002063,172.31.46.0-255,66,132613,58,204709
26215,0.00209,74.125.200.0-255,2902,135515,58,204709
26216,0.002094,172.31.46.0-255,66,135581,58,204709
26217,0.002109,74.125.200.0-255,766,136347,58,204709
26218,0.002336,74.125.200.0-255,1484,137831,58,204709
26219,0.00234,172.31.46.0-255,66,137897,58,204709
26220,0.00236,74.125.200.0-255,2902,140799,58,204709
26221,0.002363,172.31.46.0-255,66,140865,58,204709
26222,0.004676,74.125.200.0-255,5738,146603,58,204709
26223,0.004686,172.31.46.0-255,66,146669,58,204709
26224,0.007058,74.125.200.0-255,5738,152407,58,204709
26225,0.007068,172.31.46.0-255,66,152473,58,204709
26226,0.009395,74.125.200.0-255,5738,158211,58,204709
26227,0.009403,172.31.46.0-255,66,158277,58,204709
26228,0.011726,74.125.200.0-255,5738,164015,58,204709
26229,0.011739,172.31.46.0-255,66,164081,58,204709
26230,0.014076,74.125.200.0-255,5738,169819,58,204709
26231,0.014095,172.31.46.0-255,66,169885,58,204709
26232,0.016436,74.125.200.0-255,5738,175623,58,204709
26233,0.016453,172.31.46.0-255,66,175689,58,204709
26234,0.018774,74.125.200.0-255,5738,181427,58,204709
26235,0.018783,172.31.46.0-255,66,181493,58,204709
26236,0.021106,74.125.200.0-255,5738,187231,58,204709
26237,0.021121,172.31.46.0-255,66,187297,58,204709
26238,0.023461,74.125.200.0-255,5738,193035,58,204709
26239,0.023469,172.31.46.0-255,66,193101,58,204709
26240,0.025824,74.125.200.0-255,5738,198839,58,204709
26241,0.025842,172.31.46.0-255,66,198905,58,204709
26242,0.028173,74.125.200.0-255,5738,204643,58,204709
26243,0.02819,172.31.46.0-255,66,204709,58,204709
26244,0.0,74.125.24.0-255,146,146,58,180271
26245,2.7e-05,172.31.46.0-255,66,212,58,180271
26246,3.5e-05,74.125.24.0-255,1484,1696,58,180271
26247,4e-05,172.31.46.0-255,66,1762,58,180271
26248,4.6e-05,74.125.24.0-255,2902,4664,58,180271
26249,4.9e-05,172.31.46.0-255,66,4730,58,180271
26250,5.8e-05,74.125.24.0-255,7156,11886,58,180271
26251,6.9e-05,172.31.46.0-255,66,11952,58,180271
26252,7.3e-05,74.125.24.0-255,1976,13928,58,180271
26253,7.6e-05,172.31.46.0-255,66,13994,58,180271
26254,9.1e-05,172.31.46.0-255,66,14060,58,180271
26255,0.000144,74.125.24.0-255,7156,21216,58,180271
26256,0.000147,172.31.46.0-255,66,21282,58,180271
26257,0.000212,172.31.46.0-255,66,21348,58,180271
26258,0.00022,74.125.24.0-255,6438,27786,58,180271
26259,0.000223,172.31.46.0-255,66,27852,58,180271
26260,0.00023,74.125.24.0-255,7156,35008,58,180271
26261,0.000232,172.31.46.0-255,66,35074,58,180271
26262,0.00027,74.125.24.0-255,7071,42145,58,180271
26263,0.000274,172.31.46.0-255,66,42211,58,180271
26264,0.000448,74.125.24.0-255,1484,43695,58,180271
26265,0.000454,172.31.46.0-255,66,43761,58,180271
26266,0.000459,74.125.24.0-255,2902,46663,58,180271
26267,0.000462,172.31.46.0-255,66,46729,58,180271
26268,0.000467,74.125.24.0-255,5738,52467,58,180271
26269,0.000475,172.31.46.0-255,66,52533,58,180271
26270,0.000508,74.125.24.0-255,7091,59624,58,180271
26271,0.000512,172.31.46.0-255,66,59690,58,180271
26272,0.000623,74.125.24.0-255,1484,61174,58,180271
26273,0.000627,172.31.46.0-255,66,61240,58,180271
26274,0.000631,74.125.24.0-255,1484,62724,58,180271
26275,0.000652,74.125.24.0-255,1484,64208,58,180271
26276,0.000655,172.31.46.0-255,66,64274,58,180271
26277,0.000663,74.125.24.0-255,5738,70012,58,180271
26278,0.000665,172.31.46.0-255,66,70078,58,180271
26279,0.000672,74.125.24.0-255,5738,75816,58,180271
26280,0.000675,172.31.46.0-255,66,75882,58,180271
26281,0.000707,74.125.24.0-255,4320,80202,58,180271
26282,0.000709,172.31.46.0-255,66,80268,58,180271
26283,0.000724,172.31.46.0-255,66,80334,58,180271
26284,0.000751,74.125.24.0-255,2184,82518,58,180271
26285,0.000755,172.31.46.0-255,66,82584,58,180271
26286,0.001095,74.125.24.0-255,1484,84068,58,180271
26287,0.001102,74.125.24.0-255,2902,86970,58,180271
26288,0.001106,172.31.46.0-255,66,87036,58,180271
26289,0.00114,74.125.24.0-255,5738,92774,58,180271
26290,0.001143,172.31.46.0-255,66,92840,58,180271
26291,0.001149,74.125.24.0-255,4320,97160,58,180271
26292,0.001151,172.31.46.0-255,66,97226,58,180271
26293,0.001157,74.125.24.0-255,2902,100128,58,180271
26294,0.001158,172.31.46.0-255,66,100194,58,180271
26295,0.001198,172.31.46.0-255,66,100260,58,180271
26296,0.001209,172.31.46.0-255,66,100326,58,180271
26297,0.001306,74.125.24.0-255,1484,101810,58,180271
26298,0.001312,74.125.24.0-255,2902,104712,58,180271
26299,0.001315,172.31.46.0-255,66,104778,58,180271
26300,0.001337,74.125.24.0-255,5738,110516,58,180271
26301,0.001382,172.31.46.0-255,66,110582,58,180271
26302,0.001426,172.31.46.0-255,66,110648,58,180271
26303,0.001439,172.31.46.0-255,66,110714,58,180271
26304,0.001457,172.31.46.0-255,66,110780,58,180271
26305,0.00147,172.31.46.0-255,66,110846,58,180271
26306,0.001472,74.125.24.0-255,1484,112330,58,180271
26307,0.001503,172.31.46.0-255,66,112396,58,180271
26308,0.001506,74.125.24.0-255,766,113162,58,180271
26309,0.00172,74.125.24.0-255,1484,114646,58,180271
26310,0.001724,172.31.46.0-255,66,114712,58,180271
26311,0.001757,74.125.24.0-255,2902,117614,58,180271
26312,0.00176,172.31.46.0-255,66,117680,58,180271
26313,0.001767,74.125.24.0-255,5738,123418,58,180271
26314,0.001769,172.31.46.0-255,66,123484,58,180271
26315,0.001792,74.125.24.0-255,1484,124968,58,180271
26316,0.00183,172.31.46.0-255,66,125034,58,180271
26317,0.001844,172.31.46.0-255,66,125100,58,180271
26318,0.001872,74.125.24.0-255,1484,126584,58,180271
26319,0.001877,74.125.24.0-255,2184,128768,58,180271
26320,0.00188,172.31.46.0-255,66,128834,58,180271
26321,0.001968,74.125.24.0-255,1484,130318,58,180271
26322,0.001974,74.125.24.0-255,2902,133220,58,180271
26323,0.001977,172.31.46.0-255,66,133286,58,180271
26324,0.001982,74.125.24.0-255,2902,136188,58,180271
26325,0.001984,172.31.46.0-255,66,136254,58,180271
26326,0.002017,74.125.24.0-255,2902,139156,58,180271
26327,0.00202,172.31.46.0-255,66,139222,58,180271
26328,0.002039,172.31.46.0-255,66,139288,58,180271
26329,0.002052,172.31.46.0-255,66,139354,58,180271
26330,0.002065,172.31.46.0-255,66,139420,58,180271
26331,0.002113,172.31.46.0-255,66,139486,58,180271
26332,0.002124,172.31.46.0-255,66,139552,58,180271
26333,0.002127,74.125.24.0-255,1484,141036,58,180271
26334,0.00213,74.125.24.0-255,1484,142520,58,180271
26335,0.002133,172.31.46.0-255,66,142586,58,180271
26336,0.002173,74.125.24.0-255,1484,144070,58,180271
26337,0.00218,74.125.24.0-255,5738,149808,58,180271
26338,0.002183,172.31.46.0-255,66,149874,58,180271
26339,0.002198,172.31.46.0-255,66,149940,58,180271
26340,0.002247,172.31.46.0-255,66,150006,58,180271
26341,0.002276,74.125.24.0-255,2184,152190,58,180271
26342,0.002278,172.31.46.0-255,66,152256,58,180271
26343,0.002322,74.125.24.0-255,1484,153740,58,180271
26344,0.002328,74.125.24.0-255,2902,156642,58,180271
26345,0.002331,172.31.46.0-255,66,156708,58,180271
26346,0.002363,74.125.24.0-255,5738,162446,58,180271
26347,0.002366,172.31.46.0-255,66,162512,58,180271
26348,0.002403,172.31.46.0-255,66,162578,58,180271
26349,0.002435,74.125.24.0-255,1484,164062,58,180271
26350,0.002444,74.125.24.0-255,7156,171218,58,180271
26351,0.002446,172.31.46.0-255,66,171284,58,180271
26352,0.002451,74.125.24.0-255,3602,174886,58,180271
26353,0.002454,172.31.46.0-255,66,174952,58,180271
26354,0.002464,172.31.46.0-255,66,175018,58,180271
26355,0.002491,74.125.24.0-255,4748,179766,58,180271
26356,0.002494,74.125.24.0-255,97,179863,58,180271
26357,0.002511,172.31.46.0-255,66,179929,58,180271
26358,0.002564,74.125.24.0-255,105,180034,58,180271
26359,0.009266,172.31.46.0-255,66,180100,58,180271
26360,0.009311,172.31.46.0-255,105,180205,58,180271
26361,0.011578,74.125.24.0-255,66,180271,58,180271
26362,0.0,74.125.24.0-255,153,153,58,272980
26363,3e-05,172.31.46.0-255,66,219,58,272980
26364,3.8e-05,74.125.24.0-255,1484,1703,58,272980
26365,4.2e-05,172.31.46.0-255,66,1769,58,272980
26366,4.7e-05,74.125.24.0-255,2902,4671,58,272980
26367,4.9e-05,172.31.46.0-255,66,4737,58,272980
26368,5.5e-05,74.125.24.0-255,5738,10475,58,272980
26369,5.8e-05,172.31.46.0-255,66,10541,58,272980
26370,9.8e-05,74.125.24.0-255,3471,14012,58,272980
26371,0.0001,172.31.46.0-255,66,14078,58,272980
26372,0.000147,74.125.24.0-255,1484,15562,58,272980
26373,0.000151,172.31.46.0-255,66,15628,58,272980
26374,0.000155,74.125.24.0-255,2902,18530,58,272980
26375,0.000157,172.31.46.0-255,66,18596,58,272980
26376,0.000181,74.125.24.0-255,5738,24334,58,272980
26377,0.000184,172.31.46.0-255,66,24400,58,272980
26378,0.00019,74.125.24.0-255,2902,27302,58,272980
26379,0.000191,172.31.46.0-255,66,27368,58,272980
26380,0.000248,74.125.24.0-255,3961,31329,58,272980
26381,0.000252,172.31.46.0-255,66,31395,58,272980
26382,0.000286,74.125.24.0-255,4320,35715,58,272980
26383,0.000289,172.31.46.0-255,66,35781,58,272980
26384,0.000326,74.125.24.0-255,5738,41519,58,272980
26385,0.000328,172.31.46.0-255,66,41585,58,272980
26386,0.000331,74.125.24.0-255,1484,43069,58,272980
26387,0.000333,172.31.46.0-255,66,43135,58,272980
26388,0.000353,74.125.24.0-255,5379,48514,58,272980
26389,0.000356,172.31.46.0-255,66,48580,58,272980
26390,0.001274,74.125.24.0-255,1484,50064,58,272980
26391,0.001284,172.31.46.0-255,66,50130,58,272980
26392,0.001296,74.125.24.0-255,2902,53032,58,272980
26393,0.001298,172.31.46.0-255,66,53098,58,272980
26394,0.001305,74.125.24.0-255,5738,58836,58,272980
26395,0.001307,172.31.46.0-255,66,58902,58,272980
26396,0.001314,74.125.24.0-255,6797,65699,58,272980
26397,0.001317,172.31.46.0-255,66,65765,58,272980
26398,0.001399,74.125.24.0-255,1484,67249,58,272980
26399,0.001419,74.125.24.0-255,2902,70151,58,272980
26400,0.001424,172.31.46.0-255,66,70217,58,272980
26401,0.001433,74.125.24.0-255,5738,75955,58,272980
26402,0.001435,172.31.46.0-255,66,76021,58,272980
26403,0.001462,74.125.24.0-255,7156,83177,58,272980
26404,0.001464,172.31.46.0-255,66,83243,58,272980
26405,0.001474,74.125.24.0-255,287,83530,58,272980
26406,0.001509,74.125.24.0-255,7156,90686,58,272980
26407,0.001513,172.31.46.0-255,66,90752,58,272980
26408,0.001539,172.31.46.0-255,66,90818,58,272980
26409,0.001555,74.125.24.0-255,1125,91943,58,272980
26410,0.001885,172.31.46.0-255,66,92009,58,272980
26411,0.002033,74.125.24.0-255,1484,93493,58,272980
26412,0.002041,74.125.24.0-255,2902,96395,58,272980
26413,0.002044,172.31.46.0-255,66,96461,58,272980
26414,0.002051,74.125.24.0-255,5738,102199,58,272980
26415,0.002053,172.31.46.0-255,66,102265,58,272980
26416,0.002082,172.31.46.0-255,66,102331,58,272980
26417,0.002121,74.125.24.0-255,4320,106651,58,272980
26418,0.002124,172.31.46.0-255,66,106717,58,272980
26419,0.002153,172.31.46.0-255,66,106783,58,272980
26420,0.002292,74.125.24.0-255,1484,108267,58,272980
26421,0.002305,74.125.24.0-255,2902,111169,58,272980
26422,0.002309,172.31.46.0-255,66,111235,58,272980
26423,0.002312,74.125.24.0-255,1484,112719,58,272980
26424,0.002327,74.125.24.0-255,2902,115621,58,272980
26425,0.002329,172.31.46.0-255,66,115687,58,272980
26426,0.002332,74.125.24.0-255,1484,117171,58,272980
26427,0.002376,172.31.46.0-255,66,117237,58,272980
26428,0.00238,74.125.24.0-255,2902,120139,58,272980
26429,0.002381,172.31.46.0-255,66,120205,58,272980
26430,0.002384,74.125.24.0-255,1484,121689,58,272980
26431,0.002399,74.125.24.0-255,4320,126009,58,272980
26432,0.002401,172.31.46.0-255,66,126075,58,272980
26433,0.002403,74.125.24.0-255,1484,127559,58,272980
26434,0.002431,74.125.24.0-255,5020,132579,58,272980
26435,0.002434,172.31.46.0-255,66,132645,58,272980
26436,0.003176,74.125.24.0-255,1484,134129,58,272980
26437,0.003205,74.125.24.0-255,2902,137031,58,272980
26438,0.003208,172.31.46.0-255,66,137097,58,272980
26439,0.003229,74.125.24.0-255,4320,141417,58,272980
26440,0.003231,172.31.46.0-255,66,141483,58,272980
26441,0.003245,74.125.24.0-255,1484,142967,58,272980
26442,0.003248,74.125.24.0-255,1484,144451,58,272980
26443,0.00325,172.31.46.0-255,66,144517,58,272980
26444,0.003273,74.125.24.0-255,1484,146001,58,272980
26445,0.003278,74.125.24.0-255,4320,150321,58,272980
26446,0.003279,172.31.46.0-255,66,150387,58,272980
26447,0.003285,74.125.24.0-255,4320,154707,58,272980
26448,0.003286,172.31.46.0-255,66,154773,58,272980
26449,0.003314,74.125.24.0-255,5738,160511,58,272980
26450,0.003316,172.31.46.0-255,66,160577,58,272980
26451,0.003332,74.125.24.0-255,1484,162061,58,272980
26452,0.003354,74.125.24.0-255,5020,167081,58,272980
26453,0.003358,172.31.46.0-255,66,167147,58,272980
26454,0.003532,74.125.24.0-255,1484,168631,58,272980
26455,0.003547,74.125.24.0-255,2902,171533,58,272980
26456,0.00355,172.31.46.0-255,66,171599,58,272980
26457,0.003561,74.125.24.0-255,2902,174501,58,272980
26458,0.003562,172.31.46.0-255,66,174567,58,272980
26459,0.003578,74.125.24.0-255,2902,177469,58,272980
26460,0.00358,172.31.46.0-255,66,177535,58,272980
26461,0.003583,74.125.24.0-255,1484,179019,58,272980
26462,0.003618,172.31.46.0-255,66,179085,58,272980
26463,0.003622,74.125.24.0-255,4320,183405,58,272980
26464,0.003625,172.31.46.0-255,66,183471,58,272980
26465,0.003628,74.125.24.0-255,1484,184955,58,272980
26466,0.003633,74.125.24.0-255,5020,189975,58,272980
26467,0.003635,172.31.46.0-255,66,190041,58,272980
26468,0.00375,74.125.24.0-255,1484,191525,58,272980
26469,0.003752,74.125.24.0-255,1484,193009,58,272980
26470,0.003754,172.31.46.0-255,66,193075,58,272980
26471,0.003774,74.125.24.0-255,4320,197395,58,272980
26472,0.003776,172.31.46.0-255,66,197461,58,272980
26473,0.00382,74.125.24.0-255,7156,204617,58,272980
26474,0.003823,172.31.46.0-255,66,204683,58,272980
26475,0.003834,172.31.46.0-255,66,204749,58,272980
26476,0.003852,74.125.24.0-255,5738,210487,58,272980
26477,0.003855,172.31.46.0-255,66,210553,58,272980
26478,0.003858,74.125.24.0-255,1484,212037,58,272980
26479,0.003886,74.125.24.0-255,3602,215639,58,272980
26480,0.003889,172.31.46.0-255,66,215705,58,272980
26481,0.004142,74.125.24.0-255,1484,217189,58,272980
26482,0.004162,74.125.24.0-255,2902,220091,58,272980
26483,0.004165,172.31.46.0-255,66,220157,58,272980
26484,0.004172,74.125.24.0-255,5738,225895,58,272980
26485,0.004174,172.31.46.0-255,66,225961,58,272980
26486,0.004187,74.125.24.0-255,1484,227445,58,272980
26487,0.004205,74.125.24.0-255,7156,234601,58,272980
26488,0.004232,74.125.24.0-255,4320,238921,58,272980
26489,0.004232,172.31.46.0-255,66,238987,58,272980
26490,0.004239,172.31.46.0-255,66,239053,58,272980
26491,0.004258,172.31.46.0-255,66,239119,58,272980
26492,0.004287,172.31.46.0-255,66,239185,58,272980
26493,0.004324,172.31.46.0-255,66,239251,58,272980
26494,0.004345,172.31.46.0-255,66,239317,58,272980
26495,0.004511,74.125.24.0-255,1484,240801,58,272980
26496,0.004529,74.125.24.0-255,2902,243703,58,272980
26497,0.004533,172.31.46.0-255,66,243769,58,272980
26498,0.004542,74.125.24.0-255,1484,245253,58,272980
26499,0.004555,74.125.24.0-255,4320,249573,58,272980
26500,0.004557,74.125.24.0-255,1484,251057,58,272980
26501,0.004559,172.31.46.0-255,66,251123,58,272980
26502,0.004585,172.31.46.0-255,66,251189,58,272980
26503,0.004596,74.125.24.0-255,2902,254091,58,272980
26504,0.0046,172.31.46.0-255,66,254157,58,272980
26505,0.004616,172.31.46.0-255,66,254223,58,272980
26506,0.004637,74.125.24.0-255,5738,259961,58,272980
26507,0.004641,172.31.46.0-255,66,260027,58,272980
26508,0.004677,74.125.24.0-255,2902,262929,58,272980
26509,0.004678,172.31.46.0-255,66,262995,58,272980
26510,0.00468,74.125.24.0-255,2902,265897,58,272980
26511,0.004683,172.31.46.0-255,66,265963,58,272980
26512,0.004686,74.125.24.0-255,6512,272475,58,272980
26513,0.004689,74.125.24.0-255,97,272572,58,272980
26514,0.004695,172.31.46.0-255,66,272638,58,272980
26515,0.004717,74.125.24.0-255,105,272743,58,272980
26516,0.006209,172.31.46.0-255,66,272809,58,272980
26517,0.006239,172.31.46.0-255,105,272914,58,272980
26518,0.008522,74.125.24.0-255,66,272980,58,272980
26519,0.0,172.217.194.0-255,153,153,58,239237
26520,2.5e-05,172.31.46.0-255,66,219,58,239237
26521,3.3e-05,172.217.194.0-255,1484,1703,58,239237
26522,3.9e-05,172.31.46.0-255,66,1769,58,239237
26523,4.5e-05,172.217.194.0-255,2902,4671,58,239237
26524,4.9e-05,172.31.46.0-255,66,4737,58,239237
26525,5.7e-05,172.217.194.0-255,7156,11893,58,239237
26526,6e-05,172.31.46.0-255,66,11959,58,239237
26527,6.4e-05,172.217.194.0-255,2080,14039,58,239237
26528,6.7e-05,172.31.46.0-255,66,14105,58,239237
26529,0.000134,172.217.194.0-255,1484,15589,58,239237
26530,0.000137,172.31.46.0-255,66,15655,58,239237
26531,0.000158,172.217.194.0-255,2902,18557,58,239237
26532,0.00016,172.217.194.0-255,1484,20041,58,239237
26533,0.000164,172.31.46.0-255,66,20107,58,239237
26534,0.000166,172.31.46.0-255,66,20173,58,239237
26535,0.000179,172.217.194.0-255,4320,24493,58,239237
26536,0.000182,172.31.46.0-255,66,24559,58,239237
26537,0.000205,172.217.194.0-255,5738,30297,58,239237
26538,0.000207,172.31.46.0-255,66,30363,58,239237
26539,0.000232,172.217.194.0-255,5379,35742,58,239237
26540,0.000235,172.31.46.0-255,66,35808,58,239237
26541,0.000247,172.31.46.0-255,66,35874,58,239237
26542,0.000298,172.31.46.0-255,66,35940,58,239237
26543,0.000313,172.217.194.0-255,4320,40260,58,239237
26544,0.000316,172.31.46.0-255,66,40326,58,239237
26545,0.000339,172.217.194.0-255,2184,42510,58,239237
26546,0.000341,172.31.46.0-255,66,42576,58,239237
26547,0.000345,172.217.194.0-255,707,43283,58,239237
26548,0.000347,172.31.46.0-255,66,43349,58,239237
26549,0.000576,172.217.194.0-255,1484,44833,58,239237
26550,0.000582,172.217.194.0-255,1484,46317,58,239237
26551,0.000586,172.31.46.0-255,66,46383,58,239237
26552,0.000608,172.217.194.0-255,1484,47867,58,239237
26553,0.000616,172.217.194.0-255,5738,53605,58,239237
26554,0.000618,172.31.46.0-255,66,53671,58,239237
26555,0.000624,172.217.194.0-255,4320,57991,58,239237
26556,0.000627,172.31.46.0-255,66,58057,58,239237
26557,0.00065,172.31.46.0-255,66,58123,58,239237
26558,0.000656,172.217.194.0-255,4320,62443,58,239237
26559,0.000658,172.31.46.0-255,66,62509,58,239237
26560,0.000684,172.217.194.0-255,5738,68247,58,239237
26561,0.000687,172.31.46.0-255,66,68313,58,239237
26562,0.00069,172.217.194.0-255,766,69079,58,239237
26563,0.000799,172.217.194.0-255,1484,70563,58,239237
26564,0.000803,172.31.46.0-255,66,70629,58,239237
26565,0.000808,172.217.194.0-255,2902,73531,58,239237
26566,0.00081,172.31.46.0-255,66,73597,58,239237
26567,0.000815,172.217.194.0-255,2902,76499,58,239237
26568,0.000817,172.31.46.0-255,66,76565,58,239237
26569,0.000837,172.217.194.0-255,2902,79467,58,239237
26570,0.000841,172.217.194.0-255,4320,83787,58,239237
26571,0.000845,172.31.46.0-255,66,83853,58,239237
26572,0.000853,172.31.46.0-255,66,83919,58,239237
26573,0.000859,172.217.194.0-255,4320,88239,58,239237
26574,0.00086,172.31.46.0-255,66,88305,58,239237
26575,0.000904,172.217.194.0-255,4320,92625,58,239237
26576,0.000907,172.31.46.0-255,66,92691,58,239237
26577,0.000937,172.31.46.0-255,66,92757,58,239237
26578,0.000942,172.217.194.0-255,2902,95659,58,239237
26579,0.000943,172.31.46.0-255,66,95725,58,239237
26580,0.000972,172.31.46.0-255,66,95791,58,239237
26581,0.000979,172.217.194.0-255,7156,102947,58,239237
26582,0.000981,172.31.46.0-255,66,103013,58,239237
26583,0.001015,172.217.194.0-255,1484,104497,58,239237
26584,0.001044,172.31.46.0-255,66,104563,58,239237
26585,0.001047,172.217.194.0-255,1484,106047,58,239237
26586,0.001052,172.217.194.0-255,2902,108949,58,239237
26587,0.001054,172.31.46.0-255,66,109015,58,239237
26588,0.001079,172.217.194.0-255,5738,114753,58,239237
26589,0.001082,172.31.46.0-255,66,114819,58,239237
26590,0.001086,172.217.194.0-255,2902,117721,58,239237
26591,0.001088,172.31.46.0-255,66,117787,58,239237
26592,0.001124,172.31.46.0-255,66,117853,58,239237
26593,0.001137,172.31.46.0-255,66,117919,58,239237
26594,0.001153,172.217.194.0-255,1484,119403,58,239237
26595,0.001172,172.217.194.0-255,2902,122305,58,239237
26596,0.001175,172.31.46.0-255,66,122371,58,239237
26597,0.001182,172.217.194.0-255,5738,128109,58,239237
26598,0.001184,172.31.46.0-255,66,128175,58,239237
26599,0.001209,172.217.194.0-255,4320,132495,58,239237
26600,0.001211,172.31.46.0-255,66,132561,58,239237
26601,0.001232,172.31.46.0-255,66,132627,58,239237
26602,0.00125,172.217.194.0-255,1484,134111,58,239237
26603,0.001302,172.217.194.0-255,2902,137013,58,239237
26604,0.001305,172.31.46.0-255,66,137079,58,239237
26605,0.001328,172.217.194.0-255,6438,143517,58,239237
26606,0.001331,172.31.46.0-255,66,143583,58,239237
26607,0.001334,172.217.194.0-255,1484,145067,58,239237
26608,0.001338,172.217.194.0-255,2902,147969,58,239237
26609,0.00134,172.31.46.0-255,66,148035,58,239237
26610,0.001346,172.217.194.0-255,5738,153773,58,239237
26611,0.001348,172.31.46.0-255,66,153839,58,239237
26612,0.001365,172.31.46.0-255,66,153905,58,239237
26613,0.001388,172.217.194.0-255,4320,158225,58,239237
26614,0.001391,172.31.46.0-255,66,158291,58,239237
26615,0.001404,172.31.46.0-255,66,158357,58,239237
26616,0.001514,172.217.194.0-255,1484,159841,58,239237
26617,0.00152,172.217.194.0-255,2902,162743,58,239237
26618,0.001523,172.31.46.0-255,66,162809,58,239237
26619,0.001548,172.217.194.0-255,5738,168547,58,239237
26620,0.00155,172.31.46.0-255,66,168613,58,239237
26621,0.001555,172.217.194.0-255,2902,171515,58,239237
26622,0.001557,172.31.46.0-255,66,171581,58,239237
26623,0.001585,172.217.194.0-255,4320,175901,58,239237
26624,0.00159,172.31.46.0-255,66,175967,58,239237
26625,0.001616,172.217.194.0-255,6438,182405,58,239237
26626,0.001632,172.31.46.0-255,66,182471,58,239237
26627,0.001711,172.217.194.0-255,1484,183955,58,239237
26628,0.001727,172.217.194.0-255,2902,186857,58,239237
26629,0.001731,172.217.194.0-255,1484,188341,58,239237
26630,0.001739,172.31.46.0-255,66,188407,58,239237
26631,0.00175,172.217.194.0-255,4320,192727,58,239237
26632,0.001753,172.217.194.0-255,1484,194211,58,239237
26633,0.001757,172.31.46.0-255,66,194277,58,239237
26634,0.001796,172.217.194.0-255,7156,201433,58,239237
26635,0.001817,172.31.46.0-255,66,201499,58,239237
26636,0.001823,172.217.194.0-255,3602,205101,58,239237
26637,0.001828,172.31.46.0-255,66,205167,58,239237
26638,0.001861,172.217.194.0-255,2902,208069,58,239237
26639,0.001882,172.217.194.0-255,1484,209553,58,239237
26640,0.001886,172.217.194.0-255,2902,212455,58,239237
26641,0.001891,172.31.46.0-255,66,212521,58,239237
26642,0.001934,172.31.46.0-255,66,212587,58,239237
26643,0.001949,172.31.46.0-255,66,212653,58,239237
26644,0.001959,172.217.194.0-255,4320,216973,58,239237
26645,0.001986,172.217.194.0-255,5738,222711,58,239237
26646,0.001995,172.31.46.0-255,66,222777,58,239237
26647,0.002049,172.217.194.0-255,2902,225679,58,239237
26648,0.00206,172.217.194.0-255,2902,228581,58,239237
26649,0.002072,172.217.194.0-255,2290,230871,58,239237
26650,0.002077,172.31.46.0-255,66,230937,58,239237
26651,0.002096,172.217.194.0-255,105,231042,58,239237
26652,0.010538,172.31.46.0-255,66,231108,58,239237
26653,0.010581,172.31.46.0-255,105,231213,58,239237
26654,0.013186,172.217.194.0-255,66,231279,58,239237
26655,0.029281,172.31.46.0-255,164,231443,58,239237
26656,0.029315,172.31.46.0-255,1122,232565,58,239237
26657,0.029388,172.31.46.0-255,1514,234079,58,239237
26658,0.02939,172.31.46.0-255,1514,235593,58,239237
26659,0.029391,172.31.46.0-255,1514,237107,58,239237
26660,0.029392,172.31.46.0-255,1514,238621,58,239237
26661,0.029419,172.31.46.0-255,616,239237,58,239237
26662,0.0,172.217.194.0-255,153,153,58,138637
26663,1.7e-05,172.31.46.0-255,66,219,58,138637
26664,2.4e-05,172.217.194.0-255,1484,1703,58,138637
26665,2.8e-05,172.31.46.0-255,66,1769,58,138637
26666,3.4e-05,172.217.194.0-255,2902,4671,58,138637
26667,4.6e-05,172.31.46.0-255,66,4737,58,138637
26668,5.2e-05,172.217.194.0-255,4320,9057,58,138637
26669,5.5e-05,172.31.46.0-255,66,9123,58,138637
26670,6.2e-05,172.217.194.0-255,5738,14861,58,138637
26671,6.5e-05,172.31.46.0-255,66,14927,58,138637
26672,9.5e-05,172.217.194.0-255,3357,18284,58,138637
26673,9.8e-05,172.31.46.0-255,66,18350,58,138637
26674,0.000113,172.31.46.0-255,66,18416,58,138637
26675,0.000373,172.217.194.0-255,1484,19900,58,138637
26676,0.000378,172.31.46.0-255,66,19966,58,138637
26677,0.000385,172.217.194.0-255,2902,22868,58,138637
26678,0.000389,172.31.46.0-255,66,22934,58,138637
26679,0.0004,172.217.194.0-255,5738,28672,58,138637
26680,0.000402,172.31.46.0-255,66,28738,58,138637
26681,0.000437,172.31.46.0-255,66,28804,58,138637
26682,0.000475,172.217.194.0-255,2902,31706,58,138637
26683,0.000479,172.31.46.0-255,66,31772,58,138637
26684,0.000492,172.31.46.0-255,66,31838,58,138637
26685,0.00053,172.217.194.0-255,342,32180,58,138637
26686,0.000533,172.31.46.0-255,66,32246,58,138637
26687,0.001518,172.217.194.0-255,401,32647,58,138637
26688,0.001525,172.31.46.0-255,66,32713,58,138637
26689,0.001613,172.217.194.0-255,1484,34197,58,138637
26690,0.001617,172.31.46.0-255,66,34263,58,138637
26691,0.001637,172.217.194.0-255,2902,37165,58,138637
26692,0.00164,172.31.46.0-255,66,37231,58,138637
26693,0.001646,172.217.194.0-255,4320,41551,58,138637
26694,0.001648,172.31.46.0-255,66,41617,58,138637
26695,0.001682,172.217.194.0-255,1484,43101,58,138637
26696,0.001698,172.31.46.0-255,66,43167,58,138637
26697,0.001748,172.31.46.0-255,66,43233,58,138637
26698,0.001936,172.217.194.0-255,1484,44717,58,138637
26699,0.00194,172.217.194.0-255,1484,46201,58,138637
26700,0.001942,172.31.46.0-255,66,46267,58,138637
26701,0.00197,172.217.194.0-255,1484,47751,58,138637
26702,0.001977,172.217.194.0-255,5738,53489,58,138637
26703,0.001979,172.31.46.0-255,66,53555,58,138637
26704,0.00199,172.31.46.0-255,66,53621,58,138637
26705,0.002024,172.217.194.0-255,1484,55105,58,138637
26706,0.002053,172.31.46.0-255,66,55171,58,138637
26707,0.002059,172.217.194.0-255,4320,59491,58,138637
26708,0.002062,172.31.46.0-255,66,59557,58,138637
26709,0.002096,172.31.46.0-255,66,59623,58,138637
26710,0.002119,172.31.46.0-255,66,59689,58,138637
26711,0.002122,172.217.194.0-255,1484,61173,58,138637
26712,0.002127,172.217.194.0-255,2902,64075,58,138637
26713,0.00213,172.31.46.0-255,66,64141,58,138637
26714,0.002132,172.217.194.0-255,1484,65625,58,138637
26715,0.002162,172.217.194.0-255,4320,69945,58,138637
26716,0.002165,172.31.46.0-255,66,70011,58,138637
26717,0.00218,172.31.46.0-255,66,70077,58,138637
26718,0.004272,172.217.194.0-255,5738,75815,58,138637
26719,0.00428,172.31.46.0-255,66,75881,58,138637
26720,0.006423,172.217.194.0-255,5738,81619,58,138637
26721,0.006429,172.31.46.0-255,66,81685,58,138637
26722,0.008543,172.217.194.0-255,4320,86005,58,138637
26723,0.008546,172.31.46.0-255,66,86071,58,138637
26724,0.008571,172.217.194.0-255,1484,87555,58,138637
26725,0.010716,172.217.194.0-255,4320,91875,58,138637
26726,0.010722,172.31.46.0-255,66,91941,58,138637
26727,0.01289,172.217.194.0-255,5738,97679,58,138637
26728,0.012897,172.31.46.0-255,66,97745,58,138637
26729,0.015019,172.217.194.0-255,5738,103483,58,138637
26730,0.015029,172.31.46.0-255,66,103549,58,138637
26731,0.017178,172.217.194.0-255,5738,109287,58,138637
26732,0.017186,172.31.46.0-255,66,109353,58,138637
26733,0.01931,172.217.194.0-255,5738,115091,58,138637
26734,0.019319,172.31.46.0-255,66,115157,58,138637
26735,0.02145,172.217.194.0-255,5738,120895,58,138637
26736,0.021458,172.31.46.0-255,66,120961,58,138637
26737,0.023608,172.217.194.0-255,2902,123863,58,138637
26738,0.023615,172.31.46.0-255,66,123929,58,138637
26739,0.023643,172.217.194.0-255,2902,126831,58,138637
26740,0.023647,172.31.46.0-255,66,126897,58,138637
26741,0.025736,172.217.194.0-255,2902,129799,58,138637
26742,0.025744,172.31.46.0-255,66,129865,58,138637
26743,0.025792,172.217.194.0-255,2902,132767,58,138637
26744,0.025795,172.31.46.0-255,66,132833,58,138637
26745,0.0279,172.217.194.0-255,5738,138571,58,138637
26746,0.027908,172.31.46.0-255,66,138637,58,138637
26747,0.0,74.125.24.0-255,152,152,58,254504
26748,1.3e-05,172.31.46.0-255,66,218,58,254504
26749,3.1e-05,74.125.24.0-255,1484,1702,58,254504
26750,3.6e-05,172.31.46.0-255,66,1768,58,254504
26751,4.1e-05,74.125.24.0-255,2902,4670,58,254504
26752,4.3e-05,172.31.46.0-255,66,4736,58,254504
26753,5e-05,74.125.24.0-255,5738,10474,58,254504
26754,5.2e-05,172.31.46.0-255,66,10540,58,254504
26755,8.3e-05,74.125.24.0-255,3487,14027,58,254504
26756,8.6e-05,172.31.46.0-255,66,14093,58,254504
26757,8.9e-05,74.125.24.0-255,1484,15577,58,254504
26758,9.1e-05,172.31.46.0-255,66,15643,58,254504
26759,0.000108,74.125.24.0-255,2902,18545,58,254504
26760,0.000111,172.31.46.0-255,66,18611,58,254504
26761,0.000117,74.125.24.0-255,5738,24349,58,254504
26762,0.000119,172.31.46.0-255,66,24415,58,254504
26763,0.000143,74.125.24.0-255,4320,28735,58,254504
26764,0.000146,172.31.46.0-255,66,28801,58,254504
26765,0.00015,74.125.24.0-255,2543,31344,58,254504
26766,0.000152,172.31.46.0-255,66,31410,58,254504
26767,0.000205,74.125.24.0-255,1484,32894,58,254504
26768,0.000208,172.31.46.0-255,66,32960,58,254504
26769,0.000213,74.125.24.0-255,2902,35862,58,254504
26770,0.000215,172.31.46.0-255,66,35928,58,254504
26771,0.00023,74.125.24.0-255,4320,40248,58,254504
26772,0.000232,172.31.46.0-255,66,40314,58,254504
26773,0.000259,74.125.24.0-255,1484,41798,58,254504
26774,0.000261,172.31.46.0-255,66,41864,58,254504
26775,0.000268,74.125.24.0-255,4320,46184,58,254504
26776,0.00027,172.31.46.0-255,66,46250,58,254504
26777,0.000284,172.31.46.0-255,66,46316,58,254504
26778,0.000303,74.125.24.0-255,4320,50636,58,254504
26779,0.000305,172.31.46.0-255,66,50702,58,254504
26780,0.000321,74.125.24.0-255,2856,53558,58,254504
26781,0.000324,172.31.46.0-255,66,53624,58,254504
26782,0.000326,74.125.24.0-255,109,53733,58,254504
26783,0.000329,74.125.24.0-255,332,54065,58,254504
26784,0.000608,74.125.24.0-255,1484,55549,58,254504
26785,0.000613,172.31.46.0-255,66,55615,58,254504
26786,0.000619,74.125.24.0-255,2902,58517,58,254504
26787,0.000622,172.31.46.0-255,66,58583,58,254504
26788,0.000627,74.125.24.0-255,5738,64321,58,254504
26789,0.00063,172.31.46.0-255,66,64387,58,254504
26790,0.000668,172.31.46.0-255,66,64453,58,254504
26791,0.000698,74.125.24.0-255,7156,71609,58,254504
26792,0.000703,172.31.46.0-255,66,71675,58,254504
26793,0.000724,74.125.24.0-255,6438,78113,58,254504
26794,0.000754,172.31.46.0-255,66,78179,58,254504
26795,0.001004,74.125.24.0-255,1484,79663,58,254504
26796,0.00101,74.125.24.0-255,2902,82565,58,254504
26797,0.001014,172.31.46.0-255,66,82631,58,254504
26798,0.00102,74.125.24.0-255,5738,88369,58,254504
26799,0.001022,172.31.46.0-255,66,88435,58,254504
26800,0.001034,74.125.24.0-255,1484,89919,58,254504
26801,0.001072,172.31.46.0-255,66,89985,58,254504
26802,0.001078,74.125.24.0-255,7156,97141,58,254504
26803,0.00108,172.31.46.0-255,66,97207,58,254504
26804,0.001114,74.125.24.0-255,3602,100809,58,254504
26805,0.001117,172.31.46.0-255,66,100875,58,254504
26806,0.001153,74.125.24.0-255,1484,102359,58,254504
26807,0.001178,74.125.24.0-255,2902,105261,58,254504
26808,0.001182,172.31.46.0-255,66,105327,58,254504
26809,0.001188,74.125.24.0-255,5738,111065,58,254504
26810,0.001191,172.31.46.0-255,66,111131,58,254504
26811,0.001196,74.125.24.0-255,5738,116869,58,254504
26812,0.001199,172.31.46.0-255,66,116935,58,254504
26813,0.001229,74.125.24.0-255,7156,124091,58,254504
26814,0.001235,74.125.24.0-255,7156,131247,58,254504
26815,0.001266,172.31.46.0-255,66,131313,58,254504
26816,0.00127,172.31.46.0-255,66,131379,58,254504
26817,0.001276,74.125.24.0-255,6438,137817,58,254504
26818,0.001279,172.31.46.0-255,66,137883,58,254504
26819,0.001285,74.125.24.0-255,7156,145039,58,254504
26820,0.001287,172.31.46.0-255,66,145105,58,254504
26821,0.001291,74.125.24.0-255,2902,148007,58,254504
26822,0.001293,172.31.46.0-255,66,148073,58,254504
26823,0.001337,172.31.46.0-255,66,148139,58,254504
26824,0.001347,172.31.46.0-255,66,148205,58,254504
26825,0.001406,74.125.24.0-255,1484,149689,58,254504
26826,0.001412,74.125.24.0-255,1484,151173,58,254504
26827,0.001415,172.31.46.0-255,66,151239,58,254504
26828,0.001433,74.125.24.0-255,1484,152723,58,254504
26829,0.001439,74.125.24.0-255,5738,158461,58,254504
26830,0.001441,172.31.46.0-255,66,158527,58,254504
26831,0.001452,172.31.46.0-255,66,158593,58,254504
26832,0.001487,74.125.24.0-255,4320,162913,58,254504
26833,0.001491,172.31.46.0-255,66,162979,58,254504
26834,0.001501,172.31.46.0-255,66,163045,58,254504
26835,0.001528,74.125.24.0-255,1484,164529,58,254504
26836,0.001543,74.125.24.0-255,2902,167431,58,254504
26837,0.001545,172.31.46.0-255,66,167497,58,254504
26838,0.001549,74.125.24.0-255,2902,170399,58,254504
26839,0.001551,172.31.46.0-255,66,170465,58,254504
26840,0.001566,74.125.24.0-255,2902,173367,58,254504
26841,0.001571,74.125.24.0-255,5738,179105,58,254504
26842,0.001576,172.31.46.0-255,66,179171,58,254504
26843,0.001583,172.31.46.0-255,66,179237,58,254504
26844,0.001613,172.31.46.0-255,66,179303,58,254504
26845,0.001618,74.125.24.0-255,5020,184323,58,254504
26846,0.00162,172.31.46.0-255,66,184389,58,254504
26847,0.001734,74.125.24.0-255,1484,185873,58,254504
26848,0.001737,74.125.24.0-255,1484,187357,58,254504
26849,0.00174,172.31.46.0-255,66,187423,58,254504
26850,0.00176,74.125.24.0-255,1484,188907,58,254504
26851,0.001766,74.125.24.0-255,5738,194645,58,254504
26852,0.001768,172.31.46.0-255,66,194711,58,254504
26853,0.001772,74.125.24.0-255,4320,199031,58,254504
26854,0.001774,172.31.46.0-255,66,199097,58,254504
26855,0.001821,172.31.46.0-255,66,199163,58,254504
26856,0.00183,172.31.46.0-255,66,199229,58,254504
26857,0.001874,74.125.24.0-255,1484,200713,58,254504
26858,0.001884,74.125.24.0-255,2902,203615,58,254504
26859,0.001887,172.31.46.0-255,66,203681,58,254504
26860,0.001892,74.125.24.0-255,5738,209419,58,254504
26861,0.001894,172.31.46.0-255,66,209485,58,254504
26862,0.00192,74.125.24.0-255,5738,215223,58,254504
26863,0.001922,172.31.46.0-255,66,215289,58,254504
26864,0.001941,74.125.24.0-255,7156,222445,58,254504
26865,0.001943,172.31.46.0-255,66,222511,58,254504
26866,0.001968,74.125.24.0-255,2902,225413,58,254504
26867,0.00197,172.31.46.0-255,66,225479,58,254504
26868,0.001995,172.31.46.0-255,66,225545,58,254504
26869,0.002038,74.125.24.0-255,1484,227029,58,254504
26870,0.00204,74.125.24.0-255,1484,228513,58,254504
26871,0.002044,172.31.46.0-255,66,228579,58,254504
26872,0.002057,74.125.24.0-255,1484,230063,58,254504
26873,0.002062,74.125.24.0-255,5738,235801,58,254504
26874,0.002064,172.31.46.0-255,66,235867,58,254504
26875,0.002068,74.125.24.0-255,4320,240187,58,254504
26876,0.00207,172.31.46.0-255,66,240253,58,254504
26877,0.002106,172.31.46.0-255,66,240319,58,254504
26878,0.002124,74.125.24.0-255,4320,244639,58,254504
26879,0.002126,172.31.46.0-255,66,244705,58,254504
26880,0.002152,172.31.46.0-255,66,244771,58,254504
26881,0.002164,172.31.46.0-255,66,244837,58,254504
26882,0.002194,172.31.46.0-255,66,244903,58,254504
26883,0.002197,74.125.24.0-255,105,245008,58,254504
26884,0.00391,172.31.46.0-255,66,245074,58,254504
26885,0.003943,172.31.46.0-255,105,245179,58,254504
26886,0.006163,74.125.24.0-255,66,245245,58,254504
26887,0.027528,172.31.46.0-255,172,245417,58,254504
26888,0.027581,172.31.46.0-255,1113,246530,58,254504
26889,0.027649,172.31.46.0-255,1514,248044,58,254504
26890,0.027651,172.31.46.0-255,1514,249558,58,254504
26891,0.027652,172.31.46.0-255,1514,251072,58,254504
26892,0.027657,172.31.46.0-255,1514,252586,58,254504
26893,0.027658,172.31.46.0-255,1514,254100,58,254504
26894,0.027658,172.31.46.0-255,140,254240,58,254504
26895,0.029025,104.244.42.0-255,66,254306,58,254504
26896,0.029075,104.244.42.0-255,66,254372,58,254504
26897,0.029172,104.244.42.0-255,66,254438,58,254504
26898,0.029174,104.244.42.0-255,66,254504,58,254504
26899,0.0,74.125.24.0-255,158,158,58,173698
26900,2.5e-05,172.31.46.0-255,66,224,58,173698
26901,3.2e-05,74.125.24.0-255,1484,1708,58,173698
26902,3.6e-05,172.31.46.0-255,66,1774,58,173698
26903,3.9e-05,74.125.24.0-255,1484,3258,58,173698
26904,5.3e-05,172.31.46.0-255,66,3324,58,173698
26905,6.1e-05,74.125.24.0-255,4320,7644,58,173698
26906,6.4e-05,172.31.46.0-255,66,7710,58,173698
26907,0.000101,74.125.24.0-255,4320,12030,58,173698
26908,0.000104,172.31.46.0-255,66,12096,58,173698
26909,0.000128,74.125.24.0-255,2084,14180,58,173698
26910,0.000131,172.31.46.0-255,66,14246,58,173698
26911,0.000139,74.125.24.0-255,7156,21402,58,173698
26912,0.000141,172.31.46.0-255,66,21468,58,173698
26913,0.000161,74.125.24.0-255,5738,27206,58,173698
26914,0.000163,172.31.46.0-255,66,27272,58,173698
26915,0.000202,172.31.46.0-255,66,27338,58,173698
26916,0.00021,74.125.24.0-255,7156,34494,58,173698
26917,0.000212,172.31.46.0-255,66,34560,58,173698
26918,0.000216,74.125.24.0-255,2902,37462,58,173698
26919,0.000218,172.31.46.0-255,66,37528,58,173698
26920,0.000267,172.31.46.0-255,66,37594,58,173698
26921,0.000293,74.125.24.0-255,1464,39058,58,173698
26922,0.000295,172.31.46.0-255,66,39124,58,173698
26923,0.000352,74.125.24.0-255,1484,40608,58,173698
26924,0.000355,172.31.46.0-255,66,40674,58,173698
26925,0.00036,74.125.24.0-255,2902,43576,58,173698
26926,0.000362,172.31.46.0-255,66,43642,58,173698
26927,0.000372,74.125.24.0-255,4320,47962,58,173698
26928,0.000374,172.31.46.0-255,66,48028,58,173698
26929,0.000411,74.125.24.0-255,1484,49512,58,173698
26930,0.000426,172.31.46.0-255,66,49578,58,173698
26931,0.000443,172.31.46.0-255,66,49644,58,173698
26932,0.000445,74.125.24.0-255,348,49992,58,173698
26933,0.000812,74.125.24.0-255,1484,51476,58,173698
26934,0.000818,172.31.46.0-255,66,51542,58,173698
26935,0.000824,74.125.24.0-255,2902,54444,58,173698
26936,0.000825,172.31.46.0-255,66,54510,58,173698
26937,0.000837,74.125.24.0-255,5738,60248,58,173698
26938,0.000839,172.31.46.0-255,66,60314,58,173698
26939,0.000866,74.125.24.0-255,7156,67470,58,173698
26940,0.000868,172.31.46.0-255,66,67536,58,173698
26941,0.000881,74.125.24.0-255,5738,73274,58,173698
26942,0.000883,172.31.46.0-255,66,73340,58,173698
26943,0.000905,74.125.24.0-255,2902,76242,58,173698
26944,0.000912,172.31.46.0-255,66,76308,58,173698
26945,0.000945,172.31.46.0-255,66,76374,58,173698
26946,0.001349,74.125.24.0-255,1484,77858,58,173698
26947,0.001356,74.125.24.0-255,2902,80760,58,173698
26948,0.00136,172.31.46.0-255,66,80826,58,173698
26949,0.001366,74.125.24.0-255,4320,85146,58,173698
26950,0.001368,172.31.46.0-255,66,85212,58,173698
26951,0.001397,74.125.24.0-255,1484,86696,58,173698
26952,0.001409,172.31.46.0-255,66,86762,58,173698
26953,0.001442,74.125.24.0-255,2902,89664,58,173698
26954,0.001445,172.31.46.0-255,66,89730,58,173698
26955,0.001455,172.31.46.0-255,66,89796,58,173698
26956,0.001463,74.125.24.0-255,2184,91980,58,173698
26957,0.001465,172.31.46.0-255,66,92046,58,173698
26958,0.001675,74.125.24.0-255,1484,93530,58,173698
26959,0.001695,74.125.24.0-255,2902,96432,58,173698
26960,0.001699,172.31.46.0-255,66,96498,58,173698
26961,0.001706,74.125.24.0-255,5738,102236,58,173698
26962,0.001708,172.31.46.0-255,66,102302,58,173698
26963,0.001746,172.31.46.0-255,66,102368,58,173698
26964,0.001774,74.125.24.0-255,2902,105270,58,173698
26965,0.001777,172.31.46.0-255,66,105336,58,173698
26966,0.001811,172.31.46.0-255,66,105402,58,173698
26967,0.004076,74.125.24.0-255,5738,111140,58,173698
26968,0.004086,172.31.46.0-255,66,111206,58,173698
26969,0.006393,74.125.24.0-255,5738,116944,58,173698
26970,0.0064,172.31.46.0-255,66,117010,58,173698
26971,0.008704,74.125.24.0-255,5738,122748,58,173698
26972,0.008721,172.31.46.0-255,66,122814,58,173698
26973,0.011008,74.125.24.0-255,4320,127134,58,173698
26974,0.011019,172.31.46.0-255,66,127200,58,173698
26975,0.011055,74.125.24.0-255,1484,128684,58,173698
26976,0.013328,74.125.24.0-255,4320,133004,58,173698
26977,0.013344,172.31.46.0-255,66,133070,58,173698
26978,0.015649,74.125.24.0-255,5738,138808,58,173698
26979,0.015664,172.31.46.0-255,66,138874,58,173698
26980,0.017971,74.125.24.0-255,5738,144612,58,173698
26981,0.017986,172.31.46.0-255,66,144678,58,173698
26982,0.020268,74.125.24.0-255,5738,150416,58,173698
26983,0.020284,172.31.46.0-255,66,150482,58,173698
26984,0.022609,74.125.24.0-255,5738,156220,58,173698
26985,0.022645,172.31.46.0-255,66,156286,58,173698
26986,0.024954,74.125.24.0-255,5738,162024,58,173698
26987,0.024964,172.31.46.0-255,66,162090,58,173698
26988,0.027261,74.125.24.0-255,5738,167828,58,173698
26989,0.027276,172.31.46.0-255,66,167894,58,173698
26990,0.029566,74.125.24.0-255,5738,173632,58,173698
26991,0.029579,172.31.46.0-255,66,173698,58,173698
26992,0.0,172.31.46.0-255,236,236,58,302
26993,0.007359,74.125.24.0-255,66,302,58,302
26994,0.0,74.125.24.0-255,153,153,58,178485
26995,1.8e-05,172.31.46.0-255,66,219,58,178485
26996,2.6e-05,74.125.24.0-255,1484,1703,58,178485
26997,3.1e-05,172.31.46.0-255,66,1769,58,178485
26998,3.6e-05,74.125.24.0-255,2902,4671,58,178485
26999,4.8e-05,172.31.46.0-255,66,4737,58,178485
27000,5.1e-05,74.125.24.0-255,1484,6221,58,178485
27001,5.4e-05,172.31.46.0-255,66,6287,58,178485
27002,6.1e-05,74.125.24.0-255,5738,12025,58,178485
27003,6.3e-05,172.31.46.0-255,66,12091,58,178485
27004,9.2e-05,74.125.24.0-255,1937,14028,58,178485
27005,9.5e-05,172.31.46.0-255,66,14094,58,178485
27006,0.000228,74.125.24.0-255,1484,15578,58,178485
27007,0.000233,172.31.46.0-255,66,15644,58,178485
27008,0.000237,74.125.24.0-255,2902,18546,58,178485
27009,0.00024,172.31.46.0-255,66,18612,58,178485
27010,0.00027,74.125.24.0-255,5738,24350,58,178485
27011,0.000273,172.31.46.0-255,66,24416,58,178485
27012,0.000312,172.31.46.0-255,66,24482,58,178485
27013,0.000323,172.31.46.0-255,66,24548,58,178485
27014,0.00035,74.125.24.0-255,4320,28868,58,178485
27015,0.000352,172.31.46.0-255,66,28934,58,178485
27016,0.000359,74.125.24.0-255,5738,34672,58,178485
27017,0.000361,172.31.46.0-255,66,34738,58,178485
27018,0.000402,172.31.46.0-255,66,34804,58,178485
27019,0.000405,74.125.24.0-255,446,35250,58,178485
27020,0.000406,172.31.46.0-255,66,35316,58,178485
27021,0.000409,74.125.24.0-255,329,35645,58,178485
27022,0.000411,172.31.46.0-255,66,35711,58,178485
27023,0.000611,74.125.24.0-255,1484,37195,58,178485
27024,0.000617,74.125.24.0-255,2902,40097,58,178485
27025,0.000659,172.31.46.0-255,66,40163,58,178485
27026,0.000693,74.125.24.0-255,5738,45901,58,178485
27027,0.000739,172.31.46.0-255,66,45967,58,178485
27028,0.000954,74.125.24.0-255,1484,47451,58,178485
27029,0.000962,74.125.24.0-255,2902,50353,58,178485
27030,0.000978,74.125.24.0-255,1484,51837,58,178485
27031,0.000993,74.125.24.0-255,4320,56157,58,178485
27032,0.001,74.125.24.0-255,5738,61895,58,178485
27033,0.001031,74.125.24.0-255,5738,67633,58,178485
27034,0.001054,74.125.24.0-255,7156,74789,58,178485
27035,0.001057,74.125.24.0-255,1484,76273,58,178485
27036,0.001099,74.125.24.0-255,1484,77757,58,178485
27037,0.001116,74.125.24.0-255,2184,79941,58,178485
27038,0.001214,172.31.46.0-255,66,80007,58,178485
27039,0.001832,74.125.24.0-255,1484,81491,58,178485
27040,0.001838,74.125.24.0-255,2902,84393,58,178485
27041,0.001842,172.31.46.0-255,66,84459,58,178485
27042,0.001849,74.125.24.0-255,5738,90197,58,178485
27043,0.001852,74.125.24.0-255,1484,91681,58,178485
27044,0.001877,74.125.24.0-255,4320,96001,58,178485
27045,0.00189,172.31.46.0-255,66,96067,58,178485
27046,0.00191,74.125.24.0-255,4320,100387,58,178485
27047,0.001934,74.125.24.0-255,2902,103289,58,178485
27048,0.001937,172.31.46.0-255,66,103355,58,178485
27049,0.001942,172.31.46.0-255,66,103421,58,178485
27050,0.001963,74.125.24.0-255,2184,105605,58,178485
27051,0.00198,172.31.46.0-255,66,105671,58,178485
27052,0.003959,74.125.24.0-255,2902,108573,58,178485
27053,0.003966,172.31.46.0-255,66,108639,58,178485
27054,0.003997,74.125.24.0-255,2902,111541,58,178485
27055,0.004921,172.31.46.0-255,66,111607,58,178485
27056,0.005994,74.125.24.0-255,2902,114509,58,178485
27057,0.005999,172.31.46.0-255,66,114575,58,178485
27058,0.006946,74.125.24.0-255,2902,117477,58,178485
27059,0.00802,74.125.24.0-255,2902,120379,58,178485
27060,0.008507,172.31.46.0-255,66,120445,58,178485
27061,0.010552,74.125.24.0-255,5738,126183,58,178485
27062,0.010563,172.31.46.0-255,66,126249,58,178485
27063,0.012609,74.125.24.0-255,5738,131987,58,178485
27064,0.012617,172.31.46.0-255,66,132053,58,178485
27065,0.014661,74.125.24.0-255,5738,137791,58,178485
27066,0.014669,172.31.46.0-255,66,137857,58,178485
27067,0.01674,74.125.24.0-255,5738,143595,58,178485
27068,0.016751,172.31.46.0-255,66,143661,58,178485
27069,0.018779,74.125.24.0-255,5738,149399,58,178485
27070,0.018787,172.31.46.0-255,66,149465,58,178485
27071,0.020848,74.125.24.0-255,5738,155203,58,178485
27072,0.020856,172.31.46.0-255,66,155269,58,178485
27073,0.022881,74.125.24.0-255,5738,161007,58,178485
27074,0.022888,172.31.46.0-255,66,161073,58,178485
27075,0.024923,74.125.24.0-255,5738,166811,58,178485
27076,0.02493,172.31.46.0-255,66,166877,58,178485
27077,0.026964,74.125.24.0-255,5738,172615,58,178485
27078,0.026976,172.31.46.0-255,66,172681,58,178485
27079,0.028983,74.125.24.0-255,5738,178419,58,178485
27080,0.028991,172.31.46.0-255,66,178485,58,178485
27081,0.0,74.125.24.0-255,151,151,58,163880
27082,1.2e-05,172.31.46.0-255,66,217,58,163880
27083,3.1e-05,74.125.24.0-255,1484,1701,58,163880
27084,3.6e-05,172.31.46.0-255,66,1767,58,163880
27085,4.1e-05,74.125.24.0-255,2902,4669,58,163880
27086,4.3e-05,172.31.46.0-255,66,4735,58,163880
27087,4.5e-05,74.125.24.0-255,1484,6219,58,163880
27088,4.7e-05,172.31.46.0-255,66,6285,58,163880
27089,7.4e-05,74.125.24.0-255,2902,9187,58,163880
27090,7.7e-05,172.31.46.0-255,66,9253,58,163880
27091,9e-05,172.31.46.0-255,66,9319,58,163880
27092,0.000111,74.125.24.0-255,720,10039,58,163880
27093,0.000113,172.31.46.0-255,66,10105,58,163880
27094,0.00014,74.125.24.0-255,7156,17261,58,163880
27095,0.000142,172.31.46.0-255,66,17327,58,163880
27096,0.00016,74.125.24.0-255,5379,22706,58,163880
27097,0.000163,172.31.46.0-255,66,22772,58,163880
27098,0.000176,74.125.24.0-255,1484,24256,58,163880
27099,0.000181,172.31.46.0-255,66,24322,58,163880
27100,0.000186,74.125.24.0-255,2902,27224,58,163880
27101,0.000188,172.31.46.0-255,66,27290,58,163880
27102,0.000224,74.125.24.0-255,5738,33028,58,163880
27103,0.00024,172.31.46.0-255,66,33094,58,163880
27104,0.000249,74.125.24.0-255,7156,40250,58,163880
27105,0.000251,172.31.46.0-255,66,40316,58,163880
27106,0.000268,172.31.46.0-255,66,40382,58,163880
27107,0.000301,74.125.24.0-255,4320,44702,58,163880
27108,0.000304,172.31.46.0-255,66,44768,58,163880
27109,0.000308,74.125.24.0-255,2477,47245,58,163880
27110,0.00031,172.31.46.0-255,66,47311,58,163880
27111,0.00034,74.125.24.0-255,133,47444,58,163880
27112,0.000354,74.125.24.0-255,348,47792,58,163880
27113,0.000544,74.125.24.0-255,1484,49276,58,163880
27114,0.000549,172.31.46.0-255,66,49342,58,163880
27115,0.000555,74.125.24.0-255,2902,52244,58,163880
27116,0.000557,172.31.46.0-255,66,52310,58,163880
27117,0.000591,74.125.24.0-255,5738,58048,58,163880
27118,0.000594,172.31.46.0-255,66,58114,58,163880
27119,0.0006,74.125.24.0-255,5738,63852,58,163880
27120,0.000602,172.31.46.0-255,66,63918,58,163880
27121,0.000636,74.125.24.0-255,7156,71074,58,163880
27122,0.000639,172.31.46.0-255,66,71140,58,163880
27123,0.000653,172.31.46.0-255,66,71206,58,163880
27124,0.000754,74.125.24.0-255,1484,72690,58,163880
27125,0.00076,74.125.24.0-255,2902,75592,58,163880
27126,0.000763,172.31.46.0-255,66,75658,58,163880
27127,0.00077,74.125.24.0-255,5738,81396,58,163880
27128,0.000773,172.31.46.0-255,66,81462,58,163880
27129,0.000797,74.125.24.0-255,2902,84364,58,163880
27130,0.0008,172.31.46.0-255,66,84430,58,163880
27131,0.000836,172.31.46.0-255,66,84496,58,163880
27132,0.000848,172.31.46.0-255,66,84562,58,163880
27133,0.002554,74.125.24.0-255,1484,86046,58,163880
27134,0.002565,74.125.24.0-255,2902,88948,58,163880
27135,0.00257,172.31.46.0-255,66,89014,58,163880
27136,0.002578,74.125.24.0-255,5738,94752,58,163880
27137,0.00258,172.31.46.0-255,66,94818,58,163880
27138,0.002583,74.125.24.0-255,1484,96302,58,163880
27139,0.002622,74.125.24.0-255,4320,100622,58,163880
27140,0.002625,172.31.46.0-255,66,100688,58,163880
27141,0.002643,172.31.46.0-255,66,100754,58,163880
27142,0.00265,74.125.24.0-255,5020,105774,58,163880
27143,0.002652,172.31.46.0-255,66,105840,58,163880
27144,0.005232,74.125.24.0-255,5738,111578,58,163880
27145,0.005239,172.31.46.0-255,66,111644,58,163880
27146,0.007821,74.125.24.0-255,5738,117382,58,163880
27147,0.007828,172.31.46.0-255,66,117448,58,163880
27148,0.010386,74.125.24.0-255,5738,123186,58,163880
27149,0.010394,172.31.46.0-255,66,123252,58,163880
27150,0.01299,74.125.24.0-255,5738,128990,58,163880
27151,0.012997,172.31.46.0-255,66,129056,58,163880
27152,0.015588,74.125.24.0-255,5738,134794,58,163880
27153,0.015594,172.31.46.0-255,66,134860,58,163880
27154,0.018157,74.125.24.0-255,5738,140598,58,163880
27155,0.018166,172.31.46.0-255,66,140664,58,163880
27156,0.020789,74.125.24.0-255,5738,146402,58,163880
27157,0.020798,172.31.46.0-255,66,146468,58,163880
27158,0.023347,74.125.24.0-255,5738,152206,58,163880
27159,0.023357,172.31.46.0-255,66,152272,58,163880
27160,0.02597,74.125.24.0-255,5738,158010,58,163880
27161,0.025978,172.31.46.0-255,66,158076,58,163880
27162,0.028553,74.125.24.0-255,5738,163814,58,163880
27163,0.028559,172.31.46.0-255,66,163880,58,163880
27164,0.0,74.125.24.0-255,143,143,58,118257
27165,2.3e-05,172.31.46.0-255,66,209,58,118257
27166,3.1e-05,74.125.24.0-255,1484,1693,58,118257
27167,3.6e-05,172.31.46.0-255,66,1759,58,118257
27168,4.9e-05,74.125.24.0-255,2902,4661,58,118257
27169,5.3e-05,172.31.46.0-255,66,4727,58,118257
27170,6.1e-05,74.125.24.0-255,7156,11883,58,118257
27171,6.5e-05,172.31.46.0-255,66,11949,58,118257
27172,6.9e-05,74.125.24.0-255,2041,13990,58,118257
27173,7.2e-05,172.31.46.0-255,66,14056,58,118257
27174,7.7e-05,74.125.24.0-255,2902,16958,58,118257
27175,8e-05,172.31.46.0-255,66,17024,58,118257
27176,0.000122,172.31.46.0-255,66,17090,58,118257
27177,0.000139,172.31.46.0-255,66,17156,58,118257
27178,0.000178,74.125.24.0-255,6438,23594,58,118257
27179,0.000181,172.31.46.0-255,66,23660,58,118257
27180,0.000189,74.125.24.0-255,7156,30816,58,118257
27181,0.000192,172.31.46.0-255,66,30882,58,118257
27182,0.000225,172.31.46.0-255,66,30948,58,118257
27183,0.000228,74.125.24.0-255,398,31346,58,118257
27184,0.00023,172.31.46.0-255,66,31412,58,118257
27185,0.000326,74.125.24.0-255,1484,32896,58,118257
27186,0.00033,172.31.46.0-255,66,32962,58,118257
27187,0.000336,74.125.24.0-255,2902,35864,58,118257
27188,0.000339,172.31.46.0-255,66,35930,58,118257
27189,0.000368,74.125.24.0-255,5738,41668,58,118257
27190,0.000371,172.31.46.0-255,66,41734,58,118257
27191,0.000397,74.125.24.0-255,5738,47472,58,118257
27192,0.0004,172.31.46.0-255,66,47538,58,118257
27193,0.000433,74.125.24.0-255,7156,54694,58,118257
27194,0.000436,172.31.46.0-255,66,54760,58,118257
27195,0.000453,172.31.46.0-255,66,54826,58,118257
27196,0.000482,172.31.46.0-255,66,54892,58,118257
27197,0.000494,172.31.46.0-255,66,54958,58,118257
27198,0.000568,172.31.46.0-255,66,55024,58,118257
27199,0.000592,74.125.24.0-255,1484,56508,58,118257
27200,0.000597,74.125.24.0-255,2902,59410,58,118257
27201,0.0006,172.31.46.0-255,66,59476,58,118257
27202,0.000607,74.125.24.0-255,5738,65214,58,118257
27203,0.000609,172.31.46.0-255,66,65280,58,118257
27204,0.000615,74.125.24.0-255,5738,71018,58,118257
27205,0.000617,172.31.46.0-255,66,71084,58,118257
27206,0.00065,172.31.46.0-255,66,71150,58,118257
27207,0.000676,74.125.24.0-255,2902,74052,58,118257
27208,0.000678,172.31.46.0-255,66,74118,58,118257
27209,0.000691,172.31.46.0-255,66,74184,58,118257
27210,0.000704,172.31.46.0-255,66,74250,58,118257
27211,0.00076,172.31.46.0-255,66,74316,58,118257
27212,0.000816,74.125.24.0-255,1484,75800,58,118257
27213,0.00082,74.125.24.0-255,1484,77284,58,118257
27214,0.000824,172.31.46.0-255,66,77350,58,118257
27215,0.000848,74.125.24.0-255,1484,78834,58,118257
27216,0.000855,74.125.24.0-255,5738,84572,58,118257
27217,0.000858,172.31.46.0-255,66,84638,58,118257
27218,0.000861,74.125.24.0-255,1484,86122,58,118257
27219,0.000904,172.31.46.0-255,66,86188,58,118257
27220,0.000908,74.125.24.0-255,1484,87672,58,118257
27221,0.00094,172.31.46.0-255,66,87738,58,118257
27222,0.001071,74.125.24.0-255,1484,89222,58,118257
27223,0.001077,74.125.24.0-255,2902,92124,58,118257
27224,0.001081,172.31.46.0-255,66,92190,58,118257
27225,0.001084,74.125.24.0-255,1484,93674,58,118257
27226,0.001111,74.125.24.0-255,4320,97994,58,118257
27227,0.001114,172.31.46.0-255,66,98060,58,118257
27228,0.001133,172.31.46.0-255,66,98126,58,118257
27229,0.001144,172.31.46.0-255,66,98192,58,118257
27230,0.001192,172.31.46.0-255,66,98258,58,118257
27231,0.00123,172.31.46.0-255,66,98324,58,118257
27232,0.001235,74.125.24.0-255,4320,102644,58,118257
27233,0.001237,172.31.46.0-255,66,102710,58,118257
27234,0.001253,172.31.46.0-255,66,102776,58,118257
27235,0.001325,172.31.46.0-255,66,102842,58,118257
27236,0.001339,172.31.46.0-255,66,102908,58,118257
27237,0.001342,74.125.24.0-255,1484,104392,58,118257
27238,0.001386,172.31.46.0-255,66,104458,58,118257
27239,0.001401,172.31.46.0-255,66,104524,58,118257
27240,0.001412,172.31.46.0-255,66,104590,58,118257
27241,0.001444,74.125.24.0-255,5738,110328,58,118257
27242,0.001447,172.31.46.0-255,66,110394,58,118257
27243,0.001451,74.125.24.0-255,2902,113296,58,118257
27244,0.001454,172.31.46.0-255,66,113362,58,118257
27245,0.001504,172.31.46.0-255,66,113428,58,118257
27246,0.001511,74.125.24.0-255,4421,117849,58,118257
27247,0.001513,172.31.46.0-255,66,117915,58,118257
27248,0.001516,74.125.24.0-255,105,118020,58,118257
27249,0.009172,172.31.46.0-255,66,118086,58,118257
27250,0.009235,172.31.46.0-255,105,118191,58,118257
27251,0.011229,74.125.24.0-255,66,118257,58,118257
27252,0.0,172.217.194.0-255,152,152,58,184907
27253,2.1e-05,172.31.46.0-255,66,218,58,184907
27254,2.8e-05,172.217.194.0-255,1484,1702,58,184907
27255,3.2e-05,172.31.46.0-255,66,1768,58,184907
27256,3.7e-05,172.217.194.0-255,2902,4670,58,184907
27257,4.7e-05,172.31.46.0-255,66,4736,58,184907
27258,5.4e-05,172.217.194.0-255,7156,11892,58,184907
27259,5.7e-05,172.31.46.0-255,66,11958,58,184907
27260,6.4e-05,172.217.194.0-255,6308,18266,58,184907
27261,6.8e-05,172.31.46.0-255,66,18332,58,184907
27262,0.000106,172.217.194.0-255,2902,21234,58,184907
27263,0.000108,172.31.46.0-255,66,21300,58,184907
27264,0.000135,172.31.46.0-255,66,21366,58,184907
27265,0.000168,172.31.46.0-255,66,21432,58,184907
27266,0.000171,172.217.194.0-255,1484,22916,58,184907
27267,0.000172,172.31.46.0-255,66,22982,58,184907
27268,0.000215,172.31.46.0-255,66,23048,58,184907
27269,0.000222,172.217.194.0-255,7156,30204,58,184907
27270,0.000224,172.31.46.0-255,66,30270,58,184907
27271,0.000244,172.217.194.0-255,2495,32765,58,184907
27272,0.000246,172.31.46.0-255,66,32831,58,184907
27273,0.000278,172.217.194.0-255,366,33197,58,184907
27274,0.00028,172.31.46.0-255,66,33263,58,184907
27275,0.000407,172.217.194.0-255,1484,34747,58,184907
27276,0.000411,172.31.46.0-255,66,34813,58,184907
27277,0.000416,172.217.194.0-255,2902,37715,58,184907
27278,0.000435,172.31.46.0-255,66,37781,58,184907
27279,0.000441,172.217.194.0-255,5738,43519,58,184907
27280,0.000443,172.31.46.0-255,66,43585,58,184907
27281,0.000446,172.217.194.0-255,2902,46487,58,184907
27282,0.000448,172.31.46.0-255,66,46553,58,184907
27283,0.000494,172.31.46.0-255,66,46619,58,184907
27284,0.000504,172.31.46.0-255,66,46685,58,184907
27285,0.000506,172.217.194.0-255,766,47451,58,184907
27286,0.0012,172.217.194.0-255,1484,48935,58,184907
27287,0.001206,172.31.46.0-255,66,49001,58,184907
27288,0.001212,172.217.194.0-255,2902,51903,58,184907
27289,0.001215,172.31.46.0-255,66,51969,58,184907
27290,0.001225,172.217.194.0-255,5738,57707,58,184907
27291,0.001228,172.31.46.0-255,66,57773,58,184907
27292,0.001234,172.217.194.0-255,5738,63511,58,184907
27293,0.001236,172.31.46.0-255,66,63577,58,184907
27294,0.001239,172.217.194.0-255,1484,65061,58,184907
27295,0.001271,172.31.46.0-255,66,65127,58,184907
27296,0.001302,172.217.194.0-255,2902,68029,58,184907
27297,0.001305,172.31.46.0-255,66,68095,58,184907
27298,0.001311,172.217.194.0-255,5020,73115,58,184907
27299,0.001313,172.31.46.0-255,66,73181,58,184907
27300,0.001848,172.217.194.0-255,1484,74665,58,184907
27301,0.001858,172.217.194.0-255,2902,77567,58,184907
27302,0.001862,172.31.46.0-255,66,77633,58,184907
27303,0.00187,172.217.194.0-255,5738,83371,58,184907
27304,0.001872,172.31.46.0-255,66,83437,58,184907
27305,0.001907,172.217.194.0-255,7156,90593,58,184907
27306,0.00191,172.31.46.0-255,66,90659,58,184907
27307,0.001919,172.217.194.0-255,7156,97815,58,184907
27308,0.001921,172.31.46.0-255,66,97881,58,184907
27309,0.001937,172.217.194.0-255,7156,105037,58,184907
27310,0.001944,172.31.46.0-255,66,105103,58,184907
27311,0.001948,172.217.194.0-255,2184,107287,58,184907
27312,0.00195,172.31.46.0-255,66,107353,58,184907
27313,0.002347,172.217.194.0-255,1484,108837,58,184907
27314,0.002354,172.217.194.0-255,2902,111739,58,184907
27315,0.002358,172.31.46.0-255,66,111805,58,184907
27316,0.002365,172.217.194.0-255,5738,117543,58,184907
27317,0.002367,172.31.46.0-255,66,117609,58,184907
27318,0.002426,172.31.46.0-255,66,117675,58,184907
27319,0.002437,172.31.46.0-255,66,117741,58,184907
27320,0.002441,172.217.194.0-255,2184,119925,58,184907
27321,0.002443,172.31.46.0-255,66,119991,58,184907
27322,0.00497,172.217.194.0-255,5738,125729,58,184907
27323,0.004977,172.31.46.0-255,66,125795,58,184907
27324,0.00751,172.217.194.0-255,5738,131533,58,184907
27325,0.007516,172.31.46.0-255,66,131599,58,184907
27326,0.010072,172.217.194.0-255,5738,137337,58,184907
27327,0.010079,172.31.46.0-255,66,137403,58,184907
27328,0.012625,172.217.194.0-255,5738,143141,58,184907
27329,0.012631,172.31.46.0-255,66,143207,58,184907
27330,0.015196,172.217.194.0-255,5738,148945,58,184907
27331,0.015204,172.31.46.0-255,66,149011,58,184907
27332,0.017757,172.217.194.0-255,5738,154749,58,184907
27333,0.017765,172.31.46.0-255,66,154815,58,184907
27334,0.020291,172.217.194.0-255,5738,160553,58,184907
27335,0.020299,172.31.46.0-255,66,160619,58,184907
27336,0.02284,172.217.194.0-255,4320,164939,58,184907
27337,0.022847,172.31.46.0-255,66,165005,58,184907
27338,0.022872,172.217.194.0-255,1484,166489,58,184907
27339,0.025377,172.217.194.0-255,4320,170809,58,184907
27340,0.025383,172.31.46.0-255,66,170875,58,184907
27341,0.026264,172.31.46.0-255,172,171047,58,184907
27342,0.026299,172.31.46.0-255,1113,172160,58,184907
27343,0.026366,172.31.46.0-255,1514,173674,58,184907
27344,0.026368,172.31.46.0-255,1514,175188,58,184907
27345,0.026369,172.31.46.0-255,1514,176702,58,184907
27346,0.02637,172.31.46.0-255,1514,178216,58,184907
27347,0.026371,172.31.46.0-255,623,178839,58,184907
27348,0.02783,104.244.42.0-255,66,178905,58,184907
27349,0.027839,104.244.42.0-255,66,178971,58,184907
27350,0.027911,172.217.194.0-255,5738,184709,58,184907
27351,0.027916,172.31.46.0-255,66,184775,58,184907
27352,0.02793,104.244.42.0-255,66,184841,58,184907
27353,0.027933,104.244.42.0-255,66,184907,58,184907
27354,0.0,74.125.24.0-255,146,146,58,179758
27355,2.5e-05,172.31.46.0-255,66,212,58,179758
27356,3.2e-05,74.125.24.0-255,1484,1696,58,179758
27357,3.7e-05,172.31.46.0-255,66,1762,58,179758
27358,4.4e-05,74.125.24.0-255,2902,4664,58,179758
27359,4.8e-05,172.31.46.0-255,66,4730,58,179758
27360,5.6e-05,74.125.24.0-255,7156,11886,58,179758
27361,6e-05,172.31.46.0-255,66,11952,58,179758
27362,6.5e-05,74.125.24.0-255,2068,14020,58,179758
27363,6.7e-05,172.31.46.0-255,66,14086,58,179758
27364,0.000102,74.125.24.0-255,5738,19824,58,179758
27365,0.000105,172.31.46.0-255,66,19890,58,179758
27366,0.000122,74.125.24.0-255,2902,22792,58,179758
27367,0.000125,172.31.46.0-255,66,22858,58,179758
27368,0.000185,172.31.46.0-255,66,22924,58,179758
27369,0.000239,74.125.24.0-255,1484,24408,58,179758
27370,0.000242,172.31.46.0-255,66,24474,58,179758
27371,0.000259,74.125.24.0-255,2902,27376,58,179758
27372,0.000262,172.31.46.0-255,66,27442,58,179758
27373,0.000268,74.125.24.0-255,4320,31762,58,179758
27374,0.00027,172.31.46.0-255,66,31828,58,179758
27375,0.000282,74.125.24.0-255,1484,33312,58,179758
27376,0.000284,172.31.46.0-255,66,33378,58,179758
27377,0.000289,74.125.24.0-255,2902,36280,58,179758
27378,0.000292,172.31.46.0-255,66,36346,58,179758
27379,0.000309,74.125.24.0-255,1484,37830,58,179758
27380,0.000311,172.31.46.0-255,66,37896,58,179758
27381,0.000349,172.31.46.0-255,66,37962,58,179758
27382,0.000362,172.31.46.0-255,66,38028,58,179758
27383,0.000364,74.125.24.0-255,395,38423,58,179758
27384,0.000409,74.125.24.0-255,379,38802,58,179758
27385,0.000805,74.125.24.0-255,1484,40286,58,179758
27386,0.000812,172.31.46.0-255,66,40352,58,179758
27387,0.000818,74.125.24.0-255,2902,43254,58,179758
27388,0.00082,172.31.46.0-255,66,43320,58,179758
27389,0.000827,74.125.24.0-255,5738,49058,58,179758
27390,0.000829,172.31.46.0-255,66,49124,58,179758
27391,0.000836,74.125.24.0-255,5738,54862,58,179758
27392,0.000838,172.31.46.0-255,66,54928,58,179758
27393,0.000873,74.125.24.0-255,1484,56412,58,179758
27394,0.00089,172.31.46.0-255,66,56478,58,179758
27395,0.000894,74.125.24.0-255,2184,58662,58,179758
27396,0.000896,172.31.46.0-255,66,58728,58,179758
27397,0.001155,74.125.24.0-255,1484,60212,58,179758
27398,0.001161,74.125.24.0-255,2902,63114,58,179758
27399,0.001172,172.31.46.0-255,66,63180,58,179758
27400,0.001179,74.125.24.0-255,4320,67500,58,179758
27401,0.001181,172.31.46.0-255,66,67566,58,179758
27402,0.00122,74.125.24.0-255,1484,69050,58,179758
27403,0.001236,172.31.46.0-255,66,69116,58,179758
27404,0.00125,172.31.46.0-255,66,69182,58,179758
27405,0.001305,74.125.24.0-255,1484,70666,58,179758
27406,0.001325,74.125.24.0-255,2902,73568,58,179758
27407,0.001328,172.31.46.0-255,66,73634,58,179758
27408,0.001335,74.125.24.0-255,5738,79372,58,179758
27409,0.001338,172.31.46.0-255,66,79438,58,179758
27410,0.001382,172.31.46.0-255,66,79504,58,179758
27411,0.001391,74.125.24.0-255,7156,86660,58,179758
27412,0.001393,172.31.46.0-255,66,86726,58,179758
27413,0.001413,74.125.24.0-255,6438,93164,58,179758
27414,0.001416,172.31.46.0-255,66,93230,58,179758
27415,0.001431,172.31.46.0-255,66,93296,58,179758
27416,0.001445,172.31.46.0-255,66,93362,58,179758
27417,0.00151,74.125.24.0-255,5020,98382,58,179758
27418,0.001514,172.31.46.0-255,66,98448,58,179758
27419,0.001565,74.125.24.0-255,1484,99932,58,179758
27420,0.001602,74.125.24.0-255,1484,101416,58,179758
27421,0.001605,172.31.46.0-255,66,101482,58,179758
27422,0.001624,74.125.24.0-255,1484,102966,58,179758
27423,0.001631,74.125.24.0-255,5738,108704,58,179758
27424,0.001634,172.31.46.0-255,66,108770,58,179758
27425,0.001649,172.31.46.0-255,66,108836,58,179758
27426,0.001655,74.125.24.0-255,4320,113156,58,179758
27427,0.001657,172.31.46.0-255,66,113222,58,179758
27428,0.001684,74.125.24.0-255,4320,117542,58,179758
27429,0.001687,172.31.46.0-255,66,117608,58,179758
27430,0.001704,74.125.24.0-255,2184,119792,58,179758
27431,0.001706,172.31.46.0-255,66,119858,58,179758
27432,0.001745,74.125.24.0-255,1484,121342,58,179758
27433,0.001749,74.125.24.0-255,1484,122826,58,179758
27434,0.001752,172.31.46.0-255,66,122892,58,179758
27435,0.00177,74.125.24.0-255,1484,124376,58,179758
27436,0.001773,74.125.24.0-255,1484,125860,58,179758
27437,0.001781,172.31.46.0-255,66,125926,58,179758
27438,0.001787,74.125.24.0-255,4320,130246,58,179758
27439,0.001789,172.31.46.0-255,66,130312,58,179758
27440,0.001795,74.125.24.0-255,4320,134632,58,179758
27441,0.001797,172.31.46.0-255,66,134698,58,179758
27442,0.001826,74.125.24.0-255,5738,140436,58,179758
27443,0.001829,172.31.46.0-255,66,140502,58,179758
27444,0.001856,74.125.24.0-255,5738,146240,58,179758
27445,0.001859,172.31.46.0-255,66,146306,58,179758
27446,0.001869,172.31.46.0-255,66,146372,58,179758
27447,0.00188,172.31.46.0-255,66,146438,58,179758
27448,0.0019,74.125.24.0-255,2902,149340,58,179758
27449,0.001904,172.31.46.0-255,66,149406,58,179758
27450,0.001942,172.31.46.0-255,66,149472,58,179758
27451,0.001959,74.125.24.0-255,1484,150956,58,179758
27452,0.00199,172.31.46.0-255,66,151022,58,179758
27453,0.002005,74.125.24.0-255,1484,152506,58,179758
27454,0.002017,74.125.24.0-255,1484,153990,58,179758
27455,0.002019,172.31.46.0-255,66,154056,58,179758
27456,0.002035,74.125.24.0-255,1484,155540,58,179758
27457,0.002042,74.125.24.0-255,5738,161278,58,179758
27458,0.002045,172.31.46.0-255,66,161344,58,179758
27459,0.00205,74.125.24.0-255,4320,165664,58,179758
27460,0.002053,172.31.46.0-255,66,165730,58,179758
27461,0.002091,172.31.46.0-255,66,165796,58,179758
27462,0.002102,172.31.46.0-255,66,165862,58,179758
27463,0.002141,74.125.24.0-255,1484,167346,58,179758
27464,0.002163,74.125.24.0-255,2902,170248,58,179758
27465,0.002169,74.125.24.0-255,5738,175986,58,179758
27466,0.002173,172.31.46.0-255,66,176052,58,179758
27467,0.002177,172.31.46.0-255,66,176118,58,179758
27468,0.002199,172.31.46.0-255,66,176184,58,179758
27469,0.002215,74.125.24.0-255,2902,179086,58,179758
27470,0.002217,172.31.46.0-255,66,179152,58,179758
27471,0.002228,172.31.46.0-255,66,179218,58,179758
27472,0.002261,172.31.46.0-255,66,179284,58,179758
27473,0.002303,172.31.46.0-255,66,179350,58,179758
27474,0.002313,172.31.46.0-255,66,179416,58,179758
27475,0.002316,74.125.24.0-255,105,179521,58,179758
27476,0.011552,172.31.46.0-255,66,179587,58,179758
27477,0.011635,172.31.46.0-255,105,179692,58,179758
27478,0.013894,74.125.24.0-255,66,179758,58,179758
27479,0.0,74.125.24.0-255,152,152,58,206581
27480,2.3e-05,172.31.46.0-255,66,218,58,206581
27481,3e-05,74.125.24.0-255,1484,1702,58,206581
27482,3.4e-05,172.31.46.0-255,66,1768,58,206581
27483,4.6e-05,74.125.24.0-255,2902,4670,58,206581
27484,4.8e-05,172.31.46.0-255,66,4736,58,206581
27485,5.5e-05,74.125.24.0-255,7156,11892,58,206581
27486,5.7e-05,172.31.46.0-255,66,11958,58,206581
27487,0.0001,172.31.46.0-255,66,12024,58,206581
27488,0.000127,74.125.24.0-255,6301,18325,58,206581
27489,0.000129,172.31.46.0-255,66,18391,58,206581
27490,0.000133,74.125.24.0-255,2543,20934,58,206581
27491,0.000135,172.31.46.0-255,66,21000,58,206581
27492,0.000466,74.125.24.0-255,1484,22484,58,206581
27493,0.000472,172.31.46.0-255,66,22550,58,206581
27494,0.000479,74.125.24.0-255,2902,25452,58,206581
27495,0.000481,172.31.46.0-255,66,25518,58,206581
27496,0.000519,74.125.24.0-255,5738,31256,58,206581
27497,0.000522,172.31.46.0-255,66,31322,58,206581
27498,0.000527,74.125.24.0-255,2902,34224,58,206581
27499,0.000529,172.31.46.0-255,66,34290,58,206581
27500,0.000578,172.31.46.0-255,66,34356,58,206581
27501,0.000584,74.125.24.0-255,4320,38676,58,206581
27502,0.000586,172.31.46.0-255,66,38742,58,206581
27503,0.000613,74.125.24.0-255,2902,41644,58,206581
27504,0.000615,172.31.46.0-255,66,41710,58,206581
27505,0.000641,74.125.24.0-255,2820,44530,58,206581
27506,0.000644,172.31.46.0-255,66,44596,58,206581
27507,0.000745,74.125.24.0-255,131,44727,58,206581
27508,0.000749,172.31.46.0-255,66,44793,58,206581
27509,0.000991,172.31.46.0-255,101,44894,58,206581
27510,0.001134,74.125.24.0-255,1484,46378,58,206581
27511,0.001139,74.125.24.0-255,1484,47862,58,206581
27512,0.001142,172.31.46.0-255,66,47928,58,206581
27513,0.00117,74.125.24.0-255,1484,49412,58,206581
27514,0.001177,74.125.24.0-255,5738,55150,58,206581
27515,0.001179,172.31.46.0-255,66,55216,58,206581
27516,0.001184,74.125.24.0-255,4320,59536,58,206581
27517,0.001187,172.31.46.0-255,66,59602,58,206581
27518,0.001198,74.125.24.0-255,4320,63922,58,206581
27519,0.0012,172.31.46.0-255,66,63988,58,206581
27520,0.001235,74.125.24.0-255,7156,71144,58,206581
27521,0.001237,172.31.46.0-255,66,71210,58,206581
27522,0.001261,172.31.46.0-255,66,71276,58,206581
27523,0.00138,74.125.24.0-255,345,71621,58,206581
27524,0.001412,74.125.24.0-255,1484,73105,58,206581
27525,0.001417,172.31.46.0-255,66,73171,58,206581
27526,0.001436,74.125.24.0-255,2902,76073,58,206581
27527,0.001439,172.31.46.0-255,66,76139,58,206581
27528,0.001445,74.125.24.0-255,5738,81877,58,206581
27529,0.001447,172.31.46.0-255,66,81943,58,206581
27530,0.001486,172.31.46.0-255,66,82009,58,206581
27531,0.001494,74.125.24.0-255,7156,89165,58,206581
27532,0.001495,172.31.46.0-255,66,89231,58,206581
27533,0.001525,74.125.24.0-255,1484,90715,58,206581
27534,0.001541,74.125.24.0-255,2184,92899,58,206581
27535,0.001545,172.31.46.0-255,66,92965,58,206581
27536,0.001702,74.125.24.0-255,1484,94449,58,206581
27537,0.001719,74.125.24.0-255,2902,97351,58,206581
27538,0.001722,172.31.46.0-255,66,97417,58,206581
27539,0.001752,74.125.24.0-255,5738,103155,58,206581
27540,0.001754,172.31.46.0-255,66,103221,58,206581
27541,0.00176,74.125.24.0-255,4320,107541,58,206581
27542,0.001762,172.31.46.0-255,66,107607,58,206581
27543,0.001767,74.125.24.0-255,2902,110509,58,206581
27544,0.001773,172.31.46.0-255,66,110575,58,206581
27545,0.001809,172.31.46.0-255,66,110641,58,206581
27546,0.001812,74.125.24.0-255,1484,112125,58,206581
27547,0.001837,74.125.24.0-255,4320,116445,58,206581
27548,0.001841,172.31.46.0-255,66,116511,58,206581
27549,0.001867,74.125.24.0-255,2184,118695,58,206581
27550,0.00187,172.31.46.0-255,66,118761,58,206581
27551,0.002178,74.125.24.0-255,1484,120245,58,206581
27552,0.00219,74.125.24.0-255,2902,123147,58,206581
27553,0.002193,172.31.46.0-255,66,123213,58,206581
27554,0.002218,74.125.24.0-255,5738,128951,58,206581
27555,0.00222,172.31.46.0-255,66,129017,58,206581
27556,0.002225,74.125.24.0-255,4320,133337,58,206581
27557,0.002227,172.31.46.0-255,66,133403,58,206581
27558,0.002265,172.31.46.0-255,66,133469,58,206581
27559,0.002273,172.31.46.0-255,66,133535,58,206581
27560,0.002341,172.31.46.0-255,66,133601,58,206581
27561,0.00236,172.31.46.0-255,66,133667,58,206581
27562,0.002364,74.125.24.0-255,2184,135851,58,206581
27563,0.002365,172.31.46.0-255,66,135917,58,206581
27564,0.002843,74.125.24.0-255,1484,137401,58,206581
27565,0.002861,74.125.24.0-255,2902,140303,58,206581
27566,0.002864,172.31.46.0-255,66,140369,58,206581
27567,0.00287,74.125.24.0-255,2902,143271,58,206581
27568,0.002871,172.31.46.0-255,66,143337,58,206581
27569,0.002896,74.125.24.0-255,2902,146239,58,206581
27570,0.002898,172.31.46.0-255,66,146305,58,206581
27571,0.002903,74.125.24.0-255,2902,149207,58,206581
27572,0.002904,172.31.46.0-255,66,149273,58,206581
27573,0.002951,74.125.24.0-255,7156,156429,58,206581
27574,0.002954,172.31.46.0-255,66,156495,58,206581
27575,0.00296,74.125.24.0-255,5738,162233,58,206581
27576,0.002962,172.31.46.0-255,66,162299,58,206581
27577,0.002973,74.125.24.0-255,4320,166619,58,206581
27578,0.002975,172.31.46.0-255,66,166685,58,206581
27579,0.002979,74.125.24.0-255,2902,169587,58,206581
27580,0.002981,172.31.46.0-255,66,169653,58,206581
27581,0.003005,74.125.24.0-255,766,170419,58,206581
27582,0.003011,74.125.24.0-255,4320,174739,58,206581
27583,0.003013,172.31.46.0-255,66,174805,58,206581
27584,0.003024,74.125.24.0-255,5738,180543,58,206581
27585,0.003026,172.31.46.0-255,66,180609,58,206581
27586,0.003057,74.125.24.0-255,4320,184929,58,206581
27587,0.003059,172.31.46.0-255,66,184995,58,206581
27588,0.003062,74.125.24.0-255,1484,186479,58,206581
27589,0.003065,74.125.24.0-255,1484,187963,58,206581
27590,0.003067,172.31.46.0-255,66,188029,58,206581
27591,0.003087,172.31.46.0-255,66,188095,58,206581
27592,0.003089,74.125.24.0-255,766,188861,58,206581
27593,0.003092,74.125.24.0-255,1484,190345,58,206581
27594,0.003094,172.31.46.0-255,66,190411,58,206581
27595,0.003101,74.125.24.0-255,4320,194731,58,206581
27596,0.003103,172.31.46.0-255,66,194797,58,206581
27597,0.00315,172.31.46.0-255,66,194863,58,206581
27598,0.003162,172.31.46.0-255,66,194929,58,206581
27599,0.003176,172.31.46.0-255,66,194995,58,206581
27600,0.003209,74.125.24.0-255,4320,199315,58,206581
27601,0.003212,172.31.46.0-255,66,199381,58,206581
27602,0.003228,172.31.46.0-255,66,199447,58,206581
27603,0.003234,74.125.24.0-255,5020,204467,58,206581
27604,0.003236,172.31.46.0-255,66,204533,58,206581
27605,0.003308,172.31.46.0-255,66,204599,58,206581
27606,0.003347,172.31.46.0-255,66,204665,58,206581
27607,0.00335,74.125.24.0-255,66,204731,58,206581
27608,0.003354,74.125.24.0-255,1325,206056,58,206581
27609,0.003383,74.125.24.0-255,105,206161,58,206581
27610,0.00988,172.31.46.0-255,66,206227,58,206581
27611,0.009915,172.31.46.0-255,105,206332,58,206581
27612,0.01211,74.125.24.0-255,105,206437,58,206581
27613,0.01212,172.31.46.0-255,78,206515,58,206581
27614,0.016089,74.125.24.0-255,66,206581,58,206581
27615,0.0,172.217.194.0-255,147,147,58,149853
27616,2.3e-05,172.31.46.0-255,66,213,58,149853
27617,3e-05,172.217.194.0-255,1484,1697,58,149853
27618,3.4e-05,172.31.46.0-255,66,1763,58,149853
27619,4e-05,172.217.194.0-255,2902,4665,58,149853
27620,5e-05,172.31.46.0-255,66,4731,58,149853
27621,5.9e-05,172.217.194.0-255,7156,11887,58,149853
27622,6.1e-05,172.31.46.0-255,66,11953,58,149853
27623,7.4e-05,172.31.46.0-255,66,12019,58,149853
27624,0.000111,172.217.194.0-255,1939,13958,58,149853
27625,0.000113,172.31.46.0-255,66,14024,58,149853
27626,0.000121,172.217.194.0-255,6797,20821,58,149853
27627,0.000124,172.31.46.0-255,66,20887,58,149853
27628,0.000222,172.217.194.0-255,1484,22371,58,149853
27629,0.000226,172.31.46.0-255,66,22437,58,149853
27630,0.000231,172.217.194.0-255,2902,25339,58,149853
27631,0.000233,172.31.46.0-255,66,25405,58,149853
27632,0.00027,172.217.194.0-255,5738,31143,58,149853
27633,0.000273,172.31.46.0-255,66,31209,58,149853
27634,0.00028,172.217.194.0-255,5738,36947,58,149853
27635,0.000282,172.31.46.0-255,66,37013,58,149853
27636,0.000311,172.217.194.0-255,4320,41333,58,149853
27637,0.000313,172.31.46.0-255,66,41399,58,149853
27638,0.000347,172.31.46.0-255,66,41465,58,149853
27639,0.000353,172.217.194.0-255,3961,45426,58,149853
27640,0.000355,172.31.46.0-255,66,45492,58,149853
27641,0.000358,172.217.194.0-255,379,45871,58,149853
27642,0.000364,172.31.46.0-255,66,45937,58,149853
27643,0.000388,172.217.194.0-255,364,46301,58,149853
27644,0.00039,172.31.46.0-255,66,46367,58,149853
27645,0.000556,172.217.194.0-255,1484,47851,58,149853
27646,0.000569,172.217.194.0-255,2902,50753,58,149853
27647,0.000573,172.31.46.0-255,66,50819,58,149853
27648,0.00058,172.217.194.0-255,5738,56557,58,149853
27649,0.000582,172.31.46.0-255,66,56623,58,149853
27650,0.000619,172.31.46.0-255,66,56689,58,149853
27651,0.000686,172.31.46.0-255,66,56755,58,149853
27652,0.000876,172.217.194.0-255,1484,58239,58,149853
27653,0.000898,172.217.194.0-255,2902,61141,58,149853
27654,0.000901,172.31.46.0-255,66,61207,58,149853
27655,0.000907,172.217.194.0-255,5738,66945,58,149853
27656,0.000909,172.31.46.0-255,66,67011,58,149853
27657,0.000935,172.31.46.0-255,66,67077,58,149853
27658,0.000948,172.217.194.0-255,2902,69979,58,149853
27659,0.00095,172.31.46.0-255,66,70045,58,149853
27660,0.000965,172.31.46.0-255,66,70111,58,149853
27661,0.000967,172.217.194.0-255,766,70877,58,149853
27662,0.001061,172.217.194.0-255,1484,72361,58,149853
27663,0.001065,172.31.46.0-255,66,72427,58,149853
27664,0.001069,172.217.194.0-255,2902,75329,58,149853
27665,0.001071,172.31.46.0-255,66,75395,58,149853
27666,0.001074,172.217.194.0-255,1484,76879,58,149853
27667,0.001099,172.217.194.0-255,4320,81199,58,149853
27668,0.001101,172.31.46.0-255,66,81265,58,149853
27669,0.001116,172.31.46.0-255,66,81331,58,149853
27670,0.001148,172.217.194.0-255,4320,85651,58,149853
27671,0.00115,172.31.46.0-255,66,85717,58,149853
27672,0.001183,172.31.46.0-255,66,85783,58,149853
27673,0.001189,172.217.194.0-255,7156,92939,58,149853
27674,0.001191,172.31.46.0-255,66,93005,58,149853
27675,0.001229,172.217.194.0-255,7156,100161,58,149853
27676,0.001232,172.31.46.0-255,66,100227,58,149853
27677,0.001243,172.31.46.0-255,66,100293,58,149853
27678,0.001257,172.31.46.0-255,66,100359,58,149853
27679,0.001456,172.217.194.0-255,1484,101843,58,149853
27680,0.001461,172.217.194.0-255,2902,104745,58,149853
27681,0.001464,172.31.46.0-255,66,104811,58,149853
27682,0.00147,172.217.194.0-255,5738,110549,58,149853
27683,0.001472,172.31.46.0-255,66,110615,58,149853
27684,0.001509,172.31.46.0-255,66,110681,58,149853
27685,0.001519,172.31.46.0-255,66,110747,58,149853
27686,0.001542,172.217.194.0-255,1484,112231,58,149853
27687,0.001546,172.217.194.0-255,766,112997,58,149853
27688,0.001548,172.31.46.0-255,66,113063,58,149853
27689,0.001618,172.217.194.0-255,1484,114547,58,149853
27690,0.00163,172.217.194.0-255,2902,117449,58,149853
27691,0.001632,172.31.46.0-255,66,117515,58,149853
27692,0.001638,172.217.194.0-255,4320,121835,58,149853
27693,0.00164,172.31.46.0-255,66,121901,58,149853
27694,0.001667,172.217.194.0-255,1484,123385,58,149853
27695,0.001681,172.31.46.0-255,66,123451,58,149853
27696,0.001685,172.217.194.0-255,2902,126353,58,149853
27697,0.001687,172.31.46.0-255,66,126419,58,149853
27698,0.001751,172.31.46.0-255,66,126485,58,149853
27699,0.001777,172.31.46.0-255,66,126551,58,149853
27700,0.001795,172.31.46.0-255,66,126617,58,149853
27701,0.001853,172.217.194.0-255,7156,133773,58,149853
27702,0.001856,172.31.46.0-255,66,133839,58,149853
27703,0.001865,172.31.46.0-255,66,133905,58,149853
27704,0.001881,172.31.46.0-255,66,133971,58,149853
27705,0.001911,172.217.194.0-255,5738,139709,58,149853
27706,0.001914,172.31.46.0-255,66,139775,58,149853
27707,0.001917,172.217.194.0-255,766,140541,58,149853
27708,0.001934,172.31.46.0-255,66,140607,58,149853
27709,0.001966,172.217.194.0-255,5738,146345,58,149853
27710,0.001968,172.31.46.0-255,66,146411,58,149853
27711,0.001983,172.31.46.0-255,66,146477,58,149853
27712,0.001987,172.217.194.0-255,2902,149379,58,149853
27713,0.001989,172.31.46.0-255,66,149445,58,149853
27714,0.002033,172.31.46.0-255,66,149511,58,149853
27715,0.002035,172.217.194.0-255,105,149616,58,149853
27716,0.008286,172.31.46.0-255,66,149682,58,149853
27717,0.008324,172.31.46.0-255,105,149787,58,149853
27718,0.010934,172.217.194.0-255,66,149853,58,149853
27719,0.0,74.125.200.0-255,150,150,58,296191
27720,1.5e-05,172.31.46.0-255,66,216,58,296191
27721,2.2e-05,74.125.200.0-255,1484,1700,58,296191
27722,2.6e-05,172.31.46.0-255,66,1766,58,296191
27723,3.2e-05,74.125.200.0-255,2902,4668,58,296191
27724,3.5e-05,172.31.46.0-255,66,4734,58,296191
27725,4e-05,74.125.200.0-255,2902,7636,58,296191
27726,4.2e-05,172.31.46.0-255,66,7702,58,296191
27727,6.4e-05,74.125.200.0-255,1484,9186,58,296191
27728,6.7e-05,172.31.46.0-255,66,9252,58,296191
27729,7.5e-05,74.125.200.0-255,4915,14167,58,296191
27730,7.7e-05,172.31.46.0-255,66,14233,58,296191
27731,0.00012,172.31.46.0-255,66,14299,58,296191
27732,0.000154,74.125.200.0-255,6797,21096,58,296191
27733,0.000158,172.31.46.0-255,66,21162,58,296191
27734,0.000228,74.125.200.0-255,1484,22646,58,296191
27735,0.000231,172.31.46.0-255,66,22712,58,296191
27736,0.000237,74.125.200.0-255,2902,25614,58,296191
27737,0.000239,172.31.46.0-255,66,25680,58,296191
27738,0.000267,74.125.200.0-255,4320,30000,58,296191
27739,0.000271,172.31.46.0-255,66,30066,58,296191
27740,0.000301,172.31.46.0-255,66,30132,58,296191
27741,0.000304,74.125.200.0-255,1484,31616,58,296191
27742,0.000306,172.31.46.0-255,66,31682,58,296191
27743,0.000352,74.125.200.0-255,5738,37420,58,296191
27744,0.000355,172.31.46.0-255,66,37486,58,296191
27745,0.000381,74.125.200.0-255,7156,44642,58,296191
27746,0.000384,172.31.46.0-255,66,44708,58,296191
27747,0.000396,74.125.200.0-255,1401,46109,58,296191
27748,0.000398,172.31.46.0-255,66,46175,58,296191
27749,0.00043,74.125.200.0-255,383,46558,58,296191
27750,0.00062,74.125.200.0-255,1484,48042,58,296191
27751,0.000624,172.31.46.0-255,66,48108,58,296191
27752,0.000638,74.125.200.0-255,2902,51010,58,296191
27753,0.000641,172.31.46.0-255,66,51076,58,296191
27754,0.000666,74.125.200.0-255,4320,55396,58,296191
27755,0.000669,172.31.46.0-255,66,55462,58,296191
27756,0.000675,74.125.200.0-255,5738,61200,58,296191
27757,0.000678,172.31.46.0-255,66,61266,58,296191
27758,0.00073,172.31.46.0-255,66,61332,58,296191
27759,0.000757,74.125.200.0-255,5738,67070,58,296191
27760,0.000759,172.31.46.0-255,66,67136,58,296191
27761,0.000775,74.125.200.0-255,3961,71097,58,296191
27762,0.000777,172.31.46.0-255,66,71163,58,296191
27763,0.001066,74.125.200.0-255,1484,72647,58,296191
27764,0.001081,74.125.200.0-255,2902,75549,58,296191
27765,0.001086,172.31.46.0-255,66,75615,58,296191
27766,0.001095,74.125.200.0-255,2902,78517,58,296191
27767,0.001097,172.31.46.0-255,66,78583,58,296191
27768,0.001112,74.125.200.0-255,2902,81485,58,296191
27769,0.001115,172.31.46.0-255,66,81551,58,296191
27770,0.001119,74.125.200.0-255,2902,84453,58,296191
27771,0.001121,172.31.46.0-255,66,84519,58,296191
27772,0.001127,74.125.200.0-255,4320,88839,58,296191
27773,0.001129,172.31.46.0-255,66,88905,58,296191
27774,0.001165,172.31.46.0-255,66,88971,58,296191
27775,0.001175,172.31.46.0-255,66,89037,58,296191
27776,0.001367,74.125.200.0-255,1484,90521,58,296191
27777,0.001381,74.125.200.0-255,2902,93423,58,296191
27778,0.001384,172.31.46.0-255,66,93489,58,296191
27779,0.001409,74.125.200.0-255,5738,99227,58,296191
27780,0.001412,172.31.46.0-255,66,99293,58,296191
27781,0.001416,74.125.200.0-255,2902,102195,58,296191
27782,0.001418,172.31.46.0-255,66,102261,58,296191
27783,0.001442,74.125.200.0-255,4320,106581,58,296191
27784,0.001445,172.31.46.0-255,66,106647,58,296191
27785,0.001459,74.125.200.0-255,5738,112385,58,296191
27786,0.001461,172.31.46.0-255,66,112451,58,296191
27787,0.001469,74.125.200.0-255,5738,118189,58,296191
27788,0.001471,172.31.46.0-255,66,118255,58,296191
27789,0.001488,74.125.200.0-255,1484,119739,58,296191
27790,0.0015,172.31.46.0-255,66,119805,58,296191
27791,0.001522,74.125.200.0-255,5738,125543,58,296191
27792,0.001525,172.31.46.0-255,66,125609,58,296191
27793,0.001555,74.125.200.0-255,7156,132765,58,296191
27794,0.001557,172.31.46.0-255,66,132831,58,296191
27795,0.001563,74.125.200.0-255,4320,137151,58,296191
27796,0.001565,172.31.46.0-255,66,137217,58,296191
27797,0.001582,74.125.200.0-255,5738,142955,58,296191
27798,0.001585,172.31.46.0-255,66,143021,58,296191
27799,0.001606,74.125.200.0-255,2902,145923,58,296191
27800,0.001609,172.31.46.0-255,66,145989,58,296191
27801,0.001632,74.125.200.0-255,3602,149591,58,296191
27802,0.001634,172.31.46.0-255,66,149657,58,296191
27803,0.00174,74.125.200.0-255,1484,151141,58,296191
27804,0.001755,74.125.200.0-255,2902,154043,58,296191
27805,0.001758,172.31.46.0-255,66,154109,58,296191
27806,0.001762,74.125.200.0-255,1484,155593,58,296191
27807,0.001775,74.125.200.0-255,2902,158495,58,296191
27808,0.001778,172.31.46.0-255,66,158561,58,296191
27809,0.001797,74.125.200.0-255,1484,160045,58,296191
27810,0.001818,74.125.200.0-255,4320,164365,58,296191
27811,0.001821,172.31.46.0-255,66,164431,58,296191
27812,0.001824,74.125.200.0-255,1484,165915,58,296191
27813,0.001829,74.125.200.0-255,2902,168817,58,296191
27814,0.001831,172.31.46.0-255,66,168883,58,296191
27815,0.001873,74.125.200.0-255,5738,174621,58,296191
27816,0.001878,172.31.46.0-255,66,174687,58,296191
27817,0.001893,74.125.200.0-255,1484,176171,58,296191
27818,0.001922,74.125.200.0-255,5738,181909,58,296191
27819,0.001926,172.31.46.0-255,66,181975,58,296191
27820,0.00193,74.125.200.0-255,2184,184159,58,296191
27821,0.001932,172.31.46.0-255,66,184225,58,296191
27822,0.002036,74.125.200.0-255,1484,185709,58,296191
27823,0.002055,74.125.200.0-255,2902,188611,58,296191
27824,0.00206,172.31.46.0-255,66,188677,58,296191
27825,0.002067,74.125.200.0-255,1484,190161,58,296191
27826,0.002071,74.125.200.0-255,1484,191645,58,296191
27827,0.002073,172.31.46.0-255,66,191711,58,296191
27828,0.002094,74.125.200.0-255,1484,193195,58,296191
27829,0.002116,74.125.200.0-255,5738,198933,58,296191
27830,0.002119,172.31.46.0-255,66,198999,58,296191
27831,0.002122,74.125.200.0-255,1484,200483,58,296191
27832,0.002143,74.125.200.0-255,2902,203385,58,296191
27833,0.002145,172.31.46.0-255,66,203451,58,296191
27834,0.002161,74.125.200.0-255,5738,209189,58,296191
27835,0.002163,172.31.46.0-255,66,209255,58,296191
27836,0.002188,74.125.200.0-255,2902,212157,58,296191
27837,0.002191,172.31.46.0-255,66,212223,58,296191
27838,0.002196,74.125.200.0-255,4320,216543,58,296191
27839,0.002198,172.31.46.0-255,66,216609,58,296191
27840,0.002244,74.125.200.0-255,2184,218793,58,296191
27841,0.002246,172.31.46.0-255,66,218859,58,296191
27842,0.002251,74.125.200.0-255,2902,221761,58,296191
27843,0.002253,172.31.46.0-255,66,221827,58,296191
27844,0.002267,74.125.200.0-255,2902,224729,58,296191
27845,0.002269,172.31.46.0-255,66,224795,58,296191
27846,0.002287,74.125.200.0-255,4320,229115,58,296191
27847,0.002289,172.31.46.0-255,66,229181,58,296191
27848,0.002299,172.31.46.0-255,66,229247,58,296191
27849,0.002326,74.125.200.0-255,2902,232149,58,296191
27850,0.002329,172.31.46.0-255,66,232215,58,296191
27851,0.002365,172.31.46.0-255,66,232281,58,296191
27852,0.004673,74.125.200.0-255,5738,238019,58,296191
27853,0.004682,172.31.46.0-255,66,238085,58,296191
27854,0.007006,74.125.200.0-255,5738,243823,58,296191
27855,0.00701,172.31.46.0-255,66,243889,58,296191
27856,0.009336,74.125.200.0-255,5738,249627,58,296191
27857,0.009341,172.31.46.0-255,66,249693,58,296191
27858,0.011669,74.125.200.0-255,5738,255431,58,296191
27859,0.011676,172.31.46.0-255,66,255497,58,296191
27860,0.013989,74.125.200.0-255,5738,261235,58,296191
27861,0.013996,172.31.46.0-255,66,261301,58,296191
27862,0.016319,74.125.200.0-255,5738,267039,58,296191
27863,0.016329,172.31.46.0-255,66,267105,58,296191
27864,0.018642,74.125.200.0-255,5738,272843,58,296191
27865,0.018647,172.31.46.0-255,66,272909,58,296191
27866,0.020974,74.125.200.0-255,5738,278647,58,296191
27867,0.020983,172.31.46.0-255,66,278713,58,296191
27868,0.023296,74.125.200.0-255,5738,284451,58,296191
27869,0.023303,172.31.46.0-255,66,284517,58,296191
27870,0.025624,74.125.200.0-255,5738,290255,58,296191
27871,0.025632,172.31.46.0-255,66,290321,58,296191
27872,0.027956,74.125.200.0-255,4320,294641,58,296191
27873,0.027963,172.31.46.0-255,66,294707,58,296191
27874,0.027983,74.125.200.0-255,1484,296191,58,296191
27875,0.0,172.31.46.0-255,105,105,58,660
27876,0.000258,172.31.46.0-255,90,195,58,660
27877,0.000268,172.31.46.0-255,66,261,58,660
27878,0.001766,157.240.25.0-255,105,366,58,660
27879,0.001806,172.31.46.0-255,54,420,58,660
27880,0.001812,157.240.25.0-255,66,486,58,660
27881,0.001817,172.31.46.0-255,54,540,58,660
27882,0.001959,157.240.25.0-255,60,600,58,660
27883,0.001961,157.240.25.0-255,60,660,58,660
27884,0.0,74.125.24.0-255,152,152,58,219049
27885,2.2e-05,172.31.46.0-255,66,218,58,219049
27886,2.9e-05,74.125.24.0-255,1484,1702,58,219049
27887,3.4e-05,172.31.46.0-255,66,1768,58,219049
27888,4e-05,74.125.24.0-255,2902,4670,58,219049
27889,4.4e-05,172.31.46.0-255,66,4736,58,219049
27890,5.1e-05,74.125.24.0-255,5738,10474,58,219049
27891,5.4e-05,172.31.46.0-255,66,10540,58,219049
27892,0.000106,74.125.24.0-255,3425,13965,58,219049
27893,0.000109,172.31.46.0-255,66,14031,58,219049
27894,0.000115,74.125.24.0-255,4320,18351,58,219049
27895,0.000117,172.31.46.0-255,66,18417,58,219049
27896,0.00013,172.31.46.0-255,66,18483,58,219049
27897,0.000134,74.125.24.0-255,2543,21026,58,219049
27898,0.000136,172.31.46.0-255,66,21092,58,219049
27899,0.000162,172.31.46.0-255,66,21158,58,219049
27900,0.000184,74.125.24.0-255,5738,26896,58,219049
27901,0.000186,172.31.46.0-255,66,26962,58,219049
27902,0.00019,74.125.24.0-255,2543,29505,58,219049
27903,0.000192,172.31.46.0-255,66,29571,58,219049
27904,0.001028,74.125.24.0-255,1484,31055,58,219049
27905,0.001035,172.31.46.0-255,66,31121,58,219049
27906,0.001045,74.125.24.0-255,2902,34023,58,219049
27907,0.001048,172.31.46.0-255,66,34089,58,219049
27908,0.001055,74.125.24.0-255,5738,39827,58,219049
27909,0.001057,172.31.46.0-255,66,39893,58,219049
27910,0.001062,74.125.24.0-255,2902,42795,58,219049
27911,0.001064,172.31.46.0-255,66,42861,58,219049
27912,0.001097,74.125.24.0-255,1484,44345,58,219049
27913,0.001099,172.31.46.0-255,66,44411,58,219049
27914,0.00112,74.125.24.0-255,2543,46954,58,219049
27915,0.001122,172.31.46.0-255,66,47020,58,219049
27916,0.001163,74.125.24.0-255,1484,48504,58,219049
27917,0.001169,74.125.24.0-255,2902,51406,58,219049
27918,0.001172,172.31.46.0-255,66,51472,58,219049
27919,0.001181,74.125.24.0-255,5738,57210,58,219049
27920,0.001183,172.31.46.0-255,66,57276,58,219049
27921,0.001213,74.125.24.0-255,6797,64073,58,219049
27922,0.001217,172.31.46.0-255,66,64139,58,219049
27923,0.001224,74.125.24.0-255,7156,71295,58,219049
27924,0.001227,172.31.46.0-255,66,71361,58,219049
27925,0.001243,74.125.24.0-255,2902,74263,58,219049
27926,0.001245,172.31.46.0-255,66,74329,58,219049
27927,0.001283,172.31.46.0-255,66,74395,58,219049
27928,0.001295,172.31.46.0-255,66,74461,58,219049
27929,0.00137,74.125.24.0-255,1484,75945,58,219049
27930,0.001376,74.125.24.0-255,2902,78847,58,219049
27931,0.00138,172.31.46.0-255,66,78913,58,219049
27932,0.001385,74.125.24.0-255,2902,81815,58,219049
27933,0.001388,172.31.46.0-255,66,81881,58,219049
27934,0.001403,74.125.24.0-255,2902,84783,58,219049
27935,0.001406,172.31.46.0-255,66,84849,58,219049
27936,0.001411,74.125.24.0-255,4320,89169,58,219049
27937,0.001413,172.31.46.0-255,66,89235,58,219049
27938,0.001452,172.31.46.0-255,66,89301,58,219049
27939,0.001477,172.31.46.0-255,66,89367,58,219049
27940,0.0015,74.125.24.0-255,2184,91551,58,219049
27941,0.001502,172.31.46.0-255,66,91617,58,219049
27942,0.001534,74.125.24.0-255,1484,93101,58,219049
27943,0.001539,74.125.24.0-255,2902,96003,58,219049
27944,0.001542,172.31.46.0-255,66,96069,58,219049
27945,0.001564,74.125.24.0-255,5738,101807,58,219049
27946,0.001567,172.31.46.0-255,66,101873,58,219049
27947,0.00157,74.125.24.0-255,1484,103357,58,219049
27948,0.00159,74.125.24.0-255,4320,107677,58,219049
27949,0.001592,172.31.46.0-255,66,107743,58,219049
27950,0.001595,74.125.24.0-255,1484,109227,58,219049
27951,0.001621,172.31.46.0-255,66,109293,58,219049
27952,0.001639,74.125.24.0-255,1484,110777,58,219049
27953,0.001659,74.125.24.0-255,3602,114379,58,219049
27954,0.001662,172.31.46.0-255,66,114445,58,219049
27955,0.001831,74.125.24.0-255,1484,115929,58,219049
27956,0.001838,74.125.24.0-255,2902,118831,58,219049
27957,0.001843,172.31.46.0-255,66,118897,58,219049
27958,0.001867,74.125.24.0-255,5738,124635,58,219049
27959,0.00187,172.31.46.0-255,66,124701,58,219049
27960,0.001929,74.125.24.0-255,5738,130439,58,219049
27961,0.001932,172.31.46.0-255,66,130505,58,219049
27962,0.00194,74.125.24.0-255,7156,137661,58,219049
27963,0.001942,172.31.46.0-255,66,137727,58,219049
27964,0.001956,172.31.46.0-255,66,137793,58,219049
27965,0.003976,74.125.24.0-255,5738,143531,58,219049
27966,0.003984,172.31.46.0-255,66,143597,58,219049
27967,0.00594,74.125.24.0-255,5738,149335,58,219049
27968,0.005945,172.31.46.0-255,66,149401,58,219049
27969,0.00792,74.125.24.0-255,5738,155139,58,219049
27970,0.007924,172.31.46.0-255,66,155205,58,219049
27971,0.009895,74.125.24.0-255,5738,160943,58,219049
27972,0.009901,172.31.46.0-255,66,161009,58,219049
27973,0.011876,74.125.24.0-255,5738,166747,58,219049
27974,0.011884,172.31.46.0-255,66,166813,58,219049
27975,0.013871,74.125.24.0-255,5738,172551,58,219049
27976,0.01388,172.31.46.0-255,66,172617,58,219049
27977,0.015846,74.125.24.0-255,5738,178355,58,219049
27978,0.015854,172.31.46.0-255,66,178421,58,219049
27979,0.017798,74.125.24.0-255,5738,184159,58,219049
27980,0.017808,172.31.46.0-255,66,184225,58,219049
27981,0.019768,74.125.24.0-255,5738,189963,58,219049
27982,0.019778,172.31.46.0-255,66,190029,58,219049
27983,0.021756,74.125.24.0-255,5738,195767,58,219049
27984,0.021763,172.31.46.0-255,66,195833,58,219049
27985,0.023713,74.125.24.0-255,5738,201571,58,219049
27986,0.02372,172.31.46.0-255,66,201637,58,219049
27987,0.025675,74.125.24.0-255,5738,207375,58,219049
27988,0.025682,172.31.46.0-255,66,207441,58,219049
27989,0.027682,74.125.24.0-255,5738,213179,58,219049
27990,0.027689,172.31.46.0-255,66,213245,58,219049
27991,0.029663,74.125.24.0-255,5738,218983,58,219049
27992,0.029671,172.31.46.0-255,66,219049,58,219049
27993,0.0,172.217.27.0-255,153,153,58,188350
27994,2.2e-05,172.31.46.0-255,66,219,58,188350
27995,3e-05,172.217.27.0-255,1484,1703,58,188350
27996,3.5e-05,172.31.46.0-255,66,1769,58,188350
27997,4e-05,172.217.27.0-255,2902,4671,58,188350
27998,5.1e-05,172.31.46.0-255,66,4737,58,188350
27999,5.8e-05,172.217.27.0-255,5738,10475,58,188350
28000,6.2e-05,172.31.46.0-255,66,10541,58,188350
28001,8.6e-05,172.217.27.0-255,2902,13443,58,188350
28002,8.9e-05,172.31.46.0-255,66,13509,58,188350
28003,0.00012,172.217.27.0-255,2042,15551,58,188350
28004,0.000123,172.31.46.0-255,66,15617,58,188350
28005,0.000145,172.217.27.0-255,5738,21355,58,188350
28006,0.000147,172.31.46.0-255,66,21421,58,188350
28007,0.000195,172.217.27.0-255,2902,24323,58,188350
28008,0.000197,172.31.46.0-255,66,24389,58,188350
28009,0.000228,172.217.27.0-255,6797,31186,58,188350
28010,0.000231,172.31.46.0-255,66,31252,58,188350
28011,0.000302,172.217.27.0-255,2902,34154,58,188350
28012,0.000304,172.31.46.0-255,66,34220,58,188350
28013,0.000332,172.217.27.0-255,7156,41376,58,188350
28014,0.000334,172.31.46.0-255,66,41442,58,188350
28015,0.000411,172.31.46.0-255,66,41508,58,188350
28016,0.00045,172.31.46.0-255,66,41574,58,188350
28017,0.000622,172.217.27.0-255,2808,44382,58,188350
28018,0.000627,172.31.46.0-255,66,44448,58,188350
28019,0.000698,172.217.27.0-255,140,44588,58,188350
28020,0.000701,172.31.46.0-255,66,44654,58,188350
28021,0.00083,172.217.27.0-255,1484,46138,58,188350
28022,0.000836,172.31.46.0-255,66,46204,58,188350
28023,0.000841,172.217.27.0-255,2902,49106,58,188350
28024,0.000844,172.31.46.0-255,66,49172,58,188350
28025,0.000867,172.217.27.0-255,5738,54910,58,188350
28026,0.000869,172.31.46.0-255,66,54976,58,188350
28027,0.00091,172.217.27.0-255,5738,60714,58,188350
28028,0.000923,172.31.46.0-255,66,60780,58,188350
28029,0.000956,172.31.46.0-255,66,60846,58,188350
28030,0.001056,172.217.27.0-255,2902,63748,58,188350
28031,0.001061,172.31.46.0-255,66,63814,58,188350
28032,0.00109,172.217.27.0-255,2902,66716,58,188350
28033,0.001092,172.31.46.0-255,66,66782,58,188350
28034,0.001119,172.217.27.0-255,3961,70743,58,188350
28035,0.001124,172.31.46.0-255,66,70809,58,188350
28036,0.001174,172.217.27.0-255,4320,75129,58,188350
28037,0.001178,172.31.46.0-255,66,75195,58,188350
28038,0.001202,172.217.27.0-255,2902,78097,58,188350
28039,0.001207,172.31.46.0-255,66,78163,58,188350
28040,0.001242,172.31.46.0-255,66,78229,58,188350
28041,0.001334,172.31.46.0-255,66,78295,58,188350
28042,0.001364,172.217.27.0-255,5020,83315,58,188350
28043,0.001367,172.31.46.0-255,66,83381,58,188350
28044,0.00152,172.31.46.0-255,66,83447,58,188350
28045,0.001564,172.31.46.0-255,66,83513,58,188350
28046,0.001812,172.217.27.0-255,5738,89251,58,188350
28047,0.001816,172.31.46.0-255,66,89317,58,188350
28048,0.001866,172.31.46.0-255,66,89383,58,188350
28049,0.002104,172.217.27.0-255,5738,95121,58,188350
28050,0.002109,172.31.46.0-255,66,95187,58,188350
28051,0.002178,172.31.46.0-255,66,95253,58,188350
28052,0.002225,172.31.46.0-255,66,95319,58,188350
28053,0.003852,172.217.27.0-255,5738,101057,58,188350
28054,0.003859,172.31.46.0-255,66,101123,58,188350
28055,0.00548,172.217.27.0-255,5738,106861,58,188350
28056,0.005485,172.31.46.0-255,66,106927,58,188350
28057,0.007112,172.217.27.0-255,5738,112665,58,188350
28058,0.007119,172.31.46.0-255,66,112731,58,188350
28059,0.007647,172.31.46.0-255,101,112832,58,188350
28060,0.008768,172.217.27.0-255,5738,118570,58,188350
28061,0.008774,172.31.46.0-255,66,118636,58,188350
28062,0.009231,172.217.27.0-255,66,118702,58,188350
28063,0.010405,172.217.27.0-255,5738,124440,58,188350
28064,0.010413,172.31.46.0-255,66,124506,58,188350
28065,0.012043,172.217.27.0-255,5738,130244,58,188350
28066,0.01205,172.31.46.0-255,66,130310,58,188350
28067,0.013678,172.217.27.0-255,5738,136048,58,188350
28068,0.013686,172.31.46.0-255,66,136114,58,188350
28069,0.015318,172.217.27.0-255,5738,141852,58,188350
28070,0.015325,172.31.46.0-255,66,141918,58,188350
28071,0.016946,172.217.27.0-255,5738,147656,58,188350
28072,0.016953,172.31.46.0-255,66,147722,58,188350
28073,0.018583,172.217.27.0-255,5738,153460,58,188350
28074,0.01859,172.31.46.0-255,66,153526,58,188350
28075,0.020212,172.217.27.0-255,5738,159264,58,188350
28076,0.02022,172.31.46.0-255,66,159330,58,188350
28077,0.021843,172.217.27.0-255,5738,165068,58,188350
28078,0.021851,172.31.46.0-255,66,165134,58,188350
28079,0.023484,172.217.27.0-255,5738,170872,58,188350
28080,0.023494,172.31.46.0-255,66,170938,58,188350
28081,0.025123,172.217.27.0-255,5738,176676,58,188350
28082,0.025129,172.31.46.0-255,66,176742,58,188350
28083,0.026752,172.217.27.0-255,5738,182480,58,188350
28084,0.026759,172.31.46.0-255,66,182546,58,188350
28085,0.028383,172.217.27.0-255,5738,188284,58,188350
28086,0.028389,172.31.46.0-255,66,188350,58,188350
28087,0.0,74.125.24.0-255,148,148,58,189236
28088,3.4e-05,172.31.46.0-255,66,214,58,189236
28089,4.1e-05,74.125.24.0-255,1484,1698,58,189236
28090,4.6e-05,172.31.46.0-255,66,1764,58,189236
28091,5.8e-05,74.125.24.0-255,2902,4666,58,189236
28092,6.1e-05,172.31.46.0-255,66,4732,58,189236
28093,6.4e-05,74.125.24.0-255,1484,6216,58,189236
28094,6.7e-05,172.31.46.0-255,66,6282,58,189236
28095,7.3e-05,74.125.24.0-255,5738,12020,58,189236
28096,7.6e-05,172.31.46.0-255,66,12086,58,189236
28097,0.000104,74.125.24.0-255,2101,14187,58,189236
28098,0.000106,172.31.46.0-255,66,14253,58,189236
28099,0.000145,74.125.24.0-255,2902,17155,58,189236
28100,0.000148,172.31.46.0-255,66,17221,58,189236
28101,0.000154,74.125.24.0-255,4320,21541,58,189236
28102,0.000156,172.31.46.0-255,66,21607,58,189236
28103,0.0002,172.31.46.0-255,66,21673,58,189236
28104,0.000203,74.125.24.0-255,1125,22798,58,189236
28105,0.000205,172.31.46.0-255,66,22864,58,189236
28106,0.000297,74.125.24.0-255,1484,24348,58,189236
28107,0.000301,172.31.46.0-255,66,24414,58,189236
28108,0.00032,74.125.24.0-255,2902,27316,58,189236
28109,0.000323,172.31.46.0-255,66,27382,58,189236
28110,0.000359,74.125.24.0-255,5738,33120,58,189236
28111,0.000363,172.31.46.0-255,66,33186,58,189236
28112,0.00037,74.125.24.0-255,6797,39983,58,189236
28113,0.000372,172.31.46.0-255,66,40049,58,189236
28114,0.000386,74.125.24.0-255,7156,47205,58,189236
28115,0.000389,172.31.46.0-255,66,47271,58,189236
28116,0.000435,172.31.46.0-255,66,47337,58,189236
28117,0.000459,74.125.24.0-255,1421,48758,58,189236
28118,0.000775,74.125.24.0-255,133,48891,58,189236
28119,0.000781,172.31.46.0-255,66,48957,58,189236
28120,0.000947,74.125.24.0-255,1484,50441,58,189236
28121,0.000954,74.125.24.0-255,2902,53343,58,189236
28122,0.000959,172.31.46.0-255,66,53409,58,189236
28123,0.000996,74.125.24.0-255,5738,59147,58,189236
28124,0.001005,172.31.46.0-255,66,59213,58,189236
28125,0.00103,74.125.24.0-255,1484,60697,58,189236
28126,0.001061,172.31.46.0-255,66,60763,58,189236
28127,0.001077,172.31.46.0-255,66,60829,58,189236
28128,0.001089,74.125.24.0-255,3961,64790,58,189236
28129,0.001094,172.31.46.0-255,66,64856,58,189236
28130,0.001839,74.125.24.0-255,1484,66340,58,189236
28131,0.001851,74.125.24.0-255,2902,69242,58,189236
28132,0.001856,172.31.46.0-255,66,69308,58,189236
28133,0.001865,74.125.24.0-255,5738,75046,58,189236
28134,0.001891,74.125.24.0-255,5738,80784,58,189236
28135,0.001904,74.125.24.0-255,4320,85104,58,189236
28136,0.001922,74.125.24.0-255,5738,90842,58,189236
28137,0.001938,74.125.24.0-255,5738,96580,58,189236
28138,0.001948,172.31.46.0-255,66,96646,58,189236
28139,0.001972,74.125.24.0-255,2184,98830,58,189236
28140,0.002003,172.31.46.0-255,66,98896,58,189236
28141,0.002194,74.125.24.0-255,1484,100380,58,189236
28142,0.002201,74.125.24.0-255,2902,103282,58,189236
28143,0.002204,172.31.46.0-255,66,103348,58,189236
28144,0.002208,74.125.24.0-255,1484,104832,58,189236
28145,0.002232,74.125.24.0-255,4320,109152,58,189236
28146,0.002242,74.125.24.0-255,1484,110636,58,189236
28147,0.002255,172.31.46.0-255,66,110702,58,189236
28148,0.002296,74.125.24.0-255,2902,113604,58,189236
28149,0.002299,74.125.24.0-255,1484,115088,58,189236
28150,0.002306,172.31.46.0-255,66,115154,58,189236
28151,0.002325,172.31.46.0-255,66,115220,58,189236
28152,0.002386,74.125.24.0-255,4320,119540,58,189236
28153,0.002389,172.31.46.0-255,66,119606,58,189236
28154,0.002394,172.31.46.0-255,66,119672,58,189236
28155,0.002443,74.125.24.0-255,4320,123992,58,189236
28156,0.002452,172.31.46.0-255,66,124058,58,189236
28157,0.002501,74.125.24.0-255,4320,128378,58,189236
28158,0.002543,74.125.24.0-255,3602,131980,58,189236
28159,0.002617,74.125.24.0-255,5738,137718,58,189236
28160,0.002623,74.125.24.0-255,5020,142738,58,189236
28161,0.002629,172.31.46.0-255,66,142804,58,189236
28162,0.005152,74.125.24.0-255,5738,148542,58,189236
28163,0.005159,172.31.46.0-255,66,148608,58,189236
28164,0.007685,74.125.24.0-255,5738,154346,58,189236
28165,0.007694,172.31.46.0-255,66,154412,58,189236
28166,0.010199,74.125.24.0-255,5738,160150,58,189236
28167,0.010213,172.31.46.0-255,66,160216,58,189236
28168,0.012741,74.125.24.0-255,5738,165954,58,189236
28169,0.012756,172.31.46.0-255,66,166020,58,189236
28170,0.015308,74.125.24.0-255,5738,171758,58,189236
28171,0.015331,172.31.46.0-255,66,171824,58,189236
28172,0.017868,74.125.24.0-255,5738,177562,58,189236
28173,0.022607,172.31.46.0-255,66,177628,58,189236
28174,0.025192,74.125.24.0-255,5738,183366,58,189236
28175,0.025211,172.31.46.0-255,66,183432,58,189236
28176,0.027761,74.125.24.0-255,5738,189170,58,189236
28177,0.027777,172.31.46.0-255,66,189236,58,189236
28178,0.0,172.217.160.0-255,152,152,58,295830
28179,2.1e-05,172.31.46.0-255,66,218,58,295830
28180,2.8e-05,172.217.160.0-255,1484,1702,58,295830
28181,3.2e-05,172.31.46.0-255,66,1768,58,295830
28182,3.8e-05,172.217.160.0-255,2902,4670,58,295830
28183,4.1e-05,172.31.46.0-255,66,4736,58,295830
28184,4.8e-05,172.217.160.0-255,7156,11892,58,295830
28185,5e-05,172.31.46.0-255,66,11958,58,295830
28186,5.4e-05,172.217.160.0-255,2060,14018,58,295830
28187,5.6e-05,172.31.46.0-255,66,14084,58,295830
28188,6e-05,172.217.160.0-255,1484,15568,58,295830
28189,6.2e-05,172.31.46.0-255,66,15634,58,295830
28190,8.7e-05,172.217.160.0-255,1484,17118,58,295830
28191,9e-05,172.31.46.0-255,66,17184,58,295830
28192,9.6e-05,172.217.160.0-255,7156,24340,58,295830
28193,9.8e-05,172.31.46.0-255,66,24406,58,295830
28194,0.000101,172.217.160.0-255,1484,25890,58,295830
28195,0.000102,172.31.46.0-255,66,25956,58,295830
28196,0.00013,172.217.160.0-255,5379,31335,58,295830
28197,0.000132,172.31.46.0-255,66,31401,58,295830
28198,0.000162,172.217.160.0-255,7156,38557,58,295830
28199,0.000165,172.31.46.0-255,66,38623,58,295830
28200,0.000169,172.217.160.0-255,4320,42943,58,295830
28201,0.000171,172.31.46.0-255,66,43009,58,295830
28202,0.000191,172.217.160.0-255,5379,48388,58,295830
28203,0.000193,172.31.46.0-255,66,48454,58,295830
28204,0.000297,172.217.160.0-255,1484,49938,58,295830
28205,0.000301,172.31.46.0-255,66,50004,58,295830
28206,0.000306,172.217.160.0-255,2902,52906,58,295830
28207,0.000308,172.31.46.0-255,66,52972,58,295830
28208,0.000314,172.217.160.0-255,5738,58710,58,295830
28209,0.000316,172.31.46.0-255,66,58776,58,295830
28210,0.000365,172.217.160.0-255,7104,65880,58,295830
28211,0.000368,172.31.46.0-255,66,65946,58,295830
28212,0.000561,172.217.160.0-255,372,66318,58,295830
28213,0.000671,172.217.160.0-255,1484,67802,58,295830
28214,0.000675,172.31.46.0-255,66,67868,58,295830
28215,0.00068,172.217.160.0-255,2902,70770,58,295830
28216,0.000682,172.31.46.0-255,66,70836,58,295830
28217,0.000696,172.217.160.0-255,5738,76574,58,295830
28218,0.000698,172.31.46.0-255,66,76640,58,295830
28219,0.000734,172.217.160.0-255,4320,80960,58,295830
28220,0.000736,172.31.46.0-255,66,81026,58,295830
28221,0.000753,172.217.160.0-255,2543,83569,58,295830
28222,0.000755,172.31.46.0-255,66,83635,58,295830
28223,0.000762,172.217.160.0-255,7156,90791,58,295830
28224,0.000764,172.31.46.0-255,66,90857,58,295830
28225,0.000769,172.217.160.0-255,4320,95177,58,295830
28226,0.000771,172.31.46.0-255,66,95243,58,295830
28227,0.000794,172.217.160.0-255,5379,100622,58,295830
28228,0.000797,172.31.46.0-255,66,100688,58,295830
28229,0.000889,172.217.160.0-255,1484,102172,58,295830
28230,0.000894,172.217.160.0-255,2902,105074,58,295830
28231,0.000896,172.31.46.0-255,66,105140,58,295830
28232,0.000901,172.217.160.0-255,2902,108042,58,295830
28233,0.000903,172.31.46.0-255,66,108108,58,295830
28234,0.000917,172.217.160.0-255,2902,111010,58,295830
28235,0.000924,172.31.46.0-255,66,111076,58,295830
28236,0.000927,172.217.160.0-255,1484,112560,58,295830
28237,0.000953,172.31.46.0-255,66,112626,58,295830
28238,0.00097,172.217.160.0-255,4320,116946,58,295830
28239,0.000972,172.31.46.0-255,66,117012,58,295830
28240,0.000988,172.217.160.0-255,6438,123450,58,295830
28241,0.00099,172.31.46.0-255,66,123516,58,295830
28242,0.001042,172.217.160.0-255,1484,125000,58,295830
28243,0.001047,172.217.160.0-255,2902,127902,58,295830
28244,0.001057,172.31.46.0-255,66,127968,58,295830
28245,0.001068,172.217.160.0-255,5738,133706,58,295830
28246,0.001073,172.217.160.0-255,4320,138026,58,295830
28247,0.001087,172.217.160.0-255,5738,143764,58,295830
28248,0.001096,172.31.46.0-255,66,143830,58,295830
28249,0.001123,172.217.160.0-255,5738,149568,58,295830
28250,0.001128,172.31.46.0-255,66,149634,58,295830
28251,0.001161,172.31.46.0-255,66,149700,58,295830
28252,0.00137,172.217.160.0-255,1484,151184,58,295830
28253,0.001375,172.217.160.0-255,2902,154086,58,295830
28254,0.001378,172.31.46.0-255,66,154152,58,295830
28255,0.001401,172.217.160.0-255,5738,159890,58,295830
28256,0.001426,172.217.160.0-255,4320,164210,58,295830
28257,0.001432,172.217.160.0-255,5738,169948,58,295830
28258,0.001436,172.31.46.0-255,66,170014,58,295830
28259,0.001455,172.217.160.0-255,5020,175034,58,295830
28260,0.001461,172.31.46.0-255,66,175100,58,295830
28261,0.001492,172.217.160.0-255,4320,179420,58,295830
28262,0.001497,172.31.46.0-255,66,179486,58,295830
28263,0.001519,172.217.160.0-255,7156,186642,58,295830
28264,0.001524,172.217.160.0-255,4320,190962,58,295830
28265,0.001534,172.31.46.0-255,66,191028,58,295830
28266,0.001556,172.31.46.0-255,66,191094,58,295830
28267,0.001574,172.217.160.0-255,1484,192578,58,295830
28268,0.001578,172.217.160.0-255,2902,195480,58,295830
28269,0.001582,172.31.46.0-255,66,195546,58,295830
28270,0.001588,172.217.160.0-255,1484,197030,58,295830
28271,0.001605,172.217.160.0-255,4320,201350,58,295830
28272,0.001608,172.217.160.0-255,1484,202834,58,295830
28273,0.001614,172.31.46.0-255,66,202900,58,295830
28274,0.001705,172.31.46.0-255,66,202966,58,295830
28275,0.003365,172.217.160.0-255,5738,208704,58,295830
28276,0.003371,172.31.46.0-255,66,208770,58,295830
28277,0.005032,172.217.160.0-255,5738,214508,58,295830
28278,0.005038,172.31.46.0-255,66,214574,58,295830
28279,0.006694,172.217.160.0-255,5738,220312,58,295830
28280,0.006699,172.31.46.0-255,66,220378,58,295830
28281,0.008359,172.217.160.0-255,5738,226116,58,295830
28282,0.008366,172.31.46.0-255,66,226182,58,295830
28283,0.010031,172.217.160.0-255,5738,231920,58,295830
28284,0.010038,172.31.46.0-255,66,231986,58,295830
28285,0.011747,172.217.160.0-255,5738,237724,58,295830
28286,0.011755,172.31.46.0-255,66,237790,58,295830
28287,0.013418,172.217.160.0-255,5738,243528,58,295830
28288,0.013424,172.31.46.0-255,66,243594,58,295830
28289,0.015112,172.217.160.0-255,5738,249332,58,295830
28290,0.01512,172.31.46.0-255,66,249398,58,295830
28291,0.016797,172.217.160.0-255,5738,255136,58,295830
28292,0.016812,172.31.46.0-255,66,255202,58,295830
28293,0.018479,172.217.160.0-255,5738,260940,58,295830
28294,0.018488,172.31.46.0-255,66,261006,58,295830
28295,0.020159,172.217.160.0-255,5738,266744,58,295830
28296,0.020166,172.31.46.0-255,66,266810,58,295830
28297,0.021828,172.217.160.0-255,5738,272548,58,295830
28298,0.021836,172.31.46.0-255,66,272614,58,295830
28299,0.023499,172.217.160.0-255,5738,278352,58,295830
28300,0.023506,172.31.46.0-255,66,278418,58,295830
28301,0.025198,172.217.160.0-255,5738,284156,58,295830
28302,0.025206,172.31.46.0-255,66,284222,58,295830
28303,0.026872,172.217.160.0-255,5738,289960,58,295830
28304,0.026879,172.31.46.0-255,66,290026,58,295830
28305,0.028548,172.217.160.0-255,5738,295764,58,295830
28306,0.028554,172.31.46.0-255,66,295830,58,295830
28307,0.0,172.217.194.0-255,66,66,58,66
28308,0.0,74.125.68.0-255,301,301,58,177373
28309,2.3e-05,172.31.46.0-255,66,367,58,177373
28310,3e-05,74.125.68.0-255,1484,1851,58,177373
28311,3.6e-05,172.31.46.0-255,66,1917,58,177373
28312,4.9e-05,74.125.68.0-255,2902,4819,58,177373
28313,5.4e-05,172.31.46.0-255,66,4885,58,177373
28314,6.1e-05,74.125.68.0-255,5738,10623,58,177373
28315,6.5e-05,172.31.46.0-255,66,10689,58,177373
28316,7e-05,74.125.68.0-255,3273,13962,58,177373
28317,7.4e-05,172.31.46.0-255,66,14028,58,177373
28318,0.000108,74.125.68.0-255,4320,18348,58,177373
28319,0.000111,172.31.46.0-255,66,18414,58,177373
28320,0.000119,74.125.68.0-255,7156,25570,58,177373
28321,0.000121,172.31.46.0-255,66,25636,58,177373
28322,0.000149,74.125.68.0-255,2902,28538,58,177373
28323,0.000151,172.31.46.0-255,66,28604,58,177373
28324,0.000156,74.125.68.0-255,2543,31147,58,177373
28325,0.000158,172.31.46.0-255,66,31213,58,177373
28326,0.000338,74.125.68.0-255,1484,32697,58,177373
28327,0.000342,172.31.46.0-255,66,32763,58,177373
28328,0.000348,74.125.68.0-255,2902,35665,58,177373
28329,0.000351,172.31.46.0-255,66,35731,58,177373
28330,0.000358,74.125.68.0-255,1484,37215,58,177373
28331,0.000361,172.31.46.0-255,66,37281,58,177373
28332,0.000387,74.125.68.0-255,4320,41601,58,177373
28333,0.00039,172.31.46.0-255,66,41667,58,177373
28334,0.000398,74.125.68.0-255,5738,47405,58,177373
28335,0.0004,172.31.46.0-255,66,47471,58,177373
28336,0.000402,74.125.68.0-255,1484,48955,58,177373
28337,0.000404,172.31.46.0-255,66,49021,58,177373
28338,0.000435,74.125.68.0-255,5738,54759,58,177373
28339,0.000438,172.31.46.0-255,66,54825,58,177373
28340,0.000442,74.125.68.0-255,1484,56309,58,177373
28341,0.000484,74.125.68.0-255,399,56708,58,177373
28342,0.000558,172.31.46.0-255,66,56774,58,177373
28343,0.000822,74.125.68.0-255,109,56883,58,177373
28344,0.001092,74.125.68.0-255,1484,58367,58,177373
28345,0.001104,172.31.46.0-255,66,58433,58,177373
28346,0.001111,74.125.68.0-255,2902,61335,58,177373
28347,0.001134,74.125.68.0-255,4320,65655,58,177373
28348,0.001148,74.125.68.0-255,1484,67139,58,177373
28349,0.001155,172.31.46.0-255,66,67205,58,177373
28350,0.001187,74.125.68.0-255,7156,74361,58,177373
28351,0.001193,74.125.68.0-255,5738,80099,58,177373
28352,0.001202,172.31.46.0-255,66,80165,58,177373
28353,0.001235,74.125.68.0-255,7156,87321,58,177373
28354,0.001241,74.125.68.0-255,3602,90923,58,177373
28355,0.001258,172.31.46.0-255,66,90989,58,177373
28356,0.002383,74.125.68.0-255,1484,92473,58,177373
28357,0.002392,74.125.68.0-255,1484,93957,58,177373
28358,0.002397,172.31.46.0-255,66,94023,58,177373
28359,0.002403,74.125.68.0-255,2902,96925,58,177373
28360,0.002428,74.125.68.0-255,5738,102663,58,177373
28361,0.002431,74.125.68.0-255,1484,104147,58,177373
28362,0.002452,74.125.68.0-255,4320,108467,58,177373
28363,0.00246,74.125.68.0-255,7156,115623,58,177373
28364,0.002486,74.125.68.0-255,1484,117107,58,177373
28365,0.00471,172.31.46.0-255,66,117173,58,177373
28366,0.007251,74.125.68.0-255,5738,122911,58,177373
28367,0.007257,172.31.46.0-255,66,122977,58,177373
28368,0.009786,74.125.68.0-255,5738,128715,58,177373
28369,0.009799,172.31.46.0-255,66,128781,58,177373
28370,0.012357,74.125.68.0-255,5738,134519,58,177373
28371,0.012375,172.31.46.0-255,66,134585,58,177373
28372,0.014915,74.125.68.0-255,5738,140323,58,177373
28373,0.014931,172.31.46.0-255,66,140389,58,177373
28374,0.017497,74.125.68.0-255,5738,146127,58,177373
28375,0.017508,172.31.46.0-255,66,146193,58,177373
28376,0.020064,74.125.68.0-255,5738,151931,58,177373
28377,0.020081,172.31.46.0-255,66,151997,58,177373
28378,0.022641,74.125.68.0-255,5738,157735,58,177373
28379,0.022656,172.31.46.0-255,66,157801,58,177373
28380,0.025235,74.125.68.0-255,5738,163539,58,177373
28381,0.025251,172.31.46.0-255,66,163605,58,177373
28382,0.027778,74.125.68.0-255,5738,169343,58,177373
28383,0.027786,172.31.46.0-255,66,169409,58,177373
28384,0.0296,172.31.46.0-255,172,169581,58,177373
28385,0.029633,172.31.46.0-255,1113,170694,58,177373
28386,0.029696,172.31.46.0-255,1514,172208,58,177373
28387,0.029698,172.31.46.0-255,1514,173722,58,177373
28388,0.0297,172.31.46.0-255,1514,175236,58,177373
28389,0.029701,172.31.46.0-255,1514,176750,58,177373
28390,0.029702,172.31.46.0-255,623,177373,58,177373
28391,0.0,74.125.200.0-255,152,152,58,218636
28392,1.3e-05,172.31.46.0-255,66,218,58,218636
28393,3.7e-05,74.125.200.0-255,1484,1702,58,218636
28394,4.1e-05,172.31.46.0-255,66,1768,58,218636
28395,6.1e-05,74.125.200.0-255,2902,4670,58,218636
28396,6.5e-05,172.31.46.0-255,66,4736,58,218636
28397,6.9e-05,74.125.200.0-255,2902,7638,58,218636
28398,7.2e-05,172.31.46.0-255,66,7704,58,218636
28399,0.000106,74.125.200.0-255,4320,12024,58,218636
28400,0.00011,172.31.46.0-255,66,12090,58,218636
28401,0.000133,74.125.200.0-255,2042,14132,58,218636
28402,0.000136,172.31.46.0-255,66,14198,58,218636
28403,0.000154,74.125.200.0-255,2902,17100,58,218636
28404,0.000156,172.31.46.0-255,66,17166,58,218636
28405,0.00017,74.125.200.0-255,2902,20068,58,218636
28406,0.000172,172.31.46.0-255,66,20134,58,218636
28407,0.000192,74.125.200.0-255,4320,24454,58,218636
28408,0.000195,172.31.46.0-255,66,24520,58,218636
28409,0.000226,74.125.200.0-255,1484,26004,58,218636
28410,0.000228,172.31.46.0-255,66,26070,58,218636
28411,0.000247,74.125.200.0-255,2902,28972,58,218636
28412,0.00025,172.31.46.0-255,66,29038,58,218636
28413,0.000293,74.125.200.0-255,2543,31581,58,218636
28414,0.000295,172.31.46.0-255,66,31647,58,218636
28415,0.000298,74.125.200.0-255,1484,33131,58,218636
28416,0.0003,172.31.46.0-255,66,33197,58,218636
28417,0.000314,74.125.200.0-255,1484,34681,58,218636
28418,0.000316,172.31.46.0-255,66,34747,58,218636
28419,0.00033,74.125.200.0-255,2902,37649,58,218636
28420,0.000332,172.31.46.0-255,66,37715,58,218636
28421,0.000352,74.125.200.0-255,4320,42035,58,218636
28422,0.000354,172.31.46.0-255,66,42101,58,218636
28423,0.000373,74.125.200.0-255,1484,43585,58,218636
28424,0.000397,74.125.200.0-255,7156,50741,58,218636
28425,0.000453,74.125.200.0-255,4320,55061,58,218636
28426,0.000487,74.125.200.0-255,2902,57963,58,218636
28427,0.000538,172.31.46.0-255,66,58029,58,218636
28428,0.000552,74.125.200.0-255,131,58160,58,218636
28429,0.000672,74.125.200.0-255,1484,59644,58,218636
28430,0.000682,74.125.200.0-255,1484,61128,58,218636
28431,0.000697,172.31.46.0-255,66,61194,58,218636
28432,0.0007,74.125.200.0-255,1484,62678,58,218636
28433,0.000703,74.125.200.0-255,1484,64162,58,218636
28434,0.000707,172.31.46.0-255,66,64228,58,218636
28435,0.000723,74.125.200.0-255,4320,68548,58,218636
28436,0.000734,172.31.46.0-255,66,68614,58,218636
28437,0.00075,74.125.200.0-255,4320,72934,58,218636
28438,0.000761,172.31.46.0-255,66,73000,58,218636
28439,0.000789,172.31.46.0-255,66,73066,58,218636
28440,0.000861,74.125.200.0-255,2902,75968,58,218636
28441,0.000875,172.31.46.0-255,66,76034,58,218636
28442,0.00089,172.31.46.0-255,66,76100,58,218636
28443,0.001222,74.125.200.0-255,1484,77584,58,218636
28444,0.001248,74.125.200.0-255,1484,79068,58,218636
28445,0.001252,172.31.46.0-255,66,79134,58,218636
28446,0.001257,74.125.200.0-255,2902,82036,58,218636
28447,0.001266,172.31.46.0-255,66,82102,58,218636
28448,0.001279,74.125.200.0-255,5738,87840,58,218636
28449,0.001298,172.31.46.0-255,66,87906,58,218636
28450,0.001312,74.125.200.0-255,1484,89390,58,218636
28451,0.001336,74.125.200.0-255,5738,95128,58,218636
28452,0.001342,172.31.46.0-255,66,95194,58,218636
28453,0.001378,74.125.200.0-255,1484,96678,58,218636
28454,0.001403,74.125.200.0-255,7156,103834,58,218636
28455,0.001413,172.31.46.0-255,66,103900,58,218636
28456,0.001451,74.125.200.0-255,4320,108220,58,218636
28457,0.001457,172.31.46.0-255,66,108286,58,218636
28458,0.001465,74.125.200.0-255,2184,110470,58,218636
28459,0.001469,172.31.46.0-255,66,110536,58,218636
28460,0.00153,74.125.200.0-255,1484,112020,58,218636
28461,0.001547,74.125.200.0-255,2902,114922,58,218636
28462,0.001551,172.31.46.0-255,66,114988,58,218636
28463,0.001556,74.125.200.0-255,2902,117890,58,218636
28464,0.00156,172.31.46.0-255,66,117956,58,218636
28465,0.001569,74.125.200.0-255,1484,119440,58,218636
28466,0.001581,74.125.200.0-255,1484,120924,58,218636
28467,0.0016,74.125.200.0-255,7156,128080,58,218636
28468,0.001611,172.31.46.0-255,66,128146,58,218636
28469,0.001657,74.125.200.0-255,1484,129630,58,218636
28470,0.001675,74.125.200.0-255,5738,135368,58,218636
28471,0.001721,172.31.46.0-255,66,135434,58,218636
28472,0.001733,74.125.200.0-255,2902,138336,58,218636
28473,0.001751,172.31.46.0-255,66,138402,58,218636
28474,0.001758,74.125.200.0-255,6438,144840,58,218636
28475,0.001763,172.31.46.0-255,66,144906,58,218636
28476,0.001815,74.125.200.0-255,5738,150644,58,218636
28477,0.001834,74.125.200.0-255,4320,154964,58,218636
28478,0.001859,172.31.46.0-255,66,155030,58,218636
28479,0.001895,74.125.200.0-255,4320,159350,58,218636
28480,0.001933,74.125.200.0-255,2902,162252,58,218636
28481,0.002223,74.125.200.0-255,2902,165154,58,218636
28482,0.002397,74.125.200.0-255,5738,170892,58,218636
28483,0.002526,74.125.200.0-255,5738,176630,58,218636
28484,0.002986,74.125.200.0-255,5738,182368,58,218636
28485,0.006713,172.31.46.0-255,66,182434,58,218636
28486,0.008986,74.125.200.0-255,5738,188172,58,218636
28487,0.008993,172.31.46.0-255,66,188238,58,218636
28488,0.011273,74.125.200.0-255,5738,193976,58,218636
28489,0.011281,172.31.46.0-255,66,194042,58,218636
28490,0.01355,74.125.200.0-255,5738,199780,58,218636
28491,0.015176,172.31.46.0-255,66,199846,58,218636
28492,0.017454,74.125.200.0-255,5738,205584,58,218636
28493,0.017462,172.31.46.0-255,66,205650,58,218636
28494,0.019726,74.125.200.0-255,5738,211388,58,218636
28495,0.019733,172.31.46.0-255,66,211454,58,218636
28496,0.022005,74.125.200.0-255,5738,217192,58,218636
28497,0.025598,172.31.46.0-255,66,217258,58,218636
28498,0.027859,74.125.200.0-255,1207,218465,58,218636
28499,0.028353,172.31.46.0-255,66,218531,58,218636
28500,0.028393,172.31.46.0-255,105,218636,58,218636
28501,0.0,74.125.24.0-255,152,152,58,193470
28502,2.5e-05,172.31.46.0-255,66,218,58,193470
28503,3.2e-05,74.125.24.0-255,1484,1702,58,193470
28504,3.7e-05,172.31.46.0-255,66,1768,58,193470
28505,4.4e-05,74.125.24.0-255,2902,4670,58,193470
28506,4.7e-05,172.31.46.0-255,66,4736,58,193470
28507,5.5e-05,74.125.24.0-255,7156,11892,58,193470
28508,5.8e-05,172.31.46.0-255,66,11958,58,193470
28509,8.3e-05,74.125.24.0-255,2112,14070,58,193470
28510,8.5e-05,172.31.46.0-255,66,14136,58,193470
28511,0.000198,74.125.24.0-255,1484,15620,58,193470
28512,0.000202,172.31.46.0-255,66,15686,58,193470
28513,0.000208,74.125.24.0-255,2902,18588,58,193470
28514,0.000211,172.31.46.0-255,66,18654,58,193470
28515,0.000218,74.125.24.0-255,5738,24392,58,193470
28516,0.00022,172.31.46.0-255,66,24458,58,193470
28517,0.000246,74.125.24.0-255,6797,31255,58,193470
28518,0.000249,172.31.46.0-255,66,31321,58,193470
28519,0.000291,172.31.46.0-255,66,31387,58,193470
28520,0.00031,74.125.24.0-255,5738,37125,58,193470
28521,0.000312,172.31.46.0-255,66,37191,58,193470
28522,0.000317,74.125.24.0-255,2543,39734,58,193470
28523,0.000319,172.31.46.0-255,66,39800,58,193470
28524,0.000373,74.125.24.0-255,1484,41284,58,193470
28525,0.000376,172.31.46.0-255,66,41350,58,193470
28526,0.000389,74.125.24.0-255,2902,44252,58,193470
28527,0.000392,172.31.46.0-255,66,44318,58,193470
28528,0.000397,74.125.24.0-255,4320,48638,58,193470
28529,0.0004,172.31.46.0-255,66,48704,58,193470
28530,0.000434,172.31.46.0-255,66,48770,58,193470
28531,0.000437,74.125.24.0-255,382,49152,58,193470
28532,0.000773,74.125.24.0-255,1484,50636,58,193470
28533,0.000778,172.31.46.0-255,66,50702,58,193470
28534,0.000784,74.125.24.0-255,2902,53604,58,193470
28535,0.000786,172.31.46.0-255,66,53670,58,193470
28536,0.000793,74.125.24.0-255,5738,59408,58,193470
28537,0.000795,172.31.46.0-255,66,59474,58,193470
28538,0.0008,74.125.24.0-255,2902,62376,58,193470
28539,0.000802,172.31.46.0-255,66,62442,58,193470
28540,0.000855,172.31.46.0-255,66,62508,58,193470
28541,0.000872,74.125.24.0-255,2543,65051,58,193470
28542,0.000875,172.31.46.0-255,66,65117,58,193470
28543,0.00088,74.125.24.0-255,4320,69437,58,193470
28544,0.000883,172.31.46.0-255,66,69503,58,193470
28545,0.000908,74.125.24.0-255,1484,70987,58,193470
28546,0.000923,74.125.24.0-255,3961,74948,58,193470
28547,0.000927,172.31.46.0-255,66,75014,58,193470
28548,0.001168,74.125.24.0-255,1484,76498,58,193470
28549,0.001175,74.125.24.0-255,2902,79400,58,193470
28550,0.001178,172.31.46.0-255,66,79466,58,193470
28551,0.001182,74.125.24.0-255,1484,80950,58,193470
28552,0.0012,74.125.24.0-255,4320,85270,58,193470
28553,0.001203,172.31.46.0-255,66,85336,58,193470
28554,0.001207,74.125.24.0-255,2902,88238,58,193470
28555,0.001209,172.31.46.0-255,66,88304,58,193470
28556,0.001235,172.31.46.0-255,66,88370,58,193470
28557,0.001263,74.125.24.0-255,4320,92690,58,193470
28558,0.001265,172.31.46.0-255,66,92756,58,193470
28559,0.001285,74.125.24.0-255,6438,99194,58,193470
28560,0.001288,172.31.46.0-255,66,99260,58,193470
28561,0.00131,172.31.46.0-255,66,99326,58,193470
28562,0.001321,172.31.46.0-255,66,99392,58,193470
28563,0.001383,172.31.46.0-255,66,99458,58,193470
28564,0.001401,74.125.24.0-255,766,100224,58,193470
28565,0.001527,74.125.24.0-255,1484,101708,58,193470
28566,0.001531,172.31.46.0-255,66,101774,58,193470
28567,0.001537,74.125.24.0-255,2902,104676,58,193470
28568,0.001539,172.31.46.0-255,66,104742,58,193470
28569,0.00156,74.125.24.0-255,5738,110480,58,193470
28570,0.001563,172.31.46.0-255,66,110546,58,193470
28571,0.001586,172.31.46.0-255,66,110612,58,193470
28572,0.001615,74.125.24.0-255,2902,113514,58,193470
28573,0.001617,172.31.46.0-255,66,113580,58,193470
28574,0.00163,172.31.46.0-255,66,113646,58,193470
28575,0.001633,74.125.24.0-255,766,114412,58,193470
28576,0.00181,74.125.24.0-255,1484,115896,58,193470
28577,0.001815,172.31.46.0-255,66,115962,58,193470
28578,0.001821,74.125.24.0-255,2902,118864,58,193470
28579,0.001823,172.31.46.0-255,66,118930,58,193470
28580,0.001854,74.125.24.0-255,5738,124668,58,193470
28581,0.001857,172.31.46.0-255,66,124734,58,193470
28582,0.001863,74.125.24.0-255,4320,129054,58,193470
28583,0.001864,172.31.46.0-255,66,129120,58,193470
28584,0.001879,74.125.24.0-255,2902,132022,58,193470
28585,0.001881,172.31.46.0-255,66,132088,58,193470
28586,0.001909,172.31.46.0-255,66,132154,58,193470
28587,0.001927,74.125.24.0-255,5738,137892,58,193470
28588,0.00193,172.31.46.0-255,66,137958,58,193470
28589,0.001934,74.125.24.0-255,2902,140860,58,193470
28590,0.001936,172.31.46.0-255,66,140926,58,193470
28591,0.001967,172.31.46.0-255,66,140992,58,193470
28592,0.001982,172.31.46.0-255,66,141058,58,193470
28593,0.002045,172.31.46.0-255,66,141124,58,193470
28594,0.002056,172.31.46.0-255,66,141190,58,193470
28595,0.00207,172.31.46.0-255,66,141256,58,193470
28596,0.002074,74.125.24.0-255,4320,145576,58,193470
28597,0.002076,172.31.46.0-255,66,145642,58,193470
28598,0.002099,74.125.24.0-255,2902,148544,58,193470
28599,0.002102,172.31.46.0-255,66,148610,58,193470
28600,0.002135,172.31.46.0-255,66,148676,58,193470
28601,0.002146,172.31.46.0-255,66,148742,58,193470
28602,0.002158,172.31.46.0-255,66,148808,58,193470
28603,0.002184,74.125.24.0-255,5020,153828,58,193470
28604,0.002187,172.31.46.0-255,66,153894,58,193470
28605,0.002199,172.31.46.0-255,66,153960,58,193470
28606,0.002223,74.125.24.0-255,1484,155444,58,193470
28607,0.002228,74.125.24.0-255,2902,158346,58,193470
28608,0.00223,172.31.46.0-255,66,158412,58,193470
28609,0.002237,74.125.24.0-255,5738,164150,58,193470
28610,0.00224,172.31.46.0-255,66,164216,58,193470
28611,0.002245,74.125.24.0-255,4320,168536,58,193470
28612,0.002247,172.31.46.0-255,66,168602,58,193470
28613,0.002264,74.125.24.0-255,1484,170086,58,193470
28614,0.002289,74.125.24.0-255,6438,176524,58,193470
28615,0.002294,172.31.46.0-255,66,176590,58,193470
28616,0.002309,74.125.24.0-255,1484,178074,58,193470
28617,0.002334,74.125.24.0-255,5738,183812,58,193470
28618,0.002338,172.31.46.0-255,66,183878,58,193470
28619,0.002343,74.125.24.0-255,2902,186780,58,193470
28620,0.002345,172.31.46.0-255,66,186846,58,193470
28621,0.002357,74.125.24.0-255,2902,189748,58,193470
28622,0.002365,172.31.46.0-255,66,189814,58,193470
28623,0.00237,74.125.24.0-255,2902,192716,58,193470
28624,0.002373,172.31.46.0-255,66,192782,58,193470
28625,0.002388,172.31.46.0-255,66,192848,58,193470
28626,0.002391,74.125.24.0-255,97,192945,58,193470
28627,0.002403,74.125.24.0-255,105,193050,58,193470
28628,0.011213,172.31.46.0-255,66,193116,58,193470
28629,0.011258,172.31.46.0-255,105,193221,58,193470
28630,0.011693,74.125.24.0-255,105,193326,58,193470
28631,0.011703,172.31.46.0-255,78,193404,58,193470
28632,0.013195,74.125.24.0-255,66,193470,58,193470
28633,0.0,172.217.194.0-255,146,146,58,179642
28634,2.2e-05,172.31.46.0-255,66,212,58,179642
28635,2.8e-05,172.217.194.0-255,1484,1696,58,179642
28636,3.2e-05,172.31.46.0-255,66,1762,58,179642
28637,3.7e-05,172.217.194.0-255,2902,4664,58,179642
28638,4.6e-05,172.31.46.0-255,66,4730,58,179642
28639,5.4e-05,172.217.194.0-255,7156,11886,58,179642
28640,5.7e-05,172.31.46.0-255,66,11952,58,179642
28641,8.5e-05,172.31.46.0-255,66,12018,58,179642
28642,0.000118,172.217.194.0-255,4881,16899,58,179642
28643,0.000121,172.31.46.0-255,66,16965,58,179642
28644,0.000125,172.217.194.0-255,2543,19508,58,179642
28645,0.000127,172.31.46.0-255,66,19574,58,179642
28646,0.000131,172.217.194.0-255,2902,22476,58,179642
28647,0.000133,172.31.46.0-255,66,22542,58,179642
28648,0.000138,172.217.194.0-255,4320,26862,58,179642
28649,0.00014,172.31.46.0-255,66,26928,58,179642
28650,0.000177,172.217.194.0-255,2902,29830,58,179642
28651,0.000178,172.31.46.0-255,66,29896,58,179642
28652,0.000185,172.217.194.0-255,7156,37052,58,179642
28653,0.000187,172.31.46.0-255,66,37118,58,179642
28654,0.000193,172.217.194.0-255,5738,42856,58,179642
28655,0.000195,172.31.46.0-255,66,42922,58,179642
28656,0.000237,172.31.46.0-255,66,42988,58,179642
28657,0.00024,172.217.194.0-255,766,43754,58,179642
28658,0.000241,172.31.46.0-255,66,43820,58,179642
28659,0.000245,172.217.194.0-255,677,44497,58,179642
28660,0.000246,172.31.46.0-255,66,44563,58,179642
28661,0.000318,172.217.194.0-255,1484,46047,58,179642
28662,0.000321,172.31.46.0-255,66,46113,58,179642
28663,0.000325,172.217.194.0-255,1484,47597,58,179642
28664,0.000349,172.217.194.0-255,1484,49081,58,179642
28665,0.000351,172.31.46.0-255,66,49147,58,179642
28666,0.000357,172.217.194.0-255,5738,54885,58,179642
28667,0.000359,172.31.46.0-255,66,54951,58,179642
28668,0.000361,172.217.194.0-255,1484,56435,58,179642
28669,0.000392,172.31.46.0-255,66,56501,58,179642
28670,0.000421,172.31.46.0-255,66,56567,58,179642
28671,0.000444,172.217.194.0-255,3602,60169,58,179642
28672,0.000446,172.31.46.0-255,66,60235,58,179642
28673,0.000504,172.217.194.0-255,1484,61719,58,179642
28674,0.000524,172.217.194.0-255,2902,64621,58,179642
28675,0.000527,172.31.46.0-255,66,64687,58,179642
28676,0.000533,172.217.194.0-255,5738,70425,58,179642
28677,0.000535,172.31.46.0-255,66,70491,58,179642
28678,0.00056,172.217.194.0-255,4320,74811,58,179642
28679,0.000562,172.31.46.0-255,66,74877,58,179642
28680,0.000592,172.31.46.0-255,66,74943,58,179642
28681,0.000601,172.31.46.0-255,66,75009,58,179642
28682,0.000607,172.217.194.0-255,766,75775,58,179642
28683,0.000638,172.217.194.0-255,1484,77259,58,179642
28684,0.00064,172.31.46.0-255,66,77325,58,179642
28685,0.000644,172.217.194.0-255,2902,80227,58,179642
28686,0.000646,172.31.46.0-255,66,80293,58,179642
28687,0.000673,172.217.194.0-255,1484,81777,58,179642
28688,0.000684,172.31.46.0-255,66,81843,58,179642
28689,0.000691,172.217.194.0-255,7156,88999,58,179642
28690,0.000693,172.31.46.0-255,66,89065,58,179642
28691,0.000719,172.217.194.0-255,2902,91967,58,179642
28692,0.000721,172.31.46.0-255,66,92033,58,179642
28693,0.000731,172.31.46.0-255,66,92099,58,179642
28694,0.000752,172.217.194.0-255,766,92865,58,179642
28695,0.000785,172.31.46.0-255,66,92931,58,179642
28696,0.000791,172.217.194.0-255,5738,98669,58,179642
28697,0.000793,172.31.46.0-255,66,98735,58,179642
28698,0.000822,172.217.194.0-255,5738,104473,58,179642
28699,0.000825,172.31.46.0-255,66,104539,58,179642
28700,0.000835,172.31.46.0-255,66,104605,58,179642
28701,0.000855,172.217.194.0-255,3602,108207,58,179642
28702,0.000857,172.31.46.0-255,66,108273,58,179642
28703,0.000905,172.217.194.0-255,5738,114011,58,179642
28704,0.000907,172.31.46.0-255,66,114077,58,179642
28705,0.00094,172.217.194.0-255,2902,116979,58,179642
28706,0.000966,172.217.194.0-255,1484,118463,58,179642
28707,0.000996,172.31.46.0-255,66,118529,58,179642
28708,0.000999,172.31.46.0-255,66,118595,58,179642
28709,0.001002,172.31.46.0-255,66,118661,58,179642
28710,0.001004,172.31.46.0-255,66,118727,58,179642
28711,0.001013,172.217.194.0-255,4320,123047,58,179642
28712,0.001015,172.31.46.0-255,66,123113,58,179642
28713,0.001018,172.217.194.0-255,2184,125297,58,179642
28714,0.001023,172.31.46.0-255,66,125363,58,179642
28715,0.001031,172.217.194.0-255,4320,129683,58,179642
28716,0.001033,172.31.46.0-255,66,129749,58,179642
28717,0.001074,172.31.46.0-255,66,129815,58,179642
28718,0.00108,172.217.194.0-255,5379,135194,58,179642
28719,0.001082,172.31.46.0-255,66,135260,58,179642
28720,0.001086,172.217.194.0-255,2902,138162,58,179642
28721,0.00109,172.31.46.0-255,66,138228,58,179642
28722,0.001126,172.217.194.0-255,2902,141130,58,179642
28723,0.00113,172.31.46.0-255,66,141196,58,179642
28724,0.001137,172.217.194.0-255,7156,148352,58,179642
28725,0.001139,172.31.46.0-255,66,148418,58,179642
28726,0.001151,172.31.46.0-255,66,148484,58,179642
28727,0.001158,172.217.194.0-255,6438,154922,58,179642
28728,0.001161,172.31.46.0-255,66,154988,58,179642
28729,0.001185,172.217.194.0-255,2902,157890,58,179642
28730,0.001187,172.31.46.0-255,66,157956,58,179642
28731,0.001214,172.217.194.0-255,2902,160858,58,179642
28732,0.001217,172.31.46.0-255,66,160924,58,179642
28733,0.001223,172.217.194.0-255,7156,168080,58,179642
28734,0.001225,172.31.46.0-255,66,168146,58,179642
28735,0.001236,172.31.46.0-255,66,168212,58,179642
28736,0.001281,172.217.194.0-255,4320,172532,58,179642
28737,0.001285,172.31.46.0-255,66,172598,58,179642
28738,0.001291,172.217.194.0-255,6438,179036,58,179642
28739,0.001293,172.31.46.0-255,66,179102,58,179642
28740,0.001306,172.31.46.0-255,66,179168,58,179642
28741,0.001347,172.31.46.0-255,66,179234,58,179642
28742,0.001356,172.31.46.0-255,66,179300,58,179642
28743,0.001359,172.217.194.0-255,105,179405,58,179642
28744,0.003843,172.31.46.0-255,66,179471,58,179642
28745,0.003876,172.31.46.0-255,105,179576,58,179642
28746,0.006174,172.217.194.0-255,66,179642,58,179642
28747,0.0,74.125.200.0-255,156,156,58,315618
28748,2.2e-05,172.31.46.0-255,66,222,58,315618
28749,3e-05,74.125.200.0-255,1484,1706,58,315618
28750,3.4e-05,172.31.46.0-255,66,1772,58,315618
28751,3.9e-05,74.125.200.0-255,2902,4674,58,315618
28752,4.3e-05,172.31.46.0-255,66,4740,58,315618
28753,4.9e-05,74.125.200.0-255,5738,10478,58,315618
28754,5.4e-05,172.31.46.0-255,66,10544,58,315618
28755,8.6e-05,74.125.200.0-255,6246,16790,58,315618
28756,9e-05,172.31.46.0-255,66,16856,58,315618
28757,9.5e-05,74.125.200.0-255,4320,21176,58,315618
28758,9.7e-05,172.31.46.0-255,66,21242,58,315618
28759,0.000115,74.125.200.0-255,7156,28398,58,315618
28760,0.000118,172.31.46.0-255,66,28464,58,315618
28761,0.000134,74.125.200.0-255,2543,31007,58,315618
28762,0.000136,172.31.46.0-255,66,31073,58,315618
28763,0.000363,74.125.200.0-255,1484,32557,58,315618
28764,0.00037,172.31.46.0-255,66,32623,58,315618
28765,0.000377,74.125.200.0-255,2902,35525,58,315618
28766,0.000379,172.31.46.0-255,66,35591,58,315618
28767,0.000385,74.125.200.0-255,4320,39911,58,315618
28768,0.000387,172.31.46.0-255,66,39977,58,315618
28769,0.000405,74.125.200.0-255,1484,41461,58,315618
28770,0.000407,172.31.46.0-255,66,41527,58,315618
28771,0.000412,74.125.200.0-255,2902,44429,58,315618
28772,0.000414,172.31.46.0-255,66,44495,58,315618
28773,0.000429,74.125.200.0-255,2902,47397,58,315618
28774,0.000432,172.31.46.0-255,66,47463,58,315618
28775,0.000467,74.125.200.0-255,5738,53201,58,315618
28776,0.000471,172.31.46.0-255,66,53267,58,315618
28777,0.000479,172.31.46.0-255,66,53333,58,315618
28778,0.000503,74.125.200.0-255,4303,57636,58,315618
28779,0.000529,172.31.46.0-255,66,57702,58,315618
28780,0.000624,74.125.200.0-255,1484,59186,58,315618
28781,0.000638,74.125.200.0-255,2902,62088,58,315618
28782,0.000645,172.31.46.0-255,66,62154,58,315618
28783,0.000669,74.125.200.0-255,4320,66474,58,315618
28784,0.000682,172.31.46.0-255,66,66540,58,315618
28785,0.0007,74.125.200.0-255,1484,68024,58,315618
28786,0.00072,74.125.200.0-255,6797,74821,58,315618
28787,0.00074,172.31.46.0-255,66,74887,58,315618
28788,0.000771,74.125.200.0-255,2902,77789,58,315618
28789,0.000792,74.125.200.0-255,4320,82109,58,315618
28790,0.000797,74.125.200.0-255,2902,85011,58,315618
28791,0.000802,172.31.46.0-255,66,85077,58,315618
28792,0.000811,74.125.200.0-255,2902,87979,58,315618
28793,0.000821,172.31.46.0-255,66,88045,58,315618
28794,0.00086,74.125.200.0-255,3659,91704,58,315618
28795,0.000884,172.31.46.0-255,66,91770,58,315618
28796,0.000948,74.125.200.0-255,1484,93254,58,315618
28797,0.000969,74.125.200.0-255,2902,96156,58,315618
28798,0.000984,74.125.200.0-255,4320,100476,58,315618
28799,0.000994,74.125.200.0-255,1484,101960,58,315618
28800,0.000997,74.125.200.0-255,1484,103444,58,315618
28801,0.001002,172.31.46.0-255,66,103510,58,315618
28802,0.001021,74.125.200.0-255,4320,107830,58,315618
28803,0.001026,74.125.200.0-255,2902,110732,58,315618
28804,0.001042,74.125.200.0-255,4320,115052,58,315618
28805,0.001054,172.31.46.0-255,66,115118,58,315618
28806,0.00106,74.125.200.0-255,5738,120856,58,315618
28807,0.001065,172.31.46.0-255,66,120922,58,315618
28808,0.001077,74.125.200.0-255,5020,125942,58,315618
28809,0.001102,172.31.46.0-255,66,126008,58,315618
28810,0.001354,74.125.200.0-255,1484,127492,58,315618
28811,0.001367,74.125.200.0-255,2902,130394,58,315618
28812,0.001379,74.125.200.0-255,1484,131878,58,315618
28813,0.001395,74.125.200.0-255,4320,136198,58,315618
28814,0.001411,74.125.200.0-255,4320,140518,58,315618
28815,0.001422,172.31.46.0-255,66,140584,58,315618
28816,0.001431,74.125.200.0-255,4320,144904,58,315618
28817,0.001433,74.125.200.0-255,1484,146388,58,315618
28818,0.001439,172.31.46.0-255,66,146454,58,315618
28819,0.001456,74.125.200.0-255,1484,147938,58,315618
28820,0.001475,74.125.200.0-255,3602,151540,58,315618
28821,0.001485,172.31.46.0-255,66,151606,58,315618
28822,0.001683,74.125.200.0-255,1484,153090,58,315618
28823,0.00172,74.125.200.0-255,1484,154574,58,315618
28824,0.001723,172.31.46.0-255,66,154640,58,315618
28825,0.001745,74.125.200.0-255,1484,156124,58,315618
28826,0.001749,74.125.200.0-255,2902,159026,58,315618
28827,0.001754,74.125.200.0-255,4320,163346,58,315618
28828,0.001768,74.125.200.0-255,7156,170502,58,315618
28829,0.001787,172.31.46.0-255,66,170568,58,315618
28830,0.001826,74.125.200.0-255,6438,177006,58,315618
28831,0.001831,172.31.46.0-255,66,177072,58,315618
28832,0.001898,74.125.200.0-255,1484,178556,58,315618
28833,0.001918,74.125.200.0-255,2902,181458,58,315618
28834,0.00193,172.31.46.0-255,66,181524,58,315618
28835,0.001942,74.125.200.0-255,5738,187262,58,315618
28836,0.001953,172.31.46.0-255,66,187328,58,315618
28837,0.001958,74.125.200.0-255,2902,190230,58,315618
28838,0.001977,172.31.46.0-255,66,190296,58,315618
28839,0.001993,74.125.200.0-255,5738,196034,58,315618
28840,0.001999,172.31.46.0-255,66,196100,58,315618
28841,0.002024,74.125.200.0-255,2902,199002,58,315618
28842,0.002032,172.31.46.0-255,66,199068,58,315618
28843,0.002056,74.125.200.0-255,2902,201970,58,315618
28844,0.002059,172.31.46.0-255,66,202036,58,315618
28845,0.002124,74.125.200.0-255,2902,204938,58,315618
28846,0.002143,74.125.200.0-255,5020,209958,58,315618
28847,0.002159,74.125.200.0-255,4320,214278,58,315618
28848,0.00218,74.125.200.0-255,4320,218598,58,315618
28849,0.002187,74.125.200.0-255,7156,225754,58,315618
28850,0.002198,74.125.200.0-255,4320,230074,58,315618
28851,0.002214,74.125.200.0-255,4320,234394,58,315618
28852,0.002231,74.125.200.0-255,4320,238714,58,315618
28853,0.002252,74.125.200.0-255,5020,243734,58,315618
28854,0.002407,74.125.200.0-255,1484,245218,58,315618
28855,0.002421,74.125.200.0-255,2902,248120,58,315618
28856,0.00244,74.125.200.0-255,4320,252440,58,315618
28857,0.002537,74.125.200.0-255,766,253206,58,315618
28858,0.002542,74.125.200.0-255,4320,257526,58,315618
28859,0.002544,74.125.200.0-255,1484,259010,58,315618
28860,0.002559,74.125.200.0-255,2902,261912,58,315618
28861,0.002573,74.125.200.0-255,1484,263396,58,315618
28862,0.002612,74.125.200.0-255,4320,267716,58,315618
28863,0.002633,74.125.200.0-255,7156,274872,58,315618
28864,0.002635,74.125.200.0-255,1484,276356,58,315618
28865,0.002637,74.125.200.0-255,1484,277840,58,315618
28866,0.002643,74.125.200.0-255,5738,283578,58,315618
28867,0.002647,74.125.200.0-255,2184,285762,58,315618
28868,0.002721,74.125.200.0-255,1484,287246,58,315618
28869,0.002734,74.125.200.0-255,2902,290148,58,315618
28870,0.002753,74.125.200.0-255,5738,295886,58,315618
28871,0.002785,74.125.200.0-255,5738,301624,58,315618
28872,0.002805,74.125.200.0-255,7156,308780,58,315618
28873,0.002813,74.125.200.0-255,5738,314518,58,315618
28874,0.002826,74.125.200.0-255,758,315276,58,315618
28875,0.002848,74.125.200.0-255,105,315381,58,315618
28876,0.007606,172.31.46.0-255,66,315447,58,315618
28877,0.009458,172.31.46.0-255,105,315552,58,315618
28878,0.01195,74.125.200.0-255,66,315618,58,315618
28879,0.0,74.125.68.0-255,157,157,58,202934
28880,2.3e-05,172.31.46.0-255,66,223,58,202934
28881,3e-05,74.125.68.0-255,1484,1707,58,202934
28882,3.4e-05,172.31.46.0-255,66,1773,58,202934
28883,5.2e-05,74.125.68.0-255,2902,4675,58,202934
28884,5.6e-05,172.31.46.0-255,66,4741,58,202934
28885,6.4e-05,74.125.68.0-255,7156,11897,58,202934
28886,6.7e-05,172.31.46.0-255,66,11963,58,202934
28887,7.1e-05,74.125.68.0-255,1484,13447,58,202934
28888,7.4e-05,172.31.46.0-255,66,13513,58,202934
28889,0.000119,74.125.68.0-255,703,14216,58,202934
28890,0.000122,172.31.46.0-255,66,14282,58,202934
28891,0.000126,74.125.68.0-255,1484,15766,58,202934
28892,0.000128,172.31.46.0-255,66,15832,58,202934
28893,0.000134,74.125.68.0-255,4320,20152,58,202934
28894,0.000137,172.31.46.0-255,66,20218,58,202934
28895,0.000139,74.125.68.0-255,1484,21702,58,202934
28896,0.000141,172.31.46.0-255,66,21768,58,202934
28897,0.00017,74.125.68.0-255,4320,26088,58,202934
28898,0.000172,172.31.46.0-255,66,26154,58,202934
28899,0.000199,74.125.68.0-255,5379,31533,58,202934
28900,0.000202,172.31.46.0-255,66,31599,58,202934
28901,0.00032,74.125.68.0-255,1484,33083,58,202934
28902,0.000324,172.31.46.0-255,66,33149,58,202934
28903,0.000329,74.125.68.0-255,2902,36051,58,202934
28904,0.000331,172.31.46.0-255,66,36117,58,202934
28905,0.000337,74.125.68.0-255,4320,40437,58,202934
28906,0.000345,172.31.46.0-255,66,40503,58,202934
28907,0.000377,74.125.68.0-255,1484,41987,58,202934
28908,0.00038,172.31.46.0-255,66,42053,58,202934
28909,0.000388,74.125.68.0-255,6797,48850,58,202934
28910,0.00039,172.31.46.0-255,66,48916,58,202934
28911,0.000398,74.125.68.0-255,7156,56072,58,202934
28912,0.000401,172.31.46.0-255,66,56138,58,202934
28913,0.000406,74.125.68.0-255,4320,60458,58,202934
28914,0.000409,172.31.46.0-255,66,60524,58,202934
28915,0.000439,74.125.68.0-255,5654,66178,58,202934
28916,0.000442,172.31.46.0-255,66,66244,58,202934
28917,0.000445,74.125.68.0-255,131,66375,58,202934
28918,0.000449,74.125.68.0-255,347,66722,58,202934
28919,0.001115,172.31.46.0-255,66,66788,58,202934
28920,0.001167,74.125.68.0-255,1484,68272,58,202934
28921,0.001182,74.125.68.0-255,2902,71174,58,202934
28922,0.001185,172.31.46.0-255,66,71240,58,202934
28923,0.001216,74.125.68.0-255,5738,76978,58,202934
28924,0.001219,172.31.46.0-255,66,77044,58,202934
28925,0.001225,74.125.68.0-255,4320,81364,58,202934
28926,0.001227,172.31.46.0-255,66,81430,58,202934
28927,0.001252,74.125.68.0-255,2902,84332,58,202934
28928,0.001255,172.31.46.0-255,66,84398,58,202934
28929,0.001267,172.31.46.0-255,66,84464,58,202934
28930,0.001269,74.125.68.0-255,1484,85948,58,202934
28931,0.001302,74.125.68.0-255,4320,90268,58,202934
28932,0.001305,172.31.46.0-255,66,90334,58,202934
28933,0.001333,74.125.68.0-255,2184,92518,58,202934
28934,0.001335,172.31.46.0-255,66,92584,58,202934
28935,0.001381,74.125.68.0-255,1484,94068,58,202934
28936,0.001386,74.125.68.0-255,2902,96970,58,202934
28937,0.001388,172.31.46.0-255,66,97036,58,202934
28938,0.001435,74.125.68.0-255,5738,102774,58,202934
28939,0.001438,172.31.46.0-255,66,102840,58,202934
28940,0.00145,74.125.68.0-255,2902,105742,58,202934
28941,0.001462,172.31.46.0-255,66,105808,58,202934
28942,0.001476,74.125.68.0-255,4320,110128,58,202934
28943,0.001484,172.31.46.0-255,66,110194,58,202934
28944,0.001492,74.125.68.0-255,7156,117350,58,202934
28945,0.001494,172.31.46.0-255,66,117416,58,202934
28946,0.001536,172.31.46.0-255,66,117482,58,202934
28947,0.001539,74.125.68.0-255,766,118248,58,202934
28948,0.001926,74.125.68.0-255,1484,119732,58,202934
28949,0.001933,172.31.46.0-255,66,119798,58,202934
28950,0.001941,74.125.68.0-255,2902,122700,58,202934
28951,0.001943,172.31.46.0-255,66,122766,58,202934
28952,0.001967,74.125.68.0-255,4320,127086,58,202934
28953,0.001969,172.31.46.0-255,66,127152,58,202934
28954,0.001988,74.125.68.0-255,1484,128636,58,202934
28955,0.001991,74.125.68.0-255,1484,130120,58,202934
28956,0.001993,172.31.46.0-255,66,130186,58,202934
28957,0.002039,172.31.46.0-255,66,130252,58,202934
28958,0.002044,74.125.68.0-255,2902,133154,58,202934
28959,0.002046,172.31.46.0-255,66,133220,58,202934
28960,0.002086,172.31.46.0-255,66,133286,58,202934
28961,0.004289,74.125.68.0-255,5738,139024,58,202934
28962,0.004297,172.31.46.0-255,66,139090,58,202934
28963,0.006502,74.125.68.0-255,5738,144828,58,202934
28964,0.006506,172.31.46.0-255,66,144894,58,202934
28965,0.008722,74.125.68.0-255,5738,150632,58,202934
28966,0.008728,172.31.46.0-255,66,150698,58,202934
28967,0.010934,74.125.68.0-255,5738,156436,58,202934
28968,0.010941,172.31.46.0-255,66,156502,58,202934
28969,0.013148,74.125.68.0-255,5738,162240,58,202934
28970,0.013158,172.31.46.0-255,66,162306,58,202934
28971,0.015367,74.125.68.0-255,5738,168044,58,202934
28972,0.015378,172.31.46.0-255,66,168110,58,202934
28973,0.017582,74.125.68.0-255,5738,173848,58,202934
28974,0.017595,172.31.46.0-255,66,173914,58,202934
28975,0.019809,74.125.68.0-255,5738,179652,58,202934
28976,0.019818,172.31.46.0-255,66,179718,58,202934
28977,0.022024,74.125.68.0-255,5738,185456,58,202934
28978,0.022031,172.31.46.0-255,66,185522,58,202934
28979,0.024232,74.125.68.0-255,5738,191260,58,202934
28980,0.024238,172.31.46.0-255,66,191326,58,202934
28981,0.026439,74.125.68.0-255,5738,197064,58,202934
28982,0.026447,172.31.46.0-255,66,197130,58,202934
28983,0.028649,74.125.68.0-255,5738,202868,58,202934
28984,0.028659,172.31.46.0-255,66,202934,58,202934
28985,0.0,74.125.24.0-255,153,153,58,236601
28986,3.3e-05,172.31.46.0-255,66,219,58,236601
28987,4.2e-05,74.125.24.0-255,1484,1703,58,236601
28988,4.7e-05,172.31.46.0-255,66,1769,58,236601
28989,6e-05,74.125.24.0-255,2902,4671,58,236601
28990,6.5e-05,172.31.46.0-255,66,4737,58,236601
28991,7.3e-05,74.125.24.0-255,7156,11893,58,236601
28992,7.6e-05,172.31.46.0-255,66,11959,58,236601
28993,8e-05,74.125.24.0-255,2072,14031,58,236601
28994,8.3e-05,172.31.46.0-255,66,14097,58,236601
28995,0.000619,74.125.24.0-255,1484,15581,58,236601
28996,0.000625,172.31.46.0-255,66,15647,58,236601
28997,0.000633,74.125.24.0-255,2902,18549,58,236601
28998,0.000636,172.31.46.0-255,66,18615,58,236601
28999,0.000649,74.125.24.0-255,5738,24353,58,236601
29000,0.000652,172.31.46.0-255,66,24419,58,236601
29001,0.000659,74.125.24.0-255,6797,31216,58,236601
29002,0.000663,172.31.46.0-255,66,31282,58,236601
29003,0.000778,74.125.24.0-255,1484,32766,58,236601
29004,0.000783,172.31.46.0-255,66,32832,58,236601
29005,0.000789,74.125.24.0-255,2902,35734,58,236601
29006,0.000791,172.31.46.0-255,66,35800,58,236601
29007,0.000802,74.125.24.0-255,5738,41538,58,236601
29008,0.000805,172.31.46.0-255,66,41604,58,236601
29009,0.000846,172.31.46.0-255,66,41670,58,236601
29010,0.000874,74.125.24.0-255,2543,44213,58,236601
29011,0.000877,172.31.46.0-255,66,44279,58,236601
29012,0.000888,172.31.46.0-255,66,44345,58,236601
29013,0.000895,74.125.24.0-255,1438,45783,58,236601
29014,0.000897,172.31.46.0-255,66,45849,58,236601
29015,0.000946,74.125.24.0-255,373,46222,58,236601
29016,0.001177,74.125.24.0-255,1484,47706,58,236601
29017,0.001183,172.31.46.0-255,66,47772,58,236601
29018,0.001189,74.125.24.0-255,2902,50674,58,236601
29019,0.001191,172.31.46.0-255,66,50740,58,236601
29020,0.001203,74.125.24.0-255,5738,56478,58,236601
29021,0.001206,172.31.46.0-255,66,56544,58,236601
29022,0.001209,74.125.24.0-255,1484,58028,58,236601
29023,0.001263,172.31.46.0-255,66,58094,58,236601
29024,0.001287,74.125.24.0-255,1484,59578,58,236601
29025,0.001301,172.31.46.0-255,66,59644,58,236601
29026,0.001404,74.125.24.0-255,1484,61128,58,236601
29027,0.001411,74.125.24.0-255,2902,64030,58,236601
29028,0.001415,172.31.46.0-255,66,64096,58,236601
29029,0.001445,74.125.24.0-255,5738,69834,58,236601
29030,0.001448,172.31.46.0-255,66,69900,58,236601
29031,0.001455,74.125.24.0-255,5738,75638,58,236601
29032,0.001457,172.31.46.0-255,66,75704,58,236601
29033,0.001507,172.31.46.0-255,66,75770,58,236601
29034,0.001513,74.125.24.0-255,5020,80790,58,236601
29035,0.001516,172.31.46.0-255,66,80856,58,236601
29036,0.001546,74.125.24.0-255,2902,83758,58,236601
29037,0.00155,172.31.46.0-255,66,83824,58,236601
29038,0.001568,74.125.24.0-255,1484,85308,58,236601
29039,0.001575,74.125.24.0-255,5738,91046,58,236601
29040,0.001578,172.31.46.0-255,66,91112,58,236601
29041,0.001585,74.125.24.0-255,5738,96850,58,236601
29042,0.001588,172.31.46.0-255,66,96916,58,236601
29043,0.001628,74.125.24.0-255,5738,102654,58,236601
29044,0.001632,172.31.46.0-255,66,102720,58,236601
29045,0.001651,172.31.46.0-255,66,102786,58,236601
29046,0.001677,74.125.24.0-255,1484,104270,58,236601
29047,0.001697,74.125.24.0-255,2902,107172,58,236601
29048,0.001699,172.31.46.0-255,66,107238,58,236601
29049,0.001706,74.125.24.0-255,5738,112976,58,236601
29050,0.001708,172.31.46.0-255,66,113042,58,236601
29051,0.00174,172.31.46.0-255,66,113108,58,236601
29052,0.001763,74.125.24.0-255,2902,116010,58,236601
29053,0.001765,172.31.46.0-255,66,116076,58,236601
29054,0.001782,172.31.46.0-255,66,116142,58,236601
29055,0.001807,74.125.24.0-255,2902,119044,58,236601
29056,0.00181,172.31.46.0-255,66,119110,58,236601
29057,0.001815,74.125.24.0-255,4320,123430,58,236601
29058,0.001817,172.31.46.0-255,66,123496,58,236601
29059,0.001841,74.125.24.0-255,4320,127816,58,236601
29060,0.001844,172.31.46.0-255,66,127882,58,236601
29061,0.001872,74.125.24.0-255,4320,132202,58,236601
29062,0.001875,172.31.46.0-255,66,132268,58,236601
29063,0.001882,74.125.24.0-255,7156,139424,58,236601
29064,0.001884,172.31.46.0-255,66,139490,58,236601
29065,0.001921,172.31.46.0-255,66,139556,58,236601
29066,0.002001,74.125.24.0-255,1484,141040,58,236601
29067,0.00202,74.125.24.0-255,2902,143942,58,236601
29068,0.002023,172.31.46.0-255,66,144008,58,236601
29069,0.00203,74.125.24.0-255,5738,149746,58,236601
29070,0.002032,172.31.46.0-255,66,149812,58,236601
29071,0.002093,74.125.24.0-255,2902,152714,58,236601
29072,0.002096,172.31.46.0-255,66,152780,58,236601
29073,0.002129,172.31.46.0-255,66,152846,58,236601
29074,0.002137,74.125.24.0-255,7156,160002,58,236601
29075,0.002139,172.31.46.0-255,66,160068,58,236601
29076,0.002144,74.125.24.0-255,3602,163670,58,236601
29077,0.002147,172.31.46.0-255,66,163736,58,236601
29078,0.002153,74.125.24.0-255,4320,168056,58,236601
29079,0.002156,172.31.46.0-255,66,168122,58,236601
29080,0.002161,74.125.24.0-255,4320,172442,58,236601
29081,0.002163,172.31.46.0-255,66,172508,58,236601
29082,0.002267,74.125.24.0-255,2184,174692,58,236601
29083,0.002321,74.125.24.0-255,1484,176176,58,236601
29084,0.002326,74.125.24.0-255,2902,179078,58,236601
29085,0.002345,74.125.24.0-255,5738,184816,58,236601
29086,0.002364,74.125.24.0-255,7156,191972,58,236601
29087,0.002375,74.125.24.0-255,2902,194874,58,236601
29088,0.002421,74.125.24.0-255,7156,202030,58,236601
29089,0.00245,74.125.24.0-255,2184,204214,58,236601
29090,0.00249,74.125.24.0-255,2184,206398,58,236601
29091,0.002572,74.125.24.0-255,1484,207882,58,236601
29092,0.00259,74.125.24.0-255,2902,210784,58,236601
29093,0.002596,74.125.24.0-255,5738,216522,58,236601
29094,0.002608,74.125.24.0-255,1484,218006,58,236601
29095,0.002623,74.125.24.0-255,7156,225162,58,236601
29096,0.002638,74.125.24.0-255,1484,226646,58,236601
29097,0.002654,74.125.24.0-255,2902,229548,58,236601
29098,0.002672,74.125.24.0-255,5738,235286,58,236601
29099,0.002675,74.125.24.0-255,876,236162,58,236601
29100,0.005241,172.31.46.0-255,66,236228,58,236601
29101,0.007865,74.125.24.0-255,136,236364,58,236601
29102,0.008248,172.31.46.0-255,66,236430,58,236601
29103,0.008287,172.31.46.0-255,105,236535,58,236601
29104,0.010889,74.125.24.0-255,66,236601,58,236601
29105,0.0,172.217.194.0-255,302,302,58,142566
29106,2.6e-05,172.31.46.0-255,66,368,58,142566
29107,3.3e-05,172.217.194.0-255,1484,1852,58,142566
29108,3.8e-05,172.31.46.0-255,66,1918,58,142566
29109,5.3e-05,172.217.194.0-255,4320,6238,58,142566
29110,5.8e-05,172.31.46.0-255,66,6304,58,142566
29111,7.1e-05,172.31.46.0-255,66,6370,58,142566
29112,0.000107,172.31.46.0-255,66,6436,58,142566
29113,0.000132,172.217.194.0-255,2902,9338,58,142566
29114,0.000135,172.31.46.0-255,66,9404,58,142566
29115,0.000144,172.217.194.0-255,1125,10529,58,142566
29116,0.000146,172.31.46.0-255,66,10595,58,142566
29117,0.000149,172.217.194.0-255,1484,12079,58,142566
29118,0.000151,172.31.46.0-255,66,12145,58,142566
29119,0.000157,172.217.194.0-255,4320,16465,58,142566
29120,0.00016,172.31.46.0-255,66,16531,58,142566
29121,0.000167,172.217.194.0-255,5738,22269,58,142566
29122,0.000169,172.31.46.0-255,66,22335,58,142566
29123,0.000185,172.217.194.0-255,2902,25237,58,142566
29124,0.000187,172.31.46.0-255,66,25303,58,142566
29125,0.000191,172.217.194.0-255,1484,26787,58,142566
29126,0.000198,172.31.46.0-255,66,26853,58,142566
29127,0.000246,172.31.46.0-255,66,26919,58,142566
29128,0.000271,172.217.194.0-255,3961,30880,58,142566
29129,0.000274,172.31.46.0-255,66,30946,58,142566
29130,0.000298,172.217.194.0-255,377,31323,58,142566
29131,0.000301,172.31.46.0-255,66,31389,58,142566
29132,0.000465,172.217.194.0-255,365,31754,58,142566
29133,0.00047,172.31.46.0-255,66,31820,58,142566
29134,0.000738,172.217.194.0-255,1484,33304,58,142566
29135,0.000746,172.217.194.0-255,1484,34788,58,142566
29136,0.000749,172.31.46.0-255,66,34854,58,142566
29137,0.000779,172.217.194.0-255,1484,36338,58,142566
29138,0.000787,172.217.194.0-255,5738,42076,58,142566
29139,0.000802,172.217.194.0-255,2902,44978,58,142566
29140,0.000825,172.217.194.0-255,5738,50716,58,142566
29141,0.000829,172.31.46.0-255,66,50782,58,142566
29142,0.000842,172.217.194.0-255,2184,52966,58,142566
29143,0.000852,172.31.46.0-255,66,53032,58,142566
29144,0.000882,172.31.46.0-255,66,53098,58,142566
29145,0.001819,172.217.194.0-255,1484,54582,58,142566
29146,0.001829,172.217.194.0-255,2902,57484,58,142566
29147,0.001834,172.31.46.0-255,66,57550,58,142566
29148,0.001842,172.217.194.0-255,5738,63288,58,142566
29149,0.001844,172.31.46.0-255,66,63354,58,142566
29150,0.001883,172.31.46.0-255,66,63420,58,142566
29151,0.001896,172.31.46.0-255,66,63486,58,142566
29152,0.002142,172.217.194.0-255,1484,64970,58,142566
29153,0.00215,172.217.194.0-255,2902,67872,58,142566
29154,0.002154,172.31.46.0-255,66,67938,58,142566
29155,0.002159,172.217.194.0-255,1484,69422,58,142566
29156,0.002188,172.217.194.0-255,4320,73742,58,142566
29157,0.002191,172.31.46.0-255,66,73808,58,142566
29158,0.002194,172.217.194.0-255,1484,75292,58,142566
29159,0.002209,172.31.46.0-255,66,75358,58,142566
29160,0.002238,172.217.194.0-255,4320,79678,58,142566
29161,0.002241,172.31.46.0-255,66,79744,58,142566
29162,0.002252,172.31.46.0-255,66,79810,58,142566
29163,0.002463,172.217.194.0-255,1484,81294,58,142566
29164,0.002469,172.217.194.0-255,1484,82778,58,142566
29165,0.002473,172.31.46.0-255,66,82844,58,142566
29166,0.002485,172.217.194.0-255,1484,84328,58,142566
29167,0.002488,172.217.194.0-255,1484,85812,58,142566
29168,0.00249,172.31.46.0-255,66,85878,58,142566
29169,0.002508,172.217.194.0-255,4320,90198,58,142566
29170,0.002511,172.31.46.0-255,66,90264,58,142566
29171,0.004484,172.31.46.0-255,66,90330,58,142566
29172,0.0072,172.217.194.0-255,5738,96068,58,142566
29173,0.007211,172.31.46.0-255,66,96134,58,142566
29174,0.009876,172.217.194.0-255,5738,101872,58,142566
29175,0.009881,172.31.46.0-255,66,101938,58,142566
29176,0.012532,172.217.194.0-255,5738,107676,58,142566
29177,0.012543,172.31.46.0-255,66,107742,58,142566
29178,0.015279,172.217.194.0-255,5738,113480,58,142566
29179,0.015295,172.31.46.0-255,66,113546,58,142566
29180,0.017954,172.217.194.0-255,5738,119284,58,142566
29181,0.01797,172.31.46.0-255,66,119350,58,142566
29182,0.020668,172.217.194.0-255,5738,125088,58,142566
29183,0.020685,172.31.46.0-255,66,125154,58,142566
29184,0.023352,172.217.194.0-255,5738,130892,58,142566
29185,0.023369,172.31.46.0-255,66,130958,58,142566
29186,0.026066,172.217.194.0-255,5738,136696,58,142566
29187,0.026077,172.31.46.0-255,66,136762,58,142566
29188,0.028749,172.217.194.0-255,5738,142500,58,142566
29189,0.02876,172.31.46.0-255,66,142566,58,142566
29190,0.0,172.217.194.0-255,152,152,58,225059
29191,2.3e-05,172.31.46.0-255,66,218,58,225059
29192,2.9e-05,172.217.194.0-255,1484,1702,58,225059
29193,3.4e-05,172.31.46.0-255,66,1768,58,225059
29194,3.9e-05,172.217.194.0-255,2902,4670,58,225059
29195,5e-05,172.31.46.0-255,66,4736,58,225059
29196,5.6e-05,172.217.194.0-255,2902,7638,58,225059
29197,5.8e-05,172.31.46.0-255,66,7704,58,225059
29198,9.1e-05,172.217.194.0-255,2902,10606,58,225059
29199,9.4e-05,172.31.46.0-255,66,10672,58,225059
29200,0.000107,172.31.46.0-255,66,10738,58,225059
29201,0.000113,172.217.194.0-255,5738,16476,58,225059
29202,0.000115,172.31.46.0-255,66,16542,58,225059
29203,0.000161,172.217.194.0-255,3961,20503,58,225059
29204,0.000163,172.31.46.0-255,66,20569,58,225059
29205,0.000257,172.217.194.0-255,1484,22053,58,225059
29206,0.000261,172.31.46.0-255,66,22119,58,225059
29207,0.000266,172.217.194.0-255,2902,25021,58,225059
29208,0.000269,172.31.46.0-255,66,25087,58,225059
29209,0.000297,172.217.194.0-255,5738,30825,58,225059
29210,0.000299,172.31.46.0-255,66,30891,58,225059
29211,0.000327,172.31.46.0-255,66,30957,58,225059
29212,0.00035,172.217.194.0-255,2543,33500,58,225059
29213,0.000353,172.31.46.0-255,66,33566,58,225059
29214,0.000391,172.31.46.0-255,66,33632,58,225059
29215,0.000394,172.217.194.0-255,396,34028,58,225059
29216,0.000396,172.31.46.0-255,66,34094,58,225059
29217,0.000508,172.217.194.0-255,1484,35578,58,225059
29218,0.000513,172.31.46.0-255,66,35644,58,225059
29219,0.000532,172.217.194.0-255,2902,38546,58,225059
29220,0.000539,172.217.194.0-255,5738,44284,58,225059
29221,0.000552,172.217.194.0-255,1484,45768,58,225059
29222,0.000581,172.217.194.0-255,2902,48670,58,225059
29223,0.00059,172.217.194.0-255,1484,50154,58,225059
29224,0.000606,172.217.194.0-255,4320,54474,58,225059
29225,0.000623,172.217.194.0-255,2184,56658,58,225059
29226,0.00065,172.31.46.0-255,66,56724,58,225059
29227,0.00121,172.217.194.0-255,1484,58208,58,225059
29228,0.001218,172.217.194.0-255,2902,61110,58,225059
29229,0.001222,172.31.46.0-255,66,61176,58,225059
29230,0.001229,172.217.194.0-255,5738,66914,58,225059
29231,0.001241,172.217.194.0-255,5738,72652,58,225059
29232,0.001284,172.217.194.0-255,7156,79808,58,225059
29233,0.001297,172.31.46.0-255,101,79909,58,225059
29234,0.001303,172.217.194.0-255,5738,85647,58,225059
29235,0.001312,172.217.194.0-255,5020,90667,58,225059
29236,0.001327,172.31.46.0-255,66,90733,58,225059
29237,0.001351,172.217.194.0-255,1484,92217,58,225059
29238,0.001369,172.217.194.0-255,2902,95119,58,225059
29239,0.001376,172.217.194.0-255,5738,100857,58,225059
29240,0.001383,172.31.46.0-255,66,100923,58,225059
29241,0.001399,172.217.194.0-255,7156,108079,58,225059
29242,0.001404,172.31.46.0-255,66,108145,58,225059
29243,0.001453,172.217.194.0-255,2902,111047,58,225059
29244,0.001457,172.217.194.0-255,2184,113231,58,225059
29245,0.001469,172.31.46.0-255,66,113297,58,225059
29246,0.001497,172.217.194.0-255,4320,117617,58,225059
29247,0.001505,172.217.194.0-255,5738,123355,58,225059
29248,0.001512,172.31.46.0-255,66,123421,58,225059
29249,0.001573,172.31.46.0-255,66,123487,58,225059
29250,0.001584,172.217.194.0-255,3602,127089,58,225059
29251,0.001608,172.31.46.0-255,66,127155,58,225059
29252,0.001633,172.217.194.0-255,1484,128639,58,225059
29253,0.001655,172.217.194.0-255,2902,131541,58,225059
29254,0.001661,172.217.194.0-255,2902,134443,58,225059
29255,0.001666,172.31.46.0-255,66,134509,58,225059
29256,0.001684,172.217.194.0-255,2902,137411,58,225059
29257,0.001702,172.217.194.0-255,7156,144567,58,225059
29258,0.001718,172.217.194.0-255,4320,148887,58,225059
29259,0.001721,172.217.194.0-255,2902,151789,58,225059
29260,0.001724,172.31.46.0-255,66,151855,58,225059
29261,0.00173,172.31.46.0-255,66,151921,58,225059
29262,0.001745,172.217.194.0-255,7156,159077,58,225059
29263,0.00177,172.217.194.0-255,2184,161261,58,225059
29264,0.001782,172.31.46.0-255,66,161327,58,225059
29265,0.001879,172.217.194.0-255,1484,162811,58,225059
29266,0.001883,172.217.194.0-255,1484,164295,58,225059
29267,0.001893,172.217.194.0-255,1484,165779,58,225059
29268,0.001899,172.217.194.0-255,4320,170099,58,225059
29269,0.001903,172.217.194.0-255,2902,173001,58,225059
29270,0.001911,172.31.46.0-255,66,173067,58,225059
29271,0.001922,172.217.194.0-255,5738,178805,58,225059
29272,0.00193,172.31.46.0-255,66,178871,58,225059
29273,0.001972,172.31.46.0-255,66,178937,58,225059
29274,0.002088,172.217.194.0-255,7156,186093,58,225059
29275,0.002099,172.31.46.0-255,66,186159,58,225059
29276,0.00212,172.217.194.0-255,3602,189761,58,225059
29277,0.002159,172.31.46.0-255,66,189827,58,225059
29278,0.002211,172.217.194.0-255,1484,191311,58,225059
29279,0.002225,172.217.194.0-255,2902,194213,58,225059
29280,0.002236,172.31.46.0-255,66,194279,58,225059
29281,0.002247,172.217.194.0-255,5738,200017,58,225059
29282,0.002254,172.217.194.0-255,2902,202919,58,225059
29283,0.002262,172.31.46.0-255,66,202985,58,225059
29284,0.002277,172.217.194.0-255,5738,208723,58,225059
29285,0.002297,172.217.194.0-255,4320,213043,58,225059
29286,0.002344,172.217.194.0-255,7156,220199,58,225059
29287,0.002359,172.31.46.0-255,66,220265,58,225059
29288,0.002365,172.217.194.0-255,4320,224585,58,225059
29289,0.002371,172.31.46.0-255,66,224651,58,225059
29290,0.002393,172.217.194.0-255,105,224756,58,225059
29291,0.002426,172.31.46.0-255,66,224822,58,225059
29292,0.003593,172.217.194.0-255,66,224888,58,225059
29293,0.004706,172.31.46.0-255,105,224993,58,225059
29294,0.007004,172.217.194.0-255,66,225059,58,225059
29295,0.0,74.125.68.0-255,153,153,58,275168
29296,2.2e-05,172.31.46.0-255,66,219,58,275168
29297,2.9e-05,74.125.68.0-255,1484,1703,58,275168
29298,3.4e-05,172.31.46.0-255,66,1769,58,275168
29299,4e-05,74.125.68.0-255,2902,4671,58,275168
29300,4.3e-05,172.31.46.0-255,66,4737,58,275168
29301,4.6e-05,74.125.68.0-255,1484,6221,58,275168
29302,4.9e-05,172.31.46.0-255,66,6287,58,275168
29303,5.5e-05,74.125.68.0-255,2902,9189,58,275168
29304,5.7e-05,172.31.46.0-255,66,9255,58,275168
29305,9.2e-05,74.125.68.0-255,6296,15551,58,275168
29306,9.5e-05,172.31.46.0-255,66,15617,58,275168
29307,9.8e-05,74.125.68.0-255,1484,17101,58,275168
29308,0.0001,172.31.46.0-255,66,17167,58,275168
29309,0.000144,172.31.46.0-255,66,17233,58,275168
29310,0.000162,74.125.68.0-255,1484,18717,58,275168
29311,0.000164,172.31.46.0-255,66,18783,58,275168
29312,0.000167,74.125.68.0-255,1484,20267,58,275168
29313,0.000169,172.31.46.0-255,66,20333,58,275168
29314,0.000228,74.125.68.0-255,2543,22876,58,275168
29315,0.000231,172.31.46.0-255,66,22942,58,275168
29316,0.000391,74.125.68.0-255,1484,24426,58,275168
29317,0.000396,172.31.46.0-255,66,24492,58,275168
29318,0.0004,74.125.68.0-255,1484,25976,58,275168
29319,0.000402,172.31.46.0-255,66,26042,58,275168
29320,0.000407,74.125.68.0-255,2902,28944,58,275168
29321,0.00041,172.31.46.0-255,66,29010,58,275168
29322,0.000434,74.125.68.0-255,5738,34748,58,275168
29323,0.000436,172.31.46.0-255,66,34814,58,275168
29324,0.000464,172.31.46.0-255,66,34880,58,275168
29325,0.000486,74.125.68.0-255,7156,42036,58,275168
29326,0.000499,74.125.68.0-255,2902,44938,58,275168
29327,0.000522,74.125.68.0-255,3602,48540,58,275168
29328,0.000538,74.125.68.0-255,358,48898,58,275168
29329,0.00055,172.31.46.0-255,66,48964,58,275168
29330,0.000648,74.125.68.0-255,131,49095,58,275168
29331,0.00082,74.125.68.0-255,1484,50579,58,275168
29332,0.000827,172.31.46.0-255,66,50645,58,275168
29333,0.000845,74.125.68.0-255,2902,53547,58,275168
29334,0.000877,172.31.46.0-255,66,53613,58,275168
29335,0.000892,74.125.68.0-255,5738,59351,58,275168
29336,0.000915,74.125.68.0-255,1484,60835,58,275168
29337,0.000922,172.31.46.0-255,66,60901,58,275168
29338,0.000942,74.125.68.0-255,2902,63803,58,275168
29339,0.000949,74.125.68.0-255,5738,69541,58,275168
29340,0.000964,74.125.68.0-255,2184,71725,58,275168
29341,0.000991,172.31.46.0-255,66,71791,58,275168
29342,0.001268,74.125.68.0-255,1484,73275,58,275168
29343,0.001274,74.125.68.0-255,2902,76177,58,275168
29344,0.001278,172.31.46.0-255,66,76243,58,275168
29345,0.001303,74.125.68.0-255,5738,81981,58,275168
29346,0.001326,74.125.68.0-255,7156,89137,58,275168
29347,0.001329,172.31.46.0-255,66,89203,58,275168
29348,0.001334,172.31.46.0-255,66,89269,58,275168
29349,0.001352,74.125.68.0-255,5738,95007,58,275168
29350,0.00136,172.31.46.0-255,66,95073,58,275168
29351,0.001382,74.125.68.0-255,4320,99393,58,275168
29352,0.001395,172.31.46.0-255,66,99459,58,275168
29353,0.001407,74.125.68.0-255,6438,105897,58,275168
29354,0.001412,172.31.46.0-255,66,105963,58,275168
29355,0.001606,74.125.68.0-255,1484,107447,58,275168
29356,0.001619,74.125.68.0-255,2902,110349,58,275168
29357,0.001622,172.31.46.0-255,66,110415,58,275168
29358,0.001627,74.125.68.0-255,2902,113317,58,275168
29359,0.001656,74.125.68.0-255,4320,117637,58,275168
29360,0.001661,172.31.46.0-255,66,117703,58,275168
29361,0.001719,74.125.68.0-255,5738,123441,58,275168
29362,0.001728,74.125.68.0-255,7156,130597,58,275168
29363,0.001751,74.125.68.0-255,5738,136335,58,275168
29364,0.001786,74.125.68.0-255,3602,139937,58,275168
29365,0.001806,74.125.68.0-255,4320,144257,58,275168
29366,0.001829,74.125.68.0-255,4320,148577,58,275168
29367,0.00185,74.125.68.0-255,5738,154315,58,275168
29368,0.001855,74.125.68.0-255,2902,157217,58,275168
29369,0.001896,74.125.68.0-255,5738,162955,58,275168
29370,0.0019,74.125.68.0-255,2184,165139,58,275168
29371,0.001948,74.125.68.0-255,1484,166623,58,275168
29372,0.001953,74.125.68.0-255,2902,169525,58,275168
29373,0.001999,74.125.68.0-255,5738,175263,58,275168
29374,0.002017,74.125.68.0-255,5738,181001,58,275168
29375,0.002022,74.125.68.0-255,2902,183903,58,275168
29376,0.002078,74.125.68.0-255,5020,188923,58,275168
29377,0.002105,74.125.68.0-255,5738,194661,58,275168
29378,0.002209,74.125.68.0-255,1484,196145,58,275168
29379,0.002217,74.125.68.0-255,6438,202583,58,275168
29380,0.002225,74.125.68.0-255,7156,209739,58,275168
29381,0.002258,74.125.68.0-255,2902,212641,58,275168
29382,0.002283,74.125.68.0-255,2902,215543,58,275168
29383,0.002291,74.125.68.0-255,7156,222699,58,275168
29384,0.005115,172.31.46.0-255,66,222765,58,275168
29385,0.007388,74.125.68.0-255,5738,228503,58,275168
29386,0.007398,172.31.46.0-255,66,228569,58,275168
29387,0.009648,74.125.68.0-255,5738,234307,58,275168
29388,0.009655,172.31.46.0-255,66,234373,58,275168
29389,0.009823,172.31.46.0-255,101,234474,58,275168
29390,0.011914,74.125.68.0-255,5738,240212,58,275168
29391,0.011921,172.31.46.0-255,66,240278,58,275168
29392,0.01205,74.125.68.0-255,66,240344,58,275168
29393,0.014185,74.125.68.0-255,5738,246082,58,275168
29394,0.016668,172.31.46.0-255,66,246148,58,275168
29395,0.018943,74.125.68.0-255,5738,251886,58,275168
29396,0.018957,172.31.46.0-255,66,251952,58,275168
29397,0.021222,74.125.68.0-255,5738,257690,58,275168
29398,0.021231,172.31.46.0-255,66,257756,58,275168
29399,0.023482,74.125.68.0-255,5738,263494,58,275168
29400,0.023489,172.31.46.0-255,66,263560,58,275168
29401,0.025747,74.125.68.0-255,5738,269298,58,275168
29402,0.025755,172.31.46.0-255,66,269364,58,275168
29403,0.028012,74.125.68.0-255,5738,275102,58,275168
29404,0.028018,172.31.46.0-255,66,275168,58,275168
29405,0.0,172.217.194.0-255,148,148,58,205055
29406,1.5e-05,172.31.46.0-255,66,214,58,205055
29407,2.3e-05,172.217.194.0-255,1484,1698,58,205055
29408,2.8e-05,172.31.46.0-255,66,1764,58,205055
29409,6e-05,172.217.194.0-255,1484,3248,58,205055
29410,6.7e-05,172.31.46.0-255,66,3314,58,205055
29411,7.4e-05,172.217.194.0-255,2902,6216,58,205055
29412,7.7e-05,172.31.46.0-255,66,6282,58,205055
29413,8.4e-05,172.217.194.0-255,5738,12020,58,205055
29414,8.7e-05,172.31.46.0-255,66,12086,58,205055
29415,9.1e-05,172.217.194.0-255,1938,14024,58,205055
29416,9.3e-05,172.31.46.0-255,66,14090,58,205055
29417,0.000151,172.217.194.0-255,1484,15574,58,205055
29418,0.000154,172.31.46.0-255,66,15640,58,205055
29419,0.000159,172.217.194.0-255,2902,18542,58,205055
29420,0.000162,172.31.46.0-255,66,18608,58,205055
29421,0.000197,172.217.194.0-255,5738,24346,58,205055
29422,0.000199,172.31.46.0-255,66,24412,58,205055
29423,0.000207,172.217.194.0-255,6797,31209,58,205055
29424,0.000209,172.31.46.0-255,66,31275,58,205055
29425,0.000248,172.31.46.0-255,66,31341,58,205055
29426,0.000269,172.217.194.0-255,5738,37079,58,205055
29427,0.000272,172.31.46.0-255,66,37145,58,205055
29428,0.000277,172.217.194.0-255,2543,39688,58,205055
29429,0.000279,172.31.46.0-255,66,39754,58,205055
29430,0.000307,172.217.194.0-255,1484,41238,58,205055
29431,0.00031,172.31.46.0-255,66,41304,58,205055
29432,0.000351,172.31.46.0-255,66,41370,58,205055
29433,0.000623,172.217.194.0-255,645,42015,58,205055
29434,0.000628,172.31.46.0-255,66,42081,58,205055
29435,0.000833,172.217.194.0-255,1484,43565,58,205055
29436,0.000839,172.217.194.0-255,2902,46467,58,205055
29437,0.000843,172.31.46.0-255,66,46533,58,205055
29438,0.000848,172.217.194.0-255,2902,49435,58,205055
29439,0.00085,172.31.46.0-255,66,49501,58,205055
29440,0.000889,172.217.194.0-255,2902,52403,58,205055
29441,0.000892,172.31.46.0-255,66,52469,58,205055
29442,0.000908,172.31.46.0-255,66,52535,58,205055
29443,0.000951,172.31.46.0-255,66,52601,58,205055
29444,0.001092,172.217.194.0-255,1484,54085,58,205055
29445,0.001099,172.217.194.0-255,2902,56987,58,205055
29446,0.001103,172.31.46.0-255,66,57053,58,205055
29447,0.001109,172.217.194.0-255,4320,61373,58,205055
29448,0.001112,172.31.46.0-255,66,61439,58,205055
29449,0.001127,172.217.194.0-255,1484,62923,58,205055
29450,0.001138,172.217.194.0-255,7156,70079,58,205055
29451,0.001141,172.31.46.0-255,66,70145,58,205055
29452,0.001146,172.217.194.0-255,2902,73047,58,205055
29453,0.001148,172.31.46.0-255,66,73113,58,205055
29454,0.001185,172.31.46.0-255,66,73179,58,205055
29455,0.001189,172.217.194.0-255,2184,75363,58,205055
29456,0.001191,172.31.46.0-255,66,75429,58,205055
29457,0.001237,172.31.46.0-255,66,75495,58,205055
29458,0.001269,172.217.194.0-255,5738,81233,58,205055
29459,0.001272,172.31.46.0-255,66,81299,58,205055
29460,0.001291,172.31.46.0-255,66,81365,58,205055
29461,0.001295,172.217.194.0-255,2184,83549,58,205055
29462,0.001298,172.31.46.0-255,66,83615,58,205055
29463,0.001365,172.217.194.0-255,1484,85099,58,205055
29464,0.001371,172.217.194.0-255,2902,88001,58,205055
29465,0.001373,172.31.46.0-255,66,88067,58,205055
29466,0.00138,172.217.194.0-255,5738,93805,58,205055
29467,0.001382,172.31.46.0-255,66,93871,58,205055
29468,0.001399,172.31.46.0-255,66,93937,58,205055
29469,0.001443,172.217.194.0-255,4320,98257,58,205055
29470,0.001447,172.31.46.0-255,66,98323,58,205055
29471,0.001488,172.31.46.0-255,66,98389,58,205055
29472,0.001956,172.217.194.0-255,1484,99873,58,205055
29473,0.001964,172.217.194.0-255,2902,102775,58,205055
29474,0.001969,172.31.46.0-255,66,102841,58,205055
29475,0.001977,172.217.194.0-255,5738,108579,58,205055
29476,0.00198,172.31.46.0-255,66,108645,58,205055
29477,0.001989,172.217.194.0-255,2902,111547,58,205055
29478,0.001992,172.31.46.0-255,66,111613,58,205055
29479,0.00203,172.31.46.0-255,66,111679,58,205055
29480,0.002034,172.217.194.0-255,1484,113163,58,205055
29481,0.002066,172.31.46.0-255,66,113229,58,205055
29482,0.002121,172.217.194.0-255,1484,114713,58,205055
29483,0.002127,172.217.194.0-255,2902,117615,58,205055
29484,0.002129,172.31.46.0-255,66,117681,58,205055
29485,0.002175,172.217.194.0-255,5738,123419,58,205055
29486,0.002197,172.217.194.0-255,4320,127739,58,205055
29487,0.002221,172.217.194.0-255,6438,134177,58,205055
29488,0.002257,172.217.194.0-255,1484,135661,58,205055
29489,0.002262,172.217.194.0-255,2902,138563,58,205055
29490,0.002265,172.217.194.0-255,1484,140047,58,205055
29491,0.002285,172.217.194.0-255,4320,144367,58,205055
29492,0.002292,172.217.194.0-255,5738,150105,58,205055
29493,0.002315,172.217.194.0-255,7156,157261,58,205055
29494,0.002323,172.217.194.0-255,7156,164417,58,205055
29495,0.002337,172.217.194.0-255,3602,168019,58,205055
29496,0.002367,172.217.194.0-255,1484,169503,58,205055
29497,0.002392,172.217.194.0-255,2902,172405,58,205055
29498,0.00241,172.217.194.0-255,5738,178143,58,205055
29499,0.002413,172.217.194.0-255,1484,179627,58,205055
29500,0.002429,172.217.194.0-255,5738,185365,58,205055
29501,0.002449,172.217.194.0-255,7156,192521,58,205055
29502,0.002464,172.217.194.0-255,4320,196841,58,205055
29503,0.002535,172.217.194.0-255,5738,202579,58,205055
29504,0.002627,172.217.194.0-255,2068,204647,58,205055
29505,0.005826,172.31.46.0-255,66,204713,58,205055
29506,0.008406,172.217.194.0-255,105,204818,58,205055
29507,0.008735,172.31.46.0-255,66,204884,58,205055
29508,0.008775,172.31.46.0-255,105,204989,58,205055
29509,0.011338,172.217.194.0-255,66,205055,58,205055
29510,0.0,74.125.130.0-255,146,146,58,260212
29511,2.3e-05,172.31.46.0-255,66,212,58,260212
29512,3.1e-05,74.125.130.0-255,1484,1696,58,260212
29513,3.5e-05,172.31.46.0-255,66,1762,58,260212
29514,4.1e-05,74.125.130.0-255,2902,4664,58,260212
29515,4.5e-05,172.31.46.0-255,66,4730,58,260212
29516,5.3e-05,74.125.130.0-255,7156,11886,58,260212
29517,5.6e-05,172.31.46.0-255,66,11952,58,260212
29518,0.000107,172.31.46.0-255,66,12018,58,260212
29519,0.000113,74.125.130.0-255,4320,16338,58,260212
29520,0.000115,172.31.46.0-255,66,16404,58,260212
29521,0.000122,74.125.130.0-255,5738,22142,58,260212
29522,0.000125,172.31.46.0-255,66,22208,58,260212
29523,0.000141,74.125.130.0-255,1484,23692,58,260212
29524,0.000144,172.31.46.0-255,66,23758,58,260212
29525,0.000176,172.31.46.0-255,66,23824,58,260212
29526,0.000182,74.125.130.0-255,5738,29562,58,260212
29527,0.000185,172.31.46.0-255,66,29628,58,260212
29528,0.000187,74.125.130.0-255,766,30394,58,260212
29529,0.000189,172.31.46.0-255,66,30460,58,260212
29530,0.000477,74.125.130.0-255,1484,31944,58,260212
29531,0.000483,172.31.46.0-255,66,32010,58,260212
29532,0.00049,74.125.130.0-255,2902,34912,58,260212
29533,0.000493,172.31.46.0-255,66,34978,58,260212
29534,0.000535,74.125.130.0-255,5738,40716,58,260212
29535,0.000539,172.31.46.0-255,66,40782,58,260212
29536,0.000546,74.125.130.0-255,7086,47868,58,260212
29537,0.000548,172.31.46.0-255,66,47934,58,260212
29538,0.000551,74.125.130.0-255,98,48032,58,260212
29539,0.000554,172.31.46.0-255,66,48098,58,260212
29540,0.001248,74.125.130.0-255,1484,49582,58,260212
29541,0.001259,74.125.130.0-255,2902,52484,58,260212
29542,0.001264,172.31.46.0-255,66,52550,58,260212
29543,0.001269,74.125.130.0-255,1484,54034,58,260212
29544,0.001288,74.125.130.0-255,1484,55518,58,260212
29545,0.001294,74.125.130.0-255,4320,59838,58,260212
29546,0.001297,74.125.130.0-255,1484,61322,58,260212
29547,0.001312,74.125.130.0-255,7156,68478,58,260212
29548,0.001315,74.125.130.0-255,1484,69962,58,260212
29549,0.001344,74.125.130.0-255,4320,74282,58,260212
29550,0.001352,74.125.130.0-255,7156,81438,58,260212
29551,0.001354,74.125.130.0-255,766,82204,58,260212
29552,0.001524,74.125.130.0-255,1484,83688,58,260212
29553,0.001531,74.125.130.0-255,2902,86590,58,260212
29554,0.001558,74.125.130.0-255,5738,92328,58,260212
29555,0.001574,74.125.130.0-255,2902,95230,58,260212
29556,0.001606,74.125.130.0-255,4320,99550,58,260212
29557,0.001626,74.125.130.0-255,2902,102452,58,260212
29558,0.001639,74.125.130.0-255,4320,106772,58,260212
29559,0.001664,74.125.130.0-255,766,107538,58,260212
29560,0.001691,74.125.130.0-255,1484,109022,58,260212
29561,0.001708,74.125.130.0-255,4320,113342,58,260212
29562,0.00173,74.125.130.0-255,2902,116244,58,260212
29563,0.001735,74.125.130.0-255,4320,120564,58,260212
29564,0.001759,74.125.130.0-255,5738,126302,58,260212
29565,0.001809,74.125.130.0-255,2902,129204,58,260212
29566,0.001816,74.125.130.0-255,4320,133524,58,260212
29567,0.001823,74.125.130.0-255,5738,139262,58,260212
29568,0.001827,74.125.130.0-255,2184,141446,58,260212
29569,0.002019,74.125.130.0-255,1484,142930,58,260212
29570,0.002026,74.125.130.0-255,2902,145832,58,260212
29571,0.002073,74.125.130.0-255,4320,150152,58,260212
29572,0.002088,74.125.130.0-255,5738,155890,58,260212
29573,0.002093,74.125.130.0-255,2902,158792,58,260212
29574,0.002109,74.125.130.0-255,4320,163112,58,260212
29575,0.002138,74.125.130.0-255,1484,164596,58,260212
29576,0.002152,74.125.130.0-255,2184,166780,58,260212
29577,0.002182,74.125.130.0-255,2902,169682,58,260212
29578,0.002201,74.125.130.0-255,4320,174002,58,260212
29579,0.002221,74.125.130.0-255,4320,178322,58,260212
29580,0.002233,74.125.130.0-255,4320,182642,58,260212
29581,0.002236,74.125.130.0-255,1484,184126,58,260212
29582,0.002258,74.125.130.0-255,2902,187028,58,260212
29583,0.002264,74.125.130.0-255,5738,192766,58,260212
29584,0.002281,74.125.130.0-255,4320,197086,58,260212
29585,0.002295,74.125.130.0-255,5020,202106,58,260212
29586,0.002309,74.125.130.0-255,2902,205008,58,260212
29587,0.002321,74.125.130.0-255,2902,207910,58,260212
29588,0.007502,172.31.46.0-255,66,207976,58,260212
29589,0.009824,74.125.130.0-255,5738,213714,58,260212
29590,0.009837,172.31.46.0-255,66,213780,58,260212
29591,0.012151,74.125.130.0-255,5738,219518,58,260212
29592,0.012164,172.31.46.0-255,66,219584,58,260212
29593,0.014447,74.125.130.0-255,5738,225322,58,260212
29594,0.014456,172.31.46.0-255,66,225388,58,260212
29595,0.016762,74.125.130.0-255,5738,231126,58,260212
29596,0.016776,172.31.46.0-255,66,231192,58,260212
29597,0.01907,74.125.130.0-255,5738,236930,58,260212
29598,0.019086,172.31.46.0-255,66,236996,58,260212
29599,0.021376,74.125.130.0-255,5738,242734,58,260212
29600,0.021385,172.31.46.0-255,66,242800,58,260212
29601,0.023695,74.125.130.0-255,5738,248538,58,260212
29602,0.023704,172.31.46.0-255,66,248604,58,260212
29603,0.026,74.125.130.0-255,5738,254342,58,260212
29604,0.026011,172.31.46.0-255,66,254408,58,260212
29605,0.028321,74.125.130.0-255,5738,260146,58,260212
29606,0.028335,172.31.46.0-255,66,260212,58,260212
29607,0.0,172.217.194.0-255,153,153,58,234357
29608,2.5e-05,172.31.46.0-255,66,219,58,234357
29609,3.2e-05,172.217.194.0-255,1484,1703,58,234357
29610,3.7e-05,172.31.46.0-255,66,1769,58,234357
29611,4.2e-05,172.217.194.0-255,2902,4671,58,234357
29612,4.5e-05,172.31.46.0-255,66,4737,58,234357
29613,5.2e-05,172.217.194.0-255,4320,9057,58,234357
29614,5.4e-05,172.31.46.0-255,66,9123,58,234357
29615,7.2e-05,172.217.194.0-255,2902,12025,58,234357
29616,7.5e-05,172.31.46.0-255,66,12091,58,234357
29617,0.000102,172.217.194.0-255,1938,14029,58,234357
29618,0.000105,172.31.46.0-255,66,14095,58,234357
29619,0.00026,172.217.194.0-255,1484,15579,58,234357
29620,0.000264,172.31.46.0-255,66,15645,58,234357
29621,0.00027,172.217.194.0-255,2902,18547,58,234357
29622,0.000273,172.31.46.0-255,66,18613,58,234357
29623,0.000301,172.217.194.0-255,5738,24351,58,234357
29624,0.000304,172.31.46.0-255,66,24417,58,234357
29625,0.000307,172.217.194.0-255,1484,25901,58,234357
29626,0.000309,172.31.46.0-255,66,25967,58,234357
29627,0.000328,172.217.194.0-255,5379,31346,58,234357
29628,0.00033,172.31.46.0-255,66,31412,58,234357
29629,0.000419,172.217.194.0-255,1484,32896,58,234357
29630,0.000423,172.31.46.0-255,66,32962,58,234357
29631,0.000444,172.217.194.0-255,2902,35864,58,234357
29632,0.000446,172.31.46.0-255,66,35930,58,234357
29633,0.00045,172.217.194.0-255,1484,37414,58,234357
29634,0.000452,172.31.46.0-255,66,37480,58,234357
29635,0.000473,172.217.194.0-255,4320,41800,58,234357
29636,0.000477,172.31.46.0-255,66,41866,58,234357
29637,0.000499,172.217.194.0-255,6797,48663,58,234357
29638,0.000502,172.31.46.0-255,66,48729,58,234357
29639,0.000505,172.217.194.0-255,1484,50213,58,234357
29640,0.000547,172.31.46.0-255,66,50279,58,234357
29641,0.000551,172.217.194.0-255,2834,53113,58,234357
29642,0.000554,172.31.46.0-255,66,53179,58,234357
29643,0.000631,172.217.194.0-255,364,53543,58,234357
29644,0.000864,172.217.194.0-255,1484,55027,58,234357
29645,0.000869,172.31.46.0-255,66,55093,58,234357
29646,0.000873,172.217.194.0-255,1484,56577,58,234357
29647,0.000888,172.217.194.0-255,1484,58061,58,234357
29648,0.000891,172.31.46.0-255,66,58127,58,234357
29649,0.000898,172.217.194.0-255,4320,62447,58,234357
29650,0.0009,172.31.46.0-255,66,62513,58,234357
29651,0.000913,172.217.194.0-255,1484,63997,58,234357
29652,0.000916,172.217.194.0-255,1484,65481,58,234357
29653,0.000918,172.31.46.0-255,66,65547,58,234357
29654,0.000958,172.31.46.0-255,66,65613,58,234357
29655,0.00097,172.31.46.0-255,66,65679,58,234357
29656,0.000973,172.217.194.0-255,766,66445,58,234357
29657,0.001017,172.217.194.0-255,1484,67929,58,234357
29658,0.001021,172.31.46.0-255,66,67995,58,234357
29659,0.001026,172.217.194.0-255,2902,70897,58,234357
29660,0.001028,172.31.46.0-255,66,70963,58,234357
29661,0.001031,172.217.194.0-255,1484,72447,58,234357
29662,0.001055,172.217.194.0-255,4320,76767,58,234357
29663,0.001058,172.31.46.0-255,66,76833,58,234357
29664,0.001071,172.31.46.0-255,66,76899,58,234357
29665,0.001077,172.217.194.0-255,5738,82637,58,234357
29666,0.001079,172.31.46.0-255,66,82703,58,234357
29667,0.001096,172.217.194.0-255,5020,87723,58,234357
29668,0.001099,172.31.46.0-255,66,87789,58,234357
29669,0.002334,172.217.194.0-255,1484,89273,58,234357
29670,0.002345,172.217.194.0-255,2902,92175,58,234357
29671,0.00235,172.31.46.0-255,66,92241,58,234357
29672,0.002358,172.217.194.0-255,5738,97979,58,234357
29673,0.002361,172.31.46.0-255,66,98045,58,234357
29674,0.002394,172.31.46.0-255,66,98111,58,234357
29675,0.00243,172.31.46.0-255,66,98177,58,234357
29676,0.002445,172.217.194.0-255,4320,102497,58,234357
29677,0.002447,172.31.46.0-255,66,102563,58,234357
29678,0.002451,172.217.194.0-255,766,103329,58,234357
29679,0.002576,172.217.194.0-255,1484,104813,58,234357
29680,0.002579,172.31.46.0-255,66,104879,58,234357
29681,0.002582,172.217.194.0-255,1484,106363,58,234357
29682,0.002597,172.217.194.0-255,1484,107847,58,234357
29683,0.002599,172.31.46.0-255,66,107913,58,234357
29684,0.002606,172.217.194.0-255,5738,113651,58,234357
29685,0.002607,172.31.46.0-255,66,113717,58,234357
29686,0.002613,172.217.194.0-255,4320,118037,58,234357
29687,0.002615,172.31.46.0-255,66,118103,58,234357
29688,0.002628,172.217.194.0-255,1484,119587,58,234357
29689,0.002631,172.217.194.0-255,1484,121071,58,234357
29690,0.002633,172.31.46.0-255,66,121137,58,234357
29691,0.002667,172.31.46.0-255,66,121203,58,234357
29692,0.00267,172.217.194.0-255,1484,122687,58,234357
29693,0.002673,172.217.194.0-255,1484,124171,58,234357
29694,0.002675,172.31.46.0-255,66,124237,58,234357
29695,0.00268,172.217.194.0-255,2902,127139,58,234357
29696,0.002682,172.31.46.0-255,66,127205,58,234357
29697,0.002688,172.217.194.0-255,5020,132225,58,234357
29698,0.00269,172.31.46.0-255,66,132291,58,234357
29699,0.002705,172.217.194.0-255,1484,133775,58,234357
29700,0.002732,172.31.46.0-255,66,133841,58,234357
29701,0.002737,172.217.194.0-255,2902,136743,58,234357
29702,0.002739,172.31.46.0-255,66,136809,58,234357
29703,0.002751,172.31.46.0-255,66,136875,58,234357
29704,0.002775,172.217.194.0-255,4320,141195,58,234357
29705,0.002777,172.31.46.0-255,66,141261,58,234357
29706,0.002803,172.31.46.0-255,66,141327,58,234357
29707,0.00282,172.31.46.0-255,66,141393,58,234357
29708,0.002827,172.217.194.0-255,7156,148549,58,234357
29709,0.00283,172.31.46.0-255,66,148615,58,234357
29710,0.002832,172.217.194.0-255,1484,150099,58,234357
29711,0.002845,172.31.46.0-255,66,150165,58,234357
29712,0.00285,172.217.194.0-255,4320,154485,58,234357
29713,0.002852,172.31.46.0-255,66,154551,58,234357
29714,0.002885,172.217.194.0-255,4320,158871,58,234357
29715,0.002889,172.31.46.0-255,66,158937,58,234357
29716,0.002894,172.217.194.0-255,4320,163257,58,234357
29717,0.002896,172.31.46.0-255,66,163323,58,234357
29718,0.0029,172.217.194.0-255,1484,164807,58,234357
29719,0.002908,172.217.194.0-255,7156,171963,58,234357
29720,0.00291,172.31.46.0-255,66,172029,58,234357
29721,0.002913,172.217.194.0-255,1484,173513,58,234357
29722,0.002916,172.217.194.0-255,1484,174997,58,234357
29723,0.002918,172.31.46.0-255,66,175063,58,234357
29724,0.002921,172.217.194.0-255,1484,176547,58,234357
29725,0.002946,172.217.194.0-255,4320,180867,58,234357
29726,0.002949,172.31.46.0-255,66,180933,58,234357
29727,0.002955,172.217.194.0-255,5020,185953,58,234357
29728,0.002958,172.31.46.0-255,66,186019,58,234357
29729,0.002991,172.31.46.0-255,66,186085,58,234357
29730,0.003028,172.217.194.0-255,7156,193241,58,234357
29731,0.003032,172.31.46.0-255,66,193307,58,234357
29732,0.003045,172.31.46.0-255,66,193373,58,234357
29733,0.00305,172.217.194.0-255,5020,198393,58,234357
29734,0.003052,172.31.46.0-255,66,198459,58,234357
29735,0.003075,172.217.194.0-255,7156,205615,58,234357
29736,0.003079,172.31.46.0-255,66,205681,58,234357
29737,0.00312,172.217.194.0-255,5738,211419,58,234357
29738,0.003123,172.31.46.0-255,66,211485,58,234357
29739,0.00314,172.217.194.0-255,2902,214387,58,234357
29740,0.003143,172.31.46.0-255,66,214453,58,234357
29741,0.003155,172.31.46.0-255,66,214519,58,234357
29742,0.003166,172.31.46.0-255,66,214585,58,234357
29743,0.003192,172.217.194.0-255,1484,216069,58,234357
29744,0.003197,172.217.194.0-255,2902,218971,58,234357
29745,0.0032,172.31.46.0-255,66,219037,58,234357
29746,0.003204,172.217.194.0-255,2902,221939,58,234357
29747,0.003206,172.31.46.0-255,66,222005,58,234357
29748,0.003224,172.217.194.0-255,2902,224907,58,234357
29749,0.003227,172.31.46.0-255,66,224973,58,234357
29750,0.003232,172.217.194.0-255,2902,227875,58,234357
29751,0.003235,172.31.46.0-255,66,227941,58,234357
29752,0.003267,172.31.46.0-255,66,228007,58,234357
29753,0.003272,172.217.194.0-255,2902,230909,58,234357
29754,0.003274,172.31.46.0-255,66,230975,58,234357
29755,0.003287,172.217.194.0-255,2877,233852,58,234357
29756,0.00329,172.31.46.0-255,66,233918,58,234357
29757,0.003293,172.217.194.0-255,97,234015,58,234357
29758,0.003313,172.217.194.0-255,105,234120,58,234357
29759,0.00556,172.31.46.0-255,66,234186,58,234357
29760,0.005598,172.31.46.0-255,105,234291,58,234357
29761,0.007925,172.217.194.0-255,66,234357,58,234357
29762,0.0,74.125.24.0-255,153,153,58,221319
29763,2.3e-05,172.31.46.0-255,66,219,58,221319
29764,3.1e-05,74.125.24.0-255,1484,1703,58,221319
29765,3.5e-05,172.31.46.0-255,66,1769,58,221319
29766,4.1e-05,74.125.24.0-255,2902,4671,58,221319
29767,5.2e-05,172.31.46.0-255,66,4737,58,221319
29768,6e-05,74.125.24.0-255,7156,11893,58,221319
29769,6.3e-05,172.31.46.0-255,66,11959,58,221319
29770,6.7e-05,74.125.24.0-255,2075,14034,58,221319
29771,7e-05,172.31.46.0-255,66,14100,58,221319
29772,0.000247,74.125.24.0-255,1484,15584,58,221319
29773,0.000251,172.31.46.0-255,66,15650,58,221319
29774,0.000258,74.125.24.0-255,2902,18552,58,221319
29775,0.000261,172.31.46.0-255,66,18618,58,221319
29776,0.000298,74.125.24.0-255,5738,24356,58,221319
29777,0.000301,172.31.46.0-255,66,24422,58,221319
29778,0.000306,74.125.24.0-255,2902,27324,58,221319
29779,0.000308,172.31.46.0-255,66,27390,58,221319
29780,0.000338,74.125.24.0-255,3961,31351,58,221319
29781,0.000341,172.31.46.0-255,66,31417,58,221319
29782,0.000408,74.125.24.0-255,1484,32901,58,221319
29783,0.00041,172.31.46.0-255,66,32967,58,221319
29784,0.000415,74.125.24.0-255,2902,35869,58,221319
29785,0.000417,172.31.46.0-255,66,35935,58,221319
29786,0.000445,74.125.24.0-255,1484,37419,58,221319
29787,0.000448,172.31.46.0-255,66,37485,58,221319
29788,0.000475,74.125.24.0-255,2902,40387,58,221319
29789,0.000478,172.31.46.0-255,66,40453,58,221319
29790,0.000484,74.125.24.0-255,5738,46191,58,221319
29791,0.000487,172.31.46.0-255,66,46257,58,221319
29792,0.000495,74.125.24.0-255,2543,48800,58,221319
29793,0.000497,172.31.46.0-255,66,48866,58,221319
29794,0.000722,74.125.24.0-255,1484,50350,58,221319
29795,0.000728,74.125.24.0-255,1484,51834,58,221319
29796,0.000731,172.31.46.0-255,66,51900,58,221319
29797,0.000757,74.125.24.0-255,1484,53384,58,221319
29798,0.00076,74.125.24.0-255,1484,54868,58,221319
29799,0.000762,172.31.46.0-255,66,54934,58,221319
29800,0.000791,74.125.24.0-255,4320,59254,58,221319
29801,0.000794,172.31.46.0-255,66,59320,58,221319
29802,0.000802,74.125.24.0-255,6797,66117,58,221319
29803,0.000804,172.31.46.0-255,66,66183,58,221319
29804,0.000813,74.125.24.0-255,2902,69085,58,221319
29805,0.000815,172.31.46.0-255,66,69151,58,221319
29806,0.000818,74.125.24.0-255,1484,70635,58,221319
29807,0.000855,172.31.46.0-255,66,70701,58,221319
29808,0.00086,74.125.24.0-255,3125,73826,58,221319
29809,0.000862,172.31.46.0-255,66,73892,58,221319
29810,0.000894,74.125.24.0-255,4320,78212,58,221319
29811,0.000897,172.31.46.0-255,66,78278,58,221319
29812,0.000913,172.31.46.0-255,66,78344,58,221319
29813,0.000918,74.125.24.0-255,2543,80887,58,221319
29814,0.00092,172.31.46.0-255,66,80953,58,221319
29815,0.000971,172.31.46.0-255,66,81019,58,221319
29816,0.001004,74.125.24.0-255,5738,86757,58,221319
29817,0.001007,172.31.46.0-255,66,86823,58,221319
29818,0.001011,74.125.24.0-255,1874,88697,58,221319
29819,0.001013,172.31.46.0-255,66,88763,58,221319
29820,0.001054,74.125.24.0-255,2902,91665,58,221319
29821,0.001057,172.31.46.0-255,66,91731,58,221319
29822,0.001063,74.125.24.0-255,4320,96051,58,221319
29823,0.001065,172.31.46.0-255,66,96117,58,221319
29824,0.001103,172.31.46.0-255,66,96183,58,221319
29825,0.001108,74.125.24.0-255,1825,98008,58,221319
29826,0.00111,172.31.46.0-255,66,98074,58,221319
29827,0.001139,74.125.24.0-255,2902,100976,58,221319
29828,0.001141,172.31.46.0-255,66,101042,58,221319
29829,0.001175,74.125.24.0-255,7156,108198,58,221319
29830,0.001178,172.31.46.0-255,66,108264,58,221319
29831,0.001196,172.31.46.0-255,66,108330,58,221319
29832,0.001273,172.31.46.0-255,66,108396,58,221319
29833,0.001297,74.125.24.0-255,1484,109880,58,221319
29834,0.001303,74.125.24.0-255,2902,112782,58,221319
29835,0.001305,172.31.46.0-255,66,112848,58,221319
29836,0.00131,74.125.24.0-255,2902,115750,58,221319
29837,0.001313,172.31.46.0-255,66,115816,58,221319
29838,0.001333,74.125.24.0-255,2902,118718,58,221319
29839,0.001335,172.31.46.0-255,66,118784,58,221319
29840,0.001345,172.31.46.0-255,66,118850,58,221319
29841,0.001388,74.125.24.0-255,4320,123170,58,221319
29842,0.001392,172.31.46.0-255,66,123236,58,221319
29843,0.001415,172.31.46.0-255,66,123302,58,221319
29844,0.00144,74.125.24.0-255,1484,124786,58,221319
29845,0.001444,74.125.24.0-255,1484,126270,58,221319
29846,0.001446,172.31.46.0-255,66,126336,58,221319
29847,0.001469,74.125.24.0-255,1484,127820,58,221319
29848,0.001476,74.125.24.0-255,5738,133558,58,221319
29849,0.001478,172.31.46.0-255,66,133624,58,221319
29850,0.001509,172.31.46.0-255,66,133690,58,221319
29851,0.001513,74.125.24.0-255,1484,135174,58,221319
29852,0.001552,172.31.46.0-255,66,135240,58,221319
29853,0.002091,74.125.24.0-255,1484,136724,58,221319
29854,0.002096,74.125.24.0-255,1484,138208,58,221319
29855,0.002099,172.31.46.0-255,66,138274,58,221319
29856,0.002126,74.125.24.0-255,1484,139758,58,221319
29857,0.002132,74.125.24.0-255,5738,145496,58,221319
29858,0.002134,172.31.46.0-255,66,145562,58,221319
29859,0.002147,74.125.24.0-255,5738,151300,58,221319
29860,0.002154,172.31.46.0-255,66,151366,58,221319
29861,0.002167,172.31.46.0-255,66,151432,58,221319
29862,0.002171,74.125.24.0-255,2902,154334,58,221319
29863,0.002173,172.31.46.0-255,66,154400,58,221319
29864,0.002202,74.125.24.0-255,2184,156584,58,221319
29865,0.002204,172.31.46.0-255,66,156650,58,221319
29866,0.002231,74.125.24.0-255,1484,158134,58,221319
29867,0.002235,74.125.24.0-255,2902,161036,58,221319
29868,0.002237,172.31.46.0-255,66,161102,58,221319
29869,0.002264,74.125.24.0-255,5738,166840,58,221319
29870,0.002266,172.31.46.0-255,66,166906,58,221319
29871,0.002276,172.31.46.0-255,66,166972,58,221319
29872,0.002306,74.125.24.0-255,4320,171292,58,221319
29873,0.002309,172.31.46.0-255,66,171358,58,221319
29874,0.002319,172.31.46.0-255,66,171424,58,221319
29875,0.002328,74.125.24.0-255,2184,173608,58,221319
29876,0.00233,172.31.46.0-255,66,173674,58,221319
29877,0.002393,74.125.24.0-255,1484,175158,58,221319
29878,0.002399,74.125.24.0-255,2902,178060,58,221319
29879,0.002401,172.31.46.0-255,66,178126,58,221319
29880,0.002434,74.125.24.0-255,5738,183864,58,221319
29881,0.002436,172.31.46.0-255,66,183930,58,221319
29882,0.002442,74.125.24.0-255,2902,186832,58,221319
29883,0.002444,172.31.46.0-255,66,186898,58,221319
29884,0.002483,172.31.46.0-255,66,186964,58,221319
29885,0.002494,172.31.46.0-255,66,187030,58,221319
29886,0.00252,74.125.24.0-255,2184,189214,58,221319
29887,0.002536,172.31.46.0-255,66,189280,58,221319
29888,0.002558,74.125.24.0-255,1484,190764,58,221319
29889,0.002563,74.125.24.0-255,2902,193666,58,221319
29890,0.002566,172.31.46.0-255,66,193732,58,221319
29891,0.002569,74.125.24.0-255,1484,195216,58,221319
29892,0.002594,74.125.24.0-255,4320,199536,58,221319
29893,0.002596,172.31.46.0-255,66,199602,58,221319
29894,0.002603,74.125.24.0-255,5738,205340,58,221319
29895,0.002606,172.31.46.0-255,66,205406,58,221319
29896,0.002689,172.31.46.0-255,66,205472,58,221319
29897,0.002695,74.125.24.0-255,5020,210492,58,221319
29898,0.002697,172.31.46.0-255,66,210558,58,221319
29899,0.0027,74.125.24.0-255,1484,212042,58,221319
29900,0.002711,74.125.24.0-255,7156,219198,58,221319
29901,0.002714,172.31.46.0-255,66,219264,58,221319
29902,0.002717,74.125.24.0-255,1484,220748,58,221319
29903,0.002727,172.31.46.0-255,66,220814,58,221319
29904,0.002741,172.31.46.0-255,66,220880,58,221319
29905,0.002744,74.125.24.0-255,97,220977,58,221319
29906,0.002766,74.125.24.0-255,105,221082,58,221319
29907,0.008893,172.31.46.0-255,66,221148,58,221319
29908,0.008931,172.31.46.0-255,105,221253,58,221319
29909,0.01149,74.125.24.0-255,66,221319,58,221319
29910,0.0,172.217.194.0-255,146,146,58,246137
29911,2.2e-05,172.31.46.0-255,66,212,58,246137
29912,3e-05,172.217.194.0-255,1484,1696,58,246137
29913,3.4e-05,172.31.46.0-255,66,1762,58,246137
29914,4e-05,172.217.194.0-255,2902,4664,58,246137
29915,4.4e-05,172.31.46.0-255,66,4730,58,246137
29916,5.2e-05,172.217.194.0-255,7156,11886,58,246137
29917,5.5e-05,172.31.46.0-255,66,11952,58,246137
29918,8.5e-05,172.31.46.0-255,66,12018,58,246137
29919,0.000106,172.217.194.0-255,1484,13502,58,246137
29920,0.000108,172.31.46.0-255,66,13568,58,246137
29921,0.000113,172.217.194.0-255,2902,16470,58,246137
29922,0.000116,172.31.46.0-255,66,16536,58,246137
29923,0.000134,172.217.194.0-255,5738,22274,58,246137
29924,0.000137,172.31.46.0-255,66,22340,58,246137
29925,0.000172,172.217.194.0-255,1125,23465,58,246137
29926,0.000175,172.31.46.0-255,66,23531,58,246137
29927,0.000263,172.217.194.0-255,1484,25015,58,246137
29928,0.000267,172.31.46.0-255,66,25081,58,246137
29929,0.000272,172.217.194.0-255,2902,27983,58,246137
29930,0.000275,172.31.46.0-255,66,28049,58,246137
29931,0.000307,172.217.194.0-255,4320,32369,58,246137
29932,0.000309,172.31.46.0-255,66,32435,58,246137
29933,0.00033,172.217.194.0-255,1484,33919,58,246137
29934,0.000332,172.31.46.0-255,66,33985,58,246137
29935,0.000339,172.217.194.0-255,7156,41141,58,246137
29936,0.000341,172.31.46.0-255,66,41207,58,246137
29937,0.000355,172.217.194.0-255,4320,45527,58,246137
29938,0.000357,172.31.46.0-255,66,45593,58,246137
29939,0.000379,172.217.194.0-255,7156,52749,58,246137
29940,0.000382,172.31.46.0-255,66,52815,58,246137
29941,0.000398,172.217.194.0-255,4320,57135,58,246137
29942,0.0004,172.31.46.0-255,66,57201,58,246137
29943,0.000417,172.217.194.0-255,1376,58577,58,246137
29944,0.000419,172.31.46.0-255,66,58643,58,246137
29945,0.000488,172.217.194.0-255,1484,60127,58,246137
29946,0.000491,172.31.46.0-255,66,60193,58,246137
29947,0.000511,172.217.194.0-255,1484,61677,58,246137
29948,0.000515,172.217.194.0-255,2902,64579,58,246137
29949,0.000521,172.31.46.0-255,66,64645,58,246137
29950,0.00054,172.217.194.0-255,5738,70383,58,246137
29951,0.000543,172.31.46.0-255,66,70449,58,246137
29952,0.000546,172.217.194.0-255,1484,71933,58,246137
29953,0.000576,172.31.46.0-255,66,71999,58,246137
29954,0.000581,172.217.194.0-255,4320,76319,58,246137
29955,0.000583,172.31.46.0-255,66,76385,58,246137
29956,0.000602,172.217.194.0-255,4472,80857,58,246137
29957,0.000621,172.217.194.0-255,2902,83759,58,246137
29958,0.000629,172.31.46.0-255,66,83825,58,246137
29959,0.000668,172.31.46.0-255,66,83891,58,246137
29960,0.00079,172.217.194.0-255,1484,85375,58,246137
29961,0.00081,172.217.194.0-255,2902,88277,58,246137
29962,0.000852,172.31.46.0-255,66,88343,58,246137
29963,0.000872,172.217.194.0-255,5738,94081,58,246137
29964,0.000889,172.217.194.0-255,2902,96983,58,246137
29965,0.000899,172.31.46.0-255,66,97049,58,246137
29966,0.000919,172.31.46.0-255,66,97115,58,246137
29967,0.001223,172.217.194.0-255,1484,98599,58,246137
29968,0.001241,172.217.194.0-255,2902,101501,58,246137
29969,0.001244,172.31.46.0-255,66,101567,58,246137
29970,0.00125,172.217.194.0-255,4320,105887,58,246137
29971,0.00128,172.217.194.0-255,1484,107371,58,246137
29972,0.001301,172.31.46.0-255,66,107437,58,246137
29973,0.001313,172.217.194.0-255,1484,108921,58,246137
29974,0.001326,172.217.194.0-255,766,109687,58,246137
29975,0.00135,172.31.46.0-255,66,109753,58,246137
29976,0.001729,172.217.194.0-255,1484,111237,58,246137
29977,0.001736,172.217.194.0-255,2902,114139,58,246137
29978,0.00174,172.31.46.0-255,66,114205,58,246137
29979,0.001746,172.217.194.0-255,4320,118525,58,246137
29980,0.001761,172.31.46.0-255,66,118591,58,246137
29981,0.001765,172.217.194.0-255,1484,120075,58,246137
29982,0.00177,172.217.194.0-255,4320,124395,58,246137
29983,0.00178,172.31.46.0-255,66,124461,58,246137
29984,0.001806,172.217.194.0-255,4320,128781,58,246137
29985,0.001827,172.217.194.0-255,6438,135219,58,246137
29986,0.001829,172.31.46.0-255,66,135285,58,246137
29987,0.001834,172.31.46.0-255,66,135351,58,246137
29988,0.002037,172.217.194.0-255,1484,136835,58,246137
29989,0.002043,172.217.194.0-255,2902,139737,58,246137
29990,0.002046,172.31.46.0-255,66,139803,58,246137
29991,0.002053,172.217.194.0-255,5738,145541,58,246137
29992,0.002067,172.217.194.0-255,4320,149861,58,246137
29993,0.002071,172.31.46.0-255,66,149927,58,246137
29994,0.00211,172.31.46.0-255,66,149993,58,246137
29995,0.002143,172.217.194.0-255,2902,152895,58,246137
29996,0.002146,172.31.46.0-255,66,152961,58,246137
29997,0.002169,172.217.194.0-255,5020,157981,58,246137
29998,0.002182,172.31.46.0-255,66,158047,58,246137
29999,0.002394,172.217.194.0-255,1484,159531,58,246137
30000,0.0024,172.217.194.0-255,2902,162433,58,246137
30001,0.002406,172.31.46.0-255,66,162499,58,246137
30002,0.002415,172.217.194.0-255,5738,168237,58,246137
30003,0.002478,172.217.194.0-255,4320,172557,58,246137
30004,0.002508,172.217.194.0-255,1484,174041,58,246137
30005,0.002582,172.217.194.0-255,5738,179779,58,246137
30006,0.002597,172.217.194.0-255,4320,184099,58,246137
30007,0.002603,172.217.194.0-255,4320,188419,58,246137
30008,0.00262,172.217.194.0-255,5020,193439,58,246137
30009,0.006181,172.31.46.0-255,66,193505,58,246137
30010,0.008795,172.217.194.0-255,5738,199243,58,246137
30011,0.008801,172.31.46.0-255,66,199309,58,246137
30012,0.011404,172.217.194.0-255,2902,202211,58,246137
30013,0.011412,172.31.46.0-255,66,202277,58,246137
30014,0.011434,172.217.194.0-255,2902,205179,58,246137
30015,0.011438,172.31.46.0-255,66,205245,58,246137
30016,0.014013,172.217.194.0-255,2902,208147,58,246137
30017,0.014022,172.31.46.0-255,66,208213,58,246137
30018,0.014064,172.217.194.0-255,2902,211115,58,246137
30019,0.014067,172.31.46.0-255,66,211181,58,246137
30020,0.016639,172.217.194.0-255,2902,214083,58,246137
30021,0.016647,172.31.46.0-255,66,214149,58,246137
30022,0.016663,172.217.194.0-255,2902,217051,58,246137
30023,0.016665,172.31.46.0-255,66,217117,58,246137
30024,0.019371,172.217.194.0-255,5738,222855,58,246137
30025,0.01939,172.31.46.0-255,66,222921,58,246137
30026,0.022019,172.217.194.0-255,5738,228659,58,246137
30027,0.022036,172.31.46.0-255,66,228725,58,246137
30028,0.024669,172.217.194.0-255,5738,234463,58,246137
30029,0.024679,172.31.46.0-255,66,234529,58,246137
30030,0.027289,172.217.194.0-255,5738,240267,58,246137
30031,0.027301,172.31.46.0-255,66,240333,58,246137
30032,0.029942,172.217.194.0-255,5738,246071,58,246137
30033,0.029951,172.31.46.0-255,66,246137,58,246137
30034,0.0,172.217.194.0-255,152,152,58,201236
30035,2.2e-05,172.31.46.0-255,66,218,58,201236
30036,3e-05,172.217.194.0-255,1484,1702,58,201236
30037,3.5e-05,172.31.46.0-255,66,1768,58,201236
30038,4.1e-05,172.217.194.0-255,2902,4670,58,201236
30039,5.3e-05,172.31.46.0-255,66,4736,58,201236
30040,6.1e-05,172.217.194.0-255,7156,11892,58,201236
30041,6.4e-05,172.31.46.0-255,66,11958,58,201236
30042,6.8e-05,172.217.194.0-255,2130,14088,58,201236
30043,7e-05,172.31.46.0-255,66,14154,58,201236
30044,0.000106,172.217.194.0-255,1484,15638,58,201236
30045,0.000109,172.31.46.0-255,66,15704,58,201236
30046,0.000114,172.217.194.0-255,2902,18606,58,201236
30047,0.000116,172.31.46.0-255,66,18672,58,201236
30048,0.000152,172.217.194.0-255,5738,24410,58,201236
30049,0.000155,172.31.46.0-255,66,24476,58,201236
30050,0.000186,172.217.194.0-255,6797,31273,58,201236
30051,0.000188,172.31.46.0-255,66,31339,58,201236
30052,0.000232,172.217.194.0-255,4320,35659,58,201236
30053,0.000234,172.31.46.0-255,66,35725,58,201236
30054,0.000241,172.217.194.0-255,5738,41463,58,201236
30055,0.000243,172.31.46.0-255,66,41529,58,201236
30056,0.000273,172.217.194.0-255,2902,44431,58,201236
30057,0.000275,172.31.46.0-255,66,44497,58,201236
30058,0.000309,172.217.194.0-255,3961,48458,58,201236
30059,0.000312,172.31.46.0-255,66,48524,58,201236
30060,0.000319,172.217.194.0-255,7156,55680,58,201236
30061,0.000321,172.31.46.0-255,66,55746,58,201236
30062,0.000356,172.217.194.0-255,1484,57230,58,201236
30063,0.000358,172.31.46.0-255,66,57296,58,201236
30064,0.00039,172.31.46.0-255,66,57362,58,201236
30065,0.000645,172.217.194.0-255,365,57727,58,201236
30066,0.000652,172.217.194.0-255,380,58107,58,201236
30067,0.000948,172.217.194.0-255,1484,59591,58,201236
30068,0.000953,172.31.46.0-255,66,59657,58,201236
30069,0.00096,172.217.194.0-255,2902,62559,58,201236
30070,0.000962,172.31.46.0-255,66,62625,58,201236
30071,0.000976,172.217.194.0-255,5738,68363,58,201236
30072,0.000978,172.31.46.0-255,66,68429,58,201236
30073,0.001027,172.31.46.0-255,66,68495,58,201236
30074,0.001035,172.217.194.0-255,5738,74233,58,201236
30075,0.001038,172.31.46.0-255,66,74299,58,201236
30076,0.001067,172.217.194.0-255,5020,79319,58,201236
30077,0.001072,172.31.46.0-255,66,79385,58,201236
30078,0.001183,172.217.194.0-255,1484,80869,58,201236
30079,0.001187,172.217.194.0-255,2902,83771,58,201236
30080,0.001191,172.217.194.0-255,2902,86673,58,201236
30081,0.001197,172.31.46.0-255,66,86739,58,201236
30082,0.0012,172.31.46.0-255,66,86805,58,201236
30083,0.001209,172.217.194.0-255,2902,89707,58,201236
30084,0.001211,172.31.46.0-255,66,89773,58,201236
30085,0.00122,172.217.194.0-255,2902,92675,58,201236
30086,0.001222,172.31.46.0-255,66,92741,58,201236
30087,0.001277,172.31.46.0-255,66,92807,58,201236
30088,0.00129,172.31.46.0-255,66,92873,58,201236
30089,0.001295,172.217.194.0-255,4320,97193,58,201236
30090,0.001298,172.31.46.0-255,66,97259,58,201236
30091,0.001304,172.217.194.0-255,5738,102997,58,201236
30092,0.001307,172.31.46.0-255,66,103063,58,201236
30093,0.00131,172.217.194.0-255,1484,104547,58,201236
30094,0.001344,172.31.46.0-255,66,104613,58,201236
30095,0.001358,172.31.46.0-255,66,104679,58,201236
30096,0.00139,172.217.194.0-255,1484,106163,58,201236
30097,0.001395,172.217.194.0-255,2902,109065,58,201236
30098,0.001398,172.31.46.0-255,66,109131,58,201236
30099,0.001401,172.217.194.0-255,1484,110615,58,201236
30100,0.00142,172.217.194.0-255,2902,113517,58,201236
30101,0.001423,172.31.46.0-255,66,113583,58,201236
30102,0.001436,172.217.194.0-255,1484,115067,58,201236
30103,0.001443,172.217.194.0-255,7156,122223,58,201236
30104,0.00145,172.31.46.0-255,66,122289,58,201236
30105,0.001484,172.217.194.0-255,5738,128027,58,201236
30106,0.001488,172.31.46.0-255,66,128093,58,201236
30107,0.001501,172.31.46.0-255,66,128159,58,201236
30108,0.001623,172.217.194.0-255,1484,129643,58,201236
30109,0.001628,172.217.194.0-255,2902,132545,58,201236
30110,0.001638,172.31.46.0-255,101,132646,58,201236
30111,0.001643,172.217.194.0-255,2902,135548,58,201236
30112,0.001658,172.31.46.0-255,66,135614,58,201236
30113,0.001661,172.31.46.0-255,66,135680,58,201236
30114,0.001666,172.217.194.0-255,2902,138582,58,201236
30115,0.001669,172.31.46.0-255,66,138648,58,201236
30116,0.001683,172.31.46.0-255,66,138714,58,201236
30117,0.001729,172.31.46.0-255,66,138780,58,201236
30118,0.001767,172.217.194.0-255,2184,140964,58,201236
30119,0.00177,172.31.46.0-255,66,141030,58,201236
30120,0.001782,172.31.46.0-255,66,141096,58,201236
30121,0.0018,172.31.46.0-255,66,141162,58,201236
30122,0.001813,172.31.46.0-255,66,141228,58,201236
30123,0.00185,172.217.194.0-255,2184,143412,58,201236
30124,0.001853,172.31.46.0-255,66,143478,58,201236
30125,0.001941,172.217.194.0-255,1484,144962,58,201236
30126,0.001944,172.217.194.0-255,1484,146446,58,201236
30127,0.001948,172.31.46.0-255,66,146512,58,201236
30128,0.001963,172.217.194.0-255,1484,147996,58,201236
30129,0.001973,172.217.194.0-255,5738,153734,58,201236
30130,0.001979,172.31.46.0-255,66,153800,58,201236
30131,0.002018,172.217.194.0-255,1484,155284,58,201236
30132,0.002022,172.31.46.0-255,66,155350,58,201236
30133,0.002045,172.31.46.0-255,66,155416,58,201236
30134,0.002094,172.217.194.0-255,1484,156900,58,201236
30135,0.0021,172.217.194.0-255,2902,159802,58,201236
30136,0.002103,172.31.46.0-255,66,159868,58,201236
30137,0.002108,172.217.194.0-255,2902,162770,58,201236
30138,0.00211,172.31.46.0-255,66,162836,58,201236
30139,0.002142,172.217.194.0-255,2902,165738,58,201236
30140,0.002146,172.31.46.0-255,66,165804,58,201236
30141,0.002159,172.31.46.0-255,66,165870,58,201236
30142,0.002173,172.31.46.0-255,66,165936,58,201236
30143,0.002196,172.217.194.0-255,1484,167420,58,201236
30144,0.002208,172.217.194.0-255,2902,170322,58,201236
30145,0.00221,172.31.46.0-255,66,170388,58,201236
30146,0.002222,172.217.194.0-255,5738,176126,58,201236
30147,0.002224,172.31.46.0-255,66,176192,58,201236
30148,0.002263,172.217.194.0-255,7156,183348,58,201236
30149,0.002267,172.31.46.0-255,66,183414,58,201236
30150,0.002274,172.217.194.0-255,7156,190570,58,201236
30151,0.002277,172.31.46.0-255,66,190636,58,201236
30152,0.002315,172.217.194.0-255,7156,197792,58,201236
30153,0.002318,172.31.46.0-255,66,197858,58,201236
30154,0.002333,172.31.46.0-255,66,197924,58,201236
30155,0.002351,172.217.194.0-255,2838,200762,58,201236
30156,0.002357,172.31.46.0-255,66,200828,58,201236
30157,0.002359,172.31.46.0-255,66,200894,58,201236
30158,0.00238,172.217.194.0-255,105,200999,58,201236
30159,0.004242,172.217.194.0-255,66,201065,58,201236
30160,0.004403,172.31.46.0-255,105,201170,58,201236
30161,0.006997,172.217.194.0-255,66,201236,58,201236
30162,0.0,74.125.24.0-255,153,153,58,242015
30163,1.2e-05,172.31.46.0-255,66,219,58,242015
30164,1.8e-05,74.125.24.0-255,1484,1703,58,242015
30165,2.1e-05,172.31.46.0-255,66,1769,58,242015
30166,2.6e-05,74.125.24.0-255,2902,4671,58,242015
30167,2.9e-05,172.31.46.0-255,66,4737,58,242015
30168,3.5e-05,74.125.24.0-255,7156,11893,58,242015
30169,3.9e-05,172.31.46.0-255,66,11959,58,242015
30170,8.2e-05,74.125.24.0-255,2082,14041,58,242015
30171,8.4e-05,172.31.46.0-255,66,14107,58,242015
30172,0.00014,74.125.24.0-255,1484,15591,58,242015
30173,0.000142,172.31.46.0-255,66,15657,58,242015
30174,0.000146,74.125.24.0-255,2902,18559,58,242015
30175,0.000149,172.31.46.0-255,66,18625,58,242015
30176,0.000151,74.125.24.0-255,1484,20109,58,242015
30177,0.000153,172.31.46.0-255,66,20175,58,242015
30178,0.000179,74.125.24.0-255,4320,24495,58,242015
30179,0.000182,172.31.46.0-255,66,24561,58,242015
30180,0.000188,74.125.24.0-255,6797,31358,58,242015
30181,0.00019,172.31.46.0-255,66,31424,58,242015
30182,0.000214,74.125.24.0-255,7156,38580,58,242015
30183,0.000216,172.31.46.0-255,66,38646,58,242015
30184,0.000267,172.31.46.0-255,66,38712,58,242015
30185,0.000297,172.31.46.0-255,66,38778,58,242015
30186,0.000307,74.125.24.0-255,2531,41309,58,242015
30187,0.000309,172.31.46.0-255,66,41375,58,242015
30188,0.000312,74.125.24.0-255,330,41705,58,242015
30189,0.000313,172.31.46.0-255,66,41771,58,242015
30190,0.000553,74.125.24.0-255,1484,43255,58,242015
30191,0.000557,172.31.46.0-255,66,43321,58,242015
30192,0.000563,74.125.24.0-255,2902,46223,58,242015
30193,0.000565,172.31.46.0-255,66,46289,58,242015
30194,0.000588,74.125.24.0-255,5738,52027,58,242015
30195,0.000591,172.31.46.0-255,66,52093,58,242015
30196,0.000596,74.125.24.0-255,4320,56413,58,242015
30197,0.000598,172.31.46.0-255,66,56479,58,242015
30198,0.00063,172.31.46.0-255,66,56545,58,242015
30199,0.000648,74.125.24.0-255,2902,59447,58,242015
30200,0.00065,172.31.46.0-255,66,59513,58,242015
30201,0.000659,172.31.46.0-255,66,59579,58,242015
30202,0.000978,74.125.24.0-255,1484,61063,58,242015
30203,0.000984,74.125.24.0-255,2902,63965,58,242015
30204,0.00099,172.31.46.0-255,66,64031,58,242015
30205,0.001007,74.125.24.0-255,4320,68351,58,242015
30206,0.00101,172.31.46.0-255,66,68417,58,242015
30207,0.001014,74.125.24.0-255,2902,71319,58,242015
30208,0.001016,172.31.46.0-255,66,71385,58,242015
30209,0.00104,74.125.24.0-255,5738,77123,58,242015
30210,0.001043,172.31.46.0-255,66,77189,58,242015
30211,0.001067,172.31.46.0-255,66,77255,58,242015
30212,0.001088,74.125.24.0-255,5738,82993,58,242015
30213,0.00109,172.31.46.0-255,66,83059,58,242015
30214,0.001093,74.125.24.0-255,766,83825,58,242015
30215,0.001404,74.125.24.0-255,1484,85309,58,242015
30216,0.001409,172.31.46.0-255,66,85375,58,242015
30217,0.00142,74.125.24.0-255,2902,88277,58,242015
30218,0.001422,172.31.46.0-255,66,88343,58,242015
30219,0.001428,74.125.24.0-255,5738,94081,58,242015
30220,0.001431,172.31.46.0-255,66,94147,58,242015
30221,0.001435,74.125.24.0-255,2902,97049,58,242015
30222,0.001437,172.31.46.0-255,66,97115,58,242015
30223,0.001455,74.125.24.0-255,2902,100017,58,242015
30224,0.001457,172.31.46.0-255,66,100083,58,242015
30225,0.00147,172.31.46.0-255,66,100149,58,242015
30226,0.001489,74.125.24.0-255,5020,105169,58,242015
30227,0.001492,172.31.46.0-255,66,105235,58,242015
30228,0.001517,74.125.24.0-255,4320,109555,58,242015
30229,0.001519,172.31.46.0-255,66,109621,58,242015
30230,0.001529,74.125.24.0-255,1484,111105,58,242015
30231,0.001555,172.31.46.0-255,66,111171,58,242015
30232,0.001605,172.31.46.0-255,66,111237,58,242015
30233,0.001625,74.125.24.0-255,5020,116257,58,242015
30234,0.001628,172.31.46.0-255,66,116323,58,242015
30235,0.001664,172.31.46.0-255,66,116389,58,242015
30236,0.001676,172.31.46.0-255,66,116455,58,242015
30237,0.001727,172.31.46.0-255,66,116521,58,242015
30238,0.001755,74.125.24.0-255,1484,118005,58,242015
30239,0.001759,74.125.24.0-255,1484,119489,58,242015
30240,0.001761,172.31.46.0-255,66,119555,58,242015
30241,0.001781,74.125.24.0-255,1484,121039,58,242015
30242,0.001787,74.125.24.0-255,5738,126777,58,242015
30243,0.001789,172.31.46.0-255,66,126843,58,242015
30244,0.001796,74.125.24.0-255,5738,132581,58,242015
30245,0.001798,172.31.46.0-255,66,132647,58,242015
30246,0.001824,74.125.24.0-255,7156,139803,58,242015
30247,0.001828,172.31.46.0-255,66,139869,58,242015
30248,0.001839,172.31.46.0-255,66,139935,58,242015
30249,0.001861,74.125.24.0-255,766,140701,58,242015
30250,0.001915,74.125.24.0-255,1484,142185,58,242015
30251,0.00192,74.125.24.0-255,2902,145087,58,242015
30252,0.001925,172.31.46.0-255,66,145153,58,242015
30253,0.001933,172.31.46.0-255,66,145219,58,242015
30254,0.001939,74.125.24.0-255,5738,150957,58,242015
30255,0.001941,172.31.46.0-255,66,151023,58,242015
30256,0.001967,172.31.46.0-255,66,151089,58,242015
30257,0.001974,74.125.24.0-255,5738,156827,58,242015
30258,0.001976,172.31.46.0-255,66,156893,58,242015
30259,0.001998,74.125.24.0-255,2902,159795,58,242015
30260,0.002,172.31.46.0-255,66,159861,58,242015
30261,0.002005,74.125.24.0-255,2184,162045,58,242015
30262,0.002006,172.31.46.0-255,66,162111,58,242015
30263,0.003955,74.125.24.0-255,5738,167849,58,242015
30264,0.003961,172.31.46.0-255,66,167915,58,242015
30265,0.005911,74.125.24.0-255,4320,172235,58,242015
30266,0.005916,172.31.46.0-255,66,172301,58,242015
30267,0.005932,74.125.24.0-255,1484,173785,58,242015
30268,0.00789,74.125.24.0-255,4320,178105,58,242015
30269,0.007894,172.31.46.0-255,66,178171,58,242015
30270,0.009873,74.125.24.0-255,5738,183909,58,242015
30271,0.00988,172.31.46.0-255,66,183975,58,242015
30272,0.011832,74.125.24.0-255,5738,189713,58,242015
30273,0.011839,172.31.46.0-255,66,189779,58,242015
30274,0.013804,74.125.24.0-255,5738,195517,58,242015
30275,0.013811,172.31.46.0-255,66,195583,58,242015
30276,0.015814,74.125.24.0-255,5738,201321,58,242015
30277,0.015823,172.31.46.0-255,66,201387,58,242015
30278,0.017804,74.125.24.0-255,5738,207125,58,242015
30279,0.017812,172.31.46.0-255,66,207191,58,242015
30280,0.01978,74.125.24.0-255,5738,212929,58,242015
30281,0.019787,172.31.46.0-255,66,212995,58,242015
30282,0.021787,74.125.24.0-255,5738,218733,58,242015
30283,0.021794,172.31.46.0-255,66,218799,58,242015
30284,0.023758,74.125.24.0-255,5738,224537,58,242015
30285,0.023765,172.31.46.0-255,66,224603,58,242015
30286,0.025732,74.125.24.0-255,5738,230341,58,242015
30287,0.025739,172.31.46.0-255,66,230407,58,242015
30288,0.0277,74.125.24.0-255,5738,236145,58,242015
30289,0.027707,172.31.46.0-255,66,236211,58,242015
30290,0.02967,74.125.24.0-255,5738,241949,58,242015
30291,0.029676,172.31.46.0-255,66,242015,58,242015
30292,0.0,74.125.24.0-255,152,152,58,267708
30293,2.1e-05,172.31.46.0-255,66,218,58,267708
30294,2.8e-05,74.125.24.0-255,1484,1702,58,267708
30295,3.3e-05,172.31.46.0-255,66,1768,58,267708
30296,3.9e-05,74.125.24.0-255,2902,4670,58,267708
30297,5.1e-05,172.31.46.0-255,66,4736,58,267708
30298,5.9e-05,74.125.24.0-255,7156,11892,58,267708
30299,6.3e-05,172.31.46.0-255,66,11958,58,267708
30300,9.4e-05,74.125.24.0-255,1940,13898,58,267708
30301,9.7e-05,172.31.46.0-255,66,13964,58,267708
30302,0.000103,74.125.24.0-255,2902,16866,58,267708
30303,0.000105,172.31.46.0-255,66,16932,58,267708
30304,0.000114,74.125.24.0-255,2902,19834,58,267708
30305,0.000116,172.31.46.0-255,66,19900,58,267708
30306,0.000143,74.125.24.0-255,4320,24220,58,267708
30307,0.000151,172.31.46.0-255,66,24286,58,267708
30308,0.000157,74.125.24.0-255,4320,28606,58,267708
30309,0.000159,172.31.46.0-255,66,28672,58,267708
30310,0.000181,74.125.24.0-255,2543,31215,58,267708
30311,0.000187,172.31.46.0-255,66,31281,58,267708
30312,0.000192,74.125.24.0-255,2902,34183,58,267708
30313,0.000194,172.31.46.0-255,66,34249,58,267708
30314,0.000233,74.125.24.0-255,7156,41405,58,267708
30315,0.000236,172.31.46.0-255,66,41471,58,267708
30316,0.000243,74.125.24.0-255,6797,48268,58,267708
30317,0.000245,172.31.46.0-255,66,48334,58,267708
30318,0.000354,74.125.24.0-255,1484,49818,58,267708
30319,0.000358,172.31.46.0-255,66,49884,58,267708
30320,0.000363,74.125.24.0-255,2902,52786,58,267708
30321,0.000366,172.31.46.0-255,66,52852,58,267708
30322,0.000377,74.125.24.0-255,5738,58590,58,267708
30323,0.00038,172.31.46.0-255,66,58656,58,267708
30324,0.000385,74.125.24.0-255,4320,62976,58,267708
30325,0.000387,172.31.46.0-255,66,63042,58,267708
30326,0.000427,74.125.24.0-255,2891,65933,58,267708
30327,0.00043,172.31.46.0-255,66,65999,58,267708
30328,0.000505,74.125.24.0-255,330,66329,58,267708
30329,0.000743,74.125.24.0-255,1484,67813,58,267708
30330,0.000748,172.31.46.0-255,66,67879,58,267708
30331,0.000754,74.125.24.0-255,2902,70781,58,267708
30332,0.000757,172.31.46.0-255,66,70847,58,267708
30333,0.000768,74.125.24.0-255,5738,76585,58,267708
30334,0.00077,172.31.46.0-255,66,76651,58,267708
30335,0.000773,74.125.24.0-255,1484,78135,58,267708
30336,0.000808,74.125.24.0-255,5379,83514,58,267708
30337,0.000812,172.31.46.0-255,66,83580,58,267708
30338,0.000819,74.125.24.0-255,7156,90736,58,267708
30339,0.000822,172.31.46.0-255,66,90802,58,267708
30340,0.000859,172.31.46.0-255,66,90868,58,267708
30341,0.001101,74.125.24.0-255,1484,92352,58,267708
30342,0.001106,74.125.24.0-255,2902,95254,58,267708
30343,0.001108,74.125.24.0-255,1484,96738,58,267708
30344,0.001114,172.31.46.0-255,66,96804,58,267708
30345,0.001133,74.125.24.0-255,4320,101124,58,267708
30346,0.001136,172.31.46.0-255,66,101190,58,267708
30347,0.001149,172.31.46.0-255,66,101256,58,267708
30348,0.001178,74.125.24.0-255,1484,102740,58,267708
30349,0.001216,172.31.46.0-255,66,102806,58,267708
30350,0.001506,74.125.24.0-255,1484,104290,58,267708
30351,0.001511,74.125.24.0-255,2902,107192,58,267708
30352,0.001514,172.31.46.0-255,66,107258,58,267708
30353,0.00152,74.125.24.0-255,4320,111578,58,267708
30354,0.001521,172.31.46.0-255,66,111644,58,267708
30355,0.001541,74.125.24.0-255,1484,113128,58,267708
30356,0.001551,74.125.24.0-255,7156,120284,58,267708
30357,0.001553,172.31.46.0-255,66,120350,58,267708
30358,0.001556,74.125.24.0-255,1484,121834,58,267708
30359,0.001588,172.31.46.0-255,66,121900,58,267708
30360,0.001592,74.125.24.0-255,2184,124084,58,267708
30361,0.001593,172.31.46.0-255,66,124150,58,267708
30362,0.001736,74.125.24.0-255,1484,125634,58,267708
30363,0.001748,74.125.24.0-255,2902,128536,58,267708
30364,0.001751,172.31.46.0-255,66,128602,58,267708
30365,0.001779,74.125.24.0-255,5738,134340,58,267708
30366,0.001781,172.31.46.0-255,66,134406,58,267708
30367,0.001799,74.125.24.0-255,5738,140144,58,267708
30368,0.001801,172.31.46.0-255,66,140210,58,267708
30369,0.001825,74.125.24.0-255,7156,147366,58,267708
30370,0.001827,172.31.46.0-255,66,147432,58,267708
30371,0.001834,74.125.24.0-255,7156,154588,58,267708
30372,0.001836,172.31.46.0-255,66,154654,58,267708
30373,0.001862,74.125.24.0-255,3602,158256,58,267708
30374,0.001865,172.31.46.0-255,66,158322,58,267708
30375,0.001958,74.125.24.0-255,1484,159806,58,267708
30376,0.001964,74.125.24.0-255,2902,162708,58,267708
30377,0.001966,172.31.46.0-255,66,162774,58,267708
30378,0.001998,74.125.24.0-255,5738,168512,58,267708
30379,0.002003,74.125.24.0-255,4320,172832,58,267708
30380,0.002006,172.31.46.0-255,66,172898,58,267708
30381,0.002009,172.31.46.0-255,66,172964,58,267708
30382,0.002037,74.125.24.0-255,7156,180120,58,267708
30383,0.002039,172.31.46.0-255,66,180186,58,267708
30384,0.002055,172.31.46.0-255,66,180252,58,267708
30385,0.002152,74.125.24.0-255,1484,181736,58,267708
30386,0.002157,74.125.24.0-255,2902,184638,58,267708
30387,0.00216,172.31.46.0-255,66,184704,58,267708
30388,0.002189,74.125.24.0-255,5738,190442,58,267708
30389,0.002191,172.31.46.0-255,66,190508,58,267708
30390,0.002203,74.125.24.0-255,2902,193410,58,267708
30391,0.002208,172.31.46.0-255,66,193476,58,267708
30392,0.002239,172.31.46.0-255,66,193542,58,267708
30393,0.002272,172.31.46.0-255,66,193608,58,267708
30394,0.002306,172.31.46.0-255,66,193674,58,267708
30395,0.00231,74.125.24.0-255,4320,197994,58,267708
30396,0.002312,172.31.46.0-255,66,198060,58,267708
30397,0.004551,74.125.24.0-255,5738,203798,58,267708
30398,0.004559,172.31.46.0-255,66,203864,58,267708
30399,0.006821,74.125.24.0-255,5738,209602,58,267708
30400,0.006828,172.31.46.0-255,66,209668,58,267708
30401,0.009069,74.125.24.0-255,5738,215406,58,267708
30402,0.009074,172.31.46.0-255,66,215472,58,267708
30403,0.011351,74.125.24.0-255,5738,221210,58,267708
30404,0.011358,172.31.46.0-255,66,221276,58,267708
30405,0.013636,74.125.24.0-255,5738,227014,58,267708
30406,0.013643,172.31.46.0-255,66,227080,58,267708
30407,0.015913,74.125.24.0-255,5738,232818,58,267708
30408,0.015919,172.31.46.0-255,66,232884,58,267708
30409,0.018177,74.125.24.0-255,5738,238622,58,267708
30410,0.018186,172.31.46.0-255,66,238688,58,267708
30411,0.020476,74.125.24.0-255,5738,244426,58,267708
30412,0.020483,172.31.46.0-255,66,244492,58,267708
30413,0.022714,74.125.24.0-255,5738,250230,58,267708
30414,0.022721,172.31.46.0-255,66,250296,58,267708
30415,0.024974,74.125.24.0-255,5738,256034,58,267708
30416,0.024982,172.31.46.0-255,66,256100,58,267708
30417,0.027218,74.125.24.0-255,5738,261838,58,267708
30418,0.027224,172.31.46.0-255,66,261904,58,267708
30419,0.029533,74.125.24.0-255,5738,267642,58,267708
30420,0.029541,172.31.46.0-255,66,267708,58,267708
30421,0.0,172.217.194.0-255,148,148,58,217342
30422,2.4e-05,172.31.46.0-255,66,214,58,217342
30423,3.1e-05,172.217.194.0-255,1484,1698,58,217342
30424,3.5e-05,172.31.46.0-255,66,1764,58,217342
30425,4.2e-05,172.217.194.0-255,2902,4666,58,217342
30426,4.6e-05,172.31.46.0-255,66,4732,58,217342
30427,5.4e-05,172.217.194.0-255,7156,11888,58,217342
30428,5.8e-05,172.31.46.0-255,66,11954,58,217342
30429,8e-05,172.217.194.0-255,1978,13932,58,217342
30430,8.2e-05,172.31.46.0-255,66,13998,58,217342
30431,0.000109,172.217.194.0-255,2902,16900,58,217342
30432,0.000111,172.31.46.0-255,66,16966,58,217342
30433,0.000133,172.217.194.0-255,4320,21286,58,217342
30434,0.000136,172.31.46.0-255,66,21352,58,217342
30435,0.000141,172.217.194.0-255,2902,24254,58,217342
30436,0.000143,172.31.46.0-255,66,24320,58,217342
30437,0.000167,172.217.194.0-255,5738,30058,58,217342
30438,0.00017,172.31.46.0-255,66,30124,58,217342
30439,0.000187,172.217.194.0-255,4320,34444,58,217342
30440,0.00019,172.31.46.0-255,66,34510,58,217342
30441,0.000218,172.31.46.0-255,66,34576,58,217342
30442,0.000235,172.217.194.0-255,3961,38537,58,217342
30443,0.000237,172.31.46.0-255,66,38603,58,217342
30444,0.000259,172.217.194.0-255,4320,42923,58,217342
30445,0.000261,172.31.46.0-255,66,42989,58,217342
30446,0.000278,172.217.194.0-255,2902,45891,58,217342
30447,0.00028,172.31.46.0-255,66,45957,58,217342
30448,0.000303,172.217.194.0-255,7156,53113,58,217342
30449,0.000305,172.31.46.0-255,66,53179,58,217342
30450,0.000308,172.217.194.0-255,1484,54663,58,217342
30451,0.00031,172.31.46.0-255,66,54729,58,217342
30452,0.000323,172.217.194.0-255,1125,55854,58,217342
30453,0.00053,172.217.194.0-255,358,56212,58,217342
30454,0.000563,172.217.194.0-255,1484,57696,58,217342
30455,0.000568,172.31.46.0-255,66,57762,58,217342
30456,0.000574,172.217.194.0-255,2902,60664,58,217342
30457,0.000577,172.31.46.0-255,66,60730,58,217342
30458,0.000598,172.217.194.0-255,1484,62214,58,217342
30459,0.000604,172.217.194.0-255,4320,66534,58,217342
30460,0.000607,172.31.46.0-255,66,66600,58,217342
30461,0.000612,172.217.194.0-255,4320,70920,58,217342
30462,0.000614,172.31.46.0-255,66,70986,58,217342
30463,0.000636,172.217.194.0-255,5738,76724,58,217342
30464,0.000639,172.31.46.0-255,66,76790,58,217342
30465,0.000645,172.217.194.0-255,4320,81110,58,217342
30466,0.000647,172.31.46.0-255,66,81176,58,217342
30467,0.000682,172.31.46.0-255,66,81242,58,217342
30468,0.000685,172.217.194.0-255,387,81629,58,217342
30469,0.001055,172.217.194.0-255,1484,83113,58,217342
30470,0.001059,172.31.46.0-255,66,83179,58,217342
30471,0.001065,172.217.194.0-255,2902,86081,58,217342
30472,0.001068,172.31.46.0-255,66,86147,58,217342
30473,0.001071,172.217.194.0-255,1484,87631,58,217342
30474,0.001095,172.217.194.0-255,4320,91951,58,217342
30475,0.001097,172.31.46.0-255,66,92017,58,217342
30476,0.0011,172.217.194.0-255,1484,93501,58,217342
30477,0.001128,172.31.46.0-255,66,93567,58,217342
30478,0.001141,172.31.46.0-255,66,93633,58,217342
30479,0.001156,172.217.194.0-255,766,94399,58,217342
30480,0.001191,172.217.194.0-255,1484,95883,58,217342
30481,0.001194,172.31.46.0-255,66,95949,58,217342
30482,0.001207,172.217.194.0-255,2902,98851,58,217342
30483,0.001209,172.31.46.0-255,66,98917,58,217342
30484,0.001213,172.217.194.0-255,2902,101819,58,217342
30485,0.001216,172.31.46.0-255,66,101885,58,217342
30486,0.001234,172.217.194.0-255,2902,104787,58,217342
30487,0.001238,172.217.194.0-255,2902,107689,58,217342
30488,0.001242,172.31.46.0-255,66,107755,58,217342
30489,0.001245,172.31.46.0-255,66,107821,58,217342
30490,0.001267,172.31.46.0-255,66,107887,58,217342
30491,0.001332,172.217.194.0-255,5738,113625,58,217342
30492,0.001335,172.31.46.0-255,66,113691,58,217342
30493,0.00135,172.217.194.0-255,5020,118711,58,217342
30494,0.001373,172.31.46.0-255,66,118777,58,217342
30495,0.001376,172.31.46.0-255,66,118843,58,217342
30496,0.001384,172.31.46.0-255,66,118909,58,217342
30497,0.001391,172.217.194.0-255,5738,124647,58,217342
30498,0.001393,172.31.46.0-255,66,124713,58,217342
30499,0.001429,172.31.46.0-255,66,124779,58,217342
30500,0.001433,172.217.194.0-255,2902,127681,58,217342
30501,0.001435,172.31.46.0-255,66,127747,58,217342
30502,0.001454,172.217.194.0-255,5738,133485,58,217342
30503,0.001457,172.31.46.0-255,66,133551,58,217342
30504,0.001461,172.217.194.0-255,2902,136453,58,217342
30505,0.001463,172.31.46.0-255,66,136519,58,217342
30506,0.001492,172.31.46.0-255,66,136585,58,217342
30507,0.001518,172.217.194.0-255,7156,143741,58,217342
30508,0.001521,172.31.46.0-255,66,143807,58,217342
30509,0.001539,172.217.194.0-255,2184,145991,58,217342
30510,0.001542,172.31.46.0-255,66,146057,58,217342
30511,0.001599,172.217.194.0-255,1484,147541,58,217342
30512,0.001605,172.217.194.0-255,2902,150443,58,217342
30513,0.001608,172.31.46.0-255,66,150509,58,217342
30514,0.001612,172.217.194.0-255,1484,151993,58,217342
30515,0.001632,172.217.194.0-255,4320,156313,58,217342
30516,0.001635,172.31.46.0-255,66,156379,58,217342
30517,0.001652,172.31.46.0-255,66,156445,58,217342
30518,0.001685,172.217.194.0-255,4320,160765,58,217342
30519,0.001688,172.31.46.0-255,66,160831,58,217342
30520,0.001701,172.31.46.0-255,66,160897,58,217342
30521,0.001713,172.31.46.0-255,66,160963,58,217342
30522,0.001788,172.217.194.0-255,4320,165283,58,217342
30523,0.001791,172.31.46.0-255,66,165349,58,217342
30524,0.001819,172.31.46.0-255,66,165415,58,217342
30525,0.001834,172.31.46.0-255,66,165481,58,217342
30526,0.001862,172.31.46.0-255,66,165547,58,217342
30527,0.001874,172.31.46.0-255,66,165613,58,217342
30528,0.002252,172.217.194.0-255,1484,167097,58,217342
30529,0.002259,172.217.194.0-255,2902,169999,58,217342
30530,0.002262,172.31.46.0-255,66,170065,58,217342
30531,0.002266,172.217.194.0-255,2902,172967,58,217342
30532,0.002268,172.31.46.0-255,66,173033,58,217342
30533,0.002282,172.217.194.0-255,2902,175935,58,217342
30534,0.002285,172.31.46.0-255,66,176001,58,217342
30535,0.002291,172.217.194.0-255,5738,181739,58,217342
30536,0.002293,172.31.46.0-255,66,181805,58,217342
30537,0.002325,172.31.46.0-255,66,181871,58,217342
30538,0.00233,172.217.194.0-255,2902,184773,58,217342
30539,0.002332,172.31.46.0-255,66,184839,58,217342
30540,0.002345,172.217.194.0-255,2184,187023,58,217342
30541,0.002347,172.31.46.0-255,66,187089,58,217342
30542,0.004629,172.217.194.0-255,2902,189991,58,217342
30543,0.004636,172.31.46.0-255,66,190057,58,217342
30544,0.004657,172.217.194.0-255,2902,192959,58,217342
30545,0.00466,172.31.46.0-255,66,193025,58,217342
30546,0.006931,172.217.194.0-255,2902,195927,58,217342
30547,0.006939,172.31.46.0-255,66,195993,58,217342
30548,0.006957,172.217.194.0-255,2902,198895,58,217342
30549,0.00696,172.31.46.0-255,66,198961,58,217342
30550,0.009239,172.217.194.0-255,5738,204699,58,217342
30551,0.009243,172.31.46.0-255,66,204765,58,217342
30552,0.011553,172.217.194.0-255,5738,210503,58,217342
30553,0.011563,172.31.46.0-255,66,210569,58,217342
30554,0.013865,172.217.194.0-255,5738,216307,58,217342
30555,0.013873,172.31.46.0-255,66,216373,58,217342
30556,0.016163,172.217.194.0-255,732,217105,58,217342
30557,0.017391,172.31.46.0-255,66,217171,58,217342
30558,0.017433,172.31.46.0-255,105,217276,58,217342
30559,0.019709,172.217.194.0-255,66,217342,58,217342
30560,0.0,74.125.68.0-255,295,295,58,296638
30561,2.5e-05,172.31.46.0-255,66,361,58,296638
30562,3.1e-05,74.125.68.0-255,1484,1845,58,296638
30563,3.5e-05,172.31.46.0-255,66,1911,58,296638
30564,4.8e-05,74.125.68.0-255,4320,6231,58,296638
30565,5.2e-05,172.31.46.0-255,66,6297,58,296638
30566,5.9e-05,74.125.68.0-255,5738,12035,58,296638
30567,6.1e-05,172.31.46.0-255,66,12101,58,296638
30568,0.0001,74.125.68.0-255,6090,18191,58,296638
30569,0.000108,172.31.46.0-255,66,18257,58,296638
30570,0.000114,74.125.68.0-255,5738,23995,58,296638
30571,0.000117,172.31.46.0-255,66,24061,58,296638
30572,0.000125,74.125.68.0-255,6797,30858,58,296638
30573,0.000128,172.31.46.0-255,66,30924,58,296638
30574,0.000228,74.125.68.0-255,1484,32408,58,296638
30575,0.000231,172.31.46.0-255,66,32474,58,296638
30576,0.000235,74.125.68.0-255,1484,33958,58,296638
30577,0.000238,172.31.46.0-255,66,34024,58,296638
30578,0.000255,74.125.68.0-255,2902,36926,58,296638
30579,0.000257,172.31.46.0-255,66,36992,58,296638
30580,0.000287,74.125.68.0-255,2902,39894,58,296638
30581,0.000289,172.31.46.0-255,66,39960,58,296638
30582,0.000316,74.125.68.0-255,2902,42862,58,296638
30583,0.000319,172.31.46.0-255,66,42928,58,296638
30584,0.000322,74.125.68.0-255,1484,44412,58,296638
30585,0.000324,172.31.46.0-255,66,44478,58,296638
30586,0.000329,74.125.68.0-255,2902,47380,58,296638
30587,0.000335,172.31.46.0-255,66,47446,58,296638
30588,0.000364,74.125.68.0-255,3961,51407,58,296638
30589,0.000372,172.31.46.0-255,66,51473,58,296638
30590,0.000403,74.125.68.0-255,4320,55793,58,296638
30591,0.000406,172.31.46.0-255,66,55859,58,296638
30592,0.000409,74.125.68.0-255,1484,57343,58,296638
30593,0.000414,74.125.68.0-255,2902,60245,58,296638
30594,0.000416,172.31.46.0-255,66,60311,58,296638
30595,0.000453,74.125.68.0-255,2902,63213,58,296638
30596,0.000456,172.31.46.0-255,66,63279,58,296638
30597,0.000473,74.125.68.0-255,2543,65822,58,296638
30598,0.000476,172.31.46.0-255,66,65888,58,296638
30599,0.000479,74.125.68.0-255,646,66534,58,296638
30600,0.000676,74.125.68.0-255,1484,68018,58,296638
30601,0.000681,172.31.46.0-255,66,68084,58,296638
30602,0.000687,74.125.68.0-255,2902,70986,58,296638
30603,0.00069,172.31.46.0-255,66,71052,58,296638
30604,0.000718,74.125.68.0-255,4320,75372,58,296638
30605,0.00072,172.31.46.0-255,66,75438,58,296638
30606,0.000727,74.125.68.0-255,5738,81176,58,296638
30607,0.000729,172.31.46.0-255,66,81242,58,296638
30608,0.000756,74.125.68.0-255,5738,86980,58,296638
30609,0.000758,172.31.46.0-255,66,87046,58,296638
30610,0.000778,74.125.68.0-255,5738,92784,58,296638
30611,0.000781,172.31.46.0-255,66,92850,58,296638
30612,0.000787,74.125.68.0-255,5738,98588,58,296638
30613,0.000789,172.31.46.0-255,66,98654,58,296638
30614,0.000816,74.125.68.0-255,2184,100838,58,296638
30615,0.000819,172.31.46.0-255,66,100904,58,296638
30616,0.000867,74.125.68.0-255,2902,103806,58,296638
30617,0.00087,172.31.46.0-255,66,103872,58,296638
30618,0.000875,74.125.68.0-255,2902,106774,58,296638
30619,0.000877,172.31.46.0-255,66,106840,58,296638
30620,0.000893,74.125.68.0-255,1484,108324,58,296638
30621,0.000898,74.125.68.0-255,2902,111226,58,296638
30622,0.000904,172.31.46.0-255,66,111292,58,296638
30623,0.000933,74.125.68.0-255,5738,117030,58,296638
30624,0.000936,172.31.46.0-255,66,117096,58,296638
30625,0.000938,74.125.68.0-255,576,117672,58,296638
30626,0.000967,74.125.68.0-255,1484,119156,58,296638
30627,0.00097,172.31.46.0-255,66,119222,58,296638
30628,0.000973,74.125.68.0-255,1484,120706,58,296638
30629,0.000999,74.125.68.0-255,1484,122190,58,296638
30630,0.001002,172.31.46.0-255,66,122256,58,296638
30631,0.00101,74.125.68.0-255,5738,127994,58,296638
30632,0.001012,172.31.46.0-255,66,128060,58,296638
30633,0.001022,74.125.68.0-255,2902,130962,58,296638
30634,0.001024,172.31.46.0-255,66,131028,58,296638
30635,0.001027,74.125.68.0-255,1484,132512,58,296638
30636,0.001051,74.125.68.0-255,2902,135414,58,296638
30637,0.001053,172.31.46.0-255,66,135480,58,296638
30638,0.001064,74.125.68.0-255,5738,141218,58,296638
30639,0.001066,172.31.46.0-255,66,141284,58,296638
30640,0.001089,74.125.68.0-255,2902,144186,58,296638
30641,0.001091,172.31.46.0-255,66,144252,58,296638
30642,0.001102,74.125.68.0-255,1484,145736,58,296638
30643,0.001136,74.125.68.0-255,2902,148638,58,296638
30644,0.001139,172.31.46.0-255,66,148704,58,296638
30645,0.001169,74.125.68.0-255,3602,152306,58,296638
30646,0.001172,172.31.46.0-255,66,152372,58,296638
30647,0.001201,74.125.68.0-255,1484,153856,58,296638
30648,0.001222,74.125.68.0-255,2902,156758,58,296638
30649,0.001225,172.31.46.0-255,66,156824,58,296638
30650,0.001258,74.125.68.0-255,4320,161144,58,296638
30651,0.001261,172.31.46.0-255,66,161210,58,296638
30652,0.001272,172.31.46.0-255,66,161276,58,296638
30653,0.001282,74.125.68.0-255,2902,164178,58,296638
30654,0.001285,172.31.46.0-255,66,164244,58,296638
30655,0.001288,74.125.68.0-255,1484,165728,58,296638
30656,0.001319,74.125.68.0-255,2902,168630,58,296638
30657,0.001327,74.125.68.0-255,7156,175786,58,296638
30658,0.001331,172.31.46.0-255,66,175852,58,296638
30659,0.001334,172.31.46.0-255,66,175918,58,296638
30660,0.001341,74.125.68.0-255,1484,177402,58,296638
30661,0.001344,74.125.68.0-255,766,178168,58,296638
30662,0.00135,172.31.46.0-255,66,178234,58,296638
30663,0.0014,74.125.68.0-255,1484,179718,58,296638
30664,0.001404,74.125.68.0-255,1484,181202,58,296638
30665,0.001407,172.31.46.0-255,66,181268,58,296638
30666,0.001433,74.125.68.0-255,1484,182752,58,296638
30667,0.001438,74.125.68.0-255,4320,187072,58,296638
30668,0.001441,172.31.46.0-255,66,187138,58,296638
30669,0.001447,74.125.68.0-255,5738,192876,58,296638
30670,0.001449,172.31.46.0-255,66,192942,58,296638
30671,0.001466,74.125.68.0-255,1484,194426,58,296638
30672,0.001492,172.31.46.0-255,66,194492,58,296638
30673,0.001517,74.125.68.0-255,1484,195976,58,296638
30674,0.001523,74.125.68.0-255,4320,200296,58,296638
30675,0.001525,172.31.46.0-255,66,200362,58,296638
30676,0.001586,74.125.68.0-255,3602,203964,58,296638
30677,0.001589,172.31.46.0-255,66,204030,58,296638
30678,0.001975,74.125.68.0-255,1484,205514,58,296638
30679,0.00198,74.125.68.0-255,1484,206998,58,296638
30680,0.001983,172.31.46.0-255,66,207064,58,296638
30681,0.002012,74.125.68.0-255,2902,209966,58,296638
30682,0.002015,172.31.46.0-255,66,210032,58,296638
30683,0.002042,74.125.68.0-255,5738,215770,58,296638
30684,0.002045,172.31.46.0-255,66,215836,58,296638
30685,0.00205,74.125.68.0-255,2902,218738,58,296638
30686,0.002052,172.31.46.0-255,66,218804,58,296638
30687,0.002057,74.125.68.0-255,4320,223124,58,296638
30688,0.002064,172.31.46.0-255,66,223190,58,296638
30689,0.002093,74.125.68.0-255,4320,227510,58,296638
30690,0.002096,172.31.46.0-255,66,227576,58,296638
30691,0.00213,74.125.68.0-255,4320,231896,58,296638
30692,0.002133,172.31.46.0-255,66,231962,58,296638
30693,0.002142,74.125.68.0-255,2902,234864,58,296638
30694,0.002144,172.31.46.0-255,66,234930,58,296638
30695,0.002155,74.125.68.0-255,3602,238532,58,296638
30696,0.002157,172.31.46.0-255,66,238598,58,296638
30697,0.004679,74.125.68.0-255,5738,244336,58,296638
30698,0.004687,172.31.46.0-255,66,244402,58,296638
30699,0.007224,74.125.68.0-255,5738,250140,58,296638
30700,0.007232,172.31.46.0-255,66,250206,58,296638
30701,0.009752,74.125.68.0-255,5738,255944,58,296638
30702,0.009758,172.31.46.0-255,66,256010,58,296638
30703,0.012285,74.125.68.0-255,5738,261748,58,296638
30704,0.012292,172.31.46.0-255,66,261814,58,296638
30705,0.014821,74.125.68.0-255,5738,267552,58,296638
30706,0.014829,172.31.46.0-255,66,267618,58,296638
30707,0.017354,74.125.68.0-255,5738,273356,58,296638
30708,0.017365,172.31.46.0-255,66,273422,58,296638
30709,0.019897,74.125.68.0-255,5738,279160,58,296638
30710,0.019908,172.31.46.0-255,66,279226,58,296638
30711,0.022467,74.125.68.0-255,5738,284964,58,296638
30712,0.022483,172.31.46.0-255,66,285030,58,296638
30713,0.025042,74.125.68.0-255,5738,290768,58,296638
30714,0.025058,172.31.46.0-255,66,290834,58,296638
30715,0.027603,74.125.68.0-255,5738,296572,58,296638
30716,0.02762,172.31.46.0-255,66,296638,58,296638
30717,0.0,74.125.24.0-255,152,152,58,159199
30718,2.3e-05,172.31.46.0-255,66,218,58,159199
30719,3e-05,74.125.24.0-255,1484,1702,58,159199
30720,3.5e-05,172.31.46.0-255,66,1768,58,159199
30721,4e-05,74.125.24.0-255,2902,4670,58,159199
30722,4.5e-05,172.31.46.0-255,66,4736,58,159199
30723,4.9e-05,74.125.24.0-255,2902,7638,58,159199
30724,5.2e-05,172.31.46.0-255,66,7704,58,159199
30725,8.2e-05,74.125.24.0-255,6258,13962,58,159199
30726,8.6e-05,172.31.46.0-255,66,14028,58,159199
30727,0.000122,74.125.24.0-255,7156,21184,58,159199
30728,0.000127,172.31.46.0-255,66,21250,58,159199
30729,0.000132,74.125.24.0-255,5738,26988,58,159199
30730,0.000135,172.31.46.0-255,66,27054,58,159199
30731,0.000182,74.125.24.0-255,3961,31015,58,159199
30732,0.000185,172.31.46.0-255,66,31081,58,159199
30733,0.000319,74.125.24.0-255,1484,32565,58,159199
30734,0.000325,172.31.46.0-255,66,32631,58,159199
30735,0.00033,74.125.24.0-255,2902,35533,58,159199
30736,0.000332,172.31.46.0-255,66,35599,58,159199
30737,0.000335,74.125.24.0-255,1484,37083,58,159199
30738,0.000338,172.31.46.0-255,66,37149,58,159199
30739,0.000356,74.125.24.0-255,4320,41469,58,159199
30740,0.000359,172.31.46.0-255,66,41535,58,159199
30741,0.000375,74.125.24.0-255,5738,47273,58,159199
30742,0.000378,172.31.46.0-255,66,47339,58,159199
30743,0.000406,172.31.46.0-255,66,47405,58,159199
30744,0.000417,172.31.46.0-255,66,47471,58,159199
30745,0.000596,74.125.24.0-255,414,47885,58,159199
30746,0.000601,172.31.46.0-255,66,47951,58,159199
30747,0.000616,74.125.24.0-255,330,48281,58,159199
30748,0.001224,74.125.24.0-255,1484,49765,58,159199
30749,0.001231,172.31.46.0-255,66,49831,58,159199
30750,0.001237,74.125.24.0-255,2902,52733,58,159199
30751,0.001241,172.31.46.0-255,66,52799,58,159199
30752,0.001247,74.125.24.0-255,5738,58537,58,159199
30753,0.00125,172.31.46.0-255,66,58603,58,159199
30754,0.001255,74.125.24.0-255,4320,62923,58,159199
30755,0.001257,172.31.46.0-255,66,62989,58,159199
30756,0.001278,74.125.24.0-255,1484,64473,58,159199
30757,0.001293,172.31.46.0-255,66,64539,58,159199
30758,0.001308,74.125.24.0-255,5020,69559,58,159199
30759,0.001311,172.31.46.0-255,66,69625,58,159199
30760,0.001911,74.125.24.0-255,1484,71109,58,159199
30761,0.001923,74.125.24.0-255,2902,74011,58,159199
30762,0.001928,172.31.46.0-255,66,74077,58,159199
30763,0.001936,74.125.24.0-255,5738,79815,58,159199
30764,0.00194,172.31.46.0-255,66,79881,58,159199
30765,0.001999,172.31.46.0-255,66,79947,58,159199
30766,0.002006,74.125.24.0-255,7156,87103,58,159199
30767,0.002009,172.31.46.0-255,66,87169,58,159199
30768,0.002052,74.125.24.0-255,3602,90771,58,159199
30769,0.002056,172.31.46.0-255,66,90837,58,159199
30770,0.002328,74.125.24.0-255,1484,92321,58,159199
30771,0.002337,74.125.24.0-255,2902,95223,58,159199
30772,0.002341,172.31.46.0-255,66,95289,58,159199
30773,0.004318,74.125.24.0-255,1484,96773,58,159199
30774,0.004658,74.125.24.0-255,4320,101093,58,159199
30775,0.004662,172.31.46.0-255,66,101159,58,159199
30776,0.006963,74.125.24.0-255,5738,106897,58,159199
30777,0.006974,172.31.46.0-255,66,106963,58,159199
30778,0.009226,74.125.24.0-255,5738,112701,58,159199
30779,0.009246,172.31.46.0-255,66,112767,58,159199
30780,0.011537,74.125.24.0-255,5738,118505,58,159199
30781,0.011561,172.31.46.0-255,66,118571,58,159199
30782,0.013886,74.125.24.0-255,5738,124309,58,159199
30783,0.013908,172.31.46.0-255,66,124375,58,159199
30784,0.016181,74.125.24.0-255,5738,130113,58,159199
30785,0.016196,172.31.46.0-255,66,130179,58,159199
30786,0.018504,74.125.24.0-255,5738,135917,58,159199
30787,0.018529,172.31.46.0-255,66,135983,58,159199
30788,0.020825,74.125.24.0-255,5738,141721,58,159199
30789,0.020847,172.31.46.0-255,66,141787,58,159199
30790,0.02316,74.125.24.0-255,5738,147525,58,159199
30791,0.023184,172.31.46.0-255,66,147591,58,159199
30792,0.0255,74.125.24.0-255,5738,153329,58,159199
30793,0.025518,172.31.46.0-255,66,153395,58,159199
30794,0.027808,74.125.24.0-255,5738,159133,58,159199
30795,0.027821,172.31.46.0-255,66,159199,58,159199
30796,0.0,172.31.46.0-255,105,105,58,459
30797,0.000177,172.31.46.0-255,90,195,58,459
30798,0.000186,172.31.46.0-255,66,261,58,459
30799,0.00312,74.125.24.0-255,66,327,58,459
30800,0.003161,74.125.24.0-255,66,393,58,459
30801,0.003184,172.31.46.0-255,66,459,58,459
30802,0.0,172.217.194.0-255,156,156,58,291573
30803,1.8e-05,172.31.46.0-255,66,222,58,291573
30804,2.6e-05,172.217.194.0-255,1484,1706,58,291573
30805,3.1e-05,172.31.46.0-255,66,1772,58,291573
30806,3.6e-05,172.217.194.0-255,2902,4674,58,291573
30807,4.9e-05,172.31.46.0-255,66,4740,58,291573
30808,5.7e-05,172.217.194.0-255,7156,11896,58,291573
30809,6e-05,172.31.46.0-255,66,11962,58,291573
30810,6.4e-05,172.217.194.0-255,1938,13900,58,291573
30811,6.6e-05,172.31.46.0-255,66,13966,58,291573
30812,0.000115,172.217.194.0-255,1484,15450,58,291573
30813,0.000117,172.31.46.0-255,66,15516,58,291573
30814,0.000132,172.217.194.0-255,2902,18418,58,291573
30815,0.000135,172.31.46.0-255,66,18484,58,291573
30816,0.000138,172.217.194.0-255,1484,19968,58,291573
30817,0.00014,172.31.46.0-255,66,20034,58,291573
30818,0.000184,172.217.194.0-255,4320,24354,58,291573
30819,0.000188,172.31.46.0-255,66,24420,58,291573
30820,0.000194,172.217.194.0-255,5738,30158,58,291573
30821,0.000196,172.31.46.0-255,66,30224,58,291573
30822,0.000199,172.217.194.0-255,1125,31349,58,291573
30823,0.000202,172.31.46.0-255,66,31415,58,291573
30824,0.000407,172.217.194.0-255,1484,32899,58,291573
30825,0.000413,172.31.46.0-255,66,32965,58,291573
30826,0.000419,172.217.194.0-255,2902,35867,58,291573
30827,0.000422,172.31.46.0-255,66,35933,58,291573
30828,0.000426,172.217.194.0-255,2902,38835,58,291573
30829,0.000433,172.31.46.0-255,66,38901,58,291573
30830,0.000459,172.217.194.0-255,2902,41803,58,291573
30831,0.000461,172.31.46.0-255,66,41869,58,291573
30832,0.000469,172.217.194.0-255,6797,48666,58,291573
30833,0.000471,172.31.46.0-255,66,48732,58,291573
30834,0.000483,172.217.194.0-255,7156,55888,58,291573
30835,0.000523,172.217.194.0-255,1415,57303,58,291573
30836,0.000527,172.31.46.0-255,66,57369,58,291573
30837,0.000573,172.217.194.0-255,365,57734,58,291573
30838,0.00065,172.217.194.0-255,1484,59218,58,291573
30839,0.000656,172.217.194.0-255,2902,62120,58,291573
30840,0.000675,172.31.46.0-255,66,62186,58,291573
30841,0.000682,172.217.194.0-255,5738,67924,58,291573
30842,0.000687,172.31.46.0-255,66,67990,58,291573
30843,0.000725,172.217.194.0-255,6797,74787,58,291573
30844,0.000743,172.31.46.0-255,66,74853,58,291573
30845,0.000765,172.217.194.0-255,4320,79173,58,291573
30846,0.000789,172.217.194.0-255,2902,82075,58,291573
30847,0.000795,172.217.194.0-255,5738,87813,58,291573
30848,0.0008,172.31.46.0-255,66,87879,58,291573
30849,0.000821,172.217.194.0-255,3961,91840,58,291573
30850,0.000843,172.217.194.0-255,4320,96160,58,291573
30851,0.000849,172.31.46.0-255,66,96226,58,291573
30852,0.000909,172.31.46.0-255,66,96292,58,291573
30853,0.000958,172.31.46.0-255,66,96358,58,291573
30854,0.001246,172.217.194.0-255,1484,97842,58,291573
30855,0.001252,172.217.194.0-255,2902,100744,58,291573
30856,0.001255,172.31.46.0-255,66,100810,58,291573
30857,0.001262,172.217.194.0-255,5738,106548,58,291573
30858,0.001332,172.217.194.0-255,4320,110868,58,291573
30859,0.001342,172.31.46.0-255,66,110934,58,291573
30860,0.001364,172.217.194.0-255,1484,112418,58,291573
30861,0.001368,172.217.194.0-255,2902,115320,58,291573
30862,0.001375,172.217.194.0-255,5738,121058,58,291573
30863,0.00138,172.217.194.0-255,5738,126796,58,291573
30864,0.001385,172.31.46.0-255,66,126862,58,291573
30865,0.001421,172.217.194.0-255,1484,128346,58,291573
30866,0.001438,172.217.194.0-255,3602,131948,58,291573
30867,0.001444,172.31.46.0-255,66,132014,58,291573
30868,0.001995,172.217.194.0-255,1484,133498,58,291573
30869,0.002004,172.217.194.0-255,2902,136400,58,291573
30870,0.002009,172.31.46.0-255,66,136466,58,291573
30871,0.002015,172.217.194.0-255,4320,140786,58,291573
30872,0.002041,172.217.194.0-255,1484,142270,58,291573
30873,0.002049,172.217.194.0-255,7156,149426,58,291573
30874,0.002079,172.217.194.0-255,5738,155164,58,291573
30875,0.002084,172.217.194.0-255,2184,157348,58,291573
30876,0.002153,172.217.194.0-255,1484,158832,58,291573
30877,0.002172,172.217.194.0-255,2902,161734,58,291573
30878,0.002178,172.217.194.0-255,5738,167472,58,291573
30879,0.002182,172.217.194.0-255,2902,170374,58,291573
30880,0.002199,172.217.194.0-255,2902,173276,58,291573
30881,0.002231,172.217.194.0-255,2902,176178,58,291573
30882,0.002249,172.217.194.0-255,2184,178362,58,291573
30883,0.002292,172.217.194.0-255,1484,179846,58,291573
30884,0.002308,172.217.194.0-255,2902,182748,58,291573
30885,0.002314,172.217.194.0-255,5738,188486,58,291573
30886,0.002343,172.217.194.0-255,4320,192806,58,291573
30887,0.002367,172.217.194.0-255,7156,199962,58,291573
30888,0.002375,172.217.194.0-255,7156,207118,58,291573
30889,0.002397,172.217.194.0-255,5020,212138,58,291573
30890,0.002434,172.217.194.0-255,1484,213622,58,291573
30891,0.002449,172.217.194.0-255,2902,216524,58,291573
30892,0.002454,172.217.194.0-255,2902,219426,58,291573
30893,0.002471,172.217.194.0-255,2902,222328,58,291573
30894,0.002502,172.217.194.0-255,4320,226648,58,291573
30895,0.002535,172.217.194.0-255,1484,228132,58,291573
30896,0.00254,172.217.194.0-255,4320,232452,58,291573
30897,0.002568,172.217.194.0-255,5020,237472,58,291573
30898,0.002571,172.217.194.0-255,1484,238956,58,291573
30899,0.002607,172.217.194.0-255,2902,241858,58,291573
30900,0.006333,172.31.46.0-255,66,241924,58,291573
30901,0.00885,172.217.194.0-255,5738,247662,58,291573
30902,0.008857,172.31.46.0-255,66,247728,58,291573
30903,0.011449,172.217.194.0-255,5738,253466,58,291573
30904,0.011456,172.31.46.0-255,66,253532,58,291573
30905,0.013971,172.217.194.0-255,5738,259270,58,291573
30906,0.013979,172.31.46.0-255,66,259336,58,291573
30907,0.016527,172.217.194.0-255,5738,265074,58,291573
30908,0.01654,172.31.46.0-255,66,265140,58,291573
30909,0.019124,172.217.194.0-255,5738,270878,58,291573
30910,0.019137,172.31.46.0-255,66,270944,58,291573
30911,0.021665,172.217.194.0-255,5738,276682,58,291573
30912,0.021674,172.31.46.0-255,66,276748,58,291573
30913,0.024208,172.217.194.0-255,5738,282486,58,291573
30914,0.024215,172.31.46.0-255,66,282552,58,291573
30915,0.026716,172.217.194.0-255,5738,288290,58,291573
30916,0.026724,172.31.46.0-255,66,288356,58,291573
30917,0.029238,172.217.194.0-255,3046,291402,58,291573
30918,0.029246,172.31.46.0-255,66,291468,58,291573
30919,0.02945,172.31.46.0-255,105,291573,58,291573
30920,0.0,172.217.194.0-255,153,153,58,169632
30921,1.5e-05,172.31.46.0-255,66,219,58,169632
30922,2.1e-05,172.217.194.0-255,1484,1703,58,169632
30923,2.5e-05,172.31.46.0-255,66,1769,58,169632
30924,3e-05,172.217.194.0-255,2902,4671,58,169632
30925,3.3e-05,172.31.46.0-255,66,4737,58,169632
30926,4.7e-05,172.217.194.0-255,7156,11893,58,169632
30927,5.1e-05,172.31.46.0-255,66,11959,58,169632
30928,5.4e-05,172.217.194.0-255,1484,13443,58,169632
30929,5.7e-05,172.31.46.0-255,66,13509,58,169632
30930,7.4e-05,172.217.194.0-255,682,14191,58,169632
30931,7.6e-05,172.31.46.0-255,66,14257,58,169632
30932,8.6e-05,172.217.194.0-255,2902,17159,58,169632
30933,8.8e-05,172.31.46.0-255,66,17225,58,169632
30934,0.00013,172.217.194.0-255,7156,24381,58,169632
30935,0.000133,172.31.46.0-255,66,24447,58,169632
30936,0.000139,172.217.194.0-255,5738,30185,58,169632
30937,0.000142,172.31.46.0-255,66,30251,58,169632
30938,0.000163,172.217.194.0-255,1125,31376,58,169632
30939,0.000166,172.31.46.0-255,66,31442,58,169632
30940,0.000221,172.217.194.0-255,1484,32926,58,169632
30941,0.000224,172.31.46.0-255,66,32992,58,169632
30942,0.000229,172.217.194.0-255,2902,35894,58,169632
30943,0.000231,172.31.46.0-255,66,35960,58,169632
30944,0.000234,172.217.194.0-255,1484,37444,58,169632
30945,0.000237,172.31.46.0-255,66,37510,58,169632
30946,0.000272,172.217.194.0-255,4320,41830,58,169632
30947,0.000275,172.31.46.0-255,66,41896,58,169632
30948,0.00029,172.31.46.0-255,66,41962,58,169632
30949,0.000332,172.217.194.0-255,7156,49118,58,169632
30950,0.000335,172.31.46.0-255,66,49184,58,169632
30951,0.000361,172.217.194.0-255,2860,52044,58,169632
30952,0.000364,172.31.46.0-255,66,52110,58,169632
30953,0.00039,172.217.194.0-255,361,52471,58,169632
30954,0.000598,172.217.194.0-255,1484,53955,58,169632
30955,0.000604,172.31.46.0-255,66,54021,58,169632
30956,0.000609,172.217.194.0-255,2902,56923,58,169632
30957,0.000612,172.31.46.0-255,66,56989,58,169632
30958,0.000618,172.217.194.0-255,4320,61309,58,169632
30959,0.00062,172.31.46.0-255,66,61375,58,169632
30960,0.000649,172.217.194.0-255,1484,62859,58,169632
30961,0.000655,172.217.194.0-255,4320,67179,58,169632
30962,0.000658,172.31.46.0-255,66,67245,58,169632
30963,0.00067,172.31.46.0-255,66,67311,58,169632
30964,0.000707,172.31.46.0-255,66,67377,58,169632
30965,0.001018,172.217.194.0-255,1484,68861,58,169632
30966,0.001023,172.217.194.0-255,2902,71763,58,169632
30967,0.001029,172.31.46.0-255,66,71829,58,169632
30968,0.00105,172.217.194.0-255,5738,77567,58,169632
30969,0.001052,172.31.46.0-255,66,77633,58,169632
30970,0.00107,172.217.194.0-255,7156,84789,58,169632
30971,0.001076,172.31.46.0-255,66,84855,58,169632
30972,0.0011,172.217.194.0-255,5738,90593,58,169632
30973,0.001103,172.31.46.0-255,66,90659,58,169632
30974,0.001115,172.31.46.0-255,66,90725,58,169632
30975,0.003451,172.217.194.0-255,5738,96463,58,169632
30976,0.003458,172.31.46.0-255,66,96529,58,169632
30977,0.005783,172.217.194.0-255,5738,102267,58,169632
30978,0.005788,172.31.46.0-255,66,102333,58,169632
30979,0.008147,172.217.194.0-255,5738,108071,58,169632
30980,0.008154,172.31.46.0-255,66,108137,58,169632
30981,0.01052,172.217.194.0-255,5738,113875,58,169632
30982,0.010528,172.31.46.0-255,66,113941,58,169632
30983,0.01287,172.217.194.0-255,5738,119679,58,169632
30984,0.012876,172.31.46.0-255,66,119745,58,169632
30985,0.015263,172.217.194.0-255,5738,125483,58,169632
30986,0.015273,172.31.46.0-255,66,125549,58,169632
30987,0.017616,172.217.194.0-255,5738,131287,58,169632
30988,0.017625,172.31.46.0-255,66,131353,58,169632
30989,0.019983,172.217.194.0-255,5738,137091,58,169632
30990,0.019989,172.31.46.0-255,66,137157,58,169632
30991,0.022315,172.217.194.0-255,5738,142895,58,169632
30992,0.022324,172.31.46.0-255,66,142961,58,169632
30993,0.024701,172.217.194.0-255,5738,148699,58,169632
30994,0.024709,172.31.46.0-255,66,148765,58,169632
30995,0.027074,172.217.194.0-255,5738,154503,58,169632
30996,0.02708,172.31.46.0-255,66,154569,58,169632
30997,0.027762,172.31.46.0-255,172,154741,58,169632
30998,0.02779,172.31.46.0-255,1113,155854,58,169632
30999,0.027851,172.31.46.0-255,1514,157368,58,169632
31000,0.027853,172.31.46.0-255,1514,158882,58,169632
31001,0.027857,172.31.46.0-255,1514,160396,58,169632
31002,0.027858,172.31.46.0-255,1514,161910,58,169632
31003,0.027877,172.31.46.0-255,1514,163424,58,169632
31004,0.027878,172.31.46.0-255,140,163564,58,169632
31005,0.029244,104.244.42.0-255,66,163630,58,169632
31006,0.029303,104.244.42.0-255,66,163696,58,169632
31007,0.029359,104.244.42.0-255,66,163762,58,169632
31008,0.029387,104.244.42.0-255,66,163828,58,169632
31009,0.029436,172.217.194.0-255,5738,169566,58,169632
31010,0.029441,172.31.46.0-255,66,169632,58,169632
31011,0.0,74.125.68.0-255,153,153,58,286991
31012,2.1e-05,172.31.46.0-255,66,219,58,286991
31013,2.8e-05,74.125.68.0-255,1484,1703,58,286991
31014,3.3e-05,172.31.46.0-255,66,1769,58,286991
31015,6.3e-05,74.125.68.0-255,2902,4671,58,286991
31016,6.6e-05,172.31.46.0-255,66,4737,58,286991
31017,6.9e-05,74.125.68.0-255,1484,6221,58,286991
31018,7.1e-05,172.31.46.0-255,66,6287,58,286991
31019,7.5e-05,74.125.68.0-255,2902,9189,58,286991
31020,7.8e-05,172.31.46.0-255,66,9255,58,286991
31021,0.000113,74.125.68.0-255,6298,15553,58,286991
31022,0.000115,172.31.46.0-255,66,15619,58,286991
31023,0.000119,74.125.68.0-255,2902,18521,58,286991
31024,0.000121,172.31.46.0-255,66,18587,58,286991
31025,0.000142,74.125.68.0-255,1484,20071,58,286991
31026,0.000144,172.31.46.0-255,66,20137,58,286991
31027,0.000172,172.31.46.0-255,66,20203,58,286991
31028,0.000178,74.125.68.0-255,7156,27359,58,286991
31029,0.000181,172.31.46.0-255,66,27425,58,286991
31030,0.00019,172.31.46.0-255,66,27491,58,286991
31031,0.000209,74.125.68.0-255,2184,29675,58,286991
31032,0.000211,172.31.46.0-255,66,29741,58,286991
31033,0.000466,74.125.68.0-255,1484,31225,58,286991
31034,0.000472,172.31.46.0-255,66,31291,58,286991
31035,0.000477,74.125.68.0-255,2902,34193,58,286991
31036,0.00048,172.31.46.0-255,66,34259,58,286991
31037,0.000503,74.125.68.0-255,5738,39997,58,286991
31038,0.000506,172.31.46.0-255,66,40063,58,286991
31039,0.000511,74.125.68.0-255,2902,42965,58,286991
31040,0.000513,172.31.46.0-255,66,43031,58,286991
31041,0.000525,74.125.68.0-255,1484,44515,58,286991
31042,0.00056,74.125.68.0-255,2900,47415,58,286991
31043,0.000564,172.31.46.0-255,66,47481,58,286991
31044,0.000671,74.125.68.0-255,1484,48965,58,286991
31045,0.000686,74.125.68.0-255,2902,51867,58,286991
31046,0.000689,172.31.46.0-255,66,51933,58,286991
31047,0.000714,74.125.68.0-255,5738,57671,58,286991
31048,0.000717,172.31.46.0-255,66,57737,58,286991
31049,0.000721,74.125.68.0-255,2902,60639,58,286991
31050,0.000723,172.31.46.0-255,66,60705,58,286991
31051,0.000728,74.125.68.0-255,4320,65025,58,286991
31052,0.00073,172.31.46.0-255,66,65091,58,286991
31053,0.000765,172.31.46.0-255,66,65157,58,286991
31054,0.000771,74.125.68.0-255,4320,69477,58,286991
31055,0.000773,172.31.46.0-255,66,69543,58,286991
31056,0.000817,74.125.68.0-255,3602,73145,58,286991
31057,0.000821,172.31.46.0-255,66,73211,58,286991
31058,0.000996,74.125.68.0-255,1484,74695,58,286991
31059,0.001003,74.125.68.0-255,2902,77597,58,286991
31060,0.001006,172.31.46.0-255,66,77663,58,286991
31061,0.001024,74.125.68.0-255,1484,79147,58,286991
31062,0.00103,74.125.68.0-255,2902,82049,58,286991
31063,0.001032,172.31.46.0-255,66,82115,58,286991
31064,0.001074,74.125.68.0-255,5738,87853,58,286991
31065,0.001077,172.31.46.0-255,66,87919,58,286991
31066,0.001084,74.125.68.0-255,5738,93657,58,286991
31067,0.001086,172.31.46.0-255,66,93723,58,286991
31068,0.001094,74.125.68.0-255,7156,100879,58,286991
31069,0.001097,172.31.46.0-255,66,100945,58,286991
31070,0.001116,74.125.68.0-255,1484,102429,58,286991
31071,0.001136,74.125.68.0-255,5020,107449,58,286991
31072,0.001139,172.31.46.0-255,66,107515,58,286991
31073,0.001217,74.125.68.0-255,1484,108999,58,286991
31074,0.001231,74.125.68.0-255,2902,111901,58,286991
31075,0.001234,172.31.46.0-255,66,111967,58,286991
31076,0.001251,74.125.68.0-255,5738,117705,58,286991
31077,0.001254,172.31.46.0-255,66,117771,58,286991
31078,0.001272,74.125.68.0-255,4320,122091,58,286991
31079,0.001275,172.31.46.0-255,66,122157,58,286991
31080,0.001293,74.125.68.0-255,4320,126477,58,286991
31081,0.001295,172.31.46.0-255,66,126543,58,286991
31082,0.001308,172.31.46.0-255,66,126609,58,286991
31083,0.00134,74.125.68.0-255,5020,131629,58,286991
31084,0.001343,172.31.46.0-255,66,131695,58,286991
31085,0.001866,74.125.68.0-255,1484,133179,58,286991
31086,0.001873,74.125.68.0-255,2902,136081,58,286991
31087,0.001877,172.31.46.0-255,66,136147,58,286991
31088,0.001913,74.125.68.0-255,5738,141885,58,286991
31089,0.001916,172.31.46.0-255,66,141951,58,286991
31090,0.00193,74.125.68.0-255,1484,143435,58,286991
31091,0.001958,172.31.46.0-255,66,143501,58,286991
31092,0.001965,74.125.68.0-255,5738,149239,58,286991
31093,0.001967,172.31.46.0-255,66,149305,58,286991
31094,0.002026,74.125.68.0-255,5020,154325,58,286991
31095,0.002029,172.31.46.0-255,66,154391,58,286991
31096,0.002035,74.125.68.0-255,5738,160129,58,286991
31097,0.002037,172.31.46.0-255,66,160195,58,286991
31098,0.002041,74.125.68.0-255,1484,161679,58,286991
31099,0.002065,74.125.68.0-255,1484,163163,58,286991
31100,0.002069,172.31.46.0-255,66,163229,58,286991
31101,0.002081,74.125.68.0-255,7156,170385,58,286991
31102,0.002083,172.31.46.0-255,66,170451,58,286991
31103,0.002125,172.31.46.0-255,66,170517,58,286991
31104,0.002165,172.31.46.0-255,66,170583,58,286991
31105,0.002183,74.125.68.0-255,2184,172767,58,286991
31106,0.002186,172.31.46.0-255,66,172833,58,286991
31107,0.002189,74.125.68.0-255,1484,174317,58,286991
31108,0.002221,172.31.46.0-255,66,174383,58,286991
31109,0.002246,74.125.68.0-255,4320,178703,58,286991
31110,0.002249,172.31.46.0-255,66,178769,58,286991
31111,0.002276,172.31.46.0-255,66,178835,58,286991
31112,0.002281,74.125.68.0-255,5020,183855,58,286991
31113,0.002283,172.31.46.0-255,66,183921,58,286991
31114,0.002295,74.125.68.0-255,1484,185405,58,286991
31115,0.002315,172.31.46.0-255,66,185471,58,286991
31116,0.002343,172.31.46.0-255,66,185537,58,286991
31117,0.002363,74.125.68.0-255,1484,187021,58,286991
31118,0.00237,74.125.68.0-255,7156,194177,58,286991
31119,0.002373,172.31.46.0-255,66,194243,58,286991
31120,0.002393,74.125.68.0-255,5738,199981,58,286991
31121,0.002395,172.31.46.0-255,66,200047,58,286991
31122,0.002407,74.125.68.0-255,2184,202231,58,286991
31123,0.002409,172.31.46.0-255,66,202297,58,286991
31124,0.002413,74.125.68.0-255,2902,205199,58,286991
31125,0.002415,172.31.46.0-255,66,205265,58,286991
31126,0.00242,74.125.68.0-255,4320,209585,58,286991
31127,0.002422,172.31.46.0-255,66,209651,58,286991
31128,0.00245,74.125.68.0-255,4320,213971,58,286991
31129,0.002452,172.31.46.0-255,66,214037,58,286991
31130,0.002464,74.125.68.0-255,4320,218357,58,286991
31131,0.002466,172.31.46.0-255,66,218423,58,286991
31132,0.002531,172.31.46.0-255,66,218489,58,286991
31133,0.002536,74.125.68.0-255,4320,222809,58,286991
31134,0.002538,172.31.46.0-255,66,222875,58,286991
31135,0.002559,74.125.68.0-255,3602,226477,58,286991
31136,0.002562,172.31.46.0-255,66,226543,58,286991
31137,0.002597,74.125.68.0-255,2902,229445,58,286991
31138,0.0026,172.31.46.0-255,66,229511,58,286991
31139,0.002618,74.125.68.0-255,1484,230995,58,286991
31140,0.005122,74.125.68.0-255,1484,232479,58,286991
31141,0.00513,172.31.46.0-255,66,232545,58,286991
31142,0.005169,74.125.68.0-255,1484,234029,58,286991
31143,0.005181,74.125.68.0-255,1484,235513,58,286991
31144,0.005183,172.31.46.0-255,66,235579,58,286991
31145,0.007709,74.125.68.0-255,2902,238481,58,286991
31146,0.007716,172.31.46.0-255,66,238547,58,286991
31147,0.007737,74.125.68.0-255,1484,240031,58,286991
31148,0.007752,74.125.68.0-255,1484,241515,58,286991
31149,0.007754,172.31.46.0-255,66,241581,58,286991
31150,0.010294,74.125.68.0-255,2902,244483,58,286991
31151,0.010301,172.31.46.0-255,66,244549,58,286991
31152,0.010325,74.125.68.0-255,2902,247451,58,286991
31153,0.010328,172.31.46.0-255,66,247517,58,286991
31154,0.012874,74.125.68.0-255,2902,250419,58,286991
31155,0.012882,172.31.46.0-255,66,250485,58,286991
31156,0.012906,74.125.68.0-255,2902,253387,58,286991
31157,0.012908,172.31.46.0-255,66,253453,58,286991
31158,0.015457,74.125.68.0-255,4320,257773,58,286991
31159,0.015464,172.31.46.0-255,66,257839,58,286991
31160,0.015487,74.125.68.0-255,1484,259323,58,286991
31161,0.018048,74.125.68.0-255,4320,263643,58,286991
31162,0.018058,172.31.46.0-255,66,263709,58,286991
31163,0.020695,74.125.68.0-255,5738,269447,58,286991
31164,0.020704,172.31.46.0-255,66,269513,58,286991
31165,0.023366,74.125.68.0-255,5738,275251,58,286991
31166,0.023373,172.31.46.0-255,66,275317,58,286991
31167,0.025956,74.125.68.0-255,5738,281055,58,286991
31168,0.025964,172.31.46.0-255,66,281121,58,286991
31169,0.028542,74.125.68.0-255,1484,282605,58,286991
31170,0.028566,74.125.68.0-255,4320,286925,58,286991
31171,0.028572,172.31.46.0-255,66,286991,58,286991
31172,0.0,74.125.200.0-255,150,150,58,221872
31173,2.5e-05,172.31.46.0-255,66,216,58,221872
31174,3.2e-05,74.125.200.0-255,1484,1700,58,221872
31175,3.7e-05,172.31.46.0-255,66,1766,58,221872
31176,4.3e-05,74.125.200.0-255,2902,4668,58,221872
31177,4.7e-05,172.31.46.0-255,66,4734,58,221872
31178,5.2e-05,74.125.200.0-255,2902,7636,58,221872
31179,5.5e-05,172.31.46.0-255,66,7702,58,221872
31180,9.8e-05,74.125.200.0-255,6260,13962,58,221872
31181,0.000103,172.31.46.0-255,66,14028,58,221872
31182,0.000174,74.125.200.0-255,1484,15512,58,221872
31183,0.000177,172.31.46.0-255,66,15578,58,221872
31184,0.000198,74.125.200.0-255,2902,18480,58,221872
31185,0.000201,172.31.46.0-255,66,18546,58,221872
31186,0.000208,74.125.200.0-255,5738,24284,58,221872
31187,0.000211,172.31.46.0-255,66,24350,58,221872
31188,0.000233,74.125.200.0-255,1484,25834,58,221872
31189,0.000236,172.31.46.0-255,66,25900,58,221872
31190,0.000241,74.125.200.0-255,2902,28802,58,221872
31191,0.000243,172.31.46.0-255,66,28868,58,221872
31192,0.000284,74.125.200.0-255,3961,32829,58,221872
31193,0.000287,172.31.46.0-255,66,32895,58,221872
31194,0.000319,74.125.200.0-255,1484,34379,58,221872
31195,0.000322,172.31.46.0-255,66,34445,58,221872
31196,0.000348,74.125.200.0-255,2902,37347,58,221872
31197,0.00035,172.31.46.0-255,66,37413,58,221872
31198,0.000362,172.31.46.0-255,66,37479,58,221872
31199,0.000364,74.125.200.0-255,1125,38604,58,221872
31200,0.000366,172.31.46.0-255,66,38670,58,221872
31201,0.000736,74.125.200.0-255,1484,40154,58,221872
31202,0.000743,172.31.46.0-255,66,40220,58,221872
31203,0.000747,74.125.200.0-255,1484,41704,58,221872
31204,0.000751,74.125.200.0-255,1484,43188,58,221872
31205,0.000764,74.125.200.0-255,1484,44672,58,221872
31206,0.000771,74.125.200.0-255,5738,50410,58,221872
31207,0.000792,74.125.200.0-255,4320,54730,58,221872
31208,0.000804,172.31.46.0-255,66,54796,58,221872
31209,0.000807,74.125.200.0-255,1704,56500,58,221872
31210,0.000812,172.31.46.0-255,66,56566,58,221872
31211,0.000846,74.125.200.0-255,1484,58050,58,221872
31212,0.00085,74.125.200.0-255,1484,59534,58,221872
31213,0.000866,74.125.200.0-255,1484,61018,58,221872
31214,0.000873,74.125.200.0-255,5738,66756,58,221872
31215,0.000884,172.31.46.0-255,66,66822,58,221872
31216,0.000898,74.125.200.0-255,7156,73978,58,221872
31217,0.000905,172.31.46.0-255,66,74044,58,221872
31218,0.00095,172.31.46.0-255,66,74110,58,221872
31219,0.000954,172.31.46.0-255,66,74176,58,221872
31220,0.001353,74.125.200.0-255,1484,75660,58,221872
31221,0.001372,74.125.200.0-255,1484,77144,58,221872
31222,0.001376,172.31.46.0-255,66,77210,58,221872
31223,0.001387,74.125.200.0-255,1484,78694,58,221872
31224,0.001395,74.125.200.0-255,5738,84432,58,221872
31225,0.001413,74.125.200.0-255,2902,87334,58,221872
31226,0.001415,172.31.46.0-255,66,87400,58,221872
31227,0.00142,172.31.46.0-255,66,87466,58,221872
31228,0.001429,74.125.200.0-255,4320,91786,58,221872
31229,0.00145,172.31.46.0-255,66,91852,58,221872
31230,0.001482,172.31.46.0-255,66,91918,58,221872
31231,0.0015,74.125.200.0-255,2184,94102,58,221872
31232,0.001516,172.31.46.0-255,66,94168,58,221872
31233,0.001726,74.125.200.0-255,1484,95652,58,221872
31234,0.001746,74.125.200.0-255,2902,98554,58,221872
31235,0.00175,172.31.46.0-255,66,98620,58,221872
31236,0.001753,74.125.200.0-255,1484,100104,58,221872
31237,0.001757,74.125.200.0-255,2902,103006,58,221872
31238,0.001761,172.31.46.0-255,66,103072,58,221872
31239,0.00179,74.125.200.0-255,5738,108810,58,221872
31240,0.001792,74.125.200.0-255,1484,110294,58,221872
31241,0.00181,74.125.200.0-255,2902,113196,58,221872
31242,0.001828,74.125.200.0-255,5738,118934,58,221872
31243,0.001832,172.31.46.0-255,66,119000,58,221872
31244,0.001844,172.31.46.0-255,66,119066,58,221872
31245,0.001854,74.125.200.0-255,4320,123386,58,221872
31246,0.001874,172.31.46.0-255,66,123452,58,221872
31247,0.001884,74.125.200.0-255,5020,128472,58,221872
31248,0.001889,172.31.46.0-255,66,128538,58,221872
31249,0.002022,74.125.200.0-255,1484,130022,58,221872
31250,0.002041,74.125.200.0-255,2902,132924,58,221872
31251,0.002053,74.125.200.0-255,1484,134408,58,221872
31252,0.002062,172.31.46.0-255,66,134474,58,221872
31253,0.002073,74.125.200.0-255,2902,137376,58,221872
31254,0.002104,74.125.200.0-255,5738,143114,58,221872
31255,0.002107,172.31.46.0-255,66,143180,58,221872
31256,0.002111,172.31.46.0-255,66,143246,58,221872
31257,0.002139,74.125.200.0-255,7156,150402,58,221872
31258,0.002157,74.125.200.0-255,5738,156140,58,221872
31259,0.00216,172.31.46.0-255,66,156206,58,221872
31260,0.002165,172.31.46.0-255,66,156272,58,221872
31261,0.002177,74.125.200.0-255,1484,157756,58,221872
31262,0.002197,74.125.200.0-255,5020,162776,58,221872
31263,0.002205,172.31.46.0-255,66,162842,58,221872
31264,0.002336,74.125.200.0-255,1484,164326,58,221872
31265,0.004517,74.125.200.0-255,4320,168646,58,221872
31266,0.004524,172.31.46.0-255,66,168712,58,221872
31267,0.00685,74.125.200.0-255,5738,174450,58,221872
31268,0.00712,172.31.46.0-255,66,174516,58,221872
31269,0.009504,74.125.200.0-255,2902,177418,58,221872
31270,0.009512,172.31.46.0-255,66,177484,58,221872
31271,0.009534,74.125.200.0-255,2902,180386,58,221872
31272,0.009562,172.31.46.0-255,66,180452,58,221872
31273,0.011825,74.125.200.0-255,2902,183354,58,221872
31274,0.011835,172.31.46.0-255,66,183420,58,221872
31275,0.011868,74.125.200.0-255,2902,186322,58,221872
31276,0.013949,172.31.46.0-255,66,186388,58,221872
31277,0.014152,74.125.200.0-255,2902,189290,58,221872
31278,0.01416,172.31.46.0-255,66,189356,58,221872
31279,0.01626,74.125.200.0-255,2902,192258,58,221872
31280,0.016267,172.31.46.0-255,66,192324,58,221872
31281,0.016459,74.125.200.0-255,2902,195226,58,221872
31282,0.016466,172.31.46.0-255,66,195292,58,221872
31283,0.018644,74.125.200.0-255,2902,198194,58,221872
31284,0.018655,172.31.46.0-255,66,198260,58,221872
31285,0.018785,74.125.200.0-255,2902,201162,58,221872
31286,0.01879,172.31.46.0-255,66,201228,58,221872
31287,0.020956,74.125.200.0-255,2902,204130,58,221872
31288,0.020963,172.31.46.0-255,66,204196,58,221872
31289,0.02109,74.125.200.0-255,2902,207098,58,221872
31290,0.021494,172.31.46.0-255,66,207164,58,221872
31291,0.023266,74.125.200.0-255,2902,210066,58,221872
31292,0.023273,172.31.46.0-255,66,210132,58,221872
31293,0.023805,74.125.200.0-255,2902,213034,58,221872
31294,0.023812,172.31.46.0-255,66,213100,58,221872
31295,0.025574,74.125.200.0-255,2902,216002,58,221872
31296,0.025581,172.31.46.0-255,66,216068,58,221872
31297,0.02612,74.125.200.0-255,2902,218970,58,221872
31298,0.027894,74.125.200.0-255,2902,221872,58,221872
31299,0.0,172.217.194.0-255,153,153,58,200734
31300,2e-05,172.31.46.0-255,66,219,58,200734
31301,2.7e-05,172.217.194.0-255,1484,1703,58,200734
31302,3.2e-05,172.31.46.0-255,66,1769,58,200734
31303,3.8e-05,172.217.194.0-255,2902,4671,58,200734
31304,4.1e-05,172.31.46.0-255,66,4737,58,200734
31305,4.9e-05,172.217.194.0-255,7156,11893,58,200734
31306,5.3e-05,172.31.46.0-255,66,11959,58,200734
31307,5.6e-05,172.217.194.0-255,2042,14001,58,200734
31308,6e-05,172.31.46.0-255,66,14067,58,200734
31309,0.0002,172.217.194.0-255,1484,15551,58,200734
31310,0.000204,172.31.46.0-255,66,15617,58,200734
31311,0.00021,172.217.194.0-255,2902,18519,58,200734
31312,0.000213,172.31.46.0-255,66,18585,58,200734
31313,0.000236,172.217.194.0-255,5738,24323,58,200734
31314,0.000238,172.31.46.0-255,66,24389,58,200734
31315,0.000243,172.217.194.0-255,2902,27291,58,200734
31316,0.000245,172.31.46.0-255,66,27357,58,200734
31317,0.000301,172.31.46.0-255,66,27423,58,200734
31318,0.000308,172.217.194.0-255,5738,33161,58,200734
31319,0.00031,172.31.46.0-255,66,33227,58,200734
31320,0.000349,172.217.194.0-255,4320,37547,58,200734
31321,0.000352,172.31.46.0-255,66,37613,58,200734
31322,0.000384,172.31.46.0-255,66,37679,58,200734
31323,0.000396,172.217.194.0-255,2902,40581,58,200734
31324,0.000399,172.31.46.0-255,66,40647,58,200734
31325,0.00042,172.217.194.0-255,2184,42831,58,200734
31326,0.000423,172.31.46.0-255,66,42897,58,200734
31327,0.000437,172.217.194.0-255,360,43257,58,200734
31328,0.000441,172.31.46.0-255,66,43323,58,200734
31329,0.000443,172.217.194.0-255,383,43706,58,200734
31330,0.000855,172.217.194.0-255,1484,45190,58,200734
31331,0.00086,172.217.194.0-255,2902,48092,58,200734
31332,0.000876,172.217.194.0-255,5738,53830,58,200734
31333,0.00088,172.31.46.0-255,66,53896,58,200734
31334,0.000904,172.31.46.0-255,66,53962,58,200734
31335,0.000949,172.31.46.0-255,66,54028,58,200734
31336,0.000976,172.217.194.0-255,2902,56930,58,200734
31337,0.00101,172.31.46.0-255,66,56996,58,200734
31338,0.001053,172.217.194.0-255,1484,58480,58,200734
31339,0.00106,172.217.194.0-255,2902,61382,58,200734
31340,0.001065,172.217.194.0-255,2902,64284,58,200734
31341,0.001081,172.217.194.0-255,2902,67186,58,200734
31342,0.001085,172.31.46.0-255,66,67252,58,200734
31343,0.001095,172.217.194.0-255,4320,71572,58,200734
31344,0.001101,172.31.46.0-255,66,71638,58,200734
31345,0.001122,172.217.194.0-255,2902,74540,58,200734
31346,0.001143,172.217.194.0-255,4320,78860,58,200734
31347,0.001146,172.31.46.0-255,66,78926,58,200734
31348,0.001151,172.31.46.0-255,66,78992,58,200734
31349,0.001188,172.217.194.0-255,3602,82594,58,200734
31350,0.001215,172.31.46.0-255,66,82660,58,200734
31351,0.001913,172.217.194.0-255,1484,84144,58,200734
31352,0.001928,172.217.194.0-255,2902,87046,58,200734
31353,0.001933,172.31.46.0-255,66,87112,58,200734
31354,0.001938,172.217.194.0-255,1484,88596,58,200734
31355,0.001953,172.217.194.0-255,4320,92916,58,200734
31356,0.001977,172.217.194.0-255,2902,95818,58,200734
31357,0.002,172.217.194.0-255,7156,102974,58,200734
31358,0.002009,172.217.194.0-255,7156,110130,58,200734
31359,0.002024,172.31.46.0-255,66,110196,58,200734
31360,0.002029,172.217.194.0-255,4320,114516,58,200734
31361,0.002032,172.217.194.0-255,2184,116700,58,200734
31362,0.002043,172.31.46.0-255,66,116766,58,200734
31363,0.00207,172.217.194.0-255,1484,118250,58,200734
31364,0.002075,172.217.194.0-255,2902,121152,58,200734
31365,0.00209,172.217.194.0-255,5738,126890,58,200734
31366,0.002093,172.31.46.0-255,66,126956,58,200734
31367,0.002097,172.31.46.0-255,66,127022,58,200734
31368,0.002111,172.217.194.0-255,1484,128506,58,200734
31369,0.002161,172.31.46.0-255,66,128572,58,200734
31370,0.002175,172.217.194.0-255,2184,130756,58,200734
31371,0.002189,172.31.46.0-255,66,130822,58,200734
31372,0.002269,172.217.194.0-255,1484,132306,58,200734
31373,0.002286,172.217.194.0-255,2902,135208,58,200734
31374,0.002289,172.217.194.0-255,1484,136692,58,200734
31375,0.002293,172.31.46.0-255,66,136758,58,200734
31376,0.002316,172.217.194.0-255,4320,141078,58,200734
31377,0.002319,172.217.194.0-255,1484,142562,58,200734
31378,0.002327,172.31.46.0-255,66,142628,58,200734
31379,0.00237,172.31.46.0-255,66,142694,58,200734
31380,0.004712,172.217.194.0-255,5738,148432,58,200734
31381,0.006581,172.31.46.0-255,66,148498,58,200734
31382,0.008854,172.217.194.0-255,5738,154236,58,200734
31383,0.008868,172.31.46.0-255,66,154302,58,200734
31384,0.011149,172.217.194.0-255,5738,160040,58,200734
31385,0.011167,172.31.46.0-255,66,160106,58,200734
31386,0.013454,172.217.194.0-255,5738,165844,58,200734
31387,0.014729,172.31.46.0-255,66,165910,58,200734
31388,0.01701,172.217.194.0-255,5738,171648,58,200734
31389,0.017028,172.31.46.0-255,66,171714,58,200734
31390,0.019298,172.217.194.0-255,5738,177452,58,200734
31391,0.019308,172.31.46.0-255,66,177518,58,200734
31392,0.021614,172.217.194.0-255,5738,183256,58,200734
31393,0.021621,172.31.46.0-255,66,183322,58,200734
31394,0.023948,172.217.194.0-255,5738,189060,58,200734
31395,0.023956,172.31.46.0-255,66,189126,58,200734
31396,0.026207,172.217.194.0-255,5738,194864,58,200734
31397,0.026215,172.31.46.0-255,66,194930,58,200734
31398,0.028492,172.217.194.0-255,5738,200668,58,200734
31399,0.028502,172.31.46.0-255,66,200734,58,200734
31400,0.0,74.125.130.0-255,153,153,58,124206
31401,2.4e-05,172.31.46.0-255,66,219,58,124206
31402,3.1e-05,74.125.130.0-255,1484,1703,58,124206
31403,3.5e-05,172.31.46.0-255,66,1769,58,124206
31404,4.1e-05,74.125.130.0-255,2902,4671,58,124206
31405,4.4e-05,172.31.46.0-255,66,4737,58,124206
31406,4.8e-05,74.125.130.0-255,1484,6221,58,124206
31407,5e-05,172.31.46.0-255,66,6287,58,124206
31408,5.6e-05,74.125.130.0-255,2902,9189,58,124206
31409,5.8e-05,172.31.46.0-255,66,9255,58,124206
31410,8.9e-05,74.125.130.0-255,6246,15501,58,124206
31411,9.3e-05,172.31.46.0-255,66,15567,58,124206
31412,9.7e-05,74.125.130.0-255,2902,18469,58,124206
31413,9.9e-05,172.31.46.0-255,66,18535,58,124206
31414,0.000105,74.125.130.0-255,4320,22855,58,124206
31415,0.000107,172.31.46.0-255,66,22921,58,124206
31416,0.000145,74.125.130.0-255,5738,28659,58,124206
31417,0.000147,172.31.46.0-255,66,28725,58,124206
31418,0.000166,74.125.130.0-255,2543,31268,58,124206
31419,0.000168,172.31.46.0-255,66,31334,58,124206
31420,0.00026,74.125.130.0-255,1484,32818,58,124206
31421,0.000264,172.31.46.0-255,66,32884,58,124206
31422,0.000269,74.125.130.0-255,2902,35786,58,124206
31423,0.000272,172.31.46.0-255,66,35852,58,124206
31424,0.000297,74.125.130.0-255,2902,38754,58,124206
31425,0.0003,172.31.46.0-255,66,38820,58,124206
31426,0.000305,74.125.130.0-255,4320,43140,58,124206
31427,0.000308,172.31.46.0-255,66,43206,58,124206
31428,0.000352,74.125.130.0-255,1484,44690,58,124206
31429,0.000355,172.31.46.0-255,66,44756,58,124206
31430,0.000372,74.125.130.0-255,3961,48717,58,124206
31431,0.000375,172.31.46.0-255,66,48783,58,124206
31432,0.002008,74.125.130.0-255,1484,50267,58,124206
31433,0.002026,74.125.130.0-255,2902,53169,58,124206
31434,0.002034,172.31.46.0-255,66,53235,58,124206
31435,0.002043,74.125.130.0-255,2902,56137,58,124206
31436,0.002045,172.31.46.0-255,66,56203,58,124206
31437,0.00205,74.125.130.0-255,4320,60523,58,124206
31438,0.002052,172.31.46.0-255,66,60589,58,124206
31439,0.002073,74.125.130.0-255,5379,65968,58,124206
31440,0.002075,172.31.46.0-255,66,66034,58,124206
31441,0.004642,74.125.130.0-255,2902,68936,58,124206
31442,0.004651,172.31.46.0-255,66,69002,58,124206
31443,0.004672,74.125.130.0-255,2902,71904,58,124206
31444,0.004675,172.31.46.0-255,66,71970,58,124206
31445,0.007225,74.125.130.0-255,5738,77708,58,124206
31446,0.007243,172.31.46.0-255,66,77774,58,124206
31447,0.00982,74.125.130.0-255,5738,83512,58,124206
31448,0.009839,172.31.46.0-255,66,83578,58,124206
31449,0.012424,74.125.130.0-255,5738,89316,58,124206
31450,0.01244,172.31.46.0-255,66,89382,58,124206
31451,0.015006,74.125.130.0-255,5738,95120,58,124206
31452,0.015023,172.31.46.0-255,66,95186,58,124206
31453,0.017594,74.125.130.0-255,5738,100924,58,124206
31454,0.017609,172.31.46.0-255,66,100990,58,124206
31455,0.020179,74.125.130.0-255,5738,106728,58,124206
31456,0.020196,172.31.46.0-255,66,106794,58,124206
31457,0.022764,74.125.130.0-255,5738,112532,58,124206
31458,0.022779,172.31.46.0-255,66,112598,58,124206
31459,0.025336,74.125.130.0-255,5738,118336,58,124206
31460,0.02535,172.31.46.0-255,66,118402,58,124206
31461,0.027929,74.125.130.0-255,5738,124140,58,124206
31462,0.027945,172.31.46.0-255,66,124206,58,124206
31463,0.0,74.125.130.0-255,299,299,58,269441
31464,2.4e-05,172.31.46.0-255,66,365,58,269441
31465,3.1e-05,74.125.130.0-255,1484,1849,58,269441
31466,3.6e-05,172.31.46.0-255,66,1915,58,269441
31467,4.2e-05,74.125.130.0-255,2902,4817,58,269441
31468,4.7e-05,172.31.46.0-255,66,4883,58,269441
31469,5.4e-05,74.125.130.0-255,5738,10621,58,269441
31470,5.7e-05,172.31.46.0-255,66,10687,58,269441
31471,7.7e-05,74.125.130.0-255,1484,12171,58,269441
31472,7.9e-05,172.31.46.0-255,66,12237,58,269441
31473,0.000108,74.125.130.0-255,1840,14077,58,269441
31474,0.00011,172.31.46.0-255,66,14143,58,269441
31475,0.000116,74.125.130.0-255,4320,18463,58,269441
31476,0.00012,172.31.46.0-255,66,18529,58,269441
31477,0.000126,74.125.130.0-255,4320,22849,58,269441
31478,0.000128,172.31.46.0-255,66,22915,58,269441
31479,0.000155,74.125.130.0-255,4320,27235,58,269441
31480,0.000157,172.31.46.0-255,66,27301,58,269441
31481,0.000192,74.125.130.0-255,3961,31262,58,269441
31482,0.000194,172.31.46.0-255,66,31328,58,269441
31483,0.000323,74.125.130.0-255,1484,32812,58,269441
31484,0.000328,172.31.46.0-255,66,32878,58,269441
31485,0.000343,74.125.130.0-255,2902,35780,58,269441
31486,0.000346,172.31.46.0-255,66,35846,58,269441
31487,0.000349,74.125.130.0-255,1484,37330,58,269441
31488,0.000351,172.31.46.0-255,66,37396,58,269441
31489,0.00037,74.125.130.0-255,4320,41716,58,269441
31490,0.000373,172.31.46.0-255,66,41782,58,269441
31491,0.000377,74.125.130.0-255,2902,44684,58,269441
31492,0.000379,172.31.46.0-255,66,44750,58,269441
31493,0.000399,74.125.130.0-255,3961,48711,58,269441
31494,0.000402,172.31.46.0-255,66,48777,58,269441
31495,0.000426,74.125.130.0-255,1484,50261,58,269441
31496,0.000444,74.125.130.0-255,5738,55999,58,269441
31497,0.000447,172.31.46.0-255,66,56065,58,269441
31498,0.000488,74.125.130.0-255,2902,58967,58,269441
31499,0.000491,172.31.46.0-255,66,59033,58,269441
31500,0.000514,74.125.130.0-255,5738,64771,58,269441
31501,0.000517,172.31.46.0-255,66,64837,58,269441
31502,0.000534,74.125.130.0-255,1125,65962,58,269441
31503,0.000548,74.125.130.0-255,645,66607,58,269441
31504,0.00055,172.31.46.0-255,66,66673,58,269441
31505,0.000619,74.125.130.0-255,1484,68157,58,269441
31506,0.000636,74.125.130.0-255,2902,71059,58,269441
31507,0.000639,172.31.46.0-255,66,71125,58,269441
31508,0.000658,74.125.130.0-255,5738,76863,58,269441
31509,0.000661,172.31.46.0-255,66,76929,58,269441
31510,0.000703,74.125.130.0-255,1484,78413,58,269441
31511,0.000719,74.125.130.0-255,5738,84151,58,269441
31512,0.000722,172.31.46.0-255,66,84217,58,269441
31513,0.000752,74.125.130.0-255,5738,89955,58,269441
31514,0.000755,172.31.46.0-255,66,90021,58,269441
31515,0.000773,74.125.130.0-255,2902,92923,58,269441
31516,0.000776,172.31.46.0-255,66,92989,58,269441
31517,0.000801,172.31.46.0-255,66,93055,58,269441
31518,0.001221,74.125.130.0-255,1484,94539,58,269441
31519,0.001227,74.125.130.0-255,2902,97441,58,269441
31520,0.001231,172.31.46.0-255,66,97507,58,269441
31521,0.00126,74.125.130.0-255,5738,103245,58,269441
31522,0.00127,172.31.46.0-255,66,103311,58,269441
31523,0.001293,74.125.130.0-255,7156,110467,58,269441
31524,0.001295,172.31.46.0-255,66,110533,58,269441
31525,0.001321,74.125.130.0-255,4320,114853,58,269441
31526,0.001324,172.31.46.0-255,66,114919,58,269441
31527,0.00134,74.125.130.0-255,4320,119239,58,269441
31528,0.001343,172.31.46.0-255,66,119305,58,269441
31529,0.001388,74.125.130.0-255,5738,125043,58,269441
31530,0.001392,172.31.46.0-255,66,125109,58,269441
31531,0.001428,74.125.130.0-255,2184,127293,58,269441
31532,0.001431,172.31.46.0-255,66,127359,58,269441
31533,0.001469,74.125.130.0-255,2902,130261,58,269441
31534,0.001472,172.31.46.0-255,66,130327,58,269441
31535,0.001476,74.125.130.0-255,1484,131811,58,269441
31536,0.001494,74.125.130.0-255,1484,133295,58,269441
31537,0.001497,172.31.46.0-255,66,133361,58,269441
31538,0.001503,74.125.130.0-255,4320,137681,58,269441
31539,0.001506,172.31.46.0-255,66,137747,58,269441
31540,0.001543,74.125.130.0-255,4320,142067,58,269441
31541,0.001546,172.31.46.0-255,66,142133,58,269441
31542,0.001567,74.125.130.0-255,4320,146453,58,269441
31543,0.001569,172.31.46.0-255,66,146519,58,269441
31544,0.001572,74.125.130.0-255,1484,148003,58,269441
31545,0.001585,74.125.130.0-255,1484,149487,58,269441
31546,0.001622,172.31.46.0-255,66,149553,58,269441
31547,0.001642,172.31.46.0-255,66,149619,58,269441
31548,0.001682,74.125.130.0-255,1484,151103,58,269441
31549,0.001696,74.125.130.0-255,2902,154005,58,269441
31550,0.0017,172.31.46.0-255,66,154071,58,269441
31551,0.001725,74.125.130.0-255,5738,159809,58,269441
31552,0.001728,172.31.46.0-255,66,159875,58,269441
31553,0.001751,74.125.130.0-255,1484,161359,58,269441
31554,0.001798,172.31.46.0-255,66,161425,58,269441
31555,0.001853,74.125.130.0-255,5738,167163,58,269441
31556,0.001878,172.31.46.0-255,66,167229,58,269441
31557,0.0019,74.125.130.0-255,5020,172249,58,269441
31558,0.001913,172.31.46.0-255,66,172315,58,269441
31559,0.001933,74.125.130.0-255,2902,175217,58,269441
31560,0.001937,74.125.130.0-255,1484,176701,58,269441
31561,0.001946,172.31.46.0-255,66,176767,58,269441
31562,0.001949,74.125.130.0-255,1484,178251,58,269441
31563,0.001963,74.125.130.0-255,4320,182571,58,269441
31564,0.001978,74.125.130.0-255,2902,185473,58,269441
31565,0.00199,172.31.46.0-255,66,185539,58,269441
31566,0.002071,74.125.130.0-255,4320,189859,58,269441
31567,0.002075,172.31.46.0-255,66,189925,58,269441
31568,0.002135,172.31.46.0-255,66,189991,58,269441
31569,0.002142,74.125.130.0-255,7156,197147,58,269441
31570,0.002151,172.31.46.0-255,66,197213,58,269441
31571,0.002177,74.125.130.0-255,766,197979,58,269441
31572,0.003152,172.31.46.0-255,66,198045,58,269441
31573,0.004172,74.125.130.0-255,4320,202365,58,269441
31574,0.004179,172.31.46.0-255,66,202431,58,269441
31575,0.00516,74.125.130.0-255,1484,203915,58,269441
31576,0.006173,74.125.130.0-255,2902,206817,58,269441
31577,0.006179,172.31.46.0-255,66,206883,58,269441
31578,0.006199,74.125.130.0-255,1484,208367,58,269441
31579,0.008191,74.125.130.0-255,4320,212687,58,269441
31580,0.008197,172.31.46.0-255,66,212753,58,269441
31581,0.010226,74.125.130.0-255,5738,218491,58,269441
31582,0.010233,172.31.46.0-255,66,218557,58,269441
31583,0.012248,74.125.130.0-255,5738,224295,58,269441
31584,0.012254,172.31.46.0-255,66,224361,58,269441
31585,0.014271,74.125.130.0-255,5738,230099,58,269441
31586,0.014278,172.31.46.0-255,66,230165,58,269441
31587,0.016304,74.125.130.0-255,5738,235903,58,269441
31588,0.016312,172.31.46.0-255,66,235969,58,269441
31589,0.018342,74.125.130.0-255,5738,241707,58,269441
31590,0.018349,172.31.46.0-255,66,241773,58,269441
31591,0.020366,74.125.130.0-255,5738,247511,58,269441
31592,0.020374,172.31.46.0-255,66,247577,58,269441
31593,0.022425,74.125.130.0-255,4320,251897,58,269441
31594,0.022432,172.31.46.0-255,66,251963,58,269441
31595,0.022452,74.125.130.0-255,1484,253447,58,269441
31596,0.024447,74.125.130.0-255,4320,257767,58,269441
31597,0.024456,172.31.46.0-255,66,257833,58,269441
31598,0.026485,74.125.130.0-255,5738,263571,58,269441
31599,0.026493,172.31.46.0-255,66,263637,58,269441
31600,0.028507,74.125.130.0-255,5738,269375,58,269441
31601,0.028514,172.31.46.0-255,66,269441,58,269441
31602,0.0,172.31.46.0-255,105,105,58,525
31603,0.000157,172.31.46.0-255,90,195,58,525
31604,0.000168,172.31.46.0-255,66,261,58,525
31605,0.002422,172.217.194.0-255,66,327,58,525
31606,0.00245,172.217.194.0-255,66,393,58,525
31607,0.002464,172.31.46.0-255,66,459,58,525
31608,0.002468,172.217.194.0-255,66,525,58,525
31609,0.0,172.217.194.0-255,153,153,58,260514
31610,1.6e-05,172.31.46.0-255,66,219,58,260514
31611,2.2e-05,172.217.194.0-255,1484,1703,58,260514
31612,2.8e-05,172.31.46.0-255,66,1769,58,260514
31613,3.4e-05,172.217.194.0-255,2902,4671,58,260514
31614,3.8e-05,172.31.46.0-255,66,4737,58,260514
31615,5.8e-05,172.217.194.0-255,2902,7639,58,260514
31616,6.1e-05,172.31.46.0-255,66,7705,58,260514
31617,8.1e-05,172.217.194.0-255,2902,10607,58,260514
31618,8.4e-05,172.31.46.0-255,66,10673,58,260514
31619,8.9e-05,172.217.194.0-255,3498,14171,58,260514
31620,9.2e-05,172.31.46.0-255,66,14237,58,260514
31621,0.000147,172.217.194.0-255,1484,15721,58,260514
31622,0.00015,172.31.46.0-255,66,15787,58,260514
31623,0.000154,172.217.194.0-255,1484,17271,58,260514
31624,0.000156,172.31.46.0-255,66,17337,58,260514
31625,0.00017,172.217.194.0-255,1484,18821,58,260514
31626,0.000173,172.31.46.0-255,66,18887,58,260514
31627,0.00018,172.217.194.0-255,5738,24625,58,260514
31628,0.000182,172.31.46.0-255,66,24691,58,260514
31629,0.000213,172.217.194.0-255,6797,31488,58,260514
31630,0.000216,172.31.46.0-255,66,31554,58,260514
31631,0.000223,172.217.194.0-255,5738,37292,58,260514
31632,0.000225,172.31.46.0-255,66,37358,58,260514
31633,0.000248,172.217.194.0-255,1484,38842,58,260514
31634,0.00025,172.31.46.0-255,66,38908,58,260514
31635,0.000255,172.217.194.0-255,2902,41810,58,260514
31636,0.000257,172.31.46.0-255,66,41876,58,260514
31637,0.000276,172.217.194.0-255,6797,48673,58,260514
31638,0.000279,172.31.46.0-255,66,48739,58,260514
31639,0.001029,172.217.194.0-255,1484,50223,58,260514
31640,0.001036,172.31.46.0-255,66,50289,58,260514
31641,0.001045,172.217.194.0-255,2902,53191,58,260514
31642,0.001048,172.31.46.0-255,66,53257,58,260514
31643,0.001055,172.217.194.0-255,5738,58995,58,260514
31644,0.001057,172.31.46.0-255,66,59061,58,260514
31645,0.001063,172.217.194.0-255,4320,63381,58,260514
31646,0.001065,172.31.46.0-255,66,63447,58,260514
31647,0.001107,172.217.194.0-255,2857,66304,58,260514
31648,0.00111,172.31.46.0-255,66,66370,58,260514
31649,0.001133,172.217.194.0-255,363,66733,58,260514
31650,0.001774,172.217.194.0-255,1484,68217,58,260514
31651,0.00178,172.31.46.0-255,66,68283,58,260514
31652,0.001787,172.217.194.0-255,2902,71185,58,260514
31653,0.001789,172.31.46.0-255,66,71251,58,260514
31654,0.001812,172.217.194.0-255,5738,76989,58,260514
31655,0.001814,172.31.46.0-255,66,77055,58,260514
31656,0.001839,172.31.46.0-255,66,77121,58,260514
31657,0.001888,172.217.194.0-255,2902,80023,58,260514
31658,0.00189,172.31.46.0-255,66,80089,58,260514
31659,0.001919,172.31.46.0-255,66,80155,58,260514
31660,0.002088,172.217.194.0-255,1484,81639,58,260514
31661,0.002104,172.217.194.0-255,2902,84541,58,260514
31662,0.002106,172.31.46.0-255,66,84607,58,260514
31663,0.002128,172.217.194.0-255,4320,88927,58,260514
31664,0.00213,172.31.46.0-255,66,88993,58,260514
31665,0.002141,172.217.194.0-255,1484,90477,58,260514
31666,0.002147,172.217.194.0-255,7156,97633,58,260514
31667,0.00215,172.31.46.0-255,66,97699,58,260514
31668,0.002172,172.217.194.0-255,5738,103437,58,260514
31669,0.002175,172.31.46.0-255,66,103503,58,260514
31670,0.0022,172.217.194.0-255,2902,106405,58,260514
31671,0.002202,172.31.46.0-255,66,106471,58,260514
31672,0.002223,172.31.46.0-255,66,106537,58,260514
31673,0.002225,172.217.194.0-255,1484,108021,58,260514
31674,0.002229,172.217.194.0-255,2902,110923,58,260514
31675,0.002231,172.31.46.0-255,66,110989,58,260514
31676,0.00226,172.217.194.0-255,5738,116727,58,260514
31677,0.002262,172.31.46.0-255,66,116793,58,260514
31678,0.002265,172.217.194.0-255,1484,118277,58,260514
31679,0.002286,172.217.194.0-255,7156,125433,58,260514
31680,0.002288,172.31.46.0-255,66,125499,58,260514
31681,0.002312,172.217.194.0-255,4320,129819,58,260514
31682,0.002315,172.31.46.0-255,66,129885,58,260514
31683,0.002317,172.217.194.0-255,1484,131369,58,260514
31684,0.002348,172.31.46.0-255,66,131435,58,260514
31685,0.002837,172.217.194.0-255,1484,132919,58,260514
31686,0.00284,172.217.194.0-255,1484,134403,58,260514
31687,0.002842,172.31.46.0-255,66,134469,58,260514
31688,0.00286,172.217.194.0-255,1484,135953,58,260514
31689,0.002872,172.217.194.0-255,4320,140273,58,260514
31690,0.002875,172.31.46.0-255,66,140339,58,260514
31691,0.002887,172.217.194.0-255,1484,141823,58,260514
31692,0.002894,172.217.194.0-255,7156,148979,58,260514
31693,0.002896,172.31.46.0-255,66,149045,58,260514
31694,0.002913,172.217.194.0-255,2902,151947,58,260514
31695,0.002915,172.31.46.0-255,66,152013,58,260514
31696,0.002932,172.217.194.0-255,1484,153497,58,260514
31697,0.002952,172.31.46.0-255,66,153563,58,260514
31698,0.002973,172.217.194.0-255,3602,157165,58,260514
31699,0.002975,172.31.46.0-255,66,157231,58,260514
31700,0.002986,172.31.46.0-255,66,157297,58,260514
31701,0.002997,172.217.194.0-255,4320,161617,58,260514
31702,0.002999,172.31.46.0-255,66,161683,58,260514
31703,0.00301,172.31.46.0-255,66,161749,58,260514
31704,0.003035,172.217.194.0-255,4320,166069,58,260514
31705,0.003037,172.31.46.0-255,66,166135,58,260514
31706,0.003059,172.217.194.0-255,5020,171155,58,260514
31707,0.003061,172.31.46.0-255,66,171221,58,260514
31708,0.003072,172.31.46.0-255,66,171287,58,260514
31709,0.003087,172.217.194.0-255,2902,174189,58,260514
31710,0.003089,172.31.46.0-255,66,174255,58,260514
31711,0.003123,172.31.46.0-255,66,174321,58,260514
31712,0.003142,172.217.194.0-255,3602,177923,58,260514
31713,0.003144,172.31.46.0-255,66,177989,58,260514
31714,0.003183,172.217.194.0-255,1484,179473,58,260514
31715,0.003201,172.217.194.0-255,2902,182375,58,260514
31716,0.003204,172.31.46.0-255,66,182441,58,260514
31717,0.003206,172.217.194.0-255,1484,183925,58,260514
31718,0.003225,172.217.194.0-255,4320,188245,58,260514
31719,0.003227,172.31.46.0-255,66,188311,58,260514
31720,0.003256,172.217.194.0-255,5738,194049,58,260514
31721,0.003274,172.217.194.0-255,4320,198369,58,260514
31722,0.003309,172.217.194.0-255,2902,201271,58,260514
31723,0.003337,172.217.194.0-255,1484,202755,58,260514
31724,0.003352,172.217.194.0-255,1484,204239,58,260514
31725,0.003366,172.217.194.0-255,1484,205723,58,260514
31726,0.00337,172.217.194.0-255,2902,208625,58,260514
31727,0.003442,172.217.194.0-255,5020,213645,58,260514
31728,0.003478,172.217.194.0-255,1484,215129,58,260514
31729,0.0035,172.217.194.0-255,4320,219449,58,260514
31730,0.003505,172.217.194.0-255,2902,222351,58,260514
31731,0.003541,172.217.194.0-255,1484,223835,58,260514
31732,0.003553,172.217.194.0-255,4320,228155,58,260514
31733,0.003566,172.217.194.0-255,4320,232475,58,260514
31734,0.003586,172.217.194.0-255,5738,238213,58,260514
31735,0.003599,172.217.194.0-255,6438,244651,58,260514
31736,0.003603,172.217.194.0-255,2902,247553,58,260514
31737,0.003632,172.217.194.0-255,7156,254709,58,260514
31738,0.003652,172.217.194.0-255,2902,257611,58,260514
31739,0.003656,172.217.194.0-255,2394,260005,58,260514
31740,0.003659,172.217.194.0-255,105,260110,58,260514
31741,0.0038,172.31.46.0-255,66,260176,58,260514
31742,0.009131,172.31.46.0-255,101,260277,58,260514
31743,0.010375,172.31.46.0-255,105,260382,58,260514
31744,0.011462,172.217.194.0-255,66,260448,58,260514
31745,0.012705,172.217.194.0-255,66,260514,58,260514
31746,0.0,172.217.194.0-255,152,152,58,235599
31747,1.9e-05,172.31.46.0-255,66,218,58,235599
31748,2.6e-05,172.217.194.0-255,1484,1702,58,235599
31749,3.1e-05,172.31.46.0-255,66,1768,58,235599
31750,3.7e-05,172.217.194.0-255,2902,4670,58,235599
31751,4.1e-05,172.31.46.0-255,66,4736,58,235599
31752,4.9e-05,172.217.194.0-255,7156,11892,58,235599
31753,5.2e-05,172.31.46.0-255,66,11958,58,235599
31754,5.6e-05,172.217.194.0-255,2111,14069,58,235599
31755,5.9e-05,172.31.46.0-255,66,14135,58,235599
31756,0.000118,172.217.194.0-255,1484,15619,58,235599
31757,0.00012,172.31.46.0-255,66,15685,58,235599
31758,0.000124,172.217.194.0-255,1484,17169,58,235599
31759,0.000126,172.31.46.0-255,66,17235,58,235599
31760,0.00014,172.217.194.0-255,1484,18719,58,235599
31761,0.000142,172.31.46.0-255,66,18785,58,235599
31762,0.00015,172.217.194.0-255,5738,24523,58,235599
31763,0.000153,172.31.46.0-255,66,24589,58,235599
31764,0.000159,172.217.194.0-255,5738,30327,58,235599
31765,0.000162,172.31.46.0-255,66,30393,58,235599
31766,0.000181,172.217.194.0-255,1125,31518,58,235599
31767,0.000183,172.31.46.0-255,66,31584,58,235599
31768,0.000284,172.217.194.0-255,1484,33068,58,235599
31769,0.000288,172.31.46.0-255,66,33134,58,235599
31770,0.000294,172.217.194.0-255,2902,36036,58,235599
31771,0.000297,172.31.46.0-255,66,36102,58,235599
31772,0.000302,172.217.194.0-255,4320,40422,58,235599
31773,0.000305,172.31.46.0-255,66,40488,58,235599
31774,0.000322,172.217.194.0-255,1484,41972,58,235599
31775,0.000324,172.31.46.0-255,66,42038,58,235599
31776,0.000357,172.31.46.0-255,66,42104,58,235599
31777,0.000383,172.217.194.0-255,5379,47483,58,235599
31778,0.000386,172.31.46.0-255,66,47549,58,235599
31779,0.000397,172.31.46.0-255,66,47615,58,235599
31780,0.0004,172.217.194.0-255,338,47953,58,235599
31781,0.000433,172.217.194.0-255,123,48076,58,235599
31782,0.000471,172.217.194.0-255,379,48455,58,235599
31783,0.000759,172.217.194.0-255,1484,49939,58,235599
31784,0.000765,172.31.46.0-255,66,50005,58,235599
31785,0.000772,172.217.194.0-255,2902,52907,58,235599
31786,0.000775,172.31.46.0-255,66,52973,58,235599
31787,0.000782,172.217.194.0-255,5738,58711,58,235599
31788,0.000784,172.31.46.0-255,66,58777,58,235599
31789,0.000805,172.217.194.0-255,4320,63097,58,235599
31790,0.000808,172.31.46.0-255,66,63163,58,235599
31791,0.000842,172.31.46.0-255,66,63229,58,235599
31792,0.000855,172.31.46.0-255,66,63295,58,235599
31793,0.000857,172.217.194.0-255,766,64061,58,235599
31794,0.000929,172.217.194.0-255,1484,65545,58,235599
31795,0.000934,172.31.46.0-255,66,65611,58,235599
31796,0.000939,172.217.194.0-255,2902,68513,58,235599
31797,0.000941,172.31.46.0-255,66,68579,58,235599
31798,0.000945,172.217.194.0-255,1484,70063,58,235599
31799,0.000971,172.217.194.0-255,4320,74383,58,235599
31800,0.000975,172.31.46.0-255,66,74449,58,235599
31801,0.000988,172.31.46.0-255,66,74515,58,235599
31802,0.001036,172.217.194.0-255,5738,80253,58,235599
31803,0.00104,172.31.46.0-255,66,80319,58,235599
31804,0.001061,172.31.46.0-255,66,80385,58,235599
31805,0.001134,172.217.194.0-255,1484,81869,58,235599
31806,0.001149,172.217.194.0-255,2902,84771,58,235599
31807,0.001152,172.31.46.0-255,66,84837,58,235599
31808,0.001156,172.217.194.0-255,1484,86321,58,235599
31809,0.001175,172.217.194.0-255,5738,92059,58,235599
31810,0.001177,172.31.46.0-255,66,92125,58,235599
31811,0.001196,172.217.194.0-255,5738,97863,58,235599
31812,0.001199,172.31.46.0-255,66,97929,58,235599
31813,0.001232,172.217.194.0-255,7156,105085,58,235599
31814,0.001245,172.31.46.0-255,66,105151,58,235599
31815,0.001249,172.31.46.0-255,66,105217,58,235599
31816,0.00134,172.217.194.0-255,1484,106701,58,235599
31817,0.001346,172.217.194.0-255,2902,109603,58,235599
31818,0.001349,172.31.46.0-255,66,109669,58,235599
31819,0.001372,172.217.194.0-255,5738,115407,58,235599
31820,0.001375,172.31.46.0-255,66,115473,58,235599
31821,0.001391,172.217.194.0-255,4320,119793,58,235599
31822,0.001393,172.31.46.0-255,66,119859,58,235599
31823,0.001426,172.31.46.0-255,66,119925,58,235599
31824,0.001438,172.31.46.0-255,66,119991,58,235599
31825,0.001535,172.217.194.0-255,1484,121475,58,235599
31826,0.001539,172.217.194.0-255,1484,122959,58,235599
31827,0.001549,172.31.46.0-255,66,123025,58,235599
31828,0.001553,172.217.194.0-255,1484,124509,58,235599
31829,0.00156,172.217.194.0-255,5738,130247,58,235599
31830,0.001562,172.31.46.0-255,66,130313,58,235599
31831,0.001578,172.217.194.0-255,2902,133215,58,235599
31832,0.00158,172.31.46.0-255,66,133281,58,235599
31833,0.001597,172.217.194.0-255,7156,140437,58,235599
31834,0.001599,172.31.46.0-255,66,140503,58,235599
31835,0.001615,172.217.194.0-255,4320,144823,58,235599
31836,0.001619,172.31.46.0-255,66,144889,58,235599
31837,0.001633,172.31.46.0-255,101,144990,58,235599
31838,0.001658,172.31.46.0-255,66,145056,58,235599
31839,0.001693,172.31.46.0-255,66,145122,58,235599
31840,0.001715,172.31.46.0-255,66,145188,58,235599
31841,0.00172,172.217.194.0-255,3602,148790,58,235599
31842,0.001722,172.31.46.0-255,66,148856,58,235599
31843,0.001883,172.217.194.0-255,1484,150340,58,235599
31844,0.001889,172.217.194.0-255,2902,153242,58,235599
31845,0.001892,172.31.46.0-255,66,153308,58,235599
31846,0.001899,172.217.194.0-255,5738,159046,58,235599
31847,0.001901,172.31.46.0-255,66,159112,58,235599
31848,0.00193,172.217.194.0-255,7156,166268,58,235599
31849,0.001934,172.31.46.0-255,66,166334,58,235599
31850,0.001944,172.31.46.0-255,66,166400,58,235599
31851,0.00197,172.217.194.0-255,4320,170720,58,235599
31852,0.001974,172.31.46.0-255,66,170786,58,235599
31853,0.001978,172.217.194.0-255,2184,172970,58,235599
31854,0.001981,172.31.46.0-255,66,173036,58,235599
31855,0.001985,172.217.194.0-255,2902,175938,58,235599
31856,0.001987,172.31.46.0-255,66,176004,58,235599
31857,0.001994,172.217.194.0-255,7156,183160,58,235599
31858,0.001996,172.31.46.0-255,66,183226,58,235599
31859,0.002052,172.217.194.0-255,7156,190382,58,235599
31860,0.002056,172.31.46.0-255,66,190448,58,235599
31861,0.002086,172.31.46.0-255,66,190514,58,235599
31862,0.002088,172.217.194.0-255,1484,191998,58,235599
31863,0.002091,172.217.194.0-255,1484,193482,58,235599
31864,0.002093,172.31.46.0-255,66,193548,58,235599
31865,0.002099,172.217.194.0-255,5020,198568,58,235599
31866,0.002102,172.31.46.0-255,66,198634,58,235599
31867,0.002108,172.217.194.0-255,5738,204372,58,235599
31868,0.002111,172.31.46.0-255,66,204438,58,235599
31869,0.002124,172.31.46.0-255,66,204504,58,235599
31870,0.002136,172.31.46.0-255,66,204570,58,235599
31871,0.00214,172.217.194.0-255,2902,207472,58,235599
31872,0.002142,172.31.46.0-255,66,207538,58,235599
31873,0.002175,172.217.194.0-255,2184,209722,58,235599
31874,0.002178,172.31.46.0-255,66,209788,58,235599
31875,0.002181,172.217.194.0-255,1484,211272,58,235599
31876,0.002195,172.217.194.0-255,1484,212756,58,235599
31877,0.002198,172.31.46.0-255,66,212822,58,235599
31878,0.002202,172.217.194.0-255,2902,215724,58,235599
31879,0.002204,172.31.46.0-255,66,215790,58,235599
31880,0.002222,172.217.194.0-255,4320,220110,58,235599
31881,0.002225,172.31.46.0-255,66,220176,58,235599
31882,0.00223,172.217.194.0-255,4320,224496,58,235599
31883,0.002232,172.31.46.0-255,66,224562,58,235599
31884,0.002234,172.217.194.0-255,1484,226046,58,235599
31885,0.002267,172.217.194.0-255,7156,233202,58,235599
31886,0.002271,172.31.46.0-255,66,233268,58,235599
31887,0.002295,172.31.46.0-255,66,233334,58,235599
31888,0.002299,172.217.194.0-255,1511,234845,58,235599
31889,0.002301,172.31.46.0-255,66,234911,58,235599
31890,0.002304,172.217.194.0-255,97,235008,58,235599
31891,0.002361,172.217.194.0-255,105,235113,58,235599
31892,0.00358,172.217.194.0-255,66,235179,58,235599
31893,0.01012,172.31.46.0-255,66,235245,58,235599
31894,0.010159,172.31.46.0-255,105,235350,58,235599
31895,0.011524,172.217.194.0-255,105,235455,58,235599
31896,0.011534,172.31.46.0-255,78,235533,58,235599
31897,0.015824,172.217.194.0-255,66,235599,58,235599
31898,0.0,172.217.27.0-255,148,148,58,238637
31899,1.6e-05,172.31.46.0-255,66,214,58,238637
31900,2.3e-05,172.217.27.0-255,1484,1698,58,238637
31901,2.7e-05,172.31.46.0-255,66,1764,58,238637
31902,3.3e-05,172.217.27.0-255,2902,4666,58,238637
31903,3.6e-05,172.31.46.0-255,66,4732,58,238637
31904,5.2e-05,172.217.27.0-255,7156,11888,58,238637
31905,5.5e-05,172.31.46.0-255,66,11954,58,238637
31906,6.6e-05,172.31.46.0-255,66,12020,58,238637
31907,0.000101,172.31.46.0-255,66,12086,58,238637
31908,0.000153,172.217.27.0-255,1484,13570,58,238637
31909,0.000156,172.31.46.0-255,66,13636,58,238637
31910,0.000161,172.217.27.0-255,2902,16538,58,238637
31911,0.000163,172.31.46.0-255,66,16604,58,238637
31912,0.000168,172.217.27.0-255,2902,19506,58,238637
31913,0.000174,172.31.46.0-255,66,19572,58,238637
31914,0.000206,172.217.27.0-255,2902,22474,58,238637
31915,0.000209,172.31.46.0-255,66,22540,58,238637
31916,0.000214,172.217.27.0-255,4320,26860,58,238637
31917,0.000217,172.31.46.0-255,66,26926,58,238637
31918,0.000233,172.31.46.0-255,66,26992,58,238637
31919,0.000241,172.217.27.0-255,7156,34148,58,238637
31920,0.000246,172.31.46.0-255,66,34214,58,238637
31921,0.000253,172.217.27.0-255,1054,35268,58,238637
31922,0.000255,172.31.46.0-255,66,35334,58,238637
31923,0.000537,172.217.27.0-255,139,35473,58,238637
31924,0.000542,172.31.46.0-255,66,35539,58,238637
31925,0.000761,172.217.27.0-255,1484,37023,58,238637
31926,0.000765,172.31.46.0-255,66,37089,58,238637
31927,0.00077,172.217.27.0-255,2902,39991,58,238637
31928,0.000772,172.31.46.0-255,66,40057,58,238637
31929,0.000795,172.217.27.0-255,4320,44377,58,238637
31930,0.000797,172.31.46.0-255,66,44443,58,238637
31931,0.00081,172.31.46.0-255,66,44509,58,238637
31932,0.000815,172.217.27.0-255,5738,50247,58,238637
31933,0.000817,172.31.46.0-255,66,50313,58,238637
31934,0.000842,172.217.27.0-255,2902,53215,58,238637
31935,0.000844,172.31.46.0-255,66,53281,58,238637
31936,0.000869,172.217.27.0-255,2902,56183,58,238637
31937,0.000875,172.31.46.0-255,66,56249,58,238637
31938,0.000881,172.217.27.0-255,5020,61269,58,238637
31939,0.000883,172.31.46.0-255,66,61335,58,238637
31940,0.000929,172.217.27.0-255,5738,67073,58,238637
31941,0.000932,172.31.46.0-255,66,67139,58,238637
31942,0.000937,172.217.27.0-255,4320,71459,58,238637
31943,0.000939,172.31.46.0-255,66,71525,58,238637
31944,0.000947,172.217.27.0-255,5738,77263,58,238637
31945,0.000949,172.31.46.0-255,66,77329,58,238637
31946,0.000953,172.217.27.0-255,2902,80231,58,238637
31947,0.000956,172.31.46.0-255,66,80297,58,238637
31948,0.000997,172.31.46.0-255,66,80363,58,238637
31949,0.001004,172.217.27.0-255,6438,86801,58,238637
31950,0.001005,172.31.46.0-255,66,86867,58,238637
31951,0.001112,172.217.27.0-255,1484,88351,58,238637
31952,0.001126,172.217.27.0-255,2902,91253,58,238637
31953,0.001129,172.31.46.0-255,66,91319,58,238637
31954,0.001154,172.217.27.0-255,2902,94221,58,238637
31955,0.001158,172.31.46.0-255,66,94287,58,238637
31956,0.001162,172.217.27.0-255,4320,98607,58,238637
31957,0.001164,172.31.46.0-255,66,98673,58,238637
31958,0.001167,172.217.27.0-255,1484,100157,58,238637
31959,0.001203,172.217.27.0-255,7156,107313,58,238637
31960,0.001205,172.31.46.0-255,66,107379,58,238637
31961,0.00121,172.217.27.0-255,4320,111699,58,238637
31962,0.001211,172.31.46.0-255,66,111765,58,238637
31963,0.001216,172.217.27.0-255,4320,116085,58,238637
31964,0.001218,172.31.46.0-255,66,116151,58,238637
31965,0.001248,172.217.27.0-255,5020,121171,58,238637
31966,0.001252,172.31.46.0-255,66,121237,58,238637
31967,0.001518,172.217.27.0-255,1484,122721,58,238637
31968,0.001524,172.217.27.0-255,2902,125623,58,238637
31969,0.001527,172.31.46.0-255,66,125689,58,238637
31970,0.001557,172.217.27.0-255,2902,128591,58,238637
31971,0.00156,172.31.46.0-255,66,128657,58,238637
31972,0.001565,172.217.27.0-255,4320,132977,58,238637
31973,0.001567,172.31.46.0-255,66,133043,58,238637
31974,0.00159,172.31.46.0-255,66,133109,58,238637
31975,0.001596,172.217.27.0-255,5738,138847,58,238637
31976,0.001598,172.31.46.0-255,66,138913,58,238637
31977,0.001641,172.31.46.0-255,66,138979,58,238637
31978,0.001658,172.31.46.0-255,66,139045,58,238637
31979,0.00167,172.31.46.0-255,66,139111,58,238637
31980,0.003294,172.217.27.0-255,5738,144849,58,238637
31981,0.0033,172.31.46.0-255,66,144915,58,238637
31982,0.004925,172.217.27.0-255,1484,146399,58,238637
31983,0.004944,172.217.27.0-255,4320,150719,58,238637
31984,0.004946,172.31.46.0-255,66,150785,58,238637
31985,0.006566,172.217.27.0-255,5738,156523,58,238637
31986,0.006573,172.31.46.0-255,66,156589,58,238637
31987,0.008193,172.217.27.0-255,5738,162327,58,238637
31988,0.0082,172.31.46.0-255,66,162393,58,238637
31989,0.009828,172.217.27.0-255,5738,168131,58,238637
31990,0.009835,172.31.46.0-255,66,168197,58,238637
31991,0.01146,172.217.27.0-255,5738,173935,58,238637
31992,0.011467,172.31.46.0-255,66,174001,58,238637
31993,0.013098,172.217.27.0-255,5738,179739,58,238637
31994,0.013104,172.31.46.0-255,66,179805,58,238637
31995,0.014731,172.217.27.0-255,5738,185543,58,238637
31996,0.014739,172.31.46.0-255,66,185609,58,238637
31997,0.016397,172.217.27.0-255,5738,191347,58,238637
31998,0.016404,172.31.46.0-255,66,191413,58,238637
31999,0.018029,172.217.27.0-255,5738,197151,58,238637
32000,0.018035,172.31.46.0-255,66,197217,58,238637
32001,0.01966,172.217.27.0-255,5738,202955,58,238637
32002,0.019667,172.31.46.0-255,66,203021,58,238637
32003,0.02129,172.217.27.0-255,2902,205923,58,238637
32004,0.021296,172.31.46.0-255,66,205989,58,238637
32005,0.021321,172.217.27.0-255,2902,208891,58,238637
32006,0.021323,172.31.46.0-255,66,208957,58,238637
32007,0.022917,172.217.27.0-255,2902,211859,58,238637
32008,0.022923,172.31.46.0-255,66,211925,58,238637
32009,0.022951,172.217.27.0-255,2902,214827,58,238637
32010,0.022953,172.31.46.0-255,66,214893,58,238637
32011,0.024549,172.217.27.0-255,2902,217795,58,238637
32012,0.024556,172.31.46.0-255,66,217861,58,238637
32013,0.024589,172.217.27.0-255,2902,220763,58,238637
32014,0.024592,172.31.46.0-255,66,220829,58,238637
32015,0.02618,172.217.27.0-255,2902,223731,58,238637
32016,0.026186,172.31.46.0-255,66,223797,58,238637
32017,0.026216,172.217.27.0-255,2902,226699,58,238637
32018,0.026219,172.31.46.0-255,66,226765,58,238637
32019,0.027811,172.217.27.0-255,2902,229667,58,238637
32020,0.027818,172.31.46.0-255,66,229733,58,238637
32021,0.027852,172.217.27.0-255,2902,232635,58,238637
32022,0.027854,172.31.46.0-255,66,232701,58,238637
32023,0.029446,172.217.27.0-255,2902,235603,58,238637
32024,0.029469,172.31.46.0-255,66,235669,58,238637
32025,0.029503,172.217.27.0-255,2902,238571,58,238637
32026,0.029506,172.31.46.0-255,66,238637,58,238637
32027,0.0,74.125.200.0-255,150,150,58,275516
32028,2.3e-05,172.31.46.0-255,66,216,58,275516
32029,3.1e-05,74.125.200.0-255,1484,1700,58,275516
32030,3.6e-05,172.31.46.0-255,66,1766,58,275516
32031,4.1e-05,74.125.200.0-255,2902,4668,58,275516
32032,4.4e-05,172.31.46.0-255,66,4734,58,275516
32033,5.1e-05,74.125.200.0-255,5738,10472,58,275516
32034,5.4e-05,172.31.46.0-255,66,10538,58,275516
32035,8e-05,74.125.200.0-255,6292,16830,58,275516
32036,8.3e-05,172.31.46.0-255,66,16896,58,275516
32037,8.7e-05,74.125.200.0-255,2902,19798,58,275516
32038,9e-05,172.31.46.0-255,66,19864,58,275516
32039,0.00012,74.125.200.0-255,4320,24184,58,275516
32040,0.000122,172.31.46.0-255,66,24250,58,275516
32041,0.00013,74.125.200.0-255,6797,31047,58,275516
32042,0.000132,172.31.46.0-255,66,31113,58,275516
32043,0.000231,74.125.200.0-255,1484,32597,58,275516
32044,0.000235,172.31.46.0-255,66,32663,58,275516
32045,0.000255,74.125.200.0-255,2902,35565,58,275516
32046,0.000257,172.31.46.0-255,66,35631,58,275516
32047,0.000263,74.125.200.0-255,5738,41369,58,275516
32048,0.000266,172.31.46.0-255,66,41435,58,275516
32049,0.00027,74.125.200.0-255,2902,44337,58,275516
32050,0.000272,172.31.46.0-255,66,44403,58,275516
32051,0.000298,74.125.200.0-255,3961,48364,58,275516
32052,0.0003,172.31.46.0-255,66,48430,58,275516
32053,0.000345,172.31.46.0-255,66,48496,58,275516
32054,0.000378,172.31.46.0-255,66,48562,58,275516
32055,0.000395,74.125.200.0-255,131,48693,58,275516
32056,0.000397,172.31.46.0-255,66,48759,58,275516
32057,0.000495,74.125.200.0-255,1484,50243,58,275516
32058,0.000511,74.125.200.0-255,2902,53145,58,275516
32059,0.000515,172.31.46.0-255,66,53211,58,275516
32060,0.00052,74.125.200.0-255,2902,56113,58,275516
32061,0.000522,172.31.46.0-255,66,56179,58,275516
32062,0.000546,74.125.200.0-255,4320,60499,58,275516
32063,0.000549,172.31.46.0-255,66,60565,58,275516
32064,0.000566,74.125.200.0-255,5738,66303,58,275516
32065,0.000568,172.31.46.0-255,66,66369,58,275516
32066,0.000592,74.125.200.0-255,3961,70330,58,275516
32067,0.000595,172.31.46.0-255,66,70396,58,275516
32068,0.000599,74.125.200.0-255,2902,73298,58,275516
32069,0.000601,172.31.46.0-255,66,73364,58,275516
32070,0.00063,74.125.200.0-255,2902,76266,58,275516
32071,0.000633,172.31.46.0-255,66,76332,58,275516
32072,0.000653,74.125.200.0-255,7077,83409,58,275516
32073,0.000656,172.31.46.0-255,66,83475,58,275516
32074,0.000748,74.125.200.0-255,1484,84959,58,275516
32075,0.000767,74.125.200.0-255,2902,87861,58,275516
32076,0.00077,172.31.46.0-255,66,87927,58,275516
32077,0.000776,74.125.200.0-255,4320,92247,58,275516
32078,0.000779,172.31.46.0-255,66,92313,58,275516
32079,0.000802,74.125.200.0-255,5738,98051,58,275516
32080,0.000805,172.31.46.0-255,66,98117,58,275516
32081,0.000827,74.125.200.0-255,2902,101019,58,275516
32082,0.000829,172.31.46.0-255,66,101085,58,275516
32083,0.000853,74.125.200.0-255,5738,106823,58,275516
32084,0.000855,172.31.46.0-255,66,106889,58,275516
32085,0.000866,172.31.46.0-255,66,106955,58,275516
32086,0.000869,74.125.200.0-255,766,107721,58,275516
32087,0.001043,74.125.200.0-255,1484,109205,58,275516
32088,0.001047,172.31.46.0-255,66,109271,58,275516
32089,0.001053,74.125.200.0-255,2902,112173,58,275516
32090,0.001054,172.31.46.0-255,66,112239,58,275516
32091,0.001078,74.125.200.0-255,5738,117977,58,275516
32092,0.00108,172.31.46.0-255,66,118043,58,275516
32093,0.001085,74.125.200.0-255,2902,120945,58,275516
32094,0.001088,172.31.46.0-255,66,121011,58,275516
32095,0.001113,74.125.200.0-255,7156,128167,58,275516
32096,0.001116,172.31.46.0-255,66,128233,58,275516
32097,0.001134,74.125.200.0-255,2902,131135,58,275516
32098,0.001136,172.31.46.0-255,66,131201,58,275516
32099,0.001149,172.31.46.0-255,66,131267,58,275516
32100,0.001259,74.125.200.0-255,1484,132751,58,275516
32101,0.001277,74.125.200.0-255,2902,135653,58,275516
32102,0.00128,172.31.46.0-255,66,135719,58,275516
32103,0.001284,74.125.200.0-255,1484,137203,58,275516
32104,0.001289,74.125.200.0-255,2902,140105,58,275516
32105,0.001291,172.31.46.0-255,66,140171,58,275516
32106,0.001351,74.125.200.0-255,5738,145909,58,275516
32107,0.001354,172.31.46.0-255,66,145975,58,275516
32108,0.001367,172.31.46.0-255,66,146041,58,275516
32109,0.001392,74.125.200.0-255,7156,153197,58,275516
32110,0.001395,172.31.46.0-255,66,153263,58,275516
32111,0.00141,74.125.200.0-255,766,154029,58,275516
32112,0.001502,74.125.200.0-255,1484,155513,58,275516
32113,0.001506,172.31.46.0-255,66,155579,58,275516
32114,0.001528,74.125.200.0-255,2902,158481,58,275516
32115,0.00153,172.31.46.0-255,66,158547,58,275516
32116,0.001546,74.125.200.0-255,5738,164285,58,275516
32117,0.001548,172.31.46.0-255,66,164351,58,275516
32118,0.001551,74.125.200.0-255,1484,165835,58,275516
32119,0.001573,74.125.200.0-255,2902,168737,58,275516
32120,0.001576,172.31.46.0-255,66,168803,58,275516
32121,0.001592,74.125.200.0-255,4320,173123,58,275516
32122,0.001594,172.31.46.0-255,66,173189,58,275516
32123,0.001619,74.125.200.0-255,1484,174673,58,275516
32124,0.001627,74.125.200.0-255,7156,181829,58,275516
32125,0.001629,172.31.46.0-255,66,181895,58,275516
32126,0.001632,74.125.200.0-255,1484,183379,58,275516
32127,0.001651,74.125.200.0-255,5020,188399,58,275516
32128,0.001654,172.31.46.0-255,66,188465,58,275516
32129,0.00169,74.125.200.0-255,1484,189949,58,275516
32130,0.001703,74.125.200.0-255,2902,192851,58,275516
32131,0.001706,172.31.46.0-255,66,192917,58,275516
32132,0.001729,74.125.200.0-255,5738,198655,58,275516
32133,0.001732,172.31.46.0-255,66,198721,58,275516
32134,0.001735,74.125.200.0-255,1484,200205,58,275516
32135,0.001761,74.125.200.0-255,5738,205943,58,275516
32136,0.001774,172.31.46.0-255,66,206009,58,275516
32137,0.001794,74.125.200.0-255,4320,210329,58,275516
32138,0.001812,74.125.200.0-255,3602,213931,58,275516
32139,0.001835,74.125.200.0-255,1484,215415,58,275516
32140,0.001854,74.125.200.0-255,4320,219735,58,275516
32141,0.001857,172.31.46.0-255,66,219801,58,275516
32142,0.00187,74.125.200.0-255,5738,225539,58,275516
32143,0.001873,172.31.46.0-255,66,225605,58,275516
32144,0.001883,74.125.200.0-255,1484,227089,58,275516
32145,0.001886,74.125.200.0-255,1484,228573,58,275516
32146,0.001908,172.31.46.0-255,66,228639,58,275516
32147,0.001916,74.125.200.0-255,7156,235795,58,275516
32148,0.001926,172.31.46.0-255,66,235861,58,275516
32149,0.001929,74.125.200.0-255,1484,237345,58,275516
32150,0.001957,74.125.200.0-255,4320,241665,58,275516
32151,0.00198,172.31.46.0-255,66,241731,58,275516
32152,0.001985,74.125.200.0-255,2902,244633,58,275516
32153,0.00199,172.31.46.0-255,66,244699,58,275516
32154,0.002018,74.125.200.0-255,5738,250437,58,275516
32155,0.002035,172.31.46.0-255,66,250503,58,275516
32156,0.002082,74.125.200.0-255,5738,256241,58,275516
32157,0.002108,74.125.200.0-255,5020,261261,58,275516
32158,0.002191,74.125.200.0-255,4320,265581,58,275516
32159,0.002198,74.125.200.0-255,5738,271319,58,275516
32160,0.002205,172.31.46.0-255,66,271385,58,275516
32161,0.002216,74.125.200.0-255,3723,275108,58,275516
32162,0.002221,172.31.46.0-255,66,275174,58,275516
32163,0.002229,74.125.200.0-255,105,275279,58,275516
32164,0.004724,172.31.46.0-255,66,275345,58,275516
32165,0.004765,172.31.46.0-255,105,275450,58,275516
32166,0.007075,74.125.200.0-255,66,275516,58,275516
32167,0.0,172.217.194.0-255,298,298,58,134732
32168,1.5e-05,172.31.46.0-255,66,364,58,134732
32169,2.2e-05,172.217.194.0-255,1484,1848,58,134732
32170,2.6e-05,172.31.46.0-255,66,1914,58,134732
32171,3.3e-05,172.217.194.0-255,4320,6234,58,134732
32172,4.4e-05,172.31.46.0-255,66,6300,58,134732
32173,5.7e-05,172.31.46.0-255,66,6366,58,134732
32174,7.3e-05,172.31.46.0-255,66,6432,58,134732
32175,7.7e-05,172.217.194.0-255,2543,8975,58,134732
32176,8e-05,172.31.46.0-255,66,9041,58,134732
32177,0.00013,172.217.194.0-255,1484,10525,58,134732
32178,0.000133,172.31.46.0-255,66,10591,58,134732
32179,0.000145,172.217.194.0-255,2902,13493,58,134732
32180,0.000148,172.31.46.0-255,66,13559,58,134732
32181,0.000154,172.217.194.0-255,5738,19297,58,134732
32182,0.000156,172.31.46.0-255,66,19363,58,134732
32183,0.000211,172.31.46.0-255,66,19429,58,134732
32184,0.000223,172.31.46.0-255,66,19495,58,134732
32185,0.000225,172.217.194.0-255,365,19860,58,134732
32186,0.000227,172.31.46.0-255,66,19926,58,134732
32187,0.000276,172.217.194.0-255,1484,21410,58,134732
32188,0.000279,172.31.46.0-255,66,21476,58,134732
32189,0.000285,172.217.194.0-255,4320,25796,58,134732
32190,0.000287,172.31.46.0-255,66,25862,58,134732
32191,0.000291,172.217.194.0-255,2902,28764,58,134732
32192,0.000293,172.31.46.0-255,66,28830,58,134732
32193,0.000313,172.217.194.0-255,4320,33150,58,134732
32194,0.00032,172.31.46.0-255,66,33216,58,134732
32195,0.000345,172.217.194.0-255,4320,37536,58,134732
32196,0.000347,172.31.46.0-255,66,37602,58,134732
32197,0.00039,172.31.46.0-255,66,37668,58,134732
32198,0.000397,172.217.194.0-255,6797,44465,58,134732
32199,0.000399,172.31.46.0-255,66,44531,58,134732
32200,0.000547,172.217.194.0-255,1484,46015,58,134732
32201,0.000559,172.217.194.0-255,2902,48917,58,134732
32202,0.000562,172.31.46.0-255,66,48983,58,134732
32203,0.000569,172.217.194.0-255,5738,54721,58,134732
32204,0.000572,172.31.46.0-255,66,54787,58,134732
32205,0.000612,172.31.46.0-255,66,54853,58,134732
32206,0.000625,172.31.46.0-255,66,54919,58,134732
32207,0.000666,172.217.194.0-255,1484,56403,58,134732
32208,0.000672,172.217.194.0-255,2902,59305,58,134732
32209,0.000674,172.31.46.0-255,66,59371,58,134732
32210,0.000703,172.217.194.0-255,5738,65109,58,134732
32211,0.000706,172.31.46.0-255,66,65175,58,134732
32212,0.000711,172.217.194.0-255,4320,69495,58,134732
32213,0.000737,172.217.194.0-255,2902,72397,58,134732
32214,0.000754,172.217.194.0-255,2184,74581,58,134732
32215,0.0008,172.31.46.0-255,66,74647,58,134732
32216,0.000808,172.217.194.0-255,1484,76131,58,134732
32217,0.000827,172.217.194.0-255,2902,79033,58,134732
32218,0.000833,172.217.194.0-255,2902,81935,58,134732
32219,0.000848,172.217.194.0-255,2902,84837,58,134732
32220,0.000873,172.217.194.0-255,2902,87739,58,134732
32221,0.000885,172.31.46.0-255,66,87805,58,134732
32222,0.00092,172.217.194.0-255,2184,89989,58,134732
32223,0.000933,172.31.46.0-255,66,90055,58,134732
32224,0.001075,172.217.194.0-255,1484,91539,58,134732
32225,0.001079,172.217.194.0-255,1484,93023,58,134732
32226,0.001095,172.217.194.0-255,1484,94507,58,134732
32227,0.001106,172.31.46.0-255,66,94573,58,134732
32228,0.001117,172.217.194.0-255,2902,97475,58,134732
32229,0.001126,172.217.194.0-255,2902,100377,58,134732
32230,0.001143,172.217.194.0-255,1484,101861,58,134732
32231,0.001185,172.31.46.0-255,66,101927,58,134732
32232,0.001222,172.217.194.0-255,1484,103411,58,134732
32233,0.001235,172.217.194.0-255,766,104177,58,134732
32234,0.00124,172.31.46.0-255,66,104243,58,134732
32235,0.001359,172.217.194.0-255,1484,105727,58,134732
32236,0.001363,172.217.194.0-255,1484,107211,58,134732
32237,0.001368,172.31.46.0-255,66,107277,58,134732
32238,0.001377,172.217.194.0-255,1484,108761,58,134732
32239,0.001387,172.217.194.0-255,5738,114499,58,134732
32240,0.001395,172.31.46.0-255,66,114565,58,134732
32241,0.001461,172.217.194.0-255,4320,118885,58,134732
32242,0.001472,172.31.46.0-255,66,118951,58,134732
32243,0.001515,172.31.46.0-255,66,119017,58,134732
32244,0.001565,172.217.194.0-255,5738,124755,58,134732
32245,0.00157,172.31.46.0-255,66,124821,58,134732
32246,0.001621,172.217.194.0-255,5738,130559,58,134732
32247,0.00163,172.31.46.0-255,66,130625,58,134732
32248,0.001679,172.31.46.0-255,66,130691,58,134732
32249,0.001709,172.217.194.0-255,3602,134293,58,134732
32250,0.001726,172.217.194.0-255,97,134390,58,134732
32251,0.001728,172.217.194.0-255,105,134495,58,134732
32252,0.001777,172.31.46.0-255,66,134561,58,134732
32253,0.008987,172.31.46.0-255,105,134666,58,134732
32254,0.01131,172.217.194.0-255,66,134732,58,134732
32255,0.0,74.125.24.0-255,153,153,58,156497
32256,2.3e-05,172.31.46.0-255,66,219,58,156497
32257,3e-05,74.125.24.0-255,1484,1703,58,156497
32258,3.4e-05,172.31.46.0-255,66,1769,58,156497
32259,3.9e-05,74.125.24.0-255,2902,4671,58,156497
32260,4.2e-05,172.31.46.0-255,66,4737,58,156497
32261,4.9e-05,74.125.24.0-255,4320,9057,58,156497
32262,5.4e-05,172.31.46.0-255,66,9123,58,156497
32263,6.1e-05,74.125.24.0-255,4807,13930,58,156497
32264,6.4e-05,172.31.46.0-255,66,13996,58,156497
32265,0.000127,74.125.24.0-255,1484,15480,58,156497
32266,0.000131,172.31.46.0-255,66,15546,58,156497
32267,0.000149,74.125.24.0-255,2902,18448,58,156497
32268,0.000151,172.31.46.0-255,66,18514,58,156497
32269,0.000156,74.125.24.0-255,2902,21416,58,156497
32270,0.000158,172.31.46.0-255,66,21482,58,156497
32271,0.000181,74.125.24.0-255,2902,24384,58,156497
32272,0.000183,172.31.46.0-255,66,24450,58,156497
32273,0.00019,74.125.24.0-255,5738,30188,58,156497
32274,0.000192,172.31.46.0-255,66,30254,58,156497
32275,0.000205,74.125.24.0-255,1125,31379,58,156497
32276,0.000207,172.31.46.0-255,66,31445,58,156497
32277,0.000211,74.125.24.0-255,1484,32929,58,156497
32278,0.000213,172.31.46.0-255,66,32995,58,156497
32279,0.00024,74.125.24.0-255,5738,38733,58,156497
32280,0.000243,172.31.46.0-255,66,38799,58,156497
32281,0.000254,172.31.46.0-255,66,38865,58,156497
32282,0.000273,74.125.24.0-255,1125,39990,58,156497
32283,0.000276,172.31.46.0-255,66,40056,58,156497
32284,0.000633,74.125.24.0-255,1484,41540,58,156497
32285,0.000639,74.125.24.0-255,2902,44442,58,156497
32286,0.000645,172.31.46.0-255,66,44508,58,156497
32287,0.000654,172.31.46.0-255,66,44574,58,156497
32288,0.000661,74.125.24.0-255,5738,50312,58,156497
32289,0.000664,172.31.46.0-255,66,50378,58,156497
32290,0.000707,74.125.24.0-255,5738,56116,58,156497
32291,0.00071,172.31.46.0-255,66,56182,58,156497
32292,0.000723,74.125.24.0-255,1705,57887,58,156497
32293,0.000726,172.31.46.0-255,66,57953,58,156497
32294,0.002162,74.125.24.0-255,1484,59437,58,156497
32295,0.002174,74.125.24.0-255,2902,62339,58,156497
32296,0.00218,172.31.46.0-255,66,62405,58,156497
32297,0.002189,74.125.24.0-255,5738,68143,58,156497
32298,0.002191,172.31.46.0-255,66,68209,58,156497
32299,0.002217,74.125.24.0-255,5738,73947,58,156497
32300,0.002219,172.31.46.0-255,66,74013,58,156497
32301,0.002224,74.125.24.0-255,2902,76915,58,156497
32302,0.002226,172.31.46.0-255,66,76981,58,156497
32303,0.002246,74.125.24.0-255,7156,84137,58,156497
32304,0.002248,172.31.46.0-255,66,84203,58,156497
32305,0.002266,74.125.24.0-255,2902,87105,58,156497
32306,0.002268,172.31.46.0-255,66,87171,58,156497
32307,0.002273,74.125.24.0-255,2902,90073,58,156497
32308,0.002275,172.31.46.0-255,66,90139,58,156497
32309,0.002293,74.125.24.0-255,2184,92323,58,156497
32310,0.002295,172.31.46.0-255,66,92389,58,156497
32311,0.004586,74.125.24.0-255,2902,95291,58,156497
32312,0.00459,172.31.46.0-255,66,95357,58,156497
32313,0.004616,74.125.24.0-255,2902,98259,58,156497
32314,0.004618,172.31.46.0-255,66,98325,58,156497
32315,0.006941,74.125.24.0-255,2902,101227,58,156497
32316,0.006948,172.31.46.0-255,66,101293,58,156497
32317,0.00696,74.125.24.0-255,2902,104195,58,156497
32318,0.006963,172.31.46.0-255,66,104261,58,156497
32319,0.009335,74.125.24.0-255,5738,109999,58,156497
32320,0.009348,172.31.46.0-255,66,110065,58,156497
32321,0.011691,74.125.24.0-255,5738,115803,58,156497
32322,0.011706,172.31.46.0-255,66,115869,58,156497
32323,0.014075,74.125.24.0-255,5738,121607,58,156497
32324,0.014092,172.31.46.0-255,66,121673,58,156497
32325,0.016438,74.125.24.0-255,5738,127411,58,156497
32326,0.016456,172.31.46.0-255,66,127477,58,156497
32327,0.018814,74.125.24.0-255,5738,133215,58,156497
32328,0.018825,172.31.46.0-255,66,133281,58,156497
32329,0.021168,74.125.24.0-255,5738,139019,58,156497
32330,0.021179,172.31.46.0-255,66,139085,58,156497
32331,0.02353,74.125.24.0-255,5738,144823,58,156497
32332,0.023545,172.31.46.0-255,66,144889,58,156497
32333,0.025877,74.125.24.0-255,5738,150627,58,156497
32334,0.025889,172.31.46.0-255,66,150693,58,156497
32335,0.028224,74.125.24.0-255,5738,156431,58,156497
32336,0.02824,172.31.46.0-255,66,156497,58,156497
32337,0.0,74.125.24.0-255,153,153,58,162917
32338,2.4e-05,172.31.46.0-255,66,219,58,162917
32339,3.1e-05,74.125.24.0-255,1484,1703,58,162917
32340,3.5e-05,172.31.46.0-255,66,1769,58,162917
32341,4.1e-05,74.125.24.0-255,2902,4671,58,162917
32342,4.4e-05,172.31.46.0-255,66,4737,58,162917
32343,5.2e-05,74.125.24.0-255,7156,11893,58,162917
32344,5.5e-05,172.31.46.0-255,66,11959,58,162917
32345,7.4e-05,74.125.24.0-255,2013,13972,58,162917
32346,7.6e-05,172.31.46.0-255,66,14038,58,162917
32347,0.000148,74.125.24.0-255,1484,15522,58,162917
32348,0.000151,172.31.46.0-255,66,15588,58,162917
32349,0.000158,74.125.24.0-255,2902,18490,58,162917
32350,0.000161,172.31.46.0-255,66,18556,58,162917
32351,0.000168,74.125.24.0-255,5738,24294,58,162917
32352,0.00017,172.31.46.0-255,66,24360,58,162917
32353,0.000175,74.125.24.0-255,2902,27262,58,162917
32354,0.000177,172.31.46.0-255,66,27328,58,162917
32355,0.000197,74.125.24.0-255,3961,31289,58,162917
32356,0.0002,172.31.46.0-255,66,31355,58,162917
32357,0.000455,74.125.24.0-255,1484,32839,58,162917
32358,0.00046,172.31.46.0-255,66,32905,58,162917
32359,0.000466,74.125.24.0-255,2902,35807,58,162917
32360,0.000469,172.31.46.0-255,66,35873,58,162917
32361,0.000497,74.125.24.0-255,5738,41611,58,162917
32362,0.0005,172.31.46.0-255,66,41677,58,162917
32363,0.000518,74.125.24.0-255,1484,43161,58,162917
32364,0.00052,172.31.46.0-255,66,43227,58,162917
32365,0.000536,74.125.24.0-255,5379,48606,58,162917
32366,0.000539,172.31.46.0-255,66,48672,58,162917
32367,0.000656,74.125.24.0-255,1484,50156,58,162917
32368,0.00066,172.31.46.0-255,66,50222,58,162917
32369,0.000664,74.125.24.0-255,1484,51706,58,162917
32370,0.000678,74.125.24.0-255,1484,53190,58,162917
32371,0.000681,172.31.46.0-255,66,53256,58,162917
32372,0.000694,74.125.24.0-255,1484,54740,58,162917
32373,0.000701,74.125.24.0-255,5738,60478,58,162917
32374,0.000704,172.31.46.0-255,66,60544,58,162917
32375,0.00071,74.125.24.0-255,5379,65923,58,162917
32376,0.000713,172.31.46.0-255,66,65989,58,162917
32377,0.000967,74.125.24.0-255,1484,67473,58,162917
32378,0.000975,74.125.24.0-255,2902,70375,58,162917
32379,0.000981,172.31.46.0-255,66,70441,58,162917
32380,0.000986,74.125.24.0-255,2902,73343,58,162917
32381,0.000987,172.31.46.0-255,66,73409,58,162917
32382,0.001003,74.125.24.0-255,2902,76311,58,162917
32383,0.001006,172.31.46.0-255,66,76377,58,162917
32384,0.001052,172.31.46.0-255,66,76443,58,162917
32385,0.001892,74.125.24.0-255,1484,77927,58,162917
32386,0.001902,74.125.24.0-255,2902,80829,58,162917
32387,0.001906,172.31.46.0-255,66,80895,58,162917
32388,0.001913,74.125.24.0-255,5738,86633,58,162917
32389,0.001915,172.31.46.0-255,66,86699,58,162917
32390,0.001984,172.31.46.0-255,66,86765,58,162917
32391,0.001991,74.125.24.0-255,5738,92503,58,162917
32392,0.001993,172.31.46.0-255,66,92569,58,162917
32393,0.002011,74.125.24.0-255,6438,99007,58,162917
32394,0.002013,172.31.46.0-255,66,99073,58,162917
32395,0.004365,74.125.24.0-255,5738,104811,58,162917
32396,0.004372,172.31.46.0-255,66,104877,58,162917
32397,0.006722,74.125.24.0-255,5738,110615,58,162917
32398,0.006726,172.31.46.0-255,66,110681,58,162917
32399,0.009079,74.125.24.0-255,5738,116419,58,162917
32400,0.009086,172.31.46.0-255,66,116485,58,162917
32401,0.011454,74.125.24.0-255,5738,122223,58,162917
32402,0.011462,172.31.46.0-255,66,122289,58,162917
32403,0.013848,74.125.24.0-255,5738,128027,58,162917
32404,0.013855,172.31.46.0-255,66,128093,58,162917
32405,0.016197,74.125.24.0-255,5738,133831,58,162917
32406,0.016205,172.31.46.0-255,66,133897,58,162917
32407,0.018564,74.125.24.0-255,5738,139635,58,162917
32408,0.018575,172.31.46.0-255,66,139701,58,162917
32409,0.020927,74.125.24.0-255,5738,145439,58,162917
32410,0.020934,172.31.46.0-255,66,145505,58,162917
32411,0.023275,74.125.24.0-255,5738,151243,58,162917
32412,0.023284,172.31.46.0-255,66,151309,58,162917
32413,0.025636,74.125.24.0-255,5738,157047,58,162917
32414,0.025644,172.31.46.0-255,66,157113,58,162917
32415,0.02801,74.125.24.0-255,5738,162851,58,162917
32416,0.028018,172.31.46.0-255,66,162917,58,162917
32417,0.0,74.125.68.0-255,163,163,58,259976
32418,2.3e-05,172.31.46.0-255,66,229,58,259976
32419,3e-05,74.125.68.0-255,1484,1713,58,259976
32420,3.4e-05,172.31.46.0-255,66,1779,58,259976
32421,4.9e-05,74.125.68.0-255,2902,4681,58,259976
32422,5.3e-05,172.31.46.0-255,66,4747,58,259976
32423,6.1e-05,74.125.68.0-255,7156,11903,58,259976
32424,6.4e-05,172.31.46.0-255,66,11969,58,259976
32425,6.8e-05,74.125.68.0-255,1903,13872,58,259976
32426,7.1e-05,172.31.46.0-255,66,13938,58,259976
32427,0.000212,74.125.68.0-255,1484,15422,58,259976
32428,0.000217,172.31.46.0-255,66,15488,58,259976
32429,0.000268,74.125.68.0-255,1484,16972,58,259976
32430,0.000272,172.31.46.0-255,66,17038,58,259976
32431,0.000305,74.125.68.0-255,2902,19940,58,259976
32432,0.000308,172.31.46.0-255,66,20006,58,259976
32433,0.000315,74.125.68.0-255,5738,25744,58,259976
32434,0.000317,172.31.46.0-255,66,25810,58,259976
32435,0.000328,74.125.68.0-255,5379,31189,58,259976
32436,0.000331,172.31.46.0-255,66,31255,58,259976
32437,0.000369,74.125.68.0-255,5738,36993,58,259976
32438,0.000371,172.31.46.0-255,66,37059,58,259976
32439,0.000404,74.125.68.0-255,7156,44215,58,259976
32440,0.000407,172.31.46.0-255,66,44281,58,259976
32441,0.000437,74.125.68.0-255,3961,48242,58,259976
32442,0.000439,172.31.46.0-255,66,48308,58,259976
32443,0.000483,74.125.68.0-255,1484,49792,58,259976
32444,0.000486,172.31.46.0-255,66,49858,58,259976
32445,0.000513,74.125.68.0-255,1484,51342,58,259976
32446,0.000516,172.31.46.0-255,66,51408,58,259976
32447,0.000544,74.125.68.0-255,2902,54310,58,259976
32448,0.000547,172.31.46.0-255,66,54376,58,259976
32449,0.000577,74.125.68.0-255,5738,60114,58,259976
32450,0.000581,172.31.46.0-255,66,60180,58,259976
32451,0.000623,74.125.68.0-255,5379,65559,58,259976
32452,0.000626,172.31.46.0-255,66,65625,58,259976
32453,0.000674,74.125.68.0-255,411,66036,58,259976
32454,0.000716,74.125.68.0-255,1484,67520,58,259976
32455,0.000719,172.31.46.0-255,66,67586,58,259976
32456,0.000747,74.125.68.0-255,2902,70488,58,259976
32457,0.000751,172.31.46.0-255,66,70554,58,259976
32458,0.000758,74.125.68.0-255,5738,76292,58,259976
32459,0.00076,172.31.46.0-255,66,76358,58,259976
32460,0.000803,172.31.46.0-255,66,76424,58,259976
32461,0.000815,172.31.46.0-255,66,76490,58,259976
32462,0.000819,74.125.68.0-255,2902,79392,58,259976
32463,0.000822,172.31.46.0-255,66,79458,58,259976
32464,0.000852,74.125.68.0-255,2184,81642,58,259976
32465,0.000855,172.31.46.0-255,66,81708,58,259976
32466,0.000858,74.125.68.0-255,332,82040,58,259976
32467,0.001279,74.125.68.0-255,1484,83524,58,259976
32468,0.001288,172.31.46.0-255,66,83590,58,259976
32469,0.001295,74.125.68.0-255,2902,86492,58,259976
32470,0.001298,172.31.46.0-255,66,86558,58,259976
32471,0.001327,74.125.68.0-255,5738,92296,58,259976
32472,0.001329,74.125.68.0-255,1484,93780,58,259976
32473,0.001332,74.125.68.0-255,1484,95264,58,259976
32474,0.001336,172.31.46.0-255,66,95330,58,259976
32475,0.001339,172.31.46.0-255,66,95396,58,259976
32476,0.001347,74.125.68.0-255,1484,96880,58,259976
32477,0.001359,74.125.68.0-255,5738,102618,58,259976
32478,0.001361,172.31.46.0-255,66,102684,58,259976
32479,0.001394,172.31.46.0-255,66,102750,58,259976
32480,0.001434,74.125.68.0-255,1484,104234,58,259976
32481,0.001452,74.125.68.0-255,3602,107836,58,259976
32482,0.001455,172.31.46.0-255,66,107902,58,259976
32483,0.001648,74.125.68.0-255,1484,109386,58,259976
32484,0.001653,74.125.68.0-255,1484,110870,58,259976
32485,0.001657,172.31.46.0-255,66,110936,58,259976
32486,0.00168,74.125.68.0-255,1484,112420,58,259976
32487,0.001683,74.125.68.0-255,1484,113904,58,259976
32488,0.001686,172.31.46.0-255,66,113970,58,259976
32489,0.001691,74.125.68.0-255,2902,116872,58,259976
32490,0.001693,172.31.46.0-255,66,116938,58,259976
32491,0.001722,74.125.68.0-255,1484,118422,58,259976
32492,0.001745,74.125.68.0-255,2902,121324,58,259976
32493,0.001748,172.31.46.0-255,66,121390,58,259976
32494,0.001781,74.125.68.0-255,4320,125710,58,259976
32495,0.001783,172.31.46.0-255,66,125776,58,259976
32496,0.001809,74.125.68.0-255,5738,131514,58,259976
32497,0.001812,172.31.46.0-255,66,131580,58,259976
32498,0.001837,74.125.68.0-255,7156,138736,58,259976
32499,0.00184,172.31.46.0-255,66,138802,58,259976
32500,0.00187,74.125.68.0-255,3602,142404,58,259976
32501,0.001872,172.31.46.0-255,66,142470,58,259976
32502,0.001905,74.125.68.0-255,4320,146790,58,259976
32503,0.001908,172.31.46.0-255,66,146856,58,259976
32504,0.001946,74.125.68.0-255,7156,154012,58,259976
32505,0.00195,172.31.46.0-255,66,154078,58,259976
32506,0.001962,172.31.46.0-255,66,154144,58,259976
32507,0.001994,74.125.68.0-255,2902,157046,58,259976
32508,0.001996,172.31.46.0-255,66,157112,58,259976
32509,0.00203,74.125.68.0-255,4320,161432,58,259976
32510,0.002032,172.31.46.0-255,66,161498,58,259976
32511,0.002036,74.125.68.0-255,1484,162982,58,259976
32512,0.002059,74.125.68.0-255,4320,167302,58,259976
32513,0.002062,172.31.46.0-255,66,167368,58,259976
32514,0.002064,74.125.68.0-255,766,168134,58,259976
32515,0.002195,74.125.68.0-255,1484,169618,58,259976
32516,0.0022,172.31.46.0-255,66,169684,58,259976
32517,0.002206,74.125.68.0-255,2902,172586,58,259976
32518,0.002209,172.31.46.0-255,66,172652,58,259976
32519,0.002242,74.125.68.0-255,5738,178390,58,259976
32520,0.002245,172.31.46.0-255,66,178456,58,259976
32521,0.002251,74.125.68.0-255,5738,184194,58,259976
32522,0.002253,172.31.46.0-255,66,184260,58,259976
32523,0.002275,74.125.68.0-255,1484,185744,58,259976
32524,0.002282,74.125.68.0-255,5738,191482,58,259976
32525,0.002284,172.31.46.0-255,66,191548,58,259976
32526,0.002307,74.125.68.0-255,1484,193032,58,259976
32527,0.004547,74.125.68.0-255,4320,197352,58,259976
32528,0.004554,172.31.46.0-255,66,197418,58,259976
32529,0.00682,74.125.68.0-255,4320,201738,58,259976
32530,0.006825,172.31.46.0-255,66,201804,58,259976
32531,0.006849,74.125.68.0-255,1484,203288,58,259976
32532,0.009107,74.125.68.0-255,4320,207608,58,259976
32533,0.009114,172.31.46.0-255,66,207674,58,259976
32534,0.011428,74.125.68.0-255,5738,213412,58,259976
32535,0.011436,172.31.46.0-255,66,213478,58,259976
32536,0.013714,74.125.68.0-255,5738,219216,58,259976
32537,0.013721,172.31.46.0-255,66,219282,58,259976
32538,0.015987,74.125.68.0-255,1484,220766,58,259976
32539,0.016009,74.125.68.0-255,4320,225086,58,259976
32540,0.016017,172.31.46.0-255,66,225152,58,259976
32541,0.01831,74.125.68.0-255,5738,230890,58,259976
32542,0.018318,172.31.46.0-255,66,230956,58,259976
32543,0.020619,74.125.68.0-255,5738,236694,58,259976
32544,0.020627,172.31.46.0-255,66,236760,58,259976
32545,0.022898,74.125.68.0-255,5738,242498,58,259976
32546,0.022906,172.31.46.0-255,66,242564,58,259976
32547,0.025186,74.125.68.0-255,5738,248302,58,259976
32548,0.025193,172.31.46.0-255,66,248368,58,259976
32549,0.02747,74.125.68.0-255,5738,254106,58,259976
32550,0.027478,172.31.46.0-255,66,254172,58,259976
32551,0.029749,74.125.68.0-255,5738,259910,58,259976
32552,0.029757,172.31.46.0-255,66,259976,58,259976
32553,0.0,172.217.194.0-255,154,154,58,184865
32554,1.3e-05,172.31.46.0-255,66,220,58,184865
32555,1.9e-05,172.217.194.0-255,1484,1704,58,184865
32556,2.3e-05,172.31.46.0-255,66,1770,58,184865
32557,2.8e-05,172.217.194.0-255,2902,4672,58,184865
32558,3.1e-05,172.31.46.0-255,66,4738,58,184865
32559,3.8e-05,172.217.194.0-255,7156,11894,58,184865
32560,4.1e-05,172.31.46.0-255,66,11960,58,184865
32561,7.8e-05,172.217.194.0-255,2099,14059,58,184865
32562,8.1e-05,172.31.46.0-255,66,14125,58,184865
32563,0.000108,172.217.194.0-255,1484,15609,58,184865
32564,0.00011,172.31.46.0-255,66,15675,58,184865
32565,0.000123,172.217.194.0-255,2902,18577,58,184865
32566,0.000125,172.31.46.0-255,66,18643,58,184865
32567,0.000154,172.217.194.0-255,5738,24381,58,184865
32568,0.000157,172.31.46.0-255,66,24447,58,184865
32569,0.000177,172.217.194.0-255,4320,28767,58,184865
32570,0.000179,172.31.46.0-255,66,28833,58,184865
32571,0.000212,172.217.194.0-255,2543,31376,58,184865
32572,0.000214,172.31.46.0-255,66,31442,58,184865
32573,0.000256,172.217.194.0-255,1484,32926,58,184865
32574,0.000258,172.31.46.0-255,66,32992,58,184865
32575,0.000276,172.217.194.0-255,2902,35894,58,184865
32576,0.000279,172.31.46.0-255,66,35960,58,184865
32577,0.000295,172.217.194.0-255,5738,41698,58,184865
32578,0.000298,172.31.46.0-255,66,41764,58,184865
32579,0.000325,172.217.194.0-255,6797,48561,58,184865
32580,0.000328,172.31.46.0-255,66,48627,58,184865
32581,0.000362,172.217.194.0-255,2902,51529,58,184865
32582,0.000364,172.31.46.0-255,66,51595,58,184865
32583,0.000389,172.31.46.0-255,66,51661,58,184865
32584,0.000431,172.217.194.0-255,2800,54461,58,184865
32585,0.000433,172.31.46.0-255,66,54527,58,184865
32586,0.000436,172.217.194.0-255,430,54957,58,184865
32587,0.000611,172.217.194.0-255,1484,56441,58,184865
32588,0.000615,172.31.46.0-255,66,56507,58,184865
32589,0.000638,172.217.194.0-255,2902,59409,58,184865
32590,0.000641,172.31.46.0-255,66,59475,58,184865
32591,0.000646,172.217.194.0-255,5738,65213,58,184865
32592,0.000648,172.31.46.0-255,66,65279,58,184865
32593,0.000652,172.217.194.0-255,2902,68181,58,184865
32594,0.000654,172.31.46.0-255,66,68247,58,184865
32595,0.000692,172.31.46.0-255,66,68313,58,184865
32596,0.000717,172.217.194.0-255,1484,69797,58,184865
32597,0.000744,172.31.46.0-255,66,69863,58,184865
32598,0.001354,172.217.194.0-255,1484,71347,58,184865
32599,0.001362,172.217.194.0-255,2902,74249,58,184865
32600,0.001366,172.31.46.0-255,66,74315,58,184865
32601,0.00139,172.217.194.0-255,2902,77217,58,184865
32602,0.001391,172.31.46.0-255,66,77283,58,184865
32603,0.001412,172.217.194.0-255,2902,80185,58,184865
32604,0.001414,172.31.46.0-255,66,80251,58,184865
32605,0.00142,172.217.194.0-255,5738,85989,58,184865
32606,0.001422,172.31.46.0-255,66,86055,58,184865
32607,0.001434,172.31.46.0-255,66,86121,58,184865
32608,0.001495,172.217.194.0-255,5020,91141,58,184865
32609,0.001498,172.31.46.0-255,66,91207,58,184865
32610,0.001523,172.31.46.0-255,66,91273,58,184865
32611,0.001545,172.31.46.0-255,66,91339,58,184865
32612,0.001627,172.217.194.0-255,7156,98495,58,184865
32613,0.00163,172.31.46.0-255,66,98561,58,184865
32614,0.001666,172.31.46.0-255,66,98627,58,184865
32615,0.001767,172.217.194.0-255,5738,104365,58,184865
32616,0.001771,172.31.46.0-255,66,104431,58,184865
32617,0.001798,172.31.46.0-255,66,104497,58,184865
32618,0.001875,172.31.46.0-255,66,104563,58,184865
32619,0.001908,172.31.46.0-255,66,104629,58,184865
32620,0.002064,172.31.46.0-255,66,104695,58,184865
32621,0.002123,172.31.46.0-255,66,104761,58,184865
32622,0.00235,172.217.194.0-255,5738,110499,58,184865
32623,0.002355,172.31.46.0-255,66,110565,58,184865
32624,0.002379,172.31.46.0-255,66,110631,58,184865
32625,0.00241,172.217.194.0-255,4320,114951,58,184865
32626,0.002412,172.31.46.0-255,66,115017,58,184865
32627,0.002465,172.217.194.0-255,3602,118619,58,184865
32628,0.00436,172.31.46.0-255,66,118685,58,184865
32629,0.006348,172.217.194.0-255,5738,124423,58,184865
32630,0.006353,172.31.46.0-255,66,124489,58,184865
32631,0.008313,172.217.194.0-255,5738,130227,58,184865
32632,0.008318,172.31.46.0-255,66,130293,58,184865
32633,0.010306,172.217.194.0-255,5738,136031,58,184865
32634,0.010321,172.31.46.0-255,66,136097,58,184865
32635,0.012307,172.217.194.0-255,5738,141835,58,184865
32636,0.012325,172.31.46.0-255,66,141901,58,184865
32637,0.014295,172.217.194.0-255,5738,147639,58,184865
32638,0.014306,172.31.46.0-255,66,147705,58,184865
32639,0.016316,172.217.194.0-255,5738,153443,58,184865
32640,0.016332,172.31.46.0-255,66,153509,58,184865
32641,0.01833,172.217.194.0-255,5738,159247,58,184865
32642,0.018346,172.31.46.0-255,66,159313,58,184865
32643,0.020353,172.217.194.0-255,5738,165051,58,184865
32644,0.020365,172.31.46.0-255,66,165117,58,184865
32645,0.022343,172.217.194.0-255,5738,170855,58,184865
32646,0.022352,172.31.46.0-255,66,170921,58,184865
32647,0.02437,172.217.194.0-255,5738,176659,58,184865
32648,0.024378,172.31.46.0-255,66,176725,58,184865
32649,0.026362,172.217.194.0-255,5738,182463,58,184865
32650,0.026371,172.31.46.0-255,66,182529,58,184865
32651,0.028345,172.217.194.0-255,2165,184694,58,184865
32652,0.028354,172.31.46.0-255,66,184760,58,184865
32653,0.028531,172.31.46.0-255,105,184865,58,184865
32654,0.0,172.217.194.0-255,297,297,58,205860
32655,2.3e-05,172.31.46.0-255,66,363,58,205860
32656,2.9e-05,172.217.194.0-255,1484,1847,58,205860
32657,3.3e-05,172.31.46.0-255,66,1913,58,205860
32658,4e-05,172.217.194.0-255,4320,6233,58,205860
32659,5.2e-05,172.31.46.0-255,66,6299,58,205860
32660,6.3e-05,172.31.46.0-255,66,6365,58,205860
32661,7e-05,172.217.194.0-255,7156,13521,58,205860
32662,7.2e-05,172.31.46.0-255,66,13587,58,205860
32663,0.000105,172.217.194.0-255,4320,17907,58,205860
32664,0.000108,172.31.46.0-255,66,17973,58,205860
32665,0.000135,172.217.194.0-255,3961,21934,58,205860
32666,0.000138,172.31.46.0-255,66,22000,58,205860
32667,0.000224,172.217.194.0-255,1484,23484,58,205860
32668,0.000227,172.31.46.0-255,66,23550,58,205860
32669,0.000232,172.217.194.0-255,2902,26452,58,205860
32670,0.000235,172.31.46.0-255,66,26518,58,205860
32671,0.000264,172.217.194.0-255,5738,32256,58,205860
32672,0.000267,172.31.46.0-255,66,32322,58,205860
32673,0.000275,172.217.194.0-255,6797,39119,58,205860
32674,0.000276,172.31.46.0-255,66,39185,58,205860
32675,0.000316,172.31.46.0-255,66,39251,58,205860
32676,0.000321,172.217.194.0-255,2543,41794,58,205860
32677,0.000323,172.31.46.0-255,66,41860,58,205860
32678,0.000409,172.217.194.0-255,645,42505,58,205860
32679,0.000413,172.31.46.0-255,66,42571,58,205860
32680,0.001168,172.217.194.0-255,1484,44055,58,205860
32681,0.001175,172.31.46.0-255,66,44121,58,205860
32682,0.001184,172.217.194.0-255,2902,47023,58,205860
32683,0.001187,172.31.46.0-255,66,47089,58,205860
32684,0.001201,172.217.194.0-255,5738,52827,58,205860
32685,0.001206,172.217.194.0-255,2902,55729,58,205860
32686,0.001246,172.217.194.0-255,7156,62885,58,205860
32687,0.001266,172.217.194.0-255,3602,66487,58,205860
32688,0.001281,172.217.194.0-255,2902,69389,58,205860
32689,0.001296,172.217.194.0-255,7156,76545,58,205860
32690,0.001312,172.217.194.0-255,1484,78029,58,205860
32691,0.001315,172.217.194.0-255,1484,79513,58,205860
32692,0.001318,172.217.194.0-255,1484,80997,58,205860
32693,0.001448,172.217.194.0-255,5020,86017,58,205860
32694,0.001478,172.217.194.0-255,6249,92266,58,205860
32695,0.00151,172.217.194.0-255,2902,95168,58,205860
32696,0.001562,172.217.194.0-255,1484,96652,58,205860
32697,0.001566,172.217.194.0-255,1484,98136,58,205860
32698,0.001576,172.217.194.0-255,1484,99620,58,205860
32699,0.001583,172.217.194.0-255,5738,105358,58,205860
32700,0.001613,172.217.194.0-255,7156,112514,58,205860
32701,0.001624,172.217.194.0-255,1484,113998,58,205860
32702,0.001649,172.217.194.0-255,2902,116900,58,205860
32703,0.001694,172.217.194.0-255,1484,118384,58,205860
32704,0.001706,172.217.194.0-255,2902,121286,58,205860
32705,0.001733,172.217.194.0-255,4320,125606,58,205860
32706,0.001756,172.217.194.0-255,1484,127090,58,205860
32707,0.001776,172.217.194.0-255,7156,134246,58,205860
32708,0.001791,172.217.194.0-255,4320,138566,58,205860
32709,0.001795,172.217.194.0-255,2184,140750,58,205860
32710,0.0019,172.217.194.0-255,1484,142234,58,205860
32711,0.001907,172.217.194.0-255,2902,145136,58,205860
32712,0.00193,172.217.194.0-255,2902,148038,58,205860
32713,0.001959,172.217.194.0-255,2902,150940,58,205860
32714,0.002006,172.217.194.0-255,5738,156678,58,205860
32715,0.005469,172.31.46.0-255,66,156744,58,205860
32716,0.007551,172.217.194.0-255,5738,162482,58,205860
32717,0.007558,172.31.46.0-255,66,162548,58,205860
32718,0.009641,172.217.194.0-255,2902,165450,58,205860
32719,0.009646,172.31.46.0-255,66,165516,58,205860
32720,0.009681,172.217.194.0-255,2902,168418,58,205860
32721,0.009687,172.31.46.0-255,66,168484,58,205860
32722,0.01172,172.217.194.0-255,2902,171386,58,205860
32723,0.011728,172.31.46.0-255,66,171452,58,205860
32724,0.011757,172.217.194.0-255,2902,174354,58,205860
32725,0.013815,172.217.194.0-255,2902,177256,58,205860
32726,0.016516,172.31.46.0-255,66,177322,58,205860
32727,0.018622,172.217.194.0-255,5738,183060,58,205860
32728,0.018635,172.31.46.0-255,66,183126,58,205860
32729,0.020721,172.217.194.0-255,5738,188864,58,205860
32730,0.02073,172.31.46.0-255,66,188930,58,205860
32731,0.022804,172.217.194.0-255,5738,194668,58,205860
32732,0.022811,172.31.46.0-255,66,194734,58,205860
32733,0.024876,172.217.194.0-255,5738,200472,58,205860
32734,0.024885,172.31.46.0-255,66,200538,58,205860
32735,0.026963,172.217.194.0-255,5085,205623,58,205860
32736,0.026969,172.31.46.0-255,66,205689,58,205860
32737,0.027172,172.31.46.0-255,105,205794,58,205860
32738,0.029198,172.217.194.0-255,66,205860,58,205860
32739,0.0,172.217.194.0-255,156,156,58,209788
32740,2.4e-05,172.31.46.0-255,66,222,58,209788
32741,3.1e-05,172.217.194.0-255,1484,1706,58,209788
32742,3.6e-05,172.31.46.0-255,66,1772,58,209788
32743,5e-05,172.217.194.0-255,2902,4674,58,209788
32744,5.4e-05,172.31.46.0-255,66,4740,58,209788
32745,5.8e-05,172.217.194.0-255,2902,7642,58,209788
32746,6.1e-05,172.31.46.0-255,66,7708,58,209788
32747,6.7e-05,172.217.194.0-255,4320,12028,58,209788
32748,7e-05,172.31.46.0-255,66,12094,58,209788
32749,0.000109,172.217.194.0-255,3501,15595,58,209788
32750,0.000113,172.31.46.0-255,66,15661,58,209788
32751,0.00012,172.217.194.0-255,7156,22817,58,209788
32752,0.000123,172.31.46.0-255,66,22883,58,209788
32753,0.000151,172.217.194.0-255,5738,28621,58,209788
32754,0.000153,172.31.46.0-255,66,28687,58,209788
32755,0.00018,172.217.194.0-255,2543,31230,58,209788
32756,0.000182,172.31.46.0-255,66,31296,58,209788
32757,0.000193,172.31.46.0-255,66,31362,58,209788
32758,0.000206,172.217.194.0-255,1484,32846,58,209788
32759,0.000208,172.31.46.0-255,66,32912,58,209788
32760,0.000237,172.217.194.0-255,6797,39709,58,209788
32761,0.00024,172.31.46.0-255,66,39775,58,209788
32762,0.000768,172.217.194.0-255,1484,41259,58,209788
32763,0.000774,172.31.46.0-255,66,41325,58,209788
32764,0.000781,172.217.194.0-255,2902,44227,58,209788
32765,0.000783,172.31.46.0-255,66,44293,58,209788
32766,0.000795,172.217.194.0-255,5738,50031,58,209788
32767,0.000797,172.31.46.0-255,66,50097,58,209788
32768,0.000858,172.217.194.0-255,6797,56894,58,209788
32769,0.000862,172.31.46.0-255,66,56960,58,209788
32770,0.000867,172.217.194.0-255,2902,59862,58,209788
32771,0.000869,172.31.46.0-255,66,59928,58,209788
32772,0.000889,172.217.194.0-255,4320,64248,58,209788
32773,0.000891,172.31.46.0-255,66,64314,58,209788
32774,0.000907,172.31.46.0-255,66,64380,58,209788
32775,0.000935,172.217.194.0-255,1705,66085,58,209788
32776,0.000938,172.31.46.0-255,66,66151,58,209788
32777,0.001073,172.217.194.0-255,1484,67635,58,209788
32778,0.00108,172.217.194.0-255,2902,70537,58,209788
32779,0.001083,172.31.46.0-255,66,70603,58,209788
32780,0.00109,172.217.194.0-255,5738,76341,58,209788
32781,0.001092,172.31.46.0-255,66,76407,58,209788
32782,0.001144,172.217.194.0-255,6797,83204,58,209788
32783,0.001148,172.31.46.0-255,66,83270,58,209788
32784,0.001471,172.217.194.0-255,1484,84754,58,209788
32785,0.001478,172.217.194.0-255,2902,87656,58,209788
32786,0.001481,172.31.46.0-255,66,87722,58,209788
32787,0.001485,172.217.194.0-255,1484,89206,58,209788
32788,0.001512,172.217.194.0-255,4320,93526,58,209788
32789,0.001514,172.31.46.0-255,66,93592,58,209788
32790,0.001516,172.217.194.0-255,1484,95076,58,209788
32791,0.001529,172.31.46.0-255,66,95142,58,209788
32792,0.001549,172.217.194.0-255,1484,96626,58,209788
32793,0.001581,172.31.46.0-255,66,96692,58,209788
32794,0.001862,172.217.194.0-255,1484,98176,58,209788
32795,0.001869,172.217.194.0-255,2902,101078,58,209788
32796,0.001872,172.31.46.0-255,66,101144,58,209788
32797,0.001878,172.217.194.0-255,4320,105464,58,209788
32798,0.00188,172.31.46.0-255,66,105530,58,209788
32799,0.001895,172.217.194.0-255,1484,107014,58,209788
32800,0.001898,172.217.194.0-255,1484,108498,58,209788
32801,0.001899,172.31.46.0-255,66,108564,58,209788
32802,0.001932,172.31.46.0-255,66,108630,58,209788
32803,0.001984,172.217.194.0-255,4320,112950,58,209788
32804,0.001987,172.31.46.0-255,66,113016,58,209788
32805,0.002014,172.31.46.0-255,66,113082,58,209788
32806,0.002097,172.217.194.0-255,1484,114566,58,209788
32807,0.002102,172.217.194.0-255,1484,116050,58,209788
32808,0.002104,172.31.46.0-255,66,116116,58,209788
32809,0.00213,172.217.194.0-255,1484,117600,58,209788
32810,0.00215,172.217.194.0-255,2902,120502,58,209788
32811,0.002153,172.31.46.0-255,66,120568,58,209788
32812,0.002175,172.217.194.0-255,2902,123470,58,209788
32813,0.002178,172.31.46.0-255,66,123536,58,209788
32814,0.002183,172.217.194.0-255,7156,130692,58,209788
32815,0.002186,172.31.46.0-255,66,130758,58,209788
32816,0.002189,172.217.194.0-255,2902,133660,58,209788
32817,0.002191,172.31.46.0-255,66,133726,58,209788
32818,0.002233,172.31.46.0-255,66,133792,58,209788
32819,0.002237,172.217.194.0-255,2184,135976,58,209788
32820,0.002238,172.31.46.0-255,66,136042,58,209788
32821,0.00227,172.31.46.0-255,66,136108,58,209788
32822,0.002294,172.31.46.0-255,66,136174,58,209788
32823,0.002305,172.31.46.0-255,66,136240,58,209788
32824,0.002339,172.217.194.0-255,2184,138424,58,209788
32825,0.002341,172.31.46.0-255,66,138490,58,209788
32826,0.004596,172.217.194.0-255,2902,141392,58,209788
32827,0.0046,172.31.46.0-255,66,141458,58,209788
32828,0.004639,172.217.194.0-255,2902,144360,58,209788
32829,0.004641,172.31.46.0-255,66,144426,58,209788
32830,0.006909,172.217.194.0-255,2902,147328,58,209788
32831,0.006916,172.31.46.0-255,66,147394,58,209788
32832,0.006943,172.217.194.0-255,2902,150296,58,209788
32833,0.006947,172.31.46.0-255,66,150362,58,209788
32834,0.009226,172.217.194.0-255,2902,153264,58,209788
32835,0.009232,172.31.46.0-255,66,153330,58,209788
32836,0.009265,172.217.194.0-255,2902,156232,58,209788
32837,0.009268,172.31.46.0-255,66,156298,58,209788
32838,0.011537,172.217.194.0-255,2902,159200,58,209788
32839,0.011545,172.31.46.0-255,66,159266,58,209788
32840,0.011572,172.217.194.0-255,2902,162168,58,209788
32841,0.011574,172.31.46.0-255,66,162234,58,209788
32842,0.013822,172.217.194.0-255,2902,165136,58,209788
32843,0.013828,172.31.46.0-255,66,165202,58,209788
32844,0.013866,172.217.194.0-255,2902,168104,58,209788
32845,0.013869,172.31.46.0-255,66,168170,58,209788
32846,0.016119,172.217.194.0-255,2902,171072,58,209788
32847,0.016128,172.31.46.0-255,66,171138,58,209788
32848,0.016177,172.217.194.0-255,2902,174040,58,209788
32849,0.01618,172.31.46.0-255,66,174106,58,209788
32850,0.018417,172.217.194.0-255,2902,177008,58,209788
32851,0.018424,172.31.46.0-255,66,177074,58,209788
32852,0.018468,172.217.194.0-255,2902,179976,58,209788
32853,0.018471,172.31.46.0-255,66,180042,58,209788
32854,0.020727,172.217.194.0-255,2902,182944,58,209788
32855,0.020738,172.31.46.0-255,66,183010,58,209788
32856,0.020765,172.217.194.0-255,1484,184494,58,209788
32857,0.020784,172.217.194.0-255,1484,185978,58,209788
32858,0.020786,172.31.46.0-255,66,186044,58,209788
32859,0.023019,172.217.194.0-255,2902,188946,58,209788
32860,0.023027,172.31.46.0-255,66,189012,58,209788
32861,0.023088,172.217.194.0-255,2902,191914,58,209788
32862,0.023091,172.31.46.0-255,66,191980,58,209788
32863,0.02533,172.217.194.0-255,2902,194882,58,209788
32864,0.025337,172.31.46.0-255,66,194948,58,209788
32865,0.02537,172.217.194.0-255,2902,197850,58,209788
32866,0.025374,172.31.46.0-255,66,197916,58,209788
32867,0.027604,172.217.194.0-255,2902,200818,58,209788
32868,0.02761,172.31.46.0-255,66,200884,58,209788
32869,0.027663,172.217.194.0-255,2902,203786,58,209788
32870,0.027666,172.31.46.0-255,66,203852,58,209788
32871,0.029914,172.217.194.0-255,2902,206754,58,209788
32872,0.029923,172.31.46.0-255,66,206820,58,209788
32873,0.029951,172.217.194.0-255,2902,209722,58,209788
32874,0.029955,172.31.46.0-255,66,209788,58,209788
32875,0.0,74.125.24.0-255,153,153,58,244962
32876,1.5e-05,172.31.46.0-255,66,219,58,244962
32877,2.2e-05,74.125.24.0-255,1484,1703,58,244962
32878,2.6e-05,172.31.46.0-255,66,1769,58,244962
32879,3.3e-05,74.125.24.0-255,2902,4671,58,244962
32880,3.6e-05,172.31.46.0-255,66,4737,58,244962
32881,4.3e-05,74.125.24.0-255,4320,9057,58,244962
32882,4.6e-05,172.31.46.0-255,66,9123,58,244962
32883,5.1e-05,74.125.24.0-255,2902,12025,58,244962
32884,5.4e-05,172.31.46.0-255,66,12091,58,244962
32885,7.9e-05,74.125.24.0-255,6310,18401,58,244962
32886,8.2e-05,172.31.46.0-255,66,18467,58,244962
32887,9.6e-05,172.31.46.0-255,66,18533,58,244962
32888,0.000116,74.125.24.0-255,1125,19658,58,244962
32889,0.000118,172.31.46.0-255,66,19724,58,244962
32890,0.000158,74.125.24.0-255,1484,21208,58,244962
32891,0.00016,172.31.46.0-255,66,21274,58,244962
32892,0.000178,74.125.24.0-255,4320,25594,58,244962
32893,0.000181,172.31.46.0-255,66,25660,58,244962
32894,0.000184,74.125.24.0-255,1484,27144,58,244962
32895,0.000185,172.31.46.0-255,66,27210,58,244962
32896,0.000207,74.125.24.0-255,5738,32948,58,244962
32897,0.00021,172.31.46.0-255,66,33014,58,244962
32898,0.00023,74.125.24.0-255,2902,35916,58,244962
32899,0.000232,172.31.46.0-255,66,35982,58,244962
32900,0.000242,74.125.24.0-255,1125,37107,58,244962
32901,0.000244,172.31.46.0-255,66,37173,58,244962
32902,0.000543,74.125.24.0-255,1484,38657,58,244962
32903,0.000549,172.31.46.0-255,66,38723,58,244962
32904,0.000555,74.125.24.0-255,2902,41625,58,244962
32905,0.000557,172.31.46.0-255,66,41691,58,244962
32906,0.000584,74.125.24.0-255,5738,47429,58,244962
32907,0.000591,74.125.24.0-255,5738,53167,58,244962
32908,0.000607,172.31.46.0-255,66,53233,58,244962
32909,0.000632,74.125.24.0-255,1704,54937,58,244962
32910,0.000648,172.31.46.0-255,66,55003,58,244962
32911,0.000679,74.125.24.0-255,2902,57905,58,244962
32912,0.000682,74.125.24.0-255,1484,59389,58,244962
32913,0.000691,172.31.46.0-255,66,59455,58,244962
32914,0.000704,74.125.24.0-255,5738,65193,58,244962
32915,0.00071,74.125.24.0-255,4320,69513,58,244962
32916,0.00074,74.125.24.0-255,4320,73833,58,244962
32917,0.00075,172.31.46.0-255,66,73899,58,244962
32918,0.000767,74.125.24.0-255,6797,80696,58,244962
32919,0.000783,172.31.46.0-255,66,80762,58,244962
32920,0.00092,74.125.24.0-255,1484,82246,58,244962
32921,0.000925,74.125.24.0-255,2902,85148,58,244962
32922,0.000936,74.125.24.0-255,1484,86632,58,244962
32923,0.000939,172.31.46.0-255,66,86698,58,244962
32924,0.00095,74.125.24.0-255,4320,91018,58,244962
32925,0.00097,172.31.46.0-255,66,91084,58,244962
32926,0.001002,74.125.24.0-255,6235,97319,58,244962
32927,0.001021,172.31.46.0-255,66,97385,58,244962
32928,0.001469,74.125.24.0-255,1484,98869,58,244962
32929,0.001474,74.125.24.0-255,2902,101771,58,244962
32930,0.001487,172.31.46.0-255,66,101837,58,244962
32931,0.001495,74.125.24.0-255,5738,107575,58,244962
32932,0.0015,74.125.24.0-255,4320,111895,58,244962
32933,0.001514,74.125.24.0-255,2902,114797,58,244962
32934,0.001527,74.125.24.0-255,2902,117699,58,244962
32935,0.001539,74.125.24.0-255,2902,120601,58,244962
32936,0.001546,172.31.46.0-255,66,120667,58,244962
32937,0.001593,74.125.24.0-255,2184,122851,58,244962
32938,0.002944,74.125.24.0-255,1484,124335,58,244962
32939,0.002953,74.125.24.0-255,2902,127237,58,244962
32940,0.002984,74.125.24.0-255,5738,132975,58,244962
32941,0.003017,74.125.24.0-255,1484,134459,58,244962
32942,0.003035,74.125.24.0-255,5738,140197,58,244962
32943,0.00305,74.125.24.0-255,4320,144517,58,244962
32944,0.003107,74.125.24.0-255,1152,145669,58,244962
32945,0.003113,74.125.24.0-255,5738,151407,58,244962
32946,0.00313,74.125.24.0-255,2902,154309,58,244962
32947,0.003166,74.125.24.0-255,2902,157211,58,244962
32948,0.00317,74.125.24.0-255,2184,159395,58,244962
32949,0.003699,74.125.24.0-255,1484,160879,58,244962
32950,0.003714,74.125.24.0-255,2902,163781,58,244962
32951,0.003734,74.125.24.0-255,5738,169519,58,244962
32952,0.003737,74.125.24.0-255,1484,171003,58,244962
32953,0.003754,74.125.24.0-255,1484,172487,58,244962
32954,0.003803,74.125.24.0-255,5738,178225,58,244962
32955,0.003814,74.125.24.0-255,3602,181827,58,244962
32956,0.00387,74.125.24.0-255,2902,184729,58,244962
32957,0.003887,74.125.24.0-255,3602,188331,58,244962
32958,0.003914,74.125.24.0-255,4320,192651,58,244962
32959,0.00393,74.125.24.0-255,2902,195553,58,244962
32960,0.003933,74.125.24.0-255,1484,197037,58,244962
32961,0.00395,74.125.24.0-255,7156,204193,58,244962
32962,0.003984,74.125.24.0-255,1484,205677,58,244962
32963,0.004001,74.125.24.0-255,6438,212115,58,244962
32964,0.004041,74.125.24.0-255,2902,215017,58,244962
32965,0.004061,74.125.24.0-255,7156,222173,58,244962
32966,0.004074,74.125.24.0-255,1484,223657,58,244962
32967,0.004133,74.125.24.0-255,2902,226559,58,244962
32968,0.004149,74.125.24.0-255,2184,228743,58,244962
32969,0.004538,172.31.46.0-255,66,228809,58,244962
32970,0.004614,74.125.24.0-255,1484,230293,58,244962
32971,0.004621,74.125.24.0-255,2902,233195,58,244962
32972,0.004625,74.125.24.0-255,2902,236097,58,244962
32973,0.004636,74.125.24.0-255,2902,238999,58,244962
32974,0.00465,74.125.24.0-255,2902,241901,58,244962
32975,0.004654,172.31.46.0-255,66,241967,58,244962
32976,0.00466,172.31.46.0-255,66,242033,58,244962
32977,0.004671,74.125.24.0-255,2424,244457,58,244962
32978,0.004675,74.125.24.0-255,97,244554,58,244962
32979,0.004698,172.31.46.0-255,66,244620,58,244962
32980,0.004705,74.125.24.0-255,105,244725,58,244962
32981,0.010345,172.31.46.0-255,66,244791,58,244962
32982,0.010383,172.31.46.0-255,105,244896,58,244962
32983,0.012714,74.125.24.0-255,66,244962,58,244962
32984,0.0,74.125.130.0-255,153,153,58,294178
32985,2e-05,172.31.46.0-255,66,219,58,294178
32986,2.6e-05,74.125.130.0-255,1484,1703,58,294178
32987,3.1e-05,172.31.46.0-255,66,1769,58,294178
32988,3.4e-05,74.125.130.0-255,1484,3253,58,294178
32989,3.7e-05,172.31.46.0-255,66,3319,58,294178
32990,5.4e-05,74.125.130.0-255,1484,4803,58,294178
32991,5.7e-05,172.31.46.0-255,66,4869,58,294178
32992,7.1e-05,74.125.130.0-255,1484,6353,58,294178
32993,7.3e-05,172.31.46.0-255,66,6419,58,294178
32994,8.6e-05,74.125.130.0-255,2902,9321,58,294178
32995,8.9e-05,172.31.46.0-255,66,9387,58,294178
32996,0.00011,74.125.130.0-255,1484,10871,58,294178
32997,0.000112,172.31.46.0-255,66,10937,58,294178
32998,0.00012,74.125.130.0-255,6256,17193,58,294178
32999,0.000122,172.31.46.0-255,66,17259,58,294178
33000,0.000138,74.125.130.0-255,1484,18743,58,294178
33001,0.00014,172.31.46.0-255,66,18809,58,294178
33002,0.000144,74.125.130.0-255,2902,21711,58,294178
33003,0.000146,172.31.46.0-255,66,21777,58,294178
33004,0.000162,74.125.130.0-255,5738,27515,58,294178
33005,0.000164,172.31.46.0-255,66,27581,58,294178
33006,0.000166,74.125.130.0-255,1484,29065,58,294178
33007,0.000168,172.31.46.0-255,66,29131,58,294178
33008,0.000192,74.125.130.0-255,2543,31674,58,294178
33009,0.000194,172.31.46.0-255,66,31740,58,294178
33010,0.000299,74.125.130.0-255,1484,33224,58,294178
33011,0.000303,172.31.46.0-255,66,33290,58,294178
33012,0.000316,74.125.130.0-255,2902,36192,58,294178
33013,0.000319,172.31.46.0-255,66,36258,58,294178
33014,0.000321,74.125.130.0-255,1484,37742,58,294178
33015,0.000323,172.31.46.0-255,66,37808,58,294178
33016,0.000347,74.125.130.0-255,2902,40710,58,294178
33017,0.000349,172.31.46.0-255,66,40776,58,294178
33018,0.000355,74.125.130.0-255,5738,46514,58,294178
33019,0.000357,172.31.46.0-255,66,46580,58,294178
33020,0.000377,74.125.130.0-255,1484,48064,58,294178
33021,0.000395,74.125.130.0-255,4320,52384,58,294178
33022,0.000398,172.31.46.0-255,66,52450,58,294178
33023,0.000414,74.125.130.0-255,2902,55352,58,294178
33024,0.000416,172.31.46.0-255,66,55418,58,294178
33025,0.000444,74.125.130.0-255,4320,59738,58,294178
33026,0.000447,74.125.130.0-255,2902,62640,58,294178
33027,0.000451,172.31.46.0-255,66,62706,58,294178
33028,0.000454,172.31.46.0-255,66,62772,58,294178
33029,0.000487,74.125.130.0-255,3914,66686,58,294178
33030,0.00049,172.31.46.0-255,66,66752,58,294178
33031,0.000709,74.125.130.0-255,364,67116,58,294178
33032,0.00094,74.125.130.0-255,1484,68600,58,294178
33033,0.000945,74.125.130.0-255,2902,71502,58,294178
33034,0.000976,172.31.46.0-255,66,71568,58,294178
33035,0.000984,172.31.46.0-255,66,71634,58,294178
33036,0.000991,74.125.130.0-255,5738,77372,58,294178
33037,0.000993,172.31.46.0-255,66,77438,58,294178
33038,0.001,74.125.130.0-255,4320,81758,58,294178
33039,0.001003,172.31.46.0-255,66,81824,58,294178
33040,0.001018,74.125.130.0-255,1484,83308,58,294178
33041,0.001026,74.125.130.0-255,7156,90464,58,294178
33042,0.001028,172.31.46.0-255,66,90530,58,294178
33043,0.001048,74.125.130.0-255,5738,96268,58,294178
33044,0.00105,172.31.46.0-255,66,96334,58,294178
33045,0.001071,74.125.130.0-255,4320,100654,58,294178
33046,0.001074,172.31.46.0-255,66,100720,58,294178
33047,0.001077,74.125.130.0-255,766,101486,58,294178
33048,0.001247,74.125.130.0-255,1484,102970,58,294178
33049,0.001251,172.31.46.0-255,66,103036,58,294178
33050,0.001257,74.125.130.0-255,2902,105938,58,294178
33051,0.001259,172.31.46.0-255,66,106004,58,294178
33052,0.001291,74.125.130.0-255,5738,111742,58,294178
33053,0.001295,74.125.130.0-255,2902,114644,58,294178
33054,0.001298,172.31.46.0-255,66,114710,58,294178
33055,0.001301,172.31.46.0-255,66,114776,58,294178
33056,0.001321,74.125.130.0-255,4320,119096,58,294178
33057,0.001323,172.31.46.0-255,66,119162,58,294178
33058,0.001357,74.125.130.0-255,5738,124900,58,294178
33059,0.001359,172.31.46.0-255,66,124966,58,294178
33060,0.001386,74.125.130.0-255,7156,132122,58,294178
33061,0.001389,172.31.46.0-255,66,132188,58,294178
33062,0.001395,74.125.130.0-255,3602,135790,58,294178
33063,0.001397,172.31.46.0-255,66,135856,58,294178
33064,0.001543,74.125.130.0-255,1484,137340,58,294178
33065,0.001557,74.125.130.0-255,2902,140242,58,294178
33066,0.001561,172.31.46.0-255,66,140308,58,294178
33067,0.001566,74.125.130.0-255,2902,143210,58,294178
33068,0.001568,172.31.46.0-255,66,143276,58,294178
33069,0.00159,74.125.130.0-255,2902,146178,58,294178
33070,0.001592,172.31.46.0-255,66,146244,58,294178
33071,0.001614,74.125.130.0-255,5738,151982,58,294178
33072,0.001616,172.31.46.0-255,66,152048,58,294178
33073,0.001633,74.125.130.0-255,1484,153532,58,294178
33074,0.001636,74.125.130.0-255,1484,155016,58,294178
33075,0.001638,172.31.46.0-255,66,155082,58,294178
33076,0.001666,74.125.130.0-255,7156,162238,58,294178
33077,0.001669,172.31.46.0-255,66,162304,58,294178
33078,0.001675,74.125.130.0-255,4320,166624,58,294178
33079,0.001677,172.31.46.0-255,66,166690,58,294178
33080,0.001693,74.125.130.0-255,3602,170292,58,294178
33081,0.001696,172.31.46.0-255,66,170358,58,294178
33082,0.001837,74.125.130.0-255,1484,171842,58,294178
33083,0.001844,74.125.130.0-255,2902,174744,58,294178
33084,0.001847,172.31.46.0-255,66,174810,58,294178
33085,0.001865,74.125.130.0-255,4320,179130,58,294178
33086,0.001868,172.31.46.0-255,66,179196,58,294178
33087,0.001897,172.31.46.0-255,66,179262,58,294178
33088,0.001903,74.125.130.0-255,5738,185000,58,294178
33089,0.001905,172.31.46.0-255,66,185066,58,294178
33090,0.001908,74.125.130.0-255,1484,186550,58,294178
33091,0.001925,74.125.130.0-255,5738,192288,58,294178
33092,0.001928,172.31.46.0-255,66,192354,58,294178
33093,0.00195,74.125.130.0-255,1484,193838,58,294178
33094,0.001964,74.125.130.0-255,2184,196022,58,294178
33095,0.001966,172.31.46.0-255,66,196088,58,294178
33096,0.002089,74.125.130.0-255,1484,197572,58,294178
33097,0.002108,74.125.130.0-255,1484,199056,58,294178
33098,0.002111,172.31.46.0-255,66,199122,58,294178
33099,0.002117,74.125.130.0-255,2902,202024,58,294178
33100,0.002119,172.31.46.0-255,66,202090,58,294178
33101,0.002144,74.125.130.0-255,5738,207828,58,294178
33102,0.002147,172.31.46.0-255,66,207894,58,294178
33103,0.002152,74.125.130.0-255,4320,212214,58,294178
33104,0.002155,172.31.46.0-255,66,212280,58,294178
33105,0.002158,74.125.130.0-255,1484,213764,58,294178
33106,0.002183,74.125.130.0-255,4320,218084,58,294178
33107,0.002186,172.31.46.0-255,66,218150,58,294178
33108,0.002221,74.125.130.0-255,1484,219634,58,294178
33109,0.002253,172.31.46.0-255,66,219700,58,294178
33110,0.002256,74.125.130.0-255,766,220466,58,294178
33111,0.002331,74.125.130.0-255,1484,221950,58,294178
33112,0.002334,172.31.46.0-255,66,222016,58,294178
33113,0.002339,74.125.130.0-255,2902,224918,58,294178
33114,0.002342,172.31.46.0-255,66,224984,58,294178
33115,0.002364,74.125.130.0-255,5738,230722,58,294178
33116,0.002368,172.31.46.0-255,66,230788,58,294178
33117,0.00239,74.125.130.0-255,1484,232272,58,294178
33118,0.002403,172.31.46.0-255,66,232338,58,294178
33119,0.002453,172.31.46.0-255,66,232404,58,294178
33120,0.002474,74.125.130.0-255,5020,237424,58,294178
33121,0.002477,172.31.46.0-255,66,237490,58,294178
33122,0.004974,74.125.130.0-255,5738,243228,58,294178
33123,0.004982,172.31.46.0-255,66,243294,58,294178
33124,0.007489,74.125.130.0-255,4320,247614,58,294178
33125,0.007496,172.31.46.0-255,66,247680,58,294178
33126,0.007514,74.125.130.0-255,1484,249164,58,294178
33127,0.010004,74.125.130.0-255,4320,253484,58,294178
33128,0.010011,172.31.46.0-255,66,253550,58,294178
33129,0.012527,74.125.130.0-255,5738,259288,58,294178
33130,0.012535,172.31.46.0-255,66,259354,58,294178
33131,0.015049,74.125.130.0-255,5738,265092,58,294178
33132,0.015058,172.31.46.0-255,66,265158,58,294178
33133,0.017566,74.125.130.0-255,5738,270896,58,294178
33134,0.017573,172.31.46.0-255,66,270962,58,294178
33135,0.020096,74.125.130.0-255,5738,276700,58,294178
33136,0.020104,172.31.46.0-255,66,276766,58,294178
33137,0.022612,74.125.130.0-255,5738,282504,58,294178
33138,0.02262,172.31.46.0-255,66,282570,58,294178
33139,0.025138,74.125.130.0-255,5738,288308,58,294178
33140,0.025146,172.31.46.0-255,66,288374,58,294178
33141,0.027664,74.125.130.0-255,5738,294112,58,294178
33142,0.027671,172.31.46.0-255,66,294178,58,294178
33143,0.0,172.217.160.0-255,156,156,58,217064
33144,1.5e-05,172.31.46.0-255,66,222,58,217064
33145,2.2e-05,172.217.160.0-255,1484,1706,58,217064
33146,2.7e-05,172.31.46.0-255,66,1772,58,217064
33147,3.3e-05,172.217.160.0-255,2902,4674,58,217064
33148,4.5e-05,172.31.46.0-255,66,4740,58,217064
33149,5.3e-05,172.217.160.0-255,5738,10478,58,217064
33150,5.6e-05,172.31.46.0-255,66,10544,58,217064
33151,0.000116,172.217.160.0-255,3571,14115,58,217064
33152,0.000118,172.31.46.0-255,66,14181,58,217064
33153,0.000142,172.217.160.0-255,1484,15665,58,217064
33154,0.000145,172.31.46.0-255,66,15731,58,217064
33155,0.000164,172.217.160.0-255,2902,18633,58,217064
33156,0.000167,172.31.46.0-255,66,18699,58,217064
33157,0.000198,172.217.160.0-255,5738,24437,58,217064
33158,0.000201,172.31.46.0-255,66,24503,58,217064
33159,0.000207,172.217.160.0-255,4320,28823,58,217064
33160,0.000209,172.31.46.0-255,66,28889,58,217064
33161,0.000214,172.217.160.0-255,4320,33209,58,217064
33162,0.000217,172.31.46.0-255,66,33275,58,217064
33163,0.000255,172.31.46.0-255,66,33341,58,217064
33164,0.000262,172.217.160.0-255,6797,40138,58,217064
33165,0.000264,172.31.46.0-255,66,40204,58,217064
33166,0.000936,172.217.160.0-255,1484,41688,58,217064
33167,0.000942,172.31.46.0-255,66,41754,58,217064
33168,0.000951,172.217.160.0-255,2902,44656,58,217064
33169,0.000953,172.31.46.0-255,66,44722,58,217064
33170,0.000965,172.217.160.0-255,5738,50460,58,217064
33171,0.000967,172.31.46.0-255,66,50526,58,217064
33172,0.001007,172.217.160.0-255,6797,57323,58,217064
33173,0.00101,172.31.46.0-255,66,57389,58,217064
33174,0.001207,172.217.160.0-255,1484,58873,58,217064
33175,0.001215,172.217.160.0-255,2902,61775,58,217064
33176,0.001218,172.31.46.0-255,66,61841,58,217064
33177,0.001222,172.217.160.0-255,1484,63325,58,217064
33178,0.00125,172.217.160.0-255,4320,67645,58,217064
33179,0.001253,172.31.46.0-255,66,67711,58,217064
33180,0.001259,172.217.160.0-255,4320,72031,58,217064
33181,0.001261,172.31.46.0-255,66,72097,58,217064
33182,0.001269,172.217.160.0-255,7156,79253,58,217064
33183,0.001271,172.31.46.0-255,66,79319,58,217064
33184,0.001307,172.217.160.0-255,5379,84698,58,217064
33185,0.00131,172.31.46.0-255,66,84764,58,217064
33186,0.001319,172.217.160.0-255,6797,91561,58,217064
33187,0.001321,172.31.46.0-255,66,91627,58,217064
33188,0.001675,172.217.160.0-255,1484,93111,58,217064
33189,0.001682,172.217.160.0-255,2902,96013,58,217064
33190,0.001687,172.31.46.0-255,66,96079,58,217064
33191,0.001693,172.217.160.0-255,4320,100399,58,217064
33192,0.001695,172.31.46.0-255,66,100465,58,217064
33193,0.001746,172.217.160.0-255,5738,106203,58,217064
33194,0.00175,172.31.46.0-255,66,106269,58,217064
33195,0.001772,172.217.160.0-255,2431,108700,58,217064
33196,0.001774,172.31.46.0-255,66,108766,58,217064
33197,0.001796,172.31.46.0-255,66,108832,58,217064
33198,0.001803,172.217.160.0-255,7156,115988,58,217064
33199,0.001805,172.31.46.0-255,66,116054,58,217064
33200,0.001835,172.217.160.0-255,1246,117300,58,217064
33201,0.001861,172.217.160.0-255,1484,118784,58,217064
33202,0.001863,172.31.46.0-255,66,118850,58,217064
33203,0.001884,172.217.160.0-255,4320,123170,58,217064
33204,0.001887,172.31.46.0-255,66,123236,58,217064
33205,0.001892,172.217.160.0-255,4320,127556,58,217064
33206,0.001893,172.31.46.0-255,66,127622,58,217064
33207,0.001917,172.217.160.0-255,4320,131942,58,217064
33208,0.00192,172.31.46.0-255,66,132008,58,217064
33209,0.001937,172.31.46.0-255,66,132074,58,217064
33210,0.00197,172.217.160.0-255,5020,137094,58,217064
33211,0.001973,172.31.46.0-255,66,137160,58,217064
33212,0.003867,172.217.160.0-255,5738,142898,58,217064
33213,0.003878,172.31.46.0-255,66,142964,58,217064
33214,0.005783,172.217.160.0-255,5738,148702,58,217064
33215,0.0058,172.31.46.0-255,66,148768,58,217064
33216,0.007698,172.217.160.0-255,4320,153088,58,217064
33217,0.007704,172.31.46.0-255,66,153154,58,217064
33218,0.007732,172.217.160.0-255,1484,154638,58,217064
33219,0.009618,172.217.160.0-255,4320,158958,58,217064
33220,0.009625,172.31.46.0-255,66,159024,58,217064
33221,0.011566,172.217.160.0-255,5738,164762,58,217064
33222,0.011574,172.31.46.0-255,66,164828,58,217064
33223,0.013482,172.217.160.0-255,5738,170566,58,217064
33224,0.013491,172.31.46.0-255,66,170632,58,217064
33225,0.015405,172.217.160.0-255,5738,176370,58,217064
33226,0.015414,172.31.46.0-255,66,176436,58,217064
33227,0.01732,172.217.160.0-255,5738,182174,58,217064
33228,0.017327,172.31.46.0-255,66,182240,58,217064
33229,0.019233,172.217.160.0-255,5738,187978,58,217064
33230,0.019243,172.31.46.0-255,66,188044,58,217064
33231,0.021154,172.217.160.0-255,5738,193782,58,217064
33232,0.021161,172.31.46.0-255,66,193848,58,217064
33233,0.023068,172.217.160.0-255,5738,199586,58,217064
33234,0.023076,172.31.46.0-255,66,199652,58,217064
33235,0.024978,172.217.160.0-255,5738,205390,58,217064
33236,0.024986,172.31.46.0-255,66,205456,58,217064
33237,0.026911,172.217.160.0-255,5738,211194,58,217064
33238,0.026919,172.31.46.0-255,66,211260,58,217064
33239,0.028826,172.217.160.0-255,5738,216998,58,217064
33240,0.028834,172.31.46.0-255,66,217064,58,217064
33241,0.0,172.217.194.0-255,158,158,58,229689
33242,1.6e-05,172.31.46.0-255,66,224,58,229689
33243,2.3e-05,172.217.194.0-255,1484,1708,58,229689
33244,2.8e-05,172.31.46.0-255,66,1774,58,229689
33245,4.6e-05,172.217.194.0-255,2902,4676,58,229689
33246,5e-05,172.31.46.0-255,66,4742,58,229689
33247,5.6e-05,172.217.194.0-255,4320,9062,58,229689
33248,6e-05,172.31.46.0-255,66,9128,58,229689
33249,6.5e-05,172.217.194.0-255,2902,12030,58,229689
33250,6.8e-05,172.31.46.0-255,66,12096,58,229689
33251,9.3e-05,172.217.194.0-255,2038,14134,58,229689
33252,9.5e-05,172.31.46.0-255,66,14200,58,229689
33253,0.000113,172.217.194.0-255,4320,18520,58,229689
33254,0.000115,172.31.46.0-255,66,18586,58,229689
33255,0.000143,172.217.194.0-255,7156,25742,58,229689
33256,0.000146,172.31.46.0-255,66,25808,58,229689
33257,0.000164,172.217.194.0-255,4320,30128,58,229689
33258,0.000166,172.31.46.0-255,66,30194,58,229689
33259,0.000179,172.217.194.0-255,1125,31319,58,229689
33260,0.000182,172.31.46.0-255,66,31385,58,229689
33261,0.00027,172.217.194.0-255,1484,32869,58,229689
33262,0.000274,172.31.46.0-255,66,32935,58,229689
33263,0.00028,172.217.194.0-255,2902,35837,58,229689
33264,0.000282,172.31.46.0-255,66,35903,58,229689
33265,0.000288,172.217.194.0-255,2902,38805,58,229689
33266,0.00029,172.31.46.0-255,66,38871,58,229689
33267,0.000316,172.217.194.0-255,2902,41773,58,229689
33268,0.000319,172.31.46.0-255,66,41839,58,229689
33269,0.000327,172.217.194.0-255,6797,48636,58,229689
33270,0.000329,172.31.46.0-255,66,48702,58,229689
33271,0.000336,172.217.194.0-255,7156,55858,58,229689
33272,0.000339,172.31.46.0-255,66,55924,58,229689
33273,0.000386,172.217.194.0-255,4320,60244,58,229689
33274,0.000388,172.31.46.0-255,66,60310,58,229689
33275,0.000405,172.217.194.0-255,5667,65977,58,229689
33276,0.000408,172.31.46.0-255,66,66043,58,229689
33277,0.000532,172.217.194.0-255,99,66142,58,229689
33278,0.000578,172.217.194.0-255,1484,67626,58,229689
33279,0.000583,172.31.46.0-255,66,67692,58,229689
33280,0.000588,172.217.194.0-255,2902,70594,58,229689
33281,0.000591,172.31.46.0-255,66,70660,58,229689
33282,0.000616,172.217.194.0-255,2902,73562,58,229689
33283,0.000618,172.31.46.0-255,66,73628,58,229689
33284,0.000637,172.217.194.0-255,4320,77948,58,229689
33285,0.00064,172.31.46.0-255,66,78014,58,229689
33286,0.000644,172.217.194.0-255,2902,80916,58,229689
33287,0.000646,172.31.46.0-255,66,80982,58,229689
33288,0.000664,172.217.194.0-255,2543,83525,58,229689
33289,0.00067,172.31.46.0-255,101,83626,58,229689
33290,0.000679,172.31.46.0-255,66,83692,58,229689
33291,0.000799,172.217.194.0-255,1484,85176,58,229689
33292,0.000807,172.217.194.0-255,2902,88078,58,229689
33293,0.000811,172.31.46.0-255,66,88144,58,229689
33294,0.000825,172.217.194.0-255,2902,91046,58,229689
33295,0.000828,172.31.46.0-255,66,91112,58,229689
33296,0.000841,172.217.194.0-255,1484,92596,58,229689
33297,0.000869,172.217.194.0-255,4320,96916,58,229689
33298,0.000873,172.31.46.0-255,66,96982,58,229689
33299,0.000895,172.217.194.0-255,3961,100943,58,229689
33300,0.000899,172.31.46.0-255,66,101009,58,229689
33301,0.000906,172.217.194.0-255,5738,106747,58,229689
33302,0.000909,172.31.46.0-255,66,106813,58,229689
33303,0.000941,172.217.194.0-255,2902,109715,58,229689
33304,0.000944,172.31.46.0-255,66,109781,58,229689
33305,0.000957,172.31.46.0-255,66,109847,58,229689
33306,0.001024,172.217.194.0-255,2902,112749,58,229689
33307,0.001027,172.31.46.0-255,66,112815,58,229689
33308,0.001047,172.217.194.0-255,7156,119971,58,229689
33309,0.00105,172.31.46.0-255,66,120037,58,229689
33310,0.001075,172.217.194.0-255,3602,123639,58,229689
33311,0.001078,172.31.46.0-255,66,123705,58,229689
33312,0.001103,172.217.194.0-255,7156,130861,58,229689
33313,0.001106,172.31.46.0-255,66,130927,58,229689
33314,0.001131,172.217.194.0-255,5738,136665,58,229689
33315,0.001135,172.31.46.0-255,66,136731,58,229689
33316,0.001143,172.217.194.0-255,7156,143887,58,229689
33317,0.001145,172.31.46.0-255,66,143953,58,229689
33318,0.001172,172.217.194.0-255,7156,151109,58,229689
33319,0.001176,172.31.46.0-255,66,151175,58,229689
33320,0.001183,172.217.194.0-255,6438,157613,58,229689
33321,0.001186,172.31.46.0-255,66,157679,58,229689
33322,0.001288,172.217.194.0-255,1484,159163,58,229689
33323,0.001312,172.217.194.0-255,2902,162065,58,229689
33324,0.001315,172.31.46.0-255,66,162131,58,229689
33325,0.001321,172.217.194.0-255,2902,165033,58,229689
33326,0.001324,172.31.46.0-255,66,165099,58,229689
33327,0.001353,172.217.194.0-255,2902,168001,58,229689
33328,0.001356,172.31.46.0-255,66,168067,58,229689
33329,0.001362,172.217.194.0-255,5738,173805,58,229689
33330,0.001365,172.31.46.0-255,66,173871,58,229689
33331,0.001368,172.217.194.0-255,1484,175355,58,229689
33332,0.001404,172.31.46.0-255,66,175421,58,229689
33333,0.001408,172.217.194.0-255,2902,178323,58,229689
33334,0.00141,172.31.46.0-255,66,178389,58,229689
33335,0.001424,172.217.194.0-255,2184,180573,58,229689
33336,0.001427,172.31.46.0-255,66,180639,58,229689
33337,0.001545,172.217.194.0-255,1484,182123,58,229689
33338,0.001549,172.217.194.0-255,2902,185025,58,229689
33339,0.001555,172.217.194.0-255,5738,190763,58,229689
33340,0.00156,172.31.46.0-255,66,190829,58,229689
33341,0.001569,172.31.46.0-255,66,190895,58,229689
33342,0.001576,172.217.194.0-255,5738,196633,58,229689
33343,0.001578,172.31.46.0-255,66,196699,58,229689
33344,0.001595,172.217.194.0-255,7156,203855,58,229689
33345,0.001598,172.31.46.0-255,66,203921,58,229689
33346,0.001602,172.217.194.0-255,2902,206823,58,229689
33347,0.001605,172.31.46.0-255,66,206889,58,229689
33348,0.001635,172.31.46.0-255,66,206955,58,229689
33349,0.001682,172.31.46.0-255,66,207021,58,229689
33350,0.00173,172.31.46.0-255,66,207087,58,229689
33351,0.001741,172.31.46.0-255,66,207153,58,229689
33352,0.001758,172.31.46.0-255,66,207219,58,229689
33353,0.001788,172.31.46.0-255,66,207285,58,229689
33354,0.001802,172.31.46.0-255,66,207351,58,229689
33355,0.001816,172.31.46.0-255,66,207417,58,229689
33356,0.001822,172.217.194.0-255,5738,213155,58,229689
33357,0.001825,172.31.46.0-255,66,213221,58,229689
33358,0.001851,172.217.194.0-255,5738,218959,58,229689
33359,0.001853,172.31.46.0-255,66,219025,58,229689
33360,0.001856,172.217.194.0-255,1484,220509,58,229689
33361,0.001914,172.31.46.0-255,66,220575,58,229689
33362,0.001927,172.217.194.0-255,4320,224895,58,229689
33363,0.001971,172.31.46.0-255,66,224961,58,229689
33364,0.001985,172.217.194.0-255,4320,229281,58,229689
33365,0.002019,172.31.46.0-255,66,229347,58,229689
33366,0.002037,172.217.194.0-255,105,229452,58,229689
33367,0.003277,172.217.194.0-255,66,229518,58,229689
33368,0.012751,172.31.46.0-255,105,229623,58,229689
33369,0.01537,172.217.194.0-255,66,229689,58,229689
33370,0.0,74.125.130.0-255,152,152,58,301992
33371,2.3e-05,172.31.46.0-255,66,218,58,301992
33372,2.9e-05,74.125.130.0-255,1484,1702,58,301992
33373,3.3e-05,172.31.46.0-255,66,1768,58,301992
33374,4.6e-05,74.125.130.0-255,2902,4670,58,301992
33375,4.9e-05,172.31.46.0-255,66,4736,58,301992
33376,5.2e-05,74.125.130.0-255,1484,6220,58,301992
33377,5.4e-05,172.31.46.0-255,66,6286,58,301992
33378,5.9e-05,74.125.130.0-255,2902,9188,58,301992
33379,6.3e-05,172.31.46.0-255,66,9254,58,301992
33380,6.6e-05,74.125.130.0-255,1484,10738,58,301992
33381,6.9e-05,172.31.46.0-255,66,10804,58,301992
33382,0.000107,74.125.130.0-255,4814,15618,58,301992
33383,0.00011,172.31.46.0-255,66,15684,58,301992
33384,0.000116,74.125.130.0-255,4320,20004,58,301992
33385,0.000119,172.31.46.0-255,66,20070,58,301992
33386,0.00013,74.125.130.0-255,5738,25808,58,301992
33387,0.000132,172.31.46.0-255,66,25874,58,301992
33388,0.000172,74.125.130.0-255,5379,31253,58,301992
33389,0.000175,172.31.46.0-255,66,31319,58,301992
33390,0.000361,74.125.130.0-255,1484,32803,58,301992
33391,0.00038,172.31.46.0-255,66,32869,58,301992
33392,0.000386,74.125.130.0-255,2902,35771,58,301992
33393,0.000389,172.31.46.0-255,66,35837,58,301992
33394,0.000401,74.125.130.0-255,5738,41575,58,301992
33395,0.000403,172.31.46.0-255,66,41641,58,301992
33396,0.000407,74.125.130.0-255,2902,44543,58,301992
33397,0.00041,172.31.46.0-255,66,44609,58,301992
33398,0.000434,74.125.130.0-255,2902,47511,58,301992
33399,0.000438,172.31.46.0-255,66,47577,58,301992
33400,0.000456,74.125.130.0-255,1125,48702,58,301992
33401,0.000459,172.31.46.0-255,66,48768,58,301992
33402,0.000513,74.125.130.0-255,1484,50252,58,301992
33403,0.000528,74.125.130.0-255,2902,53154,58,301992
33404,0.00055,74.125.130.0-255,1484,54638,58,301992
33405,0.000563,74.125.130.0-255,4320,58958,58,301992
33406,0.000567,74.125.130.0-255,2902,61860,58,301992
33407,0.000579,172.31.46.0-255,66,61926,58,301992
33408,0.000631,74.125.130.0-255,4541,66467,58,301992
33409,0.000637,172.31.46.0-255,66,66533,58,301992
33410,0.000785,74.125.130.0-255,1484,68017,58,301992
33411,0.00079,74.125.130.0-255,2902,70919,58,301992
33412,0.000796,74.125.130.0-255,5738,76657,58,301992
33413,0.000805,172.31.46.0-255,66,76723,58,301992
33414,0.00084,74.125.130.0-255,4320,81043,58,301992
33415,0.000847,172.31.46.0-255,66,81109,58,301992
33416,0.000886,74.125.130.0-255,5738,86847,58,301992
33417,0.000891,74.125.130.0-255,3961,90808,58,301992
33418,0.000902,172.31.46.0-255,66,90874,58,301992
33419,0.001024,74.125.130.0-255,1484,92358,58,301992
33420,0.001053,74.125.130.0-255,2902,95260,58,301992
33421,0.001059,74.125.130.0-255,4320,99580,58,301992
33422,0.001066,172.31.46.0-255,66,99646,58,301992
33423,0.001074,74.125.130.0-255,1484,101130,58,301992
33424,0.001079,74.125.130.0-255,4320,105450,58,301992
33425,0.001091,172.31.46.0-255,66,105516,58,301992
33426,0.001121,74.125.130.0-255,7156,112672,58,301992
33427,0.00114,172.31.46.0-255,66,112738,58,301992
33428,0.001187,74.125.130.0-255,1484,114222,58,301992
33429,0.00119,74.125.130.0-255,1484,115706,58,301992
33430,0.001194,172.31.46.0-255,66,115772,58,301992
33431,0.001217,74.125.130.0-255,1484,117256,58,301992
33432,0.001228,74.125.130.0-255,5738,122994,58,301992
33433,0.001233,74.125.130.0-255,2902,125896,58,301992
33434,0.001248,172.31.46.0-255,66,125962,58,301992
33435,0.001258,74.125.130.0-255,1484,127446,58,301992
33436,0.001269,74.125.130.0-255,5738,133184,58,301992
33437,0.001272,74.125.130.0-255,1484,134668,58,301992
33438,0.001288,74.125.130.0-255,2902,137570,58,301992
33439,0.001302,74.125.130.0-255,7156,144726,58,301992
33440,0.001307,74.125.130.0-255,2184,146910,58,301992
33441,0.001349,172.31.46.0-255,66,146976,58,301992
33442,0.001357,74.125.130.0-255,1484,148460,58,301992
33443,0.001381,74.125.130.0-255,2902,151362,58,301992
33444,0.001385,74.125.130.0-255,2902,154264,58,301992
33445,0.001408,172.31.46.0-255,66,154330,58,301992
33446,0.001415,74.125.130.0-255,7156,161486,58,301992
33447,0.001434,74.125.130.0-255,1484,162970,58,301992
33448,0.001436,172.31.46.0-255,66,163036,58,301992
33449,0.001492,172.31.46.0-255,66,163102,58,301992
33450,0.001498,74.125.130.0-255,6438,169540,58,301992
33451,0.001509,172.31.46.0-255,66,169606,58,301992
33452,0.001567,74.125.130.0-255,1484,171090,58,301992
33453,0.001585,74.125.130.0-255,2902,173992,58,301992
33454,0.001599,74.125.130.0-255,4320,178312,58,301992
33455,0.001612,172.31.46.0-255,66,178378,58,301992
33456,0.00162,74.125.130.0-255,1484,179862,58,301992
33457,0.001644,74.125.130.0-255,7156,187018,58,301992
33458,0.001651,74.125.130.0-255,5738,192756,58,301992
33459,0.001654,74.125.130.0-255,1484,194240,58,301992
33460,0.001674,74.125.130.0-255,5738,199978,58,301992
33461,0.001681,172.31.46.0-255,66,200044,58,301992
33462,0.001709,74.125.130.0-255,3602,203646,58,301992
33463,0.001715,172.31.46.0-255,66,203712,58,301992
33464,0.002012,74.125.130.0-255,1484,205196,58,301992
33465,0.002018,74.125.130.0-255,2902,208098,58,301992
33466,0.002021,172.31.46.0-255,66,208164,58,301992
33467,0.002049,74.125.130.0-255,1484,209648,58,301992
33468,0.002053,74.125.130.0-255,2902,212550,58,301992
33469,0.00206,74.125.130.0-255,5738,218288,58,301992
33470,0.002076,172.31.46.0-255,66,218354,58,301992
33471,0.002093,74.125.130.0-255,1484,219838,58,301992
33472,0.002145,74.125.130.0-255,4320,224158,58,301992
33473,0.002159,74.125.130.0-255,3602,227760,58,301992
33474,0.002279,74.125.130.0-255,1484,229244,58,301992
33475,0.002284,74.125.130.0-255,2902,232146,58,301992
33476,0.00231,74.125.130.0-255,4320,236466,58,301992
33477,0.00233,74.125.130.0-255,4320,240786,58,301992
33478,0.002642,172.31.46.0-255,66,240852,58,301992
33479,0.004952,74.125.130.0-255,4320,245172,58,301992
33480,0.00496,172.31.46.0-255,66,245238,58,301992
33481,0.00499,74.125.130.0-255,1484,246722,58,301992
33482,0.007242,74.125.130.0-255,4320,251042,58,301992
33483,0.008521,172.31.46.0-255,66,251108,58,301992
33484,0.010816,74.125.130.0-255,5738,256846,58,301992
33485,0.010825,172.31.46.0-255,66,256912,58,301992
33486,0.013113,74.125.130.0-255,5738,262650,58,301992
33487,0.013122,172.31.46.0-255,66,262716,58,301992
33488,0.01541,74.125.130.0-255,5738,268454,58,301992
33489,0.015418,172.31.46.0-255,66,268520,58,301992
33490,0.017699,74.125.130.0-255,4320,272840,58,301992
33491,0.017707,172.31.46.0-255,66,272906,58,301992
33492,0.01774,74.125.130.0-255,1484,274390,58,301992
33493,0.020006,74.125.130.0-255,4320,278710,58,301992
33494,0.020014,172.31.46.0-255,66,278776,58,301992
33495,0.022302,74.125.130.0-255,5738,284514,58,301992
33496,0.022364,172.31.46.0-255,66,284580,58,301992
33497,0.024649,74.125.130.0-255,5738,290318,58,301992
33498,0.024657,172.31.46.0-255,66,290384,58,301992
33499,0.026943,74.125.130.0-255,5738,296122,58,301992
33500,0.02695,172.31.46.0-255,66,296188,58,301992
33501,0.029233,74.125.130.0-255,5738,301926,58,301992
33502,0.029239,172.31.46.0-255,66,301992,58,301992
33503,0.0,74.125.24.0-255,148,148,58,176455
33504,1.5e-05,172.31.46.0-255,66,214,58,176455
33505,2.2e-05,74.125.24.0-255,1484,1698,58,176455
33506,2.7e-05,172.31.46.0-255,66,1764,58,176455
33507,3.9e-05,74.125.24.0-255,2902,4666,58,176455
33508,4.2e-05,172.31.46.0-255,66,4732,58,176455
33509,8.6e-05,74.125.24.0-255,7156,11888,58,176455
33510,8.9e-05,172.31.46.0-255,66,11954,58,176455
33511,9.3e-05,74.125.24.0-255,2092,14046,58,176455
33512,9.6e-05,172.31.46.0-255,66,14112,58,176455
33513,0.00013,172.31.46.0-255,66,14178,58,176455
33514,0.000137,74.125.24.0-255,7156,21334,58,176455
33515,0.00014,172.31.46.0-255,66,21400,58,176455
33516,0.000173,74.125.24.0-255,5738,27138,58,176455
33517,0.000175,172.31.46.0-255,66,27204,58,176455
33518,0.000202,172.31.46.0-255,66,27270,58,176455
33519,0.000228,74.125.24.0-255,4320,31590,58,176455
33520,0.00023,172.31.46.0-255,66,31656,58,176455
33521,0.000267,172.31.46.0-255,66,31722,58,176455
33522,0.000271,74.125.24.0-255,2837,34559,58,176455
33523,0.000273,172.31.46.0-255,66,34625,58,176455
33524,0.000644,74.125.24.0-255,1484,36109,58,176455
33525,0.00065,172.31.46.0-255,66,36175,58,176455
33526,0.000656,74.125.24.0-255,2902,39077,58,176455
33527,0.000658,172.31.46.0-255,66,39143,58,176455
33528,0.00067,74.125.24.0-255,5738,44881,58,176455
33529,0.000673,172.31.46.0-255,66,44947,58,176455
33530,0.000676,74.125.24.0-255,1484,46431,58,176455
33531,0.000679,172.31.46.0-255,66,46497,58,176455
33532,0.000711,74.125.24.0-255,2902,49399,58,176455
33533,0.000757,172.31.46.0-255,66,49465,58,176455
33534,0.000804,74.125.24.0-255,1484,50949,58,176455
33535,0.000809,74.125.24.0-255,2902,53851,58,176455
33536,0.000819,172.31.46.0-255,66,53917,58,176455
33537,0.000848,74.125.24.0-255,5738,59655,58,176455
33538,0.000852,74.125.24.0-255,1484,61139,58,176455
33539,0.000863,172.31.46.0-255,66,61205,58,176455
33540,0.000918,172.31.46.0-255,66,61271,58,176455
33541,0.000949,172.31.46.0-255,66,61337,58,176455
33542,0.000974,74.125.24.0-255,1484,62821,58,176455
33543,0.000989,74.125.24.0-255,2902,65723,58,176455
33544,0.000994,74.125.24.0-255,2902,68625,58,176455
33545,0.000999,172.31.46.0-255,66,68691,58,176455
33546,0.001012,74.125.24.0-255,2902,71593,58,176455
33547,0.001024,74.125.24.0-255,7156,78749,58,176455
33548,0.001045,74.125.24.0-255,5738,84487,58,176455
33549,0.001093,172.31.46.0-255,66,84553,58,176455
33550,0.001099,172.31.46.0-255,66,84619,58,176455
33551,0.001144,74.125.24.0-255,1484,86103,58,176455
33552,0.00115,74.125.24.0-255,2902,89005,58,176455
33553,0.001157,74.125.24.0-255,5738,94743,58,176455
33554,0.00117,74.125.24.0-255,2902,97645,58,176455
33555,0.001202,74.125.24.0-255,4320,101965,58,176455
33556,0.001219,74.125.24.0-255,6438,108403,58,176455
33557,0.001223,172.31.46.0-255,66,108469,58,176455
33558,0.001242,172.31.46.0-255,66,108535,58,176455
33559,0.001467,74.125.24.0-255,1484,110019,58,176455
33560,0.001488,74.125.24.0-255,2902,112921,58,176455
33561,0.001493,74.125.24.0-255,2902,115823,58,176455
33562,0.001498,172.31.46.0-255,66,115889,58,176455
33563,0.001514,74.125.24.0-255,2902,118791,58,176455
33564,0.001517,74.125.24.0-255,1484,120275,58,176455
33565,0.001531,74.125.24.0-255,4320,124595,58,176455
33566,0.001551,74.125.24.0-255,4320,128915,58,176455
33567,0.001554,172.31.46.0-255,66,128981,58,176455
33568,0.001558,172.31.46.0-255,66,129047,58,176455
33569,0.001623,74.125.24.0-255,7156,136203,58,176455
33570,0.001633,172.31.46.0-255,66,136269,58,176455
33571,0.001663,74.125.24.0-255,7156,143425,58,176455
33572,0.001696,74.125.24.0-255,1484,144909,58,176455
33573,0.0017,172.31.46.0-255,66,144975,58,176455
33574,0.001726,172.31.46.0-255,66,145041,58,176455
33575,0.001734,74.125.24.0-255,5738,150779,58,176455
33576,0.001752,74.125.24.0-255,5738,156517,58,176455
33577,0.001784,74.125.24.0-255,5738,162255,58,176455
33578,0.001793,172.31.46.0-255,66,162321,58,176455
33579,0.001818,74.125.24.0-255,4320,166641,58,176455
33580,0.001824,172.31.46.0-255,66,166707,58,176455
33581,0.001864,74.125.24.0-255,5738,172445,58,176455
33582,0.001874,172.31.46.0-255,66,172511,58,176455
33583,0.001906,74.125.24.0-255,3602,176113,58,176455
33584,0.001999,74.125.24.0-255,105,176218,58,176455
33585,0.002019,172.31.46.0-255,66,176284,58,176455
33586,0.00844,172.31.46.0-255,105,176389,58,176455
33587,0.010394,74.125.24.0-255,66,176455,58,176455
33588,0.0,172.217.27.0-255,156,156,58,173157
33589,2.3e-05,172.31.46.0-255,66,222,58,173157
33590,2.9e-05,172.217.27.0-255,1484,1706,58,173157
33591,3.5e-05,172.31.46.0-255,66,1772,58,173157
33592,4.9e-05,172.217.27.0-255,2902,4674,58,173157
33593,5.4e-05,172.31.46.0-255,66,4740,58,173157
33594,5.8e-05,172.217.27.0-255,2902,7642,58,173157
33595,6.1e-05,172.31.46.0-255,66,7708,58,173157
33596,6.7e-05,172.217.27.0-255,4320,12028,58,173157
33597,7e-05,172.31.46.0-255,66,12094,58,173157
33598,7.4e-05,172.217.27.0-255,1971,14065,58,173157
33599,7.7e-05,172.31.46.0-255,66,14131,58,173157
33600,0.000102,172.217.27.0-255,2902,17033,58,173157
33601,0.000109,172.31.46.0-255,66,17099,58,173157
33602,0.000114,172.217.27.0-255,4320,21419,58,173157
33603,0.000117,172.31.46.0-255,66,21485,58,173157
33604,0.000138,172.217.27.0-255,2902,24387,58,173157
33605,0.00014,172.31.46.0-255,66,24453,58,173157
33606,0.000174,172.217.27.0-255,4320,28773,58,173157
33607,0.000177,172.31.46.0-255,66,28839,58,173157
33608,0.000203,172.217.27.0-255,2543,31382,58,173157
33609,0.000206,172.31.46.0-255,66,31448,58,173157
33610,0.000247,172.217.27.0-255,1484,32932,58,173157
33611,0.000249,172.31.46.0-255,66,32998,58,173157
33612,0.000253,172.217.27.0-255,1484,34482,58,173157
33613,0.000255,172.31.46.0-255,66,34548,58,173157
33614,0.000272,172.217.27.0-255,1484,36032,58,173157
33615,0.000274,172.31.46.0-255,66,36098,58,173157
33616,0.000279,172.217.27.0-255,4320,40418,58,173157
33617,0.000285,172.31.46.0-255,66,40484,58,173157
33618,0.000322,172.31.46.0-255,66,40550,58,173157
33619,0.000327,172.217.27.0-255,4320,44870,58,173157
33620,0.00033,172.31.46.0-255,66,44936,58,173157
33621,0.000374,172.31.46.0-255,66,45002,58,173157
33622,0.000377,172.217.27.0-255,361,45363,58,173157
33623,0.000723,172.217.27.0-255,135,45498,58,173157
33624,0.000869,172.217.27.0-255,1484,46982,58,173157
33625,0.000875,172.31.46.0-255,66,47048,58,173157
33626,0.000881,172.217.27.0-255,2902,49950,58,173157
33627,0.000883,172.31.46.0-255,66,50016,58,173157
33628,0.000901,172.217.27.0-255,1484,51500,58,173157
33629,0.000909,172.217.27.0-255,2902,54402,58,173157
33630,0.000911,172.31.46.0-255,66,54468,58,173157
33631,0.000917,172.217.27.0-255,5738,60206,58,173157
33632,0.000919,172.31.46.0-255,66,60272,58,173157
33633,0.000978,172.31.46.0-255,66,60338,58,173157
33634,0.000985,172.217.27.0-255,4320,64658,58,173157
33635,0.000987,172.31.46.0-255,66,64724,58,173157
33636,0.001008,172.217.27.0-255,4238,68962,58,173157
33637,0.00101,172.31.46.0-255,66,69028,58,173157
33638,0.001447,172.31.46.0-255,101,69129,58,173157
33639,0.002628,172.217.27.0-255,1484,70613,58,173157
33640,0.002654,172.217.27.0-255,4320,74933,58,173157
33641,0.002658,172.31.46.0-255,66,74999,58,173157
33642,0.003056,172.217.27.0-255,66,75065,58,173157
33643,0.004299,172.217.27.0-255,2902,77967,58,173157
33644,0.004303,172.31.46.0-255,66,78033,58,173157
33645,0.004339,172.217.27.0-255,2902,80935,58,173157
33646,0.004341,172.31.46.0-255,66,81001,58,173157
33647,0.005945,172.217.27.0-255,1484,82485,58,173157
33648,0.005957,172.217.27.0-255,1484,83969,58,173157
33649,0.005959,172.31.46.0-255,66,84035,58,173157
33650,0.005972,172.217.27.0-255,2902,86937,58,173157
33651,0.005977,172.31.46.0-255,66,87003,58,173157
33652,0.007609,172.217.27.0-255,4320,91323,58,173157
33653,0.007615,172.31.46.0-255,66,91389,58,173157
33654,0.007643,172.217.27.0-255,1484,92873,58,173157
33655,0.009295,172.217.27.0-255,2902,95775,58,173157
33656,0.009301,172.31.46.0-255,66,95841,58,173157
33657,0.009326,172.217.27.0-255,1484,97325,58,173157
33658,0.010948,172.217.27.0-255,4320,101645,58,173157
33659,0.010955,172.31.46.0-255,66,101711,58,173157
33660,0.012606,172.217.27.0-255,5738,107449,58,173157
33661,0.012612,172.31.46.0-255,66,107515,58,173157
33662,0.014259,172.217.27.0-255,2902,110417,58,173157
33663,0.014265,172.31.46.0-255,66,110483,58,173157
33664,0.014297,172.217.27.0-255,2902,113385,58,173157
33665,0.014299,172.31.46.0-255,66,113451,58,173157
33666,0.015908,172.217.27.0-255,2902,116353,58,173157
33667,0.015916,172.31.46.0-255,66,116419,58,173157
33668,0.015951,172.217.27.0-255,2902,119321,58,173157
33669,0.015954,172.31.46.0-255,66,119387,58,173157
33670,0.017562,172.217.27.0-255,2902,122289,58,173157
33671,0.01757,172.31.46.0-255,66,122355,58,173157
33672,0.017604,172.217.27.0-255,2902,125257,58,173157
33673,0.017607,172.31.46.0-255,66,125323,58,173157
33674,0.019211,172.217.27.0-255,2902,128225,58,173157
33675,0.019217,172.31.46.0-255,66,128291,58,173157
33676,0.019245,172.217.27.0-255,2902,131193,58,173157
33677,0.019248,172.31.46.0-255,66,131259,58,173157
33678,0.020854,172.217.27.0-255,2902,134161,58,173157
33679,0.020858,172.31.46.0-255,66,134227,58,173157
33680,0.020884,172.217.27.0-255,2902,137129,58,173157
33681,0.020887,172.31.46.0-255,66,137195,58,173157
33682,0.022512,172.217.27.0-255,2902,140097,58,173157
33683,0.022519,172.31.46.0-255,66,140163,58,173157
33684,0.022548,172.217.27.0-255,2902,143065,58,173157
33685,0.022551,172.31.46.0-255,66,143131,58,173157
33686,0.0242,172.217.27.0-255,2902,146033,58,173157
33687,0.024206,172.31.46.0-255,66,146099,58,173157
33688,0.024236,172.217.27.0-255,2902,149001,58,173157
33689,0.024238,172.31.46.0-255,66,149067,58,173157
33690,0.025889,172.217.27.0-255,5738,154805,58,173157
33691,0.025895,172.31.46.0-255,66,154871,58,173157
33692,0.027547,172.217.27.0-255,4320,159191,58,173157
33693,0.027552,172.31.46.0-255,66,159257,58,173157
33694,0.027557,172.31.46.0-255,172,159429,58,173157
33695,0.027569,172.217.27.0-255,1484,160913,58,173157
33696,0.027593,172.31.46.0-255,1112,162025,58,173157
33697,0.027647,172.31.46.0-255,1514,163539,58,173157
33698,0.027649,172.31.46.0-255,1514,165053,58,173157
33699,0.02765,172.31.46.0-255,1514,166567,58,173157
33700,0.027651,172.31.46.0-255,1514,168081,58,173157
33701,0.027652,172.31.46.0-255,624,168705,58,173157
33702,0.029209,172.217.27.0-255,4320,173025,58,173157
33703,0.029215,172.31.46.0-255,66,173091,58,173157
33704,0.029269,104.244.42.0-255,66,173157,58,173157
33705,0.0,74.125.68.0-255,146,146,58,371698
33706,2.3e-05,172.31.46.0-255,66,212,58,371698
33707,3.1e-05,74.125.68.0-255,1484,1696,58,371698
33708,3.5e-05,172.31.46.0-255,66,1762,58,371698
33709,4e-05,74.125.68.0-255,2902,4664,58,371698
33710,4.2e-05,172.31.46.0-255,66,4730,58,371698
33711,4.7e-05,74.125.68.0-255,2902,7632,58,371698
33712,4.9e-05,172.31.46.0-255,66,7698,58,371698
33713,9.1e-05,74.125.68.0-255,4320,12018,58,371698
33714,9.4e-05,172.31.46.0-255,66,12084,58,371698
33715,0.000115,74.125.68.0-255,2040,14124,58,371698
33716,0.000118,172.31.46.0-255,66,14190,58,371698
33717,0.000145,74.125.68.0-255,7156,21346,58,371698
33718,0.000147,172.31.46.0-255,66,21412,58,371698
33719,0.000152,74.125.68.0-255,2902,24314,58,371698
33720,0.000154,172.31.46.0-255,66,24380,58,371698
33721,0.00019,74.125.68.0-255,1484,25864,58,371698
33722,0.000193,172.31.46.0-255,66,25930,58,371698
33723,0.000216,74.125.68.0-255,5379,31309,58,371698
33724,0.000219,172.31.46.0-255,66,31375,58,371698
33725,0.000467,74.125.68.0-255,1484,32859,58,371698
33726,0.000472,172.31.46.0-255,66,32925,58,371698
33727,0.000495,74.125.68.0-255,2902,35827,58,371698
33728,0.000498,172.31.46.0-255,66,35893,58,371698
33729,0.000519,74.125.68.0-255,4320,40213,58,371698
33730,0.000522,172.31.46.0-255,66,40279,58,371698
33731,0.000549,74.125.68.0-255,5738,46017,58,371698
33732,0.000552,172.31.46.0-255,66,46083,58,371698
33733,0.000556,74.125.68.0-255,2543,48626,58,371698
33734,0.000558,172.31.46.0-255,66,48692,58,371698
33735,0.000626,74.125.68.0-255,1484,50176,58,371698
33736,0.000629,172.31.46.0-255,66,50242,58,371698
33737,0.000645,74.125.68.0-255,2902,53144,58,371698
33738,0.000648,172.31.46.0-255,66,53210,58,371698
33739,0.000675,74.125.68.0-255,4320,57530,58,371698
33740,0.000678,172.31.46.0-255,66,57596,58,371698
33741,0.000707,74.125.68.0-255,2902,60498,58,371698
33742,0.000709,172.31.46.0-255,66,60564,58,371698
33743,0.00073,74.125.68.0-255,4320,64884,58,371698
33744,0.000733,172.31.46.0-255,66,64950,58,371698
33745,0.000761,74.125.68.0-255,1456,66406,58,371698
33746,0.000851,74.125.68.0-255,1484,67890,58,371698
33747,0.000855,172.31.46.0-255,66,67956,58,371698
33748,0.000859,74.125.68.0-255,1484,69440,58,371698
33749,0.000876,74.125.68.0-255,1484,70924,58,371698
33750,0.000883,74.125.68.0-255,5738,76662,58,371698
33751,0.000886,172.31.46.0-255,66,76728,58,371698
33752,0.000889,172.31.46.0-255,66,76794,58,371698
33753,0.000924,74.125.68.0-255,6497,83291,58,371698
33754,0.000928,74.125.68.0-255,2902,86193,58,371698
33755,0.000932,172.31.46.0-255,66,86259,58,371698
33756,0.000934,172.31.46.0-255,66,86325,58,371698
33757,0.000961,74.125.68.0-255,4320,90645,58,371698
33758,0.000963,172.31.46.0-255,66,90711,58,371698
33759,0.000975,172.31.46.0-255,66,90777,58,371698
33760,0.000979,74.125.68.0-255,2902,93679,58,371698
33761,0.000982,172.31.46.0-255,66,93745,58,371698
33762,0.001005,74.125.68.0-255,7156,100901,58,371698
33763,0.001008,172.31.46.0-255,66,100967,58,371698
33764,0.001018,172.31.46.0-255,66,101033,58,371698
33765,0.001071,74.125.68.0-255,2902,103935,58,371698
33766,0.001074,172.31.46.0-255,66,104001,58,371698
33767,0.001092,74.125.68.0-255,1484,105485,58,371698
33768,0.001099,74.125.68.0-255,5738,111223,58,371698
33769,0.001103,172.31.46.0-255,66,111289,58,371698
33770,0.001126,74.125.68.0-255,6797,118086,58,371698
33771,0.001129,172.31.46.0-255,66,118152,58,371698
33772,0.001161,74.125.68.0-255,4320,122472,58,371698
33773,0.001164,172.31.46.0-255,66,122538,58,371698
33774,0.001179,74.125.68.0-255,1484,124022,58,371698
33775,0.001186,74.125.68.0-255,7156,131178,58,371698
33776,0.001188,172.31.46.0-255,66,131244,58,371698
33777,0.001212,74.125.68.0-255,2902,134146,58,371698
33778,0.001214,172.31.46.0-255,66,134212,58,371698
33779,0.001231,74.125.68.0-255,1125,135337,58,371698
33780,0.001332,74.125.68.0-255,1484,136821,58,371698
33781,0.001335,172.31.46.0-255,66,136887,58,371698
33782,0.001369,74.125.68.0-255,2902,139789,58,371698
33783,0.001372,172.31.46.0-255,66,139855,58,371698
33784,0.001378,74.125.68.0-255,5738,145593,58,371698
33785,0.00138,172.31.46.0-255,66,145659,58,371698
33786,0.001383,74.125.68.0-255,1484,147143,58,371698
33787,0.001399,74.125.68.0-255,5738,152881,58,371698
33788,0.001401,172.31.46.0-255,66,152947,58,371698
33789,0.001444,74.125.68.0-255,7156,160103,58,371698
33790,0.001447,172.31.46.0-255,66,160169,58,371698
33791,0.001468,74.125.68.0-255,1484,161653,58,371698
33792,0.001503,74.125.68.0-255,4320,165973,58,371698
33793,0.001506,172.31.46.0-255,66,166039,58,371698
33794,0.001526,74.125.68.0-255,3602,169641,58,371698
33795,0.001529,172.31.46.0-255,66,169707,58,371698
33796,0.001566,74.125.68.0-255,1484,171191,58,371698
33797,0.001582,74.125.68.0-255,2902,174093,58,371698
33798,0.001585,172.31.46.0-255,66,174159,58,371698
33799,0.001602,74.125.68.0-255,1484,175643,58,371698
33800,0.001622,74.125.68.0-255,2902,178545,58,371698
33801,0.001626,172.31.46.0-255,66,178611,58,371698
33802,0.001639,74.125.68.0-255,2902,181513,58,371698
33803,0.001641,172.31.46.0-255,66,181579,58,371698
33804,0.00166,74.125.68.0-255,5379,186958,58,371698
33805,0.001663,172.31.46.0-255,66,187024,58,371698
33806,0.001799,74.125.68.0-255,1484,188508,58,371698
33807,0.001813,74.125.68.0-255,2902,191410,58,371698
33808,0.001816,172.31.46.0-255,66,191476,58,371698
33809,0.001842,74.125.68.0-255,5738,197214,58,371698
33810,0.001844,172.31.46.0-255,66,197280,58,371698
33811,0.001848,74.125.68.0-255,2902,200182,58,371698
33812,0.00185,172.31.46.0-255,66,200248,58,371698
33813,0.001855,74.125.68.0-255,4320,204568,58,371698
33814,0.001858,172.31.46.0-255,66,204634,58,371698
33815,0.001879,74.125.68.0-255,7156,211790,58,371698
33816,0.001882,172.31.46.0-255,66,211856,58,371698
33817,0.00191,74.125.68.0-255,1484,213340,58,371698
33818,0.001917,74.125.68.0-255,5738,219078,58,371698
33819,0.00192,172.31.46.0-255,66,219144,58,371698
33820,0.001987,74.125.68.0-255,6438,225582,58,371698
33821,0.001991,172.31.46.0-255,66,225648,58,371698
33822,0.001996,74.125.68.0-255,4320,229968,58,371698
33823,0.001998,172.31.46.0-255,66,230034,58,371698
33824,0.00201,74.125.68.0-255,5738,235772,58,371698
33825,0.002013,172.31.46.0-255,66,235838,58,371698
33826,0.002017,74.125.68.0-255,2543,238381,58,371698
33827,0.002019,172.31.46.0-255,66,238447,58,371698
33828,0.002289,74.125.68.0-255,1484,239931,58,371698
33829,0.002312,74.125.68.0-255,2902,242833,58,371698
33830,0.002316,172.31.46.0-255,66,242899,58,371698
33831,0.002319,74.125.68.0-255,1484,244383,58,371698
33832,0.002325,74.125.68.0-255,4320,248703,58,371698
33833,0.002327,172.31.46.0-255,66,248769,58,371698
33834,0.002342,74.125.68.0-255,1484,250253,58,371698
33835,0.002356,74.125.68.0-255,5738,255991,58,371698
33836,0.002359,172.31.46.0-255,66,256057,58,371698
33837,0.002363,74.125.68.0-255,2902,258959,58,371698
33838,0.002365,172.31.46.0-255,66,259025,58,371698
33839,0.002376,74.125.68.0-255,1484,260509,58,371698
33840,0.002392,74.125.68.0-255,5738,266247,58,371698
33841,0.002394,172.31.46.0-255,66,266313,58,371698
33842,0.002415,74.125.68.0-255,6438,272751,58,371698
33843,0.002418,172.31.46.0-255,66,272817,58,371698
33844,0.002573,74.125.68.0-255,1484,274301,58,371698
33845,0.002603,74.125.68.0-255,1484,275785,58,371698
33846,0.002606,172.31.46.0-255,66,275851,58,371698
33847,0.002618,74.125.68.0-255,1484,277335,58,371698
33848,0.002638,74.125.68.0-255,2902,280237,58,371698
33849,0.002641,172.31.46.0-255,66,280303,58,371698
33850,0.002668,74.125.68.0-255,1484,281787,58,371698
33851,0.002673,74.125.68.0-255,2902,284689,58,371698
33852,0.002677,172.31.46.0-255,66,284755,58,371698
33853,0.002712,74.125.68.0-255,1484,286239,58,371698
33854,0.00272,74.125.68.0-255,5738,291977,58,371698
33855,0.002723,172.31.46.0-255,66,292043,58,371698
33856,0.002727,74.125.68.0-255,1484,293527,58,371698
33857,0.002741,74.125.68.0-255,1484,295011,58,371698
33858,0.002743,172.31.46.0-255,66,295077,58,371698
33859,0.002798,74.125.68.0-255,1484,296561,58,371698
33860,0.002814,74.125.68.0-255,2902,299463,58,371698
33861,0.002817,172.31.46.0-255,66,299529,58,371698
33862,0.002836,74.125.68.0-255,4320,303849,58,371698
33863,0.002838,172.31.46.0-255,66,303915,58,371698
33864,0.002861,74.125.68.0-255,3602,307517,58,371698
33865,0.002864,172.31.46.0-255,66,307583,58,371698
33866,0.003428,74.125.68.0-255,1484,309067,58,371698
33867,0.003454,74.125.68.0-255,2902,311969,58,371698
33868,0.003458,172.31.46.0-255,66,312035,58,371698
33869,0.003463,74.125.68.0-255,2902,314937,58,371698
33870,0.003465,172.31.46.0-255,66,315003,58,371698
33871,0.003477,74.125.68.0-255,1484,316487,58,371698
33872,0.00349,74.125.68.0-255,1484,317971,58,371698
33873,0.003493,172.31.46.0-255,66,318037,58,371698
33874,0.003541,172.31.46.0-255,66,318103,58,371698
33875,0.003556,74.125.68.0-255,2902,321005,58,371698
33876,0.003558,172.31.46.0-255,66,321071,58,371698
33877,0.003572,172.31.46.0-255,66,321137,58,371698
33878,0.003684,74.125.68.0-255,1484,322621,58,371698
33879,0.003689,74.125.68.0-255,1484,324105,58,371698
33880,0.003693,172.31.46.0-255,66,324171,58,371698
33881,0.003712,74.125.68.0-255,1484,325655,58,371698
33882,0.003718,74.125.68.0-255,4320,329975,58,371698
33883,0.00372,172.31.46.0-255,66,330041,58,371698
33884,0.003736,74.125.68.0-255,1484,331525,58,371698
33885,0.003741,74.125.68.0-255,4320,335845,58,371698
33886,0.003743,172.31.46.0-255,66,335911,58,371698
33887,0.003746,74.125.68.0-255,1484,337395,58,371698
33888,0.003769,74.125.68.0-255,7156,344551,58,371698
33889,0.003771,172.31.46.0-255,66,344617,58,371698
33890,0.003802,74.125.68.0-255,2902,347519,58,371698
33891,0.003805,172.31.46.0-255,66,347585,58,371698
33892,0.003808,74.125.68.0-255,1484,349069,58,371698
33893,0.00381,74.125.68.0-255,1484,350553,58,371698
33894,0.003812,172.31.46.0-255,66,350619,58,371698
33895,0.003814,74.125.68.0-255,1484,352103,58,371698
33896,0.003831,74.125.68.0-255,3602,355705,58,371698
33897,0.003833,172.31.46.0-255,66,355771,58,371698
33898,0.003865,74.125.68.0-255,1484,357255,58,371698
33899,0.003883,74.125.68.0-255,2902,360157,58,371698
33900,0.003886,172.31.46.0-255,66,360223,58,371698
33901,0.003906,74.125.68.0-255,2902,363125,58,371698
33902,0.003909,172.31.46.0-255,66,363191,58,371698
33903,0.003926,74.125.68.0-255,5738,368929,58,371698
33904,0.003928,172.31.46.0-255,66,368995,58,371698
33905,0.003978,74.125.68.0-255,1707,370702,58,371698
33906,0.003981,172.31.46.0-255,66,370768,58,371698
33907,0.00402,74.125.68.0-255,105,370873,58,371698
33908,0.004022,74.125.68.0-255,129,371002,58,371698
33909,0.01095,172.31.46.0-255,105,371107,58,371698
33910,0.010981,172.31.46.0-255,105,371212,58,371698
33911,0.011207,172.31.46.0-255,90,371302,58,371698
33912,0.011215,172.31.46.0-255,66,371368,58,371698
33913,0.013236,74.125.68.0-255,66,371434,58,371698
33914,0.01325,74.125.68.0-255,66,371500,58,371698
33915,0.013459,74.125.68.0-255,66,371566,58,371698
33916,0.013997,74.125.68.0-255,66,371632,58,371698
33917,0.014009,172.31.46.0-255,66,371698,58,371698
33918,0.0,74.125.24.0-255,153,153,58,253480
33919,2.3e-05,172.31.46.0-255,66,219,58,253480
33920,3e-05,74.125.24.0-255,1484,1703,58,253480
33921,3.5e-05,172.31.46.0-255,66,1769,58,253480
33922,4.1e-05,74.125.24.0-255,2902,4671,58,253480
33923,4.4e-05,172.31.46.0-255,66,4737,58,253480
33924,5.1e-05,74.125.24.0-255,7156,11893,58,253480
33925,5.4e-05,172.31.46.0-255,66,11959,58,253480
33926,5.9e-05,74.125.24.0-255,1972,13931,58,253480
33927,6.1e-05,172.31.46.0-255,66,13997,58,253480
33928,0.000379,74.125.24.0-255,1484,15481,58,253480
33929,0.000384,172.31.46.0-255,66,15547,58,253480
33930,0.000391,74.125.24.0-255,2902,18449,58,253480
33931,0.000394,172.31.46.0-255,66,18515,58,253480
33932,0.0004,74.125.24.0-255,5738,24253,58,253480
33933,0.000402,172.31.46.0-255,66,24319,58,253480
33934,0.000408,74.125.24.0-255,4320,28639,58,253480
33935,0.00041,172.31.46.0-255,66,28705,58,253480
33936,0.000428,74.125.24.0-255,1484,30189,58,253480
33937,0.00043,172.31.46.0-255,66,30255,58,253480
33938,0.000445,74.125.24.0-255,1125,31380,58,253480
33939,0.000448,172.31.46.0-255,66,31446,58,253480
33940,0.000513,74.125.24.0-255,1484,32930,58,253480
33941,0.000516,172.31.46.0-255,66,32996,58,253480
33942,0.000521,74.125.24.0-255,2902,35898,58,253480
33943,0.000523,172.31.46.0-255,66,35964,58,253480
33944,0.000529,74.125.24.0-255,4320,40284,58,253480
33945,0.000531,172.31.46.0-255,66,40350,58,253480
33946,0.00055,74.125.24.0-255,1484,41834,58,253480
33947,0.000553,172.31.46.0-255,66,41900,58,253480
33948,0.000591,74.125.24.0-255,5738,47638,58,253480
33949,0.000595,172.31.46.0-255,66,47704,58,253480
33950,0.000655,172.31.46.0-255,66,47770,58,253480
33951,0.001057,74.125.24.0-255,131,47901,58,253480
33952,0.001088,172.31.46.0-255,66,47967,58,253480
33953,0.001227,74.125.24.0-255,1484,49451,58,253480
33954,0.001237,74.125.24.0-255,2902,52353,58,253480
33955,0.00124,74.125.24.0-255,1484,53837,58,253480
33956,0.001258,74.125.24.0-255,4320,58157,58,253480
33957,0.001275,74.125.24.0-255,6797,64954,58,253480
33958,0.001309,74.125.24.0-255,2543,67497,58,253480
33959,0.001623,74.125.24.0-255,1484,68981,58,253480
33960,0.001631,74.125.24.0-255,2902,71883,58,253480
33961,0.001636,74.125.24.0-255,2902,74785,58,253480
33962,0.001654,74.125.24.0-255,2902,77687,58,253480
33963,0.001659,74.125.24.0-255,2902,80589,58,253480
33964,0.001932,74.125.24.0-255,1484,82073,58,253480
33965,0.001965,74.125.24.0-255,2902,84975,58,253480
33966,0.001987,74.125.24.0-255,4320,89295,58,253480
33967,0.002039,74.125.24.0-255,4320,93615,58,253480
33968,0.002054,74.125.24.0-255,4320,97935,58,253480
33969,0.002071,74.125.24.0-255,2902,100837,58,253480
33970,0.002098,74.125.24.0-255,7156,107993,58,253480
33971,0.002106,74.125.24.0-255,6438,114431,58,253480
33972,0.002122,74.125.24.0-255,1484,115915,58,253480
33973,0.002138,74.125.24.0-255,5738,121653,58,253480
33974,0.002142,74.125.24.0-255,2902,124555,58,253480
33975,0.002148,74.125.24.0-255,4320,128875,58,253480
33976,0.002162,74.125.24.0-255,7156,136031,58,253480
33977,0.002182,74.125.24.0-255,5738,141769,58,253480
33978,0.002203,74.125.24.0-255,4320,146089,58,253480
33979,0.002232,74.125.24.0-255,2184,148273,58,253480
33980,0.002336,74.125.24.0-255,1484,149757,58,253480
33981,0.002339,74.125.24.0-255,1484,151241,58,253480
33982,0.002351,74.125.24.0-255,1484,152725,58,253480
33983,0.002382,74.125.24.0-255,5738,158463,58,253480
33984,0.002388,74.125.24.0-255,4320,162783,58,253480
33985,0.002393,74.125.24.0-255,4320,167103,58,253480
33986,0.002416,74.125.24.0-255,7156,174259,58,253480
33987,0.002454,74.125.24.0-255,4320,178579,58,253480
33988,0.00247,74.125.24.0-255,4320,182899,58,253480
33989,0.002487,74.125.24.0-255,4320,187219,58,253480
33990,0.002534,74.125.24.0-255,1484,188703,58,253480
33991,0.002538,74.125.24.0-255,2902,191605,58,253480
33992,0.002586,74.125.24.0-255,2902,194507,58,253480
33993,0.002658,74.125.24.0-255,3602,198109,58,253480
33994,0.002662,74.125.24.0-255,2902,201011,58,253480
33995,0.005703,172.31.46.0-255,66,201077,58,253480
33996,0.006132,172.31.46.0-255,101,201178,58,253480
33997,0.008292,74.125.24.0-255,5738,206916,58,253480
33998,0.008297,172.31.46.0-255,66,206982,58,253480
33999,0.008657,74.125.24.0-255,66,207048,58,253480
34000,0.010867,74.125.24.0-255,5738,212786,58,253480
34001,0.010875,172.31.46.0-255,66,212852,58,253480
34002,0.01346,74.125.24.0-255,5738,218590,58,253480
34003,0.013467,172.31.46.0-255,66,218656,58,253480
34004,0.016089,74.125.24.0-255,5738,224394,58,253480
34005,0.016099,172.31.46.0-255,66,224460,58,253480
34006,0.018671,74.125.24.0-255,5738,230198,58,253480
34007,0.018681,172.31.46.0-255,66,230264,58,253480
34008,0.0213,74.125.24.0-255,5738,236002,58,253480
34009,0.021308,172.31.46.0-255,66,236068,58,253480
34010,0.023897,74.125.24.0-255,5738,241806,58,253480
34011,0.023905,172.31.46.0-255,66,241872,58,253480
34012,0.026461,74.125.24.0-255,5738,247610,58,253480
34013,0.026466,172.31.46.0-255,66,247676,58,253480
34014,0.029013,74.125.24.0-255,5738,253414,58,253480
34015,0.02902,172.31.46.0-255,66,253480,58,253480
34016,0.0,74.125.24.0-255,146,146,58,194045
34017,2.3e-05,172.31.46.0-255,66,212,58,194045
34018,3e-05,74.125.24.0-255,1484,1696,58,194045
34019,3.5e-05,172.31.46.0-255,66,1762,58,194045
34020,4.1e-05,74.125.24.0-255,2902,4664,58,194045
34021,5.3e-05,172.31.46.0-255,66,4730,58,194045
34022,6e-05,74.125.24.0-255,5738,10468,58,194045
34023,6.4e-05,172.31.46.0-255,66,10534,58,194045
34024,0.0001,74.125.24.0-255,3509,14043,58,194045
34025,0.000103,172.31.46.0-255,66,14109,58,194045
34026,0.000202,74.125.24.0-255,1484,15593,58,194045
34027,0.000206,172.31.46.0-255,66,15659,58,194045
34028,0.000211,74.125.24.0-255,2902,18561,58,194045
34029,0.000214,172.31.46.0-255,66,18627,58,194045
34030,0.000248,74.125.24.0-255,4320,22947,58,194045
34031,0.000251,172.31.46.0-255,66,23013,58,194045
34032,0.000283,74.125.24.0-255,4320,27333,58,194045
34033,0.000285,172.31.46.0-255,66,27399,58,194045
34034,0.000311,74.125.24.0-255,3961,31360,58,194045
34035,0.000314,172.31.46.0-255,66,31426,58,194045
34036,0.000352,172.31.46.0-255,66,31492,58,194045
34037,0.000388,172.31.46.0-255,66,31558,58,194045
34038,0.000436,74.125.24.0-255,1484,33042,58,194045
34039,0.00044,172.31.46.0-255,66,33108,58,194045
34040,0.000445,74.125.24.0-255,2902,36010,58,194045
34041,0.000447,172.31.46.0-255,66,36076,58,194045
34042,0.000481,74.125.24.0-255,5738,41814,58,194045
34043,0.000484,172.31.46.0-255,66,41880,58,194045
34044,0.000491,74.125.24.0-255,5738,47618,58,194045
34045,0.000494,172.31.46.0-255,66,47684,58,194045
34046,0.000524,74.125.24.0-255,1125,48809,58,194045
34047,0.000526,172.31.46.0-255,66,48875,58,194045
34048,0.00096,74.125.24.0-255,413,49288,58,194045
34049,0.000965,172.31.46.0-255,66,49354,58,194045
34050,0.00099,74.125.24.0-255,1484,50838,58,194045
34051,0.000992,172.31.46.0-255,66,50904,58,194045
34052,0.001023,74.125.24.0-255,4320,55224,58,194045
34053,0.001026,172.31.46.0-255,66,55290,58,194045
34054,0.001057,172.31.46.0-255,66,55356,58,194045
34055,0.001085,74.125.24.0-255,1125,56481,58,194045
34056,0.001089,172.31.46.0-255,66,56547,58,194045
34057,0.001189,74.125.24.0-255,1484,58031,58,194045
34058,0.001192,172.31.46.0-255,66,58097,58,194045
34059,0.001198,74.125.24.0-255,2902,60999,58,194045
34060,0.001201,172.31.46.0-255,66,61065,58,194045
34061,0.001204,74.125.24.0-255,1484,62549,58,194045
34062,0.001211,172.31.46.0-255,66,62615,58,194045
34063,0.001238,74.125.24.0-255,4320,66935,58,194045
34064,0.001255,74.125.24.0-255,4320,71255,58,194045
34065,0.00127,172.31.46.0-255,66,71321,58,194045
34066,0.001274,172.31.46.0-255,66,71387,58,194045
34067,0.001277,172.31.46.0-255,66,71453,58,194045
34068,0.001281,74.125.24.0-255,1484,72937,58,194045
34069,0.001283,172.31.46.0-255,66,73003,58,194045
34070,0.001308,74.125.24.0-255,7156,80159,58,194045
34071,0.001311,172.31.46.0-255,66,80225,58,194045
34072,0.001355,172.31.46.0-255,66,80291,58,194045
34073,0.00137,172.31.46.0-255,66,80357,58,194045
34074,0.001406,74.125.24.0-255,1484,81841,58,194045
34075,0.001408,172.31.46.0-255,66,81907,58,194045
34076,0.001448,172.31.46.0-255,66,81973,58,194045
34077,0.001481,172.31.46.0-255,66,82039,58,194045
34078,0.001488,74.125.24.0-255,1484,83523,58,194045
34079,0.001506,74.125.24.0-255,2902,86425,58,194045
34080,0.001531,74.125.24.0-255,5738,92163,58,194045
34081,0.00154,172.31.46.0-255,66,92229,58,194045
34082,0.001556,74.125.24.0-255,7156,99385,58,194045
34083,0.001574,74.125.24.0-255,1484,100869,58,194045
34084,0.001592,172.31.46.0-255,66,100935,58,194045
34085,0.001615,74.125.24.0-255,5020,105955,58,194045
34086,0.001627,172.31.46.0-255,66,106021,58,194045
34087,0.001897,74.125.24.0-255,1484,107505,58,194045
34088,0.001913,74.125.24.0-255,2902,110407,58,194045
34089,0.001917,172.31.46.0-255,66,110473,58,194045
34090,0.001949,74.125.24.0-255,5738,116211,58,194045
34091,0.001955,74.125.24.0-255,4320,120531,58,194045
34092,0.001963,172.31.46.0-255,66,120597,58,194045
34093,0.001972,74.125.24.0-255,2902,123499,58,194045
34094,0.001992,172.31.46.0-255,66,123565,58,194045
34095,0.002013,74.125.24.0-255,7156,130721,58,194045
34096,0.002026,74.125.24.0-255,766,131487,58,194045
34097,0.002033,172.31.46.0-255,66,131553,58,194045
34098,0.004314,74.125.24.0-255,5738,137291,58,194045
34099,0.004326,172.31.46.0-255,66,137357,58,194045
34100,0.006577,74.125.24.0-255,5738,143095,58,194045
34101,0.00805,172.31.46.0-255,66,143161,58,194045
34102,0.01034,74.125.24.0-255,5738,148899,58,194045
34103,0.010376,172.31.46.0-255,66,148965,58,194045
34104,0.012696,74.125.24.0-255,5738,154703,58,194045
34105,0.012715,172.31.46.0-255,66,154769,58,194045
34106,0.015021,74.125.24.0-255,5738,160507,58,194045
34107,0.015038,172.31.46.0-255,66,160573,58,194045
34108,0.017293,74.125.24.0-255,5738,166311,58,194045
34109,0.01731,172.31.46.0-255,66,166377,58,194045
34110,0.019555,74.125.24.0-255,5738,172115,58,194045
34111,0.01957,172.31.46.0-255,66,172181,58,194045
34112,0.021885,74.125.24.0-255,5738,177919,58,194045
34113,0.021902,172.31.46.0-255,66,177985,58,194045
34114,0.024186,74.125.24.0-255,4320,182305,58,194045
34115,0.024196,172.31.46.0-255,66,182371,58,194045
34116,0.02423,74.125.24.0-255,1484,183855,58,194045
34117,0.026484,74.125.24.0-255,4320,188175,58,194045
34118,0.026505,172.31.46.0-255,66,188241,58,194045
34119,0.028817,74.125.24.0-255,5738,193979,58,194045
34120,0.028834,172.31.46.0-255,66,194045,58,194045
34121,0.0,172.217.27.0-255,158,158,58,205671
34122,2.3e-05,172.31.46.0-255,66,224,58,205671
34123,3e-05,172.217.27.0-255,1484,1708,58,205671
34124,3.4e-05,172.31.46.0-255,66,1774,58,205671
34125,3.9e-05,172.217.27.0-255,2902,4676,58,205671
34126,4.2e-05,172.31.46.0-255,66,4742,58,205671
34127,4.9e-05,172.217.27.0-255,5738,10480,58,205671
34128,5.2e-05,172.31.46.0-255,66,10546,58,205671
34129,5.6e-05,172.217.27.0-255,1484,12030,58,205671
34130,5.9e-05,172.31.46.0-255,66,12096,58,205671
34131,7.6e-05,172.217.27.0-255,1976,14072,58,205671
34132,7.8e-05,172.31.46.0-255,66,14138,58,205671
34133,0.000116,172.217.27.0-255,4320,18458,58,205671
34134,0.000118,172.31.46.0-255,66,18524,58,205671
34135,0.000124,172.217.27.0-255,4320,22844,58,205671
34136,0.000127,172.31.46.0-255,66,22910,58,205671
34137,0.000141,172.217.27.0-255,1484,24394,58,205671
34138,0.000143,172.31.46.0-255,66,24460,58,205671
34139,0.000175,172.217.27.0-255,2902,27362,58,205671
34140,0.000177,172.31.46.0-255,66,27428,58,205671
34141,0.000206,172.31.46.0-255,66,27494,58,205671
34142,0.000241,172.217.27.0-255,7156,34650,58,205671
34143,0.000244,172.31.46.0-255,66,34716,58,205671
34144,0.000265,172.217.27.0-255,4320,39036,58,205671
34145,0.000267,172.31.46.0-255,66,39102,58,205671
34146,0.000311,172.217.27.0-255,1125,40227,58,205671
34147,0.000315,172.31.46.0-255,66,40293,58,205671
34148,0.000583,172.217.27.0-255,1484,41777,58,205671
34149,0.00059,172.31.46.0-255,66,41843,58,205671
34150,0.000593,172.217.27.0-255,1484,43327,58,205671
34151,0.000595,172.31.46.0-255,66,43393,58,205671
34152,0.000601,172.217.27.0-255,2902,46295,58,205671
34153,0.000604,172.31.46.0-255,66,46361,58,205671
34154,0.000608,172.217.27.0-255,2902,49263,58,205671
34155,0.00061,172.31.46.0-255,66,49329,58,205671
34156,0.000616,172.217.27.0-255,4320,53649,58,205671
34157,0.000618,172.31.46.0-255,66,53715,58,205671
34158,0.000644,172.217.27.0-255,3961,57676,58,205671
34159,0.000647,172.31.46.0-255,66,57742,58,205671
34160,0.000669,172.217.27.0-255,357,58099,58,205671
34161,0.000699,172.217.27.0-255,133,58232,58,205671
34162,0.000866,172.31.46.0-255,101,58333,58,205671
34163,0.000887,172.217.27.0-255,1484,59817,58,205671
34164,0.000907,172.217.27.0-255,2902,62719,58,205671
34165,0.000909,172.31.46.0-255,66,62785,58,205671
34166,0.000916,172.217.27.0-255,5738,68523,58,205671
34167,0.000918,172.31.46.0-255,66,68589,58,205671
34168,0.000963,172.217.27.0-255,6797,75386,58,205671
34169,0.000966,172.31.46.0-255,66,75452,58,205671
34170,0.001,172.217.27.0-255,5738,81190,58,205671
34171,0.001002,172.31.46.0-255,66,81256,58,205671
34172,0.001022,172.217.27.0-255,1484,82740,58,205671
34173,0.001099,172.217.27.0-255,5738,88478,58,205671
34174,0.001104,172.31.46.0-255,66,88544,58,205671
34175,0.001125,172.217.27.0-255,4245,92789,58,205671
34176,0.001128,172.31.46.0-255,66,92855,58,205671
34177,0.001621,172.217.27.0-255,1484,94339,58,205671
34178,0.001629,172.217.27.0-255,2902,97241,58,205671
34179,0.001633,172.31.46.0-255,66,97307,58,205671
34180,0.001641,172.217.27.0-255,5738,103045,58,205671
34181,0.001643,172.31.46.0-255,66,103111,58,205671
34182,0.001675,172.217.27.0-255,1484,104595,58,205671
34183,0.001689,172.217.27.0-255,5738,110333,58,205671
34184,0.001691,172.31.46.0-255,66,110399,58,205671
34185,0.001726,172.217.27.0-255,4320,114719,58,205671
34186,0.001728,172.31.46.0-255,66,114785,58,205671
34187,0.001741,172.217.27.0-255,4320,119105,58,205671
34188,0.001743,172.31.46.0-255,66,119171,58,205671
34189,0.002487,172.217.27.0-255,66,119237,58,205671
34190,0.003391,172.217.27.0-255,5738,124975,58,205671
34191,0.003396,172.31.46.0-255,66,125041,58,205671
34192,0.005075,172.217.27.0-255,2902,127943,58,205671
34193,0.005081,172.31.46.0-255,66,128009,58,205671
34194,0.005102,172.217.27.0-255,2902,130911,58,205671
34195,0.005105,172.31.46.0-255,66,130977,58,205671
34196,0.006757,172.217.27.0-255,2902,133879,58,205671
34197,0.006762,172.31.46.0-255,66,133945,58,205671
34198,0.006779,172.217.27.0-255,2902,136847,58,205671
34199,0.006781,172.31.46.0-255,66,136913,58,205671
34200,0.008493,172.217.27.0-255,5738,142651,58,205671
34201,0.008501,172.31.46.0-255,66,142717,58,205671
34202,0.010175,172.217.27.0-255,4320,147037,58,205671
34203,0.010183,172.31.46.0-255,66,147103,58,205671
34204,0.010203,172.217.27.0-255,1484,148587,58,205671
34205,0.011959,172.217.27.0-255,4320,152907,58,205671
34206,0.011965,172.31.46.0-255,66,152973,58,205671
34207,0.014163,172.217.27.0-255,5738,158711,58,205671
34208,0.014175,172.31.46.0-255,66,158777,58,205671
34209,0.016264,172.217.27.0-255,5738,164515,58,205671
34210,0.016271,172.31.46.0-255,66,164581,58,205671
34211,0.018508,172.217.27.0-255,5738,170319,58,205671
34212,0.018516,172.31.46.0-255,66,170385,58,205671
34213,0.020169,172.217.27.0-255,5738,176123,58,205671
34214,0.020175,172.31.46.0-255,66,176189,58,205671
34215,0.021832,172.217.27.0-255,5738,181927,58,205671
34216,0.021839,172.31.46.0-255,66,181993,58,205671
34217,0.023497,172.217.27.0-255,2902,184895,58,205671
34218,0.023504,172.31.46.0-255,66,184961,58,205671
34219,0.023527,172.217.27.0-255,2902,187863,58,205671
34220,0.023529,172.31.46.0-255,66,187929,58,205671
34221,0.025158,172.217.27.0-255,2902,190831,58,205671
34222,0.025165,172.31.46.0-255,66,190897,58,205671
34223,0.025185,172.217.27.0-255,2902,193799,58,205671
34224,0.025188,172.31.46.0-255,66,193865,58,205671
34225,0.026907,172.217.27.0-255,2902,196767,58,205671
34226,0.026913,172.31.46.0-255,66,196833,58,205671
34227,0.026935,172.217.27.0-255,2902,199735,58,205671
34228,0.026938,172.31.46.0-255,66,199801,58,205671
34229,0.028729,172.217.27.0-255,4320,204121,58,205671
34230,0.028737,172.31.46.0-255,66,204187,58,205671
34231,0.028757,172.217.27.0-255,1484,205671,58,205671
34232,0.0,74.125.130.0-255,300,300,58,322078
34233,2.5e-05,172.31.46.0-255,66,366,58,322078
34234,3.2e-05,74.125.130.0-255,1484,1850,58,322078
34235,3.6e-05,172.31.46.0-255,66,1916,58,322078
34236,6.1e-05,74.125.130.0-255,2902,4818,58,322078
34237,6.6e-05,172.31.46.0-255,66,4884,58,322078
34238,7.3e-05,74.125.130.0-255,4320,9204,58,322078
34239,7.5e-05,172.31.46.0-255,66,9270,58,322078
34240,0.00011,74.125.130.0-255,4750,14020,58,322078
34241,0.000114,172.31.46.0-255,66,14086,58,322078
34242,0.00014,74.125.130.0-255,5738,19824,58,322078
34243,0.000143,172.31.46.0-255,66,19890,58,322078
34244,0.000146,74.125.130.0-255,1484,21374,58,322078
34245,0.000149,172.31.46.0-255,66,21440,58,322078
34246,0.000183,74.125.130.0-255,2902,24342,58,322078
34247,0.000186,172.31.46.0-255,66,24408,58,322078
34248,0.000213,74.125.130.0-255,5738,30146,58,322078
34249,0.000216,172.31.46.0-255,66,30212,58,322078
34250,0.000242,74.125.130.0-255,1125,31337,58,322078
34251,0.000244,172.31.46.0-255,66,31403,58,322078
34252,0.000458,74.125.130.0-255,1484,32887,58,322078
34253,0.000461,172.31.46.0-255,66,32953,58,322078
34254,0.000487,74.125.130.0-255,2902,35855,58,322078
34255,0.00049,172.31.46.0-255,66,35921,58,322078
34256,0.000517,74.125.130.0-255,5738,41659,58,322078
34257,0.00052,172.31.46.0-255,66,41725,58,322078
34258,0.000549,74.125.130.0-255,6797,48522,58,322078
34259,0.000552,172.31.46.0-255,66,48588,58,322078
34260,0.000555,74.125.130.0-255,1484,50072,58,322078
34261,0.000557,172.31.46.0-255,66,50138,58,322078
34262,0.000586,74.125.130.0-255,2902,53040,58,322078
34263,0.000589,172.31.46.0-255,66,53106,58,322078
34264,0.000612,74.125.130.0-255,4320,57426,58,322078
34265,0.000615,172.31.46.0-255,66,57492,58,322078
34266,0.000643,74.125.130.0-255,5738,63230,58,322078
34267,0.000646,172.31.46.0-255,66,63296,58,322078
34268,0.000676,74.125.130.0-255,2794,66090,58,322078
34269,0.000678,172.31.46.0-255,66,66156,58,322078
34270,0.00071,74.125.130.0-255,119,66275,58,322078
34271,0.000847,74.125.130.0-255,1484,67759,58,322078
34272,0.00085,172.31.46.0-255,66,67825,58,322078
34273,0.000854,74.125.130.0-255,1484,69309,58,322078
34274,0.000878,74.125.130.0-255,1484,70793,58,322078
34275,0.000882,172.31.46.0-255,66,70859,58,322078
34276,0.000889,74.125.130.0-255,5738,76597,58,322078
34277,0.000891,172.31.46.0-255,66,76663,58,322078
34278,0.000918,74.125.130.0-255,5738,82401,58,322078
34279,0.000922,172.31.46.0-255,66,82467,58,322078
34280,0.00094,74.125.130.0-255,5738,88205,58,322078
34281,0.000943,172.31.46.0-255,66,88271,58,322078
34282,0.000951,74.125.130.0-255,7156,95427,58,322078
34283,0.000953,172.31.46.0-255,66,95493,58,322078
34284,0.00098,74.125.130.0-255,5020,100513,58,322078
34285,0.000982,172.31.46.0-255,66,100579,58,322078
34286,0.000985,74.125.130.0-255,381,100960,58,322078
34287,0.00119,74.125.130.0-255,1484,102444,58,322078
34288,0.001193,172.31.46.0-255,66,102510,58,322078
34289,0.001198,74.125.130.0-255,2902,105412,58,322078
34290,0.001201,172.31.46.0-255,66,105478,58,322078
34291,0.001204,74.125.130.0-255,1484,106962,58,322078
34292,0.001231,74.125.130.0-255,2902,109864,58,322078
34293,0.001234,172.31.46.0-255,66,109930,58,322078
34294,0.001237,74.125.130.0-255,1484,111414,58,322078
34295,0.001261,74.125.130.0-255,4320,115734,58,322078
34296,0.001264,172.31.46.0-255,66,115800,58,322078
34297,0.001289,74.125.130.0-255,4320,120120,58,322078
34298,0.001293,172.31.46.0-255,66,120186,58,322078
34299,0.001299,74.125.130.0-255,5738,125924,58,322078
34300,0.001302,172.31.46.0-255,66,125990,58,322078
34301,0.001328,74.125.130.0-255,5738,131728,58,322078
34302,0.00133,172.31.46.0-255,66,131794,58,322078
34303,0.001369,74.125.130.0-255,3602,135396,58,322078
34304,0.001372,172.31.46.0-255,66,135462,58,322078
34305,0.001462,74.125.130.0-255,1484,136946,58,322078
34306,0.001468,74.125.130.0-255,2902,139848,58,322078
34307,0.001471,172.31.46.0-255,66,139914,58,322078
34308,0.001474,74.125.130.0-255,1484,141398,58,322078
34309,0.001497,74.125.130.0-255,4320,145718,58,322078
34310,0.0015,172.31.46.0-255,66,145784,58,322078
34311,0.001527,74.125.130.0-255,7156,152940,58,322078
34312,0.00153,172.31.46.0-255,66,153006,58,322078
34313,0.001554,74.125.130.0-255,2902,155908,58,322078
34314,0.001556,172.31.46.0-255,66,155974,58,322078
34315,0.001577,74.125.130.0-255,5738,161712,58,322078
34316,0.00158,172.31.46.0-255,66,161778,58,322078
34317,0.001583,74.125.130.0-255,1484,163262,58,322078
34318,0.001588,74.125.130.0-255,2902,166164,58,322078
34319,0.001591,172.31.46.0-255,66,166230,58,322078
34320,0.001658,74.125.130.0-255,3602,169832,58,322078
34321,0.001661,172.31.46.0-255,66,169898,58,322078
34322,0.00174,74.125.130.0-255,1484,171382,58,322078
34323,0.001769,74.125.130.0-255,1484,172866,58,322078
34324,0.001772,172.31.46.0-255,66,172932,58,322078
34325,0.001791,74.125.130.0-255,2902,175834,58,322078
34326,0.001794,172.31.46.0-255,66,175900,58,322078
34327,0.001826,74.125.130.0-255,5738,181638,58,322078
34328,0.001829,172.31.46.0-255,66,181704,58,322078
34329,0.001832,74.125.130.0-255,1484,183188,58,322078
34330,0.001837,74.125.130.0-255,2902,186090,58,322078
34331,0.001839,172.31.46.0-255,66,186156,58,322078
34332,0.001871,74.125.130.0-255,5738,191894,58,322078
34333,0.001874,172.31.46.0-255,66,191960,58,322078
34334,0.001879,74.125.130.0-255,4320,196280,58,322078
34335,0.001881,172.31.46.0-255,66,196346,58,322078
34336,0.001907,74.125.130.0-255,7156,203502,58,322078
34337,0.00191,172.31.46.0-255,66,203568,58,322078
34338,0.001913,74.125.130.0-255,766,204334,58,322078
34339,0.002206,74.125.130.0-255,1484,205818,58,322078
34340,0.002209,172.31.46.0-255,66,205884,58,322078
34341,0.002213,74.125.130.0-255,1484,207368,58,322078
34342,0.002234,74.125.130.0-255,1484,208852,58,322078
34343,0.002237,172.31.46.0-255,66,208918,58,322078
34344,0.002243,74.125.130.0-255,4320,213238,58,322078
34345,0.002245,172.31.46.0-255,66,213304,58,322078
34346,0.002269,74.125.130.0-255,1484,214788,58,322078
34347,0.002293,74.125.130.0-255,7156,221944,58,322078
34348,0.002296,172.31.46.0-255,66,222010,58,322078
34349,0.002299,74.125.130.0-255,1484,223494,58,322078
34350,0.002339,172.31.46.0-255,66,223560,58,322078
34351,0.002345,74.125.130.0-255,5738,229298,58,322078
34352,0.002347,172.31.46.0-255,66,229364,58,322078
34353,0.002377,74.125.130.0-255,6438,235802,58,322078
34354,0.002381,74.125.130.0-255,2902,238704,58,322078
34355,0.002394,74.125.130.0-255,4320,243024,58,322078
34356,0.002418,74.125.130.0-255,1484,244508,58,322078
34357,0.002439,74.125.130.0-255,4320,248828,58,322078
34358,0.002446,74.125.130.0-255,6438,255266,58,322078
34359,0.002528,74.125.130.0-255,1484,256750,58,322078
34360,0.002541,74.125.130.0-255,2902,259652,58,322078
34361,0.00257,74.125.130.0-255,4320,263972,58,322078
34362,0.00292,172.31.46.0-255,66,264038,58,322078
34363,0.005456,74.125.130.0-255,5738,269776,58,322078
34364,0.00547,172.31.46.0-255,66,269842,58,322078
34365,0.008016,74.125.130.0-255,5738,275580,58,322078
34366,0.00803,172.31.46.0-255,66,275646,58,322078
34367,0.010568,74.125.130.0-255,5738,281384,58,322078
34368,0.010579,172.31.46.0-255,66,281450,58,322078
34369,0.013125,74.125.130.0-255,5738,287188,58,322078
34370,0.013136,172.31.46.0-255,66,287254,58,322078
34371,0.015675,74.125.130.0-255,5738,292992,58,322078
34372,0.015696,172.31.46.0-255,66,293058,58,322078
34373,0.018276,74.125.130.0-255,5738,298796,58,322078
34374,0.018297,172.31.46.0-255,66,298862,58,322078
34375,0.020863,74.125.130.0-255,5738,304600,58,322078
34376,0.020883,172.31.46.0-255,66,304666,58,322078
34377,0.023425,74.125.130.0-255,5738,310404,58,322078
34378,0.023444,172.31.46.0-255,66,310470,58,322078
34379,0.026,74.125.130.0-255,5738,316208,58,322078
34380,0.026015,172.31.46.0-255,66,316274,58,322078
34381,0.028572,74.125.130.0-255,5738,322012,58,322078
34382,0.028591,172.31.46.0-255,66,322078,58,322078
34383,0.0,74.125.200.0-255,153,153,58,172953
34384,1.5e-05,172.31.46.0-255,66,219,58,172953
34385,2.2e-05,74.125.200.0-255,1484,1703,58,172953
34386,2.7e-05,172.31.46.0-255,66,1769,58,172953
34387,3.3e-05,74.125.200.0-255,2902,4671,58,172953
34388,3.6e-05,172.31.46.0-255,66,4737,58,172953
34389,5.6e-05,74.125.200.0-255,5738,10475,58,172953
34390,5.9e-05,172.31.46.0-255,66,10541,58,172953
34391,0.000107,74.125.200.0-255,5738,16279,58,172953
34392,0.000109,172.31.46.0-255,66,16345,58,172953
34393,0.000128,74.125.200.0-255,1976,18321,58,172953
34394,0.000131,172.31.46.0-255,66,18387,58,172953
34395,0.000198,74.125.200.0-255,4320,22707,58,172953
34396,0.000202,172.31.46.0-255,66,22773,58,172953
34397,0.000226,74.125.200.0-255,4320,27093,58,172953
34398,0.000229,172.31.46.0-255,66,27159,58,172953
34399,0.000303,74.125.200.0-255,3961,31120,58,172953
34400,0.000307,172.31.46.0-255,66,31186,58,172953
34401,0.000335,74.125.200.0-255,1484,32670,58,172953
34402,0.000338,172.31.46.0-255,66,32736,58,172953
34403,0.000353,74.125.200.0-255,4320,37056,58,172953
34404,0.000356,172.31.46.0-255,66,37122,58,172953
34405,0.000422,74.125.200.0-255,4320,41442,58,172953
34406,0.000426,172.31.46.0-255,66,41508,58,172953
34407,0.000452,74.125.200.0-255,6797,48305,58,172953
34408,0.000455,172.31.46.0-255,66,48371,58,172953
34409,0.000553,74.125.200.0-255,4320,52691,58,172953
34410,0.000557,172.31.46.0-255,66,52757,58,172953
34411,0.000595,172.31.46.0-255,66,52823,58,172953
34412,0.000734,74.125.200.0-255,678,53501,58,172953
34413,0.000738,172.31.46.0-255,66,53567,58,172953
34414,0.000754,74.125.200.0-255,1484,55051,58,172953
34415,0.000768,74.125.200.0-255,2902,57953,58,172953
34416,0.000777,172.31.46.0-255,66,58019,58,172953
34417,0.00078,74.125.200.0-255,1484,59503,58,172953
34418,0.000821,74.125.200.0-255,4320,63823,58,172953
34419,0.000838,74.125.200.0-255,5738,69561,58,172953
34420,0.000845,172.31.46.0-255,66,69627,58,172953
34421,0.000947,74.125.200.0-255,4320,73947,58,172953
34422,0.000965,172.31.46.0-255,66,74013,58,172953
34423,0.000988,172.31.46.0-255,66,74079,58,172953
34424,0.001604,74.125.200.0-255,1484,75563,58,172953
34425,0.001612,74.125.200.0-255,2902,78465,58,172953
34426,0.001617,172.31.46.0-255,66,78531,58,172953
34427,0.001644,74.125.200.0-255,5738,84269,58,172953
34428,0.001701,74.125.200.0-255,5738,90007,58,172953
34429,0.001717,74.125.200.0-255,1484,91491,58,172953
34430,0.00179,74.125.200.0-255,7156,98647,58,172953
34431,0.00187,74.125.200.0-255,5738,104385,58,172953
34432,0.001887,74.125.200.0-255,3602,107987,58,172953
34433,0.005345,172.31.46.0-255,66,108053,58,172953
34434,0.007317,74.125.200.0-255,5738,113791,58,172953
34435,0.007329,172.31.46.0-255,66,113857,58,172953
34436,0.009298,74.125.200.0-255,5738,119595,58,172953
34437,0.009308,172.31.46.0-255,66,119661,58,172953
34438,0.011277,74.125.200.0-255,5738,125399,58,172953
34439,0.01167,172.31.46.0-255,66,125465,58,172953
34440,0.013635,74.125.200.0-255,2902,128367,58,172953
34441,0.013643,172.31.46.0-255,66,128433,58,172953
34442,0.013665,74.125.200.0-255,2902,131335,58,172953
34443,0.014449,172.31.46.0-255,66,131401,58,172953
34444,0.015605,74.125.200.0-255,2902,134303,58,172953
34445,0.015612,172.31.46.0-255,66,134369,58,172953
34446,0.016412,74.125.200.0-255,2902,137271,58,172953
34447,0.017291,172.31.46.0-255,66,137337,58,172953
34448,0.017571,74.125.200.0-255,2902,140239,58,172953
34449,0.017578,172.31.46.0-255,66,140305,58,172953
34450,0.019254,74.125.200.0-255,2902,143207,58,172953
34451,0.019262,172.31.46.0-255,66,143273,58,172953
34452,0.019535,74.125.200.0-255,2902,146175,58,172953
34453,0.01954,172.31.46.0-255,66,146241,58,172953
34454,0.021261,74.125.200.0-255,2902,149143,58,172953
34455,0.021278,172.31.46.0-255,66,149209,58,172953
34456,0.021496,74.125.200.0-255,2902,152111,58,172953
34457,0.021502,172.31.46.0-255,66,152177,58,172953
34458,0.023264,74.125.200.0-255,2902,155079,58,172953
34459,0.023283,172.31.46.0-255,66,155145,58,172953
34460,0.023459,74.125.200.0-255,2902,158047,58,172953
34461,0.023465,172.31.46.0-255,66,158113,58,172953
34462,0.025261,74.125.200.0-255,2902,161015,58,172953
34463,0.025268,172.31.46.0-255,66,161081,58,172953
34464,0.025423,74.125.200.0-255,2902,163983,58,172953
34465,0.026632,172.31.46.0-255,66,164049,58,172953
34466,0.027224,74.125.200.0-255,2902,166951,58,172953
34467,0.027231,172.31.46.0-255,66,167017,58,172953
34468,0.028594,74.125.200.0-255,2902,169919,58,172953
34469,0.028602,172.31.46.0-255,66,169985,58,172953
34470,0.029187,74.125.200.0-255,2902,172887,58,172953
34471,0.029194,172.31.46.0-255,66,172953,58,172953
34472,0.0,74.125.24.0-255,150,150,58,260072
34473,1.5e-05,172.31.46.0-255,66,216,58,260072
34474,2.2e-05,74.125.24.0-255,1484,1700,58,260072
34475,2.6e-05,172.31.46.0-255,66,1766,58,260072
34476,3.2e-05,74.125.24.0-255,2902,4668,58,260072
34477,3.6e-05,172.31.46.0-255,66,4734,58,260072
34478,5.1e-05,74.125.24.0-255,7156,11890,58,260072
34479,5.4e-05,172.31.46.0-255,66,11956,58,260072
34480,5.9e-05,74.125.24.0-255,2080,14036,58,260072
34481,6.2e-05,172.31.46.0-255,66,14102,58,260072
34482,0.00012,74.125.24.0-255,1484,15586,58,260072
34483,0.000123,172.31.46.0-255,66,15652,58,260072
34484,0.000128,74.125.24.0-255,2902,18554,58,260072
34485,0.000131,172.31.46.0-255,66,18620,58,260072
34486,0.000159,74.125.24.0-255,4320,22940,58,260072
34487,0.000162,172.31.46.0-255,66,23006,58,260072
34488,0.000199,74.125.24.0-255,1484,24490,58,260072
34489,0.000202,172.31.46.0-255,66,24556,58,260072
34490,0.000215,74.125.24.0-255,6797,31353,58,260072
34491,0.000218,172.31.46.0-255,66,31419,58,260072
34492,0.000233,172.31.46.0-255,66,31485,58,260072
34493,0.000236,74.125.24.0-255,2543,34028,58,260072
34494,0.000238,172.31.46.0-255,66,34094,58,260072
34495,0.000284,74.125.24.0-255,1484,35578,58,260072
34496,0.000287,172.31.46.0-255,66,35644,58,260072
34497,0.00029,74.125.24.0-255,1484,37128,58,260072
34498,0.000292,172.31.46.0-255,66,37194,58,260072
34499,0.000324,74.125.24.0-255,1484,38678,58,260072
34500,0.000326,172.31.46.0-255,66,38744,58,260072
34501,0.000334,74.125.24.0-255,5738,44482,58,260072
34502,0.000336,172.31.46.0-255,66,44548,58,260072
34503,0.000375,74.125.24.0-255,7133,51681,58,260072
34504,0.000378,172.31.46.0-255,66,51747,58,260072
34505,0.000381,74.125.24.0-255,342,52089,58,260072
34506,0.000469,74.125.24.0-255,1484,53573,58,260072
34507,0.000473,172.31.46.0-255,66,53639,58,260072
34508,0.000479,74.125.24.0-255,2902,56541,58,260072
34509,0.000481,172.31.46.0-255,66,56607,58,260072
34510,0.000484,74.125.24.0-255,1484,58091,58,260072
34511,0.000505,74.125.24.0-255,4320,62411,58,260072
34512,0.000508,172.31.46.0-255,66,62477,58,260072
34513,0.000541,74.125.24.0-255,5738,68215,58,260072
34514,0.000544,172.31.46.0-255,66,68281,58,260072
34515,0.000572,74.125.24.0-255,6797,75078,58,260072
34516,0.000575,172.31.46.0-255,66,75144,58,260072
34517,0.000579,74.125.24.0-255,2902,78046,58,260072
34518,0.000581,172.31.46.0-255,66,78112,58,260072
34519,0.000613,74.125.24.0-255,4320,82432,58,260072
34520,0.000616,172.31.46.0-255,66,82498,58,260072
34521,0.000621,74.125.24.0-255,3961,86459,58,260072
34522,0.000624,172.31.46.0-255,66,86525,58,260072
34523,0.001162,74.125.24.0-255,1484,88009,58,260072
34524,0.00117,74.125.24.0-255,2902,90911,58,260072
34525,0.001175,172.31.46.0-255,66,90977,58,260072
34526,0.00118,74.125.24.0-255,2902,93879,58,260072
34527,0.001182,172.31.46.0-255,66,93945,58,260072
34528,0.001203,74.125.24.0-255,2902,96847,58,260072
34529,0.001206,172.31.46.0-255,66,96913,58,260072
34530,0.001213,74.125.24.0-255,7156,104069,58,260072
34531,0.001214,172.31.46.0-255,66,104135,58,260072
34532,0.001249,74.125.24.0-255,5738,109873,58,260072
34533,0.001251,172.31.46.0-255,66,109939,58,260072
34534,0.001261,172.31.46.0-255,66,110005,58,260072
34535,0.00128,74.125.24.0-255,2184,112189,58,260072
34536,0.001282,172.31.46.0-255,66,112255,58,260072
34537,0.001324,74.125.24.0-255,1484,113739,58,260072
34538,0.001345,74.125.24.0-255,2902,116641,58,260072
34539,0.001348,172.31.46.0-255,66,116707,58,260072
34540,0.001354,74.125.24.0-255,5738,122445,58,260072
34541,0.001356,172.31.46.0-255,66,122511,58,260072
34542,0.001378,74.125.24.0-255,2902,125413,58,260072
34543,0.001383,172.31.46.0-255,66,125479,58,260072
34544,0.001388,74.125.24.0-255,4320,129799,58,260072
34545,0.00139,172.31.46.0-255,66,129865,58,260072
34546,0.001394,74.125.24.0-255,2902,132767,58,260072
34547,0.001396,172.31.46.0-255,66,132833,58,260072
34548,0.001427,74.125.24.0-255,5738,138571,58,260072
34549,0.001429,172.31.46.0-255,66,138637,58,260072
34550,0.001434,74.125.24.0-255,4320,142957,58,260072
34551,0.001436,172.31.46.0-255,66,143023,58,260072
34552,0.001457,74.125.24.0-255,3602,146625,58,260072
34553,0.001459,172.31.46.0-255,66,146691,58,260072
34554,0.001935,74.125.24.0-255,1484,148175,58,260072
34555,0.001941,74.125.24.0-255,1484,149659,58,260072
34556,0.001944,172.31.46.0-255,66,149725,58,260072
34557,0.00197,74.125.24.0-255,1484,151209,58,260072
34558,0.001977,74.125.24.0-255,5738,156947,58,260072
34559,0.001979,172.31.46.0-255,66,157013,58,260072
34560,0.001995,172.31.46.0-255,66,157079,58,260072
34561,0.001998,74.125.24.0-255,1484,158563,58,260072
34562,0.002027,172.31.46.0-255,66,158629,58,260072
34563,0.002096,74.125.24.0-255,5738,164367,58,260072
34564,0.002099,172.31.46.0-255,66,164433,58,260072
34565,0.002122,74.125.24.0-255,4320,168753,58,260072
34566,0.002125,172.31.46.0-255,66,168819,58,260072
34567,0.002134,172.31.46.0-255,66,168885,58,260072
34568,0.002154,172.31.46.0-255,66,168951,58,260072
34569,0.002185,74.125.24.0-255,2184,171135,58,260072
34570,0.002188,172.31.46.0-255,66,171201,58,260072
34571,0.002211,172.31.46.0-255,66,171267,58,260072
34572,0.002214,74.125.24.0-255,2902,174169,58,260072
34573,0.002216,172.31.46.0-255,66,174235,58,260072
34574,0.002261,74.125.24.0-255,2902,177137,58,260072
34575,0.002272,172.31.46.0-255,66,177203,58,260072
34576,0.002288,172.31.46.0-255,66,177269,58,260072
34577,0.002302,74.125.24.0-255,7156,184425,58,260072
34578,0.002305,74.125.24.0-255,1484,185909,58,260072
34579,0.002307,74.125.24.0-255,1484,187393,58,260072
34580,0.002313,74.125.24.0-255,7156,194549,58,260072
34581,0.002336,74.125.24.0-255,5020,199569,58,260072
34582,0.002351,172.31.46.0-255,66,199635,58,260072
34583,0.00239,74.125.24.0-255,1484,201119,58,260072
34584,0.002409,74.125.24.0-255,2902,204021,58,260072
34585,0.002417,172.31.46.0-255,66,204087,58,260072
34586,0.002436,74.125.24.0-255,5738,209825,58,260072
34587,0.002443,74.125.24.0-255,7156,216981,58,260072
34588,0.002459,74.125.24.0-255,4320,221301,58,260072
34589,0.002464,74.125.24.0-255,5738,227039,58,260072
34590,0.002466,74.125.24.0-255,1484,228523,58,260072
34591,0.002469,172.31.46.0-255,66,228589,58,260072
34592,0.00248,74.125.24.0-255,5020,233609,58,260072
34593,0.002498,172.31.46.0-255,66,233675,58,260072
34594,0.002637,74.125.24.0-255,1484,235159,58,260072
34595,0.002649,74.125.24.0-255,2902,238061,58,260072
34596,0.00266,172.31.46.0-255,66,238127,58,260072
34597,0.002676,74.125.24.0-255,5738,243865,58,260072
34598,0.002681,74.125.24.0-255,2902,246767,58,260072
34599,0.002708,74.125.24.0-255,7156,253923,58,260072
34600,0.002714,172.31.46.0-255,66,253989,58,260072
34601,0.002725,74.125.24.0-255,3602,257591,58,260072
34602,0.002741,172.31.46.0-255,66,257657,58,260072
34603,0.002777,172.31.46.0-255,66,257723,58,260072
34604,0.002798,74.125.24.0-255,1484,259207,58,260072
34605,0.002812,74.125.24.0-255,457,259664,58,260072
34606,0.002848,172.31.46.0-255,66,259730,58,260072
34607,0.002857,74.125.24.0-255,105,259835,58,260072
34608,0.009263,172.31.46.0-255,66,259901,58,260072
34609,0.009302,172.31.46.0-255,105,260006,58,260072
34610,0.011253,74.125.24.0-255,66,260072,58,260072
34611,0.0,74.125.200.0-255,301,301,58,231164
34612,2.2e-05,172.31.46.0-255,66,367,58,231164
34613,2.9e-05,74.125.200.0-255,1484,1851,58,231164
34614,3.3e-05,172.31.46.0-255,66,1917,58,231164
34615,4e-05,74.125.200.0-255,4320,6237,58,231164
34616,4.4e-05,172.31.46.0-255,66,6303,58,231164
34617,4.7e-05,74.125.200.0-255,1484,7787,58,231164
34618,5e-05,172.31.46.0-255,66,7853,58,231164
34619,7.7e-05,74.125.200.0-255,5738,13591,58,231164
34620,8e-05,172.31.46.0-255,66,13657,58,231164
34621,9.6e-05,74.125.200.0-255,423,14080,58,231164
34622,9.8e-05,172.31.46.0-255,66,14146,58,231164
34623,0.000117,74.125.200.0-255,1484,15630,58,231164
34624,0.000119,172.31.46.0-255,66,15696,58,231164
34625,0.00014,74.125.200.0-255,4320,20016,58,231164
34626,0.000142,172.31.46.0-255,66,20082,58,231164
34627,0.000148,74.125.200.0-255,4320,24402,58,231164
34628,0.00015,172.31.46.0-255,66,24468,58,231164
34629,0.000166,74.125.200.0-255,1484,25952,58,231164
34630,0.000169,172.31.46.0-255,66,26018,58,231164
34631,0.000204,74.125.200.0-255,2902,28920,58,231164
34632,0.000207,172.31.46.0-255,66,28986,58,231164
34633,0.000224,74.125.200.0-255,2543,31529,58,231164
34634,0.000227,172.31.46.0-255,66,31595,58,231164
34635,0.000325,74.125.200.0-255,1484,33079,58,231164
34636,0.000329,172.31.46.0-255,66,33145,58,231164
34637,0.000334,74.125.200.0-255,2902,36047,58,231164
34638,0.000336,172.31.46.0-255,66,36113,58,231164
34639,0.000348,74.125.200.0-255,1484,37597,58,231164
34640,0.00035,172.31.46.0-255,66,37663,58,231164
34641,0.000381,74.125.200.0-255,2902,40565,58,231164
34642,0.000383,172.31.46.0-255,66,40631,58,231164
34643,0.000389,74.125.200.0-255,5738,46369,58,231164
34644,0.000392,172.31.46.0-255,66,46435,58,231164
34645,0.000424,172.31.46.0-255,66,46501,58,231164
34646,0.000456,74.125.200.0-255,2902,49403,58,231164
34647,0.000458,172.31.46.0-255,66,49469,58,231164
34648,0.00048,74.125.200.0-255,6797,56266,58,231164
34649,0.000483,172.31.46.0-255,66,56332,58,231164
34650,0.000885,74.125.200.0-255,645,56977,58,231164
34651,0.000907,74.125.200.0-255,1484,58461,58,231164
34652,0.000912,172.31.46.0-255,66,58527,58,231164
34653,0.000916,74.125.200.0-255,1484,60011,58,231164
34654,0.000933,74.125.200.0-255,1484,61495,58,231164
34655,0.000935,172.31.46.0-255,66,61561,58,231164
34656,0.000972,74.125.200.0-255,5738,67299,58,231164
34657,0.000975,172.31.46.0-255,66,67365,58,231164
34658,0.000978,74.125.200.0-255,1484,68849,58,231164
34659,0.000995,74.125.200.0-255,2902,71751,58,231164
34660,0.000997,172.31.46.0-255,66,71817,58,231164
34661,0.001014,74.125.200.0-255,4320,76137,58,231164
34662,0.001016,172.31.46.0-255,66,76203,58,231164
34663,0.001039,74.125.200.0-255,1484,77687,58,231164
34664,0.001044,74.125.200.0-255,2902,80589,58,231164
34665,0.001046,172.31.46.0-255,66,80655,58,231164
34666,0.001051,74.125.200.0-255,4320,84975,58,231164
34667,0.001054,172.31.46.0-255,66,85041,58,231164
34668,0.001058,74.125.200.0-255,2902,87943,58,231164
34669,0.001061,172.31.46.0-255,66,88009,58,231164
34670,0.001092,74.125.200.0-255,3602,91611,58,231164
34671,0.001095,172.31.46.0-255,66,91677,58,231164
34672,0.001436,74.125.200.0-255,1484,93161,58,231164
34673,0.001465,74.125.200.0-255,1484,94645,58,231164
34674,0.00147,172.31.46.0-255,66,94711,58,231164
34675,0.001486,74.125.200.0-255,2902,97613,58,231164
34676,0.001488,172.31.46.0-255,66,97679,58,231164
34677,0.00151,74.125.200.0-255,5738,103417,58,231164
34678,0.001512,172.31.46.0-255,66,103483,58,231164
34679,0.001515,74.125.200.0-255,1484,104967,58,231164
34680,0.001543,74.125.200.0-255,7156,112123,58,231164
34681,0.001546,172.31.46.0-255,66,112189,58,231164
34682,0.001562,74.125.200.0-255,1484,113673,58,231164
34683,0.001567,74.125.200.0-255,2902,116575,58,231164
34684,0.001569,172.31.46.0-255,66,116641,58,231164
34685,0.001593,74.125.200.0-255,2902,119543,58,231164
34686,0.001596,172.31.46.0-255,66,119609,58,231164
34687,0.001603,74.125.200.0-255,6438,126047,58,231164
34688,0.001605,172.31.46.0-255,66,126113,58,231164
34689,0.001767,74.125.200.0-255,1484,127597,58,231164
34690,0.001786,74.125.200.0-255,2902,130499,58,231164
34691,0.001791,172.31.46.0-255,66,130565,58,231164
34692,0.001815,74.125.200.0-255,5738,136303,58,231164
34693,0.001818,172.31.46.0-255,66,136369,58,231164
34694,0.001823,74.125.200.0-255,4320,140689,58,231164
34695,0.001825,172.31.46.0-255,66,140755,58,231164
34696,0.001852,74.125.200.0-255,4320,145075,58,231164
34697,0.001855,172.31.46.0-255,66,145141,58,231164
34698,0.001868,74.125.200.0-255,1484,146625,58,231164
34699,0.001871,74.125.200.0-255,1484,148109,58,231164
34700,0.001874,172.31.46.0-255,66,148175,58,231164
34701,0.001897,74.125.200.0-255,5738,153913,58,231164
34702,0.0019,172.31.46.0-255,66,153979,58,231164
34703,0.001917,74.125.200.0-255,1484,155463,58,231164
34704,0.001937,74.125.200.0-255,5020,160483,58,231164
34705,0.001941,172.31.46.0-255,66,160549,58,231164
34706,0.00255,74.125.200.0-255,1484,162033,58,231164
34707,0.002565,74.125.200.0-255,1484,163517,58,231164
34708,0.002569,172.31.46.0-255,66,163583,58,231164
34709,0.004525,74.125.200.0-255,2902,166485,58,231164
34710,0.004533,172.31.46.0-255,66,166551,58,231164
34711,0.005105,74.125.200.0-255,2902,169453,58,231164
34712,0.005113,172.31.46.0-255,66,169519,58,231164
34713,0.007099,74.125.200.0-255,2902,172421,58,231164
34714,0.007106,172.31.46.0-255,66,172487,58,231164
34715,0.00765,74.125.200.0-255,2902,175389,58,231164
34716,0.007658,172.31.46.0-255,66,175455,58,231164
34717,0.00965,74.125.200.0-255,2902,178357,58,231164
34718,0.00966,172.31.46.0-255,66,178423,58,231164
34719,0.010228,74.125.200.0-255,2902,181325,58,231164
34720,0.010233,172.31.46.0-255,66,181391,58,231164
34721,0.012259,74.125.200.0-255,2902,184293,58,231164
34722,0.012275,172.31.46.0-255,66,184359,58,231164
34723,0.012763,74.125.200.0-255,2902,187261,58,231164
34724,0.012771,172.31.46.0-255,66,187327,58,231164
34725,0.01484,74.125.200.0-255,2902,190229,58,231164
34726,0.014859,172.31.46.0-255,66,190295,58,231164
34727,0.015306,74.125.200.0-255,2902,193197,58,231164
34728,0.015314,172.31.46.0-255,66,193263,58,231164
34729,0.017417,74.125.200.0-255,2902,196165,58,231164
34730,0.017434,172.31.46.0-255,66,196231,58,231164
34731,0.017855,74.125.200.0-255,2902,199133,58,231164
34732,0.017863,172.31.46.0-255,66,199199,58,231164
34733,0.019987,74.125.200.0-255,2902,202101,58,231164
34734,0.020004,172.31.46.0-255,66,202167,58,231164
34735,0.020394,74.125.200.0-255,2902,205069,58,231164
34736,0.020401,172.31.46.0-255,66,205135,58,231164
34737,0.022582,74.125.200.0-255,2902,208037,58,231164
34738,0.022601,172.31.46.0-255,66,208103,58,231164
34739,0.022947,74.125.200.0-255,2902,211005,58,231164
34740,0.022952,172.31.46.0-255,66,211071,58,231164
34741,0.025157,74.125.200.0-255,2902,213973,58,231164
34742,0.025168,172.31.46.0-255,66,214039,58,231164
34743,0.025509,74.125.200.0-255,2902,216941,58,231164
34744,0.02552,172.31.46.0-255,66,217007,58,231164
34745,0.026472,172.31.46.0-255,164,217171,58,231164
34746,0.026515,172.31.46.0-255,1122,218293,58,231164
34747,0.026585,172.31.46.0-255,1514,219807,58,231164
34748,0.026587,172.31.46.0-255,1514,221321,58,231164
34749,0.026588,172.31.46.0-255,1514,222835,58,231164
34750,0.026589,172.31.46.0-255,1514,224349,58,231164
34751,0.02659,172.31.46.0-255,615,224964,58,231164
34752,0.027777,74.125.200.0-255,2902,227866,58,231164
34753,0.027786,172.31.46.0-255,66,227932,58,231164
34754,0.028054,74.125.200.0-255,2902,230834,58,231164
34755,0.02806,172.31.46.0-255,66,230900,58,231164
34756,0.028066,104.244.42.0-255,66,230966,58,231164
34757,0.028078,104.244.42.0-255,66,231032,58,231164
34758,0.02816,104.244.42.0-255,66,231098,58,231164
34759,0.028164,104.244.42.0-255,66,231164,58,231164
34760,0.0,172.217.194.0-255,155,155,58,220314
34761,1e-05,172.31.46.0-255,66,221,58,220314
34762,2.9e-05,172.217.194.0-255,1484,1705,58,220314
34763,3.3e-05,172.31.46.0-255,66,1771,58,220314
34764,3.8e-05,172.217.194.0-255,2902,4673,58,220314
34765,4e-05,172.31.46.0-255,66,4739,58,220314
34766,7.1e-05,172.217.194.0-255,7156,11895,58,220314
34767,7.3e-05,172.31.46.0-255,66,11961,58,220314
34768,7.6e-05,172.217.194.0-255,1484,13445,58,220314
34769,7.8e-05,172.31.46.0-255,66,13511,58,220314
34770,9.9e-05,172.31.46.0-255,66,13577,58,220314
34771,0.000133,172.217.194.0-255,5379,18956,58,220314
34772,0.000135,172.217.194.0-255,1484,20440,58,220314
34773,0.000138,172.31.46.0-255,66,20506,58,220314
34774,0.00014,172.31.46.0-255,66,20572,58,220314
34775,0.000156,172.217.194.0-255,4320,24892,58,220314
34776,0.000158,172.31.46.0-255,66,24958,58,220314
34777,0.000186,172.217.194.0-255,2902,27860,58,220314
34778,0.000188,172.31.46.0-255,66,27926,58,220314
34779,0.000211,172.31.46.0-255,66,27992,58,220314
34780,0.00023,172.31.46.0-255,66,28058,58,220314
34781,0.000241,172.217.194.0-255,2902,30960,58,220314
34782,0.000243,172.31.46.0-255,66,31026,58,220314
34783,0.000248,172.217.194.0-255,5655,36681,58,220314
34784,0.000251,172.31.46.0-255,66,36747,58,220314
34785,0.000272,172.217.194.0-255,432,37179,58,220314
34786,0.000274,172.31.46.0-255,66,37245,58,220314
34787,0.000324,172.217.194.0-255,1484,38729,58,220314
34788,0.000327,172.31.46.0-255,66,38795,58,220314
34789,0.000331,172.217.194.0-255,2902,41697,58,220314
34790,0.000332,172.31.46.0-255,66,41763,58,220314
34791,0.000359,172.217.194.0-255,5738,47501,58,220314
34792,0.000362,172.31.46.0-255,66,47567,58,220314
34793,0.000379,172.217.194.0-255,1484,49051,58,220314
34794,0.000402,172.217.194.0-255,5379,54430,58,220314
34795,0.000404,172.31.46.0-255,66,54496,58,220314
34796,0.000411,172.217.194.0-255,7156,61652,58,220314
34797,0.000413,172.31.46.0-255,66,61718,58,220314
34798,0.000435,172.217.194.0-255,1484,63202,58,220314
34799,0.000461,172.31.46.0-255,66,63268,58,220314
34800,0.000502,172.217.194.0-255,1484,64752,58,220314
34801,0.000517,172.217.194.0-255,2902,67654,58,220314
34802,0.000519,172.31.46.0-255,66,67720,58,220314
34803,0.000526,172.217.194.0-255,5738,73458,58,220314
34804,0.000528,172.31.46.0-255,66,73524,58,220314
34805,0.000542,172.217.194.0-255,6797,80321,58,220314
34806,0.000545,172.31.46.0-255,66,80387,58,220314
34807,0.000825,172.217.194.0-255,1484,81871,58,220314
34808,0.000828,172.217.194.0-255,1484,83355,58,220314
34809,0.000831,172.31.46.0-255,66,83421,58,220314
34810,0.000853,172.217.194.0-255,1484,84905,58,220314
34811,0.000859,172.217.194.0-255,5738,90643,58,220314
34812,0.000861,172.31.46.0-255,66,90709,58,220314
34813,0.000873,172.31.46.0-255,66,90775,58,220314
34814,0.000912,172.31.46.0-255,66,90841,58,220314
34815,0.001021,172.217.194.0-255,1484,92325,58,220314
34816,0.001026,172.217.194.0-255,2902,95227,58,220314
34817,0.001028,172.31.46.0-255,66,95293,58,220314
34818,0.001033,172.217.194.0-255,2902,98195,58,220314
34819,0.001035,172.31.46.0-255,66,98261,58,220314
34820,0.001047,172.217.194.0-255,2902,101163,58,220314
34821,0.001049,172.31.46.0-255,66,101229,58,220314
34822,0.001053,172.217.194.0-255,2902,104131,58,220314
34823,0.001055,172.31.46.0-255,66,104197,58,220314
34824,0.001077,172.31.46.0-255,66,104263,58,220314
34825,0.001131,172.31.46.0-255,66,104329,58,220314
34826,0.001141,172.31.46.0-255,66,104395,58,220314
34827,0.001162,172.217.194.0-255,7156,111551,58,220314
34828,0.001165,172.31.46.0-255,66,111617,58,220314
34829,0.001189,172.31.46.0-255,66,111683,58,220314
34830,0.001219,172.217.194.0-255,5020,116703,58,220314
34831,0.001222,172.31.46.0-255,66,116769,58,220314
34832,0.001239,172.217.194.0-255,1484,118253,58,220314
34833,0.001257,172.217.194.0-255,1484,119737,58,220314
34834,0.001259,172.31.46.0-255,66,119803,58,220314
34835,0.001265,172.217.194.0-255,4320,124123,58,220314
34836,0.001267,172.31.46.0-255,66,124189,58,220314
34837,0.001311,172.31.46.0-255,66,124255,58,220314
34838,0.001321,172.31.46.0-255,66,124321,58,220314
34839,0.00134,172.217.194.0-255,7156,131477,58,220314
34840,0.001342,172.31.46.0-255,66,131543,58,220314
34841,0.001346,172.217.194.0-255,2184,133727,58,220314
34842,0.001348,172.31.46.0-255,66,133793,58,220314
34843,0.001375,172.217.194.0-255,1484,135277,58,220314
34844,0.00139,172.217.194.0-255,1484,136761,58,220314
34845,0.001393,172.31.46.0-255,66,136827,58,220314
34846,0.001399,172.217.194.0-255,5738,142565,58,220314
34847,0.001401,172.31.46.0-255,66,142631,58,220314
34848,0.001417,172.217.194.0-255,1484,144115,58,220314
34849,0.001423,172.217.194.0-255,7156,151271,58,220314
34850,0.001425,172.31.46.0-255,66,151337,58,220314
34851,0.001431,172.217.194.0-255,5738,157075,58,220314
34852,0.001433,172.31.46.0-255,66,157141,58,220314
34853,0.001459,172.31.46.0-255,66,157207,58,220314
34854,0.001462,172.217.194.0-255,766,157973,58,220314
34855,0.001509,172.217.194.0-255,5738,163711,58,220314
34856,0.001512,172.31.46.0-255,66,163777,58,220314
34857,0.001518,172.217.194.0-255,5738,169515,58,220314
34858,0.00152,172.31.46.0-255,66,169581,58,220314
34859,0.001532,172.217.194.0-255,1484,171065,58,220314
34860,0.001536,172.217.194.0-255,2902,173967,58,220314
34861,0.001538,172.31.46.0-255,66,174033,58,220314
34862,0.00157,172.31.46.0-255,66,174099,58,220314
34863,0.001581,172.217.194.0-255,6438,180537,58,220314
34864,0.001584,172.31.46.0-255,66,180603,58,220314
34865,0.001647,172.217.194.0-255,1484,182087,58,220314
34866,0.001652,172.217.194.0-255,2902,184989,58,220314
34867,0.001655,172.31.46.0-255,66,185055,58,220314
34868,0.001662,172.217.194.0-255,5738,190793,58,220314
34869,0.001664,172.31.46.0-255,66,190859,58,220314
34870,0.001705,172.31.46.0-255,66,190925,58,220314
34871,0.001712,172.217.194.0-255,4320,195245,58,220314
34872,0.001714,172.31.46.0-255,66,195311,58,220314
34873,0.00177,172.217.194.0-255,6438,201749,58,220314
34874,0.001773,172.31.46.0-255,66,201815,58,220314
34875,0.001831,172.217.194.0-255,5738,207553,58,220314
34876,0.001834,172.31.46.0-255,66,207619,58,220314
34877,0.001853,172.217.194.0-255,1484,209103,58,220314
34878,0.001866,172.31.46.0-255,66,209169,58,220314
34879,0.001883,172.31.46.0-255,66,209235,58,220314
34880,0.001911,172.217.194.0-255,5020,214255,58,220314
34881,0.001915,172.31.46.0-255,66,214321,58,220314
34882,0.00192,172.217.194.0-255,5585,219906,58,220314
34883,0.001923,172.31.46.0-255,66,219972,58,220314
34884,0.001925,172.217.194.0-255,105,220077,58,220314
34885,0.004085,172.31.46.0-255,66,220143,58,220314
34886,0.004116,172.31.46.0-255,105,220248,58,220314
34887,0.006711,172.217.194.0-255,66,220314,58,220314
34888,0.0,172.217.194.0-255,153,153,58,150398
34889,2.4e-05,172.31.46.0-255,66,219,58,150398
34890,3.1e-05,172.217.194.0-255,1484,1703,58,150398
34891,3.7e-05,172.31.46.0-255,66,1769,58,150398
34892,4.3e-05,172.217.194.0-255,2902,4671,58,150398
34893,5.3e-05,172.31.46.0-255,66,4737,58,150398
34894,6.1e-05,172.217.194.0-255,7156,11893,58,150398
34895,6.5e-05,172.31.46.0-255,66,11959,58,150398
34896,7e-05,172.217.194.0-255,3471,15430,58,150398
34897,7.3e-05,172.31.46.0-255,66,15496,58,150398
34898,7.8e-05,172.217.194.0-255,2902,18398,58,150398
34899,8.1e-05,172.31.46.0-255,66,18464,58,150398
34900,0.000115,172.31.46.0-255,66,18530,58,150398
34901,0.00012,172.217.194.0-255,2543,21073,58,150398
34902,0.000122,172.31.46.0-255,66,21139,58,150398
34903,0.000187,172.217.194.0-255,1484,22623,58,150398
34904,0.000191,172.31.46.0-255,66,22689,58,150398
34905,0.000196,172.217.194.0-255,2902,25591,58,150398
34906,0.000198,172.31.46.0-255,66,25657,58,150398
34907,0.000246,172.217.194.0-255,5738,31395,58,150398
34908,0.000249,172.31.46.0-255,66,31461,58,150398
34909,0.00026,172.31.46.0-255,66,31527,58,150398
34910,0.000292,172.217.194.0-255,5379,36906,58,150398
34911,0.000294,172.31.46.0-255,66,36972,58,150398
34912,0.000305,172.31.46.0-255,66,37038,58,150398
34913,0.000308,172.217.194.0-255,379,37417,58,150398
34914,0.00031,172.31.46.0-255,66,37483,58,150398
34915,0.000337,172.217.194.0-255,363,37846,58,150398
34916,0.000341,172.31.46.0-255,66,37912,58,150398
34917,0.00056,172.217.194.0-255,1484,39396,58,150398
34918,0.000569,172.217.194.0-255,2902,42298,58,150398
34919,0.000574,172.31.46.0-255,66,42364,58,150398
34920,0.000581,172.217.194.0-255,5738,48102,58,150398
34921,0.000583,172.31.46.0-255,66,48168,58,150398
34922,0.000623,172.31.46.0-255,66,48234,58,150398
34923,0.000628,172.217.194.0-255,2902,51136,58,150398
34924,0.00063,172.31.46.0-255,66,51202,58,150398
34925,0.000661,172.31.46.0-255,66,51268,58,150398
34926,0.00132,172.217.194.0-255,1484,52752,58,150398
34927,0.001344,172.217.194.0-255,2902,55654,58,150398
34928,0.001349,172.31.46.0-255,66,55720,58,150398
34929,0.001353,172.217.194.0-255,1484,57204,58,150398
34930,0.001359,172.217.194.0-255,5738,62942,58,150398
34931,0.001361,172.31.46.0-255,66,63008,58,150398
34932,0.001374,172.217.194.0-255,7156,70164,58,150398
34933,0.001376,172.31.46.0-255,66,70230,58,150398
34934,0.001407,172.217.194.0-255,5738,75968,58,150398
34935,0.00141,172.31.46.0-255,66,76034,58,150398
34936,0.001422,172.31.46.0-255,66,76100,58,150398
34937,0.002016,172.217.194.0-255,1484,77584,58,150398
34938,0.002023,172.217.194.0-255,1484,79068,58,150398
34939,0.002027,172.31.46.0-255,66,79134,58,150398
34940,0.002055,172.217.194.0-255,1484,80618,58,150398
34941,0.002078,172.217.194.0-255,5738,86356,58,150398
34942,0.002081,172.31.46.0-255,66,86422,58,150398
34943,0.002095,172.31.46.0-255,66,86488,58,150398
34944,0.002107,172.31.46.0-255,66,86554,58,150398
34945,0.004583,172.217.194.0-255,5738,92292,58,150398
34946,0.004591,172.31.46.0-255,66,92358,58,150398
34947,0.007094,172.217.194.0-255,5738,98096,58,150398
34948,0.007102,172.31.46.0-255,66,98162,58,150398
34949,0.009592,172.217.194.0-255,5738,103900,58,150398
34950,0.009602,172.31.46.0-255,66,103966,58,150398
34951,0.0121,172.217.194.0-255,5738,109704,58,150398
34952,0.012116,172.31.46.0-255,66,109770,58,150398
34953,0.014588,172.217.194.0-255,5738,115508,58,150398
34954,0.014599,172.31.46.0-255,66,115574,58,150398
34955,0.017115,172.217.194.0-255,5738,121312,58,150398
34956,0.01713,172.31.46.0-255,66,121378,58,150398
34957,0.019633,172.217.194.0-255,5738,127116,58,150398
34958,0.019652,172.31.46.0-255,66,127182,58,150398
34959,0.022152,172.217.194.0-255,5738,132920,58,150398
34960,0.02216,172.31.46.0-255,66,132986,58,150398
34961,0.02469,172.217.194.0-255,5738,138724,58,150398
34962,0.024697,172.31.46.0-255,66,138790,58,150398
34963,0.027175,172.217.194.0-255,5738,144528,58,150398
34964,0.027183,172.31.46.0-255,66,144594,58,150398
34965,0.029694,172.217.194.0-255,5738,150332,58,150398
34966,0.029703,172.31.46.0-255,66,150398,58,150398
34967,0.0,74.125.24.0-255,153,153,58,263008
34968,2.1e-05,172.31.46.0-255,66,219,58,263008
34969,2.8e-05,74.125.24.0-255,1484,1703,58,263008
34970,3.2e-05,172.31.46.0-255,66,1769,58,263008
34971,3.8e-05,74.125.24.0-255,2902,4671,58,263008
34972,4.1e-05,172.31.46.0-255,66,4737,58,263008
34973,4.7e-05,74.125.24.0-255,7156,11893,58,263008
34974,5.1e-05,172.31.46.0-255,66,11959,58,263008
34975,7e-05,74.125.24.0-255,2043,14002,58,263008
34976,7.2e-05,172.31.46.0-255,66,14068,58,263008
34977,9.6e-05,74.125.24.0-255,2902,16970,58,263008
34978,9.8e-05,172.31.46.0-255,66,17036,58,263008
34979,0.000121,74.125.24.0-255,7156,24192,58,263008
34980,0.000123,172.31.46.0-255,66,24258,58,263008
34981,0.000128,74.125.24.0-255,5738,29996,58,263008
34982,0.00013,172.31.46.0-255,66,30062,58,263008
34983,0.000164,74.125.24.0-255,1125,31187,58,263008
34984,0.000166,172.31.46.0-255,66,31253,58,263008
34985,0.000339,74.125.24.0-255,1484,32737,58,263008
34986,0.000343,172.31.46.0-255,66,32803,58,263008
34987,0.000348,74.125.24.0-255,2902,35705,58,263008
34988,0.00035,172.31.46.0-255,66,35771,58,263008
34989,0.000353,74.125.24.0-255,1484,37255,58,263008
34990,0.000356,172.31.46.0-255,66,37321,58,263008
34991,0.000372,74.125.24.0-255,4320,41641,58,263008
34992,0.000375,172.31.46.0-255,66,41707,58,263008
34993,0.000377,74.125.24.0-255,1484,43191,58,263008
34994,0.000379,172.31.46.0-255,66,43257,58,263008
34995,0.000402,74.125.24.0-255,5379,48636,58,263008
34996,0.000404,172.31.46.0-255,66,48702,58,263008
34997,0.000418,74.125.24.0-255,1484,50186,58,263008
34998,0.00042,172.31.46.0-255,66,50252,58,263008
34999,0.000437,74.125.24.0-255,2902,53154,58,263008
35000,0.000439,172.31.46.0-255,66,53220,58,263008
35001,0.000446,74.125.24.0-255,5738,58958,58,263008
35002,0.000448,172.31.46.0-255,66,59024,58,263008
35003,0.00048,74.125.24.0-255,7091,66115,58,263008
35004,0.000482,172.31.46.0-255,66,66181,58,263008
35005,0.000581,74.125.24.0-255,383,66564,58,263008
35006,0.0007,74.125.24.0-255,1484,68048,58,263008
35007,0.000704,172.31.46.0-255,66,68114,58,263008
35008,0.000709,74.125.24.0-255,2902,71016,58,263008
35009,0.00071,172.31.46.0-255,66,71082,58,263008
35010,0.000717,74.125.24.0-255,5738,76820,58,263008
35011,0.000718,172.31.46.0-255,66,76886,58,263008
35012,0.000748,74.125.24.0-255,6797,83683,58,263008
35013,0.00075,172.31.46.0-255,66,83749,58,263008
35014,0.000785,74.125.24.0-255,7156,90905,58,263008
35015,0.000788,172.31.46.0-255,66,90971,58,263008
35016,0.000805,74.125.24.0-255,7156,98127,58,263008
35017,0.000808,172.31.46.0-255,66,98193,58,263008
35018,0.000829,74.125.24.0-255,2543,100736,58,263008
35019,0.000831,172.31.46.0-255,66,100802,58,263008
35020,0.001025,74.125.24.0-255,1484,102286,58,263008
35021,0.001039,74.125.24.0-255,2902,105188,58,263008
35022,0.001043,172.31.46.0-255,66,105254,58,263008
35023,0.001048,74.125.24.0-255,4320,109574,58,263008
35024,0.00105,172.31.46.0-255,66,109640,58,263008
35025,0.001061,74.125.24.0-255,1484,111124,58,263008
35026,0.001111,172.31.46.0-255,66,111190,58,263008
35027,0.001131,74.125.24.0-255,4320,115510,58,263008
35028,0.001133,172.31.46.0-255,66,115576,58,263008
35029,0.001145,172.31.46.0-255,66,115642,58,263008
35030,0.001177,74.125.24.0-255,1484,117126,58,263008
35031,0.001182,74.125.24.0-255,2902,120028,58,263008
35032,0.001184,172.31.46.0-255,66,120094,58,263008
35033,0.0012,74.125.24.0-255,5738,125832,58,263008
35034,0.001202,172.31.46.0-255,66,125898,58,263008
35035,0.001223,74.125.24.0-255,2902,128800,58,263008
35036,0.001225,172.31.46.0-255,66,128866,58,263008
35037,0.001253,172.31.46.0-255,66,128932,58,263008
35038,0.001263,172.31.46.0-255,66,128998,58,263008
35039,0.001287,74.125.24.0-255,2184,131182,58,263008
35040,0.001289,172.31.46.0-255,66,131248,58,263008
35041,0.001722,74.125.24.0-255,1484,132732,58,263008
35042,0.001727,74.125.24.0-255,2902,135634,58,263008
35043,0.001731,172.31.46.0-255,66,135700,58,263008
35044,0.00175,74.125.24.0-255,5738,141438,58,263008
35045,0.001752,172.31.46.0-255,66,141504,58,263008
35046,0.001778,172.31.46.0-255,66,141570,58,263008
35047,0.001789,74.125.24.0-255,1484,143054,58,263008
35048,0.001822,172.31.46.0-255,66,143120,58,263008
35049,0.001908,74.125.24.0-255,1484,144604,58,263008
35050,0.001924,74.125.24.0-255,2902,147506,58,263008
35051,0.001927,172.31.46.0-255,66,147572,58,263008
35052,0.001933,74.125.24.0-255,5738,153310,58,263008
35053,0.001935,172.31.46.0-255,66,153376,58,263008
35054,0.001958,74.125.24.0-255,7156,160532,58,263008
35055,0.00196,172.31.46.0-255,66,160598,58,263008
35056,0.001963,74.125.24.0-255,1484,162082,58,263008
35057,0.001994,172.31.46.0-255,66,162148,58,263008
35058,0.001998,74.125.24.0-255,2184,164332,58,263008
35059,0.001999,172.31.46.0-255,66,164398,58,263008
35060,0.00202,74.125.24.0-255,1484,165882,58,263008
35061,0.002034,74.125.24.0-255,1484,167366,58,263008
35062,0.002036,172.31.46.0-255,66,167432,58,263008
35063,0.002043,74.125.24.0-255,7156,174588,58,263008
35064,0.002045,172.31.46.0-255,66,174654,58,263008
35065,0.002056,74.125.24.0-255,5738,180392,58,263008
35066,0.002058,172.31.46.0-255,66,180458,58,263008
35067,0.002096,172.31.46.0-255,66,180524,58,263008
35068,0.002099,74.125.24.0-255,1484,182008,58,263008
35069,0.002117,74.125.24.0-255,2184,184192,58,263008
35070,0.002119,172.31.46.0-255,66,184258,58,263008
35071,0.002234,74.125.24.0-255,1484,185742,58,263008
35072,0.002238,74.125.24.0-255,1484,187226,58,263008
35073,0.00224,172.31.46.0-255,66,187292,58,263008
35074,0.002259,74.125.24.0-255,1484,188776,58,263008
35075,0.002267,74.125.24.0-255,5738,194514,58,263008
35076,0.00227,172.31.46.0-255,66,194580,58,263008
35077,0.002273,74.125.24.0-255,1484,196064,58,263008
35078,0.002302,172.31.46.0-255,66,196130,58,263008
35079,0.002306,74.125.24.0-255,2902,199032,58,263008
35080,0.002308,172.31.46.0-255,66,199098,58,263008
35081,0.002362,172.31.46.0-255,66,199164,58,263008
35082,0.004671,74.125.24.0-255,5738,204902,58,263008
35083,0.00468,172.31.46.0-255,66,204968,58,263008
35084,0.006988,74.125.24.0-255,5738,210706,58,263008
35085,0.006996,172.31.46.0-255,66,210772,58,263008
35086,0.009336,74.125.24.0-255,5738,216510,58,263008
35087,0.009342,172.31.46.0-255,66,216576,58,263008
35088,0.01169,74.125.24.0-255,5738,222314,58,263008
35089,0.011697,172.31.46.0-255,66,222380,58,263008
35090,0.014014,74.125.24.0-255,5738,228118,58,263008
35091,0.014021,172.31.46.0-255,66,228184,58,263008
35092,0.016372,74.125.24.0-255,5738,233922,58,263008
35093,0.01638,172.31.46.0-255,66,233988,58,263008
35094,0.018728,74.125.24.0-255,5738,239726,58,263008
35095,0.018738,172.31.46.0-255,66,239792,58,263008
35096,0.021113,74.125.24.0-255,5738,245530,58,263008
35097,0.021125,172.31.46.0-255,66,245596,58,263008
35098,0.023495,74.125.24.0-255,5738,251334,58,263008
35099,0.023502,172.31.46.0-255,66,251400,58,263008
35100,0.025883,74.125.24.0-255,5738,257138,58,263008
35101,0.025891,172.31.46.0-255,66,257204,58,263008
35102,0.028226,74.125.24.0-255,5738,262942,58,263008
35103,0.028233,172.31.46.0-255,66,263008,58,263008
35104,0.0,172.217.27.0-255,153,153,58,170473
35105,2.4e-05,172.31.46.0-255,66,219,58,170473
35106,3.1e-05,172.217.27.0-255,1484,1703,58,170473
35107,3.6e-05,172.31.46.0-255,66,1769,58,170473
35108,4.9e-05,172.217.27.0-255,2902,4671,58,170473
35109,5.3e-05,172.31.46.0-255,66,4737,58,170473
35110,6.1e-05,172.217.27.0-255,7156,11893,58,170473
35111,6.5e-05,172.31.46.0-255,66,11959,58,170473
35112,6.9e-05,172.217.27.0-255,1938,13897,58,170473
35113,7.2e-05,172.31.46.0-255,66,13963,58,170473
35114,0.000142,172.217.27.0-255,1484,15447,58,170473
35115,0.000144,172.31.46.0-255,66,15513,58,170473
35116,0.00015,172.217.27.0-255,2902,18415,58,170473
35117,0.000152,172.31.46.0-255,66,18481,58,170473
35118,0.000183,172.217.27.0-255,5738,24219,58,170473
35119,0.000187,172.31.46.0-255,66,24285,58,170473
35120,0.000222,172.31.46.0-255,66,24351,58,170473
35121,0.000229,172.217.27.0-255,7156,31507,58,170473
35122,0.000231,172.31.46.0-255,66,31573,58,170473
35123,0.000255,172.217.27.0-255,2902,34475,58,170473
35124,0.000257,172.31.46.0-255,66,34541,58,170473
35125,0.000267,172.217.27.0-255,3961,38502,58,170473
35126,0.00027,172.31.46.0-255,66,38568,58,170473
35127,0.000314,172.217.27.0-255,4320,42888,58,170473
35128,0.000316,172.31.46.0-255,66,42954,58,170473
35129,0.000323,172.217.27.0-255,5738,48692,58,170473
35130,0.000326,172.31.46.0-255,66,48758,58,170473
35131,0.000381,172.217.27.0-255,7123,55881,58,170473
35132,0.000384,172.31.46.0-255,66,55947,58,170473
35133,0.000761,172.217.27.0-255,120,56067,58,170473
35134,0.000766,172.31.46.0-255,66,56133,58,170473
35135,0.000949,172.217.27.0-255,1484,57617,58,170473
35136,0.000964,172.217.27.0-255,2902,60519,58,170473
35137,0.000968,172.31.46.0-255,66,60585,58,170473
35138,0.000975,172.217.27.0-255,5738,66323,58,170473
35139,0.000978,172.31.46.0-255,66,66389,58,170473
35140,0.001013,172.31.46.0-255,66,66455,58,170473
35141,0.001041,172.217.27.0-255,5379,71834,58,170473
35142,0.001044,172.31.46.0-255,66,71900,58,170473
35143,0.00106,172.31.46.0-255,66,71966,58,170473
35144,0.001063,172.217.27.0-255,1125,73091,58,170473
35145,0.001549,172.31.46.0-255,66,73157,58,170473
35146,0.002703,172.217.27.0-255,4320,77477,58,170473
35147,0.002712,172.31.46.0-255,66,77543,58,170473
35148,0.003199,172.217.27.0-255,1484,79027,58,170473
35149,0.004385,172.217.27.0-255,4320,83347,58,170473
35150,0.004388,172.31.46.0-255,66,83413,58,170473
35151,0.006032,172.217.27.0-255,5738,89151,58,170473
35152,0.006035,172.31.46.0-255,66,89217,58,170473
35153,0.007741,172.217.27.0-255,5738,94955,58,170473
35154,0.007748,172.31.46.0-255,66,95021,58,170473
35155,0.009398,172.217.27.0-255,5738,100759,58,170473
35156,0.009405,172.31.46.0-255,66,100825,58,170473
35157,0.011056,172.217.27.0-255,5738,106563,58,170473
35158,0.011064,172.31.46.0-255,66,106629,58,170473
35159,0.012719,172.217.27.0-255,5738,112367,58,170473
35160,0.012727,172.31.46.0-255,66,112433,58,170473
35161,0.014381,172.217.27.0-255,5738,118171,58,170473
35162,0.014388,172.31.46.0-255,66,118237,58,170473
35163,0.016041,172.217.27.0-255,5738,123975,58,170473
35164,0.016049,172.31.46.0-255,66,124041,58,170473
35165,0.017747,172.217.27.0-255,5738,129779,58,170473
35166,0.017756,172.31.46.0-255,66,129845,58,170473
35167,0.019416,172.217.27.0-255,5738,135583,58,170473
35168,0.019426,172.31.46.0-255,66,135649,58,170473
35169,0.021079,172.217.27.0-255,5738,141387,58,170473
35170,0.021087,172.31.46.0-255,66,141453,58,170473
35171,0.022738,172.217.27.0-255,5738,147191,58,170473
35172,0.022746,172.31.46.0-255,66,147257,58,170473
35173,0.02439,172.217.27.0-255,5738,152995,58,170473
35174,0.024398,172.31.46.0-255,66,153061,58,170473
35175,0.026051,172.217.27.0-255,5738,158799,58,170473
35176,0.026058,172.31.46.0-255,66,158865,58,170473
35177,0.027707,172.217.27.0-255,5738,164603,58,170473
35178,0.027714,172.31.46.0-255,66,164669,58,170473
35179,0.029366,172.217.27.0-255,5738,170407,58,170473
35180,0.029374,172.31.46.0-255,66,170473,58,170473
35181,0.0,74.125.200.0-255,153,153,58,303571
35182,2e-05,172.31.46.0-255,66,219,58,303571
35183,2.7e-05,74.125.200.0-255,1484,1703,58,303571
35184,3.1e-05,172.31.46.0-255,66,1769,58,303571
35185,4.4e-05,74.125.200.0-255,2902,4671,58,303571
35186,4.7e-05,172.31.46.0-255,66,4737,58,303571
35187,8.4e-05,74.125.200.0-255,5738,10475,58,303571
35188,8.7e-05,172.31.46.0-255,66,10541,58,303571
35189,0.000117,74.125.200.0-255,3497,14038,58,303571
35190,0.00012,172.31.46.0-255,66,14104,58,303571
35191,0.000163,74.125.200.0-255,1484,15588,58,303571
35192,0.000165,172.31.46.0-255,66,15654,58,303571
35193,0.000181,74.125.200.0-255,2902,18556,58,303571
35194,0.000184,172.31.46.0-255,66,18622,58,303571
35195,0.000188,74.125.200.0-255,2902,21524,58,303571
35196,0.000191,172.31.46.0-255,66,21590,58,303571
35197,0.000225,74.125.200.0-255,2902,24492,58,303571
35198,0.000233,172.31.46.0-255,66,24558,58,303571
35199,0.00024,74.125.200.0-255,4320,28878,58,303571
35200,0.000242,172.31.46.0-255,66,28944,58,303571
35201,0.000271,74.125.200.0-255,5379,34323,58,303571
35202,0.000281,172.31.46.0-255,66,34389,58,303571
35203,0.000285,74.125.200.0-255,1484,35873,58,303571
35204,0.000287,172.31.46.0-255,66,35939,58,303571
35205,0.00032,74.125.200.0-255,4320,40259,58,303571
35206,0.000323,172.31.46.0-255,66,40325,58,303571
35207,0.000328,74.125.200.0-255,4320,44645,58,303571
35208,0.00033,172.31.46.0-255,66,44711,58,303571
35209,0.000369,74.125.200.0-255,3961,48672,58,303571
35210,0.000372,172.31.46.0-255,66,48738,58,303571
35211,0.000429,74.125.200.0-255,1484,50222,58,303571
35212,0.000432,172.31.46.0-255,66,50288,58,303571
35213,0.000457,74.125.200.0-255,2902,53190,58,303571
35214,0.000463,74.125.200.0-255,1484,54674,58,303571
35215,0.000475,74.125.200.0-255,1484,56158,58,303571
35216,0.000486,74.125.200.0-255,1484,57642,58,303571
35217,0.00051,74.125.200.0-255,5738,63380,58,303571
35218,0.000514,74.125.200.0-255,2543,65923,58,303571
35219,0.000549,74.125.200.0-255,647,66570,58,303571
35220,0.000616,172.31.46.0-255,66,66636,58,303571
35221,0.000651,74.125.200.0-255,1484,68120,58,303571
35222,0.000656,74.125.200.0-255,2902,71022,58,303571
35223,0.000659,74.125.200.0-255,1484,72506,58,303571
35224,0.000665,172.31.46.0-255,66,72572,58,303571
35225,0.000694,74.125.200.0-255,2902,75474,58,303571
35226,0.000701,74.125.200.0-255,5738,81212,58,303571
35227,0.000745,74.125.200.0-255,2543,83755,58,303571
35228,0.000752,172.31.46.0-255,66,83821,58,303571
35229,0.00077,74.125.200.0-255,1484,85305,58,303571
35230,0.000785,74.125.200.0-255,2902,88207,58,303571
35231,0.0008,74.125.200.0-255,1484,89691,58,303571
35232,0.000803,172.31.46.0-255,66,89757,58,303571
35233,0.000837,74.125.200.0-255,4320,94077,58,303571
35234,0.000842,74.125.200.0-255,2902,96979,58,303571
35235,0.000847,74.125.200.0-255,3961,100940,58,303571
35236,0.000865,172.31.46.0-255,66,101006,58,303571
35237,0.001326,74.125.200.0-255,1484,102490,58,303571
35238,0.001352,74.125.200.0-255,2902,105392,58,303571
35239,0.001355,172.31.46.0-255,66,105458,58,303571
35240,0.001379,74.125.200.0-255,2902,108360,58,303571
35241,0.001395,74.125.200.0-255,4320,112680,58,303571
35242,0.001398,172.31.46.0-255,66,112746,58,303571
35243,0.001406,172.31.46.0-255,66,112812,58,303571
35244,0.001427,74.125.200.0-255,1484,114296,58,303571
35245,0.001449,74.125.200.0-255,4320,118616,58,303571
35246,0.001453,74.125.200.0-255,2902,121518,58,303571
35247,0.001461,172.31.46.0-255,66,121584,58,303571
35248,0.001478,74.125.200.0-255,4320,125904,58,303571
35249,0.001481,74.125.200.0-255,766,126670,58,303571
35250,0.00149,172.31.46.0-255,66,126736,58,303571
35251,0.001793,74.125.200.0-255,1484,128220,58,303571
35252,0.00181,74.125.200.0-255,2902,131122,58,303571
35253,0.001814,172.31.46.0-255,66,131188,58,303571
35254,0.001847,74.125.200.0-255,5738,136926,58,303571
35255,0.001851,74.125.200.0-255,2902,139828,58,303571
35256,0.001857,172.31.46.0-255,66,139894,58,303571
35257,0.001887,172.31.46.0-255,66,139960,58,303571
35258,0.001902,74.125.200.0-255,4320,144280,58,303571
35259,0.001906,74.125.200.0-255,2902,147182,58,303571
35260,0.001922,74.125.200.0-255,2902,150084,58,303571
35261,0.001925,74.125.200.0-255,766,150850,58,303571
35262,0.001932,172.31.46.0-255,66,150916,58,303571
35263,0.001973,74.125.200.0-255,1484,152400,58,303571
35264,0.001977,74.125.200.0-255,1484,153884,58,303571
35265,0.001991,74.125.200.0-255,1484,155368,58,303571
35266,0.001994,172.31.46.0-255,66,155434,58,303571
35267,0.002003,74.125.200.0-255,1484,156918,58,303571
35268,0.002007,172.31.46.0-255,66,156984,58,303571
35269,0.00202,74.125.200.0-255,2902,159886,58,303571
35270,0.002045,74.125.200.0-255,7156,167042,58,303571
35271,0.002064,172.31.46.0-255,66,167108,58,303571
35272,0.002067,74.125.200.0-255,1484,168592,58,303571
35273,0.002084,74.125.200.0-255,4320,172912,58,303571
35274,0.002086,74.125.200.0-255,1484,174396,58,303571
35275,0.002088,74.125.200.0-255,766,175162,58,303571
35276,0.0021,172.31.46.0-255,66,175228,58,303571
35277,0.002188,74.125.200.0-255,1484,176712,58,303571
35278,0.002193,74.125.200.0-255,2902,179614,58,303571
35279,0.002212,74.125.200.0-255,4320,183934,58,303571
35280,0.002218,74.125.200.0-255,5738,189672,58,303571
35281,0.00222,74.125.200.0-255,1484,191156,58,303571
35282,0.002232,172.31.46.0-255,66,191222,58,303571
35283,0.002244,74.125.200.0-255,7156,198378,58,303571
35284,0.002251,74.125.200.0-255,1484,199862,58,303571
35285,0.002253,74.125.200.0-255,1484,201346,58,303571
35286,0.00226,172.31.46.0-255,66,201412,58,303571
35287,0.002312,172.31.46.0-255,66,201478,58,303571
35288,0.002449,74.125.200.0-255,1484,202962,58,303571
35289,0.002472,74.125.200.0-255,2902,205864,58,303571
35290,0.002475,74.125.200.0-255,1484,207348,58,303571
35291,0.002486,74.125.200.0-255,1484,208832,58,303571
35292,0.002491,74.125.200.0-255,4320,213152,58,303571
35293,0.002494,172.31.46.0-255,66,213218,58,303571
35294,0.0025,172.31.46.0-255,66,213284,58,303571
35295,0.002519,74.125.200.0-255,1484,214768,58,303571
35296,0.002536,74.125.200.0-255,7156,221924,58,303571
35297,0.002539,74.125.200.0-255,1484,223408,58,303571
35298,0.002611,74.125.200.0-255,3602,227010,58,303571
35299,0.002677,74.125.200.0-255,1484,228494,58,303571
35300,0.002681,74.125.200.0-255,1484,229978,58,303571
35301,0.002697,74.125.200.0-255,2902,232880,58,303571
35302,0.002719,74.125.200.0-255,5738,238618,58,303571
35303,0.002834,74.125.200.0-255,1484,240102,58,303571
35304,0.003093,74.125.200.0-255,1484,241586,58,303571
35305,0.003107,74.125.200.0-255,2902,244488,58,303571
35306,0.003127,74.125.200.0-255,5738,250226,58,303571
35307,0.003141,74.125.200.0-255,1484,251710,58,303571
35308,0.003155,74.125.200.0-255,5738,257448,58,303571
35309,0.003171,74.125.200.0-255,5738,263186,58,303571
35310,0.003201,74.125.200.0-255,7156,270342,58,303571
35311,0.003218,74.125.200.0-255,6438,276780,58,303571
35312,0.003223,74.125.200.0-255,4320,281100,58,303571
35313,0.003365,74.125.200.0-255,5020,286120,58,303571
35314,0.003372,74.125.200.0-255,5738,291858,58,303571
35315,0.003418,74.125.200.0-255,4320,296178,58,303571
35316,0.003439,74.125.200.0-255,7051,303229,58,303571
35317,0.003457,74.125.200.0-255,105,303334,58,303571
35318,0.00826,172.31.46.0-255,66,303400,58,303571
35319,0.010166,172.31.46.0-255,105,303505,58,303571
35320,0.012196,74.125.200.0-255,66,303571,58,303571
35321,0.0,172.253.118.0-255,146,146,58,181147
35322,1.8e-05,172.31.46.0-255,66,212,58,181147
35323,2.4e-05,172.253.118.0-255,1484,1696,58,181147
35324,2.9e-05,172.31.46.0-255,66,1762,58,181147
35325,3.5e-05,172.253.118.0-255,2902,4664,58,181147
35326,4.5e-05,172.31.46.0-255,66,4730,58,181147
35327,4.8e-05,172.253.118.0-255,1484,6214,58,181147
35328,5.1e-05,172.31.46.0-255,66,6280,58,181147
35329,5.6e-05,172.253.118.0-255,2902,9182,58,181147
35330,6e-05,172.31.46.0-255,66,9248,58,181147
35331,8.8e-05,172.253.118.0-255,2902,12150,58,181147
35332,9.1e-05,172.31.46.0-255,66,12216,58,181147
35333,0.000103,172.253.118.0-255,6307,18523,58,181147
35334,0.000106,172.31.46.0-255,66,18589,58,181147
35335,0.000151,172.253.118.0-255,7156,25745,58,181147
35336,0.000154,172.31.46.0-255,66,25811,58,181147
35337,0.000185,172.253.118.0-255,5379,31190,58,181147
35338,0.000187,172.31.46.0-255,66,31256,58,181147
35339,0.000274,172.253.118.0-255,1484,32740,58,181147
35340,0.000278,172.31.46.0-255,66,32806,58,181147
35341,0.000304,172.253.118.0-255,2902,35708,58,181147
35342,0.000307,172.31.46.0-255,66,35774,58,181147
35343,0.000314,172.253.118.0-255,5738,41512,58,181147
35344,0.000316,172.31.46.0-255,66,41578,58,181147
35345,0.000365,172.31.46.0-255,66,41644,58,181147
35346,0.000377,172.31.46.0-255,66,41710,58,181147
35347,0.000663,172.253.118.0-255,645,42355,58,181147
35348,0.000668,172.31.46.0-255,66,42421,58,181147
35349,0.000948,172.253.118.0-255,1484,43905,58,181147
35350,0.000952,172.31.46.0-255,66,43971,58,181147
35351,0.000958,172.253.118.0-255,2902,46873,58,181147
35352,0.000961,172.31.46.0-255,66,46939,58,181147
35353,0.000964,172.253.118.0-255,1484,48423,58,181147
35354,0.000966,172.31.46.0-255,66,48489,58,181147
35355,0.000993,172.253.118.0-255,4320,52809,58,181147
35356,0.000996,172.31.46.0-255,66,52875,58,181147
35357,0.001011,172.31.46.0-255,66,52941,58,181147
35358,0.001044,172.31.46.0-255,66,53007,58,181147
35359,0.001064,172.253.118.0-255,1484,54491,58,181147
35360,0.001067,172.31.46.0-255,66,54557,58,181147
35361,0.001069,172.253.118.0-255,766,55323,58,181147
35362,0.001071,172.31.46.0-255,66,55389,58,181147
35363,0.00138,172.253.118.0-255,1484,56873,58,181147
35364,0.001384,172.31.46.0-255,66,56939,58,181147
35365,0.00139,172.253.118.0-255,2902,59841,58,181147
35366,0.001392,172.31.46.0-255,66,59907,58,181147
35367,0.001404,172.253.118.0-255,5738,65645,58,181147
35368,0.001406,172.31.46.0-255,66,65711,58,181147
35369,0.001409,172.253.118.0-255,1484,67195,58,181147
35370,0.001411,172.31.46.0-255,66,67261,58,181147
35371,0.001442,172.253.118.0-255,7156,74417,58,181147
35372,0.001445,172.31.46.0-255,66,74483,58,181147
35373,0.001473,172.31.46.0-255,66,74549,58,181147
35374,0.001502,172.253.118.0-255,5020,79569,58,181147
35375,0.001505,172.31.46.0-255,66,79635,58,181147
35376,0.001528,172.253.118.0-255,1484,81119,58,181147
35377,0.001533,172.253.118.0-255,2902,84021,58,181147
35378,0.00154,172.253.118.0-255,5738,89759,58,181147
35379,0.001556,172.31.46.0-255,66,89825,58,181147
35380,0.00156,172.31.46.0-255,66,89891,58,181147
35381,0.001567,172.253.118.0-255,5738,95629,58,181147
35382,0.001569,172.31.46.0-255,66,95695,58,181147
35383,0.001609,172.253.118.0-255,7156,102851,58,181147
35384,0.001612,172.31.46.0-255,66,102917,58,181147
35385,0.001625,172.31.46.0-255,66,102983,58,181147
35386,0.001651,172.253.118.0-255,766,103749,58,181147
35387,0.002111,172.253.118.0-255,1484,105233,58,181147
35388,0.002115,172.31.46.0-255,66,105299,58,181147
35389,0.002122,172.253.118.0-255,2902,108201,58,181147
35390,0.002124,172.31.46.0-255,66,108267,58,181147
35391,0.002135,172.253.118.0-255,4320,112587,58,181147
35392,0.002137,172.31.46.0-255,66,112653,58,181147
35393,0.002148,172.253.118.0-255,1484,114137,58,181147
35394,0.002161,172.253.118.0-255,4320,118457,58,181147
35395,0.002167,172.31.46.0-255,66,118523,58,181147
35396,0.002208,172.31.46.0-255,66,118589,58,181147
35397,0.002221,172.31.46.0-255,66,118655,58,181147
35398,0.00456,172.253.118.0-255,5738,124393,58,181147
35399,0.004567,172.31.46.0-255,66,124459,58,181147
35400,0.006911,172.253.118.0-255,4320,128779,58,181147
35401,0.006914,172.31.46.0-255,66,128845,58,181147
35402,0.006935,172.253.118.0-255,1484,130329,58,181147
35403,0.009269,172.253.118.0-255,4320,134649,58,181147
35404,0.009276,172.31.46.0-255,66,134715,58,181147
35405,0.011602,172.253.118.0-255,5738,140453,58,181147
35406,0.011609,172.31.46.0-255,66,140519,58,181147
35407,0.013952,172.253.118.0-255,5738,146257,58,181147
35408,0.013961,172.31.46.0-255,66,146323,58,181147
35409,0.016307,172.253.118.0-255,5738,152061,58,181147
35410,0.016316,172.31.46.0-255,66,152127,58,181147
35411,0.018662,172.253.118.0-255,5738,157865,58,181147
35412,0.01867,172.31.46.0-255,66,157931,58,181147
35413,0.021038,172.253.118.0-255,5738,163669,58,181147
35414,0.021045,172.31.46.0-255,66,163735,58,181147
35415,0.023402,172.253.118.0-255,5738,169473,58,181147
35416,0.02341,172.31.46.0-255,66,169539,58,181147
35417,0.025769,172.253.118.0-255,5738,175277,58,181147
35418,0.025776,172.31.46.0-255,66,175343,58,181147
35419,0.028128,172.253.118.0-255,5738,181081,58,181147
35420,0.028135,172.31.46.0-255,66,181147,58,181147
35421,0.0,74.125.24.0-255,301,301,58,137867
35422,2.3e-05,172.31.46.0-255,66,367,58,137867
35423,3e-05,74.125.24.0-255,1484,1851,58,137867
35424,3.5e-05,172.31.46.0-255,66,1917,58,137867
35425,3.8e-05,74.125.24.0-255,1484,3401,58,137867
35426,4.1e-05,172.31.46.0-255,66,3467,58,137867
35427,5.5e-05,74.125.24.0-255,2902,6369,58,137867
35428,5.8e-05,172.31.46.0-255,66,6435,58,137867
35429,6.5e-05,74.125.24.0-255,5738,12173,58,137867
35430,6.8e-05,172.31.46.0-255,66,12239,58,137867
35431,7.2e-05,74.125.24.0-255,1737,13976,58,137867
35432,7.5e-05,172.31.46.0-255,66,14042,58,137867
35433,0.000103,74.125.24.0-255,2902,16944,58,137867
35434,0.000106,172.31.46.0-255,66,17010,58,137867
35435,0.000116,74.125.24.0-255,2902,19912,58,137867
35436,0.000119,172.31.46.0-255,66,19978,58,137867
35437,0.000141,74.125.24.0-255,4320,24298,58,137867
35438,0.000144,172.31.46.0-255,66,24364,58,137867
35439,0.000174,74.125.24.0-255,5738,30102,58,137867
35440,0.000177,172.31.46.0-255,66,30168,58,137867
35441,0.000202,74.125.24.0-255,1125,31293,58,137867
35442,0.000204,172.31.46.0-255,66,31359,58,137867
35443,0.000259,74.125.24.0-255,1484,32843,58,137867
35444,0.000262,172.31.46.0-255,66,32909,58,137867
35445,0.000267,74.125.24.0-255,2902,35811,58,137867
35446,0.000269,172.31.46.0-255,66,35877,58,137867
35447,0.00033,74.125.24.0-255,5738,41615,58,137867
35448,0.000333,172.31.46.0-255,66,41681,58,137867
35449,0.000341,74.125.24.0-255,6797,48478,58,137867
35450,0.000343,172.31.46.0-255,66,48544,58,137867
35451,0.000414,74.125.24.0-255,1484,50028,58,137867
35452,0.000418,172.31.46.0-255,66,50094,58,137867
35453,0.000444,74.125.24.0-255,2902,52996,58,137867
35454,0.000447,172.31.46.0-255,66,53062,58,137867
35455,0.000453,74.125.24.0-255,5738,58800,58,137867
35456,0.000456,172.31.46.0-255,66,58866,58,137867
35457,0.000463,74.125.24.0-255,6797,65663,58,137867
35458,0.000465,172.31.46.0-255,66,65729,58,137867
35459,0.000467,74.125.24.0-255,429,66158,58,137867
35460,0.000869,74.125.24.0-255,345,66503,58,137867
35461,0.001188,172.31.46.0-255,66,66569,58,137867
35462,0.002821,74.125.24.0-255,2902,69471,58,137867
35463,0.002827,172.31.46.0-255,66,69537,58,137867
35464,0.003507,74.125.24.0-255,2902,72439,58,137867
35465,0.003514,172.31.46.0-255,66,72505,58,137867
35466,0.005172,74.125.24.0-255,2902,75407,58,137867
35467,0.005179,172.31.46.0-255,66,75473,58,137867
35468,0.005797,74.125.24.0-255,2902,78375,58,137867
35469,0.0058,172.31.46.0-255,66,78441,58,137867
35470,0.007486,74.125.24.0-255,2902,81343,58,137867
35471,0.007489,172.31.46.0-255,66,81409,58,137867
35472,0.008081,74.125.24.0-255,2902,84311,58,137867
35473,0.008085,172.31.46.0-255,66,84377,58,137867
35474,0.009775,74.125.24.0-255,2902,87279,58,137867
35475,0.009782,172.31.46.0-255,66,87345,58,137867
35476,0.010374,74.125.24.0-255,2902,90247,58,137867
35477,0.010379,172.31.46.0-255,66,90313,58,137867
35478,0.012091,74.125.24.0-255,2902,93215,58,137867
35479,0.012098,172.31.46.0-255,66,93281,58,137867
35480,0.012689,74.125.24.0-255,2902,96183,58,137867
35481,0.012697,172.31.46.0-255,66,96249,58,137867
35482,0.014425,74.125.24.0-255,2902,99151,58,137867
35483,0.014433,172.31.46.0-255,66,99217,58,137867
35484,0.015049,74.125.24.0-255,2902,102119,58,137867
35485,0.015055,172.31.46.0-255,66,102185,58,137867
35486,0.016754,74.125.24.0-255,2902,105087,58,137867
35487,0.016762,172.31.46.0-255,66,105153,58,137867
35488,0.01736,74.125.24.0-255,2902,108055,58,137867
35489,0.017367,172.31.46.0-255,66,108121,58,137867
35490,0.019086,74.125.24.0-255,2902,111023,58,137867
35491,0.019098,172.31.46.0-255,66,111089,58,137867
35492,0.019651,74.125.24.0-255,2902,113991,58,137867
35493,0.019658,172.31.46.0-255,66,114057,58,137867
35494,0.021416,74.125.24.0-255,2902,116959,58,137867
35495,0.021426,172.31.46.0-255,66,117025,58,137867
35496,0.022021,74.125.24.0-255,1484,118509,58,137867
35497,0.022042,74.125.24.0-255,1484,119993,58,137867
35498,0.022047,172.31.46.0-255,66,120059,58,137867
35499,0.023732,74.125.24.0-255,2902,122961,58,137867
35500,0.02374,172.31.46.0-255,66,123027,58,137867
35501,0.024355,74.125.24.0-255,2902,125929,58,137867
35502,0.024362,172.31.46.0-255,66,125995,58,137867
35503,0.026093,74.125.24.0-255,2902,128897,58,137867
35504,0.026103,172.31.46.0-255,66,128963,58,137867
35505,0.026657,74.125.24.0-255,2902,131865,58,137867
35506,0.026665,172.31.46.0-255,66,131931,58,137867
35507,0.028418,74.125.24.0-255,2902,134833,58,137867
35508,0.028427,172.31.46.0-255,66,134899,58,137867
35509,0.028949,74.125.24.0-255,2902,137801,58,137867
35510,0.028956,172.31.46.0-255,66,137867,58,137867
35511,0.0,172.31.46.0-255,66,66,58,66
35512,0.0,74.125.130.0-255,149,149,58,193104
35513,2.8e-05,172.31.46.0-255,66,215,58,193104
35514,3.6e-05,74.125.130.0-255,1484,1699,58,193104
35515,4e-05,172.31.46.0-255,66,1765,58,193104
35516,4.6e-05,74.125.130.0-255,2902,4667,58,193104
35517,5.7e-05,172.31.46.0-255,66,4733,58,193104
35518,6.4e-05,74.125.130.0-255,4320,9053,58,193104
35519,6.7e-05,172.31.46.0-255,66,9119,58,193104
35520,9e-05,74.125.130.0-255,4320,13439,58,193104
35521,9.2e-05,172.31.46.0-255,66,13505,58,193104
35522,0.000111,74.125.130.0-255,575,14080,58,193104
35523,0.000114,172.31.46.0-255,66,14146,58,193104
35524,0.001147,74.125.130.0-255,1484,15630,58,193104
35525,0.001161,172.31.46.0-255,66,15696,58,193104
35526,0.001173,74.125.130.0-255,2902,18598,58,193104
35527,0.001184,172.31.46.0-255,66,18664,58,193104
35528,0.00119,74.125.130.0-255,4320,22984,58,193104
35529,0.001193,172.31.46.0-255,66,23050,58,193104
35530,0.0012,74.125.130.0-255,5738,28788,58,193104
35531,0.001202,172.31.46.0-255,66,28854,58,193104
35532,0.001236,74.125.130.0-255,2543,31397,58,193104
35533,0.001241,172.31.46.0-255,66,31463,58,193104
35534,0.001268,74.125.130.0-255,2902,34365,58,193104
35535,0.00127,172.31.46.0-255,66,34431,58,193104
35536,0.001274,74.125.130.0-255,1484,35915,58,193104
35537,0.001276,172.31.46.0-255,66,35981,58,193104
35538,0.001281,74.125.130.0-255,2902,38883,58,193104
35539,0.001288,172.31.46.0-255,66,38949,58,193104
35540,0.001317,74.125.130.0-255,5738,44687,58,193104
35541,0.00132,172.31.46.0-255,66,44753,58,193104
35542,0.001322,74.125.130.0-255,1484,46237,58,193104
35543,0.001324,172.31.46.0-255,66,46303,58,193104
35544,0.001328,74.125.130.0-255,1484,47787,58,193104
35545,0.001357,74.125.130.0-255,1484,49271,58,193104
35546,0.001365,74.125.130.0-255,5738,55009,58,193104
35547,0.001393,74.125.130.0-255,1484,56493,58,193104
35548,0.001419,74.125.130.0-255,5738,62231,58,193104
35549,0.001424,74.125.130.0-255,2902,65133,58,193104
35550,0.001441,74.125.130.0-255,766,65899,58,193104
35551,0.001529,74.125.130.0-255,378,66277,58,193104
35552,0.001572,74.125.130.0-255,1484,67761,58,193104
35553,0.001602,74.125.130.0-255,2902,70663,58,193104
35554,0.001616,74.125.130.0-255,2902,73565,58,193104
35555,0.001633,74.125.130.0-255,1484,75049,58,193104
35556,0.001653,74.125.130.0-255,2902,77951,58,193104
35557,0.001688,74.125.130.0-255,5657,83608,58,193104
35558,0.001852,74.125.130.0-255,1484,85092,58,193104
35559,0.001865,74.125.130.0-255,1484,86576,58,193104
35560,0.001883,74.125.130.0-255,2902,89478,58,193104
35561,0.00189,74.125.130.0-255,5738,95216,58,193104
35562,0.001978,74.125.130.0-255,3602,98818,58,193104
35563,0.001995,74.125.130.0-255,4320,103138,58,193104
35564,0.002024,74.125.130.0-255,2902,106040,58,193104
35565,0.002049,74.125.130.0-255,7156,113196,58,193104
35566,0.002055,74.125.130.0-255,5738,118934,58,193104
35567,0.00207,74.125.130.0-255,5738,124672,58,193104
35568,0.002073,74.125.130.0-255,1484,126156,58,193104
35569,0.002097,74.125.130.0-255,5874,132030,58,193104
35570,0.002325,74.125.130.0-255,1484,133514,58,193104
35571,0.002339,74.125.130.0-255,1484,134998,58,193104
35572,0.004105,172.31.46.0-255,66,135064,58,193104
35573,0.006469,74.125.130.0-255,5738,140802,58,193104
35574,0.006481,172.31.46.0-255,66,140868,58,193104
35575,0.00882,74.125.130.0-255,5738,146606,58,193104
35576,0.008838,172.31.46.0-255,66,146672,58,193104
35577,0.011177,74.125.130.0-255,5738,152410,58,193104
35578,0.011197,172.31.46.0-255,66,152476,58,193104
35579,0.01354,74.125.130.0-255,5738,158214,58,193104
35580,0.013557,172.31.46.0-255,66,158280,58,193104
35581,0.015905,74.125.130.0-255,5738,164018,58,193104
35582,0.015922,172.31.46.0-255,66,164084,58,193104
35583,0.018277,74.125.130.0-255,5738,169822,58,193104
35584,0.018295,172.31.46.0-255,66,169888,58,193104
35585,0.020636,74.125.130.0-255,5738,175626,58,193104
35586,0.020649,172.31.46.0-255,66,175692,58,193104
35587,0.023005,74.125.130.0-255,5738,181430,58,193104
35588,0.023023,172.31.46.0-255,66,181496,58,193104
35589,0.025373,74.125.130.0-255,5738,187234,58,193104
35590,0.025389,172.31.46.0-255,66,187300,58,193104
35591,0.027732,74.125.130.0-255,5738,193038,58,193104
35592,0.027744,172.31.46.0-255,66,193104,58,193104
35593,0.0,74.125.68.0-255,153,153,58,259349
35594,1.4e-05,172.31.46.0-255,66,219,58,259349
35595,2.1e-05,74.125.68.0-255,1484,1703,58,259349
35596,2.5e-05,172.31.46.0-255,66,1769,58,259349
35597,2.8e-05,74.125.68.0-255,1484,3253,58,259349
35598,3.2e-05,172.31.46.0-255,66,3319,58,259349
35599,4.8e-05,74.125.68.0-255,1484,4803,58,259349
35600,5e-05,172.31.46.0-255,66,4869,58,259349
35601,5.4e-05,74.125.68.0-255,1484,6353,58,259349
35602,5.5e-05,172.31.46.0-255,66,6419,58,259349
35603,8.3e-05,74.125.68.0-255,2902,9321,58,259349
35604,8.6e-05,172.31.46.0-255,66,9387,58,259349
35605,0.000106,74.125.68.0-255,4320,13707,58,259349
35606,0.000109,172.31.46.0-255,66,13773,58,259349
35607,0.000126,74.125.68.0-255,2139,15912,58,259349
35608,0.000128,172.31.46.0-255,66,15978,58,259349
35609,0.000133,74.125.68.0-255,2902,18880,58,259349
35610,0.000135,172.31.46.0-255,66,18946,58,259349
35611,0.000177,74.125.68.0-255,1125,20071,58,259349
35612,0.000181,172.31.46.0-255,66,20137,58,259349
35613,0.000184,172.31.46.0-255,66,20203,58,259349
35614,0.000278,74.125.68.0-255,1484,21687,58,259349
35615,0.000283,172.31.46.0-255,66,21753,58,259349
35616,0.000289,74.125.68.0-255,2902,24655,58,259349
35617,0.000292,172.31.46.0-255,66,24721,58,259349
35618,0.000297,74.125.68.0-255,2902,27623,58,259349
35619,0.000299,172.31.46.0-255,66,27689,58,259349
35620,0.00033,74.125.68.0-255,2902,30591,58,259349
35621,0.000333,172.31.46.0-255,66,30657,58,259349
35622,0.000338,74.125.68.0-255,4320,34977,58,259349
35623,0.000341,172.31.46.0-255,66,35043,58,259349
35624,0.000385,74.125.68.0-255,2543,37586,58,259349
35625,0.000388,172.31.46.0-255,66,37652,58,259349
35626,0.000567,74.125.68.0-255,1484,39136,58,259349
35627,0.000574,74.125.68.0-255,2902,42038,58,259349
35628,0.000578,172.31.46.0-255,66,42104,58,259349
35629,0.000581,74.125.68.0-255,1484,43588,58,259349
35630,0.000617,74.125.68.0-255,4320,47908,58,259349
35631,0.000621,172.31.46.0-255,66,47974,58,259349
35632,0.000628,74.125.68.0-255,6797,54771,58,259349
35633,0.00063,172.31.46.0-255,66,54837,58,259349
35634,0.00074,74.125.68.0-255,648,55485,58,259349
35635,0.001238,172.31.46.0-255,66,55551,58,259349
35636,0.001293,74.125.68.0-255,1484,57035,58,259349
35637,0.001298,74.125.68.0-255,2902,59937,58,259349
35638,0.001301,172.31.46.0-255,66,60003,58,259349
35639,0.001327,74.125.68.0-255,2902,62905,58,259349
35640,0.001329,172.31.46.0-255,66,62971,58,259349
35641,0.001352,74.125.68.0-255,4320,67291,58,259349
35642,0.001354,172.31.46.0-255,66,67357,58,259349
35643,0.001387,74.125.68.0-255,2902,70259,58,259349
35644,0.001389,172.31.46.0-255,66,70325,58,259349
35645,0.001407,74.125.68.0-255,4320,74645,58,259349
35646,0.001409,172.31.46.0-255,66,74711,58,259349
35647,0.00143,74.125.68.0-255,5738,80449,58,259349
35648,0.001432,172.31.46.0-255,66,80515,58,259349
35649,0.001456,74.125.68.0-255,2902,83417,58,259349
35650,0.001459,172.31.46.0-255,66,83483,58,259349
35651,0.001463,74.125.68.0-255,2902,86385,58,259349
35652,0.001465,172.31.46.0-255,66,86451,58,259349
35653,0.001488,74.125.68.0-255,3602,90053,58,259349
35654,0.001491,172.31.46.0-255,66,90119,58,259349
35655,0.001641,74.125.68.0-255,1484,91603,58,259349
35656,0.00166,74.125.68.0-255,2902,94505,58,259349
35657,0.001666,172.31.46.0-255,66,94571,58,259349
35658,0.001683,74.125.68.0-255,4320,98891,58,259349
35659,0.001686,172.31.46.0-255,66,98957,58,259349
35660,0.001711,74.125.68.0-255,1484,100441,58,259349
35661,0.001718,74.125.68.0-255,7156,107597,58,259349
35662,0.001721,172.31.46.0-255,66,107663,58,259349
35663,0.00174,74.125.68.0-255,7156,114819,58,259349
35664,0.001742,172.31.46.0-255,66,114885,58,259349
35665,0.001769,74.125.68.0-255,4320,119205,58,259349
35666,0.001771,172.31.46.0-255,66,119271,58,259349
35667,0.001785,74.125.68.0-255,2902,122173,58,259349
35668,0.001788,172.31.46.0-255,66,122239,58,259349
35669,0.001803,74.125.68.0-255,1484,123723,58,259349
35670,0.001806,74.125.68.0-255,766,124489,58,259349
35671,0.001808,172.31.46.0-255,66,124555,58,259349
35672,0.001884,74.125.68.0-255,1484,126039,58,259349
35673,0.001904,74.125.68.0-255,2902,128941,58,259349
35674,0.001908,172.31.46.0-255,66,129007,58,259349
35675,0.001914,74.125.68.0-255,4320,133327,58,259349
35676,0.001916,172.31.46.0-255,66,133393,58,259349
35677,0.00194,74.125.68.0-255,1484,134877,58,259349
35678,0.001946,74.125.68.0-255,4320,139197,58,259349
35679,0.001952,74.125.68.0-255,5738,144935,58,259349
35680,0.001956,172.31.46.0-255,66,145001,58,259349
35681,0.001959,172.31.46.0-255,66,145067,58,259349
35682,0.001972,74.125.68.0-255,4320,149387,58,259349
35683,0.001975,172.31.46.0-255,66,149453,58,259349
35684,0.001999,74.125.68.0-255,7156,156609,58,259349
35685,0.002002,172.31.46.0-255,66,156675,58,259349
35686,0.002006,74.125.68.0-255,2184,158859,58,259349
35687,0.002009,172.31.46.0-255,66,158925,58,259349
35688,0.002118,74.125.68.0-255,1484,160409,58,259349
35689,0.002131,74.125.68.0-255,1484,161893,58,259349
35690,0.002134,172.31.46.0-255,66,161959,58,259349
35691,0.002178,74.125.68.0-255,2902,164861,58,259349
35692,0.002181,172.31.46.0-255,66,164927,58,259349
35693,0.002196,74.125.68.0-255,1484,166411,58,259349
35694,0.002213,74.125.68.0-255,2902,169313,58,259349
35695,0.002216,172.31.46.0-255,66,169379,58,259349
35696,0.002232,74.125.68.0-255,1484,170863,58,259349
35697,0.002282,74.125.68.0-255,2902,173765,58,259349
35698,0.002284,74.125.68.0-255,1484,175249,58,259349
35699,0.002288,172.31.46.0-255,66,175315,58,259349
35700,0.002306,74.125.68.0-255,2902,178217,58,259349
35701,0.002308,172.31.46.0-255,66,178283,58,259349
35702,0.002346,74.125.68.0-255,4320,182603,58,259349
35703,0.002349,172.31.46.0-255,66,182669,58,259349
35704,0.002365,74.125.68.0-255,1484,184153,58,259349
35705,0.002369,74.125.68.0-255,2902,187055,58,259349
35706,0.002371,172.31.46.0-255,66,187121,58,259349
35707,0.002394,74.125.68.0-255,4320,191441,58,259349
35708,0.002396,172.31.46.0-255,66,191507,58,259349
35709,0.0024,74.125.68.0-255,2184,193691,58,259349
35710,0.002402,172.31.46.0-255,66,193757,58,259349
35711,0.00254,74.125.68.0-255,1484,195241,58,259349
35712,0.002543,74.125.68.0-255,1484,196725,58,259349
35713,0.002547,172.31.46.0-255,66,196791,58,259349
35714,0.002555,74.125.68.0-255,1484,198275,58,259349
35715,0.002577,74.125.68.0-255,2902,201177,58,259349
35716,0.00258,172.31.46.0-255,66,201243,58,259349
35717,0.005101,74.125.68.0-255,1484,202727,58,259349
35718,0.005134,74.125.68.0-255,4320,207047,58,259349
35719,0.005143,172.31.46.0-255,66,207113,58,259349
35720,0.007711,74.125.68.0-255,5738,212851,58,259349
35721,0.007723,172.31.46.0-255,66,212917,58,259349
35722,0.010319,74.125.68.0-255,5738,218655,58,259349
35723,0.010338,172.31.46.0-255,66,218721,58,259349
35724,0.012929,74.125.68.0-255,5738,224459,58,259349
35725,0.012947,172.31.46.0-255,66,224525,58,259349
35726,0.015538,74.125.68.0-255,5738,230263,58,259349
35727,0.015556,172.31.46.0-255,66,230329,58,259349
35728,0.018132,74.125.68.0-255,5738,236067,58,259349
35729,0.018153,172.31.46.0-255,66,236133,58,259349
35730,0.020786,74.125.68.0-255,5738,241871,58,259349
35731,0.020803,172.31.46.0-255,66,241937,58,259349
35732,0.023389,74.125.68.0-255,5738,247675,58,259349
35733,0.023407,172.31.46.0-255,66,247741,58,259349
35734,0.025987,74.125.68.0-255,5738,253479,58,259349
35735,0.026003,172.31.46.0-255,66,253545,58,259349
35736,0.028598,74.125.68.0-255,5738,259283,58,259349
35737,0.028615,172.31.46.0-255,66,259349,58,259349
35738,0.0,74.125.24.0-255,153,153,58,199467
35739,2.1e-05,172.31.46.0-255,66,219,58,199467
35740,2.8e-05,74.125.24.0-255,1484,1703,58,199467
35741,3.2e-05,172.31.46.0-255,66,1769,58,199467
35742,4.5e-05,74.125.24.0-255,2902,4671,58,199467
35743,4.8e-05,172.31.46.0-255,66,4737,58,199467
35744,5.1e-05,74.125.24.0-255,1484,6221,58,199467
35745,5.4e-05,172.31.46.0-255,66,6287,58,199467
35746,5.9e-05,74.125.24.0-255,2902,9189,58,199467
35747,6.2e-05,172.31.46.0-255,66,9255,58,199467
35748,6.9e-05,74.125.24.0-255,6288,15543,58,199467
35749,7.3e-05,172.31.46.0-255,66,15609,58,199467
35750,8.8e-05,172.31.46.0-255,66,15675,58,199467
35751,0.000133,74.125.24.0-255,6797,22472,58,199467
35752,0.000136,172.31.46.0-255,66,22538,58,199467
35753,0.000313,74.125.24.0-255,1484,24022,58,199467
35754,0.000318,172.31.46.0-255,66,24088,58,199467
35755,0.000346,74.125.24.0-255,2902,26990,58,199467
35756,0.000349,172.31.46.0-255,66,27056,58,199467
35757,0.000356,74.125.24.0-255,5738,32794,58,199467
35758,0.000359,172.31.46.0-255,66,32860,58,199467
35759,0.000391,74.125.24.0-255,6797,39657,58,199467
35760,0.000393,172.31.46.0-255,66,39723,58,199467
35761,0.000399,74.125.24.0-255,4320,44043,58,199467
35762,0.000401,172.31.46.0-255,66,44109,58,199467
35763,0.000419,74.125.24.0-255,2902,47011,58,199467
35764,0.000426,172.31.46.0-255,66,47077,58,199467
35765,0.000429,74.125.24.0-255,1484,48561,58,199467
35766,0.000431,172.31.46.0-255,66,48627,58,199467
35767,0.000468,172.31.46.0-255,66,48693,58,199467
35768,0.000486,74.125.24.0-255,134,48827,58,199467
35769,0.000608,74.125.24.0-255,1484,50311,58,199467
35770,0.000613,74.125.24.0-255,1484,51795,58,199467
35771,0.000629,74.125.24.0-255,1484,53279,58,199467
35772,0.000633,74.125.24.0-255,2902,56181,58,199467
35773,0.000641,172.31.46.0-255,66,56247,58,199467
35774,0.00065,74.125.24.0-255,2902,59149,58,199467
35775,0.000661,172.31.46.0-255,66,59215,58,199467
35776,0.00067,74.125.24.0-255,2902,62117,58,199467
35777,0.000708,74.125.24.0-255,4320,66437,58,199467
35778,0.000719,74.125.24.0-255,2902,69339,58,199467
35779,0.000723,172.31.46.0-255,66,69405,58,199467
35780,0.000767,74.125.24.0-255,2802,72207,58,199467
35781,0.000788,172.31.46.0-255,66,72273,58,199467
35782,0.000852,74.125.24.0-255,1484,73757,58,199467
35783,0.000865,74.125.24.0-255,2902,76659,58,199467
35784,0.000873,172.31.46.0-255,66,76725,58,199467
35785,0.000884,74.125.24.0-255,5738,82463,58,199467
35786,0.00089,172.31.46.0-255,66,82529,58,199467
35787,0.000905,74.125.24.0-255,7156,89685,58,199467
35788,0.000926,74.125.24.0-255,2902,92587,58,199467
35789,0.000937,172.31.46.0-255,66,92653,58,199467
35790,0.000962,74.125.24.0-255,1634,94287,58,199467
35791,0.000967,172.31.46.0-255,66,94353,58,199467
35792,0.00102,74.125.24.0-255,1484,95837,58,199467
35793,0.001025,74.125.24.0-255,2902,98739,58,199467
35794,0.001047,74.125.24.0-255,5738,104477,58,199467
35795,0.001055,74.125.24.0-255,5738,110215,58,199467
35796,0.001058,172.31.46.0-255,66,110281,58,199467
35797,0.001069,74.125.24.0-255,1484,111765,58,199467
35798,0.001079,172.31.46.0-255,66,111831,58,199467
35799,0.001124,74.125.24.0-255,2184,114015,58,199467
35800,0.001133,172.31.46.0-255,66,114081,58,199467
35801,0.001617,74.125.24.0-255,1484,115565,58,199467
35802,0.001624,74.125.24.0-255,2902,118467,58,199467
35803,0.001628,172.31.46.0-255,66,118533,58,199467
35804,0.001633,74.125.24.0-255,2902,121435,58,199467
35805,0.001658,74.125.24.0-255,2902,124337,58,199467
35806,0.001664,74.125.24.0-255,4320,128657,58,199467
35807,0.001673,172.31.46.0-255,66,128723,58,199467
35808,0.001708,74.125.24.0-255,5738,134461,58,199467
35809,0.001722,74.125.24.0-255,2184,136645,58,199467
35810,0.001744,172.31.46.0-255,66,136711,58,199467
35811,0.004014,74.125.24.0-255,5738,142449,58,199467
35812,0.004021,172.31.46.0-255,66,142515,58,199467
35813,0.006283,74.125.24.0-255,4320,146835,58,199467
35814,0.006321,74.125.24.0-255,1484,148319,58,199467
35815,0.008046,172.31.46.0-255,66,148385,58,199467
35816,0.010317,74.125.24.0-255,5738,154123,58,199467
35817,0.010325,172.31.46.0-255,66,154189,58,199467
35818,0.012594,74.125.24.0-255,5738,159927,58,199467
35819,0.013279,172.31.46.0-255,66,159993,58,199467
35820,0.015531,74.125.24.0-255,5738,165731,58,199467
35821,0.015539,172.31.46.0-255,66,165797,58,199467
35822,0.017806,74.125.24.0-255,4320,170117,58,199467
35823,0.017813,172.31.46.0-255,66,170183,58,199467
35824,0.017842,74.125.24.0-255,1484,171667,58,199467
35825,0.020095,74.125.24.0-255,4320,175987,58,199467
35826,0.020103,172.31.46.0-255,66,176053,58,199467
35827,0.022386,74.125.24.0-255,5738,181791,58,199467
35828,0.022437,172.31.46.0-255,66,181857,58,199467
35829,0.024716,74.125.24.0-255,5738,187595,58,199467
35830,0.024724,172.31.46.0-255,66,187661,58,199467
35831,0.02702,74.125.24.0-255,2902,190563,58,199467
35832,0.027028,172.31.46.0-255,66,190629,58,199467
35833,0.027062,74.125.24.0-255,2902,193531,58,199467
35834,0.027246,172.31.46.0-255,66,193597,58,199467
35835,0.029294,74.125.24.0-255,2902,196499,58,199467
35836,0.029302,172.31.46.0-255,66,196565,58,199467
35837,0.029543,74.125.24.0-255,2902,199467,58,199467
35838,0.0,172.253.118.0-255,151,151,58,265481
35839,1.3e-05,172.31.46.0-255,66,217,58,265481
35840,1.9e-05,172.253.118.0-255,1484,1701,58,265481
35841,2.3e-05,172.31.46.0-255,66,1767,58,265481
35842,2.8e-05,172.253.118.0-255,2902,4669,58,265481
35843,3.1e-05,172.31.46.0-255,66,4735,58,265481
35844,3.5e-05,172.253.118.0-255,2902,7637,58,265481
35845,3.7e-05,172.31.46.0-255,66,7703,58,265481
35846,5.4e-05,172.253.118.0-255,1484,9187,58,265481
35847,5.6e-05,172.31.46.0-255,66,9253,58,265481
35848,6.2e-05,172.253.118.0-255,4935,14188,58,265481
35849,6.4e-05,172.31.46.0-255,66,14254,58,265481
35850,0.000141,172.253.118.0-255,1484,15738,58,265481
35851,0.000143,172.31.46.0-255,66,15804,58,265481
35852,0.000148,172.253.118.0-255,2902,18706,58,265481
35853,0.00015,172.31.46.0-255,66,18772,58,265481
35854,0.000166,172.253.118.0-255,4320,23092,58,265481
35855,0.000168,172.31.46.0-255,66,23158,58,265481
35856,0.000183,172.253.118.0-255,1484,24642,58,265481
35857,0.000185,172.31.46.0-255,66,24708,58,265481
35858,0.000188,172.253.118.0-255,1484,26192,58,265481
35859,0.000189,172.31.46.0-255,66,26258,58,265481
35860,0.000215,172.253.118.0-255,5379,31637,58,265481
35861,0.000217,172.31.46.0-255,66,31703,58,265481
35862,0.000527,172.253.118.0-255,1484,33187,58,265481
35863,0.000531,172.31.46.0-255,66,33253,58,265481
35864,0.000536,172.253.118.0-255,2902,36155,58,265481
35865,0.000538,172.31.46.0-255,66,36221,58,265481
35866,0.000552,172.253.118.0-255,2902,39123,58,265481
35867,0.000553,172.31.46.0-255,66,39189,58,265481
35868,0.000572,172.253.118.0-255,2902,42091,58,265481
35869,0.000574,172.31.46.0-255,66,42157,58,265481
35870,0.000586,172.253.118.0-255,4320,46477,58,265481
35871,0.000588,172.31.46.0-255,66,46543,58,265481
35872,0.000622,172.31.46.0-255,66,46609,58,265481
35873,0.000629,172.253.118.0-255,7156,53765,58,265481
35874,0.00063,172.31.46.0-255,66,53831,58,265481
35875,0.00065,172.253.118.0-255,2543,56374,58,265481
35876,0.000652,172.31.46.0-255,66,56440,58,265481
35877,0.000677,172.253.118.0-255,415,56855,58,265481
35878,0.000887,172.31.46.0-255,66,56921,58,265481
35879,0.00092,172.253.118.0-255,329,57250,58,265481
35880,0.000935,172.31.46.0-255,66,57316,58,265481
35881,0.001091,172.253.118.0-255,1484,58800,58,265481
35882,0.001099,172.253.118.0-255,2902,61702,58,265481
35883,0.001103,172.31.46.0-255,66,61768,58,265481
35884,0.001107,172.253.118.0-255,1484,63252,58,265481
35885,0.001126,172.253.118.0-255,4320,67572,58,265481
35886,0.001128,172.31.46.0-255,66,67638,58,265481
35887,0.001143,172.253.118.0-255,5738,73376,58,265481
35888,0.001145,172.31.46.0-255,66,73442,58,265481
35889,0.00116,172.253.118.0-255,7156,80598,58,265481
35890,0.001162,172.31.46.0-255,66,80664,58,265481
35891,0.001172,172.31.46.0-255,66,80730,58,265481
35892,0.001192,172.253.118.0-255,766,81496,58,265481
35893,0.001393,172.253.118.0-255,1484,82980,58,265481
35894,0.001398,172.31.46.0-255,66,83046,58,265481
35895,0.001403,172.253.118.0-255,2902,85948,58,265481
35896,0.001406,172.31.46.0-255,66,86014,58,265481
35897,0.001409,172.253.118.0-255,1484,87498,58,265481
35898,0.001422,172.253.118.0-255,4320,91818,58,265481
35899,0.001424,172.31.46.0-255,66,91884,58,265481
35900,0.001428,172.253.118.0-255,4320,96204,58,265481
35901,0.00143,172.31.46.0-255,66,96270,58,265481
35902,0.00145,172.253.118.0-255,2902,99172,58,265481
35903,0.001452,172.31.46.0-255,66,99238,58,265481
35904,0.00147,172.31.46.0-255,66,99304,58,265481
35905,0.001476,172.253.118.0-255,5738,105042,58,265481
35906,0.001478,172.31.46.0-255,66,105108,58,265481
35907,0.001499,172.253.118.0-255,2184,107292,58,265481
35908,0.001501,172.31.46.0-255,66,107358,58,265481
35909,0.001544,172.253.118.0-255,1484,108842,58,265481
35910,0.001548,172.253.118.0-255,1484,110326,58,265481
35911,0.001551,172.31.46.0-255,66,110392,58,265481
35912,0.001566,172.253.118.0-255,1484,111876,58,265481
35913,0.001572,172.253.118.0-255,5738,117614,58,265481
35914,0.001575,172.31.46.0-255,66,117680,58,265481
35915,0.001579,172.253.118.0-255,2902,120582,58,265481
35916,0.001581,172.31.46.0-255,66,120648,58,265481
35917,0.001637,172.31.46.0-255,66,120714,58,265481
35918,0.001649,172.31.46.0-255,66,120780,58,265481
35919,0.001716,172.253.118.0-255,1484,122264,58,265481
35920,0.001737,172.253.118.0-255,2902,125166,58,265481
35921,0.00174,172.31.46.0-255,66,125232,58,265481
35922,0.001747,172.253.118.0-255,5738,130970,58,265481
35923,0.001749,172.31.46.0-255,66,131036,58,265481
35924,0.001781,172.31.46.0-255,66,131102,58,265481
35925,0.001803,172.253.118.0-255,1484,132586,58,265481
35926,0.001815,172.31.46.0-255,66,132652,58,265481
35927,0.001827,172.253.118.0-255,766,133418,58,265481
35928,0.00192,172.253.118.0-255,1484,134902,58,265481
35929,0.001924,172.31.46.0-255,66,134968,58,265481
35930,0.001927,172.253.118.0-255,1484,136452,58,265481
35931,0.00194,172.253.118.0-255,1484,137936,58,265481
35932,0.001942,172.31.46.0-255,66,138002,58,265481
35933,0.001957,172.253.118.0-255,4320,142322,58,265481
35934,0.00196,172.31.46.0-255,66,142388,58,265481
35935,0.001975,172.253.118.0-255,1484,143872,58,265481
35936,0.001982,172.253.118.0-255,5738,149610,58,265481
35937,0.001984,172.31.46.0-255,66,149676,58,265481
35938,0.002013,172.253.118.0-255,7156,156832,58,265481
35939,0.002026,172.31.46.0-255,66,156898,58,265481
35940,0.002033,172.31.46.0-255,66,156964,58,265481
35941,0.002037,172.253.118.0-255,2184,159148,58,265481
35942,0.002039,172.31.46.0-255,66,159214,58,265481
35943,0.00208,172.253.118.0-255,2902,162116,58,265481
35944,0.002083,172.253.118.0-255,1484,163600,58,265481
35945,0.002087,172.31.46.0-255,66,163666,58,265481
35946,0.002098,172.253.118.0-255,5738,169404,58,265481
35947,0.002108,172.31.46.0-255,66,169470,58,265481
35948,0.002145,172.31.46.0-255,66,169536,58,265481
35949,0.002163,172.253.118.0-255,1484,171020,58,265481
35950,0.002175,172.31.46.0-255,66,171086,58,265481
35951,0.002261,172.253.118.0-255,1484,172570,58,265481
35952,0.002267,172.253.118.0-255,2902,175472,58,265481
35953,0.002278,172.31.46.0-255,66,175538,58,265481
35954,0.002292,172.253.118.0-255,5738,181276,58,265481
35955,0.002298,172.253.118.0-255,5738,187014,58,265481
35956,0.002303,172.31.46.0-255,66,187080,58,265481
35957,0.002336,172.253.118.0-255,1484,188564,58,265481
35958,0.002343,172.31.46.0-255,66,188630,58,265481
35959,0.002354,172.253.118.0-255,3602,192232,58,265481
35960,0.002358,172.31.46.0-255,66,192298,58,265481
35961,0.002438,172.253.118.0-255,1484,193782,58,265481
35962,0.002453,172.253.118.0-255,2902,196684,58,265481
35963,0.00247,172.31.46.0-255,66,196750,58,265481
35964,0.002476,172.253.118.0-255,5738,202488,58,265481
35965,0.002486,172.31.46.0-255,66,202554,58,265481
35966,0.002492,172.253.118.0-255,4320,206874,58,265481
35967,0.002522,172.253.118.0-255,7156,214030,58,265481
35968,0.002587,172.31.46.0-255,66,214096,58,265481
35969,0.002594,172.31.46.0-255,66,214162,58,265481
35970,0.005127,172.253.118.0-255,5738,219900,58,265481
35971,0.005135,172.31.46.0-255,66,219966,58,265481
35972,0.007689,172.253.118.0-255,5738,225704,58,265481
35973,0.007696,172.31.46.0-255,66,225770,58,265481
35974,0.010234,172.253.118.0-255,5738,231508,58,265481
35975,0.01024,172.31.46.0-255,66,231574,58,265481
35976,0.012773,172.253.118.0-255,5738,237312,58,265481
35977,0.012781,172.31.46.0-255,66,237378,58,265481
35978,0.015307,172.253.118.0-255,5738,243116,58,265481
35979,0.015314,172.31.46.0-255,66,243182,58,265481
35980,0.017852,172.253.118.0-255,5738,248920,58,265481
35981,0.017861,172.31.46.0-255,66,248986,58,265481
35982,0.020383,172.253.118.0-255,5738,254724,58,265481
35983,0.02039,172.31.46.0-255,66,254790,58,265481
35984,0.022931,172.253.118.0-255,5738,260528,58,265481
35985,0.022937,172.31.46.0-255,66,260594,58,265481
35986,0.02547,172.253.118.0-255,4650,265244,58,265481
35987,0.025477,172.31.46.0-255,66,265310,58,265481
35988,0.025633,172.31.46.0-255,105,265415,58,265481
35989,0.028145,172.253.118.0-255,66,265481,58,265481
35990,0.0,172.217.194.0-255,146,146,58,191867
35991,1.7e-05,172.31.46.0-255,66,212,58,191867
35992,2.4e-05,172.217.194.0-255,1484,1696,58,191867
35993,2.8e-05,172.31.46.0-255,66,1762,58,191867
35994,3.4e-05,172.217.194.0-255,2902,4664,58,191867
35995,4.5e-05,172.31.46.0-255,66,4730,58,191867
35996,5.4e-05,172.217.194.0-255,7156,11886,58,191867
35997,5.7e-05,172.31.46.0-255,66,11952,58,191867
35998,6e-05,172.217.194.0-255,1484,13436,58,191867
35999,6.3e-05,172.31.46.0-255,66,13502,58,191867
36000,9.4e-05,172.217.194.0-255,6336,19838,58,191867
36001,9.8e-05,172.31.46.0-255,66,19904,58,191867
36002,0.000119,172.217.194.0-255,5738,25642,58,191867
36003,0.000121,172.31.46.0-255,66,25708,58,191867
36004,0.000151,172.217.194.0-255,5379,31087,58,191867
36005,0.000154,172.31.46.0-255,66,31153,58,191867
36006,0.00018,172.217.194.0-255,1484,32637,58,191867
36007,0.000182,172.31.46.0-255,66,32703,58,191867
36008,0.000186,172.217.194.0-255,2902,35605,58,191867
36009,0.000188,172.31.46.0-255,66,35671,58,191867
36010,0.000191,172.217.194.0-255,1484,37155,58,191867
36011,0.000193,172.31.46.0-255,66,37221,58,191867
36012,0.000221,172.217.194.0-255,4320,41541,58,191867
36013,0.000224,172.31.46.0-255,66,41607,58,191867
36014,0.00023,172.217.194.0-255,4320,45927,58,191867
36015,0.000232,172.31.46.0-255,66,45993,58,191867
36016,0.000276,172.31.46.0-255,66,46059,58,191867
36017,0.000286,172.31.46.0-255,66,46125,58,191867
36018,0.000289,172.217.194.0-255,1417,47542,58,191867
36019,0.000291,172.31.46.0-255,66,47608,58,191867
36020,0.000327,172.217.194.0-255,364,47972,58,191867
36021,0.000382,172.217.194.0-255,1484,49456,58,191867
36022,0.000405,172.217.194.0-255,4320,53776,58,191867
36023,0.000408,172.217.194.0-255,1484,55260,58,191867
36024,0.000466,172.217.194.0-255,5738,60998,58,191867
36025,0.000479,172.217.194.0-255,3411,64409,58,191867
36026,0.00053,172.217.194.0-255,1484,65893,58,191867
36027,0.000536,172.217.194.0-255,2902,68795,58,191867
36028,0.000553,172.217.194.0-255,2902,71697,58,191867
36029,0.000565,172.217.194.0-255,2902,74599,58,191867
36030,0.000581,172.217.194.0-255,5738,80337,58,191867
36031,0.000603,172.217.194.0-255,7156,87493,58,191867
36032,0.00061,172.217.194.0-255,7156,94649,58,191867
36033,0.000637,172.31.46.0-255,66,94715,58,191867
36034,0.00066,172.217.194.0-255,3602,98317,58,191867
36035,0.000687,172.31.46.0-255,66,98383,58,191867
36036,0.000727,172.217.194.0-255,1484,99867,58,191867
36037,0.000741,172.217.194.0-255,2902,102769,58,191867
36038,0.000746,172.31.46.0-255,66,102835,58,191867
36039,0.000754,172.217.194.0-255,1484,104319,58,191867
36040,0.000773,172.217.194.0-255,4320,108639,58,191867
36041,0.00079,172.217.194.0-255,4320,112959,58,191867
36042,0.000797,172.31.46.0-255,66,113025,58,191867
36043,0.000837,172.217.194.0-255,4320,117345,58,191867
36044,0.000843,172.31.46.0-255,66,117411,58,191867
36045,0.000862,172.217.194.0-255,6438,123849,58,191867
36046,0.000886,172.31.46.0-255,66,123915,58,191867
36047,0.000932,172.217.194.0-255,1484,125399,58,191867
36048,0.000948,172.217.194.0-255,2902,128301,58,191867
36049,0.000953,172.31.46.0-255,66,128367,58,191867
36050,0.000981,172.217.194.0-255,5738,134105,58,191867
36051,0.000989,172.217.194.0-255,5738,139843,58,191867
36052,0.001,172.31.46.0-255,66,139909,58,191867
36053,0.001013,172.217.194.0-255,7156,147065,58,191867
36054,0.001054,172.31.46.0-255,66,147131,58,191867
36055,0.001163,172.217.194.0-255,1484,148615,58,191867
36056,0.001169,172.217.194.0-255,2902,151517,58,191867
36057,0.001172,172.217.194.0-255,1484,153001,58,191867
36058,0.001178,172.31.46.0-255,66,153067,58,191867
36059,0.001205,172.217.194.0-255,4320,157387,58,191867
36060,0.001208,172.217.194.0-255,1484,158871,58,191867
36061,0.001217,172.31.46.0-255,66,158937,58,191867
36062,0.001306,172.31.46.0-255,66,159003,58,191867
36063,0.001425,172.217.194.0-255,1484,160487,58,191867
36064,0.001431,172.217.194.0-255,2902,163389,58,191867
36065,0.001433,172.217.194.0-255,1484,164873,58,191867
36066,0.00144,172.31.46.0-255,66,164939,58,191867
36067,0.001455,172.217.194.0-255,4320,169259,58,191867
36068,0.00146,172.217.194.0-255,2902,172161,58,191867
36069,0.001464,172.31.46.0-255,66,172227,58,191867
36070,0.001513,172.217.194.0-255,4320,176547,58,191867
36071,0.001518,172.31.46.0-255,66,176613,58,191867
36072,0.001568,172.31.46.0-255,66,176679,58,191867
36073,0.001616,172.31.46.0-255,66,176745,58,191867
36074,0.001674,172.31.46.0-255,66,176811,58,191867
36075,0.001743,172.217.194.0-255,1484,178295,58,191867
36076,0.001746,172.31.46.0-255,66,178361,58,191867
36077,0.001795,172.217.194.0-255,2902,181263,58,191867
36078,0.00181,172.31.46.0-255,66,181329,58,191867
36079,0.001874,172.217.194.0-255,5738,187067,58,191867
36080,0.001882,172.31.46.0-255,66,187133,58,191867
36081,0.001892,172.217.194.0-255,4392,191525,58,191867
36082,0.001898,172.217.194.0-255,105,191630,58,191867
36083,0.001921,172.31.46.0-255,66,191696,58,191867
36084,0.004212,172.31.46.0-255,105,191801,58,191867
36085,0.006427,172.217.194.0-255,66,191867,58,191867
36086,0.0,172.217.194.0-255,226,226,58,108626
36087,2.3e-05,172.31.46.0-255,66,292,58,108626
36088,3e-05,172.217.194.0-255,1484,1776,58,108626
36089,3.5e-05,172.31.46.0-255,66,1842,58,108626
36090,4.2e-05,172.217.194.0-255,4320,6162,58,108626
36091,4.6e-05,172.31.46.0-255,66,6228,58,108626
36092,0.000209,172.217.194.0-255,5738,11966,58,108626
36093,0.000214,172.31.46.0-255,66,12032,58,108626
36094,0.000226,172.217.194.0-255,1972,14004,58,108626
36095,0.000229,172.31.46.0-255,66,14070,58,108626
36096,0.000519,172.217.194.0-255,1484,15554,58,108626
36097,0.000524,172.31.46.0-255,66,15620,58,108626
36098,0.000572,172.217.194.0-255,2902,18522,58,108626
36099,0.000576,172.31.46.0-255,66,18588,58,108626
36100,0.0007,172.217.194.0-255,5738,24326,58,108626
36101,0.000703,172.31.46.0-255,66,24392,58,108626
36102,0.000933,172.217.194.0-255,7066,31458,58,108626
36103,0.000938,172.31.46.0-255,66,31524,58,108626
36104,0.003016,172.217.194.0-255,5738,37262,58,108626
36105,0.003021,172.31.46.0-255,66,37328,58,108626
36106,0.005115,172.217.194.0-255,5738,43066,58,108626
36107,0.005122,172.31.46.0-255,66,43132,58,108626
36108,0.007195,172.217.194.0-255,2902,46034,58,108626
36109,0.007204,172.31.46.0-255,66,46100,58,108626
36110,0.007241,172.217.194.0-255,2902,49002,58,108626
36111,0.007244,172.31.46.0-255,66,49068,58,108626
36112,0.009278,172.217.194.0-255,2902,51970,58,108626
36113,0.009285,172.31.46.0-255,66,52036,58,108626
36114,0.009314,172.217.194.0-255,1484,53520,58,108626
36115,0.009317,172.31.46.0-255,66,53586,58,108626
36116,0.009335,172.217.194.0-255,1484,55070,58,108626
36117,0.009337,172.31.46.0-255,66,55136,58,108626
36118,0.011368,172.217.194.0-255,2902,58038,58,108626
36119,0.011375,172.31.46.0-255,66,58104,58,108626
36120,0.011398,172.217.194.0-255,2902,61006,58,108626
36121,0.0114,172.31.46.0-255,66,61072,58,108626
36122,0.013532,172.217.194.0-255,2902,63974,58,108626
36123,0.013545,172.31.46.0-255,66,64040,58,108626
36124,0.013566,172.217.194.0-255,2902,66942,58,108626
36125,0.013568,172.31.46.0-255,66,67008,58,108626
36126,0.015625,172.217.194.0-255,2902,69910,58,108626
36127,0.015634,172.31.46.0-255,66,69976,58,108626
36128,0.015678,172.217.194.0-255,2902,72878,58,108626
36129,0.015682,172.31.46.0-255,66,72944,58,108626
36130,0.017723,172.217.194.0-255,2902,75846,58,108626
36131,0.01773,172.31.46.0-255,66,75912,58,108626
36132,0.017751,172.217.194.0-255,2902,78814,58,108626
36133,0.017754,172.31.46.0-255,66,78880,58,108626
36134,0.019824,172.217.194.0-255,2902,81782,58,108626
36135,0.019831,172.31.46.0-255,66,81848,58,108626
36136,0.019862,172.217.194.0-255,2902,84750,58,108626
36137,0.019864,172.31.46.0-255,66,84816,58,108626
36138,0.021924,172.217.194.0-255,2902,87718,58,108626
36139,0.021932,172.31.46.0-255,66,87784,58,108626
36140,0.021956,172.217.194.0-255,2902,90686,58,108626
36141,0.021958,172.31.46.0-255,66,90752,58,108626
36142,0.024024,172.217.194.0-255,2902,93654,58,108626
36143,0.024032,172.31.46.0-255,66,93720,58,108626
36144,0.024073,172.217.194.0-255,1484,95204,58,108626
36145,0.024091,172.217.194.0-255,1484,96688,58,108626
36146,0.024093,172.31.46.0-255,66,96754,58,108626
36147,0.026147,172.217.194.0-255,2902,99656,58,108626
36148,0.02616,172.31.46.0-255,66,99722,58,108626
36149,0.026188,172.217.194.0-255,2902,102624,58,108626
36150,0.026191,172.31.46.0-255,66,102690,58,108626
36151,0.028236,172.217.194.0-255,2902,105592,58,108626
36152,0.028245,172.31.46.0-255,66,105658,58,108626
36153,0.028288,172.217.194.0-255,2902,108560,58,108626
36154,0.028291,172.31.46.0-255,66,108626,58,108626
36155,0.0,74.125.24.0-255,150,150,58,208043
36156,2.3e-05,172.31.46.0-255,66,216,58,208043
36157,3.1e-05,74.125.24.0-255,1484,1700,58,208043
36158,3.5e-05,172.31.46.0-255,66,1766,58,208043
36159,4e-05,74.125.24.0-255,2902,4668,58,208043
36160,5.1e-05,172.31.46.0-255,66,4734,58,208043
36161,6e-05,74.125.24.0-255,7156,11890,58,208043
36162,6.2e-05,172.31.46.0-255,66,11956,58,208043
36163,0.0001,74.125.24.0-255,1899,13855,58,208043
36164,0.000102,172.31.46.0-255,66,13921,58,208043
36165,0.00015,74.125.24.0-255,1484,15405,58,208043
36166,0.000152,172.31.46.0-255,66,15471,58,208043
36167,0.000165,74.125.24.0-255,2902,18373,58,208043
36168,0.000172,172.31.46.0-255,66,18439,58,208043
36169,0.000178,74.125.24.0-255,5738,24177,58,208043
36170,0.00018,172.31.46.0-255,66,24243,58,208043
36171,0.000234,74.125.24.0-255,6797,31040,58,208043
36172,0.000237,172.31.46.0-255,66,31106,58,208043
36173,0.00032,74.125.24.0-255,1484,32590,58,208043
36174,0.000324,172.31.46.0-255,66,32656,58,208043
36175,0.00033,74.125.24.0-255,2902,35558,58,208043
36176,0.000332,172.31.46.0-255,66,35624,58,208043
36177,0.000366,74.125.24.0-255,5738,41362,58,208043
36178,0.000369,172.31.46.0-255,66,41428,58,208043
36179,0.000372,74.125.24.0-255,1484,42912,58,208043
36180,0.000374,172.31.46.0-255,66,42978,58,208043
36181,0.000414,74.125.24.0-255,6797,49775,58,208043
36182,0.000417,172.31.46.0-255,66,49841,58,208043
36183,0.000427,172.31.46.0-255,66,49907,58,208043
36184,0.000454,74.125.24.0-255,7133,57040,58,208043
36185,0.000456,172.31.46.0-255,66,57106,58,208043
36186,0.000698,74.125.24.0-255,109,57215,58,208043
36187,0.000859,74.125.24.0-255,1484,58699,58,208043
36188,0.000864,172.31.46.0-255,66,58765,58,208043
36189,0.00087,74.125.24.0-255,2902,61667,58,208043
36190,0.000877,74.125.24.0-255,5738,67405,58,208043
36191,0.000885,74.125.24.0-255,2902,70307,58,208043
36192,0.000901,172.31.46.0-255,66,70373,58,208043
36193,0.000917,74.125.24.0-255,4320,74693,58,208043
36194,0.000933,74.125.24.0-255,6797,81490,58,208043
36195,0.000939,74.125.24.0-255,5738,87228,58,208043
36196,0.000957,172.31.46.0-255,66,87294,58,208043
36197,0.000988,74.125.24.0-255,4225,91519,58,208043
36198,0.001012,172.31.46.0-255,66,91585,58,208043
36199,0.001143,74.125.24.0-255,1484,93069,58,208043
36200,0.001147,74.125.24.0-255,1484,94553,58,208043
36201,0.001152,172.31.46.0-255,66,94619,58,208043
36202,0.001159,74.125.24.0-255,1484,96103,58,208043
36203,0.00117,74.125.24.0-255,5738,101841,58,208043
36204,0.001185,74.125.24.0-255,2902,104743,58,208043
36205,0.0012,74.125.24.0-255,7156,111899,58,208043
36206,0.001207,172.31.46.0-255,66,111965,58,208043
36207,0.001234,74.125.24.0-255,2902,114867,58,208043
36208,0.001242,172.31.46.0-255,66,114933,58,208043
36209,0.00129,74.125.24.0-255,1484,116417,58,208043
36210,0.001305,74.125.24.0-255,2902,119319,58,208043
36211,0.00131,74.125.24.0-255,4320,123639,58,208043
36212,0.001318,172.31.46.0-255,66,123705,58,208043
36213,0.001325,74.125.24.0-255,1484,125189,58,208043
36214,0.001375,74.125.24.0-255,4320,129509,58,208043
36215,0.001378,74.125.24.0-255,1484,130993,58,208043
36216,0.001399,172.31.46.0-255,66,131059,58,208043
36217,0.001404,172.31.46.0-255,66,131125,58,208043
36218,0.001423,74.125.24.0-255,766,131891,58,208043
36219,0.001899,74.125.24.0-255,1484,133375,58,208043
36220,0.001906,74.125.24.0-255,2902,136277,58,208043
36221,0.00192,74.125.24.0-255,4320,140597,58,208043
36222,0.001932,74.125.24.0-255,1484,142081,58,208043
36223,0.001935,74.125.24.0-255,1484,143565,58,208043
36224,0.001996,74.125.24.0-255,5738,149303,58,208043
36225,0.002022,74.125.24.0-255,6438,155741,58,208043
36226,0.007749,172.31.46.0-255,66,155807,58,208043
36227,0.010043,74.125.24.0-255,5738,161545,58,208043
36228,0.010056,172.31.46.0-255,66,161611,58,208043
36229,0.012292,74.125.24.0-255,5738,167349,58,208043
36230,0.012301,172.31.46.0-255,66,167415,58,208043
36231,0.014534,74.125.24.0-255,5738,173153,58,208043
36232,0.014543,172.31.46.0-255,66,173219,58,208043
36233,0.016792,74.125.24.0-255,5738,178957,58,208043
36234,0.016805,172.31.46.0-255,66,179023,58,208043
36235,0.019045,74.125.24.0-255,5738,184761,58,208043
36236,0.019061,172.31.46.0-255,66,184827,58,208043
36237,0.021305,74.125.24.0-255,5738,190565,58,208043
36238,0.021318,172.31.46.0-255,66,190631,58,208043
36239,0.02356,74.125.24.0-255,5738,196369,58,208043
36240,0.023573,172.31.46.0-255,66,196435,58,208043
36241,0.025792,74.125.24.0-255,5738,202173,58,208043
36242,0.025803,172.31.46.0-255,66,202239,58,208043
36243,0.028056,74.125.24.0-255,5738,207977,58,208043
36244,0.028074,172.31.46.0-255,66,208043,58,208043
36245,0.0,74.125.68.0-255,152,152,58,284249
36246,3.9e-05,172.31.46.0-255,66,218,58,284249
36247,4.6e-05,74.125.68.0-255,1484,1702,58,284249
36248,5.1e-05,172.31.46.0-255,66,1768,58,284249
36249,5.6e-05,74.125.68.0-255,2902,4670,58,284249
36250,5.9e-05,172.31.46.0-255,66,4736,58,284249
36251,8.4e-05,74.125.68.0-255,4320,9056,58,284249
36252,8.7e-05,172.31.46.0-255,66,9122,58,284249
36253,0.000108,74.125.68.0-255,4866,13988,58,284249
36254,0.000111,172.31.46.0-255,66,14054,58,284249
36255,0.000132,74.125.68.0-255,1484,15538,58,284249
36256,0.000134,172.31.46.0-255,66,15604,58,284249
36257,0.000138,74.125.68.0-255,1484,17088,58,284249
36258,0.000139,172.31.46.0-255,66,17154,58,284249
36259,0.000151,74.125.68.0-255,1484,18638,58,284249
36260,0.000153,172.31.46.0-255,66,18704,58,284249
36261,0.000173,74.125.68.0-255,5738,24442,58,284249
36262,0.000175,172.31.46.0-255,66,24508,58,284249
36263,0.0002,74.125.68.0-255,4320,28828,58,284249
36264,0.000203,172.31.46.0-255,66,28894,58,284249
36265,0.00022,74.125.68.0-255,2543,31437,58,284249
36266,0.000223,172.31.46.0-255,66,31503,58,284249
36267,0.000338,74.125.68.0-255,1484,32987,58,284249
36268,0.000342,172.31.46.0-255,66,33053,58,284249
36269,0.000361,74.125.68.0-255,2902,35955,58,284249
36270,0.000364,172.31.46.0-255,66,36021,58,284249
36271,0.000383,74.125.68.0-255,5738,41759,58,284249
36272,0.000387,172.31.46.0-255,66,41825,58,284249
36273,0.000391,74.125.68.0-255,2902,44727,58,284249
36274,0.000394,172.31.46.0-255,66,44793,58,284249
36275,0.000418,74.125.68.0-255,3961,48754,58,284249
36276,0.000421,172.31.46.0-255,66,48820,58,284249
36277,0.000453,172.31.46.0-255,66,48886,58,284249
36278,0.000482,74.125.68.0-255,4320,53206,58,284249
36279,0.000486,172.31.46.0-255,66,53272,58,284249
36280,0.000506,74.125.68.0-255,4235,57507,58,284249
36281,0.000509,172.31.46.0-255,66,57573,58,284249
36282,0.000513,74.125.68.0-255,380,57953,58,284249
36283,0.000603,74.125.68.0-255,1484,59437,58,284249
36284,0.000606,74.125.68.0-255,1484,60921,58,284249
36285,0.000609,172.31.46.0-255,66,60987,58,284249
36286,0.000624,74.125.68.0-255,1484,62471,58,284249
36287,0.000627,172.31.46.0-255,66,62537,58,284249
36288,0.000634,74.125.68.0-255,5738,68275,58,284249
36289,0.000636,172.31.46.0-255,66,68341,58,284249
36290,0.000667,74.125.68.0-255,6797,75138,58,284249
36291,0.000671,172.31.46.0-255,66,75204,58,284249
36292,0.000712,172.31.46.0-255,66,75270,58,284249
36293,0.000741,74.125.68.0-255,3961,79231,58,284249
36294,0.000744,172.31.46.0-255,66,79297,58,284249
36295,0.001349,74.125.68.0-255,1484,80781,58,284249
36296,0.001386,74.125.68.0-255,2902,83683,58,284249
36297,0.001392,172.31.46.0-255,66,83749,58,284249
36298,0.001396,74.125.68.0-255,1484,85233,58,284249
36299,0.00142,74.125.68.0-255,2902,88135,58,284249
36300,0.001424,172.31.46.0-255,66,88201,58,284249
36301,0.001434,172.31.46.0-255,66,88267,58,284249
36302,0.001437,74.125.68.0-255,1484,89751,58,284249
36303,0.001495,74.125.68.0-255,5738,95489,58,284249
36304,0.0015,172.31.46.0-255,66,95555,58,284249
36305,0.001511,172.31.46.0-255,66,95621,58,284249
36306,0.001513,74.125.68.0-255,766,96387,58,284249
36307,0.001534,74.125.68.0-255,1484,97871,58,284249
36308,0.001538,172.31.46.0-255,66,97937,58,284249
36309,0.001541,74.125.68.0-255,1484,99421,58,284249
36310,0.001546,74.125.68.0-255,2902,102323,58,284249
36311,0.001548,172.31.46.0-255,66,102389,58,284249
36312,0.001584,74.125.68.0-255,5738,108127,58,284249
36313,0.001588,172.31.46.0-255,66,108193,58,284249
36314,0.001593,74.125.68.0-255,4320,112513,58,284249
36315,0.001595,172.31.46.0-255,66,112579,58,284249
36316,0.001626,74.125.68.0-255,7156,119735,58,284249
36317,0.001629,172.31.46.0-255,66,119801,58,284249
36318,0.001635,74.125.68.0-255,4320,124121,58,284249
36319,0.001637,172.31.46.0-255,66,124187,58,284249
36320,0.001678,172.31.46.0-255,66,124253,58,284249
36321,0.001683,74.125.68.0-255,4320,128573,58,284249
36322,0.001685,172.31.46.0-255,66,128639,58,284249
36323,0.001751,172.31.46.0-255,66,128705,58,284249
36324,0.001755,74.125.68.0-255,2902,131607,58,284249
36325,0.001758,172.31.46.0-255,66,131673,58,284249
36326,0.001765,74.125.68.0-255,6438,138111,58,284249
36327,0.001769,172.31.46.0-255,66,138177,58,284249
36328,0.00193,74.125.68.0-255,1484,139661,58,284249
36329,0.001937,74.125.68.0-255,2902,142563,58,284249
36330,0.001942,172.31.46.0-255,66,142629,58,284249
36331,0.001964,74.125.68.0-255,5738,148367,58,284249
36332,0.001967,172.31.46.0-255,66,148433,58,284249
36333,0.001971,74.125.68.0-255,2902,151335,58,284249
36334,0.001974,172.31.46.0-255,66,151401,58,284249
36335,0.001989,74.125.68.0-255,4320,155721,58,284249
36336,0.001993,172.31.46.0-255,66,155787,58,284249
36337,0.002007,74.125.68.0-255,1484,157271,58,284249
36338,0.002024,74.125.68.0-255,7156,164427,58,284249
36339,0.002028,172.31.46.0-255,66,164493,58,284249
36340,0.002047,74.125.68.0-255,4320,168813,58,284249
36341,0.00205,172.31.46.0-255,66,168879,58,284249
36342,0.002063,74.125.68.0-255,3602,172481,58,284249
36343,0.002067,172.31.46.0-255,66,172547,58,284249
36344,0.002137,74.125.68.0-255,1484,174031,58,284249
36345,0.002156,74.125.68.0-255,2902,176933,58,284249
36346,0.002158,172.31.46.0-255,66,176999,58,284249
36347,0.002162,74.125.68.0-255,2902,179901,58,284249
36348,0.002164,172.31.46.0-255,66,179967,58,284249
36349,0.002178,74.125.68.0-255,2902,182869,58,284249
36350,0.00218,172.31.46.0-255,66,182935,58,284249
36351,0.002202,74.125.68.0-255,1484,184419,58,284249
36352,0.002218,172.31.46.0-255,66,184485,58,284249
36353,0.002224,74.125.68.0-255,7156,191641,58,284249
36354,0.002226,172.31.46.0-255,66,191707,58,284249
36355,0.002243,74.125.68.0-255,2902,194609,58,284249
36356,0.002246,172.31.46.0-255,66,194675,58,284249
36357,0.002274,74.125.68.0-255,5020,199695,58,284249
36358,0.002276,172.31.46.0-255,66,199761,58,284249
36359,0.002282,74.125.68.0-255,5738,205499,58,284249
36360,0.002284,172.31.46.0-255,66,205565,58,284249
36361,0.00229,74.125.68.0-255,7156,212721,58,284249
36362,0.002293,172.31.46.0-255,66,212787,58,284249
36363,0.002313,74.125.68.0-255,2902,215689,58,284249
36364,0.002315,172.31.46.0-255,66,215755,58,284249
36365,0.002339,172.31.46.0-255,66,215821,58,284249
36366,0.002351,74.125.68.0-255,2902,218723,58,284249
36367,0.002353,172.31.46.0-255,66,218789,58,284249
36368,0.002367,74.125.68.0-255,1484,220273,58,284249
36369,0.002392,172.31.46.0-255,66,220339,58,284249
36370,0.002394,74.125.68.0-255,1484,221823,58,284249
36371,0.004683,74.125.68.0-255,4320,226143,58,284249
36372,0.004695,172.31.46.0-255,66,226209,58,284249
36373,0.006995,74.125.68.0-255,5738,231947,58,284249
36374,0.007006,172.31.46.0-255,66,232013,58,284249
36375,0.009316,74.125.68.0-255,5738,237751,58,284249
36376,0.009331,172.31.46.0-255,66,237817,58,284249
36377,0.011643,74.125.68.0-255,5738,243555,58,284249
36378,0.01166,172.31.46.0-255,66,243621,58,284249
36379,0.013957,74.125.68.0-255,5738,249359,58,284249
36380,0.013969,172.31.46.0-255,66,249425,58,284249
36381,0.016294,74.125.68.0-255,5738,255163,58,284249
36382,0.016312,172.31.46.0-255,66,255229,58,284249
36383,0.018672,74.125.68.0-255,5738,260967,58,284249
36384,0.018689,172.31.46.0-255,66,261033,58,284249
36385,0.020992,74.125.68.0-255,5738,266771,58,284249
36386,0.021009,172.31.46.0-255,66,266837,58,284249
36387,0.023412,74.125.68.0-255,5738,272575,58,284249
36388,0.023432,172.31.46.0-255,66,272641,58,284249
36389,0.025745,74.125.68.0-255,5738,278379,58,284249
36390,0.025764,172.31.46.0-255,66,278445,58,284249
36391,0.028084,74.125.68.0-255,5738,284183,58,284249
36392,0.028101,172.31.46.0-255,66,284249,58,284249
36393,0.0,172.31.46.0-255,66,66,58,66
36394,0.0,172.217.194.0-255,153,153,58,236905
36395,2.2e-05,172.31.46.0-255,66,219,58,236905
36396,2.9e-05,172.217.194.0-255,1484,1703,58,236905
36397,3.4e-05,172.31.46.0-255,66,1769,58,236905
36398,4e-05,172.217.194.0-255,2902,4671,58,236905
36399,4.4e-05,172.31.46.0-255,66,4737,58,236905
36400,5.2e-05,172.217.194.0-255,7156,11893,58,236905
36401,5.5e-05,172.31.46.0-255,66,11959,58,236905
36402,6.1e-05,172.217.194.0-255,3526,15485,58,236905
36403,6.4e-05,172.31.46.0-255,66,15551,58,236905
36404,0.000104,172.31.46.0-255,66,15617,58,236905
36405,0.000124,172.217.194.0-255,2543,18160,58,236905
36406,0.000128,172.31.46.0-255,66,18226,58,236905
36407,0.00019,172.217.194.0-255,1484,19710,58,236905
36408,0.000193,172.31.46.0-255,66,19776,58,236905
36409,0.000198,172.217.194.0-255,2902,22678,58,236905
36410,0.000201,172.31.46.0-255,66,22744,58,236905
36411,0.000204,172.217.194.0-255,1484,24228,58,236905
36412,0.000206,172.31.46.0-255,66,24294,58,236905
36413,0.000234,172.217.194.0-255,4320,28614,58,236905
36414,0.000237,172.31.46.0-255,66,28680,58,236905
36415,0.000242,172.217.194.0-255,4320,33000,58,236905
36416,0.000245,172.31.46.0-255,66,33066,58,236905
36417,0.000266,172.217.194.0-255,2543,35609,58,236905
36418,0.000269,172.31.46.0-255,66,35675,58,236905
36419,0.000495,172.217.194.0-255,1484,37159,58,236905
36420,0.0005,172.31.46.0-255,66,37225,58,236905
36421,0.000506,172.217.194.0-255,2902,40127,58,236905
36422,0.000509,172.31.46.0-255,66,40193,58,236905
36423,0.000516,172.217.194.0-255,5738,45931,58,236905
36424,0.000518,172.31.46.0-255,66,45997,58,236905
36425,0.000545,172.217.194.0-255,4320,50317,58,236905
36426,0.000548,172.31.46.0-255,66,50383,58,236905
36427,0.000567,172.217.194.0-255,2543,52926,58,236905
36428,0.000569,172.31.46.0-255,66,52992,58,236905
36429,0.000678,172.217.194.0-255,646,53638,58,236905
36430,0.000896,172.217.194.0-255,1484,55122,58,236905
36431,0.0009,172.31.46.0-255,66,55188,58,236905
36432,0.000906,172.217.194.0-255,2902,58090,58,236905
36433,0.000908,172.31.46.0-255,66,58156,58,236905
36434,0.000916,172.217.194.0-255,5738,63894,58,236905
36435,0.000917,172.31.46.0-255,66,63960,58,236905
36436,0.000954,172.31.46.0-255,66,64026,58,236905
36437,0.000976,172.217.194.0-255,2902,66928,58,236905
36438,0.001013,172.31.46.0-255,66,66994,58,236905
36439,0.00102,172.31.46.0-255,66,67060,58,236905
36440,0.001073,172.217.194.0-255,1484,68544,58,236905
36441,0.001079,172.217.194.0-255,2902,71446,58,236905
36442,0.001082,172.31.46.0-255,66,71512,58,236905
36443,0.001086,172.217.194.0-255,1484,72996,58,236905
36444,0.001108,172.217.194.0-255,4320,77316,58,236905
36445,0.001112,172.31.46.0-255,66,77382,58,236905
36446,0.001124,172.31.46.0-255,66,77448,58,236905
36447,0.001176,172.31.46.0-255,66,77514,58,236905
36448,0.001181,172.217.194.0-255,2902,80416,58,236905
36449,0.001183,172.31.46.0-255,66,80482,58,236905
36450,0.001207,172.31.46.0-255,66,80548,58,236905
36451,0.001215,172.217.194.0-255,7156,87704,58,236905
36452,0.001217,172.31.46.0-255,66,87770,58,236905
36453,0.001257,172.31.46.0-255,66,87836,58,236905
36454,0.00126,172.217.194.0-255,1484,89320,58,236905
36455,0.001278,172.217.194.0-255,2902,92222,58,236905
36456,0.001284,172.217.194.0-255,5738,97960,58,236905
36457,0.001289,172.31.46.0-255,66,98026,58,236905
36458,0.001292,172.31.46.0-255,66,98092,58,236905
36459,0.001324,172.31.46.0-255,66,98158,58,236905
36460,0.001338,172.31.46.0-255,66,98224,58,236905
36461,0.001384,172.217.194.0-255,1484,99708,58,236905
36462,0.00139,172.217.194.0-255,2902,102610,58,236905
36463,0.001393,172.31.46.0-255,66,102676,58,236905
36464,0.001399,172.217.194.0-255,5738,108414,58,236905
36465,0.001402,172.31.46.0-255,66,108480,58,236905
36466,0.00145,172.31.46.0-255,66,108546,58,236905
36467,0.001498,172.31.46.0-255,66,108612,58,236905
36468,0.001554,172.217.194.0-255,1484,110096,58,236905
36469,0.001575,172.217.194.0-255,2902,112998,58,236905
36470,0.001581,172.217.194.0-255,5738,118736,58,236905
36471,0.001602,172.31.46.0-255,66,118802,58,236905
36472,0.001625,172.217.194.0-255,6797,125599,58,236905
36473,0.001642,172.31.46.0-255,66,125665,58,236905
36474,0.001688,172.217.194.0-255,1484,127149,58,236905
36475,0.001693,172.217.194.0-255,2902,130051,58,236905
36476,0.001708,172.31.46.0-255,66,130117,58,236905
36477,0.001715,172.217.194.0-255,5738,135855,58,236905
36478,0.00172,172.31.46.0-255,66,135921,58,236905
36479,0.001731,172.217.194.0-255,5738,141659,58,236905
36480,0.001747,172.217.194.0-255,4320,145979,58,236905
36481,0.001757,172.31.46.0-255,66,146045,58,236905
36482,0.001866,172.31.46.0-255,66,146111,58,236905
36483,0.002087,172.217.194.0-255,1484,147595,58,236905
36484,0.002094,172.217.194.0-255,2902,150497,58,236905
36485,0.002097,172.31.46.0-255,66,150563,58,236905
36486,0.002101,172.217.194.0-255,1484,152047,58,236905
36487,0.002133,172.217.194.0-255,4320,156367,58,236905
36488,0.002151,172.217.194.0-255,4320,160687,58,236905
36489,0.002164,172.31.46.0-255,66,160753,58,236905
36490,0.002171,172.217.194.0-255,6438,167191,58,236905
36491,0.002177,172.31.46.0-255,66,167257,58,236905
36492,0.004409,172.217.194.0-255,5738,172995,58,236905
36493,0.004416,172.31.46.0-255,66,173061,58,236905
36494,0.006617,172.217.194.0-255,5738,178799,58,236905
36495,0.006624,172.31.46.0-255,66,178865,58,236905
36496,0.008866,172.217.194.0-255,5738,184603,58,236905
36497,0.008873,172.31.46.0-255,66,184669,58,236905
36498,0.011109,172.217.194.0-255,5738,190407,58,236905
36499,0.011116,172.31.46.0-255,66,190473,58,236905
36500,0.013368,172.217.194.0-255,5738,196211,58,236905
36501,0.01338,172.31.46.0-255,66,196277,58,236905
36502,0.015617,172.217.194.0-255,5738,202015,58,236905
36503,0.015626,172.31.46.0-255,66,202081,58,236905
36504,0.017864,172.217.194.0-255,5738,207819,58,236905
36505,0.017873,172.31.46.0-255,66,207885,58,236905
36506,0.020089,172.217.194.0-255,5738,213623,58,236905
36507,0.020104,172.31.46.0-255,66,213689,58,236905
36508,0.022345,172.217.194.0-255,5738,219427,58,236905
36509,0.022354,172.31.46.0-255,66,219493,58,236905
36510,0.024594,172.217.194.0-255,5738,225231,58,236905
36511,0.024602,172.31.46.0-255,66,225297,58,236905
36512,0.02689,172.217.194.0-255,5738,231035,58,236905
36513,0.026898,172.31.46.0-255,66,231101,58,236905
36514,0.02913,172.217.194.0-255,5738,236839,58,236905
36515,0.029141,172.31.46.0-255,66,236905,58,236905
36516,0.0,74.125.68.0-255,188,188,58,203725
36517,1.5e-05,172.31.46.0-255,66,254,58,203725
36518,2.2e-05,74.125.68.0-255,1484,1738,58,203725
36519,2.7e-05,172.31.46.0-255,66,1804,58,203725
36520,4e-05,74.125.68.0-255,2902,4706,58,203725
36521,4.4e-05,172.31.46.0-255,66,4772,58,203725
36522,5.2e-05,74.125.68.0-255,7156,11928,58,203725
36523,5.5e-05,172.31.46.0-255,66,11994,58,203725
36524,5.9e-05,74.125.68.0-255,2075,14069,58,203725
36525,6.2e-05,172.31.46.0-255,66,14135,58,203725
36526,9.9e-05,74.125.68.0-255,7156,21291,58,203725
36527,0.000102,172.31.46.0-255,66,21357,58,203725
36528,0.000131,74.125.68.0-255,4320,25677,58,203725
36529,0.000134,172.31.46.0-255,66,25743,58,203725
36530,0.00014,74.125.68.0-255,4320,30063,58,203725
36531,0.000142,172.31.46.0-255,66,30129,58,203725
36532,0.000145,74.125.68.0-255,1125,31254,58,203725
36533,0.000148,172.31.46.0-255,66,31320,58,203725
36534,0.000482,74.125.68.0-255,1484,32804,58,203725
36535,0.000488,172.31.46.0-255,66,32870,58,203725
36536,0.000494,74.125.68.0-255,2902,35772,58,203725
36537,0.000497,172.31.46.0-255,66,35838,58,203725
36538,0.000555,74.125.68.0-255,5738,41576,58,203725
36539,0.000558,172.31.46.0-255,66,41642,58,203725
36540,0.000565,74.125.68.0-255,6797,48439,58,203725
36541,0.000568,172.31.46.0-255,66,48505,58,203725
36542,0.000571,74.125.68.0-255,1484,49989,58,203725
36543,0.000573,172.31.46.0-255,66,50055,58,203725
36544,0.000578,74.125.68.0-255,2902,52957,58,203725
36545,0.00058,172.31.46.0-255,66,53023,58,203725
36546,0.000618,74.125.68.0-255,2902,55925,58,203725
36547,0.000622,172.31.46.0-255,66,55991,58,203725
36548,0.000667,74.125.68.0-255,2902,58893,58,203725
36549,0.000671,172.31.46.0-255,66,58959,58,203725
36550,0.000708,74.125.68.0-255,4320,63279,58,203725
36551,0.000711,172.31.46.0-255,66,63345,58,203725
36552,0.000769,74.125.68.0-255,2543,65888,58,203725
36553,0.000773,172.31.46.0-255,66,65954,58,203725
36554,0.00084,74.125.68.0-255,1484,67438,58,203725
36555,0.000847,74.125.68.0-255,2902,70340,58,203725
36556,0.000849,172.31.46.0-255,66,70406,58,203725
36557,0.000879,74.125.68.0-255,2902,73308,58,203725
36558,0.000882,172.31.46.0-255,66,73374,58,203725
36559,0.000919,74.125.68.0-255,1484,74858,58,203725
36560,0.000935,74.125.68.0-255,2902,77760,58,203725
36561,0.000937,172.31.46.0-255,66,77826,58,203725
36562,0.000968,74.125.68.0-255,5689,83515,58,203725
36563,0.00097,172.31.46.0-255,66,83581,58,203725
36564,0.001799,74.125.68.0-255,1484,85065,58,203725
36565,0.00181,74.125.68.0-255,2902,87967,58,203725
36566,0.001814,172.31.46.0-255,66,88033,58,203725
36567,0.001822,74.125.68.0-255,4320,92353,58,203725
36568,0.001824,172.31.46.0-255,66,92419,58,203725
36569,0.001857,74.125.68.0-255,1484,93903,58,203725
36570,0.001861,74.125.68.0-255,2902,96805,58,203725
36571,0.001863,172.31.46.0-255,66,96871,58,203725
36572,0.001877,74.125.68.0-255,4320,101191,58,203725
36573,0.001884,172.31.46.0-255,66,101257,58,203725
36574,0.001907,74.125.68.0-255,5738,106995,58,203725
36575,0.00191,172.31.46.0-255,66,107061,58,203725
36576,0.001915,74.125.68.0-255,4320,111381,58,203725
36577,0.001917,172.31.46.0-255,66,111447,58,203725
36578,0.001951,74.125.68.0-255,6438,117885,58,203725
36579,0.001954,172.31.46.0-255,66,117951,58,203725
36580,0.002037,74.125.68.0-255,1484,119435,58,203725
36581,0.002066,74.125.68.0-255,2902,122337,58,203725
36582,0.00207,172.31.46.0-255,66,122403,58,203725
36583,0.002098,74.125.68.0-255,5738,128141,58,203725
36584,0.002101,172.31.46.0-255,66,128207,58,203725
36585,0.002139,172.31.46.0-255,66,128273,58,203725
36586,0.004238,74.125.68.0-255,5738,134011,58,203725
36587,0.004245,172.31.46.0-255,66,134077,58,203725
36588,0.006359,74.125.68.0-255,5738,139815,58,203725
36589,0.006367,172.31.46.0-255,66,139881,58,203725
36590,0.008492,74.125.68.0-255,5738,145619,58,203725
36591,0.0085,172.31.46.0-255,66,145685,58,203725
36592,0.010639,74.125.68.0-255,5738,151423,58,203725
36593,0.010648,172.31.46.0-255,66,151489,58,203725
36594,0.01276,74.125.68.0-255,5738,157227,58,203725
36595,0.012769,172.31.46.0-255,66,157293,58,203725
36596,0.014873,74.125.68.0-255,5738,163031,58,203725
36597,0.014882,172.31.46.0-255,66,163097,58,203725
36598,0.016992,74.125.68.0-255,5738,168835,58,203725
36599,0.017001,172.31.46.0-255,66,168901,58,203725
36600,0.019126,74.125.68.0-255,5738,174639,58,203725
36601,0.019134,172.31.46.0-255,66,174705,58,203725
36602,0.021234,74.125.68.0-255,5738,180443,58,203725
36603,0.021242,172.31.46.0-255,66,180509,58,203725
36604,0.023351,74.125.68.0-255,5738,186247,58,203725
36605,0.023358,172.31.46.0-255,66,186313,58,203725
36606,0.025477,74.125.68.0-255,5738,192051,58,203725
36607,0.025483,172.31.46.0-255,66,192117,58,203725
36608,0.02759,74.125.68.0-255,5738,197855,58,203725
36609,0.027601,172.31.46.0-255,66,197921,58,203725
36610,0.029707,74.125.68.0-255,5738,203659,58,203725
36611,0.029714,172.31.46.0-255,66,203725,58,203725
36612,0.0,172.217.194.0-255,152,152,58,261936
36613,2.3e-05,172.31.46.0-255,66,218,58,261936
36614,3.1e-05,172.217.194.0-255,1484,1702,58,261936
36615,3.5e-05,172.31.46.0-255,66,1768,58,261936
36616,4.8e-05,172.217.194.0-255,2902,4670,58,261936
36617,5.2e-05,172.31.46.0-255,66,4736,58,261936
36618,6e-05,172.217.194.0-255,7156,11892,58,261936
36619,6.3e-05,172.31.46.0-255,66,11958,58,261936
36620,7.7e-05,172.31.46.0-255,66,12024,58,261936
36621,0.000108,172.217.194.0-255,6193,18217,58,261936
36622,0.000112,172.31.46.0-255,66,18283,58,261936
36623,0.000138,172.217.194.0-255,2543,20826,58,261936
36624,0.00014,172.31.46.0-255,66,20892,58,261936
36625,0.000145,172.217.194.0-255,2902,23794,58,261936
36626,0.000147,172.31.46.0-255,66,23860,58,261936
36627,0.000152,172.217.194.0-255,2902,26762,58,261936
36628,0.000159,172.31.46.0-255,66,26828,58,261936
36629,0.000191,172.217.194.0-255,4320,31148,58,261936
36630,0.000195,172.31.46.0-255,66,31214,58,261936
36631,0.000206,172.31.46.0-255,66,31280,58,261936
36632,0.000221,172.31.46.0-255,66,31346,58,261936
36633,0.000254,172.217.194.0-255,5738,37084,58,261936
36634,0.000256,172.31.46.0-255,66,37150,58,261936
36635,0.000259,172.217.194.0-255,1413,38563,58,261936
36636,0.000261,172.31.46.0-255,66,38629,58,261936
36637,0.000356,172.217.194.0-255,366,38995,58,261936
36638,0.00036,172.31.46.0-255,66,39061,58,261936
36639,0.000454,172.217.194.0-255,1484,40545,58,261936
36640,0.000458,172.31.46.0-255,66,40611,58,261936
36641,0.000464,172.217.194.0-255,2902,43513,58,261936
36642,0.000466,172.31.46.0-255,66,43579,58,261936
36643,0.000484,172.217.194.0-255,1484,45063,58,261936
36644,0.000513,172.217.194.0-255,4320,49383,58,261936
36645,0.000516,172.31.46.0-255,66,49449,58,261936
36646,0.000523,172.217.194.0-255,6797,56246,58,261936
36647,0.000526,172.31.46.0-255,66,56312,58,261936
36648,0.000562,172.217.194.0-255,7156,63468,58,261936
36649,0.000565,172.31.46.0-255,66,63534,58,261936
36650,0.00057,172.217.194.0-255,4320,67854,58,261936
36651,0.000573,172.31.46.0-255,66,67920,58,261936
36652,0.000616,172.217.194.0-255,2902,70822,58,261936
36653,0.00062,172.31.46.0-255,66,70888,58,261936
36654,0.000641,172.217.194.0-255,2543,73431,58,261936
36655,0.000644,172.31.46.0-255,66,73497,58,261936
36656,0.000672,172.217.194.0-255,5738,79235,58,261936
36657,0.000675,172.31.46.0-255,66,79301,58,261936
36658,0.000679,172.217.194.0-255,2902,82203,58,261936
36659,0.000681,172.31.46.0-255,66,82269,58,261936
36660,0.000699,172.217.194.0-255,2902,85171,58,261936
36661,0.000705,172.31.46.0-255,66,85237,58,261936
36662,0.000747,172.217.194.0-255,5738,90975,58,261936
36663,0.00075,172.31.46.0-255,66,91041,58,261936
36664,0.000773,172.217.194.0-255,7156,98197,58,261936
36665,0.000776,172.31.46.0-255,66,98263,58,261936
36666,0.000782,172.217.194.0-255,7156,105419,58,261936
36667,0.000785,172.31.46.0-255,66,105485,58,261936
36668,0.000788,172.217.194.0-255,2184,107669,58,261936
36669,0.00079,172.31.46.0-255,66,107735,58,261936
36670,0.000827,172.217.194.0-255,2902,110637,58,261936
36671,0.00083,172.31.46.0-255,66,110703,58,261936
36672,0.000833,172.217.194.0-255,1484,112187,58,261936
36673,0.000838,172.217.194.0-255,2902,115089,58,261936
36674,0.00084,172.31.46.0-255,66,115155,58,261936
36675,0.00085,172.217.194.0-255,5738,120893,58,261936
36676,0.000852,172.31.46.0-255,66,120959,58,261936
36677,0.000891,172.31.46.0-255,66,121025,58,261936
36678,0.000958,172.31.46.0-255,66,121091,58,261936
36679,0.001201,172.217.194.0-255,1484,122575,58,261936
36680,0.001207,172.217.194.0-255,2902,125477,58,261936
36681,0.00121,172.31.46.0-255,66,125543,58,261936
36682,0.001274,172.217.194.0-255,5738,131281,58,261936
36683,0.001277,172.31.46.0-255,66,131347,58,261936
36684,0.001288,172.31.46.0-255,66,131413,58,261936
36685,0.001311,172.217.194.0-255,4320,135733,58,261936
36686,0.001318,172.31.46.0-255,66,135799,58,261936
36687,0.001321,172.217.194.0-255,1484,137283,58,261936
36688,0.001345,172.217.194.0-255,4320,141603,58,261936
36689,0.001349,172.31.46.0-255,66,141669,58,261936
36690,0.001378,172.217.194.0-255,5020,146689,58,261936
36691,0.001381,172.31.46.0-255,66,146755,58,261936
36692,0.001593,172.217.194.0-255,1484,148239,58,261936
36693,0.001599,172.217.194.0-255,2902,151141,58,261936
36694,0.001602,172.31.46.0-255,66,151207,58,261936
36695,0.001641,172.217.194.0-255,5738,156945,58,261936
36696,0.001644,172.31.46.0-255,66,157011,58,261936
36697,0.00165,172.217.194.0-255,2902,159913,58,261936
36698,0.001652,172.31.46.0-255,66,159979,58,261936
36699,0.001664,172.217.194.0-255,5738,165717,58,261936
36700,0.001666,172.31.46.0-255,66,165783,58,261936
36701,0.001695,172.217.194.0-255,4320,170103,58,261936
36702,0.001698,172.31.46.0-255,66,170169,58,261936
36703,0.001716,172.31.46.0-255,66,170235,58,261936
36704,0.001945,172.217.194.0-255,1484,171719,58,261936
36705,0.001951,172.217.194.0-255,2902,174621,58,261936
36706,0.001954,172.31.46.0-255,66,174687,58,261936
36707,0.001959,172.217.194.0-255,2902,177589,58,261936
36708,0.001961,172.31.46.0-255,66,177655,58,261936
36709,0.001983,172.217.194.0-255,2902,180557,58,261936
36710,0.001986,172.31.46.0-255,66,180623,58,261936
36711,0.002004,172.217.194.0-255,7156,187779,58,261936
36712,0.002006,172.31.46.0-255,66,187845,58,261936
36713,0.00203,172.217.194.0-255,2902,190747,58,261936
36714,0.002036,172.31.46.0-255,66,190813,58,261936
36715,0.002049,172.31.46.0-255,66,190879,58,261936
36716,0.002061,172.31.46.0-255,66,190945,58,261936
36717,0.002084,172.217.194.0-255,2184,193129,58,261936
36718,0.002087,172.31.46.0-255,66,193195,58,261936
36719,0.002093,172.217.194.0-255,4831,198026,58,261936
36720,0.0021,172.31.46.0-255,66,198092,58,261936
36721,0.004435,172.217.194.0-255,5738,203830,58,261936
36722,0.004449,172.31.46.0-255,66,203896,58,261936
36723,0.006764,172.217.194.0-255,5738,209634,58,261936
36724,0.006774,172.31.46.0-255,66,209700,58,261936
36725,0.009097,172.217.194.0-255,5738,215438,58,261936
36726,0.009114,172.31.46.0-255,66,215504,58,261936
36727,0.011402,172.217.194.0-255,5738,221242,58,261936
36728,0.011413,172.31.46.0-255,66,221308,58,261936
36729,0.013713,172.217.194.0-255,5738,227046,58,261936
36730,0.013735,172.31.46.0-255,66,227112,58,261936
36731,0.016044,172.217.194.0-255,5738,232850,58,261936
36732,0.016056,172.31.46.0-255,66,232916,58,261936
36733,0.018396,172.217.194.0-255,5738,238654,58,261936
36734,0.018409,172.31.46.0-255,66,238720,58,261936
36735,0.02078,172.217.194.0-255,5738,244458,58,261936
36736,0.020797,172.31.46.0-255,66,244524,58,261936
36737,0.023116,172.217.194.0-255,5738,250262,58,261936
36738,0.023131,172.31.46.0-255,66,250328,58,261936
36739,0.025406,172.217.194.0-255,5738,256066,58,261936
36740,0.02542,172.31.46.0-255,66,256132,58,261936
36741,0.027698,172.217.194.0-255,5738,261870,58,261936
36742,0.027713,172.31.46.0-255,66,261936,58,261936
36743,0.0,172.217.194.0-255,146,146,58,165844
36744,2.2e-05,172.31.46.0-255,66,212,58,165844
36745,2.8e-05,172.217.194.0-255,1484,1696,58,165844
36746,3.2e-05,172.31.46.0-255,66,1762,58,165844
36747,3.7e-05,172.217.194.0-255,2902,4664,58,165844
36748,3.9e-05,172.31.46.0-255,66,4730,58,165844
36749,4.6e-05,172.217.194.0-255,7156,11886,58,165844
36750,4.9e-05,172.31.46.0-255,66,11952,58,165844
36751,0.000116,172.217.194.0-255,2092,14044,58,165844
36752,0.000119,172.31.46.0-255,66,14110,58,165844
36753,0.00014,172.217.194.0-255,2902,17012,58,165844
36754,0.000142,172.31.46.0-255,66,17078,58,165844
36755,0.000176,172.217.194.0-255,4320,21398,58,165844
36756,0.000179,172.31.46.0-255,66,21464,58,165844
36757,0.000191,172.217.194.0-255,2902,24366,58,165844
36758,0.000193,172.31.46.0-255,66,24432,58,165844
36759,0.000271,172.217.194.0-255,4320,28752,58,165844
36760,0.000274,172.31.46.0-255,66,28818,58,165844
36761,0.000299,172.217.194.0-255,2543,31361,58,165844
36762,0.000301,172.31.46.0-255,66,31427,58,165844
36763,0.000335,172.217.194.0-255,2902,34329,58,165844
36764,0.000338,172.31.46.0-255,66,34395,58,165844
36765,0.000354,172.217.194.0-255,4320,38715,58,165844
36766,0.000357,172.31.46.0-255,66,38781,58,165844
36767,0.000418,172.217.194.0-255,2902,41683,58,165844
36768,0.000421,172.31.46.0-255,66,41749,58,165844
36769,0.000457,172.31.46.0-255,66,41815,58,165844
36770,0.000602,172.217.194.0-255,5738,47553,58,165844
36771,0.000607,172.31.46.0-255,66,47619,58,165844
36772,0.000626,172.217.194.0-255,5705,53324,58,165844
36773,0.000629,172.31.46.0-255,66,53390,58,165844
36774,0.000705,172.217.194.0-255,382,53772,58,165844
36775,0.000737,172.217.194.0-255,1484,55256,58,165844
36776,0.000751,172.31.46.0-255,66,55322,58,165844
36777,0.000759,172.217.194.0-255,7156,62478,58,165844
36778,0.000763,172.31.46.0-255,66,62544,58,165844
36779,0.000777,172.217.194.0-255,5738,68282,58,165844
36780,0.000792,172.31.46.0-255,66,68348,58,165844
36781,0.000897,172.217.194.0-255,2543,70891,58,165844
36782,0.000901,172.31.46.0-255,66,70957,58,165844
36783,0.000932,172.217.194.0-255,2902,73859,58,165844
36784,0.000938,172.31.46.0-255,66,73925,58,165844
36785,0.000954,172.31.46.0-255,66,73991,58,165844
36786,0.000964,172.217.194.0-255,3961,77952,58,165844
36787,0.000975,172.31.46.0-255,66,78018,58,165844
36788,0.001752,172.217.194.0-255,1484,79502,58,165844
36789,0.001762,172.217.194.0-255,2902,82404,58,165844
36790,0.001766,172.31.46.0-255,66,82470,58,165844
36791,0.001791,172.217.194.0-255,5738,88208,58,165844
36792,0.001855,172.217.194.0-255,2902,91110,58,165844
36793,0.002002,172.217.194.0-255,4320,95430,58,165844
36794,0.002019,172.217.194.0-255,5738,101168,58,165844
36795,0.002104,172.217.194.0-255,766,101934,58,165844
36796,0.004993,172.31.46.0-255,66,102000,58,165844
36797,0.007219,172.217.194.0-255,5738,107738,58,165844
36798,0.007225,172.31.46.0-255,66,107804,58,165844
36799,0.0095,172.217.194.0-255,5738,113542,58,165844
36800,0.009506,172.31.46.0-255,66,113608,58,165844
36801,0.011707,172.217.194.0-255,5738,119346,58,165844
36802,0.012037,172.31.46.0-255,66,119412,58,165844
36803,0.01425,172.217.194.0-255,5738,125150,58,165844
36804,0.01426,172.31.46.0-255,66,125216,58,165844
36805,0.016481,172.217.194.0-255,5738,130954,58,165844
36806,0.01649,172.31.46.0-255,66,131020,58,165844
36807,0.018738,172.217.194.0-255,5738,136758,58,165844
36808,0.018744,172.31.46.0-255,66,136824,58,165844
36809,0.02097,172.217.194.0-255,5738,142562,58,165844
36810,0.020977,172.31.46.0-255,66,142628,58,165844
36811,0.023226,172.217.194.0-255,5738,148366,58,165844
36812,0.023238,172.31.46.0-255,66,148432,58,165844
36813,0.025477,172.217.194.0-255,5738,154170,58,165844
36814,0.025494,172.31.46.0-255,66,154236,58,165844
36815,0.027714,172.217.194.0-255,5738,159974,58,165844
36816,0.027726,172.31.46.0-255,66,160040,58,165844
36817,0.029961,172.217.194.0-255,5738,165778,58,165844
36818,0.029971,172.31.46.0-255,66,165844,58,165844
36819,0.0,172.31.46.0-255,105,105,58,459
36820,0.00016,172.31.46.0-255,90,195,58,459
36821,0.000169,172.31.46.0-255,66,261,58,459
36822,0.002711,74.125.130.0-255,66,327,58,459
36823,0.002738,74.125.130.0-255,66,393,58,459
36824,0.002758,172.31.46.0-255,66,459,58,459
36825,0.0,74.125.68.0-255,297,297,58,286993
36826,2.3e-05,172.31.46.0-255,66,363,58,286993
36827,2.9e-05,74.125.68.0-255,1484,1847,58,286993
36828,3.5e-05,172.31.46.0-255,66,1913,58,286993
36829,5.2e-05,74.125.68.0-255,4320,6233,58,286993
36830,5.6e-05,172.31.46.0-255,66,6299,58,286993
36831,6e-05,74.125.68.0-255,2902,9201,58,286993
36832,6.3e-05,172.31.46.0-255,66,9267,58,286993
36833,6.9e-05,74.125.68.0-255,4320,13587,58,286993
36834,7.2e-05,172.31.46.0-255,66,13653,58,286993
36835,0.000115,172.31.46.0-255,66,13719,58,286993
36836,0.000162,172.31.46.0-255,66,13785,58,286993
36837,0.000209,74.125.68.0-255,1484,15269,58,286993
36838,0.000212,172.31.46.0-255,66,15335,58,286993
36839,0.000215,74.125.68.0-255,1484,16819,58,286993
36840,0.000218,172.31.46.0-255,66,16885,58,286993
36841,0.000241,74.125.68.0-255,1484,18369,58,286993
36842,0.000247,172.31.46.0-255,66,18435,58,286993
36843,0.000254,74.125.68.0-255,5738,24173,58,286993
36844,0.000257,172.31.46.0-255,66,24239,58,286993
36845,0.000262,74.125.68.0-255,2902,27141,58,286993
36846,0.000265,172.31.46.0-255,66,27207,58,286993
36847,0.000296,74.125.68.0-255,3961,31168,58,286993
36848,0.000298,172.31.46.0-255,66,31234,58,286993
36849,0.00031,172.31.46.0-255,66,31300,58,286993
36850,0.000349,74.125.68.0-255,7111,38411,58,286993
36851,0.000352,172.31.46.0-255,66,38477,58,286993
36852,0.000379,74.125.68.0-255,375,38852,58,286993
36853,0.000381,172.31.46.0-255,66,38918,58,286993
36854,0.000533,74.125.68.0-255,1484,40402,58,286993
36855,0.000538,74.125.68.0-255,1484,41886,58,286993
36856,0.000541,172.31.46.0-255,66,41952,58,286993
36857,0.000571,74.125.68.0-255,2902,44854,58,286993
36858,0.000574,172.31.46.0-255,66,44920,58,286993
36859,0.000581,74.125.68.0-255,5738,50658,58,286993
36860,0.000584,172.31.46.0-255,66,50724,58,286993
36861,0.000624,172.31.46.0-255,66,50790,58,286993
36862,0.000632,74.125.68.0-255,7156,57946,58,286993
36863,0.000635,172.31.46.0-255,66,58012,58,286993
36864,0.000653,74.125.68.0-255,4320,62332,58,286993
36865,0.00066,172.31.46.0-255,66,62398,58,286993
36866,0.000663,74.125.68.0-255,766,63164,58,286993
36867,0.000712,74.125.68.0-255,1484,64648,58,286993
36868,0.000715,172.31.46.0-255,66,64714,58,286993
36869,0.000719,74.125.68.0-255,1484,66198,58,286993
36870,0.000724,74.125.68.0-255,2902,69100,58,286993
36871,0.000726,172.31.46.0-255,66,69166,58,286993
36872,0.000736,74.125.68.0-255,5738,74904,58,286993
36873,0.000739,172.31.46.0-255,66,74970,58,286993
36874,0.000777,172.31.46.0-255,66,75036,58,286993
36875,0.000786,74.125.68.0-255,7156,82192,58,286993
36876,0.000788,172.31.46.0-255,66,82258,58,286993
36877,0.000819,74.125.68.0-255,4320,86578,58,286993
36878,0.000821,172.31.46.0-255,66,86644,58,286993
36879,0.000825,74.125.68.0-255,766,87410,58,286993
36880,0.000843,74.125.68.0-255,1484,88894,58,286993
36881,0.000846,172.31.46.0-255,66,88960,58,286993
36882,0.000849,74.125.68.0-255,1484,90444,58,286993
36883,0.000852,74.125.68.0-255,1484,91928,58,286993
36884,0.000855,172.31.46.0-255,66,91994,58,286993
36885,0.000879,74.125.68.0-255,1484,93478,58,286993
36886,0.000887,74.125.68.0-255,5738,99216,58,286993
36887,0.00089,172.31.46.0-255,66,99282,58,286993
36888,0.000892,74.125.68.0-255,1484,100766,58,286993
36889,0.00092,172.31.46.0-255,66,100832,58,286993
36890,0.000944,74.125.68.0-255,5738,106570,58,286993
36891,0.000948,172.31.46.0-255,66,106636,58,286993
36892,0.000977,74.125.68.0-255,5738,112374,58,286993
36893,0.00098,172.31.46.0-255,66,112440,58,286993
36894,0.000983,74.125.68.0-255,766,113206,58,286993
36895,0.001006,74.125.68.0-255,1484,114690,58,286993
36896,0.001008,172.31.46.0-255,66,114756,58,286993
36897,0.001013,74.125.68.0-255,2902,117658,58,286993
36898,0.001016,172.31.46.0-255,66,117724,58,286993
36899,0.001028,74.125.68.0-255,5738,123462,58,286993
36900,0.00103,172.31.46.0-255,66,123528,58,286993
36901,0.001062,172.31.46.0-255,66,123594,58,286993
36902,0.001106,172.31.46.0-255,66,123660,58,286993
36903,0.001112,74.125.68.0-255,5020,128680,58,286993
36904,0.001114,172.31.46.0-255,66,128746,58,286993
36905,0.001159,74.125.68.0-255,1484,130230,58,286993
36906,0.001179,74.125.68.0-255,2902,133132,58,286993
36907,0.001183,172.31.46.0-255,66,133198,58,286993
36908,0.001185,74.125.68.0-255,1484,134682,58,286993
36909,0.001212,74.125.68.0-255,4320,139002,58,286993
36910,0.001215,172.31.46.0-255,66,139068,58,286993
36911,0.001219,74.125.68.0-255,2902,141970,58,286993
36912,0.001222,172.31.46.0-255,66,142036,58,286993
36913,0.001227,74.125.68.0-255,2902,144938,58,286993
36914,0.00123,172.31.46.0-255,66,145004,58,286993
36915,0.001265,74.125.68.0-255,7156,152160,58,286993
36916,0.001269,172.31.46.0-255,66,152226,58,286993
36917,0.001282,172.31.46.0-255,66,152292,58,286993
36918,0.001408,74.125.68.0-255,1484,153776,58,286993
36919,0.001421,74.125.68.0-255,2902,156678,58,286993
36920,0.001424,172.31.46.0-255,66,156744,58,286993
36921,0.001445,74.125.68.0-255,5738,162482,58,286993
36922,0.001448,172.31.46.0-255,66,162548,58,286993
36923,0.001453,74.125.68.0-255,4320,166868,58,286993
36924,0.001456,172.31.46.0-255,66,166934,58,286993
36925,0.001492,74.125.68.0-255,5738,172672,58,286993
36926,0.001496,172.31.46.0-255,66,172738,58,286993
36927,0.001501,74.125.68.0-255,4320,177058,58,286993
36928,0.001504,172.31.46.0-255,66,177124,58,286993
36929,0.00154,74.125.68.0-255,7156,184280,58,286993
36930,0.001543,172.31.46.0-255,66,184346,58,286993
36931,0.001547,74.125.68.0-255,2184,186530,58,286993
36932,0.00155,172.31.46.0-255,66,186596,58,286993
36933,0.001854,74.125.68.0-255,1484,188080,58,286993
36934,0.001861,74.125.68.0-255,2902,190982,58,286993
36935,0.001865,172.31.46.0-255,66,191048,58,286993
36936,0.001897,74.125.68.0-255,5738,196786,58,286993
36937,0.0019,172.31.46.0-255,66,196852,58,286993
36938,0.001947,172.31.46.0-255,66,196918,58,286993
36939,0.00201,172.31.46.0-255,66,196984,58,286993
36940,0.002052,74.125.68.0-255,1484,198468,58,286993
36941,0.002057,74.125.68.0-255,2902,201370,58,286993
36942,0.002059,172.31.46.0-255,66,201436,58,286993
36943,0.002088,74.125.68.0-255,4320,205756,58,286993
36944,0.002091,172.31.46.0-255,66,205822,58,286993
36945,0.002094,74.125.68.0-255,1484,207306,58,286993
36946,0.002121,74.125.68.0-255,7156,214462,58,286993
36947,0.002124,172.31.46.0-255,66,214528,58,286993
36948,0.00213,74.125.68.0-255,5738,220266,58,286993
36949,0.002133,172.31.46.0-255,66,220332,58,286993
36950,0.002172,74.125.68.0-255,5738,226070,58,286993
36951,0.002175,172.31.46.0-255,66,226136,58,286993
36952,0.002202,74.125.68.0-255,5020,231156,58,286993
36953,0.002205,172.31.46.0-255,66,231222,58,286993
36954,0.002507,74.125.68.0-255,1484,232706,58,286993
36955,0.002528,74.125.68.0-255,2902,235608,58,286993
36956,0.002533,172.31.46.0-255,66,235674,58,286993
36957,0.00254,74.125.68.0-255,4320,239994,58,286993
36958,0.002543,172.31.46.0-255,66,240060,58,286993
36959,0.002568,74.125.68.0-255,1484,241544,58,286993
36960,0.002581,172.31.46.0-255,66,241610,58,286993
36961,0.002585,74.125.68.0-255,2902,244512,58,286993
36962,0.002588,172.31.46.0-255,66,244578,58,286993
36963,0.002612,74.125.68.0-255,2902,247480,58,286993
36964,0.002619,172.31.46.0-255,66,247546,58,286993
36965,0.005156,74.125.68.0-255,2902,250448,58,286993
36966,0.005163,172.31.46.0-255,66,250514,58,286993
36967,0.005191,74.125.68.0-255,2902,253416,58,286993
36968,0.005193,172.31.46.0-255,66,253482,58,286993
36969,0.007736,74.125.68.0-255,4320,257802,58,286993
36970,0.007745,172.31.46.0-255,66,257868,58,286993
36971,0.007773,74.125.68.0-255,1484,259352,58,286993
36972,0.010347,74.125.68.0-255,4320,263672,58,286993
36973,0.010356,172.31.46.0-255,66,263738,58,286993
36974,0.012925,74.125.68.0-255,5738,269476,58,286993
36975,0.012932,172.31.46.0-255,66,269542,58,286993
36976,0.015507,74.125.68.0-255,5738,275280,58,286993
36977,0.015514,172.31.46.0-255,66,275346,58,286993
36978,0.018091,74.125.68.0-255,5738,281084,58,286993
36979,0.018102,172.31.46.0-255,66,281150,58,286993
36980,0.0207,74.125.68.0-255,5606,286756,58,286993
36981,0.020709,172.31.46.0-255,66,286822,58,286993
36982,0.021043,172.31.46.0-255,105,286927,58,286993
36983,0.023571,74.125.68.0-255,66,286993,58,286993
36984,0.0,172.253.118.0-255,152,152,58,204898
36985,2.5e-05,172.31.46.0-255,66,218,58,204898
36986,3.3e-05,172.253.118.0-255,1484,1702,58,204898
36987,3.7e-05,172.31.46.0-255,66,1768,58,204898
36988,5e-05,172.253.118.0-255,2902,4670,58,204898
36989,5.4e-05,172.31.46.0-255,66,4736,58,204898
36990,6.2e-05,172.253.118.0-255,7156,11892,58,204898
36991,6.4e-05,172.31.46.0-255,66,11958,58,204898
36992,6.8e-05,172.253.118.0-255,1929,13887,58,204898
36993,7.2e-05,172.31.46.0-255,66,13953,58,204898
36994,0.000169,172.253.118.0-255,1484,15437,58,204898
36995,0.000172,172.31.46.0-255,66,15503,58,204898
36996,0.000178,172.253.118.0-255,2902,18405,58,204898
36997,0.00018,172.31.46.0-255,66,18471,58,204898
36998,0.00021,172.253.118.0-255,5738,24209,58,204898
36999,0.000213,172.31.46.0-255,66,24275,58,204898
37000,0.000232,172.253.118.0-255,5738,30013,58,204898
37001,0.000234,172.31.46.0-255,66,30079,58,204898
37002,0.000272,172.253.118.0-255,4320,34399,58,204898
37003,0.000275,172.31.46.0-255,66,34465,58,204898
37004,0.000309,172.31.46.0-255,66,34531,58,204898
37005,0.000325,172.31.46.0-255,66,34597,58,204898
37006,0.000359,172.253.118.0-255,7156,41753,58,204898
37007,0.000362,172.31.46.0-255,66,41819,58,204898
37008,0.000385,172.253.118.0-255,5354,47173,58,204898
37009,0.000388,172.31.46.0-255,66,47239,58,204898
37010,0.000439,172.253.118.0-255,111,47350,58,204898
37011,0.000442,172.31.46.0-255,66,47416,58,204898
37012,0.000713,172.253.118.0-255,1484,48900,58,204898
37013,0.000719,172.31.46.0-255,66,48966,58,204898
37014,0.000726,172.253.118.0-255,2902,51868,58,204898
37015,0.000733,172.253.118.0-255,5738,57606,58,204898
37016,0.000744,172.253.118.0-255,4320,61926,58,204898
37017,0.000848,172.31.46.0-255,66,61992,58,204898
37018,0.00106,172.253.118.0-255,1484,63476,58,204898
37019,0.001065,172.253.118.0-255,1484,64960,58,204898
37020,0.001075,172.31.46.0-255,66,65026,58,204898
37021,0.001104,172.253.118.0-255,1484,66510,58,204898
37022,0.00111,172.253.118.0-255,5738,72248,58,204898
37023,0.001126,172.253.118.0-255,5738,77986,58,204898
37024,0.001139,172.253.118.0-255,4320,82306,58,204898
37025,0.001145,172.31.46.0-255,66,82372,58,204898
37026,0.001178,172.253.118.0-255,1484,83856,58,204898
37027,0.001192,172.253.118.0-255,2902,86758,58,204898
37028,0.001212,172.31.46.0-255,66,86824,58,204898
37029,0.001253,172.253.118.0-255,4320,91144,58,204898
37030,0.001275,172.253.118.0-255,2184,93328,58,204898
37031,0.001279,172.31.46.0-255,66,93394,58,204898
37032,0.001285,172.31.46.0-255,66,93460,58,204898
37033,0.001326,172.253.118.0-255,1484,94944,58,204898
37034,0.001347,172.253.118.0-255,2902,97846,58,204898
37035,0.00135,172.253.118.0-255,1484,99330,58,204898
37036,0.001355,172.31.46.0-255,66,99396,58,204898
37037,0.001386,172.253.118.0-255,4320,103716,58,204898
37038,0.001392,172.253.118.0-255,4320,108036,58,204898
37039,0.001397,172.253.118.0-255,5738,113774,58,204898
37040,0.001412,172.253.118.0-255,5738,119512,58,204898
37041,0.001414,172.253.118.0-255,1484,120996,58,204898
37042,0.00142,172.31.46.0-255,66,121062,58,204898
37043,0.00145,172.253.118.0-255,6438,127500,58,204898
37044,0.001459,172.31.46.0-255,66,127566,58,204898
37045,0.001484,172.253.118.0-255,1484,129050,58,204898
37046,0.001489,172.253.118.0-255,2902,131952,58,204898
37047,0.001492,172.253.118.0-255,1484,133436,58,204898
37048,0.001506,172.253.118.0-255,4320,137756,58,204898
37049,0.001514,172.31.46.0-255,66,137822,58,204898
37050,0.001522,172.253.118.0-255,1484,139306,58,204898
37051,0.001574,172.31.46.0-255,66,139372,58,204898
37052,0.002001,172.253.118.0-255,1484,140856,58,204898
37053,0.002008,172.253.118.0-255,2902,143758,58,204898
37054,0.002011,172.31.46.0-255,66,143824,58,204898
37055,0.002015,172.253.118.0-255,1484,145308,58,204898
37056,0.002045,172.253.118.0-255,4320,149628,58,204898
37057,0.002051,172.253.118.0-255,4320,153948,58,204898
37058,0.002056,172.253.118.0-255,4320,158268,58,204898
37059,0.002075,172.31.46.0-255,66,158334,58,204898
37060,0.004105,172.253.118.0-255,5738,164072,58,204898
37061,0.004114,172.31.46.0-255,66,164138,58,204898
37062,0.006183,172.253.118.0-255,2902,167040,58,204898
37063,0.00621,172.253.118.0-255,2902,169942,58,204898
37064,0.009637,172.31.46.0-255,66,170008,58,204898
37065,0.011692,172.253.118.0-255,5738,175746,58,204898
37066,0.011704,172.31.46.0-255,66,175812,58,204898
37067,0.013755,172.253.118.0-255,5738,181550,58,204898
37068,0.020617,172.31.46.0-255,66,181616,58,204898
37069,0.0222,172.253.118.0-255,1484,183100,58,204898
37070,0.022655,172.253.118.0-255,4320,187420,58,204898
37071,0.022665,172.31.46.0-255,66,187486,58,204898
37072,0.024715,172.253.118.0-255,5738,193224,58,204898
37073,0.024782,172.31.46.0-255,66,193290,58,204898
37074,0.026821,172.253.118.0-255,5738,199028,58,204898
37075,0.026837,172.31.46.0-255,66,199094,58,204898
37076,0.028894,172.253.118.0-255,5738,204832,58,204898
37077,0.028913,172.31.46.0-255,66,204898,58,204898
37078,0.0,172.217.194.0-255,152,152,58,132249
37079,2.3e-05,172.31.46.0-255,66,218,58,132249
37080,3e-05,172.217.194.0-255,1484,1702,58,132249
37081,3.4e-05,172.31.46.0-255,66,1768,58,132249
37082,3.9e-05,172.217.194.0-255,2902,4670,58,132249
37083,4.2e-05,172.31.46.0-255,66,4736,58,132249
37084,4.9e-05,172.217.194.0-255,5738,10474,58,132249
37085,5.2e-05,172.31.46.0-255,66,10540,58,132249
37086,8.9e-05,172.217.194.0-255,3454,13994,58,132249
37087,9.2e-05,172.31.46.0-255,66,14060,58,132249
37088,9.6e-05,172.217.194.0-255,1484,15544,58,132249
37089,9.9e-05,172.31.46.0-255,66,15610,58,132249
37090,0.000114,172.217.194.0-255,2902,18512,58,132249
37091,0.000116,172.31.46.0-255,66,18578,58,132249
37092,0.000136,172.217.194.0-255,5738,24316,58,132249
37093,0.000139,172.31.46.0-255,66,24382,58,132249
37094,0.000156,172.217.194.0-255,4320,28702,58,132249
37095,0.000158,172.31.46.0-255,66,28768,58,132249
37096,0.000162,172.217.194.0-255,2543,31311,58,132249
37097,0.000164,172.31.46.0-255,66,31377,58,132249
37098,0.000222,172.217.194.0-255,1484,32861,58,132249
37099,0.000225,172.31.46.0-255,66,32927,58,132249
37100,0.00024,172.217.194.0-255,2902,35829,58,132249
37101,0.000242,172.31.46.0-255,66,35895,58,132249
37102,0.000245,172.217.194.0-255,1484,37379,58,132249
37103,0.000247,172.31.46.0-255,66,37445,58,132249
37104,0.000264,172.217.194.0-255,4320,41765,58,132249
37105,0.000266,172.31.46.0-255,66,41831,58,132249
37106,0.000269,172.217.194.0-255,1484,43315,58,132249
37107,0.000271,172.31.46.0-255,66,43381,58,132249
37108,0.000307,172.31.46.0-255,66,43447,58,132249
37109,0.000317,172.31.46.0-255,66,43513,58,132249
37110,0.000335,172.217.194.0-255,2184,45697,58,132249
37111,0.000337,172.31.46.0-255,66,45763,58,132249
37112,0.00034,172.217.194.0-255,378,46141,58,132249
37113,0.000413,172.217.194.0-255,364,46505,58,132249
37114,0.000725,172.217.194.0-255,1484,47989,58,132249
37115,0.00073,172.31.46.0-255,66,48055,58,132249
37116,0.000736,172.217.194.0-255,2902,50957,58,132249
37117,0.000739,172.31.46.0-255,66,51023,58,132249
37118,0.000744,172.217.194.0-255,4320,55343,58,132249
37119,0.000747,172.31.46.0-255,66,55409,58,132249
37120,0.00078,172.31.46.0-255,66,55475,58,132249
37121,0.000799,172.217.194.0-255,1484,56959,58,132249
37122,0.000836,172.31.46.0-255,66,57025,58,132249
37123,0.001267,172.217.194.0-255,1484,58509,58,132249
37124,0.001284,172.217.194.0-255,2902,61411,58,132249
37125,0.001287,172.31.46.0-255,66,61477,58,132249
37126,0.001314,172.217.194.0-255,5738,67215,58,132249
37127,0.001317,172.31.46.0-255,66,67281,58,132249
37128,0.001328,172.31.46.0-255,66,67347,58,132249
37129,0.001377,172.31.46.0-255,66,67413,58,132249
37130,0.001392,172.217.194.0-255,2184,69597,58,132249
37131,0.001394,172.31.46.0-255,66,69663,58,132249
37132,0.001486,172.217.194.0-255,1484,71147,58,132249
37133,0.001489,172.217.194.0-255,1484,72631,58,132249
37134,0.001494,172.31.46.0-255,66,72697,58,132249
37135,0.001517,172.217.194.0-255,1484,74181,58,132249
37136,0.001523,172.217.194.0-255,5738,79919,58,132249
37137,0.001525,172.31.46.0-255,66,79985,58,132249
37138,0.00154,172.217.194.0-255,2902,82887,58,132249
37139,0.001543,172.31.46.0-255,66,82953,58,132249
37140,0.001592,172.217.194.0-255,766,83719,58,132249
37141,0.001596,172.31.46.0-255,66,83785,58,132249
37142,0.001604,172.31.46.0-255,66,83851,58,132249
37143,0.001642,172.217.194.0-255,1484,85335,58,132249
37144,0.001646,172.31.46.0-255,66,85401,58,132249
37145,0.001651,172.217.194.0-255,2902,88303,58,132249
37146,0.001653,172.31.46.0-255,66,88369,58,132249
37147,0.001681,172.217.194.0-255,5738,94107,58,132249
37148,0.001684,172.31.46.0-255,66,94173,58,132249
37149,0.001689,172.217.194.0-255,4320,98493,58,132249
37150,0.001692,172.31.46.0-255,66,98559,58,132249
37151,0.001713,172.31.46.0-255,66,98625,58,132249
37152,0.001726,172.31.46.0-255,66,98691,58,132249
37153,0.001768,172.217.194.0-255,2902,101593,58,132249
37154,0.001772,172.31.46.0-255,66,101659,58,132249
37155,0.001801,172.31.46.0-255,66,101725,58,132249
37156,0.001831,172.31.46.0-255,66,101791,58,132249
37157,0.001835,172.217.194.0-255,4320,106111,58,132249
37158,0.001837,172.31.46.0-255,66,106177,58,132249
37159,0.001902,172.217.194.0-255,4320,110497,58,132249
37160,0.001914,172.31.46.0-255,66,110563,58,132249
37161,0.001995,172.31.46.0-255,66,110629,58,132249
37162,0.002003,172.217.194.0-255,1484,112113,58,132249
37163,0.002025,172.31.46.0-255,66,112179,58,132249
37164,0.002061,172.217.194.0-255,4320,116499,58,132249
37165,0.002093,172.31.46.0-255,66,116565,58,132249
37166,0.002115,172.217.194.0-255,3602,120167,58,132249
37167,0.002139,172.31.46.0-255,66,120233,58,132249
37168,0.002179,172.31.46.0-255,66,120299,58,132249
37169,0.002186,172.217.194.0-255,1484,121783,58,132249
37170,0.002192,172.217.194.0-255,5738,127521,58,132249
37171,0.002198,172.31.46.0-255,66,127587,58,132249
37172,0.002235,172.217.194.0-255,4320,131907,58,132249
37173,0.002285,172.217.194.0-255,105,132012,58,132249
37174,0.002291,172.31.46.0-255,66,132078,58,132249
37175,0.008845,172.31.46.0-255,105,132183,58,132249
37176,0.011124,172.217.194.0-255,66,132249,58,132249
37177,0.0,104.244.42.0-255,66,66,58,66
37178,0.0,172.217.194.0-255,152,152,58,199139
37179,2.4e-05,172.31.46.0-255,66,218,58,199139
37180,3e-05,172.217.194.0-255,1484,1702,58,199139
37181,3.6e-05,172.31.46.0-255,66,1768,58,199139
37182,4.2e-05,172.217.194.0-255,2902,4670,58,199139
37183,4.5e-05,172.31.46.0-255,66,4736,58,199139
37184,5.2e-05,172.217.194.0-255,5738,10474,58,199139
37185,5.6e-05,172.31.46.0-255,66,10540,58,199139
37186,7.1e-05,172.31.46.0-255,66,10606,58,199139
37187,8.4e-05,172.31.46.0-255,66,10672,58,199139
37188,0.000145,172.217.194.0-255,1484,12156,58,199139
37189,0.000149,172.31.46.0-255,66,12222,58,199139
37190,0.000154,172.217.194.0-255,2902,15124,58,199139
37191,0.000156,172.31.46.0-255,66,15190,58,199139
37192,0.000188,172.217.194.0-255,5738,20928,58,199139
37193,0.000191,172.31.46.0-255,66,20994,58,199139
37194,0.000228,172.217.194.0-255,4320,25314,58,199139
37195,0.000231,172.31.46.0-255,66,25380,58,199139
37196,0.00025,172.217.194.0-255,2543,27923,58,199139
37197,0.000252,172.31.46.0-255,66,27989,58,199139
37198,0.000311,172.217.194.0-255,1484,29473,58,199139
37199,0.000314,172.31.46.0-255,66,29539,58,199139
37200,0.000335,172.217.194.0-255,2902,32441,58,199139
37201,0.000338,172.31.46.0-255,66,32507,58,199139
37202,0.000368,172.217.194.0-255,5738,38245,58,199139
37203,0.00037,172.31.46.0-255,66,38311,58,199139
37204,0.000378,172.217.194.0-255,6797,45108,58,199139
37205,0.000381,172.31.46.0-255,66,45174,58,199139
37206,0.000447,172.217.194.0-255,1484,46658,58,199139
37207,0.00045,172.31.46.0-255,66,46724,58,199139
37208,0.000454,172.217.194.0-255,1484,48208,58,199139
37209,0.00047,172.217.194.0-255,1484,49692,58,199139
37210,0.000472,172.31.46.0-255,66,49758,58,199139
37211,0.000478,172.217.194.0-255,4320,54078,58,199139
37212,0.00048,172.31.46.0-255,66,54144,58,199139
37213,0.0005,172.217.194.0-255,5738,59882,58,199139
37214,0.000503,172.31.46.0-255,66,59948,58,199139
37215,0.000517,172.217.194.0-255,3961,63909,58,199139
37216,0.000519,172.31.46.0-255,66,63975,58,199139
37217,0.000554,172.31.46.0-255,66,64041,58,199139
37218,0.000877,172.217.194.0-255,1484,65525,58,199139
37219,0.000883,172.217.194.0-255,2902,68427,58,199139
37220,0.000887,172.31.46.0-255,66,68493,58,199139
37221,0.000914,172.217.194.0-255,5738,74231,58,199139
37222,0.000917,172.31.46.0-255,66,74297,58,199139
37223,0.00092,172.217.194.0-255,1484,75781,58,199139
37224,0.000954,172.31.46.0-255,66,75847,58,199139
37225,0.000996,172.217.194.0-255,5738,81585,58,199139
37226,0.001,172.31.46.0-255,66,81651,58,199139
37227,0.00102,172.217.194.0-255,5020,86671,58,199139
37228,0.001023,172.31.46.0-255,66,86737,58,199139
37229,0.001508,172.217.194.0-255,1484,88221,58,199139
37230,0.001515,172.217.194.0-255,2902,91123,58,199139
37231,0.001518,172.31.46.0-255,66,91189,58,199139
37232,0.001526,172.217.194.0-255,5738,96927,58,199139
37233,0.001528,172.31.46.0-255,66,96993,58,199139
37234,0.00154,172.217.194.0-255,1484,98477,58,199139
37235,0.00156,172.217.194.0-255,5738,104215,58,199139
37236,0.001562,172.31.46.0-255,66,104281,58,199139
37237,0.001568,172.217.194.0-255,4320,108601,58,199139
37238,0.00157,172.31.46.0-255,66,108667,58,199139
37239,0.001595,172.31.46.0-255,66,108733,58,199139
37240,0.001599,172.217.194.0-255,2184,110917,58,199139
37241,0.001601,172.31.46.0-255,66,110983,58,199139
37242,0.002115,172.217.194.0-255,1484,112467,58,199139
37243,0.002122,172.217.194.0-255,2902,115369,58,199139
37244,0.002126,172.31.46.0-255,66,115435,58,199139
37245,0.00215,172.217.194.0-255,1484,116919,58,199139
37246,0.002167,172.217.194.0-255,4320,121239,58,199139
37247,0.002169,172.31.46.0-255,66,121305,58,199139
37248,0.002177,172.217.194.0-255,7156,128461,58,199139
37249,0.002179,172.31.46.0-255,66,128527,58,199139
37250,0.002208,172.217.194.0-255,5738,134265,58,199139
37251,0.002211,172.31.46.0-255,66,134331,58,199139
37252,0.002241,172.31.46.0-255,66,134397,58,199139
37253,0.002255,172.217.194.0-255,2184,136581,58,199139
37254,0.002258,172.31.46.0-255,66,136647,58,199139
37255,0.004634,172.217.194.0-255,5738,142385,58,199139
37256,0.004641,172.31.46.0-255,66,142451,58,199139
37257,0.006987,172.217.194.0-255,5738,148189,58,199139
37258,0.006993,172.31.46.0-255,66,148255,58,199139
37259,0.009382,172.217.194.0-255,5738,153993,58,199139
37260,0.009389,172.31.46.0-255,66,154059,58,199139
37261,0.011753,172.217.194.0-255,5738,159797,58,199139
37262,0.011761,172.31.46.0-255,66,159863,58,199139
37263,0.014165,172.217.194.0-255,5738,165601,58,199139
37264,0.014172,172.31.46.0-255,66,165667,58,199139
37265,0.016523,172.217.194.0-255,5738,171405,58,199139
37266,0.016531,172.31.46.0-255,66,171471,58,199139
37267,0.018973,172.217.194.0-255,5738,177209,58,199139
37268,0.018981,172.31.46.0-255,66,177275,58,199139
37269,0.021342,172.217.194.0-255,5738,183013,58,199139
37270,0.021352,172.31.46.0-255,66,183079,58,199139
37271,0.023702,172.217.194.0-255,5738,188817,58,199139
37272,0.02371,172.31.46.0-255,66,188883,58,199139
37273,0.026097,172.217.194.0-255,4320,193203,58,199139
37274,0.026104,172.31.46.0-255,66,193269,58,199139
37275,0.026124,172.217.194.0-255,1484,194753,58,199139
37276,0.028462,172.217.194.0-255,4320,199073,58,199139
37277,0.02847,172.31.46.0-255,66,199139,58,199139
37278,0.0,172.217.194.0-255,150,150,58,189932
37279,2.2e-05,172.31.46.0-255,66,216,58,189932
37280,2.9e-05,172.217.194.0-255,1484,1700,58,189932
37281,3.4e-05,172.31.46.0-255,66,1766,58,189932
37282,4e-05,172.217.194.0-255,2902,4668,58,189932
37283,4.3e-05,172.31.46.0-255,66,4734,58,189932
37284,5.9e-05,172.217.194.0-255,7156,11890,58,189932
37285,6.2e-05,172.31.46.0-255,66,11956,58,189932
37286,6.8e-05,172.217.194.0-255,3503,15459,58,189932
37287,7.2e-05,172.31.46.0-255,66,15525,58,189932
37288,0.000151,172.31.46.0-255,66,15591,58,189932
37289,0.000156,172.217.194.0-255,2543,18134,58,189932
37290,0.000158,172.31.46.0-255,66,18200,58,189932
37291,0.000178,172.217.194.0-255,1484,19684,58,189932
37292,0.00018,172.31.46.0-255,66,19750,58,189932
37293,0.000185,172.217.194.0-255,2902,22652,58,189932
37294,0.000192,172.31.46.0-255,66,22718,58,189932
37295,0.000199,172.217.194.0-255,5738,28456,58,189932
37296,0.000201,172.31.46.0-255,66,28522,58,189932
37297,0.000233,172.217.194.0-255,6797,35319,58,189932
37298,0.000236,172.31.46.0-255,66,35385,58,189932
37299,0.000239,172.217.194.0-255,1484,36869,58,189932
37300,0.000241,172.31.46.0-255,66,36935,58,189932
37301,0.000273,172.31.46.0-255,66,37001,58,189932
37302,0.000278,172.217.194.0-255,2793,39794,58,189932
37303,0.00028,172.31.46.0-255,66,39860,58,189932
37304,0.000312,172.217.194.0-255,436,40296,58,189932
37305,0.000315,172.31.46.0-255,66,40362,58,189932
37306,0.00048,172.217.194.0-255,1484,41846,58,189932
37307,0.000486,172.31.46.0-255,66,41912,58,189932
37308,0.000491,172.217.194.0-255,2902,44814,58,189932
37309,0.000497,172.217.194.0-255,2902,47716,58,189932
37310,0.000517,172.217.194.0-255,2902,50618,58,189932
37311,0.000521,172.217.194.0-255,1484,52102,58,189932
37312,0.000569,172.217.194.0-255,2902,55004,58,189932
37313,0.000627,172.217.194.0-255,3961,58965,58,189932
37314,0.000667,172.31.46.0-255,66,59031,58,189932
37315,0.000747,172.217.194.0-255,1484,60515,58,189932
37316,0.000752,172.217.194.0-255,1484,61999,58,189932
37317,0.000765,172.217.194.0-255,1484,63483,58,189932
37318,0.000773,172.217.194.0-255,5738,69221,58,189932
37319,0.000786,172.217.194.0-255,1484,70705,58,189932
37320,0.00079,172.217.194.0-255,2902,73607,58,189932
37321,0.000793,172.31.46.0-255,66,73673,58,189932
37322,0.000806,172.217.194.0-255,5738,79411,58,189932
37323,0.000817,172.31.46.0-255,66,79477,58,189932
37324,0.00087,172.31.46.0-255,66,79543,58,189932
37325,0.001102,172.217.194.0-255,1484,81027,58,189932
37326,0.001108,172.217.194.0-255,2902,83929,58,189932
37327,0.001111,172.217.194.0-255,1484,85413,58,189932
37328,0.001135,172.217.194.0-255,4320,89733,58,189932
37329,0.001141,172.217.194.0-255,5738,95471,58,189932
37330,0.001145,172.31.46.0-255,66,95537,58,189932
37331,0.001151,172.31.46.0-255,66,95603,58,189932
37332,0.001192,172.217.194.0-255,5020,100623,58,189932
37333,0.001201,172.31.46.0-255,66,100689,58,189932
37334,0.001427,172.217.194.0-255,1484,102173,58,189932
37335,0.001433,172.217.194.0-255,2902,105075,58,189932
37336,0.001436,172.217.194.0-255,1484,106559,58,189932
37337,0.001447,172.31.46.0-255,66,106625,58,189932
37338,0.001461,172.217.194.0-255,4320,110945,58,189932
37339,0.001504,172.217.194.0-255,5738,116683,58,189932
37340,0.001519,172.217.194.0-255,7156,123839,58,189932
37341,0.001533,172.217.194.0-255,1484,125323,58,189932
37342,0.00159,172.31.46.0-255,66,125389,58,189932
37343,0.001603,172.217.194.0-255,5738,131127,58,189932
37344,0.001633,172.217.194.0-255,6438,137565,58,189932
37345,0.001636,172.31.46.0-255,66,137631,58,189932
37346,0.001656,172.217.194.0-255,4320,141951,58,189932
37347,0.001662,172.31.46.0-255,66,142017,58,189932
37348,0.001704,172.217.194.0-255,7156,149173,58,189932
37349,0.001747,172.31.46.0-255,66,149239,58,189932
37350,0.001788,172.217.194.0-255,1484,150723,58,189932
37351,0.001795,172.217.194.0-255,2902,153625,58,189932
37352,0.001812,172.217.194.0-255,5738,159363,58,189932
37353,0.001816,172.217.194.0-255,1484,160847,58,189932
37354,0.001824,172.31.46.0-255,66,160913,58,189932
37355,0.001882,172.31.46.0-255,66,160979,58,189932
37356,0.001904,172.217.194.0-255,1484,162463,58,189932
37357,0.001909,172.217.194.0-255,2902,165365,58,189932
37358,0.001932,172.217.194.0-255,5738,171103,58,189932
37359,0.001936,172.31.46.0-255,66,171169,58,189932
37360,0.001941,172.31.46.0-255,66,171235,58,189932
37361,0.001998,172.217.194.0-255,1484,172719,58,189932
37362,0.002002,172.31.46.0-255,66,172785,58,189932
37363,0.002071,172.217.194.0-255,5738,178523,58,189932
37364,0.002078,172.31.46.0-255,66,178589,58,189932
37365,0.002155,172.217.194.0-255,6438,185027,58,189932
37366,0.00216,172.217.194.0-255,3909,188936,58,189932
37367,0.002163,172.217.194.0-255,105,189041,58,189932
37368,0.002173,172.31.46.0-255,66,189107,58,189932
37369,0.002197,172.217.194.0-255,129,189236,58,189932
37370,0.004444,172.31.46.0-255,105,189341,58,189932
37371,0.004473,172.31.46.0-255,105,189446,58,189932
37372,0.004849,172.31.46.0-255,90,189536,58,189932
37373,0.00486,172.31.46.0-255,66,189602,58,189932
37374,0.006692,172.217.194.0-255,66,189668,58,189932
37375,0.006756,172.217.194.0-255,66,189734,58,189932
37376,0.007087,172.217.194.0-255,66,189800,58,189932
37377,0.007115,172.217.194.0-255,66,189866,58,189932
37378,0.007121,172.31.46.0-255,66,189932,58,189932
37379,0.0,74.125.24.0-255,148,148,58,230664
37380,2e-05,172.31.46.0-255,66,214,58,230664
37381,2.8e-05,74.125.24.0-255,1484,1698,58,230664
37382,3.2e-05,172.31.46.0-255,66,1764,58,230664
37383,3.9e-05,74.125.24.0-255,2902,4666,58,230664
37384,4.2e-05,172.31.46.0-255,66,4732,58,230664
37385,7.5e-05,74.125.24.0-255,7156,11888,58,230664
37386,7.9e-05,172.31.46.0-255,66,11954,58,230664
37387,8.2e-05,74.125.24.0-255,1484,13438,58,230664
37388,8.4e-05,172.31.46.0-255,66,13504,58,230664
37389,0.000102,74.125.24.0-255,6266,19770,58,230664
37390,0.000105,172.31.46.0-255,66,19836,58,230664
37391,0.000117,172.31.46.0-255,66,19902,58,230664
37392,0.000121,74.125.24.0-255,2543,22445,58,230664
37393,0.000124,172.31.46.0-255,66,22511,58,230664
37394,0.000147,74.125.24.0-255,2902,25413,58,230664
37395,0.000149,172.31.46.0-255,66,25479,58,230664
37396,0.00017,74.125.24.0-255,7156,32635,58,230664
37397,0.000173,172.31.46.0-255,66,32701,58,230664
37398,0.000175,74.125.24.0-255,1484,34185,58,230664
37399,0.000177,172.31.46.0-255,66,34251,58,230664
37400,0.000228,74.125.24.0-255,5379,39630,58,230664
37401,0.000231,172.31.46.0-255,66,39696,58,230664
37402,0.000349,74.125.24.0-255,1484,41180,58,230664
37403,0.000354,172.31.46.0-255,66,41246,58,230664
37404,0.000359,74.125.24.0-255,2902,44148,58,230664
37405,0.000362,172.31.46.0-255,66,44214,58,230664
37406,0.000369,74.125.24.0-255,4320,48534,58,230664
37407,0.000372,172.31.46.0-255,66,48600,58,230664
37408,0.000392,74.125.24.0-255,1484,50084,58,230664
37409,0.000395,172.31.46.0-255,66,50150,58,230664
37410,0.000402,74.125.24.0-255,5738,55888,58,230664
37411,0.000404,172.31.46.0-255,66,55954,58,230664
37412,0.000429,74.125.24.0-255,1706,57660,58,230664
37413,0.000432,172.31.46.0-255,66,57726,58,230664
37414,0.000436,74.125.24.0-255,2902,60628,58,230664
37415,0.000438,172.31.46.0-255,66,60694,58,230664
37416,0.000452,74.125.24.0-255,1484,62178,58,230664
37417,0.000472,74.125.24.0-255,5738,67916,58,230664
37418,0.000476,172.31.46.0-255,66,67982,58,230664
37419,0.000479,74.125.24.0-255,1484,69466,58,230664
37420,0.000499,74.125.24.0-255,4829,74295,58,230664
37421,0.000501,172.31.46.0-255,66,74361,58,230664
37422,0.000526,74.125.24.0-255,1484,75845,58,230664
37423,0.000541,74.125.24.0-255,2902,78747,58,230664
37424,0.000544,172.31.46.0-255,66,78813,58,230664
37425,0.00056,74.125.24.0-255,5738,84551,58,230664
37426,0.000563,172.31.46.0-255,66,84617,58,230664
37427,0.000584,74.125.24.0-255,4320,88937,58,230664
37428,0.000587,172.31.46.0-255,66,89003,58,230664
37429,0.000619,172.31.46.0-255,66,89069,58,230664
37430,0.000638,74.125.24.0-255,5738,94807,58,230664
37431,0.000642,172.31.46.0-255,66,94873,58,230664
37432,0.000667,74.125.24.0-255,5379,100252,58,230664
37433,0.00067,172.31.46.0-255,66,100318,58,230664
37434,0.000701,74.125.24.0-255,1484,101802,58,230664
37435,0.000705,74.125.24.0-255,1484,103286,58,230664
37436,0.000707,172.31.46.0-255,66,103352,58,230664
37437,0.000733,74.125.24.0-255,1484,104836,58,230664
37438,0.000741,74.125.24.0-255,5738,110574,58,230664
37439,0.000743,172.31.46.0-255,66,110640,58,230664
37440,0.000748,74.125.24.0-255,2902,113542,58,230664
37441,0.00075,172.31.46.0-255,66,113608,58,230664
37442,0.000756,74.125.24.0-255,5738,119346,58,230664
37443,0.000758,172.31.46.0-255,66,119412,58,230664
37444,0.000773,74.125.24.0-255,4320,123732,58,230664
37445,0.000776,172.31.46.0-255,66,123798,58,230664
37446,0.000816,74.125.24.0-255,2902,126700,58,230664
37447,0.000819,172.31.46.0-255,66,126766,58,230664
37448,0.000853,172.31.46.0-255,66,126832,58,230664
37449,0.000873,74.125.24.0-255,1484,128316,58,230664
37450,0.000877,74.125.24.0-255,2902,131218,58,230664
37451,0.00088,172.31.46.0-255,66,131284,58,230664
37452,0.000885,74.125.24.0-255,2902,134186,58,230664
37453,0.000887,172.31.46.0-255,66,134252,58,230664
37454,0.000914,74.125.24.0-255,2902,137154,58,230664
37455,0.000917,172.31.46.0-255,66,137220,58,230664
37456,0.000931,172.31.46.0-255,66,137286,58,230664
37457,0.000935,74.125.24.0-255,2902,140188,58,230664
37458,0.000937,172.31.46.0-255,66,140254,58,230664
37459,0.000969,172.31.46.0-255,66,140320,58,230664
37460,0.001,74.125.24.0-255,1484,141804,58,230664
37461,0.001006,74.125.24.0-255,2902,144706,58,230664
37462,0.001008,172.31.46.0-255,66,144772,58,230664
37463,0.001013,74.125.24.0-255,2902,147674,58,230664
37464,0.001015,172.31.46.0-255,66,147740,58,230664
37465,0.001031,74.125.24.0-255,2902,150642,58,230664
37466,0.001034,172.31.46.0-255,66,150708,58,230664
37467,0.001041,74.125.24.0-255,5738,156446,58,230664
37468,0.001043,172.31.46.0-255,66,156512,58,230664
37469,0.00107,74.125.24.0-255,5738,162250,58,230664
37470,0.001073,172.31.46.0-255,66,162316,58,230664
37471,0.001088,74.125.24.0-255,5738,168054,58,230664
37472,0.001092,172.31.46.0-255,66,168120,58,230664
37473,0.001137,172.31.46.0-255,66,168186,58,230664
37474,0.001148,172.31.46.0-255,66,168252,58,230664
37475,0.00115,74.125.24.0-255,1125,169377,58,230664
37476,0.001207,74.125.24.0-255,1484,170861,58,230664
37477,0.001211,74.125.24.0-255,2902,173763,58,230664
37478,0.001219,172.31.46.0-255,66,173829,58,230664
37479,0.001222,172.31.46.0-255,66,173895,58,230664
37480,0.001242,74.125.24.0-255,5738,179633,58,230664
37481,0.001245,172.31.46.0-255,66,179699,58,230664
37482,0.00125,74.125.24.0-255,4320,184019,58,230664
37483,0.001252,172.31.46.0-255,66,184085,58,230664
37484,0.001291,172.31.46.0-255,66,184151,58,230664
37485,0.001324,172.31.46.0-255,66,184217,58,230664
37486,0.001352,74.125.24.0-255,7156,191373,58,230664
37487,0.001355,172.31.46.0-255,66,191439,58,230664
37488,0.001383,74.125.24.0-255,4320,195759,58,230664
37489,0.001386,172.31.46.0-255,66,195825,58,230664
37490,0.001399,172.31.46.0-255,66,195891,58,230664
37491,0.00141,172.31.46.0-255,66,195957,58,230664
37492,0.001479,74.125.24.0-255,1484,197441,58,230664
37493,0.001484,74.125.24.0-255,2902,200343,58,230664
37494,0.001487,172.31.46.0-255,66,200409,58,230664
37495,0.001492,74.125.24.0-255,2902,203311,58,230664
37496,0.001494,172.31.46.0-255,66,203377,58,230664
37497,0.001508,74.125.24.0-255,2902,206279,58,230664
37498,0.00151,172.31.46.0-255,66,206345,58,230664
37499,0.001514,74.125.24.0-255,1484,207829,58,230664
37500,0.001553,172.31.46.0-255,66,207895,58,230664
37501,0.001566,172.31.46.0-255,66,207961,58,230664
37502,0.001617,74.125.24.0-255,1484,209445,58,230664
37503,0.001622,74.125.24.0-255,2902,212347,58,230664
37504,0.001624,172.31.46.0-255,66,212413,58,230664
37505,0.001627,74.125.24.0-255,1484,213897,58,230664
37506,0.001642,74.125.24.0-255,4320,218217,58,230664
37507,0.001644,172.31.46.0-255,66,218283,58,230664
37508,0.001647,74.125.24.0-255,1484,219767,58,230664
37509,0.001672,74.125.24.0-255,7156,226923,58,230664
37510,0.001675,172.31.46.0-255,66,226989,58,230664
37511,0.001686,172.31.46.0-255,66,227055,58,230664
37512,0.001722,172.31.46.0-255,66,227121,58,230664
37513,0.001752,172.31.46.0-255,66,227187,58,230664
37514,0.001756,74.125.24.0-255,2902,230089,58,230664
37515,0.001759,172.31.46.0-255,66,230155,58,230664
37516,0.001797,172.31.46.0-255,66,230221,58,230664
37517,0.001801,74.125.24.0-255,105,230326,58,230664
37518,0.001921,172.31.46.0-255,101,230427,58,230664
37519,0.003933,74.125.24.0-255,66,230493,58,230664
37520,0.012252,172.31.46.0-255,105,230598,58,230664
37521,0.014256,74.125.24.0-255,66,230664,58,230664
37522,0.0,74.125.24.0-255,150,150,58,182211
37523,1.9e-05,172.31.46.0-255,66,216,58,182211
37524,2.6e-05,74.125.24.0-255,1484,1700,58,182211
37525,3e-05,172.31.46.0-255,66,1766,58,182211
37526,4.3e-05,74.125.24.0-255,2902,4668,58,182211
37527,4.6e-05,172.31.46.0-255,66,4734,58,182211
37528,4.9e-05,74.125.24.0-255,1484,6218,58,182211
37529,5.1e-05,172.31.46.0-255,66,6284,58,182211
37530,5.6e-05,74.125.24.0-255,2902,9186,58,182211
37531,6e-05,172.31.46.0-255,66,9252,58,182211
37532,9.6e-05,74.125.24.0-255,4962,14214,58,182211
37533,9.9e-05,172.31.46.0-255,66,14280,58,182211
37534,0.000294,74.125.24.0-255,1484,15764,58,182211
37535,0.000313,172.31.46.0-255,66,15830,58,182211
37536,0.000321,74.125.24.0-255,2902,18732,58,182211
37537,0.000323,172.31.46.0-255,66,18798,58,182211
37538,0.000358,74.125.24.0-255,1484,20282,58,182211
37539,0.000362,172.31.46.0-255,66,20348,58,182211
37540,0.000366,74.125.24.0-255,2902,23250,58,182211
37541,0.000369,172.31.46.0-255,66,23316,58,182211
37542,0.000372,74.125.24.0-255,1484,24800,58,182211
37543,0.000374,172.31.46.0-255,66,24866,58,182211
37544,0.000409,74.125.24.0-255,4320,29186,58,182211
37545,0.000415,172.31.46.0-255,66,29252,58,182211
37546,0.00042,74.125.24.0-255,2543,31795,58,182211
37547,0.000422,172.31.46.0-255,66,31861,58,182211
37548,0.000474,74.125.24.0-255,1484,33345,58,182211
37549,0.000477,172.31.46.0-255,66,33411,58,182211
37550,0.000482,74.125.24.0-255,2902,36313,58,182211
37551,0.000484,172.31.46.0-255,66,36379,58,182211
37552,0.000518,74.125.24.0-255,5738,42117,58,182211
37553,0.00052,172.31.46.0-255,66,42183,58,182211
37554,0.000553,172.31.46.0-255,66,42249,58,182211
37555,0.000588,172.31.46.0-255,66,42315,58,182211
37556,0.000591,74.125.24.0-255,1402,43717,58,182211
37557,0.000756,74.125.24.0-255,132,43849,58,182211
37558,0.000796,74.125.24.0-255,344,44193,58,182211
37559,0.0008,172.31.46.0-255,66,44259,58,182211
37560,0.001295,74.125.24.0-255,1484,45743,58,182211
37561,0.001304,74.125.24.0-255,2902,48645,58,182211
37562,0.001308,172.31.46.0-255,66,48711,58,182211
37563,0.001336,74.125.24.0-255,5738,54449,58,182211
37564,0.001338,172.31.46.0-255,66,54515,58,182211
37565,0.001345,74.125.24.0-255,5738,60253,58,182211
37566,0.001347,172.31.46.0-255,66,60319,58,182211
37567,0.001376,74.125.24.0-255,2902,63221,58,182211
37568,0.001378,172.31.46.0-255,66,63287,58,182211
37569,0.00139,172.31.46.0-255,66,63353,58,182211
37570,0.001401,74.125.24.0-255,5020,68373,58,182211
37571,0.001403,172.31.46.0-255,66,68439,58,182211
37572,0.001725,74.125.24.0-255,1484,69923,58,182211
37573,0.001733,74.125.24.0-255,2902,72825,58,182211
37574,0.001737,172.31.46.0-255,66,72891,58,182211
37575,0.001745,74.125.24.0-255,5738,78629,58,182211
37576,0.001747,172.31.46.0-255,66,78695,58,182211
37577,0.001783,172.31.46.0-255,66,78761,58,182211
37578,0.001806,74.125.24.0-255,1484,80245,58,182211
37579,0.001842,172.31.46.0-255,66,80311,58,182211
37580,0.001846,74.125.24.0-255,1484,81795,58,182211
37581,0.001872,74.125.24.0-255,2902,84697,58,182211
37582,0.001875,172.31.46.0-255,66,84763,58,182211
37583,0.001881,74.125.24.0-255,5738,90501,58,182211
37584,0.001884,172.31.46.0-255,66,90567,58,182211
37585,0.00189,74.125.24.0-255,5738,96305,58,182211
37586,0.001898,172.31.46.0-255,66,96371,58,182211
37587,0.001928,74.125.24.0-255,7156,103527,58,182211
37588,0.001935,172.31.46.0-255,66,103593,58,182211
37589,0.001947,172.31.46.0-255,66,103659,58,182211
37590,0.002277,74.125.24.0-255,1484,105143,58,182211
37591,0.002282,74.125.24.0-255,1484,106627,58,182211
37592,0.002285,172.31.46.0-255,66,106693,58,182211
37593,0.0023,74.125.24.0-255,1484,108177,58,182211
37594,0.002308,74.125.24.0-255,4320,112497,58,182211
37595,0.00231,172.31.46.0-255,66,112563,58,182211
37596,0.004594,74.125.24.0-255,5738,118301,58,182211
37597,0.004599,172.31.46.0-255,66,118367,58,182211
37598,0.006887,74.125.24.0-255,5738,124105,58,182211
37599,0.00689,172.31.46.0-255,66,124171,58,182211
37600,0.009157,74.125.24.0-255,5738,129909,58,182211
37601,0.009164,172.31.46.0-255,66,129975,58,182211
37602,0.011461,74.125.24.0-255,5738,135713,58,182211
37603,0.011469,172.31.46.0-255,66,135779,58,182211
37604,0.01377,74.125.24.0-255,5738,141517,58,182211
37605,0.013779,172.31.46.0-255,66,141583,58,182211
37606,0.016031,74.125.24.0-255,5738,147321,58,182211
37607,0.016042,172.31.46.0-255,66,147387,58,182211
37608,0.01829,74.125.24.0-255,5738,153125,58,182211
37609,0.018299,172.31.46.0-255,66,153191,58,182211
37610,0.020576,74.125.24.0-255,5738,158929,58,182211
37611,0.020583,172.31.46.0-255,66,158995,58,182211
37612,0.022853,74.125.24.0-255,5738,164733,58,182211
37613,0.022861,172.31.46.0-255,66,164799,58,182211
37614,0.025159,74.125.24.0-255,5738,170537,58,182211
37615,0.025167,172.31.46.0-255,66,170603,58,182211
37616,0.027442,74.125.24.0-255,5738,176341,58,182211
37617,0.027449,172.31.46.0-255,66,176407,58,182211
37618,0.02972,74.125.24.0-255,5738,182145,58,182211
37619,0.029727,172.31.46.0-255,66,182211,58,182211
37620,0.0,172.217.194.0-255,153,153,58,244673
37621,2.6e-05,172.31.46.0-255,66,219,58,244673
37622,3.4e-05,172.217.194.0-255,1484,1703,58,244673
37623,3.8e-05,172.31.46.0-255,66,1769,58,244673
37624,4.5e-05,172.217.194.0-255,2902,4671,58,244673
37625,5e-05,172.31.46.0-255,66,4737,58,244673
37626,5.7e-05,172.217.194.0-255,5738,10475,58,244673
37627,6e-05,172.31.46.0-255,66,10541,58,244673
37628,9e-05,172.217.194.0-255,3499,14040,58,244673
37629,9.2e-05,172.31.46.0-255,66,14106,58,244673
37630,9.8e-05,172.217.194.0-255,4320,18426,58,244673
37631,0.000101,172.31.46.0-255,66,18492,58,244673
37632,0.000131,172.31.46.0-255,66,18558,58,244673
37633,0.00015,172.217.194.0-255,1484,20042,58,244673
37634,0.000152,172.31.46.0-255,66,20108,58,244673
37635,0.000183,172.31.46.0-255,66,20174,58,244673
37636,0.000206,172.217.194.0-255,2902,23076,58,244673
37637,0.000208,172.31.46.0-255,66,23142,58,244673
37638,0.000219,172.31.46.0-255,66,23208,58,244673
37639,0.000272,172.217.194.0-255,1484,24692,58,244673
37640,0.000275,172.31.46.0-255,66,24758,58,244673
37641,0.00028,172.217.194.0-255,2902,27660,58,244673
37642,0.000282,172.31.46.0-255,66,27726,58,244673
37643,0.000309,172.217.194.0-255,5738,33464,58,244673
37644,0.000312,172.31.46.0-255,66,33530,58,244673
37645,0.000342,172.217.194.0-255,4320,37850,58,244673
37646,0.000345,172.31.46.0-255,66,37916,58,244673
37647,0.000364,172.217.194.0-255,2833,40749,58,244673
37648,0.000366,172.31.46.0-255,66,40815,58,244673
37649,0.000427,172.217.194.0-255,98,40913,58,244673
37650,0.000481,172.217.194.0-255,1484,42397,58,244673
37651,0.000487,172.217.194.0-255,2902,45299,58,244673
37652,0.000512,172.217.194.0-255,5738,51037,58,244673
37653,0.000544,172.217.194.0-255,4320,55357,58,244673
37654,0.000597,172.217.194.0-255,2902,58259,58,244673
37655,0.00062,172.217.194.0-255,364,58623,58,244673
37656,0.000664,172.217.194.0-255,1484,60107,58,244673
37657,0.000682,172.217.194.0-255,4320,64427,58,244673
37658,0.0007,172.217.194.0-255,2902,67329,58,244673
37659,0.000712,172.31.46.0-255,66,67395,58,244673
37660,0.000733,172.31.46.0-255,66,67461,58,244673
37661,0.00076,172.217.194.0-255,4320,71781,58,244673
37662,0.000797,172.31.46.0-255,66,71847,58,244673
37663,0.000806,172.217.194.0-255,2184,74031,58,244673
37664,0.000816,172.31.46.0-255,66,74097,58,244673
37665,0.000904,172.217.194.0-255,1484,75581,58,244673
37666,0.000909,172.217.194.0-255,1484,77065,58,244673
37667,0.000919,172.217.194.0-255,1484,78549,58,244673
37668,0.000922,172.217.194.0-255,1484,80033,58,244673
37669,0.000931,172.31.46.0-255,66,80099,58,244673
37670,0.000941,172.217.194.0-255,4320,84419,58,244673
37671,0.000947,172.31.46.0-255,66,84485,58,244673
37672,0.000973,172.217.194.0-255,7156,91641,58,244673
37673,0.000977,172.217.194.0-255,1484,93125,58,244673
37674,0.001006,172.217.194.0-255,2184,95309,58,244673
37675,0.001022,172.31.46.0-255,66,95375,58,244673
37676,0.001094,172.217.194.0-255,1484,96859,58,244673
37677,0.0011,172.217.194.0-255,2902,99761,58,244673
37678,0.001112,172.31.46.0-255,66,99827,58,244673
37679,0.001124,172.217.194.0-255,5738,105565,58,244673
37680,0.00115,172.217.194.0-255,4320,109885,58,244673
37681,0.001156,172.31.46.0-255,66,109951,58,244673
37682,0.00119,172.217.194.0-255,5738,115689,58,244673
37683,0.001199,172.31.46.0-255,66,115755,58,244673
37684,0.001221,172.217.194.0-255,5020,120775,58,244673
37685,0.001229,172.31.46.0-255,66,120841,58,244673
37686,0.001252,172.217.194.0-255,5738,126579,58,244673
37687,0.001264,172.217.194.0-255,1484,128063,58,244673
37688,0.001269,172.31.46.0-255,66,128129,58,244673
37689,0.001356,172.217.194.0-255,3602,131731,58,244673
37690,0.001361,172.31.46.0-255,66,131797,58,244673
37691,0.001379,172.217.194.0-255,1484,133281,58,244673
37692,0.001402,172.217.194.0-255,2902,136183,58,244673
37693,0.00141,172.31.46.0-255,66,136249,58,244673
37694,0.001424,172.217.194.0-255,5738,141987,58,244673
37695,0.001427,172.217.194.0-255,1484,143471,58,244673
37696,0.001447,172.217.194.0-255,2902,146373,58,244673
37697,0.001451,172.217.194.0-255,1484,147857,58,244673
37698,0.001475,172.217.194.0-255,5738,153595,58,244673
37699,0.00149,172.217.194.0-255,4320,157915,58,244673
37700,0.001508,172.31.46.0-255,66,157981,58,244673
37701,0.001555,172.217.194.0-255,1484,159465,58,244673
37702,0.001573,172.217.194.0-255,2902,162367,58,244673
37703,0.001595,172.217.194.0-255,4320,166687,58,244673
37704,0.001601,172.31.46.0-255,66,166753,58,244673
37705,0.001614,172.217.194.0-255,7156,173909,58,244673
37706,0.001624,172.31.46.0-255,66,173975,58,244673
37707,0.001627,172.217.194.0-255,1484,175459,58,244673
37708,0.001631,172.217.194.0-255,2902,178361,58,244673
37709,0.00166,172.217.194.0-255,7156,185517,58,244673
37710,0.001665,172.31.46.0-255,66,185583,58,244673
37711,0.001683,172.217.194.0-255,1484,187067,58,244673
37712,0.001708,172.217.194.0-255,5020,192087,58,244673
37713,0.001725,172.217.194.0-255,1484,193571,58,244673
37714,0.001743,172.217.194.0-255,2902,196473,58,244673
37715,0.001751,172.31.46.0-255,66,196539,58,244673
37716,0.001767,172.217.194.0-255,5738,202277,58,244673
37717,0.001783,172.217.194.0-255,1484,203761,58,244673
37718,0.001788,172.31.46.0-255,66,203827,58,244673
37719,0.001822,172.217.194.0-255,5738,209565,58,244673
37720,0.001829,172.31.46.0-255,66,209631,58,244673
37721,0.001849,172.217.194.0-255,5738,215369,58,244673
37722,0.001853,172.217.194.0-255,2184,217553,58,244673
37723,0.001869,172.31.46.0-255,66,217619,58,244673
37724,0.001916,172.217.194.0-255,1484,219103,58,244673
37725,0.001922,172.217.194.0-255,2902,222005,58,244673
37726,0.001934,172.31.46.0-255,66,222071,58,244673
37727,0.001976,172.217.194.0-255,5738,227809,58,244673
37728,0.001983,172.31.46.0-255,66,227875,58,244673
37729,0.002012,172.217.194.0-255,4320,232195,58,244673
37730,0.002027,172.31.46.0-255,66,232261,58,244673
37731,0.002045,172.217.194.0-255,1484,233745,58,244673
37732,0.002084,172.31.46.0-255,66,233811,58,244673
37733,0.002154,172.217.194.0-255,1484,235295,58,244673
37734,0.002165,172.217.194.0-255,1484,236779,58,244673
37735,0.002171,172.31.46.0-255,66,236845,58,244673
37736,0.002177,172.217.194.0-255,1484,238329,58,244673
37737,0.002182,172.217.194.0-255,2902,241231,58,244673
37738,0.002191,172.31.46.0-255,66,241297,58,244673
37739,0.002195,172.217.194.0-255,2902,244199,58,244673
37740,0.002215,172.31.46.0-255,66,244265,58,244673
37741,0.002235,172.31.46.0-255,66,244331,58,244673
37742,0.002344,172.217.194.0-255,105,244436,58,244673
37743,0.002355,172.31.46.0-255,66,244502,58,244673
37744,0.011868,172.31.46.0-255,105,244607,58,244673
37745,0.014243,172.217.194.0-255,66,244673,58,244673
37746,0.0,172.217.194.0-255,146,146,58,173199
37747,2.4e-05,172.31.46.0-255,66,212,58,173199
37748,3.1e-05,172.217.194.0-255,1484,1696,58,173199
37749,3.6e-05,172.31.46.0-255,66,1762,58,173199
37750,4.3e-05,172.217.194.0-255,2902,4664,58,173199
37751,4.6e-05,172.31.46.0-255,66,4730,58,173199
37752,6.1e-05,172.217.194.0-255,7156,11886,58,173199
37753,6.4e-05,172.31.46.0-255,66,11952,58,173199
37754,9.3e-05,172.217.194.0-255,2902,14854,58,173199
37755,9.6e-05,172.31.46.0-255,66,14920,58,173199
37756,0.000122,172.217.194.0-255,4880,19800,58,173199
37757,0.000125,172.31.46.0-255,66,19866,58,173199
37758,0.000136,172.31.46.0-255,66,19932,58,173199
37759,0.00014,172.217.194.0-255,2543,22475,58,173199
37760,0.000142,172.31.46.0-255,66,22541,58,173199
37761,0.000207,172.217.194.0-255,1484,24025,58,173199
37762,0.00021,172.31.46.0-255,66,24091,58,173199
37763,0.00024,172.217.194.0-255,2902,26993,58,173199
37764,0.000243,172.31.46.0-255,66,27059,58,173199
37765,0.000273,172.217.194.0-255,5738,32797,58,173199
37766,0.000288,172.31.46.0-255,66,32863,58,173199
37767,0.000295,172.217.194.0-255,6797,39660,58,173199
37768,0.000298,172.31.46.0-255,66,39726,58,173199
37769,0.000326,172.217.194.0-255,5738,45464,58,173199
37770,0.000329,172.31.46.0-255,66,45530,58,173199
37771,0.000364,172.31.46.0-255,66,45596,58,173199
37772,0.000369,172.217.194.0-255,2831,48427,58,173199
37773,0.000371,172.31.46.0-255,66,48493,58,173199
37774,0.000373,172.217.194.0-255,100,48593,58,173199
37775,0.00038,172.31.46.0-255,66,48659,58,173199
37776,0.000431,172.217.194.0-255,363,49022,58,173199
37777,0.000434,172.31.46.0-255,66,49088,58,173199
37778,0.000583,172.217.194.0-255,1484,50572,58,173199
37779,0.000587,172.31.46.0-255,66,50638,58,173199
37780,0.000593,172.217.194.0-255,2902,53540,58,173199
37781,0.000596,172.31.46.0-255,66,53606,58,173199
37782,0.000607,172.217.194.0-255,5738,59344,58,173199
37783,0.000609,172.31.46.0-255,66,59410,58,173199
37784,0.000657,172.31.46.0-255,66,59476,58,173199
37785,0.000677,172.217.194.0-255,4320,63796,58,173199
37786,0.000716,172.31.46.0-255,66,63862,58,173199
37787,0.001507,172.217.194.0-255,1484,65346,58,173199
37788,0.001512,172.31.46.0-255,66,65412,58,173199
37789,0.001518,172.217.194.0-255,2902,68314,58,173199
37790,0.00152,172.31.46.0-255,66,68380,58,173199
37791,0.001526,172.217.194.0-255,4320,72700,58,173199
37792,0.001532,172.31.46.0-255,66,72766,58,173199
37793,0.00156,172.217.194.0-255,1484,74250,58,173199
37794,0.001562,172.31.46.0-255,66,74316,58,173199
37795,0.001569,172.217.194.0-255,5738,80054,58,173199
37796,0.00158,172.31.46.0-255,66,80120,58,173199
37797,0.001606,172.217.194.0-255,7156,87276,58,173199
37798,0.001622,172.217.194.0-255,2184,89460,58,173199
37799,0.001643,172.31.46.0-255,66,89526,58,173199
37800,0.002491,172.217.194.0-255,1484,91010,58,173199
37801,0.002498,172.31.46.0-255,66,91076,58,173199
37802,0.002509,172.217.194.0-255,2902,93978,58,173199
37803,0.002516,172.31.46.0-255,66,94044,58,173199
37804,0.002523,172.217.194.0-255,5738,99782,58,173199
37805,0.002587,172.217.194.0-255,7156,106938,58,173199
37806,0.002604,172.217.194.0-255,5738,112676,58,173199
37807,0.005016,172.31.46.0-255,66,112742,58,173199
37808,0.007554,172.217.194.0-255,5738,118480,58,173199
37809,0.00756,172.31.46.0-255,66,118546,58,173199
37810,0.010107,172.217.194.0-255,5738,124284,58,173199
37811,0.010116,172.31.46.0-255,66,124350,58,173199
37812,0.012696,172.217.194.0-255,5738,130088,58,173199
37813,0.012707,172.31.46.0-255,66,130154,58,173199
37814,0.015267,172.217.194.0-255,5738,135892,58,173199
37815,0.015428,172.31.46.0-255,66,135958,58,173199
37816,0.018009,172.217.194.0-255,5738,141696,58,173199
37817,0.018019,172.31.46.0-255,66,141762,58,173199
37818,0.020569,172.217.194.0-255,5738,147500,58,173199
37819,0.020576,172.31.46.0-255,66,147566,58,173199
37820,0.023115,172.217.194.0-255,5738,153304,58,173199
37821,0.023124,172.31.46.0-255,66,153370,58,173199
37822,0.024382,172.31.46.0-255,164,153534,58,173199
37823,0.024427,172.31.46.0-255,1122,154656,58,173199
37824,0.024497,172.31.46.0-255,1514,156170,58,173199
37825,0.024499,172.31.46.0-255,1514,157684,58,173199
37826,0.0245,172.31.46.0-255,1514,159198,58,173199
37827,0.024501,172.31.46.0-255,1514,160712,58,173199
37828,0.024502,172.31.46.0-255,615,161327,58,173199
37829,0.02567,172.217.194.0-255,5738,167065,58,173199
37830,0.025677,172.31.46.0-255,66,167131,58,173199
37831,0.025934,104.244.42.0-255,66,167197,58,173199
37832,0.025967,104.244.42.0-255,66,167263,58,173199
37833,0.026069,104.244.42.0-255,66,167329,58,173199
37834,0.026074,104.244.42.0-255,66,167395,58,173199
37835,0.028233,172.217.194.0-255,5738,173133,58,173199
37836,0.028241,172.31.46.0-255,66,173199,58,173199
37837,0.0,172.217.194.0-255,153,153,58,202217
37838,2.3e-05,172.31.46.0-255,66,219,58,202217
37839,3.1e-05,172.217.194.0-255,1484,1703,58,202217
37840,3.5e-05,172.31.46.0-255,66,1769,58,202217
37841,4.1e-05,172.217.194.0-255,2902,4671,58,202217
37842,4.4e-05,172.31.46.0-255,66,4737,58,202217
37843,5.2e-05,172.217.194.0-255,7156,11893,58,202217
37844,5.7e-05,172.31.46.0-255,66,11959,58,202217
37845,5.9e-05,172.217.194.0-255,1484,13443,58,202217
37846,6.2e-05,172.31.46.0-255,66,13509,58,202217
37847,9.9e-05,172.31.46.0-255,66,13575,58,202217
37848,0.000103,172.217.194.0-255,1484,15059,58,202217
37849,0.000105,172.31.46.0-255,66,15125,58,202217
37850,0.000128,172.217.194.0-255,5379,20504,58,202217
37851,0.000132,172.31.46.0-255,66,20570,58,202217
37852,0.000149,172.217.194.0-255,1484,22054,58,202217
37853,0.000151,172.31.46.0-255,66,22120,58,202217
37854,0.000156,172.217.194.0-255,2902,25022,58,202217
37855,0.000158,172.31.46.0-255,66,25088,58,202217
37856,0.000163,172.217.194.0-255,2902,27990,58,202217
37857,0.000165,172.31.46.0-255,66,28056,58,202217
37858,0.000192,172.217.194.0-255,2902,30958,58,202217
37859,0.000194,172.31.46.0-255,66,31024,58,202217
37860,0.0002,172.217.194.0-255,5738,36762,58,202217
37861,0.000202,172.31.46.0-255,66,36828,58,202217
37862,0.000225,172.31.46.0-255,66,36894,58,202217
37863,0.000231,172.217.194.0-255,5738,42632,58,202217
37864,0.000234,172.31.46.0-255,66,42698,58,202217
37865,0.000271,172.217.194.0-255,4265,46963,58,202217
37866,0.000275,172.31.46.0-255,66,47029,58,202217
37867,0.000289,172.217.194.0-255,382,47411,58,202217
37868,0.000448,172.217.194.0-255,1484,48895,58,202217
37869,0.000454,172.31.46.0-255,66,48961,58,202217
37870,0.000459,172.217.194.0-255,2902,51863,58,202217
37871,0.000462,172.31.46.0-255,66,51929,58,202217
37872,0.000465,172.217.194.0-255,1484,53413,58,202217
37873,0.000487,172.217.194.0-255,4320,57733,58,202217
37874,0.00049,172.31.46.0-255,66,57799,58,202217
37875,0.000497,172.217.194.0-255,7156,64955,58,202217
37876,0.0005,172.31.46.0-255,66,65021,58,202217
37877,0.000521,172.217.194.0-255,5738,70759,58,202217
37878,0.000524,172.31.46.0-255,66,70825,58,202217
37879,0.000529,172.217.194.0-255,4320,75145,58,202217
37880,0.000531,172.31.46.0-255,66,75211,58,202217
37881,0.000551,172.217.194.0-255,6438,81649,58,202217
37882,0.000553,172.31.46.0-255,66,81715,58,202217
37883,0.000857,172.217.194.0-255,1484,83199,58,202217
37884,0.000874,172.217.194.0-255,2902,86101,58,202217
37885,0.000878,172.31.46.0-255,66,86167,58,202217
37886,0.000885,172.217.194.0-255,4320,90487,58,202217
37887,0.000887,172.31.46.0-255,66,90553,58,202217
37888,0.000919,172.31.46.0-255,66,90619,58,202217
37889,0.000929,172.31.46.0-255,66,90685,58,202217
37890,0.000977,172.31.46.0-255,66,90751,58,202217
37891,0.001023,172.31.46.0-255,66,90817,58,202217
37892,0.001028,172.217.194.0-255,4320,95137,58,202217
37893,0.001031,172.31.46.0-255,66,95203,58,202217
37894,0.001055,172.31.46.0-255,66,95269,58,202217
37895,0.001114,172.217.194.0-255,7156,102425,58,202217
37896,0.001117,172.31.46.0-255,66,102491,58,202217
37897,0.001142,172.217.194.0-255,5020,107511,58,202217
37898,0.001145,172.31.46.0-255,66,107577,58,202217
37899,0.001158,172.31.46.0-255,66,107643,58,202217
37900,0.001177,172.31.46.0-255,66,107709,58,202217
37901,0.00118,172.217.194.0-255,1484,109193,58,202217
37902,0.001184,172.217.194.0-255,2902,112095,58,202217
37903,0.001186,172.31.46.0-255,66,112161,58,202217
37904,0.001191,172.217.194.0-255,2902,115063,58,202217
37905,0.001193,172.31.46.0-255,66,115129,58,202217
37906,0.001212,172.217.194.0-255,2902,118031,58,202217
37907,0.001214,172.31.46.0-255,66,118097,58,202217
37908,0.001221,172.217.194.0-255,5738,123835,58,202217
37909,0.001223,172.31.46.0-255,66,123901,58,202217
37910,0.001253,172.217.194.0-255,7156,131057,58,202217
37911,0.00126,172.217.194.0-255,5738,136795,58,202217
37912,0.001264,172.31.46.0-255,66,136861,58,202217
37913,0.001272,172.31.46.0-255,66,136927,58,202217
37914,0.001278,172.217.194.0-255,5020,141947,58,202217
37915,0.00128,172.31.46.0-255,66,142013,58,202217
37916,0.001318,172.217.194.0-255,5738,147751,58,202217
37917,0.001322,172.31.46.0-255,66,147817,58,202217
37918,0.001326,172.217.194.0-255,2902,150719,58,202217
37919,0.001328,172.31.46.0-255,66,150785,58,202217
37920,0.001342,172.217.194.0-255,2902,153687,58,202217
37921,0.001344,172.31.46.0-255,66,153753,58,202217
37922,0.001366,172.217.194.0-255,5738,159491,58,202217
37923,0.001374,172.31.46.0-255,66,159557,58,202217
37924,0.001383,172.217.194.0-255,7156,166713,58,202217
37925,0.001385,172.31.46.0-255,66,166779,58,202217
37926,0.001408,172.31.46.0-255,66,166845,58,202217
37927,0.001429,172.217.194.0-255,1484,168329,58,202217
37928,0.00145,172.217.194.0-255,2902,171231,58,202217
37929,0.001453,172.31.46.0-255,66,171297,58,202217
37930,0.00146,172.217.194.0-255,5738,177035,58,202217
37931,0.001462,172.31.46.0-255,66,177101,58,202217
37932,0.001505,172.31.46.0-255,66,177167,58,202217
37933,0.001517,172.31.46.0-255,66,177233,58,202217
37934,0.001534,172.217.194.0-255,766,177999,58,202217
37935,0.001585,172.217.194.0-255,1484,179483,58,202217
37936,0.001589,172.31.46.0-255,66,179549,58,202217
37937,0.001595,172.217.194.0-255,2902,182451,58,202217
37938,0.001597,172.31.46.0-255,66,182517,58,202217
37939,0.001622,172.217.194.0-255,5738,188255,58,202217
37940,0.001625,172.31.46.0-255,66,188321,58,202217
37941,0.001636,172.31.46.0-255,66,188387,58,202217
37942,0.001661,172.217.194.0-255,4320,192707,58,202217
37943,0.001664,172.31.46.0-255,66,192773,58,202217
37944,0.001677,172.31.46.0-255,66,192839,58,202217
37945,0.001707,172.217.194.0-255,7156,199995,58,202217
37946,0.00171,172.31.46.0-255,66,200061,58,202217
37947,0.001748,172.31.46.0-255,66,200127,58,202217
37948,0.001761,172.31.46.0-255,66,200193,58,202217
37949,0.001823,172.31.46.0-255,66,200259,58,202217
37950,0.001836,172.31.46.0-255,66,200325,58,202217
37951,0.001839,172.217.194.0-255,1484,201809,58,202217
37952,0.001864,172.31.46.0-255,66,201875,58,202217
37953,0.001867,172.217.194.0-255,105,201980,58,202217
37954,0.004525,172.31.46.0-255,66,202046,58,202217
37955,0.004566,172.31.46.0-255,105,202151,58,202217
37956,0.00711,172.217.194.0-255,66,202217,58,202217
37957,0.0,74.125.24.0-255,292,292,58,210068
37958,2.6e-05,172.31.46.0-255,66,358,58,210068
37959,3.3e-05,74.125.24.0-255,1484,1842,58,210068
37960,3.8e-05,172.31.46.0-255,66,1908,58,210068
37961,4.5e-05,74.125.24.0-255,4320,6228,58,210068
37962,4.9e-05,172.31.46.0-255,66,6294,58,210068
37963,5.4e-05,74.125.24.0-255,4320,10614,58,210068
37964,5.7e-05,172.31.46.0-255,66,10680,58,210068
37965,9.9e-05,172.31.46.0-255,66,10746,58,210068
37966,0.00011,172.31.46.0-255,66,10812,58,210068
37967,0.000599,74.125.24.0-255,1484,12296,58,210068
37968,0.000605,172.31.46.0-255,66,12362,58,210068
37969,0.000611,74.125.24.0-255,2902,15264,58,210068
37970,0.000614,172.31.46.0-255,66,15330,58,210068
37971,0.000621,74.125.24.0-255,5738,21068,58,210068
37972,0.000623,172.31.46.0-255,66,21134,58,210068
37973,0.000646,74.125.24.0-255,4320,25454,58,210068
37974,0.000649,172.31.46.0-255,66,25520,58,210068
37975,0.000683,172.31.46.0-255,66,25586,58,210068
37976,0.000688,74.125.24.0-255,2902,28488,58,210068
37977,0.00069,172.31.46.0-255,66,28554,58,210068
37978,0.000713,172.31.46.0-255,66,28620,58,210068
37979,0.000761,74.125.24.0-255,3484,32104,58,210068
37980,0.000765,172.31.46.0-255,66,32170,58,210068
37981,0.00077,74.125.24.0-255,2902,35072,58,210068
37982,0.000772,172.31.46.0-255,66,35138,58,210068
37983,0.000791,74.125.24.0-255,1484,36622,58,210068
37984,0.000793,172.31.46.0-255,66,36688,58,210068
37985,0.00081,74.125.24.0-255,5738,42426,58,210068
37986,0.000816,172.31.46.0-255,66,42492,58,210068
37987,0.000859,74.125.24.0-255,4320,46812,58,210068
37988,0.000862,172.31.46.0-255,66,46878,58,210068
37989,0.000867,172.31.46.0-255,66,46944,58,210068
37990,0.000884,74.125.24.0-255,5020,51964,58,210068
37991,0.000901,172.31.46.0-255,66,52030,58,210068
37992,0.000911,74.125.24.0-255,5738,57768,58,210068
37993,0.000916,172.31.46.0-255,66,57834,58,210068
37994,0.000926,74.125.24.0-255,1992,59826,58,210068
37995,0.000941,74.125.24.0-255,4320,64146,58,210068
37996,0.000961,74.125.24.0-255,4320,68466,58,210068
37997,0.000964,74.125.24.0-255,1484,69950,58,210068
37998,0.000979,74.125.24.0-255,5738,75688,58,210068
37999,0.000993,74.125.24.0-255,5738,81426,58,210068
38000,0.001034,172.31.46.0-255,66,81492,58,210068
38001,0.001057,74.125.24.0-255,1484,82976,58,210068
38002,0.001103,172.31.46.0-255,66,83042,58,210068
38003,0.00111,74.125.24.0-255,1484,84526,58,210068
38004,0.001116,172.31.46.0-255,66,84592,58,210068
38005,0.00113,74.125.24.0-255,5020,89612,58,210068
38006,0.001151,172.31.46.0-255,66,89678,58,210068
38007,0.001496,74.125.24.0-255,1484,91162,58,210068
38008,0.001516,74.125.24.0-255,2902,94064,58,210068
38009,0.001519,74.125.24.0-255,1484,95548,58,210068
38010,0.001531,172.31.46.0-255,66,95614,58,210068
38011,0.001542,74.125.24.0-255,4320,99934,58,210068
38012,0.001544,74.125.24.0-255,1484,101418,58,210068
38013,0.00155,172.31.46.0-255,66,101484,58,210068
38014,0.001576,74.125.24.0-255,7156,108640,58,210068
38015,0.001598,172.31.46.0-255,66,108706,58,210068
38016,0.00162,74.125.24.0-255,3602,112308,58,210068
38017,0.001628,172.31.46.0-255,66,112374,58,210068
38018,0.001685,74.125.24.0-255,1484,113858,58,210068
38019,0.00169,74.125.24.0-255,1484,115342,58,210068
38020,0.001703,74.125.24.0-255,1484,116826,58,210068
38021,0.001705,172.31.46.0-255,66,116892,58,210068
38022,0.00172,74.125.24.0-255,4320,121212,58,210068
38023,0.001734,172.31.46.0-255,66,121278,58,210068
38024,0.001742,74.125.24.0-255,1484,122762,58,210068
38025,0.001759,172.31.46.0-255,66,122828,58,210068
38026,0.001792,74.125.24.0-255,2902,125730,58,210068
38027,0.001799,172.31.46.0-255,66,125796,58,210068
38028,0.001819,74.125.24.0-255,2184,127980,58,210068
38029,0.001839,172.31.46.0-255,66,128046,58,210068
38030,0.001901,74.125.24.0-255,1484,129530,58,210068
38031,0.001921,74.125.24.0-255,2902,132432,58,210068
38032,0.001927,74.125.24.0-255,5738,138170,58,210068
38033,0.001934,172.31.46.0-255,66,138236,58,210068
38034,0.001954,74.125.24.0-255,2902,141138,58,210068
38035,0.001981,74.125.24.0-255,4320,145458,58,210068
38036,0.001989,172.31.46.0-255,66,145524,58,210068
38037,0.002022,74.125.24.0-255,6438,151962,58,210068
38038,0.002028,172.31.46.0-255,66,152028,58,210068
38039,0.004115,74.125.24.0-255,5738,157766,58,210068
38040,0.004122,172.31.46.0-255,66,157832,58,210068
38041,0.006197,74.125.24.0-255,5738,163570,58,210068
38042,0.008299,172.31.46.0-255,66,163636,58,210068
38043,0.010369,74.125.24.0-255,5738,169374,58,210068
38044,0.010376,172.31.46.0-255,66,169440,58,210068
38045,0.012462,74.125.24.0-255,5738,175178,58,210068
38046,0.01247,172.31.46.0-255,66,175244,58,210068
38047,0.014544,74.125.24.0-255,5738,180982,58,210068
38048,0.018355,172.31.46.0-255,66,181048,58,210068
38049,0.020456,74.125.24.0-255,5738,186786,58,210068
38050,0.020468,172.31.46.0-255,66,186852,58,210068
38051,0.022519,74.125.24.0-255,5738,192590,58,210068
38052,0.022529,172.31.46.0-255,66,192656,58,210068
38053,0.024584,74.125.24.0-255,5738,198394,58,210068
38054,0.02459,172.31.46.0-255,66,198460,58,210068
38055,0.026635,74.125.24.0-255,5738,204198,58,210068
38056,0.026642,172.31.46.0-255,66,204264,58,210068
38057,0.028718,74.125.24.0-255,5738,210002,58,210068
38058,0.028726,172.31.46.0-255,66,210068,58,210068
38059,0.0,172.217.194.0-255,153,153,58,155948
38060,2.5e-05,172.31.46.0-255,66,219,58,155948
38061,3.2e-05,172.217.194.0-255,1484,1703,58,155948
38062,3.8e-05,172.31.46.0-255,66,1769,58,155948
38063,5.2e-05,172.217.194.0-255,2902,4671,58,155948
38064,5.5e-05,172.31.46.0-255,66,4737,58,155948
38065,5.9e-05,172.217.194.0-255,1484,6221,58,155948
38066,6.2e-05,172.31.46.0-255,66,6287,58,155948
38067,6.8e-05,172.217.194.0-255,2902,9189,58,155948
38068,7e-05,172.31.46.0-255,66,9255,58,155948
38069,7.3e-05,172.217.194.0-255,1484,10739,58,155948
38070,7.5e-05,172.31.46.0-255,66,10805,58,155948
38071,0.000102,172.217.194.0-255,3423,14228,58,155948
38072,0.00011,172.31.46.0-255,66,14294,58,155948
38073,0.000209,172.217.194.0-255,1484,15778,58,155948
38074,0.000212,172.31.46.0-255,66,15844,58,155948
38075,0.000237,172.217.194.0-255,2902,18746,58,155948
38076,0.00024,172.31.46.0-255,66,18812,58,155948
38077,0.000247,172.217.194.0-255,4320,23132,58,155948
38078,0.000249,172.31.46.0-255,66,23198,58,155948
38079,0.000293,172.31.46.0-255,66,23264,58,155948
38080,0.000311,172.31.46.0-255,66,23330,58,155948
38081,0.000339,172.217.194.0-255,2902,26232,58,155948
38082,0.000341,172.31.46.0-255,66,26298,58,155948
38083,0.000387,172.31.46.0-255,66,26364,58,155948
38084,0.000562,172.217.194.0-255,364,26728,58,155948
38085,0.000566,172.31.46.0-255,66,26794,58,155948
38086,0.000659,172.217.194.0-255,1484,28278,58,155948
38087,0.000663,172.31.46.0-255,66,28344,58,155948
38088,0.000668,172.217.194.0-255,2902,31246,58,155948
38089,0.000681,172.217.194.0-255,5738,36984,58,155948
38090,0.000721,172.217.194.0-255,7156,44140,58,155948
38091,0.000736,172.217.194.0-255,2902,47042,58,155948
38092,0.00075,172.217.194.0-255,2184,49226,58,155948
38093,0.000789,172.31.46.0-255,66,49292,58,155948
38094,0.00157,172.217.194.0-255,1484,50776,58,155948
38095,0.001592,172.217.194.0-255,2902,53678,58,155948
38096,0.001596,172.31.46.0-255,66,53744,58,155948
38097,0.001627,172.217.194.0-255,4320,58064,58,155948
38098,0.001663,172.217.194.0-255,5738,63802,58,155948
38099,0.00167,172.31.46.0-255,66,63868,58,155948
38100,0.001719,172.31.46.0-255,66,63934,58,155948
38101,0.002049,172.217.194.0-255,1484,65418,58,155948
38102,0.002058,172.217.194.0-255,2902,68320,58,155948
38103,0.002062,172.31.46.0-255,66,68386,58,155948
38104,0.002069,172.217.194.0-255,4320,72706,58,155948
38105,0.00209,172.217.194.0-255,5738,78444,58,155948
38106,0.002106,172.217.194.0-255,5738,84182,58,155948
38107,0.002122,172.217.194.0-255,5738,89920,58,155948
38108,0.002144,172.217.194.0-255,5738,95658,58,155948
38109,0.002149,172.217.194.0-255,2184,97842,58,155948
38110,0.007527,172.31.46.0-255,66,97908,58,155948
38111,0.00965,172.217.194.0-255,5738,103646,58,155948
38112,0.009659,172.31.46.0-255,66,103712,58,155948
38113,0.011747,172.217.194.0-255,5738,109450,58,155948
38114,0.012477,172.31.46.0-255,66,109516,58,155948
38115,0.014573,172.217.194.0-255,5738,115254,58,155948
38116,0.01458,172.31.46.0-255,66,115320,58,155948
38117,0.016676,172.217.194.0-255,5738,121058,58,155948
38118,0.016682,172.31.46.0-255,66,121124,58,155948
38119,0.01878,172.217.194.0-255,5738,126862,58,155948
38120,0.018788,172.31.46.0-255,66,126928,58,155948
38121,0.020898,172.217.194.0-255,5738,132666,58,155948
38122,0.020905,172.31.46.0-255,66,132732,58,155948
38123,0.023011,172.217.194.0-255,5738,138470,58,155948
38124,0.023018,172.31.46.0-255,66,138536,58,155948
38125,0.025113,172.217.194.0-255,5738,144274,58,155948
38126,0.025124,172.31.46.0-255,66,144340,58,155948
38127,0.027242,172.217.194.0-255,5738,150078,58,155948
38128,0.02725,172.31.46.0-255,66,150144,58,155948
38129,0.029346,172.217.194.0-255,5738,155882,58,155948
38130,0.029354,172.31.46.0-255,66,155948,58,155948
38131,0.0,74.125.130.0-255,150,150,58,178478
38132,2.4e-05,172.31.46.0-255,66,216,58,178478
38133,3.2e-05,74.125.130.0-255,1484,1700,58,178478
38134,3.7e-05,172.31.46.0-255,66,1766,58,178478
38135,4.3e-05,74.125.130.0-255,2902,4668,58,178478
38136,4.7e-05,172.31.46.0-255,66,4734,58,178478
38137,8.3e-05,74.125.130.0-255,5738,10472,58,178478
38138,8.6e-05,172.31.46.0-255,66,10538,58,178478
38139,0.000144,74.125.130.0-255,3320,13858,58,178478
38140,0.000148,172.31.46.0-255,66,13924,58,178478
38141,0.000196,74.125.130.0-255,2902,16826,58,178478
38142,0.0002,172.31.46.0-255,66,16892,58,178478
38143,0.000216,74.125.130.0-255,1484,18376,58,178478
38144,0.000218,172.31.46.0-255,66,18442,58,178478
38145,0.000253,74.125.130.0-255,2902,21344,58,178478
38146,0.000256,172.31.46.0-255,66,21410,58,178478
38147,0.000287,74.125.130.0-255,7156,28566,58,178478
38148,0.000289,172.31.46.0-255,66,28632,58,178478
38149,0.000394,74.125.130.0-255,2543,31175,58,178478
38150,0.000398,172.31.46.0-255,66,31241,58,178478
38151,0.000429,74.125.130.0-255,2902,34143,58,178478
38152,0.000432,172.31.46.0-255,66,34209,58,178478
38153,0.000462,74.125.130.0-255,7156,41365,58,178478
38154,0.000465,172.31.46.0-255,66,41431,58,178478
38155,0.000563,74.125.130.0-255,5738,47169,58,178478
38156,0.000568,172.31.46.0-255,66,47235,58,178478
38157,0.000599,172.31.46.0-255,66,47301,58,178478
38158,0.000784,74.125.130.0-255,1484,48785,58,178478
38159,0.000789,172.31.46.0-255,66,48851,58,178478
38160,0.00081,74.125.130.0-255,6797,55648,58,178478
38161,0.000813,172.31.46.0-255,66,55714,58,178478
38162,0.000853,74.125.130.0-255,378,56092,58,178478
38163,0.00138,74.125.130.0-255,1484,57576,58,178478
38164,0.001388,74.125.130.0-255,2902,60478,58,178478
38165,0.001415,74.125.130.0-255,2902,63380,58,178478
38166,0.001457,74.125.130.0-255,1484,64864,58,178478
38167,0.001473,74.125.130.0-255,2902,67766,58,178478
38168,0.001516,74.125.130.0-255,5738,73504,58,178478
38169,0.001532,74.125.130.0-255,2902,76406,58,178478
38170,0.001629,74.125.130.0-255,4320,80726,58,178478
38171,0.001817,74.125.130.0-255,1484,82210,58,178478
38172,0.001835,74.125.130.0-255,7156,89366,58,178478
38173,0.00185,74.125.130.0-255,2902,92268,58,178478
38174,0.001982,74.125.130.0-255,4320,96588,58,178478
38175,0.002147,74.125.130.0-255,4320,100908,58,178478
38176,0.002507,74.125.130.0-255,4320,105228,58,178478
38177,0.002525,74.125.130.0-255,4320,109548,58,178478
38178,0.002568,74.125.130.0-255,5020,114568,58,178478
38179,0.00281,74.125.130.0-255,2902,117470,58,178478
38180,0.003192,74.125.130.0-255,2902,120372,58,178478
38181,0.00426,172.31.46.0-255,66,120438,58,178478
38182,0.006525,74.125.130.0-255,5738,126176,58,178478
38183,0.006532,172.31.46.0-255,66,126242,58,178478
38184,0.008797,74.125.130.0-255,5738,131980,58,178478
38185,0.010722,172.31.46.0-255,66,132046,58,178478
38186,0.013017,74.125.130.0-255,5738,137784,58,178478
38187,0.013028,172.31.46.0-255,66,137850,58,178478
38188,0.015277,74.125.130.0-255,5738,143588,58,178478
38189,0.015284,172.31.46.0-255,66,143654,58,178478
38190,0.017536,74.125.130.0-255,5738,149392,58,178478
38191,0.017549,172.31.46.0-255,66,149458,58,178478
38192,0.019789,74.125.130.0-255,5738,155196,58,178478
38193,0.019802,172.31.46.0-255,66,155262,58,178478
38194,0.022032,74.125.130.0-255,5738,161000,58,178478
38195,0.022041,172.31.46.0-255,66,161066,58,178478
38196,0.024289,74.125.130.0-255,5738,166804,58,178478
38197,0.024299,172.31.46.0-255,66,166870,58,178478
38198,0.026552,74.125.130.0-255,5738,172608,58,178478
38199,0.026564,172.31.46.0-255,66,172674,58,178478
38200,0.028808,74.125.130.0-255,5738,178412,58,178478
38201,0.028817,172.31.46.0-255,66,178478,58,178478
38202,0.0,74.125.68.0-255,159,159,58,317586
38203,1.8e-05,172.31.46.0-255,66,225,58,317586
38204,2.5e-05,74.125.68.0-255,1484,1709,58,317586
38205,2.9e-05,172.31.46.0-255,66,1775,58,317586
38206,3.4e-05,74.125.68.0-255,2902,4677,58,317586
38207,3.7e-05,172.31.46.0-255,66,4743,58,317586
38208,4e-05,74.125.68.0-255,1484,6227,58,317586
38209,4.3e-05,172.31.46.0-255,66,6293,58,317586
38210,7e-05,74.125.68.0-255,2902,9195,58,317586
38211,7.2e-05,172.31.46.0-255,66,9261,58,317586
38212,8.8e-05,74.125.68.0-255,4928,14189,58,317586
38213,9e-05,172.31.46.0-255,66,14255,58,317586
38214,0.000115,74.125.68.0-255,5738,19993,58,317586
38215,0.000118,172.31.46.0-255,66,20059,58,317586
38216,0.000166,172.31.46.0-255,66,20125,58,317586
38217,0.000251,74.125.68.0-255,1484,21609,58,317586
38218,0.000254,172.31.46.0-255,66,21675,58,317586
38219,0.000273,74.125.68.0-255,2902,24577,58,317586
38220,0.000275,172.31.46.0-255,66,24643,58,317586
38221,0.000298,74.125.68.0-255,5738,30381,58,317586
38222,0.0003,172.31.46.0-255,66,30447,58,317586
38223,0.000307,74.125.68.0-255,6797,37244,58,317586
38224,0.000309,172.31.46.0-255,66,37310,58,317586
38225,0.000356,172.31.46.0-255,66,37376,58,317586
38226,0.000374,74.125.68.0-255,2902,40278,58,317586
38227,0.000376,172.31.46.0-255,66,40344,58,317586
38228,0.000395,74.125.68.0-255,4320,44664,58,317586
38229,0.000397,172.31.46.0-255,66,44730,58,317586
38230,0.000409,74.125.68.0-255,1125,45855,58,317586
38231,0.000411,172.31.46.0-255,66,45921,58,317586
38232,0.000455,74.125.68.0-255,392,46313,58,317586
38233,0.000515,74.125.68.0-255,351,46664,58,317586
38234,0.000651,74.125.68.0-255,1484,48148,58,317586
38235,0.000654,172.31.46.0-255,66,48214,58,317586
38236,0.000674,74.125.68.0-255,2902,51116,58,317586
38237,0.000676,172.31.46.0-255,66,51182,58,317586
38238,0.000696,74.125.68.0-255,2902,54084,58,317586
38239,0.000698,172.31.46.0-255,66,54150,58,317586
38240,0.000716,74.125.68.0-255,2902,57052,58,317586
38241,0.00073,172.31.46.0-255,66,57118,58,317586
38242,0.000738,74.125.68.0-255,7156,64274,58,317586
38243,0.00074,172.31.46.0-255,66,64340,58,317586
38244,0.000788,172.31.46.0-255,66,64406,58,317586
38245,0.000791,74.125.68.0-255,1484,65890,58,317586
38246,0.000809,74.125.68.0-255,2184,68074,58,317586
38247,0.000811,172.31.46.0-255,66,68140,58,317586
38248,0.000846,74.125.68.0-255,2902,71042,58,317586
38249,0.000849,172.31.46.0-255,66,71108,58,317586
38250,0.000863,74.125.68.0-255,2902,74010,58,317586
38251,0.000865,172.31.46.0-255,66,74076,58,317586
38252,0.000879,74.125.68.0-255,1484,75560,58,317586
38253,0.000882,74.125.68.0-255,1484,77044,58,317586
38254,0.000883,172.31.46.0-255,66,77110,58,317586
38255,0.000916,74.125.68.0-255,7156,84266,58,317586
38256,0.000919,172.31.46.0-255,66,84332,58,317586
38257,0.000923,74.125.68.0-255,4320,88652,58,317586
38258,0.000925,172.31.46.0-255,66,88718,58,317586
38259,0.000953,74.125.68.0-255,2902,91620,58,317586
38260,0.000955,172.31.46.0-255,66,91686,58,317586
38261,0.000983,172.31.46.0-255,66,91752,58,317586
38262,0.000997,74.125.68.0-255,2902,94654,58,317586
38263,0.001,172.31.46.0-255,66,94720,58,317586
38264,0.001025,74.125.68.0-255,4320,99040,58,317586
38265,0.001028,172.31.46.0-255,66,99106,58,317586
38266,0.001045,74.125.68.0-255,1484,100590,58,317586
38267,0.001068,74.125.68.0-255,7156,107746,58,317586
38268,0.001071,172.31.46.0-255,66,107812,58,317586
38269,0.001077,74.125.68.0-255,5738,113550,58,317586
38270,0.001079,172.31.46.0-255,66,113616,58,317586
38271,0.001093,74.125.68.0-255,4320,117936,58,317586
38272,0.001095,172.31.46.0-255,66,118002,58,317586
38273,0.001099,74.125.68.0-255,2902,120904,58,317586
38274,0.001101,172.31.46.0-255,66,120970,58,317586
38275,0.001123,74.125.68.0-255,5020,125990,58,317586
38276,0.001125,172.31.46.0-255,66,126056,58,317586
38277,0.001243,74.125.68.0-255,1484,127540,58,317586
38278,0.00126,74.125.68.0-255,2902,130442,58,317586
38279,0.001264,172.31.46.0-255,66,130508,58,317586
38280,0.001269,74.125.68.0-255,2902,133410,58,317586
38281,0.00127,172.31.46.0-255,66,133476,58,317586
38282,0.001285,74.125.68.0-255,2902,136378,58,317586
38283,0.001287,172.31.46.0-255,66,136444,58,317586
38284,0.001314,172.31.46.0-255,66,136510,58,317586
38285,0.001332,74.125.68.0-255,2902,139412,58,317586
38286,0.001333,172.31.46.0-255,66,139478,58,317586
38287,0.001364,74.125.68.0-255,4320,143798,58,317586
38288,0.001366,172.31.46.0-255,66,143864,58,317586
38289,0.001388,74.125.68.0-255,6438,150302,58,317586
38290,0.00139,172.31.46.0-255,66,150368,58,317586
38291,0.001429,74.125.68.0-255,1484,151852,58,317586
38292,0.001442,74.125.68.0-255,2902,154754,58,317586
38293,0.001445,172.31.46.0-255,66,154820,58,317586
38294,0.00147,74.125.68.0-255,1484,156304,58,317586
38295,0.001486,74.125.68.0-255,2902,159206,58,317586
38296,0.001489,172.31.46.0-255,66,159272,58,317586
38297,0.001508,74.125.68.0-255,4320,163592,58,317586
38298,0.00151,172.31.46.0-255,66,163658,58,317586
38299,0.001513,74.125.68.0-255,1484,165142,58,317586
38300,0.001529,74.125.68.0-255,4320,169462,58,317586
38301,0.001531,172.31.46.0-255,66,169528,58,317586
38302,0.00155,74.125.68.0-255,4320,173848,58,317586
38303,0.001552,172.31.46.0-255,66,173914,58,317586
38304,0.001569,74.125.68.0-255,7156,181070,58,317586
38305,0.001572,172.31.46.0-255,66,181136,58,317586
38306,0.001576,74.125.68.0-255,3602,184738,58,317586
38307,0.001579,172.31.46.0-255,66,184804,58,317586
38308,0.001873,74.125.68.0-255,1484,186288,58,317586
38309,0.001879,74.125.68.0-255,1484,187772,58,317586
38310,0.001882,172.31.46.0-255,66,187838,58,317586
38311,0.001902,74.125.68.0-255,1484,189322,58,317586
38312,0.001909,74.125.68.0-255,5738,195060,58,317586
38313,0.001911,172.31.46.0-255,66,195126,58,317586
38314,0.00194,74.125.68.0-255,5738,200864,58,317586
38315,0.001943,172.31.46.0-255,66,200930,58,317586
38316,0.00195,74.125.68.0-255,7156,208086,58,317586
38317,0.001952,172.31.46.0-255,66,208152,58,317586
38318,0.001975,74.125.68.0-255,4320,212472,58,317586
38319,0.001977,172.31.46.0-255,66,212538,58,317586
38320,0.001998,74.125.68.0-255,6438,218976,58,317586
38321,0.002001,172.31.46.0-255,66,219042,58,317586
38322,0.002122,74.125.68.0-255,1484,220526,58,317586
38323,0.002134,74.125.68.0-255,2902,223428,58,317586
38324,0.002136,172.31.46.0-255,66,223494,58,317586
38325,0.002153,74.125.68.0-255,2902,226396,58,317586
38326,0.002156,172.31.46.0-255,66,226462,58,317586
38327,0.002167,74.125.68.0-255,2902,229364,58,317586
38328,0.002169,172.31.46.0-255,66,229430,58,317586
38329,0.002174,74.125.68.0-255,4320,233750,58,317586
38330,0.002177,172.31.46.0-255,66,233816,58,317586
38331,0.002179,74.125.68.0-255,1484,235300,58,317586
38332,0.002201,74.125.68.0-255,4320,239620,58,317586
38333,0.002203,172.31.46.0-255,66,239686,58,317586
38334,0.002216,74.125.68.0-255,2902,242588,58,317586
38335,0.002218,172.31.46.0-255,66,242654,58,317586
38336,0.002244,172.31.46.0-255,66,242720,58,317586
38337,0.002247,74.125.68.0-255,2184,244904,58,317586
38338,0.002249,172.31.46.0-255,66,244970,58,317586
38339,0.002253,74.125.68.0-255,2902,247872,58,317586
38340,0.002255,172.31.46.0-255,66,247938,58,317586
38341,0.004486,74.125.68.0-255,5738,253676,58,317586
38342,0.004493,172.31.46.0-255,66,253742,58,317586
38343,0.006737,74.125.68.0-255,5738,259480,58,317586
38344,0.006744,172.31.46.0-255,66,259546,58,317586
38345,0.008983,74.125.68.0-255,5738,265284,58,317586
38346,0.00899,172.31.46.0-255,66,265350,58,317586
38347,0.011239,74.125.68.0-255,5738,271088,58,317586
38348,0.011247,172.31.46.0-255,66,271154,58,317586
38349,0.013498,74.125.68.0-255,5738,276892,58,317586
38350,0.013506,172.31.46.0-255,66,276958,58,317586
38351,0.015767,74.125.68.0-255,5738,282696,58,317586
38352,0.015774,172.31.46.0-255,66,282762,58,317586
38353,0.018022,74.125.68.0-255,5738,288500,58,317586
38354,0.018031,172.31.46.0-255,66,288566,58,317586
38355,0.020275,74.125.68.0-255,5738,294304,58,317586
38356,0.020281,172.31.46.0-255,66,294370,58,317586
38357,0.022525,74.125.68.0-255,5738,300108,58,317586
38358,0.022531,172.31.46.0-255,66,300174,58,317586
38359,0.024773,74.125.68.0-255,5738,305912,58,317586
38360,0.024779,172.31.46.0-255,66,305978,58,317586
38361,0.027019,74.125.68.0-255,5738,311716,58,317586
38362,0.027026,172.31.46.0-255,66,311782,58,317586
38363,0.029266,74.125.68.0-255,5738,317520,58,317586
38364,0.029272,172.31.46.0-255,66,317586,58,317586
38365,0.0,74.125.24.0-255,146,146,58,232432
38366,2e-05,172.31.46.0-255,66,212,58,232432
38367,2.7e-05,74.125.24.0-255,1484,1696,58,232432
38368,3.3e-05,172.31.46.0-255,66,1762,58,232432
38369,3.8e-05,74.125.24.0-255,2902,4664,58,232432
38370,4.1e-05,172.31.46.0-255,66,4730,58,232432
38371,4.8e-05,74.125.24.0-255,7156,11886,58,232432
38372,5.2e-05,172.31.46.0-255,66,11952,58,232432
38373,6.3e-05,74.125.24.0-255,1985,13937,58,232432
38374,6.7e-05,172.31.46.0-255,66,14003,58,232432
38375,0.000376,74.125.24.0-255,1484,15487,58,232432
38376,0.000383,172.31.46.0-255,66,15553,58,232432
38377,0.000389,74.125.24.0-255,2902,18455,58,232432
38378,0.000392,172.31.46.0-255,66,18521,58,232432
38379,0.000404,74.125.24.0-255,5738,24259,58,232432
38380,0.000407,172.31.46.0-255,66,24325,58,232432
38381,0.000445,74.125.24.0-255,6797,31122,58,232432
38382,0.000449,172.31.46.0-255,66,31188,58,232432
38383,0.000703,74.125.24.0-255,1484,32672,58,232432
38384,0.000708,172.31.46.0-255,66,32738,58,232432
38385,0.000714,74.125.24.0-255,2902,35640,58,232432
38386,0.000716,172.31.46.0-255,66,35706,58,232432
38387,0.000721,74.125.24.0-255,2902,38608,58,232432
38388,0.000723,172.31.46.0-255,66,38674,58,232432
38389,0.00075,74.125.24.0-255,2902,41576,58,232432
38390,0.000757,172.31.46.0-255,66,41642,58,232432
38391,0.000763,74.125.24.0-255,5738,47380,58,232432
38392,0.000766,172.31.46.0-255,66,47446,58,232432
38393,0.000804,74.125.24.0-255,7156,54602,58,232432
38394,0.000806,172.31.46.0-255,66,54668,58,232432
38395,0.000839,74.125.24.0-255,5379,60047,58,232432
38396,0.000842,172.31.46.0-255,66,60113,58,232432
38397,0.000849,74.125.24.0-255,5379,65492,58,232432
38398,0.000851,172.31.46.0-255,66,65558,58,232432
38399,0.001045,74.125.24.0-255,646,66204,58,232432
38400,0.001049,172.31.46.0-255,66,66270,58,232432
38401,0.001197,74.125.24.0-255,1484,67754,58,232432
38402,0.001202,172.31.46.0-255,66,67820,58,232432
38403,0.001209,74.125.24.0-255,2902,70722,58,232432
38404,0.001211,172.31.46.0-255,66,70788,58,232432
38405,0.001223,74.125.24.0-255,5738,76526,58,232432
38406,0.001226,172.31.46.0-255,66,76592,58,232432
38407,0.001268,172.31.46.0-255,66,76658,58,232432
38408,0.001275,74.125.24.0-255,7156,83814,58,232432
38409,0.001277,172.31.46.0-255,66,83880,58,232432
38410,0.001321,74.125.24.0-255,3602,87482,58,232432
38411,0.001324,172.31.46.0-255,66,87548,58,232432
38412,0.001492,74.125.24.0-255,1484,89032,58,232432
38413,0.001497,172.31.46.0-255,66,89098,58,232432
38414,0.001505,74.125.24.0-255,2902,92000,58,232432
38415,0.001508,172.31.46.0-255,66,92066,58,232432
38416,0.001519,74.125.24.0-255,5738,97804,58,232432
38417,0.001522,172.31.46.0-255,66,97870,58,232432
38418,0.001525,74.125.24.0-255,1484,99354,58,232432
38419,0.001527,172.31.46.0-255,66,99420,58,232432
38420,0.00161,74.125.24.0-255,4320,103740,58,232432
38421,0.001627,74.125.24.0-255,7156,110896,58,232432
38422,0.001691,74.125.24.0-255,1484,112380,58,232432
38423,0.001706,74.125.24.0-255,6438,118818,58,232432
38424,0.001713,74.125.24.0-255,7156,125974,58,232432
38425,0.001736,74.125.24.0-255,1484,127458,58,232432
38426,0.001752,74.125.24.0-255,2902,130360,58,232432
38427,0.002041,74.125.24.0-255,1484,131844,58,232432
38428,0.002061,74.125.24.0-255,2902,134746,58,232432
38429,0.002084,74.125.24.0-255,5738,140484,58,232432
38430,0.0021,74.125.24.0-255,2902,143386,58,232432
38431,0.002157,74.125.24.0-255,2902,146288,58,232432
38432,0.002184,74.125.24.0-255,1484,147772,58,232432
38433,0.002199,74.125.24.0-255,5738,153510,58,232432
38434,0.002219,74.125.24.0-255,4320,157830,58,232432
38435,0.002234,74.125.24.0-255,4320,162150,58,232432
38436,0.00225,74.125.24.0-255,4320,166470,58,232432
38437,0.002262,74.125.24.0-255,4320,170790,58,232432
38438,0.002275,74.125.24.0-255,5738,176528,58,232432
38439,0.002287,74.125.24.0-255,3602,180130,58,232432
38440,0.006153,172.31.46.0-255,66,180196,58,232432
38441,0.008473,74.125.24.0-255,5738,185934,58,232432
38442,0.00848,172.31.46.0-255,66,186000,58,232432
38443,0.010769,74.125.24.0-255,5738,191738,58,232432
38444,0.010779,172.31.46.0-255,66,191804,58,232432
38445,0.01306,74.125.24.0-255,5738,197542,58,232432
38446,0.013069,172.31.46.0-255,66,197608,58,232432
38447,0.015378,74.125.24.0-255,5738,203346,58,232432
38448,0.017536,172.31.46.0-255,66,203412,58,232432
38449,0.019838,74.125.24.0-255,5738,209150,58,232432
38450,0.01985,172.31.46.0-255,66,209216,58,232432
38451,0.022133,74.125.24.0-255,5738,214954,58,232432
38452,0.022143,172.31.46.0-255,66,215020,58,232432
38453,0.024419,74.125.24.0-255,5738,220758,58,232432
38454,0.024426,172.31.46.0-255,66,220824,58,232432
38455,0.026717,74.125.24.0-255,5738,226562,58,232432
38456,0.026726,172.31.46.0-255,66,226628,58,232432
38457,0.029005,74.125.24.0-255,5738,232366,58,232432
38458,0.029015,172.31.46.0-255,66,232432,58,232432
