,TIME,SRC,PACKET_SIZE,CUMULATIVE_PACKET_SIZE,PAGE_NUMBER,TOTAL_PACKET_SIZE
0,0.0,172.217.194.0-255,153,153,96,240842
1,2.5e-05,172.31.47.0-255,66,219,96,240842
2,3.2e-05,172.217.194.0-255,1484,1703,96,240842
3,3.6e-05,172.31.47.0-255,66,1769,96,240842
4,4.1e-05,172.217.194.0-255,2902,4671,96,240842
5,4.3e-05,172.31.47.0-255,66,4737,96,240842
6,5e-05,172.217.194.0-255,7156,11893,96,240842
7,5.2e-05,172.31.47.0-255,66,11959,96,240842
8,5.5e-05,172.217.194.0-255,1484,13443,96,240842
9,5.7e-05,172.31.47.0-255,66,13509,96,240842
10,6e-05,172.217.194.0-255,530,14039,96,240842
11,6.2e-05,172.31.47.0-255,66,14105,96,240842
12,0.000163,172.217.194.0-255,1484,15589,96,240842
13,0.000167,172.31.47.0-255,66,15655,96,240842
14,0.000173,172.217.194.0-255,2902,18557,96,240842
15,0.000175,172.31.47.0-255,66,18623,96,240842
16,0.000182,172.217.194.0-255,5738,24361,96,240842
17,0.000184,172.31.47.0-255,66,24427,96,240842
18,0.000213,172.217.194.0-255,5738,30165,96,240842
19,0.000216,172.31.47.0-255,66,30231,96,240842
20,0.000227,172.217.194.0-255,1125,31356,96,240842
21,0.00023,172.31.47.0-255,66,31422,96,240842
22,0.000305,172.217.194.0-255,1484,32906,96,240842
23,0.000308,172.31.47.0-255,66,32972,96,240842
24,0.000313,172.217.194.0-255,2902,35874,96,240842
25,0.000315,172.31.47.0-255,66,35940,96,240842
26,0.000321,172.217.194.0-255,4320,40260,96,240842
27,0.000323,172.31.47.0-255,66,40326,96,240842
28,0.000339,172.217.194.0-255,1484,41810,96,240842
29,0.000342,172.31.47.0-255,66,41876,96,240842
30,0.000346,172.217.194.0-255,2902,44778,96,240842
31,0.000349,172.31.47.0-255,66,44844,96,240842
32,0.000377,172.217.194.0-255,3961,48805,96,240842
33,0.000381,172.31.47.0-255,66,48871,96,240842
34,0.000388,172.217.194.0-255,7156,56027,96,240842
35,0.00039,172.31.47.0-255,66,56093,96,240842
36,0.000393,172.217.194.0-255,1484,57577,96,240842
37,0.000417,172.31.47.0-255,66,57643,96,240842
38,0.000443,172.217.194.0-255,646,58289,96,240842
39,0.000715,172.31.47.0-255,66,58355,96,240842
40,0.001289,172.217.194.0-255,1484,59839,96,240842
41,0.001299,172.217.194.0-255,2902,62741,96,240842
42,0.001303,172.31.47.0-255,66,62807,96,240842
43,0.00131,172.217.194.0-255,4320,67127,96,240842
44,0.001312,172.31.47.0-255,66,67193,96,240842
45,0.001333,172.217.194.0-255,1484,68677,96,240842
46,0.00134,172.217.194.0-255,7156,75833,96,240842
47,0.001342,172.31.47.0-255,66,75899,96,240842
48,0.001367,172.217.194.0-255,5738,81637,96,240842
49,0.001369,172.31.47.0-255,66,81703,96,240842
50,0.001378,172.31.47.0-255,66,81769,96,240842
51,0.001399,172.217.194.0-255,1484,83253,96,240842
52,0.001411,172.217.194.0-255,766,84019,96,240842
53,0.001413,172.31.47.0-255,66,84085,96,240842
54,0.001567,172.217.194.0-255,1484,85569,96,240842
55,0.001571,172.217.194.0-255,2902,88471,96,240842
56,0.001573,172.31.47.0-255,66,88537,96,240842
57,0.001595,172.217.194.0-255,4320,92857,96,240842
58,0.001597,172.31.47.0-255,66,92923,96,240842
59,0.001608,172.217.194.0-255,1484,94407,96,240842
60,0.001625,172.217.194.0-255,5738,100145,96,240842
61,0.001627,172.31.47.0-255,66,100211,96,240842
62,0.001645,172.217.194.0-255,4320,104531,96,240842
63,0.001646,172.31.47.0-255,66,104597,96,240842
64,0.001674,172.31.47.0-255,66,104663,96,240842
65,0.001679,172.217.194.0-255,5020,109683,96,240842
66,0.00168,172.31.47.0-255,66,109749,96,240842
67,0.00169,172.217.194.0-255,2902,112651,96,240842
68,0.001692,172.31.47.0-255,66,112717,96,240842
69,0.001705,172.217.194.0-255,2902,115619,96,240842
70,0.001706,172.31.47.0-255,66,115685,96,240842
71,0.001709,172.217.194.0-255,1484,117169,96,240842
72,0.001723,172.217.194.0-255,7156,124325,96,240842
73,0.001725,172.31.47.0-255,66,124391,96,240842
74,0.001739,172.217.194.0-255,4320,128711,96,240842
75,0.001741,172.31.47.0-255,66,128777,96,240842
76,0.001746,172.217.194.0-255,5738,134515,96,240842
77,0.001748,172.31.47.0-255,66,134581,96,240842
78,0.001785,172.31.47.0-255,66,134647,96,240842
79,0.001832,172.217.194.0-255,1484,136131,96,240842
80,0.001847,172.217.194.0-255,2902,139033,96,240842
81,0.001849,172.31.47.0-255,66,139099,96,240842
82,0.001868,172.217.194.0-255,5738,144837,96,240842
83,0.00187,172.31.47.0-255,66,144903,96,240842
84,0.001873,172.217.194.0-255,2902,147805,96,240842
85,0.001875,172.31.47.0-255,66,147871,96,240842
86,0.001889,172.217.194.0-255,1484,149355,96,240842
87,0.001899,172.217.194.0-255,4320,153675,96,240842
88,0.001901,172.31.47.0-255,66,153741,96,240842
89,0.001922,172.217.194.0-255,7156,160897,96,240842
90,0.001924,172.31.47.0-255,66,160963,96,240842
91,0.001932,172.31.47.0-255,66,161029,96,240842
92,0.00395,172.217.194.0-255,5738,166767,96,240842
93,0.003956,172.31.47.0-255,66,166833,96,240842
94,0.005952,172.217.194.0-255,5738,172571,96,240842
95,0.005959,172.31.47.0-255,66,172637,96,240842
96,0.007977,172.217.194.0-255,5738,178375,96,240842
97,0.007984,172.31.47.0-255,66,178441,96,240842
98,0.010003,172.217.194.0-255,5738,184179,96,240842
99,0.010011,172.31.47.0-255,66,184245,96,240842
100,0.01204,172.217.194.0-255,5738,189983,96,240842
101,0.01205,172.31.47.0-255,66,190049,96,240842
102,0.014075,172.217.194.0-255,5738,195787,96,240842
103,0.014083,172.31.47.0-255,66,195853,96,240842
104,0.016082,172.217.194.0-255,5738,201591,96,240842
105,0.016089,172.31.47.0-255,66,201657,96,240842
106,0.018087,172.217.194.0-255,5738,207395,96,240842
107,0.018096,172.31.47.0-255,66,207461,96,240842
108,0.020128,172.217.194.0-255,5738,213199,96,240842
109,0.020136,172.31.47.0-255,66,213265,96,240842
110,0.022164,172.217.194.0-255,5738,219003,96,240842
111,0.022172,172.31.47.0-255,66,219069,96,240842
112,0.024197,172.217.194.0-255,5738,224807,96,240842
113,0.024204,172.31.47.0-255,66,224873,96,240842
114,0.025343,172.31.47.0-255,172,225045,96,240842
115,0.025384,172.31.47.0-255,1109,226154,96,240842
116,0.02546,172.31.47.0-255,1514,227668,96,240842
117,0.025462,172.31.47.0-255,1302,228970,96,240842
118,0.026196,172.217.194.0-255,5738,234708,96,240842
119,0.026203,172.31.47.0-255,66,234774,96,240842
120,0.026919,104.244.42.0-255,66,234840,96,240842
121,0.026962,104.244.42.0-255,66,234906,96,240842
122,0.027014,104.244.42.0-255,66,234972,96,240842
123,0.028185,172.217.194.0-255,1484,236456,96,240842
124,0.028213,172.217.194.0-255,4320,240776,96,240842
125,0.028218,172.31.47.0-255,66,240842,96,240842
126,0.0,172.217.194.0-255,152,152,96,126131
127,2.6e-05,172.31.47.0-255,66,218,96,126131
128,3.2e-05,172.217.194.0-255,1484,1702,96,126131
129,3.6e-05,172.31.47.0-255,66,1768,96,126131
130,5e-05,172.217.194.0-255,2902,4670,96,126131
131,5.2e-05,172.31.47.0-255,66,4736,96,126131
132,9.4e-05,172.217.194.0-255,5738,10474,96,126131
133,9.6e-05,172.31.47.0-255,66,10540,96,126131
134,0.000105,172.31.47.0-255,66,10606,96,126131
135,0.00011,172.217.194.0-255,2902,13508,96,126131
136,0.000112,172.31.47.0-255,66,13574,96,126131
137,0.00013,172.217.194.0-255,5738,19312,96,126131
138,0.000133,172.31.47.0-255,66,19378,96,126131
139,0.000147,172.217.194.0-255,3961,23339,96,126131
140,0.00015,172.31.47.0-255,66,23405,96,126131
141,0.000993,172.217.194.0-255,1484,24889,96,126131
142,0.000999,172.31.47.0-255,66,24955,96,126131
143,0.001006,172.217.194.0-255,1484,26439,96,126131
144,0.001007,172.31.47.0-255,66,26505,96,126131
145,0.00102,172.217.194.0-255,1484,27989,96,126131
146,0.001022,172.31.47.0-255,66,28055,96,126131
147,0.001025,172.217.194.0-255,1484,29539,96,126131
148,0.001026,172.31.47.0-255,66,29605,96,126131
149,0.001032,172.217.194.0-255,5738,35343,96,126131
150,0.001034,172.31.47.0-255,66,35409,96,126131
151,0.001056,172.217.194.0-255,1484,36893,96,126131
152,0.001058,172.31.47.0-255,66,36959,96,126131
153,0.001078,172.31.47.0-255,66,37025,96,126131
154,0.001113,172.217.194.0-255,1484,38509,96,126131
155,0.001115,172.31.47.0-255,66,38575,96,126131
156,0.001141,172.31.47.0-255,66,38641,96,126131
157,0.001649,172.217.194.0-255,645,39286,96,126131
158,0.001669,172.31.47.0-255,66,39352,96,126131
159,0.001688,172.217.194.0-255,1484,40836,96,126131
160,0.001702,172.217.194.0-255,1484,42320,96,126131
161,0.001705,172.31.47.0-255,66,42386,96,126131
162,0.001718,172.217.194.0-255,2902,45288,96,126131
163,0.00172,172.31.47.0-255,66,45354,96,126131
164,0.00173,172.31.47.0-255,66,45420,96,126131
165,0.001762,172.217.194.0-255,5738,51158,96,126131
166,0.001765,172.31.47.0-255,66,51224,96,126131
167,0.001794,172.217.194.0-255,2184,53408,96,126131
168,0.001797,172.31.47.0-255,66,53474,96,126131
169,0.001799,172.31.47.0-255,66,53540,96,126131
170,0.004067,172.217.194.0-255,4320,57860,96,126131
171,0.004071,172.31.47.0-255,66,57926,96,126131
172,0.004087,172.217.194.0-255,1484,59410,96,126131
173,0.006365,172.217.194.0-255,4320,63730,96,126131
174,0.006372,172.31.47.0-255,66,63796,96,126131
175,0.008643,172.217.194.0-255,5738,69534,96,126131
176,0.008652,172.31.47.0-255,66,69600,96,126131
177,0.010925,172.217.194.0-255,5738,75338,96,126131
178,0.010933,172.31.47.0-255,66,75404,96,126131
179,0.013241,172.217.194.0-255,5738,81142,96,126131
180,0.013249,172.31.47.0-255,66,81208,96,126131
181,0.015582,172.217.194.0-255,5738,86946,96,126131
182,0.015593,172.31.47.0-255,66,87012,96,126131
183,0.017912,172.217.194.0-255,5738,92750,96,126131
184,0.017919,172.31.47.0-255,66,92816,96,126131
185,0.020232,172.217.194.0-255,5738,98554,96,126131
186,0.020239,172.31.47.0-255,66,98620,96,126131
187,0.022541,172.217.194.0-255,5738,104358,96,126131
188,0.022547,172.31.47.0-255,66,104424,96,126131
189,0.023456,172.31.47.0-255,172,104596,96,126131
190,0.02349,172.31.47.0-255,1110,105706,96,126131
191,0.023546,172.31.47.0-255,1514,107220,96,126131
192,0.023548,172.31.47.0-255,1301,108521,96,126131
193,0.024812,172.217.194.0-255,5738,114259,96,126131
194,0.024817,172.31.47.0-255,66,114325,96,126131
195,0.025001,104.244.42.0-255,66,114391,96,126131
196,0.025026,104.244.42.0-255,66,114457,96,126131
197,0.025081,104.244.42.0-255,66,114523,96,126131
198,0.02715,172.217.194.0-255,5738,120261,96,126131
199,0.027156,172.31.47.0-255,66,120327,96,126131
200,0.029479,172.217.194.0-255,5738,126065,96,126131
201,0.029483,172.31.47.0-255,66,126131,96,126131
202,0.0,172.217.194.0-255,153,153,96,221307
203,3e-05,172.31.47.0-255,66,219,96,221307
204,3.6e-05,172.217.194.0-255,1484,1703,96,221307
205,4e-05,172.31.47.0-255,66,1769,96,221307
206,4.4e-05,172.217.194.0-255,2902,4671,96,221307
207,4.6e-05,172.31.47.0-255,66,4737,96,221307
208,5.9e-05,172.217.194.0-255,7156,11893,96,221307
209,6.1e-05,172.31.47.0-255,66,11959,96,221307
210,6.6e-05,172.217.194.0-255,2127,14086,96,221307
211,6.8e-05,172.31.47.0-255,66,14152,96,221307
212,9.1e-05,172.217.194.0-255,7156,21308,96,221307
213,9.3e-05,172.31.47.0-255,66,21374,96,221307
214,0.000124,172.217.194.0-255,4320,25694,96,221307
215,0.000127,172.31.47.0-255,66,25760,96,221307
216,0.000133,172.217.194.0-255,5379,31139,96,221307
217,0.000135,172.31.47.0-255,66,31205,96,221307
218,0.00025,172.217.194.0-255,1484,32689,96,221307
219,0.000255,172.31.47.0-255,66,32755,96,221307
220,0.000266,172.217.194.0-255,2902,35657,96,221307
221,0.000272,172.31.47.0-255,66,35723,96,221307
222,0.000292,172.217.194.0-255,5738,41461,96,221307
223,0.000295,172.31.47.0-255,66,41527,96,221307
224,0.00033,172.31.47.0-255,66,41593,96,221307
225,0.000333,172.217.194.0-255,2902,44495,96,221307
226,0.000336,172.31.47.0-255,66,44561,96,221307
227,0.000357,172.217.194.0-255,5738,50299,96,221307
228,0.000364,172.31.47.0-255,66,50365,96,221307
229,0.000371,172.217.194.0-255,7089,57454,96,221307
230,0.000373,172.31.47.0-255,66,57520,96,221307
231,0.000453,172.217.194.0-255,364,57884,96,221307
232,0.000457,172.31.47.0-255,66,57950,96,221307
233,0.000696,172.217.194.0-255,1484,59434,96,221307
234,0.000722,172.217.194.0-255,2902,62336,96,221307
235,0.000725,172.31.47.0-255,66,62402,96,221307
236,0.000731,172.217.194.0-255,5738,68140,96,221307
237,0.000733,172.31.47.0-255,66,68206,96,221307
238,0.000737,172.217.194.0-255,2902,71108,96,221307
239,0.000743,172.31.47.0-255,66,71174,96,221307
240,0.000777,172.31.47.0-255,66,71240,96,221307
241,0.000788,172.31.47.0-255,66,71306,96,221307
242,0.000891,172.217.194.0-255,1484,72790,96,221307
243,0.000895,172.217.194.0-255,1484,74274,96,221307
244,0.000899,172.31.47.0-255,66,74340,96,221307
245,0.00091,172.217.194.0-255,1484,75824,96,221307
246,0.00092,172.217.194.0-255,5738,81562,96,221307
247,0.000922,172.31.47.0-255,66,81628,96,221307
248,0.000928,172.217.194.0-255,5738,87366,96,221307
249,0.00093,172.31.47.0-255,66,87432,96,221307
250,0.000949,172.217.194.0-255,7156,94588,96,221307
251,0.000951,172.31.47.0-255,66,94654,96,221307
252,0.000963,172.217.194.0-255,5738,100392,96,221307
253,0.000965,172.31.47.0-255,66,100458,96,221307
254,0.00097,172.217.194.0-255,4320,104778,96,221307
255,0.000972,172.31.47.0-255,66,104844,96,221307
256,0.000998,172.217.194.0-255,766,105610,96,221307
257,0.001175,172.31.47.0-255,66,105676,96,221307
258,0.00132,172.217.194.0-255,1484,107160,96,221307
259,0.001328,172.217.194.0-255,2902,110062,96,221307
260,0.001331,172.31.47.0-255,66,110128,96,221307
261,0.001334,172.217.194.0-255,1484,111612,96,221307
262,0.001361,172.217.194.0-255,4320,115932,96,221307
263,0.001363,172.31.47.0-255,66,115998,96,221307
264,0.001406,172.217.194.0-255,7156,123154,96,221307
265,0.001409,172.31.47.0-255,66,123220,96,221307
266,0.001433,172.217.194.0-255,5738,128958,96,221307
267,0.001435,172.31.47.0-255,66,129024,96,221307
268,0.001442,172.217.194.0-255,7156,136180,96,221307
269,0.001444,172.31.47.0-255,66,136246,96,221307
270,0.001453,172.217.194.0-255,3602,139848,96,221307
271,0.001454,172.31.47.0-255,66,139914,96,221307
272,0.001458,172.217.194.0-255,4320,144234,96,221307
273,0.00146,172.31.47.0-255,66,144300,96,221307
274,0.001488,172.31.47.0-255,66,144366,96,221307
275,0.001493,172.217.194.0-255,5738,150104,96,221307
276,0.001495,172.31.47.0-255,66,150170,96,221307
277,0.001557,172.31.47.0-255,66,150236,96,221307
278,0.001572,172.31.47.0-255,66,150302,96,221307
279,0.001608,172.31.47.0-255,66,150368,96,221307
280,0.001634,172.217.194.0-255,6438,156806,96,221307
281,0.001637,172.31.47.0-255,66,156872,96,221307
282,0.001658,172.217.194.0-255,1484,158356,96,221307
283,0.001669,172.217.194.0-255,2902,161258,96,221307
284,0.00167,172.31.47.0-255,66,161324,96,221307
285,0.0017,172.217.194.0-255,5738,167062,96,221307
286,0.001703,172.31.47.0-255,66,167128,96,221307
287,0.001707,172.217.194.0-255,4320,171448,96,221307
288,0.001709,172.31.47.0-255,66,171514,96,221307
289,0.001725,172.217.194.0-255,7156,178670,96,221307
290,0.001727,172.31.47.0-255,66,178736,96,221307
291,0.001746,172.217.194.0-255,4320,183056,96,221307
292,0.001748,172.31.47.0-255,66,183122,96,221307
293,0.001756,172.31.47.0-255,66,183188,96,221307
294,0.00183,172.217.194.0-255,1484,184672,96,221307
295,0.001847,172.217.194.0-255,2902,187574,96,221307
296,0.001848,172.31.47.0-255,66,187640,96,221307
297,0.001854,172.217.194.0-255,5738,193378,96,221307
298,0.001856,172.31.47.0-255,66,193444,96,221307
299,0.001887,172.31.47.0-255,66,193510,96,221307
300,0.00194,172.31.47.0-255,66,193576,96,221307
301,0.001952,172.217.194.0-255,4320,197896,96,221307
302,0.001953,172.31.47.0-255,66,197962,96,221307
303,0.001971,172.217.194.0-255,2902,200864,96,221307
304,0.001976,172.31.47.0-255,66,200930,96,221307
305,0.001985,172.31.47.0-255,66,200996,96,221307
306,0.001987,172.217.194.0-255,1484,202480,96,221307
307,0.002012,172.31.47.0-255,66,202546,96,221307
308,0.002015,172.217.194.0-255,2184,204730,96,221307
309,0.002018,172.31.47.0-255,66,204796,96,221307
310,0.002047,172.217.194.0-255,4320,209116,96,221307
311,0.002049,172.31.47.0-255,66,209182,96,221307
312,0.002093,172.31.47.0-255,66,209248,96,221307
313,0.002102,172.31.47.0-255,66,209314,96,221307
314,0.002124,172.217.194.0-255,7156,216470,96,221307
315,0.002127,172.31.47.0-255,66,216536,96,221307
316,0.002154,172.31.47.0-255,66,216602,96,221307
317,0.002189,172.31.47.0-255,66,216668,96,221307
318,0.002212,172.217.194.0-255,105,216773,96,221307
319,0.008409,172.31.47.0-255,66,216839,96,221307
320,0.008435,172.31.47.0-255,105,216944,96,221307
321,0.010916,172.217.194.0-255,66,217010,96,221307
322,0.026537,172.31.47.0-255,172,217182,96,221307
323,0.026566,172.31.47.0-255,1109,218291,96,221307
324,0.0266,172.31.47.0-255,1514,219805,96,221307
325,0.026602,172.31.47.0-255,1304,221109,96,221307
326,0.028057,104.244.42.0-255,66,221175,96,221307
327,0.028103,104.244.42.0-255,66,221241,96,221307
328,0.028148,104.244.42.0-255,66,221307,96,221307
329,0.0,172.217.194.0-255,153,153,96,251295
330,1.4e-05,172.31.47.0-255,66,219,96,251295
331,2.1e-05,172.217.194.0-255,1484,1703,96,251295
332,2.5e-05,172.31.47.0-255,66,1769,96,251295
333,3e-05,172.217.194.0-255,2902,4671,96,251295
334,3.3e-05,172.31.47.0-255,66,4737,96,251295
335,4.7e-05,172.217.194.0-255,7156,11893,96,251295
336,5e-05,172.31.47.0-255,66,11959,96,251295
337,7.8e-05,172.217.194.0-255,1981,13940,96,251295
338,8e-05,172.31.47.0-255,66,14006,96,251295
339,0.000104,172.217.194.0-255,2902,16908,96,251295
340,0.000107,172.31.47.0-255,66,16974,96,251295
341,0.000113,172.217.194.0-255,7156,24130,96,251295
342,0.000115,172.31.47.0-255,66,24196,96,251295
343,0.000167,172.217.194.0-255,6797,30993,96,251295
344,0.000169,172.31.47.0-255,66,31059,96,251295
345,0.000214,172.217.194.0-255,4320,35379,96,251295
346,0.000216,172.31.47.0-255,66,35445,96,251295
347,0.000226,172.217.194.0-255,1484,36929,96,251295
348,0.000228,172.31.47.0-255,66,36995,96,251295
349,0.000239,172.217.194.0-255,7156,44151,96,251295
350,0.000242,172.31.47.0-255,66,44217,96,251295
351,0.000272,172.217.194.0-255,5738,49955,96,251295
352,0.000274,172.31.47.0-255,66,50021,96,251295
353,0.000305,172.31.47.0-255,66,50087,96,251295
354,0.000315,172.217.194.0-255,1484,51571,96,251295
355,0.000317,172.31.47.0-255,66,51637,96,251295
356,0.000334,172.217.194.0-255,3961,55598,96,251295
357,0.000337,172.31.47.0-255,66,55664,96,251295
358,0.000339,172.217.194.0-255,367,56031,96,251295
359,0.000341,172.31.47.0-255,66,56097,96,251295
360,0.000385,172.217.194.0-255,376,56473,96,251295
361,0.000631,172.217.194.0-255,1484,57957,96,251295
362,0.000635,172.217.194.0-255,2902,60859,96,251295
363,0.00064,172.31.47.0-255,66,60925,96,251295
364,0.000648,172.31.47.0-255,66,60991,96,251295
365,0.000654,172.217.194.0-255,5738,66729,96,251295
366,0.000656,172.31.47.0-255,66,66795,96,251295
367,0.000703,172.31.47.0-255,66,66861,96,251295
368,0.000736,172.31.47.0-255,66,66927,96,251295
369,0.000855,172.217.194.0-255,1484,68411,96,251295
370,0.000869,172.217.194.0-255,2902,71313,96,251295
371,0.000872,172.31.47.0-255,66,71379,96,251295
372,0.000876,172.217.194.0-255,2902,74281,96,251295
373,0.000877,172.31.47.0-255,66,74347,96,251295
374,0.000901,172.217.194.0-255,2902,77249,96,251295
375,0.000903,172.31.47.0-255,66,77315,96,251295
376,0.000918,172.31.47.0-255,66,77381,96,251295
377,0.000923,172.217.194.0-255,4320,81701,96,251295
378,0.000925,172.31.47.0-255,66,81767,96,251295
379,0.000948,172.217.194.0-255,6438,88205,96,251295
380,0.000951,172.31.47.0-255,66,88271,96,251295
381,0.001677,172.217.194.0-255,1484,89755,96,251295
382,0.001685,172.217.194.0-255,2902,92657,96,251295
383,0.001689,172.31.47.0-255,66,92723,96,251295
384,0.001718,172.217.194.0-255,5738,98461,96,251295
385,0.001721,172.31.47.0-255,66,98527,96,251295
386,0.001731,172.31.47.0-255,66,98593,96,251295
387,0.001758,172.217.194.0-255,2902,101495,96,251295
388,0.001765,172.31.47.0-255,66,101561,96,251295
389,0.001778,172.31.47.0-255,66,101627,96,251295
390,0.001807,172.217.194.0-255,1484,103111,96,251295
391,0.001812,172.217.194.0-255,2902,106013,96,251295
392,0.001815,172.31.47.0-255,66,106079,96,251295
393,0.00184,172.217.194.0-255,5738,111817,96,251295
394,0.001842,172.31.47.0-255,66,111883,96,251295
395,0.001849,172.217.194.0-255,5738,117621,96,251295
396,0.001851,172.31.47.0-255,66,117687,96,251295
397,0.001858,172.217.194.0-255,5738,123425,96,251295
398,0.00186,172.31.47.0-255,66,123491,96,251295
399,0.001897,172.217.194.0-255,7156,130647,96,251295
400,0.0019,172.31.47.0-255,66,130713,96,251295
401,0.001906,172.217.194.0-255,5020,135733,96,251295
402,0.001909,172.31.47.0-255,66,135799,96,251295
403,0.001971,172.217.194.0-255,1484,137283,96,251295
404,0.001976,172.217.194.0-255,2902,140185,96,251295
405,0.001979,172.31.47.0-255,66,140251,96,251295
406,0.002007,172.217.194.0-255,5738,145989,96,251295
407,0.002009,172.31.47.0-255,66,146055,96,251295
408,0.002017,172.217.194.0-255,7156,153211,96,251295
409,0.00202,172.31.47.0-255,66,153277,96,251295
410,0.002046,172.217.194.0-255,5738,159015,96,251295
411,0.002048,172.31.47.0-255,66,159081,96,251295
412,0.00206,172.31.47.0-255,66,159147,96,251295
413,0.002162,172.217.194.0-255,1484,160631,96,251295
414,0.002168,172.217.194.0-255,2902,163533,96,251295
415,0.002171,172.31.47.0-255,66,163599,96,251295
416,0.002202,172.217.194.0-255,5738,169337,96,251295
417,0.002205,172.31.47.0-255,66,169403,96,251295
418,0.002211,172.217.194.0-255,5738,175141,96,251295
419,0.002214,172.31.47.0-255,66,175207,96,251295
420,0.002263,172.31.47.0-255,66,175273,96,251295
421,0.002303,172.217.194.0-255,4320,179593,96,251295
422,0.002306,172.31.47.0-255,66,179659,96,251295
423,0.002334,172.31.47.0-255,66,179725,96,251295
424,0.002349,172.31.47.0-255,66,179791,96,251295
425,0.002365,172.31.47.0-255,66,179857,96,251295
426,0.002369,172.217.194.0-255,2902,182759,96,251295
427,0.002372,172.31.47.0-255,66,182825,96,251295
428,0.004645,172.217.194.0-255,5738,188563,96,251295
429,0.004653,172.31.47.0-255,66,188629,96,251295
430,0.00695,172.217.194.0-255,2902,191531,96,251295
431,0.006954,172.31.47.0-255,66,191597,96,251295
432,0.006975,172.217.194.0-255,2902,194499,96,251295
433,0.006978,172.31.47.0-255,66,194565,96,251295
434,0.009238,172.217.194.0-255,2902,197467,96,251295
435,0.009243,172.31.47.0-255,66,197533,96,251295
436,0.009273,172.217.194.0-255,2902,200435,96,251295
437,0.009276,172.31.47.0-255,66,200501,96,251295
438,0.01152,172.217.194.0-255,2902,203403,96,251295
439,0.011527,172.31.47.0-255,66,203469,96,251295
440,0.011566,172.217.194.0-255,2902,206371,96,251295
441,0.011568,172.31.47.0-255,66,206437,96,251295
442,0.013818,172.217.194.0-255,2902,209339,96,251295
443,0.013826,172.31.47.0-255,66,209405,96,251295
444,0.013857,172.217.194.0-255,2902,212307,96,251295
445,0.01386,172.31.47.0-255,66,212373,96,251295
446,0.016133,172.217.194.0-255,5738,218111,96,251295
447,0.016143,172.31.47.0-255,66,218177,96,251295
448,0.01849,172.217.194.0-255,5738,223915,96,251295
449,0.0185,172.31.47.0-255,66,223981,96,251295
450,0.020801,172.217.194.0-255,5738,229719,96,251295
451,0.020807,172.31.47.0-255,66,229785,96,251295
452,0.023106,172.217.194.0-255,5738,235523,96,251295
453,0.023112,172.31.47.0-255,66,235589,96,251295
454,0.025436,172.217.194.0-255,5738,241327,96,251295
455,0.025442,172.31.47.0-255,66,241393,96,251295
456,0.027742,172.217.194.0-255,5738,247131,96,251295
457,0.027749,172.31.47.0-255,66,247197,96,251295
458,0.028724,172.31.47.0-255,172,247369,96,251295
459,0.028755,172.31.47.0-255,1109,248478,96,251295
460,0.028812,172.31.47.0-255,1514,249992,96,251295
461,0.028814,172.31.47.0-255,1303,251295,96,251295
462,0.0,74.125.200.0-255,153,153,96,265186
463,2e-05,172.31.47.0-255,66,219,96,265186
464,2.8e-05,74.125.200.0-255,1484,1703,96,265186
465,3.3e-05,172.31.47.0-255,66,1769,96,265186
466,3.8e-05,74.125.200.0-255,2902,4671,96,265186
467,4.2e-05,172.31.47.0-255,66,4737,96,265186
468,4.6e-05,74.125.200.0-255,2902,7639,96,265186
469,4.9e-05,172.31.47.0-255,66,7705,96,265186
470,7.4e-05,74.125.200.0-255,2902,10607,96,265186
471,7.8e-05,172.31.47.0-255,66,10673,96,265186
472,0.000108,74.125.200.0-255,2902,13575,96,265186
473,0.000111,172.31.47.0-255,66,13641,96,265186
474,0.000129,74.125.200.0-255,2082,15723,96,265186
475,0.000131,172.31.47.0-255,66,15789,96,265186
476,0.000136,74.125.200.0-255,5738,21527,96,265186
477,0.000138,172.31.47.0-255,66,21593,96,265186
478,0.000169,172.31.47.0-255,66,21659,96,265186
479,0.00031,74.125.200.0-255,1484,23143,96,265186
480,0.000314,172.31.47.0-255,66,23209,96,265186
481,0.000318,74.125.200.0-255,2902,26111,96,265186
482,0.00032,172.31.47.0-255,66,26177,96,265186
483,0.000335,74.125.200.0-255,1484,27661,96,265186
484,0.000337,172.31.47.0-255,66,27727,96,265186
485,0.000361,74.125.200.0-255,4320,32047,96,265186
486,0.000364,172.31.47.0-255,66,32113,96,265186
487,0.00037,74.125.200.0-255,4320,36433,96,265186
488,0.000371,172.31.47.0-255,66,36499,96,265186
489,0.000383,74.125.200.0-255,2543,39042,96,265186
490,0.000385,172.31.47.0-255,66,39108,96,265186
491,0.000391,74.125.200.0-255,7156,46264,96,265186
492,0.000393,172.31.47.0-255,66,46330,96,265186
493,0.000417,74.125.200.0-255,2902,49232,96,265186
494,0.000419,172.31.47.0-255,66,49298,96,265186
495,0.000437,74.125.200.0-255,4320,53618,96,265186
496,0.00044,172.31.47.0-255,66,53684,96,265186
497,0.000456,74.125.200.0-255,2817,56501,96,265186
498,0.000459,172.31.47.0-255,66,56567,96,265186
499,0.000494,74.125.200.0-255,129,56696,96,265186
500,0.00061,74.125.200.0-255,1484,58180,96,265186
501,0.000614,172.31.47.0-255,66,58246,96,265186
502,0.00062,74.125.200.0-255,2902,61148,96,265186
503,0.000622,172.31.47.0-255,66,61214,96,265186
504,0.000625,74.125.200.0-255,1484,62698,96,265186
505,0.000628,74.125.200.0-255,2902,65600,96,265186
506,0.00063,172.31.47.0-255,66,65666,96,265186
507,0.000643,74.125.200.0-255,2902,68568,96,265186
508,0.000646,172.31.47.0-255,66,68634,96,265186
509,0.000661,74.125.200.0-255,2902,71536,96,265186
510,0.000663,172.31.47.0-255,66,71602,96,265186
511,0.000668,74.125.200.0-255,5738,77340,96,265186
512,0.00067,172.31.47.0-255,66,77406,96,265186
513,0.000672,74.125.200.0-255,1484,78890,96,265186
514,0.000697,74.125.200.0-255,5738,84628,96,265186
515,0.000701,172.31.47.0-255,66,84694,96,265186
516,0.00071,74.125.200.0-255,2902,87596,96,265186
517,0.000712,172.31.47.0-255,66,87662,96,265186
518,0.000728,74.125.200.0-255,3884,91546,96,265186
519,0.00073,172.31.47.0-255,66,91612,96,265186
520,0.000958,74.125.200.0-255,1484,93096,96,265186
521,0.000996,74.125.200.0-255,2902,95998,96,265186
522,0.001001,172.31.47.0-255,66,96064,96,265186
523,0.001025,74.125.200.0-255,4320,100384,96,265186
524,0.00103,74.125.200.0-255,4320,104704,96,265186
525,0.001034,172.31.47.0-255,66,104770,96,265186
526,0.001037,172.31.47.0-255,66,104836,96,265186
527,0.001051,74.125.200.0-255,1484,106320,96,265186
528,0.001067,74.125.200.0-255,1484,107804,96,265186
529,0.00107,172.31.47.0-255,66,107870,96,265186
530,0.001101,172.31.47.0-255,66,107936,96,265186
531,0.001107,74.125.200.0-255,7156,115092,96,265186
532,0.00111,172.31.47.0-255,66,115158,96,265186
533,0.001112,74.125.200.0-255,218,115376,96,265186
534,0.001203,74.125.200.0-255,1484,116860,96,265186
535,0.001207,172.31.47.0-255,66,116926,96,265186
536,0.001226,74.125.200.0-255,2902,119828,96,265186
537,0.001229,172.31.47.0-255,66,119894,96,265186
538,0.001246,74.125.200.0-255,1484,121378,96,265186
539,0.001259,74.125.200.0-255,2902,124280,96,265186
540,0.001262,172.31.47.0-255,66,124346,96,265186
541,0.001265,74.125.200.0-255,1484,125830,96,265186
542,0.001287,74.125.200.0-255,2902,128732,96,265186
543,0.00129,172.31.47.0-255,66,128798,96,265186
544,0.001361,74.125.200.0-255,4320,133118,96,265186
545,0.001365,74.125.200.0-255,2902,136020,96,265186
546,0.00137,172.31.47.0-255,66,136086,96,265186
547,0.001373,172.31.47.0-255,66,136152,96,265186
548,0.001391,74.125.200.0-255,2902,139054,96,265186
549,0.001393,172.31.47.0-255,66,139120,96,265186
550,0.001402,172.31.47.0-255,66,139186,96,265186
551,0.001405,74.125.200.0-255,766,139952,96,265186
552,0.001505,74.125.200.0-255,1484,141436,96,265186
553,0.001508,172.31.47.0-255,66,141502,96,265186
554,0.00153,74.125.200.0-255,2902,144404,96,265186
555,0.001533,172.31.47.0-255,66,144470,96,265186
556,0.001537,74.125.200.0-255,4320,148790,96,265186
557,0.001539,172.31.47.0-255,66,148856,96,265186
558,0.001575,74.125.200.0-255,4320,153176,96,265186
559,0.001577,172.31.47.0-255,66,153242,96,265186
560,0.001595,74.125.200.0-255,1484,154726,96,265186
561,0.001604,172.31.47.0-255,66,154792,96,265186
562,0.001625,74.125.200.0-255,2902,157694,96,265186
563,0.001627,172.31.47.0-255,66,157760,96,265186
564,0.001632,74.125.200.0-255,5738,163498,96,265186
565,0.001634,172.31.47.0-255,66,163564,96,265186
566,0.001671,172.31.47.0-255,66,163630,96,265186
567,0.001731,172.31.47.0-255,66,163696,96,265186
568,0.001777,74.125.200.0-255,1484,165180,96,265186
569,0.001801,172.31.47.0-255,66,165246,96,265186
570,0.001821,74.125.200.0-255,1484,166730,96,265186
571,0.001835,172.31.47.0-255,66,166796,96,265186
572,0.001844,172.31.47.0-255,66,166862,96,265186
573,0.001847,74.125.200.0-255,2184,169046,96,265186
574,0.001849,172.31.47.0-255,66,169112,96,265186
575,0.001994,74.125.200.0-255,1484,170596,96,265186
576,0.001999,74.125.200.0-255,2902,173498,96,265186
577,0.002001,172.31.47.0-255,66,173564,96,265186
578,0.002006,74.125.200.0-255,4320,177884,96,265186
579,0.002007,172.31.47.0-255,66,177950,96,265186
580,0.002023,74.125.200.0-255,7156,185106,96,265186
581,0.002025,172.31.47.0-255,66,185172,96,265186
582,0.004024,74.125.200.0-255,2902,188074,96,265186
583,0.00403,172.31.47.0-255,66,188140,96,265186
584,0.004047,74.125.200.0-255,2902,191042,96,265186
585,0.004049,172.31.47.0-255,66,191108,96,265186
586,0.006027,74.125.200.0-255,2902,194010,96,265186
587,0.006033,172.31.47.0-255,66,194076,96,265186
588,0.006052,74.125.200.0-255,2902,196978,96,265186
589,0.006054,172.31.47.0-255,66,197044,96,265186
590,0.008039,74.125.200.0-255,5738,202782,96,265186
591,0.00805,172.31.47.0-255,66,202848,96,265186
592,0.010053,74.125.200.0-255,5738,208586,96,265186
593,0.010061,172.31.47.0-255,66,208652,96,265186
594,0.012076,74.125.200.0-255,5738,214390,96,265186
595,0.012085,172.31.47.0-255,66,214456,96,265186
596,0.014093,74.125.200.0-255,5738,220194,96,265186
597,0.014099,172.31.47.0-255,66,220260,96,265186
598,0.016107,74.125.200.0-255,5738,225998,96,265186
599,0.016115,172.31.47.0-255,66,226064,96,265186
600,0.018123,74.125.200.0-255,5738,231802,96,265186
601,0.018129,172.31.47.0-255,66,231868,96,265186
602,0.020132,74.125.200.0-255,5738,237606,96,265186
603,0.020137,172.31.47.0-255,66,237672,96,265186
604,0.022136,74.125.200.0-255,5738,243410,96,265186
605,0.022147,172.31.47.0-255,66,243476,96,265186
606,0.024067,172.31.47.0-255,175,243651,96,265186
607,0.024119,172.31.47.0-255,1134,244785,96,265186
608,0.024148,74.125.200.0-255,5738,250523,96,265186
609,0.024154,172.31.47.0-255,66,250589,96,265186
610,0.024232,172.31.47.0-255,1514,252103,96,265186
611,0.024234,172.31.47.0-255,1277,253380,96,265186
612,0.025648,104.244.42.0-255,66,253446,96,265186
613,0.025688,104.244.42.0-255,66,253512,96,265186
614,0.025789,104.244.42.0-255,66,253578,96,265186
615,0.026173,74.125.200.0-255,5738,259316,96,265186
616,0.026179,172.31.47.0-255,66,259382,96,265186
617,0.028189,74.125.200.0-255,5738,265120,96,265186
618,0.028195,172.31.47.0-255,66,265186,96,265186
619,0.0,74.125.24.0-255,153,153,96,247846
620,1.3e-05,172.31.47.0-255,66,219,96,247846
621,1.9e-05,74.125.24.0-255,1484,1703,96,247846
622,2.3e-05,172.31.47.0-255,66,1769,96,247846
623,2.8e-05,74.125.24.0-255,2902,4671,96,247846
624,3.1e-05,172.31.47.0-255,66,4737,96,247846
625,6.2e-05,74.125.24.0-255,7156,11893,96,247846
626,6.5e-05,172.31.47.0-255,66,11959,96,247846
627,6.8e-05,74.125.24.0-255,2084,14043,96,247846
628,7e-05,172.31.47.0-255,66,14109,96,247846
629,7.4e-05,74.125.24.0-255,2902,17011,96,247846
630,7.6e-05,172.31.47.0-255,66,17077,96,247846
631,9.9e-05,74.125.24.0-255,7156,24233,96,247846
632,0.000101,172.31.47.0-255,66,24299,96,247846
633,0.000104,74.125.24.0-255,1484,25783,96,247846
634,0.000105,172.31.47.0-255,66,25849,96,247846
635,0.000124,74.125.24.0-255,5379,31228,96,247846
636,0.000126,172.31.47.0-255,66,31294,96,247846
637,0.000274,74.125.24.0-255,1484,32778,96,247846
638,0.000278,172.31.47.0-255,66,32844,96,247846
639,0.000283,74.125.24.0-255,2902,35746,96,247846
640,0.000285,172.31.47.0-255,66,35812,96,247846
641,0.00031,74.125.24.0-255,5738,41550,96,247846
642,0.000313,172.31.47.0-255,66,41616,96,247846
643,0.000317,74.125.24.0-255,2902,44518,96,247846
644,0.000319,172.31.47.0-255,66,44584,96,247846
645,0.00036,74.125.24.0-255,2902,47486,96,247846
646,0.000363,172.31.47.0-255,66,47552,96,247846
647,0.00039,172.31.47.0-255,66,47618,96,247846
648,0.000395,74.125.24.0-255,5738,53356,96,247846
649,0.000397,172.31.47.0-255,66,53422,96,247846
650,0.000427,74.125.24.0-255,4235,57657,96,247846
651,0.00043,172.31.47.0-255,66,57723,96,247846
652,0.000498,74.125.24.0-255,381,58104,96,247846
653,0.000655,74.125.24.0-255,1484,59588,96,247846
654,0.000658,172.31.47.0-255,66,59654,96,247846
655,0.000663,74.125.24.0-255,2902,62556,96,247846
656,0.000665,172.31.47.0-255,66,62622,96,247846
657,0.000695,74.125.24.0-255,5738,68360,96,247846
658,0.000697,172.31.47.0-255,66,68426,96,247846
659,0.000733,74.125.24.0-255,5738,74164,96,247846
660,0.000735,172.31.47.0-255,66,74230,96,247846
661,0.000761,172.31.47.0-255,66,74296,96,247846
662,0.000779,74.125.24.0-255,1484,75780,96,247846
663,0.000802,172.31.47.0-255,66,75846,96,247846
664,0.000915,74.125.24.0-255,1484,77330,96,247846
665,0.00094,74.125.24.0-255,2902,80232,96,247846
666,0.000943,172.31.47.0-255,66,80298,96,247846
667,0.000947,74.125.24.0-255,2902,83200,96,247846
668,0.000949,172.31.47.0-255,66,83266,96,247846
669,0.000961,74.125.24.0-255,2902,86168,96,247846
670,0.000963,172.31.47.0-255,66,86234,96,247846
671,0.000975,74.125.24.0-255,1484,87718,96,247846
672,0.001,172.31.47.0-255,66,87784,96,247846
673,0.001005,74.125.24.0-255,4320,92104,96,247846
674,0.001007,172.31.47.0-255,66,92170,96,247846
675,0.001017,74.125.24.0-255,1484,93654,96,247846
676,0.001042,74.125.24.0-255,1484,95138,96,247846
677,0.001044,172.31.47.0-255,66,95204,96,247846
678,0.001063,74.125.24.0-255,3602,98806,96,247846
679,0.001065,172.31.47.0-255,66,98872,96,247846
680,0.001081,74.125.24.0-255,1484,100356,96,247846
681,0.001104,74.125.24.0-255,4320,104676,96,247846
682,0.001107,172.31.47.0-255,66,104742,96,247846
683,0.001114,74.125.24.0-255,7156,111898,96,247846
684,0.001116,172.31.47.0-255,66,111964,96,247846
685,0.001119,74.125.24.0-255,1484,113448,96,247846
686,0.001134,74.125.24.0-255,7156,120604,96,247846
687,0.001137,172.31.47.0-255,66,120670,96,247846
688,0.001157,74.125.24.0-255,5738,126408,96,247846
689,0.00116,172.31.47.0-255,66,126474,96,247846
690,0.001166,74.125.24.0-255,6438,132912,96,247846
691,0.001168,172.31.47.0-255,66,132978,96,247846
692,0.001266,74.125.24.0-255,1484,134462,96,247846
693,0.00127,74.125.24.0-255,1484,135946,96,247846
694,0.001273,172.31.47.0-255,66,136012,96,247846
695,0.001289,74.125.24.0-255,1484,137496,96,247846
696,0.001296,74.125.24.0-255,5738,143234,96,247846
697,0.001298,172.31.47.0-255,66,143300,96,247846
698,0.001303,74.125.24.0-255,2902,146202,96,247846
699,0.001304,172.31.47.0-255,66,146268,96,247846
700,0.001361,172.31.47.0-255,66,146334,96,247846
701,0.001373,172.31.47.0-255,66,146400,96,247846
702,0.001908,74.125.24.0-255,1484,147884,96,247846
703,0.001914,74.125.24.0-255,2902,150786,96,247846
704,0.001918,172.31.47.0-255,66,150852,96,247846
705,0.00194,74.125.24.0-255,5738,156590,96,247846
706,0.001942,172.31.47.0-255,66,156656,96,247846
707,0.001966,74.125.24.0-255,7156,163812,96,247846
708,0.001969,172.31.47.0-255,66,163878,96,247846
709,0.001992,74.125.24.0-255,5738,169616,96,247846
710,0.001994,172.31.47.0-255,66,169682,96,247846
711,0.002006,172.31.47.0-255,66,169748,96,247846
712,0.002009,74.125.24.0-255,766,170514,96,247846
713,0.002102,74.125.24.0-255,1484,171998,96,247846
714,0.002106,172.31.47.0-255,66,172064,96,247846
715,0.00211,74.125.24.0-255,1484,173548,96,247846
716,0.002124,74.125.24.0-255,1484,175032,96,247846
717,0.002131,74.125.24.0-255,5738,180770,96,247846
718,0.002134,172.31.47.0-255,66,180836,96,247846
719,0.002136,172.31.47.0-255,66,180902,96,247846
720,0.002168,172.31.47.0-255,66,180968,96,247846
721,0.002189,74.125.24.0-255,2902,183870,96,247846
722,0.002192,172.31.47.0-255,66,183936,96,247846
723,0.002222,172.31.47.0-255,66,184002,96,247846
724,0.004697,74.125.24.0-255,5738,189740,96,247846
725,0.004704,172.31.47.0-255,66,189806,96,247846
726,0.007185,74.125.24.0-255,5738,195544,96,247846
727,0.007193,172.31.47.0-255,66,195610,96,247846
728,0.009667,74.125.24.0-255,5738,201348,96,247846
729,0.009674,172.31.47.0-255,66,201414,96,247846
730,0.012139,74.125.24.0-255,5738,207152,96,247846
731,0.012148,172.31.47.0-255,66,207218,96,247846
732,0.014628,74.125.24.0-255,5738,212956,96,247846
733,0.014637,172.31.47.0-255,66,213022,96,247846
734,0.017137,74.125.24.0-255,5738,218760,96,247846
735,0.017148,172.31.47.0-255,66,218826,96,247846
736,0.01962,74.125.24.0-255,5738,224564,96,247846
737,0.019628,172.31.47.0-255,66,224630,96,247846
738,0.022078,74.125.24.0-255,5738,230368,96,247846
739,0.022085,172.31.47.0-255,66,230434,96,247846
740,0.024551,74.125.24.0-255,5738,236172,96,247846
741,0.024559,172.31.47.0-255,66,236238,96,247846
742,0.027041,74.125.24.0-255,5738,241976,96,247846
743,0.027055,172.31.47.0-255,66,242042,96,247846
744,0.029552,74.125.24.0-255,5738,247780,96,247846
745,0.029559,172.31.47.0-255,66,247846,96,247846
746,0.0,172.31.47.0-255,105,105,96,105
747,0.0,172.217.194.0-255,153,153,96,268414
748,2.6e-05,172.31.47.0-255,66,219,96,268414
749,3.2e-05,172.217.194.0-255,1484,1703,96,268414
750,3.6e-05,172.31.47.0-255,66,1769,96,268414
751,4e-05,172.217.194.0-255,2902,4671,96,268414
752,4.2e-05,172.31.47.0-255,66,4737,96,268414
753,4.8e-05,172.217.194.0-255,7156,11893,96,268414
754,5.1e-05,172.31.47.0-255,66,11959,96,268414
755,7.3e-05,172.217.194.0-255,4320,16279,96,268414
756,7.5e-05,172.31.47.0-255,66,16345,96,268414
757,9.7e-05,172.217.194.0-255,2201,18546,96,268414
758,0.0001,172.31.47.0-255,66,18612,96,268414
759,0.000105,172.217.194.0-255,7156,25768,96,268414
760,0.000107,172.31.47.0-255,66,25834,96,268414
761,0.000112,172.217.194.0-255,5379,31213,96,268414
762,0.000115,172.31.47.0-255,66,31279,96,268414
763,0.000201,172.217.194.0-255,1484,32763,96,268414
764,0.000204,172.31.47.0-255,66,32829,96,268414
765,0.000209,172.217.194.0-255,2902,35731,96,268414
766,0.000211,172.31.47.0-255,66,35797,96,268414
767,0.000216,172.217.194.0-255,4320,40117,96,268414
768,0.000219,172.31.47.0-255,66,40183,96,268414
769,0.000239,172.217.194.0-255,1484,41667,96,268414
770,0.000241,172.31.47.0-255,66,41733,96,268414
771,0.000273,172.31.47.0-255,66,41799,96,268414
772,0.000303,172.31.47.0-255,66,41865,96,268414
773,0.000322,172.217.194.0-255,766,42631,96,268414
774,0.000324,172.31.47.0-255,66,42697,96,268414
775,0.000327,172.217.194.0-255,394,43091,96,268414
776,0.000328,172.31.47.0-255,66,43157,96,268414
777,0.000365,172.217.194.0-255,1484,44641,96,268414
778,0.000388,172.217.194.0-255,2902,47543,96,268414
779,0.000391,172.31.47.0-255,66,47609,96,268414
780,0.000396,172.217.194.0-255,4320,51929,96,268414
781,0.000399,172.31.47.0-255,66,51995,96,268414
782,0.00041,172.217.194.0-255,1484,53479,96,268414
783,0.000424,172.217.194.0-255,7090,60569,96,268414
784,0.000427,172.31.47.0-255,66,60635,96,268414
785,0.00047,172.217.194.0-255,7156,67791,96,268414
786,0.000474,172.31.47.0-255,66,67857,96,268414
787,0.000486,172.31.47.0-255,66,67923,96,268414
788,0.001099,172.217.194.0-255,1484,69407,96,268414
789,0.001121,172.217.194.0-255,2902,72309,96,268414
790,0.001125,172.31.47.0-255,66,72375,96,268414
791,0.001132,172.217.194.0-255,5738,78113,96,268414
792,0.001134,172.31.47.0-255,66,78179,96,268414
793,0.00114,172.217.194.0-255,5738,83917,96,268414
794,0.001142,172.31.47.0-255,66,83983,96,268414
795,0.001146,172.217.194.0-255,2902,86885,96,268414
796,0.001148,172.31.47.0-255,66,86951,96,268414
797,0.001176,172.31.47.0-255,66,87017,96,268414
798,0.00118,172.217.194.0-255,1484,88501,96,268414
799,0.001202,172.217.194.0-255,3602,92103,96,268414
800,0.001205,172.31.47.0-255,66,92169,96,268414
801,0.001252,172.217.194.0-255,1484,93653,96,268414
802,0.001273,172.217.194.0-255,2902,96555,96,268414
803,0.001276,172.31.47.0-255,66,96621,96,268414
804,0.00128,172.217.194.0-255,4320,100941,96,268414
805,0.001282,172.31.47.0-255,66,101007,96,268414
806,0.001308,172.31.47.0-255,66,101073,96,268414
807,0.001329,172.217.194.0-255,2902,103975,96,268414
808,0.001331,172.31.47.0-255,66,104041,96,268414
809,0.001348,172.217.194.0-255,7156,111197,96,268414
810,0.00135,172.31.47.0-255,66,111263,96,268414
811,0.001361,172.217.194.0-255,2902,114165,96,268414
812,0.001363,172.31.47.0-255,66,114231,96,268414
813,0.001409,172.31.47.0-255,66,114297,96,268414
814,0.001417,172.31.47.0-255,66,114363,96,268414
815,0.001421,172.217.194.0-255,1484,115847,96,268414
816,0.001464,172.31.47.0-255,66,115913,96,268414
817,0.001468,172.217.194.0-255,2184,118097,96,268414
818,0.001469,172.31.47.0-255,66,118163,96,268414
819,0.001518,172.217.194.0-255,1484,119647,96,268414
820,0.001523,172.217.194.0-255,2902,122549,96,268414
821,0.001525,172.31.47.0-255,66,122615,96,268414
822,0.001546,172.217.194.0-255,5738,128353,96,268414
823,0.001549,172.31.47.0-255,66,128419,96,268414
824,0.001569,172.217.194.0-255,5738,134157,96,268414
825,0.001571,172.31.47.0-255,66,134223,96,268414
826,0.001591,172.217.194.0-255,7156,141379,96,268414
827,0.001593,172.31.47.0-255,66,141445,96,268414
828,0.001599,172.217.194.0-255,5738,147183,96,268414
829,0.0016,172.31.47.0-255,66,147249,96,268414
830,0.001616,172.217.194.0-255,5020,152269,96,268414
831,0.001618,172.31.47.0-255,66,152335,96,268414
832,0.001681,172.217.194.0-255,1484,153819,96,268414
833,0.001696,172.217.194.0-255,2902,156721,96,268414
834,0.001699,172.31.47.0-255,66,156787,96,268414
835,0.001701,172.217.194.0-255,1484,158271,96,268414
836,0.001717,172.217.194.0-255,4320,162591,96,268414
837,0.001719,172.31.47.0-255,66,162657,96,268414
838,0.001784,172.31.47.0-255,66,162723,96,268414
839,0.001794,172.31.47.0-255,66,162789,96,268414
840,0.001956,172.217.194.0-255,1484,164273,96,268414
841,0.001961,172.217.194.0-255,2902,167175,96,268414
842,0.001964,172.31.47.0-255,66,167241,96,268414
843,0.001984,172.217.194.0-255,5738,172979,96,268414
844,0.001987,172.31.47.0-255,66,173045,96,268414
845,0.002004,172.217.194.0-255,2902,175947,96,268414
846,0.002006,172.31.47.0-255,66,176013,96,268414
847,0.002027,172.217.194.0-255,7156,183169,96,268414
848,0.00203,172.31.47.0-255,66,183235,96,268414
849,0.002046,172.217.194.0-255,1484,184719,96,268414
850,0.002081,172.31.47.0-255,66,184785,96,268414
851,0.002105,172.217.194.0-255,1484,186269,96,268414
852,0.002109,172.217.194.0-255,2902,189171,96,268414
853,0.002111,172.31.47.0-255,66,189237,96,268414
854,0.002132,172.217.194.0-255,5738,194975,96,268414
855,0.002135,172.31.47.0-255,66,195041,96,268414
856,0.002148,172.217.194.0-255,1484,196525,96,268414
857,0.002177,172.31.47.0-255,66,196591,96,268414
858,0.002203,172.217.194.0-255,7156,203747,96,268414
859,0.002206,172.31.47.0-255,66,203813,96,268414
860,0.002224,172.217.194.0-255,3602,207415,96,268414
861,0.002226,172.31.47.0-255,66,207481,96,268414
862,0.00224,172.217.194.0-255,1484,208965,96,268414
863,0.002263,172.31.47.0-255,66,209031,96,268414
864,0.002267,172.217.194.0-255,4320,213351,96,268414
865,0.00227,172.31.47.0-255,66,213417,96,268414
866,0.002296,172.217.194.0-255,4320,217737,96,268414
867,0.002298,172.31.47.0-255,66,217803,96,268414
868,0.00232,172.31.47.0-255,66,217869,96,268414
869,0.002337,172.217.194.0-255,1484,219353,96,268414
870,0.002339,172.217.194.0-255,766,220119,96,268414
871,0.00234,172.31.47.0-255,66,220185,96,268414
872,0.004589,172.217.194.0-255,2902,223087,96,268414
873,0.004592,172.31.47.0-255,66,223153,96,268414
874,0.004612,172.217.194.0-255,2902,226055,96,268414
875,0.004614,172.31.47.0-255,66,226121,96,268414
876,0.006879,172.217.194.0-255,5738,231859,96,268414
877,0.006884,172.31.47.0-255,66,231925,96,268414
878,0.009145,172.217.194.0-255,5738,237663,96,268414
879,0.00915,172.31.47.0-255,66,237729,96,268414
880,0.011441,172.217.194.0-255,5738,243467,96,268414
881,0.011448,172.31.47.0-255,66,243533,96,268414
882,0.013748,172.217.194.0-255,5738,249271,96,268414
883,0.013758,172.31.47.0-255,66,249337,96,268414
884,0.016028,172.217.194.0-255,5738,255075,96,268414
885,0.016036,172.31.47.0-255,66,255141,96,268414
886,0.018336,172.217.194.0-255,5738,260879,96,268414
887,0.018343,172.31.47.0-255,66,260945,96,268414
888,0.020632,172.217.194.0-255,3069,264014,96,268414
889,0.020637,172.31.47.0-255,66,264080,96,268414
890,0.020787,172.31.47.0-255,105,264185,96,268414
891,0.023016,172.217.194.0-255,66,264251,96,268414
892,0.028338,172.31.47.0-255,172,264423,96,268414
893,0.028369,172.31.47.0-255,1109,265532,96,268414
894,0.0284,172.31.47.0-255,1514,267046,96,268414
895,0.028401,172.31.47.0-255,1302,268348,96,268414
896,0.029875,104.244.42.0-255,66,268414,96,268414
897,0.0,172.253.118.0-255,153,153,96,92961
898,3.1e-05,172.31.47.0-255,66,219,96,92961
899,3.8e-05,172.253.118.0-255,1484,1703,96,92961
900,4.1e-05,172.31.47.0-255,66,1769,96,92961
901,4.5e-05,172.253.118.0-255,2902,4671,96,92961
902,5.4e-05,172.31.47.0-255,66,4737,96,92961
903,0.000108,172.253.118.0-255,5738,10475,96,92961
904,0.000111,172.31.47.0-255,66,10541,96,92961
905,0.000133,172.253.118.0-255,1484,12025,96,92961
906,0.000135,172.31.47.0-255,66,12091,96,92961
907,0.000286,172.253.118.0-255,2090,14181,96,92961
908,0.00029,172.31.47.0-255,66,14247,96,92961
909,0.000349,172.253.118.0-255,7156,21403,96,92961
910,0.000354,172.31.47.0-255,66,21469,96,92961
911,0.00038,172.253.118.0-255,4320,25789,96,92961
912,0.000383,172.31.47.0-255,66,25855,96,92961
913,0.000644,172.253.118.0-255,5379,31234,96,92961
914,0.000649,172.31.47.0-255,66,31300,96,92961
915,0.000783,172.253.118.0-255,4320,35620,96,92961
916,0.000787,172.31.47.0-255,66,35686,96,92961
917,0.000839,172.31.47.0-255,66,35752,96,92961
918,0.001376,172.31.47.0-255,66,35818,96,92961
919,0.001394,172.253.118.0-255,4297,40115,96,92961
920,0.001397,172.31.47.0-255,66,40181,96,92961
921,0.001734,172.253.118.0-255,7156,47337,96,92961
922,0.001738,172.31.47.0-255,66,47403,96,92961
923,0.001774,172.31.47.0-255,66,47469,96,92961
924,0.001796,172.253.118.0-255,1050,48519,96,92961
925,0.001798,172.31.47.0-255,66,48585,96,92961
926,0.002538,172.253.118.0-255,7156,55741,96,92961
927,0.002597,172.253.118.0-255,5020,60761,96,92961
928,0.002666,172.31.47.0-255,66,60827,96,92961
929,0.003414,172.253.118.0-255,7156,67983,96,92961
930,0.003419,172.31.47.0-255,66,68049,96,92961
931,0.00437,172.253.118.0-255,5738,73787,96,92961
932,0.005142,172.253.118.0-255,1484,75271,96,92961
933,0.005186,172.253.118.0-255,1484,76755,96,92961
934,0.006213,172.253.118.0-255,5738,82493,96,92961
935,0.006527,172.31.47.0-255,66,82559,96,92961
936,0.006907,172.31.47.0-255,66,82625,96,92961
937,0.006965,172.31.47.0-255,66,82691,96,92961
938,0.007866,172.31.47.0-255,66,82757,96,92961
939,0.007953,172.31.47.0-255,66,82823,96,92961
940,0.009054,172.31.47.0-255,66,82889,96,92961
941,0.010469,172.253.118.0-255,5738,88627,96,92961
942,0.012422,172.31.47.0-255,66,88693,96,92961
943,0.013053,172.31.47.0-255,105,88798,96,92961
944,0.015517,172.253.118.0-255,66,88864,96,92961
945,0.029773,172.31.47.0-255,172,89036,96,92961
946,0.029803,172.31.47.0-255,1110,90146,96,92961
947,0.029842,172.31.47.0-255,1514,91660,96,92961
948,0.029844,172.31.47.0-255,1301,92961,96,92961
949,0.0,172.217.194.0-255,153,153,96,248333
950,3.2e-05,172.31.47.0-255,66,219,96,248333
951,3.9e-05,172.217.194.0-255,1484,1703,96,248333
952,4.3e-05,172.31.47.0-255,66,1769,96,248333
953,4.8e-05,172.217.194.0-255,2902,4671,96,248333
954,5e-05,172.31.47.0-255,66,4737,96,248333
955,6.5e-05,172.217.194.0-255,7156,11893,96,248333
956,6.8e-05,172.31.47.0-255,66,11959,96,248333
957,7.2e-05,172.217.194.0-255,1976,13935,96,248333
958,7.4e-05,172.31.47.0-255,66,14001,96,248333
959,0.000122,172.217.194.0-255,1484,15485,96,248333
960,0.000125,172.31.47.0-255,66,15551,96,248333
961,0.00013,172.217.194.0-255,2902,18453,96,248333
962,0.000133,172.31.47.0-255,66,18519,96,248333
963,0.000144,172.217.194.0-255,5738,24257,96,248333
964,0.000147,172.31.47.0-255,66,24323,96,248333
965,0.000154,172.217.194.0-255,7156,31479,96,248333
966,0.000156,172.31.47.0-255,66,31545,96,248333
967,0.000191,172.217.194.0-255,2543,34088,96,248333
968,0.000194,172.31.47.0-255,66,34154,96,248333
969,0.000206,172.31.47.0-255,66,34220,96,248333
970,0.000217,172.217.194.0-255,3961,38181,96,248333
971,0.000219,172.31.47.0-255,66,38247,96,248333
972,0.000271,172.217.194.0-255,1484,39731,96,248333
973,0.000275,172.31.47.0-255,66,39797,96,248333
974,0.000293,172.217.194.0-255,2902,42699,96,248333
975,0.000296,172.31.47.0-255,66,42765,96,248333
976,0.000299,172.217.194.0-255,1484,44249,96,248333
977,0.000302,172.31.47.0-255,66,44315,96,248333
978,0.000333,172.217.194.0-255,4320,48635,96,248333
979,0.000341,172.31.47.0-255,66,48701,96,248333
980,0.000348,172.217.194.0-255,6797,55498,96,248333
981,0.000351,172.31.47.0-255,66,55564,96,248333
982,0.000354,172.217.194.0-255,378,55942,96,248333
983,0.000493,172.217.194.0-255,366,56308,96,248333
984,0.00072,172.217.194.0-255,1484,57792,96,248333
985,0.000724,172.31.47.0-255,66,57858,96,248333
986,0.000729,172.217.194.0-255,2902,60760,96,248333
987,0.000731,172.31.47.0-255,66,60826,96,248333
988,0.000735,172.217.194.0-255,2902,63728,96,248333
989,0.000736,172.31.47.0-255,66,63794,96,248333
990,0.000753,172.217.194.0-255,2902,66696,96,248333
991,0.000755,172.31.47.0-255,66,66762,96,248333
992,0.000766,172.217.194.0-255,6797,73559,96,248333
993,0.000768,172.217.194.0-255,1484,75043,96,248333
994,0.00077,172.31.47.0-255,66,75109,96,248333
995,0.000813,172.31.47.0-255,66,75175,96,248333
996,0.000817,172.217.194.0-255,1993,77168,96,248333
997,0.000818,172.31.47.0-255,66,77234,96,248333
998,0.001054,172.217.194.0-255,1484,78718,96,248333
999,0.001061,172.217.194.0-255,2902,81620,96,248333
1000,0.001065,172.31.47.0-255,66,81686,96,248333
1001,0.001078,172.217.194.0-255,2902,84588,96,248333
1002,0.001084,172.31.47.0-255,66,84654,96,248333
1003,0.001107,172.217.194.0-255,2902,87556,96,248333
1004,0.00111,172.31.47.0-255,66,87622,96,248333
1005,0.001121,172.31.47.0-255,66,87688,96,248333
1006,0.001144,172.217.194.0-255,1484,89172,96,248333
1007,0.001156,172.31.47.0-255,66,89238,96,248333
1008,0.001465,172.217.194.0-255,1484,90722,96,248333
1009,0.001471,172.217.194.0-255,2902,93624,96,248333
1010,0.001475,172.31.47.0-255,66,93690,96,248333
1011,0.001501,172.217.194.0-255,5738,99428,96,248333
1012,0.001503,172.31.47.0-255,66,99494,96,248333
1013,0.001538,172.31.47.0-255,66,99560,96,248333
1014,0.001558,172.31.47.0-255,66,99626,96,248333
1015,0.002013,172.217.194.0-255,1484,101110,96,248333
1016,0.002029,172.217.194.0-255,2902,104012,96,248333
1017,0.002033,172.31.47.0-255,66,104078,96,248333
1018,0.002059,172.217.194.0-255,5738,109816,96,248333
1019,0.002061,172.31.47.0-255,66,109882,96,248333
1020,0.002092,172.31.47.0-255,66,109948,96,248333
1021,0.002111,172.217.194.0-255,4320,114268,96,248333
1022,0.002113,172.31.47.0-255,66,114334,96,248333
1023,0.002117,172.217.194.0-255,2902,117236,96,248333
1024,0.002119,172.31.47.0-255,66,117302,96,248333
1025,0.002151,172.31.47.0-255,66,117368,96,248333
1026,0.002222,172.217.194.0-255,1484,118852,96,248333
1027,0.002226,172.217.194.0-255,2902,121754,96,248333
1028,0.002228,172.31.47.0-255,66,121820,96,248333
1029,0.002234,172.217.194.0-255,5738,127558,96,248333
1030,0.002236,172.31.47.0-255,66,127624,96,248333
1031,0.002245,172.217.194.0-255,4320,131944,96,248333
1032,0.00229,172.217.194.0-255,1484,133428,96,248333
1033,0.002348,172.217.194.0-255,1484,134912,96,248333
1034,0.002352,172.217.194.0-255,2902,137814,96,248333
1035,0.002362,172.217.194.0-255,1484,139298,96,248333
1036,0.002381,172.217.194.0-255,4320,143618,96,248333
1037,0.002394,172.217.194.0-255,2902,146520,96,248333
1038,0.00241,172.217.194.0-255,7156,153676,96,248333
1039,0.002423,172.217.194.0-255,2902,156578,96,248333
1040,0.00243,172.217.194.0-255,7156,163734,96,248333
1041,0.002447,172.217.194.0-255,2902,166636,96,248333
1042,0.002478,172.217.194.0-255,5020,171656,96,248333
1043,0.002484,172.217.194.0-255,5738,177394,96,248333
1044,0.002513,172.217.194.0-255,2902,180296,96,248333
1045,0.002535,172.217.194.0-255,1484,181780,96,248333
1046,0.002579,172.217.194.0-255,4320,186100,96,248333
1047,0.002597,172.217.194.0-255,7156,193256,96,248333
1048,0.002644,172.217.194.0-255,4320,197576,96,248333
1049,0.002665,172.217.194.0-255,5738,203314,96,248333
1050,0.004244,172.31.47.0-255,66,203380,96,248333
1051,0.006864,172.217.194.0-255,5738,209118,96,248333
1052,0.00687,172.31.47.0-255,66,209184,96,248333
1053,0.009412,172.217.194.0-255,5738,214922,96,248333
1054,0.009418,172.31.47.0-255,66,214988,96,248333
1055,0.011941,172.217.194.0-255,5738,220726,96,248333
1056,0.011948,172.31.47.0-255,66,220792,96,248333
1057,0.014486,172.217.194.0-255,5738,226530,96,248333
1058,0.014495,172.31.47.0-255,66,226596,96,248333
1059,0.017044,172.217.194.0-255,5738,232334,96,248333
1060,0.017052,172.31.47.0-255,66,232400,96,248333
1061,0.0196,172.217.194.0-255,5738,238138,96,248333
1062,0.019609,172.31.47.0-255,66,238204,96,248333
1063,0.022161,172.217.194.0-255,2722,240926,96,248333
1064,0.022168,172.31.47.0-255,66,240992,96,248333
1065,0.022359,172.31.47.0-255,105,241097,96,248333
1066,0.02484,172.217.194.0-255,66,241163,96,248333
1067,0.02785,172.31.47.0-255,172,241335,96,248333
1068,0.027877,172.31.47.0-255,1110,242445,96,248333
1069,0.027916,172.31.47.0-255,1514,243959,96,248333
1070,0.027917,172.31.47.0-255,1514,245473,96,248333
1071,0.027922,172.31.47.0-255,1514,246987,96,248333
1072,0.027923,172.31.47.0-255,1082,248069,96,248333
1073,0.029388,104.244.42.0-255,66,248135,96,248333
1074,0.029436,104.244.42.0-255,66,248201,96,248333
1075,0.029489,104.244.42.0-255,66,248267,96,248333
1076,0.029491,104.244.42.0-255,66,248333,96,248333
1077,0.0,172.217.194.0-255,159,159,96,187770
1078,1.9e-05,172.31.47.0-255,66,225,96,187770
1079,2.5e-05,172.217.194.0-255,1484,1709,96,187770
1080,2.9e-05,172.31.47.0-255,66,1775,96,187770
1081,3.3e-05,172.217.194.0-255,2902,4677,96,187770
1082,4.2e-05,172.31.47.0-255,66,4743,96,187770
1083,4.6e-05,172.217.194.0-255,4320,9063,96,187770
1084,4.8e-05,172.31.47.0-255,66,9129,96,187770
1085,6.6e-05,172.217.194.0-255,2902,12031,96,187770
1086,6.8e-05,172.31.47.0-255,66,12097,96,187770
1087,9e-05,172.217.194.0-255,2102,14199,96,187770
1088,9.2e-05,172.31.47.0-255,66,14265,96,187770
1089,9.7e-05,172.217.194.0-255,5738,20003,96,187770
1090,9.8e-05,172.31.47.0-255,66,20069,96,187770
1091,0.000148,172.31.47.0-255,66,20135,96,187770
1092,0.000151,172.217.194.0-255,2902,23037,96,187770
1093,0.000153,172.31.47.0-255,66,23103,96,187770
1094,0.000187,172.31.47.0-255,66,23169,96,187770
1095,0.000191,172.217.194.0-255,5379,28548,96,187770
1096,0.000192,172.31.47.0-255,66,28614,96,187770
1097,0.000229,172.217.194.0-255,7156,35770,96,187770
1098,0.000231,172.31.47.0-255,66,35836,96,187770
1099,0.000256,172.31.47.0-255,66,35902,96,187770
1100,0.000258,172.217.194.0-255,342,36244,96,187770
1101,0.000259,172.31.47.0-255,66,36310,96,187770
1102,0.000298,172.217.194.0-255,119,36429,96,187770
1103,0.000299,172.31.47.0-255,66,36495,96,187770
1104,0.000318,172.217.194.0-255,380,36875,96,187770
1105,0.00032,172.31.47.0-255,66,36941,96,187770
1106,0.000573,172.217.194.0-255,1484,38425,96,187770
1107,0.000576,172.217.194.0-255,1484,39909,96,187770
1108,0.000579,172.31.47.0-255,66,39975,96,187770
1109,0.000593,172.217.194.0-255,1484,41459,96,187770
1110,0.000602,172.217.194.0-255,5738,47197,96,187770
1111,0.000604,172.31.47.0-255,66,47263,96,187770
1112,0.000629,172.31.47.0-255,66,47329,96,187770
1113,0.000655,172.217.194.0-255,2902,50231,96,187770
1114,0.000657,172.31.47.0-255,66,50297,96,187770
1115,0.000662,172.217.194.0-255,4320,54617,96,187770
1116,0.000664,172.31.47.0-255,66,54683,96,187770
1117,0.000695,172.217.194.0-255,6438,61121,96,187770
1118,0.000699,172.31.47.0-255,66,61187,96,187770
1119,0.000764,172.217.194.0-255,1484,62671,96,187770
1120,0.00078,172.217.194.0-255,2902,65573,96,187770
1121,0.000782,172.31.47.0-255,66,65639,96,187770
1122,0.000786,172.217.194.0-255,2902,68541,96,187770
1123,0.000788,172.31.47.0-255,66,68607,96,187770
1124,0.00082,172.217.194.0-255,2902,71509,96,187770
1125,0.000822,172.31.47.0-255,66,71575,96,187770
1126,0.000841,172.31.47.0-255,66,71641,96,187770
1127,0.000845,172.217.194.0-255,5738,77379,96,187770
1128,0.000847,172.31.47.0-255,66,77445,96,187770
1129,0.000876,172.217.194.0-255,5020,82465,96,187770
1130,0.000878,172.31.47.0-255,66,82531,96,187770
1131,0.000976,172.217.194.0-255,1484,84015,96,187770
1132,0.00098,172.217.194.0-255,2902,86917,96,187770
1133,0.000984,172.31.47.0-255,66,86983,96,187770
1134,0.001013,172.217.194.0-255,5738,92721,96,187770
1135,0.001041,172.217.194.0-255,4320,97041,96,187770
1136,0.001046,172.31.47.0-255,66,97107,96,187770
1137,0.001048,172.31.47.0-255,66,97173,96,187770
1138,0.001067,172.31.47.0-255,66,97239,96,187770
1139,0.001078,172.31.47.0-255,66,97305,96,187770
1140,0.001109,172.31.47.0-255,66,97371,96,187770
1141,0.001114,172.217.194.0-255,2902,100273,96,187770
1142,0.001115,172.31.47.0-255,66,100339,96,187770
1143,0.00114,172.31.47.0-255,66,100405,96,187770
1144,0.00119,172.31.47.0-255,66,100471,96,187770
1145,0.002092,172.217.194.0-255,1484,101955,96,187770
1146,0.002098,172.217.194.0-255,2902,104857,96,187770
1147,0.002101,172.31.47.0-255,66,104923,96,187770
1148,0.002134,172.217.194.0-255,5738,110661,96,187770
1149,0.002137,172.31.47.0-255,66,110727,96,187770
1150,0.002147,172.31.47.0-255,66,110793,96,187770
1151,0.002186,172.217.194.0-255,2902,113695,96,187770
1152,0.002199,172.31.47.0-255,66,113761,96,187770
1153,0.002202,172.31.47.0-255,66,113827,96,187770
1154,0.004422,172.217.194.0-255,5738,119565,96,187770
1155,0.004431,172.31.47.0-255,66,119631,96,187770
1156,0.006654,172.217.194.0-255,5738,125369,96,187770
1157,0.006659,172.31.47.0-255,66,125435,96,187770
1158,0.00888,172.217.194.0-255,5738,131173,96,187770
1159,0.008886,172.31.47.0-255,66,131239,96,187770
1160,0.011102,172.217.194.0-255,5738,136977,96,187770
1161,0.011107,172.31.47.0-255,66,137043,96,187770
1162,0.013333,172.217.194.0-255,5738,142781,96,187770
1163,0.013338,172.31.47.0-255,66,142847,96,187770
1164,0.015573,172.217.194.0-255,5738,148585,96,187770
1165,0.015583,172.31.47.0-255,66,148651,96,187770
1166,0.017794,172.217.194.0-255,5738,154389,96,187770
1167,0.017803,172.31.47.0-255,66,154455,96,187770
1168,0.020033,172.217.194.0-255,5738,160193,96,187770
1169,0.020043,172.31.47.0-255,66,160259,96,187770
1170,0.022287,172.217.194.0-255,5738,165997,96,187770
1171,0.022303,172.31.47.0-255,66,166063,96,187770
1172,0.023515,172.31.47.0-255,172,166235,96,187770
1173,0.023545,172.31.47.0-255,1105,167340,96,187770
1174,0.023595,172.31.47.0-255,1514,168854,96,187770
1175,0.023597,172.31.47.0-255,1306,170160,96,187770
1176,0.024539,172.217.194.0-255,5738,175898,96,187770
1177,0.024545,172.31.47.0-255,66,175964,96,187770
1178,0.025034,104.244.42.0-255,66,176030,96,187770
1179,0.025248,104.244.42.0-255,66,176096,96,187770
1180,0.02527,104.244.42.0-255,66,176162,96,187770
1181,0.026746,172.217.194.0-255,5738,181900,96,187770
1182,0.026752,172.31.47.0-255,66,181966,96,187770
1183,0.028974,172.217.194.0-255,5738,187704,96,187770
1184,0.02898,172.31.47.0-255,66,187770,96,187770
1185,0.0,74.125.24.0-255,153,153,96,193456
1186,2.8e-05,172.31.47.0-255,66,219,96,193456
1187,3.5e-05,74.125.24.0-255,1484,1703,96,193456
1188,3.8e-05,172.31.47.0-255,66,1769,96,193456
1189,4.3e-05,74.125.24.0-255,2902,4671,96,193456
1190,4.5e-05,172.31.47.0-255,66,4737,96,193456
1191,5.8e-05,74.125.24.0-255,7156,11893,96,193456
1192,6.1e-05,172.31.47.0-255,66,11959,96,193456
1193,6.4e-05,74.125.24.0-255,2172,14131,96,193456
1194,6.6e-05,172.31.47.0-255,66,14197,96,193456
1195,9.6e-05,172.31.47.0-255,66,14263,96,193456
1196,0.000128,74.125.24.0-255,5379,19642,96,193456
1197,0.000131,172.31.47.0-255,66,19708,96,193456
1198,0.000169,74.125.24.0-255,1484,21192,96,193456
1199,0.000171,172.31.47.0-255,66,21258,96,193456
1200,0.000194,74.125.24.0-255,2902,24160,96,193456
1201,0.000196,172.31.47.0-255,66,24226,96,193456
1202,0.000202,74.125.24.0-255,5738,29964,96,193456
1203,0.000205,172.31.47.0-255,66,30030,96,193456
1204,0.00021,74.125.24.0-255,4320,34350,96,193456
1205,0.000216,172.31.47.0-255,66,34416,96,193456
1206,0.000241,74.125.24.0-255,1484,35900,96,193456
1207,0.000243,172.31.47.0-255,66,35966,96,193456
1208,0.000251,74.125.24.0-255,7156,43122,96,193456
1209,0.000253,172.31.47.0-255,66,43188,96,193456
1210,0.000282,74.125.24.0-255,6797,49985,96,193456
1211,0.000285,172.31.47.0-255,66,50051,96,193456
1212,0.00029,74.125.24.0-255,4272,54323,96,193456
1213,0.000293,172.31.47.0-255,66,54389,96,193456
1214,0.000295,74.125.24.0-255,110,54499,96,193456
1215,0.000298,172.31.47.0-255,66,54565,96,193456
1216,0.0003,74.125.24.0-255,331,54896,96,193456
1217,0.000554,74.125.24.0-255,1484,56380,96,193456
1218,0.000558,172.31.47.0-255,66,56446,96,193456
1219,0.000563,74.125.24.0-255,2902,59348,96,193456
1220,0.000574,172.31.47.0-255,66,59414,96,193456
1221,0.000586,74.125.24.0-255,5738,65152,96,193456
1222,0.000601,172.31.47.0-255,66,65218,96,193456
1223,0.000635,172.31.47.0-255,66,65284,96,193456
1224,0.000664,74.125.24.0-255,4320,69604,96,193456
1225,0.000675,172.31.47.0-255,66,69670,96,193456
1226,0.000693,74.125.24.0-255,6438,76108,96,193456
1227,0.0007,172.31.47.0-255,66,76174,96,193456
1228,0.000741,74.125.24.0-255,1484,77658,96,193456
1229,0.000746,74.125.24.0-255,2902,80560,96,193456
1230,0.000749,172.31.47.0-255,66,80626,96,193456
1231,0.000791,74.125.24.0-255,5738,86364,96,193456
1232,0.000798,74.125.24.0-255,5738,92102,96,193456
1233,0.000802,172.31.47.0-255,66,92168,96,193456
1234,0.0009,74.125.24.0-255,5020,97188,96,193456
1235,0.000902,172.31.47.0-255,66,97254,96,193456
1236,0.000905,74.125.24.0-255,5738,102992,96,193456
1237,0.000907,172.31.47.0-255,66,103058,96,193456
1238,0.000925,172.31.47.0-255,66,103124,96,193456
1239,0.000929,172.31.47.0-255,66,103190,96,193456
1240,0.00098,172.31.47.0-255,66,103256,96,193456
1241,0.000988,74.125.24.0-255,7156,110412,96,193456
1242,0.000993,172.31.47.0-255,66,110478,96,193456
1243,0.001006,74.125.24.0-255,6438,116916,96,193456
1244,0.001013,74.125.24.0-255,1484,118400,96,193456
1245,0.001014,172.31.47.0-255,66,118466,96,193456
1246,0.001059,172.31.47.0-255,66,118532,96,193456
1247,0.001086,74.125.24.0-255,1484,120016,96,193456
1248,0.001091,74.125.24.0-255,2902,122918,96,193456
1249,0.001094,172.31.47.0-255,66,122984,96,193456
1250,0.001097,74.125.24.0-255,5738,128722,96,193456
1251,0.001108,172.31.47.0-255,66,128788,96,193456
1252,0.001142,74.125.24.0-255,5738,134526,96,193456
1253,0.001147,172.31.47.0-255,66,134592,96,193456
1254,0.001164,74.125.24.0-255,1484,136076,96,193456
1255,0.001182,74.125.24.0-255,2184,138260,96,193456
1256,0.001189,172.31.47.0-255,66,138326,96,193456
1257,0.001244,172.31.47.0-255,66,138392,96,193456
1258,0.001294,74.125.24.0-255,7156,145548,96,193456
1259,0.001299,172.31.47.0-255,66,145614,96,193456
1260,0.001339,172.31.47.0-255,66,145680,96,193456
1261,0.001367,74.125.24.0-255,1125,146805,96,193456
1262,0.001368,172.31.47.0-255,66,146871,96,193456
1263,0.001588,74.125.24.0-255,1484,148355,96,193456
1264,0.001592,172.31.47.0-255,66,148421,96,193456
1265,0.001597,74.125.24.0-255,2902,151323,96,193456
1266,0.001604,74.125.24.0-255,5738,157061,96,193456
1267,0.001618,172.31.47.0-255,66,157127,96,193456
1268,0.001621,74.125.24.0-255,7156,164283,96,193456
1269,0.001624,74.125.24.0-255,1484,165767,96,193456
1270,0.001636,172.31.47.0-255,66,165833,96,193456
1271,0.001667,74.125.24.0-255,2184,168017,96,193456
1272,0.001673,172.31.47.0-255,66,168083,96,193456
1273,0.001691,74.125.24.0-255,2902,170985,96,193456
1274,0.001696,172.31.47.0-255,66,171051,96,193456
1275,0.001727,74.125.24.0-255,7156,178207,96,193456
1276,0.00173,172.31.47.0-255,66,178273,96,193456
1277,0.001737,74.125.24.0-255,6797,185070,96,193456
1278,0.001742,74.125.24.0-255,2902,187972,96,193456
1279,0.001746,172.31.47.0-255,66,188038,96,193456
1280,0.001792,172.31.47.0-255,66,188104,96,193456
1281,0.001806,172.31.47.0-255,66,188170,96,193456
1282,0.001863,172.31.47.0-255,66,188236,96,193456
1283,0.001866,74.125.24.0-255,1484,189720,96,193456
1284,0.001869,172.31.47.0-255,66,189786,96,193456
1285,0.001918,172.31.47.0-255,66,189852,96,193456
1286,0.001965,74.125.24.0-255,105,189957,96,193456
1287,0.001972,172.31.47.0-255,66,190023,96,193456
1288,0.00336,172.31.47.0-255,105,190128,96,193456
1289,0.005541,74.125.24.0-255,66,190194,96,193456
1290,0.028388,172.31.47.0-255,172,190366,96,193456
1291,0.028417,172.31.47.0-255,1109,191475,96,193456
1292,0.028452,172.31.47.0-255,1514,192989,96,193456
1293,0.028454,172.31.47.0-255,335,193324,96,193456
1294,0.029911,104.244.42.0-255,66,193390,96,193456
1295,0.029955,104.244.42.0-255,66,193456,96,193456
1296,0.0,74.125.24.0-255,153,153,96,197292
1297,3e-05,172.31.47.0-255,66,219,96,197292
1298,3.7e-05,74.125.24.0-255,1484,1703,96,197292
1299,4.2e-05,172.31.47.0-255,66,1769,96,197292
1300,5.3e-05,74.125.24.0-255,2902,4671,96,197292
1301,5.6e-05,172.31.47.0-255,66,4737,96,197292
1302,6.1e-05,74.125.24.0-255,2902,7639,96,197292
1303,6.4e-05,172.31.47.0-255,66,7705,96,197292
1304,0.000106,74.125.24.0-255,6246,13951,96,197292
1305,0.000109,172.31.47.0-255,66,14017,96,197292
1306,0.000161,74.125.24.0-255,1484,15501,96,197292
1307,0.000165,172.31.47.0-255,66,15567,96,197292
1308,0.000198,74.125.24.0-255,2902,18469,96,197292
1309,0.000201,172.31.47.0-255,66,18535,96,197292
1310,0.000208,74.125.24.0-255,5738,24273,96,197292
1311,0.00021,172.31.47.0-255,66,24339,96,197292
1312,0.000255,74.125.24.0-255,5738,30077,96,197292
1313,0.000259,172.31.47.0-255,66,30143,96,197292
1314,0.000282,74.125.24.0-255,1125,31268,96,197292
1315,0.000286,172.31.47.0-255,66,31334,96,197292
1316,0.00045,74.125.24.0-255,1484,32818,96,197292
1317,0.000455,172.31.47.0-255,66,32884,96,197292
1318,0.000459,74.125.24.0-255,2902,35786,96,197292
1319,0.000471,172.31.47.0-255,66,35852,96,197292
1320,0.000481,74.125.24.0-255,5738,41590,96,197292
1321,0.000488,172.31.47.0-255,66,41656,96,197292
1322,0.000496,74.125.24.0-255,6797,48453,96,197292
1323,0.000498,172.31.47.0-255,66,48519,96,197292
1324,0.000514,74.125.24.0-255,7156,55675,96,197292
1325,0.000519,172.31.47.0-255,66,55741,96,197292
1326,0.000549,74.125.24.0-255,7156,62897,96,197292
1327,0.000553,172.31.47.0-255,66,62963,96,197292
1328,0.000557,74.125.24.0-255,2817,65780,96,197292
1329,0.00056,172.31.47.0-255,66,65846,96,197292
1330,0.000563,74.125.24.0-255,127,65973,96,197292
1331,0.000617,74.125.24.0-255,351,66324,96,197292
1332,0.000851,172.31.47.0-255,66,66390,96,197292
1333,0.00097,74.125.24.0-255,1484,67874,96,197292
1334,0.00098,74.125.24.0-255,2902,70776,96,197292
1335,0.000984,172.31.47.0-255,66,70842,96,197292
1336,0.001013,74.125.24.0-255,5738,76580,96,197292
1337,0.001016,172.31.47.0-255,66,76646,96,197292
1338,0.00102,74.125.24.0-255,1484,78130,96,197292
1339,0.001056,172.31.47.0-255,66,78196,96,197292
1340,0.001082,74.125.24.0-255,1484,79680,96,197292
1341,0.001113,172.31.47.0-255,66,79746,96,197292
1342,0.001213,74.125.24.0-255,1484,81230,96,197292
1343,0.001219,74.125.24.0-255,2902,84132,96,197292
1344,0.001223,172.31.47.0-255,66,84198,96,197292
1345,0.001227,74.125.24.0-255,1484,85682,96,197292
1346,0.001256,74.125.24.0-255,4320,90002,96,197292
1347,0.00126,172.31.47.0-255,66,90068,96,197292
1348,0.001265,74.125.24.0-255,7156,97224,96,197292
1349,0.001268,172.31.47.0-255,66,97290,96,197292
1350,0.001281,74.125.24.0-255,2902,100192,96,197292
1351,0.001283,172.31.47.0-255,66,100258,96,197292
1352,0.001322,172.31.47.0-255,66,100324,96,197292
1353,0.001325,74.125.24.0-255,2184,102508,96,197292
1354,0.001327,172.31.47.0-255,66,102574,96,197292
1355,0.001958,74.125.24.0-255,1484,104058,96,197292
1356,0.001965,74.125.24.0-255,2902,106960,96,197292
1357,0.00197,172.31.47.0-255,66,107026,96,197292
1358,0.001994,74.125.24.0-255,4320,111346,96,197292
1359,0.001997,172.31.47.0-255,66,111412,96,197292
1360,0.003893,74.125.24.0-255,1484,112896,96,197292
1361,0.003937,74.125.24.0-255,1484,114380,96,197292
1362,0.00394,172.31.47.0-255,66,114446,96,197292
1363,0.003966,74.125.24.0-255,2902,117348,96,197292
1364,0.003969,172.31.47.0-255,66,117414,96,197292
1365,0.005868,74.125.24.0-255,2902,120316,96,197292
1366,0.005872,172.31.47.0-255,66,120382,96,197292
1367,0.005911,74.125.24.0-255,2902,123284,96,197292
1368,0.005914,172.31.47.0-255,66,123350,96,197292
1369,0.007834,74.125.24.0-255,5738,129088,96,197292
1370,0.00784,172.31.47.0-255,66,129154,96,197292
1371,0.009802,74.125.24.0-255,5738,134892,96,197292
1372,0.00981,172.31.47.0-255,66,134958,96,197292
1373,0.011731,74.125.24.0-255,5738,140696,96,197292
1374,0.011736,172.31.47.0-255,66,140762,96,197292
1375,0.01368,74.125.24.0-255,5738,146500,96,197292
1376,0.013685,172.31.47.0-255,66,146566,96,197292
1377,0.01567,74.125.24.0-255,5738,152304,96,197292
1378,0.015677,172.31.47.0-255,66,152370,96,197292
1379,0.017637,74.125.24.0-255,5738,158108,96,197292
1380,0.017644,172.31.47.0-255,66,158174,96,197292
1381,0.019583,74.125.24.0-255,5738,163912,96,197292
1382,0.01959,172.31.47.0-255,66,163978,96,197292
1383,0.02156,74.125.24.0-255,5738,169716,96,197292
1384,0.021566,172.31.47.0-255,66,169782,96,197292
1385,0.023497,74.125.24.0-255,5738,175520,96,197292
1386,0.023503,172.31.47.0-255,66,175586,96,197292
1387,0.025464,74.125.24.0-255,5738,181324,96,197292
1388,0.02547,172.31.47.0-255,66,181390,96,197292
1389,0.027426,74.125.24.0-255,5738,187128,96,197292
1390,0.027432,172.31.47.0-255,66,187194,96,197292
1391,0.028222,172.31.47.0-255,171,187365,96,197292
1392,0.028251,172.31.47.0-255,1133,188498,96,197292
1393,0.028289,172.31.47.0-255,1514,190012,96,197292
1394,0.028291,172.31.47.0-255,1278,191290,96,197292
1395,0.029364,74.125.24.0-255,5738,197028,96,197292
1396,0.029373,172.31.47.0-255,66,197094,96,197292
1397,0.029958,104.244.42.0-255,66,197160,96,197292
1398,0.029967,104.244.42.0-255,66,197226,96,197292
1399,0.029971,104.244.42.0-255,66,197292,96,197292
1400,0.0,74.125.24.0-255,157,157,96,196193
1401,2.3e-05,172.31.47.0-255,66,223,96,196193
1402,3e-05,74.125.24.0-255,1484,1707,96,196193
1403,3.3e-05,172.31.47.0-255,66,1773,96,196193
1404,3.8e-05,74.125.24.0-255,2902,4675,96,196193
1405,3.9e-05,172.31.47.0-255,66,4741,96,196193
1406,5.1e-05,74.125.24.0-255,5738,10479,96,196193
1407,5.3e-05,172.31.47.0-255,66,10545,96,196193
1408,8.5e-05,172.31.47.0-255,66,10611,96,196193
1409,0.000113,74.125.24.0-255,2251,12862,96,196193
1410,0.000115,172.31.47.0-255,66,12928,96,196193
1411,0.000121,74.125.24.0-255,6797,19725,96,196193
1412,0.000123,172.31.47.0-255,66,19791,96,196193
1413,0.000232,74.125.24.0-255,1484,21275,96,196193
1414,0.000236,172.31.47.0-255,66,21341,96,196193
1415,0.000239,74.125.24.0-255,1484,22825,96,196193
1416,0.000241,172.31.47.0-255,66,22891,96,196193
1417,0.00026,74.125.24.0-255,1484,24375,96,196193
1418,0.000264,172.31.47.0-255,66,24441,96,196193
1419,0.000265,74.125.24.0-255,5738,30179,96,196193
1420,0.000269,172.31.47.0-255,66,30245,96,196193
1421,0.00029,74.125.24.0-255,2902,33147,96,196193
1422,0.000294,172.31.47.0-255,66,33213,96,196193
1423,0.000332,172.31.47.0-255,66,33279,96,196193
1424,0.000336,74.125.24.0-255,2902,36181,96,196193
1425,0.000338,172.31.47.0-255,66,36247,96,196193
1426,0.000361,74.125.24.0-255,7139,43386,96,196193
1427,0.000368,172.31.47.0-255,66,43452,96,196193
1428,0.000387,74.125.24.0-255,345,43797,96,196193
1429,0.00039,172.31.47.0-255,66,43863,96,196193
1430,0.00056,74.125.24.0-255,1484,45347,96,196193
1431,0.000572,74.125.24.0-255,2902,48249,96,196193
1432,0.000575,172.31.47.0-255,66,48315,96,196193
1433,0.000578,74.125.24.0-255,1484,49799,96,196193
1434,0.000603,74.125.24.0-255,4320,54119,96,196193
1435,0.000605,172.31.47.0-255,66,54185,96,196193
1436,0.000611,74.125.24.0-255,5738,59923,96,196193
1437,0.000613,172.31.47.0-255,66,59989,96,196193
1438,0.00064,74.125.24.0-255,7156,67145,96,196193
1439,0.000643,172.31.47.0-255,66,67211,96,196193
1440,0.000649,74.125.24.0-255,7156,74367,96,196193
1441,0.00065,172.31.47.0-255,66,74433,96,196193
1442,0.000679,74.125.24.0-255,1484,75917,96,196193
1443,0.000695,74.125.24.0-255,2184,78101,96,196193
1444,0.000698,172.31.47.0-255,66,78167,96,196193
1445,0.000855,74.125.24.0-255,1484,79651,96,196193
1446,0.000868,74.125.24.0-255,2902,82553,96,196193
1447,0.000871,172.31.47.0-255,66,82619,96,196193
1448,0.000874,74.125.24.0-255,1484,84103,96,196193
1449,0.0009,74.125.24.0-255,4320,88423,96,196193
1450,0.000903,172.31.47.0-255,66,88489,96,196193
1451,0.000931,172.31.47.0-255,66,88555,96,196193
1452,0.000944,74.125.24.0-255,2902,91457,96,196193
1453,0.00095,172.31.47.0-255,66,91523,96,196193
1454,0.000957,74.125.24.0-255,7156,98679,96,196193
1455,0.000959,172.31.47.0-255,66,98745,96,196193
1456,0.000986,74.125.24.0-255,1484,100229,96,196193
1457,0.001001,74.125.24.0-255,3602,103831,96,196193
1458,0.001004,172.31.47.0-255,66,103897,96,196193
1459,0.001009,74.125.24.0-255,5738,109635,96,196193
1460,0.001011,172.31.47.0-255,66,109701,96,196193
1461,0.001029,74.125.24.0-255,5738,115439,96,196193
1462,0.001032,172.31.47.0-255,66,115505,96,196193
1463,0.001055,74.125.24.0-255,7156,122661,96,196193
1464,0.001058,172.31.47.0-255,66,122727,96,196193
1465,0.001063,74.125.24.0-255,7156,129883,96,196193
1466,0.001065,172.31.47.0-255,66,129949,96,196193
1467,0.001091,74.125.24.0-255,1484,131433,96,196193
1468,0.001105,74.125.24.0-255,5020,136453,96,196193
1469,0.001108,172.31.47.0-255,66,136519,96,196193
1470,0.001114,74.125.24.0-255,7156,143675,96,196193
1471,0.001115,172.31.47.0-255,66,143741,96,196193
1472,0.00115,172.31.47.0-255,66,143807,96,196193
1473,0.001181,74.125.24.0-255,1484,145291,96,196193
1474,0.001206,172.31.47.0-255,66,145357,96,196193
1475,0.001232,74.125.24.0-255,1484,146841,96,196193
1476,0.001235,74.125.24.0-255,1484,148325,96,196193
1477,0.001237,172.31.47.0-255,66,148391,96,196193
1478,0.001247,74.125.24.0-255,1484,149875,96,196193
1479,0.001258,74.125.24.0-255,5738,155613,96,196193
1480,0.001261,172.31.47.0-255,66,155679,96,196193
1481,0.001304,74.125.24.0-255,5738,161417,96,196193
1482,0.001306,172.31.47.0-255,66,161483,96,196193
1483,0.001333,74.125.24.0-255,5738,167221,96,196193
1484,0.001336,172.31.47.0-255,66,167287,96,196193
1485,0.001347,172.31.47.0-255,66,167353,96,196193
1486,0.001382,74.125.24.0-255,2902,170255,96,196193
1487,0.001385,172.31.47.0-255,66,170321,96,196193
1488,0.001419,172.31.47.0-255,66,170387,96,196193
1489,0.001451,172.31.47.0-255,66,170453,96,196193
1490,0.00146,172.31.47.0-255,66,170519,96,196193
1491,0.001701,74.125.24.0-255,1484,172003,96,196193
1492,0.001706,74.125.24.0-255,2902,174905,96,196193
1493,0.001709,172.31.47.0-255,66,174971,96,196193
1494,0.001738,74.125.24.0-255,5738,180709,96,196193
1495,0.001741,172.31.47.0-255,66,180775,96,196193
1496,0.001753,172.31.47.0-255,66,180841,96,196193
1497,0.001836,172.31.47.0-255,66,180907,96,196193
1498,0.00186,172.31.47.0-255,66,180973,96,196193
1499,0.001888,74.125.24.0-255,2902,183875,96,196193
1500,0.001891,172.31.47.0-255,66,183941,96,196193
1501,0.001905,172.31.47.0-255,66,184007,96,196193
1502,0.00192,172.31.47.0-255,66,184073,96,196193
1503,0.001931,172.31.47.0-255,66,184139,96,196193
1504,0.00197,172.31.47.0-255,66,184205,96,196193
1505,0.001984,172.31.47.0-255,66,184271,96,196193
1506,0.001997,172.31.47.0-255,66,184337,96,196193
1507,0.002002,74.125.24.0-255,4320,188657,96,196193
1508,0.002004,172.31.47.0-255,66,188723,96,196193
1509,0.002055,172.31.47.0-255,66,188789,96,196193
1510,0.00206,74.125.24.0-255,2699,191488,96,196193
1511,0.002062,172.31.47.0-255,66,191554,96,196193
1512,0.002065,74.125.24.0-255,105,191659,96,196193
1513,0.003329,172.31.47.0-255,66,191725,96,196193
1514,0.003353,172.31.47.0-255,105,191830,96,196193
1515,0.005939,74.125.24.0-255,66,191896,96,196193
1516,0.027091,172.31.47.0-255,172,192068,96,196193
1517,0.027118,172.31.47.0-255,1105,193173,96,196193
1518,0.02715,172.31.47.0-255,1514,194687,96,196193
1519,0.027152,172.31.47.0-255,1308,195995,96,196193
1520,0.02862,104.244.42.0-255,66,196061,96,196193
1521,0.028637,104.244.42.0-255,66,196127,96,196193
1522,0.02864,104.244.42.0-255,66,196193,96,196193
1523,0.0,172.31.47.0-255,105,105,96,105
1524,0.0,74.125.68.0-255,153,153,96,252260
1525,1.5e-05,172.31.47.0-255,66,219,96,252260
1526,4.6e-05,74.125.68.0-255,1484,1703,96,252260
1527,5.1e-05,172.31.47.0-255,66,1769,96,252260
1528,5.7e-05,74.125.68.0-255,2902,4671,96,252260
1529,6.1e-05,172.31.47.0-255,66,4737,96,252260
1530,6.6e-05,74.125.68.0-255,2902,7639,96,252260
1531,7.4e-05,172.31.47.0-255,66,7705,96,252260
1532,0.000101,74.125.68.0-255,4320,12025,96,252260
1533,0.000103,172.31.47.0-255,66,12091,96,252260
1534,0.000114,172.31.47.0-255,66,12157,96,252260
1535,0.000126,74.125.68.0-255,7156,19313,96,252260
1536,0.000128,172.31.47.0-255,66,19379,96,252260
1537,0.00017,74.125.68.0-255,3961,23340,96,252260
1538,0.000173,172.31.47.0-255,66,23406,96,252260
1539,0.000232,74.125.68.0-255,1484,24890,96,252260
1540,0.000236,172.31.47.0-255,66,24956,96,252260
1541,0.000239,74.125.68.0-255,1484,26440,96,252260
1542,0.000241,172.31.47.0-255,66,26506,96,252260
1543,0.000264,74.125.68.0-255,1484,27990,96,252260
1544,0.000271,172.31.47.0-255,66,28056,96,252260
1545,0.000278,74.125.68.0-255,5738,33794,96,252260
1546,0.00028,172.31.47.0-255,66,33860,96,252260
1547,0.000283,74.125.68.0-255,1484,35344,96,252260
1548,0.000286,172.31.47.0-255,66,35410,96,252260
1549,0.000311,74.125.68.0-255,5379,40789,96,252260
1550,0.000318,172.31.47.0-255,66,40855,96,252260
1551,0.000322,74.125.68.0-255,2902,43757,96,252260
1552,0.000325,172.31.47.0-255,66,43823,96,252260
1553,0.000361,74.125.68.0-255,5738,49561,96,252260
1554,0.000364,172.31.47.0-255,66,49627,96,252260
1555,0.000382,74.125.68.0-255,1484,51111,96,252260
1556,0.000402,74.125.68.0-255,7109,58220,96,252260
1557,0.000405,172.31.47.0-255,66,58286,96,252260
1558,0.000408,74.125.68.0-255,374,58660,96,252260
1559,0.000704,74.125.68.0-255,1484,60144,96,252260
1560,0.000709,74.125.68.0-255,2902,63046,96,252260
1561,0.000715,172.31.47.0-255,66,63112,96,252260
1562,0.000723,172.31.47.0-255,66,63178,96,252260
1563,0.000733,74.125.68.0-255,4320,67498,96,252260
1564,0.000737,172.31.47.0-255,66,67564,96,252260
1565,0.000772,172.31.47.0-255,66,67630,96,252260
1566,0.000777,74.125.68.0-255,2902,70532,96,252260
1567,0.000779,172.31.47.0-255,66,70598,96,252260
1568,0.000828,172.31.47.0-255,66,70664,96,252260
1569,0.000831,74.125.68.0-255,766,71430,96,252260
1570,0.000979,74.125.68.0-255,1484,72914,96,252260
1571,0.000985,172.31.47.0-255,66,72980,96,252260
1572,0.001011,74.125.68.0-255,2902,75882,96,252260
1573,0.001015,172.31.47.0-255,66,75948,96,252260
1574,0.001021,74.125.68.0-255,5738,81686,96,252260
1575,0.001024,172.31.47.0-255,66,81752,96,252260
1576,0.001028,74.125.68.0-255,2902,84654,96,252260
1577,0.001035,172.31.47.0-255,66,84720,96,252260
1578,0.00104,74.125.68.0-255,4320,89040,96,252260
1579,0.001042,172.31.47.0-255,66,89106,96,252260
1580,0.001082,172.31.47.0-255,66,89172,96,252260
1581,0.001087,74.125.68.0-255,4320,93492,96,252260
1582,0.00109,172.31.47.0-255,66,93558,96,252260
1583,0.001129,74.125.68.0-255,3602,97160,96,252260
1584,0.001131,172.31.47.0-255,66,97226,96,252260
1585,0.001174,74.125.68.0-255,2902,100128,96,252260
1586,0.001178,172.31.47.0-255,66,100194,96,252260
1587,0.001189,74.125.68.0-255,2902,103096,96,252260
1588,0.001196,172.31.47.0-255,66,103162,96,252260
1589,0.001227,74.125.68.0-255,1484,104646,96,252260
1590,0.001241,172.31.47.0-255,66,104712,96,252260
1591,0.001246,74.125.68.0-255,4320,109032,96,252260
1592,0.001249,172.31.47.0-255,66,109098,96,252260
1593,0.001259,74.125.68.0-255,5738,114836,96,252260
1594,0.001261,172.31.47.0-255,66,114902,96,252260
1595,0.001303,172.31.47.0-255,66,114968,96,252260
1596,0.00149,74.125.68.0-255,1484,116452,96,252260
1597,0.001526,74.125.68.0-255,2902,119354,96,252260
1598,0.001531,172.31.47.0-255,66,119420,96,252260
1599,0.001538,74.125.68.0-255,5738,125158,96,252260
1600,0.00154,172.31.47.0-255,66,125224,96,252260
1601,0.001545,74.125.68.0-255,2902,128126,96,252260
1602,0.001551,172.31.47.0-255,66,128192,96,252260
1603,0.001556,74.125.68.0-255,4320,132512,96,252260
1604,0.001558,172.31.47.0-255,66,132578,96,252260
1605,0.001605,172.31.47.0-255,66,132644,96,252260
1606,0.001612,74.125.68.0-255,5738,138382,96,252260
1607,0.001615,172.31.47.0-255,66,138448,96,252260
1608,0.001649,74.125.68.0-255,2184,140632,96,252260
1609,0.001651,172.31.47.0-255,66,140698,96,252260
1610,0.00201,74.125.68.0-255,1484,142182,96,252260
1611,0.002018,74.125.68.0-255,2902,145084,96,252260
1612,0.002024,172.31.47.0-255,66,145150,96,252260
1613,0.002053,74.125.68.0-255,2902,148052,96,252260
1614,0.002056,172.31.47.0-255,66,148118,96,252260
1615,0.002061,74.125.68.0-255,4320,152438,96,252260
1616,0.002063,172.31.47.0-255,66,152504,96,252260
1617,0.002066,74.125.68.0-255,1484,153988,96,252260
1618,0.002103,74.125.68.0-255,7156,161144,96,252260
1619,0.002106,172.31.47.0-255,66,161210,96,252260
1620,0.00211,74.125.68.0-255,2902,164112,96,252260
1621,0.002112,172.31.47.0-255,66,164178,96,252260
1622,0.00214,74.125.68.0-255,2902,167080,96,252260
1623,0.002147,172.31.47.0-255,66,167146,96,252260
1624,0.002184,172.31.47.0-255,66,167212,96,252260
1625,0.002196,172.31.47.0-255,66,167278,96,252260
1626,0.002235,74.125.68.0-255,4320,171598,96,252260
1627,0.002238,172.31.47.0-255,66,171664,96,252260
1628,0.002244,74.125.68.0-255,5738,177402,96,252260
1629,0.002247,172.31.47.0-255,66,177468,96,252260
1630,0.002264,172.31.47.0-255,66,177534,96,252260
1631,0.002303,74.125.68.0-255,1484,179018,96,252260
1632,0.002314,74.125.68.0-255,1484,180502,96,252260
1633,0.002316,172.31.47.0-255,66,180568,96,252260
1634,0.002321,74.125.68.0-255,1484,182052,96,252260
1635,0.002344,74.125.68.0-255,2902,184954,96,252260
1636,0.002347,172.31.47.0-255,66,185020,96,252260
1637,0.004608,74.125.68.0-255,1484,186504,96,252260
1638,0.004679,74.125.68.0-255,4320,190824,96,252260
1639,0.004685,172.31.47.0-255,66,190890,96,252260
1640,0.006991,74.125.68.0-255,5738,196628,96,252260
1641,0.006999,172.31.47.0-255,66,196694,96,252260
1642,0.009302,74.125.68.0-255,5738,202432,96,252260
1643,0.009308,172.31.47.0-255,66,202498,96,252260
1644,0.01161,74.125.68.0-255,5738,208236,96,252260
1645,0.011616,172.31.47.0-255,66,208302,96,252260
1646,0.01393,74.125.68.0-255,5738,214040,96,252260
1647,0.013938,172.31.47.0-255,66,214106,96,252260
1648,0.016242,74.125.68.0-255,5738,219844,96,252260
1649,0.01625,172.31.47.0-255,66,219910,96,252260
1650,0.01857,74.125.68.0-255,5738,225648,96,252260
1651,0.018584,172.31.47.0-255,66,225714,96,252260
1652,0.020888,74.125.68.0-255,5738,231452,96,252260
1653,0.020895,172.31.47.0-255,66,231518,96,252260
1654,0.0232,74.125.68.0-255,5738,237256,96,252260
1655,0.023206,172.31.47.0-255,66,237322,96,252260
1656,0.025534,74.125.68.0-255,5738,243060,96,252260
1657,0.025539,172.31.47.0-255,66,243126,96,252260
1658,0.026229,172.31.47.0-255,172,243298,96,252260
1659,0.026256,172.31.47.0-255,1105,244403,96,252260
1660,0.026308,172.31.47.0-255,1514,245917,96,252260
1661,0.02631,172.31.47.0-255,341,246258,96,252260
1662,0.02772,104.244.42.0-255,66,246324,96,252260
1663,0.027841,74.125.68.0-255,5738,252062,96,252260
1664,0.027845,172.31.47.0-255,66,252128,96,252260
1665,0.027871,104.244.42.0-255,66,252194,96,252260
1666,0.027886,104.244.42.0-255,66,252260,96,252260
1667,0.0,172.31.47.0-255,105,105,96,276
1668,0.002396,157.240.13.0-255,105,210,96,276
1669,0.002408,172.31.47.0-255,66,276,96,276
1670,0.0,172.31.47.0-255,105,105,96,105
1671,0.0,172.31.47.0-255,105,105,96,276
1672,0.002043,157.240.13.0-255,105,210,96,276
1673,0.002056,172.31.47.0-255,66,276,96,276
1674,0.0,74.125.24.0-255,153,153,96,178188
1675,2.2e-05,172.31.47.0-255,66,219,96,178188
1676,2.9e-05,74.125.24.0-255,1484,1703,96,178188
1677,3.2e-05,172.31.47.0-255,66,1769,96,178188
1678,3.6e-05,74.125.24.0-255,2902,4671,96,178188
1679,3.8e-05,172.31.47.0-255,66,4737,96,178188
1680,4.3e-05,74.125.24.0-255,5738,10475,96,178188
1681,4.6e-05,172.31.47.0-255,66,10541,96,178188
1682,4.8e-05,74.125.24.0-255,1484,12025,96,178188
1683,5e-05,172.31.47.0-255,66,12091,96,178188
1684,8.2e-05,172.31.47.0-255,66,12157,96,178188
1685,9.1e-05,172.31.47.0-255,66,12223,96,178188
1686,0.000135,74.125.24.0-255,1484,13707,96,178188
1687,0.000138,172.31.47.0-255,66,13773,96,178188
1688,0.000143,74.125.24.0-255,2902,16675,96,178188
1689,0.000144,172.31.47.0-255,66,16741,96,178188
1690,0.000162,74.125.24.0-255,5738,22479,96,178188
1691,0.000164,172.31.47.0-255,66,22545,96,178188
1692,0.000197,74.125.24.0-255,6797,29342,96,178188
1693,0.000199,172.31.47.0-255,66,29408,96,178188
1694,0.000205,74.125.24.0-255,7156,36564,96,178188
1695,0.000206,172.31.47.0-255,66,36630,96,178188
1696,0.000243,74.125.24.0-255,5738,42368,96,178188
1697,0.000246,172.31.47.0-255,66,42434,96,178188
1698,0.000258,74.125.24.0-255,4228,46662,96,178188
1699,0.000261,172.31.47.0-255,66,46728,96,178188
1700,0.000264,74.125.24.0-255,136,46864,96,178188
1701,0.000266,172.31.47.0-255,66,46930,96,178188
1702,0.000665,74.125.24.0-255,349,47279,96,178188
1703,0.00067,172.31.47.0-255,66,47345,96,178188
1704,0.000701,74.125.24.0-255,1484,48829,96,178188
1705,0.000707,74.125.24.0-255,4320,53149,96,178188
1706,0.000709,172.31.47.0-255,66,53215,96,178188
1707,0.000728,74.125.24.0-255,4320,57535,96,178188
1708,0.000731,172.31.47.0-255,66,57601,96,178188
1709,0.000758,74.125.24.0-255,5738,63339,96,178188
1710,0.00076,172.31.47.0-255,66,63405,96,178188
1711,0.000763,74.125.24.0-255,1125,64530,96,178188
1712,0.000817,172.31.47.0-255,66,64596,96,178188
1713,0.000905,74.125.24.0-255,1484,66080,96,178188
1714,0.000913,74.125.24.0-255,2902,68982,96,178188
1715,0.000916,172.31.47.0-255,66,69048,96,178188
1716,0.000935,74.125.24.0-255,5738,74786,96,178188
1717,0.000939,172.31.47.0-255,66,74852,96,178188
1718,0.000943,74.125.24.0-255,2902,77754,96,178188
1719,0.000945,172.31.47.0-255,66,77820,96,178188
1720,0.000981,172.31.47.0-255,66,77886,96,178188
1721,0.000989,172.31.47.0-255,66,77952,96,178188
1722,0.001013,74.125.24.0-255,4320,82272,96,178188
1723,0.001016,172.31.47.0-255,66,82338,96,178188
1724,0.001044,172.31.47.0-255,66,82404,96,178188
1725,0.001054,172.31.47.0-255,66,82470,96,178188
1726,0.001102,172.31.47.0-255,66,82536,96,178188
1727,0.001111,172.31.47.0-255,66,82602,96,178188
1728,0.001143,172.31.47.0-255,66,82668,96,178188
1729,0.001152,172.31.47.0-255,66,82734,96,178188
1730,0.001188,172.31.47.0-255,66,82800,96,178188
1731,0.001572,74.125.24.0-255,1484,84284,96,178188
1732,0.001576,74.125.24.0-255,2902,87186,96,178188
1733,0.001582,172.31.47.0-255,66,87252,96,178188
1734,0.001591,74.125.24.0-255,4320,91572,96,178188
1735,0.001592,172.31.47.0-255,66,91638,96,178188
1736,0.001605,74.125.24.0-255,1484,93122,96,178188
1737,0.001616,74.125.24.0-255,4320,97442,96,178188
1738,0.001618,172.31.47.0-255,66,97508,96,178188
1739,0.001638,74.125.24.0-255,7156,104664,96,178188
1740,0.001641,172.31.47.0-255,66,104730,96,178188
1741,0.001681,172.31.47.0-255,66,104796,96,178188
1742,0.001698,74.125.24.0-255,3602,108398,96,178188
1743,0.0017,172.31.47.0-255,66,108464,96,178188
1744,0.001789,74.125.24.0-255,1484,109948,96,178188
1745,0.001794,74.125.24.0-255,2902,112850,96,178188
1746,0.001796,172.31.47.0-255,66,112916,96,178188
1747,0.001818,74.125.24.0-255,5738,118654,96,178188
1748,0.00182,172.31.47.0-255,66,118720,96,178188
1749,0.001824,74.125.24.0-255,4320,123040,96,178188
1750,0.001826,172.31.47.0-255,66,123106,96,178188
1751,0.001828,74.125.24.0-255,1484,124590,96,178188
1752,0.001845,74.125.24.0-255,4320,128910,96,178188
1753,0.001849,172.31.47.0-255,66,128976,96,178188
1754,0.001858,74.125.24.0-255,5738,134714,96,178188
1755,0.001859,172.31.47.0-255,66,134780,96,178188
1756,0.001875,74.125.24.0-255,1484,136264,96,178188
1757,0.001914,172.31.47.0-255,66,136330,96,178188
1758,0.001917,74.125.24.0-255,1484,137814,96,178188
1759,0.001942,172.31.47.0-255,66,137880,96,178188
1760,0.00195,74.125.24.0-255,5738,143618,96,178188
1761,0.001952,172.31.47.0-255,66,143684,96,178188
1762,0.001967,74.125.24.0-255,2184,145868,96,178188
1763,0.001969,172.31.47.0-255,66,145934,96,178188
1764,0.002015,172.31.47.0-255,66,146000,96,178188
1765,0.00202,74.125.24.0-255,4320,150320,96,178188
1766,0.002021,172.31.47.0-255,66,150386,96,178188
1767,0.002045,172.31.47.0-255,66,150452,96,178188
1768,0.002051,74.125.24.0-255,7156,157608,96,178188
1769,0.002053,172.31.47.0-255,66,157674,96,178188
1770,0.002075,74.125.24.0-255,7156,164830,96,178188
1771,0.002078,172.31.47.0-255,66,164896,96,178188
1772,0.002086,172.31.47.0-255,66,164962,96,178188
1773,0.002117,172.31.47.0-255,66,165028,96,178188
1774,0.002131,172.31.47.0-255,66,165094,96,178188
1775,0.002155,74.125.24.0-255,2902,167996,96,178188
1776,0.002158,172.31.47.0-255,66,168062,96,178188
1777,0.002171,172.31.47.0-255,66,168128,96,178188
1778,0.002188,74.125.24.0-255,7156,175284,96,178188
1779,0.00219,172.31.47.0-255,66,175350,96,178188
1780,0.002215,74.125.24.0-255,2430,177780,96,178188
1781,0.002217,74.125.24.0-255,105,177885,96,178188
1782,0.002222,172.31.47.0-255,66,177951,96,178188
1783,0.003607,172.31.47.0-255,66,178017,96,178188
1784,0.003637,172.31.47.0-255,105,178122,96,178188
1785,0.005886,74.125.24.0-255,66,178188,96,178188
1786,0.0,74.125.200.0-255,162,162,96,201425
1787,3e-05,172.31.47.0-255,66,228,96,201425
1788,3.6e-05,74.125.200.0-255,1484,1712,96,201425
1789,4e-05,172.31.47.0-255,66,1778,96,201425
1790,4.4e-05,74.125.200.0-255,2902,4680,96,201425
1791,4.7e-05,172.31.47.0-255,66,4746,96,201425
1792,7.2e-05,74.125.200.0-255,5738,10484,96,201425
1793,7.4e-05,172.31.47.0-255,66,10550,96,201425
1794,7.9e-05,74.125.200.0-255,3669,14219,96,201425
1795,8.1e-05,172.31.47.0-255,66,14285,96,201425
1796,0.000139,74.125.200.0-255,1484,15769,96,201425
1797,0.000143,172.31.47.0-255,66,15835,96,201425
1798,0.000155,74.125.200.0-255,2902,18737,96,201425
1799,0.000159,172.31.47.0-255,66,18803,96,201425
1800,0.00018,74.125.200.0-255,5738,24541,96,201425
1801,0.000183,172.31.47.0-255,66,24607,96,201425
1802,0.000188,74.125.200.0-255,2902,27509,96,201425
1803,0.00019,172.31.47.0-255,66,27575,96,201425
1804,0.00021,74.125.200.0-255,3961,31536,96,201425
1805,0.000213,172.31.47.0-255,66,31602,96,201425
1806,0.000217,74.125.200.0-255,2902,34504,96,201425
1807,0.000219,172.31.47.0-255,66,34570,96,201425
1808,0.00025,74.125.200.0-255,2902,37472,96,201425
1809,0.000253,172.31.47.0-255,66,37538,96,201425
1810,0.00026,74.125.200.0-255,7156,44694,96,201425
1811,0.000262,172.31.47.0-255,66,44760,96,201425
1812,0.000276,74.125.200.0-255,2902,47662,96,201425
1813,0.000278,172.31.47.0-255,66,47728,96,201425
1814,0.000298,74.125.200.0-255,1125,48853,96,201425
1815,0.000301,172.31.47.0-255,66,48919,96,201425
1816,0.000576,74.125.200.0-255,1484,50403,96,201425
1817,0.000581,172.31.47.0-255,66,50469,96,201425
1818,0.000586,74.125.200.0-255,2902,53371,96,201425
1819,0.000588,172.31.47.0-255,66,53437,96,201425
1820,0.000612,74.125.200.0-255,5738,59175,96,201425
1821,0.000614,172.31.47.0-255,66,59241,96,201425
1822,0.000618,74.125.200.0-255,1484,60725,96,201425
1823,0.000635,74.125.200.0-255,5379,66104,96,201425
1824,0.000637,172.31.47.0-255,66,66170,96,201425
1825,0.000703,74.125.200.0-255,1484,67654,96,201425
1826,0.000716,74.125.200.0-255,1484,69138,96,201425
1827,0.000719,172.31.47.0-255,66,69204,96,201425
1828,0.000737,74.125.200.0-255,1484,70688,96,201425
1829,0.000742,74.125.200.0-255,2902,73590,96,201425
1830,0.000744,172.31.47.0-255,66,73656,96,201425
1831,0.000749,74.125.200.0-255,4320,77976,96,201425
1832,0.000751,172.31.47.0-255,66,78042,96,201425
1833,0.000773,74.125.200.0-255,1484,79526,96,201425
1834,0.000803,172.31.47.0-255,66,79592,96,201425
1835,0.000815,172.31.47.0-255,66,79658,96,201425
1836,0.000867,74.125.200.0-255,2543,82201,96,201425
1837,0.00087,172.31.47.0-255,66,82267,96,201425
1838,0.000873,74.125.200.0-255,647,82914,96,201425
1839,0.001059,172.31.47.0-255,66,82980,96,201425
1840,0.001515,74.125.200.0-255,1484,84464,96,201425
1841,0.001526,74.125.200.0-255,2902,87366,96,201425
1842,0.00153,172.31.47.0-255,66,87432,96,201425
1843,0.001538,74.125.200.0-255,5738,93170,96,201425
1844,0.00154,172.31.47.0-255,66,93236,96,201425
1845,0.001545,74.125.200.0-255,2902,96138,96,201425
1846,0.001546,172.31.47.0-255,66,96204,96,201425
1847,0.001564,74.125.200.0-255,4320,100524,96,201425
1848,0.001566,172.31.47.0-255,66,100590,96,201425
1849,0.001596,74.125.200.0-255,7156,107746,96,201425
1850,0.001599,172.31.47.0-255,66,107812,96,201425
1851,0.001623,74.125.200.0-255,7156,114968,96,201425
1852,0.001626,172.31.47.0-255,66,115034,96,201425
1853,0.00163,74.125.200.0-255,2184,117218,96,201425
1854,0.001632,172.31.47.0-255,66,117284,96,201425
1855,0.00184,74.125.200.0-255,1484,118768,96,201425
1856,0.001847,74.125.200.0-255,2902,121670,96,201425
1857,0.001851,172.31.47.0-255,66,121736,96,201425
1858,0.001857,74.125.200.0-255,2902,124638,96,201425
1859,0.00186,172.31.47.0-255,66,124704,96,201425
1860,0.001877,74.125.200.0-255,2902,127606,96,201425
1861,0.001879,172.31.47.0-255,66,127672,96,201425
1862,0.00191,172.31.47.0-255,66,127738,96,201425
1863,0.00194,74.125.200.0-255,2902,130640,96,201425
1864,0.001942,172.31.47.0-255,66,130706,96,201425
1865,0.001957,74.125.200.0-255,2902,133608,96,201425
1866,0.001959,172.31.47.0-255,66,133674,96,201425
1867,0.001984,74.125.200.0-255,2902,136576,96,201425
1868,0.001987,172.31.47.0-255,66,136642,96,201425
1869,0.002003,74.125.200.0-255,1484,138126,96,201425
1870,0.002031,74.125.200.0-255,2184,140310,96,201425
1871,0.002034,172.31.47.0-255,66,140376,96,201425
1872,0.004508,74.125.200.0-255,1484,141860,96,201425
1873,0.00456,74.125.200.0-255,2902,144762,96,201425
1874,0.004563,172.31.47.0-255,66,144828,96,201425
1875,0.004574,74.125.200.0-255,1484,146312,96,201425
1876,0.007096,74.125.200.0-255,4320,150632,96,201425
1877,0.007101,172.31.47.0-255,66,150698,96,201425
1878,0.00966,74.125.200.0-255,5738,156436,96,201425
1879,0.009667,172.31.47.0-255,66,156502,96,201425
1880,0.012204,74.125.200.0-255,5738,162240,96,201425
1881,0.012209,172.31.47.0-255,66,162306,96,201425
1882,0.014756,74.125.200.0-255,5738,168044,96,201425
1883,0.014764,172.31.47.0-255,66,168110,96,201425
1884,0.01731,74.125.200.0-255,5738,173848,96,201425
1885,0.017318,172.31.47.0-255,66,173914,96,201425
1886,0.019854,74.125.200.0-255,5738,179652,96,201425
1887,0.019862,172.31.47.0-255,66,179718,96,201425
1888,0.022303,172.31.47.0-255,172,179890,96,201425
1889,0.022357,172.31.47.0-255,1105,180995,96,201425
1890,0.022391,74.125.200.0-255,5738,186733,96,201425
1891,0.022396,172.31.47.0-255,66,186799,96,201425
1892,0.022501,172.31.47.0-255,1514,188313,96,201425
1893,0.022503,172.31.47.0-255,1306,189619,96,201425
1894,0.023859,104.244.42.0-255,66,189685,96,201425
1895,0.023895,104.244.42.0-255,66,189751,96,201425
1896,0.024055,104.244.42.0-255,66,189817,96,201425
1897,0.024935,74.125.200.0-255,5738,195555,96,201425
1898,0.02494,172.31.47.0-255,66,195621,96,201425
1899,0.027492,74.125.200.0-255,5738,201359,96,201425
1900,0.027498,172.31.47.0-255,66,201425,96,201425
1901,0.0,172.217.194.0-255,152,152,96,190366
1902,1.8e-05,172.31.47.0-255,66,218,96,190366
1903,2.5e-05,172.217.194.0-255,1484,1702,96,190366
1904,3.1e-05,172.31.47.0-255,66,1768,96,190366
1905,3.5e-05,172.217.194.0-255,2902,4670,96,190366
1906,4.9e-05,172.31.47.0-255,66,4736,96,190366
1907,5.7e-05,172.217.194.0-255,7156,11892,96,190366
1908,6.2e-05,172.31.47.0-255,66,11958,96,190366
1909,6.6e-05,172.217.194.0-255,2097,14055,96,190366
1910,6.9e-05,172.31.47.0-255,66,14121,96,190366
1911,9.1e-05,172.217.194.0-255,1484,15605,96,190366
1912,9.4e-05,172.31.47.0-255,66,15671,96,190366
1913,0.000116,172.217.194.0-255,1484,17155,96,190366
1914,0.00012,172.31.47.0-255,66,17221,96,190366
1915,0.000125,172.217.194.0-255,4320,21541,96,190366
1916,0.000127,172.31.47.0-255,66,21607,96,190366
1917,0.000138,172.31.47.0-255,66,21673,96,190366
1918,0.00017,172.217.194.0-255,1125,22798,96,190366
1919,0.000173,172.31.47.0-255,66,22864,96,190366
1920,0.000197,172.217.194.0-255,1484,24348,96,190366
1921,0.000199,172.31.47.0-255,66,24414,96,190366
1922,0.000213,172.217.194.0-255,2902,27316,96,190366
1923,0.000215,172.31.47.0-255,66,27382,96,190366
1924,0.000226,172.217.194.0-255,4320,31702,96,190366
1925,0.000229,172.31.47.0-255,66,31768,96,190366
1926,0.00027,172.217.194.0-255,5738,37506,96,190366
1927,0.000274,172.31.47.0-255,66,37572,96,190366
1928,0.0003,172.217.194.0-255,2543,40115,96,190366
1929,0.000303,172.31.47.0-255,66,40181,96,190366
1930,0.000388,172.217.194.0-255,1484,41665,96,190366
1931,0.000393,172.31.47.0-255,66,41731,96,190366
1932,0.000398,172.217.194.0-255,2902,44633,96,190366
1933,0.000401,172.31.47.0-255,66,44699,96,190366
1934,0.000406,172.217.194.0-255,4320,49019,96,190366
1935,0.000413,172.31.47.0-255,66,49085,96,190366
1936,0.000439,172.217.194.0-255,1484,50569,96,190366
1937,0.000447,172.217.194.0-255,6797,57366,96,190366
1938,0.000451,172.31.47.0-255,66,57432,96,190366
1939,0.000453,172.217.194.0-255,379,57811,96,190366
1940,0.000518,172.217.194.0-255,366,58177,96,190366
1941,0.000592,172.217.194.0-255,1484,59661,96,190366
1942,0.000597,172.31.47.0-255,66,59727,96,190366
1943,0.000603,172.217.194.0-255,2902,62629,96,190366
1944,0.000605,172.31.47.0-255,66,62695,96,190366
1945,0.000639,172.217.194.0-255,5738,68433,96,190366
1946,0.000646,172.217.194.0-255,4320,72753,96,190366
1947,0.000685,172.217.194.0-255,4320,77073,96,190366
1948,0.000703,172.217.194.0-255,3602,80675,96,190366
1949,0.00071,172.31.47.0-255,66,80741,96,190366
1950,0.001473,172.217.194.0-255,1484,82225,96,190366
1951,0.001484,172.217.194.0-255,2902,85127,96,190366
1952,0.001489,172.31.47.0-255,66,85193,96,190366
1953,0.001496,172.217.194.0-255,2902,88095,96,190366
1954,0.001498,172.31.47.0-255,66,88161,96,190366
1955,0.001516,172.217.194.0-255,2902,91063,96,190366
1956,0.001518,172.31.47.0-255,66,91129,96,190366
1957,0.00153,172.217.194.0-255,5738,96867,96,190366
1958,0.001532,172.31.47.0-255,66,96933,96,190366
1959,0.001565,172.217.194.0-255,7156,104089,96,190366
1960,0.001567,172.31.47.0-255,66,104155,96,190366
1961,0.001579,172.31.47.0-255,66,104221,96,190366
1962,0.002068,172.217.194.0-255,1484,105705,96,190366
1963,0.002078,172.217.194.0-255,2902,108607,96,190366
1964,0.002083,172.31.47.0-255,66,108673,96,190366
1965,0.002089,172.217.194.0-255,2902,111575,96,190366
1966,0.002091,172.31.47.0-255,66,111641,96,190366
1967,0.002132,172.217.194.0-255,2902,114543,96,190366
1968,0.002134,172.31.47.0-255,66,114609,96,190366
1969,0.002151,172.31.47.0-255,66,114675,96,190366
1970,0.004223,172.217.194.0-255,4320,118995,96,190366
1971,0.00423,172.31.47.0-255,66,119061,96,190366
1972,0.004255,172.217.194.0-255,1484,120545,96,190366
1973,0.006292,172.217.194.0-255,4320,124865,96,190366
1974,0.006296,172.31.47.0-255,66,124931,96,190366
1975,0.008373,172.217.194.0-255,5738,130669,96,190366
1976,0.008379,172.31.47.0-255,66,130735,96,190366
1977,0.010494,172.217.194.0-255,5738,136473,96,190366
1978,0.010501,172.31.47.0-255,66,136539,96,190366
1979,0.012592,172.217.194.0-255,5738,142277,96,190366
1980,0.012601,172.31.47.0-255,66,142343,96,190366
1981,0.014689,172.217.194.0-255,5738,148081,96,190366
1982,0.014695,172.31.47.0-255,66,148147,96,190366
1983,0.016758,172.217.194.0-255,5738,153885,96,190366
1984,0.016766,172.31.47.0-255,66,153951,96,190366
1985,0.018843,172.217.194.0-255,5738,159689,96,190366
1986,0.018848,172.31.47.0-255,66,159755,96,190366
1987,0.020919,172.217.194.0-255,4320,164075,96,190366
1988,0.020923,172.31.47.0-255,66,164141,96,190366
1989,0.020952,172.217.194.0-255,1484,165625,96,190366
1990,0.023013,172.217.194.0-255,4320,169945,96,190366
1991,0.023022,172.31.47.0-255,66,170011,96,190366
1992,0.024533,172.31.47.0-255,172,170183,96,190366
1993,0.024561,172.31.47.0-255,1110,171293,96,190366
1994,0.024591,172.31.47.0-255,1514,172807,96,190366
1995,0.024593,172.31.47.0-255,1301,174108,96,190366
1996,0.025097,172.217.194.0-255,5738,179846,96,190366
1997,0.025102,172.31.47.0-255,66,179912,96,190366
1998,0.026057,104.244.42.0-255,66,179978,96,190366
1999,0.02609,104.244.42.0-255,66,180044,96,190366
2000,0.026148,104.244.42.0-255,66,180110,96,190366
2001,0.02719,172.217.194.0-255,4320,184430,96,190366
2002,0.027193,172.31.47.0-255,66,184496,96,190366
2003,0.027222,172.217.194.0-255,1484,185980,96,190366
2004,0.029239,172.217.194.0-255,4320,190300,96,190366
2005,0.029244,172.31.47.0-255,66,190366,96,190366
2006,0.0,172.217.194.0-255,154,154,96,189626
2007,2.6e-05,172.31.47.0-255,66,220,96,189626
2008,3.4e-05,172.217.194.0-255,1484,1704,96,189626
2009,3.8e-05,172.31.47.0-255,66,1770,96,189626
2010,4.3e-05,172.217.194.0-255,2902,4672,96,189626
2011,4.6e-05,172.31.47.0-255,66,4738,96,189626
2012,6.3e-05,172.217.194.0-255,7156,11894,96,189626
2013,6.6e-05,172.31.47.0-255,66,11960,96,189626
2014,6.9e-05,172.217.194.0-255,1484,13444,96,189626
2015,7.3e-05,172.31.47.0-255,66,13510,96,189626
2016,7.6e-05,172.217.194.0-255,730,14240,96,189626
2017,7.9e-05,172.31.47.0-255,66,14306,96,189626
2018,0.000309,172.217.194.0-255,1484,15790,96,189626
2019,0.000315,172.31.47.0-255,66,15856,96,189626
2020,0.000321,172.217.194.0-255,2902,18758,96,189626
2021,0.000324,172.31.47.0-255,66,18824,96,189626
2022,0.000331,172.217.194.0-255,5738,24562,96,189626
2023,0.000339,172.31.47.0-255,66,24628,96,189626
2024,0.000346,172.217.194.0-255,5738,30366,96,189626
2025,0.000348,172.31.47.0-255,66,30432,96,189626
2026,0.000385,172.217.194.0-255,1125,31557,96,189626
2027,0.000387,172.31.47.0-255,66,31623,96,189626
2028,0.000426,172.217.194.0-255,1484,33107,96,189626
2029,0.000429,172.31.47.0-255,66,33173,96,189626
2030,0.000433,172.217.194.0-255,2902,36075,96,189626
2031,0.000436,172.31.47.0-255,66,36141,96,189626
2032,0.000439,172.217.194.0-255,1484,37625,96,189626
2033,0.000441,172.31.47.0-255,66,37691,96,189626
2034,0.000468,172.217.194.0-255,2902,40593,96,189626
2035,0.00047,172.31.47.0-255,66,40659,96,189626
2036,0.000481,172.31.47.0-255,66,40725,96,189626
2037,0.000522,172.217.194.0-255,342,41067,96,189626
2038,0.000591,172.217.194.0-255,119,41186,96,189626
2039,0.000605,172.217.194.0-255,382,41568,96,189626
2040,0.000614,172.31.47.0-255,66,41634,96,189626
2041,0.00087,172.217.194.0-255,1484,43118,96,189626
2042,0.000877,172.217.194.0-255,2902,46020,96,189626
2043,0.000886,172.31.47.0-255,66,46086,96,189626
2044,0.000898,172.217.194.0-255,5738,51824,96,189626
2045,0.000936,172.217.194.0-255,4320,56144,96,189626
2046,0.00096,172.217.194.0-255,1484,57628,96,189626
2047,0.000978,172.217.194.0-255,5020,62648,96,189626
2048,0.000983,172.31.47.0-255,66,62714,96,189626
2049,0.001506,172.217.194.0-255,1484,64198,96,189626
2050,0.001512,172.217.194.0-255,2902,67100,96,189626
2051,0.001515,172.31.47.0-255,66,67166,96,189626
2052,0.001523,172.217.194.0-255,5738,72904,96,189626
2053,0.001545,172.31.47.0-255,66,72970,96,189626
2054,0.001563,172.31.47.0-255,66,73036,96,189626
2055,0.001598,172.217.194.0-255,4320,77356,96,189626
2056,0.001624,172.217.194.0-255,4320,81676,96,189626
2057,0.001626,172.31.47.0-255,66,81742,96,189626
2058,0.00163,172.31.47.0-255,66,81808,96,189626
2059,0.001658,172.217.194.0-255,1484,83292,96,189626
2060,0.001665,172.217.194.0-255,7156,90448,96,189626
2061,0.001709,172.31.47.0-255,66,90514,96,189626
2062,0.001723,172.217.194.0-255,5738,96252,96,189626
2063,0.001745,172.31.47.0-255,66,96318,96,189626
2064,0.001776,172.217.194.0-255,2902,99220,96,189626
2065,0.00178,172.217.194.0-255,2184,101404,96,189626
2066,0.001803,172.217.194.0-255,2902,104306,96,189626
2067,0.001806,172.217.194.0-255,1484,105790,96,189626
2068,0.001819,172.217.194.0-255,5738,111528,96,189626
2069,0.001834,172.31.47.0-255,66,111594,96,189626
2070,0.001839,172.217.194.0-255,2902,114496,96,189626
2071,0.001843,172.31.47.0-255,66,114562,96,189626
2072,0.001878,172.217.194.0-255,1484,116046,96,189626
2073,0.001883,172.217.194.0-255,4320,120366,96,189626
2074,0.001906,172.217.194.0-255,2184,122550,96,189626
2075,0.001911,172.217.194.0-255,4320,126870,96,189626
2076,0.001916,172.31.47.0-255,66,126936,96,189626
2077,0.00193,172.217.194.0-255,2902,129838,96,189626
2078,0.001937,172.217.194.0-255,7156,136994,96,189626
2079,0.002017,172.31.47.0-255,66,137060,96,189626
2080,0.002034,172.31.47.0-255,66,137126,96,189626
2081,0.002112,172.217.194.0-255,1484,138610,96,189626
2082,0.002116,172.217.194.0-255,1484,140094,96,189626
2083,0.002127,172.217.194.0-255,1484,141578,96,189626
2084,0.002133,172.217.194.0-255,5738,147316,96,189626
2085,0.002136,172.31.47.0-255,66,147382,96,189626
2086,0.002148,172.31.47.0-255,66,147448,96,189626
2087,0.002206,172.217.194.0-255,5738,153186,96,189626
2088,0.002237,172.31.47.0-255,66,153252,96,189626
2089,0.002244,172.31.47.0-255,66,153318,96,189626
2090,0.004492,172.217.194.0-255,5738,159056,96,189626
2091,0.01184,172.217.194.0-255,1484,160540,96,189626
2092,0.011896,172.31.47.0-255,66,160606,96,189626
2093,0.014156,172.217.194.0-255,5738,166344,96,189626
2094,0.014174,172.31.47.0-255,66,166410,96,189626
2095,0.016439,172.217.194.0-255,5738,172148,96,189626
2096,0.020027,172.31.47.0-255,66,172214,96,189626
2097,0.02227,172.217.194.0-255,5738,177952,96,189626
2098,0.022282,172.31.47.0-255,66,178018,96,189626
2099,0.024531,172.217.194.0-255,5738,183756,96,189626
2100,0.027669,172.31.47.0-255,66,183822,96,189626
2101,0.02994,172.217.194.0-255,5738,189560,96,189626
2102,0.029951,172.31.47.0-255,66,189626,96,189626
2103,0.0,172.217.194.0-255,153,153,96,153131
2104,2.5e-05,172.31.47.0-255,66,219,96,153131
2105,3.1e-05,172.217.194.0-255,1484,1703,96,153131
2106,3.4e-05,172.31.47.0-255,66,1769,96,153131
2107,3.7e-05,172.217.194.0-255,1484,3253,96,153131
2108,3.8e-05,172.31.47.0-255,66,3319,96,153131
2109,5.1e-05,172.217.194.0-255,1484,4803,96,153131
2110,5.3e-05,172.31.47.0-255,66,4869,96,153131
2111,6.1e-05,172.217.194.0-255,7156,12025,96,153131
2112,6.3e-05,172.31.47.0-255,66,12091,96,153131
2113,8.6e-05,172.217.194.0-255,2083,14174,96,153131
2114,8.7e-05,172.31.47.0-255,66,14240,96,153131
2115,0.000894,172.217.194.0-255,1484,15724,96,153131
2116,0.0009,172.31.47.0-255,66,15790,96,153131
2117,0.000909,172.217.194.0-255,2902,18692,96,153131
2118,0.000911,172.31.47.0-255,66,18758,96,153131
2119,0.000915,172.217.194.0-255,2902,21660,96,153131
2120,0.000916,172.31.47.0-255,66,21726,96,153131
2121,0.000934,172.217.194.0-255,2902,24628,96,153131
2122,0.000936,172.31.47.0-255,66,24694,96,153131
2123,0.00095,172.217.194.0-255,2902,27596,96,153131
2124,0.000951,172.31.47.0-255,66,27662,96,153131
2125,0.000972,172.217.194.0-255,3961,31623,96,153131
2126,0.000974,172.31.47.0-255,66,31689,96,153131
2127,0.001016,172.217.194.0-255,1484,33173,96,153131
2128,0.001018,172.31.47.0-255,66,33239,96,153131
2129,0.001033,172.217.194.0-255,5738,38977,96,153131
2130,0.001035,172.31.47.0-255,66,39043,96,153131
2131,0.001046,172.217.194.0-255,4320,43363,96,153131
2132,0.001048,172.31.47.0-255,66,43429,96,153131
2133,0.001062,172.217.194.0-255,2902,46331,96,153131
2134,0.001063,172.31.47.0-255,66,46397,96,153131
2135,0.001077,172.217.194.0-255,4320,50717,96,153131
2136,0.001078,172.31.47.0-255,66,50783,96,153131
2137,0.001121,172.31.47.0-255,66,50849,96,153131
2138,0.001138,172.217.194.0-255,1484,52333,96,153131
2139,0.00114,172.31.47.0-255,66,52399,96,153131
2140,0.001143,172.217.194.0-255,1484,53883,96,153131
2141,0.001144,172.31.47.0-255,66,53949,96,153131
2142,0.001157,172.217.194.0-255,2184,56133,96,153131
2143,0.001159,172.31.47.0-255,66,56199,96,153131
2144,0.001278,172.217.194.0-255,340,56539,96,153131
2145,0.00128,172.31.47.0-255,66,56605,96,153131
2146,0.001323,172.217.194.0-255,117,56722,96,153131
2147,0.001325,172.31.47.0-255,66,56788,96,153131
2148,0.001427,172.217.194.0-255,1484,58272,96,153131
2149,0.001429,172.31.47.0-255,66,58338,96,153131
2150,0.001449,172.217.194.0-255,1484,59822,96,153131
2151,0.00145,172.31.47.0-255,66,59888,96,153131
2152,0.001466,172.217.194.0-255,1484,61372,96,153131
2153,0.001467,172.31.47.0-255,66,61438,96,153131
2154,0.001478,172.217.194.0-255,2902,64340,96,153131
2155,0.00148,172.31.47.0-255,66,64406,96,153131
2156,0.001494,172.217.194.0-255,2902,67308,96,153131
2157,0.001496,172.31.47.0-255,66,67374,96,153131
2158,0.001513,172.217.194.0-255,1484,68858,96,153131
2159,0.001515,172.31.47.0-255,66,68924,96,153131
2160,0.001543,172.31.47.0-255,66,68990,96,153131
2161,0.001578,172.217.194.0-255,4320,73310,96,153131
2162,0.00158,172.31.47.0-255,66,73376,96,153131
2163,0.001596,172.217.194.0-255,1484,74860,96,153131
2164,0.001597,172.31.47.0-255,66,74926,96,153131
2165,0.001606,172.217.194.0-255,1484,76410,96,153131
2166,0.001608,172.31.47.0-255,66,76476,96,153131
2167,0.001626,172.217.194.0-255,3602,80078,96,153131
2168,0.001628,172.31.47.0-255,66,80144,96,153131
2169,0.003882,172.217.194.0-255,1484,81628,96,153131
2170,0.003887,172.31.47.0-255,66,81694,96,153131
2171,0.003913,172.217.194.0-255,4320,86014,96,153131
2172,0.00393,172.31.47.0-255,66,86080,96,153131
2173,0.006162,172.217.194.0-255,1484,87564,96,153131
2174,0.006169,172.31.47.0-255,66,87630,96,153131
2175,0.006206,172.217.194.0-255,4320,91950,96,153131
2176,0.006208,172.31.47.0-255,66,92016,96,153131
2177,0.008502,172.217.194.0-255,5738,97754,96,153131
2178,0.008509,172.31.47.0-255,66,97820,96,153131
2179,0.010786,172.217.194.0-255,5738,103558,96,153131
2180,0.010793,172.31.47.0-255,66,103624,96,153131
2181,0.013106,172.217.194.0-255,5738,109362,96,153131
2182,0.013115,172.31.47.0-255,66,109428,96,153131
2183,0.015397,172.217.194.0-255,5738,115166,96,153131
2184,0.015404,172.31.47.0-255,66,115232,96,153131
2185,0.017707,172.217.194.0-255,5738,120970,96,153131
2186,0.017712,172.31.47.0-255,66,121036,96,153131
2187,0.0193,172.31.47.0-255,172,121208,96,153131
2188,0.01933,172.31.47.0-255,1110,122318,96,153131
2189,0.019367,172.31.47.0-255,1514,123832,96,153131
2190,0.019369,172.31.47.0-255,1301,125133,96,153131
2191,0.019992,172.217.194.0-255,5738,130871,96,153131
2192,0.019999,172.31.47.0-255,66,130937,96,153131
2193,0.020837,104.244.42.0-255,66,131003,96,153131
2194,0.020858,104.244.42.0-255,66,131069,96,153131
2195,0.020977,104.244.42.0-255,66,131135,96,153131
2196,0.022279,172.217.194.0-255,4320,135455,96,153131
2197,0.022283,172.31.47.0-255,66,135521,96,153131
2198,0.022311,172.217.194.0-255,1484,137005,96,153131
2199,0.024571,172.217.194.0-255,4320,141325,96,153131
2200,0.024577,172.31.47.0-255,66,141391,96,153131
2201,0.026838,172.217.194.0-255,5738,147129,96,153131
2202,0.026843,172.31.47.0-255,66,147195,96,153131
2203,0.029191,172.217.194.0-255,2902,150097,96,153131
2204,0.029196,172.31.47.0-255,66,150163,96,153131
2205,0.029226,172.217.194.0-255,2902,153065,96,153131
2206,0.029229,172.31.47.0-255,66,153131,96,153131
2207,0.0,74.125.24.0-255,153,153,96,242914
2208,2.5e-05,172.31.47.0-255,66,219,96,242914
2209,3.1e-05,74.125.24.0-255,1484,1703,96,242914
2210,3.5e-05,172.31.47.0-255,66,1769,96,242914
2211,4e-05,74.125.24.0-255,2902,4671,96,242914
2212,4.2e-05,172.31.47.0-255,66,4737,96,242914
2213,7e-05,74.125.24.0-255,5738,10475,96,242914
2214,7.4e-05,172.31.47.0-255,66,10541,96,242914
2215,9.5e-05,74.125.24.0-255,3557,14098,96,242914
2216,9.8e-05,172.31.47.0-255,66,14164,96,242914
2217,0.000134,74.125.24.0-255,4320,18484,96,242914
2218,0.000137,172.31.47.0-255,66,18550,96,242914
2219,0.000156,74.125.24.0-255,4320,22870,96,242914
2220,0.00016,172.31.47.0-255,66,22936,96,242914
2221,0.000214,74.125.24.0-255,5738,28674,96,242914
2222,0.000217,172.31.47.0-255,66,28740,96,242914
2223,0.000235,74.125.24.0-255,2543,31283,96,242914
2224,0.000237,172.31.47.0-255,66,31349,96,242914
2225,0.000314,74.125.24.0-255,1484,32833,96,242914
2226,0.000319,172.31.47.0-255,66,32899,96,242914
2227,0.000324,74.125.24.0-255,2902,35801,96,242914
2228,0.000326,172.31.47.0-255,66,35867,96,242914
2229,0.00035,74.125.24.0-255,5738,41605,96,242914
2230,0.000354,172.31.47.0-255,66,41671,96,242914
2231,0.000359,74.125.24.0-255,4320,45991,96,242914
2232,0.000362,172.31.47.0-255,66,46057,96,242914
2233,0.000375,74.125.24.0-255,2543,48600,96,242914
2234,0.000377,172.31.47.0-255,66,48666,96,242914
2235,0.000416,74.125.24.0-255,1484,50150,96,242914
2236,0.000419,172.31.47.0-255,66,50216,96,242914
2237,0.000424,74.125.24.0-255,2902,53118,96,242914
2238,0.000426,172.31.47.0-255,66,53184,96,242914
2239,0.000444,74.125.24.0-255,5738,58922,96,242914
2240,0.000447,172.31.47.0-255,66,58988,96,242914
2241,0.000454,74.125.24.0-255,7127,66115,96,242914
2242,0.000456,172.31.47.0-255,66,66181,96,242914
2243,0.000483,74.125.24.0-255,379,66560,96,242914
2244,0.000487,172.31.47.0-255,66,66626,96,242914
2245,0.000673,74.125.24.0-255,1484,68110,96,242914
2246,0.000677,172.31.47.0-255,66,68176,96,242914
2247,0.000682,74.125.24.0-255,2902,71078,96,242914
2248,0.000685,172.31.47.0-255,66,71144,96,242914
2249,0.000691,74.125.24.0-255,5738,76882,96,242914
2250,0.000693,172.31.47.0-255,66,76948,96,242914
2251,0.000718,74.125.24.0-255,5738,82686,96,242914
2252,0.000721,172.31.47.0-255,66,82752,96,242914
2253,0.000758,74.125.24.0-255,4320,87072,96,242914
2254,0.000761,172.31.47.0-255,66,87138,96,242914
2255,0.00078,74.125.24.0-255,5379,92517,96,242914
2256,0.000783,172.31.47.0-255,66,92583,96,242914
2257,0.000809,74.125.24.0-255,2902,95485,96,242914
2258,0.000812,172.31.47.0-255,66,95551,96,242914
2259,0.000827,74.125.24.0-255,5379,100930,96,242914
2260,0.00083,172.31.47.0-255,66,100996,96,242914
2261,0.001202,74.125.24.0-255,1484,102480,96,242914
2262,0.001206,74.125.24.0-255,1484,103964,96,242914
2263,0.001208,172.31.47.0-255,66,104030,96,242914
2264,0.001211,172.31.47.0-255,66,104096,96,242914
2265,0.001228,74.125.24.0-255,1484,105580,96,242914
2266,0.00123,172.31.47.0-255,66,105646,96,242914
2267,0.001236,74.125.24.0-255,5738,111384,96,242914
2268,0.001238,172.31.47.0-255,66,111450,96,242914
2269,0.001243,74.125.24.0-255,4320,115770,96,242914
2270,0.001245,172.31.47.0-255,66,115836,96,242914
2271,0.001272,172.31.47.0-255,66,115902,96,242914
2272,0.001305,172.31.47.0-255,66,115968,96,242914
2273,0.001466,74.125.24.0-255,1484,117452,96,242914
2274,0.001471,172.31.47.0-255,66,117518,96,242914
2275,0.001475,74.125.24.0-255,1484,119002,96,242914
2276,0.001478,172.31.47.0-255,66,119068,96,242914
2277,0.001493,74.125.24.0-255,1484,120552,96,242914
2278,0.001495,172.31.47.0-255,66,120618,96,242914
2279,0.001502,74.125.24.0-255,5738,126356,96,242914
2280,0.001504,172.31.47.0-255,66,126422,96,242914
2281,0.00152,74.125.24.0-255,7156,133578,96,242914
2282,0.001523,172.31.47.0-255,66,133644,96,242914
2283,0.001548,172.31.47.0-255,66,133710,96,242914
2284,0.001582,172.31.47.0-255,66,133776,96,242914
2285,0.001623,74.125.24.0-255,1484,135260,96,242914
2286,0.001626,172.31.47.0-255,66,135326,96,242914
2287,0.00163,74.125.24.0-255,2902,138228,96,242914
2288,0.001631,172.31.47.0-255,66,138294,96,242914
2289,0.001643,74.125.24.0-255,2902,141196,96,242914
2290,0.001646,172.31.47.0-255,66,141262,96,242914
2291,0.001661,74.125.24.0-255,2902,144164,96,242914
2292,0.001663,172.31.47.0-255,66,144230,96,242914
2293,0.001668,74.125.24.0-255,4320,148550,96,242914
2294,0.00167,172.31.47.0-255,66,148616,96,242914
2295,0.001707,172.31.47.0-255,66,148682,96,242914
2296,0.00172,172.31.47.0-255,66,148748,96,242914
2297,0.001724,74.125.24.0-255,2902,151650,96,242914
2298,0.001733,172.31.47.0-255,66,151716,96,242914
2299,0.001744,74.125.24.0-255,3602,155318,96,242914
2300,0.00175,74.125.24.0-255,7156,162474,96,242914
2301,0.001762,172.31.47.0-255,66,162540,96,242914
2302,0.00182,172.31.47.0-255,66,162606,96,242914
2303,0.001839,172.31.47.0-255,66,162672,96,242914
2304,0.001852,74.125.24.0-255,2184,164856,96,242914
2305,0.001869,74.125.24.0-255,5738,170594,96,242914
2306,0.001869,172.31.47.0-255,66,170660,96,242914
2307,0.001873,172.31.47.0-255,66,170726,96,242914
2308,0.001895,74.125.24.0-255,5738,176464,96,242914
2309,0.001905,172.31.47.0-255,66,176530,96,242914
2310,0.001909,172.31.47.0-255,66,176596,96,242914
2311,0.002251,74.125.24.0-255,1484,178080,96,242914
2312,0.002265,74.125.24.0-255,2902,180982,96,242914
2313,0.002268,172.31.47.0-255,66,181048,96,242914
2314,0.002272,74.125.24.0-255,1484,182532,96,242914
2315,0.002292,74.125.24.0-255,4320,186852,96,242914
2316,0.002304,172.31.47.0-255,66,186918,96,242914
2317,0.002307,74.125.24.0-255,2902,189820,96,242914
2318,0.002316,172.31.47.0-255,66,189886,96,242914
2319,0.002327,74.125.24.0-255,5738,195624,96,242914
2320,0.00233,172.31.47.0-255,66,195690,96,242914
2321,0.002355,74.125.24.0-255,2902,198592,96,242914
2322,0.002359,172.31.47.0-255,66,198658,96,242914
2323,0.004628,74.125.24.0-255,2902,201560,96,242914
2324,0.004647,172.31.47.0-255,66,201626,96,242914
2325,0.004669,74.125.24.0-255,2902,204528,96,242914
2326,0.004673,172.31.47.0-255,66,204594,96,242914
2327,0.006958,74.125.24.0-255,5738,210332,96,242914
2328,0.012388,172.31.47.0-255,66,210398,96,242914
2329,0.013989,74.125.24.0-255,1484,211882,96,242914
2330,0.013998,172.31.47.0-255,66,211948,96,242914
2331,0.014669,74.125.24.0-255,4320,216268,96,242914
2332,0.014674,172.31.47.0-255,66,216334,96,242914
2333,0.016289,74.125.24.0-255,1484,217818,96,242914
2334,0.016295,172.31.47.0-255,66,217884,96,242914
2335,0.016993,74.125.24.0-255,4320,222204,96,242914
2336,0.018561,74.125.24.0-255,1484,223688,96,242914
2337,0.019265,172.31.47.0-255,66,223754,96,242914
2338,0.021555,74.125.24.0-255,5738,229492,96,242914
2339,0.021568,172.31.47.0-255,66,229558,96,242914
2340,0.023831,74.125.24.0-255,1484,231042,96,242914
2341,0.023839,172.31.47.0-255,66,231108,96,242914
2342,0.023859,74.125.24.0-255,4320,235428,96,242914
2343,0.02542,172.31.47.0-255,66,235494,96,242914
2344,0.026124,74.125.24.0-255,1484,236978,96,242914
2345,0.02613,172.31.47.0-255,66,237044,96,242914
2346,0.027692,74.125.24.0-255,4320,241364,96,242914
2347,0.027737,172.31.47.0-255,66,241430,96,242914
2348,0.028409,74.125.24.0-255,1484,242914,96,242914
2349,0.0,74.125.24.0-255,153,153,96,166880
2350,3.1e-05,172.31.47.0-255,66,219,96,166880
2351,3.8e-05,74.125.24.0-255,1484,1703,96,166880
2352,4.2e-05,172.31.47.0-255,66,1769,96,166880
2353,4.7e-05,74.125.24.0-255,2902,4671,96,166880
2354,5.7e-05,172.31.47.0-255,66,4737,96,166880
2355,8.7e-05,74.125.24.0-255,4320,9057,96,166880
2356,9e-05,172.31.47.0-255,66,9123,96,166880
2357,9.3e-05,74.125.24.0-255,1484,10607,96,166880
2358,9.5e-05,172.31.47.0-255,66,10673,96,166880
2359,0.00013,172.31.47.0-255,66,10739,96,166880
2360,0.000137,74.125.24.0-255,7156,17895,96,166880
2361,0.000139,172.31.47.0-255,66,17961,96,166880
2362,0.000194,74.125.24.0-255,5379,23340,96,166880
2363,0.000197,172.31.47.0-255,66,23406,96,166880
2364,0.000221,74.125.24.0-255,1484,24890,96,166880
2365,0.000224,172.31.47.0-255,66,24956,96,166880
2366,0.000229,74.125.24.0-255,2902,27858,96,166880
2367,0.000231,172.31.47.0-255,66,27924,96,166880
2368,0.000259,74.125.24.0-255,5738,33662,96,166880
2369,0.000263,172.31.47.0-255,66,33728,96,166880
2370,0.000266,74.125.24.0-255,1484,35212,96,166880
2371,0.00027,172.31.47.0-255,66,35278,96,166880
2372,0.000302,74.125.24.0-255,5379,40657,96,166880
2373,0.000305,172.31.47.0-255,66,40723,96,166880
2374,0.000666,74.125.24.0-255,1484,42207,96,166880
2375,0.000671,172.31.47.0-255,66,42273,96,166880
2376,0.000679,74.125.24.0-255,2902,45175,96,166880
2377,0.000681,172.31.47.0-255,66,45241,96,166880
2378,0.000694,74.125.24.0-255,5738,50979,96,166880
2379,0.000696,172.31.47.0-255,66,51045,96,166880
2380,0.000745,74.125.24.0-255,6797,57842,96,166880
2381,0.000749,172.31.47.0-255,66,57908,96,166880
2382,0.001291,74.125.24.0-255,1484,59392,96,166880
2383,0.001318,74.125.24.0-255,2902,62294,96,166880
2384,0.001323,172.31.47.0-255,66,62360,96,166880
2385,0.001329,74.125.24.0-255,4320,66680,96,166880
2386,0.001331,172.31.47.0-255,66,66746,96,166880
2387,0.001363,172.31.47.0-255,66,66812,96,166880
2388,0.00139,74.125.24.0-255,2902,69714,96,166880
2389,0.001392,172.31.47.0-255,66,69780,96,166880
2390,0.001423,172.31.47.0-255,66,69846,96,166880
2391,0.001448,74.125.24.0-255,766,70612,96,166880
2392,0.001678,172.31.47.0-255,66,70678,96,166880
2393,0.00187,74.125.24.0-255,1484,72162,96,166880
2394,0.001877,74.125.24.0-255,2902,75064,96,166880
2395,0.00188,172.31.47.0-255,66,75130,96,166880
2396,0.001891,74.125.24.0-255,1484,76614,96,166880
2397,0.00191,74.125.24.0-255,4320,80934,96,166880
2398,0.001913,172.31.47.0-255,66,81000,96,166880
2399,0.001949,74.125.24.0-255,4320,85320,96,166880
2400,0.001951,172.31.47.0-255,66,85386,96,166880
2401,0.001968,74.125.24.0-255,2902,88288,96,166880
2402,0.00197,172.31.47.0-255,66,88354,96,166880
2403,0.001979,172.31.47.0-255,66,88420,96,166880
2404,0.002012,172.31.47.0-255,66,88486,96,166880
2405,0.004082,74.125.24.0-255,4320,92806,96,166880
2406,0.004086,172.31.47.0-255,66,92872,96,166880
2407,0.004113,74.125.24.0-255,1484,94356,96,166880
2408,0.006166,74.125.24.0-255,4320,98676,96,166880
2409,0.006172,172.31.47.0-255,66,98742,96,166880
2410,0.008277,74.125.24.0-255,5738,104480,96,166880
2411,0.008284,172.31.47.0-255,66,104546,96,166880
2412,0.010381,74.125.24.0-255,5738,110284,96,166880
2413,0.010387,172.31.47.0-255,66,110350,96,166880
2414,0.01247,74.125.24.0-255,5738,116088,96,166880
2415,0.012482,172.31.47.0-255,66,116154,96,166880
2416,0.014611,74.125.24.0-255,5738,121892,96,166880
2417,0.01462,172.31.47.0-255,66,121958,96,166880
2418,0.01669,74.125.24.0-255,5738,127696,96,166880
2419,0.016698,172.31.47.0-255,66,127762,96,166880
2420,0.018778,74.125.24.0-255,5738,133500,96,166880
2421,0.018785,172.31.47.0-255,66,133566,96,166880
2422,0.020864,74.125.24.0-255,5738,139304,96,166880
2423,0.020871,172.31.47.0-255,66,139370,96,166880
2424,0.022959,74.125.24.0-255,5738,145108,96,166880
2425,0.022969,172.31.47.0-255,66,145174,96,166880
2426,0.025031,74.125.24.0-255,5738,150912,96,166880
2427,0.025038,172.31.47.0-255,66,150978,96,166880
2428,0.025378,172.31.47.0-255,171,151149,96,166880
2429,0.025416,172.31.47.0-255,1134,152283,96,166880
2430,0.025485,172.31.47.0-255,1514,153797,96,166880
2431,0.025487,172.31.47.0-255,1277,155074,96,166880
2432,0.026947,104.244.42.0-255,66,155140,96,166880
2433,0.027001,104.244.42.0-255,66,155206,96,166880
2434,0.027053,104.244.42.0-255,66,155272,96,166880
2435,0.027116,74.125.24.0-255,5738,161010,96,166880
2436,0.027119,172.31.47.0-255,66,161076,96,166880
2437,0.029213,74.125.24.0-255,5738,166814,96,166880
2438,0.029218,172.31.47.0-255,66,166880,96,166880
2439,0.0,74.125.24.0-255,152,152,96,160486
2440,3.2e-05,172.31.47.0-255,66,218,96,160486
2441,3.9e-05,74.125.24.0-255,1484,1702,96,160486
2442,4.3e-05,172.31.47.0-255,66,1768,96,160486
2443,4.8e-05,74.125.24.0-255,2902,4670,96,160486
2444,5.1e-05,172.31.47.0-255,66,4736,96,160486
2445,5.8e-05,74.125.24.0-255,7156,11892,96,160486
2446,6.1e-05,172.31.47.0-255,66,11958,96,160486
2447,9.4e-05,172.31.47.0-255,66,12024,96,160486
2448,0.000105,172.31.47.0-255,66,12090,96,160486
2449,0.000247,74.125.24.0-255,1484,13574,96,160486
2450,0.000251,172.31.47.0-255,66,13640,96,160486
2451,0.000255,74.125.24.0-255,1484,15124,96,160486
2452,0.000256,172.31.47.0-255,66,15190,96,160486
2453,0.000272,74.125.24.0-255,1484,16674,96,160486
2454,0.000276,172.31.47.0-255,66,16740,96,160486
2455,0.000282,74.125.24.0-255,5738,22478,96,160486
2456,0.000285,172.31.47.0-255,66,22544,96,160486
2457,0.000339,172.31.47.0-255,66,22610,96,160486
2458,0.000351,172.31.47.0-255,66,22676,96,160486
2459,0.000372,74.125.24.0-255,361,23037,96,160486
2460,0.000374,172.31.47.0-255,66,23103,96,160486
2461,0.000414,74.125.24.0-255,131,23234,96,160486
2462,0.000416,172.31.47.0-255,66,23300,96,160486
2463,0.000894,74.125.24.0-255,347,23647,96,160486
2464,0.000898,172.31.47.0-255,66,23713,96,160486
2465,0.00118,74.125.24.0-255,1484,25197,96,160486
2466,0.001185,172.31.47.0-255,66,25263,96,160486
2467,0.00119,74.125.24.0-255,2902,28165,96,160486
2468,0.001192,172.31.47.0-255,66,28231,96,160486
2469,0.001212,74.125.24.0-255,5738,33969,96,160486
2470,0.001214,172.31.47.0-255,66,34035,96,160486
2471,0.001229,74.125.24.0-255,5738,39773,96,160486
2472,0.001232,172.31.47.0-255,66,39839,96,160486
2473,0.001258,74.125.24.0-255,7156,46995,96,160486
2474,0.00126,172.31.47.0-255,66,47061,96,160486
2475,0.001263,74.125.24.0-255,1484,48545,96,160486
2476,0.001265,172.31.47.0-255,66,48611,96,160486
2477,0.001296,172.31.47.0-255,66,48677,96,160486
2478,0.001305,74.125.24.0-255,766,49443,96,160486
2479,0.001307,172.31.47.0-255,66,49509,96,160486
2480,0.001803,74.125.24.0-255,1484,50993,96,160486
2481,0.001805,172.31.47.0-255,66,51059,96,160486
2482,0.001823,74.125.24.0-255,2902,53961,96,160486
2483,0.001824,172.31.47.0-255,66,54027,96,160486
2484,0.001844,74.125.24.0-255,5738,59765,96,160486
2485,0.001845,172.31.47.0-255,66,59831,96,160486
2486,0.001848,74.125.24.0-255,1484,61315,96,160486
2487,0.001883,74.125.24.0-255,1484,62799,96,160486
2488,0.001941,74.125.24.0-255,1484,64283,96,160486
2489,0.001952,74.125.24.0-255,2902,67185,96,160486
2490,0.001964,74.125.24.0-255,1484,68669,96,160486
2491,0.001978,74.125.24.0-255,4320,72989,96,160486
2492,0.001986,74.125.24.0-255,1484,74473,96,160486
2493,0.001995,74.125.24.0-255,4320,78793,96,160486
2494,0.002006,74.125.24.0-255,2902,81695,96,160486
2495,0.002036,74.125.24.0-255,1484,83179,96,160486
2496,0.002857,172.31.47.0-255,66,83245,96,160486
2497,0.004872,74.125.24.0-255,5738,88983,96,160486
2498,0.004876,172.31.47.0-255,66,89049,96,160486
2499,0.006907,74.125.24.0-255,5738,94787,96,160486
2500,0.006913,172.31.47.0-255,66,94853,96,160486
2501,0.008932,74.125.24.0-255,5738,100591,96,160486
2502,0.00894,172.31.47.0-255,66,100657,96,160486
2503,0.010993,74.125.24.0-255,4320,104977,96,160486
2504,0.011,172.31.47.0-255,66,105043,96,160486
2505,0.011014,74.125.24.0-255,1484,106527,96,160486
2506,0.013016,74.125.24.0-255,4320,110847,96,160486
2507,0.013024,172.31.47.0-255,66,110913,96,160486
2508,0.015083,74.125.24.0-255,5738,116651,96,160486
2509,0.015092,172.31.47.0-255,66,116717,96,160486
2510,0.01714,74.125.24.0-255,5738,122455,96,160486
2511,0.017147,172.31.47.0-255,66,122521,96,160486
2512,0.019214,74.125.24.0-255,5738,128259,96,160486
2513,0.019222,172.31.47.0-255,66,128325,96,160486
2514,0.021252,74.125.24.0-255,5738,134063,96,160486
2515,0.021258,172.31.47.0-255,66,134129,96,160486
2516,0.023328,74.125.24.0-255,5738,139867,96,160486
2517,0.023335,172.31.47.0-255,66,139933,96,160486
2518,0.025263,172.31.47.0-255,172,140105,96,160486
2519,0.025293,172.31.47.0-255,1105,141210,96,160486
2520,0.025319,172.31.47.0-255,1514,142724,96,160486
2521,0.025321,172.31.47.0-255,1306,144030,96,160486
2522,0.025337,74.125.24.0-255,2902,146932,96,160486
2523,0.025341,172.31.47.0-255,66,146998,96,160486
2524,0.025354,74.125.24.0-255,2902,149900,96,160486
2525,0.025357,172.31.47.0-255,66,149966,96,160486
2526,0.026808,104.244.42.0-255,66,150032,96,160486
2527,0.026853,104.244.42.0-255,66,150098,96,160486
2528,0.026904,104.244.42.0-255,66,150164,96,160486
2529,0.027362,74.125.24.0-255,4320,154484,96,160486
2530,0.027367,172.31.47.0-255,66,154550,96,160486
2531,0.027384,74.125.24.0-255,1484,156034,96,160486
2532,0.029396,74.125.24.0-255,2902,158936,96,160486
2533,0.029402,172.31.47.0-255,66,159002,96,160486
2534,0.029438,74.125.24.0-255,1484,160486,96,160486
2535,0.0,74.125.68.0-255,153,153,96,221580
2536,3.3e-05,172.31.47.0-255,66,219,96,221580
2537,8.3e-05,74.125.68.0-255,1484,1703,96,221580
2538,8.9e-05,172.31.47.0-255,66,1769,96,221580
2539,9.3e-05,74.125.68.0-255,1484,3253,96,221580
2540,9.5e-05,172.31.47.0-255,66,3319,96,221580
2541,0.000108,74.125.68.0-255,2902,6221,96,221580
2542,0.000114,172.31.47.0-255,66,6287,96,221580
2543,0.000122,74.125.68.0-255,4320,10607,96,221580
2544,0.000125,172.31.47.0-255,66,10673,96,221580
2545,0.00016,74.125.68.0-255,1484,12157,96,221580
2546,0.000162,172.31.47.0-255,66,12223,96,221580
2547,0.000168,74.125.68.0-255,2099,14322,96,221580
2548,0.000171,172.31.47.0-255,66,14388,96,221580
2549,0.000184,74.125.68.0-255,2902,17290,96,221580
2550,0.000186,172.31.47.0-255,66,17356,96,221580
2551,0.000195,74.125.68.0-255,7156,24512,96,221580
2552,0.000198,172.31.47.0-255,66,24578,96,221580
2553,0.000204,74.125.68.0-255,4320,28898,96,221580
2554,0.000209,172.31.47.0-255,66,28964,96,221580
2555,0.000224,74.125.68.0-255,2543,31507,96,221580
2556,0.000233,172.31.47.0-255,66,31573,96,221580
2557,0.000288,74.125.68.0-255,1484,33057,96,221580
2558,0.000292,172.31.47.0-255,66,33123,96,221580
2559,0.000297,74.125.68.0-255,2902,36025,96,221580
2560,0.0003,172.31.47.0-255,66,36091,96,221580
2561,0.000349,74.125.68.0-255,1484,37575,96,221580
2562,0.000352,172.31.47.0-255,66,37641,96,221580
2563,0.000357,74.125.68.0-255,2902,40543,96,221580
2564,0.00036,172.31.47.0-255,66,40609,96,221580
2565,0.000373,74.125.68.0-255,5738,46347,96,221580
2566,0.000377,172.31.47.0-255,66,46413,96,221580
2567,0.000381,74.125.68.0-255,2543,48956,96,221580
2568,0.000384,172.31.47.0-255,66,49022,96,221580
2569,0.000389,74.125.68.0-255,2902,51924,96,221580
2570,0.000392,172.31.47.0-255,66,51990,96,221580
2571,0.000432,74.125.68.0-255,7156,59146,96,221580
2572,0.000459,74.125.68.0-255,2902,62048,96,221580
2573,0.000471,74.125.68.0-255,4273,66321,96,221580
2574,0.000475,74.125.68.0-255,111,66432,96,221580
2575,0.000484,172.31.47.0-255,66,66498,96,221580
2576,0.000576,74.125.68.0-255,1484,67982,96,221580
2577,0.000582,74.125.68.0-255,1484,69466,96,221580
2578,0.000605,74.125.68.0-255,1484,70950,96,221580
2579,0.000635,74.125.68.0-255,5738,76688,96,221580
2580,0.000656,74.125.68.0-255,6797,83485,96,221580
2581,0.000678,74.125.68.0-255,5738,89223,96,221580
2582,0.000705,74.125.68.0-255,7156,96379,96,221580
2583,0.000719,74.125.68.0-255,3961,100340,96,221580
2584,0.000863,172.31.47.0-255,66,100406,96,221580
2585,0.001024,74.125.68.0-255,1484,101890,96,221580
2586,0.00103,74.125.68.0-255,1484,103374,96,221580
2587,0.001053,74.125.68.0-255,1484,104858,96,221580
2588,0.001059,74.125.68.0-255,4320,109178,96,221580
2589,0.001063,74.125.68.0-255,2902,112080,96,221580
2590,0.001068,172.31.47.0-255,66,112146,96,221580
2591,0.001095,74.125.68.0-255,5738,117884,96,221580
2592,0.001121,172.31.47.0-255,66,117950,96,221580
2593,0.001189,172.31.47.0-255,66,118016,96,221580
2594,0.001213,74.125.68.0-255,1484,119500,96,221580
2595,0.001218,74.125.68.0-255,2902,122402,96,221580
2596,0.001248,74.125.68.0-255,2902,125304,96,221580
2597,0.001253,74.125.68.0-255,1484,126788,96,221580
2598,0.001276,74.125.68.0-255,2902,129690,96,221580
2599,0.001283,172.31.47.0-255,66,129756,96,221580
2600,0.001305,74.125.68.0-255,7156,136912,96,221580
2601,0.001322,172.31.47.0-255,66,136978,96,221580
2602,0.001368,74.125.68.0-255,1484,138462,96,221580
2603,0.001373,74.125.68.0-255,2902,141364,96,221580
2604,0.001399,172.31.47.0-255,66,141430,96,221580
2605,0.001404,74.125.68.0-255,2184,143614,96,221580
2606,0.001418,172.31.47.0-255,66,143680,96,221580
2607,0.00147,74.125.68.0-255,1484,145164,96,221580
2608,0.001486,74.125.68.0-255,2902,148066,96,221580
2609,0.001568,74.125.68.0-255,2902,150968,96,221580
2610,0.001583,74.125.68.0-255,1484,152452,96,221580
2611,0.001621,74.125.68.0-255,1484,153936,96,221580
2612,0.001625,172.31.47.0-255,66,154002,96,221580
2613,0.001663,74.125.68.0-255,5020,159022,96,221580
2614,0.001688,172.31.47.0-255,66,159088,96,221580
2615,0.001839,74.125.68.0-255,1484,160572,96,221580
2616,0.001846,74.125.68.0-255,2902,163474,96,221580
2617,0.001865,74.125.68.0-255,2902,166376,96,221580
2618,0.001881,74.125.68.0-255,1484,167860,96,221580
2619,0.001903,74.125.68.0-255,4320,172180,96,221580
2620,0.001907,172.31.47.0-255,66,172246,96,221580
2621,0.001914,172.31.47.0-255,66,172312,96,221580
2622,0.001946,74.125.68.0-255,5738,178050,96,221580
2623,0.001956,74.125.68.0-255,7156,185206,96,221580
2624,0.002018,172.31.47.0-255,66,185272,96,221580
2625,0.004038,74.125.68.0-255,5738,191010,96,221580
2626,0.004059,172.31.47.0-255,66,191076,96,221580
2627,0.006105,74.125.68.0-255,5738,196814,96,221580
2628,0.006116,172.31.47.0-255,66,196880,96,221580
2629,0.008169,74.125.68.0-255,5738,202618,96,221580
2630,0.0156,74.125.68.0-255,1484,204102,96,221580
2631,0.022597,172.31.47.0-255,66,204168,96,221580
2632,0.024617,74.125.68.0-255,5738,209906,96,221580
2633,0.024634,172.31.47.0-255,66,209972,96,221580
2634,0.026648,74.125.68.0-255,5738,215710,96,221580
2635,0.026655,172.31.47.0-255,66,215776,96,221580
2636,0.028667,74.125.68.0-255,5738,221514,96,221580
2637,0.028674,172.31.47.0-255,66,221580,96,221580
2638,0.0,74.125.200.0-255,159,159,96,287890
2639,2.2e-05,172.31.47.0-255,66,225,96,287890
2640,2.8e-05,74.125.200.0-255,1484,1709,96,287890
2641,3.2e-05,172.31.47.0-255,66,1775,96,287890
2642,3.6e-05,74.125.200.0-255,2902,4677,96,287890
2643,3.8e-05,172.31.47.0-255,66,4743,96,287890
2644,6.2e-05,74.125.200.0-255,7156,11899,96,287890
2645,6.5e-05,172.31.47.0-255,66,11965,96,287890
2646,8.6e-05,74.125.200.0-255,3579,15544,96,287890
2647,8.8e-05,172.31.47.0-255,66,15610,96,287890
2648,9.3e-05,74.125.200.0-255,4320,19930,96,287890
2649,9.5e-05,172.31.47.0-255,66,19996,96,287890
2650,0.000132,172.31.47.0-255,66,20062,96,287890
2651,0.000135,74.125.200.0-255,1125,21187,96,287890
2652,0.000136,172.31.47.0-255,66,21253,96,287890
2653,0.000222,74.125.200.0-255,1484,22737,96,287890
2654,0.000225,172.31.47.0-255,66,22803,96,287890
2655,0.00024,74.125.200.0-255,2902,25705,96,287890
2656,0.000242,172.31.47.0-255,66,25771,96,287890
2657,0.000263,74.125.200.0-255,5738,31509,96,287890
2658,0.000266,172.31.47.0-255,66,31575,96,287890
2659,0.000272,74.125.200.0-255,5738,37313,96,287890
2660,0.000274,172.31.47.0-255,66,37379,96,287890
2661,0.000288,74.125.200.0-255,1125,38504,96,287890
2662,0.00029,172.31.47.0-255,66,38570,96,287890
2663,0.000295,74.125.200.0-255,2902,41472,96,287890
2664,0.000296,172.31.47.0-255,66,41538,96,287890
2665,0.00032,74.125.200.0-255,4320,45858,96,287890
2666,0.000323,172.31.47.0-255,66,45924,96,287890
2667,0.000327,74.125.200.0-255,2902,48826,96,287890
2668,0.000329,172.31.47.0-255,66,48892,96,287890
2669,0.000348,74.125.200.0-255,7075,55967,96,287890
2670,0.000351,172.31.47.0-255,66,56033,96,287890
2671,0.000353,74.125.200.0-255,130,56163,96,287890
2672,0.000356,74.125.200.0-255,344,56507,96,287890
2673,0.000641,74.125.200.0-255,1484,57991,96,287890
2674,0.000647,172.31.47.0-255,66,58057,96,287890
2675,0.000655,74.125.200.0-255,2902,60959,96,287890
2676,0.000658,172.31.47.0-255,66,61025,96,287890
2677,0.00066,74.125.200.0-255,1484,62509,96,287890
2678,0.000685,74.125.200.0-255,4320,66829,96,287890
2679,0.000688,172.31.47.0-255,66,66895,96,287890
2680,0.00069,74.125.200.0-255,1484,68379,96,287890
2681,0.000709,74.125.200.0-255,5738,74117,96,287890
2682,0.000712,172.31.47.0-255,66,74183,96,287890
2683,0.000731,74.125.200.0-255,2902,77085,96,287890
2684,0.000734,172.31.47.0-255,66,77151,96,287890
2685,0.00076,172.31.47.0-255,66,77217,96,287890
2686,0.000775,74.125.200.0-255,1484,78701,96,287890
2687,0.000803,74.125.200.0-255,2184,80885,96,287890
2688,0.000806,172.31.47.0-255,66,80951,96,287890
2689,0.001088,74.125.200.0-255,1484,82435,96,287890
2690,0.001095,74.125.200.0-255,1484,83919,96,287890
2691,0.001099,172.31.47.0-255,66,83985,96,287890
2692,0.001116,74.125.200.0-255,1484,85469,96,287890
2693,0.00112,74.125.200.0-255,1484,86953,96,287890
2694,0.001122,172.31.47.0-255,66,87019,96,287890
2695,0.001144,74.125.200.0-255,4320,91339,96,287890
2696,0.001146,172.31.47.0-255,66,91405,96,287890
2697,0.001149,74.125.200.0-255,1484,92889,96,287890
2698,0.001152,74.125.200.0-255,2902,95791,96,287890
2699,0.001154,172.31.47.0-255,66,95857,96,287890
2700,0.001158,74.125.200.0-255,1484,97341,96,287890
2701,0.001172,74.125.200.0-255,4320,101661,96,287890
2702,0.001173,172.31.47.0-255,66,101727,96,287890
2703,0.001192,74.125.200.0-255,2902,104629,96,287890
2704,0.001194,172.31.47.0-255,66,104695,96,287890
2705,0.001213,74.125.200.0-255,4320,109015,96,287890
2706,0.001215,172.31.47.0-255,66,109081,96,287890
2707,0.001239,74.125.200.0-255,2902,111983,96,287890
2708,0.001241,172.31.47.0-255,66,112049,96,287890
2709,0.001259,74.125.200.0-255,3602,115651,96,287890
2710,0.001261,172.31.47.0-255,66,115717,96,287890
2711,0.001374,74.125.200.0-255,1484,117201,96,287890
2712,0.001378,74.125.200.0-255,1484,118685,96,287890
2713,0.001381,172.31.47.0-255,66,118751,96,287890
2714,0.001393,74.125.200.0-255,1484,120235,96,287890
2715,0.001399,74.125.200.0-255,5738,125973,96,287890
2716,0.001401,172.31.47.0-255,66,126039,96,287890
2717,0.001427,74.125.200.0-255,1484,127523,96,287890
2718,0.00144,74.125.200.0-255,5738,133261,96,287890
2719,0.001442,172.31.47.0-255,66,133327,96,287890
2720,0.001458,74.125.200.0-255,5738,139065,96,287890
2721,0.00146,172.31.47.0-255,66,139131,96,287890
2722,0.001465,74.125.200.0-255,5738,144869,96,287890
2723,0.001466,172.31.47.0-255,66,144935,96,287890
2724,0.001494,74.125.200.0-255,5020,149955,96,287890
2725,0.001496,172.31.47.0-255,66,150021,96,287890
2726,0.001684,74.125.200.0-255,1484,151505,96,287890
2727,0.001698,74.125.200.0-255,1484,152989,96,287890
2728,0.001701,172.31.47.0-255,66,153055,96,287890
2729,0.001717,74.125.200.0-255,1484,154539,96,287890
2730,0.00172,74.125.200.0-255,2902,157441,96,287890
2731,0.001722,172.31.47.0-255,66,157507,96,287890
2732,0.001734,74.125.200.0-255,2902,160409,96,287890
2733,0.001736,172.31.47.0-255,66,160475,96,287890
2734,0.00179,74.125.200.0-255,2902,163377,96,287890
2735,0.001791,172.31.47.0-255,66,163443,96,287890
2736,0.001815,172.31.47.0-255,66,163509,96,287890
2737,0.00182,74.125.200.0-255,5738,169247,96,287890
2738,0.001821,172.31.47.0-255,66,169313,96,287890
2739,0.001826,74.125.200.0-255,5020,174333,96,287890
2740,0.001828,172.31.47.0-255,66,174399,96,287890
2741,0.002193,74.125.200.0-255,1484,175883,96,287890
2742,0.002212,74.125.200.0-255,2902,178785,96,287890
2743,0.002214,172.31.47.0-255,66,178851,96,287890
2744,0.002219,74.125.200.0-255,4320,183171,96,287890
2745,0.00222,172.31.47.0-255,66,183237,96,287890
2746,0.002224,74.125.200.0-255,2902,186139,96,287890
2747,0.002238,172.31.47.0-255,66,186205,96,287890
2748,0.002254,74.125.200.0-255,2902,189107,96,287890
2749,0.002257,172.31.47.0-255,66,189173,96,287890
2750,0.002262,74.125.200.0-255,5738,194911,96,287890
2751,0.002264,172.31.47.0-255,66,194977,96,287890
2752,0.002289,74.125.200.0-255,5738,200715,96,287890
2753,0.002293,172.31.47.0-255,66,200781,96,287890
2754,0.002297,74.125.200.0-255,4320,205101,96,287890
2755,0.002299,172.31.47.0-255,66,205167,96,287890
2756,0.002332,74.125.200.0-255,3602,208769,96,287890
2757,0.002335,172.31.47.0-255,66,208835,96,287890
2758,0.002504,74.125.200.0-255,1484,210319,96,287890
2759,0.002508,74.125.200.0-255,1484,211803,96,287890
2760,0.002511,172.31.47.0-255,66,211869,96,287890
2761,0.002521,74.125.200.0-255,1484,213353,96,287890
2762,0.002538,74.125.200.0-255,2902,216255,96,287890
2763,0.002541,172.31.47.0-255,66,216321,96,287890
2764,0.002552,74.125.200.0-255,1484,217805,96,287890
2765,0.002579,74.125.200.0-255,4320,222125,96,287890
2766,0.002582,172.31.47.0-255,66,222191,96,287890
2767,0.002597,74.125.200.0-255,4320,226511,96,287890
2768,0.002599,172.31.47.0-255,66,226577,96,287890
2769,0.002622,74.125.200.0-255,1484,228061,96,287890
2770,0.002645,172.31.47.0-255,66,228127,96,287890
2771,0.002648,74.125.200.0-255,1484,229611,96,287890
2772,0.005253,74.125.200.0-255,4320,233931,96,287890
2773,0.005258,172.31.47.0-255,66,233997,96,287890
2774,0.007891,74.125.200.0-255,5738,239735,96,287890
2775,0.007898,172.31.47.0-255,66,239801,96,287890
2776,0.010513,74.125.200.0-255,5738,245539,96,287890
2777,0.01052,172.31.47.0-255,66,245605,96,287890
2778,0.013141,74.125.200.0-255,5738,251343,96,287890
2779,0.013148,172.31.47.0-255,66,251409,96,287890
2780,0.015764,74.125.200.0-255,5738,257147,96,287890
2781,0.015776,172.31.47.0-255,66,257213,96,287890
2782,0.018397,74.125.200.0-255,5738,262951,96,287890
2783,0.018405,172.31.47.0-255,66,263017,96,287890
2784,0.021024,74.125.200.0-255,5738,268755,96,287890
2785,0.021032,172.31.47.0-255,66,268821,96,287890
2786,0.023646,74.125.200.0-255,4320,273141,96,287890
2787,0.023652,172.31.47.0-255,66,273207,96,287890
2788,0.023672,74.125.200.0-255,1484,274691,96,287890
2789,0.026266,74.125.200.0-255,2902,277593,96,287890
2790,0.026271,172.31.47.0-255,66,277659,96,287890
2791,0.026289,74.125.200.0-255,1484,279143,96,287890
2792,0.026305,172.31.47.0-255,172,279315,96,287890
2793,0.02633,172.31.47.0-255,1109,280424,96,287890
2794,0.026358,172.31.47.0-255,1514,281938,96,287890
2795,0.02636,172.31.47.0-255,1302,283240,96,287890
2796,0.027834,104.244.42.0-255,66,283306,96,287890
2797,0.028008,104.244.42.0-255,66,283372,96,287890
2798,0.02801,104.244.42.0-255,66,283438,96,287890
2799,0.028878,74.125.200.0-255,2902,286340,96,287890
2800,0.028882,172.31.47.0-255,66,286406,96,287890
2801,0.028912,74.125.200.0-255,1484,287890,96,287890
2802,0.0,172.31.47.0-255,66,66,96,66
2803,0.0,172.217.194.0-255,153,153,96,266341
2804,2.8e-05,172.31.47.0-255,66,219,96,266341
2805,6.7e-05,172.217.194.0-255,1484,1703,96,266341
2806,7.2e-05,172.31.47.0-255,66,1769,96,266341
2807,7.5e-05,172.217.194.0-255,1484,3253,96,266341
2808,7.8e-05,172.31.47.0-255,66,3319,96,266341
2809,0.000101,172.217.194.0-255,1484,4803,96,266341
2810,0.000104,172.31.47.0-255,66,4869,96,266341
2811,0.00011,172.217.194.0-255,5738,10607,96,266341
2812,0.000116,172.31.47.0-255,66,10673,96,266341
2813,0.00014,172.217.194.0-255,3556,14229,96,266341
2814,0.000143,172.31.47.0-255,66,14295,96,266341
2815,0.00021,172.217.194.0-255,1484,15779,96,266341
2816,0.000213,172.31.47.0-255,66,15845,96,266341
2817,0.000218,172.217.194.0-255,2902,18747,96,266341
2818,0.00022,172.31.47.0-255,66,18813,96,266341
2819,0.000248,172.217.194.0-255,4320,23133,96,266341
2820,0.00025,172.31.47.0-255,66,23199,96,266341
2821,0.000256,172.217.194.0-255,5738,28937,96,266341
2822,0.000258,172.31.47.0-255,66,29003,96,266341
2823,0.000306,172.31.47.0-255,66,29069,96,266341
2824,0.000316,172.31.47.0-255,66,29135,96,266341
2825,0.000336,172.217.194.0-255,4320,33455,96,266341
2826,0.000339,172.31.47.0-255,66,33521,96,266341
2827,0.000344,172.217.194.0-255,4320,37841,96,266341
2828,0.000346,172.31.47.0-255,66,37907,96,266341
2829,0.000373,172.217.194.0-255,6438,44345,96,266341
2830,0.000377,172.31.47.0-255,66,44411,96,266341
2831,0.000379,172.217.194.0-255,340,44751,96,266341
2832,0.000382,172.31.47.0-255,66,44817,96,266341
2833,0.000408,172.217.194.0-255,119,44936,96,266341
2834,0.000411,172.31.47.0-255,66,45002,96,266341
2835,0.000536,172.217.194.0-255,1484,46486,96,266341
2836,0.00054,172.31.47.0-255,66,46552,96,266341
2837,0.000545,172.217.194.0-255,2902,49454,96,266341
2838,0.000547,172.31.47.0-255,66,49520,96,266341
2839,0.000573,172.217.194.0-255,5738,55258,96,266341
2840,0.000575,172.31.47.0-255,66,55324,96,266341
2841,0.000582,172.217.194.0-255,7156,62480,96,266341
2842,0.000584,172.31.47.0-255,66,62546,96,266341
2843,0.000614,172.217.194.0-255,5738,68284,96,266341
2844,0.000617,172.31.47.0-255,66,68350,96,266341
2845,0.000634,172.31.47.0-255,66,68416,96,266341
2846,0.000636,172.217.194.0-255,766,69182,96,266341
2847,0.000638,172.31.47.0-255,66,69248,96,266341
2848,0.001127,172.217.194.0-255,1484,70732,96,266341
2849,0.001133,172.31.47.0-255,66,70798,96,266341
2850,0.001138,172.217.194.0-255,2902,73700,96,266341
2851,0.001141,172.31.47.0-255,66,73766,96,266341
2852,0.001145,172.217.194.0-255,4320,78086,96,266341
2853,0.001146,172.31.47.0-255,66,78152,96,266341
2854,0.001169,172.217.194.0-255,1484,79636,96,266341
2855,0.001171,172.31.47.0-255,66,79702,96,266341
2856,0.001182,172.31.47.0-255,66,79768,96,266341
2857,0.001204,172.217.194.0-255,5738,85506,96,266341
2858,0.001206,172.31.47.0-255,66,85572,96,266341
2859,0.001233,172.217.194.0-255,5020,90592,96,266341
2860,0.001235,172.31.47.0-255,66,90658,96,266341
2861,0.001457,172.217.194.0-255,1484,92142,96,266341
2862,0.001459,172.31.47.0-255,66,92208,96,266341
2863,0.001463,172.217.194.0-255,2902,95110,96,266341
2864,0.001464,172.31.47.0-255,66,95176,96,266341
2865,0.001481,172.217.194.0-255,4320,99496,96,266341
2866,0.001483,172.31.47.0-255,66,99562,96,266341
2867,0.001498,172.217.194.0-255,1484,101046,96,266341
2868,0.0015,172.31.47.0-255,66,101112,96,266341
2869,0.00153,172.217.194.0-255,2902,104014,96,266341
2870,0.001551,172.217.194.0-255,2184,106198,96,266341
2871,0.001977,172.217.194.0-255,1484,107682,96,266341
2872,0.001989,172.217.194.0-255,2902,110584,96,266341
2873,0.001991,172.217.194.0-255,1484,112068,96,266341
2874,0.002006,172.217.194.0-255,4320,116388,96,266341
2875,0.002022,172.217.194.0-255,2902,119290,96,266341
2876,0.002027,172.217.194.0-255,4320,123610,96,266341
2877,0.002045,172.217.194.0-255,5738,129348,96,266341
2878,0.002057,172.217.194.0-255,2902,132250,96,266341
2879,0.002074,172.217.194.0-255,4320,136570,96,266341
2880,0.002085,172.217.194.0-255,2902,139472,96,266341
2881,0.002099,172.217.194.0-255,766,140238,96,266341
2882,0.002275,172.217.194.0-255,1484,141722,96,266341
2883,0.002279,172.217.194.0-255,2902,144624,96,266341
2884,0.002281,172.217.194.0-255,1484,146108,96,266341
2885,0.002292,172.217.194.0-255,4320,150428,96,266341
2886,0.002311,172.217.194.0-255,2902,153330,96,266341
2887,0.002323,172.217.194.0-255,5738,159068,96,266341
2888,0.002333,172.217.194.0-255,2902,161970,96,266341
2889,0.002338,172.217.194.0-255,4320,166290,96,266341
2890,0.002386,172.217.194.0-255,4320,170610,96,266341
2891,0.002406,172.217.194.0-255,5738,176348,96,266341
2892,0.002411,172.217.194.0-255,4320,180668,96,266341
2893,0.002435,172.217.194.0-255,7156,187824,96,266341
2894,0.00245,172.217.194.0-255,4320,192144,96,266341
2895,0.002489,172.217.194.0-255,2902,195046,96,266341
2896,0.002568,172.217.194.0-255,1484,196530,96,266341
2897,0.002586,172.217.194.0-255,6438,202968,96,266341
2898,0.002607,172.217.194.0-255,2902,205870,96,266341
2899,0.002723,172.217.194.0-255,7156,213026,96,266341
2900,0.002769,172.217.194.0-255,5020,218046,96,266341
2901,0.004569,172.31.47.0-255,66,218112,96,266341
2902,0.007196,172.217.194.0-255,5738,223850,96,266341
2903,0.007209,172.31.47.0-255,66,223916,96,266341
2904,0.009798,172.217.194.0-255,5738,229654,96,266341
2905,0.009815,172.31.47.0-255,66,229720,96,266341
2906,0.012413,172.217.194.0-255,5738,235458,96,266341
2907,0.012431,172.31.47.0-255,66,235524,96,266341
2908,0.015016,172.217.194.0-255,5738,241262,96,266341
2909,0.015022,172.31.47.0-255,66,241328,96,266341
2910,0.017603,172.217.194.0-255,5738,247066,96,266341
2911,0.017609,172.31.47.0-255,66,247132,96,266341
2912,0.020181,172.217.194.0-255,5738,252870,96,266341
2913,0.020193,172.31.47.0-255,66,252936,96,266341
2914,0.022793,172.217.194.0-255,5738,258674,96,266341
2915,0.0228,172.31.47.0-255,66,258740,96,266341
2916,0.025401,172.217.194.0-255,5738,264478,96,266341
2917,0.025411,172.31.47.0-255,66,264544,96,266341
2918,0.028001,172.217.194.0-255,1626,266170,96,266341
2919,0.028015,172.31.47.0-255,66,266236,96,266341
2920,0.028234,172.31.47.0-255,105,266341,96,266341
2921,0.0,172.253.118.0-255,153,153,96,177164
2922,3.5e-05,172.31.47.0-255,66,219,96,177164
2923,4.3e-05,172.253.118.0-255,1484,1703,96,177164
2924,4.7e-05,172.31.47.0-255,66,1769,96,177164
2925,5.2e-05,172.253.118.0-255,2902,4671,96,177164
2926,5.4e-05,172.31.47.0-255,66,4737,96,177164
2927,6e-05,172.253.118.0-255,7156,11893,96,177164
2928,6.2e-05,172.31.47.0-255,66,11959,96,177164
2929,6.7e-05,172.253.118.0-255,1974,13933,96,177164
2930,6.9e-05,172.31.47.0-255,66,13999,96,177164
2931,8.4e-05,172.253.118.0-255,1484,15483,96,177164
2932,8.7e-05,172.31.47.0-255,66,15549,96,177164
2933,0.000122,172.31.47.0-255,66,15615,96,177164
2934,0.000125,172.253.118.0-255,1484,17099,96,177164
2935,0.000127,172.31.47.0-255,66,17165,96,177164
2936,0.000157,172.253.118.0-255,3961,21126,96,177164
2937,0.000161,172.31.47.0-255,66,21192,96,177164
2938,0.000215,172.253.118.0-255,1484,22676,96,177164
2939,0.000217,172.31.47.0-255,66,22742,96,177164
2940,0.000221,172.253.118.0-255,1484,24226,96,177164
2941,0.000223,172.31.47.0-255,66,24292,96,177164
2942,0.000237,172.253.118.0-255,1484,25776,96,177164
2943,0.000239,172.31.47.0-255,66,25842,96,177164
2944,0.000246,172.253.118.0-255,5738,31580,96,177164
2945,0.000249,172.31.47.0-255,66,31646,96,177164
2946,0.000256,172.253.118.0-255,6797,38443,96,177164
2947,0.000258,172.31.47.0-255,66,38509,96,177164
2948,0.000282,172.253.118.0-255,5738,44247,96,177164
2949,0.000287,172.31.47.0-255,66,44313,96,177164
2950,0.000316,172.31.47.0-255,66,44379,96,177164
2951,0.00032,172.253.118.0-255,2819,47198,96,177164
2952,0.000324,172.31.47.0-255,66,47264,96,177164
2953,0.000327,172.253.118.0-255,126,47390,96,177164
2954,0.000452,172.253.118.0-255,1484,48874,96,177164
2955,0.000456,172.31.47.0-255,66,48940,96,177164
2956,0.000461,172.253.118.0-255,2902,51842,96,177164
2957,0.000463,172.31.47.0-255,66,51908,96,177164
2958,0.000466,172.253.118.0-255,1484,53392,96,177164
2959,0.00049,172.253.118.0-255,4320,57712,96,177164
2960,0.000493,172.31.47.0-255,66,57778,96,177164
2961,0.000546,172.31.47.0-255,66,57844,96,177164
2962,0.000559,172.253.118.0-255,2902,60746,96,177164
2963,0.000562,172.31.47.0-255,66,60812,96,177164
2964,0.000581,172.31.47.0-255,66,60878,96,177164
2965,0.000774,172.253.118.0-255,1484,62362,96,177164
2966,0.000789,172.253.118.0-255,2902,65264,96,177164
2967,0.000792,172.31.47.0-255,66,65330,96,177164
2968,0.000796,172.253.118.0-255,1484,66814,96,177164
2969,0.000813,172.253.118.0-255,4320,71134,96,177164
2970,0.000816,172.31.47.0-255,66,71200,96,177164
2971,0.00085,172.31.47.0-255,66,71266,96,177164
2972,0.000869,172.253.118.0-255,1484,72750,96,177164
2973,0.000882,172.31.47.0-255,66,72816,96,177164
2974,0.000948,172.253.118.0-255,1484,74300,96,177164
2975,0.000969,172.253.118.0-255,2902,77202,96,177164
2976,0.000972,172.31.47.0-255,66,77268,96,177164
2977,0.000978,172.253.118.0-255,5738,83006,96,177164
2978,0.000981,172.31.47.0-255,66,83072,96,177164
2979,0.000985,172.253.118.0-255,2902,85974,96,177164
2980,0.000987,172.31.47.0-255,66,86040,96,177164
2981,0.001026,172.31.47.0-255,66,86106,96,177164
2982,0.001057,172.31.47.0-255,66,86172,96,177164
2983,0.001901,172.253.118.0-255,1484,87656,96,177164
2984,0.001911,172.253.118.0-255,2902,90558,96,177164
2985,0.001914,172.31.47.0-255,66,90624,96,177164
2986,0.001921,172.253.118.0-255,5738,96362,96,177164
2987,0.001922,172.31.47.0-255,66,96428,96,177164
2988,0.00196,172.31.47.0-255,66,96494,96,177164
2989,0.002003,172.253.118.0-255,5738,102232,96,177164
2990,0.002005,172.31.47.0-255,66,102298,96,177164
2991,0.002025,172.253.118.0-255,5020,107318,96,177164
2992,0.002027,172.31.47.0-255,66,107384,96,177164
2993,0.004223,172.253.118.0-255,2902,110286,96,177164
2994,0.004226,172.31.47.0-255,66,110352,96,177164
2995,0.004238,172.253.118.0-255,2902,113254,96,177164
2996,0.004239,172.31.47.0-255,66,113320,96,177164
2997,0.006455,172.253.118.0-255,5738,119058,96,177164
2998,0.00646,172.31.47.0-255,66,119124,96,177164
2999,0.008696,172.253.118.0-255,5738,124862,96,177164
3000,0.008703,172.31.47.0-255,66,124928,96,177164
3001,0.010935,172.253.118.0-255,5738,130666,96,177164
3002,0.010943,172.31.47.0-255,66,130732,96,177164
3003,0.013169,172.253.118.0-255,5738,136470,96,177164
3004,0.013175,172.31.47.0-255,66,136536,96,177164
3005,0.015405,172.253.118.0-255,5738,142274,96,177164
3006,0.015411,172.31.47.0-255,66,142340,96,177164
3007,0.017656,172.253.118.0-255,5738,148078,96,177164
3008,0.017663,172.31.47.0-255,66,148144,96,177164
3009,0.01989,172.253.118.0-255,5738,153882,96,177164
3010,0.019898,172.31.47.0-255,66,153948,96,177164
3011,0.022144,172.253.118.0-255,5738,159686,96,177164
3012,0.022154,172.31.47.0-255,66,159752,96,177164
3013,0.02442,172.253.118.0-255,5738,165490,96,177164
3014,0.024425,172.31.47.0-255,66,165556,96,177164
3015,0.026665,172.253.118.0-255,5738,171294,96,177164
3016,0.026673,172.31.47.0-255,66,171360,96,177164
3017,0.028896,172.253.118.0-255,5738,177098,96,177164
3018,0.028903,172.31.47.0-255,66,177164,96,177164
3019,0.0,74.125.200.0-255,156,156,96,278807
3020,2.2e-05,172.31.47.0-255,66,222,96,278807
3021,2.9e-05,74.125.200.0-255,1484,1706,96,278807
3022,3.3e-05,172.31.47.0-255,66,1772,96,278807
3023,3.9e-05,74.125.200.0-255,2902,4674,96,278807
3024,5e-05,172.31.47.0-255,66,4740,96,278807
3025,5.8e-05,74.125.200.0-255,7156,11896,96,278807
3026,6e-05,172.31.47.0-255,66,11962,96,278807
3027,6.4e-05,74.125.200.0-255,2012,13974,96,278807
3028,6.6e-05,172.31.47.0-255,66,14040,96,278807
3029,0.000181,74.125.200.0-255,1484,15524,96,278807
3030,0.000185,172.31.47.0-255,66,15590,96,278807
3031,0.000189,74.125.200.0-255,1484,17074,96,278807
3032,0.000191,172.31.47.0-255,66,17140,96,278807
3033,0.000194,74.125.200.0-255,1484,18624,96,278807
3034,0.000196,172.31.47.0-255,66,18690,96,278807
3035,0.000219,74.125.200.0-255,1484,20174,96,278807
3036,0.000221,172.31.47.0-255,66,20240,96,278807
3037,0.000227,74.125.200.0-255,4320,24560,96,278807
3038,0.000229,172.31.47.0-255,66,24626,96,278807
3039,0.000257,74.125.200.0-255,1484,26110,96,278807
3040,0.00026,172.31.47.0-255,66,26176,96,278807
3041,0.000266,74.125.200.0-255,5379,31555,96,278807
3042,0.000268,172.31.47.0-255,66,31621,96,278807
3043,0.000368,74.125.200.0-255,1484,33105,96,278807
3044,0.000372,172.31.47.0-255,66,33171,96,278807
3045,0.000382,74.125.200.0-255,1484,34655,96,278807
3046,0.000388,172.31.47.0-255,66,34721,96,278807
3047,0.000406,74.125.200.0-255,1484,36205,96,278807
3048,0.000409,172.31.47.0-255,66,36271,96,278807
3049,0.000413,74.125.200.0-255,2902,39173,96,278807
3050,0.000415,172.31.47.0-255,66,39239,96,278807
3051,0.000421,74.125.200.0-255,4320,43559,96,278807
3052,0.000423,172.31.47.0-255,66,43625,96,278807
3053,0.000461,172.31.47.0-255,66,43691,96,278807
3054,0.000465,74.125.200.0-255,4320,48011,96,278807
3055,0.000468,172.31.47.0-255,66,48077,96,278807
3056,0.000501,74.125.200.0-255,1484,49561,96,278807
3057,0.000526,74.125.200.0-255,7068,56629,96,278807
3058,0.000529,172.31.47.0-255,66,56695,96,278807
3059,0.000666,74.125.200.0-255,132,56827,96,278807
3060,0.00071,74.125.200.0-255,1484,58311,96,278807
3061,0.000713,172.31.47.0-255,66,58377,96,278807
3062,0.000718,74.125.200.0-255,2902,61279,96,278807
3063,0.00072,172.31.47.0-255,66,61345,96,278807
3064,0.000742,74.125.200.0-255,5738,67083,96,278807
3065,0.000744,172.31.47.0-255,66,67149,96,278807
3066,0.000767,74.125.200.0-255,4320,71469,96,278807
3067,0.000769,172.31.47.0-255,66,71535,96,278807
3068,0.000784,74.125.200.0-255,2543,74078,96,278807
3069,0.000786,172.31.47.0-255,66,74144,96,278807
3070,0.000962,74.125.200.0-255,1484,75628,96,278807
3071,0.000981,74.125.200.0-255,1484,77112,96,278807
3072,0.000984,172.31.47.0-255,66,77178,96,278807
3073,0.000989,74.125.200.0-255,2902,80080,96,278807
3074,0.00099,172.31.47.0-255,66,80146,96,278807
3075,0.001,74.125.200.0-255,5738,85884,96,278807
3076,0.001001,172.31.47.0-255,66,85950,96,278807
3077,0.001046,172.31.47.0-255,66,86016,96,278807
3078,0.001094,74.125.200.0-255,7156,93172,96,278807
3079,0.001097,172.31.47.0-255,66,93238,96,278807
3080,0.001124,74.125.200.0-255,3602,96840,96,278807
3081,0.001138,74.125.200.0-255,7156,103996,96,278807
3082,0.001148,172.31.47.0-255,66,104062,96,278807
3083,0.001152,172.31.47.0-255,66,104128,96,278807
3084,0.001154,172.31.47.0-255,66,104194,96,278807
3085,0.001156,172.31.47.0-255,66,104260,96,278807
3086,0.001183,74.125.200.0-255,6438,110698,96,278807
3087,0.001186,172.31.47.0-255,66,110764,96,278807
3088,0.001189,74.125.200.0-255,2902,113666,96,278807
3089,0.001191,172.31.47.0-255,66,113732,96,278807
3090,0.001224,74.125.200.0-255,4320,118052,96,278807
3091,0.001227,172.31.47.0-255,66,118118,96,278807
3092,0.001238,172.31.47.0-255,66,118184,96,278807
3093,0.00169,74.125.200.0-255,1484,119668,96,278807
3094,0.001708,74.125.200.0-255,2902,122570,96,278807
3095,0.001712,172.31.47.0-255,66,122636,96,278807
3096,0.001715,74.125.200.0-255,1484,124120,96,278807
3097,0.001736,74.125.200.0-255,2902,127022,96,278807
3098,0.001738,172.31.47.0-255,66,127088,96,278807
3099,0.001754,74.125.200.0-255,4320,131408,96,278807
3100,0.001756,172.31.47.0-255,66,131474,96,278807
3101,0.001778,74.125.200.0-255,1484,132958,96,278807
3102,0.001781,74.125.200.0-255,2902,135860,96,278807
3103,0.001783,172.31.47.0-255,66,135926,96,278807
3104,0.001788,74.125.200.0-255,2902,138828,96,278807
3105,0.001789,172.31.47.0-255,66,138894,96,278807
3106,0.001812,74.125.200.0-255,1484,140378,96,278807
3107,0.001816,74.125.200.0-255,2902,143280,96,278807
3108,0.001818,172.31.47.0-255,66,143346,96,278807
3109,0.001848,74.125.200.0-255,5738,149084,96,278807
3110,0.00185,172.31.47.0-255,66,149150,96,278807
3111,0.001873,74.125.200.0-255,3602,152752,96,278807
3112,0.001875,172.31.47.0-255,66,152818,96,278807
3113,0.002025,74.125.200.0-255,1484,154302,96,278807
3114,0.002039,74.125.200.0-255,2902,157204,96,278807
3115,0.002042,172.31.47.0-255,66,157270,96,278807
3116,0.002071,74.125.200.0-255,5738,163008,96,278807
3117,0.002073,172.31.47.0-255,66,163074,96,278807
3118,0.0021,74.125.200.0-255,7156,170230,96,278807
3119,0.002103,172.31.47.0-255,66,170296,96,278807
3120,0.002127,74.125.200.0-255,5738,176034,96,278807
3121,0.002129,172.31.47.0-255,66,176100,96,278807
3122,0.00215,74.125.200.0-255,1484,177584,96,278807
3123,0.002169,74.125.200.0-255,5738,183322,96,278807
3124,0.002172,172.31.47.0-255,66,183388,96,278807
3125,0.002177,74.125.200.0-255,3602,186990,96,278807
3126,0.002178,172.31.47.0-255,66,187056,96,278807
3127,0.002195,74.125.200.0-255,2902,189958,96,278807
3128,0.002197,172.31.47.0-255,66,190024,96,278807
3129,0.002217,74.125.200.0-255,1484,191508,96,278807
3130,0.002224,74.125.200.0-255,5738,197246,96,278807
3131,0.002226,172.31.47.0-255,66,197312,96,278807
3132,0.002255,74.125.200.0-255,4320,201632,96,278807
3133,0.002257,172.31.47.0-255,66,201698,96,278807
3134,0.002267,172.31.47.0-255,66,201764,96,278807
3135,0.002287,74.125.200.0-255,2902,204666,96,278807
3136,0.002289,172.31.47.0-255,66,204732,96,278807
3137,0.002303,172.31.47.0-255,66,204798,96,278807
3138,0.004563,74.125.200.0-255,1484,206282,96,278807
3139,0.004582,74.125.200.0-255,4320,210602,96,278807
3140,0.004586,172.31.47.0-255,66,210668,96,278807
3141,0.006843,74.125.200.0-255,5738,216406,96,278807
3142,0.006848,172.31.47.0-255,66,216472,96,278807
3143,0.009122,74.125.200.0-255,5738,222210,96,278807
3144,0.009128,172.31.47.0-255,66,222276,96,278807
3145,0.011396,74.125.200.0-255,5738,228014,96,278807
3146,0.011403,172.31.47.0-255,66,228080,96,278807
3147,0.013699,74.125.200.0-255,5738,233818,96,278807
3148,0.013705,172.31.47.0-255,66,233884,96,278807
3149,0.01598,74.125.200.0-255,5738,239622,96,278807
3150,0.015989,172.31.47.0-255,66,239688,96,278807
3151,0.018269,74.125.200.0-255,5738,245426,96,278807
3152,0.018278,172.31.47.0-255,66,245492,96,278807
3153,0.020537,74.125.200.0-255,5738,251230,96,278807
3154,0.020544,172.31.47.0-255,66,251296,96,278807
3155,0.022824,74.125.200.0-255,5738,257034,96,278807
3156,0.022832,172.31.47.0-255,66,257100,96,278807
3157,0.025109,74.125.200.0-255,5738,262838,96,278807
3158,0.025117,172.31.47.0-255,66,262904,96,278807
3159,0.027145,172.31.47.0-255,172,263076,96,278807
3160,0.027196,172.31.47.0-255,1111,264187,96,278807
3161,0.027276,172.31.47.0-255,1514,265701,96,278807
3162,0.027277,172.31.47.0-255,1300,267001,96,278807
3163,0.027389,74.125.200.0-255,5738,272739,96,278807
3164,0.027395,172.31.47.0-255,66,272805,96,278807
3165,0.028757,104.244.42.0-255,66,272871,96,278807
3166,0.028786,104.244.42.0-255,66,272937,96,278807
3167,0.02888,104.244.42.0-255,66,273003,96,278807
3168,0.029657,74.125.200.0-255,5738,278741,96,278807
3169,0.029662,172.31.47.0-255,66,278807,96,278807
3170,0.0,74.125.24.0-255,153,153,96,211024
3171,2.2e-05,172.31.47.0-255,66,219,96,211024
3172,2.9e-05,74.125.24.0-255,1484,1703,96,211024
3173,3.3e-05,172.31.47.0-255,66,1769,96,211024
3174,3.8e-05,74.125.24.0-255,2902,4671,96,211024
3175,4.1e-05,172.31.47.0-255,66,4737,96,211024
3176,6.9e-05,74.125.24.0-255,7156,11893,96,211024
3177,7.2e-05,172.31.47.0-255,66,11959,96,211024
3178,7.6e-05,74.125.24.0-255,2102,14061,96,211024
3179,7.8e-05,172.31.47.0-255,66,14127,96,211024
3180,0.00011,74.125.24.0-255,2902,17029,96,211024
3181,0.000114,172.31.47.0-255,66,17095,96,211024
3182,0.000137,172.31.47.0-255,66,17161,96,211024
3183,0.000142,74.125.24.0-255,4320,21481,96,211024
3184,0.000144,172.31.47.0-255,66,21547,96,211024
3185,0.000173,74.125.24.0-255,1125,22672,96,211024
3186,0.000177,172.31.47.0-255,66,22738,96,211024
3187,0.00018,74.125.24.0-255,1484,24222,96,211024
3188,0.000182,172.31.47.0-255,66,24288,96,211024
3189,0.000192,74.125.24.0-255,1484,25772,96,211024
3190,0.000195,172.31.47.0-255,66,25838,96,211024
3191,0.000211,74.125.24.0-255,2902,28740,96,211024
3192,0.000215,172.31.47.0-255,66,28806,96,211024
3193,0.00023,74.125.24.0-255,5738,34544,96,211024
3194,0.000232,172.31.47.0-255,66,34610,96,211024
3195,0.00025,74.125.24.0-255,4320,38930,96,211024
3196,0.000252,172.31.47.0-255,66,38996,96,211024
3197,0.000255,74.125.24.0-255,1125,40121,96,211024
3198,0.000257,172.31.47.0-255,66,40187,96,211024
3199,0.000722,74.125.24.0-255,1484,41671,96,211024
3200,0.000727,172.31.47.0-255,66,41737,96,211024
3201,0.000733,74.125.24.0-255,2902,44639,96,211024
3202,0.000738,74.125.24.0-255,2902,47541,96,211024
3203,0.000743,74.125.24.0-255,4320,51861,96,211024
3204,0.000744,172.31.47.0-255,66,51927,96,211024
3205,0.000749,172.31.47.0-255,66,51993,96,211024
3206,0.000774,74.125.24.0-255,1484,53477,96,211024
3207,0.0008,74.125.24.0-255,3961,57438,96,211024
3208,0.000809,172.31.47.0-255,66,57504,96,211024
3209,0.000824,74.125.24.0-255,1484,58988,96,211024
3210,0.000837,74.125.24.0-255,2902,61890,96,211024
3211,0.00084,74.125.24.0-255,1484,63374,96,211024
3212,0.000843,172.31.47.0-255,66,63440,96,211024
3213,0.000852,74.125.24.0-255,4320,67760,96,211024
3214,0.000869,172.31.47.0-255,66,67826,96,211024
3215,0.000883,74.125.24.0-255,2902,70728,96,211024
3216,0.000886,172.31.47.0-255,66,70794,96,211024
3217,0.000911,74.125.24.0-255,4541,75335,96,211024
3218,0.000915,172.31.47.0-255,66,75401,96,211024
3219,0.000927,74.125.24.0-255,1484,76885,96,211024
3220,0.000944,74.125.24.0-255,2902,79787,96,211024
3221,0.000951,74.125.24.0-255,5738,85525,96,211024
3222,0.000956,172.31.47.0-255,66,85591,96,211024
3223,0.000988,74.125.24.0-255,6797,92388,96,211024
3224,0.000994,172.31.47.0-255,66,92454,96,211024
3225,0.001162,74.125.24.0-255,1484,93938,96,211024
3226,0.001168,74.125.24.0-255,2902,96840,96,211024
3227,0.001171,172.31.47.0-255,66,96906,96,211024
3228,0.001178,74.125.24.0-255,5738,102644,96,211024
3229,0.001187,172.31.47.0-255,66,102710,96,211024
3230,0.001249,74.125.24.0-255,1484,104194,96,211024
3231,0.00127,74.125.24.0-255,4816,109010,96,211024
3232,0.001273,172.31.47.0-255,66,109076,96,211024
3233,0.001506,74.125.24.0-255,1484,110560,96,211024
3234,0.001524,74.125.24.0-255,2902,113462,96,211024
3235,0.001527,172.31.47.0-255,66,113528,96,211024
3236,0.001531,74.125.24.0-255,2902,116430,96,211024
3237,0.001548,74.125.24.0-255,2902,119332,96,211024
3238,0.001558,172.31.47.0-255,66,119398,96,211024
3239,0.001616,74.125.24.0-255,766,120164,96,211024
3240,0.001628,172.31.47.0-255,66,120230,96,211024
3241,0.002247,74.125.24.0-255,1484,121714,96,211024
3242,0.002257,74.125.24.0-255,2902,124616,96,211024
3243,0.002262,172.31.47.0-255,66,124682,96,211024
3244,0.002269,74.125.24.0-255,5738,130420,96,211024
3245,0.00231,74.125.24.0-255,2902,133322,96,211024
3246,0.002317,172.31.47.0-255,66,133388,96,211024
3247,0.002344,74.125.24.0-255,2902,136290,96,211024
3248,0.002353,172.31.47.0-255,66,136356,96,211024
3249,0.002378,74.125.24.0-255,5738,142094,96,211024
3250,0.002384,172.31.47.0-255,66,142160,96,211024
3251,0.002415,74.125.24.0-255,7156,149316,96,211024
3252,0.00243,74.125.24.0-255,3602,152918,96,211024
3253,0.002433,172.31.47.0-255,66,152984,96,211024
3254,0.005006,74.125.24.0-255,5738,158722,96,211024
3255,0.005011,172.31.47.0-255,66,158788,96,211024
3256,0.007588,74.125.24.0-255,5738,164526,96,211024
3257,0.007594,172.31.47.0-255,66,164592,96,211024
3258,0.010136,74.125.24.0-255,5738,170330,96,211024
3259,0.010143,172.31.47.0-255,66,170396,96,211024
3260,0.01267,74.125.24.0-255,5738,176134,96,211024
3261,0.012679,172.31.47.0-255,66,176200,96,211024
3262,0.015241,74.125.24.0-255,5738,181938,96,211024
3263,0.01525,172.31.47.0-255,66,182004,96,211024
3264,0.017778,74.125.24.0-255,5738,187742,96,211024
3265,0.017787,172.31.47.0-255,66,187808,96,211024
3266,0.020388,74.125.24.0-255,5738,193546,96,211024
3267,0.020406,172.31.47.0-255,66,193612,96,211024
3268,0.023009,74.125.24.0-255,5738,199350,96,211024
3269,0.02302,172.31.47.0-255,66,199416,96,211024
3270,0.025586,74.125.24.0-255,5738,205154,96,211024
3271,0.025605,172.31.47.0-255,66,205220,96,211024
3272,0.028191,74.125.24.0-255,5738,210958,96,211024
3273,0.02821,172.31.47.0-255,66,211024,96,211024
3274,0.0,74.125.200.0-255,146,146,96,237254
3275,1.4e-05,172.31.47.0-255,66,212,96,237254
3276,4.6e-05,74.125.200.0-255,1484,1696,96,237254
3277,5.1e-05,172.31.47.0-255,66,1762,96,237254
3278,5.6e-05,74.125.200.0-255,2902,4664,96,237254
3279,5.9e-05,172.31.47.0-255,66,4730,96,237254
3280,6.2e-05,74.125.200.0-255,1484,6214,96,237254
3281,6.5e-05,172.31.47.0-255,66,6280,96,237254
3282,8.9e-05,74.125.200.0-255,4320,10600,96,237254
3283,9.1e-05,172.31.47.0-255,66,10666,96,237254
3284,0.000128,74.125.200.0-255,6311,16977,96,237254
3285,0.00013,172.31.47.0-255,66,17043,96,237254
3286,0.000134,74.125.200.0-255,2902,19945,96,237254
3287,0.000135,172.31.47.0-255,66,20011,96,237254
3288,0.000138,74.125.200.0-255,1484,21495,96,237254
3289,0.00014,172.31.47.0-255,66,21561,96,237254
3290,0.000169,74.125.200.0-255,2902,24463,96,237254
3291,0.000171,172.31.47.0-255,66,24529,96,237254
3292,0.000178,74.125.200.0-255,6797,31326,96,237254
3293,0.00018,172.31.47.0-255,66,31392,96,237254
3294,0.000261,74.125.200.0-255,1484,32876,96,237254
3295,0.000264,172.31.47.0-255,66,32942,96,237254
3296,0.000291,74.125.200.0-255,2902,35844,96,237254
3297,0.000293,172.31.47.0-255,66,35910,96,237254
3298,0.000323,74.125.200.0-255,5738,41648,96,237254
3299,0.000326,172.31.47.0-255,66,41714,96,237254
3300,0.000357,74.125.200.0-255,4320,46034,96,237254
3301,0.000359,172.31.47.0-255,66,46100,96,237254
3302,0.000387,74.125.200.0-255,2543,48643,96,237254
3303,0.000389,172.31.47.0-255,66,48709,96,237254
3304,0.000526,74.125.200.0-255,1484,50193,96,237254
3305,0.00053,172.31.47.0-255,66,50259,96,237254
3306,0.000549,74.125.200.0-255,2902,53161,96,237254
3307,0.000552,172.31.47.0-255,66,53227,96,237254
3308,0.00058,74.125.200.0-255,5738,58965,96,237254
3309,0.000582,172.31.47.0-255,66,59031,96,237254
3310,0.000609,74.125.200.0-255,6797,65828,96,237254
3311,0.000612,172.31.47.0-255,66,65894,96,237254
3312,0.000635,74.125.200.0-255,4320,70214,96,237254
3313,0.000638,172.31.47.0-255,66,70280,96,237254
3314,0.000687,74.125.200.0-255,5738,76018,96,237254
3315,0.00069,172.31.47.0-255,66,76084,96,237254
3316,0.000696,74.125.200.0-255,5738,81822,96,237254
3317,0.000698,172.31.47.0-255,66,81888,96,237254
3318,0.000724,74.125.200.0-255,1125,83013,96,237254
3319,0.000726,172.31.47.0-255,66,83079,96,237254
3320,0.000752,74.125.200.0-255,1484,84563,96,237254
3321,0.000755,172.31.47.0-255,66,84629,96,237254
3322,0.000782,74.125.200.0-255,4320,88949,96,237254
3323,0.000784,172.31.47.0-255,66,89015,96,237254
3324,0.000787,74.125.200.0-255,1484,90499,96,237254
3325,0.000789,172.31.47.0-255,66,90565,96,237254
3326,0.000826,74.125.200.0-255,7156,97721,96,237254
3327,0.000829,172.31.47.0-255,66,97787,96,237254
3328,0.000833,74.125.200.0-255,3122,100909,96,237254
3329,0.000836,172.31.47.0-255,66,100975,96,237254
3330,0.001207,74.125.200.0-255,1484,102459,96,237254
3331,0.001211,172.31.47.0-255,66,102525,96,237254
3332,0.001236,74.125.200.0-255,2902,105427,96,237254
3333,0.001238,172.31.47.0-255,66,105493,96,237254
3334,0.001241,74.125.200.0-255,1484,106977,96,237254
3335,0.001243,172.31.47.0-255,66,107043,96,237254
3336,0.001278,74.125.200.0-255,5738,112781,96,237254
3337,0.001281,172.31.47.0-255,66,112847,96,237254
3338,0.001284,74.125.200.0-255,1484,114331,96,237254
3339,0.001286,172.31.47.0-255,66,114397,96,237254
3340,0.001311,74.125.200.0-255,7156,121553,96,237254
3341,0.001317,172.31.47.0-255,66,121619,96,237254
3342,0.001321,74.125.200.0-255,2902,124521,96,237254
3343,0.001323,172.31.47.0-255,66,124587,96,237254
3344,0.001358,74.125.200.0-255,7156,131743,96,237254
3345,0.00136,172.31.47.0-255,66,131809,96,237254
3346,0.001363,74.125.200.0-255,1484,133293,96,237254
3347,0.001365,172.31.47.0-255,66,133359,96,237254
3348,0.00137,74.125.200.0-255,2184,135543,96,237254
3349,0.001371,172.31.47.0-255,66,135609,96,237254
3350,0.002208,74.125.200.0-255,1484,137093,96,237254
3351,0.002213,172.31.47.0-255,66,137159,96,237254
3352,0.00222,74.125.200.0-255,1484,138643,96,237254
3353,0.002222,172.31.47.0-255,66,138709,96,237254
3354,0.002253,74.125.200.0-255,1484,140193,96,237254
3355,0.002255,172.31.47.0-255,66,140259,96,237254
3356,0.002261,74.125.200.0-255,5738,145997,96,237254
3357,0.002264,172.31.47.0-255,66,146063,96,237254
3358,0.002294,74.125.200.0-255,7156,153219,96,237254
3359,0.002296,172.31.47.0-255,66,153285,96,237254
3360,0.002301,74.125.200.0-255,4320,157605,96,237254
3361,0.002303,172.31.47.0-255,66,157671,96,237254
3362,0.002337,74.125.200.0-255,4320,161991,96,237254
3363,0.002339,172.31.47.0-255,66,162057,96,237254
3364,0.002346,74.125.200.0-255,7156,169213,96,237254
3365,0.002348,172.31.47.0-255,66,169279,96,237254
3366,0.004647,74.125.200.0-255,2902,172181,96,237254
3367,0.004652,172.31.47.0-255,66,172247,96,237254
3368,0.004678,74.125.200.0-255,2902,175149,96,237254
3369,0.004681,172.31.47.0-255,66,175215,96,237254
3370,0.006946,74.125.200.0-255,2902,178117,96,237254
3371,0.006951,172.31.47.0-255,66,178183,96,237254
3372,0.006981,74.125.200.0-255,2902,181085,96,237254
3373,0.006983,172.31.47.0-255,66,181151,96,237254
3374,0.00925,74.125.200.0-255,2902,184053,96,237254
3375,0.009257,172.31.47.0-255,66,184119,96,237254
3376,0.009285,74.125.200.0-255,2902,187021,96,237254
3377,0.009288,172.31.47.0-255,66,187087,96,237254
3378,0.011559,74.125.200.0-255,2902,189989,96,237254
3379,0.011566,172.31.47.0-255,66,190055,96,237254
3380,0.011609,74.125.200.0-255,2902,192957,96,237254
3381,0.011611,172.31.47.0-255,66,193023,96,237254
3382,0.013872,74.125.200.0-255,2902,195925,96,237254
3383,0.013881,172.31.47.0-255,66,195991,96,237254
3384,0.013915,74.125.200.0-255,2902,198893,96,237254
3385,0.013918,172.31.47.0-255,66,198959,96,237254
3386,0.016177,74.125.200.0-255,2902,201861,96,237254
3387,0.016183,172.31.47.0-255,66,201927,96,237254
3388,0.016211,74.125.200.0-255,2902,204829,96,237254
3389,0.016215,172.31.47.0-255,66,204895,96,237254
3390,0.018482,74.125.200.0-255,2902,207797,96,237254
3391,0.018489,172.31.47.0-255,66,207863,96,237254
3392,0.018516,74.125.200.0-255,2902,210765,96,237254
3393,0.018519,172.31.47.0-255,66,210831,96,237254
3394,0.02078,74.125.200.0-255,2902,213733,96,237254
3395,0.020788,172.31.47.0-255,66,213799,96,237254
3396,0.020823,74.125.200.0-255,2902,216701,96,237254
3397,0.020826,172.31.47.0-255,66,216767,96,237254
3398,0.023079,74.125.200.0-255,2902,219669,96,237254
3399,0.023086,172.31.47.0-255,66,219735,96,237254
3400,0.023115,74.125.200.0-255,2902,222637,96,237254
3401,0.023119,172.31.47.0-255,66,222703,96,237254
3402,0.023842,172.31.47.0-255,172,222875,96,237254
3403,0.023874,172.31.47.0-255,1105,223980,96,237254
3404,0.023927,172.31.47.0-255,1514,225494,96,237254
3405,0.023929,172.31.47.0-255,1306,226800,96,237254
3406,0.025393,74.125.200.0-255,4320,231120,96,237254
3407,0.025399,172.31.47.0-255,66,231186,96,237254
3408,0.025431,104.244.42.0-255,66,231252,96,237254
3409,0.025437,104.244.42.0-255,66,231318,96,237254
3410,0.02544,74.125.200.0-255,1484,232802,96,237254
3411,0.025519,104.244.42.0-255,66,232868,96,237254
3412,0.027704,74.125.200.0-255,4320,237188,96,237254
3413,0.027711,172.31.47.0-255,66,237254,96,237254
3414,0.0,172.217.194.0-255,152,152,96,175895
3415,2.7e-05,172.31.47.0-255,66,218,96,175895
3416,3.4e-05,172.217.194.0-255,1484,1702,96,175895
3417,3.7e-05,172.31.47.0-255,66,1768,96,175895
3418,4.2e-05,172.217.194.0-255,2902,4670,96,175895
3419,5.2e-05,172.31.47.0-255,66,4736,96,175895
3420,6e-05,172.217.194.0-255,7156,11892,96,175895
3421,6.2e-05,172.31.47.0-255,66,11958,96,175895
3422,8.8e-05,172.217.194.0-255,2055,14013,96,175895
3423,9.1e-05,172.31.47.0-255,66,14079,96,175895
3424,0.000125,172.217.194.0-255,2902,16981,96,175895
3425,0.000129,172.31.47.0-255,66,17047,96,175895
3426,0.000136,172.217.194.0-255,7156,24203,96,175895
3427,0.000139,172.31.47.0-255,66,24269,96,175895
3428,0.000146,172.217.194.0-255,1484,25753,96,175895
3429,0.000148,172.31.47.0-255,66,25819,96,175895
3430,0.000172,172.217.194.0-255,5379,31198,96,175895
3431,0.000179,172.31.47.0-255,66,31264,96,175895
3432,0.000219,172.217.194.0-255,4320,35584,96,175895
3433,0.000221,172.31.47.0-255,66,35650,96,175895
3434,0.000248,172.217.194.0-255,5738,41388,96,175895
3435,0.000252,172.31.47.0-255,66,41454,96,175895
3436,0.000287,172.217.194.0-255,4320,45774,96,175895
3437,0.000291,172.31.47.0-255,66,45840,96,175895
3438,0.000332,172.31.47.0-255,66,45906,96,175895
3439,0.00035,172.31.47.0-255,66,45972,96,175895
3440,0.000353,172.217.194.0-255,367,46339,96,175895
3441,0.000355,172.31.47.0-255,66,46405,96,175895
3442,0.000435,172.217.194.0-255,1484,47889,96,175895
3443,0.000439,172.31.47.0-255,66,47955,96,175895
3444,0.000444,172.217.194.0-255,2902,50857,96,175895
3445,0.000446,172.31.47.0-255,66,50923,96,175895
3446,0.000449,172.217.194.0-255,1484,52407,96,175895
3447,0.000481,172.217.194.0-255,4320,56727,96,175895
3448,0.000485,172.31.47.0-255,66,56793,96,175895
3449,0.000503,172.31.47.0-255,66,56859,96,175895
3450,0.000535,172.217.194.0-255,7156,64015,96,175895
3451,0.000538,172.31.47.0-255,66,64081,96,175895
3452,0.000571,172.217.194.0-255,6797,70878,96,175895
3453,0.000575,172.31.47.0-255,66,70944,96,175895
3454,0.000631,172.217.194.0-255,1484,72428,96,175895
3455,0.000634,172.217.194.0-255,1484,73912,96,175895
3456,0.000636,172.31.47.0-255,66,73978,96,175895
3457,0.000661,172.217.194.0-255,1484,75462,96,175895
3458,0.000667,172.217.194.0-255,5738,81200,96,175895
3459,0.00067,172.31.47.0-255,66,81266,96,175895
3460,0.000681,172.31.47.0-255,66,81332,96,175895
3461,0.000717,172.217.194.0-255,4320,85652,96,175895
3462,0.000721,172.31.47.0-255,66,85718,96,175895
3463,0.00074,172.31.47.0-255,66,85784,96,175895
3464,0.000918,172.217.194.0-255,1484,87268,96,175895
3465,0.00094,172.217.194.0-255,2902,90170,96,175895
3466,0.000944,172.31.47.0-255,66,90236,96,175895
3467,0.000951,172.217.194.0-255,5738,95974,96,175895
3468,0.000953,172.31.47.0-255,66,96040,96,175895
3469,0.000968,172.31.47.0-255,66,96106,96,175895
3470,0.000996,172.217.194.0-255,4320,100426,96,175895
3471,0.000999,172.31.47.0-255,66,100492,96,175895
3472,0.001017,172.31.47.0-255,66,100558,96,175895
3473,0.001079,172.217.194.0-255,1484,102042,96,175895
3474,0.001083,172.217.194.0-255,1484,103526,96,175895
3475,0.001086,172.31.47.0-255,66,103592,96,175895
3476,0.001105,172.217.194.0-255,1484,105076,96,175895
3477,0.001113,172.217.194.0-255,5738,110814,96,175895
3478,0.001116,172.31.47.0-255,66,110880,96,175895
3479,0.001123,172.217.194.0-255,7156,118036,96,175895
3480,0.001126,172.31.47.0-255,66,118102,96,175895
3481,0.001151,172.217.194.0-255,5738,123840,96,175895
3482,0.001153,172.31.47.0-255,66,123906,96,175895
3483,0.001168,172.31.47.0-255,66,123972,96,175895
3484,0.00143,172.217.194.0-255,1484,125456,96,175895
3485,0.001446,172.217.194.0-255,2902,128358,96,175895
3486,0.001449,172.31.47.0-255,66,128424,96,175895
3487,0.001454,172.217.194.0-255,4320,132744,96,175895
3488,0.001456,172.31.47.0-255,66,132810,96,175895
3489,0.001471,172.217.194.0-255,1484,134294,96,175895
3490,0.001506,172.31.47.0-255,66,134360,96,175895
3491,0.001512,172.217.194.0-255,7156,141516,96,175895
3492,0.001514,172.31.47.0-255,66,141582,96,175895
3493,0.001576,172.217.194.0-255,3602,145184,96,175895
3494,0.001579,172.31.47.0-255,66,145250,96,175895
3495,0.00163,172.217.194.0-255,1484,146734,96,175895
3496,0.001645,172.217.194.0-255,2902,149636,96,175895
3497,0.001648,172.217.194.0-255,2902,152538,96,175895
3498,0.001648,172.31.47.0-255,66,152604,96,175895
3499,0.001652,172.31.47.0-255,66,152670,96,175895
3500,0.001661,172.217.194.0-255,2902,155572,96,175895
3501,0.001667,172.31.47.0-255,66,155638,96,175895
3502,0.001671,172.217.194.0-255,2902,158540,96,175895
3503,0.001672,172.31.47.0-255,66,158606,96,175895
3504,0.001719,172.31.47.0-255,66,158672,96,175895
3505,0.001725,172.31.47.0-255,66,158738,96,175895
3506,0.001735,172.31.47.0-255,66,158804,96,175895
3507,0.001775,172.31.47.0-255,66,158870,96,175895
3508,0.001812,172.31.47.0-255,66,158936,96,175895
3509,0.001834,172.31.47.0-255,66,159002,96,175895
3510,0.001845,172.31.47.0-255,66,159068,96,175895
3511,0.001878,172.217.194.0-255,5738,164806,96,175895
3512,0.001882,172.31.47.0-255,66,164872,96,175895
3513,0.001917,172.31.47.0-255,66,164938,96,175895
3514,0.001949,172.217.194.0-255,1484,166422,96,175895
3515,0.001972,172.31.47.0-255,66,166488,96,175895
3516,0.001983,172.31.47.0-255,66,166554,96,175895
3517,0.00201,172.217.194.0-255,2184,168738,96,175895
3518,0.002014,172.31.47.0-255,66,168804,96,175895
3519,0.00202,172.217.194.0-255,6683,175487,96,175895
3520,0.002023,172.31.47.0-255,66,175553,96,175895
3521,0.00203,172.217.194.0-255,105,175658,96,175895
3522,0.008706,172.31.47.0-255,66,175724,96,175895
3523,0.008733,172.31.47.0-255,105,175829,96,175895
3524,0.010924,172.217.194.0-255,66,175895,96,175895
3525,0.0,216.58.221.0-255,153,153,96,240508
3526,3.2e-05,172.31.47.0-255,66,219,96,240508
3527,4.9e-05,216.58.221.0-255,1484,1703,96,240508
3528,6.1e-05,172.31.47.0-255,66,1769,96,240508
3529,6.6e-05,216.58.221.0-255,2902,4671,96,240508
3530,6.9e-05,172.31.47.0-255,66,4737,96,240508
3531,0.00011,216.58.221.0-255,4320,9057,96,240508
3532,0.000113,172.31.47.0-255,66,9123,96,240508
3533,0.000116,216.58.221.0-255,1484,10607,96,240508
3534,0.000118,172.31.47.0-255,66,10673,96,240508
3535,0.000149,216.58.221.0-255,3510,14183,96,240508
3536,0.000153,172.31.47.0-255,66,14249,96,240508
3537,0.000156,216.58.221.0-255,1484,15733,96,240508
3538,0.000158,172.31.47.0-255,66,15799,96,240508
3539,0.000163,216.58.221.0-255,2902,18701,96,240508
3540,0.000166,172.31.47.0-255,66,18767,96,240508
3541,0.000185,216.58.221.0-255,4320,23087,96,240508
3542,0.000188,172.31.47.0-255,66,23153,96,240508
3543,0.000213,216.58.221.0-255,1484,24637,96,240508
3544,0.000215,172.31.47.0-255,66,24703,96,240508
3545,0.000222,216.58.221.0-255,6797,31500,96,240508
3546,0.000225,172.31.47.0-255,66,31566,96,240508
3547,0.000302,216.58.221.0-255,1484,33050,96,240508
3548,0.000306,172.31.47.0-255,66,33116,96,240508
3549,0.000312,216.58.221.0-255,2902,36018,96,240508
3550,0.000314,172.31.47.0-255,66,36084,96,240508
3551,0.000317,216.58.221.0-255,1484,37568,96,240508
3552,0.000325,172.31.47.0-255,66,37634,96,240508
3553,0.000349,216.58.221.0-255,4320,41954,96,240508
3554,0.000353,172.31.47.0-255,66,42020,96,240508
3555,0.00036,216.58.221.0-255,6797,48817,96,240508
3556,0.000363,172.31.47.0-255,66,48883,96,240508
3557,0.000368,216.58.221.0-255,5738,54621,96,240508
3558,0.000371,172.31.47.0-255,66,54687,96,240508
3559,0.000395,216.58.221.0-255,1484,56171,96,240508
3560,0.000401,216.58.221.0-255,2902,59073,96,240508
3561,0.000404,172.31.47.0-255,66,59139,96,240508
3562,0.000436,216.58.221.0-255,7100,66239,96,240508
3563,0.00044,172.31.47.0-255,66,66305,96,240508
3564,0.001019,216.58.221.0-255,120,66425,96,240508
3565,0.001195,216.58.221.0-255,1484,67909,96,240508
3566,0.001201,172.31.47.0-255,66,67975,96,240508
3567,0.001207,216.58.221.0-255,2902,70877,96,240508
3568,0.001209,172.31.47.0-255,66,70943,96,240508
3569,0.001238,216.58.221.0-255,1484,72427,96,240508
3570,0.001257,216.58.221.0-255,2902,75329,96,240508
3571,0.001259,172.31.47.0-255,66,75395,96,240508
3572,0.001263,216.58.221.0-255,1484,76879,96,240508
3573,0.001287,216.58.221.0-255,1484,78363,96,240508
3574,0.00129,172.31.47.0-255,66,78429,96,240508
3575,0.001295,216.58.221.0-255,4320,82749,96,240508
3576,0.001296,172.31.47.0-255,66,82815,96,240508
3577,0.00132,172.31.47.0-255,66,82881,96,240508
3578,0.001359,216.58.221.0-255,4320,87201,96,240508
3579,0.001361,172.31.47.0-255,66,87267,96,240508
3580,0.001383,216.58.221.0-255,3961,91228,96,240508
3581,0.001385,172.31.47.0-255,66,91294,96,240508
3582,0.001432,216.58.221.0-255,1484,92778,96,240508
3583,0.001452,216.58.221.0-255,2902,95680,96,240508
3584,0.001454,172.31.47.0-255,66,95746,96,240508
3585,0.001459,216.58.221.0-255,5738,101484,96,240508
3586,0.00146,172.31.47.0-255,66,101550,96,240508
3587,0.001463,216.58.221.0-255,1484,103034,96,240508
3588,0.001479,216.58.221.0-255,2902,105936,96,240508
3589,0.001481,172.31.47.0-255,66,106002,96,240508
3590,0.001485,216.58.221.0-255,2902,108904,96,240508
3591,0.001486,172.31.47.0-255,66,108970,96,240508
3592,0.001513,216.58.221.0-255,2902,111872,96,240508
3593,0.001514,172.31.47.0-255,66,111938,96,240508
3594,0.001523,172.31.47.0-255,66,112004,96,240508
3595,0.001543,216.58.221.0-255,1484,113488,96,240508
3596,0.001546,216.58.221.0-255,2184,115672,96,240508
3597,0.001548,172.31.47.0-255,66,115738,96,240508
3598,0.00157,216.58.221.0-255,1484,117222,96,240508
3599,0.001573,216.58.221.0-255,2902,120124,96,240508
3600,0.001575,172.31.47.0-255,66,120190,96,240508
3601,0.001598,216.58.221.0-255,5738,125928,96,240508
3602,0.001601,172.31.47.0-255,66,125994,96,240508
3603,0.001635,172.31.47.0-255,66,126060,96,240508
3604,0.00164,216.58.221.0-255,7156,133216,96,240508
3605,0.001642,172.31.47.0-255,66,133282,96,240508
3606,0.001661,216.58.221.0-255,1484,134766,96,240508
3607,0.001671,216.58.221.0-255,2184,136950,96,240508
3608,0.001673,172.31.47.0-255,66,137016,96,240508
3609,0.001871,216.58.221.0-255,1484,138500,96,240508
3610,0.001883,216.58.221.0-255,2902,141402,96,240508
3611,0.001885,172.31.47.0-255,66,141468,96,240508
3612,0.001888,216.58.221.0-255,1484,142952,96,240508
3613,0.001916,216.58.221.0-255,4320,147272,96,240508
3614,0.001918,172.31.47.0-255,66,147338,96,240508
3615,0.001923,216.58.221.0-255,5738,153076,96,240508
3616,0.001925,172.31.47.0-255,66,153142,96,240508
3617,0.001957,216.58.221.0-255,7156,160298,96,240508
3618,0.001959,172.31.47.0-255,66,160364,96,240508
3619,0.003831,216.58.221.0-255,4320,164684,96,240508
3620,0.003834,172.31.47.0-255,66,164750,96,240508
3621,0.003848,216.58.221.0-255,1484,166234,96,240508
3622,0.005722,216.58.221.0-255,4320,170554,96,240508
3623,0.005727,172.31.47.0-255,66,170620,96,240508
3624,0.007648,216.58.221.0-255,5738,176358,96,240508
3625,0.007653,172.31.47.0-255,66,176424,96,240508
3626,0.009547,216.58.221.0-255,5738,182162,96,240508
3627,0.009554,172.31.47.0-255,66,182228,96,240508
3628,0.011451,216.58.221.0-255,5738,187966,96,240508
3629,0.011458,172.31.47.0-255,66,188032,96,240508
3630,0.013356,216.58.221.0-255,5738,193770,96,240508
3631,0.013366,172.31.47.0-255,66,193836,96,240508
3632,0.015255,216.58.221.0-255,5738,199574,96,240508
3633,0.015261,172.31.47.0-255,66,199640,96,240508
3634,0.017155,216.58.221.0-255,5738,205378,96,240508
3635,0.017161,172.31.47.0-255,66,205444,96,240508
3636,0.019049,216.58.221.0-255,4320,209764,96,240508
3637,0.019054,172.31.47.0-255,66,209830,96,240508
3638,0.019085,216.58.221.0-255,1484,211314,96,240508
3639,0.02095,216.58.221.0-255,4320,215634,96,240508
3640,0.020959,172.31.47.0-255,66,215700,96,240508
3641,0.022864,216.58.221.0-255,5738,221438,96,240508
3642,0.022873,172.31.47.0-255,66,221504,96,240508
3643,0.024568,172.31.47.0-255,172,221676,96,240508
3644,0.024595,172.31.47.0-255,1110,222786,96,240508
3645,0.024629,172.31.47.0-255,1514,224300,96,240508
3646,0.024631,172.31.47.0-255,1302,225602,96,240508
3647,0.024755,216.58.221.0-255,4320,229922,96,240508
3648,0.024761,172.31.47.0-255,66,229988,96,240508
3649,0.024792,216.58.221.0-255,1484,231472,96,240508
3650,0.026104,104.244.42.0-255,66,231538,96,240508
3651,0.026301,104.244.42.0-255,66,231604,96,240508
3652,0.026303,104.244.42.0-255,66,231670,96,240508
3653,0.026642,216.58.221.0-255,2902,234572,96,240508
3654,0.026645,172.31.47.0-255,66,234638,96,240508
3655,0.026678,216.58.221.0-255,1484,236122,96,240508
3656,0.028526,216.58.221.0-255,4320,240442,96,240508
3657,0.028531,172.31.47.0-255,66,240508,96,240508
3658,0.0,172.31.47.0-255,105,105,96,276
3659,0.001758,157.240.7.0-255,105,210,96,276
3660,0.001767,172.31.47.0-255,66,276,96,276
3661,0.0,74.125.200.0-255,153,153,96,235009
3662,2.3e-05,172.31.47.0-255,66,219,96,235009
3663,3e-05,74.125.200.0-255,1484,1703,96,235009
3664,3.3e-05,172.31.47.0-255,66,1769,96,235009
3665,3.6e-05,74.125.200.0-255,1484,3253,96,235009
3666,3.8e-05,172.31.47.0-255,66,3319,96,235009
3667,6.7e-05,74.125.200.0-255,1484,4803,96,235009
3668,7e-05,172.31.47.0-255,66,4869,96,235009
3669,7.7e-05,74.125.200.0-255,5738,10607,96,235009
3670,7.9e-05,172.31.47.0-255,66,10673,96,235009
3671,0.000102,74.125.200.0-255,1484,12157,96,235009
3672,0.000105,172.31.47.0-255,66,12223,96,235009
3673,0.000123,74.125.200.0-255,2109,14332,96,235009
3674,0.000125,172.31.47.0-255,66,14398,96,235009
3675,0.000127,74.125.200.0-255,1484,15882,96,235009
3676,0.000129,172.31.47.0-255,66,15948,96,235009
3677,0.000154,74.125.200.0-255,2902,18850,96,235009
3678,0.000156,172.31.47.0-255,66,18916,96,235009
3679,0.000163,74.125.200.0-255,1484,20400,96,235009
3680,0.000165,172.31.47.0-255,66,20466,96,235009
3681,0.000197,172.31.47.0-255,66,20532,96,235009
3682,0.000201,74.125.200.0-255,2543,23075,96,235009
3683,0.000203,172.31.47.0-255,66,23141,96,235009
3684,0.000301,74.125.200.0-255,1484,24625,96,235009
3685,0.000305,172.31.47.0-255,66,24691,96,235009
3686,0.000323,74.125.200.0-255,2902,27593,96,235009
3687,0.000326,172.31.47.0-255,66,27659,96,235009
3688,0.000351,74.125.200.0-255,4320,31979,96,235009
3689,0.000353,172.31.47.0-255,66,32045,96,235009
3690,0.000378,74.125.200.0-255,2902,34947,96,235009
3691,0.000381,172.31.47.0-255,66,35013,96,235009
3692,0.000408,74.125.200.0-255,5379,40392,96,235009
3693,0.00041,172.31.47.0-255,66,40458,96,235009
3694,0.000415,74.125.200.0-255,4320,44778,96,235009
3695,0.000417,172.31.47.0-255,66,44844,96,235009
3696,0.000447,74.125.200.0-255,4320,49164,96,235009
3697,0.00045,172.31.47.0-255,66,49230,96,235009
3698,0.000454,74.125.200.0-255,2902,52132,96,235009
3699,0.000456,172.31.47.0-255,66,52198,96,235009
3700,0.00046,74.125.200.0-255,4320,56518,96,235009
3701,0.000462,172.31.47.0-255,66,56584,96,235009
3702,0.00047,74.125.200.0-255,1125,57709,96,235009
3703,0.000495,74.125.200.0-255,398,58107,96,235009
3704,0.00055,74.125.200.0-255,376,58483,96,235009
3705,0.000554,172.31.47.0-255,66,58549,96,235009
3706,0.000766,74.125.200.0-255,1484,60033,96,235009
3707,0.000796,74.125.200.0-255,2902,62935,96,235009
3708,0.0008,172.31.47.0-255,66,63001,96,235009
3709,0.000803,74.125.200.0-255,1484,64485,96,235009
3710,0.000834,74.125.200.0-255,4320,68805,96,235009
3711,0.000837,172.31.47.0-255,66,68871,96,235009
3712,0.000841,74.125.200.0-255,2902,71773,96,235009
3713,0.000844,172.31.47.0-255,66,71839,96,235009
3714,0.000849,74.125.200.0-255,4320,76159,96,235009
3715,0.000851,172.31.47.0-255,66,76225,96,235009
3716,0.000921,172.31.47.0-255,66,76291,96,235009
3717,0.000926,74.125.200.0-255,4320,80611,96,235009
3718,0.000929,172.31.47.0-255,66,80677,96,235009
3719,0.000934,74.125.200.0-255,3602,84279,96,235009
3720,0.000942,172.31.47.0-255,66,84345,96,235009
3721,0.001274,74.125.200.0-255,1484,85829,96,235009
3722,0.001279,74.125.200.0-255,1484,87313,96,235009
3723,0.001283,172.31.47.0-255,66,87379,96,235009
3724,0.001288,74.125.200.0-255,2902,90281,96,235009
3725,0.001291,172.31.47.0-255,66,90347,96,235009
3726,0.001311,74.125.200.0-255,2902,93249,96,235009
3727,0.001314,172.31.47.0-255,66,93315,96,235009
3728,0.001342,74.125.200.0-255,2902,96217,96,235009
3729,0.001344,172.31.47.0-255,66,96283,96,235009
3730,0.001354,172.31.47.0-255,66,96349,96,235009
3731,0.001357,74.125.200.0-255,1484,97833,96,235009
3732,0.001387,172.31.47.0-255,66,97899,96,235009
3733,0.00139,74.125.200.0-255,766,98665,96,235009
3734,0.001428,74.125.200.0-255,1484,100149,96,235009
3735,0.00143,172.31.47.0-255,66,100215,96,235009
3736,0.001458,74.125.200.0-255,2902,103117,96,235009
3737,0.001461,172.31.47.0-255,66,103183,96,235009
3738,0.001478,74.125.200.0-255,2902,106085,96,235009
3739,0.00148,172.31.47.0-255,66,106151,96,235009
3740,0.001509,74.125.200.0-255,2902,109053,96,235009
3741,0.001511,172.31.47.0-255,66,109119,96,235009
3742,0.001522,172.31.47.0-255,66,109185,96,235009
3743,0.001549,74.125.200.0-255,1484,110669,96,235009
3744,0.00156,74.125.200.0-255,2902,113571,96,235009
3745,0.001562,172.31.47.0-255,66,113637,96,235009
3746,0.001602,172.31.47.0-255,66,113703,96,235009
3747,0.001933,74.125.200.0-255,1484,115187,96,235009
3748,0.001938,74.125.200.0-255,2902,118089,96,235009
3749,0.001941,172.31.47.0-255,66,118155,96,235009
3750,0.001967,74.125.200.0-255,1484,119639,96,235009
3751,0.001978,74.125.200.0-255,2902,122541,96,235009
3752,0.00198,172.31.47.0-255,66,122607,96,235009
3753,0.001986,74.125.200.0-255,5738,128345,96,235009
3754,0.001988,172.31.47.0-255,66,128411,96,235009
3755,0.002008,74.125.200.0-255,2902,131313,96,235009
3756,0.00201,172.31.47.0-255,66,131379,96,235009
3757,0.002016,74.125.200.0-255,5738,137117,96,235009
3758,0.002017,172.31.47.0-255,66,137183,96,235009
3759,0.002056,74.125.200.0-255,7156,144339,96,235009
3760,0.002059,172.31.47.0-255,66,144405,96,235009
3761,0.002064,74.125.200.0-255,3602,148007,96,235009
3762,0.002066,172.31.47.0-255,66,148073,96,235009
3763,0.00213,74.125.200.0-255,1484,149557,96,235009
3764,0.002145,74.125.200.0-255,1484,151041,96,235009
3765,0.002149,172.31.47.0-255,66,151107,96,235009
3766,0.002157,74.125.200.0-255,1484,152591,96,235009
3767,0.002161,74.125.200.0-255,2902,155493,96,235009
3768,0.002163,172.31.47.0-255,66,155559,96,235009
3769,0.002191,74.125.200.0-255,2902,158461,96,235009
3770,0.002193,172.31.47.0-255,66,158527,96,235009
3771,0.002203,172.31.47.0-255,66,158593,96,235009
3772,0.002208,74.125.200.0-255,7156,165749,96,235009
3773,0.00221,172.31.47.0-255,66,165815,96,235009
3774,0.002235,74.125.200.0-255,2902,168717,96,235009
3775,0.00224,74.125.200.0-255,5020,173737,96,235009
3776,0.002243,172.31.47.0-255,66,173803,96,235009
3777,0.002246,172.31.47.0-255,66,173869,96,235009
3778,0.004524,74.125.200.0-255,4320,178189,96,235009
3779,0.004528,172.31.47.0-255,66,178255,96,235009
3780,0.004551,74.125.200.0-255,1484,179739,96,235009
3781,0.006828,74.125.200.0-255,4320,184059,96,235009
3782,0.006833,172.31.47.0-255,66,184125,96,235009
3783,0.009144,74.125.200.0-255,5738,189863,96,235009
3784,0.009152,172.31.47.0-255,66,189929,96,235009
3785,0.01149,74.125.200.0-255,5738,195667,96,235009
3786,0.01151,172.31.47.0-255,66,195733,96,235009
3787,0.013831,74.125.200.0-255,5738,201471,96,235009
3788,0.013849,172.31.47.0-255,66,201537,96,235009
3789,0.016203,74.125.200.0-255,5738,207275,96,235009
3790,0.016221,172.31.47.0-255,66,207341,96,235009
3791,0.018528,74.125.200.0-255,5738,213079,96,235009
3792,0.018545,172.31.47.0-255,66,213145,96,235009
3793,0.020848,74.125.200.0-255,5738,218883,96,235009
3794,0.020861,172.31.47.0-255,66,218949,96,235009
3795,0.023162,74.125.200.0-255,5738,224687,96,235009
3796,0.023169,172.31.47.0-255,66,224753,96,235009
3797,0.025457,74.125.200.0-255,4320,229073,96,235009
3798,0.025462,172.31.47.0-255,66,229139,96,235009
3799,0.025489,74.125.200.0-255,1484,230623,96,235009
3800,0.027762,74.125.200.0-255,4320,234943,96,235009
3801,0.02777,172.31.47.0-255,66,235009,96,235009
3802,0.0,172.217.194.0-255,146,146,96,190410
3803,2.2e-05,172.31.47.0-255,66,212,96,190410
3804,2.8e-05,172.217.194.0-255,1484,1696,96,190410
3805,3.2e-05,172.31.47.0-255,66,1762,96,190410
3806,4.2e-05,172.217.194.0-255,2902,4664,96,190410
3807,4.6e-05,172.31.47.0-255,66,4730,96,190410
3808,5.3e-05,172.217.194.0-255,7156,11886,96,190410
3809,5.5e-05,172.31.47.0-255,66,11952,96,190410
3810,8.2e-05,172.217.194.0-255,2103,14055,96,190410
3811,8.8e-05,172.31.47.0-255,66,14121,96,190410
3812,0.000145,172.217.194.0-255,1484,15605,96,190410
3813,0.000147,172.31.47.0-255,66,15671,96,190410
3814,0.000166,172.217.194.0-255,2902,18573,96,190410
3815,0.000168,172.31.47.0-255,66,18639,96,190410
3816,0.000174,172.217.194.0-255,5738,24377,96,190410
3817,0.000175,172.31.47.0-255,66,24443,96,190410
3818,0.000228,172.31.47.0-255,66,24509,96,190410
3819,0.000242,172.31.47.0-255,66,24575,96,190410
3820,0.000274,172.217.194.0-255,5738,30313,96,190410
3821,0.000276,172.31.47.0-255,66,30379,96,190410
3822,0.000304,172.31.47.0-255,66,30445,96,190410
3823,0.000329,172.217.194.0-255,1484,31929,96,190410
3824,0.000331,172.31.47.0-255,66,31995,96,190410
3825,0.000336,172.217.194.0-255,2902,34897,96,190410
3826,0.000338,172.31.47.0-255,66,34963,96,190410
3827,0.000348,172.217.194.0-255,5738,40701,96,190410
3828,0.00035,172.31.47.0-255,66,40767,96,190410
3829,0.000393,172.31.47.0-255,66,40833,96,190410
3830,0.000403,172.31.47.0-255,66,40899,96,190410
3831,0.000436,172.217.194.0-255,2497,43396,96,190410
3832,0.000438,172.31.47.0-255,66,43462,96,190410
3833,0.000468,172.217.194.0-255,1484,44946,96,190410
3834,0.000469,172.31.47.0-255,66,45012,96,190410
3835,0.000472,172.217.194.0-255,1484,46496,96,190410
3836,0.000474,172.31.47.0-255,66,46562,96,190410
3837,0.000508,172.217.194.0-255,1484,48046,96,190410
3838,0.00051,172.31.47.0-255,66,48112,96,190410
3839,0.000516,172.217.194.0-255,5738,53850,96,190410
3840,0.000518,172.31.47.0-255,66,53916,96,190410
3841,0.000534,172.31.47.0-255,66,53982,96,190410
3842,0.000544,172.31.47.0-255,66,54048,96,190410
3843,0.000587,172.217.194.0-255,7156,61204,96,190410
3844,0.000589,172.31.47.0-255,66,61270,96,190410
3845,0.00062,172.31.47.0-255,66,61336,96,190410
3846,0.000624,172.217.194.0-255,2543,63879,96,190410
3847,0.000625,172.31.47.0-255,66,63945,96,190410
3848,0.000643,172.217.194.0-255,2902,66847,96,190410
3849,0.000645,172.31.47.0-255,66,66913,96,190410
3850,0.000651,172.217.194.0-255,1484,68397,96,190410
3851,0.000675,172.217.194.0-255,5738,74135,96,190410
3852,0.000677,172.31.47.0-255,66,74201,96,190410
3853,0.000683,172.217.194.0-255,5738,79939,96,190410
3854,0.000685,172.31.47.0-255,66,80005,96,190410
3855,0.000719,172.31.47.0-255,66,80071,96,190410
3856,0.000745,172.31.47.0-255,66,80137,96,190410
3857,0.000771,172.217.194.0-255,3602,83739,96,190410
3858,0.000773,172.31.47.0-255,66,83805,96,190410
3859,0.000782,172.31.47.0-255,66,83871,96,190410
3860,0.000862,172.31.47.0-255,66,83937,96,190410
3861,0.000895,172.31.47.0-255,66,84003,96,190410
3862,0.000925,172.217.194.0-255,4320,88323,96,190410
3863,0.000928,172.31.47.0-255,66,88389,96,190410
3864,0.000946,172.31.47.0-255,66,88455,96,190410
3865,0.00095,172.217.194.0-255,3602,92057,96,190410
3866,0.000952,172.31.47.0-255,66,92123,96,190410
3867,0.00097,172.217.194.0-255,4320,96443,96,190410
3868,0.000972,172.31.47.0-255,66,96509,96,190410
3869,0.000983,172.217.194.0-255,2543,99052,96,190410
3870,0.000992,172.31.47.0-255,66,99118,96,190410
3871,0.001005,172.217.194.0-255,1484,100602,96,190410
3872,0.001009,172.217.194.0-255,2902,103504,96,190410
3873,0.001017,172.217.194.0-255,5738,109242,96,190410
3874,0.001028,172.31.47.0-255,66,109308,96,190410
3875,0.001046,172.217.194.0-255,7156,116464,96,190410
3876,0.001075,172.217.194.0-255,5738,122202,96,190410
3877,0.001081,172.217.194.0-255,7156,129358,96,190410
3878,0.001087,172.31.47.0-255,66,129424,96,190410
3879,0.001111,172.217.194.0-255,3602,133026,96,190410
3880,0.001117,172.217.194.0-255,4320,137346,96,190410
3881,0.00112,172.217.194.0-255,2902,140248,96,190410
3882,0.001134,172.217.194.0-255,7156,147404,96,190410
3883,0.001149,172.217.194.0-255,1484,148888,96,190410
3884,0.001154,172.31.47.0-255,66,148954,96,190410
3885,0.001203,172.31.47.0-255,66,149020,96,190410
3886,0.00123,172.217.194.0-255,3602,152622,96,190410
3887,0.001257,172.31.47.0-255,66,152688,96,190410
3888,0.001276,172.31.47.0-255,66,152754,96,190410
3889,0.001306,172.217.194.0-255,4320,157074,96,190410
3890,0.001309,172.217.194.0-255,1484,158558,96,190410
3891,0.001318,172.31.47.0-255,66,158624,96,190410
3892,0.001328,172.217.194.0-255,4320,162944,96,190410
3893,0.001371,172.217.194.0-255,7156,170100,96,190410
3894,0.001378,172.31.47.0-255,66,170166,96,190410
3895,0.001388,172.217.194.0-255,4320,174486,96,190410
3896,0.001408,172.217.194.0-255,5738,180224,96,190410
3897,0.001425,172.217.194.0-255,5384,185608,96,190410
3898,0.001428,172.217.194.0-255,97,185705,96,190410
3899,0.001441,172.31.47.0-255,66,185771,96,190410
3900,0.001465,172.217.194.0-255,105,185876,96,190410
3901,0.00438,172.31.47.0-255,66,185942,96,190410
3902,0.004417,172.31.47.0-255,105,186047,96,190410
3903,0.006712,172.217.194.0-255,66,186113,96,190410
3904,0.026401,172.31.47.0-255,172,186285,96,190410
3905,0.026434,172.31.47.0-255,1105,187390,96,190410
3906,0.026494,172.31.47.0-255,1514,188904,96,190410
3907,0.026496,172.31.47.0-255,1308,190212,96,190410
3908,0.027925,104.244.42.0-255,66,190278,96,190410
3909,0.027977,104.244.42.0-255,66,190344,96,190410
3910,0.028014,104.244.42.0-255,66,190410,96,190410
3911,0.0,74.125.200.0-255,153,153,96,142745
3912,3.3e-05,172.31.47.0-255,66,219,96,142745
3913,4e-05,74.125.200.0-255,1484,1703,96,142745
3914,4.5e-05,172.31.47.0-255,66,1769,96,142745
3915,5e-05,74.125.200.0-255,2902,4671,96,142745
3916,6.1e-05,172.31.47.0-255,66,4737,96,142745
3917,6.5e-05,74.125.200.0-255,2902,7639,96,142745
3918,6.8e-05,172.31.47.0-255,66,7705,96,142745
3919,9.5e-05,74.125.200.0-255,1484,9189,96,142745
3920,9.9e-05,172.31.47.0-255,66,9255,96,142745
3921,0.000105,74.125.200.0-255,5011,14266,96,142745
3922,0.000108,172.31.47.0-255,66,14332,96,142745
3923,0.00027,74.125.200.0-255,1484,15816,96,142745
3924,0.000274,172.31.47.0-255,66,15882,96,142745
3925,0.000279,74.125.200.0-255,1484,17366,96,142745
3926,0.000281,172.31.47.0-255,66,17432,96,142745
3927,0.00031,74.125.200.0-255,1484,18916,96,142745
3928,0.000314,172.31.47.0-255,66,18982,96,142745
3929,0.000318,74.125.200.0-255,2902,21884,96,142745
3930,0.000321,172.31.47.0-255,66,21950,96,142745
3931,0.000326,74.125.200.0-255,4320,26270,96,142745
3932,0.000329,172.31.47.0-255,66,26336,96,142745
3933,0.000365,172.31.47.0-255,66,26402,96,142745
3934,0.000398,172.31.47.0-255,66,26468,96,142745
3935,0.000403,74.125.200.0-255,4320,30788,96,142745
3936,0.000406,172.31.47.0-255,66,30854,96,142745
3937,0.000449,172.31.47.0-255,66,30920,96,142745
3938,0.000454,74.125.200.0-255,1484,32404,96,142745
3939,0.000457,172.31.47.0-255,66,32470,96,142745
3940,0.000495,74.125.200.0-255,421,32891,96,142745
3941,0.0005,172.31.47.0-255,66,32957,96,142745
3942,0.00053,74.125.200.0-255,1484,34441,96,142745
3943,0.000544,74.125.200.0-255,2902,37343,96,142745
3944,0.000554,172.31.47.0-255,66,37409,96,142745
3945,0.000559,74.125.200.0-255,4320,41729,96,142745
3946,0.000573,172.31.47.0-255,66,41795,96,142745
3947,0.0006,74.125.200.0-255,7156,48951,96,142745
3948,0.00061,172.31.47.0-255,66,49017,96,142745
3949,0.00062,74.125.200.0-255,1484,50501,96,142745
3950,0.000624,74.125.200.0-255,2902,53403,96,142745
3951,0.000638,172.31.47.0-255,66,53469,96,142745
3952,0.00065,74.125.200.0-255,5738,59207,96,142745
3953,0.00067,172.31.47.0-255,66,59273,96,142745
3954,0.000676,74.125.200.0-255,7156,66429,96,142745
3955,0.000679,74.125.200.0-255,766,67195,96,142745
3956,0.000687,172.31.47.0-255,66,67261,96,142745
3957,0.000892,74.125.200.0-255,354,67615,96,142745
3958,0.001049,74.125.200.0-255,1484,69099,96,142745
3959,0.001053,172.31.47.0-255,66,69165,96,142745
3960,0.001057,74.125.200.0-255,1484,70649,96,142745
3961,0.001076,74.125.200.0-255,1484,72133,96,142745
3962,0.001082,74.125.200.0-255,5738,77871,96,142745
3963,0.001091,172.31.47.0-255,66,77937,96,142745
3964,0.001137,172.31.47.0-255,66,78003,96,142745
3965,0.001193,172.31.47.0-255,66,78069,96,142745
3966,0.001547,74.125.200.0-255,1484,79553,96,142745
3967,0.001557,74.125.200.0-255,2902,82455,96,142745
3968,0.001561,172.31.47.0-255,66,82521,96,142745
3969,0.001592,74.125.200.0-255,5738,88259,96,142745
3970,0.001596,74.125.200.0-255,1484,89743,96,142745
3971,0.001607,74.125.200.0-255,1484,91227,96,142745
3972,0.001659,74.125.200.0-255,4320,95547,96,142745
3973,0.001676,74.125.200.0-255,6438,101985,96,142745
3974,0.010872,172.31.47.0-255,66,102051,96,142745
3975,0.011009,74.125.200.0-255,1484,103535,96,142745
3976,0.013154,74.125.200.0-255,4320,107855,96,142745
3977,0.013163,172.31.47.0-255,66,107921,96,142745
3978,0.01542,74.125.200.0-255,5738,113659,96,142745
3979,0.018237,172.31.47.0-255,66,113725,96,142745
3980,0.020507,74.125.200.0-255,5738,119463,96,142745
3981,0.020518,172.31.47.0-255,66,119529,96,142745
3982,0.022795,74.125.200.0-255,5738,125267,96,142745
3983,0.022815,172.31.47.0-255,66,125333,96,142745
3984,0.025077,74.125.200.0-255,5738,131071,96,142745
3985,0.025084,172.31.47.0-255,66,131137,96,142745
3986,0.027346,74.125.200.0-255,5738,136875,96,142745
3987,0.027352,172.31.47.0-255,66,136941,96,142745
3988,0.029611,74.125.200.0-255,5738,142679,96,142745
3989,0.029623,172.31.47.0-255,66,142745,96,142745
3990,0.0,74.125.24.0-255,297,297,96,219386
3991,2.3e-05,172.31.47.0-255,66,363,96,219386
3992,2.8e-05,74.125.24.0-255,1484,1847,96,219386
3993,3.1e-05,172.31.47.0-255,66,1913,96,219386
3994,4.4e-05,74.125.24.0-255,4320,6233,96,219386
3995,4.7e-05,172.31.47.0-255,66,6299,96,219386
3996,7.4e-05,74.125.24.0-255,2902,9201,96,219386
3997,7.6e-05,172.31.47.0-255,66,9267,96,219386
3998,9.4e-05,74.125.24.0-255,4848,14115,96,219386
3999,9.6e-05,172.31.47.0-255,66,14181,96,219386
4000,0.000153,74.125.24.0-255,1484,15665,96,219386
4001,0.000156,172.31.47.0-255,66,15731,96,219386
4002,0.000161,74.125.24.0-255,2902,18633,96,219386
4003,0.000163,172.31.47.0-255,66,18699,96,219386
4004,0.000165,74.125.24.0-255,1484,20183,96,219386
4005,0.000167,172.31.47.0-255,66,20249,96,219386
4006,0.000193,74.125.24.0-255,4320,24569,96,219386
4007,0.000199,172.31.47.0-255,66,24635,96,219386
4008,0.000224,172.31.47.0-255,66,24701,96,219386
4009,0.00025,74.125.24.0-255,3961,28662,96,219386
4010,0.000253,172.31.47.0-255,66,28728,96,219386
4011,0.00026,74.125.24.0-255,7156,35884,96,219386
4012,0.000262,172.31.47.0-255,66,35950,96,219386
4013,0.000305,74.125.24.0-255,2543,38493,96,219386
4014,0.000308,172.31.47.0-255,66,38559,96,219386
4015,0.00042,74.125.24.0-255,1484,40043,96,219386
4016,0.000424,172.31.47.0-255,66,40109,96,219386
4017,0.000428,74.125.24.0-255,2902,43011,96,219386
4018,0.00043,172.31.47.0-255,66,43077,96,219386
4019,0.00045,74.125.24.0-255,5738,48815,96,219386
4020,0.000456,172.31.47.0-255,66,48881,96,219386
4021,0.000482,74.125.24.0-255,7090,55971,96,219386
4022,0.000485,172.31.47.0-255,66,56037,96,219386
4023,0.000514,74.125.24.0-255,385,56422,96,219386
4024,0.000568,74.125.24.0-255,1484,57906,96,219386
4025,0.000571,172.31.47.0-255,66,57972,96,219386
4026,0.000574,74.125.24.0-255,1484,59456,96,219386
4027,0.000596,74.125.24.0-255,4320,63776,96,219386
4028,0.000598,172.31.47.0-255,66,63842,96,219386
4029,0.000638,74.125.24.0-255,2902,66744,96,219386
4030,0.000641,172.31.47.0-255,66,66810,96,219386
4031,0.000667,74.125.24.0-255,6797,73607,96,219386
4032,0.00067,172.31.47.0-255,66,73673,96,219386
4033,0.000813,74.125.24.0-255,1484,75157,96,219386
4034,0.000816,74.125.24.0-255,1484,76641,96,219386
4035,0.000819,172.31.47.0-255,66,76707,96,219386
4036,0.000842,74.125.24.0-255,1484,78191,96,219386
4037,0.000847,74.125.24.0-255,5738,83929,96,219386
4038,0.00085,172.31.47.0-255,66,83995,96,219386
4039,0.00089,74.125.24.0-255,4320,88315,96,219386
4040,0.000893,172.31.47.0-255,66,88381,96,219386
4041,0.000912,74.125.24.0-255,2543,90924,96,219386
4042,0.000915,172.31.47.0-255,66,90990,96,219386
4043,0.001705,74.125.24.0-255,1484,92474,96,219386
4044,0.001726,74.125.24.0-255,2902,95376,96,219386
4045,0.00173,172.31.47.0-255,66,95442,96,219386
4046,0.001749,74.125.24.0-255,5738,101180,96,219386
4047,0.001751,172.31.47.0-255,66,101246,96,219386
4048,0.001776,74.125.24.0-255,7156,108402,96,219386
4049,0.001778,172.31.47.0-255,66,108468,96,219386
4050,0.001798,74.125.24.0-255,2902,111370,96,219386
4051,0.001799,172.31.47.0-255,66,111436,96,219386
4052,0.001822,172.31.47.0-255,66,111502,96,219386
4053,0.001843,74.125.24.0-255,1484,112986,96,219386
4054,0.001855,74.125.24.0-255,766,113752,96,219386
4055,0.001856,172.31.47.0-255,66,113818,96,219386
4056,0.001947,74.125.24.0-255,1484,115302,96,219386
4057,0.001963,74.125.24.0-255,2902,118204,96,219386
4058,0.001965,172.31.47.0-255,66,118270,96,219386
4059,0.001987,74.125.24.0-255,5738,124008,96,219386
4060,0.001989,172.31.47.0-255,66,124074,96,219386
4061,0.002009,74.125.24.0-255,2902,126976,96,219386
4062,0.00201,172.31.47.0-255,66,127042,96,219386
4063,0.002042,172.31.47.0-255,66,127108,96,219386
4064,0.002051,172.31.47.0-255,66,127174,96,219386
4065,0.002063,74.125.24.0-255,2184,129358,96,219386
4066,0.002065,172.31.47.0-255,66,129424,96,219386
4067,0.002089,74.125.24.0-255,7156,136580,96,219386
4068,0.002092,172.31.47.0-255,66,136646,96,219386
4069,0.00211,74.125.24.0-255,5738,142384,96,219386
4070,0.002111,172.31.47.0-255,66,142450,96,219386
4071,0.002132,74.125.24.0-255,1484,143934,96,219386
4072,0.002161,74.125.24.0-255,2902,146836,96,219386
4073,0.002187,74.125.24.0-255,2902,149738,96,219386
4074,0.002229,74.125.24.0-255,1484,151222,96,219386
4075,0.002295,74.125.24.0-255,4320,155542,96,219386
4076,0.002331,74.125.24.0-255,5738,161280,96,219386
4077,0.006712,172.31.47.0-255,66,161346,96,219386
4078,0.008997,74.125.24.0-255,5738,167084,96,219386
4079,0.009004,172.31.47.0-255,66,167150,96,219386
4080,0.011289,74.125.24.0-255,5738,172888,96,219386
4081,0.011295,172.31.47.0-255,66,172954,96,219386
4082,0.013579,74.125.24.0-255,5738,178692,96,219386
4083,0.013585,172.31.47.0-255,66,178758,96,219386
4084,0.015893,74.125.24.0-255,5738,184496,96,219386
4085,0.015898,172.31.47.0-255,66,184562,96,219386
4086,0.018194,74.125.24.0-255,5738,190300,96,219386
4087,0.018205,172.31.47.0-255,66,190366,96,219386
4088,0.02048,74.125.24.0-255,5738,196104,96,219386
4089,0.020488,172.31.47.0-255,66,196170,96,219386
4090,0.022778,74.125.24.0-255,5738,201908,96,219386
4091,0.022783,172.31.47.0-255,66,201974,96,219386
4092,0.025082,74.125.24.0-255,5738,207712,96,219386
4093,0.025088,172.31.47.0-255,66,207778,96,219386
4094,0.027386,74.125.24.0-255,5738,213516,96,219386
4095,0.027393,172.31.47.0-255,66,213582,96,219386
4096,0.029672,74.125.24.0-255,5738,219320,96,219386
4097,0.029678,172.31.47.0-255,66,219386,96,219386
4098,0.0,172.217.194.0-255,153,153,96,173041
4099,2.7e-05,172.31.47.0-255,66,219,96,173041
4100,3.3e-05,172.217.194.0-255,1484,1703,96,173041
4101,3.7e-05,172.31.47.0-255,66,1769,96,173041
4102,4.2e-05,172.217.194.0-255,2902,4671,96,173041
4103,4.4e-05,172.31.47.0-255,66,4737,96,173041
4104,4.8e-05,172.217.194.0-255,4320,9057,96,173041
4105,5.7e-05,172.31.47.0-255,66,9123,96,173041
4106,8.4e-05,172.217.194.0-255,2902,12025,96,173041
4107,8.7e-05,172.31.47.0-255,66,12091,96,173041
4108,9.7e-05,172.31.47.0-255,66,12157,96,173041
4109,0.00016,172.31.47.0-255,66,12223,96,173041
4110,0.000186,172.217.194.0-255,1484,13707,96,173041
4111,0.000188,172.31.47.0-255,66,13773,96,173041
4112,0.000193,172.217.194.0-255,2902,16675,96,173041
4113,0.000194,172.31.47.0-255,66,16741,96,173041
4114,0.000197,172.217.194.0-255,1484,18225,96,173041
4115,0.000199,172.31.47.0-255,66,18291,96,173041
4116,0.000227,172.217.194.0-255,4320,22611,96,173041
4117,0.000229,172.31.47.0-255,66,22677,96,173041
4118,0.000232,172.217.194.0-255,1484,24161,96,173041
4119,0.000233,172.31.47.0-255,66,24227,96,173041
4120,0.000265,172.217.194.0-255,5379,29606,96,173041
4121,0.000268,172.31.47.0-255,66,29672,96,173041
4122,0.000574,172.217.194.0-255,1484,31156,96,173041
4123,0.000578,172.31.47.0-255,66,31222,96,173041
4124,0.000584,172.217.194.0-255,2902,34124,96,173041
4125,0.000585,172.31.47.0-255,66,34190,96,173041
4126,0.000591,172.217.194.0-255,5738,39928,96,173041
4127,0.000597,172.31.47.0-255,66,39994,96,173041
4128,0.000623,172.217.194.0-255,2902,42896,96,173041
4129,0.000626,172.31.47.0-255,66,42962,96,173041
4130,0.000655,172.31.47.0-255,66,43028,96,173041
4131,0.000681,172.217.194.0-255,5738,48766,96,173041
4132,0.000684,172.31.47.0-255,66,48832,96,173041
4133,0.000714,172.31.47.0-255,66,48898,96,173041
4134,0.000727,172.31.47.0-255,66,48964,96,173041
4135,0.000729,172.217.194.0-255,1125,50089,96,173041
4136,0.000924,172.31.47.0-255,66,50155,96,173041
4137,0.001279,172.217.194.0-255,1484,51639,96,173041
4138,0.001296,172.217.194.0-255,2902,54541,96,173041
4139,0.0013,172.31.47.0-255,66,54607,96,173041
4140,0.001307,172.217.194.0-255,5738,60345,96,173041
4141,0.001308,172.31.47.0-255,66,60411,96,173041
4142,0.001343,172.31.47.0-255,66,60477,96,173041
4143,0.001366,172.217.194.0-255,2902,63379,96,173041
4144,0.001368,172.31.47.0-255,66,63445,96,173041
4145,0.001401,172.217.194.0-255,4320,67765,96,173041
4146,0.001404,172.31.47.0-255,66,67831,96,173041
4147,0.001417,172.217.194.0-255,6438,74269,96,173041
4148,0.001423,172.31.47.0-255,66,74335,96,173041
4149,0.00149,172.217.194.0-255,1484,75819,96,173041
4150,0.001504,172.217.194.0-255,2902,78721,96,173041
4151,0.001506,172.31.47.0-255,66,78787,96,173041
4152,0.001511,172.217.194.0-255,4320,83107,96,173041
4153,0.001513,172.31.47.0-255,66,83173,96,173041
4154,0.001537,172.217.194.0-255,1484,84657,96,173041
4155,0.001546,172.31.47.0-255,66,84723,96,173041
4156,0.001568,172.217.194.0-255,4320,89043,96,173041
4157,0.00157,172.31.47.0-255,66,89109,96,173041
4158,0.001593,172.217.194.0-255,4320,93429,96,173041
4159,0.001595,172.31.47.0-255,66,93495,96,173041
4160,0.00162,172.217.194.0-255,6438,99933,96,173041
4161,0.001622,172.31.47.0-255,66,99999,96,173041
4162,0.003927,172.217.194.0-255,5738,105737,96,173041
4163,0.003931,172.31.47.0-255,66,105803,96,173041
4164,0.006243,172.217.194.0-255,5738,111541,96,173041
4165,0.006248,172.31.47.0-255,66,111607,96,173041
4166,0.008546,172.217.194.0-255,5738,117345,96,173041
4167,0.008552,172.31.47.0-255,66,117411,96,173041
4168,0.010898,172.217.194.0-255,5738,123149,96,173041
4169,0.010904,172.31.47.0-255,66,123215,96,173041
4170,0.01323,172.217.194.0-255,5738,128953,96,173041
4171,0.013239,172.31.47.0-255,66,129019,96,173041
4172,0.015598,172.217.194.0-255,5738,134757,96,173041
4173,0.015603,172.31.47.0-255,66,134823,96,173041
4174,0.017934,172.217.194.0-255,5738,140561,96,173041
4175,0.01794,172.31.47.0-255,66,140627,96,173041
4176,0.019687,172.31.47.0-255,172,140799,96,173041
4177,0.019735,172.31.47.0-255,1109,141908,96,173041
4178,0.019799,172.31.47.0-255,1514,143422,96,173041
4179,0.0198,172.31.47.0-255,335,143757,96,173041
4180,0.02028,172.217.194.0-255,5738,149495,96,173041
4181,0.020285,172.31.47.0-255,66,149561,96,173041
4182,0.021212,104.244.42.0-255,66,149627,96,173041
4183,0.021267,104.244.42.0-255,66,149693,96,173041
4184,0.021373,104.244.42.0-255,66,149759,96,173041
4185,0.022601,172.217.194.0-255,1484,151243,96,173041
4186,0.022629,172.217.194.0-255,4320,155563,96,173041
4187,0.022633,172.31.47.0-255,66,155629,96,173041
4188,0.024957,172.217.194.0-255,5738,161367,96,173041
4189,0.024962,172.31.47.0-255,66,161433,96,173041
4190,0.027295,172.217.194.0-255,5738,167171,96,173041
4191,0.027301,172.31.47.0-255,66,167237,96,173041
4192,0.029607,172.217.194.0-255,5738,172975,96,173041
4193,0.029613,172.31.47.0-255,66,173041,96,173041
4194,0.0,74.125.68.0-255,153,153,96,190305
4195,3e-05,172.31.47.0-255,66,219,96,190305
4196,3.6e-05,74.125.68.0-255,1484,1703,96,190305
4197,3.9e-05,172.31.47.0-255,66,1769,96,190305
4198,5.9e-05,74.125.68.0-255,2902,4671,96,190305
4199,6.6e-05,172.31.47.0-255,66,4737,96,190305
4200,7.2e-05,74.125.68.0-255,5738,10475,96,190305
4201,7.4e-05,172.31.47.0-255,66,10541,96,190305
4202,0.000109,74.125.68.0-255,3590,14131,96,190305
4203,0.000113,172.31.47.0-255,66,14197,96,190305
4204,0.000178,74.125.68.0-255,1484,15681,96,190305
4205,0.000182,172.31.47.0-255,66,15747,96,190305
4206,0.00021,74.125.68.0-255,2902,18649,96,190305
4207,0.000212,172.31.47.0-255,66,18715,96,190305
4208,0.000218,74.125.68.0-255,4320,23035,96,190305
4209,0.00022,172.31.47.0-255,66,23101,96,190305
4210,0.000263,172.31.47.0-255,66,23167,96,190305
4211,0.000317,172.31.47.0-255,66,23233,96,190305
4212,0.000344,74.125.68.0-255,2902,26135,96,190305
4213,0.000346,172.31.47.0-255,66,26201,96,190305
4214,0.000374,74.125.68.0-255,5379,31580,96,190305
4215,0.000377,172.31.47.0-255,66,31646,96,190305
4216,0.000696,74.125.68.0-255,1484,33130,96,190305
4217,0.000701,172.31.47.0-255,66,33196,96,190305
4218,0.000709,74.125.68.0-255,2902,36098,96,190305
4219,0.000712,172.31.47.0-255,66,36164,96,190305
4220,0.00074,74.125.68.0-255,5738,41902,96,190305
4221,0.000744,172.31.47.0-255,66,41968,96,190305
4222,0.000747,74.125.68.0-255,1484,43452,96,190305
4223,0.000749,172.31.47.0-255,66,43518,96,190305
4224,0.000771,74.125.68.0-255,1484,45002,96,190305
4225,0.000774,172.31.47.0-255,66,45068,96,190305
4226,0.000777,74.125.68.0-255,1484,46552,96,190305
4227,0.000805,74.125.68.0-255,2543,49095,96,190305
4228,0.000808,74.125.68.0-255,646,49741,96,190305
4229,0.00091,74.125.68.0-255,1484,51225,96,190305
4230,0.000916,74.125.68.0-255,2902,54127,96,190305
4231,0.000945,74.125.68.0-255,5738,59865,96,190305
4232,0.000959,74.125.68.0-255,1484,61349,96,190305
4233,0.000975,74.125.68.0-255,2902,64251,96,190305
4234,0.000994,74.125.68.0-255,2902,67153,96,190305
4235,0.001006,74.125.68.0-255,2543,69696,96,190305
4236,0.001009,74.125.68.0-255,1484,71180,96,190305
4237,0.001026,74.125.68.0-255,4320,75500,96,190305
4238,0.001344,172.31.47.0-255,66,75566,96,190305
4239,0.001372,74.125.68.0-255,1484,77050,96,190305
4240,0.001377,74.125.68.0-255,2902,79952,96,190305
4241,0.001382,74.125.68.0-255,2902,82854,96,190305
4242,0.001393,74.125.68.0-255,2902,85756,96,190305
4243,0.001395,74.125.68.0-255,1484,87240,96,190305
4244,0.001412,74.125.68.0-255,2902,90142,96,190305
4245,0.001419,172.31.47.0-255,66,90208,96,190305
4246,0.001445,74.125.68.0-255,5738,95946,96,190305
4247,0.001449,74.125.68.0-255,1484,97430,96,190305
4248,0.001461,74.125.68.0-255,1484,98914,96,190305
4249,0.001464,74.125.68.0-255,1484,100398,96,190305
4250,0.001472,172.31.47.0-255,66,100464,96,190305
4251,0.001483,74.125.68.0-255,2902,103366,96,190305
4252,0.001497,172.31.47.0-255,66,103432,96,190305
4253,0.001522,74.125.68.0-255,5738,109170,96,190305
4254,0.001531,74.125.68.0-255,766,109936,96,190305
4255,0.00154,172.31.47.0-255,66,110002,96,190305
4256,0.003611,74.125.68.0-255,4320,114322,96,190305
4257,0.003621,172.31.47.0-255,66,114388,96,190305
4258,0.003646,74.125.68.0-255,1484,115872,96,190305
4259,0.005681,74.125.68.0-255,4320,120192,96,190305
4260,0.00642,172.31.47.0-255,66,120258,96,190305
4261,0.008503,74.125.68.0-255,5738,125996,96,190305
4262,0.008513,172.31.47.0-255,66,126062,96,190305
4263,0.010582,74.125.68.0-255,5738,131800,96,190305
4264,0.010592,172.31.47.0-255,66,131866,96,190305
4265,0.012667,74.125.68.0-255,5738,137604,96,190305
4266,0.012693,172.31.47.0-255,66,137670,96,190305
4267,0.014778,74.125.68.0-255,5738,143408,96,190305
4268,0.014786,172.31.47.0-255,66,143474,96,190305
4269,0.016882,74.125.68.0-255,5738,149212,96,190305
4270,0.016888,172.31.47.0-255,66,149278,96,190305
4271,0.018963,74.125.68.0-255,5738,155016,96,190305
4272,0.018971,172.31.47.0-255,66,155082,96,190305
4273,0.021039,74.125.68.0-255,5738,160820,96,190305
4274,0.021047,172.31.47.0-255,66,160886,96,190305
4275,0.022099,172.31.47.0-255,172,161058,96,190305
4276,0.02213,172.31.47.0-255,1109,162167,96,190305
4277,0.022181,172.31.47.0-255,1514,163681,96,190305
4278,0.022182,172.31.47.0-255,1514,165195,96,190305
4279,0.022183,172.31.47.0-255,1514,166709,96,190305
4280,0.022184,172.31.47.0-255,116,166825,96,190305
4281,0.023117,74.125.68.0-255,5738,172563,96,190305
4282,0.023123,172.31.47.0-255,66,172629,96,190305
4283,0.023682,104.244.42.0-255,66,172695,96,190305
4284,0.023707,104.244.42.0-255,66,172761,96,190305
4285,0.023775,104.244.42.0-255,66,172827,96,190305
4286,0.023779,104.244.42.0-255,66,172893,96,190305
4287,0.025193,74.125.68.0-255,5738,178631,96,190305
4288,0.025199,172.31.47.0-255,66,178697,96,190305
4289,0.027258,74.125.68.0-255,5738,184435,96,190305
4290,0.027264,172.31.47.0-255,66,184501,96,190305
4291,0.029339,74.125.68.0-255,5738,190239,96,190305
4292,0.029347,172.31.47.0-255,66,190305,96,190305
4293,0.0,172.31.47.0-255,66,66,96,66
4294,0.0,172.31.47.0-255,105,105,96,276
4295,0.001771,157.240.7.0-255,105,210,96,276
4296,0.001783,172.31.47.0-255,66,276,96,276
4297,0.0,172.31.47.0-255,66,66,96,66
4298,0.0,172.31.47.0-255,105,105,96,276
4299,0.001765,157.240.13.0-255,105,210,96,276
4300,0.001779,172.31.47.0-255,66,276,96,276
4301,0.0,172.217.194.0-255,153,153,96,276472
4302,2.7e-05,172.31.47.0-255,66,219,96,276472
4303,3.3e-05,172.217.194.0-255,1484,1703,96,276472
4304,3.8e-05,172.31.47.0-255,66,1769,96,276472
4305,4.3e-05,172.217.194.0-255,2902,4671,96,276472
4306,4.6e-05,172.31.47.0-255,66,4737,96,276472
4307,5.2e-05,172.217.194.0-255,7156,11893,96,276472
4308,5.4e-05,172.31.47.0-255,66,11959,96,276472
4309,6.3e-05,172.217.194.0-255,2219,14178,96,276472
4310,6.6e-05,172.31.47.0-255,66,14244,96,276472
4311,0.000107,172.31.47.0-255,66,14310,96,276472
4312,0.000111,172.217.194.0-255,4320,18630,96,276472
4313,0.000113,172.31.47.0-255,66,18696,96,276472
4314,0.00013,172.217.194.0-255,1125,19821,96,276472
4315,0.000133,172.31.47.0-255,66,19887,96,276472
4316,0.000164,172.217.194.0-255,1484,21371,96,276472
4317,0.000166,172.31.47.0-255,66,21437,96,276472
4318,0.000169,172.217.194.0-255,1484,22921,96,276472
4319,0.000171,172.31.47.0-255,66,22987,96,276472
4320,0.0002,172.217.194.0-255,1484,24471,96,276472
4321,0.000203,172.31.47.0-255,66,24537,96,276472
4322,0.000209,172.217.194.0-255,5738,30275,96,276472
4323,0.000211,172.31.47.0-255,66,30341,96,276472
4324,0.000227,172.31.47.0-255,66,30407,96,276472
4325,0.00026,172.217.194.0-255,4320,34727,96,276472
4326,0.000263,172.31.47.0-255,66,34793,96,276472
4327,0.000285,172.217.194.0-255,4320,39113,96,276472
4328,0.000288,172.31.47.0-255,66,39179,96,276472
4329,0.000296,172.217.194.0-255,2184,41363,96,276472
4330,0.000298,172.31.47.0-255,66,41429,96,276472
4331,0.0003,172.217.194.0-255,377,41806,96,276472
4332,0.000343,172.217.194.0-255,100,41906,96,276472
4333,0.000513,172.217.194.0-255,1484,43390,96,276472
4334,0.000518,172.31.47.0-255,66,43456,96,276472
4335,0.000521,172.217.194.0-255,1484,44940,96,276472
4336,0.000539,172.217.194.0-255,1484,46424,96,276472
4337,0.000542,172.31.47.0-255,66,46490,96,276472
4338,0.000548,172.217.194.0-255,5738,52228,96,276472
4339,0.00055,172.31.47.0-255,66,52294,96,276472
4340,0.000555,172.217.194.0-255,5738,58032,96,276472
4341,0.000557,172.31.47.0-255,66,58098,96,276472
4342,0.000594,172.217.194.0-255,7156,65254,96,276472
4343,0.000596,172.31.47.0-255,66,65320,96,276472
4344,0.000606,172.31.47.0-255,66,65386,96,276472
4345,0.000609,172.217.194.0-255,2184,67570,96,276472
4346,0.000612,172.31.47.0-255,66,67636,96,276472
4347,0.000663,172.217.194.0-255,1484,69120,96,276472
4348,0.000668,172.217.194.0-255,2902,72022,96,276472
4349,0.00067,172.31.47.0-255,66,72088,96,276472
4350,0.000701,172.217.194.0-255,2902,74990,96,276472
4351,0.000703,172.31.47.0-255,66,75056,96,276472
4352,0.00072,172.217.194.0-255,2902,77958,96,276472
4353,0.000723,172.31.47.0-255,66,78024,96,276472
4354,0.000726,172.217.194.0-255,1484,79508,96,276472
4355,0.000743,172.217.194.0-255,5738,85246,96,276472
4356,0.000745,172.31.47.0-255,66,85312,96,276472
4357,0.00075,172.217.194.0-255,4320,89632,96,276472
4358,0.000752,172.31.47.0-255,66,89698,96,276472
4359,0.000782,172.217.194.0-255,4320,94018,96,276472
4360,0.000785,172.31.47.0-255,66,94084,96,276472
4361,0.000794,172.31.47.0-255,66,94150,96,276472
4362,0.000823,172.217.194.0-255,1484,95634,96,276472
4363,0.000841,172.217.194.0-255,2902,98536,96,276472
4364,0.000844,172.31.47.0-255,66,98602,96,276472
4365,0.000847,172.217.194.0-255,1484,100086,96,276472
4366,0.000873,172.217.194.0-255,4320,104406,96,276472
4367,0.000876,172.31.47.0-255,66,104472,96,276472
4368,0.000907,172.217.194.0-255,1484,105956,96,276472
4369,0.000909,172.31.47.0-255,66,106022,96,276472
4370,0.000918,172.217.194.0-255,2902,108924,96,276472
4371,0.00092,172.31.47.0-255,66,108990,96,276472
4372,0.00095,172.217.194.0-255,5738,114728,96,276472
4373,0.000953,172.31.47.0-255,66,114794,96,276472
4374,0.000958,172.217.194.0-255,5020,119814,96,276472
4375,0.00096,172.31.47.0-255,66,119880,96,276472
4376,0.000963,172.217.194.0-255,1484,121364,96,276472
4377,0.000965,172.217.194.0-255,1484,122848,96,276472
4378,0.000968,172.31.47.0-255,66,122914,96,276472
4379,0.000997,172.217.194.0-255,1484,124398,96,276472
4380,0.001003,172.217.194.0-255,5738,130136,96,276472
4381,0.001006,172.31.47.0-255,66,130202,96,276472
4382,0.001016,172.31.47.0-255,66,130268,96,276472
4383,0.001046,172.217.194.0-255,4320,134588,96,276472
4384,0.001049,172.31.47.0-255,66,134654,96,276472
4385,0.001059,172.31.47.0-255,66,134720,96,276472
4386,0.001066,172.217.194.0-255,1063,135783,96,276472
4387,0.00124,172.217.194.0-255,1484,137267,96,276472
4388,0.001244,172.31.47.0-255,66,137333,96,276472
4389,0.001265,172.217.194.0-255,2902,140235,96,276472
4390,0.001268,172.31.47.0-255,66,140301,96,276472
4391,0.001291,172.217.194.0-255,5738,146039,96,276472
4392,0.001294,172.31.47.0-255,66,146105,96,276472
4393,0.001298,172.217.194.0-255,4320,150425,96,276472
4394,0.0013,172.31.47.0-255,66,150491,96,276472
4395,0.001302,172.217.194.0-255,1484,151975,96,276472
4396,0.001337,172.31.47.0-255,66,152041,96,276472
4397,0.001342,172.217.194.0-255,5738,157779,96,276472
4398,0.001344,172.31.47.0-255,66,157845,96,276472
4399,0.001364,172.217.194.0-255,2184,160029,96,276472
4400,0.001367,172.31.47.0-255,66,160095,96,276472
4401,0.001478,172.217.194.0-255,1484,161579,96,276472
4402,0.001482,172.217.194.0-255,2902,164481,96,276472
4403,0.001486,172.31.47.0-255,66,164547,96,276472
4404,0.001537,172.217.194.0-255,5738,170285,96,276472
4405,0.00154,172.31.47.0-255,66,170351,96,276472
4406,0.001564,172.31.47.0-255,66,170417,96,276472
4407,0.001569,172.217.194.0-255,4320,174737,96,276472
4408,0.001571,172.31.47.0-255,66,174803,96,276472
4409,0.001611,172.217.194.0-255,5738,180541,96,276472
4410,0.001615,172.31.47.0-255,66,180607,96,276472
4411,0.001625,172.217.194.0-255,766,181373,96,276472
4412,0.001641,172.217.194.0-255,2902,184275,96,276472
4413,0.001643,172.31.47.0-255,66,184341,96,276472
4414,0.001671,172.217.194.0-255,4320,188661,96,276472
4415,0.001674,172.31.47.0-255,66,188727,96,276472
4416,0.001677,172.217.194.0-255,1484,190211,96,276472
4417,0.001691,172.31.47.0-255,66,190277,96,276472
4418,0.001693,172.217.194.0-255,1484,191761,96,276472
4419,0.001707,172.217.194.0-255,5738,197499,96,276472
4420,0.001709,172.31.47.0-255,66,197565,96,276472
4421,0.001736,172.217.194.0-255,5738,203303,96,276472
4422,0.001739,172.31.47.0-255,66,203369,96,276472
4423,0.001743,172.217.194.0-255,2184,205553,96,276472
4424,0.001745,172.31.47.0-255,66,205619,96,276472
4425,0.001809,172.217.194.0-255,1484,207103,96,276472
4426,0.001823,172.217.194.0-255,2902,210005,96,276472
4427,0.001826,172.31.47.0-255,66,210071,96,276472
4428,0.001841,172.217.194.0-255,5738,215809,96,276472
4429,0.001847,172.31.47.0-255,66,215875,96,276472
4430,0.00185,172.217.194.0-255,1484,217359,96,276472
4431,0.001855,172.217.194.0-255,4320,221679,96,276472
4432,0.001857,172.31.47.0-255,66,221745,96,276472
4433,0.001874,172.217.194.0-255,4320,226065,96,276472
4434,0.001878,172.31.47.0-255,66,226131,96,276472
4435,0.001888,172.217.194.0-255,2902,229033,96,276472
4436,0.00189,172.31.47.0-255,66,229099,96,276472
4437,0.001926,172.31.47.0-255,66,229165,96,276472
4438,0.001947,172.217.194.0-255,1484,230649,96,276472
4439,0.001964,172.217.194.0-255,2902,233551,96,276472
4440,0.001967,172.31.47.0-255,66,233617,96,276472
4441,0.001971,172.217.194.0-255,2902,236519,96,276472
4442,0.001973,172.31.47.0-255,66,236585,96,276472
4443,0.001989,172.217.194.0-255,2902,239487,96,276472
4444,0.001992,172.31.47.0-255,66,239553,96,276472
4445,0.001998,172.217.194.0-255,5738,245291,96,276472
4446,0.002,172.31.47.0-255,66,245357,96,276472
4447,0.00202,172.217.194.0-255,5738,251095,96,276472
4448,0.002022,172.31.47.0-255,66,251161,96,276472
4449,0.002038,172.31.47.0-255,66,251227,96,276472
4450,0.002186,172.217.194.0-255,1484,252711,96,276472
4451,0.002201,172.217.194.0-255,2902,255613,96,276472
4452,0.002205,172.31.47.0-255,66,255679,96,276472
4453,0.002225,172.217.194.0-255,5738,261417,96,276472
4454,0.002227,172.31.47.0-255,66,261483,96,276472
4455,0.002263,172.31.47.0-255,66,261549,96,276472
4456,0.002269,172.217.194.0-255,7156,268705,96,276472
4457,0.002271,172.31.47.0-255,66,268771,96,276472
4458,0.002304,172.217.194.0-255,2902,271673,96,276472
4459,0.002307,172.31.47.0-255,66,271739,96,276472
4460,0.002348,172.31.47.0-255,66,271805,96,276472
4461,0.004592,172.217.194.0-255,136,271941,96,276472
4462,0.004674,172.31.47.0-255,66,272007,96,276472
4463,0.004705,172.31.47.0-255,105,272112,96,276472
4464,0.006974,172.217.194.0-255,66,272178,96,276472
4465,0.027616,172.31.47.0-255,171,272349,96,276472
4466,0.027665,172.31.47.0-255,1129,273478,96,276472
4467,0.027727,172.31.47.0-255,1514,274992,96,276472
4468,0.02775,172.31.47.0-255,1282,276274,96,276472
4469,0.029168,104.244.42.0-255,66,276340,96,276472
4470,0.029245,104.244.42.0-255,66,276406,96,276472
4471,0.029335,104.244.42.0-255,66,276472,96,276472
4472,0.0,172.31.47.0-255,105,105,96,459
4473,0.00029,172.31.47.0-255,90,195,96,459
4474,0.000299,172.31.47.0-255,66,261,96,459
4475,0.00295,74.125.24.0-255,66,327,96,459
4476,0.002982,74.125.24.0-255,66,393,96,459
4477,0.003005,172.31.47.0-255,66,459,96,459
4478,0.0,172.217.194.0-255,153,153,96,267388
4479,3e-05,172.31.47.0-255,66,219,96,267388
4480,3.7e-05,172.217.194.0-255,1484,1703,96,267388
4481,4.1e-05,172.31.47.0-255,66,1769,96,267388
4482,4.6e-05,172.217.194.0-255,2902,4671,96,267388
4483,4.8e-05,172.31.47.0-255,66,4737,96,267388
4484,5.2e-05,172.217.194.0-255,2902,7639,96,267388
4485,5.4e-05,172.31.47.0-255,66,7705,96,267388
4486,7.3e-05,172.217.194.0-255,1484,9189,96,267388
4487,7.5e-05,172.31.47.0-255,66,9255,96,267388
4488,8.9e-05,172.31.47.0-255,66,9321,96,267388
4489,0.000106,172.217.194.0-255,4320,13641,96,267388
4490,0.000109,172.31.47.0-255,66,13707,96,267388
4491,0.000144,172.31.47.0-255,66,13773,96,267388
4492,0.000168,172.217.194.0-255,1484,15257,96,267388
4493,0.00017,172.31.47.0-255,66,15323,96,267388
4494,0.000188,172.217.194.0-255,1484,16807,96,267388
4495,0.00019,172.31.47.0-255,66,16873,96,267388
4496,0.000209,172.217.194.0-255,1484,18357,96,267388
4497,0.000211,172.31.47.0-255,66,18423,96,267388
4498,0.000216,172.217.194.0-255,4320,22743,96,267388
4499,0.000219,172.31.47.0-255,66,22809,96,267388
4500,0.000224,172.217.194.0-255,4320,27129,96,267388
4501,0.000227,172.31.47.0-255,66,27195,96,267388
4502,0.000249,172.217.194.0-255,4320,31515,96,267388
4503,0.000252,172.31.47.0-255,66,31581,96,267388
4504,0.000255,172.217.194.0-255,1484,33065,96,267388
4505,0.000257,172.31.47.0-255,66,33131,96,267388
4506,0.000273,172.217.194.0-255,5738,38869,96,267388
4507,0.000278,172.31.47.0-255,66,38935,96,267388
4508,0.000287,172.217.194.0-255,7156,46091,96,267388
4509,0.000289,172.31.47.0-255,66,46157,96,267388
4510,0.000313,172.217.194.0-255,2495,48652,96,267388
4511,0.000315,172.31.47.0-255,66,48718,96,267388
4512,0.000766,172.217.194.0-255,1484,50202,96,267388
4513,0.000782,172.217.194.0-255,2902,53104,96,267388
4514,0.000786,172.31.47.0-255,66,53170,96,267388
4515,0.00079,172.217.194.0-255,2902,56072,96,267388
4516,0.000793,172.31.47.0-255,66,56138,96,267388
4517,0.000806,172.217.194.0-255,2902,59040,96,267388
4518,0.000808,172.31.47.0-255,66,59106,96,267388
4519,0.000848,172.217.194.0-255,7156,66262,96,267388
4520,0.000852,172.31.47.0-255,66,66328,96,267388
4521,0.00087,172.217.194.0-255,1484,67812,96,267388
4522,0.000881,172.31.47.0-255,66,67878,96,267388
4523,0.000886,172.217.194.0-255,4740,72618,96,267388
4524,0.000889,172.31.47.0-255,66,72684,96,267388
4525,0.000929,172.217.194.0-255,2902,75586,96,267388
4526,0.000933,172.31.47.0-255,66,75652,96,267388
4527,0.000958,172.31.47.0-255,66,75718,96,267388
4528,0.000961,172.217.194.0-255,1484,77202,96,267388
4529,0.000979,172.217.194.0-255,1484,78686,96,267388
4530,0.000982,172.31.47.0-255,66,78752,96,267388
4531,0.001007,172.31.47.0-255,66,78818,96,267388
4532,0.00103,172.217.194.0-255,3602,82420,96,267388
4533,0.001034,172.31.47.0-255,66,82486,96,267388
4534,0.001207,172.217.194.0-255,1484,83970,96,267388
4535,0.001211,172.217.194.0-255,2902,86872,96,267388
4536,0.001214,172.31.47.0-255,66,86938,96,267388
4537,0.001229,172.217.194.0-255,2902,89840,96,267388
4538,0.001231,172.31.47.0-255,66,89906,96,267388
4539,0.001244,172.217.194.0-255,2902,92808,96,267388
4540,0.001246,172.31.47.0-255,66,92874,96,267388
4541,0.00125,172.217.194.0-255,4320,97194,96,267388
4542,0.001252,172.31.47.0-255,66,97260,96,267388
4543,0.001255,172.217.194.0-255,2902,100162,96,267388
4544,0.001258,172.31.47.0-255,66,100228,96,267388
4545,0.001287,172.31.47.0-255,66,100294,96,267388
4546,0.001291,172.217.194.0-255,2902,103196,96,267388
4547,0.001293,172.31.47.0-255,66,103262,96,267388
4548,0.001309,172.217.194.0-255,5020,108282,96,267388
4549,0.001311,172.31.47.0-255,66,108348,96,267388
4550,0.001404,172.217.194.0-255,1484,109832,96,267388
4551,0.001407,172.217.194.0-255,1484,111316,96,267388
4552,0.00141,172.31.47.0-255,66,111382,96,267388
4553,0.001423,172.217.194.0-255,1484,112866,96,267388
4554,0.001428,172.217.194.0-255,4320,117186,96,267388
4555,0.00143,172.31.47.0-255,66,117252,96,267388
4556,0.001441,172.217.194.0-255,1484,118736,96,267388
4557,0.001445,172.217.194.0-255,2902,121638,96,267388
4558,0.001447,172.31.47.0-255,66,121704,96,267388
4559,0.00147,172.217.194.0-255,2902,124606,96,267388
4560,0.001472,172.31.47.0-255,66,124672,96,267388
4561,0.001493,172.217.194.0-255,7156,131828,96,267388
4562,0.001495,172.31.47.0-255,66,131894,96,267388
4563,0.0015,172.217.194.0-255,5738,137632,96,267388
4564,0.001501,172.31.47.0-255,66,137698,96,267388
4565,0.001515,172.217.194.0-255,5020,142718,96,267388
4566,0.001518,172.31.47.0-255,66,142784,96,267388
4567,0.00155,172.31.47.0-255,66,142850,96,267388
4568,0.001558,172.217.194.0-255,2902,145752,96,267388
4569,0.001561,172.31.47.0-255,66,145818,96,267388
4570,0.001586,172.217.194.0-255,5738,151556,96,267388
4571,0.001588,172.31.47.0-255,66,151622,96,267388
4572,0.001597,172.31.47.0-255,66,151688,96,267388
4573,0.001601,172.217.194.0-255,3602,155290,96,267388
4574,0.001603,172.31.47.0-255,66,155356,96,267388
4575,0.001722,172.217.194.0-255,1484,156840,96,267388
4576,0.001738,172.217.194.0-255,2902,159742,96,267388
4577,0.001741,172.31.47.0-255,66,159808,96,267388
4578,0.001758,172.217.194.0-255,2902,162710,96,267388
4579,0.00176,172.31.47.0-255,66,162776,96,267388
4580,0.001778,172.217.194.0-255,2902,165678,96,267388
4581,0.00178,172.31.47.0-255,66,165744,96,267388
4582,0.001792,172.217.194.0-255,5738,171482,96,267388
4583,0.001794,172.31.47.0-255,66,171548,96,267388
4584,0.001815,172.217.194.0-255,7156,178704,96,267388
4585,0.001818,172.31.47.0-255,66,178770,96,267388
4586,0.001824,172.217.194.0-255,7156,185926,96,267388
4587,0.001826,172.31.47.0-255,66,185992,96,267388
4588,0.001867,172.217.194.0-255,3602,189594,96,267388
4589,0.001869,172.31.47.0-255,66,189660,96,267388
4590,0.00228,172.217.194.0-255,1484,191144,96,267388
4591,0.002289,172.217.194.0-255,2902,194046,96,267388
4592,0.002292,172.31.47.0-255,66,194112,96,267388
4593,0.002303,172.217.194.0-255,5738,199850,96,267388
4594,0.002308,172.31.47.0-255,66,199916,96,267388
4595,0.002317,172.217.194.0-255,4320,204236,96,267388
4596,0.002321,172.31.47.0-255,66,204302,96,267388
4597,0.002359,172.31.47.0-255,66,204368,96,267388
4598,0.00468,172.217.194.0-255,5738,210106,96,267388
4599,0.004695,172.31.47.0-255,66,210172,96,267388
4600,0.007025,172.217.194.0-255,5738,215910,96,267388
4601,0.007041,172.31.47.0-255,66,215976,96,267388
4602,0.009307,172.217.194.0-255,5738,221714,96,267388
4603,0.009313,172.31.47.0-255,66,221780,96,267388
4604,0.011598,172.217.194.0-255,4320,226100,96,267388
4605,0.011603,172.31.47.0-255,66,226166,96,267388
4606,0.01162,172.217.194.0-255,1484,227650,96,267388
4607,0.013931,172.217.194.0-255,4320,231970,96,267388
4608,0.013944,172.31.47.0-255,66,232036,96,267388
4609,0.016223,172.217.194.0-255,5738,237774,96,267388
4610,0.01623,172.31.47.0-255,66,237840,96,267388
4611,0.018532,172.217.194.0-255,5738,243578,96,267388
4612,0.018538,172.31.47.0-255,66,243644,96,267388
4613,0.020861,172.217.194.0-255,5738,249382,96,267388
4614,0.020869,172.31.47.0-255,66,249448,96,267388
4615,0.023176,172.217.194.0-255,2902,252350,96,267388
4616,0.023185,172.31.47.0-255,66,252416,96,267388
4617,0.023211,172.217.194.0-255,2902,255318,96,267388
4618,0.023213,172.31.47.0-255,66,255384,96,267388
4619,0.025453,172.217.194.0-255,2902,258286,96,267388
4620,0.025458,172.31.47.0-255,66,258352,96,267388
4621,0.025506,172.217.194.0-255,1484,259836,96,267388
4622,0.02552,172.217.194.0-255,1484,261320,96,267388
4623,0.025523,172.31.47.0-255,66,261386,96,267388
4624,0.027739,172.217.194.0-255,2902,264288,96,267388
4625,0.027745,172.31.47.0-255,66,264354,96,267388
4626,0.027823,172.217.194.0-255,1484,265838,96,267388
4627,0.027839,172.217.194.0-255,1484,267322,96,267388
4628,0.027842,172.31.47.0-255,66,267388,96,267388
4629,0.0,74.125.24.0-255,153,153,96,250414
4630,1.4e-05,172.31.47.0-255,66,219,96,250414
4631,2.1e-05,74.125.24.0-255,1484,1703,96,250414
4632,2.5e-05,172.31.47.0-255,66,1769,96,250414
4633,3e-05,74.125.24.0-255,2902,4671,96,250414
4634,3.4e-05,172.31.47.0-255,66,4737,96,250414
4635,3.8e-05,74.125.24.0-255,2902,7639,96,250414
4636,4.1e-05,172.31.47.0-255,66,7705,96,250414
4637,6.1e-05,74.125.24.0-255,4320,12025,96,250414
4638,6.4e-05,172.31.47.0-255,66,12091,96,250414
4639,8.6e-05,74.125.24.0-255,2902,14993,96,250414
4640,8.8e-05,172.31.47.0-255,66,15059,96,250414
4641,0.000118,172.31.47.0-255,66,15125,96,250414
4642,0.000148,74.125.24.0-255,3961,19086,96,250414
4643,0.00015,172.31.47.0-255,66,19152,96,250414
4644,0.00055,74.125.24.0-255,1484,20636,96,250414
4645,0.000555,172.31.47.0-255,66,20702,96,250414
4646,0.000559,74.125.24.0-255,1484,22186,96,250414
4647,0.000561,172.31.47.0-255,66,22252,96,250414
4648,0.000574,74.125.24.0-255,1484,23736,96,250414
4649,0.000576,172.31.47.0-255,66,23802,96,250414
4650,0.000583,74.125.24.0-255,5738,29540,96,250414
4651,0.000585,172.31.47.0-255,66,29606,96,250414
4652,0.000591,74.125.24.0-255,5738,35344,96,250414
4653,0.000593,172.31.47.0-255,66,35410,96,250414
4654,0.000631,74.125.24.0-255,5738,41148,96,250414
4655,0.000634,172.31.47.0-255,66,41214,96,250414
4656,0.00066,172.31.47.0-255,66,41280,96,250414
4657,0.000665,74.125.24.0-255,4234,45514,96,250414
4658,0.000667,172.31.47.0-255,66,45580,96,250414
4659,0.001013,74.125.24.0-255,132,45712,96,250414
4660,0.001141,74.125.24.0-255,1484,47196,96,250414
4661,0.001147,172.31.47.0-255,66,47262,96,250414
4662,0.001166,74.125.24.0-255,2902,50164,96,250414
4663,0.001169,172.31.47.0-255,66,50230,96,250414
4664,0.001174,74.125.24.0-255,2902,53132,96,250414
4665,0.001176,172.31.47.0-255,66,53198,96,250414
4666,0.001193,74.125.24.0-255,2902,56100,96,250414
4667,0.001195,172.31.47.0-255,66,56166,96,250414
4668,0.001201,74.125.24.0-255,5738,61904,96,250414
4669,0.001202,172.31.47.0-255,66,61970,96,250414
4670,0.001231,74.125.24.0-255,7156,69126,96,250414
4671,0.001234,172.31.47.0-255,66,69192,96,250414
4672,0.00124,74.125.24.0-255,5738,74930,96,250414
4673,0.001242,172.31.47.0-255,66,74996,96,250414
4674,0.001267,74.125.24.0-255,5020,80016,96,250414
4675,0.001269,172.31.47.0-255,66,80082,96,250414
4676,0.001332,74.125.24.0-255,346,80428,96,250414
4677,0.001374,74.125.24.0-255,1484,81912,96,250414
4678,0.001377,172.31.47.0-255,66,81978,96,250414
4679,0.001391,74.125.24.0-255,4320,86298,96,250414
4680,0.001394,172.31.47.0-255,66,86364,96,250414
4681,0.001418,74.125.24.0-255,2902,89266,96,250414
4682,0.001421,172.31.47.0-255,66,89332,96,250414
4683,0.001424,74.125.24.0-255,1484,90816,96,250414
4684,0.001444,74.125.24.0-255,7156,97972,96,250414
4685,0.001446,172.31.47.0-255,66,98038,96,250414
4686,0.001462,74.125.24.0-255,7156,105194,96,250414
4687,0.001464,172.31.47.0-255,66,105260,96,250414
4688,0.001481,74.125.24.0-255,5738,110998,96,250414
4689,0.001483,172.31.47.0-255,66,111064,96,250414
4690,0.001523,74.125.24.0-255,5020,116084,96,250414
4691,0.001526,172.31.47.0-255,66,116150,96,250414
4692,0.001532,74.125.24.0-255,5738,121888,96,250414
4693,0.001535,172.31.47.0-255,66,121954,96,250414
4694,0.001556,74.125.24.0-255,1484,123438,96,250414
4695,0.001569,74.125.24.0-255,4320,127758,96,250414
4696,0.001571,172.31.47.0-255,66,127824,96,250414
4697,0.001594,74.125.24.0-255,7156,134980,96,250414
4698,0.001596,172.31.47.0-255,66,135046,96,250414
4699,0.001602,74.125.24.0-255,5738,140784,96,250414
4700,0.001604,172.31.47.0-255,66,140850,96,250414
4701,0.001625,172.31.47.0-255,66,140916,96,250414
4702,0.001702,74.125.24.0-255,1484,142400,96,250414
4703,0.001716,74.125.24.0-255,2902,145302,96,250414
4704,0.001718,172.31.47.0-255,66,145368,96,250414
4705,0.001738,74.125.24.0-255,4320,149688,96,250414
4706,0.001741,172.31.47.0-255,66,149754,96,250414
4707,0.001761,74.125.24.0-255,1484,151238,96,250414
4708,0.001775,172.31.47.0-255,66,151304,96,250414
4709,0.001779,74.125.24.0-255,2902,154206,96,250414
4710,0.001781,172.31.47.0-255,66,154272,96,250414
4711,0.001797,74.125.24.0-255,5738,160010,96,250414
4712,0.001799,172.31.47.0-255,66,160076,96,250414
4713,0.001832,74.125.24.0-255,2184,162260,96,250414
4714,0.001834,172.31.47.0-255,66,162326,96,250414
4715,0.001926,74.125.24.0-255,1484,163810,96,250414
4716,0.001939,74.125.24.0-255,1484,165294,96,250414
4717,0.001941,172.31.47.0-255,66,165360,96,250414
4718,0.001961,74.125.24.0-255,1484,166844,96,250414
4719,0.001967,74.125.24.0-255,5738,172582,96,250414
4720,0.00197,172.31.47.0-255,66,172648,96,250414
4721,0.002004,74.125.24.0-255,1484,174132,96,250414
4722,0.002028,172.31.47.0-255,66,174198,96,250414
4723,0.002033,74.125.24.0-255,4320,178518,96,250414
4724,0.002035,172.31.47.0-255,66,178584,96,250414
4725,0.002054,172.31.47.0-255,66,178650,96,250414
4726,0.002091,172.31.47.0-255,66,178716,96,250414
4727,0.00213,172.31.47.0-255,66,178782,96,250414
4728,0.002144,74.125.24.0-255,1484,180266,96,250414
4729,0.002149,74.125.24.0-255,3602,183868,96,250414
4730,0.002151,172.31.47.0-255,66,183934,96,250414
4731,0.004481,74.125.24.0-255,5738,189672,96,250414
4732,0.004488,172.31.47.0-255,66,189738,96,250414
4733,0.0068,74.125.24.0-255,5738,195476,96,250414
4734,0.006807,172.31.47.0-255,66,195542,96,250414
4735,0.009113,74.125.24.0-255,2902,198444,96,250414
4736,0.009118,172.31.47.0-255,66,198510,96,250414
4737,0.009136,74.125.24.0-255,2902,201412,96,250414
4738,0.009139,172.31.47.0-255,66,201478,96,250414
4739,0.011424,74.125.24.0-255,2902,204380,96,250414
4740,0.01143,172.31.47.0-255,66,204446,96,250414
4741,0.011506,74.125.24.0-255,2902,207348,96,250414
4742,0.011511,172.31.47.0-255,66,207414,96,250414
4743,0.013752,74.125.24.0-255,2902,210316,96,250414
4744,0.01376,172.31.47.0-255,66,210382,96,250414
4745,0.013812,74.125.24.0-255,2902,213284,96,250414
4746,0.013816,172.31.47.0-255,66,213350,96,250414
4747,0.016085,74.125.24.0-255,2902,216252,96,250414
4748,0.016092,172.31.47.0-255,66,216318,96,250414
4749,0.016155,74.125.24.0-255,2902,219220,96,250414
4750,0.016158,172.31.47.0-255,66,219286,96,250414
4751,0.018452,74.125.24.0-255,2902,222188,96,250414
4752,0.018461,172.31.47.0-255,66,222254,96,250414
4753,0.01851,74.125.24.0-255,2902,225156,96,250414
4754,0.018515,172.31.47.0-255,66,225222,96,250414
4755,0.020813,74.125.24.0-255,4320,229542,96,250414
4756,0.020819,172.31.47.0-255,66,229608,96,250414
4757,0.020836,74.125.24.0-255,1484,231092,96,250414
4758,0.023185,74.125.24.0-255,4320,235412,96,250414
4759,0.023191,172.31.47.0-255,66,235478,96,250414
4760,0.024919,172.31.47.0-255,172,235650,96,250414
4761,0.024953,172.31.47.0-255,1109,236759,96,250414
4762,0.025011,172.31.47.0-255,1514,238273,96,250414
4763,0.025013,172.31.47.0-255,335,238608,96,250414
4764,0.025539,74.125.24.0-255,5738,244346,96,250414
4765,0.025545,172.31.47.0-255,66,244412,96,250414
4766,0.026473,104.244.42.0-255,66,244478,96,250414
4767,0.026509,104.244.42.0-255,66,244544,96,250414
4768,0.02655,104.244.42.0-255,66,244610,96,250414
4769,0.027916,74.125.24.0-255,5738,250348,96,250414
4770,0.027921,172.31.47.0-255,66,250414,96,250414
4771,0.0,172.217.194.0-255,153,153,96,172648
4772,3.2e-05,172.31.47.0-255,66,219,96,172648
4773,3.9e-05,172.217.194.0-255,1484,1703,96,172648
4774,4.3e-05,172.31.47.0-255,66,1769,96,172648
4775,5.7e-05,172.217.194.0-255,2902,4671,96,172648
4776,6e-05,172.31.47.0-255,66,4737,96,172648
4777,6.6e-05,172.217.194.0-255,5738,10475,96,172648
4778,6.9e-05,172.31.47.0-255,66,10541,96,172648
4779,0.000103,172.217.194.0-255,1484,12025,96,172648
4780,0.000105,172.31.47.0-255,66,12091,96,172648
4781,0.000116,172.31.47.0-255,66,12157,96,172648
4782,0.000126,172.31.47.0-255,66,12223,96,172648
4783,0.000157,172.217.194.0-255,2543,14766,96,172648
4784,0.00016,172.31.47.0-255,66,14832,96,172648
4785,0.00019,172.217.194.0-255,1484,16316,96,172648
4786,0.000193,172.31.47.0-255,66,16382,96,172648
4787,0.000197,172.217.194.0-255,2902,19284,96,172648
4788,0.0002,172.31.47.0-255,66,19350,96,172648
4789,0.000211,172.217.194.0-255,5738,25088,96,172648
4790,0.000214,172.31.47.0-255,66,25154,96,172648
4791,0.000219,172.217.194.0-255,5738,30892,96,172648
4792,0.000221,172.31.47.0-255,66,30958,96,172648
4793,0.000277,172.31.47.0-255,66,31024,96,172648
4794,0.000283,172.217.194.0-255,4254,35278,96,172648
4795,0.000284,172.31.47.0-255,66,35344,96,172648
4796,0.000287,172.217.194.0-255,364,35708,96,172648
4797,0.000288,172.31.47.0-255,66,35774,96,172648
4798,0.000344,172.217.194.0-255,1484,37258,96,172648
4799,0.000349,172.31.47.0-255,66,37324,96,172648
4800,0.000375,172.217.194.0-255,2902,40226,96,172648
4801,0.000379,172.31.47.0-255,66,40292,96,172648
4802,0.000385,172.217.194.0-255,5738,46030,96,172648
4803,0.000388,172.31.47.0-255,66,46096,96,172648
4804,0.000453,172.217.194.0-255,6797,52893,96,172648
4805,0.000456,172.31.47.0-255,66,52959,96,172648
4806,0.000464,172.217.194.0-255,7156,60115,96,172648
4807,0.000467,172.31.47.0-255,66,60181,96,172648
4808,0.000481,172.217.194.0-255,7156,67337,96,172648
4809,0.000484,172.31.47.0-255,66,67403,96,172648
4810,0.000514,172.217.194.0-255,2543,69946,96,172648
4811,0.000518,172.31.47.0-255,66,70012,96,172648
4812,0.00068,172.217.194.0-255,1484,71496,96,172648
4813,0.000687,172.217.194.0-255,2902,74398,96,172648
4814,0.00069,172.31.47.0-255,66,74464,96,172648
4815,0.000697,172.217.194.0-255,5738,80202,96,172648
4816,0.000702,172.31.47.0-255,66,80268,96,172648
4817,0.000732,172.31.47.0-255,66,80334,96,172648
4818,0.000759,172.217.194.0-255,2902,83236,96,172648
4819,0.000765,172.31.47.0-255,66,83302,96,172648
4820,0.00077,172.31.47.0-255,66,83368,96,172648
4821,0.000774,172.217.194.0-255,1484,84852,96,172648
4822,0.000823,172.31.47.0-255,66,84918,96,172648
4823,0.000839,172.31.47.0-255,66,84984,96,172648
4824,0.000846,172.217.194.0-255,5738,90722,96,172648
4825,0.000848,172.31.47.0-255,66,90788,96,172648
4826,0.000882,172.217.194.0-255,4320,95108,96,172648
4827,0.000886,172.31.47.0-255,66,95174,96,172648
4828,0.000904,172.31.47.0-255,66,95240,96,172648
4829,0.000918,172.31.47.0-255,66,95306,96,172648
4830,0.000943,172.217.194.0-255,4320,99626,96,172648
4831,0.000951,172.31.47.0-255,66,99692,96,172648
4832,0.000983,172.31.47.0-255,66,99758,96,172648
4833,0.001002,172.31.47.0-255,66,99824,96,172648
4834,0.001008,172.217.194.0-255,5738,105562,96,172648
4835,0.001012,172.31.47.0-255,66,105628,96,172648
4836,0.001026,172.217.194.0-255,766,106394,96,172648
4837,0.001049,172.217.194.0-255,1484,107878,96,172648
4838,0.001053,172.31.47.0-255,66,107944,96,172648
4839,0.001058,172.217.194.0-255,2902,110846,96,172648
4840,0.001061,172.31.47.0-255,66,110912,96,172648
4841,0.001089,172.217.194.0-255,5738,116650,96,172648
4842,0.001092,172.31.47.0-255,66,116716,96,172648
4843,0.001095,172.217.194.0-255,1484,118200,96,172648
4844,0.00114,172.31.47.0-255,66,118266,96,172648
4845,0.00116,172.31.47.0-255,66,118332,96,172648
4846,0.001164,172.217.194.0-255,2184,120516,96,172648
4847,0.001166,172.31.47.0-255,66,120582,96,172648
4848,0.001223,172.217.194.0-255,1484,122066,96,172648
4849,0.001235,172.217.194.0-255,2902,124968,96,172648
4850,0.001239,172.31.47.0-255,66,125034,96,172648
4851,0.001242,172.217.194.0-255,1484,126518,96,172648
4852,0.001275,172.217.194.0-255,4320,130838,96,172648
4853,0.001278,172.31.47.0-255,66,130904,96,172648
4854,0.001296,172.31.47.0-255,66,130970,96,172648
4855,0.001302,172.217.194.0-255,5738,136708,96,172648
4856,0.001304,172.31.47.0-255,66,136774,96,172648
4857,0.001334,172.217.194.0-255,5020,141794,96,172648
4858,0.001338,172.31.47.0-255,66,141860,96,172648
4859,0.001389,172.217.194.0-255,1484,143344,96,172648
4860,0.001395,172.217.194.0-255,2902,146246,96,172648
4861,0.001398,172.31.47.0-255,66,146312,96,172648
4862,0.00143,172.217.194.0-255,5738,152050,96,172648
4863,0.001434,172.31.47.0-255,66,152116,96,172648
4864,0.001474,172.31.47.0-255,66,152182,96,172648
4865,0.001511,172.217.194.0-255,7156,159338,96,172648
4866,0.001515,172.31.47.0-255,66,159404,96,172648
4867,0.001546,172.217.194.0-255,3602,163006,96,172648
4868,0.00155,172.31.47.0-255,66,163072,96,172648
4869,0.001561,172.31.47.0-255,66,163138,96,172648
4870,0.001581,172.217.194.0-255,1484,164622,96,172648
4871,0.001599,172.31.47.0-255,66,164688,96,172648
4872,0.001604,172.217.194.0-255,4320,169008,96,172648
4873,0.001607,172.31.47.0-255,66,169074,96,172648
4874,0.001649,172.31.47.0-255,66,169140,96,172648
4875,0.001654,172.217.194.0-255,2902,172042,96,172648
4876,0.001656,172.31.47.0-255,66,172108,96,172648
4877,0.001714,172.31.47.0-255,66,172174,96,172648
4878,0.001724,172.31.47.0-255,66,172240,96,172648
4879,0.001743,172.217.194.0-255,105,172345,96,172648
4880,0.001744,172.31.47.0-255,66,172411,96,172648
4881,0.003644,172.31.47.0-255,66,172477,96,172648
4882,0.003671,172.31.47.0-255,105,172582,96,172648
4883,0.005604,172.217.194.0-255,66,172648,96,172648
4884,0.0,172.217.194.0-255,153,153,96,185841
4885,2.8e-05,172.31.47.0-255,66,219,96,185841
4886,3.4e-05,172.217.194.0-255,1484,1703,96,185841
4887,3.8e-05,172.31.47.0-255,66,1769,96,185841
4888,4.3e-05,172.217.194.0-255,2902,4671,96,185841
4889,4.5e-05,172.31.47.0-255,66,4737,96,185841
4890,5.3e-05,172.217.194.0-255,7156,11893,96,185841
4891,5.6e-05,172.31.47.0-255,66,11959,96,185841
4892,0.0001,172.217.194.0-255,2035,13994,96,185841
4893,0.000103,172.31.47.0-255,66,14060,96,185841
4894,0.000175,172.217.194.0-255,1484,15544,96,185841
4895,0.000178,172.31.47.0-255,66,15610,96,185841
4896,0.000183,172.217.194.0-255,1484,17094,96,185841
4897,0.000185,172.31.47.0-255,66,17160,96,185841
4898,0.000201,172.217.194.0-255,1484,18644,96,185841
4899,0.000203,172.31.47.0-255,66,18710,96,185841
4900,0.00021,172.217.194.0-255,5738,24448,96,185841
4901,0.000212,172.31.47.0-255,66,24514,96,185841
4902,0.000254,172.217.194.0-255,6797,31311,96,185841
4903,0.000257,172.31.47.0-255,66,31377,96,185841
4904,0.000293,172.217.194.0-255,1484,32861,96,185841
4905,0.000296,172.31.47.0-255,66,32927,96,185841
4906,0.0003,172.217.194.0-255,1484,34411,96,185841
4907,0.000302,172.31.47.0-255,66,34477,96,185841
4908,0.000315,172.217.194.0-255,1484,35961,96,185841
4909,0.000318,172.31.47.0-255,66,36027,96,185841
4910,0.000336,172.217.194.0-255,5738,41765,96,185841
4911,0.000339,172.31.47.0-255,66,41831,96,185841
4912,0.000386,172.217.194.0-255,4320,46151,96,185841
4913,0.00039,172.31.47.0-255,66,46217,96,185841
4914,0.000409,172.217.194.0-255,2543,48760,96,185841
4915,0.000412,172.31.47.0-255,66,48826,96,185841
4916,0.000858,172.217.194.0-255,1484,50310,96,185841
4917,0.000868,172.217.194.0-255,2902,53212,96,185841
4918,0.000873,172.31.47.0-255,66,53278,96,185841
4919,0.000881,172.217.194.0-255,4320,57598,96,185841
4920,0.000883,172.31.47.0-255,66,57664,96,185841
4921,0.000899,172.217.194.0-255,1484,59148,96,185841
4922,0.000961,172.31.47.0-255,66,59214,96,185841
4923,0.001067,172.217.194.0-255,1484,60698,96,185841
4924,0.001087,172.217.194.0-255,2902,63600,96,185841
4925,0.001091,172.31.47.0-255,66,63666,96,185841
4926,0.001098,172.217.194.0-255,5738,69404,96,185841
4927,0.001099,172.31.47.0-255,66,69470,96,185841
4928,0.001155,172.217.194.0-255,2902,72372,96,185841
4929,0.001158,172.31.47.0-255,66,72438,96,185841
4930,0.001186,172.31.47.0-255,66,72504,96,185841
4931,0.001237,172.217.194.0-255,2902,75406,96,185841
4932,0.001241,172.31.47.0-255,66,75472,96,185841
4933,0.001269,172.31.47.0-255,66,75538,96,185841
4934,0.001583,172.217.194.0-255,1484,77022,96,185841
4935,0.001597,172.217.194.0-255,2902,79924,96,185841
4936,0.0016,172.31.47.0-255,66,79990,96,185841
4937,0.00162,172.217.194.0-255,5738,85728,96,185841
4938,0.001622,172.31.47.0-255,66,85794,96,185841
4939,0.001665,172.31.47.0-255,66,85860,96,185841
4940,0.001727,172.217.194.0-255,1484,87344,96,185841
4941,0.001758,172.31.47.0-255,66,87410,96,185841
4942,0.001822,172.217.194.0-255,2184,89594,96,185841
4943,0.001823,172.31.47.0-255,66,89660,96,185841
4944,0.001867,172.217.194.0-255,2902,92562,96,185841
4945,0.001869,172.31.47.0-255,66,92628,96,185841
4946,0.001887,172.217.194.0-255,4320,96948,96,185841
4947,0.00189,172.31.47.0-255,66,97014,96,185841
4948,0.001904,172.217.194.0-255,2902,99916,96,185841
4949,0.001906,172.31.47.0-255,66,99982,96,185841
4950,0.001924,172.217.194.0-255,2902,102884,96,185841
4951,0.001926,172.31.47.0-255,66,102950,96,185841
4952,0.001949,172.31.47.0-255,66,103016,96,185841
4953,0.002018,172.217.194.0-255,2902,105918,96,185841
4954,0.00202,172.31.47.0-255,66,105984,96,185841
4955,0.002046,172.31.47.0-255,66,106050,96,185841
4956,0.002119,172.217.194.0-255,2902,108952,96,185841
4957,0.002121,172.31.47.0-255,66,109018,96,185841
4958,0.002148,172.31.47.0-255,66,109084,96,185841
4959,0.004168,172.217.194.0-255,5738,114822,96,185841
4960,0.004173,172.31.47.0-255,66,114888,96,185841
4961,0.006189,172.217.194.0-255,5738,120626,96,185841
4962,0.006195,172.31.47.0-255,66,120692,96,185841
4963,0.008264,172.217.194.0-255,5738,126430,96,185841
4964,0.00827,172.31.47.0-255,66,126496,96,185841
4965,0.010296,172.217.194.0-255,5738,132234,96,185841
4966,0.010303,172.31.47.0-255,66,132300,96,185841
4967,0.01235,172.217.194.0-255,5738,138038,96,185841
4968,0.01236,172.31.47.0-255,66,138104,96,185841
4969,0.014376,172.217.194.0-255,5738,143842,96,185841
4970,0.014383,172.31.47.0-255,66,143908,96,185841
4971,0.016433,172.217.194.0-255,5738,149646,96,185841
4972,0.016439,172.31.47.0-255,66,149712,96,185841
4973,0.01847,172.217.194.0-255,5738,155450,96,185841
4974,0.018477,172.31.47.0-255,66,155516,96,185841
4975,0.020493,172.217.194.0-255,5738,161254,96,185841
4976,0.0205,172.31.47.0-255,66,161320,96,185841
4977,0.022542,172.217.194.0-255,5738,167058,96,185841
4978,0.022549,172.31.47.0-255,66,167124,96,185841
4979,0.02461,172.217.194.0-255,5738,172862,96,185841
4980,0.024617,172.31.47.0-255,66,172928,96,185841
4981,0.026644,172.217.194.0-255,5738,178666,96,185841
4982,0.026649,172.31.47.0-255,66,178732,96,185841
4983,0.028696,172.217.194.0-255,5738,184470,96,185841
4984,0.028702,172.31.47.0-255,66,184536,96,185841
4985,0.029941,172.31.47.0-255,171,184707,96,185841
4986,0.029966,172.31.47.0-255,1134,185841,96,185841
4987,0.0,74.125.24.0-255,153,153,96,195181
4988,2.2e-05,172.31.47.0-255,66,219,96,195181
4989,2.9e-05,74.125.24.0-255,1484,1703,96,195181
4990,3.3e-05,172.31.47.0-255,66,1769,96,195181
4991,4.7e-05,74.125.24.0-255,2902,4671,96,195181
4992,5e-05,172.31.47.0-255,66,4737,96,195181
4993,5.8e-05,74.125.24.0-255,7156,11893,96,195181
4994,6.2e-05,172.31.47.0-255,66,11959,96,195181
4995,0.000103,172.31.47.0-255,66,12025,96,195181
4996,0.000108,74.125.24.0-255,2902,14927,96,195181
4997,0.00011,172.31.47.0-255,66,14993,96,195181
4998,0.000149,74.125.24.0-255,6797,21790,96,195181
4999,0.000153,172.31.47.0-255,66,21856,96,195181
5000,0.000197,74.125.24.0-255,1484,23340,96,195181
5001,0.0002,172.31.47.0-255,66,23406,96,195181
5002,0.000205,74.125.24.0-255,2902,26308,96,195181
5003,0.000207,172.31.47.0-255,66,26374,96,195181
5004,0.000213,74.125.24.0-255,5738,32112,96,195181
5005,0.000216,172.31.47.0-255,66,32178,96,195181
5006,0.000256,74.125.24.0-255,6797,38975,96,195181
5007,0.00026,172.31.47.0-255,66,39041,96,195181
5008,0.001137,74.125.24.0-255,1484,40525,96,195181
5009,0.001145,172.31.47.0-255,66,40591,96,195181
5010,0.001155,74.125.24.0-255,2902,43493,96,195181
5011,0.001157,172.31.47.0-255,66,43559,96,195181
5012,0.001171,74.125.24.0-255,5738,49297,96,195181
5013,0.001173,172.31.47.0-255,66,49363,96,195181
5014,0.001203,74.125.24.0-255,6797,56160,96,195181
5015,0.00121,172.31.47.0-255,66,56226,96,195181
5016,0.001284,74.125.24.0-255,1484,57710,96,195181
5017,0.00129,172.31.47.0-255,66,57776,96,195181
5018,0.001295,74.125.24.0-255,2902,60678,96,195181
5019,0.001296,172.31.47.0-255,66,60744,96,195181
5020,0.001335,74.125.24.0-255,5738,66482,96,195181
5021,0.001338,172.31.47.0-255,66,66548,96,195181
5022,0.001344,74.125.24.0-255,5738,72286,96,195181
5023,0.001347,172.31.47.0-255,66,72352,96,195181
5024,0.001369,74.125.24.0-255,4320,76672,96,195181
5025,0.001371,172.31.47.0-255,66,76738,96,195181
5026,0.001385,74.125.24.0-255,7156,83894,96,195181
5027,0.001388,172.31.47.0-255,66,83960,96,195181
5028,0.001419,74.125.24.0-255,2543,86503,96,195181
5029,0.001422,172.31.47.0-255,66,86569,96,195181
5030,0.001427,74.125.24.0-255,3961,90530,96,195181
5031,0.001429,172.31.47.0-255,66,90596,96,195181
5032,0.001468,74.125.24.0-255,1484,92080,96,195181
5033,0.001487,74.125.24.0-255,2902,94982,96,195181
5034,0.00149,172.31.47.0-255,66,95048,96,195181
5035,0.001493,74.125.24.0-255,1484,96532,96,195181
5036,0.001516,74.125.24.0-255,4320,100852,96,195181
5037,0.001519,172.31.47.0-255,66,100918,96,195181
5038,0.001545,74.125.24.0-255,6783,107701,96,195181
5039,0.001548,172.31.47.0-255,66,107767,96,195181
5040,0.001944,74.125.24.0-255,1484,109251,96,195181
5041,0.001949,74.125.24.0-255,2902,112153,96,195181
5042,0.001954,172.31.47.0-255,66,112219,96,195181
5043,0.001983,74.125.24.0-255,5738,117957,96,195181
5044,0.001985,172.31.47.0-255,66,118023,96,195181
5045,0.001992,74.125.24.0-255,5787,123810,96,195181
5046,0.001994,172.31.47.0-255,66,123876,96,195181
5047,0.004247,74.125.24.0-255,4320,128196,96,195181
5048,0.004251,172.31.47.0-255,66,128262,96,195181
5049,0.004274,74.125.24.0-255,1484,129746,96,195181
5050,0.006534,74.125.24.0-255,4320,134066,96,195181
5051,0.006539,172.31.47.0-255,66,134132,96,195181
5052,0.008804,74.125.24.0-255,5738,139870,96,195181
5053,0.00881,172.31.47.0-255,66,139936,96,195181
5054,0.01112,74.125.24.0-255,5738,145674,96,195181
5055,0.011129,172.31.47.0-255,66,145740,96,195181
5056,0.013452,74.125.24.0-255,5738,151478,96,195181
5057,0.013459,172.31.47.0-255,66,151544,96,195181
5058,0.01574,74.125.24.0-255,5738,157282,96,195181
5059,0.015747,172.31.47.0-255,66,157348,96,195181
5060,0.018028,74.125.24.0-255,5738,163086,96,195181
5061,0.018036,172.31.47.0-255,66,163152,96,195181
5062,0.020321,74.125.24.0-255,5738,168890,96,195181
5063,0.020328,172.31.47.0-255,66,168956,96,195181
5064,0.022616,74.125.24.0-255,5738,174694,96,195181
5065,0.022624,172.31.47.0-255,66,174760,96,195181
5066,0.024339,172.31.47.0-255,172,174932,96,195181
5067,0.024378,172.31.47.0-255,1101,176033,96,195181
5068,0.024452,172.31.47.0-255,1514,177547,96,195181
5069,0.024454,172.31.47.0-255,1310,178857,96,195181
5070,0.024902,74.125.24.0-255,5738,184595,96,195181
5071,0.024908,172.31.47.0-255,66,184661,96,195181
5072,0.0259,104.244.42.0-255,66,184727,96,195181
5073,0.02594,104.244.42.0-255,66,184793,96,195181
5074,0.025984,104.244.42.0-255,66,184859,96,195181
5075,0.02719,74.125.24.0-255,4320,189179,96,195181
5076,0.027194,172.31.47.0-255,66,189245,96,195181
5077,0.027226,74.125.24.0-255,1484,190729,96,195181
5078,0.029426,74.125.24.0-255,2902,193631,96,195181
5079,0.029432,172.31.47.0-255,66,193697,96,195181
5080,0.029462,74.125.24.0-255,1484,195181,96,195181
5081,0.0,172.217.194.0-255,153,153,96,245311
5082,1.5e-05,172.31.47.0-255,66,219,96,245311
5083,2.3e-05,172.217.194.0-255,1484,1703,96,245311
5084,2.7e-05,172.31.47.0-255,66,1769,96,245311
5085,3.3e-05,172.217.194.0-255,2902,4671,96,245311
5086,3.5e-05,172.31.47.0-255,66,4737,96,245311
5087,4.3e-05,172.217.194.0-255,7156,11893,96,245311
5088,4.5e-05,172.31.47.0-255,66,11959,96,245311
5089,4.9e-05,172.217.194.0-255,1948,13907,96,245311
5090,5.3e-05,172.31.47.0-255,66,13973,96,245311
5091,5.8e-05,172.217.194.0-255,4320,18293,96,245311
5092,6e-05,172.31.47.0-255,66,18359,96,245311
5093,8.5e-05,172.217.194.0-255,7156,25515,96,245311
5094,8.8e-05,172.31.47.0-255,66,25581,96,245311
5095,0.0001,172.217.194.0-255,2902,28483,96,245311
5096,0.000103,172.31.47.0-255,66,28549,96,245311
5097,0.000123,172.217.194.0-255,2543,31092,96,245311
5098,0.000126,172.31.47.0-255,66,31158,96,245311
5099,0.000157,172.217.194.0-255,1484,32642,96,245311
5100,0.000159,172.31.47.0-255,66,32708,96,245311
5101,0.000164,172.217.194.0-255,2902,35610,96,245311
5102,0.000166,172.31.47.0-255,66,35676,96,245311
5103,0.00017,172.217.194.0-255,2902,38578,96,245311
5104,0.000172,172.31.47.0-255,66,38644,96,245311
5105,0.000186,172.217.194.0-255,2902,41546,96,245311
5106,0.000189,172.31.47.0-255,66,41612,96,245311
5107,0.000196,172.217.194.0-255,6797,48409,96,245311
5108,0.000198,172.31.47.0-255,66,48475,96,245311
5109,0.000255,172.217.194.0-255,4320,52795,96,245311
5110,0.000258,172.31.47.0-255,66,52861,96,245311
5111,0.00029,172.31.47.0-255,66,52927,96,245311
5112,0.000294,172.217.194.0-255,2833,55760,96,245311
5113,0.000296,172.31.47.0-255,66,55826,96,245311
5114,0.000537,172.217.194.0-255,366,56192,96,245311
5115,0.000645,172.217.194.0-255,1484,57676,96,245311
5116,0.00065,172.31.47.0-255,66,57742,96,245311
5117,0.000671,172.217.194.0-255,2902,60644,96,245311
5118,0.000673,172.217.194.0-255,1484,62128,96,245311
5119,0.000676,172.31.47.0-255,66,62194,96,245311
5120,0.000689,172.217.194.0-255,4320,66514,96,245311
5121,0.000692,172.31.47.0-255,66,66580,96,245311
5122,0.000695,172.217.194.0-255,1484,68064,96,245311
5123,0.000733,172.31.47.0-255,66,68130,96,245311
5124,0.000738,172.217.194.0-255,2902,71032,96,245311
5125,0.00074,172.31.47.0-255,66,71098,96,245311
5126,0.000765,172.217.194.0-255,6797,77895,96,245311
5127,0.000769,172.31.47.0-255,66,77961,96,245311
5128,0.001179,172.217.194.0-255,1484,79445,96,245311
5129,0.001184,172.217.194.0-255,1484,80929,96,245311
5130,0.001186,172.31.47.0-255,66,80995,96,245311
5131,0.0012,172.217.194.0-255,1484,82479,96,245311
5132,0.001205,172.217.194.0-255,5738,88217,96,245311
5133,0.001207,172.31.47.0-255,66,88283,96,245311
5134,0.001236,172.217.194.0-255,5738,94021,96,245311
5135,0.001238,172.31.47.0-255,66,94087,96,245311
5136,0.001261,172.217.194.0-255,1484,95571,96,245311
5137,0.001274,172.31.47.0-255,66,95637,96,245311
5138,0.001278,172.217.194.0-255,2184,97821,96,245311
5139,0.001279,172.31.47.0-255,66,97887,96,245311
5140,0.001474,172.217.194.0-255,1484,99371,96,245311
5141,0.001485,172.217.194.0-255,2902,102273,96,245311
5142,0.001488,172.31.47.0-255,66,102339,96,245311
5143,0.001494,172.217.194.0-255,5738,108077,96,245311
5144,0.001496,172.31.47.0-255,66,108143,96,245311
5145,0.001521,172.217.194.0-255,2902,111045,96,245311
5146,0.001525,172.31.47.0-255,66,111111,96,245311
5147,0.001545,172.31.47.0-255,66,111177,96,245311
5148,0.001571,172.217.194.0-255,2902,114079,96,245311
5149,0.001573,172.31.47.0-255,66,114145,96,245311
5150,0.001591,172.31.47.0-255,66,114211,96,245311
5151,0.001744,172.217.194.0-255,1484,115695,96,245311
5152,0.001757,172.217.194.0-255,2902,118597,96,245311
5153,0.00176,172.31.47.0-255,66,118663,96,245311
5154,0.001782,172.217.194.0-255,5738,124401,96,245311
5155,0.001785,172.31.47.0-255,66,124467,96,245311
5156,0.001813,172.31.47.0-255,66,124533,96,245311
5157,0.001833,172.217.194.0-255,4320,128853,96,245311
5158,0.001836,172.31.47.0-255,66,128919,96,245311
5159,0.001853,172.217.194.0-255,6438,135357,96,245311
5160,0.001855,172.31.47.0-255,66,135423,96,245311
5161,0.001915,172.217.194.0-255,1484,136907,96,245311
5162,0.001919,172.217.194.0-255,2902,139809,96,245311
5163,0.001922,172.31.47.0-255,66,139875,96,245311
5164,0.001945,172.217.194.0-255,5738,145613,96,245311
5165,0.001947,172.31.47.0-255,66,145679,96,245311
5166,0.001953,172.217.194.0-255,5738,151417,96,245311
5167,0.001955,172.31.47.0-255,66,151483,96,245311
5168,0.001973,172.217.194.0-255,7156,158639,96,245311
5169,0.001975,172.31.47.0-255,66,158705,96,245311
5170,0.001985,172.31.47.0-255,66,158771,96,245311
5171,0.002004,172.217.194.0-255,2184,160955,96,245311
5172,0.002007,172.31.47.0-255,66,161021,96,245311
5173,0.002012,172.217.194.0-255,4320,165341,96,245311
5174,0.002013,172.31.47.0-255,66,165407,96,245311
5175,0.004002,172.217.194.0-255,5738,171145,96,245311
5176,0.004009,172.31.47.0-255,66,171211,96,245311
5177,0.005997,172.217.194.0-255,4320,175531,96,245311
5178,0.006,172.31.47.0-255,66,175597,96,245311
5179,0.006035,172.217.194.0-255,1484,177081,96,245311
5180,0.007975,172.217.194.0-255,4320,181401,96,245311
5181,0.007982,172.31.47.0-255,66,181467,96,245311
5182,0.009972,172.217.194.0-255,5738,187205,96,245311
5183,0.009979,172.31.47.0-255,66,187271,96,245311
5184,0.011958,172.217.194.0-255,5738,193009,96,245311
5185,0.011966,172.31.47.0-255,66,193075,96,245311
5186,0.013948,172.217.194.0-255,5738,198813,96,245311
5187,0.013953,172.31.47.0-255,66,198879,96,245311
5188,0.015918,172.217.194.0-255,5738,204617,96,245311
5189,0.015924,172.31.47.0-255,66,204683,96,245311
5190,0.017916,172.217.194.0-255,5738,210421,96,245311
5191,0.017926,172.31.47.0-255,66,210487,96,245311
5192,0.019893,172.217.194.0-255,5738,216225,96,245311
5193,0.019905,172.31.47.0-255,66,216291,96,245311
5194,0.021877,172.217.194.0-255,5738,222029,96,245311
5195,0.021884,172.31.47.0-255,66,222095,96,245311
5196,0.02391,172.217.194.0-255,5738,227833,96,245311
5197,0.023917,172.31.47.0-255,66,227899,96,245311
5198,0.025879,172.217.194.0-255,5738,233637,96,245311
5199,0.025886,172.31.47.0-255,66,233703,96,245311
5200,0.027856,172.217.194.0-255,5738,239441,96,245311
5201,0.027862,172.31.47.0-255,66,239507,96,245311
5202,0.029861,172.217.194.0-255,5738,245245,96,245311
5203,0.029866,172.31.47.0-255,66,245311,96,245311
5204,0.0,74.125.24.0-255,297,297,96,198467
5205,2.9e-05,172.31.47.0-255,66,363,96,198467
5206,3.6e-05,74.125.24.0-255,1484,1847,96,198467
5207,4e-05,172.31.47.0-255,66,1913,96,198467
5208,4.5e-05,74.125.24.0-255,2902,4815,96,198467
5209,4.8e-05,172.31.47.0-255,66,4881,96,198467
5210,6.5e-05,74.125.24.0-255,1484,6365,96,198467
5211,6.7e-05,172.31.47.0-255,66,6431,96,198467
5212,8.1e-05,74.125.24.0-255,1484,7915,96,198467
5213,8.3e-05,172.31.47.0-255,66,7981,96,198467
5214,0.000105,172.31.47.0-255,66,8047,96,198467
5215,0.000122,74.125.24.0-255,4320,12367,96,198467
5216,0.000125,172.31.47.0-255,66,12433,96,198467
5217,0.000154,74.125.24.0-255,5738,18171,96,198467
5218,0.000156,172.31.47.0-255,66,18237,96,198467
5219,0.000177,172.31.47.0-255,66,18303,96,198467
5220,0.000179,74.125.24.0-255,766,19069,96,198467
5221,0.000182,172.31.47.0-255,66,19135,96,198467
5222,0.000185,74.125.24.0-255,1484,20619,96,198467
5223,0.000187,172.31.47.0-255,66,20685,96,198467
5224,0.000191,74.125.24.0-255,2902,23587,96,198467
5225,0.000193,172.31.47.0-255,66,23653,96,198467
5226,0.000195,74.125.24.0-255,1484,25137,96,198467
5227,0.000198,172.31.47.0-255,66,25203,96,198467
5228,0.000204,74.125.24.0-255,5738,30941,96,198467
5229,0.000208,172.31.47.0-255,66,31007,96,198467
5230,0.000232,74.125.24.0-255,4320,35327,96,198467
5231,0.000236,172.31.47.0-255,66,35393,96,198467
5232,0.000252,74.125.24.0-255,1400,36793,96,198467
5233,0.000255,172.31.47.0-255,66,36859,96,198467
5234,0.000271,74.125.24.0-255,130,36989,96,198467
5235,0.000355,74.125.24.0-255,1484,38473,96,198467
5236,0.000359,172.31.47.0-255,66,38539,96,198467
5237,0.000364,74.125.24.0-255,2902,41441,96,198467
5238,0.000366,172.31.47.0-255,66,41507,96,198467
5239,0.000372,74.125.24.0-255,4320,45827,96,198467
5240,0.000374,172.31.47.0-255,66,45893,96,198467
5241,0.000395,74.125.24.0-255,1484,47377,96,198467
5242,0.000402,74.125.24.0-255,5738,53115,96,198467
5243,0.000405,172.31.47.0-255,66,53181,96,198467
5244,0.00041,74.125.24.0-255,2902,56083,96,198467
5245,0.000411,172.31.47.0-255,66,56149,96,198467
5246,0.000443,172.31.47.0-255,66,56215,96,198467
5247,0.000448,74.125.24.0-255,4220,60435,96,198467
5248,0.00045,172.31.47.0-255,66,60501,96,198467
5249,0.001592,74.125.24.0-255,1484,61985,96,198467
5250,0.001602,74.125.24.0-255,2902,64887,96,198467
5251,0.001606,172.31.47.0-255,66,64953,96,198467
5252,0.001615,74.125.24.0-255,5738,70691,96,198467
5253,0.001617,172.31.47.0-255,66,70757,96,198467
5254,0.001647,74.125.24.0-255,7156,77913,96,198467
5255,0.00165,172.31.47.0-255,66,77979,96,198467
5256,0.001653,74.125.24.0-255,1484,79463,96,198467
5257,0.001667,74.125.24.0-255,4320,83783,96,198467
5258,0.00167,172.31.47.0-255,66,83849,96,198467
5259,0.001692,74.125.24.0-255,2902,86751,96,198467
5260,0.001695,172.31.47.0-255,66,86817,96,198467
5261,0.001705,172.31.47.0-255,66,86883,96,198467
5262,0.001739,74.125.24.0-255,4320,91203,96,198467
5263,0.001742,172.31.47.0-255,66,91269,96,198467
5264,0.001746,74.125.24.0-255,2902,94171,96,198467
5265,0.001749,172.31.47.0-255,66,94237,96,198467
5266,0.001763,74.125.24.0-255,2902,97139,96,198467
5267,0.001765,172.31.47.0-255,66,97205,96,198467
5268,0.001771,74.125.24.0-255,5738,102943,96,198467
5269,0.001773,172.31.47.0-255,66,103009,96,198467
5270,0.001789,74.125.24.0-255,5738,108747,96,198467
5271,0.001792,172.31.47.0-255,66,108813,96,198467
5272,0.001803,172.31.47.0-255,66,108879,96,198467
5273,0.001842,74.125.24.0-255,2184,111063,96,198467
5274,0.001845,172.31.47.0-255,66,111129,96,198467
5275,0.003715,74.125.24.0-255,2902,114031,96,198467
5276,0.003719,172.31.47.0-255,66,114097,96,198467
5277,0.003758,74.125.24.0-255,2902,116999,96,198467
5278,0.00376,172.31.47.0-255,66,117065,96,198467
5279,0.005636,74.125.24.0-255,2902,119967,96,198467
5280,0.005638,172.31.47.0-255,66,120033,96,198467
5281,0.005665,74.125.24.0-255,2902,122935,96,198467
5282,0.005668,172.31.47.0-255,66,123001,96,198467
5283,0.007572,74.125.24.0-255,5738,128739,96,198467
5284,0.007579,172.31.47.0-255,66,128805,96,198467
5285,0.00952,74.125.24.0-255,5738,134543,96,198467
5286,0.009528,172.31.47.0-255,66,134609,96,198467
5287,0.011427,74.125.24.0-255,5738,140347,96,198467
5288,0.011433,172.31.47.0-255,66,140413,96,198467
5289,0.013397,74.125.24.0-255,5738,146151,96,198467
5290,0.013403,172.31.47.0-255,66,146217,96,198467
5291,0.015315,74.125.24.0-255,5738,151955,96,198467
5292,0.015323,172.31.47.0-255,66,152021,96,198467
5293,0.017275,74.125.24.0-255,5738,157759,96,198467
5294,0.017289,172.31.47.0-255,66,157825,96,198467
5295,0.019227,74.125.24.0-255,5738,163563,96,198467
5296,0.019234,172.31.47.0-255,66,163629,96,198467
5297,0.021175,74.125.24.0-255,5738,169367,96,198467
5298,0.021181,172.31.47.0-255,66,169433,96,198467
5299,0.023116,74.125.24.0-255,5738,175171,96,198467
5300,0.023121,172.31.47.0-255,66,175237,96,198467
5301,0.025024,74.125.24.0-255,4320,179557,96,198467
5302,0.02503,172.31.47.0-255,66,179623,96,198467
5303,0.025063,74.125.24.0-255,1484,181107,96,198467
5304,0.025554,172.31.47.0-255,172,181279,96,198467
5305,0.025588,172.31.47.0-255,1109,182388,96,198467
5306,0.025622,172.31.47.0-255,1514,183902,96,198467
5307,0.025624,172.31.47.0-255,1514,185416,96,198467
5308,0.025625,172.31.47.0-255,1514,186930,96,198467
5309,0.025626,172.31.47.0-255,1083,188013,96,198467
5310,0.026949,74.125.24.0-255,4320,192333,96,198467
5311,0.026954,172.31.47.0-255,66,192399,96,198467
5312,0.027085,104.244.42.0-255,66,192465,96,198467
5313,0.027129,104.244.42.0-255,66,192531,96,198467
5314,0.027177,104.244.42.0-255,66,192597,96,198467
5315,0.027181,104.244.42.0-255,66,192663,96,198467
5316,0.028927,74.125.24.0-255,5738,198401,96,198467
5317,0.028934,172.31.47.0-255,66,198467,96,198467
5318,0.0,172.31.47.0-255,105,105,96,276
5319,0.001507,157.240.13.0-255,105,210,96,276
5320,0.001521,172.31.47.0-255,66,276,96,276
5321,0.0,74.125.68.0-255,153,153,96,265515
5322,3.1e-05,172.31.47.0-255,66,219,96,265515
5323,3.7e-05,74.125.68.0-255,1484,1703,96,265515
5324,4.1e-05,172.31.47.0-255,66,1769,96,265515
5325,4.5e-05,74.125.68.0-255,2902,4671,96,265515
5326,4.8e-05,172.31.47.0-255,66,4737,96,265515
5327,5e-05,74.125.68.0-255,1484,6221,96,265515
5328,5.2e-05,172.31.47.0-255,66,6287,96,265515
5329,6.9e-05,74.125.68.0-255,1484,7771,96,265515
5330,7.1e-05,172.31.47.0-255,66,7837,96,265515
5331,9e-05,74.125.68.0-255,1484,9321,96,265515
5332,9.2e-05,172.31.47.0-255,66,9387,96,265515
5333,0.000109,74.125.68.0-255,4899,14286,96,265515
5334,0.000111,172.31.47.0-255,66,14352,96,265515
5335,0.000152,74.125.68.0-255,2902,17254,96,265515
5336,0.000155,172.31.47.0-255,66,17320,96,265515
5337,0.000172,74.125.68.0-255,2902,20222,96,265515
5338,0.000174,172.31.47.0-255,66,20288,96,265515
5339,0.000177,74.125.68.0-255,1484,21772,96,265515
5340,0.000178,172.31.47.0-255,66,21838,96,265515
5341,0.000196,74.125.68.0-255,5738,27576,96,265515
5342,0.000198,172.31.47.0-255,66,27642,96,265515
5343,0.000203,74.125.68.0-255,3961,31603,96,265515
5344,0.000204,172.31.47.0-255,66,31669,96,265515
5345,0.000297,74.125.68.0-255,1484,33153,96,265515
5346,0.000301,172.31.47.0-255,66,33219,96,265515
5347,0.000326,74.125.68.0-255,2902,36121,96,265515
5348,0.000329,172.31.47.0-255,66,36187,96,265515
5349,0.000347,74.125.68.0-255,1484,37671,96,265515
5350,0.000349,172.31.47.0-255,66,37737,96,265515
5351,0.000363,74.125.68.0-255,2902,40639,96,265515
5352,0.000366,172.31.47.0-255,66,40705,96,265515
5353,0.000369,74.125.68.0-255,1484,42189,96,265515
5354,0.000389,74.125.68.0-255,4320,46509,96,265515
5355,0.000393,172.31.47.0-255,66,46575,96,265515
5356,0.000407,74.125.68.0-255,2543,49118,96,265515
5357,0.000409,172.31.47.0-255,66,49184,96,265515
5358,0.000591,74.125.68.0-255,1484,50668,96,265515
5359,0.000614,74.125.68.0-255,1484,52152,96,265515
5360,0.000617,172.31.47.0-255,66,52218,96,265515
5361,0.000657,74.125.68.0-255,2902,55120,96,265515
5362,0.00066,172.31.47.0-255,66,55186,96,265515
5363,0.000665,74.125.68.0-255,1484,56670,96,265515
5364,0.000668,74.125.68.0-255,1484,58154,96,265515
5365,0.000669,172.31.47.0-255,66,58220,96,265515
5366,0.000685,74.125.68.0-255,1484,59704,96,265515
5367,0.000689,74.125.68.0-255,2902,62606,96,265515
5368,0.000691,172.31.47.0-255,66,62672,96,265515
5369,0.000712,74.125.68.0-255,2902,65574,96,265515
5370,0.000714,172.31.47.0-255,66,65640,96,265515
5371,0.000716,74.125.68.0-255,1125,66765,96,265515
5372,0.000764,74.125.68.0-255,1484,68249,96,265515
5373,0.000768,172.31.47.0-255,66,68315,96,265515
5374,0.000771,74.125.68.0-255,1484,69799,96,265515
5375,0.000786,74.125.68.0-255,1484,71283,96,265515
5376,0.000788,172.31.47.0-255,66,71349,96,265515
5377,0.00081,74.125.68.0-255,5738,77087,96,265515
5378,0.000813,172.31.47.0-255,66,77153,96,265515
5379,0.000817,74.125.68.0-255,2902,80055,96,265515
5380,0.000818,172.31.47.0-255,66,80121,96,265515
5381,0.000823,74.125.68.0-255,2902,83023,96,265515
5382,0.000824,172.31.47.0-255,66,83089,96,265515
5383,0.00084,74.125.68.0-255,1125,84214,96,265515
5384,0.000864,74.125.68.0-255,1484,85698,96,265515
5385,0.000867,172.31.47.0-255,66,85764,96,265515
5386,0.000885,74.125.68.0-255,7156,92920,96,265515
5387,0.000888,172.31.47.0-255,66,92986,96,265515
5388,0.000948,74.125.68.0-255,2902,95888,96,265515
5389,0.000951,172.31.47.0-255,66,95954,96,265515
5390,0.00097,74.125.68.0-255,5379,101333,96,265515
5391,0.000972,172.31.47.0-255,66,101399,96,265515
5392,0.001146,74.125.68.0-255,1484,102883,96,265515
5393,0.001161,74.125.68.0-255,2902,105785,96,265515
5394,0.001165,172.31.47.0-255,66,105851,96,265515
5395,0.001198,74.125.68.0-255,1484,107335,96,265515
5396,0.001214,74.125.68.0-255,1484,108819,96,265515
5397,0.001215,172.31.47.0-255,66,108885,96,265515
5398,0.00122,74.125.68.0-255,4320,113205,96,265515
5399,0.001222,172.31.47.0-255,66,113271,96,265515
5400,0.00125,74.125.68.0-255,1484,114755,96,265515
5401,0.001264,74.125.68.0-255,5738,120493,96,265515
5402,0.001266,172.31.47.0-255,66,120559,96,265515
5403,0.001282,74.125.68.0-255,1484,122043,96,265515
5404,0.001286,74.125.68.0-255,4320,126363,96,265515
5405,0.001288,172.31.47.0-255,66,126429,96,265515
5406,0.00129,74.125.68.0-255,1484,127913,96,265515
5407,0.00132,74.125.68.0-255,1484,129397,96,265515
5408,0.001323,172.31.47.0-255,66,129463,96,265515
5409,0.001325,74.125.68.0-255,1484,130947,96,265515
5410,0.001338,74.125.68.0-255,1484,132431,96,265515
5411,0.00134,172.31.47.0-255,66,132497,96,265515
5412,0.001403,74.125.68.0-255,1484,133981,96,265515
5413,0.001422,74.125.68.0-255,1484,135465,96,265515
5414,0.001423,172.31.47.0-255,66,135531,96,265515
5415,0.001496,74.125.68.0-255,766,136297,96,265515
5416,0.001814,74.125.68.0-255,1484,137781,96,265515
5417,0.001817,172.31.47.0-255,66,137847,96,265515
5418,0.001833,74.125.68.0-255,2902,140749,96,265515
5419,0.001835,172.31.47.0-255,66,140815,96,265515
5420,0.001861,74.125.68.0-255,4320,145135,96,265515
5421,0.001863,172.31.47.0-255,66,145201,96,265515
5422,0.001874,74.125.68.0-255,1484,146685,96,265515
5423,0.001888,74.125.68.0-255,4320,151005,96,265515
5424,0.001891,172.31.47.0-255,66,151071,96,265515
5425,0.001911,74.125.68.0-255,1484,152555,96,265515
5426,0.001917,74.125.68.0-255,7156,159711,96,265515
5427,0.00192,172.31.47.0-255,66,159777,96,265515
5428,0.001932,74.125.68.0-255,1484,161261,96,265515
5429,0.001949,74.125.68.0-255,7156,168417,96,265515
5430,0.001952,172.31.47.0-255,66,168483,96,265515
5431,0.001974,74.125.68.0-255,2184,170667,96,265515
5432,0.001976,172.31.47.0-255,66,170733,96,265515
5433,0.00199,74.125.68.0-255,4320,175053,96,265515
5434,0.001992,172.31.47.0-255,66,175119,96,265515
5435,0.002015,74.125.68.0-255,1484,176603,96,265515
5436,0.002022,74.125.68.0-255,7156,183759,96,265515
5437,0.002024,172.31.47.0-255,66,183825,96,265515
5438,0.002055,172.31.47.0-255,66,183891,96,265515
5439,0.002109,74.125.68.0-255,6438,190329,96,265515
5440,0.002112,172.31.47.0-255,66,190395,96,265515
5441,0.004156,74.125.68.0-255,2902,193297,96,265515
5442,0.004159,172.31.47.0-255,66,193363,96,265515
5443,0.004176,74.125.68.0-255,2902,196265,96,265515
5444,0.004178,172.31.47.0-255,66,196331,96,265515
5445,0.006205,74.125.68.0-255,4320,200651,96,265515
5446,0.006212,172.31.47.0-255,66,200717,96,265515
5447,0.00623,74.125.68.0-255,1484,202201,96,265515
5448,0.008271,74.125.68.0-255,4320,206521,96,265515
5449,0.008277,172.31.47.0-255,66,206587,96,265515
5450,0.010355,74.125.68.0-255,5738,212325,96,265515
5451,0.010364,172.31.47.0-255,66,212391,96,265515
5452,0.012395,74.125.68.0-255,4320,216711,96,265515
5453,0.012401,172.31.47.0-255,66,216777,96,265515
5454,0.012415,74.125.68.0-255,1484,218261,96,265515
5455,0.014444,74.125.68.0-255,4320,222581,96,265515
5456,0.014452,172.31.47.0-255,66,222647,96,265515
5457,0.016501,74.125.68.0-255,4320,226967,96,265515
5458,0.016508,172.31.47.0-255,66,227033,96,265515
5459,0.016536,74.125.68.0-255,1484,228517,96,265515
5460,0.018566,74.125.68.0-255,4320,232837,96,265515
5461,0.018572,172.31.47.0-255,66,232903,96,265515
5462,0.020623,74.125.68.0-255,5738,238641,96,265515
5463,0.02063,172.31.47.0-255,66,238707,96,265515
5464,0.022116,172.31.47.0-255,172,238879,96,265515
5465,0.022145,172.31.47.0-255,1105,239984,96,265515
5466,0.022182,172.31.47.0-255,1514,241498,96,265515
5467,0.022184,172.31.47.0-255,339,241837,96,265515
5468,0.022673,74.125.68.0-255,5738,247575,96,265515
5469,0.022679,172.31.47.0-255,66,247641,96,265515
5470,0.023651,104.244.42.0-255,66,247707,96,265515
5471,0.023704,104.244.42.0-255,66,247773,96,265515
5472,0.023748,104.244.42.0-255,66,247839,96,265515
5473,0.024736,74.125.68.0-255,5738,253577,96,265515
5474,0.02474,172.31.47.0-255,66,253643,96,265515
5475,0.026784,74.125.68.0-255,2902,256545,96,265515
5476,0.026789,172.31.47.0-255,66,256611,96,265515
5477,0.026804,74.125.68.0-255,2902,259513,96,265515
5478,0.026807,172.31.47.0-255,66,259579,96,265515
5479,0.02883,74.125.68.0-255,2902,262481,96,265515
5480,0.028832,172.31.47.0-255,66,262547,96,265515
5481,0.028847,74.125.68.0-255,2902,265449,96,265515
5482,0.028849,172.31.47.0-255,66,265515,96,265515
5483,0.0,74.125.68.0-255,153,153,96,169314
5484,1.7e-05,172.31.47.0-255,66,219,96,169314
5485,2.3e-05,74.125.68.0-255,1484,1703,96,169314
5486,2.7e-05,172.31.47.0-255,66,1769,96,169314
5487,4.9e-05,74.125.68.0-255,2902,4671,96,169314
5488,5.2e-05,172.31.47.0-255,66,4737,96,169314
5489,5.9e-05,74.125.68.0-255,4320,9057,96,169314
5490,6.1e-05,172.31.47.0-255,66,9123,96,169314
5491,8.9e-05,74.125.68.0-255,1484,10607,96,169314
5492,9.1e-05,172.31.47.0-255,66,10673,96,169314
5493,9.6e-05,74.125.68.0-255,3403,14076,96,169314
5494,9.8e-05,172.31.47.0-255,66,14142,96,169314
5495,0.000178,74.125.68.0-255,1484,15626,96,169314
5496,0.000181,172.31.47.0-255,66,15692,96,169314
5497,0.000184,74.125.68.0-255,1484,17176,96,169314
5498,0.000186,172.31.47.0-255,66,17242,96,169314
5499,0.000199,74.125.68.0-255,1484,18726,96,169314
5500,0.0002,172.31.47.0-255,66,18792,96,169314
5501,0.000229,74.125.68.0-255,2902,21694,96,169314
5502,0.000231,172.31.47.0-255,66,21760,96,169314
5503,0.000267,74.125.68.0-255,1484,23244,96,169314
5504,0.000269,172.31.47.0-255,66,23310,96,169314
5505,0.000287,74.125.68.0-255,2902,26212,96,169314
5506,0.000289,172.31.47.0-255,66,26278,96,169314
5507,0.000293,74.125.68.0-255,2902,29180,96,169314
5508,0.000295,172.31.47.0-255,66,29246,96,169314
5509,0.000325,74.125.68.0-255,2543,31789,96,169314
5510,0.000327,172.31.47.0-255,66,31855,96,169314
5511,0.000399,74.125.68.0-255,1484,33339,96,169314
5512,0.000402,172.31.47.0-255,66,33405,96,169314
5513,0.000423,74.125.68.0-255,2902,36307,96,169314
5514,0.000425,172.31.47.0-255,66,36373,96,169314
5515,0.000429,74.125.68.0-255,2902,39275,96,169314
5516,0.000432,172.31.47.0-255,66,39341,96,169314
5517,0.000479,74.125.68.0-255,4320,43661,96,169314
5518,0.000483,172.31.47.0-255,66,43727,96,169314
5519,0.000486,74.125.68.0-255,1484,45211,96,169314
5520,0.000488,74.125.68.0-255,1484,46695,96,169314
5521,0.00049,172.31.47.0-255,66,46761,96,169314
5522,0.000501,74.125.68.0-255,1484,48245,96,169314
5523,0.000515,74.125.68.0-255,2902,51147,96,169314
5524,0.000517,172.31.47.0-255,66,51213,96,169314
5525,0.000537,74.125.68.0-255,3961,55174,96,169314
5526,0.00054,172.31.47.0-255,66,55240,96,169314
5527,0.000543,74.125.68.0-255,2902,58142,96,169314
5528,0.000545,172.31.47.0-255,66,58208,96,169314
5529,0.000587,74.125.68.0-255,1484,59692,96,169314
5530,0.000607,74.125.68.0-255,7106,66798,96,169314
5531,0.00061,172.31.47.0-255,66,66864,96,169314
5532,0.000914,74.125.68.0-255,111,66975,96,169314
5533,0.000944,74.125.68.0-255,332,67307,96,169314
5534,0.001023,172.31.47.0-255,66,67373,96,169314
5535,0.001534,74.125.68.0-255,1484,68857,96,169314
5536,0.001544,74.125.68.0-255,2902,71759,96,169314
5537,0.001547,172.31.47.0-255,66,71825,96,169314
5538,0.001567,74.125.68.0-255,4320,76145,96,169314
5539,0.00157,172.31.47.0-255,66,76211,96,169314
5540,0.001595,172.31.47.0-255,66,76277,96,169314
5541,0.0016,74.125.68.0-255,4320,80597,96,169314
5542,0.001602,172.31.47.0-255,66,80663,96,169314
5543,0.001652,74.125.68.0-255,4320,84983,96,169314
5544,0.001655,172.31.47.0-255,66,85049,96,169314
5545,0.001683,172.31.47.0-255,66,85115,96,169314
5546,0.003626,74.125.68.0-255,5738,90853,96,169314
5547,0.003632,172.31.47.0-255,66,90919,96,169314
5548,0.00558,74.125.68.0-255,4320,95239,96,169314
5549,0.005583,172.31.47.0-255,66,95305,96,169314
5550,0.005599,74.125.68.0-255,1484,96789,96,169314
5551,0.00754,74.125.68.0-255,4320,101109,96,169314
5552,0.007547,172.31.47.0-255,66,101175,96,169314
5553,0.00952,74.125.68.0-255,5738,106913,96,169314
5554,0.009531,172.31.47.0-255,66,106979,96,169314
5555,0.011535,74.125.68.0-255,5738,112717,96,169314
5556,0.011545,172.31.47.0-255,66,112783,96,169314
5557,0.013524,74.125.68.0-255,5738,118521,96,169314
5558,0.013536,172.31.47.0-255,66,118587,96,169314
5559,0.015487,74.125.68.0-255,5738,124325,96,169314
5560,0.015495,172.31.47.0-255,66,124391,96,169314
5561,0.01746,74.125.68.0-255,5738,130129,96,169314
5562,0.017467,172.31.47.0-255,66,130195,96,169314
5563,0.019478,74.125.68.0-255,5738,135933,96,169314
5564,0.019486,172.31.47.0-255,66,135999,96,169314
5565,0.021438,74.125.68.0-255,5738,141737,96,169314
5566,0.021444,172.31.47.0-255,66,141803,96,169314
5567,0.022155,172.31.47.0-255,172,141975,96,169314
5568,0.022181,172.31.47.0-255,1110,143085,96,169314
5569,0.022238,172.31.47.0-255,1514,144599,96,169314
5570,0.02224,172.31.47.0-255,1301,145900,96,169314
5571,0.023392,74.125.68.0-255,5738,151638,96,169314
5572,0.023399,172.31.47.0-255,66,151704,96,169314
5573,0.023694,104.244.42.0-255,66,151770,96,169314
5574,0.023732,104.244.42.0-255,66,151836,96,169314
5575,0.023781,104.244.42.0-255,66,151902,96,169314
5576,0.025348,74.125.68.0-255,5738,157640,96,169314
5577,0.025354,172.31.47.0-255,66,157706,96,169314
5578,0.027303,74.125.68.0-255,5738,163444,96,169314
5579,0.027309,172.31.47.0-255,66,163510,96,169314
5580,0.029274,74.125.68.0-255,5738,169248,96,169314
5581,0.02928,172.31.47.0-255,66,169314,96,169314
5582,0.0,74.125.24.0-255,152,152,96,239822
5583,2.1e-05,172.31.47.0-255,66,218,96,239822
5584,2.7e-05,74.125.24.0-255,1484,1702,96,239822
5585,3.1e-05,172.31.47.0-255,66,1768,96,239822
5586,3.7e-05,74.125.24.0-255,2902,4670,96,239822
5587,4e-05,172.31.47.0-255,66,4736,96,239822
5588,4.5e-05,74.125.24.0-255,4320,9056,96,239822
5589,4.8e-05,172.31.47.0-255,66,9122,96,239822
5590,7.3e-05,74.125.24.0-255,7156,16278,96,239822
5591,7.6e-05,172.31.47.0-255,66,16344,96,239822
5592,0.0001,74.125.24.0-255,4918,21262,96,239822
5593,0.000103,172.31.47.0-255,66,21328,96,239822
5594,0.000114,172.31.47.0-255,66,21394,96,239822
5595,0.000129,74.125.24.0-255,1484,22878,96,239822
5596,0.000131,172.31.47.0-255,66,22944,96,239822
5597,0.000135,74.125.24.0-255,2902,25846,96,239822
5598,0.000137,172.31.47.0-255,66,25912,96,239822
5599,0.000164,74.125.24.0-255,5738,31650,96,239822
5600,0.000166,172.31.47.0-255,66,31716,96,239822
5601,0.000182,74.125.24.0-255,4320,36036,96,239822
5602,0.000184,172.31.47.0-255,66,36102,96,239822
5603,0.000204,74.125.24.0-255,2543,38645,96,239822
5604,0.000206,172.31.47.0-255,66,38711,96,239822
5605,0.000222,74.125.24.0-255,4320,43031,96,239822
5606,0.000224,172.31.47.0-255,66,43097,96,239822
5607,0.000239,74.125.24.0-255,2902,45999,96,239822
5608,0.000241,172.31.47.0-255,66,46065,96,239822
5609,0.000247,74.125.24.0-255,5738,51803,96,239822
5610,0.000249,172.31.47.0-255,66,51869,96,239822
5611,0.000282,74.125.24.0-255,3961,55830,96,239822
5612,0.000285,172.31.47.0-255,66,55896,96,239822
5613,0.000715,74.125.24.0-255,646,56542,96,239822
5614,0.000862,172.31.47.0-255,66,56608,96,239822
5615,0.00097,74.125.24.0-255,1484,58092,96,239822
5616,0.000979,74.125.24.0-255,2902,60994,96,239822
5617,0.000982,172.31.47.0-255,66,61060,96,239822
5618,0.00099,74.125.24.0-255,5738,66798,96,239822
5619,0.000993,172.31.47.0-255,66,66864,96,239822
5620,0.000998,74.125.24.0-255,4320,71184,96,239822
5621,0.001,172.31.47.0-255,66,71250,96,239822
5622,0.001054,172.31.47.0-255,66,71316,96,239822
5623,0.001064,172.31.47.0-255,66,71382,96,239822
5624,0.001371,74.125.24.0-255,1484,72866,96,239822
5625,0.001379,74.125.24.0-255,2902,75768,96,239822
5626,0.001384,172.31.47.0-255,66,75834,96,239822
5627,0.001392,74.125.24.0-255,5738,81572,96,239822
5628,0.001394,172.31.47.0-255,66,81638,96,239822
5629,0.001399,74.125.24.0-255,2902,84540,96,239822
5630,0.001402,172.31.47.0-255,66,84606,96,239822
5631,0.001438,172.31.47.0-255,66,84672,96,239822
5632,0.001454,74.125.24.0-255,4320,88992,96,239822
5633,0.001456,172.31.47.0-255,66,89058,96,239822
5634,0.001476,74.125.24.0-255,6438,95496,96,239822
5635,0.001479,172.31.47.0-255,66,95562,96,239822
5636,0.00153,74.125.24.0-255,1484,97046,96,239822
5637,0.001536,74.125.24.0-255,2902,99948,96,239822
5638,0.00154,172.31.47.0-255,66,100014,96,239822
5639,0.001565,74.125.24.0-255,2902,102916,96,239822
5640,0.001568,172.31.47.0-255,66,102982,96,239822
5641,0.001588,74.125.24.0-255,2902,105884,96,239822
5642,0.00159,172.31.47.0-255,66,105950,96,239822
5643,0.001605,172.31.47.0-255,66,106016,96,239822
5644,0.001608,74.125.24.0-255,1484,107500,96,239822
5645,0.001631,172.31.47.0-255,66,107566,96,239822
5646,0.001832,74.125.24.0-255,1484,109050,96,239822
5647,0.001839,74.125.24.0-255,2902,111952,96,239822
5648,0.001844,172.31.47.0-255,66,112018,96,239822
5649,0.001852,74.125.24.0-255,5738,117756,96,239822
5650,0.001854,172.31.47.0-255,66,117822,96,239822
5651,0.001859,74.125.24.0-255,2902,120724,96,239822
5652,0.001861,172.31.47.0-255,66,120790,96,239822
5653,0.001883,74.125.24.0-255,2902,123692,96,239822
5654,0.001885,172.31.47.0-255,66,123758,96,239822
5655,0.001899,172.31.47.0-255,66,123824,96,239822
5656,0.001904,74.125.24.0-255,2902,126726,96,239822
5657,0.001906,172.31.47.0-255,66,126792,96,239822
5658,0.001927,74.125.24.0-255,2184,128976,96,239822
5659,0.001929,172.31.47.0-255,66,129042,96,239822
5660,0.002085,74.125.24.0-255,1484,130526,96,239822
5661,0.002089,74.125.24.0-255,2902,133428,96,239822
5662,0.002091,172.31.47.0-255,66,133494,96,239822
5663,0.002112,74.125.24.0-255,5738,139232,96,239822
5664,0.002114,172.31.47.0-255,66,139298,96,239822
5665,0.002119,74.125.24.0-255,5738,145036,96,239822
5666,0.002121,172.31.47.0-255,66,145102,96,239822
5667,0.002123,74.125.24.0-255,1484,146586,96,239822
5668,0.002146,74.125.24.0-255,5738,152324,96,239822
5669,0.002148,172.31.47.0-255,66,152390,96,239822
5670,0.002162,74.125.24.0-255,4320,156710,96,239822
5671,0.002164,172.31.47.0-255,66,156776,96,239822
5672,0.002191,172.31.47.0-255,66,156842,96,239822
5673,0.0022,172.31.47.0-255,66,156908,96,239822
5674,0.002243,74.125.24.0-255,4320,161228,96,239822
5675,0.002245,172.31.47.0-255,66,161294,96,239822
5676,0.002276,172.31.47.0-255,66,161360,96,239822
5677,0.002279,74.125.24.0-255,1484,162844,96,239822
5678,0.002283,74.125.24.0-255,2902,165746,96,239822
5679,0.002285,172.31.47.0-255,66,165812,96,239822
5680,0.002339,74.125.24.0-255,5738,171550,96,239822
5681,0.002341,172.31.47.0-255,66,171616,96,239822
5682,0.002353,172.31.47.0-255,66,171682,96,239822
5683,0.004679,74.125.24.0-255,5738,177420,96,239822
5684,0.004684,172.31.47.0-255,66,177486,96,239822
5685,0.007011,74.125.24.0-255,5738,183224,96,239822
5686,0.007016,172.31.47.0-255,66,183290,96,239822
5687,0.009318,74.125.24.0-255,5738,189028,96,239822
5688,0.009324,172.31.47.0-255,66,189094,96,239822
5689,0.011651,74.125.24.0-255,5738,194832,96,239822
5690,0.011661,172.31.47.0-255,66,194898,96,239822
5691,0.013995,74.125.24.0-255,5738,200636,96,239822
5692,0.014008,172.31.47.0-255,66,200702,96,239822
5693,0.016388,74.125.24.0-255,5738,206440,96,239822
5694,0.016397,172.31.47.0-255,66,206506,96,239822
5695,0.018728,74.125.24.0-255,5738,212244,96,239822
5696,0.018735,172.31.47.0-255,66,212310,96,239822
5697,0.021061,74.125.24.0-255,5738,218048,96,239822
5698,0.021068,172.31.47.0-255,66,218114,96,239822
5699,0.023363,74.125.24.0-255,5738,223852,96,239822
5700,0.023371,172.31.47.0-255,66,223918,96,239822
5701,0.02569,74.125.24.0-255,5738,229656,96,239822
5702,0.025696,172.31.47.0-255,66,229722,96,239822
5703,0.025851,172.31.47.0-255,172,229894,96,239822
5704,0.025876,172.31.47.0-255,1110,231004,96,239822
5705,0.025969,172.31.47.0-255,1514,232518,96,239822
5706,0.02597,172.31.47.0-255,1302,233820,96,239822
5707,0.027399,104.244.42.0-255,66,233886,96,239822
5708,0.027446,104.244.42.0-255,66,233952,96,239822
5709,0.027537,104.244.42.0-255,66,234018,96,239822
5710,0.028012,74.125.24.0-255,5738,239756,96,239822
5711,0.028017,172.31.47.0-255,66,239822,96,239822
5712,0.0,172.217.194.0-255,153,153,96,309854
5713,1.5e-05,172.31.47.0-255,66,219,96,309854
5714,2.1e-05,172.217.194.0-255,1484,1703,96,309854
5715,2.5e-05,172.31.47.0-255,66,1769,96,309854
5716,3.1e-05,172.217.194.0-255,2902,4671,96,309854
5717,3.3e-05,172.31.47.0-255,66,4737,96,309854
5718,6.1e-05,172.217.194.0-255,4320,9057,96,309854
5719,6.4e-05,172.31.47.0-255,66,9123,96,309854
5720,8.9e-05,172.217.194.0-255,4855,13978,96,309854
5721,9.1e-05,172.31.47.0-255,66,14044,96,309854
5722,0.00013,172.217.194.0-255,1484,15528,96,309854
5723,0.000133,172.31.47.0-255,66,15594,96,309854
5724,0.000143,172.217.194.0-255,2902,18496,96,309854
5725,0.000145,172.31.47.0-255,66,18562,96,309854
5726,0.000149,172.217.194.0-255,1484,20046,96,309854
5727,0.00015,172.31.47.0-255,66,20112,96,309854
5728,0.00018,172.217.194.0-255,4320,24432,96,309854
5729,0.000183,172.31.47.0-255,66,24498,96,309854
5730,0.00019,172.217.194.0-255,6797,31295,96,309854
5731,0.000192,172.31.47.0-255,66,31361,96,309854
5732,0.000197,172.217.194.0-255,4320,35681,96,309854
5733,0.0002,172.31.47.0-255,66,35747,96,309854
5734,0.000237,172.217.194.0-255,2902,38649,96,309854
5735,0.000239,172.31.47.0-255,66,38715,96,309854
5736,0.000252,172.31.47.0-255,66,38781,96,309854
5737,0.000787,172.217.194.0-255,1484,40265,96,309854
5738,0.000792,172.31.47.0-255,66,40331,96,309854
5739,0.000798,172.217.194.0-255,2902,43233,96,309854
5740,0.0008,172.31.47.0-255,66,43299,96,309854
5741,0.000806,172.217.194.0-255,5738,49037,96,309854
5742,0.000808,172.31.47.0-255,66,49103,96,309854
5743,0.000843,172.217.194.0-255,6797,55900,96,309854
5744,0.000866,172.31.47.0-255,66,55966,96,309854
5745,0.000881,172.217.194.0-255,1484,57450,96,309854
5746,0.000886,172.217.194.0-255,2902,60352,96,309854
5747,0.000903,172.217.194.0-255,5738,66090,96,309854
5748,0.000906,172.31.47.0-255,66,66156,96,309854
5749,0.000929,172.31.47.0-255,66,66222,96,309854
5750,0.00094,172.217.194.0-255,5738,71960,96,309854
5751,0.000954,172.217.194.0-255,5738,77698,96,309854
5752,0.000969,172.217.194.0-255,2543,80241,96,309854
5753,0.000989,172.217.194.0-255,5738,85979,96,309854
5754,0.000992,172.31.47.0-255,66,86045,96,309854
5755,0.000996,172.31.47.0-255,66,86111,96,309854
5756,0.001014,172.217.194.0-255,4541,90652,96,309854
5757,0.001032,172.31.47.0-255,66,90718,96,309854
5758,0.001913,172.217.194.0-255,1484,92202,96,309854
5759,0.001919,172.31.47.0-255,66,92268,96,309854
5760,0.001928,172.217.194.0-255,2902,95170,96,309854
5761,0.001934,172.217.194.0-255,5738,100908,96,309854
5762,0.001945,172.217.194.0-255,1484,102392,96,309854
5763,0.001975,172.31.47.0-255,66,102458,96,309854
5764,0.001985,172.217.194.0-255,7156,109614,96,309854
5765,0.001989,172.31.47.0-255,66,109680,96,309854
5766,0.001998,172.217.194.0-255,4320,114000,96,309854
5767,0.002,172.217.194.0-255,1484,115484,96,309854
5768,0.002012,172.217.194.0-255,766,116250,96,309854
5769,0.002033,172.31.47.0-255,66,116316,96,309854
5770,0.002341,172.217.194.0-255,1484,117800,96,309854
5771,0.002349,172.217.194.0-255,2902,120702,96,309854
5772,0.002353,172.31.47.0-255,66,120768,96,309854
5773,0.00236,172.217.194.0-255,5738,126506,96,309854
5774,0.002366,172.217.194.0-255,7156,133662,96,309854
5775,0.00238,172.217.194.0-255,2184,135846,96,309854
5776,0.00241,172.217.194.0-255,1484,137330,96,309854
5777,0.002415,172.217.194.0-255,2902,140232,96,309854
5778,0.002417,172.217.194.0-255,1484,141716,96,309854
5779,0.002434,172.217.194.0-255,4320,146036,96,309854
5780,0.00245,172.217.194.0-255,4320,150356,96,309854
5781,0.002453,172.217.194.0-255,1484,151840,96,309854
5782,0.002455,172.31.47.0-255,78,151918,96,309854
5783,0.002459,172.217.194.0-255,2902,154820,96,309854
5784,0.002462,172.31.47.0-255,78,154898,96,309854
5785,0.002479,172.217.194.0-255,5738,160636,96,309854
5786,0.002488,172.217.194.0-255,1484,162120,96,309854
5787,0.002521,172.217.194.0-255,1484,163604,96,309854
5788,0.002542,172.217.194.0-255,1484,165088,96,309854
5789,0.002554,172.217.194.0-255,4320,169408,96,309854
5790,0.002557,172.217.194.0-255,1484,170892,96,309854
5791,0.00258,172.217.194.0-255,7156,178048,96,309854
5792,0.002604,172.217.194.0-255,1484,179532,96,309854
5793,0.002621,172.217.194.0-255,6438,185970,96,309854
5794,0.002676,172.217.194.0-255,1484,187454,96,309854
5795,0.002678,172.217.194.0-255,1484,188938,96,309854
5796,0.002688,172.217.194.0-255,2902,191840,96,309854
5797,0.002697,172.217.194.0-255,1484,193324,96,309854
5798,0.002719,172.217.194.0-255,5738,199062,96,309854
5799,0.002721,172.217.194.0-255,1484,200546,96,309854
5800,0.002761,172.217.194.0-255,766,201312,96,309854
5801,0.002766,172.217.194.0-255,4320,205632,96,309854
5802,0.002792,172.217.194.0-255,4320,209952,96,309854
5803,0.002811,172.217.194.0-255,4320,214272,96,309854
5804,0.00285,172.217.194.0-255,2184,216456,96,309854
5805,0.00302,172.217.194.0-255,1484,217940,96,309854
5806,0.003025,172.217.194.0-255,2902,220842,96,309854
5807,0.003037,172.217.194.0-255,4320,225162,96,309854
5808,0.003048,172.217.194.0-255,1484,226646,96,309854
5809,0.003068,172.217.194.0-255,2902,229548,96,309854
5810,0.003085,172.217.194.0-255,4320,233868,96,309854
5811,0.003101,172.217.194.0-255,5738,239606,96,309854
5812,0.003103,172.217.194.0-255,1484,241090,96,309854
5813,0.003106,172.217.194.0-255,1484,242574,96,309854
5814,0.003163,172.217.194.0-255,7156,249730,96,309854
5815,0.003183,172.217.194.0-255,2902,252632,96,309854
5816,0.003188,172.217.194.0-255,4320,256952,96,309854
5817,0.003207,172.217.194.0-255,4320,261272,96,309854
5818,0.003233,172.217.194.0-255,3602,264874,96,309854
5819,0.003259,172.31.47.0-255,66,264940,96,309854
5820,0.003268,172.217.194.0-255,2902,267842,96,309854
5821,0.003277,172.31.47.0-255,66,267908,96,309854
5822,0.00328,172.217.194.0-255,1484,269392,96,309854
5823,0.003297,172.217.194.0-255,2902,272294,96,309854
5824,0.0033,172.217.194.0-255,1484,273778,96,309854
5825,0.003317,172.31.47.0-255,66,273844,96,309854
5826,0.003329,172.217.194.0-255,7156,281000,96,309854
5827,0.003334,172.31.47.0-255,66,281066,96,309854
5828,0.003343,172.217.194.0-255,4320,285386,96,309854
5829,0.003347,172.217.194.0-255,4320,289706,96,309854
5830,0.003375,172.217.194.0-255,2902,292608,96,309854
5831,0.003394,172.217.194.0-255,6438,299046,96,309854
5832,0.0034,172.31.47.0-255,66,299112,96,309854
5833,0.003418,172.217.194.0-255,1484,300596,96,309854
5834,0.003441,172.217.194.0-255,4458,305054,96,309854
5835,0.003475,172.31.47.0-255,66,305120,96,309854
5836,0.003481,172.217.194.0-255,97,305217,96,309854
5837,0.003491,172.217.194.0-255,105,305322,96,309854
5838,0.005244,172.31.47.0-255,66,305388,96,309854
5839,0.005276,172.31.47.0-255,105,305493,96,309854
5840,0.007561,172.217.194.0-255,66,305559,96,309854
5841,0.028,172.31.47.0-255,172,305731,96,309854
5842,0.028029,172.31.47.0-255,1110,306841,96,309854
5843,0.028082,172.31.47.0-255,1514,308355,96,309854
5844,0.028084,172.31.47.0-255,1301,309656,96,309854
5845,0.029573,104.244.42.0-255,66,309722,96,309854
5846,0.029598,104.244.42.0-255,66,309788,96,309854
5847,0.029687,104.244.42.0-255,66,309854,96,309854
5848,0.0,172.217.194.0-255,153,153,96,208987
5849,1.6e-05,172.31.47.0-255,66,219,96,208987
5850,4e-05,172.217.194.0-255,1484,1703,96,208987
5851,4.4e-05,172.31.47.0-255,66,1769,96,208987
5852,4.9e-05,172.217.194.0-255,2902,4671,96,208987
5853,5.2e-05,172.31.47.0-255,66,4737,96,208987
5854,5.7e-05,172.217.194.0-255,4320,9057,96,208987
5855,6e-05,172.31.47.0-255,66,9123,96,208987
5856,8.2e-05,172.217.194.0-255,1484,10607,96,208987
5857,8.4e-05,172.31.47.0-255,66,10673,96,208987
5858,9.5e-05,172.217.194.0-255,1484,12157,96,208987
5859,9.7e-05,172.31.47.0-255,66,12223,96,208987
5860,0.000113,172.217.194.0-255,2015,14238,96,208987
5861,0.000115,172.31.47.0-255,66,14304,96,208987
5862,0.000134,172.217.194.0-255,4320,18624,96,208987
5863,0.000136,172.31.47.0-255,66,18690,96,208987
5864,0.000141,172.217.194.0-255,4320,23010,96,208987
5865,0.000143,172.31.47.0-255,66,23076,96,208987
5866,0.000164,172.217.194.0-255,2902,25978,96,208987
5867,0.000167,172.31.47.0-255,66,26044,96,208987
5868,0.000183,172.217.194.0-255,1484,27528,96,208987
5869,0.000185,172.31.47.0-255,66,27594,96,208987
5870,0.000214,172.31.47.0-255,66,27660,96,208987
5871,0.000219,172.217.194.0-255,2902,30562,96,208987
5872,0.000221,172.31.47.0-255,66,30628,96,208987
5873,0.000236,172.217.194.0-255,5379,36007,96,208987
5874,0.000238,172.31.47.0-255,66,36073,96,208987
5875,0.000274,172.217.194.0-255,1484,37557,96,208987
5876,0.000276,172.31.47.0-255,66,37623,96,208987
5877,0.00028,172.217.194.0-255,1484,39107,96,208987
5878,0.000281,172.31.47.0-255,66,39173,96,208987
5879,0.000294,172.217.194.0-255,1484,40657,96,208987
5880,0.000297,172.217.194.0-255,1484,42141,96,208987
5881,0.000299,172.31.47.0-255,66,42207,96,208987
5882,0.000317,172.217.194.0-255,4320,46527,96,208987
5883,0.000319,172.31.47.0-255,66,46593,96,208987
5884,0.000325,172.217.194.0-255,5738,52331,96,208987
5885,0.000328,172.31.47.0-255,66,52397,96,208987
5886,0.000355,172.217.194.0-255,1475,53872,96,208987
5887,0.000386,172.217.194.0-255,362,54234,96,208987
5888,0.000388,172.31.47.0-255,66,54300,96,208987
5889,0.00081,172.217.194.0-255,1484,55784,96,208987
5890,0.000816,172.217.194.0-255,2902,58686,96,208987
5891,0.00082,172.31.47.0-255,66,58752,96,208987
5892,0.000827,172.217.194.0-255,5738,64490,96,208987
5893,0.000829,172.31.47.0-255,66,64556,96,208987
5894,0.000861,172.31.47.0-255,66,64622,96,208987
5895,0.000867,172.217.194.0-255,5738,70360,96,208987
5896,0.000869,172.31.47.0-255,66,70426,96,208987
5897,0.000917,172.217.194.0-255,5020,75446,96,208987
5898,0.000922,172.31.47.0-255,66,75512,96,208987
5899,0.001112,172.217.194.0-255,1484,76996,96,208987
5900,0.001117,172.217.194.0-255,2902,79898,96,208987
5901,0.00112,172.31.47.0-255,66,79964,96,208987
5902,0.001125,172.217.194.0-255,2902,82866,96,208987
5903,0.001127,172.31.47.0-255,66,82932,96,208987
5904,0.001141,172.217.194.0-255,2902,85834,96,208987
5905,0.001143,172.31.47.0-255,66,85900,96,208987
5906,0.001145,172.217.194.0-255,1484,87384,96,208987
5907,0.001201,172.31.47.0-255,66,87450,96,208987
5908,0.001204,172.31.47.0-255,66,87516,96,208987
5909,0.001678,172.217.194.0-255,1484,89000,96,208987
5910,0.001693,172.217.194.0-255,2902,91902,96,208987
5911,0.001697,172.31.47.0-255,66,91968,96,208987
5912,0.0017,172.217.194.0-255,1484,93452,96,208987
5913,0.001721,172.217.194.0-255,4320,97772,96,208987
5914,0.001723,172.31.47.0-255,66,97838,96,208987
5915,0.001731,172.217.194.0-255,5738,103576,96,208987
5916,0.001732,172.31.47.0-255,66,103642,96,208987
5917,0.00175,172.217.194.0-255,7156,110798,96,208987
5918,0.001752,172.31.47.0-255,66,110864,96,208987
5919,0.001761,172.31.47.0-255,66,110930,96,208987
5920,0.001779,172.217.194.0-255,1484,112414,96,208987
5921,0.001781,172.217.194.0-255,766,113180,96,208987
5922,0.001783,172.31.47.0-255,66,113246,96,208987
5923,0.001961,172.217.194.0-255,1484,114730,96,208987
5924,0.002,172.217.194.0-255,2902,117632,96,208987
5925,0.002003,172.31.47.0-255,66,117698,96,208987
5926,0.002009,172.217.194.0-255,5738,123436,96,208987
5927,0.002011,172.31.47.0-255,66,123502,96,208987
5928,0.003965,172.217.194.0-255,5738,129240,96,208987
5929,0.003973,172.31.47.0-255,66,129306,96,208987
5930,0.005936,172.217.194.0-255,2902,132208,96,208987
5931,0.005939,172.31.47.0-255,66,132274,96,208987
5932,0.005952,172.217.194.0-255,2902,135176,96,208987
5933,0.005955,172.31.47.0-255,66,135242,96,208987
5934,0.007922,172.217.194.0-255,5738,140980,96,208987
5935,0.007929,172.31.47.0-255,66,141046,96,208987
5936,0.009899,172.217.194.0-255,5738,146784,96,208987
5937,0.009907,172.31.47.0-255,66,146850,96,208987
5938,0.011864,172.217.194.0-255,5738,152588,96,208987
5939,0.011872,172.31.47.0-255,66,152654,96,208987
5940,0.013861,172.217.194.0-255,5738,158392,96,208987
5941,0.013871,172.31.47.0-255,66,158458,96,208987
5942,0.015836,172.217.194.0-255,5738,164196,96,208987
5943,0.015845,172.31.47.0-255,66,164262,96,208987
5944,0.017801,172.217.194.0-255,5738,170000,96,208987
5945,0.017808,172.31.47.0-255,66,170066,96,208987
5946,0.019788,172.217.194.0-255,5738,175804,96,208987
5947,0.019794,172.31.47.0-255,66,175870,96,208987
5948,0.021786,172.217.194.0-255,5738,181608,96,208987
5949,0.021794,172.31.47.0-255,66,181674,96,208987
5950,0.023781,172.217.194.0-255,5738,187412,96,208987
5951,0.02379,172.31.47.0-255,66,187478,96,208987
5952,0.025774,172.217.194.0-255,5738,193216,96,208987
5953,0.025781,172.31.47.0-255,66,193282,96,208987
5954,0.027739,172.217.194.0-255,5738,199020,96,208987
5955,0.027745,172.31.47.0-255,66,199086,96,208987
5956,0.029294,172.31.47.0-255,172,199258,96,208987
5957,0.029324,172.31.47.0-255,1110,200368,96,208987
5958,0.029379,172.31.47.0-255,1514,201882,96,208987
5959,0.029381,172.31.47.0-255,1301,203183,96,208987
5960,0.029716,172.217.194.0-255,5738,208921,96,208987
5961,0.029724,172.31.47.0-255,66,208987,96,208987
5962,0.0,172.217.194.0-255,153,153,96,196712
5963,1.7e-05,172.31.47.0-255,66,219,96,196712
5964,2.3e-05,172.217.194.0-255,1484,1703,96,196712
5965,2.7e-05,172.31.47.0-255,66,1769,96,196712
5966,3.2e-05,172.217.194.0-255,2902,4671,96,196712
5967,3.4e-05,172.31.47.0-255,66,4737,96,196712
5968,4.1e-05,172.217.194.0-255,7156,11893,96,196712
5969,4.3e-05,172.31.47.0-255,66,11959,96,196712
5970,4.6e-05,172.217.194.0-255,2084,14043,96,196712
5971,4.8e-05,172.31.47.0-255,66,14109,96,196712
5972,9.7e-05,172.217.194.0-255,1484,15593,96,196712
5973,9.9e-05,172.31.47.0-255,66,15659,96,196712
5974,0.000103,172.217.194.0-255,1484,17143,96,196712
5975,0.000105,172.31.47.0-255,66,17209,96,196712
5976,0.000123,172.217.194.0-255,1484,18693,96,196712
5977,0.000125,172.31.47.0-255,66,18759,96,196712
5978,0.000131,172.217.194.0-255,5738,24497,96,196712
5979,0.000133,172.31.47.0-255,66,24563,96,196712
5980,0.000137,172.217.194.0-255,2902,27465,96,196712
5981,0.000139,172.31.47.0-255,66,27531,96,196712
5982,0.000162,172.217.194.0-255,3961,31492,96,196712
5983,0.000165,172.31.47.0-255,66,31558,96,196712
5984,0.000468,172.217.194.0-255,1484,33042,96,196712
5985,0.000473,172.31.47.0-255,66,33108,96,196712
5986,0.000478,172.217.194.0-255,2902,36010,96,196712
5987,0.00048,172.31.47.0-255,66,36076,96,196712
5988,0.000495,172.217.194.0-255,5738,41814,96,196712
5989,0.000498,172.31.47.0-255,66,41880,96,196712
5990,0.000518,172.217.194.0-255,4320,46200,96,196712
5991,0.00052,172.31.47.0-255,66,46266,96,196712
5992,0.000532,172.217.194.0-255,1484,47750,96,196712
5993,0.000534,172.31.47.0-255,66,47816,96,196712
5994,0.000565,172.31.47.0-255,66,47882,96,196712
5995,0.000572,172.217.194.0-255,7050,54932,96,196712
5996,0.000574,172.31.47.0-255,66,54998,96,196712
5997,0.000577,172.217.194.0-255,119,55117,96,196712
5998,0.000633,172.217.194.0-255,1484,56601,96,196712
5999,0.000636,172.31.47.0-255,66,56667,96,196712
6000,0.000639,172.217.194.0-255,1484,58151,96,196712
6001,0.000654,172.217.194.0-255,1484,59635,96,196712
6002,0.000656,172.31.47.0-255,66,59701,96,196712
6003,0.000662,172.217.194.0-255,5738,65439,96,196712
6004,0.000664,172.31.47.0-255,66,65505,96,196712
6005,0.000684,172.217.194.0-255,2902,68407,96,196712
6006,0.000686,172.31.47.0-255,66,68473,96,196712
6007,0.000716,172.31.47.0-255,66,68539,96,196712
6008,0.000725,172.31.47.0-255,66,68605,96,196712
6009,0.000939,172.217.194.0-255,1484,70089,96,196712
6010,0.000957,172.217.194.0-255,2902,72991,96,196712
6011,0.000961,172.31.47.0-255,66,73057,96,196712
6012,0.000979,172.217.194.0-255,2902,75959,96,196712
6013,0.000983,172.31.47.0-255,66,76025,96,196712
6014,0.001003,172.217.194.0-255,2902,78927,96,196712
6015,0.001005,172.31.47.0-255,66,78993,96,196712
6016,0.00101,172.217.194.0-255,5738,84731,96,196712
6017,0.001012,172.31.47.0-255,66,84797,96,196712
6018,0.001023,172.31.47.0-255,66,84863,96,196712
6019,0.001036,172.217.194.0-255,1484,86347,96,196712
6020,0.001054,172.217.194.0-255,4320,90667,96,196712
6021,0.001057,172.31.47.0-255,66,90733,96,196712
6022,0.001074,172.217.194.0-255,766,91499,96,196712
6023,0.0011,172.217.194.0-255,1484,92983,96,196712
6024,0.001103,172.31.47.0-255,66,93049,96,196712
6025,0.001107,172.217.194.0-255,2902,95951,96,196712
6026,0.001108,172.31.47.0-255,66,96017,96,196712
6027,0.001124,172.217.194.0-255,5738,101755,96,196712
6028,0.001126,172.31.47.0-255,66,101821,96,196712
6029,0.00118,172.31.47.0-255,66,101887,96,196712
6030,0.001196,172.217.194.0-255,5738,107625,96,196712
6031,0.001199,172.31.47.0-255,66,107691,96,196712
6032,0.001212,172.217.194.0-255,5020,112711,96,196712
6033,0.001214,172.31.47.0-255,66,112777,96,196712
6034,0.001472,172.217.194.0-255,1484,114261,96,196712
6035,0.001475,172.217.194.0-255,1484,115745,96,196712
6036,0.001481,172.31.47.0-255,66,115811,96,196712
6037,0.001499,172.217.194.0-255,1484,117295,96,196712
6038,0.001506,172.217.194.0-255,5738,123033,96,196712
6039,0.001508,172.31.47.0-255,66,123099,96,196712
6040,0.001513,172.217.194.0-255,4320,127419,96,196712
6041,0.001514,172.31.47.0-255,66,127485,96,196712
6042,0.001542,172.31.47.0-255,66,127551,96,196712
6043,0.001568,172.31.47.0-255,66,127617,96,196712
6044,0.001606,172.217.194.0-255,1484,129101,96,196712
6045,0.00161,172.217.194.0-255,2902,132003,96,196712
6046,0.001613,172.31.47.0-255,66,132069,96,196712
6047,0.001631,172.217.194.0-255,5738,137807,96,196712
6048,0.001633,172.31.47.0-255,66,137873,96,196712
6049,0.001674,172.31.47.0-255,66,137939,96,196712
6050,0.001727,172.31.47.0-255,66,138005,96,196712
6051,0.001772,172.217.194.0-255,1484,139489,96,196712
6052,0.001776,172.217.194.0-255,1484,140973,96,196712
6053,0.001778,172.31.47.0-255,66,141039,96,196712
6054,0.001793,172.217.194.0-255,1484,142523,96,196712
6055,0.001804,172.217.194.0-255,4320,146843,96,196712
6056,0.001807,172.31.47.0-255,66,146909,96,196712
6057,0.001826,172.217.194.0-255,1484,148393,96,196712
6058,0.001836,172.217.194.0-255,7156,155549,96,196712
6059,0.001838,172.217.194.0-255,1484,157033,96,196712
6060,0.001846,172.31.47.0-255,66,157099,96,196712
6061,0.001875,172.217.194.0-255,2184,159283,96,196712
6062,0.001878,172.31.47.0-255,66,159349,96,196712
6063,0.001881,172.31.47.0-255,66,159415,96,196712
6064,0.001995,172.217.194.0-255,1484,160899,96,196712
6065,0.002008,172.217.194.0-255,2902,163801,96,196712
6066,0.002012,172.31.47.0-255,66,163867,96,196712
6067,0.002015,172.217.194.0-255,1484,165351,96,196712
6068,0.002032,172.217.194.0-255,4320,169671,96,196712
6069,0.002035,172.31.47.0-255,66,169737,96,196712
6070,0.002037,172.217.194.0-255,1484,171221,96,196712
6071,0.002066,172.31.47.0-255,66,171287,96,196712
6072,0.002085,172.31.47.0-255,66,171353,96,196712
6073,0.002116,172.217.194.0-255,1484,172837,96,196712
6074,0.00213,172.217.194.0-255,2902,175739,96,196712
6075,0.002132,172.31.47.0-255,66,175805,96,196712
6076,0.002159,172.217.194.0-255,5738,181543,96,196712
6077,0.002161,172.31.47.0-255,66,181609,96,196712
6078,0.002181,172.217.194.0-255,1484,183093,96,196712
6079,0.002216,172.31.47.0-255,66,183159,96,196712
6080,0.002282,172.31.47.0-255,66,183225,96,196712
6081,0.002292,172.217.194.0-255,4320,187545,96,196712
6082,0.002296,172.31.47.0-255,66,187611,96,196712
6083,0.002364,172.217.194.0-255,1484,189095,96,196712
6084,0.002367,172.31.47.0-255,78,189173,96,196712
6085,0.002374,172.217.194.0-255,6438,195611,96,196712
6086,0.002387,172.31.47.0-255,66,195677,96,196712
6087,0.004683,172.217.194.0-255,798,196475,96,196712
6088,0.010794,172.31.47.0-255,66,196541,96,196712
6089,0.010833,172.31.47.0-255,105,196646,96,196712
6090,0.013113,172.217.194.0-255,66,196712,96,196712
6091,0.0,74.125.200.0-255,153,153,96,174489
6092,3.4e-05,172.31.47.0-255,66,219,96,174489
6093,5.7e-05,74.125.200.0-255,1484,1703,96,174489
6094,6.2e-05,172.31.47.0-255,66,1769,96,174489
6095,6.5e-05,74.125.200.0-255,1484,3253,96,174489
6096,6.8e-05,172.31.47.0-255,66,3319,96,174489
6097,9.6e-05,74.125.200.0-255,1484,4803,96,174489
6098,0.0001,172.31.47.0-255,66,4869,96,174489
6099,0.000106,74.125.200.0-255,4320,9189,96,174489
6100,0.000108,172.31.47.0-255,66,9255,96,174489
6101,0.000111,74.125.200.0-255,1484,10739,96,174489
6102,0.000112,172.31.47.0-255,66,10805,96,174489
6103,0.000153,172.31.47.0-255,66,10871,96,174489
6104,0.000158,74.125.200.0-255,4320,15191,96,174489
6105,0.000162,172.31.47.0-255,66,15257,96,174489
6106,0.000184,74.125.200.0-255,4320,19577,96,174489
6107,0.000191,172.31.47.0-255,66,19643,96,174489
6108,0.00021,74.125.200.0-255,3961,23604,96,174489
6109,0.000213,172.31.47.0-255,66,23670,96,174489
6110,0.000237,74.125.200.0-255,1484,25154,96,174489
6111,0.000239,172.31.47.0-255,66,25220,96,174489
6112,0.000268,74.125.200.0-255,2902,28122,96,174489
6113,0.000272,172.31.47.0-255,66,28188,96,174489
6114,0.000276,74.125.200.0-255,2902,31090,96,174489
6115,0.000279,172.31.47.0-255,66,31156,96,174489
6116,0.000283,74.125.200.0-255,2902,34058,96,174489
6117,0.000286,172.31.47.0-255,66,34124,96,174489
6118,0.000308,74.125.200.0-255,1484,35608,96,174489
6119,0.000313,172.31.47.0-255,66,35674,96,174489
6120,0.000317,74.125.200.0-255,2902,38576,96,174489
6121,0.00032,172.31.47.0-255,66,38642,96,174489
6122,0.000354,74.125.200.0-255,6797,45439,96,174489
6123,0.000358,172.31.47.0-255,66,45505,96,174489
6124,0.000363,74.125.200.0-255,4320,49825,96,174489
6125,0.000367,172.31.47.0-255,66,49891,96,174489
6126,0.000398,172.31.47.0-255,66,49957,96,174489
6127,0.00056,74.125.200.0-255,381,50338,96,174489
6128,0.000703,74.125.200.0-255,1484,51822,96,174489
6129,0.000708,172.31.47.0-255,66,51888,96,174489
6130,0.000713,74.125.200.0-255,2902,54790,96,174489
6131,0.000718,172.31.47.0-255,66,54856,96,174489
6132,0.000747,74.125.200.0-255,5738,60594,96,174489
6133,0.00075,172.31.47.0-255,66,60660,96,174489
6134,0.000758,74.125.200.0-255,6797,67457,96,174489
6135,0.00076,172.31.47.0-255,66,67523,96,174489
6136,0.000809,172.31.47.0-255,66,67589,96,174489
6137,0.000837,74.125.200.0-255,1484,69073,96,174489
6138,0.000842,74.125.200.0-255,2543,71616,96,174489
6139,0.000845,172.31.47.0-255,66,71682,96,174489
6140,0.001468,74.125.200.0-255,1484,73166,96,174489
6141,0.00148,74.125.200.0-255,2902,76068,96,174489
6142,0.001484,172.31.47.0-255,66,76134,96,174489
6143,0.001489,74.125.200.0-255,2902,79036,96,174489
6144,0.001491,172.31.47.0-255,66,79102,96,174489
6145,0.001555,74.125.200.0-255,4320,83422,96,174489
6146,0.00156,172.31.47.0-255,66,83488,96,174489
6147,0.001571,172.31.47.0-255,66,83554,96,174489
6148,0.001577,74.125.200.0-255,5738,89292,96,174489
6149,0.001579,172.31.47.0-255,66,89358,96,174489
6150,0.001586,74.125.200.0-255,7156,96514,96,174489
6151,0.001588,172.31.47.0-255,66,96580,96,174489
6152,0.001592,74.125.200.0-255,766,97346,96,174489
6153,0.002336,74.125.200.0-255,1484,98830,96,174489
6154,0.00234,172.31.47.0-255,66,98896,96,174489
6155,0.003865,74.125.200.0-255,2902,101798,96,174489
6156,0.003869,172.31.47.0-255,66,101864,96,174489
6157,0.00462,74.125.200.0-255,2902,104766,96,174489
6158,0.004622,172.31.47.0-255,66,104832,96,174489
6159,0.006146,74.125.200.0-255,2902,107734,96,174489
6160,0.006151,172.31.47.0-255,66,107800,96,174489
6161,0.006912,74.125.200.0-255,2902,110702,96,174489
6162,0.006917,172.31.47.0-255,66,110768,96,174489
6163,0.008437,74.125.200.0-255,2902,113670,96,174489
6164,0.008443,172.31.47.0-255,66,113736,96,174489
6165,0.009206,74.125.200.0-255,2902,116638,96,174489
6166,0.009212,172.31.47.0-255,66,116704,96,174489
6167,0.010724,74.125.200.0-255,2902,119606,96,174489
6168,0.01073,172.31.47.0-255,66,119672,96,174489
6169,0.011502,74.125.200.0-255,2902,122574,96,174489
6170,0.011509,172.31.47.0-255,66,122640,96,174489
6171,0.013024,74.125.200.0-255,2902,125542,96,174489
6172,0.013038,172.31.47.0-255,66,125608,96,174489
6173,0.013791,74.125.200.0-255,2902,128510,96,174489
6174,0.013798,172.31.47.0-255,66,128576,96,174489
6175,0.015333,74.125.200.0-255,2902,131478,96,174489
6176,0.015342,172.31.47.0-255,66,131544,96,174489
6177,0.016091,74.125.200.0-255,2902,134446,96,174489
6178,0.016097,172.31.47.0-255,66,134512,96,174489
6179,0.017635,74.125.200.0-255,2902,137414,96,174489
6180,0.017642,172.31.47.0-255,66,137480,96,174489
6181,0.018382,74.125.200.0-255,2902,140382,96,174489
6182,0.018388,172.31.47.0-255,66,140448,96,174489
6183,0.019933,74.125.200.0-255,2902,143350,96,174489
6184,0.019941,172.31.47.0-255,66,143416,96,174489
6185,0.020691,74.125.200.0-255,2902,146318,96,174489
6186,0.020697,172.31.47.0-255,66,146384,96,174489
6187,0.022231,74.125.200.0-255,2902,149286,96,174489
6188,0.022237,172.31.47.0-255,66,149352,96,174489
6189,0.022989,74.125.200.0-255,2902,152254,96,174489
6190,0.022996,172.31.47.0-255,66,152320,96,174489
6191,0.024545,74.125.200.0-255,2902,155222,96,174489
6192,0.024551,172.31.47.0-255,66,155288,96,174489
6193,0.024907,172.31.47.0-255,172,155460,96,174489
6194,0.024949,172.31.47.0-255,1105,156565,96,174489
6195,0.025028,172.31.47.0-255,1514,158079,96,174489
6196,0.025052,172.31.47.0-255,1306,159385,96,174489
6197,0.025285,74.125.200.0-255,2902,162287,96,174489
6198,0.025291,172.31.47.0-255,66,162353,96,174489
6199,0.026417,104.244.42.0-255,66,162419,96,174489
6200,0.026521,104.244.42.0-255,66,162485,96,174489
6201,0.02657,104.244.42.0-255,66,162551,96,174489
6202,0.026618,104.244.42.0-255,66,162617,96,174489
6203,0.026845,74.125.200.0-255,2902,165519,96,174489
6204,0.02685,172.31.47.0-255,66,165585,96,174489
6205,0.027581,74.125.200.0-255,2902,168487,96,174489
6206,0.027588,172.31.47.0-255,66,168553,96,174489
6207,0.02914,74.125.200.0-255,2902,171455,96,174489
6208,0.029145,172.31.47.0-255,66,171521,96,174489
6209,0.029883,74.125.200.0-255,2902,174423,96,174489
6210,0.029888,172.31.47.0-255,66,174489,96,174489
6211,0.0,74.125.24.0-255,153,153,96,186176
6212,1.4e-05,172.31.47.0-255,66,219,96,186176
6213,2.1e-05,74.125.24.0-255,1484,1703,96,186176
6214,2.5e-05,172.31.47.0-255,66,1769,96,186176
6215,3.8e-05,74.125.24.0-255,2902,4671,96,186176
6216,4.1e-05,172.31.47.0-255,66,4737,96,186176
6217,7e-05,74.125.24.0-255,2902,7639,96,186176
6218,7.2e-05,172.31.47.0-255,66,7705,96,186176
6219,9.4e-05,74.125.24.0-255,4320,12025,96,186176
6220,9.6e-05,172.31.47.0-255,66,12091,96,186176
6221,0.000187,74.125.24.0-255,1957,14048,96,186176
6222,0.000192,172.31.47.0-255,66,14114,96,186176
6223,0.00021,74.125.24.0-255,2902,17016,96,186176
6224,0.000213,172.31.47.0-255,66,17082,96,186176
6225,0.000252,74.125.24.0-255,4320,21402,96,186176
6226,0.000255,172.31.47.0-255,66,21468,96,186176
6227,0.000281,74.125.24.0-255,2902,24370,96,186176
6228,0.000284,172.31.47.0-255,66,24436,96,186176
6229,0.000376,74.125.24.0-255,6797,31233,96,186176
6230,0.00038,172.31.47.0-255,66,31299,96,186176
6231,0.000482,74.125.24.0-255,7156,38455,96,186176
6232,0.000485,172.31.47.0-255,66,38521,96,186176
6233,0.000597,74.125.24.0-255,5738,44259,96,186176
6234,0.0006,172.31.47.0-255,66,44325,96,186176
6235,0.000635,172.31.47.0-255,66,44391,96,186176
6236,0.000842,74.125.24.0-255,4320,48711,96,186176
6237,0.000846,172.31.47.0-255,66,48777,96,186176
6238,0.000871,74.125.24.0-255,6797,55574,96,186176
6239,0.000874,172.31.47.0-255,66,55640,96,186176
6240,0.001,74.125.24.0-255,411,56051,96,186176
6241,0.001004,172.31.47.0-255,66,56117,96,186176
6242,0.001029,74.125.24.0-255,2902,59019,96,186176
6243,0.001031,172.31.47.0-255,78,59097,96,186176
6244,0.001034,74.125.24.0-255,332,59429,96,186176
6245,0.001058,172.31.47.0-255,66,59495,96,186176
6246,0.001083,74.125.24.0-255,7156,66651,96,186176
6247,0.001089,172.31.47.0-255,66,66717,96,186176
6248,0.00121,172.31.47.0-255,66,66783,96,186176
6249,0.001229,74.125.24.0-255,4320,71103,96,186176
6250,0.001273,172.31.47.0-255,66,71169,96,186176
6251,0.001476,172.31.47.0-255,66,71235,96,186176
6252,0.001572,74.125.24.0-255,4320,75555,96,186176
6253,0.001588,74.125.24.0-255,4320,79875,96,186176
6254,0.00172,74.125.24.0-255,5738,85613,96,186176
6255,0.001754,74.125.24.0-255,4320,89933,96,186176
6256,0.002022,74.125.24.0-255,4320,94253,96,186176
6257,0.00237,74.125.24.0-255,7156,101409,96,186176
6258,0.002425,74.125.24.0-255,6438,107847,96,186176
6259,0.002973,74.125.24.0-255,4320,112167,96,186176
6260,0.003693,172.31.47.0-255,66,112233,96,186176
6261,0.005729,74.125.24.0-255,5738,117971,96,186176
6262,0.005734,172.31.47.0-255,66,118037,96,186176
6263,0.007752,74.125.24.0-255,5738,123775,96,186176
6264,0.007759,172.31.47.0-255,66,123841,96,186176
6265,0.009756,74.125.24.0-255,5738,129579,96,186176
6266,0.009763,172.31.47.0-255,66,129645,96,186176
6267,0.01183,74.125.24.0-255,5738,135383,96,186176
6268,0.011836,172.31.47.0-255,66,135449,96,186176
6269,0.013849,74.125.24.0-255,5738,141187,96,186176
6270,0.013856,172.31.47.0-255,66,141253,96,186176
6271,0.015944,74.125.24.0-255,5738,146991,96,186176
6272,0.015955,172.31.47.0-255,66,147057,96,186176
6273,0.018047,74.125.24.0-255,5738,152795,96,186176
6274,0.018056,172.31.47.0-255,66,152861,96,186176
6275,0.020104,74.125.24.0-255,5738,158599,96,186176
6276,0.020114,172.31.47.0-255,66,158665,96,186176
6277,0.022141,74.125.24.0-255,5738,164403,96,186176
6278,0.02215,172.31.47.0-255,66,164469,96,186176
6279,0.024161,74.125.24.0-255,5738,170207,96,186176
6280,0.024168,172.31.47.0-255,66,170273,96,186176
6281,0.026202,74.125.24.0-255,5738,176011,96,186176
6282,0.026208,172.31.47.0-255,66,176077,96,186176
6283,0.027406,172.31.47.0-255,172,176249,96,186176
6284,0.027436,172.31.47.0-255,1109,177358,96,186176
6285,0.027496,172.31.47.0-255,1514,178872,96,186176
6286,0.027498,172.31.47.0-255,1302,180174,96,186176
6287,0.028254,74.125.24.0-255,5738,185912,96,186176
6288,0.028261,172.31.47.0-255,66,185978,96,186176
6289,0.02895,104.244.42.0-255,66,186044,96,186176
6290,0.028994,104.244.42.0-255,66,186110,96,186176
6291,0.029035,104.244.42.0-255,66,186176,96,186176
6292,0.0,74.125.130.0-255,153,153,96,377180
6293,3e-05,172.31.47.0-255,66,219,96,377180
6294,3.6e-05,74.125.130.0-255,1484,1703,96,377180
6295,4.1e-05,172.31.47.0-255,66,1769,96,377180
6296,4.3e-05,74.125.130.0-255,1484,3253,96,377180
6297,4.6e-05,172.31.47.0-255,66,3319,96,377180
6298,5.1e-05,74.125.130.0-255,2902,6221,96,377180
6299,5.4e-05,172.31.47.0-255,66,6287,96,377180
6300,8.6e-05,74.125.130.0-255,5738,12025,96,377180
6301,8.9e-05,172.31.47.0-255,66,12091,96,377180
6302,9.2e-05,74.125.130.0-255,2172,14263,96,377180
6303,9.4e-05,172.31.47.0-255,66,14329,96,377180
6304,0.000109,74.125.130.0-255,1484,15813,96,377180
6305,0.000112,172.31.47.0-255,66,15879,96,377180
6306,0.000137,74.125.130.0-255,1484,17363,96,377180
6307,0.000139,172.31.47.0-255,66,17429,96,377180
6308,0.000145,74.125.130.0-255,5738,23167,96,377180
6309,0.000147,172.31.47.0-255,66,23233,96,377180
6310,0.000164,74.125.130.0-255,1484,24717,96,377180
6311,0.000167,172.31.47.0-255,66,24783,96,377180
6312,0.000184,74.125.130.0-255,5738,30521,96,377180
6313,0.000186,172.31.47.0-255,66,30587,96,377180
6314,0.000189,74.125.130.0-255,1125,31712,96,377180
6315,0.00019,172.31.47.0-255,66,31778,96,377180
6316,0.000464,74.125.130.0-255,1484,33262,96,377180
6317,0.00047,172.31.47.0-255,66,33328,96,377180
6318,0.000495,74.125.130.0-255,2902,36230,96,377180
6319,0.000499,172.31.47.0-255,66,36296,96,377180
6320,0.000516,74.125.130.0-255,1484,37780,96,377180
6321,0.000518,172.31.47.0-255,66,37846,96,377180
6322,0.000536,74.125.130.0-255,2902,40748,96,377180
6323,0.000538,172.31.47.0-255,66,40814,96,377180
6324,0.000545,74.125.130.0-255,4320,45134,96,377180
6325,0.000562,172.31.47.0-255,66,45200,96,377180
6326,0.000563,74.125.130.0-255,1484,46684,96,377180
6327,0.000585,74.125.130.0-255,6797,53481,96,377180
6328,0.00059,74.125.130.0-255,2902,56383,96,377180
6329,0.000597,172.31.47.0-255,66,56449,96,377180
6330,0.000603,74.125.130.0-255,2902,59351,96,377180
6331,0.000606,74.125.130.0-255,1484,60835,96,377180
6332,0.000609,172.31.47.0-255,66,60901,96,377180
6333,0.000624,74.125.130.0-255,5668,66569,96,377180
6334,0.000632,172.31.47.0-255,66,66635,96,377180
6335,0.00072,74.125.130.0-255,366,67001,96,377180
6336,0.000802,172.31.47.0-255,66,67067,96,377180
6337,0.000978,74.125.130.0-255,1484,68551,96,377180
6338,0.000986,74.125.130.0-255,1484,70035,96,377180
6339,0.001008,74.125.130.0-255,2902,72937,96,377180
6340,0.00104,74.125.130.0-255,5738,78675,96,377180
6341,0.001043,74.125.130.0-255,1484,80159,96,377180
6342,0.001069,74.125.130.0-255,2902,83061,96,377180
6343,0.001091,74.125.130.0-255,2902,85963,96,377180
6344,0.00111,74.125.130.0-255,2902,88865,96,377180
6345,0.001131,74.125.130.0-255,4320,93185,96,377180
6346,0.001146,74.125.130.0-255,2902,96087,96,377180
6347,0.00115,74.125.130.0-255,2902,98989,96,377180
6348,0.001198,74.125.130.0-255,2184,101173,96,377180
6349,0.001312,74.125.130.0-255,1484,102657,96,377180
6350,0.001331,74.125.130.0-255,2902,105559,96,377180
6351,0.001355,74.125.130.0-255,5738,111297,96,377180
6352,0.00136,74.125.130.0-255,2902,114199,96,377180
6353,0.001365,74.125.130.0-255,4320,118519,96,377180
6354,0.001386,74.125.130.0-255,4320,122839,96,377180
6355,0.001403,74.125.130.0-255,4320,127159,96,377180
6356,0.001408,74.125.130.0-255,4320,131479,96,377180
6357,0.001458,74.125.130.0-255,3602,135081,96,377180
6358,0.001472,74.125.130.0-255,2902,137983,96,377180
6359,0.001484,74.125.130.0-255,1484,139467,96,377180
6360,0.001523,74.125.130.0-255,5738,145205,96,377180
6361,0.001534,74.125.130.0-255,1484,146689,96,377180
6362,0.001549,74.125.130.0-255,7156,153845,96,377180
6363,0.001558,74.125.130.0-255,1484,155329,96,377180
6364,0.001561,74.125.130.0-255,1484,156813,96,377180
6365,0.001603,74.125.130.0-255,2902,159715,96,377180
6366,0.001637,74.125.130.0-255,766,160481,96,377180
6367,0.001746,74.125.130.0-255,1484,161965,96,377180
6368,0.001755,74.125.130.0-255,1484,163449,96,377180
6369,0.001765,74.125.130.0-255,1484,164933,96,377180
6370,0.001804,74.125.130.0-255,5738,170671,96,377180
6371,0.001824,74.125.130.0-255,6248,176919,96,377180
6372,0.001824,172.31.47.0-255,66,176985,96,377180
6373,0.001829,172.31.47.0-255,66,177051,96,377180
6374,0.001857,74.125.130.0-255,4320,181371,96,377180
6375,0.001873,74.125.130.0-255,2902,184273,96,377180
6376,0.001875,172.31.47.0-255,66,184339,96,377180
6377,0.001876,74.125.130.0-255,2902,187241,96,377180
6378,0.001881,172.31.47.0-255,66,187307,96,377180
6379,0.001904,74.125.130.0-255,5738,193045,96,377180
6380,0.001913,172.31.47.0-255,66,193111,96,377180
6381,0.001921,74.125.130.0-255,5738,198849,96,377180
6382,0.001924,172.31.47.0-255,66,198915,96,377180
6383,0.001926,74.125.130.0-255,4320,203235,96,377180
6384,0.001935,172.31.47.0-255,66,203301,96,377180
6385,0.001969,74.125.130.0-255,2902,206203,96,377180
6386,0.001975,172.31.47.0-255,66,206269,96,377180
6387,0.001984,74.125.130.0-255,5020,211289,96,377180
6388,0.001993,172.31.47.0-255,66,211355,96,377180
6389,0.002566,74.125.130.0-255,1484,212839,96,377180
6390,0.002584,74.125.130.0-255,1484,214323,96,377180
6391,0.002588,172.31.47.0-255,66,214389,96,377180
6392,0.002598,74.125.130.0-255,1484,215873,96,377180
6393,0.002601,74.125.130.0-255,1484,217357,96,377180
6394,0.002609,172.31.47.0-255,66,217423,96,377180
6395,0.002614,74.125.130.0-255,4320,221743,96,377180
6396,0.002617,74.125.130.0-255,1484,223227,96,377180
6397,0.002622,172.31.47.0-255,66,223293,96,377180
6398,0.002626,74.125.130.0-255,1484,224777,96,377180
6399,0.002629,74.125.130.0-255,1484,226261,96,377180
6400,0.002631,74.125.130.0-255,1484,227745,96,377180
6401,0.002636,172.31.47.0-255,66,227811,96,377180
6402,0.00268,74.125.130.0-255,2902,230713,96,377180
6403,0.002681,172.31.47.0-255,66,230779,96,377180
6404,0.002685,172.31.47.0-255,66,230845,96,377180
6405,0.002691,74.125.130.0-255,1484,232329,96,377180
6406,0.00274,74.125.130.0-255,5020,237349,96,377180
6407,0.002744,172.31.47.0-255,66,237415,96,377180
6408,0.00293,74.125.130.0-255,1484,238899,96,377180
6409,0.00295,74.125.130.0-255,2902,241801,96,377180
6410,0.002953,172.31.47.0-255,66,241867,96,377180
6411,0.002958,74.125.130.0-255,4320,246187,96,377180
6412,0.002965,172.31.47.0-255,66,246253,96,377180
6413,0.00297,74.125.130.0-255,1484,247737,96,377180
6414,0.002972,74.125.130.0-255,1484,249221,96,377180
6415,0.002985,74.125.130.0-255,4320,253541,96,377180
6416,0.002984,172.31.47.0-255,66,253607,96,377180
6417,0.002988,172.31.47.0-255,66,253673,96,377180
6418,0.00301,74.125.130.0-255,4320,257993,96,377180
6419,0.003016,172.31.47.0-255,66,258059,96,377180
6420,0.003027,74.125.130.0-255,2543,260602,96,377180
6421,0.003029,74.125.130.0-255,1484,262086,96,377180
6422,0.003031,172.31.47.0-255,66,262152,96,377180
6423,0.003031,74.125.130.0-255,1484,263636,96,377180
6424,0.003044,74.125.130.0-255,1484,265120,96,377180
6425,0.003045,172.31.47.0-255,66,265186,96,377180
6426,0.003058,74.125.130.0-255,1484,266670,96,377180
6427,0.003066,172.31.47.0-255,66,266736,96,377180
6428,0.003079,74.125.130.0-255,4320,271056,96,377180
6429,0.003082,74.125.130.0-255,1484,272540,96,377180
6430,0.003084,74.125.130.0-255,1484,274024,96,377180
6431,0.003087,74.125.130.0-255,2902,276926,96,377180
6432,0.003088,172.31.47.0-255,66,276992,96,377180
6433,0.003091,172.31.47.0-255,66,277058,96,377180
6434,0.003101,74.125.130.0-255,1484,278542,96,377180
6435,0.00312,74.125.130.0-255,4320,282862,96,377180
6436,0.003123,74.125.130.0-255,1484,284346,96,377180
6437,0.00313,172.31.47.0-255,66,284412,96,377180
6438,0.003139,74.125.130.0-255,2902,287314,96,377180
6439,0.003141,74.125.130.0-255,1484,288798,96,377180
6440,0.003152,172.31.47.0-255,66,288864,96,377180
6441,0.003166,74.125.130.0-255,766,289630,96,377180
6442,0.003316,74.125.130.0-255,1484,291114,96,377180
6443,0.003319,172.31.47.0-255,66,291180,96,377180
6444,0.003322,74.125.130.0-255,1484,292664,96,377180
6445,0.003337,74.125.130.0-255,2902,295566,96,377180
6446,0.003342,172.31.47.0-255,66,295632,96,377180
6447,0.003362,74.125.130.0-255,5738,301370,96,377180
6448,0.003365,172.31.47.0-255,66,301436,96,377180
6449,0.00339,74.125.130.0-255,4320,305756,96,377180
6450,0.003394,172.31.47.0-255,66,305822,96,377180
6451,0.003405,74.125.130.0-255,4320,310142,96,377180
6452,0.003407,74.125.130.0-255,1484,311626,96,377180
6453,0.003413,172.31.47.0-255,66,311692,96,377180
6454,0.003427,74.125.130.0-255,1484,313176,96,377180
6455,0.003428,172.31.47.0-255,66,313242,96,377180
6456,0.003441,74.125.130.0-255,2184,315426,96,377180
6457,0.003443,74.125.130.0-255,1484,316910,96,377180
6458,0.00345,172.31.47.0-255,66,316976,96,377180
6459,0.003465,74.125.130.0-255,2902,319878,96,377180
6460,0.003475,172.31.47.0-255,66,319944,96,377180
6461,0.003477,74.125.130.0-255,1484,321428,96,377180
6462,0.003506,172.31.47.0-255,66,321494,96,377180
6463,0.003511,74.125.130.0-255,5738,327232,96,377180
6464,0.003517,172.31.47.0-255,66,327298,96,377180
6465,0.003529,74.125.130.0-255,5738,333036,96,377180
6466,0.003531,172.31.47.0-255,66,333102,96,377180
6467,0.003536,74.125.130.0-255,5738,338840,96,377180
6468,0.003546,172.31.47.0-255,66,338906,96,377180
6469,0.003549,74.125.130.0-255,2184,341090,96,377180
6470,0.003557,172.31.47.0-255,66,341156,96,377180
6471,0.003569,74.125.130.0-255,1484,342640,96,377180
6472,0.003582,74.125.130.0-255,7156,349796,96,377180
6473,0.003586,74.125.130.0-255,4320,354116,96,377180
6474,0.003594,172.31.47.0-255,66,354182,96,377180
6475,0.003621,74.125.130.0-255,4320,358502,96,377180
6476,0.003631,172.31.47.0-255,66,358568,96,377180
6477,0.00365,172.31.47.0-255,66,358634,96,377180
6478,0.003651,74.125.130.0-255,1484,360118,96,377180
6479,0.003655,74.125.130.0-255,5738,365856,96,377180
6480,0.003664,172.31.47.0-255,66,365922,96,377180
6481,0.003667,74.125.130.0-255,766,366688,96,377180
6482,0.003997,74.125.130.0-255,1484,368172,96,377180
6483,0.004001,172.31.47.0-255,66,368238,96,377180
6484,0.004005,74.125.130.0-255,2902,371140,96,377180
6485,0.004012,172.31.47.0-255,66,371206,96,377180
6486,0.004037,74.125.130.0-255,5566,376772,96,377180
6487,0.004041,172.31.47.0-255,66,376838,96,377180
6488,0.004087,74.125.130.0-255,105,376943,96,377180
6489,0.004241,172.31.47.0-255,66,377009,96,377180
6490,0.004263,172.31.47.0-255,105,377114,96,377180
6491,0.006766,74.125.130.0-255,66,377180,96,377180
6492,0.0,74.125.24.0-255,152,152,96,196600
6493,2.2e-05,172.31.47.0-255,66,218,96,196600
6494,2.8e-05,74.125.24.0-255,1484,1702,96,196600
6495,3.1e-05,172.31.47.0-255,66,1768,96,196600
6496,5.6e-05,74.125.24.0-255,2902,4670,96,196600
6497,5.9e-05,172.31.47.0-255,66,4736,96,196600
6498,6.5e-05,74.125.24.0-255,5738,10474,96,196600
6499,6.7e-05,172.31.47.0-255,66,10540,96,196600
6500,0.000106,74.125.24.0-255,3463,14003,96,196600
6501,0.000109,172.31.47.0-255,66,14069,96,196600
6502,0.000146,74.125.24.0-255,4320,18389,96,196600
6503,0.000149,172.31.47.0-255,66,18455,96,196600
6504,0.000153,74.125.24.0-255,2902,21357,96,196600
6505,0.000155,172.31.47.0-255,66,21423,96,196600
6506,0.00017,74.125.24.0-255,1484,22907,96,196600
6507,0.000172,172.31.47.0-255,66,22973,96,196600
6508,0.0002,74.125.24.0-255,7156,30129,96,196600
6509,0.000207,172.31.47.0-255,66,30195,96,196600
6510,0.000209,74.125.24.0-255,1125,31320,96,196600
6511,0.000211,172.31.47.0-255,66,31386,96,196600
6512,0.000358,74.125.24.0-255,1484,32870,96,196600
6513,0.000362,172.31.47.0-255,66,32936,96,196600
6514,0.000385,74.125.24.0-255,2902,35838,96,196600
6515,0.000388,172.31.47.0-255,66,35904,96,196600
6516,0.000393,74.125.24.0-255,5738,41642,96,196600
6517,0.000395,172.31.47.0-255,66,41708,96,196600
6518,0.000432,172.31.47.0-255,66,41774,96,196600
6519,0.000458,74.125.24.0-255,2543,44317,96,196600
6520,0.00046,172.31.47.0-255,66,44383,96,196600
6521,0.000472,172.31.47.0-255,66,44449,96,196600
6522,0.000479,74.125.24.0-255,1436,45885,96,196600
6523,0.000502,74.125.24.0-255,374,46259,96,196600
6524,0.000507,172.31.47.0-255,66,46325,96,196600
6525,0.001145,74.125.24.0-255,1484,47809,96,196600
6526,0.001153,74.125.24.0-255,1484,49293,96,196600
6527,0.001156,172.31.47.0-255,66,49359,96,196600
6528,0.001178,74.125.24.0-255,1484,50843,96,196600
6529,0.001183,74.125.24.0-255,4320,55163,96,196600
6530,0.001195,74.125.24.0-255,1484,56647,96,196600
6531,0.001204,74.125.24.0-255,1484,58131,96,196600
6532,0.001218,74.125.24.0-255,5738,63869,96,196600
6533,0.001241,74.125.24.0-255,5738,69607,96,196600
6534,0.001247,74.125.24.0-255,4320,73927,96,196600
6535,0.001265,74.125.24.0-255,6438,80365,96,196600
6536,0.001324,74.125.24.0-255,1484,81849,96,196600
6537,0.001336,74.125.24.0-255,2902,84751,96,196600
6538,0.001354,74.125.24.0-255,5738,90489,96,196600
6539,0.001376,74.125.24.0-255,2902,93391,96,196600
6540,0.001434,74.125.24.0-255,2184,95575,96,196600
6541,0.001794,74.125.24.0-255,1484,97059,96,196600
6542,0.00184,74.125.24.0-255,2902,99961,96,196600
6543,0.001845,74.125.24.0-255,5738,105699,96,196600
6544,0.001873,74.125.24.0-255,2902,108601,96,196600
6545,0.001907,74.125.24.0-255,1484,110085,96,196600
6546,0.002345,74.125.24.0-255,1484,111569,96,196600
6547,0.002362,74.125.24.0-255,2902,114471,96,196600
6548,0.002367,74.125.24.0-255,4320,118791,96,196600
6549,0.002375,74.125.24.0-255,1484,120275,96,196600
6550,0.002398,74.125.24.0-255,2902,123177,96,196600
6551,0.00243,74.125.24.0-255,1484,124661,96,196600
6552,0.002435,74.125.24.0-255,4320,128981,96,196600
6553,0.002453,74.125.24.0-255,4320,133301,96,196600
6554,0.002485,74.125.24.0-255,2184,135485,96,196600
6555,0.00337,172.31.47.0-255,66,135551,96,196600
6556,0.005941,74.125.24.0-255,4320,139871,96,196600
6557,0.005946,172.31.47.0-255,66,139937,96,196600
6558,0.005976,74.125.24.0-255,1484,141421,96,196600
6559,0.0085,74.125.24.0-255,4320,145741,96,196600
6560,0.008507,172.31.47.0-255,66,145807,96,196600
6561,0.011055,74.125.24.0-255,5738,151545,96,196600
6562,0.011095,172.31.47.0-255,66,151611,96,196600
6563,0.013648,74.125.24.0-255,5738,157349,96,196600
6564,0.013654,172.31.47.0-255,66,157415,96,196600
6565,0.016216,74.125.24.0-255,5738,163153,96,196600
6566,0.016222,172.31.47.0-255,66,163219,96,196600
6567,0.018759,74.125.24.0-255,5738,168957,96,196600
6568,0.018768,172.31.47.0-255,66,169023,96,196600
6569,0.021328,74.125.24.0-255,5738,174761,96,196600
6570,0.021337,172.31.47.0-255,66,174827,96,196600
6571,0.023893,74.125.24.0-255,5738,180565,96,196600
6572,0.023901,172.31.47.0-255,66,180631,96,196600
6573,0.026484,74.125.24.0-255,2902,183533,96,196600
6574,0.02649,172.31.47.0-255,66,183599,96,196600
6575,0.026519,74.125.24.0-255,2902,186501,96,196600
6576,0.026545,172.31.47.0-255,66,186567,96,196600
6577,0.028646,172.31.47.0-255,172,186739,96,196600
6578,0.028705,172.31.47.0-255,1110,187849,96,196600
6579,0.028773,172.31.47.0-255,1514,189363,96,196600
6580,0.028775,172.31.47.0-255,1301,190664,96,196600
6581,0.029018,74.125.24.0-255,2902,193566,96,196600
6582,0.029024,172.31.47.0-255,66,193632,96,196600
6583,0.029099,74.125.24.0-255,2902,196534,96,196600
6584,0.029124,172.31.47.0-255,66,196600,96,196600
6585,0.0,74.125.24.0-255,146,146,96,172283
6586,1.5e-05,172.31.47.0-255,66,212,96,172283
6587,2.1e-05,74.125.24.0-255,1484,1696,96,172283
6588,2.6e-05,172.31.47.0-255,66,1762,96,172283
6589,3.1e-05,74.125.24.0-255,2902,4664,96,172283
6590,3.4e-05,172.31.47.0-255,66,4730,96,172283
6591,3.8e-05,74.125.24.0-255,2902,7632,96,172283
6592,4e-05,172.31.47.0-255,66,7698,96,172283
6593,6.2e-05,74.125.24.0-255,4320,12018,96,172283
6594,6.5e-05,172.31.47.0-255,66,12084,96,172283
6595,6.8e-05,74.125.24.0-255,2148,14232,96,172283
6596,7e-05,172.31.47.0-255,66,14298,96,172283
6597,0.000718,74.125.24.0-255,1484,15782,96,172283
6598,0.000724,172.31.47.0-255,66,15848,96,172283
6599,0.000733,74.125.24.0-255,2902,18750,96,172283
6600,0.000735,172.31.47.0-255,66,18816,96,172283
6601,0.000742,74.125.24.0-255,5738,24554,96,172283
6602,0.000743,172.31.47.0-255,66,24620,96,172283
6603,0.000772,74.125.24.0-255,6797,31417,96,172283
6604,0.000775,172.31.47.0-255,66,31483,96,172283
6605,0.000789,74.125.24.0-255,4320,35803,96,172283
6606,0.000792,172.31.47.0-255,66,35869,96,172283
6607,0.000825,172.31.47.0-255,66,35935,96,172283
6608,0.00083,74.125.24.0-255,2543,38478,96,172283
6609,0.000832,172.31.47.0-255,66,38544,96,172283
6610,0.001495,74.125.24.0-255,1484,40028,96,172283
6611,0.001501,172.31.47.0-255,66,40094,96,172283
6612,0.001507,74.125.24.0-255,2902,42996,96,172283
6613,0.001509,172.31.47.0-255,66,43062,96,172283
6614,0.00156,74.125.24.0-255,5738,48800,96,172283
6615,0.001562,172.31.47.0-255,66,48866,96,172283
6616,0.001574,172.31.47.0-255,66,48932,96,172283
6617,0.001589,74.125.24.0-255,5379,54311,96,172283
6618,0.001592,172.31.47.0-255,66,54377,96,172283
6619,0.001624,74.125.24.0-255,1484,55861,96,172283
6620,0.001627,172.31.47.0-255,66,55927,96,172283
6621,0.001652,172.31.47.0-255,66,55993,96,172283
6622,0.001658,74.125.24.0-255,4320,60313,96,172283
6623,0.00166,172.31.47.0-255,66,60379,96,172283
6624,0.001677,74.125.24.0-255,7156,67535,96,172283
6625,0.00168,172.31.47.0-255,66,67601,96,172283
6626,0.001686,74.125.24.0-255,5379,72980,96,172283
6627,0.001689,172.31.47.0-255,66,73046,96,172283
6628,0.002304,74.125.24.0-255,1484,74530,96,172283
6629,0.002309,172.31.47.0-255,66,74596,96,172283
6630,0.002316,74.125.24.0-255,2902,77498,96,172283
6631,0.002318,172.31.47.0-255,66,77564,96,172283
6632,0.002325,74.125.24.0-255,5738,83302,96,172283
6633,0.002327,172.31.47.0-255,66,83368,96,172283
6634,0.002354,74.125.24.0-255,7156,90524,96,172283
6635,0.002357,172.31.47.0-255,66,90590,96,172283
6636,0.00238,74.125.24.0-255,5738,96328,96,172283
6637,0.002383,172.31.47.0-255,66,96394,96,172283
6638,0.00239,74.125.24.0-255,4320,100714,96,172283
6639,0.002392,172.31.47.0-255,66,100780,96,172283
6640,0.002408,74.125.24.0-255,2902,103682,96,172283
6641,0.002411,172.31.47.0-255,66,103748,96,172283
6642,0.004752,74.125.24.0-255,5738,109486,96,172283
6643,0.004758,172.31.47.0-255,66,109552,96,172283
6644,0.007102,74.125.24.0-255,5738,115290,96,172283
6645,0.00711,172.31.47.0-255,66,115356,96,172283
6646,0.009467,74.125.24.0-255,5738,121094,96,172283
6647,0.009475,172.31.47.0-255,66,121160,96,172283
6648,0.011834,74.125.24.0-255,4320,125480,96,172283
6649,0.011841,172.31.47.0-255,66,125546,96,172283
6650,0.011862,74.125.24.0-255,1484,127030,96,172283
6651,0.011864,172.31.47.0-255,66,127096,96,172283
6652,0.014177,74.125.24.0-255,4320,131416,96,172283
6653,0.014186,172.31.47.0-255,66,131482,96,172283
6654,0.014212,74.125.24.0-255,1484,132966,96,172283
6655,0.014215,172.31.47.0-255,66,133032,96,172283
6656,0.016524,74.125.24.0-255,4320,137352,96,172283
6657,0.01653,172.31.47.0-255,66,137418,96,172283
6658,0.016548,74.125.24.0-255,1484,138902,96,172283
6659,0.01655,172.31.47.0-255,66,138968,96,172283
6660,0.018892,74.125.24.0-255,5738,144706,96,172283
6661,0.018901,172.31.47.0-255,66,144772,96,172283
6662,0.020982,172.31.47.0-255,172,144944,96,172283
6663,0.021009,172.31.47.0-255,1101,146045,96,172283
6664,0.021068,172.31.47.0-255,1514,147559,96,172283
6665,0.02107,172.31.47.0-255,1310,148869,96,172283
6666,0.021268,74.125.24.0-255,5738,154607,96,172283
6667,0.021274,172.31.47.0-255,66,154673,96,172283
6668,0.022513,104.244.42.0-255,66,154739,96,172283
6669,0.022565,104.244.42.0-255,66,154805,96,172283
6670,0.022605,104.244.42.0-255,66,154871,96,172283
6671,0.023639,74.125.24.0-255,5738,160609,96,172283
6672,0.023647,172.31.47.0-255,66,160675,96,172283
6673,0.026021,74.125.24.0-255,5738,166413,96,172283
6674,0.02603,172.31.47.0-255,66,166479,96,172283
6675,0.028401,74.125.24.0-255,5738,172217,96,172283
6676,0.028408,172.31.47.0-255,66,172283,96,172283
6677,0.0,172.217.194.0-255,298,298,96,194577
6678,4e-05,172.31.47.0-255,66,364,96,194577
6679,4.8e-05,172.217.194.0-255,1484,1848,96,194577
6680,5.3e-05,172.31.47.0-255,66,1914,96,194577
6681,5.9e-05,172.217.194.0-255,4320,6234,96,194577
6682,6.2e-05,172.31.47.0-255,66,6300,96,194577
6683,8e-05,172.31.47.0-255,66,6366,96,194577
6684,0.000207,172.217.194.0-255,1484,7850,96,194577
6685,0.000211,172.31.47.0-255,66,7916,96,194577
6686,0.00024,172.217.194.0-255,2902,10818,96,194577
6687,0.000242,172.31.47.0-255,66,10884,96,194577
6688,0.00025,172.217.194.0-255,5738,16622,96,194577
6689,0.000253,172.31.47.0-255,66,16688,96,194577
6690,0.00029,172.217.194.0-255,6797,23485,96,194577
6691,0.000295,172.31.47.0-255,66,23551,96,194577
6692,0.000313,172.31.47.0-255,66,23617,96,194577
6693,0.000317,172.217.194.0-255,2543,26160,96,194577
6694,0.000319,172.31.47.0-255,66,26226,96,194577
6695,0.000324,172.217.194.0-255,2902,29128,96,194577
6696,0.000327,172.31.47.0-255,66,29194,96,194577
6697,0.000331,172.217.194.0-255,2902,32096,96,194577
6698,0.000334,172.31.47.0-255,66,32162,96,194577
6699,0.000367,172.217.194.0-255,4320,36482,96,194577
6700,0.00037,172.31.47.0-255,66,36548,96,194577
6701,0.000378,172.217.194.0-255,7049,43597,96,194577
6702,0.000381,172.31.47.0-255,66,43663,96,194577
6703,0.000384,172.217.194.0-255,433,44096,96,194577
6704,0.000385,172.31.47.0-255,66,44162,96,194577
6705,0.000509,172.217.194.0-255,1484,45646,96,194577
6706,0.000513,172.31.47.0-255,66,45712,96,194577
6707,0.000518,172.217.194.0-255,2902,48614,96,194577
6708,0.00052,172.31.47.0-255,66,48680,96,194577
6709,0.000556,172.217.194.0-255,5738,54418,96,194577
6710,0.000559,172.31.47.0-255,66,54484,96,194577
6711,0.000567,172.217.194.0-255,6797,61281,96,194577
6712,0.000569,172.31.47.0-255,66,61347,96,194577
6713,0.000601,172.217.194.0-255,7156,68503,96,194577
6714,0.000604,172.31.47.0-255,66,68569,96,194577
6715,0.000631,172.31.47.0-255,66,68635,96,194577
6716,0.000657,172.217.194.0-255,1125,69760,96,194577
6717,0.001076,172.217.194.0-255,1484,71244,96,194577
6718,0.001081,172.31.47.0-255,66,71310,96,194577
6719,0.001086,172.217.194.0-255,2902,74212,96,194577
6720,0.001089,172.31.47.0-255,66,74278,96,194577
6721,0.001093,172.217.194.0-255,2902,77180,96,194577
6722,0.001102,172.31.47.0-255,66,77246,96,194577
6723,0.001139,172.217.194.0-255,2902,80148,96,194577
6724,0.001145,172.31.47.0-255,66,80214,96,194577
6725,0.001151,172.31.47.0-255,66,80280,96,194577
6726,0.001162,172.31.47.0-255,66,80346,96,194577
6727,0.001165,172.217.194.0-255,766,81112,96,194577
6728,0.001474,172.31.47.0-255,66,81178,96,194577
6729,0.001585,172.217.194.0-255,1484,82662,96,194577
6730,0.001594,172.217.194.0-255,2902,85564,96,194577
6731,0.001597,172.31.47.0-255,66,85630,96,194577
6732,0.001604,172.217.194.0-255,5738,91368,96,194577
6733,0.001607,172.31.47.0-255,66,91434,96,194577
6734,0.001644,172.31.47.0-255,66,91500,96,194577
6735,0.001655,172.31.47.0-255,66,91566,96,194577
6736,0.001686,172.217.194.0-255,2184,93750,96,194577
6737,0.001689,172.31.47.0-255,66,93816,96,194577
6738,0.001884,172.217.194.0-255,1484,95300,96,194577
6739,0.001892,172.217.194.0-255,2902,98202,96,194577
6740,0.001895,172.31.47.0-255,66,98268,96,194577
6741,0.001902,172.217.194.0-255,5738,104006,96,194577
6742,0.001904,172.31.47.0-255,66,104072,96,194577
6743,0.001989,172.31.47.0-255,66,104138,96,194577
6744,0.001995,172.217.194.0-255,5738,109876,96,194577
6745,0.001997,172.31.47.0-255,66,109942,96,194577
6746,0.002003,172.217.194.0-255,5020,114962,96,194577
6747,0.002005,172.31.47.0-255,66,115028,96,194577
6748,0.004023,172.217.194.0-255,5738,120766,96,194577
6749,0.004031,172.31.47.0-255,66,120832,96,194577
6750,0.006052,172.217.194.0-255,5738,126570,96,194577
6751,0.00606,172.31.47.0-255,66,126636,96,194577
6752,0.008078,172.217.194.0-255,5738,132374,96,194577
6753,0.008086,172.31.47.0-255,66,132440,96,194577
6754,0.010103,172.217.194.0-255,5738,138178,96,194577
6755,0.010114,172.31.47.0-255,66,138244,96,194577
6756,0.012143,172.217.194.0-255,5738,143982,96,194577
6757,0.012156,172.31.47.0-255,66,144048,96,194577
6758,0.014171,172.217.194.0-255,5738,149786,96,194577
6759,0.014187,172.31.47.0-255,66,149852,96,194577
6760,0.016206,172.217.194.0-255,5738,155590,96,194577
6761,0.016224,172.31.47.0-255,66,155656,96,194577
6762,0.018238,172.217.194.0-255,5738,161394,96,194577
6763,0.018252,172.31.47.0-255,66,161460,96,194577
6764,0.020281,172.217.194.0-255,5738,167198,96,194577
6765,0.020302,172.31.47.0-255,66,167264,96,194577
6766,0.022337,172.217.194.0-255,5738,173002,96,194577
6767,0.022354,172.31.47.0-255,66,173068,96,194577
6768,0.024388,172.217.194.0-255,5738,178806,96,194577
6769,0.024405,172.31.47.0-255,66,178872,96,194577
6770,0.026409,172.217.194.0-255,5738,184610,96,194577
6771,0.026425,172.31.47.0-255,66,184676,96,194577
6772,0.028447,172.217.194.0-255,5738,190414,96,194577
6773,0.028461,172.31.47.0-255,66,190480,96,194577
6774,0.029746,172.31.47.0-255,172,190652,96,194577
6775,0.029791,172.31.47.0-255,1105,191757,96,194577
6776,0.029863,172.31.47.0-255,1514,193271,96,194577
6777,0.029865,172.31.47.0-255,1306,194577,96,194577
6778,0.0,172.217.194.0-255,153,153,96,195866
6779,2.2e-05,172.31.47.0-255,66,219,96,195866
6780,2.9e-05,172.217.194.0-255,1484,1703,96,195866
6781,3.4e-05,172.31.47.0-255,66,1769,96,195866
6782,4.1e-05,172.217.194.0-255,2902,4671,96,195866
6783,4.4e-05,172.31.47.0-255,66,4737,96,195866
6784,5.3e-05,172.217.194.0-255,7156,11893,96,195866
6785,5.7e-05,172.31.47.0-255,66,11959,96,195866
6786,8e-05,172.217.194.0-255,2008,13967,96,195866
6787,8.3e-05,172.31.47.0-255,66,14033,96,195866
6788,0.000101,172.217.194.0-255,4320,18353,96,195866
6789,0.000104,172.31.47.0-255,66,18419,96,195866
6790,0.000117,172.217.194.0-255,4320,22739,96,195866
6791,0.00012,172.31.47.0-255,66,22805,96,195866
6792,0.000139,172.217.194.0-255,2902,25707,96,195866
6793,0.000141,172.31.47.0-255,66,25773,96,195866
6794,0.000148,172.217.194.0-255,5379,31152,96,195866
6795,0.00015,172.31.47.0-255,66,31218,96,195866
6796,0.000296,172.217.194.0-255,1484,32702,96,195866
6797,0.0003,172.31.47.0-255,66,32768,96,195866
6798,0.000305,172.217.194.0-255,1484,34252,96,195866
6799,0.000307,172.31.47.0-255,66,34318,96,195866
6800,0.00032,172.217.194.0-255,1484,35802,96,195866
6801,0.000323,172.31.47.0-255,66,35868,96,195866
6802,0.00033,172.217.194.0-255,5738,41606,96,195866
6803,0.000333,172.31.47.0-255,66,41672,96,195866
6804,0.000373,172.217.194.0-255,2902,44574,96,195866
6805,0.000376,172.31.47.0-255,66,44640,96,195866
6806,0.000404,172.31.47.0-255,66,44706,96,195866
6807,0.00041,172.217.194.0-255,5738,50444,96,195866
6808,0.000413,172.31.47.0-255,66,50510,96,195866
6809,0.000434,172.217.194.0-255,5738,56248,96,195866
6810,0.000436,172.31.47.0-255,66,56314,96,195866
6811,0.000439,172.217.194.0-255,1382,57696,96,195866
6812,0.000441,172.31.47.0-255,66,57762,96,195866
6813,0.000444,172.217.194.0-255,117,57879,96,195866
6814,0.000446,172.31.47.0-255,66,57945,96,195866
6815,0.000498,172.217.194.0-255,378,58323,96,195866
6816,0.000501,172.31.47.0-255,66,58389,96,195866
6817,0.000623,172.217.194.0-255,1484,59873,96,195866
6818,0.000627,172.31.47.0-255,66,59939,96,195866
6819,0.000633,172.217.194.0-255,2902,62841,96,195866
6820,0.000635,172.31.47.0-255,66,62907,96,195866
6821,0.00065,172.217.194.0-255,2902,65809,96,195866
6822,0.000654,172.31.47.0-255,66,65875,96,195866
6823,0.000665,172.217.194.0-255,2902,68777,96,195866
6824,0.000668,172.31.47.0-255,66,68843,96,195866
6825,0.000672,172.217.194.0-255,2902,71745,96,195866
6826,0.000674,172.31.47.0-255,66,71811,96,195866
6827,0.000699,172.217.194.0-255,2902,74713,96,195866
6828,0.000701,172.31.47.0-255,66,74779,96,195866
6829,0.000716,172.31.47.0-255,66,74845,96,195866
6830,0.000722,172.217.194.0-255,5020,79865,96,195866
6831,0.000724,172.31.47.0-255,66,79931,96,195866
6832,0.001176,172.217.194.0-255,1484,81415,96,195866
6833,0.001197,172.217.194.0-255,2902,84317,96,195866
6834,0.0012,172.31.47.0-255,66,84383,96,195866
6835,0.001207,172.217.194.0-255,5738,90121,96,195866
6836,0.001209,172.31.47.0-255,66,90187,96,195866
6837,0.001249,172.217.194.0-255,4320,94507,96,195866
6838,0.001254,172.31.47.0-255,66,94573,96,195866
6839,0.00126,172.31.47.0-255,66,94639,96,195866
6840,0.001263,172.217.194.0-255,1484,96123,96,195866
6841,0.001304,172.217.194.0-255,5020,101143,96,195866
6842,0.001307,172.31.47.0-255,66,101209,96,195866
6843,0.001546,172.217.194.0-255,1484,102693,96,195866
6844,0.001562,172.217.194.0-255,2902,105595,96,195866
6845,0.001566,172.31.47.0-255,66,105661,96,195866
6846,0.001572,172.217.194.0-255,5738,111399,96,195866
6847,0.001573,172.31.47.0-255,66,111465,96,195866
6848,0.001602,172.217.194.0-255,4320,115785,96,195866
6849,0.001604,172.31.47.0-255,66,115851,96,195866
6850,0.00163,172.31.47.0-255,66,115917,96,195866
6851,0.001655,172.217.194.0-255,1484,117401,96,195866
6852,0.001683,172.31.47.0-255,66,117467,96,195866
6853,0.003724,172.217.194.0-255,5738,123205,96,195866
6854,0.00373,172.31.47.0-255,66,123271,96,195866
6855,0.005814,172.217.194.0-255,4320,127591,96,195866
6856,0.005818,172.31.47.0-255,66,127657,96,195866
6857,0.005832,172.217.194.0-255,1484,129141,96,195866
6858,0.007876,172.217.194.0-255,4320,133461,96,195866
6859,0.007883,172.31.47.0-255,66,133527,96,195866
6860,0.009924,172.217.194.0-255,5738,139265,96,195866
6861,0.009932,172.31.47.0-255,66,139331,96,195866
6862,0.011948,172.217.194.0-255,5738,145069,96,195866
6863,0.011955,172.31.47.0-255,66,145135,96,195866
6864,0.01401,172.217.194.0-255,5738,150873,96,195866
6865,0.014018,172.31.47.0-255,66,150939,96,195866
6866,0.016088,172.217.194.0-255,5738,156677,96,195866
6867,0.016096,172.31.47.0-255,66,156743,96,195866
6868,0.018211,172.217.194.0-255,5738,162481,96,195866
6869,0.018216,172.31.47.0-255,66,162547,96,195866
6870,0.020244,172.217.194.0-255,5738,168285,96,195866
6871,0.020252,172.31.47.0-255,66,168351,96,195866
6872,0.022303,172.217.194.0-255,5738,174089,96,195866
6873,0.02231,172.31.47.0-255,66,174155,96,195866
6874,0.02436,172.217.194.0-255,5738,179893,96,195866
6875,0.024366,172.31.47.0-255,66,179959,96,195866
6876,0.025612,172.31.47.0-255,176,180135,96,195866
6877,0.025643,172.31.47.0-255,1111,181246,96,195866
6878,0.025696,172.31.47.0-255,1514,182760,96,195866
6879,0.025698,172.31.47.0-255,1300,184060,96,195866
6880,0.026382,172.217.194.0-255,5738,189798,96,195866
6881,0.026389,172.31.47.0-255,66,189864,96,195866
6882,0.027172,104.244.42.0-255,66,189930,96,195866
6883,0.027214,104.244.42.0-255,66,189996,96,195866
6884,0.027254,104.244.42.0-255,66,190062,96,195866
6885,0.028459,172.217.194.0-255,5738,195800,96,195866
6886,0.028464,172.31.47.0-255,66,195866,96,195866
6887,0.0,74.125.24.0-255,153,153,96,271242
6888,2.2e-05,172.31.47.0-255,66,219,96,271242
6889,2.8e-05,74.125.24.0-255,1484,1703,96,271242
6890,3.2e-05,172.31.47.0-255,66,1769,96,271242
6891,5.2e-05,74.125.24.0-255,1484,3253,96,271242
6892,5.4e-05,172.31.47.0-255,66,3319,96,271242
6893,6.2e-05,74.125.24.0-255,2902,6221,96,271242
6894,6.6e-05,172.31.47.0-255,66,6287,96,271242
6895,7e-05,74.125.24.0-255,4320,10607,96,271242
6896,7.2e-05,172.31.47.0-255,66,10673,96,271242
6897,9.9e-05,74.125.24.0-255,1484,12157,96,271242
6898,0.000101,172.31.47.0-255,66,12223,96,271242
6899,0.000105,74.125.24.0-255,1938,14161,96,271242
6900,0.000107,172.31.47.0-255,66,14227,96,271242
6901,0.000132,74.125.24.0-255,1484,15711,96,271242
6902,0.000134,172.31.47.0-255,66,15777,96,271242
6903,0.000157,74.125.24.0-255,2902,18679,96,271242
6904,0.00016,172.31.47.0-255,66,18745,96,271242
6905,0.000163,74.125.24.0-255,2902,21647,96,271242
6906,0.000165,172.31.47.0-255,66,21713,96,271242
6907,0.000186,74.125.24.0-255,2902,24615,96,271242
6908,0.000188,172.31.47.0-255,66,24681,96,271242
6909,0.000196,74.125.24.0-255,2902,27583,96,271242
6910,0.000198,172.31.47.0-255,66,27649,96,271242
6911,0.000224,74.125.24.0-255,2902,30551,96,271242
6912,0.000226,172.31.47.0-255,66,30617,96,271242
6913,0.000237,74.125.24.0-255,1125,31742,96,271242
6914,0.00024,172.31.47.0-255,66,31808,96,271242
6915,0.00025,172.31.47.0-255,66,31874,96,271242
6916,0.000253,74.125.24.0-255,1484,33358,96,271242
6917,0.00026,172.31.47.0-255,66,33424,96,271242
6918,0.000302,74.125.24.0-255,6797,40221,96,271242
6919,0.000309,172.31.47.0-255,66,40287,96,271242
6920,0.000349,74.125.24.0-255,5738,46025,96,271242
6921,0.000354,172.31.47.0-255,66,46091,96,271242
6922,0.000359,74.125.24.0-255,1484,47575,96,271242
6923,0.000365,74.125.24.0-255,5738,53313,96,271242
6924,0.00038,172.31.47.0-255,66,53379,96,271242
6925,0.000383,74.125.24.0-255,2902,56281,96,271242
6926,0.000386,74.125.24.0-255,1125,57406,96,271242
6927,0.000393,172.31.47.0-255,66,57472,96,271242
6928,0.000448,74.125.24.0-255,394,57866,96,271242
6929,0.000472,74.125.24.0-255,115,57981,96,271242
6930,0.000556,74.125.24.0-255,1484,59465,96,271242
6931,0.000561,74.125.24.0-255,2902,62367,96,271242
6932,0.000561,172.31.47.0-255,66,62433,96,271242
6933,0.000563,74.125.24.0-255,1484,63917,96,271242
6934,0.000566,172.31.47.0-255,66,63983,96,271242
6935,0.000589,74.125.24.0-255,4320,68303,96,271242
6936,0.000595,172.31.47.0-255,66,68369,96,271242
6937,0.000599,74.125.24.0-255,2902,71271,96,271242
6938,0.00061,172.31.47.0-255,66,71337,96,271242
6939,0.000616,74.125.24.0-255,4227,75564,96,271242
6940,0.000621,172.31.47.0-255,66,75630,96,271242
6941,0.00099,74.125.24.0-255,1484,77114,96,271242
6942,0.000994,172.31.47.0-255,66,77180,96,271242
6943,0.001002,74.125.24.0-255,2902,80082,96,271242
6944,0.001006,74.125.24.0-255,2902,82984,96,271242
6945,0.001033,74.125.24.0-255,2902,85886,96,271242
6946,0.001062,74.125.24.0-255,2902,88788,96,271242
6947,0.001684,74.125.24.0-255,1484,90272,96,271242
6948,0.001699,74.125.24.0-255,2902,93174,96,271242
6949,0.001714,74.125.24.0-255,4320,97494,96,271242
6950,0.001723,74.125.24.0-255,1484,98978,96,271242
6951,0.001727,74.125.24.0-255,4320,103298,96,271242
6952,0.001736,74.125.24.0-255,1484,104782,96,271242
6953,0.001766,74.125.24.0-255,1484,106266,96,271242
6954,0.001779,74.125.24.0-255,7156,113422,96,271242
6955,0.001792,74.125.24.0-255,4320,117742,96,271242
6956,0.001797,74.125.24.0-255,5020,122762,96,271242
6957,0.001832,74.125.24.0-255,1484,124246,96,271242
6958,0.001867,74.125.24.0-255,1484,125730,96,271242
6959,0.001908,74.125.24.0-255,766,126496,96,271242
6960,0.002037,74.125.24.0-255,1484,127980,96,271242
6961,0.00205,74.125.24.0-255,1484,129464,96,271242
6962,0.002072,74.125.24.0-255,1484,130948,96,271242
6963,0.002077,74.125.24.0-255,5738,136686,96,271242
6964,0.002095,74.125.24.0-255,1484,138170,96,271242
6965,0.002107,74.125.24.0-255,2902,141072,96,271242
6966,0.002112,74.125.24.0-255,5738,146810,96,271242
6967,0.002165,74.125.24.0-255,5738,152548,96,271242
6968,0.002178,74.125.24.0-255,2902,155450,96,271242
6969,0.002192,74.125.24.0-255,4320,159770,96,271242
6970,0.002203,74.125.24.0-255,766,160536,96,271242
6971,0.00232,74.125.24.0-255,1484,162020,96,271242
6972,0.002335,74.125.24.0-255,2902,164922,96,271242
6973,0.002339,74.125.24.0-255,2902,167824,96,271242
6974,0.002348,74.125.24.0-255,2902,170726,96,271242
6975,0.002357,74.125.24.0-255,2902,173628,96,271242
6976,0.002374,74.125.24.0-255,5738,179366,96,271242
6977,0.002386,74.125.24.0-255,4320,183686,96,271242
6978,0.002388,74.125.24.0-255,1484,185170,96,271242
6979,0.002407,74.125.24.0-255,7156,192326,96,271242
6980,0.002426,74.125.24.0-255,2184,194510,96,271242
6981,0.002441,74.125.24.0-255,1484,195994,96,271242
6982,0.002482,74.125.24.0-255,1484,197478,96,271242
6983,0.002495,74.125.24.0-255,7156,204634,96,271242
6984,0.00251,74.125.24.0-255,5738,210372,96,271242
6985,0.002541,74.125.24.0-255,2902,213274,96,271242
6986,0.002558,74.125.24.0-255,3602,216876,96,271242
6987,0.002562,74.125.24.0-255,4320,221196,96,271242
6988,0.002574,74.125.24.0-255,2902,224098,96,271242
6989,0.002583,74.125.24.0-255,1484,225582,96,271242
6990,0.002595,74.125.24.0-255,2902,228484,96,271242
6991,0.002647,74.125.24.0-255,1484,229968,96,271242
6992,0.002844,74.125.24.0-255,1484,231452,96,271242
6993,0.002848,74.125.24.0-255,2902,234354,96,271242
6994,0.002867,74.125.24.0-255,2902,237256,96,271242
6995,0.002884,74.125.24.0-255,2902,240158,96,271242
6996,0.002888,74.125.24.0-255,2902,243060,96,271242
6997,0.002892,74.125.24.0-255,2902,245962,96,271242
6998,0.002923,74.125.24.0-255,2902,248864,96,271242
6999,0.002974,74.125.24.0-255,2902,251766,96,271242
7000,0.003043,74.125.24.0-255,1484,253250,96,271242
7001,0.003059,74.125.24.0-255,5738,258988,96,271242
7002,0.003088,74.125.24.0-255,3602,262590,96,271242
7003,0.003174,74.125.24.0-255,1405,263995,96,271242
7004,0.003177,74.125.24.0-255,105,264100,96,271242
7005,0.004401,172.31.47.0-255,66,264166,96,271242
7006,0.006519,172.31.47.0-255,105,264271,96,271242
7007,0.008772,74.125.24.0-255,66,264337,96,271242
7008,0.029114,172.31.47.0-255,171,264508,96,271242
7009,0.029147,172.31.47.0-255,1133,265641,96,271242
7010,0.029192,172.31.47.0-255,1514,267155,96,271242
7011,0.029193,172.31.47.0-255,1514,268669,96,271242
7012,0.029195,172.31.47.0-255,1514,270183,96,271242
7013,0.029196,172.31.47.0-255,1059,271242,96,271242
7014,0.0,172.31.47.0-255,105,105,96,105
7015,0.0,74.125.130.0-255,153,153,96,231427
7016,2.1e-05,172.31.47.0-255,66,219,96,231427
7017,2.7e-05,74.125.130.0-255,1484,1703,96,231427
7018,3.2e-05,172.31.47.0-255,66,1769,96,231427
7019,3.5e-05,74.125.130.0-255,1484,3253,96,231427
7020,3.7e-05,172.31.47.0-255,66,3319,96,231427
7021,5.6e-05,74.125.130.0-255,1484,4803,96,231427
7022,5.8e-05,172.31.47.0-255,66,4869,96,231427
7023,6.5e-05,74.125.130.0-255,5738,10607,96,231427
7024,6.8e-05,172.31.47.0-255,66,10673,96,231427
7025,0.000113,74.125.130.0-255,3627,14300,96,231427
7026,0.000116,172.31.47.0-255,66,14366,96,231427
7027,0.00016,74.125.130.0-255,1484,15850,96,231427
7028,0.000162,172.31.47.0-255,66,15916,96,231427
7029,0.000179,74.125.130.0-255,2902,18818,96,231427
7030,0.000181,172.31.47.0-255,66,18884,96,231427
7031,0.00021,74.125.130.0-255,5738,24622,96,231427
7032,0.000213,172.31.47.0-255,66,24688,96,231427
7033,0.000217,74.125.130.0-255,2902,27590,96,231427
7034,0.000218,172.31.47.0-255,66,27656,96,231427
7035,0.00024,74.125.130.0-255,3961,31617,96,231427
7036,0.000242,172.31.47.0-255,66,31683,96,231427
7037,0.000392,74.125.130.0-255,1484,33167,96,231427
7038,0.000395,172.31.47.0-255,66,33233,96,231427
7039,0.000415,74.125.130.0-255,2902,36135,96,231427
7040,0.000419,172.31.47.0-255,66,36201,96,231427
7041,0.000437,74.125.130.0-255,4320,40521,96,231427
7042,0.00044,172.31.47.0-255,66,40587,96,231427
7043,0.000462,74.125.130.0-255,2902,43489,96,231427
7044,0.000465,172.31.47.0-255,66,43555,96,231427
7045,0.000482,74.125.130.0-255,6797,50352,96,231427
7046,0.000484,172.31.47.0-255,66,50418,96,231427
7047,0.00049,74.125.130.0-255,4320,54738,96,231427
7048,0.000492,172.31.47.0-255,66,54804,96,231427
7049,0.000534,74.125.130.0-255,1484,56288,96,231427
7050,0.000564,172.31.47.0-255,66,56354,96,231427
7051,0.000638,74.125.130.0-255,113,56467,96,231427
7052,0.000656,74.125.130.0-255,385,56852,96,231427
7053,0.000937,74.125.130.0-255,1484,58336,96,231427
7054,0.000941,172.31.47.0-255,66,58402,96,231427
7055,0.000944,74.125.130.0-255,1484,59886,96,231427
7056,0.000961,74.125.130.0-255,1484,61370,96,231427
7057,0.000964,172.31.47.0-255,66,61436,96,231427
7058,0.000968,74.125.130.0-255,2902,64338,96,231427
7059,0.000969,172.31.47.0-255,66,64404,96,231427
7060,0.000986,74.125.130.0-255,2902,67306,96,231427
7061,0.000988,172.31.47.0-255,66,67372,96,231427
7062,0.000993,74.125.130.0-255,5738,73110,96,231427
7063,0.000995,172.31.47.0-255,66,73176,96,231427
7064,0.001001,74.125.130.0-255,7156,80332,96,231427
7065,0.001002,172.31.47.0-255,66,80398,96,231427
7066,0.001039,74.125.130.0-255,7156,87554,96,231427
7067,0.001042,172.31.47.0-255,66,87620,96,231427
7068,0.00106,74.125.130.0-255,3602,91222,96,231427
7069,0.001062,172.31.47.0-255,66,91288,96,231427
7070,0.001364,74.125.130.0-255,1484,92772,96,231427
7071,0.001389,74.125.130.0-255,1484,94256,96,231427
7072,0.001393,172.31.47.0-255,66,94322,96,231427
7073,0.001398,74.125.130.0-255,2902,97224,96,231427
7074,0.0014,172.31.47.0-255,66,97290,96,231427
7075,0.001404,74.125.130.0-255,2902,100192,96,231427
7076,0.001405,172.31.47.0-255,66,100258,96,231427
7077,0.001429,74.125.130.0-255,2902,103160,96,231427
7078,0.001432,172.31.47.0-255,66,103226,96,231427
7079,0.001438,74.125.130.0-255,7156,110382,96,231427
7080,0.00144,172.31.47.0-255,66,110448,96,231427
7081,0.001455,74.125.130.0-255,4320,114768,96,231427
7082,0.001458,172.31.47.0-255,66,114834,96,231427
7083,0.001473,74.125.130.0-255,4320,119154,96,231427
7084,0.001476,172.31.47.0-255,66,119220,96,231427
7085,0.001494,74.125.130.0-255,4320,123540,96,231427
7086,0.001497,172.31.47.0-255,66,123606,96,231427
7087,0.00152,74.125.130.0-255,2184,125790,96,231427
7088,0.001523,172.31.47.0-255,66,125856,96,231427
7089,0.001976,74.125.130.0-255,1484,127340,96,231427
7090,0.001998,74.125.130.0-255,2902,130242,96,231427
7091,0.002001,172.31.47.0-255,66,130308,96,231427
7092,0.002007,74.125.130.0-255,5738,136046,96,231427
7093,0.002009,172.31.47.0-255,66,136112,96,231427
7094,0.002042,74.125.130.0-255,5738,141850,96,231427
7095,0.002045,172.31.47.0-255,66,141916,96,231427
7096,0.002063,74.125.130.0-255,7156,149072,96,231427
7097,0.002065,172.31.47.0-255,66,149138,96,231427
7098,0.00208,74.125.130.0-255,1484,150622,96,231427
7099,0.002105,172.31.47.0-255,66,150688,96,231427
7100,0.004146,74.125.130.0-255,1484,152172,96,231427
7101,0.004162,74.125.130.0-255,4320,156492,96,231427
7102,0.004165,172.31.47.0-255,66,156558,96,231427
7103,0.006234,74.125.130.0-255,5738,162296,96,231427
7104,0.006239,172.31.47.0-255,66,162362,96,231427
7105,0.008307,74.125.130.0-255,5738,168100,96,231427
7106,0.008314,172.31.47.0-255,66,168166,96,231427
7107,0.010377,74.125.130.0-255,5738,173904,96,231427
7108,0.010384,172.31.47.0-255,66,173970,96,231427
7109,0.012444,74.125.130.0-255,5738,179708,96,231427
7110,0.012452,172.31.47.0-255,66,179774,96,231427
7111,0.01453,74.125.130.0-255,5738,185512,96,231427
7112,0.014539,172.31.47.0-255,66,185578,96,231427
7113,0.01659,74.125.130.0-255,2902,188480,96,231427
7114,0.016596,172.31.47.0-255,66,188546,96,231427
7115,0.016616,74.125.130.0-255,2902,191448,96,231427
7116,0.016618,172.31.47.0-255,66,191514,96,231427
7117,0.018648,74.125.130.0-255,2902,194416,96,231427
7118,0.018654,172.31.47.0-255,66,194482,96,231427
7119,0.018677,74.125.130.0-255,2902,197384,96,231427
7120,0.01868,172.31.47.0-255,66,197450,96,231427
7121,0.020701,74.125.130.0-255,2902,200352,96,231427
7122,0.020707,172.31.47.0-255,66,200418,96,231427
7123,0.02073,74.125.130.0-255,2902,203320,96,231427
7124,0.020733,172.31.47.0-255,66,203386,96,231427
7125,0.020974,172.31.47.0-255,172,203558,96,231427
7126,0.021009,172.31.47.0-255,1109,204667,96,231427
7127,0.021087,172.31.47.0-255,1514,206181,96,231427
7128,0.021089,172.31.47.0-255,1304,207485,96,231427
7129,0.022445,104.244.42.0-255,66,207551,96,231427
7130,0.022485,104.244.42.0-255,66,207617,96,231427
7131,0.022582,104.244.42.0-255,66,207683,96,231427
7132,0.02276,74.125.130.0-255,2902,210585,96,231427
7133,0.022763,172.31.47.0-255,66,210651,96,231427
7134,0.022792,74.125.130.0-255,2902,213553,96,231427
7135,0.022795,172.31.47.0-255,66,213619,96,231427
7136,0.024811,74.125.130.0-255,2902,216521,96,231427
7137,0.024816,172.31.47.0-255,66,216587,96,231427
7138,0.024848,74.125.130.0-255,2902,219489,96,231427
7139,0.02485,172.31.47.0-255,66,219555,96,231427
7140,0.026869,74.125.130.0-255,2902,222457,96,231427
7141,0.026874,172.31.47.0-255,66,222523,96,231427
7142,0.026901,74.125.130.0-255,2902,225425,96,231427
7143,0.026903,172.31.47.0-255,66,225491,96,231427
7144,0.028923,74.125.130.0-255,2902,228393,96,231427
7145,0.028928,172.31.47.0-255,66,228459,96,231427
7146,0.028952,74.125.130.0-255,2902,231361,96,231427
7147,0.028954,172.31.47.0-255,66,231427,96,231427
7148,0.0,172.31.47.0-255,105,105,96,276
7149,0.001772,157.240.7.0-255,105,210,96,276
7150,0.001782,172.31.47.0-255,66,276,96,276
7151,0.0,172.31.47.0-255,105,105,96,276
7152,0.00178,157.240.13.0-255,105,210,96,276
7153,0.001793,172.31.47.0-255,66,276,96,276
7154,0.0,74.125.24.0-255,152,152,96,223783
7155,2e-05,172.31.47.0-255,66,218,96,223783
7156,2.7e-05,74.125.24.0-255,1484,1702,96,223783
7157,3.1e-05,172.31.47.0-255,66,1768,96,223783
7158,3.6e-05,74.125.24.0-255,2902,4670,96,223783
7159,4e-05,172.31.47.0-255,66,4736,96,223783
7160,6.4e-05,74.125.24.0-255,5738,10474,96,223783
7161,6.7e-05,172.31.47.0-255,66,10540,96,223783
7162,8.4e-05,74.125.24.0-255,3517,14057,96,223783
7163,8.7e-05,172.31.47.0-255,66,14123,96,223783
7164,0.000115,74.125.24.0-255,4320,18443,96,223783
7165,0.000117,172.31.47.0-255,66,18509,96,223783
7166,0.00012,74.125.24.0-255,1484,19993,96,223783
7167,0.000122,172.31.47.0-255,66,20059,96,223783
7168,0.000148,172.31.47.0-255,66,20125,96,223783
7169,0.000151,74.125.24.0-255,1484,21609,96,223783
7170,0.000153,172.31.47.0-255,66,21675,96,223783
7171,0.000187,172.31.47.0-255,66,21741,96,223783
7172,0.000192,74.125.24.0-255,3602,25343,96,223783
7173,0.000194,172.31.47.0-255,66,25409,96,223783
7174,0.000231,74.125.24.0-255,1484,26893,96,223783
7175,0.000234,172.31.47.0-255,66,26959,96,223783
7176,0.000238,74.125.24.0-255,2902,29861,96,223783
7177,0.00024,172.31.47.0-255,66,29927,96,223783
7178,0.000266,74.125.24.0-255,5738,35665,96,223783
7179,0.000269,172.31.47.0-255,66,35731,96,223783
7180,0.000275,74.125.24.0-255,5738,41469,96,223783
7181,0.000277,172.31.47.0-255,66,41535,96,223783
7182,0.000325,74.125.24.0-255,1437,42972,96,223783
7183,0.000327,172.31.47.0-255,66,43038,96,223783
7184,0.000436,74.125.24.0-255,343,43381,96,223783
7185,0.001023,74.125.24.0-255,1484,44865,96,223783
7186,0.001029,172.31.47.0-255,66,44931,96,223783
7187,0.001053,74.125.24.0-255,2902,47833,96,223783
7188,0.001056,172.31.47.0-255,66,47899,96,223783
7189,0.001062,74.125.24.0-255,4320,52219,96,223783
7190,0.001064,172.31.47.0-255,66,52285,96,223783
7191,0.001079,74.125.24.0-255,1484,53769,96,223783
7192,0.001093,74.125.24.0-255,2902,56671,96,223783
7193,0.001096,172.31.47.0-255,66,56737,96,223783
7194,0.001123,172.31.47.0-255,66,56803,96,223783
7195,0.001154,172.31.47.0-255,66,56869,96,223783
7196,0.001629,74.125.24.0-255,1484,58353,96,223783
7197,0.001639,74.125.24.0-255,2902,61255,96,223783
7198,0.001643,172.31.47.0-255,66,61321,96,223783
7199,0.001649,74.125.24.0-255,2902,64223,96,223783
7200,0.001651,172.31.47.0-255,66,64289,96,223783
7201,0.001665,74.125.24.0-255,2902,67191,96,223783
7202,0.001667,172.31.47.0-255,66,67257,96,223783
7203,0.001706,172.31.47.0-255,66,67323,96,223783
7204,0.001728,74.125.24.0-255,4320,71643,96,223783
7205,0.001731,172.31.47.0-255,66,71709,96,223783
7206,0.00175,74.125.24.0-255,2902,74611,96,223783
7207,0.001752,172.31.47.0-255,66,74677,96,223783
7208,0.001776,172.31.47.0-255,66,74743,96,223783
7209,0.001845,74.125.24.0-255,1484,76227,96,223783
7210,0.001851,74.125.24.0-255,2902,79129,96,223783
7211,0.001854,172.31.47.0-255,66,79195,96,223783
7212,0.001859,74.125.24.0-255,2902,82097,96,223783
7213,0.001861,172.31.47.0-255,66,82163,96,223783
7214,0.001874,74.125.24.0-255,2902,85065,96,223783
7215,0.001877,172.31.47.0-255,66,85131,96,223783
7216,0.001894,74.125.24.0-255,4320,89451,96,223783
7217,0.001896,172.31.47.0-255,66,89517,96,223783
7218,0.001919,74.125.24.0-255,7156,96673,96,223783
7219,0.001921,172.31.47.0-255,66,96739,96,223783
7220,0.001939,74.125.24.0-255,1484,98223,96,223783
7221,0.00195,172.31.47.0-255,66,98289,96,223783
7222,0.001971,74.125.24.0-255,2184,100473,96,223783
7223,0.001974,172.31.47.0-255,66,100539,96,223783
7224,0.002057,74.125.24.0-255,1484,102023,96,223783
7225,0.002063,74.125.24.0-255,2902,104925,96,223783
7226,0.002067,172.31.47.0-255,66,104991,96,223783
7227,0.002084,74.125.24.0-255,2902,107893,96,223783
7228,0.002087,172.31.47.0-255,66,107959,96,223783
7229,0.002112,74.125.24.0-255,2902,110861,96,223783
7230,0.002115,172.31.47.0-255,66,110927,96,223783
7231,0.002122,74.125.24.0-255,7156,118083,96,223783
7232,0.002125,172.31.47.0-255,66,118149,96,223783
7233,0.002131,74.125.24.0-255,4320,122469,96,223783
7234,0.002134,172.31.47.0-255,66,122535,96,223783
7235,0.002155,74.125.24.0-255,4320,126855,96,223783
7236,0.002158,172.31.47.0-255,66,126921,96,223783
7237,0.002169,172.31.47.0-255,66,126987,96,223783
7238,0.002269,74.125.24.0-255,1484,128471,96,223783
7239,0.002293,74.125.24.0-255,2902,131373,96,223783
7240,0.002298,172.31.47.0-255,66,131439,96,223783
7241,0.002305,74.125.24.0-255,5738,137177,96,223783
7242,0.002307,172.31.47.0-255,66,137243,96,223783
7243,0.002311,74.125.24.0-255,2902,140145,96,223783
7244,0.002313,172.31.47.0-255,66,140211,96,223783
7245,0.002332,74.125.24.0-255,1484,141695,96,223783
7246,0.002338,74.125.24.0-255,4320,146015,96,223783
7247,0.00234,172.31.47.0-255,66,146081,96,223783
7248,0.00236,74.125.24.0-255,7156,153237,96,223783
7249,0.002363,172.31.47.0-255,66,153303,96,223783
7250,0.002366,74.125.24.0-255,1484,154787,96,223783
7251,0.002389,74.125.24.0-255,6438,161225,96,223783
7252,0.002392,172.31.47.0-255,66,161291,96,223783
7253,0.004727,74.125.24.0-255,4320,165611,96,223783
7254,0.004743,172.31.47.0-255,66,165677,96,223783
7255,0.004756,74.125.24.0-255,1484,167161,96,223783
7256,0.007084,74.125.24.0-255,4320,171481,96,223783
7257,0.007093,172.31.47.0-255,66,171547,96,223783
7258,0.009445,74.125.24.0-255,5738,177285,96,223783
7259,0.009451,172.31.47.0-255,66,177351,96,223783
7260,0.011801,74.125.24.0-255,5738,183089,96,223783
7261,0.011812,172.31.47.0-255,66,183155,96,223783
7262,0.014159,74.125.24.0-255,5738,188893,96,223783
7263,0.014173,172.31.47.0-255,66,188959,96,223783
7264,0.01651,74.125.24.0-255,5738,194697,96,223783
7265,0.016519,172.31.47.0-255,66,194763,96,223783
7266,0.018855,74.125.24.0-255,5738,200501,96,223783
7267,0.018862,172.31.47.0-255,66,200567,96,223783
7268,0.021187,74.125.24.0-255,5738,206305,96,223783
7269,0.021198,172.31.47.0-255,66,206371,96,223783
7270,0.023579,74.125.24.0-255,5738,212109,96,223783
7271,0.023593,172.31.47.0-255,66,212175,96,223783
7272,0.025937,74.125.24.0-255,5738,217913,96,223783
7273,0.025949,172.31.47.0-255,66,217979,96,223783
7274,0.028306,74.125.24.0-255,5738,223717,96,223783
7275,0.028314,172.31.47.0-255,66,223783,96,223783
7276,0.0,172.31.47.0-255,105,105,96,210
7277,0.001766,157.240.13.0-255,105,210,96,210
7278,0.0,172.217.194.0-255,150,150,96,211594
7279,2.5e-05,172.31.47.0-255,66,216,96,211594
7280,3.1e-05,172.217.194.0-255,1484,1700,96,211594
7281,3.5e-05,172.31.47.0-255,66,1766,96,211594
7282,3.9e-05,172.217.194.0-255,2902,4668,96,211594
7283,4.1e-05,172.31.47.0-255,66,4734,96,211594
7284,5.4e-05,172.217.194.0-255,7156,11890,96,211594
7285,5.6e-05,172.31.47.0-255,66,11956,96,211594
7286,9.5e-05,172.31.47.0-255,66,12022,96,211594
7287,0.000118,172.217.194.0-255,1484,13506,96,211594
7288,0.00012,172.31.47.0-255,66,13572,96,211594
7289,0.000147,172.217.194.0-255,2543,16115,96,211594
7290,0.000149,172.31.47.0-255,66,16181,96,211594
7291,0.00018,172.217.194.0-255,4320,20501,96,211594
7292,0.000184,172.31.47.0-255,66,20567,96,211594
7293,0.000189,172.217.194.0-255,7156,27723,96,211594
7294,0.000191,172.31.47.0-255,66,27789,96,211594
7295,0.000242,172.31.47.0-255,66,27855,96,211594
7296,0.000248,172.217.194.0-255,7156,35011,96,211594
7297,0.00025,172.31.47.0-255,66,35077,96,211594
7298,0.000266,172.217.194.0-255,2902,37979,96,211594
7299,0.000269,172.31.47.0-255,66,38045,96,211594
7300,0.000277,172.217.194.0-255,2543,40588,96,211594
7301,0.000279,172.31.47.0-255,66,40654,96,211594
7302,0.000562,172.217.194.0-255,647,41301,96,211594
7303,0.000566,172.31.47.0-255,66,41367,96,211594
7304,0.000659,172.217.194.0-255,1484,42851,96,211594
7305,0.000662,172.31.47.0-255,66,42917,96,211594
7306,0.000667,172.217.194.0-255,2902,45819,96,211594
7307,0.000669,172.31.47.0-255,66,45885,96,211594
7308,0.00073,172.217.194.0-255,5738,51623,96,211594
7309,0.000733,172.31.47.0-255,66,51689,96,211594
7310,0.000744,172.31.47.0-255,66,51755,96,211594
7311,0.000766,172.31.47.0-255,66,51821,96,211594
7312,0.001409,172.217.194.0-255,1484,53305,96,211594
7313,0.001419,172.217.194.0-255,2902,56207,96,211594
7314,0.001423,172.31.47.0-255,66,56273,96,211594
7315,0.001449,172.217.194.0-255,5738,62011,96,211594
7316,0.001451,172.31.47.0-255,66,62077,96,211594
7317,0.00146,172.31.47.0-255,66,62143,96,211594
7318,0.001477,172.217.194.0-255,4320,66463,96,211594
7319,0.00148,172.31.47.0-255,66,66529,96,211594
7320,0.001487,172.217.194.0-255,7156,73685,96,211594
7321,0.001489,172.31.47.0-255,66,73751,96,211594
7322,0.001515,172.217.194.0-255,3602,77353,96,211594
7323,0.001522,172.31.47.0-255,66,77419,96,211594
7324,0.001584,172.217.194.0-255,1484,78903,96,211594
7325,0.001589,172.217.194.0-255,2902,81805,96,211594
7326,0.001592,172.31.47.0-255,66,81871,96,211594
7327,0.001595,172.217.194.0-255,1484,83355,96,211594
7328,0.001632,172.217.194.0-255,4320,87675,96,211594
7329,0.001637,172.31.47.0-255,66,87741,96,211594
7330,0.001653,172.31.47.0-255,66,87807,96,211594
7331,0.001676,172.217.194.0-255,5738,93545,96,211594
7332,0.001679,172.31.47.0-255,66,93611,96,211594
7333,0.001708,172.217.194.0-255,6438,100049,96,211594
7334,0.001713,172.31.47.0-255,66,100115,96,211594
7335,0.001995,172.217.194.0-255,1484,101599,96,211594
7336,0.002,172.217.194.0-255,2902,104501,96,211594
7337,0.002004,172.31.47.0-255,66,104567,96,211594
7338,0.002018,172.217.194.0-255,5738,110305,96,211594
7339,0.002026,172.31.47.0-255,66,110371,96,211594
7340,0.002033,172.217.194.0-255,7156,117527,96,211594
7341,0.002036,172.31.47.0-255,66,117593,96,211594
7342,0.002056,172.217.194.0-255,1484,119077,96,211594
7343,0.002088,172.217.194.0-255,5738,124815,96,211594
7344,0.002091,172.31.47.0-255,66,124881,96,211594
7345,0.002131,172.31.47.0-255,66,124947,96,211594
7346,0.002218,172.217.194.0-255,1484,126431,96,211594
7347,0.002223,172.217.194.0-255,2902,129333,96,211594
7348,0.002225,172.31.47.0-255,66,129399,96,211594
7349,0.002251,172.217.194.0-255,5738,135137,96,211594
7350,0.002253,172.31.47.0-255,66,135203,96,211594
7351,0.002262,172.31.47.0-255,66,135269,96,211594
7352,0.002294,172.31.47.0-255,66,135335,96,211594
7353,0.002321,172.217.194.0-255,5020,140355,96,211594
7354,0.002323,172.31.47.0-255,66,140421,96,211594
7355,0.004575,172.217.194.0-255,5738,146159,96,211594
7356,0.004579,172.31.47.0-255,66,146225,96,211594
7357,0.006869,172.217.194.0-255,5738,151963,96,211594
7358,0.006874,172.31.47.0-255,66,152029,96,211594
7359,0.009191,172.217.194.0-255,5738,157767,96,211594
7360,0.0092,172.31.47.0-255,66,157833,96,211594
7361,0.011524,172.217.194.0-255,5738,163571,96,211594
7362,0.011531,172.31.47.0-255,66,163637,96,211594
7363,0.013781,172.217.194.0-255,5738,169375,96,211594
7364,0.013789,172.31.47.0-255,66,169441,96,211594
7365,0.016055,172.217.194.0-255,5738,175179,96,211594
7366,0.016063,172.31.47.0-255,66,175245,96,211594
7367,0.018342,172.217.194.0-255,5738,180983,96,211594
7368,0.01835,172.31.47.0-255,66,181049,96,211594
7369,0.020628,172.217.194.0-255,5738,186787,96,211594
7370,0.020634,172.31.47.0-255,66,186853,96,211594
7371,0.022919,172.217.194.0-255,5738,192591,96,211594
7372,0.022924,172.31.47.0-255,66,192657,96,211594
7373,0.025238,172.217.194.0-255,5738,198395,96,211594
7374,0.025244,172.31.47.0-255,66,198461,96,211594
7375,0.026561,172.31.47.0-255,172,198633,96,211594
7376,0.02673,172.31.47.0-255,1109,199742,96,211594
7377,0.026798,172.31.47.0-255,1514,201256,96,211594
7378,0.0268,172.31.47.0-255,1302,202558,96,211594
7379,0.027509,172.217.194.0-255,4320,206878,96,211594
7380,0.027514,172.31.47.0-255,66,206944,96,211594
7381,0.027541,172.217.194.0-255,1484,208428,96,211594
7382,0.028067,104.244.42.0-255,66,208494,96,211594
7383,0.028249,104.244.42.0-255,66,208560,96,211594
7384,0.02834,104.244.42.0-255,66,208626,96,211594
7385,0.029803,172.217.194.0-255,2902,211528,96,211594
7386,0.029808,172.31.47.0-255,66,211594,96,211594
7387,0.0,74.125.200.0-255,157,157,96,232112
7388,2.6e-05,172.31.47.0-255,66,223,96,232112
7389,3.1e-05,74.125.200.0-255,1484,1707,96,232112
7390,3.5e-05,172.31.47.0-255,66,1773,96,232112
7391,3.7e-05,74.125.200.0-255,1484,3257,96,232112
7392,3.9e-05,172.31.47.0-255,66,3323,96,232112
7393,5.6e-05,74.125.200.0-255,1484,4807,96,232112
7394,5.8e-05,172.31.47.0-255,66,4873,96,232112
7395,6.4e-05,74.125.200.0-255,4320,9193,96,232112
7396,6.6e-05,172.31.47.0-255,66,9259,96,232112
7397,8.9e-05,74.125.200.0-255,1484,10743,96,232112
7398,9.2e-05,172.31.47.0-255,66,10809,96,232112
7399,0.00011,74.125.200.0-255,3394,14203,96,232112
7400,0.000113,172.31.47.0-255,66,14269,96,232112
7401,0.000191,74.125.200.0-255,1484,15753,96,232112
7402,0.000194,172.31.47.0-255,66,15819,96,232112
7403,0.000213,74.125.200.0-255,2902,18721,96,232112
7404,0.000215,172.31.47.0-255,66,18787,96,232112
7405,0.000237,74.125.200.0-255,5738,24525,96,232112
7406,0.00024,172.31.47.0-255,66,24591,96,232112
7407,0.000253,74.125.200.0-255,4320,28911,96,232112
7408,0.000255,172.31.47.0-255,66,28977,96,232112
7409,0.000274,74.125.200.0-255,2543,31520,96,232112
7410,0.000276,172.31.47.0-255,66,31586,96,232112
7411,0.000397,74.125.200.0-255,1484,33070,96,232112
7412,0.000401,172.31.47.0-255,66,33136,96,232112
7413,0.000412,74.125.200.0-255,2902,36038,96,232112
7414,0.000415,172.31.47.0-255,66,36104,96,232112
7415,0.000439,74.125.200.0-255,4320,40424,96,232112
7416,0.000441,172.31.47.0-255,66,40490,96,232112
7417,0.000456,74.125.200.0-255,1484,41974,96,232112
7418,0.000458,172.31.47.0-255,66,42040,96,232112
7419,0.000463,74.125.200.0-255,4320,46360,96,232112
7420,0.000466,172.31.47.0-255,66,46426,96,232112
7421,0.00049,74.125.200.0-255,5379,51805,96,232112
7422,0.000494,172.31.47.0-255,66,51871,96,232112
7423,0.00054,74.125.200.0-255,2902,54773,96,232112
7424,0.000543,172.31.47.0-255,66,54839,96,232112
7425,0.000548,74.125.200.0-255,4320,59159,96,232112
7426,0.00055,172.31.47.0-255,66,59225,96,232112
7427,0.000557,74.125.200.0-255,6797,66022,96,232112
7428,0.000561,172.31.47.0-255,66,66088,96,232112
7429,0.000575,74.125.200.0-255,412,66500,96,232112
7430,0.000694,172.31.47.0-255,66,66566,96,232112
7431,0.000936,74.125.200.0-255,331,66897,96,232112
7432,0.000966,172.31.47.0-255,66,66963,96,232112
7433,0.001127,74.125.200.0-255,1484,68447,96,232112
7434,0.001149,74.125.200.0-255,2902,71349,96,232112
7435,0.001155,172.31.47.0-255,66,71415,96,232112
7436,0.001162,74.125.200.0-255,5738,77153,96,232112
7437,0.001164,172.31.47.0-255,66,77219,96,232112
7438,0.001167,74.125.200.0-255,1484,78703,96,232112
7439,0.001193,74.125.200.0-255,5738,84441,96,232112
7440,0.001198,172.31.47.0-255,66,84507,96,232112
7441,0.001236,172.31.47.0-255,66,84573,96,232112
7442,0.001255,74.125.200.0-255,2184,86757,96,232112
7443,0.001258,172.31.47.0-255,66,86823,96,232112
7444,0.001872,74.125.200.0-255,1484,88307,96,232112
7445,0.001878,74.125.200.0-255,1484,89791,96,232112
7446,0.001881,172.31.47.0-255,66,89857,96,232112
7447,0.001894,74.125.200.0-255,1484,91341,96,232112
7448,0.001899,74.125.200.0-255,4320,95661,96,232112
7449,0.001901,172.31.47.0-255,66,95727,96,232112
7450,0.001912,74.125.200.0-255,1484,97211,96,232112
7451,0.001917,74.125.200.0-255,4320,101531,96,232112
7452,0.001918,172.31.47.0-255,66,101597,96,232112
7453,0.001923,74.125.200.0-255,4320,105917,96,232112
7454,0.001924,172.31.47.0-255,66,105983,96,232112
7455,0.001935,74.125.200.0-255,1484,107467,96,232112
7456,0.001968,172.31.47.0-255,66,107533,96,232112
7457,0.001972,74.125.200.0-255,2184,109717,96,232112
7458,0.001973,172.31.47.0-255,66,109783,96,232112
7459,0.002139,74.125.200.0-255,1484,111267,96,232112
7460,0.002143,74.125.200.0-255,1484,112751,96,232112
7461,0.002145,172.31.47.0-255,66,112817,96,232112
7462,0.002163,74.125.200.0-255,1484,114301,96,232112
7463,0.002165,74.125.200.0-255,1484,115785,96,232112
7464,0.002167,172.31.47.0-255,66,115851,96,232112
7465,0.002171,74.125.200.0-255,2902,118753,96,232112
7466,0.002172,172.31.47.0-255,66,118819,96,232112
7467,0.002212,74.125.200.0-255,5738,124557,96,232112
7468,0.002215,172.31.47.0-255,66,124623,96,232112
7469,0.002222,74.125.200.0-255,7156,131779,96,232112
7470,0.002224,172.31.47.0-255,66,131845,96,232112
7471,0.002238,74.125.200.0-255,4320,136165,96,232112
7472,0.00224,172.31.47.0-255,66,136231,96,232112
7473,0.002263,74.125.200.0-255,1484,137715,96,232112
7474,0.00228,74.125.200.0-255,6438,144153,96,232112
7475,0.002282,172.31.47.0-255,66,144219,96,232112
7476,0.002298,74.125.200.0-255,1484,145703,96,232112
7477,0.002312,74.125.200.0-255,2902,148605,96,232112
7478,0.002314,172.31.47.0-255,66,148671,96,232112
7479,0.002329,74.125.200.0-255,4320,152991,96,232112
7480,0.002331,172.31.47.0-255,66,153057,96,232112
7481,0.002334,74.125.200.0-255,1484,154541,96,232112
7482,0.00236,74.125.200.0-255,2902,157443,96,232112
7483,0.002363,172.31.47.0-255,66,157509,96,232112
7484,0.002386,74.125.200.0-255,1484,158993,96,232112
7485,0.002388,172.31.47.0-255,66,159059,96,232112
7486,0.002428,74.125.200.0-255,2902,161961,96,232112
7487,0.002432,172.31.47.0-255,66,162027,96,232112
7488,0.00245,172.31.47.0-255,66,162093,96,232112
7489,0.002524,74.125.200.0-255,1484,163577,96,232112
7490,0.002544,74.125.200.0-255,2902,166479,96,232112
7491,0.002546,172.31.47.0-255,66,166545,96,232112
7492,0.002567,74.125.200.0-255,5738,172283,96,232112
7493,0.00257,172.31.47.0-255,66,172349,96,232112
7494,0.002596,74.125.200.0-255,1484,173833,96,232112
7495,0.002599,172.31.47.0-255,66,173899,96,232112
7496,0.00517,74.125.200.0-255,4320,178219,96,232112
7497,0.005175,172.31.47.0-255,66,178285,96,232112
7498,0.007774,74.125.200.0-255,5738,184023,96,232112
7499,0.007781,172.31.47.0-255,66,184089,96,232112
7500,0.010365,74.125.200.0-255,5738,189827,96,232112
7501,0.010376,172.31.47.0-255,66,189893,96,232112
7502,0.01299,74.125.200.0-255,5738,195631,96,232112
7503,0.013001,172.31.47.0-255,66,195697,96,232112
7504,0.015584,74.125.200.0-255,5738,201435,96,232112
7505,0.015595,172.31.47.0-255,66,201501,96,232112
7506,0.018178,74.125.200.0-255,4320,205821,96,232112
7507,0.018186,172.31.47.0-255,66,205887,96,232112
7508,0.018226,74.125.200.0-255,1484,207371,96,232112
7509,0.02076,74.125.200.0-255,4320,211691,96,232112
7510,0.020765,172.31.47.0-255,66,211757,96,232112
7511,0.023344,74.125.200.0-255,4320,216077,96,232112
7512,0.02335,172.31.47.0-255,66,216143,96,232112
7513,0.023369,74.125.200.0-255,1484,217627,96,232112
7514,0.024163,172.31.47.0-255,172,217799,96,232112
7515,0.024197,172.31.47.0-255,1111,218910,96,232112
7516,0.024258,172.31.47.0-255,1514,220424,96,232112
7517,0.02426,172.31.47.0-255,1300,221724,96,232112
7518,0.025689,104.244.42.0-255,66,221790,96,232112
7519,0.025739,104.244.42.0-255,66,221856,96,232112
7520,0.025839,104.244.42.0-255,66,221922,96,232112
7521,0.025932,74.125.200.0-255,4320,226242,96,232112
7522,0.025936,172.31.47.0-255,66,226308,96,232112
7523,0.028522,74.125.200.0-255,5738,232046,96,232112
7524,0.028532,172.31.47.0-255,66,232112,96,232112
7525,0.0,172.31.47.0-255,105,105,96,105
7526,0.0,172.217.194.0-255,153,153,96,238611
7527,2.2e-05,172.31.47.0-255,66,219,96,238611
7528,4.2e-05,172.217.194.0-255,1484,1703,96,238611
7529,5.2e-05,172.31.47.0-255,66,1769,96,238611
7530,5.7e-05,172.217.194.0-255,2902,4671,96,238611
7531,6e-05,172.31.47.0-255,66,4737,96,238611
7532,6.7e-05,172.217.194.0-255,7156,11893,96,238611
7533,7e-05,172.31.47.0-255,66,11959,96,238611
7534,7.4e-05,172.217.194.0-255,2181,14140,96,238611
7535,7.6e-05,172.31.47.0-255,66,14206,96,238611
7536,0.000162,172.217.194.0-255,1484,15690,96,238611
7537,0.000165,172.31.47.0-255,66,15756,96,238611
7538,0.00017,172.217.194.0-255,2902,18658,96,238611
7539,0.000172,172.31.47.0-255,66,18724,96,238611
7540,0.000177,172.217.194.0-255,4320,23044,96,238611
7541,0.000179,172.31.47.0-255,66,23110,96,238611
7542,0.000188,172.217.194.0-255,4320,27430,96,238611
7543,0.00019,172.31.47.0-255,66,27496,96,238611
7544,0.000216,172.217.194.0-255,1484,28980,96,238611
7545,0.000218,172.31.47.0-255,66,29046,96,238611
7546,0.000223,172.217.194.0-255,2543,31589,96,238611
7547,0.000224,172.31.47.0-255,66,31655,96,238611
7548,0.000271,172.217.194.0-255,1484,33139,96,238611
7549,0.000275,172.31.47.0-255,66,33205,96,238611
7550,0.000278,172.217.194.0-255,1484,34689,96,238611
7551,0.00028,172.31.47.0-255,66,34755,96,238611
7552,0.000298,172.217.194.0-255,1484,36239,96,238611
7553,0.0003,172.31.47.0-255,66,36305,96,238611
7554,0.000309,172.217.194.0-255,5738,42043,96,238611
7555,0.000311,172.31.47.0-255,66,42109,96,238611
7556,0.00033,172.217.194.0-255,1484,43593,96,238611
7557,0.000331,172.31.47.0-255,66,43659,96,238611
7558,0.000352,172.217.194.0-255,5379,49038,96,238611
7559,0.000355,172.31.47.0-255,66,49104,96,238611
7560,0.000601,172.217.194.0-255,1484,50588,96,238611
7561,0.000607,172.217.194.0-255,1484,52072,96,238611
7562,0.00061,172.31.47.0-255,66,52138,96,238611
7563,0.000634,172.217.194.0-255,1484,53622,96,238611
7564,0.000641,172.217.194.0-255,5738,59360,96,238611
7565,0.000643,172.31.47.0-255,66,59426,96,238611
7566,0.000648,172.217.194.0-255,4320,63746,96,238611
7567,0.00065,172.31.47.0-255,66,63812,96,238611
7568,0.000669,172.217.194.0-255,2543,66355,96,238611
7569,0.000677,172.31.47.0-255,66,66421,96,238611
7570,0.00068,172.217.194.0-255,381,66802,96,238611
7571,0.000718,172.217.194.0-255,362,67164,96,238611
7572,0.000811,172.217.194.0-255,1484,68648,96,238611
7573,0.000814,172.31.47.0-255,66,68714,96,238611
7574,0.000819,172.217.194.0-255,2902,71616,96,238611
7575,0.000821,172.31.47.0-255,66,71682,96,238611
7576,0.000848,172.217.194.0-255,5738,77420,96,238611
7577,0.000851,172.31.47.0-255,66,77486,96,238611
7578,0.000885,172.217.194.0-255,4320,81806,96,238611
7579,0.000888,172.31.47.0-255,66,81872,96,238611
7580,0.000922,172.217.194.0-255,5379,87251,96,238611
7581,0.000931,172.217.194.0-255,1484,88735,96,238611
7582,0.000935,172.31.47.0-255,66,88801,96,238611
7583,0.000959,172.31.47.0-255,66,88867,96,238611
7584,0.000965,172.217.194.0-255,2543,91410,96,238611
7585,0.000967,172.31.47.0-255,66,91476,96,238611
7586,0.001275,172.217.194.0-255,1484,92960,96,238611
7587,0.00128,172.217.194.0-255,2902,95862,96,238611
7588,0.001283,172.31.47.0-255,66,95928,96,238611
7589,0.001301,172.217.194.0-255,5738,101666,96,238611
7590,0.001306,172.31.47.0-255,66,101732,96,238611
7591,0.001337,172.31.47.0-255,66,101798,96,238611
7592,0.001347,172.217.194.0-255,1484,103282,96,238611
7593,0.001377,172.31.47.0-255,66,103348,96,238611
7594,0.001983,172.217.194.0-255,1484,104832,96,238611
7595,0.001992,172.217.194.0-255,2902,107734,96,238611
7596,0.001996,172.31.47.0-255,66,107800,96,238611
7597,0.002001,172.217.194.0-255,2902,110702,96,238611
7598,0.002003,172.31.47.0-255,66,110768,96,238611
7599,0.002036,172.217.194.0-255,2902,113670,96,238611
7600,0.002038,172.31.47.0-255,66,113736,96,238611
7601,0.00205,172.31.47.0-255,66,113802,96,238611
7602,0.002057,172.217.194.0-255,7156,120958,96,238611
7603,0.002059,172.31.47.0-255,66,121024,96,238611
7604,0.002092,172.217.194.0-255,3602,124626,96,238611
7605,0.002094,172.31.47.0-255,66,124692,96,238611
7606,0.002121,172.217.194.0-255,4320,129012,96,238611
7607,0.002123,172.31.47.0-255,66,129078,96,238611
7608,0.002126,172.217.194.0-255,1484,130562,96,238611
7609,0.002153,172.217.194.0-255,5738,136300,96,238611
7610,0.002155,172.31.47.0-255,66,136366,96,238611
7611,0.002163,172.217.194.0-255,7156,143522,96,238611
7612,0.002165,172.31.47.0-255,66,143588,96,238611
7613,0.002192,172.217.194.0-255,5738,149326,96,238611
7614,0.002194,172.31.47.0-255,66,149392,96,238611
7615,0.0022,172.217.194.0-255,4320,153712,96,238611
7616,0.002202,172.31.47.0-255,66,153778,96,238611
7617,0.002235,172.217.194.0-255,5020,158798,96,238611
7618,0.002242,172.31.47.0-255,66,158864,96,238611
7619,0.004369,172.217.194.0-255,5738,164602,96,238611
7620,0.004375,172.31.47.0-255,66,164668,96,238611
7621,0.006466,172.217.194.0-255,5738,170406,96,238611
7622,0.006472,172.31.47.0-255,66,170472,96,238611
7623,0.008564,172.217.194.0-255,5738,176210,96,238611
7624,0.00857,172.31.47.0-255,66,176276,96,238611
7625,0.010695,172.217.194.0-255,5738,182014,96,238611
7626,0.010701,172.31.47.0-255,66,182080,96,238611
7627,0.012788,172.217.194.0-255,5738,187818,96,238611
7628,0.012795,172.31.47.0-255,66,187884,96,238611
7629,0.014885,172.217.194.0-255,5738,193622,96,238611
7630,0.014896,172.31.47.0-255,66,193688,96,238611
7631,0.017026,172.217.194.0-255,5738,199426,96,238611
7632,0.017034,172.31.47.0-255,66,199492,96,238611
7633,0.019138,172.217.194.0-255,5738,205230,96,238611
7634,0.019144,172.31.47.0-255,66,205296,96,238611
7635,0.021225,172.217.194.0-255,5738,211034,96,238611
7636,0.021231,172.31.47.0-255,66,211100,96,238611
7637,0.023323,172.217.194.0-255,5738,216838,96,238611
7638,0.02333,172.31.47.0-255,66,216904,96,238611
7639,0.024441,172.31.47.0-255,172,217076,96,238611
7640,0.024475,172.31.47.0-255,1109,218185,96,238611
7641,0.024535,172.31.47.0-255,1514,219699,96,238611
7642,0.024536,172.31.47.0-255,1302,221001,96,238611
7643,0.02545,172.217.194.0-255,5738,226739,96,238611
7644,0.025456,172.31.47.0-255,66,226805,96,238611
7645,0.025999,104.244.42.0-255,66,226871,96,238611
7646,0.026038,104.244.42.0-255,66,226937,96,238611
7647,0.026091,104.244.42.0-255,66,227003,96,238611
7648,0.02759,172.217.194.0-255,5738,232741,96,238611
7649,0.027595,172.31.47.0-255,66,232807,96,238611
7650,0.029669,172.217.194.0-255,5738,238545,96,238611
7651,0.029675,172.31.47.0-255,66,238611,96,238611
7652,0.0,172.217.24.0-255,153,153,96,201811
7653,2.9e-05,172.31.47.0-255,66,219,96,201811
7654,3.6e-05,172.217.24.0-255,1484,1703,96,201811
7655,3.9e-05,172.31.47.0-255,66,1769,96,201811
7656,5.2e-05,172.217.24.0-255,2902,4671,96,201811
7657,5.5e-05,172.31.47.0-255,66,4737,96,201811
7658,6.2e-05,172.217.24.0-255,5738,10475,96,201811
7659,6.4e-05,172.31.47.0-255,66,10541,96,201811
7660,0.0001,172.217.24.0-255,3518,14059,96,201811
7661,0.000102,172.31.47.0-255,66,14125,96,201811
7662,0.0004,172.217.24.0-255,1484,15609,96,201811
7663,0.000405,172.31.47.0-255,66,15675,96,201811
7664,0.000414,172.217.24.0-255,2902,18577,96,201811
7665,0.000416,172.31.47.0-255,66,18643,96,201811
7666,0.000422,172.217.24.0-255,5738,24381,96,201811
7667,0.000424,172.31.47.0-255,66,24447,96,201811
7668,0.000438,172.217.24.0-255,6797,31244,96,201811
7669,0.000441,172.31.47.0-255,66,31310,96,201811
7670,0.000559,172.217.24.0-255,1484,32794,96,201811
7671,0.000563,172.31.47.0-255,66,32860,96,201811
7672,0.000569,172.217.24.0-255,2902,35762,96,201811
7673,0.000571,172.31.47.0-255,66,35828,96,201811
7674,0.000576,172.217.24.0-255,4320,40148,96,201811
7675,0.000579,172.31.47.0-255,66,40214,96,201811
7676,0.000614,172.217.24.0-255,1484,41698,96,201811
7677,0.000617,172.31.47.0-255,66,41764,96,201811
7678,0.000622,172.217.24.0-255,4320,46084,96,201811
7679,0.000625,172.31.47.0-255,66,46150,96,201811
7680,0.000658,172.217.24.0-255,2543,48693,96,201811
7681,0.000661,172.31.47.0-255,66,48759,96,201811
7682,0.001475,172.217.24.0-255,1484,50243,96,201811
7683,0.001482,172.31.47.0-255,66,50309,96,201811
7684,0.001488,172.217.24.0-255,2902,53211,96,201811
7685,0.00149,172.31.47.0-255,66,53277,96,201811
7686,0.001496,172.217.24.0-255,5738,59015,96,201811
7687,0.001498,172.31.47.0-255,66,59081,96,201811
7688,0.001507,172.217.24.0-255,4320,63401,96,201811
7689,0.00151,172.31.47.0-255,66,63467,96,201811
7690,0.00155,172.217.24.0-255,2543,66010,96,201811
7691,0.001553,172.31.47.0-255,66,66076,96,201811
7692,0.001578,172.217.24.0-255,2902,68978,96,201811
7693,0.00158,172.31.47.0-255,66,69044,96,201811
7694,0.001583,172.217.24.0-255,1484,70528,96,201811
7695,0.00161,172.217.24.0-255,5738,76266,96,201811
7696,0.001613,172.31.47.0-255,66,76332,96,201811
7697,0.001617,172.217.24.0-255,4320,80652,96,201811
7698,0.00162,172.31.47.0-255,66,80718,96,201811
7699,0.001677,172.217.24.0-255,4541,85259,96,201811
7700,0.00168,172.31.47.0-255,66,85325,96,201811
7701,0.001685,172.217.24.0-255,5738,91063,96,201811
7702,0.001688,172.31.47.0-255,66,91129,96,201811
7703,0.001704,172.217.24.0-255,2902,94031,96,201811
7704,0.001706,172.31.47.0-255,66,94097,96,201811
7705,0.001735,172.217.24.0-255,6797,100894,96,201811
7706,0.001738,172.31.47.0-255,66,100960,96,201811
7707,0.001767,172.217.24.0-255,1484,102444,96,201811
7708,0.001801,172.217.24.0-255,2902,105346,96,201811
7709,0.001804,172.31.47.0-255,66,105412,96,201811
7710,0.001828,172.217.24.0-255,4320,109732,96,201811
7711,0.00183,172.31.47.0-255,66,109798,96,201811
7712,0.001836,172.217.24.0-255,4320,114118,96,201811
7713,0.001838,172.31.47.0-255,66,114184,96,201811
7714,0.001865,172.217.24.0-255,3297,117481,96,201811
7715,0.001868,172.31.47.0-255,66,117547,96,201811
7716,0.00376,172.217.24.0-255,1484,119031,96,201811
7717,0.003784,172.217.24.0-255,4320,123351,96,201811
7718,0.003789,172.31.47.0-255,66,123417,96,201811
7719,0.005695,172.217.24.0-255,5738,129155,96,201811
7720,0.005702,172.31.47.0-255,66,129221,96,201811
7721,0.007599,172.217.24.0-255,5738,134959,96,201811
7722,0.007605,172.31.47.0-255,66,135025,96,201811
7723,0.009512,172.217.24.0-255,5738,140763,96,201811
7724,0.009521,172.31.47.0-255,66,140829,96,201811
7725,0.011423,172.217.24.0-255,5738,146567,96,201811
7726,0.01143,172.31.47.0-255,66,146633,96,201811
7727,0.01334,172.217.24.0-255,5738,152371,96,201811
7728,0.013347,172.31.47.0-255,66,152437,96,201811
7729,0.015253,172.217.24.0-255,5738,158175,96,201811
7730,0.01526,172.31.47.0-255,66,158241,96,201811
7731,0.017174,172.217.24.0-255,5738,163979,96,201811
7732,0.017181,172.31.47.0-255,66,164045,96,201811
7733,0.019098,172.217.24.0-255,5738,169783,96,201811
7734,0.019105,172.31.47.0-255,66,169849,96,201811
7735,0.021011,172.217.24.0-255,5738,175587,96,201811
7736,0.021018,172.31.47.0-255,66,175653,96,201811
7737,0.021481,172.31.47.0-255,171,175824,96,201811
7738,0.021512,172.31.47.0-255,1125,176949,96,201811
7739,0.021548,172.31.47.0-255,1514,178463,96,201811
7740,0.02155,172.31.47.0-255,1286,179749,96,201811
7741,0.022928,172.217.24.0-255,5738,185487,96,201811
7742,0.022935,172.31.47.0-255,66,185553,96,201811
7743,0.023042,104.244.42.0-255,66,185619,96,201811
7744,0.023068,104.244.42.0-255,66,185685,96,201811
7745,0.0231,104.244.42.0-255,66,185751,96,201811
7746,0.024839,172.217.24.0-255,4320,190071,96,201811
7747,0.024845,172.31.47.0-255,66,190137,96,201811
7748,0.024877,172.217.24.0-255,1484,191621,96,201811
7749,0.026742,172.217.24.0-255,4320,195941,96,201811
7750,0.026747,172.31.47.0-255,66,196007,96,201811
7751,0.028658,172.217.24.0-255,5738,201745,96,201811
7752,0.028664,172.31.47.0-255,66,201811,96,201811
7753,0.0,74.125.24.0-255,66,66,96,66
7754,0.0,74.125.24.0-255,153,153,96,177262
7755,2.5e-05,172.31.47.0-255,66,219,96,177262
7756,3.2e-05,74.125.24.0-255,1484,1703,96,177262
7757,3.6e-05,172.31.47.0-255,66,1769,96,177262
7758,5.1e-05,74.125.24.0-255,2902,4671,96,177262
7759,5.4e-05,172.31.47.0-255,66,4737,96,177262
7760,6.2e-05,74.125.24.0-255,7156,11893,96,177262
7761,6.4e-05,172.31.47.0-255,66,11959,96,177262
7762,6.8e-05,74.125.24.0-255,2066,14025,96,177262
7763,7.1e-05,172.31.47.0-255,66,14091,96,177262
7764,0.000322,74.125.24.0-255,1484,15575,96,177262
7765,0.000327,172.31.47.0-255,66,15641,96,177262
7766,0.000334,74.125.24.0-255,2902,18543,96,177262
7767,0.000337,172.31.47.0-255,66,18609,96,177262
7768,0.000372,74.125.24.0-255,5738,24347,96,177262
7769,0.000376,172.31.47.0-255,66,24413,96,177262
7770,0.000383,74.125.24.0-255,6797,31210,96,177262
7771,0.000386,172.31.47.0-255,66,31276,96,177262
7772,0.000442,74.125.24.0-255,5738,37014,96,177262
7773,0.000446,172.31.47.0-255,66,37080,96,177262
7774,0.000454,74.125.24.0-255,7156,44236,96,177262
7775,0.000457,172.31.47.0-255,66,44302,96,177262
7776,0.00049,74.125.24.0-255,3961,48263,96,177262
7777,0.000495,172.31.47.0-255,66,48329,96,177262
7778,0.001156,74.125.24.0-255,1484,49813,96,177262
7779,0.001162,172.31.47.0-255,66,49879,96,177262
7780,0.001171,74.125.24.0-255,2902,52781,96,177262
7781,0.001174,172.31.47.0-255,66,52847,96,177262
7782,0.001188,74.125.24.0-255,5738,58585,96,177262
7783,0.001191,172.31.47.0-255,66,58651,96,177262
7784,0.001196,74.125.24.0-255,2902,61553,96,177262
7785,0.001198,172.31.47.0-255,66,61619,96,177262
7786,0.001225,74.125.24.0-255,1484,63103,96,177262
7787,0.001232,74.125.24.0-255,4320,67423,96,177262
7788,0.001236,172.31.47.0-255,66,67489,96,177262
7789,0.001275,172.31.47.0-255,66,67555,96,177262
7790,0.001291,172.31.47.0-255,66,67621,96,177262
7791,0.001295,74.125.24.0-255,1484,69105,96,177262
7792,0.0013,74.125.24.0-255,2902,72007,96,177262
7793,0.001302,172.31.47.0-255,66,72073,96,177262
7794,0.001315,74.125.24.0-255,2902,74975,96,177262
7795,0.001318,172.31.47.0-255,66,75041,96,177262
7796,0.001346,74.125.24.0-255,2902,77943,96,177262
7797,0.001353,172.31.47.0-255,66,78009,96,177262
7798,0.001373,74.125.24.0-255,6797,84806,96,177262
7799,0.001376,172.31.47.0-255,66,84872,96,177262
7800,0.002021,74.125.24.0-255,1484,86356,96,177262
7801,0.002036,74.125.24.0-255,2902,89258,96,177262
7802,0.002038,172.31.47.0-255,66,89324,96,177262
7803,0.002065,74.125.24.0-255,4320,93644,96,177262
7804,0.002068,172.31.47.0-255,66,93710,96,177262
7805,0.002075,74.125.24.0-255,7156,100866,96,177262
7806,0.002077,172.31.47.0-255,66,100932,96,177262
7807,0.002099,74.125.24.0-255,1484,102416,96,177262
7808,0.002129,172.31.47.0-255,66,102482,96,177262
7809,0.002156,74.125.24.0-255,3602,106084,96,177262
7810,0.002158,172.31.47.0-255,66,106150,96,177262
7811,0.004589,74.125.24.0-255,1484,107634,96,177262
7812,0.004598,74.125.24.0-255,2902,110536,96,177262
7813,0.004603,172.31.47.0-255,66,110602,96,177262
7814,0.004608,74.125.24.0-255,1484,112086,96,177262
7815,0.006892,74.125.24.0-255,4320,116406,96,177262
7816,0.006898,172.31.47.0-255,66,116472,96,177262
7817,0.009181,74.125.24.0-255,5738,122210,96,177262
7818,0.009192,172.31.47.0-255,66,122276,96,177262
7819,0.011456,74.125.24.0-255,5738,128014,96,177262
7820,0.011468,172.31.47.0-255,66,128080,96,177262
7821,0.013738,74.125.24.0-255,5738,133818,96,177262
7822,0.013755,172.31.47.0-255,66,133884,96,177262
7823,0.016036,74.125.24.0-255,5738,139622,96,177262
7824,0.016046,172.31.47.0-255,66,139688,96,177262
7825,0.018319,74.125.24.0-255,5738,145426,96,177262
7826,0.018327,172.31.47.0-255,66,145492,96,177262
7827,0.020615,74.125.24.0-255,5738,151230,96,177262
7828,0.020625,172.31.47.0-255,66,151296,96,177262
7829,0.022917,74.125.24.0-255,5738,157034,96,177262
7830,0.022931,172.31.47.0-255,66,157100,96,177262
7831,0.025207,74.125.24.0-255,4320,161420,96,177262
7832,0.025213,172.31.47.0-255,66,161486,96,177262
7833,0.025263,74.125.24.0-255,1484,162970,96,177262
7834,0.02748,74.125.24.0-255,4320,167290,96,177262
7835,0.027492,172.31.47.0-255,66,167356,96,177262
7836,0.029263,172.31.47.0-255,176,167532,96,177262
7837,0.029295,172.31.47.0-255,1105,168637,96,177262
7838,0.02934,172.31.47.0-255,1514,170151,96,177262
7839,0.029342,172.31.47.0-255,1307,171458,96,177262
7840,0.029738,74.125.24.0-255,5738,177196,96,177262
7841,0.029745,172.31.47.0-255,66,177262,96,177262
7842,0.0,74.125.24.0-255,146,146,96,278175
7843,2.4e-05,172.31.47.0-255,66,212,96,278175
7844,3.1e-05,74.125.24.0-255,1484,1696,96,278175
7845,3.5e-05,172.31.47.0-255,66,1762,96,278175
7846,3.9e-05,74.125.24.0-255,2902,4664,96,278175
7847,4.8e-05,172.31.47.0-255,66,4730,96,278175
7848,5.3e-05,74.125.24.0-255,7156,11886,96,278175
7849,5.6e-05,172.31.47.0-255,66,11952,96,278175
7850,8.3e-05,74.125.24.0-255,2092,14044,96,278175
7851,8.5e-05,172.31.47.0-255,66,14110,96,278175
7852,0.000144,74.125.24.0-255,1484,15594,96,278175
7853,0.000147,172.31.47.0-255,66,15660,96,278175
7854,0.000152,74.125.24.0-255,2902,18562,96,278175
7855,0.000155,172.31.47.0-255,66,18628,96,278175
7856,0.00019,74.125.24.0-255,5738,24366,96,278175
7857,0.000193,172.31.47.0-255,66,24432,96,278175
7858,0.000196,74.125.24.0-255,1484,25916,96,278175
7859,0.000197,172.31.47.0-255,66,25982,96,278175
7860,0.000239,172.31.47.0-255,66,26048,96,278175
7861,0.000264,74.125.24.0-255,5379,31427,96,278175
7862,0.000268,172.31.47.0-255,66,31493,96,278175
7863,0.000273,74.125.24.0-255,4320,35813,96,278175
7864,0.000276,172.31.47.0-255,66,35879,96,278175
7865,0.000298,74.125.24.0-255,3961,39840,96,278175
7866,0.000301,172.31.47.0-255,66,39906,96,278175
7867,0.000316,172.31.47.0-255,66,39972,96,278175
7868,0.000323,74.125.24.0-255,5738,45710,96,278175
7869,0.000325,172.31.47.0-255,66,45776,96,278175
7870,0.000376,74.125.24.0-255,2543,48319,96,278175
7871,0.00038,172.31.47.0-255,66,48385,96,278175
7872,0.000382,74.125.24.0-255,360,48745,96,278175
7873,0.000383,172.31.47.0-255,66,48811,96,278175
7874,0.000468,74.125.24.0-255,127,48938,96,278175
7875,0.000489,74.125.24.0-255,352,49290,96,278175
7876,0.000578,74.125.24.0-255,1484,50774,96,278175
7877,0.000583,74.125.24.0-255,2902,53676,96,278175
7878,0.00059,172.31.47.0-255,66,53742,96,278175
7879,0.000601,74.125.24.0-255,5738,59480,96,278175
7880,0.000606,172.31.47.0-255,66,59546,96,278175
7881,0.000631,74.125.24.0-255,6249,65795,96,278175
7882,0.000637,172.31.47.0-255,66,65861,96,278175
7883,0.000764,74.125.24.0-255,1484,67345,96,278175
7884,0.000769,74.125.24.0-255,2902,70247,96,278175
7885,0.000773,172.31.47.0-255,66,70313,96,278175
7886,0.000789,74.125.24.0-255,2902,73215,96,278175
7887,0.000798,172.31.47.0-255,66,73281,96,278175
7888,0.0008,74.125.24.0-255,2902,76183,96,278175
7889,0.000815,172.31.47.0-255,66,76249,96,278175
7890,0.000839,74.125.24.0-255,2902,79151,96,278175
7891,0.00085,172.31.47.0-255,66,79217,96,278175
7892,0.00087,172.31.47.0-255,66,79283,96,278175
7893,0.001009,74.125.24.0-255,1484,80767,96,278175
7894,0.001015,74.125.24.0-255,2902,83669,96,278175
7895,0.001018,172.31.47.0-255,66,83735,96,278175
7896,0.001024,74.125.24.0-255,4320,88055,96,278175
7897,0.001033,172.31.47.0-255,66,88121,96,278175
7898,0.001042,74.125.24.0-255,1484,89605,96,278175
7899,0.001051,74.125.24.0-255,4320,93925,96,278175
7900,0.001057,172.31.47.0-255,66,93991,96,278175
7901,0.001092,172.31.47.0-255,66,94057,96,278175
7902,0.001107,74.125.24.0-255,766,94823,96,278175
7903,0.001107,172.31.47.0-255,66,94889,96,278175
7904,0.001124,74.125.24.0-255,1484,96373,96,278175
7905,0.001127,172.31.47.0-255,66,96439,96,278175
7906,0.001155,74.125.24.0-255,4320,100759,96,278175
7907,0.001158,74.125.24.0-255,1484,102243,96,278175
7908,0.001172,172.31.47.0-255,66,102309,96,278175
7909,0.001178,74.125.24.0-255,5738,108047,96,278175
7910,0.001181,74.125.24.0-255,1484,109531,96,278175
7911,0.001185,172.31.47.0-255,66,109597,96,278175
7912,0.001213,74.125.24.0-255,7156,116753,96,278175
7913,0.001218,172.31.47.0-255,66,116819,96,278175
7914,0.001219,74.125.24.0-255,2902,119721,96,278175
7915,0.001222,172.31.47.0-255,66,119787,96,278175
7916,0.0013,74.125.24.0-255,1484,121271,96,278175
7917,0.001304,74.125.24.0-255,2902,124173,96,278175
7918,0.001307,74.125.24.0-255,2902,127075,96,278175
7919,0.001312,172.31.47.0-255,66,127141,96,278175
7920,0.001339,74.125.24.0-255,4320,131461,96,278175
7921,0.001342,74.125.24.0-255,1484,132945,96,278175
7922,0.001344,172.31.47.0-255,66,133011,96,278175
7923,0.001378,74.125.24.0-255,7156,140167,96,278175
7924,0.001383,74.125.24.0-255,5738,145905,96,278175
7925,0.001404,74.125.24.0-255,5738,151643,96,278175
7926,0.001421,74.125.24.0-255,2184,153827,96,278175
7927,0.001435,172.31.47.0-255,66,153893,96,278175
7928,0.001442,74.125.24.0-255,2902,156795,96,278175
7929,0.001451,172.31.47.0-255,66,156861,96,278175
7930,0.00146,74.125.24.0-255,4320,161181,96,278175
7931,0.001465,172.31.47.0-255,66,161247,96,278175
7932,0.001478,74.125.24.0-255,2902,164149,96,278175
7933,0.001488,74.125.24.0-255,5738,169887,96,278175
7934,0.001489,172.31.47.0-255,66,169953,96,278175
7935,0.001493,172.31.47.0-255,66,170019,96,278175
7936,0.001537,172.31.47.0-255,66,170085,96,278175
7937,0.001542,74.125.24.0-255,3602,173687,96,278175
7938,0.001548,172.31.47.0-255,66,173753,96,278175
7939,0.001584,74.125.24.0-255,1484,175237,96,278175
7940,0.001601,74.125.24.0-255,2902,178139,96,278175
7941,0.001607,74.125.24.0-255,5738,183877,96,278175
7942,0.001617,172.31.47.0-255,66,183943,96,278175
7943,0.001652,172.31.47.0-255,66,184009,96,278175
7944,0.001673,74.125.24.0-255,2902,186911,96,278175
7945,0.001683,172.31.47.0-255,66,186977,96,278175
7946,0.001688,172.31.47.0-255,66,187043,96,278175
7947,0.00187,74.125.24.0-255,1484,188527,96,278175
7948,0.001876,74.125.24.0-255,1484,190011,96,278175
7949,0.00188,172.31.47.0-255,66,190077,96,278175
7950,0.001899,74.125.24.0-255,1484,191561,96,278175
7951,0.001905,74.125.24.0-255,5738,197299,96,278175
7952,0.001908,172.31.47.0-255,66,197365,96,278175
7953,0.00195,172.31.47.0-255,66,197431,96,278175
7954,0.001961,74.125.24.0-255,2902,200333,96,278175
7955,0.001975,172.31.47.0-255,66,200399,96,278175
7956,0.001981,74.125.24.0-255,2902,203301,96,278175
7957,0.001992,172.31.47.0-255,66,203367,96,278175
7958,0.00203,172.31.47.0-255,66,203433,96,278175
7959,0.002068,74.125.24.0-255,1484,204917,96,278175
7960,0.002087,74.125.24.0-255,2902,207819,96,278175
7961,0.002098,172.31.47.0-255,66,207885,96,278175
7962,0.002108,74.125.24.0-255,2902,210787,96,278175
7963,0.002115,172.31.47.0-255,66,210853,96,278175
7964,0.002144,74.125.24.0-255,1484,212337,96,278175
7965,0.002159,74.125.24.0-255,4320,216657,96,278175
7966,0.002161,74.125.24.0-255,1484,218141,96,278175
7967,0.002169,172.31.47.0-255,66,218207,96,278175
7968,0.002201,74.125.24.0-255,7156,225363,96,278175
7969,0.002206,172.31.47.0-255,66,225429,96,278175
7970,0.002207,74.125.24.0-255,3602,229031,96,278175
7971,0.002211,172.31.47.0-255,66,229097,96,278175
7972,0.002237,74.125.24.0-255,2902,231999,96,278175
7973,0.002247,172.31.47.0-255,66,232065,96,278175
7974,0.002276,74.125.24.0-255,5738,237803,96,278175
7975,0.002281,74.125.24.0-255,2902,240705,96,278175
7976,0.002285,172.31.47.0-255,66,240771,96,278175
7977,0.00229,172.31.47.0-255,66,240837,96,278175
7978,0.002336,172.31.47.0-255,66,240903,96,278175
7979,0.002356,74.125.24.0-255,1484,242387,96,278175
7980,0.002365,74.125.24.0-255,1484,243871,96,278175
7981,0.002368,172.31.47.0-255,66,243937,96,278175
7982,0.002371,74.125.24.0-255,7156,251093,96,278175
7983,0.002376,74.125.24.0-255,3602,254695,96,278175
7984,0.002379,74.125.24.0-255,2902,257597,96,278175
7985,0.002383,172.31.47.0-255,66,257663,96,278175
7986,0.002391,74.125.24.0-255,4320,261983,96,278175
7987,0.002396,172.31.47.0-255,66,262049,96,278175
7988,0.002432,74.125.24.0-255,7156,269205,96,278175
7989,0.002436,74.125.24.0-255,1484,270689,96,278175
7990,0.002448,172.31.47.0-255,66,270755,96,278175
7991,0.002449,74.125.24.0-255,2717,273472,96,278175
7992,0.002452,172.31.47.0-255,66,273538,96,278175
7993,0.002492,74.125.24.0-255,105,273643,96,278175
7994,0.003743,172.31.47.0-255,66,273709,96,278175
7995,0.003764,172.31.47.0-255,105,273814,96,278175
7996,0.005771,74.125.24.0-255,66,273880,96,278175
7997,0.025719,172.31.47.0-255,172,274052,96,278175
7998,0.025772,172.31.47.0-255,1110,275162,96,278175
7999,0.0258,172.31.47.0-255,1514,276676,96,278175
8000,0.025802,172.31.47.0-255,1301,277977,96,278175
8001,0.027302,104.244.42.0-255,66,278043,96,278175
8002,0.027428,104.244.42.0-255,66,278109,96,278175
8003,0.027446,104.244.42.0-255,66,278175,96,278175
8004,0.0,74.125.24.0-255,153,153,96,240846
8005,1.4e-05,172.31.47.0-255,66,219,96,240846
8006,2e-05,74.125.24.0-255,1484,1703,96,240846
8007,2.5e-05,172.31.47.0-255,66,1769,96,240846
8008,2.9e-05,74.125.24.0-255,2902,4671,96,240846
8009,3.2e-05,172.31.47.0-255,66,4737,96,240846
8010,3.9e-05,74.125.24.0-255,7156,11893,96,240846
8011,4.2e-05,172.31.47.0-255,66,11959,96,240846
8012,7.4e-05,74.125.24.0-255,7156,19115,96,240846
8013,7.7e-05,172.31.47.0-255,66,19181,96,240846
8014,9.6e-05,172.31.47.0-255,66,19247,96,240846
8015,9.9e-05,74.125.24.0-255,1484,20731,96,240846
8016,0.000101,172.31.47.0-255,66,20797,96,240846
8017,0.000103,74.125.24.0-255,1125,21922,96,240846
8018,0.000105,172.31.47.0-255,66,21988,96,240846
8019,0.000148,74.125.24.0-255,1484,23472,96,240846
8020,0.00015,172.31.47.0-255,66,23538,96,240846
8021,0.000156,74.125.24.0-255,4320,27858,96,240846
8022,0.000158,172.31.47.0-255,66,27924,96,240846
8023,0.000175,74.125.24.0-255,4320,32244,96,240846
8024,0.000177,172.31.47.0-255,66,32310,96,240846
8025,0.000196,74.125.24.0-255,1484,33794,96,240846
8026,0.000199,172.31.47.0-255,66,33860,96,240846
8027,0.000234,172.31.47.0-255,66,33926,96,240846
8028,0.000244,172.31.47.0-255,66,33992,96,240846
8029,0.000403,74.125.24.0-255,135,34127,96,240846
8030,0.000407,172.31.47.0-255,66,34193,96,240846
8031,0.000522,74.125.24.0-255,1484,35677,96,240846
8032,0.000525,172.31.47.0-255,66,35743,96,240846
8033,0.00053,74.125.24.0-255,2902,38645,96,240846
8034,0.000533,172.31.47.0-255,66,38711,96,240846
8035,0.000553,74.125.24.0-255,5738,44449,96,240846
8036,0.000556,172.31.47.0-255,66,44515,96,240846
8037,0.000558,74.125.24.0-255,1484,45999,96,240846
8038,0.000569,74.125.24.0-255,2902,48901,96,240846
8039,0.000574,172.31.47.0-255,66,48967,96,240846
8040,0.000592,74.125.24.0-255,6797,55764,96,240846
8041,0.000594,172.31.47.0-255,66,55830,96,240846
8042,0.000622,172.31.47.0-255,66,55896,96,240846
8043,0.000636,74.125.24.0-255,343,56239,96,240846
8044,0.000855,74.125.24.0-255,1484,57723,96,240846
8045,0.000859,172.31.47.0-255,66,57789,96,240846
8046,0.000864,74.125.24.0-255,2902,60691,96,240846
8047,0.000866,172.31.47.0-255,66,60757,96,240846
8048,0.000871,74.125.24.0-255,5738,66495,96,240846
8049,0.000873,172.31.47.0-255,66,66561,96,240846
8050,0.000918,172.31.47.0-255,66,66627,96,240846
8051,0.000924,74.125.24.0-255,7156,73783,96,240846
8052,0.000926,172.31.47.0-255,66,73849,96,240846
8053,0.000958,74.125.24.0-255,3602,77451,96,240846
8054,0.00096,172.31.47.0-255,66,77517,96,240846
8055,0.001007,74.125.24.0-255,1484,79001,96,240846
8056,0.00101,74.125.24.0-255,1484,80485,96,240846
8057,0.001013,172.31.47.0-255,66,80551,96,240846
8058,0.001035,74.125.24.0-255,1484,82035,96,240846
8059,0.001041,74.125.24.0-255,5738,87773,96,240846
8060,0.001043,172.31.47.0-255,66,87839,96,240846
8061,0.001055,172.31.47.0-255,66,87905,96,240846
8062,0.001061,74.125.24.0-255,5738,93643,96,240846
8063,0.001063,172.31.47.0-255,66,93709,96,240846
8064,0.001076,74.125.24.0-255,1484,95193,96,240846
8065,0.001101,74.125.24.0-255,4320,99513,96,240846
8066,0.001104,172.31.47.0-255,66,99579,96,240846
8067,0.001124,74.125.24.0-255,2184,101763,96,240846
8068,0.001126,172.31.47.0-255,66,101829,96,240846
8069,0.001132,74.125.24.0-255,7156,108985,96,240846
8070,0.001134,172.31.47.0-255,66,109051,96,240846
8071,0.001144,172.31.47.0-255,66,109117,96,240846
8072,0.001172,74.125.24.0-255,7156,116273,96,240846
8073,0.001183,172.31.47.0-255,66,116339,96,240846
8074,0.001185,172.31.47.0-255,66,116405,96,240846
8075,0.001239,74.125.24.0-255,1484,117889,96,240846
8076,0.001251,74.125.24.0-255,2902,120791,96,240846
8077,0.001253,172.31.47.0-255,66,120857,96,240846
8078,0.00126,74.125.24.0-255,5738,126595,96,240846
8079,0.001261,172.31.47.0-255,66,126661,96,240846
8080,0.001309,172.31.47.0-255,66,126727,96,240846
8081,0.001315,74.125.24.0-255,5738,132465,96,240846
8082,0.001316,172.31.47.0-255,66,132531,96,240846
8083,0.00133,74.125.24.0-255,5020,137551,96,240846
8084,0.001333,172.31.47.0-255,66,137617,96,240846
8085,0.001381,74.125.24.0-255,1484,139101,96,240846
8086,0.001386,74.125.24.0-255,2902,142003,96,240846
8087,0.001388,172.31.47.0-255,66,142069,96,240846
8088,0.001408,74.125.24.0-255,5738,147807,96,240846
8089,0.00141,172.31.47.0-255,66,147873,96,240846
8090,0.001416,74.125.24.0-255,5738,153611,96,240846
8091,0.001417,172.31.47.0-255,66,153677,96,240846
8092,0.001437,74.125.24.0-255,5738,159415,96,240846
8093,0.00144,172.31.47.0-255,66,159481,96,240846
8094,0.001457,74.125.24.0-255,7156,166637,96,240846
8095,0.001459,172.31.47.0-255,66,166703,96,240846
8096,0.001464,74.125.24.0-255,2902,169605,96,240846
8097,0.001466,172.31.47.0-255,66,169671,96,240846
8098,0.001496,172.31.47.0-255,66,169737,96,240846
8099,0.00156,74.125.24.0-255,1484,171221,96,240846
8100,0.001563,74.125.24.0-255,2902,174123,96,240846
8101,0.001567,172.31.47.0-255,66,174189,96,240846
8102,0.00157,172.31.47.0-255,66,174255,96,240846
8103,0.00159,74.125.24.0-255,5738,179993,96,240846
8104,0.001593,172.31.47.0-255,66,180059,96,240846
8105,0.001598,74.125.24.0-255,5738,185797,96,240846
8106,0.001601,172.31.47.0-255,66,185863,96,240846
8107,0.00163,74.125.24.0-255,7156,193019,96,240846
8108,0.001634,172.31.47.0-255,66,193085,96,240846
8109,0.001643,172.31.47.0-255,66,193151,96,240846
8110,0.001662,74.125.24.0-255,5020,198171,96,240846
8111,0.001664,172.31.47.0-255,66,198237,96,240846
8112,0.00167,74.125.24.0-255,5738,203975,96,240846
8113,0.001672,172.31.47.0-255,66,204041,96,240846
8114,0.001706,172.31.47.0-255,66,204107,96,240846
8115,0.001714,74.125.24.0-255,2902,207009,96,240846
8116,0.001716,172.31.47.0-255,66,207075,96,240846
8117,0.001722,74.125.24.0-255,7156,214231,96,240846
8118,0.001724,172.31.47.0-255,66,214297,96,240846
8119,0.001739,74.125.24.0-255,5020,219317,96,240846
8120,0.001741,172.31.47.0-255,66,219383,96,240846
8121,0.001758,74.125.24.0-255,2902,222285,96,240846
8122,0.001761,172.31.47.0-255,66,222351,96,240846
8123,0.001799,172.31.47.0-255,66,222417,96,240846
8124,0.001805,74.125.24.0-255,6438,228855,96,240846
8125,0.001808,172.31.47.0-255,66,228921,96,240846
8126,0.001826,74.125.24.0-255,7156,236077,96,240846
8127,0.001828,172.31.47.0-255,66,236143,96,240846
8128,0.001852,172.31.47.0-255,66,236209,96,240846
8129,0.001866,74.125.24.0-255,105,236314,96,240846
8130,0.003901,172.31.47.0-255,66,236380,96,240846
8131,0.003936,172.31.47.0-255,105,236485,96,240846
8132,0.006165,74.125.24.0-255,66,236551,96,240846
8133,0.026817,172.31.47.0-255,172,236723,96,240846
8134,0.026847,172.31.47.0-255,1110,237833,96,240846
8135,0.026902,172.31.47.0-255,1514,239347,96,240846
8136,0.026904,172.31.47.0-255,1301,240648,96,240846
8137,0.028374,104.244.42.0-255,66,240714,96,240846
8138,0.028401,104.244.42.0-255,66,240780,96,240846
8139,0.028449,104.244.42.0-255,66,240846,96,240846
8140,0.0,172.217.194.0-255,304,304,96,199297
8141,1.3e-05,172.31.47.0-255,66,370,96,199297
8142,1.9e-05,172.217.194.0-255,1484,1854,96,199297
8143,2.2e-05,172.31.47.0-255,66,1920,96,199297
8144,2.8e-05,172.217.194.0-255,4320,6240,96,199297
8145,3.7e-05,172.31.47.0-255,66,6306,96,199297
8146,4.3e-05,172.217.194.0-255,7156,13462,96,199297
8147,4.6e-05,172.31.47.0-255,66,13528,96,199297
8148,8.5e-05,172.31.47.0-255,66,13594,96,199297
8149,9.8e-05,172.217.194.0-255,1930,15524,96,199297
8150,0.000103,172.31.47.0-255,66,15590,96,199297
8151,0.000108,172.217.194.0-255,3961,19551,96,199297
8152,0.00011,172.31.47.0-255,66,19617,96,199297
8153,0.000158,172.217.194.0-255,1484,21101,96,199297
8154,0.000161,172.31.47.0-255,66,21167,96,199297
8155,0.000164,172.217.194.0-255,1484,22651,96,199297
8156,0.000166,172.31.47.0-255,66,22717,96,199297
8157,0.000196,172.217.194.0-255,1484,24201,96,199297
8158,0.000198,172.31.47.0-255,66,24267,96,199297
8159,0.000204,172.217.194.0-255,5738,30005,96,199297
8160,0.000206,172.31.47.0-255,66,30071,96,199297
8161,0.000212,172.217.194.0-255,6797,36868,96,199297
8162,0.000214,172.31.47.0-255,66,36934,96,199297
8163,0.000218,172.217.194.0-255,2902,39836,96,199297
8164,0.00022,172.31.47.0-255,66,39902,96,199297
8165,0.000254,172.31.47.0-255,66,39968,96,199297
8166,0.000258,172.217.194.0-255,2833,42801,96,199297
8167,0.00026,172.31.47.0-255,66,42867,96,199297
8168,0.000262,172.217.194.0-255,99,42966,96,199297
8169,0.000264,172.31.47.0-255,66,43032,96,199297
8170,0.000412,172.217.194.0-255,1484,44516,96,199297
8171,0.000429,172.217.194.0-255,2902,47418,96,199297
8172,0.000433,172.31.47.0-255,66,47484,96,199297
8173,0.000438,172.217.194.0-255,5738,53222,96,199297
8174,0.00044,172.31.47.0-255,66,53288,96,199297
8175,0.000468,172.217.194.0-255,7156,60444,96,199297
8176,0.000471,172.31.47.0-255,66,60510,96,199297
8177,0.000496,172.217.194.0-255,6797,67307,96,199297
8178,0.000499,172.31.47.0-255,66,67373,96,199297
8179,0.000508,172.31.47.0-255,66,67439,96,199297
8180,0.001035,172.217.194.0-255,1484,68923,96,199297
8181,0.001041,172.217.194.0-255,2902,71825,96,199297
8182,0.001044,172.31.47.0-255,66,71891,96,199297
8183,0.001048,172.217.194.0-255,2902,74793,96,199297
8184,0.00105,172.31.47.0-255,66,74859,96,199297
8185,0.001079,172.217.194.0-255,2902,77761,96,199297
8186,0.001081,172.31.47.0-255,66,77827,96,199297
8187,0.001093,172.31.47.0-255,66,77893,96,199297
8188,0.001137,172.31.47.0-255,66,77959,96,199297
8189,0.001177,172.31.47.0-255,66,78025,96,199297
8190,0.001206,172.31.47.0-255,66,78091,96,199297
8191,0.001214,172.31.47.0-255,66,78157,96,199297
8192,0.001744,172.217.194.0-255,1484,79641,96,199297
8193,0.00175,172.217.194.0-255,2902,82543,96,199297
8194,0.001753,172.31.47.0-255,66,82609,96,199297
8195,0.001758,172.217.194.0-255,2902,85511,96,199297
8196,0.00176,172.31.47.0-255,66,85577,96,199297
8197,0.001785,172.217.194.0-255,2902,88479,96,199297
8198,0.001791,172.31.47.0-255,66,88545,96,199297
8199,0.001803,172.31.47.0-255,66,88611,96,199297
8200,0.00184,172.31.47.0-255,66,88677,96,199297
8201,0.001866,172.217.194.0-255,1484,90161,96,199297
8202,0.001882,172.217.194.0-255,2902,93063,96,199297
8203,0.001884,172.31.47.0-255,66,93129,96,199297
8204,0.00189,172.217.194.0-255,5738,98867,96,199297
8205,0.001892,172.31.47.0-255,66,98933,96,199297
8206,0.001921,172.31.47.0-255,66,98999,96,199297
8207,0.00195,172.217.194.0-255,2902,101901,96,199297
8208,0.001953,172.31.47.0-255,66,101967,96,199297
8209,0.001964,172.31.47.0-255,66,102033,96,199297
8210,0.001989,172.217.194.0-255,1484,103517,96,199297
8211,0.001993,172.217.194.0-255,2902,106419,96,199297
8212,0.001995,172.31.47.0-255,66,106485,96,199297
8213,0.002027,172.217.194.0-255,5738,112223,96,199297
8214,0.002029,172.31.47.0-255,66,112289,96,199297
8215,0.002034,172.217.194.0-255,4320,116609,96,199297
8216,0.002036,172.31.47.0-255,66,116675,96,199297
8217,0.00405,172.217.194.0-255,5738,122413,96,199297
8218,0.004058,172.31.47.0-255,66,122479,96,199297
8219,0.006067,172.217.194.0-255,5738,128217,96,199297
8220,0.006073,172.31.47.0-255,66,128283,96,199297
8221,0.008075,172.217.194.0-255,5738,134021,96,199297
8222,0.008081,172.31.47.0-255,66,134087,96,199297
8223,0.010082,172.217.194.0-255,5738,139825,96,199297
8224,0.010088,172.31.47.0-255,66,139891,96,199297
8225,0.012091,172.217.194.0-255,5738,145629,96,199297
8226,0.012098,172.31.47.0-255,66,145695,96,199297
8227,0.014107,172.217.194.0-255,5738,151433,96,199297
8228,0.014114,172.31.47.0-255,66,151499,96,199297
8229,0.016126,172.217.194.0-255,5738,157237,96,199297
8230,0.016134,172.31.47.0-255,66,157303,96,199297
8231,0.018129,172.217.194.0-255,5738,163041,96,199297
8232,0.018137,172.31.47.0-255,66,163107,96,199297
8233,0.020138,172.217.194.0-255,5738,168845,96,199297
8234,0.020144,172.31.47.0-255,66,168911,96,199297
8235,0.022141,172.217.194.0-255,5738,174649,96,199297
8236,0.022148,172.31.47.0-255,66,174715,96,199297
8237,0.024154,172.217.194.0-255,5738,180453,96,199297
8238,0.024159,172.31.47.0-255,66,180519,96,199297
8239,0.026134,172.217.194.0-255,5738,186257,96,199297
8240,0.026141,172.31.47.0-255,66,186323,96,199297
8241,0.02803,172.31.47.0-255,172,186495,96,199297
8242,0.028062,172.31.47.0-255,1109,187604,96,199297
8243,0.028123,172.31.47.0-255,1514,189118,96,199297
8244,0.028124,172.31.47.0-255,1514,190632,96,199297
8245,0.028129,172.31.47.0-255,1514,192146,96,199297
8246,0.02813,172.31.47.0-255,1083,193229,96,199297
8247,0.028161,172.217.194.0-255,5738,198967,96,199297
8248,0.028166,172.31.47.0-255,66,199033,96,199297
8249,0.029567,104.244.42.0-255,66,199099,96,199297
8250,0.029607,104.244.42.0-255,66,199165,96,199297
8251,0.029662,104.244.42.0-255,66,199231,96,199297
8252,0.029672,104.244.42.0-255,66,199297,96,199297
8253,0.0,74.125.68.0-255,153,153,96,221115
8254,1.6e-05,172.31.47.0-255,66,219,96,221115
8255,2.3e-05,74.125.68.0-255,1484,1703,96,221115
8256,2.7e-05,172.31.47.0-255,66,1769,96,221115
8257,3.3e-05,74.125.68.0-255,2902,4671,96,221115
8258,3.5e-05,172.31.47.0-255,66,4737,96,221115
8259,5e-05,74.125.68.0-255,5738,10475,96,221115
8260,5.3e-05,172.31.47.0-255,66,10541,96,221115
8261,5.8e-05,74.125.68.0-255,2902,13443,96,221115
8262,6.2e-05,172.31.47.0-255,66,13509,96,221115
8263,6.8e-05,74.125.68.0-255,3516,17025,96,221115
8264,7.1e-05,172.31.47.0-255,66,17091,96,221115
8265,0.00011,172.31.47.0-255,66,17157,96,221115
8266,0.000116,74.125.68.0-255,4320,21477,96,221115
8267,0.000118,172.31.47.0-255,66,21543,96,221115
8268,0.000143,74.125.68.0-255,1125,22668,96,221115
8269,0.000146,172.31.47.0-255,66,22734,96,221115
8270,0.000514,74.125.68.0-255,1484,24218,96,221115
8271,0.00052,172.31.47.0-255,66,24284,96,221115
8272,0.000526,74.125.68.0-255,2902,27186,96,221115
8273,0.000528,172.31.47.0-255,66,27252,96,221115
8274,0.000559,74.125.68.0-255,5738,32990,96,221115
8275,0.000562,172.31.47.0-255,66,33056,96,221115
8276,0.000567,74.125.68.0-255,4320,37376,96,221115
8277,0.000569,172.31.47.0-255,66,37442,96,221115
8278,0.000606,74.125.68.0-255,5379,42821,96,221115
8279,0.00061,172.31.47.0-255,66,42887,96,221115
8280,0.000616,74.125.68.0-255,4320,47207,96,221115
8281,0.000618,172.31.47.0-255,66,47273,96,221115
8282,0.000654,74.125.68.0-255,5738,53011,96,221115
8283,0.000658,172.31.47.0-255,66,53077,96,221115
8284,0.000663,74.125.68.0-255,4272,57349,96,221115
8285,0.000665,172.31.47.0-255,66,57415,96,221115
8286,0.000692,74.125.68.0-255,113,57528,96,221115
8287,0.000816,74.125.68.0-255,1484,59012,96,221115
8288,0.00082,172.31.47.0-255,66,59078,96,221115
8289,0.000826,74.125.68.0-255,2902,61980,96,221115
8290,0.000828,172.31.47.0-255,66,62046,96,221115
8291,0.000848,74.125.68.0-255,5738,67784,96,221115
8292,0.000855,172.31.47.0-255,66,67850,96,221115
8293,0.000874,74.125.68.0-255,4320,72170,96,221115
8294,0.000877,172.31.47.0-255,66,72236,96,221115
8295,0.000889,74.125.68.0-255,2543,74779,96,221115
8296,0.0009,74.125.68.0-255,7156,81935,96,221115
8297,0.000905,172.31.47.0-255,66,82001,96,221115
8298,0.000908,172.31.47.0-255,66,82067,96,221115
8299,0.000934,172.31.47.0-255,66,82133,96,221115
8300,0.001688,74.125.68.0-255,1484,83617,96,221115
8301,0.001697,74.125.68.0-255,2902,86519,96,221115
8302,0.0017,172.31.47.0-255,66,86585,96,221115
8303,0.001728,74.125.68.0-255,5738,92323,96,221115
8304,0.00173,172.31.47.0-255,66,92389,96,221115
8305,0.001733,74.125.68.0-255,1484,93873,96,221115
8306,0.001759,74.125.68.0-255,2902,96775,96,221115
8307,0.001761,172.31.47.0-255,66,96841,96,221115
8308,0.001788,74.125.68.0-255,5738,102579,96,221115
8309,0.00179,172.31.47.0-255,66,102645,96,221115
8310,0.001793,74.125.68.0-255,1484,104129,96,221115
8311,0.001795,74.125.68.0-255,1484,105613,96,221115
8312,0.001797,172.31.47.0-255,66,105679,96,221115
8313,0.001824,74.125.68.0-255,1484,107163,96,221115
8314,0.00183,74.125.68.0-255,5738,112901,96,221115
8315,0.001832,172.31.47.0-255,66,112967,96,221115
8316,0.001837,74.125.68.0-255,3602,116569,96,221115
8317,0.001839,172.31.47.0-255,66,116635,96,221115
8318,0.001968,74.125.68.0-255,1484,118119,96,221115
8319,0.001997,74.125.68.0-255,2902,121021,96,221115
8320,0.002,172.31.47.0-255,66,121087,96,221115
8321,0.002028,74.125.68.0-255,4320,125407,96,221115
8322,0.00203,172.31.47.0-255,66,125473,96,221115
8323,0.002034,74.125.68.0-255,2902,128375,96,221115
8324,0.002036,172.31.47.0-255,66,128441,96,221115
8325,0.002065,74.125.68.0-255,5738,134179,96,221115
8326,0.002068,172.31.47.0-255,66,134245,96,221115
8327,0.002072,74.125.68.0-255,2902,137147,96,221115
8328,0.002073,172.31.47.0-255,66,137213,96,221115
8329,0.002106,172.31.47.0-255,66,137279,96,221115
8330,0.002109,74.125.68.0-255,766,138045,96,221115
8331,0.002171,74.125.68.0-255,1484,139529,96,221115
8332,0.002174,172.31.47.0-255,66,139595,96,221115
8333,0.002212,74.125.68.0-255,2902,142497,96,221115
8334,0.002215,172.31.47.0-255,66,142563,96,221115
8335,0.002239,74.125.68.0-255,4320,146883,96,221115
8336,0.002241,172.31.47.0-255,66,146949,96,221115
8337,0.002244,74.125.68.0-255,1484,148433,96,221115
8338,0.002291,74.125.68.0-255,2902,151335,96,221115
8339,0.002293,172.31.47.0-255,66,151401,96,221115
8340,0.004514,74.125.68.0-255,1484,152885,96,221115
8341,0.004547,74.125.68.0-255,4320,157205,96,221115
8342,0.004553,172.31.47.0-255,66,157271,96,221115
8343,0.006864,74.125.68.0-255,5738,163009,96,221115
8344,0.006884,172.31.47.0-255,66,163075,96,221115
8345,0.009176,74.125.68.0-255,5738,168813,96,221115
8346,0.009195,172.31.47.0-255,66,168879,96,221115
8347,0.01149,74.125.68.0-255,5738,174617,96,221115
8348,0.011511,172.31.47.0-255,66,174683,96,221115
8349,0.01377,74.125.68.0-255,5738,180421,96,221115
8350,0.013777,172.31.47.0-255,66,180487,96,221115
8351,0.01604,74.125.68.0-255,5738,186225,96,221115
8352,0.016047,172.31.47.0-255,66,186291,96,221115
8353,0.018325,74.125.68.0-255,5738,192029,96,221115
8354,0.018334,172.31.47.0-255,66,192095,96,221115
8355,0.020613,74.125.68.0-255,5738,197833,96,221115
8356,0.020634,172.31.47.0-255,66,197899,96,221115
8357,0.022954,74.125.68.0-255,5738,203637,96,221115
8358,0.022975,172.31.47.0-255,66,203703,96,221115
8359,0.025242,74.125.68.0-255,5738,209441,96,221115
8360,0.025255,172.31.47.0-255,66,209507,96,221115
8361,0.027512,74.125.68.0-255,5738,215245,96,221115
8362,0.02752,172.31.47.0-255,66,215311,96,221115
8363,0.029782,74.125.68.0-255,5738,221049,96,221115
8364,0.029789,172.31.47.0-255,66,221115,96,221115
8365,0.0,172.31.47.0-255,105,105,96,105
8366,0.0,172.217.194.0-255,153,153,96,274308
8367,2.6e-05,172.31.47.0-255,66,219,96,274308
8368,3.3e-05,172.217.194.0-255,1484,1703,96,274308
8369,3.6e-05,172.31.47.0-255,66,1769,96,274308
8370,4.1e-05,172.217.194.0-255,2902,4671,96,274308
8371,4.3e-05,172.31.47.0-255,66,4737,96,274308
8372,4.8e-05,172.217.194.0-255,2902,7639,96,274308
8373,5e-05,172.31.47.0-255,66,7705,96,274308
8374,6.8e-05,172.217.194.0-255,2902,10607,96,274308
8375,7.3e-05,172.31.47.0-255,66,10673,96,274308
8376,9.5e-05,172.217.194.0-255,3635,14308,96,274308
8377,9.7e-05,172.31.47.0-255,66,14374,96,274308
8378,0.000281,172.217.194.0-255,1484,15858,96,274308
8379,0.000287,172.31.47.0-255,66,15924,96,274308
8380,0.000292,172.217.194.0-255,2902,18826,96,274308
8381,0.000295,172.31.47.0-255,66,18892,96,274308
8382,0.0003,172.217.194.0-255,4320,23212,96,274308
8383,0.000302,172.31.47.0-255,66,23278,96,274308
8384,0.000317,172.217.194.0-255,1484,24762,96,274308
8385,0.000319,172.31.47.0-255,66,24828,96,274308
8386,0.000369,172.31.47.0-255,66,24894,96,274308
8387,0.000401,172.217.194.0-255,5738,30632,96,274308
8388,0.000405,172.31.47.0-255,66,30698,96,274308
8389,0.000424,172.217.194.0-255,5379,36077,96,274308
8390,0.000427,172.31.47.0-255,66,36143,96,274308
8391,0.00043,172.217.194.0-255,1484,37627,96,274308
8392,0.000432,172.31.47.0-255,66,37693,96,274308
8393,0.000458,172.31.47.0-255,66,37759,96,274308
8394,0.000464,172.217.194.0-255,5379,43138,96,274308
8395,0.000466,172.31.47.0-255,66,43204,96,274308
8396,0.000489,172.217.194.0-255,378,43582,96,274308
8397,0.000641,172.217.194.0-255,366,43948,96,274308
8398,0.000727,172.217.194.0-255,1484,45432,96,274308
8399,0.000731,172.31.47.0-255,66,45498,96,274308
8400,0.000752,172.217.194.0-255,2902,48400,96,274308
8401,0.000755,172.31.47.0-255,66,48466,96,274308
8402,0.000761,172.217.194.0-255,5738,54204,96,274308
8403,0.000763,172.31.47.0-255,66,54270,96,274308
8404,0.000789,172.217.194.0-255,6797,61067,96,274308
8405,0.000792,172.31.47.0-255,66,61133,96,274308
8406,0.000812,172.217.194.0-255,1484,62617,96,274308
8407,0.000828,172.217.194.0-255,4320,66937,96,274308
8408,0.000833,172.31.47.0-255,66,67003,96,274308
8409,0.000851,172.217.194.0-255,1484,68487,96,274308
8410,0.000857,172.217.194.0-255,5738,74225,96,274308
8411,0.00086,172.31.47.0-255,66,74291,96,274308
8412,0.000895,172.217.194.0-255,3961,78252,96,274308
8413,0.000898,172.31.47.0-255,66,78318,96,274308
8414,0.001275,172.217.194.0-255,1484,79802,96,274308
8415,0.001283,172.217.194.0-255,2902,82704,96,274308
8416,0.001287,172.31.47.0-255,66,82770,96,274308
8417,0.001293,172.217.194.0-255,5738,88508,96,274308
8418,0.001295,172.31.47.0-255,66,88574,96,274308
8419,0.001333,172.217.194.0-255,4320,92894,96,274308
8420,0.001337,172.31.47.0-255,66,92960,96,274308
8421,0.001362,172.31.47.0-255,66,93026,96,274308
8422,0.001368,172.217.194.0-255,5738,98764,96,274308
8423,0.001369,172.31.47.0-255,66,98830,96,274308
8424,0.001404,172.217.194.0-255,4320,103150,96,274308
8425,0.001406,172.31.47.0-255,66,103216,96,274308
8426,0.001421,172.217.194.0-255,766,103982,96,274308
8427,0.001793,172.217.194.0-255,1484,105466,96,274308
8428,0.001798,172.31.47.0-255,66,105532,96,274308
8429,0.001804,172.217.194.0-255,2902,108434,96,274308
8430,0.001805,172.31.47.0-255,66,108500,96,274308
8431,0.001811,172.217.194.0-255,4320,112820,96,274308
8432,0.001812,172.31.47.0-255,66,112886,96,274308
8433,0.001827,172.217.194.0-255,1484,114370,96,274308
8434,0.001843,172.217.194.0-255,2902,117272,96,274308
8435,0.001845,172.31.47.0-255,66,117338,96,274308
8436,0.001864,172.217.194.0-255,5738,123076,96,274308
8437,0.001866,172.31.47.0-255,66,123142,96,274308
8438,0.001879,172.217.194.0-255,4320,127462,96,274308
8439,0.001881,172.31.47.0-255,66,127528,96,274308
8440,0.001885,172.217.194.0-255,4320,131848,96,274308
8441,0.001887,172.31.47.0-255,66,131914,96,274308
8442,0.001901,172.217.194.0-255,4320,136234,96,274308
8443,0.001903,172.31.47.0-255,66,136300,96,274308
8444,0.001914,172.217.194.0-255,2184,138484,96,274308
8445,0.001915,172.31.47.0-255,66,138550,96,274308
8446,0.002087,172.217.194.0-255,1484,140034,96,274308
8447,0.002098,172.217.194.0-255,1484,141518,96,274308
8448,0.002101,172.31.47.0-255,66,141584,96,274308
8449,0.002116,172.217.194.0-255,1484,143068,96,274308
8450,0.002121,172.217.194.0-255,5738,148806,96,274308
8451,0.002123,172.31.47.0-255,66,148872,96,274308
8452,0.002167,172.217.194.0-255,1484,150356,96,274308
8453,0.002195,172.31.47.0-255,66,150422,96,274308
8454,0.002205,172.31.47.0-255,66,150488,96,274308
8455,0.002232,172.217.194.0-255,1484,151972,96,274308
8456,0.002245,172.217.194.0-255,2902,154874,96,274308
8457,0.002247,172.31.47.0-255,66,154940,96,274308
8458,0.002258,172.217.194.0-255,2902,157842,96,274308
8459,0.00226,172.31.47.0-255,66,157908,96,274308
8460,0.002271,172.217.194.0-255,2902,160810,96,274308
8461,0.002273,172.31.47.0-255,66,160876,96,274308
8462,0.002279,172.217.194.0-255,7156,168032,96,274308
8463,0.002281,172.31.47.0-255,66,168098,96,274308
8464,0.002316,172.31.47.0-255,66,168164,96,274308
8465,0.002319,172.217.194.0-255,2184,170348,96,274308
8466,0.00232,172.31.47.0-255,66,170414,96,274308
8467,0.002375,172.217.194.0-255,1484,171898,96,274308
8468,0.002389,172.217.194.0-255,2902,174800,96,274308
8469,0.002391,172.31.47.0-255,66,174866,96,274308
8470,0.002411,172.217.194.0-255,5738,180604,96,274308
8471,0.002413,172.31.47.0-255,66,180670,96,274308
8472,0.00243,172.217.194.0-255,7156,187826,96,274308
8473,0.002432,172.31.47.0-255,66,187892,96,274308
8474,0.002445,172.217.194.0-255,1484,189376,96,274308
8475,0.002485,172.31.47.0-255,66,189442,96,274308
8476,0.002503,172.217.194.0-255,5020,194462,96,274308
8477,0.002505,172.31.47.0-255,66,194528,96,274308
8478,0.002517,172.217.194.0-255,5738,200266,96,274308
8479,0.002519,172.31.47.0-255,66,200332,96,274308
8480,0.002542,172.217.194.0-255,4320,204652,96,274308
8481,0.002543,172.31.47.0-255,66,204718,96,274308
8482,0.002556,172.31.47.0-255,66,204784,96,274308
8483,0.002582,172.217.194.0-255,5738,210522,96,274308
8484,0.002585,172.31.47.0-255,66,210588,96,274308
8485,0.002602,172.217.194.0-255,6438,217026,96,274308
8486,0.002604,172.31.47.0-255,66,217092,96,274308
8487,0.002616,172.31.47.0-255,66,217158,96,274308
8488,0.002626,172.31.47.0-255,66,217224,96,274308
8489,0.005195,172.217.194.0-255,5738,222962,96,274308
8490,0.005202,172.31.47.0-255,66,223028,96,274308
8491,0.007749,172.217.194.0-255,5738,228766,96,274308
8492,0.007755,172.31.47.0-255,66,228832,96,274308
8493,0.010304,172.217.194.0-255,4320,233152,96,274308
8494,0.010312,172.31.47.0-255,66,233218,96,274308
8495,0.01033,172.217.194.0-255,1484,234702,96,274308
8496,0.01292,172.217.194.0-255,4320,239022,96,274308
8497,0.012927,172.31.47.0-255,66,239088,96,274308
8498,0.015519,172.217.194.0-255,5738,244826,96,274308
8499,0.015531,172.31.47.0-255,66,244892,96,274308
8500,0.018085,172.217.194.0-255,5738,250630,96,274308
8501,0.018095,172.31.47.0-255,66,250696,96,274308
8502,0.020703,172.217.194.0-255,5738,256434,96,274308
8503,0.020711,172.31.47.0-255,66,256500,96,274308
8504,0.023291,172.217.194.0-255,2902,259402,96,274308
8505,0.023296,172.31.47.0-255,66,259468,96,274308
8506,0.023329,172.217.194.0-255,2902,262370,96,274308
8507,0.023332,172.31.47.0-255,66,262436,96,274308
8508,0.025866,172.217.194.0-255,2902,265338,96,274308
8509,0.025872,172.31.47.0-255,66,265404,96,274308
8510,0.025936,172.217.194.0-255,2902,268306,96,274308
8511,0.02594,172.31.47.0-255,66,268372,96,274308
8512,0.028434,172.217.194.0-255,2902,271274,96,274308
8513,0.028439,172.31.47.0-255,66,271340,96,274308
8514,0.028484,172.217.194.0-255,2902,274242,96,274308
8515,0.028488,172.31.47.0-255,66,274308,96,274308
8516,0.0,74.125.24.0-255,153,153,96,269174
8517,3.6e-05,172.31.47.0-255,66,219,96,269174
8518,4.4e-05,74.125.24.0-255,1484,1703,96,269174
8519,4.7e-05,172.31.47.0-255,66,1769,96,269174
8520,5.2e-05,74.125.24.0-255,2902,4671,96,269174
8521,5.5e-05,172.31.47.0-255,66,4737,96,269174
8522,6e-05,74.125.24.0-255,4320,9057,96,269174
8523,6.3e-05,172.31.47.0-255,66,9123,96,269174
8524,0.000109,74.125.24.0-255,5055,14178,96,269174
8525,0.000112,172.31.47.0-255,66,14244,96,269174
8526,0.000382,74.125.24.0-255,1484,15728,96,269174
8527,0.000387,172.31.47.0-255,66,15794,96,269174
8528,0.000393,74.125.24.0-255,2902,18696,96,269174
8529,0.000396,172.31.47.0-255,66,18762,96,269174
8530,0.000418,74.125.24.0-255,4320,23082,96,269174
8531,0.000422,172.31.47.0-255,66,23148,96,269174
8532,0.000441,172.31.47.0-255,66,23214,96,269174
8533,0.000468,74.125.24.0-255,1125,24339,96,269174
8534,0.000471,172.31.47.0-255,66,24405,96,269174
8535,0.000483,172.31.47.0-255,66,24471,96,269174
8536,0.000488,74.125.24.0-255,2902,27373,96,269174
8537,0.00049,172.31.47.0-255,66,27439,96,269174
8538,0.000543,172.31.47.0-255,66,27505,96,269174
8539,0.000546,74.125.24.0-255,766,28271,96,269174
8540,0.000549,172.31.47.0-255,66,28337,96,269174
8541,0.000588,74.125.24.0-255,364,28701,96,269174
8542,0.000591,172.31.47.0-255,66,28767,96,269174
8543,0.000622,74.125.24.0-255,130,28897,96,269174
8544,0.000625,172.31.47.0-255,66,28963,96,269174
8545,0.000724,74.125.24.0-255,1484,30447,96,269174
8546,0.00073,74.125.24.0-255,2902,33349,96,269174
8547,0.000733,172.31.47.0-255,66,33415,96,269174
8548,0.00075,74.125.24.0-255,2902,36317,96,269174
8549,0.000752,172.31.47.0-255,66,36383,96,269174
8550,0.000776,74.125.24.0-255,2902,39285,96,269174
8551,0.000779,172.31.47.0-255,66,39351,96,269174
8552,0.000786,74.125.24.0-255,7156,46507,96,269174
8553,0.000788,172.31.47.0-255,66,46573,96,269174
8554,0.000809,74.125.24.0-255,5738,52311,96,269174
8555,0.000811,172.31.47.0-255,66,52377,96,269174
8556,0.000834,74.125.24.0-255,7156,59533,96,269174
8557,0.000837,172.31.47.0-255,66,59599,96,269174
8558,0.000854,74.125.24.0-255,1484,61083,96,269174
8559,0.000868,74.125.24.0-255,2184,63267,96,269174
8560,0.000871,172.31.47.0-255,66,63333,96,269174
8561,0.001033,74.125.24.0-255,1484,64817,96,269174
8562,0.001045,74.125.24.0-255,2902,67719,96,269174
8563,0.001047,172.31.47.0-255,66,67785,96,269174
8564,0.001052,74.125.24.0-255,2902,70687,96,269174
8565,0.001054,172.31.47.0-255,66,70753,96,269174
8566,0.001064,74.125.24.0-255,1484,72237,96,269174
8567,0.001091,74.125.24.0-255,5738,77975,96,269174
8568,0.001094,172.31.47.0-255,66,78041,96,269174
8569,0.001113,74.125.24.0-255,2902,80943,96,269174
8570,0.001116,172.31.47.0-255,66,81009,96,269174
8571,0.001128,172.31.47.0-255,66,81075,96,269174
8572,0.001157,74.125.24.0-255,3602,84677,96,269174
8573,0.00116,172.31.47.0-255,66,84743,96,269174
8574,0.001184,74.125.24.0-255,346,85089,96,269174
8575,0.001207,74.125.24.0-255,1484,86573,96,269174
8576,0.00121,172.31.47.0-255,66,86639,96,269174
8577,0.001226,74.125.24.0-255,4320,90959,96,269174
8578,0.001229,172.31.47.0-255,66,91025,96,269174
8579,0.001252,172.31.47.0-255,66,91091,96,269174
8580,0.001279,74.125.24.0-255,1484,92575,96,269174
8581,0.00129,172.31.47.0-255,66,92641,96,269174
8582,0.001308,74.125.24.0-255,4320,96961,96,269174
8583,0.00131,172.31.47.0-255,66,97027,96,269174
8584,0.001328,74.125.24.0-255,3602,100629,96,269174
8585,0.001331,172.31.47.0-255,66,100695,96,269174
8586,0.001553,74.125.24.0-255,1484,102179,96,269174
8587,0.00156,74.125.24.0-255,2902,105081,96,269174
8588,0.001563,172.31.47.0-255,66,105147,96,269174
8589,0.001581,74.125.24.0-255,2902,108049,96,269174
8590,0.001583,172.31.47.0-255,66,108115,96,269174
8591,0.001608,74.125.24.0-255,2902,111017,96,269174
8592,0.001611,172.31.47.0-255,66,111083,96,269174
8593,0.001623,172.31.47.0-255,66,111149,96,269174
8594,0.001628,74.125.24.0-255,5738,116887,96,269174
8595,0.001629,172.31.47.0-255,66,116953,96,269174
8596,0.001686,74.125.24.0-255,5020,121973,96,269174
8597,0.001689,172.31.47.0-255,66,122039,96,269174
8598,0.001709,74.125.24.0-255,1484,123523,96,269174
8599,0.001726,74.125.24.0-255,4320,127843,96,269174
8600,0.001729,172.31.47.0-255,66,127909,96,269174
8601,0.001762,74.125.24.0-255,7156,135065,96,269174
8602,0.001766,172.31.47.0-255,66,135131,96,269174
8603,0.001773,74.125.24.0-255,7156,142287,96,269174
8604,0.001776,172.31.47.0-255,66,142353,96,269174
8605,0.001796,74.125.24.0-255,7156,149509,96,269174
8606,0.0018,172.31.47.0-255,66,149575,96,269174
8607,0.001826,74.125.24.0-255,6438,156013,96,269174
8608,0.001829,172.31.47.0-255,66,156079,96,269174
8609,0.00188,74.125.24.0-255,1484,157563,96,269174
8610,0.001887,74.125.24.0-255,2902,160465,96,269174
8611,0.00189,172.31.47.0-255,66,160531,96,269174
8612,0.001897,74.125.24.0-255,5738,166269,96,269174
8613,0.001899,172.31.47.0-255,66,166335,96,269174
8614,0.001936,172.31.47.0-255,66,166401,96,269174
8615,0.00195,74.125.24.0-255,1484,167885,96,269174
8616,0.001982,74.125.24.0-255,5738,173623,96,269174
8617,0.001987,172.31.47.0-255,66,173689,96,269174
8618,0.002029,74.125.24.0-255,5020,178709,96,269174
8619,0.002034,172.31.47.0-255,66,178775,96,269174
8620,0.002041,74.125.24.0-255,7156,185931,96,269174
8621,0.002044,172.31.47.0-255,66,185997,96,269174
8622,0.002071,74.125.24.0-255,4320,190317,96,269174
8623,0.002075,172.31.47.0-255,66,190383,96,269174
8624,0.002081,74.125.24.0-255,5738,196121,96,269174
8625,0.002083,172.31.47.0-255,66,196187,96,269174
8626,0.002148,172.31.47.0-255,66,196253,96,269174
8627,0.004418,74.125.24.0-255,5738,201991,96,269174
8628,0.004423,172.31.47.0-255,66,202057,96,269174
8629,0.006696,74.125.24.0-255,4320,206377,96,269174
8630,0.006701,172.31.47.0-255,66,206443,96,269174
8631,0.006717,74.125.24.0-255,1484,207927,96,269174
8632,0.00899,74.125.24.0-255,4320,212247,96,269174
8633,0.008998,172.31.47.0-255,66,212313,96,269174
8634,0.011295,74.125.24.0-255,5738,218051,96,269174
8635,0.011305,172.31.47.0-255,66,218117,96,269174
8636,0.013608,74.125.24.0-255,5738,223855,96,269174
8637,0.013616,172.31.47.0-255,66,223921,96,269174
8638,0.015915,74.125.24.0-255,5738,229659,96,269174
8639,0.015924,172.31.47.0-255,66,229725,96,269174
8640,0.01822,74.125.24.0-255,5738,235463,96,269174
8641,0.018225,172.31.47.0-255,66,235529,96,269174
8642,0.020519,74.125.24.0-255,5738,241267,96,269174
8643,0.020526,172.31.47.0-255,66,241333,96,269174
8644,0.022801,74.125.24.0-255,5738,247071,96,269174
8645,0.022806,172.31.47.0-255,66,247137,96,269174
8646,0.025108,74.125.24.0-255,5738,252875,96,269174
8647,0.025115,172.31.47.0-255,66,252941,96,269174
8648,0.026565,172.31.47.0-255,172,253113,96,269174
8649,0.0266,172.31.47.0-255,1109,254222,96,269174
8650,0.026663,172.31.47.0-255,1514,255736,96,269174
8651,0.026665,172.31.47.0-255,1302,257038,96,269174
8652,0.027374,74.125.24.0-255,2902,259940,96,269174
8653,0.027379,172.31.47.0-255,66,260006,96,269174
8654,0.027395,74.125.24.0-255,2902,262908,96,269174
8655,0.027397,172.31.47.0-255,66,262974,96,269174
8656,0.028096,104.244.42.0-255,66,263040,96,269174
8657,0.028136,104.244.42.0-255,66,263106,96,269174
8658,0.028239,104.244.42.0-255,66,263172,96,269174
8659,0.029642,74.125.24.0-255,2902,266074,96,269174
8660,0.029647,172.31.47.0-255,66,266140,96,269174
8661,0.029667,74.125.24.0-255,1484,267624,96,269174
8662,0.029678,74.125.24.0-255,1484,269108,96,269174
8663,0.02968,172.31.47.0-255,66,269174,96,269174
8664,0.0,172.31.47.0-255,105,105,96,105
8665,0.0,172.217.194.0-255,153,153,96,227078
8666,1.3e-05,172.31.47.0-255,66,219,96,227078
8667,1.8e-05,172.217.194.0-255,1484,1703,96,227078
8668,2.2e-05,172.31.47.0-255,66,1769,96,227078
8669,3.8e-05,172.217.194.0-255,2902,4671,96,227078
8670,4.1e-05,172.31.47.0-255,66,4737,96,227078
8671,7.1e-05,172.217.194.0-255,7156,11893,96,227078
8672,7.3e-05,172.31.47.0-255,66,11959,96,227078
8673,7.7e-05,172.217.194.0-255,2173,14132,96,227078
8674,7.9e-05,172.31.47.0-255,66,14198,96,227078
8675,0.000115,172.217.194.0-255,1484,15682,96,227078
8676,0.000118,172.31.47.0-255,66,15748,96,227078
8677,0.000133,172.217.194.0-255,1484,17232,96,227078
8678,0.000135,172.31.47.0-255,66,17298,96,227078
8679,0.000139,172.217.194.0-255,2902,20200,96,227078
8680,0.000141,172.31.47.0-255,66,20266,96,227078
8681,0.000166,172.217.194.0-255,4320,24586,96,227078
8682,0.000168,172.31.47.0-255,66,24652,96,227078
8683,0.000173,172.217.194.0-255,6797,31449,96,227078
8684,0.000186,172.31.47.0-255,66,31515,96,227078
8685,0.000246,172.217.194.0-255,1484,32999,96,227078
8686,0.00025,172.31.47.0-255,66,33065,96,227078
8687,0.000254,172.217.194.0-255,2902,35967,96,227078
8688,0.000256,172.31.47.0-255,66,36033,96,227078
8689,0.00026,172.217.194.0-255,2902,38935,96,227078
8690,0.000262,172.31.47.0-255,66,39001,96,227078
8691,0.000281,172.217.194.0-255,2902,41903,96,227078
8692,0.000284,172.31.47.0-255,66,41969,96,227078
8693,0.000288,172.217.194.0-255,2902,44871,96,227078
8694,0.00029,172.31.47.0-255,66,44937,96,227078
8695,0.00032,172.31.47.0-255,66,45003,96,227078
8696,0.000328,172.31.47.0-255,66,45069,96,227078
8697,0.000489,172.217.194.0-255,646,45715,96,227078
8698,0.000582,172.217.194.0-255,1484,47199,96,227078
8699,0.000597,172.31.47.0-255,66,47265,96,227078
8700,0.000602,172.217.194.0-255,2902,50167,96,227078
8701,0.000605,172.31.47.0-255,66,50233,96,227078
8702,0.000611,172.217.194.0-255,5738,55971,96,227078
8703,0.000614,172.31.47.0-255,66,56037,96,227078
8704,0.000619,172.217.194.0-255,5738,61775,96,227078
8705,0.000621,172.31.47.0-255,66,61841,96,227078
8706,0.000646,172.217.194.0-255,1484,63325,96,227078
8707,0.000659,172.31.47.0-255,66,63391,96,227078
8708,0.000663,172.217.194.0-255,2184,65575,96,227078
8709,0.000666,172.31.47.0-255,66,65641,96,227078
8710,0.000749,172.217.194.0-255,1484,67125,96,227078
8711,0.000756,172.217.194.0-255,2902,70027,96,227078
8712,0.00076,172.31.47.0-255,66,70093,96,227078
8713,0.000766,172.217.194.0-255,5738,75831,96,227078
8714,0.000769,172.31.47.0-255,66,75897,96,227078
8715,0.000782,172.217.194.0-255,1484,77381,96,227078
8716,0.000816,172.31.47.0-255,66,77447,96,227078
8717,0.000828,172.31.47.0-255,66,77513,96,227078
8718,0.001017,172.217.194.0-255,1484,78997,96,227078
8719,0.001025,172.217.194.0-255,2902,81899,96,227078
8720,0.001029,172.31.47.0-255,66,81965,96,227078
8721,0.001033,172.217.194.0-255,1484,83449,96,227078
8722,0.00105,172.217.194.0-255,4320,87769,96,227078
8723,0.001053,172.31.47.0-255,66,87835,96,227078
8724,0.001064,172.31.47.0-255,66,87901,96,227078
8725,0.001089,172.217.194.0-255,2902,90803,96,227078
8726,0.001092,172.31.47.0-255,66,90869,96,227078
8727,0.001103,172.31.47.0-255,66,90935,96,227078
8728,0.001106,172.217.194.0-255,766,91701,96,227078
8729,0.001714,172.217.194.0-255,1484,93185,96,227078
8730,0.001719,172.31.47.0-255,66,93251,96,227078
8731,0.001724,172.217.194.0-255,2902,96153,96,227078
8732,0.001726,172.31.47.0-255,66,96219,96,227078
8733,0.00173,172.217.194.0-255,2902,99121,96,227078
8734,0.001732,172.31.47.0-255,66,99187,96,227078
8735,0.001758,172.217.194.0-255,2902,102089,96,227078
8736,0.00176,172.31.47.0-255,66,102155,96,227078
8737,0.001767,172.217.194.0-255,7156,109311,96,227078
8738,0.001769,172.31.47.0-255,66,109377,96,227078
8739,0.001785,172.217.194.0-255,5738,115115,96,227078
8740,0.001787,172.31.47.0-255,66,115181,96,227078
8741,0.001799,172.31.47.0-255,66,115247,96,227078
8742,0.002144,172.217.194.0-255,1484,116731,96,227078
8743,0.002169,172.217.194.0-255,2902,119633,96,227078
8744,0.002173,172.31.47.0-255,66,119699,96,227078
8745,0.002179,172.217.194.0-255,5738,125437,96,227078
8746,0.002181,172.31.47.0-255,66,125503,96,227078
8747,0.002193,172.31.47.0-255,66,125569,96,227078
8748,0.002196,172.217.194.0-255,2902,128471,96,227078
8749,0.002198,172.31.47.0-255,66,128537,96,227078
8750,0.002223,172.217.194.0-255,4320,132857,96,227078
8751,0.002226,172.31.47.0-255,66,132923,96,227078
8752,0.002244,172.217.194.0-255,3602,136525,96,227078
8753,0.002247,172.31.47.0-255,66,136591,96,227078
8754,0.002361,172.217.194.0-255,1484,138075,96,227078
8755,0.002379,172.217.194.0-255,2902,140977,96,227078
8756,0.002381,172.31.47.0-255,66,141043,96,227078
8757,0.002387,172.217.194.0-255,4320,145363,96,227078
8758,0.002388,172.31.47.0-255,66,145429,96,227078
8759,0.002401,172.217.194.0-255,1484,146913,96,227078
8760,0.002403,172.217.194.0-255,1484,148397,96,227078
8761,0.002405,172.217.194.0-255,1484,149881,96,227078
8762,0.002408,172.31.47.0-255,66,149947,96,227078
8763,0.002435,172.217.194.0-255,7156,157103,96,227078
8764,0.002438,172.31.47.0-255,66,157169,96,227078
8765,0.002452,172.217.194.0-255,5738,162907,96,227078
8766,0.002454,172.31.47.0-255,66,162973,96,227078
8767,0.002486,172.31.47.0-255,66,163039,96,227078
8768,0.002488,172.217.194.0-255,1484,164523,96,227078
8769,0.002492,172.217.194.0-255,4320,168843,96,227078
8770,0.002493,172.31.47.0-255,66,168909,96,227078
8771,0.002514,172.31.47.0-255,66,168975,96,227078
8772,0.002543,172.217.194.0-255,5738,174713,96,227078
8773,0.002548,172.217.194.0-255,6438,181151,96,227078
8774,0.00255,172.217.194.0-255,1484,182635,96,227078
8775,0.002553,172.31.47.0-255,66,182701,96,227078
8776,0.002555,172.31.47.0-255,66,182767,96,227078
8777,0.002574,172.217.194.0-255,7156,189923,96,227078
8778,0.002576,172.31.47.0-255,66,189989,96,227078
8779,0.002615,172.31.47.0-255,66,190055,96,227078
8780,0.002617,172.217.194.0-255,766,190821,96,227078
8781,0.002619,172.31.47.0-255,78,190899,96,227078
8782,0.002629,172.31.47.0-255,66,190965,96,227078
8783,0.002631,172.217.194.0-255,1484,192449,96,227078
8784,0.002641,172.31.47.0-255,66,192515,96,227078
8785,0.002643,172.217.194.0-255,1484,193999,96,227078
8786,0.002672,172.217.194.0-255,4320,198319,96,227078
8787,0.002674,172.31.47.0-255,66,198385,96,227078
8788,0.002694,172.31.47.0-255,66,198451,96,227078
8789,0.002697,172.217.194.0-255,1484,199935,96,227078
8790,0.0027,172.217.194.0-255,2902,202837,96,227078
8791,0.002702,172.31.47.0-255,66,202903,96,227078
8792,0.002716,172.217.194.0-255,4320,207223,96,227078
8793,0.002718,172.31.47.0-255,66,207289,96,227078
8794,0.002757,172.31.47.0-255,66,207355,96,227078
8795,0.002762,172.217.194.0-255,5738,213093,96,227078
8796,0.002764,172.31.47.0-255,66,213159,96,227078
8797,0.002773,172.31.47.0-255,66,213225,96,227078
8798,0.002787,172.217.194.0-255,766,213991,96,227078
8799,0.003138,172.217.194.0-255,1484,215475,96,227078
8800,0.003141,172.31.47.0-255,66,215541,96,227078
8801,0.003146,172.217.194.0-255,2902,218443,96,227078
8802,0.003147,172.31.47.0-255,66,218509,96,227078
8803,0.003212,172.217.194.0-255,4833,223342,96,227078
8804,0.003215,172.31.47.0-255,66,223408,96,227078
8805,0.003231,172.217.194.0-255,105,223513,96,227078
8806,0.004047,172.31.47.0-255,66,223579,96,227078
8807,0.004077,172.31.47.0-255,105,223684,96,227078
8808,0.006346,172.217.194.0-255,66,223750,96,227078
8809,0.022787,172.31.47.0-255,172,223922,96,227078
8810,0.022833,172.31.47.0-255,1109,225031,96,227078
8811,0.022986,172.31.47.0-255,1514,226545,96,227078
8812,0.022988,172.31.47.0-255,335,226880,96,227078
8813,0.024328,104.244.42.0-255,66,226946,96,227078
8814,0.024373,104.244.42.0-255,66,227012,96,227078
8815,0.024525,104.244.42.0-255,66,227078,96,227078
8816,0.0,172.217.160.0-255,153,153,96,139678
8817,2.5e-05,172.31.47.0-255,66,219,96,139678
8818,3.4e-05,172.217.160.0-255,1484,1703,96,139678
8819,3.9e-05,172.31.47.0-255,66,1769,96,139678
8820,5.4e-05,172.217.160.0-255,2902,4671,96,139678
8821,5.8e-05,172.31.47.0-255,66,4737,96,139678
8822,6.5e-05,172.217.160.0-255,4320,9057,96,139678
8823,7.1e-05,172.31.47.0-255,66,9123,96,139678
8824,0.000135,172.31.47.0-255,66,9189,96,139678
8825,0.000246,172.31.47.0-255,66,9255,96,139678
8826,0.000284,172.217.160.0-255,2543,11798,96,139678
8827,0.000287,172.31.47.0-255,66,11864,96,139678
8828,0.000427,172.31.47.0-255,66,11930,96,139678
8829,0.000461,172.217.160.0-255,4320,16250,96,139678
8830,0.000464,172.31.47.0-255,66,16316,96,139678
8831,0.000616,172.31.47.0-255,66,16382,96,139678
8832,0.000651,172.217.160.0-255,6438,22820,96,139678
8833,0.000655,172.31.47.0-255,66,22886,96,139678
8834,0.000842,172.217.160.0-255,338,23224,96,139678
8835,0.000847,172.31.47.0-255,66,23290,96,139678
8836,0.001163,172.217.160.0-255,119,23409,96,139678
8837,0.001168,172.31.47.0-255,66,23475,96,139678
8838,0.001331,172.217.160.0-255,1484,24959,96,139678
8839,0.001336,172.31.47.0-255,66,25025,96,139678
8840,0.001341,172.217.160.0-255,1484,26509,96,139678
8841,0.001344,172.31.47.0-255,66,26575,96,139678
8842,0.001372,172.217.160.0-255,1484,28059,96,139678
8843,0.001375,172.31.47.0-255,66,28125,96,139678
8844,0.001382,172.217.160.0-255,5738,33863,96,139678
8845,0.001385,172.31.47.0-255,66,33929,96,139678
8846,0.001488,172.217.160.0-255,5738,39667,96,139678
8847,0.001493,172.31.47.0-255,66,39733,96,139678
8848,0.001569,172.217.160.0-255,4320,44053,96,139678
8849,0.001573,172.31.47.0-255,66,44119,96,139678
8850,0.001624,172.31.47.0-255,66,44185,96,139678
8851,0.001785,172.217.160.0-255,7156,51341,96,139678
8852,0.00179,172.31.47.0-255,66,51407,96,139678
8853,0.001829,172.31.47.0-255,66,51473,96,139678
8854,0.002139,172.217.160.0-255,5738,57211,96,139678
8855,0.002146,172.31.47.0-255,66,57277,96,139678
8856,0.002185,172.217.160.0-255,2184,59461,96,139678
8857,0.002188,172.31.47.0-255,66,59527,96,139678
8858,0.002261,172.31.47.0-255,66,59593,96,139678
8859,0.002295,172.31.47.0-255,66,59659,96,139678
8860,0.002514,172.31.47.0-255,66,59725,96,139678
8861,0.002597,172.31.47.0-255,66,59791,96,139678
8862,0.002629,172.217.160.0-255,4039,63830,96,139678
8863,0.002632,172.31.47.0-255,66,63896,96,139678
8864,0.004593,172.217.160.0-255,1484,65380,96,139678
8865,0.004627,172.217.160.0-255,4320,69700,96,139678
8866,0.004634,172.31.47.0-255,66,69766,96,139678
8867,0.006628,172.217.160.0-255,5738,75504,96,139678
8868,0.006649,172.31.47.0-255,66,75570,96,139678
8869,0.008655,172.217.160.0-255,5738,81308,96,139678
8870,0.008669,172.31.47.0-255,66,81374,96,139678
8871,0.01067,172.217.160.0-255,5738,87112,96,139678
8872,0.010687,172.31.47.0-255,66,87178,96,139678
8873,0.012672,172.217.160.0-255,5738,92916,96,139678
8874,0.01268,172.31.47.0-255,66,92982,96,139678
8875,0.014656,172.217.160.0-255,2902,95884,96,139678
8876,0.01466,172.31.47.0-255,66,95950,96,139678
8877,0.014687,172.217.160.0-255,2902,98852,96,139678
8878,0.01469,172.31.47.0-255,66,98918,96,139678
8879,0.016637,172.217.160.0-255,2902,101820,96,139678
8880,0.016643,172.31.47.0-255,66,101886,96,139678
8881,0.016672,172.217.160.0-255,2902,104788,96,139678
8882,0.016675,172.31.47.0-255,66,104854,96,139678
8883,0.018641,172.217.160.0-255,5738,110592,96,139678
8884,0.018648,172.31.47.0-255,66,110658,96,139678
8885,0.020626,172.217.160.0-255,5738,116396,96,139678
8886,0.020631,172.31.47.0-255,66,116462,96,139678
8887,0.022632,172.217.160.0-255,5738,122200,96,139678
8888,0.022642,172.31.47.0-255,66,122266,96,139678
8889,0.024652,172.217.160.0-255,5738,128004,96,139678
8890,0.024667,172.31.47.0-255,66,128070,96,139678
8891,0.026654,172.217.160.0-255,5738,133808,96,139678
8892,0.026662,172.31.47.0-255,66,133874,96,139678
8893,0.028651,172.217.160.0-255,5738,139612,96,139678
8894,0.028658,172.31.47.0-255,66,139678,96,139678
8895,0.0,172.217.194.0-255,153,153,96,271972
8896,2.4e-05,172.31.47.0-255,66,219,96,271972
8897,2.9e-05,172.217.194.0-255,1484,1703,96,271972
8898,3.3e-05,172.31.47.0-255,66,1769,96,271972
8899,3.5e-05,172.217.194.0-255,1484,3253,96,271972
8900,3.7e-05,172.31.47.0-255,66,3319,96,271972
8901,6e-05,172.217.194.0-255,1484,4803,96,271972
8902,6.2e-05,172.31.47.0-255,66,4869,96,271972
8903,6.8e-05,172.217.194.0-255,5738,10607,96,271972
8904,6.9e-05,172.31.47.0-255,66,10673,96,271972
8905,0.000106,172.217.194.0-255,3579,14252,96,271972
8906,0.000109,172.31.47.0-255,66,14318,96,271972
8907,0.000133,172.217.194.0-255,1484,15802,96,271972
8908,0.000135,172.31.47.0-255,66,15868,96,271972
8909,0.000139,172.217.194.0-255,2902,18770,96,271972
8910,0.00014,172.31.47.0-255,66,18836,96,271972
8911,0.000173,172.217.194.0-255,5738,24574,96,271972
8912,0.000178,172.31.47.0-255,66,24640,96,271972
8913,0.00019,172.217.194.0-255,2902,27542,96,271972
8914,0.000192,172.31.47.0-255,66,27608,96,271972
8915,0.000213,172.217.194.0-255,3961,31569,96,271972
8916,0.000216,172.31.47.0-255,66,31635,96,271972
8917,0.000415,172.217.194.0-255,1484,33119,96,271972
8918,0.000419,172.31.47.0-255,66,33185,96,271972
8919,0.000424,172.217.194.0-255,2902,36087,96,271972
8920,0.000428,172.31.47.0-255,66,36153,96,271972
8921,0.00044,172.217.194.0-255,5738,41891,96,271972
8922,0.000443,172.31.47.0-255,66,41957,96,271972
8923,0.000449,172.217.194.0-255,5738,47695,96,271972
8924,0.000451,172.31.47.0-255,66,47761,96,271972
8925,0.000497,172.217.194.0-255,5738,53499,96,271972
8926,0.0005,172.31.47.0-255,66,53565,96,271972
8927,0.000523,172.217.194.0-255,2543,56108,96,271972
8928,0.000527,172.31.47.0-255,66,56174,96,271972
8929,0.000537,172.31.47.0-255,66,56240,96,271972
8930,0.00054,172.217.194.0-255,1457,57697,96,271972
8931,0.000604,172.217.194.0-255,376,58073,96,271972
8932,0.000607,172.31.47.0-255,66,58139,96,271972
8933,0.000773,172.217.194.0-255,1484,59623,96,271972
8934,0.000776,172.217.194.0-255,1484,61107,96,271972
8935,0.000781,172.31.47.0-255,66,61173,96,271972
8936,0.000799,172.217.194.0-255,1484,62657,96,271972
8937,0.000805,172.217.194.0-255,5738,68395,96,271972
8938,0.000808,172.31.47.0-255,66,68461,96,271972
8939,0.000812,172.217.194.0-255,2902,71363,96,271972
8940,0.000814,172.31.47.0-255,66,71429,96,271972
8941,0.000842,172.31.47.0-255,66,71495,96,271972
8942,0.000845,172.217.194.0-255,1484,72979,96,271972
8943,0.000876,172.31.47.0-255,66,73045,96,271972
8944,0.000959,172.217.194.0-255,1484,74529,96,271972
8945,0.000977,172.217.194.0-255,2902,77431,96,271972
8946,0.00098,172.31.47.0-255,66,77497,96,271972
8947,0.000986,172.217.194.0-255,5738,83235,96,271972
8948,0.000988,172.31.47.0-255,66,83301,96,271972
8949,0.001028,172.31.47.0-255,66,83367,96,271972
8950,0.001074,172.31.47.0-255,66,83433,96,271972
8951,0.001081,172.217.194.0-255,5738,89171,96,271972
8952,0.001085,172.31.47.0-255,66,89237,96,271972
8953,0.001104,172.217.194.0-255,5738,94975,96,271972
8954,0.001107,172.31.47.0-255,66,95041,96,271972
8955,0.001113,172.217.194.0-255,5738,100779,96,271972
8956,0.001115,172.31.47.0-255,66,100845,96,271972
8957,0.001149,172.31.47.0-255,66,100911,96,271972
8958,0.001204,172.217.194.0-255,1484,102395,96,271972
8959,0.001209,172.217.194.0-255,2902,105297,96,271972
8960,0.001212,172.31.47.0-255,66,105363,96,271972
8961,0.001215,172.217.194.0-255,1484,106847,96,271972
8962,0.00123,172.217.194.0-255,4320,111167,96,271972
8963,0.001242,172.31.47.0-255,66,111233,96,271972
8964,0.001248,172.217.194.0-255,2902,114135,96,271972
8965,0.001255,172.31.47.0-255,66,114201,96,271972
8966,0.001275,172.31.47.0-255,66,114267,96,271972
8967,0.001287,172.31.47.0-255,66,114333,96,271972
8968,0.001312,172.217.194.0-255,2184,116517,96,271972
8969,0.001318,172.31.47.0-255,66,116583,96,271972
8970,0.001585,172.217.194.0-255,1484,118067,96,271972
8971,0.001598,172.217.194.0-255,2902,120969,96,271972
8972,0.001602,172.31.47.0-255,66,121035,96,271972
8973,0.001622,172.217.194.0-255,5738,126773,96,271972
8974,0.001625,172.31.47.0-255,66,126839,96,271972
8975,0.001629,172.217.194.0-255,4320,131159,96,271972
8976,0.001631,172.31.47.0-255,66,131225,96,271972
8977,0.001653,172.217.194.0-255,5738,136963,96,271972
8978,0.001656,172.31.47.0-255,66,137029,96,271972
8979,0.001682,172.31.47.0-255,66,137095,96,271972
8980,0.001686,172.217.194.0-255,3602,140697,96,271972
8981,0.001687,172.31.47.0-255,66,140763,96,271972
8982,0.001749,172.217.194.0-255,1484,142247,96,271972
8983,0.001753,172.217.194.0-255,2902,145149,96,271972
8984,0.001756,172.31.47.0-255,66,145215,96,271972
8985,0.00176,172.217.194.0-255,2902,148117,96,271972
8986,0.001762,172.31.47.0-255,66,148183,96,271972
8987,0.001781,172.217.194.0-255,2902,151085,96,271972
8988,0.001784,172.31.47.0-255,66,151151,96,271972
8989,0.001789,172.217.194.0-255,5738,156889,96,271972
8990,0.001791,172.31.47.0-255,66,156955,96,271972
8991,0.001794,172.217.194.0-255,1484,158439,96,271972
8992,0.001825,172.31.47.0-255,66,158505,96,271972
8993,0.001827,172.217.194.0-255,5020,163525,96,271972
8994,0.001829,172.31.47.0-255,66,163591,96,271972
8995,0.001844,172.217.194.0-255,2902,166493,96,271972
8996,0.001846,172.31.47.0-255,66,166559,96,271972
8997,0.001865,172.217.194.0-255,2902,169461,96,271972
8998,0.001871,172.217.194.0-255,7156,176617,96,271972
8999,0.001876,172.31.47.0-255,66,176683,96,271972
9000,0.001884,172.217.194.0-255,5738,182421,96,271972
9001,0.00189,172.217.194.0-255,7156,189577,96,271972
9002,0.001892,172.31.47.0-255,66,189643,96,271972
9003,0.001896,172.31.47.0-255,66,189709,96,271972
9004,0.001905,172.217.194.0-255,4320,194029,96,271972
9005,0.001907,172.31.47.0-255,66,194095,96,271972
9006,0.001924,172.217.194.0-255,1484,195579,96,271972
9007,0.00194,172.217.194.0-255,2184,197763,96,271972
9008,0.001947,172.31.47.0-255,66,197829,96,271972
9009,0.004196,172.217.194.0-255,1484,199313,96,271972
9010,0.004226,172.217.194.0-255,4320,203633,96,271972
9011,0.004231,172.31.47.0-255,66,203699,96,271972
9012,0.006521,172.217.194.0-255,5738,209437,96,271972
9013,0.006527,172.31.47.0-255,66,209503,96,271972
9014,0.008808,172.217.194.0-255,5738,215241,96,271972
9015,0.008813,172.31.47.0-255,66,215307,96,271972
9016,0.011114,172.217.194.0-255,5738,221045,96,271972
9017,0.011122,172.31.47.0-255,66,221111,96,271972
9018,0.013423,172.217.194.0-255,5738,226849,96,271972
9019,0.013433,172.31.47.0-255,66,226915,96,271972
9020,0.015746,172.217.194.0-255,5738,232653,96,271972
9021,0.015755,172.31.47.0-255,66,232719,96,271972
9022,0.018055,172.217.194.0-255,5738,238457,96,271972
9023,0.018061,172.31.47.0-255,66,238523,96,271972
9024,0.020365,172.217.194.0-255,5738,244261,96,271972
9025,0.020372,172.31.47.0-255,66,244327,96,271972
9026,0.022687,172.217.194.0-255,5738,250065,96,271972
9027,0.022695,172.31.47.0-255,66,250131,96,271972
9028,0.023955,172.31.47.0-255,172,250303,96,271972
9029,0.02399,172.31.47.0-255,1109,251412,96,271972
9030,0.024048,172.31.47.0-255,1514,252926,96,271972
9031,0.02405,172.31.47.0-255,1304,254230,96,271972
9032,0.025002,172.217.194.0-255,5738,259968,96,271972
9033,0.025007,172.31.47.0-255,66,260034,96,271972
9034,0.025479,104.244.42.0-255,66,260100,96,271972
9035,0.025506,104.244.42.0-255,66,260166,96,271972
9036,0.025552,104.244.42.0-255,66,260232,96,271972
9037,0.027304,172.217.194.0-255,5738,265970,96,271972
9038,0.027309,172.31.47.0-255,66,266036,96,271972
9039,0.029607,172.217.194.0-255,2902,268938,96,271972
9040,0.029612,172.31.47.0-255,66,269004,96,271972
9041,0.029642,172.217.194.0-255,2902,271906,96,271972
9042,0.029645,172.31.47.0-255,66,271972,96,271972
9043,0.0,172.31.47.0-255,105,105,96,276
9044,0.001796,157.240.7.0-255,105,210,96,276
9045,0.001809,172.31.47.0-255,66,276,96,276
9046,0.0,74.125.130.0-255,153,153,96,260757
9047,3e-05,172.31.47.0-255,66,219,96,260757
9048,3.7e-05,74.125.130.0-255,1484,1703,96,260757
9049,4.2e-05,172.31.47.0-255,66,1769,96,260757
9050,4.7e-05,74.125.130.0-255,2902,4671,96,260757
9051,4.9e-05,172.31.47.0-255,66,4737,96,260757
9052,7.8e-05,74.125.130.0-255,1484,6221,96,260757
9053,8.1e-05,172.31.47.0-255,66,6287,96,260757
9054,0.000101,74.125.130.0-255,5738,12025,96,260757
9055,0.000103,172.31.47.0-255,66,12091,96,260757
9056,0.000114,172.31.47.0-255,66,12157,96,260757
9057,0.000117,74.125.130.0-255,1484,13641,96,260757
9058,0.000119,172.31.47.0-255,66,13707,96,260757
9059,0.000149,74.125.130.0-255,4320,18027,96,260757
9060,0.000153,172.31.47.0-255,66,18093,96,260757
9061,0.000161,74.125.130.0-255,7156,25249,96,260757
9062,0.000164,172.31.47.0-255,66,25315,96,260757
9063,0.000188,74.125.130.0-255,4320,29635,96,260757
9064,0.00019,172.31.47.0-255,66,29701,96,260757
9065,0.00021,74.125.130.0-255,4320,34021,96,260757
9066,0.000213,172.31.47.0-255,66,34087,96,260757
9067,0.000235,74.125.130.0-255,6438,40525,96,260757
9068,0.000238,172.31.47.0-255,66,40591,96,260757
9069,0.000274,74.125.130.0-255,5738,46329,96,260757
9070,0.000278,172.31.47.0-255,66,46395,96,260757
9071,0.000293,74.125.130.0-255,1484,47879,96,260757
9072,0.000295,172.31.47.0-255,66,47945,96,260757
9073,0.000304,74.125.130.0-255,5738,53683,96,260757
9074,0.000307,172.31.47.0-255,66,53749,96,260757
9075,0.000328,74.125.130.0-255,2902,56651,96,260757
9076,0.000331,172.31.47.0-255,66,56717,96,260757
9077,0.000334,74.125.130.0-255,1431,58148,96,260757
9078,0.000349,74.125.130.0-255,381,58529,96,260757
9079,0.00036,172.31.47.0-255,66,58595,96,260757
9080,0.000751,74.125.130.0-255,1484,60079,96,260757
9081,0.000756,74.125.130.0-255,2902,62981,96,260757
9082,0.00076,172.31.47.0-255,66,63047,96,260757
9083,0.00078,74.125.130.0-255,5738,68785,96,260757
9084,0.000784,172.31.47.0-255,66,68851,96,260757
9085,0.000788,74.125.130.0-255,2902,71753,96,260757
9086,0.00079,74.125.130.0-255,1484,73237,96,260757
9087,0.000792,172.31.47.0-255,66,73303,96,260757
9088,0.000827,74.125.130.0-255,2902,76205,96,260757
9089,0.000831,172.31.47.0-255,66,76271,96,260757
9090,0.000842,172.31.47.0-255,66,76337,96,260757
9091,0.000847,74.125.130.0-255,4320,80657,96,260757
9092,0.000849,172.31.47.0-255,66,80723,96,260757
9093,0.000883,74.125.130.0-255,1484,82207,96,260757
9094,0.000903,74.125.130.0-255,2184,84391,96,260757
9095,0.000905,172.31.47.0-255,66,84457,96,260757
9096,0.001064,74.125.130.0-255,1484,85941,96,260757
9097,0.001077,74.125.130.0-255,2902,88843,96,260757
9098,0.00108,74.125.130.0-255,1484,90327,96,260757
9099,0.001103,74.125.130.0-255,2902,93229,96,260757
9100,0.001122,74.125.130.0-255,5738,98967,96,260757
9101,0.001146,74.125.130.0-255,1484,100451,96,260757
9102,0.001166,74.125.130.0-255,5738,106189,96,260757
9103,0.001182,74.125.130.0-255,4320,110509,96,260757
9104,0.001204,74.125.130.0-255,4320,114829,96,260757
9105,0.001208,74.125.130.0-255,3602,118431,96,260757
9106,0.001364,74.125.130.0-255,1484,119915,96,260757
9107,0.001379,74.125.130.0-255,2902,122817,96,260757
9108,0.001396,74.125.130.0-255,2902,125719,96,260757
9109,0.001411,74.125.130.0-255,4320,130039,96,260757
9110,0.001449,74.125.130.0-255,4320,134359,96,260757
9111,0.001467,74.125.130.0-255,1484,135843,96,260757
9112,0.001491,74.125.130.0-255,7156,142999,96,260757
9113,0.001495,74.125.130.0-255,2902,145901,96,260757
9114,0.001521,74.125.130.0-255,4320,150221,96,260757
9115,0.001547,74.125.130.0-255,2184,152405,96,260757
9116,0.00178,74.125.130.0-255,1484,153889,96,260757
9117,0.001795,74.125.130.0-255,1484,155373,96,260757
9118,0.001816,74.125.130.0-255,2902,158275,96,260757
9119,0.001841,74.125.130.0-255,1484,159759,96,260757
9120,0.001856,74.125.130.0-255,4320,164079,96,260757
9121,0.001915,74.125.130.0-255,1484,165563,96,260757
9122,0.001931,74.125.130.0-255,5738,171301,96,260757
9123,0.001975,74.125.130.0-255,1484,172785,96,260757
9124,0.001988,74.125.130.0-255,1484,174269,96,260757
9125,0.001993,74.125.130.0-255,4320,178589,96,260757
9126,0.001998,74.125.130.0-255,4320,182909,96,260757
9127,0.002001,74.125.130.0-255,2902,185811,96,260757
9128,0.00201,74.125.130.0-255,766,186577,96,260757
9129,0.004955,172.31.47.0-255,66,186643,96,260757
9130,0.00701,74.125.130.0-255,5738,192381,96,260757
9131,0.007017,172.31.47.0-255,66,192447,96,260757
9132,0.009031,74.125.130.0-255,5738,198185,96,260757
9133,0.009038,172.31.47.0-255,66,198251,96,260757
9134,0.011064,74.125.130.0-255,5738,203989,96,260757
9135,0.011072,172.31.47.0-255,66,204055,96,260757
9136,0.013101,74.125.130.0-255,5738,209793,96,260757
9137,0.013118,172.31.47.0-255,66,209859,96,260757
9138,0.015154,74.125.130.0-255,4320,214179,96,260757
9139,0.015162,172.31.47.0-255,66,214245,96,260757
9140,0.015195,74.125.130.0-255,1484,215729,96,260757
9141,0.017197,74.125.130.0-255,4320,220049,96,260757
9142,0.017203,172.31.47.0-255,66,220115,96,260757
9143,0.019233,74.125.130.0-255,5738,225853,96,260757
9144,0.019242,172.31.47.0-255,66,225919,96,260757
9145,0.021262,74.125.130.0-255,5738,231657,96,260757
9146,0.021269,172.31.47.0-255,66,231723,96,260757
9147,0.023293,74.125.130.0-255,4320,236043,96,260757
9148,0.0233,172.31.47.0-255,66,236109,96,260757
9149,0.023337,74.125.130.0-255,1484,237593,96,260757
9150,0.025326,74.125.130.0-255,4320,241913,96,260757
9151,0.025333,172.31.47.0-255,66,241979,96,260757
9152,0.027367,74.125.130.0-255,5738,247717,96,260757
9153,0.027374,172.31.47.0-255,66,247783,96,260757
9154,0.027962,172.31.47.0-255,172,247955,96,260757
9155,0.028,172.31.47.0-255,1110,249065,96,260757
9156,0.028063,172.31.47.0-255,1514,250579,96,260757
9157,0.028066,172.31.47.0-255,1514,252093,96,260757
9158,0.028069,172.31.47.0-255,1514,253607,96,260757
9159,0.02807,172.31.47.0-255,1082,254689,96,260757
9160,0.029411,74.125.130.0-255,5738,260427,96,260757
9161,0.029417,172.31.47.0-255,66,260493,96,260757
9162,0.02951,104.244.42.0-255,66,260559,96,260757
9163,0.029677,104.244.42.0-255,66,260625,96,260757
9164,0.029682,104.244.42.0-255,66,260691,96,260757
9165,0.029754,104.244.42.0-255,66,260757,96,260757
9166,0.0,74.125.24.0-255,153,153,96,183270
9167,1.8e-05,172.31.47.0-255,66,219,96,183270
9168,2.5e-05,74.125.24.0-255,1484,1703,96,183270
9169,3e-05,172.31.47.0-255,66,1769,96,183270
9170,3.4e-05,74.125.24.0-255,2902,4671,96,183270
9171,3.7e-05,172.31.47.0-255,66,4737,96,183270
9172,4.4e-05,74.125.24.0-255,5738,10475,96,183270
9173,4.7e-05,172.31.47.0-255,66,10541,96,183270
9174,0.000106,172.31.47.0-255,66,10607,96,183270
9175,0.000109,74.125.24.0-255,1484,12091,96,183270
9176,0.000112,172.31.47.0-255,66,12157,96,183270
9177,0.000136,74.125.24.0-255,5379,17536,96,183270
9178,0.000139,172.31.47.0-255,66,17602,96,183270
9179,0.000187,74.125.24.0-255,1484,19086,96,183270
9180,0.000189,172.31.47.0-255,66,19152,96,183270
9181,0.000193,74.125.24.0-255,1484,20636,96,183270
9182,0.000195,172.31.47.0-255,66,20702,96,183270
9183,0.000208,74.125.24.0-255,1484,22186,96,183270
9184,0.00021,172.31.47.0-255,66,22252,96,183270
9185,0.000215,74.125.24.0-255,4320,26572,96,183270
9186,0.000217,172.31.47.0-255,66,26638,96,183270
9187,0.000242,74.125.24.0-255,1484,28122,96,183270
9188,0.000245,172.31.47.0-255,66,28188,96,183270
9189,0.000251,74.125.24.0-255,5738,33926,96,183270
9190,0.000254,172.31.47.0-255,66,33992,96,183270
9191,0.000267,74.125.24.0-255,2902,36894,96,183270
9192,0.00027,172.31.47.0-255,66,36960,96,183270
9193,0.000303,172.31.47.0-255,66,37026,96,183270
9194,0.000308,74.125.24.0-255,4235,41261,96,183270
9195,0.00031,172.31.47.0-255,66,41327,96,183270
9196,0.000424,74.125.24.0-255,381,41708,96,183270
9197,0.000428,172.31.47.0-255,66,41774,96,183270
9198,0.000547,74.125.24.0-255,1484,43258,96,183270
9199,0.000553,74.125.24.0-255,1484,44742,96,183270
9200,0.000558,172.31.47.0-255,66,44808,96,183270
9201,0.000568,74.125.24.0-255,1484,46292,96,183270
9202,0.000572,74.125.24.0-255,2902,49194,96,183270
9203,0.000587,74.125.24.0-255,2902,52096,96,183270
9204,0.000594,74.125.24.0-255,6797,58893,96,183270
9205,0.000622,74.125.24.0-255,7156,66049,96,183270
9206,0.000629,172.31.47.0-255,66,66115,96,183270
9207,0.000648,74.125.24.0-255,7156,73271,96,183270
9208,0.00067,172.31.47.0-255,66,73337,96,183270
9209,0.000674,74.125.24.0-255,2543,75880,96,183270
9210,0.000679,172.31.47.0-255,66,75946,96,183270
9211,0.001262,74.125.24.0-255,1484,77430,96,183270
9212,0.001267,74.125.24.0-255,1484,78914,96,183270
9213,0.001271,172.31.47.0-255,66,78980,96,183270
9214,0.001291,74.125.24.0-255,1484,80464,96,183270
9215,0.001297,74.125.24.0-255,5738,86202,96,183270
9216,0.0013,74.125.24.0-255,2902,89104,96,183270
9217,0.001314,74.125.24.0-255,1484,90588,96,183270
9218,0.001317,172.31.47.0-255,66,90654,96,183270
9219,0.001343,74.125.24.0-255,4320,94974,96,183270
9220,0.001353,172.31.47.0-255,66,95040,96,183270
9221,0.001368,74.125.24.0-255,6438,101478,96,183270
9222,0.001389,172.31.47.0-255,66,101544,96,183270
9223,0.001473,74.125.24.0-255,1484,103028,96,183270
9224,0.001479,74.125.24.0-255,2902,105930,96,183270
9225,0.001482,172.31.47.0-255,66,105996,96,183270
9226,0.001485,74.125.24.0-255,1484,107480,96,183270
9227,0.001506,74.125.24.0-255,4320,111800,96,183270
9228,0.001508,74.125.24.0-255,1484,113284,96,183270
9229,0.001512,172.31.47.0-255,66,113350,96,183270
9230,0.001554,172.31.47.0-255,66,113416,96,183270
9231,0.001583,172.31.47.0-255,66,113482,96,183270
9232,0.001716,74.125.24.0-255,1484,114966,96,183270
9233,0.001721,74.125.24.0-255,2902,117868,96,183270
9234,0.001733,172.31.47.0-255,66,117934,96,183270
9235,0.001744,74.125.24.0-255,5738,123672,96,183270
9236,0.001755,172.31.47.0-255,66,123738,96,183270
9237,0.001759,74.125.24.0-255,2902,126640,96,183270
9238,0.001794,172.31.47.0-255,66,126706,96,183270
9239,0.001853,172.31.47.0-255,66,126772,96,183270
9240,0.001933,74.125.24.0-255,1484,128256,96,183270
9241,0.001948,74.125.24.0-255,1484,129740,96,183270
9242,0.001958,172.31.47.0-255,66,129806,96,183270
9243,0.001966,74.125.24.0-255,1484,131290,96,183270
9244,0.001972,74.125.24.0-255,4320,135610,96,183270
9245,0.001977,172.31.47.0-255,66,135676,96,183270
9246,0.001987,74.125.24.0-255,1484,137160,96,183270
9247,0.001992,74.125.24.0-255,2902,140062,96,183270
9248,0.002017,172.31.47.0-255,66,140128,96,183270
9249,0.002022,172.31.47.0-255,66,140194,96,183270
9250,0.002059,74.125.24.0-255,1484,141678,96,183270
9251,0.002065,172.31.47.0-255,66,141744,96,183270
9252,0.002126,172.31.47.0-255,66,141810,96,183270
9253,0.002204,74.125.24.0-255,1484,143294,96,183270
9254,0.002273,74.125.24.0-255,4320,147614,96,183270
9255,0.00234,74.125.24.0-255,2902,150516,96,183270
9256,0.002361,74.125.24.0-255,2184,152700,96,183270
9257,0.011721,74.125.24.0-255,1484,154184,96,183270
9258,0.016496,172.31.47.0-255,66,154250,96,183270
9259,0.018644,74.125.24.0-255,5738,159988,96,183270
9260,0.018655,172.31.47.0-255,66,160054,96,183270
9261,0.020756,74.125.24.0-255,5738,165792,96,183270
9262,0.020764,172.31.47.0-255,66,165858,96,183270
9263,0.022931,74.125.24.0-255,5738,171596,96,183270
9264,0.025627,172.31.47.0-255,66,171662,96,183270
9265,0.027766,74.125.24.0-255,5738,177400,96,183270
9266,0.027778,172.31.47.0-255,66,177466,96,183270
9267,0.029893,74.125.24.0-255,5738,183204,96,183270
9268,0.029901,172.31.47.0-255,66,183270,96,183270
9269,0.0,74.125.68.0-255,153,153,96,236263
9270,2.3e-05,172.31.47.0-255,66,219,96,236263
9271,3e-05,74.125.68.0-255,1484,1703,96,236263
9272,3.5e-05,172.31.47.0-255,66,1769,96,236263
9273,4e-05,74.125.68.0-255,2902,4671,96,236263
9274,5.1e-05,172.31.47.0-255,66,4737,96,236263
9275,5.9e-05,74.125.68.0-255,7156,11893,96,236263
9276,6.2e-05,172.31.47.0-255,66,11959,96,236263
9277,6.6e-05,74.125.68.0-255,2135,14094,96,236263
9278,6.9e-05,172.31.47.0-255,66,14160,96,236263
9279,7.4e-05,74.125.68.0-255,2902,17062,96,236263
9280,7.6e-05,172.31.47.0-255,66,17128,96,236263
9281,0.000115,74.125.68.0-255,7156,24284,96,236263
9282,0.000118,172.31.47.0-255,66,24350,96,236263
9283,0.000123,74.125.68.0-255,2902,27252,96,236263
9284,0.000126,172.31.47.0-255,66,27318,96,236263
9285,0.000153,74.125.68.0-255,3961,31279,96,236263
9286,0.000156,172.31.47.0-255,66,31345,96,236263
9287,0.000223,74.125.68.0-255,1484,32829,96,236263
9288,0.000226,172.31.47.0-255,66,32895,96,236263
9289,0.000229,74.125.68.0-255,1484,34379,96,236263
9290,0.000231,172.31.47.0-255,66,34445,96,236263
9291,0.000255,74.125.68.0-255,1484,35929,96,236263
9292,0.000258,172.31.47.0-255,66,35995,96,236263
9293,0.000262,74.125.68.0-255,2902,38897,96,236263
9294,0.000264,172.31.47.0-255,66,38963,96,236263
9295,0.000273,74.125.68.0-255,4320,43283,96,236263
9296,0.000276,172.31.47.0-255,66,43349,96,236263
9297,0.000317,172.31.47.0-255,66,43415,96,236263
9298,0.000323,74.125.68.0-255,5738,49153,96,236263
9299,0.000326,172.31.47.0-255,66,49219,96,236263
9300,0.00033,74.125.68.0-255,2902,52121,96,236263
9301,0.000332,172.31.47.0-255,66,52187,96,236263
9302,0.000359,74.125.68.0-255,4320,56507,96,236263
9303,0.000364,74.125.68.0-255,766,57273,96,236263
9304,0.000468,74.125.68.0-255,366,57639,96,236263
9305,0.000472,74.125.68.0-255,126,57765,96,236263
9306,0.00056,74.125.68.0-255,1484,59249,96,236263
9307,0.000565,172.31.47.0-255,66,59315,96,236263
9308,0.000574,74.125.68.0-255,2902,62217,96,236263
9309,0.000596,74.125.68.0-255,5738,67955,96,236263
9310,0.000601,74.125.68.0-255,2902,70857,96,236263
9311,0.000606,172.31.47.0-255,66,70923,96,236263
9312,0.000614,74.125.68.0-255,1484,72407,96,236263
9313,0.000655,74.125.68.0-255,4320,76727,96,236263
9314,0.000674,74.125.68.0-255,1484,78211,96,236263
9315,0.000688,74.125.68.0-255,2184,80395,96,236263
9316,0.00069,74.125.68.0-255,349,80744,96,236263
9317,0.000713,172.31.47.0-255,66,80810,96,236263
9318,0.001059,74.125.68.0-255,1484,82294,96,236263
9319,0.001078,74.125.68.0-255,2902,85196,96,236263
9320,0.001082,172.31.47.0-255,66,85262,96,236263
9321,0.001087,74.125.68.0-255,2902,88164,96,236263
9322,0.001108,74.125.68.0-255,2902,91066,96,236263
9323,0.001112,74.125.68.0-255,2902,93968,96,236263
9324,0.001118,172.31.47.0-255,66,94034,96,236263
9325,0.001143,74.125.68.0-255,5738,99772,96,236263
9326,0.00117,74.125.68.0-255,5020,104792,96,236263
9327,0.001173,172.31.47.0-255,66,104858,96,236263
9328,0.001177,172.31.47.0-255,66,104924,96,236263
9329,0.001326,74.125.68.0-255,1484,106408,96,236263
9330,0.001346,74.125.68.0-255,2902,109310,96,236263
9331,0.001349,74.125.68.0-255,1484,110794,96,236263
9332,0.001359,172.31.47.0-255,66,110860,96,236263
9333,0.001376,74.125.68.0-255,4320,115180,96,236263
9334,0.001399,74.125.68.0-255,4320,119500,96,236263
9335,0.001404,172.31.47.0-255,66,119566,96,236263
9336,0.001425,74.125.68.0-255,5738,125304,96,236263
9337,0.00143,74.125.68.0-255,4320,129624,96,236263
9338,0.001447,172.31.47.0-255,66,129690,96,236263
9339,0.001476,74.125.68.0-255,5738,135428,96,236263
9340,0.001479,172.31.47.0-255,66,135494,96,236263
9341,0.001506,74.125.68.0-255,3602,139096,96,236263
9342,0.001524,172.31.47.0-255,66,139162,96,236263
9343,0.001622,74.125.68.0-255,1484,140646,96,236263
9344,0.001637,74.125.68.0-255,2902,143548,96,236263
9345,0.001646,172.31.47.0-255,66,143614,96,236263
9346,0.001661,74.125.68.0-255,5738,149352,96,236263
9347,0.001669,74.125.68.0-255,1484,150836,96,236263
9348,0.001683,74.125.68.0-255,1484,152320,96,236263
9349,0.001693,74.125.68.0-255,1484,153804,96,236263
9350,0.001697,172.31.47.0-255,66,153870,96,236263
9351,0.001737,74.125.68.0-255,1484,155354,96,236263
9352,0.001759,74.125.68.0-255,2902,158256,96,236263
9353,0.001768,172.31.47.0-255,66,158322,96,236263
9354,0.00179,74.125.68.0-255,5738,164060,96,236263
9355,0.001794,74.125.68.0-255,1484,165544,96,236263
9356,0.001798,74.125.68.0-255,2902,168446,96,236263
9357,0.001817,172.31.47.0-255,66,168512,96,236263
9358,0.001824,74.125.68.0-255,1484,169996,96,236263
9359,0.001848,74.125.68.0-255,3602,173598,96,236263
9360,0.00185,172.31.47.0-255,66,173664,96,236263
9361,0.002006,74.125.68.0-255,1484,175148,96,236263
9362,0.002019,74.125.68.0-255,1484,176632,96,236263
9363,0.002025,172.31.47.0-255,66,176698,96,236263
9364,0.003855,74.125.68.0-255,2902,179600,96,236263
9365,0.003861,172.31.47.0-255,66,179666,96,236263
9366,0.004029,74.125.68.0-255,2902,182568,96,236263
9367,0.005857,74.125.68.0-255,2902,185470,96,236263
9368,0.00767,172.31.47.0-255,66,185536,96,236263
9369,0.009688,74.125.68.0-255,5738,191274,96,236263
9370,0.009696,172.31.47.0-255,66,191340,96,236263
9371,0.011727,74.125.68.0-255,5738,197078,96,236263
9372,0.011737,172.31.47.0-255,66,197144,96,236263
9373,0.013757,74.125.68.0-255,5738,202882,96,236263
9374,0.013764,172.31.47.0-255,66,202948,96,236263
9375,0.015757,74.125.68.0-255,4320,207268,96,236263
9376,0.015774,74.125.68.0-255,1484,208752,96,236263
9377,0.019709,172.31.47.0-255,66,208818,96,236263
9378,0.021735,74.125.68.0-255,5738,214556,96,236263
9379,0.021749,172.31.47.0-255,66,214622,96,236263
9380,0.02376,74.125.68.0-255,5738,220360,96,236263
9381,0.023768,172.31.47.0-255,66,220426,96,236263
9382,0.024666,172.31.47.0-255,172,220598,96,236263
9383,0.024696,172.31.47.0-255,1101,221699,96,236263
9384,0.024771,172.31.47.0-255,1514,223213,96,236263
9385,0.024773,172.31.47.0-255,1310,224523,96,236263
9386,0.025779,74.125.68.0-255,5738,230261,96,236263
9387,0.025786,172.31.47.0-255,66,230327,96,236263
9388,0.026211,104.244.42.0-255,66,230393,96,236263
9389,0.026218,104.244.42.0-255,66,230459,96,236263
9390,0.026318,104.244.42.0-255,66,230525,96,236263
9391,0.027798,74.125.68.0-255,5738,236263,96,236263
9392,0.0,172.217.194.0-255,153,153,96,158892
9393,2.8e-05,172.31.47.0-255,66,219,96,158892
9394,3.4e-05,172.217.194.0-255,1484,1703,96,158892
9395,3.9e-05,172.31.47.0-255,66,1769,96,158892
9396,4.4e-05,172.217.194.0-255,2902,4671,96,158892
9397,4.6e-05,172.31.47.0-255,66,4737,96,158892
9398,5.3e-05,172.217.194.0-255,7156,11893,96,158892
9399,5.5e-05,172.31.47.0-255,66,11959,96,158892
9400,8.4e-05,172.31.47.0-255,66,12025,96,158892
9401,9.6e-05,172.31.47.0-255,66,12091,96,158892
9402,0.00012,172.217.194.0-255,2543,14634,96,158892
9403,0.000122,172.31.47.0-255,66,14700,96,158892
9404,0.000171,172.217.194.0-255,1484,16184,96,158892
9405,0.000173,172.31.47.0-255,66,16250,96,158892
9406,0.000178,172.217.194.0-255,2902,19152,96,158892
9407,0.00018,172.31.47.0-255,66,19218,96,158892
9408,0.000184,172.217.194.0-255,2902,22120,96,158892
9409,0.000186,172.31.47.0-255,66,22186,96,158892
9410,0.000202,172.217.194.0-255,2902,25088,96,158892
9411,0.000204,172.31.47.0-255,66,25154,96,158892
9412,0.000207,172.217.194.0-255,1484,26638,96,158892
9413,0.000208,172.31.47.0-255,66,26704,96,158892
9414,0.000253,172.31.47.0-255,66,26770,96,158892
9415,0.000263,172.31.47.0-255,66,26836,96,158892
9416,0.000265,172.217.194.0-255,99,26935,96,158892
9417,0.000269,172.31.47.0-255,66,27001,96,158892
9418,0.000361,172.217.194.0-255,1484,28485,96,158892
9419,0.000366,172.31.47.0-255,66,28551,96,158892
9420,0.000385,172.217.194.0-255,2902,31453,96,158892
9421,0.00039,172.31.47.0-255,66,31519,96,158892
9422,0.000392,172.217.194.0-255,1484,33003,96,158892
9423,0.000408,172.217.194.0-255,2902,35905,96,158892
9424,0.000411,172.31.47.0-255,66,35971,96,158892
9425,0.000442,172.217.194.0-255,4320,40291,96,158892
9426,0.000445,172.31.47.0-255,66,40357,96,158892
9427,0.000465,172.217.194.0-255,3961,44318,96,158892
9428,0.000467,172.31.47.0-255,66,44384,96,158892
9429,0.000513,172.217.194.0-255,1484,45868,96,158892
9430,0.000518,172.217.194.0-255,2902,48770,96,158892
9431,0.00052,172.31.47.0-255,66,48836,96,158892
9432,0.000523,172.217.194.0-255,1484,50320,96,158892
9433,0.000539,172.217.194.0-255,4320,54640,96,158892
9434,0.000542,172.31.47.0-255,66,54706,96,158892
9435,0.000594,172.31.47.0-255,66,54772,96,158892
9436,0.000608,172.31.47.0-255,66,54838,96,158892
9437,0.000659,172.31.47.0-255,66,54904,96,158892
9438,0.000679,172.217.194.0-255,2902,57806,96,158892
9439,0.000681,172.31.47.0-255,66,57872,96,158892
9440,0.000715,172.31.47.0-255,66,57938,96,158892
9441,0.000725,172.31.47.0-255,66,58004,96,158892
9442,0.000745,172.217.194.0-255,4320,62324,96,158892
9443,0.000748,172.31.47.0-255,66,62390,96,158892
9444,0.000765,172.217.194.0-255,6438,68828,96,158892
9445,0.000768,172.31.47.0-255,66,68894,96,158892
9446,0.000807,172.217.194.0-255,2902,71796,96,158892
9447,0.00081,172.31.47.0-255,66,71862,96,158892
9448,0.000839,172.31.47.0-255,66,71928,96,158892
9449,0.000851,172.31.47.0-255,66,71994,96,158892
9450,0.00086,172.31.47.0-255,66,72060,96,158892
9451,0.000915,172.217.194.0-255,1484,73544,96,158892
9452,0.000927,172.217.194.0-255,1484,75028,96,158892
9453,0.00093,172.31.47.0-255,66,75094,96,158892
9454,0.00095,172.217.194.0-255,1484,76578,96,158892
9455,0.000955,172.217.194.0-255,5738,82316,96,158892
9456,0.000957,172.31.47.0-255,66,82382,96,158892
9457,0.00096,172.217.194.0-255,1484,83866,96,158892
9458,0.000978,172.217.194.0-255,5738,89604,96,158892
9459,0.000981,172.31.47.0-255,66,89670,96,158892
9460,0.000985,172.217.194.0-255,4320,93990,96,158892
9461,0.000987,172.31.47.0-255,66,94056,96,158892
9462,0.001016,172.31.47.0-255,66,94122,96,158892
9463,0.001019,172.217.194.0-255,2184,96306,96,158892
9464,0.001021,172.31.47.0-255,66,96372,96,158892
9465,0.001444,172.217.194.0-255,1484,97856,96,158892
9466,0.001472,172.217.194.0-255,2902,100758,96,158892
9467,0.001475,172.31.47.0-255,66,100824,96,158892
9468,0.001482,172.217.194.0-255,5738,106562,96,158892
9469,0.001485,172.217.194.0-255,4320,110882,96,158892
9470,0.001486,172.31.47.0-255,66,110948,96,158892
9471,0.001488,172.31.47.0-255,66,111014,96,158892
9472,0.001526,172.31.47.0-255,66,111080,96,158892
9473,0.001539,172.217.194.0-255,2902,113982,96,158892
9474,0.001541,172.31.47.0-255,66,114048,96,158892
9475,0.001567,172.31.47.0-255,66,114114,96,158892
9476,0.001622,172.217.194.0-255,1484,115598,96,158892
9477,0.001633,172.217.194.0-255,2902,118500,96,158892
9478,0.001635,172.31.47.0-255,66,118566,96,158892
9479,0.001659,172.217.194.0-255,5738,124304,96,158892
9480,0.001662,172.31.47.0-255,66,124370,96,158892
9481,0.001664,172.217.194.0-255,1484,125854,96,158892
9482,0.001682,172.217.194.0-255,4320,130174,96,158892
9483,0.001685,172.31.47.0-255,66,130240,96,158892
9484,0.001707,172.217.194.0-255,7156,137396,96,158892
9485,0.001709,172.31.47.0-255,66,137462,96,158892
9486,0.001719,172.31.47.0-255,66,137528,96,158892
9487,0.001744,172.217.194.0-255,1484,139012,96,158892
9488,0.001753,172.217.194.0-255,1484,140496,96,158892
9489,0.001755,172.31.47.0-255,66,140562,96,158892
9490,0.001765,172.217.194.0-255,1484,142046,96,158892
9491,0.001769,172.217.194.0-255,2902,144948,96,158892
9492,0.001772,172.31.47.0-255,66,145014,96,158892
9493,0.001783,172.217.194.0-255,2902,147916,96,158892
9494,0.001785,172.31.47.0-255,66,147982,96,158892
9495,0.001792,172.217.194.0-255,1484,149466,96,158892
9496,0.001811,172.31.47.0-255,66,149532,96,158892
9497,0.00186,172.31.47.0-255,66,149598,96,158892
9498,0.001881,172.217.194.0-255,2184,151782,96,158892
9499,0.001884,172.31.47.0-255,66,151848,96,158892
9500,0.001896,172.31.47.0-255,66,151914,96,158892
9501,0.001964,172.31.47.0-255,66,151980,96,158892
9502,0.001987,172.217.194.0-255,6438,158418,96,158892
9503,0.00199,172.31.47.0-255,66,158484,96,158892
9504,0.002004,172.31.47.0-255,66,158550,96,158892
9505,0.002007,172.217.194.0-255,105,158655,96,158892
9506,0.003053,172.31.47.0-255,66,158721,96,158892
9507,0.003076,172.31.47.0-255,105,158826,96,158892
9508,0.005309,172.217.194.0-255,66,158892,96,158892
9509,0.0,172.253.118.0-255,152,152,96,169572
9510,2.6e-05,172.31.47.0-255,66,218,96,169572
9511,4.2e-05,172.253.118.0-255,1484,1702,96,169572
9512,4.5e-05,172.31.47.0-255,66,1768,96,169572
9513,5e-05,172.253.118.0-255,2902,4670,96,169572
9514,5.3e-05,172.31.47.0-255,66,4736,96,169572
9515,7.9e-05,172.253.118.0-255,2902,7638,96,169572
9516,8.2e-05,172.31.47.0-255,66,7704,96,169572
9517,9.8e-05,172.253.118.0-255,4320,12024,96,169572
9518,0.0001,172.31.47.0-255,66,12090,96,169572
9519,0.000117,172.253.118.0-255,5738,17828,96,169572
9520,0.00012,172.31.47.0-255,66,17894,96,169572
9521,0.000138,172.253.118.0-255,2046,19940,96,169572
9522,0.00014,172.31.47.0-255,66,20006,96,169572
9523,0.000145,172.253.118.0-255,2902,22908,96,169572
9524,0.000147,172.31.47.0-255,66,22974,96,169572
9525,0.00018,172.253.118.0-255,1484,24458,96,169572
9526,0.000182,172.31.47.0-255,66,24524,96,169572
9527,0.000203,172.253.118.0-255,6797,31321,96,169572
9528,0.000205,172.31.47.0-255,66,31387,96,169572
9529,0.00033,172.253.118.0-255,1484,32871,96,169572
9530,0.000333,172.31.47.0-255,66,32937,96,169572
9531,0.00035,172.253.118.0-255,2902,35839,96,169572
9532,0.000353,172.31.47.0-255,66,35905,96,169572
9533,0.000368,172.253.118.0-255,2902,38807,96,169572
9534,0.000371,172.31.47.0-255,66,38873,96,169572
9535,0.000386,172.253.118.0-255,2902,41775,96,169572
9536,0.000388,172.31.47.0-255,66,41841,96,169572
9537,0.000392,172.253.118.0-255,2902,44743,96,169572
9538,0.000396,172.31.47.0-255,66,44809,96,169572
9539,0.000432,172.253.118.0-255,3961,48770,96,169572
9540,0.000435,172.31.47.0-255,66,48836,96,169572
9541,0.0009,172.253.118.0-255,1484,50320,96,169572
9542,0.000923,172.253.118.0-255,2902,53222,96,169572
9543,0.000927,172.31.47.0-255,66,53288,96,169572
9544,0.000952,172.253.118.0-255,5738,59026,96,169572
9545,0.000955,172.31.47.0-255,66,59092,96,169572
9546,0.000959,172.253.118.0-255,2902,61994,96,169572
9547,0.000961,172.31.47.0-255,66,62060,96,169572
9548,0.001003,172.253.118.0-255,3961,66021,96,169572
9549,0.001007,172.31.47.0-255,66,66087,96,169572
9550,0.001532,172.253.118.0-255,1484,67571,96,169572
9551,0.00154,172.253.118.0-255,2902,70473,96,169572
9552,0.001543,172.31.47.0-255,66,70539,96,169572
9553,0.001548,172.253.118.0-255,2902,73441,96,169572
9554,0.001549,172.31.47.0-255,66,73507,96,169572
9555,0.001565,172.253.118.0-255,1484,74991,96,169572
9556,0.00157,172.253.118.0-255,5738,80729,96,169572
9557,0.001572,172.31.47.0-255,66,80795,96,169572
9558,0.001584,172.253.118.0-255,1484,82279,96,169572
9559,0.001606,172.31.47.0-255,66,82345,96,169572
9560,0.001629,172.253.118.0-255,2543,84888,96,169572
9561,0.001631,172.31.47.0-255,66,84954,96,169572
9562,0.001637,172.253.118.0-255,7156,92110,96,169572
9563,0.001638,172.31.47.0-255,66,92176,96,169572
9564,0.00164,172.253.118.0-255,287,92463,96,169572
9565,0.001842,172.31.47.0-255,66,92529,96,169572
9566,0.003683,172.253.118.0-255,4320,96849,96,169572
9567,0.003689,172.31.47.0-255,66,96915,96,169572
9568,0.003881,172.253.118.0-255,1484,98399,96,169572
9569,0.005725,172.253.118.0-255,4320,102719,96,169572
9570,0.00573,172.31.47.0-255,66,102785,96,169572
9571,0.007778,172.253.118.0-255,5738,108523,96,169572
9572,0.007786,172.31.47.0-255,66,108589,96,169572
9573,0.009836,172.253.118.0-255,5738,114327,96,169572
9574,0.009844,172.31.47.0-255,66,114393,96,169572
9575,0.01189,172.253.118.0-255,5738,120131,96,169572
9576,0.011898,172.31.47.0-255,66,120197,96,169572
9577,0.013951,172.253.118.0-255,5738,125935,96,169572
9578,0.013958,172.31.47.0-255,66,126001,96,169572
9579,0.015996,172.253.118.0-255,4320,130321,96,169572
9580,0.016003,172.31.47.0-255,66,130387,96,169572
9581,0.016022,172.253.118.0-255,1484,131871,96,169572
9582,0.018052,172.253.118.0-255,4320,136191,96,169572
9583,0.018058,172.31.47.0-255,66,136257,96,169572
9584,0.020115,172.253.118.0-255,5738,141995,96,169572
9585,0.020124,172.31.47.0-255,66,142061,96,169572
9586,0.02219,172.253.118.0-255,5738,147799,96,169572
9587,0.022198,172.31.47.0-255,66,147865,96,169572
9588,0.023413,172.31.47.0-255,172,148037,96,169572
9589,0.023437,172.31.47.0-255,1110,149147,96,169572
9590,0.023484,172.31.47.0-255,1514,150661,96,169572
9591,0.023486,172.31.47.0-255,1301,151962,96,169572
9592,0.024259,172.253.118.0-255,5738,157700,96,169572
9593,0.024265,172.31.47.0-255,66,157766,96,169572
9594,0.02495,104.244.42.0-255,66,157832,96,169572
9595,0.025014,104.244.42.0-255,66,157898,96,169572
9596,0.025059,104.244.42.0-255,66,157964,96,169572
9597,0.026307,172.253.118.0-255,5738,163702,96,169572
9598,0.026312,172.31.47.0-255,66,163768,96,169572
9599,0.028404,172.253.118.0-255,5738,169506,96,169572
9600,0.028411,172.31.47.0-255,66,169572,96,169572
9601,0.0,172.217.194.0-255,153,153,96,225246
9602,2.6e-05,172.31.47.0-255,66,219,96,225246
9603,3.3e-05,172.217.194.0-255,1484,1703,96,225246
9604,3.7e-05,172.31.47.0-255,66,1769,96,225246
9605,4.1e-05,172.217.194.0-255,2902,4671,96,225246
9606,4.4e-05,172.31.47.0-255,66,4737,96,225246
9607,5.1e-05,172.217.194.0-255,7156,11893,96,225246
9608,5.4e-05,172.31.47.0-255,66,11959,96,225246
9609,7.9e-05,172.217.194.0-255,2139,14098,96,225246
9610,8.1e-05,172.31.47.0-255,66,14164,96,225246
9611,0.000133,172.217.194.0-255,1484,15648,96,225246
9612,0.000136,172.31.47.0-255,66,15714,96,225246
9613,0.00015,172.217.194.0-255,2902,18616,96,225246
9614,0.000153,172.31.47.0-255,66,18682,96,225246
9615,0.000158,172.217.194.0-255,4320,23002,96,225246
9616,0.000162,172.31.47.0-255,66,23068,96,225246
9617,0.000183,172.217.194.0-255,1484,24552,96,225246
9618,0.000186,172.31.47.0-255,66,24618,96,225246
9619,0.000191,172.217.194.0-255,2902,27520,96,225246
9620,0.000193,172.31.47.0-255,66,27586,96,225246
9621,0.000206,172.217.194.0-255,3961,31547,96,225246
9622,0.000209,172.31.47.0-255,66,31613,96,225246
9623,0.000215,172.217.194.0-255,4320,35933,96,225246
9624,0.000217,172.31.47.0-255,66,35999,96,225246
9625,0.000247,172.217.194.0-255,2902,38901,96,225246
9626,0.000251,172.31.47.0-255,66,38967,96,225246
9627,0.000262,172.31.47.0-255,66,39033,96,225246
9628,0.000287,172.217.194.0-255,4320,43353,96,225246
9629,0.00029,172.31.47.0-255,66,43419,96,225246
9630,0.000312,172.217.194.0-255,2902,46321,96,225246
9631,0.000315,172.31.47.0-255,66,46387,96,225246
9632,0.000326,172.31.47.0-255,66,46453,96,225246
9633,0.000328,172.217.194.0-255,1125,47578,96,225246
9634,0.00033,172.31.47.0-255,66,47644,96,225246
9635,0.000414,172.217.194.0-255,648,48292,96,225246
9636,0.000512,172.217.194.0-255,1484,49776,96,225246
9637,0.000516,172.31.47.0-255,66,49842,96,225246
9638,0.000521,172.217.194.0-255,2902,52744,96,225246
9639,0.000536,172.31.47.0-255,66,52810,96,225246
9640,0.000537,172.217.194.0-255,4320,57130,96,225246
9641,0.000556,172.31.47.0-255,66,57196,96,225246
9642,0.000557,172.217.194.0-255,4320,61516,96,225246
9643,0.000561,172.31.47.0-255,66,61582,96,225246
9644,0.000576,172.217.194.0-255,1484,63066,96,225246
9645,0.00058,172.217.194.0-255,2543,65609,96,225246
9646,0.000592,172.31.47.0-255,66,65675,96,225246
9647,0.00061,172.217.194.0-255,1484,67159,96,225246
9648,0.000627,172.217.194.0-255,1484,68643,96,225246
9649,0.000637,172.31.47.0-255,66,68709,96,225246
9650,0.000647,172.217.194.0-255,1484,70193,96,225246
9651,0.000659,172.217.194.0-255,2902,73095,96,225246
9652,0.000663,172.31.47.0-255,66,73161,96,225246
9653,0.000691,172.217.194.0-255,2902,76063,96,225246
9654,0.000693,172.31.47.0-255,66,76129,96,225246
9655,0.000709,172.217.194.0-255,2902,79031,96,225246
9656,0.000714,172.217.194.0-255,3961,82992,96,225246
9657,0.000719,172.31.47.0-255,66,83058,96,225246
9658,0.001076,172.217.194.0-255,1484,84542,96,225246
9659,0.001081,172.31.47.0-255,66,84608,96,225246
9660,0.001096,172.217.194.0-255,1484,86092,96,225246
9661,0.001098,172.31.47.0-255,66,86158,96,225246
9662,0.001102,172.217.194.0-255,2902,89060,96,225246
9663,0.001104,172.31.47.0-255,66,89126,96,225246
9664,0.001109,172.217.194.0-255,2902,92028,96,225246
9665,0.001112,172.31.47.0-255,66,92094,96,225246
9666,0.001138,172.217.194.0-255,2902,94996,96,225246
9667,0.00115,172.31.47.0-255,66,95062,96,225246
9668,0.001154,172.31.47.0-255,66,95128,96,225246
9669,0.001163,172.217.194.0-255,2902,98030,96,225246
9670,0.00117,172.217.194.0-255,7156,105186,96,225246
9671,0.001171,172.31.47.0-255,66,105252,96,225246
9672,0.001174,172.31.47.0-255,66,105318,96,225246
9673,0.001183,172.217.194.0-255,1484,106802,96,225246
9674,0.001205,172.217.194.0-255,3602,110404,96,225246
9675,0.00121,172.217.194.0-255,4320,114724,96,225246
9676,0.001212,172.31.47.0-255,66,114790,96,225246
9677,0.001216,172.31.47.0-255,66,114856,96,225246
9678,0.001231,172.217.194.0-255,2902,117758,96,225246
9679,0.001239,172.31.47.0-255,66,117824,96,225246
9680,0.001251,172.217.194.0-255,7156,124980,96,225246
9681,0.001254,172.31.47.0-255,66,125046,96,225246
9682,0.001258,172.217.194.0-255,7156,132202,96,225246
9683,0.001264,172.217.194.0-255,5738,137940,96,225246
9684,0.001269,172.31.47.0-255,66,138006,96,225246
9685,0.001292,172.217.194.0-255,2902,140908,96,225246
9686,0.001295,172.217.194.0-255,766,141674,96,225246
9687,0.001309,172.31.47.0-255,66,141740,96,225246
9688,0.001824,172.217.194.0-255,1484,143224,96,225246
9689,0.00183,172.31.47.0-255,66,143290,96,225246
9690,0.001839,172.217.194.0-255,2902,146192,96,225246
9691,0.001843,172.217.194.0-255,1484,147676,96,225246
9692,0.001864,172.217.194.0-255,4320,151996,96,225246
9693,0.001867,172.217.194.0-255,1484,153480,96,225246
9694,0.001889,172.217.194.0-255,7156,160636,96,225246
9695,0.001922,172.217.194.0-255,4320,164956,96,225246
9696,0.001955,172.217.194.0-255,2184,167140,96,225246
9697,0.006355,172.31.47.0-255,66,167206,96,225246
9698,0.008399,172.217.194.0-255,5738,172944,96,225246
9699,0.008409,172.31.47.0-255,66,173010,96,225246
9700,0.010424,172.217.194.0-255,5738,178748,96,225246
9701,0.010431,172.31.47.0-255,66,178814,96,225246
9702,0.012438,172.217.194.0-255,5738,184552,96,225246
9703,0.014397,172.31.47.0-255,66,184618,96,225246
9704,0.016426,172.217.194.0-255,5738,190356,96,225246
9705,0.016438,172.31.47.0-255,66,190422,96,225246
9706,0.018439,172.217.194.0-255,5738,196160,96,225246
9707,0.018445,172.31.47.0-255,66,196226,96,225246
9708,0.020445,172.217.194.0-255,5738,201964,96,225246
9709,0.020451,172.31.47.0-255,66,202030,96,225246
9710,0.02247,172.217.194.0-255,5738,207768,96,225246
9711,0.022482,172.31.47.0-255,66,207834,96,225246
9712,0.0245,172.217.194.0-255,5738,213572,96,225246
9713,0.024511,172.31.47.0-255,66,213638,96,225246
9714,0.026526,172.217.194.0-255,5738,219376,96,225246
9715,0.026541,172.31.47.0-255,66,219442,96,225246
9716,0.028564,172.217.194.0-255,5738,225180,96,225246
9717,0.028584,172.31.47.0-255,66,225246,96,225246
9718,0.0,74.125.24.0-255,154,154,96,244261
9719,2.4e-05,172.31.47.0-255,66,220,96,244261
9720,3e-05,74.125.24.0-255,1484,1704,96,244261
9721,3.3e-05,172.31.47.0-255,66,1770,96,244261
9722,5.8e-05,74.125.24.0-255,2902,4672,96,244261
9723,6e-05,172.31.47.0-255,66,4738,96,244261
9724,6.6e-05,74.125.24.0-255,7156,11894,96,244261
9725,6.8e-05,172.31.47.0-255,66,11960,96,244261
9726,8.3e-05,74.125.24.0-255,1484,13444,96,244261
9727,8.5e-05,172.31.47.0-255,66,13510,96,244261
9728,0.0001,74.125.24.0-255,3480,16990,96,244261
9729,0.000103,172.31.47.0-255,66,17056,96,244261
9730,0.000126,74.125.24.0-255,5738,22794,96,244261
9731,0.000129,172.31.47.0-255,66,22860,96,244261
9732,0.000146,74.125.24.0-255,2902,25762,96,244261
9733,0.000148,172.31.47.0-255,66,25828,96,244261
9734,0.000162,74.125.24.0-255,5379,31207,96,244261
9735,0.000164,172.31.47.0-255,66,31273,96,244261
9736,0.000274,74.125.24.0-255,1484,32757,96,244261
9737,0.000277,172.31.47.0-255,66,32823,96,244261
9738,0.000291,74.125.24.0-255,2902,35725,96,244261
9739,0.000293,172.31.47.0-255,66,35791,96,244261
9740,0.000296,74.125.24.0-255,1484,37275,96,244261
9741,0.000298,172.31.47.0-255,66,37341,96,244261
9742,0.000316,74.125.24.0-255,4320,41661,96,244261
9743,0.000319,172.31.47.0-255,66,41727,96,244261
9744,0.000369,172.31.47.0-255,66,41793,96,244261
9745,0.000393,74.125.24.0-255,1484,43277,96,244261
9746,0.000396,172.31.47.0-255,66,43343,96,244261
9747,0.00042,172.31.47.0-255,66,43409,96,244261
9748,0.000518,74.125.24.0-255,1484,44893,96,244261
9749,0.000524,74.125.24.0-255,2902,47795,96,244261
9750,0.000526,172.31.47.0-255,66,47861,96,244261
9751,0.000549,74.125.24.0-255,5738,53599,96,244261
9752,0.000552,172.31.47.0-255,66,53665,96,244261
9753,0.000555,74.125.24.0-255,1484,55149,96,244261
9754,0.000597,74.125.24.0-255,4320,59469,96,244261
9755,0.000599,172.31.47.0-255,66,59535,96,244261
9756,0.000625,172.31.47.0-255,66,59601,96,244261
9757,0.000651,74.125.24.0-255,1484,61085,96,244261
9758,0.000674,172.31.47.0-255,66,61151,96,244261
9759,0.000789,74.125.24.0-255,1484,62635,96,244261
9760,0.000806,74.125.24.0-255,1484,64119,96,244261
9761,0.000809,172.31.47.0-255,66,64185,96,244261
9762,0.000827,74.125.24.0-255,1484,65669,96,244261
9763,0.000833,74.125.24.0-255,5738,71407,96,244261
9764,0.000836,172.31.47.0-255,66,71473,96,244261
9765,0.00084,74.125.24.0-255,2902,74375,96,244261
9766,0.000842,172.31.47.0-255,66,74441,96,244261
9767,0.000864,172.31.47.0-255,66,74507,96,244261
9768,0.000873,172.31.47.0-255,66,74573,96,244261
9769,0.00094,172.31.47.0-255,66,74639,96,244261
9770,0.000959,74.125.24.0-255,3602,78241,96,244261
9771,0.000962,172.31.47.0-255,66,78307,96,244261
9772,0.000966,74.125.24.0-255,2902,81209,96,244261
9773,0.000968,172.31.47.0-255,66,81275,96,244261
9774,0.000991,172.31.47.0-255,66,81341,96,244261
9775,0.001083,74.125.24.0-255,1484,82825,96,244261
9776,0.001108,74.125.24.0-255,1484,84309,96,244261
9777,0.001111,172.31.47.0-255,66,84375,96,244261
9778,0.001115,74.125.24.0-255,1484,85859,96,244261
9779,0.001133,74.125.24.0-255,1484,87343,96,244261
9780,0.001136,172.31.47.0-255,66,87409,96,244261
9781,0.001142,74.125.24.0-255,5738,93147,96,244261
9782,0.001144,172.31.47.0-255,66,93213,96,244261
9783,0.001146,74.125.24.0-255,1484,94697,96,244261
9784,0.001186,172.31.47.0-255,66,94763,96,244261
9785,0.001191,172.31.47.0-255,66,94829,96,244261
9786,0.001499,74.125.24.0-255,1484,96313,96,244261
9787,0.001511,74.125.24.0-255,2902,99215,96,244261
9788,0.001514,172.31.47.0-255,66,99281,96,244261
9789,0.00152,74.125.24.0-255,5738,105019,96,244261
9790,0.001522,172.31.47.0-255,66,105085,96,244261
9791,0.001533,74.125.24.0-255,2902,107987,96,244261
9792,0.001536,172.31.47.0-255,66,108053,96,244261
9793,0.001561,74.125.24.0-255,7156,115209,96,244261
9794,0.001564,172.31.47.0-255,66,115275,96,244261
9795,0.001576,74.125.24.0-255,2902,118177,96,244261
9796,0.001579,172.31.47.0-255,66,118243,96,244261
9797,0.001606,172.31.47.0-255,66,118309,96,244261
9798,0.001631,74.125.24.0-255,1484,119793,96,244261
9799,0.001647,74.125.24.0-255,2902,122695,96,244261
9800,0.001651,172.31.47.0-255,66,122761,96,244261
9801,0.001654,74.125.24.0-255,1484,124245,96,244261
9802,0.001669,74.125.24.0-255,4320,128565,96,244261
9803,0.001671,172.31.47.0-255,66,128631,96,244261
9804,0.001676,74.125.24.0-255,4320,132951,96,244261
9805,0.001678,172.31.47.0-255,66,133017,96,244261
9806,0.001696,74.125.24.0-255,4320,137337,96,244261
9807,0.001699,172.31.47.0-255,66,137403,96,244261
9808,0.001746,74.125.24.0-255,2902,140305,96,244261
9809,0.001749,172.31.47.0-255,66,140371,96,244261
9810,0.001778,172.31.47.0-255,66,140437,96,244261
9811,0.001877,74.125.24.0-255,1484,141921,96,244261
9812,0.001897,74.125.24.0-255,2902,144823,96,244261
9813,0.001899,172.31.47.0-255,66,144889,96,244261
9814,0.001903,74.125.24.0-255,1484,146373,96,244261
9815,0.001921,74.125.24.0-255,4320,150693,96,244261
9816,0.001923,172.31.47.0-255,66,150759,96,244261
9817,0.001928,74.125.24.0-255,4320,155079,96,244261
9818,0.00193,172.31.47.0-255,66,155145,96,244261
9819,0.001958,74.125.24.0-255,5738,160883,96,244261
9820,0.001965,172.31.47.0-255,66,160949,96,244261
9821,0.001972,74.125.24.0-255,5738,166687,96,244261
9822,0.001974,172.31.47.0-255,66,166753,96,244261
9823,0.001987,74.125.24.0-255,4320,171073,96,244261
9824,0.00199,172.31.47.0-255,66,171139,96,244261
9825,0.002004,74.125.24.0-255,2902,174041,96,244261
9826,0.002006,172.31.47.0-255,66,174107,96,244261
9827,0.002009,74.125.24.0-255,766,174873,96,244261
9828,0.002176,172.31.47.0-255,66,174939,96,244261
9829,0.002176,74.125.24.0-255,1484,176423,96,244261
9830,0.002195,74.125.24.0-255,2902,179325,96,244261
9831,0.002197,172.31.47.0-255,66,179391,96,244261
9832,0.002203,74.125.24.0-255,5738,185129,96,244261
9833,0.002207,172.31.47.0-255,66,185195,96,244261
9834,0.002213,74.125.24.0-255,4320,189515,96,244261
9835,0.002215,172.31.47.0-255,66,189581,96,244261
9836,0.002264,74.125.24.0-255,1484,191065,96,244261
9837,0.002268,172.31.47.0-255,78,191143,96,244261
9838,0.002278,172.31.47.0-255,78,191221,96,244261
9839,0.002292,74.125.24.0-255,5738,196959,96,244261
9840,0.002295,172.31.47.0-255,66,197025,96,244261
9841,0.002321,74.125.24.0-255,6438,203463,96,244261
9842,0.002323,172.31.47.0-255,66,203529,96,244261
9843,0.002326,74.125.24.0-255,1484,205013,96,244261
9844,0.002328,74.125.24.0-255,1484,206497,96,244261
9845,0.00233,172.31.47.0-255,66,206563,96,244261
9846,0.002332,74.125.24.0-255,1484,208047,96,244261
9847,0.002335,172.31.47.0-255,78,208125,96,244261
9848,0.00234,74.125.24.0-255,5738,213863,96,244261
9849,0.002343,172.31.47.0-255,78,213941,96,244261
9850,0.002369,74.125.24.0-255,5738,219679,96,244261
9851,0.002373,172.31.47.0-255,66,219745,96,244261
9852,0.002378,74.125.24.0-255,5738,225483,96,244261
9853,0.002383,172.31.47.0-255,66,225549,96,244261
9854,0.002396,172.31.47.0-255,66,225615,96,244261
9855,0.002399,74.125.24.0-255,1484,227099,96,244261
9856,0.002422,74.125.24.0-255,4320,231419,96,244261
9857,0.002424,172.31.47.0-255,66,231485,96,244261
9858,0.002437,74.125.24.0-255,2902,234387,96,244261
9859,0.002439,172.31.47.0-255,66,234453,96,244261
9860,0.002473,172.31.47.0-255,66,234519,96,244261
9861,0.002485,172.31.47.0-255,66,234585,96,244261
9862,0.002489,74.125.24.0-255,2902,237487,96,244261
9863,0.002492,172.31.47.0-255,66,237553,96,244261
9864,0.002526,172.31.47.0-255,66,237619,96,244261
9865,0.002529,74.125.24.0-255,97,237716,96,244261
9866,0.002531,74.125.24.0-255,105,237821,96,244261
9867,0.007279,172.31.47.0-255,66,237887,96,244261
9868,0.007306,172.31.47.0-255,105,237992,96,244261
9869,0.009248,74.125.24.0-255,66,238058,96,244261
9870,0.024265,172.31.47.0-255,172,238230,96,244261
9871,0.024296,172.31.47.0-255,1105,239335,96,244261
9872,0.024358,172.31.47.0-255,1514,240849,96,244261
9873,0.024361,172.31.47.0-255,1514,242363,96,244261
9874,0.024362,172.31.47.0-255,1514,243877,96,244261
9875,0.024362,172.31.47.0-255,120,243997,96,244261
9876,0.025805,104.244.42.0-255,66,244063,96,244261
9877,0.025826,104.244.42.0-255,66,244129,96,244261
9878,0.02593,104.244.42.0-255,66,244195,96,244261
9879,0.025936,104.244.42.0-255,66,244261,96,244261
9880,0.0,74.125.24.0-255,159,159,96,127173
9881,3.4e-05,172.31.47.0-255,66,225,96,127173
9882,4e-05,74.125.24.0-255,1484,1709,96,127173
9883,4.5e-05,172.31.47.0-255,66,1775,96,127173
9884,5e-05,74.125.24.0-255,2902,4677,96,127173
9885,5.1e-05,172.31.47.0-255,66,4743,96,127173
9886,5.7e-05,74.125.24.0-255,7156,11899,96,127173
9887,6e-05,172.31.47.0-255,66,11965,96,127173
9888,6.3e-05,74.125.24.0-255,1484,13449,96,127173
9889,6.5e-05,172.31.47.0-255,66,13515,96,127173
9890,0.000102,172.31.47.0-255,66,13581,96,127173
9891,0.000121,74.125.24.0-255,2543,16124,96,127173
9892,0.000123,172.31.47.0-255,66,16190,96,127173
9893,0.000453,74.125.24.0-255,1484,17674,96,127173
9894,0.000457,172.31.47.0-255,66,17740,96,127173
9895,0.000463,74.125.24.0-255,2902,20642,96,127173
9896,0.000464,172.31.47.0-255,66,20708,96,127173
9897,0.000479,74.125.24.0-255,5738,26446,96,127173
9898,0.000481,172.31.47.0-255,66,26512,96,127173
9899,0.000502,74.125.24.0-255,1484,27996,96,127173
9900,0.000504,172.31.47.0-255,66,28062,96,127173
9901,0.000531,172.31.47.0-255,66,28128,96,127173
9902,0.000541,172.31.47.0-255,66,28194,96,127173
9903,0.00056,74.125.24.0-255,1432,29626,96,127173
9904,0.000565,172.31.47.0-255,66,29692,96,127173
9905,0.00075,74.125.24.0-255,114,29806,96,127173
9906,0.000754,172.31.47.0-255,66,29872,96,127173
9907,0.000883,74.125.24.0-255,1484,31356,96,127173
9908,0.000888,172.31.47.0-255,66,31422,96,127173
9909,0.000893,74.125.24.0-255,2902,34324,96,127173
9910,0.000895,172.31.47.0-255,66,34390,96,127173
9911,0.000909,74.125.24.0-255,4320,38710,96,127173
9912,0.000912,172.31.47.0-255,66,38776,96,127173
9913,0.000925,74.125.24.0-255,1484,40260,96,127173
9914,0.000931,74.125.24.0-255,4320,44580,96,127173
9915,0.000933,172.31.47.0-255,66,44646,96,127173
9916,0.000953,74.125.24.0-255,1484,46130,96,127173
9917,0.000992,172.31.47.0-255,66,46196,96,127173
9918,0.001,74.125.24.0-255,6797,52993,96,127173
9919,0.001003,172.31.47.0-255,66,53059,96,127173
9920,0.003276,74.125.24.0-255,4320,57379,96,127173
9921,0.003282,172.31.47.0-255,66,57445,96,127173
9922,0.003298,74.125.24.0-255,1484,58929,96,127173
9923,0.005534,74.125.24.0-255,4320,63249,96,127173
9924,0.005539,172.31.47.0-255,66,63315,96,127173
9925,0.007763,74.125.24.0-255,5738,69053,96,127173
9926,0.007769,172.31.47.0-255,66,69119,96,127173
9927,0.010032,74.125.24.0-255,5738,74857,96,127173
9928,0.010039,172.31.47.0-255,66,74923,96,127173
9929,0.012305,74.125.24.0-255,5738,80661,96,127173
9930,0.012311,172.31.47.0-255,66,80727,96,127173
9931,0.014558,74.125.24.0-255,5738,86465,96,127173
9932,0.014566,172.31.47.0-255,66,86531,96,127173
9933,0.0168,74.125.24.0-255,5738,92269,96,127173
9934,0.016808,172.31.47.0-255,66,92335,96,127173
9935,0.019046,74.125.24.0-255,5738,98073,96,127173
9936,0.019053,172.31.47.0-255,66,98139,96,127173
9937,0.02128,74.125.24.0-255,5738,103877,96,127173
9938,0.021285,172.31.47.0-255,66,103943,96,127173
9939,0.021286,172.31.47.0-255,172,104115,96,127173
9940,0.021309,172.31.47.0-255,1111,105226,96,127173
9941,0.021343,172.31.47.0-255,1514,106740,96,127173
9942,0.021344,172.31.47.0-255,1514,108254,96,127173
9943,0.021349,172.31.47.0-255,1514,109768,96,127173
9944,0.02135,172.31.47.0-255,1081,110849,96,127173
9945,0.022818,104.244.42.0-255,66,110915,96,127173
9946,0.022856,104.244.42.0-255,66,110981,96,127173
9947,0.0229,104.244.42.0-255,66,111047,96,127173
9948,0.022902,104.244.42.0-255,66,111113,96,127173
9949,0.023517,74.125.24.0-255,4320,115433,96,127173
9950,0.023522,172.31.47.0-255,66,115499,96,127173
9951,0.02355,74.125.24.0-255,1484,116983,96,127173
9952,0.025777,74.125.24.0-255,4320,121303,96,127173
9953,0.025784,172.31.47.0-255,66,121369,96,127173
9954,0.028037,74.125.24.0-255,5738,127107,96,127173
9955,0.028046,172.31.47.0-255,66,127173,96,127173
9956,0.0,74.125.68.0-255,153,153,96,213380
9957,3.3e-05,172.31.47.0-255,66,219,96,213380
9958,3.9e-05,74.125.68.0-255,1484,1703,96,213380
9959,4.2e-05,172.31.47.0-255,66,1769,96,213380
9960,4.6e-05,74.125.68.0-255,2902,4671,96,213380
9961,4.9e-05,172.31.47.0-255,66,4737,96,213380
9962,5.4e-05,74.125.68.0-255,4320,9057,96,213380
9963,5.7e-05,172.31.47.0-255,66,9123,96,213380
9964,8.1e-05,74.125.68.0-255,5052,14175,96,213380
9965,8.4e-05,172.31.47.0-255,66,14241,96,213380
9966,0.000198,74.125.68.0-255,1484,15725,96,213380
9967,0.000202,172.31.47.0-255,66,15791,96,213380
9968,0.000209,74.125.68.0-255,2902,18693,96,213380
9969,0.00021,172.31.47.0-255,66,18759,96,213380
9970,0.000214,74.125.68.0-255,1484,20243,96,213380
9971,0.000215,172.31.47.0-255,66,20309,96,213380
9972,0.000231,74.125.68.0-255,4320,24629,96,213380
9973,0.000233,172.31.47.0-255,66,24695,96,213380
9974,0.000237,74.125.68.0-255,2902,27597,96,213380
9975,0.000238,172.31.47.0-255,66,27663,96,213380
9976,0.000241,74.125.68.0-255,1484,29147,96,213380
9977,0.000243,172.31.47.0-255,66,29213,96,213380
9978,0.000261,74.125.68.0-255,2543,31756,96,213380
9979,0.000263,172.31.47.0-255,66,31822,96,213380
9980,0.000301,74.125.68.0-255,1484,33306,96,213380
9981,0.000304,172.31.47.0-255,66,33372,96,213380
9982,0.000309,74.125.68.0-255,2902,36274,96,213380
9983,0.000311,172.31.47.0-255,66,36340,96,213380
9984,0.000335,74.125.68.0-255,1484,37824,96,213380
9985,0.000337,172.31.47.0-255,66,37890,96,213380
9986,0.000358,74.125.68.0-255,4320,42210,96,213380
9987,0.000362,74.125.68.0-255,4320,46530,96,213380
9988,0.000363,172.31.47.0-255,66,46596,96,213380
9989,0.000367,172.31.47.0-255,66,46662,96,213380
9990,0.000393,74.125.68.0-255,2543,49205,96,213380
9991,0.000396,172.31.47.0-255,66,49271,96,213380
9992,0.000698,74.125.68.0-255,1484,50755,96,213380
9993,0.000703,74.125.68.0-255,1484,52239,96,213380
9994,0.000706,172.31.47.0-255,66,52305,96,213380
9995,0.000726,74.125.68.0-255,2902,55207,96,213380
9996,0.00073,172.31.47.0-255,66,55273,96,213380
9997,0.000751,74.125.68.0-255,5738,61011,96,213380
9998,0.000754,172.31.47.0-255,66,61077,96,213380
9999,0.000761,74.125.68.0-255,6797,67874,96,213380
10000,0.000763,172.31.47.0-255,66,67940,96,213380
10001,0.000766,74.125.68.0-255,1484,69424,96,213380
10002,0.000785,74.125.68.0-255,5738,75162,96,213380
10003,0.000788,172.31.47.0-255,66,75228,96,213380
10004,0.000794,74.125.68.0-255,4320,79548,96,213380
10005,0.000795,172.31.47.0-255,66,79614,96,213380
10006,0.000816,74.125.68.0-255,4541,84155,96,213380
10007,0.000819,172.31.47.0-255,66,84221,96,213380
10008,0.000838,74.125.68.0-255,1484,85705,96,213380
10009,0.000852,74.125.68.0-255,2902,88607,96,213380
10010,0.000855,172.31.47.0-255,66,88673,96,213380
10011,0.000874,74.125.68.0-255,4320,92993,96,213380
10012,0.000877,172.31.47.0-255,66,93059,96,213380
10013,0.000891,74.125.68.0-255,4320,97379,96,213380
10014,0.000894,172.31.47.0-255,66,97445,96,213380
10015,0.000911,74.125.68.0-255,3961,101406,96,213380
10016,0.000914,172.31.47.0-255,66,101472,96,213380
10017,0.001457,74.125.68.0-255,1484,102956,96,213380
10018,0.001466,74.125.68.0-255,1484,104440,96,213380
10019,0.001471,172.31.47.0-255,66,104506,96,213380
10020,0.001497,74.125.68.0-255,1484,105990,96,213380
10021,0.001504,74.125.68.0-255,4320,110310,96,213380
10022,0.001506,172.31.47.0-255,66,110376,96,213380
10023,0.001512,74.125.68.0-255,5738,116114,96,213380
10024,0.001515,172.31.47.0-255,66,116180,96,213380
10025,0.001552,172.31.47.0-255,66,116246,96,213380
10026,0.001559,74.125.68.0-255,4320,120566,96,213380
10027,0.001561,172.31.47.0-255,66,120632,96,213380
10028,0.001602,74.125.68.0-255,3602,124234,96,213380
10029,0.001606,172.31.47.0-255,66,124300,96,213380
10030,0.001648,74.125.68.0-255,1484,125784,96,213380
10031,0.001673,74.125.68.0-255,2902,128686,96,213380
10032,0.001677,172.31.47.0-255,66,128752,96,213380
10033,0.0017,74.125.68.0-255,2902,131654,96,213380
10034,0.001703,172.31.47.0-255,66,131720,96,213380
10035,0.001721,74.125.68.0-255,2902,134622,96,213380
10036,0.001725,172.31.47.0-255,66,134688,96,213380
10037,0.001729,74.125.68.0-255,2902,137590,96,213380
10038,0.001731,172.31.47.0-255,66,137656,96,213380
10039,0.001734,74.125.68.0-255,1484,139140,96,213380
10040,0.001758,74.125.68.0-255,2902,142042,96,213380
10041,0.001762,172.31.47.0-255,66,142108,96,213380
10042,0.001804,172.31.47.0-255,66,142174,96,213380
10043,0.001807,74.125.68.0-255,1484,143658,96,213380
10044,0.001826,74.125.68.0-255,2902,146560,96,213380
10045,0.001828,172.31.47.0-255,66,146626,96,213380
10046,0.001853,74.125.68.0-255,3602,150228,96,213380
10047,0.001856,172.31.47.0-255,66,150294,96,213380
10048,0.004207,74.125.68.0-255,1484,151778,96,213380
10049,0.004234,74.125.68.0-255,4320,156098,96,213380
10050,0.004239,172.31.47.0-255,66,156164,96,213380
10051,0.006598,74.125.68.0-255,2902,159066,96,213380
10052,0.006604,172.31.47.0-255,66,159132,96,213380
10053,0.006623,74.125.68.0-255,2902,162034,96,213380
10054,0.006626,172.31.47.0-255,66,162100,96,213380
10055,0.008969,74.125.68.0-255,2902,165002,96,213380
10056,0.008976,172.31.47.0-255,66,165068,96,213380
10057,0.008997,74.125.68.0-255,2902,167970,96,213380
10058,0.009,172.31.47.0-255,66,168036,96,213380
10059,0.011339,74.125.68.0-255,2902,170938,96,213380
10060,0.011346,172.31.47.0-255,66,171004,96,213380
10061,0.011369,74.125.68.0-255,2902,173906,96,213380
10062,0.011372,172.31.47.0-255,66,173972,96,213380
10063,0.01371,74.125.68.0-255,2902,176874,96,213380
10064,0.013717,172.31.47.0-255,66,176940,96,213380
10065,0.013738,74.125.68.0-255,2902,179842,96,213380
10066,0.01374,172.31.47.0-255,66,179908,96,213380
10067,0.016087,74.125.68.0-255,4320,184228,96,213380
10068,0.016093,172.31.47.0-255,66,184294,96,213380
10069,0.016113,74.125.68.0-255,1484,185778,96,213380
10070,0.018478,74.125.68.0-255,4320,190098,96,213380
10071,0.018492,172.31.47.0-255,66,190164,96,213380
10072,0.020867,74.125.68.0-255,5738,195902,96,213380
10073,0.020875,172.31.47.0-255,66,195968,96,213380
10074,0.023248,74.125.68.0-255,5738,201706,96,213380
10075,0.023257,172.31.47.0-255,66,201772,96,213380
10076,0.025664,74.125.68.0-255,5738,207510,96,213380
10077,0.025671,172.31.47.0-255,66,207576,96,213380
10078,0.028053,74.125.68.0-255,5738,213314,96,213380
10079,0.02806,172.31.47.0-255,66,213380,96,213380
10080,0.0,74.125.24.0-255,153,153,96,271312
10081,1.9e-05,172.31.47.0-255,66,219,96,271312
10082,4.9e-05,74.125.24.0-255,1484,1703,96,271312
10083,5.2e-05,172.31.47.0-255,66,1769,96,271312
10084,5.7e-05,74.125.24.0-255,2902,4671,96,271312
10085,5.9e-05,172.31.47.0-255,66,4737,96,271312
10086,8.7e-05,74.125.24.0-255,5738,10475,96,271312
10087,9e-05,172.31.47.0-255,66,10541,96,271312
10088,0.000115,74.125.24.0-255,1484,12025,96,271312
10089,0.000117,172.31.47.0-255,66,12091,96,271312
10090,0.000153,172.31.47.0-255,66,12157,96,271312
10091,0.000159,74.125.24.0-255,6797,18954,96,271312
10092,0.000161,172.31.47.0-255,66,19020,96,271312
10093,0.00022,74.125.24.0-255,1484,20504,96,271312
10094,0.000223,172.31.47.0-255,66,20570,96,271312
10095,0.000226,74.125.24.0-255,1484,22054,96,271312
10096,0.000228,172.31.47.0-255,66,22120,96,271312
10097,0.000248,74.125.24.0-255,1484,23604,96,271312
10098,0.000251,172.31.47.0-255,66,23670,96,271312
10099,0.000254,74.125.24.0-255,1484,25154,96,271312
10100,0.000255,172.31.47.0-255,66,25220,96,271312
10101,0.000289,74.125.24.0-255,4320,29540,96,271312
10102,0.000292,172.31.47.0-255,66,29606,96,271312
10103,0.000298,74.125.24.0-255,6797,36403,96,271312
10104,0.0003,172.31.47.0-255,66,36469,96,271312
10105,0.000307,74.125.24.0-255,1484,37953,96,271312
10106,0.00031,172.31.47.0-255,66,38019,96,271312
10107,0.000329,74.125.24.0-255,5738,43757,96,271312
10108,0.000331,172.31.47.0-255,66,43823,96,271312
10109,0.000341,74.125.24.0-255,5738,49561,96,271312
10110,0.000344,172.31.47.0-255,66,49627,96,271312
10111,0.000396,74.125.24.0-255,4320,53947,96,271312
10112,0.000399,172.31.47.0-255,66,54013,96,271312
10113,0.000422,74.125.24.0-255,327,54340,96,271312
10114,0.000563,74.125.24.0-255,1484,55824,96,271312
10115,0.000566,172.31.47.0-255,66,55890,96,271312
10116,0.000593,74.125.24.0-255,2902,58792,96,271312
10117,0.000596,172.31.47.0-255,66,58858,96,271312
10118,0.000601,74.125.24.0-255,5738,64596,96,271312
10119,0.000603,172.31.47.0-255,66,64662,96,271312
10120,0.000638,172.31.47.0-255,66,64728,96,271312
10121,0.000643,74.125.24.0-255,7156,71884,96,271312
10122,0.000645,172.31.47.0-255,66,71950,96,271312
10123,0.000697,74.125.24.0-255,3602,75552,96,271312
10124,0.000701,172.31.47.0-255,66,75618,96,271312
10125,0.001253,74.125.24.0-255,1484,77102,96,271312
10126,0.001261,74.125.24.0-255,2902,80004,96,271312
10127,0.001265,172.31.47.0-255,66,80070,96,271312
10128,0.001285,74.125.24.0-255,5738,85808,96,271312
10129,0.001288,172.31.47.0-255,66,85874,96,271312
10130,0.001318,74.125.24.0-255,4320,90194,96,271312
10131,0.001322,172.31.47.0-255,66,90260,96,271312
10132,0.001355,172.31.47.0-255,66,90326,96,271312
10133,0.001382,74.125.24.0-255,7156,97482,96,271312
10134,0.001384,172.31.47.0-255,66,97548,96,271312
10135,0.001412,74.125.24.0-255,3602,101150,96,271312
10136,0.001414,172.31.47.0-255,66,101216,96,271312
10137,0.001444,74.125.24.0-255,1484,102700,96,271312
10138,0.001457,74.125.24.0-255,1484,104184,96,271312
10139,0.001459,172.31.47.0-255,66,104250,96,271312
10140,0.00148,74.125.24.0-255,1484,105734,96,271312
10141,0.001485,74.125.24.0-255,5738,111472,96,271312
10142,0.001487,172.31.47.0-255,66,111538,96,271312
10143,0.001491,74.125.24.0-255,5738,117276,96,271312
10144,0.001493,172.31.47.0-255,66,117342,96,271312
10145,0.001497,74.125.24.0-255,4320,121662,96,271312
10146,0.0015,172.31.47.0-255,66,121728,96,271312
10147,0.001534,172.31.47.0-255,66,121794,96,271312
10148,0.001538,74.125.24.0-255,4320,126114,96,271312
10149,0.00154,172.31.47.0-255,66,126180,96,271312
10150,0.001542,74.125.24.0-255,766,126946,96,271312
10151,0.001606,74.125.24.0-255,1484,128430,96,271312
10152,0.001608,172.31.47.0-255,66,128496,96,271312
10153,0.001612,74.125.24.0-255,2902,131398,96,271312
10154,0.001613,172.31.47.0-255,66,131464,96,271312
10155,0.001643,74.125.24.0-255,5738,137202,96,271312
10156,0.001646,172.31.47.0-255,66,137268,96,271312
10157,0.001659,74.125.24.0-255,5738,143006,96,271312
10158,0.001665,172.31.47.0-255,66,143072,96,271312
10159,0.001685,74.125.24.0-255,7156,150228,96,271312
10160,0.001687,172.31.47.0-255,66,150294,96,271312
10161,0.001695,172.31.47.0-255,66,150360,96,271312
10162,0.001725,74.125.24.0-255,2184,152544,96,271312
10163,0.001727,172.31.47.0-255,66,152610,96,271312
10164,0.002329,74.125.24.0-255,1484,154094,96,271312
10165,0.002348,74.125.24.0-255,2902,156996,96,271312
10166,0.00235,172.31.47.0-255,66,157062,96,271312
10167,0.002356,74.125.24.0-255,5738,162800,96,271312
10168,0.002359,172.31.47.0-255,66,162866,96,271312
10169,0.002384,74.125.24.0-255,7156,170022,96,271312
10170,0.002387,172.31.47.0-255,66,170088,96,271312
10171,0.002414,74.125.24.0-255,5738,175826,96,271312
10172,0.002417,172.31.47.0-255,66,175892,96,271312
10173,0.002433,74.125.24.0-255,2902,178794,96,271312
10174,0.002435,172.31.47.0-255,66,178860,96,271312
10175,0.002478,172.31.47.0-255,66,178926,96,271312
10176,0.002508,172.31.47.0-255,66,178992,96,271312
10177,0.002511,74.125.24.0-255,2184,181176,96,271312
10178,0.002514,172.31.47.0-255,66,181242,96,271312
10179,0.002649,74.125.24.0-255,1484,182726,96,271312
10180,0.002654,74.125.24.0-255,1484,184210,96,271312
10181,0.002657,172.31.47.0-255,66,184276,96,271312
10182,0.002687,74.125.24.0-255,1484,185760,96,271312
10183,0.002694,74.125.24.0-255,5738,191498,96,271312
10184,0.002697,172.31.47.0-255,66,191564,96,271312
10185,0.002702,74.125.24.0-255,4320,195884,96,271312
10186,0.002704,172.31.47.0-255,66,195950,96,271312
10187,0.002754,74.125.24.0-255,5738,201688,96,271312
10188,0.002784,74.125.24.0-255,5738,207426,96,271312
10189,0.00279,74.125.24.0-255,5738,213164,96,271312
10190,0.002793,74.125.24.0-255,2184,215348,96,271312
10191,0.002797,74.125.24.0-255,2902,218250,96,271312
10192,0.002801,74.125.24.0-255,2902,221152,96,271312
10193,0.002813,74.125.24.0-255,5738,226890,96,271312
10194,0.002838,74.125.24.0-255,5738,232628,96,271312
10195,0.002843,74.125.24.0-255,4320,236948,96,271312
10196,0.002849,74.125.24.0-255,6438,243386,96,271312
10197,0.002855,74.125.24.0-255,7156,250542,96,271312
10198,0.002901,74.125.24.0-255,7156,257698,96,271312
10199,0.002924,172.31.47.0-255,66,257764,96,271312
10200,0.002936,74.125.24.0-255,6438,264202,96,271312
10201,0.002946,74.125.24.0-255,4320,268522,96,271312
10202,0.002957,172.31.47.0-255,66,268588,96,271312
10203,0.002998,172.31.47.0-255,66,268654,96,271312
10204,0.003004,172.31.47.0-255,66,268720,96,271312
10205,0.003031,74.125.24.0-255,2184,270904,96,271312
10206,0.003041,172.31.47.0-255,66,270970,96,271312
10207,0.00305,74.125.24.0-255,105,271075,96,271312
10208,0.003054,172.31.47.0-255,66,271141,96,271312
10209,0.005052,172.31.47.0-255,105,271246,96,271312
10210,0.007595,74.125.24.0-255,66,271312,96,271312
10211,0.0,172.31.47.0-255,105,105,96,276
10212,0.001905,157.240.13.0-255,105,210,96,276
10213,0.001919,172.31.47.0-255,66,276,96,276
10214,0.0,172.217.24.0-255,146,146,96,193266
10215,2.3e-05,172.31.47.0-255,66,212,96,193266
10216,2.9e-05,172.217.24.0-255,1484,1696,96,193266
10217,3.3e-05,172.31.47.0-255,66,1762,96,193266
10218,3.7e-05,172.217.24.0-255,2902,4664,96,193266
10219,3.9e-05,172.31.47.0-255,66,4730,96,193266
10220,7e-05,172.217.24.0-255,4320,9050,96,193266
10221,7.2e-05,172.31.47.0-255,66,9116,96,193266
10222,7.7e-05,172.217.24.0-255,4320,13436,96,193266
10223,7.9e-05,172.31.47.0-255,66,13502,96,193266
10224,9.6e-05,172.217.24.0-255,683,14185,96,193266
10225,9.8e-05,172.31.47.0-255,66,14251,96,193266
10226,0.000127,172.217.24.0-255,1484,15735,96,193266
10227,0.000129,172.31.47.0-255,66,15801,96,193266
10228,0.000151,172.217.24.0-255,4320,20121,96,193266
10229,0.000153,172.31.47.0-255,66,20187,96,193266
10230,0.000157,172.217.24.0-255,2902,23089,96,193266
10231,0.000159,172.31.47.0-255,66,23155,96,193266
10232,0.000185,172.217.24.0-255,7156,30311,96,193266
10233,0.000188,172.31.47.0-255,66,30377,96,193266
10234,0.00019,172.217.24.0-255,1125,31502,96,193266
10235,0.000191,172.31.47.0-255,66,31568,96,193266
10236,0.000318,172.217.24.0-255,1484,33052,96,193266
10237,0.000322,172.31.47.0-255,66,33118,96,193266
10238,0.000327,172.217.24.0-255,2902,36020,96,193266
10239,0.000329,172.31.47.0-255,66,36086,96,193266
10240,0.000333,172.217.24.0-255,2902,38988,96,193266
10241,0.000336,172.31.47.0-255,66,39054,96,193266
10242,0.000357,172.217.24.0-255,2902,41956,96,193266
10243,0.000361,172.31.47.0-255,66,42022,96,193266
10244,0.000369,172.217.24.0-255,2902,44924,96,193266
10245,0.000372,172.31.47.0-255,66,44990,96,193266
10246,0.000386,172.217.24.0-255,3961,48951,96,193266
10247,0.000388,172.31.47.0-255,66,49017,96,193266
10248,0.000409,172.217.24.0-255,1484,50501,96,193266
10249,0.000412,172.217.24.0-255,1484,51985,96,193266
10250,0.000415,172.31.47.0-255,66,52051,96,193266
10251,0.000422,172.217.24.0-255,1484,53535,96,193266
10252,0.000436,172.217.24.0-255,5738,59273,96,193266
10253,0.000439,172.31.47.0-255,66,59339,96,193266
10254,0.000472,172.217.24.0-255,2902,62241,96,193266
10255,0.000475,172.31.47.0-255,66,62307,96,193266
10256,0.000495,172.217.24.0-255,3961,66268,96,193266
10257,0.000499,172.31.47.0-255,66,66334,96,193266
10258,0.000503,172.217.24.0-255,396,66730,96,193266
10259,0.00074,172.31.47.0-255,66,66796,96,193266
10260,0.001088,172.217.24.0-255,112,66908,96,193266
10261,0.001245,172.217.24.0-255,1484,68392,96,193266
10262,0.00125,172.31.47.0-255,66,68458,96,193266
10263,0.001257,172.217.24.0-255,2902,71360,96,193266
10264,0.00126,172.31.47.0-255,66,71426,96,193266
10265,0.001267,172.217.24.0-255,5738,77164,96,193266
10266,0.001269,172.31.47.0-255,66,77230,96,193266
10267,0.001274,172.217.24.0-255,2902,80132,96,193266
10268,0.001276,172.31.47.0-255,66,80198,96,193266
10269,0.001281,172.217.24.0-255,3961,84159,96,193266
10270,0.001283,172.31.47.0-255,66,84225,96,193266
10271,0.001347,172.217.24.0-255,1484,85709,96,193266
10272,0.001362,172.217.24.0-255,2902,88611,96,193266
10273,0.001366,172.31.47.0-255,66,88677,96,193266
10274,0.001369,172.217.24.0-255,1484,90161,96,193266
10275,0.001386,172.217.24.0-255,4320,94481,96,193266
10276,0.001388,172.31.47.0-255,66,94547,96,193266
10277,0.001393,172.217.24.0-255,2902,97449,96,193266
10278,0.001394,172.31.47.0-255,66,97515,96,193266
10279,0.001415,172.217.24.0-255,2902,100417,96,193266
10280,0.001417,172.31.47.0-255,66,100483,96,193266
10281,0.001433,172.217.24.0-255,1125,101608,96,193266
10282,0.002948,172.31.47.0-255,66,101674,96,193266
10283,0.003285,172.217.24.0-255,1484,103158,96,193266
10284,0.003315,172.217.24.0-255,2902,106060,96,193266
10285,0.003318,172.31.47.0-255,66,106126,96,193266
10286,0.004829,172.217.24.0-255,1484,107610,96,193266
10287,0.005208,172.217.24.0-255,4320,111930,96,193266
10288,0.005213,172.31.47.0-255,66,111996,96,193266
10289,0.007103,172.217.24.0-255,5738,117734,96,193266
10290,0.00711,172.31.47.0-255,66,117800,96,193266
10291,0.009003,172.217.24.0-255,5738,123538,96,193266
10292,0.009009,172.31.47.0-255,66,123604,96,193266
10293,0.010903,172.217.24.0-255,5738,129342,96,193266
10294,0.01091,172.31.47.0-255,66,129408,96,193266
10295,0.012813,172.217.24.0-255,5738,135146,96,193266
10296,0.012821,172.31.47.0-255,66,135212,96,193266
10297,0.014715,172.217.24.0-255,5738,140950,96,193266
10298,0.014721,172.31.47.0-255,66,141016,96,193266
10299,0.016618,172.217.24.0-255,5738,146754,96,193266
10300,0.016624,172.31.47.0-255,66,146820,96,193266
10301,0.018521,172.217.24.0-255,5738,152558,96,193266
10302,0.018527,172.31.47.0-255,66,152624,96,193266
10303,0.020425,172.217.24.0-255,5738,158362,96,193266
10304,0.020432,172.31.47.0-255,66,158428,96,193266
10305,0.022323,172.217.24.0-255,5738,164166,96,193266
10306,0.022328,172.31.47.0-255,66,164232,96,193266
10307,0.022781,172.31.47.0-255,172,164404,96,193266
10308,0.022808,172.31.47.0-255,1101,165505,96,193266
10309,0.022846,172.31.47.0-255,1514,167019,96,193266
10310,0.022848,172.31.47.0-255,1514,168533,96,193266
10311,0.022852,172.31.47.0-255,1514,170047,96,193266
10312,0.022852,172.31.47.0-255,1091,171138,96,193266
10313,0.024247,172.217.24.0-255,5738,176876,96,193266
10314,0.024252,172.31.47.0-255,66,176942,96,193266
10315,0.024325,104.244.42.0-255,66,177008,96,193266
10316,0.024371,104.244.42.0-255,66,177074,96,193266
10317,0.024427,104.244.42.0-255,66,177140,96,193266
10318,0.024432,104.244.42.0-255,66,177206,96,193266
10319,0.026141,172.217.24.0-255,5738,182944,96,193266
10320,0.026146,172.31.47.0-255,66,183010,96,193266
10321,0.028035,172.217.24.0-255,4320,187330,96,193266
10322,0.02804,172.31.47.0-255,66,187396,96,193266
10323,0.028068,172.217.24.0-255,1484,188880,96,193266
10324,0.029933,172.217.24.0-255,4320,193200,96,193266
10325,0.029938,172.31.47.0-255,66,193266,96,193266
10326,0.0,74.125.24.0-255,153,153,96,303345
10327,2.3e-05,172.31.47.0-255,66,219,96,303345
10328,3e-05,74.125.24.0-255,1484,1703,96,303345
10329,3.4e-05,172.31.47.0-255,66,1769,96,303345
10330,3.9e-05,74.125.24.0-255,2902,4671,96,303345
10331,4.2e-05,172.31.47.0-255,66,4737,96,303345
10332,5e-05,74.125.24.0-255,7156,11893,96,303345
10333,5.2e-05,172.31.47.0-255,66,11959,96,303345
10334,5.6e-05,74.125.24.0-255,2255,14214,96,303345
10335,5.8e-05,172.31.47.0-255,66,14280,96,303345
10336,0.000142,74.125.24.0-255,1484,15764,96,303345
10337,0.000147,172.31.47.0-255,66,15830,96,303345
10338,0.000153,74.125.24.0-255,2902,18732,96,303345
10339,0.000156,172.31.47.0-255,66,18798,96,303345
10340,0.000161,74.125.24.0-255,4320,23118,96,303345
10341,0.000164,172.31.47.0-255,66,23184,96,303345
10342,0.000181,74.125.24.0-255,1484,24668,96,303345
10343,0.000184,172.31.47.0-255,66,24734,96,303345
10344,0.000201,74.125.24.0-255,4320,29054,96,303345
10345,0.000204,172.31.47.0-255,66,29120,96,303345
10346,0.000225,74.125.24.0-255,2543,31663,96,303345
10347,0.000227,172.31.47.0-255,66,31729,96,303345
10348,0.000233,74.125.24.0-255,2902,34631,96,303345
10349,0.000235,172.31.47.0-255,66,34697,96,303345
10350,0.000255,74.125.24.0-255,4320,39017,96,303345
10351,0.000258,172.31.47.0-255,66,39083,96,303345
10352,0.000269,172.31.47.0-255,66,39149,96,303345
10353,0.000453,74.125.24.0-255,1484,40633,96,303345
10354,0.000458,172.31.47.0-255,66,40699,96,303345
10355,0.000464,74.125.24.0-255,2902,43601,96,303345
10356,0.000466,172.31.47.0-255,66,43667,96,303345
10357,0.000471,74.125.24.0-255,2902,46569,96,303345
10358,0.000474,172.31.47.0-255,66,46635,96,303345
10359,0.000492,74.125.24.0-255,2902,49537,96,303345
10360,0.000495,172.31.47.0-255,66,49603,96,303345
10361,0.0005,74.125.24.0-255,4320,53923,96,303345
10362,0.000503,172.31.47.0-255,66,53989,96,303345
10363,0.00052,74.125.24.0-255,2543,56532,96,303345
10364,0.000523,172.31.47.0-255,66,56598,96,303345
10365,0.000526,74.125.24.0-255,645,57243,96,303345
10366,0.000658,74.125.24.0-255,1484,58727,96,303345
10367,0.000662,172.31.47.0-255,66,58793,96,303345
10368,0.000667,74.125.24.0-255,2902,61695,96,303345
10369,0.000669,172.31.47.0-255,66,61761,96,303345
10370,0.00068,74.125.24.0-255,2902,64663,96,303345
10371,0.000682,172.31.47.0-255,66,64729,96,303345
10372,0.000694,74.125.24.0-255,2902,67631,96,303345
10373,0.000696,172.31.47.0-255,66,67697,96,303345
10374,0.000701,74.125.24.0-255,5738,73435,96,303345
10375,0.000703,172.31.47.0-255,66,73501,96,303345
10376,0.000739,74.125.24.0-255,2902,76403,96,303345
10377,0.000742,172.31.47.0-255,66,76469,96,303345
10378,0.000772,172.31.47.0-255,66,76535,96,303345
10379,0.000777,74.125.24.0-255,3961,80496,96,303345
10380,0.000779,172.31.47.0-255,66,80562,96,303345
10381,0.000928,74.125.24.0-255,1484,82046,96,303345
10382,0.000946,74.125.24.0-255,2902,84948,96,303345
10383,0.000948,172.31.47.0-255,66,85014,96,303345
10384,0.000954,74.125.24.0-255,4320,89334,96,303345
10385,0.000955,172.31.47.0-255,66,89400,96,303345
10386,0.00096,74.125.24.0-255,4320,93720,96,303345
10387,0.000962,172.31.47.0-255,66,93786,96,303345
10388,0.00098,74.125.24.0-255,4320,98106,96,303345
10389,0.000982,172.31.47.0-255,66,98172,96,303345
10390,0.001025,172.31.47.0-255,66,98238,96,303345
10391,0.001046,74.125.24.0-255,6438,104676,96,303345
10392,0.001049,172.31.47.0-255,66,104742,96,303345
10393,0.001064,74.125.24.0-255,1484,106226,96,303345
10394,0.001068,74.125.24.0-255,2902,109128,96,303345
10395,0.00107,172.31.47.0-255,66,109194,96,303345
10396,0.001074,74.125.24.0-255,2902,112096,96,303345
10397,0.001076,172.31.47.0-255,66,112162,96,303345
10398,0.001091,74.125.24.0-255,2902,115064,96,303345
10399,0.001093,172.31.47.0-255,66,115130,96,303345
10400,0.001097,74.125.24.0-255,2902,118032,96,303345
10401,0.001099,172.31.47.0-255,66,118098,96,303345
10402,0.001132,172.31.47.0-255,66,118164,96,303345
10403,0.001142,172.31.47.0-255,66,118230,96,303345
10404,0.001144,74.125.24.0-255,766,118996,96,303345
10405,0.001171,74.125.24.0-255,1484,120480,96,303345
10406,0.001173,172.31.47.0-255,66,120546,96,303345
10407,0.001176,74.125.24.0-255,1484,122030,96,303345
10408,0.001193,74.125.24.0-255,2902,124932,96,303345
10409,0.001195,172.31.47.0-255,66,124998,96,303345
10410,0.0012,74.125.24.0-255,4320,129318,96,303345
10411,0.001202,172.31.47.0-255,66,129384,96,303345
10412,0.001219,74.125.24.0-255,5738,135122,96,303345
10413,0.001221,172.31.47.0-255,66,135188,96,303345
10414,0.001223,74.125.24.0-255,1484,136672,96,303345
10415,0.001282,172.31.47.0-255,66,136738,96,303345
10416,0.001287,74.125.24.0-255,3602,140340,96,303345
10417,0.001289,172.31.47.0-255,66,140406,96,303345
10418,0.001456,74.125.24.0-255,1484,141890,96,303345
10419,0.001479,74.125.24.0-255,2902,144792,96,303345
10420,0.001482,172.31.47.0-255,66,144858,96,303345
10421,0.001488,74.125.24.0-255,5738,150596,96,303345
10422,0.00149,172.31.47.0-255,66,150662,96,303345
10423,0.001527,172.31.47.0-255,66,150728,96,303345
10424,0.001532,74.125.24.0-255,4320,155048,96,303345
10425,0.001534,172.31.47.0-255,66,155114,96,303345
10426,0.001564,74.125.24.0-255,6438,161552,96,303345
10427,0.001566,172.31.47.0-255,66,161618,96,303345
10428,0.00193,74.125.24.0-255,1484,163102,96,303345
10429,0.001936,74.125.24.0-255,2902,166004,96,303345
10430,0.001938,172.31.47.0-255,66,166070,96,303345
10431,0.001955,74.125.24.0-255,5738,171808,96,303345
10432,0.001957,172.31.47.0-255,66,171874,96,303345
10433,0.001961,74.125.24.0-255,2902,174776,96,303345
10434,0.001963,172.31.47.0-255,66,174842,96,303345
10435,0.002001,74.125.24.0-255,5738,180580,96,303345
10436,0.002003,172.31.47.0-255,66,180646,96,303345
10437,0.002022,74.125.24.0-255,4320,184966,96,303345
10438,0.002024,172.31.47.0-255,66,185032,96,303345
10439,0.002049,172.31.47.0-255,66,185098,96,303345
10440,0.002165,74.125.24.0-255,1484,186582,96,303345
10441,0.002169,74.125.24.0-255,2902,189484,96,303345
10442,0.002174,172.31.47.0-255,66,189550,96,303345
10443,0.002189,74.125.24.0-255,5738,195288,96,303345
10444,0.002192,172.31.47.0-255,66,195354,96,303345
10445,0.002223,172.31.47.0-255,66,195420,96,303345
10446,0.002244,74.125.24.0-255,4320,199740,96,303345
10447,0.002246,172.31.47.0-255,66,199806,96,303345
10448,0.002255,172.31.47.0-255,66,199872,96,303345
10449,0.002258,74.125.24.0-255,766,200638,96,303345
10450,0.002297,74.125.24.0-255,1484,202122,96,303345
10451,0.0023,172.31.47.0-255,66,202188,96,303345
10452,0.002314,74.125.24.0-255,4320,206508,96,303345
10453,0.002316,172.31.47.0-255,66,206574,96,303345
10454,0.002319,74.125.24.0-255,1484,208058,96,303345
10455,0.002339,74.125.24.0-255,5738,213796,96,303345
10456,0.002342,172.31.47.0-255,66,213862,96,303345
10457,0.002381,172.31.47.0-255,66,213928,96,303345
10458,0.002417,74.125.24.0-255,4320,218248,96,303345
10459,0.002421,172.31.47.0-255,66,218314,96,303345
10460,0.002433,74.125.24.0-255,7156,225470,96,303345
10461,0.002436,172.31.47.0-255,66,225536,96,303345
10462,0.002444,74.125.24.0-255,3602,229138,96,303345
10463,0.002448,172.31.47.0-255,66,229204,96,303345
10464,0.004761,74.125.24.0-255,5738,234942,96,303345
10465,0.004777,172.31.47.0-255,66,235008,96,303345
10466,0.007057,74.125.24.0-255,5738,240746,96,303345
10467,0.007065,172.31.47.0-255,66,240812,96,303345
10468,0.009326,74.125.24.0-255,5738,246550,96,303345
10469,0.009332,172.31.47.0-255,66,246616,96,303345
10470,0.011619,74.125.24.0-255,5738,252354,96,303345
10471,0.011629,172.31.47.0-255,66,252420,96,303345
10472,0.013949,74.125.24.0-255,5738,258158,96,303345
10473,0.013958,172.31.47.0-255,66,258224,96,303345
10474,0.016196,74.125.24.0-255,5738,263962,96,303345
10475,0.016204,172.31.47.0-255,66,264028,96,303345
10476,0.018491,74.125.24.0-255,5738,269766,96,303345
10477,0.018499,172.31.47.0-255,66,269832,96,303345
10478,0.020768,74.125.24.0-255,5738,275570,96,303345
10479,0.020775,172.31.47.0-255,66,275636,96,303345
10480,0.023051,74.125.24.0-255,5738,281374,96,303345
10481,0.023056,172.31.47.0-255,66,281440,96,303345
10482,0.025325,74.125.24.0-255,5738,287178,96,303345
10483,0.025332,172.31.47.0-255,66,287244,96,303345
10484,0.027584,74.125.24.0-255,2902,290146,96,303345
10485,0.027589,172.31.47.0-255,66,290212,96,303345
10486,0.027608,74.125.24.0-255,2902,293114,96,303345
10487,0.02761,172.31.47.0-255,66,293180,96,303345
10488,0.028394,172.31.47.0-255,172,293352,96,303345
10489,0.028419,172.31.47.0-255,1105,294457,96,303345
10490,0.028467,172.31.47.0-255,1514,295971,96,303345
10491,0.028468,172.31.47.0-255,1306,297277,96,303345
10492,0.029838,74.125.24.0-255,2902,300179,96,303345
10493,0.029848,172.31.47.0-255,66,300245,96,303345
10494,0.029869,74.125.24.0-255,2902,303147,96,303345
10495,0.029873,172.31.47.0-255,66,303213,96,303345
10496,0.029931,104.244.42.0-255,66,303279,96,303345
10497,0.029977,104.244.42.0-255,66,303345,96,303345
10498,0.0,172.31.47.0-255,236,236,96,1560
10499,2.5e-05,172.31.47.0-255,368,604,96,1560
10500,0.001102,74.125.24.0-255,630,1234,96,1560
10501,0.002313,74.125.24.0-255,97,1331,96,1560
10502,0.002326,172.31.47.0-255,66,1397,96,1560
10503,0.011109,172.31.47.0-255,97,1494,96,1560
10504,0.019038,74.125.24.0-255,66,1560,96,1560
10505,0.0,172.253.118.0-255,153,153,96,164246
10506,7.5e-05,172.31.47.0-255,66,219,96,164246
10507,8.1e-05,172.253.118.0-255,1484,1703,96,164246
10508,8.5e-05,172.31.47.0-255,66,1769,96,164246
10509,9e-05,172.253.118.0-255,2902,4671,96,164246
10510,9.8e-05,172.31.47.0-255,66,4737,96,164246
10511,0.000104,172.253.118.0-255,4320,9057,96,164246
10512,0.000106,172.31.47.0-255,66,9123,96,164246
10513,0.000112,172.253.118.0-255,4889,14012,96,164246
10514,0.000114,172.31.47.0-255,66,14078,96,164246
10515,0.000171,172.253.118.0-255,1484,15562,96,164246
10516,0.000175,172.31.47.0-255,66,15628,96,164246
10517,0.000188,172.253.118.0-255,2902,18530,96,164246
10518,0.000194,172.31.47.0-255,66,18596,96,164246
10519,0.000201,172.253.118.0-255,5738,24334,96,164246
10520,0.000204,172.31.47.0-255,66,24400,96,164246
10521,0.000243,172.253.118.0-255,6797,31197,96,164246
10522,0.000248,172.31.47.0-255,66,31263,96,164246
10523,0.000337,172.253.118.0-255,1484,32747,96,164246
10524,0.000341,172.31.47.0-255,66,32813,96,164246
10525,0.000371,172.253.118.0-255,2902,35715,96,164246
10526,0.000376,172.253.118.0-255,5738,41453,96,164246
10527,0.000376,172.31.47.0-255,66,41519,96,164246
10528,0.000381,172.31.47.0-255,66,41585,96,164246
10529,0.000395,172.253.118.0-255,1484,43069,96,164246
10530,0.000398,172.31.47.0-255,66,43135,96,164246
10531,0.00043,172.253.118.0-255,5379,48514,96,164246
10532,0.000434,172.31.47.0-255,66,48580,96,164246
10533,0.000439,172.253.118.0-255,2902,51482,96,164246
10534,0.000442,172.31.47.0-255,66,51548,96,164246
10535,0.000462,172.253.118.0-255,4320,55868,96,164246
10536,0.000471,172.31.47.0-255,66,55934,96,164246
10537,0.000482,172.31.47.0-255,66,56000,96,164246
10538,0.000485,172.253.118.0-255,1125,57125,96,164246
10539,0.000486,172.31.47.0-255,66,57191,96,164246
10540,0.00165,172.253.118.0-255,648,57839,96,164246
10541,0.001656,172.31.47.0-255,66,57905,96,164246
10542,0.001681,172.253.118.0-255,1484,59389,96,164246
10543,0.001684,172.31.47.0-255,66,59455,96,164246
10544,0.001687,172.253.118.0-255,1484,60939,96,164246
10545,0.001688,172.31.47.0-255,66,61005,96,164246
10546,0.001709,172.253.118.0-255,2902,63907,96,164246
10547,0.001711,172.31.47.0-255,66,63973,96,164246
10548,0.001731,172.31.47.0-255,66,64039,96,164246
10549,0.001756,172.253.118.0-255,1484,65523,96,164246
10550,0.001757,172.31.47.0-255,66,65589,96,164246
10551,0.001763,172.253.118.0-255,5738,71327,96,164246
10552,0.001764,172.31.47.0-255,66,71393,96,164246
10553,0.001767,172.253.118.0-255,1484,72877,96,164246
10554,0.001768,172.31.47.0-255,66,72943,96,164246
10555,0.001802,172.31.47.0-255,66,73009,96,164246
10556,0.001806,172.253.118.0-255,4320,77329,96,164246
10557,0.001808,172.31.47.0-255,66,77395,96,164246
10558,0.00183,172.31.47.0-255,66,77461,96,164246
10559,0.001838,172.253.118.0-255,3410,80871,96,164246
10560,0.00184,172.31.47.0-255,66,80937,96,164246
10561,0.002171,172.253.118.0-255,1484,82421,96,164246
10562,0.002173,172.31.47.0-255,66,82487,96,164246
10563,0.002176,172.253.118.0-255,1484,83971,96,164246
10564,0.002178,172.31.47.0-255,66,84037,96,164246
10565,0.002196,172.253.118.0-255,1484,85521,96,164246
10566,0.002197,172.31.47.0-255,66,85587,96,164246
10567,0.002206,172.253.118.0-255,5738,91325,96,164246
10568,0.002208,172.31.47.0-255,66,91391,96,164246
10569,0.002239,172.31.47.0-255,66,91457,96,164246
10570,0.002291,172.31.47.0-255,66,91523,96,164246
10571,0.004525,172.253.118.0-255,4320,95843,96,164246
10572,0.004528,172.31.47.0-255,66,95909,96,164246
10573,0.004537,172.253.118.0-255,1484,97393,96,164246
10574,0.00676,172.253.118.0-255,4320,101713,96,164246
10575,0.006768,172.31.47.0-255,66,101779,96,164246
10576,0.009014,172.253.118.0-255,5738,107517,96,164246
10577,0.00902,172.31.47.0-255,66,107583,96,164246
10578,0.011273,172.253.118.0-255,5738,113321,96,164246
10579,0.011282,172.31.47.0-255,66,113387,96,164246
10580,0.013526,172.253.118.0-255,5738,119125,96,164246
10581,0.013535,172.31.47.0-255,66,119191,96,164246
10582,0.01578,172.253.118.0-255,5738,124929,96,164246
10583,0.015786,172.31.47.0-255,66,124995,96,164246
10584,0.018036,172.253.118.0-255,5738,130733,96,164246
10585,0.018044,172.31.47.0-255,66,130799,96,164246
10586,0.020292,172.253.118.0-255,5738,136537,96,164246
10587,0.020298,172.31.47.0-255,66,136603,96,164246
10588,0.022547,172.253.118.0-255,5738,142341,96,164246
10589,0.022553,172.31.47.0-255,66,142407,96,164246
10590,0.024789,172.253.118.0-255,5738,148145,96,164246
10591,0.024796,172.31.47.0-255,66,148211,96,164246
10592,0.025345,172.31.47.0-255,172,148383,96,164246
10593,0.02537,172.31.47.0-255,1110,149493,96,164246
10594,0.025408,172.31.47.0-255,1514,151007,96,164246
10595,0.02541,172.31.47.0-255,1301,152308,96,164246
10596,0.026869,104.244.42.0-255,66,152374,96,164246
10597,0.026897,104.244.42.0-255,66,152440,96,164246
10598,0.026953,104.244.42.0-255,66,152506,96,164246
10599,0.027019,172.253.118.0-255,1484,153990,96,164246
10600,0.027042,172.253.118.0-255,4320,158310,96,164246
10601,0.027046,172.31.47.0-255,66,158376,96,164246
10602,0.029274,172.253.118.0-255,1484,159860,96,164246
10603,0.029304,172.253.118.0-255,4320,164180,96,164246
10604,0.029309,172.31.47.0-255,66,164246,96,164246
10605,0.0,172.31.47.0-255,105,105,96,276
10606,0.001802,157.240.13.0-255,105,210,96,276
10607,0.001814,172.31.47.0-255,66,276,96,276
10608,0.0,74.125.24.0-255,153,153,96,189997
10609,3.1e-05,172.31.47.0-255,66,219,96,189997
10610,3.7e-05,74.125.24.0-255,1484,1703,96,189997
10611,4e-05,172.31.47.0-255,66,1769,96,189997
10612,4.5e-05,74.125.24.0-255,2902,4671,96,189997
10613,4.7e-05,172.31.47.0-255,66,4737,96,189997
10614,5.1e-05,74.125.24.0-255,2902,7639,96,189997
10615,5.3e-05,172.31.47.0-255,66,7705,96,189997
10616,7.3e-05,74.125.24.0-255,1484,9189,96,189997
10617,7.5e-05,172.31.47.0-255,66,9255,96,189997
10618,0.0001,74.125.24.0-255,2902,12157,96,189997
10619,0.000102,172.31.47.0-255,66,12223,96,189997
10620,0.000121,74.125.24.0-255,2101,14324,96,189997
10621,0.000123,172.31.47.0-255,66,14390,96,189997
10622,0.000234,74.125.24.0-255,1484,15874,96,189997
10623,0.000238,172.31.47.0-255,66,15940,96,189997
10624,0.000242,74.125.24.0-255,2902,18842,96,189997
10625,0.000244,172.31.47.0-255,66,18908,96,189997
10626,0.000259,74.125.24.0-255,5738,24646,96,189997
10627,0.000263,172.31.47.0-255,66,24712,96,189997
10628,0.00032,74.125.24.0-255,5738,30450,96,189997
10629,0.000324,172.31.47.0-255,66,30516,96,189997
10630,0.000347,74.125.24.0-255,1484,32000,96,189997
10631,0.000349,172.31.47.0-255,66,32066,96,189997
10632,0.000353,172.31.47.0-255,66,32132,96,189997
10633,0.000362,74.125.24.0-255,4320,36452,96,189997
10634,0.000364,172.31.47.0-255,66,36518,96,189997
10635,0.00039,74.125.24.0-255,3961,40479,96,189997
10636,0.000393,172.31.47.0-255,66,40545,96,189997
10637,0.000404,172.31.47.0-255,66,40611,96,189997
10638,0.00041,74.125.24.0-255,5738,46349,96,189997
10639,0.000412,172.31.47.0-255,66,46415,96,189997
10640,0.000438,74.125.24.0-255,1399,47814,96,189997
10641,0.000441,172.31.47.0-255,66,47880,96,189997
10642,0.000521,74.125.24.0-255,131,48011,96,189997
10643,0.000524,172.31.47.0-255,66,48077,96,189997
10644,0.000711,74.125.24.0-255,1484,49561,96,189997
10645,0.000715,172.31.47.0-255,66,49627,96,189997
10646,0.000719,74.125.24.0-255,1484,51111,96,189997
10647,0.000721,172.31.47.0-255,66,51177,96,189997
10648,0.000734,74.125.24.0-255,1484,52661,96,189997
10649,0.000737,172.31.47.0-255,66,52727,96,189997
10650,0.000744,74.125.24.0-255,5738,58465,96,189997
10651,0.000746,172.31.47.0-255,66,58531,96,189997
10652,0.000767,74.125.24.0-255,2902,61433,96,189997
10653,0.00077,172.31.47.0-255,66,61499,96,189997
10654,0.000804,74.125.24.0-255,2902,64401,96,189997
10655,0.000807,172.31.47.0-255,66,64467,96,189997
10656,0.000827,74.125.24.0-255,3961,68428,96,189997
10657,0.000829,172.31.47.0-255,66,68494,96,189997
10658,0.000837,74.125.24.0-255,7156,75650,96,189997
10659,0.000839,172.31.47.0-255,66,75716,96,189997
10660,0.000865,74.125.24.0-255,7056,82772,96,189997
10661,0.000868,172.31.47.0-255,66,82838,96,189997
10662,0.001118,74.125.24.0-255,1484,84322,96,189997
10663,0.001128,74.125.24.0-255,2902,87224,96,189997
10664,0.001132,172.31.47.0-255,66,87290,96,189997
10665,0.001139,74.125.24.0-255,2902,90192,96,189997
10666,0.001142,172.31.47.0-255,66,90258,96,189997
10667,0.001156,74.125.24.0-255,2902,93160,96,189997
10668,0.001159,172.31.47.0-255,66,93226,96,189997
10669,0.001171,172.31.47.0-255,66,93292,96,189997
10670,0.001194,74.125.24.0-255,2902,96194,96,189997
10671,0.001197,172.31.47.0-255,66,96260,96,189997
10672,0.001249,74.125.24.0-255,4320,100580,96,189997
10673,0.001252,172.31.47.0-255,66,100646,96,189997
10674,0.001274,74.125.24.0-255,6438,107084,96,189997
10675,0.001277,172.31.47.0-255,66,107150,96,189997
10676,0.003292,74.125.24.0-255,5738,112888,96,189997
10677,0.003298,172.31.47.0-255,66,112954,96,189997
10678,0.005322,74.125.24.0-255,5738,118692,96,189997
10679,0.005325,172.31.47.0-255,66,118758,96,189997
10680,0.00735,74.125.24.0-255,5738,124496,96,189997
10681,0.007357,172.31.47.0-255,66,124562,96,189997
10682,0.00937,74.125.24.0-255,5738,130300,96,189997
10683,0.009377,172.31.47.0-255,66,130366,96,189997
10684,0.011416,74.125.24.0-255,5738,136104,96,189997
10685,0.011423,172.31.47.0-255,66,136170,96,189997
10686,0.013442,74.125.24.0-255,5738,141908,96,189997
10687,0.013449,172.31.47.0-255,66,141974,96,189997
10688,0.015469,74.125.24.0-255,5738,147712,96,189997
10689,0.01548,172.31.47.0-255,66,147778,96,189997
10690,0.017534,74.125.24.0-255,5738,153516,96,189997
10691,0.017546,172.31.47.0-255,66,153582,96,189997
10692,0.019547,74.125.24.0-255,5738,159320,96,189997
10693,0.019555,172.31.47.0-255,66,159386,96,189997
10694,0.021636,74.125.24.0-255,5738,165124,96,189997
10695,0.021643,172.31.47.0-255,66,165190,96,189997
10696,0.02366,74.125.24.0-255,4320,169510,96,189997
10697,0.023667,172.31.47.0-255,66,169576,96,189997
10698,0.023698,74.125.24.0-255,1484,171060,96,189997
10699,0.025686,74.125.24.0-255,2902,173962,96,189997
10700,0.025693,172.31.47.0-255,66,174028,96,189997
10701,0.025896,172.31.47.0-255,172,174200,96,189997
10702,0.025938,172.31.47.0-255,1105,175305,96,189997
10703,0.026048,172.31.47.0-255,1514,176819,96,189997
10704,0.02605,172.31.47.0-255,1306,178125,96,189997
10705,0.027454,104.244.42.0-255,66,178191,96,189997
10706,0.027497,104.244.42.0-255,66,178257,96,189997
10707,0.027596,104.244.42.0-255,66,178323,96,189997
10708,0.027692,74.125.24.0-255,1484,179807,96,189997
10709,0.027719,74.125.24.0-255,4320,184127,96,189997
10710,0.027723,172.31.47.0-255,66,184193,96,189997
10711,0.029803,74.125.24.0-255,5738,189931,96,189997
10712,0.029808,172.31.47.0-255,66,189997,96,189997
10713,0.0,172.31.47.0-255,105,105,96,342
10714,0.002014,157.240.13.0-255,66,171,96,342
10715,0.002067,157.240.13.0-255,105,276,96,342
10716,0.002071,172.31.47.0-255,66,342,96,342
10717,0.0,74.125.200.0-255,153,153,96,196617
10718,1.9e-05,172.31.47.0-255,66,219,96,196617
10719,2.5e-05,74.125.200.0-255,1484,1703,96,196617
10720,2.9e-05,172.31.47.0-255,66,1769,96,196617
10721,3.4e-05,74.125.200.0-255,2902,4671,96,196617
10722,3.7e-05,172.31.47.0-255,66,4737,96,196617
10723,3.9e-05,74.125.200.0-255,1484,6221,96,196617
10724,4.1e-05,172.31.47.0-255,66,6287,96,196617
10725,4.6e-05,74.125.200.0-255,2902,9189,96,196617
10726,4.9e-05,172.31.47.0-255,66,9255,96,196617
10727,8e-05,74.125.200.0-255,1484,10739,96,196617
10728,8.2e-05,172.31.47.0-255,66,10805,96,196617
10729,0.000101,74.125.200.0-255,3591,14396,96,196617
10730,0.000103,172.31.47.0-255,66,14462,96,196617
10731,0.000194,74.125.200.0-255,1484,15946,96,196617
10732,0.000197,172.31.47.0-255,66,16012,96,196617
10733,0.000236,74.125.200.0-255,2902,18914,96,196617
10734,0.000239,172.31.47.0-255,66,18980,96,196617
10735,0.000245,74.125.200.0-255,5738,24718,96,196617
10736,0.000247,172.31.47.0-255,66,24784,96,196617
10737,0.000251,74.125.200.0-255,2902,27686,96,196617
10738,0.000253,172.31.47.0-255,66,27752,96,196617
10739,0.00028,74.125.200.0-255,1484,29236,96,196617
10740,0.000282,172.31.47.0-255,66,29302,96,196617
10741,0.000299,74.125.200.0-255,1484,30786,96,196617
10742,0.000301,172.31.47.0-255,66,30852,96,196617
10743,0.000328,172.31.47.0-255,66,30918,96,196617
10744,0.000339,172.31.47.0-255,66,30984,96,196617
10745,0.000345,74.125.200.0-255,5738,36722,96,196617
10746,0.000347,172.31.47.0-255,66,36788,96,196617
10747,0.000349,74.125.200.0-255,1484,38272,96,196617
10748,0.000369,74.125.200.0-255,5738,44010,96,196617
10749,0.000385,74.125.200.0-255,2184,46194,96,196617
10750,0.000417,74.125.200.0-255,442,46636,96,196617
10751,0.000467,74.125.200.0-255,332,46968,96,196617
10752,0.000547,172.31.47.0-255,66,47034,96,196617
10753,0.000669,74.125.200.0-255,1484,48518,96,196617
10754,0.000681,74.125.200.0-255,1484,50002,96,196617
10755,0.000696,74.125.200.0-255,1484,51486,96,196617
10756,0.000701,74.125.200.0-255,2902,54388,96,196617
10757,0.000707,172.31.47.0-255,66,54454,96,196617
10758,0.000715,74.125.200.0-255,1484,55938,96,196617
10759,0.000752,74.125.200.0-255,5738,61676,96,196617
10760,0.000763,74.125.200.0-255,2902,64578,96,196617
10761,0.000773,172.31.47.0-255,66,64644,96,196617
10762,0.000786,74.125.200.0-255,5738,70382,96,196617
10763,0.000806,74.125.200.0-255,4320,74702,96,196617
10764,0.000809,74.125.200.0-255,1484,76186,96,196617
10765,0.000811,172.31.47.0-255,66,76252,96,196617
10766,0.000816,172.31.47.0-255,66,76318,96,196617
10767,0.000855,74.125.200.0-255,1484,77802,96,196617
10768,0.000877,74.125.200.0-255,3602,81404,96,196617
10769,0.000895,172.31.47.0-255,66,81470,96,196617
10770,0.001062,74.125.200.0-255,1484,82954,96,196617
10771,0.001074,74.125.200.0-255,1484,84438,96,196617
10772,0.001076,172.31.47.0-255,66,84504,96,196617
10773,0.001093,74.125.200.0-255,1484,85988,96,196617
10774,0.001099,74.125.200.0-255,4320,90308,96,196617
10775,0.001112,74.125.200.0-255,4320,94628,96,196617
10776,0.001116,172.31.47.0-255,66,94694,96,196617
10777,0.00113,74.125.200.0-255,1484,96178,96,196617
10778,0.00116,74.125.200.0-255,2902,99080,96,196617
10779,0.001166,172.31.47.0-255,66,99146,96,196617
10780,0.001203,74.125.200.0-255,2902,102048,96,196617
10781,0.001214,172.31.47.0-255,66,102114,96,196617
10782,0.001222,74.125.200.0-255,2184,104298,96,196617
10783,0.001226,172.31.47.0-255,66,104364,96,196617
10784,0.002074,74.125.200.0-255,1484,105848,96,196617
10785,0.002081,172.31.47.0-255,66,105914,96,196617
10786,0.002089,74.125.200.0-255,2902,108816,96,196617
10787,0.002103,74.125.200.0-255,4320,113136,96,196617
10788,0.002137,74.125.200.0-255,5738,118874,96,196617
10789,0.002141,74.125.200.0-255,2902,121776,96,196617
10790,0.002166,74.125.200.0-255,2902,124678,96,196617
10791,0.002177,74.125.200.0-255,1484,126162,96,196617
10792,0.002207,74.125.200.0-255,3602,129764,96,196617
10793,0.004245,172.31.47.0-255,66,129830,96,196617
10794,0.006545,74.125.200.0-255,4320,134150,96,196617
10795,0.00655,172.31.47.0-255,66,134216,96,196617
10796,0.006564,74.125.200.0-255,1484,135700,96,196617
10797,0.008846,74.125.200.0-255,4320,140020,96,196617
10798,0.008853,172.31.47.0-255,66,140086,96,196617
10799,0.011157,74.125.200.0-255,5738,145824,96,196617
10800,0.011183,172.31.47.0-255,66,145890,96,196617
10801,0.013488,74.125.200.0-255,5738,151628,96,196617
10802,0.013496,172.31.47.0-255,66,151694,96,196617
10803,0.015803,74.125.200.0-255,5738,157432,96,196617
10804,0.015809,172.31.47.0-255,66,157498,96,196617
10805,0.018113,74.125.200.0-255,5738,163236,96,196617
10806,0.018119,172.31.47.0-255,66,163302,96,196617
10807,0.02042,74.125.200.0-255,5738,169040,96,196617
10808,0.020426,172.31.47.0-255,66,169106,96,196617
10809,0.022752,74.125.200.0-255,5738,174844,96,196617
10810,0.022759,172.31.47.0-255,66,174910,96,196617
10811,0.02506,74.125.200.0-255,5738,180648,96,196617
10812,0.025067,172.31.47.0-255,66,180714,96,196617
10813,0.027205,172.31.47.0-255,172,180886,96,196617
10814,0.027232,172.31.47.0-255,1109,181995,96,196617
10815,0.02728,172.31.47.0-255,1514,183509,96,196617
10816,0.027282,172.31.47.0-255,1302,184811,96,196617
10817,0.02736,74.125.200.0-255,5738,190549,96,196617
10818,0.027365,172.31.47.0-255,66,190615,96,196617
10819,0.02876,104.244.42.0-255,66,190681,96,196617
10820,0.028803,104.244.42.0-255,66,190747,96,196617
10821,0.028857,104.244.42.0-255,66,190813,96,196617
10822,0.029664,74.125.200.0-255,5738,196551,96,196617
10823,0.02967,172.31.47.0-255,66,196617,96,196617
10824,0.0,172.217.160.0-255,153,153,96,214853
10825,3e-05,172.31.47.0-255,66,219,96,214853
10826,3.7e-05,172.217.160.0-255,1484,1703,96,214853
10827,4.1e-05,172.31.47.0-255,66,1769,96,214853
10828,4.6e-05,172.217.160.0-255,2902,4671,96,214853
10829,4.9e-05,172.31.47.0-255,66,4737,96,214853
10830,7.9e-05,172.217.160.0-255,4320,9057,96,214853
10831,8.2e-05,172.31.47.0-255,66,9123,96,214853
10832,0.000103,172.217.160.0-255,2902,12025,96,214853
10833,0.000105,172.31.47.0-255,66,12091,96,214853
10834,0.000109,172.217.160.0-255,2029,14120,96,214853
10835,0.000112,172.31.47.0-255,66,14186,96,214853
10836,0.000116,172.217.160.0-255,2902,17088,96,214853
10837,0.000118,172.31.47.0-255,66,17154,96,214853
10838,0.000122,172.217.160.0-255,2902,20056,96,214853
10839,0.000124,172.31.47.0-255,66,20122,96,214853
10840,0.000127,172.217.160.0-255,2902,23024,96,214853
10841,0.00013,172.31.47.0-255,66,23090,96,214853
10842,0.000142,172.217.160.0-255,1484,24574,96,214853
10843,0.000144,172.31.47.0-255,66,24640,96,214853
10844,0.000165,172.217.160.0-255,1484,26124,96,214853
10845,0.000168,172.31.47.0-255,66,26190,96,214853
10846,0.000188,172.217.160.0-255,5379,31569,96,214853
10847,0.000191,172.31.47.0-255,66,31635,96,214853
10848,0.000227,172.217.160.0-255,2902,34537,96,214853
10849,0.00023,172.31.47.0-255,66,34603,96,214853
10850,0.000245,172.217.160.0-255,1484,36087,96,214853
10851,0.000247,172.31.47.0-255,66,36153,96,214853
10852,0.000253,172.217.160.0-255,5738,41891,96,214853
10853,0.000256,172.31.47.0-255,66,41957,96,214853
10854,0.000274,172.217.160.0-255,2902,44859,96,214853
10855,0.000277,172.31.47.0-255,66,44925,96,214853
10856,0.000303,172.31.47.0-255,66,44991,96,214853
10857,0.000315,172.31.47.0-255,66,45057,96,214853
10858,0.000318,172.217.160.0-255,375,45432,96,214853
10859,0.000635,172.217.160.0-255,100,45532,96,214853
10860,0.000679,172.217.160.0-255,365,45897,96,214853
10861,0.000779,172.31.47.0-255,66,45963,96,214853
10862,0.000929,172.217.160.0-255,1484,47447,96,214853
10863,0.000939,172.217.160.0-255,2902,50349,96,214853
10864,0.000943,172.31.47.0-255,66,50415,96,214853
10865,0.00095,172.217.160.0-255,5738,56153,96,214853
10866,0.000953,172.31.47.0-255,66,56219,96,214853
10867,0.000979,172.217.160.0-255,2902,59121,96,214853
10868,0.000982,172.31.47.0-255,66,59187,96,214853
10869,0.001011,172.31.47.0-255,66,59253,96,214853
10870,0.001045,172.31.47.0-255,66,59319,96,214853
10871,0.001272,172.217.160.0-255,1484,60803,96,214853
10872,0.001302,172.217.160.0-255,1484,62287,96,214853
10873,0.001306,172.31.47.0-255,66,62353,96,214853
10874,0.001312,172.217.160.0-255,2902,65255,96,214853
10875,0.001314,172.31.47.0-255,66,65321,96,214853
10876,0.001319,172.217.160.0-255,2902,68223,96,214853
10877,0.001322,172.31.47.0-255,66,68289,96,214853
10878,0.001343,172.217.160.0-255,2902,71191,96,214853
10879,0.001345,172.31.47.0-255,66,71257,96,214853
10880,0.001353,172.217.160.0-255,7156,78413,96,214853
10881,0.001355,172.31.47.0-255,66,78479,96,214853
10882,0.00137,172.217.160.0-255,2902,81381,96,214853
10883,0.001372,172.31.47.0-255,66,81447,96,214853
10884,0.001398,172.217.160.0-255,5738,87185,96,214853
10885,0.001401,172.31.47.0-255,66,87251,96,214853
10886,0.001418,172.217.160.0-255,1484,88735,96,214853
10887,0.001458,172.217.160.0-255,2902,91637,96,214853
10888,0.001462,172.31.47.0-255,66,91703,96,214853
10889,0.001497,172.217.160.0-255,2184,93887,96,214853
10890,0.0015,172.31.47.0-255,66,93953,96,214853
10891,0.00152,172.217.160.0-255,1484,95437,96,214853
10892,0.001536,172.217.160.0-255,1484,96921,96,214853
10893,0.001539,172.31.47.0-255,66,96987,96,214853
10894,0.001543,172.217.160.0-255,2902,99889,96,214853
10895,0.001546,172.31.47.0-255,66,99955,96,214853
10896,0.001554,172.217.160.0-255,7156,107111,96,214853
10897,0.001556,172.31.47.0-255,66,107177,96,214853
10898,0.001572,172.31.47.0-255,66,107243,96,214853
10899,0.001601,172.217.160.0-255,2902,110145,96,214853
10900,0.001604,172.31.47.0-255,66,110211,96,214853
10901,0.00161,172.217.160.0-255,5020,115231,96,214853
10902,0.001613,172.31.47.0-255,66,115297,96,214853
10903,0.001671,172.31.47.0-255,66,115363,96,214853
10904,0.001682,172.217.160.0-255,1484,116847,96,214853
10905,0.001694,172.31.47.0-255,66,116913,96,214853
10906,0.003333,172.217.160.0-255,5738,122651,96,214853
10907,0.003339,172.31.47.0-255,66,122717,96,214853
10908,0.004961,172.217.160.0-255,5738,128455,96,214853
10909,0.004965,172.31.47.0-255,66,128521,96,214853
10910,0.006595,172.217.160.0-255,5738,134259,96,214853
10911,0.0066,172.31.47.0-255,66,134325,96,214853
10912,0.00823,172.217.160.0-255,4320,138645,96,214853
10913,0.008234,172.31.47.0-255,66,138711,96,214853
10914,0.008254,172.217.160.0-255,1484,140195,96,214853
10915,0.009877,172.217.160.0-255,4320,144515,96,214853
10916,0.009883,172.31.47.0-255,66,144581,96,214853
10917,0.011526,172.217.160.0-255,5738,150319,96,214853
10918,0.011532,172.31.47.0-255,66,150385,96,214853
10919,0.01316,172.217.160.0-255,5738,156123,96,214853
10920,0.013167,172.31.47.0-255,66,156189,96,214853
10921,0.014802,172.217.160.0-255,5738,161927,96,214853
10922,0.014809,172.31.47.0-255,66,161993,96,214853
10923,0.016445,172.217.160.0-255,5738,167731,96,214853
10924,0.016452,172.31.47.0-255,66,167797,96,214853
10925,0.018077,172.217.160.0-255,5738,173535,96,214853
10926,0.018084,172.31.47.0-255,66,173601,96,214853
10927,0.019711,172.217.160.0-255,5738,179339,96,214853
10928,0.019717,172.31.47.0-255,66,179405,96,214853
10929,0.021351,172.217.160.0-255,4320,183725,96,214853
10930,0.021357,172.31.47.0-255,66,183791,96,214853
10931,0.021377,172.217.160.0-255,1484,185275,96,214853
10932,0.02298,172.217.160.0-255,4320,189595,96,214853
10933,0.022986,172.31.47.0-255,66,189661,96,214853
10934,0.023318,172.31.47.0-255,172,189833,96,214853
10935,0.023348,172.31.47.0-255,1105,190938,96,214853
10936,0.023385,172.31.47.0-255,1514,192452,96,214853
10937,0.023386,172.31.47.0-255,339,192791,96,214853
10938,0.024618,172.217.160.0-255,5738,198529,96,214853
10939,0.024624,172.31.47.0-255,66,198595,96,214853
10940,0.024881,104.244.42.0-255,66,198661,96,214853
10941,0.024889,104.244.42.0-255,66,198727,96,214853
10942,0.024958,104.244.42.0-255,66,198793,96,214853
10943,0.026245,172.217.160.0-255,4320,203113,96,214853
10944,0.02625,172.31.47.0-255,66,203179,96,214853
10945,0.026275,172.217.160.0-255,1484,204663,96,214853
10946,0.027873,172.217.160.0-255,4320,208983,96,214853
10947,0.027878,172.31.47.0-255,66,209049,96,214853
10948,0.029507,172.217.160.0-255,5738,214787,96,214853
10949,0.029512,172.31.47.0-255,66,214853,96,214853
10950,0.0,172.31.47.0-255,105,105,96,459
10951,0.000254,172.31.47.0-255,90,195,96,459
10952,0.000263,172.31.47.0-255,66,261,96,459
10953,0.002488,74.125.130.0-255,66,327,96,459
10954,0.002509,74.125.130.0-255,66,393,96,459
10955,0.002524,172.31.47.0-255,66,459,96,459
10956,0.0,74.125.24.0-255,146,146,96,290585
10957,2.4e-05,172.31.47.0-255,66,212,96,290585
10958,3.1e-05,74.125.24.0-255,1484,1696,96,290585
10959,3.5e-05,172.31.47.0-255,66,1762,96,290585
10960,4.7e-05,74.125.24.0-255,2902,4664,96,290585
10961,4.9e-05,172.31.47.0-255,66,4730,96,290585
10962,5.6e-05,74.125.24.0-255,5738,10468,96,290585
10963,5.8e-05,172.31.47.0-255,66,10534,96,290585
10964,7.5e-05,74.125.24.0-255,1484,12018,96,290585
10965,7.8e-05,172.31.47.0-255,66,12084,96,290585
10966,0.000116,172.31.47.0-255,66,12150,96,290585
10967,0.000143,74.125.24.0-255,5738,17888,96,290585
10968,0.000146,172.31.47.0-255,66,17954,96,290585
10969,0.000169,74.125.24.0-255,3961,21915,96,290585
10970,0.00017,172.31.47.0-255,66,21981,96,290585
10971,0.000309,74.125.24.0-255,1484,23465,96,290585
10972,0.000313,172.31.47.0-255,66,23531,96,290585
10973,0.00033,74.125.24.0-255,2902,26433,96,290585
10974,0.000333,172.31.47.0-255,66,26499,96,290585
10975,0.000337,74.125.24.0-255,2902,29401,96,290585
10976,0.000339,172.31.47.0-255,66,29467,96,290585
10977,0.00036,74.125.24.0-255,2902,32369,96,290585
10978,0.000367,172.31.47.0-255,66,32435,96,290585
10979,0.000404,172.31.47.0-255,66,32501,96,290585
10980,0.000465,172.31.47.0-255,66,32567,96,290585
10981,0.00053,74.125.24.0-255,108,32675,96,290585
10982,0.000533,172.31.47.0-255,66,32741,96,290585
10983,0.00061,74.125.24.0-255,1484,34225,96,290585
10984,0.000616,172.31.47.0-255,66,34291,96,290585
10985,0.000623,74.125.24.0-255,2902,37193,96,290585
10986,0.000625,172.31.47.0-255,66,37259,96,290585
10987,0.000633,74.125.24.0-255,1484,38743,96,290585
10988,0.000635,172.31.47.0-255,66,38809,96,290585
10989,0.000666,74.125.24.0-255,4320,43129,96,290585
10990,0.000669,172.31.47.0-255,66,43195,96,290585
10991,0.000682,172.31.47.0-255,66,43261,96,290585
10992,0.000708,74.125.24.0-255,1484,44745,96,290585
10993,0.00071,172.31.47.0-255,66,44811,96,290585
10994,0.000716,74.125.24.0-255,5738,50549,96,290585
10995,0.000718,172.31.47.0-255,66,50615,96,290585
10996,0.000778,74.125.24.0-255,5020,55635,96,290585
10997,0.000783,172.31.47.0-255,66,55701,96,290585
10998,0.000915,74.125.24.0-255,1484,57185,96,290585
10999,0.000919,172.31.47.0-255,66,57251,96,290585
11000,0.000924,74.125.24.0-255,2902,60153,96,290585
11001,0.000926,172.31.47.0-255,66,60219,96,290585
11002,0.000957,74.125.24.0-255,5738,65957,96,290585
11003,0.00096,172.31.47.0-255,66,66023,96,290585
11004,0.000962,74.125.24.0-255,1484,67507,96,290585
11005,0.000994,74.125.24.0-255,1484,68991,96,290585
11006,0.001003,172.31.47.0-255,66,69057,96,290585
11007,0.001014,74.125.24.0-255,5738,74795,96,290585
11008,0.001057,172.31.47.0-255,66,74861,96,290585
11009,0.001073,74.125.24.0-255,2184,77045,96,290585
11010,0.001091,172.31.47.0-255,66,77111,96,290585
11011,0.0011,74.125.24.0-255,1484,78595,96,290585
11012,0.00113,74.125.24.0-255,2902,81497,96,290585
11013,0.001133,74.125.24.0-255,1484,82981,96,290585
11014,0.001146,74.125.24.0-255,1484,84465,96,290585
11015,0.001149,172.31.47.0-255,66,84531,96,290585
11016,0.001183,74.125.24.0-255,7156,91687,96,290585
11017,0.001192,74.125.24.0-255,7156,98843,96,290585
11018,0.001204,172.31.47.0-255,66,98909,96,290585
11019,0.001227,172.31.47.0-255,66,98975,96,290585
11020,0.001236,74.125.24.0-255,3602,102577,96,290585
11021,0.001263,74.125.24.0-255,4320,106897,96,290585
11022,0.001268,74.125.24.0-255,4320,111217,96,290585
11023,0.001286,74.125.24.0-255,5738,116955,96,290585
11024,0.001311,172.31.47.0-255,66,117021,96,290585
11025,0.001314,74.125.24.0-255,1484,118505,96,290585
11026,0.001373,172.31.47.0-255,66,118571,96,290585
11027,0.001405,74.125.24.0-255,1484,120055,96,290585
11028,0.001423,74.125.24.0-255,2902,122957,96,290585
11029,0.001427,74.125.24.0-255,1484,124441,96,290585
11030,0.001447,74.125.24.0-255,4320,128761,96,290585
11031,0.001453,172.31.47.0-255,66,128827,96,290585
11032,0.001472,74.125.24.0-255,2902,131729,96,290585
11033,0.001486,74.125.24.0-255,3650,135379,96,290585
11034,0.001497,172.31.47.0-255,66,135445,96,290585
11035,0.002082,74.125.24.0-255,1484,136929,96,290585
11036,0.002087,74.125.24.0-255,1484,138413,96,290585
11037,0.00209,172.31.47.0-255,66,138479,96,290585
11038,0.002116,74.125.24.0-255,1484,139963,96,290585
11039,0.002123,74.125.24.0-255,5738,145701,96,290585
11040,0.00213,74.125.24.0-255,7156,152857,96,290585
11041,0.002144,74.125.24.0-255,1484,154341,96,290585
11042,0.002147,172.31.47.0-255,66,154407,96,290585
11043,0.002182,74.125.24.0-255,5738,160145,96,290585
11044,0.002203,172.31.47.0-255,66,160211,96,290585
11045,0.00225,74.125.24.0-255,4320,164531,96,290585
11046,0.002264,74.125.24.0-255,7156,171687,96,290585
11047,0.002273,172.31.47.0-255,66,171753,96,290585
11048,0.002299,74.125.24.0-255,4320,176073,96,290585
11049,0.002328,172.31.47.0-255,66,176139,96,290585
11050,0.002352,74.125.24.0-255,1484,177623,96,290585
11051,0.002357,74.125.24.0-255,2902,180525,96,290585
11052,0.00236,74.125.24.0-255,1484,182009,96,290585
11053,0.002365,172.31.47.0-255,66,182075,96,290585
11054,0.00239,74.125.24.0-255,4320,186395,96,290585
11055,0.002397,74.125.24.0-255,5738,192133,96,290585
11056,0.002415,74.125.24.0-255,7156,199289,96,290585
11057,0.002426,172.31.47.0-255,66,199355,96,290585
11058,0.002433,74.125.24.0-255,5738,205093,96,290585
11059,0.00249,172.31.47.0-255,66,205159,96,290585
11060,0.002501,74.125.24.0-255,5020,210179,96,290585
11061,0.002522,74.125.24.0-255,5738,215917,96,290585
11062,0.002538,74.125.24.0-255,2902,218819,96,290585
11063,0.002547,172.31.47.0-255,66,218885,96,290585
11064,0.002567,74.125.24.0-255,7156,226041,96,290585
11065,0.002596,74.125.24.0-255,6438,232479,96,290585
11066,0.002613,172.31.47.0-255,66,232545,96,290585
11067,0.005263,74.125.24.0-255,5738,238283,96,290585
11068,0.005279,172.31.47.0-255,66,238349,96,290585
11069,0.007881,74.125.24.0-255,5738,244087,96,290585
11070,0.007895,172.31.47.0-255,66,244153,96,290585
11071,0.010521,74.125.24.0-255,5738,249891,96,290585
11072,0.010531,172.31.47.0-255,66,249957,96,290585
11073,0.013138,74.125.24.0-255,5738,255695,96,290585
11074,0.013154,172.31.47.0-255,66,255761,96,290585
11075,0.015784,74.125.24.0-255,5738,261499,96,290585
11076,0.015803,172.31.47.0-255,66,261565,96,290585
11077,0.018434,74.125.24.0-255,5738,267303,96,290585
11078,0.018454,172.31.47.0-255,66,267369,96,290585
11079,0.021071,74.125.24.0-255,5738,273107,96,290585
11080,0.021088,172.31.47.0-255,66,273173,96,290585
11081,0.02369,74.125.24.0-255,5738,278911,96,290585
11082,0.023707,172.31.47.0-255,66,278977,96,290585
11083,0.02633,74.125.24.0-255,5738,284715,96,290585
11084,0.02635,172.31.47.0-255,66,284781,96,290585
11085,0.028959,74.125.24.0-255,5738,290519,96,290585
11086,0.028971,172.31.47.0-255,66,290585,96,290585
11087,0.0,172.253.118.0-255,145,145,96,198794
11088,1.7e-05,172.31.47.0-255,66,211,96,198794
11089,2.4e-05,172.253.118.0-255,1484,1695,96,198794
11090,2.9e-05,172.31.47.0-255,66,1761,96,198794
11091,3.5e-05,172.253.118.0-255,2902,4663,96,198794
11092,3.7e-05,172.31.47.0-255,66,4729,96,198794
11093,4.5e-05,172.253.118.0-255,7156,11885,96,198794
11094,4.8e-05,172.31.47.0-255,66,11951,96,198794
11095,0.0001,172.31.47.0-255,66,12017,96,198794
11096,0.000123,172.253.118.0-255,5379,17396,96,198794
11097,0.000125,172.31.47.0-255,66,17462,96,198794
11098,0.000167,172.253.118.0-255,1484,18946,96,198794
11099,0.00017,172.31.47.0-255,66,19012,96,198794
11100,0.000175,172.253.118.0-255,2902,21914,96,198794
11101,0.000177,172.31.47.0-255,66,21980,96,198794
11102,0.00018,172.253.118.0-255,1484,23464,96,198794
11103,0.000182,172.31.47.0-255,66,23530,96,198794
11104,0.000208,172.253.118.0-255,4320,27850,96,198794
11105,0.000211,172.31.47.0-255,66,27916,96,198794
11106,0.000225,172.253.118.0-255,4320,32236,96,198794
11107,0.000227,172.31.47.0-255,66,32302,96,198794
11108,0.000265,172.253.118.0-255,7156,39458,96,198794
11109,0.000268,172.31.47.0-255,66,39524,96,198794
11110,0.000281,172.31.47.0-255,66,39590,96,198794
11111,0.000284,172.253.118.0-255,365,39955,96,198794
11112,0.000286,172.31.47.0-255,66,40021,96,198794
11113,0.00029,172.253.118.0-255,130,40151,96,198794
11114,0.000292,172.31.47.0-255,66,40217,96,198794
11115,0.000528,172.253.118.0-255,1484,41701,96,198794
11116,0.000534,172.31.47.0-255,66,41767,96,198794
11117,0.000541,172.253.118.0-255,2902,44669,96,198794
11118,0.000543,172.31.47.0-255,66,44735,96,198794
11119,0.000549,172.253.118.0-255,5738,50473,96,198794
11120,0.000552,172.31.47.0-255,66,50539,96,198794
11121,0.000589,172.31.47.0-255,66,50605,96,198794
11122,0.000594,172.253.118.0-255,4320,54925,96,198794
11123,0.000596,172.31.47.0-255,66,54991,96,198794
11124,0.000616,172.253.118.0-255,6438,61429,96,198794
11125,0.000618,172.31.47.0-255,66,61495,96,198794
11126,0.000659,172.253.118.0-255,346,61841,96,198794
11127,0.000661,172.31.47.0-255,66,61907,96,198794
11128,0.000701,172.253.118.0-255,1484,63391,96,198794
11129,0.000704,172.31.47.0-255,66,63457,96,198794
11130,0.000709,172.253.118.0-255,4320,67777,96,198794
11131,0.000712,172.31.47.0-255,66,67843,96,198794
11132,0.000752,172.31.47.0-255,66,67909,96,198794
11133,0.000763,172.31.47.0-255,66,67975,96,198794
11134,0.000793,172.253.118.0-255,1484,69459,96,198794
11135,0.000796,172.31.47.0-255,66,69525,96,198794
11136,0.000818,172.31.47.0-255,66,69591,96,198794
11137,0.000826,172.253.118.0-255,7156,76747,96,198794
11138,0.000828,172.31.47.0-255,66,76813,96,198794
11139,0.000852,172.253.118.0-255,5738,82551,96,198794
11140,0.000854,172.31.47.0-255,66,82617,96,198794
11141,0.000866,172.31.47.0-255,66,82683,96,198794
11142,0.000888,172.31.47.0-255,66,82749,96,198794
11143,0.000908,172.253.118.0-255,1484,84233,96,198794
11144,0.00091,172.31.47.0-255,66,84299,96,198794
11145,0.000915,172.253.118.0-255,2902,87201,96,198794
11146,0.000916,172.31.47.0-255,66,87267,96,198794
11147,0.00093,172.253.118.0-255,4320,91587,96,198794
11148,0.000933,172.31.47.0-255,66,91653,96,198794
11149,0.000955,172.253.118.0-255,1484,93137,96,198794
11150,0.000967,172.31.47.0-255,66,93203,96,198794
11151,0.00097,172.31.47.0-255,66,93269,96,198794
11152,0.001008,172.253.118.0-255,7156,100425,96,198794
11153,0.001012,172.31.47.0-255,66,100491,96,198794
11154,0.001037,172.31.47.0-255,66,100557,96,198794
11155,0.001051,172.253.118.0-255,4320,104877,96,198794
11156,0.001053,172.31.47.0-255,66,104943,96,198794
11157,0.00106,172.253.118.0-255,5738,110681,96,198794
11158,0.001062,172.31.47.0-255,66,110747,96,198794
11159,0.001092,172.31.47.0-255,66,110813,96,198794
11160,0.001113,172.253.118.0-255,2902,113715,96,198794
11161,0.001116,172.31.47.0-255,66,113781,96,198794
11162,0.001129,172.31.47.0-255,66,113847,96,198794
11163,0.001182,172.253.118.0-255,1484,115331,96,198794
11164,0.001187,172.31.47.0-255,66,115397,96,198794
11165,0.001198,172.253.118.0-255,2902,118299,96,198794
11166,0.0012,172.31.47.0-255,66,118365,96,198794
11167,0.001226,172.253.118.0-255,5738,124103,96,198794
11168,0.001229,172.31.47.0-255,66,124169,96,198794
11169,0.001267,172.253.118.0-255,4320,128489,96,198794
11170,0.00127,172.31.47.0-255,66,128555,96,198794
11171,0.001297,172.31.47.0-255,66,128621,96,198794
11172,0.001309,172.31.47.0-255,66,128687,96,198794
11173,0.001312,172.253.118.0-255,1484,130171,96,198794
11174,0.001314,172.31.47.0-255,66,130237,96,198794
11175,0.001319,172.253.118.0-255,2902,133139,96,198794
11176,0.001321,172.31.47.0-255,66,133205,96,198794
11177,0.001328,172.253.118.0-255,5738,138943,96,198794
11178,0.00133,172.31.47.0-255,66,139009,96,198794
11179,0.001353,172.253.118.0-255,7156,146165,96,198794
11180,0.001356,172.31.47.0-255,66,146231,96,198794
11181,0.001389,172.253.118.0-255,5738,151969,96,198794
11182,0.001403,172.31.47.0-255,66,152035,96,198794
11183,0.001406,172.31.47.0-255,66,152101,96,198794
11184,0.00147,172.253.118.0-255,1484,153585,96,198794
11185,0.001474,172.31.47.0-255,66,153651,96,198794
11186,0.001479,172.253.118.0-255,2902,156553,96,198794
11187,0.001481,172.31.47.0-255,66,156619,96,198794
11188,0.001509,172.253.118.0-255,5738,162357,96,198794
11189,0.001512,172.31.47.0-255,66,162423,96,198794
11190,0.001518,172.253.118.0-255,5738,168161,96,198794
11191,0.001521,172.31.47.0-255,66,168227,96,198794
11192,0.001537,172.253.118.0-255,5738,173965,96,198794
11193,0.001539,172.31.47.0-255,66,174031,96,198794
11194,0.00155,172.31.47.0-255,66,174097,96,198794
11195,0.001569,172.253.118.0-255,3602,177699,96,198794
11196,0.001572,172.31.47.0-255,66,177765,96,198794
11197,0.001637,172.253.118.0-255,1484,179249,96,198794
11198,0.001641,172.31.47.0-255,66,179315,96,198794
11199,0.001657,172.253.118.0-255,2902,182217,96,198794
11200,0.00166,172.31.47.0-255,66,182283,96,198794
11201,0.001666,172.253.118.0-255,5738,188021,96,198794
11202,0.001669,172.31.47.0-255,66,188087,96,198794
11203,0.001674,172.253.118.0-255,4320,192407,96,198794
11204,0.001715,172.31.47.0-255,66,192473,96,198794
11205,0.001719,172.253.118.0-255,1484,193957,96,198794
11206,0.001784,172.31.47.0-255,66,194023,96,198794
11207,0.00181,172.31.47.0-255,66,194089,96,198794
11208,0.001853,172.31.47.0-255,66,194155,96,198794
11209,0.001861,172.253.118.0-255,105,194260,96,198794
11210,0.009448,172.31.47.0-255,66,194326,96,198794
11211,0.009481,172.31.47.0-255,105,194431,96,198794
11212,0.011666,172.253.118.0-255,66,194497,96,198794
11213,0.02809,172.31.47.0-255,172,194669,96,198794
11214,0.02812,172.31.47.0-255,1110,195779,96,198794
11215,0.028172,172.31.47.0-255,1514,197293,96,198794
11216,0.028174,172.31.47.0-255,1303,198596,96,198794
11217,0.029561,104.244.42.0-255,66,198662,96,198794
11218,0.029592,104.244.42.0-255,66,198728,96,198794
11219,0.029653,104.244.42.0-255,66,198794,96,198794
11220,0.0,172.217.194.0-255,152,152,96,176452
11221,2.5e-05,172.31.47.0-255,66,218,96,176452
11222,3.1e-05,172.217.194.0-255,1484,1702,96,176452
11223,3.6e-05,172.31.47.0-255,66,1768,96,176452
11224,4.2e-05,172.217.194.0-255,2902,4670,96,176452
11225,5.3e-05,172.31.47.0-255,66,4736,96,176452
11226,6e-05,172.217.194.0-255,7156,11892,96,176452
11227,6.3e-05,172.31.47.0-255,66,11958,96,176452
11228,6.8e-05,172.217.194.0-255,4320,16278,96,176452
11229,7.1e-05,172.31.47.0-255,66,16344,96,176452
11230,0.00011,172.217.194.0-255,4962,21306,96,176452
11231,0.000118,172.31.47.0-255,66,21372,96,176452
11232,0.000129,172.31.47.0-255,66,21438,96,176452
11233,0.000209,172.31.47.0-255,66,21504,96,176452
11234,0.000229,172.31.47.0-255,66,21570,96,176452
11235,0.000231,172.217.194.0-255,377,21947,96,176452
11236,0.000233,172.31.47.0-255,66,22013,96,176452
11237,0.000236,172.217.194.0-255,98,22111,96,176452
11238,0.000238,172.31.47.0-255,66,22177,96,176452
11239,0.000242,172.217.194.0-255,1484,23661,96,176452
11240,0.000245,172.31.47.0-255,66,23727,96,176452
11241,0.00025,172.217.194.0-255,2902,26629,96,176452
11242,0.000252,172.31.47.0-255,66,26695,96,176452
11243,0.000256,172.217.194.0-255,1484,28179,96,176452
11244,0.000258,172.31.47.0-255,66,28245,96,176452
11245,0.000301,172.217.194.0-255,5738,33983,96,176452
11246,0.000304,172.31.47.0-255,66,34049,96,176452
11247,0.000314,172.31.47.0-255,66,34115,96,176452
11248,0.000347,172.217.194.0-255,7156,41271,96,176452
11249,0.00035,172.31.47.0-255,66,41337,96,176452
11250,0.00039,172.217.194.0-255,6438,47775,96,176452
11251,0.000393,172.31.47.0-255,66,47841,96,176452
11252,0.000395,172.217.194.0-255,364,48205,96,176452
11253,0.000766,172.217.194.0-255,1484,49689,96,176452
11254,0.000771,172.31.47.0-255,66,49755,96,176452
11255,0.000776,172.217.194.0-255,2902,52657,96,176452
11256,0.000778,172.31.47.0-255,66,52723,96,176452
11257,0.000782,172.217.194.0-255,1484,54207,96,176452
11258,0.000804,172.217.194.0-255,4320,58527,96,176452
11259,0.000806,172.31.47.0-255,66,58593,96,176452
11260,0.000811,172.217.194.0-255,2902,61495,96,176452
11261,0.000812,172.31.47.0-255,66,61561,96,176452
11262,0.000842,172.217.194.0-255,5738,67299,96,176452
11263,0.000844,172.31.47.0-255,66,67365,96,176452
11264,0.000883,172.31.47.0-255,66,67431,96,176452
11265,0.000909,172.217.194.0-255,2184,69615,96,176452
11266,0.000911,172.31.47.0-255,66,69681,96,176452
11267,0.000976,172.217.194.0-255,1484,71165,96,176452
11268,0.000981,172.217.194.0-255,2902,74067,96,176452
11269,0.000983,172.31.47.0-255,66,74133,96,176452
11270,0.000987,172.217.194.0-255,2902,77035,96,176452
11271,0.00099,172.31.47.0-255,66,77101,96,176452
11272,0.001011,172.217.194.0-255,2902,80003,96,176452
11273,0.001017,172.217.194.0-255,5738,85741,96,176452
11274,0.00102,172.31.47.0-255,66,85807,96,176452
11275,0.001022,172.31.47.0-255,66,85873,96,176452
11276,0.001044,172.217.194.0-255,4320,90193,96,176452
11277,0.001047,172.31.47.0-255,66,90259,96,176452
11278,0.001081,172.31.47.0-255,66,90325,96,176452
11279,0.001108,172.217.194.0-255,5020,95345,96,176452
11280,0.001111,172.31.47.0-255,66,95411,96,176452
11281,0.001972,172.217.194.0-255,1484,96895,96,176452
11282,0.001987,172.217.194.0-255,2902,99797,96,176452
11283,0.00199,172.31.47.0-255,66,99863,96,176452
11284,0.002024,172.217.194.0-255,5738,105601,96,176452
11285,0.002027,172.31.47.0-255,66,105667,96,176452
11286,0.002032,172.217.194.0-255,2902,108569,96,176452
11287,0.002034,172.31.47.0-255,66,108635,96,176452
11288,0.002077,172.31.47.0-255,66,108701,96,176452
11289,0.002087,172.31.47.0-255,66,108767,96,176452
11290,0.002121,172.217.194.0-255,2184,110951,96,176452
11291,0.002123,172.31.47.0-255,66,111017,96,176452
11292,0.004433,172.217.194.0-255,4320,115337,96,176452
11293,0.00444,172.31.47.0-255,66,115403,96,176452
11294,0.004464,172.217.194.0-255,1484,116887,96,176452
11295,0.006798,172.217.194.0-255,2902,119789,96,176452
11296,0.006802,172.31.47.0-255,66,119855,96,176452
11297,0.006818,172.217.194.0-255,1484,121339,96,176452
11298,0.009115,172.217.194.0-255,4320,125659,96,176452
11299,0.009122,172.31.47.0-255,66,125725,96,176452
11300,0.01141,172.217.194.0-255,5738,131463,96,176452
11301,0.011422,172.31.47.0-255,66,131529,96,176452
11302,0.01376,172.217.194.0-255,5738,137267,96,176452
11303,0.013771,172.31.47.0-255,66,137333,96,176452
11304,0.016109,172.217.194.0-255,5738,143071,96,176452
11305,0.016118,172.31.47.0-255,66,143137,96,176452
11306,0.018417,172.217.194.0-255,5738,148875,96,176452
11307,0.018425,172.31.47.0-255,66,148941,96,176452
11308,0.020747,172.217.194.0-255,5738,154679,96,176452
11309,0.020755,172.31.47.0-255,66,154745,96,176452
11310,0.023074,172.217.194.0-255,5738,160483,96,176452
11311,0.02308,172.31.47.0-255,66,160549,96,176452
11312,0.02541,172.217.194.0-255,5738,166287,96,176452
11313,0.025415,172.31.47.0-255,66,166353,96,176452
11314,0.026714,172.31.47.0-255,172,166525,96,176452
11315,0.026746,172.31.47.0-255,1109,167634,96,176452
11316,0.026804,172.31.47.0-255,1514,169148,96,176452
11317,0.026806,172.31.47.0-255,1302,170450,96,176452
11318,0.02774,172.217.194.0-255,5738,176188,96,176452
11319,0.027747,172.31.47.0-255,66,176254,96,176452
11320,0.028267,104.244.42.0-255,66,176320,96,176452
11321,0.028311,104.244.42.0-255,66,176386,96,176452
11322,0.028358,104.244.42.0-255,66,176452,96,176452
11323,0.0,74.125.200.0-255,152,152,96,264616
11324,1.7e-05,172.31.47.0-255,66,218,96,264616
11325,2.4e-05,74.125.200.0-255,1484,1702,96,264616
11326,2.9e-05,172.31.47.0-255,66,1768,96,264616
11327,3.2e-05,74.125.200.0-255,1484,3252,96,264616
11328,3.6e-05,172.31.47.0-255,66,3318,96,264616
11329,5.9e-05,74.125.200.0-255,1484,4802,96,264616
11330,6.1e-05,172.31.47.0-255,66,4868,96,264616
11331,6.9e-05,74.125.200.0-255,7156,12024,96,264616
11332,7.2e-05,172.31.47.0-255,66,12090,96,264616
11333,7.5e-05,74.125.200.0-255,2256,14346,96,264616
11334,7.7e-05,172.31.47.0-255,66,14412,96,264616
11335,0.000104,74.125.200.0-255,2902,17314,96,264616
11336,0.000106,172.31.47.0-255,66,17380,96,264616
11337,0.00012,74.125.200.0-255,2902,20282,96,264616
11338,0.000123,172.31.47.0-255,66,20348,96,264616
11339,0.000139,74.125.200.0-255,4320,24668,96,264616
11340,0.000141,172.31.47.0-255,66,24734,96,264616
11341,0.000175,74.125.200.0-255,5738,30472,96,264616
11342,0.000178,172.31.47.0-255,66,30538,96,264616
11343,0.000193,74.125.200.0-255,1125,31663,96,264616
11344,0.000196,172.31.47.0-255,66,31729,96,264616
11345,0.000233,74.125.200.0-255,1484,33213,96,264616
11346,0.000235,172.31.47.0-255,66,33279,96,264616
11347,0.000239,74.125.200.0-255,1484,34763,96,264616
11348,0.000241,172.31.47.0-255,66,34829,96,264616
11349,0.000255,74.125.200.0-255,1484,36313,96,264616
11350,0.000257,172.31.47.0-255,66,36379,96,264616
11351,0.000271,74.125.200.0-255,4320,40699,96,264616
11352,0.000274,172.31.47.0-255,66,40765,96,264616
11353,0.000289,74.125.200.0-255,1484,42249,96,264616
11354,0.000291,172.31.47.0-255,66,42315,96,264616
11355,0.000293,74.125.200.0-255,1484,43799,96,264616
11356,0.000295,172.31.47.0-255,66,43865,96,264616
11357,0.000322,172.31.47.0-255,66,43931,96,264616
11358,0.000327,74.125.200.0-255,4320,48251,96,264616
11359,0.000329,172.31.47.0-255,66,48317,96,264616
11360,0.000351,74.125.200.0-255,7156,55473,96,264616
11361,0.000375,74.125.200.0-255,2543,58016,96,264616
11362,0.0005,74.125.200.0-255,1484,59500,96,264616
11363,0.000514,74.125.200.0-255,2902,62402,96,264616
11364,0.000531,74.125.200.0-255,4320,66722,96,264616
11365,0.000535,172.31.47.0-255,66,66788,96,264616
11366,0.00054,172.31.47.0-255,66,66854,96,264616
11367,0.000555,74.125.200.0-255,5738,72592,96,264616
11368,0.000586,74.125.200.0-255,2902,75494,96,264616
11369,0.000592,172.31.47.0-255,66,75560,96,264616
11370,0.00061,74.125.200.0-255,7156,82716,96,264616
11371,0.000631,172.31.47.0-255,66,82782,96,264616
11372,0.000646,172.31.47.0-255,66,82848,96,264616
11373,0.000772,74.125.200.0-255,1484,84332,96,264616
11374,0.000779,74.125.200.0-255,2902,87234,96,264616
11375,0.000785,74.125.200.0-255,4320,91554,96,264616
11376,0.000849,74.125.200.0-255,2902,94456,96,264616
11377,0.000854,74.125.200.0-255,4320,98776,96,264616
11378,0.00086,172.31.47.0-255,66,98842,96,264616
11379,0.000892,74.125.200.0-255,766,99608,96,264616
11380,0.000895,74.125.200.0-255,1484,101092,96,264616
11381,0.000916,74.125.200.0-255,4320,105412,96,264616
11382,0.000919,74.125.200.0-255,1484,106896,96,264616
11383,0.000922,172.31.47.0-255,66,106962,96,264616
11384,0.000932,74.125.200.0-255,1484,108446,96,264616
11385,0.000935,74.125.200.0-255,1484,109930,96,264616
11386,0.000939,172.31.47.0-255,66,109996,96,264616
11387,0.00095,74.125.200.0-255,2902,112898,96,264616
11388,0.000967,74.125.200.0-255,1484,114382,96,264616
11389,0.000974,172.31.47.0-255,66,114448,96,264616
11390,0.000999,74.125.200.0-255,7156,121604,96,264616
11391,0.001004,74.125.200.0-255,2902,124506,96,264616
11392,0.001012,172.31.47.0-255,66,124572,96,264616
11393,0.001075,172.31.47.0-255,66,124638,96,264616
11394,0.001115,74.125.200.0-255,1484,126122,96,264616
11395,0.001127,74.125.200.0-255,1484,127606,96,264616
11396,0.001145,74.125.200.0-255,1484,129090,96,264616
11397,0.001148,74.125.200.0-255,1484,130574,96,264616
11398,0.001152,74.125.200.0-255,2902,133476,96,264616
11399,0.001155,74.125.200.0-255,1484,134960,96,264616
11400,0.001159,172.31.47.0-255,66,135026,96,264616
11401,0.001178,74.125.200.0-255,4320,139346,96,264616
11402,0.001192,172.31.47.0-255,66,139412,96,264616
11403,0.001262,74.125.200.0-255,766,140178,96,264616
11404,0.001744,74.125.200.0-255,1484,141662,96,264616
11405,0.001751,74.125.200.0-255,2902,144564,96,264616
11406,0.001756,74.125.200.0-255,2902,147466,96,264616
11407,0.001773,74.125.200.0-255,2902,150368,96,264616
11408,0.0018,74.125.200.0-255,5738,156106,96,264616
11409,0.001823,74.125.200.0-255,7156,163262,96,264616
11410,0.001844,74.125.200.0-255,4320,167582,96,264616
11411,0.001879,74.125.200.0-255,2902,170484,96,264616
11412,0.001915,74.125.200.0-255,4320,174804,96,264616
11413,0.001948,74.125.200.0-255,2902,177706,96,264616
11414,0.001993,74.125.200.0-255,5738,183444,96,264616
11415,0.002016,74.125.200.0-255,4320,187764,96,264616
11416,0.002089,74.125.200.0-255,4320,192084,96,264616
11417,0.00214,74.125.200.0-255,4320,196404,96,264616
11418,0.002144,74.125.200.0-255,2902,199306,96,264616
11419,0.002175,74.125.200.0-255,1484,200790,96,264616
11420,0.002179,74.125.200.0-255,3602,204392,96,264616
11421,0.002208,74.125.200.0-255,2902,207294,96,264616
11422,0.002265,74.125.200.0-255,4320,211614,96,264616
11423,0.00227,74.125.200.0-255,5738,217352,96,264616
11424,0.002272,74.125.200.0-255,766,218118,96,264616
11425,0.007447,172.31.47.0-255,66,218184,96,264616
11426,0.009759,74.125.200.0-255,5738,223922,96,264616
11427,0.009768,172.31.47.0-255,66,223988,96,264616
11428,0.01204,74.125.200.0-255,5738,229726,96,264616
11429,0.012047,172.31.47.0-255,66,229792,96,264616
11430,0.014328,74.125.200.0-255,5738,235530,96,264616
11431,0.018025,172.31.47.0-255,66,235596,96,264616
11432,0.020307,74.125.200.0-255,5738,241334,96,264616
11433,0.020318,172.31.47.0-255,66,241400,96,264616
11434,0.022591,74.125.200.0-255,5738,247138,96,264616
11435,0.022599,172.31.47.0-255,66,247204,96,264616
11436,0.02488,74.125.200.0-255,5738,252942,96,264616
11437,0.024886,172.31.47.0-255,66,253008,96,264616
11438,0.027153,74.125.200.0-255,5738,258746,96,264616
11439,0.02716,172.31.47.0-255,66,258812,96,264616
11440,0.029443,74.125.200.0-255,5633,264445,96,264616
11441,0.029451,172.31.47.0-255,66,264511,96,264616
11442,0.029635,172.31.47.0-255,105,264616,96,264616
11443,0.0,74.125.130.0-255,153,153,96,140990
11444,1.8e-05,172.31.47.0-255,66,219,96,140990
11445,2.5e-05,74.125.130.0-255,1484,1703,96,140990
11446,2.9e-05,172.31.47.0-255,66,1769,96,140990
11447,3.4e-05,74.125.130.0-255,2902,4671,96,140990
11448,3.8e-05,172.31.47.0-255,66,4737,96,140990
11449,4.1e-05,74.125.130.0-255,1484,6221,96,140990
11450,4.3e-05,172.31.47.0-255,66,6287,96,140990
11451,8.7e-05,74.125.130.0-255,5738,12025,96,140990
11452,9.1e-05,172.31.47.0-255,66,12091,96,140990
11453,9.8e-05,74.125.130.0-255,6332,18423,96,140990
11454,0.0001,172.31.47.0-255,66,18489,96,140990
11455,0.000107,74.125.130.0-255,7156,25645,96,140990
11456,0.00011,172.31.47.0-255,66,25711,96,140990
11457,0.000115,74.125.130.0-255,5379,31090,96,140990
11458,0.000117,172.31.47.0-255,66,31156,96,140990
11459,0.000204,74.125.130.0-255,1484,32640,96,140990
11460,0.000209,172.31.47.0-255,66,32706,96,140990
11461,0.000216,74.125.130.0-255,2902,35608,96,140990
11462,0.000218,172.31.47.0-255,66,35674,96,140990
11463,0.000223,74.125.130.0-255,2902,38576,96,140990
11464,0.000225,172.31.47.0-255,66,38642,96,140990
11465,0.000248,74.125.130.0-255,2902,41544,96,140990
11466,0.000252,172.31.47.0-255,66,41610,96,140990
11467,0.000257,74.125.130.0-255,4320,45930,96,140990
11468,0.000259,172.31.47.0-255,66,45996,96,140990
11469,0.000293,172.31.47.0-255,66,46062,96,140990
11470,0.000309,74.125.130.0-255,1484,47546,96,140990
11471,0.000311,172.31.47.0-255,66,47612,96,140990
11472,0.000345,172.31.47.0-255,66,47678,96,140990
11473,0.000348,74.125.130.0-255,116,47794,96,140990
11474,0.000469,74.125.130.0-255,1484,49278,96,140990
11475,0.000489,74.125.130.0-255,2902,52180,96,140990
11476,0.000495,74.125.130.0-255,5738,57918,96,140990
11477,0.000517,74.125.130.0-255,5738,63656,96,140990
11478,0.000528,74.125.130.0-255,1434,65090,96,140990
11479,0.000558,172.31.47.0-255,66,65156,96,140990
11480,0.000566,74.125.130.0-255,1484,66640,96,140990
11481,0.000584,74.125.130.0-255,5738,72378,96,140990
11482,0.00059,74.125.130.0-255,5738,78116,96,140990
11483,0.000605,74.125.130.0-255,2902,81018,96,140990
11484,0.000608,74.125.130.0-255,1125,82143,96,140990
11485,0.000627,172.31.47.0-255,66,82209,96,140990
11486,0.001727,74.125.130.0-255,1484,83693,96,140990
11487,0.001735,74.125.130.0-255,2902,86595,96,140990
11488,0.001739,172.31.47.0-255,66,86661,96,140990
11489,0.001746,74.125.130.0-255,5738,92399,96,140990
11490,0.001831,74.125.130.0-255,7156,99555,96,140990
11491,0.00185,74.125.130.0-255,3602,103157,96,140990
11492,0.007059,172.31.47.0-255,66,103223,96,140990
11493,0.009668,74.125.130.0-255,5738,108961,96,140990
11494,0.00968,172.31.47.0-255,66,109027,96,140990
11495,0.012272,74.125.130.0-255,5738,114765,96,140990
11496,0.018524,172.31.47.0-255,66,114831,96,140990
11497,0.021097,172.31.47.0-255,172,115003,96,140990
11498,0.021113,74.125.130.0-255,4320,119323,96,140990
11499,0.021124,172.31.47.0-255,66,119389,96,140990
11500,0.021141,74.125.130.0-255,1484,120873,96,140990
11501,0.021153,172.31.47.0-255,1110,121983,96,140990
11502,0.021205,172.31.47.0-255,1514,123497,96,140990
11503,0.021206,172.31.47.0-255,1301,124798,96,140990
11504,0.022664,104.244.42.0-255,66,124864,96,140990
11505,0.022717,104.244.42.0-255,66,124930,96,140990
11506,0.022767,104.244.42.0-255,66,124996,96,140990
11507,0.023702,74.125.130.0-255,4320,129316,96,140990
11508,0.023707,172.31.47.0-255,66,129382,96,140990
11509,0.026317,74.125.130.0-255,5738,135120,96,140990
11510,0.026367,172.31.47.0-255,66,135186,96,140990
11511,0.028974,74.125.130.0-255,5738,140924,96,140990
11512,0.028979,172.31.47.0-255,66,140990,96,140990
11513,0.0,172.217.194.0-255,153,153,96,204435
11514,1.8e-05,172.31.47.0-255,66,219,96,204435
11515,2.5e-05,172.217.194.0-255,1484,1703,96,204435
11516,2.9e-05,172.31.47.0-255,66,1769,96,204435
11517,3.3e-05,172.217.194.0-255,2902,4671,96,204435
11518,3.6e-05,172.31.47.0-255,66,4737,96,204435
11519,4.9e-05,172.217.194.0-255,7156,11893,96,204435
11520,5.2e-05,172.31.47.0-255,66,11959,96,204435
11521,5.5e-05,172.217.194.0-255,2170,14129,96,204435
11522,5.8e-05,172.31.47.0-255,66,14195,96,204435
11523,0.000146,172.217.194.0-255,1484,15679,96,204435
11524,0.000149,172.31.47.0-255,66,15745,96,204435
11525,0.000152,172.217.194.0-255,1484,17229,96,204435
11526,0.000155,172.31.47.0-255,66,17295,96,204435
11527,0.00017,172.217.194.0-255,1484,18779,96,204435
11528,0.000172,172.31.47.0-255,66,18845,96,204435
11529,0.000201,172.217.194.0-255,5738,24583,96,204435
11530,0.000204,172.31.47.0-255,66,24649,96,204435
11531,0.000232,172.217.194.0-255,6797,31446,96,204435
11532,0.000234,172.31.47.0-255,66,31512,96,204435
11533,0.000238,172.217.194.0-255,2902,34414,96,204435
11534,0.00024,172.31.47.0-255,66,34480,96,204435
11535,0.000259,172.217.194.0-255,4320,38800,96,204435
11536,0.000262,172.31.47.0-255,66,38866,96,204435
11537,0.000302,172.31.47.0-255,66,38932,96,204435
11538,0.000639,172.217.194.0-255,1484,40416,96,204435
11539,0.000643,172.31.47.0-255,66,40482,96,204435
11540,0.000648,172.217.194.0-255,2902,43384,96,204435
11541,0.000649,172.31.47.0-255,66,43450,96,204435
11542,0.000658,172.217.194.0-255,5738,49188,96,204435
11543,0.00066,172.31.47.0-255,66,49254,96,204435
11544,0.000703,172.31.47.0-255,66,49320,96,204435
11545,0.000712,172.31.47.0-255,66,49386,96,204435
11546,0.000739,172.31.47.0-255,66,49452,96,204435
11547,0.00078,172.217.194.0-255,4320,53772,96,204435
11548,0.000783,172.31.47.0-255,66,53838,96,204435
11549,0.000814,172.217.194.0-255,4320,58158,96,204435
11550,0.000817,172.31.47.0-255,66,58224,96,204435
11551,0.000826,172.31.47.0-255,66,58290,96,204435
11552,0.00085,172.217.194.0-255,1484,59774,96,204435
11553,0.000854,172.217.194.0-255,2902,62676,96,204435
11554,0.000855,172.31.47.0-255,66,62742,96,204435
11555,0.000883,172.217.194.0-255,5738,68480,96,204435
11556,0.000885,172.31.47.0-255,66,68546,96,204435
11557,0.000928,172.217.194.0-255,6248,74794,96,204435
11558,0.000931,172.31.47.0-255,66,74860,96,204435
11559,0.000977,172.217.194.0-255,1484,76344,96,204435
11560,0.000981,172.217.194.0-255,1484,77828,96,204435
11561,0.000983,172.31.47.0-255,66,77894,96,204435
11562,0.001005,172.217.194.0-255,1484,79378,96,204435
11563,0.001012,172.217.194.0-255,5738,85116,96,204435
11564,0.001014,172.31.47.0-255,66,85182,96,204435
11565,0.001018,172.217.194.0-255,2902,88084,96,204435
11566,0.001019,172.31.47.0-255,66,88150,96,204435
11567,0.001065,172.31.47.0-255,66,88216,96,204435
11568,0.001075,172.31.47.0-255,66,88282,96,204435
11569,0.001078,172.217.194.0-255,766,89048,96,204435
11570,0.001711,172.217.194.0-255,1484,90532,96,204435
11571,0.001715,172.31.47.0-255,66,90598,96,204435
11572,0.001721,172.217.194.0-255,2902,93500,96,204435
11573,0.001722,172.31.47.0-255,66,93566,96,204435
11574,0.001725,172.217.194.0-255,1484,95050,96,204435
11575,0.001748,172.217.194.0-255,4320,99370,96,204435
11576,0.00175,172.31.47.0-255,66,99436,96,204435
11577,0.001762,172.31.47.0-255,66,99502,96,204435
11578,0.001802,172.217.194.0-255,2902,102404,96,204435
11579,0.001805,172.31.47.0-255,66,102470,96,204435
11580,0.001836,172.31.47.0-255,66,102536,96,204435
11581,0.002624,172.217.194.0-255,1484,104020,96,204435
11582,0.002635,172.217.194.0-255,2902,106922,96,204435
11583,0.002638,172.31.47.0-255,66,106988,96,204435
11584,0.002646,172.217.194.0-255,5738,112726,96,204435
11585,0.002647,172.31.47.0-255,66,112792,96,204435
11586,0.00269,172.31.47.0-255,66,112858,96,204435
11587,0.002702,172.31.47.0-255,66,112924,96,204435
11588,0.002821,172.217.194.0-255,1484,114408,96,204435
11589,0.002826,172.217.194.0-255,2902,117310,96,204435
11590,0.002828,172.31.47.0-255,66,117376,96,204435
11591,0.002834,172.217.194.0-255,5738,123114,96,204435
11592,0.002836,172.31.47.0-255,66,123180,96,204435
11593,0.002868,172.31.47.0-255,66,123246,96,204435
11594,0.002892,172.217.194.0-255,2902,126148,96,204435
11595,0.002894,172.31.47.0-255,66,126214,96,204435
11596,0.002909,172.31.47.0-255,66,126280,96,204435
11597,0.002916,172.217.194.0-255,1484,127764,96,204435
11598,0.002919,172.217.194.0-255,1484,129248,96,204435
11599,0.00292,172.31.47.0-255,66,129314,96,204435
11600,0.002923,172.217.194.0-255,1484,130798,96,204435
11601,0.002947,172.217.194.0-255,4320,135118,96,204435
11602,0.002949,172.31.47.0-255,66,135184,96,204435
11603,0.002979,172.31.47.0-255,66,135250,96,204435
11604,0.002988,172.31.47.0-255,66,135316,96,204435
11605,0.002997,172.217.194.0-255,4320,139636,96,204435
11606,0.002998,172.31.47.0-255,66,139702,96,204435
11607,0.003035,172.217.194.0-255,3602,143304,96,204435
11608,0.003037,172.31.47.0-255,66,143370,96,204435
11609,0.003121,172.217.194.0-255,1484,144854,96,204435
11610,0.003137,172.217.194.0-255,2902,147756,96,204435
11611,0.003139,172.31.47.0-255,66,147822,96,204435
11612,0.003143,172.217.194.0-255,2902,150724,96,204435
11613,0.003145,172.31.47.0-255,66,150790,96,204435
11614,0.003164,172.217.194.0-255,2902,153692,96,204435
11615,0.003166,172.31.47.0-255,66,153758,96,204435
11616,0.003183,172.31.47.0-255,66,153824,96,204435
11617,0.003187,172.217.194.0-255,2902,156726,96,204435
11618,0.003189,172.31.47.0-255,66,156792,96,204435
11619,0.0032,172.31.47.0-255,66,156858,96,204435
11620,0.003236,172.217.194.0-255,1484,158342,96,204435
11621,0.00324,172.217.194.0-255,2902,161244,96,204435
11622,0.003243,172.31.47.0-255,66,161310,96,204435
11623,0.003249,172.217.194.0-255,5738,167048,96,204435
11624,0.003251,172.31.47.0-255,66,167114,96,204435
11625,0.003253,172.217.194.0-255,1484,168598,96,204435
11626,0.00328,172.217.194.0-255,1484,170082,96,204435
11627,0.003281,172.31.47.0-255,66,170148,96,204435
11628,0.003285,172.217.194.0-255,1484,171632,96,204435
11629,0.003291,172.217.194.0-255,5738,177370,96,204435
11630,0.003293,172.31.47.0-255,66,177436,96,204435
11631,0.003299,172.217.194.0-255,5738,183174,96,204435
11632,0.003301,172.31.47.0-255,66,183240,96,204435
11633,0.003328,172.217.194.0-255,1484,184724,96,204435
11634,0.00333,172.31.47.0-255,78,184802,96,204435
11635,0.00334,172.31.47.0-255,66,184868,96,204435
11636,0.003346,172.217.194.0-255,5738,190606,96,204435
11637,0.003351,172.217.194.0-255,4320,194926,96,204435
11638,0.00339,172.217.194.0-255,4320,199246,96,204435
11639,0.003428,172.217.194.0-255,766,200012,96,204435
11640,0.003448,172.217.194.0-255,1484,201496,96,204435
11641,0.003481,172.217.194.0-255,2597,204093,96,204435
11642,0.003484,172.217.194.0-255,105,204198,96,204435
11643,0.005248,172.31.47.0-255,66,204264,96,204435
11644,0.007019,172.31.47.0-255,105,204369,96,204435
11645,0.009237,172.217.194.0-255,66,204435,96,204435
11646,0.0,74.125.24.0-255,153,153,96,205282
11647,3e-05,172.31.47.0-255,66,219,96,205282
11648,3.6e-05,74.125.24.0-255,1484,1703,96,205282
11649,4e-05,172.31.47.0-255,66,1769,96,205282
11650,4.4e-05,74.125.24.0-255,2902,4671,96,205282
11651,4.6e-05,172.31.47.0-255,66,4737,96,205282
11652,5.1e-05,74.125.24.0-255,7156,11893,96,205282
11653,5.3e-05,172.31.47.0-255,66,11959,96,205282
11654,9.7e-05,172.31.47.0-255,66,12025,96,205282
11655,0.000117,74.125.24.0-255,2543,14568,96,205282
11656,0.000119,172.31.47.0-255,66,14634,96,205282
11657,0.000167,74.125.24.0-255,1484,16118,96,205282
11658,0.00017,172.31.47.0-255,66,16184,96,205282
11659,0.000174,74.125.24.0-255,2902,19086,96,205282
11660,0.000176,172.31.47.0-255,66,19152,96,205282
11661,0.000179,74.125.24.0-255,1484,20636,96,205282
11662,0.00018,172.31.47.0-255,66,20702,96,205282
11663,0.000201,74.125.24.0-255,4320,25022,96,205282
11664,0.000204,172.31.47.0-255,66,25088,96,205282
11665,0.000208,74.125.24.0-255,4320,29408,96,205282
11666,0.00021,172.31.47.0-255,66,29474,96,205282
11667,0.000244,172.31.47.0-255,66,29540,96,205282
11668,0.000253,172.31.47.0-255,66,29606,96,205282
11669,0.000267,74.125.24.0-255,1484,31090,96,205282
11670,0.000269,172.31.47.0-255,66,31156,96,205282
11671,0.000301,74.125.24.0-255,328,31484,96,205282
11672,0.000304,172.31.47.0-255,66,31550,96,205282
11673,0.000402,74.125.24.0-255,1484,33034,96,205282
11674,0.000405,172.31.47.0-255,66,33100,96,205282
11675,0.00041,74.125.24.0-255,2902,36002,96,205282
11676,0.000411,172.31.47.0-255,66,36068,96,205282
11677,0.000427,74.125.24.0-255,2902,38970,96,205282
11678,0.000429,172.31.47.0-255,66,39036,96,205282
11679,0.000432,74.125.24.0-255,1484,40520,96,205282
11680,0.000443,74.125.24.0-255,2902,43422,96,205282
11681,0.000445,172.31.47.0-255,66,43488,96,205282
11682,0.000478,172.31.47.0-255,66,43554,96,205282
11683,0.00049,172.31.47.0-255,66,43620,96,205282
11684,0.0005,74.125.24.0-255,216,43836,96,205282
11685,0.000733,74.125.24.0-255,1484,45320,96,205282
11686,0.000737,172.31.47.0-255,66,45386,96,205282
11687,0.000749,74.125.24.0-255,2902,48288,96,205282
11688,0.000751,172.31.47.0-255,66,48354,96,205282
11689,0.000772,74.125.24.0-255,5738,54092,96,205282
11690,0.000775,172.31.47.0-255,66,54158,96,205282
11691,0.000779,74.125.24.0-255,4320,58478,96,205282
11692,0.000783,172.31.47.0-255,66,58544,96,205282
11693,0.0008,74.125.24.0-255,4320,62864,96,205282
11694,0.000802,172.31.47.0-255,66,62930,96,205282
11695,0.000848,74.125.24.0-255,4320,67250,96,205282
11696,0.000851,172.31.47.0-255,66,67316,96,205282
11697,0.000878,172.31.47.0-255,66,67382,96,205282
11698,0.001643,74.125.24.0-255,1484,68866,96,205282
11699,0.001652,74.125.24.0-255,2902,71768,96,205282
11700,0.001656,172.31.47.0-255,66,71834,96,205282
11701,0.001662,74.125.24.0-255,2902,74736,96,205282
11702,0.001663,172.31.47.0-255,66,74802,96,205282
11703,0.001677,74.125.24.0-255,2902,77704,96,205282
11704,0.001679,172.31.47.0-255,66,77770,96,205282
11705,0.001684,74.125.24.0-255,5738,83508,96,205282
11706,0.001685,172.31.47.0-255,66,83574,96,205282
11707,0.001712,74.125.24.0-255,7156,90730,96,205282
11708,0.001713,172.31.47.0-255,66,90796,96,205282
11709,0.001719,74.125.24.0-255,7156,97952,96,205282
11710,0.001721,172.31.47.0-255,66,98018,96,205282
11711,0.00174,74.125.24.0-255,3602,101620,96,205282
11712,0.001742,172.31.47.0-255,66,101686,96,205282
11713,0.001768,74.125.24.0-255,2902,104588,96,205282
11714,0.001769,172.31.47.0-255,66,104654,96,205282
11715,0.001782,74.125.24.0-255,1484,106138,96,205282
11716,0.001786,74.125.24.0-255,2902,109040,96,205282
11717,0.001787,172.31.47.0-255,66,109106,96,205282
11718,0.001817,74.125.24.0-255,7156,116262,96,205282
11719,0.001819,172.31.47.0-255,66,116328,96,205282
11720,0.001824,74.125.24.0-255,7156,123484,96,205282
11721,0.001826,172.31.47.0-255,66,123550,96,205282
11722,0.00189,172.31.47.0-255,66,123616,96,205282
11723,0.001899,172.31.47.0-255,66,123682,96,205282
11724,0.001931,172.31.47.0-255,66,123748,96,205282
11725,0.001963,172.31.47.0-255,66,123814,96,205282
11726,0.001975,172.31.47.0-255,66,123880,96,205282
11727,0.001995,172.31.47.0-255,66,123946,96,205282
11728,0.004007,74.125.24.0-255,5738,129684,96,205282
11729,0.00401,172.31.47.0-255,66,129750,96,205282
11730,0.006027,74.125.24.0-255,5738,135488,96,205282
11731,0.006033,172.31.47.0-255,66,135554,96,205282
11732,0.008052,74.125.24.0-255,5738,141292,96,205282
11733,0.008058,172.31.47.0-255,66,141358,96,205282
11734,0.01006,74.125.24.0-255,5738,147096,96,205282
11735,0.010066,172.31.47.0-255,66,147162,96,205282
11736,0.012077,74.125.24.0-255,5738,152900,96,205282
11737,0.012083,172.31.47.0-255,66,152966,96,205282
11738,0.014095,74.125.24.0-255,4320,157286,96,205282
11739,0.014101,172.31.47.0-255,66,157352,96,205282
11740,0.014135,74.125.24.0-255,1484,158836,96,205282
11741,0.0161,74.125.24.0-255,4320,163156,96,205282
11742,0.016108,172.31.47.0-255,66,163222,96,205282
11743,0.018131,74.125.24.0-255,5738,168960,96,205282
11744,0.018137,172.31.47.0-255,66,169026,96,205282
11745,0.020148,74.125.24.0-255,5738,174764,96,205282
11746,0.020153,172.31.47.0-255,66,174830,96,205282
11747,0.022163,74.125.24.0-255,5738,180568,96,205282
11748,0.02217,172.31.47.0-255,66,180634,96,205282
11749,0.02419,74.125.24.0-255,5738,186372,96,205282
11750,0.024196,172.31.47.0-255,66,186438,96,205282
11751,0.025381,172.31.47.0-255,172,186610,96,205282
11752,0.02541,172.31.47.0-255,1110,187720,96,205282
11753,0.025455,172.31.47.0-255,1514,189234,96,205282
11754,0.025457,172.31.47.0-255,1514,190748,96,205282
11755,0.025462,172.31.47.0-255,1514,192262,96,205282
11756,0.025463,172.31.47.0-255,1082,193344,96,205282
11757,0.026193,74.125.24.0-255,5738,199082,96,205282
11758,0.026199,172.31.47.0-255,66,199148,96,205282
11759,0.026948,104.244.42.0-255,66,199214,96,205282
11760,0.026986,104.244.42.0-255,66,199280,96,205282
11761,0.027035,104.244.42.0-255,66,199346,96,205282
11762,0.027037,104.244.42.0-255,66,199412,96,205282
11763,0.028203,74.125.24.0-255,4320,203732,96,205282
11764,0.028207,172.31.47.0-255,66,203798,96,205282
11765,0.028232,74.125.24.0-255,1484,205282,96,205282
11766,0.0,74.125.24.0-255,373,373,96,93201
11767,3.3e-05,172.31.47.0-255,66,439,96,93201
11768,4e-05,74.125.24.0-255,1484,1923,96,93201
11769,4.4e-05,172.31.47.0-255,66,1989,96,93201
11770,5e-05,74.125.24.0-255,4320,6309,96,93201
11771,6e-05,172.31.47.0-255,66,6375,96,93201
11772,0.000215,172.31.47.0-255,66,6441,96,93201
11773,0.000524,74.125.24.0-255,2902,9343,96,93201
11774,0.000529,172.31.47.0-255,66,9409,96,93201
11775,0.000639,74.125.24.0-255,7156,16565,96,93201
11776,0.000644,172.31.47.0-255,66,16631,96,93201
11777,0.000678,74.125.24.0-255,5536,22167,96,93201
11778,0.000682,172.31.47.0-255,66,22233,96,93201
11779,0.00297,74.125.24.0-255,5738,27971,96,93201
11780,0.002976,172.31.47.0-255,66,28037,96,93201
11781,0.005236,74.125.24.0-255,5738,33775,96,93201
11782,0.005241,172.31.47.0-255,66,33841,96,93201
11783,0.007527,74.125.24.0-255,2902,36743,96,93201
11784,0.007533,172.31.47.0-255,66,36809,96,93201
11785,0.007565,74.125.24.0-255,2902,39711,96,93201
11786,0.007569,172.31.47.0-255,66,39777,96,93201
11787,0.009806,74.125.24.0-255,2902,42679,96,93201
11788,0.009815,172.31.47.0-255,66,42745,96,93201
11789,0.009865,74.125.24.0-255,2902,45647,96,93201
11790,0.00987,172.31.47.0-255,66,45713,96,93201
11791,0.012099,74.125.24.0-255,2902,48615,96,93201
11792,0.012114,172.31.47.0-255,66,48681,96,93201
11793,0.012163,74.125.24.0-255,2902,51583,96,93201
11794,0.012168,172.31.47.0-255,66,51649,96,93201
11795,0.014407,74.125.24.0-255,2902,54551,96,93201
11796,0.014424,172.31.47.0-255,66,54617,96,93201
11797,0.01447,74.125.24.0-255,2902,57519,96,93201
11798,0.014475,172.31.47.0-255,66,57585,96,93201
11799,0.016702,74.125.24.0-255,2902,60487,96,93201
11800,0.01671,172.31.47.0-255,66,60553,96,93201
11801,0.016736,74.125.24.0-255,2902,63455,96,93201
11802,0.016739,172.31.47.0-255,66,63521,96,93201
11803,0.019009,74.125.24.0-255,2902,66423,96,93201
11804,0.019013,172.31.47.0-255,66,66489,96,93201
11805,0.019056,74.125.24.0-255,2902,69391,96,93201
11806,0.019058,172.31.47.0-255,66,69457,96,93201
11807,0.0213,74.125.24.0-255,2902,72359,96,93201
11808,0.021307,172.31.47.0-255,66,72425,96,93201
11809,0.021342,74.125.24.0-255,2902,75327,96,93201
11810,0.021346,172.31.47.0-255,66,75393,96,93201
11811,0.023559,74.125.24.0-255,2902,78295,96,93201
11812,0.023567,172.31.47.0-255,66,78361,96,93201
11813,0.023629,74.125.24.0-255,2902,81263,96,93201
11814,0.023633,172.31.47.0-255,66,81329,96,93201
11815,0.025876,74.125.24.0-255,2902,84231,96,93201
11816,0.025891,172.31.47.0-255,66,84297,96,93201
11817,0.025941,74.125.24.0-255,2902,87199,96,93201
11818,0.025946,172.31.47.0-255,66,87265,96,93201
11819,0.028178,74.125.24.0-255,2902,90167,96,93201
11820,0.028195,172.31.47.0-255,66,90233,96,93201
11821,0.028249,74.125.24.0-255,2902,93135,96,93201
11822,0.028254,172.31.47.0-255,66,93201,96,93201
11823,0.0,172.31.47.0-255,105,105,96,525
11824,4.7e-05,172.31.47.0-255,105,210,96,525
11825,7.4e-05,172.31.47.0-255,105,315,96,525
11826,0.001575,157.240.13.0-255,105,420,96,525
11827,0.002064,157.240.13.0-255,105,525,96,525
11828,0.0,172.31.47.0-255,105,105,96,276
11829,0.002524,157.240.13.0-255,105,210,96,276
11830,0.002539,172.31.47.0-255,66,276,96,276
11831,0.0,74.125.68.0-255,153,153,96,227039
11832,2.9e-05,172.31.47.0-255,66,219,96,227039
11833,3.6e-05,74.125.68.0-255,1484,1703,96,227039
11834,4e-05,172.31.47.0-255,66,1769,96,227039
11835,4.4e-05,74.125.68.0-255,2902,4671,96,227039
11836,4.6e-05,172.31.47.0-255,66,4737,96,227039
11837,5e-05,74.125.68.0-255,2902,7639,96,227039
11838,5.2e-05,172.31.47.0-255,66,7705,96,227039
11839,8.1e-05,74.125.68.0-255,4320,12025,96,227039
11840,8.4e-05,172.31.47.0-255,66,12091,96,227039
11841,0.000101,74.125.68.0-255,2009,14100,96,227039
11842,0.000104,172.31.47.0-255,66,14166,96,227039
11843,0.000123,74.125.68.0-255,2902,17068,96,227039
11844,0.000125,172.31.47.0-255,66,17134,96,227039
11845,0.000129,74.125.68.0-255,2902,20036,96,227039
11846,0.000131,172.31.47.0-255,66,20102,96,227039
11847,0.000147,74.125.68.0-255,4320,24422,96,227039
11848,0.000149,172.31.47.0-255,66,24488,96,227039
11849,0.000154,74.125.68.0-255,5738,30226,96,227039
11850,0.000156,172.31.47.0-255,66,30292,96,227039
11851,0.000185,74.125.68.0-255,1125,31417,96,227039
11852,0.000187,172.31.47.0-255,66,31483,96,227039
11853,0.00026,74.125.68.0-255,1484,32967,96,227039
11854,0.000264,172.31.47.0-255,66,33033,96,227039
11855,0.000268,74.125.68.0-255,2902,35935,96,227039
11856,0.000271,172.31.47.0-255,66,36001,96,227039
11857,0.000298,74.125.68.0-255,5738,41739,96,227039
11858,0.000302,172.31.47.0-255,66,41805,96,227039
11859,0.000306,74.125.68.0-255,4320,46125,96,227039
11860,0.000309,172.31.47.0-255,66,46191,96,227039
11861,0.000333,74.125.68.0-255,5379,51570,96,227039
11862,0.000337,172.31.47.0-255,66,51636,96,227039
11863,0.000365,172.31.47.0-255,66,51702,96,227039
11864,0.000398,74.125.68.0-255,1484,53186,96,227039
11865,0.00041,74.125.68.0-255,2819,56005,96,227039
11866,0.000413,172.31.47.0-255,66,56071,96,227039
11867,0.00056,74.125.68.0-255,134,56205,96,227039
11868,0.000671,74.125.68.0-255,343,56548,96,227039
11869,0.000703,172.31.47.0-255,66,56614,96,227039
11870,0.000871,74.125.68.0-255,1484,58098,96,227039
11871,0.000881,74.125.68.0-255,2902,61000,96,227039
11872,0.000884,172.31.47.0-255,66,61066,96,227039
11873,0.000919,74.125.68.0-255,1484,62550,96,227039
11874,0.000924,74.125.68.0-255,2902,65452,96,227039
11875,0.000927,172.31.47.0-255,66,65518,96,227039
11876,0.000954,74.125.68.0-255,5738,71256,96,227039
11877,0.000958,172.31.47.0-255,66,71322,96,227039
11878,0.000962,74.125.68.0-255,2543,73865,96,227039
11879,0.000964,172.31.47.0-255,66,73931,96,227039
11880,0.001005,74.125.68.0-255,2902,76833,96,227039
11881,0.001009,172.31.47.0-255,66,76899,96,227039
11882,0.001013,74.125.68.0-255,1484,78383,96,227039
11883,0.001029,74.125.68.0-255,2902,81285,96,227039
11884,0.001031,172.31.47.0-255,66,81351,96,227039
11885,0.001048,74.125.68.0-255,5738,87089,96,227039
11886,0.00105,172.31.47.0-255,66,87155,96,227039
11887,0.001074,74.125.68.0-255,2902,90057,96,227039
11888,0.001076,172.31.47.0-255,66,90123,96,227039
11889,0.001079,74.125.68.0-255,1125,91248,96,227039
11890,0.001315,172.31.47.0-255,66,91314,96,227039
11891,0.001783,74.125.68.0-255,1484,92798,96,227039
11892,0.001789,74.125.68.0-255,1484,94282,96,227039
11893,0.001792,172.31.47.0-255,66,94348,96,227039
11894,0.00181,74.125.68.0-255,1484,95832,96,227039
11895,0.001815,74.125.68.0-255,4320,100152,96,227039
11896,0.001816,172.31.47.0-255,66,100218,96,227039
11897,0.001832,74.125.68.0-255,1484,101702,96,227039
11898,0.001847,74.125.68.0-255,4320,106022,96,227039
11899,0.001849,172.31.47.0-255,66,106088,96,227039
11900,0.001867,74.125.68.0-255,4320,110408,96,227039
11901,0.00187,172.31.47.0-255,66,110474,96,227039
11902,0.001884,74.125.68.0-255,4320,114794,96,227039
11903,0.001886,172.31.47.0-255,66,114860,96,227039
11904,0.00192,74.125.68.0-255,1484,116344,96,227039
11905,0.00194,74.125.68.0-255,4320,120664,96,227039
11906,0.001943,172.31.47.0-255,66,120730,96,227039
11907,0.001972,74.125.68.0-255,5020,125750,96,227039
11908,0.001974,172.31.47.0-255,66,125816,96,227039
11909,0.002103,74.125.68.0-255,1484,127300,96,227039
11910,0.002116,74.125.68.0-255,1484,128784,96,227039
11911,0.002119,172.31.47.0-255,66,128850,96,227039
11912,0.00213,74.125.68.0-255,2902,131752,96,227039
11913,0.002132,172.31.47.0-255,66,131818,96,227039
11914,0.002148,74.125.68.0-255,5738,137556,96,227039
11915,0.00215,172.31.47.0-255,66,137622,96,227039
11916,0.00217,74.125.68.0-255,1484,139106,96,227039
11917,0.002187,74.125.68.0-255,7156,146262,96,227039
11918,0.002189,172.31.47.0-255,66,146328,96,227039
11919,0.00222,74.125.68.0-255,4320,150648,96,227039
11920,0.002223,172.31.47.0-255,66,150714,96,227039
11921,0.002242,74.125.68.0-255,5738,156452,96,227039
11922,0.002244,172.31.47.0-255,66,156518,96,227039
11923,0.002276,74.125.68.0-255,3602,160120,96,227039
11924,0.002278,172.31.47.0-255,66,160186,96,227039
11925,0.002356,74.125.68.0-255,1484,161670,96,227039
11926,0.004598,74.125.68.0-255,4320,165990,96,227039
11927,0.004602,172.31.47.0-255,66,166056,96,227039
11928,0.006927,74.125.68.0-255,5738,171794,96,227039
11929,0.006934,172.31.47.0-255,66,171860,96,227039
11930,0.00928,74.125.68.0-255,5738,177598,96,227039
11931,0.009292,172.31.47.0-255,66,177664,96,227039
11932,0.01164,74.125.68.0-255,5738,183402,96,227039
11933,0.011649,172.31.47.0-255,66,183468,96,227039
11934,0.013991,74.125.68.0-255,5738,189206,96,227039
11935,0.013998,172.31.47.0-255,66,189272,96,227039
11936,0.01633,74.125.68.0-255,5738,195010,96,227039
11937,0.016336,172.31.47.0-255,66,195076,96,227039
11938,0.018655,74.125.68.0-255,4320,199396,96,227039
11939,0.01866,172.31.47.0-255,66,199462,96,227039
11940,0.018676,74.125.68.0-255,1484,200946,96,227039
11941,0.02099,74.125.68.0-255,4320,205266,96,227039
11942,0.020997,172.31.47.0-255,66,205332,96,227039
11943,0.023347,74.125.68.0-255,5738,211070,96,227039
11944,0.023353,172.31.47.0-255,66,211136,96,227039
11945,0.024284,172.31.47.0-255,172,211308,96,227039
11946,0.02433,172.31.47.0-255,1111,212419,96,227039
11947,0.024436,172.31.47.0-255,1514,213933,96,227039
11948,0.024439,172.31.47.0-255,1300,215233,96,227039
11949,0.025686,74.125.68.0-255,5738,220971,96,227039
11950,0.025692,172.31.47.0-255,66,221037,96,227039
11951,0.025823,104.244.42.0-255,66,221103,96,227039
11952,0.025873,104.244.42.0-255,66,221169,96,227039
11953,0.025969,104.244.42.0-255,66,221235,96,227039
11954,0.028028,74.125.68.0-255,5738,226973,96,227039
11955,0.028035,172.31.47.0-255,66,227039,96,227039
11956,0.0,172.217.27.0-255,153,153,96,281359
11957,2.9e-05,172.31.47.0-255,66,219,96,281359
11958,3.5e-05,172.217.27.0-255,1484,1703,96,281359
11959,4e-05,172.31.47.0-255,66,1769,96,281359
11960,4.4e-05,172.217.27.0-255,2902,4671,96,281359
11961,4.7e-05,172.31.47.0-255,66,4737,96,281359
11962,5.7e-05,172.217.27.0-255,2902,7639,96,281359
11963,6e-05,172.31.47.0-255,66,7705,96,281359
11964,6.4e-05,172.217.27.0-255,4320,12025,96,281359
11965,6.7e-05,172.31.47.0-255,66,12091,96,281359
11966,9.5e-05,172.217.27.0-255,4320,16411,96,281359
11967,0.000104,172.31.47.0-255,66,16477,96,281359
11968,0.00012,172.217.27.0-255,4783,21260,96,281359
11969,0.000122,172.31.47.0-255,66,21326,96,281359
11970,0.000132,172.31.47.0-255,66,21392,96,281359
11971,0.000274,172.217.27.0-255,1484,22876,96,281359
11972,0.000278,172.31.47.0-255,66,22942,96,281359
11973,0.000283,172.217.27.0-255,2902,25844,96,281359
11974,0.000285,172.31.47.0-255,66,25910,96,281359
11975,0.000309,172.217.27.0-255,2902,28812,96,281359
11976,0.000313,172.31.47.0-255,66,28878,96,281359
11977,0.000318,172.217.27.0-255,4320,33198,96,281359
11978,0.00032,172.31.47.0-255,66,33264,96,281359
11979,0.000354,172.31.47.0-255,66,33330,96,281359
11980,0.000355,172.217.27.0-255,7156,40486,96,281359
11981,0.000358,172.31.47.0-255,66,40552,96,281359
11982,0.000405,172.217.27.0-255,2902,43454,96,281359
11983,0.000409,172.31.47.0-255,66,43520,96,281359
11984,0.000426,172.217.27.0-255,2866,46386,96,281359
11985,0.00043,172.31.47.0-255,66,46452,96,281359
11986,0.000583,172.217.27.0-255,119,46571,96,281359
11987,0.000712,172.217.27.0-255,1484,48055,96,281359
11988,0.000716,172.31.47.0-255,66,48121,96,281359
11989,0.000721,172.217.27.0-255,2902,51023,96,281359
11990,0.000724,172.31.47.0-255,66,51089,96,281359
11991,0.000728,172.217.27.0-255,2902,53991,96,281359
11992,0.000737,172.31.47.0-255,66,54057,96,281359
11993,0.000766,172.217.27.0-255,2902,56959,96,281359
11994,0.00077,172.31.47.0-255,66,57025,96,281359
11995,0.00078,172.31.47.0-255,66,57091,96,281359
11996,0.000791,172.31.47.0-255,66,57157,96,281359
11997,0.000796,172.217.27.0-255,4228,61385,96,281359
11998,0.000798,172.31.47.0-255,66,61451,96,281359
11999,0.001027,172.217.27.0-255,1484,62935,96,281359
12000,0.001041,172.217.27.0-255,2902,65837,96,281359
12001,0.001045,172.217.27.0-255,2902,68739,96,281359
12002,0.001046,172.31.47.0-255,66,68805,96,281359
12003,0.001049,172.31.47.0-255,66,68871,96,281359
12004,0.001076,172.217.27.0-255,2902,71773,96,281359
12005,0.001079,172.31.47.0-255,66,71839,96,281359
12006,0.001084,172.217.27.0-255,4320,76159,96,281359
12007,0.001086,172.31.47.0-255,66,76225,96,281359
12008,0.001093,172.217.27.0-255,5738,81963,96,281359
12009,0.001101,172.31.47.0-255,66,82029,96,281359
12010,0.001114,172.31.47.0-255,66,82095,96,281359
12011,0.001118,172.217.27.0-255,2184,84279,96,281359
12012,0.00112,172.31.47.0-255,66,84345,96,281359
12013,0.001161,172.217.27.0-255,2902,87247,96,281359
12014,0.001165,172.31.47.0-255,66,87313,96,281359
12015,0.001169,172.217.27.0-255,1484,88797,96,281359
12016,0.001191,172.217.27.0-255,2902,91699,96,281359
12017,0.001194,172.31.47.0-255,66,91765,96,281359
12018,0.00121,172.31.47.0-255,66,91831,96,281359
12019,0.001215,172.217.27.0-255,4320,96151,96,281359
12020,0.001218,172.31.47.0-255,66,96217,96,281359
12021,0.001256,172.31.47.0-255,66,96283,96,281359
12022,0.001259,172.217.27.0-255,766,97049,96,281359
12023,0.001283,172.217.27.0-255,1484,98533,96,281359
12024,0.001287,172.31.47.0-255,66,98599,96,281359
12025,0.001292,172.217.27.0-255,4320,102919,96,281359
12026,0.001295,172.31.47.0-255,66,102985,96,281359
12027,0.001325,172.31.47.0-255,66,103051,96,281359
12028,0.001331,172.217.27.0-255,5738,108789,96,281359
12029,0.001333,172.31.47.0-255,66,108855,96,281359
12030,0.001376,172.217.27.0-255,5738,114593,96,281359
12031,0.001379,172.31.47.0-255,66,114659,96,281359
12032,0.001408,172.217.27.0-255,6438,121097,96,281359
12033,0.001412,172.31.47.0-255,66,121163,96,281359
12034,0.001424,172.31.47.0-255,66,121229,96,281359
12035,0.00146,172.217.27.0-255,4320,125549,96,281359
12036,0.001464,172.31.47.0-255,66,125615,96,281359
12037,0.00147,172.217.27.0-255,5738,131353,96,281359
12038,0.001473,172.31.47.0-255,66,131419,96,281359
12039,0.00148,172.217.27.0-255,7156,138575,96,281359
12040,0.001483,172.31.47.0-255,66,138641,96,281359
12041,0.001493,172.31.47.0-255,66,138707,96,281359
12042,0.00156,172.217.27.0-255,5738,144445,96,281359
12043,0.001564,172.31.47.0-255,66,144511,96,281359
12044,0.001571,172.217.27.0-255,7156,151667,96,281359
12045,0.001573,172.31.47.0-255,66,151733,96,281359
12046,0.001592,172.31.47.0-255,66,151799,96,281359
12047,0.001599,172.217.27.0-255,6438,158237,96,281359
12048,0.001602,172.31.47.0-255,66,158303,96,281359
12049,0.00163,172.217.27.0-255,1484,159787,96,281359
12050,0.001652,172.217.27.0-255,2902,162689,96,281359
12051,0.001656,172.31.47.0-255,66,162755,96,281359
12052,0.001662,172.217.27.0-255,5738,168493,96,281359
12053,0.001664,172.31.47.0-255,66,168559,96,281359
12054,0.001696,172.217.27.0-255,7156,175715,96,281359
12055,0.001699,172.31.47.0-255,66,175781,96,281359
12056,0.003342,172.217.27.0-255,5738,181519,96,281359
12057,0.003347,172.31.47.0-255,66,181585,96,281359
12058,0.00499,172.217.27.0-255,5738,187323,96,281359
12059,0.004996,172.31.47.0-255,66,187389,96,281359
12060,0.006638,172.217.27.0-255,5738,193127,96,281359
12061,0.006644,172.31.47.0-255,66,193193,96,281359
12062,0.008296,172.217.27.0-255,5738,198931,96,281359
12063,0.008301,172.31.47.0-255,66,198997,96,281359
12064,0.009956,172.217.27.0-255,5738,204735,96,281359
12065,0.009963,172.31.47.0-255,66,204801,96,281359
12066,0.011617,172.217.27.0-255,5738,210539,96,281359
12067,0.011623,172.31.47.0-255,66,210605,96,281359
12068,0.013266,172.217.27.0-255,5738,216343,96,281359
12069,0.013272,172.31.47.0-255,66,216409,96,281359
12070,0.01494,172.217.27.0-255,5738,222147,96,281359
12071,0.014952,172.31.47.0-255,66,222213,96,281359
12072,0.016607,172.217.27.0-255,5738,227951,96,281359
12073,0.016615,172.31.47.0-255,66,228017,96,281359
12074,0.01826,172.217.27.0-255,5738,233755,96,281359
12075,0.018266,172.31.47.0-255,66,233821,96,281359
12076,0.019914,172.217.27.0-255,5738,239559,96,281359
12077,0.019921,172.31.47.0-255,66,239625,96,281359
12078,0.021563,172.217.27.0-255,5738,245363,96,281359
12079,0.021569,172.31.47.0-255,66,245429,96,281359
12080,0.023213,172.217.27.0-255,5738,251167,96,281359
12081,0.023218,172.31.47.0-255,66,251233,96,281359
12082,0.024858,172.217.27.0-255,5738,256971,96,281359
12083,0.024864,172.31.47.0-255,66,257037,96,281359
12084,0.026511,172.217.27.0-255,5738,262775,96,281359
12085,0.026518,172.31.47.0-255,66,262841,96,281359
12086,0.028161,172.217.27.0-255,5738,268579,96,281359
12087,0.028166,172.31.47.0-255,66,268645,96,281359
12088,0.028667,172.31.47.0-255,172,268817,96,281359
12089,0.028703,172.31.47.0-255,1109,269926,96,281359
12090,0.028869,172.31.47.0-255,1514,271440,96,281359
12091,0.028871,172.31.47.0-255,1514,272954,96,281359
12092,0.028875,172.31.47.0-255,1514,274468,96,281359
12093,0.028875,172.31.47.0-255,1087,275555,96,281359
12094,0.029812,172.217.27.0-255,5738,281293,96,281359
12095,0.029816,172.31.47.0-255,66,281359,96,281359
12096,0.0,74.125.200.0-255,304,304,96,260139
12097,1.7e-05,172.31.47.0-255,66,370,96,260139
12098,2.3e-05,74.125.200.0-255,1484,1854,96,260139
12099,2.8e-05,172.31.47.0-255,66,1920,96,260139
12100,4.1e-05,74.125.200.0-255,2902,4822,96,260139
12101,4.5e-05,172.31.47.0-255,66,4888,96,260139
12102,5.1e-05,74.125.200.0-255,4320,9208,96,260139
12103,5.4e-05,172.31.47.0-255,66,9274,96,260139
12104,7.4e-05,74.125.200.0-255,1484,10758,96,260139
12105,7.6e-05,172.31.47.0-255,66,10824,96,260139
12106,8.8e-05,74.125.200.0-255,4682,15506,96,260139
12107,9.1e-05,172.31.47.0-255,66,15572,96,260139
12108,9.4e-05,74.125.200.0-255,1484,17056,96,260139
12109,9.6e-05,172.31.47.0-255,66,17122,96,260139
12110,0.00013,74.125.200.0-255,4320,21442,96,260139
12111,0.000133,172.31.47.0-255,66,21508,96,260139
12112,0.000139,74.125.200.0-255,4320,25828,96,260139
12113,0.000141,172.31.47.0-255,66,25894,96,260139
12114,0.00018,74.125.200.0-255,5379,31273,96,260139
12115,0.000184,172.31.47.0-255,66,31339,96,260139
12116,0.000217,74.125.200.0-255,1484,32823,96,260139
12117,0.000219,172.31.47.0-255,66,32889,96,260139
12118,0.000246,74.125.200.0-255,2902,35791,96,260139
12119,0.000249,172.31.47.0-255,66,35857,96,260139
12120,0.000282,74.125.200.0-255,2902,38759,96,260139
12121,0.000285,172.31.47.0-255,66,38825,96,260139
12122,0.000313,74.125.200.0-255,2902,41727,96,260139
12123,0.000315,172.31.47.0-255,66,41793,96,260139
12124,0.00032,74.125.200.0-255,2902,44695,96,260139
12125,0.000322,172.31.47.0-255,66,44761,96,260139
12126,0.000332,74.125.200.0-255,3961,48722,96,260139
12127,0.000334,172.31.47.0-255,66,48788,96,260139
12128,0.000338,74.125.200.0-255,2902,51690,96,260139
12129,0.000341,172.31.47.0-255,66,51756,96,260139
12130,0.000374,74.125.200.0-255,4320,56076,96,260139
12131,0.000377,172.31.47.0-255,66,56142,96,260139
12132,0.000382,74.125.200.0-255,4320,60462,96,260139
12133,0.000384,172.31.47.0-255,66,60528,96,260139
12134,0.000388,74.125.200.0-255,1484,62012,96,260139
12135,0.000412,74.125.200.0-255,4274,66286,96,260139
12136,0.000415,172.31.47.0-255,66,66352,96,260139
12137,0.000441,74.125.200.0-255,109,66461,96,260139
12138,0.000561,74.125.200.0-255,1484,67945,96,260139
12139,0.000566,172.31.47.0-255,66,68011,96,260139
12140,0.000572,74.125.200.0-255,2902,70913,96,260139
12141,0.000574,172.31.47.0-255,66,70979,96,260139
12142,0.000585,74.125.200.0-255,4320,75299,96,260139
12143,0.000588,172.31.47.0-255,66,75365,96,260139
12144,0.00062,74.125.200.0-255,5738,81103,96,260139
12145,0.000623,172.31.47.0-255,66,81169,96,260139
12146,0.000652,74.125.200.0-255,3961,85130,96,260139
12147,0.000655,172.31.47.0-255,66,85196,96,260139
12148,0.000661,74.125.200.0-255,4320,89516,96,260139
12149,0.000663,172.31.47.0-255,66,89582,96,260139
12150,0.000689,74.125.200.0-255,2902,92484,96,260139
12151,0.000692,172.31.47.0-255,66,92550,96,260139
12152,0.000717,172.31.47.0-255,66,92616,96,260139
12153,0.001207,74.125.200.0-255,1484,94100,96,260139
12154,0.001213,74.125.200.0-255,2902,97002,96,260139
12155,0.001218,172.31.47.0-255,66,97068,96,260139
12156,0.001248,74.125.200.0-255,5738,102806,96,260139
12157,0.001251,172.31.47.0-255,66,102872,96,260139
12158,0.001257,74.125.200.0-255,5738,108610,96,260139
12159,0.001259,172.31.47.0-255,66,108676,96,260139
12160,0.001276,74.125.200.0-255,1484,110160,96,260139
12161,0.001295,74.125.200.0-255,7156,117316,96,260139
12162,0.001298,172.31.47.0-255,66,117382,96,260139
12163,0.001323,74.125.200.0-255,2902,120284,96,260139
12164,0.001326,172.31.47.0-255,66,120350,96,260139
12165,0.001329,74.125.200.0-255,1484,121834,96,260139
12166,0.001354,74.125.200.0-255,5020,126854,96,260139
12167,0.001357,172.31.47.0-255,66,126920,96,260139
12168,0.001617,74.125.200.0-255,1484,128404,96,260139
12169,0.001636,74.125.200.0-255,2902,131306,96,260139
12170,0.00164,172.31.47.0-255,66,131372,96,260139
12171,0.001645,74.125.200.0-255,2902,134274,96,260139
12172,0.001647,172.31.47.0-255,66,134340,96,260139
12173,0.001694,74.125.200.0-255,1484,135824,96,260139
12174,0.001706,172.31.47.0-255,66,135890,96,260139
12175,0.001716,172.31.47.0-255,66,135956,96,260139
12176,0.001757,172.31.47.0-255,66,136022,96,260139
12177,0.001977,74.125.200.0-255,1484,137506,96,260139
12178,0.001982,74.125.200.0-255,1484,138990,96,260139
12179,0.001985,172.31.47.0-255,66,139056,96,260139
12180,0.002015,74.125.200.0-255,1484,140540,96,260139
12181,0.002021,74.125.200.0-255,4320,144860,96,260139
12182,0.002023,172.31.47.0-255,66,144926,96,260139
12183,0.002042,74.125.200.0-255,5738,150664,96,260139
12184,0.002044,172.31.47.0-255,66,150730,96,260139
12185,0.002063,74.125.200.0-255,2902,153632,96,260139
12186,0.002066,172.31.47.0-255,66,153698,96,260139
12187,0.00207,74.125.200.0-255,2902,156600,96,260139
12188,0.002073,172.31.47.0-255,66,156666,96,260139
12189,0.002078,74.125.200.0-255,4320,160986,96,260139
12190,0.00208,172.31.47.0-255,66,161052,96,260139
12191,0.002126,172.31.47.0-255,66,161118,96,260139
12192,0.00213,74.125.200.0-255,2184,163302,96,260139
12193,0.002132,172.31.47.0-255,66,163368,96,260139
12194,0.002136,74.125.200.0-255,2902,166270,96,260139
12195,0.002138,172.31.47.0-255,66,166336,96,260139
12196,0.002145,74.125.200.0-255,7156,173492,96,260139
12197,0.002147,172.31.47.0-255,66,173558,96,260139
12198,0.002151,74.125.200.0-255,2902,176460,96,260139
12199,0.002153,172.31.47.0-255,66,176526,96,260139
12200,0.002157,74.125.200.0-255,1484,178010,96,260139
12201,0.002189,74.125.200.0-255,2902,180912,96,260139
12202,0.002192,172.31.47.0-255,66,180978,96,260139
12203,0.002202,172.31.47.0-255,66,181044,96,260139
12204,0.002211,74.125.200.0-255,2902,183946,96,260139
12205,0.002214,172.31.47.0-255,66,184012,96,260139
12206,0.002273,74.125.200.0-255,3602,187614,96,260139
12207,0.002276,172.31.47.0-255,66,187680,96,260139
12208,0.002299,74.125.200.0-255,1484,189164,96,260139
12209,0.002337,74.125.200.0-255,2902,192066,96,260139
12210,0.002341,172.31.47.0-255,66,192132,96,260139
12211,0.004613,74.125.200.0-255,1484,193616,96,260139
12212,0.004661,74.125.200.0-255,4320,197936,96,260139
12213,0.004667,172.31.47.0-255,66,198002,96,260139
12214,0.007006,74.125.200.0-255,5738,203740,96,260139
12215,0.00701,172.31.47.0-255,66,203806,96,260139
12216,0.009367,74.125.200.0-255,5738,209544,96,260139
12217,0.009375,172.31.47.0-255,66,209610,96,260139
12218,0.011711,74.125.200.0-255,5738,215348,96,260139
12219,0.011717,172.31.47.0-255,66,215414,96,260139
12220,0.014062,74.125.200.0-255,5738,221152,96,260139
12221,0.014069,172.31.47.0-255,66,221218,96,260139
12222,0.0164,74.125.200.0-255,5738,226956,96,260139
12223,0.016409,172.31.47.0-255,66,227022,96,260139
12224,0.018748,74.125.200.0-255,5738,232760,96,260139
12225,0.018757,172.31.47.0-255,66,232826,96,260139
12226,0.021085,74.125.200.0-255,5738,238564,96,260139
12227,0.021092,172.31.47.0-255,66,238630,96,260139
12228,0.023427,74.125.200.0-255,5738,244368,96,260139
12229,0.023433,172.31.47.0-255,66,244434,96,260139
12230,0.025768,74.125.200.0-255,5738,250172,96,260139
12231,0.025776,172.31.47.0-255,66,250238,96,260139
12232,0.028102,74.125.200.0-255,5738,255976,96,260139
12233,0.02811,172.31.47.0-255,66,256042,96,260139
12234,0.029547,172.31.47.0-255,172,256214,96,260139
12235,0.029573,172.31.47.0-255,1110,257324,96,260139
12236,0.029625,172.31.47.0-255,1514,258838,96,260139
12237,0.029627,172.31.47.0-255,1301,260139,96,260139
12238,0.0,74.125.130.0-255,153,153,96,243279
12239,3.6e-05,172.31.47.0-255,66,219,96,243279
12240,4.3e-05,74.125.130.0-255,1484,1703,96,243279
12241,4.8e-05,172.31.47.0-255,66,1769,96,243279
12242,5.4e-05,74.125.130.0-255,2902,4671,96,243279
12243,5.6e-05,172.31.47.0-255,66,4737,96,243279
12244,7.2e-05,74.125.130.0-255,7156,11893,96,243279
12245,7.5e-05,172.31.47.0-255,66,11959,96,243279
12246,7.9e-05,74.125.130.0-255,1992,13951,96,243279
12247,8.2e-05,172.31.47.0-255,66,14017,96,243279
12248,0.000213,74.125.130.0-255,1484,15501,96,243279
12249,0.000218,172.31.47.0-255,66,15567,96,243279
12250,0.000225,74.125.130.0-255,2902,18469,96,243279
12251,0.000227,172.31.47.0-255,66,18535,96,243279
12252,0.000251,74.125.130.0-255,5738,24273,96,243279
12253,0.000253,172.31.47.0-255,66,24339,96,243279
12254,0.000265,74.125.130.0-255,6797,31136,96,243279
12255,0.000269,172.31.47.0-255,66,31202,96,243279
12256,0.000312,74.125.130.0-255,1484,32686,96,243279
12257,0.000315,172.31.47.0-255,66,32752,96,243279
12258,0.000321,74.125.130.0-255,2902,35654,96,243279
12259,0.000323,172.31.47.0-255,66,35720,96,243279
12260,0.000326,74.125.130.0-255,1484,37204,96,243279
12261,0.000328,172.31.47.0-255,66,37270,96,243279
12262,0.000358,74.125.130.0-255,4320,41590,96,243279
12263,0.000362,172.31.47.0-255,66,41656,96,243279
12264,0.000365,74.125.130.0-255,1484,43140,96,243279
12265,0.000366,172.31.47.0-255,66,43206,96,243279
12266,0.000392,74.125.130.0-255,5379,48585,96,243279
12267,0.000396,172.31.47.0-255,66,48651,96,243279
12268,0.000952,74.125.130.0-255,1484,50135,96,243279
12269,0.000958,172.31.47.0-255,66,50201,96,243279
12270,0.000968,74.125.130.0-255,2902,53103,96,243279
12271,0.000971,172.31.47.0-255,66,53169,96,243279
12272,0.000984,74.125.130.0-255,5738,58907,96,243279
12273,0.000987,172.31.47.0-255,66,58973,96,243279
12274,0.000995,74.125.130.0-255,6797,65770,96,243279
12275,0.000997,172.31.47.0-255,66,65836,96,243279
12276,0.001142,74.125.130.0-255,1484,67320,96,243279
12277,0.00115,74.125.130.0-255,2902,70222,96,243279
12278,0.001154,172.31.47.0-255,66,70288,96,243279
12279,0.001161,74.125.130.0-255,5738,76026,96,243279
12280,0.001163,172.31.47.0-255,66,76092,96,243279
12281,0.00117,74.125.130.0-255,5738,81830,96,243279
12282,0.001178,172.31.47.0-255,66,81896,96,243279
12283,0.001215,74.125.130.0-255,1125,83021,96,243279
12284,0.001225,74.125.130.0-255,7156,90177,96,243279
12285,0.001228,172.31.47.0-255,66,90243,96,243279
12286,0.001238,172.31.47.0-255,66,90309,96,243279
12287,0.001268,74.125.130.0-255,1706,92015,96,243279
12288,0.001272,172.31.47.0-255,66,92081,96,243279
12289,0.001433,74.125.130.0-255,1484,93565,96,243279
12290,0.00144,74.125.130.0-255,2902,96467,96,243279
12291,0.001444,172.31.47.0-255,66,96533,96,243279
12292,0.00148,74.125.130.0-255,5738,102271,96,243279
12293,0.001484,172.31.47.0-255,66,102337,96,243279
12294,0.001489,74.125.130.0-255,1484,103821,96,243279
12295,0.001495,74.125.130.0-255,2902,106723,96,243279
12296,0.001497,172.31.47.0-255,66,106789,96,243279
12297,0.001509,74.125.130.0-255,5738,112527,96,243279
12298,0.001512,172.31.47.0-255,66,112593,96,243279
12299,0.001537,74.125.130.0-255,5738,118331,96,243279
12300,0.001542,172.31.47.0-255,66,118397,96,243279
12301,0.001562,74.125.130.0-255,4320,122717,96,243279
12302,0.001564,172.31.47.0-255,66,122783,96,243279
12303,0.001567,74.125.130.0-255,1484,124267,96,243279
12304,0.001595,74.125.130.0-255,2184,126451,96,243279
12305,0.001598,172.31.47.0-255,66,126517,96,243279
12306,0.001631,74.125.130.0-255,1484,128001,96,243279
12307,0.00165,74.125.130.0-255,2902,130903,96,243279
12308,0.001654,172.31.47.0-255,66,130969,96,243279
12309,0.001681,74.125.130.0-255,5738,136707,96,243279
12310,0.001685,172.31.47.0-255,66,136773,96,243279
12311,0.001688,74.125.130.0-255,2902,139675,96,243279
12312,0.001691,172.31.47.0-255,66,139741,96,243279
12313,0.001721,172.31.47.0-255,66,139807,96,243279
12314,0.001752,74.125.130.0-255,2902,142709,96,243279
12315,0.001756,172.31.47.0-255,66,142775,96,243279
12316,0.001765,74.125.130.0-255,2902,145677,96,243279
12317,0.00177,172.31.47.0-255,66,145743,96,243279
12318,0.001773,74.125.130.0-255,1484,147227,96,243279
12319,0.001799,74.125.130.0-255,3602,150829,96,243279
12320,0.001802,172.31.47.0-255,66,150895,96,243279
12321,0.002102,74.125.130.0-255,1484,152379,96,243279
12322,0.002108,74.125.130.0-255,2902,155281,96,243279
12323,0.002111,172.31.47.0-255,66,155347,96,243279
12324,0.002139,74.125.130.0-255,5738,161085,96,243279
12325,0.002141,172.31.47.0-255,66,161151,96,243279
12326,0.002144,74.125.130.0-255,1484,162635,96,243279
12327,0.002174,74.125.130.0-255,5738,168373,96,243279
12328,0.002176,172.31.47.0-255,66,168439,96,243279
12329,0.002245,172.31.47.0-255,66,168505,96,243279
12330,0.002262,74.125.130.0-255,2184,170689,96,243279
12331,0.002264,172.31.47.0-255,66,170755,96,243279
12332,0.004489,74.125.130.0-255,5738,176493,96,243279
12333,0.004495,172.31.47.0-255,66,176559,96,243279
12334,0.006742,74.125.130.0-255,5738,182297,96,243279
12335,0.00675,172.31.47.0-255,66,182363,96,243279
12336,0.009022,74.125.130.0-255,5738,188101,96,243279
12337,0.009042,172.31.47.0-255,66,188167,96,243279
12338,0.011313,74.125.130.0-255,5738,193905,96,243279
12339,0.01133,172.31.47.0-255,66,193971,96,243279
12340,0.013593,74.125.130.0-255,5738,199709,96,243279
12341,0.013608,172.31.47.0-255,66,199775,96,243279
12342,0.015855,74.125.130.0-255,5738,205513,96,243279
12343,0.015864,172.31.47.0-255,66,205579,96,243279
12344,0.018124,74.125.130.0-255,1484,207063,96,243279
12345,0.018148,74.125.130.0-255,4320,211383,96,243279
12346,0.018153,172.31.47.0-255,66,211449,96,243279
12347,0.020402,74.125.130.0-255,4320,215769,96,243279
12348,0.020411,172.31.47.0-255,66,215835,96,243279
12349,0.020442,74.125.130.0-255,1484,217319,96,243279
12350,0.022671,74.125.130.0-255,4320,221639,96,243279
12351,0.022681,172.31.47.0-255,66,221705,96,243279
12352,0.024952,74.125.130.0-255,5738,227443,96,243279
12353,0.024963,172.31.47.0-255,66,227509,96,243279
12354,0.027208,74.125.130.0-255,5738,233247,96,243279
12355,0.027215,172.31.47.0-255,66,233313,96,243279
12356,0.028303,172.31.47.0-255,171,233484,96,243279
12357,0.02833,172.31.47.0-255,1134,234618,96,243279
12358,0.028378,172.31.47.0-255,1514,236132,96,243279
12359,0.028398,172.31.47.0-255,1277,237409,96,243279
12360,0.029462,74.125.130.0-255,5738,243147,96,243279
12361,0.029468,172.31.47.0-255,66,243213,96,243279
12362,0.029864,104.244.42.0-255,66,243279,96,243279
12363,0.0,74.125.24.0-255,153,153,96,250657
12364,4.3e-05,172.31.47.0-255,66,219,96,250657
12365,5e-05,74.125.24.0-255,1484,1703,96,250657
12366,5.5e-05,172.31.47.0-255,66,1769,96,250657
12367,5.7e-05,74.125.24.0-255,1484,3253,96,250657
12368,6.7e-05,172.31.47.0-255,66,3319,96,250657
12369,7.4e-05,74.125.24.0-255,4320,7639,96,250657
12370,7.7e-05,172.31.47.0-255,66,7705,96,250657
12371,8.3e-05,74.125.24.0-255,6426,14131,96,250657
12372,8.6e-05,172.31.47.0-255,66,14197,96,250657
12373,0.000197,74.125.24.0-255,1484,15681,96,250657
12374,0.000202,172.31.47.0-255,66,15747,96,250657
12375,0.000208,74.125.24.0-255,2902,18649,96,250657
12376,0.00021,172.31.47.0-255,66,18715,96,250657
12377,0.000241,74.125.24.0-255,5738,24453,96,250657
12378,0.000244,172.31.47.0-255,66,24519,96,250657
12379,0.000251,74.125.24.0-255,5738,30257,96,250657
12380,0.000253,172.31.47.0-255,66,30323,96,250657
12381,0.000281,74.125.24.0-255,7156,37479,96,250657
12382,0.000285,172.31.47.0-255,66,37545,96,250657
12383,0.000317,74.125.24.0-255,6797,44342,96,250657
12384,0.000323,172.31.47.0-255,66,44408,96,250657
12385,0.000324,74.125.24.0-255,7156,51564,96,250657
12386,0.000327,172.31.47.0-255,66,51630,96,250657
12387,0.000374,172.31.47.0-255,66,51696,96,250657
12388,0.000381,74.125.24.0-255,5020,56716,96,250657
12389,0.000383,172.31.47.0-255,66,56782,96,250657
12390,0.000427,74.125.24.0-255,707,57489,96,250657
12391,0.00043,172.31.47.0-255,66,57555,96,250657
12392,0.000606,74.125.24.0-255,1484,59039,96,250657
12393,0.00061,172.31.47.0-255,66,59105,96,250657
12394,0.000615,74.125.24.0-255,2902,62007,96,250657
12395,0.000618,172.31.47.0-255,66,62073,96,250657
12396,0.000621,74.125.24.0-255,1484,63557,96,250657
12397,0.000655,74.125.24.0-255,4320,67877,96,250657
12398,0.000658,172.31.47.0-255,66,67943,96,250657
12399,0.000665,74.125.24.0-255,7156,75099,96,250657
12400,0.000667,172.31.47.0-255,66,75165,96,250657
12401,0.000685,172.31.47.0-255,66,75231,96,250657
12402,0.000717,74.125.24.0-255,4320,79551,96,250657
12403,0.000721,172.31.47.0-255,66,79617,96,250657
12404,0.000725,74.125.24.0-255,2184,81801,96,250657
12405,0.000727,172.31.47.0-255,66,81867,96,250657
12406,0.00136,74.125.24.0-255,1484,83351,96,250657
12407,0.00137,74.125.24.0-255,2902,86253,96,250657
12408,0.001374,172.31.47.0-255,66,86319,96,250657
12409,0.00138,74.125.24.0-255,5738,92057,96,250657
12410,0.001382,172.31.47.0-255,66,92123,96,250657
12411,0.001405,74.125.24.0-255,5738,97861,96,250657
12412,0.001408,172.31.47.0-255,66,97927,96,250657
12413,0.001451,74.125.24.0-255,5738,103665,96,250657
12414,0.001454,172.31.47.0-255,66,103731,96,250657
12415,0.001482,74.125.24.0-255,7156,110887,96,250657
12416,0.001485,172.31.47.0-255,66,110953,96,250657
12417,0.001507,74.125.24.0-255,4320,115273,96,250657
12418,0.001509,172.31.47.0-255,66,115339,96,250657
12419,0.00152,74.125.24.0-255,766,116105,96,250657
12420,0.001601,74.125.24.0-255,1484,117589,96,250657
12421,0.001605,172.31.47.0-255,66,117655,96,250657
12422,0.001624,74.125.24.0-255,2902,120557,96,250657
12423,0.001626,172.31.47.0-255,66,120623,96,250657
12424,0.001631,74.125.24.0-255,5738,126361,96,250657
12425,0.001633,172.31.47.0-255,66,126427,96,250657
12426,0.001668,172.31.47.0-255,66,126493,96,250657
12427,0.001691,74.125.24.0-255,1484,127977,96,250657
12428,0.0017,172.31.47.0-255,66,128043,96,250657
12429,0.001711,74.125.24.0-255,2902,130945,96,250657
12430,0.001713,172.31.47.0-255,66,131011,96,250657
12431,0.001747,172.31.47.0-255,66,131077,96,250657
12432,0.001774,74.125.24.0-255,3602,134679,96,250657
12433,0.001776,172.31.47.0-255,66,134745,96,250657
12434,0.001778,74.125.24.0-255,1484,136229,96,250657
12435,0.001791,172.31.47.0-255,66,136295,96,250657
12436,0.001814,74.125.24.0-255,4320,140615,96,250657
12437,0.001816,172.31.47.0-255,66,140681,96,250657
12438,0.001818,74.125.24.0-255,1484,142165,96,250657
12439,0.001838,74.125.24.0-255,4320,146485,96,250657
12440,0.00184,172.31.47.0-255,66,146551,96,250657
12441,0.001852,74.125.24.0-255,4320,150871,96,250657
12442,0.001853,172.31.47.0-255,66,150937,96,250657
12443,0.001873,74.125.24.0-255,7156,158093,96,250657
12444,0.001875,172.31.47.0-255,66,158159,96,250657
12445,0.001889,172.31.47.0-255,66,158225,96,250657
12446,0.001913,74.125.24.0-255,2902,161127,96,250657
12447,0.001915,172.31.47.0-255,66,161193,96,250657
12448,0.001964,172.31.47.0-255,66,161259,96,250657
12449,0.001976,74.125.24.0-255,2902,164161,96,250657
12450,0.001981,172.31.47.0-255,66,164227,96,250657
12451,0.001998,172.31.47.0-255,66,164293,96,250657
12452,0.002003,74.125.24.0-255,5020,169313,96,250657
12453,0.002005,172.31.47.0-255,66,169379,96,250657
12454,0.002007,74.125.24.0-255,1484,170863,96,250657
12455,0.002029,172.31.47.0-255,66,170929,96,250657
12456,0.002065,172.31.47.0-255,66,170995,96,250657
12457,0.002074,172.31.47.0-255,66,171061,96,250657
12458,0.002103,74.125.24.0-255,2902,173963,96,250657
12459,0.002105,172.31.47.0-255,78,174041,96,250657
12460,0.002125,172.31.47.0-255,78,174119,96,250657
12461,0.002147,74.125.24.0-255,1484,175603,96,250657
12462,0.002149,172.31.47.0-255,66,175669,96,250657
12463,0.00414,74.125.24.0-255,4320,179989,96,250657
12464,0.004145,172.31.47.0-255,66,180055,96,250657
12465,0.004181,74.125.24.0-255,1484,181539,96,250657
12466,0.00616,74.125.24.0-255,4320,185859,96,250657
12467,0.006164,172.31.47.0-255,66,185925,96,250657
12468,0.008177,74.125.24.0-255,4320,190245,96,250657
12469,0.008183,172.31.47.0-255,66,190311,96,250657
12470,0.008208,74.125.24.0-255,1484,191795,96,250657
12471,0.010213,74.125.24.0-255,4320,196115,96,250657
12472,0.010222,172.31.47.0-255,66,196181,96,250657
12473,0.01227,74.125.24.0-255,5738,201919,96,250657
12474,0.012277,172.31.47.0-255,66,201985,96,250657
12475,0.014282,74.125.24.0-255,5738,207723,96,250657
12476,0.014288,172.31.47.0-255,66,207789,96,250657
12477,0.016353,74.125.24.0-255,5738,213527,96,250657
12478,0.016361,172.31.47.0-255,66,213593,96,250657
12479,0.01837,74.125.24.0-255,5738,219331,96,250657
12480,0.018376,172.31.47.0-255,66,219397,96,250657
12481,0.019354,172.31.47.0-255,172,219569,96,250657
12482,0.019382,172.31.47.0-255,1109,220678,96,250657
12483,0.019427,172.31.47.0-255,1514,222192,96,250657
12484,0.019429,172.31.47.0-255,335,222527,96,250657
12485,0.020415,74.125.24.0-255,5738,228265,96,250657
12486,0.020422,172.31.47.0-255,66,228331,96,250657
12487,0.020871,104.244.42.0-255,66,228397,96,250657
12488,0.020965,104.244.42.0-255,66,228463,96,250657
12489,0.020969,104.244.42.0-255,66,228529,96,250657
12490,0.022411,74.125.24.0-255,2902,231431,96,250657
12491,0.022415,172.31.47.0-255,66,231497,96,250657
12492,0.022443,74.125.24.0-255,2902,234399,96,250657
12493,0.022446,172.31.47.0-255,66,234465,96,250657
12494,0.024434,74.125.24.0-255,2902,237367,96,250657
12495,0.024439,172.31.47.0-255,66,237433,96,250657
12496,0.024472,74.125.24.0-255,2902,240335,96,250657
12497,0.024476,172.31.47.0-255,66,240401,96,250657
12498,0.026488,74.125.24.0-255,4320,244721,96,250657
12499,0.026494,172.31.47.0-255,66,244787,96,250657
12500,0.026529,74.125.24.0-255,1484,246271,96,250657
12501,0.028535,74.125.24.0-255,4320,250591,96,250657
12502,0.028542,172.31.47.0-255,66,250657,96,250657
12503,0.0,172.217.24.0-255,153,153,96,162672
12504,3.3e-05,172.31.47.0-255,66,219,96,162672
12505,4e-05,172.217.24.0-255,1484,1703,96,162672
12506,4.5e-05,172.31.47.0-255,66,1769,96,162672
12507,4.9e-05,172.217.24.0-255,2902,4671,96,162672
12508,5.2e-05,172.31.47.0-255,66,4737,96,162672
12509,5.7e-05,172.217.24.0-255,5738,10475,96,162672
12510,6e-05,172.31.47.0-255,66,10541,96,162672
12511,0.000109,172.217.24.0-255,3401,13942,96,162672
12512,0.000112,172.31.47.0-255,66,14008,96,162672
12513,0.000129,172.217.24.0-255,1484,15492,96,162672
12514,0.000132,172.31.47.0-255,66,15558,96,162672
12515,0.000135,172.217.24.0-255,1484,17042,96,162672
12516,0.000137,172.31.47.0-255,66,17108,96,162672
12517,0.000149,172.217.24.0-255,1484,18592,96,162672
12518,0.000151,172.31.47.0-255,66,18658,96,162672
12519,0.000158,172.217.24.0-255,5738,24396,96,162672
12520,0.00016,172.31.47.0-255,66,24462,96,162672
12521,0.000185,172.217.24.0-255,2902,27364,96,162672
12522,0.000187,172.31.47.0-255,66,27430,96,162672
12523,0.000208,172.217.24.0-255,3961,31391,96,162672
12524,0.000211,172.31.47.0-255,66,31457,96,162672
12525,0.000249,172.217.24.0-255,1484,32941,96,162672
12526,0.000252,172.31.47.0-255,66,33007,96,162672
12527,0.000256,172.217.24.0-255,1484,34491,96,162672
12528,0.000259,172.31.47.0-255,66,34557,96,162672
12529,0.000275,172.217.24.0-255,1484,36041,96,162672
12530,0.000277,172.31.47.0-255,66,36107,96,162672
12531,0.000283,172.217.24.0-255,5738,41845,96,162672
12532,0.000286,172.31.47.0-255,66,41911,96,162672
12533,0.000289,172.217.24.0-255,2902,44813,96,162672
12534,0.000291,172.31.47.0-255,66,44879,96,162672
12535,0.00031,172.217.24.0-255,3961,48840,96,162672
12536,0.000317,172.31.47.0-255,66,48906,96,162672
12537,0.000343,172.217.24.0-255,1484,50390,96,162672
12538,0.000364,172.217.24.0-255,2902,53292,96,162672
12539,0.000368,172.217.24.0-255,1484,54776,96,162672
12540,0.000377,172.31.47.0-255,66,54842,96,162672
12541,0.000386,172.217.24.0-255,4320,59162,96,162672
12542,0.000393,172.217.24.0-255,6797,65959,96,162672
12543,0.000393,172.31.47.0-255,66,66025,96,162672
12544,0.000399,172.31.47.0-255,66,66091,96,162672
12545,0.000412,172.217.24.0-255,392,66483,96,162672
12546,0.000832,172.31.47.0-255,66,66549,96,162672
12547,0.001437,172.217.24.0-255,118,66667,96,162672
12548,0.001481,172.217.24.0-255,1484,68151,96,162672
12549,0.001486,172.31.47.0-255,66,68217,96,162672
12550,0.001494,172.217.24.0-255,2902,71119,96,162672
12551,0.001503,172.217.24.0-255,7156,78275,96,162672
12552,0.001522,172.217.24.0-255,5738,84013,96,162672
12553,0.001544,172.217.24.0-255,4320,88333,96,162672
12554,0.001559,172.217.24.0-255,2902,91235,96,162672
12555,0.005213,172.31.47.0-255,66,91301,96,162672
12556,0.007213,172.217.24.0-255,5738,97039,96,162672
12557,0.007222,172.31.47.0-255,66,97105,96,162672
12558,0.009204,172.217.24.0-255,4320,101425,96,162672
12559,0.00921,172.31.47.0-255,66,101491,96,162672
12560,0.009227,172.217.24.0-255,1484,102975,96,162672
12561,0.011193,172.217.24.0-255,4320,107295,96,162672
12562,0.0112,172.31.47.0-255,66,107361,96,162672
12563,0.0132,172.217.24.0-255,5738,113099,96,162672
12564,0.013244,172.31.47.0-255,66,113165,96,162672
12565,0.015229,172.217.24.0-255,5738,118903,96,162672
12566,0.015235,172.31.47.0-255,66,118969,96,162672
12567,0.017236,172.217.24.0-255,5738,124707,96,162672
12568,0.017247,172.31.47.0-255,66,124773,96,162672
12569,0.019242,172.217.24.0-255,5738,130511,96,162672
12570,0.019251,172.31.47.0-255,66,130577,96,162672
12571,0.021241,172.217.24.0-255,5738,136315,96,162672
12572,0.021248,172.31.47.0-255,66,136381,96,162672
12573,0.023243,172.217.24.0-255,5738,142119,96,162672
12574,0.02325,172.31.47.0-255,66,142185,96,162672
12575,0.025226,172.217.24.0-255,5738,147923,96,162672
12576,0.025226,172.31.47.0-255,172,148095,96,162672
12577,0.02523,172.31.47.0-255,66,148161,96,162672
12578,0.025247,172.31.47.0-255,1110,149271,96,162672
12579,0.025287,172.31.47.0-255,1514,150785,96,162672
12580,0.025288,172.31.47.0-255,1301,152086,96,162672
12581,0.026749,104.244.42.0-255,66,152152,96,162672
12582,0.026786,104.244.42.0-255,66,152218,96,162672
12583,0.026832,104.244.42.0-255,66,152284,96,162672
12584,0.02721,172.217.24.0-255,4320,156604,96,162672
12585,0.027213,172.31.47.0-255,66,156670,96,162672
12586,0.027241,172.217.24.0-255,1484,158154,96,162672
12587,0.029185,172.217.24.0-255,1484,159638,96,162672
12588,0.02919,172.31.47.0-255,66,159704,96,162672
12589,0.029223,172.217.24.0-255,2902,162606,96,162672
12590,0.02923,172.31.47.0-255,66,162672,96,162672
12591,0.0,172.217.27.0-255,153,153,96,203469
12592,1.5e-05,172.31.47.0-255,66,219,96,203469
12593,2e-05,172.217.27.0-255,1484,1703,96,203469
12594,2.4e-05,172.31.47.0-255,66,1769,96,203469
12595,2.9e-05,172.217.27.0-255,2902,4671,96,203469
12596,3.1e-05,172.31.47.0-255,66,4737,96,203469
12597,3.5e-05,172.217.27.0-255,2902,7639,96,203469
12598,3.7e-05,172.31.47.0-255,66,7705,96,203469
12599,4.1e-05,172.217.27.0-255,2902,10607,96,203469
12600,4.3e-05,172.31.47.0-255,66,10673,96,203469
12601,6.6e-05,172.217.27.0-255,1484,12157,96,203469
12602,6.8e-05,172.31.47.0-255,66,12223,96,203469
12603,8.3e-05,172.217.27.0-255,2011,14234,96,203469
12604,8.5e-05,172.31.47.0-255,66,14300,96,203469
12605,0.000243,172.217.27.0-255,1484,15784,96,203469
12606,0.000248,172.31.47.0-255,66,15850,96,203469
12607,0.00026,172.217.27.0-255,2902,18752,96,203469
12608,0.000262,172.31.47.0-255,66,18818,96,203469
12609,0.000265,172.217.27.0-255,1484,20302,96,203469
12610,0.000267,172.31.47.0-255,66,20368,96,203469
12611,0.000285,172.217.27.0-255,2902,23270,96,203469
12612,0.000288,172.31.47.0-255,66,23336,96,203469
12613,0.000314,172.217.27.0-255,5738,29074,96,203469
12614,0.000317,172.31.47.0-255,66,29140,96,203469
12615,0.000376,172.217.27.0-255,2543,31683,96,203469
12616,0.000379,172.31.47.0-255,66,31749,96,203469
12617,0.000498,172.217.27.0-255,1484,33233,96,203469
12618,0.000501,172.31.47.0-255,66,33299,96,203469
12619,0.000505,172.217.27.0-255,1484,34783,96,203469
12620,0.000506,172.31.47.0-255,66,34849,96,203469
12621,0.000532,172.217.27.0-255,1484,36333,96,203469
12622,0.000535,172.31.47.0-255,66,36399,96,203469
12623,0.000559,172.217.27.0-255,2902,39301,96,203469
12624,0.000562,172.31.47.0-255,66,39367,96,203469
12625,0.000592,172.217.27.0-255,4320,43687,96,203469
12626,0.000595,172.31.47.0-255,66,43753,96,203469
12627,0.000613,172.217.27.0-255,1484,45237,96,203469
12628,0.000619,172.217.27.0-255,3961,49198,96,203469
12629,0.000621,172.31.47.0-255,66,49264,96,203469
12630,0.000661,172.217.27.0-255,2902,52166,96,203469
12631,0.000664,172.31.47.0-255,66,52232,96,203469
12632,0.00068,172.217.27.0-255,1484,53716,96,203469
12633,0.000687,172.217.27.0-255,5738,59454,96,203469
12634,0.000688,172.31.47.0-255,66,59520,96,203469
12635,0.000724,172.217.27.0-255,7125,66645,96,203469
12636,0.000727,172.31.47.0-255,66,66711,96,203469
12637,0.001014,172.217.27.0-255,118,66829,96,203469
12638,0.001018,172.217.27.0-255,329,67158,96,203469
12639,0.00105,172.31.47.0-255,66,67224,96,203469
12640,0.001189,172.217.27.0-255,1484,68708,96,203469
12641,0.001197,172.217.27.0-255,2902,71610,96,203469
12642,0.001201,172.31.47.0-255,66,71676,96,203469
12643,0.001205,172.217.27.0-255,2902,74578,96,203469
12644,0.001207,172.31.47.0-255,66,74644,96,203469
12645,0.001224,172.217.27.0-255,2902,77546,96,203469
12646,0.001226,172.31.47.0-255,66,77612,96,203469
12647,0.001249,172.217.27.0-255,6797,84409,96,203469
12648,0.001252,172.31.47.0-255,66,84475,96,203469
12649,0.001311,172.217.27.0-255,1484,85959,96,203469
12650,0.001316,172.217.27.0-255,2902,88861,96,203469
12651,0.001318,172.31.47.0-255,66,88927,96,203469
12652,0.001331,172.217.27.0-255,1484,90411,96,203469
12653,0.001344,172.217.27.0-255,1484,91895,96,203469
12654,0.001345,172.31.47.0-255,66,91961,96,203469
12655,0.001351,172.217.27.0-255,4320,96281,96,203469
12656,0.001353,172.31.47.0-255,66,96347,96,203469
12657,0.001403,172.217.27.0-255,1484,97831,96,203469
12658,0.001416,172.217.27.0-255,3961,101792,96,203469
12659,0.001419,172.31.47.0-255,66,101858,96,203469
12660,0.003048,172.217.27.0-255,5738,107596,96,203469
12661,0.003054,172.31.47.0-255,66,107662,96,203469
12662,0.004686,172.217.27.0-255,4320,111982,96,203469
12663,0.004689,172.31.47.0-255,66,112048,96,203469
12664,0.004709,172.217.27.0-255,1484,113532,96,203469
12665,0.006336,172.217.27.0-255,4320,117852,96,203469
12666,0.006339,172.31.47.0-255,66,117918,96,203469
12667,0.007977,172.217.27.0-255,5738,123656,96,203469
12668,0.007983,172.31.47.0-255,66,123722,96,203469
12669,0.009608,172.217.27.0-255,5738,129460,96,203469
12670,0.009616,172.31.47.0-255,66,129526,96,203469
12671,0.011248,172.217.27.0-255,5738,135264,96,203469
12672,0.011257,172.31.47.0-255,66,135330,96,203469
12673,0.012893,172.217.27.0-255,5738,141068,96,203469
12674,0.012903,172.31.47.0-255,66,141134,96,203469
12675,0.014574,172.217.27.0-255,5738,146872,96,203469
12676,0.014581,172.31.47.0-255,66,146938,96,203469
12677,0.016225,172.217.27.0-255,5738,152676,96,203469
12678,0.016233,172.31.47.0-255,66,152742,96,203469
12679,0.017866,172.217.27.0-255,5738,158480,96,203469
12680,0.017872,172.31.47.0-255,66,158546,96,203469
12681,0.019502,172.217.27.0-255,5738,164284,96,203469
12682,0.019509,172.31.47.0-255,66,164350,96,203469
12683,0.02114,172.217.27.0-255,5738,170088,96,203469
12684,0.021147,172.31.47.0-255,66,170154,96,203469
12685,0.022775,172.217.27.0-255,5738,175892,96,203469
12686,0.022781,172.31.47.0-255,66,175958,96,203469
12687,0.024406,172.217.27.0-255,5738,181696,96,203469
12688,0.024412,172.31.47.0-255,66,181762,96,203469
12689,0.024893,172.31.47.0-255,172,181934,96,203469
12690,0.024924,172.31.47.0-255,1110,183044,96,203469
12691,0.024986,172.31.47.0-255,1514,184558,96,203469
12692,0.024989,172.31.47.0-255,1301,185859,96,203469
12693,0.026042,172.217.27.0-255,5738,191597,96,203469
12694,0.026048,172.31.47.0-255,66,191663,96,203469
12695,0.026444,104.244.42.0-255,66,191729,96,203469
12696,0.0265,104.244.42.0-255,66,191795,96,203469
12697,0.026518,104.244.42.0-255,66,191861,96,203469
12698,0.027674,172.217.27.0-255,5738,197599,96,203469
12699,0.02768,172.31.47.0-255,66,197665,96,203469
12700,0.029322,172.217.27.0-255,5738,203403,96,203469
12701,0.029329,172.31.47.0-255,66,203469,96,203469
12702,0.0,74.125.200.0-255,157,157,96,229792
12703,2.3e-05,172.31.47.0-255,66,223,96,229792
12704,2.9e-05,74.125.200.0-255,1484,1707,96,229792
12705,3.2e-05,172.31.47.0-255,66,1773,96,229792
12706,3.7e-05,74.125.200.0-255,2902,4675,96,229792
12707,4e-05,172.31.47.0-255,66,4741,96,229792
12708,4.9e-05,74.125.200.0-255,1484,6225,96,229792
12709,5.2e-05,172.31.47.0-255,66,6291,96,229792
12710,8e-05,74.125.200.0-255,5738,12029,96,229792
12711,8.2e-05,172.31.47.0-255,66,12095,96,229792
12712,8.6e-05,74.125.200.0-255,2183,14278,96,229792
12713,8.7e-05,172.31.47.0-255,66,14344,96,229792
12714,0.000412,74.125.200.0-255,1484,15828,96,229792
12715,0.000417,172.31.47.0-255,66,15894,96,229792
12716,0.000426,74.125.200.0-255,2902,18796,96,229792
12717,0.000428,172.31.47.0-255,66,18862,96,229792
12718,0.000437,74.125.200.0-255,1484,20346,96,229792
12719,0.00044,172.31.47.0-255,66,20412,96,229792
12720,0.000444,74.125.200.0-255,2902,23314,96,229792
12721,0.000446,172.31.47.0-255,66,23380,96,229792
12722,0.000449,74.125.200.0-255,1484,24864,96,229792
12723,0.00045,172.31.47.0-255,66,24930,96,229792
12724,0.00047,74.125.200.0-255,4320,29250,96,229792
12725,0.000477,172.31.47.0-255,66,29316,96,229792
12726,0.000503,74.125.200.0-255,2543,31859,96,229792
12727,0.000507,172.31.47.0-255,66,31925,96,229792
12728,0.000511,74.125.200.0-255,2902,34827,96,229792
12729,0.000513,172.31.47.0-255,66,34893,96,229792
12730,0.000518,74.125.200.0-255,4320,39213,96,229792
12731,0.000525,172.31.47.0-255,66,39279,96,229792
12732,0.00056,74.125.200.0-255,2902,42181,96,229792
12733,0.000563,172.31.47.0-255,66,42247,96,229792
12734,0.000569,74.125.200.0-255,6797,49044,96,229792
12735,0.000572,172.31.47.0-255,66,49110,96,229792
12736,0.000722,74.125.200.0-255,1484,50594,96,229792
12737,0.000728,74.125.200.0-255,2902,53496,96,229792
12738,0.000732,172.31.47.0-255,66,53562,96,229792
12739,0.000735,74.125.200.0-255,1484,55046,96,229792
12740,0.000755,74.125.200.0-255,2902,57948,96,229792
12741,0.000758,172.31.47.0-255,66,58014,96,229792
12742,0.000764,74.125.200.0-255,4320,62334,96,229792
12743,0.000766,172.31.47.0-255,66,62400,96,229792
12744,0.000791,74.125.200.0-255,1484,63884,96,229792
12745,0.000795,74.125.200.0-255,2865,66749,96,229792
12746,0.000802,172.31.47.0-255,66,66815,96,229792
12747,0.000873,74.125.200.0-255,1484,68299,96,229792
12748,0.000879,74.125.200.0-255,2902,71201,96,229792
12749,0.000882,172.31.47.0-255,66,71267,96,229792
12750,0.000908,74.125.200.0-255,4320,75587,96,229792
12751,0.000912,172.31.47.0-255,66,75653,96,229792
12752,0.000919,74.125.200.0-255,1484,77137,96,229792
12753,0.000943,74.125.200.0-255,7156,84293,96,229792
12754,0.000948,74.125.200.0-255,5738,90031,96,229792
12755,0.000949,74.125.200.0-255,1484,91515,96,229792
12756,0.000952,172.31.47.0-255,66,91581,96,229792
12757,0.000958,172.31.47.0-255,66,91647,96,229792
12758,0.000962,74.125.200.0-255,1484,93131,96,229792
12759,0.000963,172.31.47.0-255,66,93197,96,229792
12760,0.000987,74.125.200.0-255,4320,97517,96,229792
12761,0.000989,172.31.47.0-255,66,97583,96,229792
12762,0.000997,74.125.200.0-255,3602,101185,96,229792
12763,0.000998,172.31.47.0-255,66,101251,96,229792
12764,0.001078,74.125.200.0-255,1484,102735,96,229792
12765,0.001089,74.125.200.0-255,1484,104219,96,229792
12766,0.001092,172.31.47.0-255,66,104285,96,229792
12767,0.001096,74.125.200.0-255,2902,107187,96,229792
12768,0.001098,172.31.47.0-255,66,107253,96,229792
12769,0.001136,74.125.200.0-255,5738,112991,96,229792
12770,0.001139,172.31.47.0-255,66,113057,96,229792
12771,0.001148,172.31.47.0-255,66,113123,96,229792
12772,0.001176,172.31.47.0-255,66,113189,96,229792
12773,0.001207,74.125.200.0-255,6080,119269,96,229792
12774,0.00121,172.31.47.0-255,66,119335,96,229792
12775,0.00124,74.125.200.0-255,2902,122237,96,229792
12776,0.001243,172.31.47.0-255,66,122303,96,229792
12777,0.001246,74.125.200.0-255,1484,123787,96,229792
12778,0.001267,74.125.200.0-255,2902,126689,96,229792
12779,0.001269,172.31.47.0-255,66,126755,96,229792
12780,0.001276,74.125.200.0-255,7156,133911,96,229792
12781,0.001278,172.31.47.0-255,66,133977,96,229792
12782,0.001307,74.125.200.0-255,1484,135461,96,229792
12783,0.001314,74.125.200.0-255,7156,142617,96,229792
12784,0.001316,172.31.47.0-255,66,142683,96,229792
12785,0.001325,172.31.47.0-255,66,142749,96,229792
12786,0.001376,74.125.200.0-255,2184,144933,96,229792
12787,0.001378,172.31.47.0-255,66,144999,96,229792
12788,0.002223,74.125.200.0-255,1484,146483,96,229792
12789,0.002231,74.125.200.0-255,2902,149385,96,229792
12790,0.002235,172.31.47.0-255,66,149451,96,229792
12791,0.00227,74.125.200.0-255,4320,153771,96,229792
12792,0.002272,172.31.47.0-255,66,153837,96,229792
12793,0.002278,74.125.200.0-255,5738,159575,96,229792
12794,0.00228,172.31.47.0-255,66,159641,96,229792
12795,0.002312,172.31.47.0-255,66,159707,96,229792
12796,0.002315,74.125.200.0-255,1484,161191,96,229792
12797,0.00459,74.125.200.0-255,4320,165511,96,229792
12798,0.004597,172.31.47.0-255,66,165577,96,229792
12799,0.006869,74.125.200.0-255,4320,169897,96,229792
12800,0.006876,172.31.47.0-255,66,169963,96,229792
12801,0.006903,74.125.200.0-255,1484,171447,96,229792
12802,0.009169,74.125.200.0-255,4320,175767,96,229792
12803,0.009178,172.31.47.0-255,66,175833,96,229792
12804,0.011467,74.125.200.0-255,5738,181571,96,229792
12805,0.011476,172.31.47.0-255,66,181637,96,229792
12806,0.013762,74.125.200.0-255,5738,187375,96,229792
12807,0.013768,172.31.47.0-255,66,187441,96,229792
12808,0.016057,74.125.200.0-255,5738,193179,96,229792
12809,0.016063,172.31.47.0-255,66,193245,96,229792
12810,0.016181,172.31.47.0-255,172,193417,96,229792
12811,0.016216,172.31.47.0-255,1109,194526,96,229792
12812,0.016332,172.31.47.0-255,1514,196040,96,229792
12813,0.016356,172.31.47.0-255,1302,197342,96,229792
12814,0.017744,104.244.42.0-255,66,197408,96,229792
12815,0.017794,104.244.42.0-255,66,197474,96,229792
12816,0.017882,104.244.42.0-255,66,197540,96,229792
12817,0.017925,104.244.42.0-255,66,197606,96,229792
12818,0.018337,74.125.200.0-255,4320,201926,96,229792
12819,0.018341,172.31.47.0-255,66,201992,96,229792
12820,0.018374,74.125.200.0-255,1484,203476,96,229792
12821,0.02061,74.125.200.0-255,4320,207796,96,229792
12822,0.020614,172.31.47.0-255,66,207862,96,229792
12823,0.022887,74.125.200.0-255,5738,213600,96,229792
12824,0.022892,172.31.47.0-255,66,213666,96,229792
12825,0.025189,74.125.200.0-255,4320,217986,96,229792
12826,0.025195,172.31.47.0-255,66,218052,96,229792
12827,0.025218,74.125.200.0-255,1484,219536,96,229792
12828,0.027463,74.125.200.0-255,4320,223856,96,229792
12829,0.027468,172.31.47.0-255,66,223922,96,229792
12830,0.029734,74.125.200.0-255,4320,228242,96,229792
12831,0.029739,172.31.47.0-255,66,228308,96,229792
12832,0.029766,74.125.200.0-255,1484,229792,96,229792
12833,0.0,74.125.24.0-255,153,153,96,206712
12834,2.6e-05,172.31.47.0-255,66,219,96,206712
12835,3.2e-05,74.125.24.0-255,1484,1703,96,206712
12836,3.6e-05,172.31.47.0-255,66,1769,96,206712
12837,4.1e-05,74.125.24.0-255,2902,4671,96,206712
12838,4.3e-05,172.31.47.0-255,66,4737,96,206712
12839,6.2e-05,74.125.24.0-255,2902,7639,96,206712
12840,6.4e-05,172.31.47.0-255,66,7705,96,206712
12841,7.7e-05,74.125.24.0-255,1484,9189,96,206712
12842,8.1e-05,172.31.47.0-255,66,9255,96,206712
12843,9e-05,74.125.24.0-255,6356,15611,96,206712
12844,9.2e-05,172.31.47.0-255,66,15677,96,206712
12845,0.000123,172.31.47.0-255,66,15743,96,206712
12846,0.000136,74.125.24.0-255,1125,16868,96,206712
12847,0.000139,172.31.47.0-255,66,16934,96,206712
12848,0.000256,74.125.24.0-255,1484,18418,96,206712
12849,0.00026,172.31.47.0-255,66,18484,96,206712
12850,0.000266,74.125.24.0-255,2902,21386,96,206712
12851,0.000268,172.31.47.0-255,66,21452,96,206712
12852,0.000292,74.125.24.0-255,2902,24354,96,206712
12853,0.000294,172.31.47.0-255,66,24420,96,206712
12854,0.00031,74.125.24.0-255,2902,27322,96,206712
12855,0.000312,172.31.47.0-255,66,27388,96,206712
12856,0.000352,172.31.47.0-255,66,27454,96,206712
12857,0.000367,172.31.47.0-255,66,27520,96,206712
12858,0.000391,74.125.24.0-255,131,27651,96,206712
12859,0.000394,172.31.47.0-255,66,27717,96,206712
12860,0.000475,74.125.24.0-255,1484,29201,96,206712
12861,0.00048,172.31.47.0-255,66,29267,96,206712
12862,0.000499,74.125.24.0-255,2902,32169,96,206712
12863,0.000502,172.31.47.0-255,66,32235,96,206712
12864,0.000508,74.125.24.0-255,5738,37973,96,206712
12865,0.000511,172.31.47.0-255,66,38039,96,206712
12866,0.000517,74.125.24.0-255,6797,44836,96,206712
12867,0.00052,172.31.47.0-255,66,44902,96,206712
12868,0.000543,74.125.24.0-255,2902,47804,96,206712
12869,0.000547,172.31.47.0-255,66,47870,96,206712
12870,0.000579,172.31.47.0-255,66,47936,96,206712
12871,0.000583,74.125.24.0-255,2543,50479,96,206712
12872,0.000585,172.31.47.0-255,66,50545,96,206712
12873,0.000588,74.125.24.0-255,350,50895,96,206712
12874,0.001123,172.31.47.0-255,66,50961,96,206712
12875,0.001264,74.125.24.0-255,1484,52445,96,206712
12876,0.001273,74.125.24.0-255,2902,55347,96,206712
12877,0.001277,172.31.47.0-255,66,55413,96,206712
12878,0.001301,74.125.24.0-255,5738,61151,96,206712
12879,0.001304,172.31.47.0-255,66,61217,96,206712
12880,0.001334,172.31.47.0-255,66,61283,96,206712
12881,0.001355,74.125.24.0-255,1484,62767,96,206712
12882,0.001368,172.31.47.0-255,66,62833,96,206712
12883,0.00151,74.125.24.0-255,1484,64317,96,206712
12884,0.001517,74.125.24.0-255,2902,67219,96,206712
12885,0.00152,172.31.47.0-255,66,67285,96,206712
12886,0.001542,74.125.24.0-255,5738,73023,96,206712
12887,0.001544,172.31.47.0-255,66,73089,96,206712
12888,0.001562,74.125.24.0-255,2902,75991,96,206712
12889,0.001564,172.31.47.0-255,66,76057,96,206712
12890,0.001589,172.31.47.0-255,66,76123,96,206712
12891,0.001593,74.125.24.0-255,1484,77607,96,206712
12892,0.001621,74.125.24.0-255,7156,84763,96,206712
12893,0.001624,172.31.47.0-255,66,84829,96,206712
12894,0.001639,74.125.24.0-255,2184,87013,96,206712
12895,0.001641,172.31.47.0-255,66,87079,96,206712
12896,0.001645,74.125.24.0-255,2902,89981,96,206712
12897,0.001647,172.31.47.0-255,66,90047,96,206712
12898,0.001671,74.125.24.0-255,7156,97203,96,206712
12899,0.001673,172.31.47.0-255,66,97269,96,206712
12900,0.001687,74.125.24.0-255,1484,98753,96,206712
12901,0.001719,172.31.47.0-255,66,98819,96,206712
12902,0.001722,74.125.24.0-255,1484,100303,96,206712
12903,0.001744,74.125.24.0-255,2902,103205,96,206712
12904,0.001746,172.31.47.0-255,66,103271,96,206712
12905,0.001767,74.125.24.0-255,3602,106873,96,206712
12906,0.001771,172.31.47.0-255,66,106939,96,206712
12907,0.001816,74.125.24.0-255,1484,108423,96,206712
12908,0.001822,74.125.24.0-255,2902,111325,96,206712
12909,0.001825,172.31.47.0-255,66,111391,96,206712
12910,0.001842,74.125.24.0-255,5738,117129,96,206712
12911,0.001846,172.31.47.0-255,66,117195,96,206712
12912,0.001883,172.31.47.0-255,66,117261,96,206712
12913,0.001902,74.125.24.0-255,5738,122999,96,206712
12914,0.001905,172.31.47.0-255,66,123065,96,206712
12915,0.00192,74.125.24.0-255,5020,128085,96,206712
12916,0.001922,172.31.47.0-255,66,128151,96,206712
12917,0.001932,172.31.47.0-255,66,128217,96,206712
12918,0.001955,74.125.24.0-255,2902,131119,96,206712
12919,0.001957,172.31.47.0-255,66,131185,96,206712
12920,0.001969,74.125.24.0-255,7156,138341,96,206712
12921,0.001972,172.31.47.0-255,66,138407,96,206712
12922,0.002005,172.31.47.0-255,66,138473,96,206712
12923,0.002079,74.125.24.0-255,1484,139957,96,206712
12924,0.002092,74.125.24.0-255,2902,142859,96,206712
12925,0.002094,172.31.47.0-255,66,142925,96,206712
12926,0.002117,74.125.24.0-255,5738,148663,96,206712
12927,0.00212,172.31.47.0-255,66,148729,96,206712
12928,0.002159,74.125.24.0-255,4320,153049,96,206712
12929,0.002162,172.31.47.0-255,66,153115,96,206712
12930,0.002187,172.31.47.0-255,66,153181,96,206712
12931,0.002197,172.31.47.0-255,66,153247,96,206712
12932,0.002201,74.125.24.0-255,2184,155431,96,206712
12933,0.002203,172.31.47.0-255,66,155497,96,206712
12934,0.002226,74.125.24.0-255,1484,156981,96,206712
12935,0.002236,74.125.24.0-255,1484,158465,96,206712
12936,0.002238,172.31.47.0-255,66,158531,96,206712
12937,0.002241,74.125.24.0-255,1484,160015,96,206712
12938,0.002259,74.125.24.0-255,2902,162917,96,206712
12939,0.002262,172.31.47.0-255,66,162983,96,206712
12940,0.002272,172.31.47.0-255,66,163049,96,206712
12941,0.0023,74.125.24.0-255,1484,164533,96,206712
12942,0.002313,74.125.24.0-255,4320,168853,96,206712
12943,0.002316,172.31.47.0-255,66,168919,96,206712
12944,0.002345,172.31.47.0-255,66,168985,96,206712
12945,0.002348,74.125.24.0-255,1484,170469,96,206712
12946,0.002374,172.31.47.0-255,66,170535,96,206712
12947,0.002387,74.125.24.0-255,4320,174855,96,206712
12948,0.00239,172.31.47.0-255,66,174921,96,206712
12949,0.002402,172.31.47.0-255,66,174987,96,206712
12950,0.002412,172.31.47.0-255,66,175053,96,206712
12951,0.002434,74.125.24.0-255,2184,177237,96,206712
12952,0.002435,172.31.47.0-255,66,177303,96,206712
12953,0.002445,172.31.47.0-255,66,177369,96,206712
12954,0.002451,74.125.24.0-255,7156,184525,96,206712
12955,0.002453,172.31.47.0-255,66,184591,96,206712
12956,0.002465,74.125.24.0-255,4320,188911,96,206712
12957,0.002467,172.31.47.0-255,66,188977,96,206712
12958,0.002469,74.125.24.0-255,1484,190461,96,206712
12959,0.002471,172.31.47.0-255,78,190539,96,206712
12960,0.002474,74.125.24.0-255,1484,192023,96,206712
12961,0.002476,172.31.47.0-255,66,192089,96,206712
12962,0.00248,74.125.24.0-255,2902,194991,96,206712
12963,0.002482,172.31.47.0-255,66,195057,96,206712
12964,0.002485,74.125.24.0-255,2184,197241,96,206712
12965,0.002487,172.31.47.0-255,66,197307,96,206712
12966,0.002535,74.125.24.0-255,4320,201627,96,206712
12967,0.002537,172.31.47.0-255,66,201693,96,206712
12968,0.002557,74.125.24.0-255,4611,206304,96,206712
12969,0.002559,172.31.47.0-255,66,206370,96,206712
12970,0.002589,74.125.24.0-255,105,206475,96,206712
12971,0.007063,172.31.47.0-255,66,206541,96,206712
12972,0.007091,172.31.47.0-255,105,206646,96,206712
12973,0.009411,74.125.24.0-255,66,206712,96,206712
12974,0.0,172.253.118.0-255,153,153,96,124030
12975,2.4e-05,172.31.47.0-255,66,219,96,124030
12976,3.2e-05,172.253.118.0-255,1484,1703,96,124030
12977,3.7e-05,172.31.47.0-255,66,1769,96,124030
12978,6.8e-05,172.253.118.0-255,2902,4671,96,124030
12979,7.2e-05,172.31.47.0-255,66,4737,96,124030
12980,8.7e-05,172.253.118.0-255,4320,9057,96,124030
12981,9.6e-05,172.31.47.0-255,66,9123,96,124030
12982,0.000122,172.253.118.0-255,1484,10607,96,124030
12983,0.000126,172.31.47.0-255,66,10673,96,124030
12984,0.000202,172.253.118.0-255,4945,15618,96,124030
12985,0.000205,172.31.47.0-255,66,15684,96,124030
12986,0.000293,172.253.118.0-255,1484,17168,96,124030
12987,0.000296,172.31.47.0-255,66,17234,96,124030
12988,0.000334,172.31.47.0-255,66,17300,96,124030
12989,0.000572,172.253.118.0-255,2543,19843,96,124030
12990,0.000577,172.31.47.0-255,66,19909,96,124030
12991,0.000631,172.253.118.0-255,4320,24229,96,124030
12992,0.000635,172.31.47.0-255,66,24295,96,124030
12993,0.000673,172.31.47.0-255,66,24361,96,124030
12994,0.000957,172.253.118.0-255,4320,28681,96,124030
12995,0.00096,172.31.47.0-255,66,28747,96,124030
12996,0.000996,172.31.47.0-255,66,28813,96,124030
12997,0.001312,172.253.118.0-255,4320,33133,96,124030
12998,0.001316,172.31.47.0-255,66,33199,96,124030
12999,0.00137,172.31.47.0-255,66,33265,96,124030
13000,0.001975,172.253.118.0-255,1125,34390,96,124030
13001,0.001982,172.31.47.0-255,66,34456,96,124030
13002,0.002014,172.253.118.0-255,1484,35940,96,124030
13003,0.00206,172.253.118.0-255,4320,40260,96,124030
13004,0.002082,172.31.47.0-255,66,40326,96,124030
13005,0.002118,172.253.118.0-255,5738,46064,96,124030
13006,0.002132,172.253.118.0-255,4320,50384,96,124030
13007,0.002155,172.31.47.0-255,66,50450,96,124030
13008,0.002358,172.31.47.0-255,66,50516,96,124030
13009,0.002375,172.253.118.0-255,2184,52700,96,124030
13010,0.002394,172.31.47.0-255,66,52766,96,124030
13011,0.002789,172.253.118.0-255,7156,59922,96,124030
13012,0.002793,172.31.47.0-255,66,59988,96,124030
13013,0.002864,172.31.47.0-255,66,60054,96,124030
13014,0.003665,172.31.47.0-255,66,60120,96,124030
13015,0.003723,172.31.47.0-255,66,60186,96,124030
13016,0.005932,172.253.118.0-255,5738,65924,96,124030
13017,0.005938,172.31.47.0-255,66,65990,96,124030
13018,0.008173,172.253.118.0-255,5738,71728,96,124030
13019,0.008183,172.31.47.0-255,66,71794,96,124030
13020,0.010416,172.253.118.0-255,5738,77532,96,124030
13021,0.010426,172.31.47.0-255,66,77598,96,124030
13022,0.012669,172.253.118.0-255,5738,83336,96,124030
13023,0.012683,172.31.47.0-255,66,83402,96,124030
13024,0.014912,172.253.118.0-255,5738,89140,96,124030
13025,0.014923,172.31.47.0-255,66,89206,96,124030
13026,0.017171,172.253.118.0-255,5738,94944,96,124030
13027,0.017185,172.31.47.0-255,66,95010,96,124030
13028,0.019423,172.253.118.0-255,5738,100748,96,124030
13029,0.019433,172.31.47.0-255,66,100814,96,124030
13030,0.02169,172.253.118.0-255,5738,106552,96,124030
13031,0.021709,172.31.47.0-255,66,106618,96,124030
13032,0.023957,172.253.118.0-255,5738,112356,96,124030
13033,0.024992,172.31.47.0-255,66,112422,96,124030
13034,0.027262,172.253.118.0-255,5738,118160,96,124030
13035,0.027283,172.31.47.0-255,66,118226,96,124030
13036,0.02954,172.253.118.0-255,5738,123964,96,124030
13037,0.029561,172.31.47.0-255,66,124030,96,124030
13038,0.0,74.125.24.0-255,153,153,96,186252
13039,2.7e-05,172.31.47.0-255,66,219,96,186252
13040,3.4e-05,74.125.24.0-255,1484,1703,96,186252
13041,3.8e-05,172.31.47.0-255,66,1769,96,186252
13042,4.3e-05,74.125.24.0-255,2902,4671,96,186252
13043,4.5e-05,172.31.47.0-255,66,4737,96,186252
13044,5.3e-05,74.125.24.0-255,7156,11893,96,186252
13045,5.5e-05,172.31.47.0-255,66,11959,96,186252
13046,0.0001,172.31.47.0-255,66,12025,96,186252
13047,0.000109,172.31.47.0-255,66,12091,96,186252
13048,0.00017,172.31.47.0-255,66,12157,96,186252
13049,0.000199,172.31.47.0-255,66,12223,96,186252
13050,0.000222,74.125.24.0-255,2902,15125,96,186252
13051,0.000225,172.31.47.0-255,66,15191,96,186252
13052,0.000228,74.125.24.0-255,1400,16591,96,186252
13053,0.00023,172.31.47.0-255,66,16657,96,186252
13054,0.000291,74.125.24.0-255,379,17036,96,186252
13055,0.000295,172.31.47.0-255,66,17102,96,186252
13056,0.000421,74.125.24.0-255,1484,18586,96,186252
13057,0.000425,172.31.47.0-255,66,18652,96,186252
13058,0.000429,74.125.24.0-255,1484,20136,96,186252
13059,0.00043,172.31.47.0-255,66,20202,96,186252
13060,0.000447,74.125.24.0-255,1484,21686,96,186252
13061,0.00045,172.31.47.0-255,66,21752,96,186252
13062,0.000457,74.125.24.0-255,5738,27490,96,186252
13063,0.00046,172.31.47.0-255,66,27556,96,186252
13064,0.000465,74.125.24.0-255,4320,31876,96,186252
13065,0.000467,172.31.47.0-255,66,31942,96,186252
13066,0.000505,172.31.47.0-255,66,32008,96,186252
13067,0.000512,172.31.47.0-255,66,32074,96,186252
13068,0.000883,74.125.24.0-255,1484,33558,96,186252
13069,0.00089,74.125.24.0-255,2902,36460,96,186252
13070,0.000893,172.31.47.0-255,66,36526,96,186252
13071,0.000897,74.125.24.0-255,1484,38010,96,186252
13072,0.000915,74.125.24.0-255,4320,42330,96,186252
13073,0.000918,172.31.47.0-255,66,42396,96,186252
13074,0.000934,74.125.24.0-255,4320,46716,96,186252
13075,0.000937,172.31.47.0-255,66,46782,96,186252
13076,0.00096,172.31.47.0-255,66,46848,96,186252
13077,0.000968,74.125.24.0-255,7156,54004,96,186252
13078,0.00097,172.31.47.0-255,66,54070,96,186252
13079,0.000991,74.125.24.0-255,3602,57672,96,186252
13080,0.000994,172.31.47.0-255,66,57738,96,186252
13081,0.001442,74.125.24.0-255,1484,59222,96,186252
13082,0.001452,74.125.24.0-255,2902,62124,96,186252
13083,0.001456,172.31.47.0-255,66,62190,96,186252
13084,0.001461,74.125.24.0-255,1484,63674,96,186252
13085,0.001478,74.125.24.0-255,4320,67994,96,186252
13086,0.001481,172.31.47.0-255,66,68060,96,186252
13087,0.001499,74.125.24.0-255,1484,69544,96,186252
13088,0.001515,74.125.24.0-255,7156,76700,96,186252
13089,0.001519,172.31.47.0-255,66,76766,96,186252
13090,0.00154,74.125.24.0-255,4320,81086,96,186252
13091,0.001544,172.31.47.0-255,66,81152,96,186252
13092,0.001547,74.125.24.0-255,1484,82636,96,186252
13093,0.001561,74.125.24.0-255,4320,86956,96,186252
13094,0.001564,172.31.47.0-255,66,87022,96,186252
13095,0.001586,74.125.24.0-255,5020,92042,96,186252
13096,0.001588,172.31.47.0-255,66,92108,96,186252
13097,0.001616,74.125.24.0-255,1484,93592,96,186252
13098,0.001621,74.125.24.0-255,2902,96494,96,186252
13099,0.001623,172.31.47.0-255,66,96560,96,186252
13100,0.001643,74.125.24.0-255,2902,99462,96,186252
13101,0.001645,172.31.47.0-255,66,99528,96,186252
13102,0.001662,74.125.24.0-255,2902,102430,96,186252
13103,0.001664,172.31.47.0-255,66,102496,96,186252
13104,0.001675,172.31.47.0-255,66,102562,96,186252
13105,0.001721,74.125.24.0-255,5738,108300,96,186252
13106,0.001724,172.31.47.0-255,66,108366,96,186252
13107,0.001747,172.31.47.0-255,66,108432,96,186252
13108,0.001785,74.125.24.0-255,1484,109916,96,186252
13109,0.0018,74.125.24.0-255,2902,112818,96,186252
13110,0.001804,172.31.47.0-255,66,112884,96,186252
13111,0.001808,74.125.24.0-255,2902,115786,96,186252
13112,0.001811,172.31.47.0-255,66,115852,96,186252
13113,0.001823,74.125.24.0-255,2902,118754,96,186252
13114,0.001825,172.31.47.0-255,66,118820,96,186252
13115,0.001867,74.125.24.0-255,2902,121722,96,186252
13116,0.001871,172.31.47.0-255,66,121788,96,186252
13117,0.001901,172.31.47.0-255,66,121854,96,186252
13118,0.001913,172.31.47.0-255,66,121920,96,186252
13119,0.002155,74.125.24.0-255,1484,123404,96,186252
13120,0.002159,74.125.24.0-255,1484,124888,96,186252
13121,0.002162,172.31.47.0-255,66,124954,96,186252
13122,0.002178,74.125.24.0-255,1484,126438,96,186252
13123,0.002183,74.125.24.0-255,2902,129340,96,186252
13124,0.002185,172.31.47.0-255,66,129406,96,186252
13125,0.002202,74.125.24.0-255,2902,132308,96,186252
13126,0.002204,172.31.47.0-255,66,132374,96,186252
13127,0.002221,172.31.47.0-255,66,132440,96,186252
13128,0.002247,74.125.24.0-255,4320,136760,96,186252
13129,0.002249,172.31.47.0-255,66,136826,96,186252
13130,0.00226,172.31.47.0-255,66,136892,96,186252
13131,0.002293,74.125.24.0-255,5738,142630,96,186252
13132,0.002296,172.31.47.0-255,66,142696,96,186252
13133,0.002326,172.31.47.0-255,66,142762,96,186252
13134,0.00236,172.31.47.0-255,66,142828,96,186252
13135,0.002381,74.125.24.0-255,5738,148566,96,186252
13136,0.002383,172.31.47.0-255,66,148632,96,186252
13137,0.002389,74.125.24.0-255,7156,155788,96,186252
13138,0.002391,172.31.47.0-255,66,155854,96,186252
13139,0.002394,74.125.24.0-255,1484,157338,96,186252
13140,0.002436,172.31.47.0-255,66,157404,96,186252
13141,0.002442,74.125.24.0-255,5738,163142,96,186252
13142,0.002444,172.31.47.0-255,66,163208,96,186252
13143,0.002482,74.125.24.0-255,5020,168228,96,186252
13144,0.002484,172.31.47.0-255,66,168294,96,186252
13145,0.00249,74.125.24.0-255,5738,174032,96,186252
13146,0.002492,172.31.47.0-255,66,174098,96,186252
13147,0.002495,74.125.24.0-255,1484,175582,96,186252
13148,0.002529,172.31.47.0-255,66,175648,96,186252
13149,0.00254,172.31.47.0-255,66,175714,96,186252
13150,0.002565,74.125.24.0-255,1484,177198,96,186252
13151,0.002577,74.125.24.0-255,4320,181518,96,186252
13152,0.002579,172.31.47.0-255,66,181584,96,186252
13153,0.00261,172.31.47.0-255,66,181650,96,186252
13154,0.00262,172.31.47.0-255,66,181716,96,186252
13155,0.002631,172.31.47.0-255,66,181782,96,186252
13156,0.005121,74.125.24.0-255,136,181918,96,186252
13157,0.006734,172.31.47.0-255,66,181984,96,186252
13158,0.00676,172.31.47.0-255,105,182089,96,186252
13159,0.00925,74.125.24.0-255,66,182155,96,186252
13160,0.029621,172.31.47.0-255,172,182327,96,186252
13161,0.029648,172.31.47.0-255,1110,183437,96,186252
13162,0.029678,172.31.47.0-255,1514,184951,96,186252
13163,0.029679,172.31.47.0-255,1301,186252,96,186252
13164,0.0,172.31.47.0-255,105,105,96,210
13165,0.001791,157.240.13.0-255,105,210,96,210
13166,0.0,172.31.47.0-255,105,105,96,276
13167,0.001758,157.240.13.0-255,105,210,96,276
13168,0.001773,172.31.47.0-255,66,276,96,276
13169,0.0,74.125.24.0-255,297,297,96,203912
13170,2.6e-05,172.31.47.0-255,66,363,96,203912
13171,3.2e-05,74.125.24.0-255,1484,1847,96,203912
13172,3.6e-05,172.31.47.0-255,66,1913,96,203912
13173,4.1e-05,74.125.24.0-255,4320,6233,96,203912
13174,4.4e-05,172.31.47.0-255,66,6299,96,203912
13175,6.3e-05,74.125.24.0-255,4320,10619,96,203912
13176,6.6e-05,172.31.47.0-255,66,10685,96,203912
13177,8.8e-05,74.125.24.0-255,3431,14116,96,203912
13178,9e-05,172.31.47.0-255,66,14182,96,203912
13179,0.000334,74.125.24.0-255,1484,15666,96,203912
13180,0.00034,172.31.47.0-255,66,15732,96,203912
13181,0.000346,74.125.24.0-255,2902,18634,96,203912
13182,0.000349,172.31.47.0-255,66,18700,96,203912
13183,0.000353,74.125.24.0-255,2902,21602,96,203912
13184,0.000355,172.31.47.0-255,66,21668,96,203912
13185,0.000374,74.125.24.0-255,2902,24570,96,203912
13186,0.000378,172.31.47.0-255,66,24636,96,203912
13187,0.000383,74.125.24.0-255,4320,28956,96,203912
13188,0.000386,172.31.47.0-255,66,29022,96,203912
13189,0.000426,172.31.47.0-255,66,29088,96,203912
13190,0.000442,74.125.24.0-255,2543,31631,96,203912
13191,0.000445,74.125.24.0-255,1484,33115,96,203912
13192,0.000447,172.31.47.0-255,66,33181,96,203912
13193,0.000451,172.31.47.0-255,66,33247,96,203912
13194,0.000493,74.125.24.0-255,5379,38626,96,203912
13195,0.000496,172.31.47.0-255,66,38692,96,203912
13196,0.001163,74.125.24.0-255,1484,40176,96,203912
13197,0.001169,172.31.47.0-255,66,40242,96,203912
13198,0.001179,74.125.24.0-255,2902,43144,96,203912
13199,0.001182,172.31.47.0-255,66,43210,96,203912
13200,0.001189,74.125.24.0-255,5738,48948,96,203912
13201,0.00119,172.31.47.0-255,66,49014,96,203912
13202,0.001222,74.125.24.0-255,5738,54752,96,203912
13203,0.001226,172.31.47.0-255,66,54818,96,203912
13204,0.001258,172.31.47.0-255,66,54884,96,203912
13205,0.001267,172.31.47.0-255,66,54950,96,203912
13206,0.001328,172.31.47.0-255,66,55016,96,203912
13207,0.001333,74.125.24.0-255,4320,59336,96,203912
13208,0.001335,172.31.47.0-255,66,59402,96,203912
13209,0.001338,74.125.24.0-255,1484,60886,96,203912
13210,0.001356,74.125.24.0-255,4320,65206,96,203912
13211,0.001359,172.31.47.0-255,66,65272,96,203912
13212,0.00138,74.125.24.0-255,1484,66756,96,203912
13213,0.001395,74.125.24.0-255,5264,72020,96,203912
13214,0.001398,172.31.47.0-255,66,72086,96,203912
13215,0.001449,74.125.24.0-255,1484,73570,96,203912
13216,0.001454,74.125.24.0-255,2902,76472,96,203912
13217,0.001458,172.31.47.0-255,66,76538,96,203912
13218,0.001462,74.125.24.0-255,1484,78022,96,203912
13219,0.001476,74.125.24.0-255,4320,82342,96,203912
13220,0.001479,172.31.47.0-255,66,82408,96,203912
13221,0.001493,172.31.47.0-255,66,82474,96,203912
13222,0.001551,74.125.24.0-255,1484,83958,96,203912
13223,0.001558,74.125.24.0-255,2902,86860,96,203912
13224,0.001562,172.31.47.0-255,66,86926,96,203912
13225,0.001566,74.125.24.0-255,1484,88410,96,203912
13226,0.001593,74.125.24.0-255,4320,92730,96,203912
13227,0.001596,172.31.47.0-255,66,92796,96,203912
13228,0.001607,172.31.47.0-255,66,92862,96,203912
13229,0.001637,74.125.24.0-255,2902,95764,96,203912
13230,0.001641,172.31.47.0-255,66,95830,96,203912
13231,0.001681,172.31.47.0-255,66,95896,96,203912
13232,0.002038,74.125.24.0-255,1484,97380,96,203912
13233,0.002044,74.125.24.0-255,2902,100282,96,203912
13234,0.002047,172.31.47.0-255,66,100348,96,203912
13235,0.00205,74.125.24.0-255,1484,101832,96,203912
13236,0.002066,74.125.24.0-255,4320,106152,96,203912
13237,0.002068,172.31.47.0-255,66,106218,96,203912
13238,0.0021,172.31.47.0-255,66,106284,96,203912
13239,0.00211,172.31.47.0-255,66,106350,96,203912
13240,0.002132,74.125.24.0-255,766,107116,96,203912
13241,0.002158,74.125.24.0-255,1484,108600,96,203912
13242,0.00216,172.31.47.0-255,66,108666,96,203912
13243,0.002173,74.125.24.0-255,2902,111568,96,203912
13244,0.002175,172.31.47.0-255,66,111634,96,203912
13245,0.002186,74.125.24.0-255,1484,113118,96,203912
13246,0.002188,74.125.24.0-255,1484,114602,96,203912
13247,0.00219,172.31.47.0-255,66,114668,96,203912
13248,0.0022,74.125.24.0-255,1484,116152,96,203912
13249,0.002221,172.31.47.0-255,66,116218,96,203912
13250,0.002244,74.125.24.0-255,2902,119120,96,203912
13251,0.002245,172.31.47.0-255,66,119186,96,203912
13252,0.002277,172.31.47.0-255,66,119252,96,203912
13253,0.002345,74.125.24.0-255,1484,120736,96,203912
13254,0.002348,74.125.24.0-255,1484,122220,96,203912
13255,0.002351,172.31.47.0-255,66,122286,96,203912
13256,0.002368,74.125.24.0-255,1484,123770,96,203912
13257,0.002373,74.125.24.0-255,5738,129508,96,203912
13258,0.002375,172.31.47.0-255,66,129574,96,203912
13259,0.002389,74.125.24.0-255,1484,131058,96,203912
13260,0.002416,172.31.47.0-255,66,131124,96,203912
13261,0.002425,172.31.47.0-255,66,131190,96,203912
13262,0.002477,74.125.24.0-255,2184,133374,96,203912
13263,0.002479,172.31.47.0-255,66,133440,96,203912
13264,0.002515,74.125.24.0-255,1484,134924,96,203912
13265,0.002526,74.125.24.0-255,2902,137826,96,203912
13266,0.002529,172.31.47.0-255,66,137892,96,203912
13267,0.002531,74.125.24.0-255,1484,139376,96,203912
13268,0.002549,74.125.24.0-255,4320,143696,96,203912
13269,0.002551,172.31.47.0-255,66,143762,96,203912
13270,0.005039,74.125.24.0-255,2902,146664,96,203912
13271,0.005042,172.31.47.0-255,66,146730,96,203912
13272,0.005058,74.125.24.0-255,2902,149632,96,203912
13273,0.005059,172.31.47.0-255,66,149698,96,203912
13274,0.007554,74.125.24.0-255,5738,155436,96,203912
13275,0.007561,172.31.47.0-255,66,155502,96,203912
13276,0.010066,74.125.24.0-255,5738,161240,96,203912
13277,0.010073,172.31.47.0-255,66,161306,96,203912
13278,0.012576,74.125.24.0-255,5738,167044,96,203912
13279,0.012582,172.31.47.0-255,66,167110,96,203912
13280,0.015104,74.125.24.0-255,5738,172848,96,203912
13281,0.015117,172.31.47.0-255,66,172914,96,203912
13282,0.017638,74.125.24.0-255,5738,178652,96,203912
13283,0.017645,172.31.47.0-255,66,178718,96,203912
13284,0.020146,74.125.24.0-255,5738,184456,96,203912
13285,0.020152,172.31.47.0-255,66,184522,96,203912
13286,0.022659,74.125.24.0-255,5738,190260,96,203912
13287,0.022665,172.31.47.0-255,66,190326,96,203912
13288,0.023138,172.31.47.0-255,172,190498,96,203912
13289,0.023167,172.31.47.0-255,1109,191607,96,203912
13290,0.023193,172.31.47.0-255,1514,193121,96,203912
13291,0.023194,172.31.47.0-255,337,193458,96,203912
13292,0.024633,104.244.42.0-255,66,193524,96,203912
13293,0.024803,104.244.42.0-255,66,193590,96,203912
13294,0.024812,104.244.42.0-255,66,193656,96,203912
13295,0.02517,74.125.24.0-255,4320,197976,96,203912
13296,0.025173,172.31.47.0-255,66,198042,96,203912
13297,0.0252,74.125.24.0-255,1484,199526,96,203912
13298,0.027671,74.125.24.0-255,4320,203846,96,203912
13299,0.027675,172.31.47.0-255,66,203912,96,203912
13300,0.0,74.125.24.0-255,152,152,96,284514
13301,2.6e-05,172.31.47.0-255,66,218,96,284514
13302,3.3e-05,74.125.24.0-255,1484,1702,96,284514
13303,3.7e-05,172.31.47.0-255,66,1768,96,284514
13304,4.1e-05,74.125.24.0-255,2902,4670,96,284514
13305,4.4e-05,172.31.47.0-255,66,4736,96,284514
13306,4.9e-05,74.125.24.0-255,5738,10474,96,284514
13307,5.2e-05,172.31.47.0-255,66,10540,96,284514
13308,9.5e-05,74.125.24.0-255,3484,14024,96,284514
13309,9.8e-05,172.31.47.0-255,66,14090,96,284514
13310,0.000167,74.125.24.0-255,1484,15574,96,284514
13311,0.000171,172.31.47.0-255,66,15640,96,284514
13312,0.000174,74.125.24.0-255,1484,17124,96,284514
13313,0.000176,172.31.47.0-255,66,17190,96,284514
13314,0.000188,74.125.24.0-255,1484,18674,96,284514
13315,0.00019,172.31.47.0-255,66,18740,96,284514
13316,0.000233,74.125.24.0-255,2902,21642,96,284514
13317,0.000236,172.31.47.0-255,66,21708,96,284514
13318,0.000259,74.125.24.0-255,2902,24610,96,284514
13319,0.000261,172.31.47.0-255,66,24676,96,284514
13320,0.000273,172.31.47.0-255,66,24742,96,284514
13321,0.000304,74.125.24.0-255,1484,26226,96,284514
13322,0.000307,172.31.47.0-255,66,26292,96,284514
13323,0.000333,172.31.47.0-255,66,26358,96,284514
13324,0.000353,74.125.24.0-255,1484,27842,96,284514
13325,0.000355,172.31.47.0-255,66,27908,96,284514
13326,0.00036,74.125.24.0-255,2902,30810,96,284514
13327,0.000362,172.31.47.0-255,66,30876,96,284514
13328,0.000365,74.125.24.0-255,1484,32360,96,284514
13329,0.000366,172.31.47.0-255,66,32426,96,284514
13330,0.000388,74.125.24.0-255,4320,36746,96,284514
13331,0.000392,172.31.47.0-255,66,36812,96,284514
13332,0.000394,74.125.24.0-255,1484,38296,96,284514
13333,0.00042,74.125.24.0-255,5379,43675,96,284514
13334,0.000424,172.31.47.0-255,66,43741,96,284514
13335,0.000438,74.125.24.0-255,411,44152,96,284514
13336,0.000511,74.125.24.0-255,1484,45636,96,284514
13337,0.000515,172.31.47.0-255,66,45702,96,284514
13338,0.000524,74.125.24.0-255,2902,48604,96,284514
13339,0.000526,172.31.47.0-255,66,48670,96,284514
13340,0.000545,74.125.24.0-255,5738,54408,96,284514
13341,0.000548,172.31.47.0-255,66,54474,96,284514
13342,0.00057,74.125.24.0-255,5738,60212,96,284514
13343,0.000574,172.31.47.0-255,66,60278,96,284514
13344,0.000597,74.125.24.0-255,2543,62821,96,284514
13345,0.0006,172.31.47.0-255,66,62887,96,284514
13346,0.000609,172.31.47.0-255,66,62953,96,284514
13347,0.000626,74.125.24.0-255,6797,69750,96,284514
13348,0.000629,172.31.47.0-255,66,69816,96,284514
13349,0.000811,74.125.24.0-255,1484,71300,96,284514
13350,0.000822,74.125.24.0-255,2902,74202,96,284514
13351,0.000825,172.31.47.0-255,66,74268,96,284514
13352,0.000828,74.125.24.0-255,1484,75752,96,284514
13353,0.000846,74.125.24.0-255,4320,80072,96,284514
13354,0.000849,172.31.47.0-255,66,80138,96,284514
13355,0.000861,74.125.24.0-255,4320,84458,96,284514
13356,0.000864,172.31.47.0-255,66,84524,96,284514
13357,0.000883,172.31.47.0-255,66,84590,96,284514
13358,0.000885,74.125.24.0-255,1484,86074,96,284514
13359,0.000918,74.125.24.0-255,1484,87558,96,284514
13360,0.000921,172.31.47.0-255,66,87624,96,284514
13361,0.00095,172.31.47.0-255,66,87690,96,284514
13362,0.000992,74.125.24.0-255,1484,89174,96,284514
13363,0.001009,74.125.24.0-255,2902,92076,96,284514
13364,0.001012,172.31.47.0-255,66,92142,96,284514
13365,0.00104,74.125.24.0-255,4320,96462,96,284514
13366,0.001043,172.31.47.0-255,66,96528,96,284514
13367,0.001083,74.125.24.0-255,7156,103684,96,284514
13368,0.001086,172.31.47.0-255,66,103750,96,284514
13369,0.001103,74.125.24.0-255,1484,105234,96,284514
13370,0.001112,172.31.47.0-255,66,105300,96,284514
13371,0.001134,74.125.24.0-255,1484,106784,96,284514
13372,0.001154,74.125.24.0-255,6704,113488,96,284514
13373,0.001157,172.31.47.0-255,66,113554,96,284514
13374,0.001649,74.125.24.0-255,1484,115038,96,284514
13375,0.00166,74.125.24.0-255,2902,117940,96,284514
13376,0.001665,172.31.47.0-255,66,118006,96,284514
13377,0.001741,74.125.24.0-255,5738,123744,96,284514
13378,0.001745,172.31.47.0-255,66,123810,96,284514
13379,0.00177,74.125.24.0-255,2902,126712,96,284514
13380,0.001772,172.31.47.0-255,66,126778,96,284514
13381,0.001791,74.125.24.0-255,4320,131098,96,284514
13382,0.001794,172.31.47.0-255,66,131164,96,284514
13383,0.001829,74.125.24.0-255,4320,135484,96,284514
13384,0.001833,172.31.47.0-255,66,135550,96,284514
13385,0.001865,172.31.47.0-255,66,135616,96,284514
13386,0.001869,74.125.24.0-255,2184,137800,96,284514
13387,0.001872,172.31.47.0-255,66,137866,96,284514
13388,0.002235,74.125.24.0-255,1484,139350,96,284514
13389,0.002251,74.125.24.0-255,2902,142252,96,284514
13390,0.002254,172.31.47.0-255,66,142318,96,284514
13391,0.002259,74.125.24.0-255,2902,145220,96,284514
13392,0.002261,172.31.47.0-255,66,145286,96,284514
13393,0.002272,74.125.24.0-255,2902,148188,96,284514
13394,0.002274,172.31.47.0-255,66,148254,96,284514
13395,0.002295,74.125.24.0-255,5738,153992,96,284514
13396,0.002297,172.31.47.0-255,66,154058,96,284514
13397,0.002325,172.31.47.0-255,66,154124,96,284514
13398,0.002354,74.125.24.0-255,5020,159144,96,284514
13399,0.002357,172.31.47.0-255,66,159210,96,284514
13400,0.002373,74.125.24.0-255,1484,160694,96,284514
13401,0.002375,172.31.47.0-255,78,160772,96,284514
13402,0.002382,74.125.24.0-255,7156,167928,96,284514
13403,0.002385,172.31.47.0-255,78,168006,96,284514
13404,0.002402,74.125.24.0-255,5738,173744,96,284514
13405,0.002405,172.31.47.0-255,66,173810,96,284514
13406,0.002416,172.31.47.0-255,66,173876,96,284514
13407,0.002441,172.31.47.0-255,66,173942,96,284514
13408,0.002465,74.125.24.0-255,2184,176126,96,284514
13409,0.002467,172.31.47.0-255,66,176192,96,284514
13410,0.00247,74.125.24.0-255,1484,177676,96,284514
13411,0.002472,74.125.24.0-255,1484,179160,96,284514
13412,0.002474,172.31.47.0-255,66,179226,96,284514
13413,0.002484,74.125.24.0-255,1484,180710,96,284514
13414,0.002497,74.125.24.0-255,2902,183612,96,284514
13415,0.0025,172.31.47.0-255,66,183678,96,284514
13416,0.002515,74.125.24.0-255,7156,190834,96,284514
13417,0.002518,172.31.47.0-255,66,190900,96,284514
13418,0.002549,74.125.24.0-255,2902,193802,96,284514
13419,0.002551,172.31.47.0-255,66,193868,96,284514
13420,0.00256,172.31.47.0-255,66,193934,96,284514
13421,0.002563,74.125.24.0-255,2902,196836,96,284514
13422,0.002565,172.31.47.0-255,66,196902,96,284514
13423,0.002571,74.125.24.0-255,5020,201922,96,284514
13424,0.002573,172.31.47.0-255,66,201988,96,284514
13425,0.002615,74.125.24.0-255,1484,203472,96,284514
13426,0.00263,74.125.24.0-255,2902,206374,96,284514
13427,0.002633,172.31.47.0-255,66,206440,96,284514
13428,0.002644,74.125.24.0-255,2902,209342,96,284514
13429,0.002646,172.31.47.0-255,66,209408,96,284514
13430,0.002661,74.125.24.0-255,1484,210892,96,284514
13431,0.002671,172.31.47.0-255,66,210958,96,284514
13432,0.002692,74.125.24.0-255,1484,212442,96,284514
13433,0.002718,172.31.47.0-255,66,212508,96,284514
13434,0.002721,74.125.24.0-255,1484,213992,96,284514
13435,0.002763,74.125.24.0-255,1484,215476,96,284514
13436,0.002765,172.31.47.0-255,66,215542,96,284514
13437,0.002781,74.125.24.0-255,2902,218444,96,284514
13438,0.002783,172.31.47.0-255,66,218510,96,284514
13439,0.002789,74.125.24.0-255,5738,224248,96,284514
13440,0.00279,172.31.47.0-255,66,224314,96,284514
13441,0.002796,74.125.24.0-255,4320,228634,96,284514
13442,0.002797,172.31.47.0-255,66,228700,96,284514
13443,0.002816,74.125.24.0-255,7156,235856,96,284514
13444,0.002819,172.31.47.0-255,66,235922,96,284514
13445,0.002825,74.125.24.0-255,5738,241660,96,284514
13446,0.002827,172.31.47.0-255,66,241726,96,284514
13447,0.00285,74.125.24.0-255,6438,248164,96,284514
13448,0.002852,172.31.47.0-255,66,248230,96,284514
13449,0.002879,74.125.24.0-255,1484,249714,96,284514
13450,0.002882,172.31.47.0-255,78,249792,96,284514
13451,0.002911,74.125.24.0-255,2902,252694,96,284514
13452,0.002914,172.31.47.0-255,78,252772,96,284514
13453,0.002943,172.31.47.0-255,78,252850,96,284514
13454,0.002948,74.125.24.0-255,4320,257170,96,284514
13455,0.00295,172.31.47.0-255,78,257248,96,284514
13456,0.002967,74.125.24.0-255,2902,260150,96,284514
13457,0.002969,172.31.47.0-255,66,260216,96,284514
13458,0.002972,74.125.24.0-255,1484,261700,96,284514
13459,0.002977,74.125.24.0-255,4320,266020,96,284514
13460,0.002979,172.31.47.0-255,66,266086,96,284514
13461,0.002983,74.125.24.0-255,3602,269688,96,284514
13462,0.002985,172.31.47.0-255,66,269754,96,284514
13463,0.003003,74.125.24.0-255,1484,271238,96,284514
13464,0.003018,74.125.24.0-255,5738,276976,96,284514
13465,0.00302,172.31.47.0-255,66,277042,96,284514
13466,0.003032,74.125.24.0-255,2769,279811,96,284514
13467,0.003035,172.31.47.0-255,66,279877,96,284514
13468,0.003037,74.125.24.0-255,105,279982,96,284514
13469,0.006478,172.31.47.0-255,66,280048,96,284514
13470,0.006501,172.31.47.0-255,105,280153,96,284514
13471,0.008757,74.125.24.0-255,66,280219,96,284514
13472,0.026396,172.31.47.0-255,172,280391,96,284514
13473,0.026427,172.31.47.0-255,1105,281496,96,284514
13474,0.026472,172.31.47.0-255,1514,283010,96,284514
13475,0.026474,172.31.47.0-255,1306,284316,96,284514
13476,0.027977,104.244.42.0-255,66,284382,96,284514
13477,0.027985,104.244.42.0-255,66,284448,96,284514
13478,0.028013,104.244.42.0-255,66,284514,96,284514
13479,0.0,172.217.160.0-255,226,226,96,126625
13480,3.4e-05,172.31.47.0-255,66,292,96,126625
13481,4.1e-05,172.217.160.0-255,1484,1776,96,126625
13482,4.5e-05,172.31.47.0-255,66,1842,96,126625
13483,5.3e-05,172.217.160.0-255,4320,6162,96,126625
13484,5.8e-05,172.31.47.0-255,66,6228,96,126625
13485,0.000117,172.217.160.0-255,5738,11966,96,126625
13486,0.00012,172.31.47.0-255,66,12032,96,126625
13487,0.000137,172.217.160.0-255,3545,15577,96,126625
13488,0.00014,172.31.47.0-255,66,15643,96,126625
13489,0.000403,172.31.47.0-255,66,15709,96,126625
13490,0.000422,172.217.160.0-255,4320,20029,96,126625
13491,0.000425,172.31.47.0-255,66,20095,96,126625
13492,0.000782,172.217.160.0-255,1125,21220,96,126625
13493,0.000788,172.31.47.0-255,66,21286,96,126625
13494,0.002048,172.217.160.0-255,4320,25606,96,126625
13495,0.002055,172.31.47.0-255,66,25672,96,126625
13496,0.002417,172.217.160.0-255,1484,27156,96,126625
13497,0.002421,172.31.47.0-255,66,27222,96,126625
13498,0.003687,172.217.160.0-255,4320,31542,96,126625
13499,0.003692,172.31.47.0-255,66,31608,96,126625
13500,0.004043,172.217.160.0-255,1484,33092,96,126625
13501,0.004047,172.31.47.0-255,66,33158,96,126625
13502,0.005327,172.217.160.0-255,2902,36060,96,126625
13503,0.005333,172.31.47.0-255,66,36126,96,126625
13504,0.005351,172.217.160.0-255,1484,37610,96,126625
13505,0.005354,172.31.47.0-255,66,37676,96,126625
13506,0.005668,172.217.160.0-255,1484,39160,96,126625
13507,0.005674,172.31.47.0-255,66,39226,96,126625
13508,0.006959,172.217.160.0-255,2902,42128,96,126625
13509,0.006967,172.31.47.0-255,66,42194,96,126625
13510,0.007305,172.217.160.0-255,2902,45096,96,126625
13511,0.007312,172.31.47.0-255,66,45162,96,126625
13512,0.008602,172.217.160.0-255,2902,48064,96,126625
13513,0.008615,172.31.47.0-255,66,48130,96,126625
13514,0.008928,172.217.160.0-255,2902,51032,96,126625
13515,0.008934,172.31.47.0-255,66,51098,96,126625
13516,0.010249,172.217.160.0-255,2902,54000,96,126625
13517,0.01026,172.31.47.0-255,66,54066,96,126625
13518,0.010573,172.217.160.0-255,2902,56968,96,126625
13519,0.01058,172.31.47.0-255,66,57034,96,126625
13520,0.011904,172.217.160.0-255,2902,59936,96,126625
13521,0.011919,172.31.47.0-255,66,60002,96,126625
13522,0.012203,172.217.160.0-255,2902,62904,96,126625
13523,0.01221,172.31.47.0-255,66,62970,96,126625
13524,0.013542,172.217.160.0-255,2902,65872,96,126625
13525,0.01355,172.31.47.0-255,66,65938,96,126625
13526,0.013862,172.217.160.0-255,2902,68840,96,126625
13527,0.013868,172.31.47.0-255,66,68906,96,126625
13528,0.015187,172.217.160.0-255,2902,71808,96,126625
13529,0.015203,172.31.47.0-255,66,71874,96,126625
13530,0.015489,172.217.160.0-255,2902,74776,96,126625
13531,0.015495,172.31.47.0-255,66,74842,96,126625
13532,0.016838,172.217.160.0-255,2902,77744,96,126625
13533,0.016849,172.31.47.0-255,66,77810,96,126625
13534,0.017121,172.217.160.0-255,2902,80712,96,126625
13535,0.017128,172.31.47.0-255,66,80778,96,126625
13536,0.018487,172.217.160.0-255,2902,83680,96,126625
13537,0.018502,172.31.47.0-255,66,83746,96,126625
13538,0.018747,172.217.160.0-255,2902,86648,96,126625
13539,0.018753,172.31.47.0-255,66,86714,96,126625
13540,0.020159,172.217.160.0-255,2902,89616,96,126625
13541,0.020174,172.31.47.0-255,66,89682,96,126625
13542,0.020381,172.217.160.0-255,2902,92584,96,126625
13543,0.020386,172.31.47.0-255,66,92650,96,126625
13544,0.0218,172.217.160.0-255,2902,95552,96,126625
13545,0.021808,172.31.47.0-255,66,95618,96,126625
13546,0.022008,172.217.160.0-255,2902,98520,96,126625
13547,0.022014,172.31.47.0-255,66,98586,96,126625
13548,0.02228,172.31.47.0-255,172,98758,96,126625
13549,0.022325,172.31.47.0-255,1101,99859,96,126625
13550,0.022402,172.31.47.0-255,1514,101373,96,126625
13551,0.022404,172.31.47.0-255,1310,102683,96,126625
13552,0.023452,172.217.160.0-255,2902,105585,96,126625
13553,0.023467,172.31.47.0-255,66,105651,96,126625
13554,0.02365,172.217.160.0-255,2902,108553,96,126625
13555,0.023656,172.31.47.0-255,66,108619,96,126625
13556,0.023835,104.244.42.0-255,66,108685,96,126625
13557,0.023848,104.244.42.0-255,66,108751,96,126625
13558,0.023973,104.244.42.0-255,66,108817,96,126625
13559,0.025097,172.217.160.0-255,2902,111719,96,126625
13560,0.025107,172.31.47.0-255,66,111785,96,126625
13561,0.025268,172.217.160.0-255,2902,114687,96,126625
13562,0.025273,172.31.47.0-255,66,114753,96,126625
13563,0.026728,172.217.160.0-255,2902,117655,96,126625
13564,0.026738,172.31.47.0-255,66,117721,96,126625
13565,0.026892,172.217.160.0-255,2902,120623,96,126625
13566,0.026896,172.31.47.0-255,66,120689,96,126625
13567,0.028386,172.217.160.0-255,2902,123591,96,126625
13568,0.028399,172.31.47.0-255,66,123657,96,126625
13569,0.028511,172.217.160.0-255,2902,126559,96,126625
13570,0.028516,172.31.47.0-255,66,126625,96,126625
13571,0.0,172.217.194.0-255,153,153,96,194855
13572,3.1e-05,172.31.47.0-255,66,219,96,194855
13573,3.8e-05,172.217.194.0-255,1484,1703,96,194855
13574,4.2e-05,172.31.47.0-255,66,1769,96,194855
13575,4.6e-05,172.217.194.0-255,2902,4671,96,194855
13576,4.8e-05,172.31.47.0-255,66,4737,96,194855
13577,7.2e-05,172.217.194.0-255,5738,10475,96,194855
13578,7.4e-05,172.31.47.0-255,66,10541,96,194855
13579,0.000153,172.217.194.0-255,3433,13974,96,194855
13580,0.000159,172.31.47.0-255,66,14040,96,194855
13581,0.000237,172.217.194.0-255,1484,15524,96,194855
13582,0.00024,172.31.47.0-255,66,15590,96,194855
13583,0.000244,172.217.194.0-255,1484,17074,96,194855
13584,0.000245,172.31.47.0-255,66,17140,96,194855
13585,0.000258,172.217.194.0-255,1484,18624,96,194855
13586,0.00026,172.31.47.0-255,66,18690,96,194855
13587,0.000285,172.217.194.0-255,5738,24428,96,194855
13588,0.000288,172.31.47.0-255,66,24494,96,194855
13589,0.000368,172.217.194.0-255,4320,28814,96,194855
13590,0.000374,172.31.47.0-255,66,28880,96,194855
13591,0.000389,172.31.47.0-255,66,28946,96,194855
13592,0.000549,172.217.194.0-255,7156,36102,96,194855
13593,0.000553,172.31.47.0-255,66,36168,96,194855
13594,0.000573,172.217.194.0-255,3961,40129,96,194855
13595,0.000588,172.31.47.0-255,66,40195,96,194855
13596,0.000707,172.217.194.0-255,4320,44515,96,194855
13597,0.000712,172.31.47.0-255,66,44581,96,194855
13598,0.000776,172.217.194.0-255,5738,50319,96,194855
13599,0.00078,172.31.47.0-255,66,50385,96,194855
13600,0.000809,172.31.47.0-255,66,50451,96,194855
13601,0.000965,172.217.194.0-255,7156,57607,96,194855
13602,0.00097,172.31.47.0-255,66,57673,96,194855
13603,0.001014,172.31.47.0-255,66,57739,96,194855
13604,0.001182,172.217.194.0-255,4320,62059,96,194855
13605,0.001187,172.31.47.0-255,66,62125,96,194855
13606,0.001226,172.31.47.0-255,66,62191,96,194855
13607,0.00144,172.217.194.0-255,2902,65093,96,194855
13608,0.001443,172.31.47.0-255,66,65159,96,194855
13609,0.001481,172.31.47.0-255,66,65225,96,194855
13610,0.001707,172.217.194.0-255,7156,72381,96,194855
13611,0.00171,172.31.47.0-255,66,72447,96,194855
13612,0.001741,172.31.47.0-255,66,72513,96,194855
13613,0.00192,172.217.194.0-255,1484,73997,96,194855
13614,0.001939,172.217.194.0-255,2902,76899,96,194855
13615,0.001942,172.31.47.0-255,66,76965,96,194855
13616,0.00198,172.217.194.0-255,2902,79867,96,194855
13617,0.001996,172.217.194.0-255,2902,82769,96,194855
13618,0.002004,172.31.47.0-255,66,82835,96,194855
13619,0.002083,172.217.194.0-255,4320,87155,96,194855
13620,0.002086,172.31.47.0-255,66,87221,96,194855
13621,0.002116,172.31.47.0-255,66,87287,96,194855
13622,0.002247,172.217.194.0-255,4320,91607,96,194855
13623,0.00225,172.31.47.0-255,66,91673,96,194855
13624,0.002272,172.217.194.0-255,6438,98111,96,194855
13625,0.002279,172.31.47.0-255,66,98177,96,194855
13626,0.002429,172.217.194.0-255,5738,103915,96,194855
13627,0.002432,172.31.47.0-255,66,103981,96,194855
13628,0.002462,172.31.47.0-255,66,104047,96,194855
13629,0.002497,172.31.47.0-255,66,104113,96,194855
13630,0.002777,172.217.194.0-255,2902,107015,96,194855
13631,0.002781,172.31.47.0-255,66,107081,96,194855
13632,0.002803,172.217.194.0-255,5020,112101,96,194855
13633,0.00281,172.31.47.0-255,66,112167,96,194855
13634,0.004833,172.217.194.0-255,5738,117905,96,194855
13635,0.004838,172.31.47.0-255,66,117971,96,194855
13636,0.006876,172.217.194.0-255,5738,123709,96,194855
13637,0.006882,172.31.47.0-255,66,123775,96,194855
13638,0.008926,172.217.194.0-255,5738,129513,96,194855
13639,0.008933,172.31.47.0-255,66,129579,96,194855
13640,0.010962,172.217.194.0-255,5738,135317,96,194855
13641,0.01097,172.31.47.0-255,66,135383,96,194855
13642,0.012989,172.217.194.0-255,5738,141121,96,194855
13643,0.012996,172.31.47.0-255,66,141187,96,194855
13644,0.015009,172.217.194.0-255,5738,146925,96,194855
13645,0.015016,172.31.47.0-255,66,146991,96,194855
13646,0.017032,172.217.194.0-255,5738,152729,96,194855
13647,0.017038,172.31.47.0-255,66,152795,96,194855
13648,0.01909,172.217.194.0-255,5738,158533,96,194855
13649,0.019095,172.31.47.0-255,66,158599,96,194855
13650,0.021111,172.217.194.0-255,5738,164337,96,194855
13651,0.021116,172.31.47.0-255,66,164403,96,194855
13652,0.022069,172.31.47.0-255,172,164575,96,194855
13653,0.022102,172.31.47.0-255,1111,165686,96,194855
13654,0.022161,172.31.47.0-255,1514,167200,96,194855
13655,0.022162,172.31.47.0-255,1514,168714,96,194855
13656,0.022166,172.31.47.0-255,1514,170228,96,194855
13657,0.022167,172.31.47.0-255,1081,171309,96,194855
13658,0.023141,172.217.194.0-255,5738,177047,96,194855
13659,0.023146,172.31.47.0-255,66,177113,96,194855
13660,0.023615,104.244.42.0-255,66,177179,96,194855
13661,0.02362,104.244.42.0-255,66,177245,96,194855
13662,0.023709,104.244.42.0-255,66,177311,96,194855
13663,0.023723,104.244.42.0-255,66,177377,96,194855
13664,0.025182,172.217.194.0-255,5738,183115,96,194855
13665,0.025186,172.31.47.0-255,66,183181,96,194855
13666,0.027293,172.217.194.0-255,5738,188919,96,194855
13667,0.027298,172.31.47.0-255,66,188985,96,194855
13668,0.02935,172.217.194.0-255,4320,193305,96,194855
13669,0.029355,172.31.47.0-255,66,193371,96,194855
13670,0.02938,172.217.194.0-255,1484,194855,96,194855
13671,0.0,172.217.194.0-255,152,152,96,223831
13672,3.1e-05,172.31.47.0-255,66,218,96,223831
13673,3.8e-05,172.217.194.0-255,1484,1702,96,223831
13674,4.3e-05,172.31.47.0-255,66,1768,96,223831
13675,4.8e-05,172.217.194.0-255,2902,4670,96,223831
13676,5.7e-05,172.31.47.0-255,66,4736,96,223831
13677,6.4e-05,172.217.194.0-255,5738,10474,96,223831
13678,6.6e-05,172.31.47.0-255,66,10540,96,223831
13679,0.000109,172.217.194.0-255,3559,14099,96,223831
13680,0.000112,172.31.47.0-255,66,14165,96,223831
13681,0.000286,172.217.194.0-255,1484,15649,96,223831
13682,0.000291,172.31.47.0-255,66,15715,96,223831
13683,0.000296,172.217.194.0-255,2902,18617,96,223831
13684,0.000298,172.31.47.0-255,66,18683,96,223831
13685,0.00032,172.217.194.0-255,5738,24421,96,223831
13686,0.000326,172.31.47.0-255,66,24487,96,223831
13687,0.000351,172.217.194.0-255,4320,28807,96,223831
13688,0.000354,172.31.47.0-255,66,28873,96,223831
13689,0.000394,172.31.47.0-255,66,28939,96,223831
13690,0.000404,172.31.47.0-255,66,29005,96,223831
13691,0.000446,172.31.47.0-255,66,29071,96,223831
13692,0.000448,172.217.194.0-255,394,29465,96,223831
13693,0.000452,172.31.47.0-255,66,29531,96,223831
13694,0.000482,172.217.194.0-255,380,29911,96,223831
13695,0.000486,172.31.47.0-255,66,29977,96,223831
13696,0.000554,172.217.194.0-255,1484,31461,96,223831
13697,0.000558,172.31.47.0-255,66,31527,96,223831
13698,0.000562,172.217.194.0-255,4320,35847,96,223831
13699,0.000564,172.31.47.0-255,66,35913,96,223831
13700,0.000609,172.31.47.0-255,66,35979,96,223831
13701,0.000618,172.217.194.0-255,2184,38163,96,223831
13702,0.00062,172.31.47.0-255,66,38229,96,223831
13703,0.000622,172.31.47.0-255,66,38295,96,223831
13704,0.00097,172.217.194.0-255,1484,39779,96,223831
13705,0.000978,172.217.194.0-255,2902,42681,96,223831
13706,0.000982,172.31.47.0-255,66,42747,96,223831
13707,0.000992,172.217.194.0-255,1484,44231,96,223831
13708,0.00101,172.217.194.0-255,4320,48551,96,223831
13709,0.001013,172.31.47.0-255,66,48617,96,223831
13710,0.001023,172.217.194.0-255,1484,50101,96,223831
13711,0.001055,172.31.47.0-255,66,50167,96,223831
13712,0.001077,172.217.194.0-255,2902,53069,96,223831
13713,0.00108,172.31.47.0-255,66,53135,96,223831
13714,0.001112,172.31.47.0-255,66,53201,96,223831
13715,0.001124,172.217.194.0-255,1484,54685,96,223831
13716,0.001142,172.217.194.0-255,5738,60423,96,223831
13717,0.001145,172.31.47.0-255,66,60489,96,223831
13718,0.001151,172.217.194.0-255,5738,66227,96,223831
13719,0.001152,172.31.47.0-255,66,66293,96,223831
13720,0.00117,172.217.194.0-255,2902,69195,96,223831
13721,0.001172,172.217.194.0-255,1484,70679,96,223831
13722,0.001174,172.31.47.0-255,66,70745,96,223831
13723,0.001207,172.31.47.0-255,66,70811,96,223831
13724,0.001232,172.217.194.0-255,766,71577,96,223831
13725,0.001504,172.217.194.0-255,1484,73061,96,223831
13726,0.001507,172.31.47.0-255,66,73127,96,223831
13727,0.001522,172.217.194.0-255,2902,76029,96,223831
13728,0.001529,172.31.47.0-255,66,76095,96,223831
13729,0.001535,172.217.194.0-255,4320,80415,96,223831
13730,0.001537,172.31.47.0-255,66,80481,96,223831
13731,0.001575,172.217.194.0-255,1484,81965,96,223831
13732,0.001587,172.31.47.0-255,66,82031,96,223831
13733,0.001617,172.31.47.0-255,66,82097,96,223831
13734,0.001628,172.217.194.0-255,2184,84281,96,223831
13735,0.001635,172.31.47.0-255,66,84347,96,223831
13736,0.001718,172.217.194.0-255,1484,85831,96,223831
13737,0.001735,172.217.194.0-255,2902,88733,96,223831
13738,0.001738,172.31.47.0-255,66,88799,96,223831
13739,0.001742,172.217.194.0-255,1484,90283,96,223831
13740,0.00177,172.217.194.0-255,2902,93185,96,223831
13741,0.001773,172.31.47.0-255,66,93251,96,223831
13742,0.001783,172.31.47.0-255,66,93317,96,223831
13743,0.00182,172.31.47.0-255,66,93383,96,223831
13744,0.001846,172.217.194.0-255,2902,96285,96,223831
13745,0.001849,172.31.47.0-255,66,96351,96,223831
13746,0.001853,172.217.194.0-255,2184,98535,96,223831
13747,0.001857,172.31.47.0-255,66,98601,96,223831
13748,0.00197,172.217.194.0-255,1484,100085,96,223831
13749,0.001976,172.217.194.0-255,2902,102987,96,223831
13750,0.001978,172.31.47.0-255,66,103053,96,223831
13751,0.001984,172.217.194.0-255,4320,107373,96,223831
13752,0.001986,172.31.47.0-255,66,107439,96,223831
13753,0.002008,172.217.194.0-255,1484,108923,96,223831
13754,0.002025,172.31.47.0-255,66,108989,96,223831
13755,0.002073,172.31.47.0-255,66,109055,96,223831
13756,0.002105,172.217.194.0-255,6438,115493,96,223831
13757,0.002109,172.31.47.0-255,66,115559,96,223831
13758,0.002135,172.217.194.0-255,1484,117043,96,223831
13759,0.00214,172.217.194.0-255,2902,119945,96,223831
13760,0.002143,172.31.47.0-255,66,120011,96,223831
13761,0.002149,172.217.194.0-255,5738,125749,96,223831
13762,0.002151,172.31.47.0-255,66,125815,96,223831
13763,0.002191,172.217.194.0-255,5738,131553,96,223831
13764,0.002194,172.31.47.0-255,66,131619,96,223831
13765,0.002223,172.217.194.0-255,7156,138775,96,223831
13766,0.002227,172.31.47.0-255,66,138841,96,223831
13767,0.002229,172.217.194.0-255,1484,140325,96,223831
13768,0.002239,172.31.47.0-255,66,140391,96,223831
13769,0.002269,172.217.194.0-255,5738,146129,96,223831
13770,0.002272,172.31.47.0-255,66,146195,96,223831
13771,0.002283,172.217.194.0-255,7156,153351,96,223831
13772,0.002285,172.31.47.0-255,66,153417,96,223831
13773,0.002333,172.31.47.0-255,66,153483,96,223831
13774,0.002335,172.217.194.0-255,6438,159921,96,223831
13775,0.002337,172.31.47.0-255,66,159987,96,223831
13776,0.00464,172.217.194.0-255,5738,165725,96,223831
13777,0.004656,172.31.47.0-255,66,165791,96,223831
13778,0.007011,172.217.194.0-255,5738,171529,96,223831
13779,0.007022,172.31.47.0-255,66,171595,96,223831
13780,0.009391,172.217.194.0-255,5738,177333,96,223831
13781,0.009398,172.31.47.0-255,66,177399,96,223831
13782,0.011687,172.217.194.0-255,5738,183137,96,223831
13783,0.011692,172.31.47.0-255,66,183203,96,223831
13784,0.014034,172.217.194.0-255,5738,188941,96,223831
13785,0.014042,172.31.47.0-255,66,189007,96,223831
13786,0.01639,172.217.194.0-255,5738,194745,96,223831
13787,0.016397,172.31.47.0-255,66,194811,96,223831
13788,0.018747,172.217.194.0-255,5738,200549,96,223831
13789,0.018755,172.31.47.0-255,66,200615,96,223831
13790,0.021041,172.217.194.0-255,5738,206353,96,223831
13791,0.021049,172.31.47.0-255,66,206419,96,223831
13792,0.023404,172.217.194.0-255,5738,212157,96,223831
13793,0.023411,172.31.47.0-255,66,212223,96,223831
13794,0.025722,172.217.194.0-255,5738,217961,96,223831
13795,0.02573,172.31.47.0-255,66,218027,96,223831
13796,0.02808,172.217.194.0-255,5738,223765,96,223831
13797,0.028089,172.31.47.0-255,66,223831,96,223831
13798,0.0,74.125.130.0-255,153,153,96,248363
13799,2.1e-05,172.31.47.0-255,66,219,96,248363
13800,3.6e-05,74.125.130.0-255,1484,1703,96,248363
13801,4.6e-05,172.31.47.0-255,66,1769,96,248363
13802,8.4e-05,74.125.130.0-255,2902,4671,96,248363
13803,8.6e-05,172.31.47.0-255,66,4737,96,248363
13804,8.9e-05,74.125.130.0-255,1484,6221,96,248363
13805,9.1e-05,172.31.47.0-255,66,6287,96,248363
13806,0.000125,74.125.130.0-255,2902,9189,96,248363
13807,0.000127,172.31.47.0-255,66,9255,96,248363
13808,0.000146,74.125.130.0-255,5019,14274,96,248363
13809,0.000148,172.31.47.0-255,66,14340,96,248363
13810,0.000194,74.125.130.0-255,2902,17242,96,248363
13811,0.000197,172.31.47.0-255,66,17308,96,248363
13812,0.00022,74.125.130.0-255,4320,21628,96,248363
13813,0.000222,172.31.47.0-255,66,21694,96,248363
13814,0.000272,172.31.47.0-255,66,21760,96,248363
13815,0.000275,74.125.130.0-255,1125,22885,96,248363
13816,0.000277,172.31.47.0-255,66,22951,96,248363
13817,0.000415,74.125.130.0-255,1484,24435,96,248363
13818,0.00042,172.31.47.0-255,66,24501,96,248363
13819,0.000449,74.125.130.0-255,2902,27403,96,248363
13820,0.000453,172.31.47.0-255,66,27469,96,248363
13821,0.000457,74.125.130.0-255,2902,30371,96,248363
13822,0.000459,172.31.47.0-255,66,30437,96,248363
13823,0.000514,74.125.130.0-255,7156,37593,96,248363
13824,0.000517,172.31.47.0-255,66,37659,96,248363
13825,0.000521,74.125.130.0-255,2543,40202,96,248363
13826,0.000523,172.31.47.0-255,66,40268,96,248363
13827,0.0006,74.125.130.0-255,1484,41752,96,248363
13828,0.000605,172.31.47.0-255,66,41818,96,248363
13829,0.000633,74.125.130.0-255,2902,44720,96,248363
13830,0.000637,172.31.47.0-255,66,44786,96,248363
13831,0.000659,74.125.130.0-255,5738,50524,96,248363
13832,0.000662,172.31.47.0-255,66,50590,96,248363
13833,0.000665,74.125.130.0-255,1484,52074,96,248363
13834,0.000691,74.125.130.0-255,2902,54976,96,248363
13835,0.000693,172.31.47.0-255,66,55042,96,248363
13836,0.000715,74.125.130.0-255,1484,56526,96,248363
13837,0.000736,74.125.130.0-255,1436,57962,96,248363
13838,0.000739,172.31.47.0-255,66,58028,96,248363
13839,0.000742,74.125.130.0-255,366,58394,96,248363
13840,0.000953,74.125.130.0-255,1484,59878,96,248363
13841,0.000959,172.31.47.0-255,66,59944,96,248363
13842,0.000964,74.125.130.0-255,1484,61428,96,248363
13843,0.000969,74.125.130.0-255,2902,64330,96,248363
13844,0.000979,172.31.47.0-255,66,64396,96,248363
13845,0.000984,74.125.130.0-255,2902,67298,96,248363
13846,0.000988,172.31.47.0-255,66,67364,96,248363
13847,0.001016,74.125.130.0-255,2902,70266,96,248363
13848,0.001019,172.31.47.0-255,66,70332,96,248363
13849,0.001033,74.125.130.0-255,6797,77129,96,248363
13850,0.001036,172.31.47.0-255,66,77195,96,248363
13851,0.001044,74.125.130.0-255,5738,82933,96,248363
13852,0.001046,172.31.47.0-255,66,82999,96,248363
13853,0.001085,74.125.130.0-255,1484,84483,96,248363
13854,0.001098,172.31.47.0-255,66,84549,96,248363
13855,0.00135,74.125.130.0-255,1484,86033,96,248363
13856,0.001358,74.125.130.0-255,2902,88935,96,248363
13857,0.001361,172.31.47.0-255,66,89001,96,248363
13858,0.001365,74.125.130.0-255,1484,90485,96,248363
13859,0.001393,74.125.130.0-255,2902,93387,96,248363
13860,0.001397,172.31.47.0-255,66,93453,96,248363
13861,0.001402,74.125.130.0-255,4320,97773,96,248363
13862,0.001404,172.31.47.0-255,66,97839,96,248363
13863,0.001423,74.125.130.0-255,1484,99323,96,248363
13864,0.001429,74.125.130.0-255,4320,103643,96,248363
13865,0.001435,172.31.47.0-255,66,103709,96,248363
13866,0.001461,74.125.130.0-255,5738,109447,96,248363
13867,0.001463,172.31.47.0-255,66,109513,96,248363
13868,0.001468,74.125.130.0-255,2902,112415,96,248363
13869,0.00147,172.31.47.0-255,66,112481,96,248363
13870,0.001502,74.125.130.0-255,6438,118919,96,248363
13871,0.001504,172.31.47.0-255,66,118985,96,248363
13872,0.002036,74.125.130.0-255,1484,120469,96,248363
13873,0.002041,74.125.130.0-255,2902,123371,96,248363
13874,0.002044,172.31.47.0-255,66,123437,96,248363
13875,0.002077,74.125.130.0-255,5738,129175,96,248363
13876,0.00208,172.31.47.0-255,66,129241,96,248363
13877,0.002083,74.125.130.0-255,2902,132143,96,248363
13878,0.002085,172.31.47.0-255,66,132209,96,248363
13879,0.002089,74.125.130.0-255,2902,135111,96,248363
13880,0.002091,172.31.47.0-255,66,135177,96,248363
13881,0.002111,74.125.130.0-255,1484,136661,96,248363
13882,0.002114,74.125.130.0-255,1484,138145,96,248363
13883,0.002116,172.31.47.0-255,66,138211,96,248363
13884,0.002144,74.125.130.0-255,7156,145367,96,248363
13885,0.002154,74.125.130.0-255,5738,151105,96,248363
13886,0.002158,172.31.47.0-255,66,151171,96,248363
13887,0.002161,172.31.47.0-255,66,151237,96,248363
13888,0.002185,74.125.130.0-255,2184,153421,96,248363
13889,0.002192,172.31.47.0-255,66,153487,96,248363
13890,0.002236,74.125.130.0-255,1484,154971,96,248363
13891,0.002241,74.125.130.0-255,2902,157873,96,248363
13892,0.002243,172.31.47.0-255,66,157939,96,248363
13893,0.002275,74.125.130.0-255,5738,163677,96,248363
13894,0.002279,172.31.47.0-255,66,163743,96,248363
13895,0.002283,74.125.130.0-255,4320,168063,96,248363
13896,0.002285,172.31.47.0-255,66,168129,96,248363
13897,0.002311,74.125.130.0-255,5738,173867,96,248363
13898,0.002313,172.31.47.0-255,66,173933,96,248363
13899,0.002316,74.125.130.0-255,2902,176835,96,248363
13900,0.002318,172.31.47.0-255,66,176901,96,248363
13901,0.002354,74.125.130.0-255,7156,184057,96,248363
13902,0.002357,172.31.47.0-255,66,184123,96,248363
13903,0.004658,74.125.130.0-255,5738,189861,96,248363
13904,0.004663,172.31.47.0-255,66,189927,96,248363
13905,0.006963,74.125.130.0-255,5738,195665,96,248363
13906,0.006971,172.31.47.0-255,66,195731,96,248363
13907,0.009299,74.125.130.0-255,5738,201469,96,248363
13908,0.009306,172.31.47.0-255,66,201535,96,248363
13909,0.011653,74.125.130.0-255,5738,207273,96,248363
13910,0.011659,172.31.47.0-255,66,207339,96,248363
13911,0.013977,74.125.130.0-255,5738,213077,96,248363
13912,0.013983,172.31.47.0-255,66,213143,96,248363
13913,0.016297,74.125.130.0-255,5738,218881,96,248363
13914,0.016306,172.31.47.0-255,66,218947,96,248363
13915,0.018633,74.125.130.0-255,5738,224685,96,248363
13916,0.018641,172.31.47.0-255,66,224751,96,248363
13917,0.02095,74.125.130.0-255,5738,230489,96,248363
13918,0.020957,172.31.47.0-255,66,230555,96,248363
13919,0.023271,74.125.130.0-255,2902,233457,96,248363
13920,0.023278,172.31.47.0-255,66,233523,96,248363
13921,0.023324,74.125.130.0-255,2902,236425,96,248363
13922,0.023329,172.31.47.0-255,66,236491,96,248363
13923,0.025593,74.125.130.0-255,2902,239393,96,248363
13924,0.025599,172.31.47.0-255,66,239459,96,248363
13925,0.025629,74.125.130.0-255,2902,242361,96,248363
13926,0.025633,172.31.47.0-255,66,242427,96,248363
13927,0.027919,74.125.130.0-255,2902,245329,96,248363
13928,0.027926,172.31.47.0-255,66,245395,96,248363
13929,0.027957,74.125.130.0-255,2902,248297,96,248363
13930,0.02796,172.31.47.0-255,66,248363,96,248363
13931,0.0,172.217.194.0-255,298,298,96,218500
13932,2.4e-05,172.31.47.0-255,66,364,96,218500
13933,3e-05,172.217.194.0-255,1484,1848,96,218500
13934,3.3e-05,172.31.47.0-255,66,1914,96,218500
13935,3.9e-05,172.217.194.0-255,4320,6234,96,218500
13936,4.1e-05,172.31.47.0-255,66,6300,96,218500
13937,5.1e-05,172.31.47.0-255,66,6366,96,218500
13938,0.000101,172.31.47.0-255,66,6432,96,218500
13939,0.000104,172.217.194.0-255,2543,8975,96,218500
13940,0.000105,172.31.47.0-255,66,9041,96,218500
13941,0.000173,172.217.194.0-255,1484,10525,96,218500
13942,0.000176,172.31.47.0-255,66,10591,96,218500
13943,0.000179,172.217.194.0-255,1484,12075,96,218500
13944,0.00018,172.31.47.0-255,66,12141,96,218500
13945,0.000195,172.217.194.0-255,1484,13625,96,218500
13946,0.000197,172.31.47.0-255,66,13691,96,218500
13947,0.000203,172.217.194.0-255,5738,19429,96,218500
13948,0.000204,172.31.47.0-255,66,19495,96,218500
13949,0.000224,172.217.194.0-255,6797,26292,96,218500
13950,0.000226,172.31.47.0-255,66,26358,96,218500
13951,0.00026,172.31.47.0-255,66,26424,96,218500
13952,0.000273,172.217.194.0-255,2833,29257,96,218500
13953,0.000276,172.31.47.0-255,66,29323,96,218500
13954,0.000298,172.217.194.0-255,98,29421,96,218500
13955,0.000302,172.31.47.0-255,66,29487,96,218500
13956,0.000356,172.217.194.0-255,364,29851,96,218500
13957,0.000359,172.31.47.0-255,66,29917,96,218500
13958,0.000413,172.217.194.0-255,1484,31401,96,218500
13959,0.000417,172.31.47.0-255,66,31467,96,218500
13960,0.000422,172.217.194.0-255,4320,35787,96,218500
13961,0.000424,172.31.47.0-255,66,35853,96,218500
13962,0.000435,172.31.47.0-255,66,35919,96,218500
13963,0.000437,172.217.194.0-255,576,36495,96,218500
13964,0.000789,172.217.194.0-255,1484,37979,96,218500
13965,0.00079,172.31.47.0-255,66,38045,96,218500
13966,0.000792,172.217.194.0-255,1484,39529,96,218500
13967,0.000794,172.31.47.0-255,66,39595,96,218500
13968,0.000811,172.217.194.0-255,1484,41079,96,218500
13969,0.000817,172.217.194.0-255,5738,46817,96,218500
13970,0.000819,172.31.47.0-255,66,46883,96,218500
13971,0.000822,172.217.194.0-255,1484,48367,96,218500
13972,0.000856,172.31.47.0-255,66,48433,96,218500
13973,0.000893,172.31.47.0-255,66,48499,96,218500
13974,0.000911,172.217.194.0-255,2184,50683,96,218500
13975,0.000913,172.31.47.0-255,66,50749,96,218500
13976,0.001337,172.217.194.0-255,1484,52233,96,218500
13977,0.001346,172.217.194.0-255,2902,55135,96,218500
13978,0.00135,172.31.47.0-255,66,55201,96,218500
13979,0.001356,172.217.194.0-255,5738,60939,96,218500
13980,0.001357,172.31.47.0-255,66,61005,96,218500
13981,0.001377,172.217.194.0-255,7156,68161,96,218500
13982,0.001379,172.31.47.0-255,66,68227,96,218500
13983,0.001395,172.217.194.0-255,1484,69711,96,218500
13984,0.001422,172.217.194.0-255,1484,71195,96,218500
13985,0.001425,172.31.47.0-255,66,71261,96,218500
13986,0.001456,172.31.47.0-255,66,71327,96,218500
13987,0.001481,172.217.194.0-255,2902,74229,96,218500
13988,0.001485,172.31.47.0-255,66,74295,96,218500
13989,0.001529,172.31.47.0-255,66,74361,96,218500
13990,0.001536,172.31.47.0-255,66,74427,96,218500
13991,0.001539,172.217.194.0-255,1484,75911,96,218500
13992,0.001562,172.217.194.0-255,5020,80931,96,218500
13993,0.001564,172.31.47.0-255,66,80997,96,218500
13994,0.001703,172.217.194.0-255,1484,82481,96,218500
13995,0.00171,172.217.194.0-255,2902,85383,96,218500
13996,0.001714,172.31.47.0-255,66,85449,96,218500
13997,0.001719,172.217.194.0-255,2902,88351,96,218500
13998,0.001721,172.31.47.0-255,66,88417,96,218500
13999,0.001759,172.217.194.0-255,7156,95573,96,218500
14000,0.001764,172.31.47.0-255,66,95639,96,218500
14001,0.001786,172.217.194.0-255,5738,101377,96,218500
14002,0.00179,172.31.47.0-255,66,101443,96,218500
14003,0.001811,172.217.194.0-255,5738,107181,96,218500
14004,0.001814,172.31.47.0-255,66,107247,96,218500
14005,0.001834,172.217.194.0-255,5738,112985,96,218500
14006,0.001836,172.31.47.0-255,66,113051,96,218500
14007,0.001858,172.217.194.0-255,2184,115235,96,218500
14008,0.001861,172.31.47.0-255,66,115301,96,218500
14009,0.002047,172.217.194.0-255,1484,116785,96,218500
14010,0.002066,172.217.194.0-255,2902,119687,96,218500
14011,0.002069,172.31.47.0-255,66,119753,96,218500
14012,0.002075,172.217.194.0-255,5738,125491,96,218500
14013,0.002077,172.31.47.0-255,66,125557,96,218500
14014,0.002079,172.217.194.0-255,1484,127041,96,218500
14015,0.002096,172.217.194.0-255,2902,129943,96,218500
14016,0.002098,172.31.47.0-255,66,130009,96,218500
14017,0.002114,172.217.194.0-255,7156,137165,96,218500
14018,0.002116,172.31.47.0-255,66,137231,96,218500
14019,0.002141,172.217.194.0-255,4320,141551,96,218500
14020,0.002144,172.31.47.0-255,66,141617,96,218500
14021,0.002154,172.31.47.0-255,66,141683,96,218500
14022,0.004458,172.217.194.0-255,5738,147421,96,218500
14023,0.004465,172.31.47.0-255,66,147487,96,218500
14024,0.006799,172.217.194.0-255,5738,153225,96,218500
14025,0.006804,172.31.47.0-255,66,153291,96,218500
14026,0.009095,172.217.194.0-255,5738,159029,96,218500
14027,0.0091,172.31.47.0-255,66,159095,96,218500
14028,0.01143,172.217.194.0-255,5738,164833,96,218500
14029,0.011437,172.31.47.0-255,66,164899,96,218500
14030,0.013766,172.217.194.0-255,5738,170637,96,218500
14031,0.013775,172.31.47.0-255,66,170703,96,218500
14032,0.016109,172.217.194.0-255,5738,176441,96,218500
14033,0.016118,172.31.47.0-255,66,176507,96,218500
14034,0.018437,172.217.194.0-255,5738,182245,96,218500
14035,0.018445,172.31.47.0-255,66,182311,96,218500
14036,0.020777,172.217.194.0-255,5738,188049,96,218500
14037,0.020787,172.31.47.0-255,66,188115,96,218500
14038,0.023053,172.217.194.0-255,5738,193853,96,218500
14039,0.023058,172.31.47.0-255,66,193919,96,218500
14040,0.025405,172.217.194.0-255,5738,199657,96,218500
14041,0.025411,172.31.47.0-255,66,199723,96,218500
14042,0.026091,172.31.47.0-255,171,199894,96,218500
14043,0.026131,172.31.47.0-255,1133,201027,96,218500
14044,0.026206,172.31.47.0-255,1514,202541,96,218500
14045,0.026208,172.31.47.0-255,1514,204055,96,218500
14046,0.026213,172.31.47.0-255,1514,205569,96,218500
14047,0.026214,172.31.47.0-255,1059,206628,96,218500
14048,0.027609,104.244.42.0-255,66,206694,96,218500
14049,0.027701,104.244.42.0-255,66,206760,96,218500
14050,0.027715,172.217.194.0-255,5738,212498,96,218500
14051,0.02772,172.31.47.0-255,66,212564,96,218500
14052,0.027764,104.244.42.0-255,66,212630,96,218500
14053,0.027769,104.244.42.0-255,66,212696,96,218500
14054,0.029991,172.217.194.0-255,5738,218434,96,218500
14055,0.029997,172.31.47.0-255,66,218500,96,218500
14056,0.0,172.217.194.0-255,153,153,96,238939
14057,3.6e-05,172.31.47.0-255,66,219,96,238939
14058,4.3e-05,172.217.194.0-255,1484,1703,96,238939
14059,4.8e-05,172.31.47.0-255,66,1769,96,238939
14060,5.3e-05,172.217.194.0-255,2902,4671,96,238939
14061,5.6e-05,172.31.47.0-255,66,4737,96,238939
14062,6.4e-05,172.217.194.0-255,7156,11893,96,238939
14063,6.7e-05,172.31.47.0-255,66,11959,96,238939
14064,7.1e-05,172.217.194.0-255,2019,13978,96,238939
14065,7.4e-05,172.31.47.0-255,66,14044,96,238939
14066,7.8e-05,172.217.194.0-255,1484,15528,96,238939
14067,8e-05,172.31.47.0-255,66,15594,96,238939
14068,9.6e-05,172.217.194.0-255,1484,17078,96,238939
14069,9.9e-05,172.31.47.0-255,66,17144,96,238939
14070,0.000106,172.217.194.0-255,7156,24300,96,238939
14071,0.000108,172.31.47.0-255,66,24366,96,238939
14072,0.000115,172.217.194.0-255,5738,30104,96,238939
14073,0.000117,172.31.47.0-255,66,30170,96,238939
14074,0.000154,172.217.194.0-255,2543,32713,96,238939
14075,0.000157,172.31.47.0-255,66,32779,96,238939
14076,0.000161,172.217.194.0-255,2902,35681,96,238939
14077,0.000163,172.31.47.0-255,66,35747,96,238939
14078,0.000167,172.217.194.0-255,1484,37231,96,238939
14079,0.000169,172.31.47.0-255,66,37297,96,238939
14080,0.000198,172.217.194.0-255,5738,43035,96,238939
14081,0.0002,172.31.47.0-255,66,43101,96,238939
14082,0.000204,172.217.194.0-255,1484,44585,96,238939
14083,0.000206,172.31.47.0-255,66,44651,96,238939
14084,0.000223,172.217.194.0-255,3961,48612,96,238939
14085,0.000228,172.31.47.0-255,66,48678,96,238939
14086,0.000896,172.217.194.0-255,1484,50162,96,238939
14087,0.000902,172.31.47.0-255,66,50228,96,238939
14088,0.000911,172.217.194.0-255,2902,53130,96,238939
14089,0.000914,172.31.47.0-255,66,53196,96,238939
14090,0.000921,172.217.194.0-255,5738,58934,96,238939
14091,0.000923,172.31.47.0-255,66,59000,96,238939
14092,0.000964,172.217.194.0-255,4320,63320,96,238939
14093,0.000968,172.31.47.0-255,66,63386,96,238939
14094,0.000982,172.217.194.0-255,3123,66509,96,238939
14095,0.000985,172.31.47.0-255,66,66575,96,238939
14096,0.001291,172.217.194.0-255,1484,68059,96,238939
14097,0.0013,172.217.194.0-255,2902,70961,96,238939
14098,0.001304,172.31.47.0-255,66,71027,96,238939
14099,0.001311,172.217.194.0-255,5738,76765,96,238939
14100,0.001313,172.31.47.0-255,66,76831,96,238939
14101,0.001321,172.217.194.0-255,5738,82569,96,238939
14102,0.001323,172.31.47.0-255,66,82635,96,238939
14103,0.001361,172.217.194.0-255,2902,85537,96,238939
14104,0.001381,172.217.194.0-255,2184,87721,96,238939
14105,0.002153,172.217.194.0-255,1484,89205,96,238939
14106,0.002168,172.217.194.0-255,2902,92107,96,238939
14107,0.002171,172.217.194.0-255,1484,93591,96,238939
14108,0.00219,172.217.194.0-255,4320,97911,96,238939
14109,0.002223,172.217.194.0-255,4320,102231,96,238939
14110,0.002245,172.217.194.0-255,2902,105133,96,238939
14111,0.002272,172.217.194.0-255,1484,106617,96,238939
14112,0.002276,172.217.194.0-255,2184,108801,96,238939
14113,0.003364,172.217.194.0-255,1484,110285,96,238939
14114,0.003369,172.217.194.0-255,1484,111769,96,238939
14115,0.003389,172.217.194.0-255,1484,113253,96,238939
14116,0.003395,172.217.194.0-255,5738,118991,96,238939
14117,0.003419,172.217.194.0-255,1484,120475,96,238939
14118,0.003435,172.217.194.0-255,5738,126213,96,238939
14119,0.003449,172.217.194.0-255,1484,127697,96,238939
14120,0.003461,172.217.194.0-255,2902,130599,96,238939
14121,0.003475,172.217.194.0-255,1484,132083,96,238939
14122,0.003477,172.217.194.0-255,1484,133567,96,238939
14123,0.003486,172.217.194.0-255,1484,135051,96,238939
14124,0.003501,172.217.194.0-255,1484,136535,96,238939
14125,0.003514,172.217.194.0-255,1484,138019,96,238939
14126,0.00353,172.217.194.0-255,2902,140921,96,238939
14127,0.003549,172.217.194.0-255,2184,143105,96,238939
14128,0.003638,172.217.194.0-255,1484,144589,96,238939
14129,0.003645,172.217.194.0-255,1484,146073,96,238939
14130,0.003655,172.217.194.0-255,1484,147557,96,238939
14131,0.003682,172.217.194.0-255,1484,149041,96,238939
14132,0.003692,172.217.194.0-255,1484,150525,96,238939
14133,0.003708,172.217.194.0-255,2902,153427,96,238939
14134,0.003722,172.217.194.0-255,1484,154911,96,238939
14135,0.003744,172.217.194.0-255,5738,160649,96,238939
14136,0.003756,172.217.194.0-255,1484,162133,96,238939
14137,0.003803,172.217.194.0-255,5738,167871,96,238939
14138,0.003869,172.217.194.0-255,3602,171473,96,238939
14139,0.003875,172.217.194.0-255,5738,177211,96,238939
14140,0.003885,172.31.47.0-255,66,177277,96,238939
14141,0.003926,172.217.194.0-255,7156,184433,96,238939
14142,0.003929,172.31.47.0-255,66,184499,96,238939
14143,0.003932,172.217.194.0-255,6438,190937,96,238939
14144,0.003934,172.31.47.0-255,66,191003,96,238939
14145,0.003934,172.217.194.0-255,1484,192487,96,238939
14146,0.003937,172.217.194.0-255,2902,195389,96,238939
14147,0.003955,172.31.47.0-255,66,195455,96,238939
14148,0.003961,172.217.194.0-255,5738,201193,96,238939
14149,0.003979,172.31.47.0-255,66,201259,96,238939
14150,0.003996,172.31.47.0-255,66,201325,96,238939
14151,0.004001,172.31.47.0-255,66,201391,96,238939
14152,0.004016,172.31.47.0-255,66,201457,96,238939
14153,0.004046,172.217.194.0-255,1484,202941,96,238939
14154,0.00409,172.31.47.0-255,66,203007,96,238939
14155,0.004099,172.31.47.0-255,66,203073,96,238939
14156,0.004116,172.217.194.0-255,7156,210229,96,238939
14157,0.004117,172.31.47.0-255,66,210295,96,238939
14158,0.004122,172.31.47.0-255,66,210361,96,238939
14159,0.004131,172.217.194.0-255,2902,213263,96,238939
14160,0.004141,172.31.47.0-255,66,213329,96,238939
14161,0.004151,172.217.194.0-255,2902,216231,96,238939
14162,0.004158,172.31.47.0-255,66,216297,96,238939
14163,0.00417,172.217.194.0-255,7156,223453,96,238939
14164,0.004186,172.31.47.0-255,66,223519,96,238939
14165,0.004196,172.217.194.0-255,1484,225003,96,238939
14166,0.004203,172.217.194.0-255,7156,232159,96,238939
14167,0.004207,172.31.47.0-255,66,232225,96,238939
14168,0.004232,172.217.194.0-255,6209,238434,96,238939
14169,0.004235,172.217.194.0-255,97,238531,96,238939
14170,0.004237,172.31.47.0-255,66,238597,96,238939
14171,0.004267,172.217.194.0-255,105,238702,96,238939
14172,0.006831,172.31.47.0-255,66,238768,96,238939
14173,0.006857,172.31.47.0-255,105,238873,96,238939
14174,0.009124,172.217.194.0-255,66,238939,96,238939
14175,0.0,172.217.194.0-255,146,146,96,221090
14176,3.2e-05,172.31.47.0-255,66,212,96,221090
14177,3.9e-05,172.217.194.0-255,1484,1696,96,221090
14178,4.4e-05,172.31.47.0-255,66,1762,96,221090
14179,5.6e-05,172.217.194.0-255,2902,4664,96,221090
14180,5.9e-05,172.31.47.0-255,66,4730,96,221090
14181,6.7e-05,172.217.194.0-255,7156,11886,96,221090
14182,7e-05,172.31.47.0-255,66,11952,96,221090
14183,7.6e-05,172.217.194.0-255,5738,17690,96,221090
14184,7.8e-05,172.31.47.0-255,66,17756,96,221090
14185,0.00011,172.217.194.0-255,2099,19855,96,221090
14186,0.000113,172.31.47.0-255,66,19921,96,221090
14187,0.000116,172.217.194.0-255,1484,21405,96,221090
14188,0.000118,172.31.47.0-255,66,21471,96,221090
14189,0.000163,172.31.47.0-255,66,21537,96,221090
14190,0.000196,172.217.194.0-255,1484,23021,96,221090
14191,0.000198,172.31.47.0-255,66,23087,96,221090
14192,0.000203,172.217.194.0-255,2902,25989,96,221090
14193,0.000205,172.31.47.0-255,66,26055,96,221090
14194,0.000235,172.217.194.0-255,5738,31793,96,221090
14195,0.000237,172.31.47.0-255,66,31859,96,221090
14196,0.00024,172.217.194.0-255,1484,33343,96,221090
14197,0.000242,172.31.47.0-255,66,33409,96,221090
14198,0.000246,172.217.194.0-255,2902,36311,96,221090
14199,0.000248,172.31.47.0-255,66,36377,96,221090
14200,0.000297,172.31.47.0-255,66,36443,96,221090
14201,0.000308,172.31.47.0-255,66,36509,96,221090
14202,0.000316,172.217.194.0-255,676,37185,96,221090
14203,0.000318,172.31.47.0-255,66,37251,96,221090
14204,0.000563,172.217.194.0-255,1484,38735,96,221090
14205,0.000567,172.31.47.0-255,66,38801,96,221090
14206,0.000573,172.217.194.0-255,2902,41703,96,221090
14207,0.000575,172.31.47.0-255,66,41769,96,221090
14208,0.000608,172.217.194.0-255,2902,44671,96,221090
14209,0.000611,172.31.47.0-255,66,44737,96,221090
14210,0.00064,172.217.194.0-255,2902,47639,96,221090
14211,0.000643,172.31.47.0-255,66,47705,96,221090
14212,0.000646,172.217.194.0-255,1484,49189,96,221090
14213,0.000654,172.31.47.0-255,66,49255,96,221090
14214,0.000657,172.31.47.0-255,66,49321,96,221090
14215,0.000669,172.31.47.0-255,66,49387,96,221090
14216,0.00095,172.217.194.0-255,1484,50871,96,221090
14217,0.000954,172.217.194.0-255,2902,53773,96,221090
14218,0.000954,172.31.47.0-255,66,53839,96,221090
14219,0.000958,172.31.47.0-255,66,53905,96,221090
14220,0.000993,172.217.194.0-255,5738,59643,96,221090
14221,0.000996,172.31.47.0-255,66,59709,96,221090
14222,0.001006,172.31.47.0-255,66,59775,96,221090
14223,0.001055,172.217.194.0-255,5738,65513,96,221090
14224,0.001058,172.31.47.0-255,66,65579,96,221090
14225,0.001091,172.31.47.0-255,66,65645,96,221090
14226,0.001791,172.217.194.0-255,1484,67129,96,221090
14227,0.001796,172.31.47.0-255,66,67195,96,221090
14228,0.001803,172.217.194.0-255,2902,70097,96,221090
14229,0.001805,172.31.47.0-255,66,70163,96,221090
14230,0.001815,172.217.194.0-255,5738,75901,96,221090
14231,0.001817,172.31.47.0-255,66,75967,96,221090
14232,0.001842,172.217.194.0-255,5738,81705,96,221090
14233,0.001847,172.31.47.0-255,66,81771,96,221090
14234,0.001877,172.217.194.0-255,7156,88927,96,221090
14235,0.001879,172.31.47.0-255,66,88993,96,221090
14236,0.001887,172.31.47.0-255,66,89059,96,221090
14237,0.001911,172.217.194.0-255,2184,91243,96,221090
14238,0.001912,172.31.47.0-255,66,91309,96,221090
14239,0.001935,172.217.194.0-255,2902,94211,96,221090
14240,0.001937,172.31.47.0-255,66,94277,96,221090
14241,0.001941,172.217.194.0-255,2902,97179,96,221090
14242,0.001942,172.31.47.0-255,66,97245,96,221090
14243,0.001961,172.217.194.0-255,4320,101565,96,221090
14244,0.001963,172.31.47.0-255,66,101631,96,221090
14245,0.001969,172.217.194.0-255,1484,103115,96,221090
14246,0.001994,172.31.47.0-255,66,103181,96,221090
14247,0.002032,172.217.194.0-255,2902,106083,96,221090
14248,0.002034,172.31.47.0-255,66,106149,96,221090
14249,0.002107,172.217.194.0-255,1484,107633,96,221090
14250,0.002118,172.217.194.0-255,2902,110535,96,221090
14251,0.002144,172.217.194.0-255,5738,116273,96,221090
14252,0.002162,172.217.194.0-255,5738,122011,96,221090
14253,0.002179,172.217.194.0-255,7156,129167,96,221090
14254,0.002181,172.217.194.0-255,1484,130651,96,221090
14255,0.002215,172.217.194.0-255,2902,133553,96,221090
14256,0.00224,172.217.194.0-255,6438,139991,96,221090
14257,0.002293,172.217.194.0-255,1484,141475,96,221090
14258,0.002303,172.217.194.0-255,2902,144377,96,221090
14259,0.002329,172.217.194.0-255,5738,150115,96,221090
14260,0.002332,172.217.194.0-255,1484,151599,96,221090
14261,0.002398,172.217.194.0-255,1484,153083,96,221090
14262,0.003843,172.31.47.0-255,66,153149,96,221090
14263,0.006165,172.217.194.0-255,5738,158887,96,221090
14264,0.006172,172.31.47.0-255,66,158953,96,221090
14265,0.008499,172.217.194.0-255,5738,164691,96,221090
14266,0.008508,172.31.47.0-255,66,164757,96,221090
14267,0.010827,172.217.194.0-255,5738,170495,96,221090
14268,0.010841,172.31.47.0-255,66,170561,96,221090
14269,0.013166,172.217.194.0-255,5738,176299,96,221090
14270,0.013175,172.31.47.0-255,66,176365,96,221090
14271,0.015489,172.217.194.0-255,5738,182103,96,221090
14272,0.0155,172.31.47.0-255,66,182169,96,221090
14273,0.017805,172.217.194.0-255,5738,187907,96,221090
14274,0.017813,172.31.47.0-255,66,187973,96,221090
14275,0.02013,172.217.194.0-255,5738,193711,96,221090
14276,0.02014,172.31.47.0-255,66,193777,96,221090
14277,0.022468,172.217.194.0-255,5738,199515,96,221090
14278,0.022477,172.31.47.0-255,66,199581,96,221090
14279,0.024842,172.217.194.0-255,5738,205319,96,221090
14280,0.024851,172.31.47.0-255,66,205385,96,221090
14281,0.027234,172.217.194.0-255,5738,211123,96,221090
14282,0.027246,172.31.47.0-255,66,211189,96,221090
14283,0.029499,172.31.47.0-255,172,211361,96,221090
14284,0.029528,172.31.47.0-255,1105,212466,96,221090
14285,0.029573,172.31.47.0-255,1514,213980,96,221090
14286,0.029575,172.31.47.0-255,1306,215286,96,221090
14287,0.029576,172.217.194.0-255,5738,221024,96,221090
14288,0.029581,172.31.47.0-255,66,221090,96,221090
14289,0.0,74.125.200.0-255,153,153,96,308585
14290,2.5e-05,172.31.47.0-255,66,219,96,308585
14291,3.1e-05,74.125.200.0-255,1484,1703,96,308585
14292,3.5e-05,172.31.47.0-255,66,1769,96,308585
14293,4e-05,74.125.200.0-255,2902,4671,96,308585
14294,4.2e-05,172.31.47.0-255,66,4737,96,308585
14295,7.6e-05,74.125.200.0-255,7156,11893,96,308585
14296,7.9e-05,172.31.47.0-255,66,11959,96,308585
14297,8.3e-05,74.125.200.0-255,2093,14052,96,308585
14298,8.6e-05,172.31.47.0-255,66,14118,96,308585
14299,0.000105,74.125.200.0-255,2902,17020,96,308585
14300,0.000108,172.31.47.0-255,66,17086,96,308585
14301,0.000145,172.31.47.0-255,66,17152,96,308585
14302,0.000152,74.125.200.0-255,5379,22531,96,308585
14303,0.000155,172.31.47.0-255,66,22597,96,308585
14304,0.000241,74.125.200.0-255,1484,24081,96,308585
14305,0.000245,172.31.47.0-255,66,24147,96,308585
14306,0.00025,74.125.200.0-255,2902,27049,96,308585
14307,0.000252,172.31.47.0-255,66,27115,96,308585
14308,0.000266,74.125.200.0-255,1484,28599,96,308585
14309,0.000269,172.31.47.0-255,66,28665,96,308585
14310,0.000285,74.125.200.0-255,4320,32985,96,308585
14311,0.00029,74.125.200.0-255,4320,37305,96,308585
14312,0.000291,172.31.47.0-255,66,37371,96,308585
14313,0.000294,172.31.47.0-255,66,37437,96,308585
14314,0.000318,74.125.200.0-255,2543,39980,96,308585
14315,0.000322,172.31.47.0-255,66,40046,96,308585
14316,0.000329,74.125.200.0-255,7156,47202,96,308585
14317,0.000332,172.31.47.0-255,66,47268,96,308585
14318,0.00035,74.125.200.0-255,1484,48752,96,308585
14319,0.000352,172.31.47.0-255,66,48818,96,308585
14320,0.000392,172.31.47.0-255,66,48884,96,308585
14321,0.000395,74.125.200.0-255,130,49014,96,308585
14322,0.000538,74.125.200.0-255,1484,50498,96,308585
14323,0.000543,172.31.47.0-255,66,50564,96,308585
14324,0.000548,74.125.200.0-255,2902,53466,96,308585
14325,0.00055,172.31.47.0-255,66,53532,96,308585
14326,0.000557,74.125.200.0-255,5738,59270,96,308585
14327,0.000559,172.31.47.0-255,66,59336,96,308585
14328,0.000581,74.125.200.0-255,1484,60820,96,308585
14329,0.000608,74.125.200.0-255,6797,67617,96,308585
14330,0.000612,172.31.47.0-255,66,67683,96,308585
14331,0.000624,172.31.47.0-255,66,67749,96,308585
14332,0.000655,74.125.200.0-255,4320,72069,96,308585
14333,0.000658,172.31.47.0-255,66,72135,96,308585
14334,0.000681,74.125.200.0-255,2543,74678,96,308585
14335,0.000683,172.31.47.0-255,66,74744,96,308585
14336,0.000775,74.125.200.0-255,348,75092,96,308585
14337,0.000936,74.125.200.0-255,1484,76576,96,308585
14338,0.00094,172.31.47.0-255,66,76642,96,308585
14339,0.000946,74.125.200.0-255,2902,79544,96,308585
14340,0.000948,172.31.47.0-255,66,79610,96,308585
14341,0.000965,74.125.200.0-255,5738,85348,96,308585
14342,0.000968,172.31.47.0-255,66,85414,96,308585
14343,0.000971,74.125.200.0-255,1484,86898,96,308585
14344,0.000991,74.125.200.0-255,2902,89800,96,308585
14345,0.000994,172.31.47.0-255,66,89866,96,308585
14346,0.001032,74.125.200.0-255,5738,95604,96,308585
14347,0.001035,172.31.47.0-255,66,95670,96,308585
14348,0.001042,74.125.200.0-255,5738,101408,96,308585
14349,0.001044,172.31.47.0-255,66,101474,96,308585
14350,0.001058,74.125.200.0-255,1484,102958,96,308585
14351,0.001071,74.125.200.0-255,1484,104442,96,308585
14352,0.001074,172.31.47.0-255,66,104508,96,308585
14353,0.00109,74.125.200.0-255,5020,109528,96,308585
14354,0.001092,172.31.47.0-255,66,109594,96,308585
14355,0.001343,74.125.200.0-255,1484,111078,96,308585
14356,0.001362,74.125.200.0-255,2902,113980,96,308585
14357,0.001367,172.31.47.0-255,66,114046,96,308585
14358,0.001375,74.125.200.0-255,4320,118366,96,308585
14359,0.001377,172.31.47.0-255,66,118432,96,308585
14360,0.001394,74.125.200.0-255,1484,119916,96,308585
14361,0.001399,74.125.200.0-255,2902,122818,96,308585
14362,0.001401,172.31.47.0-255,66,122884,96,308585
14363,0.001422,74.125.200.0-255,4320,127204,96,308585
14364,0.001424,172.31.47.0-255,66,127270,96,308585
14365,0.001429,74.125.200.0-255,4320,131590,96,308585
14366,0.001431,172.31.47.0-255,66,131656,96,308585
14367,0.001451,74.125.200.0-255,7156,138812,96,308585
14368,0.001453,172.31.47.0-255,66,138878,96,308585
14369,0.001474,74.125.200.0-255,2902,141780,96,308585
14370,0.001476,172.31.47.0-255,66,141846,96,308585
14371,0.001488,74.125.200.0-255,2184,144030,96,308585
14372,0.00149,172.31.47.0-255,66,144096,96,308585
14373,0.001673,74.125.200.0-255,1484,145580,96,308585
14374,0.001697,74.125.200.0-255,2902,148482,96,308585
14375,0.001701,172.31.47.0-255,66,148548,96,308585
14376,0.001707,74.125.200.0-255,5738,154286,96,308585
14377,0.001709,172.31.47.0-255,66,154352,96,308585
14378,0.001739,74.125.200.0-255,4320,158672,96,308585
14379,0.001742,172.31.47.0-255,66,158738,96,308585
14380,0.001763,74.125.200.0-255,5738,164476,96,308585
14381,0.001765,172.31.47.0-255,66,164542,96,308585
14382,0.001795,172.31.47.0-255,66,164608,96,308585
14383,0.0018,74.125.200.0-255,2184,166792,96,308585
14384,0.001801,172.31.47.0-255,66,166858,96,308585
14385,0.001839,74.125.200.0-255,1484,168342,96,308585
14386,0.001853,74.125.200.0-255,2902,171244,96,308585
14387,0.001856,172.31.47.0-255,66,171310,96,308585
14388,0.001873,74.125.200.0-255,2902,174212,96,308585
14389,0.001875,172.31.47.0-255,66,174278,96,308585
14390,0.001891,74.125.200.0-255,2902,177180,96,308585
14391,0.001893,172.31.47.0-255,66,177246,96,308585
14392,0.001897,74.125.200.0-255,4320,181566,96,308585
14393,0.001899,172.31.47.0-255,66,181632,96,308585
14394,0.001905,74.125.200.0-255,5738,187370,96,308585
14395,0.001907,172.31.47.0-255,66,187436,96,308585
14396,0.001933,74.125.200.0-255,7156,194592,96,308585
14397,0.001935,172.31.47.0-255,66,194658,96,308585
14398,0.001949,74.125.200.0-255,4320,198978,96,308585
14399,0.001951,172.31.47.0-255,66,199044,96,308585
14400,0.001954,74.125.200.0-255,2184,201228,96,308585
14401,0.001956,172.31.47.0-255,66,201294,96,308585
14402,0.002059,74.125.200.0-255,1484,202778,96,308585
14403,0.002074,74.125.200.0-255,2902,205680,96,308585
14404,0.002078,172.31.47.0-255,66,205746,96,308585
14405,0.002082,74.125.200.0-255,2902,208648,96,308585
14406,0.002084,172.31.47.0-255,66,208714,96,308585
14407,0.002097,74.125.200.0-255,1484,210198,96,308585
14408,0.00211,74.125.200.0-255,2902,213100,96,308585
14409,0.002113,172.31.47.0-255,66,213166,96,308585
14410,0.002132,74.125.200.0-255,2902,216068,96,308585
14411,0.002135,172.31.47.0-255,66,216134,96,308585
14412,0.002163,74.125.200.0-255,5738,221872,96,308585
14413,0.002166,172.31.47.0-255,66,221938,96,308585
14414,0.00217,74.125.200.0-255,2902,224840,96,308585
14415,0.002173,172.31.47.0-255,66,224906,96,308585
14416,0.002174,74.125.200.0-255,4320,229226,96,308585
14417,0.002187,172.31.47.0-255,66,229292,96,308585
14418,0.002194,74.125.200.0-255,4320,233612,96,308585
14419,0.002205,172.31.47.0-255,66,233678,96,308585
14420,0.002209,74.125.200.0-255,2184,235862,96,308585
14421,0.002218,172.31.47.0-255,66,235928,96,308585
14422,0.004445,74.125.200.0-255,5738,241666,96,308585
14423,0.00445,172.31.47.0-255,66,241732,96,308585
14424,0.006704,74.125.200.0-255,4320,246052,96,308585
14425,0.006708,172.31.47.0-255,66,246118,96,308585
14426,0.006731,74.125.200.0-255,1484,247602,96,308585
14427,0.008949,74.125.200.0-255,4320,251922,96,308585
14428,0.008954,172.31.47.0-255,66,251988,96,308585
14429,0.011198,74.125.200.0-255,5738,257726,96,308585
14430,0.011204,172.31.47.0-255,66,257792,96,308585
14431,0.013444,74.125.200.0-255,5738,263530,96,308585
14432,0.01345,172.31.47.0-255,66,263596,96,308585
14433,0.015694,74.125.200.0-255,5738,269334,96,308585
14434,0.0157,172.31.47.0-255,66,269400,96,308585
14435,0.017943,74.125.200.0-255,5738,275138,96,308585
14436,0.017953,172.31.47.0-255,66,275204,96,308585
14437,0.020203,74.125.200.0-255,5738,280942,96,308585
14438,0.020217,172.31.47.0-255,66,281008,96,308585
14439,0.022463,74.125.200.0-255,5738,286746,96,308585
14440,0.022471,172.31.47.0-255,66,286812,96,308585
14441,0.024711,74.125.200.0-255,5738,292550,96,308585
14442,0.024716,172.31.47.0-255,66,292616,96,308585
14443,0.02505,172.31.47.0-255,172,292788,96,308585
14444,0.025078,172.31.47.0-255,1105,293893,96,308585
14445,0.025107,172.31.47.0-255,1514,295407,96,308585
14446,0.025108,172.31.47.0-255,1306,296713,96,308585
14447,0.026569,104.244.42.0-255,66,296779,96,308585
14448,0.0266,104.244.42.0-255,66,296845,96,308585
14449,0.026633,104.244.42.0-255,66,296911,96,308585
14450,0.026951,74.125.200.0-255,5738,302649,96,308585
14451,0.026955,172.31.47.0-255,66,302715,96,308585
14452,0.029196,74.125.200.0-255,4320,307035,96,308585
14453,0.0292,172.31.47.0-255,66,307101,96,308585
14454,0.029226,74.125.200.0-255,1484,308585,96,308585
14455,0.0,74.125.68.0-255,153,153,96,264972
14456,2.8e-05,172.31.47.0-255,66,219,96,264972
14457,3.4e-05,74.125.68.0-255,1484,1703,96,264972
14458,3.9e-05,172.31.47.0-255,66,1769,96,264972
14459,4.1e-05,74.125.68.0-255,1484,3253,96,264972
14460,4.4e-05,172.31.47.0-255,66,3319,96,264972
14461,7.9e-05,74.125.68.0-255,1484,4803,96,264972
14462,8.2e-05,172.31.47.0-255,66,4869,96,264972
14463,8.5e-05,74.125.68.0-255,1484,6353,96,264972
14464,8.7e-05,172.31.47.0-255,66,6419,96,264972
14465,9.4e-05,74.125.68.0-255,2902,9321,96,264972
14466,0.000102,172.31.47.0-255,66,9387,96,264972
14467,0.000107,74.125.68.0-255,5030,14417,96,264972
14468,0.00011,172.31.47.0-255,66,14483,96,264972
14469,0.000195,74.125.68.0-255,1484,15967,96,264972
14470,0.000199,172.31.47.0-255,66,16033,96,264972
14471,0.000204,74.125.68.0-255,2902,18935,96,264972
14472,0.000207,172.31.47.0-255,66,19001,96,264972
14473,0.000232,74.125.68.0-255,4320,23321,96,264972
14474,0.000235,172.31.47.0-255,66,23387,96,264972
14475,0.000267,172.31.47.0-255,66,23453,96,264972
14476,0.000451,74.125.68.0-255,1484,24937,96,264972
14477,0.000454,172.31.47.0-255,66,25003,96,264972
14478,0.000458,74.125.68.0-255,1484,26487,96,264972
14479,0.000459,172.31.47.0-255,66,26553,96,264972
14480,0.000477,74.125.68.0-255,1484,28037,96,264972
14481,0.000479,172.31.47.0-255,66,28103,96,264972
14482,0.000489,74.125.68.0-255,5738,33841,96,264972
14483,0.000491,172.31.47.0-255,66,33907,96,264972
14484,0.000497,74.125.68.0-255,4320,38227,96,264972
14485,0.000499,172.31.47.0-255,66,38293,96,264972
14486,0.000518,74.125.68.0-255,1484,39777,96,264972
14487,0.000523,74.125.68.0-255,2902,42679,96,264972
14488,0.000525,172.31.47.0-255,66,42745,96,264972
14489,0.000547,74.125.68.0-255,3961,46706,96,264972
14490,0.00055,74.125.68.0-255,1484,48190,96,264972
14491,0.000552,172.31.47.0-255,66,48256,96,264972
14492,0.000574,74.125.68.0-255,7156,55412,96,264972
14493,0.000582,172.31.47.0-255,66,55478,96,264972
14494,0.000603,74.125.68.0-255,2543,58021,96,264972
14495,0.000616,172.31.47.0-255,66,58087,96,264972
14496,0.000876,74.125.68.0-255,647,58734,96,264972
14497,0.001048,74.125.68.0-255,1484,60218,96,264972
14498,0.001053,172.31.47.0-255,66,60284,96,264972
14499,0.001059,74.125.68.0-255,2902,63186,96,264972
14500,0.00106,172.31.47.0-255,66,63252,96,264972
14501,0.001087,74.125.68.0-255,5738,68990,96,264972
14502,0.00109,172.31.47.0-255,66,69056,96,264972
14503,0.001117,74.125.68.0-255,7156,76212,96,264972
14504,0.00112,74.125.68.0-255,1484,77696,96,264972
14505,0.00114,74.125.68.0-255,7156,84852,96,264972
14506,0.001157,74.125.68.0-255,2902,87754,96,264972
14507,0.001174,74.125.68.0-255,5020,92774,96,264972
14508,0.001314,74.125.68.0-255,1484,94258,96,264972
14509,0.00136,74.125.68.0-255,1484,95742,96,264972
14510,0.001371,74.125.68.0-255,1484,97226,96,264972
14511,0.001384,74.125.68.0-255,4320,101546,96,264972
14512,0.001387,74.125.68.0-255,1484,103030,96,264972
14513,0.001405,74.125.68.0-255,4320,107350,96,264972
14514,0.001412,74.125.68.0-255,7156,114506,96,264972
14515,0.001423,74.125.68.0-255,1484,115990,96,264972
14516,0.001433,74.125.68.0-255,1484,117474,96,264972
14517,0.001452,74.125.68.0-255,766,118240,96,264972
14518,0.001584,172.31.47.0-255,66,118306,96,264972
14519,0.001879,74.125.68.0-255,1484,119790,96,264972
14520,0.001886,74.125.68.0-255,2902,122692,96,264972
14521,0.00189,172.31.47.0-255,66,122758,96,264972
14522,0.001917,74.125.68.0-255,5738,128496,96,264972
14523,0.00193,172.31.47.0-255,66,128562,96,264972
14524,0.001955,74.125.68.0-255,1484,130046,96,264972
14525,0.001969,74.125.68.0-255,4320,134366,96,264972
14526,0.001972,172.31.47.0-255,66,134432,96,264972
14527,0.001984,74.125.68.0-255,1484,135916,96,264972
14528,0.001992,74.125.68.0-255,2902,138818,96,264972
14529,0.002006,172.31.47.0-255,66,138884,96,264972
14530,0.002008,74.125.68.0-255,4320,143204,96,264972
14531,0.002011,172.31.47.0-255,66,143270,96,264972
14532,0.002013,74.125.68.0-255,5738,149008,96,264972
14533,0.00203,172.31.47.0-255,66,149074,96,264972
14534,0.002042,74.125.68.0-255,2902,151976,96,264972
14535,0.002054,74.125.68.0-255,766,152742,96,264972
14536,0.002056,172.31.47.0-255,66,152808,96,264972
14537,0.002141,74.125.68.0-255,1484,154292,96,264972
14538,0.002144,172.31.47.0-255,66,154358,96,264972
14539,0.002164,74.125.68.0-255,1484,155842,96,264972
14540,0.002178,74.125.68.0-255,1484,157326,96,264972
14541,0.002183,74.125.68.0-255,2902,160228,96,264972
14542,0.002192,172.31.47.0-255,66,160294,96,264972
14543,0.002195,74.125.68.0-255,2902,163196,96,264972
14544,0.002198,74.125.68.0-255,2902,166098,96,264972
14545,0.002204,172.31.47.0-255,66,166164,96,264972
14546,0.002227,74.125.68.0-255,4320,170484,96,264972
14547,0.002232,74.125.68.0-255,2902,173386,96,264972
14548,0.002235,172.31.47.0-255,66,173452,96,264972
14549,0.002244,74.125.68.0-255,2902,176354,96,264972
14550,0.002257,172.31.47.0-255,66,176420,96,264972
14551,0.00228,74.125.68.0-255,1484,177904,96,264972
14552,0.002299,74.125.68.0-255,2902,180806,96,264972
14553,0.002303,74.125.68.0-255,2902,183708,96,264972
14554,0.002304,172.31.47.0-255,66,183774,96,264972
14555,0.002308,172.31.47.0-255,66,183840,96,264972
14556,0.002329,74.125.68.0-255,2902,186742,96,264972
14557,0.002335,172.31.47.0-255,66,186808,96,264972
14558,0.002338,74.125.68.0-255,766,187574,96,264972
14559,0.002586,74.125.68.0-255,1484,189058,96,264972
14560,0.00259,172.31.47.0-255,66,189124,96,264972
14561,0.002593,74.125.68.0-255,1484,190608,96,264972
14562,0.002597,74.125.68.0-255,2902,193510,96,264972
14563,0.002599,74.125.68.0-255,1484,194994,96,264972
14564,0.002607,172.31.47.0-255,66,195060,96,264972
14565,0.002623,74.125.68.0-255,4320,199380,96,264972
14566,0.002627,74.125.68.0-255,4320,203700,96,264972
14567,0.002629,172.31.47.0-255,66,203766,96,264972
14568,0.002634,172.31.47.0-255,66,203832,96,264972
14569,0.00264,74.125.68.0-255,4320,208152,96,264972
14570,0.002655,172.31.47.0-255,66,208218,96,264972
14571,0.005229,74.125.68.0-255,1484,209702,96,264972
14572,0.005251,74.125.68.0-255,4320,214022,96,264972
14573,0.005254,172.31.47.0-255,66,214088,96,264972
14574,0.007844,74.125.68.0-255,4320,218408,96,264972
14575,0.00785,172.31.47.0-255,66,218474,96,264972
14576,0.007872,74.125.68.0-255,1484,219958,96,264972
14577,0.010455,74.125.68.0-255,4320,224278,96,264972
14578,0.010461,172.31.47.0-255,66,224344,96,264972
14579,0.013072,74.125.68.0-255,5738,230082,96,264972
14580,0.013081,172.31.47.0-255,66,230148,96,264972
14581,0.015705,74.125.68.0-255,5738,235886,96,264972
14582,0.015715,172.31.47.0-255,66,235952,96,264972
14583,0.018343,74.125.68.0-255,5738,241690,96,264972
14584,0.018363,172.31.47.0-255,66,241756,96,264972
14585,0.021009,74.125.68.0-255,5738,247494,96,264972
14586,0.021026,172.31.47.0-255,66,247560,96,264972
14587,0.023645,74.125.68.0-255,5738,253298,96,264972
14588,0.023662,172.31.47.0-255,66,253364,96,264972
14589,0.02626,74.125.68.0-255,5738,259102,96,264972
14590,0.026266,172.31.47.0-255,66,259168,96,264972
14591,0.028897,74.125.68.0-255,5738,264906,96,264972
14592,0.028918,172.31.47.0-255,66,264972,96,264972
14593,0.0,172.31.47.0-255,105,105,96,276
14594,0.002444,157.240.13.0-255,105,210,96,276
14595,0.002453,172.31.47.0-255,66,276,96,276
14596,0.0,74.125.24.0-255,153,153,96,172210
14597,2.5e-05,172.31.47.0-255,66,219,96,172210
14598,3.2e-05,74.125.24.0-255,1484,1703,96,172210
14599,3.6e-05,172.31.47.0-255,66,1769,96,172210
14600,4.6e-05,74.125.24.0-255,2902,4671,96,172210
14601,4.9e-05,172.31.47.0-255,66,4737,96,172210
14602,5.5e-05,74.125.24.0-255,7156,11893,96,172210
14603,5.7e-05,172.31.47.0-255,66,11959,96,172210
14604,7.8e-05,74.125.24.0-255,2210,14169,96,172210
14605,8e-05,172.31.47.0-255,66,14235,96,172210
14606,0.000492,74.125.24.0-255,1484,15719,96,172210
14607,0.000497,172.31.47.0-255,66,15785,96,172210
14608,0.000523,74.125.24.0-255,2902,18687,96,172210
14609,0.000526,172.31.47.0-255,66,18753,96,172210
14610,0.000552,74.125.24.0-255,4320,23073,96,172210
14611,0.000555,172.31.47.0-255,66,23139,96,172210
14612,0.00061,74.125.24.0-255,4320,27459,96,172210
14613,0.000613,172.31.47.0-255,66,27525,96,172210
14614,0.000639,74.125.24.0-255,3961,31486,96,172210
14615,0.000642,172.31.47.0-255,66,31552,96,172210
14616,0.000664,74.125.24.0-255,5738,37290,96,172210
14617,0.000666,172.31.47.0-255,66,37356,96,172210
14618,0.000686,74.125.24.0-255,2902,40258,96,172210
14619,0.000688,172.31.47.0-255,66,40324,96,172210
14620,0.000692,74.125.24.0-255,2902,43226,96,172210
14621,0.000694,172.31.47.0-255,66,43292,96,172210
14622,0.000734,74.125.24.0-255,6797,50089,96,172210
14623,0.000738,172.31.47.0-255,66,50155,96,172210
14624,0.000747,172.31.47.0-255,66,50221,96,172210
14625,0.000757,74.125.24.0-255,5650,55871,96,172210
14626,0.000759,172.31.47.0-255,66,55937,96,172210
14627,0.000857,74.125.24.0-255,134,56071,96,172210
14628,0.001065,74.125.24.0-255,347,56418,96,172210
14629,0.0019,74.125.24.0-255,1484,57902,96,172210
14630,0.001903,172.31.47.0-255,66,57968,96,172210
14631,0.001907,74.125.24.0-255,2902,60870,96,172210
14632,0.001909,172.31.47.0-255,66,60936,96,172210
14633,0.001936,74.125.24.0-255,5738,66674,96,172210
14634,0.001938,172.31.47.0-255,66,66740,96,172210
14635,0.001961,74.125.24.0-255,1484,68224,96,172210
14636,0.001977,172.31.47.0-255,66,68290,96,172210
14637,0.001998,74.125.24.0-255,2902,71192,96,172210
14638,0.001999,172.31.47.0-255,66,71258,96,172210
14639,0.002028,172.31.47.0-255,66,71324,96,172210
14640,0.002242,74.125.24.0-255,1484,72808,96,172210
14641,0.002256,74.125.24.0-255,2902,75710,96,172210
14642,0.002258,172.31.47.0-255,66,75776,96,172210
14643,0.002261,74.125.24.0-255,1484,77260,96,172210
14644,0.002283,74.125.24.0-255,4320,81580,96,172210
14645,0.002285,172.31.47.0-255,66,81646,96,172210
14646,0.002294,172.31.47.0-255,66,81712,96,172210
14647,0.002296,74.125.24.0-255,1484,83196,96,172210
14648,0.002331,172.31.47.0-255,66,83262,96,172210
14649,0.002366,74.125.24.0-255,1484,84746,96,172210
14650,0.002388,172.31.47.0-255,66,84812,96,172210
14651,0.002413,74.125.24.0-255,2184,86996,96,172210
14652,0.002416,172.31.47.0-255,66,87062,96,172210
14653,0.002418,74.125.24.0-255,1484,88546,96,172210
14654,0.002484,172.31.47.0-255,66,88612,96,172210
14655,0.002505,74.125.24.0-255,6438,95050,96,172210
14656,0.002509,172.31.47.0-255,66,95116,96,172210
14657,0.002525,172.31.47.0-255,66,95182,96,172210
14658,0.00254,172.31.47.0-255,66,95248,96,172210
14659,0.002545,74.125.24.0-255,7156,102404,96,172210
14660,0.002548,172.31.47.0-255,66,102470,96,172210
14661,0.002592,74.125.24.0-255,4320,106790,96,172210
14662,0.002596,172.31.47.0-255,66,106856,96,172210
14663,0.002638,172.31.47.0-255,66,106922,96,172210
14664,0.002648,172.31.47.0-255,66,106988,96,172210
14665,0.002691,172.31.47.0-255,66,107054,96,172210
14666,0.002702,172.31.47.0-255,66,107120,96,172210
14667,0.002731,74.125.24.0-255,7156,114276,96,172210
14668,0.002735,172.31.47.0-255,66,114342,96,172210
14669,0.002743,74.125.24.0-255,4320,118662,96,172210
14670,0.002745,172.31.47.0-255,66,118728,96,172210
14671,0.00275,74.125.24.0-255,4320,123048,96,172210
14672,0.002753,172.31.47.0-255,66,123114,96,172210
14673,0.002772,172.31.47.0-255,66,123180,96,172210
14674,0.002775,74.125.24.0-255,1484,124664,96,172210
14675,0.002782,74.125.24.0-255,1484,126148,96,172210
14676,0.002784,172.31.47.0-255,66,126214,96,172210
14677,0.002788,74.125.24.0-255,2902,129116,96,172210
14678,0.00279,172.31.47.0-255,66,129182,96,172210
14679,0.002794,74.125.24.0-255,3602,132784,96,172210
14680,0.002797,172.31.47.0-255,66,132850,96,172210
14681,0.002906,74.125.24.0-255,1484,134334,96,172210
14682,0.002921,74.125.24.0-255,2902,137236,96,172210
14683,0.002924,172.31.47.0-255,66,137302,96,172210
14684,0.00293,74.125.24.0-255,4320,141622,96,172210
14685,0.002932,172.31.47.0-255,66,141688,96,172210
14686,0.002969,74.125.24.0-255,1484,143172,96,172210
14687,0.002981,172.31.47.0-255,66,143238,96,172210
14688,0.002984,74.125.24.0-255,1484,144722,96,172210
14689,0.002986,74.125.24.0-255,1484,146206,96,172210
14690,0.002988,172.31.47.0-255,66,146272,96,172210
14691,0.002993,74.125.24.0-255,4320,150592,96,172210
14692,0.002997,172.31.47.0-255,66,150658,96,172210
14693,0.003021,74.125.24.0-255,5738,156396,96,172210
14694,0.003028,172.31.47.0-255,66,156462,96,172210
14695,0.003038,172.31.47.0-255,66,156528,96,172210
14696,0.003048,172.31.47.0-255,66,156594,96,172210
14697,0.003115,74.125.24.0-255,1484,158078,96,172210
14698,0.003118,172.31.47.0-255,66,158144,96,172210
14699,0.003148,172.31.47.0-255,66,158210,96,172210
14700,0.003181,74.125.24.0-255,7156,165366,96,172210
14701,0.003184,172.31.47.0-255,66,165432,96,172210
14702,0.003195,172.31.47.0-255,66,165498,96,172210
14703,0.003211,172.31.47.0-255,66,165564,96,172210
14704,0.003214,74.125.24.0-255,105,165669,96,172210
14705,0.003943,172.31.47.0-255,101,165770,96,172210
14706,0.00549,172.31.47.0-255,105,165875,96,172210
14707,0.006113,74.125.24.0-255,66,165941,96,172210
14708,0.007688,74.125.24.0-255,66,166007,96,172210
14709,0.018427,172.31.47.0-255,172,166179,96,172210
14710,0.018457,172.31.47.0-255,1109,167288,96,172210
14711,0.018491,172.31.47.0-255,1514,168802,96,172210
14712,0.018493,172.31.47.0-255,1514,170316,96,172210
14713,0.018494,172.31.47.0-255,1514,171830,96,172210
14714,0.018495,172.31.47.0-255,116,171946,96,172210
14715,0.019956,104.244.42.0-255,66,172012,96,172210
14716,0.020014,104.244.42.0-255,66,172078,96,172210
14717,0.020059,104.244.42.0-255,66,172144,96,172210
14718,0.020061,104.244.42.0-255,66,172210,96,172210
14719,0.0,74.125.24.0-255,300,300,96,259626
14720,2.4e-05,172.31.47.0-255,66,366,96,259626
14721,3.1e-05,74.125.24.0-255,1484,1850,96,259626
14722,3.5e-05,172.31.47.0-255,66,1916,96,259626
14723,4.9e-05,74.125.24.0-255,4320,6236,96,259626
14724,5.2e-05,172.31.47.0-255,66,6302,96,259626
14725,5.8e-05,74.125.24.0-255,5738,12040,96,259626
14726,6.1e-05,172.31.47.0-255,66,12106,96,259626
14727,8.2e-05,74.125.24.0-255,1868,13974,96,259626
14728,8.4e-05,172.31.47.0-255,66,14040,96,259626
14729,0.000121,74.125.24.0-255,1484,15524,96,259626
14730,0.000123,172.31.47.0-255,66,15590,96,259626
14731,0.000141,74.125.24.0-255,2902,18492,96,259626
14732,0.000143,172.31.47.0-255,66,18558,96,259626
14733,0.000169,74.125.24.0-255,5738,24296,96,259626
14734,0.000171,172.31.47.0-255,66,24362,96,259626
14735,0.000197,74.125.24.0-255,5738,30100,96,259626
14736,0.000199,172.31.47.0-255,66,30166,96,259626
14737,0.000226,74.125.24.0-255,1125,31291,96,259626
14738,0.000228,172.31.47.0-255,66,31357,96,259626
14739,0.000235,74.125.24.0-255,7156,38513,96,259626
14740,0.000237,172.31.47.0-255,66,38579,96,259626
14741,0.000252,172.31.47.0-255,66,38645,96,259626
14742,0.000315,74.125.24.0-255,1484,40129,96,259626
14743,0.000318,172.31.47.0-255,66,40195,96,259626
14744,0.000323,74.125.24.0-255,2902,43097,96,259626
14745,0.000325,172.31.47.0-255,66,43163,96,259626
14746,0.000328,74.125.24.0-255,1484,44647,96,259626
14747,0.000329,172.31.47.0-255,66,44713,96,259626
14748,0.000361,74.125.24.0-255,4320,49033,96,259626
14749,0.000363,172.31.47.0-255,66,49099,96,259626
14750,0.000386,74.125.24.0-255,2902,52001,96,259626
14751,0.000388,172.31.47.0-255,66,52067,96,259626
14752,0.000411,74.125.24.0-255,3961,56028,96,259626
14753,0.000413,172.31.47.0-255,66,56094,96,259626
14754,0.000416,74.125.24.0-255,366,56460,96,259626
14755,0.000594,74.125.24.0-255,129,56589,96,259626
14756,0.001004,74.125.24.0-255,1484,58073,96,259626
14757,0.001009,172.31.47.0-255,66,58139,96,259626
14758,0.001016,74.125.24.0-255,2902,61041,96,259626
14759,0.001018,172.31.47.0-255,66,61107,96,259626
14760,0.001024,74.125.24.0-255,5738,66845,96,259626
14761,0.00103,172.31.47.0-255,66,66911,96,259626
14762,0.001063,172.31.47.0-255,66,66977,96,259626
14763,0.001091,74.125.24.0-255,7156,74133,96,259626
14764,0.001093,172.31.47.0-255,66,74199,96,259626
14765,0.001122,74.125.24.0-255,2902,77101,96,259626
14766,0.001124,172.31.47.0-255,66,77167,96,259626
14767,0.00113,74.125.24.0-255,4219,81386,96,259626
14768,0.001132,172.31.47.0-255,66,81452,96,259626
14769,0.001213,74.125.24.0-255,1484,82936,96,259626
14770,0.001217,74.125.24.0-255,1484,84420,96,259626
14771,0.00122,172.31.47.0-255,66,84486,96,259626
14772,0.001244,74.125.24.0-255,1484,85970,96,259626
14773,0.001251,74.125.24.0-255,5738,91708,96,259626
14774,0.001253,172.31.47.0-255,66,91774,96,259626
14775,0.001257,74.125.24.0-255,2902,94676,96,259626
14776,0.001259,172.31.47.0-255,66,94742,96,259626
14777,0.001284,74.125.24.0-255,5738,100480,96,259626
14778,0.001286,172.31.47.0-255,66,100546,96,259626
14779,0.001297,172.31.47.0-255,66,100612,96,259626
14780,0.001301,74.125.24.0-255,2902,103514,96,259626
14781,0.001304,172.31.47.0-255,66,103580,96,259626
14782,0.001331,74.125.24.0-255,2184,105764,96,259626
14783,0.001334,172.31.47.0-255,66,105830,96,259626
14784,0.001758,74.125.24.0-255,1484,107314,96,259626
14785,0.001773,74.125.24.0-255,2902,110216,96,259626
14786,0.001777,172.31.47.0-255,66,110282,96,259626
14787,0.001782,74.125.24.0-255,2902,113184,96,259626
14788,0.001784,172.31.47.0-255,66,113250,96,259626
14789,0.001803,74.125.24.0-255,2902,116152,96,259626
14790,0.001806,172.31.47.0-255,66,116218,96,259626
14791,0.001817,172.31.47.0-255,66,116284,96,259626
14792,0.001838,74.125.24.0-255,1484,117768,96,259626
14793,0.001899,74.125.24.0-255,5738,123506,96,259626
14794,0.001902,172.31.47.0-255,66,123572,96,259626
14795,0.00193,74.125.24.0-255,5020,128592,96,259626
14796,0.001932,172.31.47.0-255,66,128658,96,259626
14797,0.001944,172.31.47.0-255,66,128724,96,259626
14798,0.001961,172.31.47.0-255,66,128790,96,259626
14799,0.001993,74.125.24.0-255,6438,135228,96,259626
14800,0.001995,172.31.47.0-255,66,135294,96,259626
14801,0.002037,74.125.24.0-255,1484,136778,96,259626
14802,0.002053,74.125.24.0-255,2902,139680,96,259626
14803,0.002055,172.31.47.0-255,66,139746,96,259626
14804,0.002082,74.125.24.0-255,5738,145484,96,259626
14805,0.002084,172.31.47.0-255,66,145550,96,259626
14806,0.002088,74.125.24.0-255,2902,148452,96,259626
14807,0.002089,172.31.47.0-255,66,148518,96,259626
14808,0.002092,74.125.24.0-255,1484,150002,96,259626
14809,0.002117,172.31.47.0-255,66,150068,96,259626
14810,0.002143,172.31.47.0-255,66,150134,96,259626
14811,0.002182,74.125.24.0-255,1484,151618,96,259626
14812,0.002199,74.125.24.0-255,2902,154520,96,259626
14813,0.002203,172.31.47.0-255,66,154586,96,259626
14814,0.002208,74.125.24.0-255,4320,158906,96,259626
14815,0.00221,172.31.47.0-255,66,158972,96,259626
14816,0.002225,74.125.24.0-255,1484,160456,96,259626
14817,0.002245,172.31.47.0-255,66,160522,96,259626
14818,0.002268,74.125.24.0-255,2902,163424,96,259626
14819,0.002273,172.31.47.0-255,66,163490,96,259626
14820,0.002294,74.125.24.0-255,2902,166392,96,259626
14821,0.002297,172.31.47.0-255,66,166458,96,259626
14822,0.002328,172.31.47.0-255,66,166524,96,259626
14823,0.002351,74.125.24.0-255,1484,168008,96,259626
14824,0.002364,74.125.24.0-255,2902,170910,96,259626
14825,0.002367,172.31.47.0-255,66,170976,96,259626
14826,0.00237,74.125.24.0-255,1484,172460,96,259626
14827,0.002388,74.125.24.0-255,4320,176780,96,259626
14828,0.00239,172.31.47.0-255,66,176846,96,259626
14829,0.002396,74.125.24.0-255,5738,182584,96,259626
14830,0.002398,172.31.47.0-255,66,182650,96,259626
14831,0.002446,172.31.47.0-255,66,182716,96,259626
14832,0.002452,74.125.24.0-255,5020,187736,96,259626
14833,0.002454,172.31.47.0-255,66,187802,96,259626
14834,0.002551,74.125.24.0-255,1484,189286,96,259626
14835,0.002555,74.125.24.0-255,1484,190770,96,259626
14836,0.002558,172.31.47.0-255,66,190836,96,259626
14837,0.002567,74.125.24.0-255,1484,192320,96,259626
14838,0.0026,74.125.24.0-255,5738,198058,96,259626
14839,0.002602,172.31.47.0-255,66,198124,96,259626
14840,0.002613,172.31.47.0-255,66,198190,96,259626
14841,0.002627,172.31.47.0-255,66,198256,96,259626
14842,0.005198,74.125.24.0-255,5738,203994,96,259626
14843,0.005214,172.31.47.0-255,66,204060,96,259626
14844,0.007818,74.125.24.0-255,5738,209798,96,259626
14845,0.007831,172.31.47.0-255,66,209864,96,259626
14846,0.010438,74.125.24.0-255,5738,215602,96,259626
14847,0.010446,172.31.47.0-255,66,215668,96,259626
14848,0.012993,74.125.24.0-255,5738,221406,96,259626
14849,0.013,172.31.47.0-255,66,221472,96,259626
14850,0.015552,74.125.24.0-255,5738,227210,96,259626
14851,0.015562,172.31.47.0-255,66,227276,96,259626
14852,0.018145,74.125.24.0-255,5738,233014,96,259626
14853,0.018152,172.31.47.0-255,66,233080,96,259626
14854,0.020713,74.125.24.0-255,5738,238818,96,259626
14855,0.02072,172.31.47.0-255,66,238884,96,259626
14856,0.023296,74.125.24.0-255,5738,244622,96,259626
14857,0.023308,172.31.47.0-255,66,244688,96,259626
14858,0.025888,74.125.24.0-255,5738,250426,96,259626
14859,0.025895,172.31.47.0-255,66,250492,96,259626
14860,0.025971,172.31.47.0-255,172,250664,96,259626
14861,0.025998,172.31.47.0-255,1105,251769,96,259626
14862,0.026106,172.31.47.0-255,1514,253283,96,259626
14863,0.026108,172.31.47.0-255,341,253624,96,259626
14864,0.027494,104.244.42.0-255,66,253690,96,259626
14865,0.027528,104.244.42.0-255,66,253756,96,259626
14866,0.027663,104.244.42.0-255,66,253822,96,259626
14867,0.028439,74.125.24.0-255,5738,259560,96,259626
14868,0.028445,172.31.47.0-255,66,259626,96,259626
14869,0.0,172.31.47.0-255,66,66,96,66
14870,0.0,74.125.130.0-255,153,153,96,308306
14871,3.2e-05,172.31.47.0-255,66,219,96,308306
14872,3.8e-05,74.125.130.0-255,1484,1703,96,308306
14873,4.2e-05,172.31.47.0-255,66,1769,96,308306
14874,5.9e-05,74.125.130.0-255,2902,4671,96,308306
14875,6.1e-05,172.31.47.0-255,66,4737,96,308306
14876,8.7e-05,74.125.130.0-255,4320,9057,96,308306
14877,9e-05,172.31.47.0-255,66,9123,96,308306
14878,0.000105,74.125.130.0-255,2902,12025,96,308306
14879,0.000107,172.31.47.0-255,66,12091,96,308306
14880,0.000128,74.125.130.0-255,1484,13575,96,308306
14881,0.00013,172.31.47.0-255,66,13641,96,308306
14882,0.000179,74.125.130.0-255,4979,18620,96,308306
14883,0.000182,172.31.47.0-255,66,18686,96,308306
14884,0.000185,74.125.130.0-255,1484,20170,96,308306
14885,0.000186,172.31.47.0-255,66,20236,96,308306
14886,0.000202,74.125.130.0-255,4320,24556,96,308306
14887,0.000204,172.31.47.0-255,66,24622,96,308306
14888,0.000223,74.125.130.0-255,5738,30360,96,308306
14889,0.000225,172.31.47.0-255,66,30426,96,308306
14890,0.000254,74.125.130.0-255,1125,31551,96,308306
14891,0.000256,172.31.47.0-255,66,31617,96,308306
14892,0.000399,74.125.130.0-255,1484,33101,96,308306
14893,0.000403,172.31.47.0-255,66,33167,96,308306
14894,0.000416,74.125.130.0-255,2902,36069,96,308306
14895,0.00042,172.31.47.0-255,66,36135,96,308306
14896,0.000438,74.125.130.0-255,2902,39037,96,308306
14897,0.000441,172.31.47.0-255,66,39103,96,308306
14898,0.000457,74.125.130.0-255,2902,42005,96,308306
14899,0.000459,172.31.47.0-255,66,42071,96,308306
14900,0.000463,74.125.130.0-255,2902,44973,96,308306
14901,0.000464,172.31.47.0-255,66,45039,96,308306
14902,0.000486,74.125.130.0-255,3961,49000,96,308306
14903,0.000489,172.31.47.0-255,66,49066,96,308306
14904,0.000528,74.125.130.0-255,2902,51968,96,308306
14905,0.00053,172.31.47.0-255,66,52034,96,308306
14906,0.000545,74.125.130.0-255,1484,53518,96,308306
14907,0.000549,74.125.130.0-255,1484,55002,96,308306
14908,0.000551,172.31.47.0-255,66,55068,96,308306
14909,0.000578,74.125.130.0-255,4320,59388,96,308306
14910,0.000581,172.31.47.0-255,66,59454,96,308306
14911,0.000588,74.125.130.0-255,7052,66506,96,308306
14912,0.00059,74.125.130.0-255,400,66906,96,308306
14913,0.000591,172.31.47.0-255,66,66972,96,308306
14914,0.000708,74.125.130.0-255,1484,68456,96,308306
14915,0.000711,172.31.47.0-255,66,68522,96,308306
14916,0.000717,74.125.130.0-255,2902,71424,96,308306
14917,0.00072,172.31.47.0-255,66,71490,96,308306
14918,0.00074,74.125.130.0-255,5738,77228,96,308306
14919,0.000743,172.31.47.0-255,66,77294,96,308306
14920,0.000798,74.125.130.0-255,5738,83032,96,308306
14921,0.000803,172.31.47.0-255,66,83098,96,308306
14922,0.000823,74.125.130.0-255,4320,87418,96,308306
14923,0.000826,172.31.47.0-255,66,87484,96,308306
14924,0.000838,172.31.47.0-255,66,87550,96,308306
14925,0.000841,74.125.130.0-255,2184,89734,96,308306
14926,0.000844,172.31.47.0-255,66,89800,96,308306
14927,0.000919,74.125.130.0-255,1484,91284,96,308306
14928,0.000934,74.125.130.0-255,2902,94186,96,308306
14929,0.000937,172.31.47.0-255,66,94252,96,308306
14930,0.000956,74.125.130.0-255,2902,97154,96,308306
14931,0.000959,172.31.47.0-255,66,97220,96,308306
14932,0.00098,74.125.130.0-255,2902,100122,96,308306
14933,0.000983,172.31.47.0-255,66,100188,96,308306
14934,0.000989,74.125.130.0-255,5738,105926,96,308306
14935,0.000991,172.31.47.0-255,66,105992,96,308306
14936,0.000995,74.125.130.0-255,2902,108894,96,308306
14937,0.000996,172.31.47.0-255,66,108960,96,308306
14938,0.001024,74.125.130.0-255,4320,113280,96,308306
14939,0.001028,172.31.47.0-255,66,113346,96,308306
14940,0.00103,74.125.130.0-255,5738,119084,96,308306
14941,0.001033,172.31.47.0-255,66,119150,96,308306
14942,0.001068,74.125.130.0-255,2902,122052,96,308306
14943,0.001071,172.31.47.0-255,66,122118,96,308306
14944,0.001088,74.125.130.0-255,2184,124302,96,308306
14945,0.001091,172.31.47.0-255,66,124368,96,308306
14946,0.001126,74.125.130.0-255,1484,125852,96,308306
14947,0.00114,74.125.130.0-255,2902,128754,96,308306
14948,0.001143,172.31.47.0-255,66,128820,96,308306
14949,0.001162,74.125.130.0-255,4320,133140,96,308306
14950,0.001165,172.31.47.0-255,66,133206,96,308306
14951,0.001183,74.125.130.0-255,1484,134690,96,308306
14952,0.001187,74.125.130.0-255,1484,136174,96,308306
14953,0.001189,172.31.47.0-255,66,136240,96,308306
14954,0.001194,74.125.130.0-255,2902,139142,96,308306
14955,0.001196,172.31.47.0-255,66,139208,96,308306
14956,0.001224,74.125.130.0-255,5738,144946,96,308306
14957,0.001226,74.125.130.0-255,1484,146430,96,308306
14958,0.001228,172.31.47.0-255,66,146496,96,308306
14959,0.001252,74.125.130.0-255,2902,149398,96,308306
14960,0.001256,172.31.47.0-255,66,149464,96,308306
14961,0.001273,74.125.130.0-255,1484,150948,96,308306
14962,0.00129,74.125.130.0-255,4320,155268,96,308306
14963,0.001294,172.31.47.0-255,66,155334,96,308306
14964,0.001306,74.125.130.0-255,2902,158236,96,308306
14965,0.001309,172.31.47.0-255,66,158302,96,308306
14966,0.001312,74.125.130.0-255,766,159068,96,308306
14967,0.001515,74.125.130.0-255,1484,160552,96,308306
14968,0.001535,172.31.47.0-255,66,160618,96,308306
14969,0.001539,74.125.130.0-255,1484,162102,96,308306
14970,0.001543,74.125.130.0-255,1484,163586,96,308306
14971,0.001545,172.31.47.0-255,66,163652,96,308306
14972,0.001562,74.125.130.0-255,1484,165136,96,308306
14973,0.001565,74.125.130.0-255,1484,166620,96,308306
14974,0.001567,172.31.47.0-255,66,166686,96,308306
14975,0.001584,74.125.130.0-255,4320,171006,96,308306
14976,0.001587,172.31.47.0-255,66,171072,96,308306
14977,0.00159,74.125.130.0-255,1484,172556,96,308306
14978,0.001593,74.125.130.0-255,1484,174040,96,308306
14979,0.001594,172.31.47.0-255,66,174106,96,308306
14980,0.001608,74.125.130.0-255,1484,175590,96,308306
14981,0.001626,74.125.130.0-255,2902,178492,96,308306
14982,0.001628,172.31.47.0-255,66,178558,96,308306
14983,0.001646,74.125.130.0-255,2902,181460,96,308306
14984,0.001648,172.31.47.0-255,66,181526,96,308306
14985,0.00168,74.125.130.0-255,4320,185846,96,308306
14986,0.001683,172.31.47.0-255,66,185912,96,308306
14987,0.001687,74.125.130.0-255,2902,188814,96,308306
14988,0.00169,172.31.47.0-255,66,188880,96,308306
14989,0.001701,74.125.130.0-255,5020,193900,96,308306
14990,0.001703,172.31.47.0-255,66,193966,96,308306
14991,0.001795,74.125.130.0-255,1484,195450,96,308306
14992,0.001807,74.125.130.0-255,2902,198352,96,308306
14993,0.00181,172.31.47.0-255,66,198418,96,308306
14994,0.00185,74.125.130.0-255,5738,204156,96,308306
14995,0.001853,172.31.47.0-255,66,204222,96,308306
14996,0.001863,74.125.130.0-255,1484,205706,96,308306
14997,0.001883,74.125.130.0-255,5738,211444,96,308306
14998,0.001885,172.31.47.0-255,66,211510,96,308306
14999,0.00189,74.125.130.0-255,4320,215830,96,308306
15000,0.001892,172.31.47.0-255,66,215896,96,308306
15001,0.001911,74.125.130.0-255,2902,218798,96,308306
15002,0.001914,172.31.47.0-255,66,218864,96,308306
15003,0.00193,74.125.130.0-255,2902,221766,96,308306
15004,0.001933,172.31.47.0-255,66,221832,96,308306
15005,0.001955,74.125.130.0-255,6438,228270,96,308306
15006,0.001957,172.31.47.0-255,66,228336,96,308306
15007,0.003937,74.125.130.0-255,5738,234074,96,308306
15008,0.003944,172.31.47.0-255,66,234140,96,308306
15009,0.005911,74.125.130.0-255,1484,235624,96,308306
15010,0.005935,74.125.130.0-255,4320,239944,96,308306
15011,0.005938,172.31.47.0-255,66,240010,96,308306
15012,0.007928,74.125.130.0-255,5738,245748,96,308306
15013,0.007934,172.31.47.0-255,66,245814,96,308306
15014,0.009913,74.125.130.0-255,5738,251552,96,308306
15015,0.009919,172.31.47.0-255,66,251618,96,308306
15016,0.01193,74.125.130.0-255,5738,257356,96,308306
15017,0.011936,172.31.47.0-255,66,257422,96,308306
15018,0.013917,74.125.130.0-255,4320,261742,96,308306
15019,0.013923,172.31.47.0-255,66,261808,96,308306
15020,0.013942,74.125.130.0-255,1484,263292,96,308306
15021,0.015898,74.125.130.0-255,4320,267612,96,308306
15022,0.015903,172.31.47.0-255,66,267678,96,308306
15023,0.017898,74.125.130.0-255,5738,273416,96,308306
15024,0.017908,172.31.47.0-255,66,273482,96,308306
15025,0.019893,74.125.130.0-255,5738,279220,96,308306
15026,0.0199,172.31.47.0-255,66,279286,96,308306
15027,0.021876,74.125.130.0-255,5738,285024,96,308306
15028,0.021885,172.31.47.0-255,66,285090,96,308306
15029,0.023869,74.125.130.0-255,5738,290828,96,308306
15030,0.023875,172.31.47.0-255,66,290894,96,308306
15031,0.025866,74.125.130.0-255,5738,296632,96,308306
15032,0.02588,172.31.47.0-255,66,296698,96,308306
15033,0.027879,74.125.130.0-255,5738,302436,96,308306
15034,0.027892,172.31.47.0-255,66,302502,96,308306
15035,0.029877,74.125.130.0-255,5738,308240,96,308306
15036,0.029887,172.31.47.0-255,66,308306,96,308306
15037,0.0,172.217.194.0-255,153,153,96,182159
15038,2.4e-05,172.31.47.0-255,66,219,96,182159
15039,3.2e-05,172.217.194.0-255,1484,1703,96,182159
15040,3.7e-05,172.31.47.0-255,66,1769,96,182159
15041,4.2e-05,172.217.194.0-255,2902,4671,96,182159
15042,4.6e-05,172.31.47.0-255,66,4737,96,182159
15043,5.3e-05,172.217.194.0-255,5738,10475,96,182159
15044,5.6e-05,172.31.47.0-255,66,10541,96,182159
15045,6.2e-05,172.217.194.0-255,4320,14861,96,182159
15046,6.5e-05,172.31.47.0-255,66,14927,96,182159
15047,0.000107,172.31.47.0-255,66,14993,96,182159
15048,0.000115,172.217.194.0-255,6797,21790,96,182159
15049,0.000117,172.31.47.0-255,66,21856,96,182159
15050,0.000162,172.217.194.0-255,5738,27594,96,182159
15051,0.000165,172.31.47.0-255,66,27660,96,182159
15052,0.000173,172.217.194.0-255,7156,34816,96,182159
15053,0.000176,172.31.47.0-255,66,34882,96,182159
15054,0.000181,172.217.194.0-255,3961,38843,96,182159
15055,0.000183,172.31.47.0-255,66,38909,96,182159
15056,0.00049,172.217.194.0-255,1484,40393,96,182159
15057,0.000495,172.31.47.0-255,66,40459,96,182159
15058,0.000501,172.217.194.0-255,2902,43361,96,182159
15059,0.000504,172.31.47.0-255,66,43427,96,182159
15060,0.000509,172.217.194.0-255,2902,46329,96,182159
15061,0.000511,172.31.47.0-255,66,46395,96,182159
15062,0.000531,172.217.194.0-255,2902,49297,96,182159
15063,0.000533,172.31.47.0-255,66,49363,96,182159
15064,0.000545,172.31.47.0-255,66,49429,96,182159
15065,0.001077,172.217.194.0-255,1484,50913,96,182159
15066,0.001082,172.31.47.0-255,66,50979,96,182159
15067,0.001089,172.217.194.0-255,2902,53881,96,182159
15068,0.001091,172.31.47.0-255,66,53947,96,182159
15069,0.001097,172.217.194.0-255,5738,59685,96,182159
15070,0.001099,172.31.47.0-255,66,59751,96,182159
15071,0.001136,172.31.47.0-255,66,59817,96,182159
15072,0.001166,172.31.47.0-255,66,59883,96,182159
15073,0.001689,172.217.194.0-255,1484,61367,96,182159
15074,0.001697,172.217.194.0-255,2902,64269,96,182159
15075,0.001701,172.31.47.0-255,66,64335,96,182159
15076,0.001705,172.217.194.0-255,1484,65819,96,182159
15077,0.001723,172.217.194.0-255,4320,70139,96,182159
15078,0.001725,172.31.47.0-255,66,70205,96,182159
15079,0.00174,172.217.194.0-255,4320,74525,96,182159
15080,0.001742,172.31.47.0-255,66,74591,96,182159
15081,0.001771,172.31.47.0-255,66,74657,96,182159
15082,0.001781,172.31.47.0-255,66,74723,96,182159
15083,0.001795,172.217.194.0-255,766,75489,96,182159
15084,0.001894,172.217.194.0-255,1484,76973,96,182159
15085,0.001897,172.31.47.0-255,66,77039,96,182159
15086,0.001929,172.217.194.0-255,2902,79941,96,182159
15087,0.001931,172.31.47.0-255,66,80007,96,182159
15088,0.001953,172.217.194.0-255,5738,85745,96,182159
15089,0.001955,172.31.47.0-255,66,85811,96,182159
15090,0.00198,172.31.47.0-255,66,85877,96,182159
15091,0.002,172.217.194.0-255,1484,87361,96,182159
15092,0.002007,172.217.194.0-255,7156,94517,96,182159
15093,0.002009,172.31.47.0-255,66,94583,96,182159
15094,0.00203,172.217.194.0-255,5020,99603,96,182159
15095,0.002032,172.31.47.0-255,66,99669,96,182159
15096,0.004113,172.217.194.0-255,5738,105407,96,182159
15097,0.004116,172.31.47.0-255,66,105473,96,182159
15098,0.006187,172.217.194.0-255,1484,106957,96,182159
15099,0.006208,172.217.194.0-255,4320,111277,96,182159
15100,0.006212,172.31.47.0-255,66,111343,96,182159
15101,0.008299,172.217.194.0-255,5738,117081,96,182159
15102,0.008306,172.31.47.0-255,66,117147,96,182159
15103,0.010426,172.217.194.0-255,5738,122885,96,182159
15104,0.010433,172.31.47.0-255,66,122951,96,182159
15105,0.012526,172.217.194.0-255,5738,128689,96,182159
15106,0.012533,172.31.47.0-255,66,128755,96,182159
15107,0.014633,172.217.194.0-255,5738,134493,96,182159
15108,0.014642,172.31.47.0-255,66,134559,96,182159
15109,0.016741,172.217.194.0-255,5738,140297,96,182159
15110,0.016748,172.31.47.0-255,66,140363,96,182159
15111,0.018876,172.217.194.0-255,5738,146101,96,182159
15112,0.018885,172.31.47.0-255,66,146167,96,182159
15113,0.021016,172.217.194.0-255,5738,151905,96,182159
15114,0.021024,172.31.47.0-255,66,151971,96,182159
15115,0.023072,172.217.194.0-255,5738,157709,96,182159
15116,0.023079,172.31.47.0-255,66,157775,96,182159
15117,0.025197,172.217.194.0-255,5738,163513,96,182159
15118,0.025204,172.31.47.0-255,66,163579,96,182159
15119,0.027271,172.217.194.0-255,5738,169317,96,182159
15120,0.027278,172.31.47.0-255,66,169383,96,182159
15121,0.028409,172.31.47.0-255,172,169555,96,182159
15122,0.028447,172.31.47.0-255,1101,170656,96,182159
15123,0.028508,172.31.47.0-255,1514,172170,96,182159
15124,0.02851,172.31.47.0-255,1514,173684,96,182159
15125,0.028511,172.31.47.0-255,1514,175198,96,182159
15126,0.028512,172.31.47.0-255,1091,176289,96,182159
15127,0.029354,172.217.194.0-255,5738,182027,96,182159
15128,0.02936,172.31.47.0-255,66,182093,96,182159
15129,0.029991,104.244.42.0-255,66,182159,96,182159
15130,0.0,172.253.118.0-255,153,153,96,204083
15131,1.5e-05,172.31.47.0-255,66,219,96,204083
15132,2.2e-05,172.253.118.0-255,1484,1703,96,204083
15133,2.6e-05,172.31.47.0-255,66,1769,96,204083
15134,3.2e-05,172.253.118.0-255,2902,4671,96,204083
15135,3.5e-05,172.31.47.0-255,66,4737,96,204083
15136,4.1e-05,172.253.118.0-255,4320,9057,96,204083
15137,4.4e-05,172.31.47.0-255,66,9123,96,204083
15138,7.5e-05,172.253.118.0-255,2902,12025,96,204083
15139,7.9e-05,172.31.47.0-255,66,12091,96,204083
15140,8.4e-05,172.253.118.0-255,2094,14185,96,204083
15141,8.7e-05,172.31.47.0-255,66,14251,96,204083
15142,0.000175,172.253.118.0-255,1484,15735,96,204083
15143,0.000178,172.31.47.0-255,66,15801,96,204083
15144,0.000183,172.253.118.0-255,2902,18703,96,204083
15145,0.000186,172.31.47.0-255,66,18769,96,204083
15146,0.000211,172.253.118.0-255,5738,24507,96,204083
15147,0.000214,172.31.47.0-255,66,24573,96,204083
15148,0.000243,172.253.118.0-255,6797,31370,96,204083
15149,0.000246,172.31.47.0-255,66,31436,96,204083
15150,0.00025,172.253.118.0-255,2902,34338,96,204083
15151,0.000252,172.31.47.0-255,66,34404,96,204083
15152,0.000289,172.253.118.0-255,4320,38724,96,204083
15153,0.000292,172.31.47.0-255,66,38790,96,204083
15154,0.000308,172.31.47.0-255,66,38856,96,204083
15155,0.00033,172.253.118.0-255,1484,40340,96,204083
15156,0.000332,172.31.47.0-255,66,40406,96,204083
15157,0.000337,172.253.118.0-255,2902,43308,96,204083
15158,0.00034,172.31.47.0-255,66,43374,96,204083
15159,0.000344,172.253.118.0-255,2902,46276,96,204083
15160,0.00035,172.31.47.0-255,66,46342,96,204083
15161,0.000373,172.253.118.0-255,2902,49244,96,204083
15162,0.000375,172.31.47.0-255,66,49310,96,204083
15163,0.000383,172.253.118.0-255,7132,56442,96,204083
15164,0.00039,172.31.47.0-255,66,56508,96,204083
15165,0.000695,172.253.118.0-255,344,56852,96,204083
15166,0.000812,172.253.118.0-255,1484,58336,96,204083
15167,0.000818,172.31.47.0-255,66,58402,96,204083
15168,0.000824,172.253.118.0-255,2902,61304,96,204083
15169,0.000826,172.31.47.0-255,66,61370,96,204083
15170,0.000829,172.253.118.0-255,1484,62854,96,204083
15171,0.000856,172.253.118.0-255,1484,64338,96,204083
15172,0.000858,172.31.47.0-255,66,64404,96,204083
15173,0.000867,172.253.118.0-255,7156,71560,96,204083
15174,0.000869,172.31.47.0-255,66,71626,96,204083
15175,0.0009,172.253.118.0-255,2543,74169,96,204083
15176,0.000902,172.31.47.0-255,66,74235,96,204083
15177,0.000924,172.253.118.0-255,2902,77137,96,204083
15178,0.000927,172.31.47.0-255,66,77203,96,204083
15179,0.000948,172.253.118.0-255,4320,81523,96,204083
15180,0.00095,172.31.47.0-255,66,81589,96,204083
15181,0.000956,172.253.118.0-255,4320,85909,96,204083
15182,0.000959,172.31.47.0-255,66,85975,96,204083
15183,0.000972,172.253.118.0-255,4320,90295,96,204083
15184,0.000975,172.31.47.0-255,66,90361,96,204083
15185,0.000982,172.253.118.0-255,1125,91486,96,204083
15186,0.001628,172.31.47.0-255,66,91552,96,204083
15187,0.001885,172.253.118.0-255,1484,93036,96,204083
15188,0.001895,172.253.118.0-255,2902,95938,96,204083
15189,0.001899,172.31.47.0-255,66,96004,96,204083
15190,0.001907,172.253.118.0-255,5738,101742,96,204083
15191,0.001909,172.31.47.0-255,66,101808,96,204083
15192,0.001913,172.253.118.0-255,2902,104710,96,204083
15193,0.001915,172.31.47.0-255,66,104776,96,204083
15194,0.001931,172.253.118.0-255,1484,106260,96,204083
15195,0.001967,172.31.47.0-255,66,106326,96,204083
15196,0.001985,172.31.47.0-255,66,106392,96,204083
15197,0.002077,172.253.118.0-255,1484,107876,96,204083
15198,0.002083,172.253.118.0-255,2902,110778,96,204083
15199,0.002087,172.31.47.0-255,66,110844,96,204083
15200,0.002091,172.253.118.0-255,1484,112328,96,204083
15201,0.002123,172.253.118.0-255,4320,116648,96,204083
15202,0.002125,172.31.47.0-255,66,116714,96,204083
15203,0.002131,172.253.118.0-255,4320,121034,96,204083
15204,0.002133,172.31.47.0-255,66,121100,96,204083
15205,0.002151,172.31.47.0-255,66,121166,96,204083
15206,0.002195,172.31.47.0-255,66,121232,96,204083
15207,0.002208,172.31.47.0-255,66,121298,96,204083
15208,0.00226,172.31.47.0-255,66,121364,96,204083
15209,0.002312,172.253.118.0-255,1484,122848,96,204083
15210,0.002316,172.253.118.0-255,2902,125750,96,204083
15211,0.002319,172.31.47.0-255,66,125816,96,204083
15212,0.002326,172.253.118.0-255,5738,131554,96,204083
15213,0.002328,172.31.47.0-255,66,131620,96,204083
15214,0.002345,172.31.47.0-255,66,131686,96,204083
15215,0.00235,172.253.118.0-255,2902,134588,96,204083
15216,0.002352,172.31.47.0-255,66,134654,96,204083
15217,0.002355,172.253.118.0-255,1484,136138,96,204083
15218,0.002407,172.31.47.0-255,66,136204,96,204083
15219,0.002592,172.253.118.0-255,1484,137688,96,204083
15220,0.0026,172.253.118.0-255,2902,140590,96,204083
15221,0.002605,172.31.47.0-255,66,140656,96,204083
15222,0.002612,172.253.118.0-255,5738,146394,96,204083
15223,0.002615,172.31.47.0-255,66,146460,96,204083
15224,0.002624,172.253.118.0-255,2902,149362,96,204083
15225,0.002627,172.31.47.0-255,66,149428,96,204083
15226,0.00267,172.31.47.0-255,66,149494,96,204083
15227,0.002676,172.253.118.0-255,5738,155232,96,204083
15228,0.002678,172.31.47.0-255,66,155298,96,204083
15229,0.002715,172.31.47.0-255,66,155364,96,204083
15230,0.002736,172.31.47.0-255,66,155430,96,204083
15231,0.002743,172.253.118.0-255,7156,162586,96,204083
15232,0.002746,172.31.47.0-255,66,162652,96,204083
15233,0.002778,172.253.118.0-255,6438,169090,96,204083
15234,0.002781,172.31.47.0-255,66,169156,96,204083
15235,0.002803,172.253.118.0-255,1484,170640,96,204083
15236,0.002808,172.253.118.0-255,2902,173542,96,204083
15237,0.00281,172.31.47.0-255,66,173608,96,204083
15238,0.002841,172.253.118.0-255,5738,179346,96,204083
15239,0.002843,172.31.47.0-255,66,179412,96,204083
15240,0.002851,172.253.118.0-255,7156,186568,96,204083
15241,0.002853,172.31.47.0-255,66,186634,96,204083
15242,0.002863,172.253.118.0-255,4320,190954,96,204083
15243,0.002865,172.31.47.0-255,66,191020,96,204083
15244,0.002909,172.31.47.0-255,66,191086,96,204083
15245,0.002913,172.253.118.0-255,2184,193270,96,204083
15246,0.002915,172.31.47.0-255,66,193336,96,204083
15247,0.002919,172.253.118.0-255,1484,194820,96,204083
15248,0.002961,172.31.47.0-255,66,194886,96,204083
15249,0.002965,172.253.118.0-255,1484,196370,96,204083
15250,0.002982,172.31.47.0-255,66,196436,96,204083
15251,0.002985,172.253.118.0-255,1484,197920,96,204083
15252,0.002997,172.31.47.0-255,66,197986,96,204083
15253,0.003002,172.253.118.0-255,4320,202306,96,204083
15254,0.003005,172.31.47.0-255,66,202372,96,204083
15255,0.003047,172.31.47.0-255,66,202438,96,204083
15256,0.00306,172.31.47.0-255,66,202504,96,204083
15257,0.003135,172.31.47.0-255,66,202570,96,204083
15258,0.003145,172.31.47.0-255,66,202636,96,204083
15259,0.003152,172.253.118.0-255,922,203558,96,204083
15260,0.003155,172.253.118.0-255,105,203663,96,204083
15261,0.010613,172.31.47.0-255,66,203729,96,204083
15262,0.010664,172.31.47.0-255,105,203834,96,204083
15263,0.011911,172.253.118.0-255,105,203939,96,204083
15264,0.011923,172.31.47.0-255,78,204017,96,204083
15265,0.012604,172.253.118.0-255,66,204083,96,204083
15266,0.0,74.125.24.0-255,146,146,96,233393
15267,1.4e-05,172.31.47.0-255,66,212,96,233393
15268,2e-05,74.125.24.0-255,1484,1696,96,233393
15269,2.4e-05,172.31.47.0-255,66,1762,96,233393
15270,3e-05,74.125.24.0-255,2902,4664,96,233393
15271,3.3e-05,172.31.47.0-255,66,4730,96,233393
15272,4e-05,74.125.24.0-255,7156,11886,96,233393
15273,4.2e-05,172.31.47.0-255,66,11952,96,233393
15274,4.6e-05,74.125.24.0-255,2138,14090,96,233393
15275,4.8e-05,172.31.47.0-255,66,14156,96,233393
15276,6.5e-05,74.125.24.0-255,1484,15640,96,233393
15277,6.7e-05,172.31.47.0-255,66,15706,96,233393
15278,0.0001,172.31.47.0-255,66,15772,96,233393
15279,0.000103,74.125.24.0-255,1484,17256,96,233393
15280,0.000104,172.31.47.0-255,66,17322,96,233393
15281,0.000109,74.125.24.0-255,2902,20224,96,233393
15282,0.000111,172.31.47.0-255,66,20290,96,233393
15283,0.000128,74.125.24.0-255,1125,21415,96,233393
15284,0.00013,172.31.47.0-255,66,21481,96,233393
15285,0.000249,74.125.24.0-255,1484,22965,96,233393
15286,0.000254,172.31.47.0-255,66,23031,96,233393
15287,0.000259,74.125.24.0-255,2902,25933,96,233393
15288,0.000261,172.31.47.0-255,66,25999,96,233393
15289,0.000296,74.125.24.0-255,5738,31737,96,233393
15290,0.000298,172.31.47.0-255,66,31803,96,233393
15291,0.00031,172.31.47.0-255,66,31869,96,233393
15292,0.000322,172.31.47.0-255,66,31935,96,233393
15293,0.000337,74.125.24.0-255,1484,33419,96,233393
15294,0.00034,172.31.47.0-255,66,33485,96,233393
15295,0.000361,74.125.24.0-255,2818,36303,96,233393
15296,0.000363,172.31.47.0-255,66,36369,96,233393
15297,0.000431,74.125.24.0-255,382,36751,96,233393
15298,0.000434,172.31.47.0-255,66,36817,96,233393
15299,0.000547,74.125.24.0-255,1484,38301,96,233393
15300,0.000552,172.31.47.0-255,66,38367,96,233393
15301,0.000557,74.125.24.0-255,2902,41269,96,233393
15302,0.000559,172.31.47.0-255,66,41335,96,233393
15303,0.000566,74.125.24.0-255,5738,47073,96,233393
15304,0.000568,172.31.47.0-255,66,47139,96,233393
15305,0.000589,74.125.24.0-255,1484,48623,96,233393
15306,0.000592,172.31.47.0-255,66,48689,96,233393
15307,0.000616,74.125.24.0-255,5379,54068,96,233393
15308,0.000619,172.31.47.0-255,66,54134,96,233393
15309,0.000634,74.125.24.0-255,5738,59872,96,233393
15310,0.000637,172.31.47.0-255,66,59938,96,233393
15311,0.000661,74.125.24.0-255,1484,61422,96,233393
15312,0.000663,172.31.47.0-255,66,61488,96,233393
15313,0.00067,74.125.24.0-255,5738,67226,96,233393
15314,0.000672,172.31.47.0-255,66,67292,96,233393
15315,0.000692,74.125.24.0-255,3961,71253,96,233393
15316,0.000694,172.31.47.0-255,66,71319,96,233393
15317,0.00083,74.125.24.0-255,1484,72803,96,233393
15318,0.000834,172.31.47.0-255,66,72869,96,233393
15319,0.000839,74.125.24.0-255,2902,75771,96,233393
15320,0.000842,172.31.47.0-255,66,75837,96,233393
15321,0.000848,74.125.24.0-255,5738,81575,96,233393
15322,0.00085,172.31.47.0-255,66,81641,96,233393
15323,0.000883,172.31.47.0-255,66,81707,96,233393
15324,0.000902,74.125.24.0-255,4320,86027,96,233393
15325,0.000905,172.31.47.0-255,66,86093,96,233393
15326,0.000925,74.125.24.0-255,6438,92531,96,233393
15327,0.000928,172.31.47.0-255,66,92597,96,233393
15328,0.00099,74.125.24.0-255,1484,94081,96,233393
15329,0.000994,74.125.24.0-255,1484,95565,96,233393
15330,0.000997,172.31.47.0-255,66,95631,96,233393
15331,0.001015,74.125.24.0-255,1484,97115,96,233393
15332,0.001022,74.125.24.0-255,5738,102853,96,233393
15333,0.001024,172.31.47.0-255,66,102919,96,233393
15334,0.001028,74.125.24.0-255,1484,104403,96,233393
15335,0.001071,172.31.47.0-255,66,104469,96,233393
15336,0.001082,172.31.47.0-255,66,104535,96,233393
15337,0.001101,74.125.24.0-255,2184,106719,96,233393
15338,0.001103,172.31.47.0-255,66,106785,96,233393
15339,0.001908,74.125.24.0-255,1484,108269,96,233393
15340,0.001914,74.125.24.0-255,2902,111171,96,233393
15341,0.001917,172.31.47.0-255,66,111237,96,233393
15342,0.00192,74.125.24.0-255,1484,112721,96,233393
15343,0.00194,74.125.24.0-255,4320,117041,96,233393
15344,0.001942,172.31.47.0-255,66,117107,96,233393
15345,0.001946,74.125.24.0-255,2902,120009,96,233393
15346,0.001948,172.31.47.0-255,66,120075,96,233393
15347,0.00197,172.31.47.0-255,66,120141,96,233393
15348,0.001975,74.125.24.0-255,5738,125879,96,233393
15349,0.001977,172.31.47.0-255,66,125945,96,233393
15350,0.002013,74.125.24.0-255,5020,130965,96,233393
15351,0.002016,172.31.47.0-255,66,131031,96,233393
15352,0.002286,74.125.24.0-255,1484,132515,96,233393
15353,0.002293,74.125.24.0-255,2902,135417,96,233393
15354,0.002296,172.31.47.0-255,66,135483,96,233393
15355,0.002301,74.125.24.0-255,2902,138385,96,233393
15356,0.002303,172.31.47.0-255,66,138451,96,233393
15357,0.002317,74.125.24.0-255,2902,141353,96,233393
15358,0.002319,172.31.47.0-255,66,141419,96,233393
15359,0.002323,74.125.24.0-255,2902,144321,96,233393
15360,0.002324,172.31.47.0-255,66,144387,96,233393
15361,0.002366,74.125.24.0-255,5738,150125,96,233393
15362,0.002368,172.31.47.0-255,66,150191,96,233393
15363,0.002387,74.125.24.0-255,4320,154511,96,233393
15364,0.002389,172.31.47.0-255,66,154577,96,233393
15365,0.002399,172.31.47.0-255,66,154643,96,233393
15366,0.002441,74.125.24.0-255,5738,160381,96,233393
15367,0.002443,172.31.47.0-255,66,160447,96,233393
15368,0.002471,172.31.47.0-255,66,160513,96,233393
15369,0.002475,74.125.24.0-255,2902,163415,96,233393
15370,0.002477,172.31.47.0-255,66,163481,96,233393
15371,0.002512,172.31.47.0-255,66,163547,96,233393
15372,0.002523,172.31.47.0-255,66,163613,96,233393
15373,0.00254,74.125.24.0-255,4320,167933,96,233393
15374,0.002543,172.31.47.0-255,66,167999,96,233393
15375,0.002548,74.125.24.0-255,5738,173737,96,233393
15376,0.00255,172.31.47.0-255,66,173803,96,233393
15377,0.002553,74.125.24.0-255,1484,175287,96,233393
15378,0.002573,172.31.47.0-255,66,175353,96,233393
15379,0.005129,74.125.24.0-255,5738,181091,96,233393
15380,0.005141,172.31.47.0-255,66,181157,96,233393
15381,0.007713,74.125.24.0-255,5738,186895,96,233393
15382,0.007729,172.31.47.0-255,66,186961,96,233393
15383,0.010294,74.125.24.0-255,5738,192699,96,233393
15384,0.010299,172.31.47.0-255,66,192765,96,233393
15385,0.012808,74.125.24.0-255,5738,198503,96,233393
15386,0.012813,172.31.47.0-255,66,198569,96,233393
15387,0.015345,74.125.24.0-255,5738,204307,96,233393
15388,0.015357,172.31.47.0-255,66,204373,96,233393
15389,0.017922,74.125.24.0-255,5738,210111,96,233393
15390,0.017929,172.31.47.0-255,66,210177,96,233393
15391,0.02046,74.125.24.0-255,5738,215915,96,233393
15392,0.020468,172.31.47.0-255,66,215981,96,233393
15393,0.023029,74.125.24.0-255,5738,221719,96,233393
15394,0.023039,172.31.47.0-255,66,221785,96,233393
15395,0.025605,74.125.24.0-255,5738,227523,96,233393
15396,0.025623,172.31.47.0-255,66,227589,96,233393
15397,0.028165,74.125.24.0-255,5738,233327,96,233393
15398,0.028171,172.31.47.0-255,66,233393,96,233393
15399,0.0,74.125.24.0-255,153,153,96,213171
15400,2.1e-05,172.31.47.0-255,66,219,96,213171
15401,2.7e-05,74.125.24.0-255,1484,1703,96,213171
15402,3.1e-05,172.31.47.0-255,66,1769,96,213171
15403,3.5e-05,74.125.24.0-255,2902,4671,96,213171
15404,3.8e-05,172.31.47.0-255,66,4737,96,213171
15405,4e-05,74.125.24.0-255,1484,6221,96,213171
15406,4.3e-05,172.31.47.0-255,66,6287,96,213171
15407,7.1e-05,74.125.24.0-255,5738,12025,96,213171
15408,7.3e-05,172.31.47.0-255,66,12091,96,213171
15409,7.6e-05,74.125.24.0-255,2092,14183,96,213171
15410,7.9e-05,172.31.47.0-255,66,14249,96,213171
15411,0.000151,74.125.24.0-255,1484,15733,96,213171
15412,0.000155,172.31.47.0-255,66,15799,96,213171
15413,0.000161,74.125.24.0-255,2902,18701,96,213171
15414,0.000163,172.31.47.0-255,66,18767,96,213171
15415,0.000167,74.125.24.0-255,2902,21669,96,213171
15416,0.000168,172.31.47.0-255,66,21735,96,213171
15417,0.000191,74.125.24.0-255,2902,24637,96,213171
15418,0.000193,172.31.47.0-255,66,24703,96,213171
15419,0.000196,74.125.24.0-255,1484,26187,96,213171
15420,0.000198,172.31.47.0-255,66,26253,96,213171
15421,0.000213,74.125.24.0-255,5738,31991,96,213171
15422,0.000215,172.31.47.0-255,66,32057,96,213171
15423,0.000243,74.125.24.0-255,6797,38854,96,213171
15424,0.000245,172.31.47.0-255,66,38920,96,213171
15425,0.000256,172.31.47.0-255,66,38986,96,213171
15426,0.000278,74.125.24.0-255,5738,44724,96,213171
15427,0.000281,172.31.47.0-255,66,44790,96,213171
15428,0.000302,172.31.47.0-255,66,44856,96,213171
15429,0.000318,74.125.24.0-255,114,44970,96,213171
15430,0.000332,74.125.24.0-255,331,45301,96,213171
15431,0.000682,172.31.47.0-255,66,45367,96,213171
15432,0.000792,74.125.24.0-255,1484,46851,96,213171
15433,0.000798,74.125.24.0-255,2902,49753,96,213171
15434,0.000801,172.31.47.0-255,66,49819,96,213171
15435,0.000807,74.125.24.0-255,5738,55557,96,213171
15436,0.000809,172.31.47.0-255,66,55623,96,213171
15437,0.000831,74.125.24.0-255,7156,62779,96,213171
15438,0.000834,172.31.47.0-255,66,62845,96,213171
15439,0.000855,74.125.24.0-255,5738,68583,96,213171
15440,0.000857,172.31.47.0-255,66,68649,96,213171
15441,0.000868,172.31.47.0-255,66,68715,96,213171
15442,0.001619,74.125.24.0-255,1484,70199,96,213171
15443,0.001636,74.125.24.0-255,2902,73101,96,213171
15444,0.00164,172.31.47.0-255,66,73167,96,213171
15445,0.001646,74.125.24.0-255,2902,76069,96,213171
15446,0.001648,172.31.47.0-255,66,76135,96,213171
15447,0.001662,74.125.24.0-255,2902,79037,96,213171
15448,0.001664,172.31.47.0-255,66,79103,96,213171
15449,0.001676,74.125.24.0-255,2902,82005,96,213171
15450,0.001678,172.31.47.0-255,66,82071,96,213171
15451,0.001697,74.125.24.0-255,7156,89227,96,213171
15452,0.001699,172.31.47.0-255,66,89293,96,213171
15453,0.001725,74.125.24.0-255,4320,93613,96,213171
15454,0.001727,172.31.47.0-255,66,93679,96,213171
15455,0.00175,172.31.47.0-255,66,93745,96,213171
15456,0.001781,74.125.24.0-255,1484,95229,96,213171
15457,0.001798,74.125.24.0-255,2902,98131,96,213171
15458,0.0018,172.31.47.0-255,66,98197,96,213171
15459,0.001804,74.125.24.0-255,2902,101099,96,213171
15460,0.001807,172.31.47.0-255,66,101165,96,213171
15461,0.001818,74.125.24.0-255,2902,104067,96,213171
15462,0.00182,172.31.47.0-255,66,104133,96,213171
15463,0.001823,74.125.24.0-255,1484,105617,96,213171
15464,0.001837,74.125.24.0-255,1484,107101,96,213171
15465,0.001839,172.31.47.0-255,66,107167,96,213171
15466,0.001842,74.125.24.0-255,1484,108651,96,213171
15467,0.00187,172.31.47.0-255,66,108717,96,213171
15468,0.001875,74.125.24.0-255,4320,113037,96,213171
15469,0.001878,172.31.47.0-255,66,113103,96,213171
15470,0.001893,74.125.24.0-255,6438,119541,96,213171
15471,0.001896,172.31.47.0-255,66,119607,96,213171
15472,0.002012,74.125.24.0-255,1484,121091,96,213171
15473,0.002015,74.125.24.0-255,1484,122575,96,213171
15474,0.002017,172.31.47.0-255,66,122641,96,213171
15475,0.002032,74.125.24.0-255,1484,124125,96,213171
15476,0.002038,74.125.24.0-255,5738,129863,96,213171
15477,0.002041,172.31.47.0-255,66,129929,96,213171
15478,0.002075,172.31.47.0-255,66,129995,96,213171
15479,0.002077,74.125.24.0-255,1484,131479,96,213171
15480,0.002099,172.31.47.0-255,66,131545,96,213171
15481,0.002121,74.125.24.0-255,4320,135865,96,213171
15482,0.002124,172.31.47.0-255,66,135931,96,213171
15483,0.002153,172.31.47.0-255,66,135997,96,213171
15484,0.002165,74.125.24.0-255,5738,141735,96,213171
15485,0.002168,172.31.47.0-255,66,141801,96,213171
15486,0.002177,172.31.47.0-255,66,141867,96,213171
15487,0.004483,74.125.24.0-255,5738,147605,96,213171
15488,0.004489,172.31.47.0-255,66,147671,96,213171
15489,0.006792,74.125.24.0-255,5738,153409,96,213171
15490,0.006797,172.31.47.0-255,66,153475,96,213171
15491,0.009078,74.125.24.0-255,4320,157795,96,213171
15492,0.009083,172.31.47.0-255,66,157861,96,213171
15493,0.009105,74.125.24.0-255,1484,159345,96,213171
15494,0.011364,74.125.24.0-255,4320,163665,96,213171
15495,0.011371,172.31.47.0-255,66,163731,96,213171
15496,0.01367,74.125.24.0-255,5738,169469,96,213171
15497,0.013678,172.31.47.0-255,66,169535,96,213171
15498,0.015966,74.125.24.0-255,5738,175273,96,213171
15499,0.015981,172.31.47.0-255,66,175339,96,213171
15500,0.018299,74.125.24.0-255,5738,181077,96,213171
15501,0.018305,172.31.47.0-255,66,181143,96,213171
15502,0.020618,74.125.24.0-255,4320,185463,96,213171
15503,0.020625,172.31.47.0-255,66,185529,96,213171
15504,0.020661,74.125.24.0-255,1484,187013,96,213171
15505,0.022957,74.125.24.0-255,4320,191333,96,213171
15506,0.022964,172.31.47.0-255,66,191399,96,213171
15507,0.025112,172.31.47.0-255,171,191570,96,213171
15508,0.02514,172.31.47.0-255,1134,192704,96,213171
15509,0.025168,172.31.47.0-255,1514,194218,96,213171
15510,0.02517,172.31.47.0-255,1277,195495,96,213171
15511,0.025294,74.125.24.0-255,5738,201233,96,213171
15512,0.025299,172.31.47.0-255,66,201299,96,213171
15513,0.02667,104.244.42.0-255,66,201365,96,213171
15514,0.026706,104.244.42.0-255,66,201431,96,213171
15515,0.026708,104.244.42.0-255,66,201497,96,213171
15516,0.027608,74.125.24.0-255,5738,207235,96,213171
15517,0.027615,172.31.47.0-255,66,207301,96,213171
15518,0.029949,74.125.24.0-255,4320,211621,96,213171
15519,0.029954,172.31.47.0-255,66,211687,96,213171
15520,0.029981,74.125.24.0-255,1484,213171,96,213171
15521,0.0,172.217.194.0-255,302,302,96,154899
15522,2.5e-05,172.31.47.0-255,66,368,96,154899
15523,3e-05,172.217.194.0-255,1484,1852,96,154899
15524,3.4e-05,172.31.47.0-255,66,1918,96,154899
15525,4e-05,172.217.194.0-255,4320,6238,96,154899
15526,4.2e-05,172.31.47.0-255,66,6304,96,154899
15527,8.9e-05,172.31.47.0-255,66,6370,96,154899
15528,9.5e-05,172.217.194.0-255,7156,13526,96,154899
15529,9.7e-05,172.31.47.0-255,66,13592,96,154899
15530,0.000149,172.31.47.0-255,66,13658,96,154899
15531,0.000198,172.217.194.0-255,1484,15142,96,154899
15532,0.000202,172.31.47.0-255,66,15208,96,154899
15533,0.000224,172.217.194.0-255,2902,18110,96,154899
15534,0.000227,172.31.47.0-255,66,18176,96,154899
15535,0.000233,172.217.194.0-255,5738,23914,96,154899
15536,0.000235,172.31.47.0-255,66,23980,96,154899
15537,0.000238,172.217.194.0-255,2902,26882,96,154899
15538,0.00024,172.31.47.0-255,66,26948,96,154899
15539,0.000261,172.217.194.0-255,2902,29850,96,154899
15540,0.000266,172.31.47.0-255,66,29916,96,154899
15541,0.000301,172.31.47.0-255,66,29982,96,154899
15542,0.000304,172.217.194.0-255,1484,31466,96,154899
15543,0.000306,172.31.47.0-255,66,31532,96,154899
15544,0.000351,172.217.194.0-255,3132,34664,96,154899
15545,0.000356,172.31.47.0-255,66,34730,96,154899
15546,0.000735,172.217.194.0-255,1484,36214,96,154899
15547,0.00074,172.31.47.0-255,66,36280,96,154899
15548,0.000745,172.217.194.0-255,2902,39182,96,154899
15549,0.000747,172.31.47.0-255,66,39248,96,154899
15550,0.000751,172.217.194.0-255,2902,42150,96,154899
15551,0.000758,172.31.47.0-255,66,42216,96,154899
15552,0.00078,172.217.194.0-255,7156,49372,96,154899
15553,0.000787,172.217.194.0-255,5738,55110,96,154899
15554,0.000788,172.31.47.0-255,66,55176,96,154899
15555,0.000792,172.31.47.0-255,66,55242,96,154899
15556,0.000829,172.31.47.0-255,66,55308,96,154899
15557,0.00083,172.217.194.0-255,3602,58910,96,154899
15558,0.000834,172.31.47.0-255,66,58976,96,154899
15559,0.001092,172.217.194.0-255,1484,60460,96,154899
15560,0.0011,172.217.194.0-255,2902,63362,96,154899
15561,0.001104,172.31.47.0-255,66,63428,96,154899
15562,0.00111,172.217.194.0-255,2902,66330,96,154899
15563,0.001128,172.217.194.0-255,2902,69232,96,154899
15564,0.001145,172.217.194.0-255,5738,74970,96,154899
15565,0.001164,172.217.194.0-255,7156,82126,96,154899
15566,0.00124,172.217.194.0-255,766,82892,96,154899
15567,0.001264,172.217.194.0-255,1484,84376,96,154899
15568,0.00128,172.217.194.0-255,2902,87278,96,154899
15569,0.001284,172.217.194.0-255,2902,90180,96,154899
15570,0.001298,172.217.194.0-255,2902,93082,96,154899
15571,0.001312,172.217.194.0-255,4320,97402,96,154899
15572,0.001382,172.217.194.0-255,2184,99586,96,154899
15573,0.00199,172.31.47.0-255,66,99652,96,154899
15574,0.002549,172.217.194.0-255,1484,101136,96,154899
15575,0.004545,172.217.194.0-255,4320,105456,96,154899
15576,0.004549,172.31.47.0-255,66,105522,96,154899
15577,0.007112,172.217.194.0-255,5738,111260,96,154899
15578,0.009598,172.31.47.0-255,66,111326,96,154899
15579,0.012161,172.217.194.0-255,5738,117064,96,154899
15580,0.012172,172.31.47.0-255,66,117130,96,154899
15581,0.014709,172.217.194.0-255,5738,122868,96,154899
15582,0.014716,172.31.47.0-255,66,122934,96,154899
15583,0.017261,172.217.194.0-255,5738,128672,96,154899
15584,0.017266,172.31.47.0-255,66,128738,96,154899
15585,0.019665,172.31.47.0-255,172,128910,96,154899
15586,0.019702,172.31.47.0-255,1109,130019,96,154899
15587,0.019749,172.31.47.0-255,1514,131533,96,154899
15588,0.019751,172.31.47.0-255,1304,132837,96,154899
15589,0.01984,172.217.194.0-255,5738,138575,96,154899
15590,0.019845,172.31.47.0-255,66,138641,96,154899
15591,0.021189,104.244.42.0-255,66,138707,96,154899
15592,0.021233,104.244.42.0-255,66,138773,96,154899
15593,0.021271,104.244.42.0-255,66,138839,96,154899
15594,0.022361,172.217.194.0-255,4320,143159,96,154899
15595,0.022366,172.31.47.0-255,66,143225,96,154899
15596,0.02239,172.217.194.0-255,1484,144709,96,154899
15597,0.024912,172.217.194.0-255,4320,149029,96,154899
15598,0.024918,172.31.47.0-255,66,149095,96,154899
15599,0.027449,172.217.194.0-255,5738,154833,96,154899
15600,0.027497,172.31.47.0-255,66,154899,96,154899
15601,0.0,172.31.47.0-255,105,105,96,276
15602,0.001579,157.240.13.0-255,105,210,96,276
15603,0.001591,172.31.47.0-255,66,276,96,276
15604,0.0,172.217.194.0-255,153,153,96,215725
15605,3.4e-05,172.31.47.0-255,66,219,96,215725
15606,4e-05,172.217.194.0-255,1484,1703,96,215725
15607,4.4e-05,172.31.47.0-255,66,1769,96,215725
15608,4.9e-05,172.217.194.0-255,2902,4671,96,215725
15609,5.9e-05,172.31.47.0-255,66,4737,96,215725
15610,6.5e-05,172.217.194.0-255,4320,9057,96,215725
15611,6.9e-05,172.31.47.0-255,66,9123,96,215725
15612,8e-05,172.31.47.0-255,66,9189,96,215725
15613,8.5e-05,172.217.194.0-255,4320,13509,96,215725
15614,8.9e-05,172.31.47.0-255,66,13575,96,215725
15615,0.000136,172.217.194.0-255,1484,15059,96,215725
15616,0.000139,172.31.47.0-255,66,15125,96,215725
15617,0.000171,172.217.194.0-255,6797,21922,96,215725
15618,0.000174,172.31.47.0-255,66,21988,96,215725
15619,0.000317,172.217.194.0-255,1484,23472,96,215725
15620,0.000322,172.31.47.0-255,66,23538,96,215725
15621,0.000353,172.217.194.0-255,2902,26440,96,215725
15622,0.000357,172.31.47.0-255,66,26506,96,215725
15623,0.000361,172.217.194.0-255,2902,29408,96,215725
15624,0.000363,172.31.47.0-255,66,29474,96,215725
15625,0.000366,172.217.194.0-255,1484,30958,96,215725
15626,0.000368,172.31.47.0-255,66,31024,96,215725
15627,0.0004,172.217.194.0-255,5738,36762,96,215725
15628,0.000404,172.31.47.0-255,66,36828,96,215725
15629,0.00041,172.217.194.0-255,5379,42207,96,215725
15630,0.000413,172.31.47.0-255,66,42273,96,215725
15631,0.000424,172.217.194.0-255,5738,48011,96,215725
15632,0.000427,172.31.47.0-255,66,48077,96,215725
15633,0.000465,172.31.47.0-255,66,48143,96,215725
15634,0.000499,172.217.194.0-255,118,48261,96,215725
15635,0.000655,172.217.194.0-255,1484,49745,96,215725
15636,0.00066,172.31.47.0-255,66,49811,96,215725
15637,0.000686,172.217.194.0-255,2902,52713,96,215725
15638,0.000689,172.31.47.0-255,66,52779,96,215725
15639,0.000695,172.217.194.0-255,5738,58517,96,215725
15640,0.000709,172.31.47.0-255,66,58583,96,215725
15641,0.000717,172.217.194.0-255,4320,62903,96,215725
15642,0.000724,172.31.47.0-255,66,62969,96,215725
15643,0.000744,172.217.194.0-255,5738,68707,96,215725
15644,0.000748,172.217.194.0-255,1484,70191,96,215725
15645,0.000751,172.31.47.0-255,66,70257,96,215725
15646,0.000796,172.31.47.0-255,66,70323,96,215725
15647,0.00081,172.31.47.0-255,66,70389,96,215725
15648,0.000862,172.217.194.0-255,2543,72932,96,215725
15649,0.000865,172.31.47.0-255,66,72998,96,215725
15650,0.000893,172.217.194.0-255,1484,74482,96,215725
15651,0.000915,172.217.194.0-255,2902,77384,96,215725
15652,0.00092,172.217.194.0-255,2902,80286,96,215725
15653,0.000921,172.31.47.0-255,66,80352,96,215725
15654,0.00094,172.217.194.0-255,2902,83254,96,215725
15655,0.000944,172.31.47.0-255,66,83320,96,215725
15656,0.000973,172.217.194.0-255,7156,90476,96,215725
15657,0.000981,172.31.47.0-255,66,90542,96,215725
15658,0.00102,172.217.194.0-255,2184,92726,96,215725
15659,0.00103,172.31.47.0-255,66,92792,96,215725
15660,0.001119,172.217.194.0-255,1484,94276,96,215725
15661,0.001135,172.217.194.0-255,2902,97178,96,215725
15662,0.001138,172.31.47.0-255,66,97244,96,215725
15663,0.001168,172.217.194.0-255,2902,100146,96,215725
15664,0.001173,172.217.194.0-255,4320,104466,96,215725
15665,0.001172,172.31.47.0-255,66,104532,96,215725
15666,0.001184,172.217.194.0-255,2902,107434,96,215725
15667,0.001187,172.31.47.0-255,66,107500,96,215725
15668,0.001191,172.31.47.0-255,66,107566,96,215725
15669,0.001217,172.217.194.0-255,2543,110109,96,215725
15670,0.001222,172.31.47.0-255,66,110175,96,215725
15671,0.001348,172.217.194.0-255,1484,111659,96,215725
15672,0.001365,172.217.194.0-255,2902,114561,96,215725
15673,0.001368,172.31.47.0-255,66,114627,96,215725
15674,0.001387,172.217.194.0-255,2902,117529,96,215725
15675,0.001395,172.31.47.0-255,66,117595,96,215725
15676,0.001422,172.217.194.0-255,2902,120497,96,215725
15677,0.001434,172.31.47.0-255,66,120563,96,215725
15678,0.00144,172.217.194.0-255,7156,127719,96,215725
15679,0.001439,172.31.47.0-255,66,127785,96,215725
15680,0.001453,172.31.47.0-255,66,127851,96,215725
15681,0.001475,172.217.194.0-255,3602,131453,96,215725
15682,0.001487,172.31.47.0-255,66,131519,96,215725
15683,0.001674,172.217.194.0-255,1484,133003,96,215725
15684,0.00168,172.217.194.0-255,2902,135905,96,215725
15685,0.001683,172.31.47.0-255,66,135971,96,215725
15686,0.001688,172.217.194.0-255,4320,140291,96,215725
15687,0.001701,172.31.47.0-255,66,140357,96,215725
15688,0.001739,172.217.194.0-255,1484,141841,96,215725
15689,0.001758,172.217.194.0-255,7156,148997,96,215725
15690,0.001788,172.217.194.0-255,5020,154017,96,215725
15691,0.00184,172.217.194.0-255,3602,157619,96,215725
15692,0.008161,172.31.47.0-255,66,157685,96,215725
15693,0.010191,172.217.194.0-255,5738,163423,96,215725
15694,0.010201,172.31.47.0-255,66,163489,96,215725
15695,0.012227,172.217.194.0-255,5738,169227,96,215725
15696,0.012236,172.31.47.0-255,66,169293,96,215725
15697,0.014238,172.217.194.0-255,5738,175031,96,215725
15698,0.014245,172.31.47.0-255,66,175097,96,215725
15699,0.016254,172.217.194.0-255,5738,180835,96,215725
15700,0.017824,172.31.47.0-255,66,180901,96,215725
15701,0.019866,172.217.194.0-255,5738,186639,96,215725
15702,0.019878,172.31.47.0-255,66,186705,96,215725
15703,0.021889,172.217.194.0-255,5738,192443,96,215725
15704,0.021898,172.31.47.0-255,66,192509,96,215725
15705,0.023918,172.217.194.0-255,5738,198247,96,215725
15706,0.023927,172.31.47.0-255,66,198313,96,215725
15707,0.025918,172.217.194.0-255,5738,204051,96,215725
15708,0.025925,172.31.47.0-255,66,204117,96,215725
15709,0.027924,172.217.194.0-255,5738,209855,96,215725
15710,0.027934,172.31.47.0-255,66,209921,96,215725
15711,0.02994,172.217.194.0-255,5738,215659,96,215725
15712,0.029948,172.31.47.0-255,66,215725,96,215725
15713,0.0,172.217.26.0-255,153,153,96,131745
15714,2.6e-05,172.31.47.0-255,66,219,96,131745
15715,3.2e-05,172.217.26.0-255,1484,1703,96,131745
15716,3.6e-05,172.31.47.0-255,66,1769,96,131745
15717,4e-05,172.217.26.0-255,2902,4671,96,131745
15718,4.2e-05,172.31.47.0-255,66,4737,96,131745
15719,0.000111,172.217.26.0-255,1484,6221,96,131745
15720,0.000115,172.31.47.0-255,66,6287,96,131745
15721,0.000136,172.217.26.0-255,5738,12025,96,131745
15722,0.000139,172.31.47.0-255,66,12091,96,131745
15723,0.000311,172.217.26.0-255,2102,14193,96,131745
15724,0.000315,172.31.47.0-255,66,14259,96,131745
15725,0.000369,172.217.26.0-255,2902,17161,96,131745
15726,0.000372,172.31.47.0-255,66,17227,96,131745
15727,0.000404,172.31.47.0-255,66,17293,96,131745
15728,0.000684,172.217.26.0-255,5379,22672,96,131745
15729,0.00069,172.31.47.0-255,66,22738,96,131745
15730,0.000845,172.31.47.0-255,66,22804,96,131745
15731,0.000885,172.31.47.0-255,66,22870,96,131745
15732,0.001312,172.31.47.0-255,66,22936,96,131745
15733,0.001345,172.217.26.0-255,7125,30061,96,131745
15734,0.001348,172.31.47.0-255,66,30127,96,131745
15735,0.001778,172.31.47.0-255,66,30193,96,131745
15736,0.001812,172.31.47.0-255,66,30259,96,131745
15737,0.002274,172.217.26.0-255,7156,37415,96,131745
15738,0.002278,172.31.47.0-255,66,37481,96,131745
15739,0.002314,172.31.47.0-255,66,37547,96,131745
15740,0.002701,172.217.26.0-255,7156,44703,96,131745
15741,0.002704,172.31.47.0-255,66,44769,96,131745
15742,0.002737,172.31.47.0-255,66,44835,96,131745
15743,0.002766,172.217.26.0-255,6701,51536,96,131745
15744,0.002769,172.31.47.0-255,66,51602,96,131745
15745,0.004711,172.217.26.0-255,5738,57340,96,131745
15746,0.004716,172.31.47.0-255,66,57406,96,131745
15747,0.006662,172.217.26.0-255,5738,63144,96,131745
15748,0.006668,172.31.47.0-255,66,63210,96,131745
15749,0.008612,172.217.26.0-255,5738,68948,96,131745
15750,0.008618,172.31.47.0-255,66,69014,96,131745
15751,0.010574,172.217.26.0-255,5738,74752,96,131745
15752,0.010586,172.31.47.0-255,66,74818,96,131745
15753,0.012536,172.217.26.0-255,5738,80556,96,131745
15754,0.012547,172.31.47.0-255,66,80622,96,131745
15755,0.014509,172.217.26.0-255,5738,86360,96,131745
15756,0.014522,172.31.47.0-255,66,86426,96,131745
15757,0.016477,172.217.26.0-255,5738,92164,96,131745
15758,0.016486,172.31.47.0-255,66,92230,96,131745
15759,0.018465,172.217.26.0-255,5738,97968,96,131745
15760,0.018472,172.31.47.0-255,66,98034,96,131745
15761,0.020422,172.217.26.0-255,5738,103772,96,131745
15762,0.020429,172.31.47.0-255,66,103838,96,131745
15763,0.021407,172.31.47.0-255,172,104010,96,131745
15764,0.02144,172.31.47.0-255,1104,105114,96,131745
15765,0.021498,172.31.47.0-255,1514,106628,96,131745
15766,0.0215,172.31.47.0-255,1307,107935,96,131745
15767,0.022378,172.217.26.0-255,5738,113673,96,131745
15768,0.022385,172.31.47.0-255,66,113739,96,131745
15769,0.023,104.244.42.0-255,66,113805,96,131745
15770,0.023007,104.244.42.0-255,66,113871,96,131745
15771,0.023083,104.244.42.0-255,66,113937,96,131745
15772,0.024322,172.217.26.0-255,2902,116839,96,131745
15773,0.024327,172.31.47.0-255,66,116905,96,131745
15774,0.024363,172.217.26.0-255,2902,119807,96,131745
15775,0.024366,172.31.47.0-255,66,119873,96,131745
15776,0.026271,172.217.26.0-255,2902,122775,96,131745
15777,0.026277,172.31.47.0-255,66,122841,96,131745
15778,0.026316,172.217.26.0-255,2902,125743,96,131745
15779,0.026322,172.31.47.0-255,66,125809,96,131745
15780,0.028231,172.217.26.0-255,2902,128711,96,131745
15781,0.028236,172.31.47.0-255,66,128777,96,131745
15782,0.028268,172.217.26.0-255,2902,131679,96,131745
15783,0.028271,172.31.47.0-255,66,131745,96,131745
15784,0.0,172.253.118.0-255,153,153,96,198837
15785,1.5e-05,172.31.47.0-255,66,219,96,198837
15786,2.2e-05,172.253.118.0-255,1484,1703,96,198837
15787,2.6e-05,172.31.47.0-255,66,1769,96,198837
15788,3.2e-05,172.253.118.0-255,2902,4671,96,198837
15789,3.5e-05,172.31.47.0-255,66,4737,96,198837
15790,5.2e-05,172.253.118.0-255,7156,11893,96,198837
15791,5.5e-05,172.31.47.0-255,66,11959,96,198837
15792,5.9e-05,172.253.118.0-255,2142,14101,96,198837
15793,6.1e-05,172.31.47.0-255,66,14167,96,198837
15794,0.000125,172.253.118.0-255,2902,17069,96,198837
15795,0.000128,172.31.47.0-255,66,17135,96,198837
15796,0.000135,172.253.118.0-255,7156,24291,96,198837
15797,0.000138,172.31.47.0-255,66,24357,96,198837
15798,0.000169,172.253.118.0-255,6797,31154,96,198837
15799,0.000172,172.31.47.0-255,66,31220,96,198837
15800,0.0003,172.253.118.0-255,1484,32704,96,198837
15801,0.000306,172.31.47.0-255,66,32770,96,198837
15802,0.00031,172.253.118.0-255,1484,34254,96,198837
15803,0.000313,172.31.47.0-255,66,34320,96,198837
15804,0.000331,172.253.118.0-255,1484,35804,96,198837
15805,0.000333,172.31.47.0-255,66,35870,96,198837
15806,0.00034,172.253.118.0-255,5738,41608,96,198837
15807,0.000343,172.31.47.0-255,66,41674,96,198837
15808,0.000382,172.31.47.0-255,66,41740,96,198837
15809,0.000409,172.253.118.0-255,2543,44283,96,198837
15810,0.000411,172.31.47.0-255,66,44349,96,198837
15811,0.000419,172.253.118.0-255,5738,50087,96,198837
15812,0.000421,172.31.47.0-255,66,50153,96,198837
15813,0.000443,172.253.118.0-255,5379,55532,96,198837
15814,0.000445,172.31.47.0-255,66,55598,96,198837
15815,0.000569,172.253.118.0-255,646,56244,96,198837
15816,0.000901,172.253.118.0-255,1484,57728,96,198837
15817,0.000907,172.31.47.0-255,66,57794,96,198837
15818,0.000913,172.253.118.0-255,2902,60696,96,198837
15819,0.000915,172.31.47.0-255,66,60762,96,198837
15820,0.000952,172.253.118.0-255,5738,66500,96,198837
15821,0.000955,172.31.47.0-255,66,66566,96,198837
15822,0.000958,172.253.118.0-255,1484,68050,96,198837
15823,0.000991,172.31.47.0-255,66,68116,96,198837
15824,0.000997,172.253.118.0-255,5738,73854,96,198837
15825,0.001,172.31.47.0-255,66,73920,96,198837
15826,0.001027,172.253.118.0-255,4320,78240,96,198837
15827,0.00103,172.31.47.0-255,66,78306,96,198837
15828,0.001052,172.253.118.0-255,766,79072,96,198837
15829,0.001173,172.253.118.0-255,1484,80556,96,198837
15830,0.001177,172.31.47.0-255,66,80622,96,198837
15831,0.001182,172.253.118.0-255,2902,83524,96,198837
15832,0.001184,172.31.47.0-255,66,83590,96,198837
15833,0.001202,172.253.118.0-255,5738,89328,96,198837
15834,0.001205,172.31.47.0-255,66,89394,96,198837
15835,0.001244,172.31.47.0-255,66,89460,96,198837
15836,0.001251,172.253.118.0-255,7156,96616,96,198837
15837,0.001253,172.31.47.0-255,66,96682,96,198837
15838,0.001281,172.253.118.0-255,1484,98166,96,198837
15839,0.001297,172.253.118.0-255,2184,100350,96,198837
15840,0.001301,172.31.47.0-255,66,100416,96,198837
15841,0.00142,172.253.118.0-255,1484,101900,96,198837
15842,0.001424,172.253.118.0-255,1484,103384,96,198837
15843,0.001427,172.31.47.0-255,66,103450,96,198837
15844,0.001453,172.253.118.0-255,1484,104934,96,198837
15845,0.001459,172.253.118.0-255,2902,107836,96,198837
15846,0.001461,172.31.47.0-255,66,107902,96,198837
15847,0.001484,172.253.118.0-255,2902,110804,96,198837
15848,0.001486,172.31.47.0-255,66,110870,96,198837
15849,0.001493,172.253.118.0-255,5738,116608,96,198837
15850,0.001494,172.31.47.0-255,66,116674,96,198837
15851,0.001535,172.253.118.0-255,4320,120994,96,198837
15852,0.001538,172.31.47.0-255,66,121060,96,198837
15853,0.001555,172.31.47.0-255,66,121126,96,198837
15854,0.001559,172.253.118.0-255,2184,123310,96,198837
15855,0.001561,172.31.47.0-255,66,123376,96,198837
15856,0.003829,172.253.118.0-255,2902,126278,96,198837
15857,0.003836,172.31.47.0-255,66,126344,96,198837
15858,0.003864,172.253.118.0-255,2902,129246,96,198837
15859,0.003866,172.31.47.0-255,66,129312,96,198837
15860,0.006119,172.253.118.0-255,2902,132214,96,198837
15861,0.006124,172.31.47.0-255,66,132280,96,198837
15862,0.006148,172.253.118.0-255,2902,135182,96,198837
15863,0.00615,172.31.47.0-255,66,135248,96,198837
15864,0.0084,172.253.118.0-255,2902,138150,96,198837
15865,0.008406,172.31.47.0-255,66,138216,96,198837
15866,0.008432,172.253.118.0-255,2902,141118,96,198837
15867,0.008435,172.31.47.0-255,66,141184,96,198837
15868,0.010687,172.253.118.0-255,2902,144086,96,198837
15869,0.010694,172.31.47.0-255,66,144152,96,198837
15870,0.010723,172.253.118.0-255,2902,147054,96,198837
15871,0.010724,172.31.47.0-255,66,147120,96,198837
15872,0.012969,172.253.118.0-255,2902,150022,96,198837
15873,0.01298,172.31.47.0-255,66,150088,96,198837
15874,0.013043,172.253.118.0-255,2902,152990,96,198837
15875,0.013046,172.31.47.0-255,66,153056,96,198837
15876,0.015265,172.253.118.0-255,2902,155958,96,198837
15877,0.015273,172.31.47.0-255,66,156024,96,198837
15878,0.01529,172.253.118.0-255,1484,157508,96,198837
15879,0.015307,172.253.118.0-255,1484,158992,96,198837
15880,0.01531,172.31.47.0-255,66,159058,96,198837
15881,0.017549,172.253.118.0-255,2902,161960,96,198837
15882,0.017555,172.31.47.0-255,66,162026,96,198837
15883,0.017585,172.253.118.0-255,2902,164928,96,198837
15884,0.017588,172.31.47.0-255,66,164994,96,198837
15885,0.019842,172.253.118.0-255,2902,167896,96,198837
15886,0.019849,172.31.47.0-255,66,167962,96,198837
15887,0.01988,172.253.118.0-255,2902,170864,96,198837
15888,0.019883,172.31.47.0-255,66,170930,96,198837
15889,0.022122,172.253.118.0-255,2902,173832,96,198837
15890,0.022128,172.31.47.0-255,66,173898,96,198837
15891,0.022159,172.253.118.0-255,2902,176800,96,198837
15892,0.022162,172.31.47.0-255,66,176866,96,198837
15893,0.022442,172.31.47.0-255,172,177038,96,198837
15894,0.022468,172.31.47.0-255,1101,178139,96,198837
15895,0.022515,172.31.47.0-255,1514,179653,96,198837
15896,0.022535,172.31.47.0-255,1310,180963,96,198837
15897,0.023971,104.244.42.0-255,66,181029,96,198837
15898,0.024017,104.244.42.0-255,66,181095,96,198837
15899,0.02405,104.244.42.0-255,66,181161,96,198837
15900,0.024413,172.253.118.0-255,2902,184063,96,198837
15901,0.02442,172.31.47.0-255,66,184129,96,198837
15902,0.024451,172.253.118.0-255,2902,187031,96,198837
15903,0.024454,172.31.47.0-255,66,187097,96,198837
15904,0.026694,172.253.118.0-255,2902,189999,96,198837
15905,0.0267,172.31.47.0-255,66,190065,96,198837
15906,0.026725,172.253.118.0-255,2902,192967,96,198837
15907,0.026727,172.31.47.0-255,66,193033,96,198837
15908,0.028992,172.253.118.0-255,5738,198771,96,198837
15909,0.028999,172.31.47.0-255,66,198837,96,198837
15910,0.0,74.125.24.0-255,153,153,96,176291
15911,2e-05,172.31.47.0-255,66,219,96,176291
15912,2.7e-05,74.125.24.0-255,1484,1703,96,176291
15913,3.2e-05,172.31.47.0-255,66,1769,96,176291
15914,3.7e-05,74.125.24.0-255,2902,4671,96,176291
15915,4e-05,172.31.47.0-255,66,4737,96,176291
15916,4.6e-05,74.125.24.0-255,5738,10475,96,176291
15917,5e-05,172.31.47.0-255,66,10541,96,176291
15918,6.5e-05,172.31.47.0-255,66,10607,96,176291
15919,7.2e-05,74.125.24.0-255,7156,17763,96,176291
15920,7.4e-05,172.31.47.0-255,66,17829,96,176291
15921,7.9e-05,74.125.24.0-255,2902,20731,96,176291
15922,8.2e-05,172.31.47.0-255,66,20797,96,176291
15923,0.000117,172.31.47.0-255,66,20863,96,176291
15924,0.000151,172.31.47.0-255,66,20929,96,176291
15925,0.000188,74.125.24.0-255,4320,25249,96,176291
15926,0.000191,172.31.47.0-255,66,25315,96,176291
15927,0.000209,74.125.24.0-255,4302,29617,96,176291
15928,0.000212,172.31.47.0-255,66,29683,96,176291
15929,0.000252,74.125.24.0-255,1484,31167,96,176291
15930,0.000254,172.31.47.0-255,66,31233,96,176291
15931,0.000259,74.125.24.0-255,2902,34135,96,176291
15932,0.00026,172.31.47.0-255,66,34201,96,176291
15933,0.000278,74.125.24.0-255,5738,39939,96,176291
15934,0.00028,172.31.47.0-255,66,40005,96,176291
15935,0.000286,74.125.24.0-255,4320,44325,96,176291
15936,0.000289,172.31.47.0-255,66,44391,96,176291
15937,0.000321,172.31.47.0-255,66,44457,96,176291
15938,0.000354,172.31.47.0-255,66,44523,96,176291
15939,0.00097,74.125.24.0-255,1484,46007,96,176291
15940,0.000977,74.125.24.0-255,2902,48909,96,176291
15941,0.000981,172.31.47.0-255,66,48975,96,176291
15942,0.000988,74.125.24.0-255,5738,54713,96,176291
15943,0.00099,172.31.47.0-255,66,54779,96,176291
15944,0.000995,74.125.24.0-255,4320,59099,96,176291
15945,0.000997,172.31.47.0-255,66,59165,96,176291
15946,0.001027,172.31.47.0-255,66,59231,96,176291
15947,0.001059,172.31.47.0-255,66,59297,96,176291
15948,0.001242,74.125.24.0-255,1484,60781,96,176291
15949,0.001248,74.125.24.0-255,2902,63683,96,176291
15950,0.001251,172.31.47.0-255,66,63749,96,176291
15951,0.001285,74.125.24.0-255,4320,68069,96,176291
15952,0.001288,172.31.47.0-255,66,68135,96,176291
15953,0.001303,74.125.24.0-255,1484,69619,96,176291
15954,0.001315,172.31.47.0-255,66,69685,96,176291
15955,0.001325,172.31.47.0-255,66,69751,96,176291
15956,0.001327,74.125.24.0-255,766,70517,96,176291
15957,0.001473,74.125.24.0-255,1484,72001,96,176291
15958,0.001477,172.31.47.0-255,66,72067,96,176291
15959,0.001486,74.125.24.0-255,2902,74969,96,176291
15960,0.001488,172.31.47.0-255,66,75035,96,176291
15961,0.001491,74.125.24.0-255,1484,76519,96,176291
15962,0.001507,74.125.24.0-255,4320,80839,96,176291
15963,0.001509,172.31.47.0-255,66,80905,96,176291
15964,0.001514,74.125.24.0-255,4320,85225,96,176291
15965,0.001515,172.31.47.0-255,66,85291,96,176291
15966,0.001518,74.125.24.0-255,1484,86775,96,176291
15967,0.001549,172.31.47.0-255,66,86841,96,176291
15968,0.001594,172.31.47.0-255,66,86907,96,176291
15969,0.001836,74.125.24.0-255,1484,88391,96,176291
15970,0.001856,74.125.24.0-255,2902,91293,96,176291
15971,0.001859,172.31.47.0-255,66,91359,96,176291
15972,0.001864,74.125.24.0-255,2902,94261,96,176291
15973,0.001866,172.31.47.0-255,66,94327,96,176291
15974,0.001879,74.125.24.0-255,2902,97229,96,176291
15975,0.001881,172.31.47.0-255,66,97295,96,176291
15976,0.001912,74.125.24.0-255,7156,104451,96,176291
15977,0.001914,172.31.47.0-255,66,104517,96,176291
15978,0.00193,74.125.24.0-255,1484,106001,96,176291
15979,0.001936,74.125.24.0-255,5738,111739,96,176291
15980,0.001938,172.31.47.0-255,66,111805,96,176291
15981,0.001953,74.125.24.0-255,4320,116125,96,176291
15982,0.001955,172.31.47.0-255,66,116191,96,176291
15983,0.001959,74.125.24.0-255,2902,119093,96,176291
15984,0.00196,172.31.47.0-255,66,119159,96,176291
15985,0.002011,74.125.24.0-255,2184,121343,96,176291
15986,0.002014,172.31.47.0-255,66,121409,96,176291
15987,0.002231,74.125.24.0-255,1484,122893,96,176291
15988,0.002237,74.125.24.0-255,2902,125795,96,176291
15989,0.00224,172.31.47.0-255,66,125861,96,176291
15990,0.002265,74.125.24.0-255,5738,131599,96,176291
15991,0.002267,172.31.47.0-255,66,131665,96,176291
15992,0.002271,74.125.24.0-255,2902,134567,96,176291
15993,0.002272,172.31.47.0-255,66,134633,96,176291
15994,0.002294,172.31.47.0-255,66,134699,96,176291
15995,0.002336,172.31.47.0-255,66,134765,96,176291
15996,0.002339,74.125.24.0-255,1484,136249,96,176291
15997,0.002401,74.125.24.0-255,2902,139151,96,176291
15998,0.002418,74.125.24.0-255,2184,141335,96,176291
15999,0.012984,172.31.47.0-255,66,141401,96,176291
16000,0.013373,74.125.24.0-255,1484,142885,96,176291
16001,0.015562,74.125.24.0-255,4320,147205,96,176291
16002,0.015577,172.31.47.0-255,66,147271,96,176291
16003,0.018145,74.125.24.0-255,5738,153009,96,176291
16004,0.018152,172.31.47.0-255,66,153075,96,176291
16005,0.020733,74.125.24.0-255,5738,158813,96,176291
16006,0.020743,172.31.47.0-255,66,158879,96,176291
16007,0.023341,74.125.24.0-255,5738,164617,96,176291
16008,0.02335,172.31.47.0-255,66,164683,96,176291
16009,0.025942,74.125.24.0-255,5738,170421,96,176291
16010,0.025949,172.31.47.0-255,66,170487,96,176291
16011,0.028547,74.125.24.0-255,5738,176225,96,176291
16012,0.028556,172.31.47.0-255,66,176291,96,176291
16013,0.0,74.125.24.0-255,153,153,96,209022
16014,1.4e-05,172.31.47.0-255,66,219,96,209022
16015,2e-05,74.125.24.0-255,1484,1703,96,209022
16016,2.4e-05,172.31.47.0-255,66,1769,96,209022
16017,5.2e-05,74.125.24.0-255,2902,4671,96,209022
16018,5.5e-05,172.31.47.0-255,66,4737,96,209022
16019,6.5e-05,74.125.24.0-255,7156,11893,96,209022
16020,6.8e-05,172.31.47.0-255,66,11959,96,209022
16021,7e-05,74.125.24.0-255,1484,13443,96,209022
16022,7.2e-05,172.31.47.0-255,66,13509,96,209022
16023,0.000126,74.125.24.0-255,2135,15644,96,209022
16024,0.000128,172.31.47.0-255,66,15710,96,209022
16025,0.000142,74.125.24.0-255,2902,18612,96,209022
16026,0.000144,172.31.47.0-255,66,18678,96,209022
16027,0.00015,74.125.24.0-255,7156,25834,96,209022
16028,0.000153,172.31.47.0-255,66,25900,96,209022
16029,0.000156,74.125.24.0-255,1484,27384,96,209022
16030,0.000158,172.31.47.0-255,66,27450,96,209022
16031,0.000202,74.125.24.0-255,3961,31411,96,209022
16032,0.000205,172.31.47.0-255,66,31477,96,209022
16033,0.000263,74.125.24.0-255,1484,32961,96,209022
16034,0.000266,172.31.47.0-255,66,33027,96,209022
16035,0.000271,74.125.24.0-255,2902,35929,96,209022
16036,0.000273,172.31.47.0-255,66,35995,96,209022
16037,0.000302,74.125.24.0-255,5738,41733,96,209022
16038,0.000305,172.31.47.0-255,66,41799,96,209022
16039,0.000312,74.125.24.0-255,6797,48596,96,209022
16040,0.000313,172.31.47.0-255,66,48662,96,209022
16041,0.000323,74.125.24.0-255,7156,55818,96,209022
16042,0.000325,172.31.47.0-255,66,55884,96,209022
16043,0.000351,74.125.24.0-255,1484,57368,96,209022
16044,0.000354,172.31.47.0-255,66,57434,96,209022
16045,0.000385,172.31.47.0-255,66,57500,96,209022
16046,0.000387,74.125.24.0-255,648,58148,96,209022
16047,0.000579,74.125.24.0-255,1484,59632,96,209022
16048,0.000584,74.125.24.0-255,2902,62534,96,209022
16049,0.000589,172.31.47.0-255,66,62600,96,209022
16050,0.000592,172.31.47.0-255,66,62666,96,209022
16051,0.000611,74.125.24.0-255,5738,68404,96,209022
16052,0.000613,172.31.47.0-255,66,68470,96,209022
16053,0.000618,74.125.24.0-255,4320,72790,96,209022
16054,0.00062,172.31.47.0-255,66,72856,96,209022
16055,0.000657,172.31.47.0-255,66,72922,96,209022
16056,0.000667,172.31.47.0-255,66,72988,96,209022
16057,0.000909,74.125.24.0-255,1484,74472,96,209022
16058,0.000915,74.125.24.0-255,2902,77374,96,209022
16059,0.000919,172.31.47.0-255,66,77440,96,209022
16060,0.000939,74.125.24.0-255,5738,83178,96,209022
16061,0.000942,172.31.47.0-255,66,83244,96,209022
16062,0.000968,74.125.24.0-255,4320,87564,96,209022
16063,0.00097,172.31.47.0-255,66,87630,96,209022
16064,0.000991,74.125.24.0-255,1484,89114,96,209022
16065,0.00101,74.125.24.0-255,4320,93434,96,209022
16066,0.001013,172.31.47.0-255,66,93500,96,209022
16067,0.001019,74.125.24.0-255,5738,99238,96,209022
16068,0.001022,172.31.47.0-255,66,99304,96,209022
16069,0.001079,74.125.24.0-255,5738,105042,96,209022
16070,0.001082,172.31.47.0-255,66,105108,96,209022
16071,0.001107,74.125.24.0-255,2184,107292,96,209022
16072,0.001109,172.31.47.0-255,66,107358,96,209022
16073,0.001264,74.125.24.0-255,1484,108842,96,209022
16074,0.00127,74.125.24.0-255,2902,111744,96,209022
16075,0.001273,172.31.47.0-255,66,111810,96,209022
16076,0.001306,74.125.24.0-255,5738,117548,96,209022
16077,0.001309,172.31.47.0-255,66,117614,96,209022
16078,0.001314,74.125.24.0-255,2902,120516,96,209022
16079,0.001316,172.31.47.0-255,66,120582,96,209022
16080,0.001346,172.31.47.0-255,66,120648,96,209022
16081,0.001364,172.31.47.0-255,66,120714,96,209022
16082,0.001522,74.125.24.0-255,1484,122198,96,209022
16083,0.001529,74.125.24.0-255,2902,125100,96,209022
16084,0.001532,172.31.47.0-255,66,125166,96,209022
16085,0.001537,74.125.24.0-255,2902,128068,96,209022
16086,0.001539,172.31.47.0-255,66,128134,96,209022
16087,0.001572,74.125.24.0-255,2902,131036,96,209022
16088,0.001575,172.31.47.0-255,66,131102,96,209022
16089,0.001589,172.31.47.0-255,66,131168,96,209022
16090,0.001645,74.125.24.0-255,4320,135488,96,209022
16091,0.001649,172.31.47.0-255,66,135554,96,209022
16092,0.001677,74.125.24.0-255,6438,141992,96,209022
16093,0.00168,172.31.47.0-255,66,142058,96,209022
16094,0.001704,74.125.24.0-255,1484,143542,96,209022
16095,0.00171,74.125.24.0-255,2902,146444,96,209022
16096,0.001712,172.31.47.0-255,66,146510,96,209022
16097,0.001743,74.125.24.0-255,4320,150830,96,209022
16098,0.001745,172.31.47.0-255,66,150896,96,209022
16099,0.001751,74.125.24.0-255,5738,156634,96,209022
16100,0.001754,172.31.47.0-255,66,156700,96,209022
16101,0.001785,74.125.24.0-255,7156,163856,96,209022
16102,0.001789,172.31.47.0-255,66,163922,96,209022
16103,0.001802,74.125.24.0-255,2902,166824,96,209022
16104,0.001809,172.31.47.0-255,66,166890,96,209022
16105,0.001822,172.31.47.0-255,66,166956,96,209022
16106,0.001825,74.125.24.0-255,1484,168440,96,209022
16107,0.001901,74.125.24.0-255,2184,170624,96,209022
16108,0.001913,172.31.47.0-255,66,170690,96,209022
16109,0.001941,74.125.24.0-255,2902,173592,96,209022
16110,0.001958,74.125.24.0-255,7156,180748,96,209022
16111,0.001973,172.31.47.0-255,66,180814,96,209022
16112,0.001984,74.125.24.0-255,5738,186552,96,209022
16113,0.002014,172.31.47.0-255,66,186618,96,209022
16114,0.002042,74.125.24.0-255,1484,188102,96,209022
16115,0.002047,74.125.24.0-255,2902,191004,96,209022
16116,0.00205,74.125.24.0-255,1484,192488,96,209022
16117,0.002064,74.125.24.0-255,4320,196808,96,209022
16118,0.002066,172.31.47.0-255,66,196874,96,209022
16119,0.002071,172.31.47.0-255,66,196940,96,209022
16120,0.002098,74.125.24.0-255,5738,202678,96,209022
16121,0.00213,74.125.24.0-255,2902,205580,96,209022
16122,0.00214,172.31.47.0-255,66,205646,96,209022
16123,0.00218,74.125.24.0-255,2902,208548,96,209022
16124,0.002189,172.31.47.0-255,66,208614,96,209022
16125,0.002329,172.31.47.0-255,66,208680,96,209022
16126,0.004579,74.125.24.0-255,105,208785,96,209022
16127,0.017198,172.31.47.0-255,66,208851,96,209022
16128,0.017252,172.31.47.0-255,105,208956,96,209022
16129,0.019514,74.125.24.0-255,66,209022,96,209022
16130,0.0,31.13.82.0-255,105,105,96,171
16131,1.8e-05,172.31.47.0-255,66,171,96,171
16132,0.0,74.125.24.0-255,153,153,96,148540
16133,1.7e-05,172.31.47.0-255,66,219,96,148540
16134,2.3e-05,74.125.24.0-255,1484,1703,96,148540
16135,2.7e-05,172.31.47.0-255,66,1769,96,148540
16136,3.3e-05,74.125.24.0-255,2902,4671,96,148540
16137,4.1e-05,172.31.47.0-255,66,4737,96,148540
16138,4.8e-05,74.125.24.0-255,7156,11893,96,148540
16139,5.1e-05,172.31.47.0-255,66,11959,96,148540
16140,5.5e-05,74.125.24.0-255,2128,14087,96,148540
16141,5.9e-05,172.31.47.0-255,66,14153,96,148540
16142,0.000501,74.125.24.0-255,1484,15637,96,148540
16143,0.000507,172.31.47.0-255,66,15703,96,148540
16144,0.000516,74.125.24.0-255,2902,18605,96,148540
16145,0.000519,172.31.47.0-255,66,18671,96,148540
16146,0.00053,74.125.24.0-255,5738,24409,96,148540
16147,0.000531,172.31.47.0-255,66,24475,96,148540
16148,0.000547,74.125.24.0-255,1484,25959,96,148540
16149,0.000549,172.31.47.0-255,66,26025,96,148540
16150,0.000576,74.125.24.0-255,5379,31404,96,148540
16151,0.000578,172.31.47.0-255,66,31470,96,148540
16152,0.000622,74.125.24.0-255,1484,32954,96,148540
16153,0.000625,172.31.47.0-255,66,33020,96,148540
16154,0.000629,74.125.24.0-255,2902,35922,96,148540
16155,0.000631,172.31.47.0-255,66,35988,96,148540
16156,0.000635,74.125.24.0-255,2902,38890,96,148540
16157,0.000641,172.31.47.0-255,66,38956,96,148540
16158,0.000669,74.125.24.0-255,2902,41858,96,148540
16159,0.000696,172.31.47.0-255,66,41924,96,148540
16160,0.000699,172.31.47.0-255,66,41990,96,148540
16161,0.000735,172.31.47.0-255,66,42056,96,148540
16162,0.000742,74.125.24.0-255,6797,48853,96,148540
16163,0.000744,172.31.47.0-255,66,48919,96,148540
16164,0.000746,74.125.24.0-255,400,49319,96,148540
16165,0.001063,172.31.47.0-255,66,49385,96,148540
16166,0.001344,74.125.24.0-255,343,49728,96,148540
16167,0.00137,172.31.47.0-255,66,49794,96,148540
16168,0.00145,74.125.24.0-255,1484,51278,96,148540
16169,0.001458,74.125.24.0-255,2902,54180,96,148540
16170,0.001461,172.31.47.0-255,66,54246,96,148540
16171,0.001487,74.125.24.0-255,5738,59984,96,148540
16172,0.001489,172.31.47.0-255,66,60050,96,148540
16173,0.001545,74.125.24.0-255,2902,62952,96,148540
16174,0.001548,172.31.47.0-255,66,63018,96,148540
16175,0.001584,172.31.47.0-255,66,63084,96,148540
16176,0.001593,172.31.47.0-255,66,63150,96,148540
16177,0.001609,74.125.24.0-255,1125,64275,96,148540
16178,0.001787,172.31.47.0-255,66,64341,96,148540
16179,0.003593,74.125.24.0-255,4320,68661,96,148540
16180,0.003598,172.31.47.0-255,66,68727,96,148540
16181,0.003773,74.125.24.0-255,1484,70211,96,148540
16182,0.00559,74.125.24.0-255,4320,74531,96,148540
16183,0.005595,172.31.47.0-255,66,74597,96,148540
16184,0.007584,74.125.24.0-255,5738,80335,96,148540
16185,0.007591,172.31.47.0-255,66,80401,96,148540
16186,0.009604,74.125.24.0-255,5738,86139,96,148540
16187,0.009611,172.31.47.0-255,66,86205,96,148540
16188,0.011616,74.125.24.0-255,5738,91943,96,148540
16189,0.011622,172.31.47.0-255,66,92009,96,148540
16190,0.013637,74.125.24.0-255,5738,97747,96,148540
16191,0.013647,172.31.47.0-255,66,97813,96,148540
16192,0.015661,74.125.24.0-255,5738,103551,96,148540
16193,0.015668,172.31.47.0-255,66,103617,96,148540
16194,0.017681,74.125.24.0-255,5738,109355,96,148540
16195,0.017693,172.31.47.0-255,66,109421,96,148540
16196,0.019718,74.125.24.0-255,5738,115159,96,148540
16197,0.019734,172.31.47.0-255,66,115225,96,148540
16198,0.021748,74.125.24.0-255,5738,120963,96,148540
16199,0.021762,172.31.47.0-255,66,121029,96,148540
16200,0.022875,172.31.47.0-255,172,121201,96,148540
16201,0.022903,172.31.47.0-255,1109,122310,96,148540
16202,0.022952,172.31.47.0-255,1514,123824,96,148540
16203,0.022954,172.31.47.0-255,1302,125126,96,148540
16204,0.023762,74.125.24.0-255,5738,130864,96,148540
16205,0.023769,172.31.47.0-255,66,130930,96,148540
16206,0.024404,104.244.42.0-255,66,130996,96,148540
16207,0.024432,104.244.42.0-255,66,131062,96,148540
16208,0.024486,104.244.42.0-255,66,131128,96,148540
16209,0.025757,74.125.24.0-255,5738,136866,96,148540
16210,0.025764,172.31.47.0-255,66,136932,96,148540
16211,0.027752,74.125.24.0-255,5738,142670,96,148540
16212,0.02776,172.31.47.0-255,66,142736,96,148540
16213,0.029754,74.125.24.0-255,5738,148474,96,148540
16214,0.02976,172.31.47.0-255,66,148540,96,148540
16215,0.0,172.31.47.0-255,105,105,96,105
16216,0.0,172.253.118.0-255,152,152,96,212729
16217,2.7e-05,172.31.47.0-255,66,218,96,212729
16218,3.3e-05,172.253.118.0-255,1484,1702,96,212729
16219,3.7e-05,172.31.47.0-255,66,1768,96,212729
16220,6.6e-05,172.253.118.0-255,2902,4670,96,212729
16221,6.9e-05,172.31.47.0-255,66,4736,96,212729
16222,7.3e-05,172.253.118.0-255,2902,7638,96,212729
16223,7.5e-05,172.31.47.0-255,66,7704,96,212729
16224,8.9e-05,172.253.118.0-255,1484,9188,96,212729
16225,9.1e-05,172.31.47.0-255,66,9254,96,212729
16226,0.000104,172.253.118.0-255,1484,10738,96,212729
16227,0.000106,172.31.47.0-255,66,10804,96,212729
16228,0.000122,172.253.118.0-255,3471,14275,96,212729
16229,0.000125,172.31.47.0-255,66,14341,96,212729
16230,0.000272,172.253.118.0-255,1484,15825,96,212729
16231,0.000276,172.31.47.0-255,66,15891,96,212729
16232,0.000282,172.253.118.0-255,2902,18793,96,212729
16233,0.000285,172.31.47.0-255,66,18859,96,212729
16234,0.000317,172.253.118.0-255,4320,23179,96,212729
16235,0.000321,172.31.47.0-255,66,23245,96,212729
16236,0.000341,172.253.118.0-255,2902,26147,96,212729
16237,0.000344,172.31.47.0-255,66,26213,96,212729
16238,0.000358,172.253.118.0-255,2902,29115,96,212729
16239,0.000361,172.31.47.0-255,66,29181,96,212729
16240,0.000365,172.253.118.0-255,2543,31724,96,212729
16241,0.000368,172.31.47.0-255,66,31790,96,212729
16242,0.000403,172.253.118.0-255,1484,33274,96,212729
16243,0.000406,172.31.47.0-255,66,33340,96,212729
16244,0.00041,172.253.118.0-255,1484,34824,96,212729
16245,0.000413,172.31.47.0-255,66,34890,96,212729
16246,0.000427,172.253.118.0-255,1484,36374,96,212729
16247,0.00043,172.31.47.0-255,66,36440,96,212729
16248,0.000437,172.253.118.0-255,5738,42178,96,212729
16249,0.000439,172.31.47.0-255,66,42244,96,212729
16250,0.000469,172.253.118.0-255,6797,49041,96,212729
16251,0.000473,172.31.47.0-255,66,49107,96,212729
16252,0.000888,172.253.118.0-255,1484,50591,96,212729
16253,0.000898,172.253.118.0-255,2902,53493,96,212729
16254,0.000902,172.31.47.0-255,66,53559,96,212729
16255,0.000919,172.253.118.0-255,4320,57879,96,212729
16256,0.000922,172.31.47.0-255,66,57945,96,212729
16257,0.000925,172.253.118.0-255,1484,59429,96,212729
16258,0.000948,172.253.118.0-255,4320,63749,96,212729
16259,0.000951,172.31.47.0-255,66,63815,96,212729
16260,0.000974,172.253.118.0-255,2543,66358,96,212729
16261,0.000977,172.31.47.0-255,66,66424,96,212729
16262,0.001072,172.253.118.0-255,1484,67908,96,212729
16263,0.001076,172.253.118.0-255,1484,69392,96,212729
16264,0.00108,172.31.47.0-255,66,69458,96,212729
16265,0.001098,172.253.118.0-255,1484,70942,96,212729
16266,0.001101,172.253.118.0-255,1484,72426,96,212729
16267,0.001104,172.31.47.0-255,66,72492,96,212729
16268,0.001125,172.253.118.0-255,4320,76812,96,212729
16269,0.001129,172.31.47.0-255,66,76878,96,212729
16270,0.001159,172.253.118.0-255,6797,83675,96,212729
16271,0.001162,172.31.47.0-255,66,83741,96,212729
16272,0.001166,172.253.118.0-255,646,84387,96,212729
16273,0.001201,172.253.118.0-255,1484,85871,96,212729
16274,0.001205,172.31.47.0-255,66,85937,96,212729
16275,0.001229,172.253.118.0-255,2902,88839,96,212729
16276,0.001232,172.31.47.0-255,66,88905,96,212729
16277,0.001238,172.253.118.0-255,5738,94643,96,212729
16278,0.001241,172.31.47.0-255,66,94709,96,212729
16279,0.001287,172.253.118.0-255,6797,101506,96,212729
16280,0.00129,172.31.47.0-255,66,101572,96,212729
16281,0.001562,172.253.118.0-255,1484,103056,96,212729
16282,0.001566,172.253.118.0-255,2902,105958,96,212729
16283,0.001568,172.31.47.0-255,66,106024,96,212729
16284,0.001589,172.253.118.0-255,5738,111762,96,212729
16285,0.001592,172.31.47.0-255,66,111828,96,212729
16286,0.00163,172.31.47.0-255,66,111894,96,212729
16287,0.001649,172.253.118.0-255,1484,113378,96,212729
16288,0.001656,172.253.118.0-255,7156,120534,96,212729
16289,0.001658,172.31.47.0-255,66,120600,96,212729
16290,0.001692,172.253.118.0-255,3602,124202,96,212729
16291,0.001694,172.31.47.0-255,66,124268,96,212729
16292,0.00225,172.253.118.0-255,1484,125752,96,212729
16293,0.00226,172.253.118.0-255,1484,127236,96,212729
16294,0.002262,172.31.47.0-255,66,127302,96,212729
16295,0.002278,172.253.118.0-255,1484,128786,96,212729
16296,0.002315,172.253.118.0-255,1484,130270,96,212729
16297,0.002317,172.31.47.0-255,66,130336,96,212729
16298,0.002321,172.253.118.0-255,2902,133238,96,212729
16299,0.002323,172.31.47.0-255,66,133304,96,212729
16300,0.002349,172.253.118.0-255,5738,139042,96,212729
16301,0.002351,172.31.47.0-255,66,139108,96,212729
16302,0.002367,172.253.118.0-255,1484,140592,96,212729
16303,0.002397,172.31.47.0-255,66,140658,96,212729
16304,0.002403,172.253.118.0-255,6438,147096,96,212729
16305,0.002405,172.31.47.0-255,66,147162,96,212729
16306,0.00475,172.253.118.0-255,4320,151482,96,212729
16307,0.004755,172.31.47.0-255,66,151548,96,212729
16308,0.00477,172.253.118.0-255,1484,153032,96,212729
16309,0.007093,172.253.118.0-255,4320,157352,96,212729
16310,0.007099,172.31.47.0-255,66,157418,96,212729
16311,0.009446,172.253.118.0-255,4320,161738,96,212729
16312,0.009454,172.31.47.0-255,66,161804,96,212729
16313,0.009473,172.253.118.0-255,1484,163288,96,212729
16314,0.011801,172.253.118.0-255,4320,167608,96,212729
16315,0.011809,172.31.47.0-255,66,167674,96,212729
16316,0.014149,172.253.118.0-255,5738,173412,96,212729
16317,0.014156,172.31.47.0-255,66,173478,96,212729
16318,0.016479,172.253.118.0-255,5738,179216,96,212729
16319,0.016487,172.31.47.0-255,66,179282,96,212729
16320,0.018836,172.253.118.0-255,5738,185020,96,212729
16321,0.018842,172.31.47.0-255,66,185086,96,212729
16322,0.021187,172.253.118.0-255,5738,190824,96,212729
16323,0.021195,172.31.47.0-255,66,190890,96,212729
16324,0.023539,172.253.118.0-255,5738,196628,96,212729
16325,0.023548,172.31.47.0-255,66,196694,96,212729
16326,0.024732,172.31.47.0-255,171,196865,96,212729
16327,0.024762,172.31.47.0-255,1134,197999,96,212729
16328,0.024795,172.31.47.0-255,1514,199513,96,212729
16329,0.024797,172.31.47.0-255,1278,200791,96,212729
16330,0.025889,172.253.118.0-255,5738,206529,96,212729
16331,0.025894,172.31.47.0-255,66,206595,96,212729
16332,0.026306,104.244.42.0-255,66,206661,96,212729
16333,0.026313,104.244.42.0-255,66,206727,96,212729
16334,0.026356,104.244.42.0-255,66,206793,96,212729
16335,0.028241,172.253.118.0-255,2902,209695,96,212729
16336,0.028246,172.31.47.0-255,66,209761,96,212729
16337,0.028276,172.253.118.0-255,2902,212663,96,212729
16338,0.028279,172.31.47.0-255,66,212729,96,212729
16339,0.0,172.217.194.0-255,153,153,96,156887
16340,2.5e-05,172.31.47.0-255,66,219,96,156887
16341,5.7e-05,172.217.194.0-255,1484,1703,96,156887
16342,6.3e-05,172.31.47.0-255,66,1769,96,156887
16343,6.8e-05,172.217.194.0-255,2902,4671,96,156887
16344,7.1e-05,172.31.47.0-255,66,4737,96,156887
16345,7.7e-05,172.217.194.0-255,7156,11893,96,156887
16346,8e-05,172.31.47.0-255,66,11959,96,156887
16347,8.4e-05,172.217.194.0-255,1985,13944,96,156887
16348,8.8e-05,172.31.47.0-255,66,14010,96,156887
16349,0.000125,172.217.194.0-255,2902,16912,96,156887
16350,0.00013,172.31.47.0-255,66,16978,96,156887
16351,0.000134,172.217.194.0-255,4320,21298,96,156887
16352,0.000137,172.31.47.0-255,66,21364,96,156887
16353,0.000175,172.31.47.0-255,66,21430,96,156887
16354,0.000178,172.217.194.0-255,1125,22555,96,156887
16355,0.000181,172.31.47.0-255,66,22621,96,156887
16356,0.000406,172.217.194.0-255,1484,24105,96,156887
16357,0.000411,172.217.194.0-255,2902,27007,96,156887
16358,0.000414,172.31.47.0-255,66,27073,96,156887
16359,0.000419,172.31.47.0-255,66,27139,96,156887
16360,0.000446,172.217.194.0-255,5738,32877,96,156887
16361,0.00045,172.31.47.0-255,66,32943,96,156887
16362,0.000455,172.217.194.0-255,2902,35845,96,156887
16363,0.000457,172.31.47.0-255,66,35911,96,156887
16364,0.00049,172.217.194.0-255,3961,39872,96,156887
16365,0.000493,172.31.47.0-255,66,39938,96,156887
16366,0.000518,172.217.194.0-255,4320,44258,96,156887
16367,0.000521,172.31.47.0-255,66,44324,96,156887
16368,0.000545,172.31.47.0-255,66,44390,96,156887
16369,0.000567,172.217.194.0-255,1484,45874,96,156887
16370,0.000582,172.217.194.0-255,2844,48718,96,156887
16371,0.000594,172.31.47.0-255,66,48784,96,156887
16372,0.000976,172.217.194.0-255,379,49163,96,156887
16373,0.001159,172.217.194.0-255,1484,50647,96,156887
16374,0.001164,172.31.47.0-255,66,50713,96,156887
16375,0.00119,172.217.194.0-255,2902,53615,96,156887
16376,0.001193,172.217.194.0-255,1484,55099,96,156887
16377,0.001207,172.217.194.0-255,2902,58001,96,156887
16378,0.001217,172.217.194.0-255,2902,60903,96,156887
16379,0.001236,172.217.194.0-255,2902,63805,96,156887
16380,0.00125,172.217.194.0-255,2543,66348,96,156887
16381,0.001267,172.217.194.0-255,4320,70668,96,156887
16382,0.001276,172.217.194.0-255,1484,72152,96,156887
16383,0.001305,172.217.194.0-255,2902,75054,96,156887
16384,0.001697,172.31.47.0-255,66,75120,96,156887
16385,0.002057,172.217.194.0-255,1484,76604,96,156887
16386,0.002075,172.217.194.0-255,2902,79506,96,156887
16387,0.002078,172.31.47.0-255,66,79572,96,156887
16388,0.002084,172.217.194.0-255,5738,85310,96,156887
16389,0.002088,172.31.47.0-255,66,85376,96,156887
16390,0.002146,172.217.194.0-255,5738,91114,96,156887
16391,0.002148,172.31.47.0-255,66,91180,96,156887
16392,0.002152,172.31.47.0-255,66,91246,96,156887
16393,0.002159,172.217.194.0-255,2902,94148,96,156887
16394,0.002164,172.31.47.0-255,66,94214,96,156887
16395,0.002181,172.217.194.0-255,2184,96398,96,156887
16396,0.002186,172.31.47.0-255,66,96464,96,156887
16397,0.004452,172.217.194.0-255,2902,99366,96,156887
16398,0.004456,172.31.47.0-255,66,99432,96,156887
16399,0.004482,172.217.194.0-255,2902,102334,96,156887
16400,0.004486,172.31.47.0-255,66,102400,96,156887
16401,0.006748,172.217.194.0-255,2902,105302,96,156887
16402,0.006753,172.31.47.0-255,66,105368,96,156887
16403,0.006781,172.217.194.0-255,2902,108270,96,156887
16404,0.006802,172.31.47.0-255,66,108336,96,156887
16405,0.009056,172.217.194.0-255,2902,111238,96,156887
16406,0.009068,172.31.47.0-255,66,111304,96,156887
16407,0.009112,172.217.194.0-255,2902,114206,96,156887
16408,0.009161,172.31.47.0-255,66,114272,96,156887
16409,0.011388,172.217.194.0-255,2902,117174,96,156887
16410,0.011402,172.31.47.0-255,66,117240,96,156887
16411,0.011459,172.217.194.0-255,2902,120142,96,156887
16412,0.011509,172.31.47.0-255,66,120208,96,156887
16413,0.013719,172.217.194.0-255,2902,123110,96,156887
16414,0.013726,172.31.47.0-255,66,123176,96,156887
16415,0.013795,172.217.194.0-255,2902,126078,96,156887
16416,0.013818,172.31.47.0-255,66,126144,96,156887
16417,0.016023,172.217.194.0-255,2902,129046,96,156887
16418,0.01603,172.31.47.0-255,66,129112,96,156887
16419,0.016086,172.217.194.0-255,2902,132014,96,156887
16420,0.016109,172.31.47.0-255,66,132080,96,156887
16421,0.018322,172.217.194.0-255,2902,134982,96,156887
16422,0.018329,172.31.47.0-255,66,135048,96,156887
16423,0.018396,172.217.194.0-255,2902,137950,96,156887
16424,0.018442,172.31.47.0-255,66,138016,96,156887
16425,0.020657,172.217.194.0-255,2902,140918,96,156887
16426,0.020662,172.31.47.0-255,66,140984,96,156887
16427,0.020733,172.217.194.0-255,2902,143886,96,156887
16428,0.020739,172.31.47.0-255,66,143952,96,156887
16429,0.022983,172.217.194.0-255,2902,146854,96,156887
16430,0.02299,172.31.47.0-255,66,146920,96,156887
16431,0.023018,172.217.194.0-255,2902,149822,96,156887
16432,0.025292,172.217.194.0-255,2902,152724,96,156887
16433,0.029044,172.31.47.0-255,66,152790,96,156887
16434,0.029464,172.31.47.0-255,172,152962,96,156887
16435,0.029491,172.31.47.0-255,1109,154071,96,156887
16436,0.02954,172.31.47.0-255,1514,155585,96,156887
16437,0.029542,172.31.47.0-255,1302,156887,96,156887
16438,0.0,74.125.24.0-255,153,153,96,236039
16439,3e-05,172.31.47.0-255,66,219,96,236039
16440,3.6e-05,74.125.24.0-255,1484,1703,96,236039
16441,4e-05,172.31.47.0-255,66,1769,96,236039
16442,4.4e-05,74.125.24.0-255,2902,4671,96,236039
16443,4.6e-05,172.31.47.0-255,66,4737,96,236039
16444,6.4e-05,74.125.24.0-255,5738,10475,96,236039
16445,6.6e-05,172.31.47.0-255,66,10541,96,236039
16446,0.000106,74.125.24.0-255,2902,13443,96,236039
16447,0.000109,172.31.47.0-255,66,13509,96,236039
16448,0.000135,172.31.47.0-255,66,13575,96,236039
16449,0.000151,74.125.24.0-255,1484,15059,96,236039
16450,0.000153,172.31.47.0-255,66,15125,96,236039
16451,0.000171,172.31.47.0-255,66,15191,96,236039
16452,0.000273,74.125.24.0-255,1484,16675,96,236039
16453,0.000277,172.31.47.0-255,66,16741,96,236039
16454,0.00028,74.125.24.0-255,1484,18225,96,236039
16455,0.000281,172.31.47.0-255,66,18291,96,236039
16456,0.000293,74.125.24.0-255,1484,19775,96,236039
16457,0.000296,172.31.47.0-255,66,19841,96,236039
16458,0.000299,74.125.24.0-255,1484,21325,96,236039
16459,0.000302,172.31.47.0-255,66,21391,96,236039
16460,0.000311,74.125.24.0-255,2902,24293,96,236039
16461,0.000313,172.31.47.0-255,66,24359,96,236039
16462,0.00036,74.125.24.0-255,4320,28679,96,236039
16463,0.000363,172.31.47.0-255,66,28745,96,236039
16464,0.000387,74.125.24.0-255,5379,34124,96,236039
16465,0.000392,172.31.47.0-255,66,34190,96,236039
16466,0.000397,172.31.47.0-255,66,34256,96,236039
16467,0.000399,74.125.24.0-255,1484,35740,96,236039
16468,0.000426,74.125.24.0-255,4274,40014,96,236039
16469,0.000428,172.31.47.0-255,66,40080,96,236039
16470,0.000431,74.125.24.0-255,109,40189,96,236039
16471,0.000528,74.125.24.0-255,329,40518,96,236039
16472,0.000571,74.125.24.0-255,1484,42002,96,236039
16473,0.000574,172.31.47.0-255,66,42068,96,236039
16474,0.000589,74.125.24.0-255,4320,46388,96,236039
16475,0.000591,172.31.47.0-255,66,46454,96,236039
16476,0.000608,74.125.24.0-255,1484,47938,96,236039
16477,0.000629,74.125.24.0-255,5738,53676,96,236039
16478,0.000632,172.31.47.0-255,66,53742,96,236039
16479,0.000656,74.125.24.0-255,1484,55226,96,236039
16480,0.000674,74.125.24.0-255,2543,57769,96,236039
16481,0.000677,172.31.47.0-255,66,57835,96,236039
16482,0.001019,74.125.24.0-255,1484,59319,96,236039
16483,0.001029,74.125.24.0-255,2902,62221,96,236039
16484,0.001033,172.31.47.0-255,66,62287,96,236039
16485,0.001039,74.125.24.0-255,4320,66607,96,236039
16486,0.001042,172.31.47.0-255,66,66673,96,236039
16487,0.001056,74.125.24.0-255,1484,68157,96,236039
16488,0.001064,74.125.24.0-255,6797,74954,96,236039
16489,0.001066,172.31.47.0-255,66,75020,96,236039
16490,0.001271,74.125.24.0-255,1484,76504,96,236039
16491,0.001278,74.125.24.0-255,2902,79406,96,236039
16492,0.001282,172.31.47.0-255,66,79472,96,236039
16493,0.001304,74.125.24.0-255,5738,85210,96,236039
16494,0.001306,172.31.47.0-255,66,85276,96,236039
16495,0.001337,74.125.24.0-255,2902,88178,96,236039
16496,0.00134,172.31.47.0-255,66,88244,96,236039
16497,0.001362,74.125.24.0-255,4320,92564,96,236039
16498,0.001364,172.31.47.0-255,66,92630,96,236039
16499,0.001433,74.125.24.0-255,5738,98368,96,236039
16500,0.001437,172.31.47.0-255,66,98434,96,236039
16501,0.001448,74.125.24.0-255,1484,99918,96,236039
16502,0.00146,74.125.24.0-255,4320,104238,96,236039
16503,0.001462,172.31.47.0-255,66,104304,96,236039
16504,0.001478,74.125.24.0-255,4320,108624,96,236039
16505,0.00148,172.31.47.0-255,66,108690,96,236039
16506,0.001483,74.125.24.0-255,766,109456,96,236039
16507,0.001622,74.125.24.0-255,1484,110940,96,236039
16508,0.001624,172.31.47.0-255,66,111006,96,236039
16509,0.001636,74.125.24.0-255,2902,113908,96,236039
16510,0.001638,172.31.47.0-255,66,113974,96,236039
16511,0.001659,74.125.24.0-255,5738,119712,96,236039
16512,0.001661,172.31.47.0-255,66,119778,96,236039
16513,0.001679,74.125.24.0-255,1484,121262,96,236039
16514,0.001706,172.31.47.0-255,66,121328,96,236039
16515,0.001721,74.125.24.0-255,1484,122812,96,236039
16516,0.001748,74.125.24.0-255,7156,129968,96,236039
16517,0.00175,172.31.47.0-255,66,130034,96,236039
16518,0.001764,74.125.24.0-255,3602,133636,96,236039
16519,0.001766,172.31.47.0-255,66,133702,96,236039
16520,0.001901,74.125.24.0-255,1484,135186,96,236039
16521,0.001919,74.125.24.0-255,2902,138088,96,236039
16522,0.001922,172.31.47.0-255,66,138154,96,236039
16523,0.001926,74.125.24.0-255,2902,141056,96,236039
16524,0.001927,172.31.47.0-255,66,141122,96,236039
16525,0.001943,74.125.24.0-255,2902,144024,96,236039
16526,0.001946,172.31.47.0-255,66,144090,96,236039
16527,0.001949,74.125.24.0-255,2902,146992,96,236039
16528,0.001951,172.31.47.0-255,66,147058,96,236039
16529,0.001991,74.125.24.0-255,1484,148542,96,236039
16530,0.002006,74.125.24.0-255,7156,155698,96,236039
16531,0.002009,172.31.47.0-255,66,155764,96,236039
16532,0.002026,74.125.24.0-255,1484,157248,96,236039
16533,0.002037,172.31.47.0-255,66,157314,96,236039
16534,0.004066,74.125.24.0-255,5738,163052,96,236039
16535,0.004071,172.31.47.0-255,66,163118,96,236039
16536,0.00608,74.125.24.0-255,4320,167438,96,236039
16537,0.006085,172.31.47.0-255,66,167504,96,236039
16538,0.006112,74.125.24.0-255,1484,168988,96,236039
16539,0.008086,74.125.24.0-255,4320,173308,96,236039
16540,0.008092,172.31.47.0-255,66,173374,96,236039
16541,0.010098,74.125.24.0-255,5738,179112,96,236039
16542,0.010105,172.31.47.0-255,66,179178,96,236039
16543,0.012116,74.125.24.0-255,5738,184916,96,236039
16544,0.012123,172.31.47.0-255,66,184982,96,236039
16545,0.014143,74.125.24.0-255,5738,190720,96,236039
16546,0.014151,172.31.47.0-255,66,190786,96,236039
16547,0.016175,74.125.24.0-255,5738,196524,96,236039
16548,0.016182,172.31.47.0-255,66,196590,96,236039
16549,0.018196,74.125.24.0-255,5738,202328,96,236039
16550,0.018205,172.31.47.0-255,66,202394,96,236039
16551,0.020239,74.125.24.0-255,5738,208132,96,236039
16552,0.020247,172.31.47.0-255,66,208198,96,236039
16553,0.022277,74.125.24.0-255,5738,213936,96,236039
16554,0.022287,172.31.47.0-255,66,214002,96,236039
16555,0.023065,172.31.47.0-255,172,214174,96,236039
16556,0.023099,172.31.47.0-255,1105,215279,96,236039
16557,0.023131,172.31.47.0-255,1514,216793,96,236039
16558,0.023133,172.31.47.0-255,1306,218099,96,236039
16559,0.024346,74.125.24.0-255,5738,223837,96,236039
16560,0.024351,172.31.47.0-255,66,223903,96,236039
16561,0.024621,104.244.42.0-255,66,223969,96,236039
16562,0.024667,104.244.42.0-255,66,224035,96,236039
16563,0.024708,104.244.42.0-255,66,224101,96,236039
16564,0.02634,74.125.24.0-255,2902,227003,96,236039
16565,0.026344,172.31.47.0-255,66,227069,96,236039
16566,0.026373,74.125.24.0-255,2902,229971,96,236039
16567,0.026376,172.31.47.0-255,66,230037,96,236039
16568,0.028351,74.125.24.0-255,2902,232939,96,236039
16569,0.028355,172.31.47.0-255,66,233005,96,236039
16570,0.028399,74.125.24.0-255,1484,234489,96,236039
16571,0.028409,74.125.24.0-255,1484,235973,96,236039
16572,0.028412,172.31.47.0-255,66,236039,96,236039
16573,0.0,172.217.160.0-255,153,153,96,187131
16574,3.4e-05,172.31.47.0-255,66,219,96,187131
16575,4.1e-05,172.217.160.0-255,1484,1703,96,187131
16576,4.6e-05,172.31.47.0-255,66,1769,96,187131
16577,5e-05,172.217.160.0-255,2902,4671,96,187131
16578,5.2e-05,172.31.47.0-255,66,4737,96,187131
16579,5.9e-05,172.217.160.0-255,7156,11893,96,187131
16580,6.2e-05,172.31.47.0-255,66,11959,96,187131
16581,6.6e-05,172.217.160.0-255,2165,14124,96,187131
16582,7e-05,172.31.47.0-255,66,14190,96,187131
16583,9.4e-05,172.217.160.0-255,2902,17092,96,187131
16584,9.8e-05,172.31.47.0-255,66,17158,96,187131
16585,0.000106,172.217.160.0-255,7156,24314,96,187131
16586,0.000108,172.31.47.0-255,66,24380,96,187131
16587,0.000144,172.217.160.0-255,6797,31177,96,187131
16588,0.000147,172.31.47.0-255,66,31243,96,187131
16589,0.000219,172.217.160.0-255,1484,32727,96,187131
16590,0.000222,172.31.47.0-255,66,32793,96,187131
16591,0.000228,172.217.160.0-255,2902,35695,96,187131
16592,0.00023,172.31.47.0-255,66,35761,96,187131
16593,0.000236,172.217.160.0-255,4320,40081,96,187131
16594,0.000239,172.31.47.0-255,66,40147,96,187131
16595,0.000253,172.217.160.0-255,1484,41631,96,187131
16596,0.000255,172.31.47.0-255,66,41697,96,187131
16597,0.000274,172.217.160.0-255,5738,47435,96,187131
16598,0.000276,172.31.47.0-255,66,47501,96,187131
16599,0.000302,172.31.47.0-255,66,47567,96,187131
16600,0.000325,172.217.160.0-255,7156,54723,96,187131
16601,0.000329,172.31.47.0-255,66,54789,96,187131
16602,0.000347,172.217.160.0-255,2813,57602,96,187131
16603,0.00035,172.31.47.0-255,66,57668,96,187131
16604,0.000712,172.217.160.0-255,120,57788,96,187131
16605,0.000716,172.31.47.0-255,66,57854,96,187131
16606,0.000872,172.217.160.0-255,1484,59338,96,187131
16607,0.000877,172.31.47.0-255,66,59404,96,187131
16608,0.000883,172.217.160.0-255,1484,60888,96,187131
16609,0.000885,172.31.47.0-255,66,60954,96,187131
16610,0.000908,172.217.160.0-255,1484,62438,96,187131
16611,0.000915,172.217.160.0-255,5738,68176,96,187131
16612,0.000917,172.31.47.0-255,66,68242,96,187131
16613,0.000938,172.217.160.0-255,6797,75039,96,187131
16614,0.000941,172.31.47.0-255,66,75105,96,187131
16615,0.000972,172.217.160.0-255,2902,78007,96,187131
16616,0.000976,172.31.47.0-255,66,78073,96,187131
16617,0.000997,172.31.47.0-255,66,78139,96,187131
16618,0.001003,172.217.160.0-255,5699,83838,96,187131
16619,0.001006,172.31.47.0-255,66,83904,96,187131
16620,0.00262,172.217.160.0-255,5738,89642,96,187131
16621,0.002626,172.31.47.0-255,66,89708,96,187131
16622,0.004228,172.217.160.0-255,2902,92610,96,187131
16623,0.004231,172.31.47.0-255,66,92676,96,187131
16624,0.004245,172.217.160.0-255,2902,95578,96,187131
16625,0.004247,172.31.47.0-255,66,95644,96,187131
16626,0.005821,172.217.160.0-255,2902,98546,96,187131
16627,0.005824,172.31.47.0-255,66,98612,96,187131
16628,0.005841,172.217.160.0-255,2902,101514,96,187131
16629,0.005843,172.31.47.0-255,66,101580,96,187131
16630,0.007432,172.217.160.0-255,5738,107318,96,187131
16631,0.00744,172.31.47.0-255,66,107384,96,187131
16632,0.009044,172.217.160.0-255,5738,113122,96,187131
16633,0.009051,172.31.47.0-255,66,113188,96,187131
16634,0.010673,172.217.160.0-255,5738,118926,96,187131
16635,0.01068,172.31.47.0-255,66,118992,96,187131
16636,0.012291,172.217.160.0-255,5738,124730,96,187131
16637,0.012298,172.31.47.0-255,66,124796,96,187131
16638,0.01391,172.217.160.0-255,5738,130534,96,187131
16639,0.013923,172.31.47.0-255,66,130600,96,187131
16640,0.015529,172.217.160.0-255,5738,136338,96,187131
16641,0.015539,172.31.47.0-255,66,136404,96,187131
16642,0.017147,172.217.160.0-255,5738,142142,96,187131
16643,0.017158,172.31.47.0-255,66,142208,96,187131
16644,0.018768,172.217.160.0-255,5738,147946,96,187131
16645,0.018775,172.31.47.0-255,66,148012,96,187131
16646,0.020383,172.217.160.0-255,5738,153750,96,187131
16647,0.02039,172.31.47.0-255,66,153816,96,187131
16648,0.022028,172.217.160.0-255,5738,159554,96,187131
16649,0.022035,172.31.47.0-255,66,159620,96,187131
16650,0.023633,172.217.160.0-255,5738,165358,96,187131
16651,0.023639,172.31.47.0-255,66,165424,96,187131
16652,0.025237,172.217.160.0-255,5738,171162,96,187131
16653,0.025242,172.31.47.0-255,66,171228,96,187131
16654,0.026195,172.31.47.0-255,172,171400,96,187131
16655,0.026226,172.31.47.0-255,1101,172501,96,187131
16656,0.026267,172.31.47.0-255,1514,174015,96,187131
16657,0.026269,172.31.47.0-255,1310,175325,96,187131
16658,0.02685,172.217.160.0-255,5738,181063,96,187131
16659,0.026859,172.31.47.0-255,66,181129,96,187131
16660,0.027749,104.244.42.0-255,66,181195,96,187131
16661,0.027781,104.244.42.0-255,66,181261,96,187131
16662,0.027837,104.244.42.0-255,66,181327,96,187131
16663,0.02846,172.217.160.0-255,5738,187065,96,187131
16664,0.028466,172.31.47.0-255,66,187131,96,187131
16665,0.0,172.31.47.0-255,105,105,96,276
16666,0.001473,157.240.13.0-255,105,210,96,276
16667,0.001484,172.31.47.0-255,66,276,96,276
16668,0.0,172.31.47.0-255,66,66,96,66
16669,0.0,74.125.24.0-255,153,153,96,195671
16670,3.2e-05,172.31.47.0-255,66,219,96,195671
16671,3.9e-05,74.125.24.0-255,1484,1703,96,195671
16672,4.4e-05,172.31.47.0-255,66,1769,96,195671
16673,4.9e-05,74.125.24.0-255,2902,4671,96,195671
16674,5.1e-05,172.31.47.0-255,66,4737,96,195671
16675,5.8e-05,74.125.24.0-255,5738,10475,96,195671
16676,6.1e-05,172.31.47.0-255,66,10541,96,195671
16677,7.9e-05,74.125.24.0-255,4320,14861,96,195671
16678,8.1e-05,172.31.47.0-255,66,14927,96,195671
16679,0.000111,74.125.24.0-255,6362,21289,96,195671
16680,0.000114,172.31.47.0-255,66,21355,96,195671
16681,0.000134,74.125.24.0-255,4320,25675,96,195671
16682,0.000137,172.31.47.0-255,66,25741,96,195671
16683,0.000155,74.125.24.0-255,5379,31120,96,195671
16684,0.000157,172.31.47.0-255,66,31186,96,195671
16685,0.000188,74.125.24.0-255,1484,32670,96,195671
16686,0.000191,172.31.47.0-255,66,32736,96,195671
16687,0.000204,74.125.24.0-255,2902,35638,96,195671
16688,0.000206,172.31.47.0-255,66,35704,96,195671
16689,0.000213,74.125.24.0-255,5738,41442,96,195671
16690,0.000216,172.31.47.0-255,66,41508,96,195671
16691,0.000252,172.31.47.0-255,66,41574,96,195671
16692,0.000264,172.31.47.0-255,66,41640,96,195671
16693,0.00028,74.125.24.0-255,1484,43124,96,195671
16694,0.000283,172.31.47.0-255,66,43190,96,195671
16695,0.000305,74.125.24.0-255,2855,46045,96,195671
16696,0.000307,172.31.47.0-255,66,46111,96,195671
16697,0.000749,74.125.24.0-255,344,46455,96,195671
16698,0.000753,172.31.47.0-255,66,46521,96,195671
16699,0.000866,74.125.24.0-255,1484,48005,96,195671
16700,0.000874,74.125.24.0-255,2902,50907,96,195671
16701,0.000879,172.31.47.0-255,66,50973,96,195671
16702,0.000887,74.125.24.0-255,5738,56711,96,195671
16703,0.000889,172.31.47.0-255,66,56777,96,195671
16704,0.000911,172.31.47.0-255,66,56843,96,195671
16705,0.000963,74.125.24.0-255,5738,62581,96,195671
16706,0.000967,172.31.47.0-255,66,62647,96,195671
16707,0.000988,172.31.47.0-255,66,62713,96,195671
16708,0.001297,74.125.24.0-255,1484,64197,96,195671
16709,0.001306,74.125.24.0-255,2902,67099,96,195671
16710,0.00131,172.31.47.0-255,66,67165,96,195671
16711,0.001316,74.125.24.0-255,2902,70067,96,195671
16712,0.001318,172.31.47.0-255,66,70133,96,195671
16713,0.001331,74.125.24.0-255,2902,73035,96,195671
16714,0.001333,172.31.47.0-255,66,73101,96,195671
16715,0.001337,74.125.24.0-255,2902,76003,96,195671
16716,0.001339,172.31.47.0-255,66,76069,96,195671
16717,0.001366,172.31.47.0-255,66,76135,96,195671
16718,0.001376,172.31.47.0-255,66,76201,96,195671
16719,0.001404,74.125.24.0-255,766,76967,96,195671
16720,0.001476,74.125.24.0-255,1484,78451,96,195671
16721,0.00148,172.31.47.0-255,66,78517,96,195671
16722,0.001499,74.125.24.0-255,2902,81419,96,195671
16723,0.001501,172.31.47.0-255,66,81485,96,195671
16724,0.001508,74.125.24.0-255,5738,87223,96,195671
16725,0.001509,172.31.47.0-255,66,87289,96,195671
16726,0.001537,74.125.24.0-255,5738,93027,96,195671
16727,0.001539,172.31.47.0-255,66,93093,96,195671
16728,0.001559,74.125.24.0-255,1484,94577,96,195671
16729,0.001572,172.31.47.0-255,66,94643,96,195671
16730,0.001622,74.125.24.0-255,2184,96827,96,195671
16731,0.001626,172.31.47.0-255,66,96893,96,195671
16732,0.001691,74.125.24.0-255,1484,98377,96,195671
16733,0.001702,74.125.24.0-255,2902,101279,96,195671
16734,0.001706,172.31.47.0-255,66,101345,96,195671
16735,0.001709,74.125.24.0-255,1484,102829,96,195671
16736,0.001726,74.125.24.0-255,5738,108567,96,195671
16737,0.001729,172.31.47.0-255,66,108633,96,195671
16738,0.001745,74.125.24.0-255,1484,110117,96,195671
16739,0.001768,172.31.47.0-255,66,110183,96,195671
16740,0.00177,74.125.24.0-255,1484,111667,96,195671
16741,0.001813,74.125.24.0-255,4320,115987,96,195671
16742,0.001816,172.31.47.0-255,66,116053,96,195671
16743,0.001832,74.125.24.0-255,3602,119655,96,195671
16744,0.001834,172.31.47.0-255,66,119721,96,195671
16745,0.002067,74.125.24.0-255,1484,121205,96,195671
16746,0.002104,74.125.24.0-255,1484,122689,96,195671
16747,0.002106,172.31.47.0-255,66,122755,96,195671
16748,0.002122,74.125.24.0-255,1484,124239,96,195671
16749,0.002124,74.125.24.0-255,1484,125723,96,195671
16750,0.002126,172.31.47.0-255,66,125789,96,195671
16751,0.002138,74.125.24.0-255,5738,131527,96,195671
16752,0.00214,172.31.47.0-255,66,131593,96,195671
16753,0.002173,172.31.47.0-255,66,131659,96,195671
16754,0.002177,74.125.24.0-255,4320,135979,96,195671
16755,0.002179,172.31.47.0-255,66,136045,96,195671
16756,0.002202,172.31.47.0-255,66,136111,96,195671
16757,0.002206,74.125.24.0-255,4320,140431,96,195671
16758,0.002207,172.31.47.0-255,66,140497,96,195671
16759,0.002244,172.31.47.0-255,66,140563,96,195671
16760,0.002255,74.125.24.0-255,5738,146301,96,195671
16761,0.002257,172.31.47.0-255,66,146367,96,195671
16762,0.00229,74.125.24.0-255,2902,149269,96,195671
16763,0.002292,172.31.47.0-255,66,149335,96,195671
16764,0.002311,74.125.24.0-255,7156,156491,96,195671
16765,0.002313,172.31.47.0-255,66,156557,96,195671
16766,0.002328,74.125.24.0-255,6438,162995,96,195671
16767,0.00233,172.31.47.0-255,66,163061,96,195671
16768,0.002332,74.125.24.0-255,1484,164545,96,195671
16769,0.002363,172.31.47.0-255,66,164611,96,195671
16770,0.002385,74.125.24.0-255,5738,170349,96,195671
16771,0.002387,172.31.47.0-255,66,170415,96,195671
16772,0.002397,172.31.47.0-255,66,170481,96,195671
16773,0.002404,74.125.24.0-255,7156,177637,96,195671
16774,0.002406,172.31.47.0-255,66,177703,96,195671
16775,0.002434,74.125.24.0-255,2184,179887,96,195671
16776,0.002436,172.31.47.0-255,66,179953,96,195671
16777,0.002448,172.31.47.0-255,66,180019,96,195671
16778,0.002466,172.31.47.0-255,66,180085,96,195671
16779,0.002505,74.125.24.0-255,5738,185823,96,195671
16780,0.002508,172.31.47.0-255,66,185889,96,195671
16781,0.002522,74.125.24.0-255,4320,190209,96,195671
16782,0.002524,172.31.47.0-255,66,190275,96,195671
16783,0.002542,172.31.47.0-255,66,190341,96,195671
16784,0.002553,172.31.47.0-255,66,190407,96,195671
16785,0.002586,172.31.47.0-255,66,190473,96,195671
16786,0.002598,74.125.24.0-255,1484,191957,96,195671
16787,0.002601,74.125.24.0-255,1484,193441,96,195671
16788,0.002613,74.125.24.0-255,1888,195329,96,195671
16789,0.002638,74.125.24.0-255,105,195434,96,195671
16790,0.0097,172.31.47.0-255,66,195500,96,195671
16791,0.012038,172.31.47.0-255,105,195605,96,195671
16792,0.014351,74.125.24.0-255,66,195671,96,195671
16793,0.0,74.125.68.0-255,153,153,96,385999
16794,2.7e-05,172.31.47.0-255,66,219,96,385999
16795,3.3e-05,74.125.68.0-255,1484,1703,96,385999
16796,3.7e-05,172.31.47.0-255,66,1769,96,385999
16797,6.8e-05,74.125.68.0-255,1484,3253,96,385999
16798,7e-05,172.31.47.0-255,66,3319,96,385999
16799,8.9e-05,74.125.68.0-255,2902,6221,96,385999
16800,9.3e-05,172.31.47.0-255,66,6287,96,385999
16801,0.000111,74.125.68.0-255,4320,10607,96,385999
16802,0.000113,172.31.47.0-255,66,10673,96,385999
16803,0.000149,74.125.68.0-255,2902,13575,96,385999
16804,0.000153,172.31.47.0-255,66,13641,96,385999
16805,0.000173,74.125.68.0-255,6429,20070,96,385999
16806,0.000176,172.31.47.0-255,66,20136,96,385999
16807,0.000194,74.125.68.0-255,1484,21620,96,385999
16808,0.000196,172.31.47.0-255,66,21686,96,385999
16809,0.00022,172.31.47.0-255,66,21752,96,385999
16810,0.000243,74.125.68.0-255,1125,22877,96,385999
16811,0.000246,172.31.47.0-255,66,22943,96,385999
16812,0.000319,74.125.68.0-255,1484,24427,96,385999
16813,0.000323,172.31.47.0-255,66,24493,96,385999
16814,0.000338,74.125.68.0-255,2902,27395,96,385999
16815,0.000341,172.31.47.0-255,66,27461,96,385999
16816,0.00036,74.125.68.0-255,2902,30363,96,385999
16817,0.000363,172.31.47.0-255,66,30429,96,385999
16818,0.000368,74.125.68.0-255,4320,34749,96,385999
16819,0.00037,172.31.47.0-255,66,34815,96,385999
16820,0.000403,74.125.68.0-255,2902,37717,96,385999
16821,0.000406,172.31.47.0-255,66,37783,96,385999
16822,0.000423,74.125.68.0-255,2543,40326,96,385999
16823,0.000426,172.31.47.0-255,66,40392,96,385999
16824,0.000431,74.125.68.0-255,5738,46130,96,385999
16825,0.000441,172.31.47.0-255,66,46196,96,385999
16826,0.000454,74.125.68.0-255,2902,49098,96,385999
16827,0.000465,172.31.47.0-255,66,49164,96,385999
16828,0.000486,74.125.68.0-255,110,49274,96,385999
16829,0.000492,172.31.47.0-255,66,49340,96,385999
16830,0.000543,74.125.68.0-255,332,49672,96,385999
16831,0.000711,172.31.47.0-255,66,49738,96,385999
16832,0.000871,74.125.68.0-255,1484,51222,96,385999
16833,0.000878,74.125.68.0-255,2902,54124,96,385999
16834,0.000946,74.125.68.0-255,1484,55608,96,385999
16835,0.000958,74.125.68.0-255,1484,57092,96,385999
16836,0.000974,74.125.68.0-255,2902,59994,96,385999
16837,0.001009,74.125.68.0-255,1484,61478,96,385999
16838,0.001019,74.125.68.0-255,1484,62962,96,385999
16839,0.00104,74.125.68.0-255,4320,67282,96,385999
16840,0.001062,74.125.68.0-255,5738,73020,96,385999
16841,0.001072,74.125.68.0-255,1484,74504,96,385999
16842,0.001081,74.125.68.0-255,1484,75988,96,385999
16843,0.001093,74.125.68.0-255,4320,80308,96,385999
16844,0.001107,74.125.68.0-255,2902,83210,96,385999
16845,0.001109,74.125.68.0-255,766,83976,96,385999
16846,0.001227,74.125.68.0-255,1484,85460,96,385999
16847,0.00124,74.125.68.0-255,2902,88362,96,385999
16848,0.001252,74.125.68.0-255,1484,89846,96,385999
16849,0.001265,74.125.68.0-255,4320,94166,96,385999
16850,0.001297,74.125.68.0-255,2902,97068,96,385999
16851,0.001317,74.125.68.0-255,4320,101388,96,385999
16852,0.00135,74.125.68.0-255,5738,107126,96,385999
16853,0.001367,74.125.68.0-255,7156,114282,96,385999
16854,0.001372,74.125.68.0-255,3602,117884,96,385999
16855,0.001478,74.125.68.0-255,1484,119368,96,385999
16856,0.00149,74.125.68.0-255,2902,122270,96,385999
16857,0.001508,74.125.68.0-255,1484,123754,96,385999
16858,0.001521,74.125.68.0-255,4320,128074,96,385999
16859,0.001525,74.125.68.0-255,2902,130976,96,385999
16860,0.001567,74.125.68.0-255,5738,136714,96,385999
16861,0.001586,74.125.68.0-255,4320,141034,96,385999
16862,0.001591,74.125.68.0-255,5738,146772,96,385999
16863,0.001615,74.125.68.0-255,2902,149674,96,385999
16864,0.001627,74.125.68.0-255,3602,153276,96,385999
16865,0.001629,74.125.68.0-255,1484,154760,96,385999
16866,0.001647,74.125.68.0-255,4320,159080,96,385999
16867,0.001652,74.125.68.0-255,4320,163400,96,385999
16868,0.001667,74.125.68.0-255,2902,166302,96,385999
16869,0.00168,74.125.68.0-255,2902,169204,96,385999
16870,0.001695,74.125.68.0-255,2902,172106,96,385999
16871,0.0017,74.125.68.0-255,5738,177844,96,385999
16872,0.001715,74.125.68.0-255,1484,179328,96,385999
16873,0.001729,74.125.68.0-255,2902,182230,96,385999
16874,0.001744,74.125.68.0-255,3602,185832,96,385999
16875,0.001755,74.125.68.0-255,2902,188734,96,385999
16876,0.001766,74.125.68.0-255,4320,193054,96,385999
16877,0.001788,74.125.68.0-255,2902,195956,96,385999
16878,0.001799,74.125.68.0-255,4320,200276,96,385999
16879,0.001808,74.125.68.0-255,1484,201760,96,385999
16880,0.001822,74.125.68.0-255,5738,207498,96,385999
16881,0.001834,74.125.68.0-255,4320,211818,96,385999
16882,0.00184,74.125.68.0-255,5738,217556,96,385999
16883,0.001849,74.125.68.0-255,2184,219740,96,385999
16884,0.001984,74.125.68.0-255,1484,221224,96,385999
16885,0.002035,74.125.68.0-255,1484,222708,96,385999
16886,0.002067,74.125.68.0-255,2902,225610,96,385999
16887,0.002083,74.125.68.0-255,1484,227094,96,385999
16888,0.002143,74.125.68.0-255,1484,228578,96,385999
16889,0.002173,74.125.68.0-255,2902,231480,96,385999
16890,0.002186,74.125.68.0-255,1484,232964,96,385999
16891,0.002208,74.125.68.0-255,2902,235866,96,385999
16892,0.002235,74.125.68.0-255,5738,241604,96,385999
16893,0.002239,74.125.68.0-255,2902,244506,96,385999
16894,0.002256,74.125.68.0-255,2902,247408,96,385999
16895,0.002273,74.125.68.0-255,1484,248892,96,385999
16896,0.002292,74.125.68.0-255,5020,253912,96,385999
16897,0.00237,74.125.68.0-255,1484,255396,96,385999
16898,0.002384,74.125.68.0-255,2902,258298,96,385999
16899,0.0024,74.125.68.0-255,4320,262618,96,385999
16900,0.002415,74.125.68.0-255,1484,264102,96,385999
16901,0.002429,74.125.68.0-255,7156,271258,96,385999
16902,0.002455,74.125.68.0-255,7156,278414,96,385999
16903,0.002462,74.125.68.0-255,5738,284152,96,385999
16904,0.002476,74.125.68.0-255,2902,287054,96,385999
16905,0.002489,74.125.68.0-255,766,287820,96,385999
16906,0.00282,74.125.68.0-255,1484,289304,96,385999
16907,0.002874,74.125.68.0-255,2902,292206,96,385999
16908,0.002877,74.125.68.0-255,1484,293690,96,385999
16909,0.00288,74.125.68.0-255,2902,296592,96,385999
16910,0.002894,74.125.68.0-255,1484,298076,96,385999
16911,0.002913,74.125.68.0-255,1484,299560,96,385999
16912,0.002926,74.125.68.0-255,4320,303880,96,385999
16913,0.002948,74.125.68.0-255,2902,306782,96,385999
16914,0.002962,74.125.68.0-255,4320,311102,96,385999
16915,0.002986,74.125.68.0-255,1484,312586,96,385999
16916,0.002988,74.125.68.0-255,766,313352,96,385999
16917,0.003042,74.125.68.0-255,1484,314836,96,385999
16918,0.003052,74.125.68.0-255,1484,316320,96,385999
16919,0.003076,74.125.68.0-255,1484,317804,96,385999
16920,0.003082,74.125.68.0-255,5738,323542,96,385999
16921,0.003101,74.125.68.0-255,2902,326444,96,385999
16922,0.00313,74.125.68.0-255,1484,327928,96,385999
16923,0.00315,74.125.68.0-255,7156,335084,96,385999
16924,0.003163,74.125.68.0-255,3602,338686,96,385999
16925,0.003167,74.125.68.0-255,2902,341588,96,385999
16926,0.00317,74.125.68.0-255,4320,345908,96,385999
16927,0.003193,74.125.68.0-255,4320,350228,96,385999
16928,0.003202,74.125.68.0-255,2902,353130,96,385999
16929,0.003213,74.125.68.0-255,1484,354614,96,385999
16930,0.003218,74.125.68.0-255,4320,358934,96,385999
16931,0.003236,74.125.68.0-255,5738,364672,96,385999
16932,0.003257,74.125.68.0-255,7156,371828,96,385999
16933,0.003266,74.125.68.0-255,766,372594,96,385999
16934,0.003279,74.125.68.0-255,5738,378332,96,385999
16935,0.003298,74.125.68.0-255,2902,381234,96,385999
16936,0.0033,74.125.68.0-255,927,382161,96,385999
16937,0.003342,74.125.68.0-255,105,382266,96,385999
16938,0.004945,172.31.47.0-255,66,382332,96,385999
16939,0.005826,172.31.47.0-255,101,382433,96,385999
16940,0.007457,172.31.47.0-255,105,382538,96,385999
16941,0.008315,74.125.68.0-255,66,382604,96,385999
16942,0.009937,74.125.68.0-255,66,382670,96,385999
16943,0.026219,172.31.47.0-255,172,382842,96,385999
16944,0.02625,172.31.47.0-255,1109,383951,96,385999
16945,0.026286,172.31.47.0-255,1514,385465,96,385999
16946,0.026288,172.31.47.0-255,336,385801,96,385999
16947,0.027737,104.244.42.0-255,66,385867,96,385999
16948,0.027805,104.244.42.0-255,66,385933,96,385999
16949,0.027808,104.244.42.0-255,66,385999,96,385999
16950,0.0,172.217.194.0-255,153,153,96,181983
16951,2.6e-05,172.31.47.0-255,66,219,96,181983
16952,3.2e-05,172.217.194.0-255,1484,1703,96,181983
16953,3.6e-05,172.31.47.0-255,66,1769,96,181983
16954,4.1e-05,172.217.194.0-255,2902,4671,96,181983
16955,4.4e-05,172.31.47.0-255,66,4737,96,181983
16956,5.6e-05,172.217.194.0-255,5738,10475,96,181983
16957,5.8e-05,172.31.47.0-255,66,10541,96,181983
16958,7.3e-05,172.217.194.0-255,1484,12025,96,181983
16959,7.7e-05,172.31.47.0-255,66,12091,96,181983
16960,0.000103,172.217.194.0-255,2015,14106,96,181983
16961,0.000105,172.31.47.0-255,66,14172,96,181983
16962,0.000352,172.217.194.0-255,1484,15656,96,181983
16963,0.000357,172.31.47.0-255,66,15722,96,181983
16964,0.000363,172.217.194.0-255,2902,18624,96,181983
16965,0.000365,172.31.47.0-255,66,18690,96,181983
16966,0.000386,172.217.194.0-255,5738,24428,96,181983
16967,0.00039,172.31.47.0-255,66,24494,96,181983
16968,0.000398,172.217.194.0-255,4320,28814,96,181983
16969,0.0004,172.31.47.0-255,66,28880,96,181983
16970,0.000421,172.217.194.0-255,2543,31423,96,181983
16971,0.000424,172.31.47.0-255,66,31489,96,181983
16972,0.000489,172.217.194.0-255,1484,32973,96,181983
16973,0.000493,172.31.47.0-255,66,33039,96,181983
16974,0.000502,172.217.194.0-255,2902,35941,96,181983
16975,0.000504,172.31.47.0-255,66,36007,96,181983
16976,0.000508,172.217.194.0-255,2902,38909,96,181983
16977,0.000509,172.31.47.0-255,66,38975,96,181983
16978,0.000527,172.217.194.0-255,2902,41877,96,181983
16979,0.00053,172.31.47.0-255,66,41943,96,181983
16980,0.000563,172.217.194.0-255,6797,48740,96,181983
16981,0.000566,172.31.47.0-255,66,48806,96,181983
16982,0.001425,172.217.194.0-255,1484,50290,96,181983
16983,0.001431,172.31.47.0-255,66,50356,96,181983
16984,0.001441,172.217.194.0-255,2902,53258,96,181983
16985,0.001443,172.31.47.0-255,66,53324,96,181983
16986,0.001449,172.217.194.0-255,5738,59062,96,181983
16987,0.001451,172.31.47.0-255,66,59128,96,181983
16988,0.001474,172.217.194.0-255,6797,65925,96,181983
16989,0.001476,172.31.47.0-255,66,65991,96,181983
16990,0.00157,172.217.194.0-255,1484,67475,96,181983
16991,0.001583,172.217.194.0-255,2902,70377,96,181983
16992,0.001585,172.31.47.0-255,66,70443,96,181983
16993,0.001603,172.217.194.0-255,5738,76181,96,181983
16994,0.001605,172.31.47.0-255,66,76247,96,181983
16995,0.001608,172.217.194.0-255,1484,77731,96,181983
16996,0.001632,172.217.194.0-255,5379,83110,96,181983
16997,0.001634,172.31.47.0-255,66,83176,96,181983
16998,0.001649,172.217.194.0-255,648,83824,96,181983
16999,0.001707,172.217.194.0-255,1484,85308,96,181983
17000,0.00171,172.31.47.0-255,66,85374,96,181983
17001,0.001712,172.217.194.0-255,1484,86858,96,181983
17002,0.001724,172.217.194.0-255,1484,88342,96,181983
17003,0.001726,172.31.47.0-255,66,88408,96,181983
17004,0.001732,172.217.194.0-255,5738,94146,96,181983
17005,0.001733,172.31.47.0-255,66,94212,96,181983
17006,0.001765,172.217.194.0-255,1484,95696,96,181983
17007,0.001783,172.217.194.0-255,5379,101075,96,181983
17008,0.001786,172.31.47.0-255,66,101141,96,181983
17009,0.003812,172.217.194.0-255,2902,104043,96,181983
17010,0.003815,172.31.47.0-255,66,104109,96,181983
17011,0.003836,172.217.194.0-255,2902,107011,96,181983
17012,0.003838,172.31.47.0-255,66,107077,96,181983
17013,0.005831,172.217.194.0-255,2902,109979,96,181983
17014,0.005837,172.31.47.0-255,66,110045,96,181983
17015,0.005876,172.217.194.0-255,2902,112947,96,181983
17016,0.005878,172.31.47.0-255,66,113013,96,181983
17017,0.007854,172.217.194.0-255,2902,115915,96,181983
17018,0.007861,172.31.47.0-255,66,115981,96,181983
17019,0.0079,172.217.194.0-255,2902,118883,96,181983
17020,0.007904,172.31.47.0-255,66,118949,96,181983
17021,0.009891,172.217.194.0-255,2902,121851,96,181983
17022,0.009898,172.31.47.0-255,66,121917,96,181983
17023,0.009925,172.217.194.0-255,1484,123401,96,181983
17024,0.009941,172.217.194.0-255,1484,124885,96,181983
17025,0.009944,172.31.47.0-255,66,124951,96,181983
17026,0.011912,172.217.194.0-255,2902,127853,96,181983
17027,0.011925,172.31.47.0-255,66,127919,96,181983
17028,0.011962,172.217.194.0-255,2902,130821,96,181983
17029,0.011967,172.31.47.0-255,66,130887,96,181983
17030,0.013961,172.217.194.0-255,2902,133789,96,181983
17031,0.013968,172.31.47.0-255,66,133855,96,181983
17032,0.014,172.217.194.0-255,2902,136757,96,181983
17033,0.014002,172.31.47.0-255,66,136823,96,181983
17034,0.016001,172.217.194.0-255,2902,139725,96,181983
17035,0.01601,172.31.47.0-255,66,139791,96,181983
17036,0.016028,172.217.194.0-255,2902,142693,96,181983
17037,0.016032,172.31.47.0-255,66,142759,96,181983
17038,0.018055,172.217.194.0-255,5738,148497,96,181983
17039,0.018061,172.31.47.0-255,66,148563,96,181983
17040,0.02009,172.217.194.0-255,5738,154301,96,181983
17041,0.020097,172.31.47.0-255,66,154367,96,181983
17042,0.022119,172.217.194.0-255,5738,160105,96,181983
17043,0.022127,172.31.47.0-255,66,160171,96,181983
17044,0.022203,172.31.47.0-255,172,160343,96,181983
17045,0.022241,172.31.47.0-255,1110,161453,96,181983
17046,0.022324,172.31.47.0-255,1514,162967,96,181983
17047,0.022326,172.31.47.0-255,1514,164481,96,181983
17048,0.022328,172.31.47.0-255,1514,165995,96,181983
17049,0.022329,172.31.47.0-255,1082,167077,96,181983
17050,0.023759,104.244.42.0-255,66,167143,96,181983
17051,0.023851,104.244.42.0-255,66,167209,96,181983
17052,0.023908,104.244.42.0-255,66,167275,96,181983
17053,0.023911,104.244.42.0-255,66,167341,96,181983
17054,0.024145,172.217.194.0-255,4320,171661,96,181983
17055,0.02415,172.31.47.0-255,66,171727,96,181983
17056,0.024215,172.217.194.0-255,1484,173211,96,181983
17057,0.026172,172.217.194.0-255,2902,176113,96,181983
17058,0.026177,172.31.47.0-255,66,176179,96,181983
17059,0.028204,172.217.194.0-255,5738,181917,96,181983
17060,0.028209,172.31.47.0-255,66,181983,96,181983
17061,0.0,172.31.47.0-255,105,105,96,105
17062,0.0,74.125.200.0-255,146,146,96,321427
17063,1.6e-05,172.31.47.0-255,66,212,96,321427
17064,2.2e-05,74.125.200.0-255,1484,1696,96,321427
17065,2.6e-05,172.31.47.0-255,66,1762,96,321427
17066,3.1e-05,74.125.200.0-255,2902,4664,96,321427
17067,3.3e-05,172.31.47.0-255,66,4730,96,321427
17068,8.3e-05,74.125.200.0-255,4320,9050,96,321427
17069,8.5e-05,172.31.47.0-255,66,9116,96,321427
17070,9.6e-05,74.125.200.0-255,2902,12018,96,321427
17071,9.9e-05,172.31.47.0-255,66,12084,96,321427
17072,0.000131,74.125.200.0-255,2902,14986,96,321427
17073,0.000133,172.31.47.0-255,66,15052,96,321427
17074,0.000156,74.125.200.0-255,4981,20033,96,321427
17075,0.000158,172.31.47.0-255,66,20099,96,321427
17076,0.00019,74.125.200.0-255,7156,27255,96,321427
17077,0.000192,172.31.47.0-255,66,27321,96,321427
17078,0.000211,74.125.200.0-255,1484,28805,96,321427
17079,0.000213,172.31.47.0-255,66,28871,96,321427
17080,0.000217,74.125.200.0-255,2543,31414,96,321427
17081,0.000219,172.31.47.0-255,66,31480,96,321427
17082,0.00025,74.125.200.0-255,1484,32964,96,321427
17083,0.000253,172.31.47.0-255,66,33030,96,321427
17084,0.000257,74.125.200.0-255,2902,35932,96,321427
17085,0.000259,172.31.47.0-255,66,35998,96,321427
17086,0.000299,74.125.200.0-255,4320,40318,96,321427
17087,0.000303,172.31.47.0-255,66,40384,96,321427
17088,0.000306,74.125.200.0-255,1484,41868,96,321427
17089,0.000307,172.31.47.0-255,66,41934,96,321427
17090,0.000336,172.31.47.0-255,66,42000,96,321427
17091,0.000343,74.125.200.0-255,7156,49156,96,321427
17092,0.000345,172.31.47.0-255,66,49222,96,321427
17093,0.000375,172.31.47.0-255,66,49288,96,321427
17094,0.000377,74.125.200.0-255,129,49417,96,321427
17095,0.000379,172.31.47.0-255,66,49483,96,321427
17096,0.000794,74.125.200.0-255,348,49831,96,321427
17097,0.000801,172.31.47.0-255,66,49897,96,321427
17098,0.001029,74.125.200.0-255,1484,51381,96,321427
17099,0.001035,172.31.47.0-255,66,51447,96,321427
17100,0.001042,74.125.200.0-255,2902,54349,96,321427
17101,0.001044,172.31.47.0-255,66,54415,96,321427
17102,0.001049,74.125.200.0-255,4320,58735,96,321427
17103,0.001051,172.31.47.0-255,66,58801,96,321427
17104,0.001075,74.125.200.0-255,1484,60285,96,321427
17105,0.001079,74.125.200.0-255,1484,61769,96,321427
17106,0.001081,172.31.47.0-255,66,61835,96,321427
17107,0.001108,74.125.200.0-255,7156,68991,96,321427
17108,0.001113,74.125.200.0-255,5738,74729,96,321427
17109,0.001118,172.31.47.0-255,66,74795,96,321427
17110,0.00112,172.31.47.0-255,66,74861,96,321427
17111,0.001136,74.125.200.0-255,4320,79181,96,321427
17112,0.001138,74.125.200.0-255,1484,80665,96,321427
17113,0.001141,172.31.47.0-255,66,80731,96,321427
17114,0.001159,74.125.200.0-255,3602,84333,96,321427
17115,0.001161,172.31.47.0-255,66,84399,96,321427
17116,0.001218,74.125.200.0-255,1484,85883,96,321427
17117,0.001224,74.125.200.0-255,2902,88785,96,321427
17118,0.001227,172.31.47.0-255,66,88851,96,321427
17119,0.001231,74.125.200.0-255,2902,91753,96,321427
17120,0.001248,74.125.200.0-255,2902,94655,96,321427
17121,0.001261,74.125.200.0-255,2902,97557,96,321427
17122,0.001264,172.31.47.0-255,66,97623,96,321427
17123,0.001269,172.31.47.0-255,66,97689,96,321427
17124,0.001298,172.31.47.0-255,66,97755,96,321427
17125,0.001307,74.125.200.0-255,4320,102075,96,321427
17126,0.001311,172.31.47.0-255,66,102141,96,321427
17127,0.001328,74.125.200.0-255,2902,105043,96,321427
17128,0.001342,74.125.200.0-255,3602,108645,96,321427
17129,0.001351,172.31.47.0-255,66,108711,96,321427
17130,0.001442,74.125.200.0-255,1484,110195,96,321427
17131,0.001458,74.125.200.0-255,2902,113097,96,321427
17132,0.00146,172.31.47.0-255,66,113163,96,321427
17133,0.001483,74.125.200.0-255,5738,118901,96,321427
17134,0.00149,172.31.47.0-255,66,118967,96,321427
17135,0.001505,74.125.200.0-255,7156,126123,96,321427
17136,0.001519,74.125.200.0-255,1484,127607,96,321427
17137,0.001523,172.31.47.0-255,66,127673,96,321427
17138,0.001557,74.125.200.0-255,1484,129157,96,321427
17139,0.001561,172.31.47.0-255,66,129223,96,321427
17140,0.001588,74.125.200.0-255,2184,131407,96,321427
17141,0.001592,172.31.47.0-255,66,131473,96,321427
17142,0.001602,74.125.200.0-255,2902,134375,96,321427
17143,0.001615,74.125.200.0-255,2902,137277,96,321427
17144,0.001626,74.125.200.0-255,2902,140179,96,321427
17145,0.001632,172.31.47.0-255,66,140245,96,321427
17146,0.00165,74.125.200.0-255,1484,141729,96,321427
17147,0.001687,172.31.47.0-255,66,141795,96,321427
17148,0.00169,74.125.200.0-255,1484,143279,96,321427
17149,0.001708,74.125.200.0-255,7156,150435,96,321427
17150,0.001724,74.125.200.0-255,3602,154037,96,321427
17151,0.001733,172.31.47.0-255,66,154103,96,321427
17152,0.001995,74.125.200.0-255,1484,155587,96,321427
17153,0.00202,74.125.200.0-255,2902,158489,96,321427
17154,0.002024,172.31.47.0-255,66,158555,96,321427
17155,0.002031,74.125.200.0-255,5738,164293,96,321427
17156,0.002062,74.125.200.0-255,1484,165777,96,321427
17157,0.002077,74.125.200.0-255,4320,170097,96,321427
17158,0.002083,74.125.200.0-255,7156,177253,96,321427
17159,0.002086,74.125.200.0-255,1484,178737,96,321427
17160,0.002105,74.125.200.0-255,7156,185893,96,321427
17161,0.00211,172.31.47.0-255,66,185959,96,321427
17162,0.002143,74.125.200.0-255,2184,188143,96,321427
17163,0.002159,172.31.47.0-255,66,188209,96,321427
17164,0.002336,74.125.200.0-255,1484,189693,96,321427
17165,0.002342,74.125.200.0-255,2902,192595,96,321427
17166,0.002344,172.31.47.0-255,66,192661,96,321427
17167,0.00235,74.125.200.0-255,4320,196981,96,321427
17168,0.002361,74.125.200.0-255,1484,198465,96,321427
17169,0.002367,172.31.47.0-255,66,198531,96,321427
17170,0.002392,74.125.200.0-255,7156,205687,96,321427
17171,0.002396,74.125.200.0-255,2902,208589,96,321427
17172,0.002403,172.31.47.0-255,66,208655,96,321427
17173,0.002412,74.125.200.0-255,4320,212975,96,321427
17174,0.002416,172.31.47.0-255,66,213041,96,321427
17175,0.002441,74.125.200.0-255,4320,217361,96,321427
17176,0.002456,172.31.47.0-255,66,217427,96,321427
17177,0.002461,74.125.200.0-255,4320,221747,96,321427
17178,0.002465,172.31.47.0-255,66,221813,96,321427
17179,0.002489,74.125.200.0-255,6438,228251,96,321427
17180,0.002493,74.125.200.0-255,1484,229735,96,321427
17181,0.002505,74.125.200.0-255,4320,234055,96,321427
17182,0.002513,172.31.47.0-255,66,234121,96,321427
17183,0.002521,74.125.200.0-255,1484,235605,96,321427
17184,0.002557,74.125.200.0-255,7156,242761,96,321427
17185,0.002565,172.31.47.0-255,66,242827,96,321427
17186,0.002604,74.125.200.0-255,2902,245729,96,321427
17187,0.002608,172.31.47.0-255,66,245795,96,321427
17188,0.002623,74.125.200.0-255,2184,247979,96,321427
17189,0.002626,74.125.200.0-255,1484,249463,96,321427
17190,0.002633,172.31.47.0-255,66,249529,96,321427
17191,0.002664,74.125.200.0-255,7156,256685,96,321427
17192,0.002671,172.31.47.0-255,66,256751,96,321427
17193,0.002708,74.125.200.0-255,2902,259653,96,321427
17194,0.002714,172.31.47.0-255,66,259719,96,321427
17195,0.002744,74.125.200.0-255,3602,263321,96,321427
17196,0.002753,172.31.47.0-255,66,263387,96,321427
17197,0.005376,74.125.200.0-255,5738,269125,96,321427
17198,0.005393,172.31.47.0-255,66,269191,96,321427
17199,0.008036,74.125.200.0-255,5738,274929,96,321427
17200,0.008052,172.31.47.0-255,66,274995,96,321427
17201,0.010668,74.125.200.0-255,5738,280733,96,321427
17202,0.01068,172.31.47.0-255,66,280799,96,321427
17203,0.013292,74.125.200.0-255,5738,286537,96,321427
17204,0.013298,172.31.47.0-255,66,286603,96,321427
17205,0.015917,74.125.200.0-255,5738,292341,96,321427
17206,0.015923,172.31.47.0-255,66,292407,96,321427
17207,0.018543,74.125.200.0-255,5738,298145,96,321427
17208,0.018552,172.31.47.0-255,66,298211,96,321427
17209,0.021183,74.125.200.0-255,5738,303949,96,321427
17210,0.021198,172.31.47.0-255,66,304015,96,321427
17211,0.02384,74.125.200.0-255,5738,309753,96,321427
17212,0.023858,172.31.47.0-255,66,309819,96,321427
17213,0.026509,74.125.200.0-255,5738,315557,96,321427
17214,0.026515,172.31.47.0-255,66,315623,96,321427
17215,0.029122,74.125.200.0-255,5738,321361,96,321427
17216,0.029126,172.31.47.0-255,66,321427,96,321427
17217,0.0,172.31.47.0-255,66,66,96,66
17218,0.0,74.125.24.0-255,146,146,96,194698
17219,2.7e-05,172.31.47.0-255,66,212,96,194698
17220,3.4e-05,74.125.24.0-255,1484,1696,96,194698
17221,3.8e-05,172.31.47.0-255,66,1762,96,194698
17222,4.3e-05,74.125.24.0-255,2902,4664,96,194698
17223,5.3e-05,172.31.47.0-255,66,4730,96,194698
17224,5.9e-05,74.125.24.0-255,5738,10468,96,194698
17225,6.1e-05,172.31.47.0-255,66,10534,96,194698
17226,0.000101,74.125.24.0-255,3528,14062,96,194698
17227,0.000103,172.31.47.0-255,66,14128,96,194698
17228,0.000248,74.125.24.0-255,1484,15612,96,194698
17229,0.000253,172.31.47.0-255,66,15678,96,194698
17230,0.00028,74.125.24.0-255,2902,18580,96,194698
17231,0.000285,172.31.47.0-255,66,18646,96,194698
17232,0.00032,74.125.24.0-255,2902,21548,96,194698
17233,0.000323,172.31.47.0-255,66,21614,96,194698
17234,0.00033,74.125.24.0-255,7156,28770,96,194698
17235,0.000333,172.31.47.0-255,66,28836,96,194698
17236,0.000343,74.125.24.0-255,2543,31379,96,194698
17237,0.000346,172.31.47.0-255,66,31445,96,194698
17238,0.000358,74.125.24.0-255,2902,34347,96,194698
17239,0.000361,172.31.47.0-255,66,34413,96,194698
17240,0.000404,74.125.24.0-255,4320,38733,96,194698
17241,0.000408,172.31.47.0-255,66,38799,96,194698
17242,0.000414,74.125.24.0-255,5738,44537,96,194698
17243,0.000418,172.31.47.0-255,66,44603,96,194698
17244,0.000472,74.125.24.0-255,3961,48564,96,194698
17245,0.000476,172.31.47.0-255,66,48630,96,194698
17246,0.000803,74.125.24.0-255,1484,50114,96,194698
17247,0.000809,172.31.47.0-255,66,50180,96,194698
17248,0.000818,74.125.24.0-255,2902,53082,96,194698
17249,0.000827,172.31.47.0-255,66,53148,96,194698
17250,0.000834,74.125.24.0-255,4320,57468,96,194698
17251,0.000837,172.31.47.0-255,66,57534,96,194698
17252,0.000867,74.125.24.0-255,1484,59018,96,194698
17253,0.000871,172.31.47.0-255,66,59084,96,194698
17254,0.000876,74.125.24.0-255,2902,61986,96,194698
17255,0.000878,172.31.47.0-255,66,62052,96,194698
17256,0.0009,74.125.24.0-255,7156,69208,96,194698
17257,0.000904,172.31.47.0-255,66,69274,96,194698
17258,0.00093,74.125.24.0-255,3961,73235,96,194698
17259,0.000933,172.31.47.0-255,66,73301,96,194698
17260,0.000937,74.125.24.0-255,1484,74785,96,194698
17261,0.000939,172.31.47.0-255,66,74851,96,194698
17262,0.000969,172.31.47.0-255,66,74917,96,194698
17263,0.001027,74.125.24.0-255,1484,76401,96,194698
17264,0.00103,172.31.47.0-255,66,76467,96,194698
17265,0.001053,74.125.24.0-255,1484,77951,96,194698
17266,0.001055,172.31.47.0-255,66,78017,96,194698
17267,0.001082,74.125.24.0-255,1484,79501,96,194698
17268,0.001084,172.31.47.0-255,66,79567,96,194698
17269,0.00109,74.125.24.0-255,5738,85305,96,194698
17270,0.001092,172.31.47.0-255,66,85371,96,194698
17271,0.001118,74.125.24.0-255,4320,89691,96,194698
17272,0.001122,172.31.47.0-255,66,89757,96,194698
17273,0.001148,74.125.24.0-255,3124,92881,96,194698
17274,0.001151,172.31.47.0-255,66,92947,96,194698
17275,0.001492,74.125.24.0-255,1484,94431,96,194698
17276,0.001498,74.125.24.0-255,2902,97333,96,194698
17277,0.001501,172.31.47.0-255,66,97399,96,194698
17278,0.001504,74.125.24.0-255,1484,98883,96,194698
17279,0.001527,74.125.24.0-255,4320,103203,96,194698
17280,0.00153,172.31.47.0-255,66,103269,96,194698
17281,0.00154,74.125.24.0-255,1484,104753,96,194698
17282,0.00157,172.31.47.0-255,66,104819,96,194698
17283,0.001574,74.125.24.0-255,4320,109139,96,194698
17284,0.001576,172.31.47.0-255,66,109205,96,194698
17285,0.001594,74.125.24.0-255,2902,112107,96,194698
17286,0.001596,172.31.47.0-255,66,112173,96,194698
17287,0.001611,74.125.24.0-255,3602,115775,96,194698
17288,0.001613,172.31.47.0-255,66,115841,96,194698
17289,0.003678,74.125.24.0-255,1484,117325,96,194698
17290,0.003699,74.125.24.0-255,2902,120227,96,194698
17291,0.003701,172.31.47.0-255,66,120293,96,194698
17292,0.003721,74.125.24.0-255,1484,121777,96,194698
17293,0.00577,74.125.24.0-255,4320,126097,96,194698
17294,0.005777,172.31.47.0-255,66,126163,96,194698
17295,0.00787,74.125.24.0-255,5738,131901,96,194698
17296,0.007878,172.31.47.0-255,66,131967,96,194698
17297,0.009973,74.125.24.0-255,2902,134869,96,194698
17298,0.00998,172.31.47.0-255,66,134935,96,194698
17299,0.01001,74.125.24.0-255,2902,137837,96,194698
17300,0.010012,172.31.47.0-255,66,137903,96,194698
17301,0.012044,74.125.24.0-255,2902,140805,96,194698
17302,0.01205,172.31.47.0-255,66,140871,96,194698
17303,0.012075,74.125.24.0-255,2902,143773,96,194698
17304,0.012078,172.31.47.0-255,66,143839,96,194698
17305,0.014125,74.125.24.0-255,2902,146741,96,194698
17306,0.014131,172.31.47.0-255,66,146807,96,194698
17307,0.014158,74.125.24.0-255,1484,148291,96,194698
17308,0.014175,74.125.24.0-255,1484,149775,96,194698
17309,0.014179,172.31.47.0-255,66,149841,96,194698
17310,0.016203,74.125.24.0-255,2902,152743,96,194698
17311,0.016211,172.31.47.0-255,66,152809,96,194698
17312,0.016241,74.125.24.0-255,2902,155711,96,194698
17313,0.016246,172.31.47.0-255,66,155777,96,194698
17314,0.018311,74.125.24.0-255,5738,161515,96,194698
17315,0.018318,172.31.47.0-255,66,161581,96,194698
17316,0.020414,74.125.24.0-255,5738,167319,96,194698
17317,0.020423,172.31.47.0-255,66,167385,96,194698
17318,0.022491,74.125.24.0-255,5738,173123,96,194698
17319,0.022498,172.31.47.0-255,66,173189,96,194698
17320,0.024583,74.125.24.0-255,5738,178927,96,194698
17321,0.024589,172.31.47.0-255,66,178993,96,194698
17322,0.026665,74.125.24.0-255,5738,184731,96,194698
17323,0.026672,172.31.47.0-255,66,184797,96,194698
17324,0.028762,74.125.24.0-255,5738,190535,96,194698
17325,0.028768,172.31.47.0-255,66,190601,96,194698
17326,0.029415,172.31.47.0-255,172,190773,96,194698
17327,0.029454,172.31.47.0-255,1101,191874,96,194698
17328,0.029481,172.31.47.0-255,1514,193388,96,194698
17329,0.029515,172.31.47.0-255,1310,194698,96,194698
17330,0.0,74.125.200.0-255,153,153,96,114412
17331,2.8e-05,172.31.47.0-255,66,219,96,114412
17332,3.5e-05,74.125.200.0-255,1484,1703,96,114412
17333,3.9e-05,172.31.47.0-255,66,1769,96,114412
17334,6.8e-05,74.125.200.0-255,2902,4671,96,114412
17335,7.1e-05,172.31.47.0-255,66,4737,96,114412
17336,7.7e-05,74.125.200.0-255,4320,9057,96,114412
17337,7.9e-05,172.31.47.0-255,66,9123,96,114412
17338,0.000147,74.125.200.0-255,4893,14016,96,114412
17339,0.000151,172.31.47.0-255,66,14082,96,114412
17340,0.000554,74.125.200.0-255,1484,15566,96,114412
17341,0.000561,172.31.47.0-255,66,15632,96,114412
17342,0.000569,74.125.200.0-255,2902,18534,96,114412
17343,0.000572,172.31.47.0-255,66,18600,96,114412
17344,0.000598,74.125.200.0-255,5738,24338,96,114412
17345,0.000601,172.31.47.0-255,66,24404,96,114412
17346,0.000671,74.125.200.0-255,4320,28724,96,114412
17347,0.000674,172.31.47.0-255,66,28790,96,114412
17348,0.000692,74.125.200.0-255,2543,31333,96,114412
17349,0.000695,172.31.47.0-255,66,31399,96,114412
17350,0.002752,74.125.200.0-255,2902,34301,96,114412
17351,0.002758,172.31.47.0-255,66,34367,96,114412
17352,0.00279,74.125.200.0-255,2902,37269,96,114412
17353,0.002792,172.31.47.0-255,66,37335,96,114412
17354,0.004853,74.125.200.0-255,2902,40237,96,114412
17355,0.004859,172.31.47.0-255,66,40303,96,114412
17356,0.00488,74.125.200.0-255,2902,43205,96,114412
17357,0.004884,172.31.47.0-255,66,43271,96,114412
17358,0.00694,74.125.200.0-255,2902,46173,96,114412
17359,0.006945,172.31.47.0-255,66,46239,96,114412
17360,0.006973,74.125.200.0-255,2902,49141,96,114412
17361,0.006976,172.31.47.0-255,66,49207,96,114412
17362,0.009047,74.125.200.0-255,2902,52109,96,114412
17363,0.009053,172.31.47.0-255,66,52175,96,114412
17364,0.009083,74.125.200.0-255,2902,55077,96,114412
17365,0.009089,172.31.47.0-255,66,55143,96,114412
17366,0.011137,74.125.200.0-255,2902,58045,96,114412
17367,0.01115,172.31.47.0-255,66,58111,96,114412
17368,0.01119,74.125.200.0-255,2902,61013,96,114412
17369,0.011217,172.31.47.0-255,66,61079,96,114412
17370,0.013255,74.125.200.0-255,2902,63981,96,114412
17371,0.013263,172.31.47.0-255,66,64047,96,114412
17372,0.013291,74.125.200.0-255,2902,66949,96,114412
17373,0.013312,172.31.47.0-255,66,67015,96,114412
17374,0.015351,74.125.200.0-255,2902,69917,96,114412
17375,0.015359,172.31.47.0-255,66,69983,96,114412
17376,0.015405,74.125.200.0-255,2902,72885,96,114412
17377,0.015502,172.31.47.0-255,66,72951,96,114412
17378,0.017447,74.125.200.0-255,2902,75853,96,114412
17379,0.017454,172.31.47.0-255,66,75919,96,114412
17380,0.017577,74.125.200.0-255,2902,78821,96,114412
17381,0.017594,172.31.47.0-255,66,78887,96,114412
17382,0.019545,74.125.200.0-255,1484,80371,96,114412
17383,0.019558,74.125.200.0-255,1484,81855,96,114412
17384,0.019563,172.31.47.0-255,66,81921,96,114412
17385,0.01963,172.31.47.0-255,172,82093,96,114412
17386,0.01965,172.31.47.0-255,1105,83198,96,114412
17387,0.019687,74.125.200.0-255,2902,86100,96,114412
17388,0.019702,172.31.47.0-255,1514,87614,96,114412
17389,0.019704,172.31.47.0-255,1306,88920,96,114412
17390,0.019728,172.31.47.0-255,66,88986,96,114412
17391,0.021188,104.244.42.0-255,66,89052,96,114412
17392,0.021387,104.244.42.0-255,66,89118,96,114412
17393,0.021392,104.244.42.0-255,66,89184,96,114412
17394,0.021644,74.125.200.0-255,2902,92086,96,114412
17395,0.021651,172.31.47.0-255,66,92152,96,114412
17396,0.021807,74.125.200.0-255,2902,95054,96,114412
17397,0.021813,172.31.47.0-255,66,95120,96,114412
17398,0.023732,74.125.200.0-255,2902,98022,96,114412
17399,0.023737,172.31.47.0-255,66,98088,96,114412
17400,0.023893,74.125.200.0-255,2902,100990,96,114412
17401,0.023898,172.31.47.0-255,66,101056,96,114412
17402,0.025815,74.125.200.0-255,2902,103958,96,114412
17403,0.02582,172.31.47.0-255,66,104024,96,114412
17404,0.02597,74.125.200.0-255,2902,106926,96,114412
17405,0.025976,172.31.47.0-255,66,106992,96,114412
17406,0.027888,74.125.200.0-255,2902,109894,96,114412
17407,0.027893,172.31.47.0-255,66,109960,96,114412
17408,0.028055,74.125.200.0-255,2902,112862,96,114412
17409,0.02806,172.31.47.0-255,66,112928,96,114412
17410,0.029976,74.125.200.0-255,1484,114412,96,114412
17411,0.0,117.18.237.0-255,128,128,96,743
17412,3.3e-05,172.31.47.0-255,66,194,96,743
17413,3.9e-05,117.18.237.0-255,90,284,96,743
17414,4.1e-05,172.31.47.0-255,66,350,96,743
17415,4.3e-05,117.18.237.0-255,66,416,96,743
17416,0.000171,172.31.47.0-255,105,521,96,743
17417,0.000314,172.31.47.0-255,90,611,96,743
17418,0.000325,172.31.47.0-255,66,677,96,743
17419,0.001874,117.18.237.0-255,66,743,96,743
17420,0.0,74.125.200.0-255,153,153,96,274817
17421,2.8e-05,172.31.47.0-255,66,219,96,274817
17422,3.4e-05,74.125.200.0-255,1484,1703,96,274817
17423,3.8e-05,172.31.47.0-255,66,1769,96,274817
17424,4.2e-05,74.125.200.0-255,2902,4671,96,274817
17425,5.1e-05,172.31.47.0-255,66,4737,96,274817
17426,5.5e-05,74.125.200.0-255,4320,9057,96,274817
17427,5.7e-05,172.31.47.0-255,66,9123,96,274817
17428,8.4e-05,74.125.200.0-255,1484,10607,96,274817
17429,8.6e-05,172.31.47.0-255,66,10673,96,274817
17430,0.000109,74.125.200.0-255,3481,14154,96,274817
17431,0.000111,172.31.47.0-255,66,14220,96,274817
17432,0.000373,74.125.200.0-255,1484,15704,96,274817
17433,0.000377,172.31.47.0-255,66,15770,96,274817
17434,0.000383,74.125.200.0-255,1484,17254,96,274817
17435,0.000385,172.31.47.0-255,66,17320,96,274817
17436,0.000406,74.125.200.0-255,1484,18804,96,274817
17437,0.000408,172.31.47.0-255,66,18870,96,274817
17438,0.000413,74.125.200.0-255,4320,23190,96,274817
17439,0.000415,172.31.47.0-255,66,23256,96,274817
17440,0.00044,74.125.200.0-255,5738,28994,96,274817
17441,0.000443,172.31.47.0-255,66,29060,96,274817
17442,0.000465,74.125.200.0-255,2543,31603,96,274817
17443,0.000468,172.31.47.0-255,66,31669,96,274817
17444,0.000934,74.125.200.0-255,1484,33153,96,274817
17445,0.00094,172.31.47.0-255,66,33219,96,274817
17446,0.000949,74.125.200.0-255,2902,36121,96,274817
17447,0.000952,172.31.47.0-255,66,36187,96,274817
17448,0.00096,74.125.200.0-255,1484,37671,96,274817
17449,0.000962,172.31.47.0-255,66,37737,96,274817
17450,0.000988,74.125.200.0-255,2902,40639,96,274817
17451,0.000995,172.31.47.0-255,66,40705,96,274817
17452,0.001002,74.125.200.0-255,5738,46443,96,274817
17453,0.001004,172.31.47.0-255,66,46509,96,274817
17454,0.00103,74.125.200.0-255,5379,51888,96,274817
17455,0.001035,74.125.200.0-255,5738,57626,96,274817
17456,0.001039,172.31.47.0-255,66,57692,96,274817
17457,0.00105,172.31.47.0-255,66,57758,96,274817
17458,0.001084,74.125.200.0-255,2902,60660,96,274817
17459,0.001087,172.31.47.0-255,66,60726,96,274817
17460,0.001092,74.125.200.0-255,4320,65046,96,274817
17461,0.001094,172.31.47.0-255,66,65112,96,274817
17462,0.001126,74.125.200.0-255,1437,66549,96,274817
17463,0.001142,74.125.200.0-255,109,66658,96,274817
17464,0.001252,74.125.200.0-255,1484,68142,96,274817
17465,0.001255,172.31.47.0-255,66,68208,96,274817
17466,0.001259,74.125.200.0-255,2902,71110,96,274817
17467,0.00126,172.31.47.0-255,66,71176,96,274817
17468,0.001282,74.125.200.0-255,4320,75496,96,274817
17469,0.001284,172.31.47.0-255,66,75562,96,274817
17470,0.001317,172.31.47.0-255,66,75628,96,274817
17471,0.001344,74.125.200.0-255,2902,78530,96,274817
17472,0.001345,172.31.47.0-255,66,78596,96,274817
17473,0.001362,74.125.200.0-255,2902,81498,96,274817
17474,0.001367,74.125.200.0-255,7156,88654,96,274817
17475,0.001371,74.125.200.0-255,3602,92256,96,274817
17476,0.001378,172.31.47.0-255,66,92322,96,274817
17477,0.001381,172.31.47.0-255,66,92388,96,274817
17478,0.001382,172.31.47.0-255,66,92454,96,274817
17479,0.001454,74.125.200.0-255,1484,93938,96,274817
17480,0.001471,74.125.200.0-255,1484,95422,96,274817
17481,0.001473,172.31.47.0-255,66,95488,96,274817
17482,0.001476,74.125.200.0-255,1484,96972,96,274817
17483,0.001496,74.125.200.0-255,1484,98456,96,274817
17484,0.001498,172.31.47.0-255,66,98522,96,274817
17485,0.001502,74.125.200.0-255,4320,102842,96,274817
17486,0.001504,172.31.47.0-255,66,102908,96,274817
17487,0.00152,74.125.200.0-255,1484,104392,96,274817
17488,0.001532,74.125.200.0-255,5738,110130,96,274817
17489,0.001538,172.31.47.0-255,66,110196,96,274817
17490,0.00156,74.125.200.0-255,1484,111680,96,274817
17491,0.001569,172.31.47.0-255,66,111746,96,274817
17492,0.001587,74.125.200.0-255,6438,118184,96,274817
17493,0.001589,172.31.47.0-255,66,118250,96,274817
17494,0.001615,74.125.200.0-255,7156,125406,96,274817
17495,0.001617,172.31.47.0-255,66,125472,96,274817
17496,0.001622,74.125.200.0-255,4320,129792,96,274817
17497,0.001624,172.31.47.0-255,66,129858,96,274817
17498,0.001648,74.125.200.0-255,5738,135596,96,274817
17499,0.00165,172.31.47.0-255,66,135662,96,274817
17500,0.001667,74.125.200.0-255,4320,139982,96,274817
17501,0.00167,172.31.47.0-255,66,140048,96,274817
17502,0.001704,74.125.200.0-255,7156,147204,96,274817
17503,0.001707,172.31.47.0-255,66,147270,96,274817
17504,0.001711,74.125.200.0-255,4320,151590,96,274817
17505,0.001713,172.31.47.0-255,66,151656,96,274817
17506,0.001715,74.125.200.0-255,766,152422,96,274817
17507,0.001765,74.125.200.0-255,1484,153906,96,274817
17508,0.001768,172.31.47.0-255,66,153972,96,274817
17509,0.001772,74.125.200.0-255,1484,155456,96,274817
17510,0.001793,74.125.200.0-255,2902,158358,96,274817
17511,0.001795,172.31.47.0-255,66,158424,96,274817
17512,0.001825,74.125.200.0-255,5738,164162,96,274817
17513,0.001827,172.31.47.0-255,66,164228,96,274817
17514,0.001831,74.125.200.0-255,4320,168548,96,274817
17515,0.001833,172.31.47.0-255,66,168614,96,274817
17516,0.001864,74.125.200.0-255,5738,174352,96,274817
17517,0.001867,172.31.47.0-255,66,174418,96,274817
17518,0.00187,74.125.200.0-255,2902,177320,96,274817
17519,0.001872,172.31.47.0-255,66,177386,96,274817
17520,0.001907,172.31.47.0-255,66,177452,96,274817
17521,0.00191,74.125.200.0-255,766,178218,96,274817
17522,0.002129,74.125.200.0-255,1484,179702,96,274817
17523,0.002132,172.31.47.0-255,66,179768,96,274817
17524,0.002147,74.125.200.0-255,1484,181252,96,274817
17525,0.002157,74.125.200.0-255,1484,182736,96,274817
17526,0.00216,172.31.47.0-255,66,182802,96,274817
17527,0.002169,74.125.200.0-255,4320,187122,96,274817
17528,0.002175,172.31.47.0-255,66,187188,96,274817
17529,0.002182,74.125.200.0-255,1484,188672,96,274817
17530,0.002187,74.125.200.0-255,4320,192992,96,274817
17531,0.002191,172.31.47.0-255,66,193058,96,274817
17532,0.002221,74.125.200.0-255,5738,198796,96,274817
17533,0.002223,172.31.47.0-255,66,198862,96,274817
17534,0.002253,172.31.47.0-255,66,198928,96,274817
17535,0.002275,74.125.200.0-255,1484,200412,96,274817
17536,0.002304,172.31.47.0-255,66,200478,96,274817
17537,0.002308,74.125.200.0-255,4320,204798,96,274817
17538,0.00231,172.31.47.0-255,66,204864,96,274817
17539,0.002322,74.125.200.0-255,1484,206348,96,274817
17540,0.004579,74.125.200.0-255,4320,210668,96,274817
17541,0.004586,172.31.47.0-255,66,210734,96,274817
17542,0.006908,74.125.200.0-255,4320,215054,96,274817
17543,0.006914,172.31.47.0-255,66,215120,96,274817
17544,0.006941,74.125.200.0-255,1484,216604,96,274817
17545,0.009199,74.125.200.0-255,4320,220924,96,274817
17546,0.009205,172.31.47.0-255,66,220990,96,274817
17547,0.011524,74.125.200.0-255,5738,226728,96,274817
17548,0.01153,172.31.47.0-255,66,226794,96,274817
17549,0.013803,74.125.200.0-255,5738,232532,96,274817
17550,0.013811,172.31.47.0-255,66,232598,96,274817
17551,0.016092,74.125.200.0-255,5738,238336,96,274817
17552,0.016099,172.31.47.0-255,66,238402,96,274817
17553,0.018382,74.125.200.0-255,5738,244140,96,274817
17554,0.018389,172.31.47.0-255,66,244206,96,274817
17555,0.020513,172.31.47.0-255,172,244378,96,274817
17556,0.020553,172.31.47.0-255,1105,245483,96,274817
17557,0.020613,172.31.47.0-255,1514,246997,96,274817
17558,0.020635,172.31.47.0-255,1306,248303,96,274817
17559,0.020664,74.125.200.0-255,5738,254041,96,274817
17560,0.02067,172.31.47.0-255,66,254107,96,274817
17561,0.022044,104.244.42.0-255,66,254173,96,274817
17562,0.022089,104.244.42.0-255,66,254239,96,274817
17563,0.022174,104.244.42.0-255,66,254305,96,274817
17564,0.022939,74.125.200.0-255,1484,255789,96,274817
17565,0.022966,74.125.200.0-255,4320,260109,96,274817
17566,0.02297,172.31.47.0-255,66,260175,96,274817
17567,0.025248,74.125.200.0-255,5738,265913,96,274817
17568,0.025253,172.31.47.0-255,66,265979,96,274817
17569,0.027528,74.125.200.0-255,4320,270299,96,274817
17570,0.027533,172.31.47.0-255,66,270365,96,274817
17571,0.027556,74.125.200.0-255,1484,271849,96,274817
17572,0.029806,74.125.200.0-255,2902,274751,96,274817
17573,0.02981,172.31.47.0-255,66,274817,96,274817
17574,0.0,74.125.24.0-255,374,374,96,94741
17575,2.7e-05,172.31.47.0-255,66,440,96,94741
17576,3.3e-05,74.125.24.0-255,1484,1924,96,94741
17577,3.7e-05,172.31.47.0-255,66,1990,96,94741
17578,0.0001,74.125.24.0-255,4320,6310,96,94741
17579,0.000104,172.31.47.0-255,66,6376,96,94741
17580,0.000415,74.125.24.0-255,4320,10696,96,94741
17581,0.00042,172.31.47.0-255,66,10762,96,94741
17582,0.00073,74.125.24.0-255,4320,15082,96,94741
17583,0.000736,172.31.47.0-255,66,15148,96,94741
17584,0.000767,74.125.24.0-255,6042,21190,96,94741
17585,0.00077,172.31.47.0-255,66,21256,96,94741
17586,0.001503,172.31.47.0-255,66,21322,96,94741
17587,0.002348,74.125.24.0-255,1703,23025,96,94741
17588,0.002354,172.31.47.0-255,66,23091,96,94741
17589,0.003838,74.125.24.0-255,2902,25993,96,94741
17590,0.003844,172.31.47.0-255,66,26059,96,94741
17591,0.004686,74.125.24.0-255,2902,28961,96,94741
17592,0.004692,172.31.47.0-255,66,29027,96,94741
17593,0.006191,74.125.24.0-255,2902,31929,96,94741
17594,0.006197,172.31.47.0-255,66,31995,96,94741
17595,0.007011,74.125.24.0-255,2902,34897,96,94741
17596,0.007019,172.31.47.0-255,66,34963,96,94741
17597,0.008503,74.125.24.0-255,1265,36228,96,94741
17598,0.008508,172.31.47.0-255,66,36294,96,94741
17599,0.008538,74.125.24.0-255,1484,37778,96,94741
17600,0.008541,172.31.47.0-255,66,37844,96,94741
17601,0.009381,74.125.24.0-255,2902,40746,96,94741
17602,0.009387,172.31.47.0-255,66,40812,96,94741
17603,0.010855,74.125.24.0-255,1484,42296,96,94741
17604,0.010861,172.31.47.0-255,66,42362,96,94741
17605,0.010897,74.125.24.0-255,1484,43846,96,94741
17606,0.0109,172.31.47.0-255,66,43912,96,94741
17607,0.011716,74.125.24.0-255,2902,46814,96,94741
17608,0.011723,172.31.47.0-255,66,46880,96,94741
17609,0.013184,74.125.24.0-255,1484,48364,96,94741
17610,0.01319,172.31.47.0-255,66,48430,96,94741
17611,0.014081,74.125.24.0-255,2902,51332,96,94741
17612,0.014087,172.31.47.0-255,66,51398,96,94741
17613,0.014165,74.125.24.0-255,1484,52882,96,94741
17614,0.01417,172.31.47.0-255,66,52948,96,94741
17615,0.0155,74.125.24.0-255,1484,54432,96,94741
17616,0.015506,172.31.47.0-255,66,54498,96,94741
17617,0.016407,74.125.24.0-255,2902,57400,96,94741
17618,0.016413,172.31.47.0-255,66,57466,96,94741
17619,0.016496,74.125.24.0-255,1484,58950,96,94741
17620,0.016499,172.31.47.0-255,66,59016,96,94741
17621,0.017823,74.125.24.0-255,1484,60500,96,94741
17622,0.017828,172.31.47.0-255,66,60566,96,94741
17623,0.018452,172.31.47.0-255,172,60738,96,94741
17624,0.018483,172.31.47.0-255,1109,61847,96,94741
17625,0.018513,172.31.47.0-255,1514,63361,96,94741
17626,0.018515,172.31.47.0-255,1304,64665,96,94741
17627,0.018749,74.125.24.0-255,2902,67567,96,94741
17628,0.018754,172.31.47.0-255,66,67633,96,94741
17629,0.018821,74.125.24.0-255,1484,69117,96,94741
17630,0.018824,172.31.47.0-255,66,69183,96,94741
17631,0.020001,104.244.42.0-255,66,69249,96,94741
17632,0.020045,104.244.42.0-255,66,69315,96,94741
17633,0.020047,104.244.42.0-255,66,69381,96,94741
17634,0.020159,74.125.24.0-255,1484,70865,96,94741
17635,0.020162,172.31.47.0-255,66,70931,96,94741
17636,0.021067,74.125.24.0-255,2902,73833,96,94741
17637,0.021072,172.31.47.0-255,66,73899,96,94741
17638,0.02115,74.125.24.0-255,1484,75383,96,94741
17639,0.022463,74.125.24.0-255,1484,76867,96,94741
17640,0.022468,172.31.47.0-255,66,76933,96,94741
17641,0.023408,74.125.24.0-255,2902,79835,96,94741
17642,0.023413,172.31.47.0-255,66,79901,96,94741
17643,0.024786,74.125.24.0-255,2902,82803,96,94741
17644,0.02479,172.31.47.0-255,66,82869,96,94741
17645,0.025731,74.125.24.0-255,2902,85771,96,94741
17646,0.025735,172.31.47.0-255,66,85837,96,94741
17647,0.02709,74.125.24.0-255,2902,88739,96,94741
17648,0.027095,172.31.47.0-255,66,88805,96,94741
17649,0.028075,74.125.24.0-255,2902,91707,96,94741
17650,0.02808,172.31.47.0-255,66,91773,96,94741
17651,0.029448,74.125.24.0-255,2902,94675,96,94741
17652,0.029453,172.31.47.0-255,66,94741,96,94741
17653,0.0,172.31.47.0-255,697,697,96,2746
17654,0.002337,172.217.194.0-255,66,763,96,2746
17655,0.003103,172.217.194.0-255,278,1041,96,2746
17656,0.003119,172.31.47.0-255,66,1107,96,2746
17657,0.003848,172.31.47.0-255,130,1237,96,2746
17658,0.005468,172.31.47.0-255,236,1473,96,2746
17659,0.005504,172.31.47.0-255,383,1856,96,2746
17660,0.006867,172.217.194.0-255,630,2486,96,2746
17661,0.007058,172.31.47.0-255,97,2583,96,2746
17662,0.007815,172.217.194.0-255,97,2680,96,2746
17663,0.009381,172.217.194.0-255,66,2746,96,2746
17664,0.0,172.217.194.0-255,153,153,96,175545
17665,3.3e-05,172.31.47.0-255,66,219,96,175545
17666,4e-05,172.217.194.0-255,1484,1703,96,175545
17667,4.4e-05,172.31.47.0-255,66,1769,96,175545
17668,4.9e-05,172.217.194.0-255,2902,4671,96,175545
17669,5.1e-05,172.31.47.0-255,66,4737,96,175545
17670,6.4e-05,172.217.194.0-255,7156,11893,96,175545
17671,6.6e-05,172.31.47.0-255,66,11959,96,175545
17672,8e-05,172.217.194.0-255,4775,16734,96,175545
17673,8.2e-05,172.31.47.0-255,66,16800,96,175545
17674,8.6e-05,172.217.194.0-255,2902,19702,96,175545
17675,8.9e-05,172.31.47.0-255,66,19768,96,175545
17676,0.000109,172.217.194.0-255,2902,22670,96,175545
17677,0.000112,172.31.47.0-255,66,22736,96,175545
17678,0.000148,172.31.47.0-255,66,22802,96,175545
17679,0.000485,172.217.194.0-255,1484,24286,96,175545
17680,0.000491,172.31.47.0-255,66,24352,96,175545
17681,0.000496,172.217.194.0-255,2902,27254,96,175545
17682,0.000497,172.31.47.0-255,66,27320,96,175545
17683,0.000503,172.217.194.0-255,5738,33058,96,175545
17684,0.000504,172.31.47.0-255,66,33124,96,175545
17685,0.000538,172.31.47.0-255,66,33190,96,175545
17686,0.000567,172.217.194.0-255,1125,34315,96,175545
17687,0.00057,172.31.47.0-255,66,34381,96,175545
17688,0.000581,172.31.47.0-255,66,34447,96,175545
17689,0.000589,172.217.194.0-255,4251,38698,96,175545
17690,0.000592,172.31.47.0-255,66,38764,96,175545
17691,0.00062,172.217.194.0-255,98,38862,96,175545
17692,0.000623,172.31.47.0-255,66,38928,96,175545
17693,0.000638,172.217.194.0-255,1484,40412,96,175545
17694,0.000651,172.217.194.0-255,2902,43314,96,175545
17695,0.000653,172.31.47.0-255,66,43380,96,175545
17696,0.000657,172.217.194.0-255,2902,46282,96,175545
17697,0.000669,172.31.47.0-255,66,46348,96,175545
17698,0.000681,172.217.194.0-255,4320,50668,96,175545
17699,0.000688,172.217.194.0-255,7156,57824,96,175545
17700,0.000689,172.31.47.0-255,66,57890,96,175545
17701,0.000693,172.31.47.0-255,66,57956,96,175545
17702,0.000735,172.31.47.0-255,66,58022,96,175545
17703,0.00074,172.217.194.0-255,6438,64460,96,175545
17704,0.000748,172.31.47.0-255,66,64526,96,175545
17705,0.000761,172.217.194.0-255,7156,71682,96,175545
17706,0.000775,172.31.47.0-255,66,71748,96,175545
17707,0.000778,172.217.194.0-255,365,72113,96,175545
17708,0.000782,172.217.194.0-255,2902,75015,96,175545
17709,0.00079,172.31.47.0-255,66,75081,96,175545
17710,0.000813,172.31.47.0-255,66,75147,96,175545
17711,0.000857,172.31.47.0-255,66,75213,96,175545
17712,0.000869,172.217.194.0-255,2902,78115,96,175545
17713,0.000873,172.217.194.0-255,2184,80299,96,175545
17714,0.000875,172.31.47.0-255,66,80365,96,175545
17715,0.001604,172.217.194.0-255,1484,81849,96,175545
17716,0.001611,172.217.194.0-255,1484,83333,96,175545
17717,0.001615,172.31.47.0-255,66,83399,96,175545
17718,0.001644,172.217.194.0-255,1484,84883,96,175545
17719,0.00165,172.217.194.0-255,5738,90621,96,175545
17720,0.001655,172.217.194.0-255,4320,94941,96,175545
17721,0.001671,172.217.194.0-255,2902,97843,96,175545
17722,0.001704,172.217.194.0-255,2184,100027,96,175545
17723,0.002134,172.217.194.0-255,1484,101511,96,175545
17724,0.002146,172.217.194.0-255,1484,102995,96,175545
17725,0.002155,172.217.194.0-255,1484,104479,96,175545
17726,0.002168,172.217.194.0-255,5738,110217,96,175545
17727,0.002193,172.217.194.0-255,4320,114537,96,175545
17728,0.00225,172.217.194.0-255,2902,117439,96,175545
17729,0.005452,172.31.47.0-255,66,117505,96,175545
17730,0.007709,172.217.194.0-255,5738,123243,96,175545
17731,0.007717,172.31.47.0-255,66,123309,96,175545
17732,0.009932,172.217.194.0-255,5738,129047,96,175545
17733,0.010756,172.31.47.0-255,66,129113,96,175545
17734,0.013016,172.217.194.0-255,5738,134851,96,175545
17735,0.013022,172.31.47.0-255,66,134917,96,175545
17736,0.015299,172.217.194.0-255,5738,140655,96,175545
17737,0.015305,172.31.47.0-255,66,140721,96,175545
17738,0.017576,172.217.194.0-255,5738,146459,96,175545
17739,0.01759,172.31.47.0-255,66,146525,96,175545
17740,0.019882,172.217.194.0-255,5738,152263,96,175545
17741,0.019888,172.31.47.0-255,66,152329,96,175545
17742,0.022181,172.217.194.0-255,5738,158067,96,175545
17743,0.022189,172.31.47.0-255,66,158133,96,175545
17744,0.024444,172.217.194.0-255,5738,163871,96,175545
17745,0.02445,172.31.47.0-255,66,163937,96,175545
17746,0.026716,172.217.194.0-255,5738,169675,96,175545
17747,0.026723,172.31.47.0-255,66,169741,96,175545
17748,0.028973,172.217.194.0-255,5738,175479,96,175545
17749,0.028981,172.31.47.0-255,66,175545,96,175545
17750,0.0,74.125.24.0-255,153,153,96,221646
17751,2.3e-05,172.31.47.0-255,66,219,96,221646
17752,3e-05,74.125.24.0-255,1484,1703,96,221646
17753,3.3e-05,172.31.47.0-255,66,1769,96,221646
17754,3.7e-05,74.125.24.0-255,2902,4671,96,221646
17755,3.9e-05,172.31.47.0-255,66,4737,96,221646
17756,7.1e-05,74.125.24.0-255,7156,11893,96,221646
17757,7.3e-05,172.31.47.0-255,66,11959,96,221646
17758,0.000102,74.125.24.0-255,1976,13935,96,221646
17759,0.000104,172.31.47.0-255,66,14001,96,221646
17760,0.000107,74.125.24.0-255,2902,16903,96,221646
17761,0.000109,172.31.47.0-255,66,16969,96,221646
17762,0.000133,74.125.24.0-255,7156,24125,96,221646
17763,0.000135,172.31.47.0-255,66,24191,96,221646
17764,0.000179,74.125.24.0-255,6797,30988,96,221646
17765,0.000182,172.31.47.0-255,66,31054,96,221646
17766,0.00037,74.125.24.0-255,1484,32538,96,221646
17767,0.000375,172.31.47.0-255,66,32604,96,221646
17768,0.000378,74.125.24.0-255,1484,34088,96,221646
17769,0.000381,172.31.47.0-255,66,34154,96,221646
17770,0.000408,74.125.24.0-255,1484,35638,96,221646
17771,0.000411,74.125.24.0-255,2902,38540,96,221646
17772,0.000412,172.31.47.0-255,66,38606,96,221646
17773,0.000416,172.31.47.0-255,66,38672,96,221646
17774,0.000437,74.125.24.0-255,2902,41574,96,221646
17775,0.000444,172.31.47.0-255,66,41640,96,221646
17776,0.000465,74.125.24.0-255,6797,48437,96,221646
17777,0.000468,172.31.47.0-255,66,48503,96,221646
17778,0.000494,74.125.24.0-255,1484,49987,96,221646
17779,0.000497,172.31.47.0-255,66,50053,96,221646
17780,0.000518,74.125.24.0-255,1484,51537,96,221646
17781,0.00052,172.31.47.0-255,66,51603,96,221646
17782,0.000531,74.125.24.0-255,1484,53087,96,221646
17783,0.000541,74.125.24.0-255,4320,57407,96,221646
17784,0.000544,172.31.47.0-255,66,57473,96,221646
17785,0.000552,74.125.24.0-255,1484,58957,96,221646
17786,0.000555,74.125.24.0-255,1484,60441,96,221646
17787,0.000557,172.31.47.0-255,66,60507,96,221646
17788,0.000583,74.125.24.0-255,4320,64827,96,221646
17789,0.000586,172.31.47.0-255,66,64893,96,221646
17790,0.000602,74.125.24.0-255,1462,66355,96,221646
17791,0.000644,74.125.24.0-255,108,66463,96,221646
17792,0.000648,172.31.47.0-255,66,66529,96,221646
17793,0.000762,74.125.24.0-255,1484,68013,96,221646
17794,0.000777,74.125.24.0-255,2902,70915,96,221646
17795,0.00078,172.31.47.0-255,66,70981,96,221646
17796,0.000803,74.125.24.0-255,2902,73883,96,221646
17797,0.000806,172.31.47.0-255,66,73949,96,221646
17798,0.000823,74.125.24.0-255,2902,76851,96,221646
17799,0.000825,172.31.47.0-255,66,76917,96,221646
17800,0.000829,74.125.24.0-255,2902,79819,96,221646
17801,0.000831,172.31.47.0-255,66,79885,96,221646
17802,0.000862,74.125.24.0-255,3644,83529,96,221646
17803,0.000865,172.31.47.0-255,66,83595,96,221646
17804,0.000947,74.125.24.0-255,1484,85079,96,221646
17805,0.000953,74.125.24.0-255,1484,86563,96,221646
17806,0.000956,172.31.47.0-255,66,86629,96,221646
17807,0.000981,74.125.24.0-255,1484,88113,96,221646
17808,0.000987,74.125.24.0-255,5738,93851,96,221646
17809,0.000989,172.31.47.0-255,66,93917,96,221646
17810,0.00101,74.125.24.0-255,1484,95401,96,221646
17811,0.001029,74.125.24.0-255,5379,100780,96,221646
17812,0.001032,172.31.47.0-255,66,100846,96,221646
17813,0.001276,74.125.24.0-255,1484,102330,96,221646
17814,0.001281,74.125.24.0-255,1484,103814,96,221646
17815,0.001284,172.31.47.0-255,66,103880,96,221646
17816,0.001314,74.125.24.0-255,1484,105364,96,221646
17817,0.001321,74.125.24.0-255,5738,111102,96,221646
17818,0.001323,172.31.47.0-255,66,111168,96,221646
17819,0.001334,172.31.47.0-255,66,111234,96,221646
17820,0.001353,74.125.24.0-255,2902,114136,96,221646
17821,0.001355,172.31.47.0-255,66,114202,96,221646
17822,0.001373,172.31.47.0-255,66,114268,96,221646
17823,0.001586,74.125.24.0-255,1484,115752,96,221646
17824,0.001602,74.125.24.0-255,2902,118654,96,221646
17825,0.001605,172.31.47.0-255,66,118720,96,221646
17826,0.001628,74.125.24.0-255,5738,124458,96,221646
17827,0.00163,172.31.47.0-255,66,124524,96,221646
17828,0.001632,74.125.24.0-255,1484,126008,96,221646
17829,0.001663,172.31.47.0-255,66,126074,96,221646
17830,0.001673,172.31.47.0-255,66,126140,96,221646
17831,0.002253,74.125.24.0-255,1484,127624,96,221646
17832,0.002265,74.125.24.0-255,1484,129108,96,221646
17833,0.002267,172.31.47.0-255,66,129174,96,221646
17834,0.002292,74.125.24.0-255,1484,130658,96,221646
17835,0.002298,74.125.24.0-255,5738,136396,96,221646
17836,0.0023,172.31.47.0-255,66,136462,96,221646
17837,0.002305,74.125.24.0-255,5738,142200,96,221646
17838,0.002307,172.31.47.0-255,66,142266,96,221646
17839,0.002334,74.125.24.0-255,7156,149422,96,221646
17840,0.002337,172.31.47.0-255,66,149488,96,221646
17841,0.002342,74.125.24.0-255,5738,155226,96,221646
17842,0.002344,172.31.47.0-255,66,155292,96,221646
17843,0.002367,74.125.24.0-255,2902,158194,96,221646
17844,0.002369,172.31.47.0-255,66,158260,96,221646
17845,0.002372,74.125.24.0-255,2184,160444,96,221646
17846,0.002377,172.31.47.0-255,66,160510,96,221646
17847,0.004704,74.125.24.0-255,1484,161994,96,221646
17848,0.004759,74.125.24.0-255,4320,166314,96,221646
17849,0.004762,172.31.47.0-255,66,166380,96,221646
17850,0.007073,74.125.24.0-255,4320,170700,96,221646
17851,0.007079,172.31.47.0-255,66,170766,96,221646
17852,0.007095,74.125.24.0-255,1484,172250,96,221646
17853,0.009401,74.125.24.0-255,4320,176570,96,221646
17854,0.009408,172.31.47.0-255,66,176636,96,221646
17855,0.011762,74.125.24.0-255,5738,182374,96,221646
17856,0.011768,172.31.47.0-255,66,182440,96,221646
17857,0.01412,74.125.24.0-255,4320,186760,96,221646
17858,0.014126,172.31.47.0-255,66,186826,96,221646
17859,0.014154,74.125.24.0-255,1484,188310,96,221646
17860,0.016476,74.125.24.0-255,4320,192630,96,221646
17861,0.016482,172.31.47.0-255,66,192696,96,221646
17862,0.018823,74.125.24.0-255,5738,198434,96,221646
17863,0.018829,172.31.47.0-255,66,198500,96,221646
17864,0.021177,74.125.24.0-255,5738,204238,96,221646
17865,0.021185,172.31.47.0-255,66,204304,96,221646
17866,0.023533,74.125.24.0-255,4320,208624,96,221646
17867,0.02354,172.31.47.0-255,66,208690,96,221646
17868,0.023569,74.125.24.0-255,1484,210174,96,221646
17869,0.025888,74.125.24.0-255,4320,214494,96,221646
17870,0.025894,172.31.47.0-255,66,214560,96,221646
17871,0.028257,74.125.24.0-255,5738,220298,96,221646
17872,0.028264,172.31.47.0-255,66,220364,96,221646
17873,0.02994,172.31.47.0-255,172,220536,96,221646
17874,0.029975,172.31.47.0-255,1110,221646,96,221646
17875,0.0,74.125.68.0-255,153,153,96,310444
17876,3.4e-05,172.31.47.0-255,66,219,96,310444
17877,6e-05,74.125.68.0-255,1484,1703,96,310444
17878,6.5e-05,172.31.47.0-255,66,1769,96,310444
17879,6.8e-05,74.125.68.0-255,1484,3253,96,310444
17880,7.1e-05,172.31.47.0-255,66,3319,96,310444
17881,7.5e-05,74.125.68.0-255,1484,4803,96,310444
17882,7.7e-05,172.31.47.0-255,66,4869,96,310444
17883,0.000109,74.125.68.0-255,1484,6353,96,310444
17884,0.000111,172.31.47.0-255,66,6419,96,310444
17885,0.000119,74.125.68.0-255,5738,12157,96,310444
17886,0.000122,172.31.47.0-255,66,12223,96,310444
17887,0.000128,74.125.68.0-255,2098,14321,96,310444
17888,0.000131,172.31.47.0-255,66,14387,96,310444
17889,0.000135,74.125.68.0-255,2902,17289,96,310444
17890,0.000137,172.31.47.0-255,66,17355,96,310444
17891,0.000179,74.125.68.0-255,7156,24511,96,310444
17892,0.000183,172.31.47.0-255,66,24577,96,310444
17893,0.000189,74.125.68.0-255,5738,30315,96,310444
17894,0.000191,172.31.47.0-255,66,30381,96,310444
17895,0.00021,74.125.68.0-255,1125,31506,96,310444
17896,0.000212,172.31.47.0-255,66,31572,96,310444
17897,0.000279,74.125.68.0-255,1484,33056,96,310444
17898,0.000283,172.31.47.0-255,66,33122,96,310444
17899,0.000308,74.125.68.0-255,2902,36024,96,310444
17900,0.000311,172.31.47.0-255,66,36090,96,310444
17901,0.000318,74.125.68.0-255,5738,41828,96,310444
17902,0.00032,172.31.47.0-255,66,41894,96,310444
17903,0.000324,74.125.68.0-255,2902,44796,96,310444
17904,0.000326,172.31.47.0-255,66,44862,96,310444
17905,0.000329,74.125.68.0-255,1484,46346,96,310444
17906,0.000331,172.31.47.0-255,66,46412,96,310444
17907,0.000352,74.125.68.0-255,2543,48955,96,310444
17908,0.000355,172.31.47.0-255,66,49021,96,310444
17909,0.000358,74.125.68.0-255,1484,50505,96,310444
17910,0.000395,74.125.68.0-255,7156,57661,96,310444
17911,0.000399,172.31.47.0-255,66,57727,96,310444
17912,0.000404,74.125.68.0-255,2902,60629,96,310444
17913,0.000405,172.31.47.0-255,66,60695,96,310444
17914,0.000436,74.125.68.0-255,5738,66433,96,310444
17915,0.00044,172.31.47.0-255,66,66499,96,310444
17916,0.000464,74.125.68.0-255,289,66788,96,310444
17917,0.000516,74.125.68.0-255,1484,68272,96,310444
17918,0.000519,172.31.47.0-255,66,68338,96,310444
17919,0.000546,74.125.68.0-255,2902,71240,96,310444
17920,0.000549,172.31.47.0-255,66,71306,96,310444
17921,0.000554,74.125.68.0-255,2902,74208,96,310444
17922,0.000556,172.31.47.0-255,66,74274,96,310444
17923,0.000575,74.125.68.0-255,2902,77176,96,310444
17924,0.000583,172.31.47.0-255,66,77242,96,310444
17925,0.000586,74.125.68.0-255,1484,78726,96,310444
17926,0.000616,74.125.68.0-255,2902,81628,96,310444
17927,0.000619,172.31.47.0-255,66,81694,96,310444
17928,0.000643,74.125.68.0-255,1992,83686,96,310444
17929,0.000645,172.31.47.0-255,66,83752,96,310444
17930,0.000723,74.125.68.0-255,1484,85236,96,310444
17931,0.000754,74.125.68.0-255,2902,88138,96,310444
17932,0.000758,172.31.47.0-255,66,88204,96,310444
17933,0.000783,74.125.68.0-255,4320,92524,96,310444
17934,0.000786,172.31.47.0-255,66,92590,96,310444
17935,0.00079,74.125.68.0-255,1484,94074,96,310444
17936,0.000812,74.125.68.0-255,4320,98394,96,310444
17937,0.000815,172.31.47.0-255,66,98460,96,310444
17938,0.000849,172.31.47.0-255,66,98526,96,310444
17939,0.000891,172.31.47.0-255,66,98592,96,310444
17940,0.000922,74.125.68.0-255,1484,100076,96,310444
17941,0.000939,74.125.68.0-255,2902,102978,96,310444
17942,0.000942,172.31.47.0-255,66,103044,96,310444
17943,0.000971,74.125.68.0-255,1484,104528,96,310444
17944,0.000987,74.125.68.0-255,2902,107430,96,310444
17945,0.000992,172.31.47.0-255,66,107496,96,310444
17946,0.001001,74.125.68.0-255,2902,110398,96,310444
17947,0.001003,172.31.47.0-255,66,110464,96,310444
17948,0.001028,74.125.68.0-255,2902,113366,96,310444
17949,0.001031,172.31.47.0-255,66,113432,96,310444
17950,0.001035,74.125.68.0-255,2543,115975,96,310444
17951,0.001037,172.31.47.0-255,66,116041,96,310444
17952,0.001124,74.125.68.0-255,1484,117525,96,310444
17953,0.001143,74.125.68.0-255,2902,120427,96,310444
17954,0.001147,172.31.47.0-255,66,120493,96,310444
17955,0.001152,74.125.68.0-255,2902,123395,96,310444
17956,0.001153,172.31.47.0-255,66,123461,96,310444
17957,0.001175,74.125.68.0-255,2902,126363,96,310444
17958,0.001178,172.31.47.0-255,66,126429,96,310444
17959,0.001182,74.125.68.0-255,1484,127913,96,310444
17960,0.001212,74.125.68.0-255,4320,132233,96,310444
17961,0.001215,172.31.47.0-255,66,132299,96,310444
17962,0.001252,74.125.68.0-255,1484,133783,96,310444
17963,0.001277,74.125.68.0-255,5738,139521,96,310444
17964,0.00128,172.31.47.0-255,66,139587,96,310444
17965,0.001286,74.125.68.0-255,4320,143907,96,310444
17966,0.001287,172.31.47.0-255,66,143973,96,310444
17967,0.001294,74.125.68.0-255,5738,149711,96,310444
17968,0.001296,172.31.47.0-255,66,149777,96,310444
17969,0.001298,74.125.68.0-255,766,150543,96,310444
17970,0.001419,74.125.68.0-255,1484,152027,96,310444
17971,0.001423,172.31.47.0-255,66,152093,96,310444
17972,0.001427,74.125.68.0-255,1484,153577,96,310444
17973,0.001447,74.125.68.0-255,1484,155061,96,310444
17974,0.00145,172.31.47.0-255,66,155127,96,310444
17975,0.001456,74.125.68.0-255,4320,159447,96,310444
17976,0.001458,172.31.47.0-255,66,159513,96,310444
17977,0.00148,74.125.68.0-255,2902,162415,96,310444
17978,0.001483,172.31.47.0-255,66,162481,96,310444
17979,0.001513,74.125.68.0-255,6797,169278,96,310444
17980,0.001516,172.31.47.0-255,66,169344,96,310444
17981,0.00152,74.125.68.0-255,2902,172246,96,310444
17982,0.001522,172.31.47.0-255,66,172312,96,310444
17983,0.001552,74.125.68.0-255,1484,173796,96,310444
17984,0.00158,172.31.47.0-255,66,173862,96,310444
17985,0.001613,172.31.47.0-255,66,173928,96,310444
17986,0.00164,74.125.68.0-255,1484,175412,96,310444
17987,0.001662,74.125.68.0-255,3602,179014,96,310444
17988,0.001665,172.31.47.0-255,66,179080,96,310444
17989,0.001736,74.125.68.0-255,1484,180564,96,310444
17990,0.001772,74.125.68.0-255,2902,183466,96,310444
17991,0.001776,172.31.47.0-255,66,183532,96,310444
17992,0.001802,74.125.68.0-255,5738,189270,96,310444
17993,0.001805,172.31.47.0-255,66,189336,96,310444
17994,0.001808,74.125.68.0-255,2902,192238,96,310444
17995,0.00181,172.31.47.0-255,66,192304,96,310444
17996,0.001814,74.125.68.0-255,4320,196624,96,310444
17997,0.001816,172.31.47.0-255,66,196690,96,310444
17998,0.001851,74.125.68.0-255,2902,199592,96,310444
17999,0.001855,172.31.47.0-255,66,199658,96,310444
18000,0.001879,74.125.68.0-255,2902,202560,96,310444
18001,0.001882,172.31.47.0-255,66,202626,96,310444
18002,0.001892,74.125.68.0-255,7156,209782,96,310444
18003,0.001894,172.31.47.0-255,66,209848,96,310444
18004,0.001921,74.125.68.0-255,3602,213450,96,310444
18005,0.001925,172.31.47.0-255,66,213516,96,310444
18006,0.002096,74.125.68.0-255,1484,215000,96,310444
18007,0.002102,74.125.68.0-255,2902,217902,96,310444
18008,0.002104,172.31.47.0-255,66,217968,96,310444
18009,0.00213,74.125.68.0-255,2902,220870,96,310444
18010,0.002132,172.31.47.0-255,66,220936,96,310444
18011,0.002153,74.125.68.0-255,1484,222420,96,310444
18012,0.00216,74.125.68.0-255,4320,226740,96,310444
18013,0.002162,172.31.47.0-255,66,226806,96,310444
18014,0.002187,74.125.68.0-255,2902,229708,96,310444
18015,0.00219,172.31.47.0-255,66,229774,96,310444
18016,0.00222,74.125.68.0-255,7156,236930,96,310444
18017,0.002223,172.31.47.0-255,66,236996,96,310444
18018,0.002227,74.125.68.0-255,1484,238480,96,310444
18019,0.002255,74.125.68.0-255,7156,245636,96,310444
18020,0.002258,172.31.47.0-255,66,245702,96,310444
18021,0.002262,74.125.68.0-255,2184,247886,96,310444
18022,0.002264,172.31.47.0-255,66,247952,96,310444
18023,0.004568,74.125.68.0-255,5738,253690,96,310444
18024,0.004583,172.31.47.0-255,66,253756,96,310444
18025,0.006897,74.125.68.0-255,5738,259494,96,310444
18026,0.006912,172.31.47.0-255,66,259560,96,310444
18027,0.009223,74.125.68.0-255,5738,265298,96,310444
18028,0.009241,172.31.47.0-255,66,265364,96,310444
18029,0.011544,74.125.68.0-255,5738,271102,96,310444
18030,0.011551,172.31.47.0-255,66,271168,96,310444
18031,0.013843,74.125.68.0-255,4320,275488,96,310444
18032,0.013846,172.31.47.0-255,66,275554,96,310444
18033,0.013867,74.125.68.0-255,1484,277038,96,310444
18034,0.016164,74.125.68.0-255,4320,281358,96,310444
18035,0.01618,172.31.47.0-255,66,281424,96,310444
18036,0.018508,74.125.68.0-255,5738,287162,96,310444
18037,0.018525,172.31.47.0-255,66,287228,96,310444
18038,0.020818,74.125.68.0-255,5738,292966,96,310444
18039,0.020827,172.31.47.0-255,66,293032,96,310444
18040,0.023158,74.125.68.0-255,5738,298770,96,310444
18041,0.023165,172.31.47.0-255,66,298836,96,310444
18042,0.025464,74.125.68.0-255,5738,304574,96,310444
18043,0.025474,172.31.47.0-255,66,304640,96,310444
18044,0.027791,74.125.68.0-255,5738,310378,96,310444
18045,0.027806,172.31.47.0-255,66,310444,96,310444
18046,0.0,74.125.24.0-255,298,298,96,226583
18047,2e-05,172.31.47.0-255,66,364,96,226583
18048,2.7e-05,74.125.24.0-255,1484,1848,96,226583
18049,3.1e-05,172.31.47.0-255,66,1914,96,226583
18050,4.7e-05,74.125.24.0-255,4320,6234,96,226583
18051,5.1e-05,172.31.47.0-255,66,6300,96,226583
18052,5.9e-05,74.125.24.0-255,7156,13456,96,226583
18053,6.1e-05,172.31.47.0-255,66,13522,96,226583
18054,6.4e-05,74.125.24.0-255,438,13960,96,226583
18055,6.6e-05,172.31.47.0-255,66,14026,96,226583
18056,0.000398,74.125.24.0-255,1484,15510,96,226583
18057,0.000404,172.31.47.0-255,66,15576,96,226583
18058,0.000411,74.125.24.0-255,2902,18478,96,226583
18059,0.000414,172.31.47.0-255,66,18544,96,226583
18060,0.000427,74.125.24.0-255,5738,24282,96,226583
18061,0.000429,172.31.47.0-255,66,24348,96,226583
18062,0.000457,74.125.24.0-255,6797,31145,96,226583
18063,0.000465,172.31.47.0-255,66,31211,96,226583
18064,0.000777,74.125.24.0-255,1484,32695,96,226583
18065,0.000783,172.31.47.0-255,66,32761,96,226583
18066,0.000789,74.125.24.0-255,2902,35663,96,226583
18067,0.000791,172.31.47.0-255,66,35729,96,226583
18068,0.000801,74.125.24.0-255,2902,38631,96,226583
18069,0.000803,172.31.47.0-255,66,38697,96,226583
18070,0.000843,74.125.24.0-255,2902,41599,96,226583
18071,0.000847,172.31.47.0-255,66,41665,96,226583
18072,0.000867,172.31.47.0-255,66,41731,96,226583
18073,0.000879,172.31.47.0-255,66,41797,96,226583
18074,0.001036,74.125.24.0-255,650,42447,96,226583
18075,0.001041,172.31.47.0-255,66,42513,96,226583
18076,0.001264,74.125.24.0-255,1484,43997,96,226583
18077,0.001271,74.125.24.0-255,2902,46899,96,226583
18078,0.001275,172.31.47.0-255,66,46965,96,226583
18079,0.001279,74.125.24.0-255,1484,48449,96,226583
18080,0.001307,74.125.24.0-255,4320,52769,96,226583
18081,0.001309,172.31.47.0-255,66,52835,96,226583
18082,0.001318,74.125.24.0-255,7156,59991,96,226583
18083,0.00132,172.31.47.0-255,66,60057,96,226583
18084,0.001327,74.125.24.0-255,1484,61541,96,226583
18085,0.001372,172.31.47.0-255,66,61607,96,226583
18086,0.001376,74.125.24.0-255,2184,63791,96,226583
18087,0.001378,172.31.47.0-255,66,63857,96,226583
18088,0.001428,74.125.24.0-255,1484,65341,96,226583
18089,0.001433,74.125.24.0-255,2902,68243,96,226583
18090,0.001435,172.31.47.0-255,66,68309,96,226583
18091,0.001441,74.125.24.0-255,5738,74047,96,226583
18092,0.001443,172.31.47.0-255,66,74113,96,226583
18093,0.001479,172.31.47.0-255,66,74179,96,226583
18094,0.001515,74.125.24.0-255,4320,78499,96,226583
18095,0.001518,172.31.47.0-255,66,78565,96,226583
18096,0.001556,172.31.47.0-255,66,78631,96,226583
18097,0.001712,74.125.24.0-255,1484,80115,96,226583
18098,0.001719,74.125.24.0-255,2902,83017,96,226583
18099,0.001723,172.31.47.0-255,66,83083,96,226583
18100,0.001753,74.125.24.0-255,5738,88821,96,226583
18101,0.001757,172.31.47.0-255,66,88887,96,226583
18102,0.001762,74.125.24.0-255,4320,93207,96,226583
18103,0.001764,172.31.47.0-255,66,93273,96,226583
18104,0.001775,74.125.24.0-255,4320,97593,96,226583
18105,0.001778,172.31.47.0-255,66,97659,96,226583
18106,0.001812,74.125.24.0-255,7156,104815,96,226583
18107,0.001815,172.31.47.0-255,66,104881,96,226583
18108,0.00183,172.31.47.0-255,66,104947,96,226583
18109,0.001954,74.125.24.0-255,1484,106431,96,226583
18110,0.00196,74.125.24.0-255,2902,109333,96,226583
18111,0.001963,172.31.47.0-255,66,109399,96,226583
18112,0.001997,74.125.24.0-255,5738,115137,96,226583
18113,0.002,172.31.47.0-255,66,115203,96,226583
18114,0.002005,74.125.24.0-255,2902,118105,96,226583
18115,0.002007,172.31.47.0-255,66,118171,96,226583
18116,0.002028,74.125.24.0-255,1484,119655,96,226583
18117,0.002059,172.31.47.0-255,66,119721,96,226583
18118,0.002071,172.31.47.0-255,66,119787,96,226583
18119,0.002084,74.125.24.0-255,766,120553,96,226583
18120,0.00222,74.125.24.0-255,1484,122037,96,226583
18121,0.002225,172.31.47.0-255,66,122103,96,226583
18122,0.00223,74.125.24.0-255,2902,125005,96,226583
18123,0.002232,172.31.47.0-255,66,125071,96,226583
18124,0.002237,74.125.24.0-255,2902,127973,96,226583
18125,0.002245,172.31.47.0-255,66,128039,96,226583
18126,0.002281,74.125.24.0-255,2902,130941,96,226583
18127,0.002285,172.31.47.0-255,66,131007,96,226583
18128,0.0023,172.31.47.0-255,66,131073,96,226583
18129,0.002344,172.31.47.0-255,66,131139,96,226583
18130,0.002433,74.125.24.0-255,1484,132623,96,226583
18131,0.002436,74.125.24.0-255,1484,134107,96,226583
18132,0.002441,172.31.47.0-255,66,134173,96,226583
18133,0.00245,74.125.24.0-255,1484,135657,96,226583
18134,0.00246,74.125.24.0-255,4320,139977,96,226583
18135,0.002462,172.31.47.0-255,66,140043,96,226583
18136,0.002491,74.125.24.0-255,1484,141527,96,226583
18137,0.002504,74.125.24.0-255,7156,148683,96,226583
18138,0.002507,172.31.47.0-255,66,148749,96,226583
18139,0.002528,172.31.47.0-255,66,148815,96,226583
18140,0.002532,74.125.24.0-255,2184,150999,96,226583
18141,0.002535,172.31.47.0-255,66,151065,96,226583
18142,0.002604,74.125.24.0-255,1484,152549,96,226583
18143,0.002617,74.125.24.0-255,2902,155451,96,226583
18144,0.00262,172.31.47.0-255,66,155517,96,226583
18145,0.00265,74.125.24.0-255,5738,161255,96,226583
18146,0.002653,172.31.47.0-255,66,161321,96,226583
18147,0.002688,74.125.24.0-255,7156,168477,96,226583
18148,0.002691,172.31.47.0-255,66,168543,96,226583
18149,0.005292,74.125.24.0-255,5738,174281,96,226583
18150,0.0053,172.31.47.0-255,66,174347,96,226583
18151,0.007898,74.125.24.0-255,5738,180085,96,226583
18152,0.007902,172.31.47.0-255,66,180151,96,226583
18153,0.010526,74.125.24.0-255,5738,185889,96,226583
18154,0.010532,172.31.47.0-255,66,185955,96,226583
18155,0.013148,74.125.24.0-255,5738,191693,96,226583
18156,0.013155,172.31.47.0-255,66,191759,96,226583
18157,0.015755,74.125.24.0-255,5738,197497,96,226583
18158,0.015763,172.31.47.0-255,66,197563,96,226583
18159,0.01839,74.125.24.0-255,5738,203301,96,226583
18160,0.018404,172.31.47.0-255,66,203367,96,226583
18161,0.020994,74.125.24.0-255,5738,209105,96,226583
18162,0.021002,172.31.47.0-255,66,209171,96,226583
18163,0.023632,74.125.24.0-255,5738,214909,96,226583
18164,0.023639,172.31.47.0-255,66,214975,96,226583
18165,0.026217,74.125.24.0-255,5738,220713,96,226583
18166,0.026223,172.31.47.0-255,66,220779,96,226583
18167,0.028837,74.125.24.0-255,5738,226517,96,226583
18168,0.028845,172.31.47.0-255,66,226583,96,226583
18169,0.0,74.125.24.0-255,153,153,96,207278
18170,2.9e-05,172.31.47.0-255,66,219,96,207278
18171,3.6e-05,74.125.24.0-255,1484,1703,96,207278
18172,4.1e-05,172.31.47.0-255,66,1769,96,207278
18173,4.6e-05,74.125.24.0-255,2902,4671,96,207278
18174,4.9e-05,172.31.47.0-255,66,4737,96,207278
18175,5.5e-05,74.125.24.0-255,7156,11893,96,207278
18176,5.8e-05,172.31.47.0-255,66,11959,96,207278
18177,7.2e-05,74.125.24.0-255,2902,14861,96,207278
18178,7.5e-05,172.31.47.0-255,66,14927,96,207278
18179,9.8e-05,172.31.47.0-255,66,14993,96,207278
18180,0.000118,74.125.24.0-255,1989,16982,96,207278
18181,0.00012,172.31.47.0-255,66,17048,96,207278
18182,0.000124,74.125.24.0-255,2543,19591,96,207278
18183,0.000126,172.31.47.0-255,66,19657,96,207278
18184,0.000167,74.125.24.0-255,2902,22559,96,207278
18185,0.00017,172.31.47.0-255,66,22625,96,207278
18186,0.000176,74.125.24.0-255,4320,26945,96,207278
18187,0.000178,172.31.47.0-255,66,27011,96,207278
18188,0.000211,172.31.47.0-255,66,27077,96,207278
18189,0.000225,74.125.24.0-255,2902,29979,96,207278
18190,0.000228,172.31.47.0-255,66,30045,96,207278
18191,0.000265,172.31.47.0-255,66,30111,96,207278
18192,0.001375,74.125.24.0-255,646,30757,96,207278
18193,0.001383,172.31.47.0-255,66,30823,96,207278
18194,0.001749,74.125.24.0-255,1484,32307,96,207278
18195,0.001753,172.31.47.0-255,66,32373,96,207278
18196,0.001759,74.125.24.0-255,2902,35275,96,207278
18197,0.001761,172.31.47.0-255,66,35341,96,207278
18198,0.001775,74.125.24.0-255,5738,41079,96,207278
18199,0.001777,172.31.47.0-255,66,41145,96,207278
18200,0.00178,74.125.24.0-255,1484,42629,96,207278
18201,0.001809,74.125.24.0-255,7156,49785,96,207278
18202,0.001811,172.31.47.0-255,66,49851,96,207278
18203,0.001847,74.125.24.0-255,1484,51335,96,207278
18204,0.001874,172.31.47.0-255,66,51401,96,207278
18205,0.001895,74.125.24.0-255,1484,52885,96,207278
18206,0.001907,74.125.24.0-255,2902,55787,96,207278
18207,0.001909,172.31.47.0-255,66,55853,96,207278
18208,0.001911,74.125.24.0-255,1484,57337,96,207278
18209,0.00193,74.125.24.0-255,4320,61657,96,207278
18210,0.001932,172.31.47.0-255,66,61723,96,207278
18211,0.001935,74.125.24.0-255,2902,64625,96,207278
18212,0.001936,172.31.47.0-255,66,64691,96,207278
18213,0.001952,74.125.24.0-255,7156,71847,96,207278
18214,0.001954,172.31.47.0-255,66,71913,96,207278
18215,0.001974,74.125.24.0-255,2902,74815,96,207278
18216,0.001976,172.31.47.0-255,66,74881,96,207278
18217,0.002005,172.31.47.0-255,66,74947,96,207278
18218,0.002027,74.125.24.0-255,5738,80685,96,207278
18219,0.002029,172.31.47.0-255,66,80751,96,207278
18220,0.002048,74.125.24.0-255,5738,86489,96,207278
18221,0.00205,172.31.47.0-255,66,86555,96,207278
18222,0.002052,74.125.24.0-255,1484,88039,96,207278
18223,0.002069,74.125.24.0-255,1484,89523,96,207278
18224,0.002071,172.31.47.0-255,66,89589,96,207278
18225,0.002088,74.125.24.0-255,1484,91073,96,207278
18226,0.002122,74.125.24.0-255,1484,92557,96,207278
18227,0.002124,74.125.24.0-255,2184,94741,96,207278
18228,0.002138,172.31.47.0-255,66,94807,96,207278
18229,0.002142,172.31.47.0-255,66,94873,96,207278
18230,0.002721,74.125.24.0-255,1484,96357,96,207278
18231,0.002745,74.125.24.0-255,2902,99259,96,207278
18232,0.002749,172.31.47.0-255,66,99325,96,207278
18233,0.002755,74.125.24.0-255,5738,105063,96,207278
18234,0.002757,172.31.47.0-255,66,105129,96,207278
18235,0.002762,74.125.24.0-255,4320,109449,96,207278
18236,0.002764,172.31.47.0-255,66,109515,96,207278
18237,0.002792,172.31.47.0-255,66,109581,96,207278
18238,0.002809,74.125.24.0-255,2902,112483,96,207278
18239,0.002812,172.31.47.0-255,66,112549,96,207278
18240,0.002821,172.31.47.0-255,66,112615,96,207278
18241,0.002963,74.125.24.0-255,1484,114099,96,207278
18242,0.002968,74.125.24.0-255,2902,117001,96,207278
18243,0.002971,172.31.47.0-255,66,117067,96,207278
18244,0.002977,74.125.24.0-255,5738,122805,96,207278
18245,0.002979,172.31.47.0-255,66,122871,96,207278
18246,0.003023,172.31.47.0-255,66,122937,96,207278
18247,0.003061,74.125.24.0-255,5738,128675,96,207278
18248,0.003063,172.31.47.0-255,66,128741,96,207278
18249,0.003082,74.125.24.0-255,5020,133761,96,207278
18250,0.003084,172.31.47.0-255,66,133827,96,207278
18251,0.003118,74.125.24.0-255,1484,135311,96,207278
18252,0.00313,74.125.24.0-255,2902,138213,96,207278
18253,0.003133,172.31.47.0-255,66,138279,96,207278
18254,0.003137,74.125.24.0-255,2902,141181,96,207278
18255,0.003139,172.31.47.0-255,66,141247,96,207278
18256,0.003156,74.125.24.0-255,2902,144149,96,207278
18257,0.003158,172.31.47.0-255,66,144215,96,207278
18258,0.003169,74.125.24.0-255,7156,151371,96,207278
18259,0.003171,172.31.47.0-255,66,151437,96,207278
18260,0.003175,74.125.24.0-255,2902,154339,96,207278
18261,0.003177,172.31.47.0-255,66,154405,96,207278
18262,0.003211,172.31.47.0-255,66,154471,96,207278
18263,0.003215,74.125.24.0-255,2184,156655,96,207278
18264,0.003216,172.31.47.0-255,66,156721,96,207278
18265,0.003228,74.125.24.0-255,2902,159623,96,207278
18266,0.00323,172.31.47.0-255,66,159689,96,207278
18267,0.003254,74.125.24.0-255,2902,162591,96,207278
18268,0.003256,172.31.47.0-255,66,162657,96,207278
18269,0.003271,74.125.24.0-255,2902,165559,96,207278
18270,0.003274,172.31.47.0-255,66,165625,96,207278
18271,0.00328,74.125.24.0-255,7156,172781,96,207278
18272,0.003282,172.31.47.0-255,66,172847,96,207278
18273,0.0033,74.125.24.0-255,2902,175749,96,207278
18274,0.003302,172.31.47.0-255,66,175815,96,207278
18275,0.003339,172.31.47.0-255,66,175881,96,207278
18276,0.003344,74.125.24.0-255,3602,179483,96,207278
18277,0.003346,172.31.47.0-255,66,179549,96,207278
18278,0.003352,74.125.24.0-255,5738,185287,96,207278
18279,0.003355,172.31.47.0-255,66,185353,96,207278
18280,0.003393,172.31.47.0-255,66,185419,96,207278
18281,0.003406,172.31.47.0-255,66,185485,96,207278
18282,0.003447,172.31.47.0-255,66,185551,96,207278
18283,0.003452,74.125.24.0-255,4320,189871,96,207278
18284,0.003454,172.31.47.0-255,66,189937,96,207278
18285,0.003478,172.31.47.0-255,66,190003,96,207278
18286,0.00348,74.125.24.0-255,766,190769,96,207278
18287,0.003494,74.125.24.0-255,2902,193671,96,207278
18288,0.003496,172.31.47.0-255,66,193737,96,207278
18289,0.003511,74.125.24.0-255,7156,200893,96,207278
18290,0.003513,172.31.47.0-255,66,200959,96,207278
18291,0.003537,172.31.47.0-255,66,201025,96,207278
18292,0.00355,172.31.47.0-255,66,201091,96,207278
18293,0.003553,74.125.24.0-255,1484,202575,96,207278
18294,0.003576,172.31.47.0-255,66,202641,96,207278
18295,0.003629,74.125.24.0-255,105,202746,96,207278
18296,0.005407,172.31.47.0-255,66,202812,96,207278
18297,0.005454,172.31.47.0-255,105,202917,96,207278
18298,0.007466,74.125.24.0-255,66,202983,96,207278
18299,0.025421,172.31.47.0-255,172,203155,96,207278
18300,0.025451,172.31.47.0-255,1109,204264,96,207278
18301,0.025491,172.31.47.0-255,1514,205778,96,207278
18302,0.025493,172.31.47.0-255,1302,207080,96,207278
18303,0.026941,104.244.42.0-255,66,207146,96,207278
18304,0.027,104.244.42.0-255,66,207212,96,207278
18305,0.027003,104.244.42.0-255,66,207278,96,207278
18306,0.0,172.217.194.0-255,158,158,96,140691
18307,1.5e-05,172.31.47.0-255,66,224,96,140691
18308,2e-05,172.217.194.0-255,1484,1708,96,140691
18309,2.4e-05,172.31.47.0-255,66,1774,96,140691
18310,2.8e-05,172.217.194.0-255,1484,3258,96,140691
18311,3e-05,172.31.47.0-255,66,3324,96,140691
18312,6.7e-05,172.217.194.0-255,1484,4808,96,140691
18313,7e-05,172.31.47.0-255,66,4874,96,140691
18314,7.8e-05,172.217.194.0-255,7156,12030,96,140691
18315,8e-05,172.31.47.0-255,66,12096,96,140691
18316,9.3e-05,172.31.47.0-255,66,12162,96,140691
18317,0.000128,172.217.194.0-255,6797,18959,96,140691
18318,0.000131,172.31.47.0-255,66,19025,96,140691
18319,0.000156,172.217.194.0-255,1484,20509,96,140691
18320,0.000158,172.31.47.0-255,66,20575,96,140691
18321,0.000163,172.217.194.0-255,2902,23477,96,140691
18322,0.000165,172.31.47.0-255,66,23543,96,140691
18323,0.000194,172.217.194.0-255,5738,29281,96,140691
18324,0.000197,172.31.47.0-255,66,29347,96,140691
18325,0.000249,172.31.47.0-255,66,29413,96,140691
18326,0.000288,172.31.47.0-255,66,29479,96,140691
18327,0.000291,172.217.194.0-255,98,29577,96,140691
18328,0.000294,172.31.47.0-255,66,29643,96,140691
18329,0.00033,172.217.194.0-255,364,30007,96,140691
18330,0.000333,172.31.47.0-255,66,30073,96,140691
18331,0.000527,172.217.194.0-255,1484,31557,96,140691
18332,0.00053,172.217.194.0-255,1484,33041,96,140691
18333,0.000531,172.31.47.0-255,66,33107,96,140691
18334,0.000535,172.31.47.0-255,66,33173,96,140691
18335,0.000564,172.217.194.0-255,1484,34657,96,140691
18336,0.000578,172.217.194.0-255,5738,40395,96,140691
18337,0.000581,172.31.47.0-255,66,40461,96,140691
18338,0.000589,172.217.194.0-255,7156,47617,96,140691
18339,0.000591,172.31.47.0-255,66,47683,96,140691
18340,0.000605,172.31.47.0-255,66,47749,96,140691
18341,0.000609,172.217.194.0-255,2184,49933,96,140691
18342,0.000612,172.31.47.0-255,66,49999,96,140691
18343,0.00079,172.217.194.0-255,1484,51483,96,140691
18344,0.000796,172.217.194.0-255,2902,54385,96,140691
18345,0.0008,172.31.47.0-255,66,54451,96,140691
18346,0.000805,172.217.194.0-255,2902,57353,96,140691
18347,0.000807,172.31.47.0-255,66,57419,96,140691
18348,0.000826,172.217.194.0-255,2902,60321,96,140691
18349,0.000829,172.31.47.0-255,66,60387,96,140691
18350,0.000845,172.31.47.0-255,66,60453,96,140691
18351,0.000868,172.217.194.0-255,4320,64773,96,140691
18352,0.000871,172.31.47.0-255,66,64839,96,140691
18353,0.000884,172.31.47.0-255,66,64905,96,140691
18354,0.001137,172.217.194.0-255,1484,66389,96,140691
18355,0.001144,172.217.194.0-255,2902,69291,96,140691
18356,0.001147,172.31.47.0-255,66,69357,96,140691
18357,0.001152,172.217.194.0-255,2902,72259,96,140691
18358,0.001154,172.31.47.0-255,66,72325,96,140691
18359,0.001174,172.217.194.0-255,2902,75227,96,140691
18360,0.001177,172.31.47.0-255,66,75293,96,140691
18361,0.001189,172.217.194.0-255,7156,82449,96,140691
18362,0.001192,172.31.47.0-255,66,82515,96,140691
18363,0.001197,172.217.194.0-255,5738,88253,96,140691
18364,0.0012,172.31.47.0-255,66,88319,96,140691
18365,0.001234,172.31.47.0-255,66,88385,96,140691
18366,0.001238,172.217.194.0-255,2184,90569,96,140691
18367,0.00124,172.31.47.0-255,66,90635,96,140691
18368,0.001269,172.217.194.0-255,1484,92119,96,140691
18369,0.001303,172.31.47.0-255,66,92185,96,140691
18370,0.001308,172.217.194.0-255,4320,96505,96,140691
18371,0.00131,172.31.47.0-255,66,96571,96,140691
18372,0.001349,172.31.47.0-255,66,96637,96,140691
18373,0.001353,172.217.194.0-255,2184,98821,96,140691
18374,0.001355,172.31.47.0-255,66,98887,96,140691
18375,0.001473,172.217.194.0-255,1484,100371,96,140691
18376,0.001478,172.217.194.0-255,2902,103273,96,140691
18377,0.001481,172.31.47.0-255,66,103339,96,140691
18378,0.001488,172.217.194.0-255,5738,109077,96,140691
18379,0.00149,172.31.47.0-255,66,109143,96,140691
18380,0.001512,172.217.194.0-255,5738,114881,96,140691
18381,0.001515,172.31.47.0-255,66,114947,96,140691
18382,0.001551,172.217.194.0-255,7156,122103,96,140691
18383,0.001555,172.31.47.0-255,66,122169,96,140691
18384,0.001566,172.31.47.0-255,66,122235,96,140691
18385,0.001621,172.217.194.0-255,1484,123719,96,140691
18386,0.001625,172.217.194.0-255,2902,126621,96,140691
18387,0.001628,172.31.47.0-255,66,126687,96,140691
18388,0.001635,172.217.194.0-255,5738,132425,96,140691
18389,0.001637,172.31.47.0-255,66,132491,96,140691
18390,0.001652,172.31.47.0-255,66,132557,96,140691
18391,0.001692,172.217.194.0-255,2902,135459,96,140691
18392,0.001695,172.31.47.0-255,66,135525,96,140691
18393,0.001707,172.31.47.0-255,66,135591,96,140691
18394,0.001741,172.31.47.0-255,66,135657,96,140691
18395,0.001757,172.31.47.0-255,66,135723,96,140691
18396,0.001773,172.31.47.0-255,66,135789,96,140691
18397,0.001819,172.31.47.0-255,66,135855,96,140691
18398,0.001861,172.31.47.0-255,66,135921,96,140691
18399,0.001875,172.31.47.0-255,66,135987,96,140691
18400,0.00193,172.31.47.0-255,66,136053,96,140691
18401,0.001942,172.31.47.0-255,66,136119,96,140691
18402,0.001954,172.31.47.0-255,66,136185,96,140691
18403,0.002012,172.31.47.0-255,66,136251,96,140691
18404,0.002015,172.217.194.0-255,105,136356,96,140691
18405,0.007443,172.31.47.0-255,66,136422,96,140691
18406,0.007466,172.31.47.0-255,105,136527,96,140691
18407,0.009707,172.217.194.0-255,66,136593,96,140691
18408,0.029097,172.31.47.0-255,171,136764,96,140691
18409,0.029125,172.31.47.0-255,1134,137898,96,140691
18410,0.029173,172.31.47.0-255,1514,139412,96,140691
18411,0.029175,172.31.47.0-255,1279,140691,96,140691
18412,0.0,74.125.24.0-255,153,153,96,263216
18413,3.2e-05,172.31.47.0-255,66,219,96,263216
18414,3.9e-05,74.125.24.0-255,1484,1703,96,263216
18415,4.3e-05,172.31.47.0-255,66,1769,96,263216
18416,4.8e-05,74.125.24.0-255,2902,4671,96,263216
18417,5.2e-05,172.31.47.0-255,66,4737,96,263216
18418,7.8e-05,74.125.24.0-255,7156,11893,96,263216
18419,8.4e-05,172.31.47.0-255,66,11959,96,263216
18420,0.000105,74.125.24.0-255,2161,14120,96,263216
18421,0.000108,172.31.47.0-255,66,14186,96,263216
18422,0.000217,74.125.24.0-255,1484,15670,96,263216
18423,0.000222,172.31.47.0-255,66,15736,96,263216
18424,0.000228,74.125.24.0-255,2902,18638,96,263216
18425,0.00023,172.31.47.0-255,66,18704,96,263216
18426,0.000241,74.125.24.0-255,1484,20188,96,263216
18427,0.000244,172.31.47.0-255,66,20254,96,263216
18428,0.000261,74.125.24.0-255,4320,24574,96,263216
18429,0.000264,172.31.47.0-255,66,24640,96,263216
18430,0.000302,74.125.24.0-255,6797,31437,96,263216
18431,0.000307,172.31.47.0-255,66,31503,96,263216
18432,0.000334,74.125.24.0-255,7156,38659,96,263216
18433,0.000339,172.31.47.0-255,66,38725,96,263216
18434,0.000359,74.125.24.0-255,2902,41627,96,263216
18435,0.000362,172.31.47.0-255,66,41693,96,263216
18436,0.000384,74.125.24.0-255,6797,48490,96,263216
18437,0.000388,172.31.47.0-255,66,48556,96,263216
18438,0.000408,74.125.24.0-255,1484,50040,96,263216
18439,0.00041,172.31.47.0-255,66,50106,96,263216
18440,0.000433,74.125.24.0-255,2902,53008,96,263216
18441,0.000436,172.31.47.0-255,66,53074,96,263216
18442,0.000443,74.125.24.0-255,5738,58812,96,263216
18443,0.000445,172.31.47.0-255,66,58878,96,263216
18444,0.000485,74.125.24.0-255,6797,65675,96,263216
18445,0.000489,172.31.47.0-255,66,65741,96,263216
18446,0.000507,74.125.24.0-255,645,66386,96,263216
18447,0.000694,74.125.24.0-255,1484,67870,96,263216
18448,0.000698,172.31.47.0-255,66,67936,96,263216
18449,0.000704,74.125.24.0-255,2902,70838,96,263216
18450,0.000706,172.31.47.0-255,66,70904,96,263216
18451,0.000709,74.125.24.0-255,1484,72388,96,263216
18452,0.000735,74.125.24.0-255,4320,76708,96,263216
18453,0.000739,172.31.47.0-255,66,76774,96,263216
18454,0.000763,74.125.24.0-255,6249,83023,96,263216
18455,0.000765,172.31.47.0-255,66,83089,96,263216
18456,0.001093,74.125.24.0-255,1484,84573,96,263216
18457,0.001101,74.125.24.0-255,1484,86057,96,263216
18458,0.001104,172.31.47.0-255,66,86123,96,263216
18459,0.001118,74.125.24.0-255,1484,87607,96,263216
18460,0.001125,74.125.24.0-255,5738,93345,96,263216
18461,0.001128,172.31.47.0-255,66,93411,96,263216
18462,0.001132,74.125.24.0-255,2902,96313,96,263216
18463,0.001134,172.31.47.0-255,66,96379,96,263216
18464,0.001162,172.31.47.0-255,66,96445,96,263216
18465,0.001166,74.125.24.0-255,2902,99347,96,263216
18466,0.001168,172.31.47.0-255,66,99413,96,263216
18467,0.001189,74.125.24.0-255,7156,106569,96,263216
18468,0.001191,172.31.47.0-255,66,106635,96,263216
18469,0.001194,74.125.24.0-255,766,107401,96,263216
18470,0.001381,74.125.24.0-255,1484,108885,96,263216
18471,0.001385,172.31.47.0-255,66,108951,96,263216
18472,0.00139,74.125.24.0-255,2902,111853,96,263216
18473,0.001392,172.31.47.0-255,66,111919,96,263216
18474,0.001404,74.125.24.0-255,2902,114821,96,263216
18475,0.001406,172.31.47.0-255,66,114887,96,263216
18476,0.001429,74.125.24.0-255,2902,117789,96,263216
18477,0.001432,172.31.47.0-255,66,117855,96,263216
18478,0.001447,74.125.24.0-255,5738,123593,96,263216
18479,0.001449,172.31.47.0-255,66,123659,96,263216
18480,0.001467,74.125.24.0-255,7156,130815,96,263216
18481,0.001468,172.31.47.0-255,66,130881,96,263216
18482,0.001476,74.125.24.0-255,7156,138037,96,263216
18483,0.001477,172.31.47.0-255,66,138103,96,263216
18484,0.001499,74.125.24.0-255,3602,141705,96,263216
18485,0.0015,172.31.47.0-255,66,141771,96,263216
18486,0.001793,74.125.24.0-255,1484,143255,96,263216
18487,0.0018,74.125.24.0-255,2902,146157,96,263216
18488,0.001805,172.31.47.0-255,66,146223,96,263216
18489,0.001841,74.125.24.0-255,5738,151961,96,263216
18490,0.001843,172.31.47.0-255,66,152027,96,263216
18491,0.001846,74.125.24.0-255,1484,153511,96,263216
18492,0.00187,172.31.47.0-255,66,153577,96,263216
18493,0.001876,74.125.24.0-255,5738,159315,96,263216
18494,0.001877,172.31.47.0-255,66,159381,96,263216
18495,0.001891,74.125.24.0-255,4320,163701,96,263216
18496,0.001892,172.31.47.0-255,66,163767,96,263216
18497,0.001895,74.125.24.0-255,766,164533,96,263216
18498,0.001969,74.125.24.0-255,1484,166017,96,263216
18499,0.001972,172.31.47.0-255,66,166083,96,263216
18500,0.00199,74.125.24.0-255,2902,168985,96,263216
18501,0.001992,172.31.47.0-255,66,169051,96,263216
18502,0.001997,74.125.24.0-255,4320,173371,96,263216
18503,0.001999,172.31.47.0-255,66,173437,96,263216
18504,0.002009,74.125.24.0-255,1484,174921,96,263216
18505,0.002013,74.125.24.0-255,2902,177823,96,263216
18506,0.002015,172.31.47.0-255,66,177889,96,263216
18507,0.002027,74.125.24.0-255,4320,182209,96,263216
18508,0.002029,172.31.47.0-255,66,182275,96,263216
18509,0.002046,74.125.24.0-255,2902,185177,96,263216
18510,0.002048,172.31.47.0-255,66,185243,96,263216
18511,0.002071,172.31.47.0-255,66,185309,96,263216
18512,0.002074,74.125.24.0-255,2184,187493,96,263216
18513,0.002076,172.31.47.0-255,66,187559,96,263216
18514,0.002108,74.125.24.0-255,1484,189043,96,263216
18515,0.002134,172.31.47.0-255,66,189109,96,263216
18516,0.002153,74.125.24.0-255,1484,190593,96,263216
18517,0.002167,172.31.47.0-255,66,190659,96,263216
18518,0.002184,74.125.24.0-255,2184,192843,96,263216
18519,0.002186,172.31.47.0-255,66,192909,96,263216
18520,0.002438,74.125.24.0-255,1484,194393,96,263216
18521,0.002441,74.125.24.0-255,1484,195877,96,263216
18522,0.002443,172.31.47.0-255,66,195943,96,263216
18523,0.002457,74.125.24.0-255,1484,197427,96,263216
18524,0.002462,74.125.24.0-255,4320,201747,96,263216
18525,0.002464,172.31.47.0-255,66,201813,96,263216
18526,0.002499,74.125.24.0-255,1484,203297,96,263216
18527,0.002507,172.31.47.0-255,66,203363,96,263216
18528,0.002578,172.31.47.0-255,66,203429,96,263216
18529,0.002583,74.125.24.0-255,5738,209167,96,263216
18530,0.002585,172.31.47.0-255,66,209233,96,263216
18531,0.002606,172.31.47.0-255,66,209299,96,263216
18532,0.002611,74.125.24.0-255,7156,216455,96,263216
18533,0.002613,172.31.47.0-255,66,216521,96,263216
18534,0.002648,74.125.24.0-255,2902,219423,96,263216
18535,0.00265,172.31.47.0-255,66,219489,96,263216
18536,0.002675,172.31.47.0-255,66,219555,96,263216
18537,0.002679,74.125.24.0-255,5738,225293,96,263216
18538,0.002681,172.31.47.0-255,66,225359,96,263216
18539,0.002695,74.125.24.0-255,7156,232515,96,263216
18540,0.002697,172.31.47.0-255,66,232581,96,263216
18541,0.002735,172.31.47.0-255,66,232647,96,263216
18542,0.002744,172.31.47.0-255,66,232713,96,263216
18543,0.002773,74.125.24.0-255,7156,239869,96,263216
18544,0.002775,172.31.47.0-255,66,239935,96,263216
18545,0.002792,172.31.47.0-255,66,240001,96,263216
18546,0.002814,172.31.47.0-255,66,240067,96,263216
18547,0.002818,74.125.24.0-255,3602,243669,96,263216
18548,0.00282,172.31.47.0-255,66,243735,96,263216
18549,0.002952,74.125.24.0-255,1484,245219,96,263216
18550,0.002978,74.125.24.0-255,2902,248121,96,263216
18551,0.00298,172.31.47.0-255,66,248187,96,263216
18552,0.002995,74.125.24.0-255,4320,252507,96,263216
18553,0.002996,172.31.47.0-255,66,252573,96,263216
18554,0.003028,172.31.47.0-255,66,252639,96,263216
18555,0.003031,74.125.24.0-255,2902,255541,96,263216
18556,0.003033,172.31.47.0-255,66,255607,96,263216
18557,0.003035,74.125.24.0-255,1484,257091,96,263216
18558,0.003088,74.125.24.0-255,2902,259993,96,263216
18559,0.00309,172.31.47.0-255,66,260059,96,263216
18560,0.003101,74.125.24.0-255,2749,262808,96,263216
18561,0.003102,172.31.47.0-255,66,262874,96,263216
18562,0.003105,74.125.24.0-255,105,262979,96,263216
18563,0.006295,172.31.47.0-255,66,263045,96,263216
18564,0.006329,172.31.47.0-255,105,263150,96,263216
18565,0.008902,74.125.24.0-255,66,263216,96,263216
18566,0.0,172.31.47.0-255,66,66,96,66
18567,0.0,172.217.194.0-255,153,153,96,231891
18568,2.4e-05,172.31.47.0-255,66,219,96,231891
18569,3e-05,172.217.194.0-255,1484,1703,96,231891
18570,3.4e-05,172.31.47.0-255,66,1769,96,231891
18571,3.8e-05,172.217.194.0-255,2902,4671,96,231891
18572,4e-05,172.31.47.0-255,66,4737,96,231891
18573,4.3e-05,172.217.194.0-255,1484,6221,96,231891
18574,4.5e-05,172.31.47.0-255,66,6287,96,231891
18575,6.6e-05,172.217.194.0-255,5738,12025,96,231891
18576,6.9e-05,172.31.47.0-255,66,12091,96,231891
18577,7.4e-05,172.217.194.0-255,4320,16411,96,231891
18578,7.6e-05,172.31.47.0-255,66,16477,96,231891
18579,9.9e-05,172.217.194.0-255,6425,22902,96,231891
18580,0.000101,172.31.47.0-255,66,22968,96,231891
18581,0.00013,172.31.47.0-255,66,23034,96,231891
18582,0.0002,172.217.194.0-255,1484,24518,96,231891
18583,0.000203,172.31.47.0-255,66,24584,96,231891
18584,0.000215,172.217.194.0-255,2902,27486,96,231891
18585,0.000217,172.31.47.0-255,66,27552,96,231891
18586,0.000233,172.217.194.0-255,5738,33290,96,231891
18587,0.000236,172.31.47.0-255,66,33356,96,231891
18588,0.000269,172.217.194.0-255,2902,36258,96,231891
18589,0.000272,172.31.47.0-255,66,36324,96,231891
18590,0.000305,172.31.47.0-255,66,36390,96,231891
18591,0.000312,172.217.194.0-255,5738,42128,96,231891
18592,0.000314,172.31.47.0-255,66,42194,96,231891
18593,0.000345,172.217.194.0-255,3961,46155,96,231891
18594,0.000348,172.31.47.0-255,66,46221,96,231891
18595,0.000619,172.217.194.0-255,645,46866,96,231891
18596,0.000625,172.31.47.0-255,66,46932,96,231891
18597,0.000692,172.217.194.0-255,1484,48416,96,231891
18598,0.000696,172.217.194.0-255,1484,49900,96,231891
18599,0.0007,172.31.47.0-255,66,49966,96,231891
18600,0.000712,172.217.194.0-255,1484,51450,96,231891
18601,0.000718,172.217.194.0-255,5738,57188,96,231891
18602,0.000721,172.31.47.0-255,66,57254,96,231891
18603,0.000743,172.217.194.0-255,5738,62992,96,231891
18604,0.000746,172.31.47.0-255,66,63058,96,231891
18605,0.000764,172.217.194.0-255,7156,70214,96,231891
18606,0.000766,172.31.47.0-255,66,70280,96,231891
18607,0.000775,172.31.47.0-255,66,70346,96,231891
18608,0.00081,172.217.194.0-255,2184,72530,96,231891
18609,0.000812,172.31.47.0-255,66,72596,96,231891
18610,0.000815,172.217.194.0-255,2902,75498,96,231891
18611,0.000816,172.31.47.0-255,66,75564,96,231891
18612,0.000833,172.217.194.0-255,7156,82720,96,231891
18613,0.000835,172.31.47.0-255,66,82786,96,231891
18614,0.000858,172.217.194.0-255,5738,88524,96,231891
18615,0.000861,172.31.47.0-255,66,88590,96,231891
18616,0.000886,172.31.47.0-255,66,88656,96,231891
18617,0.000906,172.217.194.0-255,4320,92976,96,231891
18618,0.000908,172.31.47.0-255,66,93042,96,231891
18619,0.000931,172.217.194.0-255,5020,98062,96,231891
18620,0.000934,172.31.47.0-255,66,98128,96,231891
18621,0.000943,172.31.47.0-255,66,98194,96,231891
18622,0.000981,172.31.47.0-255,66,98260,96,231891
18623,0.000999,172.217.194.0-255,1484,99744,96,231891
18624,0.001002,172.217.194.0-255,1484,101228,96,231891
18625,0.001004,172.31.47.0-255,66,101294,96,231891
18626,0.001027,172.217.194.0-255,3602,104896,96,231891
18627,0.00103,172.31.47.0-255,66,104962,96,231891
18628,0.001035,172.217.194.0-255,5738,110700,96,231891
18629,0.001037,172.31.47.0-255,66,110766,96,231891
18630,0.001042,172.217.194.0-255,4320,115086,96,231891
18631,0.001044,172.31.47.0-255,66,115152,96,231891
18632,0.001075,172.31.47.0-255,66,115218,96,231891
18633,0.001084,172.31.47.0-255,66,115284,96,231891
18634,0.001107,172.217.194.0-255,2184,117468,96,231891
18635,0.00111,172.31.47.0-255,66,117534,96,231891
18636,0.001134,172.217.194.0-255,2902,120436,96,231891
18637,0.001136,172.31.47.0-255,66,120502,96,231891
18638,0.001139,172.217.194.0-255,1484,121986,96,231891
18639,0.00116,172.217.194.0-255,5738,127724,96,231891
18640,0.001163,172.31.47.0-255,66,127790,96,231891
18641,0.001168,172.217.194.0-255,5738,133528,96,231891
18642,0.00117,172.31.47.0-255,66,133594,96,231891
18643,0.001173,172.217.194.0-255,2902,136496,96,231891
18644,0.001175,172.31.47.0-255,66,136562,96,231891
18645,0.001212,172.31.47.0-255,66,136628,96,231891
18646,0.001217,172.217.194.0-255,3602,140230,96,231891
18647,0.001218,172.31.47.0-255,66,140296,96,231891
18648,0.001353,172.217.194.0-255,1484,141780,96,231891
18649,0.001372,172.217.194.0-255,2902,144682,96,231891
18650,0.001375,172.31.47.0-255,66,144748,96,231891
18651,0.001379,172.217.194.0-255,2902,147650,96,231891
18652,0.001381,172.31.47.0-255,66,147716,96,231891
18653,0.001396,172.217.194.0-255,2902,150618,96,231891
18654,0.001398,172.31.47.0-255,66,150684,96,231891
18655,0.001403,172.217.194.0-255,4320,155004,96,231891
18656,0.001404,172.31.47.0-255,66,155070,96,231891
18657,0.001444,172.31.47.0-255,66,155136,96,231891
18658,0.001454,172.31.47.0-255,66,155202,96,231891
18659,0.001457,172.217.194.0-255,2184,157386,96,231891
18660,0.001459,172.31.47.0-255,66,157452,96,231891
18661,0.001499,172.217.194.0-255,2902,160354,96,231891
18662,0.001502,172.31.47.0-255,66,160420,96,231891
18663,0.001507,172.217.194.0-255,4320,164740,96,231891
18664,0.001509,172.31.47.0-255,66,164806,96,231891
18665,0.001522,172.217.194.0-255,2902,167708,96,231891
18666,0.001524,172.31.47.0-255,66,167774,96,231891
18667,0.001582,172.31.47.0-255,66,167840,96,231891
18668,0.001592,172.31.47.0-255,66,167906,96,231891
18669,0.001601,172.31.47.0-255,66,167972,96,231891
18670,0.001629,172.217.194.0-255,2902,170874,96,231891
18671,0.001632,172.31.47.0-255,66,170940,96,231891
18672,0.001647,172.31.47.0-255,66,171006,96,231891
18673,0.001649,172.217.194.0-255,766,171772,96,231891
18674,0.001745,172.217.194.0-255,1484,173256,96,231891
18675,0.001748,172.31.47.0-255,66,173322,96,231891
18676,0.001752,172.217.194.0-255,2902,176224,96,231891
18677,0.001754,172.31.47.0-255,66,176290,96,231891
18678,0.001766,172.217.194.0-255,2902,179192,96,231891
18679,0.001769,172.31.47.0-255,66,179258,96,231891
18680,0.001786,172.217.194.0-255,2902,182160,96,231891
18681,0.001789,172.31.47.0-255,66,182226,96,231891
18682,0.001813,172.217.194.0-255,5738,187964,96,231891
18683,0.001815,172.31.47.0-255,66,188030,96,231891
18684,0.001834,172.217.194.0-255,1484,189514,96,231891
18685,0.001841,172.217.194.0-255,5738,195252,96,231891
18686,0.001844,172.31.47.0-255,66,195318,96,231891
18687,0.001888,172.31.47.0-255,66,195384,96,231891
18688,0.001902,172.217.194.0-255,2184,197568,96,231891
18689,0.001904,172.31.47.0-255,66,197634,96,231891
18690,0.001919,172.217.194.0-255,2902,200536,96,231891
18691,0.001922,172.31.47.0-255,66,200602,96,231891
18692,0.001942,172.217.194.0-255,1484,202086,96,231891
18693,0.001962,172.217.194.0-255,5738,207824,96,231891
18694,0.00197,172.31.47.0-255,66,207890,96,231891
18695,0.001975,172.217.194.0-255,4320,212210,96,231891
18696,0.001979,172.31.47.0-255,66,212276,96,231891
18697,0.001994,172.217.194.0-255,1484,213760,96,231891
18698,0.001997,172.217.194.0-255,1484,215244,96,231891
18699,0.001999,172.31.47.0-255,66,215310,96,231891
18700,0.002035,172.31.47.0-255,66,215376,96,231891
18701,0.004015,172.217.194.0-255,5738,221114,96,231891
18702,0.004028,172.31.47.0-255,66,221180,96,231891
18703,0.005998,172.217.194.0-255,5738,226918,96,231891
18704,0.006004,172.31.47.0-255,66,226984,96,231891
18705,0.007979,172.217.194.0-255,4670,231654,96,231891
18706,0.007985,172.31.47.0-255,66,231720,96,231891
18707,0.02084,172.31.47.0-255,105,231825,96,231891
18708,0.022806,172.217.194.0-255,66,231891,96,231891
18709,0.0,172.217.194.0-255,153,153,96,192191
18710,2.4e-05,172.31.47.0-255,66,219,96,192191
18711,3.1e-05,172.217.194.0-255,1484,1703,96,192191
18712,3.5e-05,172.31.47.0-255,66,1769,96,192191
18713,4.1e-05,172.217.194.0-255,2902,4671,96,192191
18714,4.3e-05,172.31.47.0-255,66,4737,96,192191
18715,5.6e-05,172.217.194.0-255,4320,9057,96,192191
18716,5.9e-05,172.31.47.0-255,66,9123,96,192191
18717,6.5e-05,172.217.194.0-255,5002,14125,96,192191
18718,6.8e-05,172.31.47.0-255,66,14191,96,192191
18719,7.4e-05,172.217.194.0-255,4320,18511,96,192191
18720,7.6e-05,172.31.47.0-255,66,18577,96,192191
18721,8.3e-05,172.217.194.0-255,5738,24315,96,192191
18722,8.6e-05,172.31.47.0-255,66,24381,96,192191
18723,0.000123,172.217.194.0-255,6797,31178,96,192191
18724,0.000126,172.31.47.0-255,66,31244,96,192191
18725,0.00013,172.217.194.0-255,1484,32728,96,192191
18726,0.000132,172.31.47.0-255,66,32794,96,192191
18727,0.000175,172.217.194.0-255,5738,38532,96,192191
18728,0.000178,172.31.47.0-255,66,38598,96,192191
18729,0.000189,172.31.47.0-255,66,38664,96,192191
18730,0.000245,172.31.47.0-255,66,38730,96,192191
18731,0.000315,172.217.194.0-255,646,39376,96,192191
18732,0.000318,172.31.47.0-255,66,39442,96,192191
18733,0.001036,172.217.194.0-255,1484,40926,96,192191
18734,0.001041,172.31.47.0-255,66,40992,96,192191
18735,0.001047,172.217.194.0-255,2902,43894,96,192191
18736,0.001048,172.31.47.0-255,66,43960,96,192191
18737,0.001055,172.217.194.0-255,5738,49698,96,192191
18738,0.001056,172.31.47.0-255,66,49764,96,192191
18739,0.001088,172.217.194.0-255,4320,54084,96,192191
18740,0.001089,172.31.47.0-255,66,54150,96,192191
18741,0.001114,172.217.194.0-255,5738,59888,96,192191
18742,0.00112,172.217.194.0-255,5738,65626,96,192191
18743,0.001123,172.31.47.0-255,66,65692,96,192191
18744,0.001129,172.31.47.0-255,66,65758,96,192191
18745,0.00114,172.31.47.0-255,66,65824,96,192191
18746,0.001669,172.217.194.0-255,1484,67308,96,192191
18747,0.00168,172.217.194.0-255,2902,70210,96,192191
18748,0.001684,172.31.47.0-255,66,70276,96,192191
18749,0.001699,172.217.194.0-255,2902,73178,96,192191
18750,0.001704,172.31.47.0-255,66,73244,96,192191
18751,0.001715,172.217.194.0-255,2902,76146,96,192191
18752,0.00172,172.31.47.0-255,66,76212,96,192191
18753,0.001741,172.217.194.0-255,5738,81950,96,192191
18754,0.001743,172.31.47.0-255,66,82016,96,192191
18755,0.001772,172.217.194.0-255,7156,89172,96,192191
18756,0.001775,172.31.47.0-255,66,89238,96,192191
18757,0.001786,172.31.47.0-255,66,89304,96,192191
18758,0.001788,172.217.194.0-255,766,90070,96,192191
18759,0.002353,172.217.194.0-255,1484,91554,96,192191
18760,0.002359,172.31.47.0-255,66,91620,96,192191
18761,0.002364,172.217.194.0-255,1484,93104,96,192191
18762,0.002384,172.217.194.0-255,1484,94588,96,192191
18763,0.002386,172.31.47.0-255,66,94654,96,192191
18764,0.002392,172.217.194.0-255,5738,100392,96,192191
18765,0.002394,172.31.47.0-255,66,100458,96,192191
18766,0.002413,172.217.194.0-255,7156,107614,96,192191
18767,0.002415,172.31.47.0-255,66,107680,96,192191
18768,0.002457,172.31.47.0-255,66,107746,96,192191
18769,0.002461,172.217.194.0-255,2184,109930,96,192191
18770,0.002463,172.31.47.0-255,66,109996,96,192191
18771,0.00248,172.217.194.0-255,4320,114316,96,192191
18772,0.002482,172.31.47.0-255,66,114382,96,192191
18773,0.002513,172.31.47.0-255,66,114448,96,192191
18774,0.00252,172.217.194.0-255,7156,121604,96,192191
18775,0.002522,172.31.47.0-255,66,121670,96,192191
18776,0.002534,172.217.194.0-255,4320,125990,96,192191
18777,0.002536,172.31.47.0-255,66,126056,96,192191
18778,0.002555,172.217.194.0-255,1484,127540,96,192191
18779,0.002576,172.217.194.0-255,2184,129724,96,192191
18780,0.002578,172.31.47.0-255,66,129790,96,192191
18781,0.005121,172.217.194.0-255,1484,131274,96,192191
18782,0.005157,172.217.194.0-255,4320,135594,96,192191
18783,0.005167,172.31.47.0-255,66,135660,96,192191
18784,0.007747,172.217.194.0-255,5738,141398,96,192191
18785,0.00776,172.31.47.0-255,66,141464,96,192191
18786,0.010348,172.217.194.0-255,5738,147202,96,192191
18787,0.010366,172.31.47.0-255,66,147268,96,192191
18788,0.012961,172.217.194.0-255,5738,153006,96,192191
18789,0.01298,172.31.47.0-255,66,153072,96,192191
18790,0.015586,172.217.194.0-255,5738,158810,96,192191
18791,0.015606,172.31.47.0-255,66,158876,96,192191
18792,0.018186,172.217.194.0-255,5738,164614,96,192191
18793,0.018199,172.31.47.0-255,66,164680,96,192191
18794,0.020778,172.217.194.0-255,5738,170418,96,192191
18795,0.02079,172.31.47.0-255,66,170484,96,192191
18796,0.023398,172.217.194.0-255,5738,176222,96,192191
18797,0.023408,172.31.47.0-255,66,176288,96,192191
18798,0.026018,172.217.194.0-255,5738,182026,96,192191
18799,0.026027,172.31.47.0-255,66,182092,96,192191
18800,0.028106,172.31.47.0-255,172,182264,96,192191
18801,0.028138,172.31.47.0-255,1109,183373,96,192191
18802,0.028186,172.31.47.0-255,1514,184887,96,192191
18803,0.028188,172.31.47.0-255,1302,186189,96,192191
18804,0.028615,172.217.194.0-255,5738,191927,96,192191
18805,0.028622,172.31.47.0-255,66,191993,96,192191
18806,0.029697,104.244.42.0-255,66,192059,96,192191
18807,0.029726,104.244.42.0-255,66,192125,96,192191
18808,0.029742,104.244.42.0-255,66,192191,96,192191
18809,0.0,172.217.24.0-255,153,153,96,232807
18810,3.3e-05,172.31.47.0-255,66,219,96,232807
18811,4e-05,172.217.24.0-255,1484,1703,96,232807
18812,4.4e-05,172.31.47.0-255,66,1769,96,232807
18813,4.9e-05,172.217.24.0-255,2902,4671,96,232807
18814,5.1e-05,172.31.47.0-255,66,4737,96,232807
18815,5.5e-05,172.217.24.0-255,1484,6221,96,232807
18816,5.7e-05,172.31.47.0-255,66,6287,96,232807
18817,8.3e-05,172.217.24.0-255,2902,9189,96,232807
18818,8.7e-05,172.31.47.0-255,66,9255,96,232807
18819,0.000108,172.217.24.0-255,4984,14239,96,232807
18820,0.00011,172.31.47.0-255,66,14305,96,232807
18821,0.00026,172.217.24.0-255,1484,15789,96,232807
18822,0.000264,172.31.47.0-255,66,15855,96,232807
18823,0.00027,172.217.24.0-255,2902,18757,96,232807
18824,0.000272,172.31.47.0-255,66,18823,96,232807
18825,0.0003,172.217.24.0-255,5738,24561,96,232807
18826,0.000304,172.31.47.0-255,66,24627,96,232807
18827,0.000311,172.217.24.0-255,6797,31424,96,232807
18828,0.000313,172.31.47.0-255,66,31490,96,232807
18829,0.000377,172.217.24.0-255,1484,32974,96,232807
18830,0.000381,172.31.47.0-255,66,33040,96,232807
18831,0.000411,172.217.24.0-255,1484,34524,96,232807
18832,0.000413,172.31.47.0-255,66,34590,96,232807
18833,0.000418,172.217.24.0-255,2902,37492,96,232807
18834,0.00042,172.31.47.0-255,66,37558,96,232807
18835,0.000437,172.217.24.0-255,5738,43296,96,232807
18836,0.00044,172.31.47.0-255,66,43362,96,232807
18837,0.000462,172.217.24.0-255,5379,48741,96,232807
18838,0.000465,172.31.47.0-255,66,48807,96,232807
18839,0.000573,172.217.24.0-255,1484,50291,96,232807
18840,0.000577,172.31.47.0-255,66,50357,96,232807
18841,0.00058,172.217.24.0-255,1484,51841,96,232807
18842,0.000593,172.217.24.0-255,1484,53325,96,232807
18843,0.000596,172.31.47.0-255,66,53391,96,232807
18844,0.000599,172.217.24.0-255,1484,54875,96,232807
18845,0.000616,172.217.24.0-255,4320,59195,96,232807
18846,0.00062,172.31.47.0-255,66,59261,96,232807
18847,0.000627,172.217.24.0-255,6797,66058,96,232807
18848,0.00063,172.31.47.0-255,66,66124,96,232807
18849,0.000652,172.217.24.0-255,360,66484,96,232807
18850,0.000802,172.31.47.0-255,66,66550,96,232807
18851,0.001102,172.217.24.0-255,128,66678,96,232807
18852,0.001143,172.31.47.0-255,66,66744,96,232807
18853,0.001342,172.217.24.0-255,1484,68228,96,232807
18854,0.001351,172.217.24.0-255,2902,71130,96,232807
18855,0.001355,172.31.47.0-255,66,71196,96,232807
18856,0.00136,172.217.24.0-255,2902,74098,96,232807
18857,0.001362,172.31.47.0-255,66,74164,96,232807
18858,0.001379,172.217.24.0-255,2902,77066,96,232807
18859,0.001382,172.31.47.0-255,66,77132,96,232807
18860,0.001413,172.217.24.0-255,6797,83929,96,232807
18861,0.001417,172.31.47.0-255,66,83995,96,232807
18862,0.001419,172.217.24.0-255,1484,85479,96,232807
18863,0.001445,172.217.24.0-255,2902,88381,96,232807
18864,0.001447,172.31.47.0-255,66,88447,96,232807
18865,0.001471,172.217.24.0-255,5738,94185,96,232807
18866,0.001474,172.31.47.0-255,66,94251,96,232807
18867,0.001484,172.217.24.0-255,6797,101048,96,232807
18868,0.001486,172.31.47.0-255,66,101114,96,232807
18869,0.00162,172.217.24.0-255,1484,102598,96,232807
18870,0.001626,172.217.24.0-255,2902,105500,96,232807
18871,0.00163,172.31.47.0-255,66,105566,96,232807
18872,0.001633,172.217.24.0-255,1484,107050,96,232807
18873,0.001648,172.217.24.0-255,4320,111370,96,232807
18874,0.00165,172.31.47.0-255,66,111436,96,232807
18875,0.001682,172.31.47.0-255,66,111502,96,232807
18876,0.001703,172.217.24.0-255,4320,115822,96,232807
18877,0.001706,172.31.47.0-255,66,115888,96,232807
18878,0.001712,172.217.24.0-255,7156,123044,96,232807
18879,0.001714,172.31.47.0-255,66,123110,96,232807
18880,0.001737,172.217.24.0-255,3602,126712,96,232807
18881,0.00174,172.31.47.0-255,66,126778,96,232807
18882,0.001786,172.217.24.0-255,1484,128262,96,232807
18883,0.001789,172.217.24.0-255,1484,129746,96,232807
18884,0.001792,172.31.47.0-255,66,129812,96,232807
18885,0.001809,172.217.24.0-255,1484,131296,96,232807
18886,0.001814,172.217.24.0-255,4320,135616,96,232807
18887,0.001816,172.31.47.0-255,66,135682,96,232807
18888,0.001834,172.217.24.0-255,1484,137166,96,232807
18889,0.001845,172.31.47.0-255,66,137232,96,232807
18890,0.00185,172.217.24.0-255,5738,142970,96,232807
18891,0.001853,172.31.47.0-255,66,143036,96,232807
18892,0.001869,172.217.24.0-255,6438,149474,96,232807
18893,0.001872,172.31.47.0-255,66,149540,96,232807
18894,0.001874,172.217.24.0-255,354,149894,96,232807
18895,0.002452,172.31.47.0-255,66,149960,96,232807
18896,0.003838,172.217.24.0-255,4320,154280,96,232807
18897,0.003843,172.31.47.0-255,66,154346,96,232807
18898,0.004419,172.217.24.0-255,1484,155830,96,232807
18899,0.005821,172.217.24.0-255,4320,160150,96,232807
18900,0.005824,172.31.47.0-255,66,160216,96,232807
18901,0.007808,172.217.24.0-255,5738,165954,96,232807
18902,0.007816,172.31.47.0-255,66,166020,96,232807
18903,0.009797,172.217.24.0-255,5738,171758,96,232807
18904,0.009806,172.31.47.0-255,66,171824,96,232807
18905,0.011795,172.217.24.0-255,5738,177562,96,232807
18906,0.011807,172.31.47.0-255,66,177628,96,232807
18907,0.013791,172.217.24.0-255,5738,183366,96,232807
18908,0.013801,172.31.47.0-255,66,183432,96,232807
18909,0.015795,172.217.24.0-255,5738,189170,96,232807
18910,0.015805,172.31.47.0-255,66,189236,96,232807
18911,0.017814,172.217.24.0-255,5738,194974,96,232807
18912,0.017823,172.31.47.0-255,66,195040,96,232807
18913,0.019802,172.217.24.0-255,5738,200778,96,232807
18914,0.01981,172.31.47.0-255,66,200844,96,232807
18915,0.021794,172.217.24.0-255,5738,206582,96,232807
18916,0.021806,172.31.47.0-255,66,206648,96,232807
18917,0.023797,172.217.24.0-255,5738,212386,96,232807
18918,0.023806,172.31.47.0-255,66,212452,96,232807
18919,0.024795,172.31.47.0-255,172,212624,96,232807
18920,0.024824,172.31.47.0-255,1101,213725,96,232807
18921,0.024864,172.31.47.0-255,1514,215239,96,232807
18922,0.024865,172.31.47.0-255,1310,216549,96,232807
18923,0.025793,172.217.24.0-255,4320,220869,96,232807
18924,0.0258,172.31.47.0-255,66,220935,96,232807
18925,0.025833,172.217.24.0-255,1484,222419,96,232807
18926,0.026335,104.244.42.0-255,66,222485,96,232807
18927,0.026368,104.244.42.0-255,66,222551,96,232807
18928,0.026416,104.244.42.0-255,66,222617,96,232807
18929,0.027771,172.217.24.0-255,4320,226937,96,232807
18930,0.027774,172.31.47.0-255,66,227003,96,232807
18931,0.029767,172.217.24.0-255,5738,232741,96,232807
18932,0.029773,172.31.47.0-255,66,232807,96,232807
18933,0.0,172.217.26.0-255,146,146,96,136516
18934,1.4e-05,172.31.47.0-255,66,212,96,136516
18935,2e-05,172.217.26.0-255,1484,1696,96,136516
18936,2.4e-05,172.31.47.0-255,66,1762,96,136516
18937,3.6e-05,172.217.26.0-255,2902,4664,96,136516
18938,3.9e-05,172.31.47.0-255,66,4730,96,136516
18939,5.7e-05,172.217.26.0-255,4320,9050,96,136516
18940,6e-05,172.31.47.0-255,66,9116,96,136516
18941,8.9e-05,172.217.26.0-255,2902,12018,96,136516
18942,9.1e-05,172.31.47.0-255,66,12084,96,136516
18943,0.000155,172.217.26.0-255,2218,14302,96,136516
18944,0.000158,172.31.47.0-255,66,14368,96,136516
18945,0.000187,172.217.26.0-255,7156,21524,96,136516
18946,0.000189,172.31.47.0-255,66,21590,96,136516
18947,0.000208,172.217.26.0-255,4320,25910,96,136516
18948,0.00021,172.31.47.0-255,66,25976,96,136516
18949,0.000374,172.217.26.0-255,5379,31355,96,136516
18950,0.000379,172.31.47.0-255,66,31421,96,136516
18951,0.000441,172.217.26.0-255,5738,37159,96,136516
18952,0.000445,172.31.47.0-255,66,37225,96,136516
18953,0.000479,172.31.47.0-255,66,37291,96,136516
18954,0.000666,172.217.26.0-255,2902,40193,96,136516
18955,0.00067,172.31.47.0-255,66,40259,96,136516
18956,0.000709,172.31.47.0-255,66,40325,96,136516
18957,0.000718,172.217.26.0-255,1448,41773,96,136516
18958,0.000724,172.31.47.0-255,66,41839,96,136516
18959,0.000886,172.217.26.0-255,119,41958,96,136516
18960,0.00089,172.31.47.0-255,66,42024,96,136516
18961,0.00101,172.217.26.0-255,1484,43508,96,136516
18962,0.001014,172.31.47.0-255,66,43574,96,136516
18963,0.001021,172.217.26.0-255,2902,46476,96,136516
18964,0.001023,172.31.47.0-255,66,46542,96,136516
18965,0.001048,172.217.26.0-255,5738,52280,96,136516
18966,0.00105,172.31.47.0-255,66,52346,96,136516
18967,0.001139,172.31.47.0-255,66,52412,96,136516
18968,0.001258,172.217.26.0-255,4320,56732,96,136516
18969,0.001261,172.31.47.0-255,66,56798,96,136516
18970,0.001288,172.217.26.0-255,5738,62536,96,136516
18971,0.00129,172.31.47.0-255,66,62602,96,136516
18972,0.001404,172.217.26.0-255,3961,66563,96,136516
18973,0.001408,172.31.47.0-255,66,66629,96,136516
18974,0.001451,172.217.26.0-255,4320,70949,96,136516
18975,0.001453,172.31.47.0-255,66,71015,96,136516
18976,0.00152,172.217.26.0-255,4320,75335,96,136516
18977,0.001523,172.31.47.0-255,66,75401,96,136516
18978,0.00154,172.217.26.0-255,5738,81139,96,136516
18979,0.001542,172.31.47.0-255,66,81205,96,136516
18980,0.001671,172.217.26.0-255,4320,85525,96,136516
18981,0.001675,172.31.47.0-255,66,85591,96,136516
18982,0.001692,172.217.26.0-255,4320,89911,96,136516
18983,0.001936,172.217.26.0-255,1484,91395,96,136516
18984,0.002117,172.217.26.0-255,2902,94297,96,136516
18985,0.002416,172.217.26.0-255,2902,97199,96,136516
18986,0.010829,172.217.26.0-255,1484,98683,96,136516
18987,0.014529,172.31.47.0-255,66,98749,96,136516
18988,0.016504,172.217.26.0-255,5738,104487,96,136516
18989,0.016518,172.31.47.0-255,66,104553,96,136516
18990,0.018574,172.217.26.0-255,5738,110291,96,136516
18991,0.018582,172.31.47.0-255,66,110357,96,136516
18992,0.020581,172.217.26.0-255,5738,116095,96,136516
18993,0.02263,172.31.47.0-255,66,116161,96,136516
18994,0.023527,172.31.47.0-255,172,116333,96,136516
18995,0.023555,172.31.47.0-255,1105,117438,96,136516
18996,0.0236,172.31.47.0-255,1514,118952,96,136516
18997,0.023601,172.31.47.0-255,1306,120258,96,136516
18998,0.024573,172.217.26.0-255,5738,125996,96,136516
18999,0.024578,172.31.47.0-255,66,126062,96,136516
19000,0.025047,104.244.42.0-255,66,126128,96,136516
19001,0.025113,104.244.42.0-255,66,126194,96,136516
19002,0.025164,104.244.42.0-255,66,126260,96,136516
19003,0.026522,172.217.26.0-255,4320,130580,96,136516
19004,0.026529,172.31.47.0-255,66,130646,96,136516
19005,0.026557,172.217.26.0-255,1484,132130,96,136516
19006,0.028481,172.217.26.0-255,4320,136450,96,136516
19007,0.028488,172.31.47.0-255,66,136516,96,136516
19008,0.0,172.217.194.0-255,153,153,96,193381
19009,2.4e-05,172.31.47.0-255,66,219,96,193381
19010,3e-05,172.217.194.0-255,1484,1703,96,193381
19011,3.4e-05,172.31.47.0-255,66,1769,96,193381
19012,3.9e-05,172.217.194.0-255,2902,4671,96,193381
19013,4.1e-05,172.31.47.0-255,66,4737,96,193381
19014,4.9e-05,172.217.194.0-255,1484,6221,96,193381
19015,5.2e-05,172.31.47.0-255,66,6287,96,193381
19016,7.7e-05,172.217.194.0-255,2902,9189,96,193381
19017,8.4e-05,172.31.47.0-255,66,9255,96,193381
19018,0.00012,172.217.194.0-255,4320,13575,96,193381
19019,0.000124,172.31.47.0-255,66,13641,96,193381
19020,0.000154,172.217.194.0-255,2083,15724,96,193381
19021,0.000157,172.31.47.0-255,66,15790,96,193381
19022,0.000163,172.217.194.0-255,7156,22946,96,193381
19023,0.000165,172.31.47.0-255,66,23012,96,193381
19024,0.000179,172.31.47.0-255,66,23078,96,193381
19025,0.000221,172.217.194.0-255,7156,30234,96,193381
19026,0.000225,172.31.47.0-255,66,30300,96,193381
19027,0.000234,172.31.47.0-255,66,30366,96,193381
19028,0.000261,172.217.194.0-255,2902,33268,96,193381
19029,0.000266,172.31.47.0-255,66,33334,96,193381
19030,0.000278,172.217.194.0-255,5738,39072,96,193381
19031,0.000285,172.31.47.0-255,66,39138,96,193381
19032,0.000307,172.217.194.0-255,7156,46294,96,193381
19033,0.000311,172.31.47.0-255,66,46360,96,193381
19034,0.000314,172.217.194.0-255,2825,49185,96,193381
19035,0.000316,172.31.47.0-255,66,49251,96,193381
19036,0.000392,172.217.194.0-255,1484,50735,96,193381
19037,0.000395,172.31.47.0-255,66,50801,96,193381
19038,0.000421,172.217.194.0-255,2902,53703,96,193381
19039,0.000424,172.31.47.0-255,66,53769,96,193381
19040,0.00043,172.217.194.0-255,5738,59507,96,193381
19041,0.000432,172.31.47.0-255,66,59573,96,193381
19042,0.000462,172.217.194.0-255,2902,62475,96,193381
19043,0.000465,172.31.47.0-255,66,62541,96,193381
19044,0.000489,172.217.194.0-255,3961,66502,96,193381
19045,0.000492,172.31.47.0-255,66,66568,96,193381
19046,0.000499,172.217.194.0-255,7156,73724,96,193381
19047,0.000501,172.31.47.0-255,66,73790,96,193381
19048,0.000537,172.31.47.0-255,66,73856,96,193381
19049,0.000864,172.217.194.0-255,1484,75340,96,193381
19050,0.00088,172.217.194.0-255,2902,78242,96,193381
19051,0.000883,172.31.47.0-255,66,78308,96,193381
19052,0.000889,172.217.194.0-255,5738,84046,96,193381
19053,0.000891,172.31.47.0-255,66,84112,96,193381
19054,0.00092,172.217.194.0-255,1484,85596,96,193381
19055,0.000952,172.31.47.0-255,66,85662,96,193381
19056,0.000969,172.31.47.0-255,66,85728,96,193381
19057,0.001505,172.217.194.0-255,1484,87212,96,193381
19058,0.001531,172.217.194.0-255,2902,90114,96,193381
19059,0.001536,172.31.47.0-255,66,90180,96,193381
19060,0.001543,172.217.194.0-255,5738,95918,96,193381
19061,0.001545,172.31.47.0-255,66,95984,96,193381
19062,0.001549,172.217.194.0-255,2902,98886,96,193381
19063,0.001556,172.31.47.0-255,66,98952,96,193381
19064,0.001589,172.217.194.0-255,5738,104690,96,193381
19065,0.001594,172.31.47.0-255,66,104756,96,193381
19066,0.001611,172.31.47.0-255,66,104822,96,193381
19067,0.001618,172.217.194.0-255,5020,109842,96,193381
19068,0.001621,172.31.47.0-255,66,109908,96,193381
19069,0.001627,172.217.194.0-255,5738,115646,96,193381
19070,0.001629,172.31.47.0-255,66,115712,96,193381
19071,0.001674,172.31.47.0-255,66,115778,96,193381
19072,0.001697,172.31.47.0-255,66,115844,96,193381
19073,0.001699,172.217.194.0-255,766,116610,96,193381
19074,0.001703,172.217.194.0-255,1484,118094,96,193381
19075,0.001704,172.31.47.0-255,66,118160,96,193381
19076,0.00171,172.217.194.0-255,4320,122480,96,193381
19077,0.001712,172.31.47.0-255,66,122546,96,193381
19078,0.001793,172.31.47.0-255,66,122612,96,193381
19079,0.001811,172.31.47.0-255,66,122678,96,193381
19080,0.001816,172.217.194.0-255,5020,127698,96,193381
19081,0.001818,172.31.47.0-255,66,127764,96,193381
19082,0.001912,172.217.194.0-255,1484,129248,96,193381
19083,0.001929,172.217.194.0-255,2902,132150,96,193381
19084,0.001931,172.31.47.0-255,66,132216,96,193381
19085,0.001935,172.217.194.0-255,1484,133700,96,193381
19086,0.001959,172.217.194.0-255,4320,138020,96,193381
19087,0.001962,172.31.47.0-255,66,138086,96,193381
19088,0.001969,172.217.194.0-255,7156,145242,96,193381
19089,0.001971,172.31.47.0-255,66,145308,96,193381
19090,0.002003,172.217.194.0-255,5738,151046,96,193381
19091,0.002006,172.31.47.0-255,66,151112,96,193381
19092,0.002022,172.31.47.0-255,66,151178,96,193381
19093,0.002085,172.217.194.0-255,1484,152662,96,193381
19094,0.002097,172.217.194.0-255,1484,154146,96,193381
19095,0.002099,172.31.47.0-255,66,154212,96,193381
19096,0.002124,172.217.194.0-255,1484,155696,96,193381
19097,0.00213,172.217.194.0-255,5738,161434,96,193381
19098,0.002132,172.31.47.0-255,66,161500,96,193381
19099,0.002144,172.31.47.0-255,66,161566,96,193381
19100,0.002168,172.217.194.0-255,1484,163050,96,193381
19101,0.002181,172.31.47.0-255,66,163116,96,193381
19102,0.002202,172.217.194.0-255,1484,164600,96,193381
19103,0.002213,172.217.194.0-255,2902,167502,96,193381
19104,0.002215,172.31.47.0-255,66,167568,96,193381
19105,0.002219,172.217.194.0-255,2902,170470,96,193381
19106,0.002221,172.31.47.0-255,66,170536,96,193381
19107,0.002251,172.217.194.0-255,2902,173438,96,193381
19108,0.002253,172.31.47.0-255,66,173504,96,193381
19109,0.002265,172.31.47.0-255,66,173570,96,193381
19110,0.002281,172.31.47.0-255,66,173636,96,193381
19111,0.002305,172.217.194.0-255,1484,175120,96,193381
19112,0.00232,172.217.194.0-255,2902,178022,96,193381
19113,0.002322,172.31.47.0-255,66,178088,96,193381
19114,0.002328,172.217.194.0-255,5738,183826,96,193381
19115,0.002331,172.31.47.0-255,66,183892,96,193381
19116,0.002361,172.31.47.0-255,66,183958,96,193381
19117,0.002385,172.217.194.0-255,1484,185442,96,193381
19118,0.002396,172.31.47.0-255,66,185508,96,193381
19119,0.00243,172.31.47.0-255,66,185574,96,193381
19120,0.002461,172.31.47.0-255,66,185640,96,193381
19121,0.00248,172.31.47.0-255,66,185706,96,193381
19122,0.002493,172.31.47.0-255,66,185772,96,193381
19123,0.002495,172.217.194.0-255,97,185869,96,193381
19124,0.002553,172.217.194.0-255,105,185974,96,193381
19125,0.006736,172.31.47.0-255,66,186040,96,193381
19126,0.00676,172.31.47.0-255,105,186145,96,193381
19127,0.009244,172.217.194.0-255,66,186211,96,193381
19128,0.027787,172.31.47.0-255,172,186383,96,193381
19129,0.027812,172.31.47.0-255,1110,187493,96,193381
19130,0.027852,172.31.47.0-255,1514,189007,96,193381
19131,0.027854,172.31.47.0-255,1514,190521,96,193381
19132,0.027855,172.31.47.0-255,1514,192035,96,193381
19133,0.027856,172.31.47.0-255,1082,193117,96,193381
19134,0.02932,104.244.42.0-255,66,193183,96,193381
19135,0.029366,104.244.42.0-255,66,193249,96,193381
19136,0.02942,104.244.42.0-255,66,193315,96,193381
19137,0.029421,104.244.42.0-255,66,193381,96,193381
19138,0.0,172.217.194.0-255,153,153,96,192799
19139,3e-05,172.31.47.0-255,66,219,96,192799
19140,5.2e-05,172.217.194.0-255,1484,1703,96,192799
19141,5.6e-05,172.31.47.0-255,66,1769,96,192799
19142,6e-05,172.217.194.0-255,2902,4671,96,192799
19143,6.2e-05,172.31.47.0-255,66,4737,96,192799
19144,6.9e-05,172.217.194.0-255,7156,11893,96,192799
19145,7.1e-05,172.31.47.0-255,66,11959,96,192799
19146,7.3e-05,172.217.194.0-255,1484,13443,96,192799
19147,7.7e-05,172.31.47.0-255,66,13509,96,192799
19148,9.5e-05,172.217.194.0-255,595,14104,96,192799
19149,9.7e-05,172.31.47.0-255,66,14170,96,192799
19150,0.000508,172.217.194.0-255,1484,15654,96,192799
19151,0.000513,172.31.47.0-255,66,15720,96,192799
19152,0.00052,172.217.194.0-255,2902,18622,96,192799
19153,0.000523,172.31.47.0-255,66,18688,96,192799
19154,0.000527,172.217.194.0-255,2902,21590,96,192799
19155,0.000529,172.31.47.0-255,66,21656,96,192799
19156,0.000542,172.217.194.0-255,2902,24558,96,192799
19157,0.000545,172.31.47.0-255,66,24624,96,192799
19158,0.000565,172.217.194.0-255,4320,28944,96,192799
19159,0.000568,172.31.47.0-255,66,29010,96,192799
19160,0.000579,172.217.194.0-255,2543,31553,96,192799
19161,0.000583,172.31.47.0-255,66,31619,96,192799
19162,0.000748,172.217.194.0-255,1484,33103,96,192799
19163,0.000753,172.31.47.0-255,66,33169,96,192799
19164,0.000759,172.217.194.0-255,2902,36071,96,192799
19165,0.000761,172.31.47.0-255,66,36137,96,192799
19166,0.000783,172.217.194.0-255,2902,39039,96,192799
19167,0.000786,172.31.47.0-255,66,39105,96,192799
19168,0.000803,172.217.194.0-255,2902,42007,96,192799
19169,0.000805,172.31.47.0-255,66,42073,96,192799
19170,0.000838,172.31.47.0-255,66,42139,96,192799
19171,0.000847,172.31.47.0-255,66,42205,96,192799
19172,0.000849,172.217.194.0-255,365,42570,96,192799
19173,0.000852,172.217.194.0-255,380,42950,96,192799
19174,0.001428,172.217.194.0-255,1484,44434,96,192799
19175,0.001432,172.31.47.0-255,66,44500,96,192799
19176,0.001437,172.217.194.0-255,2902,47402,96,192799
19177,0.00144,172.31.47.0-255,66,47468,96,192799
19178,0.001442,172.217.194.0-255,1484,48952,96,192799
19179,0.001455,172.217.194.0-255,4320,53272,96,192799
19180,0.001457,172.31.47.0-255,66,53338,96,192799
19181,0.001463,172.217.194.0-255,5738,59076,96,192799
19182,0.001465,172.31.47.0-255,66,59142,96,192799
19183,0.001491,172.217.194.0-255,7156,66298,96,192799
19184,0.001493,172.31.47.0-255,66,66364,96,192799
19185,0.001516,172.217.194.0-255,2902,69266,96,192799
19186,0.001518,172.31.47.0-255,66,69332,96,192799
19187,0.00154,172.31.47.0-255,66,69398,96,192799
19188,0.002039,172.217.194.0-255,1484,70882,96,192799
19189,0.002042,172.217.194.0-255,1484,72366,96,192799
19190,0.002045,172.31.47.0-255,66,72432,96,192799
19191,0.002064,172.217.194.0-255,1484,73916,96,192799
19192,0.002069,172.217.194.0-255,5738,79654,96,192799
19193,0.002071,172.31.47.0-255,66,79720,96,192799
19194,0.002076,172.217.194.0-255,4320,84040,96,192799
19195,0.002078,172.31.47.0-255,66,84106,96,192799
19196,0.002088,172.217.194.0-255,1484,85590,96,192799
19197,0.002101,172.217.194.0-255,4320,89910,96,192799
19198,0.002103,172.31.47.0-255,66,89976,96,192799
19199,0.002123,172.31.47.0-255,66,90042,96,192799
19200,0.002126,172.217.194.0-255,2902,92944,96,192799
19201,0.002128,172.31.47.0-255,66,93010,96,192799
19202,0.002149,172.217.194.0-255,2184,95194,96,192799
19203,0.002151,172.31.47.0-255,66,95260,96,192799
19204,0.002153,172.217.194.0-255,1484,96744,96,192799
19205,0.002169,172.217.194.0-255,4320,101064,96,192799
19206,0.002171,172.31.47.0-255,66,101130,96,192799
19207,0.002174,172.217.194.0-255,1484,102614,96,192799
19208,0.002194,172.31.47.0-255,66,102680,96,192799
19209,0.002223,172.31.47.0-255,66,102746,96,192799
19210,0.002241,172.217.194.0-255,4320,107066,96,192799
19211,0.002242,172.31.47.0-255,66,107132,96,192799
19212,0.002244,172.217.194.0-255,766,107898,96,192799
19213,0.002314,172.217.194.0-255,1484,109382,96,192799
19214,0.002316,172.31.47.0-255,66,109448,96,192799
19215,0.002332,172.217.194.0-255,2902,112350,96,192799
19216,0.002333,172.31.47.0-255,66,112416,96,192799
19217,0.002338,172.217.194.0-255,4320,116736,96,192799
19218,0.00234,172.31.47.0-255,66,116802,96,192799
19219,0.002359,172.217.194.0-255,1484,118286,96,192799
19220,0.00238,172.31.47.0-255,66,118352,96,192799
19221,0.002408,172.31.47.0-255,66,118418,96,192799
19222,0.002516,172.217.194.0-255,1484,119902,96,192799
19223,0.002526,172.217.194.0-255,2902,122804,96,192799
19224,0.002529,172.31.47.0-255,66,122870,96,192799
19225,0.002547,172.217.194.0-255,5738,128608,96,192799
19226,0.002549,172.31.47.0-255,66,128674,96,192799
19227,0.002552,172.217.194.0-255,1484,130158,96,192799
19228,0.002588,172.31.47.0-255,66,130224,96,192799
19229,0.002602,172.31.47.0-255,66,130290,96,192799
19230,0.005165,172.217.194.0-255,5738,136028,96,192799
19231,0.005172,172.31.47.0-255,66,136094,96,192799
19232,0.007711,172.217.194.0-255,5738,141832,96,192799
19233,0.00772,172.31.47.0-255,66,141898,96,192799
19234,0.010308,172.217.194.0-255,5738,147636,96,192799
19235,0.010316,172.31.47.0-255,66,147702,96,192799
19236,0.012846,172.217.194.0-255,5738,153440,96,192799
19237,0.012852,172.31.47.0-255,66,153506,96,192799
19238,0.015382,172.217.194.0-255,5738,159244,96,192799
19239,0.015391,172.31.47.0-255,66,159310,96,192799
19240,0.017951,172.217.194.0-255,5738,165048,96,192799
19241,0.017958,172.31.47.0-255,66,165114,96,192799
19242,0.020493,172.217.194.0-255,5738,170852,96,192799
19243,0.020502,172.31.47.0-255,66,170918,96,192799
19244,0.021537,172.31.47.0-255,172,171090,96,192799
19245,0.021567,172.31.47.0-255,1110,172200,96,192799
19246,0.02161,172.31.47.0-255,1514,173714,96,192799
19247,0.021612,172.31.47.0-255,1301,175015,96,192799
19248,0.023029,172.217.194.0-255,5738,180753,96,192799
19249,0.023035,172.31.47.0-255,66,180819,96,192799
19250,0.023072,104.244.42.0-255,66,180885,96,192799
19251,0.023079,104.244.42.0-255,66,180951,96,192799
19252,0.02316,104.244.42.0-255,66,181017,96,192799
19253,0.025332,104.244.42.0-255,108,181125,96,192799
19254,0.025338,172.31.47.0-255,66,181191,96,192799
19255,0.025574,172.217.194.0-255,5738,186929,96,192799
19256,0.025579,172.31.47.0-255,66,186995,96,192799
19257,0.028122,172.217.194.0-255,5738,192733,96,192799
19258,0.028128,172.31.47.0-255,66,192799,96,192799
19259,0.0,74.125.24.0-255,152,152,96,173427
19260,2.7e-05,172.31.47.0-255,66,218,96,173427
19261,3.5e-05,74.125.24.0-255,1484,1702,96,173427
19262,4.1e-05,172.31.47.0-255,66,1768,96,173427
19263,4.7e-05,74.125.24.0-255,2902,4670,96,173427
19264,5e-05,172.31.47.0-255,66,4736,96,173427
19265,5.9e-05,74.125.24.0-255,7156,11892,96,173427
19266,6.2e-05,172.31.47.0-255,66,11958,96,173427
19267,6.7e-05,74.125.24.0-255,2165,14123,96,173427
19268,7e-05,172.31.47.0-255,66,14189,96,173427
19269,8.3e-05,172.31.47.0-255,66,14255,96,173427
19270,0.000108,74.125.24.0-255,2902,17157,96,173427
19271,0.000111,172.31.47.0-255,66,17223,96,173427
19272,0.000118,74.125.24.0-255,5379,22602,96,173427
19273,0.000122,172.31.47.0-255,66,22668,96,173427
19274,0.000162,74.125.24.0-255,1484,24152,96,173427
19275,0.000164,172.31.47.0-255,66,24218,96,173427
19276,0.00017,74.125.24.0-255,2902,27120,96,173427
19277,0.000172,172.31.47.0-255,66,27186,96,173427
19278,0.000175,74.125.24.0-255,1484,28670,96,173427
19279,0.000177,172.31.47.0-255,66,28736,96,173427
19280,0.000196,74.125.24.0-255,4320,33056,96,173427
19281,0.000199,172.31.47.0-255,66,33122,96,173427
19282,0.000213,74.125.24.0-255,1484,34606,96,173427
19283,0.000215,172.31.47.0-255,66,34672,96,173427
19284,0.000255,172.31.47.0-255,66,34738,96,173427
19285,0.000258,74.125.24.0-255,1484,36222,96,173427
19286,0.00026,172.31.47.0-255,66,36288,96,173427
19287,0.000288,172.31.47.0-255,66,36354,96,173427
19288,0.00106,74.125.24.0-255,131,36485,96,173427
19289,0.001092,172.31.47.0-255,66,36551,96,173427
19290,0.001218,74.125.24.0-255,1484,38035,96,173427
19291,0.001227,74.125.24.0-255,2902,40937,96,173427
19292,0.00123,172.31.47.0-255,66,41003,96,173427
19293,0.001248,74.125.24.0-255,1484,42487,96,173427
19294,0.00127,74.125.24.0-255,4320,46807,96,173427
19295,0.001272,172.31.47.0-255,66,46873,96,173427
19296,0.001298,74.125.24.0-255,7156,54029,96,173427
19297,0.0013,172.31.47.0-255,66,54095,96,173427
19298,0.001321,74.125.24.0-255,4320,58415,96,173427
19299,0.001323,172.31.47.0-255,66,58481,96,173427
19300,0.001334,74.125.24.0-255,1484,59965,96,173427
19301,0.001354,74.125.24.0-255,5738,65703,96,173427
19302,0.001356,172.31.47.0-255,66,65769,96,173427
19303,0.001376,74.125.24.0-255,5020,70789,96,173427
19304,0.001378,172.31.47.0-255,66,70855,96,173427
19305,0.002069,74.125.24.0-255,1484,72339,96,173427
19306,0.002075,74.125.24.0-255,2902,75241,96,173427
19307,0.002078,172.31.47.0-255,66,75307,96,173427
19308,0.002083,74.125.24.0-255,2902,78209,96,173427
19309,0.002085,172.31.47.0-255,66,78275,96,173427
19310,0.002099,74.125.24.0-255,2902,81177,96,173427
19311,0.002101,172.31.47.0-255,66,81243,96,173427
19312,0.00213,172.31.47.0-255,66,81309,96,173427
19313,0.002145,74.125.24.0-255,4320,85629,96,173427
19314,0.002147,172.31.47.0-255,66,85695,96,173427
19315,0.002183,172.31.47.0-255,66,85761,96,173427
19316,0.002219,74.125.24.0-255,1484,87245,96,173427
19317,0.002233,74.125.24.0-255,2902,90147,96,173427
19318,0.002235,172.31.47.0-255,66,90213,96,173427
19319,0.002252,74.125.24.0-255,5738,95951,96,173427
19320,0.002254,172.31.47.0-255,66,96017,96,173427
19321,0.002275,74.125.24.0-255,5738,101755,96,173427
19322,0.002278,172.31.47.0-255,66,101821,96,173427
19323,0.002302,74.125.24.0-255,7156,108977,96,173427
19324,0.002304,172.31.47.0-255,66,109043,96,173427
19325,0.002316,172.31.47.0-255,66,109109,96,173427
19326,0.002355,172.31.47.0-255,66,109175,96,173427
19327,0.002381,172.31.47.0-255,66,109241,96,173427
19328,0.002408,172.31.47.0-255,66,109307,96,173427
19329,0.004744,74.125.24.0-255,5738,115045,96,173427
19330,0.004765,172.31.47.0-255,66,115111,96,173427
19331,0.007141,74.125.24.0-255,5738,120849,96,173427
19332,0.007153,172.31.47.0-255,66,120915,96,173427
19333,0.009044,172.31.47.0-255,105,121020,96,173427
19334,0.009505,74.125.24.0-255,5738,126758,96,173427
19335,0.009513,172.31.47.0-255,66,126824,96,173427
19336,0.011111,157.240.13.0-255,105,126929,96,173427
19337,0.011126,172.31.47.0-255,66,126995,96,173427
19338,0.011826,74.125.24.0-255,5738,132733,96,173427
19339,0.011833,172.31.47.0-255,66,132799,96,173427
19340,0.014198,74.125.24.0-255,5738,138537,96,173427
19341,0.014212,172.31.47.0-255,66,138603,96,173427
19342,0.016571,74.125.24.0-255,5738,144341,96,173427
19343,0.01658,172.31.47.0-255,66,144407,96,173427
19344,0.018929,74.125.24.0-255,5738,150145,96,173427
19345,0.018947,172.31.47.0-255,66,150211,96,173427
19346,0.021256,74.125.24.0-255,5738,155949,96,173427
19347,0.021266,172.31.47.0-255,66,156015,96,173427
19348,0.023604,74.125.24.0-255,5738,161753,96,173427
19349,0.023612,172.31.47.0-255,66,161819,96,173427
19350,0.025948,74.125.24.0-255,5738,167557,96,173427
19351,0.025959,172.31.47.0-255,66,167623,96,173427
19352,0.028322,74.125.24.0-255,5738,173361,96,173427
19353,0.028332,172.31.47.0-255,66,173427,96,173427
19354,0.0,172.253.118.0-255,298,298,96,214681
19355,2.2e-05,172.31.47.0-255,66,364,96,214681
19356,2.9e-05,172.253.118.0-255,1484,1848,96,214681
19357,3.3e-05,172.31.47.0-255,66,1914,96,214681
19358,3.9e-05,172.253.118.0-255,4320,6234,96,214681
19359,4.2e-05,172.31.47.0-255,66,6300,96,214681
19360,4.8e-05,172.253.118.0-255,5738,12038,96,214681
19361,5e-05,172.31.47.0-255,66,12104,96,214681
19362,9.4e-05,172.253.118.0-255,1814,13918,96,214681
19363,9.6e-05,172.31.47.0-255,66,13984,96,214681
19364,0.000174,172.253.118.0-255,1484,15468,96,214681
19365,0.000177,172.31.47.0-255,66,15534,96,214681
19366,0.000182,172.253.118.0-255,2902,18436,96,214681
19367,0.000184,172.31.47.0-255,66,18502,96,214681
19368,0.000195,172.253.118.0-255,1484,19986,96,214681
19369,0.000197,172.31.47.0-255,66,20052,96,214681
19370,0.00021,172.253.118.0-255,4320,24372,96,214681
19371,0.000212,172.31.47.0-255,66,24438,96,214681
19372,0.000238,172.253.118.0-255,6797,31235,96,214681
19373,0.000241,172.31.47.0-255,66,31301,96,214681
19374,0.000453,172.253.118.0-255,1484,32785,96,214681
19375,0.000457,172.31.47.0-255,66,32851,96,214681
19376,0.000463,172.253.118.0-255,2902,35753,96,214681
19377,0.000465,172.31.47.0-255,66,35819,96,214681
19378,0.000472,172.253.118.0-255,5738,41557,96,214681
19379,0.000474,172.31.47.0-255,66,41623,96,214681
19380,0.000476,172.253.118.0-255,1484,43107,96,214681
19381,0.000478,172.31.47.0-255,66,43173,96,214681
19382,0.000504,172.253.118.0-255,2902,46075,96,214681
19383,0.000507,172.31.47.0-255,66,46141,96,214681
19384,0.000536,172.253.118.0-255,2543,48684,96,214681
19385,0.000539,172.31.47.0-255,66,48750,96,214681
19386,0.000712,172.253.118.0-255,1484,50234,96,214681
19387,0.000727,172.253.118.0-255,2902,53136,96,214681
19388,0.00073,172.31.47.0-255,66,53202,96,214681
19389,0.000754,172.253.118.0-255,4320,57522,96,214681
19390,0.000756,172.31.47.0-255,66,57588,96,214681
19391,0.00078,172.253.118.0-255,5738,63326,96,214681
19392,0.000783,172.31.47.0-255,66,63392,96,214681
19393,0.000787,172.253.118.0-255,3124,66516,96,214681
19394,0.000789,172.31.47.0-255,66,66582,96,214681
19395,0.000926,172.253.118.0-255,1484,68066,96,214681
19396,0.00093,172.253.118.0-255,2902,70968,96,214681
19397,0.000932,172.253.118.0-255,1484,72452,96,214681
19398,0.000951,172.31.47.0-255,66,72518,96,214681
19399,0.000959,172.253.118.0-255,4320,76838,96,214681
19400,0.000962,172.31.47.0-255,66,76904,96,214681
19401,0.000998,172.253.118.0-255,2902,79806,96,214681
19402,0.001,172.31.47.0-255,66,79872,96,214681
19403,0.00102,172.253.118.0-255,3961,83833,96,214681
19404,0.001023,172.31.47.0-255,66,83899,96,214681
19405,0.00194,172.253.118.0-255,1484,85383,96,214681
19406,0.001948,172.253.118.0-255,2902,88285,96,214681
19407,0.001952,172.31.47.0-255,66,88351,96,214681
19408,0.001959,172.253.118.0-255,5738,94089,96,214681
19409,0.001961,172.31.47.0-255,66,94155,96,214681
19410,0.002004,172.253.118.0-255,6797,100952,96,214681
19411,0.002007,172.31.47.0-255,66,101018,96,214681
19412,0.002071,172.253.118.0-255,1484,102502,96,214681
19413,0.002085,172.253.118.0-255,2902,105404,96,214681
19414,0.002087,172.31.47.0-255,66,105470,96,214681
19415,0.002106,172.253.118.0-255,4320,109790,96,214681
19416,0.002108,172.31.47.0-255,66,109856,96,214681
19417,0.002123,172.253.118.0-255,1484,111340,96,214681
19418,0.002137,172.253.118.0-255,5738,117078,96,214681
19419,0.002139,172.31.47.0-255,66,117144,96,214681
19420,0.00216,172.253.118.0-255,1484,118628,96,214681
19421,0.002171,172.31.47.0-255,66,118694,96,214681
19422,0.002201,172.253.118.0-255,5738,124432,96,214681
19423,0.002203,172.31.47.0-255,66,124498,96,214681
19424,0.002221,172.253.118.0-255,2184,126682,96,214681
19425,0.002223,172.31.47.0-255,66,126748,96,214681
19426,0.002254,172.253.118.0-255,1484,128232,96,214681
19427,0.002276,172.253.118.0-255,2902,131134,96,214681
19428,0.002278,172.31.47.0-255,66,131200,96,214681
19429,0.002284,172.253.118.0-255,5738,136938,96,214681
19430,0.002285,172.31.47.0-255,66,137004,96,214681
19431,0.002289,172.253.118.0-255,2902,139906,96,214681
19432,0.002291,172.31.47.0-255,66,139972,96,214681
19433,0.002311,172.253.118.0-255,4320,144292,96,214681
19434,0.002327,172.253.118.0-255,1484,145776,96,214681
19435,0.00235,172.253.118.0-255,1484,147260,96,214681
19436,0.002371,172.253.118.0-255,5020,152280,96,214681
19437,0.006253,172.31.47.0-255,66,152346,96,214681
19438,0.008564,172.253.118.0-255,5738,158084,96,214681
19439,0.008571,172.31.47.0-255,66,158150,96,214681
19440,0.010886,172.253.118.0-255,5738,163888,96,214681
19441,0.010894,172.31.47.0-255,66,163954,96,214681
19442,0.013205,172.253.118.0-255,5738,169692,96,214681
19443,0.013211,172.31.47.0-255,66,169758,96,214681
19444,0.015514,172.253.118.0-255,5738,175496,96,214681
19445,0.015526,172.31.47.0-255,66,175562,96,214681
19446,0.017862,172.253.118.0-255,5738,181300,96,214681
19447,0.017874,172.31.47.0-255,66,181366,96,214681
19448,0.020184,172.253.118.0-255,5738,187104,96,214681
19449,0.020193,172.31.47.0-255,66,187170,96,214681
19450,0.022492,172.253.118.0-255,5738,192908,96,214681
19451,0.022498,172.31.47.0-255,66,192974,96,214681
19452,0.02481,172.253.118.0-255,5738,198712,96,214681
19453,0.024816,172.31.47.0-255,66,198778,96,214681
19454,0.027131,172.253.118.0-255,5738,204516,96,214681
19455,0.027138,172.31.47.0-255,66,204582,96,214681
19456,0.028107,172.31.47.0-255,172,204754,96,214681
19457,0.028141,172.31.47.0-255,1110,205864,96,214681
19458,0.028201,172.31.47.0-255,1514,207378,96,214681
19459,0.028203,172.31.47.0-255,1301,208679,96,214681
19460,0.029445,172.253.118.0-255,5738,214417,96,214681
19461,0.029452,172.31.47.0-255,66,214483,96,214681
19462,0.029658,104.244.42.0-255,66,214549,96,214681
19463,0.029703,104.244.42.0-255,66,214615,96,214681
19464,0.02975,104.244.42.0-255,66,214681,96,214681
19465,0.0,74.125.24.0-255,152,152,96,178382
19466,2.3e-05,172.31.47.0-255,66,218,96,178382
19467,3e-05,74.125.24.0-255,1484,1702,96,178382
19468,3.4e-05,172.31.47.0-255,66,1768,96,178382
19469,4e-05,74.125.24.0-255,2902,4670,96,178382
19470,5.1e-05,172.31.47.0-255,66,4736,96,178382
19471,5.9e-05,74.125.24.0-255,7156,11892,96,178382
19472,6.2e-05,172.31.47.0-255,66,11958,96,178382
19473,6.7e-05,74.125.24.0-255,2054,14012,96,178382
19474,6.8e-05,172.31.47.0-255,66,14078,96,178382
19475,0.000101,74.125.24.0-255,2902,16980,96,178382
19476,0.000104,172.31.47.0-255,66,17046,96,178382
19477,0.000108,74.125.24.0-255,2902,19948,96,178382
19478,0.00011,172.31.47.0-255,66,20014,96,178382
19479,0.00013,74.125.24.0-255,4320,24334,96,178382
19480,0.000137,172.31.47.0-255,66,24400,96,178382
19481,0.000174,74.125.24.0-255,2902,27302,96,178382
19482,0.000177,172.31.47.0-255,66,27368,96,178382
19483,0.000206,74.125.24.0-255,3961,31329,96,178382
19484,0.000209,172.31.47.0-255,66,31395,96,178382
19485,0.000252,74.125.24.0-255,1484,32879,96,178382
19486,0.000254,172.31.47.0-255,66,32945,96,178382
19487,0.000259,74.125.24.0-255,2902,35847,96,178382
19488,0.00026,172.31.47.0-255,66,35913,96,178382
19489,0.000291,74.125.24.0-255,5738,41651,96,178382
19490,0.000294,172.31.47.0-255,66,41717,96,178382
19491,0.000327,74.125.24.0-255,4320,46037,96,178382
19492,0.00033,172.31.47.0-255,66,46103,96,178382
19493,0.000354,74.125.24.0-255,2543,48646,96,178382
19494,0.000356,172.31.47.0-255,66,48712,96,178382
19495,0.000549,74.125.24.0-255,1484,50196,96,178382
19496,0.000554,172.31.47.0-255,66,50262,96,178382
19497,0.000559,74.125.24.0-255,2902,53164,96,178382
19498,0.000561,172.31.47.0-255,66,53230,96,178382
19499,0.000567,74.125.24.0-255,5738,58968,96,178382
19500,0.000573,172.31.47.0-255,66,59034,96,178382
19501,0.000579,74.125.24.0-255,5738,64772,96,178382
19502,0.000581,172.31.47.0-255,66,64838,96,178382
19503,0.00062,74.125.24.0-255,1472,66310,96,178382
19504,0.000732,74.125.24.0-255,329,66639,96,178382
19505,0.000735,172.31.47.0-255,66,66705,96,178382
19506,0.000922,74.125.24.0-255,1484,68189,96,178382
19507,0.000928,74.125.24.0-255,2902,71091,96,178382
19508,0.00093,172.31.47.0-255,66,71157,96,178382
19509,0.000935,74.125.24.0-255,2902,74059,96,178382
19510,0.000936,172.31.47.0-255,66,74125,96,178382
19511,0.000951,74.125.24.0-255,1484,75609,96,178382
19512,0.000954,74.125.24.0-255,1484,77093,96,178382
19513,0.000956,172.31.47.0-255,66,77159,96,178382
19514,0.000991,74.125.24.0-255,4320,81479,96,178382
19515,0.000995,74.125.24.0-255,2543,84022,96,178382
19516,0.000998,172.31.47.0-255,66,84088,96,178382
19517,0.001005,172.31.47.0-255,66,84154,96,178382
19518,0.001012,74.125.24.0-255,2902,87056,96,178382
19519,0.001014,172.31.47.0-255,66,87122,96,178382
19520,0.001017,74.125.24.0-255,1484,88606,96,178382
19521,0.001052,74.125.24.0-255,5738,94344,96,178382
19522,0.001054,172.31.47.0-255,66,94410,96,178382
19523,0.001061,74.125.24.0-255,6797,101207,96,178382
19524,0.001063,172.31.47.0-255,66,101273,96,178382
19525,0.001875,74.125.24.0-255,1484,102757,96,178382
19526,0.001885,74.125.24.0-255,2902,105659,96,178382
19527,0.001889,172.31.47.0-255,66,105725,96,178382
19528,0.001896,74.125.24.0-255,5738,111463,96,178382
19529,0.001898,172.31.47.0-255,66,111529,96,178382
19530,0.00194,172.31.47.0-255,66,111595,96,178382
19531,0.001964,74.125.24.0-255,4320,115915,96,178382
19532,0.001967,172.31.47.0-255,66,115981,96,178382
19533,0.001995,172.31.47.0-255,66,116047,96,178382
19534,0.00454,74.125.24.0-255,5738,121785,96,178382
19535,0.004545,172.31.47.0-255,66,121851,96,178382
19536,0.00709,74.125.24.0-255,5738,127589,96,178382
19537,0.007096,172.31.47.0-255,66,127655,96,178382
19538,0.009623,74.125.24.0-255,5738,133393,96,178382
19539,0.009631,172.31.47.0-255,66,133459,96,178382
19540,0.012147,74.125.24.0-255,5738,139197,96,178382
19541,0.012154,172.31.47.0-255,66,139263,96,178382
19542,0.014673,74.125.24.0-255,5738,145001,96,178382
19543,0.014683,172.31.47.0-255,66,145067,96,178382
19544,0.017244,74.125.24.0-255,5738,150805,96,178382
19545,0.017252,172.31.47.0-255,66,150871,96,178382
19546,0.019788,74.125.24.0-255,5738,156609,96,178382
19547,0.019796,172.31.47.0-255,66,156675,96,178382
19548,0.022356,74.125.24.0-255,5738,162413,96,178382
19549,0.022365,172.31.47.0-255,66,162479,96,178382
19550,0.024941,74.125.24.0-255,5738,168217,96,178382
19551,0.024955,172.31.47.0-255,66,168283,96,178382
19552,0.027407,172.31.47.0-255,172,168455,96,178382
19553,0.027439,172.31.47.0-255,1105,169560,96,178382
19554,0.027471,74.125.24.0-255,5738,175298,96,178382
19555,0.027475,172.31.47.0-255,66,175364,96,178382
19556,0.027694,172.31.47.0-255,1514,176878,96,178382
19557,0.027697,172.31.47.0-255,1306,178184,96,178382
19558,0.028958,104.244.42.0-255,66,178250,96,178382
19559,0.029033,104.244.42.0-255,66,178316,96,178382
19560,0.029313,104.244.42.0-255,66,178382,96,178382
19561,0.0,74.125.24.0-255,153,153,96,224914
19562,2.3e-05,172.31.47.0-255,66,219,96,224914
19563,2.9e-05,74.125.24.0-255,1484,1703,96,224914
19564,3.3e-05,172.31.47.0-255,66,1769,96,224914
19565,5.4e-05,74.125.24.0-255,2902,4671,96,224914
19566,5.7e-05,172.31.47.0-255,66,4737,96,224914
19567,6e-05,74.125.24.0-255,1484,6221,96,224914
19568,6.1e-05,172.31.47.0-255,66,6287,96,224914
19569,9.2e-05,74.125.24.0-255,5738,12025,96,224914
19570,9.5e-05,172.31.47.0-255,66,12091,96,224914
19571,9.8e-05,74.125.24.0-255,2081,14172,96,224914
19572,0.0001,172.31.47.0-255,66,14238,96,224914
19573,0.000217,74.125.24.0-255,1484,15722,96,224914
19574,0.000222,172.31.47.0-255,66,15788,96,224914
19575,0.000227,74.125.24.0-255,2902,18690,96,224914
19576,0.00023,172.31.47.0-255,66,18756,96,224914
19577,0.000259,74.125.24.0-255,5738,24494,96,224914
19578,0.000263,172.31.47.0-255,66,24560,96,224914
19579,0.000289,74.125.24.0-255,5738,30298,96,224914
19580,0.000292,172.31.47.0-255,66,30364,96,224914
19581,0.000328,172.31.47.0-255,66,30430,96,224914
19582,0.000339,172.31.47.0-255,66,30496,96,224914
19583,0.000342,74.125.24.0-255,1484,31980,96,224914
19584,0.000344,172.31.47.0-255,66,32046,96,224914
19585,0.000358,74.125.24.0-255,1484,33530,96,224914
19586,0.000361,172.31.47.0-255,66,33596,96,224914
19587,0.000373,74.125.24.0-255,4320,37916,96,224914
19588,0.000376,172.31.47.0-255,66,37982,96,224914
19589,0.000384,74.125.24.0-255,7156,45138,96,224914
19590,0.000387,172.31.47.0-255,66,45204,96,224914
19591,0.000414,74.125.24.0-255,1484,46688,96,224914
19592,0.000418,74.125.24.0-255,1397,48085,96,224914
19593,0.000421,172.31.47.0-255,66,48151,96,224914
19594,0.000461,74.125.24.0-255,382,48533,96,224914
19595,0.000596,74.125.24.0-255,1484,50017,96,224914
19596,0.0006,172.31.47.0-255,66,50083,96,224914
19597,0.000627,74.125.24.0-255,2902,52985,96,224914
19598,0.00063,172.31.47.0-255,66,53051,96,224914
19599,0.000636,74.125.24.0-255,5738,58789,96,224914
19600,0.000642,172.31.47.0-255,66,58855,96,224914
19601,0.000668,74.125.24.0-255,7156,66011,96,224914
19602,0.000671,172.31.47.0-255,66,66077,96,224914
19603,0.000701,74.125.24.0-255,6797,72874,96,224914
19604,0.000704,172.31.47.0-255,66,72940,96,224914
19605,0.000711,74.125.24.0-255,7156,80096,96,224914
19606,0.000713,172.31.47.0-255,66,80162,96,224914
19607,0.000738,74.125.24.0-255,2543,82705,96,224914
19608,0.000741,172.31.47.0-255,66,82771,96,224914
19609,0.000955,74.125.24.0-255,1484,84255,96,224914
19610,0.000959,74.125.24.0-255,1484,85739,96,224914
19611,0.000962,172.31.47.0-255,66,85805,96,224914
19612,0.000987,74.125.24.0-255,1484,87289,96,224914
19613,0.000992,74.125.24.0-255,4320,91609,96,224914
19614,0.000995,172.31.47.0-255,66,91675,96,224914
19615,0.001043,74.125.24.0-255,4320,95995,96,224914
19616,0.001043,172.31.47.0-255,66,96061,96,224914
19617,0.001047,172.31.47.0-255,66,96127,96,224914
19618,0.001077,74.125.24.0-255,5738,101865,96,224914
19619,0.001081,172.31.47.0-255,66,101931,96,224914
19620,0.001093,74.125.24.0-255,6438,108369,96,224914
19621,0.001096,172.31.47.0-255,66,108435,96,224914
19622,0.00116,74.125.24.0-255,1484,109919,96,224914
19623,0.00118,74.125.24.0-255,2902,112821,96,224914
19624,0.001185,172.31.47.0-255,66,112887,96,224914
19625,0.001222,74.125.24.0-255,4320,117207,96,224914
19626,0.001226,172.31.47.0-255,66,117273,96,224914
19627,0.001255,74.125.24.0-255,1484,118757,96,224914
19628,0.00127,172.31.47.0-255,66,118823,96,224914
19629,0.001276,74.125.24.0-255,7156,125979,96,224914
19630,0.001278,172.31.47.0-255,66,126045,96,224914
19631,0.00129,74.125.24.0-255,3602,129647,96,224914
19632,0.001292,172.31.47.0-255,66,129713,96,224914
19633,0.001611,74.125.24.0-255,1484,131197,96,224914
19634,0.001619,74.125.24.0-255,2902,134099,96,224914
19635,0.001623,172.31.47.0-255,66,134165,96,224914
19636,0.001651,74.125.24.0-255,5738,139903,96,224914
19637,0.001654,172.31.47.0-255,66,139969,96,224914
19638,0.001678,74.125.24.0-255,1484,141453,96,224914
19639,0.001699,74.125.24.0-255,7156,148609,96,224914
19640,0.001702,172.31.47.0-255,66,148675,96,224914
19641,0.001734,74.125.24.0-255,4320,152995,96,224914
19642,0.001737,172.31.47.0-255,66,153061,96,224914
19643,0.00175,172.31.47.0-255,66,153127,96,224914
19644,0.001794,74.125.24.0-255,1484,154611,96,224914
19645,0.001798,74.125.24.0-255,1484,156095,96,224914
19646,0.001801,172.31.47.0-255,66,156161,96,224914
19647,0.001824,74.125.24.0-255,1484,157645,96,224914
19648,0.00183,74.125.24.0-255,5738,163383,96,224914
19649,0.001833,172.31.47.0-255,66,163449,96,224914
19650,0.001841,74.125.24.0-255,7156,170605,96,224914
19651,0.001843,172.31.47.0-255,66,170671,96,224914
19652,0.001865,74.125.24.0-255,1484,172155,96,224914
19653,0.00187,74.125.24.0-255,2902,175057,96,224914
19654,0.001872,172.31.47.0-255,66,175123,96,224914
19655,0.001918,172.31.47.0-255,66,175189,96,224914
19656,0.001933,172.31.47.0-255,66,175255,96,224914
19657,0.001959,74.125.24.0-255,4320,179575,96,224914
19658,0.001963,172.31.47.0-255,66,179641,96,224914
19659,0.00197,74.125.24.0-255,7156,186797,96,224914
19660,0.001973,172.31.47.0-255,66,186863,96,224914
19661,0.002011,74.125.24.0-255,6438,193301,96,224914
19662,0.002014,172.31.47.0-255,66,193367,96,224914
19663,0.002047,74.125.24.0-255,1484,194851,96,224914
19664,0.002077,74.125.24.0-255,2902,197753,96,224914
19665,0.00208,172.31.47.0-255,66,197819,96,224914
19666,0.00211,74.125.24.0-255,2902,200721,96,224914
19667,0.002113,172.31.47.0-255,66,200787,96,224914
19668,0.002138,74.125.24.0-255,2902,203689,96,224914
19669,0.002141,172.31.47.0-255,66,203755,96,224914
19670,0.002174,74.125.24.0-255,1484,205239,96,224914
19671,0.00219,74.125.24.0-255,7156,212395,96,224914
19672,0.002194,172.31.47.0-255,66,212461,96,224914
19673,0.002199,74.125.24.0-255,4320,216781,96,224914
19674,0.002201,172.31.47.0-255,66,216847,96,224914
19675,0.002234,172.31.47.0-255,66,216913,96,224914
19676,0.002254,172.31.47.0-255,66,216979,96,224914
19677,0.00227,172.31.47.0-255,66,217045,96,224914
19678,0.002278,172.31.47.0-255,66,217111,96,224914
19679,0.002302,172.31.47.0-255,66,217177,96,224914
19680,0.002349,74.125.24.0-255,1484,218661,96,224914
19681,0.002399,172.31.47.0-255,66,218727,96,224914
19682,0.002402,74.125.24.0-255,1484,220211,96,224914
19683,0.002418,172.31.47.0-255,66,220277,96,224914
19684,0.002421,74.125.24.0-255,105,220382,96,224914
19685,0.003488,172.31.47.0-255,66,220448,96,224914
19686,0.00351,172.31.47.0-255,105,220553,96,224914
19687,0.006052,74.125.24.0-255,66,220619,96,224914
19688,0.026821,172.31.47.0-255,172,220791,96,224914
19689,0.026849,172.31.47.0-255,1110,221901,96,224914
19690,0.026882,172.31.47.0-255,1514,223415,96,224914
19691,0.026884,172.31.47.0-255,1301,224716,96,224914
19692,0.028344,104.244.42.0-255,66,224782,96,224914
19693,0.028368,104.244.42.0-255,66,224848,96,224914
19694,0.028446,104.244.42.0-255,66,224914,96,224914
19695,0.0,74.125.130.0-255,153,153,96,198916
19696,2.2e-05,172.31.47.0-255,66,219,96,198916
19697,4.1e-05,74.125.130.0-255,1484,1703,96,198916
19698,4.4e-05,172.31.47.0-255,66,1769,96,198916
19699,4.9e-05,74.125.130.0-255,2902,4671,96,198916
19700,5.2e-05,172.31.47.0-255,66,4737,96,198916
19701,7.3e-05,74.125.130.0-255,1484,6221,96,198916
19702,7.5e-05,172.31.47.0-255,66,6287,96,198916
19703,0.000101,74.125.130.0-255,4320,10607,96,198916
19704,0.000104,172.31.47.0-255,66,10673,96,198916
19705,0.000112,74.125.130.0-255,3557,14230,96,198916
19706,0.000115,172.31.47.0-255,66,14296,96,198916
19707,0.000215,74.125.130.0-255,1484,15780,96,198916
19708,0.000219,172.31.47.0-255,66,15846,96,198916
19709,0.000223,74.125.130.0-255,1484,17330,96,198916
19710,0.000224,172.31.47.0-255,66,17396,96,198916
19711,0.000254,74.125.130.0-255,1484,18880,96,198916
19712,0.000257,172.31.47.0-255,66,18946,96,198916
19713,0.000262,74.125.130.0-255,5738,24684,96,198916
19714,0.000265,172.31.47.0-255,66,24750,96,198916
19715,0.000268,74.125.130.0-255,2902,27652,96,198916
19716,0.000274,172.31.47.0-255,66,27718,96,198916
19717,0.0003,74.125.130.0-255,3961,31679,96,198916
19718,0.000307,172.31.47.0-255,66,31745,96,198916
19719,0.000361,74.125.130.0-255,1484,33229,96,198916
19720,0.000363,172.31.47.0-255,66,33295,96,198916
19721,0.000367,74.125.130.0-255,2902,36197,96,198916
19722,0.000369,172.31.47.0-255,66,36263,96,198916
19723,0.000403,74.125.130.0-255,5738,42001,96,198916
19724,0.000407,74.125.130.0-255,2902,44903,96,198916
19725,0.000408,172.31.47.0-255,66,44969,96,198916
19726,0.000411,172.31.47.0-255,66,45035,96,198916
19727,0.000419,74.125.130.0-255,3961,48996,96,198916
19728,0.000421,172.31.47.0-255,66,49062,96,198916
19729,0.001072,74.125.130.0-255,1484,50546,96,198916
19730,0.001113,74.125.130.0-255,2902,53448,96,198916
19731,0.001119,172.31.47.0-255,66,53514,96,198916
19732,0.001122,74.125.130.0-255,1484,54998,96,198916
19733,0.001149,74.125.130.0-255,2902,57900,96,198916
19734,0.001152,172.31.47.0-255,66,57966,96,198916
19735,0.001177,172.31.47.0-255,66,58032,96,198916
19736,0.001214,172.31.47.0-255,66,58098,96,198916
19737,0.001217,74.125.130.0-255,1484,59582,96,198916
19738,0.001249,74.125.130.0-255,6797,66379,96,198916
19739,0.001252,172.31.47.0-255,66,66445,96,198916
19740,0.001358,74.125.130.0-255,1484,67929,96,198916
19741,0.001362,74.125.130.0-255,1484,69413,96,198916
19742,0.001365,172.31.47.0-255,66,69479,96,198916
19743,0.001392,74.125.130.0-255,2902,72381,96,198916
19744,0.001395,172.31.47.0-255,66,72447,96,198916
19745,0.001427,74.125.130.0-255,1484,73931,96,198916
19746,0.001459,74.125.130.0-255,1484,75415,96,198916
19747,0.001462,172.31.47.0-255,66,75481,96,198916
19748,0.001487,74.125.130.0-255,1484,76965,96,198916
19749,0.001493,74.125.130.0-255,4320,81285,96,198916
19750,0.001495,172.31.47.0-255,66,81351,96,198916
19751,0.001519,74.125.130.0-255,1484,82835,96,198916
19752,0.001532,74.125.130.0-255,1704,84539,96,198916
19753,0.001535,172.31.47.0-255,66,84605,96,198916
19754,0.001698,74.125.130.0-255,1484,86089,96,198916
19755,0.001704,74.125.130.0-255,2902,88991,96,198916
19756,0.001707,172.31.47.0-255,66,89057,96,198916
19757,0.001736,74.125.130.0-255,2902,91959,96,198916
19758,0.001738,172.31.47.0-255,66,92025,96,198916
19759,0.001743,74.125.130.0-255,4320,96345,96,198916
19760,0.001745,172.31.47.0-255,66,96411,96,198916
19761,0.001776,74.125.130.0-255,7156,103567,96,198916
19762,0.001778,172.31.47.0-255,66,103633,96,198916
19763,0.001803,74.125.130.0-255,1981,105614,96,198916
19764,0.001805,172.31.47.0-255,66,105680,96,198916
19765,0.001809,74.125.130.0-255,2902,108582,96,198916
19766,0.001811,172.31.47.0-255,66,108648,96,198916
19767,0.001843,74.125.130.0-255,1484,110132,96,198916
19768,0.001879,172.31.47.0-255,66,110198,96,198916
19769,0.001883,74.125.130.0-255,4320,114518,96,198916
19770,0.001885,172.31.47.0-255,66,114584,96,198916
19771,0.001914,172.31.47.0-255,66,114650,96,198916
19772,0.003887,74.125.130.0-255,5738,120388,96,198916
19773,0.003892,172.31.47.0-255,66,120454,96,198916
19774,0.005883,74.125.130.0-255,5738,126192,96,198916
19775,0.005888,172.31.47.0-255,66,126258,96,198916
19776,0.007883,74.125.130.0-255,5738,131996,96,198916
19777,0.007891,172.31.47.0-255,66,132062,96,198916
19778,0.009879,74.125.130.0-255,5738,137800,96,198916
19779,0.009887,172.31.47.0-255,66,137866,96,198916
19780,0.011865,74.125.130.0-255,5738,143604,96,198916
19781,0.011873,172.31.47.0-255,66,143670,96,198916
19782,0.013862,74.125.130.0-255,5738,149408,96,198916
19783,0.013872,172.31.47.0-255,66,149474,96,198916
19784,0.015858,74.125.130.0-255,5738,155212,96,198916
19785,0.015867,172.31.47.0-255,66,155278,96,198916
19786,0.017843,74.125.130.0-255,5738,161016,96,198916
19787,0.017851,172.31.47.0-255,66,161082,96,198916
19788,0.01983,74.125.130.0-255,4320,165402,96,198916
19789,0.019839,172.31.47.0-255,66,165468,96,198916
19790,0.019874,74.125.130.0-255,1484,166952,96,198916
19791,0.02182,74.125.130.0-255,4320,171272,96,198916
19792,0.021826,172.31.47.0-255,66,171338,96,198916
19793,0.0235,172.31.47.0-255,172,171510,96,198916
19794,0.023528,172.31.47.0-255,1104,172614,96,198916
19795,0.023565,172.31.47.0-255,1514,174128,96,198916
19796,0.023567,172.31.47.0-255,1308,175436,96,198916
19797,0.023804,74.125.130.0-255,5738,181174,96,198916
19798,0.023814,172.31.47.0-255,66,181240,96,198916
19799,0.025018,104.244.42.0-255,66,181306,96,198916
19800,0.025051,104.244.42.0-255,66,181372,96,198916
19801,0.025111,104.244.42.0-255,66,181438,96,198916
19802,0.025787,74.125.130.0-255,1484,182922,96,198916
19803,0.025809,74.125.130.0-255,4320,187242,96,198916
19804,0.025814,172.31.47.0-255,66,187308,96,198916
19805,0.027808,74.125.130.0-255,5738,193046,96,198916
19806,0.027814,172.31.47.0-255,66,193112,96,198916
19807,0.02981,74.125.130.0-255,5738,198850,96,198916
19808,0.029822,172.31.47.0-255,66,198916,96,198916
19809,0.0,74.125.200.0-255,152,152,96,241205
19810,3.2e-05,172.31.47.0-255,66,218,96,241205
19811,3.8e-05,74.125.200.0-255,1484,1702,96,241205
19812,4.2e-05,172.31.47.0-255,66,1768,96,241205
19813,4.7e-05,74.125.200.0-255,2902,4670,96,241205
19814,4.9e-05,172.31.47.0-255,66,4736,96,241205
19815,5.5e-05,74.125.200.0-255,5738,10474,96,241205
19816,5.8e-05,172.31.47.0-255,66,10540,96,241205
19817,7.8e-05,74.125.200.0-255,3367,13907,96,241205
19818,8e-05,172.31.47.0-255,66,13973,96,241205
19819,0.000245,74.125.200.0-255,1484,15457,96,241205
19820,0.00025,172.31.47.0-255,66,15523,96,241205
19821,0.000254,74.125.200.0-255,2902,18425,96,241205
19822,0.000257,172.31.47.0-255,66,18491,96,241205
19823,0.000275,74.125.200.0-255,5738,24229,96,241205
19824,0.000278,172.31.47.0-255,66,24295,96,241205
19825,0.000281,74.125.200.0-255,2902,27197,96,241205
19826,0.000284,172.31.47.0-255,66,27263,96,241205
19827,0.000306,74.125.200.0-255,3961,31224,96,241205
19828,0.000309,172.31.47.0-255,66,31290,96,241205
19829,0.000312,74.125.200.0-255,1484,32774,96,241205
19830,0.000314,172.31.47.0-255,66,32840,96,241205
19831,0.000347,74.125.200.0-255,5738,38578,96,241205
19832,0.00035,172.31.47.0-255,66,38644,96,241205
19833,0.000363,74.125.200.0-255,1484,40128,96,241205
19834,0.000365,172.31.47.0-255,66,40194,96,241205
19835,0.00037,74.125.200.0-255,4320,44514,96,241205
19836,0.000372,172.31.47.0-255,66,44580,96,241205
19837,0.000382,172.31.47.0-255,66,44646,96,241205
19838,0.000406,74.125.200.0-255,4320,48966,96,241205
19839,0.000409,172.31.47.0-255,66,49032,96,241205
19840,0.000415,74.125.200.0-255,6438,55470,96,241205
19841,0.000422,172.31.47.0-255,66,55536,96,241205
19842,0.00044,74.125.200.0-255,396,55932,96,241205
19843,0.000444,74.125.200.0-255,110,56042,96,241205
19844,0.000467,74.125.200.0-255,334,56376,96,241205
19845,0.000684,74.125.200.0-255,1484,57860,96,241205
19846,0.000687,172.31.47.0-255,66,57926,96,241205
19847,0.000692,74.125.200.0-255,2902,60828,96,241205
19848,0.000694,172.31.47.0-255,66,60894,96,241205
19849,0.000709,74.125.200.0-255,1484,62378,96,241205
19850,0.000723,74.125.200.0-255,4320,66698,96,241205
19851,0.000725,172.31.47.0-255,66,66764,96,241205
19852,0.000753,172.31.47.0-255,66,66830,96,241205
19853,0.000779,74.125.200.0-255,2902,69732,96,241205
19854,0.000781,172.31.47.0-255,66,69798,96,241205
19855,0.000793,172.31.47.0-255,66,69864,96,241205
19856,0.001215,74.125.200.0-255,1484,71348,96,241205
19857,0.001225,74.125.200.0-255,1484,72832,96,241205
19858,0.001228,172.31.47.0-255,66,72898,96,241205
19859,0.001247,74.125.200.0-255,1484,74382,96,241205
19860,0.00125,74.125.200.0-255,1484,75866,96,241205
19861,0.001252,172.31.47.0-255,66,75932,96,241205
19862,0.001256,74.125.200.0-255,2902,78834,96,241205
19863,0.001257,172.31.47.0-255,66,78900,96,241205
19864,0.001287,74.125.200.0-255,5738,84638,96,241205
19865,0.001289,172.31.47.0-255,66,84704,96,241205
19866,0.001292,74.125.200.0-255,1484,86188,96,241205
19867,0.001319,172.31.47.0-255,66,86254,96,241205
19868,0.001361,172.31.47.0-255,66,86320,96,241205
19869,0.001601,74.125.200.0-255,1484,87804,96,241205
19870,0.001608,74.125.200.0-255,2902,90706,96,241205
19871,0.001611,172.31.47.0-255,66,90772,96,241205
19872,0.001635,74.125.200.0-255,5738,96510,96,241205
19873,0.001637,172.31.47.0-255,66,96576,96,241205
19874,0.001641,74.125.200.0-255,2902,99478,96,241205
19875,0.001642,172.31.47.0-255,66,99544,96,241205
19876,0.001665,74.125.200.0-255,1484,101028,96,241205
19877,0.00167,74.125.200.0-255,5738,106766,96,241205
19878,0.001673,172.31.47.0-255,66,106832,96,241205
19879,0.001696,74.125.200.0-255,5738,112570,96,241205
19880,0.0017,172.31.47.0-255,66,112636,96,241205
19881,0.001716,74.125.200.0-255,2902,115538,96,241205
19882,0.001718,172.31.47.0-255,66,115604,96,241205
19883,0.001739,74.125.200.0-255,4320,119924,96,241205
19884,0.001742,74.125.200.0-255,766,120690,96,241205
19885,0.001744,172.31.47.0-255,66,120756,96,241205
19886,0.001823,74.125.200.0-255,1484,122240,96,241205
19887,0.001827,172.31.47.0-255,66,122306,96,241205
19888,0.001846,74.125.200.0-255,2902,125208,96,241205
19889,0.001848,172.31.47.0-255,66,125274,96,241205
19890,0.001851,74.125.200.0-255,1484,126758,96,241205
19891,0.001855,74.125.200.0-255,2902,129660,96,241205
19892,0.001857,172.31.47.0-255,66,129726,96,241205
19893,0.001902,74.125.200.0-255,5738,135464,96,241205
19894,0.001905,172.31.47.0-255,66,135530,96,241205
19895,0.001911,74.125.200.0-255,5738,141268,96,241205
19896,0.001912,172.31.47.0-255,66,141334,96,241205
19897,0.001935,74.125.200.0-255,5738,147072,96,241205
19898,0.001937,172.31.47.0-255,66,147138,96,241205
19899,0.001956,74.125.200.0-255,1484,148622,96,241205
19900,0.00196,74.125.200.0-255,4320,152942,96,241205
19901,0.001962,172.31.47.0-255,66,153008,96,241205
19902,0.002005,74.125.200.0-255,2184,155192,96,241205
19903,0.002008,172.31.47.0-255,66,155258,96,241205
19904,0.002321,74.125.200.0-255,1484,156742,96,241205
19905,0.002336,74.125.200.0-255,2902,159644,96,241205
19906,0.002339,172.31.47.0-255,66,159710,96,241205
19907,0.002361,74.125.200.0-255,5738,165448,96,241205
19908,0.002363,172.31.47.0-255,66,165514,96,241205
19909,0.002385,74.125.200.0-255,7156,172670,96,241205
19910,0.002387,172.31.47.0-255,66,172736,96,241205
19911,0.00239,74.125.200.0-255,1484,174220,96,241205
19912,0.004739,74.125.200.0-255,4320,178540,96,241205
19913,0.004743,172.31.47.0-255,66,178606,96,241205
19914,0.007124,74.125.200.0-255,5738,184344,96,241205
19915,0.00714,172.31.47.0-255,66,184410,96,241205
19916,0.009513,74.125.200.0-255,5738,190148,96,241205
19917,0.009529,172.31.47.0-255,66,190214,96,241205
19918,0.011919,74.125.200.0-255,5738,195952,96,241205
19919,0.011931,172.31.47.0-255,66,196018,96,241205
19920,0.014317,74.125.200.0-255,5738,201756,96,241205
19921,0.014336,172.31.47.0-255,66,201822,96,241205
19922,0.016736,74.125.200.0-255,5738,207560,96,241205
19923,0.016748,172.31.47.0-255,66,207626,96,241205
19924,0.019137,74.125.200.0-255,5738,213364,96,241205
19925,0.019155,172.31.47.0-255,66,213430,96,241205
19926,0.02153,74.125.200.0-255,5738,219168,96,241205
19927,0.021547,172.31.47.0-255,66,219234,96,241205
19928,0.023908,74.125.200.0-255,1484,220718,96,241205
19929,0.023928,74.125.200.0-255,4320,225038,96,241205
19930,0.023934,172.31.47.0-255,66,225104,96,241205
19931,0.024645,172.31.47.0-255,172,225276,96,241205
19932,0.024676,172.31.47.0-255,1109,226385,96,241205
19933,0.024701,172.31.47.0-255,1514,227899,96,241205
19934,0.024702,172.31.47.0-255,1302,229201,96,241205
19935,0.026197,104.244.42.0-255,66,229267,96,241205
19936,0.026258,104.244.42.0-255,66,229333,96,241205
19937,0.026264,104.244.42.0-255,66,229399,96,241205
19938,0.026303,74.125.200.0-255,2902,232301,96,241205
19939,0.026313,172.31.47.0-255,66,232367,96,241205
19940,0.026339,74.125.200.0-255,2902,235269,96,241205
19941,0.026344,172.31.47.0-255,66,235335,96,241205
19942,0.028694,74.125.200.0-255,4320,239655,96,241205
19943,0.028708,172.31.47.0-255,66,239721,96,241205
19944,0.02873,74.125.200.0-255,1484,241205,96,241205
19945,0.0,172.217.194.0-255,152,152,96,192423
19946,2.9e-05,172.31.47.0-255,66,218,96,192423
19947,3.6e-05,172.217.194.0-255,1484,1702,96,192423
19948,4e-05,172.31.47.0-255,66,1768,96,192423
19949,4.4e-05,172.217.194.0-255,2902,4670,96,192423
19950,4.6e-05,172.31.47.0-255,66,4736,96,192423
19951,6.1e-05,172.217.194.0-255,7156,11892,96,192423
19952,6.3e-05,172.31.47.0-255,66,11958,96,192423
19953,0.000106,172.217.194.0-255,4320,16278,96,192423
19954,0.000108,172.31.47.0-255,66,16344,96,192423
19955,0.000134,172.217.194.0-255,2219,18563,96,192423
19956,0.000137,172.31.47.0-255,66,18629,96,192423
19957,0.000143,172.217.194.0-255,7156,25785,96,192423
19958,0.000145,172.31.47.0-255,66,25851,96,192423
19959,0.000147,172.217.194.0-255,1484,27335,96,192423
19960,0.000149,172.31.47.0-255,66,27401,96,192423
19961,0.000178,172.217.194.0-255,3961,31362,96,192423
19962,0.000181,172.31.47.0-255,66,31428,96,192423
19963,0.000337,172.217.194.0-255,1484,32912,96,192423
19964,0.000341,172.31.47.0-255,66,32978,96,192423
19965,0.000344,172.217.194.0-255,1484,34462,96,192423
19966,0.000346,172.31.47.0-255,66,34528,96,192423
19967,0.000365,172.217.194.0-255,1484,36012,96,192423
19968,0.000374,172.217.194.0-255,5738,41750,96,192423
19969,0.000371,172.31.47.0-255,66,41816,96,192423
19970,0.000377,172.31.47.0-255,66,41882,96,192423
19971,0.000408,172.31.47.0-255,66,41948,96,192423
19972,0.000411,172.217.194.0-255,1484,43432,96,192423
19973,0.000412,172.31.47.0-255,66,43498,96,192423
19974,0.000453,172.31.47.0-255,66,43564,96,192423
19975,0.000456,172.217.194.0-255,408,43972,96,192423
19976,0.000521,172.217.194.0-255,1484,45456,96,192423
19977,0.000525,172.31.47.0-255,66,45522,96,192423
19978,0.000529,172.217.194.0-255,2902,48424,96,192423
19979,0.000531,172.31.47.0-255,66,48490,96,192423
19980,0.000534,172.217.194.0-255,1484,49974,96,192423
19981,0.00056,172.217.194.0-255,4320,54294,96,192423
19982,0.000563,172.31.47.0-255,66,54360,96,192423
19983,0.000598,172.31.47.0-255,66,54426,96,192423
19984,0.000648,172.31.47.0-255,66,54492,96,192423
19985,0.000698,172.217.194.0-255,1484,55976,96,192423
19986,0.000702,172.217.194.0-255,2902,58878,96,192423
19987,0.000705,172.31.47.0-255,66,58944,96,192423
19988,0.000731,172.217.194.0-255,5738,64682,96,192423
19989,0.000734,172.31.47.0-255,66,64748,96,192423
19990,0.00074,172.217.194.0-255,5738,70486,96,192423
19991,0.000741,172.31.47.0-255,66,70552,96,192423
19992,0.000773,172.217.194.0-255,7156,77708,96,192423
19993,0.000776,172.31.47.0-255,66,77774,96,192423
19994,0.000781,172.217.194.0-255,4320,82094,96,192423
19995,0.000783,172.31.47.0-255,66,82160,96,192423
19996,0.000804,172.217.194.0-255,6438,88598,96,192423
19997,0.000812,172.31.47.0-255,66,88664,96,192423
19998,0.001065,172.217.194.0-255,1484,90148,96,192423
19999,0.00107,172.217.194.0-255,2902,93050,96,192423
20000,0.001072,172.31.47.0-255,66,93116,96,192423
20001,0.001098,172.217.194.0-255,5738,98854,96,192423
20002,0.001101,172.31.47.0-255,66,98920,96,192423
20003,0.001125,172.217.194.0-255,4320,103240,96,192423
20004,0.001128,172.31.47.0-255,66,103306,96,192423
20005,0.001161,172.31.47.0-255,66,103372,96,192423
20006,0.001176,172.31.47.0-255,66,103438,96,192423
20007,0.001181,172.217.194.0-255,5738,109176,96,192423
20008,0.001183,172.31.47.0-255,66,109242,96,192423
20009,0.00123,172.31.47.0-255,66,109308,96,192423
20010,0.001239,172.31.47.0-255,66,109374,96,192423
20011,0.001417,172.217.194.0-255,1484,110858,96,192423
20012,0.001422,172.217.194.0-255,2902,113760,96,192423
20013,0.001424,172.31.47.0-255,66,113826,96,192423
20014,0.00145,172.217.194.0-255,5738,119564,96,192423
20015,0.001453,172.31.47.0-255,66,119630,96,192423
20016,0.001462,172.31.47.0-255,66,119696,96,192423
20017,0.001507,172.217.194.0-255,2902,122598,96,192423
20018,0.00151,172.31.47.0-255,66,122664,96,192423
20019,0.001541,172.31.47.0-255,66,122730,96,192423
20020,0.001757,172.217.194.0-255,1484,124214,96,192423
20021,0.001774,172.217.194.0-255,2902,127116,96,192423
20022,0.001778,172.217.194.0-255,2902,130018,96,192423
20023,0.001778,172.31.47.0-255,66,130084,96,192423
20024,0.001782,172.31.47.0-255,66,130150,96,192423
20025,0.001797,172.217.194.0-255,2902,133052,96,192423
20026,0.0018,172.31.47.0-255,66,133118,96,192423
20027,0.001803,172.217.194.0-255,1484,134602,96,192423
20028,0.001842,172.31.47.0-255,66,134668,96,192423
20029,0.001849,172.217.194.0-255,7156,141824,96,192423
20030,0.001851,172.31.47.0-255,66,141890,96,192423
20031,0.001882,172.217.194.0-255,6438,148328,96,192423
20032,0.001885,172.31.47.0-255,66,148394,96,192423
20033,0.001896,172.31.47.0-255,66,148460,96,192423
20034,0.001967,172.31.47.0-255,66,148526,96,192423
20035,0.001977,172.31.47.0-255,66,148592,96,192423
20036,0.001982,172.217.194.0-255,4320,152912,96,192423
20037,0.001983,172.31.47.0-255,66,152978,96,192423
20038,0.002015,172.217.194.0-255,5738,158716,96,192423
20039,0.002022,172.217.194.0-255,7156,165872,96,192423
20040,0.002022,172.31.47.0-255,66,165938,96,192423
20041,0.002025,172.31.47.0-255,66,166004,96,192423
20042,0.002059,172.31.47.0-255,66,166070,96,192423
20043,0.002064,172.217.194.0-255,4320,170390,96,192423
20044,0.002066,172.31.47.0-255,66,170456,96,192423
20045,0.002095,172.217.194.0-255,5738,176194,96,192423
20046,0.002098,172.31.47.0-255,66,176260,96,192423
20047,0.002113,172.31.47.0-255,66,176326,96,192423
20048,0.002116,172.217.194.0-255,2902,179228,96,192423
20049,0.002118,172.31.47.0-255,66,179294,96,192423
20050,0.002167,172.31.47.0-255,66,179360,96,192423
20051,0.002179,172.31.47.0-255,66,179426,96,192423
20052,0.002189,172.31.47.0-255,66,179492,96,192423
20053,0.002224,172.31.47.0-255,66,179558,96,192423
20054,0.00223,172.217.194.0-255,7156,186714,96,192423
20055,0.002232,172.31.47.0-255,66,186780,96,192423
20056,0.002262,172.217.194.0-255,5235,192015,96,192423
20057,0.002264,172.217.194.0-255,105,192120,96,192423
20058,0.002266,172.31.47.0-255,66,192186,96,192423
20059,0.003005,172.31.47.0-255,66,192252,96,192423
20060,0.003028,172.31.47.0-255,105,192357,96,192423
20061,0.005235,172.217.194.0-255,66,192423,96,192423
20062,0.0,74.125.130.0-255,153,153,96,312938
20063,2.2e-05,172.31.47.0-255,66,219,96,312938
20064,4.4e-05,74.125.130.0-255,1484,1703,96,312938
20065,4.8e-05,172.31.47.0-255,66,1769,96,312938
20066,6.4e-05,74.125.130.0-255,1484,3253,96,312938
20067,6.7e-05,172.31.47.0-255,66,3319,96,312938
20068,7.1e-05,74.125.130.0-255,2902,6221,96,312938
20069,7.4e-05,172.31.47.0-255,66,6287,96,312938
20070,9.1e-05,74.125.130.0-255,2902,9189,96,312938
20071,9.3e-05,172.31.47.0-255,66,9255,96,312938
20072,0.000106,74.125.130.0-255,2902,12157,96,312938
20073,0.000108,172.31.47.0-255,66,12223,96,312938
20074,0.00011,74.125.130.0-255,1484,13707,96,312938
20075,0.000112,172.31.47.0-255,66,13773,96,312938
20076,0.000127,74.125.130.0-255,2093,15866,96,312938
20077,0.000129,172.31.47.0-255,66,15932,96,312938
20078,0.00015,74.125.130.0-255,1484,17416,96,312938
20079,0.000151,172.31.47.0-255,66,17482,96,312938
20080,0.000163,74.125.130.0-255,2902,20384,96,312938
20081,0.000165,172.31.47.0-255,66,20450,96,312938
20082,0.000176,74.125.130.0-255,1484,21934,96,312938
20083,0.000178,172.31.47.0-255,66,22000,96,312938
20084,0.000183,74.125.130.0-255,4320,26320,96,312938
20085,0.000185,172.31.47.0-255,66,26386,96,312938
20086,0.000196,74.125.130.0-255,2902,29288,96,312938
20087,0.000198,172.31.47.0-255,66,29354,96,312938
20088,0.000202,74.125.130.0-255,2543,31897,96,312938
20089,0.000204,172.31.47.0-255,66,31963,96,312938
20090,0.000426,74.125.130.0-255,1484,33447,96,312938
20091,0.000429,172.31.47.0-255,66,33513,96,312938
20092,0.000446,74.125.130.0-255,2902,36415,96,312938
20093,0.000448,172.31.47.0-255,66,36481,96,312938
20094,0.00047,74.125.130.0-255,4320,40801,96,312938
20095,0.000472,172.31.47.0-255,66,40867,96,312938
20096,0.000493,74.125.130.0-255,5738,46605,96,312938
20097,0.000495,172.31.47.0-255,66,46671,96,312938
20098,0.000511,74.125.130.0-255,2543,49214,96,312938
20099,0.000513,172.31.47.0-255,66,49280,96,312938
20100,0.000535,74.125.130.0-255,2902,52182,96,312938
20101,0.000537,172.31.47.0-255,66,52248,96,312938
20102,0.000572,74.125.130.0-255,7156,59404,96,312938
20103,0.000575,172.31.47.0-255,66,59470,96,312938
20104,0.000577,74.125.130.0-255,1484,60954,96,312938
20105,0.000581,74.125.130.0-255,2902,63856,96,312938
20106,0.000583,172.31.47.0-255,66,63922,96,312938
20107,0.000611,74.125.130.0-255,2543,66465,96,312938
20108,0.000614,172.31.47.0-255,66,66531,96,312938
20109,0.000653,74.125.130.0-255,646,67177,96,312938
20110,0.000686,172.31.47.0-255,66,67243,96,312938
20111,0.00085,74.125.130.0-255,1484,68727,96,312938
20112,0.000857,74.125.130.0-255,1484,70211,96,312938
20113,0.00086,172.31.47.0-255,66,70277,96,312938
20114,0.000879,74.125.130.0-255,1484,71761,96,312938
20115,0.000884,74.125.130.0-255,4320,76081,96,312938
20116,0.000886,172.31.47.0-255,66,76147,96,312938
20117,0.000903,74.125.130.0-255,2902,79049,96,312938
20118,0.000906,172.31.47.0-255,66,79115,96,312938
20119,0.000922,74.125.130.0-255,5738,84853,96,312938
20120,0.000924,172.31.47.0-255,66,84919,96,312938
20121,0.00093,74.125.130.0-255,7156,92075,96,312938
20122,0.000932,172.31.47.0-255,66,92141,96,312938
20123,0.000935,74.125.130.0-255,1484,93625,96,312938
20124,0.000955,74.125.130.0-255,7156,100781,96,312938
20125,0.000957,172.31.47.0-255,66,100847,96,312938
20126,0.000961,74.125.130.0-255,766,101613,96,312938
20127,0.001072,74.125.130.0-255,1484,103097,96,312938
20128,0.001076,172.31.47.0-255,66,103163,96,312938
20129,0.001081,74.125.130.0-255,2902,106065,96,312938
20130,0.001083,172.31.47.0-255,66,106131,96,312938
20131,0.001113,74.125.130.0-255,4320,110451,96,312938
20132,0.001115,172.31.47.0-255,66,110517,96,312938
20133,0.001131,74.125.130.0-255,1484,112001,96,312938
20134,0.001146,74.125.130.0-255,1484,113485,96,312938
20135,0.001148,172.31.47.0-255,66,113551,96,312938
20136,0.001164,74.125.130.0-255,5738,119289,96,312938
20137,0.001167,172.31.47.0-255,66,119355,96,312938
20138,0.00117,74.125.130.0-255,2902,122257,96,312938
20139,0.001173,172.31.47.0-255,66,122323,96,312938
20140,0.001187,74.125.130.0-255,4320,126643,96,312938
20141,0.001189,172.31.47.0-255,66,126709,96,312938
20142,0.001218,74.125.130.0-255,2902,129611,96,312938
20143,0.001221,172.31.47.0-255,66,129677,96,312938
20144,0.001239,74.125.130.0-255,4320,133997,96,312938
20145,0.001241,172.31.47.0-255,66,134063,96,312938
20146,0.001269,74.125.130.0-255,4320,138383,96,312938
20147,0.001271,172.31.47.0-255,66,138449,96,312938
20148,0.001288,74.125.130.0-255,3602,142051,96,312938
20149,0.00129,172.31.47.0-255,66,142117,96,312938
20150,0.001299,172.31.47.0-255,66,142183,96,312938
20151,0.00133,172.31.47.0-255,66,142249,96,312938
20152,0.001344,74.125.130.0-255,1484,143733,96,312938
20153,0.001367,74.125.130.0-255,2902,146635,96,312938
20154,0.001369,172.31.47.0-255,66,146701,96,312938
20155,0.001388,74.125.130.0-255,6438,153139,96,312938
20156,0.00139,172.31.47.0-255,66,153205,96,312938
20157,0.001529,74.125.130.0-255,1484,154689,96,312938
20158,0.001532,74.125.130.0-255,1484,156173,96,312938
20159,0.001533,172.31.47.0-255,66,156239,96,312938
20160,0.001549,74.125.130.0-255,1484,157723,96,312938
20161,0.001554,74.125.130.0-255,4320,162043,96,312938
20162,0.001556,172.31.47.0-255,66,162109,96,312938
20163,0.00157,74.125.130.0-255,1484,163593,96,312938
20164,0.001575,74.125.130.0-255,4320,167913,96,312938
20165,0.001577,172.31.47.0-255,66,167979,96,312938
20166,0.001593,74.125.130.0-255,1484,169463,96,312938
20167,0.001599,74.125.130.0-255,7156,176619,96,312938
20168,0.001601,172.31.47.0-255,66,176685,96,312938
20169,0.001634,172.31.47.0-255,66,176751,96,312938
20170,0.001649,74.125.130.0-255,2184,178935,96,312938
20171,0.001651,172.31.47.0-255,66,179001,96,312938
20172,0.00193,74.125.130.0-255,1484,180485,96,312938
20173,0.001943,74.125.130.0-255,2902,183387,96,312938
20174,0.001945,172.31.47.0-255,66,183453,96,312938
20175,0.001956,74.125.130.0-255,4320,187773,96,312938
20176,0.001958,172.31.47.0-255,66,187839,96,312938
20177,0.001979,74.125.130.0-255,1484,189323,96,312938
20178,0.001983,74.125.130.0-255,4320,193643,96,312938
20179,0.001984,172.31.47.0-255,66,193709,96,312938
20180,0.001989,74.125.130.0-255,4320,198029,96,312938
20181,0.00199,172.31.47.0-255,66,198095,96,312938
20182,0.002,74.125.130.0-255,1484,199579,96,312938
20183,0.002015,74.125.130.0-255,4320,203899,96,312938
20184,0.002017,172.31.47.0-255,66,203965,96,312938
20185,0.002038,74.125.130.0-255,7156,211121,96,312938
20186,0.002039,172.31.47.0-255,66,211187,96,312938
20187,0.002043,74.125.130.0-255,2184,213371,96,312938
20188,0.002044,172.31.47.0-255,66,213437,96,312938
20189,0.002167,74.125.130.0-255,1484,214921,96,312938
20190,0.002186,74.125.130.0-255,2902,217823,96,312938
20191,0.002188,172.31.47.0-255,66,217889,96,312938
20192,0.002212,74.125.130.0-255,2902,220791,96,312938
20193,0.002214,172.31.47.0-255,66,220857,96,312938
20194,0.00223,74.125.130.0-255,2902,223759,96,312938
20195,0.002232,172.31.47.0-255,66,223825,96,312938
20196,0.002238,74.125.130.0-255,1484,225309,96,312938
20197,0.002242,74.125.130.0-255,2902,228211,96,312938
20198,0.002244,172.31.47.0-255,66,228277,96,312938
20199,0.002263,74.125.130.0-255,1484,229761,96,312938
20200,0.002274,74.125.130.0-255,2902,232663,96,312938
20201,0.002276,172.31.47.0-255,66,232729,96,312938
20202,0.00229,74.125.130.0-255,1484,234213,96,312938
20203,0.0023,74.125.130.0-255,2902,237115,96,312938
20204,0.002301,172.31.47.0-255,66,237181,96,312938
20205,0.002318,74.125.130.0-255,4320,241501,96,312938
20206,0.00232,172.31.47.0-255,66,241567,96,312938
20207,0.002324,74.125.130.0-255,2902,244469,96,312938
20208,0.002325,172.31.47.0-255,66,244535,96,312938
20209,0.002329,74.125.130.0-255,2902,247437,96,312938
20210,0.002331,172.31.47.0-255,66,247503,96,312938
20211,0.004616,74.125.130.0-255,4320,251823,96,312938
20212,0.004623,172.31.47.0-255,66,251889,96,312938
20213,0.00464,74.125.130.0-255,1484,253373,96,312938
20214,0.006922,74.125.130.0-255,4320,257693,96,312938
20215,0.006927,172.31.47.0-255,66,257759,96,312938
20216,0.009237,74.125.130.0-255,4320,262079,96,312938
20217,0.009242,172.31.47.0-255,66,262145,96,312938
20218,0.009257,74.125.130.0-255,1484,263629,96,312938
20219,0.011547,74.125.130.0-255,4320,267949,96,312938
20220,0.011554,172.31.47.0-255,66,268015,96,312938
20221,0.01389,74.125.130.0-255,5738,273753,96,312938
20222,0.013897,172.31.47.0-255,66,273819,96,312938
20223,0.016203,74.125.130.0-255,5738,279557,96,312938
20224,0.016212,172.31.47.0-255,66,279623,96,312938
20225,0.018521,74.125.130.0-255,5738,285361,96,312938
20226,0.018528,172.31.47.0-255,66,285427,96,312938
20227,0.020829,74.125.130.0-255,5738,291165,96,312938
20228,0.020836,172.31.47.0-255,66,291231,96,312938
20229,0.023137,74.125.130.0-255,5738,296969,96,312938
20230,0.023144,172.31.47.0-255,66,297035,96,312938
20231,0.025453,74.125.130.0-255,5738,302773,96,312938
20232,0.025462,172.31.47.0-255,66,302839,96,312938
20233,0.027014,172.31.47.0-255,172,303011,96,312938
20234,0.027043,172.31.47.0-255,1110,304121,96,312938
20235,0.027084,172.31.47.0-255,1514,305635,96,312938
20236,0.027085,172.31.47.0-255,1301,306936,96,312938
20237,0.027767,74.125.130.0-255,5738,312674,96,312938
20238,0.027774,172.31.47.0-255,66,312740,96,312938
20239,0.028535,104.244.42.0-255,66,312806,96,312938
20240,0.028696,104.244.42.0-255,66,312872,96,312938
20241,0.028699,104.244.42.0-255,66,312938,96,312938
20242,0.0,172.31.47.0-255,105,105,96,177416
20243,0.001864,157.240.13.0-255,105,210,96,177416
20244,0.001876,172.31.47.0-255,66,276,96,177416
20245,0.012498,172.217.194.0-255,146,422,96,177416
20246,0.012505,172.31.47.0-255,66,488,96,177416
20247,0.012523,172.217.194.0-255,1484,1972,96,177416
20248,0.012528,172.31.47.0-255,66,2038,96,177416
20249,0.012544,172.217.194.0-255,2902,4940,96,177416
20250,0.012546,172.31.47.0-255,66,5006,96,177416
20251,0.012575,172.217.194.0-255,7156,12162,96,177416
20252,0.012577,172.31.47.0-255,66,12228,96,177416
20253,0.012592,172.217.194.0-255,1959,14187,96,177416
20254,0.012594,172.31.47.0-255,66,14253,96,177416
20255,0.012707,172.217.194.0-255,1484,15737,96,177416
20256,0.012711,172.31.47.0-255,66,15803,96,177416
20257,0.012726,172.217.194.0-255,2902,18705,96,177416
20258,0.012728,172.31.47.0-255,66,18771,96,177416
20259,0.012732,172.217.194.0-255,2902,21673,96,177416
20260,0.012734,172.31.47.0-255,66,21739,96,177416
20261,0.01276,172.217.194.0-255,4320,26059,96,177416
20262,0.012763,172.31.47.0-255,66,26125,96,177416
20263,0.01278,172.217.194.0-255,1484,27609,96,177416
20264,0.012782,172.31.47.0-255,66,27675,96,177416
20265,0.012801,172.217.194.0-255,3961,31636,96,177416
20266,0.012803,172.31.47.0-255,66,31702,96,177416
20267,0.012824,172.217.194.0-255,5738,37440,96,177416
20268,0.012827,172.31.47.0-255,66,37506,96,177416
20269,0.012831,172.217.194.0-255,2902,40408,96,177416
20270,0.012833,172.31.47.0-255,66,40474,96,177416
20271,0.012847,172.217.194.0-255,2902,43376,96,177416
20272,0.012849,172.31.47.0-255,66,43442,96,177416
20273,0.012887,172.217.194.0-255,2902,46344,96,177416
20274,0.01289,172.31.47.0-255,66,46410,96,177416
20275,0.012904,172.217.194.0-255,2543,48953,96,177416
20276,0.012907,172.31.47.0-255,66,49019,96,177416
20277,0.013241,172.217.194.0-255,1484,50503,96,177416
20278,0.013246,172.31.47.0-255,66,50569,96,177416
20279,0.013253,172.217.194.0-255,2902,53471,96,177416
20280,0.013255,172.31.47.0-255,66,53537,96,177416
20281,0.013258,172.217.194.0-255,1484,55021,96,177416
20282,0.013259,172.31.47.0-255,66,55087,96,177416
20283,0.013287,172.217.194.0-255,4320,59407,96,177416
20284,0.013289,172.31.47.0-255,66,59473,96,177416
20285,0.013293,172.217.194.0-255,2902,62375,96,177416
20286,0.013294,172.31.47.0-255,66,62441,96,177416
20287,0.013309,172.217.194.0-255,3961,66402,96,177416
20288,0.013311,172.31.47.0-255,66,66468,96,177416
20289,0.01333,172.217.194.0-255,648,67116,96,177416
20290,0.013332,172.31.47.0-255,66,67182,96,177416
20291,0.013409,172.217.194.0-255,1484,68666,96,177416
20292,0.013412,172.31.47.0-255,66,68732,96,177416
20293,0.013417,172.217.194.0-255,2902,71634,96,177416
20294,0.013419,172.31.47.0-255,66,71700,96,177416
20295,0.01344,172.217.194.0-255,4320,76020,96,177416
20296,0.013442,172.31.47.0-255,66,76086,96,177416
20297,0.01346,172.217.194.0-255,1484,77570,96,177416
20298,0.013462,172.31.47.0-255,66,77636,96,177416
20299,0.013472,172.31.47.0-255,66,77702,96,177416
20300,0.013504,172.217.194.0-255,1484,79186,96,177416
20301,0.013506,172.31.47.0-255,66,79252,96,177416
20302,0.013541,172.31.47.0-255,66,79318,96,177416
20303,0.014011,172.217.194.0-255,1484,80802,96,177416
20304,0.014016,172.31.47.0-255,66,80868,96,177416
20305,0.014022,172.217.194.0-255,2902,83770,96,177416
20306,0.014024,172.31.47.0-255,66,83836,96,177416
20307,0.014027,172.217.194.0-255,1484,85320,96,177416
20308,0.014029,172.31.47.0-255,66,85386,96,177416
20309,0.01405,172.217.194.0-255,4320,89706,96,177416
20310,0.014052,172.31.47.0-255,66,89772,96,177416
20311,0.014056,172.217.194.0-255,2902,92674,96,177416
20312,0.014058,172.31.47.0-255,66,92740,96,177416
20313,0.014077,172.217.194.0-255,4320,97060,96,177416
20314,0.01408,172.31.47.0-255,66,97126,96,177416
20315,0.014085,172.217.194.0-255,4320,101446,96,177416
20316,0.014088,172.31.47.0-255,66,101512,96,177416
20317,0.014118,172.31.47.0-255,66,101578,96,177416
20318,0.014122,172.217.194.0-255,2184,103762,96,177416
20319,0.014124,172.31.47.0-255,66,103828,96,177416
20320,0.014299,172.217.194.0-255,1484,105312,96,177416
20321,0.014302,172.31.47.0-255,66,105378,96,177416
20322,0.014307,172.217.194.0-255,2902,108280,96,177416
20323,0.014309,172.31.47.0-255,66,108346,96,177416
20324,0.014311,172.217.194.0-255,1484,109830,96,177416
20325,0.014313,172.31.47.0-255,66,109896,96,177416
20326,0.014331,172.217.194.0-255,4320,114216,96,177416
20327,0.014333,172.31.47.0-255,66,114282,96,177416
20328,0.014335,172.217.194.0-255,1484,115766,96,177416
20329,0.014337,172.31.47.0-255,66,115832,96,177416
20330,0.01437,172.31.47.0-255,66,115898,96,177416
20331,0.01438,172.31.47.0-255,66,115964,96,177416
20332,0.014425,172.217.194.0-255,2184,118148,96,177416
20333,0.014427,172.31.47.0-255,66,118214,96,177416
20334,0.014431,172.217.194.0-255,2902,121116,96,177416
20335,0.014433,172.31.47.0-255,66,121182,96,177416
20336,0.014465,172.217.194.0-255,1484,122666,96,177416
20337,0.014467,172.31.47.0-255,66,122732,96,177416
20338,0.014471,172.217.194.0-255,2902,125634,96,177416
20339,0.014473,172.31.47.0-255,66,125700,96,177416
20340,0.014479,172.217.194.0-255,5738,131438,96,177416
20341,0.014481,172.31.47.0-255,66,131504,96,177416
20342,0.014515,172.217.194.0-255,2902,134406,96,177416
20343,0.014517,172.31.47.0-255,66,134472,96,177416
20344,0.014544,172.31.47.0-255,66,134538,96,177416
20345,0.014572,172.217.194.0-255,2902,137440,96,177416
20346,0.014575,172.31.47.0-255,66,137506,96,177416
20347,0.014596,172.217.194.0-255,5020,142526,96,177416
20348,0.014598,172.31.47.0-255,66,142592,96,177416
20349,0.016849,172.217.194.0-255,5738,148330,96,177416
20350,0.016855,172.31.47.0-255,66,148396,96,177416
20351,0.019098,172.217.194.0-255,5738,154134,96,177416
20352,0.019103,172.31.47.0-255,66,154200,96,177416
20353,0.02137,172.217.194.0-255,5738,159938,96,177416
20354,0.021376,172.31.47.0-255,66,160004,96,177416
20355,0.023625,172.217.194.0-255,5738,165742,96,177416
20356,0.023633,172.31.47.0-255,66,165808,96,177416
20357,0.0259,172.217.194.0-255,5738,171546,96,177416
20358,0.025908,172.31.47.0-255,66,171612,96,177416
20359,0.028151,172.217.194.0-255,5738,177350,96,177416
20360,0.02816,172.31.47.0-255,66,177416,96,177416
20361,0.0,172.217.194.0-255,153,153,96,228164
20362,3.2e-05,172.31.47.0-255,66,219,96,228164
20363,4e-05,172.217.194.0-255,1484,1703,96,228164
20364,4.4e-05,172.31.47.0-255,66,1769,96,228164
20365,4.9e-05,172.217.194.0-255,2902,4671,96,228164
20366,5.1e-05,172.31.47.0-255,66,4737,96,228164
20367,6.6e-05,172.217.194.0-255,7156,11893,96,228164
20368,7e-05,172.31.47.0-255,66,11959,96,228164
20369,7.4e-05,172.217.194.0-255,2140,14099,96,228164
20370,7.6e-05,172.31.47.0-255,66,14165,96,228164
20371,0.000161,172.217.194.0-255,1484,15649,96,228164
20372,0.000165,172.31.47.0-255,66,15715,96,228164
20373,0.000171,172.217.194.0-255,2902,18617,96,228164
20374,0.000175,172.31.47.0-255,66,18683,96,228164
20375,0.000197,172.217.194.0-255,5738,24421,96,228164
20376,0.000208,172.31.47.0-255,66,24487,96,228164
20377,0.000215,172.217.194.0-255,4320,28807,96,228164
20378,0.000217,172.31.47.0-255,66,28873,96,228164
20379,0.000248,172.217.194.0-255,2543,31416,96,228164
20380,0.000251,172.31.47.0-255,66,31482,96,228164
20381,0.000353,172.217.194.0-255,1484,32966,96,228164
20382,0.000357,172.31.47.0-255,66,33032,96,228164
20383,0.000362,172.217.194.0-255,2902,35934,96,228164
20384,0.000365,172.31.47.0-255,66,36000,96,228164
20385,0.000377,172.217.194.0-255,5738,41738,96,228164
20386,0.00038,172.31.47.0-255,66,41804,96,228164
20387,0.000437,172.217.194.0-255,5738,47542,96,228164
20388,0.000437,172.31.47.0-255,66,47608,96,228164
20389,0.00044,172.31.47.0-255,66,47674,96,228164
20390,0.000463,172.217.194.0-255,2902,50576,96,228164
20391,0.000467,172.31.47.0-255,66,50642,96,228164
20392,0.000474,172.217.194.0-255,6797,57439,96,228164
20393,0.000477,172.31.47.0-255,66,57505,96,228164
20394,0.001018,172.217.194.0-255,648,58153,96,228164
20395,0.001207,172.217.194.0-255,1484,59637,96,228164
20396,0.001213,172.31.47.0-255,66,59703,96,228164
20397,0.001219,172.217.194.0-255,2902,62605,96,228164
20398,0.001221,172.31.47.0-255,66,62671,96,228164
20399,0.001234,172.217.194.0-255,5738,68409,96,228164
20400,0.001236,172.31.47.0-255,66,68475,96,228164
20401,0.001241,172.217.194.0-255,2902,71377,96,228164
20402,0.001242,172.31.47.0-255,66,71443,96,228164
20403,0.001274,172.217.194.0-255,2902,74345,96,228164
20404,0.001277,172.31.47.0-255,66,74411,96,228164
20405,0.001291,172.31.47.0-255,66,74477,96,228164
20406,0.001323,172.217.194.0-255,1484,75961,96,228164
20407,0.001348,172.217.194.0-255,3602,79563,96,228164
20408,0.001352,172.31.47.0-255,66,79629,96,228164
20409,0.001369,172.217.194.0-255,1484,81113,96,228164
20410,0.001375,172.217.194.0-255,2902,84015,96,228164
20411,0.001377,172.31.47.0-255,66,84081,96,228164
20412,0.001383,172.217.194.0-255,4320,88401,96,228164
20413,0.001385,172.31.47.0-255,66,88467,96,228164
20414,0.00142,172.217.194.0-255,1484,89951,96,228164
20415,0.001436,172.31.47.0-255,66,90017,96,228164
20416,0.00145,172.31.47.0-255,66,90083,96,228164
20417,0.001453,172.217.194.0-255,215,90298,96,228164
20418,0.001475,172.217.194.0-255,1484,91782,96,228164
20419,0.001478,172.31.47.0-255,66,91848,96,228164
20420,0.001483,172.217.194.0-255,4320,96168,96,228164
20421,0.001485,172.31.47.0-255,66,96234,96,228164
20422,0.001516,172.31.47.0-255,66,96300,96,228164
20423,0.001527,172.31.47.0-255,66,96366,96,228164
20424,0.001568,172.217.194.0-255,4320,100686,96,228164
20425,0.00157,172.31.47.0-255,66,100752,96,228164
20426,0.001602,172.217.194.0-255,6438,107190,96,228164
20427,0.001604,172.31.47.0-255,66,107256,96,228164
20428,0.001676,172.217.194.0-255,1484,108740,96,228164
20429,0.001679,172.217.194.0-255,1484,110224,96,228164
20430,0.001681,172.31.47.0-255,66,110290,96,228164
20431,0.001706,172.217.194.0-255,1484,111774,96,228164
20432,0.001712,172.217.194.0-255,5738,117512,96,228164
20433,0.001714,172.31.47.0-255,66,117578,96,228164
20434,0.001718,172.217.194.0-255,4320,121898,96,228164
20435,0.001721,172.31.47.0-255,66,121964,96,228164
20436,0.00176,172.31.47.0-255,66,122030,96,228164
20437,0.001775,172.31.47.0-255,66,122096,96,228164
20438,0.001818,172.31.47.0-255,66,122162,96,228164
20439,0.001837,172.217.194.0-255,4320,126482,96,228164
20440,0.001839,172.31.47.0-255,66,126548,96,228164
20441,0.001841,172.217.194.0-255,1484,128032,96,228164
20442,0.001848,172.217.194.0-255,6438,134470,96,228164
20443,0.00185,172.31.47.0-255,66,134536,96,228164
20444,0.002068,172.217.194.0-255,1484,136020,96,228164
20445,0.002079,172.217.194.0-255,2902,138922,96,228164
20446,0.002082,172.31.47.0-255,66,138988,96,228164
20447,0.002085,172.217.194.0-255,2902,141890,96,228164
20448,0.002087,172.31.47.0-255,66,141956,96,228164
20449,0.002105,172.217.194.0-255,2902,144858,96,228164
20450,0.002108,172.31.47.0-255,66,144924,96,228164
20451,0.002121,172.217.194.0-255,7156,152080,96,228164
20452,0.002129,172.31.47.0-255,66,152146,96,228164
20453,0.002159,172.217.194.0-255,5738,157884,96,228164
20454,0.002161,172.31.47.0-255,66,157950,96,228164
20455,0.002178,172.31.47.0-255,66,158016,96,228164
20456,0.002189,172.31.47.0-255,66,158082,96,228164
20457,0.002231,172.217.194.0-255,7156,165238,96,228164
20458,0.002233,172.31.47.0-255,66,165304,96,228164
20459,0.002265,172.217.194.0-255,2902,168206,96,228164
20460,0.002268,172.31.47.0-255,66,168272,96,228164
20461,0.00228,172.31.47.0-255,66,168338,96,228164
20462,0.002496,172.217.194.0-255,1484,169822,96,228164
20463,0.002516,172.217.194.0-255,2902,172724,96,228164
20464,0.002519,172.31.47.0-255,66,172790,96,228164
20465,0.002524,172.217.194.0-255,4320,177110,96,228164
20466,0.002526,172.31.47.0-255,66,177176,96,228164
20467,0.002561,172.217.194.0-255,1484,178660,96,228164
20468,0.002572,172.31.47.0-255,66,178726,96,228164
20469,0.002598,172.217.194.0-255,7156,185882,96,228164
20470,0.002601,172.31.47.0-255,66,185948,96,228164
20471,0.00263,172.217.194.0-255,6438,192386,96,228164
20472,0.002632,172.31.47.0-255,66,192452,96,228164
20473,0.002635,172.217.194.0-255,1484,193936,96,228164
20474,0.002647,172.31.47.0-255,66,194002,96,228164
20475,0.002678,172.217.194.0-255,4320,198322,96,228164
20476,0.00268,172.31.47.0-255,66,198388,96,228164
20477,0.00269,172.31.47.0-255,66,198454,96,228164
20478,0.002714,172.217.194.0-255,5020,203474,96,228164
20479,0.002717,172.31.47.0-255,66,203540,96,228164
20480,0.002719,172.217.194.0-255,1484,205024,96,228164
20481,0.002743,172.217.194.0-255,2902,207926,96,228164
20482,0.002745,172.31.47.0-255,66,207992,96,228164
20483,0.002751,172.217.194.0-255,5738,213730,96,228164
20484,0.002753,172.31.47.0-255,66,213796,96,228164
20485,0.0028,172.31.47.0-255,66,213862,96,228164
20486,0.002811,172.31.47.0-255,66,213928,96,228164
20487,0.002845,172.217.194.0-255,4320,218248,96,228164
20488,0.002847,172.31.47.0-255,66,218314,96,228164
20489,0.00286,172.217.194.0-255,7156,225470,96,228164
20490,0.002866,172.31.47.0-255,66,225536,96,228164
20491,0.002887,172.217.194.0-255,2123,227659,96,228164
20492,0.002889,172.31.47.0-255,66,227725,96,228164
20493,0.002892,172.217.194.0-255,97,227822,96,228164
20494,0.002894,172.217.194.0-255,105,227927,96,228164
20495,0.00763,172.31.47.0-255,66,227993,96,228164
20496,0.007659,172.31.47.0-255,105,228098,96,228164
20497,0.009887,172.217.194.0-255,66,228164,96,228164
20498,0.0,172.217.194.0-255,153,153,96,236398
20499,2.2e-05,172.31.47.0-255,66,219,96,236398
20500,2.8e-05,172.217.194.0-255,1484,1703,96,236398
20501,3.2e-05,172.31.47.0-255,66,1769,96,236398
20502,3.9e-05,172.217.194.0-255,2902,4671,96,236398
20503,4.2e-05,172.31.47.0-255,66,4737,96,236398
20504,6.6e-05,172.217.194.0-255,7156,11893,96,236398
20505,7e-05,172.31.47.0-255,66,11959,96,236398
20506,7.3e-05,172.217.194.0-255,1484,13443,96,236398
20507,7.4e-05,172.31.47.0-255,66,13509,96,236398
20508,0.000102,172.217.194.0-255,576,14085,96,236398
20509,0.000104,172.31.47.0-255,66,14151,96,236398
20510,0.000135,172.217.194.0-255,1484,15635,96,236398
20511,0.000137,172.31.47.0-255,66,15701,96,236398
20512,0.000155,172.217.194.0-255,2902,18603,96,236398
20513,0.000158,172.31.47.0-255,66,18669,96,236398
20514,0.000174,172.217.194.0-255,1484,20153,96,236398
20515,0.000176,172.31.47.0-255,66,20219,96,236398
20516,0.000183,172.217.194.0-255,4320,24539,96,236398
20517,0.000185,172.31.47.0-255,66,24605,96,236398
20518,0.000211,172.217.194.0-255,4320,28925,96,236398
20519,0.000214,172.31.47.0-255,66,28991,96,236398
20520,0.00022,172.217.194.0-255,4320,33311,96,236398
20521,0.000223,172.31.47.0-255,66,33377,96,236398
20522,0.00025,172.31.47.0-255,66,33443,96,236398
20523,0.000267,172.217.194.0-255,3961,37404,96,236398
20524,0.00027,172.31.47.0-255,66,37470,96,236398
20525,0.000866,172.217.194.0-255,1484,38954,96,236398
20526,0.000872,172.31.47.0-255,66,39020,96,236398
20527,0.000878,172.217.194.0-255,2902,41922,96,236398
20528,0.000881,172.31.47.0-255,66,41988,96,236398
20529,0.000886,172.217.194.0-255,2902,44890,96,236398
20530,0.000889,172.31.47.0-255,66,44956,96,236398
20531,0.000916,172.217.194.0-255,2902,47858,96,236398
20532,0.000919,172.31.47.0-255,66,47924,96,236398
20533,0.000948,172.217.194.0-255,6797,54721,96,236398
20534,0.000955,172.217.194.0-255,7156,61877,96,236398
20535,0.000985,172.31.47.0-255,66,61943,96,236398
20536,0.000988,172.31.47.0-255,66,62009,96,236398
20537,0.001022,172.31.47.0-255,66,62075,96,236398
20538,0.001027,172.217.194.0-255,2902,64977,96,236398
20539,0.001029,172.31.47.0-255,66,65043,96,236398
20540,0.001067,172.31.47.0-255,66,65109,96,236398
20541,0.001098,172.217.194.0-255,5379,70488,96,236398
20542,0.001102,172.31.47.0-255,66,70554,96,236398
20543,0.001698,172.217.194.0-255,1484,72038,96,236398
20544,0.001716,172.217.194.0-255,2902,74940,96,236398
20545,0.00172,172.31.47.0-255,66,75006,96,236398
20546,0.001728,172.217.194.0-255,5738,80744,96,236398
20547,0.00173,172.31.47.0-255,66,80810,96,236398
20548,0.001732,172.217.194.0-255,1484,82294,96,236398
20549,0.001753,172.217.194.0-255,2902,85196,96,236398
20550,0.001755,172.31.47.0-255,66,85262,96,236398
20551,0.001781,172.31.47.0-255,66,85328,96,236398
20552,0.001789,172.217.194.0-255,7156,92484,96,236398
20553,0.00179,172.31.47.0-255,66,92550,96,236398
20554,0.00181,172.217.194.0-255,2184,94734,96,236398
20555,0.001812,172.31.47.0-255,66,94800,96,236398
20556,0.001831,172.217.194.0-255,4320,99120,96,236398
20557,0.001834,172.31.47.0-255,66,99186,96,236398
20558,0.001863,172.217.194.0-255,4320,103506,96,236398
20559,0.001865,172.31.47.0-255,66,103572,96,236398
20560,0.001877,172.31.47.0-255,66,103638,96,236398
20561,0.001882,172.217.194.0-255,4320,107958,96,236398
20562,0.001884,172.31.47.0-255,66,108024,96,236398
20563,0.001918,172.31.47.0-255,66,108090,96,236398
20564,0.001995,172.217.194.0-255,1484,109574,96,236398
20565,0.002018,172.217.194.0-255,2902,112476,96,236398
20566,0.002022,172.31.47.0-255,66,112542,96,236398
20567,0.002028,172.217.194.0-255,5738,118280,96,236398
20568,0.00203,172.31.47.0-255,66,118346,96,236398
20569,0.002035,172.217.194.0-255,4320,122666,96,236398
20570,0.002037,172.31.47.0-255,66,122732,96,236398
20571,0.002056,172.217.194.0-255,2902,125634,96,236398
20572,0.002058,172.31.47.0-255,66,125700,96,236398
20573,0.002072,172.31.47.0-255,66,125766,96,236398
20574,0.002076,172.217.194.0-255,2184,127950,96,236398
20575,0.002078,172.31.47.0-255,66,128016,96,236398
20576,0.002255,172.217.194.0-255,1484,129500,96,236398
20577,0.002263,172.217.194.0-255,2902,132402,96,236398
20578,0.002267,172.31.47.0-255,66,132468,96,236398
20579,0.00227,172.217.194.0-255,1484,133952,96,236398
20580,0.002291,172.217.194.0-255,4320,138272,96,236398
20581,0.002293,172.31.47.0-255,66,138338,96,236398
20582,0.002296,172.217.194.0-255,1484,139822,96,236398
20583,0.002319,172.31.47.0-255,66,139888,96,236398
20584,0.002339,172.217.194.0-255,1484,141372,96,236398
20585,0.002341,172.217.194.0-255,1484,142856,96,236398
20586,0.002343,172.31.47.0-255,66,142922,96,236398
20587,0.002355,172.31.47.0-255,66,142988,96,236398
20588,0.00238,172.217.194.0-255,2902,145890,96,236398
20589,0.002383,172.31.47.0-255,66,145956,96,236398
20590,0.002404,172.31.47.0-255,66,146022,96,236398
20591,0.002414,172.217.194.0-255,4320,150342,96,236398
20592,0.002416,172.31.47.0-255,66,150408,96,236398
20593,0.002442,172.217.194.0-255,7156,157564,96,236398
20594,0.002444,172.31.47.0-255,66,157630,96,236398
20595,0.002481,172.217.194.0-255,7156,164786,96,236398
20596,0.002483,172.31.47.0-255,66,164852,96,236398
20597,0.002505,172.217.194.0-255,3602,168454,96,236398
20598,0.002508,172.31.47.0-255,66,168520,96,236398
20599,0.002688,172.217.194.0-255,1484,170004,96,236398
20600,0.002694,172.217.194.0-255,2902,172906,96,236398
20601,0.002698,172.31.47.0-255,66,172972,96,236398
20602,0.002704,172.217.194.0-255,4320,177292,96,236398
20603,0.002706,172.31.47.0-255,66,177358,96,236398
20604,0.002718,172.217.194.0-255,1484,178842,96,236398
20605,0.002749,172.31.47.0-255,66,178908,96,236398
20606,0.002751,172.217.194.0-255,1484,180392,96,236398
20607,0.002769,172.217.194.0-255,5738,186130,96,236398
20608,0.002772,172.31.47.0-255,66,186196,96,236398
20609,0.002806,172.217.194.0-255,3602,189798,96,236398
20610,0.002808,172.31.47.0-255,66,189864,96,236398
20611,0.002822,172.31.47.0-255,66,189930,96,236398
20612,0.002832,172.31.47.0-255,66,189996,96,236398
20613,0.00288,172.31.47.0-255,66,190062,96,236398
20614,0.002898,172.217.194.0-255,2184,192246,96,236398
20615,0.0029,172.31.47.0-255,66,192312,96,236398
20616,0.002916,172.31.47.0-255,66,192378,96,236398
20617,0.002928,172.31.47.0-255,66,192444,96,236398
20618,0.002966,172.31.47.0-255,66,192510,96,236398
20619,0.003629,172.217.194.0-255,1484,193994,96,236398
20620,0.003648,172.217.194.0-255,2902,196896,96,236398
20621,0.00365,172.31.47.0-255,66,196962,96,236398
20622,0.003654,172.217.194.0-255,1484,198446,96,236398
20623,0.003672,172.217.194.0-255,4320,202766,96,236398
20624,0.003675,172.31.47.0-255,66,202832,96,236398
20625,0.003681,172.217.194.0-255,5738,208570,96,236398
20626,0.003683,172.31.47.0-255,66,208636,96,236398
20627,0.00371,172.31.47.0-255,66,208702,96,236398
20628,0.00374,172.217.194.0-255,1484,210186,96,236398
20629,0.003746,172.217.194.0-255,5020,215206,96,236398
20630,0.003749,172.31.47.0-255,66,215272,96,236398
20631,0.003755,172.217.194.0-255,4320,219592,96,236398
20632,0.003757,172.31.47.0-255,66,219658,96,236398
20633,0.003782,172.217.194.0-255,1484,221142,96,236398
20634,0.003789,172.217.194.0-255,5738,226880,96,236398
20635,0.003792,172.31.47.0-255,66,226946,96,236398
20636,0.003808,172.217.194.0-255,4850,231796,96,236398
20637,0.003811,172.31.47.0-255,66,231862,96,236398
20638,0.003825,172.217.194.0-255,97,231959,96,236398
20639,0.003871,172.217.194.0-255,105,232064,96,236398
20640,0.007052,172.31.47.0-255,66,232130,96,236398
20641,0.007085,172.31.47.0-255,105,232235,96,236398
20642,0.009151,172.217.194.0-255,66,232301,96,236398
20643,0.02979,172.31.47.0-255,172,232473,96,236398
20644,0.029821,172.31.47.0-255,1110,233583,96,236398
20645,0.029872,172.31.47.0-255,1514,235097,96,236398
20646,0.029874,172.31.47.0-255,1301,236398,96,236398
20647,0.0,172.217.160.0-255,153,153,96,232856
20648,3.2e-05,172.31.47.0-255,66,219,96,232856
20649,3.9e-05,172.217.160.0-255,1484,1703,96,232856
20650,4.2e-05,172.31.47.0-255,66,1769,96,232856
20651,4.6e-05,172.217.160.0-255,2902,4671,96,232856
20652,4.8e-05,172.31.47.0-255,66,4737,96,232856
20653,5.5e-05,172.217.160.0-255,7156,11893,96,232856
20654,5.7e-05,172.31.47.0-255,66,11959,96,232856
20655,8.6e-05,172.31.47.0-255,66,12025,96,232856
20656,0.000106,172.217.160.0-255,4823,16848,96,232856
20657,0.000108,172.31.47.0-255,66,16914,96,232856
20658,0.000112,172.217.160.0-255,2543,19457,96,232856
20659,0.000114,172.31.47.0-255,66,19523,96,232856
20660,0.000192,172.217.160.0-255,1484,21007,96,232856
20661,0.000195,172.31.47.0-255,66,21073,96,232856
20662,0.0002,172.217.160.0-255,2902,23975,96,232856
20663,0.000202,172.31.47.0-255,66,24041,96,232856
20664,0.000206,172.217.160.0-255,4320,28361,96,232856
20665,0.000208,172.31.47.0-255,66,28427,96,232856
20666,0.000218,172.217.160.0-255,1484,29911,96,232856
20667,0.00022,172.31.47.0-255,66,29977,96,232856
20668,0.000226,172.217.160.0-255,5738,35715,96,232856
20669,0.000228,172.31.47.0-255,66,35781,96,232856
20670,0.000258,172.217.160.0-255,1125,36906,96,232856
20671,0.00026,172.31.47.0-255,66,36972,96,232856
20672,0.00043,172.217.160.0-255,1484,38456,96,232856
20673,0.000434,172.31.47.0-255,66,38522,96,232856
20674,0.000439,172.217.160.0-255,2902,41424,96,232856
20675,0.00044,172.31.47.0-255,66,41490,96,232856
20676,0.000443,172.217.160.0-255,1484,42974,96,232856
20677,0.000445,172.31.47.0-255,66,43040,96,232856
20678,0.000469,172.217.160.0-255,4320,47360,96,232856
20679,0.000472,172.31.47.0-255,66,47426,96,232856
20680,0.000486,172.217.160.0-255,2902,50328,96,232856
20681,0.000489,172.31.47.0-255,66,50394,96,232856
20682,0.000511,172.217.160.0-255,4229,54623,96,232856
20683,0.000513,172.31.47.0-255,66,54689,96,232856
20684,0.000744,172.217.160.0-255,125,54814,96,232856
20685,0.000857,172.217.160.0-255,1484,56298,96,232856
20686,0.000861,172.31.47.0-255,66,56364,96,232856
20687,0.000867,172.217.160.0-255,2902,59266,96,232856
20688,0.000869,172.31.47.0-255,66,59332,96,232856
20689,0.000883,172.217.160.0-255,5738,65070,96,232856
20690,0.000886,172.31.47.0-255,66,65136,96,232856
20691,0.000918,172.217.160.0-255,2902,68038,96,232856
20692,0.000921,172.31.47.0-255,66,68104,96,232856
20693,0.000941,172.217.160.0-255,3961,72065,96,232856
20694,0.000944,172.31.47.0-255,66,72131,96,232856
20695,0.000954,172.31.47.0-255,66,72197,96,232856
20696,0.000997,172.217.160.0-255,5738,77935,96,232856
20697,0.001,172.31.47.0-255,66,78001,96,232856
20698,0.001016,172.217.160.0-255,2543,80544,96,232856
20699,0.001018,172.31.47.0-255,66,80610,96,232856
20700,0.001145,172.217.160.0-255,1484,82094,96,232856
20701,0.001151,172.217.160.0-255,2902,84996,96,232856
20702,0.001154,172.31.47.0-255,66,85062,96,232856
20703,0.001158,172.217.160.0-255,1484,86546,96,232856
20704,0.001175,172.217.160.0-255,4320,90866,96,232856
20705,0.001177,172.31.47.0-255,66,90932,96,232856
20706,0.001184,172.217.160.0-255,5738,96670,96,232856
20707,0.001186,172.31.47.0-255,66,96736,96,232856
20708,0.001203,172.217.160.0-255,7156,103892,96,232856
20709,0.001206,172.31.47.0-255,66,103958,96,232856
20710,0.001216,172.31.47.0-255,66,104024,96,232856
20711,0.001258,172.217.160.0-255,766,104790,96,232856
20712,0.001309,172.217.160.0-255,1484,106274,96,232856
20713,0.001314,172.31.47.0-255,66,106340,96,232856
20714,0.001319,172.217.160.0-255,2902,109242,96,232856
20715,0.001323,172.31.47.0-255,66,109308,96,232856
20716,0.001328,172.217.160.0-255,5738,115046,96,232856
20717,0.001329,172.31.47.0-255,66,115112,96,232856
20718,0.001349,172.217.160.0-255,1484,116596,96,232856
20719,0.00136,172.217.160.0-255,4320,120916,96,232856
20720,0.001362,172.31.47.0-255,66,120982,96,232856
20721,0.001382,172.217.160.0-255,7156,128138,96,232856
20722,0.001384,172.31.47.0-255,66,128204,96,232856
20723,0.001392,172.31.47.0-255,66,128270,96,232856
20724,0.001414,172.217.160.0-255,2184,130454,96,232856
20725,0.001415,172.31.47.0-255,66,130520,96,232856
20726,0.003032,172.217.160.0-255,2902,133422,96,232856
20727,0.003034,172.31.47.0-255,66,133488,96,232856
20728,0.003057,172.217.160.0-255,2902,136390,96,232856
20729,0.003059,172.31.47.0-255,66,136456,96,232856
20730,0.004681,172.217.160.0-255,2902,139358,96,232856
20731,0.004684,172.31.47.0-255,66,139424,96,232856
20732,0.0047,172.217.160.0-255,2902,142326,96,232856
20733,0.004703,172.31.47.0-255,66,142392,96,232856
20734,0.006351,172.217.160.0-255,2902,145294,96,232856
20735,0.006357,172.31.47.0-255,66,145360,96,232856
20736,0.006377,172.217.160.0-255,2902,148262,96,232856
20737,0.00638,172.31.47.0-255,66,148328,96,232856
20738,0.008009,172.217.160.0-255,2902,151230,96,232856
20739,0.008016,172.31.47.0-255,66,151296,96,232856
20740,0.008038,172.217.160.0-255,2902,154198,96,232856
20741,0.008041,172.31.47.0-255,66,154264,96,232856
20742,0.009673,172.217.160.0-255,2902,157166,96,232856
20743,0.00968,172.31.47.0-255,66,157232,96,232856
20744,0.009699,172.217.160.0-255,2902,160134,96,232856
20745,0.009702,172.31.47.0-255,66,160200,96,232856
20746,0.011333,172.217.160.0-255,2902,163102,96,232856
20747,0.01134,172.31.47.0-255,66,163168,96,232856
20748,0.01136,172.217.160.0-255,2902,166070,96,232856
20749,0.011363,172.31.47.0-255,66,166136,96,232856
20750,0.013042,172.217.160.0-255,5738,171874,96,232856
20751,0.013054,172.31.47.0-255,66,171940,96,232856
20752,0.014719,172.217.160.0-255,5738,177678,96,232856
20753,0.014727,172.31.47.0-255,66,177744,96,232856
20754,0.016385,172.217.160.0-255,5738,183482,96,232856
20755,0.016394,172.31.47.0-255,66,183548,96,232856
20756,0.018052,172.217.160.0-255,5738,189286,96,232856
20757,0.018059,172.31.47.0-255,66,189352,96,232856
20758,0.019711,172.217.160.0-255,5738,195090,96,232856
20759,0.019718,172.31.47.0-255,66,195156,96,232856
20760,0.021367,172.217.160.0-255,4320,199476,96,232856
20761,0.021373,172.31.47.0-255,66,199542,96,232856
20762,0.0214,172.217.160.0-255,1484,201026,96,232856
20763,0.023032,172.217.160.0-255,4320,205346,96,232856
20764,0.023039,172.31.47.0-255,66,205412,96,232856
20765,0.024696,172.217.160.0-255,5738,211150,96,232856
20766,0.024703,172.31.47.0-255,66,211216,96,232856
20767,0.026375,172.217.160.0-255,5738,216954,96,232856
20768,0.026382,172.31.47.0-255,66,217020,96,232856
20769,0.028032,172.217.160.0-255,5738,222758,96,232856
20770,0.028038,172.31.47.0-255,66,222824,96,232856
20771,0.028388,172.31.47.0-255,171,222995,96,232856
20772,0.028415,172.31.47.0-255,1133,224128,96,232856
20773,0.028448,172.31.47.0-255,1514,225642,96,232856
20774,0.028449,172.31.47.0-255,1278,226920,96,232856
20775,0.029701,172.217.160.0-255,5738,232658,96,232856
20776,0.029707,172.31.47.0-255,66,232724,96,232856
20777,0.02992,104.244.42.0-255,66,232790,96,232856
20778,0.029977,104.244.42.0-255,66,232856,96,232856
20779,0.0,74.125.24.0-255,153,153,96,261447
20780,3.2e-05,172.31.47.0-255,66,219,96,261447
20781,3.9e-05,74.125.24.0-255,1484,1703,96,261447
20782,4.3e-05,172.31.47.0-255,66,1769,96,261447
20783,4.8e-05,74.125.24.0-255,2902,4671,96,261447
20784,5.1e-05,172.31.47.0-255,66,4737,96,261447
20785,5.8e-05,74.125.24.0-255,7156,11893,96,261447
20786,6.1e-05,172.31.47.0-255,66,11959,96,261447
20787,8.6e-05,74.125.24.0-255,2208,14167,96,261447
20788,8.9e-05,172.31.47.0-255,66,14233,96,261447
20789,0.000142,74.125.24.0-255,1484,15717,96,261447
20790,0.000145,172.31.47.0-255,66,15783,96,261447
20791,0.000166,74.125.24.0-255,2902,18685,96,261447
20792,0.000171,172.31.47.0-255,66,18751,96,261447
20793,0.000177,74.125.24.0-255,5738,24489,96,261447
20794,0.000179,172.31.47.0-255,66,24555,96,261447
20795,0.000183,74.125.24.0-255,2902,27457,96,261447
20796,0.000185,172.31.47.0-255,66,27523,96,261447
20797,0.000205,74.125.24.0-255,3961,31484,96,261447
20798,0.000209,172.31.47.0-255,66,31550,96,261447
20799,0.000297,74.125.24.0-255,1484,33034,96,261447
20800,0.000301,172.31.47.0-255,66,33100,96,261447
20801,0.000307,74.125.24.0-255,2902,36002,96,261447
20802,0.000309,172.31.47.0-255,66,36068,96,261447
20803,0.000314,74.125.24.0-255,2902,38970,96,261447
20804,0.000316,172.31.47.0-255,66,39036,96,261447
20805,0.000347,74.125.24.0-255,2902,41938,96,261447
20806,0.00035,172.31.47.0-255,66,42004,96,261447
20807,0.000356,74.125.24.0-255,6797,48801,96,261447
20808,0.000359,172.31.47.0-255,66,48867,96,261447
20809,0.000364,74.125.24.0-255,4320,53187,96,261447
20810,0.000366,172.31.47.0-255,66,53253,96,261447
20811,0.000396,172.31.47.0-255,66,53319,96,261447
20812,0.000403,74.125.24.0-255,2543,55862,96,261447
20813,0.000405,172.31.47.0-255,66,55928,96,261447
20814,0.000911,74.125.24.0-255,397,56325,96,261447
20815,0.000947,74.125.24.0-255,1484,57809,96,261447
20816,0.000951,172.31.47.0-255,66,57875,96,261447
20817,0.000958,74.125.24.0-255,4320,62195,96,261447
20818,0.00096,172.31.47.0-255,66,62261,96,261447
20819,0.000973,74.125.24.0-255,1484,63745,96,261447
20820,0.000997,172.31.47.0-255,66,63811,96,261447
20821,0.001,74.125.24.0-255,1484,65295,96,261447
20822,0.001019,172.31.47.0-255,66,65361,96,261447
20823,0.001039,74.125.24.0-255,2902,68263,96,261447
20824,0.001041,172.31.47.0-255,66,68329,96,261447
20825,0.001046,74.125.24.0-255,3602,71931,96,261447
20826,0.001047,172.31.47.0-255,66,71997,96,261447
20827,0.001332,74.125.24.0-255,1484,73481,96,261447
20828,0.001347,74.125.24.0-255,2902,76383,96,261447
20829,0.00135,172.31.47.0-255,66,76449,96,261447
20830,0.001354,74.125.24.0-255,2902,79351,96,261447
20831,0.001355,172.31.47.0-255,66,79417,96,261447
20832,0.00137,74.125.24.0-255,2902,82319,96,261447
20833,0.001372,172.31.47.0-255,66,82385,96,261447
20834,0.001376,74.125.24.0-255,4320,86705,96,261447
20835,0.001378,172.31.47.0-255,66,86771,96,261447
20836,0.001403,172.31.47.0-255,66,86837,96,261447
20837,0.001413,172.31.47.0-255,66,86903,96,261447
20838,0.001453,74.125.24.0-255,2902,89805,96,261447
20839,0.001454,172.31.47.0-255,66,89871,96,261447
20840,0.001487,172.31.47.0-255,66,89937,96,261447
20841,0.001524,74.125.24.0-255,2902,92839,96,261447
20842,0.001525,172.31.47.0-255,66,92905,96,261447
20843,0.001547,74.125.24.0-255,6438,99343,96,261447
20844,0.001549,172.31.47.0-255,66,99409,96,261447
20845,0.001636,74.125.24.0-255,1484,100893,96,261447
20846,0.001661,74.125.24.0-255,2902,103795,96,261447
20847,0.001663,172.31.47.0-255,66,103861,96,261447
20848,0.001695,74.125.24.0-255,5738,109599,96,261447
20849,0.001697,172.31.47.0-255,66,109665,96,261447
20850,0.001724,74.125.24.0-255,1484,111149,96,261447
20851,0.001739,74.125.24.0-255,2902,114051,96,261447
20852,0.001741,172.31.47.0-255,66,114117,96,261447
20853,0.001755,74.125.24.0-255,1484,115601,96,261447
20854,0.001774,74.125.24.0-255,4320,119921,96,261447
20855,0.001776,172.31.47.0-255,66,119987,96,261447
20856,0.00178,74.125.24.0-255,4320,124307,96,261447
20857,0.001782,172.31.47.0-255,66,124373,96,261447
20858,0.001821,74.125.24.0-255,2902,127275,96,261447
20859,0.001822,172.31.47.0-255,66,127341,96,261447
20860,0.001841,74.125.24.0-255,6438,133779,96,261447
20861,0.001843,172.31.47.0-255,66,133845,96,261447
20862,0.001887,74.125.24.0-255,1484,135329,96,261447
20863,0.001902,74.125.24.0-255,2902,138231,96,261447
20864,0.001905,172.31.47.0-255,66,138297,96,261447
20865,0.001916,74.125.24.0-255,1484,139781,96,261447
20866,0.001931,74.125.24.0-255,2902,142683,96,261447
20867,0.001932,172.31.47.0-255,66,142749,96,261447
20868,0.001979,74.125.24.0-255,4320,147069,96,261447
20869,0.001982,172.31.47.0-255,66,147135,96,261447
20870,0.001993,74.125.24.0-255,4320,151455,96,261447
20871,0.001995,172.31.47.0-255,66,151521,96,261447
20872,0.001999,74.125.24.0-255,4320,155841,96,261447
20873,0.002,172.31.47.0-255,66,155907,96,261447
20874,0.002014,74.125.24.0-255,5738,161645,96,261447
20875,0.002016,172.31.47.0-255,66,161711,96,261447
20876,0.002025,74.125.24.0-255,1484,163195,96,261447
20877,0.002038,74.125.24.0-255,5020,168215,96,261447
20878,0.00204,172.31.47.0-255,66,168281,96,261447
20879,0.002166,74.125.24.0-255,1484,169765,96,261447
20880,0.002184,74.125.24.0-255,1484,171249,96,261447
20881,0.002186,172.31.47.0-255,66,171315,96,261447
20882,0.002196,74.125.24.0-255,1484,172799,96,261447
20883,0.0022,74.125.24.0-255,2902,175701,96,261447
20884,0.002202,172.31.47.0-255,66,175767,96,261447
20885,0.002214,74.125.24.0-255,2902,178669,96,261447
20886,0.002216,172.31.47.0-255,66,178735,96,261447
20887,0.002229,74.125.24.0-255,4320,183055,96,261447
20888,0.002235,172.31.47.0-255,66,183121,96,261447
20889,0.002261,74.125.24.0-255,5738,188859,96,261447
20890,0.002264,172.31.47.0-255,66,188925,96,261447
20891,0.002274,172.31.47.0-255,66,188991,96,261447
20892,0.002277,74.125.24.0-255,2184,191175,96,261447
20893,0.002279,172.31.47.0-255,66,191241,96,261447
20894,0.004565,74.125.24.0-255,5738,196979,96,261447
20895,0.004573,172.31.47.0-255,66,197045,96,261447
20896,0.00684,74.125.24.0-255,5738,202783,96,261447
20897,0.006845,172.31.47.0-255,66,202849,96,261447
20898,0.009138,74.125.24.0-255,5738,208587,96,261447
20899,0.009144,172.31.47.0-255,66,208653,96,261447
20900,0.011444,74.125.24.0-255,5738,214391,96,261447
20901,0.011451,172.31.47.0-255,66,214457,96,261447
20902,0.01372,74.125.24.0-255,5738,220195,96,261447
20903,0.013726,172.31.47.0-255,66,220261,96,261447
20904,0.016017,74.125.24.0-255,5738,225999,96,261447
20905,0.016025,172.31.47.0-255,66,226065,96,261447
20906,0.018309,74.125.24.0-255,5738,231803,96,261447
20907,0.018314,172.31.47.0-255,66,231869,96,261447
20908,0.020609,74.125.24.0-255,5738,237607,96,261447
20909,0.020616,172.31.47.0-255,66,237673,96,261447
20910,0.022132,172.31.47.0-255,172,237845,96,261447
20911,0.022159,172.31.47.0-255,1109,238954,96,261447
20912,0.022188,172.31.47.0-255,1514,240468,96,261447
20913,0.022189,172.31.47.0-255,335,240803,96,261447
20914,0.022909,74.125.24.0-255,5738,246541,96,261447
20915,0.022914,172.31.47.0-255,66,246607,96,261447
20916,0.023684,104.244.42.0-255,66,246673,96,261447
20917,0.023741,104.244.42.0-255,66,246739,96,261447
20918,0.023745,104.244.42.0-255,66,246805,96,261447
20919,0.025211,74.125.24.0-255,5738,252543,96,261447
20920,0.025216,172.31.47.0-255,66,252609,96,261447
20921,0.027499,74.125.24.0-255,4320,256929,96,261447
20922,0.027504,172.31.47.0-255,66,256995,96,261447
20923,0.02753,74.125.24.0-255,1484,258479,96,261447
20924,0.029776,74.125.24.0-255,2902,261381,96,261447
20925,0.029781,172.31.47.0-255,66,261447,96,261447
20926,0.0,74.125.24.0-255,152,152,96,208024
20927,2.8e-05,172.31.47.0-255,66,218,96,208024
20928,3.5e-05,74.125.24.0-255,1484,1702,96,208024
20929,3.9e-05,172.31.47.0-255,66,1768,96,208024
20930,4.4e-05,74.125.24.0-255,2902,4670,96,208024
20931,5.4e-05,172.31.47.0-255,66,4736,96,208024
20932,6e-05,74.125.24.0-255,5738,10474,96,208024
20933,6.2e-05,172.31.47.0-255,66,10540,96,208024
20934,9e-05,74.125.24.0-255,3628,14168,96,208024
20935,9.3e-05,172.31.47.0-255,66,14234,96,208024
20936,0.000266,74.125.24.0-255,1484,15718,96,208024
20937,0.000272,172.31.47.0-255,66,15784,96,208024
20938,0.000298,74.125.24.0-255,2902,18686,96,208024
20939,0.000303,172.31.47.0-255,66,18752,96,208024
20940,0.000309,74.125.24.0-255,5738,24490,96,208024
20941,0.000311,172.31.47.0-255,66,24556,96,208024
20942,0.000357,172.31.47.0-255,66,24622,96,208024
20943,0.000369,172.31.47.0-255,66,24688,96,208024
20944,0.000412,74.125.24.0-255,5738,30426,96,208024
20945,0.000415,172.31.47.0-255,66,30492,96,208024
20946,0.000446,172.31.47.0-255,66,30558,96,208024
20947,0.000449,74.125.24.0-255,709,31267,96,208024
20948,0.000451,172.31.47.0-255,66,31333,96,208024
20949,0.000614,74.125.24.0-255,1484,32817,96,208024
20950,0.000618,172.31.47.0-255,66,32883,96,208024
20951,0.000623,74.125.24.0-255,2902,35785,96,208024
20952,0.000625,172.31.47.0-255,66,35851,96,208024
20953,0.000631,74.125.24.0-255,5738,41589,96,208024
20954,0.000638,172.31.47.0-255,66,41655,96,208024
20955,0.000664,74.125.24.0-255,7156,48811,96,208024
20956,0.000669,172.31.47.0-255,66,48877,96,208024
20957,0.000693,74.125.24.0-255,1484,50361,96,208024
20958,0.000705,172.31.47.0-255,66,50427,96,208024
20959,0.000711,74.125.24.0-255,5020,55447,96,208024
20960,0.000714,172.31.47.0-255,66,55513,96,208024
20961,0.001184,74.125.24.0-255,1484,56997,96,208024
20962,0.001193,74.125.24.0-255,2902,59899,96,208024
20963,0.001196,172.31.47.0-255,66,59965,96,208024
20964,0.001222,74.125.24.0-255,5738,65703,96,208024
20965,0.001226,172.31.47.0-255,66,65769,96,208024
20966,0.001259,172.31.47.0-255,66,65835,96,208024
20967,0.001264,74.125.24.0-255,4320,70155,96,208024
20968,0.001266,172.31.47.0-255,66,70221,96,208024
20969,0.001298,74.125.24.0-255,6438,76659,96,208024
20970,0.001302,172.31.47.0-255,66,76725,96,208024
20971,0.001356,74.125.24.0-255,1484,78209,96,208024
20972,0.001361,74.125.24.0-255,2902,81111,96,208024
20973,0.001364,172.31.47.0-255,66,81177,96,208024
20974,0.001367,74.125.24.0-255,1484,82661,96,208024
20975,0.001393,74.125.24.0-255,4320,86981,96,208024
20976,0.001395,172.31.47.0-255,66,87047,96,208024
20977,0.00142,172.31.47.0-255,66,87113,96,208024
20978,0.001424,74.125.24.0-255,4320,91433,96,208024
20979,0.001426,172.31.47.0-255,66,91499,96,208024
20980,0.001458,172.31.47.0-255,66,91565,96,208024
20981,0.001483,74.125.24.0-255,1484,93049,96,208024
20982,0.001495,74.125.24.0-255,2902,95951,96,208024
20983,0.001498,172.31.47.0-255,66,96017,96,208024
20984,0.001507,74.125.24.0-255,1484,97501,96,208024
20985,0.001526,74.125.24.0-255,4320,101821,96,208024
20986,0.001529,172.31.47.0-255,66,101887,96,208024
20987,0.001532,74.125.24.0-255,1484,103371,96,208024
20988,0.001565,172.31.47.0-255,66,103437,96,208024
20989,0.00157,74.125.24.0-255,5738,109175,96,208024
20990,0.001572,172.31.47.0-255,66,109241,96,208024
20991,0.001604,74.125.24.0-255,5020,114261,96,208024
20992,0.001607,172.31.47.0-255,66,114327,96,208024
20993,0.002106,74.125.24.0-255,1484,115811,96,208024
20994,0.002119,74.125.24.0-255,2902,118713,96,208024
20995,0.002122,172.31.47.0-255,66,118779,96,208024
20996,0.002125,74.125.24.0-255,1484,120263,96,208024
20997,0.002144,74.125.24.0-255,4320,124583,96,208024
20998,0.002147,172.31.47.0-255,66,124649,96,208024
20999,0.002151,74.125.24.0-255,2902,127551,96,208024
21000,0.002152,172.31.47.0-255,66,127617,96,208024
21001,0.002197,172.31.47.0-255,66,127683,96,208024
21002,0.002206,172.31.47.0-255,66,127749,96,208024
21003,0.002308,74.125.24.0-255,1484,129233,96,208024
21004,0.002314,74.125.24.0-255,2902,132135,96,208024
21005,0.002317,172.31.47.0-255,66,132201,96,208024
21006,0.002343,74.125.24.0-255,5738,137939,96,208024
21007,0.002346,172.31.47.0-255,66,138005,96,208024
21008,0.002388,74.125.24.0-255,2902,140907,96,208024
21009,0.002391,172.31.47.0-255,66,140973,96,208024
21010,0.002428,172.31.47.0-255,66,141039,96,208024
21011,0.002441,172.31.47.0-255,66,141105,96,208024
21012,0.002454,172.31.47.0-255,66,141171,96,208024
21013,0.002489,172.31.47.0-255,66,141237,96,208024
21014,0.004876,74.125.24.0-255,5738,146975,96,208024
21015,0.004882,172.31.47.0-255,66,147041,96,208024
21016,0.007287,74.125.24.0-255,5738,152779,96,208024
21017,0.007292,172.31.47.0-255,66,152845,96,208024
21018,0.009682,74.125.24.0-255,5738,158583,96,208024
21019,0.00969,172.31.47.0-255,66,158649,96,208024
21020,0.012096,74.125.24.0-255,5738,164387,96,208024
21021,0.012103,172.31.47.0-255,66,164453,96,208024
21022,0.014503,74.125.24.0-255,5738,170191,96,208024
21023,0.014513,172.31.47.0-255,66,170257,96,208024
21024,0.016901,74.125.24.0-255,5738,175995,96,208024
21025,0.016908,172.31.47.0-255,66,176061,96,208024
21026,0.01931,74.125.24.0-255,5738,181799,96,208024
21027,0.019317,172.31.47.0-255,66,181865,96,208024
21028,0.021733,74.125.24.0-255,5738,187603,96,208024
21029,0.021739,172.31.47.0-255,66,187669,96,208024
21030,0.024156,74.125.24.0-255,5738,193407,96,208024
21031,0.024162,172.31.47.0-255,66,193473,96,208024
21032,0.024197,172.31.47.0-255,172,193645,96,208024
21033,0.02422,172.31.47.0-255,1109,194754,96,208024
21034,0.024258,172.31.47.0-255,1514,196268,96,208024
21035,0.02426,172.31.47.0-255,1302,197570,96,208024
21036,0.025762,104.244.42.0-255,66,197636,96,208024
21037,0.025769,104.244.42.0-255,66,197702,96,208024
21038,0.02579,104.244.42.0-255,66,197768,96,208024
21039,0.026556,74.125.24.0-255,4320,202088,96,208024
21040,0.02656,172.31.47.0-255,66,202154,96,208024
21041,0.026586,74.125.24.0-255,1484,203638,96,208024
21042,0.02893,74.125.24.0-255,4320,207958,96,208024
21043,0.028935,172.31.47.0-255,66,208024,96,208024
21044,0.0,172.31.47.0-255,105,105,96,105
21045,0.0,74.125.68.0-255,153,153,96,200653
21046,2.6e-05,172.31.47.0-255,66,219,96,200653
21047,3.2e-05,74.125.68.0-255,1484,1703,96,200653
21048,3.7e-05,172.31.47.0-255,66,1769,96,200653
21049,4.3e-05,74.125.68.0-255,2902,4671,96,200653
21050,4.7e-05,172.31.47.0-255,66,4737,96,200653
21051,5e-05,74.125.68.0-255,1484,6221,96,200653
21052,5.4e-05,172.31.47.0-255,66,6287,96,200653
21053,7.9e-05,74.125.68.0-255,4320,10607,96,200653
21054,8.2e-05,172.31.47.0-255,66,10673,96,200653
21055,9.8e-05,74.125.68.0-255,1484,12157,96,200653
21056,0.0001,172.31.47.0-255,66,12223,96,200653
21057,0.000117,74.125.68.0-255,1946,14169,96,200653
21058,0.00012,172.31.47.0-255,66,14235,96,200653
21059,0.000259,74.125.68.0-255,1484,15719,96,200653
21060,0.000264,172.31.47.0-255,66,15785,96,200653
21061,0.000298,74.125.68.0-255,1484,17269,96,200653
21062,0.0003,172.31.47.0-255,66,17335,96,200653
21063,0.000314,74.125.68.0-255,2902,20237,96,200653
21064,0.000317,172.31.47.0-255,66,20303,96,200653
21065,0.000335,74.125.68.0-255,2902,23205,96,200653
21066,0.000337,172.31.47.0-255,66,23271,96,200653
21067,0.000362,74.125.68.0-255,2902,26173,96,200653
21068,0.000365,172.31.47.0-255,66,26239,96,200653
21069,0.000368,74.125.68.0-255,1484,27723,96,200653
21070,0.00037,172.31.47.0-255,66,27789,96,200653
21071,0.000374,74.125.68.0-255,2902,30691,96,200653
21072,0.000376,172.31.47.0-255,66,30757,96,200653
21073,0.000379,74.125.68.0-255,1125,31882,96,200653
21074,0.000381,172.31.47.0-255,66,31948,96,200653
21075,0.000443,74.125.68.0-255,1484,33432,96,200653
21076,0.000446,172.31.47.0-255,66,33498,96,200653
21077,0.000473,74.125.68.0-255,2902,36400,96,200653
21078,0.000476,172.31.47.0-255,66,36466,96,200653
21079,0.000494,74.125.68.0-255,1484,37950,96,200653
21080,0.00051,74.125.68.0-255,2902,40852,96,200653
21081,0.000513,172.31.47.0-255,66,40918,96,200653
21082,0.000536,74.125.68.0-255,5738,46656,96,200653
21083,0.00054,74.125.68.0-255,2543,49199,96,200653
21084,0.000544,172.31.47.0-255,66,49265,96,200653
21085,0.000547,172.31.47.0-255,66,49331,96,200653
21086,0.001404,74.125.68.0-255,1484,50815,96,200653
21087,0.001417,74.125.68.0-255,2902,53717,96,200653
21088,0.001421,172.31.47.0-255,66,53783,96,200653
21089,0.001447,74.125.68.0-255,1484,55267,96,200653
21090,0.001465,74.125.68.0-255,4320,59587,96,200653
21091,0.001468,172.31.47.0-255,66,59653,96,200653
21092,0.001474,74.125.68.0-255,5738,65391,96,200653
21093,0.001476,172.31.47.0-255,66,65457,96,200653
21094,0.001491,74.125.68.0-255,1125,66582,96,200653
21095,0.001769,74.125.68.0-255,1484,68066,96,200653
21096,0.001775,172.31.47.0-255,66,68132,96,200653
21097,0.001782,74.125.68.0-255,2902,71034,96,200653
21098,0.001784,172.31.47.0-255,66,71100,96,200653
21099,0.0018,74.125.68.0-255,4320,75420,96,200653
21100,0.001802,172.31.47.0-255,66,75486,96,200653
21101,0.001813,74.125.68.0-255,1484,76970,96,200653
21102,0.001817,74.125.68.0-255,2902,79872,96,200653
21103,0.00182,172.31.47.0-255,66,79938,96,200653
21104,0.001824,74.125.68.0-255,2902,82840,96,200653
21105,0.001826,172.31.47.0-255,66,82906,96,200653
21106,0.001852,74.125.68.0-255,7156,90062,96,200653
21107,0.001854,172.31.47.0-255,66,90128,96,200653
21108,0.00186,74.125.68.0-255,5738,95866,96,200653
21109,0.001862,172.31.47.0-255,66,95932,96,200653
21110,0.00188,74.125.68.0-255,4320,100252,96,200653
21111,0.001884,172.31.47.0-255,66,100318,96,200653
21112,0.001906,74.125.68.0-255,766,101084,96,200653
21113,0.001918,74.125.68.0-255,1484,102568,96,200653
21114,0.001921,172.31.47.0-255,66,102634,96,200653
21115,0.001933,74.125.68.0-255,1484,104118,96,200653
21116,0.001952,74.125.68.0-255,2902,107020,96,200653
21117,0.001954,172.31.47.0-255,66,107086,96,200653
21118,0.001958,74.125.68.0-255,2902,109988,96,200653
21119,0.001961,172.31.47.0-255,66,110054,96,200653
21120,0.00198,74.125.68.0-255,5738,115792,96,200653
21121,0.001983,172.31.47.0-255,66,115858,96,200653
21122,0.003913,74.125.68.0-255,2902,118760,96,200653
21123,0.003916,172.31.47.0-255,66,118826,96,200653
21124,0.003935,74.125.68.0-255,2902,121728,96,200653
21125,0.003938,172.31.47.0-255,66,121794,96,200653
21126,0.005846,74.125.68.0-255,2902,124696,96,200653
21127,0.005852,172.31.47.0-255,66,124762,96,200653
21128,0.005874,74.125.68.0-255,2902,127664,96,200653
21129,0.005876,172.31.47.0-255,66,127730,96,200653
21130,0.007781,74.125.68.0-255,2902,130632,96,200653
21131,0.007789,172.31.47.0-255,66,130698,96,200653
21132,0.00781,74.125.68.0-255,2902,133600,96,200653
21133,0.007813,172.31.47.0-255,66,133666,96,200653
21134,0.009723,74.125.68.0-255,2902,136568,96,200653
21135,0.009729,172.31.47.0-255,66,136634,96,200653
21136,0.009751,74.125.68.0-255,2902,139536,96,200653
21137,0.009754,172.31.47.0-255,66,139602,96,200653
21138,0.011661,74.125.68.0-255,4320,143922,96,200653
21139,0.011668,172.31.47.0-255,66,143988,96,200653
21140,0.011688,74.125.68.0-255,1484,145472,96,200653
21141,0.013607,74.125.68.0-255,4320,149792,96,200653
21142,0.013615,172.31.47.0-255,66,149858,96,200653
21143,0.015548,74.125.68.0-255,5738,155596,96,200653
21144,0.015555,172.31.47.0-255,66,155662,96,200653
21145,0.017488,74.125.68.0-255,5738,161400,96,200653
21146,0.017495,172.31.47.0-255,66,161466,96,200653
21147,0.019433,74.125.68.0-255,5738,167204,96,200653
21148,0.019439,172.31.47.0-255,66,167270,96,200653
21149,0.02138,74.125.68.0-255,5738,173008,96,200653
21150,0.021389,172.31.47.0-255,66,173074,96,200653
21151,0.02333,74.125.68.0-255,5738,178812,96,200653
21152,0.023338,172.31.47.0-255,66,178878,96,200653
21153,0.024619,172.31.47.0-255,172,179050,96,200653
21154,0.024646,172.31.47.0-255,1109,180159,96,200653
21155,0.024698,172.31.47.0-255,1514,181673,96,200653
21156,0.024699,172.31.47.0-255,1304,182977,96,200653
21157,0.025265,74.125.68.0-255,5738,188715,96,200653
21158,0.025272,172.31.47.0-255,66,188781,96,200653
21159,0.026103,104.244.42.0-255,66,188847,96,200653
21160,0.026282,104.244.42.0-255,66,188913,96,200653
21161,0.026286,104.244.42.0-255,66,188979,96,200653
21162,0.027202,74.125.68.0-255,5738,194717,96,200653
21163,0.027209,172.31.47.0-255,66,194783,96,200653
21164,0.029141,74.125.68.0-255,4320,199103,96,200653
21165,0.029146,172.31.47.0-255,66,199169,96,200653
21166,0.02916,74.125.68.0-255,1484,200653,96,200653
21167,0.0,172.217.194.0-255,157,157,96,249438
21168,2.5e-05,172.31.47.0-255,66,223,96,249438
21169,3e-05,172.217.194.0-255,1484,1707,96,249438
21170,3.3e-05,172.31.47.0-255,66,1773,96,249438
21171,4.8e-05,172.217.194.0-255,2902,4675,96,249438
21172,5e-05,172.31.47.0-255,66,4741,96,249438
21173,7.7e-05,172.217.194.0-255,5738,10479,96,249438
21174,8e-05,172.31.47.0-255,66,10545,96,249438
21175,0.0001,172.217.194.0-255,5002,15547,96,249438
21176,0.000103,172.31.47.0-255,66,15613,96,249438
21177,0.000128,172.31.47.0-255,66,15679,96,249438
21178,0.000149,172.217.194.0-255,2902,18581,96,249438
21179,0.000151,172.31.47.0-255,66,18647,96,249438
21180,0.000155,172.217.194.0-255,2543,21190,96,249438
21181,0.000157,172.31.47.0-255,66,21256,96,249438
21182,0.00018,172.217.194.0-255,2902,24158,96,249438
21183,0.000183,172.31.47.0-255,66,24224,96,249438
21184,0.000197,172.217.194.0-255,1484,25708,96,249438
21185,0.000199,172.31.47.0-255,66,25774,96,249438
21186,0.000219,172.217.194.0-255,2902,28676,96,249438
21187,0.000222,172.31.47.0-255,66,28742,96,249438
21188,0.000231,172.31.47.0-255,66,28808,96,249438
21189,0.000261,172.217.194.0-255,1484,30292,96,249438
21190,0.000264,172.31.47.0-255,66,30358,96,249438
21191,0.00029,172.31.47.0-255,66,30424,96,249438
21192,0.000304,172.217.194.0-255,1484,31908,96,249438
21193,0.000307,172.31.47.0-255,66,31974,96,249438
21194,0.00032,172.217.194.0-255,5269,37243,96,249438
21195,0.000323,172.31.47.0-255,66,37309,96,249438
21196,0.000326,172.217.194.0-255,121,37430,96,249438
21197,0.000327,172.217.194.0-255,381,37811,96,249438
21198,0.000384,172.217.194.0-255,1484,39295,96,249438
21199,0.000389,172.31.47.0-255,66,39361,96,249438
21200,0.000398,172.217.194.0-255,2902,42263,96,249438
21201,0.0004,172.31.47.0-255,66,42329,96,249438
21202,0.000424,172.217.194.0-255,5738,48067,96,249438
21203,0.000427,172.31.47.0-255,66,48133,96,249438
21204,0.000452,172.217.194.0-255,4320,52453,96,249438
21205,0.000455,172.31.47.0-255,66,52519,96,249438
21206,0.000472,172.217.194.0-255,1995,54514,96,249438
21207,0.000475,172.31.47.0-255,66,54580,96,249438
21208,0.000684,172.217.194.0-255,1484,56064,96,249438
21209,0.000701,172.217.194.0-255,2902,58966,96,249438
21210,0.000704,172.31.47.0-255,66,59032,96,249438
21211,0.000724,172.217.194.0-255,4320,63352,96,249438
21212,0.000727,172.31.47.0-255,66,63418,96,249438
21213,0.000743,172.217.194.0-255,1484,64902,96,249438
21214,0.00075,172.217.194.0-255,7156,72058,96,249438
21215,0.000752,172.31.47.0-255,66,72124,96,249438
21216,0.000769,172.217.194.0-255,5738,77862,96,249438
21217,0.000772,172.31.47.0-255,66,77928,96,249438
21218,0.000783,172.31.47.0-255,66,77994,96,249438
21219,0.000868,172.217.194.0-255,1484,79478,96,249438
21220,0.000882,172.217.194.0-255,2902,82380,96,249438
21221,0.000885,172.31.47.0-255,66,82446,96,249438
21222,0.000888,172.217.194.0-255,1484,83930,96,249438
21223,0.000904,172.217.194.0-255,4320,88250,96,249438
21224,0.000907,172.31.47.0-255,66,88316,96,249438
21225,0.000928,172.217.194.0-255,6797,95113,96,249438
21226,0.000931,172.31.47.0-255,66,95179,96,249438
21227,0.001051,172.217.194.0-255,1484,96663,96,249438
21228,0.001064,172.217.194.0-255,2902,99565,96,249438
21229,0.001067,172.31.47.0-255,66,99631,96,249438
21230,0.00107,172.217.194.0-255,1484,101115,96,249438
21231,0.001088,172.217.194.0-255,4320,105435,96,249438
21232,0.001091,172.31.47.0-255,66,105501,96,249438
21233,0.001106,172.217.194.0-255,1484,106985,96,249438
21234,0.00113,172.31.47.0-255,66,107051,96,249438
21235,0.001139,172.31.47.0-255,66,107117,96,249438
21236,0.001162,172.217.194.0-255,2184,109301,96,249438
21237,0.001164,172.31.47.0-255,66,109367,96,249438
21238,0.001793,172.217.194.0-255,1484,110851,96,249438
21239,0.001804,172.217.194.0-255,2902,113753,96,249438
21240,0.001808,172.31.47.0-255,66,113819,96,249438
21241,0.001815,172.217.194.0-255,5738,119557,96,249438
21242,0.001817,172.31.47.0-255,66,119623,96,249438
21243,0.001819,172.217.194.0-255,1484,121107,96,249438
21244,0.001842,172.217.194.0-255,7156,128263,96,249438
21245,0.001844,172.31.47.0-255,66,128329,96,249438
21246,0.001883,172.217.194.0-255,7156,135485,96,249438
21247,0.001885,172.31.47.0-255,66,135551,96,249438
21248,0.001905,172.31.47.0-255,66,135617,96,249438
21249,0.001909,172.217.194.0-255,2902,138519,96,249438
21250,0.00191,172.31.47.0-255,66,138585,96,249438
21251,0.001941,172.31.47.0-255,66,138651,96,249438
21252,0.001946,172.217.194.0-255,5738,144389,96,249438
21253,0.001948,172.31.47.0-255,66,144455,96,249438
21254,0.001959,172.217.194.0-255,2902,147357,96,249438
21255,0.001961,172.31.47.0-255,66,147423,96,249438
21256,0.001997,172.31.47.0-255,66,147489,96,249438
21257,0.002246,172.217.194.0-255,1484,148973,96,249438
21258,0.002263,172.217.194.0-255,2902,151875,96,249438
21259,0.002264,172.31.47.0-255,66,151941,96,249438
21260,0.002268,172.217.194.0-255,2902,154843,96,249438
21261,0.002269,172.31.47.0-255,66,154909,96,249438
21262,0.002282,172.217.194.0-255,2902,157811,96,249438
21263,0.002284,172.31.47.0-255,66,157877,96,249438
21264,0.002288,172.217.194.0-255,4320,162197,96,249438
21265,0.00229,172.31.47.0-255,66,162263,96,249438
21266,0.002327,172.31.47.0-255,66,162329,96,249438
21267,0.002352,172.31.47.0-255,66,162395,96,249438
21268,0.00251,172.217.194.0-255,1484,163879,96,249438
21269,0.002525,172.217.194.0-255,2902,166781,96,249438
21270,0.002527,172.31.47.0-255,66,166847,96,249438
21271,0.002544,172.217.194.0-255,1484,168331,96,249438
21272,0.002546,172.217.194.0-255,1484,169815,96,249438
21273,0.002549,172.31.47.0-255,66,169881,96,249438
21274,0.002565,172.217.194.0-255,1484,171365,96,249438
21275,0.00257,172.217.194.0-255,4320,175685,96,249438
21276,0.002572,172.31.47.0-255,66,175751,96,249438
21277,0.002593,172.217.194.0-255,1484,177235,96,249438
21278,0.002602,172.31.47.0-255,66,177301,96,249438
21279,0.002606,172.217.194.0-255,4320,181621,96,249438
21280,0.002608,172.31.47.0-255,66,181687,96,249438
21281,0.002624,172.217.194.0-255,5738,187425,96,249438
21282,0.002626,172.31.47.0-255,66,187491,96,249438
21283,0.002628,172.217.194.0-255,766,188257,96,249438
21284,0.003746,172.31.47.0-255,66,188323,96,249438
21285,0.005211,172.217.194.0-255,4320,192643,96,249438
21286,0.005216,172.31.47.0-255,66,192709,96,249438
21287,0.006347,172.217.194.0-255,1484,194193,96,249438
21288,0.007825,172.217.194.0-255,4320,198513,96,249438
21289,0.007831,172.31.47.0-255,66,198579,96,249438
21290,0.010429,172.217.194.0-255,2902,201481,96,249438
21291,0.010437,172.31.47.0-255,66,201547,96,249438
21292,0.010457,172.217.194.0-255,2902,204449,96,249438
21293,0.01046,172.31.47.0-255,66,204515,96,249438
21294,0.013047,172.217.194.0-255,5738,210253,96,249438
21295,0.013057,172.31.47.0-255,66,210319,96,249438
21296,0.015649,172.217.194.0-255,5738,216057,96,249438
21297,0.015658,172.31.47.0-255,66,216123,96,249438
21298,0.018256,172.217.194.0-255,5738,221861,96,249438
21299,0.018262,172.31.47.0-255,66,221927,96,249438
21300,0.020859,172.217.194.0-255,5738,227665,96,249438
21301,0.020866,172.31.47.0-255,66,227731,96,249438
21302,0.023494,172.217.194.0-255,5738,233469,96,249438
21303,0.023503,172.31.47.0-255,66,233535,96,249438
21304,0.026121,172.217.194.0-255,5738,239273,96,249438
21305,0.026128,172.31.47.0-255,66,239339,96,249438
21306,0.027823,172.31.47.0-255,172,239511,96,249438
21307,0.027855,172.31.47.0-255,1109,240620,96,249438
21308,0.02789,172.31.47.0-255,1514,242134,96,249438
21309,0.027892,172.31.47.0-255,1302,243436,96,249438
21310,0.028766,172.217.194.0-255,5738,249174,96,249438
21311,0.028772,172.31.47.0-255,66,249240,96,249438
21312,0.029422,104.244.42.0-255,66,249306,96,249438
21313,0.02943,104.244.42.0-255,66,249372,96,249438
21314,0.029466,104.244.42.0-255,66,249438,96,249438
21315,0.0,74.125.24.0-255,297,297,96,185564
21316,3.4e-05,172.31.47.0-255,66,363,96,185564
21317,4.1e-05,74.125.24.0-255,1484,1847,96,185564
21318,4.4e-05,172.31.47.0-255,66,1913,96,185564
21319,5e-05,74.125.24.0-255,4320,6233,96,185564
21320,5.3e-05,172.31.47.0-255,66,6299,96,185564
21321,5.8e-05,74.125.24.0-255,4320,10619,96,185564
21322,6.1e-05,172.31.47.0-255,66,10685,96,185564
21323,8.2e-05,74.125.24.0-255,2902,13587,96,185564
21324,8.5e-05,172.31.47.0-255,66,13653,96,185564
21325,9.4e-05,172.31.47.0-255,66,13719,96,185564
21326,0.000123,172.31.47.0-255,66,13785,96,185564
21327,0.000205,74.125.24.0-255,1484,15269,96,185564
21328,0.000209,172.31.47.0-255,66,15335,96,185564
21329,0.00026,74.125.24.0-255,2902,18237,96,185564
21330,0.000262,172.31.47.0-255,66,18303,96,185564
21331,0.000268,74.125.24.0-255,5738,24041,96,185564
21332,0.000271,172.31.47.0-255,66,24107,96,185564
21333,0.000278,74.125.24.0-255,6797,30904,96,185564
21334,0.00028,172.31.47.0-255,66,30970,96,185564
21335,0.000287,74.125.24.0-255,7156,38126,96,185564
21336,0.00029,172.31.47.0-255,66,38192,96,185564
21337,0.000305,74.125.24.0-255,1484,39676,96,185564
21338,0.000307,172.31.47.0-255,66,39742,96,185564
21339,0.000339,172.31.47.0-255,66,39808,96,185564
21340,0.000547,74.125.24.0-255,110,39918,96,185564
21341,0.000551,172.31.47.0-255,66,39984,96,185564
21342,0.000583,74.125.24.0-255,1484,41468,96,185564
21343,0.000586,172.31.47.0-255,66,41534,96,185564
21344,0.00059,74.125.24.0-255,2902,44436,96,185564
21345,0.000597,172.31.47.0-255,66,44502,96,185564
21346,0.000624,74.125.24.0-255,5738,50240,96,185564
21347,0.000627,172.31.47.0-255,66,50306,96,185564
21348,0.00065,74.125.24.0-255,7156,57462,96,185564
21349,0.000654,172.31.47.0-255,66,57528,96,185564
21350,0.000655,74.125.24.0-255,4320,61848,96,185564
21351,0.000657,172.31.47.0-255,66,61914,96,185564
21352,0.00069,172.31.47.0-255,66,61980,96,185564
21353,0.000694,74.125.24.0-255,2184,64164,96,185564
21354,0.000696,172.31.47.0-255,66,64230,96,185564
21355,0.000843,74.125.24.0-255,1484,65714,96,185564
21356,0.000861,74.125.24.0-255,2902,68616,96,185564
21357,0.000865,172.31.47.0-255,66,68682,96,185564
21358,0.000869,74.125.24.0-255,1484,70166,96,185564
21359,0.000885,74.125.24.0-255,4320,74486,96,185564
21360,0.000888,172.31.47.0-255,66,74552,96,185564
21361,0.000909,74.125.24.0-255,7156,81708,96,185564
21362,0.000912,172.31.47.0-255,66,81774,96,185564
21363,0.000934,74.125.24.0-255,2902,84676,96,185564
21364,0.000937,172.31.47.0-255,66,84742,96,185564
21365,0.000941,74.125.24.0-255,2902,87644,96,185564
21366,0.000945,172.31.47.0-255,66,87710,96,185564
21367,0.000969,172.31.47.0-255,66,87776,96,185564
21368,0.000995,74.125.24.0-255,766,88542,96,185564
21369,0.001203,74.125.24.0-255,1484,90026,96,185564
21370,0.001209,172.31.47.0-255,66,90092,96,185564
21371,0.001214,74.125.24.0-255,2902,92994,96,185564
21372,0.001216,172.31.47.0-255,66,93060,96,185564
21373,0.001229,74.125.24.0-255,1484,94544,96,185564
21374,0.001245,74.125.24.0-255,2902,97446,96,185564
21375,0.001247,172.31.47.0-255,66,97512,96,185564
21376,0.001254,74.125.24.0-255,5738,103250,96,185564
21377,0.001256,172.31.47.0-255,66,103316,96,185564
21378,0.001294,172.31.47.0-255,66,103382,96,185564
21379,0.0013,74.125.24.0-255,7156,110538,96,185564
21380,0.001303,172.31.47.0-255,66,110604,96,185564
21381,0.001338,172.31.47.0-255,66,110670,96,185564
21382,0.001366,172.31.47.0-255,66,110736,96,185564
21383,0.00138,172.31.47.0-255,66,110802,96,185564
21384,0.001439,74.125.24.0-255,1484,112286,96,185564
21385,0.001457,74.125.24.0-255,2902,115188,96,185564
21386,0.00146,172.31.47.0-255,66,115254,96,185564
21387,0.001475,74.125.24.0-255,5738,120992,96,185564
21388,0.001478,172.31.47.0-255,66,121058,96,185564
21389,0.001546,74.125.24.0-255,7156,128214,96,185564
21390,0.001551,172.31.47.0-255,66,128280,96,185564
21391,0.001567,74.125.24.0-255,2902,131182,96,185564
21392,0.00157,172.31.47.0-255,66,131248,96,185564
21393,0.001583,172.31.47.0-255,66,131314,96,185564
21394,0.001586,74.125.24.0-255,2184,133498,96,185564
21395,0.001588,172.31.47.0-255,66,133564,96,185564
21396,0.001593,74.125.24.0-255,2902,136466,96,185564
21397,0.001595,172.31.47.0-255,66,136532,96,185564
21398,0.001602,74.125.24.0-255,7156,143688,96,185564
21399,0.001607,172.31.47.0-255,66,143754,96,185564
21400,0.001644,74.125.24.0-255,5738,149492,96,185564
21401,0.001649,172.31.47.0-255,66,149558,96,185564
21402,0.001667,74.125.24.0-255,5738,155296,96,185564
21403,0.00167,172.31.47.0-255,66,155362,96,185564
21404,0.001677,74.125.24.0-255,5738,161100,96,185564
21405,0.001679,172.31.47.0-255,66,161166,96,185564
21406,0.001715,74.125.24.0-255,4320,165486,96,185564
21407,0.001719,172.31.47.0-255,66,165552,96,185564
21408,0.001754,172.31.47.0-255,66,165618,96,185564
21409,0.001772,172.31.47.0-255,66,165684,96,185564
21410,0.001777,74.125.24.0-255,3602,169286,96,185564
21411,0.001779,172.31.47.0-255,66,169352,96,185564
21412,0.001819,74.125.24.0-255,2902,172254,96,185564
21413,0.001823,172.31.47.0-255,66,172320,96,185564
21414,0.001851,172.31.47.0-255,66,172386,96,185564
21415,0.001864,172.31.47.0-255,66,172452,96,185564
21416,0.00189,74.125.24.0-255,7156,179608,96,185564
21417,0.001892,172.31.47.0-255,66,179674,96,185564
21418,0.001897,74.125.24.0-255,3602,183276,96,185564
21419,0.001899,172.31.47.0-255,66,183342,96,185564
21420,0.00191,172.31.47.0-255,66,183408,96,185564
21421,0.001944,172.31.47.0-255,66,183474,96,185564
21422,0.001957,172.31.47.0-255,66,183540,96,185564
21423,0.001979,74.125.24.0-255,1484,185024,96,185564
21424,0.00201,172.31.47.0-255,66,185090,96,185564
21425,0.002044,172.31.47.0-255,66,185156,96,185564
21426,0.002058,172.31.47.0-255,66,185222,96,185564
21427,0.004041,74.125.24.0-255,105,185327,96,185564
21428,0.008413,172.31.47.0-255,66,185393,96,185564
21429,0.008441,172.31.47.0-255,105,185498,96,185564
21430,0.010433,74.125.24.0-255,66,185564,96,185564
21431,0.0,172.217.194.0-255,153,153,96,192530
21432,1.5e-05,172.31.47.0-255,66,219,96,192530
21433,2.1e-05,172.217.194.0-255,1484,1703,96,192530
21434,2.5e-05,172.31.47.0-255,66,1769,96,192530
21435,3e-05,172.217.194.0-255,2902,4671,96,192530
21436,3.3e-05,172.31.47.0-255,66,4737,96,192530
21437,4.6e-05,172.217.194.0-255,7156,11893,96,192530
21438,4.9e-05,172.31.47.0-255,66,11959,96,192530
21439,5.3e-05,172.217.194.0-255,2014,13973,96,192530
21440,5.5e-05,172.31.47.0-255,66,14039,96,192530
21441,0.000124,172.31.47.0-255,66,14105,96,192530
21442,0.000129,172.217.194.0-255,2902,17007,96,192530
21443,0.00013,172.31.47.0-255,66,17073,96,192530
21444,0.000152,172.217.194.0-255,2543,19616,96,192530
21445,0.000155,172.31.47.0-255,66,19682,96,192530
21446,0.000176,172.217.194.0-255,1484,21166,96,192530
21447,0.000177,172.31.47.0-255,66,21232,96,192530
21448,0.000182,172.217.194.0-255,2902,24134,96,192530
21449,0.000183,172.31.47.0-255,66,24200,96,192530
21450,0.000186,172.217.194.0-255,1484,25684,96,192530
21451,0.000187,172.31.47.0-255,66,25750,96,192530
21452,0.000208,172.217.194.0-255,4320,30070,96,192530
21453,0.00021,172.31.47.0-255,66,30136,96,192530
21454,0.000218,172.217.194.0-255,2902,33038,96,192530
21455,0.00022,172.31.47.0-255,66,33104,96,192530
21456,0.000245,172.217.194.0-255,3961,37065,96,192530
21457,0.000247,172.31.47.0-255,66,37131,96,192530
21458,0.000278,172.217.194.0-255,7156,44287,96,192530
21459,0.00028,172.31.47.0-255,66,44353,96,192530
21460,0.000284,172.217.194.0-255,2902,47255,96,192530
21461,0.000285,172.31.47.0-255,66,47321,96,192530
21462,0.000313,172.217.194.0-255,2902,50223,96,192530
21463,0.000326,172.217.194.0-255,4287,54510,96,192530
21464,0.000396,172.217.194.0-255,383,54893,96,192530
21465,0.000493,172.31.47.0-255,66,54959,96,192530
21466,0.001075,172.217.194.0-255,1484,56443,96,192530
21467,0.001084,172.217.194.0-255,2902,59345,96,192530
21468,0.001088,172.31.47.0-255,66,59411,96,192530
21469,0.001121,172.217.194.0-255,5738,65149,96,192530
21470,0.001136,172.217.194.0-255,1484,66633,96,192530
21471,0.001191,172.217.194.0-255,2902,69535,96,192530
21472,0.001249,172.217.194.0-255,4320,73855,96,192530
21473,0.001275,172.217.194.0-255,766,74621,96,192530
21474,0.001368,172.217.194.0-255,1484,76105,96,192530
21475,0.001389,172.217.194.0-255,2902,79007,96,192530
21476,0.001393,172.217.194.0-255,2902,81909,96,192530
21477,0.00141,172.217.194.0-255,2902,84811,96,192530
21478,0.001417,172.217.194.0-255,5738,90549,96,192530
21479,0.001433,172.217.194.0-255,4320,94869,96,192530
21480,0.001458,172.217.194.0-255,5738,100607,96,192530
21481,0.002188,172.217.194.0-255,1484,102091,96,192530
21482,0.002197,172.217.194.0-255,2902,104993,96,192530
21483,0.002203,172.217.194.0-255,5738,110731,96,192530
21484,0.002219,172.217.194.0-255,4320,115051,96,192530
21485,0.002236,172.217.194.0-255,5738,120789,96,192530
21486,0.002282,172.217.194.0-255,4320,125109,96,192530
21487,0.00233,172.217.194.0-255,7156,132265,96,192530
21488,0.002343,172.217.194.0-255,2184,134449,96,192530
21489,0.002677,172.217.194.0-255,1484,135933,96,192530
21490,0.005914,172.31.47.0-255,66,135999,96,192530
21491,0.008546,172.217.194.0-255,5738,141737,96,192530
21492,0.008552,172.31.47.0-255,66,141803,96,192530
21493,0.011176,172.217.194.0-255,5738,147541,96,192530
21494,0.011184,172.31.47.0-255,66,147607,96,192530
21495,0.013823,172.217.194.0-255,5738,153345,96,192530
21496,0.013832,172.31.47.0-255,66,153411,96,192530
21497,0.016448,172.217.194.0-255,5738,159149,96,192530
21498,0.016457,172.31.47.0-255,66,159215,96,192530
21499,0.019074,172.217.194.0-255,5738,164953,96,192530
21500,0.019087,172.31.47.0-255,66,165019,96,192530
21501,0.021718,172.217.194.0-255,5738,170757,96,192530
21502,0.021728,172.31.47.0-255,66,170823,96,192530
21503,0.024334,172.217.194.0-255,5738,176561,96,192530
21504,0.024342,172.31.47.0-255,66,176627,96,192530
21505,0.025885,172.31.47.0-255,172,176799,96,192530
21506,0.025912,172.31.47.0-255,1111,177910,96,192530
21507,0.025962,172.31.47.0-255,1514,179424,96,192530
21508,0.02598,172.31.47.0-255,1300,180724,96,192530
21509,0.026958,172.217.194.0-255,5738,186462,96,192530
21510,0.026966,172.31.47.0-255,66,186528,96,192530
21511,0.027484,104.244.42.0-255,66,186594,96,192530
21512,0.027491,104.244.42.0-255,66,186660,96,192530
21513,0.027527,104.244.42.0-255,66,186726,96,192530
21514,0.029573,172.217.194.0-255,5738,192464,96,192530
21515,0.029579,172.31.47.0-255,66,192530,96,192530
21516,0.0,172.31.47.0-255,105,105,96,276
21517,0.002122,157.240.13.0-255,105,210,96,276
21518,0.002133,172.31.47.0-255,66,276,96,276
21519,0.0,172.217.194.0-255,153,153,96,234851
21520,3.3e-05,172.31.47.0-255,66,219,96,234851
21521,4e-05,172.217.194.0-255,1484,1703,96,234851
21522,4.5e-05,172.31.47.0-255,66,1769,96,234851
21523,5e-05,172.217.194.0-255,2902,4671,96,234851
21524,5.3e-05,172.31.47.0-255,66,4737,96,234851
21525,5.8e-05,172.217.194.0-255,4320,9057,96,234851
21526,6.1e-05,172.31.47.0-255,66,9123,96,234851
21527,8.5e-05,172.217.194.0-255,1484,10607,96,234851
21528,8.9e-05,172.31.47.0-255,66,10673,96,234851
21529,0.000109,172.217.194.0-255,1484,12157,96,234851
21530,0.000112,172.31.47.0-255,66,12223,96,234851
21531,0.00013,172.217.194.0-255,2140,14363,96,234851
21532,0.000132,172.31.47.0-255,66,14429,96,234851
21533,0.00023,172.217.194.0-255,1484,15913,96,234851
21534,0.000234,172.31.47.0-255,66,15979,96,234851
21535,0.00024,172.217.194.0-255,2902,18881,96,234851
21536,0.000243,172.31.47.0-255,66,18947,96,234851
21537,0.000246,172.217.194.0-255,1484,20431,96,234851
21538,0.000248,172.31.47.0-255,66,20497,96,234851
21539,0.000272,172.217.194.0-255,4320,24817,96,234851
21540,0.000277,172.31.47.0-255,66,24883,96,234851
21541,0.000278,172.217.194.0-255,5738,30621,96,234851
21542,0.00028,172.31.47.0-255,66,30687,96,234851
21543,0.000293,172.217.194.0-255,1125,31812,96,234851
21544,0.000296,172.31.47.0-255,66,31878,96,234851
21545,0.000309,172.31.47.0-255,66,31944,96,234851
21546,0.000325,172.217.194.0-255,4320,36264,96,234851
21547,0.000328,172.31.47.0-255,66,36330,96,234851
21548,0.000338,172.31.47.0-255,66,36396,96,234851
21549,0.000362,172.217.194.0-255,5738,42134,96,234851
21550,0.000368,172.31.47.0-255,66,42200,96,234851
21551,0.000375,172.217.194.0-255,2902,45102,96,234851
21552,0.000382,172.31.47.0-255,66,45168,96,234851
21553,0.000388,172.217.194.0-255,2459,47627,96,234851
21554,0.000397,172.31.47.0-255,66,47693,96,234851
21555,0.000519,172.217.194.0-255,118,47811,96,234851
21556,0.000585,172.217.194.0-255,1484,49295,96,234851
21557,0.000589,172.31.47.0-255,66,49361,96,234851
21558,0.000594,172.217.194.0-255,2902,52263,96,234851
21559,0.000601,172.217.194.0-255,5738,58001,96,234851
21560,0.000604,172.31.47.0-255,66,58067,96,234851
21561,0.000609,172.31.47.0-255,66,58133,96,234851
21562,0.000619,172.217.194.0-255,1484,59617,96,234851
21563,0.000642,172.217.194.0-255,5674,65291,96,234851
21564,0.000647,172.31.47.0-255,66,65357,96,234851
21565,0.000915,172.217.194.0-255,1484,66841,96,234851
21566,0.00092,172.217.194.0-255,2902,69743,96,234851
21567,0.000923,172.31.47.0-255,66,69809,96,234851
21568,0.000945,172.217.194.0-255,5738,75547,96,234851
21569,0.000951,172.31.47.0-255,66,75613,96,234851
21570,0.000958,172.217.194.0-255,4320,79933,96,234851
21571,0.000963,172.31.47.0-255,66,79999,96,234851
21572,0.000992,172.31.47.0-255,66,80065,96,234851
21573,0.001037,172.217.194.0-255,4320,84385,96,234851
21574,0.00104,172.31.47.0-255,66,84451,96,234851
21575,0.001059,172.217.194.0-255,6438,90889,96,234851
21576,0.001068,172.31.47.0-255,66,90955,96,234851
21577,0.00107,172.217.194.0-255,2902,93857,96,234851
21578,0.001081,172.31.47.0-255,66,93923,96,234851
21579,0.001101,172.31.47.0-255,66,93989,96,234851
21580,0.001105,172.31.47.0-255,66,94055,96,234851
21581,0.00113,172.217.194.0-255,1484,95539,96,234851
21582,0.001154,172.31.47.0-255,66,95605,96,234851
21583,0.001177,172.31.47.0-255,66,95671,96,234851
21584,0.00119,172.31.47.0-255,66,95737,96,234851
21585,0.001468,172.217.194.0-255,1484,97221,96,234851
21586,0.001488,172.217.194.0-255,2902,100123,96,234851
21587,0.001491,172.31.47.0-255,66,100189,96,234851
21588,0.001497,172.217.194.0-255,5738,105927,96,234851
21589,0.0015,172.31.47.0-255,66,105993,96,234851
21590,0.001533,172.31.47.0-255,66,106059,96,234851
21591,0.001559,172.217.194.0-255,5738,111797,96,234851
21592,0.001563,172.31.47.0-255,66,111863,96,234851
21593,0.001582,172.31.47.0-255,66,111929,96,234851
21594,0.001646,172.217.194.0-255,1484,113413,96,234851
21595,0.00165,172.217.194.0-255,2902,116315,96,234851
21596,0.001653,172.31.47.0-255,66,116381,96,234851
21597,0.001661,172.217.194.0-255,1484,117865,96,234851
21598,0.001677,172.217.194.0-255,4320,122185,96,234851
21599,0.001681,172.217.194.0-255,2902,125087,96,234851
21600,0.001687,172.31.47.0-255,66,125153,96,234851
21601,0.001719,172.217.194.0-255,7156,132309,96,234851
21602,0.001718,172.31.47.0-255,66,132375,96,234851
21603,0.001721,172.31.47.0-255,66,132441,96,234851
21604,0.00174,172.217.194.0-255,3602,136043,96,234851
21605,0.001746,172.31.47.0-255,66,136109,96,234851
21606,0.001752,172.217.194.0-255,2902,139011,96,234851
21607,0.001758,172.31.47.0-255,66,139077,96,234851
21608,0.001781,172.31.47.0-255,66,139143,96,234851
21609,0.001784,172.31.47.0-255,66,139209,96,234851
21610,0.00183,172.217.194.0-255,4320,143529,96,234851
21611,0.001833,172.31.47.0-255,66,143595,96,234851
21612,0.001856,172.31.47.0-255,66,143661,96,234851
21613,0.001879,172.217.194.0-255,1484,145145,96,234851
21614,0.001894,172.217.194.0-255,2902,148047,96,234851
21615,0.001905,172.31.47.0-255,66,148113,96,234851
21616,0.001919,172.217.194.0-255,5738,153851,96,234851
21617,0.001922,172.217.194.0-255,1484,155335,96,234851
21618,0.001929,172.31.47.0-255,66,155401,96,234851
21619,0.001948,172.217.194.0-255,7156,162557,96,234851
21620,0.001958,172.31.47.0-255,66,162623,96,234851
21621,0.00197,172.31.47.0-255,66,162689,96,234851
21622,0.001998,172.217.194.0-255,5020,167709,96,234851
21623,0.002008,172.217.194.0-255,1484,169193,96,234851
21624,0.002009,172.31.47.0-255,66,169259,96,234851
21625,0.002023,172.217.194.0-255,1484,170743,96,234851
21626,0.002031,172.31.47.0-255,66,170809,96,234851
21627,0.002038,172.217.194.0-255,4320,175129,96,234851
21628,0.002043,172.31.47.0-255,66,175195,96,234851
21629,0.002079,172.31.47.0-255,66,175261,96,234851
21630,0.002086,172.217.194.0-255,1484,176745,96,234851
21631,0.002137,172.31.47.0-255,66,176811,96,234851
21632,0.004459,172.217.194.0-255,5738,182549,96,234851
21633,0.004478,172.31.47.0-255,66,182615,96,234851
21634,0.006762,172.217.194.0-255,5738,188353,96,234851
21635,0.009883,172.31.47.0-255,66,188419,96,234851
21636,0.012155,172.217.194.0-255,5738,194157,96,234851
21637,0.01217,172.31.47.0-255,66,194223,96,234851
21638,0.014499,172.217.194.0-255,5738,199961,96,234851
21639,0.014511,172.31.47.0-255,66,200027,96,234851
21640,0.016807,172.217.194.0-255,5738,205765,96,234851
21641,0.017626,172.31.47.0-255,66,205831,96,234851
21642,0.019927,172.217.194.0-255,5738,211569,96,234851
21643,0.019936,172.31.47.0-255,66,211635,96,234851
21644,0.022209,172.217.194.0-255,5738,217373,96,234851
21645,0.022217,172.31.47.0-255,66,217439,96,234851
21646,0.024515,172.217.194.0-255,5738,223177,96,234851
21647,0.024522,172.31.47.0-255,66,223243,96,234851
21648,0.026789,172.217.194.0-255,5738,228981,96,234851
21649,0.026799,172.31.47.0-255,66,229047,96,234851
21650,0.029116,172.217.194.0-255,5738,234785,96,234851
21651,0.029124,172.31.47.0-255,66,234851,96,234851
21652,0.0,74.125.24.0-255,152,152,96,217205
21653,3.4e-05,172.31.47.0-255,66,218,96,217205
21654,4.2e-05,74.125.24.0-255,1484,1702,96,217205
21655,4.6e-05,172.31.47.0-255,66,1768,96,217205
21656,5.9e-05,74.125.24.0-255,2902,4670,96,217205
21657,6.2e-05,172.31.47.0-255,66,4736,96,217205
21658,7.1e-05,74.125.24.0-255,7156,11892,96,217205
21659,7.4e-05,172.31.47.0-255,66,11958,96,217205
21660,7.7e-05,74.125.24.0-255,2160,14118,96,217205
21661,8e-05,172.31.47.0-255,66,14184,96,217205
21662,9.3e-05,172.31.47.0-255,66,14250,96,217205
21663,9.9e-05,74.125.24.0-255,5379,19629,96,217205
21664,0.000101,172.31.47.0-255,66,19695,96,217205
21665,0.000164,74.125.24.0-255,1484,21179,96,217205
21666,0.00017,172.31.47.0-255,66,21245,96,217205
21667,0.000174,74.125.24.0-255,2902,24147,96,217205
21668,0.000176,172.31.47.0-255,66,24213,96,217205
21669,0.000211,74.125.24.0-255,5738,29951,96,217205
21670,0.000215,172.31.47.0-255,66,30017,96,217205
21671,0.00023,74.125.24.0-255,6797,36814,96,217205
21672,0.000233,172.31.47.0-255,66,36880,96,217205
21673,0.000254,172.31.47.0-255,66,36946,96,217205
21674,0.000258,74.125.24.0-255,2818,39764,96,217205
21675,0.00026,172.31.47.0-255,66,39830,96,217205
21676,0.000264,74.125.24.0-255,129,39959,96,217205
21677,0.000266,172.31.47.0-255,66,40025,96,217205
21678,0.000367,74.125.24.0-255,1484,41509,96,217205
21679,0.000372,172.31.47.0-255,66,41575,96,217205
21680,0.000376,74.125.24.0-255,2902,44477,96,217205
21681,0.000379,172.31.47.0-255,66,44543,96,217205
21682,0.000417,74.125.24.0-255,5738,50281,96,217205
21683,0.000421,74.125.24.0-255,4320,54601,96,217205
21684,0.000422,172.31.47.0-255,66,54667,96,217205
21685,0.000426,172.31.47.0-255,66,54733,96,217205
21686,0.000437,74.125.24.0-255,5738,60471,96,217205
21687,0.000444,172.31.47.0-255,66,60537,96,217205
21688,0.000478,74.125.24.0-255,6797,67334,96,217205
21689,0.000482,172.31.47.0-255,66,67400,96,217205
21690,0.000484,74.125.24.0-255,6499,73899,96,217205
21691,0.000487,172.31.47.0-255,66,73965,96,217205
21692,0.000554,172.31.47.0-255,66,74031,96,217205
21693,0.00056,74.125.24.0-255,5379,79410,96,217205
21694,0.000563,172.31.47.0-255,66,79476,96,217205
21695,0.000718,74.125.24.0-255,1484,80960,96,217205
21696,0.000724,74.125.24.0-255,2902,83862,96,217205
21697,0.000727,172.31.47.0-255,66,83928,96,217205
21698,0.000759,74.125.24.0-255,5738,89666,96,217205
21699,0.000763,172.31.47.0-255,66,89732,96,217205
21700,0.00077,74.125.24.0-255,7156,96888,96,217205
21701,0.000772,172.31.47.0-255,66,96954,96,217205
21702,0.000785,74.125.24.0-255,7156,104110,96,217205
21703,0.000788,172.31.47.0-255,66,104176,96,217205
21704,0.000824,74.125.24.0-255,7156,111332,96,217205
21705,0.000827,172.31.47.0-255,66,111398,96,217205
21706,0.000831,74.125.24.0-255,2184,113582,96,217205
21707,0.000833,172.31.47.0-255,66,113648,96,217205
21708,0.000971,74.125.24.0-255,1484,115132,96,217205
21709,0.000976,74.125.24.0-255,1484,116616,96,217205
21710,0.000979,172.31.47.0-255,66,116682,96,217205
21711,0.000997,74.125.24.0-255,1484,118166,96,217205
21712,0.001003,74.125.24.0-255,5738,123904,96,217205
21713,0.001005,172.31.47.0-255,66,123970,96,217205
21714,0.00101,74.125.24.0-255,2902,126872,96,217205
21715,0.001012,172.31.47.0-255,66,126938,96,217205
21716,0.00104,74.125.24.0-255,7156,134094,96,217205
21717,0.001044,172.31.47.0-255,66,134160,96,217205
21718,0.001074,74.125.24.0-255,4320,138480,96,217205
21719,0.001077,172.31.47.0-255,66,138546,96,217205
21720,0.001113,172.31.47.0-255,66,138612,96,217205
21721,0.001125,172.31.47.0-255,66,138678,96,217205
21722,0.001158,74.125.24.0-255,4320,142998,96,217205
21723,0.001162,172.31.47.0-255,66,143064,96,217205
21724,0.001169,74.125.24.0-255,7156,150220,96,217205
21725,0.001171,172.31.47.0-255,66,150286,96,217205
21726,0.001184,74.125.24.0-255,7156,157442,96,217205
21727,0.001187,172.31.47.0-255,66,157508,96,217205
21728,0.001218,74.125.24.0-255,5020,162528,96,217205
21729,0.001222,172.31.47.0-255,66,162594,96,217205
21730,0.001348,74.125.24.0-255,1484,164078,96,217205
21731,0.001361,74.125.24.0-255,2902,166980,96,217205
21732,0.001364,172.31.47.0-255,66,167046,96,217205
21733,0.001393,74.125.24.0-255,5738,172784,96,217205
21734,0.001396,172.31.47.0-255,66,172850,96,217205
21735,0.001399,74.125.24.0-255,1484,174334,96,217205
21736,0.001416,172.31.47.0-255,66,174400,96,217205
21737,0.001453,172.31.47.0-255,66,174466,96,217205
21738,0.001477,74.125.24.0-255,2184,176650,96,217205
21739,0.00148,172.31.47.0-255,66,176716,96,217205
21740,0.001766,74.125.24.0-255,1484,178200,96,217205
21741,0.00179,74.125.24.0-255,2902,181102,96,217205
21742,0.001794,172.31.47.0-255,66,181168,96,217205
21743,0.0018,74.125.24.0-255,5738,186906,96,217205
21744,0.001802,172.31.47.0-255,66,186972,96,217205
21745,0.001846,172.31.47.0-255,66,187038,96,217205
21746,0.001854,74.125.24.0-255,7156,194194,96,217205
21747,0.001856,172.31.47.0-255,66,194260,96,217205
21748,0.001947,172.31.47.0-255,66,194326,96,217205
21749,0.001949,74.125.24.0-255,1484,195810,96,217205
21750,0.00196,172.31.47.0-255,66,195876,96,217205
21751,0.001974,74.125.24.0-255,2184,198060,96,217205
21752,0.001977,172.31.47.0-255,66,198126,96,217205
21753,0.001986,74.125.24.0-255,4320,202446,96,217205
21754,0.001988,172.31.47.0-255,66,202512,96,217205
21755,0.002027,172.31.47.0-255,66,202578,96,217205
21756,0.002037,172.31.47.0-255,66,202644,96,217205
21757,0.002068,172.31.47.0-255,66,202710,96,217205
21758,0.002081,74.125.24.0-255,5020,207730,96,217205
21759,0.002088,172.31.47.0-255,66,207796,96,217205
21760,0.002102,172.31.47.0-255,66,207862,96,217205
21761,0.002135,74.125.24.0-255,2902,210764,96,217205
21762,0.002138,172.31.47.0-255,66,210830,96,217205
21763,0.002149,172.31.47.0-255,66,210896,96,217205
21764,0.00216,74.125.24.0-255,5738,216634,96,217205
21765,0.002163,172.31.47.0-255,66,216700,96,217205
21766,0.002217,172.31.47.0-255,66,216766,96,217205
21767,0.002219,74.125.24.0-255,97,216863,96,217205
21768,0.002221,74.125.24.0-255,105,216968,96,217205
21769,0.003308,172.31.47.0-255,66,217034,96,217205
21770,0.003334,172.31.47.0-255,105,217139,96,217205
21771,0.005563,74.125.24.0-255,66,217205,96,217205
21772,0.0,172.217.194.0-255,153,153,96,338412
21773,1.8e-05,172.31.47.0-255,66,219,96,338412
21774,2.3e-05,172.217.194.0-255,1484,1703,96,338412
21775,2.7e-05,172.31.47.0-255,66,1769,96,338412
21776,3.2e-05,172.217.194.0-255,2902,4671,96,338412
21777,3.4e-05,172.31.47.0-255,66,4737,96,338412
21778,4.7e-05,172.217.194.0-255,7156,11893,96,338412
21779,4.9e-05,172.31.47.0-255,66,11959,96,338412
21780,5.5e-05,172.217.194.0-255,5738,17697,96,338412
21781,5.7e-05,172.31.47.0-255,66,17763,96,338412
21782,8.5e-05,172.217.194.0-255,3565,21328,96,338412
21783,9.1e-05,172.31.47.0-255,66,21394,96,338412
21784,9.7e-05,172.217.194.0-255,7156,28550,96,338412
21785,9.9e-05,172.31.47.0-255,66,28616,96,338412
21786,0.000117,172.217.194.0-255,2543,31159,96,338412
21787,0.000119,172.31.47.0-255,66,31225,96,338412
21788,0.000175,172.217.194.0-255,1484,32709,96,338412
21789,0.000178,172.31.47.0-255,66,32775,96,338412
21790,0.0002,172.217.194.0-255,2902,35677,96,338412
21791,0.000202,172.31.47.0-255,66,35743,96,338412
21792,0.000206,172.217.194.0-255,2902,38645,96,338412
21793,0.000208,172.31.47.0-255,66,38711,96,338412
21794,0.00023,172.217.194.0-255,4320,43031,96,338412
21795,0.000232,172.31.47.0-255,66,43097,96,338412
21796,0.000235,172.217.194.0-255,1484,44581,96,338412
21797,0.000237,172.31.47.0-255,66,44647,96,338412
21798,0.000277,172.217.194.0-255,7156,51803,96,338412
21799,0.00028,172.31.47.0-255,66,51869,96,338412
21800,0.000289,172.31.47.0-255,66,51935,96,338412
21801,0.000315,172.217.194.0-255,3602,55537,96,338412
21802,0.000317,172.31.47.0-255,66,55603,96,338412
21803,0.000358,172.217.194.0-255,4642,60245,96,338412
21804,0.000361,172.31.47.0-255,66,60311,96,338412
21805,0.000366,172.217.194.0-255,2902,63213,96,338412
21806,0.000368,172.31.47.0-255,66,63279,96,338412
21807,0.000389,172.217.194.0-255,2902,66181,96,338412
21808,0.000391,172.31.47.0-255,66,66247,96,338412
21809,0.000461,172.31.47.0-255,66,66313,96,338412
21810,0.000479,172.31.47.0-255,66,66379,96,338412
21811,0.000483,172.217.194.0-255,2504,68883,96,338412
21812,0.000486,172.31.47.0-255,66,68949,96,338412
21813,0.00061,172.217.194.0-255,1484,70433,96,338412
21814,0.000625,172.217.194.0-255,2902,73335,96,338412
21815,0.000629,172.31.47.0-255,66,73401,96,338412
21816,0.000663,172.217.194.0-255,5738,79139,96,338412
21817,0.000667,172.31.47.0-255,66,79205,96,338412
21818,0.000673,172.217.194.0-255,5738,84943,96,338412
21819,0.000675,172.31.47.0-255,66,85009,96,338412
21820,0.000702,172.217.194.0-255,4320,89329,96,338412
21821,0.000704,172.31.47.0-255,66,89395,96,338412
21822,0.000735,172.31.47.0-255,66,89461,96,338412
21823,0.00074,172.217.194.0-255,5020,94481,96,338412
21824,0.000742,172.31.47.0-255,66,94547,96,338412
21825,0.000781,172.217.194.0-255,1484,96031,96,338412
21826,0.000796,172.217.194.0-255,2902,98933,96,338412
21827,0.000799,172.31.47.0-255,66,98999,96,338412
21828,0.000829,172.217.194.0-255,5738,104737,96,338412
21829,0.000832,172.31.47.0-255,66,104803,96,338412
21830,0.000839,172.217.194.0-255,7156,111959,96,338412
21831,0.000841,172.31.47.0-255,66,112025,96,338412
21832,0.000878,172.217.194.0-255,2184,114209,96,338412
21833,0.000882,172.31.47.0-255,66,114275,96,338412
21834,0.000885,172.31.47.0-255,66,114341,96,338412
21835,0.001494,172.217.194.0-255,1484,115825,96,338412
21836,0.001506,172.217.194.0-255,1484,117309,96,338412
21837,0.001514,172.31.47.0-255,66,117375,96,338412
21838,0.001518,172.217.194.0-255,1484,118859,96,338412
21839,0.001521,172.217.194.0-255,2902,121761,96,338412
21840,0.001523,172.31.47.0-255,66,121827,96,338412
21841,0.001547,172.217.194.0-255,2902,124729,96,338412
21842,0.001549,172.31.47.0-255,66,124795,96,338412
21843,0.001554,172.217.194.0-255,5738,130533,96,338412
21844,0.001556,172.31.47.0-255,66,130599,96,338412
21845,0.001592,172.217.194.0-255,1484,132083,96,338412
21846,0.001595,172.31.47.0-255,66,132149,96,338412
21847,0.00161,172.217.194.0-255,3602,135751,96,338412
21848,0.001611,172.31.47.0-255,66,135817,96,338412
21849,0.001656,172.217.194.0-255,1484,137301,96,338412
21850,0.001668,172.217.194.0-255,2902,140203,96,338412
21851,0.00167,172.31.47.0-255,66,140269,96,338412
21852,0.001689,172.217.194.0-255,2902,143171,96,338412
21853,0.001693,172.31.47.0-255,66,143237,96,338412
21854,0.001717,172.217.194.0-255,2902,146139,96,338412
21855,0.001719,172.217.194.0-255,1484,147623,96,338412
21856,0.001729,172.31.47.0-255,66,147689,96,338412
21857,0.001733,172.31.47.0-255,66,147755,96,338412
21858,0.001756,172.217.194.0-255,7156,154911,96,338412
21859,0.001761,172.31.47.0-255,66,154977,96,338412
21860,0.001787,172.217.194.0-255,6438,161415,96,338412
21861,0.001789,172.31.47.0-255,66,161481,96,338412
21862,0.001817,172.217.194.0-255,1484,162965,96,338412
21863,0.001834,172.217.194.0-255,2902,165867,96,338412
21864,0.001836,172.31.47.0-255,66,165933,96,338412
21865,0.001863,172.217.194.0-255,5738,171671,96,338412
21866,0.001865,172.31.47.0-255,66,171737,96,338412
21867,0.001898,172.217.194.0-255,5738,177475,96,338412
21868,0.001901,172.31.47.0-255,66,177541,96,338412
21869,0.001929,172.217.194.0-255,7156,184697,96,338412
21870,0.001932,172.31.47.0-255,66,184763,96,338412
21871,0.001937,172.217.194.0-255,5738,190501,96,338412
21872,0.001939,172.31.47.0-255,66,190567,96,338412
21873,0.001992,172.217.194.0-255,5020,195587,96,338412
21874,0.001994,172.31.47.0-255,66,195653,96,338412
21875,0.0023,172.217.194.0-255,1484,197137,96,338412
21876,0.002322,172.217.194.0-255,2902,200039,96,338412
21877,0.002326,172.31.47.0-255,66,200105,96,338412
21878,0.002331,172.217.194.0-255,5738,205843,96,338412
21879,0.002333,172.31.47.0-255,66,205909,96,338412
21880,0.002357,172.217.194.0-255,1484,207393,96,338412
21881,0.002375,172.217.194.0-255,5738,213131,96,338412
21882,0.002377,172.31.47.0-255,66,213197,96,338412
21883,0.002406,172.217.194.0-255,5738,218935,96,338412
21884,0.002409,172.31.47.0-255,66,219001,96,338412
21885,0.002434,172.217.194.0-255,5738,224739,96,338412
21886,0.002436,172.31.47.0-255,66,224805,96,338412
21887,0.002464,172.217.194.0-255,5020,229825,96,338412
21888,0.002466,172.31.47.0-255,66,229891,96,338412
21889,0.00254,172.217.194.0-255,1484,231375,96,338412
21890,0.002544,172.217.194.0-255,1484,232859,96,338412
21891,0.002546,172.31.47.0-255,66,232925,96,338412
21892,0.002569,172.217.194.0-255,1484,234409,96,338412
21893,0.002574,172.217.194.0-255,5738,240147,96,338412
21894,0.002576,172.31.47.0-255,66,240213,96,338412
21895,0.002616,172.217.194.0-255,2902,243115,96,338412
21896,0.002619,172.31.47.0-255,66,243181,96,338412
21897,0.002676,172.217.194.0-255,5738,248919,96,338412
21898,0.00268,172.31.47.0-255,66,248985,96,338412
21899,0.002684,172.217.194.0-255,1484,250469,96,338412
21900,0.002691,172.217.194.0-255,7156,257625,96,338412
21901,0.002698,172.31.47.0-255,66,257691,96,338412
21902,0.002701,172.217.194.0-255,1484,259175,96,338412
21903,0.002706,172.217.194.0-255,5020,264195,96,338412
21904,0.002709,172.31.47.0-255,66,264261,96,338412
21905,0.002853,172.217.194.0-255,1484,265745,96,338412
21906,0.002871,172.217.194.0-255,2902,268647,96,338412
21907,0.002874,172.31.47.0-255,66,268713,96,338412
21908,0.002878,172.217.194.0-255,1484,270197,96,338412
21909,0.002904,172.217.194.0-255,7156,277353,96,338412
21910,0.002907,172.31.47.0-255,66,277419,96,338412
21911,0.002932,172.217.194.0-255,1484,278903,96,338412
21912,0.002937,172.217.194.0-255,2902,281805,96,338412
21913,0.002939,172.31.47.0-255,66,281871,96,338412
21914,0.002942,172.217.194.0-255,1484,283355,96,338412
21915,0.002949,172.217.194.0-255,7156,290511,96,338412
21916,0.002955,172.31.47.0-255,66,290577,96,338412
21917,0.002983,172.217.194.0-255,1484,292061,96,338412
21918,0.002986,172.217.194.0-255,1484,293545,96,338412
21919,0.002989,172.31.47.0-255,66,293611,96,338412
21920,0.002994,172.217.194.0-255,4320,297931,96,338412
21921,0.002996,172.31.47.0-255,66,297997,96,338412
21922,0.002999,172.217.194.0-255,766,298763,96,338412
21923,0.003031,172.217.194.0-255,1484,300247,96,338412
21924,0.003034,172.31.47.0-255,66,300313,96,338412
21925,0.003038,172.217.194.0-255,2902,303215,96,338412
21926,0.00304,172.31.47.0-255,66,303281,96,338412
21927,0.003072,172.217.194.0-255,5738,309019,96,338412
21928,0.003076,172.31.47.0-255,66,309085,96,338412
21929,0.003081,172.217.194.0-255,4320,313405,96,338412
21930,0.003083,172.31.47.0-255,66,313471,96,338412
21931,0.003114,172.217.194.0-255,2902,316373,96,338412
21932,0.003117,172.31.47.0-255,66,316439,96,338412
21933,0.003128,172.31.47.0-255,66,316505,96,338412
21934,0.003152,172.217.194.0-255,5738,322243,96,338412
21935,0.003155,172.31.47.0-255,66,322309,96,338412
21936,0.003173,172.217.194.0-255,3602,325911,96,338412
21937,0.003176,172.31.47.0-255,66,325977,96,338412
21938,0.00318,172.217.194.0-255,2902,328879,96,338412
21939,0.003182,172.31.47.0-255,66,328945,96,338412
21940,0.003211,172.217.194.0-255,1484,330429,96,338412
21941,0.003219,172.217.194.0-255,7156,337585,96,338412
21942,0.003221,172.31.47.0-255,66,337651,96,338412
21943,0.003244,172.217.194.0-255,322,337973,96,338412
21944,0.003247,172.217.194.0-255,97,338070,96,338412
21945,0.00329,172.217.194.0-255,105,338175,96,338412
21946,0.00543,172.31.47.0-255,66,338241,96,338412
21947,0.005468,172.31.47.0-255,105,338346,96,338412
21948,0.008063,172.217.194.0-255,66,338412,96,338412
21949,0.0,172.217.194.0-255,153,153,96,164698
21950,3.2e-05,172.31.47.0-255,66,219,96,164698
21951,3.9e-05,172.217.194.0-255,1484,1703,96,164698
21952,4.3e-05,172.31.47.0-255,66,1769,96,164698
21953,4.8e-05,172.217.194.0-255,2902,4671,96,164698
21954,5.1e-05,172.31.47.0-255,66,4737,96,164698
21955,6.6e-05,172.217.194.0-255,7156,11893,96,164698
21956,6.9e-05,172.31.47.0-255,66,11959,96,164698
21957,7.3e-05,172.217.194.0-255,2012,13971,96,164698
21958,7.5e-05,172.31.47.0-255,66,14037,96,164698
21959,0.000125,172.217.194.0-255,1484,15521,96,164698
21960,0.000128,172.31.47.0-255,66,15587,96,164698
21961,0.000133,172.217.194.0-255,2902,18489,96,164698
21962,0.000136,172.31.47.0-255,66,18555,96,164698
21963,0.000171,172.217.194.0-255,2902,21457,96,164698
21964,0.000173,172.31.47.0-255,66,21523,96,164698
21965,0.000197,172.217.194.0-255,2902,24425,96,164698
21966,0.000199,172.31.47.0-255,66,24491,96,164698
21967,0.000207,172.217.194.0-255,6797,31288,96,164698
21968,0.000209,172.31.47.0-255,66,31354,96,164698
21969,0.000237,172.217.194.0-255,1484,32838,96,164698
21970,0.00024,172.31.47.0-255,66,32904,96,164698
21971,0.000244,172.217.194.0-255,2902,35806,96,164698
21972,0.000246,172.31.47.0-255,66,35872,96,164698
21973,0.000252,172.217.194.0-255,5738,41610,96,164698
21974,0.000261,172.31.47.0-255,66,41676,96,164698
21975,0.000268,172.217.194.0-255,6797,48473,96,164698
21976,0.000271,172.31.47.0-255,66,48539,96,164698
21977,0.001259,172.217.194.0-255,1484,50023,96,164698
21978,0.001265,172.31.47.0-255,66,50089,96,164698
21979,0.001274,172.217.194.0-255,2902,52991,96,164698
21980,0.001275,172.31.47.0-255,66,53057,96,164698
21981,0.001285,172.217.194.0-255,5738,58795,96,164698
21982,0.001287,172.31.47.0-255,66,58861,96,164698
21983,0.001329,172.217.194.0-255,6797,65658,96,164698
21984,0.001331,172.31.47.0-255,66,65724,96,164698
21985,0.001531,172.217.194.0-255,1484,67208,96,164698
21986,0.001538,172.217.194.0-255,2902,70110,96,164698
21987,0.001541,172.31.47.0-255,66,70176,96,164698
21988,0.001569,172.217.194.0-255,5738,75914,96,164698
21989,0.001571,172.31.47.0-255,66,75980,96,164698
21990,0.001576,172.217.194.0-255,4320,80300,96,164698
21991,0.001578,172.31.47.0-255,66,80366,96,164698
21992,0.001619,172.31.47.0-255,66,80432,96,164698
21993,0.001628,172.31.47.0-255,66,80498,96,164698
21994,0.00358,172.217.194.0-255,5738,86236,96,164698
21995,0.003585,172.31.47.0-255,66,86302,96,164698
21996,0.005576,172.217.194.0-255,5738,92040,96,164698
21997,0.005582,172.31.47.0-255,66,92106,96,164698
21998,0.007531,172.217.194.0-255,5738,97844,96,164698
21999,0.007537,172.31.47.0-255,66,97910,96,164698
22000,0.009494,172.217.194.0-255,5738,103648,96,164698
22001,0.0095,172.31.47.0-255,66,103714,96,164698
22002,0.01147,172.217.194.0-255,5738,109452,96,164698
22003,0.011478,172.31.47.0-255,66,109518,96,164698
22004,0.013435,172.217.194.0-255,5738,115256,96,164698
22005,0.013442,172.31.47.0-255,66,115322,96,164698
22006,0.015413,172.217.194.0-255,5738,121060,96,164698
22007,0.01542,172.31.47.0-255,66,121126,96,164698
22008,0.017402,172.217.194.0-255,5738,126864,96,164698
22009,0.017408,172.31.47.0-255,66,126930,96,164698
22010,0.019049,172.31.47.0-255,172,127102,96,164698
22011,0.019091,172.31.47.0-255,1111,128213,96,164698
22012,0.019151,172.31.47.0-255,1514,129727,96,164698
22013,0.019152,172.31.47.0-255,1301,131028,96,164698
22014,0.019401,172.217.194.0-255,5738,136766,96,164698
22015,0.019406,172.31.47.0-255,66,136832,96,164698
22016,0.020567,104.244.42.0-255,66,136898,96,164698
22017,0.020655,104.244.42.0-255,66,136964,96,164698
22018,0.020707,104.244.42.0-255,66,137030,96,164698
22019,0.021363,172.217.194.0-255,5738,142768,96,164698
22020,0.021368,172.31.47.0-255,66,142834,96,164698
22021,0.023354,172.217.194.0-255,5738,148572,96,164698
22022,0.023359,172.31.47.0-255,66,148638,96,164698
22023,0.025323,172.217.194.0-255,4320,152958,96,164698
22024,0.025327,172.31.47.0-255,66,153024,96,164698
22025,0.025352,172.217.194.0-255,1484,154508,96,164698
22026,0.027284,172.217.194.0-255,4320,158828,96,164698
22027,0.027288,172.31.47.0-255,66,158894,96,164698
22028,0.029247,172.217.194.0-255,5738,164632,96,164698
22029,0.029251,172.31.47.0-255,66,164698,96,164698
22030,0.0,74.125.24.0-255,152,152,96,261053
22031,2.7e-05,172.31.47.0-255,66,218,96,261053
22032,3.3e-05,74.125.24.0-255,1484,1702,96,261053
22033,3.7e-05,172.31.47.0-255,66,1768,96,261053
22034,4.1e-05,74.125.24.0-255,2902,4670,96,261053
22035,4.3e-05,172.31.47.0-255,66,4736,96,261053
22036,4.9e-05,74.125.24.0-255,7156,11892,96,261053
22037,5.1e-05,172.31.47.0-255,66,11958,96,261053
22038,7.1e-05,74.125.24.0-255,2216,14174,96,261053
22039,7.4e-05,172.31.47.0-255,66,14240,96,261053
22040,0.000161,74.125.24.0-255,1484,15724,96,261053
22041,0.000165,172.31.47.0-255,66,15790,96,261053
22042,0.000168,74.125.24.0-255,1484,17274,96,261053
22043,0.00017,172.31.47.0-255,66,17340,96,261053
22044,0.000187,74.125.24.0-255,1484,18824,96,261053
22045,0.000189,172.31.47.0-255,66,18890,96,261053
22046,0.000194,74.125.24.0-255,5738,24628,96,261053
22047,0.000196,172.31.47.0-255,66,24694,96,261053
22048,0.000241,74.125.24.0-255,6797,31491,96,261053
22049,0.000244,172.31.47.0-255,66,31557,96,261053
22050,0.000336,74.125.24.0-255,1484,33041,96,261053
22051,0.000339,172.31.47.0-255,66,33107,96,261053
22052,0.000344,74.125.24.0-255,2902,36009,96,261053
22053,0.000348,172.31.47.0-255,66,36075,96,261053
22054,0.000355,74.125.24.0-255,1484,37559,96,261053
22055,0.000357,172.31.47.0-255,66,37625,96,261053
22056,0.000378,74.125.24.0-255,4320,41945,96,261053
22057,0.000381,172.31.47.0-255,66,42011,96,261053
22058,0.000387,74.125.24.0-255,6797,48808,96,261053
22059,0.000389,172.31.47.0-255,66,48874,96,261053
22060,0.000467,74.125.24.0-255,1484,50358,96,261053
22061,0.00047,172.31.47.0-255,66,50424,96,261053
22062,0.000474,74.125.24.0-255,2902,53326,96,261053
22063,0.000476,172.31.47.0-255,66,53392,96,261053
22064,0.000489,74.125.24.0-255,1484,54876,96,261053
22065,0.000502,74.125.24.0-255,2902,57778,96,261053
22066,0.000505,172.31.47.0-255,66,57844,96,261053
22067,0.000523,74.125.24.0-255,2902,60746,96,261053
22068,0.000525,172.31.47.0-255,66,60812,96,261053
22069,0.000545,74.125.24.0-255,5712,66524,96,261053
22070,0.000549,172.31.47.0-255,66,66590,96,261053
22071,0.000564,74.125.24.0-255,376,66966,96,261053
22072,0.000699,172.31.47.0-255,66,67032,96,261053
22073,0.000939,74.125.24.0-255,1484,68516,96,261053
22074,0.000947,74.125.24.0-255,2902,71418,96,261053
22075,0.000951,172.31.47.0-255,66,71484,96,261053
22076,0.000956,74.125.24.0-255,2902,74386,96,261053
22077,0.000958,172.31.47.0-255,66,74452,96,261053
22078,0.000969,74.125.24.0-255,2902,77354,96,261053
22079,0.00097,172.31.47.0-255,66,77420,96,261053
22080,0.000986,74.125.24.0-255,1484,78904,96,261053
22081,0.001008,172.31.47.0-255,66,78970,96,261053
22082,0.001025,74.125.24.0-255,1484,80454,96,261053
22083,0.001049,74.125.24.0-255,4320,84774,96,261053
22084,0.001052,172.31.47.0-255,66,84840,96,261053
22085,0.001072,74.125.24.0-255,6438,91278,96,261053
22086,0.001074,172.31.47.0-255,66,91344,96,261053
22087,0.001625,74.125.24.0-255,1484,92828,96,261053
22088,0.001633,74.125.24.0-255,2902,95730,96,261053
22089,0.001636,172.31.47.0-255,66,95796,96,261053
22090,0.001642,74.125.24.0-255,5738,101534,96,261053
22091,0.001644,172.31.47.0-255,66,101600,96,261053
22092,0.001673,172.31.47.0-255,66,101666,96,261053
22093,0.001683,74.125.24.0-255,1484,103150,96,261053
22094,0.001718,172.31.47.0-255,66,103216,96,261053
22095,0.001734,74.125.24.0-255,766,103982,96,261053
22096,0.001823,74.125.24.0-255,1484,105466,96,261053
22097,0.001827,172.31.47.0-255,66,105532,96,261053
22098,0.001832,74.125.24.0-255,1484,107016,96,261053
22099,0.001844,74.125.24.0-255,1484,108500,96,261053
22100,0.001846,172.31.47.0-255,66,108566,96,261053
22101,0.001849,74.125.24.0-255,1484,110050,96,261053
22102,0.001865,74.125.24.0-255,4320,114370,96,261053
22103,0.001867,172.31.47.0-255,66,114436,96,261053
22104,0.001908,172.31.47.0-255,66,114502,96,261053
22105,0.001914,74.125.24.0-255,7156,121658,96,261053
22106,0.001916,172.31.47.0-255,66,121724,96,261053
22107,0.001963,74.125.24.0-255,3602,125326,96,261053
22108,0.001966,172.31.47.0-255,66,125392,96,261053
22109,0.002211,74.125.24.0-255,1484,126876,96,261053
22110,0.002237,74.125.24.0-255,2902,129778,96,261053
22111,0.002241,172.31.47.0-255,66,129844,96,261053
22112,0.002258,74.125.24.0-255,4320,134164,96,261053
22113,0.002261,172.31.47.0-255,66,134230,96,261053
22114,0.002277,74.125.24.0-255,1484,135714,96,261053
22115,0.00228,74.125.24.0-255,2902,138616,96,261053
22116,0.002282,172.31.47.0-255,66,138682,96,261053
22117,0.002285,74.125.24.0-255,1484,140166,96,261053
22118,0.002312,172.31.47.0-255,66,140232,96,261053
22119,0.002325,74.125.24.0-255,4320,144552,96,261053
22120,0.002327,172.31.47.0-255,66,144618,96,261053
22121,0.002344,74.125.24.0-255,6438,151056,96,261053
22122,0.002347,172.31.47.0-255,66,151122,96,261053
22123,0.002417,74.125.24.0-255,1484,152606,96,261053
22124,0.002421,74.125.24.0-255,1484,154090,96,261053
22125,0.002423,172.31.47.0-255,66,154156,96,261053
22126,0.002439,74.125.24.0-255,1484,155640,96,261053
22127,0.002444,74.125.24.0-255,5738,161378,96,261053
22128,0.002447,172.31.47.0-255,66,161444,96,261053
22129,0.002471,74.125.24.0-255,2902,164346,96,261053
22130,0.002473,172.31.47.0-255,66,164412,96,261053
22131,0.002498,172.31.47.0-255,66,164478,96,261053
22132,0.002531,74.125.24.0-255,7156,171634,96,261053
22133,0.002534,172.31.47.0-255,66,171700,96,261053
22134,0.002545,74.125.24.0-255,3602,175302,96,261053
22135,0.002547,172.31.47.0-255,66,175368,96,261053
22136,0.002596,74.125.24.0-255,1484,176852,96,261053
22137,0.002614,74.125.24.0-255,2902,179754,96,261053
22138,0.002617,172.31.47.0-255,66,179820,96,261053
22139,0.002623,74.125.24.0-255,5738,185558,96,261053
22140,0.002624,172.31.47.0-255,66,185624,96,261053
22141,0.002655,74.125.24.0-255,5738,191362,96,261053
22142,0.002658,172.31.47.0-255,66,191428,96,261053
22143,0.00269,74.125.24.0-255,7156,198584,96,261053
22144,0.002693,172.31.47.0-255,66,198650,96,261053
22145,0.002696,74.125.24.0-255,1484,200134,96,261053
22146,0.005316,74.125.24.0-255,4320,204454,96,261053
22147,0.005323,172.31.47.0-255,66,204520,96,261053
22148,0.007948,74.125.24.0-255,5738,210258,96,261053
22149,0.007954,172.31.47.0-255,66,210324,96,261053
22150,0.010596,74.125.24.0-255,5738,216062,96,261053
22151,0.010602,172.31.47.0-255,66,216128,96,261053
22152,0.013256,74.125.24.0-255,5738,221866,96,261053
22153,0.013263,172.31.47.0-255,66,221932,96,261053
22154,0.015901,74.125.24.0-255,5738,227670,96,261053
22155,0.015912,172.31.47.0-255,66,227736,96,261053
22156,0.018552,74.125.24.0-255,5738,233474,96,261053
22157,0.018558,172.31.47.0-255,66,233540,96,261053
22158,0.021208,74.125.24.0-255,5738,239278,96,261053
22159,0.021213,172.31.47.0-255,66,239344,96,261053
22160,0.023831,74.125.24.0-255,5738,245082,96,261053
22161,0.023837,172.31.47.0-255,66,245148,96,261053
22162,0.025173,172.31.47.0-255,172,245320,96,261053
22163,0.025194,172.31.47.0-255,1105,246425,96,261053
22164,0.025282,172.31.47.0-255,1514,247939,96,261053
22165,0.025284,172.31.47.0-255,1308,249247,96,261053
22166,0.026467,74.125.24.0-255,5738,254985,96,261053
22167,0.026472,172.31.47.0-255,66,255051,96,261053
22168,0.026657,104.244.42.0-255,66,255117,96,261053
22169,0.026682,104.244.42.0-255,66,255183,96,261053
22170,0.026788,104.244.42.0-255,66,255249,96,261053
22171,0.029085,74.125.24.0-255,5738,260987,96,261053
22172,0.02909,172.31.47.0-255,66,261053,96,261053
22173,0.0,74.125.24.0-255,152,152,96,249932
22174,3.2e-05,172.31.47.0-255,66,218,96,249932
22175,3.9e-05,74.125.24.0-255,1484,1702,96,249932
22176,4.2e-05,172.31.47.0-255,66,1768,96,249932
22177,4.7e-05,74.125.24.0-255,2902,4670,96,249932
22178,5.6e-05,172.31.47.0-255,66,4736,96,249932
22179,6.2e-05,74.125.24.0-255,7156,11892,96,249932
22180,6.5e-05,172.31.47.0-255,66,11958,96,249932
22181,6.9e-05,74.125.24.0-255,4934,16892,96,249932
22182,7.2e-05,172.31.47.0-255,66,16958,96,249932
22183,8.4e-05,172.31.47.0-255,66,17024,96,249932
22184,0.000138,74.125.24.0-255,1484,18508,96,249932
22185,0.000143,172.31.47.0-255,66,18574,96,249932
22186,0.000147,74.125.24.0-255,2902,21476,96,249932
22187,0.000149,172.31.47.0-255,66,21542,96,249932
22188,0.000177,74.125.24.0-255,5738,27280,96,249932
22189,0.000181,172.31.47.0-255,66,27346,96,249932
22190,0.000187,74.125.24.0-255,5738,33084,96,249932
22191,0.000191,172.31.47.0-255,66,33150,96,249932
22192,0.000219,74.125.24.0-255,7156,40306,96,249932
22193,0.000221,172.31.47.0-255,66,40372,96,249932
22194,0.000244,74.125.24.0-255,6797,47169,96,249932
22195,0.000247,172.31.47.0-255,66,47235,96,249932
22196,0.00025,74.125.24.0-255,1484,48719,96,249932
22197,0.000252,172.31.47.0-255,66,48785,96,249932
22198,0.00028,74.125.24.0-255,2821,51606,96,249932
22199,0.000283,172.31.47.0-255,66,51672,96,249932
22200,0.000456,74.125.24.0-255,131,51803,96,249932
22201,0.00046,172.31.47.0-255,66,51869,96,249932
22202,0.000585,74.125.24.0-255,1484,53353,96,249932
22203,0.000588,172.31.47.0-255,66,53419,96,249932
22204,0.000594,74.125.24.0-255,2902,56321,96,249932
22205,0.000596,172.31.47.0-255,66,56387,96,249932
22206,0.000642,74.125.24.0-255,5738,62125,96,249932
22207,0.000645,172.31.47.0-255,66,62191,96,249932
22208,0.000654,172.31.47.0-255,66,62257,96,249932
22209,0.000681,74.125.24.0-255,5379,67636,96,249932
22210,0.000684,172.31.47.0-255,66,67702,96,249932
22211,0.000709,74.125.24.0-255,2902,70604,96,249932
22212,0.000712,172.31.47.0-255,66,70670,96,249932
22213,0.000738,74.125.24.0-255,6797,77467,96,249932
22214,0.000741,172.31.47.0-255,66,77533,96,249932
22215,0.000934,74.125.24.0-255,1484,79017,96,249932
22216,0.00094,74.125.24.0-255,2902,81919,96,249932
22217,0.000942,172.31.47.0-255,66,81985,96,249932
22218,0.000946,74.125.24.0-255,2902,84887,96,249932
22219,0.000948,172.31.47.0-255,66,84953,96,249932
22220,0.000967,74.125.24.0-255,2902,87855,96,249932
22221,0.000969,172.31.47.0-255,66,87921,96,249932
22222,0.000992,74.125.24.0-255,4320,92241,96,249932
22223,0.000995,172.31.47.0-255,66,92307,96,249932
22224,0.001025,172.31.47.0-255,66,92373,96,249932
22225,0.001028,74.125.24.0-255,1484,93857,96,249932
22226,0.001068,74.125.24.0-255,4320,98177,96,249932
22227,0.001071,172.31.47.0-255,66,98243,96,249932
22228,0.001094,74.125.24.0-255,5020,103263,96,249932
22229,0.001096,172.31.47.0-255,66,103329,96,249932
22230,0.001138,74.125.24.0-255,1484,104813,96,249932
22231,0.001142,74.125.24.0-255,2902,107715,96,249932
22232,0.001145,172.31.47.0-255,66,107781,96,249932
22233,0.001167,74.125.24.0-255,4320,112101,96,249932
22234,0.00117,172.31.47.0-255,66,112167,96,249932
22235,0.001187,74.125.24.0-255,1484,113651,96,249932
22236,0.001198,172.31.47.0-255,66,113717,96,249932
22237,0.001201,74.125.24.0-255,1484,115201,96,249932
22238,0.001233,172.31.47.0-255,66,115267,96,249932
22239,0.001266,74.125.24.0-255,3602,118869,96,249932
22240,0.001272,172.31.47.0-255,66,118935,96,249932
22241,0.00128,172.31.47.0-255,66,119001,96,249932
22242,0.001293,172.31.47.0-255,66,119067,96,249932
22243,0.001295,74.125.24.0-255,1484,120551,96,249932
22244,0.001299,74.125.24.0-255,2902,123453,96,249932
22245,0.001301,172.31.47.0-255,66,123519,96,249932
22246,0.001305,74.125.24.0-255,5738,129257,96,249932
22247,0.001308,172.31.47.0-255,66,129323,96,249932
22248,0.001319,172.31.47.0-255,66,129389,96,249932
22249,0.001324,74.125.24.0-255,5738,135127,96,249932
22250,0.001326,172.31.47.0-255,66,135193,96,249932
22251,0.001349,74.125.24.0-255,2902,138095,96,249932
22252,0.001352,172.31.47.0-255,66,138161,96,249932
22253,0.001356,74.125.24.0-255,2184,140345,96,249932
22254,0.001358,172.31.47.0-255,66,140411,96,249932
22255,0.001388,74.125.24.0-255,2902,143313,96,249932
22256,0.00139,172.31.47.0-255,66,143379,96,249932
22257,0.001395,74.125.24.0-255,2902,146281,96,249932
22258,0.001396,172.31.47.0-255,66,146347,96,249932
22259,0.001419,74.125.24.0-255,4320,150667,96,249932
22260,0.001421,172.31.47.0-255,66,150733,96,249932
22261,0.001473,172.31.47.0-255,66,150799,96,249932
22262,0.001513,74.125.24.0-255,1484,152283,96,249932
22263,0.001532,172.31.47.0-255,66,152349,96,249932
22264,0.001545,172.31.47.0-255,66,152415,96,249932
22265,0.001554,172.31.47.0-255,66,152481,96,249932
22266,0.001584,74.125.24.0-255,2902,155383,96,249932
22267,0.001586,172.31.47.0-255,66,155449,96,249932
22268,0.001617,74.125.24.0-255,6015,161464,96,249932
22269,0.00162,172.31.47.0-255,66,161530,96,249932
22270,0.001629,172.31.47.0-255,66,161596,96,249932
22271,0.001652,74.125.24.0-255,1484,163080,96,249932
22272,0.001659,74.125.24.0-255,7156,170236,96,249932
22273,0.001669,172.31.47.0-255,66,170302,96,249932
22274,0.001693,74.125.24.0-255,1484,171786,96,249932
22275,0.001714,74.125.24.0-255,6438,178224,96,249932
22276,0.00172,172.31.47.0-255,66,178290,96,249932
22277,0.001757,74.125.24.0-255,1484,179774,96,249932
22278,0.001769,74.125.24.0-255,2902,182676,96,249932
22279,0.001771,172.31.47.0-255,66,182742,96,249932
22280,0.001774,74.125.24.0-255,1484,184226,96,249932
22281,0.001795,74.125.24.0-255,4320,188546,96,249932
22282,0.001797,74.125.24.0-255,1484,190030,96,249932
22283,0.001799,172.31.47.0-255,66,190096,96,249932
22284,0.001799,74.125.24.0-255,1484,191580,96,249932
22285,0.001803,172.31.47.0-255,66,191646,96,249932
22286,0.001837,74.125.24.0-255,7156,198802,96,249932
22287,0.001844,172.31.47.0-255,66,198868,96,249932
22288,0.001851,74.125.24.0-255,1484,200352,96,249932
22289,0.001883,172.31.47.0-255,66,200418,96,249932
22290,0.003824,74.125.24.0-255,5738,206156,96,249932
22291,0.003831,172.31.47.0-255,66,206222,96,249932
22292,0.005795,74.125.24.0-255,5738,211960,96,249932
22293,0.005799,172.31.47.0-255,66,212026,96,249932
22294,0.007716,74.125.24.0-255,5738,217764,96,249932
22295,0.007721,172.31.47.0-255,66,217830,96,249932
22296,0.009693,74.125.24.0-255,2902,220732,96,249932
22297,0.009699,172.31.47.0-255,66,220798,96,249932
22298,0.009728,74.125.24.0-255,2902,223700,96,249932
22299,0.009731,172.31.47.0-255,66,223766,96,249932
22300,0.011654,74.125.24.0-255,2902,226668,96,249932
22301,0.011666,172.31.47.0-255,66,226734,96,249932
22302,0.011696,74.125.24.0-255,2902,229636,96,249932
22303,0.011699,172.31.47.0-255,66,229702,96,249932
22304,0.013578,74.125.24.0-255,2902,232604,96,249932
22305,0.013584,172.31.47.0-255,66,232670,96,249932
22306,0.013615,74.125.24.0-255,2902,235572,96,249932
22307,0.013619,172.31.47.0-255,66,235638,96,249932
22308,0.01551,74.125.24.0-255,2902,238540,96,249932
22309,0.015519,172.31.47.0-255,66,238606,96,249932
22310,0.015548,74.125.24.0-255,2902,241508,96,249932
22311,0.01555,172.31.47.0-255,66,241574,96,249932
22312,0.01746,74.125.24.0-255,4024,245598,96,249932
22313,0.017467,172.31.47.0-255,66,245664,96,249932
22314,0.017667,172.31.47.0-255,105,245769,96,249932
22315,0.019573,74.125.24.0-255,66,245835,96,249932
22316,0.029272,172.31.47.0-255,172,246007,96,249932
22317,0.029302,172.31.47.0-255,1105,247112,96,249932
22318,0.029332,172.31.47.0-255,1514,248626,96,249932
22319,0.029334,172.31.47.0-255,1306,249932,96,249932
22320,0.0,172.31.47.0-255,164,164,96,230
22321,0.005824,216.58.203.0-255,66,230,96,230
22322,0.0,172.217.24.0-255,153,153,96,243127
22323,2.5e-05,172.31.47.0-255,66,219,96,243127
22324,3.1e-05,172.217.24.0-255,1484,1703,96,243127
22325,3.5e-05,172.31.47.0-255,66,1769,96,243127
22326,3.9e-05,172.217.24.0-255,2902,4671,96,243127
22327,4.1e-05,172.31.47.0-255,66,4737,96,243127
22328,5.3e-05,172.217.24.0-255,7156,11893,96,243127
22329,5.6e-05,172.31.47.0-255,66,11959,96,243127
22330,5.9e-05,172.217.24.0-255,2103,14062,96,243127
22331,6.1e-05,172.31.47.0-255,66,14128,96,243127
22332,0.000205,172.217.24.0-255,1484,15612,96,243127
22333,0.00021,172.31.47.0-255,66,15678,96,243127
22334,0.000214,172.217.24.0-255,2902,18580,96,243127
22335,0.000216,172.31.47.0-255,66,18646,96,243127
22336,0.000245,172.217.24.0-255,5738,24384,96,243127
22337,0.000248,172.31.47.0-255,66,24450,96,243127
22338,0.000284,172.31.47.0-255,66,24516,96,243127
22339,0.000292,172.217.24.0-255,7156,31672,96,243127
22340,0.000294,172.31.47.0-255,66,31738,96,243127
22341,0.000322,172.217.24.0-255,2902,34640,96,243127
22342,0.000325,172.31.47.0-255,66,34706,96,243127
22343,0.000335,172.31.47.0-255,66,34772,96,243127
22344,0.000366,172.217.24.0-255,5738,40510,96,243127
22345,0.00037,172.31.47.0-255,66,40576,96,243127
22346,0.000371,172.217.24.0-255,6438,47014,96,243127
22347,0.000373,172.31.47.0-255,66,47080,96,243127
22348,0.000375,172.217.24.0-255,356,47436,96,243127
22349,0.000376,172.31.47.0-255,66,47502,96,243127
22350,0.001054,172.217.24.0-255,386,47888,96,243127
22351,0.001061,172.31.47.0-255,66,47954,96,243127
22352,0.001228,172.217.24.0-255,1484,49438,96,243127
22353,0.001234,172.217.24.0-255,2902,52340,96,243127
22354,0.001238,172.31.47.0-255,66,52406,96,243127
22355,0.001266,172.217.24.0-255,5738,58144,96,243127
22356,0.001269,172.31.47.0-255,66,58210,96,243127
22357,0.001285,172.217.24.0-255,2902,61112,96,243127
22358,0.001287,172.31.47.0-255,66,61178,96,243127
22359,0.001315,172.217.24.0-255,7156,68334,96,243127
22360,0.001317,172.31.47.0-255,66,68400,96,243127
22361,0.001327,172.31.47.0-255,66,68466,96,243127
22362,0.00133,172.217.24.0-255,2184,70650,96,243127
22363,0.001331,172.31.47.0-255,66,70716,96,243127
22364,0.001387,172.217.24.0-255,1484,72200,96,243127
22365,0.001396,172.217.24.0-255,2902,75102,96,243127
22366,0.001398,172.31.47.0-255,66,75168,96,243127
22367,0.001401,172.217.24.0-255,1484,76652,96,243127
22368,0.001424,172.217.24.0-255,4320,80972,96,243127
22369,0.001426,172.31.47.0-255,66,81038,96,243127
22370,0.001428,172.217.24.0-255,1484,82522,96,243127
22371,0.001445,172.217.24.0-255,2902,85424,96,243127
22372,0.001447,172.31.47.0-255,66,85490,96,243127
22373,0.001452,172.217.24.0-255,5738,91228,96,243127
22374,0.001453,172.31.47.0-255,66,91294,96,243127
22375,0.001486,172.217.24.0-255,7156,98450,96,243127
22376,0.001487,172.31.47.0-255,66,98516,96,243127
22377,0.001491,172.217.24.0-255,4320,102836,96,243127
22378,0.001493,172.31.47.0-255,66,102902,96,243127
22379,0.001543,172.217.24.0-255,2184,105086,96,243127
22380,0.001545,172.31.47.0-255,66,105152,96,243127
22381,0.00158,172.217.24.0-255,1484,106636,96,243127
22382,0.001589,172.217.24.0-255,1484,108120,96,243127
22383,0.001591,172.31.47.0-255,66,108186,96,243127
22384,0.001614,172.217.24.0-255,1484,109670,96,243127
22385,0.001618,172.217.24.0-255,5738,115408,96,243127
22386,0.00162,172.31.47.0-255,66,115474,96,243127
22387,0.00163,172.217.24.0-255,1484,116958,96,243127
22388,0.001665,172.31.47.0-255,66,117024,96,243127
22389,0.001689,172.217.24.0-255,4320,121344,96,243127
22390,0.001691,172.31.47.0-255,66,121410,96,243127
22391,0.001715,172.217.24.0-255,6438,127848,96,243127
22392,0.001717,172.31.47.0-255,66,127914,96,243127
22393,0.001739,172.217.24.0-255,5738,133652,96,243127
22394,0.001741,172.31.47.0-255,66,133718,96,243127
22395,0.001755,172.217.24.0-255,1484,135202,96,243127
22396,0.001767,172.31.47.0-255,66,135268,96,243127
22397,0.001802,172.31.47.0-255,66,135334,96,243127
22398,0.001805,172.217.24.0-255,766,136100,96,243127
22399,0.001846,172.217.24.0-255,1484,137584,96,243127
22400,0.001848,172.31.47.0-255,66,137650,96,243127
22401,0.001852,172.217.24.0-255,2902,140552,96,243127
22402,0.001853,172.31.47.0-255,66,140618,96,243127
22403,0.001855,172.217.24.0-255,1484,142102,96,243127
22404,0.001885,172.217.24.0-255,4320,146422,96,243127
22405,0.001887,172.31.47.0-255,66,146488,96,243127
22406,0.001893,172.217.24.0-255,7156,153644,96,243127
22407,0.001895,172.31.47.0-255,66,153710,96,243127
22408,0.001931,172.217.24.0-255,5738,159448,96,243127
22409,0.001933,172.31.47.0-255,66,159514,96,243127
22410,0.001942,172.31.47.0-255,66,159580,96,243127
22411,0.001944,172.217.24.0-255,766,160346,96,243127
22412,0.003855,172.217.24.0-255,2902,163248,96,243127
22413,0.003859,172.31.47.0-255,66,163314,96,243127
22414,0.003884,172.217.24.0-255,1484,164798,96,243127
22415,0.005795,172.217.24.0-255,4320,169118,96,243127
22416,0.005801,172.31.47.0-255,66,169184,96,243127
22417,0.007732,172.217.24.0-255,5738,174922,96,243127
22418,0.007737,172.31.47.0-255,66,174988,96,243127
22419,0.009687,172.217.24.0-255,5738,180726,96,243127
22420,0.009693,172.31.47.0-255,66,180792,96,243127
22421,0.011626,172.217.24.0-255,5738,186530,96,243127
22422,0.011632,172.31.47.0-255,66,186596,96,243127
22423,0.013564,172.217.24.0-255,5738,192334,96,243127
22424,0.01357,172.31.47.0-255,66,192400,96,243127
22425,0.015504,172.217.24.0-255,5738,198138,96,243127
22426,0.015511,172.31.47.0-255,66,198204,96,243127
22427,0.017447,172.217.24.0-255,5738,203942,96,243127
22428,0.017453,172.31.47.0-255,66,204008,96,243127
22429,0.019381,172.217.24.0-255,5738,209746,96,243127
22430,0.019388,172.31.47.0-255,66,209812,96,243127
22431,0.021329,172.217.24.0-255,5738,215550,96,243127
22432,0.021336,172.31.47.0-255,66,215616,96,243127
22433,0.023265,172.217.24.0-255,5738,221354,96,243127
22434,0.023271,172.31.47.0-255,66,221420,96,243127
22435,0.024526,172.31.47.0-255,172,221592,96,243127
22436,0.024557,172.31.47.0-255,1105,222697,96,243127
22437,0.0246,172.31.47.0-255,1514,224211,96,243127
22438,0.024602,172.31.47.0-255,1306,225517,96,243127
22439,0.025197,172.217.24.0-255,5738,231255,96,243127
22440,0.025203,172.31.47.0-255,66,231321,96,243127
22441,0.026091,104.244.42.0-255,66,231387,96,243127
22442,0.026098,104.244.42.0-255,66,231453,96,243127
22443,0.026158,104.244.42.0-255,66,231519,96,243127
22444,0.027132,172.217.24.0-255,5738,237257,96,243127
22445,0.027137,172.31.47.0-255,66,237323,96,243127
22446,0.029077,172.217.24.0-255,5738,243061,96,243127
22447,0.029084,172.31.47.0-255,66,243127,96,243127
22448,0.0,172.31.47.0-255,105,105,96,105
22449,0.0,74.125.130.0-255,153,153,96,257883
22450,2.3e-05,172.31.47.0-255,66,219,96,257883
22451,2.8e-05,74.125.130.0-255,1484,1703,96,257883
22452,3.2e-05,172.31.47.0-255,66,1769,96,257883
22453,3.7e-05,74.125.130.0-255,2902,4671,96,257883
22454,4.5e-05,172.31.47.0-255,66,4737,96,257883
22455,4.9e-05,74.125.130.0-255,2902,7639,96,257883
22456,5.2e-05,172.31.47.0-255,66,7705,96,257883
22457,5.7e-05,74.125.130.0-255,4320,12025,96,257883
22458,5.9e-05,172.31.47.0-255,66,12091,96,257883
22459,9.3e-05,74.125.130.0-255,2046,14137,96,257883
22460,9.6e-05,172.31.47.0-255,66,14203,96,257883
22461,0.000118,74.125.130.0-255,2902,17105,96,257883
22462,0.000121,172.31.47.0-255,66,17171,96,257883
22463,0.00015,74.125.130.0-255,7156,24327,96,257883
22464,0.000154,172.31.47.0-255,66,24393,96,257883
22465,0.00016,74.125.130.0-255,6797,31190,96,257883
22466,0.000162,172.31.47.0-255,66,31256,96,257883
22467,0.000565,74.125.130.0-255,1484,32740,96,257883
22468,0.00057,172.31.47.0-255,66,32806,96,257883
22469,0.000578,74.125.130.0-255,2902,35708,96,257883
22470,0.000581,172.31.47.0-255,66,35774,96,257883
22471,0.000592,74.125.130.0-255,5738,41512,96,257883
22472,0.000595,172.31.47.0-255,66,41578,96,257883
22473,0.000624,74.125.130.0-255,6797,48375,96,257883
22474,0.000627,172.31.47.0-255,66,48441,96,257883
22475,0.000634,74.125.130.0-255,5738,54179,96,257883
22476,0.000636,172.31.47.0-255,66,54245,96,257883
22477,0.000664,74.125.130.0-255,1484,55729,96,257883
22478,0.000667,172.31.47.0-255,66,55795,96,257883
22479,0.000679,172.31.47.0-255,66,55861,96,257883
22480,0.000686,74.125.130.0-255,377,56238,96,257883
22481,0.000785,74.125.130.0-255,365,56603,96,257883
22482,0.000972,74.125.130.0-255,1484,58087,96,257883
22483,0.000977,172.31.47.0-255,66,58153,96,257883
22484,0.000982,74.125.130.0-255,2902,61055,96,257883
22485,0.000984,172.31.47.0-255,66,61121,96,257883
22486,0.001015,74.125.130.0-255,5738,66859,96,257883
22487,0.001018,172.31.47.0-255,66,66925,96,257883
22488,0.00102,74.125.130.0-255,1484,68409,96,257883
22489,0.00106,172.31.47.0-255,66,68475,96,257883
22490,0.001069,172.31.47.0-255,66,68541,96,257883
22491,0.001337,74.125.130.0-255,1484,70025,96,257883
22492,0.001342,74.125.130.0-255,1484,71509,96,257883
22493,0.001345,172.31.47.0-255,66,71575,96,257883
22494,0.001371,74.125.130.0-255,1484,73059,96,257883
22495,0.001376,74.125.130.0-255,5738,78797,96,257883
22496,0.001378,172.31.47.0-255,66,78863,96,257883
22497,0.001383,74.125.130.0-255,5738,84601,96,257883
22498,0.001385,172.31.47.0-255,66,84667,96,257883
22499,0.001415,74.125.130.0-255,7156,91823,96,257883
22500,0.001417,172.31.47.0-255,66,91889,96,257883
22501,0.001426,172.31.47.0-255,66,91955,96,257883
22502,0.001428,74.125.130.0-255,766,92721,96,257883
22503,0.001458,74.125.130.0-255,1484,94205,96,257883
22504,0.001461,172.31.47.0-255,66,94271,96,257883
22505,0.001486,74.125.130.0-255,4320,98591,96,257883
22506,0.001488,172.31.47.0-255,66,98657,96,257883
22507,0.00149,74.125.130.0-255,1484,100141,96,257883
22508,0.001518,172.31.47.0-255,66,100207,96,257883
22509,0.001527,172.31.47.0-255,66,100273,96,257883
22510,0.001557,74.125.130.0-255,4320,104593,96,257883
22511,0.001559,172.31.47.0-255,66,104659,96,257883
22512,0.001584,74.125.130.0-255,2184,106843,96,257883
22513,0.001586,172.31.47.0-255,66,106909,96,257883
22514,0.001663,74.125.130.0-255,1484,108393,96,257883
22515,0.001667,74.125.130.0-255,2902,111295,96,257883
22516,0.00167,172.31.47.0-255,66,111361,96,257883
22517,0.001696,74.125.130.0-255,5738,117099,96,257883
22518,0.001698,172.31.47.0-255,66,117165,96,257883
22519,0.001701,74.125.130.0-255,1484,118649,96,257883
22520,0.001731,172.31.47.0-255,66,118715,96,257883
22521,0.001736,74.125.130.0-255,7156,125871,96,257883
22522,0.001739,172.31.47.0-255,66,125937,96,257883
22523,0.001766,74.125.130.0-255,4320,130257,96,257883
22524,0.001768,172.31.47.0-255,66,130323,96,257883
22525,0.001771,74.125.130.0-255,2184,132507,96,257883
22526,0.001773,172.31.47.0-255,66,132573,96,257883
22527,0.001878,74.125.130.0-255,1484,134057,96,257883
22528,0.001893,74.125.130.0-255,2902,136959,96,257883
22529,0.001896,172.31.47.0-255,66,137025,96,257883
22530,0.001901,74.125.130.0-255,4320,141345,96,257883
22531,0.001902,172.31.47.0-255,66,141411,96,257883
22532,0.001905,74.125.130.0-255,1484,142895,96,257883
22533,0.001933,74.125.130.0-255,4320,147215,96,257883
22534,0.001935,172.31.47.0-255,66,147281,96,257883
22535,0.001938,74.125.130.0-255,1484,148765,96,257883
22536,0.001974,172.31.47.0-255,66,148831,96,257883
22537,0.001982,172.31.47.0-255,66,148897,96,257883
22538,0.002108,74.125.130.0-255,1484,150381,96,257883
22539,0.002111,74.125.130.0-255,1484,151865,96,257883
22540,0.002114,172.31.47.0-255,66,151931,96,257883
22541,0.002125,74.125.130.0-255,1484,153415,96,257883
22542,0.002134,74.125.130.0-255,5738,159153,96,257883
22543,0.002136,172.31.47.0-255,66,159219,96,257883
22544,0.0022,172.31.47.0-255,66,159285,96,257883
22545,0.002225,74.125.130.0-255,1484,160769,96,257883
22546,0.002237,172.31.47.0-255,66,160835,96,257883
22547,0.002247,172.31.47.0-255,66,160901,96,257883
22548,0.002261,172.31.47.0-255,66,160967,96,257883
22549,0.002267,74.125.130.0-255,6438,167405,96,257883
22550,0.002269,172.31.47.0-255,66,167471,96,257883
22551,0.00229,74.125.130.0-255,1484,168955,96,257883
22552,0.002315,74.125.130.0-255,5738,174693,96,257883
22553,0.002318,172.31.47.0-255,66,174759,96,257883
22554,0.002323,74.125.130.0-255,5738,180497,96,257883
22555,0.002324,172.31.47.0-255,66,180563,96,257883
22556,0.002364,172.31.47.0-255,66,180629,96,257883
22557,0.002369,74.125.130.0-255,6438,187067,96,257883
22558,0.002371,172.31.47.0-255,66,187133,96,257883
22559,0.004693,74.125.130.0-255,5738,192871,96,257883
22560,0.004697,172.31.47.0-255,66,192937,96,257883
22561,0.007035,74.125.130.0-255,5738,198675,96,257883
22562,0.007041,172.31.47.0-255,66,198741,96,257883
22563,0.009369,74.125.130.0-255,5738,204479,96,257883
22564,0.009375,172.31.47.0-255,66,204545,96,257883
22565,0.01171,74.125.130.0-255,5738,210283,96,257883
22566,0.011716,172.31.47.0-255,66,210349,96,257883
22567,0.014053,74.125.130.0-255,5738,216087,96,257883
22568,0.014061,172.31.47.0-255,66,216153,96,257883
22569,0.016406,74.125.130.0-255,5738,221891,96,257883
22570,0.016413,172.31.47.0-255,66,221957,96,257883
22571,0.018758,74.125.130.0-255,5738,227695,96,257883
22572,0.018766,172.31.47.0-255,66,227761,96,257883
22573,0.021132,74.125.130.0-255,5738,233499,96,257883
22574,0.021137,172.31.47.0-255,66,233565,96,257883
22575,0.02347,74.125.130.0-255,5738,239303,96,257883
22576,0.023478,172.31.47.0-255,66,239369,96,257883
22577,0.025815,74.125.130.0-255,5738,245107,96,257883
22578,0.025821,172.31.47.0-255,66,245173,96,257883
22579,0.028146,74.125.130.0-255,5738,250911,96,257883
22580,0.028152,172.31.47.0-255,66,250977,96,257883
22581,0.028487,172.31.47.0-255,172,251149,96,257883
22582,0.028544,172.31.47.0-255,1110,252259,96,257883
22583,0.028619,172.31.47.0-255,1514,253773,96,257883
22584,0.028622,172.31.47.0-255,1514,255287,96,257883
22585,0.028623,172.31.47.0-255,1514,256801,96,257883
22586,0.028624,172.31.47.0-255,1082,257883,96,257883
22587,0.0,172.217.194.0-255,297,297,96,185076
22588,1.9e-05,172.31.47.0-255,66,363,96,185076
22589,2.3e-05,172.217.194.0-255,1484,1847,96,185076
22590,2.7e-05,172.31.47.0-255,66,1913,96,185076
22591,4.5e-05,172.217.194.0-255,4320,6233,96,185076
22592,4.7e-05,172.31.47.0-255,66,6299,96,185076
22593,5.9e-05,172.217.194.0-255,1484,7783,96,185076
22594,6.1e-05,172.31.47.0-255,66,7849,96,185076
22595,8.6e-05,172.217.194.0-255,6103,13952,96,185076
22596,8.9e-05,172.31.47.0-255,66,14018,96,185076
22597,9.5e-05,172.217.194.0-255,7156,21174,96,185076
22598,9.7e-05,172.31.47.0-255,66,21240,96,185076
22599,0.000116,172.217.194.0-255,7156,28396,96,185076
22600,0.000118,172.31.47.0-255,66,28462,96,185076
22601,0.000121,172.217.194.0-255,2543,31005,96,185076
22602,0.000123,172.31.47.0-255,66,31071,96,185076
22603,0.000155,172.217.194.0-255,1484,32555,96,185076
22604,0.000158,172.31.47.0-255,66,32621,96,185076
22605,0.000177,172.217.194.0-255,2902,35523,96,185076
22606,0.00018,172.31.47.0-255,66,35589,96,185076
22607,0.000185,172.217.194.0-255,5738,41327,96,185076
22608,0.000187,172.31.47.0-255,66,41393,96,185076
22609,0.000202,172.217.194.0-255,1484,42877,96,185076
22610,0.000204,172.31.47.0-255,66,42943,96,185076
22611,0.00023,172.31.47.0-255,66,43009,96,185076
22612,0.000236,172.217.194.0-255,7156,50165,96,185076
22613,0.000238,172.31.47.0-255,66,50231,96,185076
22614,0.000262,172.217.194.0-255,2833,53064,96,185076
22615,0.000265,172.31.47.0-255,66,53130,96,185076
22616,0.000267,172.217.194.0-255,99,53229,96,185076
22617,0.000269,172.31.47.0-255,66,53295,96,185076
22618,0.000464,172.217.194.0-255,363,53658,96,185076
22619,0.000652,172.217.194.0-255,1484,55142,96,185076
22620,0.000656,172.217.194.0-255,2902,58044,96,185076
22621,0.000657,172.31.47.0-255,66,58110,96,185076
22622,0.000661,172.31.47.0-255,66,58176,96,185076
22623,0.000675,172.217.194.0-255,5738,63914,96,185076
22624,0.000677,172.31.47.0-255,66,63980,96,185076
22625,0.00068,172.217.194.0-255,1484,65464,96,185076
22626,0.000708,172.217.194.0-255,4320,69784,96,185076
22627,0.000713,172.31.47.0-255,66,69850,96,185076
22628,0.000714,172.217.194.0-255,7156,77006,96,185076
22629,0.000716,172.31.47.0-255,66,77072,96,185076
22630,0.00073,172.217.194.0-255,1484,78556,96,185076
22631,0.00076,172.31.47.0-255,66,78622,96,185076
22632,0.001031,172.217.194.0-255,1484,80106,96,185076
22633,0.001039,172.217.194.0-255,2902,83008,96,185076
22634,0.001042,172.31.47.0-255,66,83074,96,185076
22635,0.001049,172.217.194.0-255,5738,88812,96,185076
22636,0.00105,172.31.47.0-255,66,88878,96,185076
22637,0.001082,172.31.47.0-255,66,88944,96,185076
22638,0.001103,172.217.194.0-255,4320,93264,96,185076
22639,0.001106,172.31.47.0-255,66,93330,96,185076
22640,0.001117,172.31.47.0-255,66,93396,96,185076
22641,0.001222,172.217.194.0-255,1484,94880,96,185076
22642,0.001227,172.217.194.0-255,1484,96364,96,185076
22643,0.00123,172.31.47.0-255,66,96430,96,185076
22644,0.001246,172.217.194.0-255,1484,97914,96,185076
22645,0.001252,172.217.194.0-255,5738,103652,96,185076
22646,0.001255,172.31.47.0-255,66,103718,96,185076
22647,0.001281,172.31.47.0-255,66,103784,96,185076
22648,0.001297,172.217.194.0-255,1484,105268,96,185076
22649,0.001322,172.31.47.0-255,66,105334,96,185076
22650,0.001352,172.217.194.0-255,2184,107518,96,185076
22651,0.001354,172.31.47.0-255,66,107584,96,185076
22652,0.001369,172.31.47.0-255,66,107650,96,185076
22653,0.001376,172.31.47.0-255,66,107716,96,185076
22654,0.001399,172.217.194.0-255,1484,109200,96,185076
22655,0.001413,172.217.194.0-255,2902,112102,96,185076
22656,0.001416,172.31.47.0-255,66,112168,96,185076
22657,0.001419,172.217.194.0-255,2902,115070,96,185076
22658,0.001421,172.31.47.0-255,66,115136,96,185076
22659,0.001437,172.217.194.0-255,2902,118038,96,185076
22660,0.001439,172.31.47.0-255,66,118104,96,185076
22661,0.001442,172.217.194.0-255,1484,119588,96,185076
22662,0.001463,172.31.47.0-255,66,119654,96,185076
22663,0.00149,172.217.194.0-255,2902,122556,96,185076
22664,0.001492,172.31.47.0-255,66,122622,96,185076
22665,0.001503,172.31.47.0-255,66,122688,96,185076
22666,0.001585,172.217.194.0-255,1484,124172,96,185076
22667,0.001598,172.217.194.0-255,2902,127074,96,185076
22668,0.001602,172.31.47.0-255,66,127140,96,185076
22669,0.001605,172.217.194.0-255,1484,128624,96,185076
22670,0.001623,172.217.194.0-255,4320,132944,96,185076
22671,0.001626,172.31.47.0-255,66,133010,96,185076
22672,0.001669,172.31.47.0-255,66,133076,96,185076
22673,0.001695,172.217.194.0-255,2902,135978,96,185076
22674,0.001698,172.31.47.0-255,66,136044,96,185076
22675,0.001717,172.31.47.0-255,66,136110,96,185076
22676,0.001731,172.31.47.0-255,66,136176,96,185076
22677,0.001741,172.31.47.0-255,66,136242,96,185076
22678,0.001846,172.217.194.0-255,1484,137726,96,185076
22679,0.001863,172.217.194.0-255,2902,140628,96,185076
22680,0.001866,172.31.47.0-255,66,140694,96,185076
22681,0.001871,172.217.194.0-255,5738,146432,96,185076
22682,0.001874,172.31.47.0-255,66,146498,96,185076
22683,0.001903,172.31.47.0-255,66,146564,96,185076
22684,0.001922,172.217.194.0-255,5738,152302,96,185076
22685,0.001924,172.31.47.0-255,66,152368,96,185076
22686,0.001941,172.217.194.0-255,5020,157388,96,185076
22687,0.001943,172.31.47.0-255,66,157454,96,185076
22688,0.001946,172.217.194.0-255,2902,160356,96,185076
22689,0.001947,172.31.47.0-255,66,160422,96,185076
22690,0.001977,172.31.47.0-255,66,160488,96,185076
22691,0.001986,172.31.47.0-255,66,160554,96,185076
22692,0.001999,172.217.194.0-255,5738,166292,96,185076
22693,0.002,172.31.47.0-255,66,166358,96,185076
22694,0.002015,172.217.194.0-255,1484,167842,96,185076
22695,0.002047,172.31.47.0-255,66,167908,96,185076
22696,0.002071,172.217.194.0-255,6438,174346,96,185076
22697,0.002073,172.31.47.0-255,66,174412,96,185076
22698,0.002077,172.217.194.0-255,4320,178732,96,185076
22699,0.002079,172.31.47.0-255,66,178798,96,185076
22700,0.002083,172.217.194.0-255,4320,183118,96,185076
22701,0.002085,172.31.47.0-255,66,183184,96,185076
22702,0.002087,172.217.194.0-255,1484,184668,96,185076
22703,0.002126,172.31.47.0-255,66,184734,96,185076
22704,0.002128,172.217.194.0-255,105,184839,96,185076
22705,0.007428,172.31.47.0-255,66,184905,96,185076
22706,0.007451,172.31.47.0-255,105,185010,96,185076
22707,0.009431,172.217.194.0-255,66,185076,96,185076
22708,0.0,172.31.47.0-255,105,105,96,105
22709,0.0,74.125.24.0-255,153,153,96,164816
22710,4.6e-05,172.31.47.0-255,66,219,96,164816
22711,5.5e-05,74.125.24.0-255,1484,1703,96,164816
22712,6e-05,172.31.47.0-255,66,1769,96,164816
22713,6.5e-05,74.125.24.0-255,2902,4671,96,164816
22714,6.7e-05,172.31.47.0-255,66,4737,96,164816
22715,7.5e-05,74.125.24.0-255,7156,11893,96,164816
22716,7.7e-05,172.31.47.0-255,66,11959,96,164816
22717,8.2e-05,74.125.24.0-255,2098,14057,96,164816
22718,8.5e-05,172.31.47.0-255,66,14123,96,164816
22719,0.000559,74.125.24.0-255,1484,15607,96,164816
22720,0.000566,172.31.47.0-255,66,15673,96,164816
22721,0.000572,74.125.24.0-255,2902,18575,96,164816
22722,0.000576,172.31.47.0-255,66,18641,96,164816
22723,0.000583,74.125.24.0-255,5738,24379,96,164816
22724,0.000585,172.31.47.0-255,66,24445,96,164816
22725,0.000591,74.125.24.0-255,5738,30183,96,164816
22726,0.000593,172.31.47.0-255,66,30249,96,164816
22727,0.000616,74.125.24.0-255,1125,31374,96,164816
22728,0.000619,172.31.47.0-255,66,31440,96,164816
22729,0.000643,172.31.47.0-255,66,31506,96,164816
22730,0.000668,74.125.24.0-255,4320,35826,96,164816
22731,0.00067,172.31.47.0-255,66,35892,96,164816
22732,0.000675,74.125.24.0-255,2543,38435,96,164816
22733,0.000678,172.31.47.0-255,66,38501,96,164816
22734,0.00112,74.125.24.0-255,1484,39985,96,164816
22735,0.001126,172.31.47.0-255,66,40051,96,164816
22736,0.001136,74.125.24.0-255,2902,42953,96,164816
22737,0.001139,172.31.47.0-255,66,43019,96,164816
22738,0.001145,74.125.24.0-255,5738,48757,96,164816
22739,0.001147,172.31.47.0-255,66,48823,96,164816
22740,0.001174,172.31.47.0-255,66,48889,96,164816
22741,0.001274,74.125.24.0-255,1484,50373,96,164816
22742,0.001281,74.125.24.0-255,2902,53275,96,164816
22743,0.001284,172.31.47.0-255,66,53341,96,164816
22744,0.001292,74.125.24.0-255,5738,59079,96,164816
22745,0.001294,172.31.47.0-255,66,59145,96,164816
22746,0.001317,74.125.24.0-255,2902,62047,96,164816
22747,0.001319,172.31.47.0-255,66,62113,96,164816
22748,0.00136,172.31.47.0-255,66,62179,96,164816
22749,0.001367,74.125.24.0-255,5738,67917,96,164816
22750,0.001369,172.31.47.0-255,66,67983,96,164816
22751,0.001385,74.125.24.0-255,5379,73362,96,164816
22752,0.001389,172.31.47.0-255,66,73428,96,164816
22753,0.001788,74.125.24.0-255,1484,74912,96,164816
22754,0.001796,74.125.24.0-255,2902,77814,96,164816
22755,0.001799,172.31.47.0-255,66,77880,96,164816
22756,0.001819,74.125.24.0-255,4320,82200,96,164816
22757,0.001822,172.31.47.0-255,66,82266,96,164816
22758,0.001834,74.125.24.0-255,1484,83750,96,164816
22759,0.001837,74.125.24.0-255,1484,85234,96,164816
22760,0.001839,172.31.47.0-255,66,85300,96,164816
22761,0.001876,172.31.47.0-255,66,85366,96,164816
22762,0.001887,172.31.47.0-255,66,85432,96,164816
22763,0.00203,74.125.24.0-255,766,86198,96,164816
22764,0.003887,74.125.24.0-255,1484,87682,96,164816
22765,0.00389,172.31.47.0-255,66,87748,96,164816
22766,0.003906,74.125.24.0-255,2902,90650,96,164816
22767,0.003909,172.31.47.0-255,66,90716,96,164816
22768,0.005875,74.125.24.0-255,5738,96454,96,164816
22769,0.005884,172.31.47.0-255,66,96520,96,164816
22770,0.00787,74.125.24.0-255,5738,102258,96,164816
22771,0.007878,172.31.47.0-255,66,102324,96,164816
22772,0.009871,74.125.24.0-255,5738,108062,96,164816
22773,0.00988,172.31.47.0-255,66,108128,96,164816
22774,0.011868,74.125.24.0-255,5738,113866,96,164816
22775,0.011878,172.31.47.0-255,66,113932,96,164816
22776,0.013875,74.125.24.0-255,5738,119670,96,164816
22777,0.013892,172.31.47.0-255,66,119736,96,164816
22778,0.015905,74.125.24.0-255,5738,125474,96,164816
22779,0.015923,172.31.47.0-255,66,125540,96,164816
22780,0.017925,74.125.24.0-255,5738,131278,96,164816
22781,0.017942,172.31.47.0-255,66,131344,96,164816
22782,0.019944,74.125.24.0-255,5738,137082,96,164816
22783,0.019957,172.31.47.0-255,66,137148,96,164816
22784,0.02195,74.125.24.0-255,5738,142886,96,164816
22785,0.021966,172.31.47.0-255,66,142952,96,164816
22786,0.023953,74.125.24.0-255,5738,148690,96,164816
22787,0.023967,172.31.47.0-255,66,148756,96,164816
22788,0.025941,74.125.24.0-255,4320,153076,96,164816
22789,0.025955,172.31.47.0-255,66,153142,96,164816
22790,0.025978,74.125.24.0-255,1484,154626,96,164816
22791,0.027934,74.125.24.0-255,4320,158946,96,164816
22792,0.027948,172.31.47.0-255,66,159012,96,164816
22793,0.029959,74.125.24.0-255,5738,164750,96,164816
22794,0.029968,172.31.47.0-255,66,164816,96,164816
22795,0.0,74.125.24.0-255,153,153,96,139323
22796,2.8e-05,172.31.47.0-255,66,219,96,139323
22797,3.4e-05,74.125.24.0-255,1484,1703,96,139323
22798,3.7e-05,172.31.47.0-255,66,1769,96,139323
22799,4.3e-05,74.125.24.0-255,2902,4671,96,139323
22800,4.6e-05,172.31.47.0-255,66,4737,96,139323
22801,7e-05,74.125.24.0-255,5738,10475,96,139323
22802,7.3e-05,172.31.47.0-255,66,10541,96,139323
22803,0.0001,74.125.24.0-255,1484,12025,96,139323
22804,0.000102,172.31.47.0-255,66,12091,96,139323
22805,0.000138,74.125.24.0-255,5738,17829,96,139323
22806,0.000141,172.31.47.0-255,66,17895,96,139323
22807,0.000157,74.125.24.0-255,4835,22730,96,139323
22808,0.00016,172.31.47.0-255,66,22796,96,139323
22809,0.000257,74.125.24.0-255,5738,28534,96,139323
22810,0.000261,172.31.47.0-255,66,28600,96,139323
22811,0.000281,74.125.24.0-255,5738,34338,96,139323
22812,0.000284,172.31.47.0-255,66,34404,96,139323
22813,0.000387,74.125.24.0-255,4320,38724,96,139323
22814,0.00039,172.31.47.0-255,66,38790,96,139323
22815,0.000415,172.31.47.0-255,66,38856,96,139323
22816,0.000551,74.125.24.0-255,7156,46012,96,139323
22817,0.000554,172.31.47.0-255,66,46078,96,139323
22818,0.000567,74.125.24.0-255,4320,50398,96,139323
22819,0.00057,172.31.47.0-255,66,50464,96,139323
22820,0.000697,172.31.47.0-255,66,50530,96,139323
22821,0.000721,172.31.47.0-255,66,50596,96,139323
22822,0.000936,172.31.47.0-255,66,50662,96,139323
22823,0.000959,172.31.47.0-255,66,50728,96,139323
22824,0.001131,172.31.47.0-255,66,50794,96,139323
22825,0.001146,74.125.24.0-255,1484,52278,96,139323
22826,0.001304,74.125.24.0-255,2902,55180,96,139323
22827,0.001306,172.31.47.0-255,66,55246,96,139323
22828,0.001335,172.31.47.0-255,66,55312,96,139323
22829,0.001493,74.125.24.0-255,2902,58214,96,139323
22830,0.001495,172.31.47.0-255,66,58280,96,139323
22831,0.001522,172.31.47.0-255,66,58346,96,139323
22832,0.001556,172.31.47.0-255,66,58412,96,139323
22833,0.001882,172.31.47.0-255,66,58478,96,139323
22834,0.001945,172.31.47.0-255,66,58544,96,139323
22835,0.001967,74.125.24.0-255,5020,63564,96,139323
22836,0.001969,172.31.47.0-255,66,63630,96,139323
22837,0.002267,74.125.24.0-255,7156,70786,96,139323
22838,0.00227,172.31.47.0-255,66,70852,96,139323
22839,0.00229,172.31.47.0-255,66,70918,96,139323
22840,0.002327,172.31.47.0-255,66,70984,96,139323
22841,0.002373,172.31.47.0-255,66,71050,96,139323
22842,0.003011,74.125.24.0-255,5738,76788,96,139323
22843,0.003015,172.31.47.0-255,66,76854,96,139323
22844,0.003062,172.31.47.0-255,66,76920,96,139323
22845,0.006011,172.31.47.0-255,66,76986,96,139323
22846,0.008251,74.125.24.0-255,5738,82724,96,139323
22847,0.008257,172.31.47.0-255,66,82790,96,139323
22848,0.010497,74.125.24.0-255,5738,88528,96,139323
22849,0.010504,172.31.47.0-255,66,88594,96,139323
22850,0.012777,74.125.24.0-255,5738,94332,96,139323
22851,0.012785,172.31.47.0-255,66,94398,96,139323
22852,0.015074,74.125.24.0-255,5738,100136,96,139323
22853,0.015083,172.31.47.0-255,66,100202,96,139323
22854,0.017325,74.125.24.0-255,5738,105940,96,139323
22855,0.017333,172.31.47.0-255,66,106006,96,139323
22856,0.019574,74.125.24.0-255,5738,111744,96,139323
22857,0.019581,172.31.47.0-255,66,111810,96,139323
22858,0.021895,74.125.24.0-255,5738,117548,96,139323
22859,0.021907,172.31.47.0-255,66,117614,96,139323
22860,0.024172,74.125.24.0-255,5738,123352,96,139323
22861,0.024179,172.31.47.0-255,66,123418,96,139323
22862,0.026437,74.125.24.0-255,5738,129156,96,139323
22863,0.026443,172.31.47.0-255,66,129222,96,139323
22864,0.026941,172.31.47.0-255,172,129394,96,139323
22865,0.026976,172.31.47.0-255,1109,130503,96,139323
22866,0.027038,172.31.47.0-255,1514,132017,96,139323
22867,0.027039,172.31.47.0-255,1304,133321,96,139323
22868,0.028477,104.244.42.0-255,66,133387,96,139323
22869,0.028541,104.244.42.0-255,66,133453,96,139323
22870,0.028627,104.244.42.0-255,66,133519,96,139323
22871,0.028708,74.125.24.0-255,5738,139257,96,139323
22872,0.028712,172.31.47.0-255,66,139323,96,139323
22873,0.0,74.125.24.0-255,152,152,96,158856
22874,2.7e-05,172.31.47.0-255,66,218,96,158856
22875,3.4e-05,74.125.24.0-255,1484,1702,96,158856
22876,3.8e-05,172.31.47.0-255,66,1768,96,158856
22877,4.3e-05,74.125.24.0-255,2902,4670,96,158856
22878,5.5e-05,172.31.47.0-255,66,4736,96,158856
22879,6.2e-05,74.125.24.0-255,4320,9056,96,158856
22880,6.4e-05,172.31.47.0-255,66,9122,96,158856
22881,7.6e-05,172.31.47.0-255,66,9188,96,158856
22882,0.000113,172.31.47.0-255,66,9254,96,158856
22883,0.000139,74.125.24.0-255,3961,13215,96,158856
22884,0.000142,172.31.47.0-255,66,13281,96,158856
22885,0.000199,74.125.24.0-255,1484,14765,96,158856
22886,0.000202,172.31.47.0-255,66,14831,96,158856
22887,0.000205,74.125.24.0-255,1484,16315,96,158856
22888,0.000208,172.31.47.0-255,66,16381,96,158856
22889,0.00024,74.125.24.0-255,1484,17865,96,158856
22890,0.000243,172.31.47.0-255,66,17931,96,158856
22891,0.00025,74.125.24.0-255,5738,23669,96,158856
22892,0.000252,172.31.47.0-255,66,23735,96,158856
22893,0.000259,74.125.24.0-255,6797,30532,96,158856
22894,0.000262,172.31.47.0-255,66,30598,96,158856
22895,0.000265,74.125.24.0-255,1484,32082,96,158856
22896,0.000267,172.31.47.0-255,66,32148,96,158856
22897,0.000305,74.125.24.0-255,7156,39304,96,158856
22898,0.000309,172.31.47.0-255,66,39370,96,158856
22899,0.000383,74.125.24.0-255,5738,45108,96,158856
22900,0.000387,172.31.47.0-255,66,45174,96,158856
22901,0.000392,74.125.24.0-255,2543,47717,96,158856
22902,0.000394,74.125.24.0-255,395,48112,96,158856
22903,0.000395,74.125.24.0-255,380,48492,96,158856
22904,0.000399,172.31.47.0-255,66,48558,96,158856
22905,0.00079,172.31.47.0-255,66,48624,96,158856
22906,0.001151,74.125.24.0-255,1484,50108,96,158856
22907,0.001161,74.125.24.0-255,2902,53010,96,158856
22908,0.001164,172.31.47.0-255,66,53076,96,158856
22909,0.001171,74.125.24.0-255,5738,58814,96,158856
22910,0.001173,172.31.47.0-255,66,58880,96,158856
22911,0.001194,74.125.24.0-255,7156,66036,96,158856
22912,0.001197,172.31.47.0-255,66,66102,96,158856
22913,0.001218,74.125.24.0-255,5738,71840,96,158856
22914,0.00122,172.31.47.0-255,66,71906,96,158856
22915,0.001231,172.31.47.0-255,66,71972,96,158856
22916,0.001233,74.125.24.0-255,766,72738,96,158856
22917,0.001713,172.31.47.0-255,66,72804,96,158856
22918,0.002059,74.125.24.0-255,1484,74288,96,158856
22919,0.002066,74.125.24.0-255,2902,77190,96,158856
22920,0.002069,172.31.47.0-255,66,77256,96,158856
22921,0.003744,74.125.24.0-255,1484,78740,96,158856
22922,0.004104,74.125.24.0-255,1484,80224,96,158856
22923,0.004106,172.31.47.0-255,66,80290,96,158856
22924,0.004128,74.125.24.0-255,2902,83192,96,158856
22925,0.00413,172.31.47.0-255,66,83258,96,158856
22926,0.006157,74.125.24.0-255,5738,88996,96,158856
22927,0.006165,172.31.47.0-255,66,89062,96,158856
22928,0.008234,74.125.24.0-255,5738,94800,96,158856
22929,0.008247,172.31.47.0-255,66,94866,96,158856
22930,0.01029,74.125.24.0-255,5738,100604,96,158856
22931,0.010296,172.31.47.0-255,66,100670,96,158856
22932,0.012351,74.125.24.0-255,5738,106408,96,158856
22933,0.012366,172.31.47.0-255,66,106474,96,158856
22934,0.014411,74.125.24.0-255,5738,112212,96,158856
22935,0.014422,172.31.47.0-255,66,112278,96,158856
22936,0.016467,74.125.24.0-255,5738,118016,96,158856
22937,0.016473,172.31.47.0-255,66,118082,96,158856
22938,0.018525,74.125.24.0-255,5738,123820,96,158856
22939,0.018531,172.31.47.0-255,66,123886,96,158856
22940,0.020549,74.125.24.0-255,5738,129624,96,158856
22941,0.020555,172.31.47.0-255,66,129690,96,158856
22942,0.021222,172.31.47.0-255,172,129862,96,158856
22943,0.021258,172.31.47.0-255,1110,130972,96,158856
22944,0.021328,172.31.47.0-255,1514,132486,96,158856
22945,0.021351,172.31.47.0-255,1514,134000,96,158856
22946,0.021355,172.31.47.0-255,1514,135514,96,158856
22947,0.021374,172.31.47.0-255,1082,136596,96,158856
22948,0.0226,74.125.24.0-255,4320,140916,96,158856
22949,0.022605,172.31.47.0-255,66,140982,96,158856
22950,0.022636,74.125.24.0-255,1484,142466,96,158856
22951,0.022789,104.244.42.0-255,66,142532,96,158856
22952,0.022828,104.244.42.0-255,66,142598,96,158856
22953,0.022931,104.244.42.0-255,66,142664,96,158856
22954,0.022935,104.244.42.0-255,66,142730,96,158856
22955,0.022937,104.244.42.0-255,66,142796,96,158856
22956,0.024646,74.125.24.0-255,4320,147116,96,158856
22957,0.024649,172.31.47.0-255,66,147182,96,158856
22958,0.02667,74.125.24.0-255,5738,152920,96,158856
22959,0.026675,172.31.47.0-255,66,152986,96,158856
22960,0.028719,74.125.24.0-255,4320,157306,96,158856
22961,0.028724,172.31.47.0-255,66,157372,96,158856
22962,0.028751,74.125.24.0-255,1484,158856,96,158856
22963,0.0,172.31.47.0-255,105,105,96,276
22964,0.00176,157.240.13.0-255,105,210,96,276
22965,0.001771,172.31.47.0-255,66,276,96,276
22966,0.0,172.31.47.0-255,105,105,96,105
22967,0.0,74.125.200.0-255,153,153,96,96511
22968,1.7e-05,172.31.47.0-255,66,219,96,96511
22969,2.4e-05,74.125.200.0-255,1484,1703,96,96511
22970,2.8e-05,172.31.47.0-255,66,1769,96,96511
22971,4.1e-05,74.125.200.0-255,2902,4671,96,96511
22972,4.6e-05,172.31.47.0-255,66,4737,96,96511
22973,8e-05,74.125.200.0-255,5738,10475,96,96511
22974,8.4e-05,172.31.47.0-255,66,10541,96,96511
22975,0.000107,74.125.200.0-255,1484,12025,96,96511
22976,0.000109,172.31.47.0-255,66,12091,96,96511
22977,0.000218,74.125.200.0-255,2174,14265,96,96511
22978,0.000222,172.31.47.0-255,66,14331,96,96511
22979,0.000267,172.31.47.0-255,66,14397,96,96511
22980,0.000292,74.125.200.0-255,2902,17299,96,96511
22981,0.000295,172.31.47.0-255,66,17365,96,96511
22982,0.000478,74.125.200.0-255,4320,21685,96,96511
22983,0.000484,172.31.47.0-255,66,21751,96,96511
22984,0.000568,74.125.200.0-255,5738,27489,96,96511
22985,0.000572,172.31.47.0-255,66,27555,96,96511
22986,0.000618,172.31.47.0-255,66,27621,96,96511
22987,0.001009,172.31.47.0-255,66,27687,96,96511
22988,0.001264,172.31.47.0-255,66,27753,96,96511
22989,0.001318,172.31.47.0-255,66,27819,96,96511
22990,0.001916,74.125.200.0-255,5738,33557,96,96511
22991,0.001921,172.31.47.0-255,66,33623,96,96511
22992,0.001976,172.31.47.0-255,66,33689,96,96511
22993,0.002578,74.125.200.0-255,4320,38009,96,96511
22994,0.003741,172.31.47.0-255,66,38075,96,96511
22995,0.006295,74.125.200.0-255,5738,43813,96,96511
22996,0.006302,172.31.47.0-255,66,43879,96,96511
22997,0.00885,74.125.200.0-255,5738,49617,96,96511
22998,0.008858,172.31.47.0-255,66,49683,96,96511
22999,0.011459,74.125.200.0-255,5738,55421,96,96511
23000,0.011468,172.31.47.0-255,66,55487,96,96511
23001,0.014026,74.125.200.0-255,2902,58389,96,96511
23002,0.014033,172.31.47.0-255,66,58455,96,96511
23003,0.014057,74.125.200.0-255,2902,61357,96,96511
23004,0.01406,172.31.47.0-255,66,61423,96,96511
23005,0.016578,74.125.200.0-255,2902,64325,96,96511
23006,0.016584,172.31.47.0-255,66,64391,96,96511
23007,0.016631,74.125.200.0-255,2902,67293,96,96511
23008,0.016634,172.31.47.0-255,66,67359,96,96511
23009,0.019131,74.125.200.0-255,2902,70261,96,96511
23010,0.01915,172.31.47.0-255,66,70327,96,96511
23011,0.019181,74.125.200.0-255,2902,73229,96,96511
23012,0.019184,172.31.47.0-255,66,73295,96,96511
23013,0.02172,74.125.200.0-255,5738,79033,96,96511
23014,0.021735,172.31.47.0-255,66,79099,96,96511
23015,0.02431,74.125.200.0-255,5738,84837,96,96511
23016,0.024326,172.31.47.0-255,66,84903,96,96511
23017,0.026903,74.125.200.0-255,5738,90641,96,96511
23018,0.026921,172.31.47.0-255,66,90707,96,96511
23019,0.029469,74.125.200.0-255,5738,96445,96,96511
23020,0.029476,172.31.47.0-255,66,96511,96,96511
23021,0.0,74.125.24.0-255,153,153,96,238106
23022,2.4e-05,172.31.47.0-255,66,219,96,238106
23023,2.9e-05,74.125.24.0-255,1484,1703,96,238106
23024,3.3e-05,172.31.47.0-255,66,1769,96,238106
23025,3.7e-05,74.125.24.0-255,2902,4671,96,238106
23026,3.9e-05,172.31.47.0-255,66,4737,96,238106
23027,5.4e-05,74.125.24.0-255,7156,11893,96,238106
23028,5.7e-05,172.31.47.0-255,66,11959,96,238106
23029,9.1e-05,74.125.24.0-255,2175,14134,96,238106
23030,9.4e-05,172.31.47.0-255,66,14200,96,238106
23031,0.000133,74.125.24.0-255,1484,15684,96,238106
23032,0.000135,172.31.47.0-255,66,15750,96,238106
23033,0.00014,74.125.24.0-255,2902,18652,96,238106
23034,0.000142,172.31.47.0-255,66,18718,96,238106
23035,0.000146,74.125.24.0-255,2902,21620,96,238106
23036,0.000147,172.31.47.0-255,66,21686,96,238106
23037,0.000164,74.125.24.0-255,2902,24588,96,238106
23038,0.000167,172.31.47.0-255,66,24654,96,238106
23039,0.000179,74.125.24.0-255,2902,27556,96,238106
23040,0.000181,172.31.47.0-255,66,27622,96,238106
23041,0.000196,74.125.24.0-255,3961,31583,96,238106
23042,0.000202,172.31.47.0-255,66,31649,96,238106
23043,0.000208,74.125.24.0-255,7156,38805,96,238106
23044,0.000211,172.31.47.0-255,66,38871,96,238106
23045,0.000232,74.125.24.0-255,2902,41773,96,238106
23046,0.000235,172.31.47.0-255,66,41839,96,238106
23047,0.000258,74.125.24.0-255,6797,48636,96,238106
23048,0.000261,172.31.47.0-255,66,48702,96,238106
23049,0.000286,74.125.24.0-255,2902,51604,96,238106
23050,0.000289,172.31.47.0-255,66,51670,96,238106
23051,0.000293,74.125.24.0-255,4320,55990,96,238106
23052,0.000296,172.31.47.0-255,66,56056,96,238106
23053,0.0003,74.125.24.0-255,2902,58958,96,238106
23054,0.000306,172.31.47.0-255,66,59024,96,238106
23055,0.000321,74.125.24.0-255,5738,64762,96,238106
23056,0.000325,74.125.24.0-255,1125,65887,96,238106
23057,0.00033,172.31.47.0-255,66,65953,96,238106
23058,0.000523,74.125.24.0-255,358,66311,96,238106
23059,0.000553,74.125.24.0-255,136,66447,96,238106
23060,0.00062,74.125.24.0-255,1484,67931,96,238106
23061,0.000623,172.31.47.0-255,66,67997,96,238106
23062,0.000628,74.125.24.0-255,2902,70899,96,238106
23063,0.000635,172.31.47.0-255,66,70965,96,238106
23064,0.00065,74.125.24.0-255,5738,76703,96,238106
23065,0.00066,172.31.47.0-255,66,76769,96,238106
23066,0.000693,74.125.24.0-255,4320,81089,96,238106
23067,0.000694,172.31.47.0-255,66,81155,96,238106
23068,0.000716,172.31.47.0-255,66,81221,96,238106
23069,0.000724,74.125.24.0-255,6438,87659,96,238106
23070,0.000726,74.125.24.0-255,348,88007,96,238106
23071,0.000728,172.31.47.0-255,66,88073,96,238106
23072,0.000902,172.31.47.0-255,66,88139,96,238106
23073,0.000903,74.125.24.0-255,1484,89623,96,238106
23074,0.000916,74.125.24.0-255,2902,92525,96,238106
23075,0.000922,74.125.24.0-255,1484,94009,96,238106
23076,0.000924,172.31.47.0-255,66,94075,96,238106
23077,0.000951,74.125.24.0-255,4320,98395,96,238106
23078,0.000963,172.31.47.0-255,66,98461,96,238106
23079,0.000987,74.125.24.0-255,4320,102781,96,238106
23080,0.000993,172.31.47.0-255,66,102847,96,238106
23081,0.001017,74.125.24.0-255,6438,109285,96,238106
23082,0.001021,172.31.47.0-255,66,109351,96,238106
23083,0.001101,74.125.24.0-255,1484,110835,96,238106
23084,0.001104,74.125.24.0-255,1484,112319,96,238106
23085,0.001106,172.31.47.0-255,66,112385,96,238106
23086,0.001127,74.125.24.0-255,1484,113869,96,238106
23087,0.001132,74.125.24.0-255,5738,119607,96,238106
23088,0.001134,74.125.24.0-255,1484,121091,96,238106
23089,0.001143,172.31.47.0-255,66,121157,96,238106
23090,0.001153,74.125.24.0-255,7156,128313,96,238106
23091,0.001164,172.31.47.0-255,66,128379,96,238106
23092,0.001174,74.125.24.0-255,4320,132699,96,238106
23093,0.001182,74.125.24.0-255,7156,139855,96,238106
23094,0.001183,172.31.47.0-255,66,139921,96,238106
23095,0.001187,172.31.47.0-255,66,139987,96,238106
23096,0.001211,74.125.24.0-255,3602,143589,96,238106
23097,0.001215,172.31.47.0-255,66,143655,96,238106
23098,0.001322,74.125.24.0-255,1484,145139,96,238106
23099,0.001326,74.125.24.0-255,2902,148041,96,238106
23100,0.001329,172.31.47.0-255,66,148107,96,238106
23101,0.001382,74.125.24.0-255,5738,153845,96,238106
23102,0.001385,172.31.47.0-255,66,153911,96,238106
23103,0.001392,74.125.24.0-255,7156,161067,96,238106
23104,0.001396,172.31.47.0-255,66,161133,96,238106
23105,0.001408,172.31.47.0-255,66,161199,96,238106
23106,0.001416,74.125.24.0-255,2184,163383,96,238106
23107,0.001419,172.31.47.0-255,66,163449,96,238106
23108,0.001458,172.31.47.0-255,66,163515,96,238106
23109,0.001464,74.125.24.0-255,4320,167835,96,238106
23110,0.001469,172.31.47.0-255,66,167901,96,238106
23111,0.001492,74.125.24.0-255,5738,173639,96,238106
23112,0.001504,172.31.47.0-255,66,173705,96,238106
23113,0.001507,172.31.47.0-255,66,173771,96,238106
23114,0.001531,74.125.24.0-255,5020,178791,96,238106
23115,0.001537,172.31.47.0-255,66,178857,96,238106
23116,0.001556,74.125.24.0-255,1484,180341,96,238106
23117,0.001561,74.125.24.0-255,2902,183243,96,238106
23118,0.001564,74.125.24.0-255,2902,186145,96,238106
23119,0.001566,172.31.47.0-255,66,186211,96,238106
23120,0.00157,172.31.47.0-255,66,186277,96,238106
23121,0.001583,74.125.24.0-255,2902,189179,96,238106
23122,0.001587,74.125.24.0-255,2902,192081,96,238106
23123,0.00159,172.31.47.0-255,66,192147,96,238106
23124,0.001632,74.125.24.0-255,7156,199303,96,238106
23125,0.001642,172.31.47.0-255,66,199369,96,238106
23126,0.001663,74.125.24.0-255,3602,202971,96,238106
23127,0.001675,172.31.47.0-255,66,203037,96,238106
23128,0.001689,74.125.24.0-255,4320,207357,96,238106
23129,0.001696,74.125.24.0-255,1484,208841,96,238106
23130,0.001696,172.31.47.0-255,66,208907,96,238106
23131,0.001708,74.125.24.0-255,2902,211809,96,238106
23132,0.001711,172.31.47.0-255,66,211875,96,238106
23133,0.001728,74.125.24.0-255,5738,217613,96,238106
23134,0.001731,172.31.47.0-255,66,217679,96,238106
23135,0.001743,74.125.24.0-255,4320,221999,96,238106
23136,0.001753,172.31.47.0-255,66,222065,96,238106
23137,0.001756,74.125.24.0-255,1484,223549,96,238106
23138,0.001767,74.125.24.0-255,4320,227869,96,238106
23139,0.001777,172.31.47.0-255,66,227935,96,238106
23140,0.001793,172.31.47.0-255,66,228001,96,238106
23141,0.001808,74.125.24.0-255,5020,233021,96,238106
23142,0.001811,172.31.47.0-255,66,233087,96,238106
23143,0.001825,172.31.47.0-255,66,233153,96,238106
23144,0.001871,172.31.47.0-255,66,233219,96,238106
23145,0.001884,172.31.47.0-255,66,233285,96,238106
23146,0.001929,172.31.47.0-255,66,233351,96,238106
23147,0.001972,172.31.47.0-255,66,233417,96,238106
23148,0.002009,172.31.47.0-255,66,233483,96,238106
23149,0.00202,172.31.47.0-255,66,233549,96,238106
23150,0.002021,74.125.24.0-255,4149,237698,96,238106
23151,0.002035,172.31.47.0-255,66,237764,96,238106
23152,0.002045,74.125.24.0-255,105,237869,96,238106
23153,0.014763,172.31.47.0-255,66,237935,96,238106
23154,0.014791,172.31.47.0-255,105,238040,96,238106
23155,0.01709,74.125.24.0-255,66,238106,96,238106
23156,0.0,74.125.24.0-255,297,297,96,166237
23157,2.9e-05,172.31.47.0-255,66,363,96,166237
23158,3.6e-05,74.125.24.0-255,1484,1847,96,166237
23159,3.9e-05,172.31.47.0-255,66,1913,96,166237
23160,4.5e-05,74.125.24.0-255,4320,6233,96,166237
23161,4.7e-05,172.31.47.0-255,66,6299,96,166237
23162,6.8e-05,74.125.24.0-255,1484,7783,96,166237
23163,7e-05,172.31.47.0-255,66,7849,96,166237
23164,8.8e-05,74.125.24.0-255,6014,13863,96,166237
23165,9e-05,172.31.47.0-255,66,13929,96,166237
23166,0.000113,74.125.24.0-255,1484,15413,96,166237
23167,0.000115,172.31.47.0-255,66,15479,96,166237
23168,0.00012,74.125.24.0-255,2902,18381,96,166237
23169,0.000122,172.31.47.0-255,66,18447,96,166237
23170,0.000137,74.125.24.0-255,5738,24185,96,166237
23171,0.00014,172.31.47.0-255,66,24251,96,166237
23172,0.000156,74.125.24.0-255,1484,25735,96,166237
23173,0.000158,172.31.47.0-255,66,25801,96,166237
23174,0.000171,74.125.24.0-255,5379,31180,96,166237
23175,0.000173,172.31.47.0-255,66,31246,96,166237
23176,0.000471,74.125.24.0-255,1484,32730,96,166237
23177,0.000476,172.31.47.0-255,66,32796,96,166237
23178,0.000482,74.125.24.0-255,2902,35698,96,166237
23179,0.000484,172.31.47.0-255,66,35764,96,166237
23180,0.000514,74.125.24.0-255,5738,41502,96,166237
23181,0.000518,172.31.47.0-255,66,41568,96,166237
23182,0.000525,74.125.24.0-255,6797,48365,96,166237
23183,0.000527,172.31.47.0-255,66,48431,96,166237
23184,0.00053,74.125.24.0-255,1484,49915,96,166237
23185,0.000533,172.31.47.0-255,66,49981,96,166237
23186,0.000568,172.31.47.0-255,66,50047,96,166237
23187,0.000572,74.125.24.0-255,2852,52899,96,166237
23188,0.000576,172.31.47.0-255,66,52965,96,166237
23189,0.000964,74.125.24.0-255,111,53076,96,166237
23190,0.001055,74.125.24.0-255,1484,54560,96,166237
23191,0.00106,172.31.47.0-255,66,54626,96,166237
23192,0.001065,74.125.24.0-255,2902,57528,96,166237
23193,0.001067,172.31.47.0-255,66,57594,96,166237
23194,0.001072,74.125.24.0-255,4320,61914,96,166237
23195,0.001074,172.31.47.0-255,66,61980,96,166237
23196,0.001092,74.125.24.0-255,1484,63464,96,166237
23197,0.001106,74.125.24.0-255,4320,67784,96,166237
23198,0.001109,172.31.47.0-255,66,67850,96,166237
23199,0.001126,74.125.24.0-255,2543,70393,96,166237
23200,0.001128,172.31.47.0-255,66,70459,96,166237
23201,0.001143,74.125.24.0-255,2902,73361,96,166237
23202,0.001145,172.31.47.0-255,66,73427,96,166237
23203,0.001164,74.125.24.0-255,4320,77747,96,166237
23204,0.001166,172.31.47.0-255,66,77813,96,166237
23205,0.001171,74.125.24.0-255,4320,82133,96,166237
23206,0.001173,172.31.47.0-255,66,82199,96,166237
23207,0.001201,74.125.24.0-255,2902,85101,96,166237
23208,0.001203,172.31.47.0-255,66,85167,96,166237
23209,0.001217,74.125.24.0-255,2543,87710,96,166237
23210,0.001219,172.31.47.0-255,66,87776,96,166237
23211,0.003409,74.125.24.0-255,5738,93514,96,166237
23212,0.003416,172.31.47.0-255,66,93580,96,166237
23213,0.005615,74.125.24.0-255,5738,99318,96,166237
23214,0.005619,172.31.47.0-255,66,99384,96,166237
23215,0.007831,74.125.24.0-255,4320,103704,96,166237
23216,0.007836,172.31.47.0-255,66,103770,96,166237
23217,0.007853,74.125.24.0-255,1484,105254,96,166237
23218,0.010051,74.125.24.0-255,4320,109574,96,166237
23219,0.010058,172.31.47.0-255,66,109640,96,166237
23220,0.012279,74.125.24.0-255,5738,115378,96,166237
23221,0.012287,172.31.47.0-255,66,115444,96,166237
23222,0.014478,74.125.24.0-255,5738,121182,96,166237
23223,0.014488,172.31.47.0-255,66,121248,96,166237
23224,0.016698,74.125.24.0-255,5738,126986,96,166237
23225,0.016705,172.31.47.0-255,66,127052,96,166237
23226,0.018915,74.125.24.0-255,5738,132790,96,166237
23227,0.018923,172.31.47.0-255,66,132856,96,166237
23228,0.021135,74.125.24.0-255,5738,138594,96,166237
23229,0.021143,172.31.47.0-255,66,138660,96,166237
23230,0.023343,74.125.24.0-255,5738,144398,96,166237
23231,0.02335,172.31.47.0-255,66,144464,96,166237
23232,0.024945,172.31.47.0-255,172,144636,96,166237
23233,0.024977,172.31.47.0-255,1110,145746,96,166237
23234,0.025019,172.31.47.0-255,1514,147260,96,166237
23235,0.025021,172.31.47.0-255,1301,148561,96,166237
23236,0.02556,74.125.24.0-255,5738,154299,96,166237
23237,0.025565,172.31.47.0-255,66,154365,96,166237
23238,0.026483,104.244.42.0-255,66,154431,96,166237
23239,0.026506,104.244.42.0-255,66,154497,96,166237
23240,0.026549,104.244.42.0-255,66,154563,96,166237
23241,0.027766,74.125.24.0-255,5738,160301,96,166237
23242,0.02777,172.31.47.0-255,66,160367,96,166237
23243,0.029956,74.125.24.0-255,4320,164687,96,166237
23244,0.029961,172.31.47.0-255,66,164753,96,166237
23245,0.029989,74.125.24.0-255,1484,166237,96,166237
23246,0.0,172.217.194.0-255,157,157,96,200723
23247,2.2e-05,172.31.47.0-255,66,223,96,200723
23248,2.9e-05,172.217.194.0-255,1484,1707,96,200723
23249,3.3e-05,172.31.47.0-255,66,1773,96,200723
23250,3.7e-05,172.217.194.0-255,2902,4675,96,200723
23251,4e-05,172.31.47.0-255,66,4741,96,200723
23252,4.4e-05,172.217.194.0-255,2902,7643,96,200723
23253,4.5e-05,172.31.47.0-255,66,7709,96,200723
23254,7.3e-05,172.217.194.0-255,4320,12029,96,200723
23255,7.6e-05,172.31.47.0-255,66,12095,96,200723
23256,8e-05,172.217.194.0-255,2065,14160,96,200723
23257,8.2e-05,172.31.47.0-255,66,14226,96,200723
23258,0.000119,172.217.194.0-255,1484,15710,96,200723
23259,0.000121,172.31.47.0-255,66,15776,96,200723
23260,0.00014,172.217.194.0-255,2902,18678,96,200723
23261,0.000142,172.31.47.0-255,66,18744,96,200723
23262,0.000149,172.217.194.0-255,5738,24482,96,200723
23263,0.000151,172.31.47.0-255,66,24548,96,200723
23264,0.000179,172.217.194.0-255,6797,31345,96,200723
23265,0.000182,172.31.47.0-255,66,31411,96,200723
23266,0.000184,172.217.194.0-255,1484,32895,96,200723
23267,0.000186,172.31.47.0-255,66,32961,96,200723
23268,0.000212,172.31.47.0-255,66,33027,96,200723
23269,0.000236,172.217.194.0-255,1484,34511,96,200723
23270,0.000238,172.31.47.0-255,66,34577,96,200723
23271,0.000242,172.217.194.0-255,2543,37120,96,200723
23272,0.000243,172.31.47.0-255,66,37186,96,200723
23273,0.000281,172.217.194.0-255,7156,44342,96,200723
23274,0.000284,172.31.47.0-255,66,44408,96,200723
23275,0.000314,172.31.47.0-255,66,44474,96,200723
23276,0.000317,172.217.194.0-255,407,44881,96,200723
23277,0.000342,172.217.194.0-255,366,45247,96,200723
23278,0.000381,172.217.194.0-255,1484,46731,96,200723
23279,0.000383,172.31.47.0-255,66,46797,96,200723
23280,0.000411,172.217.194.0-255,4320,51117,96,200723
23281,0.000414,172.31.47.0-255,66,51183,96,200723
23282,0.000416,172.217.194.0-255,1484,52667,96,200723
23283,0.000433,172.217.194.0-255,2902,55569,96,200723
23284,0.000435,172.31.47.0-255,66,55635,96,200723
23285,0.000463,172.217.194.0-255,5738,61373,96,200723
23286,0.000465,172.31.47.0-255,66,61439,96,200723
23287,0.000491,172.217.194.0-255,5379,66818,96,200723
23288,0.000493,172.31.47.0-255,66,66884,96,200723
23289,0.000502,172.31.47.0-255,66,66950,96,200723
23290,0.000518,172.217.194.0-255,1484,68434,96,200723
23291,0.000531,172.217.194.0-255,2543,70977,96,200723
23292,0.000533,172.31.47.0-255,66,71043,96,200723
23293,0.000795,172.217.194.0-255,1484,72527,96,200723
23294,0.0008,172.217.194.0-255,2902,75429,96,200723
23295,0.000803,172.31.47.0-255,66,75495,96,200723
23296,0.000828,172.217.194.0-255,5738,81233,96,200723
23297,0.00083,172.31.47.0-255,66,81299,96,200723
23298,0.000833,172.217.194.0-255,1484,82783,96,200723
23299,0.000854,172.217.194.0-255,5738,88521,96,200723
23300,0.000856,172.31.47.0-255,66,88587,96,200723
23301,0.000887,172.31.47.0-255,66,88653,96,200723
23302,0.000891,172.217.194.0-255,2184,90837,96,200723
23303,0.000892,172.31.47.0-255,66,90903,96,200723
23304,0.001219,172.217.194.0-255,1484,92387,96,200723
23305,0.001224,172.217.194.0-255,2902,95289,96,200723
23306,0.001227,172.31.47.0-255,66,95355,96,200723
23307,0.001251,172.217.194.0-255,5738,101093,96,200723
23308,0.001253,172.31.47.0-255,66,101159,96,200723
23309,0.00128,172.217.194.0-255,1484,102643,96,200723
23310,0.001304,172.31.47.0-255,66,102709,96,200723
23311,0.001314,172.31.47.0-255,66,102775,96,200723
23312,0.001354,172.217.194.0-255,1484,104259,96,200723
23313,0.001358,172.217.194.0-255,2902,107161,96,200723
23314,0.001361,172.31.47.0-255,66,107227,96,200723
23315,0.001383,172.217.194.0-255,5738,112965,96,200723
23316,0.001385,172.31.47.0-255,66,113031,96,200723
23317,0.001392,172.217.194.0-255,7156,120187,96,200723
23318,0.001393,172.31.47.0-255,66,120253,96,200723
23319,0.001422,172.31.47.0-255,66,120319,96,200723
23320,0.001446,172.217.194.0-255,4320,124639,96,200723
23321,0.001448,172.31.47.0-255,66,124705,96,200723
23322,0.001452,172.217.194.0-255,2184,126889,96,200723
23323,0.001454,172.31.47.0-255,66,126955,96,200723
23324,0.001859,172.217.194.0-255,1484,128439,96,200723
23325,0.001877,172.217.194.0-255,2902,131341,96,200723
23326,0.001882,172.217.194.0-255,4320,135661,96,200723
23327,0.001885,172.31.47.0-255,66,135727,96,200723
23328,0.001888,172.31.47.0-255,66,135793,96,200723
23329,0.001899,172.217.194.0-255,1484,137277,96,200723
23330,0.001909,172.31.47.0-255,66,137343,96,200723
23331,0.001957,172.217.194.0-255,2902,140245,96,200723
23332,0.00196,172.31.47.0-255,66,140311,96,200723
23333,0.00198,172.31.47.0-255,66,140377,96,200723
23334,0.001998,172.217.194.0-255,766,141143,96,200723
23335,0.002021,172.217.194.0-255,1484,142627,96,200723
23336,0.002024,172.31.47.0-255,66,142693,96,200723
23337,0.002028,172.217.194.0-255,2902,145595,96,200723
23338,0.00203,172.31.47.0-255,66,145661,96,200723
23339,0.002035,172.217.194.0-255,5738,151399,96,200723
23340,0.002037,172.31.47.0-255,66,151465,96,200723
23341,0.00207,172.217.194.0-255,5738,157203,96,200723
23342,0.002073,172.31.47.0-255,66,157269,96,200723
23343,0.002103,172.217.194.0-255,5738,163007,96,200723
23344,0.002105,172.31.47.0-255,66,163073,96,200723
23345,0.002118,172.31.47.0-255,66,163139,96,200723
23346,0.002123,172.217.194.0-255,5738,168877,96,200723
23347,0.002125,172.31.47.0-255,66,168943,96,200723
23348,0.002159,172.31.47.0-255,66,169009,96,200723
23349,0.002164,172.217.194.0-255,4320,173329,96,200723
23350,0.002165,172.31.47.0-255,66,173395,96,200723
23351,0.00219,172.31.47.0-255,66,173461,96,200723
23352,0.002199,172.31.47.0-255,66,173527,96,200723
23353,0.002231,172.31.47.0-255,66,173593,96,200723
23354,0.002243,172.31.47.0-255,66,173659,96,200723
23355,0.002302,172.31.47.0-255,66,173725,96,200723
23356,0.002344,172.31.47.0-255,66,173791,96,200723
23357,0.00235,172.217.194.0-255,7156,180947,96,200723
23358,0.002352,172.31.47.0-255,66,181013,96,200723
23359,0.002375,172.31.47.0-255,66,181079,96,200723
23360,0.002399,172.31.47.0-255,66,181145,96,200723
23361,0.004662,172.217.194.0-255,5738,186883,96,200723
23362,0.00467,172.31.47.0-255,66,186949,96,200723
23363,0.006948,172.217.194.0-255,2902,189851,96,200723
23364,0.006952,172.31.47.0-255,66,189917,96,200723
23365,0.006969,172.217.194.0-255,2902,192819,96,200723
23366,0.00697,172.31.47.0-255,66,192885,96,200723
23367,0.009264,172.217.194.0-255,3504,196389,96,200723
23368,0.009271,172.31.47.0-255,66,196455,96,200723
23369,0.009656,172.31.47.0-255,105,196560,96,200723
23370,0.011923,172.217.194.0-255,66,196626,96,200723
23371,0.028593,172.31.47.0-255,172,196798,96,200723
23372,0.028623,172.31.47.0-255,1105,197903,96,200723
23373,0.028668,172.31.47.0-255,1514,199417,96,200723
23374,0.028669,172.31.47.0-255,1306,200723,96,200723
23375,0.0,172.31.47.0-255,105,105,96,459
23376,0.000284,172.31.47.0-255,90,195,96,459
23377,0.000293,172.31.47.0-255,66,261,96,459
23378,0.002494,74.125.130.0-255,66,327,96,459
23379,0.002518,74.125.130.0-255,66,393,96,459
23380,0.002528,172.31.47.0-255,66,459,96,459
23381,0.0,216.58.221.0-255,298,298,96,189928
23382,2.3e-05,172.31.47.0-255,66,364,96,189928
23383,2.9e-05,216.58.221.0-255,1484,1848,96,189928
23384,3.2e-05,172.31.47.0-255,66,1914,96,189928
23385,3.7e-05,216.58.221.0-255,2902,4816,96,189928
23386,4.6e-05,172.31.47.0-255,66,4882,96,189928
23387,5.2e-05,216.58.221.0-255,4320,9202,96,189928
23388,5.4e-05,172.31.47.0-255,66,9268,96,189928
23389,9.2e-05,172.31.47.0-255,66,9334,96,189928
23390,9.7e-05,216.58.221.0-255,4320,13654,96,189928
23391,9.8e-05,172.31.47.0-255,66,13720,96,189928
23392,0.000115,216.58.221.0-255,4320,18040,96,189928
23393,0.000117,172.31.47.0-255,66,18106,96,189928
23394,0.00014,216.58.221.0-255,1484,19590,96,189928
23395,0.000142,172.31.47.0-255,66,19656,96,189928
23396,0.000146,216.58.221.0-255,2543,22199,96,189928
23397,0.000148,172.31.47.0-255,66,22265,96,189928
23398,0.000262,216.58.221.0-255,1484,23749,96,189928
23399,0.000265,172.31.47.0-255,66,23815,96,189928
23400,0.00027,216.58.221.0-255,2902,26717,96,189928
23401,0.000272,172.31.47.0-255,66,26783,96,189928
23402,0.000277,216.58.221.0-255,5738,32521,96,189928
23403,0.000279,172.31.47.0-255,66,32587,96,189928
23404,0.000317,172.31.47.0-255,66,32653,96,189928
23405,0.000322,216.58.221.0-255,4320,36973,96,189928
23406,0.000324,172.31.47.0-255,66,37039,96,189928
23407,0.000343,216.58.221.0-255,4320,41359,96,189928
23408,0.000349,172.31.47.0-255,66,41425,96,189928
23409,0.000378,216.58.221.0-255,4320,45745,96,189928
23410,0.00038,172.31.47.0-255,66,45811,96,189928
23411,0.000391,216.58.221.0-255,2872,48683,96,189928
23412,0.000396,172.31.47.0-255,66,48749,96,189928
23413,0.001149,216.58.221.0-255,349,49098,96,189928
23414,0.001174,172.31.47.0-255,66,49164,96,189928
23415,0.001253,216.58.221.0-255,1484,50648,96,189928
23416,0.001261,216.58.221.0-255,2902,53550,96,189928
23417,0.001264,172.31.47.0-255,66,53616,96,189928
23418,0.00127,216.58.221.0-255,2902,56518,96,189928
23419,0.001271,172.31.47.0-255,66,56584,96,189928
23420,0.001296,216.58.221.0-255,2902,59486,96,189928
23421,0.001298,172.31.47.0-255,66,59552,96,189928
23422,0.001301,216.58.221.0-255,1484,61036,96,189928
23423,0.001324,216.58.221.0-255,5379,66415,96,189928
23424,0.001327,172.31.47.0-255,66,66481,96,189928
23425,0.001351,216.58.221.0-255,1484,67965,96,189928
23426,0.001368,216.58.221.0-255,1484,69449,96,189928
23427,0.001371,172.31.47.0-255,66,69515,96,189928
23428,0.001383,216.58.221.0-255,1484,70999,96,189928
23429,0.00139,216.58.221.0-255,2902,73901,96,189928
23430,0.001392,172.31.47.0-255,66,73967,96,189928
23431,0.001398,216.58.221.0-255,4320,78287,96,189928
23432,0.001399,172.31.47.0-255,66,78353,96,189928
23433,0.001405,216.58.221.0-255,5379,83732,96,189928
23434,0.001406,172.31.47.0-255,66,83798,96,189928
23435,0.001731,216.58.221.0-255,1484,85282,96,189928
23436,0.001754,216.58.221.0-255,2902,88184,96,189928
23437,0.001758,172.31.47.0-255,66,88250,96,189928
23438,0.001763,216.58.221.0-255,2902,91152,96,189928
23439,0.001764,172.31.47.0-255,66,91218,96,189928
23440,0.001788,216.58.221.0-255,2902,94120,96,189928
23441,0.00179,172.31.47.0-255,66,94186,96,189928
23442,0.001795,216.58.221.0-255,4320,98506,96,189928
23443,0.001797,172.31.47.0-255,66,98572,96,189928
23444,0.001825,216.58.221.0-255,2902,101474,96,189928
23445,0.001827,172.31.47.0-255,66,101540,96,189928
23446,0.001832,216.58.221.0-255,2902,104442,96,189928
23447,0.001833,172.31.47.0-255,66,104508,96,189928
23448,0.001877,172.31.47.0-255,66,104574,96,189928
23449,0.001881,216.58.221.0-255,2184,106758,96,189928
23450,0.001883,172.31.47.0-255,66,106824,96,189928
23451,0.003807,216.58.221.0-255,2902,109726,96,189928
23452,0.003812,172.31.47.0-255,66,109792,96,189928
23453,0.003841,216.58.221.0-255,2902,112694,96,189928
23454,0.003843,172.31.47.0-255,66,112760,96,189928
23455,0.005739,216.58.221.0-255,2902,115662,96,189928
23456,0.005744,172.31.47.0-255,66,115728,96,189928
23457,0.005777,216.58.221.0-255,2902,118630,96,189928
23458,0.00578,172.31.47.0-255,66,118696,96,189928
23459,0.007673,216.58.221.0-255,2902,121598,96,189928
23460,0.007678,172.31.47.0-255,66,121664,96,189928
23461,0.007707,216.58.221.0-255,2902,124566,96,189928
23462,0.00771,172.31.47.0-255,66,124632,96,189928
23463,0.009619,216.58.221.0-255,2902,127534,96,189928
23464,0.009625,172.31.47.0-255,66,127600,96,189928
23465,0.00965,216.58.221.0-255,2902,130502,96,189928
23466,0.009652,172.31.47.0-255,66,130568,96,189928
23467,0.011557,216.58.221.0-255,2902,133470,96,189928
23468,0.011563,172.31.47.0-255,66,133536,96,189928
23469,0.011591,216.58.221.0-255,2902,136438,96,189928
23470,0.011593,172.31.47.0-255,66,136504,96,189928
23471,0.013502,216.58.221.0-255,2902,139406,96,189928
23472,0.01351,172.31.47.0-255,66,139472,96,189928
23473,0.013536,216.58.221.0-255,2902,142374,96,189928
23474,0.013538,172.31.47.0-255,66,142440,96,189928
23475,0.015442,216.58.221.0-255,2902,145342,96,189928
23476,0.015449,172.31.47.0-255,66,145408,96,189928
23477,0.015476,216.58.221.0-255,2902,148310,96,189928
23478,0.015479,172.31.47.0-255,66,148376,96,189928
23479,0.017381,216.58.221.0-255,2902,151278,96,189928
23480,0.017387,172.31.47.0-255,66,151344,96,189928
23481,0.017421,216.58.221.0-255,2902,154246,96,189928
23482,0.017423,172.31.47.0-255,66,154312,96,189928
23483,0.01933,216.58.221.0-255,2902,157214,96,189928
23484,0.019339,172.31.47.0-255,66,157280,96,189928
23485,0.01937,216.58.221.0-255,2902,160182,96,189928
23486,0.019373,172.31.47.0-255,66,160248,96,189928
23487,0.021286,216.58.221.0-255,2902,163150,96,189928
23488,0.021294,172.31.47.0-255,66,163216,96,189928
23489,0.021326,216.58.221.0-255,2902,166118,96,189928
23490,0.021329,172.31.47.0-255,66,166184,96,189928
23491,0.023241,216.58.221.0-255,2902,169086,96,189928
23492,0.023247,172.31.47.0-255,66,169152,96,189928
23493,0.023275,216.58.221.0-255,2902,172054,96,189928
23494,0.023278,172.31.47.0-255,66,172120,96,189928
23495,0.025197,216.58.221.0-255,2902,175022,96,189928
23496,0.025205,172.31.47.0-255,66,175088,96,189928
23497,0.025237,216.58.221.0-255,2902,177990,96,189928
23498,0.02524,172.31.47.0-255,66,178056,96,189928
23499,0.027153,216.58.221.0-255,2902,180958,96,189928
23500,0.02716,172.31.47.0-255,66,181024,96,189928
23501,0.027191,216.58.221.0-255,2902,183926,96,189928
23502,0.027193,172.31.47.0-255,66,183992,96,189928
23503,0.029139,216.58.221.0-255,2902,186894,96,189928
23504,0.029145,172.31.47.0-255,66,186960,96,189928
23505,0.02917,216.58.221.0-255,2902,189862,96,189928
23506,0.029172,172.31.47.0-255,66,189928,96,189928
23507,0.0,74.125.24.0-255,153,153,96,184356
23508,2e-05,172.31.47.0-255,66,219,96,184356
23509,2.7e-05,74.125.24.0-255,1484,1703,96,184356
23510,3.2e-05,172.31.47.0-255,66,1769,96,184356
23511,3.7e-05,74.125.24.0-255,2902,4671,96,184356
23512,4e-05,172.31.47.0-255,66,4737,96,184356
23513,4.3e-05,74.125.24.0-255,1484,6221,96,184356
23514,4.5e-05,172.31.47.0-255,66,6287,96,184356
23515,7.1e-05,74.125.24.0-255,5738,12025,96,184356
23516,7.4e-05,172.31.47.0-255,66,12091,96,184356
23517,7.7e-05,74.125.24.0-255,1985,14076,96,184356
23518,7.9e-05,172.31.47.0-255,66,14142,96,184356
23519,0.000271,74.125.24.0-255,1484,15626,96,184356
23520,0.000277,172.31.47.0-255,66,15692,96,184356
23521,0.00028,74.125.24.0-255,1484,17176,96,184356
23522,0.000282,172.31.47.0-255,66,17242,96,184356
23523,0.000296,74.125.24.0-255,1484,18726,96,184356
23524,0.000298,172.31.47.0-255,66,18792,96,184356
23525,0.000304,74.125.24.0-255,5738,24530,96,184356
23526,0.000306,172.31.47.0-255,66,24596,96,184356
23527,0.00031,74.125.24.0-255,2902,27498,96,184356
23528,0.000311,172.31.47.0-255,66,27564,96,184356
23529,0.000361,74.125.24.0-255,3961,31525,96,184356
23530,0.000365,172.31.47.0-255,66,31591,96,184356
23531,0.00062,74.125.24.0-255,1484,33075,96,184356
23532,0.000624,172.31.47.0-255,66,33141,96,184356
23533,0.000631,74.125.24.0-255,2902,36043,96,184356
23534,0.000633,172.31.47.0-255,66,36109,96,184356
23535,0.000653,74.125.24.0-255,2902,39011,96,184356
23536,0.000656,172.31.47.0-255,66,39077,96,184356
23537,0.000686,74.125.24.0-255,2902,41979,96,184356
23538,0.000688,172.31.47.0-255,66,42045,96,184356
23539,0.000693,74.125.24.0-255,4320,46365,96,184356
23540,0.000695,172.31.47.0-255,66,46431,96,184356
23541,0.000718,74.125.24.0-255,2543,48974,96,184356
23542,0.00072,172.31.47.0-255,66,49040,96,184356
23543,0.001012,74.125.24.0-255,1484,50524,96,184356
23544,0.001019,74.125.24.0-255,2902,53426,96,184356
23545,0.001022,172.31.47.0-255,66,53492,96,184356
23546,0.001029,74.125.24.0-255,5738,59230,96,184356
23547,0.00103,172.31.47.0-255,66,59296,96,184356
23548,0.001081,74.125.24.0-255,2902,62198,96,184356
23549,0.001084,172.31.47.0-255,66,62264,96,184356
23550,0.001103,74.125.24.0-255,4291,66555,96,184356
23551,0.001106,172.31.47.0-255,66,66621,96,184356
23552,0.001148,74.125.24.0-255,1484,68105,96,184356
23553,0.001166,74.125.24.0-255,2902,71007,96,184356
23554,0.001168,172.31.47.0-255,66,71073,96,184356
23555,0.001171,74.125.24.0-255,1484,72557,96,184356
23556,0.001189,74.125.24.0-255,4320,76877,96,184356
23557,0.001192,172.31.47.0-255,66,76943,96,184356
23558,0.001215,74.125.24.0-255,1484,78427,96,184356
23559,0.001226,74.125.24.0-255,1484,79911,96,184356
23560,0.001228,172.31.47.0-255,66,79977,96,184356
23561,0.001248,74.125.24.0-255,3961,83938,96,184356
23562,0.00125,172.31.47.0-255,66,84004,96,184356
23563,0.001716,74.125.24.0-255,1484,85488,96,184356
23564,0.001722,74.125.24.0-255,2902,88390,96,184356
23565,0.001726,172.31.47.0-255,66,88456,96,184356
23566,0.001746,74.125.24.0-255,5738,94194,96,184356
23567,0.001749,172.31.47.0-255,66,94260,96,184356
23568,0.001779,74.125.24.0-255,2902,97162,96,184356
23569,0.001781,172.31.47.0-255,66,97228,96,184356
23570,0.001798,74.125.24.0-255,4242,101470,96,184356
23571,0.0018,172.31.47.0-255,66,101536,96,184356
23572,0.00376,74.125.24.0-255,1484,103020,96,184356
23573,0.003828,74.125.24.0-255,1484,104504,96,184356
23574,0.003838,172.31.47.0-255,66,104570,96,184356
23575,0.003855,74.125.24.0-255,2902,107472,96,184356
23576,0.003857,172.31.47.0-255,66,107538,96,184356
23577,0.005869,74.125.24.0-255,5738,113276,96,184356
23578,0.005875,172.31.47.0-255,66,113342,96,184356
23579,0.007906,74.125.24.0-255,5738,119080,96,184356
23580,0.007913,172.31.47.0-255,66,119146,96,184356
23581,0.009927,74.125.24.0-255,5738,124884,96,184356
23582,0.009934,172.31.47.0-255,66,124950,96,184356
23583,0.011973,74.125.24.0-255,5738,130688,96,184356
23584,0.01198,172.31.47.0-255,66,130754,96,184356
23585,0.013993,74.125.24.0-255,5738,136492,96,184356
23586,0.014002,172.31.47.0-255,66,136558,96,184356
23587,0.016013,74.125.24.0-255,5738,142296,96,184356
23588,0.01602,172.31.47.0-255,66,142362,96,184356
23589,0.018042,74.125.24.0-255,5738,148100,96,184356
23590,0.018049,172.31.47.0-255,66,148166,96,184356
23591,0.020088,74.125.24.0-255,5738,153904,96,184356
23592,0.0201,172.31.47.0-255,66,153970,96,184356
23593,0.022126,74.125.24.0-255,5738,159708,96,184356
23594,0.022135,172.31.47.0-255,66,159774,96,184356
23595,0.022576,172.31.47.0-255,172,159946,96,184356
23596,0.022611,172.31.47.0-255,1109,161055,96,184356
23597,0.022668,172.31.47.0-255,1514,162569,96,184356
23598,0.022669,172.31.47.0-255,1514,164083,96,184356
23599,0.022674,172.31.47.0-255,1514,165597,96,184356
23600,0.022675,172.31.47.0-255,1083,166680,96,184356
23601,0.024125,104.244.42.0-255,66,166746,96,184356
23602,0.02416,104.244.42.0-255,66,166812,96,184356
23603,0.024238,74.125.24.0-255,5738,172550,96,184356
23604,0.024244,172.31.47.0-255,66,172616,96,184356
23605,0.024259,104.244.42.0-255,66,172682,96,184356
23606,0.024267,104.244.42.0-255,66,172748,96,184356
23607,0.026238,74.125.24.0-255,5738,178486,96,184356
23608,0.026244,172.31.47.0-255,66,178552,96,184356
23609,0.02825,74.125.24.0-255,5738,184290,96,184356
23610,0.028256,172.31.47.0-255,66,184356,96,184356
23611,0.0,74.125.24.0-255,152,152,96,164036
23612,2.5e-05,172.31.47.0-255,66,218,96,164036
23613,4.9e-05,74.125.24.0-255,1484,1702,96,164036
23614,5.4e-05,172.31.47.0-255,66,1768,96,164036
23615,6e-05,74.125.24.0-255,2902,4670,96,164036
23616,6.3e-05,172.31.47.0-255,66,4736,96,164036
23617,6.6e-05,74.125.24.0-255,1484,6220,96,164036
23618,6.8e-05,172.31.47.0-255,66,6286,96,164036
23619,0.000102,74.125.24.0-255,2902,9188,96,164036
23620,0.000105,172.31.47.0-255,66,9254,96,164036
23621,0.000136,74.125.24.0-255,4924,14178,96,164036
23622,0.00014,172.31.47.0-255,66,14244,96,164036
23623,0.000176,74.125.24.0-255,1484,15728,96,164036
23624,0.000179,172.31.47.0-255,66,15794,96,164036
23625,0.000196,74.125.24.0-255,2902,18696,96,164036
23626,0.000198,172.31.47.0-255,66,18762,96,164036
23627,0.00023,74.125.24.0-255,1484,20246,96,164036
23628,0.000233,172.31.47.0-255,66,20312,96,164036
23629,0.000264,74.125.24.0-255,2902,23214,96,164036
23630,0.000268,172.31.47.0-255,66,23280,96,164036
23631,0.000274,74.125.24.0-255,5738,29018,96,164036
23632,0.000276,172.31.47.0-255,66,29084,96,164036
23633,0.000281,74.125.24.0-255,2543,31627,96,164036
23634,0.000283,172.31.47.0-255,66,31693,96,164036
23635,0.000425,74.125.24.0-255,1484,33177,96,164036
23636,0.00043,172.31.47.0-255,66,33243,96,164036
23637,0.000435,74.125.24.0-255,2902,36145,96,164036
23638,0.000438,172.31.47.0-255,66,36211,96,164036
23639,0.000469,74.125.24.0-255,5738,41949,96,164036
23640,0.000474,172.31.47.0-255,66,42015,96,164036
23641,0.000478,74.125.24.0-255,2902,44917,96,164036
23642,0.000481,172.31.47.0-255,66,44983,96,164036
23643,0.000518,172.31.47.0-255,66,45049,96,164036
23644,0.000548,74.125.24.0-255,2543,47592,96,164036
23645,0.000551,172.31.47.0-255,66,47658,96,164036
23646,0.000565,172.31.47.0-255,66,47724,96,164036
23647,0.000916,74.125.24.0-255,377,48101,96,164036
23648,0.00093,172.31.47.0-255,66,48167,96,164036
23649,0.001094,74.125.24.0-255,1484,49651,96,164036
23650,0.001099,172.31.47.0-255,66,49717,96,164036
23651,0.001105,74.125.24.0-255,2902,52619,96,164036
23652,0.001107,172.31.47.0-255,66,52685,96,164036
23653,0.001141,74.125.24.0-255,5738,58423,96,164036
23654,0.001144,172.31.47.0-255,66,58489,96,164036
23655,0.001148,74.125.24.0-255,4320,62809,96,164036
23656,0.001151,172.31.47.0-255,66,62875,96,164036
23657,0.001155,74.125.24.0-255,2902,65777,96,164036
23658,0.001157,172.31.47.0-255,66,65843,96,164036
23659,0.001206,172.31.47.0-255,66,65909,96,164036
23660,0.001213,74.125.24.0-255,6797,72706,96,164036
23661,0.001216,172.31.47.0-255,66,72772,96,164036
23662,0.001732,74.125.24.0-255,1484,74256,96,164036
23663,0.001736,172.31.47.0-255,66,74322,96,164036
23664,0.001741,74.125.24.0-255,1484,75806,96,164036
23665,0.001742,172.31.47.0-255,66,75872,96,164036
23666,0.001772,74.125.24.0-255,1484,77356,96,164036
23667,0.001774,172.31.47.0-255,66,77422,96,164036
23668,0.00178,74.125.24.0-255,5738,83160,96,164036
23669,0.001782,172.31.47.0-255,66,83226,96,164036
23670,0.001785,74.125.24.0-255,1484,84710,96,164036
23671,0.001787,172.31.47.0-255,66,84776,96,164036
23672,0.001826,172.31.47.0-255,66,84842,96,164036
23673,0.001829,74.125.24.0-255,1484,86326,96,164036
23674,0.00183,172.31.47.0-255,66,86392,96,164036
23675,0.001866,172.31.47.0-255,66,86458,96,164036
23676,0.002117,74.125.24.0-255,1484,87942,96,164036
23677,0.002142,74.125.24.0-255,1484,89426,96,164036
23678,0.002158,74.125.24.0-255,2902,92328,96,164036
23679,0.00217,74.125.24.0-255,4320,96648,96,164036
23680,0.00218,74.125.24.0-255,1484,98132,96,164036
23681,0.002197,74.125.24.0-255,2902,101034,96,164036
23682,0.002219,74.125.24.0-255,1484,102518,96,164036
23683,0.002258,74.125.24.0-255,4320,106838,96,164036
23684,0.00228,74.125.24.0-255,5020,111858,96,164036
23685,0.002351,74.125.24.0-255,766,112624,96,164036
23686,0.00417,172.31.47.0-255,66,112690,96,164036
23687,0.006568,74.125.24.0-255,4320,117010,96,164036
23688,0.006573,172.31.47.0-255,66,117076,96,164036
23689,0.006603,74.125.24.0-255,1484,118560,96,164036
23690,0.006605,172.31.47.0-255,66,118626,96,164036
23691,0.008946,74.125.24.0-255,4320,122946,96,164036
23692,0.008951,172.31.47.0-255,66,123012,96,164036
23693,0.008983,74.125.24.0-255,1484,124496,96,164036
23694,0.008985,172.31.47.0-255,66,124562,96,164036
23695,0.011347,74.125.24.0-255,4320,128882,96,164036
23696,0.011355,172.31.47.0-255,66,128948,96,164036
23697,0.011386,74.125.24.0-255,1484,130432,96,164036
23698,0.011389,172.31.47.0-255,66,130498,96,164036
23699,0.013741,74.125.24.0-255,4320,134818,96,164036
23700,0.013778,74.125.24.0-255,1484,136302,96,164036
23701,0.015522,172.31.47.0-255,66,136368,96,164036
23702,0.017935,74.125.24.0-255,4320,140688,96,164036
23703,0.017942,172.31.47.0-255,66,140754,96,164036
23704,0.017972,74.125.24.0-255,1484,142238,96,164036
23705,0.02036,74.125.24.0-255,4320,146558,96,164036
23706,0.020367,172.31.47.0-255,66,146624,96,164036
23707,0.022738,74.125.24.0-255,5738,152362,96,164036
23708,0.022791,172.31.47.0-255,66,152428,96,164036
23709,0.025218,74.125.24.0-255,5738,158166,96,164036
23710,0.025227,172.31.47.0-255,66,158232,96,164036
23711,0.027638,74.125.24.0-255,5738,163970,96,164036
23712,0.027647,172.31.47.0-255,66,164036,96,164036
23713,0.0,172.217.194.0-255,146,146,96,252265
23714,3.4e-05,172.31.47.0-255,66,212,96,252265
23715,4.1e-05,172.217.194.0-255,1484,1696,96,252265
23716,4.5e-05,172.31.47.0-255,66,1762,96,252265
23717,5.1e-05,172.217.194.0-255,2902,4664,96,252265
23718,5.4e-05,172.31.47.0-255,66,4730,96,252265
23719,6.2e-05,172.217.194.0-255,7156,11886,96,252265
23720,6.5e-05,172.31.47.0-255,66,11952,96,252265
23721,6.8e-05,172.217.194.0-255,2037,13989,96,252265
23722,7.1e-05,172.31.47.0-255,66,14055,96,252265
23723,0.000213,172.217.194.0-255,1484,15539,96,252265
23724,0.000218,172.31.47.0-255,66,15605,96,252265
23725,0.000223,172.217.194.0-255,2902,18507,96,252265
23726,0.000226,172.31.47.0-255,66,18573,96,252265
23727,0.00023,172.217.194.0-255,2902,21475,96,252265
23728,0.000233,172.31.47.0-255,66,21541,96,252265
23729,0.000253,172.217.194.0-255,2902,24443,96,252265
23730,0.000256,172.31.47.0-255,66,24509,96,252265
23731,0.00029,172.217.194.0-255,4320,28829,96,252265
23732,0.000294,172.31.47.0-255,66,28895,96,252265
23733,0.00031,172.217.194.0-255,2543,31438,96,252265
23734,0.000313,172.31.47.0-255,66,31504,96,252265
23735,0.000364,172.217.194.0-255,1484,32988,96,252265
23736,0.000367,172.31.47.0-255,66,33054,96,252265
23737,0.000371,172.217.194.0-255,2902,35956,96,252265
23738,0.000375,172.31.47.0-255,66,36022,96,252265
23739,0.000381,172.217.194.0-255,5738,41760,96,252265
23740,0.000383,172.31.47.0-255,66,41826,96,252265
23741,0.000417,172.217.194.0-255,7156,48982,96,252265
23742,0.000421,172.31.47.0-255,66,49048,96,252265
23743,0.000447,172.217.194.0-255,6797,55845,96,252265
23744,0.00045,172.31.47.0-255,66,55911,96,252265
23745,0.000461,172.31.47.0-255,66,55977,96,252265
23746,0.000464,172.217.194.0-255,1428,57405,96,252265
23747,0.000529,172.217.194.0-255,377,57782,96,252265
23748,0.000532,172.31.47.0-255,66,57848,96,252265
23749,0.000926,172.217.194.0-255,1484,59332,96,252265
23750,0.000936,172.217.194.0-255,2902,62234,96,252265
23751,0.00094,172.31.47.0-255,66,62300,96,252265
23752,0.000945,172.217.194.0-255,2902,65202,96,252265
23753,0.000947,172.31.47.0-255,66,65268,96,252265
23754,0.000967,172.217.194.0-255,2902,68170,96,252265
23755,0.00097,172.31.47.0-255,66,68236,96,252265
23756,0.000983,172.31.47.0-255,66,68302,96,252265
23757,0.001024,172.31.47.0-255,66,68368,96,252265
23758,0.001257,172.217.194.0-255,1484,69852,96,252265
23759,0.001264,172.217.194.0-255,2902,72754,96,252265
23760,0.001268,172.31.47.0-255,66,72820,96,252265
23761,0.001274,172.217.194.0-255,5738,78558,96,252265
23762,0.001276,172.31.47.0-255,66,78624,96,252265
23763,0.001293,172.217.194.0-255,2902,81526,96,252265
23764,0.001296,172.31.47.0-255,66,81592,96,252265
23765,0.001301,172.217.194.0-255,4320,85912,96,252265
23766,0.001302,172.31.47.0-255,66,85978,96,252265
23767,0.001332,172.31.47.0-255,66,86044,96,252265
23768,0.001336,172.217.194.0-255,1484,87528,96,252265
23769,0.001356,172.217.194.0-255,6438,93966,96,252265
23770,0.00136,172.31.47.0-255,66,94032,96,252265
23771,0.001407,172.217.194.0-255,1484,95516,96,252265
23772,0.001413,172.217.194.0-255,2902,98418,96,252265
23773,0.001416,172.31.47.0-255,66,98484,96,252265
23774,0.001439,172.217.194.0-255,5738,104222,96,252265
23775,0.001442,172.31.47.0-255,66,104288,96,252265
23776,0.00145,172.217.194.0-255,7156,111444,96,252265
23777,0.001453,172.31.47.0-255,66,111510,96,252265
23778,0.001479,172.217.194.0-255,2902,114412,96,252265
23779,0.001482,172.31.47.0-255,66,114478,96,252265
23780,0.001517,172.31.47.0-255,66,114544,96,252265
23781,0.001521,172.217.194.0-255,2184,116728,96,252265
23782,0.001523,172.31.47.0-255,66,116794,96,252265
23783,0.001562,172.217.194.0-255,1484,118278,96,252265
23784,0.001596,172.217.194.0-255,2902,121180,96,252265
23785,0.001603,172.217.194.0-255,5738,126918,96,252265
23786,0.001608,172.217.194.0-255,5738,132656,96,252265
23787,0.001614,172.31.47.0-255,66,132722,96,252265
23788,0.001624,172.31.47.0-255,66,132788,96,252265
23789,0.001627,172.31.47.0-255,66,132854,96,252265
23790,0.001642,172.31.47.0-255,66,132920,96,252265
23791,0.001647,172.217.194.0-255,2902,135822,96,252265
23792,0.00165,172.31.47.0-255,66,135888,96,252265
23793,0.001669,172.217.194.0-255,2184,138072,96,252265
23794,0.001672,172.31.47.0-255,66,138138,96,252265
23795,0.001728,172.217.194.0-255,1484,139622,96,252265
23796,0.001732,172.217.194.0-255,1484,141106,96,252265
23797,0.001735,172.31.47.0-255,66,141172,96,252265
23798,0.001751,172.217.194.0-255,1484,142656,96,252265
23799,0.001756,172.217.194.0-255,4320,146976,96,252265
23800,0.00176,172.31.47.0-255,66,147042,96,252265
23801,0.00177,172.31.47.0-255,66,147108,96,252265
23802,0.001847,172.31.47.0-255,66,147174,96,252265
23803,0.001851,172.217.194.0-255,766,147940,96,252265
23804,0.001866,172.217.194.0-255,1484,149424,96,252265
23805,0.001868,172.31.47.0-255,66,149490,96,252265
23806,0.001874,172.217.194.0-255,4320,153810,96,252265
23807,0.001876,172.31.47.0-255,66,153876,96,252265
23808,0.001913,172.31.47.0-255,66,153942,96,252265
23809,0.001923,172.217.194.0-255,2902,156844,96,252265
23810,0.001925,172.31.47.0-255,66,156910,96,252265
23811,0.001951,172.217.194.0-255,7156,164066,96,252265
23812,0.001955,172.31.47.0-255,66,164132,96,252265
23813,0.001967,172.31.47.0-255,66,164198,96,252265
23814,0.001995,172.217.194.0-255,2184,166382,96,252265
23815,0.002008,172.217.194.0-255,1484,167866,96,252265
23816,0.002012,172.31.47.0-255,66,167932,96,252265
23817,0.002016,172.31.47.0-255,66,167998,96,252265
23818,0.002046,172.31.47.0-255,66,168064,96,252265
23819,0.004022,172.217.194.0-255,5738,173802,96,252265
23820,0.004028,172.31.47.0-255,66,173868,96,252265
23821,0.006025,172.217.194.0-255,4320,178188,96,252265
23822,0.006029,172.31.47.0-255,66,178254,96,252265
23823,0.006041,172.217.194.0-255,1484,179738,96,252265
23824,0.008023,172.217.194.0-255,4320,184058,96,252265
23825,0.008027,172.31.47.0-255,66,184124,96,252265
23826,0.010001,172.217.194.0-255,5738,189862,96,252265
23827,0.010009,172.31.47.0-255,66,189928,96,252265
23828,0.01199,172.217.194.0-255,5738,195666,96,252265
23829,0.011997,172.31.47.0-255,66,195732,96,252265
23830,0.013989,172.217.194.0-255,5738,201470,96,252265
23831,0.013995,172.31.47.0-255,66,201536,96,252265
23832,0.015977,172.217.194.0-255,5738,207274,96,252265
23833,0.015985,172.31.47.0-255,66,207340,96,252265
23834,0.017985,172.217.194.0-255,5738,213078,96,252265
23835,0.017993,172.31.47.0-255,66,213144,96,252265
23836,0.019967,172.217.194.0-255,5738,218882,96,252265
23837,0.019975,172.31.47.0-255,66,218948,96,252265
23838,0.021972,172.217.194.0-255,5738,224686,96,252265
23839,0.021979,172.31.47.0-255,66,224752,96,252265
23840,0.023971,172.217.194.0-255,5738,230490,96,252265
23841,0.023979,172.31.47.0-255,66,230556,96,252265
23842,0.025706,172.31.47.0-255,172,230728,96,252265
23843,0.025732,172.31.47.0-255,1110,231838,96,252265
23844,0.025783,172.31.47.0-255,1514,233352,96,252265
23845,0.025785,172.31.47.0-255,1303,234655,96,252265
23846,0.025981,172.217.194.0-255,5738,240393,96,252265
23847,0.025986,172.31.47.0-255,66,240459,96,252265
23848,0.027245,104.244.42.0-255,66,240525,96,252265
23849,0.027297,104.244.42.0-255,66,240591,96,252265
23850,0.027342,104.244.42.0-255,66,240657,96,252265
23851,0.027986,172.217.194.0-255,5738,246395,96,252265
23852,0.027992,172.31.47.0-255,66,246461,96,252265
23853,0.029991,172.217.194.0-255,5738,252199,96,252265
23854,0.029998,172.31.47.0-255,66,252265,96,252265
23855,0.0,172.31.47.0-255,105,105,96,459
23856,0.000273,172.31.47.0-255,90,195,96,459
23857,0.000281,172.31.47.0-255,66,261,96,459
23858,0.002356,74.125.24.0-255,66,327,96,459
23859,0.002368,74.125.24.0-255,66,393,96,459
23860,0.002377,172.31.47.0-255,66,459,96,459
23861,0.0,74.125.24.0-255,298,298,96,194318
23862,3.3e-05,172.31.47.0-255,66,364,96,194318
23863,3.9e-05,74.125.24.0-255,1484,1848,96,194318
23864,4.4e-05,172.31.47.0-255,66,1914,96,194318
23865,5.6e-05,74.125.24.0-255,4320,6234,96,194318
23866,5.9e-05,172.31.47.0-255,66,6300,96,194318
23867,7.1e-05,172.31.47.0-255,66,6366,96,194318
23868,0.000111,172.31.47.0-255,66,6432,96,194318
23869,0.000143,74.125.24.0-255,3961,10393,96,194318
23870,0.000146,172.31.47.0-255,66,10459,96,194318
23871,0.000152,74.125.24.0-255,4320,14779,96,194318
23872,0.000154,172.31.47.0-255,66,14845,96,194318
23873,0.000161,74.125.24.0-255,7156,22001,96,194318
23874,0.000164,172.31.47.0-255,66,22067,96,194318
23875,0.000186,74.125.24.0-255,2902,24969,96,194318
23876,0.000189,172.31.47.0-255,66,25035,96,194318
23877,0.000194,74.125.24.0-255,2543,27578,96,194318
23878,0.000196,172.31.47.0-255,66,27644,96,194318
23879,0.000667,74.125.24.0-255,1484,29128,96,194318
23880,0.000673,172.31.47.0-255,66,29194,96,194318
23881,0.000698,74.125.24.0-255,1484,30678,96,194318
23882,0.000703,172.31.47.0-255,66,30744,96,194318
23883,0.000731,74.125.24.0-255,2902,33646,96,194318
23884,0.000734,172.31.47.0-255,66,33712,96,194318
23885,0.000741,74.125.24.0-255,5738,39450,96,194318
23886,0.000744,172.31.47.0-255,66,39516,96,194318
23887,0.000751,74.125.24.0-255,5379,44895,96,194318
23888,0.000754,172.31.47.0-255,66,44961,96,194318
23889,0.000793,74.125.24.0-255,1484,46445,96,194318
23890,0.000796,172.31.47.0-255,66,46511,96,194318
23891,0.000801,74.125.24.0-255,2902,49413,96,194318
23892,0.000807,74.125.24.0-255,4320,53733,96,194318
23893,0.000811,172.31.47.0-255,66,53799,96,194318
23894,0.00083,74.125.24.0-255,1484,55283,96,194318
23895,0.000851,74.125.24.0-255,4320,59603,96,194318
23896,0.000856,172.31.47.0-255,66,59669,96,194318
23897,0.000867,74.125.24.0-255,3123,62792,96,194318
23898,0.000878,172.31.47.0-255,66,62858,96,194318
23899,0.001111,74.125.24.0-255,1484,64342,96,194318
23900,0.00112,74.125.24.0-255,2902,67244,96,194318
23901,0.001125,172.31.47.0-255,66,67310,96,194318
23902,0.001132,74.125.24.0-255,5738,73048,96,194318
23903,0.001157,74.125.24.0-255,5738,78786,96,194318
23904,0.001164,74.125.24.0-255,5738,84524,96,194318
23905,0.001183,74.125.24.0-255,7156,91680,96,194318
23906,0.001187,74.125.24.0-255,2902,94582,96,194318
23907,0.001202,74.125.24.0-255,1621,96203,96,194318
23908,0.001327,74.125.24.0-255,1484,97687,96,194318
23909,0.001332,74.125.24.0-255,1484,99171,96,194318
23910,0.001346,74.125.24.0-255,1484,100655,96,194318
23911,0.001368,74.125.24.0-255,5738,106393,96,194318
23912,0.001372,74.125.24.0-255,2902,109295,96,194318
23913,0.001388,74.125.24.0-255,4320,113615,96,194318
23914,0.001401,74.125.24.0-255,4320,117935,96,194318
23915,0.001428,74.125.24.0-255,2184,120119,96,194318
23916,0.002006,74.125.24.0-255,1484,121603,96,194318
23917,0.00201,74.125.24.0-255,1484,123087,96,194318
23918,0.002028,74.125.24.0-255,1484,124571,96,194318
23919,0.002033,74.125.24.0-255,5738,130309,96,194318
23920,0.002051,74.125.24.0-255,1484,131793,96,194318
23921,0.002297,74.125.24.0-255,1484,133277,96,194318
23922,0.002311,74.125.24.0-255,2902,136179,96,194318
23923,0.002314,74.125.24.0-255,1484,137663,96,194318
23924,0.005787,172.31.47.0-255,66,137729,96,194318
23925,0.008107,74.125.24.0-255,5738,143467,96,194318
23926,0.008113,172.31.47.0-255,66,143533,96,194318
23927,0.010404,74.125.24.0-255,5738,149271,96,194318
23928,0.010412,172.31.47.0-255,66,149337,96,194318
23929,0.012577,172.31.47.0-255,101,149438,96,194318
23930,0.012672,74.125.24.0-255,2902,152340,96,194318
23931,0.012689,74.125.24.0-255,2902,155242,96,194318
23932,0.014409,172.31.47.0-255,66,155308,96,194318
23933,0.014841,74.125.24.0-255,66,155374,96,194318
23934,0.016695,74.125.24.0-255,2902,158276,96,194318
23935,0.016701,172.31.47.0-255,66,158342,96,194318
23936,0.016735,74.125.24.0-255,2902,161244,96,194318
23937,0.016749,172.31.47.0-255,66,161310,96,194318
23938,0.018975,74.125.24.0-255,2902,164212,96,194318
23939,0.018981,172.31.47.0-255,66,164278,96,194318
23940,0.019007,74.125.24.0-255,2902,167180,96,194318
23941,0.019233,172.31.47.0-255,66,167246,96,194318
23942,0.021276,74.125.24.0-255,2902,170148,96,194318
23943,0.021283,172.31.47.0-255,66,170214,96,194318
23944,0.021517,74.125.24.0-255,2902,173116,96,194318
23945,0.021523,172.31.47.0-255,66,173182,96,194318
23946,0.022789,172.31.47.0-255,172,173354,96,194318
23947,0.022815,172.31.47.0-255,1109,174463,96,194318
23948,0.022848,172.31.47.0-255,1514,175977,96,194318
23949,0.02285,172.31.47.0-255,335,176312,96,194318
23950,0.023564,74.125.24.0-255,2902,179214,96,194318
23951,0.023569,172.31.47.0-255,66,179280,96,194318
23952,0.023794,74.125.24.0-255,2902,182182,96,194318
23953,0.023799,172.31.47.0-255,66,182248,96,194318
23954,0.024353,104.244.42.0-255,66,182314,96,194318
23955,0.024359,104.244.42.0-255,66,182380,96,194318
23956,0.024403,104.244.42.0-255,66,182446,96,194318
23957,0.025851,74.125.24.0-255,2902,185348,96,194318
23958,0.025855,172.31.47.0-255,66,185414,96,194318
23959,0.026077,74.125.24.0-255,2902,188316,96,194318
23960,0.026082,172.31.47.0-255,66,188382,96,194318
23961,0.028121,74.125.24.0-255,2902,191284,96,194318
23962,0.028125,172.31.47.0-255,66,191350,96,194318
23963,0.028382,74.125.24.0-255,2902,194252,96,194318
23964,0.028387,172.31.47.0-255,66,194318,96,194318
23965,0.0,74.125.24.0-255,145,145,96,265597
23966,1.5e-05,172.31.47.0-255,66,211,96,265597
23967,2.2e-05,74.125.24.0-255,1484,1695,96,265597
23968,2.6e-05,172.31.47.0-255,66,1761,96,265597
23969,3.2e-05,74.125.24.0-255,2902,4663,96,265597
23970,3.5e-05,172.31.47.0-255,66,4729,96,265597
23971,3.9e-05,74.125.24.0-255,1484,6213,96,265597
23972,4.7e-05,172.31.47.0-255,66,6279,96,265597
23973,5.5e-05,74.125.24.0-255,5738,12017,96,265597
23974,5.7e-05,172.31.47.0-255,66,12083,96,265597
23975,7.3e-05,74.125.24.0-255,2161,14244,96,265597
23976,8.1e-05,172.31.47.0-255,66,14310,96,265597
23977,0.000302,74.125.24.0-255,1484,15794,96,265597
23978,0.000308,172.31.47.0-255,66,15860,96,265597
23979,0.000314,74.125.24.0-255,2902,18762,96,265597
23980,0.000316,172.31.47.0-255,66,18828,96,265597
23981,0.000351,74.125.24.0-255,5738,24566,96,265597
23982,0.000354,172.31.47.0-255,66,24632,96,265597
23983,0.000362,74.125.24.0-255,6797,31429,96,265597
23984,0.000364,172.31.47.0-255,66,31495,96,265597
23985,0.000391,74.125.24.0-255,5738,37233,96,265597
23986,0.000393,172.31.47.0-255,66,37299,96,265597
23987,0.000431,172.31.47.0-255,66,37365,96,265597
23988,0.000436,74.125.24.0-255,2543,39908,96,265597
23989,0.000438,172.31.47.0-255,66,39974,96,265597
23990,0.000476,172.31.47.0-255,66,40040,96,265597
23991,0.000516,74.125.24.0-255,5738,45778,96,265597
23992,0.000521,172.31.47.0-255,66,45844,96,265597
23993,0.000526,74.125.24.0-255,2837,48681,96,265597
23994,0.000528,172.31.47.0-255,66,48747,96,265597
23995,0.000531,74.125.24.0-255,135,48882,96,265597
23996,0.000539,172.31.47.0-255,66,48948,96,265597
23997,0.000648,74.125.24.0-255,344,49292,96,265597
23998,0.000652,172.31.47.0-255,66,49358,96,265597
23999,0.000906,74.125.24.0-255,1484,50842,96,265597
24000,0.000912,172.31.47.0-255,66,50908,96,265597
24001,0.000918,74.125.24.0-255,2902,53810,96,265597
24002,0.00092,172.31.47.0-255,66,53876,96,265597
24003,0.000932,74.125.24.0-255,5738,59614,96,265597
24004,0.000934,172.31.47.0-255,66,59680,96,265597
24005,0.000969,74.125.24.0-255,6797,66477,96,265597
24006,0.000972,172.31.47.0-255,66,66543,96,265597
24007,0.001474,74.125.24.0-255,1484,68027,96,265597
24008,0.001478,172.31.47.0-255,66,68093,96,265597
24009,0.001483,74.125.24.0-255,2902,70995,96,265597
24010,0.001485,172.31.47.0-255,66,71061,96,265597
24011,0.001516,74.125.24.0-255,5738,76799,96,265597
24012,0.001518,172.31.47.0-255,66,76865,96,265597
24013,0.001531,74.125.24.0-255,4320,81185,96,265597
24014,0.001537,172.31.47.0-255,66,81251,96,265597
24015,0.001553,74.125.24.0-255,2543,83794,96,265597
24016,0.001555,172.31.47.0-255,66,83860,96,265597
24017,0.002237,74.125.24.0-255,1484,85344,96,265597
24018,0.002247,74.125.24.0-255,2902,88246,96,265597
24019,0.002251,172.31.47.0-255,66,88312,96,265597
24020,0.002256,74.125.24.0-255,1484,89796,96,265597
24021,0.002278,74.125.24.0-255,4320,94116,96,265597
24022,0.00228,172.31.47.0-255,66,94182,96,265597
24023,0.002286,74.125.24.0-255,5738,99920,96,265597
24024,0.002288,172.31.47.0-255,66,99986,96,265597
24025,0.002299,74.125.24.0-255,7156,107142,96,265597
24026,0.002301,172.31.47.0-255,66,107208,96,265597
24027,0.00234,172.31.47.0-255,66,107274,96,265597
24028,0.002473,74.125.24.0-255,1484,108758,96,265597
24029,0.002485,74.125.24.0-255,2902,111660,96,265597
24030,0.002487,172.31.47.0-255,66,111726,96,265597
24031,0.002513,74.125.24.0-255,5738,117464,96,265597
24032,0.002515,172.31.47.0-255,66,117530,96,265597
24033,0.00252,74.125.24.0-255,4320,121850,96,265597
24034,0.002522,172.31.47.0-255,66,121916,96,265597
24035,0.002558,172.31.47.0-255,66,121982,96,265597
24036,0.002567,172.31.47.0-255,66,122048,96,265597
24037,0.002573,74.125.24.0-255,1484,123532,96,265597
24038,0.002575,74.125.24.0-255,766,124298,96,265597
24039,0.002577,172.31.47.0-255,66,124364,96,265597
24040,0.003003,74.125.24.0-255,1484,125848,96,265597
24041,0.003006,74.125.24.0-255,1484,127332,96,265597
24042,0.003008,172.31.47.0-255,66,127398,96,265597
24043,0.003038,74.125.24.0-255,1484,128882,96,265597
24044,0.003045,74.125.24.0-255,5738,134620,96,265597
24045,0.003049,74.125.24.0-255,2902,137522,96,265597
24046,0.003079,74.125.24.0-255,1484,139006,96,265597
24047,0.003103,74.125.24.0-255,2902,141908,96,265597
24048,0.003117,74.125.24.0-255,6438,148346,96,265597
24049,0.003412,74.125.24.0-255,1484,149830,96,265597
24050,0.003428,74.125.24.0-255,2902,152732,96,265597
24051,0.003449,74.125.24.0-255,5738,158470,96,265597
24052,0.003476,74.125.24.0-255,2902,161372,96,265597
24053,0.003533,74.125.24.0-255,2902,164274,96,265597
24054,0.003859,74.125.24.0-255,1484,165758,96,265597
24055,0.003869,74.125.24.0-255,1484,167242,96,265597
24056,0.00388,74.125.24.0-255,1484,168726,96,265597
24057,0.003895,74.125.24.0-255,5738,174464,96,265597
24058,0.003957,74.125.24.0-255,1484,175948,96,265597
24059,0.004013,74.125.24.0-255,1484,177432,96,265597
24060,0.004032,74.125.24.0-255,2902,180334,96,265597
24061,0.004038,74.125.24.0-255,5738,186072,96,265597
24062,0.004049,74.125.24.0-255,1484,187556,96,265597
24063,0.004099,74.125.24.0-255,4320,191876,96,265597
24064,0.004116,74.125.24.0-255,6438,198314,96,265597
24065,0.004151,74.125.24.0-255,1484,199798,96,265597
24066,0.004153,74.125.24.0-255,1484,201282,96,265597
24067,0.004166,74.125.24.0-255,1484,202766,96,265597
24068,0.004179,74.125.24.0-255,5738,208504,96,265597
24069,0.004198,74.125.24.0-255,2902,211406,96,265597
24070,0.00423,74.125.24.0-255,2902,214308,96,265597
24071,0.004447,74.125.24.0-255,1484,215792,96,265597
24072,0.004461,74.125.24.0-255,2902,218694,96,265597
24073,0.004483,74.125.24.0-255,5738,224432,96,265597
24074,0.004495,74.125.24.0-255,4320,228752,96,265597
24075,0.004546,74.125.24.0-255,4320,233072,96,265597
24076,0.004549,74.125.24.0-255,1484,234556,96,265597
24077,0.004566,74.125.24.0-255,5020,239576,96,265597
24078,0.004582,74.125.24.0-255,2902,242478,96,265597
24079,0.004605,74.125.24.0-255,2902,245380,96,265597
24080,0.004611,74.125.24.0-255,5738,251118,96,265597
24081,0.004616,74.125.24.0-255,5738,256856,96,265597
24082,0.00464,74.125.24.0-255,2902,259758,96,265597
24083,0.00468,74.125.24.0-255,5431,265189,96,265597
24084,0.004698,172.31.47.0-255,66,265255,96,265597
24085,0.004714,74.125.24.0-255,105,265360,96,265597
24086,0.006867,172.31.47.0-255,66,265426,96,265597
24087,0.0069,172.31.47.0-255,105,265531,96,265597
24088,0.009129,74.125.24.0-255,66,265597,96,265597
24089,0.0,172.253.118.0-255,160,160,96,240708
24090,3.1e-05,172.31.47.0-255,66,226,96,240708
24091,6.2e-05,172.253.118.0-255,1484,1710,96,240708
24092,6.6e-05,172.31.47.0-255,66,1776,96,240708
24093,6.9e-05,172.253.118.0-255,1484,3260,96,240708
24094,7.2e-05,172.31.47.0-255,66,3326,96,240708
24095,7.8e-05,172.253.118.0-255,4320,7646,96,240708
24096,8.1e-05,172.31.47.0-255,66,7712,96,240708
24097,0.000116,172.253.118.0-255,6428,14140,96,240708
24098,0.000119,172.31.47.0-255,66,14206,96,240708
24099,0.000251,172.253.118.0-255,1484,15690,96,240708
24100,0.000255,172.31.47.0-255,66,15756,96,240708
24101,0.00026,172.253.118.0-255,2902,18658,96,240708
24102,0.000263,172.31.47.0-255,66,18724,96,240708
24103,0.000284,172.253.118.0-255,5738,24462,96,240708
24104,0.000287,172.31.47.0-255,66,24528,96,240708
24105,0.000326,172.31.47.0-255,66,24594,96,240708
24106,0.000362,172.31.47.0-255,66,24660,96,240708
24107,0.000364,172.253.118.0-255,1484,26144,96,240708
24108,0.000368,172.31.47.0-255,66,26210,96,240708
24109,0.000402,172.31.47.0-255,66,26276,96,240708
24110,0.000428,172.253.118.0-255,3602,29878,96,240708
24111,0.000431,172.31.47.0-255,66,29944,96,240708
24112,0.000736,172.253.118.0-255,400,30344,96,240708
24113,0.000741,172.31.47.0-255,66,30410,96,240708
24114,0.000793,172.253.118.0-255,110,30520,96,240708
24115,0.000796,172.31.47.0-255,66,30586,96,240708
24116,0.000892,172.253.118.0-255,1484,32070,96,240708
24117,0.000896,172.31.47.0-255,66,32136,96,240708
24118,0.000903,172.253.118.0-255,2902,35038,96,240708
24119,0.000905,172.31.47.0-255,66,35104,96,240708
24120,0.000917,172.253.118.0-255,5738,40842,96,240708
24121,0.000919,172.31.47.0-255,66,40908,96,240708
24122,0.000921,172.253.118.0-255,1484,42392,96,240708
24123,0.000944,172.253.118.0-255,2902,45294,96,240708
24124,0.000946,172.31.47.0-255,66,45360,96,240708
24125,0.000952,172.253.118.0-255,7156,52516,96,240708
24126,0.000954,172.31.47.0-255,66,52582,96,240708
24127,0.000977,172.253.118.0-255,4320,56902,96,240708
24128,0.00098,172.31.47.0-255,66,56968,96,240708
24129,0.00099,172.31.47.0-255,66,57034,96,240708
24130,0.001034,172.253.118.0-255,332,57366,96,240708
24131,0.001314,172.253.118.0-255,1484,58850,96,240708
24132,0.00132,172.31.47.0-255,66,58916,96,240708
24133,0.001326,172.253.118.0-255,2902,61818,96,240708
24134,0.001328,172.31.47.0-255,66,61884,96,240708
24135,0.001334,172.253.118.0-255,5738,67622,96,240708
24136,0.001342,172.31.47.0-255,66,67688,96,240708
24137,0.001349,172.253.118.0-255,7156,74844,96,240708
24138,0.001351,172.31.47.0-255,66,74910,96,240708
24139,0.001389,172.31.47.0-255,66,74976,96,240708
24140,0.001413,172.253.118.0-255,2902,77878,96,240708
24141,0.001416,172.31.47.0-255,66,77944,96,240708
24142,0.001435,172.253.118.0-255,2184,80128,96,240708
24143,0.001437,172.31.47.0-255,66,80194,96,240708
24144,0.001472,172.253.118.0-255,2902,83096,96,240708
24145,0.001474,172.31.47.0-255,66,83162,96,240708
24146,0.001494,172.253.118.0-255,2902,86064,96,240708
24147,0.001496,172.31.47.0-255,66,86130,96,240708
24148,0.001522,172.253.118.0-255,7156,93286,96,240708
24149,0.001524,172.31.47.0-255,66,93352,96,240708
24150,0.001545,172.31.47.0-255,66,93418,96,240708
24151,0.001563,172.253.118.0-255,5738,99156,96,240708
24152,0.001565,172.31.47.0-255,66,99222,96,240708
24153,0.001587,172.253.118.0-255,5738,104960,96,240708
24154,0.001589,172.31.47.0-255,66,105026,96,240708
24155,0.001609,172.253.118.0-255,766,105792,96,240708
24156,0.001633,172.253.118.0-255,1484,107276,96,240708
24157,0.001635,172.31.47.0-255,66,107342,96,240708
24158,0.001652,172.253.118.0-255,2902,110244,96,240708
24159,0.001654,172.31.47.0-255,66,110310,96,240708
24160,0.001659,172.253.118.0-255,5738,116048,96,240708
24161,0.001661,172.31.47.0-255,66,116114,96,240708
24162,0.001663,172.253.118.0-255,1484,117598,96,240708
24163,0.001706,172.31.47.0-255,66,117664,96,240708
24164,0.001711,172.253.118.0-255,4320,121984,96,240708
24165,0.001713,172.31.47.0-255,66,122050,96,240708
24166,0.001758,172.31.47.0-255,66,122116,96,240708
24167,0.00179,172.253.118.0-255,1484,123600,96,240708
24168,0.0018,172.253.118.0-255,2902,126502,96,240708
24169,0.001802,172.31.47.0-255,66,126568,96,240708
24170,0.001804,172.253.118.0-255,1484,128052,96,240708
24171,0.001821,172.253.118.0-255,4320,132372,96,240708
24172,0.001823,172.31.47.0-255,66,132438,96,240708
24173,0.001844,172.253.118.0-255,2902,135340,96,240708
24174,0.001845,172.31.47.0-255,66,135406,96,240708
24175,0.00185,172.253.118.0-255,4320,139726,96,240708
24176,0.001852,172.31.47.0-255,66,139792,96,240708
24177,0.00188,172.31.47.0-255,66,139858,96,240708
24178,0.001915,172.31.47.0-255,66,139924,96,240708
24179,0.001976,172.253.118.0-255,1484,141408,96,240708
24180,0.001979,172.253.118.0-255,1484,142892,96,240708
24181,0.001981,172.31.47.0-255,66,142958,96,240708
24182,0.001995,172.253.118.0-255,1484,144442,96,240708
24183,0.002001,172.253.118.0-255,5738,150180,96,240708
24184,0.002003,172.31.47.0-255,66,150246,96,240708
24185,0.002062,172.31.47.0-255,66,150312,96,240708
24186,0.002077,172.31.47.0-255,66,150378,96,240708
24187,0.002114,172.253.118.0-255,1484,151862,96,240708
24188,0.002125,172.253.118.0-255,2902,154764,96,240708
24189,0.002127,172.31.47.0-255,66,154830,96,240708
24190,0.002138,172.253.118.0-255,1484,156314,96,240708
24191,0.002159,172.253.118.0-255,4320,160634,96,240708
24192,0.002161,172.31.47.0-255,66,160700,96,240708
24193,0.002167,172.253.118.0-255,7156,167856,96,240708
24194,0.002168,172.31.47.0-255,66,167922,96,240708
24195,0.002231,172.31.47.0-255,66,167988,96,240708
24196,0.002234,172.253.118.0-255,2184,170172,96,240708
24197,0.002236,172.31.47.0-255,66,170238,96,240708
24198,0.002531,172.253.118.0-255,1484,171722,96,240708
24199,0.002543,172.253.118.0-255,1484,173206,96,240708
24200,0.002545,172.31.47.0-255,66,173272,96,240708
24201,0.002567,172.253.118.0-255,1484,174756,96,240708
24202,0.002572,172.253.118.0-255,5738,180494,96,240708
24203,0.002574,172.31.47.0-255,66,180560,96,240708
24204,0.002604,172.31.47.0-255,66,180626,96,240708
24205,0.002607,172.253.118.0-255,1484,182110,96,240708
24206,0.005159,172.253.118.0-255,4320,186430,96,240708
24207,0.005165,172.31.47.0-255,66,186496,96,240708
24208,0.007722,172.253.118.0-255,4320,190816,96,240708
24209,0.007727,172.31.47.0-255,66,190882,96,240708
24210,0.007746,172.253.118.0-255,1484,192366,96,240708
24211,0.010281,172.253.118.0-255,4320,196686,96,240708
24212,0.010293,172.31.47.0-255,66,196752,96,240708
24213,0.012863,172.253.118.0-255,5738,202490,96,240708
24214,0.012871,172.31.47.0-255,66,202556,96,240708
24215,0.015427,172.253.118.0-255,5738,208294,96,240708
24216,0.015436,172.31.47.0-255,66,208360,96,240708
24217,0.018011,172.253.118.0-255,5738,214098,96,240708
24218,0.018017,172.31.47.0-255,66,214164,96,240708
24219,0.020578,172.253.118.0-255,5738,219902,96,240708
24220,0.020583,172.31.47.0-255,66,219968,96,240708
24221,0.022766,172.31.47.0-255,172,220140,96,240708
24222,0.022795,172.31.47.0-255,1109,221249,96,240708
24223,0.02283,172.31.47.0-255,1514,222763,96,240708
24224,0.022831,172.31.47.0-255,335,223098,96,240708
24225,0.023135,172.253.118.0-255,5738,228836,96,240708
24226,0.023141,172.31.47.0-255,66,228902,96,240708
24227,0.024237,104.244.42.0-255,66,228968,96,240708
24228,0.024264,104.244.42.0-255,66,229034,96,240708
24229,0.024311,104.244.42.0-255,66,229100,96,240708
24230,0.025704,172.253.118.0-255,5738,234838,96,240708
24231,0.025711,172.31.47.0-255,66,234904,96,240708
24232,0.028271,172.253.118.0-255,5738,240642,96,240708
24233,0.028276,172.31.47.0-255,66,240708,96,240708
24234,0.0,74.125.200.0-255,297,297,96,341127
24235,2.7e-05,172.31.47.0-255,66,363,96,341127
24236,3.3e-05,74.125.200.0-255,1484,1847,96,341127
24237,3.6e-05,172.31.47.0-255,66,1913,96,341127
24238,4e-05,74.125.200.0-255,2902,4815,96,341127
24239,4.3e-05,172.31.47.0-255,66,4881,96,341127
24240,5.4e-05,74.125.200.0-255,5738,10619,96,341127
24241,5.6e-05,172.31.47.0-255,66,10685,96,341127
24242,5.8e-05,74.125.200.0-255,1484,12169,96,341127
24243,5.9e-05,172.31.47.0-255,66,12235,96,341127
24244,8.2e-05,74.125.200.0-255,1484,13719,96,341127
24245,8.7e-05,172.31.47.0-255,66,13785,96,341127
24246,0.000109,74.125.200.0-255,531,14316,96,341127
24247,0.00011,172.31.47.0-255,66,14382,96,341127
24248,0.000231,74.125.200.0-255,1484,15866,96,341127
24249,0.000236,172.31.47.0-255,66,15932,96,341127
24250,0.000241,74.125.200.0-255,2902,18834,96,341127
24251,0.000243,172.31.47.0-255,66,18900,96,341127
24252,0.00029,74.125.200.0-255,1484,20384,96,341127
24253,0.000292,172.31.47.0-255,66,20450,96,341127
24254,0.000319,74.125.200.0-255,4320,24770,96,341127
24255,0.000322,172.31.47.0-255,66,24836,96,341127
24256,0.000329,74.125.200.0-255,6797,31633,96,341127
24257,0.000331,172.31.47.0-255,66,31699,96,341127
24258,0.000406,74.125.200.0-255,1484,33183,96,341127
24259,0.00041,172.31.47.0-255,66,33249,96,341127
24260,0.000414,74.125.200.0-255,1484,34733,96,341127
24261,0.000415,172.31.47.0-255,66,34799,96,341127
24262,0.000458,74.125.200.0-255,2902,37701,96,341127
24263,0.000462,172.31.47.0-255,66,37767,96,341127
24264,0.000468,74.125.200.0-255,5738,43505,96,341127
24265,0.00047,172.31.47.0-255,66,43571,96,341127
24266,0.000475,74.125.200.0-255,5379,48950,96,341127
24267,0.000477,172.31.47.0-255,66,49016,96,341127
24268,0.001198,74.125.200.0-255,1484,50500,96,341127
24269,0.001206,74.125.200.0-255,2902,53402,96,341127
24270,0.001209,172.31.47.0-255,66,53468,96,341127
24271,0.001215,74.125.200.0-255,2902,56370,96,341127
24272,0.001217,172.31.47.0-255,66,56436,96,341127
24273,0.001241,74.125.200.0-255,1484,57920,96,341127
24274,0.001251,74.125.200.0-255,5738,63658,96,341127
24275,0.001253,172.31.47.0-255,66,63724,96,341127
24276,0.001283,74.125.200.0-255,3124,66848,96,341127
24277,0.001286,172.31.47.0-255,66,66914,96,341127
24278,0.001353,74.125.200.0-255,1484,68398,96,341127
24279,0.001369,74.125.200.0-255,2902,71300,96,341127
24280,0.001372,172.31.47.0-255,66,71366,96,341127
24281,0.001376,74.125.200.0-255,2902,74268,96,341127
24282,0.001378,172.31.47.0-255,66,74334,96,341127
24283,0.001396,74.125.200.0-255,1484,75818,96,341127
24284,0.001441,74.125.200.0-255,4320,80138,96,341127
24285,0.001445,172.31.47.0-255,66,80204,96,341127
24286,0.001476,74.125.200.0-255,3961,84165,96,341127
24287,0.001479,172.31.47.0-255,66,84231,96,341127
24288,0.001538,74.125.200.0-255,1484,85715,96,341127
24289,0.001575,74.125.200.0-255,2902,88617,96,341127
24290,0.00158,172.31.47.0-255,66,88683,96,341127
24291,0.001606,74.125.200.0-255,4320,93003,96,341127
24292,0.001609,172.31.47.0-255,66,93069,96,341127
24293,0.001638,74.125.200.0-255,7156,100225,96,341127
24294,0.001641,172.31.47.0-255,66,100291,96,341127
24295,0.001665,74.125.200.0-255,1125,101416,96,341127
24296,0.001924,74.125.200.0-255,1484,102900,96,341127
24297,0.001929,172.31.47.0-255,66,102966,96,341127
24298,0.001934,74.125.200.0-255,2902,105868,96,341127
24299,0.001937,172.31.47.0-255,66,105934,96,341127
24300,0.001941,74.125.200.0-255,2902,108836,96,341127
24301,0.001943,172.31.47.0-255,66,108902,96,341127
24302,0.001966,74.125.200.0-255,2902,111804,96,341127
24303,0.001978,172.31.47.0-255,66,111870,96,341127
24304,0.001985,74.125.200.0-255,5738,117608,96,341127
24305,0.001987,172.31.47.0-255,66,117674,96,341127
24306,0.002017,74.125.200.0-255,2902,120576,96,341127
24307,0.002019,172.31.47.0-255,66,120642,96,341127
24308,0.002029,172.31.47.0-255,66,120708,96,341127
24309,0.002039,74.125.200.0-255,5020,125728,96,341127
24310,0.002041,172.31.47.0-255,66,125794,96,341127
24311,0.002366,74.125.200.0-255,1484,127278,96,341127
24312,0.002371,74.125.200.0-255,2902,130180,96,341127
24313,0.002374,172.31.47.0-255,66,130246,96,341127
24314,0.002403,74.125.200.0-255,5738,135984,96,341127
24315,0.002406,172.31.47.0-255,66,136050,96,341127
24316,0.002408,74.125.200.0-255,1484,137534,96,341127
24317,0.002434,74.125.200.0-255,7156,144690,96,341127
24318,0.002436,172.31.47.0-255,66,144756,96,341127
24319,0.002463,74.125.200.0-255,4320,149076,96,341127
24320,0.002465,172.31.47.0-255,66,149142,96,341127
24321,0.002474,172.31.47.0-255,66,149208,96,341127
24322,0.002476,74.125.200.0-255,766,149974,96,341127
24323,0.002683,74.125.200.0-255,1484,151458,96,341127
24324,0.002687,172.31.47.0-255,66,151524,96,341127
24325,0.002691,74.125.200.0-255,1484,153008,96,341127
24326,0.002711,74.125.200.0-255,1484,154492,96,341127
24327,0.002713,172.31.47.0-255,66,154558,96,341127
24328,0.002719,74.125.200.0-255,5738,160296,96,341127
24329,0.00272,172.31.47.0-255,66,160362,96,341127
24330,0.002747,172.31.47.0-255,66,160428,96,341127
24331,0.002771,74.125.200.0-255,7156,167584,96,341127
24332,0.002773,172.31.47.0-255,66,167650,96,341127
24333,0.002796,74.125.200.0-255,2902,170552,96,341127
24334,0.002798,172.31.47.0-255,66,170618,96,341127
24335,0.002803,74.125.200.0-255,5020,175638,96,341127
24336,0.002805,172.31.47.0-255,66,175704,96,341127
24337,0.00299,74.125.200.0-255,1484,177188,96,341127
24338,0.003009,74.125.200.0-255,2902,180090,96,341127
24339,0.003012,172.31.47.0-255,66,180156,96,341127
24340,0.003018,74.125.200.0-255,5738,185894,96,341127
24341,0.003019,172.31.47.0-255,66,185960,96,341127
24342,0.003047,74.125.200.0-255,5738,191698,96,341127
24343,0.003049,172.31.47.0-255,66,191764,96,341127
24344,0.003055,74.125.200.0-255,7156,198920,96,341127
24345,0.003057,172.31.47.0-255,66,198986,96,341127
24346,0.003084,74.125.200.0-255,2902,201888,96,341127
24347,0.003086,172.31.47.0-255,66,201954,96,341127
24348,0.003117,172.31.47.0-255,66,202020,96,341127
24349,0.003459,74.125.200.0-255,1484,203504,96,341127
24350,0.003477,74.125.200.0-255,2902,206406,96,341127
24351,0.00348,172.31.47.0-255,66,206472,96,341127
24352,0.003507,74.125.200.0-255,5738,212210,96,341127
24353,0.003509,172.31.47.0-255,66,212276,96,341127
24354,0.003518,74.125.200.0-255,4320,216596,96,341127
24355,0.003519,172.31.47.0-255,66,216662,96,341127
24356,0.003528,74.125.200.0-255,5738,222400,96,341127
24357,0.00353,172.31.47.0-255,66,222466,96,341127
24358,0.003566,172.31.47.0-255,66,222532,96,341127
24359,0.003569,74.125.200.0-255,2184,224716,96,341127
24360,0.00357,172.31.47.0-255,66,224782,96,341127
24361,0.003793,74.125.200.0-255,1484,226266,96,341127
24362,0.003797,74.125.200.0-255,1484,227750,96,341127
24363,0.0038,172.31.47.0-255,66,227816,96,341127
24364,0.003817,74.125.200.0-255,2902,230718,96,341127
24365,0.003819,172.31.47.0-255,66,230784,96,341127
24366,0.003822,74.125.200.0-255,1484,232268,96,341127
24367,0.003846,74.125.200.0-255,4320,236588,96,341127
24368,0.003848,172.31.47.0-255,66,236654,96,341127
24369,0.00386,74.125.200.0-255,4320,240974,96,341127
24370,0.003865,172.31.47.0-255,66,241040,96,341127
24371,0.003891,74.125.200.0-255,5738,246778,96,341127
24372,0.003894,172.31.47.0-255,66,246844,96,341127
24373,0.003903,172.31.47.0-255,66,246910,96,341127
24374,0.00392,74.125.200.0-255,2902,249812,96,341127
24375,0.003922,172.31.47.0-255,66,249878,96,341127
24376,0.003924,74.125.200.0-255,766,250644,96,341127
24377,0.004328,74.125.200.0-255,1484,252128,96,341127
24378,0.004333,172.31.47.0-255,66,252194,96,341127
24379,0.004338,74.125.200.0-255,2902,255096,96,341127
24380,0.00434,172.31.47.0-255,66,255162,96,341127
24381,0.004344,74.125.200.0-255,1484,256646,96,341127
24382,0.004367,74.125.200.0-255,2902,259548,96,341127
24383,0.004369,172.31.47.0-255,66,259614,96,341127
24384,0.004399,74.125.200.0-255,5738,265352,96,341127
24385,0.004402,172.31.47.0-255,66,265418,96,341127
24386,0.004427,172.31.47.0-255,66,265484,96,341127
24387,0.00443,74.125.200.0-255,1484,266968,96,341127
24388,0.004472,74.125.200.0-255,7156,274124,96,341127
24389,0.004476,172.31.47.0-255,66,274190,96,341127
24390,0.0045,74.125.200.0-255,2184,276374,96,341127
24391,0.004502,172.31.47.0-255,66,276440,96,341127
24392,0.004779,74.125.200.0-255,1484,277924,96,341127
24393,0.0048,74.125.200.0-255,2902,280826,96,341127
24394,0.004802,172.31.47.0-255,66,280892,96,341127
24395,0.004805,74.125.200.0-255,1484,282376,96,341127
24396,0.004831,74.125.200.0-255,2902,285278,96,341127
24397,0.004833,172.31.47.0-255,66,285344,96,341127
24398,0.004839,74.125.200.0-255,5738,291082,96,341127
24399,0.004841,172.31.47.0-255,66,291148,96,341127
24400,0.004856,74.125.200.0-255,2902,294050,96,341127
24401,0.004858,172.31.47.0-255,66,294116,96,341127
24402,0.004896,172.31.47.0-255,66,294182,96,341127
24403,0.004901,74.125.200.0-255,4320,298502,96,341127
24404,0.004903,172.31.47.0-255,66,298568,96,341127
24405,0.00493,74.125.200.0-255,3602,302170,96,341127
24406,0.004932,172.31.47.0-255,66,302236,96,341127
24407,0.005291,74.125.200.0-255,1484,303720,96,341127
24408,0.005297,74.125.200.0-255,2902,306622,96,341127
24409,0.0053,172.31.47.0-255,66,306688,96,341127
24410,0.005322,74.125.200.0-255,4320,311008,96,341127
24411,0.005325,172.31.47.0-255,66,311074,96,341127
24412,0.005337,74.125.200.0-255,1484,312558,96,341127
24413,0.005346,74.125.200.0-255,4320,316878,96,341127
24414,0.00535,172.31.47.0-255,66,316944,96,341127
24415,0.005386,74.125.200.0-255,4320,321264,96,341127
24416,0.00539,172.31.47.0-255,66,321330,96,341127
24417,0.005422,74.125.200.0-255,1484,322814,96,341127
24418,0.005435,172.31.47.0-255,66,322880,96,341127
24419,0.005438,74.125.200.0-255,2184,325064,96,341127
24420,0.00544,172.31.47.0-255,66,325130,96,341127
24421,0.005566,74.125.200.0-255,1484,326614,96,341127
24422,0.005572,74.125.200.0-255,1484,328098,96,341127
24423,0.005577,172.31.47.0-255,66,328164,96,341127
24424,0.005608,74.125.200.0-255,2902,331066,96,341127
24425,0.005611,172.31.47.0-255,66,331132,96,341127
24426,0.005617,74.125.200.0-255,5738,336870,96,341127
24427,0.005619,172.31.47.0-255,66,336936,96,341127
24428,0.005649,74.125.200.0-255,3495,340431,96,341127
24429,0.005651,172.31.47.0-255,66,340497,96,341127
24430,0.005713,74.125.200.0-255,105,340602,96,341127
24431,0.018001,172.31.47.0-255,105,340707,96,341127
24432,0.018232,172.31.47.0-255,90,340797,96,341127
24433,0.018245,172.31.47.0-255,66,340863,96,341127
24434,0.020006,74.125.200.0-255,66,340929,96,341127
24435,0.020196,74.125.200.0-255,66,340995,96,341127
24436,0.020228,74.125.200.0-255,66,341061,96,341127
24437,0.020242,172.31.47.0-255,66,341127,96,341127
24438,0.0,172.217.194.0-255,153,153,96,207787
24439,1.2e-05,172.31.47.0-255,66,219,96,207787
24440,1.8e-05,172.217.194.0-255,1484,1703,96,207787
24441,2.2e-05,172.31.47.0-255,66,1769,96,207787
24442,5.1e-05,172.217.194.0-255,2902,4671,96,207787
24443,5.4e-05,172.31.47.0-255,66,4737,96,207787
24444,6e-05,172.217.194.0-255,4320,9057,96,207787
24445,6.2e-05,172.31.47.0-255,66,9123,96,207787
24446,0.000108,172.217.194.0-255,5047,14170,96,207787
24447,0.00011,172.31.47.0-255,66,14236,96,207787
24448,0.000134,172.217.194.0-255,5738,19974,96,207787
24449,0.000137,172.31.47.0-255,66,20040,96,207787
24450,0.000155,172.217.194.0-255,5738,25778,96,207787
24451,0.000157,172.31.47.0-255,66,25844,96,207787
24452,0.000209,172.217.194.0-255,1484,27328,96,207787
24453,0.000211,172.31.47.0-255,66,27394,96,207787
24454,0.000238,172.217.194.0-255,3961,31355,96,207787
24455,0.00024,172.31.47.0-255,66,31421,96,207787
24456,0.000258,172.217.194.0-255,1484,32905,96,207787
24457,0.00026,172.31.47.0-255,66,32971,96,207787
24458,0.000264,172.217.194.0-255,2902,35873,96,207787
24459,0.000266,172.31.47.0-255,66,35939,96,207787
24460,0.000271,172.217.194.0-255,4320,40259,96,207787
24461,0.000273,172.31.47.0-255,66,40325,96,207787
24462,0.000298,172.217.194.0-255,1484,41809,96,207787
24463,0.000301,172.31.47.0-255,66,41875,96,207787
24464,0.000307,172.217.194.0-255,5738,47613,96,207787
24465,0.000309,172.31.47.0-255,66,47679,96,207787
24466,0.000337,172.31.47.0-255,66,47745,96,207787
24467,0.00036,172.217.194.0-255,2902,50647,96,207787
24468,0.000362,172.31.47.0-255,66,50713,96,207787
24469,0.000388,172.217.194.0-255,7091,57804,96,207787
24470,0.00039,172.31.47.0-255,66,57870,96,207787
24471,0.000393,172.217.194.0-255,383,58253,96,207787
24472,0.000553,172.217.194.0-255,1484,59737,96,207787
24473,0.000557,172.31.47.0-255,66,59803,96,207787
24474,0.000562,172.217.194.0-255,2902,62705,96,207787
24475,0.000564,172.31.47.0-255,66,62771,96,207787
24476,0.000586,172.217.194.0-255,5738,68509,96,207787
24477,0.000588,172.31.47.0-255,66,68575,96,207787
24478,0.000627,172.31.47.0-255,66,68641,96,207787
24479,0.000637,172.31.47.0-255,66,68707,96,207787
24480,0.00068,172.217.194.0-255,2184,70891,96,207787
24481,0.000682,172.31.47.0-255,66,70957,96,207787
24482,0.000702,172.217.194.0-255,2902,73859,96,207787
24483,0.000704,172.31.47.0-255,66,73925,96,207787
24484,0.000707,172.217.194.0-255,1484,75409,96,207787
24485,0.000729,172.217.194.0-255,2902,78311,96,207787
24486,0.000732,172.31.47.0-255,66,78377,96,207787
24487,0.000741,172.31.47.0-255,66,78443,96,207787
24488,0.000787,172.31.47.0-255,66,78509,96,207787
24489,0.000827,172.217.194.0-255,5738,84247,96,207787
24490,0.00083,172.31.47.0-255,66,84313,96,207787
24491,0.000863,172.217.194.0-255,766,85079,96,207787
24492,0.000872,172.217.194.0-255,7156,92235,96,207787
24493,0.000874,172.31.47.0-255,66,92301,96,207787
24494,0.00088,172.217.194.0-255,5738,98039,96,207787
24495,0.000882,172.31.47.0-255,66,98105,96,207787
24496,0.000886,172.217.194.0-255,2902,101007,96,207787
24497,0.000888,172.31.47.0-255,66,101073,96,207787
24498,0.000927,172.31.47.0-255,66,101139,96,207787
24499,0.000935,172.217.194.0-255,6438,107577,96,207787
24500,0.000937,172.31.47.0-255,66,107643,96,207787
24501,0.000965,172.217.194.0-255,7156,114799,96,207787
24502,0.00097,172.31.47.0-255,66,114865,96,207787
24503,0.000984,172.217.194.0-255,1484,116349,96,207787
24504,0.001019,172.217.194.0-255,7156,123505,96,207787
24505,0.001022,172.31.47.0-255,66,123571,96,207787
24506,0.00103,172.217.194.0-255,7156,130727,96,207787
24507,0.001032,172.31.47.0-255,66,130793,96,207787
24508,0.001072,172.31.47.0-255,66,130859,96,207787
24509,0.001076,172.217.194.0-255,2184,133043,96,207787
24510,0.001078,172.31.47.0-255,66,133109,96,207787
24511,0.001104,172.217.194.0-255,2902,136011,96,207787
24512,0.001108,172.217.194.0-255,2902,138913,96,207787
24513,0.001118,172.31.47.0-255,66,138979,96,207787
24514,0.001126,172.31.47.0-255,66,139045,96,207787
24515,0.001132,172.217.194.0-255,4320,143365,96,207787
24516,0.001134,172.31.47.0-255,66,143431,96,207787
24517,0.001139,172.217.194.0-255,4320,147751,96,207787
24518,0.001141,172.31.47.0-255,66,147817,96,207787
24519,0.001172,172.217.194.0-255,4320,152137,96,207787
24520,0.001174,172.31.47.0-255,66,152203,96,207787
24521,0.001179,172.217.194.0-255,2902,155105,96,207787
24522,0.001181,172.31.47.0-255,66,155171,96,207787
24523,0.001228,172.31.47.0-255,66,155237,96,207787
24524,0.001259,172.217.194.0-255,1484,156721,96,207787
24525,0.001264,172.217.194.0-255,2902,159623,96,207787
24526,0.001266,172.31.47.0-255,66,159689,96,207787
24527,0.001292,172.217.194.0-255,5738,165427,96,207787
24528,0.001295,172.31.47.0-255,66,165493,96,207787
24529,0.0013,172.217.194.0-255,2902,168395,96,207787
24530,0.001302,172.31.47.0-255,66,168461,96,207787
24531,0.001345,172.31.47.0-255,66,168527,96,207787
24532,0.001359,172.31.47.0-255,66,168593,96,207787
24533,0.001394,172.217.194.0-255,1484,170077,96,207787
24534,0.0014,172.217.194.0-255,2902,172979,96,207787
24535,0.001402,172.31.47.0-255,66,173045,96,207787
24536,0.001436,172.217.194.0-255,5738,178783,96,207787
24537,0.001439,172.31.47.0-255,66,178849,96,207787
24538,0.00145,172.31.47.0-255,66,178915,96,207787
24539,0.001518,172.31.47.0-255,66,178981,96,207787
24540,0.001524,172.217.194.0-255,5738,184719,96,207787
24541,0.001526,172.31.47.0-255,66,184785,96,207787
24542,0.001557,172.31.47.0-255,66,184851,96,207787
24543,0.001568,172.31.47.0-255,66,184917,96,207787
24544,0.001625,172.31.47.0-255,66,184983,96,207787
24545,0.00168,172.217.194.0-255,2902,187885,96,207787
24546,0.001686,172.31.47.0-255,66,187951,96,207787
24547,0.001698,172.217.194.0-255,1484,189435,96,207787
24548,0.001709,172.217.194.0-255,5738,195173,96,207787
24549,0.001714,172.217.194.0-255,2902,198075,96,207787
24550,0.001762,172.217.194.0-255,2184,200259,96,207787
24551,0.00177,172.31.47.0-255,66,200325,96,207787
24552,0.001818,172.217.194.0-255,913,201238,96,207787
24553,0.001841,172.217.194.0-255,105,201343,96,207787
24554,0.001851,172.31.47.0-255,66,201409,96,207787
24555,0.009337,172.31.47.0-255,105,201514,96,207787
24556,0.011938,172.217.194.0-255,66,201580,96,207787
24557,0.025656,172.31.47.0-255,172,201752,96,207787
24558,0.02569,172.31.47.0-255,1109,202861,96,207787
24559,0.025756,172.31.47.0-255,1514,204375,96,207787
24560,0.025758,172.31.47.0-255,1514,205889,96,207787
24561,0.025759,172.31.47.0-255,1514,207403,96,207787
24562,0.02576,172.31.47.0-255,120,207523,96,207787
24563,0.027222,104.244.42.0-255,66,207589,96,207787
24564,0.027247,104.244.42.0-255,66,207655,96,207787
24565,0.027298,104.244.42.0-255,66,207721,96,207787
24566,0.027309,104.244.42.0-255,66,207787,96,207787
24567,0.0,74.125.24.0-255,152,152,96,148700
24568,3.6e-05,172.31.47.0-255,66,218,96,148700
24569,4.3e-05,74.125.24.0-255,1484,1702,96,148700
24570,4.8e-05,172.31.47.0-255,66,1768,96,148700
24571,6e-05,74.125.24.0-255,2902,4670,96,148700
24572,6.2e-05,172.31.47.0-255,66,4736,96,148700
24573,7e-05,74.125.24.0-255,7156,11892,96,148700
24574,7.2e-05,172.31.47.0-255,66,11958,96,148700
24575,7.6e-05,74.125.24.0-255,2201,14159,96,148700
24576,7.9e-05,172.31.47.0-255,66,14225,96,148700
24577,9.2e-05,172.31.47.0-255,66,14291,96,148700
24578,0.000113,74.125.24.0-255,1484,15775,96,148700
24579,0.000116,172.31.47.0-255,66,15841,96,148700
24580,0.000148,74.125.24.0-255,3961,19802,96,148700
24581,0.000152,172.31.47.0-255,66,19868,96,148700
24582,0.000156,74.125.24.0-255,2902,22770,96,148700
24583,0.000159,172.31.47.0-255,66,22836,96,148700
24584,0.000164,74.125.24.0-255,4320,27156,96,148700
24585,0.000166,172.31.47.0-255,66,27222,96,148700
24586,0.000171,74.125.24.0-255,5738,32960,96,148700
24587,0.000173,172.31.47.0-255,66,33026,96,148700
24588,0.000196,74.125.24.0-255,2902,35928,96,148700
24589,0.000199,172.31.47.0-255,66,35994,96,148700
24590,0.000206,74.125.24.0-255,5738,41732,96,148700
24591,0.000208,172.31.47.0-255,66,41798,96,148700
24592,0.000253,172.31.47.0-255,66,41864,96,148700
24593,0.000256,74.125.24.0-255,365,42229,96,148700
24594,0.000258,172.31.47.0-255,66,42295,96,148700
24595,0.000294,74.125.24.0-255,131,42426,96,148700
24596,0.000298,172.31.47.0-255,66,42492,96,148700
24597,0.000424,74.125.24.0-255,1484,43976,96,148700
24598,0.000429,74.125.24.0-255,2902,46878,96,148700
24599,0.000433,172.31.47.0-255,66,46944,96,148700
24600,0.000462,74.125.24.0-255,5738,52682,96,148700
24601,0.000465,172.31.47.0-255,66,52748,96,148700
24602,0.000473,74.125.24.0-255,7156,59904,96,148700
24603,0.000476,172.31.47.0-255,66,59970,96,148700
24604,0.0005,74.125.24.0-255,2902,62872,96,148700
24605,0.000503,74.125.24.0-255,1484,64356,96,148700
24606,0.000505,172.31.47.0-255,66,64422,96,148700
24607,0.000545,172.31.47.0-255,66,64488,96,148700
24608,0.000573,74.125.24.0-255,1484,65972,96,148700
24609,0.000578,74.125.24.0-255,2902,68874,96,148700
24610,0.000581,172.31.47.0-255,66,68940,96,148700
24611,0.000588,74.125.24.0-255,5738,74678,96,148700
24612,0.00059,172.31.47.0-255,66,74744,96,148700
24613,0.000598,74.125.24.0-255,1484,76228,96,148700
24614,0.000644,172.31.47.0-255,66,76294,96,148700
24615,0.000648,172.31.47.0-255,66,76360,96,148700
24616,0.000686,74.125.24.0-255,2184,78544,96,148700
24617,0.00069,172.31.47.0-255,66,78610,96,148700
24618,0.000703,172.31.47.0-255,66,78676,96,148700
24619,0.000708,74.125.24.0-255,2902,81578,96,148700
24620,0.00071,172.31.47.0-255,66,81644,96,148700
24621,0.000757,172.31.47.0-255,66,81710,96,148700
24622,0.000771,172.31.47.0-255,66,81776,96,148700
24623,0.000803,74.125.24.0-255,4320,86096,96,148700
24624,0.000808,172.31.47.0-255,66,86162,96,148700
24625,0.000815,172.31.47.0-255,66,86228,96,148700
24626,0.00082,74.125.24.0-255,4320,90548,96,148700
24627,0.000822,172.31.47.0-255,66,90614,96,148700
24628,0.000872,172.31.47.0-255,66,90680,96,148700
24629,0.000883,172.31.47.0-255,66,90746,96,148700
24630,0.000954,74.125.24.0-255,2902,93648,96,148700
24631,0.000958,172.31.47.0-255,66,93714,96,148700
24632,0.000964,74.125.24.0-255,4320,98034,96,148700
24633,0.000966,172.31.47.0-255,66,98100,96,148700
24634,0.000976,172.31.47.0-255,66,98166,96,148700
24635,0.000992,172.31.47.0-255,66,98232,96,148700
24636,0.001028,172.31.47.0-255,66,98298,96,148700
24637,0.00103,74.125.24.0-255,1484,99782,96,148700
24638,0.001035,74.125.24.0-255,2902,102684,96,148700
24639,0.001037,172.31.47.0-255,66,102750,96,148700
24640,0.001043,74.125.24.0-255,5738,108488,96,148700
24641,0.001045,172.31.47.0-255,66,108554,96,148700
24642,0.001092,172.31.47.0-255,66,108620,96,148700
24643,0.001099,74.125.24.0-255,7156,115776,96,148700
24644,0.001101,172.31.47.0-255,66,115842,96,148700
24645,0.001142,172.31.47.0-255,66,115908,96,148700
24646,0.001166,172.31.47.0-255,66,115974,96,148700
24647,0.001169,74.125.24.0-255,1484,117458,96,148700
24648,0.001211,172.31.47.0-255,66,117524,96,148700
24649,0.001267,74.125.24.0-255,1484,119008,96,148700
24650,0.001284,74.125.24.0-255,2902,121910,96,148700
24651,0.001287,172.31.47.0-255,66,121976,96,148700
24652,0.001293,74.125.24.0-255,5738,127714,96,148700
24653,0.001296,172.31.47.0-255,66,127780,96,148700
24654,0.001326,74.125.24.0-255,7156,134936,96,148700
24655,0.001329,172.31.47.0-255,66,135002,96,148700
24656,0.001358,74.125.24.0-255,5738,140740,96,148700
24657,0.001361,172.31.47.0-255,66,140806,96,148700
24658,0.001367,74.125.24.0-255,7156,147962,96,148700
24659,0.00137,172.31.47.0-255,66,148028,96,148700
24660,0.001391,172.31.47.0-255,66,148094,96,148700
24661,0.001433,172.31.47.0-255,66,148160,96,148700
24662,0.001444,172.31.47.0-255,66,148226,96,148700
24663,0.001455,172.31.47.0-255,66,148292,96,148700
24664,0.001494,172.31.47.0-255,66,148358,96,148700
24665,0.001498,74.125.24.0-255,105,148463,96,148700
24666,0.003277,172.31.47.0-255,66,148529,96,148700
24667,0.003301,172.31.47.0-255,105,148634,96,148700
24668,0.005568,74.125.24.0-255,66,148700,96,148700
24669,0.0,74.125.24.0-255,153,153,96,296972
24670,2.4e-05,172.31.47.0-255,66,219,96,296972
24671,3e-05,74.125.24.0-255,1484,1703,96,296972
24672,3.4e-05,172.31.47.0-255,66,1769,96,296972
24673,3.8e-05,74.125.24.0-255,2902,4671,96,296972
24674,4.8e-05,172.31.47.0-255,66,4737,96,296972
24675,5.4e-05,74.125.24.0-255,5738,10475,96,296972
24676,5.7e-05,172.31.47.0-255,66,10541,96,296972
24677,7.8e-05,74.125.24.0-255,1484,12025,96,296972
24678,8.1e-05,172.31.47.0-255,66,12091,96,296972
24679,8.5e-05,74.125.24.0-255,2902,14993,96,296972
24680,8.7e-05,172.31.47.0-255,66,15059,96,296972
24681,0.00013,172.31.47.0-255,66,15125,96,296972
24682,0.000136,74.125.24.0-255,5379,20504,96,296972
24683,0.000138,172.31.47.0-255,66,20570,96,296972
24684,0.000174,74.125.24.0-255,1484,22054,96,296972
24685,0.000177,172.31.47.0-255,66,22120,96,296972
24686,0.000202,74.125.24.0-255,2902,25022,96,296972
24687,0.000205,172.31.47.0-255,66,25088,96,296972
24688,0.00021,74.125.24.0-255,5738,30826,96,296972
24689,0.000212,172.31.47.0-255,66,30892,96,296972
24690,0.000263,172.31.47.0-255,66,30958,96,296972
24691,0.000269,74.125.24.0-255,4320,35278,96,296972
24692,0.00027,172.31.47.0-255,66,35344,96,296972
24693,0.000291,74.125.24.0-255,2902,38246,96,296972
24694,0.000294,172.31.47.0-255,66,38312,96,296972
24695,0.000297,74.125.24.0-255,1484,39796,96,296972
24696,0.000299,172.31.47.0-255,66,39862,96,296972
24697,0.000325,74.125.24.0-255,1392,41254,96,296972
24698,0.00033,172.31.47.0-255,66,41320,96,296972
24699,0.000449,74.125.24.0-255,135,41455,96,296972
24700,0.000452,172.31.47.0-255,66,41521,96,296972
24701,0.000625,74.125.24.0-255,1484,43005,96,296972
24702,0.000638,74.125.24.0-255,2902,45907,96,296972
24703,0.000641,172.31.47.0-255,66,45973,96,296972
24704,0.000668,74.125.24.0-255,5738,51711,96,296972
24705,0.000671,172.31.47.0-255,66,51777,96,296972
24706,0.000676,74.125.24.0-255,5738,57515,96,296972
24707,0.00068,172.31.47.0-255,66,57581,96,296972
24708,0.000683,74.125.24.0-255,6797,64378,96,296972
24709,0.000691,172.31.47.0-255,66,64444,96,296972
24710,0.000717,74.125.24.0-255,4320,68764,96,296972
24711,0.000732,172.31.47.0-255,66,68830,96,296972
24712,0.000741,74.125.24.0-255,6797,75627,96,296972
24713,0.000748,172.31.47.0-255,66,75693,96,296972
24714,0.000803,74.125.24.0-255,1484,77177,96,296972
24715,0.000817,74.125.24.0-255,2902,80079,96,296972
24716,0.00083,74.125.24.0-255,2902,82981,96,296972
24717,0.000831,172.31.47.0-255,66,83047,96,296972
24718,0.000835,172.31.47.0-255,66,83113,96,296972
24719,0.000855,74.125.24.0-255,2902,86015,96,296972
24720,0.000858,172.31.47.0-255,66,86081,96,296972
24721,0.000859,74.125.24.0-255,4320,90401,96,296972
24722,0.000872,172.31.47.0-255,66,90467,96,296972
24723,0.000902,74.125.24.0-255,7156,97623,96,296972
24724,0.000904,172.31.47.0-255,66,97689,96,296972
24725,0.000908,172.31.47.0-255,66,97755,96,296972
24726,0.000934,74.125.24.0-255,3602,101357,96,296972
24727,0.000938,172.31.47.0-255,66,101423,96,296972
24728,0.001342,74.125.24.0-255,1484,102907,96,296972
24729,0.001347,172.31.47.0-255,66,102973,96,296972
24730,0.001353,74.125.24.0-255,2902,105875,96,296972
24731,0.001377,74.125.24.0-255,5738,111613,96,296972
24732,0.001383,74.125.24.0-255,5738,117351,96,296972
24733,0.0014,74.125.24.0-255,4320,121671,96,296972
24734,0.001447,74.125.24.0-255,4320,125991,96,296972
24735,0.001533,74.125.24.0-255,1484,127475,96,296972
24736,0.001536,74.125.24.0-255,1484,128959,96,296972
24737,0.001546,74.125.24.0-255,1484,130443,96,296972
24738,0.001557,74.125.24.0-255,1484,131927,96,296972
24739,0.00158,74.125.24.0-255,4320,136247,96,296972
24740,0.001587,74.125.24.0-255,6501,142748,96,296972
24741,0.001602,74.125.24.0-255,2902,145650,96,296972
24742,0.001625,74.125.24.0-255,1484,147134,96,296972
24743,0.001642,74.125.24.0-255,4320,151454,96,296972
24744,0.001682,74.125.24.0-255,2902,154356,96,296972
24745,0.001773,74.125.24.0-255,1484,155840,96,296972
24746,0.001777,74.125.24.0-255,1484,157324,96,296972
24747,0.001789,74.125.24.0-255,1484,158808,96,296972
24748,0.001826,74.125.24.0-255,2902,161710,96,296972
24749,0.001848,74.125.24.0-255,2902,164612,96,296972
24750,0.001882,74.125.24.0-255,2184,166796,96,296972
24751,0.002085,74.125.24.0-255,1484,168280,96,296972
24752,0.002091,74.125.24.0-255,2902,171182,96,296972
24753,0.002095,74.125.24.0-255,1484,172666,96,296972
24754,0.002116,74.125.24.0-255,4320,176986,96,296972
24755,0.00213,74.125.24.0-255,1484,178470,96,296972
24756,0.002147,74.125.24.0-255,5738,184208,96,296972
24757,0.002167,74.125.24.0-255,5738,189946,96,296972
24758,0.002185,74.125.24.0-255,4320,194266,96,296972
24759,0.002205,74.125.24.0-255,4320,198586,96,296972
24760,0.002232,74.125.24.0-255,1484,200070,96,296972
24761,0.002245,74.125.24.0-255,4320,204390,96,296972
24762,0.002288,74.125.24.0-255,6438,210828,96,296972
24763,0.002307,74.125.24.0-255,5738,216566,96,296972
24764,0.002322,74.125.24.0-255,6438,223004,96,296972
24765,0.002338,74.125.24.0-255,1484,224488,96,296972
24766,0.002343,74.125.24.0-255,2902,227390,96,296972
24767,0.002355,74.125.24.0-255,2902,230292,96,296972
24768,0.002368,74.125.24.0-255,2902,233194,96,296972
24769,0.002372,74.125.24.0-255,4320,237514,96,296972
24770,0.002385,74.125.24.0-255,7156,244670,96,296972
24771,0.006708,172.31.47.0-255,66,244736,96,296972
24772,0.009018,74.125.24.0-255,5738,250474,96,296972
24773,0.009024,172.31.47.0-255,66,250540,96,296972
24774,0.011359,74.125.24.0-255,5738,256278,96,296972
24775,0.011366,172.31.47.0-255,66,256344,96,296972
24776,0.013677,74.125.24.0-255,5738,262082,96,296972
24777,0.01414,172.31.47.0-255,66,262148,96,296972
24778,0.016437,74.125.24.0-255,5738,267886,96,296972
24779,0.016444,172.31.47.0-255,66,267952,96,296972
24780,0.018759,74.125.24.0-255,5738,273690,96,296972
24781,0.018766,172.31.47.0-255,66,273756,96,296972
24782,0.021049,74.125.24.0-255,5738,279494,96,296972
24783,0.021055,172.31.47.0-255,66,279560,96,296972
24784,0.023376,74.125.24.0-255,5738,285298,96,296972
24785,0.023383,172.31.47.0-255,66,285364,96,296972
24786,0.025703,74.125.24.0-255,5738,291102,96,296972
24787,0.025709,172.31.47.0-255,66,291168,96,296972
24788,0.028023,74.125.24.0-255,5738,296906,96,296972
24789,0.028029,172.31.47.0-255,66,296972,96,296972
24790,0.0,74.125.200.0-255,153,153,96,256699
24791,3e-05,172.31.47.0-255,66,219,96,256699
24792,3.6e-05,74.125.200.0-255,1484,1703,96,256699
24793,4e-05,172.31.47.0-255,66,1769,96,256699
24794,7.4e-05,74.125.200.0-255,2902,4671,96,256699
24795,7.7e-05,172.31.47.0-255,66,4737,96,256699
24796,8e-05,74.125.200.0-255,1484,6221,96,256699
24797,8.2e-05,172.31.47.0-255,66,6287,96,256699
24798,0.000102,74.125.200.0-255,5738,12025,96,256699
24799,0.000104,172.31.47.0-255,66,12091,96,256699
24800,0.000107,74.125.200.0-255,2064,14155,96,256699
24801,0.000114,172.31.47.0-255,66,14221,96,256699
24802,0.000184,74.125.200.0-255,1484,15705,96,256699
24803,0.000188,172.31.47.0-255,66,15771,96,256699
24804,0.000213,74.125.200.0-255,2902,18673,96,256699
24805,0.000215,172.31.47.0-255,66,18739,96,256699
24806,0.00024,74.125.200.0-255,4320,23059,96,256699
24807,0.000244,172.31.47.0-255,66,23125,96,256699
24808,0.000268,74.125.200.0-255,4320,27445,96,256699
24809,0.000271,172.31.47.0-255,66,27511,96,256699
24810,0.00029,74.125.200.0-255,2902,30413,96,256699
24811,0.000293,172.31.47.0-255,66,30479,96,256699
24812,0.00031,74.125.200.0-255,1125,31604,96,256699
24813,0.000312,172.31.47.0-255,66,31670,96,256699
24814,0.000391,74.125.200.0-255,1484,33154,96,256699
24815,0.000394,172.31.47.0-255,66,33220,96,256699
24816,0.000398,74.125.200.0-255,1484,34704,96,256699
24817,0.0004,172.31.47.0-255,66,34770,96,256699
24818,0.000419,74.125.200.0-255,1484,36254,96,256699
24819,0.000421,172.31.47.0-255,66,36320,96,256699
24820,0.00044,74.125.200.0-255,4320,40640,96,256699
24821,0.000442,172.31.47.0-255,66,40706,96,256699
24822,0.000445,74.125.200.0-255,1484,42190,96,256699
24823,0.000459,74.125.200.0-255,4320,46510,96,256699
24824,0.000461,172.31.47.0-255,66,46576,96,256699
24825,0.000469,74.125.200.0-255,1484,48060,96,256699
24826,0.00049,74.125.200.0-255,1125,49185,96,256699
24827,0.000493,172.31.47.0-255,66,49251,96,256699
24828,0.000637,74.125.200.0-255,1484,50735,96,256699
24829,0.000657,74.125.200.0-255,1484,52219,96,256699
24830,0.00066,172.31.47.0-255,66,52285,96,256699
24831,0.000672,74.125.200.0-255,1484,53769,96,256699
24832,0.000682,74.125.200.0-255,4320,58089,96,256699
24833,0.000684,172.31.47.0-255,66,58155,96,256699
24834,0.000689,74.125.200.0-255,4320,62475,96,256699
24835,0.000691,172.31.47.0-255,66,62541,96,256699
24836,0.000714,74.125.200.0-255,1484,64025,96,256699
24837,0.000732,74.125.200.0-255,2877,66902,96,256699
24838,0.000736,172.31.47.0-255,66,66968,96,256699
24839,0.00084,74.125.200.0-255,110,67078,96,256699
24840,0.000852,74.125.200.0-255,329,67407,96,256699
24841,0.001219,74.125.200.0-255,1484,68891,96,256699
24842,0.001224,172.31.47.0-255,66,68957,96,256699
24843,0.001249,74.125.200.0-255,2902,71859,96,256699
24844,0.00125,172.31.47.0-255,66,71925,96,256699
24845,0.001256,74.125.200.0-255,4320,76245,96,256699
24846,0.001257,172.31.47.0-255,66,76311,96,256699
24847,0.001281,74.125.200.0-255,1484,77795,96,256699
24848,0.001294,74.125.200.0-255,2902,80697,96,256699
24849,0.001295,172.31.47.0-255,66,80763,96,256699
24850,0.001319,74.125.200.0-255,3961,84724,96,256699
24851,0.001321,172.31.47.0-255,66,84790,96,256699
24852,0.001484,74.125.200.0-255,1484,86274,96,256699
24853,0.001512,74.125.200.0-255,2902,89176,96,256699
24854,0.001514,172.31.47.0-255,66,89242,96,256699
24855,0.001516,74.125.200.0-255,1484,90726,96,256699
24856,0.001536,74.125.200.0-255,1484,92210,96,256699
24857,0.001538,172.31.47.0-255,66,92276,96,256699
24858,0.001562,74.125.200.0-255,5738,98014,96,256699
24859,0.001564,172.31.47.0-255,66,98080,96,256699
24860,0.001583,74.125.200.0-255,1484,99564,96,256699
24861,0.001595,74.125.200.0-255,1484,101048,96,256699
24862,0.001596,172.31.47.0-255,66,101114,96,256699
24863,0.001609,74.125.200.0-255,5738,106852,96,256699
24864,0.001611,172.31.47.0-255,66,106918,96,256699
24865,0.001652,172.31.47.0-255,66,106984,96,256699
24866,0.001656,74.125.200.0-255,3602,110586,96,256699
24867,0.001658,172.31.47.0-255,66,110652,96,256699
24868,0.001675,74.125.200.0-255,1484,112136,96,256699
24869,0.001697,74.125.200.0-255,2902,115038,96,256699
24870,0.001699,172.31.47.0-255,66,115104,96,256699
24871,0.001718,74.125.200.0-255,1484,116588,96,256699
24872,0.001732,74.125.200.0-255,2902,119490,96,256699
24873,0.001734,172.31.47.0-255,66,119556,96,256699
24874,0.001785,74.125.200.0-255,2902,122458,96,256699
24875,0.001787,172.31.47.0-255,66,122524,96,256699
24876,0.001807,74.125.200.0-255,2902,125426,96,256699
24877,0.001809,172.31.47.0-255,66,125492,96,256699
24878,0.001814,74.125.200.0-255,5738,131230,96,256699
24879,0.001816,172.31.47.0-255,66,131296,96,256699
24880,0.001836,74.125.200.0-255,4320,135616,96,256699
24881,0.001838,172.31.47.0-255,66,135682,96,256699
24882,0.001842,74.125.200.0-255,2902,138584,96,256699
24883,0.001843,172.31.47.0-255,66,138650,96,256699
24884,0.001876,74.125.200.0-255,6438,145088,96,256699
24885,0.001878,172.31.47.0-255,66,145154,96,256699
24886,0.001898,74.125.200.0-255,1484,146638,96,256699
24887,0.001912,74.125.200.0-255,2902,149540,96,256699
24888,0.001914,172.31.47.0-255,66,149606,96,256699
24889,0.00194,74.125.200.0-255,2902,152508,96,256699
24890,0.001942,172.31.47.0-255,66,152574,96,256699
24891,0.001967,74.125.200.0-255,2902,155476,96,256699
24892,0.001969,172.31.47.0-255,66,155542,96,256699
24893,0.001983,74.125.200.0-255,7156,162698,96,256699
24894,0.001985,172.31.47.0-255,66,162764,96,256699
24895,0.001993,74.125.200.0-255,5738,168502,96,256699
24896,0.001995,172.31.47.0-255,66,168568,96,256699
24897,0.001998,74.125.200.0-255,2902,171470,96,256699
24898,0.002,172.31.47.0-255,66,171536,96,256699
24899,0.002028,74.125.200.0-255,4320,175856,96,256699
24900,0.00203,172.31.47.0-255,66,175922,96,256699
24901,0.002034,74.125.200.0-255,3602,179524,96,256699
24902,0.002036,172.31.47.0-255,66,179590,96,256699
24903,0.004009,74.125.200.0-255,1484,181074,96,256699
24904,0.004022,74.125.200.0-255,2902,183976,96,256699
24905,0.004025,172.31.47.0-255,66,184042,96,256699
24906,0.004047,74.125.200.0-255,1484,185526,96,256699
24907,0.006023,74.125.200.0-255,4320,189846,96,256699
24908,0.00603,172.31.47.0-255,66,189912,96,256699
24909,0.008037,74.125.200.0-255,5738,195650,96,256699
24910,0.008043,172.31.47.0-255,66,195716,96,256699
24911,0.01005,74.125.200.0-255,5738,201454,96,256699
24912,0.010057,172.31.47.0-255,66,201520,96,256699
24913,0.012063,74.125.200.0-255,5738,207258,96,256699
24914,0.01207,172.31.47.0-255,66,207324,96,256699
24915,0.014079,74.125.200.0-255,5738,213062,96,256699
24916,0.014086,172.31.47.0-255,66,213128,96,256699
24917,0.016079,74.125.200.0-255,4320,217448,96,256699
24918,0.016085,172.31.47.0-255,66,217514,96,256699
24919,0.016109,74.125.200.0-255,1484,218998,96,256699
24920,0.018086,74.125.200.0-255,4320,223318,96,256699
24921,0.018092,172.31.47.0-255,66,223384,96,256699
24922,0.020094,74.125.200.0-255,5738,229122,96,256699
24923,0.0201,172.31.47.0-255,66,229188,96,256699
24924,0.022106,74.125.200.0-255,5738,234926,96,256699
24925,0.022113,172.31.47.0-255,66,234992,96,256699
24926,0.024125,74.125.200.0-255,5738,240730,96,256699
24927,0.024137,172.31.47.0-255,66,240796,96,256699
24928,0.026151,74.125.200.0-255,5738,246534,96,256699
24929,0.026156,172.31.47.0-255,66,246600,96,256699
24930,0.027632,172.31.47.0-255,172,246772,96,256699
24931,0.027663,172.31.47.0-255,1105,247877,96,256699
24932,0.027689,172.31.47.0-255,1514,249391,96,256699
24933,0.02769,172.31.47.0-255,1306,250697,96,256699
24934,0.028155,74.125.200.0-255,5738,256435,96,256699
24935,0.028161,172.31.47.0-255,66,256501,96,256699
24936,0.029197,104.244.42.0-255,66,256567,96,256699
24937,0.029237,104.244.42.0-255,66,256633,96,256699
24938,0.02924,104.244.42.0-255,66,256699,96,256699
24939,0.0,74.125.130.0-255,152,152,96,190620
24940,1.9e-05,172.31.47.0-255,66,218,96,190620
24941,2.7e-05,74.125.130.0-255,1484,1702,96,190620
24942,3.2e-05,172.31.47.0-255,66,1768,96,190620
24943,3.5e-05,74.125.130.0-255,1484,3252,96,190620
24944,3.8e-05,172.31.47.0-255,66,3318,96,190620
24945,7.5e-05,74.125.130.0-255,2902,6220,96,190620
24946,7.8e-05,172.31.47.0-255,66,6286,96,190620
24947,9e-05,74.125.130.0-255,5738,12024,96,190620
24948,9.2e-05,172.31.47.0-255,66,12090,96,190620
24949,9.6e-05,74.125.130.0-255,1484,13574,96,190620
24950,9.8e-05,172.31.47.0-255,66,13640,96,190620
24951,0.000133,74.125.130.0-255,2252,15892,96,190620
24952,0.000137,172.31.47.0-255,66,15958,96,190620
24953,0.000143,74.125.130.0-255,5738,21696,96,190620
24954,0.000145,172.31.47.0-255,66,21762,96,190620
24955,0.000148,74.125.130.0-255,2902,24664,96,190620
24956,0.00015,172.31.47.0-255,66,24730,96,190620
24957,0.000179,74.125.130.0-255,4320,29050,96,190620
24958,0.000187,172.31.47.0-255,66,29116,96,190620
24959,0.000213,74.125.130.0-255,2543,31659,96,190620
24960,0.000216,172.31.47.0-255,66,31725,96,190620
24961,0.000381,74.125.130.0-255,1484,33209,96,190620
24962,0.000388,172.31.47.0-255,66,33275,96,190620
24963,0.000394,74.125.130.0-255,2902,36177,96,190620
24964,0.000396,172.31.47.0-255,66,36243,96,190620
24965,0.000407,74.125.130.0-255,5738,41981,96,190620
24966,0.00041,172.31.47.0-255,66,42047,96,190620
24967,0.000439,74.125.130.0-255,6797,48844,96,190620
24968,0.000442,172.31.47.0-255,66,48910,96,190620
24969,0.0006,74.125.130.0-255,1484,50394,96,190620
24970,0.000606,172.31.47.0-255,66,50460,96,190620
24971,0.000613,74.125.130.0-255,2902,53362,96,190620
24972,0.000615,172.31.47.0-255,66,53428,96,190620
24973,0.000627,74.125.130.0-255,2902,56330,96,190620
24974,0.00063,172.31.47.0-255,66,56396,96,190620
24975,0.000663,74.125.130.0-255,2902,59298,96,190620
24976,0.000667,172.31.47.0-255,66,59364,96,190620
24977,0.000675,74.125.130.0-255,6797,66161,96,190620
24978,0.000677,172.31.47.0-255,66,66227,96,190620
24979,0.000825,74.125.130.0-255,646,66873,96,190620
24980,0.001158,172.31.47.0-255,66,66939,96,190620
24981,0.001258,74.125.130.0-255,1484,68423,96,190620
24982,0.001264,74.125.130.0-255,1484,69907,96,190620
24983,0.001267,172.31.47.0-255,66,69973,96,190620
24984,0.001293,74.125.130.0-255,1484,71457,96,190620
24985,0.001296,74.125.130.0-255,1484,72941,96,190620
24986,0.001297,172.31.47.0-255,66,73007,96,190620
24987,0.001323,74.125.130.0-255,4320,77327,96,190620
24988,0.001325,172.31.47.0-255,66,77393,96,190620
24989,0.001328,74.125.130.0-255,1484,78877,96,190620
24990,0.001331,74.125.130.0-255,2902,81779,96,190620
24991,0.001332,172.31.47.0-255,66,81845,96,190620
24992,0.001358,74.125.130.0-255,4320,86165,96,190620
24993,0.00136,172.31.47.0-255,66,86231,96,190620
24994,0.001369,74.125.130.0-255,1484,87715,96,190620
24995,0.001398,74.125.130.0-255,2902,90617,96,190620
24996,0.0014,172.31.47.0-255,66,90683,96,190620
24997,0.001425,74.125.130.0-255,4320,95003,96,190620
24998,0.001427,172.31.47.0-255,66,95069,96,190620
24999,0.001433,74.125.130.0-255,6438,101507,96,190620
25000,0.001434,172.31.47.0-255,66,101573,96,190620
25001,0.002155,74.125.130.0-255,1484,103057,96,190620
25002,0.002186,74.125.130.0-255,1484,104541,96,190620
25003,0.002189,172.31.47.0-255,66,104607,96,190620
25004,0.002211,74.125.130.0-255,2902,107509,96,190620
25005,0.002213,172.31.47.0-255,66,107575,96,190620
25006,0.002234,74.125.130.0-255,1484,109059,96,190620
25007,0.002252,74.125.130.0-255,1484,110543,96,190620
25008,0.002254,172.31.47.0-255,66,110609,96,190620
25009,0.002273,74.125.130.0-255,1484,112093,96,190620
25010,0.002297,74.125.130.0-255,2902,114995,96,190620
25011,0.002299,172.31.47.0-255,66,115061,96,190620
25012,0.00231,74.125.130.0-255,2902,117963,96,190620
25013,0.002315,172.31.47.0-255,66,118029,96,190620
25014,0.002349,74.125.130.0-255,5738,123767,96,190620
25015,0.002352,172.31.47.0-255,66,123833,96,190620
25016,0.004652,74.125.130.0-255,5738,129571,96,190620
25017,0.004657,172.31.47.0-255,66,129637,96,190620
25018,0.006971,74.125.130.0-255,5738,135375,96,190620
25019,0.006977,172.31.47.0-255,66,135441,96,190620
25020,0.0093,74.125.130.0-255,5738,141179,96,190620
25021,0.009307,172.31.47.0-255,66,141245,96,190620
25022,0.011634,74.125.130.0-255,5738,146983,96,190620
25023,0.011644,172.31.47.0-255,66,147049,96,190620
25024,0.013941,74.125.130.0-255,5738,152787,96,190620
25025,0.013952,172.31.47.0-255,66,152853,96,190620
25026,0.016254,74.125.130.0-255,5738,158591,96,190620
25027,0.016262,172.31.47.0-255,66,158657,96,190620
25028,0.018569,74.125.130.0-255,4320,162977,96,190620
25029,0.018576,172.31.47.0-255,66,163043,96,190620
25030,0.018602,74.125.130.0-255,1484,164527,96,190620
25031,0.02096,74.125.130.0-255,4320,168847,96,190620
25032,0.020967,172.31.47.0-255,66,168913,96,190620
25033,0.023255,74.125.130.0-255,5738,174651,96,190620
25034,0.023262,172.31.47.0-255,66,174717,96,190620
25035,0.024801,172.31.47.0-255,172,174889,96,190620
25036,0.024829,172.31.47.0-255,1105,175994,96,190620
25037,0.024861,172.31.47.0-255,1514,177508,96,190620
25038,0.024863,172.31.47.0-255,1306,178814,96,190620
25039,0.025551,74.125.130.0-255,5738,184552,96,190620
25040,0.025556,172.31.47.0-255,66,184618,96,190620
25041,0.026335,104.244.42.0-255,66,184684,96,190620
25042,0.026369,104.244.42.0-255,66,184750,96,190620
25043,0.026421,104.244.42.0-255,66,184816,96,190620
25044,0.02784,74.125.130.0-255,5738,190554,96,190620
25045,0.027846,172.31.47.0-255,66,190620,96,190620
25046,0.0,172.217.24.0-255,152,152,96,210954
25047,1.5e-05,172.31.47.0-255,66,218,96,210954
25048,2.2e-05,172.217.24.0-255,1484,1702,96,210954
25049,2.7e-05,172.31.47.0-255,66,1768,96,210954
25050,4e-05,172.217.24.0-255,2902,4670,96,210954
25051,4.3e-05,172.31.47.0-255,66,4736,96,210954
25052,5.1e-05,172.217.24.0-255,7156,11892,96,210954
25053,5.4e-05,172.31.47.0-255,66,11958,96,210954
25054,9.6e-05,172.31.47.0-255,66,12024,96,210954
25055,0.000127,172.217.24.0-255,2127,14151,96,210954
25056,0.00013,172.31.47.0-255,66,14217,96,210954
25057,0.000135,172.217.24.0-255,3961,18178,96,210954
25058,0.000138,172.31.47.0-255,66,18244,96,210954
25059,0.000141,172.217.24.0-255,1484,19728,96,210954
25060,0.000148,172.31.47.0-255,66,19794,96,210954
25061,0.000184,172.217.24.0-255,2902,22696,96,210954
25062,0.000186,172.31.47.0-255,66,22762,96,210954
25063,0.000194,172.217.24.0-255,5738,28500,96,210954
25064,0.000197,172.31.47.0-255,66,28566,96,210954
25065,0.000208,172.217.24.0-255,6797,35363,96,210954
25066,0.000211,172.31.47.0-255,66,35429,96,210954
25067,0.000429,172.217.24.0-255,1484,36913,96,210954
25068,0.000433,172.31.47.0-255,66,36979,96,210954
25069,0.000439,172.217.24.0-255,2902,39881,96,210954
25070,0.000442,172.31.47.0-255,66,39947,96,210954
25071,0.000462,172.217.24.0-255,5738,45685,96,210954
25072,0.000465,172.31.47.0-255,66,45751,96,210954
25073,0.000471,172.217.24.0-255,6797,52548,96,210954
25074,0.000473,172.31.47.0-255,66,52614,96,210954
25075,0.000494,172.217.24.0-255,392,53006,96,210954
25076,0.000497,172.31.47.0-255,66,53072,96,210954
25077,0.000844,172.217.24.0-255,351,53423,96,210954
25078,0.000934,172.31.47.0-255,66,53489,96,210954
25079,0.001061,172.217.24.0-255,1484,54973,96,210954
25080,0.00107,172.217.24.0-255,2902,57875,96,210954
25081,0.001073,172.31.47.0-255,66,57941,96,210954
25082,0.00108,172.217.24.0-255,5738,63679,96,210954
25083,0.001082,172.31.47.0-255,66,63745,96,210954
25084,0.001113,172.31.47.0-255,66,63811,96,210954
25085,0.001143,172.217.24.0-255,5379,69190,96,210954
25086,0.001146,172.31.47.0-255,66,69256,96,210954
25087,0.001155,172.31.47.0-255,66,69322,96,210954
25088,0.001161,172.217.24.0-255,1125,70447,96,210954
25089,0.001404,172.217.24.0-255,1484,71931,96,210954
25090,0.001409,172.31.47.0-255,66,71997,96,210954
25091,0.001415,172.217.24.0-255,2902,74899,96,210954
25092,0.001417,172.31.47.0-255,66,74965,96,210954
25093,0.001422,172.217.24.0-255,4320,79285,96,210954
25094,0.001423,172.31.47.0-255,66,79351,96,210954
25095,0.001465,172.31.47.0-255,66,79417,96,210954
25096,0.00147,172.217.24.0-255,4320,83737,96,210954
25097,0.001472,172.31.47.0-255,66,83803,96,210954
25098,0.001511,172.31.47.0-255,66,83869,96,210954
25099,0.001531,172.217.24.0-255,1484,85353,96,210954
25100,0.001535,172.217.24.0-255,2902,88255,96,210954
25101,0.001538,172.31.47.0-255,66,88321,96,210954
25102,0.001567,172.217.24.0-255,5738,94059,96,210954
25103,0.001569,172.31.47.0-255,66,94125,96,210954
25104,0.001579,172.31.47.0-255,66,94191,96,210954
25105,0.001605,172.217.24.0-255,4320,98511,96,210954
25106,0.001623,172.217.24.0-255,4320,102831,96,210954
25107,0.001644,172.217.24.0-255,6438,109269,96,210954
25108,0.001789,172.217.24.0-255,1484,110753,96,210954
25109,0.001796,172.217.24.0-255,2902,113655,96,210954
25110,0.0018,172.217.24.0-255,2902,116557,96,210954
25111,0.001814,172.217.24.0-255,2902,119459,96,210954
25112,0.001827,172.217.24.0-255,5738,125197,96,210954
25113,0.001852,172.217.24.0-255,4320,129517,96,210954
25114,0.001872,172.217.24.0-255,2184,131701,96,210954
25115,0.004991,172.31.47.0-255,66,131767,96,210954
25116,0.006928,172.217.24.0-255,5738,137505,96,210954
25117,0.006933,172.31.47.0-255,66,137571,96,210954
25118,0.008839,172.217.24.0-255,5738,143309,96,210954
25119,0.008846,172.31.47.0-255,66,143375,96,210954
25120,0.010741,172.217.24.0-255,5738,149113,96,210954
25121,0.01075,172.31.47.0-255,66,149179,96,210954
25122,0.012666,172.217.24.0-255,5738,154917,96,210954
25123,0.012679,172.31.47.0-255,66,154983,96,210954
25124,0.014592,172.217.24.0-255,5738,160721,96,210954
25125,0.014607,172.31.47.0-255,66,160787,96,210954
25126,0.01651,172.217.24.0-255,2902,163689,96,210954
25127,0.01652,172.31.47.0-255,66,163755,96,210954
25128,0.016547,172.217.24.0-255,2902,166657,96,210954
25129,0.01655,172.31.47.0-255,66,166723,96,210954
25130,0.01842,172.217.24.0-255,2902,169625,96,210954
25131,0.018432,172.31.47.0-255,66,169691,96,210954
25132,0.018466,172.217.24.0-255,2902,172593,96,210954
25133,0.018469,172.31.47.0-255,66,172659,96,210954
25134,0.020334,172.217.24.0-255,2902,175561,96,210954
25135,0.020341,172.31.47.0-255,66,175627,96,210954
25136,0.020371,172.217.24.0-255,2902,178529,96,210954
25137,0.020374,172.31.47.0-255,66,178595,96,210954
25138,0.02224,172.217.24.0-255,2902,181497,96,210954
25139,0.022246,172.31.47.0-255,66,181563,96,210954
25140,0.02228,172.217.24.0-255,2902,184465,96,210954
25141,0.022283,172.31.47.0-255,66,184531,96,210954
25142,0.024144,172.217.24.0-255,2902,187433,96,210954
25143,0.024153,172.31.47.0-255,66,187499,96,210954
25144,0.024189,172.217.24.0-255,2902,190401,96,210954
25145,0.024192,172.31.47.0-255,66,190467,96,210954
25146,0.026053,172.217.24.0-255,2902,193369,96,210954
25147,0.02606,172.31.47.0-255,66,193435,96,210954
25148,0.026091,172.217.24.0-255,2902,196337,96,210954
25149,0.026094,172.31.47.0-255,66,196403,96,210954
25150,0.02751,172.31.47.0-255,172,196575,96,210954
25151,0.027542,172.31.47.0-255,1109,197684,96,210954
25152,0.0276,172.31.47.0-255,1514,199198,96,210954
25153,0.027602,172.31.47.0-255,1302,200500,96,210954
25154,0.028,172.217.24.0-255,4320,204820,96,210954
25155,0.028007,172.31.47.0-255,66,204886,96,210954
25156,0.028035,172.217.24.0-255,1484,206370,96,210954
25157,0.029058,104.244.42.0-255,66,206436,96,210954
25158,0.029093,104.244.42.0-255,66,206502,96,210954
25159,0.029141,104.244.42.0-255,66,206568,96,210954
25160,0.029899,172.217.24.0-255,4320,210888,96,210954
25161,0.029905,172.31.47.0-255,66,210954,96,210954
25162,0.0,74.125.200.0-255,153,153,96,229072
25163,1.6e-05,172.31.47.0-255,66,219,96,229072
25164,2.2e-05,74.125.200.0-255,1484,1703,96,229072
25165,2.7e-05,172.31.47.0-255,66,1769,96,229072
25166,3.9e-05,74.125.200.0-255,2902,4671,96,229072
25167,4.2e-05,172.31.47.0-255,66,4737,96,229072
25168,4.7e-05,74.125.200.0-255,4320,9057,96,229072
25169,5e-05,172.31.47.0-255,66,9123,96,229072
25170,7.8e-05,74.125.200.0-255,1484,10607,96,229072
25171,8.1e-05,172.31.47.0-255,66,10673,96,229072
25172,0.000105,74.125.200.0-255,3420,14093,96,229072
25173,0.000107,172.31.47.0-255,66,14159,96,229072
25174,0.000132,74.125.200.0-255,4320,18479,96,229072
25175,0.000134,172.31.47.0-255,66,18545,96,229072
25176,0.000137,74.125.200.0-255,1484,20029,96,229072
25177,0.000139,172.31.47.0-255,66,20095,96,229072
25178,0.00016,74.125.200.0-255,4320,24415,96,229072
25179,0.000162,172.31.47.0-255,66,24481,96,229072
25180,0.000167,74.125.200.0-255,4320,28801,96,229072
25181,0.000169,172.31.47.0-255,66,28867,96,229072
25182,0.00019,74.125.200.0-255,2543,31410,96,229072
25183,0.000192,172.31.47.0-255,66,31476,96,229072
25184,0.000277,74.125.200.0-255,1484,32960,96,229072
25185,0.000281,172.31.47.0-255,66,33026,96,229072
25186,0.000298,74.125.200.0-255,2902,35928,96,229072
25187,0.000301,172.31.47.0-255,66,35994,96,229072
25188,0.000326,74.125.200.0-255,4320,40314,96,229072
25189,0.000328,172.31.47.0-255,66,40380,96,229072
25190,0.000352,74.125.200.0-255,5738,46118,96,229072
25191,0.000355,172.31.47.0-255,66,46184,96,229072
25192,0.000378,74.125.200.0-255,2543,48727,96,229072
25193,0.00038,172.31.47.0-255,66,48793,96,229072
25194,0.000385,74.125.200.0-255,4320,53113,96,229072
25195,0.000387,172.31.47.0-255,66,53179,96,229072
25196,0.000416,74.125.200.0-255,4320,57499,96,229072
25197,0.000419,172.31.47.0-255,66,57565,96,229072
25198,0.000429,172.31.47.0-255,66,57631,96,229072
25199,0.000435,74.125.200.0-255,405,58036,96,229072
25200,0.000484,74.125.200.0-255,340,58376,96,229072
25201,0.000703,74.125.200.0-255,1484,59860,96,229072
25202,0.000707,172.31.47.0-255,66,59926,96,229072
25203,0.000712,74.125.200.0-255,2902,62828,96,229072
25204,0.000714,172.31.47.0-255,66,62894,96,229072
25205,0.000749,74.125.200.0-255,5738,68632,96,229072
25206,0.000753,172.31.47.0-255,66,68698,96,229072
25207,0.000786,172.31.47.0-255,66,68764,96,229072
25208,0.000798,172.31.47.0-255,66,68830,96,229072
25209,0.000805,74.125.200.0-255,2184,71014,96,229072
25210,0.000808,172.31.47.0-255,66,71080,96,229072
25211,0.001578,74.125.200.0-255,1484,72564,96,229072
25212,0.001586,74.125.200.0-255,2902,75466,96,229072
25213,0.00159,172.31.47.0-255,66,75532,96,229072
25214,0.001607,74.125.200.0-255,2902,78434,96,229072
25215,0.001609,172.31.47.0-255,66,78500,96,229072
25216,0.001643,74.125.200.0-255,2902,81402,96,229072
25217,0.001646,172.31.47.0-255,66,81468,96,229072
25218,0.001653,74.125.200.0-255,7156,88624,96,229072
25219,0.001654,172.31.47.0-255,66,88690,96,229072
25220,0.001677,172.31.47.0-255,66,88756,96,229072
25221,0.0017,74.125.200.0-255,2902,91658,96,229072
25222,0.001702,172.31.47.0-255,66,91724,96,229072
25223,0.001706,74.125.200.0-255,2902,94626,96,229072
25224,0.001708,172.31.47.0-255,66,94692,96,229072
25225,0.001729,74.125.200.0-255,766,95458,96,229072
25226,0.001757,74.125.200.0-255,4320,99778,96,229072
25227,0.001759,172.31.47.0-255,66,99844,96,229072
25228,0.001784,74.125.200.0-255,5738,105582,96,229072
25229,0.001786,172.31.47.0-255,66,105648,96,229072
25230,0.001796,74.125.200.0-255,1484,107132,96,229072
25231,0.001829,172.31.47.0-255,66,107198,96,229072
25232,0.001835,74.125.200.0-255,4320,111518,96,229072
25233,0.001837,172.31.47.0-255,66,111584,96,229072
25234,0.001864,74.125.200.0-255,2902,114486,96,229072
25235,0.001866,172.31.47.0-255,66,114552,96,229072
25236,0.001892,74.125.200.0-255,5020,119572,96,229072
25237,0.001894,172.31.47.0-255,66,119638,96,229072
25238,0.001955,74.125.200.0-255,1484,121122,96,229072
25239,0.001987,74.125.200.0-255,2902,124024,96,229072
25240,0.00199,172.31.47.0-255,66,124090,96,229072
25241,0.001996,74.125.200.0-255,5738,129828,96,229072
25242,0.001998,172.31.47.0-255,66,129894,96,229072
25243,0.002014,74.125.200.0-255,2902,132796,96,229072
25244,0.002016,172.31.47.0-255,66,132862,96,229072
25245,0.00205,172.31.47.0-255,66,132928,96,229072
25246,0.002053,74.125.200.0-255,1484,134412,96,229072
25247,0.002091,172.31.47.0-255,66,134478,96,229072
25248,0.002178,74.125.200.0-255,1484,135962,96,229072
25249,0.002185,74.125.200.0-255,2902,138864,96,229072
25250,0.002188,172.31.47.0-255,66,138930,96,229072
25251,0.002217,74.125.200.0-255,5738,144668,96,229072
25252,0.00222,172.31.47.0-255,66,144734,96,229072
25253,0.002223,74.125.200.0-255,1484,146218,96,229072
25254,0.002256,172.31.47.0-255,66,146284,96,229072
25255,0.002285,74.125.200.0-255,4320,150604,96,229072
25256,0.002287,172.31.47.0-255,66,150670,96,229072
25257,0.002294,74.125.200.0-255,5738,156408,96,229072
25258,0.002297,172.31.47.0-255,66,156474,96,229072
25259,0.002333,172.31.47.0-255,66,156540,96,229072
25260,0.002372,172.31.47.0-255,66,156606,96,229072
25261,0.002432,172.31.47.0-255,66,156672,96,229072
25262,0.00245,172.31.47.0-255,66,156738,96,229072
25263,0.002453,74.125.200.0-255,1484,158222,96,229072
25264,0.002484,172.31.47.0-255,66,158288,96,229072
25265,0.0025,74.125.200.0-255,1484,159772,96,229072
25266,0.002507,74.125.200.0-255,5738,165510,96,229072
25267,0.00251,172.31.47.0-255,66,165576,96,229072
25268,0.002543,172.31.47.0-255,66,165642,96,229072
25269,0.002582,172.31.47.0-255,66,165708,96,229072
25270,0.002593,172.31.47.0-255,66,165774,96,229072
25271,0.002601,74.125.200.0-255,2184,167958,96,229072
25272,0.002603,172.31.47.0-255,66,168024,96,229072
25273,0.00515,74.125.200.0-255,4320,172344,96,229072
25274,0.005154,172.31.47.0-255,66,172410,96,229072
25275,0.005177,74.125.200.0-255,1484,173894,96,229072
25276,0.007724,74.125.200.0-255,4320,178214,96,229072
25277,0.007735,172.31.47.0-255,66,178280,96,229072
25278,0.010318,74.125.200.0-255,5738,184018,96,229072
25279,0.010325,172.31.47.0-255,66,184084,96,229072
25280,0.012901,74.125.200.0-255,5738,189822,96,229072
25281,0.012909,172.31.47.0-255,66,189888,96,229072
25282,0.015486,74.125.200.0-255,5738,195626,96,229072
25283,0.015495,172.31.47.0-255,66,195692,96,229072
25284,0.01808,74.125.200.0-255,5738,201430,96,229072
25285,0.01809,172.31.47.0-255,66,201496,96,229072
25286,0.020658,74.125.200.0-255,5738,207234,96,229072
25287,0.020665,172.31.47.0-255,66,207300,96,229072
25288,0.023251,74.125.200.0-255,5738,213038,96,229072
25289,0.023258,172.31.47.0-255,66,213104,96,229072
25290,0.025829,74.125.200.0-255,5738,218842,96,229072
25291,0.025837,172.31.47.0-255,66,218908,96,229072
25292,0.028272,172.31.47.0-255,171,219079,96,229072
25293,0.028299,172.31.47.0-255,1134,220213,96,229072
25294,0.028353,172.31.47.0-255,1514,221727,96,229072
25295,0.028354,172.31.47.0-255,1277,223004,96,229072
25296,0.028403,74.125.200.0-255,4320,227324,96,229072
25297,0.028407,172.31.47.0-255,66,227390,96,229072
25298,0.028434,74.125.200.0-255,1484,228874,96,229072
25299,0.029829,104.244.42.0-255,66,228940,96,229072
25300,0.029852,104.244.42.0-255,66,229006,96,229072
25301,0.029886,104.244.42.0-255,66,229072,96,229072
25302,0.0,74.125.24.0-255,152,152,96,256225
25303,2.1e-05,172.31.47.0-255,66,218,96,256225
25304,2.7e-05,74.125.24.0-255,1484,1702,96,256225
25305,3.1e-05,172.31.47.0-255,66,1768,96,256225
25306,3.5e-05,74.125.24.0-255,2902,4670,96,256225
25307,3.8e-05,172.31.47.0-255,66,4736,96,256225
25308,4.9e-05,74.125.24.0-255,4320,9056,96,256225
25309,5.2e-05,172.31.47.0-255,66,9122,96,256225
25310,8.6e-05,74.125.24.0-255,4320,13442,96,256225
25311,9.2e-05,172.31.47.0-255,66,13508,96,256225
25312,0.000115,74.125.24.0-255,711,14219,96,256225
25313,0.000117,172.31.47.0-255,66,14285,96,256225
25314,0.000122,74.125.24.0-255,5738,20023,96,256225
25315,0.000124,172.31.47.0-255,66,20089,96,256225
25316,0.000161,74.125.24.0-255,7156,27245,96,256225
25317,0.000163,172.31.47.0-255,66,27311,96,256225
25318,0.000187,74.125.24.0-255,3961,31272,96,256225
25319,0.000188,172.31.47.0-255,66,31338,96,256225
25320,0.000292,74.125.24.0-255,1484,32822,96,256225
25321,0.000296,172.31.47.0-255,66,32888,96,256225
25322,0.0003,74.125.24.0-255,2902,35790,96,256225
25323,0.000302,172.31.47.0-255,66,35856,96,256225
25324,0.000334,74.125.24.0-255,5738,41594,96,256225
25325,0.000336,172.31.47.0-255,66,41660,96,256225
25326,0.000369,172.31.47.0-255,66,41726,96,256225
25327,0.000374,74.125.24.0-255,7156,48882,96,256225
25328,0.000376,172.31.47.0-255,66,48948,96,256225
25329,0.000397,74.125.24.0-255,1484,50432,96,256225
25330,0.000398,172.31.47.0-255,66,50498,96,256225
25331,0.000405,74.125.24.0-255,7110,57608,96,256225
25332,0.000406,172.31.47.0-255,66,57674,96,256225
25333,0.000427,74.125.24.0-255,375,58049,96,256225
25334,0.000624,74.125.24.0-255,1484,59533,96,256225
25335,0.000629,74.125.24.0-255,2902,62435,96,256225
25336,0.000645,74.125.24.0-255,5738,68173,96,256225
25337,0.00065,172.31.47.0-255,66,68239,96,256225
25338,0.000668,74.125.24.0-255,5738,73977,96,256225
25339,0.000676,172.31.47.0-255,66,74043,96,256225
25340,0.000685,74.125.24.0-255,7156,81199,96,256225
25341,0.000693,172.31.47.0-255,66,81265,96,256225
25342,0.000724,172.31.47.0-255,66,81331,96,256225
25343,0.000926,74.125.24.0-255,1484,82815,96,256225
25344,0.000931,74.125.24.0-255,2902,85717,96,256225
25345,0.000933,172.31.47.0-255,66,85783,96,256225
25346,0.000962,74.125.24.0-255,5738,91521,96,256225
25347,0.000973,74.125.24.0-255,4320,95841,96,256225
25348,0.000975,172.31.47.0-255,66,95907,96,256225
25349,0.000979,172.31.47.0-255,66,95973,96,256225
25350,0.001029,172.31.47.0-255,66,96039,96,256225
25351,0.001176,74.125.24.0-255,1484,97523,96,256225
25352,0.00119,74.125.24.0-255,2902,100425,96,256225
25353,0.001193,172.31.47.0-255,66,100491,96,256225
25354,0.001198,74.125.24.0-255,5738,106229,96,256225
25355,0.001221,74.125.24.0-255,5738,111967,96,256225
25356,0.001224,172.31.47.0-255,66,112033,96,256225
25357,0.001227,172.31.47.0-255,66,112099,96,256225
25358,0.001255,74.125.24.0-255,7156,119255,96,256225
25359,0.001268,172.31.47.0-255,66,119321,96,256225
25360,0.001333,74.125.24.0-255,1484,120805,96,256225
25361,0.001338,74.125.24.0-255,2902,123707,96,256225
25362,0.00134,172.31.47.0-255,66,123773,96,256225
25363,0.001365,74.125.24.0-255,5738,129511,96,256225
25364,0.001369,172.31.47.0-255,66,129577,96,256225
25365,0.001379,74.125.24.0-255,7156,136733,96,256225
25366,0.001401,74.125.24.0-255,5738,142471,96,256225
25367,0.00143,172.31.47.0-255,66,142537,96,256225
25368,0.001459,172.31.47.0-255,66,142603,96,256225
25369,0.001723,74.125.24.0-255,1484,144087,96,256225
25370,0.001742,74.125.24.0-255,2902,146989,96,256225
25371,0.001745,172.31.47.0-255,66,147055,96,256225
25372,0.00175,74.125.24.0-255,4320,151375,96,256225
25373,0.001753,172.31.47.0-255,66,151441,96,256225
25374,0.001769,74.125.24.0-255,1484,152925,96,256225
25375,0.001773,74.125.24.0-255,2902,155827,96,256225
25376,0.001797,74.125.24.0-255,7156,162983,96,256225
25377,0.001807,172.31.47.0-255,66,163049,96,256225
25378,0.001811,74.125.24.0-255,4320,167369,96,256225
25379,0.001815,172.31.47.0-255,66,167435,96,256225
25380,0.001849,172.31.47.0-255,66,167501,96,256225
25381,0.00201,74.125.24.0-255,1484,168985,96,256225
25382,0.002013,74.125.24.0-255,1484,170469,96,256225
25383,0.002016,172.31.47.0-255,66,170535,96,256225
25384,0.002136,74.125.24.0-255,1484,172019,96,256225
25385,0.002142,74.125.24.0-255,5738,177757,96,256225
25386,0.002144,172.31.47.0-255,66,177823,96,256225
25387,0.002148,74.125.24.0-255,4320,182143,96,256225
25388,0.00217,74.125.24.0-255,5738,187881,96,256225
25389,0.002183,74.125.24.0-255,2184,190065,96,256225
25390,0.002202,172.31.47.0-255,66,190131,96,256225
25391,0.002229,74.125.24.0-255,1484,191615,96,256225
25392,0.002234,74.125.24.0-255,2902,194517,96,256225
25393,0.002261,74.125.24.0-255,5738,200255,96,256225
25394,0.002268,74.125.24.0-255,7156,207411,96,256225
25395,0.002289,172.31.47.0-255,66,207477,96,256225
25396,0.002314,74.125.24.0-255,2184,209661,96,256225
25397,0.002327,172.31.47.0-255,66,209727,96,256225
25398,0.004625,74.125.24.0-255,5738,215465,96,256225
25399,0.004631,172.31.47.0-255,66,215531,96,256225
25400,0.006936,74.125.24.0-255,5738,221269,96,256225
25401,0.013243,172.31.47.0-255,66,221335,96,256225
25402,0.014671,74.125.24.0-255,1484,222819,96,256225
25403,0.015542,74.125.24.0-255,4320,227139,96,256225
25404,0.015549,172.31.47.0-255,66,227205,96,256225
25405,0.017842,74.125.24.0-255,5738,232943,96,256225
25406,0.018632,172.31.47.0-255,66,233009,96,256225
25407,0.020932,74.125.24.0-255,5738,238747,96,256225
25408,0.020941,172.31.47.0-255,66,238813,96,256225
25409,0.023239,74.125.24.0-255,5738,244551,96,256225
25410,0.023248,172.31.47.0-255,66,244617,96,256225
25411,0.025547,74.125.24.0-255,5738,250355,96,256225
25412,0.025555,172.31.47.0-255,66,250421,96,256225
25413,0.027846,74.125.24.0-255,5738,256159,96,256225
25414,0.027851,172.31.47.0-255,66,256225,96,256225
25415,0.0,74.125.24.0-255,153,153,96,252291
25416,3.2e-05,172.31.47.0-255,66,219,96,252291
25417,3.9e-05,74.125.24.0-255,1484,1703,96,252291
25418,4.5e-05,172.31.47.0-255,66,1769,96,252291
25419,4.9e-05,74.125.24.0-255,2902,4671,96,252291
25420,5.9e-05,172.31.47.0-255,66,4737,96,252291
25421,6.5e-05,74.125.24.0-255,5738,10475,96,252291
25422,6.8e-05,172.31.47.0-255,66,10541,96,252291
25423,9.3e-05,74.125.24.0-255,3393,13934,96,252291
25424,9.6e-05,172.31.47.0-255,66,14000,96,252291
25425,0.000154,74.125.24.0-255,1484,15484,96,252291
25426,0.000158,172.31.47.0-255,66,15550,96,252291
25427,0.000164,74.125.24.0-255,2902,18452,96,252291
25428,0.000166,172.31.47.0-255,66,18518,96,252291
25429,0.000171,74.125.24.0-255,5738,24256,96,252291
25430,0.000174,172.31.47.0-255,66,24322,96,252291
25431,0.000184,74.125.24.0-255,1484,25806,96,252291
25432,0.000188,172.31.47.0-255,66,25872,96,252291
25433,0.000222,74.125.24.0-255,4320,30192,96,252291
25434,0.000227,172.31.47.0-255,66,30258,96,252291
25435,0.00023,74.125.24.0-255,1125,31383,96,252291
25436,0.000232,172.31.47.0-255,66,31449,96,252291
25437,0.000352,74.125.24.0-255,1484,32933,96,252291
25438,0.000356,172.31.47.0-255,66,32999,96,252291
25439,0.000361,74.125.24.0-255,1484,34483,96,252291
25440,0.000363,172.31.47.0-255,66,34549,96,252291
25441,0.00039,74.125.24.0-255,1484,36033,96,252291
25442,0.000393,172.31.47.0-255,66,36099,96,252291
25443,0.0004,74.125.24.0-255,5738,41837,96,252291
25444,0.000403,172.31.47.0-255,66,41903,96,252291
25445,0.000439,74.125.24.0-255,5738,47641,96,252291
25446,0.000443,172.31.47.0-255,66,47707,96,252291
25447,0.000466,74.125.24.0-255,1125,48832,96,252291
25448,0.000501,74.125.24.0-255,1484,50316,96,252291
25449,0.000504,172.31.47.0-255,66,50382,96,252291
25450,0.000509,74.125.24.0-255,2902,53284,96,252291
25451,0.000511,172.31.47.0-255,66,53350,96,252291
25452,0.000532,74.125.24.0-255,4320,57670,96,252291
25453,0.000535,172.31.47.0-255,66,57736,96,252291
25454,0.00056,74.125.24.0-255,1484,59220,96,252291
25455,0.000566,74.125.24.0-255,4320,63540,96,252291
25456,0.00057,172.31.47.0-255,66,63606,96,252291
25457,0.000594,74.125.24.0-255,2889,66495,96,252291
25458,0.000597,172.31.47.0-255,66,66561,96,252291
25459,0.000662,74.125.24.0-255,332,66893,96,252291
25460,0.000784,172.31.47.0-255,66,66959,96,252291
25461,0.000906,74.125.24.0-255,1484,68443,96,252291
25462,0.000913,74.125.24.0-255,2902,71345,96,252291
25463,0.000916,172.31.47.0-255,66,71411,96,252291
25464,0.000949,74.125.24.0-255,5738,77149,96,252291
25465,0.000952,172.31.47.0-255,66,77215,96,252291
25466,0.000976,74.125.24.0-255,2902,80117,96,252291
25467,0.000978,172.31.47.0-255,66,80183,96,252291
25468,0.001004,74.125.24.0-255,3961,84144,96,252291
25469,0.001007,172.31.47.0-255,66,84210,96,252291
25470,0.001028,74.125.24.0-255,1484,85694,96,252291
25471,0.001043,74.125.24.0-255,2902,88596,96,252291
25472,0.001046,172.31.47.0-255,66,88662,96,252291
25473,0.001067,74.125.24.0-255,1484,90146,96,252291
25474,0.001087,74.125.24.0-255,4320,94466,96,252291
25475,0.001091,172.31.47.0-255,66,94532,96,252291
25476,0.001096,74.125.24.0-255,2902,97434,96,252291
25477,0.001098,172.31.47.0-255,66,97500,96,252291
25478,0.001121,74.125.24.0-255,3961,101461,96,252291
25479,0.001123,172.31.47.0-255,66,101527,96,252291
25480,0.001416,74.125.24.0-255,1484,103011,96,252291
25481,0.001423,74.125.24.0-255,2902,105913,96,252291
25482,0.001427,172.31.47.0-255,66,105979,96,252291
25483,0.001431,74.125.24.0-255,1484,107463,96,252291
25484,0.001456,74.125.24.0-255,4320,111783,96,252291
25485,0.001458,172.31.47.0-255,66,111849,96,252291
25486,0.001462,74.125.24.0-255,2902,114751,96,252291
25487,0.001464,172.31.47.0-255,66,114817,96,252291
25488,0.001504,172.31.47.0-255,66,114883,96,252291
25489,0.001509,74.125.24.0-255,5738,120621,96,252291
25490,0.001511,172.31.47.0-255,66,120687,96,252291
25491,0.001538,74.125.24.0-255,5020,125707,96,252291
25492,0.001541,172.31.47.0-255,66,125773,96,252291
25493,0.001587,74.125.24.0-255,1484,127257,96,252291
25494,0.001591,74.125.24.0-255,2902,130159,96,252291
25495,0.001594,172.31.47.0-255,66,130225,96,252291
25496,0.001618,74.125.24.0-255,4320,134545,96,252291
25497,0.001621,172.31.47.0-255,66,134611,96,252291
25498,0.001643,74.125.24.0-255,1484,136095,96,252291
25499,0.001649,74.125.24.0-255,7156,143251,96,252291
25500,0.001651,172.31.47.0-255,66,143317,96,252291
25501,0.001678,74.125.24.0-255,4320,147637,96,252291
25502,0.001681,172.31.47.0-255,66,147703,96,252291
25503,0.001716,172.31.47.0-255,66,147769,96,252291
25504,0.001718,74.125.24.0-255,1484,149253,96,252291
25505,0.001721,74.125.24.0-255,766,150019,96,252291
25506,0.001723,172.31.47.0-255,66,150085,96,252291
25507,0.001864,74.125.24.0-255,1484,151569,96,252291
25508,0.001868,74.125.24.0-255,2902,154471,96,252291
25509,0.00187,172.31.47.0-255,66,154537,96,252291
25510,0.001873,74.125.24.0-255,1484,156021,96,252291
25511,0.001898,74.125.24.0-255,4320,160341,96,252291
25512,0.0019,172.31.47.0-255,66,160407,96,252291
25513,0.001904,74.125.24.0-255,2902,163309,96,252291
25514,0.001906,172.31.47.0-255,66,163375,96,252291
25515,0.001945,172.31.47.0-255,66,163441,96,252291
25516,0.001957,172.31.47.0-255,66,163507,96,252291
25517,0.002022,74.125.24.0-255,1484,164991,96,252291
25518,0.002026,74.125.24.0-255,2902,167893,96,252291
25519,0.002028,172.31.47.0-255,66,167959,96,252291
25520,0.002034,74.125.24.0-255,5738,173697,96,252291
25521,0.002036,172.31.47.0-255,66,173763,96,252291
25522,0.002054,172.31.47.0-255,66,173829,96,252291
25523,0.002065,172.31.47.0-255,66,173895,96,252291
25524,0.004101,74.125.24.0-255,5738,179633,96,252291
25525,0.004107,172.31.47.0-255,66,179699,96,252291
25526,0.006109,74.125.24.0-255,5738,185437,96,252291
25527,0.006129,172.31.47.0-255,66,185503,96,252291
25528,0.008127,74.125.24.0-255,5738,191241,96,252291
25529,0.008132,172.31.47.0-255,66,191307,96,252291
25530,0.010156,74.125.24.0-255,5738,197045,96,252291
25531,0.010163,172.31.47.0-255,66,197111,96,252291
25532,0.012175,74.125.24.0-255,5738,202849,96,252291
25533,0.012182,172.31.47.0-255,66,202915,96,252291
25534,0.0142,74.125.24.0-255,5738,208653,96,252291
25535,0.014207,172.31.47.0-255,66,208719,96,252291
25536,0.016208,74.125.24.0-255,5738,214457,96,252291
25537,0.016221,172.31.47.0-255,66,214523,96,252291
25538,0.018246,74.125.24.0-255,4320,218843,96,252291
25539,0.018252,172.31.47.0-255,66,218909,96,252291
25540,0.01828,74.125.24.0-255,1484,220393,96,252291
25541,0.020262,74.125.24.0-255,4320,224713,96,252291
25542,0.020268,172.31.47.0-255,66,224779,96,252291
25543,0.022285,74.125.24.0-255,5738,230517,96,252291
25544,0.022295,172.31.47.0-255,66,230583,96,252291
25545,0.024307,74.125.24.0-255,5738,236321,96,252291
25546,0.024316,172.31.47.0-255,66,236387,96,252291
25547,0.026311,74.125.24.0-255,5738,242125,96,252291
25548,0.026318,172.31.47.0-255,66,242191,96,252291
25549,0.027184,172.31.47.0-255,172,242363,96,252291
25550,0.027209,172.31.47.0-255,1111,243474,96,252291
25551,0.027244,172.31.47.0-255,1514,244988,96,252291
25552,0.027245,172.31.47.0-255,1301,246289,96,252291
25553,0.028329,74.125.24.0-255,5738,252027,96,252291
25554,0.028334,172.31.47.0-255,66,252093,96,252291
25555,0.028757,104.244.42.0-255,66,252159,96,252291
25556,0.028764,104.244.42.0-255,66,252225,96,252291
25557,0.028793,104.244.42.0-255,66,252291,96,252291
25558,0.0,172.217.194.0-255,153,153,96,235952
25559,2.7e-05,172.31.47.0-255,66,219,96,235952
25560,3.3e-05,172.217.194.0-255,1484,1703,96,235952
25561,3.7e-05,172.31.47.0-255,66,1769,96,235952
25562,4.2e-05,172.217.194.0-255,2902,4671,96,235952
25563,4.4e-05,172.31.47.0-255,66,4737,96,235952
25564,5.2e-05,172.217.194.0-255,7156,11893,96,235952
25565,5.5e-05,172.31.47.0-255,66,11959,96,235952
25566,5.9e-05,172.217.194.0-255,2031,13990,96,235952
25567,6.1e-05,172.31.47.0-255,66,14056,96,235952
25568,0.000109,172.217.194.0-255,1484,15540,96,235952
25569,0.000112,172.31.47.0-255,66,15606,96,235952
25570,0.000133,172.217.194.0-255,2902,18508,96,235952
25571,0.000136,172.31.47.0-255,66,18574,96,235952
25572,0.000143,172.217.194.0-255,5738,24312,96,235952
25573,0.000145,172.31.47.0-255,66,24378,96,235952
25574,0.000168,172.217.194.0-255,6797,31175,96,235952
25575,0.000172,172.31.47.0-255,66,31241,96,235952
25576,0.000179,172.217.194.0-255,7156,38397,96,235952
25577,0.000181,172.31.47.0-255,66,38463,96,235952
25578,0.000212,172.217.194.0-255,7156,45619,96,235952
25579,0.000214,172.31.47.0-255,66,45685,96,235952
25580,0.000233,172.217.194.0-255,2543,48228,96,235952
25581,0.000235,172.31.47.0-255,66,48294,96,235952
25582,0.000249,172.217.194.0-255,1484,49778,96,235952
25583,0.000252,172.31.47.0-255,66,49844,96,235952
25584,0.000256,172.217.194.0-255,2902,52746,96,235952
25585,0.000258,172.31.47.0-255,66,52812,96,235952
25586,0.000286,172.217.194.0-255,5738,58550,96,235952
25587,0.000289,172.31.47.0-255,66,58616,96,235952
25588,0.00031,172.217.194.0-255,6797,65413,96,235952
25589,0.000316,172.31.47.0-255,66,65479,96,235952
25590,0.000345,172.217.194.0-255,377,65856,96,235952
25591,0.00037,172.217.194.0-255,1484,67340,96,235952
25592,0.000373,172.31.47.0-255,66,67406,96,235952
25593,0.000392,172.217.194.0-255,4320,71726,96,235952
25594,0.000397,172.31.47.0-255,66,71792,96,235952
25595,0.00043,172.31.47.0-255,66,71858,96,235952
25596,0.000433,172.217.194.0-255,845,72703,96,235952
25597,0.000727,172.217.194.0-255,1484,74187,96,235952
25598,0.000731,172.31.47.0-255,66,74253,96,235952
25599,0.000737,172.217.194.0-255,2902,77155,96,235952
25600,0.000739,172.31.47.0-255,66,77221,96,235952
25601,0.000746,172.217.194.0-255,5738,82959,96,235952
25602,0.000748,172.31.47.0-255,66,83025,96,235952
25603,0.000772,172.217.194.0-255,4320,87345,96,235952
25604,0.000775,172.31.47.0-255,66,87411,96,235952
25605,0.000796,172.217.194.0-255,5379,92790,96,235952
25606,0.000799,172.31.47.0-255,66,92856,96,235952
25607,0.000811,172.31.47.0-255,66,92922,96,235952
25608,0.000835,172.217.194.0-255,2902,95824,96,235952
25609,0.000841,172.31.47.0-255,66,95890,96,235952
25610,0.00086,172.31.47.0-255,66,95956,96,235952
25611,0.00088,172.217.194.0-255,2184,98140,96,235952
25612,0.000883,172.31.47.0-255,66,98206,96,235952
25613,0.001219,172.217.194.0-255,1484,99690,96,235952
25614,0.001223,172.217.194.0-255,1484,101174,96,235952
25615,0.001227,172.31.47.0-255,66,101240,96,235952
25616,0.00125,172.217.194.0-255,1484,102724,96,235952
25617,0.001257,172.217.194.0-255,5738,108462,96,235952
25618,0.001259,172.31.47.0-255,66,108528,96,235952
25619,0.001266,172.217.194.0-255,5738,114266,96,235952
25620,0.001269,172.31.47.0-255,66,114332,96,235952
25621,0.001298,172.217.194.0-255,7156,121488,96,235952
25622,0.001301,172.31.47.0-255,66,121554,96,235952
25623,0.001304,172.217.194.0-255,1484,123038,96,235952
25624,0.001336,172.31.47.0-255,66,123104,96,235952
25625,0.00182,172.217.194.0-255,1484,124588,96,235952
25626,0.00183,172.217.194.0-255,2902,127490,96,235952
25627,0.001834,172.31.47.0-255,66,127556,96,235952
25628,0.001841,172.217.194.0-255,5738,133294,96,235952
25629,0.001843,172.31.47.0-255,66,133360,96,235952
25630,0.00185,172.217.194.0-255,5738,139098,96,235952
25631,0.001852,172.31.47.0-255,66,139164,96,235952
25632,0.001884,172.217.194.0-255,7156,146320,96,235952
25633,0.001887,172.31.47.0-255,66,146386,96,235952
25634,0.0019,172.31.47.0-255,66,146452,96,235952
25635,0.00192,172.217.194.0-255,1484,147936,96,235952
25636,0.001924,172.217.194.0-255,1484,149420,96,235952
25637,0.001926,172.31.47.0-255,66,149486,96,235952
25638,0.001945,172.217.194.0-255,1484,150970,96,235952
25639,0.00195,172.217.194.0-255,5738,156708,96,235952
25640,0.001953,172.31.47.0-255,66,156774,96,235952
25641,0.001957,172.217.194.0-255,2902,159676,96,235952
25642,0.001959,172.31.47.0-255,66,159742,96,235952
25643,0.001983,172.31.47.0-255,66,159808,96,235952
25644,0.001996,172.31.47.0-255,66,159874,96,235952
25645,0.004017,172.217.194.0-255,5738,165612,96,235952
25646,0.004022,172.31.47.0-255,66,165678,96,235952
25647,0.006045,172.217.194.0-255,5738,171416,96,235952
25648,0.006047,172.31.47.0-255,66,171482,96,235952
25649,0.00805,172.217.194.0-255,5738,177220,96,235952
25650,0.008056,172.31.47.0-255,66,177286,96,235952
25651,0.010061,172.217.194.0-255,5738,183024,96,235952
25652,0.010067,172.31.47.0-255,66,183090,96,235952
25653,0.012095,172.217.194.0-255,5738,188828,96,235952
25654,0.012102,172.31.47.0-255,66,188894,96,235952
25655,0.014128,172.217.194.0-255,5738,194632,96,235952
25656,0.014134,172.31.47.0-255,66,194698,96,235952
25657,0.016154,172.217.194.0-255,5738,200436,96,235952
25658,0.016161,172.31.47.0-255,66,200502,96,235952
25659,0.018147,172.217.194.0-255,5738,206240,96,235952
25660,0.018152,172.31.47.0-255,66,206306,96,235952
25661,0.020173,172.217.194.0-255,5738,212044,96,235952
25662,0.020178,172.31.47.0-255,66,212110,96,235952
25663,0.022188,172.217.194.0-255,5738,217848,96,235952
25664,0.022195,172.31.47.0-255,66,217914,96,235952
25665,0.022564,172.31.47.0-255,172,218086,96,235952
25666,0.022594,172.31.47.0-255,1105,219191,96,235952
25667,0.022632,172.31.47.0-255,1514,220705,96,235952
25668,0.022633,172.31.47.0-255,341,221046,96,235952
25669,0.02407,104.244.42.0-255,66,221112,96,235952
25670,0.024078,104.244.42.0-255,66,221178,96,235952
25671,0.024156,104.244.42.0-255,66,221244,96,235952
25672,0.024199,172.217.194.0-255,4320,225564,96,235952
25673,0.024203,172.31.47.0-255,66,225630,96,235952
25674,0.024236,172.217.194.0-255,1484,227114,96,235952
25675,0.026214,172.217.194.0-255,2902,230016,96,235952
25676,0.026221,172.31.47.0-255,66,230082,96,235952
25677,0.028237,172.217.194.0-255,4320,234402,96,235952
25678,0.028243,172.31.47.0-255,66,234468,96,235952
25679,0.028271,172.217.194.0-255,1484,235952,96,235952
25680,0.0,172.217.194.0-255,153,153,96,143774
25681,1.9e-05,172.31.47.0-255,66,219,96,143774
25682,3.7e-05,172.217.194.0-255,1484,1703,96,143774
25683,4.1e-05,172.31.47.0-255,66,1769,96,143774
25684,4.6e-05,172.217.194.0-255,2902,4671,96,143774
25685,4.9e-05,172.31.47.0-255,66,4737,96,143774
25686,5.2e-05,172.217.194.0-255,1484,6221,96,143774
25687,5.4e-05,172.31.47.0-255,66,6287,96,143774
25688,7.9e-05,172.217.194.0-255,5738,12025,96,143774
25689,8.1e-05,172.31.47.0-255,66,12091,96,143774
25690,0.00011,172.217.194.0-255,7156,19247,96,143774
25691,0.000112,172.31.47.0-255,66,19313,96,143774
25692,0.000127,172.217.194.0-255,2149,21462,96,143774
25693,0.000129,172.31.47.0-255,66,21528,96,143774
25694,0.000142,172.31.47.0-255,66,21594,96,143774
25695,0.000879,172.217.194.0-255,1484,23078,96,143774
25696,0.000885,172.31.47.0-255,66,23144,96,143774
25697,0.000893,172.217.194.0-255,1484,24628,96,143774
25698,0.000894,172.31.47.0-255,66,24694,96,143774
25699,0.000909,172.217.194.0-255,1484,26178,96,143774
25700,0.000912,172.31.47.0-255,66,26244,96,143774
25701,0.000933,172.217.194.0-255,2902,29146,96,143774
25702,0.000936,172.31.47.0-255,66,29212,96,143774
25703,0.000947,172.217.194.0-255,2902,32114,96,143774
25704,0.00095,172.31.47.0-255,66,32180,96,143774
25705,0.000953,172.217.194.0-255,1484,33664,96,143774
25706,0.000955,172.31.47.0-255,66,33730,96,143774
25707,0.000995,172.217.194.0-255,5379,39109,96,143774
25708,0.000999,172.31.47.0-255,66,39175,96,143774
25709,0.001006,172.217.194.0-255,5738,44913,96,143774
25710,0.001007,172.31.47.0-255,66,44979,96,143774
25711,0.001019,172.217.194.0-255,1484,46463,96,143774
25712,0.001049,172.217.194.0-255,7156,53619,96,143774
25713,0.001052,172.31.47.0-255,66,53685,96,143774
25714,0.001071,172.217.194.0-255,2837,56522,96,143774
25715,0.001074,172.31.47.0-255,66,56588,96,143774
25716,0.001744,172.217.194.0-255,382,56970,96,143774
25717,0.00188,172.217.194.0-255,1484,58454,96,143774
25718,0.001883,172.31.47.0-255,66,58520,96,143774
25719,0.001895,172.217.194.0-255,2902,61422,96,143774
25720,0.001898,172.31.47.0-255,66,61488,96,143774
25721,0.001923,172.217.194.0-255,4320,65808,96,143774
25722,0.001925,172.31.47.0-255,66,65874,96,143774
25723,0.00194,172.217.194.0-255,1484,67358,96,143774
25724,0.001947,172.217.194.0-255,7156,74514,96,143774
25725,0.001949,172.31.47.0-255,66,74580,96,143774
25726,0.00196,172.217.194.0-255,2902,77482,96,143774
25727,0.001962,172.31.47.0-255,66,77548,96,143774
25728,0.001995,172.31.47.0-255,66,77614,96,143774
25729,0.001998,172.217.194.0-255,2184,79798,96,143774
25730,0.002001,172.31.47.0-255,66,79864,96,143774
25731,0.00438,172.217.194.0-255,5738,85602,96,143774
25732,0.004389,172.31.47.0-255,66,85668,96,143774
25733,0.006739,172.217.194.0-255,5738,91406,96,143774
25734,0.00675,172.31.47.0-255,66,91472,96,143774
25735,0.009104,172.217.194.0-255,5738,97210,96,143774
25736,0.009109,172.31.47.0-255,66,97276,96,143774
25737,0.011494,172.217.194.0-255,5738,103014,96,143774
25738,0.011502,172.31.47.0-255,66,103080,96,143774
25739,0.013851,172.217.194.0-255,5738,108818,96,143774
25740,0.013858,172.31.47.0-255,66,108884,96,143774
25741,0.016228,172.217.194.0-255,5738,114622,96,143774
25742,0.016235,172.31.47.0-255,66,114688,96,143774
25743,0.01863,172.217.194.0-255,5738,120426,96,143774
25744,0.018639,172.31.47.0-255,66,120492,96,143774
25745,0.021027,172.217.194.0-255,5738,126230,96,143774
25746,0.021036,172.31.47.0-255,66,126296,96,143774
25747,0.023386,172.217.194.0-255,5738,132034,96,143774
25748,0.023394,172.31.47.0-255,66,132100,96,143774
25749,0.025789,172.217.194.0-255,5738,137838,96,143774
25750,0.025794,172.31.47.0-255,66,137904,96,143774
25751,0.028135,172.217.194.0-255,4320,142224,96,143774
25752,0.028141,172.31.47.0-255,66,142290,96,143774
25753,0.028168,172.217.194.0-255,1484,143774,96,143774
25754,0.0,74.125.68.0-255,297,297,96,237831
25755,3e-05,172.31.47.0-255,66,363,96,237831
25756,3.6e-05,74.125.68.0-255,1484,1847,96,237831
25757,4e-05,172.31.47.0-255,66,1913,96,237831
25758,4.5e-05,74.125.68.0-255,4320,6233,96,237831
25759,4.8e-05,172.31.47.0-255,66,6299,96,237831
25760,5.9e-05,74.125.68.0-255,4320,10619,96,237831
25761,6.2e-05,172.31.47.0-255,66,10685,96,237831
25762,6.4e-05,74.125.68.0-255,1484,12169,96,237831
25763,6.6e-05,172.31.47.0-255,66,12235,96,237831
25764,9.7e-05,74.125.68.0-255,3368,15603,96,237831
25765,0.0001,172.31.47.0-255,66,15669,96,237831
25766,0.000108,172.31.47.0-255,66,15735,96,237831
25767,0.000154,74.125.68.0-255,2902,18637,96,237831
25768,0.000157,172.31.47.0-255,66,18703,96,237831
25769,0.000189,74.125.68.0-255,3961,22664,96,237831
25770,0.000192,172.31.47.0-255,66,22730,96,237831
25771,0.000269,74.125.68.0-255,1484,24214,96,237831
25772,0.000272,172.31.47.0-255,66,24280,96,237831
25773,0.000296,74.125.68.0-255,2902,27182,96,237831
25774,0.000298,74.125.68.0-255,1484,28666,96,237831
25775,0.0003,172.31.47.0-255,66,28732,96,237831
25776,0.000306,172.31.47.0-255,66,28798,96,237831
25777,0.000329,74.125.68.0-255,2902,31700,96,237831
25778,0.000336,172.31.47.0-255,66,31766,96,237831
25779,0.000341,74.125.68.0-255,5738,37504,96,237831
25780,0.000344,172.31.47.0-255,66,37570,96,237831
25781,0.000349,74.125.68.0-255,2902,40472,96,237831
25782,0.000351,172.31.47.0-255,66,40538,96,237831
25783,0.000376,74.125.68.0-255,4320,44858,96,237831
25784,0.00038,172.31.47.0-255,66,44924,96,237831
25785,0.000393,172.31.47.0-255,66,44990,96,237831
25786,0.000397,74.125.68.0-255,3602,48592,96,237831
25787,0.000398,172.31.47.0-255,66,48658,96,237831
25788,0.000439,74.125.68.0-255,357,49015,96,237831
25789,0.000595,74.125.68.0-255,130,49145,96,237831
25790,0.000763,172.31.47.0-255,66,49211,96,237831
25791,0.000884,74.125.68.0-255,1484,50695,96,237831
25792,0.000888,172.31.47.0-255,66,50761,96,237831
25793,0.000896,74.125.68.0-255,2902,53663,96,237831
25794,0.000899,172.31.47.0-255,66,53729,96,237831
25795,0.000926,74.125.68.0-255,5738,59467,96,237831
25796,0.000931,74.125.68.0-255,2902,62369,96,237831
25797,0.000947,74.125.68.0-255,2902,65271,96,237831
25798,0.000957,74.125.68.0-255,1484,66755,96,237831
25799,0.000966,172.31.47.0-255,66,66821,96,237831
25800,0.000977,74.125.68.0-255,2902,69723,96,237831
25801,0.001,74.125.68.0-255,4320,74043,96,237831
25802,0.001012,74.125.68.0-255,1484,75527,96,237831
25803,0.001026,74.125.68.0-255,7156,82683,96,237831
25804,0.001044,74.125.68.0-255,766,83449,96,237831
25805,0.001053,172.31.47.0-255,66,83515,96,237831
25806,0.001711,74.125.68.0-255,1484,84999,96,237831
25807,0.001716,172.31.47.0-255,66,85065,96,237831
25808,0.001724,74.125.68.0-255,2902,87967,96,237831
25809,0.001727,74.125.68.0-255,1484,89451,96,237831
25810,0.001746,74.125.68.0-255,2902,92353,96,237831
25811,0.001759,74.125.68.0-255,2902,95255,96,237831
25812,0.001772,172.31.47.0-255,66,95321,96,237831
25813,0.001783,74.125.68.0-255,5738,101059,96,237831
25814,0.001789,74.125.68.0-255,5738,106797,96,237831
25815,0.001824,74.125.68.0-255,5738,112535,96,237831
25816,0.001831,172.31.47.0-255,66,112601,96,237831
25817,0.001858,74.125.68.0-255,1484,114085,96,237831
25818,0.001863,74.125.68.0-255,3602,117687,96,237831
25819,0.001883,172.31.47.0-255,66,117753,96,237831
25820,0.001961,74.125.68.0-255,1484,119237,96,237831
25821,0.001965,74.125.68.0-255,1484,120721,96,237831
25822,0.001976,74.125.68.0-255,1484,122205,96,237831
25823,0.00199,74.125.68.0-255,5738,127943,96,237831
25824,0.001996,172.31.47.0-255,66,128009,96,237831
25825,0.002016,74.125.68.0-255,4320,132329,96,237831
25826,0.002031,172.31.47.0-255,66,132395,96,237831
25827,0.002051,74.125.68.0-255,5738,138133,96,237831
25828,0.002059,74.125.68.0-255,7156,145289,96,237831
25829,0.002081,74.125.68.0-255,4320,149609,96,237831
25830,0.002085,74.125.68.0-255,2184,151793,96,237831
25831,0.002089,74.125.68.0-255,1484,153277,96,237831
25832,0.002094,172.31.47.0-255,66,153343,96,237831
25833,0.002103,74.125.68.0-255,1484,154827,96,237831
25834,0.002119,74.125.68.0-255,2902,157729,96,237831
25835,0.002132,74.125.68.0-255,2902,160631,96,237831
25836,0.002146,74.125.68.0-255,1484,162115,96,237831
25837,0.002154,172.31.47.0-255,66,162181,96,237831
25838,0.002166,74.125.68.0-255,4320,166501,96,237831
25839,0.002191,74.125.68.0-255,2902,169403,96,237831
25840,0.002205,172.31.47.0-255,66,169469,96,237831
25841,0.002271,172.31.47.0-255,66,169535,96,237831
25842,0.00452,74.125.68.0-255,5738,175273,96,237831
25843,0.004524,172.31.47.0-255,66,175339,96,237831
25844,0.006781,74.125.68.0-255,5738,181077,96,237831
25845,0.006786,172.31.47.0-255,66,181143,96,237831
25846,0.009057,74.125.68.0-255,5738,186881,96,237831
25847,0.009063,172.31.47.0-255,66,186947,96,237831
25848,0.011323,74.125.68.0-255,5738,192685,96,237831
25849,0.01133,172.31.47.0-255,66,192751,96,237831
25850,0.013621,74.125.68.0-255,5738,198489,96,237831
25851,0.01363,172.31.47.0-255,66,198555,96,237831
25852,0.015884,74.125.68.0-255,5738,204293,96,237831
25853,0.015892,172.31.47.0-255,66,204359,96,237831
25854,0.018149,74.125.68.0-255,4320,208679,96,237831
25855,0.018154,172.31.47.0-255,66,208745,96,237831
25856,0.018179,74.125.68.0-255,1484,210229,96,237831
25857,0.020409,74.125.68.0-255,4320,214549,96,237831
25858,0.020415,172.31.47.0-255,66,214615,96,237831
25859,0.022688,74.125.68.0-255,5738,220353,96,237831
25860,0.022728,172.31.47.0-255,66,220419,96,237831
25861,0.025004,74.125.68.0-255,5738,226157,96,237831
25862,0.025023,172.31.47.0-255,66,226223,96,237831
25863,0.027302,74.125.68.0-255,5738,231961,96,237831
25864,0.02732,172.31.47.0-255,66,232027,96,237831
25865,0.02958,74.125.68.0-255,5738,237765,96,237831
25866,0.029622,172.31.47.0-255,66,237831,96,237831
25867,0.0,172.31.47.0-255,105,105,96,276
25868,0.001804,157.240.7.0-255,105,210,96,276
25869,0.001819,172.31.47.0-255,66,276,96,276
25870,0.0,74.125.130.0-255,152,152,96,224227
25871,4e-05,172.31.47.0-255,66,218,96,224227
25872,4.6e-05,74.125.130.0-255,1484,1702,96,224227
25873,5.1e-05,172.31.47.0-255,66,1768,96,224227
25874,5.4e-05,74.125.130.0-255,1484,3252,96,224227
25875,6.4e-05,172.31.47.0-255,66,3318,96,224227
25876,9.1e-05,74.125.130.0-255,1484,4802,96,224227
25877,9.4e-05,172.31.47.0-255,66,4868,96,224227
25878,0.000103,74.125.130.0-255,4320,9188,96,224227
25879,0.000106,172.31.47.0-255,66,9254,96,224227
25880,0.000116,74.125.130.0-255,4938,14192,96,224227
25881,0.000118,172.31.47.0-255,66,14258,96,224227
25882,0.000149,74.125.130.0-255,1484,15742,96,224227
25883,0.000152,172.31.47.0-255,66,15808,96,224227
25884,0.000182,74.125.130.0-255,2902,18710,96,224227
25885,0.000185,172.31.47.0-255,66,18776,96,224227
25886,0.000188,74.125.130.0-255,1484,20260,96,224227
25887,0.00019,172.31.47.0-255,66,20326,96,224227
25888,0.000194,74.125.130.0-255,2902,23228,96,224227
25889,0.000196,172.31.47.0-255,66,23294,96,224227
25890,0.000232,74.125.130.0-255,5738,29032,96,224227
25891,0.000235,172.31.47.0-255,66,29098,96,224227
25892,0.000238,74.125.130.0-255,1484,30582,96,224227
25893,0.00024,172.31.47.0-255,66,30648,96,224227
25894,0.000259,74.125.130.0-255,2902,33550,96,224227
25895,0.000266,172.31.47.0-255,66,33616,96,224227
25896,0.000284,74.125.130.0-255,4320,37936,96,224227
25897,0.000288,172.31.47.0-255,66,38002,96,224227
25898,0.000298,74.125.130.0-255,1484,39486,96,224227
25899,0.000305,172.31.47.0-255,66,39552,96,224227
25900,0.000315,74.125.130.0-255,1484,41036,96,224227
25901,0.000322,172.31.47.0-255,66,41102,96,224227
25902,0.000342,74.125.130.0-255,5738,46840,96,224227
25903,0.000346,172.31.47.0-255,66,46906,96,224227
25904,0.00035,74.125.130.0-255,2184,49090,96,224227
25905,0.000352,172.31.47.0-255,66,49156,96,224227
25906,0.000545,74.125.130.0-255,1484,50640,96,224227
25907,0.00055,74.125.130.0-255,1484,52124,96,224227
25908,0.000553,172.31.47.0-255,66,52190,96,224227
25909,0.000578,74.125.130.0-255,1484,53674,96,224227
25910,0.000584,74.125.130.0-255,5738,59412,96,224227
25911,0.000587,172.31.47.0-255,66,59478,96,224227
25912,0.000592,74.125.130.0-255,2902,62380,96,224227
25913,0.000593,172.31.47.0-255,66,62446,96,224227
25914,0.000596,74.125.130.0-255,1484,63930,96,224227
25915,0.000621,74.125.130.0-255,2831,66761,96,224227
25916,0.000623,172.31.47.0-255,66,66827,96,224227
25917,0.000626,74.125.130.0-255,99,66926,96,224227
25918,0.000794,172.31.47.0-255,66,66992,96,224227
25919,0.000997,74.125.130.0-255,1484,68476,96,224227
25920,0.001008,74.125.130.0-255,2902,71378,96,224227
25921,0.001012,172.31.47.0-255,66,71444,96,224227
25922,0.001049,74.125.130.0-255,5738,77182,96,224227
25923,0.001053,172.31.47.0-255,66,77248,96,224227
25924,0.001058,74.125.130.0-255,4320,81568,96,224227
25925,0.00106,172.31.47.0-255,66,81634,96,224227
25926,0.001071,74.125.130.0-255,4320,85954,96,224227
25927,0.001074,172.31.47.0-255,66,86020,96,224227
25928,0.001105,74.125.130.0-255,1484,87504,96,224227
25929,0.001119,172.31.47.0-255,66,87570,96,224227
25930,0.001165,74.125.130.0-255,2184,89754,96,224227
25931,0.001168,172.31.47.0-255,66,89820,96,224227
25932,0.001234,74.125.130.0-255,1484,91304,96,224227
25933,0.001257,74.125.130.0-255,2902,94206,96,224227
25934,0.001261,172.31.47.0-255,66,94272,96,224227
25935,0.001266,74.125.130.0-255,2902,97174,96,224227
25936,0.001267,172.31.47.0-255,66,97240,96,224227
25937,0.001302,74.125.130.0-255,2902,100142,96,224227
25938,0.001306,172.31.47.0-255,66,100208,96,224227
25939,0.001323,172.31.47.0-255,66,100274,96,224227
25940,0.00133,74.125.130.0-255,7156,107430,96,224227
25941,0.001333,172.31.47.0-255,66,107496,96,224227
25942,0.001358,74.125.130.0-255,4320,111816,96,224227
25943,0.001363,172.31.47.0-255,66,111882,96,224227
25944,0.001372,74.125.130.0-255,2184,114066,96,224227
25945,0.001374,172.31.47.0-255,66,114132,96,224227
25946,0.001379,74.125.130.0-255,2902,117034,96,224227
25947,0.001381,172.31.47.0-255,66,117100,96,224227
25948,0.001383,74.125.130.0-255,1484,118584,96,224227
25949,0.001424,74.125.130.0-255,5738,124322,96,224227
25950,0.001427,74.125.130.0-255,1484,125806,96,224227
25951,0.001431,74.125.130.0-255,2902,128708,96,224227
25952,0.001435,172.31.47.0-255,66,128774,96,224227
25953,0.001438,172.31.47.0-255,66,128840,96,224227
25954,0.001448,74.125.130.0-255,4320,133160,96,224227
25955,0.00145,172.31.47.0-255,66,133226,96,224227
25956,0.00147,74.125.130.0-255,1484,134710,96,224227
25957,0.001478,74.125.130.0-255,4320,139030,96,224227
25958,0.00148,172.31.47.0-255,66,139096,96,224227
25959,0.001499,74.125.130.0-255,2902,141998,96,224227
25960,0.001501,172.31.47.0-255,66,142064,96,224227
25961,0.001505,74.125.130.0-255,4320,146384,96,224227
25962,0.001507,172.31.47.0-255,66,146450,96,224227
25963,0.001546,74.125.130.0-255,2184,148634,96,224227
25964,0.001548,172.31.47.0-255,66,148700,96,224227
25965,0.003783,74.125.130.0-255,2902,151602,96,224227
25966,0.003787,172.31.47.0-255,66,151668,96,224227
25967,0.003837,74.125.130.0-255,2902,154570,96,224227
25968,0.00384,172.31.47.0-255,66,154636,96,224227
25969,0.006081,74.125.130.0-255,2902,157538,96,224227
25970,0.006086,172.31.47.0-255,66,157604,96,224227
25971,0.00612,74.125.130.0-255,2902,160506,96,224227
25972,0.006123,172.31.47.0-255,66,160572,96,224227
25973,0.008381,74.125.130.0-255,2902,163474,96,224227
25974,0.00839,172.31.47.0-255,66,163540,96,224227
25975,0.008424,74.125.130.0-255,2902,166442,96,224227
25976,0.008427,172.31.47.0-255,66,166508,96,224227
25977,0.010703,74.125.130.0-255,2902,169410,96,224227
25978,0.010713,172.31.47.0-255,66,169476,96,224227
25979,0.010748,74.125.130.0-255,2902,172378,96,224227
25980,0.010751,172.31.47.0-255,66,172444,96,224227
25981,0.013013,74.125.130.0-255,2902,175346,96,224227
25982,0.013023,172.31.47.0-255,66,175412,96,224227
25983,0.013058,74.125.130.0-255,2902,178314,96,224227
25984,0.013062,172.31.47.0-255,66,178380,96,224227
25985,0.015318,74.125.130.0-255,2902,181282,96,224227
25986,0.015332,172.31.47.0-255,66,181348,96,224227
25987,0.015373,74.125.130.0-255,2902,184250,96,224227
25988,0.015378,172.31.47.0-255,66,184316,96,224227
25989,0.017627,74.125.130.0-255,2902,187218,96,224227
25990,0.017634,172.31.47.0-255,66,187284,96,224227
25991,0.017658,74.125.130.0-255,2902,190186,96,224227
25992,0.01766,172.31.47.0-255,66,190252,96,224227
25993,0.019926,74.125.130.0-255,2902,193154,96,224227
25994,0.019933,172.31.47.0-255,66,193220,96,224227
25995,0.019965,74.125.130.0-255,2902,196122,96,224227
25996,0.019969,172.31.47.0-255,66,196188,96,224227
25997,0.022233,74.125.130.0-255,2902,199090,96,224227
25998,0.02224,172.31.47.0-255,66,199156,96,224227
25999,0.022285,74.125.130.0-255,2902,202058,96,224227
26000,0.022288,172.31.47.0-255,66,202124,96,224227
26001,0.024547,74.125.130.0-255,2902,205026,96,224227
26002,0.024558,172.31.47.0-255,66,205092,96,224227
26003,0.024594,74.125.130.0-255,2902,207994,96,224227
26004,0.024597,172.31.47.0-255,66,208060,96,224227
26005,0.02666,172.31.47.0-255,172,208232,96,224227
26006,0.026713,172.31.47.0-255,1104,209336,96,224227
26007,0.026786,172.31.47.0-255,1514,210850,96,224227
26008,0.026789,172.31.47.0-255,1307,212157,96,224227
26009,0.026862,74.125.130.0-255,2902,215059,96,224227
26010,0.026868,172.31.47.0-255,66,215125,96,224227
26011,0.026905,74.125.130.0-255,2902,218027,96,224227
26012,0.026909,172.31.47.0-255,66,218093,96,224227
26013,0.028227,104.244.42.0-255,66,218159,96,224227
26014,0.028337,104.244.42.0-255,66,218225,96,224227
26015,0.028341,104.244.42.0-255,66,218291,96,224227
26016,0.02917,74.125.130.0-255,2902,221193,96,224227
26017,0.029177,172.31.47.0-255,66,221259,96,224227
26018,0.029211,74.125.130.0-255,2902,224161,96,224227
26019,0.029214,172.31.47.0-255,66,224227,96,224227
26020,0.0,74.125.24.0-255,153,153,96,244816
26021,3e-05,172.31.47.0-255,66,219,96,244816
26022,3.7e-05,74.125.24.0-255,1484,1703,96,244816
26023,4e-05,172.31.47.0-255,66,1769,96,244816
26024,4.5e-05,74.125.24.0-255,2902,4671,96,244816
26025,4.7e-05,172.31.47.0-255,66,4737,96,244816
26026,5.3e-05,74.125.24.0-255,7156,11893,96,244816
26027,5.6e-05,172.31.47.0-255,66,11959,96,244816
26028,6.1e-05,74.125.24.0-255,4901,16860,96,244816
26029,6.3e-05,172.31.47.0-255,66,16926,96,244816
26030,0.000105,172.31.47.0-255,66,16992,96,244816
26031,0.00016,74.125.24.0-255,1484,18476,96,244816
26032,0.000164,172.31.47.0-255,66,18542,96,244816
26033,0.000183,74.125.24.0-255,2902,21444,96,244816
26034,0.000185,172.31.47.0-255,66,21510,96,244816
26035,0.000192,74.125.24.0-255,5738,27248,96,244816
26036,0.000194,172.31.47.0-255,66,27314,96,244816
26037,0.000237,74.125.24.0-255,7156,34470,96,244816
26038,0.00024,172.31.47.0-255,66,34536,96,244816
26039,0.000259,74.125.24.0-255,6797,41333,96,244816
26040,0.000261,172.31.47.0-255,66,41399,96,244816
26041,0.000265,74.125.24.0-255,2902,44301,96,244816
26042,0.000267,172.31.47.0-255,66,44367,96,244816
26043,0.000273,74.125.24.0-255,7108,51475,96,244816
26044,0.000275,172.31.47.0-255,66,51541,96,244816
26045,0.000323,74.125.24.0-255,109,51650,96,244816
26046,0.000326,172.31.47.0-255,66,51716,96,244816
26047,0.000329,74.125.24.0-255,332,52048,96,244816
26048,0.000331,172.31.47.0-255,66,52114,96,244816
26049,0.000777,74.125.24.0-255,1484,53598,96,244816
26050,0.000782,172.31.47.0-255,66,53664,96,244816
26051,0.00079,74.125.24.0-255,2902,56566,96,244816
26052,0.000793,74.125.24.0-255,1484,58050,96,244816
26053,0.00081,74.125.24.0-255,4320,62370,96,244816
26054,0.000829,74.125.24.0-255,5738,68108,96,244816
26055,0.000845,74.125.24.0-255,4320,72428,96,244816
26056,0.000855,172.31.47.0-255,66,72494,96,244816
26057,0.000874,74.125.24.0-255,5020,77514,96,244816
26058,0.000909,74.125.24.0-255,1484,78998,96,244816
26059,0.000913,74.125.24.0-255,1484,80482,96,244816
26060,0.000922,172.31.47.0-255,66,80548,96,244816
26061,0.000931,74.125.24.0-255,1484,82032,96,244816
26062,0.000935,74.125.24.0-255,2902,84934,96,244816
26063,0.000945,172.31.47.0-255,66,85000,96,244816
26064,0.000949,74.125.24.0-255,2902,87902,96,244816
26065,0.000951,74.125.24.0-255,1484,89386,96,244816
26066,0.000979,74.125.24.0-255,4320,93706,96,244816
26067,0.000994,74.125.24.0-255,1484,95190,96,244816
26068,0.001021,74.125.24.0-255,5020,100210,96,244816
26069,0.001034,172.31.47.0-255,66,100276,96,244816
26070,0.001086,74.125.24.0-255,1484,101760,96,244816
26071,0.001091,74.125.24.0-255,2902,104662,96,244816
26072,0.001108,74.125.24.0-255,5738,110400,96,244816
26073,0.001146,172.31.47.0-255,66,110466,96,244816
26074,0.001179,74.125.24.0-255,7156,117622,96,244816
26075,0.001214,172.31.47.0-255,66,117688,96,244816
26076,0.001219,172.31.47.0-255,66,117754,96,244816
26077,0.001233,74.125.24.0-255,1484,119238,96,244816
26078,0.001248,74.125.24.0-255,2902,122140,96,244816
26079,0.001252,74.125.24.0-255,1484,123624,96,244816
26080,0.001261,172.31.47.0-255,66,123690,96,244816
26081,0.00127,74.125.24.0-255,4320,128010,96,244816
26082,0.001274,74.125.24.0-255,4320,132330,96,244816
26083,0.001286,74.125.24.0-255,7156,139486,96,244816
26084,0.001288,172.31.47.0-255,66,139552,96,244816
26085,0.001297,74.125.24.0-255,1484,141036,96,244816
26086,0.001313,172.31.47.0-255,66,141102,96,244816
26087,0.001322,74.125.24.0-255,2902,144004,96,244816
26088,0.001348,172.31.47.0-255,66,144070,96,244816
26089,0.001362,74.125.24.0-255,6438,150508,96,244816
26090,0.001369,74.125.24.0-255,7156,157664,96,244816
26091,0.001383,74.125.24.0-255,7156,164820,96,244816
26092,0.001403,172.31.47.0-255,66,164886,96,244816
26093,0.001442,74.125.24.0-255,7156,172042,96,244816
26094,0.001446,172.31.47.0-255,66,172108,96,244816
26095,0.001498,74.125.24.0-255,1484,173592,96,244816
26096,0.001513,172.31.47.0-255,66,173658,96,244816
26097,0.001525,172.31.47.0-255,66,173724,96,244816
26098,0.001556,172.31.47.0-255,66,173790,96,244816
26099,0.001574,74.125.24.0-255,4320,178110,96,244816
26100,0.001579,172.31.47.0-255,66,178176,96,244816
26101,0.001612,74.125.24.0-255,1484,179660,96,244816
26102,0.001616,172.31.47.0-255,66,179726,96,244816
26103,0.001653,74.125.24.0-255,766,180492,96,244816
26104,0.001664,172.31.47.0-255,66,180558,96,244816
26105,0.001687,74.125.24.0-255,1484,182042,96,244816
26106,0.001701,74.125.24.0-255,2902,184944,96,244816
26107,0.001717,74.125.24.0-255,2902,187846,96,244816
26108,0.00172,172.31.47.0-255,66,187912,96,244816
26109,0.001724,172.31.47.0-255,66,187978,96,244816
26110,0.001734,74.125.24.0-255,2902,190880,96,244816
26111,0.001739,74.125.24.0-255,5738,196618,96,244816
26112,0.001748,74.125.24.0-255,1484,198102,96,244816
26113,0.00176,74.125.24.0-255,2902,201004,96,244816
26114,0.001765,172.31.47.0-255,66,201070,96,244816
26115,0.001782,74.125.24.0-255,5020,206090,96,244816
26116,0.001807,172.31.47.0-255,66,206156,96,244816
26117,0.001852,74.125.24.0-255,1484,207640,96,244816
26118,0.001872,74.125.24.0-255,2902,210542,96,244816
26119,0.001876,172.31.47.0-255,66,210608,96,244816
26120,0.001903,74.125.24.0-255,5738,216346,96,244816
26121,0.001909,74.125.24.0-255,7156,223502,96,244816
26122,0.001912,172.31.47.0-255,66,223568,96,244816
26123,0.001947,172.31.47.0-255,66,223634,96,244816
26124,0.001951,74.125.24.0-255,4320,227954,96,244816
26125,0.001954,74.125.24.0-255,2184,230138,96,244816
26126,0.001962,172.31.47.0-255,66,230204,96,244816
26127,0.001999,74.125.24.0-255,7156,237360,96,244816
26128,0.002014,74.125.24.0-255,2753,240113,96,244816
26129,0.002016,74.125.24.0-255,105,240218,96,244816
26130,0.002043,172.31.47.0-255,66,240284,96,244816
26131,0.002052,172.31.47.0-255,66,240350,96,244816
26132,0.003887,172.31.47.0-255,105,240455,96,244816
26133,0.006215,74.125.24.0-255,66,240521,96,244816
26134,0.025851,172.31.47.0-255,172,240693,96,244816
26135,0.025896,172.31.47.0-255,1105,241798,96,244816
26136,0.025957,172.31.47.0-255,1514,243312,96,244816
26137,0.025958,172.31.47.0-255,1306,244618,96,244816
26138,0.027416,104.244.42.0-255,66,244684,96,244816
26139,0.027455,104.244.42.0-255,66,244750,96,244816
26140,0.027494,104.244.42.0-255,66,244816,96,244816
26141,0.0,172.217.27.0-255,153,153,96,234172
26142,1.3e-05,172.31.47.0-255,66,219,96,234172
26143,1.9e-05,172.217.27.0-255,1484,1703,96,234172
26144,2.4e-05,172.31.47.0-255,66,1769,96,234172
26145,3.1e-05,172.217.27.0-255,2902,4671,96,234172
26146,3.4e-05,172.31.47.0-255,66,4737,96,234172
26147,3.9e-05,172.217.27.0-255,4320,9057,96,234172
26148,4.1e-05,172.31.47.0-255,66,9123,96,234172
26149,7.2e-05,172.217.27.0-255,2902,12025,96,234172
26150,7.4e-05,172.31.47.0-255,66,12091,96,234172
26151,7.9e-05,172.217.27.0-255,3552,15643,96,234172
26152,8.1e-05,172.31.47.0-255,66,15709,96,234172
26153,8.6e-05,172.217.27.0-255,4320,20029,96,234172
26154,8.8e-05,172.31.47.0-255,66,20095,96,234172
26155,9.9e-05,172.31.47.0-255,66,20161,96,234172
26156,0.000102,172.217.27.0-255,1125,21286,96,234172
26157,0.000104,172.31.47.0-255,66,21352,96,234172
26158,0.000203,172.217.27.0-255,1484,22836,96,234172
26159,0.000207,172.31.47.0-255,66,22902,96,234172
26160,0.000212,172.217.27.0-255,2902,25804,96,234172
26161,0.000214,172.31.47.0-255,66,25870,96,234172
26162,0.000232,172.217.27.0-255,5738,31608,96,234172
26163,0.000235,172.31.47.0-255,66,31674,96,234172
26164,0.000257,172.217.27.0-255,2902,34576,96,234172
26165,0.00026,172.31.47.0-255,66,34642,96,234172
26166,0.000279,172.217.27.0-255,3961,38603,96,234172
26167,0.000281,172.31.47.0-255,66,38669,96,234172
26168,0.000287,172.217.27.0-255,7156,45825,96,234172
26169,0.000289,172.31.47.0-255,66,45891,96,234172
26170,0.000326,172.31.47.0-255,66,45957,96,234172
26171,0.000807,172.217.27.0-255,382,46339,96,234172
26172,0.0009,172.31.47.0-255,66,46405,96,234172
26173,0.001013,172.217.27.0-255,1484,47889,96,234172
26174,0.001021,172.217.27.0-255,2902,50791,96,234172
26175,0.001024,172.31.47.0-255,66,50857,96,234172
26176,0.001028,172.217.27.0-255,2902,53759,96,234172
26177,0.001029,172.31.47.0-255,66,53825,96,234172
26178,0.001044,172.217.27.0-255,2902,56727,96,234172
26179,0.001046,172.31.47.0-255,66,56793,96,234172
26180,0.001071,172.217.27.0-255,6797,63590,96,234172
26181,0.001073,172.31.47.0-255,66,63656,96,234172
26182,0.001078,172.217.27.0-255,5738,69394,96,234172
26183,0.00108,172.31.47.0-255,66,69460,96,234172
26184,0.001091,172.217.27.0-255,1484,70944,96,234172
26185,0.00112,172.31.47.0-255,66,71010,96,234172
26186,0.001163,172.217.27.0-255,1484,72494,96,234172
26187,0.001175,172.217.27.0-255,2902,75396,96,234172
26188,0.001177,172.31.47.0-255,66,75462,96,234172
26189,0.001181,172.217.27.0-255,1484,76946,96,234172
26190,0.0012,172.217.27.0-255,4320,81266,96,234172
26191,0.001204,172.217.27.0-255,4320,85586,96,234172
26192,0.001209,172.217.27.0-255,5738,91324,96,234172
26193,0.001212,172.31.47.0-255,66,91390,96,234172
26194,0.001218,172.31.47.0-255,66,91456,96,234172
26195,0.00122,172.31.47.0-255,66,91522,96,234172
26196,0.001222,172.217.27.0-255,1484,93006,96,234172
26197,0.001253,172.31.47.0-255,66,93072,96,234172
26198,0.001256,172.217.27.0-255,2184,95256,96,234172
26199,0.001258,172.31.47.0-255,66,95322,96,234172
26200,0.001306,172.217.27.0-255,1484,96806,96,234172
26201,0.00131,172.217.27.0-255,2902,99708,96,234172
26202,0.001312,172.31.47.0-255,66,99774,96,234172
26203,0.001332,172.217.27.0-255,5738,105512,96,234172
26204,0.001334,172.31.47.0-255,66,105578,96,234172
26205,0.001367,172.31.47.0-255,66,105644,96,234172
26206,0.001376,172.31.47.0-255,66,105710,96,234172
26207,0.00142,172.217.27.0-255,2184,107894,96,234172
26208,0.001422,172.31.47.0-255,66,107960,96,234172
26209,0.001437,172.217.27.0-255,2902,110862,96,234172
26210,0.001441,172.31.47.0-255,66,110928,96,234172
26211,0.001459,172.217.27.0-255,4320,115248,96,234172
26212,0.001461,172.31.47.0-255,66,115314,96,234172
26213,0.001487,172.217.27.0-255,2902,118216,96,234172
26214,0.00149,172.31.47.0-255,66,118282,96,234172
26215,0.001498,172.31.47.0-255,66,118348,96,234172
26216,0.001518,172.217.27.0-255,5738,124086,96,234172
26217,0.00152,172.31.47.0-255,66,124152,96,234172
26218,0.001548,172.31.47.0-255,66,124218,96,234172
26219,0.001569,172.217.27.0-255,4320,128538,96,234172
26220,0.001571,172.31.47.0-255,66,128604,96,234172
26221,0.001576,172.217.27.0-255,5738,134342,96,234172
26222,0.001578,172.31.47.0-255,66,134408,96,234172
26223,0.001589,172.217.27.0-255,1484,135892,96,234172
26224,0.00162,172.31.47.0-255,66,135958,96,234172
26225,0.00163,172.31.47.0-255,66,136024,96,234172
26226,0.001639,172.217.27.0-255,766,136790,96,234172
26227,0.002398,172.31.47.0-255,66,136856,96,234172
26228,0.003241,172.217.27.0-255,4320,141176,96,234172
26229,0.003245,172.31.47.0-255,66,141242,96,234172
26230,0.004017,172.217.27.0-255,1484,142726,96,234172
26231,0.004853,172.217.27.0-255,4320,147046,96,234172
26232,0.004857,172.31.47.0-255,66,147112,96,234172
26233,0.006478,172.217.27.0-255,5738,152850,96,234172
26234,0.00649,172.31.47.0-255,66,152916,96,234172
26235,0.008113,172.217.27.0-255,5738,158654,96,234172
26236,0.008119,172.31.47.0-255,66,158720,96,234172
26237,0.00975,172.217.27.0-255,5738,164458,96,234172
26238,0.009762,172.31.47.0-255,66,164524,96,234172
26239,0.011397,172.217.27.0-255,5738,170262,96,234172
26240,0.011414,172.31.47.0-255,66,170328,96,234172
26241,0.013051,172.217.27.0-255,5738,176066,96,234172
26242,0.013063,172.31.47.0-255,66,176132,96,234172
26243,0.014682,172.217.27.0-255,5738,181870,96,234172
26244,0.014693,172.31.47.0-255,66,181936,96,234172
26245,0.016324,172.217.27.0-255,5738,187674,96,234172
26246,0.016331,172.31.47.0-255,66,187740,96,234172
26247,0.017955,172.217.27.0-255,5738,193478,96,234172
26248,0.017963,172.31.47.0-255,66,193544,96,234172
26249,0.019589,172.217.27.0-255,5738,199282,96,234172
26250,0.019596,172.31.47.0-255,66,199348,96,234172
26251,0.02123,172.217.27.0-255,5738,205086,96,234172
26252,0.021244,172.31.47.0-255,66,205152,96,234172
26253,0.022876,172.217.27.0-255,5738,210890,96,234172
26254,0.022888,172.31.47.0-255,66,210956,96,234172
26255,0.024522,172.217.27.0-255,5738,216694,96,234172
26256,0.024536,172.31.47.0-255,66,216760,96,234172
26257,0.026161,172.217.27.0-255,5738,222498,96,234172
26258,0.026169,172.31.47.0-255,66,222564,96,234172
26259,0.0278,172.217.27.0-255,5738,228302,96,234172
26260,0.027805,172.31.47.0-255,66,228368,96,234172
26261,0.029433,172.217.27.0-255,5738,234106,96,234172
26262,0.029438,172.31.47.0-255,66,234172,96,234172
26263,0.0,74.125.24.0-255,152,152,96,222906
26264,3.3e-05,172.31.47.0-255,66,218,96,222906
26265,4e-05,74.125.24.0-255,1484,1702,96,222906
26266,4.3e-05,172.31.47.0-255,66,1768,96,222906
26267,4.8e-05,74.125.24.0-255,2902,4670,96,222906
26268,5.2e-05,172.31.47.0-255,66,4736,96,222906
26269,5.9e-05,74.125.24.0-255,7156,11892,96,222906
26270,6.2e-05,172.31.47.0-255,66,11958,96,222906
26271,6.7e-05,74.125.24.0-255,4320,16278,96,222906
26272,7e-05,172.31.47.0-255,66,16344,96,222906
26273,0.000109,172.31.47.0-255,66,16410,96,222906
26274,0.000113,74.125.24.0-255,2543,18953,96,222906
26275,0.000116,172.31.47.0-255,66,19019,96,222906
26276,0.000299,74.125.24.0-255,1484,20503,96,222906
26277,0.000304,172.31.47.0-255,66,20569,96,222906
26278,0.000309,74.125.24.0-255,2902,23471,96,222906
26279,0.000312,172.31.47.0-255,66,23537,96,222906
26280,0.000337,74.125.24.0-255,5738,29275,96,222906
26281,0.000341,172.31.47.0-255,66,29341,96,222906
26282,0.000377,74.125.24.0-255,6797,36138,96,222906
26283,0.00038,172.31.47.0-255,66,36204,96,222906
26284,0.000384,74.125.24.0-255,2902,39106,96,222906
26285,0.000387,172.31.47.0-255,66,39172,96,222906
26286,0.000402,74.125.24.0-255,4320,43492,96,222906
26287,0.000404,172.31.47.0-255,66,43558,96,222906
26288,0.00044,172.31.47.0-255,66,43624,96,222906
26289,0.000832,74.125.24.0-255,646,44270,96,222906
26290,0.000837,172.31.47.0-255,66,44336,96,222906
26291,0.000865,74.125.24.0-255,1484,45820,96,222906
26292,0.000867,172.31.47.0-255,66,45886,96,222906
26293,0.000872,74.125.24.0-255,2902,48788,96,222906
26294,0.000874,172.31.47.0-255,66,48854,96,222906
26295,0.000885,74.125.24.0-255,1484,50338,96,222906
26296,0.000935,172.31.47.0-255,66,50404,96,222906
26297,0.000941,74.125.24.0-255,5738,56142,96,222906
26298,0.000943,172.31.47.0-255,66,56208,96,222906
26299,0.000972,74.125.24.0-255,5738,61946,96,222906
26300,0.000975,172.31.47.0-255,66,62012,96,222906
26301,0.000989,74.125.24.0-255,6438,68450,96,222906
26302,0.000992,172.31.47.0-255,66,68516,96,222906
26303,0.001086,74.125.24.0-255,1484,70000,96,222906
26304,0.001092,74.125.24.0-255,2902,72902,96,222906
26305,0.001094,172.31.47.0-255,66,72968,96,222906
26306,0.001098,74.125.24.0-255,1484,74452,96,222906
26307,0.00111,74.125.24.0-255,4320,78772,96,222906
26308,0.001112,172.31.47.0-255,66,78838,96,222906
26309,0.001117,74.125.24.0-255,4320,83158,96,222906
26310,0.001119,172.31.47.0-255,66,83224,96,222906
26311,0.001146,172.31.47.0-255,66,83290,96,222906
26312,0.001163,74.125.24.0-255,2902,86192,96,222906
26313,0.001165,172.31.47.0-255,66,86258,96,222906
26314,0.00117,74.125.24.0-255,4320,90578,96,222906
26315,0.001172,172.31.47.0-255,66,90644,96,222906
26316,0.001183,74.125.24.0-255,3602,94246,96,222906
26317,0.001185,172.31.47.0-255,66,94312,96,222906
26318,0.002081,74.125.24.0-255,1484,95796,96,222906
26319,0.002087,74.125.24.0-255,2902,98698,96,222906
26320,0.002091,172.31.47.0-255,66,98764,96,222906
26321,0.002113,74.125.24.0-255,5738,104502,96,222906
26322,0.002116,172.31.47.0-255,66,104568,96,222906
26323,0.002118,74.125.24.0-255,1484,106052,96,222906
26324,0.002139,172.31.47.0-255,66,106118,96,222906
26325,0.002158,74.125.24.0-255,2902,109020,96,222906
26326,0.00216,172.31.47.0-255,66,109086,96,222906
26327,0.002166,74.125.24.0-255,7156,116242,96,222906
26328,0.002168,172.31.47.0-255,66,116308,96,222906
26329,0.002188,74.125.24.0-255,3602,119910,96,222906
26330,0.00219,172.31.47.0-255,66,119976,96,222906
26331,0.002192,74.125.24.0-255,1484,121460,96,222906
26332,0.002228,74.125.24.0-255,2902,124362,96,222906
26333,0.00223,172.31.47.0-255,66,124428,96,222906
26334,0.002239,172.31.47.0-255,66,124494,96,222906
26335,0.002243,74.125.24.0-255,4320,128814,96,222906
26336,0.002244,172.31.47.0-255,66,128880,96,222906
26337,0.002266,74.125.24.0-255,7156,136036,96,222906
26338,0.002268,172.31.47.0-255,66,136102,96,222906
26339,0.002272,74.125.24.0-255,4320,140422,96,222906
26340,0.002274,172.31.47.0-255,66,140488,96,222906
26341,0.002303,172.31.47.0-255,66,140554,96,222906
26342,0.002313,172.31.47.0-255,66,140620,96,222906
26343,0.002347,74.125.24.0-255,7156,147776,96,222906
26344,0.002349,172.31.47.0-255,66,147842,96,222906
26345,0.002374,172.31.47.0-255,66,147908,96,222906
26346,0.002378,74.125.24.0-255,4320,152228,96,222906
26347,0.002379,172.31.47.0-255,66,152294,96,222906
26348,0.002405,172.31.47.0-255,66,152360,96,222906
26349,0.002414,172.31.47.0-255,66,152426,96,222906
26350,0.002461,74.125.24.0-255,6438,158864,96,222906
26351,0.002463,172.31.47.0-255,66,158930,96,222906
26352,0.004866,74.125.24.0-255,2902,161832,96,222906
26353,0.004869,172.31.47.0-255,66,161898,96,222906
26354,0.004886,74.125.24.0-255,2902,164800,96,222906
26355,0.004888,172.31.47.0-255,66,164866,96,222906
26356,0.007316,74.125.24.0-255,5738,170604,96,222906
26357,0.007325,172.31.47.0-255,66,170670,96,222906
26358,0.009733,74.125.24.0-255,5738,176408,96,222906
26359,0.009741,172.31.47.0-255,66,176474,96,222906
26360,0.012088,74.125.24.0-255,5738,182212,96,222906
26361,0.012095,172.31.47.0-255,66,182278,96,222906
26362,0.014454,74.125.24.0-255,5738,188016,96,222906
26363,0.01446,172.31.47.0-255,66,188082,96,222906
26364,0.016883,74.125.24.0-255,5738,193820,96,222906
26365,0.016891,172.31.47.0-255,66,193886,96,222906
26366,0.01931,74.125.24.0-255,5738,199624,96,222906
26367,0.019317,172.31.47.0-255,66,199690,96,222906
26368,0.021697,74.125.24.0-255,5738,205428,96,222906
26369,0.021721,172.31.47.0-255,66,205494,96,222906
26370,0.024091,74.125.24.0-255,5738,211232,96,222906
26371,0.024102,172.31.47.0-255,66,211298,96,222906
26372,0.02651,74.125.24.0-255,5738,217036,96,222906
26373,0.026515,172.31.47.0-255,66,217102,96,222906
26374,0.028919,74.125.24.0-255,5738,222840,96,222906
26375,0.028927,172.31.47.0-255,66,222906,96,222906
26376,0.0,172.217.194.0-255,157,157,96,197632
26377,2.5e-05,172.31.47.0-255,66,223,96,197632
26378,3.1e-05,172.217.194.0-255,1484,1707,96,197632
26379,3.5e-05,172.31.47.0-255,66,1773,96,197632
26380,3.9e-05,172.217.194.0-255,2902,4675,96,197632
26381,4.1e-05,172.31.47.0-255,66,4741,96,197632
26382,4.4e-05,172.217.194.0-255,1484,6225,96,197632
26383,4.6e-05,172.31.47.0-255,66,6291,96,197632
26384,6.7e-05,172.217.194.0-255,2902,9193,96,197632
26385,6.9e-05,172.31.47.0-255,66,9259,96,197632
26386,7.5e-05,172.217.194.0-255,7156,16415,96,197632
26387,7.7e-05,172.31.47.0-255,66,16481,96,197632
26388,9.3e-05,172.217.194.0-255,2064,18545,96,197632
26389,9.5e-05,172.31.47.0-255,66,18611,96,197632
26390,0.0001,172.217.194.0-255,4320,22931,96,197632
26391,0.000102,172.31.47.0-255,66,22997,96,197632
26392,0.000131,172.31.47.0-255,66,23063,96,197632
26393,0.000257,172.217.194.0-255,1484,24547,96,197632
26394,0.000261,172.31.47.0-255,66,24613,96,197632
26395,0.000281,172.217.194.0-255,2902,27515,96,197632
26396,0.000283,172.31.47.0-255,66,27581,96,197632
26397,0.000288,172.217.194.0-255,5738,33319,96,197632
26398,0.00029,172.31.47.0-255,66,33385,96,197632
26399,0.000293,172.217.194.0-255,1484,34869,96,197632
26400,0.000295,172.31.47.0-255,66,34935,96,197632
26401,0.000322,172.217.194.0-255,5379,40314,96,197632
26402,0.000325,172.31.47.0-255,66,40380,96,197632
26403,0.000329,172.217.194.0-255,2902,43282,96,197632
26404,0.000333,172.31.47.0-255,66,43348,96,197632
26405,0.000354,172.31.47.0-255,66,43414,96,197632
26406,0.000357,172.217.194.0-255,2834,46248,96,197632
26407,0.000361,172.31.47.0-255,66,46314,96,197632
26408,0.000383,172.217.194.0-255,395,46709,96,197632
26409,0.000543,172.217.194.0-255,1484,48193,96,197632
26410,0.000547,172.31.47.0-255,66,48259,96,197632
26411,0.00055,172.217.194.0-255,1484,49743,96,197632
26412,0.000562,172.217.194.0-255,1484,51227,96,197632
26413,0.000564,172.31.47.0-255,66,51293,96,197632
26414,0.00057,172.217.194.0-255,5738,57031,96,197632
26415,0.000572,172.31.47.0-255,66,57097,96,197632
26416,0.000605,172.31.47.0-255,66,57163,96,197632
26417,0.000632,172.31.47.0-255,66,57229,96,197632
26418,0.000727,172.217.194.0-255,1484,58713,96,197632
26419,0.000732,172.217.194.0-255,2902,61615,96,197632
26420,0.000734,172.31.47.0-255,66,61681,96,197632
26421,0.000755,172.217.194.0-255,5738,67419,96,197632
26422,0.000758,172.31.47.0-255,66,67485,96,197632
26423,0.00076,172.217.194.0-255,1484,68969,96,197632
26424,0.000784,172.31.47.0-255,66,69035,96,197632
26425,0.000811,172.217.194.0-255,2902,71937,96,197632
26426,0.000813,172.31.47.0-255,66,72003,96,197632
26427,0.000839,172.31.47.0-255,66,72069,96,197632
26428,0.000842,172.217.194.0-255,2184,74253,96,197632
26429,0.000844,172.31.47.0-255,66,74319,96,197632
26430,0.000866,172.217.194.0-255,1484,75803,96,197632
26431,0.000882,172.217.194.0-255,4320,80123,96,197632
26432,0.000885,172.31.47.0-255,66,80189,96,197632
26433,0.00091,172.31.47.0-255,66,80255,96,197632
26434,0.000921,172.31.47.0-255,66,80321,96,197632
26435,0.000947,172.217.194.0-255,7156,87477,96,197632
26436,0.000949,172.31.47.0-255,66,87543,96,197632
26437,0.000952,172.217.194.0-255,766,88309,96,197632
26438,0.001285,172.31.47.0-255,66,88375,96,197632
26439,0.00181,172.217.194.0-255,1484,89859,96,197632
26440,0.001822,172.217.194.0-255,2902,92761,96,197632
26441,0.001829,172.31.47.0-255,66,92827,96,197632
26442,0.001838,172.217.194.0-255,5738,98565,96,197632
26443,0.00184,172.31.47.0-255,66,98631,96,197632
26444,0.001845,172.217.194.0-255,4320,102951,96,197632
26445,0.001847,172.31.47.0-255,66,103017,96,197632
26446,0.001888,172.31.47.0-255,66,103083,96,197632
26447,0.001901,172.31.47.0-255,66,103149,96,197632
26448,0.001927,172.217.194.0-255,1484,104633,96,197632
26449,0.001951,172.217.194.0-255,1484,106117,96,197632
26450,0.001953,172.31.47.0-255,66,106183,96,197632
26451,0.001969,172.217.194.0-255,1484,107667,96,197632
26452,0.001979,172.217.194.0-255,1484,109151,96,197632
26453,0.001996,172.31.47.0-255,66,109217,96,197632
26454,0.002015,172.217.194.0-255,4320,113537,96,197632
26455,0.002017,172.31.47.0-255,66,113603,96,197632
26456,0.002027,172.31.47.0-255,66,113669,96,197632
26457,0.002054,172.217.194.0-255,2902,116571,96,197632
26458,0.002056,172.31.47.0-255,66,116637,96,197632
26459,0.002077,172.217.194.0-255,7156,123793,96,197632
26460,0.002079,172.31.47.0-255,66,123859,96,197632
26461,0.002096,172.217.194.0-255,5020,128879,96,197632
26462,0.002098,172.31.47.0-255,66,128945,96,197632
26463,0.002141,172.217.194.0-255,1484,130429,96,197632
26464,0.002144,172.217.194.0-255,1484,131913,96,197632
26465,0.002146,172.31.47.0-255,66,131979,96,197632
26466,0.002161,172.217.194.0-255,1484,133463,96,197632
26467,0.002167,172.217.194.0-255,5738,139201,96,197632
26468,0.002169,172.31.47.0-255,66,139267,96,197632
26469,0.002191,172.217.194.0-255,7156,146423,96,197632
26470,0.002194,172.31.47.0-255,66,146489,96,197632
26471,0.002217,172.217.194.0-255,5738,152227,96,197632
26472,0.00222,172.31.47.0-255,66,152293,96,197632
26473,0.002229,172.31.47.0-255,66,152359,96,197632
26474,0.002245,172.217.194.0-255,2184,154543,96,197632
26475,0.002247,172.31.47.0-255,66,154609,96,197632
26476,0.00229,172.217.194.0-255,2902,157511,96,197632
26477,0.002292,172.31.47.0-255,66,157577,96,197632
26478,0.002311,172.217.194.0-255,4320,161897,96,197632
26479,0.002313,172.31.47.0-255,66,161963,96,197632
26480,0.002318,172.217.194.0-255,4320,166283,96,197632
26481,0.002321,172.31.47.0-255,66,166349,96,197632
26482,0.002337,172.217.194.0-255,4320,170669,96,197632
26483,0.002339,172.31.47.0-255,66,170735,96,197632
26484,0.002384,172.31.47.0-255,66,170801,96,197632
26485,0.002423,172.217.194.0-255,7156,177957,96,197632
26486,0.002425,172.31.47.0-255,66,178023,96,197632
26487,0.00245,172.31.47.0-255,66,178089,96,197632
26488,0.002462,172.31.47.0-255,66,178155,96,197632
26489,0.002472,172.31.47.0-255,66,178221,96,197632
26490,0.00251,172.31.47.0-255,66,178287,96,197632
26491,0.002532,172.217.194.0-255,7156,185443,96,197632
26492,0.002534,172.31.47.0-255,66,185509,96,197632
26493,0.002555,172.31.47.0-255,66,185575,96,197632
26494,0.002566,172.31.47.0-255,66,185641,96,197632
26495,0.002597,172.217.194.0-255,7156,192797,96,197632
26496,0.002599,172.31.47.0-255,66,192863,96,197632
26497,0.002609,172.31.47.0-255,66,192929,96,197632
26498,0.002619,172.31.47.0-255,66,192995,96,197632
26499,0.002622,172.217.194.0-255,105,193100,96,197632
26500,0.008803,172.31.47.0-255,66,193166,96,197632
26501,0.008833,172.31.47.0-255,105,193271,96,197632
26502,0.011369,172.217.194.0-255,66,193337,96,197632
26503,0.026958,172.31.47.0-255,172,193509,96,197632
26504,0.026988,172.31.47.0-255,1105,194614,96,197632
26505,0.027016,172.31.47.0-255,1514,196128,96,197632
26506,0.027018,172.31.47.0-255,1306,197434,96,197632
26507,0.028532,104.244.42.0-255,66,197500,96,197632
26508,0.02854,104.244.42.0-255,66,197566,96,197632
26509,0.028568,104.244.42.0-255,66,197632,96,197632
26510,0.0,74.125.24.0-255,153,153,96,260441
26511,2.2e-05,172.31.47.0-255,66,219,96,260441
26512,5.9e-05,74.125.24.0-255,1484,1703,96,260441
26513,6.3e-05,172.31.47.0-255,66,1769,96,260441
26514,6.9e-05,74.125.24.0-255,2902,4671,96,260441
26515,7.2e-05,172.31.47.0-255,66,4737,96,260441
26516,8.4e-05,74.125.24.0-255,5738,10475,96,260441
26517,8.7e-05,172.31.47.0-255,66,10541,96,260441
26518,9.2e-05,74.125.24.0-255,3486,14027,96,260441
26519,9.5e-05,172.31.47.0-255,66,14093,96,260441
26520,0.000135,172.31.47.0-255,66,14159,96,260441
26521,0.000163,74.125.24.0-255,5379,19538,96,260441
26522,0.000166,172.31.47.0-255,66,19604,96,260441
26523,0.000214,74.125.24.0-255,1484,21088,96,260441
26524,0.000217,172.31.47.0-255,66,21154,96,260441
26525,0.000222,74.125.24.0-255,2902,24056,96,260441
26526,0.000224,172.31.47.0-255,66,24122,96,260441
26527,0.000258,74.125.24.0-255,5738,29860,96,260441
26528,0.000261,172.31.47.0-255,66,29926,96,260441
26529,0.000266,74.125.24.0-255,2902,32828,96,260441
26530,0.000268,172.31.47.0-255,66,32894,96,260441
26531,0.000312,172.31.47.0-255,66,32960,96,260441
26532,0.000339,74.125.24.0-255,7156,40116,96,260441
26533,0.000342,172.31.47.0-255,66,40182,96,260441
26534,0.000366,74.125.24.0-255,3895,44077,96,260441
26535,0.000369,172.31.47.0-255,66,44143,96,260441
26536,0.0004,74.125.24.0-255,383,44526,96,260441
26537,0.000403,172.31.47.0-255,66,44592,96,260441
26538,0.000578,74.125.24.0-255,1484,46076,96,260441
26539,0.000582,172.31.47.0-255,66,46142,96,260441
26540,0.000608,74.125.24.0-255,1484,47626,96,260441
26541,0.000626,74.125.24.0-255,1484,49110,96,260441
26542,0.000633,74.125.24.0-255,5738,54848,96,260441
26543,0.000654,172.31.47.0-255,66,54914,96,260441
26544,0.00067,74.125.24.0-255,4320,59234,96,260441
26545,0.000673,74.125.24.0-255,1484,60718,96,260441
26546,0.00068,74.125.24.0-255,7156,67874,96,260441
26547,0.000693,74.125.24.0-255,2184,70058,96,260441
26548,0.000705,172.31.47.0-255,66,70124,96,260441
26549,0.000759,74.125.24.0-255,1484,71608,96,260441
26550,0.000772,74.125.24.0-255,2902,74510,96,260441
26551,0.000794,74.125.24.0-255,1484,75994,96,260441
26552,0.000808,74.125.24.0-255,1484,77478,96,260441
26553,0.000813,172.31.47.0-255,66,77544,96,260441
26554,0.000823,74.125.24.0-255,4320,81864,96,260441
26555,0.000842,172.31.47.0-255,66,81930,96,260441
26556,0.000847,74.125.24.0-255,1484,83414,96,260441
26557,0.000868,74.125.24.0-255,4320,87734,96,260441
26558,0.000893,172.31.47.0-255,66,87800,96,260441
26559,0.000898,74.125.24.0-255,2902,90702,96,260441
26560,0.000904,172.31.47.0-255,66,90768,96,260441
26561,0.000923,74.125.24.0-255,5738,96506,96,260441
26562,0.00094,74.125.24.0-255,2902,99408,96,260441
26563,0.000966,74.125.24.0-255,4472,103880,96,260441
26564,0.000978,74.125.24.0-255,2902,106782,96,260441
26565,0.000981,172.31.47.0-255,66,106848,96,260441
26566,0.000987,172.31.47.0-255,66,106914,96,260441
26567,0.00101,74.125.24.0-255,7156,114070,96,260441
26568,0.001022,74.125.24.0-255,7156,121226,96,260441
26569,0.001038,74.125.24.0-255,7156,128382,96,260441
26570,0.001049,74.125.24.0-255,1484,129866,96,260441
26571,0.001056,74.125.24.0-255,7156,137022,96,260441
26572,0.00107,172.31.47.0-255,66,137088,96,260441
26573,0.001114,172.31.47.0-255,66,137154,96,260441
26574,0.001121,74.125.24.0-255,1484,138638,96,260441
26575,0.001143,74.125.24.0-255,2184,140822,96,260441
26576,0.001158,172.31.47.0-255,66,140888,96,260441
26577,0.001526,74.125.24.0-255,1484,142372,96,260441
26578,0.001532,74.125.24.0-255,1484,143856,96,260441
26579,0.001543,74.125.24.0-255,1484,145340,96,260441
26580,0.001554,172.31.47.0-255,66,145406,96,260441
26581,0.001588,74.125.24.0-255,5738,151144,96,260441
26582,0.0016,172.31.47.0-255,66,151210,96,260441
26583,0.001677,74.125.24.0-255,1484,152694,96,260441
26584,0.001698,172.31.47.0-255,66,152760,96,260441
26585,0.00176,74.125.24.0-255,1484,154244,96,260441
26586,0.001777,74.125.24.0-255,2902,157146,96,260441
26587,0.001794,172.31.47.0-255,66,157212,96,260441
26588,0.001805,74.125.24.0-255,2902,160114,96,260441
26589,0.001821,74.125.24.0-255,2902,163016,96,260441
26590,0.001823,172.31.47.0-255,66,163082,96,260441
26591,0.001862,74.125.24.0-255,1484,164566,96,260441
26592,0.001871,172.31.47.0-255,66,164632,96,260441
26593,0.001922,172.31.47.0-255,66,164698,96,260441
26594,0.001965,74.125.24.0-255,1484,166182,96,260441
26595,0.00197,74.125.24.0-255,2902,169084,96,260441
26596,0.001974,74.125.24.0-255,2902,171986,96,260441
26597,0.001983,172.31.47.0-255,66,172052,96,260441
26598,0.002005,74.125.24.0-255,2902,174954,96,260441
26599,0.002009,74.125.24.0-255,1484,176438,96,260441
26600,0.002024,74.125.24.0-255,7156,183594,96,260441
26601,0.002035,172.31.47.0-255,66,183660,96,260441
26602,0.002042,74.125.24.0-255,6438,190098,96,260441
26603,0.002062,172.31.47.0-255,66,190164,96,260441
26604,0.002175,74.125.24.0-255,1484,191648,96,260441
26605,0.002182,74.125.24.0-255,2902,194550,96,260441
26606,0.002188,74.125.24.0-255,5738,200288,96,260441
26607,0.002224,172.31.47.0-255,66,200354,96,260441
26608,0.002244,74.125.24.0-255,4320,204674,96,260441
26609,0.00227,172.31.47.0-255,66,204740,96,260441
26610,0.002279,74.125.24.0-255,4320,209060,96,260441
26611,0.002284,172.31.47.0-255,66,209126,96,260441
26612,0.002341,74.125.24.0-255,5020,214146,96,260441
26613,0.002353,172.31.47.0-255,66,214212,96,260441
26614,0.004664,74.125.24.0-255,5738,219950,96,260441
26615,0.00467,172.31.47.0-255,66,220016,96,260441
26616,0.007048,74.125.24.0-255,4320,224336,96,260441
26617,0.007065,74.125.24.0-255,1484,225820,96,260441
26618,0.010308,172.31.47.0-255,66,225886,96,260441
26619,0.012625,74.125.24.0-255,5738,231624,96,260441
26620,0.012634,172.31.47.0-255,66,231690,96,260441
26621,0.01497,74.125.24.0-255,5738,237428,96,260441
26622,0.017618,172.31.47.0-255,66,237494,96,260441
26623,0.019938,74.125.24.0-255,5738,243232,96,260441
26624,0.019947,172.31.47.0-255,66,243298,96,260441
26625,0.022294,74.125.24.0-255,5738,249036,96,260441
26626,0.022302,172.31.47.0-255,66,249102,96,260441
26627,0.024624,74.125.24.0-255,5738,254840,96,260441
26628,0.024631,172.31.47.0-255,66,254906,96,260441
26629,0.026945,74.125.24.0-255,5364,260270,96,260441
26630,0.026951,172.31.47.0-255,66,260336,96,260441
26631,0.028943,172.31.47.0-255,105,260441,96,260441
26632,0.0,172.31.47.0-255,105,105,96,105
26633,0.0,172.217.194.0-255,153,153,96,197687
26634,3.1e-05,172.31.47.0-255,66,219,96,197687
26635,3.7e-05,172.217.194.0-255,1484,1703,96,197687
26636,4.1e-05,172.31.47.0-255,66,1769,96,197687
26637,4.6e-05,172.217.194.0-255,2902,4671,96,197687
26638,4.8e-05,172.31.47.0-255,66,4737,96,197687
26639,6.2e-05,172.217.194.0-255,7156,11893,96,197687
26640,6.5e-05,172.31.47.0-255,66,11959,96,197687
26641,0.000117,172.31.47.0-255,66,12025,96,197687
26642,0.00012,172.217.194.0-255,1484,13509,96,197687
26643,0.000122,172.31.47.0-255,66,13575,96,197687
26644,0.000151,172.217.194.0-255,6797,20372,96,197687
26645,0.000159,172.31.47.0-255,66,20438,96,197687
26646,0.000227,172.217.194.0-255,1484,21922,96,197687
26647,0.00023,172.31.47.0-255,66,21988,96,197687
26648,0.000256,172.217.194.0-255,2902,24890,96,197687
26649,0.000258,172.31.47.0-255,66,24956,96,197687
26650,0.000263,172.217.194.0-255,5738,30694,96,197687
26651,0.000265,172.31.47.0-255,66,30760,96,197687
26652,0.000291,172.217.194.0-255,7156,37916,96,197687
26653,0.000294,172.31.47.0-255,66,37982,96,197687
26654,0.000314,172.217.194.0-255,5379,43361,96,197687
26655,0.000316,172.31.47.0-255,66,43427,96,197687
26656,0.000321,172.217.194.0-255,2902,46329,96,197687
26657,0.000324,172.31.47.0-255,66,46395,96,197687
26658,0.000361,172.217.194.0-255,398,46793,96,197687
26659,0.000364,172.31.47.0-255,66,46859,96,197687
26660,0.000367,172.31.47.0-255,66,46925,96,197687
26661,0.00042,172.217.194.0-255,1484,48409,96,197687
26662,0.000424,172.31.47.0-255,66,48475,96,197687
26663,0.000428,172.217.194.0-255,2902,51377,96,197687
26664,0.00043,172.31.47.0-255,66,51443,96,197687
26665,0.000433,172.217.194.0-255,1484,52927,96,197687
26666,0.000435,172.31.47.0-255,66,52993,96,197687
26667,0.000461,172.217.194.0-255,4320,57313,96,197687
26668,0.000468,172.31.47.0-255,66,57379,96,197687
26669,0.000469,172.217.194.0-255,7156,64535,96,197687
26670,0.000474,172.31.47.0-255,66,64601,96,197687
26671,0.000509,172.217.194.0-255,5738,70339,96,197687
26672,0.000512,172.31.47.0-255,66,70405,96,197687
26673,0.000529,172.31.47.0-255,66,70471,96,197687
26674,0.001022,172.217.194.0-255,1484,71955,96,197687
26675,0.001031,172.217.194.0-255,2902,74857,96,197687
26676,0.001034,172.31.47.0-255,66,74923,96,197687
26677,0.001039,172.217.194.0-255,5738,80661,96,197687
26678,0.001041,172.31.47.0-255,66,80727,96,197687
26679,0.001071,172.31.47.0-255,66,80793,96,197687
26680,0.001109,172.31.47.0-255,66,80859,96,197687
26681,0.001851,172.217.194.0-255,1484,82343,96,197687
26682,0.001859,172.217.194.0-255,2902,85245,96,197687
26683,0.001863,172.31.47.0-255,66,85311,96,197687
26684,0.001867,172.217.194.0-255,1484,86795,96,197687
26685,0.001891,172.217.194.0-255,4320,91115,96,197687
26686,0.001893,172.31.47.0-255,66,91181,96,197687
26687,0.001904,172.31.47.0-255,66,91247,96,197687
26688,0.001933,172.217.194.0-255,2902,94149,96,197687
26689,0.001936,172.31.47.0-255,66,94215,96,197687
26690,0.001948,172.31.47.0-255,66,94281,96,197687
26691,0.002011,172.217.194.0-255,4320,98601,96,197687
26692,0.002114,172.217.194.0-255,3602,102203,96,197687
26693,0.002131,172.217.194.0-255,4320,106523,96,197687
26694,0.002145,172.217.194.0-255,4320,110843,96,197687
26695,0.002162,172.217.194.0-255,5738,116581,96,197687
26696,0.002193,172.217.194.0-255,2902,119483,96,197687
26697,0.002219,172.217.194.0-255,6438,125921,96,197687
26698,0.002257,172.217.194.0-255,5738,131659,96,197687
26699,0.002277,172.217.194.0-255,1484,133143,96,197687
26700,0.002284,172.217.194.0-255,7156,140299,96,197687
26701,0.002288,172.217.194.0-255,2902,143201,96,197687
26702,0.002323,172.217.194.0-255,5738,148939,96,197687
26703,0.002352,172.217.194.0-255,2184,151123,96,197687
26704,0.009722,172.31.47.0-255,66,151189,96,197687
26705,0.011559,172.217.194.0-255,1484,152673,96,197687
26706,0.012064,172.217.194.0-255,4320,156993,96,197687
26707,0.012071,172.31.47.0-255,66,157059,96,197687
26708,0.014403,172.217.194.0-255,5738,162797,96,197687
26709,0.014419,172.31.47.0-255,66,162863,96,197687
26710,0.016735,172.217.194.0-255,5738,168601,96,197687
26711,0.016754,172.31.47.0-255,66,168667,96,197687
26712,0.019052,172.217.194.0-255,5738,174405,96,197687
26713,0.01906,172.31.47.0-255,66,174471,96,197687
26714,0.021384,172.217.194.0-255,5738,180209,96,197687
26715,0.021391,172.31.47.0-255,66,180275,96,197687
26716,0.023718,172.217.194.0-255,5738,186013,96,197687
26717,0.023729,172.31.47.0-255,66,186079,96,197687
26718,0.026048,172.217.194.0-255,5738,191817,96,197687
26719,0.026057,172.31.47.0-255,66,191883,96,197687
26720,0.028362,172.217.194.0-255,5738,197621,96,197687
26721,0.02837,172.31.47.0-255,66,197687,96,197687
26722,0.0,74.125.24.0-255,153,153,96,286991
26723,3.1e-05,172.31.47.0-255,66,219,96,286991
26724,3.7e-05,74.125.24.0-255,1484,1703,96,286991
26725,4.1e-05,172.31.47.0-255,66,1769,96,286991
26726,4.6e-05,74.125.24.0-255,2902,4671,96,286991
26727,5.5e-05,172.31.47.0-255,66,4737,96,286991
26728,6.1e-05,74.125.24.0-255,5738,10475,96,286991
26729,6.4e-05,172.31.47.0-255,66,10541,96,286991
26730,0.000108,74.125.24.0-255,3404,13945,96,286991
26731,0.000111,172.31.47.0-255,66,14011,96,286991
26732,0.000203,74.125.24.0-255,1484,15495,96,286991
26733,0.000208,172.31.47.0-255,66,15561,96,286991
26734,0.000213,74.125.24.0-255,2902,18463,96,286991
26735,0.000215,172.31.47.0-255,66,18529,96,286991
26736,0.000218,74.125.24.0-255,1484,20013,96,286991
26737,0.000226,172.31.47.0-255,66,20079,96,286991
26738,0.000258,74.125.24.0-255,4320,24399,96,286991
26739,0.000261,172.31.47.0-255,66,24465,96,286991
26740,0.000269,74.125.24.0-255,6797,31262,96,286991
26741,0.000271,172.31.47.0-255,66,31328,96,286991
26742,0.000474,74.125.24.0-255,1484,32812,96,286991
26743,0.000478,172.31.47.0-255,66,32878,96,286991
26744,0.000483,74.125.24.0-255,2902,35780,96,286991
26745,0.000486,172.31.47.0-255,66,35846,96,286991
26746,0.000522,74.125.24.0-255,5738,41584,96,286991
26747,0.000525,172.31.47.0-255,66,41650,96,286991
26748,0.000528,74.125.24.0-255,1484,43134,96,286991
26749,0.00053,172.31.47.0-255,66,43200,96,286991
26750,0.000556,74.125.24.0-255,5379,48579,96,286991
26751,0.000565,172.31.47.0-255,66,48645,96,286991
26752,0.00095,74.125.24.0-255,1484,50129,96,286991
26753,0.000957,172.31.47.0-255,66,50195,96,286991
26754,0.000966,74.125.24.0-255,2902,53097,96,286991
26755,0.00097,172.31.47.0-255,66,53163,96,286991
26756,0.000983,74.125.24.0-255,5738,58901,96,286991
26757,0.000986,172.31.47.0-255,66,58967,96,286991
26758,0.001036,74.125.24.0-255,6797,65764,96,286991
26759,0.00104,172.31.47.0-255,66,65830,96,286991
26760,0.001113,74.125.24.0-255,1484,67314,96,286991
26761,0.00112,74.125.24.0-255,2902,70216,96,286991
26762,0.001123,172.31.47.0-255,66,70282,96,286991
26763,0.001155,74.125.24.0-255,5738,76020,96,286991
26764,0.001158,172.31.47.0-255,66,76086,96,286991
26765,0.001193,172.31.47.0-255,66,76152,96,286991
26766,0.001633,74.125.24.0-255,1484,77636,96,286991
26767,0.001642,74.125.24.0-255,2902,80538,96,286991
26768,0.001646,172.31.47.0-255,66,80604,96,286991
26769,0.001652,74.125.24.0-255,2902,83506,96,286991
26770,0.001653,172.31.47.0-255,66,83572,96,286991
26771,0.001689,74.125.24.0-255,2902,86474,96,286991
26772,0.001692,172.31.47.0-255,66,86540,96,286991
26773,0.001703,172.31.47.0-255,66,86606,96,286991
26774,0.001715,172.31.47.0-255,66,86672,96,286991
26775,0.001803,74.125.24.0-255,1484,88156,96,286991
26776,0.001807,74.125.24.0-255,2902,91058,96,286991
26777,0.001813,172.31.47.0-255,66,91124,96,286991
26778,0.00183,74.125.24.0-255,4320,95444,96,286991
26779,0.001832,172.31.47.0-255,66,95510,96,286991
26780,0.001855,74.125.24.0-255,1484,96994,96,286991
26781,0.001858,74.125.24.0-255,1484,98478,96,286991
26782,0.00186,172.31.47.0-255,66,98544,96,286991
26783,0.001889,74.125.24.0-255,5379,103923,96,286991
26784,0.001892,172.31.47.0-255,66,103989,96,286991
26785,0.001928,74.125.24.0-255,1484,105473,96,286991
26786,0.001945,74.125.24.0-255,2902,108375,96,286991
26787,0.001947,172.31.47.0-255,66,108441,96,286991
26788,0.001952,74.125.24.0-255,2902,111343,96,286991
26789,0.001954,172.31.47.0-255,66,111409,96,286991
26790,0.001979,74.125.24.0-255,2902,114311,96,286991
26791,0.001985,172.31.47.0-255,66,114377,96,286991
26792,0.001995,172.31.47.0-255,66,114443,96,286991
26793,0.002014,74.125.24.0-255,1484,115927,96,286991
26794,0.002048,172.31.47.0-255,66,115993,96,286991
26795,0.002661,74.125.24.0-255,1484,117477,96,286991
26796,0.002669,74.125.24.0-255,2902,120379,96,286991
26797,0.002673,172.31.47.0-255,66,120445,96,286991
26798,0.00268,74.125.24.0-255,5738,126183,96,286991
26799,0.002682,172.31.47.0-255,66,126249,96,286991
26800,0.002692,74.125.24.0-255,5738,131987,96,286991
26801,0.002694,172.31.47.0-255,66,132053,96,286991
26802,0.002697,74.125.24.0-255,1484,133537,96,286991
26803,0.002728,172.31.47.0-255,66,133603,96,286991
26804,0.002734,74.125.24.0-255,5020,138623,96,286991
26805,0.002735,172.31.47.0-255,66,138689,96,286991
26806,0.002778,74.125.24.0-255,1484,140173,96,286991
26807,0.002791,74.125.24.0-255,1484,141657,96,286991
26808,0.002793,172.31.47.0-255,66,141723,96,286991
26809,0.002804,74.125.24.0-255,1484,143207,96,286991
26810,0.002811,74.125.24.0-255,1484,144691,96,286991
26811,0.002813,172.31.47.0-255,66,144757,96,286991
26812,0.002818,74.125.24.0-255,2902,147659,96,286991
26813,0.002819,172.31.47.0-255,66,147725,96,286991
26814,0.002843,74.125.24.0-255,5738,153463,96,286991
26815,0.002847,172.31.47.0-255,66,153529,96,286991
26816,0.002851,74.125.24.0-255,2902,156431,96,286991
26817,0.002853,172.31.47.0-255,66,156497,96,286991
26818,0.002916,172.31.47.0-255,66,156563,96,286991
26819,0.002942,74.125.24.0-255,1484,158047,96,286991
26820,0.002947,74.125.24.0-255,3602,161649,96,286991
26821,0.002949,172.31.47.0-255,66,161715,96,286991
26822,0.002952,74.125.24.0-255,1484,163199,96,286991
26823,0.002955,74.125.24.0-255,2902,166101,96,286991
26824,0.002957,172.31.47.0-255,66,166167,96,286991
26825,0.002962,74.125.24.0-255,4320,170487,96,286991
26826,0.002964,172.31.47.0-255,66,170553,96,286991
26827,0.00299,74.125.24.0-255,1484,172037,96,286991
26828,0.00302,172.31.47.0-255,66,172103,96,286991
26829,0.003047,74.125.24.0-255,2902,175005,96,286991
26830,0.00305,172.31.47.0-255,66,175071,96,286991
26831,0.003084,172.31.47.0-255,66,175137,96,286991
26832,0.003222,74.125.24.0-255,1484,176621,96,286991
26833,0.003237,74.125.24.0-255,2902,179523,96,286991
26834,0.003246,172.31.47.0-255,66,179589,96,286991
26835,0.003265,74.125.24.0-255,4320,183909,96,286991
26836,0.003268,172.31.47.0-255,66,183975,96,286991
26837,0.003272,74.125.24.0-255,1484,185459,96,286991
26838,0.003299,74.125.24.0-255,7156,192615,96,286991
26839,0.003303,172.31.47.0-255,66,192681,96,286991
26840,0.003318,172.31.47.0-255,66,192747,96,286991
26841,0.003346,74.125.24.0-255,2902,195649,96,286991
26842,0.00335,172.31.47.0-255,66,195715,96,286991
26843,0.00338,74.125.24.0-255,5020,200735,96,286991
26844,0.003383,172.31.47.0-255,66,200801,96,286991
26845,0.003477,74.125.24.0-255,1484,202285,96,286991
26846,0.00348,74.125.24.0-255,1484,203769,96,286991
26847,0.003484,172.31.47.0-255,66,203835,96,286991
26848,0.003506,74.125.24.0-255,1484,205319,96,286991
26849,0.003508,74.125.24.0-255,1484,206803,96,286991
26850,0.003511,172.31.47.0-255,66,206869,96,286991
26851,0.003532,74.125.24.0-255,1484,208353,96,286991
26852,0.003546,74.125.24.0-255,2902,211255,96,286991
26853,0.003549,172.31.47.0-255,66,211321,96,286991
26854,0.003574,74.125.24.0-255,1484,212805,96,286991
26855,0.003587,172.31.47.0-255,66,212871,96,286991
26856,0.003591,74.125.24.0-255,4320,217191,96,286991
26857,0.003594,172.31.47.0-255,66,217257,96,286991
26858,0.003623,74.125.24.0-255,5020,222277,96,286991
26859,0.003626,172.31.47.0-255,66,222343,96,286991
26860,0.004186,74.125.24.0-255,1484,223827,96,286991
26861,0.004207,74.125.24.0-255,2902,226729,96,286991
26862,0.004211,172.31.47.0-255,66,226795,96,286991
26863,0.004234,74.125.24.0-255,4320,231115,96,286991
26864,0.004238,172.31.47.0-255,66,231181,96,286991
26865,0.004245,74.125.24.0-255,1484,232665,96,286991
26866,0.004266,74.125.24.0-255,4320,236985,96,286991
26867,0.004269,74.125.24.0-255,2902,239887,96,286991
26868,0.00427,74.125.24.0-255,1484,241371,96,286991
26869,0.004273,172.31.47.0-255,66,241437,96,286991
26870,0.004275,172.31.47.0-255,66,241503,96,286991
26871,0.004311,74.125.24.0-255,4320,245823,96,286991
26872,0.004314,172.31.47.0-255,66,245889,96,286991
26873,0.00435,172.31.47.0-255,66,245955,96,286991
26874,0.004409,74.125.24.0-255,1484,247439,96,286991
26875,0.004423,74.125.24.0-255,2902,250341,96,286991
26876,0.004425,172.31.47.0-255,66,250407,96,286991
26877,0.004451,74.125.24.0-255,5738,256145,96,286991
26878,0.004453,172.31.47.0-255,66,256211,96,286991
26879,0.004458,74.125.24.0-255,4320,260531,96,286991
26880,0.004459,172.31.47.0-255,66,260597,96,286991
26881,0.00448,74.125.24.0-255,7156,267753,96,286991
26882,0.004484,172.31.47.0-255,66,267819,96,286991
26883,0.004487,74.125.24.0-255,1484,269303,96,286991
26884,0.004506,74.125.24.0-255,2902,272205,96,286991
26885,0.004508,172.31.47.0-255,66,272271,96,286991
26886,0.004539,172.31.47.0-255,66,272337,96,286991
26887,0.004668,74.125.24.0-255,1484,273821,96,286991
26888,0.004686,74.125.24.0-255,2902,276723,96,286991
26889,0.004689,172.31.47.0-255,66,276789,96,286991
26890,0.004734,74.125.24.0-255,2902,279691,96,286991
26891,0.004736,172.31.47.0-255,66,279757,96,286991
26892,0.004762,74.125.24.0-255,2531,282288,96,286991
26893,0.004764,172.31.47.0-255,66,282354,96,286991
26894,0.004767,74.125.24.0-255,105,282459,96,286991
26895,0.005282,172.31.47.0-255,66,282525,96,286991
26896,0.005314,172.31.47.0-255,105,282630,96,286991
26897,0.007841,74.125.24.0-255,66,282696,96,286991
26898,0.027055,172.31.47.0-255,172,282868,96,286991
26899,0.027109,172.31.47.0-255,1109,283977,96,286991
26900,0.027179,172.31.47.0-255,1514,285491,96,286991
26901,0.027181,172.31.47.0-255,1302,286793,96,286991
26902,0.028602,104.244.42.0-255,66,286859,96,286991
26903,0.02865,104.244.42.0-255,66,286925,96,286991
26904,0.028755,104.244.42.0-255,66,286991,96,286991
26905,0.0,74.125.68.0-255,153,153,96,247340
26906,2.4e-05,172.31.47.0-255,66,219,96,247340
26907,3e-05,74.125.68.0-255,1484,1703,96,247340
26908,3.4e-05,172.31.47.0-255,66,1769,96,247340
26909,3.8e-05,74.125.68.0-255,2902,4671,96,247340
26910,3.9e-05,172.31.47.0-255,66,4737,96,247340
26911,5.6e-05,74.125.68.0-255,1484,6221,96,247340
26912,5.8e-05,172.31.47.0-255,66,6287,96,247340
26913,7.8e-05,74.125.68.0-255,5738,12025,96,247340
26914,8e-05,172.31.47.0-255,66,12091,96,247340
26915,8.4e-05,74.125.68.0-255,2003,14094,96,247340
26916,8.6e-05,172.31.47.0-255,66,14160,96,247340
26917,9e-05,74.125.68.0-255,2902,17062,96,247340
26918,9.2e-05,172.31.47.0-255,66,17128,96,247340
26919,0.00011,74.125.68.0-255,2902,20030,96,247340
26920,0.000113,172.31.47.0-255,66,20096,96,247340
26921,0.000128,74.125.68.0-255,4320,24416,96,247340
26922,0.00013,172.31.47.0-255,66,24482,96,247340
26923,0.000134,74.125.68.0-255,4320,28802,96,247340
26924,0.000135,172.31.47.0-255,66,28868,96,247340
26925,0.000173,74.125.68.0-255,2543,31411,96,247340
26926,0.000176,172.31.47.0-255,66,31477,96,247340
26927,0.000213,74.125.68.0-255,2902,34379,96,247340
26928,0.000216,172.31.47.0-255,66,34445,96,247340
26929,0.000234,74.125.68.0-255,2902,37347,96,247340
26930,0.000236,172.31.47.0-255,66,37413,96,247340
26931,0.000249,74.125.68.0-255,2902,40315,96,247340
26932,0.000252,172.31.47.0-255,66,40381,96,247340
26933,0.000258,74.125.68.0-255,7156,47537,96,247340
26934,0.00026,172.31.47.0-255,66,47603,96,247340
26935,0.00028,74.125.68.0-255,1125,48728,96,247340
26936,0.000283,172.31.47.0-255,66,48794,96,247340
26937,0.000508,74.125.68.0-255,1484,50278,96,247340
26938,0.000512,74.125.68.0-255,1484,51762,96,247340
26939,0.000515,172.31.47.0-255,66,51828,96,247340
26940,0.000533,74.125.68.0-255,1484,53312,96,247340
26941,0.000537,74.125.68.0-255,1484,54796,96,247340
26942,0.000539,172.31.47.0-255,66,54862,96,247340
26943,0.000542,74.125.68.0-255,2902,57764,96,247340
26944,0.000544,172.31.47.0-255,66,57830,96,247340
26945,0.000563,74.125.68.0-255,2902,60732,96,247340
26946,0.000565,172.31.47.0-255,66,60798,96,247340
26947,0.000586,74.125.68.0-255,2902,63700,96,247340
26948,0.000588,172.31.47.0-255,66,63766,96,247340
26949,0.000592,74.125.68.0-255,2543,66309,96,247340
26950,0.000593,172.31.47.0-255,66,66375,96,247340
26951,0.00086,74.125.68.0-255,646,67021,96,247340
26952,0.000893,74.125.68.0-255,1484,68505,96,247340
26953,0.000897,172.31.47.0-255,66,68571,96,247340
26954,0.00092,74.125.68.0-255,4320,72891,96,247340
26955,0.000922,172.31.47.0-255,66,72957,96,247340
26956,0.000962,74.125.68.0-255,4320,77277,96,247340
26957,0.000966,172.31.47.0-255,66,77343,96,247340
26958,0.000979,74.125.68.0-255,1484,78827,96,247340
26959,0.000995,74.125.68.0-255,4320,83147,96,247340
26960,0.000997,172.31.47.0-255,66,83213,96,247340
26961,0.001001,74.125.68.0-255,2902,86115,96,247340
26962,0.001002,172.31.47.0-255,66,86181,96,247340
26963,0.001019,74.125.68.0-255,4320,90501,96,247340
26964,0.001021,172.31.47.0-255,66,90567,96,247340
26965,0.001024,74.125.68.0-255,1484,92051,96,247340
26966,0.001046,74.125.68.0-255,7156,99207,96,247340
26967,0.001048,172.31.47.0-255,66,99273,96,247340
26968,0.001051,74.125.68.0-255,2184,101457,96,247340
26969,0.001053,172.31.47.0-255,66,101523,96,247340
26970,0.001089,74.125.68.0-255,1484,103007,96,247340
26971,0.001101,74.125.68.0-255,2902,105909,96,247340
26972,0.001103,172.31.47.0-255,66,105975,96,247340
26973,0.00113,74.125.68.0-255,5738,111713,96,247340
26974,0.001132,172.31.47.0-255,66,111779,96,247340
26975,0.001135,74.125.68.0-255,1484,113263,96,247340
26976,0.001151,74.125.68.0-255,7156,120419,96,247340
26977,0.001154,172.31.47.0-255,66,120485,96,247340
26978,0.001183,172.31.47.0-255,66,120551,96,247340
26979,0.001197,74.125.68.0-255,1484,122035,96,247340
26980,0.001202,74.125.68.0-255,5020,127055,96,247340
26981,0.001205,172.31.47.0-255,66,127121,96,247340
26982,0.001247,74.125.68.0-255,1484,128605,96,247340
26983,0.001252,74.125.68.0-255,2902,131507,96,247340
26984,0.001255,172.31.47.0-255,66,131573,96,247340
26985,0.001275,74.125.68.0-255,5738,137311,96,247340
26986,0.001278,172.31.47.0-255,66,137377,96,247340
26987,0.001289,74.125.68.0-255,4320,141697,96,247340
26988,0.001292,172.31.47.0-255,66,141763,96,247340
26989,0.001308,74.125.68.0-255,5738,147501,96,247340
26990,0.00131,172.31.47.0-255,66,147567,96,247340
26991,0.001314,74.125.68.0-255,2902,150469,96,247340
26992,0.001315,172.31.47.0-255,66,150535,96,247340
26993,0.00135,172.31.47.0-255,66,150601,96,247340
26994,0.001353,74.125.68.0-255,2184,152785,96,247340
26995,0.001355,172.31.47.0-255,66,152851,96,247340
26996,0.001839,74.125.68.0-255,1484,154335,96,247340
26997,0.001877,74.125.68.0-255,2902,157237,96,247340
26998,0.00188,172.31.47.0-255,66,157303,96,247340
26999,0.001923,74.125.68.0-255,1484,158787,96,247340
27000,0.001943,74.125.68.0-255,1484,160271,96,247340
27001,0.001945,172.31.47.0-255,66,160337,96,247340
27002,0.001962,74.125.68.0-255,1484,161821,96,247340
27003,0.00201,74.125.68.0-255,2902,164723,96,247340
27004,0.002012,172.31.47.0-255,66,164789,96,247340
27005,0.002042,74.125.68.0-255,1484,166273,96,247340
27006,0.002056,74.125.68.0-255,2902,169175,96,247340
27007,0.002059,172.31.47.0-255,66,169241,96,247340
27008,0.004063,74.125.68.0-255,1484,170725,96,247340
27009,0.004104,74.125.68.0-255,2902,173627,96,247340
27010,0.004106,172.31.47.0-255,66,173693,96,247340
27011,0.004126,74.125.68.0-255,1484,175177,96,247340
27012,0.006163,74.125.68.0-255,1484,176661,96,247340
27013,0.006168,172.31.47.0-255,66,176727,96,247340
27014,0.006198,74.125.68.0-255,2902,179629,96,247340
27015,0.006201,172.31.47.0-255,66,179695,96,247340
27016,0.008232,74.125.68.0-255,4320,184015,96,247340
27017,0.008238,172.31.47.0-255,66,184081,96,247340
27018,0.008257,74.125.68.0-255,1484,185565,96,247340
27019,0.010307,74.125.68.0-255,4320,189885,96,247340
27020,0.010313,172.31.47.0-255,66,189951,96,247340
27021,0.012383,74.125.68.0-255,5738,195689,96,247340
27022,0.012394,172.31.47.0-255,66,195755,96,247340
27023,0.014445,74.125.68.0-255,5738,201493,96,247340
27024,0.014451,172.31.47.0-255,66,201559,96,247340
27025,0.016513,74.125.68.0-255,5738,207297,96,247340
27026,0.016519,172.31.47.0-255,66,207363,96,247340
27027,0.018571,74.125.68.0-255,2902,210265,96,247340
27028,0.018576,172.31.47.0-255,66,210331,96,247340
27029,0.018603,74.125.68.0-255,2902,213233,96,247340
27030,0.018606,172.31.47.0-255,66,213299,96,247340
27031,0.020624,74.125.68.0-255,2902,216201,96,247340
27032,0.020631,172.31.47.0-255,66,216267,96,247340
27033,0.020662,74.125.68.0-255,2902,219169,96,247340
27034,0.020665,172.31.47.0-255,66,219235,96,247340
27035,0.021667,172.31.47.0-255,172,219407,96,247340
27036,0.021697,172.31.47.0-255,1110,220517,96,247340
27037,0.021725,172.31.47.0-255,1514,222031,96,247340
27038,0.021727,172.31.47.0-255,1301,223332,96,247340
27039,0.02269,74.125.68.0-255,2902,226234,96,247340
27040,0.022695,172.31.47.0-255,66,226300,96,247340
27041,0.022725,74.125.68.0-255,2902,229202,96,247340
27042,0.022727,172.31.47.0-255,66,229268,96,247340
27043,0.023203,104.244.42.0-255,66,229334,96,247340
27044,0.023256,104.244.42.0-255,66,229400,96,247340
27045,0.023258,104.244.42.0-255,66,229466,96,247340
27046,0.024751,74.125.68.0-255,2902,232368,96,247340
27047,0.024756,172.31.47.0-255,66,232434,96,247340
27048,0.024807,74.125.68.0-255,2902,235336,96,247340
27049,0.02481,172.31.47.0-255,66,235402,96,247340
27050,0.026811,74.125.68.0-255,2902,238304,96,247340
27051,0.026817,172.31.47.0-255,66,238370,96,247340
27052,0.026857,74.125.68.0-255,2902,241272,96,247340
27053,0.026861,172.31.47.0-255,66,241338,96,247340
27054,0.028872,74.125.68.0-255,2902,244240,96,247340
27055,0.028877,172.31.47.0-255,66,244306,96,247340
27056,0.028899,74.125.68.0-255,1484,245790,96,247340
27057,0.028909,74.125.68.0-255,1484,247274,96,247340
27058,0.028912,172.31.47.0-255,66,247340,96,247340
27059,0.0,172.217.194.0-255,153,153,96,168338
27060,2.8e-05,172.31.47.0-255,66,219,96,168338
27061,3.5e-05,172.217.194.0-255,1484,1703,96,168338
27062,3.9e-05,172.31.47.0-255,66,1769,96,168338
27063,4.4e-05,172.217.194.0-255,2902,4671,96,168338
27064,4.6e-05,172.31.47.0-255,66,4737,96,168338
27065,5.3e-05,172.217.194.0-255,5738,10475,96,168338
27066,5.6e-05,172.31.47.0-255,66,10541,96,168338
27067,8.4e-05,172.217.194.0-255,6263,16804,96,168338
27068,8.7e-05,172.31.47.0-255,66,16870,96,168338
27069,0.00011,172.217.194.0-255,5738,22608,96,168338
27070,0.000112,172.31.47.0-255,66,22674,96,168338
27071,0.000135,172.31.47.0-255,66,22740,96,168338
27072,0.000186,172.217.194.0-255,1484,24224,96,168338
27073,0.000189,172.31.47.0-255,66,24290,96,168338
27074,0.000194,172.217.194.0-255,2902,27192,96,168338
27075,0.000196,172.31.47.0-255,66,27258,96,168338
27076,0.000211,172.217.194.0-255,4320,31578,96,168338
27077,0.000214,172.31.47.0-255,66,31644,96,168338
27078,0.000229,172.217.194.0-255,1484,33128,96,168338
27079,0.000232,172.31.47.0-255,66,33194,96,168338
27080,0.000259,172.217.194.0-255,4320,37514,96,168338
27081,0.000264,172.31.47.0-255,66,37580,96,168338
27082,0.000276,172.217.194.0-255,5379,42959,96,168338
27083,0.000279,172.31.47.0-255,66,43025,96,168338
27084,0.000283,172.217.194.0-255,2902,45927,96,168338
27085,0.000286,172.31.47.0-255,66,45993,96,168338
27086,0.000314,172.217.194.0-255,7156,53149,96,168338
27087,0.000317,172.31.47.0-255,66,53215,96,168338
27088,0.000322,172.217.194.0-255,3961,57176,96,168338
27089,0.000326,172.31.47.0-255,66,57242,96,168338
27090,0.001309,172.217.194.0-255,646,57888,96,168338
27091,0.001554,172.217.194.0-255,1484,59372,96,168338
27092,0.00156,172.31.47.0-255,66,59438,96,168338
27093,0.001579,172.217.194.0-255,2902,62340,96,168338
27094,0.001581,172.31.47.0-255,66,62406,96,168338
27095,0.001585,172.217.194.0-255,1484,63890,96,168338
27096,0.001605,172.217.194.0-255,4320,68210,96,168338
27097,0.001607,172.31.47.0-255,66,68276,96,168338
27098,0.001644,172.31.47.0-255,66,68342,96,168338
27099,0.001666,172.217.194.0-255,4320,72662,96,168338
27100,0.001668,172.31.47.0-255,66,72728,96,168338
27101,0.001681,172.31.47.0-255,66,72794,96,168338
27102,0.00199,172.217.194.0-255,1484,74278,96,168338
27103,0.002007,172.217.194.0-255,2902,77180,96,168338
27104,0.002009,172.31.47.0-255,66,77246,96,168338
27105,0.002028,172.217.194.0-255,5738,82984,96,168338
27106,0.00203,172.31.47.0-255,66,83050,96,168338
27107,0.00205,172.217.194.0-255,1484,84534,96,168338
27108,0.002077,172.31.47.0-255,66,84600,96,168338
27109,0.002084,172.217.194.0-255,7156,91756,96,168338
27110,0.002085,172.31.47.0-255,66,91822,96,168338
27111,0.002119,172.217.194.0-255,2902,94724,96,168338
27112,0.002121,172.31.47.0-255,66,94790,96,168338
27113,0.002134,172.217.194.0-255,766,95556,96,168338
27114,0.002268,172.217.194.0-255,1484,97040,96,168338
27115,0.002271,172.31.47.0-255,66,97106,96,168338
27116,0.004393,172.217.194.0-255,2902,100008,96,168338
27117,0.004399,172.31.47.0-255,66,100074,96,168338
27118,0.004556,172.217.194.0-255,2902,102976,96,168338
27119,0.004559,172.31.47.0-255,66,103042,96,168338
27120,0.006629,172.217.194.0-255,2902,105944,96,168338
27121,0.006635,172.31.47.0-255,66,106010,96,168338
27122,0.006815,172.217.194.0-255,2902,108912,96,168338
27123,0.00682,172.31.47.0-255,66,108978,96,168338
27124,0.00887,172.217.194.0-255,2902,111880,96,168338
27125,0.008876,172.31.47.0-255,66,111946,96,168338
27126,0.009072,172.217.194.0-255,2902,114848,96,168338
27127,0.009078,172.31.47.0-255,66,114914,96,168338
27128,0.011124,172.217.194.0-255,2902,117816,96,168338
27129,0.011134,172.31.47.0-255,66,117882,96,168338
27130,0.01131,172.217.194.0-255,2902,120784,96,168338
27131,0.011316,172.31.47.0-255,66,120850,96,168338
27132,0.013413,172.217.194.0-255,2902,123752,96,168338
27133,0.013423,172.31.47.0-255,66,123818,96,168338
27134,0.013566,172.217.194.0-255,2902,126720,96,168338
27135,0.013572,172.31.47.0-255,66,126786,96,168338
27136,0.015681,172.217.194.0-255,2902,129688,96,168338
27137,0.015687,172.31.47.0-255,66,129754,96,168338
27138,0.015811,172.217.194.0-255,2902,132656,96,168338
27139,0.015813,172.31.47.0-255,66,132722,96,168338
27140,0.017946,172.217.194.0-255,2902,135624,96,168338
27141,0.017953,172.31.47.0-255,66,135690,96,168338
27142,0.018073,172.217.194.0-255,2902,138592,96,168338
27143,0.018079,172.31.47.0-255,66,138658,96,168338
27144,0.020207,172.217.194.0-255,2902,141560,96,168338
27145,0.020213,172.31.47.0-255,66,141626,96,168338
27146,0.02035,172.217.194.0-255,2902,144528,96,168338
27147,0.020355,172.31.47.0-255,66,144594,96,168338
27148,0.022448,172.217.194.0-255,2902,147496,96,168338
27149,0.022455,172.31.47.0-255,66,147562,96,168338
27150,0.022616,172.217.194.0-255,2902,150464,96,168338
27151,0.022621,172.31.47.0-255,66,150530,96,168338
27152,0.024744,172.217.194.0-255,2902,153432,96,168338
27153,0.02475,172.31.47.0-255,66,153498,96,168338
27154,0.024869,172.217.194.0-255,2902,156400,96,168338
27155,0.024873,172.31.47.0-255,66,156466,96,168338
27156,0.026995,172.217.194.0-255,2902,159368,96,168338
27157,0.027001,172.31.47.0-255,66,159434,96,168338
27158,0.027152,172.217.194.0-255,2902,162336,96,168338
27159,0.027156,172.31.47.0-255,66,162402,96,168338
27160,0.029234,172.217.194.0-255,2902,165304,96,168338
27161,0.029241,172.31.47.0-255,66,165370,96,168338
27162,0.029404,172.217.194.0-255,2902,168272,96,168338
27163,0.029409,172.31.47.0-255,66,168338,96,168338
27164,0.0,172.217.194.0-255,304,304,96,165697
27165,2.5e-05,172.31.47.0-255,66,370,96,165697
27166,3.2e-05,172.217.194.0-255,1484,1854,96,165697
27167,3.6e-05,172.31.47.0-255,66,1920,96,165697
27168,4.3e-05,172.217.194.0-255,4320,6240,96,165697
27169,5.4e-05,172.31.47.0-255,66,6306,96,165697
27170,6.8e-05,172.31.47.0-255,66,6372,96,165697
27171,0.000109,172.217.194.0-255,5738,12110,96,165697
27172,0.000112,172.31.47.0-255,66,12176,96,165697
27173,0.000145,172.31.47.0-255,66,12242,96,165697
27174,0.00016,172.31.47.0-255,66,12308,96,165697
27175,0.000193,172.31.47.0-255,66,12374,96,165697
27176,0.0002,172.217.194.0-255,5738,18112,96,165697
27177,0.000202,172.31.47.0-255,66,18178,96,165697
27178,0.000227,172.217.194.0-255,4320,22498,96,165697
27179,0.00023,172.31.47.0-255,66,22564,96,165697
27180,0.000235,172.217.194.0-255,3961,26525,96,165697
27181,0.000238,172.31.47.0-255,66,26591,96,165697
27182,0.000271,172.217.194.0-255,4320,30911,96,165697
27183,0.000274,172.31.47.0-255,66,30977,96,165697
27184,0.000286,172.31.47.0-255,66,31043,96,165697
27185,0.000289,172.217.194.0-255,1484,32527,96,165697
27186,0.000291,172.31.47.0-255,66,32593,96,165697
27187,0.000341,172.217.194.0-255,7156,39749,96,165697
27188,0.000345,172.31.47.0-255,66,39815,96,165697
27189,0.000373,172.31.47.0-255,66,39881,96,165697
27190,0.000527,172.217.194.0-255,1484,41365,96,165697
27191,0.000535,172.217.194.0-255,2902,44267,96,165697
27192,0.000566,172.217.194.0-255,5738,50005,96,165697
27193,0.000578,172.217.194.0-255,1484,51489,96,165697
27194,0.000642,172.217.194.0-255,4320,55809,96,165697
27195,0.000661,172.217.194.0-255,6438,62247,96,165697
27196,0.000761,172.31.47.0-255,66,62313,96,165697
27197,0.000861,172.217.194.0-255,1484,63797,96,165697
27198,0.000876,172.217.194.0-255,2902,66699,96,165697
27199,0.000888,172.217.194.0-255,2902,69601,96,165697
27200,0.000917,172.217.194.0-255,7156,76757,96,165697
27201,0.000943,172.217.194.0-255,2902,79659,96,165697
27202,0.000982,172.217.194.0-255,4320,83979,96,165697
27203,0.000984,172.217.194.0-255,1484,85463,96,165697
27204,0.000987,172.217.194.0-255,1138,86601,96,165697
27205,0.00099,172.217.194.0-255,1484,88085,96,165697
27206,0.001012,172.217.194.0-255,4320,92405,96,165697
27207,0.001094,172.217.194.0-255,4320,96725,96,165697
27208,0.001106,172.217.194.0-255,766,97491,96,165697
27209,0.001156,172.31.47.0-255,66,97557,96,165697
27210,0.003454,172.217.194.0-255,5738,103295,96,165697
27211,0.003461,172.31.47.0-255,66,103361,96,165697
27212,0.005757,172.217.194.0-255,5738,109099,96,165697
27213,0.00768,172.31.47.0-255,66,109165,96,165697
27214,0.009964,172.217.194.0-255,5738,114903,96,165697
27215,0.009971,172.31.47.0-255,66,114969,96,165697
27216,0.012244,172.217.194.0-255,5738,120707,96,165697
27217,0.012264,172.31.47.0-255,66,120773,96,165697
27218,0.014535,172.217.194.0-255,5738,126511,96,165697
27219,0.014543,172.31.47.0-255,66,126577,96,165697
27220,0.016836,172.217.194.0-255,5738,132315,96,165697
27221,0.016844,172.31.47.0-255,66,132381,96,165697
27222,0.019115,172.217.194.0-255,5738,138119,96,165697
27223,0.019138,172.31.47.0-255,66,138185,96,165697
27224,0.021434,172.217.194.0-255,5738,143923,96,165697
27225,0.021441,172.31.47.0-255,66,143989,96,165697
27226,0.023718,172.217.194.0-255,5738,149727,96,165697
27227,0.023726,172.31.47.0-255,66,149793,96,165697
27228,0.026012,172.217.194.0-255,5738,155531,96,165697
27229,0.026018,172.31.47.0-255,66,155597,96,165697
27230,0.027083,172.31.47.0-255,172,155769,96,165697
27231,0.027113,172.31.47.0-255,1105,156874,96,165697
27232,0.027161,172.31.47.0-255,1514,158388,96,165697
27233,0.027162,172.31.47.0-255,1307,159695,96,165697
27234,0.028309,172.217.194.0-255,5738,165433,96,165697
27235,0.028316,172.31.47.0-255,66,165499,96,165697
27236,0.028619,104.244.42.0-255,66,165565,96,165697
27237,0.028682,104.244.42.0-255,66,165631,96,165697
27238,0.028699,104.244.42.0-255,66,165697,96,165697
27239,0.0,172.217.194.0-255,297,297,96,133212
27240,2.4e-05,172.31.47.0-255,66,363,96,133212
27241,3e-05,172.217.194.0-255,1484,1847,96,133212
27242,3.3e-05,172.31.47.0-255,66,1913,96,133212
27243,4e-05,172.217.194.0-255,4320,6233,96,133212
27244,4.2e-05,172.31.47.0-255,66,6299,96,133212
27245,4.5e-05,172.217.194.0-255,1484,7783,96,133212
27246,4.7e-05,172.31.47.0-255,66,7849,96,133212
27247,8.2e-05,172.31.47.0-255,66,7915,96,133212
27248,9.5e-05,172.31.47.0-255,66,7981,96,133212
27249,0.000122,172.217.194.0-255,2543,10524,96,133212
27250,0.000124,172.31.47.0-255,66,10590,96,133212
27251,0.000128,172.217.194.0-255,2902,13492,96,133212
27252,0.000129,172.31.47.0-255,66,13558,96,133212
27253,0.000147,172.217.194.0-255,7156,20714,96,133212
27254,0.00015,172.31.47.0-255,66,20780,96,133212
27255,0.000181,172.31.47.0-255,66,20846,96,133212
27256,0.00019,172.31.47.0-255,66,20912,96,133212
27257,0.000207,172.217.194.0-255,646,21558,96,133212
27258,0.000211,172.31.47.0-255,66,21624,96,133212
27259,0.000539,172.217.194.0-255,1484,23108,96,133212
27260,0.000544,172.217.194.0-255,2902,26010,96,133212
27261,0.000549,172.31.47.0-255,66,26076,96,133212
27262,0.000552,172.31.47.0-255,66,26142,96,133212
27263,0.000563,172.217.194.0-255,5738,31880,96,133212
27264,0.000565,172.31.47.0-255,66,31946,96,133212
27265,0.000584,172.217.194.0-255,2902,34848,96,133212
27266,0.000586,172.31.47.0-255,66,34914,96,133212
27267,0.000615,172.31.47.0-255,66,34980,96,133212
27268,0.000618,172.217.194.0-255,1484,36464,96,133212
27269,0.000673,172.31.47.0-255,66,36530,96,133212
27270,0.001041,172.217.194.0-255,1484,38014,96,133212
27271,0.00105,172.217.194.0-255,2902,40916,96,133212
27272,0.001054,172.31.47.0-255,66,40982,96,133212
27273,0.001062,172.217.194.0-255,5738,46720,96,133212
27274,0.001065,172.31.47.0-255,66,46786,96,133212
27275,0.001069,172.217.194.0-255,1484,48270,96,133212
27276,0.001103,172.31.47.0-255,66,48336,96,133212
27277,0.00112,172.31.47.0-255,66,48402,96,133212
27278,0.001215,172.217.194.0-255,1484,49886,96,133212
27279,0.001224,172.217.194.0-255,2902,52788,96,133212
27280,0.001227,172.31.47.0-255,66,52854,96,133212
27281,0.001236,172.217.194.0-255,5738,58592,96,133212
27282,0.00124,172.31.47.0-255,66,58658,96,133212
27283,0.001249,172.217.194.0-255,7156,65814,96,133212
27284,0.001252,172.31.47.0-255,66,65880,96,133212
27285,0.001285,172.217.194.0-255,5738,71618,96,133212
27286,0.001288,172.31.47.0-255,66,71684,96,133212
27287,0.001305,172.31.47.0-255,66,71750,96,133212
27288,0.001398,172.217.194.0-255,1484,73234,96,133212
27289,0.001418,172.217.194.0-255,2902,76136,96,133212
27290,0.001423,172.31.47.0-255,66,76202,96,133212
27291,0.00143,172.217.194.0-255,5738,81940,96,133212
27292,0.001434,172.31.47.0-255,66,82006,96,133212
27293,0.001483,172.31.47.0-255,66,82072,96,133212
27294,0.001523,172.31.47.0-255,66,82138,96,133212
27295,0.001545,172.217.194.0-255,2184,84322,96,133212
27296,0.001548,172.31.47.0-255,66,84388,96,133212
27297,0.001573,172.217.194.0-255,5738,90126,96,133212
27298,0.001581,172.217.194.0-255,7156,97282,96,133212
27299,0.001587,172.31.47.0-255,66,97348,96,133212
27300,0.001597,172.31.47.0-255,66,97414,96,133212
27301,0.001616,172.31.47.0-255,66,97480,96,133212
27302,0.001624,172.217.194.0-255,6438,103918,96,133212
27303,0.001627,172.31.47.0-255,66,103984,96,133212
27304,0.001682,172.31.47.0-255,66,104050,96,133212
27305,0.001808,172.217.194.0-255,1484,105534,96,133212
27306,0.001823,172.31.47.0-255,66,105600,96,133212
27307,0.001827,172.31.47.0-255,66,105666,96,133212
27308,0.00183,172.31.47.0-255,66,105732,96,133212
27309,0.001841,172.31.47.0-255,66,105798,96,133212
27310,0.001853,172.31.47.0-255,66,105864,96,133212
27311,0.001865,172.31.47.0-255,66,105930,96,133212
27312,0.00187,172.217.194.0-255,2902,108832,96,133212
27313,0.001873,172.31.47.0-255,66,108898,96,133212
27314,0.001897,172.31.47.0-255,66,108964,96,133212
27315,0.001921,172.217.194.0-255,2902,111866,96,133212
27316,0.001925,172.31.47.0-255,66,111932,96,133212
27317,0.001956,172.31.47.0-255,66,111998,96,133212
27318,0.001959,172.217.194.0-255,1484,113482,96,133212
27319,0.001991,172.217.194.0-255,4320,117802,96,133212
27320,0.001997,172.217.194.0-255,3602,121404,96,133212
27321,0.002008,172.31.47.0-255,66,121470,96,133212
27322,0.002032,172.217.194.0-255,7156,128626,96,133212
27323,0.002047,172.31.47.0-255,66,128692,96,133212
27324,0.00208,172.217.194.0-255,1484,130176,96,133212
27325,0.002121,172.217.194.0-255,2694,132870,96,133212
27326,0.002157,172.217.194.0-255,105,132975,96,133212
27327,0.00216,172.31.47.0-255,66,133041,96,133212
27328,0.02956,172.31.47.0-255,66,133107,96,133212
27329,0.029624,172.31.47.0-255,105,133212,96,133212
27330,0.0,74.125.24.0-255,153,153,96,200333
27331,2.5e-05,172.31.47.0-255,66,219,96,200333
27332,3.1e-05,74.125.24.0-255,1484,1703,96,200333
27333,3.5e-05,172.31.47.0-255,66,1769,96,200333
27334,3.9e-05,74.125.24.0-255,2902,4671,96,200333
27335,4.1e-05,172.31.47.0-255,66,4737,96,200333
27336,4.7e-05,74.125.24.0-255,7156,11893,96,200333
27337,5e-05,172.31.47.0-255,66,11959,96,200333
27338,5.3e-05,74.125.24.0-255,2015,13974,96,200333
27339,5.5e-05,172.31.47.0-255,66,14040,96,200333
27340,5.8e-05,74.125.24.0-255,1484,15524,96,200333
27341,5.9e-05,172.31.47.0-255,66,15590,96,200333
27342,8.8e-05,172.31.47.0-255,66,15656,96,200333
27343,0.000113,74.125.24.0-255,5379,21035,96,200333
27344,0.000115,172.31.47.0-255,66,21101,96,200333
27345,0.000149,74.125.24.0-255,1484,22585,96,200333
27346,0.000151,172.31.47.0-255,66,22651,96,200333
27347,0.000155,74.125.24.0-255,1484,24135,96,200333
27348,0.000157,172.31.47.0-255,66,24201,96,200333
27349,0.00017,74.125.24.0-255,1484,25685,96,200333
27350,0.000172,172.31.47.0-255,66,25751,96,200333
27351,0.000178,74.125.24.0-255,5738,31489,96,200333
27352,0.00018,172.31.47.0-255,66,31555,96,200333
27353,0.000192,74.125.24.0-255,2902,34457,96,200333
27354,0.000194,172.31.47.0-255,66,34523,96,200333
27355,0.00021,74.125.24.0-255,6797,41320,96,200333
27356,0.000213,172.31.47.0-255,66,41386,96,200333
27357,0.000217,74.125.24.0-255,2902,44288,96,200333
27358,0.000219,172.31.47.0-255,66,44354,96,200333
27359,0.000246,74.125.24.0-255,7156,51510,96,200333
27360,0.000249,172.31.47.0-255,66,51576,96,200333
27361,0.000254,74.125.24.0-255,4234,55810,96,200333
27362,0.000256,172.31.47.0-255,66,55876,96,200333
27363,0.000446,74.125.24.0-255,132,56008,96,200333
27364,0.000542,74.125.24.0-255,1484,57492,96,200333
27365,0.000546,172.31.47.0-255,66,57558,96,200333
27366,0.00055,74.125.24.0-255,2902,60460,96,200333
27367,0.000552,172.31.47.0-255,66,60526,96,200333
27368,0.000564,74.125.24.0-255,1484,62010,96,200333
27369,0.000584,74.125.24.0-255,4320,66330,96,200333
27370,0.000586,172.31.47.0-255,66,66396,96,200333
27371,0.000615,172.31.47.0-255,66,66462,96,200333
27372,0.000651,74.125.24.0-255,5738,72200,96,200333
27373,0.000654,172.31.47.0-255,66,72266,96,200333
27374,0.000666,74.125.24.0-255,1484,73750,96,200333
27375,0.000669,74.125.24.0-255,2804,76554,96,200333
27376,0.000671,172.31.47.0-255,66,76620,96,200333
27377,0.000675,74.125.24.0-255,2902,79522,96,200333
27378,0.000677,172.31.47.0-255,66,79588,96,200333
27379,0.000682,74.125.24.0-255,7156,86744,96,200333
27380,0.000685,172.31.47.0-255,66,86810,96,200333
27381,0.0007,74.125.24.0-255,1484,88294,96,200333
27382,0.000713,74.125.24.0-255,2902,91196,96,200333
27383,0.000716,172.31.47.0-255,66,91262,96,200333
27384,0.000746,172.31.47.0-255,66,91328,96,200333
27385,0.000756,172.31.47.0-255,66,91394,96,200333
27386,0.000916,74.125.24.0-255,1484,92878,96,200333
27387,0.00092,74.125.24.0-255,2902,95780,96,200333
27388,0.000923,172.31.47.0-255,66,95846,96,200333
27389,0.000926,74.125.24.0-255,1484,97330,96,200333
27390,0.000945,74.125.24.0-255,4320,101650,96,200333
27391,0.000947,172.31.47.0-255,66,101716,96,200333
27392,0.000952,74.125.24.0-255,2902,104618,96,200333
27393,0.000954,172.31.47.0-255,66,104684,96,200333
27394,0.000995,172.31.47.0-255,66,104750,96,200333
27395,0.001001,74.125.24.0-255,7156,111906,96,200333
27396,0.001004,172.31.47.0-255,66,111972,96,200333
27397,0.001009,74.125.24.0-255,5738,117710,96,200333
27398,0.001011,172.31.47.0-255,66,117776,96,200333
27399,0.00106,172.31.47.0-255,66,117842,96,200333
27400,0.001071,172.31.47.0-255,66,117908,96,200333
27401,0.001101,172.31.47.0-255,66,117974,96,200333
27402,0.001135,172.31.47.0-255,66,118040,96,200333
27403,0.001158,74.125.24.0-255,5020,123060,96,200333
27404,0.001161,172.31.47.0-255,66,123126,96,200333
27405,0.001165,74.125.24.0-255,2184,125310,96,200333
27406,0.001167,172.31.47.0-255,66,125376,96,200333
27407,0.00117,74.125.24.0-255,2902,128278,96,200333
27408,0.001174,172.31.47.0-255,66,128344,96,200333
27409,0.001181,74.125.24.0-255,7156,135500,96,200333
27410,0.001184,172.31.47.0-255,66,135566,96,200333
27411,0.0012,172.31.47.0-255,66,135632,96,200333
27412,0.001252,172.31.47.0-255,66,135698,96,200333
27413,0.0013,172.31.47.0-255,66,135764,96,200333
27414,0.001322,74.125.24.0-255,7156,142920,96,200333
27415,0.001325,172.31.47.0-255,66,142986,96,200333
27416,0.00134,172.31.47.0-255,66,143052,96,200333
27417,0.001343,74.125.24.0-255,1484,144536,96,200333
27418,0.001348,74.125.24.0-255,2902,147438,96,200333
27419,0.00135,172.31.47.0-255,66,147504,96,200333
27420,0.001357,74.125.24.0-255,5738,153242,96,200333
27421,0.001359,172.31.47.0-255,66,153308,96,200333
27422,0.001382,172.31.47.0-255,66,153374,96,200333
27423,0.0014,74.125.24.0-255,4320,157694,96,200333
27424,0.001403,172.31.47.0-255,66,157760,96,200333
27425,0.001409,74.125.24.0-255,7156,164916,96,200333
27426,0.001412,172.31.47.0-255,66,164982,96,200333
27427,0.001429,74.125.24.0-255,3602,168584,96,200333
27428,0.001433,172.31.47.0-255,66,168650,96,200333
27429,0.001475,74.125.24.0-255,2902,171552,96,200333
27430,0.001478,172.31.47.0-255,66,171618,96,200333
27431,0.001484,74.125.24.0-255,4320,175938,96,200333
27432,0.001486,172.31.47.0-255,66,176004,96,200333
27433,0.001522,172.31.47.0-255,66,176070,96,200333
27434,0.001525,74.125.24.0-255,1484,177554,96,200333
27435,0.001552,172.31.47.0-255,66,177620,96,200333
27436,0.001592,172.31.47.0-255,66,177686,96,200333
27437,0.001606,74.125.24.0-255,1484,179170,96,200333
27438,0.001623,74.125.24.0-255,7156,186326,96,200333
27439,0.001626,172.31.47.0-255,66,186392,96,200333
27440,0.001633,74.125.24.0-255,5738,192130,96,200333
27441,0.001635,172.31.47.0-255,66,192196,96,200333
27442,0.00165,74.125.24.0-255,2902,195098,96,200333
27443,0.001653,172.31.47.0-255,66,195164,96,200333
27444,0.001683,74.125.24.0-255,2902,198066,96,200333
27445,0.001689,172.31.47.0-255,66,198132,96,200333
27446,0.001722,172.31.47.0-255,66,198198,96,200333
27447,0.001733,172.31.47.0-255,66,198264,96,200333
27448,0.001756,74.125.24.0-255,1661,199925,96,200333
27449,0.00176,172.31.47.0-255,66,199991,96,200333
27450,0.001763,74.125.24.0-255,105,200096,96,200333
27451,0.003458,172.31.47.0-255,66,200162,96,200333
27452,0.003484,172.31.47.0-255,105,200267,96,200333
27453,0.005995,74.125.24.0-255,66,200333,96,200333
27454,0.0,172.31.47.0-255,66,66,96,66
27455,0.0,74.125.24.0-255,153,153,96,188575
27456,2.6e-05,172.31.47.0-255,66,219,96,188575
27457,3.2e-05,74.125.24.0-255,1484,1703,96,188575
27458,3.6e-05,172.31.47.0-255,66,1769,96,188575
27459,4.1e-05,74.125.24.0-255,2902,4671,96,188575
27460,4.3e-05,172.31.47.0-255,66,4737,96,188575
27461,4.6e-05,74.125.24.0-255,1484,6221,96,188575
27462,4.8e-05,172.31.47.0-255,66,6287,96,188575
27463,7.6e-05,74.125.24.0-255,5738,12025,96,188575
27464,7.9e-05,74.125.24.0-255,2206,14231,96,188575
27465,8e-05,172.31.47.0-255,66,14297,96,188575
27466,8.4e-05,172.31.47.0-255,66,14363,96,188575
27467,0.00011,74.125.24.0-255,2902,17265,96,188575
27468,0.000114,172.31.47.0-255,66,17331,96,188575
27469,0.000137,172.31.47.0-255,66,17397,96,188575
27470,0.000144,74.125.24.0-255,5379,22776,96,188575
27471,0.000146,172.31.47.0-255,66,22842,96,188575
27472,0.000181,74.125.24.0-255,1484,24326,96,188575
27473,0.000184,172.31.47.0-255,66,24392,96,188575
27474,0.000188,74.125.24.0-255,1484,25876,96,188575
27475,0.000189,172.31.47.0-255,66,25942,96,188575
27476,0.000203,74.125.24.0-255,1484,27426,96,188575
27477,0.000205,172.31.47.0-255,66,27492,96,188575
27478,0.000212,74.125.24.0-255,5738,33230,96,188575
27479,0.000215,172.31.47.0-255,66,33296,96,188575
27480,0.000218,74.125.24.0-255,1484,34780,96,188575
27481,0.000219,172.31.47.0-255,66,34846,96,188575
27482,0.000246,74.125.24.0-255,5379,40225,96,188575
27483,0.000249,172.31.47.0-255,66,40291,96,188575
27484,0.000543,74.125.24.0-255,1484,41775,96,188575
27485,0.000548,172.31.47.0-255,66,41841,96,188575
27486,0.000563,74.125.24.0-255,2902,44743,96,188575
27487,0.000566,172.31.47.0-255,66,44809,96,188575
27488,0.000571,74.125.24.0-255,2902,47711,96,188575
27489,0.000573,172.31.47.0-255,66,47777,96,188575
27490,0.000591,74.125.24.0-255,2902,50679,96,188575
27491,0.000594,74.125.24.0-255,1484,52163,96,188575
27492,0.000596,172.31.47.0-255,66,52229,96,188575
27493,0.000631,74.125.24.0-255,5379,57608,96,188575
27494,0.000635,172.31.47.0-255,66,57674,96,188575
27495,0.000658,74.125.24.0-255,5738,63412,96,188575
27496,0.000662,172.31.47.0-255,66,63478,96,188575
27497,0.000704,172.31.47.0-255,66,63544,96,188575
27498,0.000738,74.125.24.0-255,2902,66446,96,188575
27499,0.000741,172.31.47.0-255,66,66512,96,188575
27500,0.000775,172.31.47.0-255,66,66578,96,188575
27501,0.00078,74.125.24.0-255,2902,69480,96,188575
27502,0.000782,172.31.47.0-255,66,69546,96,188575
27503,0.000786,74.125.24.0-255,4320,73866,96,188575
27504,0.000789,172.31.47.0-255,66,73932,96,188575
27505,0.000792,74.125.24.0-255,1484,75416,96,188575
27506,0.000809,74.125.24.0-255,7156,82572,96,188575
27507,0.000814,172.31.47.0-255,66,82638,96,188575
27508,0.000867,172.31.47.0-255,66,82704,96,188575
27509,0.000906,74.125.24.0-255,3602,86306,96,188575
27510,0.000909,172.31.47.0-255,66,86372,96,188575
27511,0.000955,74.125.24.0-255,2902,89274,96,188575
27512,0.000959,172.31.47.0-255,66,89340,96,188575
27513,0.000982,74.125.24.0-255,1484,90824,96,188575
27514,0.000994,172.31.47.0-255,66,90890,96,188575
27515,0.001004,172.31.47.0-255,66,90956,96,188575
27516,0.001045,74.125.24.0-255,7156,98112,96,188575
27517,0.001049,172.31.47.0-255,66,98178,96,188575
27518,0.001066,74.125.24.0-255,3602,101780,96,188575
27519,0.001069,172.31.47.0-255,66,101846,96,188575
27520,0.00154,74.125.24.0-255,1484,103330,96,188575
27521,0.001547,74.125.24.0-255,2902,106232,96,188575
27522,0.001551,172.31.47.0-255,66,106298,96,188575
27523,0.001557,74.125.24.0-255,5738,112036,96,188575
27524,0.001559,172.31.47.0-255,66,112102,96,188575
27525,0.001577,74.125.24.0-255,2902,115004,96,188575
27526,0.00158,172.31.47.0-255,66,115070,96,188575
27527,0.001613,172.31.47.0-255,66,115136,96,188575
27528,0.001626,172.31.47.0-255,66,115202,96,188575
27529,0.002301,74.125.24.0-255,1484,116686,96,188575
27530,0.002313,74.125.24.0-255,2902,119588,96,188575
27531,0.002317,172.31.47.0-255,66,119654,96,188575
27532,0.002325,74.125.24.0-255,5738,125392,96,188575
27533,0.002327,172.31.47.0-255,66,125458,96,188575
27534,0.002363,172.31.47.0-255,66,125524,96,188575
27535,0.002382,74.125.24.0-255,1484,127008,96,188575
27536,0.002415,172.31.47.0-255,66,127074,96,188575
27537,0.004939,74.125.24.0-255,5738,132812,96,188575
27538,0.004943,172.31.47.0-255,66,132878,96,188575
27539,0.007499,74.125.24.0-255,5738,138616,96,188575
27540,0.007504,172.31.47.0-255,66,138682,96,188575
27541,0.010058,74.125.24.0-255,5738,144420,96,188575
27542,0.010089,172.31.47.0-255,66,144486,96,188575
27543,0.012638,74.125.24.0-255,5738,150224,96,188575
27544,0.012646,172.31.47.0-255,66,150290,96,188575
27545,0.015183,74.125.24.0-255,5738,156028,96,188575
27546,0.015191,172.31.47.0-255,66,156094,96,188575
27547,0.017733,74.125.24.0-255,5738,161832,96,188575
27548,0.017739,172.31.47.0-255,66,161898,96,188575
27549,0.020341,74.125.24.0-255,5738,167636,96,188575
27550,0.020348,172.31.47.0-255,66,167702,96,188575
27551,0.021938,172.31.47.0-255,172,167874,96,188575
27552,0.02197,172.31.47.0-255,1109,168983,96,188575
27553,0.022006,172.31.47.0-255,1514,170497,96,188575
27554,0.022008,172.31.47.0-255,336,170833,96,188575
27555,0.022906,74.125.24.0-255,5738,176571,96,188575
27556,0.022913,172.31.47.0-255,66,176637,96,188575
27557,0.02347,104.244.42.0-255,66,176703,96,188575
27558,0.023659,104.244.42.0-255,66,176769,96,188575
27559,0.023661,104.244.42.0-255,66,176835,96,188575
27560,0.025446,74.125.24.0-255,2902,179737,96,188575
27561,0.025449,172.31.47.0-255,66,179803,96,188575
27562,0.025476,74.125.24.0-255,2902,182705,96,188575
27563,0.025478,172.31.47.0-255,66,182771,96,188575
27564,0.028005,74.125.24.0-255,5738,188509,96,188575
27565,0.02801,172.31.47.0-255,66,188575,96,188575
27566,0.0,74.125.24.0-255,153,153,96,218906
27567,1.6e-05,172.31.47.0-255,66,219,96,218906
27568,2.2e-05,74.125.24.0-255,1484,1703,96,218906
27569,2.6e-05,172.31.47.0-255,66,1769,96,218906
27570,3.2e-05,74.125.24.0-255,2902,4671,96,218906
27571,3.6e-05,172.31.47.0-255,66,4737,96,218906
27572,4.2e-05,74.125.24.0-255,4320,9057,96,218906
27573,4.5e-05,172.31.47.0-255,66,9123,96,218906
27574,7.8e-05,74.125.24.0-255,4867,13990,96,218906
27575,8.2e-05,172.31.47.0-255,66,14056,96,218906
27576,0.000105,74.125.24.0-255,5738,19794,96,218906
27577,0.000108,172.31.47.0-255,66,19860,96,218906
27578,0.000121,74.125.24.0-255,1484,21344,96,218906
27579,0.000124,172.31.47.0-255,66,21410,96,218906
27580,0.000152,172.31.47.0-255,66,21476,96,218906
27581,0.000172,74.125.24.0-255,1125,22601,96,218906
27582,0.000174,172.31.47.0-255,66,22667,96,218906
27583,0.000215,74.125.24.0-255,1484,24151,96,218906
27584,0.000218,172.31.47.0-255,66,24217,96,218906
27585,0.000223,74.125.24.0-255,2902,27119,96,218906
27586,0.000225,172.31.47.0-255,66,27185,96,218906
27587,0.000237,74.125.24.0-255,2902,30087,96,218906
27588,0.000239,172.31.47.0-255,66,30153,96,218906
27589,0.000258,74.125.24.0-255,2902,33055,96,218906
27590,0.00026,172.31.47.0-255,66,33121,96,218906
27591,0.000295,172.31.47.0-255,66,33187,96,218906
27592,0.000315,74.125.24.0-255,5379,38566,96,218906
27593,0.000318,172.31.47.0-255,66,38632,96,218906
27594,0.000333,74.125.24.0-255,4320,42952,96,218906
27595,0.000336,172.31.47.0-255,66,43018,96,218906
27596,0.000353,74.125.24.0-255,5379,48397,96,218906
27597,0.000356,172.31.47.0-255,66,48463,96,218906
27598,0.000508,74.125.24.0-255,647,49110,96,218906
27599,0.000892,74.125.24.0-255,1484,50594,96,218906
27600,0.000897,172.31.47.0-255,66,50660,96,218906
27601,0.000903,74.125.24.0-255,2902,53562,96,218906
27602,0.000905,172.31.47.0-255,66,53628,96,218906
27603,0.000911,74.125.24.0-255,4320,57948,96,218906
27604,0.000913,172.31.47.0-255,66,58014,96,218906
27605,0.00093,74.125.24.0-255,1484,59498,96,218906
27606,0.000934,74.125.24.0-255,2902,62400,96,218906
27607,0.000937,172.31.47.0-255,66,62466,96,218906
27608,0.000972,172.31.47.0-255,66,62532,96,218906
27609,0.000975,74.125.24.0-255,1484,64016,96,218906
27610,0.001001,172.31.47.0-255,66,64082,96,218906
27611,0.001251,74.125.24.0-255,1484,65566,96,218906
27612,0.001257,74.125.24.0-255,2902,68468,96,218906
27613,0.00126,172.31.47.0-255,66,68534,96,218906
27614,0.001265,74.125.24.0-255,1484,70018,96,218906
27615,0.001284,74.125.24.0-255,4320,74338,96,218906
27616,0.001287,172.31.47.0-255,66,74404,96,218906
27617,0.001297,172.31.47.0-255,66,74470,96,218906
27618,0.001312,74.125.24.0-255,2902,77372,96,218906
27619,0.001315,172.31.47.0-255,66,77438,96,218906
27620,0.001344,74.125.24.0-255,4320,81758,96,218906
27621,0.001347,172.31.47.0-255,66,81824,96,218906
27622,0.001373,172.31.47.0-255,66,81890,96,218906
27623,0.001384,74.125.24.0-255,1484,83374,96,218906
27624,0.001397,74.125.24.0-255,2902,86276,96,218906
27625,0.001399,172.31.47.0-255,66,86342,96,218906
27626,0.001402,74.125.24.0-255,1484,87826,96,218906
27627,0.001422,74.125.24.0-255,4320,92146,96,218906
27628,0.001425,172.31.47.0-255,66,92212,96,218906
27629,0.001437,172.31.47.0-255,66,92278,96,218906
27630,0.001459,74.125.24.0-255,1484,93762,96,218906
27631,0.001471,172.31.47.0-255,66,93828,96,218906
27632,0.001507,74.125.24.0-255,3602,97430,96,218906
27633,0.001511,172.31.47.0-255,66,97496,96,218906
27634,0.001516,74.125.24.0-255,4320,101816,96,218906
27635,0.001518,172.31.47.0-255,66,101882,96,218906
27636,0.001521,74.125.24.0-255,1484,103366,96,218906
27637,0.001548,172.31.47.0-255,66,103432,96,218906
27638,0.001555,74.125.24.0-255,7156,110588,96,218906
27639,0.001558,172.31.47.0-255,66,110654,96,218906
27640,0.001627,172.31.47.0-255,66,110720,96,218906
27641,0.001643,74.125.24.0-255,1484,112204,96,218906
27642,0.001661,74.125.24.0-255,2902,115106,96,218906
27643,0.001663,172.31.47.0-255,66,115172,96,218906
27644,0.001669,74.125.24.0-255,5738,120910,96,218906
27645,0.001671,172.31.47.0-255,66,120976,96,218906
27646,0.001704,172.31.47.0-255,66,121042,96,218906
27647,0.001728,74.125.24.0-255,4320,125362,96,218906
27648,0.001731,172.31.47.0-255,66,125428,96,218906
27649,0.001743,172.31.47.0-255,66,125494,96,218906
27650,0.001746,74.125.24.0-255,766,126260,96,218906
27651,0.001888,74.125.24.0-255,1484,127744,96,218906
27652,0.001895,172.31.47.0-255,66,127810,96,218906
27653,0.001899,74.125.24.0-255,1484,129294,96,218906
27654,0.001913,74.125.24.0-255,1484,130778,96,218906
27655,0.001915,172.31.47.0-255,66,130844,96,218906
27656,0.001922,74.125.24.0-255,5738,136582,96,218906
27657,0.001925,172.31.47.0-255,66,136648,96,218906
27658,0.001948,74.125.24.0-255,1484,138132,96,218906
27659,0.001974,172.31.47.0-255,66,138198,96,218906
27660,0.001992,74.125.24.0-255,1484,139682,96,218906
27661,0.001995,74.125.24.0-255,1484,141166,96,218906
27662,0.001998,172.31.47.0-255,66,141232,96,218906
27663,0.00204,74.125.24.0-255,4320,145552,96,218906
27664,0.002044,172.31.47.0-255,66,145618,96,218906
27665,0.002067,74.125.24.0-255,5020,150638,96,218906
27666,0.002071,172.31.47.0-255,66,150704,96,218906
27667,0.002103,172.31.47.0-255,66,150770,96,218906
27668,0.002122,74.125.24.0-255,1484,152254,96,218906
27669,0.002128,74.125.24.0-255,5738,157992,96,218906
27670,0.002132,172.31.47.0-255,66,158058,96,218906
27671,0.002142,172.31.47.0-255,66,158124,96,218906
27672,0.002162,172.31.47.0-255,66,158190,96,218906
27673,0.002165,74.125.24.0-255,766,158956,96,218906
27674,0.00469,74.125.24.0-255,4320,163276,96,218906
27675,0.004698,172.31.47.0-255,66,163342,96,218906
27676,0.007253,74.125.24.0-255,5738,169080,96,218906
27677,0.00726,172.31.47.0-255,66,169146,96,218906
27678,0.009824,74.125.24.0-255,5738,174884,96,218906
27679,0.009831,172.31.47.0-255,66,174950,96,218906
27680,0.012375,74.125.24.0-255,5738,180688,96,218906
27681,0.012388,172.31.47.0-255,66,180754,96,218906
27682,0.014945,74.125.24.0-255,5738,186492,96,218906
27683,0.014953,172.31.47.0-255,66,186558,96,218906
27684,0.017497,74.125.24.0-255,5738,192296,96,218906
27685,0.017504,172.31.47.0-255,66,192362,96,218906
27686,0.020035,74.125.24.0-255,5738,198100,96,218906
27687,0.020043,172.31.47.0-255,66,198166,96,218906
27688,0.022587,74.125.24.0-255,5738,203904,96,218906
27689,0.022594,172.31.47.0-255,66,203970,96,218906
27690,0.02515,74.125.24.0-255,5738,209708,96,218906
27691,0.025157,172.31.47.0-255,66,209774,96,218906
27692,0.0277,74.125.24.0-255,5738,215512,96,218906
27693,0.027707,172.31.47.0-255,66,215578,96,218906
27694,0.02824,172.31.47.0-255,172,215750,96,218906
27695,0.028268,172.31.47.0-255,1105,216855,96,218906
27696,0.028317,172.31.47.0-255,1514,218369,96,218906
27697,0.028318,172.31.47.0-255,339,218708,96,218906
27698,0.029813,104.244.42.0-255,66,218774,96,218906
27699,0.02982,104.244.42.0-255,66,218840,96,218906
27700,0.029868,104.244.42.0-255,66,218906,96,218906
27701,0.0,172.217.194.0-255,152,152,96,126344
27702,3.1e-05,172.31.47.0-255,66,218,96,126344
27703,3.8e-05,172.217.194.0-255,1484,1702,96,126344
27704,4.1e-05,172.31.47.0-255,66,1768,96,126344
27705,4.6e-05,172.217.194.0-255,2902,4670,96,126344
27706,4.9e-05,172.31.47.0-255,66,4736,96,126344
27707,0.00012,172.217.194.0-255,4320,9056,96,126344
27708,0.000123,172.31.47.0-255,66,9122,96,126344
27709,0.00023,172.217.194.0-255,4933,14055,96,126344
27710,0.000235,172.31.47.0-255,66,14121,96,126344
27711,0.000333,172.217.194.0-255,5738,19859,96,126344
27712,0.000338,172.31.47.0-255,66,19925,96,126344
27713,0.00046,172.217.194.0-255,5738,25663,96,126344
27714,0.000464,172.31.47.0-255,66,25729,96,126344
27715,0.000486,172.217.194.0-255,6797,32526,96,126344
27716,0.000489,172.31.47.0-255,66,32592,96,126344
27717,0.000766,172.31.47.0-255,66,32658,96,126344
27718,0.000802,172.31.47.0-255,66,32724,96,126344
27719,0.001358,172.217.194.0-255,7079,39803,96,126344
27720,0.001365,172.31.47.0-255,66,39869,96,126344
27721,0.001536,172.31.47.0-255,66,39935,96,126344
27722,0.001575,172.31.47.0-255,66,40001,96,126344
27723,0.002297,172.217.194.0-255,1484,41485,96,126344
27724,0.002301,172.31.47.0-255,66,41551,96,126344
27725,0.002341,172.217.194.0-255,2902,44453,96,126344
27726,0.002344,172.31.47.0-255,66,44519,96,126344
27727,0.002405,172.217.194.0-255,4320,48839,96,126344
27728,0.002409,172.31.47.0-255,66,48905,96,126344
27729,0.002423,172.217.194.0-255,1484,50389,96,126344
27730,0.002535,172.217.194.0-255,2902,53291,96,126344
27731,0.002538,172.31.47.0-255,66,53357,96,126344
27732,0.002579,172.31.47.0-255,66,53423,96,126344
27733,0.002838,172.217.194.0-255,4320,57743,96,126344
27734,0.002841,172.31.47.0-255,66,57809,96,126344
27735,0.002886,172.31.47.0-255,66,57875,96,126344
27736,0.003483,172.217.194.0-255,1484,59359,96,126344
27737,0.003534,172.31.47.0-255,66,59425,96,126344
27738,0.003579,172.31.47.0-255,66,59491,96,126344
27739,0.005894,172.217.194.0-255,5738,65229,96,126344
27740,0.005901,172.31.47.0-255,66,65295,96,126344
27741,0.00823,172.217.194.0-255,4320,69615,96,126344
27742,0.008245,172.31.47.0-255,66,69681,96,126344
27743,0.008271,172.217.194.0-255,1484,71165,96,126344
27744,0.01056,172.217.194.0-255,4320,75485,96,126344
27745,0.010573,172.31.47.0-255,66,75551,96,126344
27746,0.012909,172.217.194.0-255,5738,81289,96,126344
27747,0.012966,172.31.47.0-255,66,81355,96,126344
27748,0.015322,172.217.194.0-255,5738,87093,96,126344
27749,0.015337,172.31.47.0-255,66,87159,96,126344
27750,0.017634,172.217.194.0-255,5738,92897,96,126344
27751,0.017645,172.31.47.0-255,66,92963,96,126344
27752,0.019938,172.217.194.0-255,5738,98701,96,126344
27753,0.019947,172.31.47.0-255,66,98767,96,126344
27754,0.022243,172.217.194.0-255,5738,104505,96,126344
27755,0.022254,172.31.47.0-255,66,104571,96,126344
27756,0.024544,172.217.194.0-255,5738,110309,96,126344
27757,0.024556,172.31.47.0-255,66,110375,96,126344
27758,0.026561,172.31.47.0-255,172,110547,96,126344
27759,0.026615,172.31.47.0-255,1105,111652,96,126344
27760,0.026686,172.31.47.0-255,1514,113166,96,126344
27761,0.026688,172.31.47.0-255,1306,114472,96,126344
27762,0.026905,172.217.194.0-255,5738,120210,96,126344
27763,0.026913,172.31.47.0-255,66,120276,96,126344
27764,0.028105,104.244.42.0-255,66,120342,96,126344
27765,0.028162,104.244.42.0-255,66,120408,96,126344
27766,0.028268,104.244.42.0-255,66,120474,96,126344
27767,0.029269,172.217.194.0-255,4320,124794,96,126344
27768,0.029276,172.31.47.0-255,66,124860,96,126344
27769,0.029291,172.217.194.0-255,1484,126344,96,126344
27770,0.0,74.125.24.0-255,153,153,96,178904
27771,1.3e-05,172.31.47.0-255,66,219,96,178904
27772,1.8e-05,74.125.24.0-255,1484,1703,96,178904
27773,2.2e-05,172.31.47.0-255,66,1769,96,178904
27774,2.7e-05,74.125.24.0-255,2902,4671,96,178904
27775,2.9e-05,172.31.47.0-255,66,4737,96,178904
27776,3.4e-05,74.125.24.0-255,4320,9057,96,178904
27777,3.6e-05,172.31.47.0-255,66,9123,96,178904
27778,6.1e-05,74.125.24.0-255,2902,12025,96,178904
27779,6.3e-05,172.31.47.0-255,66,12091,96,178904
27780,6.7e-05,74.125.24.0-255,2181,14272,96,178904
27781,6.9e-05,172.31.47.0-255,66,14338,96,178904
27782,0.000635,74.125.24.0-255,1484,15822,96,178904
27783,0.000641,172.31.47.0-255,66,15888,96,178904
27784,0.000647,74.125.24.0-255,2902,18790,96,178904
27785,0.000649,172.31.47.0-255,66,18856,96,178904
27786,0.000655,74.125.24.0-255,5738,24594,96,178904
27787,0.000657,172.31.47.0-255,66,24660,96,178904
27788,0.000661,74.125.24.0-255,4320,28980,96,178904
27789,0.000663,172.31.47.0-255,66,29046,96,178904
27790,0.000697,74.125.24.0-255,5738,34784,96,178904
27791,0.0007,172.31.47.0-255,66,34850,96,178904
27792,0.000716,74.125.24.0-255,6797,41647,96,178904
27793,0.000718,172.31.47.0-255,66,41713,96,178904
27794,0.000742,74.125.24.0-255,1484,43197,96,178904
27795,0.000744,172.31.47.0-255,66,43263,96,178904
27796,0.000764,74.125.24.0-255,5379,48642,96,178904
27797,0.000767,172.31.47.0-255,66,48708,96,178904
27798,0.000873,74.125.24.0-255,1484,50192,96,178904
27799,0.000877,172.31.47.0-255,66,50258,96,178904
27800,0.000882,74.125.24.0-255,2902,53160,96,178904
27801,0.000883,172.31.47.0-255,66,53226,96,178904
27802,0.000886,74.125.24.0-255,1484,54710,96,178904
27803,0.000913,74.125.24.0-255,4320,59030,96,178904
27804,0.000916,172.31.47.0-255,66,59096,96,178904
27805,0.00092,74.125.24.0-255,4320,63416,96,178904
27806,0.000922,172.31.47.0-255,66,63482,96,178904
27807,0.000948,74.125.24.0-255,3123,66605,96,178904
27808,0.000951,172.31.47.0-255,66,66671,96,178904
27809,0.000998,74.125.24.0-255,1484,68155,96,178904
27810,0.001016,74.125.24.0-255,2902,71057,96,178904
27811,0.001018,172.31.47.0-255,66,71123,96,178904
27812,0.001024,74.125.24.0-255,4320,75443,96,178904
27813,0.001026,172.31.47.0-255,66,75509,96,178904
27814,0.001037,74.125.24.0-255,1484,76993,96,178904
27815,0.001053,74.125.24.0-255,4320,81313,96,178904
27816,0.001055,172.31.47.0-255,66,81379,96,178904
27817,0.001085,172.31.47.0-255,66,81445,96,178904
27818,0.001108,74.125.24.0-255,5738,87183,96,178904
27819,0.00111,172.31.47.0-255,66,87249,96,178904
27820,0.001129,74.125.24.0-255,3961,91210,96,178904
27821,0.001131,172.31.47.0-255,66,91276,96,178904
27822,0.001393,74.125.24.0-255,1484,92760,96,178904
27823,0.001405,74.125.24.0-255,2902,95662,96,178904
27824,0.001407,172.31.47.0-255,66,95728,96,178904
27825,0.001412,74.125.24.0-255,4320,100048,96,178904
27826,0.001415,172.31.47.0-255,66,100114,96,178904
27827,0.001428,74.125.24.0-255,1484,101598,96,178904
27828,0.00144,74.125.24.0-255,2902,104500,96,178904
27829,0.001443,172.31.47.0-255,66,104566,96,178904
27830,0.001464,172.31.47.0-255,66,104632,96,178904
27831,0.001506,172.31.47.0-255,66,104698,96,178904
27832,0.003781,74.125.24.0-255,5738,110436,96,178904
27833,0.003787,172.31.47.0-255,66,110502,96,178904
27834,0.006067,74.125.24.0-255,5738,116240,96,178904
27835,0.006074,172.31.47.0-255,66,116306,96,178904
27836,0.008366,74.125.24.0-255,5738,122044,96,178904
27837,0.008373,172.31.47.0-255,66,122110,96,178904
27838,0.010642,74.125.24.0-255,5738,127848,96,178904
27839,0.01065,172.31.47.0-255,66,127914,96,178904
27840,0.012913,74.125.24.0-255,5738,133652,96,178904
27841,0.012919,172.31.47.0-255,66,133718,96,178904
27842,0.015231,74.125.24.0-255,5738,139456,96,178904
27843,0.01524,172.31.47.0-255,66,139522,96,178904
27844,0.017533,74.125.24.0-255,5738,145260,96,178904
27845,0.01754,172.31.47.0-255,66,145326,96,178904
27846,0.019815,74.125.24.0-255,5738,151064,96,178904
27847,0.019821,172.31.47.0-255,66,151130,96,178904
27848,0.020466,172.31.47.0-255,171,151301,96,178904
27849,0.020497,172.31.47.0-255,1133,152434,96,178904
27850,0.020556,172.31.47.0-255,1514,153948,96,178904
27851,0.020558,172.31.47.0-255,1278,155226,96,178904
27852,0.021995,104.244.42.0-255,66,155292,96,178904
27853,0.022074,104.244.42.0-255,66,155358,96,178904
27854,0.022082,74.125.24.0-255,2902,158260,96,178904
27855,0.022087,172.31.47.0-255,66,158326,96,178904
27856,0.022107,74.125.24.0-255,2902,161228,96,178904
27857,0.02211,172.31.47.0-255,66,161294,96,178904
27858,0.022126,104.244.42.0-255,66,161360,96,178904
27859,0.024344,74.125.24.0-255,2902,164262,96,178904
27860,0.02435,172.31.47.0-255,66,164328,96,178904
27861,0.024374,74.125.24.0-255,2902,167230,96,178904
27862,0.024376,172.31.47.0-255,66,167296,96,178904
27863,0.026641,74.125.24.0-255,5738,173034,96,178904
27864,0.026646,172.31.47.0-255,66,173100,96,178904
27865,0.028897,74.125.24.0-255,5738,178838,96,178904
27866,0.028904,172.31.47.0-255,66,178904,96,178904
27867,0.0,172.253.118.0-255,157,157,96,254909
27868,1.7e-05,172.31.47.0-255,66,223,96,254909
27869,2.2e-05,172.253.118.0-255,1484,1707,96,254909
27870,2.6e-05,172.31.47.0-255,66,1773,96,254909
27871,3.7e-05,172.253.118.0-255,2902,4675,96,254909
27872,4.1e-05,172.31.47.0-255,66,4741,96,254909
27873,4.6e-05,172.253.118.0-255,5738,10479,96,254909
27874,4.9e-05,172.31.47.0-255,66,10545,96,254909
27875,7.5e-05,172.253.118.0-255,2902,13447,96,254909
27876,7.7e-05,172.31.47.0-255,66,13513,96,254909
27877,0.000108,172.31.47.0-255,66,13579,96,254909
27878,0.000112,172.253.118.0-255,2902,16481,96,254909
27879,0.000114,172.31.47.0-255,66,16547,96,254909
27880,0.000183,172.253.118.0-255,3961,20508,96,254909
27881,0.000187,172.31.47.0-255,66,20574,96,254909
27882,0.000203,172.253.118.0-255,1484,22058,96,254909
27883,0.000205,172.31.47.0-255,66,22124,96,254909
27884,0.000209,172.253.118.0-255,2902,25026,96,254909
27885,0.000211,172.31.47.0-255,66,25092,96,254909
27886,0.000214,172.253.118.0-255,1484,26576,96,254909
27887,0.000216,172.31.47.0-255,66,26642,96,254909
27888,0.000244,172.253.118.0-255,4320,30962,96,254909
27889,0.000247,172.31.47.0-255,66,31028,96,254909
27890,0.000254,172.253.118.0-255,6797,37825,96,254909
27891,0.000256,172.31.47.0-255,66,37891,96,254909
27892,0.000386,172.253.118.0-255,1484,39375,96,254909
27893,0.000389,172.31.47.0-255,66,39441,96,254909
27894,0.000395,172.253.118.0-255,2902,42343,96,254909
27895,0.000397,172.31.47.0-255,66,42409,96,254909
27896,0.000402,172.253.118.0-255,2902,45311,96,254909
27897,0.000404,172.31.47.0-255,66,45377,96,254909
27898,0.000429,172.253.118.0-255,2902,48279,96,254909
27899,0.000432,172.31.47.0-255,66,48345,96,254909
27900,0.000446,172.253.118.0-255,4320,52665,96,254909
27901,0.000452,172.31.47.0-255,66,52731,96,254909
27902,0.000471,172.253.118.0-255,2877,55608,96,254909
27903,0.000473,172.31.47.0-255,66,55674,96,254909
27904,0.000523,172.253.118.0-255,343,56017,96,254909
27905,0.00075,172.253.118.0-255,1484,57501,96,254909
27906,0.000754,172.31.47.0-255,66,57567,96,254909
27907,0.00076,172.253.118.0-255,2902,60469,96,254909
27908,0.000761,172.31.47.0-255,66,60535,96,254909
27909,0.000788,172.253.118.0-255,5738,66273,96,254909
27910,0.00079,172.31.47.0-255,66,66339,96,254909
27911,0.000794,172.253.118.0-255,2902,69241,96,254909
27912,0.000796,172.31.47.0-255,66,69307,96,254909
27913,0.000822,172.253.118.0-255,3961,73268,96,254909
27914,0.000825,172.31.47.0-255,66,73334,96,254909
27915,0.000868,172.253.118.0-255,1484,74818,96,254909
27916,0.000873,172.253.118.0-255,2902,77720,96,254909
27917,0.000875,172.31.47.0-255,66,77786,96,254909
27918,0.000881,172.253.118.0-255,5738,83524,96,254909
27919,0.000883,172.31.47.0-255,66,83590,96,254909
27920,0.000903,172.253.118.0-255,6797,90387,96,254909
27921,0.000905,172.31.47.0-255,66,90453,96,254909
27922,0.001319,172.253.118.0-255,1484,91937,96,254909
27923,0.001325,172.253.118.0-255,2902,94839,96,254909
27924,0.001328,172.31.47.0-255,66,94905,96,254909
27925,0.001332,172.253.118.0-255,1484,96389,96,254909
27926,0.001355,172.253.118.0-255,4320,100709,96,254909
27927,0.001357,172.31.47.0-255,66,100775,96,254909
27928,0.001362,172.253.118.0-255,4320,105095,96,254909
27929,0.001364,172.31.47.0-255,66,105161,96,254909
27930,0.001367,172.253.118.0-255,1484,106645,96,254909
27931,0.001403,172.253.118.0-255,5738,112383,96,254909
27932,0.001407,172.31.47.0-255,66,112449,96,254909
27933,0.00141,172.31.47.0-255,66,112515,96,254909
27934,0.001429,172.253.118.0-255,2184,114699,96,254909
27935,0.001431,172.31.47.0-255,66,114765,96,254909
27936,0.001523,172.253.118.0-255,1484,116249,96,254909
27937,0.001528,172.253.118.0-255,2902,119151,96,254909
27938,0.00153,172.31.47.0-255,66,119217,96,254909
27939,0.001533,172.253.118.0-255,1484,120701,96,254909
27940,0.001555,172.253.118.0-255,4320,125021,96,254909
27941,0.001557,172.31.47.0-255,66,125087,96,254909
27942,0.00156,172.253.118.0-255,1484,126571,96,254909
27943,0.001579,172.253.118.0-255,2902,129473,96,254909
27944,0.001581,172.31.47.0-255,66,129539,96,254909
27945,0.001613,172.253.118.0-255,5738,135277,96,254909
27946,0.001615,172.31.47.0-255,66,135343,96,254909
27947,0.001625,172.31.47.0-255,66,135409,96,254909
27948,0.001649,172.253.118.0-255,1484,136893,96,254909
27949,0.001663,172.253.118.0-255,2184,139077,96,254909
27950,0.001665,172.31.47.0-255,66,139143,96,254909
27951,0.001677,172.253.118.0-255,1484,140627,96,254909
27952,0.001693,172.253.118.0-255,2902,143529,96,254909
27953,0.001695,172.253.118.0-255,1484,145013,96,254909
27954,0.001698,172.31.47.0-255,66,145079,96,254909
27955,0.001735,172.31.47.0-255,66,145145,96,254909
27956,0.001746,172.31.47.0-255,66,145211,96,254909
27957,0.001765,172.253.118.0-255,1484,146695,96,254909
27958,0.001794,172.253.118.0-255,6438,153133,96,254909
27959,0.001798,172.31.47.0-255,66,153199,96,254909
27960,0.001965,172.253.118.0-255,1484,154683,96,254909
27961,0.001996,172.253.118.0-255,2902,157585,96,254909
27962,0.001999,172.31.47.0-255,66,157651,96,254909
27963,0.002027,172.253.118.0-255,4320,161971,96,254909
27964,0.002029,172.31.47.0-255,66,162037,96,254909
27965,0.002055,172.31.47.0-255,66,162103,96,254909
27966,0.002082,172.253.118.0-255,7156,169259,96,254909
27967,0.002084,172.31.47.0-255,66,169325,96,254909
27968,0.002117,172.253.118.0-255,2902,172227,96,254909
27969,0.002119,172.31.47.0-255,66,172293,96,254909
27970,0.002126,172.253.118.0-255,6438,178731,96,254909
27971,0.002128,172.31.47.0-255,66,178797,96,254909
27972,0.004224,172.253.118.0-255,5738,184535,96,254909
27973,0.004233,172.31.47.0-255,66,184601,96,254909
27974,0.006341,172.253.118.0-255,2902,187503,96,254909
27975,0.006344,172.31.47.0-255,66,187569,96,254909
27976,0.006362,172.253.118.0-255,2902,190471,96,254909
27977,0.006364,172.31.47.0-255,66,190537,96,254909
27978,0.008452,172.253.118.0-255,2902,193439,96,254909
27979,0.00846,172.31.47.0-255,66,193505,96,254909
27980,0.008489,172.253.118.0-255,2902,196407,96,254909
27981,0.008492,172.31.47.0-255,66,196473,96,254909
27982,0.01056,172.253.118.0-255,2902,199375,96,254909
27983,0.010567,172.31.47.0-255,66,199441,96,254909
27984,0.010594,172.253.118.0-255,2902,202343,96,254909
27985,0.010597,172.31.47.0-255,66,202409,96,254909
27986,0.012664,172.253.118.0-255,2902,205311,96,254909
27987,0.012678,172.31.47.0-255,66,205377,96,254909
27988,0.012708,172.253.118.0-255,2902,208279,96,254909
27989,0.012712,172.31.47.0-255,66,208345,96,254909
27990,0.014811,172.253.118.0-255,2902,211247,96,254909
27991,0.014818,172.31.47.0-255,66,211313,96,254909
27992,0.014841,172.253.118.0-255,2902,214215,96,254909
27993,0.014844,172.31.47.0-255,66,214281,96,254909
27994,0.016924,172.253.118.0-255,5738,220019,96,254909
27995,0.016931,172.31.47.0-255,66,220085,96,254909
27996,0.019053,172.253.118.0-255,5738,225823,96,254909
27997,0.019061,172.31.47.0-255,66,225889,96,254909
27998,0.021171,172.253.118.0-255,5738,231627,96,254909
27999,0.021179,172.31.47.0-255,66,231693,96,254909
28000,0.023292,172.253.118.0-255,5738,237431,96,254909
28001,0.023298,172.31.47.0-255,66,237497,96,254909
28002,0.025398,172.253.118.0-255,5738,243235,96,254909
28003,0.025405,172.31.47.0-255,66,243301,96,254909
28004,0.027499,172.253.118.0-255,5738,249039,96,254909
28005,0.027505,172.31.47.0-255,66,249105,96,254909
28006,0.029614,172.253.118.0-255,5738,254843,96,254909
28007,0.029624,172.31.47.0-255,66,254909,96,254909
28008,0.0,172.217.194.0-255,153,153,96,140004
28009,1.6e-05,172.31.47.0-255,66,219,96,140004
28010,2.2e-05,172.217.194.0-255,1484,1703,96,140004
28011,2.5e-05,172.31.47.0-255,66,1769,96,140004
28012,2.9e-05,172.217.194.0-255,2902,4671,96,140004
28013,3.1e-05,172.31.47.0-255,66,4737,96,140004
28014,3.3e-05,172.217.194.0-255,1484,6221,96,140004
28015,4.1e-05,172.31.47.0-255,66,6287,96,140004
28016,6.7e-05,172.217.194.0-255,5738,12025,96,140004
28017,6.9e-05,172.31.47.0-255,66,12091,96,140004
28018,7.2e-05,172.217.194.0-255,1990,14081,96,140004
28019,7.3e-05,172.31.47.0-255,66,14147,96,140004
28020,0.000225,172.217.194.0-255,1484,15631,96,140004
28021,0.000231,172.31.47.0-255,66,15697,96,140004
28022,0.000236,172.217.194.0-255,2902,18599,96,140004
28023,0.000237,172.31.47.0-255,66,18665,96,140004
28024,0.00027,172.217.194.0-255,5738,24403,96,140004
28025,0.000273,172.31.47.0-255,66,24469,96,140004
28026,0.000305,172.217.194.0-255,5738,30207,96,140004
28027,0.000307,172.31.47.0-255,66,30273,96,140004
28028,0.000333,172.217.194.0-255,1125,31398,96,140004
28029,0.000335,172.31.47.0-255,66,31464,96,140004
28030,0.000342,172.217.194.0-255,7156,38620,96,140004
28031,0.000344,172.31.47.0-255,66,38686,96,140004
28032,0.000383,172.31.47.0-255,66,38752,96,140004
28033,0.002013,172.217.194.0-255,1484,40236,96,140004
28034,0.002017,172.31.47.0-255,66,40302,96,140004
28035,0.002024,172.217.194.0-255,2902,43204,96,140004
28036,0.002026,172.31.47.0-255,66,43270,96,140004
28037,0.00203,172.217.194.0-255,2902,46172,96,140004
28038,0.002031,172.31.47.0-255,66,46238,96,140004
28039,0.002061,172.217.194.0-255,2902,49140,96,140004
28040,0.002065,172.217.194.0-255,2902,52042,96,140004
28041,0.002077,172.217.194.0-255,5738,57780,96,140004
28042,0.002092,172.217.194.0-255,5379,63159,96,140004
28043,0.00213,172.217.194.0-255,2902,66061,96,140004
28044,0.002151,172.217.194.0-255,5738,71799,96,140004
28045,0.006015,172.31.47.0-255,66,71865,96,140004
28046,0.008146,172.217.194.0-255,5738,77603,96,140004
28047,0.008156,172.31.47.0-255,66,77669,96,140004
28048,0.010273,172.217.194.0-255,5738,83407,96,140004
28049,0.010287,172.31.47.0-255,66,83473,96,140004
28050,0.012381,172.217.194.0-255,5738,89211,96,140004
28051,0.012908,172.31.47.0-255,66,89277,96,140004
28052,0.014995,172.217.194.0-255,5738,95015,96,140004
28053,0.015003,172.31.47.0-255,66,95081,96,140004
28054,0.017125,172.217.194.0-255,5738,100819,96,140004
28055,0.017136,172.31.47.0-255,66,100885,96,140004
28056,0.019252,172.217.194.0-255,5738,106623,96,140004
28057,0.019258,172.31.47.0-255,66,106689,96,140004
28058,0.019994,172.31.47.0-255,172,106861,96,140004
28059,0.020019,172.31.47.0-255,1109,107970,96,140004
28060,0.020069,172.31.47.0-255,1514,109484,96,140004
28061,0.020071,172.31.47.0-255,1302,110786,96,140004
28062,0.021376,172.217.194.0-255,5738,116524,96,140004
28063,0.021384,172.31.47.0-255,66,116590,96,140004
28064,0.02154,104.244.42.0-255,66,116656,96,140004
28065,0.021569,104.244.42.0-255,66,116722,96,140004
28066,0.021591,104.244.42.0-255,66,116788,96,140004
28067,0.023491,172.217.194.0-255,5738,122526,96,140004
28068,0.023497,172.31.47.0-255,66,122592,96,140004
28069,0.025616,172.217.194.0-255,5738,128330,96,140004
28070,0.025622,172.31.47.0-255,66,128396,96,140004
28071,0.027721,172.217.194.0-255,5738,134134,96,140004
28072,0.027725,172.31.47.0-255,66,134200,96,140004
28073,0.029849,172.217.194.0-255,5738,139938,96,140004
28074,0.029855,172.31.47.0-255,66,140004,96,140004
28075,0.0,216.58.221.0-255,146,146,96,178404
28076,2.8e-05,172.31.47.0-255,66,212,96,178404
28077,3.5e-05,216.58.221.0-255,1484,1696,96,178404
28078,3.9e-05,172.31.47.0-255,66,1762,96,178404
28079,4.4e-05,216.58.221.0-255,2902,4664,96,178404
28080,5.6e-05,172.31.47.0-255,66,4730,96,178404
28081,8.5e-05,216.58.221.0-255,5738,10468,96,178404
28082,8.8e-05,172.31.47.0-255,66,10534,96,178404
28083,0.000163,216.58.221.0-255,1484,12018,96,178404
28084,0.000166,172.31.47.0-255,66,12084,96,178404
28085,0.000204,172.31.47.0-255,66,12150,96,178404
28086,0.000404,216.58.221.0-255,6797,18947,96,178404
28087,0.000409,172.31.47.0-255,66,19013,96,178404
28088,0.000512,216.58.221.0-255,4320,23333,96,178404
28089,0.000516,172.31.47.0-255,66,23399,96,178404
28090,0.000534,216.58.221.0-255,2902,26301,96,178404
28091,0.000536,172.31.47.0-255,66,26367,96,178404
28092,0.000637,216.58.221.0-255,5738,32105,96,178404
28093,0.000641,172.31.47.0-255,66,32171,96,178404
28094,0.000681,172.31.47.0-255,66,32237,96,178404
28095,0.0009,216.58.221.0-255,4320,36557,96,178404
28096,0.000904,172.31.47.0-255,66,36623,96,178404
28097,0.000939,216.58.221.0-255,6767,43390,96,178404
28098,0.000943,172.31.47.0-255,66,43456,96,178404
28099,0.00134,216.58.221.0-255,112,43568,96,178404
28100,0.001345,172.31.47.0-255,66,43634,96,178404
28101,0.001382,216.58.221.0-255,1484,45118,96,178404
28102,0.001385,172.31.47.0-255,66,45184,96,178404
28103,0.001389,216.58.221.0-255,2902,48086,96,178404
28104,0.00139,172.31.47.0-255,66,48152,96,178404
28105,0.001437,216.58.221.0-255,5738,53890,96,178404
28106,0.001452,172.31.47.0-255,66,53956,96,178404
28107,0.00154,216.58.221.0-255,4320,58276,96,178404
28108,0.001544,172.31.47.0-255,66,58342,96,178404
28109,0.001576,172.31.47.0-255,66,58408,96,178404
28110,0.001754,216.58.221.0-255,1484,59892,96,178404
28111,0.001757,172.31.47.0-255,66,59958,96,178404
28112,0.001785,216.58.221.0-255,5738,65696,96,178404
28113,0.001787,172.31.47.0-255,66,65762,96,178404
28114,0.001876,216.58.221.0-255,3602,69364,96,178404
28115,0.001879,172.31.47.0-255,66,69430,96,178404
28116,0.001933,216.58.221.0-255,4320,73750,96,178404
28117,0.001936,172.31.47.0-255,66,73816,96,178404
28118,0.002018,216.58.221.0-255,5738,79554,96,178404
28119,0.002021,172.31.47.0-255,66,79620,96,178404
28120,0.002048,216.58.221.0-255,4320,83940,96,178404
28121,0.002056,172.31.47.0-255,66,84006,96,178404
28122,0.002176,216.58.221.0-255,2902,86908,96,178404
28123,0.002179,172.31.47.0-255,66,86974,96,178404
28124,0.002216,172.31.47.0-255,66,87040,96,178404
28125,0.002372,216.58.221.0-255,7156,94196,96,178404
28126,0.002376,172.31.47.0-255,66,94262,96,178404
28127,0.002396,216.58.221.0-255,766,95028,96,178404
28128,0.002452,172.31.47.0-255,66,95094,96,178404
28129,0.004293,216.58.221.0-255,1484,96578,96,178404
28130,0.004313,216.58.221.0-255,2902,99480,96,178404
28131,0.00432,172.31.47.0-255,66,99546,96,178404
28132,0.004372,216.58.221.0-255,1484,101030,96,178404
28133,0.006256,216.58.221.0-255,4320,105350,96,178404
28134,0.006262,172.31.47.0-255,66,105416,96,178404
28135,0.008192,216.58.221.0-255,5738,111154,96,178404
28136,0.008229,172.31.47.0-255,66,111220,96,178404
28137,0.010177,216.58.221.0-255,5738,116958,96,178404
28138,0.010191,172.31.47.0-255,66,117024,96,178404
28139,0.012132,216.58.221.0-255,5738,122762,96,178404
28140,0.01214,172.31.47.0-255,66,122828,96,178404
28141,0.014075,216.58.221.0-255,5738,128566,96,178404
28142,0.014082,172.31.47.0-255,66,128632,96,178404
28143,0.016017,216.58.221.0-255,4320,132952,96,178404
28144,0.016023,172.31.47.0-255,66,133018,96,178404
28145,0.016048,216.58.221.0-255,1484,134502,96,178404
28146,0.01796,216.58.221.0-255,4320,138822,96,178404
28147,0.017968,172.31.47.0-255,66,138888,96,178404
28148,0.019901,216.58.221.0-255,5738,144626,96,178404
28149,0.019947,172.31.47.0-255,66,144692,96,178404
28150,0.020607,172.31.47.0-255,172,144864,96,178404
28151,0.020642,172.31.47.0-255,1110,145974,96,178404
28152,0.020704,172.31.47.0-255,1514,147488,96,178404
28153,0.020706,172.31.47.0-255,1302,148790,96,178404
28154,0.021892,216.58.221.0-255,5738,154528,96,178404
28155,0.021899,172.31.47.0-255,66,154594,96,178404
28156,0.022149,104.244.42.0-255,66,154660,96,178404
28157,0.022209,104.244.42.0-255,66,154726,96,178404
28158,0.022249,104.244.42.0-255,66,154792,96,178404
28159,0.023833,216.58.221.0-255,5738,160530,96,178404
28160,0.023838,172.31.47.0-255,66,160596,96,178404
28161,0.025764,216.58.221.0-255,2902,163498,96,178404
28162,0.025769,172.31.47.0-255,66,163564,96,178404
28163,0.025786,216.58.221.0-255,2902,166466,96,178404
28164,0.025807,172.31.47.0-255,66,166532,96,178404
28165,0.02771,216.58.221.0-255,2902,169434,96,178404
28166,0.027715,172.31.47.0-255,66,169500,96,178404
28167,0.027739,216.58.221.0-255,2902,172402,96,178404
28168,0.027755,172.31.47.0-255,66,172468,96,178404
28169,0.029647,216.58.221.0-255,2902,175370,96,178404
28170,0.029654,172.31.47.0-255,66,175436,96,178404
28171,0.029682,216.58.221.0-255,2902,178338,96,178404
28172,0.029709,172.31.47.0-255,66,178404,96,178404
28173,0.0,74.125.24.0-255,152,152,96,144674
28174,2.6e-05,172.31.47.0-255,66,218,96,144674
28175,3.2e-05,74.125.24.0-255,1484,1702,96,144674
28176,3.6e-05,172.31.47.0-255,66,1768,96,144674
28177,3.9e-05,74.125.24.0-255,1484,3252,96,144674
28178,4.2e-05,172.31.47.0-255,66,3318,96,144674
28179,5.6e-05,74.125.24.0-255,1484,4802,96,144674
28180,5.8e-05,172.31.47.0-255,66,4868,96,144674
28181,6.5e-05,74.125.24.0-255,5738,10606,96,144674
28182,6.7e-05,172.31.47.0-255,66,10672,96,144674
28183,9.3e-05,74.125.24.0-255,2902,13574,96,144674
28184,9.6e-05,172.31.47.0-255,66,13640,96,144674
28185,0.000125,172.31.47.0-255,66,13706,96,144674
28186,0.000127,74.125.24.0-255,1484,15190,96,144674
28187,0.00013,172.31.47.0-255,66,15256,96,144674
28188,0.000151,74.125.24.0-255,5379,20635,96,144674
28189,0.000154,172.31.47.0-255,66,20701,96,144674
28190,0.000247,74.125.24.0-255,1484,22185,96,144674
28191,0.00025,172.31.47.0-255,66,22251,96,144674
28192,0.000272,74.125.24.0-255,2902,25153,96,144674
28193,0.000277,74.125.24.0-255,5738,30891,96,144674
28194,0.000278,172.31.47.0-255,66,30957,96,144674
28195,0.000282,172.31.47.0-255,66,31023,96,144674
28196,0.000319,172.31.47.0-255,66,31089,96,144674
28197,0.00034,74.125.24.0-255,1484,32573,96,144674
28198,0.000342,172.31.47.0-255,66,32639,96,144674
28199,0.000355,172.31.47.0-255,66,32705,96,144674
28200,0.000359,74.125.24.0-255,2184,34889,96,144674
28201,0.000363,172.31.47.0-255,66,34955,96,144674
28202,0.000683,74.125.24.0-255,363,35318,96,144674
28203,0.000755,172.31.47.0-255,66,35384,96,144674
28204,0.001386,74.125.24.0-255,127,35511,96,144674
28205,0.001427,74.125.24.0-255,1484,36995,96,144674
28206,0.001431,172.31.47.0-255,66,37061,96,144674
28207,0.00145,74.125.24.0-255,2902,39963,96,144674
28208,0.001452,172.31.47.0-255,66,40029,96,144674
28209,0.001456,74.125.24.0-255,1484,41513,96,144674
28210,0.001476,74.125.24.0-255,5738,47251,96,144674
28211,0.001478,172.31.47.0-255,66,47317,96,144674
28212,0.001483,74.125.24.0-255,5738,53055,96,144674
28213,0.001485,172.31.47.0-255,66,53121,96,144674
28214,0.001496,74.125.24.0-255,1484,54605,96,144674
28215,0.00153,74.125.24.0-255,4320,58925,96,144674
28216,0.001532,172.31.47.0-255,66,58991,96,144674
28217,0.001556,172.31.47.0-255,66,59057,96,144674
28218,0.003541,74.125.24.0-255,5738,64795,96,144674
28219,0.003545,172.31.47.0-255,66,64861,96,144674
28220,0.005561,74.125.24.0-255,5738,70599,96,144674
28221,0.005567,172.31.47.0-255,66,70665,96,144674
28222,0.007574,74.125.24.0-255,5738,76403,96,144674
28223,0.00758,172.31.47.0-255,66,76469,96,144674
28224,0.009606,74.125.24.0-255,5738,82207,96,144674
28225,0.009616,172.31.47.0-255,66,82273,96,144674
28226,0.011602,74.125.24.0-255,5738,88011,96,144674
28227,0.011609,172.31.47.0-255,66,88077,96,144674
28228,0.01362,74.125.24.0-255,5738,93815,96,144674
28229,0.013633,172.31.47.0-255,66,93881,96,144674
28230,0.015632,74.125.24.0-255,5738,99619,96,144674
28231,0.015641,172.31.47.0-255,66,99685,96,144674
28232,0.017676,74.125.24.0-255,5738,105423,96,144674
28233,0.017683,172.31.47.0-255,66,105489,96,144674
28234,0.019675,74.125.24.0-255,5738,111227,96,144674
28235,0.019686,172.31.47.0-255,66,111293,96,144674
28236,0.021703,74.125.24.0-255,5738,117031,96,144674
28237,0.02171,172.31.47.0-255,66,117097,96,144674
28238,0.023193,172.31.47.0-255,172,117269,96,144674
28239,0.023231,172.31.47.0-255,1109,118378,96,144674
28240,0.023289,172.31.47.0-255,1514,119892,96,144674
28241,0.023291,172.31.47.0-255,1302,121194,96,144674
28242,0.023712,74.125.24.0-255,5738,126932,96,144674
28243,0.023716,172.31.47.0-255,66,126998,96,144674
28244,0.024729,104.244.42.0-255,66,127064,96,144674
28245,0.024968,104.244.42.0-255,66,127130,96,144674
28246,0.02497,104.244.42.0-255,66,127196,96,144674
28247,0.025723,74.125.24.0-255,1484,128680,96,144674
28248,0.02575,74.125.24.0-255,4320,133000,96,144674
28249,0.025754,172.31.47.0-255,66,133066,96,144674
28250,0.02773,74.125.24.0-255,5738,138804,96,144674
28251,0.027734,172.31.47.0-255,66,138870,96,144674
28252,0.029754,74.125.24.0-255,5738,144608,96,144674
28253,0.029759,172.31.47.0-255,66,144674,96,144674
28254,0.0,172.217.194.0-255,153,153,96,203103
28255,3.2e-05,172.31.47.0-255,66,219,96,203103
28256,4e-05,172.217.194.0-255,1484,1703,96,203103
28257,4.4e-05,172.31.47.0-255,66,1769,96,203103
28258,5.5e-05,172.217.194.0-255,2902,4671,96,203103
28259,5.9e-05,172.31.47.0-255,66,4737,96,203103
28260,6.5e-05,172.217.194.0-255,4320,9057,96,203103
28261,6.7e-05,172.31.47.0-255,66,9123,96,203103
28262,0.000115,172.31.47.0-255,66,9189,96,203103
28263,0.000148,172.31.47.0-255,66,9255,96,203103
28264,0.000349,172.217.194.0-255,1484,10739,96,203103
28265,0.000355,172.31.47.0-255,66,10805,96,203103
28266,0.000361,172.217.194.0-255,2902,13707,96,203103
28267,0.000363,172.31.47.0-255,66,13773,96,203103
28268,0.000376,172.217.194.0-255,4320,18093,96,203103
28269,0.000379,172.31.47.0-255,66,18159,96,203103
28270,0.000382,172.217.194.0-255,1484,19643,96,203103
28271,0.000384,172.31.47.0-255,66,19709,96,203103
28272,0.00043,172.31.47.0-255,66,19775,96,203103
28273,0.000442,172.31.47.0-255,66,19841,96,203103
28274,0.000474,172.217.194.0-255,5960,25801,96,203103
28275,0.000477,172.31.47.0-255,66,25867,96,203103
28276,0.00051,172.217.194.0-255,1484,27351,96,203103
28277,0.000514,172.31.47.0-255,66,27417,96,203103
28278,0.000519,172.217.194.0-255,2902,30319,96,203103
28279,0.000521,172.31.47.0-255,66,30385,96,203103
28280,0.000558,172.217.194.0-255,5738,36123,96,203103
28281,0.000562,172.31.47.0-255,66,36189,96,203103
28282,0.000582,172.31.47.0-255,66,36255,96,203103
28283,0.000596,172.31.47.0-255,66,36321,96,203103
28284,0.001133,172.217.194.0-255,1484,37805,96,203103
28285,0.001144,172.217.194.0-255,2902,40707,96,203103
28286,0.001147,172.31.47.0-255,66,40773,96,203103
28287,0.001155,172.217.194.0-255,5738,46511,96,203103
28288,0.001157,172.31.47.0-255,66,46577,96,203103
28289,0.001205,172.31.47.0-255,66,46643,96,203103
28290,0.001211,172.217.194.0-255,4320,50963,96,203103
28291,0.001213,172.31.47.0-255,66,51029,96,203103
28292,0.001263,172.217.194.0-255,6438,57467,96,203103
28293,0.001268,172.31.47.0-255,66,57533,96,203103
28294,0.001275,172.217.194.0-255,7156,64689,96,203103
28295,0.001277,172.31.47.0-255,66,64755,96,203103
28296,0.001301,172.217.194.0-255,7156,71911,96,203103
28297,0.001304,172.31.47.0-255,66,71977,96,203103
28298,0.001335,172.217.194.0-255,5738,77715,96,203103
28299,0.001341,172.217.194.0-255,5738,83453,96,203103
28300,0.001346,172.31.47.0-255,66,83519,96,203103
28301,0.001349,172.31.47.0-255,66,83585,96,203103
28302,0.001379,172.31.47.0-255,66,83651,96,203103
28303,0.001393,172.31.47.0-255,66,83717,96,203103
28304,0.001397,172.217.194.0-255,2902,86619,96,203103
28305,0.001399,172.31.47.0-255,66,86685,96,203103
28306,0.001459,172.217.194.0-255,7156,93841,96,203103
28307,0.001465,172.31.47.0-255,66,93907,96,203103
28308,0.001507,172.31.47.0-255,66,93973,96,203103
28309,0.001528,172.31.47.0-255,66,94039,96,203103
28310,0.001585,172.31.47.0-255,66,94105,96,203103
28311,0.001615,172.217.194.0-255,766,94871,96,203103
28312,0.001742,172.217.194.0-255,1484,96355,96,203103
28313,0.001748,172.31.47.0-255,66,96421,96,203103
28314,0.001753,172.217.194.0-255,2902,99323,96,203103
28315,0.001755,172.31.47.0-255,66,99389,96,203103
28316,0.001783,172.217.194.0-255,4320,103709,96,203103
28317,0.001787,172.31.47.0-255,66,103775,96,203103
28318,0.001794,172.217.194.0-255,1484,105259,96,203103
28319,0.001798,172.217.194.0-255,2902,108161,96,203103
28320,0.001805,172.31.47.0-255,66,108227,96,203103
28321,0.001829,172.217.194.0-255,2902,111129,96,203103
28322,0.001832,172.31.47.0-255,66,111195,96,203103
28323,0.001844,172.217.194.0-255,7156,118351,96,203103
28324,0.001846,172.31.47.0-255,66,118417,96,203103
28325,0.001882,172.31.47.0-255,66,118483,96,203103
28326,0.00201,172.217.194.0-255,1484,119967,96,203103
28327,0.002029,172.217.194.0-255,2902,122869,96,203103
28328,0.002032,172.31.47.0-255,66,122935,96,203103
28329,0.002055,172.217.194.0-255,5738,128673,96,203103
28330,0.002057,172.31.47.0-255,66,128739,96,203103
28331,0.00206,172.217.194.0-255,1484,130223,96,203103
28332,0.002088,172.31.47.0-255,66,130289,96,203103
28333,0.002111,172.217.194.0-255,2902,133191,96,203103
28334,0.002114,172.31.47.0-255,66,133257,96,203103
28335,0.00214,172.31.47.0-255,66,133323,96,203103
28336,0.002195,172.31.47.0-255,66,133389,96,203103
28337,0.002212,172.31.47.0-255,66,133455,96,203103
28338,0.00444,172.217.194.0-255,5738,139193,96,203103
28339,0.004445,172.31.47.0-255,66,139259,96,203103
28340,0.006683,172.217.194.0-255,5738,144997,96,203103
28341,0.006697,172.31.47.0-255,66,145063,96,203103
28342,0.008955,172.217.194.0-255,5738,150801,96,203103
28343,0.008963,172.31.47.0-255,66,150867,96,203103
28344,0.011227,172.217.194.0-255,5738,156605,96,203103
28345,0.011241,172.31.47.0-255,66,156671,96,203103
28346,0.013504,172.217.194.0-255,5738,162409,96,203103
28347,0.013521,172.31.47.0-255,66,162475,96,203103
28348,0.015771,172.217.194.0-255,5738,168213,96,203103
28349,0.015782,172.31.47.0-255,66,168279,96,203103
28350,0.01806,172.217.194.0-255,5738,174017,96,203103
28351,0.018071,172.31.47.0-255,66,174083,96,203103
28352,0.020303,172.217.194.0-255,5738,179821,96,203103
28353,0.020311,172.31.47.0-255,66,179887,96,203103
28354,0.022562,172.217.194.0-255,5738,185625,96,203103
28355,0.02257,172.31.47.0-255,66,185691,96,203103
28356,0.02483,172.217.194.0-255,5738,191429,96,203103
28357,0.024838,172.31.47.0-255,66,191495,96,203103
28358,0.027093,172.217.194.0-255,5738,197233,96,203103
28359,0.027104,172.31.47.0-255,66,197299,96,203103
28360,0.029364,172.217.194.0-255,5738,203037,96,203103
28361,0.029373,172.31.47.0-255,66,203103,96,203103
28362,0.0,172.31.47.0-255,105,105,96,210
28363,0.002089,157.240.13.0-255,105,210,96,210
28364,0.0,172.31.47.0-255,105,105,96,105
28365,0.0,74.125.24.0-255,226,226,96,101313
28366,2.5e-05,172.31.47.0-255,66,292,96,101313
28367,3.1e-05,74.125.24.0-255,1484,1776,96,101313
28368,3.6e-05,172.31.47.0-255,66,1842,96,101313
28369,7e-05,74.125.24.0-255,4320,6162,96,101313
28370,7.5e-05,172.31.47.0-255,66,6228,96,101313
28371,0.000259,74.125.24.0-255,5738,11966,96,101313
28372,0.000264,172.31.47.0-255,66,12032,96,101313
28373,0.000277,74.125.24.0-255,1975,14007,96,101313
28374,0.000284,172.31.47.0-255,66,14073,96,101313
28375,0.000597,74.125.24.0-255,1484,15557,96,101313
28376,0.000602,172.31.47.0-255,66,15623,96,101313
28377,0.000662,74.125.24.0-255,2902,18525,96,101313
28378,0.000666,172.31.47.0-255,66,18591,96,101313
28379,0.000788,74.125.24.0-255,5738,24329,96,101313
28380,0.000792,172.31.47.0-255,66,24395,96,101313
28381,0.001043,74.125.24.0-255,4320,28715,96,101313
28382,0.001048,172.31.47.0-255,66,28781,96,101313
28383,0.00107,74.125.24.0-255,2809,31590,96,101313
28384,0.001073,172.31.47.0-255,66,31656,96,101313
28385,0.00356,74.125.24.0-255,2902,34558,96,101313
28386,0.003571,172.31.47.0-255,66,34624,96,101313
28387,0.003608,74.125.24.0-255,2902,37526,96,101313
28388,0.003612,172.31.47.0-255,66,37592,96,101313
28389,0.006099,74.125.24.0-255,2902,40494,96,101313
28390,0.00611,172.31.47.0-255,66,40560,96,101313
28391,0.006144,74.125.24.0-255,2902,43462,96,101313
28392,0.006149,172.31.47.0-255,66,43528,96,101313
28393,0.008624,74.125.24.0-255,2902,46430,96,101313
28394,0.008633,172.31.47.0-255,66,46496,96,101313
28395,0.008674,74.125.24.0-255,2902,49398,96,101313
28396,0.008679,172.31.47.0-255,66,49464,96,101313
28397,0.011149,74.125.24.0-255,2902,52366,96,101313
28398,0.011155,172.31.47.0-255,66,52432,96,101313
28399,0.011199,74.125.24.0-255,2902,55334,96,101313
28400,0.011201,172.31.47.0-255,66,55400,96,101313
28401,0.01368,74.125.24.0-255,2902,58302,96,101313
28402,0.013685,172.31.47.0-255,66,58368,96,101313
28403,0.01373,74.125.24.0-255,2902,61270,96,101313
28404,0.013733,172.31.47.0-255,66,61336,96,101313
28405,0.016206,74.125.24.0-255,2902,64238,96,101313
28406,0.016217,172.31.47.0-255,66,64304,96,101313
28407,0.016257,74.125.24.0-255,2902,67206,96,101313
28408,0.01626,172.31.47.0-255,66,67272,96,101313
28409,0.018731,74.125.24.0-255,2902,70174,96,101313
28410,0.018743,172.31.47.0-255,66,70240,96,101313
28411,0.018782,74.125.24.0-255,2902,73142,96,101313
28412,0.018785,172.31.47.0-255,66,73208,96,101313
28413,0.021273,74.125.24.0-255,2902,76110,96,101313
28414,0.021281,172.31.47.0-255,66,76176,96,101313
28415,0.021315,74.125.24.0-255,2902,79078,96,101313
28416,0.021319,172.31.47.0-255,66,79144,96,101313
28417,0.023818,74.125.24.0-255,2902,82046,96,101313
28418,0.023826,172.31.47.0-255,66,82112,96,101313
28419,0.023873,74.125.24.0-255,2902,85014,96,101313
28420,0.023878,172.31.47.0-255,66,85080,96,101313
28421,0.024293,172.31.47.0-255,172,85252,96,101313
28422,0.024323,172.31.47.0-255,1111,86363,96,101313
28423,0.024361,172.31.47.0-255,1514,87877,96,101313
28424,0.024363,172.31.47.0-255,1300,89177,96,101313
28425,0.025843,104.244.42.0-255,66,89243,96,101313
28426,0.025875,104.244.42.0-255,66,89309,96,101313
28427,0.025903,104.244.42.0-255,66,89375,96,101313
28428,0.026367,74.125.24.0-255,1484,90859,96,101313
28429,0.02637,172.31.47.0-255,66,90925,96,101313
28430,0.026401,74.125.24.0-255,1484,92409,96,101313
28431,0.026404,172.31.47.0-255,66,92475,96,101313
28432,0.02643,74.125.24.0-255,2902,95377,96,101313
28433,0.026434,172.31.47.0-255,66,95443,96,101313
28434,0.028892,74.125.24.0-255,1484,96927,96,101313
28435,0.028921,74.125.24.0-255,4320,101247,96,101313
28436,0.028925,172.31.47.0-255,66,101313,96,101313
28437,0.0,172.31.47.0-255,105,105,96,105
28438,0.0,172.217.194.0-255,152,152,96,158259
28439,3.4e-05,172.31.47.0-255,66,218,96,158259
28440,4.1e-05,172.217.194.0-255,1484,1702,96,158259
28441,4.6e-05,172.31.47.0-255,66,1768,96,158259
28442,5e-05,172.217.194.0-255,2902,4670,96,158259
28443,5.3e-05,172.31.47.0-255,66,4736,96,158259
28444,5.9e-05,172.217.194.0-255,7156,11892,96,158259
28445,6.2e-05,172.31.47.0-255,66,11958,96,158259
28446,0.000124,172.217.194.0-255,1484,13442,96,158259
28447,0.000128,172.31.47.0-255,66,13508,96,158259
28448,0.000148,172.217.194.0-255,4320,17828,96,158259
28449,0.000152,172.31.47.0-255,66,17894,96,158259
28450,0.000184,172.31.47.0-255,66,17960,96,158259
28451,0.000307,172.217.194.0-255,2543,20503,96,158259
28452,0.000312,172.31.47.0-255,66,20569,96,158259
28453,0.000332,172.217.194.0-255,2902,23471,96,158259
28454,0.000335,172.31.47.0-255,66,23537,96,158259
28455,0.000368,172.217.194.0-255,4320,27857,96,158259
28456,0.000372,172.31.47.0-255,66,27923,96,158259
28457,0.000391,172.217.194.0-255,2902,30825,96,158259
28458,0.000394,172.31.47.0-255,66,30891,96,158259
28459,0.000446,172.31.47.0-255,66,30957,96,158259
28460,0.000467,172.217.194.0-255,7156,38113,96,158259
28461,0.00047,172.31.47.0-255,66,38179,96,158259
28462,0.000623,172.217.194.0-255,5738,43917,96,158259
28463,0.000627,172.31.47.0-255,66,43983,96,158259
28464,0.00064,172.217.194.0-255,2531,46514,96,158259
28465,0.000643,172.31.47.0-255,66,46580,96,158259
28466,0.000708,172.217.194.0-255,2902,49482,96,158259
28467,0.000711,172.31.47.0-255,66,49548,96,158259
28468,0.000752,172.31.47.0-255,66,49614,96,158259
28469,0.000999,172.31.47.0-255,66,49680,96,158259
28470,0.001019,172.217.194.0-255,5020,54700,96,158259
28471,0.00103,172.31.47.0-255,66,54766,96,158259
28472,0.001143,172.217.194.0-255,2902,57668,96,158259
28473,0.001147,172.31.47.0-255,66,57734,96,158259
28474,0.001191,172.217.194.0-255,7156,64890,96,158259
28475,0.001192,172.31.47.0-255,66,64956,96,158259
28476,0.001197,172.31.47.0-255,66,65022,96,158259
28477,0.001213,172.217.194.0-255,3317,68339,96,158259
28478,0.001219,172.31.47.0-255,66,68405,96,158259
28479,0.001444,172.217.194.0-255,4320,72725,96,158259
28480,0.001448,172.31.47.0-255,66,72791,96,158259
28481,0.001832,172.217.194.0-255,1484,74275,96,158259
28482,0.00218,172.217.194.0-255,7156,81431,96,158259
28483,0.00257,172.217.194.0-255,4320,85751,96,158259
28484,0.002704,172.217.194.0-255,7156,92907,96,158259
28485,0.003284,172.217.194.0-255,5738,98645,96,158259
28486,0.003389,172.217.194.0-255,7156,105801,96,158259
28487,0.003397,172.217.194.0-255,1484,107285,96,158259
28488,0.00426,172.31.47.0-255,66,107351,96,158259
28489,0.006228,172.217.194.0-255,5738,113089,96,158259
28490,0.006234,172.31.47.0-255,66,113155,96,158259
28491,0.008247,172.217.194.0-255,4320,117475,96,158259
28492,0.008255,172.31.47.0-255,66,117541,96,158259
28493,0.008263,172.217.194.0-255,1484,119025,96,158259
28494,0.01027,172.217.194.0-255,4320,123345,96,158259
28495,0.010278,172.31.47.0-255,66,123411,96,158259
28496,0.01229,172.217.194.0-255,5738,129149,96,158259
28497,0.012887,172.31.47.0-255,66,129215,96,158259
28498,0.014885,172.217.194.0-255,5738,134953,96,158259
28499,0.014893,172.31.47.0-255,66,135019,96,158259
28500,0.01688,172.217.194.0-255,5738,140757,96,158259
28501,0.016959,172.31.47.0-255,66,140823,96,158259
28502,0.018951,172.217.194.0-255,5738,146561,96,158259
28503,0.018958,172.31.47.0-255,66,146627,96,158259
28504,0.020937,172.217.194.0-255,5738,152365,96,158259
28505,0.020943,172.31.47.0-255,66,152431,96,158259
28506,0.022939,172.217.194.0-255,1296,153727,96,158259
28507,0.02306,172.31.47.0-255,66,153793,96,158259
28508,0.023084,172.31.47.0-255,105,153898,96,158259
28509,0.025024,172.217.194.0-255,66,153964,96,158259
28510,0.027275,172.31.47.0-255,172,154136,96,158259
28511,0.027302,172.31.47.0-255,1105,155241,96,158259
28512,0.027329,172.31.47.0-255,1514,156755,96,158259
28513,0.02733,172.31.47.0-255,1306,158061,96,158259
28514,0.02885,104.244.42.0-255,66,158127,96,158259
28515,0.028856,104.244.42.0-255,66,158193,96,158259
28516,0.028858,104.244.42.0-255,66,158259,96,158259
28517,0.0,172.31.47.0-255,105,105,96,276
28518,0.001793,157.240.13.0-255,105,210,96,276
28519,0.001802,172.31.47.0-255,66,276,96,276
28520,0.0,74.125.200.0-255,152,152,96,192574
28521,1.4e-05,172.31.47.0-255,66,218,96,192574
28522,2e-05,74.125.200.0-255,1484,1702,96,192574
28523,2.4e-05,172.31.47.0-255,66,1768,96,192574
28524,3.7e-05,74.125.200.0-255,2902,4670,96,192574
28525,4e-05,172.31.47.0-255,66,4736,96,192574
28526,4.6e-05,74.125.200.0-255,5738,10474,96,192574
28527,4.8e-05,172.31.47.0-255,66,10540,96,192574
28528,8.1e-05,74.125.200.0-255,3510,14050,96,192574
28529,8.3e-05,172.31.47.0-255,66,14116,96,192574
28530,0.000197,74.125.200.0-255,1484,15600,96,192574
28531,0.000201,172.31.47.0-255,66,15666,96,192574
28532,0.000219,74.125.200.0-255,2902,18568,96,192574
28533,0.000221,172.31.47.0-255,66,18634,96,192574
28534,0.000248,74.125.200.0-255,4320,22954,96,192574
28535,0.00025,172.31.47.0-255,66,23020,96,192574
28536,0.000299,172.31.47.0-255,66,23086,96,192574
28537,0.000399,74.125.200.0-255,1484,24570,96,192574
28538,0.000402,172.31.47.0-255,66,24636,96,192574
28539,0.000434,74.125.200.0-255,2902,27538,96,192574
28540,0.000437,172.31.47.0-255,66,27604,96,192574
28541,0.000441,74.125.200.0-255,2902,30506,96,192574
28542,0.000443,172.31.47.0-255,66,30572,96,192574
28543,0.000448,74.125.200.0-255,4320,34892,96,192574
28544,0.000453,172.31.47.0-255,66,34958,96,192574
28545,0.000492,74.125.200.0-255,5379,40337,96,192574
28546,0.000495,172.31.47.0-255,66,40403,96,192574
28547,0.001295,74.125.200.0-255,1484,41887,96,192574
28548,0.001301,172.31.47.0-255,66,41953,96,192574
28549,0.001309,74.125.200.0-255,2902,44855,96,192574
28550,0.001311,172.31.47.0-255,66,44921,96,192574
28551,0.001319,74.125.200.0-255,1484,46405,96,192574
28552,0.001344,74.125.200.0-255,4320,50725,96,192574
28553,0.001346,172.31.47.0-255,66,50791,96,192574
28554,0.001353,74.125.200.0-255,6797,57588,96,192574
28555,0.001354,172.31.47.0-255,66,57654,96,192574
28556,0.001361,74.125.200.0-255,645,58299,96,192574
28557,0.001413,74.125.200.0-255,1484,59783,96,192574
28558,0.001416,172.31.47.0-255,66,59849,96,192574
28559,0.001419,74.125.200.0-255,1484,61333,96,192574
28560,0.001444,74.125.200.0-255,2902,64235,96,192574
28561,0.001446,172.31.47.0-255,66,64301,96,192574
28562,0.001452,74.125.200.0-255,5738,70039,96,192574
28563,0.001454,172.31.47.0-255,66,70105,96,192574
28564,0.001479,74.125.200.0-255,4320,74425,96,192574
28565,0.001481,172.31.47.0-255,66,74491,96,192574
28566,0.001502,74.125.200.0-255,1125,75616,96,192574
28567,0.001521,74.125.200.0-255,2902,78518,96,192574
28568,0.001524,172.31.47.0-255,66,78584,96,192574
28569,0.001552,74.125.200.0-255,2902,81486,96,192574
28570,0.001554,172.31.47.0-255,66,81552,96,192574
28571,0.001558,74.125.200.0-255,2902,84454,96,192574
28572,0.001559,172.31.47.0-255,66,84520,96,192574
28573,0.001594,74.125.200.0-255,5738,90258,96,192574
28574,0.001596,172.31.47.0-255,66,90324,96,192574
28575,0.00162,74.125.200.0-255,2543,92867,96,192574
28576,0.001622,172.31.47.0-255,66,92933,96,192574
28577,0.002042,74.125.200.0-255,1484,94417,96,192574
28578,0.002064,74.125.200.0-255,1484,95901,96,192574
28579,0.002068,172.31.47.0-255,66,95967,96,192574
28580,0.002083,74.125.200.0-255,1484,97451,96,192574
28581,0.002106,74.125.200.0-255,5738,103189,96,192574
28582,0.002109,172.31.47.0-255,66,103255,96,192574
28583,0.002112,74.125.200.0-255,2902,106157,96,192574
28584,0.002114,172.31.47.0-255,66,106223,96,192574
28585,0.002136,74.125.200.0-255,7156,113379,96,192574
28586,0.002143,172.31.47.0-255,66,113445,96,192574
28587,0.002168,74.125.200.0-255,2902,116347,96,192574
28588,0.00217,172.31.47.0-255,66,116413,96,192574
28589,0.002181,172.31.47.0-255,66,116479,96,192574
28590,0.002183,74.125.200.0-255,766,117245,96,192574
28591,0.002295,74.125.200.0-255,1484,118729,96,192574
28592,0.002297,172.31.47.0-255,66,118795,96,192574
28593,0.004467,74.125.200.0-255,2902,121697,96,192574
28594,0.00447,172.31.47.0-255,66,121763,96,192574
28595,0.00458,74.125.200.0-255,2902,124665,96,192574
28596,0.004583,172.31.47.0-255,66,124731,96,192574
28597,0.006762,74.125.200.0-255,2902,127633,96,192574
28598,0.006769,172.31.47.0-255,66,127699,96,192574
28599,0.006872,74.125.200.0-255,2902,130601,96,192574
28600,0.006876,172.31.47.0-255,66,130667,96,192574
28601,0.009077,74.125.200.0-255,2902,133569,96,192574
28602,0.009083,172.31.47.0-255,66,133635,96,192574
28603,0.009153,74.125.200.0-255,2902,136537,96,192574
28604,0.009158,172.31.47.0-255,66,136603,96,192574
28605,0.01138,74.125.200.0-255,2902,139505,96,192574
28606,0.011387,172.31.47.0-255,66,139571,96,192574
28607,0.011431,74.125.200.0-255,2902,142473,96,192574
28608,0.011433,172.31.47.0-255,66,142539,96,192574
28609,0.013682,74.125.200.0-255,2902,145441,96,192574
28610,0.013692,172.31.47.0-255,66,145507,96,192574
28611,0.013724,74.125.200.0-255,2902,148409,96,192574
28612,0.013727,172.31.47.0-255,66,148475,96,192574
28613,0.015981,74.125.200.0-255,2902,151377,96,192574
28614,0.015989,172.31.47.0-255,66,151443,96,192574
28615,0.016025,74.125.200.0-255,2902,154345,96,192574
28616,0.016028,172.31.47.0-255,66,154411,96,192574
28617,0.018289,74.125.200.0-255,2902,157313,96,192574
28618,0.018299,172.31.47.0-255,66,157379,96,192574
28619,0.01833,74.125.200.0-255,2902,160281,96,192574
28620,0.018333,172.31.47.0-255,66,160347,96,192574
28621,0.020585,74.125.200.0-255,2902,163249,96,192574
28622,0.020592,172.31.47.0-255,66,163315,96,192574
28623,0.020617,74.125.200.0-255,2902,166217,96,192574
28624,0.02062,172.31.47.0-255,66,166283,96,192574
28625,0.02289,74.125.200.0-255,4320,170603,96,192574
28626,0.022897,172.31.47.0-255,66,170669,96,192574
28627,0.02292,74.125.200.0-255,1484,172153,96,192574
28628,0.025189,74.125.200.0-255,4320,176473,96,192574
28629,0.025195,172.31.47.0-255,66,176539,96,192574
28630,0.026192,172.31.47.0-255,172,176711,96,192574
28631,0.026219,172.31.47.0-255,1110,177821,96,192574
28632,0.026265,172.31.47.0-255,1514,179335,96,192574
28633,0.026267,172.31.47.0-255,1301,180636,96,192574
28634,0.027489,74.125.200.0-255,5738,186374,96,192574
28635,0.027494,172.31.47.0-255,66,186440,96,192574
28636,0.027728,104.244.42.0-255,66,186506,96,192574
28637,0.027735,104.244.42.0-255,66,186572,96,192574
28638,0.027812,104.244.42.0-255,66,186638,96,192574
28639,0.029804,74.125.200.0-255,2902,189540,96,192574
28640,0.029809,172.31.47.0-255,66,189606,96,192574
28641,0.029834,74.125.200.0-255,2902,192508,96,192574
28642,0.029836,172.31.47.0-255,66,192574,96,192574
28643,0.0,172.217.160.0-255,153,153,96,191922
28644,1.4e-05,172.31.47.0-255,66,219,96,191922
28645,2.9e-05,172.217.160.0-255,1484,1703,96,191922
28646,3.3e-05,172.31.47.0-255,66,1769,96,191922
28647,3.8e-05,172.217.160.0-255,2902,4671,96,191922
28648,4.1e-05,172.31.47.0-255,66,4737,96,191922
28649,6.6e-05,172.217.160.0-255,5738,10475,96,191922
28650,6.9e-05,172.31.47.0-255,66,10541,96,191922
28651,7.4e-05,172.217.160.0-255,2902,13443,96,191922
28652,7.6e-05,172.31.47.0-255,66,13509,96,191922
28653,0.000105,172.217.160.0-255,803,14312,96,191922
28654,0.000107,172.31.47.0-255,66,14378,96,191922
28655,0.000142,172.217.160.0-255,1484,15862,96,191922
28656,0.000145,172.31.47.0-255,66,15928,96,191922
28657,0.000166,172.217.160.0-255,4320,20248,96,191922
28658,0.000169,172.31.47.0-255,66,20314,96,191922
28659,0.000173,172.217.160.0-255,4320,24634,96,191922
28660,0.000175,172.31.47.0-255,66,24700,96,191922
28661,0.00023,172.217.160.0-255,5738,30438,96,191922
28662,0.000233,172.31.47.0-255,66,30504,96,191922
28663,0.000262,172.217.160.0-255,5379,35883,96,191922
28664,0.000264,172.31.47.0-255,66,35949,96,191922
28665,0.000282,172.217.160.0-255,7156,43105,96,191922
28666,0.000285,172.31.47.0-255,66,43171,96,191922
28667,0.00029,172.217.160.0-255,5379,48550,96,191922
28668,0.000292,172.31.47.0-255,66,48616,96,191922
28669,0.0009,172.217.160.0-255,1484,50100,96,191922
28670,0.000905,172.31.47.0-255,66,50166,96,191922
28671,0.000911,172.217.160.0-255,2902,53068,96,191922
28672,0.000913,172.31.47.0-255,66,53134,96,191922
28673,0.000917,172.217.160.0-255,2902,56036,96,191922
28674,0.000918,172.31.47.0-255,66,56102,96,191922
28675,0.000944,172.217.160.0-255,2902,59004,96,191922
28676,0.000947,172.31.47.0-255,66,59070,96,191922
28677,0.000971,172.217.160.0-255,1484,60554,96,191922
28678,0.000992,172.217.160.0-255,5379,65933,96,191922
28679,0.000996,172.31.47.0-255,66,65999,96,191922
28680,0.001105,172.217.160.0-255,1484,67483,96,191922
28681,0.00111,172.217.160.0-255,2902,70385,96,191922
28682,0.001113,172.217.160.0-255,2902,73287,96,191922
28683,0.001118,172.31.47.0-255,66,73353,96,191922
28684,0.00112,172.31.47.0-255,66,73419,96,191922
28685,0.001129,172.217.160.0-255,2902,76321,96,191922
28686,0.001131,172.31.47.0-255,66,76387,96,191922
28687,0.001146,172.217.160.0-255,4320,80707,96,191922
28688,0.001149,172.31.47.0-255,66,80773,96,191922
28689,0.001167,172.217.160.0-255,2543,83316,96,191922
28690,0.001169,172.31.47.0-255,66,83382,96,191922
28691,0.001202,172.217.160.0-255,1484,84866,96,191922
28692,0.00122,172.217.160.0-255,2902,87768,96,191922
28693,0.001222,172.31.47.0-255,66,87834,96,191922
28694,0.001225,172.217.160.0-255,1484,89318,96,191922
28695,0.001242,172.217.160.0-255,4320,93638,96,191922
28696,0.001245,172.31.47.0-255,66,93704,96,191922
28697,0.001265,172.217.160.0-255,6797,100501,96,191922
28698,0.001267,172.31.47.0-255,66,100567,96,191922
28699,0.003166,172.217.160.0-255,5738,106305,96,191922
28700,0.00317,172.31.47.0-255,66,106371,96,191922
28701,0.005066,172.217.160.0-255,5738,112109,96,191922
28702,0.005073,172.31.47.0-255,66,112175,96,191922
28703,0.006966,172.217.160.0-255,5738,117913,96,191922
28704,0.006973,172.31.47.0-255,66,117979,96,191922
28705,0.008873,172.217.160.0-255,5738,123717,96,191922
28706,0.00888,172.31.47.0-255,66,123783,96,191922
28707,0.010798,172.217.160.0-255,5738,129521,96,191922
28708,0.010807,172.31.47.0-255,66,129587,96,191922
28709,0.012706,172.217.160.0-255,5738,135325,96,191922
28710,0.012712,172.31.47.0-255,66,135391,96,191922
28711,0.01461,172.217.160.0-255,5738,141129,96,191922
28712,0.014616,172.31.47.0-255,66,141195,96,191922
28713,0.016511,172.217.160.0-255,5738,146933,96,191922
28714,0.016518,172.31.47.0-255,66,146999,96,191922
28715,0.018428,172.217.160.0-255,5738,152737,96,191922
28716,0.018434,172.31.47.0-255,66,152803,96,191922
28717,0.020328,172.217.160.0-255,5738,158541,96,191922
28718,0.020334,172.31.47.0-255,66,158607,96,191922
28719,0.021548,172.31.47.0-255,172,158779,96,191922
28720,0.02158,172.31.47.0-255,1109,159888,96,191922
28721,0.02163,172.31.47.0-255,1514,161402,96,191922
28722,0.021632,172.31.47.0-255,1302,162704,96,191922
28723,0.022229,172.217.160.0-255,5738,168442,96,191922
28724,0.022235,172.31.47.0-255,66,168508,96,191922
28725,0.023085,104.244.42.0-255,66,168574,96,191922
28726,0.023114,104.244.42.0-255,66,168640,96,191922
28727,0.023147,104.244.42.0-255,66,168706,96,191922
28728,0.024125,172.217.160.0-255,5738,174444,96,191922
28729,0.024129,172.31.47.0-255,66,174510,96,191922
28730,0.026034,172.217.160.0-255,5738,180248,96,191922
28731,0.02604,172.31.47.0-255,66,180314,96,191922
28732,0.027956,172.217.160.0-255,5738,186052,96,191922
28733,0.027962,172.31.47.0-255,66,186118,96,191922
28734,0.029871,172.217.160.0-255,5738,191856,96,191922
28735,0.029877,172.31.47.0-255,66,191922,96,191922
28736,0.0,172.217.27.0-255,153,153,96,231414
28737,2.2e-05,172.31.47.0-255,66,219,96,231414
28738,2.9e-05,172.217.27.0-255,1484,1703,96,231414
28739,3.2e-05,172.31.47.0-255,66,1769,96,231414
28740,3.7e-05,172.217.27.0-255,2902,4671,96,231414
28741,3.9e-05,172.31.47.0-255,66,4737,96,231414
28742,4.4e-05,172.217.27.0-255,4320,9057,96,231414
28743,4.6e-05,172.31.47.0-255,66,9123,96,231414
28744,8.1e-05,172.217.27.0-255,4320,13443,96,231414
28745,8.4e-05,172.31.47.0-255,66,13509,96,231414
28746,9.8e-05,172.217.27.0-255,790,14299,96,231414
28747,0.000101,172.31.47.0-255,66,14365,96,231414
28748,0.000148,172.217.27.0-255,1484,15849,96,231414
28749,0.000151,172.31.47.0-255,66,15915,96,231414
28750,0.000156,172.217.27.0-255,2902,18817,96,231414
28751,0.000157,172.31.47.0-255,66,18883,96,231414
28752,0.000171,172.217.27.0-255,4320,23203,96,231414
28753,0.000174,172.31.47.0-255,66,23269,96,231414
28754,0.000195,172.217.27.0-255,1484,24753,96,231414
28755,0.000197,172.31.47.0-255,66,24819,96,231414
28756,0.000203,172.217.27.0-255,6797,31616,96,231414
28757,0.000205,172.31.47.0-255,66,31682,96,231414
28758,0.00025,172.217.27.0-255,7156,38838,96,231414
28759,0.000253,172.31.47.0-255,66,38904,96,231414
28760,0.000259,172.217.27.0-255,5738,44642,96,231414
28761,0.000261,172.31.47.0-255,66,44708,96,231414
28762,0.000287,172.217.27.0-255,3961,48669,96,231414
28763,0.000289,172.31.47.0-255,66,48735,96,231414
28764,0.000666,172.217.27.0-255,1484,50219,96,231414
28765,0.00067,172.31.47.0-255,66,50285,96,231414
28766,0.000678,172.217.27.0-255,2902,53187,96,231414
28767,0.00068,172.31.47.0-255,66,53253,96,231414
28768,0.000686,172.217.27.0-255,5738,58991,96,231414
28769,0.000689,172.217.27.0-255,1484,60475,96,231414
28770,0.00071,172.217.27.0-255,2902,63377,96,231414
28771,0.000738,172.217.27.0-255,2543,65920,96,231414
28772,0.000747,172.217.27.0-255,1484,67404,96,231414
28773,0.000758,172.217.27.0-255,1484,68888,96,231414
28774,0.000769,172.217.27.0-255,4320,73208,96,231414
28775,0.00078,172.217.27.0-255,2902,76110,96,231414
28776,0.000791,172.217.27.0-255,5738,81848,96,231414
28777,0.000801,172.217.27.0-255,1125,82973,96,231414
28778,0.000993,172.217.27.0-255,1484,84457,96,231414
28779,0.001011,172.217.27.0-255,2902,87359,96,231414
28780,0.001031,172.217.27.0-255,5738,93097,96,231414
28781,0.001055,172.217.27.0-255,6797,99894,96,231414
28782,0.001061,172.217.27.0-255,7156,107050,96,231414
28783,0.001096,172.217.27.0-255,4320,111370,96,231414
28784,0.00111,172.217.27.0-255,5267,116637,96,231414
28785,0.00137,172.217.27.0-255,209,116846,96,231414
28786,0.00141,172.217.27.0-255,1484,118330,96,231414
28787,0.001429,172.217.27.0-255,2902,121232,96,231414
28788,0.001437,172.217.27.0-255,1484,122716,96,231414
28789,0.001455,172.217.27.0-255,2902,125618,96,231414
28790,0.00147,172.217.27.0-255,5738,131356,96,231414
28791,0.001486,172.217.27.0-255,1484,132840,96,231414
28792,0.001512,172.217.27.0-255,4320,137160,96,231414
28793,0.001562,172.217.27.0-255,1484,138644,96,231414
28794,0.001579,172.217.27.0-255,3602,142246,96,231414
28795,0.003499,172.31.47.0-255,66,142312,96,231414
28796,0.005135,172.217.27.0-255,5738,148050,96,231414
28797,0.00514,172.31.47.0-255,66,148116,96,231414
28798,0.006756,172.217.27.0-255,5738,153854,96,231414
28799,0.006761,172.31.47.0-255,66,153920,96,231414
28800,0.008384,172.217.27.0-255,5738,159658,96,231414
28801,0.00839,172.31.47.0-255,66,159724,96,231414
28802,0.01002,172.217.27.0-255,5738,165462,96,231414
28803,0.011583,172.31.47.0-255,66,165528,96,231414
28804,0.013198,172.217.27.0-255,5738,171266,96,231414
28805,0.013205,172.31.47.0-255,66,171332,96,231414
28806,0.014824,172.217.27.0-255,5738,177070,96,231414
28807,0.014831,172.31.47.0-255,66,177136,96,231414
28808,0.016446,172.217.27.0-255,5738,182874,96,231414
28809,0.016451,172.31.47.0-255,66,182940,96,231414
28810,0.018063,172.217.27.0-255,5738,188678,96,231414
28811,0.018068,172.31.47.0-255,66,188744,96,231414
28812,0.019685,172.217.27.0-255,5738,194482,96,231414
28813,0.019691,172.31.47.0-255,66,194548,96,231414
28814,0.019694,172.31.47.0-255,172,194720,96,231414
28815,0.019722,172.31.47.0-255,1109,195829,96,231414
28816,0.019749,172.31.47.0-255,1514,197343,96,231414
28817,0.019751,172.31.47.0-255,335,197678,96,231414
28818,0.021268,104.244.42.0-255,66,197744,96,231414
28819,0.021274,104.244.42.0-255,66,197810,96,231414
28820,0.021292,104.244.42.0-255,66,197876,96,231414
28821,0.021303,172.217.27.0-255,1484,199360,96,231414
28822,0.02133,172.217.27.0-255,4320,203680,96,231414
28823,0.021334,172.31.47.0-255,66,203746,96,231414
28824,0.023057,172.217.27.0-255,5738,209484,96,231414
28825,0.023062,172.31.47.0-255,66,209550,96,231414
28826,0.024677,172.217.27.0-255,5738,215288,96,231414
28827,0.024683,172.31.47.0-255,66,215354,96,231414
28828,0.026298,172.217.27.0-255,5738,221092,96,231414
28829,0.026303,172.31.47.0-255,66,221158,96,231414
28830,0.027923,172.217.27.0-255,4320,225478,96,231414
28831,0.027927,172.31.47.0-255,66,225544,96,231414
28832,0.027951,172.217.27.0-255,1484,227028,96,231414
28833,0.029543,172.217.27.0-255,4320,231348,96,231414
28834,0.029547,172.31.47.0-255,66,231414,96,231414
28835,0.0,74.125.24.0-255,153,153,96,182523
28836,2.7e-05,172.31.47.0-255,66,219,96,182523
28837,3.3e-05,74.125.24.0-255,1484,1703,96,182523
28838,3.8e-05,172.31.47.0-255,66,1769,96,182523
28839,4.2e-05,74.125.24.0-255,2902,4671,96,182523
28840,4.5e-05,172.31.47.0-255,66,4737,96,182523
28841,5.8e-05,74.125.24.0-255,7156,11893,96,182523
28842,6.1e-05,172.31.47.0-255,66,11959,96,182523
28843,6.7e-05,74.125.24.0-255,6267,18226,96,182523
28844,6.9e-05,172.31.47.0-255,66,18292,96,182523
28845,0.000115,172.31.47.0-255,66,18358,96,182523
28846,0.000141,74.125.24.0-255,3961,22319,96,182523
28847,0.000144,172.31.47.0-255,66,22385,96,182523
28848,0.000156,74.125.24.0-255,1484,23869,96,182523
28849,0.000163,172.31.47.0-255,66,23935,96,182523
28850,0.000197,172.31.47.0-255,66,24001,96,182523
28851,0.000231,74.125.24.0-255,1484,25485,96,182523
28852,0.000234,172.31.47.0-255,66,25551,96,182523
28853,0.00026,74.125.24.0-255,6797,32348,96,182523
28854,0.000263,172.31.47.0-255,66,32414,96,182523
28855,0.000279,172.31.47.0-255,66,32480,96,182523
28856,0.000285,74.125.24.0-255,5379,37859,96,182523
28857,0.000287,172.31.47.0-255,66,37925,96,182523
28858,0.000313,74.125.24.0-255,646,38571,96,182523
28859,0.000315,172.31.47.0-255,66,38637,96,182523
28860,0.000464,74.125.24.0-255,1484,40121,96,182523
28861,0.000467,172.31.47.0-255,66,40187,96,182523
28862,0.000472,74.125.24.0-255,2902,43089,96,182523
28863,0.000473,172.31.47.0-255,66,43155,96,182523
28864,0.000504,74.125.24.0-255,5738,48893,96,182523
28865,0.000507,172.31.47.0-255,66,48959,96,182523
28866,0.000513,74.125.24.0-255,4320,53279,96,182523
28867,0.000516,172.31.47.0-255,66,53345,96,182523
28868,0.000534,74.125.24.0-255,1994,55339,96,182523
28869,0.00054,172.31.47.0-255,66,55405,96,182523
28870,0.000969,74.125.24.0-255,1484,56889,96,182523
28871,0.000974,172.31.47.0-255,66,56955,96,182523
28872,0.000983,74.125.24.0-255,2902,59857,96,182523
28873,0.000986,172.31.47.0-255,66,59923,96,182523
28874,0.000998,74.125.24.0-255,5738,65661,96,182523
28875,0.001,172.31.47.0-255,66,65727,96,182523
28876,0.001003,74.125.24.0-255,1484,67211,96,182523
28877,0.001049,172.31.47.0-255,66,67277,96,182523
28878,0.001055,74.125.24.0-255,7156,74433,96,182523
28879,0.001057,172.31.47.0-255,66,74499,96,182523
28880,0.00109,74.125.24.0-255,3602,78101,96,182523
28881,0.001095,172.31.47.0-255,66,78167,96,182523
28882,0.001873,74.125.24.0-255,1484,79651,96,182523
28883,0.001883,74.125.24.0-255,2902,82553,96,182523
28884,0.001888,172.31.47.0-255,66,82619,96,182523
28885,0.001895,74.125.24.0-255,5738,88357,96,182523
28886,0.001897,172.31.47.0-255,66,88423,96,182523
28887,0.001938,172.31.47.0-255,66,88489,96,182523
28888,0.001949,172.31.47.0-255,66,88555,96,182523
28889,0.002571,74.125.24.0-255,1484,90039,96,182523
28890,0.002579,74.125.24.0-255,2902,92941,96,182523
28891,0.002583,172.31.47.0-255,66,93007,96,182523
28892,0.002588,74.125.24.0-255,2902,95909,96,182523
28893,0.00259,172.31.47.0-255,66,95975,96,182523
28894,0.002608,74.125.24.0-255,2902,98877,96,182523
28895,0.00261,172.31.47.0-255,66,98943,96,182523
28896,0.00262,74.125.24.0-255,4320,103263,96,182523
28897,0.002622,172.31.47.0-255,66,103329,96,182523
28898,0.002662,172.31.47.0-255,66,103395,96,182523
28899,0.002672,172.31.47.0-255,66,103461,96,182523
28900,0.0027,74.125.24.0-255,2184,105645,96,182523
28901,0.002702,172.31.47.0-255,66,105711,96,182523
28902,0.004001,74.125.24.0-255,1484,107195,96,182523
28903,0.004023,74.125.24.0-255,2902,110097,96,182523
28904,0.004027,172.31.47.0-255,66,110163,96,182523
28905,0.004034,74.125.24.0-255,5738,115901,96,182523
28906,0.004035,172.31.47.0-255,66,115967,96,182523
28907,0.004076,172.31.47.0-255,66,116033,96,182523
28908,0.004086,172.31.47.0-255,66,116099,96,182523
28909,0.004111,74.125.24.0-255,2184,118283,96,182523
28910,0.004114,172.31.47.0-255,66,118349,96,182523
28911,0.004298,74.125.24.0-255,1484,119833,96,182523
28912,0.004304,74.125.24.0-255,2902,122735,96,182523
28913,0.004307,172.31.47.0-255,66,122801,96,182523
28914,0.004344,74.125.24.0-255,5738,128539,96,182523
28915,0.004346,172.31.47.0-255,66,128605,96,182523
28916,0.004391,172.31.47.0-255,66,128671,96,182523
28917,0.004419,74.125.24.0-255,4320,132991,96,182523
28918,0.004422,172.31.47.0-255,66,133057,96,182523
28919,0.004433,172.31.47.0-255,66,133123,96,182523
28920,0.004461,172.31.47.0-255,66,133189,96,182523
28921,0.004466,74.125.24.0-255,4320,137509,96,182523
28922,0.004515,74.125.24.0-255,7156,144665,96,182523
28923,0.00454,74.125.24.0-255,3602,148267,96,182523
28924,0.004592,74.125.24.0-255,1484,149751,96,182523
28925,0.004596,74.125.24.0-255,2902,152653,96,182523
28926,0.004617,74.125.24.0-255,5738,158391,96,182523
28927,0.004647,74.125.24.0-255,7156,165547,96,182523
28928,0.00469,74.125.24.0-255,2184,167731,96,182523
28929,0.004703,74.125.24.0-255,4320,172051,96,182523
28930,0.004728,74.125.24.0-255,5738,177789,96,182523
28931,0.004812,74.125.24.0-255,97,177886,96,182523
28932,0.004859,74.125.24.0-255,105,177991,96,182523
28933,0.00506,172.31.47.0-255,66,178057,96,182523
28934,0.006565,172.31.47.0-255,105,178162,96,182523
28935,0.008777,74.125.24.0-255,66,178228,96,182523
28936,0.023069,172.31.47.0-255,172,178400,96,182523
28937,0.023118,172.31.47.0-255,1111,179511,96,182523
28938,0.023181,172.31.47.0-255,1514,181025,96,182523
28939,0.023182,172.31.47.0-255,1300,182325,96,182523
28940,0.024613,104.244.42.0-255,66,182391,96,182523
28941,0.024656,104.244.42.0-255,66,182457,96,182523
28942,0.024752,104.244.42.0-255,66,182523,96,182523
28943,0.0,74.125.24.0-255,297,297,96,214086
28944,2.2e-05,172.31.47.0-255,66,363,96,214086
28945,2.8e-05,74.125.24.0-255,1484,1847,96,214086
28946,3.1e-05,172.31.47.0-255,66,1913,96,214086
28947,3.7e-05,74.125.24.0-255,4320,6233,96,214086
28948,3.8e-05,172.31.47.0-255,66,6299,96,214086
28949,4.1e-05,74.125.24.0-255,1484,7783,96,214086
28950,4.3e-05,172.31.47.0-255,66,7849,96,214086
28951,6.6e-05,74.125.24.0-255,4320,12169,96,214086
28952,6.8e-05,172.31.47.0-255,66,12235,96,214086
28953,7.1e-05,74.125.24.0-255,1484,13719,96,214086
28954,7.4e-05,172.31.47.0-255,66,13785,96,214086
28955,9.5e-05,172.31.47.0-255,66,13851,96,214086
28956,0.000101,74.125.24.0-255,6797,20648,96,214086
28957,0.000103,172.31.47.0-255,66,20714,96,214086
28958,0.000257,74.125.24.0-255,1484,22198,96,214086
28959,0.000261,172.31.47.0-255,66,22264,96,214086
28960,0.000266,74.125.24.0-255,2902,25166,96,214086
28961,0.000268,172.31.47.0-255,66,25232,96,214086
28962,0.000288,74.125.24.0-255,2902,28134,96,214086
28963,0.000292,172.31.47.0-255,66,28200,96,214086
28964,0.000309,74.125.24.0-255,2902,31102,96,214086
28965,0.000312,172.31.47.0-255,66,31168,96,214086
28966,0.000318,74.125.24.0-255,6797,37965,96,214086
28967,0.000321,172.31.47.0-255,66,38031,96,214086
28968,0.000336,74.125.24.0-255,1484,39515,96,214086
28969,0.000339,172.31.47.0-255,66,39581,96,214086
28970,0.000365,74.125.24.0-255,2902,42483,96,214086
28971,0.000368,172.31.47.0-255,66,42549,96,214086
28972,0.000374,74.125.24.0-255,5738,48287,96,214086
28973,0.000376,172.31.47.0-255,66,48353,96,214086
28974,0.000395,74.125.24.0-255,4320,52673,96,214086
28975,0.000398,172.31.47.0-255,66,52739,96,214086
28976,0.000409,74.125.24.0-255,2543,55282,96,214086
28977,0.000411,172.31.47.0-255,66,55348,96,214086
28978,0.000422,74.125.24.0-255,398,55746,96,214086
28979,0.000465,74.125.24.0-255,112,55858,96,214086
28980,0.000559,74.125.24.0-255,1484,57342,96,214086
28981,0.000563,172.31.47.0-255,66,57408,96,214086
28982,0.000567,74.125.24.0-255,2902,60310,96,214086
28983,0.000569,172.31.47.0-255,66,60376,96,214086
28984,0.000596,74.125.24.0-255,5738,66114,96,214086
28985,0.000598,172.31.47.0-255,66,66180,96,214086
28986,0.000605,74.125.24.0-255,6797,72977,96,214086
28987,0.000607,172.31.47.0-255,66,73043,96,214086
28988,0.000621,74.125.24.0-255,332,73375,96,214086
28989,0.000676,74.125.24.0-255,1484,74859,96,214086
28990,0.000679,172.31.47.0-255,66,74925,96,214086
28991,0.000692,74.125.24.0-255,4320,79245,96,214086
28992,0.000695,172.31.47.0-255,66,79311,96,214086
28993,0.000698,74.125.24.0-255,2902,82213,96,214086
28994,0.0007,172.31.47.0-255,66,82279,96,214086
28995,0.00072,74.125.24.0-255,1484,83763,96,214086
28996,0.000754,74.125.24.0-255,4320,88083,96,214086
28997,0.000757,172.31.47.0-255,66,88149,96,214086
28998,0.000773,74.125.24.0-255,2543,90692,96,214086
28999,0.000776,172.31.47.0-255,66,90758,96,214086
29000,0.00145,74.125.24.0-255,1484,92242,96,214086
29001,0.001459,74.125.24.0-255,2902,95144,96,214086
29002,0.001463,172.31.47.0-255,66,95210,96,214086
29003,0.001469,74.125.24.0-255,4320,99530,96,214086
29004,0.00147,172.31.47.0-255,66,99596,96,214086
29005,0.001482,74.125.24.0-255,1484,101080,96,214086
29006,0.001495,74.125.24.0-255,5738,106818,96,214086
29007,0.001498,172.31.47.0-255,66,106884,96,214086
29008,0.00152,74.125.24.0-255,7156,114040,96,214086
29009,0.001522,172.31.47.0-255,66,114106,96,214086
29010,0.001531,172.31.47.0-255,66,114172,96,214086
29011,0.001862,74.125.24.0-255,1484,115656,96,214086
29012,0.001869,74.125.24.0-255,2902,118558,96,214086
29013,0.001872,172.31.47.0-255,66,118624,96,214086
29014,0.001892,74.125.24.0-255,5738,124362,96,214086
29015,0.001894,172.31.47.0-255,66,124428,96,214086
29016,0.001916,74.125.24.0-255,1484,125912,96,214086
29017,0.001936,172.31.47.0-255,66,125978,96,214086
29018,0.001953,74.125.24.0-255,1484,127462,96,214086
29019,0.001964,172.31.47.0-255,66,127528,96,214086
29020,0.002157,74.125.24.0-255,1484,129012,96,214086
29021,0.002161,74.125.24.0-255,2902,131914,96,214086
29022,0.002164,172.31.47.0-255,66,131980,96,214086
29023,0.002168,74.125.24.0-255,2902,134882,96,214086
29024,0.002171,172.31.47.0-255,66,134948,96,214086
29025,0.002184,74.125.24.0-255,2902,137850,96,214086
29026,0.002186,172.31.47.0-255,66,137916,96,214086
29027,0.002218,172.31.47.0-255,66,137982,96,214086
29028,0.002223,74.125.24.0-255,5738,143720,96,214086
29029,0.002226,172.31.47.0-255,66,143786,96,214086
29030,0.002255,74.125.24.0-255,5020,148806,96,214086
29031,0.002257,172.31.47.0-255,66,148872,96,214086
29032,0.004849,74.125.24.0-255,5738,154610,96,214086
29033,0.004855,172.31.47.0-255,66,154676,96,214086
29034,0.007457,74.125.24.0-255,5738,160414,96,214086
29035,0.007463,172.31.47.0-255,66,160480,96,214086
29036,0.010069,74.125.24.0-255,5738,166218,96,214086
29037,0.010075,172.31.47.0-255,66,166284,96,214086
29038,0.012638,74.125.24.0-255,5738,172022,96,214086
29039,0.012645,172.31.47.0-255,66,172088,96,214086
29040,0.015219,74.125.24.0-255,5738,177826,96,214086
29041,0.015228,172.31.47.0-255,66,177892,96,214086
29042,0.017788,74.125.24.0-255,5738,183630,96,214086
29043,0.017795,172.31.47.0-255,66,183696,96,214086
29044,0.02034,74.125.24.0-255,5738,189434,96,214086
29045,0.020347,172.31.47.0-255,66,189500,96,214086
29046,0.022913,74.125.24.0-255,5738,195238,96,214086
29047,0.02292,172.31.47.0-255,66,195304,96,214086
29048,0.024447,172.31.47.0-255,172,195476,96,214086
29049,0.024485,172.31.47.0-255,1101,196577,96,214086
29050,0.024556,172.31.47.0-255,1514,198091,96,214086
29051,0.024558,172.31.47.0-255,1514,199605,96,214086
29052,0.024559,172.31.47.0-255,1514,201119,96,214086
29053,0.024559,172.31.47.0-255,1095,202214,96,214086
29054,0.025488,74.125.24.0-255,5738,207952,96,214086
29055,0.025496,172.31.47.0-255,66,208018,96,214086
29056,0.025926,104.244.42.0-255,66,208084,96,214086
29057,0.025962,104.244.42.0-255,66,208150,96,214086
29058,0.026056,104.244.42.0-255,66,208216,96,214086
29059,0.02606,104.244.42.0-255,66,208282,96,214086
29060,0.028076,74.125.24.0-255,5738,214020,96,214086
29061,0.028092,172.31.47.0-255,66,214086,96,214086
29062,0.0,172.31.47.0-255,66,66,96,66
29063,0.0,172.217.24.0-255,153,153,96,217447
29064,1.8e-05,172.31.47.0-255,66,219,96,217447
29065,2.4e-05,172.217.24.0-255,1484,1703,96,217447
29066,2.9e-05,172.31.47.0-255,66,1769,96,217447
29067,3.5e-05,172.217.24.0-255,2902,4671,96,217447
29068,3.8e-05,172.31.47.0-255,66,4737,96,217447
29069,7.4e-05,172.217.24.0-255,7156,11893,96,217447
29070,7.7e-05,172.31.47.0-255,66,11959,96,217447
29071,0.000152,172.217.24.0-255,2064,14023,96,217447
29072,0.000157,172.31.47.0-255,66,14089,96,217447
29073,0.000233,172.217.24.0-255,1484,15573,96,217447
29074,0.000237,172.31.47.0-255,66,15639,96,217447
29075,0.000244,172.217.24.0-255,2902,18541,96,217447
29076,0.000247,172.31.47.0-255,66,18607,96,217447
29077,0.000276,172.217.24.0-255,1484,20091,96,217447
29078,0.00028,172.31.47.0-255,66,20157,96,217447
29079,0.000299,172.217.24.0-255,2902,23059,96,217447
29080,0.000302,172.31.47.0-255,66,23125,96,217447
29081,0.00035,172.217.24.0-255,2902,26027,96,217447
29082,0.000354,172.31.47.0-255,66,26093,96,217447
29083,0.000377,172.217.24.0-255,2902,28995,96,217447
29084,0.00038,172.31.47.0-255,66,29061,96,217447
29085,0.000411,172.217.24.0-255,2543,31604,96,217447
29086,0.000414,172.31.47.0-255,66,31670,96,217447
29087,0.000455,172.217.24.0-255,2902,34572,96,217447
29088,0.000458,172.31.47.0-255,66,34638,96,217447
29089,0.000478,172.217.24.0-255,2902,37540,96,217447
29090,0.00048,172.31.47.0-255,66,37606,96,217447
29091,0.0005,172.217.24.0-255,4320,41926,96,217447
29092,0.000503,172.31.47.0-255,66,41992,96,217447
29093,0.000586,172.217.24.0-255,6797,48789,96,217447
29094,0.000592,172.31.47.0-255,66,48855,96,217447
29095,0.00068,172.217.24.0-255,7156,56011,96,217447
29096,0.000706,172.31.47.0-255,66,56077,96,217447
29097,0.000773,172.217.24.0-255,5738,61815,96,217447
29098,0.000792,172.217.24.0-255,4290,66105,96,217447
29099,0.000802,172.31.47.0-255,66,66171,96,217447
29100,0.0012,172.217.24.0-255,114,66285,96,217447
29101,0.001275,172.217.24.0-255,1484,67769,96,217447
29102,0.001281,172.31.47.0-255,66,67835,96,217447
29103,0.001287,172.217.24.0-255,2902,70737,96,217447
29104,0.001321,172.217.24.0-255,5738,76475,96,217447
29105,0.001327,172.31.47.0-255,66,76541,96,217447
29106,0.001338,172.31.47.0-255,66,76607,96,217447
29107,0.001392,172.217.24.0-255,4320,80927,96,217447
29108,0.0014,172.31.47.0-255,66,80993,96,217447
29109,0.001416,172.217.24.0-255,2543,83536,96,217447
29110,0.001429,172.31.47.0-255,66,83602,96,217447
29111,0.001485,172.217.24.0-255,5738,89340,96,217447
29112,0.001488,172.31.47.0-255,66,89406,96,217447
29113,0.001512,172.217.24.0-255,7156,96562,96,217447
29114,0.001517,172.31.47.0-255,66,96628,96,217447
29115,0.001665,172.217.24.0-255,3961,100589,96,217447
29116,0.001681,172.31.47.0-255,66,100655,96,217447
29117,0.001742,172.217.24.0-255,1484,102139,96,217447
29118,0.001746,172.217.24.0-255,2902,105041,96,217447
29119,0.001749,172.31.47.0-255,66,105107,96,217447
29120,0.00178,172.217.24.0-255,1484,106591,96,217447
29121,0.001797,172.217.24.0-255,4320,110911,96,217447
29122,0.001801,172.31.47.0-255,66,110977,96,217447
29123,0.001853,172.217.24.0-255,2902,113879,96,217447
29124,0.001859,172.31.47.0-255,66,113945,96,217447
29125,0.001869,172.217.24.0-255,1484,115429,96,217447
29126,0.001916,172.217.24.0-255,4320,119749,96,217447
29127,0.001925,172.31.47.0-255,66,119815,96,217447
29128,0.001944,172.217.24.0-255,7156,126971,96,217447
29129,0.001951,172.31.47.0-255,66,127037,96,217447
29130,0.00208,172.31.47.0-255,66,127103,96,217447
29131,0.003971,172.217.24.0-255,2902,130005,96,217447
29132,0.003975,172.31.47.0-255,66,130071,96,217447
29133,0.003996,172.217.24.0-255,2902,132973,96,217447
29134,0.00401,172.31.47.0-255,66,133039,96,217447
29135,0.005861,172.217.24.0-255,2902,135941,96,217447
29136,0.005867,172.31.47.0-255,66,136007,96,217447
29137,0.005888,172.217.24.0-255,2902,138909,96,217447
29138,0.00592,172.31.47.0-255,66,138975,96,217447
29139,0.007772,172.217.24.0-255,2902,141877,96,217447
29140,0.00778,172.31.47.0-255,66,141943,96,217447
29141,0.007805,172.217.24.0-255,2902,144845,96,217447
29142,0.007834,172.31.47.0-255,66,144911,96,217447
29143,0.009673,172.217.24.0-255,2902,147813,96,217447
29144,0.009685,172.31.47.0-255,66,147879,96,217447
29145,0.009714,172.217.24.0-255,2902,150781,96,217447
29146,0.009769,172.31.47.0-255,66,150847,96,217447
29147,0.011595,172.217.24.0-255,2902,153749,96,217447
29148,0.011608,172.31.47.0-255,66,153815,96,217447
29149,0.011666,172.217.24.0-255,2902,156717,96,217447
29150,0.011697,172.31.47.0-255,66,156783,96,217447
29151,0.013492,172.217.24.0-255,2902,159685,96,217447
29152,0.013499,172.31.47.0-255,66,159751,96,217447
29153,0.013572,172.217.24.0-255,2902,162653,96,217447
29154,0.013586,172.31.47.0-255,66,162719,96,217447
29155,0.015395,172.217.24.0-255,2902,165621,96,217447
29156,0.015403,172.31.47.0-255,66,165687,96,217447
29157,0.015459,172.217.24.0-255,2902,168589,96,217447
29158,0.015475,172.31.47.0-255,66,168655,96,217447
29159,0.017298,172.217.24.0-255,2902,171557,96,217447
29160,0.017305,172.31.47.0-255,66,171623,96,217447
29161,0.017337,172.217.24.0-255,1484,173107,96,217447
29162,0.017353,172.217.24.0-255,1484,174591,96,217447
29163,0.018204,172.31.47.0-255,66,174657,96,217447
29164,0.019214,172.217.24.0-255,2902,177559,96,217447
29165,0.019221,172.31.47.0-255,66,177625,96,217447
29166,0.020097,172.217.24.0-255,2902,180527,96,217447
29167,0.020104,172.31.47.0-255,66,180593,96,217447
29168,0.021097,172.217.24.0-255,2902,183495,96,217447
29169,0.021102,172.31.47.0-255,66,183561,96,217447
29170,0.021999,172.217.24.0-255,2902,186463,96,217447
29171,0.022006,172.31.47.0-255,66,186529,96,217447
29172,0.022999,172.217.24.0-255,2902,189431,96,217447
29173,0.023006,172.31.47.0-255,66,189497,96,217447
29174,0.023912,172.217.24.0-255,2902,192399,96,217447
29175,0.023917,172.31.47.0-255,66,192465,96,217447
29176,0.024893,172.217.24.0-255,2902,195367,96,217447
29177,0.024899,172.31.47.0-255,66,195433,96,217447
29178,0.025813,172.217.24.0-255,2902,198335,96,217447
29179,0.025819,172.31.47.0-255,66,198401,96,217447
29180,0.026362,172.31.47.0-255,176,198577,96,217447
29181,0.026389,172.31.47.0-255,1105,199682,96,217447
29182,0.02643,172.31.47.0-255,1514,201196,96,217447
29183,0.026432,172.31.47.0-255,1514,202710,96,217447
29184,0.026433,172.31.47.0-255,1514,204224,96,217447
29185,0.026434,172.31.47.0-255,1087,205311,96,217447
29186,0.026826,172.217.24.0-255,2902,208213,96,217447
29187,0.026832,172.31.47.0-255,66,208279,96,217447
29188,0.027714,172.217.24.0-255,2902,211181,96,217447
29189,0.02772,172.31.47.0-255,66,211247,96,217447
29190,0.027906,104.244.42.0-255,66,211313,96,217447
29191,0.027939,104.244.42.0-255,66,211379,96,217447
29192,0.027992,104.244.42.0-255,66,211445,96,217447
29193,0.027996,104.244.42.0-255,66,211511,96,217447
29194,0.028731,172.217.24.0-255,2902,214413,96,217447
29195,0.028737,172.31.47.0-255,66,214479,96,217447
29196,0.029607,172.217.24.0-255,2902,217381,96,217447
29197,0.02962,172.31.47.0-255,66,217447,96,217447
29198,0.0,172.217.194.0-255,152,152,96,307178
29199,2.6e-05,172.31.47.0-255,66,218,96,307178
29200,3.3e-05,172.217.194.0-255,1484,1702,96,307178
29201,3.7e-05,172.31.47.0-255,66,1768,96,307178
29202,4.2e-05,172.217.194.0-255,2902,4670,96,307178
29203,4.5e-05,172.31.47.0-255,66,4736,96,307178
29204,6.8e-05,172.217.194.0-255,1484,6220,96,307178
29205,7.1e-05,172.31.47.0-255,66,6286,96,307178
29206,9.6e-05,172.217.194.0-255,4320,10606,96,307178
29207,9.8e-05,172.31.47.0-255,66,10672,96,307178
29208,0.000105,172.217.194.0-255,6357,17029,96,307178
29209,0.000107,172.31.47.0-255,66,17095,96,307178
29210,0.000129,172.217.194.0-255,2902,19997,96,307178
29211,0.000132,172.31.47.0-255,66,20063,96,307178
29212,0.00015,172.31.47.0-255,66,20129,96,307178
29213,0.000169,172.217.194.0-255,2543,22672,96,307178
29214,0.000171,172.31.47.0-255,66,22738,96,307178
29215,0.000204,172.217.194.0-255,1484,24222,96,307178
29216,0.000208,172.31.47.0-255,66,24288,96,307178
29217,0.000226,172.217.194.0-255,2902,27190,96,307178
29218,0.000228,172.31.47.0-255,66,27256,96,307178
29219,0.000232,172.217.194.0-255,1484,28740,96,307178
29220,0.000234,172.31.47.0-255,66,28806,96,307178
29221,0.000261,172.217.194.0-255,4320,33126,96,307178
29222,0.000264,172.31.47.0-255,66,33192,96,307178
29223,0.000289,172.217.194.0-255,6797,39989,96,307178
29224,0.000292,172.31.47.0-255,66,40055,96,307178
29225,0.000298,172.217.194.0-255,7156,47211,96,307178
29226,0.0003,172.31.47.0-255,66,47277,96,307178
29227,0.000334,172.31.47.0-255,66,47343,96,307178
29228,0.000371,172.217.194.0-255,1484,48827,96,307178
29229,0.000395,172.217.194.0-255,4353,53180,96,307178
29230,0.000402,172.31.47.0-255,66,53246,96,307178
29231,0.000403,172.217.194.0-255,7156,60402,96,307178
29232,0.00041,172.31.47.0-255,66,60468,96,307178
29233,0.000422,172.217.194.0-255,3961,64429,96,307178
29234,0.000435,172.31.47.0-255,66,64495,96,307178
29235,0.000468,172.217.194.0-255,2902,67397,96,307178
29236,0.000474,172.31.47.0-255,66,67463,96,307178
29237,0.000479,172.217.194.0-255,1484,68947,96,307178
29238,0.000482,172.217.194.0-255,1484,70431,96,307178
29239,0.00049,172.31.47.0-255,66,70497,96,307178
29240,0.000495,172.217.194.0-255,4320,74817,96,307178
29241,0.000525,172.31.47.0-255,66,74883,96,307178
29242,0.000527,172.217.194.0-255,2902,77785,96,307178
29243,0.00054,172.31.47.0-255,66,77851,96,307178
29244,0.000547,172.217.194.0-255,4259,82110,96,307178
29245,0.000558,172.31.47.0-255,66,82176,96,307178
29246,0.001054,172.217.194.0-255,1484,83660,96,307178
29247,0.001068,172.217.194.0-255,2902,86562,96,307178
29248,0.001072,172.31.47.0-255,66,86628,96,307178
29249,0.001097,172.217.194.0-255,1484,88112,96,307178
29250,0.001113,172.217.194.0-255,2902,91014,96,307178
29251,0.001117,172.31.47.0-255,66,91080,96,307178
29252,0.001138,172.217.194.0-255,5738,96818,96,307178
29253,0.001141,172.217.194.0-255,1484,98302,96,307178
29254,0.001142,172.31.47.0-255,66,98368,96,307178
29255,0.001163,172.217.194.0-255,5738,104106,96,307178
29256,0.001166,172.31.47.0-255,66,104172,96,307178
29257,0.001198,172.217.194.0-255,5738,109910,96,307178
29258,0.001209,172.31.47.0-255,66,109976,96,307178
29259,0.001226,172.31.47.0-255,66,110042,96,307178
29260,0.001245,172.31.47.0-255,66,110108,96,307178
29261,0.001255,172.217.194.0-255,5738,115846,96,307178
29262,0.001259,172.31.47.0-255,66,115912,96,307178
29263,0.001322,172.31.47.0-255,66,115978,96,307178
29264,0.001342,172.217.194.0-255,2902,118880,96,307178
29265,0.001347,172.31.47.0-255,66,118946,96,307178
29266,0.001348,172.217.194.0-255,3602,122548,96,307178
29267,0.001351,172.31.47.0-255,66,122614,96,307178
29268,0.001476,172.217.194.0-255,1484,124098,96,307178
29269,0.001482,172.217.194.0-255,2902,127000,96,307178
29270,0.001492,172.31.47.0-255,66,127066,96,307178
29271,0.001512,172.217.194.0-255,4320,131386,96,307178
29272,0.001515,172.217.194.0-255,1484,132870,96,307178
29273,0.001521,172.31.47.0-255,66,132936,96,307178
29274,0.00154,172.217.194.0-255,7156,140092,96,307178
29275,0.001543,172.217.194.0-255,1484,141576,96,307178
29276,0.001546,172.31.47.0-255,66,141642,96,307178
29277,0.001559,172.217.194.0-255,2902,144544,96,307178
29278,0.001568,172.31.47.0-255,66,144610,96,307178
29279,0.001573,172.217.194.0-255,4320,148930,96,307178
29280,0.001585,172.31.47.0-255,66,148996,96,307178
29281,0.001597,172.31.47.0-255,66,149062,96,307178
29282,0.001644,172.217.194.0-255,1484,150546,96,307178
29283,0.001659,172.217.194.0-255,2902,153448,96,307178
29284,0.001671,172.31.47.0-255,66,153514,96,307178
29285,0.001678,172.217.194.0-255,4320,157834,96,307178
29286,0.00169,172.217.194.0-255,1484,159318,96,307178
29287,0.001695,172.31.47.0-255,66,159384,96,307178
29288,0.001744,172.217.194.0-255,7156,166540,96,307178
29289,0.001747,172.31.47.0-255,66,166606,96,307178
29290,0.001753,172.217.194.0-255,4320,170926,96,307178
29291,0.001763,172.31.47.0-255,66,170992,96,307178
29292,0.001778,172.217.194.0-255,4320,175312,96,307178
29293,0.001783,172.217.194.0-255,4320,179632,96,307178
29294,0.001788,172.31.47.0-255,66,179698,96,307178
29295,0.001807,172.217.194.0-255,3602,183300,96,307178
29296,0.001812,172.31.47.0-255,66,183366,96,307178
29297,0.001849,172.217.194.0-255,1484,184850,96,307178
29298,0.001871,172.217.194.0-255,2902,187752,96,307178
29299,0.00188,172.31.47.0-255,66,187818,96,307178
29300,0.001888,172.217.194.0-255,4320,192138,96,307178
29301,0.001891,172.31.47.0-255,66,192204,96,307178
29302,0.001915,172.217.194.0-255,1484,193688,96,307178
29303,0.001926,172.217.194.0-255,5738,199426,96,307178
29304,0.001931,172.217.194.0-255,2902,202328,96,307178
29305,0.001935,172.31.47.0-255,66,202394,96,307178
29306,0.001971,172.217.194.0-255,5020,207414,96,307178
29307,0.001971,172.31.47.0-255,66,207480,96,307178
29308,0.001976,172.31.47.0-255,66,207546,96,307178
29309,0.002182,172.217.194.0-255,1484,209030,96,307178
29310,0.002201,172.217.194.0-255,2902,211932,96,307178
29311,0.002204,172.31.47.0-255,66,211998,96,307178
29312,0.002245,172.217.194.0-255,5738,217736,96,307178
29313,0.002249,172.31.47.0-255,66,217802,96,307178
29314,0.002267,172.217.194.0-255,5738,223540,96,307178
29315,0.002272,172.31.47.0-255,66,223606,96,307178
29316,0.002292,172.217.194.0-255,7156,230762,96,307178
29317,0.002296,172.31.47.0-255,66,230828,96,307178
29318,0.002321,172.31.47.0-255,66,230894,96,307178
29319,0.002327,172.217.194.0-255,2184,233078,96,307178
29320,0.002331,172.217.194.0-255,2902,235980,96,307178
29321,0.002334,172.31.47.0-255,66,236046,96,307178
29322,0.002338,172.31.47.0-255,66,236112,96,307178
29323,0.002363,172.217.194.0-255,7156,243268,96,307178
29324,0.002376,172.31.47.0-255,66,243334,96,307178
29325,0.00466,172.217.194.0-255,5738,249072,96,307178
29326,0.004667,172.31.47.0-255,66,249138,96,307178
29327,0.006982,172.217.194.0-255,5738,254876,96,307178
29328,0.006987,172.31.47.0-255,66,254942,96,307178
29329,0.009371,172.217.194.0-255,5738,260680,96,307178
29330,0.009387,172.31.47.0-255,66,260746,96,307178
29331,0.011683,172.217.194.0-255,5738,266484,96,307178
29332,0.011697,172.31.47.0-255,66,266550,96,307178
29333,0.013958,172.217.194.0-255,5738,272288,96,307178
29334,0.013965,172.31.47.0-255,66,272354,96,307178
29335,0.016276,172.217.194.0-255,5738,278092,96,307178
29336,0.016284,172.31.47.0-255,66,278158,96,307178
29337,0.018612,172.217.194.0-255,5738,283896,96,307178
29338,0.01862,172.31.47.0-255,66,283962,96,307178
29339,0.020945,172.217.194.0-255,5738,289700,96,307178
29340,0.020951,172.31.47.0-255,66,289766,96,307178
29341,0.023288,172.217.194.0-255,5738,295504,96,307178
29342,0.023296,172.31.47.0-255,66,295570,96,307178
29343,0.025596,172.217.194.0-255,5738,301308,96,307178
29344,0.025602,172.31.47.0-255,66,301374,96,307178
29345,0.027895,172.217.194.0-255,5738,307112,96,307178
29346,0.027912,172.31.47.0-255,66,307178,96,307178
29347,0.0,74.125.24.0-255,153,153,96,194048
29348,1.4e-05,172.31.47.0-255,66,219,96,194048
29349,2e-05,74.125.24.0-255,1484,1703,96,194048
29350,2.4e-05,172.31.47.0-255,66,1769,96,194048
29351,2.9e-05,74.125.24.0-255,2902,4671,96,194048
29352,3.1e-05,172.31.47.0-255,66,4737,96,194048
29353,3.6e-05,74.125.24.0-255,4320,9057,96,194048
29354,3.9e-05,172.31.47.0-255,66,9123,96,194048
29355,8.6e-05,74.125.24.0-255,5010,14133,96,194048
29356,8.9e-05,172.31.47.0-255,66,14199,96,194048
29357,0.000801,74.125.24.0-255,1484,15683,96,194048
29358,0.000808,172.31.47.0-255,66,15749,96,194048
29359,0.000816,74.125.24.0-255,2902,18651,96,194048
29360,0.000818,172.31.47.0-255,66,18717,96,194048
29361,0.000822,74.125.24.0-255,1484,20201,96,194048
29362,0.000824,172.31.47.0-255,66,20267,96,194048
29363,0.000847,74.125.24.0-255,2902,23169,96,194048
29364,0.000849,172.31.47.0-255,66,23235,96,194048
29365,0.000867,74.125.24.0-255,5738,28973,96,194048
29366,0.000869,172.31.47.0-255,66,29039,96,194048
29367,0.000895,74.125.24.0-255,3961,33000,96,194048
29368,0.000898,172.31.47.0-255,66,33066,96,194048
29369,0.000904,74.125.24.0-255,7156,40222,96,194048
29370,0.000906,172.31.47.0-255,66,40288,96,194048
29371,0.000917,172.31.47.0-255,66,40354,96,194048
29372,0.000948,74.125.24.0-255,7156,47510,96,194048
29373,0.000954,74.125.24.0-255,6438,53948,96,194048
29374,0.000957,172.31.47.0-255,66,54014,96,194048
29375,0.000964,172.31.47.0-255,66,54080,96,194048
29376,0.000967,74.125.24.0-255,360,54440,96,194048
29377,0.000969,172.31.47.0-255,66,54506,96,194048
29378,0.000992,74.125.24.0-255,130,54636,96,194048
29379,0.001143,74.125.24.0-255,1484,56120,96,194048
29380,0.001147,172.31.47.0-255,66,56186,96,194048
29381,0.001151,74.125.24.0-255,2902,59088,96,194048
29382,0.001153,172.31.47.0-255,66,59154,96,194048
29383,0.001172,74.125.24.0-255,5738,64892,96,194048
29384,0.001174,172.31.47.0-255,66,64958,96,194048
29385,0.001196,74.125.24.0-255,5738,70696,96,194048
29386,0.001199,172.31.47.0-255,66,70762,96,194048
29387,0.001213,74.125.24.0-255,2902,73664,96,194048
29388,0.001215,172.31.47.0-255,66,73730,96,194048
29389,0.001237,74.125.24.0-255,1484,75214,96,194048
29390,0.001269,172.31.47.0-255,66,75280,96,194048
29391,0.001714,74.125.24.0-255,1484,76764,96,194048
29392,0.001722,74.125.24.0-255,2902,79666,96,194048
29393,0.001725,172.31.47.0-255,66,79732,96,194048
29394,0.001732,74.125.24.0-255,5738,85470,96,194048
29395,0.001734,172.31.47.0-255,66,85536,96,194048
29396,0.001752,74.125.24.0-255,1484,87020,96,194048
29397,0.001772,172.31.47.0-255,66,87086,96,194048
29398,0.001796,74.125.24.0-255,4320,91406,96,194048
29399,0.001798,172.31.47.0-255,66,91472,96,194048
29400,0.001824,172.31.47.0-255,66,91538,96,194048
29401,0.002259,74.125.24.0-255,1484,93022,96,194048
29402,0.002266,74.125.24.0-255,1484,94506,96,194048
29403,0.002269,172.31.47.0-255,66,94572,96,194048
29404,0.002283,74.125.24.0-255,1484,96056,96,194048
29405,0.002289,74.125.24.0-255,5738,101794,96,194048
29406,0.002291,172.31.47.0-255,66,101860,96,194048
29407,0.002295,74.125.24.0-255,2902,104762,96,194048
29408,0.002297,172.31.47.0-255,66,104828,96,194048
29409,0.002328,74.125.24.0-255,2902,107730,96,194048
29410,0.002331,172.31.47.0-255,66,107796,96,194048
29411,0.002337,74.125.24.0-255,7156,114952,96,194048
29412,0.002339,172.31.47.0-255,66,115018,96,194048
29413,0.002361,74.125.24.0-255,4320,119338,96,194048
29414,0.002363,172.31.47.0-255,66,119404,96,194048
29415,0.002385,74.125.24.0-255,6438,125842,96,194048
29416,0.002387,172.31.47.0-255,66,125908,96,194048
29417,0.00474,74.125.24.0-255,5738,131646,96,194048
29418,0.004744,172.31.47.0-255,66,131712,96,194048
29419,0.007101,74.125.24.0-255,5738,137450,96,194048
29420,0.007107,172.31.47.0-255,66,137516,96,194048
29421,0.009441,74.125.24.0-255,5738,143254,96,194048
29422,0.009449,172.31.47.0-255,66,143320,96,194048
29423,0.011788,74.125.24.0-255,5738,149058,96,194048
29424,0.011797,172.31.47.0-255,66,149124,96,194048
29425,0.014159,74.125.24.0-255,5738,154862,96,194048
29426,0.014168,172.31.47.0-255,66,154928,96,194048
29427,0.016527,74.125.24.0-255,5738,160666,96,194048
29428,0.016534,172.31.47.0-255,66,160732,96,194048
29429,0.018911,74.125.24.0-255,5738,166470,96,194048
29430,0.018919,172.31.47.0-255,66,166536,96,194048
29431,0.021239,74.125.24.0-255,5738,172274,96,194048
29432,0.021247,172.31.47.0-255,66,172340,96,194048
29433,0.022778,172.31.47.0-255,172,172512,96,194048
29434,0.02281,172.31.47.0-255,1101,173613,96,194048
29435,0.022895,172.31.47.0-255,1514,175127,96,194048
29436,0.022897,172.31.47.0-255,1311,176438,96,194048
29437,0.02363,74.125.24.0-255,5738,182176,96,194048
29438,0.023635,172.31.47.0-255,66,182242,96,194048
29439,0.024349,104.244.42.0-255,66,182308,96,194048
29440,0.024379,104.244.42.0-255,66,182374,96,194048
29441,0.024434,104.244.42.0-255,66,182440,96,194048
29442,0.025992,74.125.24.0-255,5738,188178,96,194048
29443,0.025997,172.31.47.0-255,66,188244,96,194048
29444,0.028353,74.125.24.0-255,5738,193982,96,194048
29445,0.028359,172.31.47.0-255,66,194048,96,194048
29446,0.0,172.217.194.0-255,146,146,96,217198
29447,1.4e-05,172.31.47.0-255,66,212,96,217198
29448,2e-05,172.217.194.0-255,1484,1696,96,217198
29449,2.4e-05,172.31.47.0-255,66,1762,96,217198
29450,2.9e-05,172.217.194.0-255,2902,4664,96,217198
29451,3.2e-05,172.31.47.0-255,66,4730,96,217198
29452,7.7e-05,172.217.194.0-255,7156,11886,96,217198
29453,7.9e-05,172.31.47.0-255,66,11952,96,217198
29454,8.3e-05,172.217.194.0-255,2254,14206,96,217198
29455,8.5e-05,172.31.47.0-255,66,14272,96,217198
29456,9.9e-05,172.217.194.0-255,2902,17174,96,217198
29457,0.000101,172.31.47.0-255,66,17240,96,217198
29458,0.000134,172.217.194.0-255,2902,20142,96,217198
29459,0.000136,172.31.47.0-255,66,20208,96,217198
29460,0.000147,172.217.194.0-255,2902,23110,96,217198
29461,0.000149,172.31.47.0-255,66,23176,96,217198
29462,0.000152,172.217.194.0-255,1484,24660,96,217198
29463,0.000153,172.31.47.0-255,66,24726,96,217198
29464,0.000182,172.217.194.0-255,5738,30464,96,217198
29465,0.000185,172.217.194.0-255,1125,31589,96,217198
29466,0.000188,172.31.47.0-255,66,31655,96,217198
29467,0.000191,172.31.47.0-255,66,31721,96,217198
29468,0.000201,172.217.194.0-255,1484,33205,96,217198
29469,0.000203,172.31.47.0-255,66,33271,96,217198
29470,0.000226,172.217.194.0-255,4320,37591,96,217198
29471,0.000228,172.31.47.0-255,66,37657,96,217198
29472,0.000238,172.31.47.0-255,66,37723,96,217198
29473,0.000247,172.217.194.0-255,1484,39207,96,217198
29474,0.000249,172.31.47.0-255,66,39273,96,217198
29475,0.000268,172.217.194.0-255,5738,45011,96,217198
29476,0.00027,172.31.47.0-255,66,45077,96,217198
29477,0.000305,172.31.47.0-255,66,45143,96,217198
29478,0.000308,172.217.194.0-255,1422,46565,96,217198
29479,0.00031,172.31.47.0-255,66,46631,96,217198
29480,0.000593,172.217.194.0-255,381,47012,96,217198
29481,0.000598,172.31.47.0-255,66,47078,96,217198
29482,0.000777,172.217.194.0-255,1484,48562,96,217198
29483,0.000782,172.31.47.0-255,66,48628,96,217198
29484,0.000787,172.217.194.0-255,2902,51530,96,217198
29485,0.00079,172.31.47.0-255,66,51596,96,217198
29486,0.000793,172.217.194.0-255,1484,53080,96,217198
29487,0.000795,172.31.47.0-255,66,53146,96,217198
29488,0.000812,172.217.194.0-255,4320,57466,96,217198
29489,0.000834,172.31.47.0-255,66,57532,96,217198
29490,0.000853,172.217.194.0-255,5738,63270,96,217198
29491,0.000879,172.31.47.0-255,66,63336,96,217198
29492,0.000884,172.31.47.0-255,66,63402,96,217198
29493,0.001319,172.217.194.0-255,1484,64886,96,217198
29494,0.001324,172.217.194.0-255,2902,67788,96,217198
29495,0.001329,172.31.47.0-255,66,67854,96,217198
29496,0.001332,172.31.47.0-255,66,67920,96,217198
29497,0.001353,172.217.194.0-255,5738,73658,96,217198
29498,0.001356,172.31.47.0-255,66,73724,96,217198
29499,0.001382,172.31.47.0-255,66,73790,96,217198
29500,0.001403,172.217.194.0-255,4320,78110,96,217198
29501,0.00141,172.31.47.0-255,66,78176,96,217198
29502,0.001428,172.31.47.0-255,66,78242,96,217198
29503,0.001576,172.217.194.0-255,1484,79726,96,217198
29504,0.001592,172.217.194.0-255,2902,82628,96,217198
29505,0.001595,172.31.47.0-255,66,82694,96,217198
29506,0.001601,172.217.194.0-255,2902,85596,96,217198
29507,0.001605,172.31.47.0-255,66,85662,96,217198
29508,0.001614,172.217.194.0-255,2902,88564,96,217198
29509,0.001632,172.217.194.0-255,4320,92884,96,217198
29510,0.001643,172.31.47.0-255,66,92950,96,217198
29511,0.001665,172.217.194.0-255,4320,97270,96,217198
29512,0.001691,172.31.47.0-255,66,97336,96,217198
29513,0.00171,172.217.194.0-255,3602,100938,96,217198
29514,0.001725,172.217.194.0-255,4320,105258,96,217198
29515,0.001732,172.31.47.0-255,66,105324,96,217198
29516,0.001794,172.217.194.0-255,4320,109644,96,217198
29517,0.001801,172.31.47.0-255,66,109710,96,217198
29518,0.001845,172.31.47.0-255,66,109776,96,217198
29519,0.001858,172.217.194.0-255,2184,111960,96,217198
29520,0.001878,172.217.194.0-255,6438,118398,96,217198
29521,0.001884,172.217.194.0-255,5738,124136,96,217198
29522,0.0019,172.217.194.0-255,1484,125620,96,217198
29523,0.001903,172.31.47.0-255,66,125686,96,217198
29524,0.001918,172.217.194.0-255,4320,130006,96,217198
29525,0.001962,172.217.194.0-255,2902,132908,96,217198
29526,0.001969,172.31.47.0-255,66,132974,96,217198
29527,0.002003,172.31.47.0-255,66,133040,96,217198
29528,0.002041,172.217.194.0-255,1484,134524,96,217198
29529,0.002044,172.217.194.0-255,1484,136008,96,217198
29530,0.002058,172.217.194.0-255,1484,137492,96,217198
29531,0.002064,172.217.194.0-255,5738,143230,96,217198
29532,0.00208,172.31.47.0-255,66,143296,96,217198
29533,0.002094,172.217.194.0-255,5738,149034,96,217198
29534,0.002106,172.31.47.0-255,66,149100,96,217198
29535,0.002156,172.217.194.0-255,7156,156256,96,217198
29536,0.002215,172.217.194.0-255,1484,157740,96,217198
29537,0.00222,172.217.194.0-255,2902,160642,96,217198
29538,0.002226,172.217.194.0-255,5738,166380,96,217198
29539,0.002256,172.217.194.0-255,4320,170700,96,217198
29540,0.007432,172.31.47.0-255,66,170766,96,217198
29541,0.009705,172.217.194.0-255,5738,176504,96,217198
29542,0.009714,172.31.47.0-255,66,176570,96,217198
29543,0.011989,172.217.194.0-255,5738,182308,96,217198
29544,0.011995,172.31.47.0-255,66,182374,96,217198
29545,0.014252,172.217.194.0-255,5738,188112,96,217198
29546,0.01426,172.31.47.0-255,66,188178,96,217198
29547,0.01654,172.217.194.0-255,5738,193916,96,217198
29548,0.017346,172.31.47.0-255,66,193982,96,217198
29549,0.019618,172.217.194.0-255,5738,199720,96,217198
29550,0.019627,172.31.47.0-255,66,199786,96,217198
29551,0.021903,172.217.194.0-255,5738,205524,96,217198
29552,0.023341,172.31.47.0-255,66,205590,96,217198
29553,0.025567,172.217.194.0-255,5738,211328,96,217198
29554,0.025577,172.31.47.0-255,66,211394,96,217198
29555,0.027826,172.217.194.0-255,5738,217132,96,217198
29556,0.027833,172.31.47.0-255,66,217198,96,217198
29557,0.0,74.125.24.0-255,146,146,96,127278
29558,2.4e-05,172.31.47.0-255,66,212,96,127278
29559,3.1e-05,74.125.24.0-255,1484,1696,96,127278
29560,3.6e-05,172.31.47.0-255,66,1762,96,127278
29561,4.8e-05,74.125.24.0-255,2902,4664,96,127278
29562,5.1e-05,172.31.47.0-255,66,4730,96,127278
29563,9.7e-05,74.125.24.0-255,7156,11886,96,127278
29564,0.0001,172.31.47.0-255,66,11952,96,127278
29565,0.000261,74.125.24.0-255,6419,18371,96,127278
29566,0.000266,172.31.47.0-255,66,18437,96,127278
29567,0.000397,74.125.24.0-255,7156,25593,96,127278
29568,0.000401,172.31.47.0-255,66,25659,96,127278
29569,0.00043,74.125.24.0-255,5379,31038,96,127278
29570,0.000432,172.31.47.0-255,66,31104,96,127278
29571,0.000684,74.125.24.0-255,7156,38260,96,127278
29572,0.000688,172.31.47.0-255,66,38326,96,127278
29573,0.000732,172.31.47.0-255,66,38392,96,127278
29574,0.00118,74.125.24.0-255,5738,44130,96,127278
29575,0.001185,172.31.47.0-255,66,44196,96,127278
29576,0.001215,74.125.24.0-255,6797,50993,96,127278
29577,0.001217,172.31.47.0-255,66,51059,96,127278
29578,0.001474,172.31.47.0-255,66,51125,96,127278
29579,0.001522,172.31.47.0-255,66,51191,96,127278
29580,0.002222,74.125.24.0-255,7156,58347,96,127278
29581,0.002227,172.31.47.0-255,66,58413,96,127278
29582,0.002269,172.31.47.0-255,66,58479,96,127278
29583,0.002305,172.31.47.0-255,66,58545,96,127278
29584,0.003189,74.125.24.0-255,1484,60029,96,127278
29585,0.003192,172.31.47.0-255,66,60095,96,127278
29586,0.003251,172.31.47.0-255,66,60161,96,127278
29587,0.005476,74.125.24.0-255,2902,63063,96,127278
29588,0.005479,172.31.47.0-255,66,63129,96,127278
29589,0.005506,74.125.24.0-255,2902,66031,96,127278
29590,0.005508,172.31.47.0-255,66,66097,96,127278
29591,0.00775,74.125.24.0-255,2902,68999,96,127278
29592,0.007758,172.31.47.0-255,66,69065,96,127278
29593,0.007785,74.125.24.0-255,2902,71967,96,127278
29594,0.007787,172.31.47.0-255,66,72033,96,127278
29595,0.01004,74.125.24.0-255,2902,74935,96,127278
29596,0.010059,74.125.24.0-255,2902,77837,96,127278
29597,0.011531,172.31.47.0-255,66,77903,96,127278
29598,0.013827,74.125.24.0-255,4320,82223,96,127278
29599,0.01384,172.31.47.0-255,66,82289,96,127278
29600,0.01387,74.125.24.0-255,1484,83773,96,127278
29601,0.016105,74.125.24.0-255,4320,88093,96,127278
29602,0.016118,172.31.47.0-255,66,88159,96,127278
29603,0.018401,74.125.24.0-255,5738,93897,96,127278
29604,0.018482,172.31.47.0-255,66,93963,96,127278
29605,0.020781,74.125.24.0-255,5738,99701,96,127278
29606,0.02079,172.31.47.0-255,66,99767,96,127278
29607,0.023056,74.125.24.0-255,5738,105505,96,127278
29608,0.023064,172.31.47.0-255,66,105571,96,127278
29609,0.024139,172.31.47.0-255,172,105743,96,127278
29610,0.024165,172.31.47.0-255,1109,106852,96,127278
29611,0.024215,172.31.47.0-255,1514,108366,96,127278
29612,0.024217,172.31.47.0-255,1302,109668,96,127278
29613,0.025347,74.125.24.0-255,5738,115406,96,127278
29614,0.025353,172.31.47.0-255,66,115472,96,127278
29615,0.025663,104.244.42.0-255,66,115538,96,127278
29616,0.025733,104.244.42.0-255,66,115604,96,127278
29617,0.025806,104.244.42.0-255,66,115670,96,127278
29618,0.02762,74.125.24.0-255,5738,121408,96,127278
29619,0.027629,172.31.47.0-255,66,121474,96,127278
29620,0.02992,74.125.24.0-255,5738,127212,96,127278
29621,0.029937,172.31.47.0-255,66,127278,96,127278
29622,0.0,172.217.194.0-255,153,153,96,199639
29623,2.7e-05,172.31.47.0-255,66,219,96,199639
29624,3.4e-05,172.217.194.0-255,1484,1703,96,199639
29625,3.8e-05,172.31.47.0-255,66,1769,96,199639
29626,4.3e-05,172.217.194.0-255,2902,4671,96,199639
29627,4.6e-05,172.31.47.0-255,66,4737,96,199639
29628,5.1e-05,172.217.194.0-255,2902,7639,96,199639
29629,5.3e-05,172.31.47.0-255,66,7705,96,199639
29630,8.1e-05,172.217.194.0-255,2902,10607,96,199639
29631,8.3e-05,172.31.47.0-255,66,10673,96,199639
29632,8.8e-05,172.217.194.0-255,4320,14993,96,199639
29633,9e-05,172.31.47.0-255,66,15059,96,199639
29634,0.000116,172.31.47.0-255,66,15125,96,199639
29635,0.000122,172.217.194.0-255,6797,21922,96,199639
29636,0.000124,172.31.47.0-255,66,21988,96,199639
29637,0.000213,172.217.194.0-255,1484,23472,96,199639
29638,0.000215,172.31.47.0-255,66,23538,96,199639
29639,0.00022,172.217.194.0-255,2902,26440,96,199639
29640,0.000221,172.31.47.0-255,66,26506,96,199639
29641,0.00024,172.217.194.0-255,5738,32244,96,199639
29642,0.000243,172.31.47.0-255,66,32310,96,199639
29643,0.000267,172.217.194.0-255,6797,39107,96,199639
29644,0.000269,172.31.47.0-255,66,39173,96,199639
29645,0.000273,172.217.194.0-255,2902,42075,96,199639
29646,0.000275,172.31.47.0-255,66,42141,96,199639
29647,0.000301,172.31.47.0-255,66,42207,96,199639
29648,0.000304,172.217.194.0-255,2543,44750,96,199639
29649,0.000307,172.31.47.0-255,66,44816,96,199639
29650,0.000341,172.217.194.0-255,645,45461,96,199639
29651,0.000344,172.31.47.0-255,66,45527,96,199639
29652,0.000665,172.217.194.0-255,1484,47011,96,199639
29653,0.00067,172.31.47.0-255,66,47077,96,199639
29654,0.000675,172.217.194.0-255,2902,49979,96,199639
29655,0.000677,172.31.47.0-255,66,50045,96,199639
29656,0.000681,172.217.194.0-255,2902,52947,96,199639
29657,0.000683,172.31.47.0-255,66,53013,96,199639
29658,0.000697,172.217.194.0-255,2902,55915,96,199639
29659,0.000699,172.31.47.0-255,66,55981,96,199639
29660,0.000738,172.217.194.0-255,5738,61719,96,199639
29661,0.00074,172.31.47.0-255,66,61785,96,199639
29662,0.000764,172.217.194.0-255,5379,67164,96,199639
29663,0.000766,172.31.47.0-255,66,67230,96,199639
29664,0.000776,172.31.47.0-255,66,67296,96,199639
29665,0.000778,172.217.194.0-255,1125,68421,96,199639
29666,0.00078,172.31.47.0-255,66,68487,96,199639
29667,0.001294,172.217.194.0-255,1484,69971,96,199639
29668,0.001303,172.31.47.0-255,66,70037,96,199639
29669,0.001309,172.217.194.0-255,2902,72939,96,199639
29670,0.001311,172.31.47.0-255,66,73005,96,199639
29671,0.001318,172.217.194.0-255,5738,78743,96,199639
29672,0.00132,172.31.47.0-255,66,78809,96,199639
29673,0.001325,172.217.194.0-255,4320,83129,96,199639
29674,0.001327,172.31.47.0-255,66,83195,96,199639
29675,0.001364,172.31.47.0-255,66,83261,96,199639
29676,0.001368,172.217.194.0-255,2902,86163,96,199639
29677,0.001425,172.217.194.0-255,5020,91183,96,199639
29678,0.001432,172.217.194.0-255,4320,95503,96,199639
29679,0.001444,172.217.194.0-255,1484,96987,96,199639
29680,0.001481,172.217.194.0-255,2902,99889,96,199639
29681,0.001488,172.217.194.0-255,7156,107045,96,199639
29682,0.001512,172.217.194.0-255,7156,114201,96,199639
29683,0.001515,172.217.194.0-255,766,114967,96,199639
29684,0.001595,172.217.194.0-255,1484,116451,96,199639
29685,0.001599,172.217.194.0-255,2902,119353,96,199639
29686,0.001623,172.217.194.0-255,5738,125091,96,199639
29687,0.001689,172.217.194.0-255,4320,129411,96,199639
29688,0.001771,172.217.194.0-255,1484,130895,96,199639
29689,0.001776,172.217.194.0-255,2902,133797,96,199639
29690,0.001808,172.217.194.0-255,5738,139535,96,199639
29691,0.001813,172.217.194.0-255,2902,142437,96,199639
29692,0.001842,172.217.194.0-255,5738,148175,96,199639
29693,0.001864,172.217.194.0-255,5020,153195,96,199639
29694,0.001884,172.217.194.0-255,2902,156097,96,199639
29695,0.001889,172.217.194.0-255,2902,158999,96,199639
29696,0.001903,172.217.194.0-255,1484,160483,96,199639
29697,0.001917,172.217.194.0-255,5738,166221,96,199639
29698,0.001934,172.217.194.0-255,2902,169123,96,199639
29699,0.001944,172.217.194.0-255,4320,173443,96,199639
29700,0.002046,172.217.194.0-255,7156,180599,96,199639
29701,0.002099,172.217.194.0-255,4320,184919,96,199639
29702,0.002166,172.217.194.0-255,5738,190657,96,199639
29703,0.00222,172.217.194.0-255,5738,196395,96,199639
29704,0.002251,172.217.194.0-255,2902,199297,96,199639
29705,0.002303,172.217.194.0-255,105,199402,96,199639
29706,0.005308,172.31.47.0-255,66,199468,96,199639
29707,0.00801,172.31.47.0-255,105,199573,96,199639
29708,0.010526,172.217.194.0-255,66,199639,96,199639
29709,0.0,172.31.47.0-255,105,105,96,276
29710,0.001521,157.240.13.0-255,105,210,96,276
29711,0.001536,172.31.47.0-255,66,276,96,276
29712,0.0,172.253.118.0-255,153,153,96,157499
29713,2.8e-05,172.31.47.0-255,66,219,96,157499
29714,3.6e-05,172.253.118.0-255,1484,1703,96,157499
29715,4.1e-05,172.31.47.0-255,66,1769,96,157499
29716,5e-05,172.253.118.0-255,2902,4671,96,157499
29717,5.6e-05,172.31.47.0-255,66,4737,96,157499
29718,6.8e-05,172.253.118.0-255,7156,11893,96,157499
29719,7.1e-05,172.31.47.0-255,66,11959,96,157499
29720,7.6e-05,172.253.118.0-255,2128,14087,96,157499
29721,7.9e-05,172.31.47.0-255,66,14153,96,157499
29722,0.000332,172.253.118.0-255,1484,15637,96,157499
29723,0.000339,172.31.47.0-255,66,15703,96,157499
29724,0.000347,172.253.118.0-255,2902,18605,96,157499
29725,0.000351,172.31.47.0-255,66,18671,96,157499
29726,0.00036,172.253.118.0-255,5738,24409,96,157499
29727,0.000364,172.31.47.0-255,66,24475,96,157499
29728,0.000386,172.253.118.0-255,6797,31272,96,157499
29729,0.00039,172.31.47.0-255,66,31338,96,157499
29730,0.000526,172.253.118.0-255,1484,32822,96,157499
29731,0.000532,172.31.47.0-255,66,32888,96,157499
29732,0.000538,172.253.118.0-255,2902,35790,96,157499
29733,0.000541,172.31.47.0-255,66,35856,96,157499
29734,0.00055,172.253.118.0-255,5738,41594,96,157499
29735,0.000554,172.31.47.0-255,66,41660,96,157499
29736,0.000596,172.253.118.0-255,6797,48457,96,157499
29737,0.000601,172.31.47.0-255,66,48523,96,157499
29738,0.000663,172.253.118.0-255,1484,50007,96,157499
29739,0.000669,172.31.47.0-255,66,50073,96,157499
29740,0.000685,172.253.118.0-255,2902,52975,96,157499
29741,0.000689,172.31.47.0-255,66,53041,96,157499
29742,0.000697,172.253.118.0-255,5738,58779,96,157499
29743,0.0007,172.31.47.0-255,66,58845,96,157499
29744,0.000764,172.31.47.0-255,66,58911,96,157499
29745,0.001431,172.253.118.0-255,331,59242,96,157499
29746,0.001497,172.31.47.0-255,66,59308,96,157499
29747,0.001876,172.253.118.0-255,1484,60792,96,157499
29748,0.001893,172.253.118.0-255,2902,63694,96,157499
29749,0.001898,172.31.47.0-255,66,63760,96,157499
29750,0.001907,172.253.118.0-255,5738,69498,96,157499
29751,0.00191,172.31.47.0-255,66,69564,96,157499
29752,0.001922,172.253.118.0-255,7156,76720,96,157499
29753,0.001927,172.31.47.0-255,66,76786,96,157499
29754,0.001948,172.31.47.0-255,66,76852,96,157499
29755,0.001952,172.253.118.0-255,2184,79036,96,157499
29756,0.001955,172.31.47.0-255,66,79102,96,157499
29757,0.004027,172.253.118.0-255,4320,83422,96,157499
29758,0.004034,172.31.47.0-255,66,83488,96,157499
29759,0.004053,172.253.118.0-255,1484,84972,96,157499
29760,0.006093,172.253.118.0-255,4320,89292,96,157499
29761,0.006097,172.31.47.0-255,66,89358,96,157499
29762,0.008182,172.253.118.0-255,5738,95096,96,157499
29763,0.008188,172.31.47.0-255,66,95162,96,157499
29764,0.010266,172.253.118.0-255,5738,100900,96,157499
29765,0.010274,172.31.47.0-255,66,100966,96,157499
29766,0.012347,172.253.118.0-255,5738,106704,96,157499
29767,0.012353,172.31.47.0-255,66,106770,96,157499
29768,0.014456,172.253.118.0-255,5738,112508,96,157499
29769,0.014466,172.31.47.0-255,66,112574,96,157499
29770,0.016536,172.253.118.0-255,5738,118312,96,157499
29771,0.016542,172.31.47.0-255,66,118378,96,157499
29772,0.018628,172.253.118.0-255,5738,124116,96,157499
29773,0.018632,172.31.47.0-255,66,124182,96,157499
29774,0.020701,172.253.118.0-255,5738,129920,96,157499
29775,0.020707,172.31.47.0-255,66,129986,96,157499
29776,0.022762,172.253.118.0-255,5738,135724,96,157499
29777,0.022769,172.31.47.0-255,66,135790,96,157499
29778,0.023715,172.31.47.0-255,172,135962,96,157499
29779,0.023747,172.31.47.0-255,1101,137063,96,157499
29780,0.023803,172.31.47.0-255,1514,138577,96,157499
29781,0.023805,172.31.47.0-255,1312,139889,96,157499
29782,0.024838,172.253.118.0-255,5738,145627,96,157499
29783,0.024848,172.31.47.0-255,66,145693,96,157499
29784,0.025238,104.244.42.0-255,66,145759,96,157499
29785,0.0253,104.244.42.0-255,66,145825,96,157499
29786,0.025304,104.244.42.0-255,66,145891,96,157499
29787,0.026905,172.253.118.0-255,5738,151629,96,157499
29788,0.026909,172.31.47.0-255,66,151695,96,157499
29789,0.028988,172.253.118.0-255,5738,157433,96,157499
29790,0.028993,172.31.47.0-255,66,157499,96,157499
29791,0.0,172.31.47.0-255,105,105,96,105
29792,0.0,74.125.68.0-255,158,158,96,291136
29793,1.5e-05,172.31.47.0-255,66,224,96,291136
29794,2e-05,74.125.68.0-255,1484,1708,96,291136
29795,2.5e-05,172.31.47.0-255,66,1774,96,291136
29796,5e-05,74.125.68.0-255,2902,4676,96,291136
29797,5.3e-05,172.31.47.0-255,66,4742,96,291136
29798,5.6e-05,74.125.68.0-255,1484,6226,96,291136
29799,5.8e-05,172.31.47.0-255,66,6292,96,291136
29800,7.4e-05,74.125.68.0-255,2902,9194,96,291136
29801,7.6e-05,172.31.47.0-255,66,9260,96,291136
29802,9.2e-05,74.125.68.0-255,1484,10744,96,291136
29803,9.4e-05,172.31.47.0-255,66,10810,96,291136
29804,0.000114,74.125.68.0-255,4837,15647,96,291136
29805,0.000117,172.31.47.0-255,66,15713,96,291136
29806,0.000122,74.125.68.0-255,5738,21451,96,291136
29807,0.000124,172.31.47.0-255,66,21517,96,291136
29808,0.000128,74.125.68.0-255,2902,24419,96,291136
29809,0.000129,172.31.47.0-255,66,24485,96,291136
29810,0.000148,74.125.68.0-255,4320,28805,96,291136
29811,0.00015,172.31.47.0-255,66,28871,96,291136
29812,0.000161,74.125.68.0-255,2543,31414,96,291136
29813,0.000163,172.31.47.0-255,66,31480,96,291136
29814,0.000417,74.125.68.0-255,1484,32964,96,291136
29815,0.000422,172.31.47.0-255,66,33030,96,291136
29816,0.000427,74.125.68.0-255,2902,35932,96,291136
29817,0.000429,172.31.47.0-255,66,35998,96,291136
29818,0.000458,74.125.68.0-255,5738,41736,96,291136
29819,0.000461,172.31.47.0-255,66,41802,96,291136
29820,0.000465,74.125.68.0-255,2902,44704,96,291136
29821,0.000467,172.31.47.0-255,66,44770,96,291136
29822,0.000479,74.125.68.0-255,3961,48731,96,291136
29823,0.000481,172.31.47.0-255,66,48797,96,291136
29824,0.000514,74.125.68.0-255,1484,50281,96,291136
29825,0.000539,74.125.68.0-255,2902,53183,96,291136
29826,0.000542,172.31.47.0-255,66,53249,96,291136
29827,0.000566,74.125.68.0-255,5738,58987,96,291136
29828,0.000568,172.31.47.0-255,66,59053,96,291136
29829,0.000594,74.125.68.0-255,7071,66124,96,291136
29830,0.000598,172.31.47.0-255,66,66190,96,291136
29831,0.000613,74.125.68.0-255,134,66324,96,291136
29832,0.000688,74.125.68.0-255,1484,67808,96,291136
29833,0.000692,172.31.47.0-255,66,67874,96,291136
29834,0.000714,74.125.68.0-255,2902,70776,96,291136
29835,0.000717,172.31.47.0-255,66,70842,96,291136
29836,0.00072,74.125.68.0-255,1484,72326,96,291136
29837,0.000724,74.125.68.0-255,2902,75228,96,291136
29838,0.000725,172.31.47.0-255,66,75294,96,291136
29839,0.000728,74.125.68.0-255,1484,76778,96,291136
29840,0.000743,74.125.68.0-255,4320,81098,96,291136
29841,0.000746,172.31.47.0-255,66,81164,96,291136
29842,0.000772,74.125.68.0-255,5738,86902,96,291136
29843,0.000775,172.31.47.0-255,66,86968,96,291136
29844,0.00079,74.125.68.0-255,5738,92706,96,291136
29845,0.000793,172.31.47.0-255,66,92772,96,291136
29846,0.00083,74.125.68.0-255,7156,99928,96,291136
29847,0.000833,172.31.47.0-255,66,99994,96,291136
29848,0.000855,74.125.68.0-255,766,100760,96,291136
29849,0.000885,74.125.68.0-255,1484,102244,96,291136
29850,0.000888,172.31.47.0-255,66,102310,96,291136
29851,0.000925,74.125.68.0-255,2902,105212,96,291136
29852,0.000928,172.31.47.0-255,66,105278,96,291136
29853,0.000938,74.125.68.0-255,1484,106762,96,291136
29854,0.000954,74.125.68.0-255,2902,109664,96,291136
29855,0.000956,172.31.47.0-255,66,109730,96,291136
29856,0.000982,172.31.47.0-255,66,109796,96,291136
29857,0.001031,172.31.47.0-255,66,109862,96,291136
29858,0.001038,74.125.68.0-255,6438,116300,96,291136
29859,0.001039,172.31.47.0-255,66,116366,96,291136
29860,0.001076,74.125.68.0-255,1484,117850,96,291136
29861,0.00108,74.125.68.0-255,1484,119334,96,291136
29862,0.001082,172.31.47.0-255,66,119400,96,291136
29863,0.001098,74.125.68.0-255,1484,120884,96,291136
29864,0.00111,74.125.68.0-255,4320,125204,96,291136
29865,0.001112,172.31.47.0-255,66,125270,96,291136
29866,0.00113,74.125.68.0-255,1484,126754,96,291136
29867,0.001147,74.125.68.0-255,4320,131074,96,291136
29868,0.001149,172.31.47.0-255,66,131140,96,291136
29869,0.001169,74.125.68.0-255,4320,135460,96,291136
29870,0.001171,172.31.47.0-255,66,135526,96,291136
29871,0.001185,74.125.68.0-255,1484,137010,96,291136
29872,0.001223,74.125.68.0-255,4320,141330,96,291136
29873,0.001225,172.31.47.0-255,66,141396,96,291136
29874,0.001243,74.125.68.0-255,2902,144298,96,291136
29875,0.001245,172.31.47.0-255,66,144364,96,291136
29876,0.00126,74.125.68.0-255,2902,147266,96,291136
29877,0.001262,172.31.47.0-255,66,147332,96,291136
29878,0.001279,74.125.68.0-255,2902,150234,96,291136
29879,0.001282,172.31.47.0-255,66,150300,96,291136
29880,0.001314,74.125.68.0-255,766,151066,96,291136
29881,0.001609,74.125.68.0-255,1484,152550,96,291136
29882,0.001615,172.31.47.0-255,66,152616,96,291136
29883,0.00162,74.125.68.0-255,2902,155518,96,291136
29884,0.001623,172.31.47.0-255,66,155584,96,291136
29885,0.001625,74.125.68.0-255,1484,157068,96,291136
29886,0.001647,74.125.68.0-255,2902,159970,96,291136
29887,0.00165,172.31.47.0-255,66,160036,96,291136
29888,0.001653,74.125.68.0-255,2902,162938,96,291136
29889,0.001655,172.31.47.0-255,66,163004,96,291136
29890,0.001669,74.125.68.0-255,2902,165906,96,291136
29891,0.001671,172.31.47.0-255,66,165972,96,291136
29892,0.001703,172.31.47.0-255,66,166038,96,291136
29893,0.001738,74.125.68.0-255,5738,171776,96,291136
29894,0.00174,172.31.47.0-255,66,171842,96,291136
29895,0.001757,74.125.68.0-255,3602,175444,96,291136
29896,0.001759,172.31.47.0-255,66,175510,96,291136
29897,0.001806,74.125.68.0-255,1484,176994,96,291136
29898,0.001824,74.125.68.0-255,2902,179896,96,291136
29899,0.001826,172.31.47.0-255,66,179962,96,291136
29900,0.001841,74.125.68.0-255,1484,181446,96,291136
29901,0.001854,74.125.68.0-255,2902,184348,96,291136
29902,0.001856,172.31.47.0-255,66,184414,96,291136
29903,0.001875,74.125.68.0-255,7156,191570,96,291136
29904,0.001877,172.31.47.0-255,66,191636,96,291136
29905,0.001892,74.125.68.0-255,1484,193120,96,291136
29906,0.001896,74.125.68.0-255,4320,197440,96,291136
29907,0.001898,172.31.47.0-255,66,197506,96,291136
29908,0.001944,74.125.68.0-255,5738,203244,96,291136
29909,0.001947,172.31.47.0-255,66,203310,96,291136
29910,0.001966,74.125.68.0-255,6438,209748,96,291136
29911,0.001968,172.31.47.0-255,66,209814,96,291136
29912,0.001983,74.125.68.0-255,1484,211298,96,291136
29913,0.003947,74.125.68.0-255,4320,215618,96,291136
29914,0.00395,172.31.47.0-255,66,215684,96,291136
29915,0.005939,74.125.68.0-255,5738,221422,96,291136
29916,0.005947,172.31.47.0-255,66,221488,96,291136
29917,0.007941,74.125.68.0-255,5738,227226,96,291136
29918,0.007946,172.31.47.0-255,66,227292,96,291136
29919,0.009938,74.125.68.0-255,5738,233030,96,291136
29920,0.009944,172.31.47.0-255,66,233096,96,291136
29921,0.011929,74.125.68.0-255,5738,238834,96,291136
29922,0.011936,172.31.47.0-255,66,238900,96,291136
29923,0.013939,74.125.68.0-255,5738,244638,96,291136
29924,0.013948,172.31.47.0-255,66,244704,96,291136
29925,0.015946,74.125.68.0-255,5738,250442,96,291136
29926,0.01596,172.31.47.0-255,66,250508,96,291136
29927,0.017948,74.125.68.0-255,5738,256246,96,291136
29928,0.017955,172.31.47.0-255,66,256312,96,291136
29929,0.019948,74.125.68.0-255,5738,262050,96,291136
29930,0.019958,172.31.47.0-255,66,262116,96,291136
29931,0.021944,74.125.68.0-255,5738,267854,96,291136
29932,0.02195,172.31.47.0-255,66,267920,96,291136
29933,0.023944,74.125.68.0-255,5738,273658,96,291136
29934,0.023951,172.31.47.0-255,66,273724,96,291136
29935,0.02597,74.125.68.0-255,5738,279462,96,291136
29936,0.025976,172.31.47.0-255,66,279528,96,291136
29937,0.027974,74.125.68.0-255,5738,285266,96,291136
29938,0.027981,172.31.47.0-255,66,285332,96,291136
29939,0.02997,74.125.68.0-255,5738,291070,96,291136
29940,0.029976,172.31.47.0-255,66,291136,96,291136
29941,0.0,74.125.24.0-255,153,153,96,335346
29942,2.3e-05,172.31.47.0-255,66,219,96,335346
29943,3e-05,74.125.24.0-255,1484,1703,96,335346
29944,3.4e-05,172.31.47.0-255,66,1769,96,335346
29945,4e-05,74.125.24.0-255,2902,4671,96,335346
29946,4.3e-05,172.31.47.0-255,66,4737,96,335346
29947,5.1e-05,74.125.24.0-255,7156,11893,96,335346
29948,5.3e-05,172.31.47.0-255,66,11959,96,335346
29949,5.7e-05,74.125.24.0-255,2209,14168,96,335346
29950,6.1e-05,172.31.47.0-255,66,14234,96,335346
29951,0.000116,74.125.24.0-255,1484,15718,96,335346
29952,0.000119,172.31.47.0-255,66,15784,96,335346
29953,0.000124,74.125.24.0-255,2902,18686,96,335346
29954,0.000126,172.31.47.0-255,66,18752,96,335346
29955,0.000128,74.125.24.0-255,1484,20236,96,335346
29956,0.00013,172.31.47.0-255,66,20302,96,335346
29957,0.000145,74.125.24.0-255,4320,24622,96,335346
29958,0.000147,172.31.47.0-255,66,24688,96,335346
29959,0.000185,74.125.24.0-255,6797,31485,96,335346
29960,0.000188,172.31.47.0-255,66,31551,96,335346
29961,0.000196,74.125.24.0-255,7156,38707,96,335346
29962,0.000198,172.31.47.0-255,66,38773,96,335346
29963,0.000219,74.125.24.0-255,7156,45929,96,335346
29964,0.000222,172.31.47.0-255,66,45995,96,335346
29965,0.00024,74.125.24.0-255,2543,48538,96,335346
29966,0.000242,172.31.47.0-255,66,48604,96,335346
29967,0.000398,74.125.24.0-255,1484,50088,96,335346
29968,0.000405,172.31.47.0-255,66,50154,96,335346
29969,0.000411,74.125.24.0-255,2902,53056,96,335346
29970,0.000415,172.31.47.0-255,66,53122,96,335346
29971,0.00042,74.125.24.0-255,4320,57442,96,335346
29972,0.000423,172.31.47.0-255,66,57508,96,335346
29973,0.000446,74.125.24.0-255,1484,58992,96,335346
29974,0.000449,172.31.47.0-255,66,59058,96,335346
29975,0.000463,74.125.24.0-255,2902,61960,96,335346
29976,0.000465,172.31.47.0-255,66,62026,96,335346
29977,0.000489,74.125.24.0-255,3961,65987,96,335346
29978,0.000493,172.31.47.0-255,66,66053,96,335346
29979,0.000519,74.125.24.0-255,1484,67537,96,335346
29980,0.000522,172.31.47.0-255,66,67603,96,335346
29981,0.000528,74.125.24.0-255,2902,70505,96,335346
29982,0.00053,172.31.47.0-255,66,70571,96,335346
29983,0.000533,74.125.24.0-255,1484,72055,96,335346
29984,0.000535,172.31.47.0-255,66,72121,96,335346
29985,0.00056,74.125.24.0-255,4320,76441,96,335346
29986,0.000563,172.31.47.0-255,66,76507,96,335346
29987,0.000568,74.125.24.0-255,7156,83663,96,335346
29988,0.00057,172.31.47.0-255,66,83729,96,335346
29989,0.000585,74.125.24.0-255,3961,87690,96,335346
29990,0.000587,172.31.47.0-255,66,87756,96,335346
29991,0.000619,74.125.24.0-255,7156,94912,96,335346
29992,0.000622,172.31.47.0-255,66,94978,96,335346
29993,0.000634,74.125.24.0-255,5379,100357,96,335346
29994,0.000688,172.31.47.0-255,66,100423,96,335346
29995,0.000991,74.125.24.0-255,1484,101907,96,335346
29996,0.000997,74.125.24.0-255,1484,103391,96,335346
29997,0.001002,172.31.47.0-255,66,103457,96,335346
29998,0.001022,74.125.24.0-255,1484,104941,96,335346
29999,0.001029,74.125.24.0-255,5738,110679,96,335346
30000,0.001044,74.125.24.0-255,1484,112163,96,335346
30001,0.001061,74.125.24.0-255,6783,118946,96,335346
30002,0.001073,172.31.47.0-255,66,119012,96,335346
30003,0.001103,74.125.24.0-255,1533,120545,96,335346
30004,0.001119,74.125.24.0-255,7156,127701,96,335346
30005,0.001143,74.125.24.0-255,1125,128826,96,335346
30006,0.00116,172.31.47.0-255,66,128892,96,335346
30007,0.001314,74.125.24.0-255,1484,130376,96,335346
30008,0.00132,74.125.24.0-255,2902,133278,96,335346
30009,0.001327,74.125.24.0-255,5738,139016,96,335346
30010,0.001351,74.125.24.0-255,7156,146172,96,335346
30011,0.001366,74.125.24.0-255,5738,151910,96,335346
30012,0.001372,172.31.47.0-255,66,151976,96,335346
30013,0.001389,172.31.47.0-255,66,152042,96,335346
30014,0.001412,74.125.24.0-255,2184,154226,96,335346
30015,0.001419,172.31.47.0-255,66,154292,96,335346
30016,0.001474,74.125.24.0-255,1484,155776,96,335346
30017,0.001479,74.125.24.0-255,2902,158678,96,335346
30018,0.001498,74.125.24.0-255,5738,164416,96,335346
30019,0.001502,172.31.47.0-255,66,164482,96,335346
30020,0.001511,172.31.47.0-255,66,164548,96,335346
30021,0.001513,74.125.24.0-255,1484,166032,96,335346
30022,0.001549,74.125.24.0-255,5738,171770,96,335346
30023,0.001569,74.125.24.0-255,5020,176790,96,335346
30024,0.001574,172.31.47.0-255,66,176856,96,335346
30025,0.001592,74.125.24.0-255,1484,178340,96,335346
30026,0.001604,74.125.24.0-255,2902,181242,96,335346
30027,0.001607,74.125.24.0-255,2902,184144,96,335346
30028,0.001624,74.125.24.0-255,2902,187046,96,335346
30029,0.001659,74.125.24.0-255,2902,189948,96,335346
30030,0.001666,172.31.47.0-255,66,190014,96,335346
30031,0.001688,74.125.24.0-255,766,190780,96,335346
30032,0.001698,172.31.47.0-255,66,190846,96,335346
30033,0.001718,74.125.24.0-255,1484,192330,96,335346
30034,0.001734,74.125.24.0-255,2902,195232,96,335346
30035,0.001746,74.125.24.0-255,1484,196716,96,335346
30036,0.001751,74.125.24.0-255,5738,202454,96,335346
30037,0.001766,74.125.24.0-255,4320,206774,96,335346
30038,0.001783,74.125.24.0-255,7156,213930,96,335346
30039,0.001806,74.125.24.0-255,7156,221086,96,335346
30040,0.00182,74.125.24.0-255,3602,224688,96,335346
30041,0.002067,74.125.24.0-255,1484,226172,96,335346
30042,0.002071,74.125.24.0-255,1484,227656,96,335346
30043,0.002082,74.125.24.0-255,1484,229140,96,335346
30044,0.002086,74.125.24.0-255,2902,232042,96,335346
30045,0.002089,172.31.47.0-255,66,232108,96,335346
30046,0.002096,74.125.24.0-255,2902,235010,96,335346
30047,0.002107,74.125.24.0-255,2902,237912,96,335346
30048,0.002108,172.31.47.0-255,66,237978,96,335346
30049,0.002121,74.125.24.0-255,2902,240880,96,335346
30050,0.002137,74.125.24.0-255,4320,245200,96,335346
30051,0.002145,172.31.47.0-255,66,245266,96,335346
30052,0.002168,74.125.24.0-255,5020,250286,96,335346
30053,0.002178,172.31.47.0-255,66,250352,96,335346
30054,0.002216,74.125.24.0-255,2902,253254,96,335346
30055,0.00222,172.31.47.0-255,66,253320,96,335346
30056,0.002245,74.125.24.0-255,1484,254804,96,335346
30057,0.002249,172.31.47.0-255,66,254870,96,335346
30058,0.002255,74.125.24.0-255,1484,256354,96,335346
30059,0.002268,74.125.24.0-255,2902,259256,96,335346
30060,0.002282,74.125.24.0-255,2902,262158,96,335346
30061,0.002289,172.31.47.0-255,66,262224,96,335346
30062,0.002305,74.125.24.0-255,4320,266544,96,335346
30063,0.002316,172.31.47.0-255,66,266610,96,335346
30064,0.002336,74.125.24.0-255,4320,270930,96,335346
30065,0.002354,74.125.24.0-255,5738,276668,96,335346
30066,0.00236,172.31.47.0-255,66,276734,96,335346
30067,0.002369,74.125.24.0-255,1484,278218,96,335346
30068,0.004617,74.125.24.0-255,4320,282538,96,335346
30069,0.004621,172.31.47.0-255,66,282604,96,335346
30070,0.007151,74.125.24.0-255,5738,288342,96,335346
30071,0.007158,172.31.47.0-255,66,288408,96,335346
30072,0.009426,74.125.24.0-255,5738,294146,96,335346
30073,0.009433,172.31.47.0-255,66,294212,96,335346
30074,0.011707,74.125.24.0-255,5738,299950,96,335346
30075,0.011717,172.31.47.0-255,66,300016,96,335346
30076,0.014013,74.125.24.0-255,5738,305754,96,335346
30077,0.014019,172.31.47.0-255,66,305820,96,335346
30078,0.016285,74.125.24.0-255,5738,311558,96,335346
30079,0.016291,172.31.47.0-255,66,311624,96,335346
30080,0.018543,74.125.24.0-255,5738,317362,96,335346
30081,0.018548,172.31.47.0-255,66,317428,96,335346
30082,0.020854,74.125.24.0-255,5738,323166,96,335346
30083,0.020861,172.31.47.0-255,66,323232,96,335346
30084,0.023179,74.125.24.0-255,5738,328970,96,335346
30085,0.023185,172.31.47.0-255,66,329036,96,335346
30086,0.025444,74.125.24.0-255,1778,330814,96,335346
30087,0.02545,172.31.47.0-255,66,330880,96,335346
30088,0.025476,172.31.47.0-255,172,331052,96,335346
30089,0.025498,172.31.47.0-255,1109,332161,96,335346
30090,0.025539,172.31.47.0-255,1514,333675,96,335346
30091,0.025541,172.31.47.0-255,1302,334977,96,335346
30092,0.02564,172.31.47.0-255,105,335082,96,335346
30093,0.027054,104.244.42.0-255,66,335148,96,335346
30094,0.027063,104.244.42.0-255,66,335214,96,335346
30095,0.027081,104.244.42.0-255,66,335280,96,335346
30096,0.027892,74.125.24.0-255,66,335346,96,335346
30097,0.0,74.125.24.0-255,152,152,96,190298
30098,2e-05,172.31.47.0-255,66,218,96,190298
30099,2.7e-05,74.125.24.0-255,1484,1702,96,190298
30100,3.1e-05,172.31.47.0-255,66,1768,96,190298
30101,3.6e-05,74.125.24.0-255,2902,4670,96,190298
30102,4.5e-05,172.31.47.0-255,66,4736,96,190298
30103,5.2e-05,74.125.24.0-255,7156,11892,96,190298
30104,5.5e-05,172.31.47.0-255,66,11958,96,190298
30105,5.9e-05,74.125.24.0-255,2902,14860,96,190298
30106,6.1e-05,172.31.47.0-255,66,14926,96,190298
30107,8.3e-05,74.125.24.0-255,6415,21341,96,190298
30108,8.5e-05,172.31.47.0-255,66,21407,96,190298
30109,9.9e-05,172.31.47.0-255,66,21473,96,190298
30110,0.000118,74.125.24.0-255,1125,22598,96,190298
30111,0.00012,172.31.47.0-255,66,22664,96,190298
30112,0.000231,74.125.24.0-255,1484,24148,96,190298
30113,0.000235,172.31.47.0-255,66,24214,96,190298
30114,0.00024,74.125.24.0-255,2902,27116,96,190298
30115,0.000242,172.31.47.0-255,66,27182,96,190298
30116,0.000268,74.125.24.0-255,5738,32920,96,190298
30117,0.000271,172.31.47.0-255,66,32986,96,190298
30118,0.000295,74.125.24.0-255,4320,37306,96,190298
30119,0.000297,172.31.47.0-255,66,37372,96,190298
30120,0.000329,172.31.47.0-255,66,37438,96,190298
30121,0.00034,172.31.47.0-255,66,37504,96,190298
30122,0.000603,74.125.24.0-255,132,37636,96,190298
30123,0.000608,172.31.47.0-255,66,37702,96,190298
30124,0.000636,74.125.24.0-255,1484,39186,96,190298
30125,0.000639,172.31.47.0-255,66,39252,96,190298
30126,0.000651,74.125.24.0-255,2902,42154,96,190298
30127,0.000657,172.31.47.0-255,66,42220,96,190298
30128,0.000661,74.125.24.0-255,2902,45122,96,190298
30129,0.000663,172.31.47.0-255,66,45188,96,190298
30130,0.000703,172.31.47.0-255,66,45254,96,190298
30131,0.000747,172.31.47.0-255,66,45320,96,190298
30132,0.000749,74.125.24.0-255,341,45661,96,190298
30133,0.000966,74.125.24.0-255,1484,47145,96,190298
30134,0.00097,172.31.47.0-255,66,47211,96,190298
30135,0.000974,74.125.24.0-255,2902,50113,96,190298
30136,0.000976,172.31.47.0-255,66,50179,96,190298
30137,0.000998,74.125.24.0-255,5738,55917,96,190298
30138,0.001004,172.31.47.0-255,66,55983,96,190298
30139,0.001029,172.31.47.0-255,66,56049,96,190298
30140,0.001038,74.125.24.0-255,4320,60369,96,190298
30141,0.00104,172.31.47.0-255,66,60435,96,190298
30142,0.001054,172.31.47.0-255,66,60501,96,190298
30143,0.00145,74.125.24.0-255,1484,61985,96,190298
30144,0.001456,74.125.24.0-255,2902,64887,96,190298
30145,0.001459,172.31.47.0-255,66,64953,96,190298
30146,0.001482,74.125.24.0-255,1484,66437,96,190298
30147,0.001486,74.125.24.0-255,2902,69339,96,190298
30148,0.001488,172.31.47.0-255,66,69405,96,190298
30149,0.001491,74.125.24.0-255,1484,70889,96,190298
30150,0.001516,74.125.24.0-255,4320,75209,96,190298
30151,0.001518,172.31.47.0-255,66,75275,96,190298
30152,0.001548,172.31.47.0-255,66,75341,96,190298
30153,0.001569,74.125.24.0-255,1484,76825,96,190298
30154,0.001574,74.125.24.0-255,4320,81145,96,190298
30155,0.001576,172.31.47.0-255,66,81211,96,190298
30156,0.00158,74.125.24.0-255,2184,83395,96,190298
30157,0.001582,172.31.47.0-255,66,83461,96,190298
30158,0.00162,74.125.24.0-255,2902,86363,96,190298
30159,0.001622,172.31.47.0-255,66,86429,96,190298
30160,0.001652,74.125.24.0-255,7156,93585,96,190298
30161,0.001655,172.31.47.0-255,66,93651,96,190298
30162,0.001678,74.125.24.0-255,1484,95135,96,190298
30163,0.001682,74.125.24.0-255,2902,98037,96,190298
30164,0.001684,172.31.47.0-255,66,98103,96,190298
30165,0.00169,74.125.24.0-255,5738,103841,96,190298
30166,0.001692,172.31.47.0-255,66,103907,96,190298
30167,0.001694,74.125.24.0-255,1484,105391,96,190298
30168,0.001713,74.125.24.0-255,2902,108293,96,190298
30169,0.001714,172.31.47.0-255,66,108359,96,190298
30170,0.001741,74.125.24.0-255,5738,114097,96,190298
30171,0.001745,74.125.24.0-255,3602,117699,96,190298
30172,0.001749,172.31.47.0-255,66,117765,96,190298
30173,0.001752,172.31.47.0-255,66,117831,96,190298
30174,0.001911,74.125.24.0-255,1484,119315,96,190298
30175,0.001916,74.125.24.0-255,2902,122217,96,190298
30176,0.001919,172.31.47.0-255,66,122283,96,190298
30177,0.001941,74.125.24.0-255,5738,128021,96,190298
30178,0.001943,172.31.47.0-255,66,128087,96,190298
30179,0.001949,74.125.24.0-255,5738,133825,96,190298
30180,0.00195,172.31.47.0-255,66,133891,96,190298
30181,0.001983,172.31.47.0-255,66,133957,96,190298
30182,0.002017,74.125.24.0-255,5020,138977,96,190298
30183,0.002022,172.31.47.0-255,66,139043,96,190298
30184,0.002097,74.125.24.0-255,1484,140527,96,190298
30185,0.00211,74.125.24.0-255,2902,143429,96,190298
30186,0.002114,172.31.47.0-255,66,143495,96,190298
30187,0.002121,74.125.24.0-255,5738,149233,96,190298
30188,0.002123,172.31.47.0-255,66,149299,96,190298
30189,0.002191,172.31.47.0-255,66,149365,96,190298
30190,0.002204,172.31.47.0-255,66,149431,96,190298
30191,0.00221,74.125.24.0-255,7156,156587,96,190298
30192,0.002212,172.31.47.0-255,66,156653,96,190298
30193,0.002248,74.125.24.0-255,7156,163809,96,190298
30194,0.00225,172.31.47.0-255,66,163875,96,190298
30195,0.002266,172.31.47.0-255,66,163941,96,190298
30196,0.002271,74.125.24.0-255,3602,167543,96,190298
30197,0.002278,172.31.47.0-255,66,167609,96,190298
30198,0.002309,74.125.24.0-255,4320,171929,96,190298
30199,0.002312,172.31.47.0-255,66,171995,96,190298
30200,0.002355,74.125.24.0-255,2902,174897,96,190298
30201,0.002391,74.125.24.0-255,5020,179917,96,190298
30202,0.00246,74.125.24.0-255,4320,184237,96,190298
30203,0.002521,74.125.24.0-255,1422,185659,96,190298
30204,0.002524,74.125.24.0-255,105,185764,96,190298
30205,0.006741,172.31.47.0-255,66,185830,96,190298
30206,0.008398,172.31.47.0-255,105,185935,96,190298
30207,0.010906,74.125.24.0-255,66,186001,96,190298
30208,0.02755,172.31.47.0-255,172,186173,96,190298
30209,0.027581,172.31.47.0-255,1109,187282,96,190298
30210,0.027632,172.31.47.0-255,1514,188796,96,190298
30211,0.027651,172.31.47.0-255,1304,190100,96,190298
30212,0.029033,104.244.42.0-255,66,190166,96,190298
30213,0.029065,104.244.42.0-255,66,190232,96,190298
30214,0.029132,104.244.42.0-255,66,190298,96,190298
30215,0.0,172.217.194.0-255,153,153,96,219082
30216,3.3e-05,172.31.47.0-255,66,219,96,219082
30217,4e-05,172.217.194.0-255,1484,1703,96,219082
30218,4.5e-05,172.31.47.0-255,66,1769,96,219082
30219,5e-05,172.217.194.0-255,2902,4671,96,219082
30220,5.4e-05,172.31.47.0-255,66,4737,96,219082
30221,6.2e-05,172.217.194.0-255,7156,11893,96,219082
30222,6.5e-05,172.31.47.0-255,66,11959,96,219082
30223,7e-05,172.217.194.0-255,3536,15495,96,219082
30224,7.2e-05,172.31.47.0-255,66,15561,96,219082
30225,8.6e-05,172.31.47.0-255,66,15627,96,219082
30226,8.9e-05,172.217.194.0-255,2543,18170,96,219082
30227,9.2e-05,172.31.47.0-255,66,18236,96,219082
30228,0.000138,172.217.194.0-255,1484,19720,96,219082
30229,0.000141,172.31.47.0-255,66,19786,96,219082
30230,0.000147,172.217.194.0-255,2902,22688,96,219082
30231,0.00015,172.31.47.0-255,66,22754,96,219082
30232,0.000154,172.217.194.0-255,1484,24238,96,219082
30233,0.000155,172.31.47.0-255,66,24304,96,219082
30234,0.000183,172.217.194.0-255,4320,28624,96,219082
30235,0.000186,172.31.47.0-255,66,28690,96,219082
30236,0.000195,172.217.194.0-255,7156,35846,96,219082
30237,0.000197,172.31.47.0-255,66,35912,96,219082
30238,0.00023,172.217.194.0-255,6797,42709,96,219082
30239,0.000232,172.31.47.0-255,66,42775,96,219082
30240,0.000243,172.31.47.0-255,66,42841,96,219082
30241,0.000246,172.217.194.0-255,1417,44258,96,219082
30242,0.000249,172.31.47.0-255,66,44324,96,219082
30243,0.000513,172.217.194.0-255,365,44689,96,219082
30244,0.000517,172.31.47.0-255,66,44755,96,219082
30245,0.000756,172.217.194.0-255,1484,46239,96,219082
30246,0.000762,172.217.194.0-255,2902,49141,96,219082
30247,0.000765,172.31.47.0-255,66,49207,96,219082
30248,0.00077,172.217.194.0-255,2902,52109,96,219082
30249,0.000781,172.31.47.0-255,66,52175,96,219082
30250,0.000783,172.217.194.0-255,2902,55077,96,219082
30251,0.000786,172.217.194.0-255,1484,56561,96,219082
30252,0.000803,172.31.47.0-255,66,56627,96,219082
30253,0.000827,172.217.194.0-255,7156,63783,96,219082
30254,0.000831,172.31.47.0-255,66,63849,96,219082
30255,0.000845,172.217.194.0-255,4320,68169,96,219082
30256,0.00085,172.31.47.0-255,66,68235,96,219082
30257,0.000856,172.217.194.0-255,2184,70419,96,219082
30258,0.000856,172.31.47.0-255,66,70485,96,219082
30259,0.000871,172.31.47.0-255,66,70551,96,219082
30260,0.001081,172.217.194.0-255,1484,72035,96,219082
30261,0.001089,172.217.194.0-255,2902,74937,96,219082
30262,0.001092,172.31.47.0-255,66,75003,96,219082
30263,0.001112,172.217.194.0-255,5738,80741,96,219082
30264,0.001205,172.217.194.0-255,4320,85061,96,219082
30265,0.001222,172.217.194.0-255,6438,91499,96,219082
30266,0.001251,172.217.194.0-255,1484,92983,96,219082
30267,0.001278,172.217.194.0-255,1484,94467,96,219082
30268,0.001304,172.217.194.0-255,4320,98787,96,219082
30269,0.001334,172.217.194.0-255,6438,105225,96,219082
30270,0.001379,172.217.194.0-255,4320,109545,96,219082
30271,0.001443,172.217.194.0-255,5020,114565,96,219082
30272,0.001501,172.217.194.0-255,1484,116049,96,219082
30273,0.001514,172.217.194.0-255,2902,118951,96,219082
30274,0.001537,172.217.194.0-255,5738,124689,96,219082
30275,0.001551,172.217.194.0-255,1484,126173,96,219082
30276,0.001627,172.217.194.0-255,1484,127657,96,219082
30277,0.001629,172.217.194.0-255,1484,129141,96,219082
30278,0.001641,172.217.194.0-255,1484,130625,96,219082
30279,0.001655,172.217.194.0-255,2902,133527,96,219082
30280,0.001669,172.217.194.0-255,2902,136429,96,219082
30281,0.001671,172.217.194.0-255,1484,137913,96,219082
30282,0.001685,172.217.194.0-255,7156,145069,96,219082
30283,0.001731,172.217.194.0-255,1484,146553,96,219082
30284,0.001848,172.217.194.0-255,1484,148037,96,219082
30285,0.001863,172.217.194.0-255,2902,150939,96,219082
30286,0.001888,172.217.194.0-255,5738,156677,96,219082
30287,0.001892,172.217.194.0-255,4320,160997,96,219082
30288,0.001906,172.217.194.0-255,5738,166735,96,219082
30289,0.001919,172.217.194.0-255,5738,172473,96,219082
30290,0.001938,172.217.194.0-255,5738,178211,96,219082
30291,0.001948,172.217.194.0-255,2184,180395,96,219082
30292,0.001983,172.217.194.0-255,1484,181879,96,219082
30293,0.001986,172.217.194.0-255,1484,183363,96,219082
30294,0.001994,172.217.194.0-255,1484,184847,96,219082
30295,0.002007,172.217.194.0-255,5738,190585,96,219082
30296,0.00204,172.217.194.0-255,4320,194905,96,219082
30297,0.002057,172.217.194.0-255,5738,200643,96,219082
30298,0.002097,172.217.194.0-255,7156,207799,96,219082
30299,0.002129,172.217.194.0-255,2902,210701,96,219082
30300,0.002178,172.217.194.0-255,3602,214303,96,219082
30301,0.002209,172.217.194.0-255,4320,218623,96,219082
30302,0.002241,172.217.194.0-255,105,218728,96,219082
30303,0.009928,172.217.194.0-255,105,218833,96,219082
30304,0.009954,172.31.47.0-255,78,218911,96,219082
30305,0.014261,172.31.47.0-255,105,219016,96,219082
30306,0.016491,172.217.194.0-255,66,219082,96,219082
30307,0.0,172.217.27.0-255,153,153,96,188263
30308,2.2e-05,172.31.47.0-255,66,219,96,188263
30309,2.9e-05,172.217.27.0-255,1484,1703,96,188263
30310,3.4e-05,172.31.47.0-255,66,1769,96,188263
30311,3.9e-05,172.217.27.0-255,2902,4671,96,188263
30312,4.1e-05,172.31.47.0-255,66,4737,96,188263
30313,4.9e-05,172.217.27.0-255,7156,11893,96,188263
30314,5.3e-05,172.31.47.0-255,66,11959,96,188263
30315,5.7e-05,172.217.27.0-255,2097,14056,96,188263
30316,5.9e-05,172.31.47.0-255,66,14122,96,188263
30317,0.000154,172.217.27.0-255,1484,15606,96,188263
30318,0.000157,172.31.47.0-255,66,15672,96,188263
30319,0.000162,172.217.27.0-255,2902,18574,96,188263
30320,0.000165,172.31.47.0-255,66,18640,96,188263
30321,0.000168,172.217.27.0-255,1484,20124,96,188263
30322,0.00017,172.31.47.0-255,66,20190,96,188263
30323,0.000185,172.217.27.0-255,2902,23092,96,188263
30324,0.000188,172.31.47.0-255,66,23158,96,188263
30325,0.000194,172.217.27.0-255,5738,28896,96,188263
30326,0.000197,172.31.47.0-255,66,28962,96,188263
30327,0.000233,172.217.27.0-255,2902,31864,96,188263
30328,0.000236,172.31.47.0-255,66,31930,96,188263
30329,0.000258,172.217.27.0-255,5379,37309,96,188263
30330,0.000261,172.31.47.0-255,66,37375,96,188263
30331,0.000272,172.31.47.0-255,66,37441,96,188263
30332,0.000295,172.217.27.0-255,2543,39984,96,188263
30333,0.000298,172.31.47.0-255,66,40050,96,188263
30334,0.000328,172.217.27.0-255,1484,41534,96,188263
30335,0.000331,172.31.47.0-255,66,41600,96,188263
30336,0.000356,172.217.27.0-255,2902,44502,96,188263
30337,0.000359,172.31.47.0-255,66,44568,96,188263
30338,0.000365,172.217.27.0-255,5738,50306,96,188263
30339,0.000368,172.31.47.0-255,66,50372,96,188263
30340,0.000371,172.217.27.0-255,1484,51856,96,188263
30341,0.000373,172.31.47.0-255,66,51922,96,188263
30342,0.000378,172.217.27.0-255,2902,54824,96,188263
30343,0.000405,172.217.27.0-255,2543,57367,96,188263
30344,0.000488,172.31.47.0-255,66,57433,96,188263
30345,0.000721,172.217.27.0-255,646,58079,96,188263
30346,0.001197,172.217.27.0-255,1484,59563,96,188263
30347,0.001201,172.31.47.0-255,66,59629,96,188263
30348,0.001207,172.217.27.0-255,2902,62531,96,188263
30349,0.00121,172.217.27.0-255,1484,64015,96,188263
30350,0.001216,172.31.47.0-255,66,64081,96,188263
30351,0.001225,172.217.27.0-255,4320,68401,96,188263
30352,0.001228,172.217.27.0-255,1484,69885,96,188263
30353,0.00123,172.31.47.0-255,66,69951,96,188263
30354,0.001257,172.217.27.0-255,5738,75689,96,188263
30355,0.00126,172.217.27.0-255,1484,77173,96,188263
30356,0.001263,172.31.47.0-255,66,77239,96,188263
30357,0.001271,172.217.27.0-255,2902,80141,96,188263
30358,0.00128,172.31.47.0-255,66,80207,96,188263
30359,0.001294,172.217.27.0-255,2184,82391,96,188263
30360,0.001305,172.31.47.0-255,66,82457,96,188263
30361,0.001519,172.217.27.0-255,1484,83941,96,188263
30362,0.001524,172.31.47.0-255,66,84007,96,188263
30363,0.001529,172.217.27.0-255,2902,86909,96,188263
30364,0.001531,172.31.47.0-255,66,86975,96,188263
30365,0.001535,172.217.27.0-255,1484,88459,96,188263
30366,0.001537,172.31.47.0-255,66,88525,96,188263
30367,0.00156,172.217.27.0-255,4320,92845,96,188263
30368,0.001565,172.217.27.0-255,2902,95747,96,188263
30369,0.001569,172.31.47.0-255,66,95813,96,188263
30370,0.001601,172.31.47.0-255,66,95879,96,188263
30371,0.001614,172.31.47.0-255,66,95945,96,188263
30372,0.001622,172.217.27.0-255,2184,98129,96,188263
30373,0.001627,172.31.47.0-255,66,98195,96,188263
30374,0.003232,172.217.27.0-255,5738,103933,96,188263
30375,0.003239,172.31.47.0-255,66,103999,96,188263
30376,0.004845,172.217.27.0-255,4320,108319,96,188263
30377,0.004856,172.217.27.0-255,1484,109803,96,188263
30378,0.007511,172.31.47.0-255,66,109869,96,188263
30379,0.00913,172.217.27.0-255,5738,115607,96,188263
30380,0.009137,172.31.47.0-255,66,115673,96,188263
30381,0.01077,172.217.27.0-255,5738,121411,96,188263
30382,0.010776,172.31.47.0-255,66,121477,96,188263
30383,0.012409,172.217.27.0-255,5738,127215,96,188263
30384,0.012415,172.31.47.0-255,66,127281,96,188263
30385,0.014043,172.217.27.0-255,5738,133019,96,188263
30386,0.014051,172.31.47.0-255,66,133085,96,188263
30387,0.015702,172.217.27.0-255,5738,138823,96,188263
30388,0.015707,172.31.47.0-255,66,138889,96,188263
30389,0.017334,172.217.27.0-255,5738,144627,96,188263
30390,0.017343,172.31.47.0-255,66,144693,96,188263
30391,0.01897,172.217.27.0-255,5738,150431,96,188263
30392,0.018977,172.31.47.0-255,66,150497,96,188263
30393,0.02059,172.217.27.0-255,5738,156235,96,188263
30394,0.020596,172.31.47.0-255,66,156301,96,188263
30395,0.022209,172.217.27.0-255,5738,162039,96,188263
30396,0.022215,172.31.47.0-255,66,162105,96,188263
30397,0.023843,172.217.27.0-255,5738,167843,96,188263
30398,0.023849,172.31.47.0-255,66,167909,96,188263
30399,0.025465,172.217.27.0-255,5738,173647,96,188263
30400,0.02547,172.31.47.0-255,66,173713,96,188263
30401,0.027095,172.217.27.0-255,4320,178033,96,188263
30402,0.027096,172.31.47.0-255,171,178204,96,188263
30403,0.027099,172.31.47.0-255,66,178270,96,188263
30404,0.027115,172.217.27.0-255,1484,179754,96,188263
30405,0.027118,172.31.47.0-255,1129,180883,96,188263
30406,0.02717,172.31.47.0-255,1514,182397,96,188263
30407,0.027172,172.31.47.0-255,1282,183679,96,188263
30408,0.028647,104.244.42.0-255,66,183745,96,188263
30409,0.028681,104.244.42.0-255,66,183811,96,188263
30410,0.028715,172.217.27.0-255,4320,188131,96,188263
30411,0.028721,172.31.47.0-255,66,188197,96,188263
30412,0.02874,104.244.42.0-255,66,188263,96,188263
30413,0.0,216.58.203.0-255,153,153,96,175595
30414,2.4e-05,172.31.47.0-255,66,219,96,175595
30415,3e-05,216.58.203.0-255,1484,1703,96,175595
30416,3.3e-05,172.31.47.0-255,66,1769,96,175595
30417,3.8e-05,216.58.203.0-255,2902,4671,96,175595
30418,4e-05,172.31.47.0-255,66,4737,96,175595
30419,7.2e-05,216.58.203.0-255,5738,10475,96,175595
30420,7.4e-05,172.31.47.0-255,66,10541,96,175595
30421,8.5e-05,216.58.203.0-255,1484,12025,96,175595
30422,8.7e-05,172.31.47.0-255,66,12091,96,175595
30423,0.000195,216.58.203.0-255,1973,14064,96,175595
30424,0.000198,172.31.47.0-255,66,14130,96,175595
30425,0.000226,216.58.203.0-255,1484,15614,96,175595
30426,0.000229,172.31.47.0-255,66,15680,96,175595
30427,0.000263,216.58.203.0-255,5738,21418,96,175595
30428,0.000267,172.31.47.0-255,66,21484,96,175595
30429,0.000349,216.58.203.0-255,2902,24386,96,175595
30430,0.000353,172.31.47.0-255,66,24452,96,175595
30431,0.000373,216.58.203.0-255,6797,31249,96,175595
30432,0.000376,172.31.47.0-255,66,31315,96,175595
30433,0.000522,216.58.203.0-255,1484,32799,96,175595
30434,0.000526,172.31.47.0-255,66,32865,96,175595
30435,0.000556,216.58.203.0-255,2902,35767,96,175595
30436,0.00056,172.31.47.0-255,66,35833,96,175595
30437,0.000598,216.58.203.0-255,2902,38735,96,175595
30438,0.000601,172.31.47.0-255,66,38801,96,175595
30439,0.000618,216.58.203.0-255,2902,41703,96,175595
30440,0.000621,172.31.47.0-255,66,41769,96,175595
30441,0.000709,216.58.203.0-255,5738,47507,96,175595
30442,0.000713,172.31.47.0-255,66,47573,96,175595
30443,0.000732,172.31.47.0-255,66,47639,96,175595
30444,0.000945,216.58.203.0-255,5738,53377,96,175595
30445,0.000949,172.31.47.0-255,66,53443,96,175595
30446,0.00097,216.58.203.0-255,4270,57713,96,175595
30447,0.00129,216.58.203.0-255,1484,59197,96,175595
30448,0.001324,216.58.203.0-255,2543,61740,96,175595
30449,0.001515,216.58.203.0-255,4320,66060,96,175595
30450,0.001936,216.58.203.0-255,2902,68962,96,175595
30451,0.001956,216.58.203.0-255,7156,76118,96,175595
30452,0.00211,216.58.203.0-255,4320,80438,96,175595
30453,0.002126,216.58.203.0-255,5738,86176,96,175595
30454,0.002136,216.58.203.0-255,2184,88360,96,175595
30455,0.002335,216.58.203.0-255,4320,92680,96,175595
30456,0.003128,172.31.47.0-255,66,92746,96,175595
30457,0.004786,216.58.203.0-255,4320,97066,96,175595
30458,0.004791,172.31.47.0-255,66,97132,96,175595
30459,0.004806,216.58.203.0-255,1484,98616,96,175595
30460,0.006449,216.58.203.0-255,4320,102936,96,175595
30461,0.006456,172.31.47.0-255,66,103002,96,175595
30462,0.00811,216.58.203.0-255,5738,108740,96,175595
30463,0.011256,172.31.47.0-255,66,108806,96,175595
30464,0.012928,216.58.203.0-255,5738,114544,96,175595
30465,0.01294,172.31.47.0-255,66,114610,96,175595
30466,0.014592,216.58.203.0-255,4320,118930,96,175595
30467,0.014597,172.31.47.0-255,66,118996,96,175595
30468,0.014628,216.58.203.0-255,1484,120480,96,175595
30469,0.016257,216.58.203.0-255,4320,124800,96,175595
30470,0.016264,172.31.47.0-255,66,124866,96,175595
30471,0.017917,216.58.203.0-255,5738,130604,96,175595
30472,0.01796,172.31.47.0-255,66,130670,96,175595
30473,0.019645,216.58.203.0-255,5738,136408,96,175595
30474,0.019652,172.31.47.0-255,66,136474,96,175595
30475,0.021323,216.58.203.0-255,5738,142212,96,175595
30476,0.02133,172.31.47.0-255,66,142278,96,175595
30477,0.02299,216.58.203.0-255,5738,148016,96,175595
30478,0.022997,172.31.47.0-255,66,148082,96,175595
30479,0.024669,216.58.203.0-255,5738,153820,96,175595
30480,0.024676,172.31.47.0-255,66,153886,96,175595
30481,0.026243,172.31.47.0-255,172,154058,96,175595
30482,0.026271,172.31.47.0-255,1111,155169,96,175595
30483,0.026314,172.31.47.0-255,1514,156683,96,175595
30484,0.026315,172.31.47.0-255,1302,157985,96,175595
30485,0.026335,216.58.203.0-255,5738,163723,96,175595
30486,0.026339,172.31.47.0-255,66,163789,96,175595
30487,0.027765,104.244.42.0-255,66,163855,96,175595
30488,0.027804,104.244.42.0-255,66,163921,96,175595
30489,0.027852,104.244.42.0-255,66,163987,96,175595
30490,0.027983,216.58.203.0-255,5738,169725,96,175595
30491,0.027987,172.31.47.0-255,66,169791,96,175595
30492,0.029644,216.58.203.0-255,5738,175529,96,175595
30493,0.029649,172.31.47.0-255,66,175595,96,175595
30494,0.0,74.125.68.0-255,153,153,96,273592
30495,1.8e-05,172.31.47.0-255,66,219,96,273592
30496,2.5e-05,74.125.68.0-255,1484,1703,96,273592
30497,3e-05,172.31.47.0-255,66,1769,96,273592
30498,9.9e-05,74.125.68.0-255,2902,4671,96,273592
30499,0.000103,172.31.47.0-255,66,4737,96,273592
30500,0.000109,74.125.68.0-255,5738,10475,96,273592
30501,0.000111,172.31.47.0-255,66,10541,96,273592
30502,0.000152,74.125.68.0-255,3554,14095,96,273592
30503,0.000156,172.31.47.0-255,66,14161,96,273592
30504,0.000376,74.125.68.0-255,1484,15645,96,273592
30505,0.000383,172.31.47.0-255,66,15711,96,273592
30506,0.000389,74.125.68.0-255,2902,18613,96,273592
30507,0.000393,172.31.47.0-255,66,18679,96,273592
30508,0.000421,74.125.68.0-255,5738,24417,96,273592
30509,0.000425,172.31.47.0-255,66,24483,96,273592
30510,0.000452,74.125.68.0-255,1484,25967,96,273592
30511,0.000455,172.31.47.0-255,66,26033,96,273592
30512,0.000484,74.125.68.0-255,5379,31412,96,273592
30513,0.000487,172.31.47.0-255,66,31478,96,273592
30514,0.00065,74.125.68.0-255,1484,32962,96,273592
30515,0.000655,172.31.47.0-255,66,33028,96,273592
30516,0.000664,74.125.68.0-255,2902,35930,96,273592
30517,0.000666,172.31.47.0-255,66,35996,96,273592
30518,0.000705,74.125.68.0-255,5738,41734,96,273592
30519,0.000708,172.31.47.0-255,66,41800,96,273592
30520,0.000713,74.125.68.0-255,2902,44702,96,273592
30521,0.000716,172.31.47.0-255,66,44768,96,273592
30522,0.000747,74.125.68.0-255,4320,49088,96,273592
30523,0.00075,172.31.47.0-255,66,49154,96,273592
30524,0.000784,74.125.68.0-255,6797,55951,96,273592
30525,0.000787,172.31.47.0-255,66,56017,96,273592
30526,0.000816,172.31.47.0-255,66,56083,96,273592
30527,0.001197,74.125.68.0-255,415,56498,96,273592
30528,0.001462,74.125.68.0-255,328,56826,96,273592
30529,0.001484,74.125.68.0-255,1484,58310,96,273592
30530,0.001488,172.31.47.0-255,66,58376,96,273592
30531,0.001494,74.125.68.0-255,2902,61278,96,273592
30532,0.001497,172.31.47.0-255,66,61344,96,273592
30533,0.00152,74.125.68.0-255,1484,62828,96,273592
30534,0.001525,74.125.68.0-255,2902,65730,96,273592
30535,0.001527,172.31.47.0-255,66,65796,96,273592
30536,0.001531,74.125.68.0-255,2902,68698,96,273592
30537,0.001533,172.31.47.0-255,66,68764,96,273592
30538,0.001565,74.125.68.0-255,5738,74502,96,273592
30539,0.001569,172.31.47.0-255,66,74568,96,273592
30540,0.001585,172.31.47.0-255,66,74634,96,273592
30541,0.001609,74.125.68.0-255,5020,79654,96,273592
30542,0.001611,172.31.47.0-255,66,79720,96,273592
30543,0.00243,74.125.68.0-255,1484,81204,96,273592
30544,0.002468,74.125.68.0-255,2902,84106,96,273592
30545,0.00247,172.31.47.0-255,66,84172,96,273592
30546,0.002526,74.125.68.0-255,2902,87074,96,273592
30547,0.002541,172.31.47.0-255,66,87140,96,273592
30548,0.002565,74.125.68.0-255,4320,91460,96,273592
30549,0.002569,172.31.47.0-255,66,91526,96,273592
30550,0.002572,74.125.68.0-255,1484,93010,96,273592
30551,0.002621,74.125.68.0-255,2902,95912,96,273592
30552,0.002624,172.31.47.0-255,66,95978,96,273592
30553,0.00266,74.125.68.0-255,1484,97462,96,273592
30554,0.002671,74.125.68.0-255,2902,100364,96,273592
30555,0.002674,172.31.47.0-255,66,100430,96,273592
30556,0.002701,74.125.68.0-255,4320,104750,96,273592
30557,0.002704,172.31.47.0-255,66,104816,96,273592
30558,0.00274,172.31.47.0-255,66,104882,96,273592
30559,0.002742,74.125.68.0-255,766,105648,96,273592
30560,0.003057,74.125.68.0-255,1484,107132,96,273592
30561,0.00306,172.31.47.0-255,66,107198,96,273592
30562,0.003065,74.125.68.0-255,2902,110100,96,273592
30563,0.003067,172.31.47.0-255,66,110166,96,273592
30564,0.0031,74.125.68.0-255,1484,111650,96,273592
30565,0.003111,74.125.68.0-255,2902,114552,96,273592
30566,0.003114,172.31.47.0-255,66,114618,96,273592
30567,0.003138,74.125.68.0-255,5738,120356,96,273592
30568,0.00314,172.31.47.0-255,66,120422,96,273592
30569,0.003172,74.125.68.0-255,7156,127578,96,273592
30570,0.003174,172.31.47.0-255,66,127644,96,273592
30571,0.003192,74.125.68.0-255,4320,131964,96,273592
30572,0.003194,172.31.47.0-255,66,132030,96,273592
30573,0.003222,172.31.47.0-255,66,132096,96,273592
30574,0.003433,74.125.68.0-255,1484,133580,96,273592
30575,0.003451,74.125.68.0-255,2902,136482,96,273592
30576,0.003454,172.31.47.0-255,66,136548,96,273592
30577,0.003487,74.125.68.0-255,5738,142286,96,273592
30578,0.00349,172.31.47.0-255,66,142352,96,273592
30579,0.0035,172.31.47.0-255,66,142418,96,273592
30580,0.003567,172.31.47.0-255,66,142484,96,273592
30581,0.003571,74.125.68.0-255,2184,144668,96,273592
30582,0.003572,172.31.47.0-255,66,144734,96,273592
30583,0.00446,74.125.68.0-255,1484,146218,96,273592
30584,0.004468,74.125.68.0-255,2902,149120,96,273592
30585,0.00447,172.31.47.0-255,66,149186,96,273592
30586,0.004496,74.125.68.0-255,5738,154924,96,273592
30587,0.004498,172.31.47.0-255,66,154990,96,273592
30588,0.004501,74.125.68.0-255,2902,157892,96,273592
30589,0.004503,172.31.47.0-255,66,157958,96,273592
30590,0.004505,74.125.68.0-255,1484,159442,96,273592
30591,0.004537,74.125.68.0-255,2902,162344,96,273592
30592,0.004539,172.31.47.0-255,66,162410,96,273592
30593,0.004547,172.31.47.0-255,66,162476,96,273592
30594,0.004554,74.125.68.0-255,2902,165378,96,273592
30595,0.004556,172.31.47.0-255,66,165444,96,273592
30596,0.004579,74.125.68.0-255,2902,168346,96,273592
30597,0.004581,172.31.47.0-255,66,168412,96,273592
30598,0.004604,74.125.68.0-255,5020,173432,96,273592
30599,0.004606,172.31.47.0-255,66,173498,96,273592
30600,0.00461,74.125.68.0-255,2902,176400,96,273592
30601,0.004611,172.31.47.0-255,66,176466,96,273592
30602,0.004633,74.125.68.0-255,2902,179368,96,273592
30603,0.004634,172.31.47.0-255,66,179434,96,273592
30604,0.00467,74.125.68.0-255,7156,186590,96,273592
30605,0.004672,172.31.47.0-255,66,186656,96,273592
30606,0.004688,74.125.68.0-255,5738,192394,96,273592
30607,0.00469,172.31.47.0-255,66,192460,96,273592
30608,0.004707,74.125.68.0-255,4320,196780,96,273592
30609,0.004708,172.31.47.0-255,66,196846,96,273592
30610,0.00474,172.31.47.0-255,66,196912,96,273592
30611,0.004903,74.125.68.0-255,1484,198396,96,273592
30612,0.004916,74.125.68.0-255,2902,201298,96,273592
30613,0.004919,172.31.47.0-255,66,201364,96,273592
30614,0.004932,74.125.68.0-255,2902,204266,96,273592
30615,0.004938,172.31.47.0-255,66,204332,96,273592
30616,0.004965,74.125.68.0-255,2902,207234,96,273592
30617,0.004967,172.31.47.0-255,66,207300,96,273592
30618,0.004973,74.125.68.0-255,5738,213038,96,273592
30619,0.004974,172.31.47.0-255,66,213104,96,273592
30620,0.004985,74.125.68.0-255,7156,220260,96,273592
30621,0.004988,172.31.47.0-255,66,220326,96,273592
30622,0.00503,172.31.47.0-255,66,220392,96,273592
30623,0.005051,74.125.68.0-255,2184,222576,96,273592
30624,0.005053,172.31.47.0-255,66,222642,96,273592
30625,0.005131,74.125.68.0-255,1484,224126,96,273592
30626,0.00514,74.125.68.0-255,2902,227028,96,273592
30627,0.005144,172.31.47.0-255,66,227094,96,273592
30628,0.005154,74.125.68.0-255,5738,232832,96,273592
30629,0.005168,172.31.47.0-255,66,232898,96,273592
30630,0.005174,74.125.68.0-255,2902,235800,96,273592
30631,0.005177,172.31.47.0-255,66,235866,96,273592
30632,0.005239,172.31.47.0-255,66,235932,96,273592
30633,0.005246,74.125.68.0-255,2902,238834,96,273592
30634,0.00525,172.31.47.0-255,66,238900,96,273592
30635,0.005319,172.31.47.0-255,66,238966,96,273592
30636,0.005344,172.31.47.0-255,66,239032,96,273592
30637,0.005351,74.125.68.0-255,4320,243352,96,273592
30638,0.005355,172.31.47.0-255,66,243418,96,273592
30639,0.005359,74.125.68.0-255,1484,244902,96,273592
30640,0.005403,74.125.68.0-255,5738,250640,96,273592
30641,0.005407,172.31.47.0-255,66,250706,96,273592
30642,0.005412,74.125.68.0-255,3602,254308,96,273592
30643,0.005415,172.31.47.0-255,66,254374,96,273592
30644,0.005418,74.125.68.0-255,1484,255858,96,273592
30645,0.005518,74.125.68.0-255,7156,263014,96,273592
30646,0.005522,172.31.47.0-255,66,263080,96,273592
30647,0.005551,172.31.47.0-255,66,263146,96,273592
30648,0.005567,172.31.47.0-255,66,263212,96,273592
30649,0.00557,74.125.68.0-255,766,263978,96,273592
30650,0.005923,74.125.68.0-255,1484,265462,96,273592
30651,0.005926,172.31.47.0-255,66,265528,96,273592
30652,0.005932,74.125.68.0-255,2902,268430,96,273592
30653,0.005934,172.31.47.0-255,66,268496,96,273592
30654,0.005979,74.125.68.0-255,2902,271398,96,273592
30655,0.005983,172.31.47.0-255,66,271464,96,273592
30656,0.006013,74.125.68.0-255,1720,273184,96,273592
30657,0.006016,172.31.47.0-255,66,273250,96,273592
30658,0.006036,74.125.68.0-255,105,273355,96,273592
30659,0.011928,172.31.47.0-255,66,273421,96,273592
30660,0.011957,172.31.47.0-255,105,273526,96,273592
30661,0.014581,74.125.68.0-255,66,273592,96,273592
30662,0.0,74.125.200.0-255,153,153,96,231783
30663,3.2e-05,172.31.47.0-255,66,219,96,231783
30664,3.9e-05,74.125.200.0-255,1484,1703,96,231783
30665,4.4e-05,172.31.47.0-255,66,1769,96,231783
30666,4.6e-05,74.125.200.0-255,1484,3253,96,231783
30667,4.9e-05,172.31.47.0-255,66,3319,96,231783
30668,5.4e-05,74.125.200.0-255,2902,6221,96,231783
30669,5.7e-05,172.31.47.0-255,66,6287,96,231783
30670,6.3e-05,74.125.200.0-255,5738,12025,96,231783
30671,6.5e-05,172.31.47.0-255,66,12091,96,231783
30672,8.8e-05,74.125.200.0-255,2170,14261,96,231783
30673,9.3e-05,172.31.47.0-255,66,14327,96,231783
30674,0.000131,74.125.200.0-255,2902,17229,96,231783
30675,0.000134,172.31.47.0-255,66,17295,96,231783
30676,0.000156,74.125.200.0-255,4320,21615,96,231783
30677,0.000158,172.31.47.0-255,66,21681,96,231783
30678,0.000184,74.125.200.0-255,4320,26001,96,231783
30679,0.000186,172.31.47.0-255,66,26067,96,231783
30680,0.000203,74.125.200.0-255,2902,28969,96,231783
30681,0.000206,172.31.47.0-255,66,29035,96,231783
30682,0.000244,74.125.200.0-255,2543,31578,96,231783
30683,0.000246,172.31.47.0-255,66,31644,96,231783
30684,0.000369,74.125.200.0-255,1484,33128,96,231783
30685,0.000373,172.31.47.0-255,66,33194,96,231783
30686,0.000392,74.125.200.0-255,2902,36096,96,231783
30687,0.000396,172.31.47.0-255,66,36162,96,231783
30688,0.000421,74.125.200.0-255,4320,40482,96,231783
30689,0.000424,172.31.47.0-255,66,40548,96,231783
30690,0.00044,74.125.200.0-255,4320,44868,96,231783
30691,0.000443,172.31.47.0-255,66,44934,96,231783
30692,0.000467,74.125.200.0-255,3961,48895,96,231783
30693,0.00047,172.31.47.0-255,66,48961,96,231783
30694,0.000481,172.31.47.0-255,66,49027,96,231783
30695,0.000484,74.125.200.0-255,1484,50511,96,231783
30696,0.000486,172.31.47.0-255,66,50577,96,231783
30697,0.00051,74.125.200.0-255,7075,57652,96,231783
30698,0.000512,172.31.47.0-255,66,57718,96,231783
30699,0.000515,74.125.200.0-255,130,57848,96,231783
30700,0.000517,74.125.200.0-255,345,58193,96,231783
30701,0.00083,172.31.47.0-255,66,58259,96,231783
30702,0.000833,74.125.200.0-255,1484,59743,96,231783
30703,0.000851,74.125.200.0-255,2902,62645,96,231783
30704,0.000854,172.31.47.0-255,66,62711,96,231783
30705,0.000874,74.125.200.0-255,5738,68449,96,231783
30706,0.000877,172.31.47.0-255,66,68515,96,231783
30707,0.00093,172.31.47.0-255,66,68581,96,231783
30708,0.000951,74.125.200.0-255,4320,72901,96,231783
30709,0.000955,172.31.47.0-255,66,72967,96,231783
30710,0.000976,74.125.200.0-255,6438,79405,96,231783
30711,0.000978,172.31.47.0-255,66,79471,96,231783
30712,0.001282,74.125.200.0-255,1484,80955,96,231783
30713,0.001292,74.125.200.0-255,2902,83857,96,231783
30714,0.001296,172.31.47.0-255,66,83923,96,231783
30715,0.0013,74.125.200.0-255,1484,85407,96,231783
30716,0.001315,74.125.200.0-255,1484,86891,96,231783
30717,0.001317,172.31.47.0-255,66,86957,96,231783
30718,0.001324,74.125.200.0-255,4320,91277,96,231783
30719,0.001326,172.31.47.0-255,66,91343,96,231783
30720,0.001359,172.31.47.0-255,66,91409,96,231783
30721,0.001364,74.125.200.0-255,2902,94311,96,231783
30722,0.001367,172.31.47.0-255,66,94377,96,231783
30723,0.00137,74.125.200.0-255,1484,95861,96,231783
30724,0.001392,74.125.200.0-255,2902,98763,96,231783
30725,0.001394,172.31.47.0-255,66,98829,96,231783
30726,0.001411,74.125.200.0-255,6438,105267,96,231783
30727,0.001414,172.31.47.0-255,66,105333,96,231783
30728,0.001728,74.125.200.0-255,1484,106817,96,231783
30729,0.001735,74.125.200.0-255,1484,108301,96,231783
30730,0.001739,172.31.47.0-255,66,108367,96,231783
30731,0.00176,74.125.200.0-255,1484,109851,96,231783
30732,0.001766,74.125.200.0-255,5738,115589,96,231783
30733,0.001768,172.31.47.0-255,66,115655,96,231783
30734,0.001772,74.125.200.0-255,2902,118557,96,231783
30735,0.001774,172.31.47.0-255,66,118623,96,231783
30736,0.001781,74.125.200.0-255,4320,122943,96,231783
30737,0.001784,172.31.47.0-255,66,123009,96,231783
30738,0.001788,74.125.200.0-255,4320,127329,96,231783
30739,0.001791,172.31.47.0-255,66,127395,96,231783
30740,0.001814,74.125.200.0-255,4320,131715,96,231783
30741,0.001822,74.125.200.0-255,7156,138871,96,231783
30742,0.001838,74.125.200.0-255,766,139637,96,231783
30743,0.001934,74.125.200.0-255,1484,141121,96,231783
30744,0.001949,74.125.200.0-255,2902,144023,96,231783
30745,0.001975,74.125.200.0-255,2902,146925,96,231783
30746,0.001986,74.125.200.0-255,1484,148409,96,231783
30747,0.001992,74.125.200.0-255,5738,154147,96,231783
30748,0.002032,74.125.200.0-255,2902,157049,96,231783
30749,0.002046,74.125.200.0-255,5020,162069,96,231783
30750,0.004901,172.31.47.0-255,66,162135,96,231783
30751,0.006922,74.125.200.0-255,5738,167873,96,231783
30752,0.00695,172.31.47.0-255,66,167939,96,231783
30753,0.00897,74.125.200.0-255,5738,173677,96,231783
30754,0.008978,172.31.47.0-255,66,173743,96,231783
30755,0.010993,74.125.200.0-255,5738,179481,96,231783
30756,0.011001,172.31.47.0-255,66,179547,96,231783
30757,0.013025,74.125.200.0-255,5738,185285,96,231783
30758,0.013035,172.31.47.0-255,66,185351,96,231783
30759,0.015073,74.125.200.0-255,5738,191089,96,231783
30760,0.015088,172.31.47.0-255,66,191155,96,231783
30761,0.017113,74.125.200.0-255,5738,196893,96,231783
30762,0.017126,172.31.47.0-255,66,196959,96,231783
30763,0.019159,74.125.200.0-255,5738,202697,96,231783
30764,0.019169,172.31.47.0-255,66,202763,96,231783
30765,0.021187,74.125.200.0-255,5738,208501,96,231783
30766,0.021195,172.31.47.0-255,66,208567,96,231783
30767,0.02324,74.125.200.0-255,5738,214305,96,231783
30768,0.023252,172.31.47.0-255,66,214371,96,231783
30769,0.025365,74.125.200.0-255,5738,220109,96,231783
30770,0.025383,172.31.47.0-255,66,220175,96,231783
30771,0.027422,74.125.200.0-255,5738,225913,96,231783
30772,0.027441,172.31.47.0-255,66,225979,96,231783
30773,0.029482,74.125.200.0-255,5738,231717,96,231783
30774,0.029497,172.31.47.0-255,66,231783,96,231783
30775,0.0,172.31.47.0-255,66,66,96,66
30776,0.0,172.217.194.0-255,146,146,96,160141
30777,2.8e-05,172.31.47.0-255,66,212,96,160141
30778,3.5e-05,172.217.194.0-255,1484,1696,96,160141
30779,3.9e-05,172.31.47.0-255,66,1762,96,160141
30780,4.3e-05,172.217.194.0-255,2902,4664,96,160141
30781,4.5e-05,172.31.47.0-255,66,4730,96,160141
30782,5.8e-05,172.217.194.0-255,7156,11886,96,160141
30783,6e-05,172.31.47.0-255,66,11952,96,160141
30784,8.6e-05,172.217.194.0-255,1987,13939,96,160141
30785,8.8e-05,172.31.47.0-255,66,14005,96,160141
30786,0.000254,172.217.194.0-255,1484,15489,96,160141
30787,0.000259,172.31.47.0-255,66,15555,96,160141
30788,0.000264,172.217.194.0-255,2902,18457,96,160141
30789,0.000266,172.31.47.0-255,66,18523,96,160141
30790,0.00027,172.217.194.0-255,2902,21425,96,160141
30791,0.000277,172.31.47.0-255,66,21491,96,160141
30792,0.000289,172.217.194.0-255,2902,24393,96,160141
30793,0.000291,172.31.47.0-255,66,24459,96,160141
30794,0.000298,172.217.194.0-255,1484,25943,96,160141
30795,0.000301,172.31.47.0-255,66,26009,96,160141
30796,0.00033,172.217.194.0-255,4320,30329,96,160141
30797,0.000333,172.31.47.0-255,66,30395,96,160141
30798,0.000364,172.217.194.0-255,5379,35774,96,160141
30799,0.000367,172.31.47.0-255,66,35840,96,160141
30800,0.000378,172.31.47.0-255,66,35906,96,160141
30801,0.000407,172.217.194.0-255,2543,38449,96,160141
30802,0.00041,172.31.47.0-255,66,38515,96,160141
30803,0.000798,172.217.194.0-255,1484,39999,96,160141
30804,0.000803,172.31.47.0-255,66,40065,96,160141
30805,0.000811,172.217.194.0-255,2902,42967,96,160141
30806,0.000814,172.31.47.0-255,66,43033,96,160141
30807,0.000825,172.217.194.0-255,5738,48771,96,160141
30808,0.000828,172.31.47.0-255,66,48837,96,160141
30809,0.000851,172.217.194.0-255,5738,54575,96,160141
30810,0.000854,172.31.47.0-255,66,54641,96,160141
30811,0.000876,172.217.194.0-255,1708,56349,96,160141
30812,0.000878,172.31.47.0-255,66,56415,96,160141
30813,0.000897,172.217.194.0-255,1484,57899,96,160141
30814,0.000899,172.31.47.0-255,66,57965,96,160141
30815,0.000903,172.217.194.0-255,1484,59449,96,160141
30816,0.000905,172.31.47.0-255,66,59515,96,160141
30817,0.000935,172.217.194.0-255,1484,60999,96,160141
30818,0.000937,172.31.47.0-255,66,61065,96,160141
30819,0.000944,172.217.194.0-255,5738,66803,96,160141
30820,0.000946,172.31.47.0-255,66,66869,96,160141
30821,0.000951,172.217.194.0-255,4320,71189,96,160141
30822,0.000955,172.31.47.0-255,66,71255,96,160141
30823,0.000974,172.217.194.0-255,2543,73798,96,160141
30824,0.000976,172.31.47.0-255,66,73864,96,160141
30825,0.000984,172.217.194.0-255,7156,81020,96,160141
30826,0.000988,172.31.47.0-255,66,81086,96,160141
30827,0.001021,172.31.47.0-255,66,81152,96,160141
30828,0.002052,172.217.194.0-255,1484,82636,96,160141
30829,0.002057,172.31.47.0-255,66,82702,96,160141
30830,0.002062,172.217.194.0-255,2902,85604,96,160141
30831,0.002064,172.31.47.0-255,66,85670,96,160141
30832,0.002089,172.217.194.0-255,5738,91408,96,160141
30833,0.002091,172.31.47.0-255,66,91474,96,160141
30834,0.002128,172.217.194.0-255,2902,94376,96,160141
30835,0.00213,172.31.47.0-255,66,94442,96,160141
30836,0.00215,172.31.47.0-255,66,94508,96,160141
30837,0.002153,172.217.194.0-255,2902,97410,96,160141
30838,0.002156,172.31.47.0-255,66,97476,96,160141
30839,0.004396,172.31.47.0-255,66,97542,96,160141
30840,0.006729,172.217.194.0-255,5738,103280,96,160141
30841,0.006735,172.31.47.0-255,66,103346,96,160141
30842,0.009065,172.217.194.0-255,5738,109084,96,160141
30843,0.009071,172.31.47.0-255,66,109150,96,160141
30844,0.011375,172.217.194.0-255,5738,114888,96,160141
30845,0.011382,172.31.47.0-255,66,114954,96,160141
30846,0.013716,172.217.194.0-255,1484,116438,96,160141
30847,0.013721,172.31.47.0-255,66,116504,96,160141
30848,0.013745,172.217.194.0-255,4320,120824,96,160141
30849,0.014266,172.31.47.0-255,66,120890,96,160141
30850,0.016037,172.217.194.0-255,1484,122374,96,160141
30851,0.016044,172.31.47.0-255,66,122440,96,160141
30852,0.016575,172.217.194.0-255,4320,126760,96,160141
30853,0.016631,172.31.47.0-255,66,126826,96,160141
30854,0.018359,172.217.194.0-255,1484,128310,96,160141
30855,0.01837,172.31.47.0-255,66,128376,96,160141
30856,0.018925,172.217.194.0-255,4320,132696,96,160141
30857,0.018965,172.31.47.0-255,66,132762,96,160141
30858,0.020714,172.217.194.0-255,1484,134246,96,160141
30859,0.021299,172.217.194.0-255,4320,138566,96,160141
30860,0.021304,172.31.47.0-255,66,138632,96,160141
30861,0.023631,172.217.194.0-255,5738,144370,96,160141
30862,0.023685,172.31.47.0-255,66,144436,96,160141
30863,0.026007,172.217.194.0-255,5738,150174,96,160141
30864,0.026013,172.31.47.0-255,66,150240,96,160141
30865,0.028339,172.217.194.0-255,5738,155978,96,160141
30866,0.028346,172.31.47.0-255,66,156044,96,160141
30867,0.029582,172.31.47.0-255,172,156216,96,160141
30868,0.029611,172.31.47.0-255,1109,157325,96,160141
30869,0.029642,172.31.47.0-255,1514,158839,96,160141
30870,0.029663,172.31.47.0-255,1302,160141,96,160141
30871,0.0,172.217.194.0-255,153,153,96,190540
30872,2.9e-05,172.31.47.0-255,66,219,96,190540
30873,3.9e-05,172.217.194.0-255,1484,1703,96,190540
30874,4.6e-05,172.31.47.0-255,66,1769,96,190540
30875,5.3e-05,172.217.194.0-255,2902,4671,96,190540
30876,5.7e-05,172.31.47.0-255,66,4737,96,190540
30877,6.6e-05,172.217.194.0-255,7156,11893,96,190540
30878,7e-05,172.31.47.0-255,66,11959,96,190540
30879,8.6e-05,172.31.47.0-255,66,12025,96,190540
30880,0.000119,172.217.194.0-255,4320,16345,96,190540
30881,0.000122,172.31.47.0-255,66,16411,96,190540
30882,0.000146,172.217.194.0-255,5379,21790,96,190540
30883,0.000149,172.31.47.0-255,66,21856,96,190540
30884,0.000413,172.217.194.0-255,1484,23340,96,190540
30885,0.000418,172.31.47.0-255,66,23406,96,190540
30886,0.000425,172.217.194.0-255,2902,26308,96,190540
30887,0.000427,172.31.47.0-255,66,26374,96,190540
30888,0.000457,172.217.194.0-255,5738,32112,96,190540
30889,0.000459,172.31.47.0-255,66,32178,96,190540
30890,0.000468,172.217.194.0-255,6797,38975,96,190540
30891,0.00047,172.31.47.0-255,66,39041,96,190540
30892,0.000473,172.217.194.0-255,1484,40525,96,190540
30893,0.000476,172.31.47.0-255,66,40591,96,190540
30894,0.000539,172.31.47.0-255,66,40657,96,190540
30895,0.000543,172.217.194.0-255,2794,43451,96,190540
30896,0.000545,172.31.47.0-255,66,43517,96,190540
30897,0.000616,172.217.194.0-255,119,43636,96,190540
30898,0.000619,172.31.47.0-255,66,43702,96,190540
30899,0.000708,172.217.194.0-255,1484,45186,96,190540
30900,0.000712,172.31.47.0-255,66,45252,96,190540
30901,0.000718,172.217.194.0-255,2902,48154,96,190540
30902,0.000721,172.31.47.0-255,66,48220,96,190540
30903,0.000726,172.217.194.0-255,2902,51122,96,190540
30904,0.000728,172.31.47.0-255,66,51188,96,190540
30905,0.000745,172.217.194.0-255,2902,54090,96,190540
30906,0.000748,172.31.47.0-255,66,54156,96,190540
30907,0.000752,172.217.194.0-255,1484,55640,96,190540
30908,0.000773,172.217.194.0-255,5379,61019,96,190540
30909,0.000776,172.31.47.0-255,66,61085,96,190540
30910,0.000782,172.217.194.0-255,4320,65405,96,190540
30911,0.000785,172.31.47.0-255,66,65471,96,190540
30912,0.000798,172.217.194.0-255,2902,68373,96,190540
30913,0.0008,172.31.47.0-255,66,68439,96,190540
30914,0.000805,172.217.194.0-255,2902,71341,96,190540
30915,0.000808,172.31.47.0-255,66,71407,96,190540
30916,0.000832,172.217.194.0-255,6797,78204,96,190540
30917,0.000835,172.31.47.0-255,66,78270,96,190540
30918,0.001961,172.217.194.0-255,1484,79754,96,190540
30919,0.001974,172.217.194.0-255,2902,82656,96,190540
30920,0.00198,172.31.47.0-255,66,82722,96,190540
30921,0.001988,172.217.194.0-255,5738,88460,96,190540
30922,0.00199,172.31.47.0-255,66,88526,96,190540
30923,0.002017,172.217.194.0-255,5738,94264,96,190540
30924,0.00202,172.31.47.0-255,66,94330,96,190540
30925,0.002046,172.217.194.0-255,7156,101486,96,190540
30926,0.002048,172.31.47.0-255,66,101552,96,190540
30927,0.002059,172.31.47.0-255,66,101618,96,190540
30928,0.002084,172.217.194.0-255,2184,103802,96,190540
30929,0.002087,172.31.47.0-255,66,103868,96,190540
30930,0.00209,172.217.194.0-255,1484,105352,96,190540
30931,0.002105,172.217.194.0-255,1484,106836,96,190540
30932,0.002107,172.31.47.0-255,66,106902,96,190540
30933,0.002116,172.217.194.0-255,4320,111222,96,190540
30934,0.002117,172.31.47.0-255,66,111288,96,190540
30935,0.002144,172.217.194.0-255,2902,114190,96,190540
30936,0.002147,172.31.47.0-255,66,114256,96,190540
30937,0.002156,172.217.194.0-255,7156,121412,96,190540
30938,0.002157,172.31.47.0-255,66,121478,96,190540
30939,0.002164,172.217.194.0-255,5738,127216,96,190540
30940,0.002167,172.31.47.0-255,66,127282,96,190540
30941,0.002196,172.31.47.0-255,66,127348,96,190540
30942,0.002199,172.217.194.0-255,766,128114,96,190540
30943,0.004551,172.217.194.0-255,4320,132434,96,190540
30944,0.004569,172.31.47.0-255,66,132500,96,190540
30945,0.006918,172.217.194.0-255,5738,138238,96,190540
30946,0.006932,172.31.47.0-255,66,138304,96,190540
30947,0.009229,172.217.194.0-255,5738,144042,96,190540
30948,0.009241,172.31.47.0-255,66,144108,96,190540
30949,0.01158,172.217.194.0-255,5738,149846,96,190540
30950,0.011606,172.31.47.0-255,66,149912,96,190540
30951,0.013924,172.217.194.0-255,5738,155650,96,190540
30952,0.013947,172.31.47.0-255,66,155716,96,190540
30953,0.016292,172.217.194.0-255,5738,161454,96,190540
30954,0.016314,172.31.47.0-255,66,161520,96,190540
30955,0.018625,172.217.194.0-255,5738,167258,96,190540
30956,0.018644,172.31.47.0-255,66,167324,96,190540
30957,0.020962,172.217.194.0-255,5738,173062,96,190540
30958,0.020978,172.31.47.0-255,66,173128,96,190540
30959,0.023308,172.217.194.0-255,5738,178866,96,190540
30960,0.023319,172.31.47.0-255,66,178932,96,190540
30961,0.025658,172.217.194.0-255,5738,184670,96,190540
30962,0.025675,172.31.47.0-255,66,184736,96,190540
30963,0.027968,172.217.194.0-255,5738,190474,96,190540
30964,0.02798,172.31.47.0-255,66,190540,96,190540
30965,0.0,74.125.200.0-255,146,146,96,273363
30966,2.6e-05,172.31.47.0-255,66,212,96,273363
30967,3.2e-05,74.125.200.0-255,1484,1696,96,273363
30968,3.6e-05,172.31.47.0-255,66,1762,96,273363
30969,3.9e-05,74.125.200.0-255,1484,3246,96,273363
30970,4.2e-05,172.31.47.0-255,66,3312,96,273363
30971,6.3e-05,74.125.200.0-255,1484,4796,96,273363
30972,6.6e-05,172.31.47.0-255,66,4862,96,273363
30973,7.2e-05,74.125.200.0-255,4320,9182,96,273363
30974,7.4e-05,172.31.47.0-255,66,9248,96,273363
30975,8.7e-05,74.125.200.0-255,2902,12150,96,273363
30976,8.9e-05,172.31.47.0-255,66,12216,96,273363
30977,9.2e-05,74.125.200.0-255,2201,14417,96,273363
30978,9.5e-05,172.31.47.0-255,66,14483,96,273363
30979,0.000179,74.125.200.0-255,1484,15967,96,273363
30980,0.000182,172.31.47.0-255,66,16033,96,273363
30981,0.000201,74.125.200.0-255,2902,18935,96,273363
30982,0.000203,172.31.47.0-255,66,19001,96,273363
30983,0.000209,74.125.200.0-255,5738,24739,96,273363
30984,0.000211,172.31.47.0-255,66,24805,96,273363
30985,0.000237,74.125.200.0-255,6797,31602,96,273363
30986,0.000239,172.31.47.0-255,66,31668,96,273363
30987,0.000259,74.125.200.0-255,7156,38824,96,273363
30988,0.000262,172.31.47.0-255,66,38890,96,273363
30989,0.000291,172.31.47.0-255,66,38956,96,273363
30990,0.000294,74.125.200.0-255,1484,40440,96,273363
30991,0.000296,172.31.47.0-255,66,40506,96,273363
30992,0.000321,172.31.47.0-255,66,40572,96,273363
30993,0.000324,74.125.200.0-255,1484,42056,96,273363
30994,0.000325,172.31.47.0-255,66,42122,96,273363
30995,0.000344,74.125.200.0-255,3602,45724,96,273363
30996,0.000347,172.31.47.0-255,66,45790,96,273363
30997,0.000361,74.125.200.0-255,398,46188,96,273363
30998,0.000364,172.31.47.0-255,66,46254,96,273363
30999,0.000401,74.125.200.0-255,346,46600,96,273363
31000,0.000404,172.31.47.0-255,66,46666,96,273363
31001,0.000586,74.125.200.0-255,1484,48150,96,273363
31002,0.00059,172.31.47.0-255,66,48216,96,273363
31003,0.000602,74.125.200.0-255,2902,51118,96,273363
31004,0.000605,74.125.200.0-255,1484,52602,96,273363
31005,0.000606,172.31.47.0-255,66,52668,96,273363
31006,0.000621,74.125.200.0-255,4320,56988,96,273363
31007,0.000624,74.125.200.0-255,1484,58472,96,273363
31008,0.000625,172.31.47.0-255,66,58538,96,273363
31009,0.00065,74.125.200.0-255,5738,64276,96,273363
31010,0.000655,74.125.200.0-255,4320,68596,96,273363
31011,0.000656,172.31.47.0-255,66,68662,96,273363
31012,0.000661,172.31.47.0-255,66,68728,96,273363
31013,0.000675,74.125.200.0-255,4320,73048,96,273363
31014,0.000681,172.31.47.0-255,66,73114,96,273363
31015,0.000695,172.31.47.0-255,66,73180,96,273363
31016,0.000791,74.125.200.0-255,1484,74664,96,273363
31017,0.000808,74.125.200.0-255,1484,76148,96,273363
31018,0.000811,172.31.47.0-255,66,76214,96,273363
31019,0.000828,74.125.200.0-255,1484,77698,96,273363
31020,0.000833,74.125.200.0-255,5738,83436,96,273363
31021,0.000836,74.125.200.0-255,2902,86338,96,273363
31022,0.00084,172.31.47.0-255,66,86404,96,273363
31023,0.000873,74.125.200.0-255,4320,90724,96,273363
31024,0.000876,172.31.47.0-255,66,90790,96,273363
31025,0.000893,74.125.200.0-255,5738,96528,96,273363
31026,0.000896,172.31.47.0-255,66,96594,96,273363
31027,0.000898,74.125.200.0-255,5738,102332,96,273363
31028,0.000907,172.31.47.0-255,66,102398,96,273363
31029,0.000945,74.125.200.0-255,5020,107418,96,273363
31030,0.000951,172.31.47.0-255,66,107484,96,273363
31031,0.000967,74.125.200.0-255,1484,108968,96,273363
31032,0.000988,74.125.200.0-255,4320,113288,96,273363
31033,0.000992,74.125.200.0-255,2902,116190,96,273363
31034,0.000995,172.31.47.0-255,66,116256,96,273363
31035,0.000995,74.125.200.0-255,2902,119158,96,273363
31036,0.000999,172.31.47.0-255,66,119224,96,273363
31037,0.001007,74.125.200.0-255,1484,120708,96,273363
31038,0.001034,172.31.47.0-255,66,120774,96,273363
31039,0.001038,74.125.200.0-255,2902,123676,96,273363
31040,0.00105,172.31.47.0-255,66,123742,96,273363
31041,0.001054,74.125.200.0-255,5738,129480,96,273363
31042,0.001065,172.31.47.0-255,66,129546,96,273363
31043,0.001097,74.125.200.0-255,3602,133148,96,273363
31044,0.001101,172.31.47.0-255,66,133214,96,273363
31045,0.001115,74.125.200.0-255,4320,137534,96,273363
31046,0.001121,172.31.47.0-255,66,137600,96,273363
31047,0.001166,172.31.47.0-255,66,137666,96,273363
31048,0.001177,172.31.47.0-255,66,137732,96,273363
31049,0.0012,74.125.200.0-255,5738,143470,96,273363
31050,0.001203,172.31.47.0-255,66,143536,96,273363
31051,0.001223,74.125.200.0-255,5020,148556,96,273363
31052,0.001232,172.31.47.0-255,66,148622,96,273363
31053,0.001292,74.125.200.0-255,1484,150106,96,273363
31054,0.001304,74.125.200.0-255,2902,153008,96,273363
31055,0.001313,172.31.47.0-255,66,153074,96,273363
31056,0.001325,74.125.200.0-255,5738,158812,96,273363
31057,0.001331,172.31.47.0-255,66,158878,96,273363
31058,0.001345,74.125.200.0-255,4320,163198,96,273363
31059,0.001348,172.31.47.0-255,66,163264,96,273363
31060,0.001365,74.125.200.0-255,4320,167584,96,273363
31061,0.001367,74.125.200.0-255,1484,169068,96,273363
31062,0.00137,172.31.47.0-255,66,169134,96,273363
31063,0.001399,74.125.200.0-255,5020,174154,96,273363
31064,0.001399,172.31.47.0-255,66,174220,96,273363
31065,0.001403,172.31.47.0-255,66,174286,96,273363
31066,0.001525,74.125.200.0-255,1484,175770,96,273363
31067,0.001541,74.125.200.0-255,2902,178672,96,273363
31068,0.001544,172.31.47.0-255,66,178738,96,273363
31069,0.001549,74.125.200.0-255,2902,181640,96,273363
31070,0.001556,172.31.47.0-255,66,181706,96,273363
31071,0.001562,74.125.200.0-255,1484,183190,96,273363
31072,0.001588,74.125.200.0-255,2902,186092,96,273363
31073,0.001593,172.31.47.0-255,66,186158,96,273363
31074,0.001613,74.125.200.0-255,5738,191896,96,273363
31075,0.00162,172.31.47.0-255,66,191962,96,273363
31076,0.001644,74.125.200.0-255,2902,194864,96,273363
31077,0.001647,172.31.47.0-255,66,194930,96,273363
31078,0.00167,74.125.200.0-255,5020,199950,96,273363
31079,0.001674,172.31.47.0-255,66,200016,96,273363
31080,0.001764,74.125.200.0-255,1484,201500,96,273363
31081,0.001769,74.125.200.0-255,2902,204402,96,273363
31082,0.001772,172.31.47.0-255,66,204468,96,273363
31083,0.001793,74.125.200.0-255,5738,210206,96,273363
31084,0.001797,74.125.200.0-255,2902,213108,96,273363
31085,0.0018,172.31.47.0-255,66,213174,96,273363
31086,0.001825,74.125.200.0-255,4320,217494,96,273363
31087,0.001832,172.31.47.0-255,66,217560,96,273363
31088,0.001842,74.125.200.0-255,5738,223298,96,273363
31089,0.001845,74.125.200.0-255,1484,224782,96,273363
31090,0.001845,172.31.47.0-255,66,224848,96,273363
31091,0.001891,172.31.47.0-255,66,224914,96,273363
31092,0.001933,172.31.47.0-255,66,224980,96,273363
31093,0.001938,74.125.200.0-255,4320,229300,96,273363
31094,0.001949,172.31.47.0-255,66,229366,96,273363
31095,0.001953,74.125.200.0-255,5738,235104,96,273363
31096,0.001961,172.31.47.0-255,66,235170,96,273363
31097,0.001982,74.125.200.0-255,766,235936,96,273363
31098,0.001983,172.31.47.0-255,66,236002,96,273363
31099,0.002015,74.125.200.0-255,2902,238904,96,273363
31100,0.002027,172.31.47.0-255,66,238970,96,273363
31101,0.002038,172.31.47.0-255,66,239036,96,273363
31102,0.002052,74.125.200.0-255,5738,244774,96,273363
31103,0.00206,172.31.47.0-255,66,244840,96,273363
31104,0.002091,172.31.47.0-255,66,244906,96,273363
31105,0.002098,74.125.200.0-255,2902,247808,96,273363
31106,0.002103,172.31.47.0-255,66,247874,96,273363
31107,0.002121,74.125.200.0-255,2902,250776,96,273363
31108,0.002127,172.31.47.0-255,66,250842,96,273363
31109,0.002135,74.125.200.0-255,2902,253744,96,273363
31110,0.002141,172.31.47.0-255,66,253810,96,273363
31111,0.002164,74.125.200.0-255,2902,256712,96,273363
31112,0.00217,172.31.47.0-255,66,256778,96,273363
31113,0.002192,172.31.47.0-255,66,256844,96,273363
31114,0.002201,74.125.200.0-255,6438,263282,96,273363
31115,0.002205,172.31.47.0-255,66,263348,96,273363
31116,0.002205,74.125.200.0-255,2433,265781,96,273363
31117,0.002208,172.31.47.0-255,66,265847,96,273363
31118,0.002225,74.125.200.0-255,105,265952,96,273363
31119,0.007161,172.31.47.0-255,66,266018,96,273363
31120,0.007185,172.31.47.0-255,105,266123,96,273363
31121,0.009473,74.125.200.0-255,66,266189,96,273363
31122,0.024386,172.31.47.0-255,172,266361,96,273363
31123,0.024414,172.31.47.0-255,1109,267470,96,273363
31124,0.024451,172.31.47.0-255,1514,268984,96,273363
31125,0.024453,172.31.47.0-255,1514,270498,96,273363
31126,0.024454,172.31.47.0-255,1514,272012,96,273363
31127,0.024455,172.31.47.0-255,1087,273099,96,273363
31128,0.025898,104.244.42.0-255,66,273165,96,273363
31129,0.02595,104.244.42.0-255,66,273231,96,273363
31130,0.026002,104.244.42.0-255,66,273297,96,273363
31131,0.026005,104.244.42.0-255,66,273363,96,273363
31132,0.0,172.217.194.0-255,153,153,96,214631
31133,2.4e-05,172.31.47.0-255,66,219,96,214631
31134,3.2e-05,172.217.194.0-255,1484,1703,96,214631
31135,3.5e-05,172.31.47.0-255,66,1769,96,214631
31136,4e-05,172.217.194.0-255,2902,4671,96,214631
31137,4.8e-05,172.31.47.0-255,66,4737,96,214631
31138,5.3e-05,172.217.194.0-255,4320,9057,96,214631
31139,5.6e-05,172.31.47.0-255,66,9123,96,214631
31140,0.000115,172.31.47.0-255,66,9189,96,214631
31141,0.000122,172.217.194.0-255,7156,16345,96,214631
31142,0.000124,172.31.47.0-255,66,16411,96,214631
31143,0.000145,172.217.194.0-255,1484,17895,96,214631
31144,0.000148,172.31.47.0-255,66,17961,96,214631
31145,0.000154,172.217.194.0-255,5379,23340,96,214631
31146,0.000161,172.31.47.0-255,66,23406,96,214631
31147,0.000187,172.217.194.0-255,5738,29144,96,214631
31148,0.000195,172.31.47.0-255,66,29210,96,214631
31149,0.00023,172.31.47.0-255,66,29276,96,214631
31150,0.000323,172.217.194.0-255,1484,30760,96,214631
31151,0.000327,172.31.47.0-255,66,30826,96,214631
31152,0.000332,172.217.194.0-255,2902,33728,96,214631
31153,0.000335,172.31.47.0-255,66,33794,96,214631
31154,0.000339,172.217.194.0-255,2902,36696,96,214631
31155,0.000348,172.31.47.0-255,66,36762,96,214631
31156,0.00038,172.217.194.0-255,2902,39664,96,214631
31157,0.000383,172.31.47.0-255,66,39730,96,214631
31158,0.00039,172.217.194.0-255,6797,46527,96,214631
31159,0.000392,172.31.47.0-255,66,46593,96,214631
31160,0.000395,172.217.194.0-255,361,46954,96,214631
31161,0.000403,172.31.47.0-255,66,47020,96,214631
31162,0.00067,172.217.194.0-255,382,47402,96,214631
31163,0.000802,172.31.47.0-255,66,47468,96,214631
31164,0.000881,172.217.194.0-255,1484,48952,96,214631
31165,0.00089,172.217.194.0-255,2902,51854,96,214631
31166,0.000893,172.31.47.0-255,66,51920,96,214631
31167,0.0009,172.217.194.0-255,5738,57658,96,214631
31168,0.000902,172.31.47.0-255,66,57724,96,214631
31169,0.000927,172.217.194.0-255,6797,64521,96,214631
31170,0.000935,172.31.47.0-255,66,64587,96,214631
31171,0.000976,172.31.47.0-255,66,64653,96,214631
31172,0.00098,172.217.194.0-255,2543,67196,96,214631
31173,0.000982,172.31.47.0-255,66,67262,96,214631
31174,0.001392,172.217.194.0-255,1484,68746,96,214631
31175,0.001402,172.217.194.0-255,2902,71648,96,214631
31176,0.001406,172.31.47.0-255,66,71714,96,214631
31177,0.001413,172.217.194.0-255,5738,77452,96,214631
31178,0.001415,172.31.47.0-255,66,77518,96,214631
31179,0.001459,172.31.47.0-255,66,77584,96,214631
31180,0.001525,172.31.47.0-255,66,77650,96,214631
31181,0.001538,172.217.194.0-255,2184,79834,96,214631
31182,0.00154,172.31.47.0-255,66,79900,96,214631
31183,0.001555,172.31.47.0-255,66,79966,96,214631
31184,0.001565,172.31.47.0-255,66,80032,96,214631
31185,0.001591,172.217.194.0-255,7156,87188,96,214631
31186,0.001593,172.31.47.0-255,66,87254,96,214631
31187,0.001618,172.217.194.0-255,3602,90856,96,214631
31188,0.001625,172.31.47.0-255,66,90922,96,214631
31189,0.001647,172.217.194.0-255,1484,92406,96,214631
31190,0.001675,172.217.194.0-255,2902,95308,96,214631
31191,0.001678,172.31.47.0-255,66,95374,96,214631
31192,0.001681,172.217.194.0-255,1484,96858,96,214631
31193,0.001704,172.217.194.0-255,4320,101178,96,214631
31194,0.001707,172.31.47.0-255,66,101244,96,214631
31195,0.001712,172.217.194.0-255,5738,106982,96,214631
31196,0.001715,172.31.47.0-255,66,107048,96,214631
31197,0.001721,172.217.194.0-255,1484,108532,96,214631
31198,0.001756,172.31.47.0-255,66,108598,96,214631
31199,0.001762,172.217.194.0-255,5020,113618,96,214631
31200,0.001764,172.31.47.0-255,66,113684,96,214631
31201,0.001785,172.217.194.0-255,5738,119422,96,214631
31202,0.001791,172.31.47.0-255,66,119488,96,214631
31203,0.001794,172.217.194.0-255,1484,120972,96,214631
31204,0.00183,172.31.47.0-255,66,121038,96,214631
31205,0.001849,172.31.47.0-255,66,121104,96,214631
31206,0.001854,172.217.194.0-255,3602,124706,96,214631
31207,0.001856,172.31.47.0-255,66,124772,96,214631
31208,0.001889,172.217.194.0-255,4320,129092,96,214631
31209,0.001893,172.31.47.0-255,66,129158,96,214631
31210,0.001903,172.31.47.0-255,66,129224,96,214631
31211,0.001924,172.31.47.0-255,66,129290,96,214631
31212,0.001946,172.217.194.0-255,1484,130774,96,214631
31213,0.001973,172.217.194.0-255,6438,137212,96,214631
31214,0.001976,172.31.47.0-255,66,137278,96,214631
31215,0.001983,172.217.194.0-255,7156,144434,96,214631
31216,0.001985,172.31.47.0-255,66,144500,96,214631
31217,0.002008,172.217.194.0-255,1484,145984,96,214631
31218,0.002011,172.217.194.0-255,1484,147468,96,214631
31219,0.002013,172.31.47.0-255,66,147534,96,214631
31220,0.002052,172.31.47.0-255,66,147600,96,214631
31221,0.002057,172.217.194.0-255,4320,151920,96,214631
31222,0.002059,172.31.47.0-255,66,151986,96,214631
31223,0.002086,172.217.194.0-255,3602,155588,96,214631
31224,0.002088,172.31.47.0-255,66,155654,96,214631
31225,0.002098,172.31.47.0-255,66,155720,96,214631
31226,0.002146,172.31.47.0-255,66,155786,96,214631
31227,0.002172,172.217.194.0-255,7156,162942,96,214631
31228,0.002174,172.31.47.0-255,66,163008,96,214631
31229,0.002181,172.217.194.0-255,6438,169446,96,214631
31230,0.002183,172.31.47.0-255,66,169512,96,214631
31231,0.002202,172.31.47.0-255,66,169578,96,214631
31232,0.002244,172.31.47.0-255,66,169644,96,214631
31233,0.004598,172.217.194.0-255,5738,175382,96,214631
31234,0.004603,172.31.47.0-255,66,175448,96,214631
31235,0.006957,172.217.194.0-255,5738,181186,96,214631
31236,0.006962,172.31.47.0-255,66,181252,96,214631
31237,0.009316,172.217.194.0-255,5738,186990,96,214631
31238,0.009322,172.31.47.0-255,66,187056,96,214631
31239,0.01168,172.217.194.0-255,4320,191376,96,214631
31240,0.011687,172.31.47.0-255,66,191442,96,214631
31241,0.011715,172.217.194.0-255,1484,192926,96,214631
31242,0.014057,172.217.194.0-255,4320,197246,96,214631
31243,0.014066,172.31.47.0-255,66,197312,96,214631
31244,0.016415,172.217.194.0-255,5738,203050,96,214631
31245,0.01642,172.31.47.0-255,66,203116,96,214631
31246,0.018761,172.217.194.0-255,5738,208854,96,214631
31247,0.018766,172.31.47.0-255,66,208920,96,214631
31248,0.02114,172.217.194.0-255,4511,213431,96,214631
31249,0.021149,172.31.47.0-255,66,213497,96,214631
31250,0.021404,172.31.47.0-255,105,213602,96,214631
31251,0.021817,172.31.47.0-255,172,213774,96,214631
31252,0.02185,172.31.47.0-255,659,214433,96,214631
31253,0.023372,104.244.42.0-255,66,214499,96,214631
31254,0.023377,104.244.42.0-255,66,214565,96,214631
31255,0.023714,172.217.194.0-255,66,214631,96,214631
31256,0.0,172.31.47.0-255,105,105,96,105
31257,0.0,172.217.160.0-255,152,152,96,168750
31258,2.1e-05,172.31.47.0-255,66,218,96,168750
31259,2.7e-05,172.217.160.0-255,1484,1702,96,168750
31260,3.1e-05,172.31.47.0-255,66,1768,96,168750
31261,3.7e-05,172.217.160.0-255,2902,4670,96,168750
31262,4e-05,172.31.47.0-255,66,4736,96,168750
31263,4.7e-05,172.217.160.0-255,7156,11892,96,168750
31264,4.9e-05,172.31.47.0-255,66,11958,96,168750
31265,7.7e-05,172.31.47.0-255,66,12024,96,168750
31266,9.6e-05,172.217.160.0-255,5738,17762,96,168750
31267,9.8e-05,172.31.47.0-255,66,17828,96,168750
31268,0.000117,172.217.160.0-255,5379,23207,96,168750
31269,0.00012,172.31.47.0-255,66,23273,96,168750
31270,0.000202,172.217.160.0-255,1484,24757,96,168750
31271,0.000205,172.31.47.0-255,66,24823,96,168750
31272,0.000211,172.217.160.0-255,2902,27725,96,168750
31273,0.000213,172.31.47.0-255,66,27791,96,168750
31274,0.000236,172.217.160.0-255,5738,33529,96,168750
31275,0.000239,172.31.47.0-255,66,33595,96,168750
31276,0.000256,172.217.160.0-255,1484,35079,96,168750
31277,0.000258,172.31.47.0-255,66,35145,96,168750
31278,0.000276,172.217.160.0-255,4320,39465,96,168750
31279,0.000278,172.31.47.0-255,66,39531,96,168750
31280,0.000295,172.217.160.0-255,5379,44910,96,168750
31281,0.000297,172.31.47.0-255,66,44976,96,168750
31282,0.000309,172.31.47.0-255,66,45042,96,168750
31283,0.000327,172.217.160.0-255,375,45417,96,168750
31284,0.000329,172.31.47.0-255,66,45483,96,168750
31285,0.000531,172.217.160.0-255,101,45584,96,168750
31286,0.000534,172.31.47.0-255,66,45650,96,168750
31287,0.00066,172.217.160.0-255,1484,47134,96,168750
31288,0.000667,172.217.160.0-255,2902,50036,96,168750
31289,0.00067,172.31.47.0-255,66,50102,96,168750
31290,0.000676,172.217.160.0-255,4320,54422,96,168750
31291,0.000679,172.31.47.0-255,66,54488,96,168750
31292,0.000691,172.217.160.0-255,1484,55972,96,168750
31293,0.000702,172.217.160.0-255,1484,57456,96,168750
31294,0.000705,172.31.47.0-255,66,57522,96,168750
31295,0.000752,172.31.47.0-255,66,57588,96,168750
31296,0.000756,172.31.47.0-255,66,57654,96,168750
31297,0.000778,172.217.160.0-255,1484,59138,96,168750
31298,0.000784,172.217.160.0-255,2902,62040,96,168750
31299,0.000786,172.31.47.0-255,66,62106,96,168750
31300,0.000815,172.217.160.0-255,5738,67844,96,168750
31301,0.000818,172.31.47.0-255,66,67910,96,168750
31302,0.000821,172.217.160.0-255,1484,69394,96,168750
31303,0.000851,172.31.47.0-255,66,69460,96,168750
31304,0.000859,172.217.160.0-255,7156,76616,96,168750
31305,0.000862,172.31.47.0-255,66,76682,96,168750
31306,0.000885,172.217.160.0-255,1484,78166,96,168750
31307,0.000896,172.31.47.0-255,66,78232,96,168750
31308,0.000921,172.217.160.0-255,766,78998,96,168750
31309,0.000934,172.31.47.0-255,66,79064,96,168750
31310,0.000977,172.217.160.0-255,7156,86220,96,168750
31311,0.00098,172.31.47.0-255,66,86286,96,168750
31312,0.001003,172.31.47.0-255,66,86352,96,168750
31313,0.001018,172.31.47.0-255,66,86418,96,168750
31314,0.001034,172.31.47.0-255,66,86484,96,168750
31315,0.001037,172.217.160.0-255,766,87250,96,168750
31316,0.001083,172.217.160.0-255,5738,92988,96,168750
31317,0.001086,172.31.47.0-255,66,93054,96,168750
31318,0.001121,172.31.47.0-255,66,93120,96,168750
31319,0.001162,172.31.47.0-255,66,93186,96,168750
31320,0.001172,172.217.160.0-255,1902,95088,96,168750
31321,0.001174,172.31.47.0-255,66,95154,96,168750
31322,0.001181,172.217.160.0-255,5738,100892,96,168750
31323,0.001183,172.31.47.0-255,66,100958,96,168750
31324,0.001219,172.31.47.0-255,66,101024,96,168750
31325,0.00125,172.31.47.0-255,66,101090,96,168750
31326,0.001256,172.217.160.0-255,3602,104692,96,168750
31327,0.001257,172.31.47.0-255,66,104758,96,168750
31328,0.001262,172.217.160.0-255,4320,109078,96,168750
31329,0.001264,172.31.47.0-255,66,109144,96,168750
31330,0.00127,172.217.160.0-255,7156,116300,96,168750
31331,0.001272,172.31.47.0-255,66,116366,96,168750
31332,0.001308,172.217.160.0-255,2902,119268,96,168750
31333,0.001312,172.31.47.0-255,66,119334,96,168750
31334,0.001324,172.31.47.0-255,66,119400,96,168750
31335,0.001328,172.217.160.0-255,2902,122302,96,168750
31336,0.00133,172.31.47.0-255,66,122368,96,168750
31337,0.001352,172.217.160.0-255,5020,127388,96,168750
31338,0.001355,172.31.47.0-255,66,127454,96,168750
31339,0.001365,172.31.47.0-255,66,127520,96,168750
31340,0.001408,172.31.47.0-255,66,127586,96,168750
31341,0.001414,172.217.160.0-255,5020,132606,96,168750
31342,0.001416,172.31.47.0-255,66,132672,96,168750
31343,0.001444,172.217.160.0-255,1484,134156,96,168750
31344,0.001449,172.217.160.0-255,2902,137058,96,168750
31345,0.001452,172.31.47.0-255,66,137124,96,168750
31346,0.001459,172.217.160.0-255,5738,142862,96,168750
31347,0.001461,172.31.47.0-255,66,142928,96,168750
31348,0.001537,172.31.47.0-255,66,142994,96,168750
31349,0.001548,172.31.47.0-255,66,143060,96,168750
31350,0.001553,172.217.160.0-255,3602,146662,96,168750
31351,0.001555,172.31.47.0-255,66,146728,96,168750
31352,0.00156,172.217.160.0-255,4320,151048,96,168750
31353,0.001562,172.31.47.0-255,66,151114,96,168750
31354,0.001573,172.31.47.0-255,66,151180,96,168750
31355,0.001593,172.217.160.0-255,1484,152664,96,168750
31356,0.001601,172.217.160.0-255,7156,159820,96,168750
31357,0.001604,172.31.47.0-255,66,159886,96,168750
31358,0.001632,172.31.47.0-255,66,159952,96,168750
31359,0.001635,172.217.160.0-255,1484,161436,96,168750
31360,0.00166,172.31.47.0-255,66,161502,96,168750
31361,0.003277,172.217.160.0-255,105,161607,96,168750
31362,0.004536,172.31.47.0-255,66,161673,96,168750
31363,0.004573,172.31.47.0-255,105,161778,96,168750
31364,0.006183,172.217.160.0-255,66,161844,96,168750
31365,0.028725,172.31.47.0-255,172,162016,96,168750
31366,0.028768,172.31.47.0-255,1109,163125,96,168750
31367,0.028824,172.31.47.0-255,1514,164639,96,168750
31368,0.028826,172.31.47.0-255,1514,166153,96,168750
31369,0.028827,172.31.47.0-255,1514,167667,96,168750
31370,0.028828,172.31.47.0-255,1083,168750,96,168750
31371,0.0,172.217.194.0-255,153,153,96,231462
31372,2.5e-05,172.31.47.0-255,66,219,96,231462
31373,3.2e-05,172.217.194.0-255,1484,1703,96,231462
31374,3.6e-05,172.31.47.0-255,66,1769,96,231462
31375,4e-05,172.217.194.0-255,2902,4671,96,231462
31376,4.2e-05,172.31.47.0-255,66,4737,96,231462
31377,4.6e-05,172.217.194.0-255,2902,7639,96,231462
31378,4.8e-05,172.31.47.0-255,66,7705,96,231462
31379,7.2e-05,172.217.194.0-255,4320,12025,96,231462
31380,7.4e-05,172.31.47.0-255,66,12091,96,231462
31381,7.7e-05,172.217.194.0-255,2144,14235,96,231462
31382,7.9e-05,172.31.47.0-255,66,14301,96,231462
31383,8.3e-05,172.217.194.0-255,2902,17203,96,231462
31384,8.4e-05,172.31.47.0-255,66,17269,96,231462
31385,8.8e-05,172.217.194.0-255,4320,21589,96,231462
31386,9.1e-05,172.31.47.0-255,66,21655,96,231462
31387,0.000107,172.217.194.0-255,2902,24557,96,231462
31388,0.000109,172.31.47.0-255,66,24623,96,231462
31389,0.000128,172.217.194.0-255,6797,31420,96,231462
31390,0.000131,172.31.47.0-255,66,31486,96,231462
31391,0.000213,172.217.194.0-255,1484,32970,96,231462
31392,0.000216,172.31.47.0-255,66,33036,96,231462
31393,0.000232,172.217.194.0-255,2902,35938,96,231462
31394,0.000235,172.31.47.0-255,66,36004,96,231462
31395,0.000261,172.217.194.0-255,5738,41742,96,231462
31396,0.000264,172.31.47.0-255,66,41808,96,231462
31397,0.000276,172.217.194.0-255,4320,46128,96,231462
31398,0.000279,172.31.47.0-255,66,46194,96,231462
31399,0.000303,172.217.194.0-255,2543,48737,96,231462
31400,0.000306,172.31.47.0-255,66,48803,96,231462
31401,0.000312,172.217.194.0-255,7156,55959,96,231462
31402,0.000314,172.31.47.0-255,66,56025,96,231462
31403,0.000368,172.217.194.0-255,117,56142,96,231462
31404,0.000369,172.217.194.0-255,377,56519,96,231462
31405,0.00037,172.31.47.0-255,66,56585,96,231462
31406,0.000687,172.31.47.0-255,66,56651,96,231462
31407,0.00076,172.217.194.0-255,1484,58135,96,231462
31408,0.000768,172.217.194.0-255,2902,61037,96,231462
31409,0.000772,172.31.47.0-255,66,61103,96,231462
31410,0.000788,172.217.194.0-255,5738,66841,96,231462
31411,0.000791,172.31.47.0-255,66,66907,96,231462
31412,0.000817,172.217.194.0-255,5738,72645,96,231462
31413,0.00082,172.31.47.0-255,66,72711,96,231462
31414,0.000845,172.217.194.0-255,7156,79867,96,231462
31415,0.000848,172.31.47.0-255,66,79933,96,231462
31416,0.00086,172.31.47.0-255,66,79999,96,231462
31417,0.000929,172.217.194.0-255,1484,81483,96,231462
31418,0.000934,172.217.194.0-255,1484,82967,96,231462
31419,0.000937,172.31.47.0-255,66,83033,96,231462
31420,0.00096,172.217.194.0-255,1484,84517,96,231462
31421,0.000967,172.217.194.0-255,5738,90255,96,231462
31422,0.000969,172.31.47.0-255,66,90321,96,231462
31423,0.000973,172.217.194.0-255,2902,93223,96,231462
31424,0.000975,172.31.47.0-255,66,93289,96,231462
31425,0.001007,172.31.47.0-255,66,93355,96,231462
31426,0.001024,172.217.194.0-255,1484,94839,96,231462
31427,0.001057,172.31.47.0-255,66,94905,96,231462
31428,0.001654,172.217.194.0-255,1484,96389,96,231462
31429,0.001661,172.217.194.0-255,1484,97873,96,231462
31430,0.001665,172.31.47.0-255,66,97939,96,231462
31431,0.001697,172.217.194.0-255,1484,99423,96,231462
31432,0.001704,172.217.194.0-255,5738,105161,96,231462
31433,0.001707,172.31.47.0-255,66,105227,96,231462
31434,0.001711,172.217.194.0-255,4320,109547,96,231462
31435,0.001713,172.31.47.0-255,66,109613,96,231462
31436,0.001717,172.217.194.0-255,4320,113933,96,231462
31437,0.001718,172.31.47.0-255,66,113999,96,231462
31438,0.001735,172.217.194.0-255,7156,121155,96,231462
31439,0.001738,172.31.47.0-255,66,121221,96,231462
31440,0.001769,172.217.194.0-255,1484,122705,96,231462
31441,0.001787,172.217.194.0-255,6438,129143,96,231462
31442,0.00179,172.31.47.0-255,66,129209,96,231462
31443,0.002116,172.217.194.0-255,1484,130693,96,231462
31444,0.002121,172.217.194.0-255,1484,132177,96,231462
31445,0.002123,172.31.47.0-255,66,132243,96,231462
31446,0.00214,172.217.194.0-255,1484,133727,96,231462
31447,0.00219,172.217.194.0-255,5738,139465,96,231462
31448,0.002193,172.31.47.0-255,66,139531,96,231462
31449,0.002196,172.217.194.0-255,1484,141015,96,231462
31450,0.002199,172.217.194.0-255,2902,143917,96,231462
31451,0.002201,172.31.47.0-255,66,143983,96,231462
31452,0.00222,172.217.194.0-255,5738,149721,96,231462
31453,0.002221,172.31.47.0-255,66,149787,96,231462
31454,0.00223,172.31.47.0-255,66,149853,96,231462
31455,0.002251,172.217.194.0-255,3602,153455,96,231462
31456,0.002253,172.31.47.0-255,66,153521,96,231462
31457,0.002256,172.217.194.0-255,1484,155005,96,231462
31458,0.002283,172.31.47.0-255,66,155071,96,231462
31459,0.002286,172.217.194.0-255,2902,157973,96,231462
31460,0.002287,172.31.47.0-255,66,158039,96,231462
31461,0.00229,172.217.194.0-255,1484,159523,96,231462
31462,0.002321,172.31.47.0-255,66,159589,96,231462
31463,0.002323,172.217.194.0-255,766,160355,96,231462
31464,0.00266,172.31.47.0-255,66,160421,96,231462
31465,0.00456,172.217.194.0-255,4320,164741,96,231462
31466,0.004564,172.31.47.0-255,66,164807,96,231462
31467,0.004908,172.217.194.0-255,1484,166291,96,231462
31468,0.00681,172.217.194.0-255,2902,169193,96,231462
31469,0.006815,172.31.47.0-255,66,169259,96,231462
31470,0.006831,172.217.194.0-255,1484,170743,96,231462
31471,0.009072,172.217.194.0-255,4320,175063,96,231462
31472,0.00908,172.31.47.0-255,66,175129,96,231462
31473,0.011365,172.217.194.0-255,5738,180867,96,231462
31474,0.011379,172.31.47.0-255,66,180933,96,231462
31475,0.013707,172.217.194.0-255,5738,186671,96,231462
31476,0.013726,172.31.47.0-255,66,186737,96,231462
31477,0.01602,172.217.194.0-255,5738,192475,96,231462
31478,0.01604,172.31.47.0-255,66,192541,96,231462
31479,0.018315,172.217.194.0-255,5738,198279,96,231462
31480,0.018333,172.31.47.0-255,66,198345,96,231462
31481,0.020626,172.217.194.0-255,5738,204083,96,231462
31482,0.020635,172.31.47.0-255,66,204149,96,231462
31483,0.022903,172.217.194.0-255,5738,209887,96,231462
31484,0.02291,172.31.47.0-255,66,209953,96,231462
31485,0.025165,172.217.194.0-255,5738,215691,96,231462
31486,0.025171,172.31.47.0-255,66,215757,96,231462
31487,0.027437,172.217.194.0-255,5738,221495,96,231462
31488,0.027445,172.31.47.0-255,66,221561,96,231462
31489,0.028535,172.31.47.0-255,172,221733,96,231462
31490,0.028577,172.31.47.0-255,1104,222837,96,231462
31491,0.028639,172.31.47.0-255,1514,224351,96,231462
31492,0.02864,172.31.47.0-255,1307,225658,96,231462
31493,0.029711,172.217.194.0-255,5738,231396,96,231462
31494,0.029718,172.31.47.0-255,66,231462,96,231462
31495,0.0,74.125.24.0-255,156,156,96,300974
31496,1.6e-05,172.31.47.0-255,66,222,96,300974
31497,2.1e-05,74.125.24.0-255,1484,1706,96,300974
31498,2.4e-05,172.31.47.0-255,66,1772,96,300974
31499,5.4e-05,74.125.24.0-255,2902,4674,96,300974
31500,5.8e-05,172.31.47.0-255,66,4740,96,300974
31501,7.3e-05,74.125.24.0-255,7156,11896,96,300974
31502,7.6e-05,172.31.47.0-255,66,11962,96,300974
31503,7.9e-05,74.125.24.0-255,1975,13937,96,300974
31504,8.1e-05,172.31.47.0-255,66,14003,96,300974
31505,0.00011,74.125.24.0-255,4320,18323,96,300974
31506,0.000113,172.31.47.0-255,66,18389,96,300974
31507,0.000131,74.125.24.0-255,1484,19873,96,300974
31508,0.000137,74.125.24.0-255,7156,27029,96,300974
31509,0.00014,172.31.47.0-255,66,27095,96,300974
31510,0.000142,172.31.47.0-255,66,27161,96,300974
31511,0.000158,74.125.24.0-255,3961,31122,96,300974
31512,0.00016,172.31.47.0-255,66,31188,96,300974
31513,0.00019,74.125.24.0-255,4320,35508,96,300974
31514,0.000192,172.31.47.0-255,66,35574,96,300974
31515,0.000208,74.125.24.0-255,1484,37058,96,300974
31516,0.00021,172.31.47.0-255,66,37124,96,300974
31517,0.000234,74.125.24.0-255,7156,44280,96,300974
31518,0.000236,172.31.47.0-255,66,44346,96,300974
31519,0.000273,74.125.24.0-255,3961,48307,96,300974
31520,0.000275,172.31.47.0-255,66,48373,96,300974
31521,0.000322,74.125.24.0-255,1484,49857,96,300974
31522,0.000324,172.31.47.0-255,66,49923,96,300974
31523,0.000328,74.125.24.0-255,1484,51407,96,300974
31524,0.000329,172.31.47.0-255,66,51473,96,300974
31525,0.000339,74.125.24.0-255,1484,52957,96,300974
31526,0.000341,172.31.47.0-255,66,53023,96,300974
31527,0.000361,74.125.24.0-255,5738,58761,96,300974
31528,0.000364,172.31.47.0-255,66,58827,96,300974
31529,0.000367,74.125.24.0-255,2902,61729,96,300974
31530,0.000369,172.31.47.0-255,66,61795,96,300974
31531,0.000416,74.125.24.0-255,4572,66367,96,300974
31532,0.000419,172.31.47.0-255,66,66433,96,300974
31533,0.000487,74.125.24.0-255,1484,67917,96,300974
31534,0.000492,74.125.24.0-255,2902,70819,96,300974
31535,0.000496,172.31.47.0-255,66,70885,96,300974
31536,0.00052,74.125.24.0-255,5738,76623,96,300974
31537,0.000524,172.31.47.0-255,66,76689,96,300974
31538,0.000528,74.125.24.0-255,4320,81009,96,300974
31539,0.000531,172.31.47.0-255,66,81075,96,300974
31540,0.000562,74.125.24.0-255,2543,83618,96,300974
31541,0.000566,172.31.47.0-255,66,83684,96,300974
31542,0.00057,74.125.24.0-255,2902,86586,96,300974
31543,0.000572,172.31.47.0-255,66,86652,96,300974
31544,0.000588,74.125.24.0-255,5738,92390,96,300974
31545,0.000591,172.31.47.0-255,66,92456,96,300974
31546,0.000613,74.125.24.0-255,1484,93940,96,300974
31547,0.00062,74.125.24.0-255,5738,99678,96,300974
31548,0.000624,172.31.47.0-255,66,99744,96,300974
31549,0.000643,74.125.24.0-255,1125,100869,96,300974
31550,0.001137,74.125.24.0-255,1484,102353,96,300974
31551,0.001142,172.31.47.0-255,66,102419,96,300974
31552,0.001147,74.125.24.0-255,2902,105321,96,300974
31553,0.001149,172.31.47.0-255,66,105387,96,300974
31554,0.001151,74.125.24.0-255,1484,106871,96,300974
31555,0.001166,74.125.24.0-255,4320,111191,96,300974
31556,0.001167,172.31.47.0-255,66,111257,96,300974
31557,0.001171,74.125.24.0-255,2902,114159,96,300974
31558,0.001173,172.31.47.0-255,66,114225,96,300974
31559,0.001191,74.125.24.0-255,4320,118545,96,300974
31560,0.001193,172.31.47.0-255,66,118611,96,300974
31561,0.001199,74.125.24.0-255,7156,125767,96,300974
31562,0.001201,172.31.47.0-255,66,125833,96,300974
31563,0.001216,74.125.24.0-255,7156,132989,96,300974
31564,0.001218,172.31.47.0-255,66,133055,96,300974
31565,0.001222,74.125.24.0-255,2184,135239,96,300974
31566,0.001223,172.31.47.0-255,66,135305,96,300974
31567,0.00125,74.125.24.0-255,2902,138207,96,300974
31568,0.001252,172.31.47.0-255,66,138273,96,300974
31569,0.00127,74.125.24.0-255,4320,142593,96,300974
31570,0.001272,172.31.47.0-255,66,142659,96,300974
31571,0.001288,74.125.24.0-255,2902,145561,96,300974
31572,0.00129,172.31.47.0-255,66,145627,96,300974
31573,0.001292,74.125.24.0-255,1484,147111,96,300974
31574,0.001296,74.125.24.0-255,2902,150013,96,300974
31575,0.001298,172.31.47.0-255,66,150079,96,300974
31576,0.00133,172.31.47.0-255,66,150145,96,300974
31577,0.001338,172.31.47.0-255,66,150211,96,300974
31578,0.001709,74.125.24.0-255,1484,151695,96,300974
31579,0.001714,74.125.24.0-255,1484,153179,96,300974
31580,0.001717,172.31.47.0-255,66,153245,96,300974
31581,0.001737,74.125.24.0-255,1484,154729,96,300974
31582,0.001743,74.125.24.0-255,5738,160467,96,300974
31583,0.001745,172.31.47.0-255,66,160533,96,300974
31584,0.001751,74.125.24.0-255,5738,166271,96,300974
31585,0.001753,172.31.47.0-255,66,166337,96,300974
31586,0.001769,74.125.24.0-255,7156,173493,96,300974
31587,0.001771,172.31.47.0-255,66,173559,96,300974
31588,0.001808,172.31.47.0-255,66,173625,96,300974
31589,0.001867,74.125.24.0-255,1484,175109,96,300974
31590,0.001872,74.125.24.0-255,2902,178011,96,300974
31591,0.001875,172.31.47.0-255,66,178077,96,300974
31592,0.001896,74.125.24.0-255,5738,183815,96,300974
31593,0.001898,172.31.47.0-255,66,183881,96,300974
31594,0.001927,172.31.47.0-255,66,183947,96,300974
31595,0.001948,74.125.24.0-255,4320,188267,96,300974
31596,0.001951,172.31.47.0-255,66,188333,96,300974
31597,0.001962,172.31.47.0-255,66,188399,96,300974
31598,0.001973,172.31.47.0-255,66,188465,96,300974
31599,0.002027,172.31.47.0-255,66,188531,96,300974
31600,0.002032,74.125.24.0-255,3602,192133,96,300974
31601,0.002035,172.31.47.0-255,66,192199,96,300974
31602,0.002096,74.125.24.0-255,1484,193683,96,300974
31603,0.002101,74.125.24.0-255,2902,196585,96,300974
31604,0.002104,172.31.47.0-255,66,196651,96,300974
31605,0.002122,74.125.24.0-255,5738,202389,96,300974
31606,0.002124,172.31.47.0-255,66,202455,96,300974
31607,0.002127,74.125.24.0-255,1484,203939,96,300974
31608,0.00215,74.125.24.0-255,4320,208259,96,300974
31609,0.002156,74.125.24.0-255,5738,213997,96,300974
31610,0.002164,172.31.47.0-255,66,214063,96,300974
31611,0.002172,172.31.47.0-255,66,214129,96,300974
31612,0.002179,74.125.24.0-255,7156,221285,96,300974
31613,0.002181,172.31.47.0-255,66,221351,96,300974
31614,0.002185,74.125.24.0-255,2902,224253,96,300974
31615,0.002187,172.31.47.0-255,66,224319,96,300974
31616,0.002207,74.125.24.0-255,2184,226503,96,300974
31617,0.002211,172.31.47.0-255,66,226569,96,300974
31618,0.00446,74.125.24.0-255,2902,229471,96,300974
31619,0.004466,172.31.47.0-255,66,229537,96,300974
31620,0.004507,74.125.24.0-255,2902,232439,96,300974
31621,0.00451,172.31.47.0-255,66,232505,96,300974
31622,0.006777,74.125.24.0-255,2902,235407,96,300974
31623,0.006782,172.31.47.0-255,66,235473,96,300974
31624,0.006807,74.125.24.0-255,2902,238375,96,300974
31625,0.00681,172.31.47.0-255,66,238441,96,300974
31626,0.009073,74.125.24.0-255,2902,241343,96,300974
31627,0.009081,172.31.47.0-255,66,241409,96,300974
31628,0.009122,74.125.24.0-255,2902,244311,96,300974
31629,0.009126,172.31.47.0-255,66,244377,96,300974
31630,0.011446,74.125.24.0-255,5738,250115,96,300974
31631,0.011458,172.31.47.0-255,66,250181,96,300974
31632,0.013776,74.125.24.0-255,5738,255919,96,300974
31633,0.013784,172.31.47.0-255,66,255985,96,300974
31634,0.016077,74.125.24.0-255,5738,261723,96,300974
31635,0.016083,172.31.47.0-255,66,261789,96,300974
31636,0.018393,74.125.24.0-255,5738,267527,96,300974
31637,0.018399,172.31.47.0-255,66,267593,96,300974
31638,0.020703,74.125.24.0-255,5738,273331,96,300974
31639,0.020715,172.31.47.0-255,66,273397,96,300974
31640,0.023022,74.125.24.0-255,5738,279135,96,300974
31641,0.023029,172.31.47.0-255,66,279201,96,300974
31642,0.023496,172.31.47.0-255,172,279373,96,300974
31643,0.023536,172.31.47.0-255,1111,280484,96,300974
31644,0.023607,172.31.47.0-255,1514,281998,96,300974
31645,0.023609,172.31.47.0-255,1300,283298,96,300974
31646,0.025041,104.244.42.0-255,66,283364,96,300974
31647,0.025092,104.244.42.0-255,66,283430,96,300974
31648,0.025184,104.244.42.0-255,66,283496,96,300974
31649,0.025324,74.125.24.0-255,5738,289234,96,300974
31650,0.025327,172.31.47.0-255,66,289300,96,300974
31651,0.027645,74.125.24.0-255,5738,295038,96,300974
31652,0.027649,172.31.47.0-255,66,295104,96,300974
31653,0.02993,74.125.24.0-255,4320,299424,96,300974
31654,0.029934,172.31.47.0-255,66,299490,96,300974
31655,0.029967,74.125.24.0-255,1484,300974,96,300974
31656,0.0,172.31.47.0-255,105,105,96,342
31657,0.001712,157.240.13.0-255,66,171,96,342
31658,0.001735,157.240.13.0-255,105,276,96,342
31659,0.001737,172.31.47.0-255,66,342,96,342
31660,0.0,172.31.47.0-255,105,105,96,276
31661,0.001458,157.240.13.0-255,105,210,96,276
31662,0.001467,172.31.47.0-255,66,276,96,276
31663,0.0,74.125.24.0-255,152,152,96,267830
31664,2.2e-05,172.31.47.0-255,66,218,96,267830
31665,3.6e-05,74.125.24.0-255,1484,1702,96,267830
31666,4e-05,172.31.47.0-255,66,1768,96,267830
31667,5.1e-05,74.125.24.0-255,2902,4670,96,267830
31668,5.3e-05,172.31.47.0-255,66,4736,96,267830
31669,8.5e-05,74.125.24.0-255,2902,7638,96,267830
31670,8.8e-05,172.31.47.0-255,66,7704,96,267830
31671,0.000117,74.125.24.0-255,4320,12024,96,267830
31672,0.00012,172.31.47.0-255,66,12090,96,267830
31673,0.000142,74.125.24.0-255,2055,14145,96,267830
31674,0.000145,172.31.47.0-255,66,14211,96,267830
31675,0.00028,74.125.24.0-255,1484,15695,96,267830
31676,0.000284,172.31.47.0-255,66,15761,96,267830
31677,0.000289,74.125.24.0-255,2902,18663,96,267830
31678,0.000292,172.31.47.0-255,66,18729,96,267830
31679,0.000322,74.125.24.0-255,5738,24467,96,267830
31680,0.000325,172.31.47.0-255,66,24533,96,267830
31681,0.000331,74.125.24.0-255,5738,30271,96,267830
31682,0.000334,172.31.47.0-255,66,30337,96,267830
31683,0.000346,74.125.24.0-255,1484,31821,96,267830
31684,0.000348,172.31.47.0-255,66,31887,96,267830
31685,0.000385,172.31.47.0-255,66,31953,96,267830
31686,0.000389,74.125.24.0-255,2902,34855,96,267830
31687,0.000392,172.31.47.0-255,66,34921,96,267830
31688,0.00042,74.125.24.0-255,1484,36405,96,267830
31689,0.000423,172.31.47.0-255,66,36471,96,267830
31690,0.000467,172.31.47.0-255,66,36537,96,267830
31691,0.00047,74.125.24.0-255,441,36978,96,267830
31692,0.000472,172.31.47.0-255,66,37044,96,267830
31693,0.001286,74.125.24.0-255,332,37376,96,267830
31694,0.001292,172.31.47.0-255,66,37442,96,267830
31695,0.001754,74.125.24.0-255,1484,38926,96,267830
31696,0.00176,172.31.47.0-255,66,38992,96,267830
31697,0.001767,74.125.24.0-255,2902,41894,96,267830
31698,0.001769,172.31.47.0-255,66,41960,96,267830
31699,0.001782,74.125.24.0-255,5738,47698,96,267830
31700,0.001784,172.31.47.0-255,66,47764,96,267830
31701,0.001787,74.125.24.0-255,1484,49248,96,267830
31702,0.001789,172.31.47.0-255,66,49314,96,267830
31703,0.001825,172.31.47.0-255,66,49380,96,267830
31704,0.001862,74.125.24.0-255,5738,55118,96,267830
31705,0.001865,172.31.47.0-255,66,55184,96,267830
31706,0.001895,74.125.24.0-255,5020,60204,96,267830
31707,0.001897,172.31.47.0-255,66,60270,96,267830
31708,0.002652,74.125.24.0-255,1484,61754,96,267830
31709,0.002659,74.125.24.0-255,1484,63238,96,267830
31710,0.002662,172.31.47.0-255,66,63304,96,267830
31711,0.002687,74.125.24.0-255,1484,64788,96,267830
31712,0.002693,74.125.24.0-255,5738,70526,96,267830
31713,0.002695,172.31.47.0-255,66,70592,96,267830
31714,0.002708,74.125.24.0-255,4320,74912,96,267830
31715,0.00271,172.31.47.0-255,66,74978,96,267830
31716,0.00274,74.125.24.0-255,5738,80716,96,267830
31717,0.002742,172.31.47.0-255,66,80782,96,267830
31718,0.002747,74.125.24.0-255,4320,85102,96,267830
31719,0.002749,172.31.47.0-255,66,85168,96,267830
31720,0.002808,172.31.47.0-255,66,85234,96,267830
31721,0.002844,74.125.24.0-255,1484,86718,96,267830
31722,0.002848,74.125.24.0-255,2902,89620,96,267830
31723,0.00285,172.31.47.0-255,66,89686,96,267830
31724,0.002854,74.125.24.0-255,2902,92588,96,267830
31725,0.002856,172.31.47.0-255,66,92654,96,267830
31726,0.002885,74.125.24.0-255,2902,95556,96,267830
31727,0.002887,172.31.47.0-255,66,95622,96,267830
31728,0.002891,74.125.24.0-255,2902,98524,96,267830
31729,0.002893,172.31.47.0-255,66,98590,96,267830
31730,0.002935,172.31.47.0-255,66,98656,96,267830
31731,0.002946,172.31.47.0-255,66,98722,96,267830
31732,0.003034,74.125.24.0-255,1484,100206,96,267830
31733,0.00305,74.125.24.0-255,2902,103108,96,267830
31734,0.003052,172.31.47.0-255,66,103174,96,267830
31735,0.003058,74.125.24.0-255,4320,107494,96,267830
31736,0.00306,172.31.47.0-255,66,107560,96,267830
31737,0.003079,74.125.24.0-255,1484,109044,96,267830
31738,0.003086,74.125.24.0-255,5738,114782,96,267830
31739,0.003088,172.31.47.0-255,66,114848,96,267830
31740,0.003115,74.125.24.0-255,7156,122004,96,267830
31741,0.003118,172.31.47.0-255,66,122070,96,267830
31742,0.003129,172.31.47.0-255,66,122136,96,267830
31743,0.003485,74.125.24.0-255,1484,123620,96,267830
31744,0.003492,74.125.24.0-255,2902,126522,96,267830
31745,0.003496,172.31.47.0-255,66,126588,96,267830
31746,0.003523,74.125.24.0-255,5738,132326,96,267830
31747,0.003527,74.125.24.0-255,2902,135228,96,267830
31748,0.003531,172.31.47.0-255,66,135294,96,267830
31749,0.003538,172.31.47.0-255,66,135360,96,267830
31750,0.003541,74.125.24.0-255,1484,136844,96,267830
31751,0.003562,74.125.24.0-255,5738,142582,96,267830
31752,0.003564,172.31.47.0-255,66,142648,96,267830
31753,0.003588,74.125.24.0-255,5738,148386,96,267830
31754,0.00359,172.31.47.0-255,66,148452,96,267830
31755,0.003599,172.31.47.0-255,66,148518,96,267830
31756,0.003628,74.125.24.0-255,1484,150002,96,267830
31757,0.003631,74.125.24.0-255,1484,151486,96,267830
31758,0.003633,172.31.47.0-255,66,151552,96,267830
31759,0.003656,74.125.24.0-255,1484,153036,96,267830
31760,0.003662,74.125.24.0-255,5738,158774,96,267830
31761,0.003664,172.31.47.0-255,66,158840,96,267830
31762,0.003695,74.125.24.0-255,5738,164578,96,267830
31763,0.003698,172.31.47.0-255,66,164644,96,267830
31764,0.003721,74.125.24.0-255,1484,166128,96,267830
31765,0.003732,172.31.47.0-255,66,166194,96,267830
31766,0.003737,74.125.24.0-255,4320,170514,96,267830
31767,0.003739,172.31.47.0-255,66,170580,96,267830
31768,0.003784,74.125.24.0-255,3602,174182,96,267830
31769,0.003787,172.31.47.0-255,66,174248,96,267830
31770,0.003885,74.125.24.0-255,1484,175732,96,267830
31771,0.0039,74.125.24.0-255,2902,178634,96,267830
31772,0.003903,172.31.47.0-255,66,178700,96,267830
31773,0.003909,74.125.24.0-255,4320,183020,96,267830
31774,0.003911,172.31.47.0-255,66,183086,96,267830
31775,0.003939,74.125.24.0-255,1484,184570,96,267830
31776,0.003951,172.31.47.0-255,66,184636,96,267830
31777,0.003964,74.125.24.0-255,4320,188956,96,267830
31778,0.00397,172.31.47.0-255,66,189022,96,267830
31779,0.003988,74.125.24.0-255,5738,194760,96,267830
31780,0.00399,172.31.47.0-255,66,194826,96,267830
31781,0.003996,74.125.24.0-255,5020,199846,96,267830
31782,0.003998,172.31.47.0-255,66,199912,96,267830
31783,0.004293,74.125.24.0-255,1484,201396,96,267830
31784,0.004299,74.125.24.0-255,2902,204298,96,267830
31785,0.004303,172.31.47.0-255,66,204364,96,267830
31786,0.004348,74.125.24.0-255,4320,208684,96,267830
31787,0.00435,172.31.47.0-255,66,208750,96,267830
31788,0.004377,74.125.24.0-255,1484,210234,96,267830
31789,0.00439,172.31.47.0-255,66,210300,96,267830
31790,0.004401,172.31.47.0-255,66,210366,96,267830
31791,0.00441,172.31.47.0-255,66,210432,96,267830
31792,0.004413,74.125.24.0-255,1484,211916,96,267830
31793,0.00444,74.125.24.0-255,5738,217654,96,267830
31794,0.004442,172.31.47.0-255,66,217720,96,267830
31795,0.004474,74.125.24.0-255,5738,223458,96,267830
31796,0.004477,172.31.47.0-255,66,223524,96,267830
31797,0.004481,74.125.24.0-255,4320,227844,96,267830
31798,0.004483,172.31.47.0-255,66,227910,96,267830
31799,0.004486,74.125.24.0-255,1484,229394,96,267830
31800,0.004497,74.125.24.0-255,7156,236550,96,267830
31801,0.004499,172.31.47.0-255,66,236616,96,267830
31802,0.004502,74.125.24.0-255,766,237382,96,267830
31803,0.004594,74.125.24.0-255,1484,238866,96,267830
31804,0.004598,172.31.47.0-255,66,238932,96,267830
31805,0.004603,74.125.24.0-255,2902,241834,96,267830
31806,0.004605,172.31.47.0-255,66,241900,96,267830
31807,0.004608,74.125.24.0-255,1484,243384,96,267830
31808,0.004637,74.125.24.0-255,4320,247704,96,267830
31809,0.004639,172.31.47.0-255,66,247770,96,267830
31810,0.004645,74.125.24.0-255,5738,253508,96,267830
31811,0.004647,172.31.47.0-255,66,253574,96,267830
31812,0.004682,74.125.24.0-255,7156,260730,96,267830
31813,0.004685,172.31.47.0-255,66,260796,96,267830
31814,0.004695,172.31.47.0-255,66,260862,96,267830
31815,0.004702,74.125.24.0-255,1484,262346,96,267830
31816,0.004734,172.31.47.0-255,66,262412,96,267830
31817,0.004736,74.125.24.0-255,979,263391,96,267830
31818,0.004781,74.125.24.0-255,105,263496,96,267830
31819,0.006403,172.31.47.0-255,66,263562,96,267830
31820,0.006449,172.31.47.0-255,105,263667,96,267830
31821,0.009004,74.125.24.0-255,66,263733,96,267830
31822,0.028726,172.31.47.0-255,172,263905,96,267830
31823,0.028771,172.31.47.0-255,1105,265010,96,267830
31824,0.028834,172.31.47.0-255,1514,266524,96,267830
31825,0.028836,172.31.47.0-255,1306,267830,96,267830
31826,0.0,74.125.24.0-255,158,158,96,192883
31827,1.7e-05,172.31.47.0-255,66,224,96,192883
31828,2.3e-05,74.125.24.0-255,1484,1708,96,192883
31829,2.6e-05,172.31.47.0-255,66,1774,96,192883
31830,3e-05,74.125.24.0-255,2902,4676,96,192883
31831,3.2e-05,172.31.47.0-255,66,4742,96,192883
31832,4.4e-05,74.125.24.0-255,7156,11898,96,192883
31833,4.7e-05,172.31.47.0-255,66,11964,96,192883
31834,5e-05,74.125.24.0-255,2014,13978,96,192883
31835,5.2e-05,172.31.47.0-255,66,14044,96,192883
31836,0.000262,74.125.24.0-255,1484,15528,96,192883
31837,0.000267,172.31.47.0-255,66,15594,96,192883
31838,0.000272,74.125.24.0-255,2902,18496,96,192883
31839,0.000275,172.31.47.0-255,66,18562,96,192883
31840,0.00028,74.125.24.0-255,5738,24300,96,192883
31841,0.000287,172.31.47.0-255,66,24366,96,192883
31842,0.000308,74.125.24.0-255,1484,25850,96,192883
31843,0.00031,172.31.47.0-255,66,25916,96,192883
31844,0.000331,74.125.24.0-255,5379,31295,96,192883
31845,0.000333,172.31.47.0-255,66,31361,96,192883
31846,0.000387,74.125.24.0-255,1484,32845,96,192883
31847,0.00039,172.31.47.0-255,66,32911,96,192883
31848,0.000395,74.125.24.0-255,2902,35813,96,192883
31849,0.000397,172.31.47.0-255,66,35879,96,192883
31850,0.000425,74.125.24.0-255,5738,41617,96,192883
31851,0.000428,172.31.47.0-255,66,41683,96,192883
31852,0.000454,74.125.24.0-255,5738,47421,96,192883
31853,0.000456,172.31.47.0-255,66,47487,96,192883
31854,0.000495,172.31.47.0-255,66,47553,96,192883
31855,0.000504,172.31.47.0-255,66,47619,96,192883
31856,0.000517,74.125.24.0-255,1396,49015,96,192883
31857,0.000554,74.125.24.0-255,417,49432,96,192883
31858,0.000557,172.31.47.0-255,66,49498,96,192883
31859,0.000715,74.125.24.0-255,1484,50982,96,192883
31860,0.00072,74.125.24.0-255,2902,53884,96,192883
31861,0.00073,172.31.47.0-255,66,53950,96,192883
31862,0.000736,74.125.24.0-255,5738,59688,96,192883
31863,0.000739,172.31.47.0-255,66,59754,96,192883
31864,0.000764,74.125.24.0-255,4320,64074,96,192883
31865,0.000767,172.31.47.0-255,66,64140,96,192883
31866,0.000805,172.31.47.0-255,66,64206,96,192883
31867,0.000812,74.125.24.0-255,7156,71362,96,192883
31868,0.000814,172.31.47.0-255,66,71428,96,192883
31869,0.000823,74.125.24.0-255,3602,75030,96,192883
31870,0.000825,172.31.47.0-255,66,75096,96,192883
31871,0.000854,74.125.24.0-255,4320,79416,96,192883
31872,0.000858,172.31.47.0-255,66,79482,96,192883
31873,0.000861,74.125.24.0-255,1484,80966,96,192883
31874,0.000889,74.125.24.0-255,7156,88122,96,192883
31875,0.000892,172.31.47.0-255,66,88188,96,192883
31876,0.000897,74.125.24.0-255,4320,92508,96,192883
31877,0.000899,172.31.47.0-255,66,92574,96,192883
31878,0.000926,172.31.47.0-255,66,92640,96,192883
31879,0.000936,74.125.24.0-255,6438,99078,96,192883
31880,0.000939,172.31.47.0-255,66,99144,96,192883
31881,0.000973,74.125.24.0-255,7156,106300,96,192883
31882,0.000978,74.125.24.0-255,4320,110620,96,192883
31883,0.000989,172.31.47.0-255,66,110686,96,192883
31884,0.000992,172.31.47.0-255,66,110752,96,192883
31885,0.000997,74.125.24.0-255,5738,116490,96,192883
31886,0.000999,172.31.47.0-255,66,116556,96,192883
31887,0.001037,74.125.24.0-255,7156,123712,96,192883
31888,0.001041,172.31.47.0-255,66,123778,96,192883
31889,0.001052,172.31.47.0-255,66,123844,96,192883
31890,0.001116,74.125.24.0-255,1484,125328,96,192883
31891,0.001126,74.125.24.0-255,1484,126812,96,192883
31892,0.001129,172.31.47.0-255,66,126878,96,192883
31893,0.001153,74.125.24.0-255,1484,128362,96,192883
31894,0.001158,74.125.24.0-255,5738,134100,96,192883
31895,0.00116,172.31.47.0-255,66,134166,96,192883
31896,0.001171,172.31.47.0-255,66,134232,96,192883
31897,0.001194,74.125.24.0-255,1484,135716,96,192883
31898,0.001204,172.31.47.0-255,66,135782,96,192883
31899,0.001272,172.31.47.0-255,66,135848,96,192883
31900,0.001275,74.125.24.0-255,2902,138750,96,192883
31901,0.001277,172.31.47.0-255,66,138816,96,192883
31902,0.001304,172.31.47.0-255,66,138882,96,192883
31903,0.00132,172.31.47.0-255,66,138948,96,192883
31904,0.001329,74.125.24.0-255,4320,143268,96,192883
31905,0.00133,172.31.47.0-255,66,143334,96,192883
31906,0.001369,172.31.47.0-255,66,143400,96,192883
31907,0.001374,74.125.24.0-255,3602,147002,96,192883
31908,0.001375,172.31.47.0-255,66,147068,96,192883
31909,0.00138,74.125.24.0-255,4320,151388,96,192883
31910,0.001381,172.31.47.0-255,66,151454,96,192883
31911,0.001384,74.125.24.0-255,1484,152938,96,192883
31912,0.001429,74.125.24.0-255,4320,157258,96,192883
31913,0.001433,172.31.47.0-255,66,157324,96,192883
31914,0.001437,172.31.47.0-255,66,157390,96,192883
31915,0.001472,172.31.47.0-255,66,157456,96,192883
31916,0.001508,74.125.24.0-255,1484,158940,96,192883
31917,0.001523,74.125.24.0-255,2902,161842,96,192883
31918,0.001533,74.125.24.0-255,2902,164744,96,192883
31919,0.00154,172.31.47.0-255,66,164810,96,192883
31920,0.00157,74.125.24.0-255,2902,167712,96,192883
31921,0.001597,74.125.24.0-255,2184,169896,96,192883
31922,0.001602,172.31.47.0-255,66,169962,96,192883
31923,0.001656,172.31.47.0-255,66,170028,96,192883
31924,0.00169,172.31.47.0-255,66,170094,96,192883
31925,0.001704,74.125.24.0-255,766,170860,96,192883
31926,0.001718,74.125.24.0-255,2902,173762,96,192883
31927,0.001728,172.31.47.0-255,66,173828,96,192883
31928,0.001754,74.125.24.0-255,7156,180984,96,192883
31929,0.001791,172.31.47.0-255,66,181050,96,192883
31930,0.001833,74.125.24.0-255,4251,185301,96,192883
31931,0.001846,172.31.47.0-255,66,185367,96,192883
31932,0.001848,74.125.24.0-255,105,185472,96,192883
31933,0.004125,172.31.47.0-255,66,185538,96,192883
31934,0.004161,172.31.47.0-255,105,185643,96,192883
31935,0.006476,74.125.24.0-255,66,185709,96,192883
31936,0.022013,172.31.47.0-255,172,185881,96,192883
31937,0.022055,172.31.47.0-255,1111,186992,96,192883
31938,0.022136,172.31.47.0-255,1514,188506,96,192883
31939,0.022138,172.31.47.0-255,1514,190020,96,192883
31940,0.022142,172.31.47.0-255,1514,191534,96,192883
31941,0.022143,172.31.47.0-255,1085,192619,96,192883
31942,0.023571,104.244.42.0-255,66,192685,96,192883
31943,0.023611,104.244.42.0-255,66,192751,96,192883
31944,0.023669,104.244.42.0-255,66,192817,96,192883
31945,0.023672,104.244.42.0-255,66,192883,96,192883
31946,0.0,74.125.24.0-255,152,152,96,267683
31947,2e-05,172.31.47.0-255,66,218,96,267683
31948,2.6e-05,74.125.24.0-255,1484,1702,96,267683
31949,3e-05,172.31.47.0-255,66,1768,96,267683
31950,3.5e-05,74.125.24.0-255,2902,4670,96,267683
31951,3.7e-05,172.31.47.0-255,66,4736,96,267683
31952,4.4e-05,74.125.24.0-255,7156,11892,96,267683
31953,4.8e-05,172.31.47.0-255,66,11958,96,267683
31954,9.8e-05,74.125.24.0-255,7156,19114,96,267683
31955,0.000103,172.31.47.0-255,66,19180,96,267683
31956,0.000133,172.31.47.0-255,66,19246,96,267683
31957,0.000136,74.125.24.0-255,2543,21789,96,267683
31958,0.000138,172.31.47.0-255,66,21855,96,267683
31959,0.000141,74.125.24.0-255,1484,23339,96,267683
31960,0.000143,172.31.47.0-255,66,23405,96,267683
31961,0.000157,74.125.24.0-255,1484,24889,96,267683
31962,0.000159,172.31.47.0-255,66,24955,96,267683
31963,0.000165,74.125.24.0-255,5738,30693,96,267683
31964,0.000168,172.31.47.0-255,66,30759,96,267683
31965,0.000186,74.125.24.0-255,1484,32243,96,267683
31966,0.000189,172.31.47.0-255,66,32309,96,267683
31967,0.000194,74.125.24.0-255,4320,36629,96,267683
31968,0.000196,172.31.47.0-255,66,36695,96,267683
31969,0.000232,74.125.24.0-255,2543,39238,96,267683
31970,0.000236,172.31.47.0-255,66,39304,96,267683
31971,0.00024,74.125.24.0-255,2902,42206,96,267683
31972,0.000242,172.31.47.0-255,66,42272,96,267683
31973,0.000248,74.125.24.0-255,5738,48010,96,267683
31974,0.00025,172.31.47.0-255,66,48076,96,267683
31975,0.000283,74.125.24.0-255,1484,49560,96,267683
31976,0.000285,172.31.47.0-255,66,49626,96,267683
31977,0.000292,74.125.24.0-255,6797,56423,96,267683
31978,0.000312,74.125.24.0-255,648,57071,96,267683
31979,0.000475,172.31.47.0-255,66,57137,96,267683
31980,0.000506,74.125.24.0-255,1484,58621,96,267683
31981,0.000512,74.125.24.0-255,2902,61523,96,267683
31982,0.000541,74.125.24.0-255,5738,67261,96,267683
31983,0.000549,172.31.47.0-255,66,67327,96,267683
31984,0.000587,74.125.24.0-255,6246,73573,96,267683
31985,0.000604,172.31.47.0-255,66,73639,96,267683
31986,0.000788,74.125.24.0-255,1484,75123,96,267683
31987,0.000794,74.125.24.0-255,2902,78025,96,267683
31988,0.000796,74.125.24.0-255,1484,79509,96,267683
31989,0.000816,74.125.24.0-255,4320,83829,96,267683
31990,0.000842,172.31.47.0-255,66,83895,96,267683
31991,0.000849,74.125.24.0-255,1484,85379,96,267683
31992,0.000854,74.125.24.0-255,5738,91117,96,267683
31993,0.000867,172.31.47.0-255,66,91183,96,267683
31994,0.000888,74.125.24.0-255,5020,96203,96,267683
31995,0.000911,74.125.24.0-255,5738,101941,96,267683
31996,0.000917,172.31.47.0-255,66,102007,96,267683
31997,0.000937,74.125.24.0-255,5738,107745,96,267683
31998,0.000961,74.125.24.0-255,7156,114901,96,267683
31999,0.000965,74.125.24.0-255,2902,117803,96,267683
32000,0.000971,172.31.47.0-255,66,117869,96,267683
32001,0.000982,74.125.24.0-255,2902,120771,96,267683
32002,0.000985,74.125.24.0-255,1484,122255,96,267683
32003,0.001002,172.31.47.0-255,66,122321,96,267683
32004,0.001026,172.31.47.0-255,66,122387,96,267683
32005,0.001039,74.125.24.0-255,1484,123871,96,267683
32006,0.001044,74.125.24.0-255,2902,126773,96,267683
32007,0.001066,74.125.24.0-255,4320,131093,96,267683
32008,0.001082,74.125.24.0-255,1484,132577,96,267683
32009,0.001086,74.125.24.0-255,4320,136897,96,267683
32010,0.001093,172.31.47.0-255,66,136963,96,267683
32011,0.001124,74.125.24.0-255,7156,144119,96,267683
32012,0.001137,74.125.24.0-255,1484,145603,96,267683
32013,0.001148,172.31.47.0-255,66,145669,96,267683
32014,0.001151,74.125.24.0-255,2184,147853,96,267683
32015,0.001156,172.31.47.0-255,66,147919,96,267683
32016,0.001242,74.125.24.0-255,1484,149403,96,267683
32017,0.001274,74.125.24.0-255,2902,152305,96,267683
32018,0.001291,172.31.47.0-255,66,152371,96,267683
32019,0.001309,74.125.24.0-255,1484,153855,96,267683
32020,0.00132,74.125.24.0-255,2902,156757,96,267683
32021,0.001327,172.31.47.0-255,66,156823,96,267683
32022,0.001351,74.125.24.0-255,5738,162561,96,267683
32023,0.001353,74.125.24.0-255,1484,164045,96,267683
32024,0.001395,74.125.24.0-255,1484,165529,96,267683
32025,0.001408,172.31.47.0-255,66,165595,96,267683
32026,0.001427,172.31.47.0-255,66,165661,96,267683
32027,0.001519,74.125.24.0-255,1484,167145,96,267683
32028,0.001536,74.125.24.0-255,2902,170047,96,267683
32029,0.001552,74.125.24.0-255,4320,174367,96,267683
32030,0.001555,172.31.47.0-255,66,174433,96,267683
32031,0.001565,172.31.47.0-255,66,174499,96,267683
32032,0.001604,74.125.24.0-255,4320,178819,96,267683
32033,0.001611,172.31.47.0-255,66,178885,96,267683
32034,0.001641,172.31.47.0-255,66,178951,96,267683
32035,0.001701,74.125.24.0-255,1484,180435,96,267683
32036,0.001705,74.125.24.0-255,1484,181919,96,267683
32037,0.001722,74.125.24.0-255,1484,183403,96,267683
32038,0.001728,74.125.24.0-255,5738,189141,96,267683
32039,0.001739,74.125.24.0-255,2902,192043,96,267683
32040,0.001743,172.31.47.0-255,66,192109,96,267683
32041,0.001767,74.125.24.0-255,7156,199265,96,267683
32042,0.001803,74.125.24.0-255,3602,202867,96,267683
32043,0.001814,172.31.47.0-255,66,202933,96,267683
32044,0.001963,74.125.24.0-255,1484,204417,96,267683
32045,0.001967,74.125.24.0-255,1484,205901,96,267683
32046,0.001972,172.31.47.0-255,66,205967,96,267683
32047,0.001979,74.125.24.0-255,1484,207451,96,267683
32048,0.001999,74.125.24.0-255,5738,213189,96,267683
32049,0.002005,172.31.47.0-255,66,213255,96,267683
32050,0.002041,172.31.47.0-255,66,213321,96,267683
32051,0.002049,74.125.24.0-255,4320,217641,96,267683
32052,0.002053,172.31.47.0-255,66,217707,96,267683
32053,0.002097,172.31.47.0-255,66,217773,96,267683
32054,0.002123,172.31.47.0-255,66,217839,96,267683
32055,0.002171,172.31.47.0-255,66,217905,96,267683
32056,0.002246,74.125.24.0-255,1484,219389,96,267683
32057,0.002251,74.125.24.0-255,2902,222291,96,267683
32058,0.002255,172.31.47.0-255,66,222357,96,267683
32059,0.002264,74.125.24.0-255,1484,223841,96,267683
32060,0.002277,74.125.24.0-255,4320,228161,96,267683
32061,0.002291,74.125.24.0-255,4320,232481,96,267683
32062,0.002311,74.125.24.0-255,2902,235383,96,267683
32063,0.002316,172.31.47.0-255,66,235449,96,267683
32064,0.00238,172.31.47.0-255,66,235515,96,267683
32065,0.004664,74.125.24.0-255,5738,241253,96,267683
32066,0.004673,172.31.47.0-255,66,241319,96,267683
32067,0.006966,74.125.24.0-255,5738,247057,96,267683
32068,0.008523,172.31.47.0-255,66,247123,96,267683
32069,0.010846,74.125.24.0-255,5738,252861,96,267683
32070,0.010856,172.31.47.0-255,66,252927,96,267683
32071,0.013146,74.125.24.0-255,5738,258665,96,267683
32072,0.013155,172.31.47.0-255,66,258731,96,267683
32073,0.015447,74.125.24.0-255,4420,263151,96,267683
32074,0.015455,172.31.47.0-255,66,263217,96,267683
32075,0.017702,172.31.47.0-255,105,263322,96,267683
32076,0.019943,74.125.24.0-255,66,263388,96,267683
32077,0.02618,172.31.47.0-255,172,263560,96,267683
32078,0.026208,172.31.47.0-255,1110,264670,96,267683
32079,0.026256,172.31.47.0-255,1514,266184,96,267683
32080,0.026258,172.31.47.0-255,1301,267485,96,267683
32081,0.027687,104.244.42.0-255,66,267551,96,267683
32082,0.02775,104.244.42.0-255,66,267617,96,267683
32083,0.027798,104.244.42.0-255,66,267683,96,267683
32084,0.0,172.217.194.0-255,298,298,96,200765
32085,3.1e-05,172.31.47.0-255,66,364,96,200765
32086,3.7e-05,172.217.194.0-255,1484,1848,96,200765
32087,4.2e-05,172.31.47.0-255,66,1914,96,200765
32088,4.7e-05,172.217.194.0-255,4320,6234,96,200765
32089,5e-05,172.31.47.0-255,66,6300,96,200765
32090,5.5e-05,172.217.194.0-255,5738,12038,96,200765
32091,5.8e-05,172.31.47.0-255,66,12104,96,200765
32092,9.2e-05,172.217.194.0-255,1812,13916,96,200765
32093,9.5e-05,172.31.47.0-255,66,13982,96,200765
32094,0.000336,172.217.194.0-255,1484,15466,96,200765
32095,0.000341,172.31.47.0-255,66,15532,96,200765
32096,0.000347,172.217.194.0-255,2902,18434,96,200765
32097,0.00035,172.31.47.0-255,66,18500,96,200765
32098,0.000353,172.217.194.0-255,1484,19984,96,200765
32099,0.000355,172.31.47.0-255,66,20050,96,200765
32100,0.000383,172.217.194.0-255,4320,24370,96,200765
32101,0.000386,172.31.47.0-255,66,24436,96,200765
32102,0.000394,172.217.194.0-255,6797,31233,96,200765
32103,0.000397,172.31.47.0-255,66,31299,96,200765
32104,0.000534,172.217.194.0-255,1484,32783,96,200765
32105,0.000538,172.31.47.0-255,66,32849,96,200765
32106,0.000559,172.217.194.0-255,2902,35751,96,200765
32107,0.000561,172.31.47.0-255,66,35817,96,200765
32108,0.000567,172.217.194.0-255,5738,41555,96,200765
32109,0.000569,172.31.47.0-255,66,41621,96,200765
32110,0.000607,172.31.47.0-255,66,41687,96,200765
32111,0.00062,172.31.47.0-255,66,41753,96,200765
32112,0.00065,172.217.194.0-255,4219,45972,96,200765
32113,0.000653,172.31.47.0-255,66,46038,96,200765
32114,0.000691,172.217.194.0-255,117,46155,96,200765
32115,0.000695,172.217.194.0-255,377,46532,96,200765
32116,0.000837,172.31.47.0-255,66,46598,96,200765
32117,0.000915,172.217.194.0-255,1484,48082,96,200765
32118,0.000933,172.217.194.0-255,2902,50984,96,200765
32119,0.000937,172.31.47.0-255,66,51050,96,200765
32120,0.000943,172.217.194.0-255,5738,56788,96,200765
32121,0.000945,172.31.47.0-255,66,56854,96,200765
32122,0.000962,172.217.194.0-255,7156,64010,96,200765
32123,0.000964,172.31.47.0-255,66,64076,96,200765
32124,0.000979,172.217.194.0-255,5738,69814,96,200765
32125,0.000981,172.31.47.0-255,66,69880,96,200765
32126,0.001005,172.217.194.0-255,5738,75618,96,200765
32127,0.001008,172.31.47.0-255,66,75684,96,200765
32128,0.001022,172.217.194.0-255,5020,80704,96,200765
32129,0.001024,172.31.47.0-255,66,80770,96,200765
32130,0.001692,172.217.194.0-255,1484,82254,96,200765
32131,0.001702,172.217.194.0-255,2902,85156,96,200765
32132,0.001705,172.31.47.0-255,66,85222,96,200765
32133,0.001712,172.217.194.0-255,5738,90960,96,200765
32134,0.001713,172.31.47.0-255,66,91026,96,200765
32135,0.001739,172.217.194.0-255,7156,98182,96,200765
32136,0.001741,172.31.47.0-255,66,98248,96,200765
32137,0.001764,172.217.194.0-255,5738,103986,96,200765
32138,0.001767,172.31.47.0-255,66,104052,96,200765
32139,0.001777,172.31.47.0-255,66,104118,96,200765
32140,0.001801,172.217.194.0-255,766,104884,96,200765
32141,0.00202,172.31.47.0-255,66,104950,96,200765
32142,0.002044,172.217.194.0-255,1484,106434,96,200765
32143,0.002049,172.217.194.0-255,2902,109336,96,200765
32144,0.002051,172.31.47.0-255,66,109402,96,200765
32145,0.002057,172.217.194.0-255,5738,115140,96,200765
32146,0.002059,172.31.47.0-255,66,115206,96,200765
32147,0.002099,172.31.47.0-255,66,115272,96,200765
32148,0.002121,172.217.194.0-255,2902,118174,96,200765
32149,0.002124,172.31.47.0-255,66,118240,96,200765
32150,0.00213,172.217.194.0-255,7156,125396,96,200765
32151,0.002132,172.31.47.0-255,66,125462,96,200765
32152,0.002156,172.217.194.0-255,3602,129064,96,200765
32153,0.002159,172.31.47.0-255,66,129130,96,200765
32154,0.004391,172.217.194.0-255,1484,130614,96,200765
32155,0.004419,172.217.194.0-255,1484,132098,96,200765
32156,0.004424,172.31.47.0-255,66,132164,96,200765
32157,0.00444,172.217.194.0-255,2902,135066,96,200765
32158,0.004442,172.31.47.0-255,66,135132,96,200765
32159,0.006717,172.217.194.0-255,5738,140870,96,200765
32160,0.006723,172.31.47.0-255,66,140936,96,200765
32161,0.009006,172.217.194.0-255,5738,146674,96,200765
32162,0.009012,172.31.47.0-255,66,146740,96,200765
32163,0.011276,172.217.194.0-255,5738,152478,96,200765
32164,0.011283,172.31.47.0-255,66,152544,96,200765
32165,0.013574,172.217.194.0-255,5738,158282,96,200765
32166,0.013582,172.31.47.0-255,66,158348,96,200765
32167,0.015875,172.217.194.0-255,5738,164086,96,200765
32168,0.015884,172.31.47.0-255,66,164152,96,200765
32169,0.018173,172.217.194.0-255,5738,169890,96,200765
32170,0.01818,172.31.47.0-255,66,169956,96,200765
32171,0.020452,172.217.194.0-255,5738,175694,96,200765
32172,0.020458,172.31.47.0-255,66,175760,96,200765
32173,0.02063,172.31.47.0-255,172,175932,96,200765
32174,0.020672,172.31.47.0-255,1111,177043,96,200765
32175,0.020732,172.31.47.0-255,1514,178557,96,200765
32176,0.020734,172.31.47.0-255,1300,179857,96,200765
32177,0.022174,104.244.42.0-255,66,179923,96,200765
32178,0.022218,104.244.42.0-255,66,179989,96,200765
32179,0.022257,104.244.42.0-255,66,180055,96,200765
32180,0.022727,172.217.194.0-255,2902,182957,96,200765
32181,0.022731,172.31.47.0-255,66,183023,96,200765
32182,0.022757,172.217.194.0-255,2902,185925,96,200765
32183,0.02276,172.31.47.0-255,66,185991,96,200765
32184,0.024979,172.217.194.0-255,2902,188893,96,200765
32185,0.024983,172.31.47.0-255,66,188959,96,200765
32186,0.025015,172.217.194.0-255,2902,191861,96,200765
32187,0.025018,172.31.47.0-255,66,191927,96,200765
32188,0.027287,172.217.194.0-255,4320,196247,96,200765
32189,0.027292,172.31.47.0-255,66,196313,96,200765
32190,0.027314,172.217.194.0-255,1484,197797,96,200765
32191,0.029573,172.217.194.0-255,2902,200699,96,200765
32192,0.029577,172.31.47.0-255,66,200765,96,200765
32193,0.0,74.125.130.0-255,159,159,96,171216
32194,2.9e-05,172.31.47.0-255,66,225,96,171216
32195,3.5e-05,74.125.130.0-255,1484,1709,96,171216
32196,3.9e-05,172.31.47.0-255,66,1775,96,171216
32197,6.2e-05,74.125.130.0-255,2902,4677,96,171216
32198,6.8e-05,172.31.47.0-255,66,4743,96,171216
32199,7.8e-05,74.125.130.0-255,1484,6227,96,171216
32200,8.3e-05,172.31.47.0-255,66,6293,96,171216
32201,0.00011,74.125.130.0-255,4320,10613,96,171216
32202,0.000113,172.31.47.0-255,66,10679,96,171216
32203,0.000116,74.125.130.0-255,1484,12163,96,171216
32204,0.000118,172.31.47.0-255,66,12229,96,171216
32205,0.000122,74.125.130.0-255,2125,14354,96,171216
32206,0.000124,172.31.47.0-255,66,14420,96,171216
32207,0.000232,74.125.130.0-255,1484,15904,96,171216
32208,0.000236,172.31.47.0-255,66,15970,96,171216
32209,0.000259,74.125.130.0-255,2902,18872,96,171216
32210,0.000262,172.31.47.0-255,66,18938,96,171216
32211,0.000317,74.125.130.0-255,1484,20422,96,171216
32212,0.00032,172.31.47.0-255,66,20488,96,171216
32213,0.000336,74.125.130.0-255,1484,21972,96,171216
32214,0.000338,172.31.47.0-255,66,22038,96,171216
32215,0.000366,74.125.130.0-255,2902,24940,96,171216
32216,0.00037,172.31.47.0-255,66,25006,96,171216
32217,0.000376,74.125.130.0-255,5738,30744,96,171216
32218,0.000378,172.31.47.0-255,66,30810,96,171216
32219,0.000381,74.125.130.0-255,1125,31935,96,171216
32220,0.000388,172.31.47.0-255,66,32001,96,171216
32221,0.000746,74.125.130.0-255,1484,33485,96,171216
32222,0.000752,172.31.47.0-255,66,33551,96,171216
32223,0.000762,74.125.130.0-255,2902,36453,96,171216
32224,0.000771,172.31.47.0-255,66,36519,96,171216
32225,0.000778,74.125.130.0-255,5738,42257,96,171216
32226,0.000779,172.31.47.0-255,66,42323,96,171216
32227,0.000828,74.125.130.0-255,6797,49120,96,171216
32228,0.000832,172.31.47.0-255,66,49186,96,171216
32229,0.00084,74.125.130.0-255,7156,56342,96,171216
32230,0.000848,172.31.47.0-255,66,56408,96,171216
32231,0.000856,74.125.130.0-255,7156,63564,96,171216
32232,0.000859,172.31.47.0-255,66,63630,96,171216
32233,0.0009,74.125.130.0-255,2832,66462,96,171216
32234,0.000905,172.31.47.0-255,66,66528,96,171216
32235,0.001021,74.125.130.0-255,100,66628,96,171216
32236,0.001134,74.125.130.0-255,362,66990,96,171216
32237,0.001615,172.31.47.0-255,66,67056,96,171216
32238,0.001633,74.125.130.0-255,1484,68540,96,171216
32239,0.00165,74.125.130.0-255,2902,71442,96,171216
32240,0.001653,172.31.47.0-255,66,71508,96,171216
32241,0.001684,74.125.130.0-255,4320,75828,96,171216
32242,0.001688,172.31.47.0-255,66,75894,96,171216
32243,0.001716,74.125.130.0-255,5738,81632,96,171216
32244,0.001719,172.31.47.0-255,66,81698,96,171216
32245,0.001747,74.125.130.0-255,2902,84600,96,171216
32246,0.00175,172.31.47.0-255,66,84666,96,171216
32247,0.001753,74.125.130.0-255,1484,86150,96,171216
32248,0.001777,74.125.130.0-255,2902,89052,96,171216
32249,0.00178,172.31.47.0-255,66,89118,96,171216
32250,0.001783,74.125.130.0-255,1484,90602,96,171216
32251,0.001805,74.125.130.0-255,2902,93504,96,171216
32252,0.001808,172.31.47.0-255,66,93570,96,171216
32253,0.001839,74.125.130.0-255,5738,99308,96,171216
32254,0.001842,172.31.47.0-255,66,99374,96,171216
32255,0.001877,74.125.130.0-255,2184,101558,96,171216
32256,0.00188,172.31.47.0-255,66,101624,96,171216
32257,0.004373,74.125.130.0-255,2902,104526,96,171216
32258,0.004376,172.31.47.0-255,66,104592,96,171216
32259,0.004407,74.125.130.0-255,2902,107494,96,171216
32260,0.00441,172.31.47.0-255,66,107560,96,171216
32261,0.006904,74.125.130.0-255,2902,110462,96,171216
32262,0.006912,172.31.47.0-255,66,110528,96,171216
32263,0.006942,74.125.130.0-255,2902,113430,96,171216
32264,0.006945,172.31.47.0-255,66,113496,96,171216
32265,0.009439,74.125.130.0-255,2902,116398,96,171216
32266,0.009447,172.31.47.0-255,66,116464,96,171216
32267,0.00948,74.125.130.0-255,2902,119366,96,171216
32268,0.009483,172.31.47.0-255,66,119432,96,171216
32269,0.011977,74.125.130.0-255,2902,122334,96,171216
32270,0.011985,172.31.47.0-255,66,122400,96,171216
32271,0.012022,74.125.130.0-255,2902,125302,96,171216
32272,0.012026,172.31.47.0-255,66,125368,96,171216
32273,0.014523,74.125.130.0-255,2902,128270,96,171216
32274,0.014539,172.31.47.0-255,66,128336,96,171216
32275,0.014579,74.125.130.0-255,2902,131238,96,171216
32276,0.014582,172.31.47.0-255,66,131304,96,171216
32277,0.017069,74.125.130.0-255,2902,134206,96,171216
32278,0.017075,172.31.47.0-255,66,134272,96,171216
32279,0.017109,74.125.130.0-255,2902,137174,96,171216
32280,0.017113,172.31.47.0-255,66,137240,96,171216
32281,0.019608,74.125.130.0-255,2902,140142,96,171216
32282,0.019612,172.31.47.0-255,66,140208,96,171216
32283,0.019645,74.125.130.0-255,2902,143110,96,171216
32284,0.019648,172.31.47.0-255,66,143176,96,171216
32285,0.022149,74.125.130.0-255,2902,146078,96,171216
32286,0.022157,172.31.47.0-255,66,146144,96,171216
32287,0.022194,74.125.130.0-255,2902,149046,96,171216
32288,0.022199,172.31.47.0-255,66,149112,96,171216
32289,0.024698,74.125.130.0-255,2902,152014,96,171216
32290,0.024704,172.31.47.0-255,66,152080,96,171216
32291,0.024727,74.125.130.0-255,2902,154982,96,171216
32292,0.024731,172.31.47.0-255,66,155048,96,171216
32293,0.025128,172.31.47.0-255,172,155220,96,171216
32294,0.025157,172.31.47.0-255,1109,156329,96,171216
32295,0.025185,172.31.47.0-255,1514,157843,96,171216
32296,0.025187,172.31.47.0-255,1303,159146,96,171216
32297,0.026706,104.244.42.0-255,66,159212,96,171216
32298,0.026714,104.244.42.0-255,66,159278,96,171216
32299,0.02674,104.244.42.0-255,66,159344,96,171216
32300,0.027288,74.125.130.0-255,2902,162246,96,171216
32301,0.027295,172.31.47.0-255,66,162312,96,171216
32302,0.02733,74.125.130.0-255,2902,165214,96,171216
32303,0.027334,172.31.47.0-255,66,165280,96,171216
32304,0.029842,74.125.130.0-255,2902,168182,96,171216
32305,0.02985,172.31.47.0-255,66,168248,96,171216
32306,0.029903,74.125.130.0-255,2902,171150,96,171216
32307,0.029906,172.31.47.0-255,66,171216,96,171216
32308,0.0,74.125.24.0-255,153,153,96,200756
32309,3e-05,172.31.47.0-255,66,219,96,200756
32310,3.6e-05,74.125.24.0-255,1484,1703,96,200756
32311,4e-05,172.31.47.0-255,66,1769,96,200756
32312,4.4e-05,74.125.24.0-255,2902,4671,96,200756
32313,4.7e-05,172.31.47.0-255,66,4737,96,200756
32314,5.3e-05,74.125.24.0-255,7156,11893,96,200756
32315,5.5e-05,172.31.47.0-255,66,11959,96,200756
32316,5.8e-05,74.125.24.0-255,1484,13443,96,200756
32317,6e-05,172.31.47.0-255,66,13509,96,200756
32318,8.8e-05,74.125.24.0-255,4972,18481,96,200756
32319,9e-05,172.31.47.0-255,66,18547,96,200756
32320,0.000108,74.125.24.0-255,2902,21449,96,200756
32321,0.000111,172.31.47.0-255,66,21515,96,200756
32322,0.000137,172.31.47.0-255,66,21581,96,200756
32323,0.000498,74.125.24.0-255,1484,23065,96,200756
32324,0.000504,172.31.47.0-255,66,23131,96,200756
32325,0.00051,74.125.24.0-255,2902,26033,96,200756
32326,0.000513,172.31.47.0-255,66,26099,96,200756
32327,0.000518,74.125.24.0-255,4320,30419,96,200756
32328,0.00052,172.31.47.0-255,66,30485,96,200756
32329,0.000526,74.125.24.0-255,5738,36223,96,200756
32330,0.000528,172.31.47.0-255,66,36289,96,200756
32331,0.000563,74.125.24.0-255,4320,40609,96,200756
32332,0.000566,172.31.47.0-255,66,40675,96,200756
32333,0.000596,172.31.47.0-255,66,40741,96,200756
32334,0.0006,74.125.24.0-255,4320,45061,96,200756
32335,0.000602,172.31.47.0-255,66,45127,96,200756
32336,0.000618,74.125.24.0-255,2543,47670,96,200756
32337,0.000621,172.31.47.0-255,66,47736,96,200756
32338,0.000655,74.125.24.0-255,415,48151,96,200756
32339,0.000813,172.31.47.0-255,66,48217,96,200756
32340,0.001101,74.125.24.0-255,329,48546,96,200756
32341,0.001286,74.125.24.0-255,1484,50030,96,200756
32342,0.001292,172.31.47.0-255,66,50096,96,200756
32343,0.0013,74.125.24.0-255,2902,52998,96,200756
32344,0.001301,172.31.47.0-255,66,53064,96,200756
32345,0.001335,74.125.24.0-255,2902,55966,96,200756
32346,0.001338,172.31.47.0-255,66,56032,96,200756
32347,0.001356,74.125.24.0-255,2902,58934,96,200756
32348,0.001359,172.31.47.0-255,66,59000,96,200756
32349,0.00137,172.31.47.0-255,66,59066,96,200756
32350,0.001381,172.31.47.0-255,66,59132,96,200756
32351,0.001387,74.125.24.0-255,3961,63093,96,200756
32352,0.001389,172.31.47.0-255,66,63159,96,200756
32353,0.00163,74.125.24.0-255,1484,64643,96,200756
32354,0.001644,74.125.24.0-255,2902,67545,96,200756
32355,0.001647,172.31.47.0-255,66,67611,96,200756
32356,0.001662,74.125.24.0-255,5738,73349,96,200756
32357,0.001664,172.31.47.0-255,66,73415,96,200756
32358,0.001683,74.125.24.0-255,1484,74899,96,200756
32359,0.001699,74.125.24.0-255,5738,80637,96,200756
32360,0.001701,172.31.47.0-255,66,80703,96,200756
32361,0.00172,74.125.24.0-255,5738,86441,96,200756
32362,0.001722,172.31.47.0-255,66,86507,96,200756
32363,0.001753,74.125.24.0-255,4320,90827,96,200756
32364,0.001755,172.31.47.0-255,66,90893,96,200756
32365,0.001775,74.125.24.0-255,6438,97331,96,200756
32366,0.001777,172.31.47.0-255,66,97397,96,200756
32367,0.001904,74.125.24.0-255,1484,98881,96,200756
32368,0.001916,74.125.24.0-255,2902,101783,96,200756
32369,0.001918,172.31.47.0-255,66,101849,96,200756
32370,0.00194,74.125.24.0-255,5738,107587,96,200756
32371,0.001942,172.31.47.0-255,66,107653,96,200756
32372,0.001946,74.125.24.0-255,4320,111973,96,200756
32373,0.001947,172.31.47.0-255,66,112039,96,200756
32374,0.001966,74.125.24.0-255,7156,119195,96,200756
32375,0.001968,172.31.47.0-255,66,119261,96,200756
32376,0.001985,74.125.24.0-255,4320,123581,96,200756
32377,0.001987,172.31.47.0-255,66,123647,96,200756
32378,0.002014,172.31.47.0-255,66,123713,96,200756
32379,0.004023,74.125.24.0-255,4320,128033,96,200756
32380,0.004027,172.31.47.0-255,66,128099,96,200756
32381,0.004043,74.125.24.0-255,1484,129583,96,200756
32382,0.006026,74.125.24.0-255,4320,133903,96,200756
32383,0.006033,172.31.47.0-255,66,133969,96,200756
32384,0.008047,74.125.24.0-255,5738,139707,96,200756
32385,0.008054,172.31.47.0-255,66,139773,96,200756
32386,0.010066,74.125.24.0-255,5738,145511,96,200756
32387,0.010073,172.31.47.0-255,66,145577,96,200756
32388,0.012067,74.125.24.0-255,5738,151315,96,200756
32389,0.012075,172.31.47.0-255,66,151381,96,200756
32390,0.014084,74.125.24.0-255,4320,155701,96,200756
32391,0.01409,172.31.47.0-255,66,155767,96,200756
32392,0.014111,74.125.24.0-255,1484,157251,96,200756
32393,0.016118,74.125.24.0-255,4320,161571,96,200756
32394,0.016126,172.31.47.0-255,66,161637,96,200756
32395,0.01813,74.125.24.0-255,5738,167375,96,200756
32396,0.018138,172.31.47.0-255,66,167441,96,200756
32397,0.020139,74.125.24.0-255,5738,173179,96,200756
32398,0.020145,172.31.47.0-255,66,173245,96,200756
32399,0.02215,74.125.24.0-255,5738,178983,96,200756
32400,0.022156,172.31.47.0-255,66,179049,96,200756
32401,0.022952,172.31.47.0-255,172,179221,96,200756
32402,0.022991,172.31.47.0-255,1101,180322,96,200756
32403,0.02306,172.31.47.0-255,1514,181836,96,200756
32404,0.023061,172.31.47.0-255,1310,183146,96,200756
32405,0.024181,74.125.24.0-255,5738,188884,96,200756
32406,0.024186,172.31.47.0-255,66,188950,96,200756
32407,0.024533,104.244.42.0-255,66,189016,96,200756
32408,0.02456,104.244.42.0-255,66,189082,96,200756
32409,0.024625,104.244.42.0-255,66,189148,96,200756
32410,0.026202,74.125.24.0-255,5738,194886,96,200756
32411,0.026208,172.31.47.0-255,66,194952,96,200756
32412,0.028223,74.125.24.0-255,5738,200690,96,200756
32413,0.028229,172.31.47.0-255,66,200756,96,200756
32414,0.0,74.125.24.0-255,153,153,96,174709
32415,1.6e-05,172.31.47.0-255,66,219,96,174709
32416,2.3e-05,74.125.24.0-255,1484,1703,96,174709
32417,2.7e-05,172.31.47.0-255,66,1769,96,174709
32418,3.3e-05,74.125.24.0-255,2902,4671,96,174709
32419,3.7e-05,172.31.47.0-255,66,4737,96,174709
32420,7e-05,74.125.24.0-255,5738,10475,96,174709
32421,7.3e-05,172.31.47.0-255,66,10541,96,174709
32422,8.7e-05,74.125.24.0-255,1484,12025,96,174709
32423,8.9e-05,172.31.47.0-255,66,12091,96,174709
32424,0.00012,74.125.24.0-255,2182,14273,96,174709
32425,0.000123,172.31.47.0-255,66,14339,96,174709
32426,0.000141,74.125.24.0-255,2902,17241,96,174709
32427,0.000144,172.31.47.0-255,66,17307,96,174709
32428,0.000166,74.125.24.0-255,7156,24463,96,174709
32429,0.000168,172.31.47.0-255,66,24529,96,174709
32430,0.000192,74.125.24.0-255,6797,31326,96,174709
32431,0.000194,172.31.47.0-255,66,31392,96,174709
32432,0.000314,74.125.24.0-255,1484,32876,96,174709
32433,0.000319,172.31.47.0-255,66,32942,96,174709
32434,0.000339,74.125.24.0-255,2902,35844,96,174709
32435,0.000341,172.31.47.0-255,66,35910,96,174709
32436,0.000366,74.125.24.0-255,5738,41648,96,174709
32437,0.00037,172.31.47.0-255,66,41714,96,174709
32438,0.000385,74.125.24.0-255,5738,47452,96,174709
32439,0.000388,172.31.47.0-255,66,47518,96,174709
32440,0.000406,74.125.24.0-255,2902,50420,96,174709
32441,0.000408,172.31.47.0-255,66,50486,96,174709
32442,0.000426,74.125.24.0-255,3961,54447,96,174709
32443,0.000429,172.31.47.0-255,66,54513,96,174709
32444,0.000436,74.125.24.0-255,7156,61669,96,174709
32445,0.000439,172.31.47.0-255,66,61735,96,174709
32446,0.000477,74.125.24.0-255,4292,66027,96,174709
32447,0.00048,172.31.47.0-255,66,66093,96,174709
32448,0.002145,74.125.24.0-255,110,66203,96,174709
32449,0.002191,74.125.24.0-255,1484,67687,96,174709
32450,0.002197,172.31.47.0-255,66,67753,96,174709
32451,0.002204,74.125.24.0-255,2902,70655,96,174709
32452,0.002206,172.31.47.0-255,66,70721,96,174709
32453,0.002234,74.125.24.0-255,1484,72205,96,174709
32454,0.002239,74.125.24.0-255,2902,75107,96,174709
32455,0.002241,172.31.47.0-255,66,75173,96,174709
32456,0.002248,74.125.24.0-255,5738,80911,96,174709
32457,0.00225,172.31.47.0-255,66,80977,96,174709
32458,0.002279,172.31.47.0-255,66,81043,96,174709
32459,0.002282,74.125.24.0-255,1484,82527,96,174709
32460,0.002323,74.125.24.0-255,5020,87547,96,174709
32461,0.002325,172.31.47.0-255,66,87613,96,174709
32462,0.002507,74.125.24.0-255,1484,89097,96,174709
32463,0.002523,74.125.24.0-255,2902,91999,96,174709
32464,0.002525,172.31.47.0-255,66,92065,96,174709
32465,0.002532,74.125.24.0-255,5738,97803,96,174709
32466,0.002534,172.31.47.0-255,66,97869,96,174709
32467,0.002556,74.125.24.0-255,5738,103607,96,174709
32468,0.002558,172.31.47.0-255,66,103673,96,174709
32469,0.002585,74.125.24.0-255,7156,110829,96,174709
32470,0.002587,172.31.47.0-255,66,110895,96,174709
32471,0.002599,172.31.47.0-255,66,110961,96,174709
32472,0.002637,172.31.47.0-255,66,111027,96,174709
32473,0.002655,74.125.24.0-255,2902,113929,96,174709
32474,0.002657,172.31.47.0-255,66,113995,96,174709
32475,0.00266,74.125.24.0-255,1484,115479,96,174709
32476,0.002675,74.125.24.0-255,4320,119799,96,174709
32477,0.002678,172.31.47.0-255,66,119865,96,174709
32478,0.00272,172.31.47.0-255,66,119931,96,174709
32479,0.002735,172.31.47.0-255,66,119997,96,174709
32480,0.002742,74.125.24.0-255,7156,127153,96,174709
32481,0.002745,172.31.47.0-255,66,127219,96,174709
32482,0.002782,172.31.47.0-255,66,127285,96,174709
32483,0.002788,74.125.24.0-255,5738,133023,96,174709
32484,0.00279,172.31.47.0-255,66,133089,96,174709
32485,0.002808,172.31.47.0-255,66,133155,96,174709
32486,0.002833,74.125.24.0-255,2902,136057,96,174709
32487,0.002835,172.31.47.0-255,66,136123,96,174709
32488,0.002841,74.125.24.0-255,4320,140443,96,174709
32489,0.002843,172.31.47.0-255,66,140509,96,174709
32490,0.002846,74.125.24.0-255,1484,141993,96,174709
32491,0.002857,172.31.47.0-255,66,142059,96,174709
32492,0.002888,172.31.47.0-255,66,142125,96,174709
32493,0.002903,74.125.24.0-255,2184,144309,96,174709
32494,0.002906,172.31.47.0-255,66,144375,96,174709
32495,0.002917,172.31.47.0-255,66,144441,96,174709
32496,0.002996,172.31.47.0-255,66,144507,96,174709
32497,0.003016,74.125.24.0-255,2184,146691,96,174709
32498,0.003018,172.31.47.0-255,66,146757,96,174709
32499,0.003033,172.31.47.0-255,66,146823,96,174709
32500,0.003049,172.31.47.0-255,66,146889,96,174709
32501,0.003061,172.31.47.0-255,66,146955,96,174709
32502,0.003092,74.125.24.0-255,7156,154111,96,174709
32503,0.003094,172.31.47.0-255,66,154177,96,174709
32504,0.003098,74.125.24.0-255,1484,155661,96,174709
32505,0.003117,172.31.47.0-255,66,155727,96,174709
32506,0.003123,74.125.24.0-255,5738,161465,96,174709
32507,0.003126,172.31.47.0-255,66,161531,96,174709
32508,0.00314,74.125.24.0-255,4320,165851,96,174709
32509,0.003143,172.31.47.0-255,66,165917,96,174709
32510,0.003147,74.125.24.0-255,1484,167401,96,174709
32511,0.003149,74.125.24.0-255,1484,168885,96,174709
32512,0.003151,172.31.47.0-255,66,168951,96,174709
32513,0.003155,74.125.24.0-255,1484,170435,96,174709
32514,0.003171,172.31.47.0-255,66,170501,96,174709
32515,0.00322,172.31.47.0-255,66,170567,96,174709
32516,0.003223,74.125.24.0-255,1484,172051,96,174709
32517,0.003237,74.125.24.0-255,2184,174235,96,174709
32518,0.00324,172.31.47.0-255,66,174301,96,174709
32519,0.003251,172.31.47.0-255,66,174367,96,174709
32520,0.003275,74.125.24.0-255,105,174472,96,174709
32521,0.008169,172.31.47.0-255,66,174538,96,174709
32522,0.008207,172.31.47.0-255,105,174643,96,174709
32523,0.010782,74.125.24.0-255,66,174709,96,174709
32524,0.0,74.125.200.0-255,306,306,96,300751
32525,2.5e-05,172.31.47.0-255,66,372,96,300751
32526,3.3e-05,74.125.200.0-255,1484,1856,96,300751
32527,3.7e-05,172.31.47.0-255,66,1922,96,300751
32528,4.4e-05,74.125.200.0-255,4320,6242,96,300751
32529,4.6e-05,172.31.47.0-255,66,6308,96,300751
32530,5.2e-05,74.125.200.0-255,5738,12046,96,300751
32531,5.5e-05,172.31.47.0-255,66,12112,96,300751
32532,7.8e-05,74.125.200.0-255,1484,13596,96,300751
32533,8.1e-05,172.31.47.0-255,66,13662,96,300751
32534,0.000104,74.125.200.0-255,4787,18449,96,300751
32535,0.000107,172.31.47.0-255,66,18515,96,300751
32536,0.000114,74.125.200.0-255,5738,24253,96,300751
32537,0.000116,172.31.47.0-255,66,24319,96,300751
32538,0.000138,74.125.200.0-255,1484,25803,96,300751
32539,0.00014,172.31.47.0-255,66,25869,96,300751
32540,0.000146,74.125.200.0-255,4320,30189,96,300751
32541,0.000148,172.31.47.0-255,66,30255,96,300751
32542,0.000183,74.125.200.0-255,1125,31380,96,300751
32543,0.000186,172.31.47.0-255,66,31446,96,300751
32544,0.000304,74.125.200.0-255,1484,32930,96,300751
32545,0.000308,172.31.47.0-255,66,32996,96,300751
32546,0.000322,74.125.200.0-255,2902,35898,96,300751
32547,0.000325,172.31.47.0-255,66,35964,96,300751
32548,0.000331,74.125.200.0-255,4320,40284,96,300751
32549,0.000333,172.31.47.0-255,66,40350,96,300751
32550,0.000356,74.125.200.0-255,1484,41834,96,300751
32551,0.000358,172.31.47.0-255,66,41900,96,300751
32552,0.000363,74.125.200.0-255,2902,44802,96,300751
32553,0.000366,172.31.47.0-255,66,44868,96,300751
32554,0.000371,74.125.200.0-255,4320,49188,96,300751
32555,0.000373,172.31.47.0-255,66,49254,96,300751
32556,0.0004,74.125.200.0-255,4320,53574,96,300751
32557,0.000403,172.31.47.0-255,66,53640,96,300751
32558,0.000432,74.125.200.0-255,4320,57960,96,300751
32559,0.000435,172.31.47.0-255,66,58026,96,300751
32560,0.000442,74.125.200.0-255,7156,65182,96,300751
32561,0.000445,172.31.47.0-255,66,65248,96,300751
32562,0.000447,74.125.200.0-255,1060,66308,96,300751
32563,0.000775,74.125.200.0-255,1484,67792,96,300751
32564,0.00078,172.31.47.0-255,66,67858,96,300751
32565,0.000785,74.125.200.0-255,1484,69342,96,300751
32566,0.0008,74.125.200.0-255,1484,70826,96,300751
32567,0.000802,172.31.47.0-255,66,70892,96,300751
32568,0.000809,74.125.200.0-255,4320,75212,96,300751
32569,0.000811,172.31.47.0-255,66,75278,96,300751
32570,0.000835,74.125.200.0-255,7156,82434,96,300751
32571,0.000838,172.31.47.0-255,66,82500,96,300751
32572,0.000855,74.125.200.0-255,1484,83984,96,300751
32573,0.00086,74.125.200.0-255,2902,86886,96,300751
32574,0.000862,172.31.47.0-255,66,86952,96,300751
32575,0.000865,74.125.200.0-255,1484,88436,96,300751
32576,0.000887,74.125.200.0-255,2902,91338,96,300751
32577,0.00089,172.31.47.0-255,66,91404,96,300751
32578,0.000912,172.31.47.0-255,66,91470,96,300751
32579,0.00094,74.125.200.0-255,5738,97208,96,300751
32580,0.000943,172.31.47.0-255,66,97274,96,300751
32581,0.000957,74.125.200.0-255,3339,100613,96,300751
32582,0.000959,172.31.47.0-255,66,100679,96,300751
32583,0.000962,74.125.200.0-255,1484,102163,96,300751
32584,0.001007,74.125.200.0-255,2902,105065,96,300751
32585,0.001011,172.31.47.0-255,66,105131,96,300751
32586,0.001024,74.125.200.0-255,7156,112287,96,300751
32587,0.001027,172.31.47.0-255,66,112353,96,300751
32588,0.00103,74.125.200.0-255,1484,113837,96,300751
32589,0.001065,172.31.47.0-255,66,113903,96,300751
32590,0.001071,74.125.200.0-255,2184,116087,96,300751
32591,0.001073,172.31.47.0-255,66,116153,96,300751
32592,0.00122,74.125.200.0-255,1484,117637,96,300751
32593,0.001237,74.125.200.0-255,2902,120539,96,300751
32594,0.00124,172.31.47.0-255,66,120605,96,300751
32595,0.001269,74.125.200.0-255,4320,124925,96,300751
32596,0.001272,172.31.47.0-255,66,124991,96,300751
32597,0.001288,74.125.200.0-255,1484,126475,96,300751
32598,0.001301,74.125.200.0-255,4320,130795,96,300751
32599,0.001303,172.31.47.0-255,66,130861,96,300751
32600,0.001326,74.125.200.0-255,5738,136599,96,300751
32601,0.001328,172.31.47.0-255,66,136665,96,300751
32602,0.001353,74.125.200.0-255,7156,143821,96,300751
32603,0.001356,172.31.47.0-255,66,143887,96,300751
32604,0.001374,74.125.200.0-255,4320,148207,96,300751
32605,0.001377,172.31.47.0-255,66,148273,96,300751
32606,0.00138,74.125.200.0-255,1484,149757,96,300751
32607,0.001395,74.125.200.0-255,766,150523,96,300751
32608,0.001398,172.31.47.0-255,66,150589,96,300751
32609,0.001525,74.125.200.0-255,1484,152073,96,300751
32610,0.001531,74.125.200.0-255,2902,154975,96,300751
32611,0.001534,172.31.47.0-255,66,155041,96,300751
32612,0.001541,74.125.200.0-255,5738,160779,96,300751
32613,0.001543,172.31.47.0-255,66,160845,96,300751
32614,0.001557,74.125.200.0-255,1484,162329,96,300751
32615,0.001584,74.125.200.0-255,1484,163813,96,300751
32616,0.001587,172.31.47.0-255,66,163879,96,300751
32617,0.001604,74.125.200.0-255,1484,165363,96,300751
32618,0.001611,74.125.200.0-255,5738,171101,96,300751
32619,0.001613,172.31.47.0-255,66,171167,96,300751
32620,0.001628,74.125.200.0-255,2902,174069,96,300751
32621,0.00163,172.31.47.0-255,66,174135,96,300751
32622,0.001646,74.125.200.0-255,4320,178455,96,300751
32623,0.00165,172.31.47.0-255,66,178521,96,300751
32624,0.00168,74.125.200.0-255,4320,182841,96,300751
32625,0.001684,172.31.47.0-255,66,182907,96,300751
32626,0.001692,172.31.47.0-255,66,182973,96,300751
32627,0.001697,74.125.200.0-255,4320,187293,96,300751
32628,0.0017,172.31.47.0-255,66,187359,96,300751
32629,0.001734,172.31.47.0-255,66,187425,96,300751
32630,0.001764,74.125.200.0-255,2902,190327,96,300751
32631,0.001767,172.31.47.0-255,66,190393,96,300751
32632,0.00179,74.125.200.0-255,6438,196831,96,300751
32633,0.001793,172.31.47.0-255,66,196897,96,300751
32634,0.001831,74.125.200.0-255,2902,199799,96,300751
32635,0.001834,172.31.47.0-255,66,199865,96,300751
32636,0.001862,74.125.200.0-255,7156,207021,96,300751
32637,0.001865,172.31.47.0-255,66,207087,96,300751
32638,0.001876,74.125.200.0-255,4320,211407,96,300751
32639,0.001878,172.31.47.0-255,66,211473,96,300751
32640,0.001894,172.31.47.0-255,66,211539,96,300751
32641,0.001899,74.125.200.0-255,3602,215141,96,300751
32642,0.001901,172.31.47.0-255,66,215207,96,300751
32643,0.001924,74.125.200.0-255,1484,216691,96,300751
32644,0.001955,172.31.47.0-255,66,216757,96,300751
32645,0.001985,172.31.47.0-255,66,216823,96,300751
32646,0.001989,74.125.200.0-255,2902,219725,96,300751
32647,0.001992,172.31.47.0-255,66,219791,96,300751
32648,0.002034,74.125.200.0-255,4320,224111,96,300751
32649,0.002038,172.31.47.0-255,66,224177,96,300751
32650,0.002071,74.125.200.0-255,1484,225661,96,300751
32651,0.002077,172.31.47.0-255,66,225727,96,300751
32652,0.002098,172.31.47.0-255,66,225793,96,300751
32653,0.00212,74.125.200.0-255,1484,227277,96,300751
32654,0.004131,74.125.200.0-255,4320,231597,96,300751
32655,0.004147,172.31.47.0-255,66,231663,96,300751
32656,0.006244,74.125.200.0-255,5738,237401,96,300751
32657,0.006265,172.31.47.0-255,66,237467,96,300751
32658,0.008304,74.125.200.0-255,2902,240369,96,300751
32659,0.008312,172.31.47.0-255,66,240435,96,300751
32660,0.008332,74.125.200.0-255,2902,243337,96,300751
32661,0.008334,172.31.47.0-255,66,243403,96,300751
32662,0.010331,74.125.200.0-255,2902,246305,96,300751
32663,0.010339,172.31.47.0-255,66,246371,96,300751
32664,0.01036,74.125.200.0-255,2902,249273,96,300751
32665,0.010363,172.31.47.0-255,66,249339,96,300751
32666,0.012357,74.125.200.0-255,2902,252241,96,300751
32667,0.012361,172.31.47.0-255,66,252307,96,300751
32668,0.012377,74.125.200.0-255,2902,255209,96,300751
32669,0.01238,172.31.47.0-255,66,255275,96,300751
32670,0.014383,74.125.200.0-255,2902,258177,96,300751
32671,0.01439,172.31.47.0-255,66,258243,96,300751
32672,0.014411,74.125.200.0-255,2902,261145,96,300751
32673,0.014413,172.31.47.0-255,66,261211,96,300751
32674,0.016428,74.125.200.0-255,2902,264113,96,300751
32675,0.016444,172.31.47.0-255,66,264179,96,300751
32676,0.016473,74.125.200.0-255,2902,267081,96,300751
32677,0.016476,172.31.47.0-255,66,267147,96,300751
32678,0.018475,74.125.200.0-255,2902,270049,96,300751
32679,0.01849,172.31.47.0-255,66,270115,96,300751
32680,0.018512,74.125.200.0-255,2902,273017,96,300751
32681,0.018515,172.31.47.0-255,66,273083,96,300751
32682,0.020529,74.125.200.0-255,5738,278821,96,300751
32683,0.020537,172.31.47.0-255,66,278887,96,300751
32684,0.022577,74.125.200.0-255,5738,284625,96,300751
32685,0.022585,172.31.47.0-255,66,284691,96,300751
32686,0.024626,74.125.200.0-255,5738,290429,96,300751
32687,0.024633,172.31.47.0-255,66,290495,96,300751
32688,0.026648,74.125.200.0-255,4320,294815,96,300751
32689,0.026655,172.31.47.0-255,66,294881,96,300751
32690,0.026674,74.125.200.0-255,1484,296365,96,300751
32691,0.028684,74.125.200.0-255,4320,300685,96,300751
32692,0.02869,172.31.47.0-255,66,300751,96,300751
32693,0.0,172.217.27.0-255,153,153,96,186982
32694,3.5e-05,172.31.47.0-255,66,219,96,186982
32695,4.1e-05,172.217.27.0-255,1484,1703,96,186982
32696,4.5e-05,172.31.47.0-255,66,1769,96,186982
32697,4.8e-05,172.217.27.0-255,1484,3253,96,186982
32698,5.1e-05,172.31.47.0-255,66,3319,96,186982
32699,5.5e-05,172.217.27.0-255,2902,6221,96,186982
32700,5.8e-05,172.31.47.0-255,66,6287,96,186982
32701,6.4e-05,172.217.27.0-255,5738,12025,96,186982
32702,6.8e-05,172.31.47.0-255,66,12091,96,186982
32703,7.1e-05,172.217.27.0-255,2046,14137,96,186982
32704,7.4e-05,172.31.47.0-255,66,14203,96,186982
32705,0.000131,172.217.27.0-255,1484,15687,96,186982
32706,0.000135,172.31.47.0-255,66,15753,96,186982
32707,0.000141,172.217.27.0-255,2902,18655,96,186982
32708,0.000145,172.31.47.0-255,66,18721,96,186982
32709,0.00015,172.217.27.0-255,5738,24459,96,186982
32710,0.000154,172.31.47.0-255,66,24525,96,186982
32711,0.000188,172.217.27.0-255,6797,31322,96,186982
32712,0.000192,172.31.47.0-255,66,31388,96,186982
32713,0.000195,172.217.27.0-255,1484,32872,96,186982
32714,0.000196,172.31.47.0-255,66,32938,96,186982
32715,0.000216,172.217.27.0-255,5738,38676,96,186982
32716,0.00022,172.31.47.0-255,66,38742,96,186982
32717,0.000231,172.31.47.0-255,66,38808,96,186982
32718,0.000251,172.217.27.0-255,1125,39933,96,186982
32719,0.000253,172.31.47.0-255,66,39999,96,186982
32720,0.000817,172.217.27.0-255,1484,41483,96,186982
32721,0.000822,172.31.47.0-255,66,41549,96,186982
32722,0.00083,172.217.27.0-255,2902,44451,96,186982
32723,0.000832,172.31.47.0-255,66,44517,96,186982
32724,0.000837,172.217.27.0-255,2902,47419,96,186982
32725,0.000839,172.31.47.0-255,66,47485,96,186982
32726,0.00087,172.217.27.0-255,1484,48969,96,186982
32727,0.000882,172.31.47.0-255,66,49035,96,186982
32728,0.00097,172.217.27.0-255,350,49385,96,186982
32729,0.001068,172.31.47.0-255,66,49451,96,186982
32730,0.001082,172.217.27.0-255,1484,50935,96,186982
32731,0.001087,172.217.27.0-255,2902,53837,96,186982
32732,0.001089,172.31.47.0-255,66,53903,96,186982
32733,0.001092,172.217.27.0-255,1484,55387,96,186982
32734,0.001113,172.217.27.0-255,4320,59707,96,186982
32735,0.001115,172.31.47.0-255,66,59773,96,186982
32736,0.001126,172.217.27.0-255,1484,61257,96,186982
32737,0.001146,172.217.27.0-255,5379,66636,96,186982
32738,0.00115,172.31.47.0-255,66,66702,96,186982
32739,0.001182,172.217.27.0-255,4320,71022,96,186982
32740,0.001185,172.31.47.0-255,66,71088,96,186982
32741,0.001203,172.217.27.0-255,2902,73990,96,186982
32742,0.001205,172.31.47.0-255,66,74056,96,186982
32743,0.00121,172.217.27.0-255,4320,78376,96,186982
32744,0.001211,172.31.47.0-255,66,78442,96,186982
32745,0.001235,172.217.27.0-255,5379,83821,96,186982
32746,0.001238,172.31.47.0-255,66,83887,96,186982
32747,0.002879,172.217.27.0-255,5738,89625,96,186982
32748,0.002892,172.31.47.0-255,66,89691,96,186982
32749,0.004528,172.217.27.0-255,5738,95429,96,186982
32750,0.004535,172.31.47.0-255,66,95495,96,186982
32751,0.006173,172.217.27.0-255,5738,101233,96,186982
32752,0.006179,172.31.47.0-255,66,101299,96,186982
32753,0.007806,172.217.27.0-255,5738,107037,96,186982
32754,0.007811,172.31.47.0-255,66,107103,96,186982
32755,0.009439,172.217.27.0-255,5738,112841,96,186982
32756,0.009446,172.31.47.0-255,66,112907,96,186982
32757,0.011102,172.217.27.0-255,5738,118645,96,186982
32758,0.011108,172.31.47.0-255,66,118711,96,186982
32759,0.012748,172.217.27.0-255,5738,124449,96,186982
32760,0.012757,172.31.47.0-255,66,124515,96,186982
32761,0.014411,172.217.27.0-255,5738,130253,96,186982
32762,0.01442,172.31.47.0-255,66,130319,96,186982
32763,0.01606,172.217.27.0-255,5738,136057,96,186982
32764,0.016067,172.31.47.0-255,66,136123,96,186982
32765,0.017697,172.217.27.0-255,5738,141861,96,186982
32766,0.017703,172.31.47.0-255,66,141927,96,186982
32767,0.019329,172.217.27.0-255,5738,147665,96,186982
32768,0.019333,172.31.47.0-255,66,147731,96,186982
32769,0.020954,172.217.27.0-255,5738,153469,96,186982
32770,0.020959,172.31.47.0-255,66,153535,96,186982
32771,0.022446,172.31.47.0-255,172,153707,96,186982
32772,0.022474,172.31.47.0-255,1110,154817,96,186982
32773,0.022526,172.31.47.0-255,1514,156331,96,186982
32774,0.022527,172.31.47.0-255,1301,157632,96,186982
32775,0.022593,172.217.27.0-255,5738,163370,96,186982
32776,0.022597,172.31.47.0-255,66,163436,96,186982
32777,0.024048,104.244.42.0-255,66,163502,96,186982
32778,0.024066,104.244.42.0-255,66,163568,96,186982
32779,0.024084,104.244.42.0-255,66,163634,96,186982
32780,0.024239,172.217.27.0-255,5738,169372,96,186982
32781,0.024244,172.31.47.0-255,66,169438,96,186982
32782,0.025872,172.217.27.0-255,5738,175176,96,186982
32783,0.025881,172.31.47.0-255,66,175242,96,186982
32784,0.027504,172.217.27.0-255,5738,180980,96,186982
32785,0.027509,172.31.47.0-255,66,181046,96,186982
32786,0.029126,172.217.27.0-255,2902,183948,96,186982
32787,0.029131,172.31.47.0-255,66,184014,96,186982
32788,0.029155,172.217.27.0-255,2902,186916,96,186982
32789,0.029157,172.31.47.0-255,66,186982,96,186982
32790,0.0,74.125.68.0-255,153,153,96,370855
32791,2.9e-05,172.31.47.0-255,66,219,96,370855
32792,6e-05,74.125.68.0-255,1484,1703,96,370855
32793,6.5e-05,172.31.47.0-255,66,1769,96,370855
32794,7e-05,74.125.68.0-255,2902,4671,96,370855
32795,7.3e-05,172.31.47.0-255,66,4737,96,370855
32796,8.3e-05,74.125.68.0-255,5738,10475,96,370855
32797,8.6e-05,172.31.47.0-255,66,10541,96,370855
32798,9.2e-05,74.125.68.0-255,4919,15460,96,370855
32799,9.5e-05,172.31.47.0-255,66,15526,96,370855
32800,9.8e-05,74.125.68.0-255,2902,18428,96,370855
32801,0.000101,172.31.47.0-255,66,18494,96,370855
32802,0.000125,74.125.68.0-255,2902,21396,96,370855
32803,0.000133,172.31.47.0-255,66,21462,96,370855
32804,0.000138,74.125.68.0-255,2902,24364,96,370855
32805,0.00014,172.31.47.0-255,66,24430,96,370855
32806,0.000175,74.125.68.0-255,6797,31227,96,370855
32807,0.000178,172.31.47.0-255,66,31293,96,370855
32808,0.000201,74.125.68.0-255,1484,32777,96,370855
32809,0.000204,172.31.47.0-255,66,32843,96,370855
32810,0.000209,74.125.68.0-255,2902,35745,96,370855
32811,0.000211,172.31.47.0-255,66,35811,96,370855
32812,0.000214,74.125.68.0-255,1484,37295,96,370855
32813,0.00022,172.31.47.0-255,66,37361,96,370855
32814,0.00025,74.125.68.0-255,4320,41681,96,370855
32815,0.000253,172.31.47.0-255,66,41747,96,370855
32816,0.000259,74.125.68.0-255,4320,46067,96,370855
32817,0.000261,172.31.47.0-255,66,46133,96,370855
32818,0.000296,74.125.68.0-255,2543,48676,96,370855
32819,0.000299,172.31.47.0-255,66,48742,96,370855
32820,0.000334,74.125.68.0-255,1484,50226,96,370855
32821,0.000337,172.31.47.0-255,66,50292,96,370855
32822,0.000363,74.125.68.0-255,2902,53194,96,370855
32823,0.000368,172.31.47.0-255,66,53260,96,370855
32824,0.000396,74.125.68.0-255,5738,58998,96,370855
32825,0.0004,74.125.68.0-255,2902,61900,96,370855
32826,0.000402,172.31.47.0-255,66,61966,96,370855
32827,0.000406,172.31.47.0-255,66,62032,96,370855
32828,0.000431,74.125.68.0-255,1484,63516,96,370855
32829,0.000459,74.125.68.0-255,2543,66059,96,370855
32830,0.000464,172.31.47.0-255,66,66125,96,370855
32831,0.000467,74.125.68.0-255,359,66484,96,370855
32832,0.000499,74.125.68.0-255,1484,67968,96,370855
32833,0.000502,172.31.47.0-255,66,68034,96,370855
32834,0.00052,74.125.68.0-255,2902,70936,96,370855
32835,0.000523,172.31.47.0-255,66,71002,96,370855
32836,0.000553,74.125.68.0-255,5738,76740,96,370855
32837,0.000557,172.31.47.0-255,66,76806,96,370855
32838,0.000561,74.125.68.0-255,2902,79708,96,370855
32839,0.000563,172.31.47.0-255,66,79774,96,370855
32840,0.000599,74.125.68.0-255,1484,81258,96,370855
32841,0.000601,172.31.47.0-255,66,81324,96,370855
32842,0.000629,74.125.68.0-255,5738,87062,96,370855
32843,0.000633,172.31.47.0-255,66,87128,96,370855
32844,0.000661,74.125.68.0-255,2543,89671,96,370855
32845,0.000664,172.31.47.0-255,66,89737,96,370855
32846,0.000744,74.125.68.0-255,1484,91221,96,370855
32847,0.000764,74.125.68.0-255,2902,94123,96,370855
32848,0.000768,172.31.47.0-255,66,94189,96,370855
32849,0.000773,74.125.68.0-255,4320,98509,96,370855
32850,0.000775,172.31.47.0-255,66,98575,96,370855
32851,0.000794,74.125.68.0-255,1484,100059,96,370855
32852,0.000819,74.125.68.0-255,5738,105797,96,370855
32853,0.000822,172.31.47.0-255,66,105863,96,370855
32854,0.000849,74.125.68.0-255,2902,108765,96,370855
32855,0.000852,172.31.47.0-255,66,108831,96,370855
32856,0.000878,74.125.68.0-255,2529,111360,96,370855
32857,0.000882,172.31.47.0-255,66,111426,96,370855
32858,0.000888,74.125.68.0-255,5738,117164,96,370855
32859,0.00089,172.31.47.0-255,66,117230,96,370855
32860,0.000923,74.125.68.0-255,5787,123017,96,370855
32861,0.000927,172.31.47.0-255,66,123083,96,370855
32862,0.001221,74.125.68.0-255,1484,124567,96,370855
32863,0.001224,74.125.68.0-255,1484,126051,96,370855
32864,0.001227,172.31.47.0-255,66,126117,96,370855
32865,0.001252,74.125.68.0-255,1484,127601,96,370855
32866,0.001254,74.125.68.0-255,1484,129085,96,370855
32867,0.001256,172.31.47.0-255,66,129151,96,370855
32868,0.00126,74.125.68.0-255,2902,132053,96,370855
32869,0.001262,172.31.47.0-255,66,132119,96,370855
32870,0.001267,74.125.68.0-255,5738,137857,96,370855
32871,0.001274,172.31.47.0-255,66,137923,96,370855
32872,0.001277,74.125.68.0-255,1484,139407,96,370855
32873,0.00131,74.125.68.0-255,2543,141950,96,370855
32874,0.001313,172.31.47.0-255,66,142016,96,370855
32875,0.001318,74.125.68.0-255,4320,146336,96,370855
32876,0.001319,172.31.47.0-255,66,146402,96,370855
32877,0.001323,74.125.68.0-255,2902,149304,96,370855
32878,0.001325,172.31.47.0-255,66,149370,96,370855
32879,0.001361,74.125.68.0-255,7156,156526,96,370855
32880,0.001365,74.125.68.0-255,4320,160846,96,370855
32881,0.001365,172.31.47.0-255,66,160912,96,370855
32882,0.001368,172.31.47.0-255,66,160978,96,370855
32883,0.0014,172.31.47.0-255,66,161044,96,370855
32884,0.001425,74.125.68.0-255,5020,166064,96,370855
32885,0.001427,172.31.47.0-255,66,166130,96,370855
32886,0.001513,74.125.68.0-255,1484,167614,96,370855
32887,0.00153,74.125.68.0-255,2902,170516,96,370855
32888,0.001533,172.31.47.0-255,66,170582,96,370855
32889,0.001548,74.125.68.0-255,1484,172066,96,370855
32890,0.00156,74.125.68.0-255,2902,174968,96,370855
32891,0.001562,172.31.47.0-255,66,175034,96,370855
32892,0.001583,74.125.68.0-255,2902,177936,96,370855
32893,0.001586,172.31.47.0-255,66,178002,96,370855
32894,0.001609,74.125.68.0-255,2902,180904,96,370855
32895,0.001612,172.31.47.0-255,66,180970,96,370855
32896,0.001617,74.125.68.0-255,5738,186708,96,370855
32897,0.001619,172.31.47.0-255,66,186774,96,370855
32898,0.00164,74.125.68.0-255,1484,188258,96,370855
32899,0.001643,74.125.68.0-255,2902,191160,96,370855
32900,0.001645,172.31.47.0-255,66,191226,96,370855
32901,0.001669,74.125.68.0-255,4320,195546,96,370855
32902,0.001671,172.31.47.0-255,66,195612,96,370855
32903,0.001707,74.125.68.0-255,1484,197096,96,370855
32904,0.001725,74.125.68.0-255,3602,200698,96,370855
32905,0.001727,172.31.47.0-255,66,200764,96,370855
32906,0.001821,74.125.68.0-255,1484,202248,96,370855
32907,0.001834,74.125.68.0-255,1484,203732,96,370855
32908,0.001837,172.31.47.0-255,66,203798,96,370855
32909,0.001842,74.125.68.0-255,2902,206700,96,370855
32910,0.001843,172.31.47.0-255,66,206766,96,370855
32911,0.001846,74.125.68.0-255,1484,208250,96,370855
32912,0.001874,74.125.68.0-255,4320,212570,96,370855
32913,0.001876,172.31.47.0-255,66,212636,96,370855
32914,0.0019,74.125.68.0-255,5379,218015,96,370855
32915,0.001903,172.31.47.0-255,66,218081,96,370855
32916,0.001929,74.125.68.0-255,5738,223819,96,370855
32917,0.001932,172.31.47.0-255,66,223885,96,370855
32918,0.001935,74.125.68.0-255,1484,225369,96,370855
32919,0.001955,74.125.68.0-255,4320,229689,96,370855
32920,0.001957,172.31.47.0-255,66,229755,96,370855
32921,0.002006,74.125.68.0-255,5738,235493,96,370855
32922,0.002009,172.31.47.0-255,66,235559,96,370855
32923,0.002034,74.125.68.0-255,1484,237043,96,370855
32924,0.002047,172.31.47.0-255,66,237109,96,370855
32925,0.002052,74.125.68.0-255,3602,240711,96,370855
32926,0.002053,172.31.47.0-255,66,240777,96,370855
32927,0.002233,74.125.68.0-255,1484,242261,96,370855
32928,0.002248,74.125.68.0-255,2902,245163,96,370855
32929,0.002251,172.31.47.0-255,66,245229,96,370855
32930,0.002279,74.125.68.0-255,5738,250967,96,370855
32931,0.002282,172.31.47.0-255,66,251033,96,370855
32932,0.002288,74.125.68.0-255,4320,255353,96,370855
32933,0.00229,172.31.47.0-255,66,255419,96,370855
32934,0.002311,74.125.68.0-255,2902,258321,96,370855
32935,0.002312,172.31.47.0-255,66,258387,96,370855
32936,0.002334,74.125.68.0-255,2902,261289,96,370855
32937,0.002336,172.31.47.0-255,66,261355,96,370855
32938,0.002342,74.125.68.0-255,5738,267093,96,370855
32939,0.002343,172.31.47.0-255,66,267159,96,370855
32940,0.002378,74.125.68.0-255,7156,274315,96,370855
32941,0.002381,172.31.47.0-255,66,274381,96,370855
32942,0.002383,74.125.68.0-255,766,275147,96,370855
32943,0.002408,74.125.68.0-255,1484,276631,96,370855
32944,0.00241,172.31.47.0-255,66,276697,96,370855
32945,0.002452,74.125.68.0-255,4320,281017,96,370855
32946,0.002455,172.31.47.0-255,66,281083,96,370855
32947,0.002457,74.125.68.0-255,1484,282567,96,370855
32948,0.002461,74.125.68.0-255,2902,285469,96,370855
32949,0.002462,172.31.47.0-255,66,285535,96,370855
32950,0.002466,74.125.68.0-255,2902,288437,96,370855
32951,0.002472,172.31.47.0-255,66,288503,96,370855
32952,0.002488,74.125.68.0-255,2902,291405,96,370855
32953,0.002489,172.31.47.0-255,66,291471,96,370855
32954,0.002495,74.125.68.0-255,5738,297209,96,370855
32955,0.002501,172.31.47.0-255,66,297275,96,370855
32956,0.002522,74.125.68.0-255,5738,303013,96,370855
32957,0.002525,172.31.47.0-255,66,303079,96,370855
32958,0.002545,74.125.68.0-255,1484,304563,96,370855
32959,0.00255,74.125.68.0-255,5020,309583,96,370855
32960,0.002553,172.31.47.0-255,66,309649,96,370855
32961,0.002595,74.125.68.0-255,1484,311133,96,370855
32962,0.002606,74.125.68.0-255,2902,314035,96,370855
32963,0.002608,172.31.47.0-255,66,314101,96,370855
32964,0.002616,74.125.68.0-255,1484,315585,96,370855
32965,0.005149,74.125.68.0-255,4320,319905,96,370855
32966,0.005154,172.31.47.0-255,66,319971,96,370855
32967,0.007702,74.125.68.0-255,5738,325709,96,370855
32968,0.007708,172.31.47.0-255,66,325775,96,370855
32969,0.010252,74.125.68.0-255,5738,331513,96,370855
32970,0.010259,172.31.47.0-255,66,331579,96,370855
32971,0.012818,74.125.68.0-255,5738,337317,96,370855
32972,0.012824,172.31.47.0-255,66,337383,96,370855
32973,0.01537,74.125.68.0-255,5738,343121,96,370855
32974,0.015375,172.31.47.0-255,66,343187,96,370855
32975,0.017926,74.125.68.0-255,5738,348925,96,370855
32976,0.017934,172.31.47.0-255,66,348991,96,370855
32977,0.020503,74.125.68.0-255,5738,354729,96,370855
32978,0.020512,172.31.47.0-255,66,354795,96,370855
32979,0.023075,74.125.68.0-255,5738,360533,96,370855
32980,0.023082,172.31.47.0-255,66,360599,96,370855
32981,0.025645,74.125.68.0-255,4320,364919,96,370855
32982,0.025651,172.31.47.0-255,66,364985,96,370855
32983,0.025685,74.125.68.0-255,1484,366469,96,370855
32984,0.028233,74.125.68.0-255,4320,370789,96,370855
32985,0.028241,172.31.47.0-255,66,370855,96,370855
32986,0.0,172.217.194.0-255,153,153,96,244310
32987,2.2e-05,172.31.47.0-255,66,219,96,244310
32988,2.9e-05,172.217.194.0-255,1484,1703,96,244310
32989,3.3e-05,172.31.47.0-255,66,1769,96,244310
32990,3.9e-05,172.217.194.0-255,2902,4671,96,244310
32991,4.9e-05,172.31.47.0-255,66,4737,96,244310
32992,5.6e-05,172.217.194.0-255,7156,11893,96,244310
32993,5.9e-05,172.31.47.0-255,66,11959,96,244310
32994,9.5e-05,172.31.47.0-255,66,12025,96,244310
32995,0.000107,172.31.47.0-255,66,12091,96,244310
32996,0.000272,172.217.194.0-255,1484,13575,96,244310
32997,0.000277,172.31.47.0-255,66,13641,96,244310
32998,0.000282,172.217.194.0-255,2902,16543,96,244310
32999,0.000284,172.31.47.0-255,66,16609,96,244310
33000,0.000314,172.217.194.0-255,5738,22347,96,244310
33001,0.000317,172.31.47.0-255,66,22413,96,244310
33002,0.000323,172.217.194.0-255,4320,26733,96,244310
33003,0.000325,172.31.47.0-255,66,26799,96,244310
33004,0.000347,172.217.194.0-255,2543,29342,96,244310
33005,0.000349,172.31.47.0-255,66,29408,96,244310
33006,0.000356,172.217.194.0-255,7156,36564,96,244310
33007,0.000359,172.31.47.0-255,66,36630,96,244310
33008,0.000393,172.31.47.0-255,66,36696,96,244310
33009,0.000396,172.217.194.0-255,364,37060,96,244310
33010,0.000398,172.31.47.0-255,66,37126,96,244310
33011,0.000499,172.217.194.0-255,1484,38610,96,244310
33012,0.000503,172.31.47.0-255,66,38676,96,244310
33013,0.000521,172.217.194.0-255,2902,41578,96,244310
33014,0.000523,172.31.47.0-255,66,41644,96,244310
33015,0.000548,172.217.194.0-255,5738,47382,96,244310
33016,0.000551,172.31.47.0-255,66,47448,96,244310
33017,0.000586,172.31.47.0-255,66,47514,96,244310
33018,0.000613,172.217.194.0-255,2543,50057,96,244310
33019,0.000615,172.31.47.0-255,66,50123,96,244310
33020,0.000628,172.31.47.0-255,66,50189,96,244310
33021,0.00063,172.217.194.0-255,1484,51673,96,244310
33022,0.000633,172.31.47.0-255,66,51739,96,244310
33023,0.000638,172.217.194.0-255,2902,54641,96,244310
33024,0.00064,172.31.47.0-255,66,54707,96,244310
33025,0.000676,172.217.194.0-255,5738,60445,96,244310
33026,0.000679,172.31.47.0-255,66,60511,96,244310
33027,0.000715,172.217.194.0-255,1484,61995,96,244310
33028,0.000738,172.217.194.0-255,2902,64897,96,244310
33029,0.000756,172.217.194.0-255,5020,69917,96,244310
33030,0.000778,172.217.194.0-255,4320,74237,96,244310
33031,0.00081,172.217.194.0-255,2902,77139,96,244310
33032,0.000831,172.217.194.0-255,2902,80041,96,244310
33033,0.000834,172.217.194.0-255,766,80807,96,244310
33034,0.000843,172.31.47.0-255,66,80873,96,244310
33035,0.000869,172.31.47.0-255,66,80939,96,244310
33036,0.000893,172.217.194.0-255,1484,82423,96,244310
33037,0.000895,172.217.194.0-255,1484,83907,96,244310
33038,0.000991,172.31.47.0-255,66,83973,96,244310
33039,0.00102,172.31.47.0-255,66,84039,96,244310
33040,0.001563,172.217.194.0-255,1484,85523,96,244310
33041,0.001569,172.217.194.0-255,2902,88425,96,244310
33042,0.001597,172.217.194.0-255,5738,94163,96,244310
33043,0.001603,172.217.194.0-255,5738,99901,96,244310
33044,0.00162,172.217.194.0-255,4320,104221,96,244310
33045,0.001624,172.31.47.0-255,66,104287,96,244310
33046,0.001648,172.217.194.0-255,7156,111443,96,244310
33047,0.001659,172.217.194.0-255,1484,112927,96,244310
33048,0.001665,172.217.194.0-255,5020,117947,96,244310
33049,0.001668,172.31.47.0-255,66,118013,96,244310
33050,0.001694,172.31.47.0-255,66,118079,96,244310
33051,0.00183,172.217.194.0-255,1484,119563,96,244310
33052,0.001836,172.217.194.0-255,2902,122465,96,244310
33053,0.001848,172.31.47.0-255,66,122531,96,244310
33054,0.00186,172.217.194.0-255,5738,128269,96,244310
33055,0.001869,172.217.194.0-255,4320,132589,96,244310
33056,0.001911,172.217.194.0-255,2902,135491,96,244310
33057,0.001925,172.217.194.0-255,4320,139811,96,244310
33058,0.001938,172.217.194.0-255,3602,143413,96,244310
33059,0.001999,172.217.194.0-255,1484,144897,96,244310
33060,0.002004,172.217.194.0-255,2902,147799,96,244310
33061,0.002019,172.217.194.0-255,2902,150701,96,244310
33062,0.002031,172.217.194.0-255,2902,153603,96,244310
33063,0.002044,172.217.194.0-255,5738,159341,96,244310
33064,0.002069,172.217.194.0-255,7156,166497,96,244310
33065,0.002076,172.217.194.0-255,7156,173653,96,244310
33066,0.00209,172.217.194.0-255,3602,177255,96,244310
33067,0.002251,172.217.194.0-255,1484,178739,96,244310
33068,0.002257,172.217.194.0-255,2902,181641,96,244310
33069,0.002276,172.217.194.0-255,4320,185961,96,244310
33070,0.002287,172.217.194.0-255,1484,187445,96,244310
33071,0.002324,172.217.194.0-255,5738,193183,96,244310
33072,0.00234,172.217.194.0-255,5020,198203,96,244310
33073,0.005664,172.31.47.0-255,66,198269,96,244310
33074,0.008008,172.217.194.0-255,5738,204007,96,244310
33075,0.008017,172.31.47.0-255,66,204073,96,244310
33076,0.010368,172.217.194.0-255,5738,209811,96,244310
33077,0.010374,172.31.47.0-255,66,209877,96,244310
33078,0.012704,172.217.194.0-255,5738,215615,96,244310
33079,0.012712,172.31.47.0-255,66,215681,96,244310
33080,0.015025,172.217.194.0-255,5738,221419,96,244310
33081,0.015034,172.31.47.0-255,66,221485,96,244310
33082,0.017421,172.217.194.0-255,4320,225805,96,244310
33083,0.01743,172.31.47.0-255,66,225871,96,244310
33084,0.017461,172.217.194.0-255,1484,227355,96,244310
33085,0.017465,172.31.47.0-255,66,227421,96,244310
33086,0.019814,172.217.194.0-255,5738,233159,96,244310
33087,0.019826,172.31.47.0-255,66,233225,96,244310
33088,0.02218,172.217.194.0-255,5738,238963,96,244310
33089,0.022188,172.31.47.0-255,66,239029,96,244310
33090,0.024528,172.217.194.0-255,5044,244073,96,244310
33091,0.024535,172.31.47.0-255,66,244139,96,244310
33092,0.02473,172.31.47.0-255,105,244244,96,244310
33093,0.027009,172.217.194.0-255,66,244310,96,244310
33094,0.0,74.125.24.0-255,153,153,96,294246
33095,2.3e-05,172.31.47.0-255,66,219,96,294246
33096,2.9e-05,74.125.24.0-255,1484,1703,96,294246
33097,3.3e-05,172.31.47.0-255,66,1769,96,294246
33098,3.8e-05,74.125.24.0-255,2902,4671,96,294246
33099,4.1e-05,172.31.47.0-255,66,4737,96,294246
33100,4.8e-05,74.125.24.0-255,7156,11893,96,294246
33101,5e-05,172.31.47.0-255,66,11959,96,294246
33102,6.7e-05,74.125.24.0-255,2175,14134,96,294246
33103,6.9e-05,172.31.47.0-255,66,14200,96,294246
33104,0.000109,74.125.24.0-255,2902,17102,96,294246
33105,0.000112,172.31.47.0-255,66,17168,96,294246
33106,0.000116,74.125.24.0-255,2902,20070,96,294246
33107,0.000118,172.31.47.0-255,66,20136,96,294246
33108,0.000128,74.125.24.0-255,1484,21620,96,294246
33109,0.000131,172.31.47.0-255,66,21686,96,294246
33110,0.000154,74.125.24.0-255,5738,27424,96,294246
33111,0.000157,172.31.47.0-255,66,27490,96,294246
33112,0.000202,74.125.24.0-255,3961,31451,96,294246
33113,0.000204,172.31.47.0-255,66,31517,96,294246
33114,0.000237,74.125.24.0-255,4320,35837,96,294246
33115,0.00024,172.31.47.0-255,66,35903,96,294246
33116,0.000242,74.125.24.0-255,1484,37387,96,294246
33117,0.000244,172.31.47.0-255,66,37453,96,294246
33118,0.000262,74.125.24.0-255,4320,41773,96,294246
33119,0.000264,172.31.47.0-255,66,41839,96,294246
33120,0.000281,74.125.24.0-255,4320,46159,96,294246
33121,0.000284,172.31.47.0-255,66,46225,96,294246
33122,0.000312,172.31.47.0-255,66,46291,96,294246
33123,0.000321,172.31.47.0-255,66,46357,96,294246
33124,0.000345,74.125.24.0-255,2839,49196,96,294246
33125,0.000348,172.31.47.0-255,66,49262,96,294246
33126,0.000364,74.125.24.0-255,127,49389,96,294246
33127,0.000627,172.31.47.0-255,66,49455,96,294246
33128,0.000805,74.125.24.0-255,352,49807,96,294246
33129,0.000834,172.31.47.0-255,66,49873,96,294246
33130,0.001145,74.125.24.0-255,1484,51357,96,294246
33131,0.001154,74.125.24.0-255,2902,54259,96,294246
33132,0.001157,172.31.47.0-255,66,54325,96,294246
33133,0.001163,74.125.24.0-255,2902,57227,96,294246
33134,0.001164,172.31.47.0-255,66,57293,96,294246
33135,0.001177,74.125.24.0-255,2902,60195,96,294246
33136,0.001179,172.31.47.0-255,66,60261,96,294246
33137,0.001182,74.125.24.0-255,2902,63163,96,294246
33138,0.001184,172.31.47.0-255,66,63229,96,294246
33139,0.001196,74.125.24.0-255,4320,67549,96,294246
33140,0.001198,172.31.47.0-255,66,67615,96,294246
33141,0.00123,74.125.24.0-255,5738,73353,96,294246
33142,0.001232,172.31.47.0-255,66,73419,96,294246
33143,0.001242,172.31.47.0-255,66,73485,96,294246
33144,0.001244,74.125.24.0-255,1484,74969,96,294246
33145,0.001268,74.125.24.0-255,2902,77871,96,294246
33146,0.00127,172.31.47.0-255,66,77937,96,294246
33147,0.001275,74.125.24.0-255,4320,82257,96,294246
33148,0.001276,172.31.47.0-255,66,82323,96,294246
33149,0.001288,74.125.24.0-255,1484,83807,96,294246
33150,0.001292,74.125.24.0-255,2902,86709,96,294246
33151,0.001293,172.31.47.0-255,66,86775,96,294246
33152,0.001321,172.31.47.0-255,66,86841,96,294246
33153,0.00133,172.31.47.0-255,66,86907,96,294246
33154,0.001374,74.125.24.0-255,766,87673,96,294246
33155,0.001454,74.125.24.0-255,1484,89157,96,294246
33156,0.001457,172.31.47.0-255,66,89223,96,294246
33157,0.001462,74.125.24.0-255,2902,92125,96,294246
33158,0.001464,172.31.47.0-255,66,92191,96,294246
33159,0.001466,74.125.24.0-255,1484,93675,96,294246
33160,0.001485,74.125.24.0-255,4320,97995,96,294246
33161,0.001487,172.31.47.0-255,66,98061,96,294246
33162,0.001491,74.125.24.0-255,2902,100963,96,294246
33163,0.001492,172.31.47.0-255,66,101029,96,294246
33164,0.001524,172.31.47.0-255,66,101095,96,294246
33165,0.001529,74.125.24.0-255,7156,108251,96,294246
33166,0.001531,172.31.47.0-255,66,108317,96,294246
33167,0.001551,74.125.24.0-255,1484,109801,96,294246
33168,0.001573,172.31.47.0-255,66,109867,96,294246
33169,0.001607,172.31.47.0-255,66,109933,96,294246
33170,0.001613,172.31.47.0-255,66,109999,96,294246
33171,0.001618,74.125.24.0-255,5020,115019,96,294246
33172,0.00162,172.31.47.0-255,66,115085,96,294246
33173,0.001673,74.125.24.0-255,1484,116569,96,294246
33174,0.001677,74.125.24.0-255,2902,119471,96,294246
33175,0.00168,172.31.47.0-255,66,119537,96,294246
33176,0.001701,74.125.24.0-255,5738,125275,96,294246
33177,0.001704,172.31.47.0-255,66,125341,96,294246
33178,0.001719,74.125.24.0-255,5738,131079,96,294246
33179,0.001721,172.31.47.0-255,66,131145,96,294246
33180,0.001745,74.125.24.0-255,7156,138301,96,294246
33181,0.001748,172.31.47.0-255,66,138367,96,294246
33182,0.001752,74.125.24.0-255,4320,142687,96,294246
33183,0.001754,172.31.47.0-255,66,142753,96,294246
33184,0.001779,74.125.24.0-255,4320,147073,96,294246
33185,0.001781,172.31.47.0-255,66,147139,96,294246
33186,0.001793,74.125.24.0-255,2184,149323,96,294246
33187,0.001795,172.31.47.0-255,66,149389,96,294246
33188,0.001826,74.125.24.0-255,2902,152291,96,294246
33189,0.00183,172.31.47.0-255,66,152357,96,294246
33190,0.001848,74.125.24.0-255,2902,155259,96,294246
33191,0.00185,172.31.47.0-255,66,155325,96,294246
33192,0.001856,74.125.24.0-255,7156,162481,96,294246
33193,0.001857,172.31.47.0-255,66,162547,96,294246
33194,0.001904,172.31.47.0-255,66,162613,96,294246
33195,0.001919,74.125.24.0-255,4320,166933,96,294246
33196,0.001921,172.31.47.0-255,66,166999,96,294246
33197,0.001924,74.125.24.0-255,2902,169901,96,294246
33198,0.001926,172.31.47.0-255,66,169967,96,294246
33199,0.00195,74.125.24.0-255,3602,173569,96,294246
33200,0.001953,172.31.47.0-255,66,173635,96,294246
33201,0.001976,74.125.24.0-255,1484,175119,96,294246
33202,0.00199,74.125.24.0-255,2902,178021,96,294246
33203,0.001992,172.31.47.0-255,66,178087,96,294246
33204,0.002011,74.125.24.0-255,5738,183825,96,294246
33205,0.002014,172.31.47.0-255,66,183891,96,294246
33206,0.002037,172.31.47.0-255,66,183957,96,294246
33207,0.002054,74.125.24.0-255,1484,185441,96,294246
33208,0.002077,74.125.24.0-255,1484,186925,96,294246
33209,0.002079,172.31.47.0-255,66,186991,96,294246
33210,0.002093,74.125.24.0-255,5738,192729,96,294246
33211,0.002096,172.31.47.0-255,66,192795,96,294246
33212,0.002113,74.125.24.0-255,6438,199233,96,294246
33213,0.002115,172.31.47.0-255,66,199299,96,294246
33214,0.002221,74.125.24.0-255,1484,200783,96,294246
33215,0.002225,74.125.24.0-255,1484,202267,96,294246
33216,0.002227,172.31.47.0-255,66,202333,96,294246
33217,0.002245,74.125.24.0-255,1484,203817,96,294246
33218,0.002262,74.125.24.0-255,5738,209555,96,294246
33219,0.002264,172.31.47.0-255,66,209621,96,294246
33220,0.002309,74.125.24.0-255,2902,212523,96,294246
33221,0.002312,172.31.47.0-255,66,212589,96,294246
33222,0.002333,172.31.47.0-255,66,212655,96,294246
33223,0.002335,74.125.24.0-255,1484,214139,96,294246
33224,0.00234,74.125.24.0-255,4320,218459,96,294246
33225,0.002341,172.31.47.0-255,66,218525,96,294246
33226,0.002358,74.125.24.0-255,6438,224963,96,294246
33227,0.00236,172.31.47.0-255,66,225029,96,294246
33228,0.002428,74.125.24.0-255,1484,226513,96,294246
33229,0.002441,74.125.24.0-255,1484,227997,96,294246
33230,0.002443,172.31.47.0-255,66,228063,96,294246
33231,0.002462,74.125.24.0-255,4320,232383,96,294246
33232,0.002464,172.31.47.0-255,66,232449,96,294246
33233,0.002484,74.125.24.0-255,5738,238187,96,294246
33234,0.002486,172.31.47.0-255,66,238253,96,294246
33235,0.002506,74.125.24.0-255,4320,242573,96,294246
33236,0.002508,172.31.47.0-255,66,242639,96,294246
33237,0.002514,74.125.24.0-255,7156,249795,96,294246
33238,0.002515,172.31.47.0-255,66,249861,96,294246
33239,0.002525,172.31.47.0-255,66,249927,96,294246
33240,0.002527,74.125.24.0-255,1484,251411,96,294246
33241,0.002542,74.125.24.0-255,7156,258567,96,294246
33242,0.002546,172.31.47.0-255,66,258633,96,294246
33243,0.002558,74.125.24.0-255,2902,261535,96,294246
33244,0.00256,172.31.47.0-255,66,261601,96,294246
33245,0.002562,74.125.24.0-255,1484,263085,96,294246
33246,0.002564,74.125.24.0-255,1484,264569,96,294246
33247,0.002566,172.31.47.0-255,66,264635,96,294246
33248,0.002568,74.125.24.0-255,1484,266119,96,294246
33249,0.002592,74.125.24.0-255,2902,269021,96,294246
33250,0.002594,172.31.47.0-255,66,269087,96,294246
33251,0.002606,74.125.24.0-255,4320,273407,96,294246
33252,0.002608,172.31.47.0-255,66,273473,96,294246
33253,0.002626,74.125.24.0-255,5738,279211,96,294246
33254,0.002633,172.31.47.0-255,66,279277,96,294246
33255,0.002636,74.125.24.0-255,1484,280761,96,294246
33256,0.002653,74.125.24.0-255,3602,284363,96,294246
33257,0.002655,172.31.47.0-255,66,284429,96,294246
33258,0.002659,74.125.24.0-255,4320,288749,96,294246
33259,0.002661,172.31.47.0-255,66,288815,96,294246
33260,0.002676,74.125.24.0-255,1484,290299,96,294246
33261,0.00268,74.125.24.0-255,3539,293838,96,294246
33262,0.002682,172.31.47.0-255,66,293904,96,294246
33263,0.002684,74.125.24.0-255,105,294009,96,294246
33264,0.00463,172.31.47.0-255,66,294075,96,294246
33265,0.004685,172.31.47.0-255,105,294180,96,294246
33266,0.006879,74.125.24.0-255,66,294246,96,294246
33267,0.0,172.217.194.0-255,146,146,96,268408
33268,2.9e-05,172.31.47.0-255,66,212,96,268408
33269,3.5e-05,172.217.194.0-255,1484,1696,96,268408
33270,3.8e-05,172.31.47.0-255,66,1762,96,268408
33271,4.2e-05,172.217.194.0-255,2902,4664,96,268408
33272,4.5e-05,172.31.47.0-255,66,4730,96,268408
33273,5.7e-05,172.217.194.0-255,1484,6214,96,268408
33274,5.9e-05,172.31.47.0-255,66,6280,96,268408
33275,7.3e-05,172.217.194.0-255,1484,7764,96,268408
33276,7.5e-05,172.31.47.0-255,66,7830,96,268408
33277,8.8e-05,172.217.194.0-255,1484,9314,96,268408
33278,9e-05,172.31.47.0-255,66,9380,96,268408
33279,0.000108,172.217.194.0-255,2902,12282,96,268408
33280,0.000111,172.31.47.0-255,66,12348,96,268408
33281,0.000127,172.217.194.0-255,2103,14451,96,268408
33282,0.000129,172.31.47.0-255,66,14517,96,268408
33283,0.000133,172.217.194.0-255,2902,17419,96,268408
33284,0.000135,172.31.47.0-255,66,17485,96,268408
33285,0.000155,172.217.194.0-255,2902,20387,96,268408
33286,0.000158,172.31.47.0-255,66,20453,96,268408
33287,0.000186,172.217.194.0-255,4320,24773,96,268408
33288,0.000188,172.31.47.0-255,66,24839,96,268408
33289,0.00021,172.217.194.0-255,6797,31636,96,268408
33290,0.000212,172.31.47.0-255,66,31702,96,268408
33291,0.000362,172.217.194.0-255,1484,33186,96,268408
33292,0.000366,172.31.47.0-255,66,33252,96,268408
33293,0.00037,172.217.194.0-255,2902,36154,96,268408
33294,0.000378,172.31.47.0-255,66,36220,96,268408
33295,0.000386,172.217.194.0-255,5738,41958,96,268408
33296,0.000389,172.31.47.0-255,66,42024,96,268408
33297,0.000417,172.217.194.0-255,4320,46344,96,268408
33298,0.00042,172.31.47.0-255,66,46410,96,268408
33299,0.000447,172.31.47.0-255,66,46476,96,268408
33300,0.000464,172.217.194.0-255,2902,49378,96,268408
33301,0.000466,172.31.47.0-255,66,49444,96,268408
33302,0.000494,172.217.194.0-255,7102,56546,96,268408
33303,0.000497,172.31.47.0-255,66,56612,96,268408
33304,0.0005,172.217.194.0-255,382,56994,96,268408
33305,0.000502,172.31.47.0-255,66,57060,96,268408
33306,0.00075,172.217.194.0-255,1484,58544,96,268408
33307,0.000754,172.31.47.0-255,66,58610,96,268408
33308,0.000761,172.217.194.0-255,2902,61512,96,268408
33309,0.000763,172.31.47.0-255,66,61578,96,268408
33310,0.000766,172.217.194.0-255,1484,63062,96,268408
33311,0.000767,172.31.47.0-255,66,63128,96,268408
33312,0.000793,172.217.194.0-255,4320,67448,96,268408
33313,0.000797,172.31.47.0-255,66,67514,96,268408
33314,0.000805,172.31.47.0-255,66,67580,96,268408
33315,0.000824,172.217.194.0-255,4320,71900,96,268408
33316,0.000827,172.31.47.0-255,66,71966,96,268408
33317,0.000837,172.31.47.0-255,66,72032,96,268408
33318,0.001135,172.217.194.0-255,1484,73516,96,268408
33319,0.00114,172.31.47.0-255,66,73582,96,268408
33320,0.001147,172.217.194.0-255,2902,76484,96,268408
33321,0.001149,172.31.47.0-255,66,76550,96,268408
33322,0.001153,172.217.194.0-255,4320,80870,96,268408
33323,0.001171,172.217.194.0-255,1484,82354,96,268408
33324,0.001175,172.217.194.0-255,4320,86674,96,268408
33325,0.001186,172.31.47.0-255,66,86740,96,268408
33326,0.001204,172.217.194.0-255,1484,88224,96,268408
33327,0.00121,172.217.194.0-255,7156,95380,96,268408
33328,0.001226,172.217.194.0-255,2902,98282,96,268408
33329,0.001263,172.217.194.0-255,2902,101184,96,268408
33330,0.001266,172.31.47.0-255,66,101250,96,268408
33331,0.00127,172.31.47.0-255,66,101316,96,268408
33332,0.001336,172.31.47.0-255,66,101382,96,268408
33333,0.001352,172.217.194.0-255,4320,105702,96,268408
33334,0.001368,172.31.47.0-255,66,105768,96,268408
33335,0.001398,172.217.194.0-255,7156,112924,96,268408
33336,0.001416,172.217.194.0-255,7156,120080,96,268408
33337,0.00142,172.31.47.0-255,66,120146,96,268408
33338,0.001439,172.217.194.0-255,4320,124466,96,268408
33339,0.001445,172.31.47.0-255,66,124532,96,268408
33340,0.001454,172.217.194.0-255,5738,130270,96,268408
33341,0.001457,172.31.47.0-255,66,130336,96,268408
33342,0.001463,172.217.194.0-255,766,131102,96,268408
33343,0.001559,172.217.194.0-255,1484,132586,96,268408
33344,0.001563,172.217.194.0-255,2902,135488,96,268408
33345,0.001596,172.31.47.0-255,66,135554,96,268408
33346,0.001618,172.217.194.0-255,5738,141292,96,268408
33347,0.001624,172.217.194.0-255,7156,148448,96,268408
33348,0.001634,172.31.47.0-255,66,148514,96,268408
33349,0.001644,172.217.194.0-255,5738,154252,96,268408
33350,0.001647,172.31.47.0-255,66,154318,96,268408
33351,0.00167,172.217.194.0-255,2184,156502,96,268408
33352,0.001684,172.31.47.0-255,66,156568,96,268408
33353,0.001718,172.217.194.0-255,1484,158052,96,268408
33354,0.00172,172.217.194.0-255,1484,159536,96,268408
33355,0.001725,172.31.47.0-255,66,159602,96,268408
33356,0.001739,172.217.194.0-255,1484,161086,96,268408
33357,0.001754,172.217.194.0-255,5738,166824,96,268408
33358,0.001757,172.217.194.0-255,2902,169726,96,268408
33359,0.001767,172.31.47.0-255,66,169792,96,268408
33360,0.001787,172.217.194.0-255,4320,174112,96,268408
33361,0.001792,172.217.194.0-255,4320,178432,96,268408
33362,0.001804,172.31.47.0-255,66,178498,96,268408
33363,0.001815,172.31.47.0-255,66,178564,96,268408
33364,0.001822,172.217.194.0-255,2184,180748,96,268408
33365,0.001848,172.31.47.0-255,66,180814,96,268408
33366,0.001877,172.31.47.0-255,66,180880,96,268408
33367,0.001885,172.217.194.0-255,2902,183782,96,268408
33368,0.001887,172.217.194.0-255,1484,185266,96,268408
33369,0.00191,172.31.47.0-255,66,185332,96,268408
33370,0.001914,172.31.47.0-255,66,185398,96,268408
33371,0.001939,172.31.47.0-255,66,185464,96,268408
33372,0.001957,172.217.194.0-255,5738,191202,96,268408
33373,0.001969,172.217.194.0-255,1484,192686,96,268408
33374,0.001976,172.217.194.0-255,7156,199842,96,268408
33375,0.001979,172.31.47.0-255,66,199908,96,268408
33376,0.001985,172.217.194.0-255,1484,201392,96,268408
33377,0.001995,172.217.194.0-255,2902,204294,96,268408
33378,0.002019,172.31.47.0-255,66,204360,96,268408
33379,0.002039,172.217.194.0-255,5738,210098,96,268408
33380,0.002053,172.217.194.0-255,2902,213000,96,268408
33381,0.002055,172.31.47.0-255,66,213066,96,268408
33382,0.002058,172.31.47.0-255,66,213132,96,268408
33383,0.002077,172.217.194.0-255,5020,218152,96,268408
33384,0.002079,172.217.194.0-255,1484,219636,96,268408
33385,0.002082,172.31.47.0-255,66,219702,96,268408
33386,0.002128,172.217.194.0-255,4320,224022,96,268408
33387,0.002132,172.31.47.0-255,66,224088,96,268408
33388,0.002145,172.217.194.0-255,3602,227690,96,268408
33389,0.002161,172.31.47.0-255,66,227756,96,268408
33390,0.002186,172.217.194.0-255,1484,229240,96,268408
33391,0.002191,172.217.194.0-255,2902,232142,96,268408
33392,0.002194,172.31.47.0-255,66,232208,96,268408
33393,0.002215,172.217.194.0-255,5738,237946,96,268408
33394,0.002218,172.217.194.0-255,2902,240848,96,268408
33395,0.002222,172.31.47.0-255,66,240914,96,268408
33396,0.002241,172.217.194.0-255,5738,246652,96,268408
33397,0.00228,172.31.47.0-255,66,246718,96,268408
33398,0.002287,172.217.194.0-255,2902,249620,96,268408
33399,0.002291,172.31.47.0-255,66,249686,96,268408
33400,0.002321,172.217.194.0-255,3602,253288,96,268408
33401,0.002325,172.31.47.0-255,66,253354,96,268408
33402,0.002411,172.217.194.0-255,1484,254838,96,268408
33403,0.002434,172.217.194.0-255,2902,257740,96,268408
33404,0.002438,172.217.194.0-255,4320,262060,96,268408
33405,0.002442,172.31.47.0-255,66,262126,96,268408
33406,0.002457,172.217.194.0-255,1482,263608,96,268408
33407,0.00246,172.217.194.0-255,97,263705,96,268408
33408,0.002478,172.31.47.0-255,66,263771,96,268408
33409,0.002509,172.217.194.0-255,105,263876,96,268408
33410,0.003863,172.31.47.0-255,66,263942,96,268408
33411,0.003894,172.31.47.0-255,105,264047,96,268408
33412,0.006365,172.217.194.0-255,66,264113,96,268408
33413,0.023942,172.31.47.0-255,172,264285,96,268408
33414,0.023977,172.31.47.0-255,1105,265390,96,268408
33415,0.024032,172.31.47.0-255,1514,266904,96,268408
33416,0.024034,172.31.47.0-255,1306,268210,96,268408
33417,0.02549,104.244.42.0-255,66,268276,96,268408
33418,0.025525,104.244.42.0-255,66,268342,96,268408
33419,0.025588,104.244.42.0-255,66,268408,96,268408
33420,0.0,74.125.24.0-255,298,298,96,226631
33421,1.7e-05,172.31.47.0-255,66,364,96,226631
33422,2.3e-05,74.125.24.0-255,1484,1848,96,226631
33423,2.7e-05,172.31.47.0-255,66,1914,96,226631
33424,3.3e-05,74.125.24.0-255,4320,6234,96,226631
33425,3.6e-05,172.31.47.0-255,66,6300,96,226631
33426,4.4e-05,74.125.24.0-255,7156,13456,96,226631
33427,4.7e-05,172.31.47.0-255,66,13522,96,226631
33428,6.9e-05,74.125.24.0-255,1846,15368,96,226631
33429,7.1e-05,172.31.47.0-255,66,15434,96,226631
33430,8.2e-05,172.31.47.0-255,66,15500,96,226631
33431,8.5e-05,74.125.24.0-255,2902,18402,96,226631
33432,8.7e-05,172.31.47.0-255,66,18468,96,226631
33433,0.00011,74.125.24.0-255,2543,21011,96,226631
33434,0.000113,172.31.47.0-255,66,21077,96,226631
33435,0.000152,74.125.24.0-255,1484,22561,96,226631
33436,0.000155,172.31.47.0-255,66,22627,96,226631
33437,0.000159,74.125.24.0-255,2902,25529,96,226631
33438,0.000161,172.31.47.0-255,66,25595,96,226631
33439,0.000178,74.125.24.0-255,5738,31333,96,226631
33440,0.00018,172.31.47.0-255,66,31399,96,226631
33441,0.000182,74.125.24.0-255,1484,32883,96,226631
33442,0.000184,172.31.47.0-255,66,32949,96,226631
33443,0.000207,74.125.24.0-255,4320,37269,96,226631
33444,0.000209,172.31.47.0-255,66,37335,96,226631
33445,0.000212,74.125.24.0-255,1484,38819,96,226631
33446,0.000213,172.31.47.0-255,66,38885,96,226631
33447,0.000232,74.125.24.0-255,7156,46041,96,226631
33448,0.000234,172.31.47.0-255,66,46107,96,226631
33449,0.000264,74.125.24.0-255,5379,51486,96,226631
33450,0.000267,172.31.47.0-255,66,51552,96,226631
33451,0.000271,74.125.24.0-255,3961,55513,96,226631
33452,0.000273,172.31.47.0-255,66,55579,96,226631
33453,0.000305,74.125.24.0-255,646,56225,96,226631
33454,0.000445,74.125.24.0-255,1484,57709,96,226631
33455,0.000449,172.31.47.0-255,66,57775,96,226631
33456,0.000455,74.125.24.0-255,2902,60677,96,226631
33457,0.000458,172.31.47.0-255,66,60743,96,226631
33458,0.000463,74.125.24.0-255,4320,65063,96,226631
33459,0.000465,172.31.47.0-255,66,65129,96,226631
33460,0.00048,74.125.24.0-255,1484,66613,96,226631
33461,0.000491,172.31.47.0-255,66,66679,96,226631
33462,0.000506,74.125.24.0-255,1484,68163,96,226631
33463,0.000533,172.31.47.0-255,66,68229,96,226631
33464,0.001004,74.125.24.0-255,1484,69713,96,226631
33465,0.001011,74.125.24.0-255,2902,72615,96,226631
33466,0.001015,172.31.47.0-255,66,72681,96,226631
33467,0.001021,74.125.24.0-255,2902,75583,96,226631
33468,0.001023,172.31.47.0-255,66,75649,96,226631
33469,0.001041,74.125.24.0-255,2902,78551,96,226631
33470,0.001044,172.31.47.0-255,66,78617,96,226631
33471,0.00105,74.125.24.0-255,5738,84355,96,226631
33472,0.001052,172.31.47.0-255,66,84421,96,226631
33473,0.001057,74.125.24.0-255,2902,87323,96,226631
33474,0.001059,172.31.47.0-255,66,87389,96,226631
33475,0.001096,74.125.24.0-255,4471,91860,96,226631
33476,0.001106,172.31.47.0-255,66,91926,96,226631
33477,0.001109,172.31.47.0-255,66,91992,96,226631
33478,0.001361,74.125.24.0-255,1484,93476,96,226631
33479,0.001367,74.125.24.0-255,2902,96378,96,226631
33480,0.001371,172.31.47.0-255,66,96444,96,226631
33481,0.001378,74.125.24.0-255,5738,102182,96,226631
33482,0.001381,172.31.47.0-255,66,102248,96,226631
33483,0.001413,74.125.24.0-255,7156,109404,96,226631
33484,0.001433,172.31.47.0-255,66,109470,96,226631
33485,0.001439,74.125.24.0-255,4320,113790,96,226631
33486,0.001443,74.125.24.0-255,2184,115974,96,226631
33487,0.001636,74.125.24.0-255,1484,117458,96,226631
33488,0.001641,74.125.24.0-255,2902,120360,96,226631
33489,0.001653,74.125.24.0-255,1484,121844,96,226631
33490,0.001666,74.125.24.0-255,4320,126164,96,226631
33491,0.001693,74.125.24.0-255,1484,127648,96,226631
33492,0.002196,74.125.24.0-255,1484,129132,96,226631
33493,0.002203,74.125.24.0-255,2902,132034,96,226631
33494,0.002207,74.125.24.0-255,4320,136354,96,226631
33495,0.002219,74.125.24.0-255,1484,137838,96,226631
33496,0.002225,74.125.24.0-255,4320,142158,96,226631
33497,0.002251,74.125.24.0-255,1484,143642,96,226631
33498,0.002305,74.125.24.0-255,1484,145126,96,226631
33499,0.002322,74.125.24.0-255,2902,148028,96,226631
33500,0.002324,74.125.24.0-255,1484,149512,96,226631
33501,0.002342,74.125.24.0-255,4320,153832,96,226631
33502,0.00238,74.125.24.0-255,4320,158152,96,226631
33503,0.002409,74.125.24.0-255,5738,163890,96,226631
33504,0.002428,74.125.24.0-255,5020,168910,96,226631
33505,0.006161,172.31.47.0-255,66,168976,96,226631
33506,0.006167,172.31.47.0-255,66,169042,96,226631
33507,0.00617,172.31.47.0-255,66,169108,96,226631
33508,0.006184,172.31.47.0-255,66,169174,96,226631
33509,0.006188,172.31.47.0-255,66,169240,96,226631
33510,0.006193,172.31.47.0-255,66,169306,96,226631
33511,0.006197,172.31.47.0-255,66,169372,96,226631
33512,0.0062,172.31.47.0-255,66,169438,96,226631
33513,0.006203,172.31.47.0-255,66,169504,96,226631
33514,0.006206,172.31.47.0-255,66,169570,96,226631
33515,0.006209,172.31.47.0-255,66,169636,96,226631
33516,0.006212,172.31.47.0-255,66,169702,96,226631
33517,0.006215,172.31.47.0-255,66,169768,96,226631
33518,0.006219,172.31.47.0-255,66,169834,96,226631
33519,0.006222,172.31.47.0-255,66,169900,96,226631
33520,0.006224,172.31.47.0-255,66,169966,96,226631
33521,0.006227,172.31.47.0-255,66,170032,96,226631
33522,0.00623,172.31.47.0-255,66,170098,96,226631
33523,0.008806,74.125.24.0-255,5738,175836,96,226631
33524,0.008813,172.31.47.0-255,66,175902,96,226631
33525,0.011386,74.125.24.0-255,5738,181640,96,226631
33526,0.011395,172.31.47.0-255,66,181706,96,226631
33527,0.013955,74.125.24.0-255,5738,187444,96,226631
33528,0.013963,172.31.47.0-255,66,187510,96,226631
33529,0.016527,74.125.24.0-255,5738,193248,96,226631
33530,0.016535,172.31.47.0-255,66,193314,96,226631
33531,0.019101,74.125.24.0-255,5738,199052,96,226631
33532,0.019112,172.31.47.0-255,66,199118,96,226631
33533,0.021702,74.125.24.0-255,5738,204856,96,226631
33534,0.021709,172.31.47.0-255,66,204922,96,226631
33535,0.024249,74.125.24.0-255,5738,210660,96,226631
33536,0.024257,172.31.47.0-255,66,210726,96,226631
33537,0.026451,172.31.47.0-255,172,210898,96,226631
33538,0.026477,172.31.47.0-255,1110,212008,96,226631
33539,0.026526,172.31.47.0-255,1514,213522,96,226631
33540,0.026527,172.31.47.0-255,1303,214825,96,226631
33541,0.026814,74.125.24.0-255,5738,220563,96,226631
33542,0.026822,172.31.47.0-255,66,220629,96,226631
33543,0.027937,104.244.42.0-255,66,220695,96,226631
33544,0.027962,104.244.42.0-255,66,220761,96,226631
33545,0.028028,104.244.42.0-255,66,220827,96,226631
33546,0.029387,74.125.24.0-255,5738,226565,96,226631
33547,0.029392,172.31.47.0-255,66,226631,96,226631
33548,0.0,172.31.47.0-255,105,105,96,276
33549,0.00149,157.240.13.0-255,105,210,96,276
33550,0.0015,172.31.47.0-255,66,276,96,276
33551,0.0,172.253.118.0-255,145,145,96,239706
33552,2.7e-05,172.31.47.0-255,66,211,96,239706
33553,3.4e-05,172.253.118.0-255,1484,1695,96,239706
33554,3.9e-05,172.31.47.0-255,66,1761,96,239706
33555,4.5e-05,172.253.118.0-255,2902,4663,96,239706
33556,4.9e-05,172.31.47.0-255,66,4729,96,239706
33557,5.4e-05,172.253.118.0-255,4320,9049,96,239706
33558,5.8e-05,172.31.47.0-255,66,9115,96,239706
33559,6.3e-05,172.253.118.0-255,4919,14034,96,239706
33560,6.7e-05,172.31.47.0-255,66,14100,96,239706
33561,0.00011,172.253.118.0-255,7156,21256,96,239706
33562,0.000114,172.31.47.0-255,66,21322,96,239706
33563,0.000125,172.31.47.0-255,66,21388,96,239706
33564,0.000128,172.253.118.0-255,1484,22872,96,239706
33565,0.00013,172.31.47.0-255,66,22938,96,239706
33566,0.00016,172.31.47.0-255,66,23004,96,239706
33567,0.000163,172.253.118.0-255,766,23770,96,239706
33568,0.000165,172.31.47.0-255,66,23836,96,239706
33569,0.000191,172.253.118.0-255,1484,25320,96,239706
33570,0.000193,172.31.47.0-255,66,25386,96,239706
33571,0.000198,172.253.118.0-255,2902,28288,96,239706
33572,0.0002,172.31.47.0-255,66,28354,96,239706
33573,0.000218,172.253.118.0-255,2902,31256,96,239706
33574,0.00022,172.31.47.0-255,66,31322,96,239706
33575,0.000242,172.253.118.0-255,2902,34224,96,239706
33576,0.000244,172.31.47.0-255,66,34290,96,239706
33577,0.000263,172.253.118.0-255,4320,38610,96,239706
33578,0.000265,172.31.47.0-255,66,38676,96,239706
33579,0.000282,172.253.118.0-255,2543,41219,96,239706
33580,0.000285,172.31.47.0-255,66,41285,96,239706
33581,0.000287,172.253.118.0-255,363,41648,96,239706
33582,0.000289,172.31.47.0-255,66,41714,96,239706
33583,0.000648,172.253.118.0-255,379,42093,96,239706
33584,0.000657,172.31.47.0-255,66,42159,96,239706
33585,0.0008,172.253.118.0-255,1484,43643,96,239706
33586,0.000805,172.31.47.0-255,66,43709,96,239706
33587,0.000809,172.253.118.0-255,1484,45193,96,239706
33588,0.000811,172.31.47.0-255,66,45259,96,239706
33589,0.000827,172.253.118.0-255,1484,46743,96,239706
33590,0.00083,172.31.47.0-255,66,46809,96,239706
33591,0.000837,172.253.118.0-255,5738,52547,96,239706
33592,0.000839,172.31.47.0-255,66,52613,96,239706
33593,0.000874,172.31.47.0-255,66,52679,96,239706
33594,0.000896,172.253.118.0-255,5379,58058,96,239706
33595,0.000902,172.31.47.0-255,66,58124,96,239706
33596,0.000915,172.253.118.0-255,7156,65280,96,239706
33597,0.00093,172.253.118.0-255,2543,67823,96,239706
33598,0.00094,172.31.47.0-255,66,67889,96,239706
33599,0.001107,172.253.118.0-255,1484,69373,96,239706
33600,0.001123,172.253.118.0-255,2902,72275,96,239706
33601,0.001126,172.31.47.0-255,66,72341,96,239706
33602,0.00113,172.253.118.0-255,1484,73825,96,239706
33603,0.001146,172.253.118.0-255,4320,78145,96,239706
33604,0.001162,172.31.47.0-255,66,78211,96,239706
33605,0.001174,172.253.118.0-255,2902,81113,96,239706
33606,0.001195,172.31.47.0-255,66,81179,96,239706
33607,0.001211,172.253.118.0-255,5738,86917,96,239706
33608,0.001217,172.31.47.0-255,66,86983,96,239706
33609,0.001228,172.253.118.0-255,5020,92003,96,239706
33610,0.001249,172.31.47.0-255,66,92069,96,239706
33611,0.001277,172.253.118.0-255,1484,93553,96,239706
33612,0.001281,172.253.118.0-255,1484,95037,96,239706
33613,0.001294,172.253.118.0-255,1484,96521,96,239706
33614,0.001298,172.31.47.0-255,66,96587,96,239706
33615,0.001307,172.253.118.0-255,2902,99489,96,239706
33616,0.001312,172.31.47.0-255,66,99555,96,239706
33617,0.001321,172.253.118.0-255,2902,102457,96,239706
33618,0.001337,172.253.118.0-255,5738,108195,96,239706
33619,0.001355,172.253.118.0-255,4320,112515,96,239706
33620,0.001358,172.253.118.0-255,1484,113999,96,239706
33621,0.001363,172.31.47.0-255,66,114065,96,239706
33622,0.001399,172.31.47.0-255,66,114131,96,239706
33623,0.00141,172.253.118.0-255,3602,117733,96,239706
33624,0.001428,172.31.47.0-255,66,117799,96,239706
33625,0.001657,172.253.118.0-255,1484,119283,96,239706
33626,0.001676,172.253.118.0-255,2902,122185,96,239706
33627,0.00168,172.31.47.0-255,66,122251,96,239706
33628,0.001685,172.253.118.0-255,2902,125153,96,239706
33629,0.001692,172.31.47.0-255,66,125219,96,239706
33630,0.001703,172.253.118.0-255,2902,128121,96,239706
33631,0.001718,172.253.118.0-255,4320,132441,96,239706
33632,0.001728,172.31.47.0-255,66,132507,96,239706
33633,0.001743,172.253.118.0-255,4320,136827,96,239706
33634,0.001802,172.253.118.0-255,5020,141847,96,239706
33635,0.001811,172.31.47.0-255,66,141913,96,239706
33636,0.002006,172.253.118.0-255,1484,143397,96,239706
33637,0.002021,172.253.118.0-255,2902,146299,96,239706
33638,0.002025,172.31.47.0-255,66,146365,96,239706
33639,0.002045,172.253.118.0-255,5738,152103,96,239706
33640,0.002069,172.253.118.0-255,4320,156423,96,239706
33641,0.002074,172.31.47.0-255,66,156489,96,239706
33642,0.002086,172.253.118.0-255,5738,162227,96,239706
33643,0.002088,172.253.118.0-255,1484,163711,96,239706
33644,0.002104,172.31.47.0-255,66,163777,96,239706
33645,0.002126,172.253.118.0-255,2184,165961,96,239706
33646,0.002146,172.31.47.0-255,66,166027,96,239706
33647,0.002457,172.253.118.0-255,1484,167511,96,239706
33648,0.002464,172.253.118.0-255,2902,170413,96,239706
33649,0.002467,172.31.47.0-255,66,170479,96,239706
33650,0.002492,172.253.118.0-255,5738,176217,96,239706
33651,0.002514,172.253.118.0-255,5738,181955,96,239706
33652,0.00254,172.253.118.0-255,7156,189111,96,239706
33653,0.00848,172.31.47.0-255,66,189177,96,239706
33654,0.011017,172.253.118.0-255,5738,194915,96,239706
33655,0.011024,172.31.47.0-255,66,194981,96,239706
33656,0.013561,172.253.118.0-255,5738,200719,96,239706
33657,0.01357,172.31.47.0-255,66,200785,96,239706
33658,0.016116,172.253.118.0-255,5738,206523,96,239706
33659,0.016128,172.31.47.0-255,66,206589,96,239706
33660,0.018677,172.253.118.0-255,5738,212327,96,239706
33661,0.018687,172.31.47.0-255,66,212393,96,239706
33662,0.021198,172.253.118.0-255,5738,218131,96,239706
33663,0.021207,172.31.47.0-255,66,218197,96,239706
33664,0.023751,172.253.118.0-255,5738,223935,96,239706
33665,0.023759,172.31.47.0-255,66,224001,96,239706
33666,0.026311,172.253.118.0-255,5738,229739,96,239706
33667,0.026324,172.31.47.0-255,66,229805,96,239706
33668,0.028824,172.253.118.0-255,5738,235543,96,239706
33669,0.028834,172.31.47.0-255,66,235609,96,239706
33670,0.029519,172.31.47.0-255,172,235781,96,239706
33671,0.02955,172.31.47.0-255,1110,236891,96,239706
33672,0.029596,172.31.47.0-255,1514,238405,96,239706
33673,0.029598,172.31.47.0-255,1301,239706,96,239706
33674,0.0,172.31.47.0-255,105,105,96,105
33675,0.0,74.125.200.0-255,297,297,96,239726
33676,3.1e-05,172.31.47.0-255,66,363,96,239726
33677,3.7e-05,74.125.200.0-255,1484,1847,96,239726
33678,4.1e-05,172.31.47.0-255,66,1913,96,239726
33679,4.4e-05,74.125.200.0-255,2902,4815,96,239726
33680,5.3e-05,172.31.47.0-255,66,4881,96,239726
33681,5.8e-05,74.125.200.0-255,4320,9201,96,239726
33682,6e-05,172.31.47.0-255,66,9267,96,239726
33683,8.7e-05,74.125.200.0-255,1484,10751,96,239726
33684,8.9e-05,172.31.47.0-255,66,10817,96,239726
33685,0.000101,74.125.200.0-255,2902,13719,96,239726
33686,0.000106,172.31.47.0-255,66,13785,96,239726
33687,0.000126,74.125.200.0-255,604,14389,96,239726
33688,0.000129,172.31.47.0-255,66,14455,96,239726
33689,0.000268,74.125.200.0-255,1484,15939,96,239726
33690,0.000272,172.31.47.0-255,66,16005,96,239726
33691,0.000276,74.125.200.0-255,1484,17489,96,239726
33692,0.000278,172.31.47.0-255,66,17555,96,239726
33693,0.000295,74.125.200.0-255,1484,19039,96,239726
33694,0.000297,172.31.47.0-255,66,19105,96,239726
33695,0.000302,74.125.200.0-255,4320,23425,96,239726
33696,0.000309,172.31.47.0-255,66,23491,96,239726
33697,0.000349,74.125.200.0-255,7156,30647,96,239726
33698,0.000352,172.31.47.0-255,66,30713,96,239726
33699,0.000376,74.125.200.0-255,2543,33256,96,239726
33700,0.000379,172.31.47.0-255,66,33322,96,239726
33701,0.00039,172.31.47.0-255,66,33388,96,239726
33702,0.000429,74.125.200.0-255,5738,39126,96,239726
33703,0.000431,172.31.47.0-255,66,39192,96,239726
33704,0.000459,74.125.200.0-255,4320,43512,96,239726
33705,0.000462,172.31.47.0-255,66,43578,96,239726
33706,0.000478,172.31.47.0-255,66,43644,96,239726
33707,0.000481,74.125.200.0-255,766,44410,96,239726
33708,0.000555,74.125.200.0-255,392,44802,96,239726
33709,0.00059,74.125.200.0-255,116,44918,96,239726
33710,0.000647,74.125.200.0-255,333,45251,96,239726
33711,0.000705,172.31.47.0-255,66,45317,96,239726
33712,0.000857,74.125.200.0-255,1484,46801,96,239726
33713,0.000866,74.125.200.0-255,2902,49703,96,239726
33714,0.000869,172.31.47.0-255,66,49769,96,239726
33715,0.000899,74.125.200.0-255,5738,55507,96,239726
33716,0.000902,172.31.47.0-255,66,55573,96,239726
33717,0.000907,74.125.200.0-255,4320,59893,96,239726
33718,0.000909,172.31.47.0-255,66,59959,96,239726
33719,0.000914,74.125.200.0-255,5738,65697,96,239726
33720,0.000921,172.31.47.0-255,66,65763,96,239726
33721,0.000957,172.31.47.0-255,66,65829,96,239726
33722,0.000961,74.125.200.0-255,2184,68013,96,239726
33723,0.000963,172.31.47.0-255,66,68079,96,239726
33724,0.001191,74.125.200.0-255,1484,69563,96,239726
33725,0.001198,74.125.200.0-255,2902,72465,96,239726
33726,0.001201,172.31.47.0-255,66,72531,96,239726
33727,0.001208,74.125.200.0-255,5738,78269,96,239726
33728,0.001209,172.31.47.0-255,66,78335,96,239726
33729,0.001212,74.125.200.0-255,1484,79819,96,239726
33730,0.001242,74.125.200.0-255,5738,85557,96,239726
33731,0.001248,172.31.47.0-255,66,85623,96,239726
33732,0.001253,74.125.200.0-255,4320,89943,96,239726
33733,0.001255,172.31.47.0-255,66,90009,96,239726
33734,0.001295,172.31.47.0-255,66,90075,96,239726
33735,0.001299,74.125.200.0-255,2184,92259,96,239726
33736,0.001301,172.31.47.0-255,66,92325,96,239726
33737,0.001357,74.125.200.0-255,2902,95227,96,239726
33738,0.001361,172.31.47.0-255,66,95293,96,239726
33739,0.001366,74.125.200.0-255,4320,99613,96,239726
33740,0.001368,172.31.47.0-255,66,99679,96,239726
33741,0.001399,172.31.47.0-255,66,99745,96,239726
33742,0.001405,74.125.200.0-255,5738,105483,96,239726
33743,0.001406,172.31.47.0-255,66,105549,96,239726
33744,0.001439,74.125.200.0-255,7156,112705,96,239726
33745,0.001442,172.31.47.0-255,66,112771,96,239726
33746,0.001446,74.125.200.0-255,1484,114255,96,239726
33747,0.001471,74.125.200.0-255,3602,117857,96,239726
33748,0.001473,172.31.47.0-255,66,117923,96,239726
33749,0.00168,74.125.200.0-255,1484,119407,96,239726
33750,0.001695,74.125.200.0-255,2902,122309,96,239726
33751,0.001698,172.31.47.0-255,66,122375,96,239726
33752,0.001704,74.125.200.0-255,4320,126695,96,239726
33753,0.001706,172.31.47.0-255,66,126761,96,239726
33754,0.001732,74.125.200.0-255,1484,128245,96,239726
33755,0.001744,172.31.47.0-255,66,128311,96,239726
33756,0.001747,74.125.200.0-255,1484,129795,96,239726
33757,0.001776,172.31.47.0-255,66,129861,96,239726
33758,0.001781,74.125.200.0-255,5020,134881,96,239726
33759,0.001782,172.31.47.0-255,66,134947,96,239726
33760,0.001934,74.125.200.0-255,1484,136431,96,239726
33761,0.00195,74.125.200.0-255,2902,139333,96,239726
33762,0.001953,172.31.47.0-255,66,139399,96,239726
33763,0.001974,74.125.200.0-255,5738,145137,96,239726
33764,0.001976,172.31.47.0-255,66,145203,96,239726
33765,0.001981,74.125.200.0-255,5738,150941,96,239726
33766,0.001983,172.31.47.0-255,66,151007,96,239726
33767,0.002014,74.125.200.0-255,7156,158163,96,239726
33768,0.002017,172.31.47.0-255,66,158229,96,239726
33769,0.002048,172.31.47.0-255,66,158295,96,239726
33770,0.002101,74.125.200.0-255,2902,161197,96,239726
33771,0.002104,172.31.47.0-255,66,161263,96,239726
33772,0.002106,172.31.47.0-255,66,161329,96,239726
33773,0.004164,74.125.200.0-255,5738,167067,96,239726
33774,0.004168,172.31.47.0-255,66,167133,96,239726
33775,0.006224,74.125.200.0-255,5738,172871,96,239726
33776,0.006235,172.31.47.0-255,66,172937,96,239726
33777,0.008275,74.125.200.0-255,5738,178675,96,239726
33778,0.008282,172.31.47.0-255,66,178741,96,239726
33779,0.010349,74.125.200.0-255,5738,184479,96,239726
33780,0.010359,172.31.47.0-255,66,184545,96,239726
33781,0.012429,74.125.200.0-255,5738,190283,96,239726
33782,0.012441,172.31.47.0-255,66,190349,96,239726
33783,0.014497,74.125.200.0-255,5738,196087,96,239726
33784,0.014512,172.31.47.0-255,66,196153,96,239726
33785,0.016564,74.125.200.0-255,5738,201891,96,239726
33786,0.016575,172.31.47.0-255,66,201957,96,239726
33787,0.018632,74.125.200.0-255,5738,207695,96,239726
33788,0.018645,172.31.47.0-255,66,207761,96,239726
33789,0.020701,74.125.200.0-255,5738,213499,96,239726
33790,0.020709,172.31.47.0-255,66,213565,96,239726
33791,0.022754,74.125.200.0-255,5738,219303,96,239726
33792,0.022763,172.31.47.0-255,66,219369,96,239726
33793,0.024809,74.125.200.0-255,5738,225107,96,239726
33794,0.024819,172.31.47.0-255,66,225173,96,239726
33795,0.026788,172.31.47.0-255,172,225345,96,239726
33796,0.026835,172.31.47.0-255,1105,226450,96,239726
33797,0.026861,74.125.200.0-255,4320,230770,96,239726
33798,0.026867,172.31.47.0-255,66,230836,96,239726
33799,0.026885,74.125.200.0-255,1484,232320,96,239726
33800,0.02693,172.31.47.0-255,1514,233834,96,239726
33801,0.026931,172.31.47.0-255,1308,235142,96,239726
33802,0.028335,104.244.42.0-255,66,235208,96,239726
33803,0.028377,104.244.42.0-255,66,235274,96,239726
33804,0.028466,104.244.42.0-255,66,235340,96,239726
33805,0.028921,74.125.200.0-255,4320,239660,96,239726
33806,0.028925,172.31.47.0-255,66,239726,96,239726
33807,0.0,172.31.47.0-255,105,105,96,276
33808,0.001767,157.240.13.0-255,105,210,96,276
33809,0.001781,172.31.47.0-255,66,276,96,276
33810,0.0,74.125.24.0-255,153,153,96,174474
33811,1.7e-05,172.31.47.0-255,66,219,96,174474
33812,4.1e-05,74.125.24.0-255,1484,1703,96,174474
33813,4.6e-05,172.31.47.0-255,66,1769,96,174474
33814,5.2e-05,74.125.24.0-255,2902,4671,96,174474
33815,5.4e-05,172.31.47.0-255,66,4737,96,174474
33816,6.3e-05,74.125.24.0-255,5738,10475,96,174474
33817,6.6e-05,172.31.47.0-255,66,10541,96,174474
33818,0.000103,172.31.47.0-255,66,10607,96,174474
33819,0.000111,74.125.24.0-255,6797,17404,96,174474
33820,0.000113,172.31.47.0-255,66,17470,96,174474
33821,0.000211,74.125.24.0-255,1484,18954,96,174474
33822,0.000215,172.31.47.0-255,66,19020,96,174474
33823,0.00022,74.125.24.0-255,2902,21922,96,174474
33824,0.000223,172.31.47.0-255,66,21988,96,174474
33825,0.000228,74.125.24.0-255,2902,24890,96,174474
33826,0.00023,172.31.47.0-255,66,24956,96,174474
33827,0.000254,74.125.24.0-255,2902,27858,96,174474
33828,0.000257,172.31.47.0-255,66,27924,96,174474
33829,0.000264,74.125.24.0-255,6797,34721,96,174474
33830,0.000266,172.31.47.0-255,66,34787,96,174474
33831,0.000271,74.125.24.0-255,2902,37689,96,174474
33832,0.000273,172.31.47.0-255,66,37755,96,174474
33833,0.000305,172.31.47.0-255,66,37821,96,174474
33834,0.000309,74.125.24.0-255,2815,40636,96,174474
33835,0.000311,172.31.47.0-255,66,40702,96,174474
33836,0.000313,74.125.24.0-255,128,40830,96,174474
33837,0.000316,172.31.47.0-255,66,40896,96,174474
33838,0.001245,74.125.24.0-255,1484,42380,96,174474
33839,0.001252,172.31.47.0-255,66,42446,96,174474
33840,0.001261,74.125.24.0-255,2902,45348,96,174474
33841,0.001263,172.31.47.0-255,66,45414,96,174474
33842,0.00127,74.125.24.0-255,5738,51152,96,174474
33843,0.001272,172.31.47.0-255,66,51218,96,174474
33844,0.001295,74.125.24.0-255,7156,58374,96,174474
33845,0.001297,172.31.47.0-255,66,58440,96,174474
33846,0.001321,74.125.24.0-255,3961,62401,96,174474
33847,0.001324,172.31.47.0-255,66,62467,96,174474
33848,0.001338,172.31.47.0-255,66,62533,96,174474
33849,0.001369,74.125.24.0-255,2902,65435,96,174474
33850,0.001371,172.31.47.0-255,66,65501,96,174474
33851,0.001398,172.31.47.0-255,66,65567,96,174474
33852,0.001663,74.125.24.0-255,1484,67051,96,174474
33853,0.001672,74.125.24.0-255,2902,69953,96,174474
33854,0.001677,172.31.47.0-255,66,70019,96,174474
33855,0.001684,74.125.24.0-255,5738,75757,96,174474
33856,0.001686,172.31.47.0-255,66,75823,96,174474
33857,0.00169,74.125.24.0-255,2902,78725,96,174474
33858,0.001692,172.31.47.0-255,66,78791,96,174474
33859,0.001715,172.31.47.0-255,66,78857,96,174474
33860,0.001735,74.125.24.0-255,1484,80341,96,174474
33861,0.001748,172.31.47.0-255,66,80407,96,174474
33862,0.001758,74.125.24.0-255,1484,81891,96,174474
33863,0.001783,172.31.47.0-255,66,81957,96,174474
33864,0.001813,172.31.47.0-255,66,82023,96,174474
33865,0.001831,74.125.24.0-255,2902,84925,96,174474
33866,0.001834,172.31.47.0-255,66,84991,96,174474
33867,0.001852,74.125.24.0-255,4320,89311,96,174474
33868,0.001855,172.31.47.0-255,66,89377,96,174474
33869,0.001873,74.125.24.0-255,2902,92279,96,174474
33870,0.001875,172.31.47.0-255,66,92345,96,174474
33871,0.001893,74.125.24.0-255,2184,94529,96,174474
33872,0.001895,172.31.47.0-255,66,94595,96,174474
33873,0.003922,74.125.24.0-255,2902,97497,96,174474
33874,0.003927,172.31.47.0-255,66,97563,96,174474
33875,0.003964,74.125.24.0-255,2902,100465,96,174474
33876,0.003967,172.31.47.0-255,66,100531,96,174474
33877,0.005996,74.125.24.0-255,5738,106269,96,174474
33878,0.006,172.31.47.0-255,66,106335,96,174474
33879,0.008068,74.125.24.0-255,5738,112073,96,174474
33880,0.008075,172.31.47.0-255,66,112139,96,174474
33881,0.010122,74.125.24.0-255,5738,117877,96,174474
33882,0.010129,172.31.47.0-255,66,117943,96,174474
33883,0.012217,74.125.24.0-255,5738,123681,96,174474
33884,0.012225,172.31.47.0-255,66,123747,96,174474
33885,0.014276,74.125.24.0-255,5738,129485,96,174474
33886,0.014282,172.31.47.0-255,66,129551,96,174474
33887,0.0163,74.125.24.0-255,5738,135289,96,174474
33888,0.016306,172.31.47.0-255,66,135355,96,174474
33889,0.018378,74.125.24.0-255,5738,141093,96,174474
33890,0.018386,172.31.47.0-255,66,141159,96,174474
33891,0.02047,74.125.24.0-255,5738,146897,96,174474
33892,0.020478,172.31.47.0-255,66,146963,96,174474
33893,0.02254,74.125.24.0-255,5738,152701,96,174474
33894,0.022549,172.31.47.0-255,66,152767,96,174474
33895,0.024589,74.125.24.0-255,5738,158505,96,174474
33896,0.024597,172.31.47.0-255,66,158571,96,174474
33897,0.024697,172.31.47.0-255,172,158743,96,174474
33898,0.024725,172.31.47.0-255,1105,159848,96,174474
33899,0.024779,172.31.47.0-255,1514,161362,96,174474
33900,0.024781,172.31.47.0-255,1306,162668,96,174474
33901,0.026243,104.244.42.0-255,66,162734,96,174474
33902,0.02625,104.244.42.0-255,66,162800,96,174474
33903,0.026325,104.244.42.0-255,66,162866,96,174474
33904,0.02667,74.125.24.0-255,5738,168604,96,174474
33905,0.026676,172.31.47.0-255,66,168670,96,174474
33906,0.028763,74.125.24.0-255,5738,174408,96,174474
33907,0.028772,172.31.47.0-255,66,174474,96,174474
33908,0.0,172.31.47.0-255,66,66,96,66
33909,0.0,74.125.24.0-255,297,297,96,139722
33910,2.4e-05,172.31.47.0-255,66,363,96,139722
33911,3e-05,74.125.24.0-255,1484,1847,96,139722
33912,3.4e-05,172.31.47.0-255,66,1913,96,139722
33913,6.2e-05,74.125.24.0-255,1484,3397,96,139722
33914,6.4e-05,172.31.47.0-255,66,3463,96,139722
33915,8.2e-05,74.125.24.0-255,1484,4947,96,139722
33916,8.5e-05,172.31.47.0-255,66,5013,96,139722
33917,9.1e-05,74.125.24.0-255,4320,9333,96,139722
33918,9.4e-05,172.31.47.0-255,66,9399,96,139722
33919,0.00012,74.125.24.0-255,1484,10883,96,139722
33920,0.000122,172.31.47.0-255,66,10949,96,139722
33921,0.00015,74.125.24.0-255,3356,14305,96,139722
33922,0.000152,172.31.47.0-255,66,14371,96,139722
33923,0.000158,74.125.24.0-255,5738,20109,96,139722
33924,0.00016,172.31.47.0-255,66,20175,96,139722
33925,0.000178,74.125.24.0-255,1484,21659,96,139722
33926,0.00018,172.31.47.0-255,66,21725,96,139722
33927,0.000214,172.31.47.0-255,66,21791,96,139722
33928,0.000925,74.125.24.0-255,1484,23275,96,139722
33929,0.000932,172.31.47.0-255,66,23341,96,139722
33930,0.000939,74.125.24.0-255,2902,26243,96,139722
33931,0.000941,172.31.47.0-255,66,26309,96,139722
33932,0.000952,74.125.24.0-255,5738,32047,96,139722
33933,0.000954,172.31.47.0-255,66,32113,96,139722
33934,0.000986,172.31.47.0-255,66,32179,96,139722
33935,0.001018,74.125.24.0-255,7156,39335,96,139722
33936,0.001021,172.31.47.0-255,66,39401,96,139722
33937,0.001044,74.125.24.0-255,2902,42303,96,139722
33938,0.001046,172.31.47.0-255,66,42369,96,139722
33939,0.001051,74.125.24.0-255,5020,47389,96,139722
33940,0.001053,172.31.47.0-255,66,47455,96,139722
33941,0.001078,74.125.24.0-255,399,47854,96,139722
33942,0.001584,74.125.24.0-255,109,47963,96,139722
33943,0.0019,74.125.24.0-255,1484,49447,96,139722
33944,0.001904,172.31.47.0-255,66,49513,96,139722
33945,0.001921,74.125.24.0-255,2902,52415,96,139722
33946,0.001924,172.31.47.0-255,66,52481,96,139722
33947,0.001952,74.125.24.0-255,2902,55383,96,139722
33948,0.001954,172.31.47.0-255,66,55449,96,139722
33949,0.001985,74.125.24.0-255,2902,58351,96,139722
33950,0.001988,172.31.47.0-255,66,58417,96,139722
33951,0.001992,74.125.24.0-255,2902,61319,96,139722
33952,0.001994,172.31.47.0-255,66,61385,96,139722
33953,0.002009,172.31.47.0-255,66,61451,96,139722
33954,0.002019,172.31.47.0-255,66,61517,96,139722
33955,0.002045,74.125.24.0-255,2184,63701,96,139722
33956,0.002048,172.31.47.0-255,66,63767,96,139722
33957,0.004105,74.125.24.0-255,4320,68087,96,139722
33958,0.00411,172.31.47.0-255,66,68153,96,139722
33959,0.00412,74.125.24.0-255,1484,69637,96,139722
33960,0.006215,74.125.24.0-255,4320,73957,96,139722
33961,0.006221,172.31.47.0-255,66,74023,96,139722
33962,0.008304,74.125.24.0-255,5738,79761,96,139722
33963,0.008311,172.31.47.0-255,66,79827,96,139722
33964,0.010375,74.125.24.0-255,5738,85565,96,139722
33965,0.010382,172.31.47.0-255,66,85631,96,139722
33966,0.012443,74.125.24.0-255,5738,91369,96,139722
33967,0.01245,172.31.47.0-255,66,91435,96,139722
33968,0.014552,74.125.24.0-255,5738,97173,96,139722
33969,0.014558,172.31.47.0-255,66,97239,96,139722
33970,0.016617,74.125.24.0-255,4320,101559,96,139722
33971,0.016623,172.31.47.0-255,66,101625,96,139722
33972,0.01665,74.125.24.0-255,1484,103109,96,139722
33973,0.018701,74.125.24.0-255,4320,107429,96,139722
33974,0.018707,172.31.47.0-255,66,107495,96,139722
33975,0.020749,172.31.47.0-255,172,107667,96,139722
33976,0.020778,172.31.47.0-255,1101,108768,96,139722
33977,0.020808,74.125.24.0-255,5738,114506,96,139722
33978,0.02081,172.31.47.0-255,1514,116020,96,139722
33979,0.020812,172.31.47.0-255,1310,117330,96,139722
33980,0.020813,172.31.47.0-255,66,117396,96,139722
33981,0.022293,104.244.42.0-255,66,117462,96,139722
33982,0.022333,104.244.42.0-255,66,117528,96,139722
33983,0.022335,104.244.42.0-255,66,117594,96,139722
33984,0.022899,74.125.24.0-255,2902,120496,96,139722
33985,0.022904,172.31.47.0-255,66,120562,96,139722
33986,0.022938,74.125.24.0-255,2902,123464,96,139722
33987,0.022942,172.31.47.0-255,66,123530,96,139722
33988,0.024963,74.125.24.0-255,2902,126432,96,139722
33989,0.024968,172.31.47.0-255,66,126498,96,139722
33990,0.025001,74.125.24.0-255,2902,129400,96,139722
33991,0.025004,172.31.47.0-255,66,129466,96,139722
33992,0.027067,74.125.24.0-255,4320,133786,96,139722
33993,0.027072,172.31.47.0-255,66,133852,96,139722
33994,0.027103,74.125.24.0-255,1484,135336,96,139722
33995,0.02915,74.125.24.0-255,4320,139656,96,139722
33996,0.029156,172.31.47.0-255,66,139722,96,139722
33997,0.0,172.217.160.0-255,153,153,96,253903
33998,3.3e-05,172.31.47.0-255,66,219,96,253903
33999,3.9e-05,172.217.160.0-255,1484,1703,96,253903
34000,4.2e-05,172.31.47.0-255,66,1769,96,253903
34001,4.6e-05,172.217.160.0-255,2902,4671,96,253903
34002,4.9e-05,172.31.47.0-255,66,4737,96,253903
34003,6.4e-05,172.217.160.0-255,7156,11893,96,253903
34004,6.6e-05,172.31.47.0-255,66,11959,96,253903
34005,7e-05,172.217.160.0-255,2143,14102,96,253903
34006,7.2e-05,172.31.47.0-255,66,14168,96,253903
34007,0.000228,172.217.160.0-255,1484,15652,96,253903
34008,0.000233,172.31.47.0-255,66,15718,96,253903
34009,0.000239,172.217.160.0-255,2902,18620,96,253903
34010,0.000241,172.31.47.0-255,66,18686,96,253903
34011,0.000244,172.217.160.0-255,1484,20170,96,253903
34012,0.000246,172.31.47.0-255,66,20236,96,253903
34013,0.000282,172.217.160.0-255,4320,24556,96,253903
34014,0.000285,172.31.47.0-255,66,24622,96,253903
34015,0.000291,172.217.160.0-255,6797,31419,96,253903
34016,0.000293,172.31.47.0-255,66,31485,96,253903
34017,0.000331,172.217.160.0-255,7156,38641,96,253903
34018,0.000335,172.31.47.0-255,66,38707,96,253903
34019,0.000337,172.217.160.0-255,1484,40191,96,253903
34020,0.000341,172.31.47.0-255,66,40257,96,253903
34021,0.000391,172.217.160.0-255,2902,43159,96,253903
34022,0.000394,172.31.47.0-255,66,43225,96,253903
34023,0.000419,172.217.160.0-255,5379,48604,96,253903
34024,0.000423,172.31.47.0-255,66,48670,96,253903
34025,0.00059,172.217.160.0-255,1484,50154,96,253903
34026,0.000594,172.31.47.0-255,66,50220,96,253903
34027,0.000599,172.217.160.0-255,2902,53122,96,253903
34028,0.000601,172.31.47.0-255,66,53188,96,253903
34029,0.000607,172.217.160.0-255,2902,56090,96,253903
34030,0.000615,172.31.47.0-255,66,56156,96,253903
34031,0.000625,172.217.160.0-255,2902,59058,96,253903
34032,0.000627,172.31.47.0-255,66,59124,96,253903
34033,0.000652,172.217.160.0-255,5738,64862,96,253903
34034,0.000655,172.31.47.0-255,66,64928,96,253903
34035,0.000682,172.217.160.0-255,1399,66327,96,253903
34036,0.000744,172.31.47.0-255,66,66393,96,253903
34037,0.001146,172.217.160.0-255,403,66796,96,253903
34038,0.001176,172.31.47.0-255,66,66862,96,253903
34039,0.00121,172.217.160.0-255,1484,68346,96,253903
34040,0.001246,172.217.160.0-255,2902,71248,96,253903
34041,0.001249,172.31.47.0-255,66,71314,96,253903
34042,0.001255,172.217.160.0-255,5738,77052,96,253903
34043,0.001257,172.31.47.0-255,66,77118,96,253903
34044,0.001284,172.217.160.0-255,6797,83915,96,253903
34045,0.001286,172.31.47.0-255,66,83981,96,253903
34046,0.00129,172.217.160.0-255,2902,86883,96,253903
34047,0.001292,172.31.47.0-255,66,86949,96,253903
34048,0.00132,172.217.160.0-255,4320,91269,96,253903
34049,0.001323,172.31.47.0-255,66,91335,96,253903
34050,0.001332,172.31.47.0-255,66,91401,96,253903
34051,0.001484,172.217.160.0-255,1484,92885,96,253903
34052,0.001488,172.217.160.0-255,1484,94369,96,253903
34053,0.00149,172.31.47.0-255,66,94435,96,253903
34054,0.001512,172.217.160.0-255,1484,95919,96,253903
34055,0.001518,172.217.160.0-255,5738,101657,96,253903
34056,0.00152,172.31.47.0-255,66,101723,96,253903
34057,0.001525,172.217.160.0-255,5738,107461,96,253903
34058,0.001528,172.31.47.0-255,66,107527,96,253903
34059,0.001576,172.31.47.0-255,66,107593,96,253903
34060,0.001581,172.217.160.0-255,5020,112613,96,253903
34061,0.001583,172.31.47.0-255,66,112679,96,253903
34062,0.001635,172.217.160.0-255,1484,114163,96,253903
34063,0.00164,172.217.160.0-255,2902,117065,96,253903
34064,0.001642,172.31.47.0-255,66,117131,96,253903
34065,0.001685,172.217.160.0-255,5738,122869,96,253903
34066,0.001687,172.31.47.0-255,66,122935,96,253903
34067,0.001692,172.217.160.0-255,5738,128673,96,253903
34068,0.001693,172.31.47.0-255,66,128739,96,253903
34069,0.001699,172.217.160.0-255,7156,135895,96,253903
34070,0.001701,172.31.47.0-255,66,135961,96,253903
34071,0.001734,172.217.160.0-255,5738,141699,96,253903
34072,0.001736,172.31.47.0-255,66,141765,96,253903
34073,0.001741,172.217.160.0-255,5020,146785,96,253903
34074,0.001743,172.31.47.0-255,66,146851,96,253903
34075,0.001873,172.217.160.0-255,1484,148335,96,253903
34076,0.001877,172.217.160.0-255,1484,149819,96,253903
34077,0.001879,172.31.47.0-255,66,149885,96,253903
34078,0.001889,172.217.160.0-255,1484,151369,96,253903
34079,0.001893,172.217.160.0-255,2902,154271,96,253903
34080,0.001894,172.31.47.0-255,66,154337,96,253903
34081,0.001913,172.217.160.0-255,2902,157239,96,253903
34082,0.001915,172.31.47.0-255,66,157305,96,253903
34083,0.001921,172.217.160.0-255,7156,164461,96,253903
34084,0.001923,172.31.47.0-255,66,164527,96,253903
34085,0.00196,172.217.160.0-255,5738,170265,96,253903
34086,0.001963,172.31.47.0-255,66,170331,96,253903
34087,0.001973,172.31.47.0-255,66,170397,96,253903
34088,0.001976,172.217.160.0-255,2184,172581,96,253903
34089,0.001978,172.31.47.0-255,66,172647,96,253903
34090,0.0039,172.217.160.0-255,5738,178385,96,253903
34091,0.003907,172.31.47.0-255,66,178451,96,253903
34092,0.005852,172.217.160.0-255,5738,184189,96,253903
34093,0.00586,172.31.47.0-255,66,184255,96,253903
34094,0.007798,172.217.160.0-255,5738,189993,96,253903
34095,0.007806,172.31.47.0-255,66,190059,96,253903
34096,0.009757,172.217.160.0-255,5738,195797,96,253903
34097,0.009775,172.31.47.0-255,66,195863,96,253903
34098,0.01172,172.217.160.0-255,5738,201601,96,253903
34099,0.011729,172.31.47.0-255,66,201667,96,253903
34100,0.013679,172.217.160.0-255,5738,207405,96,253903
34101,0.013692,172.31.47.0-255,66,207471,96,253903
34102,0.015635,172.217.160.0-255,5738,213209,96,253903
34103,0.015647,172.31.47.0-255,66,213275,96,253903
34104,0.017606,172.217.160.0-255,5738,219013,96,253903
34105,0.017623,172.31.47.0-255,66,219079,96,253903
34106,0.019569,172.217.160.0-255,5738,224817,96,253903
34107,0.019576,172.31.47.0-255,66,224883,96,253903
34108,0.021514,172.217.160.0-255,5738,230621,96,253903
34109,0.021528,172.31.47.0-255,66,230687,96,253903
34110,0.023474,172.217.160.0-255,5738,236425,96,253903
34111,0.023483,172.31.47.0-255,66,236491,96,253903
34112,0.025418,172.217.160.0-255,5738,242229,96,253903
34113,0.025427,172.31.47.0-255,66,242295,96,253903
34114,0.027379,172.217.160.0-255,5738,248033,96,253903
34115,0.027393,172.31.47.0-255,66,248099,96,253903
34116,0.029337,172.217.160.0-255,5738,253837,96,253903
34117,0.029348,172.31.47.0-255,66,253903,96,253903
34118,0.0,172.31.47.0-255,105,105,96,105
34119,0.0,74.125.130.0-255,153,153,96,242937
34120,2.9e-05,172.31.47.0-255,66,219,96,242937
34121,3.5e-05,74.125.130.0-255,1484,1703,96,242937
34122,3.8e-05,172.31.47.0-255,66,1769,96,242937
34123,4.3e-05,74.125.130.0-255,2902,4671,96,242937
34124,4.5e-05,172.31.47.0-255,66,4737,96,242937
34125,7.6e-05,74.125.130.0-255,5738,10475,96,242937
34126,7.9e-05,172.31.47.0-255,66,10541,96,242937
34127,8.1e-05,74.125.130.0-255,1484,12025,96,242937
34128,8.4e-05,172.31.47.0-255,66,12091,96,242937
34129,9.9e-05,74.125.130.0-255,2054,14145,96,242937
34130,0.000101,172.31.47.0-255,66,14211,96,242937
34131,0.000141,74.125.130.0-255,1484,15695,96,242937
34132,0.000144,172.31.47.0-255,66,15761,96,242937
34133,0.000169,74.125.130.0-255,2902,18663,96,242937
34134,0.000172,172.31.47.0-255,66,18729,96,242937
34135,0.000175,74.125.130.0-255,1484,20213,96,242937
34136,0.000176,172.31.47.0-255,66,20279,96,242937
34137,0.000195,74.125.130.0-255,2902,23181,96,242937
34138,0.000198,172.31.47.0-255,66,23247,96,242937
34139,0.000201,74.125.130.0-255,2902,26149,96,242937
34140,0.000203,172.31.47.0-255,66,26215,96,242937
34141,0.000221,74.125.130.0-255,2902,29117,96,242937
34142,0.000223,172.31.47.0-255,66,29183,96,242937
34143,0.000227,74.125.130.0-255,2543,31726,96,242937
34144,0.000229,172.31.47.0-255,66,31792,96,242937
34145,0.00036,74.125.130.0-255,1484,33276,96,242937
34146,0.000364,172.31.47.0-255,66,33342,96,242937
34147,0.000377,74.125.130.0-255,2902,36244,96,242937
34148,0.000379,172.31.47.0-255,66,36310,96,242937
34149,0.000382,74.125.130.0-255,1484,37794,96,242937
34150,0.000384,172.31.47.0-255,66,37860,96,242937
34151,0.000403,74.125.130.0-255,2902,40762,96,242937
34152,0.000405,172.31.47.0-255,66,40828,96,242937
34153,0.00041,74.125.130.0-255,4320,45148,96,242937
34154,0.000412,172.31.47.0-255,66,45214,96,242937
34155,0.000428,74.125.130.0-255,1484,46698,96,242937
34156,0.000435,74.125.130.0-255,5379,52077,96,242937
34157,0.000437,172.31.47.0-255,66,52143,96,242937
34158,0.000458,74.125.130.0-255,5738,57881,96,242937
34159,0.000462,172.31.47.0-255,66,57947,96,242937
34160,0.000483,74.125.130.0-255,2902,60849,96,242937
34161,0.000485,172.31.47.0-255,66,60915,96,242937
34162,0.0005,74.125.130.0-255,5669,66584,96,242937
34163,0.000503,172.31.47.0-255,66,66650,96,242937
34164,0.000506,74.125.130.0-255,98,66748,96,242937
34165,0.000658,74.125.130.0-255,363,67111,96,242937
34166,0.000682,172.31.47.0-255,66,67177,96,242937
34167,0.001022,74.125.130.0-255,1484,68661,96,242937
34168,0.00104,74.125.130.0-255,2902,71563,96,242937
34169,0.001044,172.31.47.0-255,66,71629,96,242937
34170,0.001048,74.125.130.0-255,1484,73113,96,242937
34171,0.001068,74.125.130.0-255,4320,77433,96,242937
34172,0.001071,172.31.47.0-255,66,77499,96,242937
34173,0.001075,74.125.130.0-255,4320,81819,96,242937
34174,0.001077,172.31.47.0-255,66,81885,96,242937
34175,0.00108,74.125.130.0-255,2902,84787,96,242937
34176,0.001082,172.31.47.0-255,66,84853,96,242937
34177,0.001102,74.125.130.0-255,2902,87755,96,242937
34178,0.001105,172.31.47.0-255,66,87821,96,242937
34179,0.001115,74.125.130.0-255,1484,89305,96,242937
34180,0.00113,74.125.130.0-255,7156,96461,96,242937
34181,0.001132,172.31.47.0-255,66,96527,96,242937
34182,0.001149,74.125.130.0-255,2902,99429,96,242937
34183,0.001152,172.31.47.0-255,66,99495,96,242937
34184,0.001154,74.125.130.0-255,1484,100979,96,242937
34185,0.001156,74.125.130.0-255,766,101745,96,242937
34186,0.001158,172.31.47.0-255,66,101811,96,242937
34187,0.001512,74.125.130.0-255,1484,103295,96,242937
34188,0.001535,74.125.130.0-255,2902,106197,96,242937
34189,0.00154,172.31.47.0-255,66,106263,96,242937
34190,0.001548,74.125.130.0-255,5738,112001,96,242937
34191,0.00155,172.31.47.0-255,66,112067,96,242937
34192,0.001579,74.125.130.0-255,7156,119223,96,242937
34193,0.001582,172.31.47.0-255,66,119289,96,242937
34194,0.001602,74.125.130.0-255,4320,123609,96,242937
34195,0.001605,172.31.47.0-255,66,123675,96,242937
34196,0.001619,172.31.47.0-255,66,123741,96,242937
34197,0.001685,74.125.130.0-255,1484,125225,96,242937
34198,0.00169,74.125.130.0-255,2902,128127,96,242937
34199,0.001693,172.31.47.0-255,66,128193,96,242937
34200,0.00173,74.125.130.0-255,4320,132513,96,242937
34201,0.001733,172.31.47.0-255,66,132579,96,242937
34202,0.001739,74.125.130.0-255,5738,138317,96,242937
34203,0.001741,172.31.47.0-255,66,138383,96,242937
34204,0.001811,172.31.47.0-255,66,138449,96,242937
34205,0.001816,74.125.130.0-255,4320,142769,96,242937
34206,0.001818,172.31.47.0-255,66,142835,96,242937
34207,0.001834,74.125.130.0-255,3602,146437,96,242937
34208,0.001838,172.31.47.0-255,66,146503,96,242937
34209,0.001894,74.125.130.0-255,1484,147987,96,242937
34210,0.001908,74.125.130.0-255,2902,150889,96,242937
34211,0.001911,172.31.47.0-255,66,150955,96,242937
34212,0.001915,74.125.130.0-255,1484,152439,96,242937
34213,0.001932,74.125.130.0-255,4320,156759,96,242937
34214,0.001934,172.31.47.0-255,66,156825,96,242937
34215,0.001938,74.125.130.0-255,2902,159727,96,242937
34216,0.00194,172.31.47.0-255,66,159793,96,242937
34217,0.001945,74.125.130.0-255,2902,162695,96,242937
34218,0.001948,172.31.47.0-255,66,162761,96,242937
34219,0.001957,74.125.130.0-255,1484,164245,96,242937
34220,0.001983,172.31.47.0-255,66,164311,96,242937
34221,0.001988,74.125.130.0-255,5738,170049,96,242937
34222,0.001991,172.31.47.0-255,66,170115,96,242937
34223,0.002074,74.125.130.0-255,2184,172299,96,242937
34224,0.002078,172.31.47.0-255,66,172365,96,242937
34225,0.004222,74.125.130.0-255,2902,175267,96,242937
34226,0.004228,172.31.47.0-255,66,175333,96,242937
34227,0.004316,74.125.130.0-255,2902,178235,96,242937
34228,0.00432,172.31.47.0-255,66,178301,96,242937
34229,0.006474,74.125.130.0-255,2902,181203,96,242937
34230,0.00648,172.31.47.0-255,66,181269,96,242937
34231,0.006549,74.125.130.0-255,2902,184171,96,242937
34232,0.006552,172.31.47.0-255,66,184237,96,242937
34233,0.008709,74.125.130.0-255,2902,187139,96,242937
34234,0.008717,172.31.47.0-255,66,187205,96,242937
34235,0.008775,74.125.130.0-255,2902,190107,96,242937
34236,0.008779,172.31.47.0-255,66,190173,96,242937
34237,0.010944,74.125.130.0-255,2902,193075,96,242937
34238,0.01095,172.31.47.0-255,66,193141,96,242937
34239,0.010998,74.125.130.0-255,2902,196043,96,242937
34240,0.011003,172.31.47.0-255,66,196109,96,242937
34241,0.013173,74.125.130.0-255,2902,199011,96,242937
34242,0.013179,172.31.47.0-255,66,199077,96,242937
34243,0.013218,74.125.130.0-255,2902,201979,96,242937
34244,0.013221,172.31.47.0-255,66,202045,96,242937
34245,0.015404,74.125.130.0-255,2902,204947,96,242937
34246,0.015411,172.31.47.0-255,66,205013,96,242937
34247,0.015438,74.125.130.0-255,2902,207915,96,242937
34248,0.015441,172.31.47.0-255,66,207981,96,242937
34249,0.017637,74.125.130.0-255,2902,210883,96,242937
34250,0.017645,172.31.47.0-255,66,210949,96,242937
34251,0.017665,74.125.130.0-255,2902,213851,96,242937
34252,0.017668,172.31.47.0-255,66,213917,96,242937
34253,0.019887,74.125.130.0-255,5738,219655,96,242937
34254,0.019893,172.31.47.0-255,66,219721,96,242937
34255,0.022133,74.125.130.0-255,5738,225459,96,242937
34256,0.02214,172.31.47.0-255,66,225525,96,242937
34257,0.024372,74.125.130.0-255,5738,231263,96,242937
34258,0.024383,172.31.47.0-255,66,231329,96,242937
34259,0.026613,74.125.130.0-255,5738,237067,96,242937
34260,0.026621,172.31.47.0-255,66,237133,96,242937
34261,0.028856,74.125.130.0-255,5738,242871,96,242937
34262,0.028864,172.31.47.0-255,66,242937,96,242937
34263,0.0,172.217.194.0-255,159,159,96,204858
34264,2.9e-05,172.31.47.0-255,66,225,96,204858
34265,3.6e-05,172.217.194.0-255,1484,1709,96,204858
34266,4.1e-05,172.31.47.0-255,66,1775,96,204858
34267,5.2e-05,172.217.194.0-255,2902,4677,96,204858
34268,5.4e-05,172.31.47.0-255,66,4743,96,204858
34269,5.9e-05,172.217.194.0-255,4320,9063,96,204858
34270,6.2e-05,172.31.47.0-255,66,9129,96,204858
34271,0.000109,172.217.194.0-255,4964,14093,96,204858
34272,0.000113,172.31.47.0-255,66,14159,96,204858
34273,0.000223,172.217.194.0-255,1484,15643,96,204858
34274,0.000228,172.31.47.0-255,66,15709,96,204858
34275,0.000234,172.217.194.0-255,2902,18611,96,204858
34276,0.000235,172.31.47.0-255,66,18677,96,204858
34277,0.00024,172.217.194.0-255,2902,21579,96,204858
34278,0.000248,172.31.47.0-255,66,21645,96,204858
34279,0.00028,172.217.194.0-255,2902,24547,96,204858
34280,0.000283,172.31.47.0-255,66,24613,96,204858
34281,0.000313,172.217.194.0-255,6797,31410,96,204858
34282,0.000317,172.31.47.0-255,66,31476,96,204858
34283,0.000378,172.217.194.0-255,1484,32960,96,204858
34284,0.000382,172.31.47.0-255,66,33026,96,204858
34285,0.000386,172.217.194.0-255,2902,35928,96,204858
34286,0.000389,172.31.47.0-255,66,35994,96,204858
34287,0.000425,172.217.194.0-255,5738,41732,96,204858
34288,0.00043,172.31.47.0-255,66,41798,96,204858
34289,0.000475,172.31.47.0-255,66,41864,96,204858
34290,0.000499,172.31.47.0-255,66,41930,96,204858
34291,0.000502,172.217.194.0-255,378,42308,96,204858
34292,0.000505,172.31.47.0-255,66,42374,96,204858
34293,0.000533,172.217.194.0-255,396,42770,96,204858
34294,0.000626,172.217.194.0-255,1484,44254,96,204858
34295,0.00063,172.31.47.0-255,66,44320,96,204858
34296,0.000633,172.217.194.0-255,1484,45804,96,204858
34297,0.000648,172.217.194.0-255,1484,47288,96,204858
34298,0.000651,172.31.47.0-255,66,47354,96,204858
34299,0.000658,172.217.194.0-255,5738,53092,96,204858
34300,0.00066,172.31.47.0-255,66,53158,96,204858
34301,0.000709,172.217.194.0-255,5738,58896,96,204858
34302,0.000712,172.31.47.0-255,66,58962,96,204858
34303,0.000737,172.217.194.0-255,576,59538,96,204858
34304,0.000875,172.217.194.0-255,1484,61022,96,204858
34305,0.000879,172.31.47.0-255,66,61088,96,204858
34306,0.000885,172.217.194.0-255,2902,63990,96,204858
34307,0.000887,172.31.47.0-255,66,64056,96,204858
34308,0.000892,172.217.194.0-255,5738,69794,96,204858
34309,0.0009,172.31.47.0-255,66,69860,96,204858
34310,0.000908,172.217.194.0-255,7156,77016,96,204858
34311,0.00091,172.31.47.0-255,66,77082,96,204858
34312,0.000944,172.217.194.0-255,5738,82820,96,204858
34313,0.000949,172.217.194.0-255,4320,87140,96,204858
34314,0.000948,172.31.47.0-255,66,87206,96,204858
34315,0.000953,172.31.47.0-255,66,87272,96,204858
34316,0.000973,172.217.194.0-255,6438,93710,96,204858
34317,0.000977,172.31.47.0-255,66,93776,96,204858
34318,0.001192,172.217.194.0-255,1484,95260,96,204858
34319,0.001206,172.217.194.0-255,2902,98162,96,204858
34320,0.001209,172.31.47.0-255,66,98228,96,204858
34321,0.001215,172.217.194.0-255,5738,103966,96,204858
34322,0.001217,172.31.47.0-255,66,104032,96,204858
34323,0.001221,172.217.194.0-255,2902,106934,96,204858
34324,0.001225,172.31.47.0-255,66,107000,96,204858
34325,0.00125,172.217.194.0-255,2902,109902,96,204858
34326,0.001258,172.31.47.0-255,66,109968,96,204858
34327,0.001271,172.31.47.0-255,66,110034,96,204858
34328,0.001276,172.217.194.0-255,5020,115054,96,204858
34329,0.001278,172.31.47.0-255,66,115120,96,204858
34330,0.001316,172.217.194.0-255,5738,120858,96,204858
34331,0.001319,172.31.47.0-255,66,120924,96,204858
34332,0.001333,172.31.47.0-255,66,120990,96,204858
34333,0.00135,172.31.47.0-255,66,121056,96,204858
34334,0.001375,172.217.194.0-255,1484,122540,96,204858
34335,0.001379,172.217.194.0-255,1484,124024,96,204858
34336,0.001382,172.31.47.0-255,66,124090,96,204858
34337,0.001416,172.31.47.0-255,66,124156,96,204858
34338,0.001422,172.217.194.0-255,5738,129894,96,204858
34339,0.001424,172.31.47.0-255,66,129960,96,204858
34340,0.001454,172.217.194.0-255,5738,135698,96,204858
34341,0.001457,172.31.47.0-255,66,135764,96,204858
34342,0.001471,172.31.47.0-255,66,135830,96,204858
34343,0.001495,172.217.194.0-255,5020,140850,96,204858
34344,0.001507,172.31.47.0-255,66,140916,96,204858
34345,0.001508,172.217.194.0-255,7156,148072,96,204858
34346,0.001511,172.31.47.0-255,66,148138,96,204858
34347,0.001523,172.217.194.0-255,5738,153876,96,204858
34348,0.001527,172.31.47.0-255,66,153942,96,204858
34349,0.001563,172.217.194.0-255,1484,155426,96,204858
34350,0.001579,172.31.47.0-255,66,155492,96,204858
34351,0.001584,172.217.194.0-255,3602,159094,96,204858
34352,0.001588,172.31.47.0-255,66,159160,96,204858
34353,0.001609,172.31.47.0-255,66,159226,96,204858
34354,0.001661,172.31.47.0-255,66,159292,96,204858
34355,0.001668,172.217.194.0-255,1484,160776,96,204858
34356,0.001672,172.217.194.0-255,2902,163678,96,204858
34357,0.001675,172.31.47.0-255,66,163744,96,204858
34358,0.001684,172.217.194.0-255,5738,169482,96,204858
34359,0.001688,172.31.47.0-255,66,169548,96,204858
34360,0.001757,172.31.47.0-255,66,169614,96,204858
34361,0.00177,172.217.194.0-255,1484,171098,96,204858
34362,0.001787,172.217.194.0-255,766,171864,96,204858
34363,0.001801,172.31.47.0-255,66,171930,96,204858
34364,0.002571,172.217.194.0-255,1484,173414,96,204858
34365,0.002578,172.217.194.0-255,2902,176316,96,204858
34366,0.002582,172.31.47.0-255,66,176382,96,204858
34367,0.002586,172.217.194.0-255,1484,177866,96,204858
34368,0.002622,172.217.194.0-255,4320,182186,96,204858
34369,0.002622,172.31.47.0-255,66,182252,96,204858
34370,0.002626,172.31.47.0-255,66,182318,96,204858
34371,0.002662,172.217.194.0-255,7156,189474,96,204858
34372,0.002665,172.31.47.0-255,66,189540,96,204858
34373,0.002681,172.31.47.0-255,66,189606,96,204858
34374,0.002715,172.217.194.0-255,2184,191790,96,204858
34375,0.002718,172.31.47.0-255,66,191856,96,204858
34376,0.002745,172.31.47.0-255,66,191922,96,204858
34377,0.00276,172.217.194.0-255,1484,193406,96,204858
34378,0.002766,172.217.194.0-255,6683,200089,96,204858
34379,0.002767,172.31.47.0-255,66,200155,96,204858
34380,0.002772,172.31.47.0-255,66,200221,96,204858
34381,0.002827,172.217.194.0-255,105,200326,96,204858
34382,0.003629,172.31.47.0-255,66,200392,96,204858
34383,0.003657,172.31.47.0-255,105,200497,96,204858
34384,0.005682,172.217.194.0-255,66,200563,96,204858
34385,0.02763,172.31.47.0-255,172,200735,96,204858
34386,0.027657,172.31.47.0-255,1109,201844,96,204858
34387,0.027686,172.31.47.0-255,1514,203358,96,204858
34388,0.027688,172.31.47.0-255,1302,204660,96,204858
34389,0.029164,104.244.42.0-255,66,204726,96,204858
34390,0.029194,104.244.42.0-255,66,204792,96,204858
34391,0.029242,104.244.42.0-255,66,204858,96,204858
34392,0.0,74.125.24.0-255,153,153,96,228318
34393,2.6e-05,172.31.47.0-255,66,219,96,228318
34394,3.3e-05,74.125.24.0-255,1484,1703,96,228318
34395,3.7e-05,172.31.47.0-255,66,1769,96,228318
34396,4.2e-05,74.125.24.0-255,2902,4671,96,228318
34397,4.4e-05,172.31.47.0-255,66,4737,96,228318
34398,4.8e-05,74.125.24.0-255,2902,7639,96,228318
34399,5e-05,172.31.47.0-255,66,7705,96,228318
34400,6.9e-05,74.125.24.0-255,5738,13443,96,228318
34401,7.2e-05,172.31.47.0-255,66,13509,96,228318
34402,0.000102,74.125.24.0-255,5044,18553,96,228318
34403,0.000105,172.31.47.0-255,66,18619,96,228318
34404,0.00011,74.125.24.0-255,5738,24357,96,228318
34405,0.000112,172.31.47.0-255,66,24423,96,228318
34406,0.000127,74.125.24.0-255,2902,27325,96,228318
34407,0.00013,172.31.47.0-255,66,27391,96,228318
34408,0.000171,172.31.47.0-255,66,27457,96,228318
34409,0.000178,74.125.24.0-255,5020,32477,96,228318
34410,0.000181,172.31.47.0-255,66,32543,96,228318
34411,0.000198,74.125.24.0-255,2902,35445,96,228318
34412,0.0002,172.31.47.0-255,66,35511,96,228318
34413,0.000225,74.125.24.0-255,5738,41249,96,228318
34414,0.000228,172.31.47.0-255,66,41315,96,228318
34415,0.000272,172.31.47.0-255,66,41381,96,228318
34416,0.000301,74.125.24.0-255,1484,42865,96,228318
34417,0.000304,172.31.47.0-255,66,42931,96,228318
34418,0.000309,74.125.24.0-255,1484,44415,96,228318
34419,0.000313,172.31.47.0-255,66,44481,96,228318
34420,0.000323,74.125.24.0-255,1484,45965,96,228318
34421,0.000325,172.31.47.0-255,66,46031,96,228318
34422,0.000331,74.125.24.0-255,4320,50351,96,228318
34423,0.000334,172.31.47.0-255,66,50417,96,228318
34424,0.000356,74.125.24.0-255,1484,51901,96,228318
34425,0.000366,74.125.24.0-255,7156,59057,96,228318
34426,0.000369,172.31.47.0-255,66,59123,96,228318
34427,0.000398,172.31.47.0-255,66,59189,96,228318
34428,0.00042,74.125.24.0-255,4320,63509,96,228318
34429,0.000423,172.31.47.0-255,66,63575,96,228318
34430,0.000426,74.125.24.0-255,2184,65759,96,228318
34431,0.000429,172.31.47.0-255,66,65825,96,228318
34432,0.000731,74.125.24.0-255,1484,67309,96,228318
34433,0.000736,74.125.24.0-255,2902,70211,96,228318
34434,0.000739,172.31.47.0-255,66,70277,96,228318
34435,0.000746,74.125.24.0-255,5738,76015,96,228318
34436,0.000748,172.31.47.0-255,66,76081,96,228318
34437,0.000776,74.125.24.0-255,6497,82578,96,228318
34438,0.00078,172.31.47.0-255,66,82644,96,228318
34439,0.000891,74.125.24.0-255,1484,84128,96,228318
34440,0.000895,74.125.24.0-255,1484,85612,96,228318
34441,0.000898,172.31.47.0-255,66,85678,96,228318
34442,0.00092,74.125.24.0-255,1484,87162,96,228318
34443,0.000926,74.125.24.0-255,5738,92900,96,228318
34444,0.000929,172.31.47.0-255,66,92966,96,228318
34445,0.000935,74.125.24.0-255,5738,98704,96,228318
34446,0.000937,172.31.47.0-255,66,98770,96,228318
34447,0.00096,74.125.24.0-255,1484,100254,96,228318
34448,0.00097,172.31.47.0-255,66,100320,96,228318
34449,0.00099,74.125.24.0-255,4320,104640,96,228318
34450,0.000992,172.31.47.0-255,66,104706,96,228318
34451,0.000995,74.125.24.0-255,2184,106890,96,228318
34452,0.000997,172.31.47.0-255,66,106956,96,228318
34453,0.001174,74.125.24.0-255,1484,108440,96,228318
34454,0.001192,74.125.24.0-255,2902,111342,96,228318
34455,0.001195,172.31.47.0-255,66,111408,96,228318
34456,0.001227,74.125.24.0-255,2902,114310,96,228318
34457,0.001229,172.31.47.0-255,66,114376,96,228318
34458,0.001252,74.125.24.0-255,2902,117278,96,228318
34459,0.001255,172.31.47.0-255,66,117344,96,228318
34460,0.001264,172.31.47.0-255,66,117410,96,228318
34461,0.00127,74.125.24.0-255,5738,123148,96,228318
34462,0.001271,172.31.47.0-255,66,123214,96,228318
34463,0.001296,74.125.24.0-255,5738,128952,96,228318
34464,0.001299,172.31.47.0-255,66,129018,96,228318
34465,0.001302,74.125.24.0-255,2184,131202,96,228318
34466,0.001304,172.31.47.0-255,66,131268,96,228318
34467,0.001731,74.125.24.0-255,1484,132752,96,228318
34468,0.00174,74.125.24.0-255,2902,135654,96,228318
34469,0.001743,172.31.47.0-255,66,135720,96,228318
34470,0.001747,74.125.24.0-255,2902,138622,96,228318
34471,0.001749,172.31.47.0-255,66,138688,96,228318
34472,0.001766,74.125.24.0-255,2902,141590,96,228318
34473,0.001769,172.31.47.0-255,66,141656,96,228318
34474,0.001785,74.125.24.0-255,2902,144558,96,228318
34475,0.001788,172.31.47.0-255,66,144624,96,228318
34476,0.001823,172.31.47.0-255,66,144690,96,228318
34477,0.001827,74.125.24.0-255,2902,147592,96,228318
34478,0.001828,172.31.47.0-255,66,147658,96,228318
34479,0.001865,172.31.47.0-255,66,147724,96,228318
34480,0.002289,74.125.24.0-255,1484,149208,96,228318
34481,0.002297,74.125.24.0-255,2902,152110,96,228318
34482,0.002301,172.31.47.0-255,66,152176,96,228318
34483,0.002308,74.125.24.0-255,5738,157914,96,228318
34484,0.00231,172.31.47.0-255,66,157980,96,228318
34485,0.002314,74.125.24.0-255,1484,159464,96,228318
34486,0.002338,74.125.24.0-255,2902,162366,96,228318
34487,0.00234,172.31.47.0-255,66,162432,96,228318
34488,0.00237,172.31.47.0-255,66,162498,96,228318
34489,0.004688,74.125.24.0-255,5738,168236,96,228318
34490,0.004692,172.31.47.0-255,66,168302,96,228318
34491,0.007008,74.125.24.0-255,5738,174040,96,228318
34492,0.007015,172.31.47.0-255,66,174106,96,228318
34493,0.009374,74.125.24.0-255,5738,179844,96,228318
34494,0.009383,172.31.47.0-255,66,179910,96,228318
34495,0.01169,74.125.24.0-255,5738,185648,96,228318
34496,0.011696,172.31.47.0-255,66,185714,96,228318
34497,0.014041,74.125.24.0-255,5738,191452,96,228318
34498,0.014048,172.31.47.0-255,66,191518,96,228318
34499,0.016424,74.125.24.0-255,5738,197256,96,228318
34500,0.016433,172.31.47.0-255,66,197322,96,228318
34501,0.018745,74.125.24.0-255,5738,203060,96,228318
34502,0.018751,172.31.47.0-255,66,203126,96,228318
34503,0.02122,74.125.24.0-255,5738,208864,96,228318
34504,0.021227,172.31.47.0-255,66,208930,96,228318
34505,0.022278,172.31.47.0-255,172,209102,96,228318
34506,0.022304,172.31.47.0-255,1109,210211,96,228318
34507,0.022337,172.31.47.0-255,1514,211725,96,228318
34508,0.022338,172.31.47.0-255,335,212060,96,228318
34509,0.023561,74.125.24.0-255,5738,217798,96,228318
34510,0.023565,172.31.47.0-255,66,217864,96,228318
34511,0.023802,104.244.42.0-255,66,217930,96,228318
34512,0.023874,104.244.42.0-255,66,217996,96,228318
34513,0.023879,104.244.42.0-255,66,218062,96,228318
34514,0.025901,74.125.24.0-255,4320,222382,96,228318
34515,0.025905,172.31.47.0-255,66,222448,96,228318
34516,0.025933,74.125.24.0-255,1484,223932,96,228318
34517,0.028246,74.125.24.0-255,4320,228252,96,228318
34518,0.02825,172.31.47.0-255,66,228318,96,228318
34519,0.0,74.125.24.0-255,153,153,96,212943
34520,3.1e-05,172.31.47.0-255,66,219,96,212943
34521,3.7e-05,74.125.24.0-255,1484,1703,96,212943
34522,4.2e-05,172.31.47.0-255,66,1769,96,212943
34523,4.6e-05,74.125.24.0-255,2902,4671,96,212943
34524,4.9e-05,172.31.47.0-255,66,4737,96,212943
34525,5.3e-05,74.125.24.0-255,2902,7639,96,212943
34526,5.5e-05,172.31.47.0-255,66,7705,96,212943
34527,0.0001,74.125.24.0-255,4320,12025,96,212943
34528,0.000103,172.31.47.0-255,66,12091,96,212943
34529,0.000119,74.125.24.0-255,1974,14065,96,212943
34530,0.000122,172.31.47.0-255,66,14131,96,212943
34531,0.000539,74.125.24.0-255,1484,15615,96,212943
34532,0.000544,172.31.47.0-255,66,15681,96,212943
34533,0.000552,74.125.24.0-255,1484,17165,96,212943
34534,0.000555,172.31.47.0-255,66,17231,96,212943
34535,0.000579,74.125.24.0-255,1484,18715,96,212943
34536,0.000582,172.31.47.0-255,66,18781,96,212943
34537,0.000589,74.125.24.0-255,5738,24519,96,212943
34538,0.000591,172.31.47.0-255,66,24585,96,212943
34539,0.000595,74.125.24.0-255,1484,26069,96,212943
34540,0.000596,172.31.47.0-255,66,26135,96,212943
34541,0.000627,172.31.47.0-255,66,26201,96,212943
34542,0.000691,172.31.47.0-255,66,26267,96,212943
34543,0.000703,172.31.47.0-255,66,26333,96,212943
34544,0.000706,74.125.24.0-255,766,27099,96,212943
34545,0.000708,172.31.47.0-255,66,27165,96,212943
34546,0.000726,74.125.24.0-255,399,27564,96,212943
34547,0.000728,172.31.47.0-255,66,27630,96,212943
34548,0.000929,74.125.24.0-255,109,27739,96,212943
34549,0.001111,74.125.24.0-255,1484,29223,96,212943
34550,0.001117,74.125.24.0-255,2902,32125,96,212943
34551,0.00112,74.125.24.0-255,1484,33609,96,212943
34552,0.001133,74.125.24.0-255,2902,36511,96,212943
34553,0.001155,74.125.24.0-255,1484,37995,96,212943
34554,0.001172,74.125.24.0-255,5738,43733,96,212943
34555,0.001183,74.125.24.0-255,4320,48053,96,212943
34556,0.001195,74.125.24.0-255,766,48819,96,212943
34557,0.001442,74.125.24.0-255,1484,50303,96,212943
34558,0.001455,74.125.24.0-255,1484,51787,96,212943
34559,0.00147,74.125.24.0-255,1484,53271,96,212943
34560,0.001473,74.125.24.0-255,1484,54755,96,212943
34561,0.001492,74.125.24.0-255,4320,59075,96,212943
34562,0.001502,74.125.24.0-255,2902,61977,96,212943
34563,0.00152,74.125.24.0-255,5738,67715,96,212943
34564,0.001532,74.125.24.0-255,4320,72035,96,212943
34565,0.001535,74.125.24.0-255,1484,73519,96,212943
34566,0.001537,74.125.24.0-255,1484,75003,96,212943
34567,0.00155,74.125.24.0-255,1484,76487,96,212943
34568,0.001563,74.125.24.0-255,5738,82225,96,212943
34569,0.001565,74.125.24.0-255,766,82991,96,212943
34570,0.001673,74.125.24.0-255,1484,84475,96,212943
34571,0.001686,74.125.24.0-255,1484,85959,96,212943
34572,0.001697,74.125.24.0-255,1484,87443,96,212943
34573,0.001699,74.125.24.0-255,1484,88927,96,212943
34574,0.001713,74.125.24.0-255,4320,93247,96,212943
34575,0.001732,74.125.24.0-255,2902,96149,96,212943
34576,0.001749,74.125.24.0-255,7156,103305,96,212943
34577,0.001759,74.125.24.0-255,1484,104789,96,212943
34578,0.001777,74.125.24.0-255,1484,106273,96,212943
34579,0.001801,74.125.24.0-255,2902,109175,96,212943
34580,0.002238,74.125.24.0-255,1484,110659,96,212943
34581,0.002242,74.125.24.0-255,2902,113561,96,212943
34582,0.002252,74.125.24.0-255,1484,115045,96,212943
34583,0.002276,74.125.24.0-255,4320,119365,96,212943
34584,0.002281,74.125.24.0-255,4320,123685,96,212943
34585,0.002297,74.125.24.0-255,4320,128005,96,212943
34586,0.002311,74.125.24.0-255,4320,132325,96,212943
34587,0.002314,74.125.24.0-255,1484,133809,96,212943
34588,0.00236,74.125.24.0-255,4320,138129,96,212943
34589,0.002378,74.125.24.0-255,2902,141031,96,212943
34590,0.002388,74.125.24.0-255,2184,143215,96,212943
34591,0.002573,172.31.47.0-255,66,143281,96,212943
34592,0.004986,74.125.24.0-255,5738,149019,96,212943
34593,0.004991,172.31.47.0-255,66,149085,96,212943
34594,0.00734,74.125.24.0-255,5738,154823,96,212943
34595,0.007348,172.31.47.0-255,66,154889,96,212943
34596,0.009747,74.125.24.0-255,5738,160627,96,212943
34597,0.009754,172.31.47.0-255,66,160693,96,212943
34598,0.012109,74.125.24.0-255,5738,166431,96,212943
34599,0.012116,172.31.47.0-255,66,166497,96,212943
34600,0.014485,74.125.24.0-255,5738,172235,96,212943
34601,0.014496,172.31.47.0-255,66,172301,96,212943
34602,0.016847,74.125.24.0-255,5738,178039,96,212943
34603,0.016854,172.31.47.0-255,66,178105,96,212943
34604,0.019208,74.125.24.0-255,5738,183843,96,212943
34605,0.019216,172.31.47.0-255,66,183909,96,212943
34606,0.020594,172.31.47.0-255,172,184081,96,212943
34607,0.020625,172.31.47.0-255,1111,185192,96,212943
34608,0.020658,172.31.47.0-255,1514,186706,96,212943
34609,0.02066,172.31.47.0-255,1514,188220,96,212943
34610,0.020664,172.31.47.0-255,1514,189734,96,212943
34611,0.020665,172.31.47.0-255,1081,190815,96,212943
34612,0.021597,74.125.24.0-255,5738,196553,96,212943
34613,0.021604,172.31.47.0-255,66,196619,96,212943
34614,0.022168,104.244.42.0-255,66,196685,96,212943
34615,0.022226,104.244.42.0-255,66,196751,96,212943
34616,0.022267,104.244.42.0-255,66,196817,96,212943
34617,0.022272,104.244.42.0-255,66,196883,96,212943
34618,0.023972,74.125.24.0-255,4320,201203,96,212943
34619,0.023979,172.31.47.0-255,66,201269,96,212943
34620,0.024013,74.125.24.0-255,1484,202753,96,212943
34621,0.026356,74.125.24.0-255,4320,207073,96,212943
34622,0.026362,172.31.47.0-255,66,207139,96,212943
34623,0.02871,74.125.24.0-255,5738,212877,96,212943
34624,0.028751,172.31.47.0-255,66,212943,96,212943
34625,0.0,74.125.24.0-255,153,153,96,303667
34626,2.1e-05,172.31.47.0-255,66,219,96,303667
34627,2.8e-05,74.125.24.0-255,1484,1703,96,303667
34628,3.2e-05,172.31.47.0-255,66,1769,96,303667
34629,3.7e-05,74.125.24.0-255,2902,4671,96,303667
34630,4e-05,172.31.47.0-255,66,4737,96,303667
34631,4.5e-05,74.125.24.0-255,4320,9057,96,303667
34632,4.8e-05,172.31.47.0-255,66,9123,96,303667
34633,7.6e-05,74.125.24.0-255,2902,12025,96,303667
34634,8.1e-05,172.31.47.0-255,66,12091,96,303667
34635,8.7e-05,74.125.24.0-255,4320,16411,96,303667
34636,9e-05,172.31.47.0-255,66,16477,96,303667
34637,0.000122,172.31.47.0-255,66,16543,96,303667
34638,0.000162,172.31.47.0-255,66,16609,96,303667
34639,0.00021,74.125.24.0-255,4320,20929,96,303667
34640,0.000213,172.31.47.0-255,66,20995,96,303667
34641,0.000234,74.125.24.0-255,3602,24597,96,303667
34642,0.000238,172.31.47.0-255,66,24663,96,303667
34643,0.003702,74.125.24.0-255,1484,26147,96,303667
34644,0.003708,172.31.47.0-255,66,26213,96,303667
34645,0.003717,74.125.24.0-255,2902,29115,96,303667
34646,0.003719,172.31.47.0-255,66,29181,96,303667
34647,0.003726,74.125.24.0-255,5738,34919,96,303667
34648,0.003728,172.31.47.0-255,66,34985,96,303667
34649,0.003733,74.125.24.0-255,4320,39305,96,303667
34650,0.003735,172.31.47.0-255,66,39371,96,303667
34651,0.003753,74.125.24.0-255,1484,40855,96,303667
34652,0.003754,172.31.47.0-255,66,40921,96,303667
34653,0.003779,74.125.24.0-255,1481,42402,96,303667
34654,0.003781,172.31.47.0-255,66,42468,96,303667
34655,0.010311,74.125.24.0-255,1484,43952,96,303667
34656,0.010325,74.125.24.0-255,2902,46854,96,303667
34657,0.010332,172.31.47.0-255,66,46920,96,303667
34658,0.01034,74.125.24.0-255,4320,51240,96,303667
34659,0.010343,74.125.24.0-255,1484,52724,96,303667
34660,0.010364,74.125.24.0-255,7156,59880,96,303667
34661,0.010384,74.125.24.0-255,4320,64200,96,303667
34662,0.0104,74.125.24.0-255,1484,65684,96,303667
34663,0.010423,172.31.47.0-255,66,65750,96,303667
34664,0.010434,74.125.24.0-255,2902,68652,96,303667
34665,0.010441,172.31.47.0-255,66,68718,96,303667
34666,0.010511,172.31.47.0-255,66,68784,96,303667
34667,0.015668,74.125.24.0-255,1484,70268,96,303667
34668,0.015682,74.125.24.0-255,2902,73170,96,303667
34669,0.015691,172.31.47.0-255,66,73236,96,303667
34670,0.0157,74.125.24.0-255,5738,78974,96,303667
34671,0.015707,74.125.24.0-255,7156,86130,96,303667
34672,0.015725,74.125.24.0-255,2902,89032,96,303667
34673,0.015753,74.125.24.0-255,7156,96188,96,303667
34674,0.015772,74.125.24.0-255,6438,102626,96,303667
34675,0.0158,172.31.47.0-255,66,102692,96,303667
34676,0.015821,74.125.24.0-255,4320,107012,96,303667
34677,0.015897,74.125.24.0-255,7156,114168,96,303667
34678,0.015901,172.31.47.0-255,66,114234,96,303667
34679,0.015914,74.125.24.0-255,7156,121390,96,303667
34680,0.01593,74.125.24.0-255,5020,126410,96,303667
34681,0.015974,172.31.47.0-255,66,126476,96,303667
34682,0.017944,74.125.24.0-255,1484,127960,96,303667
34683,0.017951,74.125.24.0-255,2902,130862,96,303667
34684,0.017955,172.31.47.0-255,66,130928,96,303667
34685,0.017961,74.125.24.0-255,4320,135248,96,303667
34686,0.017977,74.125.24.0-255,1484,136732,96,303667
34687,0.017979,74.125.24.0-255,1484,138216,96,303667
34688,0.018003,74.125.24.0-255,5738,143954,96,303667
34689,0.018009,172.31.47.0-255,66,144020,96,303667
34690,0.018062,172.31.47.0-255,66,144086,96,303667
34691,0.01809,74.125.24.0-255,2184,146270,96,303667
34692,0.018096,172.31.47.0-255,66,146336,96,303667
34693,0.020491,172.31.47.0-255,171,146507,96,303667
34694,0.020522,172.31.47.0-255,1134,147641,96,303667
34695,0.020554,172.31.47.0-255,1514,149155,96,303667
34696,0.020556,172.31.47.0-255,1277,150432,96,303667
34697,0.020913,74.125.24.0-255,1484,151916,96,303667
34698,0.020937,74.125.24.0-255,2902,154818,96,303667
34699,0.020942,172.31.47.0-255,66,154884,96,303667
34700,0.020949,74.125.24.0-255,5738,160622,96,303667
34701,0.020952,74.125.24.0-255,1484,162106,96,303667
34702,0.020959,172.31.47.0-255,66,162172,96,303667
34703,0.020992,172.31.47.0-255,66,162238,96,303667
34704,0.02103,74.125.24.0-255,4320,166558,96,303667
34705,0.021035,172.31.47.0-255,66,166624,96,303667
34706,0.021043,74.125.24.0-255,4320,170944,96,303667
34707,0.021049,172.31.47.0-255,66,171010,96,303667
34708,0.021064,74.125.24.0-255,1484,172494,96,303667
34709,0.021091,172.31.47.0-255,66,172560,96,303667
34710,0.02118,74.125.24.0-255,5738,178298,96,303667
34711,0.021495,172.31.47.0-255,66,178364,96,303667
34712,0.022048,104.244.42.0-255,66,178430,96,303667
34713,0.022071,74.125.24.0-255,1484,179914,96,303667
34714,0.02209,74.125.24.0-255,2902,182816,96,303667
34715,0.022095,172.31.47.0-255,66,182882,96,303667
34716,0.022098,104.244.42.0-255,66,182948,96,303667
34717,0.022106,74.125.24.0-255,5738,188686,96,303667
34718,0.022111,172.31.47.0-255,66,188752,96,303667
34719,0.022129,104.244.42.0-255,66,188818,96,303667
34720,0.022138,74.125.24.0-255,7156,195974,96,303667
34721,0.022148,172.31.47.0-255,66,196040,96,303667
34722,0.022159,74.125.24.0-255,5738,201778,96,303667
34723,0.022163,172.31.47.0-255,66,201844,96,303667
34724,0.022178,74.125.24.0-255,7156,209000,96,303667
34725,0.022187,172.31.47.0-255,66,209066,96,303667
34726,0.02222,74.125.24.0-255,3602,212668,96,303667
34727,0.022225,172.31.47.0-255,66,212734,96,303667
34728,0.023137,74.125.24.0-255,1484,214218,96,303667
34729,0.023154,74.125.24.0-255,2902,217120,96,303667
34730,0.023158,172.31.47.0-255,66,217186,96,303667
34731,0.023165,74.125.24.0-255,5738,222924,96,303667
34732,0.023177,74.125.24.0-255,2902,225826,96,303667
34733,0.023188,74.125.24.0-255,5738,231564,96,303667
34734,0.023201,74.125.24.0-255,4320,235884,96,303667
34735,0.023204,172.31.47.0-255,66,235950,96,303667
34736,0.023209,172.31.47.0-255,66,236016,96,303667
34737,0.023242,74.125.24.0-255,4320,240336,96,303667
34738,0.023248,172.31.47.0-255,66,240402,96,303667
34739,0.023269,74.125.24.0-255,5738,246140,96,303667
34740,0.023278,172.31.47.0-255,66,246206,96,303667
34741,0.023308,74.125.24.0-255,2902,249108,96,303667
34742,0.023313,172.31.47.0-255,66,249174,96,303667
34743,0.023367,172.31.47.0-255,66,249240,96,303667
34744,0.023369,74.125.24.0-255,766,250006,96,303667
34745,0.02338,74.125.24.0-255,4320,254326,96,303667
34746,0.023382,172.31.47.0-255,66,254392,96,303667
34747,0.023402,74.125.24.0-255,7156,261548,96,303667
34748,0.023412,172.31.47.0-255,66,261614,96,303667
34749,0.023427,74.125.24.0-255,6438,268052,96,303667
34750,0.023432,172.31.47.0-255,66,268118,96,303667
34751,0.023933,74.125.24.0-255,1484,269602,96,303667
34752,0.023941,74.125.24.0-255,2902,272504,96,303667
34753,0.023944,172.31.47.0-255,66,272570,96,303667
34754,0.023961,74.125.24.0-255,2902,275472,96,303667
34755,0.023975,74.125.24.0-255,2902,278374,96,303667
34756,0.023978,74.125.24.0-255,1484,279858,96,303667
34757,0.023982,74.125.24.0-255,4320,284178,96,303667
34758,0.023999,74.125.24.0-255,4320,288498,96,303667
34759,0.024022,74.125.24.0-255,2902,291400,96,303667
34760,0.024027,172.31.47.0-255,66,291466,96,303667
34761,0.024061,172.31.47.0-255,66,291532,96,303667
34762,0.024186,74.125.24.0-255,1484,293016,96,303667
34763,0.024204,74.125.24.0-255,2902,295918,96,303667
34764,0.024207,172.31.47.0-255,66,295984,96,303667
34765,0.024213,74.125.24.0-255,4320,300304,96,303667
34766,0.024221,172.31.47.0-255,66,300370,96,303667
34767,0.024226,74.125.24.0-255,1484,301854,96,303667
34768,0.024257,74.125.24.0-255,1405,303259,96,303667
34769,0.024261,172.31.47.0-255,66,303325,96,303667
34770,0.024276,74.125.24.0-255,105,303430,96,303667
34771,0.024352,172.31.47.0-255,66,303496,96,303667
34772,0.024372,172.31.47.0-255,105,303601,96,303667
34773,0.026932,74.125.24.0-255,66,303667,96,303667
34774,0.0,74.125.130.0-255,302,302,96,226954
34775,1.7e-05,172.31.47.0-255,66,368,96,226954
34776,2.3e-05,74.125.130.0-255,1484,1852,96,226954
34777,2.7e-05,172.31.47.0-255,66,1918,96,226954
34778,3.4e-05,74.125.130.0-255,4320,6238,96,226954
34779,3.7e-05,172.31.47.0-255,66,6304,96,226954
34780,4e-05,74.125.130.0-255,1484,7788,96,226954
34781,4.2e-05,172.31.47.0-255,66,7854,96,226954
34782,7.1e-05,74.125.130.0-255,1484,9338,96,226954
34783,7.3e-05,172.31.47.0-255,66,9404,96,226954
34784,7.8e-05,74.125.130.0-255,4320,13724,96,226954
34785,8.1e-05,172.31.47.0-255,66,13790,96,226954
34786,8.3e-05,74.125.130.0-255,359,14149,96,226954
34787,8.5e-05,172.31.47.0-255,66,14215,96,226954
34788,0.000231,74.125.130.0-255,1484,15699,96,226954
34789,0.000236,172.31.47.0-255,66,15765,96,226954
34790,0.000257,74.125.130.0-255,2902,18667,96,226954
34791,0.00026,172.31.47.0-255,66,18733,96,226954
34792,0.000287,74.125.130.0-255,5738,24471,96,226954
34793,0.00029,172.31.47.0-255,66,24537,96,226954
34794,0.000304,74.125.130.0-255,2902,27439,96,226954
34795,0.000305,172.31.47.0-255,66,27505,96,226954
34796,0.000318,74.125.130.0-255,1484,28989,96,226954
34797,0.00032,172.31.47.0-255,66,29055,96,226954
34798,0.00037,74.125.130.0-255,2543,31598,96,226954
34799,0.000373,172.31.47.0-255,66,31664,96,226954
34800,0.000435,74.125.130.0-255,1484,33148,96,226954
34801,0.000439,172.31.47.0-255,66,33214,96,226954
34802,0.000444,74.125.130.0-255,2902,36116,96,226954
34803,0.000446,172.31.47.0-255,66,36182,96,226954
34804,0.000458,74.125.130.0-255,1484,37666,96,226954
34805,0.00046,172.31.47.0-255,66,37732,96,226954
34806,0.000482,74.125.130.0-255,1484,39216,96,226954
34807,0.000488,74.125.130.0-255,4320,43536,96,226954
34808,0.000491,172.31.47.0-255,66,43602,96,226954
34809,0.00051,74.125.130.0-255,1484,45086,96,226954
34810,0.000519,74.125.130.0-255,1484,46570,96,226954
34811,0.000521,172.31.47.0-255,66,46636,96,226954
34812,0.000536,74.125.130.0-255,2543,49179,96,226954
34813,0.000539,172.31.47.0-255,66,49245,96,226954
34814,0.000594,74.125.130.0-255,1484,50729,96,226954
34815,0.000599,74.125.130.0-255,2902,53631,96,226954
34816,0.000601,172.31.47.0-255,66,53697,96,226954
34817,0.000604,74.125.130.0-255,1484,55181,96,226954
34818,0.000627,74.125.130.0-255,2902,58083,96,226954
34819,0.00063,172.31.47.0-255,66,58149,96,226954
34820,0.000633,74.125.130.0-255,1484,59633,96,226954
34821,0.000655,74.125.130.0-255,4320,63953,96,226954
34822,0.000659,172.31.47.0-255,66,64019,96,226954
34823,0.000662,74.125.130.0-255,2543,66562,96,226954
34824,0.000665,172.31.47.0-255,66,66628,96,226954
34825,0.000686,74.125.130.0-255,377,67005,96,226954
34826,0.000797,74.125.130.0-255,367,67372,96,226954
34827,0.001036,74.125.130.0-255,1484,68856,96,226954
34828,0.001042,172.31.47.0-255,66,68922,96,226954
34829,0.00106,74.125.130.0-255,2902,71824,96,226954
34830,0.001062,172.31.47.0-255,66,71890,96,226954
34831,0.001065,74.125.130.0-255,1484,73374,96,226954
34832,0.001081,74.125.130.0-255,2902,76276,96,226954
34833,0.001083,74.125.130.0-255,1484,77760,96,226954
34834,0.00109,172.31.47.0-255,66,77826,96,226954
34835,0.001096,74.125.130.0-255,4320,82146,96,226954
34836,0.001098,172.31.47.0-255,66,82212,96,226954
34837,0.001111,74.125.130.0-255,2902,85114,96,226954
34838,0.001113,172.31.47.0-255,66,85180,96,226954
34839,0.001135,74.125.130.0-255,1125,86305,96,226954
34840,0.00114,74.125.130.0-255,4320,90625,96,226954
34841,0.001142,172.31.47.0-255,66,90691,96,226954
34842,0.001184,172.31.47.0-255,66,90757,96,226954
34843,0.001201,74.125.130.0-255,1125,91882,96,226954
34844,0.001492,172.31.47.0-255,66,91948,96,226954
34845,0.001749,74.125.130.0-255,1484,93432,96,226954
34846,0.001768,74.125.130.0-255,2902,96334,96,226954
34847,0.001771,172.31.47.0-255,66,96400,96,226954
34848,0.001777,74.125.130.0-255,2902,99302,96,226954
34849,0.001779,172.31.47.0-255,66,99368,96,226954
34850,0.001791,74.125.130.0-255,1484,100852,96,226954
34851,0.001803,74.125.130.0-255,2902,103754,96,226954
34852,0.001805,172.31.47.0-255,66,103820,96,226954
34853,0.001828,74.125.130.0-255,5738,109558,96,226954
34854,0.00183,172.31.47.0-255,66,109624,96,226954
34855,0.001834,74.125.130.0-255,2902,112526,96,226954
34856,0.001835,172.31.47.0-255,66,112592,96,226954
34857,0.001867,74.125.130.0-255,2902,115494,96,226954
34858,0.001869,172.31.47.0-255,66,115560,96,226954
34859,0.001898,172.31.47.0-255,66,115626,96,226954
34860,0.001901,74.125.130.0-255,766,116392,96,226954
34861,0.002042,74.125.130.0-255,1484,117876,96,226954
34862,0.002045,172.31.47.0-255,66,117942,96,226954
34863,0.002058,74.125.130.0-255,2902,120844,96,226954
34864,0.00206,172.31.47.0-255,66,120910,96,226954
34865,0.002076,74.125.130.0-255,1484,122394,96,226954
34866,0.002088,74.125.130.0-255,2902,125296,96,226954
34867,0.00209,172.31.47.0-255,66,125362,96,226954
34868,0.002123,74.125.130.0-255,2902,128264,96,226954
34869,0.002125,172.31.47.0-255,66,128330,96,226954
34870,0.002145,74.125.130.0-255,4320,132650,96,226954
34871,0.002147,172.31.47.0-255,66,132716,96,226954
34872,0.002181,172.31.47.0-255,66,132782,96,226954
34873,0.002185,74.125.130.0-255,2902,135684,96,226954
34874,0.002187,172.31.47.0-255,66,135750,96,226954
34875,0.002192,74.125.130.0-255,4320,140070,96,226954
34876,0.002193,172.31.47.0-255,66,140136,96,226954
34877,0.002223,74.125.130.0-255,2184,142320,96,226954
34878,0.002226,172.31.47.0-255,66,142386,96,226954
34879,0.002418,74.125.130.0-255,1484,143870,96,226954
34880,0.002435,74.125.130.0-255,2902,146772,96,226954
34881,0.002438,172.31.47.0-255,66,146838,96,226954
34882,0.002467,74.125.130.0-255,4320,151158,96,226954
34883,0.00247,172.31.47.0-255,66,151224,96,226954
34884,0.002487,74.125.130.0-255,1484,152708,96,226954
34885,0.00249,74.125.130.0-255,1484,154192,96,226954
34886,0.002492,172.31.47.0-255,66,154258,96,226954
34887,0.002496,74.125.130.0-255,2902,157160,96,226954
34888,0.002498,172.31.47.0-255,66,157226,96,226954
34889,0.002532,74.125.130.0-255,1484,158710,96,226954
34890,0.00255,74.125.130.0-255,2902,161612,96,226954
34891,0.002552,172.31.47.0-255,66,161678,96,226954
34892,0.005013,74.125.130.0-255,1484,163162,96,226954
34893,0.00507,74.125.130.0-255,4320,167482,96,226954
34894,0.005079,172.31.47.0-255,66,167548,96,226954
34895,0.007586,74.125.130.0-255,5738,173286,96,226954
34896,0.007596,172.31.47.0-255,66,173352,96,226954
34897,0.010114,74.125.130.0-255,5738,179090,96,226954
34898,0.010131,172.31.47.0-255,66,179156,96,226954
34899,0.012688,74.125.130.0-255,5738,184894,96,226954
34900,0.012705,172.31.47.0-255,66,184960,96,226954
34901,0.015222,74.125.130.0-255,5738,190698,96,226954
34902,0.015239,172.31.47.0-255,66,190764,96,226954
34903,0.017768,74.125.130.0-255,5738,196502,96,226954
34904,0.017785,172.31.47.0-255,66,196568,96,226954
34905,0.020299,74.125.130.0-255,5738,202306,96,226954
34906,0.020313,172.31.47.0-255,66,202372,96,226954
34907,0.022829,74.125.130.0-255,5738,208110,96,226954
34908,0.022844,172.31.47.0-255,66,208176,96,226954
34909,0.024276,172.31.47.0-255,172,208348,96,226954
34910,0.024326,172.31.47.0-255,1111,209459,96,226954
34911,0.02439,172.31.47.0-255,1514,210973,96,226954
34912,0.024392,172.31.47.0-255,1514,212487,96,226954
34913,0.024396,172.31.47.0-255,1514,214001,96,226954
34914,0.024397,172.31.47.0-255,1081,215082,96,226954
34915,0.025356,74.125.130.0-255,5738,220820,96,226954
34916,0.025364,172.31.47.0-255,66,220886,96,226954
34917,0.025831,104.244.42.0-255,66,220952,96,226954
34918,0.025933,104.244.42.0-255,66,221018,96,226954
34919,0.026007,104.244.42.0-255,66,221084,96,226954
34920,0.026012,104.244.42.0-255,66,221150,96,226954
34921,0.02788,74.125.130.0-255,5738,226888,96,226954
34922,0.027886,172.31.47.0-255,66,226954,96,226954
34923,0.0,172.31.47.0-255,105,105,96,276
34924,0.001501,157.240.13.0-255,105,210,96,276
34925,0.001514,172.31.47.0-255,66,276,96,276
34926,0.0,74.125.24.0-255,153,153,96,241192
34927,1.9e-05,172.31.47.0-255,66,219,96,241192
34928,2.5e-05,74.125.24.0-255,1484,1703,96,241192
34929,3e-05,172.31.47.0-255,66,1769,96,241192
34930,4.5e-05,74.125.24.0-255,2902,4671,96,241192
34931,4.8e-05,172.31.47.0-255,66,4737,96,241192
34932,5.6e-05,74.125.24.0-255,7156,11893,96,241192
34933,6e-05,172.31.47.0-255,66,11959,96,241192
34934,0.000101,172.31.47.0-255,66,12025,96,241192
34935,0.000149,172.31.47.0-255,66,12091,96,241192
34936,0.000598,74.125.24.0-255,1484,13575,96,241192
34937,0.000604,172.31.47.0-255,66,13641,96,241192
34938,0.00061,74.125.24.0-255,2902,16543,96,241192
34939,0.000612,172.31.47.0-255,66,16609,96,241192
34940,0.000652,74.125.24.0-255,5738,22347,96,241192
34941,0.000657,172.31.47.0-255,66,22413,96,241192
34942,0.000663,74.125.24.0-255,5738,28151,96,241192
34943,0.000665,172.31.47.0-255,66,28217,96,241192
34944,0.000681,172.31.47.0-255,66,28283,96,241192
34945,0.000709,74.125.24.0-255,5379,33662,96,241192
34946,0.000716,172.31.47.0-255,66,33728,96,241192
34947,0.000723,74.125.24.0-255,4276,38004,96,241192
34948,0.000726,172.31.47.0-255,66,38070,96,241192
34949,0.000835,74.125.24.0-255,108,38178,96,241192
34950,0.000839,172.31.47.0-255,66,38244,96,241192
34951,0.001012,74.125.24.0-255,1484,39728,96,241192
34952,0.001016,172.31.47.0-255,66,39794,96,241192
34953,0.001021,74.125.24.0-255,2902,42696,96,241192
34954,0.001024,172.31.47.0-255,66,42762,96,241192
34955,0.00104,74.125.24.0-255,2902,45664,96,241192
34956,0.001043,172.31.47.0-255,66,45730,96,241192
34957,0.001063,74.125.24.0-255,1484,47214,96,241192
34958,0.001069,74.125.24.0-255,4320,51534,96,241192
34959,0.001072,172.31.47.0-255,66,51600,96,241192
34960,0.001104,74.125.24.0-255,5379,56979,96,241192
34961,0.001108,172.31.47.0-255,66,57045,96,241192
34962,0.001125,172.31.47.0-255,66,57111,96,241192
34963,0.001157,74.125.24.0-255,3961,61072,96,241192
34964,0.00116,172.31.47.0-255,66,61138,96,241192
34965,0.00153,74.125.24.0-255,1484,62622,96,241192
34966,0.001537,74.125.24.0-255,2902,65524,96,241192
34967,0.001541,172.31.47.0-255,66,65590,96,241192
34968,0.001544,74.125.24.0-255,1484,67074,96,241192
34969,0.001566,74.125.24.0-255,2902,69976,96,241192
34970,0.001568,172.31.47.0-255,66,70042,96,241192
34971,0.001573,74.125.24.0-255,4320,74362,96,241192
34972,0.001575,172.31.47.0-255,66,74428,96,241192
34973,0.0016,74.125.24.0-255,1484,75912,96,241192
34974,0.001611,172.31.47.0-255,66,75978,96,241192
34975,0.001617,74.125.24.0-255,5738,81716,96,241192
34976,0.001619,172.31.47.0-255,66,81782,96,241192
34977,0.001651,74.125.24.0-255,4320,86102,96,241192
34978,0.001654,172.31.47.0-255,66,86168,96,241192
34979,0.001658,74.125.24.0-255,766,86934,96,241192
34980,0.001828,74.125.24.0-255,1484,88418,96,241192
34981,0.001833,172.31.47.0-255,66,88484,96,241192
34982,0.001837,74.125.24.0-255,2902,91386,96,241192
34983,0.00184,172.31.47.0-255,66,91452,96,241192
34984,0.001845,74.125.24.0-255,5738,97190,96,241192
34985,0.001847,172.31.47.0-255,66,97256,96,241192
34986,0.00189,172.31.47.0-255,66,97322,96,241192
34987,0.001893,74.125.24.0-255,1484,98806,96,241192
34988,0.001934,172.31.47.0-255,66,98872,96,241192
34989,0.001946,172.31.47.0-255,66,98938,96,241192
34990,0.001979,74.125.24.0-255,4320,103258,96,241192
34991,0.001981,172.31.47.0-255,66,103324,96,241192
34992,0.001997,172.31.47.0-255,66,103390,96,241192
34993,0.002099,74.125.24.0-255,1484,104874,96,241192
34994,0.002104,74.125.24.0-255,2902,107776,96,241192
34995,0.002108,172.31.47.0-255,66,107842,96,241192
34996,0.002111,74.125.24.0-255,1484,109326,96,241192
34997,0.002136,74.125.24.0-255,4320,113646,96,241192
34998,0.002139,172.31.47.0-255,66,113712,96,241192
34999,0.002145,74.125.24.0-255,7156,120868,96,241192
35000,0.002147,172.31.47.0-255,66,120934,96,241192
35001,0.002177,74.125.24.0-255,5738,126672,96,241192
35002,0.00218,172.31.47.0-255,66,126738,96,241192
35003,0.002211,172.31.47.0-255,66,126804,96,241192
35004,0.002244,74.125.24.0-255,1484,128288,96,241192
35005,0.002248,74.125.24.0-255,2902,131190,96,241192
35006,0.002251,172.31.47.0-255,66,131256,96,241192
35007,0.002285,74.125.24.0-255,5738,136994,96,241192
35008,0.002288,172.31.47.0-255,66,137060,96,241192
35009,0.002328,74.125.24.0-255,5738,142798,96,241192
35010,0.002331,172.31.47.0-255,66,142864,96,241192
35011,0.002354,74.125.24.0-255,7156,150020,96,241192
35012,0.002357,172.31.47.0-255,66,150086,96,241192
35013,0.002363,74.125.24.0-255,7156,157242,96,241192
35014,0.002365,172.31.47.0-255,66,157308,96,241192
35015,0.002379,172.31.47.0-255,66,157374,96,241192
35016,0.002418,74.125.24.0-255,5020,162394,96,241192
35017,0.002421,172.31.47.0-255,66,162460,96,241192
35018,0.002435,172.31.47.0-255,66,162526,96,241192
35019,0.002444,74.125.24.0-255,3602,166128,96,241192
35020,0.002446,172.31.47.0-255,66,166194,96,241192
35021,0.00245,74.125.24.0-255,4320,170514,96,241192
35022,0.002452,172.31.47.0-255,66,170580,96,241192
35023,0.002465,74.125.24.0-255,2902,173482,96,241192
35024,0.002509,74.125.24.0-255,3602,177084,96,241192
35025,0.002511,172.31.47.0-255,66,177150,96,241192
35026,0.002514,74.125.24.0-255,7156,184306,96,241192
35027,0.002516,172.31.47.0-255,66,184372,96,241192
35028,0.002539,172.31.47.0-255,66,184438,96,241192
35029,0.002552,172.31.47.0-255,66,184504,96,241192
35030,0.005047,74.125.24.0-255,5738,190242,96,241192
35031,0.005053,172.31.47.0-255,66,190308,96,241192
35032,0.007563,74.125.24.0-255,5738,196046,96,241192
35033,0.007571,172.31.47.0-255,66,196112,96,241192
35034,0.010082,74.125.24.0-255,4320,200432,96,241192
35035,0.010084,172.31.47.0-255,66,200498,96,241192
35036,0.010106,74.125.24.0-255,1484,201982,96,241192
35037,0.012631,74.125.24.0-255,4320,206302,96,241192
35038,0.012649,172.31.47.0-255,66,206368,96,241192
35039,0.015142,74.125.24.0-255,5738,212106,96,241192
35040,0.015149,172.31.47.0-255,66,212172,96,241192
35041,0.017645,74.125.24.0-255,5738,217910,96,241192
35042,0.017659,172.31.47.0-255,66,217976,96,241192
35043,0.020213,74.125.24.0-255,5738,223714,96,241192
35044,0.020219,172.31.47.0-255,66,223780,96,241192
35045,0.0227,74.125.24.0-255,5738,229518,96,241192
35046,0.022707,172.31.47.0-255,66,229584,96,241192
35047,0.025227,74.125.24.0-255,5738,235322,96,241192
35048,0.025234,172.31.47.0-255,66,235388,96,241192
35049,0.027757,74.125.24.0-255,5738,241126,96,241192
35050,0.027768,172.31.47.0-255,66,241192,96,241192
35051,0.0,172.31.47.0-255,66,66,96,66
35052,0.0,172.31.47.0-255,105,105,96,105
35053,0.0,74.125.130.0-255,153,153,96,174262
35054,2.9e-05,172.31.47.0-255,66,219,96,174262
35055,3.6e-05,74.125.130.0-255,1484,1703,96,174262
35056,4.1e-05,172.31.47.0-255,66,1769,96,174262
35057,4.5e-05,74.125.130.0-255,2902,4671,96,174262
35058,4.8e-05,172.31.47.0-255,66,4737,96,174262
35059,7.2e-05,74.125.130.0-255,4320,9057,96,174262
35060,7.5e-05,172.31.47.0-255,66,9123,96,174262
35061,0.000106,74.125.130.0-255,4814,13937,96,174262
35062,0.00011,172.31.47.0-255,66,14003,96,174262
35063,0.000123,74.125.130.0-255,2902,16905,96,174262
35064,0.000125,172.31.47.0-255,66,16971,96,174262
35065,0.000143,74.125.130.0-255,1484,18455,96,174262
35066,0.000145,172.31.47.0-255,66,18521,96,174262
35067,0.000166,74.125.130.0-255,2902,21423,96,174262
35068,0.000169,172.31.47.0-255,66,21489,96,174262
35069,0.000171,74.125.130.0-255,1484,22973,96,174262
35070,0.000173,172.31.47.0-255,66,23039,96,174262
35071,0.000194,74.125.130.0-255,4320,27359,96,174262
35072,0.000197,172.31.47.0-255,66,27425,96,174262
35073,0.000219,74.125.130.0-255,3961,31386,96,174262
35074,0.000223,172.31.47.0-255,66,31452,96,174262
35075,0.000569,74.125.130.0-255,1484,32936,96,174262
35076,0.000573,172.31.47.0-255,66,33002,96,174262
35077,0.000581,74.125.130.0-255,1484,34486,96,174262
35078,0.000583,172.31.47.0-255,66,34552,96,174262
35079,0.000605,74.125.130.0-255,2902,37454,96,174262
35080,0.000608,172.31.47.0-255,66,37520,96,174262
35081,0.000652,74.125.130.0-255,2902,40422,96,174262
35082,0.000655,172.31.47.0-255,66,40488,96,174262
35083,0.000675,74.125.130.0-255,2902,43390,96,174262
35084,0.000678,172.31.47.0-255,66,43456,96,174262
35085,0.000683,74.125.130.0-255,5379,48835,96,174262
35086,0.000685,172.31.47.0-255,66,48901,96,174262
35087,0.000708,74.125.130.0-255,1484,50385,96,174262
35088,0.000727,74.125.130.0-255,4320,54705,96,174262
35089,0.00073,172.31.47.0-255,66,54771,96,174262
35090,0.000735,74.125.130.0-255,4320,59091,96,174262
35091,0.000737,172.31.47.0-255,66,59157,96,174262
35092,0.000739,74.125.130.0-255,1484,60641,96,174262
35093,0.000766,74.125.130.0-255,4320,64961,96,174262
35094,0.000769,172.31.47.0-255,66,65027,96,174262
35095,0.000787,74.125.130.0-255,1414,66441,96,174262
35096,0.000801,74.125.130.0-255,98,66539,96,174262
35097,0.000895,74.125.130.0-255,1484,68023,96,174262
35098,0.0009,172.31.47.0-255,66,68089,96,174262
35099,0.000914,74.125.130.0-255,2902,70991,96,174262
35100,0.000917,172.31.47.0-255,66,71057,96,174262
35101,0.000932,74.125.130.0-255,2902,73959,96,174262
35102,0.000935,172.31.47.0-255,66,74025,96,174262
35103,0.000959,74.125.130.0-255,4320,78345,96,174262
35104,0.000963,172.31.47.0-255,66,78411,96,174262
35105,0.000968,74.125.130.0-255,4320,82731,96,174262
35106,0.00097,172.31.47.0-255,66,82797,96,174262
35107,0.000985,74.125.130.0-255,4320,87117,96,174262
35108,0.000988,172.31.47.0-255,66,87183,96,174262
35109,0.000993,74.125.130.0-255,4320,91503,96,174262
35110,0.000995,172.31.47.0-255,66,91569,96,174262
35111,0.000999,74.125.130.0-255,5738,97307,96,174262
35112,0.001001,172.31.47.0-255,66,97373,96,174262
35113,0.001044,74.125.130.0-255,3902,101275,96,174262
35114,0.001049,172.31.47.0-255,66,101341,96,174262
35115,0.004436,74.125.130.0-255,1484,102825,96,174262
35116,0.004453,74.125.130.0-255,2902,105727,96,174262
35117,0.004457,172.31.47.0-255,66,105793,96,174262
35118,0.004469,74.125.130.0-255,1484,107277,96,174262
35119,0.006793,74.125.130.0-255,4320,111597,96,174262
35120,0.006799,172.31.47.0-255,66,111663,96,174262
35121,0.009113,74.125.130.0-255,5738,117401,96,174262
35122,0.00912,172.31.47.0-255,66,117467,96,174262
35123,0.01142,74.125.130.0-255,5738,123205,96,174262
35124,0.011427,172.31.47.0-255,66,123271,96,174262
35125,0.013731,74.125.130.0-255,5738,129009,96,174262
35126,0.013739,172.31.47.0-255,66,129075,96,174262
35127,0.01604,74.125.130.0-255,5738,134813,96,174262
35128,0.016048,172.31.47.0-255,66,134879,96,174262
35129,0.018366,74.125.130.0-255,2902,137781,96,174262
35130,0.018374,172.31.47.0-255,66,137847,96,174262
35131,0.018395,74.125.130.0-255,2902,140749,96,174262
35132,0.018398,172.31.47.0-255,66,140815,96,174262
35133,0.01871,172.31.47.0-255,172,140987,96,174262
35134,0.018742,172.31.47.0-255,1110,142097,96,174262
35135,0.018781,172.31.47.0-255,1514,143611,96,174262
35136,0.018783,172.31.47.0-255,1301,144912,96,174262
35137,0.020275,104.244.42.0-255,66,144978,96,174262
35138,0.02032,104.244.42.0-255,66,145044,96,174262
35139,0.020372,104.244.42.0-255,66,145110,96,174262
35140,0.020671,74.125.130.0-255,2902,148012,96,174262
35141,0.020677,172.31.47.0-255,66,148078,96,174262
35142,0.020701,74.125.130.0-255,2902,150980,96,174262
35143,0.020704,172.31.47.0-255,66,151046,96,174262
35144,0.022987,74.125.130.0-255,5738,156784,96,174262
35145,0.022992,172.31.47.0-255,66,156850,96,174262
35146,0.025296,74.125.130.0-255,5738,162588,96,174262
35147,0.025303,172.31.47.0-255,66,162654,96,174262
35148,0.027616,74.125.130.0-255,5738,168392,96,174262
35149,0.027623,172.31.47.0-255,66,168458,96,174262
35150,0.029943,74.125.130.0-255,5738,174196,96,174262
35151,0.029951,172.31.47.0-255,66,174262,96,174262
35152,0.0,74.125.200.0-255,153,153,96,320625
35153,3.3e-05,172.31.47.0-255,66,219,96,320625
35154,3.9e-05,74.125.200.0-255,1484,1703,96,320625
35155,4.3e-05,172.31.47.0-255,66,1769,96,320625
35156,4.8e-05,74.125.200.0-255,2902,4671,96,320625
35157,5.1e-05,172.31.47.0-255,66,4737,96,320625
35158,5.7e-05,74.125.200.0-255,5738,10475,96,320625
35159,6e-05,172.31.47.0-255,66,10541,96,320625
35160,8.1e-05,74.125.200.0-255,3584,14125,96,320625
35161,8.4e-05,172.31.47.0-255,66,14191,96,320625
35162,0.000113,74.125.200.0-255,4320,18511,96,320625
35163,0.000117,172.31.47.0-255,66,18577,96,320625
35164,0.000147,74.125.200.0-255,5738,24315,96,320625
35165,0.000151,172.31.47.0-255,66,24381,96,320625
35166,0.000173,74.125.200.0-255,2902,27283,96,320625
35167,0.000175,172.31.47.0-255,66,27349,96,320625
35168,0.000188,172.31.47.0-255,66,27415,96,320625
35169,0.000195,74.125.200.0-255,7156,34571,96,320625
35170,0.000198,172.31.47.0-255,66,34637,96,320625
35171,0.000229,74.125.200.0-255,1484,36121,96,320625
35172,0.000232,172.31.47.0-255,66,36187,96,320625
35173,0.000251,74.125.200.0-255,2184,38371,96,320625
35174,0.000254,172.31.47.0-255,66,38437,96,320625
35175,0.000714,74.125.200.0-255,1484,39921,96,320625
35176,0.00072,172.31.47.0-255,66,39987,96,320625
35177,0.000728,74.125.200.0-255,2902,42889,96,320625
35178,0.00073,172.31.47.0-255,66,42955,96,320625
35179,0.000761,74.125.200.0-255,5738,48693,96,320625
35180,0.000765,172.31.47.0-255,66,48759,96,320625
35181,0.000771,74.125.200.0-255,7070,55829,96,320625
35182,0.000773,172.31.47.0-255,66,55895,96,320625
35183,0.000776,74.125.200.0-255,132,56027,96,320625
35184,0.001157,74.125.200.0-255,1484,57511,96,320625
35185,0.001163,172.31.47.0-255,66,57577,96,320625
35186,0.001168,74.125.200.0-255,2902,60479,96,320625
35187,0.00117,172.31.47.0-255,66,60545,96,320625
35188,0.001199,74.125.200.0-255,5738,66283,96,320625
35189,0.001201,172.31.47.0-255,66,66349,96,320625
35190,0.001205,74.125.200.0-255,4320,70669,96,320625
35191,0.001207,172.31.47.0-255,66,70735,96,320625
35192,0.001212,74.125.200.0-255,4320,75055,96,320625
35193,0.001213,172.31.47.0-255,66,75121,96,320625
35194,0.001235,74.125.200.0-255,1484,76605,96,320625
35195,0.001265,172.31.47.0-255,66,76671,96,320625
35196,0.0013,74.125.200.0-255,2184,78855,96,320625
35197,0.001303,172.31.47.0-255,66,78921,96,320625
35198,0.001406,74.125.200.0-255,1484,80405,96,320625
35199,0.001417,74.125.200.0-255,2902,83307,96,320625
35200,0.001419,172.31.47.0-255,66,83373,96,320625
35201,0.00145,74.125.200.0-255,4320,87693,96,320625
35202,0.001452,172.31.47.0-255,66,87759,96,320625
35203,0.001506,74.125.200.0-255,2902,90661,96,320625
35204,0.001508,172.31.47.0-255,66,90727,96,320625
35205,0.001523,74.125.200.0-255,4320,95047,96,320625
35206,0.001526,172.31.47.0-255,66,95113,96,320625
35207,0.001558,172.31.47.0-255,66,95179,96,320625
35208,0.001561,74.125.200.0-255,2902,98081,96,320625
35209,0.001563,172.31.47.0-255,66,98147,96,320625
35210,0.001599,74.125.200.0-255,4320,102467,96,320625
35211,0.001602,172.31.47.0-255,66,102533,96,320625
35212,0.001632,172.31.47.0-255,66,102599,96,320625
35213,0.001636,74.125.200.0-255,4320,106919,96,320625
35214,0.001638,172.31.47.0-255,66,106985,96,320625
35215,0.001708,172.31.47.0-255,66,107051,96,320625
35216,0.001712,74.125.200.0-255,2184,109235,96,320625
35217,0.001713,172.31.47.0-255,66,109301,96,320625
35218,0.001725,74.125.200.0-255,1484,110785,96,320625
35219,0.001742,74.125.200.0-255,2902,113687,96,320625
35220,0.001744,172.31.47.0-255,66,113753,96,320625
35221,0.001772,74.125.200.0-255,4320,118073,96,320625
35222,0.001774,172.31.47.0-255,66,118139,96,320625
35223,0.001778,74.125.200.0-255,2902,121041,96,320625
35224,0.00178,172.31.47.0-255,66,121107,96,320625
35225,0.001794,74.125.200.0-255,2902,124009,96,320625
35226,0.001796,172.31.47.0-255,66,124075,96,320625
35227,0.001808,74.125.200.0-255,2902,126977,96,320625
35228,0.001809,172.31.47.0-255,66,127043,96,320625
35229,0.001827,172.31.47.0-255,66,127109,96,320625
35230,0.001831,74.125.200.0-255,4320,131429,96,320625
35231,0.001832,172.31.47.0-255,66,131495,96,320625
35232,0.001881,74.125.200.0-255,3602,135097,96,320625
35233,0.001883,172.31.47.0-255,66,135163,96,320625
35234,0.001904,74.125.200.0-255,1484,136647,96,320625
35235,0.001916,74.125.200.0-255,2902,139549,96,320625
35236,0.001918,172.31.47.0-255,66,139615,96,320625
35237,0.00194,74.125.200.0-255,5738,145353,96,320625
35238,0.001942,172.31.47.0-255,66,145419,96,320625
35239,0.001948,74.125.200.0-255,7156,152575,96,320625
35240,0.001949,172.31.47.0-255,66,152641,96,320625
35241,0.001967,74.125.200.0-255,1484,154125,96,320625
35242,0.001983,74.125.200.0-255,7156,161281,96,320625
35243,0.001985,172.31.47.0-255,66,161347,96,320625
35244,0.002005,74.125.200.0-255,5738,167085,96,320625
35245,0.002007,172.31.47.0-255,66,167151,96,320625
35246,0.002037,74.125.200.0-255,5738,172889,96,320625
35247,0.00204,172.31.47.0-255,66,172955,96,320625
35248,0.002067,172.31.47.0-255,66,173021,96,320625
35249,0.002098,74.125.200.0-255,4320,177341,96,320625
35250,0.002103,74.125.200.0-255,4320,181661,96,320625
35251,0.002133,74.125.200.0-255,2184,183845,96,320625
35252,0.002137,74.125.200.0-255,2902,186747,96,320625
35253,0.002164,74.125.200.0-255,7156,193903,96,320625
35254,0.002193,74.125.200.0-255,5738,199641,96,320625
35255,0.002198,74.125.200.0-255,4320,203961,96,320625
35256,0.002214,74.125.200.0-255,2902,206863,96,320625
35257,0.00223,74.125.200.0-255,4320,211183,96,320625
35258,0.002243,74.125.200.0-255,1484,212667,96,320625
35259,0.002256,74.125.200.0-255,3602,216269,96,320625
35260,0.002311,74.125.200.0-255,1484,217753,96,320625
35261,0.002316,74.125.200.0-255,2902,220655,96,320625
35262,0.002319,74.125.200.0-255,1484,222139,96,320625
35263,0.002334,74.125.200.0-255,2902,225041,96,320625
35264,0.002362,74.125.200.0-255,5738,230779,96,320625
35265,0.002381,74.125.200.0-255,5738,236517,96,320625
35266,0.002403,74.125.200.0-255,7156,243673,96,320625
35267,0.002459,74.125.200.0-255,6438,250111,96,320625
35268,0.002465,74.125.200.0-255,5738,255849,96,320625
35269,0.00248,74.125.200.0-255,1484,257333,96,320625
35270,0.002514,74.125.200.0-255,5738,263071,96,320625
35271,0.002526,74.125.200.0-255,4320,267391,96,320625
35272,0.002529,74.125.200.0-255,1484,268875,96,320625
35273,0.002549,74.125.200.0-255,6438,275313,96,320625
35274,0.006302,172.31.47.0-255,66,275379,96,320625
35275,0.008865,74.125.200.0-255,5738,281117,96,320625
35276,0.008871,172.31.47.0-255,66,281183,96,320625
35277,0.011427,74.125.200.0-255,4320,285503,96,320625
35278,0.011435,172.31.47.0-255,66,285569,96,320625
35279,0.011456,74.125.200.0-255,1484,287053,96,320625
35280,0.013975,74.125.200.0-255,4320,291373,96,320625
35281,0.013981,172.31.47.0-255,66,291439,96,320625
35282,0.016526,74.125.200.0-255,5738,297177,96,320625
35283,0.016533,172.31.47.0-255,66,297243,96,320625
35284,0.01907,74.125.200.0-255,4320,301563,96,320625
35285,0.019076,172.31.47.0-255,66,301629,96,320625
35286,0.019093,74.125.200.0-255,1484,303113,96,320625
35287,0.021622,74.125.200.0-255,4320,307433,96,320625
35288,0.021633,172.31.47.0-255,66,307499,96,320625
35289,0.024183,74.125.200.0-255,5738,313237,96,320625
35290,0.024196,172.31.47.0-255,66,313303,96,320625
35291,0.026758,74.125.200.0-255,5738,319041,96,320625
35292,0.026771,172.31.47.0-255,66,319107,96,320625
35293,0.029308,74.125.200.0-255,1347,320454,96,320625
35294,0.029452,172.31.47.0-255,66,320520,96,320625
35295,0.029487,172.31.47.0-255,105,320625,96,320625
35296,0.0,172.31.47.0-255,105,105,96,276
35297,0.002077,157.240.13.0-255,105,210,96,276
35298,0.002089,172.31.47.0-255,66,276,96,276
35299,0.0,172.31.47.0-255,105,105,96,105
35300,0.0,172.31.47.0-255,105,105,96,210
35301,0.001539,157.240.13.0-255,105,210,96,210
35302,0.0,74.125.68.0-255,153,153,96,245862
35303,3.4e-05,172.31.47.0-255,66,219,96,245862
35304,4.1e-05,74.125.68.0-255,1484,1703,96,245862
35305,4.5e-05,172.31.47.0-255,66,1769,96,245862
35306,4.9e-05,74.125.68.0-255,2902,4671,96,245862
35307,5.1e-05,172.31.47.0-255,66,4737,96,245862
35308,7.3e-05,74.125.68.0-255,1484,6221,96,245862
35309,7.5e-05,172.31.47.0-255,66,6287,96,245862
35310,0.000111,74.125.68.0-255,4320,10607,96,245862
35311,0.000114,172.31.47.0-255,66,10673,96,245862
35312,0.000119,74.125.68.0-255,4976,15649,96,245862
35313,0.000121,172.31.47.0-255,66,15715,96,245862
35314,0.000149,74.125.68.0-255,5738,21453,96,245862
35315,0.000153,172.31.47.0-255,66,21519,96,245862
35316,0.000163,172.31.47.0-255,66,21585,96,245862
35317,0.000386,74.125.68.0-255,1484,23069,96,245862
35318,0.000391,172.31.47.0-255,66,23135,96,245862
35319,0.000395,74.125.68.0-255,1484,24619,96,245862
35320,0.000396,172.31.47.0-255,66,24685,96,245862
35321,0.000401,74.125.68.0-255,2902,27587,96,245862
35322,0.000411,172.31.47.0-255,66,27653,96,245862
35323,0.000448,74.125.68.0-255,5738,33391,96,245862
35324,0.00045,172.31.47.0-255,66,33457,96,245862
35325,0.000454,74.125.68.0-255,2902,36359,96,245862
35326,0.000456,172.31.47.0-255,66,36425,96,245862
35327,0.000459,74.125.68.0-255,1484,37909,96,245862
35328,0.00046,172.31.47.0-255,66,37975,96,245862
35329,0.000497,74.125.68.0-255,2543,40518,96,245862
35330,0.0005,172.31.47.0-255,66,40584,96,245862
35331,0.000507,74.125.68.0-255,7156,47740,96,245862
35332,0.000509,172.31.47.0-255,66,47806,96,245862
35333,0.000544,172.31.47.0-255,66,47872,96,245862
35334,0.000546,74.125.68.0-255,135,48007,96,245862
35335,0.000548,172.31.47.0-255,66,48073,96,245862
35336,0.000571,74.125.68.0-255,348,48421,96,245862
35337,0.000573,172.31.47.0-255,66,48487,96,245862
35338,0.000736,74.125.68.0-255,1484,49971,96,245862
35339,0.00074,172.31.47.0-255,66,50037,96,245862
35340,0.000762,74.125.68.0-255,2902,52939,96,245862
35341,0.000765,172.31.47.0-255,66,53005,96,245862
35342,0.000768,74.125.68.0-255,1484,54489,96,245862
35343,0.00077,172.31.47.0-255,66,54555,96,245862
35344,0.000791,74.125.68.0-255,2902,57457,96,245862
35345,0.000793,172.31.47.0-255,66,57523,96,245862
35346,0.000795,74.125.68.0-255,1484,59007,96,245862
35347,0.000799,172.31.47.0-255,66,59073,96,245862
35348,0.000828,74.125.68.0-255,7156,66229,96,245862
35349,0.00083,172.31.47.0-255,66,66295,96,245862
35350,0.000838,74.125.68.0-255,2902,69197,96,245862
35351,0.00084,172.31.47.0-255,66,69263,96,245862
35352,0.000859,74.125.68.0-255,4320,73583,96,245862
35353,0.000864,172.31.47.0-255,66,73649,96,245862
35354,0.000891,74.125.68.0-255,5738,79387,96,245862
35355,0.000899,172.31.47.0-255,66,79453,96,245862
35356,0.00091,74.125.68.0-255,3602,83055,96,245862
35357,0.000913,172.31.47.0-255,66,83121,96,245862
35358,0.001723,74.125.68.0-255,1484,84605,96,245862
35359,0.00173,172.31.47.0-255,66,84671,96,245862
35360,0.001758,74.125.68.0-255,1484,86155,96,245862
35361,0.00176,172.31.47.0-255,66,86221,96,245862
35362,0.001766,74.125.68.0-255,2902,89123,96,245862
35363,0.001771,74.125.68.0-255,2902,92025,96,245862
35364,0.001786,74.125.68.0-255,2902,94927,96,245862
35365,0.00179,74.125.68.0-255,2902,97829,96,245862
35366,0.001793,74.125.68.0-255,1484,99313,96,245862
35367,0.001811,74.125.68.0-255,2902,102215,96,245862
35368,0.001836,74.125.68.0-255,4320,106535,96,245862
35369,0.001853,74.125.68.0-255,4320,110855,96,245862
35370,0.00188,74.125.68.0-255,1484,112339,96,245862
35371,0.001897,74.125.68.0-255,5020,117359,96,245862
35372,0.001935,74.125.68.0-255,2902,120261,96,245862
35373,0.001945,74.125.68.0-255,2902,123163,96,245862
35374,0.001982,74.125.68.0-255,1484,124647,96,245862
35375,0.002,74.125.68.0-255,2902,127549,96,245862
35376,0.002021,74.125.68.0-255,5738,133287,96,245862
35377,0.00204,74.125.68.0-255,4320,137607,96,245862
35378,0.00207,74.125.68.0-255,5738,143345,96,245862
35379,0.002086,74.125.68.0-255,1484,144829,96,245862
35380,0.002105,74.125.68.0-255,2902,147731,96,245862
35381,0.002131,74.125.68.0-255,5738,153469,96,245862
35382,0.002141,74.125.68.0-255,766,154235,96,245862
35383,0.002145,74.125.68.0-255,2902,157137,96,245862
35384,0.002149,74.125.68.0-255,4320,161457,96,245862
35385,0.002174,74.125.68.0-255,5738,167195,96,245862
35386,0.00219,74.125.68.0-255,2902,170097,96,245862
35387,0.002196,74.125.68.0-255,5738,175835,96,245862
35388,0.002207,74.125.68.0-255,1484,177319,96,245862
35389,0.002226,74.125.68.0-255,5738,183057,96,245862
35390,0.002237,74.125.68.0-255,2184,185241,96,245862
35391,0.003963,172.31.47.0-255,66,185307,96,245862
35392,0.006304,74.125.68.0-255,2902,188209,96,245862
35393,0.006309,172.31.47.0-255,66,188275,96,245862
35394,0.00634,74.125.68.0-255,2902,191177,96,245862
35395,0.006355,172.31.47.0-255,66,191243,96,245862
35396,0.008622,74.125.68.0-255,1484,192727,96,245862
35397,0.008629,172.31.47.0-255,66,192793,96,245862
35398,0.008697,74.125.68.0-255,4320,197113,96,245862
35399,0.009291,172.31.47.0-255,66,197179,96,245862
35400,0.010955,74.125.68.0-255,1484,198663,96,245862
35401,0.011603,74.125.68.0-255,4320,202983,96,245862
35402,0.011608,172.31.47.0-255,66,203049,96,245862
35403,0.013928,74.125.68.0-255,5738,208787,96,245862
35404,0.014055,172.31.47.0-255,66,208853,96,245862
35405,0.016378,74.125.68.0-255,2902,211755,96,245862
35406,0.016385,172.31.47.0-255,66,211821,96,245862
35407,0.016419,74.125.68.0-255,2902,214723,96,245862
35408,0.016437,172.31.47.0-255,66,214789,96,245862
35409,0.018697,74.125.68.0-255,2902,217691,96,245862
35410,0.018704,172.31.47.0-255,66,217757,96,245862
35411,0.018748,74.125.68.0-255,2902,220659,96,245862
35412,0.018758,172.31.47.0-255,66,220725,96,245862
35413,0.021024,74.125.68.0-255,2902,223627,96,245862
35414,0.021032,172.31.47.0-255,66,223693,96,245862
35415,0.021075,74.125.68.0-255,2902,226595,96,245862
35416,0.02109,172.31.47.0-255,66,226661,96,245862
35417,0.02304,172.31.47.0-255,172,226833,96,245862
35418,0.023069,172.31.47.0-255,1104,227937,96,245862
35419,0.02311,172.31.47.0-255,1514,229451,96,245862
35420,0.023112,172.31.47.0-255,1307,230758,96,245862
35421,0.023345,74.125.68.0-255,2902,233660,96,245862
35422,0.023352,172.31.47.0-255,66,233726,96,245862
35423,0.023382,74.125.68.0-255,1484,235210,96,245862
35424,0.023396,74.125.68.0-255,1484,236694,96,245862
35425,0.024608,104.244.42.0-255,66,236760,96,245862
35426,0.024634,104.244.42.0-255,66,236826,96,245862
35427,0.024687,104.244.42.0-255,66,236892,96,245862
35428,0.025399,172.31.47.0-255,66,236958,96,245862
35429,0.025666,74.125.68.0-255,2902,239860,96,245862
35430,0.025673,172.31.47.0-255,66,239926,96,245862
35431,0.027713,74.125.68.0-255,2902,242828,96,245862
35432,0.027729,172.31.47.0-255,66,242894,96,245862
35433,0.027984,74.125.68.0-255,2902,245796,96,245862
35434,0.02799,172.31.47.0-255,66,245862,96,245862
35435,0.0,172.31.47.0-255,66,66,96,66
35436,0.0,172.217.194.0-255,153,153,96,195870
35437,1.4e-05,172.31.47.0-255,66,219,96,195870
35438,2e-05,172.217.194.0-255,1484,1703,96,195870
35439,2.4e-05,172.31.47.0-255,66,1769,96,195870
35440,2.9e-05,172.217.194.0-255,2902,4671,96,195870
35441,3.1e-05,172.31.47.0-255,66,4737,96,195870
35442,3.7e-05,172.217.194.0-255,5738,10475,96,195870
35443,3.9e-05,172.31.47.0-255,66,10541,96,195870
35444,6e-05,172.217.194.0-255,1484,12025,96,195870
35445,6.3e-05,172.31.47.0-255,66,12091,96,195870
35446,6.8e-05,172.217.194.0-255,2097,14188,96,195870
35447,7e-05,172.31.47.0-255,66,14254,96,195870
35448,8.7e-05,172.217.194.0-255,5738,19992,96,195870
35449,9e-05,172.31.47.0-255,66,20058,96,195870
35450,0.000117,172.217.194.0-255,5738,25796,96,195870
35451,0.000119,172.31.47.0-255,66,25862,96,195870
35452,0.000129,172.31.47.0-255,66,25928,96,195870
35453,0.000164,172.217.194.0-255,4320,30248,96,195870
35454,0.000166,172.31.47.0-255,66,30314,96,195870
35455,0.00019,172.31.47.0-255,66,30380,96,195870
35456,0.000247,172.31.47.0-255,66,30446,96,195870
35457,0.000762,172.217.194.0-255,646,31092,96,195870
35458,0.000768,172.31.47.0-255,66,31158,96,195870
35459,0.000809,172.217.194.0-255,1484,32642,96,195870
35460,0.000813,172.31.47.0-255,66,32708,96,195870
35461,0.000818,172.217.194.0-255,2902,35610,96,195870
35462,0.00082,172.31.47.0-255,66,35676,96,195870
35463,0.000839,172.217.194.0-255,5738,41414,96,195870
35464,0.000841,172.31.47.0-255,66,41480,96,195870
35465,0.000873,172.217.194.0-255,2902,44382,96,195870
35466,0.000876,172.31.47.0-255,66,44448,96,195870
35467,0.000879,172.31.47.0-255,66,44514,96,195870
35468,0.000887,172.217.194.0-255,1484,45998,96,195870
35469,0.000917,172.217.194.0-255,4320,50318,96,195870
35470,0.000919,172.31.47.0-255,66,50384,96,195870
35471,0.000938,172.217.194.0-255,2184,52568,96,195870
35472,0.00094,172.31.47.0-255,66,52634,96,195870
35473,0.000943,172.217.194.0-255,1484,54118,96,195870
35474,0.000967,172.217.194.0-255,5738,59856,96,195870
35475,0.00097,172.31.47.0-255,66,59922,96,195870
35476,0.000977,172.217.194.0-255,7156,67078,96,195870
35477,0.00098,172.31.47.0-255,66,67144,96,195870
35478,0.000999,172.217.194.0-255,4320,71464,96,195870
35479,0.001001,172.31.47.0-255,66,71530,96,195870
35480,0.001019,172.217.194.0-255,2902,74432,96,195870
35481,0.001022,172.31.47.0-255,66,74498,96,195870
35482,0.001049,172.31.47.0-255,66,74564,96,195870
35483,0.001055,172.217.194.0-255,4320,78884,96,195870
35484,0.001058,172.31.47.0-255,66,78950,96,195870
35485,0.001083,172.31.47.0-255,66,79016,96,195870
35486,0.001095,172.31.47.0-255,66,79082,96,195870
35487,0.001115,172.217.194.0-255,5738,84820,96,195870
35488,0.001118,172.31.47.0-255,66,84886,96,195870
35489,0.001122,172.217.194.0-255,2184,87070,96,195870
35490,0.001124,172.31.47.0-255,66,87136,96,195870
35491,0.001335,172.217.194.0-255,1484,88620,96,195870
35492,0.001341,172.217.194.0-255,2902,91522,96,195870
35493,0.001345,172.31.47.0-255,66,91588,96,195870
35494,0.001352,172.217.194.0-255,5738,97326,96,195870
35495,0.001354,172.31.47.0-255,66,97392,96,195870
35496,0.001397,172.217.194.0-255,4320,101712,96,195870
35497,0.001408,172.31.47.0-255,66,101778,96,195870
35498,0.001411,172.31.47.0-255,66,101844,96,195870
35499,0.001429,172.217.194.0-255,4320,106164,96,195870
35500,0.001432,172.31.47.0-255,66,106230,96,195870
35501,0.001446,172.217.194.0-255,2184,108414,96,195870
35502,0.001449,172.31.47.0-255,66,108480,96,195870
35503,0.001949,172.217.194.0-255,1484,109964,96,195870
35504,0.001954,172.217.194.0-255,1484,111448,96,195870
35505,0.001957,172.31.47.0-255,66,111514,96,195870
35506,0.001979,172.217.194.0-255,1484,112998,96,195870
35507,0.001986,172.217.194.0-255,5738,118736,96,195870
35508,0.001988,172.31.47.0-255,66,118802,96,195870
35509,0.001991,172.217.194.0-255,1484,120286,96,195870
35510,0.00202,172.31.47.0-255,66,120352,96,195870
35511,0.002074,172.31.47.0-255,66,120418,96,195870
35512,0.004141,172.217.194.0-255,5738,126156,96,195870
35513,0.004149,172.31.47.0-255,66,126222,96,195870
35514,0.006193,172.217.194.0-255,5738,131960,96,195870
35515,0.006199,172.31.47.0-255,66,132026,96,195870
35516,0.00825,172.217.194.0-255,5738,137764,96,195870
35517,0.008257,172.31.47.0-255,66,137830,96,195870
35518,0.010361,172.217.194.0-255,5738,143568,96,195870
35519,0.010368,172.31.47.0-255,66,143634,96,195870
35520,0.012454,172.217.194.0-255,5738,149372,96,195870
35521,0.012471,172.31.47.0-255,66,149438,96,195870
35522,0.014541,172.217.194.0-255,5738,155176,96,195870
35523,0.014555,172.31.47.0-255,66,155242,96,195870
35524,0.016626,172.217.194.0-255,5738,160980,96,195870
35525,0.016641,172.31.47.0-255,66,161046,96,195870
35526,0.018724,172.217.194.0-255,5738,166784,96,195870
35527,0.018738,172.31.47.0-255,66,166850,96,195870
35528,0.020791,172.217.194.0-255,5738,172588,96,195870
35529,0.0208,172.31.47.0-255,66,172654,96,195870
35530,0.022859,172.217.194.0-255,5738,178392,96,195870
35531,0.022866,172.31.47.0-255,66,178458,96,195870
35532,0.024963,172.217.194.0-255,5738,184196,96,195870
35533,0.024973,172.31.47.0-255,66,184262,96,195870
35534,0.027033,172.217.194.0-255,5738,190000,96,195870
35535,0.027042,172.31.47.0-255,66,190066,96,195870
35536,0.029112,172.217.194.0-255,5738,195804,96,195870
35537,0.029119,172.31.47.0-255,66,195870,96,195870
35538,0.0,74.125.24.0-255,153,153,96,219165
35539,2.8e-05,172.31.47.0-255,66,219,96,219165
35540,3.4e-05,74.125.24.0-255,1484,1703,96,219165
35541,3.8e-05,172.31.47.0-255,66,1769,96,219165
35542,4.2e-05,74.125.24.0-255,2902,4671,96,219165
35543,4.4e-05,172.31.47.0-255,66,4737,96,219165
35544,7.1e-05,74.125.24.0-255,5738,10475,96,219165
35545,7.3e-05,172.31.47.0-255,66,10541,96,219165
35546,8.8e-05,74.125.24.0-255,5738,16279,96,219165
35547,9.1e-05,172.31.47.0-255,66,16345,96,219165
35548,0.000109,172.31.47.0-255,66,16411,96,219165
35549,0.000143,74.125.24.0-255,2902,19313,96,219165
35550,0.000145,172.31.47.0-255,66,19379,96,219165
35551,0.000164,74.125.24.0-255,3961,23340,96,219165
35552,0.000166,172.31.47.0-255,66,23406,96,219165
35553,0.000206,74.125.24.0-255,1484,24890,96,219165
35554,0.000209,172.31.47.0-255,66,24956,96,219165
35555,0.000224,74.125.24.0-255,2902,27858,96,219165
35556,0.000226,172.31.47.0-255,66,27924,96,219165
35557,0.000229,74.125.24.0-255,1484,29408,96,219165
35558,0.00023,172.31.47.0-255,66,29474,96,219165
35559,0.000249,74.125.24.0-255,2902,32376,96,219165
35560,0.000251,172.31.47.0-255,66,32442,96,219165
35561,0.000269,74.125.24.0-255,2902,35344,96,219165
35562,0.000272,172.31.47.0-255,66,35410,96,219165
35563,0.000293,74.125.24.0-255,5738,41148,96,219165
35564,0.000295,172.31.47.0-255,66,41214,96,219165
35565,0.000304,172.31.47.0-255,66,41280,96,219165
35566,0.000343,74.125.24.0-255,5738,47018,96,219165
35567,0.000347,172.31.47.0-255,66,47084,96,219165
35568,0.000361,74.125.24.0-255,2561,49645,96,219165
35569,0.000363,172.31.47.0-255,66,49711,96,219165
35570,0.000478,74.125.24.0-255,1484,51195,96,219165
35571,0.000483,74.125.24.0-255,1484,52679,96,219165
35572,0.000485,172.31.47.0-255,66,52745,96,219165
35573,0.000505,74.125.24.0-255,1484,54229,96,219165
35574,0.000511,74.125.24.0-255,5738,59967,96,219165
35575,0.000513,172.31.47.0-255,66,60033,96,219165
35576,0.000532,172.31.47.0-255,66,60099,96,219165
35577,0.000544,74.125.24.0-255,2902,63001,96,219165
35578,0.000546,172.31.47.0-255,66,63067,96,219165
35579,0.000553,74.125.24.0-255,7156,70223,96,219165
35580,0.000555,172.31.47.0-255,66,70289,96,219165
35581,0.000567,74.125.24.0-255,3602,73891,96,219165
35582,0.000569,172.31.47.0-255,66,73957,96,219165
35583,0.000571,74.125.24.0-255,332,74289,96,219165
35584,0.000617,74.125.24.0-255,1484,75773,96,219165
35585,0.000619,172.31.47.0-255,66,75839,96,219165
35586,0.000636,74.125.24.0-255,4320,80159,96,219165
35587,0.000639,172.31.47.0-255,66,80225,96,219165
35588,0.000643,74.125.24.0-255,5738,85963,96,219165
35589,0.000645,172.31.47.0-255,66,86029,96,219165
35590,0.000665,74.125.24.0-255,1484,87513,96,219165
35591,0.000703,74.125.24.0-255,7156,94669,96,219165
35592,0.000708,172.31.47.0-255,66,94735,96,219165
35593,0.000725,74.125.24.0-255,2902,97637,96,219165
35594,0.000727,172.31.47.0-255,66,97703,96,219165
35595,0.000738,172.31.47.0-255,66,97769,96,219165
35596,0.000743,74.125.24.0-255,2902,100671,96,219165
35597,0.000745,172.31.47.0-255,66,100737,96,219165
35598,0.000768,74.125.24.0-255,4320,105057,96,219165
35599,0.00077,172.31.47.0-255,66,105123,96,219165
35600,0.000779,172.31.47.0-255,66,105189,96,219165
35601,0.000783,74.125.24.0-255,2902,108091,96,219165
35602,0.000784,172.31.47.0-255,66,108157,96,219165
35603,0.000819,172.31.47.0-255,66,108223,96,219165
35604,0.000822,74.125.24.0-255,766,108989,96,219165
35605,0.001025,74.125.24.0-255,1484,110473,96,219165
35606,0.001029,172.31.47.0-255,66,110539,96,219165
35607,0.001033,74.125.24.0-255,2902,113441,96,219165
35608,0.001035,172.31.47.0-255,66,113507,96,219165
35609,0.001038,74.125.24.0-255,1484,114991,96,219165
35610,0.001057,74.125.24.0-255,4320,119311,96,219165
35611,0.00106,172.31.47.0-255,66,119377,96,219165
35612,0.001062,74.125.24.0-255,5738,125115,96,219165
35613,0.001064,172.31.47.0-255,66,125181,96,219165
35614,0.001082,74.125.24.0-255,1484,126665,96,219165
35615,0.001087,74.125.24.0-255,4320,130985,96,219165
35616,0.001089,172.31.47.0-255,66,131051,96,219165
35617,0.001117,172.31.47.0-255,66,131117,96,219165
35618,0.001121,74.125.24.0-255,2184,133301,96,219165
35619,0.001123,172.31.47.0-255,66,133367,96,219165
35620,0.001166,74.125.24.0-255,1484,134851,96,219165
35621,0.001182,74.125.24.0-255,2902,137753,96,219165
35622,0.001185,172.31.47.0-255,66,137819,96,219165
35623,0.001196,74.125.24.0-255,2902,140721,96,219165
35624,0.001198,172.31.47.0-255,66,140787,96,219165
35625,0.001221,74.125.24.0-255,2902,143689,96,219165
35626,0.001223,172.31.47.0-255,66,143755,96,219165
35627,0.001229,74.125.24.0-255,7156,150911,96,219165
35628,0.001231,172.31.47.0-255,66,150977,96,219165
35629,0.001233,74.125.24.0-255,1484,152461,96,219165
35630,0.001271,172.31.47.0-255,66,152527,96,219165
35631,0.001275,74.125.24.0-255,2184,154711,96,219165
35632,0.001277,172.31.47.0-255,66,154777,96,219165
35633,0.001353,74.125.24.0-255,1484,156261,96,219165
35634,0.001371,74.125.24.0-255,2902,159163,96,219165
35635,0.001374,172.31.47.0-255,66,159229,96,219165
35636,0.00138,74.125.24.0-255,5738,164967,96,219165
35637,0.001382,172.31.47.0-255,66,165033,96,219165
35638,0.001427,172.31.47.0-255,66,165099,96,219165
35639,0.001434,74.125.24.0-255,7156,172255,96,219165
35640,0.001435,172.31.47.0-255,66,172321,96,219165
35641,0.001459,74.125.24.0-255,3602,175923,96,219165
35642,0.001462,172.31.47.0-255,66,175989,96,219165
35643,0.001587,74.125.24.0-255,1484,177473,96,219165
35644,0.001592,74.125.24.0-255,2902,180375,96,219165
35645,0.001595,172.31.47.0-255,66,180441,96,219165
35646,0.0016,74.125.24.0-255,5738,186179,96,219165
35647,0.001602,172.31.47.0-255,66,186245,96,219165
35648,0.001612,74.125.24.0-255,1484,187729,96,219165
35649,0.001644,172.31.47.0-255,66,187795,96,219165
35650,0.001655,172.31.47.0-255,66,187861,96,219165
35651,0.001717,172.31.47.0-255,66,187927,96,219165
35652,0.001749,172.31.47.0-255,66,187993,96,219165
35653,0.001751,74.125.24.0-255,7156,195149,96,219165
35654,0.001752,172.31.47.0-255,66,195215,96,219165
35655,0.001771,74.125.24.0-255,3602,198817,96,219165
35656,0.001774,172.31.47.0-255,66,198883,96,219165
35657,0.001785,172.31.47.0-255,66,198949,96,219165
35658,0.001795,172.31.47.0-255,66,199015,96,219165
35659,0.001821,74.125.24.0-255,3602,202617,96,219165
35660,0.001825,172.31.47.0-255,66,202683,96,219165
35661,0.001839,172.31.47.0-255,66,202749,96,219165
35662,0.001844,74.125.24.0-255,5738,208487,96,219165
35663,0.001846,172.31.47.0-255,66,208553,96,219165
35664,0.001876,172.31.47.0-255,66,208619,96,219165
35665,0.00188,74.125.24.0-255,2902,211521,96,219165
35666,0.001881,172.31.47.0-255,66,211587,96,219165
35667,0.001904,172.31.47.0-255,66,211653,96,219165
35668,0.001906,74.125.24.0-255,105,211758,96,219165
35669,0.002961,172.31.47.0-255,66,211824,96,219165
35670,0.002984,172.31.47.0-255,105,211929,96,219165
35671,0.005448,74.125.24.0-255,66,211995,96,219165
35672,0.026045,172.31.47.0-255,172,212167,96,219165
35673,0.026075,172.31.47.0-255,1105,213272,96,219165
35674,0.026108,172.31.47.0-255,1514,214786,96,219165
35675,0.02611,172.31.47.0-255,1514,216300,96,219165
35676,0.026111,172.31.47.0-255,1514,217814,96,219165
35677,0.026112,172.31.47.0-255,1087,218901,96,219165
35678,0.027525,104.244.42.0-255,66,218967,96,219165
35679,0.027555,104.244.42.0-255,66,219033,96,219165
35680,0.027612,104.244.42.0-255,66,219099,96,219165
35681,0.027615,104.244.42.0-255,66,219165,96,219165
35682,0.0,74.125.68.0-255,146,146,96,325658
35683,2.7e-05,172.31.47.0-255,66,212,96,325658
35684,3.3e-05,74.125.68.0-255,1484,1696,96,325658
35685,3.7e-05,172.31.47.0-255,66,1762,96,325658
35686,3.9e-05,74.125.68.0-255,1484,3246,96,325658
35687,4.1e-05,172.31.47.0-255,66,3312,96,325658
35688,5.8e-05,74.125.68.0-255,1484,4796,96,325658
35689,6.1e-05,172.31.47.0-255,66,4862,96,325658
35690,6.5e-05,74.125.68.0-255,2902,7764,96,325658
35691,6.7e-05,172.31.47.0-255,66,7830,96,325658
35692,8.8e-05,74.125.68.0-255,4320,12150,96,325658
35693,9e-05,172.31.47.0-255,66,12216,96,325658
35694,9.2e-05,74.125.68.0-255,1484,13700,96,325658
35695,9.4e-05,172.31.47.0-255,66,13766,96,325658
35696,0.000116,74.125.68.0-255,6396,20162,96,325658
35697,0.000119,172.31.47.0-255,66,20228,96,325658
35698,0.000124,74.125.68.0-255,5738,25966,96,325658
35699,0.000125,172.31.47.0-255,66,26032,96,325658
35700,0.000143,74.125.68.0-255,4320,30352,96,325658
35701,0.000145,172.31.47.0-255,66,30418,96,325658
35702,0.000167,74.125.68.0-255,2902,33320,96,325658
35703,0.000169,172.31.47.0-255,66,33386,96,325658
35704,0.000196,172.31.47.0-255,66,33452,96,325658
35705,0.00022,74.125.68.0-255,5020,38472,96,325658
35706,0.000222,172.31.47.0-255,66,38538,96,325658
35707,0.000238,74.125.68.0-255,5738,44276,96,325658
35708,0.00024,172.31.47.0-255,66,44342,96,325658
35709,0.00027,74.125.68.0-255,4320,48662,96,325658
35710,0.000273,172.31.47.0-255,66,48728,96,325658
35711,0.000292,74.125.68.0-255,4304,53032,96,325658
35712,0.000295,172.31.47.0-255,66,53098,96,325658
35713,0.000334,74.125.68.0-255,1484,54582,96,325658
35714,0.000337,172.31.47.0-255,66,54648,96,325658
35715,0.000348,74.125.68.0-255,2902,57550,96,325658
35716,0.00035,172.31.47.0-255,66,57616,96,325658
35717,0.000366,74.125.68.0-255,2902,60518,96,325658
35718,0.000369,172.31.47.0-255,66,60584,96,325658
35719,0.000389,74.125.68.0-255,2902,63486,96,325658
35720,0.000392,172.31.47.0-255,66,63552,96,325658
35721,0.000394,74.125.68.0-255,1484,65036,96,325658
35722,0.000396,172.31.47.0-255,66,65102,96,325658
35723,0.000413,74.125.68.0-255,5738,70840,96,325658
35724,0.000416,172.31.47.0-255,66,70906,96,325658
35725,0.000419,74.125.68.0-255,2902,73808,96,325658
35726,0.000421,172.31.47.0-255,66,73874,96,325658
35727,0.000454,172.31.47.0-255,66,73940,96,325658
35728,0.000477,74.125.68.0-255,2902,76842,96,325658
35729,0.00048,172.31.47.0-255,66,76908,96,325658
35730,0.000491,74.125.68.0-255,1043,77951,96,325658
35731,0.000494,172.31.47.0-255,66,78017,96,325658
35732,0.000769,74.125.68.0-255,1484,79501,96,325658
35733,0.000823,74.125.68.0-255,2902,82403,96,325658
35734,0.000827,74.125.68.0-255,2902,85305,96,325658
35735,0.00083,74.125.68.0-255,4320,89625,96,325658
35736,0.000835,74.125.68.0-255,4320,93945,96,325658
35737,0.000853,74.125.68.0-255,4320,98265,96,325658
35738,0.000857,74.125.68.0-255,4320,102585,96,325658
35739,0.00086,74.125.68.0-255,1484,104069,96,325658
35740,0.000874,74.125.68.0-255,4320,108389,96,325658
35741,0.000895,74.125.68.0-255,3602,111991,96,325658
35742,0.001894,74.125.68.0-255,1484,113475,96,325658
35743,0.00191,74.125.68.0-255,2902,116377,96,325658
35744,0.001927,74.125.68.0-255,5738,122115,96,325658
35745,0.001963,74.125.68.0-255,4320,126435,96,325658
35746,0.002033,74.125.68.0-255,1484,127919,96,325658
35747,0.002055,74.125.68.0-255,2902,130821,96,325658
35748,0.002058,74.125.68.0-255,1484,132305,96,325658
35749,0.002077,74.125.68.0-255,1484,133789,96,325658
35750,0.00208,74.125.68.0-255,1484,135273,96,325658
35751,0.002102,74.125.68.0-255,2184,137457,96,325658
35752,0.002181,74.125.68.0-255,1484,138941,96,325658
35753,0.002196,74.125.68.0-255,2902,141843,96,325658
35754,0.002208,74.125.68.0-255,2902,144745,96,325658
35755,0.002228,74.125.68.0-255,4320,149065,96,325658
35756,0.002265,74.125.68.0-255,1484,150549,96,325658
35757,0.002268,74.125.68.0-255,1484,152033,96,325658
35758,0.002282,74.125.68.0-255,1484,153517,96,325658
35759,0.002285,74.125.68.0-255,1484,155001,96,325658
35760,0.002313,74.125.68.0-255,2902,157903,96,325658
35761,0.002315,74.125.68.0-255,1484,159387,96,325658
35762,0.002334,74.125.68.0-255,2902,162289,96,325658
35763,0.002336,74.125.68.0-255,1484,163773,96,325658
35764,0.002338,74.125.68.0-255,1484,165257,96,325658
35765,0.002359,74.125.68.0-255,2902,168159,96,325658
35766,0.002371,74.125.68.0-255,3602,171761,96,325658
35767,0.002513,74.125.68.0-255,1484,173245,96,325658
35768,0.002532,74.125.68.0-255,2902,176147,96,325658
35769,0.002584,74.125.68.0-255,1484,177631,96,325658
35770,0.002616,74.125.68.0-255,1484,179115,96,325658
35771,0.002663,74.125.68.0-255,1484,180599,96,325658
35772,0.002686,74.125.68.0-255,2902,183501,96,325658
35773,0.002714,74.125.68.0-255,1484,184985,96,325658
35774,0.002727,74.125.68.0-255,2902,187887,96,325658
35775,0.002755,74.125.68.0-255,2902,190789,96,325658
35776,0.002769,74.125.68.0-255,2902,193691,96,325658
35777,0.002786,74.125.68.0-255,1484,195175,96,325658
35778,0.002813,74.125.68.0-255,2902,198077,96,325658
35779,0.002835,74.125.68.0-255,2902,200979,96,325658
35780,0.00285,74.125.68.0-255,1484,202463,96,325658
35781,0.002869,74.125.68.0-255,3602,206065,96,325658
35782,0.003385,74.125.68.0-255,1484,207549,96,325658
35783,0.003403,74.125.68.0-255,2902,210451,96,325658
35784,0.003412,74.125.68.0-255,2902,213353,96,325658
35785,0.003425,74.125.68.0-255,2902,216255,96,325658
35786,0.003427,74.125.68.0-255,1484,217739,96,325658
35787,0.003431,74.125.68.0-255,2902,220641,96,325658
35788,0.003463,74.125.68.0-255,4320,224961,96,325658
35789,0.003478,74.125.68.0-255,1484,226445,96,325658
35790,0.003481,74.125.68.0-255,2902,229347,96,325658
35791,0.003483,74.125.68.0-255,1484,230831,96,325658
35792,0.003497,74.125.68.0-255,2902,233733,96,325658
35793,0.00353,74.125.68.0-255,2902,236635,96,325658
35794,0.003548,74.125.68.0-255,3602,240237,96,325658
35795,0.003569,74.125.68.0-255,1484,241721,96,325658
35796,0.003591,74.125.68.0-255,5738,247459,96,325658
35797,0.003677,74.125.68.0-255,2902,250361,96,325658
35798,0.00369,74.125.68.0-255,4320,254681,96,325658
35799,0.003705,74.125.68.0-255,766,255447,96,325658
35800,0.00374,74.125.68.0-255,1484,256931,96,325658
35801,0.003755,74.125.68.0-255,4320,261251,96,325658
35802,0.003783,74.125.68.0-255,4320,265571,96,325658
35803,0.003796,74.125.68.0-255,4320,269891,96,325658
35804,0.003824,74.125.68.0-255,1484,271375,96,325658
35805,0.003827,74.125.68.0-255,2902,274277,96,325658
35806,0.003841,74.125.68.0-255,6438,280715,96,325658
35807,0.004219,74.125.68.0-255,1484,282199,96,325658
35808,0.004233,74.125.68.0-255,2902,285101,96,325658
35809,0.004236,74.125.68.0-255,1484,286585,96,325658
35810,0.004252,74.125.68.0-255,2902,289487,96,325658
35811,0.004332,74.125.68.0-255,1484,290971,96,325658
35812,0.004356,74.125.68.0-255,5020,295991,96,325658
35813,0.004395,74.125.68.0-255,5738,301729,96,325658
35814,0.004416,74.125.68.0-255,7156,308885,96,325658
35815,0.004443,74.125.68.0-255,5738,314623,96,325658
35816,0.004467,74.125.68.0-255,5738,320361,96,325658
35817,0.004539,74.125.68.0-255,2902,323263,96,325658
35818,0.004555,74.125.68.0-255,2053,325316,96,325658
35819,0.004614,74.125.68.0-255,105,325421,96,325658
35820,0.007623,172.31.47.0-255,66,325487,96,325658
35821,0.01021,172.31.47.0-255,105,325592,96,325658
35822,0.012133,74.125.68.0-255,66,325658,96,325658
35823,0.0,172.217.194.0-255,153,153,96,203308
35824,2.2e-05,172.31.47.0-255,66,219,96,203308
35825,2.8e-05,172.217.194.0-255,1484,1703,96,203308
35826,3.2e-05,172.31.47.0-255,66,1769,96,203308
35827,3.6e-05,172.217.194.0-255,2902,4671,96,203308
35828,4e-05,172.31.47.0-255,66,4737,96,203308
35829,4.4e-05,172.217.194.0-255,4320,9057,96,203308
35830,4.7e-05,172.31.47.0-255,66,9123,96,203308
35831,8e-05,172.217.194.0-255,2902,12025,96,203308
35832,8.2e-05,172.31.47.0-255,66,12091,96,203308
35833,8.6e-05,172.217.194.0-255,2044,14135,96,203308
35834,8.8e-05,172.31.47.0-255,66,14201,96,203308
35835,0.000483,172.217.194.0-255,1484,15685,96,203308
35836,0.000488,172.31.47.0-255,66,15751,96,203308
35837,0.000497,172.217.194.0-255,2902,18653,96,203308
35838,0.000499,172.31.47.0-255,66,18719,96,203308
35839,0.000511,172.217.194.0-255,5738,24457,96,203308
35840,0.000513,172.31.47.0-255,66,24523,96,203308
35841,0.000535,172.217.194.0-255,1484,26007,96,203308
35842,0.000542,172.31.47.0-255,66,26073,96,203308
35843,0.000583,172.31.47.0-255,66,26139,96,203308
35844,0.000612,172.217.194.0-255,5738,31877,96,203308
35845,0.000614,172.31.47.0-255,66,31943,96,203308
35846,0.00064,172.217.194.0-255,5379,37322,96,203308
35847,0.000643,172.31.47.0-255,66,37388,96,203308
35848,0.000646,172.217.194.0-255,1484,38872,96,203308
35849,0.000648,172.31.47.0-255,66,38938,96,203308
35850,0.000651,172.217.194.0-255,2902,41840,96,203308
35851,0.000653,172.31.47.0-255,66,41906,96,203308
35852,0.000661,172.217.194.0-255,2902,44808,96,203308
35853,0.000665,172.31.47.0-255,66,44874,96,203308
35854,0.000689,172.217.194.0-255,2902,47776,96,203308
35855,0.000693,172.31.47.0-255,66,47842,96,203308
35856,0.000703,172.217.194.0-255,6797,54639,96,203308
35857,0.000705,172.31.47.0-255,66,54705,96,203308
35858,0.000723,172.217.194.0-255,378,55083,96,203308
35859,0.001056,172.31.47.0-255,66,55149,96,203308
35860,0.001189,172.217.194.0-255,364,55513,96,203308
35861,0.00121,172.31.47.0-255,66,55579,96,203308
35862,0.001318,172.217.194.0-255,1484,57063,96,203308
35863,0.001322,172.217.194.0-255,1484,58547,96,203308
35864,0.001325,172.31.47.0-255,66,58613,96,203308
35865,0.001339,172.217.194.0-255,1484,60097,96,203308
35866,0.001348,172.217.194.0-255,5738,65835,96,203308
35867,0.00135,172.31.47.0-255,66,65901,96,203308
35868,0.001355,172.217.194.0-255,5738,71639,96,203308
35869,0.001357,172.31.47.0-255,66,71705,96,203308
35870,0.001375,172.217.194.0-255,1125,72830,96,203308
35871,0.001377,172.217.194.0-255,1484,74314,96,203308
35872,0.001379,172.31.47.0-255,66,74380,96,203308
35873,0.001408,172.31.47.0-255,66,74446,96,203308
35874,0.001412,172.217.194.0-255,2543,76989,96,203308
35875,0.001413,172.31.47.0-255,66,77055,96,203308
35876,0.001912,172.217.194.0-255,1484,78539,96,203308
35877,0.001929,172.217.194.0-255,1484,80023,96,203308
35878,0.001933,172.31.47.0-255,66,80089,96,203308
35879,0.001962,172.217.194.0-255,1484,81573,96,203308
35880,0.001968,172.217.194.0-255,5738,87311,96,203308
35881,0.001969,172.31.47.0-255,66,87377,96,203308
35882,0.001976,172.217.194.0-255,7156,94533,96,203308
35883,0.001977,172.31.47.0-255,66,94599,96,203308
35884,0.001997,172.217.194.0-255,5738,100337,96,203308
35885,0.002003,172.31.47.0-255,66,100403,96,203308
35886,0.002015,172.217.194.0-255,2902,103305,96,203308
35887,0.002021,172.31.47.0-255,66,103371,96,203308
35888,0.002056,172.31.47.0-255,66,103437,96,203308
35889,0.002131,172.217.194.0-255,1484,104921,96,203308
35890,0.002136,172.217.194.0-255,2902,107823,96,203308
35891,0.002139,172.31.47.0-255,66,107889,96,203308
35892,0.002159,172.217.194.0-255,5738,113627,96,203308
35893,0.002161,172.31.47.0-255,66,113693,96,203308
35894,0.002191,172.31.47.0-255,66,113759,96,203308
35895,0.002239,172.31.47.0-255,66,113825,96,203308
35896,0.002271,172.217.194.0-255,5020,118845,96,203308
35897,0.002273,172.31.47.0-255,66,118911,96,203308
35898,0.002283,172.31.47.0-255,66,118977,96,203308
35899,0.002309,172.217.194.0-255,7156,126133,96,203308
35900,0.002312,172.31.47.0-255,66,126199,96,203308
35901,0.002316,172.217.194.0-255,4320,130519,96,203308
35902,0.002318,172.31.47.0-255,66,130585,96,203308
35903,0.002358,172.31.47.0-255,66,130651,96,203308
35904,0.004645,172.217.194.0-255,5738,136389,96,203308
35905,0.004653,172.31.47.0-255,66,136455,96,203308
35906,0.006934,172.217.194.0-255,5738,142193,96,203308
35907,0.006941,172.31.47.0-255,66,142259,96,203308
35908,0.009241,172.217.194.0-255,5738,147997,96,203308
35909,0.009249,172.31.47.0-255,66,148063,96,203308
35910,0.011586,172.217.194.0-255,5738,153801,96,203308
35911,0.011592,172.31.47.0-255,66,153867,96,203308
35912,0.013904,172.217.194.0-255,5738,159605,96,203308
35913,0.013913,172.31.47.0-255,66,159671,96,203308
35914,0.016198,172.217.194.0-255,5738,165409,96,203308
35915,0.016205,172.31.47.0-255,66,165475,96,203308
35916,0.017535,172.31.47.0-255,172,165647,96,203308
35917,0.017572,172.31.47.0-255,1110,166757,96,203308
35918,0.017625,172.31.47.0-255,1514,168271,96,203308
35919,0.017627,172.31.47.0-255,1301,169572,96,203308
35920,0.018486,172.217.194.0-255,5738,175310,96,203308
35921,0.018491,172.31.47.0-255,66,175376,96,203308
35922,0.019118,104.244.42.0-255,66,175442,96,203308
35923,0.019125,104.244.42.0-255,66,175508,96,203308
35924,0.019204,104.244.42.0-255,66,175574,96,203308
35925,0.020743,172.217.194.0-255,4320,179894,96,203308
35926,0.020754,172.31.47.0-255,66,179960,96,203308
35927,0.020785,172.217.194.0-255,1484,181444,96,203308
35928,0.023016,172.217.194.0-255,4320,185764,96,203308
35929,0.023023,172.31.47.0-255,66,185830,96,203308
35930,0.025303,172.217.194.0-255,5738,191568,96,203308
35931,0.025308,172.31.47.0-255,66,191634,96,203308
35932,0.027569,172.217.194.0-255,5738,197372,96,203308
35933,0.027574,172.31.47.0-255,66,197438,96,203308
35934,0.029832,172.217.194.0-255,4320,201758,96,203308
35935,0.029837,172.31.47.0-255,66,201824,96,203308
35936,0.029866,172.217.194.0-255,1484,203308,96,203308
35937,0.0,172.31.47.0-255,66,66,96,66
