,TIME,SRC,PACKET_SIZE,CUMULATIVE_PACKET_SIZE,PAGE_NUMBER,TOTAL_PACKET_SIZE
0,0.0,74.125.24.0-255,153,153,69,288975
1,2.3e-05,172.31.40.0-255,66,219,69,288975
2,3e-05,74.125.24.0-255,1484,1703,69,288975
3,3.5e-05,172.31.40.0-255,66,1769,69,288975
4,4.1e-05,74.125.24.0-255,2902,4671,69,288975
5,4.5e-05,172.31.40.0-255,66,4737,69,288975
6,5.3e-05,74.125.24.0-255,7156,11893,69,288975
7,5.6e-05,172.31.40.0-255,66,11959,69,288975
8,6.1e-05,74.125.24.0-255,2902,14861,69,288975
9,6.4e-05,172.31.40.0-255,66,14927,69,288975
10,9.4e-05,74.125.24.0-255,657,15584,69,288975
11,9.7e-05,172.31.40.0-255,66,15650,69,288975
12,0.000103,74.125.24.0-255,4320,19970,69,288975
13,0.000106,172.31.40.0-255,66,20036,69,288975
14,0.000117,172.31.40.0-255,66,20102,69,288975
15,0.000128,172.31.40.0-255,66,20168,69,288975
16,0.000152,74.125.24.0-255,4320,24488,69,288975
17,0.000154,172.31.40.0-255,66,24554,69,288975
18,0.000161,74.125.24.0-255,5020,29574,69,288975
19,0.000163,172.31.40.0-255,66,29640,69,288975
20,0.000168,74.125.24.0-255,4320,33960,69,288975
21,0.00017,172.31.40.0-255,66,34026,69,288975
22,0.000183,74.125.24.0-255,1484,35510,69,288975
23,0.000185,172.31.40.0-255,66,35576,69,288975
24,0.000216,74.125.24.0-255,4320,39896,69,288975
25,0.000219,172.31.40.0-255,66,39962,69,288975
26,0.000244,74.125.24.0-255,7137,47099,69,288975
27,0.000247,172.31.40.0-255,66,47165,69,288975
28,0.000249,74.125.24.0-255,347,47512,69,288975
29,0.000251,172.31.40.0-255,66,47578,69,288975
30,0.000386,74.125.24.0-255,1484,49062,69,288975
31,0.000402,74.125.24.0-255,2902,51964,69,288975
32,0.000406,172.31.40.0-255,66,52030,69,288975
33,0.000413,74.125.24.0-255,4320,56350,69,288975
34,0.000415,172.31.40.0-255,66,56416,69,288975
35,0.000431,74.125.24.0-255,1484,57900,69,288975
36,0.000469,74.125.24.0-255,4320,62220,69,288975
37,0.000472,172.31.40.0-255,66,62286,69,288975
38,0.000497,74.125.24.0-255,6797,69083,69,288975
39,0.0005,172.31.40.0-255,66,69149,69,288975
40,0.000511,172.31.40.0-255,66,69215,69,288975
41,0.000525,74.125.24.0-255,1125,70340,69,288975
42,0.001219,74.125.24.0-255,1484,71824,69,288975
43,0.001224,172.31.40.0-255,66,71890,69,288975
44,0.00123,74.125.24.0-255,2902,74792,69,288975
45,0.001232,172.31.40.0-255,66,74858,69,288975
46,0.001236,74.125.24.0-255,2902,77760,69,288975
47,0.001252,172.31.40.0-255,66,77826,69,288975
48,0.001281,74.125.24.0-255,2902,80728,69,288975
49,0.001284,172.31.40.0-255,66,80794,69,288975
50,0.001297,172.31.40.0-255,66,80860,69,288975
51,0.001304,74.125.24.0-255,7156,88016,69,288975
52,0.001306,172.31.40.0-255,66,88082,69,288975
53,0.001331,74.125.24.0-255,3602,91684,69,288975
54,0.001334,172.31.40.0-255,66,91750,69,288975
55,0.001704,74.125.24.0-255,1484,93234,69,288975
56,0.001727,74.125.24.0-255,2902,96136,69,288975
57,0.001732,172.31.40.0-255,66,96202,69,288975
58,0.00174,74.125.24.0-255,5738,101940,69,288975
59,0.001742,172.31.40.0-255,66,102006,69,288975
60,0.001775,74.125.24.0-255,2902,104908,69,288975
61,0.001777,172.31.40.0-255,66,104974,69,288975
62,0.001816,172.31.40.0-255,66,105040,69,288975
63,0.001828,172.31.40.0-255,66,105106,69,288975
64,0.002081,74.125.24.0-255,1484,106590,69,288975
65,0.002087,74.125.24.0-255,1484,108074,69,288975
66,0.002091,172.31.40.0-255,66,108140,69,288975
67,0.002112,74.125.24.0-255,1484,109624,69,288975
68,0.002118,74.125.24.0-255,5738,115362,69,288975
69,0.002121,172.31.40.0-255,66,115428,69,288975
70,0.002132,172.31.40.0-255,66,115494,69,288975
71,0.002157,74.125.24.0-255,4320,119814,69,288975
72,0.002159,172.31.40.0-255,66,119880,69,288975
73,0.002171,172.31.40.0-255,66,119946,69,288975
74,0.002185,74.125.24.0-255,2184,122130,69,288975
75,0.002187,172.31.40.0-255,66,122196,69,288975
76,0.002484,74.125.24.0-255,1484,123680,69,288975
77,0.002497,74.125.24.0-255,2902,126582,69,288975
78,0.0025,172.31.40.0-255,66,126648,69,288975
79,0.002503,74.125.24.0-255,1484,128132,69,288975
80,0.002525,74.125.24.0-255,4320,132452,69,288975
81,0.002527,172.31.40.0-255,66,132518,69,288975
82,0.002562,74.125.24.0-255,4320,136838,69,288975
83,0.002583,74.125.24.0-255,6438,143276,69,288975
84,0.004246,172.31.40.0-255,66,143342,69,288975
85,0.006882,74.125.24.0-255,5738,149080,69,288975
86,0.006888,172.31.40.0-255,66,149146,69,288975
87,0.009496,74.125.24.0-255,5738,154884,69,288975
88,0.009504,172.31.40.0-255,66,154950,69,288975
89,0.012146,74.125.24.0-255,5738,160688,69,288975
90,0.012155,172.31.40.0-255,66,160754,69,288975
91,0.014749,74.125.24.0-255,5738,166492,69,288975
92,0.014757,172.31.40.0-255,66,166558,69,288975
93,0.017417,74.125.24.0-255,5738,172296,69,288975
94,0.017428,172.31.40.0-255,66,172362,69,288975
95,0.020063,74.125.24.0-255,5738,178100,69,288975
96,0.020072,172.31.40.0-255,66,178166,69,288975
97,0.02269,74.125.24.0-255,5738,183904,69,288975
98,0.022697,172.31.40.0-255,66,183970,69,288975
99,0.025325,74.125.24.0-255,4320,188290,69,288975
100,0.025332,172.31.40.0-255,66,188356,69,288975
101,0.025354,74.125.24.0-255,1484,189840,69,288975
102,0.027947,74.125.24.0-255,4320,194160,69,288975
103,0.027957,172.31.40.0-255,66,194226,69,288975
104,0.030569,74.125.24.0-255,5738,199964,69,288975
105,0.030578,172.31.40.0-255,66,200030,69,288975
106,0.033231,74.125.24.0-255,5738,205768,69,288975
107,0.033258,172.31.40.0-255,66,205834,69,288975
108,0.034666,172.31.40.0-255,172,206006,69,288975
109,0.034699,172.31.40.0-255,1116,207122,69,288975
110,0.034767,172.31.40.0-255,1514,208636,69,288975
111,0.03477,172.31.40.0-255,1514,210150,69,288975
112,0.034771,172.31.40.0-255,1514,211664,69,288975
113,0.034785,172.31.40.0-255,1514,213178,69,288975
114,0.034786,172.31.40.0-255,1499,214677,69,288975
115,0.03589,74.125.24.0-255,5738,220415,69,288975
116,0.035898,172.31.40.0-255,66,220481,69,288975
117,0.03623,104.244.42.0-255,66,220547,69,288975
118,0.036266,104.244.42.0-255,66,220613,69,288975
119,0.036388,104.244.42.0-255,66,220679,69,288975
120,0.038517,74.125.24.0-255,4320,224999,69,288975
121,0.038524,172.31.40.0-255,66,225065,69,288975
122,0.038543,74.125.24.0-255,1484,226549,69,288975
123,0.041106,74.125.24.0-255,4320,230869,69,288975
124,0.041113,172.31.40.0-255,66,230935,69,288975
125,0.043743,74.125.24.0-255,5738,236673,69,288975
126,0.043752,172.31.40.0-255,66,236739,69,288975
127,0.046364,74.125.24.0-255,5738,242477,69,288975
128,0.046371,172.31.40.0-255,66,242543,69,288975
129,0.049034,74.125.24.0-255,5738,248281,69,288975
130,0.049042,172.31.40.0-255,66,248347,69,288975
131,0.05166,74.125.24.0-255,5738,254085,69,288975
132,0.051667,172.31.40.0-255,66,254151,69,288975
133,0.054294,74.125.24.0-255,5738,259889,69,288975
134,0.054301,172.31.40.0-255,66,259955,69,288975
135,0.056953,74.125.24.0-255,5738,265693,69,288975
136,0.056961,172.31.40.0-255,66,265759,69,288975
137,0.05961,74.125.24.0-255,5738,271497,69,288975
138,0.059626,172.31.40.0-255,66,271563,69,288975
139,0.062236,74.125.24.0-255,5738,277301,69,288975
140,0.062243,172.31.40.0-255,66,277367,69,288975
141,0.064866,74.125.24.0-255,5738,283105,69,288975
142,0.064872,172.31.40.0-255,66,283171,69,288975
143,0.067514,74.125.24.0-255,5738,288909,69,288975
144,0.067521,172.31.40.0-255,66,288975,69,288975
145,0.0,172.217.194.0-255,152,152,69,200835
146,2.2e-05,172.31.40.0-255,66,218,69,200835
147,2.9e-05,172.217.194.0-255,1484,1702,69,200835
148,3.3e-05,172.31.40.0-255,66,1768,69,200835
149,4.6e-05,172.217.194.0-255,2902,4670,69,200835
150,4.9e-05,172.31.40.0-255,66,4736,69,200835
151,5.4e-05,172.217.194.0-255,4320,9056,69,200835
152,5.7e-05,172.31.40.0-255,66,9122,69,200835
153,6.9e-05,172.31.40.0-255,66,9188,69,200835
154,0.000103,172.217.194.0-255,671,9859,69,200835
155,0.000106,172.31.40.0-255,66,9925,69,200835
156,0.000114,172.217.194.0-255,7156,17081,69,200835
157,0.000117,172.31.40.0-255,66,17147,69,200835
158,0.000127,172.217.194.0-255,5379,22526,69,200835
159,0.000129,172.31.40.0-255,66,22592,69,200835
160,0.000156,172.217.194.0-255,5738,28330,69,200835
161,0.00016,172.31.40.0-255,66,28396,69,200835
162,0.000163,172.217.194.0-255,1484,29880,69,200835
163,0.000165,172.31.40.0-255,66,29946,69,200835
164,0.000201,172.31.40.0-255,66,30012,69,200835
165,0.000871,172.217.194.0-255,1484,31496,69,200835
166,0.000877,172.31.40.0-255,66,31562,69,200835
167,0.000882,172.217.194.0-255,2902,34464,69,200835
168,0.000885,172.31.40.0-255,66,34530,69,200835
169,0.000891,172.217.194.0-255,5738,40268,69,200835
170,0.000894,172.31.40.0-255,66,40334,69,200835
171,0.000941,172.217.194.0-255,6797,47131,69,200835
172,0.000944,172.31.40.0-255,66,47197,69,200835
173,0.000968,172.217.194.0-255,2902,50099,69,200835
174,0.00097,172.31.40.0-255,66,50165,69,200835
175,0.000986,172.217.194.0-255,4320,54485,69,200835
176,0.000992,172.31.40.0-255,66,54551,69,200835
177,0.000998,172.217.194.0-255,5738,60289,69,200835
178,0.001,172.31.40.0-255,66,60355,69,200835
179,0.001029,172.217.194.0-255,1484,61839,69,200835
180,0.001058,172.217.194.0-255,4541,66380,69,200835
181,0.001062,172.31.40.0-255,66,66446,69,200835
182,0.001069,172.217.194.0-255,7156,73602,69,200835
183,0.001071,172.31.40.0-255,66,73668,69,200835
184,0.00108,172.217.194.0-255,2902,76570,69,200835
185,0.001082,172.31.40.0-255,66,76636,69,200835
186,0.001118,172.217.194.0-255,5379,82015,69,200835
187,0.001123,172.31.40.0-255,66,82081,69,200835
188,0.001249,172.217.194.0-255,1484,83565,69,200835
189,0.001254,172.217.194.0-255,1484,85049,69,200835
190,0.001257,172.31.40.0-255,66,85115,69,200835
191,0.001288,172.217.194.0-255,1484,86599,69,200835
192,0.001295,172.217.194.0-255,5738,92337,69,200835
193,0.001298,172.31.40.0-255,66,92403,69,200835
194,0.001334,172.31.40.0-255,66,92469,69,200835
195,0.001361,172.217.194.0-255,4320,96789,69,200835
196,0.001364,172.31.40.0-255,66,96855,69,200835
197,0.001367,172.217.194.0-255,2902,99757,69,200835
198,0.001369,172.31.40.0-255,66,99823,69,200835
199,0.001378,172.31.40.0-255,66,99889,69,200835
200,0.001473,172.217.194.0-255,1484,101373,69,200835
201,0.001487,172.217.194.0-255,2902,104275,69,200835
202,0.00149,172.31.40.0-255,66,104341,69,200835
203,0.001497,172.217.194.0-255,5738,110079,69,200835
204,0.001498,172.31.40.0-255,66,110145,69,200835
205,0.00154,172.217.194.0-255,1484,111629,69,200835
206,0.001591,172.31.40.0-255,66,111695,69,200835
207,0.001595,172.31.40.0-255,66,111761,69,200835
208,0.001634,172.217.194.0-255,1484,113245,69,200835
209,0.001638,172.217.194.0-255,2902,116147,69,200835
210,0.001642,172.31.40.0-255,66,116213,69,200835
211,0.001647,172.217.194.0-255,2902,119115,69,200835
212,0.001649,172.31.40.0-255,66,119181,69,200835
213,0.001671,172.217.194.0-255,2902,122083,69,200835
214,0.001674,172.31.40.0-255,66,122149,69,200835
215,0.001681,172.217.194.0-255,7156,129305,69,200835
216,0.001687,172.31.40.0-255,66,129371,69,200835
217,0.00172,172.217.194.0-255,5738,135109,69,200835
218,0.001724,172.31.40.0-255,66,135175,69,200835
219,0.001736,172.31.40.0-255,66,135241,69,200835
220,0.001791,172.31.40.0-255,66,135307,69,200835
221,0.001796,172.217.194.0-255,2902,138209,69,200835
222,0.001798,172.31.40.0-255,66,138275,69,200835
223,0.001838,172.31.40.0-255,66,138341,69,200835
224,0.001874,172.217.194.0-255,766,139107,69,200835
225,0.001909,172.217.194.0-255,2184,141291,69,200835
226,0.001913,172.217.194.0-255,2902,144193,69,200835
227,0.001918,172.31.40.0-255,66,144259,69,200835
228,0.001921,172.31.40.0-255,66,144325,69,200835
229,0.001924,172.31.40.0-255,66,144391,69,200835
230,0.001927,172.31.40.0-255,66,144457,69,200835
231,0.001955,172.217.194.0-255,7156,151613,69,200835
232,0.001958,172.31.40.0-255,66,151679,69,200835
233,0.001975,172.31.40.0-255,66,151745,69,200835
234,0.001982,172.217.194.0-255,6438,158183,69,200835
235,0.001985,172.31.40.0-255,66,158249,69,200835
236,0.002026,172.31.40.0-255,66,158315,69,200835
237,0.002066,172.31.40.0-255,66,158381,69,200835
238,0.002121,172.31.40.0-255,66,158447,69,200835
239,0.002153,172.217.194.0-255,6438,164885,69,200835
240,0.002156,172.31.40.0-255,66,164951,69,200835
241,0.002175,172.31.40.0-255,66,165017,69,200835
242,0.002186,172.31.40.0-255,66,165083,69,200835
243,0.00219,172.217.194.0-255,2184,167267,69,200835
244,0.002192,172.31.40.0-255,66,167333,69,200835
245,0.002195,172.217.194.0-255,2902,170235,69,200835
246,0.002198,172.31.40.0-255,66,170301,69,200835
247,0.002204,172.217.194.0-255,7156,177457,69,200835
248,0.002206,172.31.40.0-255,66,177523,69,200835
249,0.002211,172.217.194.0-255,2902,180425,69,200835
250,0.002213,172.31.40.0-255,66,180491,69,200835
251,0.002259,172.31.40.0-255,66,180557,69,200835
252,0.002266,172.217.194.0-255,5738,186295,69,200835
253,0.002268,172.31.40.0-255,66,186361,69,200835
254,0.002323,172.31.40.0-255,66,186427,69,200835
255,0.00233,172.217.194.0-255,4957,191384,69,200835
256,0.002332,172.31.40.0-255,66,191450,69,200835
257,0.002335,172.217.194.0-255,105,191555,69,200835
258,0.004558,172.31.40.0-255,66,191621,69,200835
259,0.004594,172.31.40.0-255,105,191726,69,200835
260,0.007277,172.217.194.0-255,66,191792,69,200835
261,0.040287,172.31.40.0-255,172,191964,69,200835
262,0.040323,172.31.40.0-255,1116,193080,69,200835
263,0.040416,172.31.40.0-255,1514,194594,69,200835
264,0.040418,172.31.40.0-255,1514,196108,69,200835
265,0.04042,172.31.40.0-255,1514,197622,69,200835
266,0.040425,172.31.40.0-255,1514,199136,69,200835
267,0.040426,172.31.40.0-255,1501,200637,69,200835
268,0.041928,104.244.42.0-255,66,200703,69,200835
269,0.041974,104.244.42.0-255,66,200769,69,200835
270,0.042066,104.244.42.0-255,66,200835,69,200835
271,0.0,216.58.221.0-255,153,153,69,365878
272,2.1e-05,172.31.40.0-255,66,219,69,365878
273,2.8e-05,216.58.221.0-255,1484,1703,69,365878
274,3.2e-05,172.31.40.0-255,66,1769,69,365878
275,3.7e-05,216.58.221.0-255,2902,4671,69,365878
276,4.7e-05,172.31.40.0-255,66,4737,69,365878
277,5.5e-05,216.58.221.0-255,7156,11893,69,365878
278,5.8e-05,172.31.40.0-255,66,11959,69,365878
279,6.1e-05,216.58.221.0-255,2091,14050,69,365878
280,6.4e-05,172.31.40.0-255,66,14116,69,365878
281,0.000155,216.58.221.0-255,1484,15600,69,365878
282,0.000158,172.31.40.0-255,66,15666,69,365878
283,0.000173,216.58.221.0-255,1484,17150,69,365878
284,0.000175,172.31.40.0-255,66,17216,69,365878
285,0.000204,216.58.221.0-255,1484,18700,69,365878
286,0.000206,172.31.40.0-255,66,18766,69,365878
287,0.000212,216.58.221.0-255,5738,24504,69,365878
288,0.000214,172.31.40.0-255,66,24570,69,365878
289,0.00022,216.58.221.0-255,6797,31367,69,365878
290,0.000226,172.31.40.0-255,66,31433,69,365878
291,0.000259,216.58.221.0-255,7156,38589,69,365878
292,0.000262,172.31.40.0-255,66,38655,69,365878
293,0.000287,216.58.221.0-255,5738,44393,69,365878
294,0.00029,172.31.40.0-255,66,44459,69,365878
295,0.000308,216.58.221.0-255,3961,48420,69,365878
296,0.00031,172.31.40.0-255,66,48486,69,365878
297,0.000636,216.58.221.0-255,1484,49970,69,365878
298,0.000642,172.31.40.0-255,66,50036,69,365878
299,0.00065,216.58.221.0-255,1484,51520,69,365878
300,0.000652,172.31.40.0-255,66,51586,69,365878
301,0.000676,216.58.221.0-255,1484,53070,69,365878
302,0.000678,172.31.40.0-255,66,53136,69,365878
303,0.000683,216.58.221.0-255,4320,57456,69,365878
304,0.000685,172.31.40.0-255,66,57522,69,365878
305,0.000709,216.58.221.0-255,2902,60424,69,365878
306,0.000711,172.31.40.0-255,66,60490,69,365878
307,0.000736,216.58.221.0-255,5379,65869,69,365878
308,0.000738,172.31.40.0-255,66,65935,69,365878
309,0.000741,216.58.221.0-255,362,66297,69,365878
310,0.000945,172.31.40.0-255,66,66363,69,365878
311,0.001097,216.58.221.0-255,382,66745,69,365878
312,0.001196,216.58.221.0-255,1484,68229,69,365878
313,0.0012,172.31.40.0-255,66,68295,69,365878
314,0.001204,216.58.221.0-255,1484,69779,69,365878
315,0.001236,216.58.221.0-255,1484,71263,69,365878
316,0.001238,172.31.40.0-255,66,71329,69,365878
317,0.001244,216.58.221.0-255,4320,75649,69,365878
318,0.001245,172.31.40.0-255,66,75715,69,365878
319,0.00125,216.58.221.0-255,5738,81453,69,365878
320,0.001256,172.31.40.0-255,66,81519,69,365878
321,0.00126,216.58.221.0-255,2543,84062,69,365878
322,0.001262,172.31.40.0-255,66,84128,69,365878
323,0.001322,216.58.221.0-255,1484,85612,69,365878
324,0.001326,216.58.221.0-255,1484,87096,69,365878
325,0.001328,172.31.40.0-255,66,87162,69,365878
326,0.001333,216.58.221.0-255,2902,90064,69,365878
327,0.001334,172.31.40.0-255,66,90130,69,365878
328,0.001339,216.58.221.0-255,4320,94450,69,365878
329,0.001341,172.31.40.0-255,66,94516,69,365878
330,0.001362,216.58.221.0-255,1484,96000,69,365878
331,0.001365,216.58.221.0-255,1484,97484,69,365878
332,0.001367,172.31.40.0-255,66,97550,69,365878
333,0.001399,216.58.221.0-255,3961,101511,69,365878
334,0.001401,172.31.40.0-255,66,101577,69,365878
335,0.001615,216.58.221.0-255,1484,103061,69,365878
336,0.001621,216.58.221.0-255,2902,105963,69,365878
337,0.001625,172.31.40.0-255,66,106029,69,365878
338,0.001631,216.58.221.0-255,5738,111767,69,365878
339,0.001633,172.31.40.0-255,66,111833,69,365878
340,0.001685,172.31.40.0-255,66,111899,69,365878
341,0.001691,216.58.221.0-255,7156,119055,69,365878
342,0.001693,172.31.40.0-255,66,119121,69,365878
343,0.00173,216.58.221.0-255,3602,122723,69,365878
344,0.001732,172.31.40.0-255,66,122789,69,365878
345,0.001764,216.58.221.0-255,2902,125691,69,365878
346,0.001766,172.31.40.0-255,66,125757,69,365878
347,0.001791,216.58.221.0-255,1484,127241,69,365878
348,0.001797,216.58.221.0-255,5738,132979,69,365878
349,0.001799,172.31.40.0-255,66,133045,69,365878
350,0.001842,172.31.40.0-255,66,133111,69,365878
351,0.001856,172.31.40.0-255,66,133177,69,365878
352,0.001886,216.58.221.0-255,3602,136779,69,365878
353,0.001888,172.31.40.0-255,66,136845,69,365878
354,0.001915,216.58.221.0-255,4320,141165,69,365878
355,0.001917,172.31.40.0-255,66,141231,69,365878
356,0.001921,216.58.221.0-255,2902,144133,69,365878
357,0.001923,172.31.40.0-255,66,144199,69,365878
358,0.001968,216.58.221.0-255,7156,151355,69,365878
359,0.00197,172.31.40.0-255,66,151421,69,365878
360,0.001982,172.31.40.0-255,66,151487,69,365878
361,0.001991,172.31.40.0-255,66,151553,69,365878
362,0.002041,216.58.221.0-255,1484,153037,69,365878
363,0.002056,216.58.221.0-255,2902,155939,69,365878
364,0.002058,172.31.40.0-255,66,156005,69,365878
365,0.002061,216.58.221.0-255,1484,157489,69,365878
366,0.002073,216.58.221.0-255,2902,160391,69,365878
367,0.002078,172.31.40.0-255,66,160457,69,365878
368,0.002106,216.58.221.0-255,1484,161941,69,365878
369,0.002112,216.58.221.0-255,4320,166261,69,365878
370,0.002114,172.31.40.0-255,66,166327,69,365878
371,0.002119,216.58.221.0-255,5738,172065,69,365878
372,0.002121,172.31.40.0-255,66,172131,69,365878
373,0.002124,216.58.221.0-255,2902,175033,69,365878
374,0.002127,172.31.40.0-255,66,175099,69,365878
375,0.002168,172.31.40.0-255,66,175165,69,365878
376,0.00421,216.58.221.0-255,5738,180903,69,365878
377,0.004217,172.31.40.0-255,66,180969,69,365878
378,0.006257,216.58.221.0-255,5738,186707,69,365878
379,0.006263,172.31.40.0-255,66,186773,69,365878
380,0.008351,216.58.221.0-255,4320,191093,69,365878
381,0.008363,172.31.40.0-255,66,191159,69,365878
382,0.008392,216.58.221.0-255,1484,192643,69,365878
383,0.010428,216.58.221.0-255,4320,196963,69,365878
384,0.010435,172.31.40.0-255,66,197029,69,365878
385,0.012485,216.58.221.0-255,5738,202767,69,365878
386,0.012492,172.31.40.0-255,66,202833,69,365878
387,0.014557,216.58.221.0-255,5738,208571,69,365878
388,0.014564,172.31.40.0-255,66,208637,69,365878
389,0.016632,216.58.221.0-255,5738,214375,69,365878
390,0.016642,172.31.40.0-255,66,214441,69,365878
391,0.018703,216.58.221.0-255,5738,220179,69,365878
392,0.018712,172.31.40.0-255,66,220245,69,365878
393,0.020775,216.58.221.0-255,4320,224565,69,365878
394,0.020781,172.31.40.0-255,66,224631,69,365878
395,0.020801,216.58.221.0-255,1484,226115,69,365878
396,0.022846,216.58.221.0-255,4320,230435,69,365878
397,0.022853,172.31.40.0-255,66,230501,69,365878
398,0.024924,216.58.221.0-255,5738,236239,69,365878
399,0.024931,172.31.40.0-255,66,236305,69,365878
400,0.026985,216.58.221.0-255,4320,240625,69,365878
401,0.026992,172.31.40.0-255,66,240691,69,365878
402,0.027021,216.58.221.0-255,1484,242175,69,365878
403,0.02904,216.58.221.0-255,4320,246495,69,365878
404,0.029048,172.31.40.0-255,66,246561,69,365878
405,0.031105,216.58.221.0-255,5738,252299,69,365878
406,0.031112,172.31.40.0-255,66,252365,69,365878
407,0.031983,172.31.40.0-255,172,252537,69,365878
408,0.032022,172.31.40.0-255,1112,253649,69,365878
409,0.032085,172.31.40.0-255,1514,255163,69,365878
410,0.032087,172.31.40.0-255,1514,256677,69,365878
411,0.032088,172.31.40.0-255,1514,258191,69,365878
412,0.032093,172.31.40.0-255,1514,259705,69,365878
413,0.032094,172.31.40.0-255,1503,261208,69,365878
414,0.033171,216.58.221.0-255,5738,266946,69,365878
415,0.033177,172.31.40.0-255,66,267012,69,365878
416,0.033674,104.244.42.0-255,66,267078,69,365878
417,0.033712,104.244.42.0-255,66,267144,69,365878
418,0.033795,104.244.42.0-255,66,267210,69,365878
419,0.035234,216.58.221.0-255,5738,272948,69,365878
420,0.035241,172.31.40.0-255,66,273014,69,365878
421,0.037309,216.58.221.0-255,5738,278752,69,365878
422,0.037316,172.31.40.0-255,66,278818,69,365878
423,0.039366,216.58.221.0-255,5738,284556,69,365878
424,0.039372,172.31.40.0-255,66,284622,69,365878
425,0.041443,216.58.221.0-255,5738,290360,69,365878
426,0.04145,172.31.40.0-255,66,290426,69,365878
427,0.043515,216.58.221.0-255,5738,296164,69,365878
428,0.043521,172.31.40.0-255,66,296230,69,365878
429,0.045598,216.58.221.0-255,5738,301968,69,365878
430,0.045604,172.31.40.0-255,66,302034,69,365878
431,0.047671,216.58.221.0-255,5738,307772,69,365878
432,0.047677,172.31.40.0-255,66,307838,69,365878
433,0.049754,216.58.221.0-255,5738,313576,69,365878
434,0.04976,172.31.40.0-255,66,313642,69,365878
435,0.051831,216.58.221.0-255,5738,319380,69,365878
436,0.051837,172.31.40.0-255,66,319446,69,365878
437,0.053912,216.58.221.0-255,5738,325184,69,365878
438,0.053919,172.31.40.0-255,66,325250,69,365878
439,0.055987,216.58.221.0-255,5738,330988,69,365878
440,0.055993,172.31.40.0-255,66,331054,69,365878
441,0.058059,216.58.221.0-255,5738,336792,69,365878
442,0.058065,172.31.40.0-255,66,336858,69,365878
443,0.06013,216.58.221.0-255,5738,342596,69,365878
444,0.060136,172.31.40.0-255,66,342662,69,365878
445,0.062202,216.58.221.0-255,5738,348400,69,365878
446,0.062209,172.31.40.0-255,66,348466,69,365878
447,0.064286,216.58.221.0-255,5738,354204,69,365878
448,0.064292,172.31.40.0-255,66,354270,69,365878
449,0.066366,216.58.221.0-255,5738,360008,69,365878
450,0.066375,172.31.40.0-255,66,360074,69,365878
451,0.06844,216.58.221.0-255,5738,365812,69,365878
452,0.068447,172.31.40.0-255,66,365878,69,365878
453,0.0,172.31.40.0-255,105,105,69,276
454,0.00178,157.240.13.0-255,105,210,69,276
455,0.001795,172.31.40.0-255,66,276,69,276
456,0.0,172.217.194.0-255,150,150,69,254564
457,2.1e-05,172.31.40.0-255,66,216,69,254564
458,2.9e-05,172.217.194.0-255,1484,1700,69,254564
459,3.4e-05,172.31.40.0-255,66,1766,69,254564
460,4e-05,172.217.194.0-255,2902,4668,69,254564
461,4.3e-05,172.31.40.0-255,66,4734,69,254564
462,5.1e-05,172.217.194.0-255,7156,11890,69,254564
463,5.4e-05,172.31.40.0-255,66,11956,69,254564
464,9.9e-05,172.31.40.0-255,66,12022,69,254564
465,0.000122,172.217.194.0-255,4876,16898,69,254564
466,0.000125,172.31.40.0-255,66,16964,69,254564
467,0.000129,172.217.194.0-255,2543,19507,69,254564
468,0.000131,172.31.40.0-255,66,19573,69,254564
469,0.000167,172.217.194.0-255,1484,21057,69,254564
470,0.000169,172.31.40.0-255,66,21123,69,254564
471,0.000199,172.217.194.0-255,2902,24025,69,254564
472,0.000202,172.31.40.0-255,66,24091,69,254564
473,0.000208,172.217.194.0-255,5738,29829,69,254564
474,0.000211,172.31.40.0-255,66,29895,69,254564
475,0.000216,172.217.194.0-255,4320,34215,69,254564
476,0.000218,172.31.40.0-255,66,34281,69,254564
477,0.000241,172.217.194.0-255,2543,36824,69,254564
478,0.000243,172.31.40.0-255,66,36890,69,254564
479,0.000276,172.217.194.0-255,2902,39792,69,254564
480,0.000279,172.31.40.0-255,66,39858,69,254564
481,0.000285,172.217.194.0-255,5738,45596,69,254564
482,0.000287,172.31.40.0-255,66,45662,69,254564
483,0.000332,172.217.194.0-255,2902,48564,69,254564
484,0.000336,172.31.40.0-255,66,48630,69,254564
485,0.000356,172.217.194.0-255,5723,54353,69,254564
486,0.000359,172.31.40.0-255,66,54419,69,254564
487,0.000459,172.217.194.0-255,363,54782,69,254564
488,0.000564,172.217.194.0-255,1484,56266,69,254564
489,0.000569,172.31.40.0-255,66,56332,69,254564
490,0.000575,172.217.194.0-255,2902,59234,69,254564
491,0.000578,172.31.40.0-255,66,59300,69,254564
492,0.000604,172.217.194.0-255,5738,65038,69,254564
493,0.000607,172.31.40.0-255,66,65104,69,254564
494,0.00061,172.217.194.0-255,1484,66588,69,254564
495,0.00065,172.31.40.0-255,66,66654,69,254564
496,0.000674,172.217.194.0-255,5379,72033,69,254564
497,0.000677,172.31.40.0-255,66,72099,69,254564
498,0.000702,172.31.40.0-255,66,72165,69,254564
499,0.000993,172.217.194.0-255,1484,73649,69,254564
500,0.001001,172.217.194.0-255,2902,76551,69,254564
501,0.001004,172.31.40.0-255,66,76617,69,254564
502,0.001011,172.217.194.0-255,5738,82355,69,254564
503,0.001013,172.31.40.0-255,66,82421,69,254564
504,0.001036,172.217.194.0-255,5738,88159,69,254564
505,0.001039,172.31.40.0-255,66,88225,69,254564
506,0.001065,172.217.194.0-255,7156,95381,69,254564
507,0.001067,172.31.40.0-255,66,95447,69,254564
508,0.001075,172.217.194.0-255,7156,102603,69,254564
509,0.001077,172.31.40.0-255,66,102669,69,254564
510,0.001094,172.217.194.0-255,3602,106271,69,254564
511,0.001098,172.31.40.0-255,66,106337,69,254564
512,0.001209,172.217.194.0-255,1484,107821,69,254564
513,0.001213,172.217.194.0-255,1484,109305,69,254564
514,0.001216,172.31.40.0-255,66,109371,69,254564
515,0.00124,172.217.194.0-255,1484,110855,69,254564
516,0.001246,172.217.194.0-255,5738,116593,69,254564
517,0.001249,172.31.40.0-255,66,116659,69,254564
518,0.001253,172.217.194.0-255,2902,119561,69,254564
519,0.001256,172.31.40.0-255,66,119627,69,254564
520,0.001272,172.217.194.0-255,4320,123947,69,254564
521,0.001275,172.31.40.0-255,66,124013,69,254564
522,0.001303,172.217.194.0-255,2902,126915,69,254564
523,0.001307,172.31.40.0-255,66,126981,69,254564
524,0.001319,172.31.40.0-255,66,127047,69,254564
525,0.001323,172.217.194.0-255,2184,129231,69,254564
526,0.001326,172.31.40.0-255,66,129297,69,254564
527,0.001386,172.217.194.0-255,1484,130781,69,254564
528,0.0014,172.217.194.0-255,2902,133683,69,254564
529,0.001403,172.31.40.0-255,66,133749,69,254564
530,0.001418,172.217.194.0-255,2902,136651,69,254564
531,0.00142,172.31.40.0-255,66,136717,69,254564
532,0.001432,172.217.194.0-255,2902,139619,69,254564
533,0.001435,172.31.40.0-255,66,139685,69,254564
534,0.001441,172.217.194.0-255,5738,145423,69,254564
535,0.001443,172.31.40.0-255,66,145489,69,254564
536,0.001477,172.217.194.0-255,7156,152645,69,254564
537,0.00148,172.31.40.0-255,66,152711,69,254564
538,0.001493,172.31.40.0-255,66,152777,69,254564
539,0.001979,172.217.194.0-255,1484,154261,69,254564
540,0.001985,172.217.194.0-255,2902,157163,69,254564
541,0.001989,172.31.40.0-255,66,157229,69,254564
542,0.002023,172.217.194.0-255,1484,158713,69,254564
543,0.002039,172.217.194.0-255,4320,163033,69,254564
544,0.002041,172.31.40.0-255,66,163099,69,254564
545,0.002053,172.31.40.0-255,66,163165,69,254564
546,0.00207,172.217.194.0-255,2902,166067,69,254564
547,0.002073,172.31.40.0-255,66,166133,69,254564
548,0.002105,172.31.40.0-255,66,166199,69,254564
549,0.002122,172.217.194.0-255,1484,167683,69,254564
550,0.002126,172.217.194.0-255,1484,169167,69,254564
551,0.002128,172.31.40.0-255,66,169233,69,254564
552,0.002148,172.217.194.0-255,1484,170717,69,254564
553,0.002154,172.217.194.0-255,5738,176455,69,254564
554,0.002156,172.31.40.0-255,66,176521,69,254564
555,0.002161,172.217.194.0-255,2902,179423,69,254564
556,0.002163,172.31.40.0-255,66,179489,69,254564
557,0.002186,172.217.194.0-255,7156,186645,69,254564
558,0.002188,172.31.40.0-255,66,186711,69,254564
559,0.002211,172.217.194.0-255,2902,189613,69,254564
560,0.002213,172.31.40.0-255,66,189679,69,254564
561,0.002225,172.31.40.0-255,66,189745,69,254564
562,0.002228,172.217.194.0-255,766,190511,69,254564
563,0.002313,172.217.194.0-255,1484,191995,69,254564
564,0.002317,172.31.40.0-255,66,192061,69,254564
565,0.002322,172.217.194.0-255,2902,194963,69,254564
566,0.002324,172.31.40.0-255,66,195029,69,254564
567,0.002326,172.217.194.0-255,1484,196513,69,254564
568,0.002359,172.217.194.0-255,2902,199415,69,254564
569,0.002362,172.31.40.0-255,66,199481,69,254564
570,0.002368,172.217.194.0-255,5738,205219,69,254564
571,0.002371,172.31.40.0-255,66,205285,69,254564
572,0.002374,172.217.194.0-255,1484,206769,69,254564
573,0.002406,172.31.40.0-255,66,206835,69,254564
574,0.002419,172.217.194.0-255,2902,209737,69,254564
575,0.002421,172.31.40.0-255,66,209803,69,254564
576,0.002424,172.217.194.0-255,1484,211287,69,254564
577,0.00245,172.217.194.0-255,5020,216307,69,254564
578,0.002453,172.31.40.0-255,66,216373,69,254564
579,0.002467,172.217.194.0-255,2902,219275,69,254564
580,0.002469,172.31.40.0-255,66,219341,69,254564
581,0.002495,172.217.194.0-255,4320,223661,69,254564
582,0.002498,172.31.40.0-255,66,223727,69,254564
583,0.002505,172.217.194.0-255,5738,229465,69,254564
584,0.002507,172.31.40.0-255,66,229531,69,254564
585,0.002513,172.217.194.0-255,5738,235269,69,254564
586,0.002515,172.31.40.0-255,66,235335,69,254564
587,0.002548,172.31.40.0-255,66,235401,69,254564
588,0.002553,172.217.194.0-255,4320,239721,69,254564
589,0.002555,172.31.40.0-255,66,239787,69,254564
590,0.00258,172.217.194.0-255,7156,246943,69,254564
591,0.002583,172.31.40.0-255,66,247009,69,254564
592,0.002634,172.31.40.0-255,66,247075,69,254564
593,0.002652,172.31.40.0-255,66,247141,69,254564
594,0.002664,172.31.40.0-255,66,247207,69,254564
595,0.002748,172.217.194.0-255,4903,252110,69,254564
596,0.00302,172.31.40.0-255,66,252176,69,254564
597,0.005602,172.217.194.0-255,105,252281,69,254564
598,0.00873,172.31.40.0-255,66,252347,69,254564
599,0.008768,172.31.40.0-255,105,252452,69,254564
600,0.011542,172.217.194.0-255,66,252518,69,254564
601,0.034237,172.31.40.0-255,172,252690,69,254564
602,0.034269,172.31.40.0-255,1116,253806,69,254564
603,0.034334,172.31.40.0-255,560,254366,69,254564
604,0.03591,104.244.42.0-255,66,254432,69,254564
605,0.035944,104.244.42.0-255,66,254498,69,254564
606,0.035946,104.244.42.0-255,66,254564,69,254564
607,0.0,74.125.200.0-255,152,152,69,318021
608,2.2e-05,172.31.40.0-255,66,218,69,318021
609,2.9e-05,74.125.200.0-255,1484,1702,69,318021
610,3.3e-05,172.31.40.0-255,66,1768,69,318021
611,3.9e-05,74.125.200.0-255,2902,4670,69,318021
612,5e-05,172.31.40.0-255,66,4736,69,318021
613,7.1e-05,74.125.200.0-255,2902,7638,69,318021
614,7.4e-05,172.31.40.0-255,66,7704,69,318021
615,9.1e-05,74.125.200.0-255,2902,10606,69,318021
616,9.5e-05,172.31.40.0-255,66,10672,69,318021
617,0.000107,74.125.200.0-255,6317,16989,69,318021
618,0.000109,172.31.40.0-255,66,17055,69,318021
619,0.000113,74.125.200.0-255,2902,19957,69,318021
620,0.000115,172.31.40.0-255,66,20023,69,318021
621,0.000121,74.125.200.0-255,4320,24343,69,318021
622,0.000124,172.31.40.0-255,66,24409,69,318021
623,0.000128,74.125.200.0-255,2902,27311,69,318021
624,0.000131,172.31.40.0-255,66,27377,69,318021
625,0.000162,74.125.200.0-255,5738,33115,69,318021
626,0.000165,172.31.40.0-255,66,33181,69,318021
627,0.000172,74.125.200.0-255,7156,40337,69,318021
628,0.000175,172.31.40.0-255,66,40403,69,318021
629,0.00018,74.125.200.0-255,4320,44723,69,318021
630,0.000182,172.31.40.0-255,66,44789,69,318021
631,0.000214,74.125.200.0-255,3602,48391,69,318021
632,0.000217,172.31.40.0-255,66,48457,69,318021
633,0.000506,74.125.200.0-255,1484,49941,69,318021
634,0.000511,172.31.40.0-255,66,50007,69,318021
635,0.000517,74.125.200.0-255,2902,52909,69,318021
636,0.00052,172.31.40.0-255,66,52975,69,318021
637,0.000525,74.125.200.0-255,2902,55877,69,318021
638,0.000532,172.31.40.0-255,66,55943,69,318021
639,0.000566,74.125.200.0-255,2902,58845,69,318021
640,0.00057,74.125.200.0-255,1484,60329,69,318021
641,0.000574,74.125.200.0-255,2902,63231,69,318021
642,0.000594,74.125.200.0-255,2876,66107,69,318021
643,0.000612,172.31.40.0-255,66,66173,69,318021
644,0.0007,74.125.200.0-255,1484,67657,69,318021
645,0.000719,74.125.200.0-255,2902,70559,69,318021
646,0.000728,172.31.40.0-255,66,70625,69,318021
647,0.000738,74.125.200.0-255,4320,74945,69,318021
648,0.00076,74.125.200.0-255,1484,76429,69,318021
649,0.000782,74.125.200.0-255,7156,83585,69,318021
650,0.000789,172.31.40.0-255,66,83651,69,318021
651,0.000799,74.125.200.0-255,2902,86553,69,318021
652,0.000818,74.125.200.0-255,4320,90873,69,318021
653,0.000838,172.31.40.0-255,66,90939,69,318021
654,0.000847,74.125.200.0-255,4320,95259,69,318021
655,0.000852,172.31.40.0-255,66,95325,69,318021
656,0.000879,74.125.200.0-255,4320,99645,69,318021
657,0.000894,74.125.200.0-255,1043,100688,69,318021
658,0.000904,172.31.40.0-255,66,100754,69,318021
659,0.001637,74.125.200.0-255,1484,102238,69,318021
660,0.001646,74.125.200.0-255,2902,105140,69,318021
661,0.001651,172.31.40.0-255,66,105206,69,318021
662,0.001678,74.125.200.0-255,4320,109526,69,318021
663,0.001715,74.125.200.0-255,2902,112428,69,318021
664,0.001729,74.125.200.0-255,5738,118166,69,318021
665,0.001768,74.125.200.0-255,5738,123904,69,318021
666,0.001782,74.125.200.0-255,4320,128224,69,318021
667,0.001816,74.125.200.0-255,4320,132544,69,318021
668,0.001828,74.125.200.0-255,2184,134728,69,318021
669,0.006942,172.31.40.0-255,66,134794,69,318021
670,0.008973,74.125.200.0-255,5738,140532,69,318021
671,0.008983,172.31.40.0-255,66,140598,69,318021
672,0.011008,74.125.200.0-255,5738,146336,69,318021
673,0.011209,172.31.40.0-255,66,146402,69,318021
674,0.013229,74.125.200.0-255,5738,152140,69,318021
675,0.013237,172.31.40.0-255,66,152206,69,318021
676,0.015263,74.125.200.0-255,5738,157944,69,318021
677,0.015273,172.31.40.0-255,66,158010,69,318021
678,0.017295,74.125.200.0-255,5738,163748,69,318021
679,0.017302,172.31.40.0-255,66,163814,69,318021
680,0.019332,74.125.200.0-255,5738,169552,69,318021
681,0.019342,172.31.40.0-255,66,169618,69,318021
682,0.021378,74.125.200.0-255,5738,175356,69,318021
683,0.021385,172.31.40.0-255,66,175422,69,318021
684,0.023411,74.125.200.0-255,5738,181160,69,318021
685,0.02342,172.31.40.0-255,66,181226,69,318021
686,0.025457,74.125.200.0-255,5738,186964,69,318021
687,0.025464,172.31.40.0-255,66,187030,69,318021
688,0.027568,74.125.200.0-255,5738,192768,69,318021
689,0.027577,172.31.40.0-255,66,192834,69,318021
690,0.029613,74.125.200.0-255,5738,198572,69,318021
691,0.02962,172.31.40.0-255,66,198638,69,318021
692,0.031645,74.125.200.0-255,5738,204376,69,318021
693,0.031654,172.31.40.0-255,66,204442,69,318021
694,0.033683,74.125.200.0-255,5738,210180,69,318021
695,0.033691,172.31.40.0-255,66,210246,69,318021
696,0.035712,74.125.200.0-255,5738,215984,69,318021
697,0.035719,172.31.40.0-255,66,216050,69,318021
698,0.037759,74.125.200.0-255,5738,221788,69,318021
699,0.037767,172.31.40.0-255,66,221854,69,318021
700,0.038596,172.31.40.0-255,172,222026,69,318021
701,0.038627,172.31.40.0-255,1114,223140,69,318021
702,0.0387,172.31.40.0-255,1514,224654,69,318021
703,0.038702,172.31.40.0-255,1514,226168,69,318021
704,0.038707,172.31.40.0-255,1514,227682,69,318021
705,0.038708,172.31.40.0-255,1514,229196,69,318021
706,0.038728,172.31.40.0-255,1501,230697,69,318021
707,0.039786,74.125.200.0-255,5738,236435,69,318021
708,0.039793,172.31.40.0-255,66,236501,69,318021
709,0.040155,104.244.42.0-255,66,236567,69,318021
710,0.040209,104.244.42.0-255,66,236633,69,318021
711,0.040265,104.244.42.0-255,66,236699,69,318021
712,0.040306,104.244.42.0-255,66,236765,69,318021
713,0.041819,74.125.200.0-255,5738,242503,69,318021
714,0.041826,172.31.40.0-255,66,242569,69,318021
715,0.043856,74.125.200.0-255,5738,248307,69,318021
716,0.043861,172.31.40.0-255,66,248373,69,318021
717,0.045893,74.125.200.0-255,5738,254111,69,318021
718,0.045898,172.31.40.0-255,66,254177,69,318021
719,0.047928,74.125.200.0-255,5738,259915,69,318021
720,0.047933,172.31.40.0-255,66,259981,69,318021
721,0.04998,74.125.200.0-255,5738,265719,69,318021
722,0.049986,172.31.40.0-255,66,265785,69,318021
723,0.052037,74.125.200.0-255,5738,271523,69,318021
724,0.052047,172.31.40.0-255,66,271589,69,318021
725,0.054073,74.125.200.0-255,5738,277327,69,318021
726,0.054078,172.31.40.0-255,66,277393,69,318021
727,0.056105,74.125.200.0-255,5738,283131,69,318021
728,0.05611,172.31.40.0-255,66,283197,69,318021
729,0.05815,74.125.200.0-255,5738,288935,69,318021
730,0.058155,172.31.40.0-255,66,289001,69,318021
731,0.060205,74.125.200.0-255,5738,294739,69,318021
732,0.060211,172.31.40.0-255,66,294805,69,318021
733,0.062244,74.125.200.0-255,5738,300543,69,318021
734,0.062249,172.31.40.0-255,66,300609,69,318021
735,0.064288,74.125.200.0-255,5738,306347,69,318021
736,0.064295,172.31.40.0-255,66,306413,69,318021
737,0.066325,74.125.200.0-255,5738,312151,69,318021
738,0.066332,172.31.40.0-255,66,312217,69,318021
739,0.068359,74.125.200.0-255,5738,317955,69,318021
740,0.068366,172.31.40.0-255,66,318021,69,318021
741,0.0,74.125.24.0-255,152,152,69,282392
742,2.3e-05,172.31.40.0-255,66,218,69,282392
743,3.1e-05,74.125.24.0-255,1484,1702,69,282392
744,3.7e-05,172.31.40.0-255,66,1768,69,282392
745,4.2e-05,74.125.24.0-255,2902,4670,69,282392
746,4.5e-05,172.31.40.0-255,66,4736,69,282392
747,5e-05,74.125.24.0-255,4320,9056,69,282392
748,5.3e-05,172.31.40.0-255,66,9122,69,282392
749,7.6e-05,74.125.24.0-255,1484,10606,69,282392
750,7.9e-05,172.31.40.0-255,66,10672,69,282392
751,9.8e-05,74.125.24.0-255,3514,14186,69,282392
752,0.000101,172.31.40.0-255,66,14252,69,282392
753,0.000134,74.125.24.0-255,2902,17154,69,282392
754,0.000136,172.31.40.0-255,66,17220,69,282392
755,0.00014,74.125.24.0-255,2902,20122,69,282392
756,0.000143,172.31.40.0-255,66,20188,69,282392
757,0.000157,74.125.24.0-255,1484,21672,69,282392
758,0.000159,172.31.40.0-255,66,21738,69,282392
759,0.000163,74.125.24.0-255,2902,24640,69,282392
760,0.000165,172.31.40.0-255,66,24706,69,282392
761,0.000186,74.125.24.0-255,5738,30444,69,282392
762,0.000189,172.31.40.0-255,66,30510,69,282392
763,0.000192,74.125.24.0-255,1125,31635,69,282392
764,0.000194,172.31.40.0-255,66,31701,69,282392
765,0.000303,74.125.24.0-255,1484,33185,69,282392
766,0.000307,172.31.40.0-255,66,33251,69,282392
767,0.000311,74.125.24.0-255,1484,34735,69,282392
768,0.000312,172.31.40.0-255,66,34801,69,282392
769,0.000328,74.125.24.0-255,1484,36285,69,282392
770,0.000331,172.31.40.0-255,66,36351,69,282392
771,0.000338,74.125.24.0-255,5738,42089,69,282392
772,0.00034,172.31.40.0-255,66,42155,69,282392
773,0.000375,74.125.24.0-255,1484,43639,69,282392
774,0.000406,172.31.40.0-255,66,43705,69,282392
775,0.00042,172.31.40.0-255,66,43771,69,282392
776,0.000453,74.125.24.0-255,1419,45190,69,282392
777,0.000465,74.125.24.0-255,382,45572,69,282392
778,0.000468,172.31.40.0-255,66,45638,69,282392
779,0.000848,74.125.24.0-255,1484,47122,69,282392
780,0.000852,74.125.24.0-255,1484,48606,69,282392
781,0.000856,172.31.40.0-255,66,48672,69,282392
782,0.000878,74.125.24.0-255,1484,50156,69,282392
783,0.000885,74.125.24.0-255,5738,55894,69,282392
784,0.000888,172.31.40.0-255,66,55960,69,282392
785,0.000896,74.125.24.0-255,5738,61698,69,282392
786,0.000898,172.31.40.0-255,66,61764,69,282392
787,0.000924,172.31.40.0-255,66,61830,69,282392
788,0.000931,74.125.24.0-255,5738,67568,69,282392
789,0.000933,172.31.40.0-255,66,67634,69,282392
790,0.000952,74.125.24.0-255,3961,71595,69,282392
791,0.000955,172.31.40.0-255,66,71661,69,282392
792,0.00161,74.125.24.0-255,1484,73145,69,282392
793,0.00162,74.125.24.0-255,2902,76047,69,282392
794,0.001625,172.31.40.0-255,66,76113,69,282392
795,0.001633,74.125.24.0-255,5738,81851,69,282392
796,0.001635,172.31.40.0-255,66,81917,69,282392
797,0.001638,74.125.24.0-255,1484,83401,69,282392
798,0.001642,74.125.24.0-255,2902,86303,69,282392
799,0.001644,172.31.40.0-255,66,86369,69,282392
800,0.001663,74.125.24.0-255,5738,92107,69,282392
801,0.001665,172.31.40.0-255,66,92173,69,282392
802,0.00169,74.125.24.0-255,4320,96493,69,282392
803,0.001693,172.31.40.0-255,66,96559,69,282392
804,0.001717,172.31.40.0-255,66,96625,69,282392
805,0.003888,74.125.24.0-255,4320,100945,69,282392
806,0.003895,172.31.40.0-255,66,101011,69,282392
807,0.003915,74.125.24.0-255,1484,102495,69,282392
808,0.006055,74.125.24.0-255,4320,106815,69,282392
809,0.006062,172.31.40.0-255,66,106881,69,282392
810,0.008207,74.125.24.0-255,2902,109783,69,282392
811,0.008214,172.31.40.0-255,66,109849,69,282392
812,0.008234,74.125.24.0-255,2902,112751,69,282392
813,0.008236,172.31.40.0-255,66,112817,69,282392
814,0.010356,74.125.24.0-255,2902,115719,69,282392
815,0.010363,172.31.40.0-255,66,115785,69,282392
816,0.010391,74.125.24.0-255,2902,118687,69,282392
817,0.010393,172.31.40.0-255,66,118753,69,282392
818,0.012522,74.125.24.0-255,2902,121655,69,282392
819,0.012529,172.31.40.0-255,66,121721,69,282392
820,0.012575,74.125.24.0-255,1484,123205,69,282392
821,0.012587,74.125.24.0-255,1484,124689,69,282392
822,0.01259,172.31.40.0-255,66,124755,69,282392
823,0.014706,74.125.24.0-255,2902,127657,69,282392
824,0.014715,172.31.40.0-255,66,127723,69,282392
825,0.014792,74.125.24.0-255,2902,130625,69,282392
826,0.014796,172.31.40.0-255,66,130691,69,282392
827,0.016948,74.125.24.0-255,5738,136429,69,282392
828,0.016955,172.31.40.0-255,66,136495,69,282392
829,0.019153,74.125.24.0-255,4320,140815,69,282392
830,0.01916,172.31.40.0-255,66,140881,69,282392
831,0.01918,74.125.24.0-255,1484,142365,69,282392
832,0.021348,74.125.24.0-255,4320,146685,69,282392
833,0.021354,172.31.40.0-255,66,146751,69,282392
834,0.023534,74.125.24.0-255,5738,152489,69,282392
835,0.023543,172.31.40.0-255,66,152555,69,282392
836,0.025684,74.125.24.0-255,5738,158293,69,282392
837,0.025691,172.31.40.0-255,66,158359,69,282392
838,0.027902,74.125.24.0-255,5738,164097,69,282392
839,0.02791,172.31.40.0-255,66,164163,69,282392
840,0.029656,172.31.40.0-255,172,164335,69,282392
841,0.029683,172.31.40.0-255,1112,165447,69,282392
842,0.029763,172.31.40.0-255,1514,166961,69,282392
843,0.029765,172.31.40.0-255,1514,168475,69,282392
844,0.029771,172.31.40.0-255,1514,169989,69,282392
845,0.029773,172.31.40.0-255,1514,171503,69,282392
846,0.029804,172.31.40.0-255,1503,173006,69,282392
847,0.03005,74.125.24.0-255,5738,178744,69,282392
848,0.030056,172.31.40.0-255,66,178810,69,282392
849,0.031301,104.244.42.0-255,66,178876,69,282392
850,0.031327,104.244.42.0-255,66,178942,69,282392
851,0.031458,104.244.42.0-255,66,179008,69,282392
852,0.031509,104.244.42.0-255,66,179074,69,282392
853,0.032189,74.125.24.0-255,1484,180558,69,282392
854,0.032209,74.125.24.0-255,4320,184878,69,282392
855,0.032214,172.31.40.0-255,66,184944,69,282392
856,0.03441,74.125.24.0-255,4320,189264,69,282392
857,0.034435,172.31.40.0-255,66,189330,69,282392
858,0.034458,74.125.24.0-255,1484,190814,69,282392
859,0.036593,74.125.24.0-255,4320,195134,69,282392
860,0.0366,172.31.40.0-255,66,195200,69,282392
861,0.038794,74.125.24.0-255,2902,198102,69,282392
862,0.038802,172.31.40.0-255,66,198168,69,282392
863,0.038821,74.125.24.0-255,2902,201070,69,282392
864,0.038824,172.31.40.0-255,66,201136,69,282392
865,0.040966,74.125.24.0-255,5738,206874,69,282392
866,0.040974,172.31.40.0-255,66,206940,69,282392
867,0.043158,74.125.24.0-255,5738,212678,69,282392
868,0.043165,172.31.40.0-255,66,212744,69,282392
869,0.045354,74.125.24.0-255,5738,218482,69,282392
870,0.04536,172.31.40.0-255,66,218548,69,282392
871,0.047504,74.125.24.0-255,5738,224286,69,282392
872,0.04751,172.31.40.0-255,66,224352,69,282392
873,0.049661,74.125.24.0-255,5738,230090,69,282392
874,0.049667,172.31.40.0-255,66,230156,69,282392
875,0.051824,74.125.24.0-255,5738,235894,69,282392
876,0.051829,172.31.40.0-255,66,235960,69,282392
877,0.054015,74.125.24.0-255,5738,241698,69,282392
878,0.054021,172.31.40.0-255,66,241764,69,282392
879,0.056183,74.125.24.0-255,5738,247502,69,282392
880,0.056189,172.31.40.0-255,66,247568,69,282392
881,0.058355,74.125.24.0-255,5738,253306,69,282392
882,0.058361,172.31.40.0-255,66,253372,69,282392
883,0.060531,74.125.24.0-255,5738,259110,69,282392
884,0.060537,172.31.40.0-255,66,259176,69,282392
885,0.062736,74.125.24.0-255,5738,264914,69,282392
886,0.062743,172.31.40.0-255,66,264980,69,282392
887,0.064896,74.125.24.0-255,5738,270718,69,282392
888,0.064902,172.31.40.0-255,66,270784,69,282392
889,0.067039,74.125.24.0-255,5738,276522,69,282392
890,0.067044,172.31.40.0-255,66,276588,69,282392
891,0.069211,74.125.24.0-255,5738,282326,69,282392
892,0.069228,172.31.40.0-255,66,282392,69,282392
893,0.0,172.217.194.0-255,298,298,69,262956
894,2.2e-05,172.31.40.0-255,66,364,69,262956
895,2.8e-05,172.217.194.0-255,1484,1848,69,262956
896,3.3e-05,172.31.40.0-255,66,1914,69,262956
897,4.5e-05,172.217.194.0-255,4320,6234,69,262956
898,4.9e-05,172.31.40.0-255,66,6300,69,262956
899,7.9e-05,172.31.40.0-255,66,6366,69,262956
900,0.000103,172.217.194.0-255,1484,7850,69,262956
901,0.000105,172.31.40.0-255,66,7916,69,262956
902,0.000109,172.217.194.0-255,2902,10818,69,262956
903,0.000111,172.31.40.0-255,66,10884,69,262956
904,0.000114,172.217.194.0-255,1484,12368,69,262956
905,0.000116,172.31.40.0-255,66,12434,69,262956
906,0.000143,172.217.194.0-255,4320,16754,69,262956
907,0.000145,172.31.40.0-255,66,16820,69,262956
908,0.000151,172.217.194.0-255,1484,18304,69,262956
909,0.000153,172.31.40.0-255,66,18370,69,262956
910,0.000174,172.217.194.0-255,5379,23749,69,262956
911,0.000179,172.31.40.0-255,66,23815,69,262956
912,0.000196,172.217.194.0-255,1484,25299,69,262956
913,0.000198,172.31.40.0-255,66,25365,69,262956
914,0.000218,172.217.194.0-255,1484,26849,69,262956
915,0.00022,172.31.40.0-255,66,26915,69,262956
916,0.000226,172.217.194.0-255,4320,31235,69,262956
917,0.000228,172.31.40.0-255,66,31301,69,262956
918,0.000234,172.217.194.0-255,7156,38457,69,262956
919,0.000237,172.31.40.0-255,66,38523,69,262956
920,0.000262,172.217.194.0-255,1484,40007,69,262956
921,0.000264,172.31.40.0-255,66,40073,69,262956
922,0.000267,172.217.194.0-255,1125,41198,69,262956
923,0.000269,172.31.40.0-255,66,41264,69,262956
924,0.000271,172.217.194.0-255,1484,42748,69,262956
925,0.000277,172.217.194.0-255,4320,47068,69,262956
926,0.000279,172.31.40.0-255,66,47134,69,262956
927,0.000285,172.217.194.0-255,5738,52872,69,262956
928,0.000287,172.31.40.0-255,66,52938,69,262956
929,0.000317,172.217.194.0-255,4320,57258,69,262956
930,0.00032,172.31.40.0-255,66,57324,69,262956
931,0.000323,172.217.194.0-255,1125,58449,69,262956
932,0.000717,172.217.194.0-255,645,59094,69,262956
933,0.000723,172.31.40.0-255,66,59160,69,262956
934,0.000802,172.217.194.0-255,1484,60644,69,262956
935,0.000806,172.217.194.0-255,1484,62128,69,262956
936,0.000808,172.31.40.0-255,66,62194,69,262956
937,0.000835,172.217.194.0-255,1484,63678,69,262956
938,0.000842,172.217.194.0-255,5738,69416,69,262956
939,0.000845,172.31.40.0-255,66,69482,69,262956
940,0.000852,172.217.194.0-255,7156,76638,69,262956
941,0.000854,172.31.40.0-255,66,76704,69,262956
942,0.000878,172.217.194.0-255,5738,82442,69,262956
943,0.00088,172.31.40.0-255,66,82508,69,262956
944,0.000891,172.31.40.0-255,66,82574,69,262956
945,0.001095,172.217.194.0-255,1484,84058,69,262956
946,0.001101,172.217.194.0-255,2902,86960,69,262956
947,0.001103,172.31.40.0-255,66,87026,69,262956
948,0.001138,172.217.194.0-255,1484,88510,69,262956
949,0.001155,172.217.194.0-255,4320,92830,69,262956
950,0.001158,172.31.40.0-255,66,92896,69,262956
951,0.001176,172.31.40.0-255,66,92962,69,262956
952,0.001187,172.31.40.0-255,66,93028,69,262956
953,0.001216,172.217.194.0-255,766,93794,69,262956
954,0.001768,172.31.40.0-255,66,93860,69,262956
955,0.001794,172.217.194.0-255,1484,95344,69,262956
956,0.0018,172.217.194.0-255,2902,98246,69,262956
957,0.001802,172.31.40.0-255,66,98312,69,262956
958,0.001808,172.217.194.0-255,4320,102632,69,262956
959,0.00181,172.31.40.0-255,66,102698,69,262956
960,0.001837,172.217.194.0-255,1484,104182,69,262956
961,0.001851,172.31.40.0-255,66,104248,69,262956
962,0.001892,172.217.194.0-255,5738,109986,69,262956
963,0.001896,172.31.40.0-255,66,110052,69,262956
964,0.001926,172.217.194.0-255,6438,116490,69,262956
965,0.001929,172.31.40.0-255,66,116556,69,262956
966,0.001932,172.217.194.0-255,1484,118040,69,262956
967,0.001955,172.217.194.0-255,2902,120942,69,262956
968,0.001957,172.31.40.0-255,66,121008,69,262956
969,0.001964,172.217.194.0-255,5738,126746,69,262956
970,0.001966,172.31.40.0-255,66,126812,69,262956
971,0.001994,172.217.194.0-255,7156,133968,69,262956
972,0.001996,172.31.40.0-255,66,134034,69,262956
973,0.002027,172.217.194.0-255,5738,139772,69,262956
974,0.00203,172.31.40.0-255,66,139838,69,262956
975,0.002041,172.31.40.0-255,66,139904,69,262956
976,0.002058,172.31.40.0-255,66,139970,69,262956
977,0.002102,172.31.40.0-255,66,140036,69,262956
978,0.002114,172.31.40.0-255,66,140102,69,262956
979,0.002117,172.217.194.0-255,1484,141586,69,262956
980,0.002121,172.217.194.0-255,2902,144488,69,262956
981,0.002124,172.31.40.0-255,66,144554,69,262956
982,0.00213,172.217.194.0-255,5738,150292,69,262956
983,0.002136,172.31.40.0-255,66,150358,69,262956
984,0.002186,172.31.40.0-255,66,150424,69,262956
985,0.002196,172.31.40.0-255,66,150490,69,262956
986,0.002234,172.31.40.0-255,66,150556,69,262956
987,0.002238,172.217.194.0-255,2902,153458,69,262956
988,0.00224,172.31.40.0-255,66,153524,69,262956
989,0.002281,172.217.194.0-255,7156,160680,69,262956
990,0.002284,172.31.40.0-255,66,160746,69,262956
991,0.002301,172.31.40.0-255,66,160812,69,262956
992,0.002339,172.217.194.0-255,2902,163714,69,262956
993,0.002342,172.31.40.0-255,66,163780,69,262956
994,0.002398,172.31.40.0-255,66,163846,69,262956
995,0.002405,172.217.194.0-255,5020,168866,69,262956
996,0.002407,172.31.40.0-255,66,168932,69,262956
997,0.002428,172.217.194.0-255,1484,170416,69,262956
998,0.002433,172.217.194.0-255,2902,173318,69,262956
999,0.002436,172.31.40.0-255,66,173384,69,262956
1000,0.002441,172.217.194.0-255,2902,176286,69,262956
1001,0.002443,172.31.40.0-255,66,176352,69,262956
1002,0.002468,172.217.194.0-255,2902,179254,69,262956
1003,0.002474,172.217.194.0-255,5738,184992,69,262956
1004,0.002498,172.217.194.0-255,4320,189312,69,262956
1005,0.002509,172.217.194.0-255,2902,192214,69,262956
1006,0.002515,172.31.40.0-255,66,192280,69,262956
1007,0.00494,172.217.194.0-255,5738,198018,69,262956
1008,0.004948,172.31.40.0-255,66,198084,69,262956
1009,0.007409,172.217.194.0-255,4320,202404,69,262956
1010,0.007415,172.31.40.0-255,66,202470,69,262956
1011,0.00744,172.217.194.0-255,1484,203954,69,262956
1012,0.009858,172.217.194.0-255,2902,206856,69,262956
1013,0.009864,172.31.40.0-255,66,206922,69,262956
1014,0.009888,172.217.194.0-255,1484,208406,69,262956
1015,0.012324,172.217.194.0-255,4320,212726,69,262956
1016,0.01233,172.31.40.0-255,66,212792,69,262956
1017,0.014766,172.217.194.0-255,5738,218530,69,262956
1018,0.014775,172.31.40.0-255,66,218596,69,262956
1019,0.017258,172.217.194.0-255,5738,224334,69,262956
1020,0.017266,172.31.40.0-255,66,224400,69,262956
1021,0.01973,172.217.194.0-255,5738,230138,69,262956
1022,0.019738,172.31.40.0-255,66,230204,69,262956
1023,0.022191,172.217.194.0-255,4320,234524,69,262956
1024,0.022198,172.31.40.0-255,66,234590,69,262956
1025,0.022218,172.217.194.0-255,1484,236074,69,262956
1026,0.024712,172.217.194.0-255,4320,240394,69,262956
1027,0.024727,172.31.40.0-255,66,240460,69,262956
1028,0.027227,172.217.194.0-255,4320,244780,69,262956
1029,0.027235,172.31.40.0-255,66,244846,69,262956
1030,0.027268,172.217.194.0-255,1484,246330,69,262956
1031,0.029682,172.217.194.0-255,4320,250650,69,262956
1032,0.029689,172.31.40.0-255,66,250716,69,262956
1033,0.032147,172.217.194.0-255,2896,253612,69,262956
1034,0.032157,172.31.40.0-255,66,253678,69,262956
1035,0.032352,172.31.40.0-255,105,253783,69,262956
1036,0.034736,172.217.194.0-255,66,253849,69,262956
1037,0.036323,172.31.40.0-255,172,254021,69,262956
1038,0.036348,172.31.40.0-255,1112,255133,69,262956
1039,0.036422,172.31.40.0-255,1514,256647,69,262956
1040,0.036445,172.31.40.0-255,1514,258161,69,262956
1041,0.036446,172.31.40.0-255,1514,259675,69,262956
1042,0.036468,172.31.40.0-255,1514,261189,69,262956
1043,0.03647,172.31.40.0-255,1503,262692,69,262956
1044,0.037992,104.244.42.0-255,66,262758,69,262956
1045,0.038028,104.244.42.0-255,66,262824,69,262956
1046,0.038145,104.244.42.0-255,66,262890,69,262956
1047,0.038205,104.244.42.0-255,66,262956,69,262956
1048,0.0,74.125.68.0-255,152,152,69,385887
1049,1.8e-05,172.31.40.0-255,66,218,69,385887
1050,2.6e-05,74.125.68.0-255,1484,1702,69,385887
1051,3.1e-05,172.31.40.0-255,66,1768,69,385887
1052,3.6e-05,74.125.68.0-255,2902,4670,69,385887
1053,4.6e-05,172.31.40.0-255,66,4736,69,385887
1054,5.2e-05,74.125.68.0-255,4320,9056,69,385887
1055,5.6e-05,172.31.40.0-255,66,9122,69,385887
1056,7.5e-05,74.125.68.0-255,2902,12024,69,385887
1057,7.8e-05,172.31.40.0-255,66,12090,69,385887
1058,0.0001,74.125.68.0-255,1484,13574,69,385887
1059,0.000102,172.31.40.0-255,66,13640,69,385887
1060,0.000113,74.125.68.0-255,4899,18539,69,385887
1061,0.000116,172.31.40.0-255,66,18605,69,385887
1062,0.000151,74.125.68.0-255,4320,22925,69,385887
1063,0.000154,172.31.40.0-255,66,22991,69,385887
1064,0.00016,74.125.68.0-255,5738,28729,69,385887
1065,0.000163,172.31.40.0-255,66,28795,69,385887
1066,0.000188,74.125.68.0-255,2543,31338,69,385887
1067,0.00019,172.31.40.0-255,66,31404,69,385887
1068,0.000334,74.125.68.0-255,1484,32888,69,385887
1069,0.000338,172.31.40.0-255,66,32954,69,385887
1070,0.000358,74.125.68.0-255,2902,35856,69,385887
1071,0.000361,172.31.40.0-255,66,35922,69,385887
1072,0.000368,74.125.68.0-255,5738,41660,69,385887
1073,0.00037,172.31.40.0-255,66,41726,69,385887
1074,0.000406,74.125.68.0-255,5738,47464,69,385887
1075,0.000409,172.31.40.0-255,66,47530,69,385887
1076,0.000414,74.125.68.0-255,2902,50432,69,385887
1077,0.000415,172.31.40.0-255,66,50498,69,385887
1078,0.000449,74.125.68.0-255,3961,54459,69,385887
1079,0.000452,172.31.40.0-255,66,54525,69,385887
1080,0.000459,74.125.68.0-255,5738,60263,69,385887
1081,0.000461,172.31.40.0-255,66,60329,69,385887
1082,0.00049,74.125.68.0-255,5691,66020,69,385887
1083,0.000493,172.31.40.0-255,66,66086,69,385887
1084,0.000504,74.125.68.0-255,343,66429,69,385887
1085,0.000567,74.125.68.0-255,1484,67913,69,385887
1086,0.000571,172.31.40.0-255,66,67979,69,385887
1087,0.000579,74.125.68.0-255,1484,69463,69,385887
1088,0.000582,74.125.68.0-255,1484,70947,69,385887
1089,0.000588,172.31.40.0-255,66,71013,69,385887
1090,0.000611,74.125.68.0-255,1484,72497,69,385887
1091,0.000619,74.125.68.0-255,5738,78235,69,385887
1092,0.000621,172.31.40.0-255,66,78301,69,385887
1093,0.000657,172.31.40.0-255,66,78367,69,385887
1094,0.000696,172.31.40.0-255,66,78433,69,385887
1095,0.000699,74.125.68.0-255,766,79199,69,385887
1096,0.000789,74.125.68.0-255,1484,80683,69,385887
1097,0.000792,172.31.40.0-255,66,80749,69,385887
1098,0.00082,74.125.68.0-255,2902,83651,69,385887
1099,0.000823,172.31.40.0-255,66,83717,69,385887
1100,0.000853,74.125.68.0-255,5738,89455,69,385887
1101,0.000856,172.31.40.0-255,66,89521,69,385887
1102,0.000859,74.125.68.0-255,1484,91005,69,385887
1103,0.000894,172.31.40.0-255,66,91071,69,385887
1104,0.000925,74.125.68.0-255,5738,96809,69,385887
1105,0.000929,172.31.40.0-255,66,96875,69,385887
1106,0.000937,74.125.68.0-255,7156,104031,69,385887
1107,0.000939,172.31.40.0-255,66,104097,69,385887
1108,0.000947,74.125.68.0-255,766,104863,69,385887
1109,0.001002,74.125.68.0-255,1484,106347,69,385887
1110,0.001005,172.31.40.0-255,66,106413,69,385887
1111,0.001025,74.125.68.0-255,2902,109315,69,385887
1112,0.001027,172.31.40.0-255,66,109381,69,385887
1113,0.001031,74.125.68.0-255,2902,112283,69,385887
1114,0.001034,172.31.40.0-255,66,112349,69,385887
1115,0.001057,74.125.68.0-255,2902,115251,69,385887
1116,0.001059,172.31.40.0-255,66,115317,69,385887
1117,0.001069,74.125.68.0-255,4320,119637,69,385887
1118,0.001071,172.31.40.0-255,66,119703,69,385887
1119,0.001078,74.125.68.0-255,5738,125441,69,385887
1120,0.00108,172.31.40.0-255,66,125507,69,385887
1121,0.001106,74.125.68.0-255,5738,131245,69,385887
1122,0.001109,172.31.40.0-255,66,131311,69,385887
1123,0.00114,74.125.68.0-255,5738,137049,69,385887
1124,0.001142,172.31.40.0-255,66,137115,69,385887
1125,0.001147,74.125.68.0-255,2184,139299,69,385887
1126,0.001149,172.31.40.0-255,66,139365,69,385887
1127,0.001248,74.125.68.0-255,1484,140849,69,385887
1128,0.001268,74.125.68.0-255,2902,143751,69,385887
1129,0.001271,172.31.40.0-255,66,143817,69,385887
1130,0.001303,74.125.68.0-255,5738,149555,69,385887
1131,0.001306,172.31.40.0-255,66,149621,69,385887
1132,0.001333,74.125.68.0-255,5738,155359,69,385887
1133,0.001336,172.31.40.0-255,66,155425,69,385887
1134,0.001359,74.125.68.0-255,1484,156909,69,385887
1135,0.001364,74.125.68.0-255,4320,161229,69,385887
1136,0.001367,172.31.40.0-255,66,161295,69,385887
1137,0.001393,74.125.68.0-255,5738,167033,69,385887
1138,0.001396,172.31.40.0-255,66,167099,69,385887
1139,0.001423,74.125.68.0-255,6438,173537,69,385887
1140,0.001426,172.31.40.0-255,66,173603,69,385887
1141,0.001507,74.125.68.0-255,1484,175087,69,385887
1142,0.001525,74.125.68.0-255,2902,177989,69,385887
1143,0.001528,172.31.40.0-255,66,178055,69,385887
1144,0.001563,74.125.68.0-255,5738,183793,69,385887
1145,0.001566,172.31.40.0-255,66,183859,69,385887
1146,0.001571,74.125.68.0-255,2902,186761,69,385887
1147,0.001573,172.31.40.0-255,66,186827,69,385887
1148,0.001583,74.125.68.0-255,4320,191147,69,385887
1149,0.001586,172.31.40.0-255,66,191213,69,385887
1150,0.001617,172.31.40.0-255,66,191279,69,385887
1151,0.001624,74.125.68.0-255,5738,197017,69,385887
1152,0.001626,172.31.40.0-255,66,197083,69,385887
1153,0.00167,74.125.68.0-255,2184,199267,69,385887
1154,0.001672,172.31.40.0-255,66,199333,69,385887
1155,0.001733,74.125.68.0-255,1484,200817,69,385887
1156,0.001739,74.125.68.0-255,2902,203719,69,385887
1157,0.001742,172.31.40.0-255,66,203785,69,385887
1158,0.00176,74.125.68.0-255,2902,206687,69,385887
1159,0.001765,172.31.40.0-255,66,206753,69,385887
1160,0.001798,74.125.68.0-255,4320,211073,69,385887
1161,0.001802,172.31.40.0-255,66,211139,69,385887
1162,0.001805,74.125.68.0-255,1484,212623,69,385887
1163,0.001837,74.125.68.0-255,2902,215525,69,385887
1164,0.001841,172.31.40.0-255,66,215591,69,385887
1165,0.00185,74.125.68.0-255,2902,218493,69,385887
1166,0.001853,172.31.40.0-255,66,218559,69,385887
1167,0.001883,74.125.68.0-255,2902,221461,69,385887
1168,0.001887,172.31.40.0-255,66,221527,69,385887
1169,0.00189,74.125.68.0-255,1484,223011,69,385887
1170,0.001895,74.125.68.0-255,2902,225913,69,385887
1171,0.001897,172.31.40.0-255,66,225979,69,385887
1172,0.001901,74.125.68.0-255,2902,228881,69,385887
1173,0.001905,172.31.40.0-255,66,228947,69,385887
1174,0.001918,74.125.68.0-255,2902,231849,69,385887
1175,0.001921,172.31.40.0-255,66,231915,69,385887
1176,0.001924,74.125.68.0-255,2184,234099,69,385887
1177,0.001931,172.31.40.0-255,66,234165,69,385887
1178,0.002122,74.125.68.0-255,1484,235649,69,385887
1179,0.002144,74.125.68.0-255,2902,238551,69,385887
1180,0.002147,172.31.40.0-255,66,238617,69,385887
1181,0.002174,74.125.68.0-255,4320,242937,69,385887
1182,0.002176,172.31.40.0-255,66,243003,69,385887
1183,0.002182,74.125.68.0-255,2902,245905,69,385887
1184,0.002184,172.31.40.0-255,66,245971,69,385887
1185,0.002207,74.125.68.0-255,2902,248873,69,385887
1186,0.002209,172.31.40.0-255,66,248939,69,385887
1187,0.002251,74.125.68.0-255,2902,251841,69,385887
1188,0.002253,172.31.40.0-255,66,251907,69,385887
1189,0.002275,172.31.40.0-255,66,251973,69,385887
1190,0.002279,74.125.68.0-255,2902,254875,69,385887
1191,0.002282,172.31.40.0-255,66,254941,69,385887
1192,0.002288,74.125.68.0-255,5738,260679,69,385887
1193,0.002291,172.31.40.0-255,66,260745,69,385887
1194,0.002313,74.125.68.0-255,766,261511,69,385887
1195,0.002339,74.125.68.0-255,7156,268667,69,385887
1196,0.002341,172.31.40.0-255,66,268733,69,385887
1197,0.002344,74.125.68.0-255,1484,270217,69,385887
1198,0.002365,74.125.68.0-255,2902,273119,69,385887
1199,0.002368,172.31.40.0-255,66,273185,69,385887
1200,0.004672,74.125.68.0-255,1484,274669,69,385887
1201,0.00469,74.125.68.0-255,4320,278989,69,385887
1202,0.004695,172.31.40.0-255,66,279055,69,385887
1203,0.007036,74.125.68.0-255,2902,281957,69,385887
1204,0.007039,172.31.40.0-255,66,282023,69,385887
1205,0.007064,74.125.68.0-255,2902,284925,69,385887
1206,0.007067,172.31.40.0-255,66,284991,69,385887
1207,0.007641,172.31.40.0-255,101,285092,69,385887
1208,0.009391,74.125.68.0-255,4320,289412,69,385887
1209,0.009397,172.31.40.0-255,66,289478,69,385887
1210,0.009427,74.125.68.0-255,1484,290962,69,385887
1211,0.009928,74.125.68.0-255,66,291028,69,385887
1212,0.011743,74.125.68.0-255,4320,295348,69,385887
1213,0.01175,172.31.40.0-255,66,295414,69,385887
1214,0.0141,74.125.68.0-255,5738,301152,69,385887
1215,0.014108,172.31.40.0-255,66,301218,69,385887
1216,0.016445,74.125.68.0-255,5738,306956,69,385887
1217,0.016453,172.31.40.0-255,66,307022,69,385887
1218,0.018795,74.125.68.0-255,5738,312760,69,385887
1219,0.018803,172.31.40.0-255,66,312826,69,385887
1220,0.021145,74.125.68.0-255,5738,318564,69,385887
1221,0.021153,172.31.40.0-255,66,318630,69,385887
1222,0.023521,74.125.68.0-255,5738,324368,69,385887
1223,0.023529,172.31.40.0-255,66,324434,69,385887
1224,0.025876,74.125.68.0-255,4320,328754,69,385887
1225,0.025883,172.31.40.0-255,66,328820,69,385887
1226,0.025912,74.125.68.0-255,1484,330304,69,385887
1227,0.028273,74.125.68.0-255,4320,334624,69,385887
1228,0.028282,172.31.40.0-255,66,334690,69,385887
1229,0.030643,74.125.68.0-255,5738,340428,69,385887
1230,0.030651,172.31.40.0-255,66,340494,69,385887
1231,0.032999,74.125.68.0-255,5738,346232,69,385887
1232,0.033006,172.31.40.0-255,66,346298,69,385887
1233,0.035342,74.125.68.0-255,5738,352036,69,385887
1234,0.035349,172.31.40.0-255,66,352102,69,385887
1235,0.037708,74.125.68.0-255,5738,357840,69,385887
1236,0.037716,172.31.40.0-255,66,357906,69,385887
1237,0.040067,74.125.68.0-255,5738,363644,69,385887
1238,0.040075,172.31.40.0-255,66,363710,69,385887
1239,0.041949,172.31.40.0-255,172,363882,69,385887
1240,0.041982,172.31.40.0-255,1114,364996,69,385887
1241,0.042049,172.31.40.0-255,1514,366510,69,385887
1242,0.042051,172.31.40.0-255,1514,368024,69,385887
1243,0.042052,172.31.40.0-255,1514,369538,69,385887
1244,0.042058,172.31.40.0-255,1514,371052,69,385887
1245,0.042059,172.31.40.0-255,1501,372553,69,385887
1246,0.042413,74.125.68.0-255,5738,378291,69,385887
1247,0.042421,172.31.40.0-255,66,378357,69,385887
1248,0.043472,104.244.42.0-255,66,378423,69,385887
1249,0.043569,104.244.42.0-255,66,378489,69,385887
1250,0.043751,104.244.42.0-255,66,378555,69,385887
1251,0.044774,74.125.68.0-255,5738,384293,69,385887
1252,0.044781,172.31.40.0-255,66,384359,69,385887
1253,0.047128,74.125.68.0-255,1357,385716,69,385887
1254,0.047316,172.31.40.0-255,105,385821,69,385887
1255,0.054282,74.125.68.0-255,66,385887,69,385887
1256,0.0,74.125.68.0-255,296,296,69,265034
1257,1.5e-05,172.31.40.0-255,66,362,69,265034
1258,3.9e-05,74.125.68.0-255,1484,1846,69,265034
1259,4.4e-05,172.31.40.0-255,66,1912,69,265034
1260,4.7e-05,74.125.68.0-255,1484,3396,69,265034
1261,4.9e-05,172.31.40.0-255,66,3462,69,265034
1262,7.3e-05,74.125.68.0-255,2902,6364,69,265034
1263,7.6e-05,172.31.40.0-255,66,6430,69,265034
1264,9.4e-05,74.125.68.0-255,2902,9332,69,265034
1265,9.6e-05,172.31.40.0-255,66,9398,69,265034
1266,0.000119,74.125.68.0-255,2902,12300,69,265034
1267,0.000121,172.31.40.0-255,66,12366,69,265034
1268,0.000138,74.125.68.0-255,1484,13850,69,265034
1269,0.00014,172.31.40.0-255,66,13916,69,265034
1270,0.000158,74.125.68.0-255,1926,15842,69,265034
1271,0.000161,172.31.40.0-255,66,15908,69,265034
1272,0.000166,74.125.68.0-255,4320,20228,69,265034
1273,0.000168,172.31.40.0-255,66,20294,69,265034
1274,0.000216,74.125.68.0-255,2902,23196,69,265034
1275,0.000219,172.31.40.0-255,66,23262,69,265034
1276,0.000237,74.125.68.0-255,4320,27582,69,265034
1277,0.00024,172.31.40.0-255,66,27648,69,265034
1278,0.000242,74.125.68.0-255,1484,29132,69,265034
1279,0.000245,172.31.40.0-255,66,29198,69,265034
1280,0.000266,74.125.68.0-255,2902,32100,69,265034
1281,0.000268,172.31.40.0-255,66,32166,69,265034
1282,0.000287,74.125.68.0-255,5738,37904,69,265034
1283,0.00029,172.31.40.0-255,66,37970,69,265034
1284,0.000324,74.125.68.0-255,1484,39454,69,265034
1285,0.000327,172.31.40.0-255,66,39520,69,265034
1286,0.000346,74.125.68.0-255,2902,42422,69,265034
1287,0.000348,172.31.40.0-255,66,42488,69,265034
1288,0.000351,74.125.68.0-255,1484,43972,69,265034
1289,0.000372,74.125.68.0-255,4320,48292,69,265034
1290,0.000375,172.31.40.0-255,66,48358,69,265034
1291,0.000378,74.125.68.0-255,766,49124,69,265034
1292,0.000626,74.125.68.0-255,1484,50608,69,265034
1293,0.000632,172.31.40.0-255,66,50674,69,265034
1294,0.000649,74.125.68.0-255,2902,53576,69,265034
1295,0.000652,172.31.40.0-255,66,53642,69,265034
1296,0.000655,74.125.68.0-255,1484,55126,69,265034
1297,0.000677,74.125.68.0-255,2902,58028,69,265034
1298,0.00068,172.31.40.0-255,66,58094,69,265034
1299,0.000707,74.125.68.0-255,4320,62414,69,265034
1300,0.00071,172.31.40.0-255,66,62480,69,265034
1301,0.000728,74.125.68.0-255,1484,63964,69,265034
1302,0.000758,74.125.68.0-255,2543,66507,69,265034
1303,0.000768,172.31.40.0-255,66,66573,69,265034
1304,0.002942,74.125.68.0-255,1484,68057,69,265034
1305,0.002952,74.125.68.0-255,2902,70959,69,265034
1306,0.002958,172.31.40.0-255,66,71025,69,265034
1307,0.002963,74.125.68.0-255,1484,72509,69,265034
1308,0.004981,74.125.68.0-255,4320,76829,69,265034
1309,0.004985,172.31.40.0-255,66,76895,69,265034
1310,0.007009,74.125.68.0-255,5738,82633,69,265034
1311,0.007015,172.31.40.0-255,66,82699,69,265034
1312,0.009042,74.125.68.0-255,5738,88437,69,265034
1313,0.009051,172.31.40.0-255,66,88503,69,265034
1314,0.011085,74.125.68.0-255,5738,94241,69,265034
1315,0.011095,172.31.40.0-255,66,94307,69,265034
1316,0.013129,74.125.68.0-255,5738,100045,69,265034
1317,0.013137,172.31.40.0-255,66,100111,69,265034
1318,0.015187,74.125.68.0-255,5738,105849,69,265034
1319,0.015194,172.31.40.0-255,66,105915,69,265034
1320,0.01726,74.125.68.0-255,5738,111653,69,265034
1321,0.017269,172.31.40.0-255,66,111719,69,265034
1322,0.019298,74.125.68.0-255,5738,117457,69,265034
1323,0.019305,172.31.40.0-255,66,117523,69,265034
1324,0.021341,74.125.68.0-255,1484,119007,69,265034
1325,0.021365,74.125.68.0-255,4320,123327,69,265034
1326,0.02137,172.31.40.0-255,66,123393,69,265034
1327,0.022787,172.31.40.0-255,172,123565,69,265034
1328,0.022832,172.31.40.0-255,1111,124676,69,265034
1329,0.022899,172.31.40.0-255,1514,126190,69,265034
1330,0.022901,172.31.40.0-255,1514,127704,69,265034
1331,0.022902,172.31.40.0-255,1514,129218,69,265034
1332,0.022903,172.31.40.0-255,1514,130732,69,265034
1333,0.022904,172.31.40.0-255,546,131278,69,265034
1334,0.023423,74.125.68.0-255,5738,137016,69,265034
1335,0.02343,172.31.40.0-255,66,137082,69,265034
1336,0.024382,104.244.42.0-255,66,137148,69,265034
1337,0.024419,104.244.42.0-255,66,137214,69,265034
1338,0.024454,104.244.42.0-255,66,137280,69,265034
1339,0.024467,104.244.42.0-255,66,137346,69,265034
1340,0.025469,74.125.68.0-255,5738,143084,69,265034
1341,0.025474,172.31.40.0-255,66,143150,69,265034
1342,0.027515,74.125.68.0-255,5738,148888,69,265034
1343,0.027523,172.31.40.0-255,66,148954,69,265034
1344,0.029575,74.125.68.0-255,5738,154692,69,265034
1345,0.029583,172.31.40.0-255,66,154758,69,265034
1346,0.03167,74.125.68.0-255,5738,160496,69,265034
1347,0.031677,172.31.40.0-255,66,160562,69,265034
1348,0.033716,74.125.68.0-255,5738,166300,69,265034
1349,0.033724,172.31.40.0-255,66,166366,69,265034
1350,0.035786,74.125.68.0-255,5738,172104,69,265034
1351,0.035794,172.31.40.0-255,66,172170,69,265034
1352,0.037827,74.125.68.0-255,5738,177908,69,265034
1353,0.037832,172.31.40.0-255,66,177974,69,265034
1354,0.039902,74.125.68.0-255,5738,183712,69,265034
1355,0.03991,172.31.40.0-255,66,183778,69,265034
1356,0.041952,74.125.68.0-255,5738,189516,69,265034
1357,0.041959,172.31.40.0-255,66,189582,69,265034
1358,0.043989,74.125.68.0-255,5738,195320,69,265034
1359,0.043997,172.31.40.0-255,66,195386,69,265034
1360,0.046038,74.125.68.0-255,5738,201124,69,265034
1361,0.046044,172.31.40.0-255,66,201190,69,265034
1362,0.048078,74.125.68.0-255,5738,206928,69,265034
1363,0.048084,172.31.40.0-255,66,206994,69,265034
1364,0.050119,74.125.68.0-255,5738,212732,69,265034
1365,0.050126,172.31.40.0-255,66,212798,69,265034
1366,0.052165,74.125.68.0-255,5738,218536,69,265034
1367,0.052173,172.31.40.0-255,66,218602,69,265034
1368,0.054217,74.125.68.0-255,5738,224340,69,265034
1369,0.054225,172.31.40.0-255,66,224406,69,265034
1370,0.056264,74.125.68.0-255,5738,230144,69,265034
1371,0.05627,172.31.40.0-255,66,230210,69,265034
1372,0.058305,74.125.68.0-255,5738,235948,69,265034
1373,0.058312,172.31.40.0-255,66,236014,69,265034
1374,0.060347,74.125.68.0-255,5738,241752,69,265034
1375,0.060357,172.31.40.0-255,66,241818,69,265034
1376,0.062392,74.125.68.0-255,5738,247556,69,265034
1377,0.062399,172.31.40.0-255,66,247622,69,265034
1378,0.064449,74.125.68.0-255,5738,253360,69,265034
1379,0.064456,172.31.40.0-255,66,253426,69,265034
1380,0.066508,74.125.68.0-255,5738,259164,69,265034
1381,0.066525,172.31.40.0-255,66,259230,69,265034
1382,0.068579,74.125.68.0-255,5738,264968,69,265034
1383,0.068598,172.31.40.0-255,66,265034,69,265034
1384,0.0,74.125.68.0-255,145,145,69,319016
1385,2.7e-05,172.31.40.0-255,66,211,69,319016
1386,3.3e-05,74.125.68.0-255,1484,1695,69,319016
1387,3.7e-05,172.31.40.0-255,66,1761,69,319016
1388,6.2e-05,74.125.68.0-255,2902,4663,69,319016
1389,6.5e-05,172.31.40.0-255,66,4729,69,319016
1390,7e-05,74.125.68.0-255,4320,9049,69,319016
1391,7.4e-05,172.31.40.0-255,66,9115,69,319016
1392,8.4e-05,74.125.68.0-255,1484,10599,69,319016
1393,8.7e-05,172.31.40.0-255,66,10665,69,319016
1394,9.2e-05,74.125.68.0-255,2902,13567,69,319016
1395,9.4e-05,172.31.40.0-255,66,13633,69,319016
1396,0.000111,74.125.68.0-255,681,14314,69,319016
1397,0.000113,172.31.40.0-255,66,14380,69,319016
1398,0.000252,74.125.68.0-255,1484,15864,69,319016
1399,0.000256,172.31.40.0-255,66,15930,69,319016
1400,0.000261,74.125.68.0-255,2902,18832,69,319016
1401,0.000263,172.31.40.0-255,66,18898,69,319016
1402,0.000282,74.125.68.0-255,2902,21800,69,319016
1403,0.000285,172.31.40.0-255,66,21866,69,319016
1404,0.000317,74.125.68.0-255,2902,24768,69,319016
1405,0.00032,172.31.40.0-255,66,24834,69,319016
1406,0.000331,74.125.68.0-255,1484,26318,69,319016
1407,0.000334,172.31.40.0-255,66,26384,69,319016
1408,0.000337,74.125.68.0-255,1484,27868,69,319016
1409,0.000339,172.31.40.0-255,66,27934,69,319016
1410,0.000344,74.125.68.0-255,2902,30836,69,319016
1411,0.000346,172.31.40.0-255,66,30902,69,319016
1412,0.00038,74.125.68.0-255,2543,33445,69,319016
1413,0.000384,172.31.40.0-255,66,33511,69,319016
1414,0.0004,74.125.68.0-255,2902,36413,69,319016
1415,0.000403,172.31.40.0-255,66,36479,69,319016
1416,0.00043,74.125.68.0-255,4320,40799,69,319016
1417,0.000434,172.31.40.0-255,66,40865,69,319016
1418,0.000454,74.125.68.0-255,2902,43767,69,319016
1419,0.000457,172.31.40.0-255,66,43833,69,319016
1420,0.000474,74.125.68.0-255,1484,45317,69,319016
1421,0.000492,74.125.68.0-255,3961,49278,69,319016
1422,0.000495,172.31.40.0-255,66,49344,69,319016
1423,0.000555,74.125.68.0-255,1484,50828,69,319016
1424,0.000561,74.125.68.0-255,2902,53730,69,319016
1425,0.000564,172.31.40.0-255,66,53796,69,319016
1426,0.000569,74.125.68.0-255,2902,56698,69,319016
1427,0.000571,172.31.40.0-255,66,56764,69,319016
1428,0.000588,74.125.68.0-255,2902,59666,69,319016
1429,0.00059,172.31.40.0-255,66,59732,69,319016
1430,0.000596,74.125.68.0-255,5738,65470,69,319016
1431,0.000598,172.31.40.0-255,66,65536,69,319016
1432,0.000632,74.125.68.0-255,1706,67242,69,319016
1433,0.000635,172.31.40.0-255,66,67308,69,319016
1434,0.000882,74.125.68.0-255,1484,68792,69,319016
1435,0.000899,74.125.68.0-255,2902,71694,69,319016
1436,0.000904,172.31.40.0-255,66,71760,69,319016
1437,0.000923,74.125.68.0-255,5738,77498,69,319016
1438,0.000926,172.31.40.0-255,66,77564,69,319016
1439,0.000944,74.125.68.0-255,4320,81884,69,319016
1440,0.000947,172.31.40.0-255,66,81950,69,319016
1441,0.000963,74.125.68.0-255,2902,84852,69,319016
1442,0.000967,172.31.40.0-255,66,84918,69,319016
1443,0.000978,172.31.40.0-255,66,84984,69,319016
1444,0.000992,74.125.68.0-255,2902,87886,69,319016
1445,0.000995,172.31.40.0-255,66,87952,69,319016
1446,0.001015,74.125.68.0-255,5020,92972,69,319016
1447,0.001018,172.31.40.0-255,66,93038,69,319016
1448,0.001224,74.125.68.0-255,1484,94522,69,319016
1449,0.001236,74.125.68.0-255,1484,96006,69,319016
1450,0.001239,172.31.40.0-255,66,96072,69,319016
1451,0.001254,74.125.68.0-255,1484,97556,69,319016
1452,0.001259,74.125.68.0-255,2902,100458,69,319016
1453,0.001261,172.31.40.0-255,66,100524,69,319016
1454,0.001281,74.125.68.0-255,1484,102008,69,319016
1455,0.001291,172.31.40.0-255,66,102074,69,319016
1456,0.001293,74.125.68.0-255,1484,103558,69,319016
1457,0.001309,74.125.68.0-255,5738,109296,69,319016
1458,0.001312,172.31.40.0-255,66,109362,69,319016
1459,0.001346,74.125.68.0-255,2902,112264,69,319016
1460,0.001348,172.31.40.0-255,66,112330,69,319016
1461,0.001362,74.125.68.0-255,5738,118068,69,319016
1462,0.001364,172.31.40.0-255,66,118134,69,319016
1463,0.001366,74.125.68.0-255,766,118900,69,319016
1464,0.002238,74.125.68.0-255,1484,120384,69,319016
1465,0.002241,172.31.40.0-255,66,120450,69,319016
1466,0.002255,74.125.68.0-255,2902,123352,69,319016
1467,0.002257,172.31.40.0-255,66,123418,69,319016
1468,0.002261,74.125.68.0-255,2902,126320,69,319016
1469,0.002263,172.31.40.0-255,66,126386,69,319016
1470,0.002288,74.125.68.0-255,4320,130706,69,319016
1471,0.002293,74.125.68.0-255,4320,135026,69,319016
1472,0.002312,74.125.68.0-255,4320,139346,69,319016
1473,0.002315,74.125.68.0-255,2902,142248,69,319016
1474,0.003347,172.31.40.0-255,66,142314,69,319016
1475,0.005629,74.125.68.0-255,5738,148052,69,319016
1476,0.005635,172.31.40.0-255,66,148118,69,319016
1477,0.007927,74.125.68.0-255,5738,153856,69,319016
1478,0.007934,172.31.40.0-255,66,153922,69,319016
1479,0.010228,74.125.68.0-255,5738,159660,69,319016
1480,0.010235,172.31.40.0-255,66,159726,69,319016
1481,0.012519,74.125.68.0-255,5738,165464,69,319016
1482,0.012544,172.31.40.0-255,66,165530,69,319016
1483,0.014838,74.125.68.0-255,5738,171268,69,319016
1484,0.014846,172.31.40.0-255,66,171334,69,319016
1485,0.01715,74.125.68.0-255,5738,177072,69,319016
1486,0.017162,172.31.40.0-255,66,177138,69,319016
1487,0.018439,172.31.40.0-255,167,177305,69,319016
1488,0.018479,172.31.40.0-255,1111,178416,69,319016
1489,0.018561,172.31.40.0-255,1514,179930,69,319016
1490,0.018563,172.31.40.0-255,1514,181444,69,319016
1491,0.018564,172.31.40.0-255,1514,182958,69,319016
1492,0.018565,172.31.40.0-255,1514,184472,69,319016
1493,0.018566,172.31.40.0-255,546,185018,69,319016
1494,0.019457,74.125.68.0-255,5738,190756,69,319016
1495,0.019462,172.31.40.0-255,66,190822,69,319016
1496,0.01997,104.244.42.0-255,66,190888,69,319016
1497,0.020062,104.244.42.0-255,66,190954,69,319016
1498,0.020148,104.244.42.0-255,66,191020,69,319016
1499,0.02015,104.244.42.0-255,66,191086,69,319016
1500,0.021628,104.244.42.0-255,108,191194,69,319016
1501,0.021647,172.31.40.0-255,66,191260,69,319016
1502,0.02175,74.125.68.0-255,2902,194162,69,319016
1503,0.021754,172.31.40.0-255,66,194228,69,319016
1504,0.021783,74.125.68.0-255,2902,197130,69,319016
1505,0.021786,172.31.40.0-255,66,197196,69,319016
1506,0.024029,74.125.68.0-255,2902,200098,69,319016
1507,0.024034,172.31.40.0-255,66,200164,69,319016
1508,0.024065,74.125.68.0-255,2902,203066,69,319016
1509,0.024068,172.31.40.0-255,66,203132,69,319016
1510,0.02632,74.125.68.0-255,2902,206034,69,319016
1511,0.026326,172.31.40.0-255,66,206100,69,319016
1512,0.026354,74.125.68.0-255,2902,209002,69,319016
1513,0.026356,172.31.40.0-255,66,209068,69,319016
1514,0.028609,74.125.68.0-255,2902,211970,69,319016
1515,0.028614,172.31.40.0-255,66,212036,69,319016
1516,0.028641,74.125.68.0-255,2902,214938,69,319016
1517,0.028644,172.31.40.0-255,66,215004,69,319016
1518,0.030897,74.125.68.0-255,2902,217906,69,319016
1519,0.030902,172.31.40.0-255,66,217972,69,319016
1520,0.030934,74.125.68.0-255,2902,220874,69,319016
1521,0.030937,172.31.40.0-255,66,220940,69,319016
1522,0.033183,74.125.68.0-255,2902,223842,69,319016
1523,0.033188,172.31.40.0-255,66,223908,69,319016
1524,0.033221,74.125.68.0-255,2902,226810,69,319016
1525,0.033224,172.31.40.0-255,66,226876,69,319016
1526,0.035472,74.125.68.0-255,2902,229778,69,319016
1527,0.035478,172.31.40.0-255,66,229844,69,319016
1528,0.035524,74.125.68.0-255,2902,232746,69,319016
1529,0.035528,172.31.40.0-255,66,232812,69,319016
1530,0.037769,74.125.68.0-255,2902,235714,69,319016
1531,0.037787,172.31.40.0-255,66,235780,69,319016
1532,0.037824,74.125.68.0-255,2902,238682,69,319016
1533,0.037827,172.31.40.0-255,66,238748,69,319016
1534,0.040096,74.125.68.0-255,2902,241650,69,319016
1535,0.040112,172.31.40.0-255,66,241716,69,319016
1536,0.040155,74.125.68.0-255,2902,244618,69,319016
1537,0.040158,172.31.40.0-255,66,244684,69,319016
1538,0.042421,74.125.68.0-255,2902,247586,69,319016
1539,0.042465,172.31.40.0-255,66,247652,69,319016
1540,0.042487,74.125.68.0-255,2902,250554,69,319016
1541,0.042491,172.31.40.0-255,66,250620,69,319016
1542,0.044753,74.125.68.0-255,2902,253522,69,319016
1543,0.04477,172.31.40.0-255,66,253588,69,319016
1544,0.04481,74.125.68.0-255,2902,256490,69,319016
1545,0.044813,172.31.40.0-255,66,256556,69,319016
1546,0.047062,74.125.68.0-255,2902,259458,69,319016
1547,0.047071,172.31.40.0-255,66,259524,69,319016
1548,0.047106,74.125.68.0-255,2902,262426,69,319016
1549,0.047108,172.31.40.0-255,66,262492,69,319016
1550,0.049352,74.125.68.0-255,2902,265394,69,319016
1551,0.049358,172.31.40.0-255,66,265460,69,319016
1552,0.049391,74.125.68.0-255,2902,268362,69,319016
1553,0.049394,172.31.40.0-255,66,268428,69,319016
1554,0.051638,74.125.68.0-255,2902,271330,69,319016
1555,0.051646,172.31.40.0-255,66,271396,69,319016
1556,0.051684,74.125.68.0-255,2902,274298,69,319016
1557,0.051687,172.31.40.0-255,66,274364,69,319016
1558,0.053925,74.125.68.0-255,2902,277266,69,319016
1559,0.053931,172.31.40.0-255,66,277332,69,319016
1560,0.053976,74.125.68.0-255,1484,278816,69,319016
1561,0.053992,74.125.68.0-255,1484,280300,69,319016
1562,0.053995,172.31.40.0-255,66,280366,69,319016
1563,0.056228,74.125.68.0-255,2902,283268,69,319016
1564,0.056234,172.31.40.0-255,66,283334,69,319016
1565,0.056282,74.125.68.0-255,2902,286236,69,319016
1566,0.056286,172.31.40.0-255,66,286302,69,319016
1567,0.058514,74.125.68.0-255,2902,289204,69,319016
1568,0.05852,172.31.40.0-255,66,289270,69,319016
1569,0.058558,74.125.68.0-255,2902,292172,69,319016
1570,0.058561,172.31.40.0-255,66,292238,69,319016
1571,0.060809,74.125.68.0-255,2902,295140,69,319016
1572,0.060815,172.31.40.0-255,66,295206,69,319016
1573,0.060845,74.125.68.0-255,2902,298108,69,319016
1574,0.060848,172.31.40.0-255,66,298174,69,319016
1575,0.063094,74.125.68.0-255,2902,301076,69,319016
1576,0.063099,172.31.40.0-255,66,301142,69,319016
1577,0.063132,74.125.68.0-255,2902,304044,69,319016
1578,0.063135,172.31.40.0-255,66,304110,69,319016
1579,0.06538,74.125.68.0-255,2902,307012,69,319016
1580,0.065385,172.31.40.0-255,66,307078,69,319016
1581,0.065453,74.125.68.0-255,2902,309980,69,319016
1582,0.06546,172.31.40.0-255,66,310046,69,319016
1583,0.067675,74.125.68.0-255,2902,312948,69,319016
1584,0.067682,172.31.40.0-255,66,313014,69,319016
1585,0.067727,74.125.68.0-255,1484,314498,69,319016
1586,0.067739,74.125.68.0-255,1484,315982,69,319016
1587,0.067743,172.31.40.0-255,66,316048,69,319016
1588,0.069964,74.125.68.0-255,2902,318950,69,319016
1589,0.06997,172.31.40.0-255,66,319016,69,319016
1590,0.0,172.253.118.0-255,152,152,69,312585
1591,1.6e-05,172.31.40.0-255,66,218,69,312585
1592,2.3e-05,172.253.118.0-255,1484,1702,69,312585
1593,2.7e-05,172.31.40.0-255,66,1768,69,312585
1594,3.2e-05,172.253.118.0-255,2902,4670,69,312585
1595,4.4e-05,172.31.40.0-255,66,4736,69,312585
1596,5e-05,172.253.118.0-255,4320,9056,69,312585
1597,5.3e-05,172.31.40.0-255,66,9122,69,312585
1598,8.6e-05,172.253.118.0-255,2902,12024,69,312585
1599,8.8e-05,172.31.40.0-255,66,12090,69,312585
1600,9.3e-05,172.253.118.0-255,2141,14231,69,312585
1601,9.6e-05,172.31.40.0-255,66,14297,69,312585
1602,0.000205,172.253.118.0-255,1484,15781,69,312585
1603,0.000209,172.31.40.0-255,66,15847,69,312585
1604,0.000215,172.253.118.0-255,2902,18749,69,312585
1605,0.000217,172.31.40.0-255,66,18815,69,312585
1606,0.000228,172.253.118.0-255,4320,23135,69,312585
1607,0.000231,172.31.40.0-255,66,23201,69,312585
1608,0.000266,172.253.118.0-255,7156,30357,69,312585
1609,0.000269,172.31.40.0-255,66,30423,69,312585
1610,0.000297,172.253.118.0-255,2543,32966,69,312585
1611,0.000299,172.31.40.0-255,66,33032,69,312585
1612,0.000303,172.253.118.0-255,2902,35934,69,312585
1613,0.000305,172.31.40.0-255,66,36000,69,312585
1614,0.000324,172.31.40.0-255,66,36066,69,312585
1615,0.000337,172.31.40.0-255,66,36132,69,312585
1616,0.000388,172.253.118.0-255,3892,40024,69,312585
1617,0.000391,172.31.40.0-255,66,40090,69,312585
1618,0.00045,172.253.118.0-255,1484,41574,69,312585
1619,0.000453,172.31.40.0-255,66,41640,69,312585
1620,0.00048,172.253.118.0-255,2902,44542,69,312585
1621,0.000487,172.253.118.0-255,5738,50280,69,312585
1622,0.000534,172.253.118.0-255,5120,55400,69,312585
1623,0.000586,172.31.40.0-255,66,55466,69,312585
1624,0.000819,172.253.118.0-255,1484,56950,69,312585
1625,0.000846,172.253.118.0-255,2902,59852,69,312585
1626,0.000853,172.253.118.0-255,5738,65590,69,312585
1627,0.000859,172.31.40.0-255,66,65656,69,312585
1628,0.000892,172.253.118.0-255,2902,68558,69,312585
1629,0.000898,172.253.118.0-255,5738,74296,69,312585
1630,0.000916,172.31.40.0-255,66,74362,69,312585
1631,0.000935,172.253.118.0-255,2902,77264,69,312585
1632,0.000949,172.253.118.0-255,2184,79448,69,312585
1633,0.000958,172.31.40.0-255,66,79514,69,312585
1634,0.001634,172.253.118.0-255,1484,80998,69,312585
1635,0.001647,172.253.118.0-255,1484,82482,69,312585
1636,0.001651,172.31.40.0-255,66,82548,69,312585
1637,0.001684,172.253.118.0-255,1484,84032,69,312585
1638,0.001691,172.253.118.0-255,5738,89770,69,312585
1639,0.001704,172.253.118.0-255,1484,91254,69,312585
1640,0.001716,172.31.40.0-255,66,91320,69,312585
1641,0.001748,172.253.118.0-255,1484,92804,69,312585
1642,0.001783,172.31.40.0-255,66,92870,69,312585
1643,0.001842,172.253.118.0-255,1484,94354,69,312585
1644,0.001847,172.253.118.0-255,2902,97256,69,312585
1645,0.00186,172.31.40.0-255,66,97322,69,312585
1646,0.001865,172.253.118.0-255,2902,100224,69,312585
1647,0.001869,172.31.40.0-255,66,100290,69,312585
1648,0.001889,172.253.118.0-255,2902,103192,69,312585
1649,0.001906,172.253.118.0-255,5738,108930,69,312585
1650,0.001933,172.31.40.0-255,66,108996,69,312585
1651,0.001943,172.253.118.0-255,1484,110480,69,312585
1652,0.001965,172.253.118.0-255,3602,114082,69,312585
1653,0.001971,172.253.118.0-255,5738,119820,69,312585
1654,0.001987,172.31.40.0-255,66,119886,69,312585
1655,0.001992,172.253.118.0-255,2902,122788,69,312585
1656,0.001998,172.31.40.0-255,66,122854,69,312585
1657,0.002042,172.253.118.0-255,4320,127174,69,312585
1658,0.002046,172.253.118.0-255,2902,130076,69,312585
1659,0.002052,172.31.40.0-255,66,130142,69,312585
1660,0.00407,172.253.118.0-255,5738,135880,69,312585
1661,0.004077,172.31.40.0-255,66,135946,69,312585
1662,0.006083,172.253.118.0-255,5738,141684,69,312585
1663,0.008335,172.31.40.0-255,66,141750,69,312585
1664,0.010369,172.253.118.0-255,5738,147488,69,312585
1665,0.010376,172.31.40.0-255,66,147554,69,312585
1666,0.012392,172.253.118.0-255,5738,153292,69,312585
1667,0.013184,172.31.40.0-255,66,153358,69,312585
1668,0.015186,172.253.118.0-255,5738,159096,69,312585
1669,0.015194,172.31.40.0-255,66,159162,69,312585
1670,0.017226,172.253.118.0-255,5738,164900,69,312585
1671,0.02085,172.31.40.0-255,66,164966,69,312585
1672,0.022881,172.253.118.0-255,5738,170704,69,312585
1673,0.022899,172.31.40.0-255,66,170770,69,312585
1674,0.024932,172.253.118.0-255,5738,176508,69,312585
1675,0.024939,172.31.40.0-255,66,176574,69,312585
1676,0.026978,172.253.118.0-255,5738,182312,69,312585
1677,0.026986,172.31.40.0-255,66,182378,69,312585
1678,0.028999,172.253.118.0-255,5738,188116,69,312585
1679,0.029006,172.31.40.0-255,66,188182,69,312585
1680,0.031011,172.253.118.0-255,5738,193920,69,312585
1681,0.031019,172.31.40.0-255,66,193986,69,312585
1682,0.033029,172.253.118.0-255,5738,199724,69,312585
1683,0.033036,172.31.40.0-255,66,199790,69,312585
1684,0.034448,172.31.40.0-255,172,199962,69,312585
1685,0.034482,172.31.40.0-255,1111,201073,69,312585
1686,0.034547,172.31.40.0-255,1514,202587,69,312585
1687,0.034549,172.31.40.0-255,1514,204101,69,312585
1688,0.03455,172.31.40.0-255,1514,205615,69,312585
1689,0.034551,172.31.40.0-255,1514,207129,69,312585
1690,0.034552,172.31.40.0-255,546,207675,69,312585
1691,0.035054,172.253.118.0-255,5738,213413,69,312585
1692,0.035061,172.31.40.0-255,66,213479,69,312585
1693,0.036058,104.244.42.0-255,66,213545,69,312585
1694,0.036086,104.244.42.0-255,66,213611,69,312585
1695,0.036139,104.244.42.0-255,66,213677,69,312585
1696,0.036152,104.244.42.0-255,66,213743,69,312585
1697,0.036758,104.244.42.0-255,108,213851,69,312585
1698,0.036765,172.31.40.0-255,66,213917,69,312585
1699,0.037068,172.253.118.0-255,5738,219655,69,312585
1700,0.037072,172.31.40.0-255,66,219721,69,312585
1701,0.039105,172.253.118.0-255,5738,225459,69,312585
1702,0.039111,172.31.40.0-255,66,225525,69,312585
1703,0.041164,172.253.118.0-255,5738,231263,69,312585
1704,0.041171,172.31.40.0-255,66,231329,69,312585
1705,0.043177,172.253.118.0-255,5738,237067,69,312585
1706,0.043183,172.31.40.0-255,66,237133,69,312585
1707,0.045207,172.253.118.0-255,5738,242871,69,312585
1708,0.045213,172.31.40.0-255,66,242937,69,312585
1709,0.047234,172.253.118.0-255,5738,248675,69,312585
1710,0.04724,172.31.40.0-255,66,248741,69,312585
1711,0.049242,172.253.118.0-255,5738,254479,69,312585
1712,0.049249,172.31.40.0-255,66,254545,69,312585
1713,0.051268,172.253.118.0-255,5738,260283,69,312585
1714,0.051274,172.31.40.0-255,66,260349,69,312585
1715,0.053286,172.253.118.0-255,5738,266087,69,312585
1716,0.053293,172.31.40.0-255,66,266153,69,312585
1717,0.055311,172.253.118.0-255,5738,271891,69,312585
1718,0.055319,172.31.40.0-255,66,271957,69,312585
1719,0.057322,172.253.118.0-255,5738,277695,69,312585
1720,0.057331,172.31.40.0-255,66,277761,69,312585
1721,0.05934,172.253.118.0-255,5738,283499,69,312585
1722,0.059346,172.31.40.0-255,66,283565,69,312585
1723,0.061374,172.253.118.0-255,5738,289303,69,312585
1724,0.061382,172.31.40.0-255,66,289369,69,312585
1725,0.063404,172.253.118.0-255,5738,295107,69,312585
1726,0.063411,172.31.40.0-255,66,295173,69,312585
1727,0.065442,172.253.118.0-255,5738,300911,69,312585
1728,0.065448,172.31.40.0-255,66,300977,69,312585
1729,0.067469,172.253.118.0-255,5738,306715,69,312585
1730,0.067475,172.31.40.0-255,66,306781,69,312585
1731,0.069491,172.253.118.0-255,5738,312519,69,312585
1732,0.069498,172.31.40.0-255,66,312585,69,312585
1733,0.0,172.217.194.0-255,146,146,69,329231
1734,1.6e-05,172.31.40.0-255,66,212,69,329231
1735,2.2e-05,172.217.194.0-255,1484,1696,69,329231
1736,2.6e-05,172.31.40.0-255,66,1762,69,329231
1737,3.1e-05,172.217.194.0-255,2902,4664,69,329231
1738,3.3e-05,172.31.40.0-255,66,4730,69,329231
1739,4.7e-05,172.217.194.0-255,5738,10468,69,329231
1740,5e-05,172.31.40.0-255,66,10534,69,329231
1741,8.2e-05,172.217.194.0-255,3449,13983,69,329231
1742,8.5e-05,172.31.40.0-255,66,14049,69,329231
1743,0.000286,172.217.194.0-255,1484,15533,69,329231
1744,0.000291,172.31.40.0-255,66,15599,69,329231
1745,0.000296,172.217.194.0-255,2902,18501,69,329231
1746,0.000298,172.31.40.0-255,66,18567,69,329231
1747,0.000339,172.217.194.0-255,5738,24305,69,329231
1748,0.000342,172.31.40.0-255,66,24371,69,329231
1749,0.000348,172.217.194.0-255,6797,31168,69,329231
1750,0.00035,172.31.40.0-255,66,31234,69,329231
1751,0.000422,172.217.194.0-255,1484,32718,69,329231
1752,0.000425,172.31.40.0-255,66,32784,69,329231
1753,0.00043,172.217.194.0-255,2902,35686,69,329231
1754,0.000431,172.31.40.0-255,66,35752,69,329231
1755,0.00046,172.217.194.0-255,5738,41490,69,329231
1756,0.000463,172.31.40.0-255,66,41556,69,329231
1757,0.000466,172.217.194.0-255,1484,43040,69,329231
1758,0.000467,172.31.40.0-255,66,43106,69,329231
1759,0.0005,172.31.40.0-255,66,43172,69,329231
1760,0.000525,172.217.194.0-255,4320,47492,69,329231
1761,0.000528,172.31.40.0-255,66,47558,69,329231
1762,0.000551,172.217.194.0-255,2902,50460,69,329231
1763,0.000553,172.31.40.0-255,66,50526,69,329231
1764,0.000557,172.217.194.0-255,2817,53343,69,329231
1765,0.000559,172.31.40.0-255,66,53409,69,329231
1766,0.000584,172.217.194.0-255,118,53527,69,329231
1767,0.000586,172.31.40.0-255,66,53593,69,329231
1768,0.00066,172.217.194.0-255,381,53974,69,329231
1769,0.000663,172.31.40.0-255,66,54040,69,329231
1770,0.000996,172.217.194.0-255,1484,55524,69,329231
1771,0.001,172.31.40.0-255,66,55590,69,329231
1772,0.001005,172.217.194.0-255,2902,58492,69,329231
1773,0.001007,172.31.40.0-255,66,58558,69,329231
1774,0.001012,172.217.194.0-255,4320,62878,69,329231
1775,0.001013,172.31.40.0-255,66,62944,69,329231
1776,0.00105,172.217.194.0-255,1484,64428,69,329231
1777,0.001052,172.31.40.0-255,66,64494,69,329231
1778,0.001066,172.31.40.0-255,66,64560,69,329231
1779,0.001097,172.217.194.0-255,7156,71716,69,329231
1780,0.001099,172.31.40.0-255,66,71782,69,329231
1781,0.001122,172.217.194.0-255,2902,74684,69,329231
1782,0.001124,172.31.40.0-255,66,74750,69,329231
1783,0.001126,172.217.194.0-255,766,75516,69,329231
1784,0.001128,172.31.40.0-255,66,75582,69,329231
1785,0.001343,172.217.194.0-255,1484,77066,69,329231
1786,0.001346,172.31.40.0-255,66,77132,69,329231
1787,0.001351,172.217.194.0-255,2902,80034,69,329231
1788,0.001353,172.31.40.0-255,66,80100,69,329231
1789,0.001372,172.217.194.0-255,4320,84420,69,329231
1790,0.001373,172.31.40.0-255,66,84486,69,329231
1791,0.001391,172.217.194.0-255,1484,85970,69,329231
1792,0.001393,172.31.40.0-255,66,86036,69,329231
1793,0.001399,172.217.194.0-255,5738,91774,69,329231
1794,0.001401,172.31.40.0-255,66,91840,69,329231
1795,0.001427,172.217.194.0-255,7156,98996,69,329231
1796,0.001429,172.31.40.0-255,66,99062,69,329231
1797,0.001448,172.217.194.0-255,4320,103382,69,329231
1798,0.001474,172.217.194.0-255,6438,109820,69,329231
1799,0.001477,172.31.40.0-255,66,109886,69,329231
1800,0.001481,172.31.40.0-255,66,109952,69,329231
1801,0.001973,172.217.194.0-255,1484,111436,69,329231
1802,0.001978,172.31.40.0-255,66,111502,69,329231
1803,0.001986,172.217.194.0-255,2902,114404,69,329231
1804,0.001988,172.31.40.0-255,66,114470,69,329231
1805,0.001998,172.217.194.0-255,5738,120208,69,329231
1806,0.002041,172.217.194.0-255,1484,121692,69,329231
1807,0.002086,172.217.194.0-255,7156,128848,69,329231
1808,0.002106,172.217.194.0-255,3602,132450,69,329231
1809,0.002143,172.217.194.0-255,1484,133934,69,329231
1810,0.002147,172.217.194.0-255,2902,136836,69,329231
1811,0.002163,172.217.194.0-255,1484,138320,69,329231
1812,0.002178,172.217.194.0-255,2902,141222,69,329231
1813,0.00218,172.217.194.0-255,1484,142706,69,329231
1814,0.002201,172.217.194.0-255,4320,147026,69,329231
1815,0.002215,172.217.194.0-255,4320,151346,69,329231
1816,0.002233,172.217.194.0-255,7156,158502,69,329231
1817,0.002266,172.217.194.0-255,5738,164240,69,329231
1818,0.002276,172.217.194.0-255,2184,166424,69,329231
1819,0.002634,172.217.194.0-255,1484,167908,69,329231
1820,0.002641,172.217.194.0-255,2902,170810,69,329231
1821,0.002644,172.217.194.0-255,1484,172294,69,329231
1822,0.002662,172.217.194.0-255,4320,176614,69,329231
1823,0.002673,172.217.194.0-255,2902,179516,69,329231
1824,0.002689,172.217.194.0-255,5738,185254,69,329231
1825,0.002698,172.217.194.0-255,1484,186738,69,329231
1826,0.002708,172.217.194.0-255,1484,188222,69,329231
1827,0.00272,172.217.194.0-255,2902,191124,69,329231
1828,0.002731,172.217.194.0-255,2902,194026,69,329231
1829,0.006397,172.31.40.0-255,66,194092,69,329231
1830,0.009078,172.217.194.0-255,4320,198412,69,329231
1831,0.009084,172.31.40.0-255,66,198478,69,329231
1832,0.009111,172.217.194.0-255,1484,199962,69,329231
1833,0.011777,172.217.194.0-255,4320,204282,69,329231
1834,0.015296,172.31.40.0-255,66,204348,69,329231
1835,0.017966,172.217.194.0-255,5738,210086,69,329231
1836,0.017978,172.31.40.0-255,66,210152,69,329231
1837,0.020679,172.217.194.0-255,5738,215890,69,329231
1838,0.020687,172.31.40.0-255,66,215956,69,329231
1839,0.023352,172.217.194.0-255,5738,221694,69,329231
1840,0.023359,172.31.40.0-255,66,221760,69,329231
1841,0.024875,172.31.40.0-255,167,221927,69,329231
1842,0.024903,172.31.40.0-255,1116,223043,69,329231
1843,0.024955,172.31.40.0-255,1514,224557,69,329231
1844,0.024957,172.31.40.0-255,1514,226071,69,329231
1845,0.024958,172.31.40.0-255,1514,227585,69,329231
1846,0.024959,172.31.40.0-255,1514,229099,69,329231
1847,0.02496,172.31.40.0-255,540,229639,69,329231
1848,0.026035,172.217.194.0-255,5738,235377,69,329231
1849,0.026042,172.31.40.0-255,66,235443,69,329231
1850,0.026434,104.244.42.0-255,66,235509,69,329231
1851,0.026477,104.244.42.0-255,66,235575,69,329231
1852,0.026531,104.244.42.0-255,66,235641,69,329231
1853,0.026544,104.244.42.0-255,66,235707,69,329231
1854,0.0287,172.217.194.0-255,5738,241445,69,329231
1855,0.028705,172.31.40.0-255,66,241511,69,329231
1856,0.031364,172.217.194.0-255,5738,247249,69,329231
1857,0.031369,172.31.40.0-255,66,247315,69,329231
1858,0.034032,172.217.194.0-255,5738,253053,69,329231
1859,0.034039,172.31.40.0-255,66,253119,69,329231
1860,0.036693,172.217.194.0-255,5738,258857,69,329231
1861,0.0367,172.31.40.0-255,66,258923,69,329231
1862,0.039357,172.217.194.0-255,5738,264661,69,329231
1863,0.039363,172.31.40.0-255,66,264727,69,329231
1864,0.042045,172.217.194.0-255,5738,270465,69,329231
1865,0.042051,172.31.40.0-255,66,270531,69,329231
1866,0.044731,172.217.194.0-255,5738,276269,69,329231
1867,0.044737,172.31.40.0-255,66,276335,69,329231
1868,0.047382,172.217.194.0-255,5738,282073,69,329231
1869,0.047391,172.31.40.0-255,66,282139,69,329231
1870,0.05007,172.217.194.0-255,5738,287877,69,329231
1871,0.050076,172.31.40.0-255,66,287943,69,329231
1872,0.052754,172.217.194.0-255,5738,293681,69,329231
1873,0.052762,172.31.40.0-255,66,293747,69,329231
1874,0.05544,172.217.194.0-255,5738,299485,69,329231
1875,0.055447,172.31.40.0-255,66,299551,69,329231
1876,0.058113,172.217.194.0-255,2902,302453,69,329231
1877,0.05812,172.31.40.0-255,66,302519,69,329231
1878,0.058149,172.217.194.0-255,2902,305421,69,329231
1879,0.058153,172.31.40.0-255,66,305487,69,329231
1880,0.060797,172.217.194.0-255,2902,308389,69,329231
1881,0.060803,172.31.40.0-255,66,308455,69,329231
1882,0.060829,172.217.194.0-255,2902,311357,69,329231
1883,0.060832,172.31.40.0-255,66,311423,69,329231
1884,0.063489,172.217.194.0-255,2902,314325,69,329231
1885,0.063494,172.31.40.0-255,66,314391,69,329231
1886,0.063552,172.217.194.0-255,2902,317293,69,329231
1887,0.063554,172.31.40.0-255,66,317359,69,329231
1888,0.066184,172.217.194.0-255,2902,320261,69,329231
1889,0.06619,172.31.40.0-255,66,320327,69,329231
1890,0.066218,172.217.194.0-255,2902,323229,69,329231
1891,0.066221,172.31.40.0-255,66,323295,69,329231
1892,0.06886,172.217.194.0-255,2902,326197,69,329231
1893,0.068867,172.31.40.0-255,66,326263,69,329231
1894,0.068902,172.217.194.0-255,2902,329165,69,329231
1895,0.068905,172.31.40.0-255,66,329231,69,329231
1896,0.0,74.125.24.0-255,153,153,69,233257
1897,1.8e-05,172.31.40.0-255,66,219,69,233257
1898,2.5e-05,74.125.24.0-255,1484,1703,69,233257
1899,2.9e-05,172.31.40.0-255,66,1769,69,233257
1900,3.3e-05,74.125.24.0-255,1484,3253,69,233257
1901,3.5e-05,172.31.40.0-255,66,3319,69,233257
1902,5.4e-05,74.125.24.0-255,1484,4803,69,233257
1903,5.6e-05,172.31.40.0-255,66,4869,69,233257
1904,6.3e-05,74.125.24.0-255,5738,10607,69,233257
1905,6.6e-05,172.31.40.0-255,66,10673,69,233257
1906,7.1e-05,74.125.24.0-255,6355,17028,69,233257
1907,7.4e-05,172.31.40.0-255,66,17094,69,233257
1908,9.3e-05,74.125.24.0-255,4320,21414,69,233257
1909,9.6e-05,172.31.40.0-255,66,21480,69,233257
1910,0.000131,172.31.40.0-255,66,21546,69,233257
1911,0.000135,74.125.24.0-255,2902,24448,69,233257
1912,0.000137,172.31.40.0-255,66,24514,69,233257
1913,0.000141,74.125.24.0-255,4320,28834,69,233257
1914,0.000143,172.31.40.0-255,66,28900,69,233257
1915,0.000146,74.125.24.0-255,1484,30384,69,233257
1916,0.000148,172.31.40.0-255,66,30450,69,233257
1917,0.000174,74.125.24.0-255,7156,37606,69,233257
1918,0.000176,172.31.40.0-255,66,37672,69,233257
1919,0.000178,74.125.24.0-255,1125,38797,69,233257
1920,0.00018,172.31.40.0-255,66,38863,69,233257
1921,0.000265,74.125.24.0-255,1484,40347,69,233257
1922,0.000267,172.31.40.0-255,66,40413,69,233257
1923,0.000272,74.125.24.0-255,2902,43315,69,233257
1924,0.000274,172.31.40.0-255,66,43381,69,233257
1925,0.000277,74.125.24.0-255,1484,44865,69,233257
1926,0.000278,172.31.40.0-255,66,44931,69,233257
1927,0.00031,74.125.24.0-255,4320,49251,69,233257
1928,0.000337,74.125.24.0-255,7090,56341,69,233257
1929,0.000469,172.31.40.0-255,66,56407,69,233257
1930,0.000527,74.125.24.0-255,134,56541,69,233257
1931,0.000531,74.125.24.0-255,346,56887,69,233257
1932,0.000782,74.125.24.0-255,1484,58371,69,233257
1933,0.000788,74.125.24.0-255,2902,61273,69,233257
1934,0.000793,172.31.40.0-255,66,61339,69,233257
1935,0.000802,74.125.24.0-255,1484,62823,69,233257
1936,0.000819,74.125.24.0-255,4320,67143,69,233257
1937,0.000829,172.31.40.0-255,66,67209,69,233257
1938,0.000841,74.125.24.0-255,7156,74365,69,233257
1939,0.000845,172.31.40.0-255,66,74431,69,233257
1940,0.000861,74.125.24.0-255,5738,80169,69,233257
1941,0.00089,172.31.40.0-255,66,80235,69,233257
1942,0.000915,74.125.24.0-255,1484,81719,69,233257
1943,0.00093,74.125.24.0-255,2902,84621,69,233257
1944,0.000942,172.31.40.0-255,66,84687,69,233257
1945,0.000947,74.125.24.0-255,4320,89007,69,233257
1946,0.000951,172.31.40.0-255,66,89073,69,233257
1947,0.000965,74.125.24.0-255,1484,90557,69,233257
1948,0.00097,74.125.24.0-255,4320,94877,69,233257
1949,0.000988,74.125.24.0-255,4320,99197,69,233257
1950,0.000992,172.31.40.0-255,66,99263,69,233257
1951,0.001023,74.125.24.0-255,7156,106419,69,233257
1952,0.001043,172.31.40.0-255,66,106485,69,233257
1953,0.001137,74.125.24.0-255,1484,107969,69,233257
1954,0.001153,74.125.24.0-255,2902,110871,69,233257
1955,0.001162,172.31.40.0-255,66,110937,69,233257
1956,0.001187,74.125.24.0-255,5738,116675,69,233257
1957,0.001195,172.31.40.0-255,66,116741,69,233257
1958,0.001202,74.125.24.0-255,1484,118225,69,233257
1959,0.001232,74.125.24.0-255,4320,122545,69,233257
1960,0.001245,74.125.24.0-255,1484,124029,69,233257
1961,0.00125,172.31.40.0-255,66,124095,69,233257
1962,0.001289,74.125.24.0-255,5020,129115,69,233257
1963,0.001303,172.31.40.0-255,66,129181,69,233257
1964,0.001323,74.125.24.0-255,1484,130665,69,233257
1965,0.001335,74.125.24.0-255,1484,132149,69,233257
1966,0.001341,172.31.40.0-255,66,132215,69,233257
1967,0.001351,74.125.24.0-255,1484,133699,69,233257
1968,0.001367,74.125.24.0-255,5738,139437,69,233257
1969,0.001375,74.125.24.0-255,7156,146593,69,233257
1970,0.001405,74.125.24.0-255,7156,153749,69,233257
1971,0.00141,172.31.40.0-255,66,153815,69,233257
1972,0.001446,74.125.24.0-255,7156,160971,69,233257
1973,0.001451,74.125.24.0-255,2184,163155,69,233257
1974,0.001499,172.31.40.0-255,66,163221,69,233257
1975,0.001665,74.125.24.0-255,1484,164705,69,233257
1976,0.001669,74.125.24.0-255,1484,166189,69,233257
1977,0.001676,172.31.40.0-255,66,166255,69,233257
1978,0.001685,74.125.24.0-255,1484,167739,69,233257
1979,0.001697,74.125.24.0-255,5738,173477,69,233257
1980,0.001709,74.125.24.0-255,2902,176379,69,233257
1981,0.001742,172.31.40.0-255,66,176445,69,233257
1982,0.001748,172.31.40.0-255,66,176511,69,233257
1983,0.001802,172.31.40.0-255,66,176577,69,233257
1984,0.001866,172.31.40.0-255,66,176643,69,233257
1985,0.001875,74.125.24.0-255,1484,178127,69,233257
1986,0.001922,172.31.40.0-255,66,178193,69,233257
1987,0.00197,172.31.40.0-255,66,178259,69,233257
1988,0.001981,74.125.24.0-255,2902,181161,69,233257
1989,0.002013,74.125.24.0-255,5738,186899,69,233257
1990,0.002029,172.31.40.0-255,66,186965,69,233257
1991,0.002078,172.31.40.0-255,66,187031,69,233257
1992,0.002092,74.125.24.0-255,5020,192051,69,233257
1993,0.002117,74.125.24.0-255,7156,199207,69,233257
1994,0.002124,172.31.40.0-255,66,199273,69,233257
1995,0.002131,74.125.24.0-255,1484,200757,69,233257
1996,0.002163,74.125.24.0-255,1484,202241,69,233257
1997,0.002246,172.31.40.0-255,66,202307,69,233257
1998,0.002267,74.125.24.0-255,4320,206627,69,233257
1999,0.002281,74.125.24.0-255,4320,210947,69,233257
2000,0.002284,172.31.40.0-255,66,211013,69,233257
2001,0.002294,74.125.24.0-255,3602,214615,69,233257
2002,0.002315,74.125.24.0-255,5738,220353,69,233257
2003,0.00233,74.125.24.0-255,3455,223808,69,233257
2004,0.002337,172.31.40.0-255,66,223874,69,233257
2005,0.002361,74.125.24.0-255,105,223979,69,233257
2006,0.009965,172.31.40.0-255,66,224045,69,233257
2007,0.010004,172.31.40.0-255,105,224150,69,233257
2008,0.01258,74.125.24.0-255,66,224216,69,233257
2009,0.033944,172.31.40.0-255,172,224388,69,233257
2010,0.03397,172.31.40.0-255,1114,225502,69,233257
2011,0.034047,172.31.40.0-255,1514,227016,69,233257
2012,0.034049,172.31.40.0-255,1514,228530,69,233257
2013,0.03405,172.31.40.0-255,1514,230044,69,233257
2014,0.034055,172.31.40.0-255,1514,231558,69,233257
2015,0.034056,172.31.40.0-255,1501,233059,69,233257
2016,0.035484,104.244.42.0-255,66,233125,69,233257
2017,0.035542,104.244.42.0-255,66,233191,69,233257
2018,0.035649,104.244.42.0-255,66,233257,69,233257
2019,0.0,74.125.24.0-255,146,146,69,295892
2020,1.5e-05,172.31.40.0-255,66,212,69,295892
2021,2.1e-05,74.125.24.0-255,1484,1696,69,295892
2022,2.5e-05,172.31.40.0-255,66,1762,69,295892
2023,3e-05,74.125.24.0-255,2902,4664,69,295892
2024,3.3e-05,172.31.40.0-255,66,4730,69,295892
2025,7e-05,74.125.24.0-255,7156,11886,69,295892
2026,7.4e-05,172.31.40.0-255,66,11952,69,295892
2027,7.8e-05,74.125.24.0-255,2076,14028,69,295892
2028,8e-05,172.31.40.0-255,66,14094,69,295892
2029,0.000151,74.125.24.0-255,1484,15578,69,295892
2030,0.000154,172.31.40.0-255,66,15644,69,295892
2031,0.000158,74.125.24.0-255,1484,17128,69,295892
2032,0.00016,172.31.40.0-255,66,17194,69,295892
2033,0.000173,74.125.24.0-255,1484,18678,69,295892
2034,0.000176,172.31.40.0-255,66,18744,69,295892
2035,0.000183,74.125.24.0-255,5738,24482,69,295892
2036,0.000186,172.31.40.0-255,66,24548,69,295892
2037,0.000215,172.31.40.0-255,66,24614,69,295892
2038,0.00022,74.125.24.0-255,2902,27516,69,295892
2039,0.000223,172.31.40.0-255,66,27582,69,295892
2040,0.000245,74.125.24.0-255,5738,33320,69,295892
2041,0.000248,172.31.40.0-255,66,33386,69,295892
2042,0.000279,74.125.24.0-255,6797,40183,69,295892
2043,0.000281,172.31.40.0-255,66,40249,69,295892
2044,0.000381,74.125.24.0-255,1484,41733,69,295892
2045,0.000385,172.31.40.0-255,66,41799,69,295892
2046,0.000389,74.125.24.0-255,1484,43283,69,295892
2047,0.000391,172.31.40.0-255,66,43349,69,295892
2048,0.000405,74.125.24.0-255,1484,44833,69,295892
2049,0.000408,172.31.40.0-255,66,44899,69,295892
2050,0.000414,74.125.24.0-255,5738,50637,69,295892
2051,0.000417,172.31.40.0-255,66,50703,69,295892
2052,0.000419,74.125.24.0-255,1484,52187,69,295892
2053,0.000458,74.125.24.0-255,5711,57898,69,295892
2054,0.000477,172.31.40.0-255,66,57964,69,295892
2055,0.000515,74.125.24.0-255,347,58311,69,295892
2056,0.000955,74.125.24.0-255,1484,59795,69,295892
2057,0.000961,74.125.24.0-255,2902,62697,69,295892
2058,0.000963,74.125.24.0-255,1484,64181,69,295892
2059,0.000968,172.31.40.0-255,66,64247,69,295892
2060,0.000988,74.125.24.0-255,4320,68567,69,295892
2061,0.000996,74.125.24.0-255,7156,75723,69,295892
2062,0.001005,172.31.40.0-255,66,75789,69,295892
2063,0.001017,74.125.24.0-255,5738,81527,69,295892
2064,0.001021,74.125.24.0-255,2902,84429,69,295892
2065,0.001025,172.31.40.0-255,66,84495,69,295892
2066,0.001059,172.31.40.0-255,66,84561,69,295892
2067,0.001852,74.125.24.0-255,1484,86045,69,295892
2068,0.00186,172.31.40.0-255,66,86111,69,295892
2069,0.001869,74.125.24.0-255,2902,89013,69,295892
2070,0.001901,74.125.24.0-255,5738,94751,69,295892
2071,0.001904,74.125.24.0-255,1484,96235,69,295892
2072,0.00191,74.125.24.0-255,5738,101973,69,295892
2073,0.001934,74.125.24.0-255,7156,109129,69,295892
2074,0.001955,74.125.24.0-255,2902,112031,69,295892
2075,0.001971,74.125.24.0-255,6438,118469,69,295892
2076,0.006152,172.31.40.0-255,66,118535,69,295892
2077,0.008246,74.125.24.0-255,5738,124273,69,295892
2078,0.008253,172.31.40.0-255,66,124339,69,295892
2079,0.01032,74.125.24.0-255,5738,130077,69,295892
2080,0.012938,172.31.40.0-255,66,130143,69,295892
2081,0.015012,74.125.24.0-255,5738,135881,69,295892
2082,0.015023,172.31.40.0-255,66,135947,69,295892
2083,0.017086,74.125.24.0-255,5738,141685,69,295892
2084,0.017093,172.31.40.0-255,66,141751,69,295892
2085,0.01916,74.125.24.0-255,5738,147489,69,295892
2086,0.019166,172.31.40.0-255,66,147555,69,295892
2087,0.02121,74.125.24.0-255,5738,153293,69,295892
2088,0.021218,172.31.40.0-255,66,153359,69,295892
2089,0.023325,74.125.24.0-255,5738,159097,69,295892
2090,0.023334,172.31.40.0-255,66,159163,69,295892
2091,0.025406,74.125.24.0-255,5738,164901,69,295892
2092,0.025414,172.31.40.0-255,66,164967,69,295892
2093,0.027458,74.125.24.0-255,5738,170705,69,295892
2094,0.027466,172.31.40.0-255,66,170771,69,295892
2095,0.029509,74.125.24.0-255,5738,176509,69,295892
2096,0.029517,172.31.40.0-255,66,176575,69,295892
2097,0.030703,172.31.40.0-255,172,176747,69,295892
2098,0.030737,172.31.40.0-255,1116,177863,69,295892
2099,0.030798,172.31.40.0-255,1514,179377,69,295892
2100,0.0308,172.31.40.0-255,1514,180891,69,295892
2101,0.030801,172.31.40.0-255,1514,182405,69,295892
2102,0.030802,172.31.40.0-255,1514,183919,69,295892
2103,0.030836,172.31.40.0-255,1499,185418,69,295892
2104,0.031569,74.125.24.0-255,5738,191156,69,295892
2105,0.031576,172.31.40.0-255,66,191222,69,295892
2106,0.032225,104.244.42.0-255,66,191288,69,295892
2107,0.03235,104.244.42.0-255,66,191354,69,295892
2108,0.03241,104.244.42.0-255,66,191420,69,295892
2109,0.0336,74.125.24.0-255,5738,197158,69,295892
2110,0.033607,172.31.40.0-255,66,197224,69,295892
2111,0.035661,74.125.24.0-255,5738,202962,69,295892
2112,0.035668,172.31.40.0-255,66,203028,69,295892
2113,0.037691,74.125.24.0-255,5738,208766,69,295892
2114,0.037697,172.31.40.0-255,66,208832,69,295892
2115,0.039727,74.125.24.0-255,5738,214570,69,295892
2116,0.039733,172.31.40.0-255,66,214636,69,295892
2117,0.041859,74.125.24.0-255,5738,220374,69,295892
2118,0.041868,172.31.40.0-255,66,220440,69,295892
2119,0.043919,74.125.24.0-255,5738,226178,69,295892
2120,0.043924,172.31.40.0-255,66,226244,69,295892
2121,0.046008,74.125.24.0-255,5738,231982,69,295892
2122,0.046015,172.31.40.0-255,66,232048,69,295892
2123,0.048104,74.125.24.0-255,5738,237786,69,295892
2124,0.04811,172.31.40.0-255,66,237852,69,295892
2125,0.050145,74.125.24.0-255,5738,243590,69,295892
2126,0.050155,172.31.40.0-255,66,243656,69,295892
2127,0.052204,74.125.24.0-255,5738,249394,69,295892
2128,0.05221,172.31.40.0-255,66,249460,69,295892
2129,0.054247,74.125.24.0-255,5738,255198,69,295892
2130,0.054254,172.31.40.0-255,66,255264,69,295892
2131,0.056336,74.125.24.0-255,5738,261002,69,295892
2132,0.056341,172.31.40.0-255,66,261068,69,295892
2133,0.058443,74.125.24.0-255,5738,266806,69,295892
2134,0.058449,172.31.40.0-255,66,266872,69,295892
2135,0.060492,74.125.24.0-255,5738,272610,69,295892
2136,0.060514,172.31.40.0-255,66,272676,69,295892
2137,0.062578,74.125.24.0-255,5738,278414,69,295892
2138,0.062584,172.31.40.0-255,66,278480,69,295892
2139,0.064646,74.125.24.0-255,5738,284218,69,295892
2140,0.064653,172.31.40.0-255,66,284284,69,295892
2141,0.066733,74.125.24.0-255,5738,290022,69,295892
2142,0.06674,172.31.40.0-255,66,290088,69,295892
2143,0.068825,74.125.24.0-255,5738,295826,69,295892
2144,0.068831,172.31.40.0-255,66,295892,69,295892
2145,0.0,74.125.200.0-255,153,153,69,327869
2146,1.2e-05,172.31.40.0-255,66,219,69,327869
2147,1.8e-05,74.125.200.0-255,1484,1703,69,327869
2148,2.3e-05,172.31.40.0-255,66,1769,69,327869
2149,2.6e-05,74.125.200.0-255,1484,3253,69,327869
2150,2.8e-05,172.31.40.0-255,66,3319,69,327869
2151,5.3e-05,74.125.200.0-255,1484,4803,69,327869
2152,5.5e-05,172.31.40.0-255,66,4869,69,327869
2153,6.3e-05,74.125.200.0-255,4320,9189,69,327869
2154,6.9e-05,172.31.40.0-255,66,9255,69,327869
2155,9.2e-05,74.125.200.0-255,2902,12157,69,327869
2156,9.4e-05,172.31.40.0-255,66,12223,69,327869
2157,0.000116,74.125.200.0-255,2039,14262,69,327869
2158,0.000118,172.31.40.0-255,66,14328,69,327869
2159,0.000123,74.125.200.0-255,2902,17230,69,327869
2160,0.000125,172.31.40.0-255,66,17296,69,327869
2161,0.000149,74.125.200.0-255,4320,21616,69,327869
2162,0.000152,172.31.40.0-255,66,21682,69,327869
2163,0.000182,74.125.200.0-255,2902,24584,69,327869
2164,0.000185,172.31.40.0-255,66,24650,69,327869
2165,0.000191,74.125.200.0-255,5738,30388,69,327869
2166,0.000193,172.31.40.0-255,66,30454,69,327869
2167,0.000215,74.125.200.0-255,1125,31579,69,327869
2168,0.000217,172.31.40.0-255,66,31645,69,327869
2169,0.000235,74.125.200.0-255,1484,33129,69,327869
2170,0.000237,172.31.40.0-255,66,33195,69,327869
2171,0.000239,74.125.200.0-255,1484,34679,69,327869
2172,0.000241,172.31.40.0-255,66,34745,69,327869
2173,0.000264,74.125.200.0-255,2902,37647,69,327869
2174,0.000269,172.31.40.0-255,66,37713,69,327869
2175,0.000276,74.125.200.0-255,7156,44869,69,327869
2176,0.000278,172.31.40.0-255,66,44935,69,327869
2177,0.000305,74.125.200.0-255,1484,46419,69,327869
2178,0.000319,74.125.200.0-255,2543,48962,69,327869
2179,0.000321,172.31.40.0-255,66,49028,69,327869
2180,0.000686,74.125.200.0-255,1484,50512,69,327869
2181,0.000702,74.125.200.0-255,2902,53414,69,327869
2182,0.000706,172.31.40.0-255,66,53480,69,327869
2183,0.00071,74.125.200.0-255,1484,54964,69,327869
2184,0.000736,74.125.200.0-255,4320,59284,69,327869
2185,0.00074,74.125.200.0-255,2902,62186,69,327869
2186,0.000743,172.31.40.0-255,66,62252,69,327869
2187,0.000746,172.31.40.0-255,66,62318,69,327869
2188,0.000817,74.125.200.0-255,1484,63802,69,327869
2189,0.000836,74.125.200.0-255,3122,66924,69,327869
2190,0.000839,172.31.40.0-255,66,66990,69,327869
2191,0.000912,74.125.200.0-255,1484,68474,69,327869
2192,0.000921,74.125.200.0-255,1484,69958,69,327869
2193,0.000924,172.31.40.0-255,66,70024,69,327869
2194,0.000953,74.125.200.0-255,1484,71508,69,327869
2195,0.000959,74.125.200.0-255,5738,77246,69,327869
2196,0.000961,172.31.40.0-255,66,77312,69,327869
2197,0.000966,74.125.200.0-255,4320,81632,69,327869
2198,0.000968,172.31.40.0-255,66,81698,69,327869
2199,0.000971,74.125.200.0-255,2543,84241,69,327869
2200,0.000973,172.31.40.0-255,66,84307,69,327869
2201,0.001015,74.125.200.0-255,2902,87209,69,327869
2202,0.001017,172.31.40.0-255,66,87275,69,327869
2203,0.001048,74.125.200.0-255,4320,91595,69,327869
2204,0.00105,172.31.40.0-255,66,91661,69,327869
2205,0.001057,74.125.200.0-255,7156,98817,69,327869
2206,0.001059,172.31.40.0-255,66,98883,69,327869
2207,0.001084,74.125.200.0-255,1484,100367,69,327869
2208,0.001087,74.125.200.0-255,1125,101492,69,327869
2209,0.001089,172.31.40.0-255,66,101558,69,327869
2210,0.001144,74.125.200.0-255,1484,103042,69,327869
2211,0.001162,74.125.200.0-255,2902,105944,69,327869
2212,0.001164,172.31.40.0-255,66,106010,69,327869
2213,0.001194,74.125.200.0-255,5738,111748,69,327869
2214,0.001196,172.31.40.0-255,66,111814,69,327869
2215,0.0012,74.125.200.0-255,2902,114716,69,327869
2216,0.001202,172.31.40.0-255,66,114782,69,327869
2217,0.001222,74.125.200.0-255,2902,117684,69,327869
2218,0.001224,172.31.40.0-255,66,117750,69,327869
2219,0.001258,74.125.200.0-255,4320,122070,69,327869
2220,0.001263,172.31.40.0-255,66,122136,69,327869
2221,0.001265,172.31.40.0-255,66,122202,69,327869
2222,0.001299,172.31.40.0-255,66,122268,69,327869
2223,0.001319,74.125.200.0-255,4320,126588,69,327869
2224,0.001321,172.31.40.0-255,66,126654,69,327869
2225,0.001327,74.125.200.0-255,5020,131674,69,327869
2226,0.001329,172.31.40.0-255,66,131740,69,327869
2227,0.00208,74.125.200.0-255,1484,133224,69,327869
2228,0.002091,74.125.200.0-255,2902,136126,69,327869
2229,0.002095,172.31.40.0-255,66,136192,69,327869
2230,0.0021,74.125.200.0-255,1484,137676,69,327869
2231,0.002127,74.125.200.0-255,4320,141996,69,327869
2232,0.002129,172.31.40.0-255,66,142062,69,327869
2233,0.002176,74.125.200.0-255,5738,147800,69,327869
2234,0.002179,172.31.40.0-255,66,147866,69,327869
2235,0.002188,74.125.200.0-255,7156,155022,69,327869
2236,0.00219,172.31.40.0-255,66,155088,69,327869
2237,0.002201,74.125.200.0-255,4320,159408,69,327869
2238,0.002203,172.31.40.0-255,66,159474,69,327869
2239,0.002258,74.125.200.0-255,5738,165212,69,327869
2240,0.002261,172.31.40.0-255,66,165278,69,327869
2241,0.002264,74.125.200.0-255,766,166044,69,327869
2242,0.004095,172.31.40.0-255,66,166110,69,327869
2243,0.004674,74.125.200.0-255,4320,170430,69,327869
2244,0.004679,172.31.40.0-255,66,170496,69,327869
2245,0.006531,74.125.200.0-255,1484,171980,69,327869
2246,0.007096,74.125.200.0-255,4320,176300,69,327869
2247,0.007101,172.31.40.0-255,66,176366,69,327869
2248,0.009594,74.125.200.0-255,5738,182104,69,327869
2249,0.009601,172.31.40.0-255,66,182170,69,327869
2250,0.012014,74.125.200.0-255,5738,187908,69,327869
2251,0.012022,172.31.40.0-255,66,187974,69,327869
2252,0.014437,74.125.200.0-255,5738,193712,69,327869
2253,0.014445,172.31.40.0-255,66,193778,69,327869
2254,0.016853,74.125.200.0-255,4320,198098,69,327869
2255,0.01686,172.31.40.0-255,66,198164,69,327869
2256,0.016887,74.125.200.0-255,1484,199648,69,327869
2257,0.019291,74.125.200.0-255,4320,203968,69,327869
2258,0.0193,172.31.40.0-255,66,204034,69,327869
2259,0.021748,74.125.200.0-255,4320,208354,69,327869
2260,0.021756,172.31.40.0-255,66,208420,69,327869
2261,0.021787,74.125.200.0-255,1484,209904,69,327869
2262,0.024172,74.125.200.0-255,4320,214224,69,327869
2263,0.024181,172.31.40.0-255,66,214290,69,327869
2264,0.026601,74.125.200.0-255,5738,220028,69,327869
2265,0.026609,172.31.40.0-255,66,220094,69,327869
2266,0.029039,74.125.200.0-255,5738,225832,69,327869
2267,0.029047,172.31.40.0-255,66,225898,69,327869
2268,0.029974,172.31.40.0-255,172,226070,69,327869
2269,0.030003,172.31.40.0-255,1116,227186,69,327869
2270,0.030074,172.31.40.0-255,1514,228700,69,327869
2271,0.030096,172.31.40.0-255,1514,230214,69,327869
2272,0.030101,172.31.40.0-255,1514,231728,69,327869
2273,0.030124,172.31.40.0-255,1514,233242,69,327869
2274,0.03013,172.31.40.0-255,1499,234741,69,327869
2275,0.031461,74.125.200.0-255,5738,240479,69,327869
2276,0.031467,172.31.40.0-255,66,240545,69,327869
2277,0.031662,104.244.42.0-255,66,240611,69,327869
2278,0.03169,104.244.42.0-255,66,240677,69,327869
2279,0.031769,104.244.42.0-255,66,240743,69,327869
2280,0.031807,104.244.42.0-255,66,240809,69,327869
2281,0.033897,74.125.200.0-255,5738,246547,69,327869
2282,0.033904,172.31.40.0-255,66,246613,69,327869
2283,0.036327,74.125.200.0-255,5738,252351,69,327869
2284,0.036334,172.31.40.0-255,66,252417,69,327869
2285,0.038777,74.125.200.0-255,5738,258155,69,327869
2286,0.038784,172.31.40.0-255,66,258221,69,327869
2287,0.041196,74.125.200.0-255,5738,263959,69,327869
2288,0.041203,172.31.40.0-255,66,264025,69,327869
2289,0.043628,74.125.200.0-255,5738,269763,69,327869
2290,0.043634,172.31.40.0-255,66,269829,69,327869
2291,0.046075,74.125.200.0-255,5738,275567,69,327869
2292,0.04608,172.31.40.0-255,66,275633,69,327869
2293,0.048506,74.125.200.0-255,5738,281371,69,327869
2294,0.048513,172.31.40.0-255,66,281437,69,327869
2295,0.050951,74.125.200.0-255,5738,287175,69,327869
2296,0.050956,172.31.40.0-255,66,287241,69,327869
2297,0.053398,74.125.200.0-255,5738,292979,69,327869
2298,0.053405,172.31.40.0-255,66,293045,69,327869
2299,0.055822,74.125.200.0-255,5738,298783,69,327869
2300,0.055828,172.31.40.0-255,66,298849,69,327869
2301,0.058263,74.125.200.0-255,5738,304587,69,327869
2302,0.058271,172.31.40.0-255,66,304653,69,327869
2303,0.060697,74.125.200.0-255,5738,310391,69,327869
2304,0.060708,172.31.40.0-255,66,310457,69,327869
2305,0.063126,74.125.200.0-255,5738,316195,69,327869
2306,0.063132,172.31.40.0-255,66,316261,69,327869
2307,0.065572,74.125.200.0-255,5738,321999,69,327869
2308,0.065579,172.31.40.0-255,66,322065,69,327869
2309,0.06801,74.125.200.0-255,5738,327803,69,327869
2310,0.068015,172.31.40.0-255,66,327869,69,327869
2311,0.0,172.217.194.0-255,152,152,69,233772
2312,2.2e-05,172.31.40.0-255,66,218,69,233772
2313,2.9e-05,172.217.194.0-255,1484,1702,69,233772
2314,3.3e-05,172.31.40.0-255,66,1768,69,233772
2315,4.9e-05,172.217.194.0-255,2902,4670,69,233772
2316,5.3e-05,172.31.40.0-255,66,4736,69,233772
2317,6e-05,172.217.194.0-255,7156,11892,69,233772
2318,6.3e-05,172.31.40.0-255,66,11958,69,233772
2319,0.00011,172.31.40.0-255,66,12024,69,233772
2320,0.000127,172.31.40.0-255,66,12090,69,233772
2321,0.000185,172.217.194.0-255,1484,13574,69,233772
2322,0.000188,172.31.40.0-255,66,13640,69,233772
2323,0.000218,172.217.194.0-255,2902,16542,69,233772
2324,0.000221,172.31.40.0-255,66,16608,69,233772
2325,0.000225,172.217.194.0-255,1484,18092,69,233772
2326,0.000227,172.31.40.0-255,66,18158,69,233772
2327,0.000247,172.217.194.0-255,4320,22478,69,233772
2328,0.000254,172.31.40.0-255,66,22544,69,233772
2329,0.000258,172.217.194.0-255,1484,24028,69,233772
2330,0.00026,172.31.40.0-255,66,24094,69,233772
2331,0.000277,172.217.194.0-255,5379,29473,69,233772
2332,0.00028,172.31.40.0-255,66,29539,69,233772
2333,0.000344,172.217.194.0-255,1484,31023,69,233772
2334,0.000348,172.31.40.0-255,66,31089,69,233772
2335,0.000353,172.217.194.0-255,2902,33991,69,233772
2336,0.000355,172.31.40.0-255,66,34057,69,233772
2337,0.000358,172.217.194.0-255,1484,35541,69,233772
2338,0.00036,172.31.40.0-255,66,35607,69,233772
2339,0.000396,172.217.194.0-255,4320,39927,69,233772
2340,0.000399,172.31.40.0-255,66,39993,69,233772
2341,0.000402,172.217.194.0-255,1484,41477,69,233772
2342,0.000425,172.217.194.0-255,5671,47148,69,233772
2343,0.000428,172.31.40.0-255,66,47214,69,233772
2344,0.000865,172.217.194.0-255,385,47599,69,233772
2345,0.00092,172.217.194.0-255,1484,49083,69,233772
2346,0.000925,172.31.40.0-255,66,49149,69,233772
2347,0.00093,172.217.194.0-255,2902,52051,69,233772
2348,0.000932,172.31.40.0-255,66,52117,69,233772
2349,0.000935,172.217.194.0-255,1484,53601,69,233772
2350,0.000957,172.217.194.0-255,4320,57921,69,233772
2351,0.000961,172.217.194.0-255,2902,60823,69,233772
2352,0.000971,172.31.40.0-255,66,60889,69,233772
2353,0.000974,172.31.40.0-255,66,60955,69,233772
2354,0.000999,172.31.40.0-255,66,61021,69,233772
2355,0.001032,172.31.40.0-255,66,61087,69,233772
2356,0.003319,172.217.194.0-255,5738,66825,69,233772
2357,0.003327,172.31.40.0-255,66,66891,69,233772
2358,0.005629,172.217.194.0-255,5738,72629,69,233772
2359,0.005636,172.31.40.0-255,66,72695,69,233772
2360,0.007945,172.217.194.0-255,5738,78433,69,233772
2361,0.007952,172.31.40.0-255,66,78499,69,233772
2362,0.010247,172.217.194.0-255,5738,84237,69,233772
2363,0.010255,172.31.40.0-255,66,84303,69,233772
2364,0.012554,172.217.194.0-255,5738,90041,69,233772
2365,0.012562,172.31.40.0-255,66,90107,69,233772
2366,0.014835,172.217.194.0-255,5738,95845,69,233772
2367,0.014842,172.31.40.0-255,66,95911,69,233772
2368,0.017132,172.217.194.0-255,5738,101649,69,233772
2369,0.017138,172.31.40.0-255,66,101715,69,233772
2370,0.019428,172.217.194.0-255,5738,107453,69,233772
2371,0.019434,172.31.40.0-255,66,107519,69,233772
2372,0.021732,172.217.194.0-255,5738,113257,69,233772
2373,0.021739,172.31.40.0-255,66,113323,69,233772
2374,0.024031,172.217.194.0-255,5738,119061,69,233772
2375,0.024038,172.31.40.0-255,66,119127,69,233772
2376,0.024241,172.31.40.0-255,172,119299,69,233772
2377,0.024269,172.31.40.0-255,1111,120410,69,233772
2378,0.02439,172.31.40.0-255,1514,121924,69,233772
2379,0.024392,172.31.40.0-255,1514,123438,69,233772
2380,0.024394,172.31.40.0-255,1514,124952,69,233772
2381,0.024395,172.31.40.0-255,1514,126466,69,233772
2382,0.024396,172.31.40.0-255,547,127013,69,233772
2383,0.02581,104.244.42.0-255,66,127079,69,233772
2384,0.025873,104.244.42.0-255,66,127145,69,233772
2385,0.026047,104.244.42.0-255,66,127211,69,233772
2386,0.026102,104.244.42.0-255,66,127277,69,233772
2387,0.026351,172.217.194.0-255,5738,133015,69,233772
2388,0.026357,172.31.40.0-255,66,133081,69,233772
2389,0.026778,104.244.42.0-255,108,133189,69,233772
2390,0.026787,172.31.40.0-255,66,133255,69,233772
2391,0.028652,172.217.194.0-255,4320,137575,69,233772
2392,0.028658,172.31.40.0-255,66,137641,69,233772
2393,0.028685,172.217.194.0-255,1484,139125,69,233772
2394,0.030945,172.217.194.0-255,2902,142027,69,233772
2395,0.030951,172.31.40.0-255,66,142093,69,233772
2396,0.033244,172.217.194.0-255,5738,147831,69,233772
2397,0.033251,172.31.40.0-255,66,147897,69,233772
2398,0.035533,172.217.194.0-255,5738,153635,69,233772
2399,0.03554,172.31.40.0-255,66,153701,69,233772
2400,0.037837,172.217.194.0-255,5738,159439,69,233772
2401,0.037844,172.31.40.0-255,66,159505,69,233772
2402,0.040134,172.217.194.0-255,5738,165243,69,233772
2403,0.040141,172.31.40.0-255,66,165309,69,233772
2404,0.042427,172.217.194.0-255,5738,171047,69,233772
2405,0.042434,172.31.40.0-255,66,171113,69,233772
2406,0.044708,172.217.194.0-255,4320,175433,69,233772
2407,0.044715,172.31.40.0-255,66,175499,69,233772
2408,0.044745,172.217.194.0-255,1484,176983,69,233772
2409,0.046996,172.217.194.0-255,4320,181303,69,233772
2410,0.047002,172.31.40.0-255,66,181369,69,233772
2411,0.049313,172.217.194.0-255,5738,187107,69,233772
2412,0.04932,172.31.40.0-255,66,187173,69,233772
2413,0.051617,172.217.194.0-255,5738,192911,69,233772
2414,0.051623,172.31.40.0-255,66,192977,69,233772
2415,0.053923,172.217.194.0-255,5738,198715,69,233772
2416,0.053929,172.31.40.0-255,66,198781,69,233772
2417,0.05624,172.217.194.0-255,5738,204519,69,233772
2418,0.056246,172.31.40.0-255,66,204585,69,233772
2419,0.058566,172.217.194.0-255,5738,210323,69,233772
2420,0.058573,172.31.40.0-255,66,210389,69,233772
2421,0.060873,172.217.194.0-255,5738,216127,69,233772
2422,0.060879,172.31.40.0-255,66,216193,69,233772
2423,0.063171,172.217.194.0-255,5738,221931,69,233772
2424,0.06319,172.31.40.0-255,66,221997,69,233772
2425,0.065524,172.217.194.0-255,5738,227735,69,233772
2426,0.065541,172.31.40.0-255,66,227801,69,233772
2427,0.067695,172.31.40.0-255,101,227902,69,233772
2428,0.067846,172.217.194.0-255,5738,233640,69,233772
2429,0.067855,172.31.40.0-255,66,233706,69,233772
2430,0.069964,172.217.194.0-255,66,233772,69,233772
2431,0.0,74.125.24.0-255,153,153,69,307931
2432,2.1e-05,172.31.40.0-255,66,219,69,307931
2433,2.9e-05,74.125.24.0-255,1484,1703,69,307931
2434,3.3e-05,172.31.40.0-255,66,1769,69,307931
2435,3.9e-05,74.125.24.0-255,2902,4671,69,307931
2436,4.3e-05,172.31.40.0-255,66,4737,69,307931
2437,5e-05,74.125.24.0-255,7156,11893,69,307931
2438,5.5e-05,172.31.40.0-255,66,11959,69,307931
2439,5.9e-05,74.125.24.0-255,2054,14013,69,307931
2440,6.3e-05,172.31.40.0-255,66,14079,69,307931
2441,0.000387,74.125.24.0-255,1484,15563,69,307931
2442,0.000393,172.31.40.0-255,66,15629,69,307931
2443,0.0004,74.125.24.0-255,2902,18531,69,307931
2444,0.000403,172.31.40.0-255,66,18597,69,307931
2445,0.000406,74.125.24.0-255,1484,20081,69,307931
2446,0.000408,172.31.40.0-255,66,20147,69,307931
2447,0.00044,74.125.24.0-255,4320,24467,69,307931
2448,0.000444,172.31.40.0-255,66,24533,69,307931
2449,0.000467,74.125.24.0-255,2902,27435,69,307931
2450,0.00047,172.31.40.0-255,66,27501,69,307931
2451,0.000491,74.125.24.0-255,3961,31462,69,307931
2452,0.000494,172.31.40.0-255,66,31528,69,307931
2453,0.00051,74.125.24.0-255,1484,33012,69,307931
2454,0.000512,172.31.40.0-255,66,33078,69,307931
2455,0.000518,74.125.24.0-255,2902,35980,69,307931
2456,0.00052,172.31.40.0-255,66,36046,69,307931
2457,0.000525,74.125.24.0-255,4320,40366,69,307931
2458,0.000527,172.31.40.0-255,66,40432,69,307931
2459,0.000545,74.125.24.0-255,1484,41916,69,307931
2460,0.000547,172.31.40.0-255,66,41982,69,307931
2461,0.000553,74.125.24.0-255,5738,47720,69,307931
2462,0.000556,172.31.40.0-255,66,47786,69,307931
2463,0.000589,172.31.40.0-255,66,47852,69,307931
2464,0.000642,172.31.40.0-255,66,47918,69,307931
2465,0.000754,74.125.24.0-255,116,48034,69,307931
2466,0.000775,74.125.24.0-255,1484,49518,69,307931
2467,0.000778,172.31.40.0-255,66,49584,69,307931
2468,0.000782,74.125.24.0-255,1484,51068,69,307931
2469,0.000794,74.125.24.0-255,1484,52552,69,307931
2470,0.000796,172.31.40.0-255,66,52618,69,307931
2471,0.000834,74.125.24.0-255,7156,59774,69,307931
2472,0.000837,172.31.40.0-255,66,59840,69,307931
2473,0.000843,74.125.24.0-255,5379,65219,69,307931
2474,0.000845,172.31.40.0-255,66,65285,69,307931
2475,0.000865,74.125.24.0-255,1484,66769,69,307931
2476,0.000908,172.31.40.0-255,66,66835,69,307931
2477,0.00093,74.125.24.0-255,2543,69378,69,307931
2478,0.000932,172.31.40.0-255,66,69444,69,307931
2479,0.001881,74.125.24.0-255,1484,70928,69,307931
2480,0.001891,74.125.24.0-255,2902,73830,69,307931
2481,0.001895,172.31.40.0-255,66,73896,69,307931
2482,0.001901,74.125.24.0-255,2902,76798,69,307931
2483,0.001903,172.31.40.0-255,66,76864,69,307931
2484,0.001921,74.125.24.0-255,2902,79766,69,307931
2485,0.001923,172.31.40.0-255,66,79832,69,307931
2486,0.00193,74.125.24.0-255,7156,86988,69,307931
2487,0.001932,172.31.40.0-255,66,87054,69,307931
2488,0.001963,74.125.24.0-255,5738,92792,69,307931
2489,0.001966,172.31.40.0-255,66,92858,69,307931
2490,0.001976,172.31.40.0-255,66,92924,69,307931
2491,0.001997,74.125.24.0-255,766,93690,69,307931
2492,0.002001,74.125.24.0-255,2902,96592,69,307931
2493,0.002003,172.31.40.0-255,66,96658,69,307931
2494,0.00203,172.31.40.0-255,66,96724,69,307931
2495,0.002042,172.31.40.0-255,66,96790,69,307931
2496,0.002082,74.125.24.0-255,4320,101110,69,307931
2497,0.002084,172.31.40.0-255,66,101176,69,307931
2498,0.002101,74.125.24.0-255,2902,104078,69,307931
2499,0.002103,172.31.40.0-255,66,104144,69,307931
2500,0.002116,74.125.24.0-255,1484,105628,69,307931
2501,0.002127,74.125.24.0-255,2902,108530,69,307931
2502,0.002128,172.31.40.0-255,66,108596,69,307931
2503,0.002141,74.125.24.0-255,2902,111498,69,307931
2504,0.002143,172.31.40.0-255,66,111564,69,307931
2505,0.002161,74.125.24.0-255,2902,114466,69,307931
2506,0.002163,172.31.40.0-255,66,114532,69,307931
2507,0.002177,74.125.24.0-255,4320,118852,69,307931
2508,0.002179,172.31.40.0-255,66,118918,69,307931
2509,0.002194,74.125.24.0-255,2184,121102,69,307931
2510,0.002196,172.31.40.0-255,66,121168,69,307931
2511,0.002201,74.125.24.0-255,5738,126906,69,307931
2512,0.002203,172.31.40.0-255,66,126972,69,307931
2513,0.002254,74.125.24.0-255,1484,128456,69,307931
2514,0.002257,74.125.24.0-255,2902,131358,69,307931
2515,0.002263,74.125.24.0-255,5738,137096,69,307931
2516,0.002275,74.125.24.0-255,1484,138580,69,307931
2517,0.002288,74.125.24.0-255,2902,141482,69,307931
2518,0.002307,74.125.24.0-255,6438,147920,69,307931
2519,0.007267,172.31.40.0-255,66,147986,69,307931
2520,0.009658,74.125.24.0-255,5738,153724,69,307931
2521,0.009666,172.31.40.0-255,66,153790,69,307931
2522,0.012064,74.125.24.0-255,5738,159528,69,307931
2523,0.012072,172.31.40.0-255,66,159594,69,307931
2524,0.014503,74.125.24.0-255,5738,165332,69,307931
2525,0.014514,172.31.40.0-255,66,165398,69,307931
2526,0.01689,74.125.24.0-255,5738,171136,69,307931
2527,0.016897,172.31.40.0-255,66,171202,69,307931
2528,0.019318,74.125.24.0-255,5738,176940,69,307931
2529,0.019326,172.31.40.0-255,66,177006,69,307931
2530,0.021731,74.125.24.0-255,5738,182744,69,307931
2531,0.021739,172.31.40.0-255,66,182810,69,307931
2532,0.024162,74.125.24.0-255,5738,188548,69,307931
2533,0.024171,172.31.40.0-255,66,188614,69,307931
2534,0.026578,74.125.24.0-255,5738,194352,69,307931
2535,0.026586,172.31.40.0-255,66,194418,69,307931
2536,0.028951,74.125.24.0-255,5738,200156,69,307931
2537,0.028959,172.31.40.0-255,66,200222,69,307931
2538,0.031353,74.125.24.0-255,5738,205960,69,307931
2539,0.031362,172.31.40.0-255,66,206026,69,307931
2540,0.033757,74.125.24.0-255,5738,211764,69,307931
2541,0.033764,172.31.40.0-255,66,211830,69,307931
2542,0.034487,172.31.40.0-255,172,212002,69,307931
2543,0.034516,172.31.40.0-255,1112,213114,69,307931
2544,0.034586,172.31.40.0-255,1514,214628,69,307931
2545,0.034588,172.31.40.0-255,1514,216142,69,307931
2546,0.034589,172.31.40.0-255,1514,217656,69,307931
2547,0.034594,172.31.40.0-255,1514,219170,69,307931
2548,0.034596,172.31.40.0-255,1503,220673,69,307931
2549,0.036133,74.125.24.0-255,5738,226411,69,307931
2550,0.03614,172.31.40.0-255,66,226477,69,307931
2551,0.036164,104.244.42.0-255,66,226543,69,307931
2552,0.036229,104.244.42.0-255,66,226609,69,307931
2553,0.036359,104.244.42.0-255,66,226675,69,307931
2554,0.038516,74.125.24.0-255,5738,232413,69,307931
2555,0.038524,172.31.40.0-255,66,232479,69,307931
2556,0.040923,74.125.24.0-255,5738,238217,69,307931
2557,0.040932,172.31.40.0-255,66,238283,69,307931
2558,0.043389,74.125.24.0-255,5738,244021,69,307931
2559,0.043397,172.31.40.0-255,66,244087,69,307931
2560,0.045776,74.125.24.0-255,5738,249825,69,307931
2561,0.045782,172.31.40.0-255,66,249891,69,307931
2562,0.048162,74.125.24.0-255,5738,255629,69,307931
2563,0.048167,172.31.40.0-255,66,255695,69,307931
2564,0.050545,74.125.24.0-255,5738,261433,69,307931
2565,0.050552,172.31.40.0-255,66,261499,69,307931
2566,0.052981,74.125.24.0-255,5738,267237,69,307931
2567,0.052988,172.31.40.0-255,66,267303,69,307931
2568,0.055428,74.125.24.0-255,5738,273041,69,307931
2569,0.055435,172.31.40.0-255,66,273107,69,307931
2570,0.057836,74.125.24.0-255,5738,278845,69,307931
2571,0.057842,172.31.40.0-255,66,278911,69,307931
2572,0.060227,74.125.24.0-255,5738,284649,69,307931
2573,0.060234,172.31.40.0-255,66,284715,69,307931
2574,0.062623,74.125.24.0-255,5738,290453,69,307931
2575,0.062628,172.31.40.0-255,66,290519,69,307931
2576,0.065046,74.125.24.0-255,5738,296257,69,307931
2577,0.065052,172.31.40.0-255,66,296323,69,307931
2578,0.067453,74.125.24.0-255,5738,302061,69,307931
2579,0.067459,172.31.40.0-255,66,302127,69,307931
2580,0.069861,74.125.24.0-255,5738,307865,69,307931
2581,0.069868,172.31.40.0-255,66,307931,69,307931
2582,0.0,172.217.194.0-255,151,151,69,231663
2583,2.4e-05,172.31.40.0-255,66,217,69,231663
2584,3.2e-05,172.217.194.0-255,1484,1701,69,231663
2585,3.6e-05,172.31.40.0-255,66,1767,69,231663
2586,4.2e-05,172.217.194.0-255,2902,4669,69,231663
2587,4.5e-05,172.31.40.0-255,66,4735,69,231663
2588,5.1e-05,172.217.194.0-255,4320,9055,69,231663
2589,5.4e-05,172.31.40.0-255,66,9121,69,231663
2590,7.5e-05,172.217.194.0-255,4320,13441,69,231663
2591,7.8e-05,172.31.40.0-255,66,13507,69,231663
2592,9.4e-05,172.217.194.0-255,657,14164,69,231663
2593,9.6e-05,172.31.40.0-255,66,14230,69,231663
2594,0.000119,172.217.194.0-255,1484,15714,69,231663
2595,0.000121,172.31.40.0-255,66,15780,69,231663
2596,0.000147,172.217.194.0-255,4320,20100,69,231663
2597,0.000149,172.31.40.0-255,66,20166,69,231663
2598,0.000152,172.217.194.0-255,1484,21650,69,231663
2599,0.000154,172.31.40.0-255,66,21716,69,231663
2600,0.000165,172.31.40.0-255,66,21782,69,231663
2601,0.000168,172.217.194.0-255,1125,22907,69,231663
2602,0.00017,172.31.40.0-255,66,22973,69,231663
2603,0.000264,172.217.194.0-255,1484,24457,69,231663
2604,0.000269,172.31.40.0-255,66,24523,69,231663
2605,0.000291,172.217.194.0-255,2902,27425,69,231663
2606,0.000294,172.31.40.0-255,66,27491,69,231663
2607,0.0003,172.217.194.0-255,5738,33229,69,231663
2608,0.000302,172.31.40.0-255,66,33295,69,231663
2609,0.000342,172.217.194.0-255,6797,40092,69,231663
2610,0.000346,172.31.40.0-255,66,40158,69,231663
2611,0.000512,172.217.194.0-255,1484,41642,69,231663
2612,0.000517,172.31.40.0-255,66,41708,69,231663
2613,0.000523,172.217.194.0-255,2902,44610,69,231663
2614,0.000525,172.31.40.0-255,66,44676,69,231663
2615,0.000532,172.217.194.0-255,5738,50414,69,231663
2616,0.000535,172.31.40.0-255,66,50480,69,231663
2617,0.000538,172.217.194.0-255,1484,51964,69,231663
2618,0.000568,172.217.194.0-255,4320,56284,69,231663
2619,0.000571,172.31.40.0-255,66,56350,69,231663
2620,0.0006,172.217.194.0-255,1706,58056,69,231663
2621,0.000603,172.31.40.0-255,66,58122,69,231663
2622,0.001688,172.217.194.0-255,1484,59606,69,231663
2623,0.001701,172.217.194.0-255,2902,62508,69,231663
2624,0.001705,172.31.40.0-255,66,62574,69,231663
2625,0.001714,172.217.194.0-255,5738,68312,69,231663
2626,0.001716,172.31.40.0-255,66,68378,69,231663
2627,0.001729,172.217.194.0-255,1484,69862,69,231663
2628,0.001772,172.31.40.0-255,66,69928,69,231663
2629,0.001775,172.217.194.0-255,1484,71412,69,231663
2630,0.001796,172.31.40.0-255,66,71478,69,231663
2631,0.004354,172.217.194.0-255,5738,77216,69,231663
2632,0.004359,172.31.40.0-255,66,77282,69,231663
2633,0.006995,172.217.194.0-255,5738,83020,69,231663
2634,0.007004,172.31.40.0-255,66,83086,69,231663
2635,0.009606,172.217.194.0-255,5738,88824,69,231663
2636,0.009618,172.31.40.0-255,66,88890,69,231663
2637,0.012218,172.217.194.0-255,5738,94628,69,231663
2638,0.012232,172.31.40.0-255,66,94694,69,231663
2639,0.014796,172.217.194.0-255,5738,100432,69,231663
2640,0.014813,172.31.40.0-255,66,100498,69,231663
2641,0.017395,172.217.194.0-255,5738,106236,69,231663
2642,0.017409,172.31.40.0-255,66,106302,69,231663
2643,0.020013,172.217.194.0-255,5738,112040,69,231663
2644,0.020029,172.31.40.0-255,66,112106,69,231663
2645,0.022628,172.217.194.0-255,5738,117844,69,231663
2646,0.022643,172.31.40.0-255,66,117910,69,231663
2647,0.025207,172.217.194.0-255,5738,123648,69,231663
2648,0.025219,172.31.40.0-255,66,123714,69,231663
2649,0.0278,172.217.194.0-255,5738,129452,69,231663
2650,0.02781,172.31.40.0-255,66,129518,69,231663
2651,0.03044,172.217.194.0-255,5738,135256,69,231663
2652,0.03045,172.31.40.0-255,66,135322,69,231663
2653,0.033024,172.217.194.0-255,5738,141060,69,231663
2654,0.033029,172.31.40.0-255,66,141126,69,231663
2655,0.033389,172.31.40.0-255,172,141298,69,231663
2656,0.033419,172.31.40.0-255,1116,142414,69,231663
2657,0.033486,172.31.40.0-255,1514,143928,69,231663
2658,0.033488,172.31.40.0-255,1514,145442,69,231663
2659,0.033489,172.31.40.0-255,1514,146956,69,231663
2660,0.03349,172.31.40.0-255,1514,148470,69,231663
2661,0.03352,172.31.40.0-255,1499,149969,69,231663
2662,0.034964,104.244.42.0-255,66,150035,69,231663
2663,0.035003,104.244.42.0-255,66,150101,69,231663
2664,0.035106,104.244.42.0-255,66,150167,69,231663
2665,0.035154,104.244.42.0-255,66,150233,69,231663
2666,0.035604,172.217.194.0-255,5738,155971,69,231663
2667,0.035611,172.31.40.0-255,66,156037,69,231663
2668,0.036097,104.244.42.0-255,108,156145,69,231663
2669,0.036104,172.31.40.0-255,66,156211,69,231663
2670,0.038231,172.217.194.0-255,5738,161949,69,231663
2671,0.038238,172.31.40.0-255,66,162015,69,231663
2672,0.040836,172.217.194.0-255,5738,167753,69,231663
2673,0.040853,172.31.40.0-255,66,167819,69,231663
2674,0.043425,172.217.194.0-255,5738,173557,69,231663
2675,0.043432,172.31.40.0-255,66,173623,69,231663
2676,0.045987,172.217.194.0-255,5738,179361,69,231663
2677,0.045994,172.31.40.0-255,66,179427,69,231663
2678,0.048566,172.217.194.0-255,5738,185165,69,231663
2679,0.048573,172.31.40.0-255,66,185231,69,231663
2680,0.051122,172.217.194.0-255,5738,190969,69,231663
2681,0.051129,172.31.40.0-255,66,191035,69,231663
2682,0.053715,172.217.194.0-255,5738,196773,69,231663
2683,0.053722,172.31.40.0-255,66,196839,69,231663
2684,0.056287,172.217.194.0-255,5738,202577,69,231663
2685,0.056296,172.31.40.0-255,66,202643,69,231663
2686,0.058911,172.217.194.0-255,5738,208381,69,231663
2687,0.058921,172.31.40.0-255,66,208447,69,231663
2688,0.061513,172.217.194.0-255,5738,214185,69,231663
2689,0.061521,172.31.40.0-255,66,214251,69,231663
2690,0.064099,172.217.194.0-255,5738,219989,69,231663
2691,0.064106,172.31.40.0-255,66,220055,69,231663
2692,0.066689,172.217.194.0-255,5738,225793,69,231663
2693,0.066698,172.31.40.0-255,66,225859,69,231663
2694,0.069263,172.217.194.0-255,5738,231597,69,231663
2695,0.069273,172.31.40.0-255,66,231663,69,231663
2696,0.0,74.125.24.0-255,153,153,69,274927
2697,2.6e-05,172.31.40.0-255,66,219,69,274927
2698,3.3e-05,74.125.24.0-255,1484,1703,69,274927
2699,3.8e-05,172.31.40.0-255,66,1769,69,274927
2700,5.2e-05,74.125.24.0-255,2902,4671,69,274927
2701,5.6e-05,172.31.40.0-255,66,4737,69,274927
2702,6.1e-05,74.125.24.0-255,2902,7639,69,274927
2703,6.3e-05,172.31.40.0-255,66,7705,69,274927
2704,8.7e-05,74.125.24.0-255,6307,14012,69,274927
2705,9.4e-05,172.31.40.0-255,66,14078,69,274927
2706,0.00023,74.125.24.0-255,1484,15562,69,274927
2707,0.000234,172.31.40.0-255,66,15628,69,274927
2708,0.00024,74.125.24.0-255,2902,18530,69,274927
2709,0.000242,172.31.40.0-255,66,18596,69,274927
2710,0.000249,74.125.24.0-255,5738,24334,69,274927
2711,0.000256,172.31.40.0-255,66,24400,69,274927
2712,0.000294,74.125.24.0-255,6797,31197,69,274927
2713,0.000296,172.31.40.0-255,66,31263,69,274927
2714,0.00044,74.125.24.0-255,1484,32747,69,274927
2715,0.000444,172.31.40.0-255,66,32813,69,274927
2716,0.00045,74.125.24.0-255,2902,35715,69,274927
2717,0.000452,172.31.40.0-255,66,35781,69,274927
2718,0.000456,74.125.24.0-255,2902,38683,69,274927
2719,0.000464,172.31.40.0-255,66,38749,69,274927
2720,0.000506,74.125.24.0-255,2902,41651,69,274927
2721,0.000509,172.31.40.0-255,66,41717,69,274927
2722,0.000526,172.31.40.0-255,66,41783,69,274927
2723,0.000538,172.31.40.0-255,66,41849,69,274927
2724,0.000543,74.125.24.0-255,3961,45810,69,274927
2725,0.000545,172.31.40.0-255,66,45876,69,274927
2726,0.000926,74.125.24.0-255,646,46522,69,274927
2727,0.00108,172.31.40.0-255,66,46588,69,274927
2728,0.001113,74.125.24.0-255,1484,48072,69,274927
2729,0.001129,74.125.24.0-255,2902,50974,69,274927
2730,0.001132,172.31.40.0-255,66,51040,69,274927
2731,0.001167,74.125.24.0-255,5738,56778,69,274927
2732,0.001169,172.31.40.0-255,66,56844,69,274927
2733,0.001175,74.125.24.0-255,5738,62582,69,274927
2734,0.001177,172.31.40.0-255,66,62648,69,274927
2735,0.001194,172.31.40.0-255,66,62714,69,274927
2736,0.0012,74.125.24.0-255,5020,67734,69,274927
2737,0.001202,172.31.40.0-255,66,67800,69,274927
2738,0.001755,74.125.24.0-255,1484,69284,69,274927
2739,0.001765,74.125.24.0-255,2902,72186,69,274927
2740,0.001769,172.31.40.0-255,66,72252,69,274927
2741,0.001777,74.125.24.0-255,5738,77990,69,274927
2742,0.001779,172.31.40.0-255,66,78056,69,274927
2743,0.001822,172.31.40.0-255,66,78122,69,274927
2744,0.001829,74.125.24.0-255,7156,85278,69,274927
2745,0.001831,172.31.40.0-255,66,85344,69,274927
2746,0.001863,74.125.24.0-255,3602,88946,69,274927
2747,0.001866,172.31.40.0-255,66,89012,69,274927
2748,0.00206,74.125.24.0-255,1484,90496,69,274927
2749,0.002067,74.125.24.0-255,2902,93398,69,274927
2750,0.002071,172.31.40.0-255,66,93464,69,274927
2751,0.002076,74.125.24.0-255,2902,96366,69,274927
2752,0.002079,172.31.40.0-255,66,96432,69,274927
2753,0.002102,74.125.24.0-255,2902,99334,69,274927
2754,0.002109,172.31.40.0-255,66,99400,69,274927
2755,0.002123,172.31.40.0-255,66,99466,69,274927
2756,0.00213,74.125.24.0-255,5738,105204,69,274927
2757,0.002132,172.31.40.0-255,66,105270,69,274927
2758,0.002165,74.125.24.0-255,4320,109590,69,274927
2759,0.002167,172.31.40.0-255,66,109656,69,274927
2760,0.00217,74.125.24.0-255,766,110422,69,274927
2761,0.004615,74.125.24.0-255,4320,114742,69,274927
2762,0.004623,172.31.40.0-255,66,114808,69,274927
2763,0.007078,74.125.24.0-255,5738,120546,69,274927
2764,0.007085,172.31.40.0-255,66,120612,69,274927
2765,0.009551,74.125.24.0-255,5738,126350,69,274927
2766,0.00956,172.31.40.0-255,66,126416,69,274927
2767,0.012008,74.125.24.0-255,5738,132154,69,274927
2768,0.012019,172.31.40.0-255,66,132220,69,274927
2769,0.01449,74.125.24.0-255,5738,137958,69,274927
2770,0.014504,172.31.40.0-255,66,138024,69,274927
2771,0.016948,74.125.24.0-255,5738,143762,69,274927
2772,0.016965,172.31.40.0-255,66,143828,69,274927
2773,0.019423,74.125.24.0-255,5738,149566,69,274927
2774,0.019433,172.31.40.0-255,66,149632,69,274927
2775,0.021898,74.125.24.0-255,5738,155370,69,274927
2776,0.021908,172.31.40.0-255,66,155436,69,274927
2777,0.024337,74.125.24.0-255,5738,161174,69,274927
2778,0.024345,172.31.40.0-255,66,161240,69,274927
2779,0.026828,74.125.24.0-255,5738,166978,69,274927
2780,0.026839,172.31.40.0-255,66,167044,69,274927
2781,0.029288,74.125.24.0-255,5738,172782,69,274927
2782,0.029298,172.31.40.0-255,66,172848,69,274927
2783,0.031748,74.125.24.0-255,5738,178586,69,274927
2784,0.03176,172.31.40.0-255,66,178652,69,274927
2785,0.033228,172.31.40.0-255,172,178824,69,274927
2786,0.033261,172.31.40.0-255,1112,179936,69,274927
2787,0.033326,172.31.40.0-255,1514,181450,69,274927
2788,0.033327,172.31.40.0-255,1514,182964,69,274927
2789,0.033329,172.31.40.0-255,1514,184478,69,274927
2790,0.033334,172.31.40.0-255,1514,185992,69,274927
2791,0.033335,172.31.40.0-255,1503,187495,69,274927
2792,0.034226,74.125.24.0-255,5738,193233,69,274927
2793,0.034234,172.31.40.0-255,66,193299,69,274927
2794,0.034876,104.244.42.0-255,66,193365,69,274927
2795,0.034923,104.244.42.0-255,66,193431,69,274927
2796,0.03502,104.244.42.0-255,66,193497,69,274927
2797,0.035667,104.244.42.0-255,108,193605,69,274927
2798,0.035677,172.31.40.0-255,66,193671,69,274927
2799,0.03669,74.125.24.0-255,5738,199409,69,274927
2800,0.036696,172.31.40.0-255,66,199475,69,274927
2801,0.039174,74.125.24.0-255,5738,205213,69,274927
2802,0.039184,172.31.40.0-255,66,205279,69,274927
2803,0.041622,74.125.24.0-255,5738,211017,69,274927
2804,0.041631,172.31.40.0-255,66,211083,69,274927
2805,0.044087,74.125.24.0-255,5738,216821,69,274927
2806,0.044094,172.31.40.0-255,66,216887,69,274927
2807,0.046566,74.125.24.0-255,5738,222625,69,274927
2808,0.046578,172.31.40.0-255,66,222691,69,274927
2809,0.04909,74.125.24.0-255,5738,228429,69,274927
2810,0.049097,172.31.40.0-255,66,228495,69,274927
2811,0.05155,74.125.24.0-255,5738,234233,69,274927
2812,0.051556,172.31.40.0-255,66,234299,69,274927
2813,0.054003,74.125.24.0-255,5738,240037,69,274927
2814,0.054012,172.31.40.0-255,66,240103,69,274927
2815,0.05644,74.125.24.0-255,5738,245841,69,274927
2816,0.056447,172.31.40.0-255,66,245907,69,274927
2817,0.058886,74.125.24.0-255,5738,251645,69,274927
2818,0.058895,172.31.40.0-255,66,251711,69,274927
2819,0.061349,74.125.24.0-255,5738,257449,69,274927
2820,0.06136,172.31.40.0-255,66,257515,69,274927
2821,0.063816,74.125.24.0-255,5738,263253,69,274927
2822,0.063827,172.31.40.0-255,66,263319,69,274927
2823,0.066311,74.125.24.0-255,5738,269057,69,274927
2824,0.066326,172.31.40.0-255,66,269123,69,274927
2825,0.068807,74.125.24.0-255,5738,274861,69,274927
2826,0.068815,172.31.40.0-255,66,274927,69,274927
2827,0.0,74.125.24.0-255,152,152,69,256567
2828,2.4e-05,172.31.40.0-255,66,218,69,256567
2829,3.1e-05,74.125.24.0-255,1484,1702,69,256567
2830,3.6e-05,172.31.40.0-255,66,1768,69,256567
2831,4.2e-05,74.125.24.0-255,2902,4670,69,256567
2832,4.6e-05,172.31.40.0-255,66,4736,69,256567
2833,4.9e-05,74.125.24.0-255,1484,6220,69,256567
2834,5.1e-05,172.31.40.0-255,66,6286,69,256567
2835,8.9e-05,74.125.24.0-255,5738,12024,69,256567
2836,9.1e-05,172.31.40.0-255,66,12090,69,256567
2837,0.000112,74.125.24.0-255,2128,14218,69,256567
2838,0.000114,172.31.40.0-255,66,14284,69,256567
2839,0.000128,74.125.24.0-255,2902,17186,69,256567
2840,0.000131,172.31.40.0-255,66,17252,69,256567
2841,0.000151,74.125.24.0-255,5738,22990,69,256567
2842,0.000154,172.31.40.0-255,66,23056,69,256567
2843,0.00019,74.125.24.0-255,4320,27376,69,256567
2844,0.000193,172.31.40.0-255,66,27442,69,256567
2845,0.000213,74.125.24.0-255,3961,31403,69,256567
2846,0.000215,172.31.40.0-255,66,31469,69,256567
2847,0.000283,74.125.24.0-255,1484,32953,69,256567
2848,0.000287,172.31.40.0-255,66,33019,69,256567
2849,0.00029,74.125.24.0-255,1484,34503,69,256567
2850,0.000292,172.31.40.0-255,66,34569,69,256567
2851,0.000316,74.125.24.0-255,1484,36053,69,256567
2852,0.000318,172.31.40.0-255,66,36119,69,256567
2853,0.000324,74.125.24.0-255,5738,41857,69,256567
2854,0.000327,172.31.40.0-255,66,41923,69,256567
2855,0.000344,74.125.24.0-255,4320,46243,69,256567
2856,0.000347,172.31.40.0-255,66,46309,69,256567
2857,0.00038,172.31.40.0-255,66,46375,69,256567
2858,0.000396,74.125.24.0-255,5738,52113,69,256567
2859,0.000399,172.31.40.0-255,66,52179,69,256567
2860,0.000418,74.125.24.0-255,3961,56140,69,256567
2861,0.000421,172.31.40.0-255,66,56206,69,256567
2862,0.000456,74.125.24.0-255,414,56620,69,256567
2863,0.000522,74.125.24.0-255,331,56951,69,256567
2864,0.000768,74.125.24.0-255,1484,58435,69,256567
2865,0.000773,172.31.40.0-255,66,58501,69,256567
2866,0.00078,74.125.24.0-255,2902,61403,69,256567
2867,0.000783,172.31.40.0-255,66,61469,69,256567
2868,0.000786,74.125.24.0-255,1484,62953,69,256567
2869,0.000801,74.125.24.0-255,1484,64437,69,256567
2870,0.000803,172.31.40.0-255,66,64503,69,256567
2871,0.000806,74.125.24.0-255,1484,65987,69,256567
2872,0.000829,74.125.24.0-255,5738,71725,69,256567
2873,0.000835,172.31.40.0-255,66,71791,69,256567
2874,0.000862,172.31.40.0-255,66,71857,69,256567
2875,0.000881,74.125.24.0-255,2902,74759,69,256567
2876,0.000885,172.31.40.0-255,66,74825,69,256567
2877,0.000925,74.125.24.0-255,5020,79845,69,256567
2878,0.000929,172.31.40.0-255,66,79911,69,256567
2879,0.001063,74.125.24.0-255,1484,81395,69,256567
2880,0.001067,74.125.24.0-255,1484,82879,69,256567
2881,0.00107,172.31.40.0-255,66,82945,69,256567
2882,0.001092,74.125.24.0-255,1484,84429,69,256567
2883,0.001099,74.125.24.0-255,5738,90167,69,256567
2884,0.001102,172.31.40.0-255,66,90233,69,256567
2885,0.001108,74.125.24.0-255,2902,93135,69,256567
2886,0.00111,172.31.40.0-255,66,93201,69,256567
2887,0.001155,172.31.40.0-255,66,93267,69,256567
2888,0.001167,172.31.40.0-255,66,93333,69,256567
2889,0.001187,74.125.24.0-255,766,94099,69,256567
2890,0.001203,74.125.24.0-255,1484,95583,69,256567
2891,0.001205,172.31.40.0-255,66,95649,69,256567
2892,0.001241,74.125.24.0-255,4320,99969,69,256567
2893,0.001244,172.31.40.0-255,66,100035,69,256567
2894,0.001251,74.125.24.0-255,5738,105773,69,256567
2895,0.001253,172.31.40.0-255,66,105839,69,256567
2896,0.00129,74.125.24.0-255,5738,111577,69,256567
2897,0.001293,172.31.40.0-255,66,111643,69,256567
2898,0.001323,74.125.24.0-255,5738,117381,69,256567
2899,0.001326,172.31.40.0-255,66,117447,69,256567
2900,0.001338,172.31.40.0-255,66,117513,69,256567
2901,0.001341,74.125.24.0-255,766,118279,69,256567
2902,0.001364,74.125.24.0-255,1484,119763,69,256567
2903,0.001366,172.31.40.0-255,66,119829,69,256567
2904,0.001383,74.125.24.0-255,4320,124149,69,256567
2905,0.001385,172.31.40.0-255,66,124215,69,256567
2906,0.001425,172.31.40.0-255,66,124281,69,256567
2907,0.001431,74.125.24.0-255,5738,130019,69,256567
2908,0.001434,172.31.40.0-255,66,130085,69,256567
2909,0.001465,172.31.40.0-255,66,130151,69,256567
2910,0.001469,74.125.24.0-255,2184,132335,69,256567
2911,0.001471,172.31.40.0-255,66,132401,69,256567
2912,0.002009,74.125.24.0-255,1484,133885,69,256567
2913,0.002029,74.125.24.0-255,2902,136787,69,256567
2914,0.002033,172.31.40.0-255,66,136853,69,256567
2915,0.002039,74.125.24.0-255,4320,141173,69,256567
2916,0.002041,172.31.40.0-255,66,141239,69,256567
2917,0.002054,74.125.24.0-255,1484,142723,69,256567
2918,0.00207,74.125.24.0-255,5738,148461,69,256567
2919,0.002073,172.31.40.0-255,66,148527,69,256567
2920,0.002097,74.125.24.0-255,7156,155683,69,256567
2921,0.0021,172.31.40.0-255,66,155749,69,256567
2922,0.002112,172.31.40.0-255,66,155815,69,256567
2923,0.002114,74.125.24.0-255,766,156581,69,256567
2924,0.002142,74.125.24.0-255,1484,158065,69,256567
2925,0.002144,172.31.40.0-255,66,158131,69,256567
2926,0.00215,74.125.24.0-255,4320,162451,69,256567
2927,0.002153,172.31.40.0-255,66,162517,69,256567
2928,0.002204,172.31.40.0-255,66,162583,69,256567
2929,0.002212,74.125.24.0-255,7156,169739,69,256567
2930,0.002214,172.31.40.0-255,66,169805,69,256567
2931,0.002237,172.31.40.0-255,66,169871,69,256567
2932,0.002241,74.125.24.0-255,2184,172055,69,256567
2933,0.002243,172.31.40.0-255,66,172121,69,256567
2934,0.00254,74.125.24.0-255,1484,173605,69,256567
2935,0.002568,74.125.24.0-255,2902,176507,69,256567
2936,0.002571,172.31.40.0-255,66,176573,69,256567
2937,0.002587,74.125.24.0-255,5738,182311,69,256567
2938,0.002589,172.31.40.0-255,66,182377,69,256567
2939,0.002624,172.31.40.0-255,66,182443,69,256567
2940,0.00263,74.125.24.0-255,5738,188181,69,256567
2941,0.002633,172.31.40.0-255,66,188247,69,256567
2942,0.002679,74.125.24.0-255,5020,193267,69,256567
2943,0.002682,172.31.40.0-255,66,193333,69,256567
2944,0.002768,74.125.24.0-255,1484,194817,69,256567
2945,0.002791,74.125.24.0-255,2902,197719,69,256567
2946,0.002794,172.31.40.0-255,66,197785,69,256567
2947,0.002801,74.125.24.0-255,5738,203523,69,256567
2948,0.002804,172.31.40.0-255,66,203589,69,256567
2949,0.002807,74.125.24.0-255,1484,205073,69,256567
2950,0.002834,74.125.24.0-255,5738,210811,69,256567
2951,0.002837,172.31.40.0-255,66,210877,69,256567
2952,0.002839,74.125.24.0-255,1484,212361,69,256567
2953,0.002851,172.31.40.0-255,66,212427,69,256567
2954,0.002856,74.125.24.0-255,4320,216747,69,256567
2955,0.002859,172.31.40.0-255,66,216813,69,256567
2956,0.002861,74.125.24.0-255,766,217579,69,256567
2957,0.002884,74.125.24.0-255,1484,219063,69,256567
2958,0.002886,172.31.40.0-255,66,219129,69,256567
2959,0.002902,74.125.24.0-255,4320,223449,69,256567
2960,0.002905,172.31.40.0-255,66,223515,69,256567
2961,0.002907,74.125.24.0-255,1484,224999,69,256567
2962,0.00291,74.125.24.0-255,1484,226483,69,256567
2963,0.002912,172.31.40.0-255,66,226549,69,256567
2964,0.002919,74.125.24.0-255,5738,232287,69,256567
2965,0.002921,172.31.40.0-255,66,232353,69,256567
2966,0.002961,74.125.24.0-255,2902,235255,69,256567
2967,0.002964,172.31.40.0-255,66,235321,69,256567
2968,0.002969,74.125.24.0-255,4320,239641,69,256567
2969,0.002972,172.31.40.0-255,66,239707,69,256567
2970,0.002984,172.31.40.0-255,66,239773,69,256567
2971,0.002987,74.125.24.0-255,766,240539,69,256567
2972,0.003033,172.31.40.0-255,66,240605,69,256567
2973,0.003044,172.31.40.0-255,66,240671,69,256567
2974,0.003062,74.125.24.0-255,1484,242155,69,256567
2975,0.003094,172.31.40.0-255,66,242221,69,256567
2976,0.003105,172.31.40.0-255,66,242287,69,256567
2977,0.003129,74.125.24.0-255,2902,245189,69,256567
2978,0.003132,172.31.40.0-255,66,245255,69,256567
2979,0.003136,74.125.24.0-255,1960,247215,69,256567
2980,0.003138,172.31.40.0-255,66,247281,69,256567
2981,0.003173,74.125.24.0-255,105,247386,69,256567
2982,0.003192,74.125.24.0-255,129,247515,69,256567
2983,0.013685,172.31.40.0-255,105,247620,69,256567
2984,0.013737,172.31.40.0-255,105,247725,69,256567
2985,0.013918,74.125.24.0-255,129,247854,69,256567
2986,0.01393,172.31.40.0-255,78,247932,69,256567
2987,0.01401,172.31.40.0-255,90,248022,69,256567
2988,0.014027,172.31.40.0-255,66,248088,69,256567
2989,0.016161,74.125.24.0-255,66,248154,69,256567
2990,0.016208,74.125.24.0-255,66,248220,69,256567
2991,0.016497,74.125.24.0-255,66,248286,69,256567
2992,0.016518,74.125.24.0-255,66,248352,69,256567
2993,0.016524,172.31.40.0-255,66,248418,69,256567
2994,0.037349,172.31.40.0-255,172,248590,69,256567
2995,0.037385,172.31.40.0-255,1111,249701,69,256567
2996,0.037453,172.31.40.0-255,1514,251215,69,256567
2997,0.037455,172.31.40.0-255,1514,252729,69,256567
2998,0.037457,172.31.40.0-255,1514,254243,69,256567
2999,0.037458,172.31.40.0-255,1514,255757,69,256567
3000,0.037459,172.31.40.0-255,546,256303,69,256567
3001,0.038902,104.244.42.0-255,66,256369,69,256567
3002,0.038978,104.244.42.0-255,66,256435,69,256567
3003,0.039045,104.244.42.0-255,66,256501,69,256567
3004,0.039068,104.244.42.0-255,66,256567,69,256567
3005,0.0,74.125.24.0-255,146,146,69,198772
3006,1.5e-05,172.31.40.0-255,66,212,69,198772
3007,2.2e-05,74.125.24.0-255,1484,1696,69,198772
3008,2.6e-05,172.31.40.0-255,66,1762,69,198772
3009,5.2e-05,74.125.24.0-255,2902,4664,69,198772
3010,5.9e-05,172.31.40.0-255,66,4730,69,198772
3011,0.000164,74.125.24.0-255,1484,6214,69,198772
3012,0.000167,172.31.40.0-255,66,6280,69,198772
3013,0.000196,74.125.24.0-255,5738,12018,69,198772
3014,0.0002,172.31.40.0-255,66,12084,69,198772
3015,0.000474,74.125.24.0-255,2075,14159,69,198772
3016,0.000478,172.31.40.0-255,66,14225,69,198772
3017,0.000566,74.125.24.0-255,5738,19963,69,198772
3018,0.00057,172.31.40.0-255,66,20029,69,198772
3019,0.000611,172.31.40.0-255,66,20095,69,198772
3020,0.001268,172.31.40.0-255,66,20161,69,198772
3021,0.001302,172.31.40.0-255,66,20227,69,198772
3022,0.002039,74.125.24.0-255,7156,27383,69,198772
3023,0.002045,172.31.40.0-255,66,27449,69,198772
3024,0.002085,172.31.40.0-255,66,27515,69,198772
3025,0.002783,74.125.24.0-255,1484,28999,69,198772
3026,0.002786,172.31.40.0-255,66,29065,69,198772
3027,0.002831,172.31.40.0-255,66,29131,69,198772
3028,0.003788,74.125.24.0-255,4320,33451,69,198772
3029,0.003791,172.31.40.0-255,66,33517,69,198772
3030,0.003805,74.125.24.0-255,7156,40673,69,198772
3031,0.003807,172.31.40.0-255,66,40739,69,198772
3032,0.005653,172.31.40.0-255,66,40805,69,198772
3033,0.008005,74.125.24.0-255,1484,42289,69,198772
3034,0.008026,74.125.24.0-255,4320,46609,69,198772
3035,0.008032,172.31.40.0-255,66,46675,69,198772
3036,0.01042,74.125.24.0-255,5738,52413,69,198772
3037,0.010429,172.31.40.0-255,66,52479,69,198772
3038,0.012821,74.125.24.0-255,5738,58217,69,198772
3039,0.012831,172.31.40.0-255,66,58283,69,198772
3040,0.015199,74.125.24.0-255,5738,64021,69,198772
3041,0.015208,172.31.40.0-255,66,64087,69,198772
3042,0.017568,74.125.24.0-255,5738,69825,69,198772
3043,0.017575,172.31.40.0-255,66,69891,69,198772
3044,0.019927,74.125.24.0-255,5738,75629,69,198772
3045,0.019934,172.31.40.0-255,66,75695,69,198772
3046,0.022296,74.125.24.0-255,5738,81433,69,198772
3047,0.022305,172.31.40.0-255,66,81499,69,198772
3048,0.024703,74.125.24.0-255,5738,87237,69,198772
3049,0.024711,172.31.40.0-255,66,87303,69,198772
3050,0.027086,74.125.24.0-255,5738,93041,69,198772
3051,0.027094,172.31.40.0-255,66,93107,69,198772
3052,0.028851,172.31.40.0-255,171,93278,69,198772
3053,0.028882,172.31.40.0-255,1140,94418,69,198772
3054,0.028948,172.31.40.0-255,1514,95932,69,198772
3055,0.02895,172.31.40.0-255,1514,97446,69,198772
3056,0.028955,172.31.40.0-255,1514,98960,69,198772
3057,0.028957,172.31.40.0-255,1514,100474,69,198772
3058,0.028977,172.31.40.0-255,322,100796,69,198772
3059,0.029469,74.125.24.0-255,5738,106534,69,198772
3060,0.029476,172.31.40.0-255,66,106600,69,198772
3061,0.030552,104.244.42.0-255,66,106666,69,198772
3062,0.030561,104.244.42.0-255,66,106732,69,198772
3063,0.030658,104.244.42.0-255,66,106798,69,198772
3064,0.030671,104.244.42.0-255,66,106864,69,198772
3065,0.032006,74.125.24.0-255,5738,112602,69,198772
3066,0.032013,172.31.40.0-255,66,112668,69,198772
3067,0.034421,74.125.24.0-255,4320,116988,69,198772
3068,0.034428,172.31.40.0-255,66,117054,69,198772
3069,0.034474,74.125.24.0-255,1484,118538,69,198772
3070,0.036812,74.125.24.0-255,4320,122858,69,198772
3071,0.036818,172.31.40.0-255,66,122924,69,198772
3072,0.039211,74.125.24.0-255,5738,128662,69,198772
3073,0.039261,172.31.40.0-255,66,128728,69,198772
3074,0.041653,74.125.24.0-255,5738,134466,69,198772
3075,0.041659,172.31.40.0-255,66,134532,69,198772
3076,0.044045,74.125.24.0-255,5738,140270,69,198772
3077,0.044052,172.31.40.0-255,66,140336,69,198772
3078,0.046486,74.125.24.0-255,5738,146074,69,198772
3079,0.046493,172.31.40.0-255,66,146140,69,198772
3080,0.048903,74.125.24.0-255,5738,151878,69,198772
3081,0.048909,172.31.40.0-255,66,151944,69,198772
3082,0.05136,74.125.24.0-255,5738,157682,69,198772
3083,0.051366,172.31.40.0-255,66,157748,69,198772
3084,0.053743,74.125.24.0-255,5738,163486,69,198772
3085,0.053751,172.31.40.0-255,66,163552,69,198772
3086,0.056163,74.125.24.0-255,5738,169290,69,198772
3087,0.056169,172.31.40.0-255,66,169356,69,198772
3088,0.05854,74.125.24.0-255,5738,175094,69,198772
3089,0.058546,172.31.40.0-255,66,175160,69,198772
3090,0.060905,74.125.24.0-255,5738,180898,69,198772
3091,0.060911,172.31.40.0-255,66,180964,69,198772
3092,0.063287,74.125.24.0-255,2902,183866,69,198772
3093,0.063294,172.31.40.0-255,66,183932,69,198772
3094,0.063324,74.125.24.0-255,2902,186834,69,198772
3095,0.063327,172.31.40.0-255,66,186900,69,198772
3096,0.065675,74.125.24.0-255,2902,189802,69,198772
3097,0.065682,172.31.40.0-255,66,189868,69,198772
3098,0.065714,74.125.24.0-255,2902,192770,69,198772
3099,0.065717,172.31.40.0-255,66,192836,69,198772
3100,0.06805,74.125.24.0-255,2902,195738,69,198772
3101,0.068056,172.31.40.0-255,66,195804,69,198772
3102,0.068091,74.125.24.0-255,2902,198706,69,198772
3103,0.068093,172.31.40.0-255,66,198772,69,198772
3104,0.0,172.217.194.0-255,152,152,69,155543
3105,2.2e-05,172.31.40.0-255,66,218,69,155543
3106,3e-05,172.217.194.0-255,1484,1702,69,155543
3107,3.4e-05,172.31.40.0-255,66,1768,69,155543
3108,4.7e-05,172.217.194.0-255,2902,4670,69,155543
3109,5e-05,172.31.40.0-255,66,4736,69,155543
3110,5.9e-05,172.217.194.0-255,7156,11892,69,155543
3111,6.2e-05,172.31.40.0-255,66,11958,69,155543
3112,9e-05,172.31.40.0-255,66,12024,69,155543
3113,0.000131,172.217.194.0-255,5738,17762,69,155543
3114,0.000134,172.31.40.0-255,66,17828,69,155543
3115,0.000159,172.217.194.0-255,3961,21789,69,155543
3116,0.000162,172.31.40.0-255,66,21855,69,155543
3117,0.000165,172.217.194.0-255,1484,23339,69,155543
3118,0.000171,172.31.40.0-255,66,23405,69,155543
3119,0.000177,172.217.194.0-255,2902,26307,69,155543
3120,0.000179,172.31.40.0-255,66,26373,69,155543
3121,0.000182,172.217.194.0-255,1484,27857,69,155543
3122,0.000184,172.31.40.0-255,66,27923,69,155543
3123,0.00022,172.217.194.0-255,4320,32243,69,155543
3124,0.000223,172.31.40.0-255,66,32309,69,155543
3125,0.000237,172.31.40.0-255,66,32375,69,155543
3126,0.000255,172.31.40.0-255,66,32441,69,155543
3127,0.000274,172.217.194.0-255,364,32805,69,155543
3128,0.000276,172.31.40.0-255,66,32871,69,155543
3129,0.000482,172.217.194.0-255,1484,34355,69,155543
3130,0.000488,172.31.40.0-255,66,34421,69,155543
3131,0.000495,172.217.194.0-255,2902,37323,69,155543
3132,0.000498,172.31.40.0-255,66,37389,69,155543
3133,0.000507,172.217.194.0-255,2902,40291,69,155543
3134,0.00051,172.31.40.0-255,66,40357,69,155543
3135,0.000556,172.217.194.0-255,2902,43259,69,155543
3136,0.000559,172.31.40.0-255,66,43325,69,155543
3137,0.000578,172.31.40.0-255,66,43391,69,155543
3138,0.000591,172.31.40.0-255,66,43457,69,155543
3139,0.00097,172.31.40.0-255,101,43558,69,155543
3140,0.001148,172.217.194.0-255,1484,45042,69,155543
3141,0.001154,172.217.194.0-255,1484,46526,69,155543
3142,0.001157,172.31.40.0-255,66,46592,69,155543
3143,0.001186,172.217.194.0-255,1484,48076,69,155543
3144,0.001194,172.217.194.0-255,5738,53814,69,155543
3145,0.001196,172.31.40.0-255,66,53880,69,155543
3146,0.001204,172.217.194.0-255,7156,61036,69,155543
3147,0.001206,172.31.40.0-255,66,61102,69,155543
3148,0.00124,172.217.194.0-255,5738,66840,69,155543
3149,0.001242,172.217.194.0-255,1484,68324,69,155543
3150,0.001247,172.217.194.0-255,2902,71226,69,155543
3151,0.00125,172.31.40.0-255,66,71292,69,155543
3152,0.001254,172.31.40.0-255,66,71358,69,155543
3153,0.001283,172.217.194.0-255,6438,77796,69,155543
3154,0.00129,172.31.40.0-255,66,77862,69,155543
3155,0.001363,172.217.194.0-255,1484,79346,69,155543
3156,0.001369,172.217.194.0-255,2902,82248,69,155543
3157,0.001371,172.31.40.0-255,66,82314,69,155543
3158,0.001376,172.217.194.0-255,2902,85216,69,155543
3159,0.001378,172.31.40.0-255,66,85282,69,155543
3160,0.001413,172.217.194.0-255,2902,88184,69,155543
3161,0.001416,172.31.40.0-255,66,88250,69,155543
3162,0.001422,172.217.194.0-255,2902,91152,69,155543
3163,0.001424,172.31.40.0-255,66,91218,69,155543
3164,0.00144,172.31.40.0-255,66,91284,69,155543
3165,0.001495,172.31.40.0-255,66,91350,69,155543
3166,0.001672,172.217.194.0-255,1484,92834,69,155543
3167,0.001677,172.217.194.0-255,1484,94318,69,155543
3168,0.00168,172.31.40.0-255,66,94384,69,155543
3169,0.001706,172.217.194.0-255,1484,95868,69,155543
3170,0.001714,172.217.194.0-255,5738,101606,69,155543
3171,0.001716,172.31.40.0-255,66,101672,69,155543
3172,0.001745,172.217.194.0-255,7156,108828,69,155543
3173,0.001748,172.31.40.0-255,66,108894,69,155543
3174,0.001753,172.217.194.0-255,2902,111796,69,155543
3175,0.001755,172.31.40.0-255,66,111862,69,155543
3176,0.001794,172.31.40.0-255,66,111928,69,155543
3177,0.001798,172.217.194.0-255,2184,114112,69,155543
3178,0.001801,172.31.40.0-255,66,114178,69,155543
3179,0.001876,172.217.194.0-255,1484,115662,69,155543
3180,0.001894,172.217.194.0-255,2902,118564,69,155543
3181,0.001897,172.31.40.0-255,66,118630,69,155543
3182,0.001935,172.217.194.0-255,4320,122950,69,155543
3183,0.001937,172.31.40.0-255,66,123016,69,155543
3184,0.001965,172.217.194.0-255,1484,124500,69,155543
3185,0.00198,172.31.40.0-255,66,124566,69,155543
3186,0.001998,172.31.40.0-255,66,124632,69,155543
3187,0.002001,172.217.194.0-255,1484,126116,69,155543
3188,0.002026,172.217.194.0-255,2902,129018,69,155543
3189,0.002028,172.31.40.0-255,66,129084,69,155543
3190,0.002035,172.217.194.0-255,5738,134822,69,155543
3191,0.002038,172.31.40.0-255,66,134888,69,155543
3192,0.002042,172.217.194.0-255,2902,137790,69,155543
3193,0.002051,172.31.40.0-255,66,137856,69,155543
3194,0.0021,172.31.40.0-255,66,137922,69,155543
3195,0.002112,172.31.40.0-255,66,137988,69,155543
3196,0.002119,172.217.194.0-255,4320,142308,69,155543
3197,0.002122,172.31.40.0-255,66,142374,69,155543
3198,0.002175,172.31.40.0-255,66,142440,69,155543
3199,0.002192,172.31.40.0-255,66,142506,69,155543
3200,0.002228,172.31.40.0-255,66,142572,69,155543
3201,0.002245,172.31.40.0-255,66,142638,69,155543
3202,0.002273,172.217.194.0-255,2184,144822,69,155543
3203,0.002275,172.31.40.0-255,66,144888,69,155543
3204,0.002294,172.31.40.0-255,66,144954,69,155543
3205,0.002346,172.31.40.0-255,66,145020,69,155543
3206,0.002372,172.31.40.0-255,66,145086,69,155543
3207,0.002395,172.31.40.0-255,66,145152,69,155543
3208,0.003204,172.217.194.0-255,66,145218,69,155543
3209,0.004671,172.217.194.0-255,1111,146329,69,155543
3210,0.006727,172.31.40.0-255,105,146434,69,155543
3211,0.013338,172.217.194.0-255,66,146500,69,155543
3212,0.034263,172.31.40.0-255,172,146672,69,155543
3213,0.034294,172.31.40.0-255,1116,147788,69,155543
3214,0.034357,172.31.40.0-255,1514,149302,69,155543
3215,0.034359,172.31.40.0-255,1514,150816,69,155543
3216,0.03436,172.31.40.0-255,1514,152330,69,155543
3217,0.034365,172.31.40.0-255,1514,153844,69,155543
3218,0.034366,172.31.40.0-255,1501,155345,69,155543
3219,0.035838,104.244.42.0-255,66,155411,69,155543
3220,0.035876,104.244.42.0-255,66,155477,69,155543
3221,0.035936,104.244.42.0-255,66,155543,69,155543
3222,0.0,74.125.24.0-255,301,301,69,242525
3223,1.2e-05,172.31.40.0-255,66,367,69,242525
3224,1.8e-05,74.125.24.0-255,1484,1851,69,242525
3225,2.2e-05,172.31.40.0-255,66,1917,69,242525
3226,2.8e-05,74.125.24.0-255,4320,6237,69,242525
3227,3e-05,172.31.40.0-255,66,6303,69,242525
3228,4.6e-05,74.125.24.0-255,5738,12041,69,242525
3229,4.8e-05,172.31.40.0-255,66,12107,69,242525
3230,6.1e-05,74.125.24.0-255,1867,13974,69,242525
3231,6.2e-05,172.31.40.0-255,66,14040,69,242525
3232,6.8e-05,74.125.24.0-255,5738,19778,69,242525
3233,7e-05,172.31.40.0-255,66,19844,69,242525
3234,9.6e-05,74.125.24.0-255,2902,22746,69,242525
3235,9.8e-05,172.31.40.0-255,66,22812,69,242525
3236,0.000109,172.31.40.0-255,66,22878,69,242525
3237,0.000132,74.125.24.0-255,7156,30034,69,242525
3238,0.000134,172.31.40.0-255,66,30100,69,242525
3239,0.00014,74.125.24.0-255,5738,35838,69,242525
3240,0.000142,172.31.40.0-255,66,35904,69,242525
3241,0.000155,74.125.24.0-255,766,36670,69,242525
3242,0.000157,172.31.40.0-255,66,36736,69,242525
3243,0.00016,74.125.24.0-255,2902,39638,69,242525
3244,0.000163,172.31.40.0-255,66,39704,69,242525
3245,0.000168,74.125.24.0-255,4320,44024,69,242525
3246,0.00017,172.31.40.0-255,66,44090,69,242525
3247,0.000175,74.125.24.0-255,4320,48410,69,242525
3248,0.000177,172.31.40.0-255,66,48476,69,242525
3249,0.000204,74.125.24.0-255,4320,52796,69,242525
3250,0.000206,172.31.40.0-255,66,52862,69,242525
3251,0.000209,74.125.24.0-255,1457,54319,69,242525
3252,0.00021,172.31.40.0-255,66,54385,69,242525
3253,0.000281,74.125.24.0-255,344,54729,69,242525
3254,0.000559,74.125.24.0-255,1484,56213,69,242525
3255,0.000563,172.31.40.0-255,66,56279,69,242525
3256,0.000568,74.125.24.0-255,2902,59181,69,242525
3257,0.00057,172.31.40.0-255,66,59247,69,242525
3258,0.000573,74.125.24.0-255,1484,60731,69,242525
3259,0.000587,74.125.24.0-255,2902,63633,69,242525
3260,0.000589,172.31.40.0-255,66,63699,69,242525
3261,0.000604,74.125.24.0-255,1484,65183,69,242525
3262,0.000615,74.125.24.0-255,1484,66667,69,242525
3263,0.000617,172.31.40.0-255,66,66733,69,242525
3264,0.000637,74.125.24.0-255,1484,68217,69,242525
3265,0.000642,74.125.24.0-255,4320,72537,69,242525
3266,0.000644,172.31.40.0-255,66,72603,69,242525
3267,0.000653,172.31.40.0-255,66,72669,69,242525
3268,0.000656,74.125.24.0-255,1484,74153,69,242525
3269,0.000678,74.125.24.0-255,6438,80591,69,242525
3270,0.000681,172.31.40.0-255,66,80657,69,242525
3271,0.00116,74.125.24.0-255,1484,82141,69,242525
3272,0.001165,74.125.24.0-255,1484,83625,69,242525
3273,0.001168,172.31.40.0-255,66,83691,69,242525
3274,0.001187,74.125.24.0-255,1484,85175,69,242525
3275,0.001194,74.125.24.0-255,5738,90913,69,242525
3276,0.00122,74.125.24.0-255,2902,93815,69,242525
3277,0.001225,172.31.40.0-255,66,93881,69,242525
3278,0.001228,172.31.40.0-255,66,93947,69,242525
3279,0.001254,172.31.40.0-255,66,94013,69,242525
3280,0.001264,172.31.40.0-255,66,94079,69,242525
3281,0.001267,74.125.24.0-255,766,94845,69,242525
3282,0.001508,74.125.24.0-255,1484,96329,69,242525
3283,0.001513,172.31.40.0-255,66,96395,69,242525
3284,0.001528,74.125.24.0-255,2902,99297,69,242525
3285,0.00153,172.31.40.0-255,66,99363,69,242525
3286,0.001534,74.125.24.0-255,2902,102265,69,242525
3287,0.001536,172.31.40.0-255,66,102331,69,242525
3288,0.001552,74.125.24.0-255,2902,105233,69,242525
3289,0.001554,172.31.40.0-255,66,105299,69,242525
3290,0.001571,74.125.24.0-255,4320,109619,69,242525
3291,0.001573,172.31.40.0-255,66,109685,69,242525
3292,0.001592,74.125.24.0-255,5738,115423,69,242525
3293,0.001595,172.31.40.0-255,66,115489,69,242525
3294,0.001626,74.125.24.0-255,2902,118391,69,242525
3295,0.001629,172.31.40.0-255,66,118457,69,242525
3296,0.00164,172.31.40.0-255,66,118523,69,242525
3297,0.001643,74.125.24.0-255,766,119289,69,242525
3298,0.001739,74.125.24.0-255,1484,120773,69,242525
3299,0.001742,74.125.24.0-255,1484,122257,69,242525
3300,0.001746,172.31.40.0-255,66,122323,69,242525
3301,0.001755,74.125.24.0-255,1484,123807,69,242525
3302,0.001757,172.31.40.0-255,66,123873,69,242525
3303,0.001764,74.125.24.0-255,5738,129611,69,242525
3304,0.001766,172.31.40.0-255,66,129677,69,242525
3305,0.001772,74.125.24.0-255,4320,133997,69,242525
3306,0.001774,172.31.40.0-255,66,134063,69,242525
3307,0.001802,172.31.40.0-255,66,134129,69,242525
3308,0.001812,172.31.40.0-255,66,134195,69,242525
3309,0.001855,74.125.24.0-255,2184,136379,69,242525
3310,0.001858,172.31.40.0-255,66,136445,69,242525
3311,0.001888,74.125.24.0-255,1484,137929,69,242525
3312,0.001891,74.125.24.0-255,1484,139413,69,242525
3313,0.001894,172.31.40.0-255,66,139479,69,242525
3314,0.001917,74.125.24.0-255,1484,140963,69,242525
3315,0.001924,74.125.24.0-255,5738,146701,69,242525
3316,0.001926,172.31.40.0-255,66,146767,69,242525
3317,0.001931,74.125.24.0-255,2902,149669,69,242525
3318,0.001933,172.31.40.0-255,66,149735,69,242525
3319,0.001968,172.31.40.0-255,66,149801,69,242525
3320,0.001986,74.125.24.0-255,4320,154121,69,242525
3321,0.001989,172.31.40.0-255,66,154187,69,242525
3322,0.002018,74.125.24.0-255,6438,160625,69,242525
3323,0.002021,172.31.40.0-255,66,160691,69,242525
3324,0.002036,74.125.24.0-255,1484,162175,69,242525
3325,0.002091,172.31.40.0-255,66,162241,69,242525
3326,0.002108,172.31.40.0-255,66,162307,69,242525
3327,0.00212,172.31.40.0-255,66,162373,69,242525
3328,0.002174,172.31.40.0-255,66,162439,69,242525
3329,0.002194,74.125.24.0-255,5738,168177,69,242525
3330,0.002196,172.31.40.0-255,66,168243,69,242525
3331,0.002244,172.31.40.0-255,66,168309,69,242525
3332,0.002265,74.125.24.0-255,766,169075,69,242525
3333,0.002282,172.31.40.0-255,66,169141,69,242525
3334,0.002293,172.31.40.0-255,66,169207,69,242525
3335,0.002297,74.125.24.0-255,2902,172109,69,242525
3336,0.002299,172.31.40.0-255,66,172175,69,242525
3337,0.002332,172.31.40.0-255,66,172241,69,242525
3338,0.002364,74.125.24.0-255,6438,178679,69,242525
3339,0.002367,172.31.40.0-255,66,178745,69,242525
3340,0.002388,74.125.24.0-255,5738,184483,69,242525
3341,0.002391,172.31.40.0-255,66,184549,69,242525
3342,0.00242,172.31.40.0-255,66,184615,69,242525
3343,0.003567,74.125.24.0-255,1484,186099,69,242525
3344,0.003584,74.125.24.0-255,2902,189001,69,242525
3345,0.00359,172.31.40.0-255,66,189067,69,242525
3346,0.003618,74.125.24.0-255,5738,194805,69,242525
3347,0.003621,172.31.40.0-255,66,194871,69,242525
3348,0.003629,74.125.24.0-255,7156,202027,69,242525
3349,0.00363,172.31.40.0-255,66,202093,69,242525
3350,0.003636,74.125.24.0-255,4320,206413,69,242525
3351,0.003638,172.31.40.0-255,66,206479,69,242525
3352,0.00364,74.125.24.0-255,1484,207963,69,242525
3353,0.003677,74.125.24.0-255,1484,209447,69,242525
3354,0.00368,172.31.40.0-255,66,209513,69,242525
3355,0.003722,74.125.24.0-255,4320,213833,69,242525
3356,0.003726,172.31.40.0-255,66,213899,69,242525
3357,0.003742,74.125.24.0-255,2902,216801,69,242525
3358,0.003744,172.31.40.0-255,66,216867,69,242525
3359,0.003778,74.125.24.0-255,2184,219051,69,242525
3360,0.003782,172.31.40.0-255,66,219117,69,242525
3361,0.005075,74.125.24.0-255,1484,220601,69,242525
3362,0.005087,74.125.24.0-255,2902,223503,69,242525
3363,0.005091,172.31.40.0-255,66,223569,69,242525
3364,0.005096,74.125.24.0-255,1484,225053,69,242525
3365,0.005164,74.125.24.0-255,5738,230791,69,242525
3366,0.005167,172.31.40.0-255,66,230857,69,242525
3367,0.005172,74.125.24.0-255,2153,233010,69,242525
3368,0.005174,172.31.40.0-255,66,233076,69,242525
3369,0.005227,74.125.24.0-255,105,233181,69,242525
3370,0.01044,172.31.40.0-255,66,233247,69,242525
3371,0.010481,172.31.40.0-255,105,233352,69,242525
3372,0.012855,74.125.24.0-255,66,233418,69,242525
3373,0.0356,172.31.40.0-255,172,233590,69,242525
3374,0.035634,172.31.40.0-255,1114,234704,69,242525
3375,0.03573,172.31.40.0-255,1514,236218,69,242525
3376,0.03575,172.31.40.0-255,1514,237732,69,242525
3377,0.035752,172.31.40.0-255,1514,239246,69,242525
3378,0.035774,172.31.40.0-255,1514,240760,69,242525
3379,0.035775,172.31.40.0-255,1501,242261,69,242525
3380,0.037236,104.244.42.0-255,66,242327,69,242525
3381,0.037266,104.244.42.0-255,66,242393,69,242525
3382,0.037429,104.244.42.0-255,66,242459,69,242525
3383,0.03748,104.244.42.0-255,66,242525,69,242525
3384,0.0,74.125.68.0-255,149,149,69,394475
3385,2.3e-05,172.31.40.0-255,66,215,69,394475
3386,3e-05,74.125.68.0-255,1484,1699,69,394475
3387,3.4e-05,172.31.40.0-255,66,1765,69,394475
3388,3.9e-05,74.125.68.0-255,2902,4667,69,394475
3389,4.2e-05,172.31.40.0-255,66,4733,69,394475
3390,4.9e-05,74.125.68.0-255,5738,10471,69,394475
3391,5.2e-05,172.31.40.0-255,66,10537,69,394475
3392,7.6e-05,74.125.68.0-255,2902,13439,69,394475
3393,7.9e-05,172.31.40.0-255,66,13505,69,394475
3394,0.0001,74.125.68.0-255,646,14151,69,394475
3395,0.000102,172.31.40.0-255,66,14217,69,394475
3396,0.000122,74.125.68.0-255,1484,15701,69,394475
3397,0.000124,172.31.40.0-255,66,15767,69,394475
3398,0.000146,74.125.68.0-255,2902,18669,69,394475
3399,0.000149,172.31.40.0-255,66,18735,69,394475
3400,0.000155,74.125.68.0-255,5738,24473,69,394475
3401,0.000157,172.31.40.0-255,66,24539,69,394475
3402,0.000178,74.125.68.0-255,1484,26023,69,394475
3403,0.00018,172.31.40.0-255,66,26089,69,394475
3404,0.000201,74.125.68.0-255,5379,31468,69,394475
3405,0.000204,172.31.40.0-255,66,31534,69,394475
3406,0.000211,74.125.68.0-255,7156,38690,69,394475
3407,0.000214,172.31.40.0-255,66,38756,69,394475
3408,0.000236,74.125.68.0-255,1484,40240,69,394475
3409,0.000238,172.31.40.0-255,66,40306,69,394475
3410,0.000268,172.31.40.0-255,66,40372,69,394475
3411,0.000287,74.125.68.0-255,1484,41856,69,394475
3412,0.000289,172.31.40.0-255,66,41922,69,394475
3413,0.000304,74.125.68.0-255,1484,43406,69,394475
3414,0.000306,172.31.40.0-255,66,43472,69,394475
3415,0.000321,74.125.68.0-255,1484,44956,69,394475
3416,0.000329,74.125.68.0-255,5738,50694,69,394475
3417,0.000331,172.31.40.0-255,66,50760,69,394475
3418,0.000336,74.125.68.0-255,2902,53662,69,394475
3419,0.000337,172.31.40.0-255,66,53728,69,394475
3420,0.00034,74.125.68.0-255,1484,55212,69,394475
3421,0.000364,74.125.68.0-255,2543,57755,69,394475
3422,0.00038,172.31.40.0-255,66,57821,69,394475
3423,0.000383,74.125.68.0-255,402,58223,69,394475
3424,0.000489,74.125.68.0-255,1484,59707,69,394475
3425,0.000493,172.31.40.0-255,66,59773,69,394475
3426,0.000498,74.125.68.0-255,2902,62675,69,394475
3427,0.000501,172.31.40.0-255,66,62741,69,394475
3428,0.000517,74.125.68.0-255,4320,67061,69,394475
3429,0.00052,172.31.40.0-255,66,67127,69,394475
3430,0.000538,74.125.68.0-255,1484,68611,69,394475
3431,0.000544,74.125.68.0-255,4320,72931,69,394475
3432,0.000547,172.31.40.0-255,66,72997,69,394475
3433,0.000584,74.125.68.0-255,4237,77234,69,394475
3434,0.000598,74.125.68.0-255,4320,81554,69,394475
3435,0.000652,74.125.68.0-255,4320,85874,69,394475
3436,0.000671,74.125.68.0-255,5738,91612,69,394475
3437,0.000674,74.125.68.0-255,1125,92737,69,394475
3438,0.000731,74.125.68.0-255,1484,94221,69,394475
3439,0.000736,74.125.68.0-255,2902,97123,69,394475
3440,0.000755,74.125.68.0-255,5738,102861,69,394475
3441,0.000789,74.125.68.0-255,4320,107181,69,394475
3442,0.000811,74.125.68.0-255,7156,114337,69,394475
3443,0.000828,74.125.68.0-255,1484,115821,69,394475
3444,0.000834,74.125.68.0-255,4320,120141,69,394475
3445,0.000851,74.125.68.0-255,1484,121625,69,394475
3446,0.000865,74.125.68.0-255,5020,126645,69,394475
3447,0.000882,172.31.40.0-255,66,126711,69,394475
3448,0.000932,74.125.68.0-255,1484,128195,69,394475
3449,0.000938,74.125.68.0-255,2902,131097,69,394475
3450,0.000943,172.31.40.0-255,66,131163,69,394475
3451,0.000962,74.125.68.0-255,4320,135483,69,394475
3452,0.000984,74.125.68.0-255,4320,139803,69,394475
3453,0.00099,172.31.40.0-255,66,139869,69,394475
3454,0.001008,74.125.68.0-255,4320,144189,69,394475
3455,0.001015,74.125.68.0-255,7156,151345,69,394475
3456,0.001018,74.125.68.0-255,1484,152829,69,394475
3457,0.001029,172.31.40.0-255,66,152895,69,394475
3458,0.001044,74.125.68.0-255,7156,160051,69,394475
3459,0.001048,74.125.68.0-255,766,160817,69,394475
3460,0.001068,172.31.40.0-255,66,160883,69,394475
3461,0.001156,74.125.68.0-255,1484,162367,69,394475
3462,0.001179,74.125.68.0-255,2902,165269,69,394475
3463,0.001184,74.125.68.0-255,4320,169589,69,394475
3464,0.001188,172.31.40.0-255,66,169655,69,394475
3465,0.001195,74.125.68.0-255,1484,171139,69,394475
3466,0.001215,74.125.68.0-255,1484,172623,69,394475
3467,0.001225,74.125.68.0-255,2902,175525,69,394475
3468,0.001236,74.125.68.0-255,2902,178427,69,394475
3469,0.001239,172.31.40.0-255,66,178493,69,394475
3470,0.001248,74.125.68.0-255,2902,181395,69,394475
3471,0.00126,74.125.68.0-255,1484,182879,69,394475
3472,0.001281,74.125.68.0-255,2184,185063,69,394475
3473,0.001298,172.31.40.0-255,66,185129,69,394475
3474,0.001345,74.125.68.0-255,1484,186613,69,394475
3475,0.001359,74.125.68.0-255,2902,189515,69,394475
3476,0.001364,172.31.40.0-255,66,189581,69,394475
3477,0.001375,74.125.68.0-255,4320,193901,69,394475
3478,0.001384,172.31.40.0-255,66,193967,69,394475
3479,0.001397,74.125.68.0-255,5738,199705,69,394475
3480,0.00141,74.125.68.0-255,2902,202607,69,394475
3481,0.001416,74.125.68.0-255,5738,208345,69,394475
3482,0.001426,74.125.68.0-255,1484,209829,69,394475
3483,0.001437,74.125.68.0-255,2902,212731,69,394475
3484,0.001445,172.31.40.0-255,66,212797,69,394475
3485,0.001461,74.125.68.0-255,5738,218535,69,394475
3486,0.001464,74.125.68.0-255,766,219301,69,394475
3487,0.001487,172.31.40.0-255,66,219367,69,394475
3488,0.001533,74.125.68.0-255,1484,220851,69,394475
3489,0.001552,74.125.68.0-255,2902,223753,69,394475
3490,0.00157,74.125.68.0-255,2902,226655,69,394475
3491,0.001578,172.31.40.0-255,66,226721,69,394475
3492,0.001583,74.125.68.0-255,2902,229623,69,394475
3493,0.001587,74.125.68.0-255,2902,232525,69,394475
3494,0.001593,172.31.40.0-255,66,232591,69,394475
3495,0.001611,74.125.68.0-255,2902,235493,69,394475
3496,0.001637,74.125.68.0-255,7156,242649,69,394475
3497,0.001659,172.31.40.0-255,66,242715,69,394475
3498,0.001696,74.125.68.0-255,1484,244199,69,394475
3499,0.001713,74.125.68.0-255,2902,247101,69,394475
3500,0.001715,74.125.68.0-255,1484,248585,69,394475
3501,0.001767,172.31.40.0-255,66,248651,69,394475
3502,0.001774,74.125.68.0-255,2902,251553,69,394475
3503,0.001779,74.125.68.0-255,5738,257291,69,394475
3504,0.001793,172.31.40.0-255,66,257357,69,394475
3505,0.001802,74.125.68.0-255,1484,258841,69,394475
3506,0.001826,74.125.68.0-255,4320,263161,69,394475
3507,0.001835,172.31.40.0-255,66,263227,69,394475
3508,0.001854,74.125.68.0-255,6438,269665,69,394475
3509,0.001857,74.125.68.0-255,1484,271149,69,394475
3510,0.001871,172.31.40.0-255,66,271215,69,394475
3511,0.001877,74.125.68.0-255,2902,274117,69,394475
3512,0.001881,172.31.40.0-255,66,274183,69,394475
3513,0.001892,74.125.68.0-255,4320,278503,69,394475
3514,0.001911,74.125.68.0-255,7156,285659,69,394475
3515,0.001918,74.125.68.0-255,7156,292815,69,394475
3516,0.001923,74.125.68.0-255,2902,295717,69,394475
3517,0.001942,74.125.68.0-255,5738,301455,69,394475
3518,0.001945,74.125.68.0-255,766,302221,69,394475
3519,0.001949,172.31.40.0-255,66,302287,69,394475
3520,0.004062,74.125.68.0-255,5738,308025,69,394475
3521,0.004068,172.31.40.0-255,66,308091,69,394475
3522,0.006183,74.125.68.0-255,5738,313829,69,394475
3523,0.006193,172.31.40.0-255,66,313895,69,394475
3524,0.008311,74.125.68.0-255,5738,319633,69,394475
3525,0.008316,172.31.40.0-255,66,319699,69,394475
3526,0.010434,74.125.68.0-255,5738,325437,69,394475
3527,0.010442,172.31.40.0-255,66,325503,69,394475
3528,0.012562,74.125.68.0-255,5738,331241,69,394475
3529,0.01257,172.31.40.0-255,66,331307,69,394475
3530,0.014693,74.125.68.0-255,5738,337045,69,394475
3531,0.014701,172.31.40.0-255,66,337111,69,394475
3532,0.01682,74.125.68.0-255,2902,340013,69,394475
3533,0.01683,172.31.40.0-255,66,340079,69,394475
3534,0.016852,74.125.68.0-255,2902,342981,69,394475
3535,0.016854,172.31.40.0-255,66,343047,69,394475
3536,0.018946,74.125.68.0-255,2902,345949,69,394475
3537,0.018952,172.31.40.0-255,66,346015,69,394475
3538,0.018974,74.125.68.0-255,2902,348917,69,394475
3539,0.018976,172.31.40.0-255,66,348983,69,394475
3540,0.021067,74.125.68.0-255,2902,351885,69,394475
3541,0.021077,172.31.40.0-255,66,351951,69,394475
3542,0.021098,74.125.68.0-255,2902,354853,69,394475
3543,0.0211,172.31.40.0-255,66,354919,69,394475
3544,0.023192,74.125.68.0-255,2902,357821,69,394475
3545,0.023199,172.31.40.0-255,66,357887,69,394475
3546,0.023222,74.125.68.0-255,2902,360789,69,394475
3547,0.023224,172.31.40.0-255,66,360855,69,394475
3548,0.025308,74.125.68.0-255,2902,363757,69,394475
3549,0.025317,172.31.40.0-255,66,363823,69,394475
3550,0.02534,74.125.68.0-255,2902,366725,69,394475
3551,0.025343,172.31.40.0-255,66,366791,69,394475
3552,0.027422,74.125.68.0-255,2902,369693,69,394475
3553,0.027428,172.31.40.0-255,66,369759,69,394475
3554,0.027446,74.125.68.0-255,2902,372661,69,394475
3555,0.027449,172.31.40.0-255,66,372727,69,394475
3556,0.029558,74.125.68.0-255,4320,377047,69,394475
3557,0.029563,172.31.40.0-255,66,377113,69,394475
3558,0.029583,74.125.68.0-255,1484,378597,69,394475
3559,0.03168,74.125.68.0-255,4320,382917,69,394475
3560,0.031687,172.31.40.0-255,66,382983,69,394475
3561,0.033801,74.125.68.0-255,1974,384957,69,394475
3562,0.033808,172.31.40.0-255,66,385023,69,394475
3563,0.033985,172.31.40.0-255,105,385128,69,394475
3564,0.036068,74.125.68.0-255,66,385194,69,394475
3565,0.038013,172.31.40.0-255,172,385366,69,394475
3566,0.038043,172.31.40.0-255,1114,386480,69,394475
3567,0.038104,172.31.40.0-255,1514,387994,69,394475
3568,0.038106,172.31.40.0-255,1514,389508,69,394475
3569,0.038111,172.31.40.0-255,1514,391022,69,394475
3570,0.038112,172.31.40.0-255,1514,392536,69,394475
3571,0.038134,172.31.40.0-255,1501,394037,69,394475
3572,0.039706,104.244.42.0-255,66,394103,69,394475
3573,0.039735,104.244.42.0-255,66,394169,69,394475
3574,0.039778,104.244.42.0-255,66,394235,69,394475
3575,0.039883,104.244.42.0-255,66,394301,69,394475
3576,0.040653,104.244.42.0-255,108,394409,69,394475
3577,0.04066,172.31.40.0-255,66,394475,69,394475
3578,0.0,74.125.68.0-255,153,153,69,327732
3579,2.2e-05,172.31.40.0-255,66,219,69,327732
3580,2.9e-05,74.125.68.0-255,1484,1703,69,327732
3581,3.4e-05,172.31.40.0-255,66,1769,69,327732
3582,3.7e-05,74.125.68.0-255,1484,3253,69,327732
3583,4e-05,172.31.40.0-255,66,3319,69,327732
3584,6.8e-05,74.125.68.0-255,2902,6221,69,327732
3585,7.2e-05,172.31.40.0-255,66,6287,69,327732
3586,7.9e-05,74.125.68.0-255,5738,12025,69,327732
3587,8.2e-05,172.31.40.0-255,66,12091,69,327732
3588,8.5e-05,74.125.68.0-255,1484,13575,69,327732
3589,8.7e-05,172.31.40.0-255,66,13641,69,327732
3590,0.000104,74.125.68.0-255,645,14286,69,327732
3591,0.000107,172.31.40.0-255,66,14352,69,327732
3592,0.000551,74.125.68.0-255,1484,15836,69,327732
3593,0.000557,172.31.40.0-255,66,15902,69,327732
3594,0.000566,74.125.68.0-255,2902,18804,69,327732
3595,0.000569,172.31.40.0-255,66,18870,69,327732
3596,0.000574,74.125.68.0-255,2902,21772,69,327732
3597,0.000576,172.31.40.0-255,66,21838,69,327732
3598,0.000594,74.125.68.0-255,2902,24740,69,327732
3599,0.000597,172.31.40.0-255,66,24806,69,327732
3600,0.000613,74.125.68.0-255,4320,29126,69,327732
3601,0.000616,172.31.40.0-255,66,29192,69,327732
3602,0.000638,74.125.68.0-255,1484,30676,69,327732
3603,0.000641,172.31.40.0-255,66,30742,69,327732
3604,0.000644,74.125.68.0-255,1125,31867,69,327732
3605,0.000646,172.31.40.0-255,66,31933,69,327732
3606,0.00107,74.125.68.0-255,1484,33417,69,327732
3607,0.001078,172.31.40.0-255,66,33483,69,327732
3608,0.001084,74.125.68.0-255,2902,36385,69,327732
3609,0.001087,172.31.40.0-255,66,36451,69,327732
3610,0.001091,74.125.68.0-255,2902,39353,69,327732
3611,0.001094,172.31.40.0-255,66,39419,69,327732
3612,0.001108,74.125.68.0-255,2902,42321,69,327732
3613,0.001111,172.31.40.0-255,66,42387,69,327732
3614,0.001115,74.125.68.0-255,2902,45289,69,327732
3615,0.001117,172.31.40.0-255,66,45355,69,327732
3616,0.001151,172.31.40.0-255,66,45421,69,327732
3617,0.001164,74.125.68.0-255,2543,47964,69,327732
3618,0.001166,172.31.40.0-255,66,48030,69,327732
3619,0.001171,74.125.68.0-255,4320,52350,69,327732
3620,0.001173,172.31.40.0-255,66,52416,69,327732
3621,0.001208,74.125.68.0-255,5690,58106,69,327732
3622,0.001211,172.31.40.0-255,66,58172,69,327732
3623,0.001248,74.125.68.0-255,111,58283,69,327732
3624,0.001403,74.125.68.0-255,1484,59767,69,327732
3625,0.001408,172.31.40.0-255,66,59833,69,327732
3626,0.001412,74.125.68.0-255,1484,61317,69,327732
3627,0.001427,74.125.68.0-255,1484,62801,69,327732
3628,0.00143,172.31.40.0-255,66,62867,69,327732
3629,0.001433,74.125.68.0-255,1484,64351,69,327732
3630,0.001452,74.125.68.0-255,4320,68671,69,327732
3631,0.001455,172.31.40.0-255,66,68737,69,327732
3632,0.001476,74.125.68.0-255,7156,75893,69,327732
3633,0.001479,172.31.40.0-255,66,75959,69,327732
3634,0.001501,74.125.68.0-255,1125,77084,69,327732
3635,0.001512,172.31.40.0-255,66,77150,69,327732
3636,0.00152,74.125.68.0-255,6797,83947,69,327732
3637,0.001522,172.31.40.0-255,66,84013,69,327732
3638,0.001666,74.125.68.0-255,1484,85497,69,327732
3639,0.001688,74.125.68.0-255,2902,88399,69,327732
3640,0.001692,172.31.40.0-255,66,88465,69,327732
3641,0.00172,74.125.68.0-255,1484,89949,69,327732
3642,0.001739,74.125.68.0-255,2902,92851,69,327732
3643,0.001742,172.31.40.0-255,66,92917,69,327732
3644,0.001757,74.125.68.0-255,2902,95819,69,327732
3645,0.00176,172.31.40.0-255,66,95885,69,327732
3646,0.001785,74.125.68.0-255,2902,98787,69,327732
3647,0.001788,172.31.40.0-255,66,98853,69,327732
3648,0.001796,74.125.68.0-255,7156,106009,69,327732
3649,0.001798,172.31.40.0-255,66,106075,69,327732
3650,0.001823,74.125.68.0-255,7156,113231,69,327732
3651,0.001826,172.31.40.0-255,66,113297,69,327732
3652,0.001847,74.125.68.0-255,5020,118317,69,327732
3653,0.00185,172.31.40.0-255,66,118383,69,327732
3654,0.001867,74.125.68.0-255,1484,119867,69,327732
3655,0.001883,74.125.68.0-255,2902,122769,69,327732
3656,0.001886,172.31.40.0-255,66,122835,69,327732
3657,0.001889,74.125.68.0-255,1484,124319,69,327732
3658,0.001906,74.125.68.0-255,4320,128639,69,327732
3659,0.00191,172.31.40.0-255,66,128705,69,327732
3660,0.001916,74.125.68.0-255,5738,134443,69,327732
3661,0.001948,172.31.40.0-255,66,134509,69,327732
3662,0.001955,74.125.68.0-255,5738,140247,69,327732
3663,0.00196,172.31.40.0-255,66,140313,69,327732
3664,0.001967,74.125.68.0-255,1484,141797,69,327732
3665,0.00197,74.125.68.0-255,1484,143281,69,327732
3666,0.00199,74.125.68.0-255,5738,149019,69,327732
3667,0.002002,172.31.40.0-255,66,149085,69,327732
3668,0.002021,74.125.68.0-255,1484,150569,69,327732
3669,0.002038,74.125.68.0-255,2184,152753,69,327732
3670,0.00206,172.31.40.0-255,66,152819,69,327732
3671,0.002289,74.125.68.0-255,1484,154303,69,327732
3672,0.002335,74.125.68.0-255,1484,155787,69,327732
3673,0.002338,172.31.40.0-255,66,155853,69,327732
3674,0.002343,74.125.68.0-255,1484,157337,69,327732
3675,0.004372,74.125.68.0-255,1484,158821,69,327732
3676,0.004377,172.31.40.0-255,66,158887,69,327732
3677,0.004662,74.125.68.0-255,2902,161789,69,327732
3678,0.004665,172.31.40.0-255,66,161855,69,327732
3679,0.006707,74.125.68.0-255,2902,164757,69,327732
3680,0.006714,172.31.40.0-255,66,164823,69,327732
3681,0.00699,74.125.68.0-255,2902,167725,69,327732
3682,0.006997,172.31.40.0-255,66,167791,69,327732
3683,0.009073,74.125.68.0-255,2902,170693,69,327732
3684,0.009082,172.31.40.0-255,66,170759,69,327732
3685,0.009313,74.125.68.0-255,2902,173661,69,327732
3686,0.009316,172.31.40.0-255,66,173727,69,327732
3687,0.011405,74.125.68.0-255,2902,176629,69,327732
3688,0.011412,172.31.40.0-255,66,176695,69,327732
3689,0.011633,74.125.68.0-255,2902,179597,69,327732
3690,0.011638,172.31.40.0-255,66,179663,69,327732
3691,0.013732,74.125.68.0-255,2902,182565,69,327732
3692,0.013741,172.31.40.0-255,66,182631,69,327732
3693,0.013984,74.125.68.0-255,2902,185533,69,327732
3694,0.01399,172.31.40.0-255,66,185599,69,327732
3695,0.016078,74.125.68.0-255,2902,188501,69,327732
3696,0.016086,172.31.40.0-255,66,188567,69,327732
3697,0.016321,74.125.68.0-255,2902,191469,69,327732
3698,0.016326,172.31.40.0-255,66,191535,69,327732
3699,0.018424,74.125.68.0-255,2902,194437,69,327732
3700,0.018434,172.31.40.0-255,66,194503,69,327732
3701,0.018702,74.125.68.0-255,2902,197405,69,327732
3702,0.018708,172.31.40.0-255,66,197471,69,327732
3703,0.020762,74.125.68.0-255,2902,200373,69,327732
3704,0.020769,172.31.40.0-255,66,200439,69,327732
3705,0.021045,74.125.68.0-255,2902,203341,69,327732
3706,0.021053,172.31.40.0-255,66,203407,69,327732
3707,0.023109,74.125.68.0-255,2902,206309,69,327732
3708,0.023117,172.31.40.0-255,66,206375,69,327732
3709,0.023379,74.125.68.0-255,2902,209277,69,327732
3710,0.023385,172.31.40.0-255,66,209343,69,327732
3711,0.025442,74.125.68.0-255,2902,212245,69,327732
3712,0.025451,172.31.40.0-255,66,212311,69,327732
3713,0.025714,74.125.68.0-255,2902,215213,69,327732
3714,0.025721,172.31.40.0-255,66,215279,69,327732
3715,0.027768,74.125.68.0-255,1484,216763,69,327732
3716,0.027793,74.125.68.0-255,1484,218247,69,327732
3717,0.027798,172.31.40.0-255,66,218313,69,327732
3718,0.028041,74.125.68.0-255,2902,221215,69,327732
3719,0.028047,172.31.40.0-255,66,221281,69,327732
3720,0.030123,74.125.68.0-255,1484,222765,69,327732
3721,0.030369,74.125.68.0-255,4320,227085,69,327732
3722,0.030378,172.31.40.0-255,66,227151,69,327732
3723,0.032713,74.125.68.0-255,5738,232889,69,327732
3724,0.032721,172.31.40.0-255,66,232955,69,327732
3725,0.034632,172.31.40.0-255,199,233154,69,327732
3726,0.034663,172.31.40.0-255,1114,234268,69,327732
3727,0.034734,172.31.40.0-255,1514,235782,69,327732
3728,0.034736,172.31.40.0-255,1514,237296,69,327732
3729,0.034737,172.31.40.0-255,1514,238810,69,327732
3730,0.034742,172.31.40.0-255,1514,240324,69,327732
3731,0.034744,172.31.40.0-255,1502,241826,69,327732
3732,0.035049,74.125.68.0-255,5738,247564,69,327732
3733,0.035054,172.31.40.0-255,66,247630,69,327732
3734,0.036158,104.244.42.0-255,66,247696,69,327732
3735,0.036223,104.244.42.0-255,66,247762,69,327732
3736,0.03631,104.244.42.0-255,66,247828,69,327732
3737,0.037393,74.125.68.0-255,5738,253566,69,327732
3738,0.0374,172.31.40.0-255,66,253632,69,327732
3739,0.039733,74.125.68.0-255,5738,259370,69,327732
3740,0.03974,172.31.40.0-255,66,259436,69,327732
3741,0.042068,74.125.68.0-255,5738,265174,69,327732
3742,0.042074,172.31.40.0-255,66,265240,69,327732
3743,0.044415,74.125.68.0-255,5738,270978,69,327732
3744,0.044423,172.31.40.0-255,66,271044,69,327732
3745,0.046757,74.125.68.0-255,5738,276782,69,327732
3746,0.046764,172.31.40.0-255,66,276848,69,327732
3747,0.049088,74.125.68.0-255,4320,281168,69,327732
3748,0.049094,172.31.40.0-255,66,281234,69,327732
3749,0.049115,74.125.68.0-255,1484,282718,69,327732
3750,0.051419,74.125.68.0-255,4320,287038,69,327732
3751,0.051425,172.31.40.0-255,66,287104,69,327732
3752,0.053764,74.125.68.0-255,5738,292842,69,327732
3753,0.05377,172.31.40.0-255,66,292908,69,327732
3754,0.05611,74.125.68.0-255,5738,298646,69,327732
3755,0.056116,172.31.40.0-255,66,298712,69,327732
3756,0.058473,74.125.68.0-255,5738,304450,69,327732
3757,0.058479,172.31.40.0-255,66,304516,69,327732
3758,0.060822,74.125.68.0-255,5738,310254,69,327732
3759,0.060829,172.31.40.0-255,66,310320,69,327732
3760,0.06316,74.125.68.0-255,5738,316058,69,327732
3761,0.063166,172.31.40.0-255,66,316124,69,327732
3762,0.065487,74.125.68.0-255,5738,321862,69,327732
3763,0.065494,172.31.40.0-255,66,321928,69,327732
3764,0.067828,74.125.68.0-255,5738,327666,69,327732
3765,0.067834,172.31.40.0-255,66,327732,69,327732
3766,0.0,172.217.194.0-255,152,152,69,308463
3767,1.6e-05,172.31.40.0-255,66,218,69,308463
3768,2.3e-05,172.217.194.0-255,1484,1702,69,308463
3769,2.8e-05,172.31.40.0-255,66,1768,69,308463
3770,4.2e-05,172.217.194.0-255,2902,4670,69,308463
3771,4.7e-05,172.31.40.0-255,66,4736,69,308463
3772,5.5e-05,172.217.194.0-255,7156,11892,69,308463
3773,5.8e-05,172.31.40.0-255,66,11958,69,308463
3774,9.2e-05,172.217.194.0-255,2102,14060,69,308463
3775,9.5e-05,172.31.40.0-255,66,14126,69,308463
3776,0.000132,172.217.194.0-255,1484,15610,69,308463
3777,0.000135,172.31.40.0-255,66,15676,69,308463
3778,0.000139,172.217.194.0-255,1484,17160,69,308463
3779,0.000142,172.31.40.0-255,66,17226,69,308463
3780,0.000175,172.217.194.0-255,1484,18710,69,308463
3781,0.000178,172.31.40.0-255,66,18776,69,308463
3782,0.000185,172.217.194.0-255,5738,24514,69,308463
3783,0.000188,172.31.40.0-255,66,24580,69,308463
3784,0.000199,172.217.194.0-255,6797,31377,69,308463
3785,0.000202,172.31.40.0-255,66,31443,69,308463
3786,0.000253,172.217.194.0-255,1484,32927,69,308463
3787,0.000257,172.31.40.0-255,66,32993,69,308463
3788,0.000262,172.217.194.0-255,2902,35895,69,308463
3789,0.000264,172.31.40.0-255,66,35961,69,308463
3790,0.000269,172.217.194.0-255,2902,38863,69,308463
3791,0.000276,172.31.40.0-255,66,38929,69,308463
3792,0.00031,172.217.194.0-255,2902,41831,69,308463
3793,0.000313,172.31.40.0-255,66,41897,69,308463
3794,0.000319,172.217.194.0-255,4320,46217,69,308463
3795,0.000321,172.31.40.0-255,66,46283,69,308463
3796,0.000329,172.217.194.0-255,7156,53439,69,308463
3797,0.000332,172.31.40.0-255,66,53505,69,308463
3798,0.000368,172.217.194.0-255,5379,58884,69,308463
3799,0.000372,172.31.40.0-255,66,58950,69,308463
3800,0.000379,172.217.194.0-255,7049,65999,69,308463
3801,0.000381,172.31.40.0-255,66,66065,69,308463
3802,0.000385,172.217.194.0-255,118,66183,69,308463
3803,0.000388,172.217.194.0-255,381,66564,69,308463
3804,0.000751,172.217.194.0-255,1484,68048,69,308463
3805,0.000757,172.31.40.0-255,66,68114,69,308463
3806,0.000763,172.217.194.0-255,2902,71016,69,308463
3807,0.000766,172.31.40.0-255,66,71082,69,308463
3808,0.000769,172.217.194.0-255,1484,72566,69,308463
3809,0.000803,172.217.194.0-255,4320,76886,69,308463
3810,0.000806,172.31.40.0-255,66,76952,69,308463
3811,0.00082,172.31.40.0-255,66,77018,69,308463
3812,0.000822,172.217.194.0-255,1484,78502,69,308463
3813,0.000868,172.31.40.0-255,66,78568,69,308463
3814,0.001124,172.217.194.0-255,1484,80052,69,308463
3815,0.001146,172.217.194.0-255,2902,82954,69,308463
3816,0.001149,172.31.40.0-255,66,83020,69,308463
3817,0.001156,172.217.194.0-255,5738,88758,69,308463
3818,0.001158,172.31.40.0-255,66,88824,69,308463
3819,0.001197,172.31.40.0-255,66,88890,69,308463
3820,0.001209,172.31.40.0-255,66,88956,69,308463
3821,0.001219,172.217.194.0-255,5020,93976,69,308463
3822,0.001223,172.31.40.0-255,66,94042,69,308463
3823,0.001266,172.217.194.0-255,1484,95526,69,308463
3824,0.00128,172.217.194.0-255,2902,98428,69,308463
3825,0.001283,172.31.40.0-255,66,98494,69,308463
3826,0.001287,172.217.194.0-255,1484,99978,69,308463
3827,0.00131,172.217.194.0-255,4320,104298,69,308463
3828,0.001313,172.31.40.0-255,66,104364,69,308463
3829,0.001316,172.217.194.0-255,1484,105848,69,308463
3830,0.001333,172.217.194.0-255,7156,113004,69,308463
3831,0.001336,172.31.40.0-255,66,113070,69,308463
3832,0.001367,172.217.194.0-255,1484,114554,69,308463
3833,0.001429,172.31.40.0-255,66,114620,69,308463
3834,0.001459,172.217.194.0-255,2184,116804,69,308463
3835,0.001462,172.31.40.0-255,66,116870,69,308463
3836,0.001643,172.217.194.0-255,1484,118354,69,308463
3837,0.00165,172.217.194.0-255,2902,121256,69,308463
3838,0.001653,172.31.40.0-255,66,121322,69,308463
3839,0.001659,172.217.194.0-255,5738,127060,69,308463
3840,0.001661,172.31.40.0-255,66,127126,69,308463
3841,0.001693,172.217.194.0-255,7156,134282,69,308463
3842,0.001696,172.31.40.0-255,66,134348,69,308463
3843,0.001701,172.217.194.0-255,2902,137250,69,308463
3844,0.001703,172.31.40.0-255,66,137316,69,308463
3845,0.001744,172.31.40.0-255,66,137382,69,308463
3846,0.001748,172.217.194.0-255,2184,139566,69,308463
3847,0.00175,172.31.40.0-255,66,139632,69,308463
3848,0.001755,172.217.194.0-255,2902,142534,69,308463
3849,0.001762,172.31.40.0-255,66,142600,69,308463
3850,0.001769,172.217.194.0-255,7156,149756,69,308463
3851,0.001771,172.31.40.0-255,66,149822,69,308463
3852,0.001779,172.217.194.0-255,7156,156978,69,308463
3853,0.001782,172.31.40.0-255,66,157044,69,308463
3854,0.001831,172.31.40.0-255,66,157110,69,308463
3855,0.001834,172.217.194.0-255,766,157876,69,308463
3856,0.002338,172.217.194.0-255,1484,159360,69,308463
3857,0.002343,172.31.40.0-255,66,159426,69,308463
3858,0.002348,172.217.194.0-255,2902,162328,69,308463
3859,0.002351,172.31.40.0-255,66,162394,69,308463
3860,0.002361,172.217.194.0-255,5738,168132,69,308463
3861,0.002364,172.31.40.0-255,66,168198,69,308463
3862,0.002417,172.31.40.0-255,66,168264,69,308463
3863,0.00243,172.31.40.0-255,66,168330,69,308463
3864,0.002489,172.217.194.0-255,1484,169814,69,308463
3865,0.002493,172.217.194.0-255,1484,171298,69,308463
3866,0.002496,172.31.40.0-255,66,171364,69,308463
3867,0.00251,172.217.194.0-255,1484,172848,69,308463
3868,0.002521,172.217.194.0-255,5738,178586,69,308463
3869,0.002523,172.31.40.0-255,66,178652,69,308463
3870,0.002529,172.217.194.0-255,4320,182972,69,308463
3871,0.002531,172.31.40.0-255,66,183038,69,308463
3872,0.002579,172.31.40.0-255,66,183104,69,308463
3873,0.002591,172.31.40.0-255,66,183170,69,308463
3874,0.005145,172.217.194.0-255,5738,188908,69,308463
3875,0.005154,172.31.40.0-255,66,188974,69,308463
3876,0.007718,172.217.194.0-255,5738,194712,69,308463
3877,0.007723,172.31.40.0-255,66,194778,69,308463
3878,0.010301,172.217.194.0-255,5738,200516,69,308463
3879,0.010308,172.31.40.0-255,66,200582,69,308463
3880,0.012888,172.217.194.0-255,5738,206320,69,308463
3881,0.012897,172.31.40.0-255,66,206386,69,308463
3882,0.01547,172.217.194.0-255,5738,212124,69,308463
3883,0.015477,172.31.40.0-255,66,212190,69,308463
3884,0.018028,172.217.194.0-255,5738,217928,69,308463
3885,0.018036,172.31.40.0-255,66,217994,69,308463
3886,0.020617,172.217.194.0-255,5738,223732,69,308463
3887,0.020628,172.31.40.0-255,66,223798,69,308463
3888,0.023247,172.217.194.0-255,5738,229536,69,308463
3889,0.023255,172.31.40.0-255,66,229602,69,308463
3890,0.025834,172.217.194.0-255,5738,235340,69,308463
3891,0.025841,172.31.40.0-255,66,235406,69,308463
3892,0.028408,172.217.194.0-255,5738,241144,69,308463
3893,0.028414,172.31.40.0-255,66,241210,69,308463
3894,0.030993,172.217.194.0-255,5738,246948,69,308463
3895,0.031001,172.31.40.0-255,66,247014,69,308463
3896,0.033594,172.217.194.0-255,5738,252752,69,308463
3897,0.033601,172.31.40.0-255,66,252818,69,308463
3898,0.036155,172.217.194.0-255,5738,258556,69,308463
3899,0.036163,172.31.40.0-255,66,258622,69,308463
3900,0.038744,172.217.194.0-255,5738,264360,69,308463
3901,0.038757,172.31.40.0-255,66,264426,69,308463
3902,0.041335,172.217.194.0-255,5738,270164,69,308463
3903,0.041343,172.31.40.0-255,66,270230,69,308463
3904,0.043806,172.31.40.0-255,172,270402,69,308463
3905,0.043838,172.31.40.0-255,1114,271516,69,308463
3906,0.043905,172.217.194.0-255,5738,277254,69,308463
3907,0.043912,172.31.40.0-255,66,277320,69,308463
3908,0.043938,172.31.40.0-255,1514,278834,69,308463
3909,0.043958,172.31.40.0-255,1514,280348,69,308463
3910,0.043961,172.31.40.0-255,1514,281862,69,308463
3911,0.043977,172.31.40.0-255,1514,283376,69,308463
3912,0.043997,172.31.40.0-255,1502,284878,69,308463
3913,0.045371,104.244.42.0-255,66,284944,69,308463
3914,0.045393,104.244.42.0-255,66,285010,69,308463
3915,0.045466,104.244.42.0-255,66,285076,69,308463
3916,0.045598,104.244.42.0-255,66,285142,69,308463
3917,0.045678,104.244.42.0-255,66,285208,69,308463
3918,0.046494,172.217.194.0-255,5738,290946,69,308463
3919,0.046501,172.31.40.0-255,66,291012,69,308463
3920,0.049088,172.217.194.0-255,5738,296750,69,308463
3921,0.049095,172.31.40.0-255,66,296816,69,308463
3922,0.051697,172.217.194.0-255,5738,302554,69,308463
3923,0.051705,172.31.40.0-255,66,302620,69,308463
3924,0.054279,172.217.194.0-255,5606,308226,69,308463
3925,0.054286,172.31.40.0-255,66,308292,69,308463
3926,0.05448,172.31.40.0-255,105,308397,69,308463
3927,0.057011,172.217.194.0-255,66,308463,69,308463
3928,0.0,172.217.194.0-255,167,167,69,161644
3929,2.8e-05,172.31.40.0-255,66,233,69,161644
3930,3.6e-05,172.217.194.0-255,1484,1717,69,161644
3931,4.1e-05,172.31.40.0-255,66,1783,69,161644
3932,5.5e-05,172.217.194.0-255,2902,4685,69,161644
3933,5.9e-05,172.31.40.0-255,66,4751,69,161644
3934,6.7e-05,172.217.194.0-255,7156,11907,69,161644
3935,7e-05,172.31.40.0-255,66,11973,69,161644
3936,0.000116,172.217.194.0-255,2056,14029,69,161644
3937,0.00012,172.31.40.0-255,66,14095,69,161644
3938,0.000126,172.217.194.0-255,2902,16997,69,161644
3939,0.000129,172.31.40.0-255,66,17063,69,161644
3940,0.000158,172.217.194.0-255,7156,24219,69,161644
3941,0.000161,172.31.40.0-255,66,24285,69,161644
3942,0.000236,172.217.194.0-255,4320,28605,69,161644
3943,0.000239,172.31.40.0-255,66,28671,69,161644
3944,0.000266,172.217.194.0-255,2543,31214,69,161644
3945,0.000269,172.31.40.0-255,66,31280,69,161644
3946,0.000302,172.217.194.0-255,2902,34182,69,161644
3947,0.000304,172.31.40.0-255,66,34248,69,161644
3948,0.000332,172.217.194.0-255,4320,38568,69,161644
3949,0.000335,172.31.40.0-255,66,38634,69,161644
3950,0.000391,172.217.194.0-255,5738,44372,69,161644
3951,0.000394,172.31.40.0-255,66,44438,69,161644
3952,0.000428,172.31.40.0-255,66,44504,69,161644
3953,0.000584,172.31.40.0-255,66,44570,69,161644
3954,0.000603,172.217.194.0-255,2832,47402,69,161644
3955,0.000606,172.31.40.0-255,66,47468,69,161644
3956,0.000652,172.217.194.0-255,398,47866,69,161644
3957,0.000655,172.31.40.0-255,66,47932,69,161644
3958,0.000686,172.217.194.0-255,1484,49416,69,161644
3959,0.000703,172.217.194.0-255,4320,53736,69,161644
3960,0.000723,172.217.194.0-255,4320,58056,69,161644
3961,0.00074,172.217.194.0-255,4320,62376,69,161644
3962,0.000758,172.31.40.0-255,66,62442,69,161644
3963,0.000853,172.217.194.0-255,4320,66762,69,161644
3964,0.000869,172.217.194.0-255,5738,72500,69,161644
3965,0.000884,172.31.40.0-255,66,72566,69,161644
3966,0.000893,172.217.194.0-255,7156,79722,69,161644
3967,0.000907,172.31.40.0-255,66,79788,69,161644
3968,0.000911,172.217.194.0-255,2184,81972,69,161644
3969,0.000934,172.31.40.0-255,66,82038,69,161644
3970,0.001056,172.217.194.0-255,2902,84940,69,161644
3971,0.001077,172.31.40.0-255,66,85006,69,161644
3972,0.001145,172.31.40.0-255,66,85072,69,161644
3973,0.001367,172.217.194.0-255,7156,92228,69,161644
3974,0.001382,172.31.40.0-255,66,92294,69,161644
3975,0.00145,172.31.40.0-255,66,92360,69,161644
3976,0.001808,172.217.194.0-255,2902,95262,69,161644
3977,0.001814,172.31.40.0-255,66,95328,69,161644
3978,0.001836,172.217.194.0-255,7156,102484,69,161644
3979,0.001875,172.31.40.0-255,66,102550,69,161644
3980,0.001901,172.31.40.0-255,66,102616,69,161644
3981,0.002183,172.217.194.0-255,5738,108354,69,161644
3982,0.002187,172.31.40.0-255,66,108420,69,161644
3983,0.002261,172.31.40.0-255,66,108486,69,161644
3984,0.002917,172.217.194.0-255,7156,115642,69,161644
3985,0.003643,172.217.194.0-255,4320,119962,69,161644
3986,0.00367,172.217.194.0-255,7156,127118,69,161644
3987,0.003712,172.217.194.0-255,7156,134274,69,161644
3988,0.008551,172.31.40.0-255,66,134340,69,161644
3989,0.011052,172.217.194.0-255,5738,140078,69,161644
3990,0.011065,172.31.40.0-255,66,140144,69,161644
3991,0.0136,172.217.194.0-255,5738,145882,69,161644
3992,0.013613,172.31.40.0-255,66,145948,69,161644
3993,0.0161,172.217.194.0-255,5738,151686,69,161644
3994,0.016108,172.31.40.0-255,66,151752,69,161644
3995,0.018543,172.217.194.0-255,613,152365,69,161644
3996,0.020986,172.31.40.0-255,66,152431,69,161644
3997,0.021041,172.31.40.0-255,105,152536,69,161644
3998,0.023465,172.217.194.0-255,66,152602,69,161644
3999,0.049649,172.31.40.0-255,172,152774,69,161644
4000,0.049685,172.31.40.0-255,1116,153890,69,161644
4001,0.049756,172.31.40.0-255,1514,155404,69,161644
4002,0.049758,172.31.40.0-255,1514,156918,69,161644
4003,0.049759,172.31.40.0-255,1514,158432,69,161644
4004,0.04976,172.31.40.0-255,1514,159946,69,161644
4005,0.04979,172.31.40.0-255,1500,161446,69,161644
4006,0.051366,104.244.42.0-255,66,161512,69,161644
4007,0.05141,104.244.42.0-255,66,161578,69,161644
4008,0.051494,104.244.42.0-255,66,161644,69,161644
4009,0.0,74.125.24.0-255,150,150,69,284372
4010,1.5e-05,172.31.40.0-255,66,216,69,284372
4011,3.6e-05,74.125.24.0-255,1484,1700,69,284372
4012,4.1e-05,172.31.40.0-255,66,1766,69,284372
4013,4.6e-05,74.125.24.0-255,2902,4668,69,284372
4014,4.9e-05,172.31.40.0-255,66,4734,69,284372
4015,5.4e-05,74.125.24.0-255,2902,7636,69,284372
4016,5.8e-05,172.31.40.0-255,66,7702,69,284372
4017,7.9e-05,74.125.24.0-255,4320,12022,69,284372
4018,8.2e-05,172.31.40.0-255,66,12088,69,284372
4019,9.7e-05,74.125.24.0-255,2062,14150,69,284372
4020,0.0001,172.31.40.0-255,66,14216,69,284372
4021,0.000158,74.125.24.0-255,1484,15700,69,284372
4022,0.00016,172.31.40.0-255,66,15766,69,284372
4023,0.000163,74.125.24.0-255,1484,17250,69,284372
4024,0.000165,172.31.40.0-255,66,17316,69,284372
4025,0.00018,74.125.24.0-255,1484,18800,69,284372
4026,0.000182,172.31.40.0-255,66,18866,69,284372
4027,0.000188,74.125.24.0-255,5738,24604,69,284372
4028,0.00019,172.31.40.0-255,66,24670,69,284372
4029,0.000195,74.125.24.0-255,5738,30408,69,284372
4030,0.000198,172.31.40.0-255,66,30474,69,284372
4031,0.000234,74.125.24.0-255,1484,31958,69,284372
4032,0.000237,172.31.40.0-255,66,32024,69,284372
4033,0.000269,172.31.40.0-255,66,32090,69,284372
4034,0.000274,74.125.24.0-255,3961,36051,69,284372
4035,0.000275,172.31.40.0-255,66,36117,69,284372
4036,0.0003,74.125.24.0-255,4320,40437,69,284372
4037,0.000302,172.31.40.0-255,66,40503,69,284372
4038,0.000305,74.125.24.0-255,1484,41987,69,284372
4039,0.000306,172.31.40.0-255,66,42053,69,284372
4040,0.000324,74.125.24.0-255,4320,46373,69,284372
4041,0.000326,172.31.40.0-255,66,46439,69,284372
4042,0.000362,74.125.24.0-255,6797,53236,69,284372
4043,0.000365,172.31.40.0-255,66,53302,69,284372
4044,0.000573,74.125.24.0-255,414,53716,69,284372
4045,0.000629,74.125.24.0-255,328,54044,69,284372
4046,0.00093,172.31.40.0-255,66,54110,69,284372
4047,0.001161,74.125.24.0-255,1484,55594,69,284372
4048,0.00117,74.125.24.0-255,2902,58496,69,284372
4049,0.001174,172.31.40.0-255,66,58562,69,284372
4050,0.001182,74.125.24.0-255,5738,64300,69,284372
4051,0.001185,172.31.40.0-255,66,64366,69,284372
4052,0.001228,172.31.40.0-255,66,64432,69,284372
4053,0.001235,74.125.24.0-255,5738,70170,69,284372
4054,0.001237,172.31.40.0-255,66,70236,69,284372
4055,0.001255,74.125.24.0-255,5020,75256,69,284372
4056,0.001258,172.31.40.0-255,66,75322,69,284372
4057,0.001897,74.125.24.0-255,1484,76806,69,284372
4058,0.001906,74.125.24.0-255,2902,79708,69,284372
4059,0.00191,172.31.40.0-255,66,79774,69,284372
4060,0.001919,74.125.24.0-255,5738,85512,69,284372
4061,0.001921,172.31.40.0-255,66,85578,69,284372
4062,0.001955,172.31.40.0-255,66,85644,69,284372
4063,0.001984,172.31.40.0-255,66,85710,69,284372
4064,0.002018,74.125.24.0-255,1484,87194,69,284372
4065,0.002022,74.125.24.0-255,1484,88678,69,284372
4066,0.002024,172.31.40.0-255,66,88744,69,284372
4067,0.002047,74.125.24.0-255,1484,90228,69,284372
4068,0.002053,74.125.24.0-255,5738,95966,69,284372
4069,0.002056,172.31.40.0-255,66,96032,69,284372
4070,0.002114,172.31.40.0-255,66,96098,69,284372
4071,0.002117,74.125.24.0-255,1484,97582,69,284372
4072,0.002133,74.125.24.0-255,1484,99066,69,284372
4073,0.002136,172.31.40.0-255,66,99132,69,284372
4074,0.002165,172.31.40.0-255,66,99198,69,284372
4075,0.002206,172.31.40.0-255,66,99264,69,284372
4076,0.00221,74.125.24.0-255,2902,102166,69,284372
4077,0.002212,172.31.40.0-255,66,102232,69,284372
4078,0.002232,172.31.40.0-255,66,102298,69,284372
4079,0.002235,74.125.24.0-255,1484,103782,69,284372
4080,0.004431,74.125.24.0-255,4320,108102,69,284372
4081,0.004436,172.31.40.0-255,66,108168,69,284372
4082,0.006615,74.125.24.0-255,1484,109652,69,284372
4083,0.006638,74.125.24.0-255,4320,113972,69,284372
4084,0.006642,172.31.40.0-255,66,114038,69,284372
4085,0.008839,74.125.24.0-255,5738,119776,69,284372
4086,0.008846,172.31.40.0-255,66,119842,69,284372
4087,0.011053,74.125.24.0-255,5738,125580,69,284372
4088,0.01106,172.31.40.0-255,66,125646,69,284372
4089,0.013247,74.125.24.0-255,5738,131384,69,284372
4090,0.013254,172.31.40.0-255,66,131450,69,284372
4091,0.015534,74.125.24.0-255,5738,137188,69,284372
4092,0.015541,172.31.40.0-255,66,137254,69,284372
4093,0.017756,74.125.24.0-255,5738,142992,69,284372
4094,0.017772,172.31.40.0-255,66,143058,69,284372
4095,0.019981,74.125.24.0-255,5738,148796,69,284372
4096,0.019988,172.31.40.0-255,66,148862,69,284372
4097,0.022188,74.125.24.0-255,5738,154600,69,284372
4098,0.022196,172.31.40.0-255,66,154666,69,284372
4099,0.024405,74.125.24.0-255,5738,160404,69,284372
4100,0.024412,172.31.40.0-255,66,160470,69,284372
4101,0.026611,74.125.24.0-255,5738,166208,69,284372
4102,0.026618,172.31.40.0-255,66,166274,69,284372
4103,0.028819,74.125.24.0-255,5738,172012,69,284372
4104,0.028827,172.31.40.0-255,66,172078,69,284372
4105,0.031003,74.125.24.0-255,5738,177816,69,284372
4106,0.03101,172.31.40.0-255,66,177882,69,284372
4107,0.033224,74.125.24.0-255,5738,183620,69,284372
4108,0.033231,172.31.40.0-255,66,183686,69,284372
4109,0.035451,74.125.24.0-255,5738,189424,69,284372
4110,0.035458,172.31.40.0-255,66,189490,69,284372
4111,0.036828,172.31.40.0-255,172,189662,69,284372
4112,0.036863,172.31.40.0-255,1114,190776,69,284372
4113,0.036925,172.31.40.0-255,1514,192290,69,284372
4114,0.036926,172.31.40.0-255,1514,193804,69,284372
4115,0.036928,172.31.40.0-255,1514,195318,69,284372
4116,0.036929,172.31.40.0-255,1514,196832,69,284372
4117,0.036957,172.31.40.0-255,1502,198334,69,284372
4118,0.037669,74.125.24.0-255,5738,204072,69,284372
4119,0.037676,172.31.40.0-255,66,204138,69,284372
4120,0.038482,104.244.42.0-255,66,204204,69,284372
4121,0.0385,104.244.42.0-255,66,204270,69,284372
4122,0.038588,104.244.42.0-255,66,204336,69,284372
4123,0.038733,104.244.42.0-255,66,204402,69,284372
4124,0.039879,74.125.24.0-255,5738,210140,69,284372
4125,0.039886,172.31.40.0-255,66,210206,69,284372
4126,0.042081,74.125.24.0-255,5738,215944,69,284372
4127,0.042087,172.31.40.0-255,66,216010,69,284372
4128,0.044267,74.125.24.0-255,5738,221748,69,284372
4129,0.044273,172.31.40.0-255,66,221814,69,284372
4130,0.046495,74.125.24.0-255,5738,227552,69,284372
4131,0.046504,172.31.40.0-255,66,227618,69,284372
4132,0.048712,74.125.24.0-255,4320,231938,69,284372
4133,0.048719,172.31.40.0-255,66,232004,69,284372
4134,0.048738,74.125.24.0-255,1484,233488,69,284372
4135,0.050924,74.125.24.0-255,4320,237808,69,284372
4136,0.05093,172.31.40.0-255,66,237874,69,284372
4137,0.053173,74.125.24.0-255,5738,243612,69,284372
4138,0.05318,172.31.40.0-255,66,243678,69,284372
4139,0.055404,74.125.24.0-255,5738,249416,69,284372
4140,0.055411,172.31.40.0-255,66,249482,69,284372
4141,0.057608,74.125.24.0-255,5738,255220,69,284372
4142,0.057614,172.31.40.0-255,66,255286,69,284372
4143,0.059832,74.125.24.0-255,5738,261024,69,284372
4144,0.059839,172.31.40.0-255,66,261090,69,284372
4145,0.062061,74.125.24.0-255,5738,266828,69,284372
4146,0.062066,172.31.40.0-255,66,266894,69,284372
4147,0.064262,74.125.24.0-255,5738,272632,69,284372
4148,0.064268,172.31.40.0-255,66,272698,69,284372
4149,0.066457,74.125.24.0-255,5738,278436,69,284372
4150,0.066464,172.31.40.0-255,66,278502,69,284372
4151,0.068672,74.125.24.0-255,4320,282822,69,284372
4152,0.068677,172.31.40.0-255,66,282888,69,284372
4153,0.068696,74.125.24.0-255,1484,284372,69,284372
4154,0.0,172.217.194.0-255,146,146,69,135029
4155,2.1e-05,172.31.40.0-255,66,212,69,135029
4156,2.9e-05,172.217.194.0-255,1484,1696,69,135029
4157,3.4e-05,172.31.40.0-255,66,1762,69,135029
4158,4e-05,172.217.194.0-255,2902,4664,69,135029
4159,5.1e-05,172.31.40.0-255,66,4730,69,135029
4160,5.7e-05,172.217.194.0-255,5738,10468,69,135029
4161,6.2e-05,172.31.40.0-255,66,10534,69,135029
4162,7.6e-05,172.31.40.0-255,66,10600,69,135029
4163,8.8e-05,172.31.40.0-255,66,10666,69,135029
4164,0.000127,172.217.194.0-255,1484,12150,69,135029
4165,0.00013,172.31.40.0-255,66,12216,69,135029
4166,0.000135,172.217.194.0-255,2902,15118,69,135029
4167,0.000137,172.31.40.0-255,66,15184,69,135029
4168,0.000144,172.217.194.0-255,5738,20922,69,135029
4169,0.000147,172.31.40.0-255,66,20988,69,135029
4170,0.000177,172.217.194.0-255,7156,28144,69,135029
4171,0.00018,172.31.40.0-255,66,28210,69,135029
4172,0.000212,172.217.194.0-255,6797,35007,69,135029
4173,0.000214,172.31.40.0-255,66,35073,69,135029
4174,0.000226,172.31.40.0-255,66,35139,69,135029
4175,0.000233,172.217.194.0-255,398,35537,69,135029
4176,0.000236,172.31.40.0-255,66,35603,69,135029
4177,0.000328,172.217.194.0-255,1484,37087,69,135029
4178,0.000332,172.31.40.0-255,66,37153,69,135029
4179,0.000337,172.217.194.0-255,2902,40055,69,135029
4180,0.000339,172.31.40.0-255,66,40121,69,135029
4181,0.000345,172.217.194.0-255,4320,44441,69,135029
4182,0.000352,172.31.40.0-255,66,44507,69,135029
4183,0.000391,172.217.194.0-255,1484,45991,69,135029
4184,0.000407,172.31.40.0-255,66,46057,69,135029
4185,0.000419,172.31.40.0-255,66,46123,69,135029
4186,0.00058,172.217.194.0-255,1484,47607,69,135029
4187,0.000601,172.217.194.0-255,2902,50509,69,135029
4188,0.000606,172.31.40.0-255,66,50575,69,135029
4189,0.000613,172.217.194.0-255,5738,56313,69,135029
4190,0.000615,172.31.40.0-255,66,56379,69,135029
4191,0.000628,172.217.194.0-255,7156,63535,69,135029
4192,0.00063,172.31.40.0-255,66,63601,69,135029
4193,0.000671,172.217.194.0-255,5738,69339,69,135029
4194,0.000675,172.31.40.0-255,66,69405,69,135029
4195,0.000688,172.31.40.0-255,66,69471,69,135029
4196,0.000701,172.31.40.0-255,66,69537,69,135029
4197,0.000713,172.31.40.0-255,66,69603,69,135029
4198,0.000782,172.31.40.0-255,66,69669,69,135029
4199,0.001091,172.217.194.0-255,1484,71153,69,135029
4200,0.001098,172.217.194.0-255,2902,74055,69,135029
4201,0.001101,172.31.40.0-255,66,74121,69,135029
4202,0.001106,172.217.194.0-255,2902,77023,69,135029
4203,0.001108,172.31.40.0-255,66,77089,69,135029
4204,0.001152,172.217.194.0-255,2902,79991,69,135029
4205,0.001154,172.31.40.0-255,66,80057,69,135029
4206,0.001169,172.31.40.0-255,66,80123,69,135029
4207,0.001181,172.31.40.0-255,66,80189,69,135029
4208,0.001308,172.217.194.0-255,1484,81673,69,135029
4209,0.001328,172.217.194.0-255,2902,84575,69,135029
4210,0.001332,172.31.40.0-255,66,84641,69,135029
4211,0.001338,172.217.194.0-255,2902,87543,69,135029
4212,0.00134,172.31.40.0-255,66,87609,69,135029
4213,0.00136,172.217.194.0-255,2902,90511,69,135029
4214,0.001362,172.31.40.0-255,66,90577,69,135029
4215,0.001368,172.217.194.0-255,4320,94897,69,135029
4216,0.00137,172.31.40.0-255,66,94963,69,135029
4217,0.001403,172.217.194.0-255,4320,99283,69,135029
4218,0.001406,172.31.40.0-255,66,99349,69,135029
4219,0.001422,172.31.40.0-255,66,99415,69,135029
4220,0.001435,172.31.40.0-255,66,99481,69,135029
4221,0.00146,172.217.194.0-255,2902,102383,69,135029
4222,0.001463,172.31.40.0-255,66,102449,69,135029
4223,0.001468,172.217.194.0-255,2902,105351,69,135029
4224,0.00147,172.31.40.0-255,66,105417,69,135029
4225,0.001526,172.31.40.0-255,66,105483,69,135029
4226,0.001533,172.217.194.0-255,7156,112639,69,135029
4227,0.001535,172.31.40.0-255,66,112705,69,135029
4228,0.001581,172.31.40.0-255,66,112771,69,135029
4229,0.001587,172.217.194.0-255,4320,117091,69,135029
4230,0.001589,172.31.40.0-255,66,117157,69,135029
4231,0.001679,172.217.194.0-255,1484,118641,69,135029
4232,0.001737,172.31.40.0-255,66,118707,69,135029
4233,0.00174,172.31.40.0-255,66,118773,69,135029
4234,0.001743,172.31.40.0-255,66,118839,69,135029
4235,0.001788,172.31.40.0-255,66,118905,69,135029
4236,0.001795,172.217.194.0-255,6673,125578,69,135029
4237,0.001799,172.31.40.0-255,66,125644,69,135029
4238,0.001801,172.217.194.0-255,105,125749,69,135029
4239,0.009423,172.31.40.0-255,66,125815,69,135029
4240,0.009461,172.31.40.0-255,105,125920,69,135029
4241,0.011892,172.217.194.0-255,66,125986,69,135029
4242,0.036567,172.31.40.0-255,172,126158,69,135029
4243,0.036601,172.31.40.0-255,1112,127270,69,135029
4244,0.036668,172.31.40.0-255,1514,128784,69,135029
4245,0.03667,172.31.40.0-255,1514,130298,69,135029
4246,0.036671,172.31.40.0-255,1514,131812,69,135029
4247,0.036676,172.31.40.0-255,1514,133326,69,135029
4248,0.036678,172.31.40.0-255,1505,134831,69,135029
4249,0.038249,104.244.42.0-255,66,134897,69,135029
4250,0.038275,104.244.42.0-255,66,134963,69,135029
4251,0.038342,104.244.42.0-255,66,135029,69,135029
4252,0.0,172.217.194.0-255,146,146,69,250596
4253,1.4e-05,172.31.40.0-255,66,212,69,250596
4254,2.1e-05,172.217.194.0-255,1484,1696,69,250596
4255,2.5e-05,172.31.40.0-255,66,1762,69,250596
4256,3.9e-05,172.217.194.0-255,2902,4664,69,250596
4257,4.3e-05,172.31.40.0-255,66,4730,69,250596
4258,4.6e-05,172.217.194.0-255,1484,6214,69,250596
4259,4.8e-05,172.31.40.0-255,66,6280,69,250596
4260,5.5e-05,172.217.194.0-255,5738,12018,69,250596
4261,5.8e-05,172.31.40.0-255,66,12084,69,250596
4262,7.7e-05,172.217.194.0-255,5738,17822,69,250596
4263,8e-05,172.31.40.0-255,66,17888,69,250596
4264,0.000117,172.31.40.0-255,66,17954,69,250596
4265,0.000124,172.217.194.0-255,5379,23333,69,250596
4266,0.000126,172.31.40.0-255,66,23399,69,250596
4267,0.000167,172.217.194.0-255,1484,24883,69,250596
4268,0.00017,172.31.40.0-255,66,24949,69,250596
4269,0.000174,172.217.194.0-255,2902,27851,69,250596
4270,0.000177,172.31.40.0-255,66,27917,69,250596
4271,0.000212,172.217.194.0-255,5738,33655,69,250596
4272,0.000215,172.31.40.0-255,66,33721,69,250596
4273,0.000226,172.31.40.0-255,66,33787,69,250596
4274,0.000254,172.217.194.0-255,3961,37748,69,250596
4275,0.000257,172.31.40.0-255,66,37814,69,250596
4276,0.000274,172.31.40.0-255,66,37880,69,250596
4277,0.000276,172.217.194.0-255,377,38257,69,250596
4278,0.000278,172.31.40.0-255,66,38323,69,250596
4279,0.000315,172.217.194.0-255,98,38421,69,250596
4280,0.000318,172.31.40.0-255,66,38487,69,250596
4281,0.000396,172.217.194.0-255,1484,39971,69,250596
4282,0.000403,172.217.194.0-255,2902,42873,69,250596
4283,0.000405,172.31.40.0-255,66,42939,69,250596
4284,0.000413,172.217.194.0-255,5738,48677,69,250596
4285,0.000416,172.31.40.0-255,66,48743,69,250596
4286,0.000442,172.217.194.0-255,2902,51645,69,250596
4287,0.000446,172.31.40.0-255,66,51711,69,250596
4288,0.000478,172.217.194.0-255,4261,55972,69,250596
4289,0.000481,172.31.40.0-255,66,56038,69,250596
4290,0.000594,172.217.194.0-255,1484,57522,69,250596
4291,0.0006,172.217.194.0-255,2902,60424,69,250596
4292,0.000603,172.31.40.0-255,66,60490,69,250596
4293,0.000609,172.217.194.0-255,5738,66228,69,250596
4294,0.000612,172.31.40.0-255,66,66294,69,250596
4295,0.000651,172.31.40.0-255,66,66360,69,250596
4296,0.000661,172.31.40.0-255,66,66426,69,250596
4297,0.000693,172.217.194.0-255,1634,68060,69,250596
4298,0.000696,172.31.40.0-255,66,68126,69,250596
4299,0.000778,172.217.194.0-255,1484,69610,69,250596
4300,0.000785,172.217.194.0-255,2902,72512,69,250596
4301,0.000789,172.31.40.0-255,66,72578,69,250596
4302,0.000796,172.217.194.0-255,5738,78316,69,250596
4303,0.000799,172.31.40.0-255,66,78382,69,250596
4304,0.000807,172.217.194.0-255,1484,79866,69,250596
4305,0.000811,172.217.194.0-255,2902,82768,69,250596
4306,0.000814,172.31.40.0-255,66,82834,69,250596
4307,0.000854,172.31.40.0-255,66,82900,69,250596
4308,0.000865,172.31.40.0-255,66,82966,69,250596
4309,0.000882,172.31.40.0-255,66,83032,69,250596
4310,0.000911,172.217.194.0-255,6797,89829,69,250596
4311,0.000918,172.31.40.0-255,66,89895,69,250596
4312,0.000957,172.217.194.0-255,1484,91379,69,250596
4313,0.000961,172.217.194.0-255,2902,94281,69,250596
4314,0.000964,172.31.40.0-255,66,94347,69,250596
4315,0.00097,172.217.194.0-255,5738,100085,69,250596
4316,0.000972,172.31.40.0-255,66,100151,69,250596
4317,0.001053,172.31.40.0-255,66,100217,69,250596
4318,0.00107,172.31.40.0-255,66,100283,69,250596
4319,0.001206,172.217.194.0-255,1484,101767,69,250596
4320,0.001212,172.217.194.0-255,2902,104669,69,250596
4321,0.001215,172.31.40.0-255,66,104735,69,250596
4322,0.001219,172.217.194.0-255,1484,106219,69,250596
4323,0.001245,172.217.194.0-255,4320,110539,69,250596
4324,0.001247,172.31.40.0-255,66,110605,69,250596
4325,0.001264,172.217.194.0-255,4320,114925,69,250596
4326,0.001277,172.31.40.0-255,66,114991,69,250596
4327,0.001296,172.217.194.0-255,6438,121429,69,250596
4328,0.001306,172.31.40.0-255,66,121495,69,250596
4329,0.001618,172.217.194.0-255,1484,122979,69,250596
4330,0.001623,172.217.194.0-255,2902,125881,69,250596
4331,0.001627,172.31.40.0-255,66,125947,69,250596
4332,0.001632,172.217.194.0-255,2902,128849,69,250596
4333,0.001652,172.31.40.0-255,66,128915,69,250596
4334,0.001657,172.217.194.0-255,2902,131817,69,250596
4335,0.001661,172.217.194.0-255,4320,136137,69,250596
4336,0.001683,172.31.40.0-255,66,136203,69,250596
4337,0.001749,172.31.40.0-255,66,136269,69,250596
4338,0.001782,172.217.194.0-255,1484,137753,69,250596
4339,0.001789,172.217.194.0-255,5738,143491,69,250596
4340,0.001795,172.217.194.0-255,6438,149929,69,250596
4341,0.001798,172.31.40.0-255,66,149995,69,250596
4342,0.00184,172.31.40.0-255,66,150061,69,250596
4343,0.001907,172.217.194.0-255,1484,151545,69,250596
4344,0.001912,172.217.194.0-255,2902,154447,69,250596
4345,0.001927,172.217.194.0-255,5738,160185,69,250596
4346,0.001941,172.31.40.0-255,66,160251,69,250596
4347,0.001945,172.217.194.0-255,1484,161735,69,250596
4348,0.001983,172.31.40.0-255,66,161801,69,250596
4349,0.002027,172.31.40.0-255,66,161867,69,250596
4350,0.004035,172.217.194.0-255,5738,167605,69,250596
4351,0.00404,172.31.40.0-255,66,167671,69,250596
4352,0.006083,172.217.194.0-255,5738,173409,69,250596
4353,0.006089,172.31.40.0-255,66,173475,69,250596
4354,0.008148,172.217.194.0-255,5738,179213,69,250596
4355,0.008155,172.31.40.0-255,66,179279,69,250596
4356,0.010216,172.217.194.0-255,5738,185017,69,250596
4357,0.010221,172.31.40.0-255,66,185083,69,250596
4358,0.012243,172.217.194.0-255,5738,190821,69,250596
4359,0.01225,172.31.40.0-255,66,190887,69,250596
4360,0.014264,172.217.194.0-255,5738,196625,69,250596
4361,0.014271,172.31.40.0-255,66,196691,69,250596
4362,0.016276,172.217.194.0-255,5738,202429,69,250596
4363,0.016283,172.31.40.0-255,66,202495,69,250596
4364,0.018346,172.217.194.0-255,5738,208233,69,250596
4365,0.018353,172.31.40.0-255,66,208299,69,250596
4366,0.020383,172.217.194.0-255,5738,214037,69,250596
4367,0.020391,172.31.40.0-255,66,214103,69,250596
4368,0.022398,172.217.194.0-255,5738,219841,69,250596
4369,0.022408,172.31.40.0-255,66,219907,69,250596
4370,0.024429,172.217.194.0-255,5738,225645,69,250596
4371,0.024435,172.31.40.0-255,66,225711,69,250596
4372,0.026468,172.217.194.0-255,5738,231449,69,250596
4373,0.026474,172.31.40.0-255,66,231515,69,250596
4374,0.02853,172.217.194.0-255,5738,237253,69,250596
4375,0.028537,172.31.40.0-255,66,237319,69,250596
4376,0.030587,172.217.194.0-255,4889,242208,69,250596
4377,0.030594,172.31.40.0-255,66,242274,69,250596
4378,0.03091,172.31.40.0-255,105,242379,69,250596
4379,0.031813,172.31.40.0-255,172,242551,69,250596
4380,0.031844,172.31.40.0-255,1111,243662,69,250596
4381,0.031909,172.31.40.0-255,1514,245176,69,250596
4382,0.031911,172.31.40.0-255,1514,246690,69,250596
4383,0.031912,172.31.40.0-255,1514,248204,69,250596
4384,0.031913,172.31.40.0-255,1514,249718,69,250596
4385,0.031914,172.31.40.0-255,548,250266,69,250596
4386,0.032924,172.217.194.0-255,66,250332,69,250596
4387,0.03334,104.244.42.0-255,66,250398,69,250596
4388,0.033353,104.244.42.0-255,66,250464,69,250596
4389,0.03346,104.244.42.0-255,66,250530,69,250596
4390,0.033464,104.244.42.0-255,66,250596,69,250596
4391,0.0,74.125.24.0-255,147,147,69,281234
4392,2e-05,172.31.40.0-255,66,213,69,281234
4393,2.6e-05,74.125.24.0-255,1484,1697,69,281234
4394,3.1e-05,172.31.40.0-255,66,1763,69,281234
4395,3.7e-05,74.125.24.0-255,2902,4665,69,281234
4396,4e-05,172.31.40.0-255,66,4731,69,281234
4397,4.8e-05,74.125.24.0-255,7156,11887,69,281234
4398,5e-05,172.31.40.0-255,66,11953,69,281234
4399,9.4e-05,172.31.40.0-255,66,12019,69,281234
4400,9.7e-05,74.125.24.0-255,1484,13503,69,281234
4401,9.9e-05,172.31.40.0-255,66,13569,69,281234
4402,0.000121,74.125.24.0-255,7156,20725,69,281234
4403,0.000123,172.31.40.0-255,66,20791,69,281234
4404,0.000126,74.125.24.0-255,2543,23334,69,281234
4405,0.000128,172.31.40.0-255,66,23400,69,281234
4406,0.000249,74.125.24.0-255,1484,24884,69,281234
4407,0.000253,172.31.40.0-255,66,24950,69,281234
4408,0.000257,74.125.24.0-255,1484,26434,69,281234
4409,0.000258,172.31.40.0-255,66,26500,69,281234
4410,0.000272,74.125.24.0-255,1484,27984,69,281234
4411,0.000275,172.31.40.0-255,66,28050,69,281234
4412,0.00029,74.125.24.0-255,1484,29534,69,281234
4413,0.000292,172.31.40.0-255,66,29600,69,281234
4414,0.000305,74.125.24.0-255,4320,33920,69,281234
4415,0.000307,172.31.40.0-255,66,33986,69,281234
4416,0.000328,74.125.24.0-255,1484,35470,69,281234
4417,0.000329,172.31.40.0-255,66,35536,69,281234
4418,0.000353,74.125.24.0-255,5379,40915,69,281234
4419,0.000355,172.31.40.0-255,66,40981,69,281234
4420,0.00036,74.125.24.0-255,4320,45301,69,281234
4421,0.000362,172.31.40.0-255,66,45367,69,281234
4422,0.000376,74.125.24.0-255,2902,48269,69,281234
4423,0.000378,172.31.40.0-255,66,48335,69,281234
4424,0.000384,74.125.24.0-255,5738,54073,69,281234
4425,0.000386,172.31.40.0-255,66,54139,69,281234
4426,0.000403,74.125.24.0-255,3961,58100,69,281234
4427,0.000406,172.31.40.0-255,66,58166,69,281234
4428,0.000709,74.125.24.0-255,645,58811,69,281234
4429,0.000717,172.31.40.0-255,101,58912,69,281234
4430,0.001417,74.125.24.0-255,1484,60396,69,281234
4431,0.001424,172.31.40.0-255,66,60462,69,281234
4432,0.001434,74.125.24.0-255,2902,63364,69,281234
4433,0.001437,172.31.40.0-255,66,63430,69,281234
4434,0.001463,74.125.24.0-255,4320,67750,69,281234
4435,0.001466,172.31.40.0-255,66,67816,69,281234
4436,0.001472,74.125.24.0-255,5738,73554,69,281234
4437,0.001475,172.31.40.0-255,66,73620,69,281234
4438,0.001502,74.125.24.0-255,2902,76522,69,281234
4439,0.001505,172.31.40.0-255,66,76588,69,281234
4440,0.001512,74.125.24.0-255,7156,83744,69,281234
4441,0.001514,172.31.40.0-255,66,83810,69,281234
4442,0.001547,172.31.40.0-255,66,83876,69,281234
4443,0.00155,74.125.24.0-255,766,84642,69,281234
4444,0.002243,74.125.24.0-255,1484,86126,69,281234
4445,0.00225,172.31.40.0-255,66,86192,69,281234
4446,0.002255,74.125.24.0-255,1484,87676,69,281234
4447,0.002269,74.125.24.0-255,2902,90578,69,281234
4448,0.002272,172.31.40.0-255,66,90644,69,281234
4449,0.002279,74.125.24.0-255,4320,94964,69,281234
4450,0.00228,172.31.40.0-255,66,95030,69,281234
4451,0.002297,74.125.24.0-255,1484,96514,69,281234
4452,0.002301,74.125.24.0-255,1484,97998,69,281234
4453,0.002303,172.31.40.0-255,66,98064,69,281234
4454,0.002331,172.31.40.0-255,66,98130,69,281234
4455,0.002334,74.125.24.0-255,1484,99614,69,281234
4456,0.002397,172.31.40.0-255,66,99680,69,281234
4457,0.002403,74.125.24.0-255,5738,105418,69,281234
4458,0.002406,172.31.40.0-255,66,105484,69,281234
4459,0.002422,74.125.24.0-255,7156,112640,69,281234
4460,0.002425,172.31.40.0-255,66,112706,69,281234
4461,0.002461,172.31.40.0-255,66,112772,69,281234
4462,0.002464,74.125.24.0-255,766,113538,69,281234
4463,0.002467,74.125.24.0-255,1484,115022,69,281234
4464,0.002469,172.31.40.0-255,66,115088,69,281234
4465,0.003051,74.125.24.0-255,66,115154,69,281234
4466,0.004839,74.125.24.0-255,4320,119474,69,281234
4467,0.004844,172.31.40.0-255,66,119540,69,281234
4468,0.004861,74.125.24.0-255,1484,121024,69,281234
4469,0.007218,74.125.24.0-255,2902,123926,69,281234
4470,0.007224,172.31.40.0-255,66,123992,69,281234
4471,0.00724,74.125.24.0-255,1484,125476,69,281234
4472,0.0096,74.125.24.0-255,4320,129796,69,281234
4473,0.009607,172.31.40.0-255,66,129862,69,281234
4474,0.011993,74.125.24.0-255,5738,135600,69,281234
4475,0.012002,172.31.40.0-255,66,135666,69,281234
4476,0.014404,74.125.24.0-255,5738,141404,69,281234
4477,0.014414,172.31.40.0-255,66,141470,69,281234
4478,0.016816,74.125.24.0-255,5738,147208,69,281234
4479,0.016824,172.31.40.0-255,66,147274,69,281234
4480,0.019181,74.125.24.0-255,5738,153012,69,281234
4481,0.019187,172.31.40.0-255,66,153078,69,281234
4482,0.021562,74.125.24.0-255,5738,158816,69,281234
4483,0.02157,172.31.40.0-255,66,158882,69,281234
4484,0.023944,74.125.24.0-255,5738,164620,69,281234
4485,0.023951,172.31.40.0-255,66,164686,69,281234
4486,0.026328,74.125.24.0-255,5738,170424,69,281234
4487,0.026336,172.31.40.0-255,66,170490,69,281234
4488,0.028738,74.125.24.0-255,5738,176228,69,281234
4489,0.028747,172.31.40.0-255,66,176294,69,281234
4490,0.031104,74.125.24.0-255,5738,182032,69,281234
4491,0.031112,172.31.40.0-255,66,182098,69,281234
4492,0.033499,74.125.24.0-255,5738,187836,69,281234
4493,0.033507,172.31.40.0-255,66,187902,69,281234
4494,0.033844,172.31.40.0-255,172,188074,69,281234
4495,0.033874,172.31.40.0-255,1116,189190,69,281234
4496,0.033935,172.31.40.0-255,1514,190704,69,281234
4497,0.033936,172.31.40.0-255,1514,192218,69,281234
4498,0.033938,172.31.40.0-255,1514,193732,69,281234
4499,0.033942,172.31.40.0-255,1514,195246,69,281234
4500,0.033949,172.31.40.0-255,1500,196746,69,281234
4501,0.035526,104.244.42.0-255,66,196812,69,281234
4502,0.035534,104.244.42.0-255,66,196878,69,281234
4503,0.035624,104.244.42.0-255,66,196944,69,281234
4504,0.035889,74.125.24.0-255,5738,202682,69,281234
4505,0.035895,172.31.40.0-255,66,202748,69,281234
4506,0.03828,74.125.24.0-255,5738,208486,69,281234
4507,0.038286,172.31.40.0-255,66,208552,69,281234
4508,0.040669,74.125.24.0-255,5738,214290,69,281234
4509,0.040675,172.31.40.0-255,66,214356,69,281234
4510,0.043036,74.125.24.0-255,5738,220094,69,281234
4511,0.043043,172.31.40.0-255,66,220160,69,281234
4512,0.045419,74.125.24.0-255,5738,225898,69,281234
4513,0.045428,172.31.40.0-255,66,225964,69,281234
4514,0.04782,74.125.24.0-255,5738,231702,69,281234
4515,0.047827,172.31.40.0-255,66,231768,69,281234
4516,0.050204,74.125.24.0-255,5738,237506,69,281234
4517,0.05021,172.31.40.0-255,66,237572,69,281234
4518,0.0526,74.125.24.0-255,5738,243310,69,281234
4519,0.052605,172.31.40.0-255,66,243376,69,281234
4520,0.054988,74.125.24.0-255,5738,249114,69,281234
4521,0.054994,172.31.40.0-255,66,249180,69,281234
4522,0.057377,74.125.24.0-255,4320,253500,69,281234
4523,0.057383,172.31.40.0-255,66,253566,69,281234
4524,0.057401,74.125.24.0-255,1484,255050,69,281234
4525,0.059792,74.125.24.0-255,2902,257952,69,281234
4526,0.0598,172.31.40.0-255,66,258018,69,281234
4527,0.062241,74.125.24.0-255,5738,263756,69,281234
4528,0.062248,172.31.40.0-255,66,263822,69,281234
4529,0.064636,74.125.24.0-255,5738,269560,69,281234
4530,0.064643,172.31.40.0-255,66,269626,69,281234
4531,0.067141,74.125.24.0-255,5738,275364,69,281234
4532,0.067147,172.31.40.0-255,66,275430,69,281234
4533,0.069546,74.125.24.0-255,5738,281168,69,281234
4534,0.069552,172.31.40.0-255,66,281234,69,281234
4535,0.0,172.217.194.0-255,153,153,69,163277
4536,2.2e-05,172.31.40.0-255,66,219,69,163277
4537,2.9e-05,172.217.194.0-255,1484,1703,69,163277
4538,3.4e-05,172.31.40.0-255,66,1769,69,163277
4539,4e-05,172.217.194.0-255,2902,4671,69,163277
4540,4.3e-05,172.31.40.0-255,66,4737,69,163277
4541,4.8e-05,172.217.194.0-255,4320,9057,69,163277
4542,5.1e-05,172.31.40.0-255,66,9123,69,163277
4543,7e-05,172.217.194.0-255,4320,13443,69,163277
4544,7.2e-05,172.31.40.0-255,66,13509,69,163277
4545,9.7e-05,172.31.40.0-255,66,13575,69,163277
4546,0.000103,172.217.194.0-255,5738,19313,69,163277
4547,0.000106,172.31.40.0-255,66,19379,69,163277
4548,0.00013,172.217.194.0-255,3961,23340,69,163277
4549,0.000133,172.31.40.0-255,66,23406,69,163277
4550,0.000181,172.217.194.0-255,1484,24890,69,163277
4551,0.000183,172.31.40.0-255,66,24956,69,163277
4552,0.000187,172.217.194.0-255,1484,26440,69,163277
4553,0.000189,172.31.40.0-255,66,26506,69,163277
4554,0.000205,172.217.194.0-255,1484,27990,69,163277
4555,0.000207,172.31.40.0-255,66,28056,69,163277
4556,0.000212,172.217.194.0-255,2902,30958,69,163277
4557,0.000215,172.31.40.0-255,66,31024,69,163277
4558,0.000236,172.217.194.0-255,2902,33926,69,163277
4559,0.000239,172.31.40.0-255,66,33992,69,163277
4560,0.000277,172.31.40.0-255,66,34058,69,163277
4561,0.000285,172.217.194.0-255,5738,39796,69,163277
4562,0.000288,172.31.40.0-255,66,39862,69,163277
4563,0.000305,172.217.194.0-255,4249,44111,69,163277
4564,0.000308,172.31.40.0-255,66,44177,69,163277
4565,0.000311,172.217.194.0-255,100,44277,69,163277
4566,0.000314,172.217.194.0-255,364,44641,69,163277
4567,0.000428,172.217.194.0-255,1484,46125,69,163277
4568,0.000431,172.31.40.0-255,66,46191,69,163277
4569,0.000436,172.217.194.0-255,2902,49093,69,163277
4570,0.000439,172.31.40.0-255,66,49159,69,163277
4571,0.000444,172.217.194.0-255,4320,53479,69,163277
4572,0.000446,172.31.40.0-255,66,53545,69,163277
4573,0.000469,172.217.194.0-255,1484,55029,69,163277
4574,0.000476,172.217.194.0-255,5738,60767,69,163277
4575,0.000479,172.31.40.0-255,66,60833,69,163277
4576,0.000507,172.217.194.0-255,7156,67989,69,163277
4577,0.000509,172.31.40.0-255,66,68055,69,163277
4578,0.00052,172.31.40.0-255,66,68121,69,163277
4579,0.000973,172.217.194.0-255,1484,69605,69,163277
4580,0.000991,172.217.194.0-255,2902,72507,69,163277
4581,0.000995,172.31.40.0-255,66,72573,69,163277
4582,0.001001,172.217.194.0-255,4320,76893,69,163277
4583,0.001003,172.31.40.0-255,66,76959,69,163277
4584,0.001018,172.217.194.0-255,1484,78443,69,163277
4585,0.00103,172.31.40.0-255,66,78509,69,163277
4586,0.00104,172.31.40.0-255,66,78575,69,163277
4587,0.001059,172.217.194.0-255,2184,80759,69,163277
4588,0.001061,172.31.40.0-255,66,80825,69,163277
4589,0.001077,172.217.194.0-255,1484,82309,69,163277
4590,0.001096,172.217.194.0-255,2902,85211,69,163277
4591,0.001099,172.31.40.0-255,66,85277,69,163277
4592,0.001105,172.217.194.0-255,5738,91015,69,163277
4593,0.001107,172.31.40.0-255,66,91081,69,163277
4594,0.001119,172.217.194.0-255,1484,92565,69,163277
4595,0.00115,172.31.40.0-255,66,92631,69,163277
4596,0.00119,172.31.40.0-255,66,92697,69,163277
4597,0.001201,172.217.194.0-255,1484,94181,69,163277
4598,0.001203,172.217.194.0-255,766,94947,69,163277
4599,0.001205,172.31.40.0-255,66,95013,69,163277
4600,0.001208,172.217.194.0-255,1484,96497,69,163277
4601,0.001212,172.217.194.0-255,4320,100817,69,163277
4602,0.001215,172.31.40.0-255,66,100883,69,163277
4603,0.001218,172.217.194.0-255,2902,103785,69,163277
4604,0.00122,172.31.40.0-255,66,103851,69,163277
4605,0.001252,172.217.194.0-255,7156,111007,69,163277
4606,0.001255,172.31.40.0-255,66,111073,69,163277
4607,0.001265,172.31.40.0-255,66,111139,69,163277
4608,0.0013,172.31.40.0-255,66,111205,69,163277
4609,0.001377,172.217.194.0-255,1484,112689,69,163277
4610,0.001387,172.217.194.0-255,1484,114173,69,163277
4611,0.00139,172.31.40.0-255,66,114239,69,163277
4612,0.001409,172.217.194.0-255,1484,115723,69,163277
4613,0.001414,172.217.194.0-255,5738,121461,69,163277
4614,0.001417,172.31.40.0-255,66,121527,69,163277
4615,0.001421,172.217.194.0-255,4320,125847,69,163277
4616,0.001423,172.31.40.0-255,66,125913,69,163277
4617,0.001449,172.31.40.0-255,66,125979,69,163277
4618,0.001463,172.31.40.0-255,66,126045,69,163277
4619,0.001643,172.217.194.0-255,1484,127529,69,163277
4620,0.001649,172.217.194.0-255,2902,130431,69,163277
4621,0.001652,172.31.40.0-255,66,130497,69,163277
4622,0.00167,172.217.194.0-255,5738,136235,69,163277
4623,0.001672,172.31.40.0-255,66,136301,69,163277
4624,0.001676,172.217.194.0-255,1484,137785,69,163277
4625,0.001716,172.31.40.0-255,66,137851,69,163277
4626,0.001728,172.31.40.0-255,66,137917,69,163277
4627,0.001788,172.31.40.0-255,66,137983,69,163277
4628,0.001805,172.217.194.0-255,3602,141585,69,163277
4629,0.001808,172.31.40.0-255,66,141651,69,163277
4630,0.001813,172.217.194.0-255,4320,145971,69,163277
4631,0.001816,172.31.40.0-255,66,146037,69,163277
4632,0.001839,172.217.194.0-255,7156,153193,69,163277
4633,0.001842,172.31.40.0-255,66,153259,69,163277
4634,0.001872,172.31.40.0-255,66,153325,69,163277
4635,0.001884,172.31.40.0-255,66,153391,69,163277
4636,0.001918,172.31.40.0-255,66,153457,69,163277
4637,0.001929,172.31.40.0-255,66,153523,69,163277
4638,0.001958,172.31.40.0-255,66,153589,69,163277
4639,0.002042,172.31.40.0-255,66,153655,69,163277
4640,0.002057,172.31.40.0-255,66,153721,69,163277
4641,0.002083,172.31.40.0-255,66,153787,69,163277
4642,0.002086,172.217.194.0-255,105,153892,69,163277
4643,0.002602,172.31.40.0-255,101,153993,69,163277
4644,0.005255,172.217.194.0-255,66,154059,69,163277
4645,0.010502,172.31.40.0-255,105,154164,69,163277
4646,0.013166,172.217.194.0-255,66,154230,69,163277
4647,0.044038,172.31.40.0-255,176,154406,69,163277
4648,0.044065,172.31.40.0-255,1114,155520,69,163277
4649,0.044125,172.31.40.0-255,1514,157034,69,163277
4650,0.044126,172.31.40.0-255,1514,158548,69,163277
4651,0.044127,172.31.40.0-255,1514,160062,69,163277
4652,0.044132,172.31.40.0-255,1514,161576,69,163277
4653,0.044133,172.31.40.0-255,1503,163079,69,163277
4654,0.045729,104.244.42.0-255,66,163145,69,163277
4655,0.045767,104.244.42.0-255,66,163211,69,163277
4656,0.045844,104.244.42.0-255,66,163277,69,163277
4657,0.0,172.217.194.0-255,297,297,69,199383
4658,2.2e-05,172.31.40.0-255,66,363,69,199383
4659,2.9e-05,172.217.194.0-255,1484,1847,69,199383
4660,3.2e-05,172.31.40.0-255,66,1913,69,199383
4661,4.7e-05,172.217.194.0-255,4320,6233,69,199383
4662,5e-05,172.31.40.0-255,66,6299,69,199383
4663,0.000146,172.217.194.0-255,7156,13455,69,199383
4664,0.00015,172.31.40.0-255,66,13521,69,199383
4665,0.000174,172.217.194.0-255,517,14038,69,199383
4666,0.000177,172.31.40.0-255,66,14104,69,199383
4667,0.000362,172.217.194.0-255,2902,17006,69,199383
4668,0.000367,172.31.40.0-255,66,17072,69,199383
4669,0.000397,172.217.194.0-255,5738,22810,69,199383
4670,0.000403,172.31.40.0-255,66,22876,69,199383
4671,0.000622,172.217.194.0-255,7156,30032,69,199383
4672,0.000627,172.31.40.0-255,66,30098,69,199383
4673,0.000653,172.217.194.0-255,1125,31223,69,199383
4674,0.000656,172.31.40.0-255,66,31289,69,199383
4675,0.000871,172.31.40.0-255,66,31355,69,199383
4676,0.000908,172.31.40.0-255,66,31421,69,199383
4677,0.001413,172.31.40.0-255,66,31487,69,199383
4678,0.001866,172.31.40.0-255,66,31553,69,199383
4679,0.001913,172.31.40.0-255,66,31619,69,199383
4680,0.002833,172.217.194.0-255,4320,35939,69,199383
4681,0.002847,172.31.40.0-255,66,36005,69,199383
4682,0.002909,172.31.40.0-255,66,36071,69,199383
4683,0.003829,172.31.40.0-255,66,36137,69,199383
4684,0.003865,172.31.40.0-255,66,36203,69,199383
4685,0.006213,172.217.194.0-255,5738,41941,69,199383
4686,0.00622,172.31.40.0-255,66,42007,69,199383
4687,0.008558,172.217.194.0-255,5738,47745,69,199383
4688,0.008566,172.31.40.0-255,66,47811,69,199383
4689,0.010913,172.217.194.0-255,5738,53549,69,199383
4690,0.010924,172.31.40.0-255,66,53615,69,199383
4691,0.013269,172.217.194.0-255,5738,59353,69,199383
4692,0.013278,172.31.40.0-255,66,59419,69,199383
4693,0.015582,172.217.194.0-255,5738,65157,69,199383
4694,0.015592,172.31.40.0-255,66,65223,69,199383
4695,0.017961,172.217.194.0-255,5738,70961,69,199383
4696,0.017971,172.31.40.0-255,66,71027,69,199383
4697,0.020294,172.217.194.0-255,5738,76765,69,199383
4698,0.020304,172.31.40.0-255,66,76831,69,199383
4699,0.022618,172.217.194.0-255,5738,82569,69,199383
4700,0.022627,172.31.40.0-255,66,82635,69,199383
4701,0.02498,172.217.194.0-255,5738,88373,69,199383
4702,0.024989,172.31.40.0-255,66,88439,69,199383
4703,0.025501,172.31.40.0-255,167,88606,69,199383
4704,0.025532,172.31.40.0-255,1111,89717,69,199383
4705,0.0256,172.31.40.0-255,1514,91231,69,199383
4706,0.025602,172.31.40.0-255,1514,92745,69,199383
4707,0.025603,172.31.40.0-255,1514,94259,69,199383
4708,0.025604,172.31.40.0-255,1514,95773,69,199383
4709,0.025605,172.31.40.0-255,546,96319,69,199383
4710,0.02705,104.244.42.0-255,66,96385,69,199383
4711,0.027105,104.244.42.0-255,66,96451,69,199383
4712,0.02715,104.244.42.0-255,66,96517,69,199383
4713,0.027194,104.244.42.0-255,66,96583,69,199383
4714,0.027309,172.217.194.0-255,5738,102321,69,199383
4715,0.027315,172.31.40.0-255,66,102387,69,199383
4716,0.027782,104.244.42.0-255,108,102495,69,199383
4717,0.027791,172.31.40.0-255,66,102561,69,199383
4718,0.029709,172.217.194.0-255,5738,108299,69,199383
4719,0.029715,172.31.40.0-255,66,108365,69,199383
4720,0.032045,172.217.194.0-255,2902,111267,69,199383
4721,0.032053,172.31.40.0-255,66,111333,69,199383
4722,0.032081,172.217.194.0-255,2902,114235,69,199383
4723,0.032103,172.31.40.0-255,66,114301,69,199383
4724,0.034397,172.217.194.0-255,2902,117203,69,199383
4725,0.034402,172.31.40.0-255,66,117269,69,199383
4726,0.034432,172.217.194.0-255,2902,120171,69,199383
4727,0.034464,172.31.40.0-255,66,120237,69,199383
4728,0.036718,172.217.194.0-255,2902,123139,69,199383
4729,0.036725,172.31.40.0-255,66,123205,69,199383
4730,0.036798,172.217.194.0-255,2902,126107,69,199383
4731,0.036825,172.31.40.0-255,66,126173,69,199383
4732,0.039074,172.217.194.0-255,2902,129075,69,199383
4733,0.039093,172.31.40.0-255,66,129141,69,199383
4734,0.039146,172.217.194.0-255,2902,132043,69,199383
4735,0.041417,172.217.194.0-255,2902,134945,69,199383
4736,0.042905,172.31.40.0-255,66,135011,69,199383
4737,0.045232,172.217.194.0-255,5738,140749,69,199383
4738,0.04525,172.31.40.0-255,66,140815,69,199383
4739,0.047618,172.217.194.0-255,5738,146553,69,199383
4740,0.047628,172.31.40.0-255,66,146619,69,199383
4741,0.050006,172.217.194.0-255,5738,152357,69,199383
4742,0.050014,172.31.40.0-255,66,152423,69,199383
4743,0.052402,172.217.194.0-255,5738,158161,69,199383
4744,0.052408,172.31.40.0-255,66,158227,69,199383
4745,0.054753,172.217.194.0-255,5738,163965,69,199383
4746,0.05476,172.31.40.0-255,66,164031,69,199383
4747,0.057091,172.217.194.0-255,5738,169769,69,199383
4748,0.057097,172.31.40.0-255,66,169835,69,199383
4749,0.059447,172.217.194.0-255,5738,175573,69,199383
4750,0.059453,172.31.40.0-255,66,175639,69,199383
4751,0.061758,172.217.194.0-255,2902,178541,69,199383
4752,0.061763,172.31.40.0-255,66,178607,69,199383
4753,0.061793,172.217.194.0-255,2902,181509,69,199383
4754,0.061817,172.31.40.0-255,66,181575,69,199383
4755,0.06412,172.217.194.0-255,2902,184477,69,199383
4756,0.064126,172.31.40.0-255,66,184543,69,199383
4757,0.064183,172.217.194.0-255,2902,187445,69,199383
4758,0.064193,172.31.40.0-255,66,187511,69,199383
4759,0.066482,172.217.194.0-255,2902,190413,69,199383
4760,0.066489,172.31.40.0-255,66,190479,69,199383
4761,0.066554,172.217.194.0-255,2902,193381,69,199383
4762,0.066581,172.31.40.0-255,66,193447,69,199383
4763,0.068823,172.217.194.0-255,2902,196349,69,199383
4764,0.06883,172.31.40.0-255,66,196415,69,199383
4765,0.068889,172.217.194.0-255,2902,199317,69,199383
4766,0.068926,172.31.40.0-255,66,199383,69,199383
4767,0.0,172.31.40.0-255,105,105,69,276
4768,0.001896,157.240.7.0-255,105,210,69,276
4769,0.00191,172.31.40.0-255,66,276,69,276
4770,0.0,74.125.130.0-255,219,219,69,315193
4771,1.9e-05,172.31.40.0-255,66,285,69,315193
4772,2.6e-05,74.125.130.0-255,1484,1769,69,315193
4773,3.1e-05,172.31.40.0-255,66,1835,69,315193
4774,3.7e-05,74.125.130.0-255,2902,4737,69,315193
4775,4.8e-05,172.31.40.0-255,66,4803,69,315193
4776,5.5e-05,74.125.130.0-255,4320,9123,69,315193
4777,5.8e-05,172.31.40.0-255,66,9189,69,315193
4778,0.000104,74.125.130.0-255,4731,13920,69,315193
4779,0.000113,172.31.40.0-255,66,13986,69,315193
4780,0.00012,74.125.130.0-255,5738,19724,69,315193
4781,0.000122,172.31.40.0-255,66,19790,69,315193
4782,0.000125,74.125.130.0-255,1484,21274,69,315193
4783,0.000128,172.31.40.0-255,66,21340,69,315193
4784,0.000166,74.125.130.0-255,7156,28496,69,315193
4785,0.000169,172.31.40.0-255,66,28562,69,315193
4786,0.000172,74.125.130.0-255,1484,30046,69,315193
4787,0.000174,172.31.40.0-255,66,30112,69,315193
4788,0.000196,74.125.130.0-255,1125,31237,69,315193
4789,0.000198,172.31.40.0-255,66,31303,69,315193
4790,0.000272,74.125.130.0-255,1484,32787,69,315193
4791,0.000275,172.31.40.0-255,66,32853,69,315193
4792,0.000303,74.125.130.0-255,2902,35755,69,315193
4793,0.000306,172.31.40.0-255,66,35821,69,315193
4794,0.000334,74.125.130.0-255,5738,41559,69,315193
4795,0.000337,172.31.40.0-255,66,41625,69,315193
4796,0.00034,74.125.130.0-255,1484,43109,69,315193
4797,0.000342,172.31.40.0-255,66,43175,69,315193
4798,0.000346,74.125.130.0-255,2902,46077,69,315193
4799,0.000348,172.31.40.0-255,66,46143,69,315193
4800,0.000385,74.125.130.0-255,2543,48686,69,315193
4801,0.000388,172.31.40.0-255,66,48752,69,315193
4802,0.000492,74.125.130.0-255,1484,50236,69,315193
4803,0.000513,74.125.130.0-255,2902,53138,69,315193
4804,0.000534,74.125.130.0-255,1484,54622,69,315193
4805,0.000548,74.125.130.0-255,2902,57524,69,315193
4806,0.00058,74.125.130.0-255,2902,60426,69,315193
4807,0.000593,74.125.130.0-255,2902,63328,69,315193
4808,0.000633,74.125.130.0-255,2543,65871,69,315193
4809,0.000646,172.31.40.0-255,66,65937,69,315193
4810,0.000701,74.125.130.0-255,645,66582,69,315193
4811,0.000739,74.125.130.0-255,1484,68066,69,315193
4812,0.000747,172.31.40.0-255,66,68132,69,315193
4813,0.000766,74.125.130.0-255,2902,71034,69,315193
4814,0.000782,74.125.130.0-255,4320,75354,69,315193
4815,0.000798,74.125.130.0-255,1484,76838,69,315193
4816,0.000804,172.31.40.0-255,66,76904,69,315193
4817,0.000826,74.125.130.0-255,5738,82642,69,315193
4818,0.000837,74.125.130.0-255,1125,83767,69,315193
4819,0.000846,172.31.40.0-255,66,83833,69,315193
4820,0.000873,74.125.130.0-255,1484,85317,69,315193
4821,0.000877,74.125.130.0-255,1484,86801,69,315193
4822,0.000883,172.31.40.0-255,66,86867,69,315193
4823,0.000895,74.125.130.0-255,2902,89769,69,315193
4824,0.000917,74.125.130.0-255,5738,95507,69,315193
4825,0.000937,172.31.40.0-255,66,95573,69,315193
4826,0.000962,74.125.130.0-255,2902,98475,69,315193
4827,0.000978,74.125.130.0-255,2543,101018,69,315193
4828,0.000985,172.31.40.0-255,66,101084,69,315193
4829,0.001759,74.125.130.0-255,1484,102568,69,315193
4830,0.001771,74.125.130.0-255,2902,105470,69,315193
4831,0.001775,172.31.40.0-255,66,105536,69,315193
4832,0.00178,74.125.130.0-255,1484,107020,69,315193
4833,0.001805,74.125.130.0-255,4320,111340,69,315193
4834,0.00181,74.125.130.0-255,2902,114242,69,315193
4835,0.001834,74.125.130.0-255,4320,118562,69,315193
4836,0.001842,74.125.130.0-255,7156,125718,69,315193
4837,0.001855,74.125.130.0-255,1484,127202,69,315193
4838,0.001868,74.125.130.0-255,1484,128686,69,315193
4839,0.001881,74.125.130.0-255,2902,131588,69,315193
4840,0.001901,74.125.130.0-255,3602,135190,69,315193
4841,0.002188,74.125.130.0-255,1484,136674,69,315193
4842,0.002194,74.125.130.0-255,1484,138158,69,315193
4843,0.002213,74.125.130.0-255,1484,139642,69,315193
4844,0.002224,74.125.130.0-255,1484,141126,69,315193
4845,0.002227,74.125.130.0-255,1484,142610,69,315193
4846,0.002246,74.125.130.0-255,2902,145512,69,315193
4847,0.002259,74.125.130.0-255,1484,146996,69,315193
4848,0.002282,74.125.130.0-255,5738,152734,69,315193
4849,0.002294,74.125.130.0-255,1484,154218,69,315193
4850,0.002306,74.125.130.0-255,1484,155702,69,315193
4851,0.002325,74.125.130.0-255,5738,161440,69,315193
4852,0.00234,74.125.130.0-255,1484,162924,69,315193
4853,0.002367,74.125.130.0-255,1484,164408,69,315193
4854,0.002382,74.125.130.0-255,5020,169428,69,315193
4855,0.006032,172.31.40.0-255,66,169494,69,315193
4856,0.008654,74.125.130.0-255,1484,170978,69,315193
4857,0.008672,74.125.130.0-255,2902,173880,69,315193
4858,0.008675,172.31.40.0-255,66,173946,69,315193
4859,0.008687,74.125.130.0-255,1484,175430,69,315193
4860,0.011288,74.125.130.0-255,4320,179750,69,315193
4861,0.011296,172.31.40.0-255,66,179816,69,315193
4862,0.013911,74.125.130.0-255,5738,185554,69,315193
4863,0.013966,172.31.40.0-255,66,185620,69,315193
4864,0.01658,74.125.130.0-255,5738,191358,69,315193
4865,0.01659,172.31.40.0-255,66,191424,69,315193
4866,0.019243,74.125.130.0-255,5738,197162,69,315193
4867,0.019251,172.31.40.0-255,66,197228,69,315193
4868,0.02186,74.125.130.0-255,5738,202966,69,315193
4869,0.021869,172.31.40.0-255,66,203032,69,315193
4870,0.0245,74.125.130.0-255,5738,208770,69,315193
4871,0.024508,172.31.40.0-255,66,208836,69,315193
4872,0.027201,74.125.130.0-255,5738,214574,69,315193
4873,0.02721,172.31.40.0-255,66,214640,69,315193
4874,0.029825,74.125.130.0-255,5738,220378,69,315193
4875,0.029833,172.31.40.0-255,66,220444,69,315193
4876,0.032481,74.125.130.0-255,5738,226182,69,315193
4877,0.032491,172.31.40.0-255,66,226248,69,315193
4878,0.034987,172.31.40.0-255,172,226420,69,315193
4879,0.035023,172.31.40.0-255,1116,227536,69,315193
4880,0.035089,172.31.40.0-255,1514,229050,69,315193
4881,0.035091,172.31.40.0-255,1514,230564,69,315193
4882,0.035092,172.31.40.0-255,1514,232078,69,315193
4883,0.035097,172.31.40.0-255,1514,233592,69,315193
4884,0.035098,172.31.40.0-255,1499,235091,69,315193
4885,0.035137,74.125.130.0-255,4320,239411,69,315193
4886,0.035142,172.31.40.0-255,66,239477,69,315193
4887,0.035169,74.125.130.0-255,1484,240961,69,315193
4888,0.036649,104.244.42.0-255,66,241027,69,315193
4889,0.036696,104.244.42.0-255,66,241093,69,315193
4890,0.036819,104.244.42.0-255,66,241159,69,315193
4891,0.037758,74.125.130.0-255,4320,245479,69,315193
4892,0.037765,172.31.40.0-255,66,245545,69,315193
4893,0.040401,74.125.130.0-255,5738,251283,69,315193
4894,0.040796,172.31.40.0-255,66,251349,69,315193
4895,0.043438,74.125.130.0-255,5738,257087,69,315193
4896,0.043443,172.31.40.0-255,66,257153,69,315193
4897,0.046066,74.125.130.0-255,5738,262891,69,315193
4898,0.046073,172.31.40.0-255,66,262957,69,315193
4899,0.048695,74.125.130.0-255,5738,268695,69,315193
4900,0.0487,172.31.40.0-255,66,268761,69,315193
4901,0.051319,74.125.130.0-255,5738,274499,69,315193
4902,0.051326,172.31.40.0-255,66,274565,69,315193
4903,0.053966,74.125.130.0-255,5738,280303,69,315193
4904,0.053973,172.31.40.0-255,66,280369,69,315193
4905,0.056608,74.125.130.0-255,5738,286107,69,315193
4906,0.056615,172.31.40.0-255,66,286173,69,315193
4907,0.059243,74.125.130.0-255,5738,291911,69,315193
4908,0.05925,172.31.40.0-255,66,291977,69,315193
4909,0.061865,74.125.130.0-255,5738,297715,69,315193
4910,0.061871,172.31.40.0-255,66,297781,69,315193
4911,0.064492,74.125.130.0-255,5738,303519,69,315193
4912,0.064498,172.31.40.0-255,66,303585,69,315193
4913,0.067103,74.125.130.0-255,5738,309323,69,315193
4914,0.067109,172.31.40.0-255,66,309389,69,315193
4915,0.06972,74.125.130.0-255,5738,315127,69,315193
4916,0.069727,172.31.40.0-255,66,315193,69,315193
4917,0.0,74.125.68.0-255,153,153,69,411085
4918,2.4e-05,172.31.40.0-255,66,219,69,411085
4919,3.1e-05,74.125.68.0-255,1484,1703,69,411085
4920,3.6e-05,172.31.40.0-255,66,1769,69,411085
4921,4.2e-05,74.125.68.0-255,2902,4671,69,411085
4922,4.5e-05,172.31.40.0-255,66,4737,69,411085
4923,8.3e-05,74.125.68.0-255,4320,9057,69,411085
4924,8.7e-05,172.31.40.0-255,66,9123,69,411085
4925,9.8e-05,74.125.68.0-255,1484,10607,69,411085
4926,0.0001,172.31.40.0-255,66,10673,69,411085
4927,0.000105,74.125.68.0-255,2902,13575,69,411085
4928,0.000108,172.31.40.0-255,66,13641,69,411085
4929,0.000135,74.125.68.0-255,2902,16543,69,411085
4930,0.000138,172.31.40.0-255,66,16609,69,411085
4931,0.000159,74.125.68.0-255,3573,20182,69,411085
4932,0.000162,172.31.40.0-255,66,20248,69,411085
4933,0.000166,74.125.68.0-255,2902,23150,69,411085
4934,0.000168,172.31.40.0-255,66,23216,69,411085
4935,0.000202,74.125.68.0-255,5738,28954,69,411085
4936,0.000205,172.31.40.0-255,66,29020,69,411085
4937,0.000223,74.125.68.0-255,2543,31563,69,411085
4938,0.000227,172.31.40.0-255,66,31629,69,411085
4939,0.000301,74.125.68.0-255,1484,33113,69,411085
4940,0.000304,172.31.40.0-255,66,33179,69,411085
4941,0.000322,74.125.68.0-255,2902,36081,69,411085
4942,0.000325,172.31.40.0-255,66,36147,69,411085
4943,0.000353,74.125.68.0-255,5738,41885,69,411085
4944,0.000356,172.31.40.0-255,66,41951,69,411085
4945,0.000361,74.125.68.0-255,2902,44853,69,411085
4946,0.000363,172.31.40.0-255,66,44919,69,411085
4947,0.000368,74.125.68.0-255,3961,48880,69,411085
4948,0.000371,172.31.40.0-255,66,48946,69,411085
4949,0.000412,74.125.68.0-255,1484,50430,69,411085
4950,0.000437,74.125.68.0-255,2902,53332,69,411085
4951,0.000441,172.31.40.0-255,66,53398,69,411085
4952,0.000444,74.125.68.0-255,1484,54882,69,411085
4953,0.00046,74.125.68.0-255,1484,56366,69,411085
4954,0.000462,172.31.40.0-255,66,56432,69,411085
4955,0.000466,74.125.68.0-255,1484,57916,69,411085
4956,0.000484,74.125.68.0-255,2902,60818,69,411085
4957,0.000487,172.31.40.0-255,66,60884,69,411085
4958,0.000505,74.125.68.0-255,1484,62368,69,411085
4959,0.000518,74.125.68.0-255,4236,66604,69,411085
4960,0.000522,172.31.40.0-255,66,66670,69,411085
4961,0.000524,74.125.68.0-255,132,66802,69,411085
4962,0.000616,74.125.68.0-255,1484,68286,69,411085
4963,0.000619,172.31.40.0-255,66,68352,69,411085
4964,0.000663,74.125.68.0-255,2902,71254,69,411085
4965,0.000667,172.31.40.0-255,66,71320,69,411085
4966,0.000683,74.125.68.0-255,4320,75640,69,411085
4967,0.000686,172.31.40.0-255,66,75706,69,411085
4968,0.000706,74.125.68.0-255,1484,77190,69,411085
4969,0.000732,74.125.68.0-255,7156,84346,69,411085
4970,0.000736,172.31.40.0-255,66,84412,69,411085
4971,0.000741,74.125.68.0-255,4320,88732,69,411085
4972,0.000743,172.31.40.0-255,66,88798,69,411085
4973,0.00076,74.125.68.0-255,5738,94536,69,411085
4974,0.000763,172.31.40.0-255,66,94602,69,411085
4975,0.000768,74.125.68.0-255,2902,97504,69,411085
4976,0.00077,172.31.40.0-255,66,97570,69,411085
4977,0.000795,74.125.68.0-255,2902,100472,69,411085
4978,0.000797,172.31.40.0-255,66,100538,69,411085
4979,0.00083,74.125.68.0-255,766,101304,69,411085
4980,0.000846,74.125.68.0-255,1765,103069,69,411085
4981,0.000849,172.31.40.0-255,66,103135,69,411085
4982,0.000854,74.125.68.0-255,4320,107455,69,411085
4983,0.000856,172.31.40.0-255,66,107521,69,411085
4984,0.000884,74.125.68.0-255,5738,113259,69,411085
4985,0.000887,172.31.40.0-255,66,113325,69,411085
4986,0.000891,74.125.68.0-255,1484,114809,69,411085
4987,0.000918,172.31.40.0-255,66,114875,69,411085
4988,0.000923,74.125.68.0-255,4320,119195,69,411085
4989,0.000925,172.31.40.0-255,66,119261,69,411085
4990,0.000965,74.125.68.0-255,4320,123581,69,411085
4991,0.000968,172.31.40.0-255,66,123647,69,411085
4992,0.000984,74.125.68.0-255,2184,125831,69,411085
4993,0.000987,172.31.40.0-255,66,125897,69,411085
4994,0.001302,74.125.68.0-255,1484,127381,69,411085
4995,0.001322,74.125.68.0-255,2902,130283,69,411085
4996,0.001326,172.31.40.0-255,66,130349,69,411085
4997,0.001349,74.125.68.0-255,5738,136087,69,411085
4998,0.001352,172.31.40.0-255,66,136153,69,411085
4999,0.001367,74.125.68.0-255,4320,140473,69,411085
5000,0.00137,172.31.40.0-255,66,140539,69,411085
5001,0.001386,74.125.68.0-255,5738,146277,69,411085
5002,0.001388,172.31.40.0-255,66,146343,69,411085
5003,0.001414,74.125.68.0-255,4320,150663,69,411085
5004,0.001417,172.31.40.0-255,66,150729,69,411085
5005,0.001433,74.125.68.0-255,7156,157885,69,411085
5006,0.001437,172.31.40.0-255,66,157951,69,411085
5007,0.001475,74.125.68.0-255,2184,160135,69,411085
5008,0.001478,172.31.40.0-255,66,160201,69,411085
5009,0.001561,74.125.68.0-255,1484,161685,69,411085
5010,0.001565,74.125.68.0-255,1484,163169,69,411085
5011,0.001567,172.31.40.0-255,66,163235,69,411085
5012,0.001583,74.125.68.0-255,1484,164719,69,411085
5013,0.001589,74.125.68.0-255,4320,169039,69,411085
5014,0.001591,172.31.40.0-255,66,169105,69,411085
5015,0.001607,74.125.68.0-255,1484,170589,69,411085
5016,0.001622,74.125.68.0-255,1484,172073,69,411085
5017,0.001625,172.31.40.0-255,66,172139,69,411085
5018,0.00165,74.125.68.0-255,2902,175041,69,411085
5019,0.001654,172.31.40.0-255,66,175107,69,411085
5020,0.00169,74.125.68.0-255,1484,176591,69,411085
5021,0.001695,74.125.68.0-255,2902,179493,69,411085
5022,0.001697,172.31.40.0-255,66,179559,69,411085
5023,0.001724,74.125.68.0-255,4320,183879,69,411085
5024,0.001727,172.31.40.0-255,66,183945,69,411085
5025,0.001748,74.125.68.0-255,5738,189683,69,411085
5026,0.00175,172.31.40.0-255,66,189749,69,411085
5027,0.001767,74.125.68.0-255,1484,191233,69,411085
5028,0.001781,74.125.68.0-255,1484,192717,69,411085
5029,0.001784,172.31.40.0-255,66,192783,69,411085
5030,0.001821,74.125.68.0-255,2184,194967,69,411085
5031,0.001824,172.31.40.0-255,66,195033,69,411085
5032,0.002025,74.125.68.0-255,1484,196517,69,411085
5033,0.002038,74.125.68.0-255,1484,198001,69,411085
5034,0.002042,172.31.40.0-255,66,198067,69,411085
5035,0.002059,74.125.68.0-255,1484,199551,69,411085
5036,0.002066,74.125.68.0-255,5738,205289,69,411085
5037,0.002068,172.31.40.0-255,66,205355,69,411085
5038,0.002089,74.125.68.0-255,7156,212511,69,411085
5039,0.002092,172.31.40.0-255,66,212577,69,411085
5040,0.002096,74.125.68.0-255,2902,215479,69,411085
5041,0.002098,172.31.40.0-255,66,215545,69,411085
5042,0.002118,74.125.68.0-255,5738,221283,69,411085
5043,0.002122,172.31.40.0-255,66,221349,69,411085
5044,0.002156,74.125.68.0-255,1484,222833,69,411085
5045,0.002175,74.125.68.0-255,6438,229271,69,411085
5046,0.002178,172.31.40.0-255,66,229337,69,411085
5047,0.002233,74.125.68.0-255,1484,230821,69,411085
5048,0.00225,74.125.68.0-255,2902,233723,69,411085
5049,0.002253,172.31.40.0-255,66,233789,69,411085
5050,0.002275,74.125.68.0-255,5738,239527,69,411085
5051,0.002278,172.31.40.0-255,66,239593,69,411085
5052,0.002287,74.125.68.0-255,2902,242495,69,411085
5053,0.00229,172.31.40.0-255,66,242561,69,411085
5054,0.00231,74.125.68.0-255,2902,245463,69,411085
5055,0.002312,172.31.40.0-255,66,245529,69,411085
5056,0.002319,74.125.68.0-255,7156,252685,69,411085
5057,0.002322,172.31.40.0-255,66,252751,69,411085
5058,0.00236,172.31.40.0-255,66,252817,69,411085
5059,0.004676,74.125.68.0-255,5738,258555,69,411085
5060,0.0047,172.31.40.0-255,66,258621,69,411085
5061,0.007027,74.125.68.0-255,5738,264359,69,411085
5062,0.007048,172.31.40.0-255,66,264425,69,411085
5063,0.009373,74.125.68.0-255,5738,270163,69,411085
5064,0.009396,172.31.40.0-255,66,270229,69,411085
5065,0.011739,74.125.68.0-255,5738,275967,69,411085
5066,0.011752,172.31.40.0-255,66,276033,69,411085
5067,0.014117,74.125.68.0-255,5738,281771,69,411085
5068,0.014128,172.31.40.0-255,66,281837,69,411085
5069,0.016434,74.125.68.0-255,5738,287575,69,411085
5070,0.016442,172.31.40.0-255,66,287641,69,411085
5071,0.018774,74.125.68.0-255,5738,293379,69,411085
5072,0.018797,172.31.40.0-255,66,293445,69,411085
5073,0.021118,74.125.68.0-255,5738,299183,69,411085
5074,0.021134,172.31.40.0-255,66,299249,69,411085
5075,0.023464,74.125.68.0-255,5738,304987,69,411085
5076,0.023482,172.31.40.0-255,66,305053,69,411085
5077,0.025813,74.125.68.0-255,5738,310791,69,411085
5078,0.025831,172.31.40.0-255,66,310857,69,411085
5079,0.028155,74.125.68.0-255,5738,316595,69,411085
5080,0.028171,172.31.40.0-255,66,316661,69,411085
5081,0.030501,74.125.68.0-255,5738,322399,69,411085
5082,0.030518,172.31.40.0-255,66,322465,69,411085
5083,0.03284,74.125.68.0-255,5738,328203,69,411085
5084,0.032856,172.31.40.0-255,66,328269,69,411085
5085,0.035181,74.125.68.0-255,5738,334007,69,411085
5086,0.035199,172.31.40.0-255,66,334073,69,411085
5087,0.037529,74.125.68.0-255,5738,339811,69,411085
5088,0.037548,172.31.40.0-255,66,339877,69,411085
5089,0.03987,74.125.68.0-255,5738,345615,69,411085
5090,0.039886,172.31.40.0-255,66,345681,69,411085
5091,0.042197,74.125.68.0-255,5738,351419,69,411085
5092,0.042206,172.31.40.0-255,66,351485,69,411085
5093,0.044218,172.31.40.0-255,172,351657,69,411085
5094,0.044297,172.31.40.0-255,1111,352768,69,411085
5095,0.044375,172.31.40.0-255,1514,354282,69,411085
5096,0.044377,172.31.40.0-255,1514,355796,69,411085
5097,0.044378,172.31.40.0-255,1514,357310,69,411085
5098,0.044379,172.31.40.0-255,1514,358824,69,411085
5099,0.04438,172.31.40.0-255,547,359371,69,411085
5100,0.04452,74.125.68.0-255,5738,365109,69,411085
5101,0.044529,172.31.40.0-255,66,365175,69,411085
5102,0.046365,104.244.42.0-255,66,365241,69,411085
5103,0.046843,74.125.68.0-255,5738,370979,69,411085
5104,0.046854,172.31.40.0-255,66,371045,69,411085
5105,0.049172,74.125.68.0-255,5738,376783,69,411085
5106,0.049188,172.31.40.0-255,66,376849,69,411085
5107,0.051531,74.125.68.0-255,5738,382587,69,411085
5108,0.051546,172.31.40.0-255,66,382653,69,411085
5109,0.053863,74.125.68.0-255,5738,388391,69,411085
5110,0.053878,172.31.40.0-255,66,388457,69,411085
5111,0.056208,74.125.68.0-255,5738,394195,69,411085
5112,0.05622,172.31.40.0-255,66,394261,69,411085
5113,0.058559,74.125.68.0-255,5738,399999,69,411085
5114,0.058575,172.31.40.0-255,66,400065,69,411085
5115,0.060934,74.125.68.0-255,5738,405803,69,411085
5116,0.06095,172.31.40.0-255,66,405869,69,411085
5117,0.063274,74.125.68.0-255,4979,410848,69,411085
5118,0.063289,172.31.40.0-255,66,410914,69,411085
5119,0.063515,172.31.40.0-255,105,411019,69,411085
5120,0.065788,74.125.68.0-255,66,411085,69,411085
5121,0.0,74.125.68.0-255,150,150,69,340020
5122,2.1e-05,172.31.40.0-255,66,216,69,340020
5123,2.8e-05,74.125.68.0-255,1484,1700,69,340020
5124,3.2e-05,172.31.40.0-255,66,1766,69,340020
5125,3.6e-05,74.125.68.0-255,2902,4668,69,340020
5126,4.8e-05,172.31.40.0-255,66,4734,69,340020
5127,5.6e-05,74.125.68.0-255,7156,11890,69,340020
5128,5.9e-05,172.31.40.0-255,66,11956,69,340020
5129,0.0001,172.31.40.0-255,66,12022,69,340020
5130,0.000111,172.31.40.0-255,66,12088,69,340020
5131,0.00015,74.125.68.0-255,2543,14631,69,340020
5132,0.000152,172.31.40.0-255,66,14697,69,340020
5133,0.000213,74.125.68.0-255,1484,16181,69,340020
5134,0.000217,172.31.40.0-255,66,16247,69,340020
5135,0.000244,74.125.68.0-255,2902,19149,69,340020
5136,0.000246,172.31.40.0-255,66,19215,69,340020
5137,0.00025,74.125.68.0-255,1484,20699,69,340020
5138,0.000252,172.31.40.0-255,66,20765,69,340020
5139,0.000272,74.125.68.0-255,2902,23667,69,340020
5140,0.000274,172.31.40.0-255,66,23733,69,340020
5141,0.000282,74.125.68.0-255,7156,30889,69,340020
5142,0.000285,172.31.40.0-255,66,30955,69,340020
5143,0.000318,74.125.68.0-255,1484,32439,69,340020
5144,0.000321,172.31.40.0-255,66,32505,69,340020
5145,0.000334,172.31.40.0-255,66,32571,69,340020
5146,0.000373,74.125.68.0-255,2902,35473,69,340020
5147,0.000376,172.31.40.0-255,66,35539,69,340020
5148,0.000403,74.125.68.0-255,2477,38016,69,340020
5149,0.000406,172.31.40.0-255,66,38082,69,340020
5150,0.000409,74.125.68.0-255,133,38215,69,340020
5151,0.000413,74.125.68.0-255,347,38562,69,340020
5152,0.000658,74.125.68.0-255,1484,40046,69,340020
5153,0.000665,172.31.40.0-255,66,40112,69,340020
5154,0.000684,74.125.68.0-255,2902,43014,69,340020
5155,0.000708,74.125.68.0-255,5738,48752,69,340020
5156,0.000714,172.31.40.0-255,66,48818,69,340020
5157,0.000725,74.125.68.0-255,4320,53138,69,340020
5158,0.000739,74.125.68.0-255,2543,55681,69,340020
5159,0.000742,172.31.40.0-255,66,55747,69,340020
5160,0.000768,172.31.40.0-255,66,55813,69,340020
5161,0.000858,74.125.68.0-255,1484,57297,69,340020
5162,0.000888,74.125.68.0-255,1484,58781,69,340020
5163,0.000893,172.31.40.0-255,66,58847,69,340020
5164,0.0009,74.125.68.0-255,1484,60331,69,340020
5165,0.000902,74.125.68.0-255,1484,61815,69,340020
5166,0.000931,74.125.68.0-255,1484,63299,69,340020
5167,0.000945,74.125.68.0-255,1484,64783,69,340020
5168,0.000951,74.125.68.0-255,5738,70521,69,340020
5169,0.000954,74.125.68.0-255,1484,72005,69,340020
5170,0.000968,74.125.68.0-255,1484,73489,69,340020
5171,0.000982,74.125.68.0-255,4320,77809,69,340020
5172,0.000988,172.31.40.0-255,66,77875,69,340020
5173,0.001019,74.125.68.0-255,4320,82195,69,340020
5174,0.001029,172.31.40.0-255,66,82261,69,340020
5175,0.001037,74.125.68.0-255,2902,85163,69,340020
5176,0.001042,172.31.40.0-255,66,85229,69,340020
5177,0.001066,74.125.68.0-255,5020,90249,69,340020
5178,0.001089,172.31.40.0-255,66,90315,69,340020
5179,0.001419,74.125.68.0-255,1484,91799,69,340020
5180,0.001438,74.125.68.0-255,2902,94701,69,340020
5181,0.001441,172.31.40.0-255,66,94767,69,340020
5182,0.001447,74.125.68.0-255,5738,100505,69,340020
5183,0.001468,74.125.68.0-255,6249,106754,69,340020
5184,0.001483,172.31.40.0-255,66,106820,69,340020
5185,0.001489,74.125.68.0-255,1484,108304,69,340020
5186,0.001509,74.125.68.0-255,5738,114042,69,340020
5187,0.001521,172.31.40.0-255,66,114108,69,340020
5188,0.001539,74.125.68.0-255,7156,121264,69,340020
5189,0.001543,74.125.68.0-255,2902,124166,69,340020
5190,0.001548,172.31.40.0-255,66,124232,69,340020
5191,0.001564,74.125.68.0-255,5738,129970,69,340020
5192,0.001582,74.125.68.0-255,5738,135708,69,340020
5193,0.001591,172.31.40.0-255,66,135774,69,340020
5194,0.001597,74.125.68.0-255,5020,140794,69,340020
5195,0.0016,172.31.40.0-255,66,140860,69,340020
5196,0.001887,74.125.68.0-255,1484,142344,69,340020
5197,0.001893,74.125.68.0-255,2902,145246,69,340020
5198,0.001895,172.31.40.0-255,66,145312,69,340020
5199,0.001925,74.125.68.0-255,5738,151050,69,340020
5200,0.001939,74.125.68.0-255,2902,153952,69,340020
5201,0.001945,172.31.40.0-255,66,154018,69,340020
5202,0.001962,74.125.68.0-255,4320,158338,69,340020
5203,0.001966,74.125.68.0-255,2902,161240,69,340020
5204,0.001972,172.31.40.0-255,66,161306,69,340020
5205,0.001998,74.125.68.0-255,4320,165626,69,340020
5206,0.002003,74.125.68.0-255,4320,169946,69,340020
5207,0.002009,172.31.40.0-255,66,170012,69,340020
5208,0.002027,74.125.68.0-255,4320,174332,69,340020
5209,0.00203,74.125.68.0-255,766,175098,69,340020
5210,0.00204,172.31.40.0-255,66,175164,69,340020
5211,0.004332,74.125.68.0-255,5738,180902,69,340020
5212,0.004338,172.31.40.0-255,66,180968,69,340020
5213,0.006631,74.125.68.0-255,5738,186706,69,340020
5214,0.007704,172.31.40.0-255,66,186772,69,340020
5215,0.010021,74.125.68.0-255,5738,192510,69,340020
5216,0.010029,172.31.40.0-255,66,192576,69,340020
5217,0.012339,74.125.68.0-255,5738,198314,69,340020
5218,0.015675,172.31.40.0-255,66,198380,69,340020
5219,0.017991,74.125.68.0-255,5738,204118,69,340020
5220,0.018001,172.31.40.0-255,66,204184,69,340020
5221,0.020304,74.125.68.0-255,5738,209922,69,340020
5222,0.020312,172.31.40.0-255,66,209988,69,340020
5223,0.022621,74.125.68.0-255,5738,215726,69,340020
5224,0.022629,172.31.40.0-255,66,215792,69,340020
5225,0.024934,74.125.68.0-255,5738,221530,69,340020
5226,0.02494,172.31.40.0-255,66,221596,69,340020
5227,0.026881,172.31.40.0-255,172,221768,69,340020
5228,0.026909,172.31.40.0-255,1116,222884,69,340020
5229,0.026964,172.31.40.0-255,1514,224398,69,340020
5230,0.02697,172.31.40.0-255,1514,225912,69,340020
5231,0.026971,172.31.40.0-255,1514,227426,69,340020
5232,0.026971,172.31.40.0-255,1514,228940,69,340020
5233,0.026972,172.31.40.0-255,540,229480,69,340020
5234,0.027233,74.125.68.0-255,5738,235218,69,340020
5235,0.027239,172.31.40.0-255,66,235284,69,340020
5236,0.02846,104.244.42.0-255,66,235350,69,340020
5237,0.028495,104.244.42.0-255,66,235416,69,340020
5238,0.028557,104.244.42.0-255,66,235482,69,340020
5239,0.028579,104.244.42.0-255,66,235548,69,340020
5240,0.029537,74.125.68.0-255,5738,241286,69,340020
5241,0.029543,172.31.40.0-255,66,241352,69,340020
5242,0.031853,74.125.68.0-255,5738,247090,69,340020
5243,0.031859,172.31.40.0-255,66,247156,69,340020
5244,0.034214,74.125.68.0-255,5738,252894,69,340020
5245,0.034219,172.31.40.0-255,66,252960,69,340020
5246,0.036523,74.125.68.0-255,5738,258698,69,340020
5247,0.036529,172.31.40.0-255,66,258764,69,340020
5248,0.03885,74.125.68.0-255,5738,264502,69,340020
5249,0.038857,172.31.40.0-255,66,264568,69,340020
5250,0.041153,74.125.68.0-255,5738,270306,69,340020
5251,0.04116,172.31.40.0-255,66,270372,69,340020
5252,0.043467,74.125.68.0-255,5738,276110,69,340020
5253,0.043474,172.31.40.0-255,66,276176,69,340020
5254,0.045793,74.125.68.0-255,5738,281914,69,340020
5255,0.0458,172.31.40.0-255,66,281980,69,340020
5256,0.048096,74.125.68.0-255,5738,287718,69,340020
5257,0.048102,172.31.40.0-255,66,287784,69,340020
5258,0.050416,74.125.68.0-255,5738,293522,69,340020
5259,0.050423,172.31.40.0-255,66,293588,69,340020
5260,0.052727,74.125.68.0-255,5738,299326,69,340020
5261,0.052736,172.31.40.0-255,66,299392,69,340020
5262,0.055048,74.125.68.0-255,5738,305130,69,340020
5263,0.055054,172.31.40.0-255,66,305196,69,340020
5264,0.057361,74.125.68.0-255,5738,310934,69,340020
5265,0.057367,172.31.40.0-255,66,311000,69,340020
5266,0.059683,74.125.68.0-255,5738,316738,69,340020
5267,0.059691,172.31.40.0-255,66,316804,69,340020
5268,0.062018,74.125.68.0-255,5738,322542,69,340020
5269,0.062024,172.31.40.0-255,66,322608,69,340020
5270,0.06435,74.125.68.0-255,5738,328346,69,340020
5271,0.064356,172.31.40.0-255,66,328412,69,340020
5272,0.066686,74.125.68.0-255,5738,334150,69,340020
5273,0.066693,172.31.40.0-255,66,334216,69,340020
5274,0.069019,74.125.68.0-255,5738,339954,69,340020
5275,0.069025,172.31.40.0-255,66,340020,69,340020
5276,0.0,172.217.160.0-255,153,153,69,357356
5277,2e-05,172.31.40.0-255,66,219,69,357356
5278,2.6e-05,172.217.160.0-255,1484,1703,69,357356
5279,2.9e-05,172.31.40.0-255,66,1769,69,357356
5280,3.4e-05,172.217.160.0-255,2902,4671,69,357356
5281,3.6e-05,172.31.40.0-255,66,4737,69,357356
5282,4.2e-05,172.217.160.0-255,7156,11893,69,357356
5283,4.5e-05,172.31.40.0-255,66,11959,69,357356
5284,6.9e-05,172.217.160.0-255,2077,14036,69,357356
5285,7.2e-05,172.31.40.0-255,66,14102,69,357356
5286,0.000104,172.217.160.0-255,2902,17004,69,357356
5287,0.000106,172.31.40.0-255,66,17070,69,357356
5288,0.00011,172.217.160.0-255,1484,18554,69,357356
5289,0.000111,172.31.40.0-255,66,18620,69,357356
5290,0.000126,172.217.160.0-255,1484,20104,69,357356
5291,0.000128,172.31.40.0-255,66,20170,69,357356
5292,0.000135,172.217.160.0-255,7156,27326,69,357356
5293,0.000137,172.31.40.0-255,66,27392,69,357356
5294,0.000165,172.217.160.0-255,2902,30294,69,357356
5295,0.000169,172.31.40.0-255,66,30360,69,357356
5296,0.000195,172.31.40.0-255,66,30426,69,357356
5297,0.000214,172.217.160.0-255,2543,32969,69,357356
5298,0.000216,172.31.40.0-255,66,33035,69,357356
5299,0.000222,172.217.160.0-255,6797,39832,69,357356
5300,0.000223,172.31.40.0-255,66,39898,69,357356
5301,0.000627,172.217.160.0-255,1484,41382,69,357356
5302,0.000633,172.31.40.0-255,66,41448,69,357356
5303,0.000638,172.217.160.0-255,2902,44350,69,357356
5304,0.00064,172.31.40.0-255,66,44416,69,357356
5305,0.000643,172.217.160.0-255,1484,45900,69,357356
5306,0.000646,172.31.40.0-255,66,45966,69,357356
5307,0.000666,172.217.160.0-255,4320,50286,69,357356
5308,0.00067,172.31.40.0-255,66,50352,69,357356
5309,0.000673,172.217.160.0-255,1484,51836,69,357356
5310,0.00069,172.217.160.0-255,5646,57482,69,357356
5311,0.000693,172.31.40.0-255,66,57548,69,357356
5312,0.000706,172.217.160.0-255,409,57957,69,357356
5313,0.000794,172.217.160.0-255,1484,59441,69,357356
5314,0.000797,172.31.40.0-255,66,59507,69,357356
5315,0.000802,172.217.160.0-255,2902,62409,69,357356
5316,0.000804,172.217.160.0-255,1484,63893,69,357356
5317,0.000806,172.31.40.0-255,66,63959,69,357356
5318,0.000822,172.217.160.0-255,4320,68279,69,357356
5319,0.000824,172.31.40.0-255,66,68345,69,357356
5320,0.000828,172.217.160.0-255,1484,69829,69,357356
5321,0.000848,172.217.160.0-255,5379,75208,69,357356
5322,0.000852,172.31.40.0-255,66,75274,69,357356
5323,0.000873,172.217.160.0-255,5738,81012,69,357356
5324,0.000876,172.31.40.0-255,66,81078,69,357356
5325,0.000896,172.31.40.0-255,66,81144,69,357356
5326,0.0009,172.217.160.0-255,1995,83139,69,357356
5327,0.000903,172.31.40.0-255,66,83205,69,357356
5328,0.000942,172.217.160.0-255,4320,87525,69,357356
5329,0.000946,172.31.40.0-255,66,87591,69,357356
5330,0.00097,172.31.40.0-255,66,87657,69,357356
5331,0.001068,172.217.160.0-255,200,87857,69,357356
5332,0.001374,172.217.160.0-255,1484,89341,69,357356
5333,0.00138,172.31.40.0-255,66,89407,69,357356
5334,0.001386,172.217.160.0-255,2902,92309,69,357356
5335,0.001389,172.31.40.0-255,66,92375,69,357356
5336,0.001395,172.217.160.0-255,5738,98113,69,357356
5337,0.001398,172.31.40.0-255,66,98179,69,357356
5338,0.001427,172.31.40.0-255,66,98245,69,357356
5339,0.001449,172.217.160.0-255,4320,102565,69,357356
5340,0.001452,172.31.40.0-255,66,102631,69,357356
5341,0.001486,172.217.160.0-255,2902,105533,69,357356
5342,0.001491,172.31.40.0-255,66,105599,69,357356
5343,0.001516,172.31.40.0-255,66,105665,69,357356
5344,0.001711,172.217.160.0-255,1484,107149,69,357356
5345,0.001717,172.217.160.0-255,2902,110051,69,357356
5346,0.001721,172.31.40.0-255,66,110117,69,357356
5347,0.001746,172.217.160.0-255,5738,115855,69,357356
5348,0.001751,172.31.40.0-255,66,115921,69,357356
5349,0.001756,172.217.160.0-255,5738,121659,69,357356
5350,0.001759,172.31.40.0-255,66,121725,69,357356
5351,0.001774,172.217.160.0-255,2902,124627,69,357356
5352,0.001777,172.31.40.0-255,66,124693,69,357356
5353,0.001803,172.217.160.0-255,4320,129013,69,357356
5354,0.001807,172.31.40.0-255,66,129079,69,357356
5355,0.00183,172.31.40.0-255,66,129145,69,357356
5356,0.003603,172.217.160.0-255,4320,133465,69,357356
5357,0.00361,172.31.40.0-255,66,133531,69,357356
5358,0.003625,172.217.160.0-255,1484,135015,69,357356
5359,0.005374,172.217.160.0-255,2902,137917,69,357356
5360,0.005379,172.31.40.0-255,66,137983,69,357356
5361,0.005397,172.217.160.0-255,1484,139467,69,357356
5362,0.007148,172.217.160.0-255,4320,143787,69,357356
5363,0.007153,172.31.40.0-255,66,143853,69,357356
5364,0.008927,172.217.160.0-255,4320,148173,69,357356
5365,0.008933,172.31.40.0-255,66,148239,69,357356
5366,0.008954,172.217.160.0-255,1484,149723,69,357356
5367,0.0107,172.217.160.0-255,4320,154043,69,357356
5368,0.010708,172.31.40.0-255,66,154109,69,357356
5369,0.012476,172.217.160.0-255,4320,158429,69,357356
5370,0.012482,172.31.40.0-255,66,158495,69,357356
5371,0.012509,172.217.160.0-255,1484,159979,69,357356
5372,0.014272,172.217.160.0-255,4320,164299,69,357356
5373,0.01428,172.31.40.0-255,66,164365,69,357356
5374,0.016062,172.217.160.0-255,5738,170103,69,357356
5375,0.016069,172.31.40.0-255,66,170169,69,357356
5376,0.017843,172.217.160.0-255,5738,175907,69,357356
5377,0.017849,172.31.40.0-255,66,175973,69,357356
5378,0.019645,172.217.160.0-255,5738,181711,69,357356
5379,0.01965,172.31.40.0-255,66,181777,69,357356
5380,0.021463,172.217.160.0-255,2902,184679,69,357356
5381,0.021468,172.31.40.0-255,66,184745,69,357356
5382,0.0215,172.217.160.0-255,2902,187647,69,357356
5383,0.021503,172.31.40.0-255,66,187713,69,357356
5384,0.023266,172.217.160.0-255,2902,190615,69,357356
5385,0.023272,172.31.40.0-255,66,190681,69,357356
5386,0.023314,172.217.160.0-255,1484,192165,69,357356
5387,0.023328,172.217.160.0-255,1484,193649,69,357356
5388,0.023331,172.31.40.0-255,66,193715,69,357356
5389,0.02512,172.217.160.0-255,2902,196617,69,357356
5390,0.025126,172.31.40.0-255,66,196683,69,357356
5391,0.025151,172.217.160.0-255,2902,199585,69,357356
5392,0.025154,172.31.40.0-255,66,199651,69,357356
5393,0.026985,172.217.160.0-255,2902,202553,69,357356
5394,0.026993,172.31.40.0-255,66,202619,69,357356
5395,0.027031,172.217.160.0-255,2902,205521,69,357356
5396,0.027035,172.31.40.0-255,66,205587,69,357356
5397,0.02879,172.217.160.0-255,2902,208489,69,357356
5398,0.028797,172.31.40.0-255,66,208555,69,357356
5399,0.028831,172.217.160.0-255,2902,211457,69,357356
5400,0.028835,172.31.40.0-255,66,211523,69,357356
5401,0.03057,172.217.160.0-255,2902,214425,69,357356
5402,0.030577,172.31.40.0-255,66,214491,69,357356
5403,0.030608,172.217.160.0-255,2902,217393,69,357356
5404,0.030612,172.31.40.0-255,66,217459,69,357356
5405,0.032346,172.217.160.0-255,2902,220361,69,357356
5406,0.032351,172.31.40.0-255,66,220427,69,357356
5407,0.032376,172.217.160.0-255,2902,223329,69,357356
5408,0.032379,172.31.40.0-255,66,223395,69,357356
5409,0.033659,172.31.40.0-255,172,223567,69,357356
5410,0.033686,172.31.40.0-255,1112,224679,69,357356
5411,0.033722,172.31.40.0-255,1514,226193,69,357356
5412,0.033723,172.31.40.0-255,1514,227707,69,357356
5413,0.033727,172.31.40.0-255,1514,229221,69,357356
5414,0.033729,172.31.40.0-255,1514,230735,69,357356
5415,0.033756,172.31.40.0-255,1503,232238,69,357356
5416,0.034133,172.217.160.0-255,2902,235140,69,357356
5417,0.034138,172.31.40.0-255,66,235206,69,357356
5418,0.034162,172.217.160.0-255,2902,238108,69,357356
5419,0.034165,172.31.40.0-255,66,238174,69,357356
5420,0.035323,104.244.42.0-255,66,238240,69,357356
5421,0.035381,104.244.42.0-255,66,238306,69,357356
5422,0.035432,104.244.42.0-255,66,238372,69,357356
5423,0.03592,172.217.160.0-255,2902,241274,69,357356
5424,0.035924,172.31.40.0-255,66,241340,69,357356
5425,0.035951,172.217.160.0-255,2902,244242,69,357356
5426,0.035953,172.31.40.0-255,66,244308,69,357356
5427,0.037691,172.217.160.0-255,2902,247210,69,357356
5428,0.037695,172.31.40.0-255,66,247276,69,357356
5429,0.037719,172.217.160.0-255,2902,250178,69,357356
5430,0.037721,172.31.40.0-255,66,250244,69,357356
5431,0.039474,172.217.160.0-255,2902,253146,69,357356
5432,0.03948,172.31.40.0-255,66,253212,69,357356
5433,0.039508,172.217.160.0-255,2902,256114,69,357356
5434,0.03951,172.31.40.0-255,66,256180,69,357356
5435,0.04125,172.217.160.0-255,2902,259082,69,357356
5436,0.041256,172.31.40.0-255,66,259148,69,357356
5437,0.041283,172.217.160.0-255,1484,260632,69,357356
5438,0.041299,172.217.160.0-255,1484,262116,69,357356
5439,0.041302,172.31.40.0-255,66,262182,69,357356
5440,0.043038,172.217.160.0-255,2902,265084,69,357356
5441,0.043043,172.31.40.0-255,66,265150,69,357356
5442,0.043073,172.217.160.0-255,2902,268052,69,357356
5443,0.043076,172.31.40.0-255,66,268118,69,357356
5444,0.044806,172.217.160.0-255,2902,271020,69,357356
5445,0.044811,172.31.40.0-255,66,271086,69,357356
5446,0.044838,172.217.160.0-255,2902,273988,69,357356
5447,0.04484,172.31.40.0-255,66,274054,69,357356
5448,0.046585,172.217.160.0-255,2902,276956,69,357356
5449,0.04659,172.31.40.0-255,66,277022,69,357356
5450,0.046624,172.217.160.0-255,2902,279924,69,357356
5451,0.046627,172.31.40.0-255,66,279990,69,357356
5452,0.048353,172.217.160.0-255,2902,282892,69,357356
5453,0.048358,172.31.40.0-255,66,282958,69,357356
5454,0.048454,172.217.160.0-255,2902,285860,69,357356
5455,0.048458,172.31.40.0-255,66,285926,69,357356
5456,0.05012,172.217.160.0-255,1484,287410,69,357356
5457,0.050143,172.217.160.0-255,1484,288894,69,357356
5458,0.050146,172.31.40.0-255,66,288960,69,357356
5459,0.050235,172.217.160.0-255,2902,291862,69,357356
5460,0.050239,172.31.40.0-255,66,291928,69,357356
5461,0.051905,172.217.160.0-255,2902,294830,69,357356
5462,0.051909,172.31.40.0-255,66,294896,69,357356
5463,0.052017,172.217.160.0-255,2902,297798,69,357356
5464,0.05202,172.31.40.0-255,66,297864,69,357356
5465,0.05367,172.217.160.0-255,2902,300766,69,357356
5466,0.053674,172.31.40.0-255,66,300832,69,357356
5467,0.053784,172.217.160.0-255,2902,303734,69,357356
5468,0.053788,172.31.40.0-255,66,303800,69,357356
5469,0.05544,172.217.160.0-255,2902,306702,69,357356
5470,0.055444,172.31.40.0-255,66,306768,69,357356
5471,0.05554,172.217.160.0-255,2902,309670,69,357356
5472,0.055543,172.31.40.0-255,66,309736,69,357356
5473,0.057206,172.217.160.0-255,2902,312638,69,357356
5474,0.057211,172.31.40.0-255,66,312704,69,357356
5475,0.0573,172.217.160.0-255,1484,314188,69,357356
5476,0.057314,172.217.160.0-255,1484,315672,69,357356
5477,0.057317,172.31.40.0-255,66,315738,69,357356
5478,0.058982,172.217.160.0-255,2902,318640,69,357356
5479,0.058987,172.31.40.0-255,66,318706,69,357356
5480,0.059098,172.217.160.0-255,2902,321608,69,357356
5481,0.059102,172.31.40.0-255,66,321674,69,357356
5482,0.060756,172.217.160.0-255,2902,324576,69,357356
5483,0.060761,172.31.40.0-255,66,324642,69,357356
5484,0.060857,172.217.160.0-255,2902,327544,69,357356
5485,0.060861,172.31.40.0-255,66,327610,69,357356
5486,0.062516,172.217.160.0-255,2902,330512,69,357356
5487,0.062521,172.31.40.0-255,66,330578,69,357356
5488,0.062647,172.217.160.0-255,2902,333480,69,357356
5489,0.062652,172.31.40.0-255,66,333546,69,357356
5490,0.064283,172.217.160.0-255,2902,336448,69,357356
5491,0.064288,172.31.40.0-255,66,336514,69,357356
5492,0.064411,172.217.160.0-255,2902,339416,69,357356
5493,0.064416,172.31.40.0-255,66,339482,69,357356
5494,0.066048,172.217.160.0-255,2902,342384,69,357356
5495,0.066054,172.31.40.0-255,66,342450,69,357356
5496,0.066184,172.217.160.0-255,1484,343934,69,357356
5497,0.0662,172.217.160.0-255,1484,345418,69,357356
5498,0.066204,172.31.40.0-255,66,345484,69,357356
5499,0.067825,172.217.160.0-255,2902,348386,69,357356
5500,0.067831,172.31.40.0-255,66,348452,69,357356
5501,0.067968,172.217.160.0-255,2902,351354,69,357356
5502,0.067973,172.31.40.0-255,66,351420,69,357356
5503,0.069604,172.217.160.0-255,2902,354322,69,357356
5504,0.069609,172.31.40.0-255,66,354388,69,357356
5505,0.069733,172.217.160.0-255,2902,357290,69,357356
5506,0.069738,172.31.40.0-255,66,357356,69,357356
5507,0.0,172.31.40.0-255,105,105,69,459
5508,0.000206,172.31.40.0-255,90,195,69,459
5509,0.000217,172.31.40.0-255,66,261,69,459
5510,0.002548,74.125.130.0-255,66,327,69,459
5511,0.002576,74.125.130.0-255,66,393,69,459
5512,0.002596,172.31.40.0-255,66,459,69,459
5513,0.0,74.125.24.0-255,295,295,69,224920
5514,2.3e-05,172.31.40.0-255,66,361,69,224920
5515,2.9e-05,74.125.24.0-255,1484,1845,69,224920
5516,3.4e-05,172.31.40.0-255,66,1911,69,224920
5517,3.9e-05,74.125.24.0-255,2902,4813,69,224920
5518,4.2e-05,172.31.40.0-255,66,4879,69,224920
5519,4.9e-05,74.125.24.0-255,5738,10617,69,224920
5520,5.2e-05,172.31.40.0-255,66,10683,69,224920
5521,7.1e-05,74.125.24.0-255,5738,16421,69,224920
5522,7.3e-05,172.31.40.0-255,66,16487,69,224920
5523,0.000111,172.31.40.0-255,66,16553,69,224920
5524,0.000118,74.125.24.0-255,6797,23350,69,224920
5525,0.00012,172.31.40.0-255,66,23416,69,224920
5526,0.000164,74.125.24.0-255,1484,24900,69,224920
5527,0.000167,172.31.40.0-255,66,24966,69,224920
5528,0.000179,74.125.24.0-255,2902,27868,69,224920
5529,0.000181,172.31.40.0-255,66,27934,69,224920
5530,0.000184,74.125.24.0-255,1484,29418,69,224920
5531,0.000185,172.31.40.0-255,66,29484,69,224920
5532,0.000213,74.125.24.0-255,4320,33804,69,224920
5533,0.000216,172.31.40.0-255,66,33870,69,224920
5534,0.000223,74.125.24.0-255,7156,41026,69,224920
5535,0.000225,172.31.40.0-255,66,41092,69,224920
5536,0.000242,74.125.24.0-255,5738,46830,69,224920
5537,0.000244,172.31.40.0-255,66,46896,69,224920
5538,0.00025,74.125.24.0-255,7156,54052,69,224920
5539,0.000252,172.31.40.0-255,66,54118,69,224920
5540,0.00028,74.125.24.0-255,3902,58020,69,224920
5541,0.000282,172.31.40.0-255,66,58086,69,224920
5542,0.000512,74.125.24.0-255,131,58217,69,224920
5543,0.000518,172.31.40.0-255,66,58283,69,224920
5544,0.000692,74.125.24.0-255,1484,59767,69,224920
5545,0.000699,74.125.24.0-255,2902,62669,69,224920
5546,0.000702,172.31.40.0-255,66,62735,69,224920
5547,0.000709,74.125.24.0-255,4320,67055,69,224920
5548,0.000711,172.31.40.0-255,66,67121,69,224920
5549,0.000724,74.125.24.0-255,1484,68605,69,224920
5550,0.000731,74.125.24.0-255,7156,75761,69,224920
5551,0.000734,172.31.40.0-255,66,75827,69,224920
5552,0.000771,172.31.40.0-255,66,75893,69,224920
5553,0.000776,74.125.24.0-255,2184,78077,69,224920
5554,0.000778,172.31.40.0-255,66,78143,69,224920
5555,0.000828,74.125.24.0-255,5738,83881,69,224920
5556,0.000832,172.31.40.0-255,66,83947,69,224920
5557,0.000857,74.125.24.0-255,7156,91103,69,224920
5558,0.00086,172.31.40.0-255,66,91169,69,224920
5559,0.000875,172.31.40.0-255,66,91235,69,224920
5560,0.000917,172.31.40.0-255,66,91301,69,224920
5561,0.000967,172.31.40.0-255,66,91367,69,224920
5562,0.000994,74.125.24.0-255,5738,97105,69,224920
5563,0.000996,172.31.40.0-255,66,97171,69,224920
5564,0.001004,74.125.24.0-255,6718,103889,69,224920
5565,0.001006,172.31.40.0-255,66,103955,69,224920
5566,0.001331,74.125.24.0-255,1484,105439,69,224920
5567,0.001364,74.125.24.0-255,2902,108341,69,224920
5568,0.001368,172.31.40.0-255,66,108407,69,224920
5569,0.001375,74.125.24.0-255,5738,114145,69,224920
5570,0.001377,172.31.40.0-255,66,114211,69,224920
5571,0.001383,74.125.24.0-255,4320,118531,69,224920
5572,0.001385,172.31.40.0-255,66,118597,69,224920
5573,0.001406,74.125.24.0-255,2902,121499,69,224920
5574,0.001408,172.31.40.0-255,66,121565,69,224920
5575,0.001437,74.125.24.0-255,7156,128721,69,224920
5576,0.00144,172.31.40.0-255,66,128787,69,224920
5577,0.00147,172.31.40.0-255,66,128853,69,224920
5578,0.001477,74.125.24.0-255,5738,134591,69,224920
5579,0.001479,172.31.40.0-255,66,134657,69,224920
5580,0.001483,74.125.24.0-255,2902,137559,69,224920
5581,0.001485,172.31.40.0-255,66,137625,69,224920
5582,0.00151,74.125.24.0-255,4320,141945,69,224920
5583,0.001513,172.31.40.0-255,66,142011,69,224920
5584,0.001525,172.31.40.0-255,66,142077,69,224920
5585,0.001549,74.125.24.0-255,4320,146397,69,224920
5586,0.001552,172.31.40.0-255,66,146463,69,224920
5587,0.001559,74.125.24.0-255,6438,152901,69,224920
5588,0.001562,172.31.40.0-255,66,152967,69,224920
5589,0.00166,74.125.24.0-255,1484,154451,69,224920
5590,0.001666,74.125.24.0-255,2902,157353,69,224920
5591,0.00167,172.31.40.0-255,66,157419,69,224920
5592,0.001696,74.125.24.0-255,5738,163157,69,224920
5593,0.001698,172.31.40.0-255,66,163223,69,224920
5594,0.001705,74.125.24.0-255,5738,168961,69,224920
5595,0.001707,172.31.40.0-255,66,169027,69,224920
5596,0.001733,74.125.24.0-255,7156,176183,69,224920
5597,0.001735,172.31.40.0-255,66,176249,69,224920
5598,0.001749,172.31.40.0-255,66,176315,69,224920
5599,0.001976,74.125.24.0-255,1484,177799,69,224920
5600,0.001983,74.125.24.0-255,2902,180701,69,224920
5601,0.001986,172.31.40.0-255,66,180767,69,224920
5602,0.001992,74.125.24.0-255,4320,185087,69,224920
5603,0.001995,172.31.40.0-255,66,185153,69,224920
5604,0.002009,74.125.24.0-255,1484,186637,69,224920
5605,0.002013,74.125.24.0-255,2902,189539,69,224920
5606,0.002016,172.31.40.0-255,66,189605,69,224920
5607,0.002047,172.31.40.0-255,66,189671,69,224920
5608,0.00206,172.31.40.0-255,66,189737,69,224920
5609,0.002106,74.125.24.0-255,1484,191221,69,224920
5610,0.002112,74.125.24.0-255,2902,194123,69,224920
5611,0.002115,172.31.40.0-255,66,194189,69,224920
5612,0.002119,74.125.24.0-255,2902,197091,69,224920
5613,0.002121,172.31.40.0-255,66,197157,69,224920
5614,0.002135,74.125.24.0-255,2902,200059,69,224920
5615,0.002138,172.31.40.0-255,66,200125,69,224920
5616,0.002145,74.125.24.0-255,5738,205863,69,224920
5617,0.002148,172.31.40.0-255,66,205929,69,224920
5618,0.002154,74.125.24.0-255,4320,210249,69,224920
5619,0.002155,172.31.40.0-255,66,210315,69,224920
5620,0.002188,172.31.40.0-255,66,210381,69,224920
5621,0.002192,74.125.24.0-255,2902,213283,69,224920
5622,0.002194,172.31.40.0-255,66,213349,69,224920
5623,0.002238,172.31.40.0-255,66,213415,69,224920
5624,0.002253,172.31.40.0-255,66,213481,69,224920
5625,0.002269,172.31.40.0-255,66,213547,69,224920
5626,0.002361,172.31.40.0-255,66,213613,69,224920
5627,0.002365,74.125.24.0-255,1617,215230,69,224920
5628,0.002368,172.31.40.0-255,66,215296,69,224920
5629,0.002371,74.125.24.0-255,105,215401,69,224920
5630,0.011402,172.31.40.0-255,66,215467,69,224920
5631,0.011448,172.31.40.0-255,105,215572,69,224920
5632,0.014017,74.125.24.0-255,66,215638,69,224920
5633,0.03813,172.31.40.0-255,172,215810,69,224920
5634,0.038163,172.31.40.0-255,1116,216926,69,224920
5635,0.038226,172.31.40.0-255,1514,218440,69,224920
5636,0.038228,172.31.40.0-255,1514,219954,69,224920
5637,0.03823,172.31.40.0-255,1514,221468,69,224920
5638,0.038231,172.31.40.0-255,1514,222982,69,224920
5639,0.038263,172.31.40.0-255,1500,224482,69,224920
5640,0.039632,104.244.42.0-255,66,224548,69,224920
5641,0.03973,104.244.42.0-255,66,224614,69,224920
5642,0.039775,104.244.42.0-255,66,224680,69,224920
5643,0.039829,104.244.42.0-255,66,224746,69,224920
5644,0.040446,104.244.42.0-255,108,224854,69,224920
5645,0.040457,172.31.40.0-255,66,224920,69,224920
5646,0.0,172.217.194.0-255,146,146,69,323539
5647,2.3e-05,172.31.40.0-255,66,212,69,323539
5648,3e-05,172.217.194.0-255,1484,1696,69,323539
5649,3.5e-05,172.31.40.0-255,66,1762,69,323539
5650,6.1e-05,172.217.194.0-255,2902,4664,69,323539
5651,6.5e-05,172.31.40.0-255,66,4730,69,323539
5652,7.7e-05,172.217.194.0-255,7156,11886,69,323539
5653,7.9e-05,172.31.40.0-255,66,11952,69,323539
5654,8.4e-05,172.217.194.0-255,2161,14113,69,323539
5655,8.6e-05,172.31.40.0-255,66,14179,69,323539
5656,0.000172,172.217.194.0-255,1484,15663,69,323539
5657,0.000175,172.31.40.0-255,66,15729,69,323539
5658,0.000181,172.217.194.0-255,2902,18631,69,323539
5659,0.000183,172.31.40.0-255,66,18697,69,323539
5660,0.000204,172.217.194.0-255,5738,24435,69,323539
5661,0.000208,172.31.40.0-255,66,24501,69,323539
5662,0.000242,172.217.194.0-255,6797,31298,69,323539
5663,0.000245,172.31.40.0-255,66,31364,69,323539
5664,0.000275,172.217.194.0-255,7156,38520,69,323539
5665,0.000278,172.31.40.0-255,66,38586,69,323539
5666,0.000283,172.217.194.0-255,4320,42906,69,323539
5667,0.000286,172.31.40.0-255,66,42972,69,323539
5668,0.000338,172.217.194.0-255,1484,44456,69,323539
5669,0.000341,172.31.40.0-255,66,44522,69,323539
5670,0.000369,172.217.194.0-255,3961,48483,69,323539
5671,0.000371,172.31.40.0-255,66,48549,69,323539
5672,0.000378,172.217.194.0-255,2902,51451,69,323539
5673,0.000381,172.31.40.0-255,66,51517,69,323539
5674,0.00041,172.217.194.0-255,2902,54419,69,323539
5675,0.000413,172.31.40.0-255,66,54485,69,323539
5676,0.000421,172.217.194.0-255,7156,61641,69,323539
5677,0.000423,172.31.40.0-255,66,61707,69,323539
5678,0.000453,172.217.194.0-255,3961,65668,69,323539
5679,0.000456,172.31.40.0-255,66,65734,69,323539
5680,0.000512,172.217.194.0-255,362,66096,69,323539
5681,0.000555,172.217.194.0-255,380,66476,69,323539
5682,0.000995,172.217.194.0-255,1484,67960,69,323539
5683,0.000999,172.31.40.0-255,66,68026,69,323539
5684,0.001005,172.217.194.0-255,2902,70928,69,323539
5685,0.001007,172.31.40.0-255,66,70994,69,323539
5686,0.001037,172.217.194.0-255,5738,76732,69,323539
5687,0.00104,172.31.40.0-255,66,76798,69,323539
5688,0.001045,172.217.194.0-255,2902,79700,69,323539
5689,0.001047,172.31.40.0-255,66,79766,69,323539
5690,0.001085,172.31.40.0-255,66,79832,69,323539
5691,0.001133,172.31.40.0-255,66,79898,69,323539
5692,0.001137,172.217.194.0-255,1484,81382,69,323539
5693,0.001167,172.217.194.0-255,1484,82866,69,323539
5694,0.001172,172.217.194.0-255,4320,87186,69,323539
5695,0.00119,172.31.40.0-255,66,87252,69,323539
5696,0.001194,172.31.40.0-255,66,87318,69,323539
5697,0.001197,172.31.40.0-255,66,87384,69,323539
5698,0.001203,172.217.194.0-255,4320,91704,69,323539
5699,0.001205,172.31.40.0-255,66,91770,69,323539
5700,0.001238,172.31.40.0-255,66,91836,69,323539
5701,0.001756,172.217.194.0-255,1484,93320,69,323539
5702,0.001762,172.217.194.0-255,2902,96222,69,323539
5703,0.001766,172.31.40.0-255,66,96288,69,323539
5704,0.00177,172.217.194.0-255,1484,97772,69,323539
5705,0.001798,172.217.194.0-255,4320,102092,69,323539
5706,0.001801,172.31.40.0-255,66,102158,69,323539
5707,0.001815,172.31.40.0-255,66,102224,69,323539
5708,0.001846,172.217.194.0-255,1484,103708,69,323539
5709,0.001858,172.31.40.0-255,66,103774,69,323539
5710,0.001894,172.217.194.0-255,5738,109512,69,323539
5711,0.001898,172.31.40.0-255,66,109578,69,323539
5712,0.001939,172.31.40.0-255,66,109644,69,323539
5713,0.001959,172.31.40.0-255,66,109710,69,323539
5714,0.001969,172.31.40.0-255,66,109776,69,323539
5715,0.002006,172.217.194.0-255,1484,111260,69,323539
5716,0.00201,172.217.194.0-255,1484,112744,69,323539
5717,0.002013,172.31.40.0-255,66,112810,69,323539
5718,0.002039,172.217.194.0-255,1484,114294,69,323539
5719,0.002046,172.217.194.0-255,5738,120032,69,323539
5720,0.002048,172.31.40.0-255,66,120098,69,323539
5721,0.002054,172.217.194.0-255,4320,124418,69,323539
5722,0.002056,172.31.40.0-255,66,124484,69,323539
5723,0.002078,172.217.194.0-255,1484,125968,69,323539
5724,0.004099,172.217.194.0-255,4320,130288,69,323539
5725,0.00411,172.31.40.0-255,66,130354,69,323539
5726,0.006112,172.217.194.0-255,2902,133256,69,323539
5727,0.006116,172.31.40.0-255,66,133322,69,323539
5728,0.006142,172.217.194.0-255,2902,136224,69,323539
5729,0.006144,172.31.40.0-255,66,136290,69,323539
5730,0.008093,172.217.194.0-255,2902,139192,69,323539
5731,0.008096,172.31.40.0-255,66,139258,69,323539
5732,0.00814,172.217.194.0-255,2902,142160,69,323539
5733,0.008142,172.31.40.0-255,66,142226,69,323539
5734,0.010097,172.217.194.0-255,2902,145128,69,323539
5735,0.010108,172.31.40.0-255,66,145194,69,323539
5736,0.010192,172.217.194.0-255,2902,148096,69,323539
5737,0.010197,172.31.40.0-255,66,148162,69,323539
5738,0.012117,172.217.194.0-255,2902,151064,69,323539
5739,0.012126,172.31.40.0-255,66,151130,69,323539
5740,0.012207,172.217.194.0-255,2902,154032,69,323539
5741,0.012211,172.31.40.0-255,66,154098,69,323539
5742,0.014165,172.217.194.0-255,2902,157000,69,323539
5743,0.014175,172.31.40.0-255,66,157066,69,323539
5744,0.014212,172.217.194.0-255,2902,159968,69,323539
5745,0.014215,172.31.40.0-255,66,160034,69,323539
5746,0.016163,172.217.194.0-255,5738,165772,69,323539
5747,0.016184,172.31.40.0-255,66,165838,69,323539
5748,0.018192,172.217.194.0-255,5738,171576,69,323539
5749,0.018209,172.31.40.0-255,66,171642,69,323539
5750,0.020216,172.217.194.0-255,5738,177380,69,323539
5751,0.020234,172.31.40.0-255,66,177446,69,323539
5752,0.022248,172.217.194.0-255,5738,183184,69,323539
5753,0.022259,172.31.40.0-255,66,183250,69,323539
5754,0.024288,172.217.194.0-255,5738,188988,69,323539
5755,0.024301,172.31.40.0-255,66,189054,69,323539
5756,0.026336,172.217.194.0-255,5738,194792,69,323539
5757,0.026353,172.31.40.0-255,66,194858,69,323539
5758,0.028417,172.217.194.0-255,5738,200596,69,323539
5759,0.028427,172.31.40.0-255,66,200662,69,323539
5760,0.030423,172.217.194.0-255,5738,206400,69,323539
5761,0.030431,172.31.40.0-255,66,206466,69,323539
5762,0.032442,172.217.194.0-255,5738,212204,69,323539
5763,0.032453,172.31.40.0-255,66,212270,69,323539
5764,0.034493,172.217.194.0-255,5738,218008,69,323539
5765,0.034504,172.31.40.0-255,66,218074,69,323539
5766,0.03654,172.217.194.0-255,5738,223812,69,323539
5767,0.036549,172.31.40.0-255,66,223878,69,323539
5768,0.037599,172.31.40.0-255,172,224050,69,323539
5769,0.037635,172.31.40.0-255,1111,225161,69,323539
5770,0.0377,172.31.40.0-255,1514,226675,69,323539
5771,0.037702,172.31.40.0-255,1514,228189,69,323539
5772,0.037703,172.31.40.0-255,1514,229703,69,323539
5773,0.037704,172.31.40.0-255,1514,231217,69,323539
5774,0.037705,172.31.40.0-255,546,231763,69,323539
5775,0.038535,172.217.194.0-255,5738,237501,69,323539
5776,0.038543,172.31.40.0-255,66,237567,69,323539
5777,0.039124,104.244.42.0-255,66,237633,69,323539
5778,0.039186,104.244.42.0-255,66,237699,69,323539
5779,0.039297,104.244.42.0-255,66,237765,69,323539
5780,0.0393,104.244.42.0-255,66,237831,69,323539
5781,0.040512,172.217.194.0-255,5738,243569,69,323539
5782,0.040522,172.31.40.0-255,66,243635,69,323539
5783,0.042526,172.217.194.0-255,5738,249373,69,323539
5784,0.042533,172.31.40.0-255,66,249439,69,323539
5785,0.044573,172.217.194.0-255,5738,255177,69,323539
5786,0.044581,172.31.40.0-255,66,255243,69,323539
5787,0.046567,172.217.194.0-255,5738,260981,69,323539
5788,0.046573,172.31.40.0-255,66,261047,69,323539
5789,0.048575,172.217.194.0-255,5738,266785,69,323539
5790,0.04858,172.31.40.0-255,66,266851,69,323539
5791,0.050544,172.217.194.0-255,5738,272589,69,323539
5792,0.050551,172.31.40.0-255,66,272655,69,323539
5793,0.052543,172.217.194.0-255,4320,276975,69,323539
5794,0.052551,172.31.40.0-255,66,277041,69,323539
5795,0.052579,172.217.194.0-255,1484,278525,69,323539
5796,0.054538,172.217.194.0-255,4320,282845,69,323539
5797,0.054548,172.31.40.0-255,66,282911,69,323539
5798,0.056549,172.217.194.0-255,5738,288649,69,323539
5799,0.056557,172.31.40.0-255,66,288715,69,323539
5800,0.058571,172.217.194.0-255,5738,294453,69,323539
5801,0.05858,172.31.40.0-255,66,294519,69,323539
5802,0.06059,172.217.194.0-255,5738,300257,69,323539
5803,0.060603,172.31.40.0-255,66,300323,69,323539
5804,0.062606,172.217.194.0-255,5738,306061,69,323539
5805,0.062613,172.31.40.0-255,66,306127,69,323539
5806,0.064644,172.217.194.0-255,5738,311865,69,323539
5807,0.064652,172.31.40.0-255,66,311931,69,323539
5808,0.066654,172.217.194.0-255,5738,317669,69,323539
5809,0.066671,172.31.40.0-255,66,317735,69,323539
5810,0.068663,172.217.194.0-255,5738,323473,69,323539
5811,0.068676,172.31.40.0-255,66,323539,69,323539
5812,0.0,172.217.194.0-255,146,146,69,153452
5813,2.3e-05,172.31.40.0-255,66,212,69,153452
5814,3e-05,172.217.194.0-255,1484,1696,69,153452
5815,3.4e-05,172.31.40.0-255,66,1762,69,153452
5816,3.9e-05,172.217.194.0-255,2902,4664,69,153452
5817,4.2e-05,172.31.40.0-255,66,4730,69,153452
5818,5e-05,172.217.194.0-255,7156,11886,69,153452
5819,5.2e-05,172.31.40.0-255,66,11952,69,153452
5820,5.6e-05,172.217.194.0-255,2138,14090,69,153452
5821,6e-05,172.31.40.0-255,66,14156,69,153452
5822,9.5e-05,172.31.40.0-255,66,14222,69,153452
5823,0.000125,172.217.194.0-255,2902,17124,69,153452
5824,0.000127,172.31.40.0-255,66,17190,69,153452
5825,0.000134,172.217.194.0-255,5379,22569,69,153452
5826,0.000137,172.31.40.0-255,66,22635,69,153452
5827,0.000143,172.217.194.0-255,5738,28373,69,153452
5828,0.000146,172.31.40.0-255,66,28439,69,153452
5829,0.000152,172.217.194.0-255,7156,35595,69,153452
5830,0.000155,172.31.40.0-255,66,35661,69,153452
5831,0.000179,172.217.194.0-255,3961,39622,69,153452
5832,0.000181,172.31.40.0-255,66,39688,69,153452
5833,0.000338,172.217.194.0-255,1484,41172,69,153452
5834,0.000342,172.31.40.0-255,66,41238,69,153452
5835,0.00037,172.217.194.0-255,2902,44140,69,153452
5836,0.000373,172.31.40.0-255,66,44206,69,153452
5837,0.000378,172.217.194.0-255,4320,48526,69,153452
5838,0.00038,172.31.40.0-255,66,48592,69,153452
5839,0.000396,172.217.194.0-255,1484,50076,69,153452
5840,0.000398,172.31.40.0-255,66,50142,69,153452
5841,0.000405,172.217.194.0-255,5738,55880,69,153452
5842,0.000407,172.31.40.0-255,66,55946,69,153452
5843,0.000428,172.217.194.0-255,1739,57685,69,153452
5844,0.00043,172.31.40.0-255,66,57751,69,153452
5845,0.000517,172.217.194.0-255,1484,59235,69,153452
5846,0.000522,172.217.194.0-255,1484,60719,69,153452
5847,0.000525,172.31.40.0-255,66,60785,69,153452
5848,0.000539,172.217.194.0-255,1484,62269,69,153452
5849,0.000546,172.217.194.0-255,5738,68007,69,153452
5850,0.000549,172.31.40.0-255,66,68073,69,153452
5851,0.000553,172.217.194.0-255,2902,70975,69,153452
5852,0.000555,172.31.40.0-255,66,71041,69,153452
5853,0.00058,172.217.194.0-255,3961,75002,69,153452
5854,0.000583,172.31.40.0-255,66,75068,69,153452
5855,0.000626,172.31.40.0-255,66,75134,69,153452
5856,0.000641,172.217.194.0-255,1484,76618,69,153452
5857,0.000648,172.217.194.0-255,3961,80579,69,153452
5858,0.00065,172.31.40.0-255,66,80645,69,153452
5859,0.000935,172.217.194.0-255,1484,82129,69,153452
5860,0.000942,172.217.194.0-255,2902,85031,69,153452
5861,0.000945,172.31.40.0-255,66,85097,69,153452
5862,0.000952,172.217.194.0-255,5738,90835,69,153452
5863,0.000955,172.31.40.0-255,66,90901,69,153452
5864,0.000981,172.31.40.0-255,66,90967,69,153452
5865,0.001004,172.217.194.0-255,4320,95287,69,153452
5866,0.001007,172.31.40.0-255,66,95353,69,153452
5867,0.001015,172.217.194.0-255,7156,102509,69,153452
5868,0.001017,172.31.40.0-255,66,102575,69,153452
5869,0.001033,172.217.194.0-255,3602,106177,69,153452
5870,0.001036,172.31.40.0-255,66,106243,69,153452
5871,0.001155,172.217.194.0-255,1484,107727,69,153452
5872,0.001162,172.217.194.0-255,2902,110629,69,153452
5873,0.001165,172.31.40.0-255,66,110695,69,153452
5874,0.001172,172.217.194.0-255,5738,116433,69,153452
5875,0.001174,172.31.40.0-255,66,116499,69,153452
5876,0.001208,172.31.40.0-255,66,116565,69,153452
5877,0.00123,172.217.194.0-255,1484,118049,69,153452
5878,0.001243,172.31.40.0-255,66,118115,69,153452
5879,0.001306,172.217.194.0-255,1484,119599,69,153452
5880,0.001321,172.217.194.0-255,2902,122501,69,153452
5881,0.001324,172.31.40.0-255,66,122567,69,153452
5882,0.001331,172.217.194.0-255,5738,128305,69,153452
5883,0.001333,172.31.40.0-255,66,128371,69,153452
5884,0.001346,172.217.194.0-255,1484,129855,69,153452
5885,0.001374,172.31.40.0-255,66,129921,69,153452
5886,0.001387,172.31.40.0-255,66,129987,69,153452
5887,0.00177,172.217.194.0-255,1484,131471,69,153452
5888,0.001777,172.217.194.0-255,2902,134373,69,153452
5889,0.001781,172.31.40.0-255,66,134439,69,153452
5890,0.001788,172.217.194.0-255,5738,140177,69,153452
5891,0.001791,172.31.40.0-255,66,140243,69,153452
5892,0.001805,172.31.40.0-255,66,140309,69,153452
5893,0.001911,172.31.40.0-255,66,140375,69,153452
5894,0.001958,172.31.40.0-255,66,140441,69,153452
5895,0.002044,172.31.40.0-255,66,140507,69,153452
5896,0.002076,172.217.194.0-255,4320,144827,69,153452
5897,0.002101,172.31.40.0-255,66,144893,69,153452
5898,0.002142,172.31.40.0-255,66,144959,69,153452
5899,0.002205,172.217.194.0-255,105,145064,69,153452
5900,0.002226,172.31.40.0-255,66,145130,69,153452
5901,0.012944,172.31.40.0-255,105,145235,69,153452
5902,0.015188,172.217.194.0-255,66,145301,69,153452
5903,0.039817,172.31.40.0-255,172,145473,69,153452
5904,0.039852,172.31.40.0-255,1111,146584,69,153452
5905,0.039916,172.31.40.0-255,1514,148098,69,153452
5906,0.039918,172.31.40.0-255,1514,149612,69,153452
5907,0.03992,172.31.40.0-255,1514,151126,69,153452
5908,0.039921,172.31.40.0-255,1514,152640,69,153452
5909,0.039946,172.31.40.0-255,548,153188,69,153452
5910,0.04131,104.244.42.0-255,66,153254,69,153452
5911,0.041341,104.244.42.0-255,66,153320,69,153452
5912,0.041422,104.244.42.0-255,66,153386,69,153452
5913,0.041427,104.244.42.0-255,66,153452,69,153452
5914,0.0,216.58.221.0-255,153,153,69,254517
5915,2.5e-05,172.31.40.0-255,66,219,69,254517
5916,3e-05,216.58.221.0-255,1484,1703,69,254517
5917,3.4e-05,172.31.40.0-255,66,1769,69,254517
5918,3.8e-05,216.58.221.0-255,2902,4671,69,254517
5919,4e-05,172.31.40.0-255,66,4737,69,254517
5920,7.2e-05,216.58.221.0-255,7156,11893,69,254517
5921,7.5e-05,172.31.40.0-255,66,11959,69,254517
5922,9.8e-05,216.58.221.0-255,1484,13443,69,254517
5923,0.0001,172.31.40.0-255,66,13509,69,254517
5924,0.000116,216.58.221.0-255,687,14196,69,254517
5925,0.000118,172.31.40.0-255,66,14262,69,254517
5926,0.000212,216.58.221.0-255,1484,15746,69,254517
5927,0.000215,172.31.40.0-255,66,15812,69,254517
5928,0.000218,216.58.221.0-255,1484,17296,69,254517
5929,0.00022,172.31.40.0-255,66,17362,69,254517
5930,0.000246,216.58.221.0-255,1484,18846,69,254517
5931,0.000248,172.31.40.0-255,66,18912,69,254517
5932,0.000253,216.58.221.0-255,2902,21814,69,254517
5933,0.000257,216.58.221.0-255,4320,26134,69,254517
5934,0.000257,172.31.40.0-255,66,26200,69,254517
5935,0.000259,172.31.40.0-255,66,26266,69,254517
5936,0.000285,216.58.221.0-255,1484,27750,69,254517
5937,0.000288,172.31.40.0-255,66,27816,69,254517
5938,0.000322,172.31.40.0-255,66,27882,69,254517
5939,0.000359,216.58.221.0-255,4320,32202,69,254517
5940,0.000363,172.31.40.0-255,66,32268,69,254517
5941,0.00039,216.58.221.0-255,5738,38006,69,254517
5942,0.000394,172.31.40.0-255,66,38072,69,254517
5943,0.000436,216.58.221.0-255,2543,40615,69,254517
5944,0.000439,172.31.40.0-255,66,40681,69,254517
5945,0.000443,216.58.221.0-255,2902,43583,69,254517
5946,0.000445,172.31.40.0-255,66,43649,69,254517
5947,0.000474,216.58.221.0-255,7156,50805,69,254517
5948,0.000477,172.31.40.0-255,66,50871,69,254517
5949,0.000517,216.58.221.0-255,1484,52355,69,254517
5950,0.000533,216.58.221.0-255,5669,58024,69,254517
5951,0.000536,172.31.40.0-255,66,58090,69,254517
5952,0.001163,216.58.221.0-255,135,58225,69,254517
5953,0.001327,216.58.221.0-255,1484,59709,69,254517
5954,0.001332,172.31.40.0-255,66,59775,69,254517
5955,0.001338,216.58.221.0-255,2902,62677,69,254517
5956,0.00134,172.31.40.0-255,66,62743,69,254517
5957,0.001345,216.58.221.0-255,4320,67063,69,254517
5958,0.001351,172.31.40.0-255,66,67129,69,254517
5959,0.001373,216.58.221.0-255,1484,68613,69,254517
5960,0.001376,216.58.221.0-255,1484,70097,69,254517
5961,0.001377,172.31.40.0-255,66,70163,69,254517
5962,0.001399,216.58.221.0-255,2902,73065,69,254517
5963,0.001401,172.31.40.0-255,66,73131,69,254517
5964,0.001405,216.58.221.0-255,2543,75674,69,254517
5965,0.001407,172.31.40.0-255,66,75740,69,254517
5966,0.001452,216.58.221.0-255,2902,78642,69,254517
5967,0.001454,172.31.40.0-255,66,78708,69,254517
5968,0.001476,216.58.221.0-255,2902,81610,69,254517
5969,0.001477,172.31.40.0-255,66,81676,69,254517
5970,0.001483,216.58.221.0-255,7156,88832,69,254517
5971,0.001485,172.31.40.0-255,66,88898,69,254517
5972,0.001534,216.58.221.0-255,3961,92859,69,254517
5973,0.001536,172.31.40.0-255,66,92925,69,254517
5974,0.001848,216.58.221.0-255,1484,94409,69,254517
5975,0.001864,216.58.221.0-255,2902,97311,69,254517
5976,0.001866,172.31.40.0-255,66,97377,69,254517
5977,0.001876,216.58.221.0-255,1484,98861,69,254517
5978,0.001896,216.58.221.0-255,4320,103181,69,254517
5979,0.001898,172.31.40.0-255,66,103247,69,254517
5980,0.00191,216.58.221.0-255,1484,104731,69,254517
5981,0.001928,216.58.221.0-255,7156,111887,69,254517
5982,0.001931,172.31.40.0-255,66,111953,69,254517
5983,0.001954,216.58.221.0-255,4320,116273,69,254517
5984,0.001956,172.31.40.0-255,66,116339,69,254517
5985,0.00201,216.58.221.0-255,4320,120659,69,254517
5986,0.002012,172.31.40.0-255,66,120725,69,254517
5987,0.00203,216.58.221.0-255,5738,126463,69,254517
5988,0.002032,172.31.40.0-255,66,126529,69,254517
5989,0.002055,216.58.221.0-255,766,127295,69,254517
5990,0.002086,216.58.221.0-255,1484,128779,69,254517
5991,0.002088,172.31.40.0-255,66,128845,69,254517
5992,0.002119,172.31.40.0-255,66,128911,69,254517
5993,0.002174,216.58.221.0-255,1484,130395,69,254517
5994,0.002183,216.58.221.0-255,2902,133297,69,254517
5995,0.002185,172.31.40.0-255,66,133363,69,254517
5996,0.002204,172.31.40.0-255,66,133429,69,254517
5997,0.002226,172.31.40.0-255,66,133495,69,254517
5998,0.002331,216.58.221.0-255,2902,136397,69,254517
5999,0.002332,172.31.40.0-255,66,136463,69,254517
6000,0.002354,216.58.221.0-255,4320,140783,69,254517
6001,0.002357,172.31.40.0-255,66,140849,69,254517
6002,0.002376,216.58.221.0-255,1484,142333,69,254517
6003,0.002391,216.58.221.0-255,2902,145235,69,254517
6004,0.002393,172.31.40.0-255,66,145301,69,254517
6005,0.002418,172.31.40.0-255,66,145367,69,254517
6006,0.002444,216.58.221.0-255,4320,149687,69,254517
6007,0.002446,172.31.40.0-255,66,149753,69,254517
6008,0.002506,216.58.221.0-255,1484,151237,69,254517
6009,0.002524,216.58.221.0-255,6438,157675,69,254517
6010,0.002526,172.31.40.0-255,66,157741,69,254517
6011,0.002586,216.58.221.0-255,5738,163479,69,254517
6012,0.002589,172.31.40.0-255,66,163545,69,254517
6013,0.002625,172.31.40.0-255,66,163611,69,254517
6014,0.002672,216.58.221.0-255,1484,165095,69,254517
6015,0.002703,172.31.40.0-255,66,165161,69,254517
6016,0.002781,216.58.221.0-255,2902,168063,69,254517
6017,0.002785,172.31.40.0-255,66,168129,69,254517
6018,0.00281,216.58.221.0-255,1484,169613,69,254517
6019,0.002813,216.58.221.0-255,766,170379,69,254517
6020,0.002815,172.31.40.0-255,66,170445,69,254517
6021,0.002822,216.58.221.0-255,7156,177601,69,254517
6022,0.002824,172.31.40.0-255,66,177667,69,254517
6023,0.002866,172.31.40.0-255,66,177733,69,254517
6024,0.002891,216.58.221.0-255,1484,179217,69,254517
6025,0.002973,216.58.221.0-255,1484,180701,69,254517
6026,0.002976,172.31.40.0-255,66,180767,69,254517
6027,0.002998,172.31.40.0-255,66,180833,69,254517
6028,0.003037,216.58.221.0-255,766,181599,69,254517
6029,0.003063,216.58.221.0-255,4320,185919,69,254517
6030,0.003065,172.31.40.0-255,66,185985,69,254517
6031,0.003099,172.31.40.0-255,66,186051,69,254517
6032,0.003148,216.58.221.0-255,2902,188953,69,254517
6033,0.003151,172.31.40.0-255,66,189019,69,254517
6034,0.003186,172.31.40.0-255,66,189085,69,254517
6035,0.003262,216.58.221.0-255,2902,191987,69,254517
6036,0.003265,172.31.40.0-255,66,192053,69,254517
6037,0.003295,216.58.221.0-255,5020,197073,69,254517
6038,0.003298,172.31.40.0-255,66,197139,69,254517
6039,0.003339,216.58.221.0-255,4320,201459,69,254517
6040,0.003343,172.31.40.0-255,66,201525,69,254517
6041,0.003388,172.31.40.0-255,66,201591,69,254517
6042,0.003512,216.58.221.0-255,2902,204493,69,254517
6043,0.003516,172.31.40.0-255,66,204559,69,254517
6044,0.003539,216.58.221.0-255,2184,206743,69,254517
6045,0.003542,172.31.40.0-255,66,206809,69,254517
6046,0.003571,216.58.221.0-255,5738,212547,69,254517
6047,0.003574,172.31.40.0-255,66,212613,69,254517
6048,0.003608,172.31.40.0-255,66,212679,69,254517
6049,0.003632,216.58.221.0-255,4320,216999,69,254517
6050,0.003634,172.31.40.0-255,66,217065,69,254517
6051,0.003709,216.58.221.0-255,1484,218549,69,254517
6052,0.003723,216.58.221.0-255,4320,222869,69,254517
6053,0.003726,172.31.40.0-255,66,222935,69,254517
6054,0.003762,172.31.40.0-255,66,223001,69,254517
6055,0.003785,216.58.221.0-255,1484,224485,69,254517
6056,0.003811,216.58.221.0-255,1484,225969,69,254517
6057,0.003814,172.31.40.0-255,66,226035,69,254517
6058,0.003821,216.58.221.0-255,7156,233191,69,254517
6059,0.003823,172.31.40.0-255,66,233257,69,254517
6060,0.003843,216.58.221.0-255,5738,238995,69,254517
6061,0.003847,172.31.40.0-255,66,239061,69,254517
6062,0.003904,216.58.221.0-255,1484,240545,69,254517
6063,0.00393,172.31.40.0-255,66,240611,69,254517
6064,0.003982,216.58.221.0-255,1484,242095,69,254517
6065,0.003998,216.58.221.0-255,2902,244997,69,254517
6066,0.004001,172.31.40.0-255,66,245063,69,254517
6067,0.004037,172.31.40.0-255,66,245129,69,254517
6068,0.004116,216.58.221.0-255,105,245234,69,254517
6069,0.004991,172.31.40.0-255,66,245300,69,254517
6070,0.005014,172.31.40.0-255,105,245405,69,254517
6071,0.007056,216.58.221.0-255,66,245471,69,254517
6072,0.033072,172.31.40.0-255,176,245647,69,254517
6073,0.033102,172.31.40.0-255,1114,246761,69,254517
6074,0.033146,172.31.40.0-255,1514,248275,69,254517
6075,0.033148,172.31.40.0-255,1514,249789,69,254517
6076,0.033153,172.31.40.0-255,1514,251303,69,254517
6077,0.033154,172.31.40.0-255,1514,252817,69,254517
6078,0.033171,172.31.40.0-255,1502,254319,69,254517
6079,0.034746,104.244.42.0-255,66,254385,69,254517
6080,0.034781,104.244.42.0-255,66,254451,69,254517
6081,0.034866,104.244.42.0-255,66,254517,69,254517
6082,0.0,172.217.194.0-255,153,153,69,283743
6083,2.1e-05,172.31.40.0-255,66,219,69,283743
6084,2.8e-05,172.217.194.0-255,1484,1703,69,283743
6085,3.2e-05,172.31.40.0-255,66,1769,69,283743
6086,3.9e-05,172.217.194.0-255,2902,4671,69,283743
6087,4.2e-05,172.31.40.0-255,66,4737,69,283743
6088,5.8e-05,172.217.194.0-255,7156,11893,69,283743
6089,6.1e-05,172.31.40.0-255,66,11959,69,283743
6090,6.5e-05,172.217.194.0-255,2095,14054,69,283743
6091,6.8e-05,172.31.40.0-255,66,14120,69,283743
6092,0.000111,172.31.40.0-255,66,14186,69,283743
6093,0.000117,172.217.194.0-255,5379,19565,69,283743
6094,0.000119,172.31.40.0-255,66,19631,69,283743
6095,0.00027,172.217.194.0-255,1484,21115,69,283743
6096,0.000274,172.31.40.0-255,66,21181,69,283743
6097,0.00028,172.217.194.0-255,2902,24083,69,283743
6098,0.000282,172.31.40.0-255,66,24149,69,283743
6099,0.000314,172.217.194.0-255,5738,29887,69,283743
6100,0.000317,172.31.40.0-255,66,29953,69,283743
6101,0.000325,172.217.194.0-255,6797,36750,69,283743
6102,0.000327,172.31.40.0-255,66,36816,69,283743
6103,0.000394,172.31.40.0-255,66,36882,69,283743
6104,0.000422,172.217.194.0-255,2902,39784,69,283743
6105,0.000424,172.31.40.0-255,66,39850,69,283743
6106,0.000428,172.217.194.0-255,2844,42694,69,283743
6107,0.00043,172.31.40.0-255,66,42760,69,283743
6108,0.000867,172.217.194.0-255,384,43144,69,283743
6109,0.000872,172.31.40.0-255,66,43210,69,283743
6110,0.001189,172.217.194.0-255,1484,44694,69,283743
6111,0.001195,172.31.40.0-255,66,44760,69,283743
6112,0.001203,172.217.194.0-255,2902,47662,69,283743
6113,0.001205,172.31.40.0-255,66,47728,69,283743
6114,0.001212,172.217.194.0-255,5738,53466,69,283743
6115,0.001219,172.31.40.0-255,66,53532,69,283743
6116,0.001226,172.217.194.0-255,7156,60688,69,283743
6117,0.001229,172.31.40.0-255,66,60754,69,283743
6118,0.001276,172.31.40.0-255,66,60820,69,283743
6119,0.00128,172.217.194.0-255,2184,63004,69,283743
6120,0.001282,172.31.40.0-255,66,63070,69,283743
6121,0.001735,172.217.194.0-255,1484,64554,69,283743
6122,0.001744,172.217.194.0-255,2902,67456,69,283743
6123,0.001748,172.31.40.0-255,66,67522,69,283743
6124,0.001756,172.217.194.0-255,5738,73260,69,283743
6125,0.001758,172.31.40.0-255,66,73326,69,283743
6126,0.001779,172.31.40.0-255,66,73392,69,283743
6127,0.001831,172.31.40.0-255,66,73458,69,283743
6128,0.002288,172.217.194.0-255,1484,74942,69,283743
6129,0.002297,172.217.194.0-255,2902,77844,69,283743
6130,0.002302,172.31.40.0-255,66,77910,69,283743
6131,0.002308,172.217.194.0-255,4320,82230,69,283743
6132,0.002311,172.31.40.0-255,66,82296,69,283743
6133,0.002337,172.217.194.0-255,1484,83780,69,283743
6134,0.002351,172.31.40.0-255,66,83846,69,283743
6135,0.002359,172.217.194.0-255,7156,91002,69,283743
6136,0.002361,172.31.40.0-255,66,91068,69,283743
6137,0.002387,172.217.194.0-255,2902,93970,69,283743
6138,0.002389,172.31.40.0-255,66,94036,69,283743
6139,0.002392,172.217.194.0-255,766,94802,69,283743
6140,0.00243,172.217.194.0-255,1484,96286,69,283743
6141,0.002433,172.31.40.0-255,66,96352,69,283743
6142,0.002436,172.217.194.0-255,1484,97836,69,283743
6143,0.002456,172.217.194.0-255,1484,99320,69,283743
6144,0.002459,172.31.40.0-255,66,99386,69,283743
6145,0.002465,172.217.194.0-255,5738,105124,69,283743
6146,0.002468,172.31.40.0-255,66,105190,69,283743
6147,0.002478,172.217.194.0-255,4320,109510,69,283743
6148,0.002481,172.31.40.0-255,66,109576,69,283743
6149,0.00251,172.31.40.0-255,66,109642,69,283743
6150,0.002515,172.217.194.0-255,4320,113962,69,283743
6151,0.002521,172.31.40.0-255,66,114028,69,283743
6152,0.002555,172.217.194.0-255,6438,120466,69,283743
6153,0.002562,172.31.40.0-255,66,120532,69,283743
6154,0.00502,172.217.194.0-255,4320,124852,69,283743
6155,0.005029,172.31.40.0-255,66,124918,69,283743
6156,0.005047,172.217.194.0-255,1484,126402,69,283743
6157,0.007494,172.217.194.0-255,4320,130722,69,283743
6158,0.007499,172.31.40.0-255,66,130788,69,283743
6159,0.009984,172.217.194.0-255,1484,132272,69,283743
6160,0.01001,172.217.194.0-255,4320,136592,69,283743
6161,0.010014,172.31.40.0-255,66,136658,69,283743
6162,0.012485,172.217.194.0-255,5738,142396,69,283743
6163,0.012495,172.31.40.0-255,66,142462,69,283743
6164,0.015001,172.217.194.0-255,5738,148200,69,283743
6165,0.01501,172.31.40.0-255,66,148266,69,283743
6166,0.017498,172.217.194.0-255,4320,152586,69,283743
6167,0.017507,172.31.40.0-255,66,152652,69,283743
6168,0.017547,172.217.194.0-255,1484,154136,69,283743
6169,0.019967,172.217.194.0-255,4320,158456,69,283743
6170,0.019975,172.31.40.0-255,66,158522,69,283743
6171,0.022482,172.217.194.0-255,5738,164260,69,283743
6172,0.02249,172.31.40.0-255,66,164326,69,283743
6173,0.024953,172.217.194.0-255,5738,170064,69,283743
6174,0.024961,172.31.40.0-255,66,170130,69,283743
6175,0.027481,172.217.194.0-255,5738,175868,69,283743
6176,0.027489,172.31.40.0-255,66,175934,69,283743
6177,0.029965,172.217.194.0-255,5738,181672,69,283743
6178,0.029972,172.31.40.0-255,66,181738,69,283743
6179,0.032463,172.217.194.0-255,5738,187476,69,283743
6180,0.032471,172.31.40.0-255,66,187542,69,283743
6181,0.03423,172.31.40.0-255,172,187714,69,283743
6182,0.034263,172.31.40.0-255,1112,188826,69,283743
6183,0.034329,172.31.40.0-255,1514,190340,69,283743
6184,0.03433,172.31.40.0-255,1514,191854,69,283743
6185,0.034332,172.31.40.0-255,1514,193368,69,283743
6186,0.034332,172.31.40.0-255,1514,194882,69,283743
6187,0.034363,172.31.40.0-255,1503,196385,69,283743
6188,0.03495,172.217.194.0-255,5738,202123,69,283743
6189,0.034957,172.31.40.0-255,66,202189,69,283743
6190,0.035857,104.244.42.0-255,66,202255,69,283743
6191,0.035955,104.244.42.0-255,66,202321,69,283743
6192,0.036021,104.244.42.0-255,66,202387,69,283743
6193,0.036059,104.244.42.0-255,66,202453,69,283743
6194,0.037417,172.217.194.0-255,5738,208191,69,283743
6195,0.037424,172.31.40.0-255,66,208257,69,283743
6196,0.039879,172.217.194.0-255,5738,213995,69,283743
6197,0.039885,172.31.40.0-255,66,214061,69,283743
6198,0.042345,172.217.194.0-255,4320,218381,69,283743
6199,0.042351,172.31.40.0-255,66,218447,69,283743
6200,0.042382,172.217.194.0-255,1484,219931,69,283743
6201,0.044807,172.217.194.0-255,4320,224251,69,283743
6202,0.044813,172.31.40.0-255,66,224317,69,283743
6203,0.047304,172.217.194.0-255,2902,227219,69,283743
6204,0.04731,172.31.40.0-255,66,227285,69,283743
6205,0.047338,172.217.194.0-255,2902,230187,69,283743
6206,0.047341,172.31.40.0-255,66,230253,69,283743
6207,0.04975,172.217.194.0-255,2902,233155,69,283743
6208,0.049756,172.31.40.0-255,66,233221,69,283743
6209,0.04979,172.217.194.0-255,2902,236123,69,283743
6210,0.049793,172.31.40.0-255,66,236189,69,283743
6211,0.052232,172.217.194.0-255,2902,239091,69,283743
6212,0.052241,172.31.40.0-255,66,239157,69,283743
6213,0.052273,172.217.194.0-255,2902,242059,69,283743
6214,0.052276,172.31.40.0-255,66,242125,69,283743
6215,0.054694,172.217.194.0-255,2902,245027,69,283743
6216,0.0547,172.31.40.0-255,66,245093,69,283743
6217,0.054729,172.217.194.0-255,2902,247995,69,283743
6218,0.054733,172.31.40.0-255,66,248061,69,283743
6219,0.057147,172.217.194.0-255,2902,250963,69,283743
6220,0.057154,172.31.40.0-255,66,251029,69,283743
6221,0.057211,172.217.194.0-255,1484,252513,69,283743
6222,0.057237,172.217.194.0-255,1484,253997,69,283743
6223,0.05724,172.31.40.0-255,66,254063,69,283743
6224,0.059636,172.217.194.0-255,2902,256965,69,283743
6225,0.059643,172.31.40.0-255,66,257031,69,283743
6226,0.059702,172.217.194.0-255,2902,259933,69,283743
6227,0.059706,172.31.40.0-255,66,259999,69,283743
6228,0.062091,172.217.194.0-255,2902,262901,69,283743
6229,0.062098,172.31.40.0-255,66,262967,69,283743
6230,0.062147,172.217.194.0-255,2902,265869,69,283743
6231,0.062152,172.31.40.0-255,66,265935,69,283743
6232,0.064535,172.217.194.0-255,2902,268837,69,283743
6233,0.064541,172.31.40.0-255,66,268903,69,283743
6234,0.064587,172.217.194.0-255,2902,271805,69,283743
6235,0.06459,172.31.40.0-255,66,271871,69,283743
6236,0.067024,172.217.194.0-255,2902,274773,69,283743
6237,0.06703,172.31.40.0-255,66,274839,69,283743
6238,0.067064,172.217.194.0-255,2902,277741,69,283743
6239,0.067067,172.31.40.0-255,66,277807,69,283743
6240,0.069476,172.217.194.0-255,2902,280709,69,283743
6241,0.069482,172.31.40.0-255,66,280775,69,283743
6242,0.069534,172.217.194.0-255,2902,283677,69,283743
6243,0.069537,172.31.40.0-255,66,283743,69,283743
6244,0.0,172.217.194.0-255,143,143,69,219258
6245,2.2e-05,172.31.40.0-255,66,209,69,219258
6246,3e-05,172.217.194.0-255,1484,1693,69,219258
6247,3.5e-05,172.31.40.0-255,66,1759,69,219258
6248,4.1e-05,172.217.194.0-255,2902,4661,69,219258
6249,4.4e-05,172.31.40.0-255,66,4727,69,219258
6250,5e-05,172.217.194.0-255,4320,9047,69,219258
6251,5.3e-05,172.31.40.0-255,66,9113,69,219258
6252,5.9e-05,172.217.194.0-255,4320,13433,69,219258
6253,6.3e-05,172.31.40.0-255,66,13499,69,219258
6254,9.1e-05,172.217.194.0-255,4933,18432,69,219258
6255,9.3e-05,172.31.40.0-255,66,18498,69,219258
6256,0.000104,172.31.40.0-255,66,18564,69,219258
6257,0.000123,172.217.194.0-255,1484,20048,69,219258
6258,0.000126,172.31.40.0-255,66,20114,69,219258
6259,0.000143,172.217.194.0-255,2543,22657,69,219258
6260,0.000146,172.31.40.0-255,66,22723,69,219258
6261,0.000167,172.217.194.0-255,2902,25625,69,219258
6262,0.00017,172.31.40.0-255,66,25691,69,219258
6263,0.000178,172.217.194.0-255,7156,32847,69,219258
6264,0.00018,172.31.40.0-255,66,32913,69,219258
6265,0.000183,172.217.194.0-255,1484,34397,69,219258
6266,0.000185,172.31.40.0-255,66,34463,69,219258
6267,0.000215,172.217.194.0-255,5379,39842,69,219258
6268,0.000217,172.31.40.0-255,66,39908,69,219258
6269,0.000232,172.31.40.0-255,66,39974,69,219258
6270,0.000247,172.217.194.0-255,2902,42876,69,219258
6271,0.000249,172.31.40.0-255,66,42942,69,219258
6272,0.000252,172.217.194.0-255,1383,44325,69,219258
6273,0.000255,172.31.40.0-255,66,44391,69,219258
6274,0.000257,172.217.194.0-255,428,44819,69,219258
6275,0.000529,172.217.194.0-255,1484,46303,69,219258
6276,0.000533,172.31.40.0-255,66,46369,69,219258
6277,0.000538,172.217.194.0-255,2902,49271,69,219258
6278,0.00054,172.31.40.0-255,66,49337,69,219258
6279,0.000544,172.217.194.0-255,2902,52239,69,219258
6280,0.000546,172.31.40.0-255,66,52305,69,219258
6281,0.000571,172.217.194.0-255,2902,55207,69,219258
6282,0.000574,172.31.40.0-255,66,55273,69,219258
6283,0.00059,172.31.40.0-255,66,55339,69,219258
6284,0.000624,172.31.40.0-255,66,55405,69,219258
6285,0.00071,172.217.194.0-255,1484,56889,69,219258
6286,0.000715,172.217.194.0-255,2902,59791,69,219258
6287,0.000718,172.31.40.0-255,66,59857,69,219258
6288,0.000744,172.217.194.0-255,5738,65595,69,219258
6289,0.000746,172.31.40.0-255,66,65661,69,219258
6290,0.000751,172.217.194.0-255,2902,68563,69,219258
6291,0.000754,172.31.40.0-255,66,68629,69,219258
6292,0.000776,172.31.40.0-255,66,68695,69,219258
6293,0.000818,172.217.194.0-255,4320,73015,69,219258
6294,0.000821,172.31.40.0-255,66,73081,69,219258
6295,0.000846,172.217.194.0-255,6438,79519,69,219258
6296,0.000849,172.31.40.0-255,66,79585,69,219258
6297,0.000876,172.217.194.0-255,1484,81069,69,219258
6298,0.000891,172.217.194.0-255,2902,83971,69,219258
6299,0.000894,172.31.40.0-255,66,84037,69,219258
6300,0.0009,172.217.194.0-255,5738,89775,69,219258
6301,0.000903,172.31.40.0-255,66,89841,69,219258
6302,0.000906,172.217.194.0-255,1484,91325,69,219258
6303,0.000922,172.217.194.0-255,1484,92809,69,219258
6304,0.000924,172.31.40.0-255,66,92875,69,219258
6305,0.000936,172.31.40.0-255,66,92941,69,219258
6306,0.000954,172.217.194.0-255,1484,94425,69,219258
6307,0.00097,172.217.194.0-255,5738,100163,69,219258
6308,0.000972,172.31.40.0-255,66,100229,69,219258
6309,0.000992,172.217.194.0-255,5020,105249,69,219258
6310,0.000995,172.31.40.0-255,66,105315,69,219258
6311,0.001157,172.217.194.0-255,1484,106799,69,219258
6312,0.001164,172.217.194.0-255,2902,109701,69,219258
6313,0.001167,172.31.40.0-255,66,109767,69,219258
6314,0.001173,172.217.194.0-255,2902,112669,69,219258
6315,0.001175,172.31.40.0-255,66,112735,69,219258
6316,0.00119,172.217.194.0-255,2902,115637,69,219258
6317,0.001192,172.31.40.0-255,66,115703,69,219258
6318,0.001197,172.217.194.0-255,2902,118605,69,219258
6319,0.001199,172.31.40.0-255,66,118671,69,219258
6320,0.001234,172.31.40.0-255,66,118737,69,219258
6321,0.001252,172.217.194.0-255,4320,123057,69,219258
6322,0.001254,172.31.40.0-255,66,123123,69,219258
6323,0.00127,172.217.194.0-255,6438,129561,69,219258
6324,0.001272,172.31.40.0-255,66,129627,69,219258
6325,0.001332,172.31.40.0-255,66,129693,69,219258
6326,0.001346,172.31.40.0-255,66,129759,69,219258
6327,0.001368,172.217.194.0-255,1484,131243,69,219258
6328,0.001375,172.217.194.0-255,5738,136981,69,219258
6329,0.001377,172.31.40.0-255,66,137047,69,219258
6330,0.001392,172.217.194.0-255,2184,139231,69,219258
6331,0.001395,172.31.40.0-255,66,139297,69,219258
6332,0.001559,172.217.194.0-255,1484,140781,69,219258
6333,0.001566,172.217.194.0-255,2902,143683,69,219258
6334,0.00157,172.31.40.0-255,66,143749,69,219258
6335,0.001573,172.217.194.0-255,1484,145233,69,219258
6336,0.00159,172.217.194.0-255,4320,149553,69,219258
6337,0.001593,172.31.40.0-255,66,149619,69,219258
6338,0.001604,172.217.194.0-255,5738,155357,69,219258
6339,0.001607,172.31.40.0-255,66,155423,69,219258
6340,0.001654,172.217.194.0-255,7156,162579,69,219258
6341,0.001658,172.31.40.0-255,66,162645,69,219258
6342,0.001671,172.31.40.0-255,66,162711,69,219258
6343,0.001798,172.217.194.0-255,1484,164195,69,219258
6344,0.001802,172.217.194.0-255,1484,165679,69,219258
6345,0.001805,172.31.40.0-255,66,165745,69,219258
6346,0.001821,172.217.194.0-255,1484,167229,69,219258
6347,0.001828,172.217.194.0-255,5738,172967,69,219258
6348,0.00183,172.31.40.0-255,66,173033,69,219258
6349,0.001876,172.31.40.0-255,66,173099,69,219258
6350,0.001902,172.217.194.0-255,1484,174583,69,219258
6351,0.001934,172.31.40.0-255,66,174649,69,219258
6352,0.001996,172.217.194.0-255,1484,176133,69,219258
6353,0.001999,172.217.194.0-255,1484,177617,69,219258
6354,0.002002,172.31.40.0-255,66,177683,69,219258
6355,0.002008,172.31.40.0-255,66,177749,69,219258
6356,0.002022,172.217.194.0-255,1484,179233,69,219258
6357,0.002029,172.217.194.0-255,5738,184971,69,219258
6358,0.002034,172.217.194.0-255,4320,189291,69,219258
6359,0.002046,172.31.40.0-255,66,189357,69,219258
6360,0.002058,172.217.194.0-255,4320,193677,69,219258
6361,0.002063,172.31.40.0-255,66,193743,69,219258
6362,0.002089,172.217.194.0-255,2902,196645,69,219258
6363,0.002098,172.31.40.0-255,66,196711,69,219258
6364,0.002146,172.31.40.0-255,66,196777,69,219258
6365,0.002158,172.217.194.0-255,5738,202515,69,219258
6366,0.002175,172.31.40.0-255,66,202581,69,219258
6367,0.002199,172.217.194.0-255,7156,209737,69,219258
6368,0.002208,172.31.40.0-255,66,209803,69,219258
6369,0.002237,172.217.194.0-255,105,209908,69,219258
6370,0.002272,172.31.40.0-255,66,209974,69,219258
6371,0.004834,172.31.40.0-255,105,210079,69,219258
6372,0.007196,172.217.194.0-255,66,210145,69,219258
6373,0.043769,172.31.40.0-255,176,210321,69,219258
6374,0.043805,172.31.40.0-255,1114,211435,69,219258
6375,0.043892,172.31.40.0-255,1514,212949,69,219258
6376,0.043894,172.31.40.0-255,1514,214463,69,219258
6377,0.043896,172.31.40.0-255,1514,215977,69,219258
6378,0.0439,172.31.40.0-255,1514,217491,69,219258
6379,0.043902,172.31.40.0-255,1503,218994,69,219258
6380,0.045397,104.244.42.0-255,66,219060,69,219258
6381,0.045507,104.244.42.0-255,66,219126,69,219258
6382,0.045579,104.244.42.0-255,66,219192,69,219258
6383,0.045625,104.244.42.0-255,66,219258,69,219258
6384,0.0,74.125.200.0-255,152,152,69,328558
6385,1.6e-05,172.31.40.0-255,66,218,69,328558
6386,2.2e-05,74.125.200.0-255,1484,1702,69,328558
6387,2.5e-05,172.31.40.0-255,66,1768,69,328558
6388,3.1e-05,74.125.200.0-255,2902,4670,69,328558
6389,3.4e-05,172.31.40.0-255,66,4736,69,328558
6390,5.4e-05,74.125.200.0-255,4320,9056,69,328558
6391,5.6e-05,172.31.40.0-255,66,9122,69,328558
6392,8.8e-05,74.125.200.0-255,5738,14860,69,328558
6393,9e-05,172.31.40.0-255,66,14926,69,328558
6394,0.000103,74.125.200.0-255,3402,18328,69,328558
6395,0.000105,172.31.40.0-255,66,18394,69,328558
6396,0.00011,74.125.200.0-255,4320,22714,69,328558
6397,0.000112,172.31.40.0-255,66,22780,69,328558
6398,0.000138,74.125.200.0-255,5738,28518,69,328558
6399,0.00014,172.31.40.0-255,66,28584,69,328558
6400,0.000144,74.125.200.0-255,2543,31127,69,328558
6401,0.000145,172.31.40.0-255,66,31193,69,328558
6402,0.000183,74.125.200.0-255,1484,32677,69,328558
6403,0.000185,172.31.40.0-255,66,32743,69,328558
6404,0.000196,74.125.200.0-255,2902,35645,69,328558
6405,0.000198,172.31.40.0-255,66,35711,69,328558
6406,0.000227,74.125.200.0-255,5738,41449,69,328558
6407,0.00023,172.31.40.0-255,66,41515,69,328558
6408,0.000247,74.125.200.0-255,1484,42999,69,328558
6409,0.000249,172.31.40.0-255,66,43065,69,328558
6410,0.000268,74.125.200.0-255,5379,48444,69,328558
6411,0.00027,172.31.40.0-255,66,48510,69,328558
6412,0.000607,74.125.200.0-255,1484,49994,69,328558
6413,0.000612,172.31.40.0-255,66,50060,69,328558
6414,0.000618,74.125.200.0-255,2902,52962,69,328558
6415,0.00062,172.31.40.0-255,66,53028,69,328558
6416,0.000653,74.125.200.0-255,4320,57348,69,328558
6417,0.000656,74.125.200.0-255,1484,58832,69,328558
6418,0.00067,74.125.200.0-255,4320,63152,69,328558
6419,0.000673,172.31.40.0-255,66,63218,69,328558
6420,0.000697,74.125.200.0-255,2543,65761,69,328558
6421,0.000704,172.31.40.0-255,66,65827,69,328558
6422,0.000735,74.125.200.0-255,2902,68729,69,328558
6423,0.000752,172.31.40.0-255,66,68795,69,328558
6424,0.000771,74.125.200.0-255,4320,73115,69,328558
6425,0.000785,74.125.200.0-255,2902,76017,69,328558
6426,0.000789,172.31.40.0-255,66,76083,69,328558
6427,0.000802,74.125.200.0-255,4320,80403,69,328558
6428,0.000818,74.125.200.0-255,2543,82946,69,328558
6429,0.000825,172.31.40.0-255,66,83012,69,328558
6430,0.000855,74.125.200.0-255,645,83657,69,328558
6431,0.000982,74.125.200.0-255,1484,85141,69,328558
6432,0.000986,172.31.40.0-255,66,85207,69,328558
6433,0.000991,74.125.200.0-255,2902,88109,69,328558
6434,0.000998,74.125.200.0-255,5738,93847,69,328558
6435,0.001,74.125.200.0-255,1484,95331,69,328558
6436,0.001015,172.31.40.0-255,66,95397,69,328558
6437,0.001026,74.125.200.0-255,4320,99717,69,328558
6438,0.001028,74.125.200.0-255,1484,101201,69,328558
6439,0.001033,172.31.40.0-255,66,101267,69,328558
6440,0.001059,74.125.200.0-255,5738,107005,69,328558
6441,0.001064,74.125.200.0-255,4320,111325,69,328558
6442,0.001078,74.125.200.0-255,1484,112809,69,328558
6443,0.001081,172.31.40.0-255,66,112875,69,328558
6444,0.001092,74.125.200.0-255,4320,117195,69,328558
6445,0.001094,74.125.200.0-255,103,117298,69,328558
6446,0.001105,74.125.200.0-255,198,117496,69,328558
6447,0.001149,172.31.40.0-255,66,117562,69,328558
6448,0.001475,74.125.200.0-255,1484,119046,69,328558
6449,0.001481,74.125.200.0-255,1484,120530,69,328558
6450,0.001484,172.31.40.0-255,66,120596,69,328558
6451,0.001506,74.125.200.0-255,1484,122080,69,328558
6452,0.001513,74.125.200.0-255,5738,127818,69,328558
6453,0.001531,172.31.40.0-255,66,127884,69,328558
6454,0.001564,172.31.40.0-255,66,127950,69,328558
6455,0.001569,74.125.200.0-255,2902,130852,69,328558
6456,0.001588,74.125.200.0-255,2184,133036,69,328558
6457,0.001591,172.31.40.0-255,66,133102,69,328558
6458,0.001604,172.31.40.0-255,66,133168,69,328558
6459,0.001878,74.125.200.0-255,1484,134652,69,328558
6460,0.001885,74.125.200.0-255,2902,137554,69,328558
6461,0.001888,172.31.40.0-255,66,137620,69,328558
6462,0.001906,74.125.200.0-255,5738,143358,69,328558
6463,0.001917,172.31.40.0-255,66,143424,69,328558
6464,0.00194,74.125.200.0-255,7156,150580,69,328558
6465,0.001958,74.125.200.0-255,4320,154900,69,328558
6466,0.001962,74.125.200.0-255,2902,157802,69,328558
6467,0.001969,172.31.40.0-255,66,157868,69,328558
6468,0.002025,172.31.40.0-255,66,157934,69,328558
6469,0.002222,172.31.40.0-255,101,158035,69,328558
6470,0.004298,74.125.200.0-255,5738,163773,69,328558
6471,0.004305,172.31.40.0-255,66,163839,69,328558
6472,0.004457,74.125.200.0-255,66,163905,69,328558
6473,0.00657,74.125.200.0-255,5738,169643,69,328558
6474,0.008192,172.31.40.0-255,66,169709,69,328558
6475,0.010476,74.125.200.0-255,5738,175447,69,328558
6476,0.010483,172.31.40.0-255,66,175513,69,328558
6477,0.012773,74.125.200.0-255,5738,181251,69,328558
6478,0.01278,172.31.40.0-255,66,181317,69,328558
6479,0.015056,74.125.200.0-255,5738,187055,69,328558
6480,0.015063,172.31.40.0-255,66,187121,69,328558
6481,0.017349,74.125.200.0-255,5738,192859,69,328558
6482,0.017357,172.31.40.0-255,66,192925,69,328558
6483,0.019643,74.125.200.0-255,5738,198663,69,328558
6484,0.01965,172.31.40.0-255,66,198729,69,328558
6485,0.021927,74.125.200.0-255,5738,204467,69,328558
6486,0.021934,172.31.40.0-255,66,204533,69,328558
6487,0.02422,74.125.200.0-255,5738,210271,69,328558
6488,0.024227,172.31.40.0-255,66,210337,69,328558
6489,0.025698,172.31.40.0-255,167,210504,69,328558
6490,0.025726,172.31.40.0-255,1116,211620,69,328558
6491,0.025782,172.31.40.0-255,1514,213134,69,328558
6492,0.025783,172.31.40.0-255,1514,214648,69,328558
6493,0.025784,172.31.40.0-255,1514,216162,69,328558
6494,0.025785,172.31.40.0-255,1514,217676,69,328558
6495,0.025786,172.31.40.0-255,540,218216,69,328558
6496,0.026511,74.125.200.0-255,5738,223954,69,328558
6497,0.026522,172.31.40.0-255,66,224020,69,328558
6498,0.028469,104.244.42.0-255,66,224086,69,328558
6499,0.028796,74.125.200.0-255,5738,229824,69,328558
6500,0.028801,172.31.40.0-255,66,229890,69,328558
6501,0.031092,74.125.200.0-255,5738,235628,69,328558
6502,0.031098,172.31.40.0-255,66,235694,69,328558
6503,0.033377,74.125.200.0-255,5738,241432,69,328558
6504,0.033383,172.31.40.0-255,66,241498,69,328558
6505,0.035667,74.125.200.0-255,5738,247236,69,328558
6506,0.035674,172.31.40.0-255,66,247302,69,328558
6507,0.03796,74.125.200.0-255,5738,253040,69,328558
6508,0.037967,172.31.40.0-255,66,253106,69,328558
6509,0.040247,74.125.200.0-255,5738,258844,69,328558
6510,0.04025,172.31.40.0-255,66,258910,69,328558
6511,0.042541,74.125.200.0-255,5738,264648,69,328558
6512,0.042548,172.31.40.0-255,66,264714,69,328558
6513,0.044841,74.125.200.0-255,5738,270452,69,328558
6514,0.044846,172.31.40.0-255,66,270518,69,328558
6515,0.047152,74.125.200.0-255,5738,276256,69,328558
6516,0.047161,172.31.40.0-255,66,276322,69,328558
6517,0.049463,74.125.200.0-255,5738,282060,69,328558
6518,0.049468,172.31.40.0-255,66,282126,69,328558
6519,0.051771,74.125.200.0-255,5738,287864,69,328558
6520,0.051777,172.31.40.0-255,66,287930,69,328558
6521,0.054067,74.125.200.0-255,5738,293668,69,328558
6522,0.054072,172.31.40.0-255,66,293734,69,328558
6523,0.05636,74.125.200.0-255,5738,299472,69,328558
6524,0.056367,172.31.40.0-255,66,299538,69,328558
6525,0.058649,74.125.200.0-255,5738,305276,69,328558
6526,0.058655,172.31.40.0-255,66,305342,69,328558
6527,0.06094,74.125.200.0-255,5738,311080,69,328558
6528,0.060947,172.31.40.0-255,66,311146,69,328558
6529,0.063225,74.125.200.0-255,5738,316884,69,328558
6530,0.063231,172.31.40.0-255,66,316950,69,328558
6531,0.065518,74.125.200.0-255,5738,322688,69,328558
6532,0.065525,172.31.40.0-255,66,322754,69,328558
6533,0.067803,74.125.200.0-255,5738,328492,69,328558
6534,0.06781,172.31.40.0-255,66,328558,69,328558
6535,0.0,172.217.194.0-255,146,146,69,277106
6536,1.6e-05,172.31.40.0-255,66,212,69,277106
6537,2.3e-05,172.217.194.0-255,1484,1696,69,277106
6538,2.8e-05,172.31.40.0-255,66,1762,69,277106
6539,3.5e-05,172.217.194.0-255,2902,4664,69,277106
6540,3.8e-05,172.31.40.0-255,66,4730,69,277106
6541,5.4e-05,172.217.194.0-255,7156,11886,69,277106
6542,5.7e-05,172.31.40.0-255,66,11952,69,277106
6543,6.1e-05,172.217.194.0-255,1484,13436,69,277106
6544,6.3e-05,172.31.40.0-255,66,13502,69,277106
6545,0.000105,172.217.194.0-255,4891,18393,69,277106
6546,0.000109,172.31.40.0-255,66,18459,69,277106
6547,0.000115,172.217.194.0-255,5738,24197,69,277106
6548,0.000118,172.31.40.0-255,66,24263,69,277106
6549,0.000148,172.217.194.0-255,6797,31060,69,277106
6550,0.000151,172.31.40.0-255,66,31126,69,277106
6551,0.0002,172.217.194.0-255,1484,32610,69,277106
6552,0.000203,172.31.40.0-255,66,32676,69,277106
6553,0.000208,172.217.194.0-255,2902,35578,69,277106
6554,0.00021,172.31.40.0-255,66,35644,69,277106
6555,0.000216,172.217.194.0-255,5738,41382,69,277106
6556,0.000219,172.31.40.0-255,66,41448,69,277106
6557,0.000262,172.31.40.0-255,66,41514,69,277106
6558,0.000291,172.217.194.0-255,3961,45475,69,277106
6559,0.000294,172.31.40.0-255,66,45541,69,277106
6560,0.000307,172.31.40.0-255,66,45607,69,277106
6561,0.000314,172.217.194.0-255,364,45971,69,277106
6562,0.000316,172.31.40.0-255,66,46037,69,277106
6563,0.000582,172.217.194.0-255,1484,47521,69,277106
6564,0.000588,172.31.40.0-255,66,47587,69,277106
6565,0.000594,172.217.194.0-255,2902,50489,69,277106
6566,0.000596,172.31.40.0-255,66,50555,69,277106
6567,0.000602,172.217.194.0-255,5738,56293,69,277106
6568,0.000605,172.31.40.0-255,66,56359,69,277106
6569,0.00068,172.31.40.0-255,66,56425,69,277106
6570,0.000692,172.31.40.0-255,66,56491,69,277106
6571,0.000884,172.217.194.0-255,1484,57975,69,277106
6572,0.000892,172.217.194.0-255,2902,60877,69,277106
6573,0.000895,172.31.40.0-255,66,60943,69,277106
6574,0.000929,172.217.194.0-255,5738,66681,69,277106
6575,0.000932,172.31.40.0-255,66,66747,69,277106
6576,0.000946,172.31.40.0-255,66,66813,69,277106
6577,0.000952,172.217.194.0-255,5738,72551,69,277106
6578,0.000955,172.31.40.0-255,66,72617,69,277106
6579,0.000981,172.217.194.0-255,5020,77637,69,277106
6580,0.000984,172.31.40.0-255,66,77703,69,277106
6581,0.001239,172.217.194.0-255,1484,79187,69,277106
6582,0.001246,172.217.194.0-255,2902,82089,69,277106
6583,0.001249,172.31.40.0-255,66,82155,69,277106
6584,0.001283,172.217.194.0-255,5738,87893,69,277106
6585,0.001286,172.31.40.0-255,66,87959,69,277106
6586,0.001299,172.31.40.0-255,66,88025,69,277106
6587,0.00131,172.217.194.0-255,1484,89509,69,277106
6588,0.001339,172.31.40.0-255,66,89575,69,277106
6589,0.001364,172.217.194.0-255,766,90341,69,277106
6590,0.001397,172.217.194.0-255,1484,91825,69,277106
6591,0.001401,172.31.40.0-255,66,91891,69,277106
6592,0.001405,172.217.194.0-255,2902,94793,69,277106
6593,0.001407,172.31.40.0-255,66,94859,69,277106
6594,0.001434,172.217.194.0-255,5738,100597,69,277106
6595,0.001441,172.31.40.0-255,66,100663,69,277106
6596,0.001453,172.31.40.0-255,66,100729,69,277106
6597,0.00149,172.217.194.0-255,4320,105049,69,277106
6598,0.001493,172.31.40.0-255,66,105115,69,277106
6599,0.001506,172.31.40.0-255,66,105181,69,277106
6600,0.001878,172.217.194.0-255,1484,106665,69,277106
6601,0.001884,172.217.194.0-255,2902,109567,69,277106
6602,0.001888,172.31.40.0-255,66,109633,69,277106
6603,0.001923,172.217.194.0-255,5738,115371,69,277106
6604,0.001926,172.31.40.0-255,66,115437,69,277106
6605,0.001937,172.31.40.0-255,66,115503,69,277106
6606,0.00197,172.217.194.0-255,2902,118405,69,277106
6607,0.001973,172.31.40.0-255,66,118471,69,277106
6608,0.001999,172.31.40.0-255,66,118537,69,277106
6609,0.002022,172.217.194.0-255,2184,120721,69,277106
6610,0.002024,172.31.40.0-255,66,120787,69,277106
6611,0.002036,172.217.194.0-255,1484,122271,69,277106
6612,0.002057,172.217.194.0-255,2902,125173,69,277106
6613,0.00206,172.31.40.0-255,66,125239,69,277106
6614,0.002067,172.217.194.0-255,5738,130977,69,277106
6615,0.002069,172.31.40.0-255,66,131043,69,277106
6616,0.002088,172.217.194.0-255,4320,135363,69,277106
6617,0.002096,172.31.40.0-255,66,135429,69,277106
6618,0.002137,172.31.40.0-255,66,135495,69,277106
6619,0.002171,172.217.194.0-255,1484,136979,69,277106
6620,0.002194,172.217.194.0-255,6438,143417,69,277106
6621,0.002196,172.31.40.0-255,66,143483,69,277106
6622,0.00229,172.217.194.0-255,1484,144967,69,277106
6623,0.002313,172.217.194.0-255,2902,147869,69,277106
6624,0.002317,172.31.40.0-255,66,147935,69,277106
6625,0.002323,172.217.194.0-255,4320,152255,69,277106
6626,0.002325,172.31.40.0-255,66,152321,69,277106
6627,0.002347,172.217.194.0-255,1484,153805,69,277106
6628,0.002357,172.217.194.0-255,4320,158125,69,277106
6629,0.00236,172.31.40.0-255,66,158191,69,277106
6630,0.002374,172.31.40.0-255,66,158257,69,277106
6631,0.002407,172.31.40.0-255,66,158323,69,277106
6632,0.002458,172.31.40.0-255,66,158389,69,277106
6633,0.002463,172.217.194.0-255,4320,162709,69,277106
6634,0.002465,172.31.40.0-255,66,162775,69,277106
6635,0.002489,172.217.194.0-255,4320,167095,69,277106
6636,0.002495,172.31.40.0-255,66,167161,69,277106
6637,0.004904,172.217.194.0-255,5738,172899,69,277106
6638,0.004913,172.31.40.0-255,66,172965,69,277106
6639,0.007353,172.217.194.0-255,2902,175867,69,277106
6640,0.007358,172.31.40.0-255,66,175933,69,277106
6641,0.007383,172.217.194.0-255,2902,178835,69,277106
6642,0.009488,172.31.40.0-255,66,178901,69,277106
6643,0.009792,172.217.194.0-255,2902,181803,69,277106
6644,0.009797,172.31.40.0-255,66,181869,69,277106
6645,0.011918,172.217.194.0-255,2902,184771,69,277106
6646,0.011923,172.31.40.0-255,66,184837,69,277106
6647,0.012238,172.217.194.0-255,2902,187739,69,277106
6648,0.012243,172.31.40.0-255,66,187805,69,277106
6649,0.014373,172.217.194.0-255,2902,190707,69,277106
6650,0.01438,172.31.40.0-255,66,190773,69,277106
6651,0.014671,172.217.194.0-255,2902,193675,69,277106
6652,0.014674,172.31.40.0-255,66,193741,69,277106
6653,0.016802,172.217.194.0-255,2902,196643,69,277106
6654,0.01681,172.31.40.0-255,66,196709,69,277106
6655,0.017101,172.217.194.0-255,2902,199611,69,277106
6656,0.017107,172.31.40.0-255,66,199677,69,277106
6657,0.019259,172.217.194.0-255,2902,202579,69,277106
6658,0.019268,172.31.40.0-255,66,202645,69,277106
6659,0.019555,172.217.194.0-255,2902,205547,69,277106
6660,0.01956,172.31.40.0-255,66,205613,69,277106
6661,0.021706,172.217.194.0-255,2902,208515,69,277106
6662,0.021712,172.31.40.0-255,66,208581,69,277106
6663,0.021996,172.217.194.0-255,2902,211483,69,277106
6664,0.022001,172.31.40.0-255,66,211549,69,277106
6665,0.024177,172.217.194.0-255,2902,214451,69,277106
6666,0.024184,172.31.40.0-255,66,214517,69,277106
6667,0.024421,172.217.194.0-255,2902,217419,69,277106
6668,0.024426,172.31.40.0-255,66,217485,69,277106
6669,0.026618,172.217.194.0-255,2902,220387,69,277106
6670,0.026627,172.31.40.0-255,66,220453,69,277106
6671,0.026857,172.217.194.0-255,2902,223355,69,277106
6672,0.026862,172.31.40.0-255,66,223421,69,277106
6673,0.029066,172.217.194.0-255,2902,226323,69,277106
6674,0.029073,172.31.40.0-255,66,226389,69,277106
6675,0.029299,172.217.194.0-255,2902,229291,69,277106
6676,0.029306,172.31.40.0-255,66,229357,69,277106
6677,0.031516,172.217.194.0-255,2902,232259,69,277106
6678,0.031523,172.31.40.0-255,66,232325,69,277106
6679,0.031774,172.217.194.0-255,2902,235227,69,277106
6680,0.03178,172.31.40.0-255,66,235293,69,277106
6681,0.03397,172.217.194.0-255,2902,238195,69,277106
6682,0.033978,172.31.40.0-255,66,238261,69,277106
6683,0.034209,172.217.194.0-255,2902,241163,69,277106
6684,0.034214,172.31.40.0-255,66,241229,69,277106
6685,0.036405,172.217.194.0-255,2902,244131,69,277106
6686,0.036412,172.31.40.0-255,66,244197,69,277106
6687,0.036632,172.217.194.0-255,2902,247099,69,277106
6688,0.036638,172.31.40.0-255,66,247165,69,277106
6689,0.037612,172.31.40.0-255,172,247337,69,277106
6690,0.037645,172.31.40.0-255,1116,248453,69,277106
6691,0.037712,172.31.40.0-255,1514,249967,69,277106
6692,0.037713,172.31.40.0-255,1514,251481,69,277106
6693,0.037715,172.31.40.0-255,1514,252995,69,277106
6694,0.037719,172.31.40.0-255,1514,254509,69,277106
6695,0.037721,172.31.40.0-255,1499,256008,69,277106
6696,0.038846,172.217.194.0-255,2902,258910,69,277106
6697,0.038853,172.31.40.0-255,66,258976,69,277106
6698,0.039067,172.217.194.0-255,2902,261878,69,277106
6699,0.039073,172.31.40.0-255,66,261944,69,277106
6700,0.039296,104.244.42.0-255,66,262010,69,277106
6701,0.039377,104.244.42.0-255,66,262076,69,277106
6702,0.039422,104.244.42.0-255,66,262142,69,277106
6703,0.041266,172.217.194.0-255,2902,265044,69,277106
6704,0.041273,172.31.40.0-255,66,265110,69,277106
6705,0.041488,172.217.194.0-255,2902,268012,69,277106
6706,0.041494,172.31.40.0-255,66,268078,69,277106
6707,0.043699,172.217.194.0-255,2902,270980,69,277106
6708,0.043704,172.31.40.0-255,66,271046,69,277106
6709,0.043907,172.217.194.0-255,2902,273948,69,277106
6710,0.043912,172.31.40.0-255,66,274014,69,277106
6711,0.046143,172.217.194.0-255,2855,276869,69,277106
6712,0.04615,172.31.40.0-255,66,276935,69,277106
6713,0.046318,172.31.40.0-255,105,277040,69,277106
6714,0.048708,172.217.194.0-255,66,277106,69,277106
6715,0.0,74.125.24.0-255,146,146,69,241786
6716,3.3e-05,172.31.40.0-255,66,212,69,241786
6717,4e-05,74.125.24.0-255,1484,1696,69,241786
6718,4.5e-05,172.31.40.0-255,66,1762,69,241786
6719,5.8e-05,74.125.24.0-255,2902,4664,69,241786
6720,6.3e-05,172.31.40.0-255,66,4730,69,241786
6721,7e-05,74.125.24.0-255,5738,10468,69,241786
6722,7.4e-05,172.31.40.0-255,66,10534,69,241786
6723,7.9e-05,74.125.24.0-255,3474,14008,69,241786
6724,8.1e-05,172.31.40.0-255,66,14074,69,241786
6725,0.000419,74.125.24.0-255,1484,15558,69,241786
6726,0.000426,172.31.40.0-255,66,15624,69,241786
6727,0.000432,74.125.24.0-255,2902,18526,69,241786
6728,0.000435,172.31.40.0-255,66,18592,69,241786
6729,0.000467,74.125.24.0-255,2902,21494,69,241786
6730,0.00047,172.31.40.0-255,66,21560,69,241786
6731,0.000479,74.125.24.0-255,7156,28716,69,241786
6732,0.000481,172.31.40.0-255,66,28782,69,241786
6733,0.000492,74.125.24.0-255,2543,31325,69,241786
6734,0.000495,172.31.40.0-255,66,31391,69,241786
6735,0.000529,74.125.24.0-255,2902,34293,69,241786
6736,0.000531,172.31.40.0-255,66,34359,69,241786
6737,0.00054,74.125.24.0-255,7156,41515,69,241786
6738,0.000542,172.31.40.0-255,66,41581,69,241786
6739,0.000575,74.125.24.0-255,4320,45901,69,241786
6740,0.000577,172.31.40.0-255,66,45967,69,241786
6741,0.000604,74.125.24.0-255,2543,48510,69,241786
6742,0.00061,172.31.40.0-255,66,48576,69,241786
6743,0.001178,74.125.24.0-255,1484,50060,69,241786
6744,0.001184,172.31.40.0-255,66,50126,69,241786
6745,0.001193,74.125.24.0-255,2902,53028,69,241786
6746,0.001195,172.31.40.0-255,66,53094,69,241786
6747,0.001207,74.125.24.0-255,4320,57414,69,241786
6748,0.001209,172.31.40.0-255,66,57480,69,241786
6749,0.001236,74.125.24.0-255,1484,58964,69,241786
6750,0.001249,74.125.24.0-255,6797,65761,69,241786
6751,0.001252,172.31.40.0-255,66,65827,69,241786
6752,0.001307,74.125.24.0-255,1484,67311,69,241786
6753,0.001313,74.125.24.0-255,2902,70213,69,241786
6754,0.001315,172.31.40.0-255,66,70279,69,241786
6755,0.001346,74.125.24.0-255,5738,76017,69,241786
6756,0.001349,172.31.40.0-255,66,76083,69,241786
6757,0.001353,74.125.24.0-255,1484,77567,69,241786
6758,0.001377,74.125.24.0-255,4320,81887,69,241786
6759,0.001379,172.31.40.0-255,66,81953,69,241786
6760,0.001419,172.31.40.0-255,66,82019,69,241786
6761,0.001438,172.31.40.0-255,66,82085,69,241786
6762,0.001577,74.125.24.0-255,646,82731,69,241786
6763,0.002633,74.125.24.0-255,1484,84215,69,241786
6764,0.00264,172.31.40.0-255,66,84281,69,241786
6765,0.002648,74.125.24.0-255,2902,87183,69,241786
6766,0.00265,172.31.40.0-255,66,87249,69,241786
6767,0.002653,74.125.24.0-255,1484,88733,69,241786
6768,0.002691,74.125.24.0-255,4320,93053,69,241786
6769,0.002695,172.31.40.0-255,66,93119,69,241786
6770,0.002715,172.31.40.0-255,66,93185,69,241786
6771,0.002728,172.31.40.0-255,66,93251,69,241786
6772,0.005381,74.125.24.0-255,1484,94735,69,241786
6773,0.005402,74.125.24.0-255,4320,99055,69,241786
6774,0.005406,172.31.40.0-255,66,99121,69,241786
6775,0.008064,74.125.24.0-255,2902,102023,69,241786
6776,0.008077,172.31.40.0-255,66,102089,69,241786
6777,0.008083,74.125.24.0-255,2902,104991,69,241786
6778,0.008086,172.31.40.0-255,66,105057,69,241786
6779,0.01077,74.125.24.0-255,5738,110795,69,241786
6780,0.010776,172.31.40.0-255,66,110861,69,241786
6781,0.013439,74.125.24.0-255,5738,116599,69,241786
6782,0.013448,172.31.40.0-255,66,116665,69,241786
6783,0.016132,74.125.24.0-255,5738,122403,69,241786
6784,0.016146,172.31.40.0-255,66,122469,69,241786
6785,0.018856,74.125.24.0-255,5738,128207,69,241786
6786,0.018868,172.31.40.0-255,66,128273,69,241786
6787,0.02156,74.125.24.0-255,5738,134011,69,241786
6788,0.021572,172.31.40.0-255,66,134077,69,241786
6789,0.024261,74.125.24.0-255,5738,139815,69,241786
6790,0.024269,172.31.40.0-255,66,139881,69,241786
6791,0.026971,74.125.24.0-255,5738,145619,69,241786
6792,0.026978,172.31.40.0-255,66,145685,69,241786
6793,0.029661,74.125.24.0-255,5738,151423,69,241786
6794,0.029669,172.31.40.0-255,66,151489,69,241786
6795,0.032347,74.125.24.0-255,5738,157227,69,241786
6796,0.032357,172.31.40.0-255,66,157293,69,241786
6797,0.035037,74.125.24.0-255,5738,163031,69,241786
6798,0.035043,172.31.40.0-255,66,163097,69,241786
6799,0.035074,172.31.40.0-255,172,163269,69,241786
6800,0.035097,172.31.40.0-255,1116,164385,69,241786
6801,0.03521,172.31.40.0-255,1514,165899,69,241786
6802,0.035212,172.31.40.0-255,1514,167413,69,241786
6803,0.035217,172.31.40.0-255,1514,168927,69,241786
6804,0.035219,172.31.40.0-255,1514,170441,69,241786
6805,0.035237,172.31.40.0-255,1499,171940,69,241786
6806,0.036741,104.244.42.0-255,66,172006,69,241786
6807,0.03679,104.244.42.0-255,66,172072,69,241786
6808,0.036917,104.244.42.0-255,66,172138,69,241786
6809,0.037705,74.125.24.0-255,5738,177876,69,241786
6810,0.037711,172.31.40.0-255,66,177942,69,241786
6811,0.040364,74.125.24.0-255,5738,183680,69,241786
6812,0.04037,172.31.40.0-255,66,183746,69,241786
6813,0.043037,74.125.24.0-255,5738,189484,69,241786
6814,0.043043,172.31.40.0-255,66,189550,69,241786
6815,0.045774,74.125.24.0-255,5738,195288,69,241786
6816,0.045783,172.31.40.0-255,66,195354,69,241786
6817,0.048485,74.125.24.0-255,5738,201092,69,241786
6818,0.04849,172.31.40.0-255,66,201158,69,241786
6819,0.051155,74.125.24.0-255,5738,206896,69,241786
6820,0.051162,172.31.40.0-255,66,206962,69,241786
6821,0.053849,74.125.24.0-255,5738,212700,69,241786
6822,0.053856,172.31.40.0-255,66,212766,69,241786
6823,0.056586,74.125.24.0-255,5738,218504,69,241786
6824,0.056592,172.31.40.0-255,66,218570,69,241786
6825,0.059276,74.125.24.0-255,5738,224308,69,241786
6826,0.059283,172.31.40.0-255,66,224374,69,241786
6827,0.062064,74.125.24.0-255,5738,230112,69,241786
6828,0.06207,172.31.40.0-255,66,230178,69,241786
6829,0.064737,74.125.24.0-255,5738,235916,69,241786
6830,0.064742,172.31.40.0-255,66,235982,69,241786
6831,0.067421,74.125.24.0-255,5738,241720,69,241786
6832,0.067426,172.31.40.0-255,66,241786,69,241786
6833,0.0,74.125.68.0-255,149,149,69,379596
6834,3e-05,172.31.40.0-255,66,215,69,379596
6835,3.7e-05,74.125.68.0-255,1484,1699,69,379596
6836,4.1e-05,172.31.40.0-255,66,1765,69,379596
6837,4.7e-05,74.125.68.0-255,2902,4667,69,379596
6838,5.6e-05,172.31.40.0-255,66,4733,69,379596
6839,6.2e-05,74.125.68.0-255,4320,9053,69,379596
6840,6.5e-05,172.31.40.0-255,66,9119,69,379596
6841,9.4e-05,74.125.68.0-255,2902,12021,69,379596
6842,9.7e-05,172.31.40.0-255,66,12087,69,379596
6843,0.000102,74.125.68.0-255,2063,14150,69,379596
6844,0.000104,172.31.40.0-255,66,14216,69,379596
6845,0.000108,74.125.68.0-255,2902,17118,69,379596
6846,0.000111,172.31.40.0-255,66,17184,69,379596
6847,0.000118,74.125.68.0-255,7156,24340,69,379596
6848,0.000121,172.31.40.0-255,66,24406,69,379596
6849,0.000134,74.125.68.0-255,1484,25890,69,379596
6850,0.000136,172.31.40.0-255,66,25956,69,379596
6851,0.000169,74.125.68.0-255,5379,31335,69,379596
6852,0.000172,172.31.40.0-255,66,31401,69,379596
6853,0.000243,74.125.68.0-255,1484,32885,69,379596
6854,0.000248,172.31.40.0-255,66,32951,69,379596
6855,0.000252,74.125.68.0-255,2902,35853,69,379596
6856,0.000255,172.31.40.0-255,66,35919,69,379596
6857,0.000301,74.125.68.0-255,5738,41657,69,379596
6858,0.000305,172.31.40.0-255,66,41723,69,379596
6859,0.00031,74.125.68.0-255,2902,44625,69,379596
6860,0.000312,172.31.40.0-255,66,44691,69,379596
6861,0.000317,74.125.68.0-255,3961,48652,69,379596
6862,0.00032,172.31.40.0-255,66,48718,69,379596
6863,0.000358,74.125.68.0-255,2902,51620,69,379596
6864,0.00036,172.31.40.0-255,66,51686,69,379596
6865,0.000364,172.31.40.0-255,66,51752,69,379596
6866,0.000394,74.125.68.0-255,4320,56072,69,379596
6867,0.000398,172.31.40.0-255,66,56138,69,379596
6868,0.000419,74.125.68.0-255,1439,57577,69,379596
6869,0.000422,74.125.68.0-255,108,57685,69,379596
6870,0.0005,74.125.68.0-255,1484,59169,69,379596
6871,0.000503,172.31.40.0-255,66,59235,69,379596
6872,0.000509,74.125.68.0-255,2902,62137,69,379596
6873,0.000511,172.31.40.0-255,66,62203,69,379596
6874,0.000545,74.125.68.0-255,5738,67941,69,379596
6875,0.000548,172.31.40.0-255,66,68007,69,379596
6876,0.000551,74.125.68.0-255,1484,69491,69,379596
6877,0.000557,74.125.68.0-255,2902,72393,69,379596
6878,0.000559,172.31.40.0-255,66,72459,69,379596
6879,0.000595,74.125.68.0-255,2806,75265,69,379596
6880,0.000598,172.31.40.0-255,66,75331,69,379596
6881,0.000625,74.125.68.0-255,1484,76815,69,379596
6882,0.000635,74.125.68.0-255,1484,78299,69,379596
6883,0.000638,172.31.40.0-255,66,78365,69,379596
6884,0.000641,74.125.68.0-255,1484,79849,69,379596
6885,0.000664,74.125.68.0-255,2902,82751,69,379596
6886,0.000668,172.31.40.0-255,66,82817,69,379596
6887,0.000674,74.125.68.0-255,5738,88555,69,379596
6888,0.000676,172.31.40.0-255,66,88621,69,379596
6889,0.000707,74.125.68.0-255,3961,92582,69,379596
6890,0.00071,172.31.40.0-255,66,92648,69,379596
6891,0.000744,74.125.68.0-255,1484,94132,69,379596
6892,0.00077,74.125.68.0-255,2902,97034,69,379596
6893,0.000775,74.125.68.0-255,4320,101354,69,379596
6894,0.000775,172.31.40.0-255,66,101420,69,379596
6895,0.000778,172.31.40.0-255,66,101486,69,379596
6896,0.000808,74.125.68.0-255,1484,102970,69,379596
6897,0.000816,74.125.68.0-255,5738,108708,69,379596
6898,0.000819,172.31.40.0-255,66,108774,69,379596
6899,0.000826,74.125.68.0-255,7156,115930,69,379596
6900,0.000829,172.31.40.0-255,66,115996,69,379596
6901,0.000859,74.125.68.0-255,2902,118898,69,379596
6902,0.000862,172.31.40.0-255,66,118964,69,379596
6903,0.000898,172.31.40.0-255,66,119030,69,379596
6904,0.001179,74.125.68.0-255,1484,120514,69,379596
6905,0.001199,74.125.68.0-255,2902,123416,69,379596
6906,0.001202,172.31.40.0-255,66,123482,69,379596
6907,0.001207,74.125.68.0-255,2902,126384,69,379596
6908,0.001209,172.31.40.0-255,66,126450,69,379596
6909,0.001229,74.125.68.0-255,1484,127934,69,379596
6910,0.001235,74.125.68.0-255,4320,132254,69,379596
6911,0.001238,172.31.40.0-255,66,132320,69,379596
6912,0.00127,74.125.68.0-255,4320,136640,69,379596
6913,0.001274,172.31.40.0-255,66,136706,69,379596
6914,0.001279,74.125.68.0-255,4320,141026,69,379596
6915,0.001282,172.31.40.0-255,66,141092,69,379596
6916,0.001287,74.125.68.0-255,5738,146830,69,379596
6917,0.00129,172.31.40.0-255,66,146896,69,379596
6918,0.001329,74.125.68.0-255,6438,153334,69,379596
6919,0.001334,172.31.40.0-255,66,153400,69,379596
6920,0.001449,74.125.68.0-255,1484,154884,69,379596
6921,0.001453,74.125.68.0-255,1484,156368,69,379596
6922,0.001456,172.31.40.0-255,66,156434,69,379596
6923,0.001472,74.125.68.0-255,1484,157918,69,379596
6924,0.001483,74.125.68.0-255,5738,163656,69,379596
6925,0.001486,172.31.40.0-255,66,163722,69,379596
6926,0.001581,172.31.40.0-255,66,163788,69,379596
6927,0.001593,172.31.40.0-255,66,163854,69,379596
6928,0.001597,74.125.68.0-255,2184,166038,69,379596
6929,0.001599,172.31.40.0-255,66,166104,69,379596
6930,0.001603,74.125.68.0-255,2902,169006,69,379596
6931,0.001604,172.31.40.0-255,66,169072,69,379596
6932,0.001608,74.125.68.0-255,2902,171974,69,379596
6933,0.001612,172.31.40.0-255,66,172040,69,379596
6934,0.001647,74.125.68.0-255,1484,173524,69,379596
6935,0.001682,74.125.68.0-255,2902,176426,69,379596
6936,0.001686,172.31.40.0-255,66,176492,69,379596
6937,0.001698,172.31.40.0-255,66,176558,69,379596
6938,0.001703,74.125.68.0-255,5738,182296,69,379596
6939,0.001705,172.31.40.0-255,66,182362,69,379596
6940,0.001712,74.125.68.0-255,7156,189518,69,379596
6941,0.001716,74.125.68.0-255,2184,191702,69,379596
6942,0.001716,172.31.40.0-255,66,191768,69,379596
6943,0.001719,172.31.40.0-255,66,191834,69,379596
6944,0.001748,74.125.68.0-255,1484,193318,69,379596
6945,0.001777,74.125.68.0-255,2902,196220,69,379596
6946,0.001781,172.31.40.0-255,66,196286,69,379596
6947,0.001786,74.125.68.0-255,2902,199188,69,379596
6948,0.001788,172.31.40.0-255,66,199254,69,379596
6949,0.001806,74.125.68.0-255,2902,202156,69,379596
6950,0.001809,172.31.40.0-255,66,202222,69,379596
6951,0.001822,74.125.68.0-255,7156,209378,69,379596
6952,0.001825,172.31.40.0-255,66,209444,69,379596
6953,0.001871,74.125.68.0-255,4320,213764,69,379596
6954,0.001874,172.31.40.0-255,66,213830,69,379596
6955,0.001909,74.125.68.0-255,2902,216732,69,379596
6956,0.001912,172.31.40.0-255,66,216798,69,379596
6957,0.001923,172.31.40.0-255,66,216864,69,379596
6958,0.001926,74.125.68.0-255,766,217630,69,379596
6959,0.00206,74.125.68.0-255,1484,219114,69,379596
6960,0.002064,172.31.40.0-255,66,219180,69,379596
6961,0.002069,74.125.68.0-255,2902,222082,69,379596
6962,0.002071,172.31.40.0-255,66,222148,69,379596
6963,0.002097,74.125.68.0-255,5738,227886,69,379596
6964,0.0021,172.31.40.0-255,66,227952,69,379596
6965,0.002126,74.125.68.0-255,7156,235108,69,379596
6966,0.002129,172.31.40.0-255,66,235174,69,379596
6967,0.002133,74.125.68.0-255,2902,238076,69,379596
6968,0.002136,172.31.40.0-255,66,238142,69,379596
6969,0.002156,74.125.68.0-255,5738,243880,69,379596
6970,0.002159,172.31.40.0-255,66,243946,69,379596
6971,0.002164,74.125.68.0-255,4320,248266,69,379596
6972,0.002165,172.31.40.0-255,66,248332,69,379596
6973,0.002195,74.125.68.0-255,3602,251934,69,379596
6974,0.002198,172.31.40.0-255,66,252000,69,379596
6975,0.002274,74.125.68.0-255,1484,253484,69,379596
6976,0.002287,74.125.68.0-255,2902,256386,69,379596
6977,0.00229,172.31.40.0-255,66,256452,69,379596
6978,0.002319,74.125.68.0-255,5738,262190,69,379596
6979,0.002322,172.31.40.0-255,66,262256,69,379596
6980,0.004605,74.125.68.0-255,5738,267994,69,379596
6981,0.004612,172.31.40.0-255,66,268060,69,379596
6982,0.00691,74.125.68.0-255,5738,273798,69,379596
6983,0.006914,172.31.40.0-255,66,273864,69,379596
6984,0.009215,74.125.68.0-255,5738,279602,69,379596
6985,0.009222,172.31.40.0-255,66,279668,69,379596
6986,0.011514,74.125.68.0-255,5738,285406,69,379596
6987,0.01152,172.31.40.0-255,66,285472,69,379596
6988,0.013865,74.125.68.0-255,5738,291210,69,379596
6989,0.013873,172.31.40.0-255,66,291276,69,379596
6990,0.016182,74.125.68.0-255,4320,295596,69,379596
6991,0.016191,172.31.40.0-255,66,295662,69,379596
6992,0.016231,74.125.68.0-255,1484,297146,69,379596
6993,0.018491,74.125.68.0-255,4320,301466,69,379596
6994,0.018498,172.31.40.0-255,66,301532,69,379596
6995,0.020811,74.125.68.0-255,5738,307270,69,379596
6996,0.020817,172.31.40.0-255,66,307336,69,379596
6997,0.023114,74.125.68.0-255,5738,313074,69,379596
6998,0.023121,172.31.40.0-255,66,313140,69,379596
6999,0.025426,74.125.68.0-255,5738,318878,69,379596
7000,0.025433,172.31.40.0-255,66,318944,69,379596
7001,0.027735,74.125.68.0-255,5738,324682,69,379596
7002,0.027743,172.31.40.0-255,66,324748,69,379596
7003,0.030031,74.125.68.0-255,4320,329068,69,379596
7004,0.030038,172.31.40.0-255,66,329134,69,379596
7005,0.030078,74.125.68.0-255,1484,330618,69,379596
7006,0.032333,74.125.68.0-255,4320,334938,69,379596
7007,0.032342,172.31.40.0-255,66,335004,69,379596
7008,0.034321,172.31.40.0-255,172,335176,69,379596
7009,0.034353,172.31.40.0-255,1114,336290,69,379596
7010,0.034393,172.31.40.0-255,1514,337804,69,379596
7011,0.034395,172.31.40.0-255,1514,339318,69,379596
7012,0.034402,172.31.40.0-255,1514,340832,69,379596
7013,0.034403,172.31.40.0-255,1514,342346,69,379596
7014,0.034427,172.31.40.0-255,1501,343847,69,379596
7015,0.034713,74.125.68.0-255,4320,348167,69,379596
7016,0.034719,172.31.40.0-255,66,348233,69,379596
7017,0.034747,74.125.68.0-255,1484,349717,69,379596
7018,0.035876,104.244.42.0-255,66,349783,69,379596
7019,0.035933,104.244.42.0-255,66,349849,69,379596
7020,0.035983,104.244.42.0-255,66,349915,69,379596
7021,0.037002,74.125.68.0-255,4320,354235,69,379596
7022,0.037008,172.31.40.0-255,66,354301,69,379596
7023,0.039311,74.125.68.0-255,4320,358621,69,379596
7024,0.039315,172.31.40.0-255,66,358687,69,379596
7025,0.039351,74.125.68.0-255,1484,360171,69,379596
7026,0.0416,74.125.68.0-255,2902,363073,69,379596
7027,0.041605,172.31.40.0-255,66,363139,69,379596
7028,0.041654,74.125.68.0-255,1484,364623,69,379596
7029,0.043906,74.125.68.0-255,4320,368943,69,379596
7030,0.043912,172.31.40.0-255,66,369009,69,379596
7031,0.046217,74.125.68.0-255,5738,374747,69,379596
7032,0.046223,172.31.40.0-255,66,374813,69,379596
7033,0.04851,74.125.68.0-255,4546,379359,69,379596
7034,0.048516,172.31.40.0-255,66,379425,69,379596
7035,0.048702,172.31.40.0-255,105,379530,69,379596
7036,0.050949,74.125.68.0-255,66,379596,69,379596
7037,0.0,172.31.40.0-255,162,162,69,228
7038,0.007192,74.125.24.0-255,66,228,69,228
7039,0.0,74.125.24.0-255,153,153,69,366441
7040,1.8e-05,172.31.40.0-255,66,219,69,366441
7041,3.3e-05,74.125.24.0-255,1484,1703,69,366441
7042,3.7e-05,172.31.40.0-255,66,1769,69,366441
7043,6.1e-05,74.125.24.0-255,1484,3253,69,366441
7044,6.4e-05,172.31.40.0-255,66,3319,69,366441
7045,6.9e-05,74.125.24.0-255,2902,6221,69,366441
7046,7.2e-05,172.31.40.0-255,66,6287,69,366441
7047,0.000104,74.125.24.0-255,1484,7771,69,366441
7048,0.000106,172.31.40.0-255,66,7837,69,366441
7049,0.000118,74.125.24.0-255,2902,10739,69,366441
7050,0.00012,172.31.40.0-255,66,10805,69,366441
7051,0.000148,74.125.24.0-255,6355,17160,69,366441
7052,0.00015,172.31.40.0-255,66,17226,69,366441
7053,0.000156,74.125.24.0-255,5738,22964,69,366441
7054,0.000158,172.31.40.0-255,66,23030,69,366441
7055,0.000173,74.125.24.0-255,4320,27350,69,366441
7056,0.000175,172.31.40.0-255,66,27416,69,366441
7057,0.000207,74.125.24.0-255,3961,31377,69,366441
7058,0.000209,172.31.40.0-255,66,31443,69,366441
7059,0.000281,74.125.24.0-255,1484,32927,69,366441
7060,0.000284,172.31.40.0-255,66,32993,69,366441
7061,0.000289,74.125.24.0-255,2902,35895,69,366441
7062,0.000291,172.31.40.0-255,66,35961,69,366441
7063,0.000312,74.125.24.0-255,4320,40281,69,366441
7064,0.000314,172.31.40.0-255,66,40347,69,366441
7065,0.00033,74.125.24.0-255,1484,41831,69,366441
7066,0.000331,172.31.40.0-255,66,41897,69,366441
7067,0.000338,74.125.24.0-255,7156,49053,69,366441
7068,0.00034,172.31.40.0-255,66,49119,69,366441
7069,0.000368,172.31.40.0-255,66,49185,69,366441
7070,0.00039,74.125.24.0-255,5738,54923,69,366441
7071,0.000393,172.31.40.0-255,66,54989,69,366441
7072,0.000397,74.125.24.0-255,2184,57173,69,366441
7073,0.0004,172.31.40.0-255,66,57239,69,366441
7074,0.000403,74.125.24.0-255,362,57601,69,366441
7075,0.000455,74.125.24.0-255,126,57727,69,366441
7076,0.000688,74.125.24.0-255,1484,59211,69,366441
7077,0.000693,172.31.40.0-255,66,59277,69,366441
7078,0.000699,74.125.24.0-255,2902,62179,69,366441
7079,0.000702,172.31.40.0-255,66,62245,69,366441
7080,0.000709,74.125.24.0-255,5738,67983,69,366441
7081,0.000711,172.31.40.0-255,66,68049,69,366441
7082,0.000714,74.125.24.0-255,1484,69533,69,366441
7083,0.000739,74.125.24.0-255,4320,73853,69,366441
7084,0.000742,172.31.40.0-255,66,73919,69,366441
7085,0.000747,74.125.24.0-255,4320,78239,69,366441
7086,0.000749,172.31.40.0-255,66,78305,69,366441
7087,0.000764,74.125.24.0-255,5738,84043,69,366441
7088,0.000779,74.125.24.0-255,2902,86945,69,366441
7089,0.0008,74.125.24.0-255,5020,91965,69,366441
7090,0.000834,74.125.24.0-255,7156,99121,69,366441
7091,0.000863,74.125.24.0-255,5738,104859,69,366441
7092,0.000878,74.125.24.0-255,2902,107761,69,366441
7093,0.000912,74.125.24.0-255,1484,109245,69,366441
7094,0.000929,74.125.24.0-255,4726,113971,69,366441
7095,0.000988,74.125.24.0-255,1484,115455,69,366441
7096,0.00101,74.125.24.0-255,2902,118357,69,366441
7097,0.001026,74.125.24.0-255,2902,121259,69,366441
7098,0.00104,74.125.24.0-255,1484,122743,69,366441
7099,0.001078,74.125.24.0-255,5738,128481,69,366441
7100,0.001095,74.125.24.0-255,2902,131383,69,366441
7101,0.001102,74.125.24.0-255,5738,137121,69,366441
7102,0.001116,74.125.24.0-255,4320,141441,69,366441
7103,0.001131,74.125.24.0-255,6438,147879,69,366441
7104,0.001317,74.125.24.0-255,1484,149363,69,366441
7105,0.001331,74.125.24.0-255,2902,152265,69,366441
7106,0.001343,74.125.24.0-255,4320,156585,69,366441
7107,0.001355,74.125.24.0-255,1484,158069,69,366441
7108,0.001358,74.125.24.0-255,1484,159553,69,366441
7109,0.00142,74.125.24.0-255,2184,161737,69,366441
7110,0.002003,74.125.24.0-255,1484,163221,69,366441
7111,0.002024,74.125.24.0-255,2902,166123,69,366441
7112,0.002044,74.125.24.0-255,4320,170443,69,366441
7113,0.002061,74.125.24.0-255,1484,171927,69,366441
7114,0.002069,74.125.24.0-255,7156,179083,69,366441
7115,0.002084,74.125.24.0-255,2902,181985,69,366441
7116,0.00209,74.125.24.0-255,4320,186305,69,366441
7117,0.002112,74.125.24.0-255,7156,193461,69,366441
7118,0.002133,74.125.24.0-255,2184,195645,69,366441
7119,0.002367,74.125.24.0-255,1484,197129,69,366441
7120,0.00237,74.125.24.0-255,1484,198613,69,366441
7121,0.002384,74.125.24.0-255,1484,200097,69,366441
7122,0.002397,74.125.24.0-255,2902,202999,69,366441
7123,0.002412,74.125.24.0-255,2902,205901,69,366441
7124,0.002456,74.125.24.0-255,2902,208803,69,366441
7125,0.002459,74.125.24.0-255,1484,210287,69,366441
7126,0.004616,172.31.40.0-255,66,210353,69,366441
7127,0.007053,74.125.24.0-255,5738,216091,69,366441
7128,0.00706,172.31.40.0-255,66,216157,69,366441
7129,0.009489,74.125.24.0-255,5738,221895,69,366441
7130,0.009495,172.31.40.0-255,66,221961,69,366441
7131,0.011942,74.125.24.0-255,5738,227699,69,366441
7132,0.011949,172.31.40.0-255,66,227765,69,366441
7133,0.014453,74.125.24.0-255,5738,233503,69,366441
7134,0.014462,172.31.40.0-255,66,233569,69,366441
7135,0.016893,74.125.24.0-255,5738,239307,69,366441
7136,0.016899,172.31.40.0-255,66,239373,69,366441
7137,0.019374,74.125.24.0-255,5738,245111,69,366441
7138,0.019384,172.31.40.0-255,66,245177,69,366441
7139,0.02185,74.125.24.0-255,5738,250915,69,366441
7140,0.021858,172.31.40.0-255,66,250981,69,366441
7141,0.02431,74.125.24.0-255,5738,256719,69,366441
7142,0.024317,172.31.40.0-255,66,256785,69,366441
7143,0.026795,74.125.24.0-255,5738,262523,69,366441
7144,0.026802,172.31.40.0-255,66,262589,69,366441
7145,0.029244,74.125.24.0-255,5738,268327,69,366441
7146,0.029251,172.31.40.0-255,66,268393,69,366441
7147,0.0309,172.31.40.0-255,172,268565,69,366441
7148,0.030931,172.31.40.0-255,1114,269679,69,366441
7149,0.030999,172.31.40.0-255,1514,271193,69,366441
7150,0.031001,172.31.40.0-255,1514,272707,69,366441
7151,0.031003,172.31.40.0-255,1514,274221,69,366441
7152,0.031008,172.31.40.0-255,1514,275735,69,366441
7153,0.031009,172.31.40.0-255,1502,277237,69,366441
7154,0.03171,74.125.24.0-255,5738,282975,69,366441
7155,0.031718,172.31.40.0-255,66,283041,69,366441
7156,0.032576,104.244.42.0-255,66,283107,69,366441
7157,0.032605,104.244.42.0-255,66,283173,69,366441
7158,0.032675,104.244.42.0-255,66,283239,69,366441
7159,0.034161,74.125.24.0-255,5738,288977,69,366441
7160,0.034169,172.31.40.0-255,66,289043,69,366441
7161,0.036666,74.125.24.0-255,5738,294781,69,366441
7162,0.036672,172.31.40.0-255,66,294847,69,366441
7163,0.039116,74.125.24.0-255,5738,300585,69,366441
7164,0.039123,172.31.40.0-255,66,300651,69,366441
7165,0.041559,74.125.24.0-255,5738,306389,69,366441
7166,0.041565,172.31.40.0-255,66,306455,69,366441
7167,0.044007,74.125.24.0-255,2902,309357,69,366441
7168,0.044014,172.31.40.0-255,66,309423,69,366441
7169,0.044038,74.125.24.0-255,2902,312325,69,366441
7170,0.044042,172.31.40.0-255,66,312391,69,366441
7171,0.046482,74.125.24.0-255,1484,313875,69,366441
7172,0.046506,74.125.24.0-255,4320,318195,69,366441
7173,0.046511,172.31.40.0-255,66,318261,69,366441
7174,0.048953,74.125.24.0-255,5738,323999,69,366441
7175,0.048958,172.31.40.0-255,66,324065,69,366441
7176,0.051419,74.125.24.0-255,4320,328385,69,366441
7177,0.051425,172.31.40.0-255,66,328451,69,366441
7178,0.051441,74.125.24.0-255,1484,329935,69,366441
7179,0.053871,74.125.24.0-255,4320,334255,69,366441
7180,0.053877,172.31.40.0-255,66,334321,69,366441
7181,0.056323,74.125.24.0-255,5738,340059,69,366441
7182,0.056329,172.31.40.0-255,66,340125,69,366441
7183,0.058818,74.125.24.0-255,5738,345863,69,366441
7184,0.058823,172.31.40.0-255,66,345929,69,366441
7185,0.061305,74.125.24.0-255,4320,350249,69,366441
7186,0.06131,172.31.40.0-255,66,350315,69,366441
7187,0.061323,74.125.24.0-255,1484,351799,69,366441
7188,0.06375,74.125.24.0-255,2902,354701,69,366441
7189,0.063756,172.31.40.0-255,66,354767,69,366441
7190,0.063776,74.125.24.0-255,1484,356251,69,366441
7191,0.066194,74.125.24.0-255,4320,360571,69,366441
7192,0.066201,172.31.40.0-255,66,360637,69,366441
7193,0.068652,74.125.24.0-255,5738,366375,69,366441
7194,0.068658,172.31.40.0-255,66,366441,69,366441
7195,0.0,172.31.40.0-255,66,66,69,66
7196,0.0,74.125.68.0-255,153,153,69,221012
7197,1.2e-05,172.31.40.0-255,66,219,69,221012
7198,4.6e-05,74.125.68.0-255,1484,1703,69,221012
7199,5e-05,172.31.40.0-255,66,1769,69,221012
7200,5.6e-05,74.125.68.0-255,2902,4671,69,221012
7201,5.9e-05,172.31.40.0-255,66,4737,69,221012
7202,0.000159,74.125.68.0-255,7156,11893,69,221012
7203,0.000163,172.31.40.0-255,66,11959,69,221012
7204,0.000412,74.125.68.0-255,2076,14035,69,221012
7205,0.000417,172.31.40.0-255,66,14101,69,221012
7206,0.000479,74.125.68.0-255,7156,21257,69,221012
7207,0.000483,172.31.40.0-255,66,21323,69,221012
7208,0.000514,74.125.68.0-255,4320,25643,69,221012
7209,0.000517,172.31.40.0-255,66,25709,69,221012
7210,0.000879,74.125.68.0-255,1484,27193,69,221012
7211,0.000886,172.31.40.0-255,66,27259,69,221012
7212,0.000922,74.125.68.0-255,3961,31220,69,221012
7213,0.000925,172.31.40.0-255,66,31286,69,221012
7214,0.00112,74.125.68.0-255,7156,38442,69,221012
7215,0.001127,172.31.40.0-255,66,38508,69,221012
7216,0.001169,172.31.40.0-255,66,38574,69,221012
7217,0.001837,172.31.40.0-255,66,38640,69,221012
7218,0.001875,172.31.40.0-255,66,38706,69,221012
7219,0.002771,74.125.68.0-255,7156,45862,69,221012
7220,0.002774,172.31.40.0-255,66,45928,69,221012
7221,0.002819,172.31.40.0-255,66,45994,69,221012
7222,0.003719,74.125.68.0-255,4320,50314,69,221012
7223,0.003725,172.31.40.0-255,66,50380,69,221012
7224,0.004489,172.31.40.0-255,66,50446,69,221012
7225,0.006759,74.125.68.0-255,1484,51930,69,221012
7226,0.006787,74.125.68.0-255,4320,56250,69,221012
7227,0.006792,172.31.40.0-255,66,56316,69,221012
7228,0.009067,74.125.68.0-255,5738,62054,69,221012
7229,0.009074,172.31.40.0-255,66,62120,69,221012
7230,0.01137,74.125.68.0-255,5738,67858,69,221012
7231,0.011379,172.31.40.0-255,66,67924,69,221012
7232,0.013656,74.125.68.0-255,5738,73662,69,221012
7233,0.013665,172.31.40.0-255,66,73728,69,221012
7234,0.015929,74.125.68.0-255,4320,78048,69,221012
7235,0.015936,172.31.40.0-255,66,78114,69,221012
7236,0.015964,74.125.68.0-255,1484,79598,69,221012
7237,0.018229,74.125.68.0-255,4320,83918,69,221012
7238,0.018238,172.31.40.0-255,66,83984,69,221012
7239,0.020513,74.125.68.0-255,5738,89722,69,221012
7240,0.020522,172.31.40.0-255,66,89788,69,221012
7241,0.022792,74.125.68.0-255,5738,95526,69,221012
7242,0.022801,172.31.40.0-255,66,95592,69,221012
7243,0.02507,74.125.68.0-255,5738,101330,69,221012
7244,0.025078,172.31.40.0-255,66,101396,69,221012
7245,0.027356,74.125.68.0-255,5738,107134,69,221012
7246,0.027363,172.31.40.0-255,66,107200,69,221012
7247,0.029629,74.125.68.0-255,5738,112938,69,221012
7248,0.029636,172.31.40.0-255,66,113004,69,221012
7249,0.031906,74.125.68.0-255,1484,114488,69,221012
7250,0.03193,74.125.68.0-255,4320,118808,69,221012
7251,0.031935,172.31.40.0-255,66,118874,69,221012
7252,0.033772,172.31.40.0-255,172,119046,69,221012
7253,0.033797,172.31.40.0-255,1116,120162,69,221012
7254,0.033851,172.31.40.0-255,1514,121676,69,221012
7255,0.033853,172.31.40.0-255,1514,123190,69,221012
7256,0.033857,172.31.40.0-255,1514,124704,69,221012
7257,0.033858,172.31.40.0-255,1514,126218,69,221012
7258,0.033876,172.31.40.0-255,1499,127717,69,221012
7259,0.034199,74.125.68.0-255,5738,133455,69,221012
7260,0.034204,172.31.40.0-255,66,133521,69,221012
7261,0.035331,104.244.42.0-255,66,133587,69,221012
7262,0.035377,104.244.42.0-255,66,133653,69,221012
7263,0.035419,104.244.42.0-255,66,133719,69,221012
7264,0.036475,74.125.68.0-255,5738,139457,69,221012
7265,0.036482,172.31.40.0-255,66,139523,69,221012
7266,0.038749,74.125.68.0-255,5738,145261,69,221012
7267,0.038756,172.31.40.0-255,66,145327,69,221012
7268,0.041036,74.125.68.0-255,5738,151065,69,221012
7269,0.041042,172.31.40.0-255,66,151131,69,221012
7270,0.043309,74.125.68.0-255,5738,156869,69,221012
7271,0.043316,172.31.40.0-255,66,156935,69,221012
7272,0.045595,74.125.68.0-255,5738,162673,69,221012
7273,0.045602,172.31.40.0-255,66,162739,69,221012
7274,0.047893,74.125.68.0-255,5738,168477,69,221012
7275,0.047901,172.31.40.0-255,66,168543,69,221012
7276,0.050171,74.125.68.0-255,5738,174281,69,221012
7277,0.050176,172.31.40.0-255,66,174347,69,221012
7278,0.052446,74.125.68.0-255,5738,180085,69,221012
7279,0.052453,172.31.40.0-255,66,180151,69,221012
7280,0.05474,74.125.68.0-255,5738,185889,69,221012
7281,0.054747,172.31.40.0-255,66,185955,69,221012
7282,0.05703,74.125.68.0-255,1484,187439,69,221012
7283,0.057061,74.125.68.0-255,4320,191759,69,221012
7284,0.057067,172.31.40.0-255,66,191825,69,221012
7285,0.059341,74.125.68.0-255,5738,197563,69,221012
7286,0.059346,172.31.40.0-255,66,197629,69,221012
7287,0.061617,74.125.68.0-255,5738,203367,69,221012
7288,0.061622,172.31.40.0-255,66,203433,69,221012
7289,0.063892,74.125.68.0-255,5738,209171,69,221012
7290,0.063897,172.31.40.0-255,66,209237,69,221012
7291,0.066184,74.125.68.0-255,5738,214975,69,221012
7292,0.066191,172.31.40.0-255,66,215041,69,221012
7293,0.066301,172.31.40.0-255,101,215142,69,221012
7294,0.068479,74.125.68.0-255,5738,220880,69,221012
7295,0.068485,172.31.40.0-255,66,220946,69,221012
7296,0.06852,74.125.68.0-255,66,221012,69,221012
7297,0.0,74.125.24.0-255,149,149,69,284717
7298,2.2e-05,172.31.40.0-255,66,215,69,284717
7299,2.9e-05,74.125.24.0-255,1484,1699,69,284717
7300,3.3e-05,172.31.40.0-255,66,1765,69,284717
7301,3.9e-05,74.125.24.0-255,2902,4667,69,284717
7302,4.2e-05,172.31.40.0-255,66,4733,69,284717
7303,4.9e-05,74.125.24.0-255,5738,10471,69,284717
7304,5.3e-05,172.31.40.0-255,66,10537,69,284717
7305,5.6e-05,74.125.24.0-255,1484,12021,69,284717
7306,5.9e-05,172.31.40.0-255,66,12087,69,284717
7307,0.000104,172.31.40.0-255,66,12153,69,284717
7308,0.000131,74.125.24.0-255,6797,18950,69,284717
7309,0.000134,172.31.40.0-255,66,19016,69,284717
7310,0.000199,74.125.24.0-255,1484,20500,69,284717
7311,0.000202,172.31.40.0-255,66,20566,69,284717
7312,0.000206,74.125.24.0-255,1484,22050,69,284717
7313,0.000208,172.31.40.0-255,66,22116,69,284717
7314,0.000223,74.125.24.0-255,1484,23600,69,284717
7315,0.000226,172.31.40.0-255,66,23666,69,284717
7316,0.000233,74.125.24.0-255,5738,29404,69,284717
7317,0.000236,172.31.40.0-255,66,29470,69,284717
7318,0.000256,74.125.24.0-255,2902,32372,69,284717
7319,0.000259,172.31.40.0-255,66,32438,69,284717
7320,0.000289,172.31.40.0-255,66,32504,69,284717
7321,0.000299,172.31.40.0-255,66,32570,69,284717
7322,0.000322,74.125.24.0-255,1424,33994,69,284717
7323,0.000325,172.31.40.0-255,66,34060,69,284717
7324,0.000342,74.125.24.0-255,126,34186,69,284717
7325,0.000344,172.31.40.0-255,66,34252,69,284717
7326,0.000426,74.125.24.0-255,350,34602,69,284717
7327,0.000762,74.125.24.0-255,1484,36086,69,284717
7328,0.000768,172.31.40.0-255,66,36152,69,284717
7329,0.000773,74.125.24.0-255,2902,39054,69,284717
7330,0.000775,172.31.40.0-255,66,39120,69,284717
7331,0.000778,74.125.24.0-255,1484,40604,69,284717
7332,0.000798,74.125.24.0-255,4320,44924,69,284717
7333,0.0008,172.31.40.0-255,66,44990,69,284717
7334,0.000833,172.31.40.0-255,66,45056,69,284717
7335,0.000839,74.125.24.0-255,4320,49376,69,284717
7336,0.000842,172.31.40.0-255,66,49442,69,284717
7337,0.000855,74.125.24.0-255,2902,52344,69,284717
7338,0.000857,172.31.40.0-255,66,52410,69,284717
7339,0.00089,74.125.24.0-255,3602,56012,69,284717
7340,0.000894,172.31.40.0-255,66,56078,69,284717
7341,0.001404,74.125.24.0-255,1484,57562,69,284717
7342,0.00141,74.125.24.0-255,2902,60464,69,284717
7343,0.001414,172.31.40.0-255,66,60530,69,284717
7344,0.001418,74.125.24.0-255,1484,62014,69,284717
7345,0.001442,74.125.24.0-255,4320,66334,69,284717
7346,0.001445,172.31.40.0-255,66,66400,69,284717
7347,0.001451,74.125.24.0-255,5738,72138,69,284717
7348,0.001453,172.31.40.0-255,66,72204,69,284717
7349,0.00148,74.125.24.0-255,7156,79360,69,284717
7350,0.001483,172.31.40.0-255,66,79426,69,284717
7351,0.001518,172.31.40.0-255,66,79492,69,284717
7352,0.001534,74.125.24.0-255,2184,81676,69,284717
7353,0.001536,172.31.40.0-255,66,81742,69,284717
7354,0.00154,74.125.24.0-255,1484,83226,69,284717
7355,0.001543,74.125.24.0-255,1484,84710,69,284717
7356,0.001545,172.31.40.0-255,66,84776,69,284717
7357,0.00156,74.125.24.0-255,1484,86260,69,284717
7358,0.001567,74.125.24.0-255,5738,91998,69,284717
7359,0.001569,172.31.40.0-255,66,92064,69,284717
7360,0.001574,74.125.24.0-255,4320,96384,69,284717
7361,0.001576,172.31.40.0-255,66,96450,69,284717
7362,0.001613,172.31.40.0-255,66,96516,69,284717
7363,0.001617,74.125.24.0-255,2902,99418,69,284717
7364,0.001619,172.31.40.0-255,66,99484,69,284717
7365,0.001636,74.125.24.0-255,5020,104504,69,284717
7366,0.001639,172.31.40.0-255,66,104570,69,284717
7367,0.001686,74.125.24.0-255,2902,107472,69,284717
7368,0.00169,172.31.40.0-255,66,107538,69,284717
7369,0.001712,74.125.24.0-255,4320,111858,69,284717
7370,0.001715,172.31.40.0-255,66,111924,69,284717
7371,0.001745,172.31.40.0-255,66,111990,69,284717
7372,0.001753,74.125.24.0-255,7156,119146,69,284717
7373,0.001755,172.31.40.0-255,66,119212,69,284717
7374,0.001801,172.31.40.0-255,66,119278,69,284717
7375,0.001918,74.125.24.0-255,1484,120762,69,284717
7376,0.001923,74.125.24.0-255,2902,123664,69,284717
7377,0.001926,172.31.40.0-255,66,123730,69,284717
7378,0.001938,74.125.24.0-255,2902,126632,69,284717
7379,0.001941,172.31.40.0-255,66,126698,69,284717
7380,0.001956,74.125.24.0-255,2902,129600,69,284717
7381,0.001958,172.31.40.0-255,66,129666,69,284717
7382,0.001963,74.125.24.0-255,2902,132568,69,284717
7383,0.001964,172.31.40.0-255,66,132634,69,284717
7384,0.002008,172.31.40.0-255,66,132700,69,284717
7385,0.002019,172.31.40.0-255,66,132766,69,284717
7386,0.002022,74.125.24.0-255,766,133532,69,284717
7387,0.00218,74.125.24.0-255,1484,135016,69,284717
7388,0.002183,172.31.40.0-255,66,135082,69,284717
7389,0.002188,74.125.24.0-255,2902,137984,69,284717
7390,0.00219,172.31.40.0-255,66,138050,69,284717
7391,0.002216,74.125.24.0-255,5738,143788,69,284717
7392,0.002218,172.31.40.0-255,66,143854,69,284717
7393,0.002229,74.125.24.0-255,5738,149592,69,284717
7394,0.002231,172.31.40.0-255,66,149658,69,284717
7395,0.002263,74.125.24.0-255,7156,156814,69,284717
7396,0.002265,172.31.40.0-255,66,156880,69,284717
7397,0.002277,172.31.40.0-255,66,156946,69,284717
7398,0.002293,74.125.24.0-255,1484,158430,69,284717
7399,0.002319,172.31.40.0-255,66,158496,69,284717
7400,0.002349,172.31.40.0-255,66,158562,69,284717
7401,0.002357,172.31.40.0-255,66,158628,69,284717
7402,0.004645,74.125.24.0-255,5738,164366,69,284717
7403,0.004656,172.31.40.0-255,66,164432,69,284717
7404,0.006988,74.125.24.0-255,5738,170170,69,284717
7405,0.006994,172.31.40.0-255,66,170236,69,284717
7406,0.009293,74.125.24.0-255,5738,175974,69,284717
7407,0.0093,172.31.40.0-255,66,176040,69,284717
7408,0.011611,74.125.24.0-255,5738,181778,69,284717
7409,0.011626,172.31.40.0-255,66,181844,69,284717
7410,0.013938,74.125.24.0-255,5738,187582,69,284717
7411,0.013951,172.31.40.0-255,66,187648,69,284717
7412,0.016262,74.125.24.0-255,5738,193386,69,284717
7413,0.016276,172.31.40.0-255,66,193452,69,284717
7414,0.018594,74.125.24.0-255,5738,199190,69,284717
7415,0.018608,172.31.40.0-255,66,199256,69,284717
7416,0.020911,74.125.24.0-255,5738,204994,69,284717
7417,0.020919,172.31.40.0-255,66,205060,69,284717
7418,0.023252,74.125.24.0-255,5738,210798,69,284717
7419,0.023259,172.31.40.0-255,66,210864,69,284717
7420,0.025571,74.125.24.0-255,5738,216602,69,284717
7421,0.025583,172.31.40.0-255,66,216668,69,284717
7422,0.027894,74.125.24.0-255,5738,222406,69,284717
7423,0.027907,172.31.40.0-255,66,222472,69,284717
7424,0.030203,74.125.24.0-255,5738,228210,69,284717
7425,0.030212,172.31.40.0-255,66,228276,69,284717
7426,0.032535,74.125.24.0-255,5738,234014,69,284717
7427,0.032547,172.31.40.0-255,66,234080,69,284717
7428,0.034868,74.125.24.0-255,5738,239818,69,284717
7429,0.03488,172.31.40.0-255,66,239884,69,284717
7430,0.036984,172.31.40.0-255,172,240056,69,284717
7431,0.037017,172.31.40.0-255,1116,241172,69,284717
7432,0.037082,172.31.40.0-255,1514,242686,69,284717
7433,0.037084,172.31.40.0-255,1514,244200,69,284717
7434,0.037085,172.31.40.0-255,1514,245714,69,284717
7435,0.037086,172.31.40.0-255,1514,247228,69,284717
7436,0.037115,172.31.40.0-255,1499,248727,69,284717
7437,0.037196,74.125.24.0-255,5738,254465,69,284717
7438,0.037202,172.31.40.0-255,66,254531,69,284717
7439,0.038533,104.244.42.0-255,66,254597,69,284717
7440,0.038585,104.244.42.0-255,66,254663,69,284717
7441,0.038648,104.244.42.0-255,66,254729,69,284717
7442,0.038719,104.244.42.0-255,66,254795,69,284717
7443,0.039513,74.125.24.0-255,5738,260533,69,284717
7444,0.039524,172.31.40.0-255,66,260599,69,284717
7445,0.041831,74.125.24.0-255,5738,266337,69,284717
7446,0.041839,172.31.40.0-255,66,266403,69,284717
7447,0.044154,74.125.24.0-255,5738,272141,69,284717
7448,0.04416,172.31.40.0-255,66,272207,69,284717
7449,0.046464,74.125.24.0-255,5738,277945,69,284717
7450,0.04647,172.31.40.0-255,66,278011,69,284717
7451,0.048772,74.125.24.0-255,5738,283749,69,284717
7452,0.04878,172.31.40.0-255,66,283815,69,284717
7453,0.051081,74.125.24.0-255,665,284480,69,284717
7454,0.051211,172.31.40.0-255,66,284546,69,284717
7455,0.05125,172.31.40.0-255,105,284651,69,284717
7456,0.053534,74.125.24.0-255,66,284717,69,284717
7457,0.0,172.217.194.0-255,153,153,69,255582
7458,1.6e-05,172.31.40.0-255,66,219,69,255582
7459,2.3e-05,172.217.194.0-255,1484,1703,69,255582
7460,2.8e-05,172.31.40.0-255,66,1769,69,255582
7461,6.3e-05,172.217.194.0-255,2902,4671,69,255582
7462,6.6e-05,172.31.40.0-255,66,4737,69,255582
7463,7.8e-05,172.217.194.0-255,7156,11893,69,255582
7464,8.1e-05,172.31.40.0-255,66,11959,69,255582
7465,8.5e-05,172.217.194.0-255,2057,14016,69,255582
7466,8.8e-05,172.31.40.0-255,66,14082,69,255582
7467,9.3e-05,172.217.194.0-255,2902,16984,69,255582
7468,9.6e-05,172.31.40.0-255,66,17050,69,255582
7469,0.000103,172.217.194.0-255,7156,24206,69,255582
7470,0.000105,172.31.40.0-255,66,24272,69,255582
7471,0.000147,172.217.194.0-255,6797,31069,69,255582
7472,0.000151,172.31.40.0-255,66,31135,69,255582
7473,0.000295,172.217.194.0-255,1484,32619,69,255582
7474,0.0003,172.31.40.0-255,66,32685,69,255582
7475,0.000308,172.217.194.0-255,2902,35587,69,255582
7476,0.00031,172.31.40.0-255,66,35653,69,255582
7477,0.000316,172.217.194.0-255,2902,38555,69,255582
7478,0.000318,172.31.40.0-255,66,38621,69,255582
7479,0.000349,172.217.194.0-255,2902,41523,69,255582
7480,0.000351,172.31.40.0-255,66,41589,69,255582
7481,0.000357,172.217.194.0-255,4320,45909,69,255582
7482,0.000359,172.31.40.0-255,66,45975,69,255582
7483,0.000381,172.217.194.0-255,2543,48518,69,255582
7484,0.000384,172.31.40.0-255,66,48584,69,255582
7485,0.000388,172.217.194.0-255,2902,51486,69,255582
7486,0.00039,172.31.40.0-255,66,51552,69,255582
7487,0.000401,172.217.194.0-255,7156,58708,69,255582
7488,0.000404,172.31.40.0-255,66,58774,69,255582
7489,0.000439,172.217.194.0-255,6797,65571,69,255582
7490,0.000442,172.31.40.0-255,66,65637,69,255582
7491,0.001419,172.217.194.0-255,646,66283,69,255582
7492,0.00159,172.217.194.0-255,1484,67767,69,255582
7493,0.001597,172.31.40.0-255,66,67833,69,255582
7494,0.001603,172.217.194.0-255,2902,70735,69,255582
7495,0.001606,172.31.40.0-255,66,70801,69,255582
7496,0.001617,172.217.194.0-255,5738,76539,69,255582
7497,0.001619,172.31.40.0-255,66,76605,69,255582
7498,0.001622,172.217.194.0-255,1484,78089,69,255582
7499,0.001674,172.31.40.0-255,66,78155,69,255582
7500,0.001686,172.31.40.0-255,66,78221,69,255582
7501,0.001785,172.217.194.0-255,1484,79705,69,255582
7502,0.001791,172.217.194.0-255,2902,82607,69,255582
7503,0.001794,172.31.40.0-255,66,82673,69,255582
7504,0.001831,172.217.194.0-255,5738,88411,69,255582
7505,0.001833,172.31.40.0-255,66,88477,69,255582
7506,0.001842,172.217.194.0-255,7156,95633,69,255582
7507,0.001844,172.31.40.0-255,66,95699,69,255582
7508,0.001867,172.217.194.0-255,5738,101437,69,255582
7509,0.001873,172.31.40.0-255,66,101503,69,255582
7510,0.001886,172.31.40.0-255,66,101569,69,255582
7511,0.001891,172.217.194.0-255,2902,104471,69,255582
7512,0.001893,172.31.40.0-255,66,104537,69,255582
7513,0.001923,172.217.194.0-255,1484,106021,69,255582
7514,0.00193,172.217.194.0-255,5738,111759,69,255582
7515,0.001937,172.31.40.0-255,66,111825,69,255582
7516,0.001952,172.31.40.0-255,66,111891,69,255582
7517,0.001965,172.31.40.0-255,66,111957,69,255582
7518,0.001996,172.217.194.0-255,1484,113441,69,255582
7519,0.002008,172.217.194.0-255,2902,116343,69,255582
7520,0.002011,172.31.40.0-255,66,116409,69,255582
7521,0.002027,172.217.194.0-255,2902,119311,69,255582
7522,0.002033,172.31.40.0-255,66,119377,69,255582
7523,0.002057,172.217.194.0-255,2902,122279,69,255582
7524,0.002059,172.31.40.0-255,66,122345,69,255582
7525,0.002074,172.31.40.0-255,66,122411,69,255582
7526,0.002082,172.217.194.0-255,2902,125313,69,255582
7527,0.002084,172.31.40.0-255,66,125379,69,255582
7528,0.002122,172.31.40.0-255,66,125445,69,255582
7529,0.002157,172.217.194.0-255,1484,126929,69,255582
7530,0.002163,172.217.194.0-255,2902,129831,69,255582
7531,0.002165,172.31.40.0-255,66,129897,69,255582
7532,0.002171,172.217.194.0-255,4320,134217,69,255582
7533,0.002173,172.31.40.0-255,66,134283,69,255582
7534,0.002204,172.217.194.0-255,1484,135767,69,255582
7535,0.002219,172.31.40.0-255,66,135833,69,255582
7536,0.002232,172.31.40.0-255,66,135899,69,255582
7537,0.002258,172.217.194.0-255,766,136665,69,255582
7538,0.002293,172.217.194.0-255,1484,138149,69,255582
7539,0.002296,172.31.40.0-255,66,138215,69,255582
7540,0.0023,172.217.194.0-255,1484,139699,69,255582
7541,0.002315,172.217.194.0-255,1484,141183,69,255582
7542,0.002321,172.31.40.0-255,66,141249,69,255582
7543,0.002328,172.217.194.0-255,5738,146987,69,255582
7544,0.002331,172.31.40.0-255,66,147053,69,255582
7545,0.002381,172.31.40.0-255,66,147119,69,255582
7546,0.002394,172.31.40.0-255,66,147185,69,255582
7547,0.002485,172.31.40.0-255,66,147251,69,255582
7548,0.002497,172.31.40.0-255,66,147317,69,255582
7549,0.002502,172.217.194.0-255,4320,151637,69,255582
7550,0.002504,172.31.40.0-255,66,151703,69,255582
7551,0.002555,172.31.40.0-255,66,151769,69,255582
7552,0.002566,172.31.40.0-255,66,151835,69,255582
7553,0.005043,172.217.194.0-255,4320,156155,69,255582
7554,0.005047,172.31.40.0-255,66,156221,69,255582
7555,0.00507,172.217.194.0-255,1484,157705,69,255582
7556,0.007542,172.217.194.0-255,4320,162025,69,255582
7557,0.00755,172.31.40.0-255,66,162091,69,255582
7558,0.009544,172.31.40.0-255,101,162192,69,255582
7559,0.010045,172.217.194.0-255,5738,167930,69,255582
7560,0.010051,172.31.40.0-255,66,167996,69,255582
7561,0.01198,172.217.194.0-255,66,168062,69,255582
7562,0.01253,172.217.194.0-255,5738,173800,69,255582
7563,0.012537,172.31.40.0-255,66,173866,69,255582
7564,0.015046,172.217.194.0-255,5738,179604,69,255582
7565,0.015053,172.31.40.0-255,66,179670,69,255582
7566,0.01754,172.217.194.0-255,5738,185408,69,255582
7567,0.017551,172.31.40.0-255,66,185474,69,255582
7568,0.020063,172.217.194.0-255,5738,191212,69,255582
7569,0.020072,172.31.40.0-255,66,191278,69,255582
7570,0.022547,172.217.194.0-255,5738,197016,69,255582
7571,0.022553,172.31.40.0-255,66,197082,69,255582
7572,0.02504,172.217.194.0-255,5738,202820,69,255582
7573,0.025047,172.31.40.0-255,66,202886,69,255582
7574,0.027538,172.217.194.0-255,5738,208624,69,255582
7575,0.027547,172.31.40.0-255,66,208690,69,255582
7576,0.030025,172.217.194.0-255,5738,214428,69,255582
7577,0.030032,172.31.40.0-255,66,214494,69,255582
7578,0.032522,172.217.194.0-255,5738,220232,69,255582
7579,0.032533,172.31.40.0-255,66,220298,69,255582
7580,0.035017,172.217.194.0-255,5738,226036,69,255582
7581,0.035026,172.31.40.0-255,66,226102,69,255582
7582,0.037506,172.217.194.0-255,5738,231840,69,255582
7583,0.037513,172.31.40.0-255,66,231906,69,255582
7584,0.037521,172.31.40.0-255,172,232078,69,255582
7585,0.03757,172.31.40.0-255,1112,233190,69,255582
7586,0.037688,172.31.40.0-255,1514,234704,69,255582
7587,0.037691,172.31.40.0-255,1514,236218,69,255582
7588,0.037692,172.31.40.0-255,1514,237732,69,255582
7589,0.037693,172.31.40.0-255,1514,239246,69,255582
7590,0.037723,172.31.40.0-255,1505,240751,69,255582
7591,0.039147,104.244.42.0-255,66,240817,69,255582
7592,0.03917,104.244.42.0-255,66,240883,69,255582
7593,0.039331,104.244.42.0-255,66,240949,69,255582
7594,0.039361,104.244.42.0-255,66,241015,69,255582
7595,0.039896,104.244.42.0-255,108,241123,69,255582
7596,0.039903,172.31.40.0-255,66,241189,69,255582
7597,0.039994,172.217.194.0-255,5738,246927,69,255582
7598,0.039998,172.31.40.0-255,66,246993,69,255582
7599,0.042467,172.217.194.0-255,5738,252731,69,255582
7600,0.042473,172.31.40.0-255,66,252797,69,255582
7601,0.044949,172.217.194.0-255,2548,255345,69,255582
7602,0.044958,172.31.40.0-255,66,255411,69,255582
7603,0.045134,172.31.40.0-255,105,255516,69,255582
7604,0.0513,172.217.194.0-255,66,255582,69,255582
7605,0.0,172.31.40.0-255,105,105,69,276
7606,0.00185,157.240.7.0-255,105,210,69,276
7607,0.001864,172.31.40.0-255,66,276,69,276
7608,0.0,74.125.24.0-255,146,146,69,300536
7609,2.2e-05,172.31.40.0-255,66,212,69,300536
7610,2.9e-05,74.125.24.0-255,1484,1696,69,300536
7611,3.3e-05,172.31.40.0-255,66,1762,69,300536
7612,3.9e-05,74.125.24.0-255,2902,4664,69,300536
7613,4.2e-05,172.31.40.0-255,66,4730,69,300536
7614,4.9e-05,74.125.24.0-255,7156,11886,69,300536
7615,5.2e-05,172.31.40.0-255,66,11952,69,300536
7616,5.5e-05,74.125.24.0-255,1484,13436,69,300536
7617,5.7e-05,172.31.40.0-255,66,13502,69,300536
7618,7.9e-05,74.125.24.0-255,646,14148,69,300536
7619,8.1e-05,172.31.40.0-255,66,14214,69,300536
7620,0.000526,74.125.24.0-255,1484,15698,69,300536
7621,0.000532,172.31.40.0-255,66,15764,69,300536
7622,0.00054,74.125.24.0-255,2902,18666,69,300536
7623,0.000543,172.31.40.0-255,66,18732,69,300536
7624,0.000548,74.125.24.0-255,2902,21634,69,300536
7625,0.000549,172.31.40.0-255,66,21700,69,300536
7626,0.000578,74.125.24.0-255,7156,28856,69,300536
7627,0.00058,172.31.40.0-255,66,28922,69,300536
7628,0.0006,74.125.24.0-255,2543,31465,69,300536
7629,0.000604,172.31.40.0-255,66,31531,69,300536
7630,0.000635,74.125.24.0-255,2902,34433,69,300536
7631,0.000637,172.31.40.0-255,66,34499,69,300536
7632,0.000657,74.125.24.0-255,2902,37401,69,300536
7633,0.00066,172.31.40.0-255,66,37467,69,300536
7634,0.00068,74.125.24.0-255,2902,40369,69,300536
7635,0.000682,172.31.40.0-255,66,40435,69,300536
7636,0.000687,74.125.24.0-255,2902,43337,69,300536
7637,0.000689,172.31.40.0-255,66,43403,69,300536
7638,0.000708,74.125.24.0-255,4320,47723,69,300536
7639,0.000711,172.31.40.0-255,66,47789,69,300536
7640,0.000714,74.125.24.0-255,1125,48914,69,300536
7641,0.000764,74.125.24.0-255,1484,50398,69,300536
7642,0.000769,172.31.40.0-255,66,50464,69,300536
7643,0.000773,74.125.24.0-255,1484,51948,69,300536
7644,0.000789,74.125.24.0-255,1484,53432,69,300536
7645,0.000792,172.31.40.0-255,66,53498,69,300536
7646,0.000798,74.125.24.0-255,4320,57818,69,300536
7647,0.0008,172.31.40.0-255,66,57884,69,300536
7648,0.00082,74.125.24.0-255,1484,59368,69,300536
7649,0.000825,74.125.24.0-255,2902,62270,69,300536
7650,0.000827,172.31.40.0-255,66,62336,69,300536
7651,0.000866,74.125.24.0-255,3961,66297,69,300536
7652,0.000869,172.31.40.0-255,66,66363,69,300536
7653,0.000887,74.125.24.0-255,411,66774,69,300536
7654,0.000938,74.125.24.0-255,331,67105,69,300536
7655,0.001431,74.125.24.0-255,1484,68589,69,300536
7656,0.001438,172.31.40.0-255,66,68655,69,300536
7657,0.001445,74.125.24.0-255,2902,71557,69,300536
7658,0.001448,172.31.40.0-255,66,71623,69,300536
7659,0.001455,74.125.24.0-255,5738,77361,69,300536
7660,0.001457,172.31.40.0-255,66,77427,69,300536
7661,0.001488,74.125.24.0-255,7156,84583,69,300536
7662,0.001491,172.31.40.0-255,66,84649,69,300536
7663,0.001499,74.125.24.0-255,7156,91805,69,300536
7664,0.001501,172.31.40.0-255,66,91871,69,300536
7665,0.001525,74.125.24.0-255,1484,93355,69,300536
7666,0.001536,172.31.40.0-255,66,93421,69,300536
7667,0.00157,74.125.24.0-255,1484,94905,69,300536
7668,0.001573,74.125.24.0-255,1484,96389,69,300536
7669,0.001575,172.31.40.0-255,66,96455,69,300536
7670,0.001593,74.125.24.0-255,1484,97939,69,300536
7671,0.001598,74.125.24.0-255,4320,102259,69,300536
7672,0.0016,172.31.40.0-255,66,102325,69,300536
7673,0.001616,74.125.24.0-255,1484,103809,69,300536
7674,0.001621,74.125.24.0-255,5738,109547,69,300536
7675,0.001624,172.31.40.0-255,66,109613,69,300536
7676,0.001656,74.125.24.0-255,7156,116769,69,300536
7677,0.001659,172.31.40.0-255,66,116835,69,300536
7678,0.001672,172.31.40.0-255,66,116901,69,300536
7679,0.001674,74.125.24.0-255,766,117667,69,300536
7680,0.002269,74.125.24.0-255,1484,119151,69,300536
7681,0.002272,172.31.40.0-255,66,119217,69,300536
7682,0.002278,74.125.24.0-255,2902,122119,69,300536
7683,0.002281,172.31.40.0-255,66,122185,69,300536
7684,0.002283,74.125.24.0-255,1484,123669,69,300536
7685,0.002297,74.125.24.0-255,4320,127989,69,300536
7686,0.002527,74.125.24.0-255,1484,129473,69,300536
7687,0.002544,74.125.24.0-255,2902,132375,69,300536
7688,0.00256,74.125.24.0-255,5738,138113,69,300536
7689,0.002567,74.125.24.0-255,5738,143851,69,300536
7690,0.002581,74.125.24.0-255,1484,145335,69,300536
7691,0.002611,74.125.24.0-255,2902,148237,69,300536
7692,0.002614,74.125.24.0-255,1484,149721,69,300536
7693,0.002632,74.125.24.0-255,3602,153323,69,300536
7694,0.003831,172.31.40.0-255,66,153389,69,300536
7695,0.006399,74.125.24.0-255,5738,159127,69,300536
7696,0.006406,172.31.40.0-255,66,159193,69,300536
7697,0.008989,74.125.24.0-255,5738,164931,69,300536
7698,0.008997,172.31.40.0-255,66,164997,69,300536
7699,0.011605,74.125.24.0-255,5738,170735,69,300536
7700,0.011613,172.31.40.0-255,66,170801,69,300536
7701,0.014204,74.125.24.0-255,5738,176539,69,300536
7702,0.014214,172.31.40.0-255,66,176605,69,300536
7703,0.016801,74.125.24.0-255,5738,182343,69,300536
7704,0.01681,172.31.40.0-255,66,182409,69,300536
7705,0.019378,74.125.24.0-255,5738,188147,69,300536
7706,0.019385,172.31.40.0-255,66,188213,69,300536
7707,0.021977,74.125.24.0-255,5738,193951,69,300536
7708,0.021984,172.31.40.0-255,66,194017,69,300536
7709,0.024557,74.125.24.0-255,5738,199755,69,300536
7710,0.024565,172.31.40.0-255,66,199821,69,300536
7711,0.027165,74.125.24.0-255,5738,205559,69,300536
7712,0.027172,172.31.40.0-255,66,205625,69,300536
7713,0.029754,74.125.24.0-255,5738,211363,69,300536
7714,0.029762,172.31.40.0-255,66,211429,69,300536
7715,0.032322,172.31.40.0-255,172,211601,69,300536
7716,0.032351,74.125.24.0-255,5738,217339,69,300536
7717,0.032357,172.31.40.0-255,66,217405,69,300536
7718,0.032366,172.31.40.0-255,1114,218519,69,300536
7719,0.032483,172.31.40.0-255,563,219082,69,300536
7720,0.033865,104.244.42.0-255,66,219148,69,300536
7721,0.033968,104.244.42.0-255,66,219214,69,300536
7722,0.034022,104.244.42.0-255,66,219280,69,300536
7723,0.034938,74.125.24.0-255,5738,225018,69,300536
7724,0.034957,172.31.40.0-255,66,225084,69,300536
7725,0.037556,74.125.24.0-255,5738,230822,69,300536
7726,0.037563,172.31.40.0-255,66,230888,69,300536
7727,0.040133,74.125.24.0-255,5738,236626,69,300536
7728,0.040139,172.31.40.0-255,66,236692,69,300536
7729,0.042728,74.125.24.0-255,5738,242430,69,300536
7730,0.042736,172.31.40.0-255,66,242496,69,300536
7731,0.04533,74.125.24.0-255,5738,248234,69,300536
7732,0.045336,172.31.40.0-255,66,248300,69,300536
7733,0.047941,74.125.24.0-255,5738,254038,69,300536
7734,0.047948,172.31.40.0-255,66,254104,69,300536
7735,0.050532,74.125.24.0-255,5738,259842,69,300536
7736,0.050539,172.31.40.0-255,66,259908,69,300536
7737,0.05314,74.125.24.0-255,5738,265646,69,300536
7738,0.053146,172.31.40.0-255,66,265712,69,300536
7739,0.05574,74.125.24.0-255,5738,271450,69,300536
7740,0.055747,172.31.40.0-255,66,271516,69,300536
7741,0.058358,74.125.24.0-255,5738,277254,69,300536
7742,0.058365,172.31.40.0-255,66,277320,69,300536
7743,0.060947,74.125.24.0-255,5738,283058,69,300536
7744,0.060952,172.31.40.0-255,66,283124,69,300536
7745,0.063584,74.125.24.0-255,5738,288862,69,300536
7746,0.063592,172.31.40.0-255,66,288928,69,300536
7747,0.0662,74.125.24.0-255,5738,294666,69,300536
7748,0.066206,172.31.40.0-255,66,294732,69,300536
7749,0.068808,74.125.24.0-255,5738,300470,69,300536
7750,0.068815,172.31.40.0-255,66,300536,69,300536
7751,0.0,74.125.200.0-255,153,153,69,249550
7752,1.5e-05,172.31.40.0-255,66,219,69,249550
7753,2.2e-05,74.125.200.0-255,1484,1703,69,249550
7754,2.6e-05,172.31.40.0-255,66,1769,69,249550
7755,5.4e-05,74.125.200.0-255,2902,4671,69,249550
7756,5.7e-05,172.31.40.0-255,66,4737,69,249550
7757,6.3e-05,74.125.200.0-255,5738,10475,69,249550
7758,6.6e-05,172.31.40.0-255,66,10541,69,249550
7759,0.000109,74.125.200.0-255,2902,13443,69,249550
7760,0.000112,172.31.40.0-255,66,13509,69,249550
7761,0.000126,74.125.200.0-255,658,14167,69,249550
7762,0.000128,172.31.40.0-255,66,14233,69,249550
7763,0.00044,74.125.200.0-255,1484,15717,69,249550
7764,0.000446,172.31.40.0-255,66,15783,69,249550
7765,0.000454,74.125.200.0-255,2902,18685,69,249550
7766,0.000456,172.31.40.0-255,66,18751,69,249550
7767,0.000483,74.125.200.0-255,5738,24489,69,249550
7768,0.000485,172.31.40.0-255,66,24555,69,249550
7769,0.000521,74.125.200.0-255,1484,26039,69,249550
7770,0.000524,172.31.40.0-255,66,26105,69,249550
7771,0.000548,74.125.200.0-255,4320,30425,69,249550
7772,0.000551,172.31.40.0-255,66,30491,69,249550
7773,0.000581,74.125.200.0-255,1125,31616,69,249550
7774,0.000583,172.31.40.0-255,66,31682,69,249550
7775,0.000746,74.125.200.0-255,1484,33166,69,249550
7776,0.00075,172.31.40.0-255,66,33232,69,249550
7777,0.000756,74.125.200.0-255,2902,36134,69,249550
7778,0.000759,172.31.40.0-255,66,36200,69,249550
7779,0.00079,74.125.200.0-255,5738,41938,69,249550
7780,0.000794,172.31.40.0-255,66,42004,69,249550
7781,0.000814,74.125.200.0-255,4320,46324,69,249550
7782,0.000817,172.31.40.0-255,66,46390,69,249550
7783,0.000838,74.125.200.0-255,3961,50351,69,249550
7784,0.000891,74.125.200.0-255,4320,54671,69,249550
7785,0.000908,74.125.200.0-255,4320,58991,69,249550
7786,0.000979,74.125.200.0-255,4320,63311,69,249550
7787,0.000997,74.125.200.0-255,2543,65854,69,249550
7788,0.001484,74.125.200.0-255,394,66248,69,249550
7789,0.001536,74.125.200.0-255,348,66596,69,249550
7790,0.002027,74.125.200.0-255,1484,68080,69,249550
7791,0.002041,74.125.200.0-255,2902,70982,69,249550
7792,0.002062,74.125.200.0-255,5738,76720,69,249550
7793,0.002111,74.125.200.0-255,2902,79622,69,249550
7794,0.00213,74.125.200.0-255,4320,83942,69,249550
7795,0.002186,74.125.200.0-255,5738,89680,69,249550
7796,0.002201,74.125.200.0-255,5738,95418,69,249550
7797,0.002218,74.125.200.0-255,1484,96902,69,249550
7798,0.002301,74.125.200.0-255,1484,98386,69,249550
7799,0.002315,74.125.200.0-255,2184,100570,69,249550
7800,0.003477,172.31.40.0-255,66,100636,69,249550
7801,0.006228,74.125.200.0-255,5738,106374,69,249550
7802,0.006235,172.31.40.0-255,66,106440,69,249550
7803,0.008965,74.125.200.0-255,2902,109342,69,249550
7804,0.008972,172.31.40.0-255,66,109408,69,249550
7805,0.008992,74.125.200.0-255,2902,112310,69,249550
7806,0.009006,172.31.40.0-255,66,112376,69,249550
7807,0.011687,74.125.200.0-255,2902,115278,69,249550
7808,0.011695,172.31.40.0-255,66,115344,69,249550
7809,0.011717,74.125.200.0-255,2902,118246,69,249550
7810,0.011751,172.31.40.0-255,66,118312,69,249550
7811,0.014424,74.125.200.0-255,2902,121214,69,249550
7812,0.014435,172.31.40.0-255,66,121280,69,249550
7813,0.014463,74.125.200.0-255,2902,124182,69,249550
7814,0.014493,172.31.40.0-255,66,124248,69,249550
7815,0.017162,74.125.200.0-255,2902,127150,69,249550
7816,0.017169,172.31.40.0-255,66,127216,69,249550
7817,0.017204,74.125.200.0-255,1484,128700,69,249550
7818,0.017217,74.125.200.0-255,1484,130184,69,249550
7819,0.017829,172.31.40.0-255,66,130250,69,249550
7820,0.019896,74.125.200.0-255,2902,133152,69,249550
7821,0.019904,172.31.40.0-255,66,133218,69,249550
7822,0.020544,74.125.200.0-255,2902,136120,69,249550
7823,0.02055,172.31.40.0-255,66,136186,69,249550
7824,0.022629,74.125.200.0-255,2902,139088,69,249550
7825,0.022636,172.31.40.0-255,66,139154,69,249550
7826,0.023278,74.125.200.0-255,2902,142056,69,249550
7827,0.023284,172.31.40.0-255,66,142122,69,249550
7828,0.025364,74.125.200.0-255,2902,145024,69,249550
7829,0.02537,172.31.40.0-255,66,145090,69,249550
7830,0.026003,74.125.200.0-255,2902,147992,69,249550
7831,0.026009,172.31.40.0-255,66,148058,69,249550
7832,0.028089,74.125.200.0-255,2902,150960,69,249550
7833,0.028097,172.31.40.0-255,66,151026,69,249550
7834,0.028729,74.125.200.0-255,2902,153928,69,249550
7835,0.028736,172.31.40.0-255,66,153994,69,249550
7836,0.029461,172.31.40.0-255,172,154166,69,249550
7837,0.02949,172.31.40.0-255,1116,155282,69,249550
7838,0.02954,172.31.40.0-255,1514,156796,69,249550
7839,0.029542,172.31.40.0-255,1514,158310,69,249550
7840,0.029546,172.31.40.0-255,1514,159824,69,249550
7841,0.029548,172.31.40.0-255,1514,161338,69,249550
7842,0.029565,172.31.40.0-255,1499,162837,69,249550
7843,0.030814,74.125.200.0-255,2902,165739,69,249550
7844,0.030821,172.31.40.0-255,66,165805,69,249550
7845,0.031177,104.244.42.0-255,66,165871,69,249550
7846,0.031201,104.244.42.0-255,66,165937,69,249550
7847,0.031299,104.244.42.0-255,66,166003,69,249550
7848,0.031461,74.125.200.0-255,2902,168905,69,249550
7849,0.031466,172.31.40.0-255,66,168971,69,249550
7850,0.033556,74.125.200.0-255,2902,171873,69,249550
7851,0.033563,172.31.40.0-255,66,171939,69,249550
7852,0.034185,74.125.200.0-255,2902,174841,69,249550
7853,0.034192,172.31.40.0-255,66,174907,69,249550
7854,0.036293,74.125.200.0-255,2902,177809,69,249550
7855,0.0363,172.31.40.0-255,66,177875,69,249550
7856,0.036921,74.125.200.0-255,2902,180777,69,249550
7857,0.036928,172.31.40.0-255,66,180843,69,249550
7858,0.039029,74.125.200.0-255,2902,183745,69,249550
7859,0.039036,172.31.40.0-255,66,183811,69,249550
7860,0.039656,74.125.200.0-255,2902,186713,69,249550
7861,0.039664,172.31.40.0-255,66,186779,69,249550
7862,0.04176,74.125.200.0-255,2902,189681,69,249550
7863,0.041769,172.31.40.0-255,66,189747,69,249550
7864,0.042216,172.31.40.0-255,105,189852,69,249550
7865,0.042393,74.125.200.0-255,2902,192754,69,249550
7866,0.042399,172.31.40.0-255,66,192820,69,249550
7867,0.044115,157.240.7.0-255,105,192925,69,249550
7868,0.044125,172.31.40.0-255,66,192991,69,249550
7869,0.044498,74.125.200.0-255,2902,195893,69,249550
7870,0.044503,172.31.40.0-255,66,195959,69,249550
7871,0.045138,74.125.200.0-255,2902,198861,69,249550
7872,0.045146,172.31.40.0-255,66,198927,69,249550
7873,0.047221,74.125.200.0-255,2902,201829,69,249550
7874,0.047228,172.31.40.0-255,66,201895,69,249550
7875,0.047872,74.125.200.0-255,2902,204797,69,249550
7876,0.04788,172.31.40.0-255,66,204863,69,249550
7877,0.04996,74.125.200.0-255,2902,207765,69,249550
7878,0.049967,172.31.40.0-255,66,207831,69,249550
7879,0.050607,74.125.200.0-255,2902,210733,69,249550
7880,0.050614,172.31.40.0-255,66,210799,69,249550
7881,0.052684,74.125.200.0-255,2902,213701,69,249550
7882,0.05269,172.31.40.0-255,66,213767,69,249550
7883,0.053334,74.125.200.0-255,2902,216669,69,249550
7884,0.053972,172.31.40.0-255,66,216735,69,249550
7885,0.054059,172.31.40.0-255,101,216836,69,249550
7886,0.055435,74.125.200.0-255,2902,219738,69,249550
7887,0.055442,172.31.40.0-255,66,219804,69,249550
7888,0.056736,74.125.200.0-255,2902,222706,69,249550
7889,0.056743,172.31.40.0-255,66,222772,69,249550
7890,0.056747,74.125.200.0-255,66,222838,69,249550
7891,0.058168,74.125.200.0-255,2902,225740,69,249550
7892,0.058175,172.31.40.0-255,66,225806,69,249550
7893,0.059484,74.125.200.0-255,2902,228708,69,249550
7894,0.05949,172.31.40.0-255,66,228774,69,249550
7895,0.060903,74.125.200.0-255,2902,231676,69,249550
7896,0.06091,172.31.40.0-255,66,231742,69,249550
7897,0.062223,74.125.200.0-255,2902,234644,69,249550
7898,0.062229,172.31.40.0-255,66,234710,69,249550
7899,0.063645,74.125.200.0-255,2902,237612,69,249550
7900,0.063652,172.31.40.0-255,66,237678,69,249550
7901,0.064964,74.125.200.0-255,2902,240580,69,249550
7902,0.064971,172.31.40.0-255,66,240646,69,249550
7903,0.066395,74.125.200.0-255,2902,243548,69,249550
7904,0.0664,172.31.40.0-255,66,243614,69,249550
7905,0.067721,74.125.200.0-255,2902,246516,69,249550
7906,0.067728,172.31.40.0-255,66,246582,69,249550
7907,0.069143,74.125.200.0-255,2902,249484,69,249550
7908,0.06915,172.31.40.0-255,66,249550,69,249550
7909,0.0,172.31.40.0-255,105,105,69,276
7910,0.067486,31.13.82.0-255,105,210,69,276
7911,0.067508,172.31.40.0-255,66,276,69,276
7912,0.0,74.125.200.0-255,152,152,69,369063
7913,2e-05,172.31.40.0-255,66,218,69,369063
7914,2.7e-05,74.125.200.0-255,1484,1702,69,369063
7915,3.1e-05,172.31.40.0-255,66,1768,69,369063
7916,3.8e-05,74.125.200.0-255,2902,4670,69,369063
7917,4.1e-05,172.31.40.0-255,66,4736,69,369063
7918,7.4e-05,74.125.200.0-255,7156,11892,69,369063
7919,7.6e-05,172.31.40.0-255,66,11958,69,369063
7920,8e-05,74.125.200.0-255,2055,14013,69,369063
7921,8.2e-05,172.31.40.0-255,66,14079,69,369063
7922,0.000118,74.125.200.0-255,2902,16981,69,369063
7923,0.000121,172.31.40.0-255,66,17047,69,369063
7924,0.000143,74.125.200.0-255,4320,21367,69,369063
7925,0.000145,172.31.40.0-255,66,21433,69,369063
7926,0.000148,74.125.200.0-255,1484,22917,69,369063
7927,0.000151,172.31.40.0-255,66,22983,69,369063
7928,0.000174,74.125.200.0-255,7156,30139,69,369063
7929,0.000176,172.31.40.0-255,66,30205,69,369063
7930,0.00018,74.125.200.0-255,1125,31330,69,369063
7931,0.000182,172.31.40.0-255,66,31396,69,369063
7932,0.000319,74.125.200.0-255,1484,32880,69,369063
7933,0.000322,172.31.40.0-255,66,32946,69,369063
7934,0.000328,74.125.200.0-255,2902,35848,69,369063
7935,0.000331,172.31.40.0-255,66,35914,69,369063
7936,0.000342,74.125.200.0-255,2902,38816,69,369063
7937,0.000344,172.31.40.0-255,66,38882,69,369063
7938,0.000367,74.125.200.0-255,2902,41784,69,369063
7939,0.00037,172.31.40.0-255,66,41850,69,369063
7940,0.000375,74.125.200.0-255,4320,46170,69,369063
7941,0.000376,172.31.40.0-255,66,46236,69,369063
7942,0.0004,74.125.200.0-255,4320,50556,69,369063
7943,0.000402,172.31.40.0-255,66,50622,69,369063
7944,0.000418,74.125.200.0-255,1125,51747,69,369063
7945,0.000422,74.125.200.0-255,1484,53231,69,369063
7946,0.000424,172.31.40.0-255,66,53297,69,369063
7947,0.000452,172.31.40.0-255,66,53363,69,369063
7948,0.000475,74.125.200.0-255,4315,57678,69,369063
7949,0.000477,172.31.40.0-255,66,57744,69,369063
7950,0.000494,74.125.200.0-255,332,58076,69,369063
7951,0.000788,74.125.200.0-255,1484,59560,69,369063
7952,0.000792,172.31.40.0-255,66,59626,69,369063
7953,0.000797,74.125.200.0-255,2902,62528,69,369063
7954,0.000799,172.31.40.0-255,66,62594,69,369063
7955,0.00081,74.125.200.0-255,1484,64078,69,369063
7956,0.000819,74.125.200.0-255,1484,65562,69,369063
7957,0.000821,172.31.40.0-255,66,65628,69,369063
7958,0.000834,74.125.200.0-255,2902,68530,69,369063
7959,0.000836,172.31.40.0-255,66,68596,69,369063
7960,0.000839,74.125.200.0-255,1484,70080,69,369063
7961,0.000841,74.125.200.0-255,1484,71564,69,369063
7962,0.000843,172.31.40.0-255,66,71630,69,369063
7963,0.000871,74.125.200.0-255,7156,78786,69,369063
7964,0.000873,172.31.40.0-255,66,78852,69,369063
7965,0.000903,172.31.40.0-255,66,78918,69,369063
7966,0.001064,74.125.200.0-255,1484,80402,69,369063
7967,0.001068,74.125.200.0-255,1484,81886,69,369063
7968,0.001071,172.31.40.0-255,66,81952,69,369063
7969,0.001091,74.125.200.0-255,1484,83436,69,369063
7970,0.001096,74.125.200.0-255,4320,87756,69,369063
7971,0.001098,172.31.40.0-255,66,87822,69,369063
7972,0.001119,74.125.200.0-255,5738,93560,69,369063
7973,0.001121,172.31.40.0-255,66,93626,69,369063
7974,0.001135,74.125.200.0-255,2902,96528,69,369063
7975,0.001138,172.31.40.0-255,66,96594,69,369063
7976,0.001143,74.125.200.0-255,5738,102332,69,369063
7977,0.001145,172.31.40.0-255,66,102398,69,369063
7978,0.001149,74.125.200.0-255,2902,105300,69,369063
7979,0.001151,172.31.40.0-255,66,105366,69,369063
7980,0.001173,74.125.200.0-255,4320,109686,69,369063
7981,0.001176,172.31.40.0-255,66,109752,69,369063
7982,0.001219,74.125.200.0-255,3602,113354,69,369063
7983,0.001222,172.31.40.0-255,66,113420,69,369063
7984,0.001239,74.125.200.0-255,1484,114904,69,369063
7985,0.00126,74.125.200.0-255,2902,117806,69,369063
7986,0.001264,172.31.40.0-255,66,117872,69,369063
7987,0.00129,74.125.200.0-255,5738,123610,69,369063
7988,0.001293,172.31.40.0-255,66,123676,69,369063
7989,0.001315,74.125.200.0-255,5738,129414,69,369063
7990,0.001319,172.31.40.0-255,66,129480,69,369063
7991,0.001333,74.125.200.0-255,1484,130964,69,369063
7992,0.001339,74.125.200.0-255,4320,135284,69,369063
7993,0.001342,172.31.40.0-255,66,135350,69,369063
7994,0.001363,74.125.200.0-255,1484,136834,69,369063
7995,0.001369,74.125.200.0-255,4320,141154,69,369063
7996,0.001372,172.31.40.0-255,66,141220,69,369063
7997,0.001393,74.125.200.0-255,2902,144122,69,369063
7998,0.001396,172.31.40.0-255,66,144188,69,369063
7999,0.0014,74.125.200.0-255,2902,147090,69,369063
8000,0.001402,172.31.40.0-255,66,147156,69,369063
8001,0.001415,74.125.200.0-255,766,147922,69,369063
8002,0.002035,172.31.40.0-255,66,147988,69,369063
8003,0.002168,74.125.200.0-255,1484,149472,69,369063
8004,0.002177,74.125.200.0-255,2902,152374,69,369063
8005,0.002181,172.31.40.0-255,66,152440,69,369063
8006,0.002185,74.125.200.0-255,1484,153924,69,369063
8007,0.002202,74.125.200.0-255,2902,156826,69,369063
8008,0.002204,172.31.40.0-255,66,156892,69,369063
8009,0.002207,74.125.200.0-255,1484,158376,69,369063
8010,0.002223,74.125.200.0-255,4320,162696,69,369063
8011,0.002225,172.31.40.0-255,66,162762,69,369063
8012,0.002245,74.125.200.0-255,5738,168500,69,369063
8013,0.002247,172.31.40.0-255,66,168566,69,369063
8014,0.002276,74.125.200.0-255,4320,172886,69,369063
8015,0.002278,172.31.40.0-255,66,172952,69,369063
8016,0.002297,74.125.200.0-255,5738,178690,69,369063
8017,0.002299,172.31.40.0-255,66,178756,69,369063
8018,0.002321,74.125.200.0-255,3602,182358,69,369063
8019,0.002324,172.31.40.0-255,66,182424,69,369063
8020,0.002378,74.125.200.0-255,1484,183908,69,369063
8021,0.002394,74.125.200.0-255,1484,185392,69,369063
8022,0.002397,172.31.40.0-255,66,185458,69,369063
8023,0.002402,74.125.200.0-255,2902,188360,69,369063
8024,0.002404,172.31.40.0-255,66,188426,69,369063
8025,0.002424,74.125.200.0-255,2902,191328,69,369063
8026,0.002426,172.31.40.0-255,66,191394,69,369063
8027,0.002445,74.125.200.0-255,5738,197132,69,369063
8028,0.002447,172.31.40.0-255,66,197198,69,369063
8029,0.002464,74.125.200.0-255,1484,198682,69,369063
8030,0.00249,74.125.200.0-255,7156,205838,69,369063
8031,0.002493,172.31.40.0-255,66,205904,69,369063
8032,0.002498,74.125.200.0-255,2902,208806,69,369063
8033,0.0025,172.31.40.0-255,66,208872,69,369063
8034,0.002503,74.125.200.0-255,1484,210356,69,369063
8035,0.002506,74.125.200.0-255,1484,211840,69,369063
8036,0.002508,172.31.40.0-255,66,211906,69,369063
8037,0.00253,74.125.200.0-255,5020,216926,69,369063
8038,0.002533,172.31.40.0-255,66,216992,69,369063
8039,0.002539,74.125.200.0-255,5738,222730,69,369063
8040,0.002541,172.31.40.0-255,66,222796,69,369063
8041,0.002544,74.125.200.0-255,1484,224280,69,369063
8042,0.002565,74.125.200.0-255,1484,225764,69,369063
8043,0.002567,172.31.40.0-255,66,225830,69,369063
8044,0.002604,74.125.200.0-255,1484,227314,69,369063
8045,0.002614,74.125.200.0-255,5738,233052,69,369063
8046,0.002617,172.31.40.0-255,66,233118,69,369063
8047,0.002623,74.125.200.0-255,4320,237438,69,369063
8048,0.002625,172.31.40.0-255,66,237504,69,369063
8049,0.002631,74.125.200.0-255,5738,243242,69,369063
8050,0.002633,172.31.40.0-255,66,243308,69,369063
8051,0.002668,172.31.40.0-255,66,243374,69,369063
8052,0.002723,74.125.200.0-255,1484,244858,69,369063
8053,0.00273,74.125.200.0-255,2902,247760,69,369063
8054,0.002733,172.31.40.0-255,66,247826,69,369063
8055,0.002754,74.125.200.0-255,2902,250728,69,369063
8056,0.002757,172.31.40.0-255,66,250794,69,369063
8057,0.002761,74.125.200.0-255,1484,252278,69,369063
8058,0.002781,74.125.200.0-255,2902,255180,69,369063
8059,0.002784,172.31.40.0-255,66,255246,69,369063
8060,0.002787,74.125.200.0-255,1484,256730,69,369063
8061,0.002802,74.125.200.0-255,1484,258214,69,369063
8062,0.002804,172.31.40.0-255,66,258280,69,369063
8063,0.002822,74.125.200.0-255,1484,259764,69,369063
8064,0.00286,74.125.200.0-255,4320,264084,69,369063
8065,0.002865,172.31.40.0-255,66,264150,69,369063
8066,0.002868,74.125.200.0-255,1484,265634,69,369063
8067,0.002873,74.125.200.0-255,2902,268536,69,369063
8068,0.002876,172.31.40.0-255,66,268602,69,369063
8069,0.00288,74.125.200.0-255,4320,272922,69,369063
8070,0.002883,172.31.40.0-255,66,272988,69,369063
8071,0.002889,74.125.200.0-255,5020,278008,69,369063
8072,0.002891,172.31.40.0-255,66,278074,69,369063
8073,0.002955,74.125.200.0-255,1484,279558,69,369063
8074,0.002969,74.125.200.0-255,2902,282460,69,369063
8075,0.002972,172.31.40.0-255,66,282526,69,369063
8076,0.002976,74.125.200.0-255,1484,284010,69,369063
8077,0.002995,74.125.200.0-255,4320,288330,69,369063
8078,0.00303,74.125.200.0-255,4320,292650,69,369063
8079,0.003044,74.125.200.0-255,2902,295552,69,369063
8080,0.003112,74.125.200.0-255,4320,299872,69,369063
8081,0.003129,74.125.200.0-255,7156,307028,69,369063
8082,0.003167,74.125.200.0-255,2902,309930,69,369063
8083,0.00317,74.125.200.0-255,766,310696,69,369063
8084,0.003204,74.125.200.0-255,5738,316434,69,369063
8085,0.003207,74.125.200.0-255,1484,317918,69,369063
8086,0.003217,74.125.200.0-255,1484,319402,69,369063
8087,0.003246,74.125.200.0-255,4320,323722,69,369063
8088,0.003267,74.125.200.0-255,7156,330878,69,369063
8089,0.003284,74.125.200.0-255,7156,338034,69,369063
8090,0.003306,74.125.200.0-255,5738,343772,69,369063
8091,0.00331,74.125.200.0-255,2184,345956,69,369063
8092,0.003323,74.125.200.0-255,2902,348858,69,369063
8093,0.003348,74.125.200.0-255,7156,356014,69,369063
8094,0.003362,74.125.200.0-255,3664,359678,69,369063
8095,0.003411,74.125.200.0-255,105,359783,69,369063
8096,0.006001,172.31.40.0-255,66,359849,69,369063
8097,0.007747,172.31.40.0-255,105,359954,69,369063
8098,0.010088,74.125.200.0-255,66,360020,69,369063
8099,0.036591,172.31.40.0-255,172,360192,69,369063
8100,0.036626,172.31.40.0-255,1116,361308,69,369063
8101,0.036711,172.31.40.0-255,1514,362822,69,369063
8102,0.036714,172.31.40.0-255,1514,364336,69,369063
8103,0.036715,172.31.40.0-255,1514,365850,69,369063
8104,0.036716,172.31.40.0-255,1514,367364,69,369063
8105,0.036746,172.31.40.0-255,1501,368865,69,369063
8106,0.038194,104.244.42.0-255,66,368931,69,369063
8107,0.038225,104.244.42.0-255,66,368997,69,369063
8108,0.038368,104.244.42.0-255,66,369063,69,369063
8109,0.0,74.125.24.0-255,150,150,69,261569
8110,2.4e-05,172.31.40.0-255,66,216,69,261569
8111,3.1e-05,74.125.24.0-255,1484,1700,69,261569
8112,3.5e-05,172.31.40.0-255,66,1766,69,261569
8113,4.1e-05,74.125.24.0-255,2902,4668,69,261569
8114,4.4e-05,172.31.40.0-255,66,4734,69,261569
8115,5.3e-05,74.125.24.0-255,7156,11890,69,261569
8116,5.6e-05,172.31.40.0-255,66,11956,69,261569
8117,6.7e-05,172.31.40.0-255,66,12022,69,261569
8118,0.000107,172.31.40.0-255,66,12088,69,261569
8119,0.000144,74.125.24.0-255,1484,13572,69,261569
8120,0.000146,172.31.40.0-255,66,13638,69,261569
8121,0.000167,74.125.24.0-255,2902,16540,69,261569
8122,0.000169,172.31.40.0-255,66,16606,69,261569
8123,0.000175,74.125.24.0-255,5738,22344,69,261569
8124,0.000177,172.31.40.0-255,66,22410,69,261569
8125,0.000197,172.31.40.0-255,66,22476,69,261569
8126,0.000244,172.31.40.0-255,66,22542,69,261569
8127,0.000478,74.125.24.0-255,132,22674,69,261569
8128,0.000484,172.31.40.0-255,66,22740,69,261569
8129,0.000586,74.125.24.0-255,1484,24224,69,261569
8130,0.00059,172.31.40.0-255,66,24290,69,261569
8131,0.000596,74.125.24.0-255,2902,27192,69,261569
8132,0.000598,172.31.40.0-255,66,27258,69,261569
8133,0.00061,74.125.24.0-255,1484,28742,69,261569
8134,0.000612,172.31.40.0-255,66,28808,69,261569
8135,0.000635,74.125.24.0-255,4320,33128,69,261569
8136,0.000639,172.31.40.0-255,66,33194,69,261569
8137,0.000659,74.125.24.0-255,6797,39991,69,261569
8138,0.000662,172.31.40.0-255,66,40057,69,261569
8139,0.000669,74.125.24.0-255,7156,47213,69,261569
8140,0.000671,172.31.40.0-255,66,47279,69,261569
8141,0.000702,74.125.24.0-255,4320,51599,69,261569
8142,0.000705,172.31.40.0-255,66,51665,69,261569
8143,0.000728,74.125.24.0-255,5379,57044,69,261569
8144,0.000733,172.31.40.0-255,66,57110,69,261569
8145,0.001978,74.125.24.0-255,1484,58594,69,261569
8146,0.00199,74.125.24.0-255,2902,61496,69,261569
8147,0.001995,172.31.40.0-255,66,61562,69,261569
8148,0.002004,74.125.24.0-255,5738,67300,69,261569
8149,0.002006,172.31.40.0-255,66,67366,69,261569
8150,0.002034,172.31.40.0-255,66,67432,69,261569
8151,0.002077,74.125.24.0-255,4320,71752,69,261569
8152,0.002079,172.31.40.0-255,66,71818,69,261569
8153,0.002104,74.125.24.0-255,6438,78256,69,261569
8154,0.002107,172.31.40.0-255,66,78322,69,261569
8155,0.004378,74.125.24.0-255,5738,84060,69,261569
8156,0.004381,172.31.40.0-255,66,84126,69,261569
8157,0.006641,74.125.24.0-255,5738,89864,69,261569
8158,0.006646,172.31.40.0-255,66,89930,69,261569
8159,0.008877,74.125.24.0-255,5738,95668,69,261569
8160,0.008888,172.31.40.0-255,66,95734,69,261569
8161,0.011113,74.125.24.0-255,5738,101472,69,261569
8162,0.011128,172.31.40.0-255,66,101538,69,261569
8163,0.013351,74.125.24.0-255,5738,107276,69,261569
8164,0.013363,172.31.40.0-255,66,107342,69,261569
8165,0.015625,74.125.24.0-255,5738,113080,69,261569
8166,0.015639,172.31.40.0-255,66,113146,69,261569
8167,0.017866,74.125.24.0-255,5738,118884,69,261569
8168,0.017877,172.31.40.0-255,66,118950,69,261569
8169,0.020089,74.125.24.0-255,5738,124688,69,261569
8170,0.020098,172.31.40.0-255,66,124754,69,261569
8171,0.022337,74.125.24.0-255,5738,130492,69,261569
8172,0.022345,172.31.40.0-255,66,130558,69,261569
8173,0.024608,74.125.24.0-255,5738,136296,69,261569
8174,0.024618,172.31.40.0-255,66,136362,69,261569
8175,0.026853,74.125.24.0-255,5738,142100,69,261569
8176,0.026866,172.31.40.0-255,66,142166,69,261569
8177,0.029097,74.125.24.0-255,5738,147904,69,261569
8178,0.029109,172.31.40.0-255,66,147970,69,261569
8179,0.031326,74.125.24.0-255,5738,153708,69,261569
8180,0.031335,172.31.40.0-255,66,153774,69,261569
8181,0.032585,172.31.40.0-255,192,153966,69,261569
8182,0.032617,172.31.40.0-255,1116,155082,69,261569
8183,0.032692,172.31.40.0-255,1514,156596,69,261569
8184,0.032694,172.31.40.0-255,1514,158110,69,261569
8185,0.032699,172.31.40.0-255,1514,159624,69,261569
8186,0.032701,172.31.40.0-255,1514,161138,69,261569
8187,0.03272,172.31.40.0-255,1499,162637,69,261569
8188,0.033568,74.125.24.0-255,5738,168375,69,261569
8189,0.033576,172.31.40.0-255,66,168441,69,261569
8190,0.034169,104.244.42.0-255,66,168507,69,261569
8191,0.034178,104.244.42.0-255,66,168573,69,261569
8192,0.034298,104.244.42.0-255,66,168639,69,261569
8193,0.034339,104.244.42.0-255,66,168705,69,261569
8194,0.035807,74.125.24.0-255,5738,174443,69,261569
8195,0.035815,172.31.40.0-255,66,174509,69,261569
8196,0.038035,74.125.24.0-255,5738,180247,69,261569
8197,0.038043,172.31.40.0-255,66,180313,69,261569
8198,0.040281,74.125.24.0-255,5738,186051,69,261569
8199,0.040289,172.31.40.0-255,66,186117,69,261569
8200,0.042551,74.125.24.0-255,5738,191855,69,261569
8201,0.04256,172.31.40.0-255,66,191921,69,261569
8202,0.044787,74.125.24.0-255,5738,197659,69,261569
8203,0.044795,172.31.40.0-255,66,197725,69,261569
8204,0.047024,74.125.24.0-255,5738,203463,69,261569
8205,0.047031,172.31.40.0-255,66,203529,69,261569
8206,0.049267,74.125.24.0-255,5738,209267,69,261569
8207,0.049273,172.31.40.0-255,66,209333,69,261569
8208,0.051524,74.125.24.0-255,5738,215071,69,261569
8209,0.051531,172.31.40.0-255,66,215137,69,261569
8210,0.05379,74.125.24.0-255,5738,220875,69,261569
8211,0.053797,172.31.40.0-255,66,220941,69,261569
8212,0.056023,74.125.24.0-255,5738,226679,69,261569
8213,0.05603,172.31.40.0-255,66,226745,69,261569
8214,0.058251,74.125.24.0-255,5738,232483,69,261569
8215,0.058258,172.31.40.0-255,66,232549,69,261569
8216,0.060478,74.125.24.0-255,5738,238287,69,261569
8217,0.060488,172.31.40.0-255,66,238353,69,261569
8218,0.062719,74.125.24.0-255,5738,244091,69,261569
8219,0.062727,172.31.40.0-255,66,244157,69,261569
8220,0.064963,74.125.24.0-255,5738,249895,69,261569
8221,0.064969,172.31.40.0-255,66,249961,69,261569
8222,0.067214,74.125.24.0-255,5738,255699,69,261569
8223,0.067222,172.31.40.0-255,66,255765,69,261569
8224,0.069478,74.125.24.0-255,5738,261503,69,261569
8225,0.069485,172.31.40.0-255,66,261569,69,261569
8226,0.0,74.125.24.0-255,152,152,69,304356
8227,1.3e-05,172.31.40.0-255,66,218,69,304356
8228,1.9e-05,74.125.24.0-255,1484,1702,69,304356
8229,2.3e-05,172.31.40.0-255,66,1768,69,304356
8230,2.8e-05,74.125.24.0-255,2902,4670,69,304356
8231,3.1e-05,172.31.40.0-255,66,4736,69,304356
8232,3.6e-05,74.125.24.0-255,4320,9056,69,304356
8233,3.9e-05,172.31.40.0-255,66,9122,69,304356
8234,6.1e-05,74.125.24.0-255,2902,12024,69,304356
8235,6.3e-05,172.31.40.0-255,66,12090,69,304356
8236,8.4e-05,74.125.24.0-255,4320,16410,69,304356
8237,8.6e-05,172.31.40.0-255,66,16476,69,304356
8238,0.000108,74.125.24.0-255,6344,22820,69,304356
8239,0.00011,172.31.40.0-255,66,22886,69,304356
8240,0.000122,74.125.24.0-255,4320,27206,69,304356
8241,0.000124,172.31.40.0-255,66,27272,69,304356
8242,0.000142,74.125.24.0-255,3961,31233,69,304356
8243,0.000144,172.31.40.0-255,66,31299,69,304356
8244,0.000191,74.125.24.0-255,1484,32783,69,304356
8245,0.000194,172.31.40.0-255,66,32849,69,304356
8246,0.000198,74.125.24.0-255,2902,35751,69,304356
8247,0.000201,172.31.40.0-255,66,35817,69,304356
8248,0.000213,74.125.24.0-255,1484,37301,69,304356
8249,0.000215,172.31.40.0-255,66,37367,69,304356
8250,0.00023,74.125.24.0-255,4320,41687,69,304356
8251,0.000232,172.31.40.0-255,66,41753,69,304356
8252,0.000237,74.125.24.0-255,4320,46073,69,304356
8253,0.000239,172.31.40.0-255,66,46139,69,304356
8254,0.00026,74.125.24.0-255,1484,47623,69,304356
8255,0.000262,172.31.40.0-255,66,47689,69,304356
8256,0.000265,74.125.24.0-255,1125,48814,69,304356
8257,0.000267,172.31.40.0-255,66,48880,69,304356
8258,0.000841,74.125.24.0-255,1484,50364,69,304356
8259,0.00085,74.125.24.0-255,2902,53266,69,304356
8260,0.000854,172.31.40.0-255,66,53332,69,304356
8261,0.000858,74.125.24.0-255,1484,54816,69,304356
8262,0.000878,74.125.24.0-255,4320,59136,69,304356
8263,0.000881,172.31.40.0-255,66,59202,69,304356
8264,0.000887,74.125.24.0-255,6797,65999,69,304356
8265,0.00089,172.31.40.0-255,66,66065,69,304356
8266,0.001638,74.125.24.0-255,1484,67549,69,304356
8267,0.001654,74.125.24.0-255,2902,70451,69,304356
8268,0.001658,172.31.40.0-255,66,70517,69,304356
8269,0.001676,74.125.24.0-255,4320,74837,69,304356
8270,0.001679,172.31.40.0-255,66,74903,69,304356
8271,0.001689,74.125.24.0-255,1484,76387,69,304356
8272,0.001695,74.125.24.0-255,5738,82125,69,304356
8273,0.001697,172.31.40.0-255,66,82191,69,304356
8274,0.001724,74.125.24.0-255,7156,89347,69,304356
8275,0.001727,172.31.40.0-255,66,89413,69,304356
8276,0.001731,74.125.24.0-255,4320,93733,69,304356
8277,0.001733,172.31.40.0-255,66,93799,69,304356
8278,0.001767,74.125.24.0-255,2902,96701,69,304356
8279,0.001769,172.31.40.0-255,66,96767,69,304356
8280,0.001789,74.125.24.0-255,3602,100369,69,304356
8281,0.001791,172.31.40.0-255,66,100435,69,304356
8282,0.002562,74.125.24.0-255,1484,101919,69,304356
8283,0.002582,74.125.24.0-255,1484,103403,69,304356
8284,0.002584,172.31.40.0-255,66,103469,69,304356
8285,0.002594,74.125.24.0-255,1484,104953,69,304356
8286,0.002608,74.125.24.0-255,5738,110691,69,304356
8287,0.00261,172.31.40.0-255,66,110757,69,304356
8288,0.002621,74.125.24.0-255,2902,113659,69,304356
8289,0.002623,172.31.40.0-255,66,113725,69,304356
8290,0.002635,74.125.24.0-255,4320,118045,69,304356
8291,0.002637,172.31.40.0-255,66,118111,69,304356
8292,0.002657,74.125.24.0-255,2902,121013,69,304356
8293,0.00266,172.31.40.0-255,66,121079,69,304356
8294,0.002671,74.125.24.0-255,1484,122563,69,304356
8295,0.002683,74.125.24.0-255,1484,124047,69,304356
8296,0.002684,172.31.40.0-255,66,124113,69,304356
8297,0.002688,74.125.24.0-255,2902,127015,69,304356
8298,0.00269,172.31.40.0-255,66,127081,69,304356
8299,0.002705,74.125.24.0-255,2902,129983,69,304356
8300,0.002707,172.31.40.0-255,66,130049,69,304356
8301,0.002725,74.125.24.0-255,5020,135069,69,304356
8302,0.002727,172.31.40.0-255,66,135135,69,304356
8303,0.00275,74.125.24.0-255,4320,139455,69,304356
8304,0.002752,172.31.40.0-255,66,139521,69,304356
8305,0.002757,74.125.24.0-255,4320,143841,69,304356
8306,0.002759,172.31.40.0-255,66,143907,69,304356
8307,0.00277,74.125.24.0-255,1484,145391,69,304356
8308,0.002772,74.125.24.0-255,1484,146875,69,304356
8309,0.002774,172.31.40.0-255,66,146941,69,304356
8310,0.002791,74.125.24.0-255,4320,151261,69,304356
8311,0.002793,172.31.40.0-255,66,151327,69,304356
8312,0.002817,74.125.24.0-255,5738,157065,69,304356
8313,0.002819,172.31.40.0-255,66,157131,69,304356
8314,0.002822,74.125.24.0-255,1484,158615,69,304356
8315,0.00559,74.125.24.0-255,4320,162935,69,304356
8316,0.005598,172.31.40.0-255,66,163001,69,304356
8317,0.008343,74.125.24.0-255,4320,167321,69,304356
8318,0.008352,172.31.40.0-255,66,167387,69,304356
8319,0.008365,74.125.24.0-255,1484,168871,69,304356
8320,0.01106,74.125.24.0-255,4320,173191,69,304356
8321,0.01107,172.31.40.0-255,66,173257,69,304356
8322,0.013806,74.125.24.0-255,5738,178995,69,304356
8323,0.013815,172.31.40.0-255,66,179061,69,304356
8324,0.016553,74.125.24.0-255,5738,184799,69,304356
8325,0.016564,172.31.40.0-255,66,184865,69,304356
8326,0.019285,74.125.24.0-255,5738,190603,69,304356
8327,0.019294,172.31.40.0-255,66,190669,69,304356
8328,0.022024,74.125.24.0-255,5738,196407,69,304356
8329,0.022033,172.31.40.0-255,66,196473,69,304356
8330,0.02475,74.125.24.0-255,5738,202211,69,304356
8331,0.024759,172.31.40.0-255,66,202277,69,304356
8332,0.026961,172.31.40.0-255,172,202449,69,304356
8333,0.026992,172.31.40.0-255,1116,203565,69,304356
8334,0.027067,172.31.40.0-255,1514,205079,69,304356
8335,0.027069,172.31.40.0-255,1514,206593,69,304356
8336,0.027071,172.31.40.0-255,1514,208107,69,304356
8337,0.027072,172.31.40.0-255,1514,209621,69,304356
8338,0.0271,172.31.40.0-255,1499,211120,69,304356
8339,0.027477,74.125.24.0-255,5738,216858,69,304356
8340,0.027483,172.31.40.0-255,66,216924,69,304356
8341,0.028627,104.244.42.0-255,66,216990,69,304356
8342,0.028682,104.244.42.0-255,66,217056,69,304356
8343,0.028837,104.244.42.0-255,66,217122,69,304356
8344,0.029617,104.244.42.0-255,108,217230,69,304356
8345,0.029625,172.31.40.0-255,66,217296,69,304356
8346,0.03019,74.125.24.0-255,5738,223034,69,304356
8347,0.030195,172.31.40.0-255,66,223100,69,304356
8348,0.032962,74.125.24.0-255,5738,228838,69,304356
8349,0.032968,172.31.40.0-255,66,228904,69,304356
8350,0.035722,74.125.24.0-255,5738,234642,69,304356
8351,0.035729,172.31.40.0-255,66,234708,69,304356
8352,0.038508,74.125.24.0-255,5738,240446,69,304356
8353,0.038515,172.31.40.0-255,66,240512,69,304356
8354,0.041317,74.125.24.0-255,5738,246250,69,304356
8355,0.041324,172.31.40.0-255,66,246316,69,304356
8356,0.044061,74.125.24.0-255,5738,252054,69,304356
8357,0.044068,172.31.40.0-255,66,252120,69,304356
8358,0.046809,74.125.24.0-255,5738,257858,69,304356
8359,0.046818,172.31.40.0-255,66,257924,69,304356
8360,0.049558,74.125.24.0-255,5738,263662,69,304356
8361,0.049565,172.31.40.0-255,66,263728,69,304356
8362,0.052327,74.125.24.0-255,5738,269466,69,304356
8363,0.052334,172.31.40.0-255,66,269532,69,304356
8364,0.055048,74.125.24.0-255,5738,275270,69,304356
8365,0.055055,172.31.40.0-255,66,275336,69,304356
8366,0.057782,74.125.24.0-255,5738,281074,69,304356
8367,0.057788,172.31.40.0-255,66,281140,69,304356
8368,0.060611,74.125.24.0-255,5738,286878,69,304356
8369,0.060618,172.31.40.0-255,66,286944,69,304356
8370,0.0634,74.125.24.0-255,5738,292682,69,304356
8371,0.063405,172.31.40.0-255,66,292748,69,304356
8372,0.066147,74.125.24.0-255,5738,298486,69,304356
8373,0.066154,172.31.40.0-255,66,298552,69,304356
8374,0.068881,74.125.24.0-255,5738,304290,69,304356
8375,0.068887,172.31.40.0-255,66,304356,69,304356
8376,0.0,74.125.200.0-255,153,153,69,368220
8377,1.9e-05,172.31.40.0-255,66,219,69,368220
8378,2.5e-05,74.125.200.0-255,1484,1703,69,368220
8379,2.9e-05,172.31.40.0-255,66,1769,69,368220
8380,3.4e-05,74.125.200.0-255,2902,4671,69,368220
8381,3.6e-05,172.31.40.0-255,66,4737,69,368220
8382,4.7e-05,74.125.200.0-255,4320,9057,69,368220
8383,5e-05,172.31.40.0-255,66,9123,69,368220
8384,8.5e-05,172.31.40.0-255,66,9189,69,368220
8385,9e-05,74.125.200.0-255,4320,13509,69,368220
8386,9.2e-05,172.31.40.0-255,66,13575,69,368220
8387,0.000132,74.125.200.0-255,7156,20731,69,368220
8388,0.000134,172.31.40.0-255,66,20797,69,368220
8389,0.000166,172.31.40.0-255,66,20863,69,368220
8390,0.00017,74.125.200.0-255,2902,23765,69,368220
8391,0.000172,172.31.40.0-255,66,23831,69,368220
8392,0.000176,74.125.200.0-255,4320,28151,69,368220
8393,0.000182,172.31.40.0-255,66,28217,69,368220
8394,0.000185,74.125.200.0-255,1484,29701,69,368220
8395,0.000189,172.31.40.0-255,66,29767,69,368220
8396,0.000203,74.125.200.0-255,766,30533,69,368220
8397,0.000205,172.31.40.0-255,66,30599,69,368220
8398,0.000596,74.125.200.0-255,1484,32083,69,368220
8399,0.000601,172.31.40.0-255,66,32149,69,368220
8400,0.000607,74.125.200.0-255,2902,35051,69,368220
8401,0.000609,172.31.40.0-255,66,35117,69,368220
8402,0.000653,74.125.200.0-255,5738,40855,69,368220
8403,0.000657,172.31.40.0-255,66,40921,69,368220
8404,0.000664,74.125.200.0-255,1484,42405,69,368220
8405,0.000666,172.31.40.0-255,66,42471,69,368220
8406,0.00067,74.125.200.0-255,2902,45373,69,368220
8407,0.000679,172.31.40.0-255,66,45439,69,368220
8408,0.000699,74.125.200.0-255,2899,48338,69,368220
8409,0.000719,172.31.40.0-255,66,48404,69,368220
8410,0.000811,74.125.200.0-255,1484,49888,69,368220
8411,0.000816,74.125.200.0-255,1484,51372,69,368220
8412,0.000828,74.125.200.0-255,1484,52856,69,368220
8413,0.000842,74.125.200.0-255,2902,55758,69,368220
8414,0.000859,74.125.200.0-255,2902,58660,69,368220
8415,0.000867,74.125.200.0-255,7156,65816,69,368220
8416,0.000879,172.31.40.0-255,66,65882,69,368220
8417,0.000933,172.31.40.0-255,66,65948,69,368220
8418,0.000941,74.125.200.0-255,2184,68132,69,368220
8419,0.000958,172.31.40.0-255,66,68198,69,368220
8420,0.001038,74.125.200.0-255,1484,69682,69,368220
8421,0.001062,74.125.200.0-255,2902,72584,69,368220
8422,0.001066,172.31.40.0-255,66,72650,69,368220
8423,0.001072,74.125.200.0-255,5738,78388,69,368220
8424,0.00109,74.125.200.0-255,2902,81290,69,368220
8425,0.001097,172.31.40.0-255,66,81356,69,368220
8426,0.001108,74.125.200.0-255,5063,86419,69,368220
8427,0.001113,74.125.200.0-255,5738,92157,69,368220
8428,0.001132,74.125.200.0-255,2902,95059,69,368220
8429,0.001136,172.31.40.0-255,66,95125,69,368220
8430,0.001146,74.125.200.0-255,2902,98027,69,368220
8431,0.001187,172.31.40.0-255,66,98093,69,368220
8432,0.001198,74.125.200.0-255,2902,100995,69,368220
8433,0.001223,74.125.200.0-255,6438,107433,69,368220
8434,0.00127,74.125.200.0-255,1484,108917,69,368220
8435,0.001274,74.125.200.0-255,2902,111819,69,368220
8436,0.001279,74.125.200.0-255,5738,117557,69,368220
8437,0.001282,172.31.40.0-255,66,117623,69,368220
8438,0.001288,172.31.40.0-255,66,117689,69,368220
8439,0.001342,172.31.40.0-255,66,117755,69,368220
8440,0.001355,74.125.200.0-255,5738,123493,69,368220
8441,0.001359,172.31.40.0-255,66,123559,69,368220
8442,0.00138,74.125.200.0-255,5020,128579,69,368220
8443,0.001402,172.31.40.0-255,66,128645,69,368220
8444,0.00146,74.125.200.0-255,1484,130129,69,368220
8445,0.001466,74.125.200.0-255,2902,133031,69,368220
8446,0.001486,74.125.200.0-255,4320,137351,69,368220
8447,0.001491,172.31.40.0-255,66,137417,69,368220
8448,0.001505,74.125.200.0-255,1484,138901,69,368220
8449,0.001516,74.125.200.0-255,5738,144639,69,368220
8450,0.001521,74.125.200.0-255,4320,148959,69,368220
8451,0.001533,74.125.200.0-255,2902,151861,69,368220
8452,0.001554,74.125.200.0-255,4320,156181,69,368220
8453,0.001558,172.31.40.0-255,66,156247,69,368220
8454,0.00157,74.125.200.0-255,6438,162685,69,368220
8455,0.00158,172.31.40.0-255,66,162751,69,368220
8456,0.001722,74.125.200.0-255,1484,164235,69,368220
8457,0.001754,74.125.200.0-255,1484,165719,69,368220
8458,0.001767,172.31.40.0-255,66,165785,69,368220
8459,0.001792,74.125.200.0-255,2902,168687,69,368220
8460,0.001797,172.31.40.0-255,66,168753,69,368220
8461,0.001825,74.125.200.0-255,4320,173073,69,368220
8462,0.001844,172.31.40.0-255,66,173139,69,368220
8463,0.001847,74.125.200.0-255,1484,174623,69,368220
8464,0.001849,74.125.200.0-255,1484,176107,69,368220
8465,0.001851,74.125.200.0-255,1484,177591,69,368220
8466,0.00187,74.125.200.0-255,7156,184747,69,368220
8467,0.001873,74.125.200.0-255,1484,186231,69,368220
8468,0.001876,172.31.40.0-255,66,186297,69,368220
8469,0.0019,74.125.200.0-255,7156,193453,69,368220
8470,0.001929,74.125.200.0-255,3602,197055,69,368220
8471,0.002242,74.125.200.0-255,1484,198539,69,368220
8472,0.002249,74.125.200.0-255,2902,201441,69,368220
8473,0.002262,74.125.200.0-255,1484,202925,69,368220
8474,0.002265,74.125.200.0-255,1484,204409,69,368220
8475,0.002282,74.125.200.0-255,1484,205893,69,368220
8476,0.002295,74.125.200.0-255,2902,208795,69,368220
8477,0.00231,74.125.200.0-255,2902,211697,69,368220
8478,0.002313,74.125.200.0-255,1484,213181,69,368220
8479,0.002343,74.125.200.0-255,1484,214665,69,368220
8480,0.006342,172.31.40.0-255,66,214731,69,368220
8481,0.008671,74.125.200.0-255,5738,220469,69,368220
8482,0.008678,172.31.40.0-255,66,220535,69,368220
8483,0.010982,74.125.200.0-255,5738,226273,69,368220
8484,0.010988,172.31.40.0-255,66,226339,69,368220
8485,0.013308,74.125.200.0-255,5738,232077,69,368220
8486,0.017636,172.31.40.0-255,66,232143,69,368220
8487,0.019958,74.125.200.0-255,5738,237881,69,368220
8488,0.01997,172.31.40.0-255,66,237947,69,368220
8489,0.022276,74.125.200.0-255,5738,243685,69,368220
8490,0.022283,172.31.40.0-255,66,243751,69,368220
8491,0.024589,74.125.200.0-255,5738,249489,69,368220
8492,0.024596,172.31.40.0-255,66,249555,69,368220
8493,0.026905,74.125.200.0-255,5738,255293,69,368220
8494,0.026912,172.31.40.0-255,66,255359,69,368220
8495,0.029223,74.125.200.0-255,5738,261097,69,368220
8496,0.029229,172.31.40.0-255,66,261163,69,368220
8497,0.031547,74.125.200.0-255,5738,266901,69,368220
8498,0.031555,172.31.40.0-255,66,266967,69,368220
8499,0.033377,172.31.40.0-255,172,267139,69,368220
8500,0.033417,172.31.40.0-255,1116,268255,69,368220
8501,0.033486,172.31.40.0-255,1514,269769,69,368220
8502,0.033513,172.31.40.0-255,1514,271283,69,368220
8503,0.033514,172.31.40.0-255,1514,272797,69,368220
8504,0.033538,172.31.40.0-255,1514,274311,69,368220
8505,0.033543,172.31.40.0-255,541,274852,69,368220
8506,0.033899,74.125.200.0-255,5738,280590,69,368220
8507,0.033929,172.31.40.0-255,66,280656,69,368220
8508,0.034968,104.244.42.0-255,66,280722,69,368220
8509,0.035017,104.244.42.0-255,66,280788,69,368220
8510,0.035044,104.244.42.0-255,66,280854,69,368220
8511,0.035105,104.244.42.0-255,66,280920,69,368220
8512,0.035126,104.244.42.0-255,66,280986,69,368220
8513,0.03571,104.244.42.0-255,108,281094,69,368220
8514,0.035714,172.31.40.0-255,66,281160,69,368220
8515,0.036284,74.125.200.0-255,5738,286898,69,368220
8516,0.036288,172.31.40.0-255,66,286964,69,368220
8517,0.038597,74.125.200.0-255,5738,292702,69,368220
8518,0.038604,172.31.40.0-255,66,292768,69,368220
8519,0.040922,74.125.200.0-255,5738,298506,69,368220
8520,0.040928,172.31.40.0-255,66,298572,69,368220
8521,0.043262,74.125.200.0-255,5738,304310,69,368220
8522,0.043269,172.31.40.0-255,66,304376,69,368220
8523,0.045579,74.125.200.0-255,5738,310114,69,368220
8524,0.045585,172.31.40.0-255,66,310180,69,368220
8525,0.047898,74.125.200.0-255,5738,315918,69,368220
8526,0.047904,172.31.40.0-255,66,315984,69,368220
8527,0.05022,74.125.200.0-255,5738,321722,69,368220
8528,0.050228,172.31.40.0-255,66,321788,69,368220
8529,0.05255,74.125.200.0-255,5738,327526,69,368220
8530,0.052556,172.31.40.0-255,66,327592,69,368220
8531,0.05488,74.125.200.0-255,5738,333330,69,368220
8532,0.054886,172.31.40.0-255,66,333396,69,368220
8533,0.057201,74.125.200.0-255,5738,339134,69,368220
8534,0.057206,172.31.40.0-255,66,339200,69,368220
8535,0.059511,74.125.200.0-255,5738,344938,69,368220
8536,0.05952,172.31.40.0-255,66,345004,69,368220
8537,0.061824,74.125.200.0-255,5738,350742,69,368220
8538,0.06183,172.31.40.0-255,66,350808,69,368220
8539,0.064161,74.125.200.0-255,5738,356546,69,368220
8540,0.064171,172.31.40.0-255,66,356612,69,368220
8541,0.066484,74.125.200.0-255,5738,362350,69,368220
8542,0.066491,172.31.40.0-255,66,362416,69,368220
8543,0.068816,74.125.200.0-255,5738,368154,69,368220
8544,0.068821,172.31.40.0-255,66,368220,69,368220
8545,0.0,172.253.118.0-255,153,153,69,346039
8546,2.1e-05,172.31.40.0-255,66,219,69,346039
8547,2.7e-05,172.253.118.0-255,1484,1703,69,346039
8548,3.1e-05,172.31.40.0-255,66,1769,69,346039
8549,3.6e-05,172.253.118.0-255,2902,4671,69,346039
8550,4.5e-05,172.31.40.0-255,66,4737,69,346039
8551,7.7e-05,172.253.118.0-255,7156,11893,69,346039
8552,8e-05,172.31.40.0-255,66,11959,69,346039
8553,8.4e-05,172.253.118.0-255,2101,14060,69,346039
8554,8.6e-05,172.31.40.0-255,66,14126,69,346039
8555,9e-05,172.253.118.0-255,2902,17028,69,346039
8556,9.2e-05,172.31.40.0-255,66,17094,69,346039
8557,0.000133,172.31.40.0-255,66,17160,69,346039
8558,0.000151,172.253.118.0-255,4320,21480,69,346039
8559,0.000152,172.31.40.0-255,66,21546,69,346039
8560,0.000174,172.253.118.0-255,1125,22671,69,346039
8561,0.000177,172.31.40.0-255,66,22737,69,346039
8562,0.000226,172.253.118.0-255,1484,24221,69,346039
8563,0.000229,172.253.118.0-255,2902,27123,69,346039
8564,0.000233,172.31.40.0-255,66,27189,69,346039
8565,0.000236,172.31.40.0-255,66,27255,69,346039
8566,0.000245,172.253.118.0-255,5738,32993,69,346039
8567,0.000247,172.31.40.0-255,66,33059,69,346039
8568,0.000283,172.253.118.0-255,6797,39856,69,346039
8569,0.000286,172.31.40.0-255,66,39922,69,346039
8570,0.000323,172.253.118.0-255,1484,41406,69,346039
8571,0.000326,172.31.40.0-255,66,41472,69,346039
8572,0.000328,172.253.118.0-255,1484,42956,69,346039
8573,0.00033,172.31.40.0-255,66,43022,69,346039
8574,0.00036,172.253.118.0-255,1484,44506,69,346039
8575,0.000362,172.31.40.0-255,66,44572,69,346039
8576,0.000368,172.253.118.0-255,5738,50310,69,346039
8577,0.00037,172.31.40.0-255,66,50376,69,346039
8578,0.000375,172.253.118.0-255,5738,56114,69,346039
8579,0.000376,172.31.40.0-255,66,56180,69,346039
8580,0.000398,172.253.118.0-255,1418,57598,69,346039
8581,0.000402,172.253.118.0-255,383,57981,69,346039
8582,0.000403,172.31.40.0-255,66,58047,69,346039
8583,0.000446,172.253.118.0-255,1484,59531,69,346039
8584,0.000466,172.253.118.0-255,4320,63851,69,346039
8585,0.000468,172.31.40.0-255,66,63917,69,346039
8586,0.000474,172.253.118.0-255,5738,69655,69,346039
8587,0.000475,172.31.40.0-255,66,69721,69,346039
8588,0.000527,172.253.118.0-255,2902,72623,69,346039
8589,0.000529,172.31.40.0-255,66,72689,69,346039
8590,0.000554,172.253.118.0-255,2543,75232,69,346039
8591,0.000556,172.31.40.0-255,66,75298,69,346039
8592,0.000562,172.253.118.0-255,5738,81036,69,346039
8593,0.000563,172.31.40.0-255,66,81102,69,346039
8594,0.000596,172.31.40.0-255,66,81168,69,346039
8595,0.000621,172.253.118.0-255,7156,88324,69,346039
8596,0.000623,172.31.40.0-255,66,88390,69,346039
8597,0.000648,172.253.118.0-255,4320,92710,69,346039
8598,0.00065,172.31.40.0-255,66,92776,69,346039
8599,0.000683,172.253.118.0-255,5265,98041,69,346039
8600,0.000685,172.31.40.0-255,66,98107,69,346039
8601,0.000913,172.253.118.0-255,211,98318,69,346039
8602,0.001159,172.253.118.0-255,1484,99802,69,346039
8603,0.001164,172.31.40.0-255,66,99868,69,346039
8604,0.00117,172.253.118.0-255,2902,102770,69,346039
8605,0.001172,172.31.40.0-255,66,102836,69,346039
8606,0.001202,172.253.118.0-255,5738,108574,69,346039
8607,0.001204,172.31.40.0-255,66,108640,69,346039
8608,0.00121,172.253.118.0-255,5738,114378,69,346039
8609,0.001212,172.31.40.0-255,66,114444,69,346039
8610,0.001246,172.31.40.0-255,66,114510,69,346039
8611,0.001298,172.253.118.0-255,2902,117412,69,346039
8612,0.001302,172.31.40.0-255,66,117478,69,346039
8613,0.001333,172.253.118.0-255,2184,119662,69,346039
8614,0.001336,172.31.40.0-255,66,119728,69,346039
8615,0.001618,172.253.118.0-255,1484,121212,69,346039
8616,0.001625,172.253.118.0-255,2902,124114,69,346039
8617,0.001628,172.31.40.0-255,66,124180,69,346039
8618,0.001632,172.253.118.0-255,1484,125664,69,346039
8619,0.001652,172.253.118.0-255,4320,129984,69,346039
8620,0.001654,172.31.40.0-255,66,130050,69,346039
8621,0.001659,172.253.118.0-255,2902,132952,69,346039
8622,0.001661,172.31.40.0-255,66,133018,69,346039
8623,0.001691,172.253.118.0-255,1484,134502,69,346039
8624,0.001699,172.253.118.0-255,5738,140240,69,346039
8625,0.001702,172.31.40.0-255,66,140306,69,346039
8626,0.001707,172.253.118.0-255,4320,144626,69,346039
8627,0.001709,172.31.40.0-255,66,144692,69,346039
8628,0.001736,172.253.118.0-255,7156,151848,69,346039
8629,0.001744,172.31.40.0-255,66,151914,69,346039
8630,0.001773,172.253.118.0-255,2184,154098,69,346039
8631,0.001776,172.31.40.0-255,66,154164,69,346039
8632,0.002064,172.253.118.0-255,1484,155648,69,346039
8633,0.002068,172.253.118.0-255,1484,157132,69,346039
8634,0.002071,172.31.40.0-255,66,157198,69,346039
8635,0.002096,172.253.118.0-255,1484,158682,69,346039
8636,0.002102,172.253.118.0-255,5738,164420,69,346039
8637,0.002105,172.31.40.0-255,66,164486,69,346039
8638,0.002145,172.31.40.0-255,66,164552,69,346039
8639,0.002189,172.31.40.0-255,66,164618,69,346039
8640,0.002206,172.253.118.0-255,1484,166102,69,346039
8641,0.002211,172.253.118.0-255,2184,168286,69,346039
8642,0.002213,172.31.40.0-255,66,168352,69,346039
8643,0.004434,172.253.118.0-255,1484,169836,69,346039
8644,0.004458,172.253.118.0-255,1484,171320,69,346039
8645,0.004462,172.31.40.0-255,66,171386,69,346039
8646,0.004489,172.253.118.0-255,2902,174288,69,346039
8647,0.004491,172.31.40.0-255,66,174354,69,346039
8648,0.006705,172.253.118.0-255,2902,177256,69,346039
8649,0.00671,172.31.40.0-255,66,177322,69,346039
8650,0.006737,172.253.118.0-255,2902,180224,69,346039
8651,0.006739,172.31.40.0-255,66,180290,69,346039
8652,0.008967,172.253.118.0-255,5738,186028,69,346039
8653,0.008973,172.31.40.0-255,66,186094,69,346039
8654,0.011227,172.253.118.0-255,5738,191832,69,346039
8655,0.011234,172.31.40.0-255,66,191898,69,346039
8656,0.013498,172.253.118.0-255,5738,197636,69,346039
8657,0.013505,172.31.40.0-255,66,197702,69,346039
8658,0.015788,172.253.118.0-255,5738,203440,69,346039
8659,0.015798,172.31.40.0-255,66,203506,69,346039
8660,0.018064,172.253.118.0-255,5738,209244,69,346039
8661,0.018072,172.31.40.0-255,66,209310,69,346039
8662,0.020329,172.253.118.0-255,5738,215048,69,346039
8663,0.020337,172.31.40.0-255,66,215114,69,346039
8664,0.022601,172.253.118.0-255,5738,220852,69,346039
8665,0.022608,172.31.40.0-255,66,220918,69,346039
8666,0.024869,172.253.118.0-255,5738,226656,69,346039
8667,0.024877,172.31.40.0-255,66,226722,69,346039
8668,0.027146,172.253.118.0-255,5738,232460,69,346039
8669,0.027153,172.31.40.0-255,66,232526,69,346039
8670,0.029418,172.253.118.0-255,5738,238264,69,346039
8671,0.029426,172.31.40.0-255,66,238330,69,346039
8672,0.031691,172.253.118.0-255,5738,244068,69,346039
8673,0.031698,172.31.40.0-255,66,244134,69,346039
8674,0.033761,172.31.40.0-255,172,244306,69,346039
8675,0.033793,172.31.40.0-255,1114,245420,69,346039
8676,0.033872,172.31.40.0-255,1514,246934,69,346039
8677,0.033874,172.31.40.0-255,1514,248448,69,346039
8678,0.03388,172.31.40.0-255,1514,249962,69,346039
8679,0.033881,172.31.40.0-255,1514,251476,69,346039
8680,0.0339,172.31.40.0-255,1501,252977,69,346039
8681,0.03394,172.253.118.0-255,5738,258715,69,346039
8682,0.033944,172.31.40.0-255,66,258781,69,346039
8683,0.035323,104.244.42.0-255,66,258847,69,346039
8684,0.035331,104.244.42.0-255,66,258913,69,346039
8685,0.035435,104.244.42.0-255,66,258979,69,346039
8686,0.036183,172.253.118.0-255,5738,264717,69,346039
8687,0.036187,172.31.40.0-255,66,264783,69,346039
8688,0.03845,172.253.118.0-255,5738,270521,69,346039
8689,0.038455,172.31.40.0-255,66,270587,69,346039
8690,0.040765,172.253.118.0-255,5738,276325,69,346039
8691,0.040771,172.31.40.0-255,66,276391,69,346039
8692,0.043028,172.253.118.0-255,5738,282129,69,346039
8693,0.043034,172.31.40.0-255,66,282195,69,346039
8694,0.045294,172.253.118.0-255,5738,287933,69,346039
8695,0.045302,172.31.40.0-255,66,287999,69,346039
8696,0.047576,172.253.118.0-255,5738,293737,69,346039
8697,0.047583,172.31.40.0-255,66,293803,69,346039
8698,0.049849,172.253.118.0-255,5738,299541,69,346039
8699,0.049855,172.31.40.0-255,66,299607,69,346039
8700,0.05212,172.253.118.0-255,5738,305345,69,346039
8701,0.052126,172.31.40.0-255,66,305411,69,346039
8702,0.054397,172.253.118.0-255,5738,311149,69,346039
8703,0.054404,172.31.40.0-255,66,311215,69,346039
8704,0.056657,172.253.118.0-255,5738,316953,69,346039
8705,0.056663,172.31.40.0-255,66,317019,69,346039
8706,0.058922,172.253.118.0-255,5738,322757,69,346039
8707,0.058927,172.31.40.0-255,66,322823,69,346039
8708,0.061189,172.253.118.0-255,5738,328561,69,346039
8709,0.061195,172.31.40.0-255,66,328627,69,346039
8710,0.063462,172.253.118.0-255,5738,334365,69,346039
8711,0.063467,172.31.40.0-255,66,334431,69,346039
8712,0.065746,172.253.118.0-255,5738,340169,69,346039
8713,0.065753,172.31.40.0-255,66,340235,69,346039
8714,0.06803,172.253.118.0-255,5738,345973,69,346039
8715,0.068037,172.31.40.0-255,66,346039,69,346039
8716,0.0,172.217.194.0-255,150,150,69,197829
8717,1.6e-05,172.31.40.0-255,66,216,69,197829
8718,2.4e-05,172.217.194.0-255,1484,1700,69,197829
8719,2.8e-05,172.31.40.0-255,66,1766,69,197829
8720,3.1e-05,172.217.194.0-255,1484,3250,69,197829
8721,4.2e-05,172.31.40.0-255,66,3316,69,197829
8722,7.1e-05,172.217.194.0-255,1484,4800,69,197829
8723,7.4e-05,172.31.40.0-255,66,4866,69,197829
8724,8.3e-05,172.217.194.0-255,7156,12022,69,197829
8725,8.5e-05,172.31.40.0-255,66,12088,69,197829
8726,9.1e-05,172.217.194.0-255,5738,17826,69,197829
8727,9.4e-05,172.31.40.0-255,66,17892,69,197829
8728,0.000141,172.31.40.0-255,66,17958,69,197829
8729,0.000145,172.217.194.0-255,2543,20501,69,197829
8730,0.000148,172.31.40.0-255,66,20567,69,197829
8731,0.000159,172.31.40.0-255,66,20633,69,197829
8732,0.000179,172.217.194.0-255,4320,24953,69,197829
8733,0.000182,172.31.40.0-255,66,25019,69,197829
8734,0.000208,172.217.194.0-255,5738,30757,69,197829
8735,0.000211,172.31.40.0-255,66,30823,69,197829
8736,0.000218,172.217.194.0-255,7156,37979,69,197829
8737,0.00022,172.31.40.0-255,66,38045,69,197829
8738,0.00026,172.31.40.0-255,66,38111,69,197829
8739,0.000263,172.217.194.0-255,367,38478,69,197829
8740,0.000265,172.31.40.0-255,66,38544,69,197829
8741,0.000268,172.217.194.0-255,1484,40028,69,197829
8742,0.000271,172.31.40.0-255,66,40094,69,197829
8743,0.000277,172.217.194.0-255,4320,44414,69,197829
8744,0.000279,172.31.40.0-255,66,44480,69,197829
8745,0.000282,172.217.194.0-255,1484,45964,69,197829
8746,0.000315,172.31.40.0-255,66,46030,69,197829
8747,0.000327,172.31.40.0-255,66,46096,69,197829
8748,0.000353,172.217.194.0-255,2902,48998,69,197829
8749,0.000356,172.31.40.0-255,66,49064,69,197829
8750,0.000394,172.31.40.0-255,66,49130,69,197829
8751,0.00041,172.31.40.0-255,66,49196,69,197829
8752,0.000425,172.31.40.0-255,66,49262,69,197829
8753,0.000521,172.217.194.0-255,1484,50746,69,197829
8754,0.000526,172.217.194.0-255,2902,53648,69,197829
8755,0.00053,172.31.40.0-255,66,53714,69,197829
8756,0.000535,172.217.194.0-255,2902,56616,69,197829
8757,0.000538,172.31.40.0-255,66,56682,69,197829
8758,0.000565,172.217.194.0-255,2902,59584,69,197829
8759,0.000568,172.31.40.0-255,66,59650,69,197829
8760,0.000575,172.217.194.0-255,7156,66806,69,197829
8761,0.000582,172.217.194.0-255,7156,73962,69,197829
8762,0.00061,172.217.194.0-255,7156,81118,69,197829
8763,0.000614,172.217.194.0-255,2184,83302,69,197829
8764,0.00071,172.31.40.0-255,66,83368,69,197829
8765,0.000862,172.217.194.0-255,1484,84852,69,197829
8766,0.000867,172.217.194.0-255,2902,87754,69,197829
8767,0.00087,172.217.194.0-255,1484,89238,69,197829
8768,0.000877,172.31.40.0-255,66,89304,69,197829
8769,0.000898,172.217.194.0-255,4320,93624,69,197829
8770,0.000919,172.217.194.0-255,7156,100780,69,197829
8771,0.000941,172.217.194.0-255,3602,104382,69,197829
8772,0.000946,172.31.40.0-255,66,104448,69,197829
8773,0.001049,172.217.194.0-255,1484,105932,69,197829
8774,0.001055,172.217.194.0-255,2902,108834,69,197829
8775,0.001058,172.217.194.0-255,1484,110318,69,197829
8776,0.001066,172.31.40.0-255,66,110384,69,197829
8777,0.001093,172.217.194.0-255,4320,114704,69,197829
8778,0.001101,172.217.194.0-255,5738,120442,69,197829
8779,0.001116,172.217.194.0-255,7156,127598,69,197829
8780,0.001128,172.31.40.0-255,66,127664,69,197829
8781,0.001183,172.217.194.0-255,4320,131984,69,197829
8782,0.00119,172.31.40.0-255,66,132050,69,197829
8783,0.001201,172.217.194.0-255,6438,138488,69,197829
8784,0.001234,172.217.194.0-255,2902,141390,69,197829
8785,0.001239,172.217.194.0-255,4320,145710,69,197829
8786,0.001262,172.217.194.0-255,4320,150030,69,197829
8787,0.001276,172.31.40.0-255,66,150096,69,197829
8788,0.001296,172.217.194.0-255,5020,155116,69,197829
8789,0.001326,172.217.194.0-255,7156,162272,69,197829
8790,0.001362,172.217.194.0-255,1484,163756,69,197829
8791,0.001365,172.217.194.0-255,1484,165240,69,197829
8792,0.001376,172.217.194.0-255,1484,166724,69,197829
8793,0.001382,172.217.194.0-255,5738,172462,69,197829
8794,0.001388,172.31.40.0-255,66,172528,69,197829
8795,0.001454,172.31.40.0-255,66,172594,69,197829
8796,0.001483,172.217.194.0-255,2184,174778,69,197829
8797,0.00149,172.31.40.0-255,66,174844,69,197829
8798,0.001509,172.217.194.0-255,2902,177746,69,197829
8799,0.001515,172.217.194.0-255,5738,183484,69,197829
8800,0.001526,172.217.194.0-255,1484,184968,69,197829
8801,0.001563,172.31.40.0-255,66,185034,69,197829
8802,0.001631,172.217.194.0-255,1484,186518,69,197829
8803,0.001635,172.31.40.0-255,66,186584,69,197829
8804,0.001641,172.31.40.0-255,66,186650,69,197829
8805,0.001673,172.217.194.0-255,1484,188134,69,197829
8806,0.001685,172.31.40.0-255,66,188200,69,197829
8807,0.001723,172.217.194.0-255,105,188305,69,197829
8808,0.001776,172.31.40.0-255,66,188371,69,197829
8809,0.008938,172.31.40.0-255,105,188476,69,197829
8810,0.011637,172.217.194.0-255,66,188542,69,197829
8811,0.037552,172.31.40.0-255,176,188718,69,197829
8812,0.037585,172.31.40.0-255,1116,189834,69,197829
8813,0.037677,172.31.40.0-255,1514,191348,69,197829
8814,0.037679,172.31.40.0-255,1514,192862,69,197829
8815,0.03768,172.31.40.0-255,1514,194376,69,197829
8816,0.037681,172.31.40.0-255,1514,195890,69,197829
8817,0.03771,172.31.40.0-255,1501,197391,69,197829
8818,0.039198,104.244.42.0-255,66,197457,69,197829
8819,0.039237,104.244.42.0-255,66,197523,69,197829
8820,0.039357,104.244.42.0-255,66,197589,69,197829
8821,0.039378,104.244.42.0-255,66,197655,69,197829
8822,0.04005,104.244.42.0-255,108,197763,69,197829
8823,0.040059,172.31.40.0-255,66,197829,69,197829
8824,0.0,172.217.194.0-255,153,153,69,287056
8825,2.1e-05,172.31.40.0-255,66,219,69,287056
8826,2.8e-05,172.217.194.0-255,1484,1703,69,287056
8827,3.2e-05,172.31.40.0-255,66,1769,69,287056
8828,3.8e-05,172.217.194.0-255,2902,4671,69,287056
8829,5e-05,172.31.40.0-255,66,4737,69,287056
8830,5.7e-05,172.217.194.0-255,7156,11893,69,287056
8831,6.1e-05,172.31.40.0-255,66,11959,69,287056
8832,8.3e-05,172.217.194.0-255,4938,16897,69,287056
8833,8.6e-05,172.31.40.0-255,66,16963,69,287056
8834,9.5e-05,172.217.194.0-255,5738,22701,69,287056
8835,9.7e-05,172.31.40.0-255,66,22767,69,287056
8836,0.000129,172.217.194.0-255,7156,29923,69,287056
8837,0.000131,172.31.40.0-255,66,29989,69,287056
8838,0.000147,172.217.194.0-255,1125,31114,69,287056
8839,0.000149,172.31.40.0-255,66,31180,69,287056
8840,0.000352,172.217.194.0-255,1484,32664,69,287056
8841,0.000357,172.31.40.0-255,66,32730,69,287056
8842,0.000362,172.217.194.0-255,2902,35632,69,287056
8843,0.000365,172.31.40.0-255,66,35698,69,287056
8844,0.000368,172.217.194.0-255,2902,38600,69,287056
8845,0.000375,172.31.40.0-255,66,38666,69,287056
8846,0.000386,172.217.194.0-255,1484,40150,69,287056
8847,0.000388,172.31.40.0-255,66,40216,69,287056
8848,0.000415,172.217.194.0-255,4320,44536,69,287056
8849,0.000418,172.31.40.0-255,66,44602,69,287056
8850,0.000445,172.217.194.0-255,5379,49981,69,287056
8851,0.000448,172.31.40.0-255,66,50047,69,287056
8852,0.00045,172.217.194.0-255,1484,51531,69,287056
8853,0.000452,172.31.40.0-255,66,51597,69,287056
8854,0.000475,172.217.194.0-255,2902,54499,69,287056
8855,0.000478,172.31.40.0-255,66,54565,69,287056
8856,0.000482,172.217.194.0-255,2902,57467,69,287056
8857,0.000485,172.31.40.0-255,66,57533,69,287056
8858,0.000524,172.31.40.0-255,66,57599,69,287056
8859,0.00073,172.217.194.0-255,115,57714,69,287056
8860,0.000817,172.217.194.0-255,1484,59198,69,287056
8861,0.000821,172.31.40.0-255,66,59264,69,287056
8862,0.00085,172.217.194.0-255,2902,62166,69,287056
8863,0.000853,172.31.40.0-255,66,62232,69,287056
8864,0.00086,172.217.194.0-255,5738,67970,69,287056
8865,0.000862,172.31.40.0-255,66,68036,69,287056
8866,0.000904,172.31.40.0-255,66,68102,69,287056
8867,0.000915,172.31.40.0-255,66,68168,69,287056
8868,0.000943,172.217.194.0-255,3342,71510,69,287056
8869,0.000946,172.31.40.0-255,66,71576,69,287056
8870,0.000973,172.217.194.0-255,1484,73060,69,287056
8871,0.000978,172.217.194.0-255,2902,75962,69,287056
8872,0.00098,172.31.40.0-255,66,76028,69,287056
8873,0.000987,172.217.194.0-255,5738,81766,69,287056
8874,0.000989,172.31.40.0-255,66,81832,69,287056
8875,0.001027,172.31.40.0-255,66,81898,69,287056
8876,0.00106,172.31.40.0-255,66,81964,69,287056
8877,0.0032,172.217.194.0-255,1484,83448,69,287056
8878,0.003222,172.217.194.0-255,2902,86350,69,287056
8879,0.003226,172.31.40.0-255,66,86416,69,287056
8880,0.003231,172.217.194.0-255,1484,87900,69,287056
8881,0.005186,172.217.194.0-255,4320,92220,69,287056
8882,0.005189,172.31.40.0-255,66,92286,69,287056
8883,0.00717,172.217.194.0-255,5738,98024,69,287056
8884,0.007177,172.31.40.0-255,66,98090,69,287056
8885,0.009176,172.217.194.0-255,5738,103828,69,287056
8886,0.009182,172.31.40.0-255,66,103894,69,287056
8887,0.011163,172.217.194.0-255,5738,109632,69,287056
8888,0.011171,172.31.40.0-255,66,109698,69,287056
8889,0.013191,172.217.194.0-255,5738,115436,69,287056
8890,0.013199,172.31.40.0-255,66,115502,69,287056
8891,0.015214,172.217.194.0-255,5738,121240,69,287056
8892,0.015224,172.31.40.0-255,66,121306,69,287056
8893,0.017215,172.217.194.0-255,5738,127044,69,287056
8894,0.017223,172.31.40.0-255,66,127110,69,287056
8895,0.019204,172.217.194.0-255,5738,132848,69,287056
8896,0.019212,172.31.40.0-255,66,132914,69,287056
8897,0.021237,172.217.194.0-255,5738,138652,69,287056
8898,0.021244,172.31.40.0-255,66,138718,69,287056
8899,0.023229,172.217.194.0-255,5738,144456,69,287056
8900,0.023237,172.31.40.0-255,66,144522,69,287056
8901,0.025205,172.217.194.0-255,5738,150260,69,287056
8902,0.025213,172.31.40.0-255,66,150326,69,287056
8903,0.027185,172.217.194.0-255,5738,156064,69,287056
8904,0.027192,172.31.40.0-255,66,156130,69,287056
8905,0.029186,172.217.194.0-255,5738,161868,69,287056
8906,0.029195,172.31.40.0-255,66,161934,69,287056
8907,0.031195,172.217.194.0-255,5738,167672,69,287056
8908,0.031203,172.31.40.0-255,66,167738,69,287056
8909,0.033173,172.217.194.0-255,5738,173476,69,287056
8910,0.033178,172.31.40.0-255,66,173542,69,287056
8911,0.033931,172.31.40.0-255,172,173714,69,287056
8912,0.033957,172.31.40.0-255,1114,174828,69,287056
8913,0.034011,172.31.40.0-255,1514,176342,69,287056
8914,0.034013,172.31.40.0-255,1514,177856,69,287056
8915,0.034014,172.31.40.0-255,1514,179370,69,287056
8916,0.034018,172.31.40.0-255,1514,180884,69,287056
8917,0.034019,172.31.40.0-255,1502,182386,69,287056
8918,0.03514,172.217.194.0-255,5738,188124,69,287056
8919,0.035147,172.31.40.0-255,66,188190,69,287056
8920,0.035514,104.244.42.0-255,66,188256,69,287056
8921,0.035588,104.244.42.0-255,66,188322,69,287056
8922,0.035638,104.244.42.0-255,66,188388,69,287056
8923,0.037142,172.217.194.0-255,5738,194126,69,287056
8924,0.037149,172.31.40.0-255,66,194192,69,287056
8925,0.039132,172.217.194.0-255,5738,199930,69,287056
8926,0.039139,172.31.40.0-255,66,199996,69,287056
8927,0.04114,172.217.194.0-255,5738,205734,69,287056
8928,0.041146,172.31.40.0-255,66,205800,69,287056
8929,0.043218,172.217.194.0-255,5738,211538,69,287056
8930,0.043228,172.31.40.0-255,66,211604,69,287056
8931,0.045257,172.217.194.0-255,5738,217342,69,287056
8932,0.045263,172.31.40.0-255,66,217408,69,287056
8933,0.047289,172.217.194.0-255,5738,223146,69,287056
8934,0.047295,172.31.40.0-255,66,223212,69,287056
8935,0.049297,172.217.194.0-255,5738,228950,69,287056
8936,0.049303,172.31.40.0-255,66,229016,69,287056
8937,0.051317,172.217.194.0-255,5738,234754,69,287056
8938,0.051324,172.31.40.0-255,66,234820,69,287056
8939,0.053369,172.217.194.0-255,5738,240558,69,287056
8940,0.053374,172.31.40.0-255,66,240624,69,287056
8941,0.055392,172.217.194.0-255,5738,246362,69,287056
8942,0.055399,172.31.40.0-255,66,246428,69,287056
8943,0.057393,172.217.194.0-255,5738,252166,69,287056
8944,0.0574,172.31.40.0-255,66,252232,69,287056
8945,0.05937,172.217.194.0-255,5738,257970,69,287056
8946,0.059375,172.31.40.0-255,66,258036,69,287056
8947,0.061348,172.217.194.0-255,5738,263774,69,287056
8948,0.061355,172.31.40.0-255,66,263840,69,287056
8949,0.063361,172.217.194.0-255,5738,269578,69,287056
8950,0.063367,172.31.40.0-255,66,269644,69,287056
8951,0.065404,172.217.194.0-255,5738,275382,69,287056
8952,0.06541,172.31.40.0-255,66,275448,69,287056
8953,0.067435,172.217.194.0-255,5738,281186,69,287056
8954,0.067442,172.31.40.0-255,66,281252,69,287056
8955,0.069419,172.217.194.0-255,5738,286990,69,287056
8956,0.069425,172.31.40.0-255,66,287056,69,287056
8957,0.0,74.125.68.0-255,291,291,69,276934
8958,2.4e-05,172.31.40.0-255,66,357,69,276934
8959,3e-05,74.125.68.0-255,1484,1841,69,276934
8960,3.4e-05,172.31.40.0-255,66,1907,69,276934
8961,3.6e-05,74.125.68.0-255,1484,3391,69,276934
8962,3.9e-05,172.31.40.0-255,66,3457,69,276934
8963,6.1e-05,74.125.68.0-255,2902,6359,69,276934
8964,6.3e-05,172.31.40.0-255,66,6425,69,276934
8965,8.8e-05,74.125.68.0-255,2902,9327,69,276934
8966,9.1e-05,172.31.40.0-255,66,9393,69,276934
8967,0.000108,74.125.68.0-255,2902,12295,69,276934
8968,0.00011,172.31.40.0-255,66,12361,69,276934
8969,0.000152,74.125.68.0-255,1899,14260,69,276934
8970,0.000155,172.31.40.0-255,66,14326,69,276934
8971,0.00052,74.125.68.0-255,1484,15810,69,276934
8972,0.000526,172.31.40.0-255,66,15876,69,276934
8973,0.000536,74.125.68.0-255,2902,18778,69,276934
8974,0.000539,172.31.40.0-255,66,18844,69,276934
8975,0.000546,74.125.68.0-255,5738,24582,69,276934
8976,0.000548,172.31.40.0-255,66,24648,69,276934
8977,0.000553,74.125.68.0-255,2902,27550,69,276934
8978,0.000556,172.31.40.0-255,66,27616,69,276934
8979,0.000583,74.125.68.0-255,3961,31577,69,276934
8980,0.000587,172.31.40.0-255,66,31643,69,276934
8981,0.000704,74.125.68.0-255,1484,33127,69,276934
8982,0.000711,172.31.40.0-255,66,33193,69,276934
8983,0.000742,74.125.68.0-255,2902,36095,69,276934
8984,0.000747,172.31.40.0-255,66,36161,69,276934
8985,0.000767,74.125.68.0-255,1484,37645,69,276934
8986,0.00077,172.31.40.0-255,66,37711,69,276934
8987,0.000792,74.125.68.0-255,2902,40613,69,276934
8988,0.000796,172.31.40.0-255,66,40679,69,276934
8989,0.000826,74.125.68.0-255,1484,42163,69,276934
8990,0.000852,74.125.68.0-255,7156,49319,69,276934
8991,0.000857,74.125.68.0-255,4320,53639,69,276934
8992,0.000878,172.31.40.0-255,66,53705,69,276934
8993,0.000898,74.125.68.0-255,4306,58011,69,276934
8994,0.000931,172.31.40.0-255,66,58077,69,276934
8995,0.000999,74.125.68.0-255,341,58418,69,276934
8996,0.001311,74.125.68.0-255,1484,59902,69,276934
8997,0.001317,172.31.40.0-255,66,59968,69,276934
8998,0.001324,74.125.68.0-255,2902,62870,69,276934
8999,0.001326,172.31.40.0-255,66,62936,69,276934
9000,0.001332,74.125.68.0-255,5738,68674,69,276934
9001,0.001334,172.31.40.0-255,66,68740,69,276934
9002,0.001355,74.125.68.0-255,5738,74478,69,276934
9003,0.001358,172.31.40.0-255,66,74544,69,276934
9004,0.001386,74.125.68.0-255,5738,80282,69,276934
9005,0.001391,74.125.68.0-255,4320,84602,69,276934
9006,0.001417,172.31.40.0-255,66,84668,69,276934
9007,0.001429,172.31.40.0-255,66,84734,69,276934
9008,0.001602,172.31.40.0-255,101,84835,69,276934
9009,0.003553,74.125.68.0-255,5738,90573,69,276934
9010,0.003559,172.31.40.0-255,66,90639,69,276934
9011,0.003678,74.125.68.0-255,66,90705,69,276934
9012,0.005679,74.125.68.0-255,5738,96443,69,276934
9013,0.005683,172.31.40.0-255,66,96509,69,276934
9014,0.007801,74.125.68.0-255,5738,102247,69,276934
9015,0.007806,172.31.40.0-255,66,102313,69,276934
9016,0.009935,74.125.68.0-255,5738,108051,69,276934
9017,0.009941,172.31.40.0-255,66,108117,69,276934
9018,0.012081,74.125.68.0-255,5738,113855,69,276934
9019,0.012089,172.31.40.0-255,66,113921,69,276934
9020,0.014227,74.125.68.0-255,5738,119659,69,276934
9021,0.014238,172.31.40.0-255,66,119725,69,276934
9022,0.016399,74.125.68.0-255,5738,125463,69,276934
9023,0.016408,172.31.40.0-255,66,125529,69,276934
9024,0.01853,74.125.68.0-255,5738,131267,69,276934
9025,0.018534,172.31.40.0-255,66,131333,69,276934
9026,0.020666,74.125.68.0-255,5738,137071,69,276934
9027,0.020672,172.31.40.0-255,66,137137,69,276934
9028,0.022808,74.125.68.0-255,5738,142875,69,276934
9029,0.022815,172.31.40.0-255,66,142941,69,276934
9030,0.02495,74.125.68.0-255,5738,148679,69,276934
9031,0.024956,172.31.40.0-255,66,148745,69,276934
9032,0.02708,74.125.68.0-255,5738,154483,69,276934
9033,0.027087,172.31.40.0-255,66,154549,69,276934
9034,0.029218,74.125.68.0-255,5738,160287,69,276934
9035,0.029224,172.31.40.0-255,66,160353,69,276934
9036,0.029891,172.31.40.0-255,172,160525,69,276934
9037,0.029928,172.31.40.0-255,1114,161639,69,276934
9038,0.030057,172.31.40.0-255,1514,163153,69,276934
9039,0.030059,172.31.40.0-255,1514,164667,69,276934
9040,0.03006,172.31.40.0-255,1514,166181,69,276934
9041,0.030064,172.31.40.0-255,1514,167695,69,276934
9042,0.030065,172.31.40.0-255,1501,169196,69,276934
9043,0.031342,74.125.68.0-255,4320,173516,69,276934
9044,0.031348,172.31.40.0-255,66,173582,69,276934
9045,0.031362,74.125.68.0-255,1484,175066,69,276934
9046,0.031569,104.244.42.0-255,66,175132,69,276934
9047,0.031577,104.244.42.0-255,66,175198,69,276934
9048,0.031822,104.244.42.0-255,66,175264,69,276934
9049,0.033489,74.125.68.0-255,4320,179584,69,276934
9050,0.033493,172.31.40.0-255,66,179650,69,276934
9051,0.035616,74.125.68.0-255,5738,185388,69,276934
9052,0.035622,172.31.40.0-255,66,185454,69,276934
9053,0.037751,74.125.68.0-255,5738,191192,69,276934
9054,0.037756,172.31.40.0-255,66,191258,69,276934
9055,0.039884,74.125.68.0-255,5738,196996,69,276934
9056,0.039891,172.31.40.0-255,66,197062,69,276934
9057,0.04201,74.125.68.0-255,4320,201382,69,276934
9058,0.042015,172.31.40.0-255,66,201448,69,276934
9059,0.042045,74.125.68.0-255,1484,202932,69,276934
9060,0.044133,74.125.68.0-255,4320,207252,69,276934
9061,0.044139,172.31.40.0-255,66,207318,69,276934
9062,0.04627,74.125.68.0-255,4320,211638,69,276934
9063,0.046275,172.31.40.0-255,66,211704,69,276934
9064,0.046302,74.125.68.0-255,1484,213188,69,276934
9065,0.048386,74.125.68.0-255,4320,217508,69,276934
9066,0.04839,172.31.40.0-255,66,217574,69,276934
9067,0.050499,74.125.68.0-255,2902,220476,69,276934
9068,0.050503,172.31.40.0-255,66,220542,69,276934
9069,0.05053,74.125.68.0-255,2902,223444,69,276934
9070,0.050532,172.31.40.0-255,66,223510,69,276934
9071,0.052613,74.125.68.0-255,2902,226412,69,276934
9072,0.052618,172.31.40.0-255,66,226478,69,276934
9073,0.052655,74.125.68.0-255,2902,229380,69,276934
9074,0.052658,172.31.40.0-255,66,229446,69,276934
9075,0.054728,74.125.68.0-255,2902,232348,69,276934
9076,0.054733,172.31.40.0-255,66,232414,69,276934
9077,0.054786,74.125.68.0-255,2902,235316,69,276934
9078,0.054791,172.31.40.0-255,66,235382,69,276934
9079,0.056846,74.125.68.0-255,2902,238284,69,276934
9080,0.05685,172.31.40.0-255,66,238350,69,276934
9081,0.056982,74.125.68.0-255,2902,241252,69,276934
9082,0.056987,172.31.40.0-255,66,241318,69,276934
9083,0.058978,74.125.68.0-255,2902,244220,69,276934
9084,0.058982,172.31.40.0-255,66,244286,69,276934
9085,0.059103,74.125.68.0-255,2902,247188,69,276934
9086,0.059108,172.31.40.0-255,66,247254,69,276934
9087,0.061091,74.125.68.0-255,2902,250156,69,276934
9088,0.061098,172.31.40.0-255,66,250222,69,276934
9089,0.061221,74.125.68.0-255,2902,253124,69,276934
9090,0.061226,172.31.40.0-255,66,253190,69,276934
9091,0.063219,74.125.68.0-255,2902,256092,69,276934
9092,0.063225,172.31.40.0-255,66,256158,69,276934
9093,0.063341,74.125.68.0-255,2902,259060,69,276934
9094,0.063346,172.31.40.0-255,66,259126,69,276934
9095,0.065337,74.125.68.0-255,2902,262028,69,276934
9096,0.065341,172.31.40.0-255,66,262094,69,276934
9097,0.06546,74.125.68.0-255,2902,264996,69,276934
9098,0.065465,172.31.40.0-255,66,265062,69,276934
9099,0.067453,74.125.68.0-255,2902,267964,69,276934
9100,0.067459,172.31.40.0-255,66,268030,69,276934
9101,0.06758,74.125.68.0-255,2902,270932,69,276934
9102,0.067586,172.31.40.0-255,66,270998,69,276934
9103,0.069588,74.125.68.0-255,2902,273900,69,276934
9104,0.069594,172.31.40.0-255,66,273966,69,276934
9105,0.069705,74.125.68.0-255,2902,276868,69,276934
9106,0.06971,172.31.40.0-255,66,276934,69,276934
9107,0.0,74.125.24.0-255,152,152,69,148331
9108,2.2e-05,172.31.40.0-255,66,218,69,148331
9109,2.8e-05,74.125.24.0-255,1484,1702,69,148331
9110,3.2e-05,172.31.40.0-255,66,1768,69,148331
9111,3.7e-05,74.125.24.0-255,2902,4670,69,148331
9112,4.1e-05,172.31.40.0-255,66,4736,69,148331
9113,4.4e-05,74.125.24.0-255,1484,6220,69,148331
9114,4.6e-05,172.31.40.0-255,66,6286,69,148331
9115,7.7e-05,74.125.24.0-255,5738,12024,69,148331
9116,8e-05,172.31.40.0-255,66,12090,69,148331
9117,0.000101,172.31.40.0-255,66,12156,69,148331
9118,0.000118,74.125.24.0-255,2074,14230,69,148331
9119,0.00012,172.31.40.0-255,66,14296,69,148331
9120,0.000131,172.31.40.0-255,66,14362,69,148331
9121,0.000155,74.125.24.0-255,5738,20100,69,148331
9122,0.000158,172.31.40.0-255,66,20166,69,148331
9123,0.00018,172.31.40.0-255,66,20232,69,148331
9124,0.000559,74.125.24.0-255,1484,21716,69,148331
9125,0.000563,172.31.40.0-255,66,21782,69,148331
9126,0.000569,74.125.24.0-255,2902,24684,69,148331
9127,0.000572,172.31.40.0-255,66,24750,69,148331
9128,0.000576,74.125.24.0-255,2902,27652,69,148331
9129,0.000579,172.31.40.0-255,66,27718,69,148331
9130,0.000598,74.125.24.0-255,2902,30620,69,148331
9131,0.000601,172.31.40.0-255,66,30686,69,148331
9132,0.000607,74.125.24.0-255,4320,35006,69,148331
9133,0.000609,172.31.40.0-255,66,35072,69,148331
9134,0.000629,74.125.24.0-255,3132,38204,69,148331
9135,0.000632,172.31.40.0-255,66,38270,69,148331
9136,0.000897,74.125.24.0-255,1484,39754,69,148331
9137,0.000902,74.125.24.0-255,1484,41238,69,148331
9138,0.000905,172.31.40.0-255,66,41304,69,148331
9139,0.000918,74.125.24.0-255,1484,42788,69,148331
9140,0.000946,74.125.24.0-255,5738,48526,69,148331
9141,0.000949,172.31.40.0-255,66,48592,69,148331
9142,0.000977,172.31.40.0-255,66,48658,69,148331
9143,0.000994,74.125.24.0-255,2902,51560,69,148331
9144,0.000996,172.31.40.0-255,66,51626,69,148331
9145,0.00101,74.125.24.0-255,2902,54528,69,148331
9146,0.001013,172.31.40.0-255,66,54594,69,148331
9147,0.00104,172.31.40.0-255,66,54660,69,148331
9148,0.001075,172.31.40.0-255,66,54726,69,148331
9149,0.001081,74.125.24.0-255,5738,60464,69,148331
9150,0.001084,172.31.40.0-255,66,60530,69,148331
9151,0.001121,74.125.24.0-255,5738,66268,69,148331
9152,0.001124,172.31.40.0-255,66,66334,69,148331
9153,0.001155,172.31.40.0-255,66,66400,69,148331
9154,0.001162,74.125.24.0-255,7156,73556,69,148331
9155,0.001165,172.31.40.0-255,66,73622,69,148331
9156,0.001203,172.31.40.0-255,66,73688,69,148331
9157,0.001208,74.125.24.0-255,5738,79426,69,148331
9158,0.00121,172.31.40.0-255,66,79492,69,148331
9159,0.001231,172.31.40.0-255,66,79558,69,148331
9160,0.001276,172.31.40.0-255,66,79624,69,148331
9161,0.001295,172.31.40.0-255,66,79690,69,148331
9162,0.0013,74.125.24.0-255,3602,83292,69,148331
9163,0.001302,172.31.40.0-255,66,83358,69,148331
9164,0.001329,172.31.40.0-255,66,83424,69,148331
9165,0.00136,172.31.40.0-255,66,83490,69,148331
9166,0.001372,172.31.40.0-255,66,83556,69,148331
9167,0.001394,74.125.24.0-255,3602,87158,69,148331
9168,0.001396,172.31.40.0-255,66,87224,69,148331
9169,0.001402,74.125.24.0-255,4320,91544,69,148331
9170,0.001404,172.31.40.0-255,66,91610,69,148331
9171,0.001454,172.31.40.0-255,66,91676,69,148331
9172,0.001464,172.31.40.0-255,66,91742,69,148331
9173,0.001476,172.31.40.0-255,66,91808,69,148331
9174,0.001557,172.31.40.0-255,66,91874,69,148331
9175,0.001577,172.31.40.0-255,66,91940,69,148331
9176,0.001583,74.125.24.0-255,6438,98378,69,148331
9177,0.001585,172.31.40.0-255,66,98444,69,148331
9178,0.001721,74.125.24.0-255,1484,99928,69,148331
9179,0.001725,74.125.24.0-255,1484,101412,69,148331
9180,0.001728,172.31.40.0-255,66,101478,69,148331
9181,0.00175,74.125.24.0-255,1484,102962,69,148331
9182,0.001758,74.125.24.0-255,5738,108700,69,148331
9183,0.001761,172.31.40.0-255,66,108766,69,148331
9184,0.001787,172.31.40.0-255,66,108832,69,148331
9185,0.001815,74.125.24.0-255,4320,113152,69,148331
9186,0.001817,172.31.40.0-255,66,113218,69,148331
9187,0.001824,74.125.24.0-255,7156,120374,69,148331
9188,0.001827,172.31.40.0-255,66,120440,69,148331
9189,0.001845,74.125.24.0-255,3602,124042,69,148331
9190,0.001848,172.31.40.0-255,66,124108,69,148331
9191,0.00189,74.125.24.0-255,4320,128428,69,148331
9192,0.001893,172.31.40.0-255,66,128494,69,148331
9193,0.0019,74.125.24.0-255,7156,135650,69,148331
9194,0.001903,172.31.40.0-255,66,135716,69,148331
9195,0.001934,172.31.40.0-255,66,135782,69,148331
9196,0.001954,74.125.24.0-255,2902,138684,69,148331
9197,0.001956,172.31.40.0-255,66,138750,69,148331
9198,0.001968,172.31.40.0-255,66,138816,69,148331
9199,0.002021,172.31.40.0-255,66,138882,69,148331
9200,0.002039,74.125.24.0-255,105,138987,69,148331
9201,0.008731,172.31.40.0-255,66,139053,69,148331
9202,0.008771,172.31.40.0-255,105,139158,69,148331
9203,0.010782,74.125.24.0-255,66,139224,69,148331
9204,0.034169,172.31.40.0-255,172,139396,69,148331
9205,0.034201,172.31.40.0-255,1116,140512,69,148331
9206,0.034266,172.31.40.0-255,1514,142026,69,148331
9207,0.034268,172.31.40.0-255,1514,143540,69,148331
9208,0.034274,172.31.40.0-255,1514,145054,69,148331
9209,0.034275,172.31.40.0-255,1514,146568,69,148331
9210,0.034306,172.31.40.0-255,1499,148067,69,148331
9211,0.035729,104.244.42.0-255,66,148133,69,148331
9212,0.03578,104.244.42.0-255,66,148199,69,148331
9213,0.035816,104.244.42.0-255,66,148265,69,148331
9214,0.035903,104.244.42.0-255,66,148331,69,148331
9215,0.0,74.125.200.0-255,146,146,69,399595
9216,2e-05,172.31.40.0-255,66,212,69,399595
9217,5.2e-05,74.125.200.0-255,1484,1696,69,399595
9218,5.6e-05,172.31.40.0-255,66,1762,69,399595
9219,6.1e-05,74.125.200.0-255,2902,4664,69,399595
9220,6.4e-05,172.31.40.0-255,66,4730,69,399595
9221,6.6e-05,74.125.200.0-255,1484,6214,69,399595
9222,6.8e-05,172.31.40.0-255,66,6280,69,399595
9223,0.000104,74.125.200.0-255,2902,9182,69,399595
9224,0.000106,172.31.40.0-255,66,9248,69,399595
9225,0.000112,74.125.200.0-255,4938,14186,69,399595
9226,0.000114,172.31.40.0-255,66,14252,69,399595
9227,0.00015,74.125.200.0-255,4320,18572,69,399595
9228,0.000152,172.31.40.0-255,66,18638,69,399595
9229,0.000176,74.125.200.0-255,5738,24376,69,399595
9230,0.000178,172.31.40.0-255,66,24442,69,399595
9231,0.000181,74.125.200.0-255,1484,25926,69,399595
9232,0.000183,172.31.40.0-255,66,25992,69,399595
9233,0.000204,74.125.200.0-255,2902,28894,69,399595
9234,0.000211,172.31.40.0-255,66,28960,69,399595
9235,0.000234,74.125.200.0-255,2543,31503,69,399595
9236,0.000236,172.31.40.0-255,66,31569,69,399595
9237,0.000368,74.125.200.0-255,1484,33053,69,399595
9238,0.000372,172.31.40.0-255,66,33119,69,399595
9239,0.000375,74.125.200.0-255,1484,34603,69,399595
9240,0.000377,172.31.40.0-255,66,34669,69,399595
9241,0.000417,74.125.200.0-255,2902,37571,69,399595
9242,0.000421,172.31.40.0-255,66,37637,69,399595
9243,0.000427,74.125.200.0-255,5738,43375,69,399595
9244,0.000429,172.31.40.0-255,66,43441,69,399595
9245,0.000431,74.125.200.0-255,1484,44925,69,399595
9246,0.000437,172.31.40.0-255,66,44991,69,399595
9247,0.000441,74.125.200.0-255,1484,46475,69,399595
9248,0.000462,74.125.200.0-255,1484,47959,69,399595
9249,0.000464,172.31.40.0-255,66,48025,69,399595
9250,0.000471,74.125.200.0-255,1125,49150,69,399595
9251,0.000769,74.125.200.0-255,1484,50634,69,399595
9252,0.000773,172.31.40.0-255,66,50700,69,399595
9253,0.000791,74.125.200.0-255,2902,53602,69,399595
9254,0.000794,172.31.40.0-255,66,53668,69,399595
9255,0.000815,74.125.200.0-255,1484,55152,69,399595
9256,0.000825,74.125.200.0-255,1484,56636,69,399595
9257,0.000827,172.31.40.0-255,66,56702,69,399595
9258,0.00083,74.125.200.0-255,1484,58186,69,399595
9259,0.000858,74.125.200.0-255,2902,61088,69,399595
9260,0.00086,172.31.40.0-255,66,61154,69,399595
9261,0.000866,74.125.200.0-255,5379,66533,69,399595
9262,0.000867,172.31.40.0-255,66,66599,69,399595
9263,0.000995,74.125.200.0-255,1484,68083,69,399595
9264,0.001036,74.125.200.0-255,1484,69567,69,399595
9265,0.001039,172.31.40.0-255,66,69633,69,399595
9266,0.001065,74.125.200.0-255,1484,71117,69,399595
9267,0.001068,74.125.200.0-255,1484,72601,69,399595
9268,0.00107,172.31.40.0-255,66,72667,69,399595
9269,0.001074,74.125.200.0-255,2902,75569,69,399595
9270,0.001076,172.31.40.0-255,66,75635,69,399595
9271,0.001082,74.125.200.0-255,5738,81373,69,399595
9272,0.001087,172.31.40.0-255,66,81439,69,399595
9273,0.001091,74.125.200.0-255,2543,83982,69,399595
9274,0.001093,172.31.40.0-255,66,84048,69,399595
9275,0.001125,74.125.200.0-255,2902,86950,69,399595
9276,0.001128,172.31.40.0-255,66,87016,69,399595
9277,0.001154,74.125.200.0-255,7156,94172,69,399595
9278,0.001157,172.31.40.0-255,66,94238,69,399595
9279,0.001203,172.31.40.0-255,66,94304,69,399595
9280,0.001209,74.125.200.0-255,5738,100042,69,399595
9281,0.001212,172.31.40.0-255,66,100108,69,399595
9282,0.001245,74.125.200.0-255,7156,107264,69,399595
9283,0.001248,172.31.40.0-255,66,107330,69,399595
9284,0.001252,74.125.200.0-255,2170,109500,69,399595
9285,0.001254,172.31.40.0-255,66,109566,69,399595
9286,0.001339,74.125.200.0-255,1484,111050,69,399595
9287,0.001354,74.125.200.0-255,2902,113952,69,399595
9288,0.001358,172.31.40.0-255,66,114018,69,399595
9289,0.001387,74.125.200.0-255,5738,119756,69,399595
9290,0.001391,172.31.40.0-255,66,119822,69,399595
9291,0.001397,74.125.200.0-255,2902,122724,69,399595
9292,0.001398,172.31.40.0-255,66,122790,69,399595
9293,0.001422,74.125.200.0-255,2902,125692,69,399595
9294,0.001429,172.31.40.0-255,66,125758,69,399595
9295,0.001461,74.125.200.0-255,4320,130078,69,399595
9296,0.001465,172.31.40.0-255,66,130144,69,399595
9297,0.001491,74.125.200.0-255,2902,133046,69,399595
9298,0.001496,74.125.200.0-255,4320,137366,69,399595
9299,0.0015,172.31.40.0-255,66,137432,69,399595
9300,0.001503,172.31.40.0-255,66,137498,69,399595
9301,0.001519,74.125.200.0-255,4320,141818,69,399595
9302,0.001522,172.31.40.0-255,66,141884,69,399595
9303,0.001526,74.125.200.0-255,2184,144068,69,399595
9304,0.001528,172.31.40.0-255,66,144134,69,399595
9305,0.001623,74.125.200.0-255,1484,145618,69,399595
9306,0.001627,74.125.200.0-255,1484,147102,69,399595
9307,0.00163,172.31.40.0-255,66,147168,69,399595
9308,0.001658,74.125.200.0-255,1484,148652,69,399595
9309,0.001662,74.125.200.0-255,1484,150136,69,399595
9310,0.001664,172.31.40.0-255,66,150202,69,399595
9311,0.001669,74.125.200.0-255,2902,153104,69,399595
9312,0.001671,172.31.40.0-255,66,153170,69,399595
9313,0.001705,74.125.200.0-255,5738,158908,69,399595
9314,0.001709,172.31.40.0-255,66,158974,69,399595
9315,0.001713,74.125.200.0-255,2902,161876,69,399595
9316,0.001715,172.31.40.0-255,66,161942,69,399595
9317,0.001719,74.125.200.0-255,2902,164844,69,399595
9318,0.001721,172.31.40.0-255,66,164910,69,399595
9319,0.001748,74.125.200.0-255,1484,166394,69,399595
9320,0.001751,74.125.200.0-255,1484,167878,69,399595
9321,0.001753,172.31.40.0-255,66,167944,69,399595
9322,0.001773,74.125.200.0-255,7156,175100,69,399595
9323,0.001776,172.31.40.0-255,66,175166,69,399595
9324,0.001818,74.125.200.0-255,3602,178768,69,399595
9325,0.001821,172.31.40.0-255,66,178834,69,399595
9326,0.001846,74.125.200.0-255,4320,183154,69,399595
9327,0.001849,172.31.40.0-255,66,183220,69,399595
9328,0.001853,74.125.200.0-255,2902,186122,69,399595
9329,0.001855,172.31.40.0-255,66,186188,69,399595
9330,0.001885,74.125.200.0-255,4320,190508,69,399595
9331,0.001889,172.31.40.0-255,66,190574,69,399595
9332,0.001922,74.125.200.0-255,7156,197730,69,399595
9333,0.001926,172.31.40.0-255,66,197796,69,399595
9334,0.001975,74.125.200.0-255,2902,200698,69,399595
9335,0.001977,172.31.40.0-255,66,200764,69,399595
9336,0.001983,74.125.200.0-255,4320,205084,69,399595
9337,0.001985,172.31.40.0-255,66,205150,69,399595
9338,0.002021,172.31.40.0-255,66,205216,69,399595
9339,0.002071,74.125.200.0-255,1484,206700,69,399595
9340,0.002086,74.125.200.0-255,2902,209602,69,399595
9341,0.002092,172.31.40.0-255,66,209668,69,399595
9342,0.002127,74.125.200.0-255,4320,213988,69,399595
9343,0.002132,74.125.200.0-255,2902,216890,69,399595
9344,0.002135,172.31.40.0-255,66,216956,69,399595
9345,0.002138,172.31.40.0-255,66,217022,69,399595
9346,0.002159,74.125.200.0-255,2902,219924,69,399595
9347,0.002161,172.31.40.0-255,66,219990,69,399595
9348,0.002165,74.125.200.0-255,2902,222892,69,399595
9349,0.002168,172.31.40.0-255,66,222958,69,399595
9350,0.002204,172.31.40.0-255,66,223024,69,399595
9351,0.002214,74.125.200.0-255,4320,227344,69,399595
9352,0.002217,172.31.40.0-255,66,227410,69,399595
9353,0.002222,74.125.200.0-255,3602,231012,69,399595
9354,0.002224,172.31.40.0-255,66,231078,69,399595
9355,0.004505,74.125.200.0-255,1484,232562,69,399595
9356,0.004532,74.125.200.0-255,4320,236882,69,399595
9357,0.004538,172.31.40.0-255,66,236948,69,399595
9358,0.006848,74.125.200.0-255,4320,241268,69,399595
9359,0.006852,172.31.40.0-255,66,241334,69,399595
9360,0.006878,74.125.200.0-255,1484,242818,69,399595
9361,0.009147,74.125.200.0-255,4320,247138,69,399595
9362,0.009154,172.31.40.0-255,66,247204,69,399595
9363,0.011458,74.125.200.0-255,5738,252942,69,399595
9364,0.011466,172.31.40.0-255,66,253008,69,399595
9365,0.0138,74.125.200.0-255,2902,255910,69,399595
9366,0.013811,172.31.40.0-255,66,255976,69,399595
9367,0.01385,74.125.200.0-255,2902,258878,69,399595
9368,0.013852,172.31.40.0-255,66,258944,69,399595
9369,0.016117,74.125.200.0-255,2902,261846,69,399595
9370,0.016126,172.31.40.0-255,66,261912,69,399595
9371,0.016151,74.125.200.0-255,2902,264814,69,399595
9372,0.016154,172.31.40.0-255,66,264880,69,399595
9373,0.018435,74.125.200.0-255,2902,267782,69,399595
9374,0.018443,172.31.40.0-255,66,267848,69,399595
9375,0.018473,74.125.200.0-255,2902,270750,69,399595
9376,0.018476,172.31.40.0-255,66,270816,69,399595
9377,0.020739,74.125.200.0-255,2902,273718,69,399595
9378,0.020745,172.31.40.0-255,66,273784,69,399595
9379,0.020774,74.125.200.0-255,2902,276686,69,399595
9380,0.020777,172.31.40.0-255,66,276752,69,399595
9381,0.02306,74.125.200.0-255,5738,282490,69,399595
9382,0.023067,172.31.40.0-255,66,282556,69,399595
9383,0.025373,74.125.200.0-255,5738,288294,69,399595
9384,0.025379,172.31.40.0-255,66,288360,69,399595
9385,0.02771,74.125.200.0-255,5738,294098,69,399595
9386,0.027718,172.31.40.0-255,66,294164,69,399595
9387,0.030017,74.125.200.0-255,2902,297066,69,399595
9388,0.030026,172.31.40.0-255,66,297132,69,399595
9389,0.030071,74.125.200.0-255,2902,300034,69,399595
9390,0.030075,172.31.40.0-255,66,300100,69,399595
9391,0.032328,74.125.200.0-255,2902,303002,69,399595
9392,0.032336,172.31.40.0-255,66,303068,69,399595
9393,0.03236,74.125.200.0-255,2902,305970,69,399595
9394,0.032363,172.31.40.0-255,66,306036,69,399595
9395,0.034319,172.31.40.0-255,172,306208,69,399595
9396,0.034351,172.31.40.0-255,1114,307322,69,399595
9397,0.034406,172.31.40.0-255,563,307885,69,399595
9398,0.034648,74.125.200.0-255,4320,312205,69,399595
9399,0.034655,172.31.40.0-255,66,312271,69,399595
9400,0.034683,74.125.200.0-255,1484,313755,69,399595
9401,0.035853,104.244.42.0-255,66,313821,69,399595
9402,0.035899,104.244.42.0-255,66,313887,69,399595
9403,0.035949,104.244.42.0-255,66,313953,69,399595
9404,0.03696,74.125.200.0-255,4320,318273,69,399595
9405,0.036967,172.31.40.0-255,66,318339,69,399595
9406,0.03928,74.125.200.0-255,5738,324077,69,399595
9407,0.039286,172.31.40.0-255,66,324143,69,399595
9408,0.041593,74.125.200.0-255,5738,329881,69,399595
9409,0.0416,172.31.40.0-255,66,329947,69,399595
9410,0.043907,74.125.200.0-255,5738,335685,69,399595
9411,0.043914,172.31.40.0-255,66,335751,69,399595
9412,0.046238,74.125.200.0-255,5738,341489,69,399595
9413,0.046243,172.31.40.0-255,66,341555,69,399595
9414,0.048551,74.125.200.0-255,5738,347293,69,399595
9415,0.048558,172.31.40.0-255,66,347359,69,399595
9416,0.050874,74.125.200.0-255,5738,353097,69,399595
9417,0.050881,172.31.40.0-255,66,353163,69,399595
9418,0.053186,74.125.200.0-255,5738,358901,69,399595
9419,0.053192,172.31.40.0-255,66,358967,69,399595
9420,0.055535,74.125.200.0-255,5738,364705,69,399595
9421,0.055542,172.31.40.0-255,66,364771,69,399595
9422,0.05784,74.125.200.0-255,5738,370509,69,399595
9423,0.057847,172.31.40.0-255,66,370575,69,399595
9424,0.060159,74.125.200.0-255,5738,376313,69,399595
9425,0.060166,172.31.40.0-255,66,376379,69,399595
9426,0.062471,74.125.200.0-255,5738,382117,69,399595
9427,0.062478,172.31.40.0-255,66,382183,69,399595
9428,0.064798,74.125.200.0-255,5738,387921,69,399595
9429,0.064804,172.31.40.0-255,66,387987,69,399595
9430,0.067109,74.125.200.0-255,5738,393725,69,399595
9431,0.067116,172.31.40.0-255,66,393791,69,399595
9432,0.069428,74.125.200.0-255,5738,399529,69,399595
9433,0.069435,172.31.40.0-255,66,399595,69,399595
9434,0.0,74.125.24.0-255,153,153,69,134991
9435,2.3e-05,172.31.40.0-255,66,219,69,134991
9436,3e-05,74.125.24.0-255,1484,1703,69,134991
9437,3.5e-05,172.31.40.0-255,66,1769,69,134991
9438,4.1e-05,74.125.24.0-255,2902,4671,69,134991
9439,5.2e-05,172.31.40.0-255,66,4737,69,134991
9440,6e-05,74.125.24.0-255,7156,11893,69,134991
9441,6.3e-05,172.31.40.0-255,66,11959,69,134991
9442,0.000111,172.31.40.0-255,66,12025,69,134991
9443,0.000124,172.31.40.0-255,66,12091,69,134991
9444,0.000149,74.125.24.0-255,4320,16411,69,134991
9445,0.000151,172.31.40.0-255,66,16477,69,134991
9446,0.000189,172.31.40.0-255,66,16543,69,134991
9447,0.000218,172.31.40.0-255,66,16609,69,134991
9448,0.000318,74.125.24.0-255,1484,18093,69,134991
9449,0.000322,172.31.40.0-255,66,18159,69,134991
9450,0.000328,74.125.24.0-255,2902,21061,69,134991
9451,0.00033,172.31.40.0-255,66,21127,69,134991
9452,0.000358,74.125.24.0-255,5738,26865,69,134991
9453,0.000362,172.31.40.0-255,66,26931,69,134991
9454,0.000395,172.31.40.0-255,66,26997,69,134991
9455,0.000425,74.125.24.0-255,2902,29899,69,134991
9456,0.000428,172.31.40.0-255,66,29965,69,134991
9457,0.000441,172.31.40.0-255,66,30031,69,134991
9458,0.000551,74.125.24.0-255,1484,31515,69,134991
9459,0.000556,172.31.40.0-255,66,31581,69,134991
9460,0.000561,74.125.24.0-255,2902,34483,69,134991
9461,0.000564,172.31.40.0-255,66,34549,69,134991
9462,0.00057,74.125.24.0-255,5738,40287,69,134991
9463,0.000577,172.31.40.0-255,66,40353,69,134991
9464,0.00058,74.125.24.0-255,1484,41837,69,134991
9465,0.000627,172.31.40.0-255,66,41903,69,134991
9466,0.000639,172.31.40.0-255,66,41969,69,134991
9467,0.000723,74.125.24.0-255,1484,43453,69,134991
9468,0.000728,74.125.24.0-255,2902,46355,69,134991
9469,0.000733,172.31.40.0-255,66,46421,69,134991
9470,0.000754,74.125.24.0-255,5738,52159,69,134991
9471,0.000757,172.31.40.0-255,66,52225,69,134991
9472,0.000769,172.31.40.0-255,66,52291,69,134991
9473,0.000805,172.31.40.0-255,66,52357,69,134991
9474,0.00084,172.31.40.0-255,66,52423,69,134991
9475,0.000863,172.31.40.0-255,66,52489,69,134991
9476,0.000893,172.31.40.0-255,66,52555,69,134991
9477,0.000997,74.125.24.0-255,1484,54039,69,134991
9478,0.001002,74.125.24.0-255,2902,56941,69,134991
9479,0.001012,172.31.40.0-255,66,57007,69,134991
9480,0.001032,74.125.24.0-255,5738,62745,69,134991
9481,0.00104,74.125.24.0-255,5738,68483,69,134991
9482,0.001046,172.31.40.0-255,66,68549,69,134991
9483,0.001075,74.125.24.0-255,7156,75705,69,134991
9484,0.001104,172.31.40.0-255,66,75771,69,134991
9485,0.001145,74.125.24.0-255,1484,77255,69,134991
9486,0.001169,74.125.24.0-255,2902,80157,69,134991
9487,0.001173,74.125.24.0-255,2902,83059,69,134991
9488,0.001179,172.31.40.0-255,66,83125,69,134991
9489,0.001204,74.125.24.0-255,2902,86027,69,134991
9490,0.001283,74.125.24.0-255,1484,87511,69,134991
9491,0.001398,74.125.24.0-255,4320,91831,69,134991
9492,0.00147,74.125.24.0-255,5020,96851,69,134991
9493,0.001472,74.125.24.0-255,1484,98335,69,134991
9494,0.001477,74.125.24.0-255,2902,101237,69,134991
9495,0.001497,74.125.24.0-255,5738,106975,69,134991
9496,0.001504,74.125.24.0-255,5738,112713,69,134991
9497,0.001536,74.125.24.0-255,7156,119869,69,134991
9498,0.001589,74.125.24.0-255,5738,125607,69,134991
9499,0.001627,74.125.24.0-255,105,125712,69,134991
9500,0.001876,172.31.40.0-255,66,125778,69,134991
9501,0.004843,172.31.40.0-255,105,125883,69,134991
9502,0.007122,74.125.24.0-255,66,125949,69,134991
9503,0.033511,172.31.40.0-255,172,126121,69,134991
9504,0.033554,172.31.40.0-255,1114,127235,69,134991
9505,0.033642,172.31.40.0-255,1514,128749,69,134991
9506,0.033644,172.31.40.0-255,1514,130263,69,134991
9507,0.033645,172.31.40.0-255,1514,131777,69,134991
9508,0.033649,172.31.40.0-255,1514,133291,69,134991
9509,0.033651,172.31.40.0-255,1502,134793,69,134991
9510,0.035066,104.244.42.0-255,66,134859,69,134991
9511,0.035154,104.244.42.0-255,66,134925,69,134991
9512,0.035251,104.244.42.0-255,66,134991,69,134991
9513,0.0,172.217.26.0-255,151,151,69,327294
9514,1.9e-05,172.31.40.0-255,66,217,69,327294
9515,2.5e-05,172.217.26.0-255,1484,1701,69,327294
9516,3e-05,172.31.40.0-255,66,1767,69,327294
9517,3.3e-05,172.217.26.0-255,1484,3251,69,327294
9518,3.6e-05,172.31.40.0-255,66,3317,69,327294
9519,3.9e-05,172.217.26.0-255,1484,4801,69,327294
9520,4.2e-05,172.31.40.0-255,66,4867,69,327294
9521,7e-05,172.217.26.0-255,1484,6351,69,327294
9522,7.2e-05,172.31.40.0-255,66,6417,69,327294
9523,7.9e-05,172.217.26.0-255,5738,12155,69,327294
9524,8.2e-05,172.31.40.0-255,66,12221,69,327294
9525,8.7e-05,172.217.26.0-255,3482,15703,69,327294
9526,8.9e-05,172.31.40.0-255,66,15769,69,327294
9527,9.3e-05,172.217.26.0-255,4320,20089,69,327294
9528,9.6e-05,172.31.40.0-255,66,20155,69,327294
9529,0.000102,172.217.26.0-255,5738,25893,69,327294
9530,0.000104,172.31.40.0-255,66,25959,69,327294
9531,0.000128,172.217.26.0-255,4320,30279,69,327294
9532,0.00013,172.31.40.0-255,66,30345,69,327294
9533,0.000133,172.217.26.0-255,1125,31470,69,327294
9534,0.000134,172.31.40.0-255,66,31536,69,327294
9535,0.000204,172.217.26.0-255,1484,33020,69,327294
9536,0.000208,172.31.40.0-255,66,33086,69,327294
9537,0.000212,172.217.26.0-255,2902,35988,69,327294
9538,0.000214,172.31.40.0-255,66,36054,69,327294
9539,0.000219,172.217.26.0-255,4320,40374,69,327294
9540,0.000221,172.31.40.0-255,66,40440,69,327294
9541,0.000243,172.217.26.0-255,1484,41924,69,327294
9542,0.000245,172.31.40.0-255,66,41990,69,327294
9543,0.000252,172.217.26.0-255,6797,48787,69,327294
9544,0.000254,172.31.40.0-255,66,48853,69,327294
9545,0.000284,172.31.40.0-255,66,48919,69,327294
9546,0.000287,172.217.26.0-255,2543,51462,69,327294
9547,0.000289,172.31.40.0-255,66,51528,69,327294
9548,0.000361,172.217.26.0-255,395,51923,69,327294
9549,0.000841,172.31.40.0-255,66,51989,69,327294
9550,0.001032,172.217.26.0-255,113,52102,69,327294
9551,0.00114,172.217.26.0-255,1484,53586,69,327294
9552,0.001145,172.31.40.0-255,66,53652,69,327294
9553,0.00115,172.217.26.0-255,2902,56554,69,327294
9554,0.001152,172.31.40.0-255,66,56620,69,327294
9555,0.001171,172.217.26.0-255,5738,62358,69,327294
9556,0.001172,172.31.40.0-255,66,62424,69,327294
9557,0.001197,172.217.26.0-255,6797,69221,69,327294
9558,0.001199,172.31.40.0-255,66,69287,69,327294
9559,0.001233,172.217.26.0-255,2902,72189,69,327294
9560,0.001235,172.31.40.0-255,66,72255,69,327294
9561,0.00125,172.217.26.0-255,4320,76575,69,327294
9562,0.001252,172.31.40.0-255,66,76641,69,327294
9563,0.001262,172.31.40.0-255,66,76707,69,327294
9564,0.001264,172.217.26.0-255,1125,77832,69,327294
9565,0.001379,172.217.26.0-255,1484,79316,69,327294
9566,0.001384,172.31.40.0-255,66,79382,69,327294
9567,0.001401,172.217.26.0-255,2902,82284,69,327294
9568,0.001403,172.31.40.0-255,66,82350,69,327294
9569,0.001406,172.217.26.0-255,1484,83834,69,327294
9570,0.001427,172.217.26.0-255,4320,88154,69,327294
9571,0.001429,172.31.40.0-255,66,88220,69,327294
9572,0.001456,172.31.40.0-255,66,88286,69,327294
9573,0.001463,172.217.26.0-255,5738,94024,69,327294
9574,0.001465,172.31.40.0-255,66,94090,69,327294
9575,0.001498,172.217.26.0-255,4320,98410,69,327294
9576,0.001501,172.31.40.0-255,66,98476,69,327294
9577,0.001507,172.217.26.0-255,5020,103496,69,327294
9578,0.001509,172.31.40.0-255,66,103562,69,327294
9579,0.00154,172.217.26.0-255,1484,105046,69,327294
9580,0.00157,172.217.26.0-255,1484,106530,69,327294
9581,0.001573,172.31.40.0-255,66,106596,69,327294
9582,0.00158,172.217.26.0-255,4320,110916,69,327294
9583,0.001582,172.31.40.0-255,66,110982,69,327294
9584,0.001593,172.31.40.0-255,66,111048,69,327294
9585,0.001595,172.217.26.0-255,1484,112532,69,327294
9586,0.001616,172.217.26.0-255,5738,118270,69,327294
9587,0.001619,172.31.40.0-255,66,118336,69,327294
9588,0.001629,172.31.40.0-255,66,118402,69,327294
9589,0.00165,172.217.26.0-255,2184,120586,69,327294
9590,0.001653,172.31.40.0-255,66,120652,69,327294
9591,0.003556,172.217.26.0-255,2902,123554,69,327294
9592,0.003561,172.31.40.0-255,66,123620,69,327294
9593,0.00358,172.217.26.0-255,2902,126522,69,327294
9594,0.003582,172.31.40.0-255,66,126588,69,327294
9595,0.005512,172.217.26.0-255,2902,129490,69,327294
9596,0.005515,172.31.40.0-255,66,129556,69,327294
9597,0.005534,172.217.26.0-255,2902,132458,69,327294
9598,0.005536,172.31.40.0-255,66,132524,69,327294
9599,0.007594,172.217.26.0-255,5738,138262,69,327294
9600,0.007601,172.31.40.0-255,66,138328,69,327294
9601,0.009544,172.217.26.0-255,5738,144066,69,327294
9602,0.009552,172.31.40.0-255,66,144132,69,327294
9603,0.011491,172.217.26.0-255,5738,149870,69,327294
9604,0.011498,172.31.40.0-255,66,149936,69,327294
9605,0.013438,172.217.26.0-255,5738,155674,69,327294
9606,0.013445,172.31.40.0-255,66,155740,69,327294
9607,0.015386,172.217.26.0-255,5738,161478,69,327294
9608,0.015393,172.31.40.0-255,66,161544,69,327294
9609,0.017335,172.217.26.0-255,5738,167282,69,327294
9610,0.017344,172.31.40.0-255,66,167348,69,327294
9611,0.019293,172.217.26.0-255,5738,173086,69,327294
9612,0.019301,172.31.40.0-255,66,173152,69,327294
9613,0.021257,172.217.26.0-255,5738,178890,69,327294
9614,0.021264,172.31.40.0-255,66,178956,69,327294
9615,0.023206,172.217.26.0-255,5738,184694,69,327294
9616,0.023213,172.31.40.0-255,66,184760,69,327294
9617,0.025157,172.217.26.0-255,5738,190498,69,327294
9618,0.025163,172.31.40.0-255,66,190564,69,327294
9619,0.027105,172.217.26.0-255,5738,196302,69,327294
9620,0.027114,172.31.40.0-255,66,196368,69,327294
9621,0.029064,172.217.26.0-255,5738,202106,69,327294
9622,0.029071,172.31.40.0-255,66,202172,69,327294
9623,0.031034,172.217.26.0-255,5738,207910,69,327294
9624,0.031042,172.31.40.0-255,66,207976,69,327294
9625,0.033005,172.217.26.0-255,5738,213714,69,327294
9626,0.033013,172.31.40.0-255,66,213780,69,327294
9627,0.034136,172.31.40.0-255,172,213952,69,327294
9628,0.034167,172.31.40.0-255,1114,215066,69,327294
9629,0.034231,172.31.40.0-255,1514,216580,69,327294
9630,0.034233,172.31.40.0-255,1514,218094,69,327294
9631,0.034234,172.31.40.0-255,1514,219608,69,327294
9632,0.034239,172.31.40.0-255,1514,221122,69,327294
9633,0.03424,172.31.40.0-255,1502,222624,69,327294
9634,0.034971,172.217.26.0-255,5738,228362,69,327294
9635,0.034978,172.31.40.0-255,66,228428,69,327294
9636,0.035709,104.244.42.0-255,66,228494,69,327294
9637,0.035829,104.244.42.0-255,66,228560,69,327294
9638,0.035835,104.244.42.0-255,66,228626,69,327294
9639,0.036924,172.217.26.0-255,5738,234364,69,327294
9640,0.036932,172.31.40.0-255,66,234430,69,327294
9641,0.038869,172.217.26.0-255,5738,240168,69,327294
9642,0.038879,172.31.40.0-255,66,240234,69,327294
9643,0.040814,172.217.26.0-255,5738,245972,69,327294
9644,0.040821,172.31.40.0-255,66,246038,69,327294
9645,0.04276,172.217.26.0-255,5738,251776,69,327294
9646,0.042767,172.31.40.0-255,66,251842,69,327294
9647,0.044723,172.217.26.0-255,5738,257580,69,327294
9648,0.044734,172.31.40.0-255,66,257646,69,327294
9649,0.04668,172.217.26.0-255,5738,263384,69,327294
9650,0.046686,172.31.40.0-255,66,263450,69,327294
9651,0.048643,172.217.26.0-255,5738,269188,69,327294
9652,0.04865,172.31.40.0-255,66,269254,69,327294
9653,0.050601,172.217.26.0-255,5738,274992,69,327294
9654,0.050608,172.31.40.0-255,66,275058,69,327294
9655,0.052566,172.217.26.0-255,5738,280796,69,327294
9656,0.052572,172.31.40.0-255,66,280862,69,327294
9657,0.054522,172.217.26.0-255,5738,286600,69,327294
9658,0.054528,172.31.40.0-255,66,286666,69,327294
9659,0.056471,172.217.26.0-255,5738,292404,69,327294
9660,0.056477,172.31.40.0-255,66,292470,69,327294
9661,0.058413,172.217.26.0-255,5738,298208,69,327294
9662,0.058419,172.31.40.0-255,66,298274,69,327294
9663,0.060365,172.217.26.0-255,5738,304012,69,327294
9664,0.060372,172.31.40.0-255,66,304078,69,327294
9665,0.06234,172.217.26.0-255,5738,309816,69,327294
9666,0.062346,172.31.40.0-255,66,309882,69,327294
9667,0.064302,172.217.26.0-255,5738,315620,69,327294
9668,0.06431,172.31.40.0-255,66,315686,69,327294
9669,0.06629,172.217.26.0-255,5738,321424,69,327294
9670,0.066296,172.31.40.0-255,66,321490,69,327294
9671,0.068282,172.217.26.0-255,5738,327228,69,327294
9672,0.068288,172.31.40.0-255,66,327294,69,327294
9673,0.0,142.250.4.0-255,146,146,69,174687
9674,1.6e-05,172.31.40.0-255,66,212,69,174687
9675,2.2e-05,142.250.4.0-255,1484,1696,69,174687
9676,2.6e-05,172.31.40.0-255,66,1762,69,174687
9677,3.1e-05,142.250.4.0-255,2902,4664,69,174687
9678,4e-05,172.31.40.0-255,66,4730,69,174687
9679,4.3e-05,142.250.4.0-255,1484,6214,69,174687
9680,4.6e-05,172.31.40.0-255,66,6280,69,174687
9681,6.4e-05,142.250.4.0-255,5738,12018,69,174687
9682,6.6e-05,172.31.40.0-255,66,12084,69,174687
9683,7.3e-05,142.250.4.0-255,2095,14179,69,174687
9684,7.5e-05,172.31.40.0-255,66,14245,69,174687
9685,0.000109,172.31.40.0-255,66,14311,69,174687
9686,0.000114,142.250.4.0-255,5379,19690,69,174687
9687,0.000117,172.31.40.0-255,66,19756,69,174687
9688,0.000215,142.250.4.0-255,1484,21240,69,174687
9689,0.000218,172.31.40.0-255,66,21306,69,174687
9690,0.000222,142.250.4.0-255,2902,24208,69,174687
9691,0.000225,172.31.40.0-255,66,24274,69,174687
9692,0.000229,142.250.4.0-255,2902,27176,69,174687
9693,0.00023,172.31.40.0-255,66,27242,69,174687
9694,0.000258,142.250.4.0-255,2902,30144,69,174687
9695,0.000261,172.31.40.0-255,66,30210,69,174687
9696,0.000277,172.31.40.0-255,66,30276,69,174687
9697,0.000286,172.31.40.0-255,66,30342,69,174687
9698,0.000316,142.250.4.0-255,2482,32824,69,174687
9699,0.000322,172.31.40.0-255,66,32890,69,174687
9700,0.000362,142.250.4.0-255,380,33270,69,174687
9701,0.000364,172.31.40.0-255,66,33336,69,174687
9702,0.000701,142.250.4.0-255,1484,34820,69,174687
9703,0.000706,172.31.40.0-255,66,34886,69,174687
9704,0.000712,142.250.4.0-255,2902,37788,69,174687
9705,0.000714,172.31.40.0-255,66,37854,69,174687
9706,0.000764,142.250.4.0-255,4320,42174,69,174687
9707,0.000767,172.31.40.0-255,66,42240,69,174687
9708,0.000774,142.250.4.0-255,5738,47978,69,174687
9709,0.000776,172.31.40.0-255,66,48044,69,174687
9710,0.000793,172.31.40.0-255,66,48110,69,174687
9711,0.0008,142.250.4.0-255,5738,53848,69,174687
9712,0.000803,172.31.40.0-255,66,53914,69,174687
9713,0.000828,142.250.4.0-255,2184,56098,69,174687
9714,0.000831,172.31.40.0-255,66,56164,69,174687
9715,0.000962,142.250.4.0-255,1484,57648,69,174687
9716,0.00097,172.31.40.0-255,66,57714,69,174687
9717,0.000975,142.250.4.0-255,2902,60616,69,174687
9718,0.000978,172.31.40.0-255,66,60682,69,174687
9719,0.000981,142.250.4.0-255,1484,62166,69,174687
9720,0.000983,172.31.40.0-255,66,62232,69,174687
9721,0.001005,142.250.4.0-255,4320,66552,69,174687
9722,0.00101,172.31.40.0-255,66,66618,69,174687
9723,0.001045,172.31.40.0-255,66,66684,69,174687
9724,0.001081,142.250.4.0-255,4320,71004,69,174687
9725,0.001115,142.250.4.0-255,1484,72488,69,174687
9726,0.001132,142.250.4.0-255,2902,75390,69,174687
9727,0.001151,142.250.4.0-255,5020,80410,69,174687
9728,0.001161,172.31.40.0-255,66,80476,69,174687
9729,0.001279,142.250.4.0-255,1484,81960,69,174687
9730,0.001293,142.250.4.0-255,2902,84862,69,174687
9731,0.001295,142.250.4.0-255,1484,86346,69,174687
9732,0.001312,142.250.4.0-255,4320,90666,69,174687
9733,0.001321,172.31.40.0-255,66,90732,69,174687
9734,0.001351,172.31.40.0-255,66,90798,69,174687
9735,0.001359,142.250.4.0-255,2902,93700,69,174687
9736,0.001363,142.250.4.0-255,4320,98020,69,174687
9737,0.001384,142.250.4.0-255,4320,102340,69,174687
9738,0.001389,142.250.4.0-255,2184,104524,69,174687
9739,0.001404,172.31.40.0-255,66,104590,69,174687
9740,0.001563,142.250.4.0-255,1484,106074,69,174687
9741,0.001569,142.250.4.0-255,2902,108976,69,174687
9742,0.001571,172.31.40.0-255,66,109042,69,174687
9743,0.001575,142.250.4.0-255,1484,110526,69,174687
9744,0.001603,142.250.4.0-255,4320,114846,69,174687
9745,0.001608,142.250.4.0-255,4320,119166,69,174687
9746,0.001611,142.250.4.0-255,2902,122068,69,174687
9747,0.00162,172.31.40.0-255,66,122134,69,174687
9748,0.001656,142.250.4.0-255,4320,126454,69,174687
9749,0.00166,172.31.40.0-255,66,126520,69,174687
9750,0.001689,142.250.4.0-255,4320,130840,69,174687
9751,0.001692,172.31.40.0-255,66,130906,69,174687
9752,0.001705,172.31.40.0-255,66,130972,69,174687
9753,0.001741,142.250.4.0-255,7156,138128,69,174687
9754,0.001789,172.31.40.0-255,66,138194,69,174687
9755,0.001814,142.250.4.0-255,4320,142514,69,174687
9756,0.00182,172.31.40.0-255,66,142580,69,174687
9757,0.001865,142.250.4.0-255,5738,148318,69,174687
9758,0.001872,172.31.40.0-255,66,148384,69,174687
9759,0.001884,142.250.4.0-255,7156,155540,69,174687
9760,0.001918,172.31.40.0-255,66,155606,69,174687
9761,0.001929,142.250.4.0-255,5738,161344,69,174687
9762,0.001961,172.31.40.0-255,66,161410,69,174687
9763,0.00204,172.31.40.0-255,66,161476,69,174687
9764,0.002046,172.31.40.0-255,66,161542,69,174687
9765,0.002064,142.250.4.0-255,2902,164444,69,174687
9766,0.002073,172.31.40.0-255,66,164510,69,174687
9767,0.002111,172.31.40.0-255,66,164576,69,174687
9768,0.002126,142.250.4.0-255,1484,166060,69,174687
9769,0.002146,142.250.4.0-255,6172,172232,69,174687
9770,0.002158,172.31.40.0-255,66,172298,69,174687
9771,0.004184,142.250.4.0-255,105,172403,69,174687
9772,0.005229,172.31.40.0-255,66,172469,69,174687
9773,0.005269,172.31.40.0-255,105,172574,69,174687
9774,0.007283,142.250.4.0-255,66,172640,69,174687
9775,0.033358,172.31.40.0-255,172,172812,69,174687
9776,0.033387,172.31.40.0-255,1112,173924,69,174687
9777,0.033452,172.31.40.0-255,565,174489,69,174687
9778,0.035005,104.244.42.0-255,66,174555,69,174687
9779,0.035055,104.244.42.0-255,66,174621,69,174687
9780,0.035065,104.244.42.0-255,66,174687,69,174687
9781,0.0,172.217.194.0-255,152,152,69,290194
9782,2.1e-05,172.31.40.0-255,66,218,69,290194
9783,2.8e-05,172.217.194.0-255,1484,1702,69,290194
9784,3.3e-05,172.31.40.0-255,66,1768,69,290194
9785,3.9e-05,172.217.194.0-255,2902,4670,69,290194
9786,4.4e-05,172.31.40.0-255,66,4736,69,290194
9787,5.9e-05,172.217.194.0-255,7156,11892,69,290194
9788,6.2e-05,172.31.40.0-255,66,11958,69,290194
9789,6.7e-05,172.217.194.0-255,2902,14860,69,290194
9790,6.9e-05,172.31.40.0-255,66,14926,69,290194
9791,0.000108,172.31.40.0-255,66,14992,69,290194
9792,0.000134,172.217.194.0-255,3449,18441,69,290194
9793,0.000137,172.31.40.0-255,66,18507,69,290194
9794,0.000158,172.31.40.0-255,66,18573,69,290194
9795,0.000163,172.217.194.0-255,2902,21475,69,290194
9796,0.000165,172.31.40.0-255,66,21541,69,290194
9797,0.000188,172.217.194.0-255,1125,22666,69,290194
9798,0.00019,172.31.40.0-255,66,22732,69,290194
9799,0.000548,172.217.194.0-255,1484,24216,69,290194
9800,0.000553,172.31.40.0-255,66,24282,69,290194
9801,0.000559,172.217.194.0-255,2902,27184,69,290194
9802,0.000562,172.31.40.0-255,66,27250,69,290194
9803,0.000569,172.217.194.0-255,5738,32988,69,290194
9804,0.000576,172.31.40.0-255,66,33054,69,290194
9805,0.000583,172.217.194.0-255,5738,38792,69,290194
9806,0.000586,172.31.40.0-255,66,38858,69,290194
9807,0.000633,172.217.194.0-255,1125,39983,69,290194
9808,0.000637,172.31.40.0-255,66,40049,69,290194
9809,0.00066,172.217.194.0-255,1484,41533,69,290194
9810,0.000663,172.31.40.0-255,66,41599,69,290194
9811,0.00069,172.217.194.0-255,2902,44501,69,290194
9812,0.000693,172.31.40.0-255,66,44567,69,290194
9813,0.000698,172.217.194.0-255,4320,48887,69,290194
9814,0.000701,172.31.40.0-255,66,48953,69,290194
9815,0.000713,172.31.40.0-255,66,49019,69,290194
9816,0.000739,172.217.194.0-255,1484,50503,69,290194
9817,0.000766,172.217.194.0-255,2902,53405,69,290194
9818,0.000769,172.31.40.0-255,66,53471,69,290194
9819,0.000776,172.217.194.0-255,5738,59209,69,290194
9820,0.000778,172.31.40.0-255,66,59275,69,290194
9821,0.00079,172.217.194.0-255,6797,66072,69,290194
9822,0.000792,172.31.40.0-255,66,66138,69,290194
9823,0.001538,172.217.194.0-255,1484,67622,69,290194
9824,0.001547,172.217.194.0-255,2902,70524,69,290194
9825,0.001551,172.31.40.0-255,66,70590,69,290194
9826,0.001557,172.217.194.0-255,1484,72074,69,290194
9827,0.001592,172.217.194.0-255,4320,76394,69,290194
9828,0.001594,172.31.40.0-255,66,76460,69,290194
9829,0.001599,172.217.194.0-255,2902,79362,69,290194
9830,0.001601,172.31.40.0-255,66,79428,69,290194
9831,0.001624,172.217.194.0-255,3399,82827,69,290194
9832,0.001631,172.31.40.0-255,66,82893,69,290194
9833,0.001717,172.217.194.0-255,1484,84377,69,290194
9834,0.001723,172.217.194.0-255,2902,87279,69,290194
9835,0.001726,172.31.40.0-255,66,87345,69,290194
9836,0.001732,172.217.194.0-255,4320,91665,69,290194
9837,0.001734,172.31.40.0-255,66,91731,69,290194
9838,0.001768,172.217.194.0-255,1484,93215,69,290194
9839,0.00178,172.217.194.0-255,7156,100371,69,290194
9840,0.001783,172.31.40.0-255,66,100437,69,290194
9841,0.001797,172.31.40.0-255,66,100503,69,290194
9842,0.001801,172.217.194.0-255,2184,102687,69,290194
9843,0.001803,172.31.40.0-255,66,102753,69,290194
9844,0.002304,172.217.194.0-255,1484,104237,69,290194
9845,0.002313,172.217.194.0-255,2902,107139,69,290194
9846,0.002317,172.31.40.0-255,66,107205,69,290194
9847,0.002326,172.217.194.0-255,4320,111525,69,290194
9848,0.002327,172.31.40.0-255,66,111591,69,290194
9849,0.002352,172.217.194.0-255,1484,113075,69,290194
9850,0.00237,172.31.40.0-255,66,113141,69,290194
9851,0.002382,172.31.40.0-255,66,113207,69,290194
9852,0.002438,172.217.194.0-255,1484,114691,69,290194
9853,0.002449,172.217.194.0-255,1484,116175,69,290194
9854,0.002452,172.31.40.0-255,66,116241,69,290194
9855,0.00248,172.217.194.0-255,1484,117725,69,290194
9856,0.002487,172.217.194.0-255,5738,123463,69,290194
9857,0.002489,172.31.40.0-255,66,123529,69,290194
9858,0.002494,172.217.194.0-255,2902,126431,69,290194
9859,0.002496,172.31.40.0-255,66,126497,69,290194
9860,0.00253,172.31.40.0-255,66,126563,69,290194
9861,0.002543,172.31.40.0-255,66,126629,69,290194
9862,0.002583,172.217.194.0-255,1484,128113,69,290194
9863,0.002588,172.217.194.0-255,2902,131015,69,290194
9864,0.00259,172.31.40.0-255,66,131081,69,290194
9865,0.002595,172.217.194.0-255,2902,133983,69,290194
9866,0.002597,172.31.40.0-255,66,134049,69,290194
9867,0.005097,172.217.194.0-255,5738,139787,69,290194
9868,0.005104,172.31.40.0-255,66,139853,69,290194
9869,0.007642,172.217.194.0-255,5738,145591,69,290194
9870,0.007648,172.31.40.0-255,66,145657,69,290194
9871,0.010196,172.217.194.0-255,5738,151395,69,290194
9872,0.010204,172.31.40.0-255,66,151461,69,290194
9873,0.012752,172.217.194.0-255,4320,155781,69,290194
9874,0.012758,172.31.40.0-255,66,155847,69,290194
9875,0.012776,172.217.194.0-255,1484,157331,69,290194
9876,0.015338,172.217.194.0-255,4320,161651,69,290194
9877,0.015344,172.31.40.0-255,66,161717,69,290194
9878,0.017864,172.217.194.0-255,5738,167455,69,290194
9879,0.017872,172.31.40.0-255,66,167521,69,290194
9880,0.020448,172.217.194.0-255,5738,173259,69,290194
9881,0.020455,172.31.40.0-255,66,173325,69,290194
9882,0.023009,172.217.194.0-255,5738,179063,69,290194
9883,0.023015,172.31.40.0-255,66,179129,69,290194
9884,0.025539,172.217.194.0-255,5738,184867,69,290194
9885,0.025546,172.31.40.0-255,66,184933,69,290194
9886,0.028077,172.217.194.0-255,5738,190671,69,290194
9887,0.028085,172.31.40.0-255,66,190737,69,290194
9888,0.02961,172.31.40.0-255,167,190904,69,290194
9889,0.029643,172.31.40.0-255,1116,192020,69,290194
9890,0.029707,172.31.40.0-255,1514,193534,69,290194
9891,0.029709,172.31.40.0-255,1514,195048,69,290194
9892,0.02971,172.31.40.0-255,1514,196562,69,290194
9893,0.029712,172.31.40.0-255,1514,198076,69,290194
9894,0.029712,172.31.40.0-255,540,198616,69,290194
9895,0.030604,172.217.194.0-255,5738,204354,69,290194
9896,0.030612,172.31.40.0-255,66,204420,69,290194
9897,0.031803,104.244.42.0-255,66,204486,69,290194
9898,0.033138,172.217.194.0-255,5738,210224,69,290194
9899,0.033142,172.31.40.0-255,66,210290,69,290194
9900,0.035653,172.217.194.0-255,5738,216028,69,290194
9901,0.035659,172.31.40.0-255,66,216094,69,290194
9902,0.038187,172.217.194.0-255,5738,221832,69,290194
9903,0.038194,172.31.40.0-255,66,221898,69,290194
9904,0.040736,172.217.194.0-255,5738,227636,69,290194
9905,0.040742,172.31.40.0-255,66,227702,69,290194
9906,0.043299,172.217.194.0-255,5738,233440,69,290194
9907,0.043305,172.31.40.0-255,66,233506,69,290194
9908,0.045844,172.217.194.0-255,5738,239244,69,290194
9909,0.045851,172.31.40.0-255,66,239310,69,290194
9910,0.048407,172.217.194.0-255,5738,245048,69,290194
9911,0.048413,172.31.40.0-255,66,245114,69,290194
9912,0.050951,172.217.194.0-255,5738,250852,69,290194
9913,0.050957,172.31.40.0-255,66,250918,69,290194
9914,0.053493,172.217.194.0-255,5738,256656,69,290194
9915,0.053501,172.31.40.0-255,66,256722,69,290194
9916,0.056044,172.217.194.0-255,5738,262460,69,290194
9917,0.056051,172.31.40.0-255,66,262526,69,290194
9918,0.058589,172.217.194.0-255,5738,268264,69,290194
9919,0.058596,172.31.40.0-255,66,268330,69,290194
9920,0.061135,172.217.194.0-255,4320,272650,69,290194
9921,0.061141,172.31.40.0-255,66,272716,69,290194
9922,0.061168,172.217.194.0-255,1484,274200,69,290194
9923,0.063656,172.217.194.0-255,4320,278520,69,290194
9924,0.063662,172.31.40.0-255,66,278586,69,290194
9925,0.066189,172.217.194.0-255,5738,284324,69,290194
9926,0.066195,172.31.40.0-255,66,284390,69,290194
9927,0.068762,172.217.194.0-255,5738,290128,69,290194
9928,0.068768,172.31.40.0-255,66,290194,69,290194
9929,0.0,172.217.194.0-255,150,150,69,236142
9930,2.3e-05,172.31.40.0-255,66,216,69,236142
9931,3e-05,172.217.194.0-255,1484,1700,69,236142
9932,3.5e-05,172.31.40.0-255,66,1766,69,236142
9933,4e-05,172.217.194.0-255,2902,4668,69,236142
9934,5.1e-05,172.31.40.0-255,66,4734,69,236142
9935,5.7e-05,172.217.194.0-255,4320,9054,69,236142
9936,6.1e-05,172.31.40.0-255,66,9120,69,236142
9937,9.7e-05,172.217.194.0-255,4892,14012,69,236142
9938,0.000101,172.31.40.0-255,66,14078,69,236142
9939,0.000188,172.217.194.0-255,1484,15562,69,236142
9940,0.000191,172.31.40.0-255,66,15628,69,236142
9941,0.000195,172.217.194.0-255,1484,17112,69,236142
9942,0.000197,172.31.40.0-255,66,17178,69,236142
9943,0.00023,172.217.194.0-255,1484,18662,69,236142
9944,0.000232,172.31.40.0-255,66,18728,69,236142
9945,0.000239,172.217.194.0-255,5738,24466,69,236142
9946,0.000242,172.31.40.0-255,66,24532,69,236142
9947,0.000246,172.217.194.0-255,2902,27434,69,236142
9948,0.000248,172.31.40.0-255,66,27500,69,236142
9949,0.000281,172.217.194.0-255,3961,31461,69,236142
9950,0.000284,172.31.40.0-255,66,31527,69,236142
9951,0.000693,172.217.194.0-255,1484,33011,69,236142
9952,0.000699,172.31.40.0-255,66,33077,69,236142
9953,0.000727,172.217.194.0-255,2902,35979,69,236142
9954,0.000729,172.31.40.0-255,66,36045,69,236142
9955,0.000736,172.217.194.0-255,5738,41783,69,236142
9956,0.000738,172.31.40.0-255,66,41849,69,236142
9957,0.000776,172.217.194.0-255,6797,48646,69,236142
9958,0.000779,172.31.40.0-255,66,48712,69,236142
9959,0.001183,172.217.194.0-255,1484,50196,69,236142
9960,0.001188,172.31.40.0-255,66,50262,69,236142
9961,0.001196,172.217.194.0-255,2902,53164,69,236142
9962,0.001198,172.31.40.0-255,66,53230,69,236142
9963,0.001209,172.217.194.0-255,5738,58968,69,236142
9964,0.001211,172.31.40.0-255,66,59034,69,236142
9965,0.001253,172.31.40.0-255,66,59100,69,236142
9966,0.001275,172.217.194.0-255,1484,60584,69,236142
9967,0.001287,172.217.194.0-255,1484,62068,69,236142
9968,0.00129,172.31.40.0-255,66,62134,69,236142
9969,0.001319,172.217.194.0-255,1484,63618,69,236142
9970,0.001324,172.217.194.0-255,5738,69356,69,236142
9971,0.001326,172.31.40.0-255,66,69422,69,236142
9972,0.001333,172.217.194.0-255,6797,76219,69,236142
9973,0.001336,172.31.40.0-255,66,76285,69,236142
9974,0.001381,172.217.194.0-255,5738,82023,69,236142
9975,0.001383,172.31.40.0-255,66,82089,69,236142
9976,0.001413,172.31.40.0-255,66,82155,69,236142
9977,0.002052,172.217.194.0-255,1484,83639,69,236142
9978,0.002059,172.217.194.0-255,1484,85123,69,236142
9979,0.002063,172.31.40.0-255,66,85189,69,236142
9980,0.002087,172.217.194.0-255,1484,86673,69,236142
9981,0.002093,172.217.194.0-255,5738,92411,69,236142
9982,0.002095,172.31.40.0-255,66,92477,69,236142
9983,0.002098,172.217.194.0-255,1484,93961,69,236142
9984,0.002124,172.217.194.0-255,5738,99699,69,236142
9985,0.002126,172.31.40.0-255,66,99765,69,236142
9986,0.002143,172.217.194.0-255,2902,102667,69,236142
9987,0.002145,172.31.40.0-255,66,102733,69,236142
9988,0.002162,172.31.40.0-255,66,102799,69,236142
9989,0.002375,172.217.194.0-255,1484,104283,69,236142
9990,0.002394,172.217.194.0-255,2902,107185,69,236142
9991,0.002396,172.31.40.0-255,66,107251,69,236142
9992,0.002401,172.217.194.0-255,2902,110153,69,236142
9993,0.002403,172.31.40.0-255,66,110219,69,236142
9994,0.002422,172.217.194.0-255,2902,113121,69,236142
9995,0.002424,172.31.40.0-255,66,113187,69,236142
9996,0.002449,172.31.40.0-255,66,113253,69,236142
9997,0.002474,172.217.194.0-255,4320,117573,69,236142
9998,0.002476,172.31.40.0-255,66,117639,69,236142
9999,0.002479,172.217.194.0-255,2902,120541,69,236142
10000,0.002481,172.31.40.0-255,66,120607,69,236142
10001,0.002506,172.217.194.0-255,2902,123509,69,236142
10002,0.002508,172.31.40.0-255,66,123575,69,236142
10003,0.002533,172.217.194.0-255,5020,128595,69,236142
10004,0.002536,172.31.40.0-255,66,128661,69,236142
10005,0.002551,172.217.194.0-255,1484,130145,69,236142
10006,0.002555,172.217.194.0-255,2902,133047,69,236142
10007,0.002557,172.31.40.0-255,66,133113,69,236142
10008,0.002585,172.217.194.0-255,5738,138851,69,236142
10009,0.002587,172.31.40.0-255,66,138917,69,236142
10010,0.002599,172.31.40.0-255,66,138983,69,236142
10011,0.002613,172.31.40.0-255,66,139049,69,236142
10012,0.002639,172.217.194.0-255,2184,141233,69,236142
10013,0.002641,172.31.40.0-255,66,141299,69,236142
10014,0.003199,172.217.194.0-255,1484,142783,69,236142
10015,0.003211,172.217.194.0-255,2902,145685,69,236142
10016,0.003213,172.31.40.0-255,66,145751,69,236142
10017,0.003217,172.217.194.0-255,2902,148653,69,236142
10018,0.003219,172.31.40.0-255,66,148719,69,236142
10019,0.003252,172.217.194.0-255,2902,151621,69,236142
10020,0.003254,172.31.40.0-255,66,151687,69,236142
10021,0.003265,172.31.40.0-255,66,151753,69,236142
10022,0.003295,172.217.194.0-255,2902,154655,69,236142
10023,0.003296,172.31.40.0-255,66,154721,69,236142
10024,0.003307,172.31.40.0-255,66,154787,69,236142
10025,0.003332,172.217.194.0-255,1484,156271,69,236142
10026,0.003335,172.217.194.0-255,2902,159173,69,236142
10027,0.003337,172.31.40.0-255,66,159239,69,236142
10028,0.003393,172.217.194.0-255,5738,164977,69,236142
10029,0.003396,172.31.40.0-255,66,165043,69,236142
10030,0.003404,172.217.194.0-255,5738,170781,69,236142
10031,0.003406,172.31.40.0-255,66,170847,69,236142
10032,0.003411,172.217.194.0-255,4320,175167,69,236142
10033,0.003413,172.31.40.0-255,66,175233,69,236142
10034,0.003416,172.217.194.0-255,1484,176717,69,236142
10035,0.003458,172.31.40.0-255,66,176783,69,236142
10036,0.003568,172.217.194.0-255,1484,178267,69,236142
10037,0.003587,172.217.194.0-255,2902,181169,69,236142
10038,0.00359,172.31.40.0-255,66,181235,69,236142
10039,0.003596,172.217.194.0-255,5738,186973,69,236142
10040,0.003598,172.31.40.0-255,66,187039,69,236142
10041,0.003629,172.217.194.0-255,4320,191359,69,236142
10042,0.003632,172.31.40.0-255,66,191425,69,236142
10043,0.00366,172.217.194.0-255,5738,197163,69,236142
10044,0.003662,172.31.40.0-255,66,197229,69,236142
10045,0.003673,172.31.40.0-255,66,197295,69,236142
10046,0.003676,172.217.194.0-255,2184,199479,69,236142
10047,0.003679,172.31.40.0-255,66,199545,69,236142
10048,0.00373,172.217.194.0-255,7156,206701,69,236142
10049,0.003733,172.31.40.0-255,66,206767,69,236142
10050,0.003739,172.217.194.0-255,5738,212505,69,236142
10051,0.003741,172.31.40.0-255,66,212571,69,236142
10052,0.003759,172.217.194.0-255,2902,215473,69,236142
10053,0.003762,172.31.40.0-255,66,215539,69,236142
10054,0.003767,172.217.194.0-255,4320,219859,69,236142
10055,0.003769,172.31.40.0-255,66,219925,69,236142
10056,0.003813,172.31.40.0-255,66,219991,69,236142
10057,0.003822,172.31.40.0-255,66,220057,69,236142
10058,0.003832,172.31.40.0-255,66,220123,69,236142
10059,0.003864,172.31.40.0-255,66,220189,69,236142
10060,0.003892,172.217.194.0-255,5020,225209,69,236142
10061,0.003894,172.31.40.0-255,66,225275,69,236142
10062,0.003925,172.217.194.0-255,1484,226759,69,236142
10063,0.003989,172.217.194.0-255,105,226864,69,236142
10064,0.004537,172.31.40.0-255,66,226930,69,236142
10065,0.007093,172.31.40.0-255,105,227035,69,236142
10066,0.009692,172.217.194.0-255,66,227101,69,236142
10067,0.038024,172.31.40.0-255,172,227273,69,236142
10068,0.038059,172.31.40.0-255,1112,228385,69,236142
10069,0.038128,172.31.40.0-255,1514,229899,69,236142
10070,0.03813,172.31.40.0-255,1514,231413,69,236142
10071,0.038131,172.31.40.0-255,1514,232927,69,236142
10072,0.038136,172.31.40.0-255,1514,234441,69,236142
10073,0.038159,172.31.40.0-255,1503,235944,69,236142
10074,0.039712,104.244.42.0-255,66,236010,69,236142
10075,0.039722,104.244.42.0-255,66,236076,69,236142
10076,0.039816,104.244.42.0-255,66,236142,69,236142
10077,0.0,172.31.40.0-255,105,105,69,105
10078,0.0,172.31.40.0-255,105,105,69,276
10079,0.001887,157.240.7.0-255,105,210,69,276
10080,0.001902,172.31.40.0-255,66,276,69,276
10081,0.0,172.31.40.0-255,105,105,69,276
10082,0.002169,157.240.7.0-255,105,210,69,276
10083,0.002178,172.31.40.0-255,66,276,69,276
10084,0.0,74.125.68.0-255,431,431,69,126315
10085,1.2e-05,74.125.68.0-255,1484,1915,69,126315
10086,1.9e-05,172.31.40.0-255,66,1981,69,126315
10087,2.9e-05,74.125.68.0-255,4320,6301,69,126315
10088,3.2e-05,172.31.40.0-255,66,6367,69,126315
10089,0.000188,74.125.68.0-255,4320,10687,69,126315
10090,0.000194,172.31.40.0-255,66,10753,69,126315
10091,0.000378,74.125.68.0-255,4875,15628,69,126315
10092,0.000382,172.31.40.0-255,66,15694,69,126315
10093,0.000605,172.31.40.0-255,66,15760,69,126315
10094,0.000625,74.125.68.0-255,2902,18662,69,126315
10095,0.000628,172.31.40.0-255,66,18728,69,126315
10096,0.001103,74.125.68.0-255,2902,21630,69,126315
10097,0.001109,172.31.40.0-255,66,21696,69,126315
10098,0.002306,74.125.68.0-255,5738,27434,69,126315
10099,0.00269,172.31.40.0-255,66,27500,69,126315
10100,0.002988,74.125.68.0-255,4320,31820,69,126315
10101,0.002993,172.31.40.0-255,66,31886,69,126315
10102,0.003051,172.31.40.0-255,66,31952,69,126315
10103,0.003736,74.125.68.0-255,4320,36272,69,126315
10104,0.00374,172.31.40.0-255,66,36338,69,126315
10105,0.00439,172.31.40.0-255,66,36404,69,126315
10106,0.004415,74.125.68.0-255,7156,43560,69,126315
10107,0.004437,172.31.40.0-255,66,43626,69,126315
10108,0.004999,74.125.68.0-255,7156,50782,69,126315
10109,0.005004,172.31.40.0-255,66,50848,69,126315
10110,0.005024,74.125.68.0-255,4320,55168,69,126315
10111,0.00509,74.125.68.0-255,5738,60906,69,126315
10112,0.005152,172.31.40.0-255,66,60972,69,126315
10113,0.005516,74.125.68.0-255,4320,65292,69,126315
10114,0.005522,172.31.40.0-255,66,65358,69,126315
10115,0.005555,172.31.40.0-255,66,65424,69,126315
10116,0.005577,74.125.68.0-255,7156,72580,69,126315
10117,0.00558,172.31.40.0-255,66,72646,69,126315
10118,0.006695,74.125.68.0-255,4320,76966,69,126315
10119,0.006703,172.31.40.0-255,66,77032,69,126315
10120,0.006757,172.31.40.0-255,66,77098,69,126315
10121,0.007299,74.125.68.0-255,1514,78612,69,126315
10122,0.007307,172.31.40.0-255,66,78678,69,126315
10123,0.007498,172.31.40.0-255,66,78744,69,126315
10124,0.007546,172.31.40.0-255,66,78810,69,126315
10125,0.007563,74.125.68.0-255,4320,83130,69,126315
10126,0.007566,172.31.40.0-255,66,83196,69,126315
10127,0.007581,74.125.68.0-255,2902,86098,69,126315
10128,0.007583,172.31.40.0-255,66,86164,69,126315
10129,0.007899,74.125.68.0-255,7156,93320,69,126315
10130,0.007904,172.31.40.0-255,66,93386,69,126315
10131,0.007944,172.31.40.0-255,66,93452,69,126315
10132,0.008032,172.31.40.0-255,66,93518,69,126315
10133,0.008522,172.31.40.0-255,66,93584,69,126315
10134,0.008561,172.31.40.0-255,66,93650,69,126315
10135,0.009058,74.125.68.0-255,5738,99388,69,126315
10136,0.009063,172.31.40.0-255,66,99454,69,126315
10137,0.009102,172.31.40.0-255,66,99520,69,126315
10138,0.009112,74.125.68.0-255,1590,101110,69,126315
10139,0.009128,172.31.40.0-255,66,101176,69,126315
10140,0.009611,74.125.68.0-255,2902,104078,69,126315
10141,0.009616,172.31.40.0-255,66,104144,69,126315
10142,0.009664,172.31.40.0-255,66,104210,69,126315
10143,0.009724,172.31.40.0-255,66,104276,69,126315
10144,0.009839,74.125.68.0-255,5738,110014,69,126315
10145,0.00985,172.31.40.0-255,66,110080,69,126315
10146,0.00987,74.125.68.0-255,6891,116971,69,126315
10147,0.009905,172.31.40.0-255,66,117037,69,126315
10148,0.013318,172.31.40.0-255,105,117142,69,126315
10149,0.015601,74.125.68.0-255,66,117208,69,126315
10150,0.031134,172.31.40.0-255,172,117380,69,126315
10151,0.031167,172.31.40.0-255,1116,118496,69,126315
10152,0.031249,172.31.40.0-255,1514,120010,69,126315
10153,0.031251,172.31.40.0-255,1514,121524,69,126315
10154,0.031257,172.31.40.0-255,1514,123038,69,126315
10155,0.031258,172.31.40.0-255,1514,124552,69,126315
10156,0.031288,172.31.40.0-255,1499,126051,69,126315
10157,0.032731,104.244.42.0-255,66,126117,69,126315
10158,0.032764,104.244.42.0-255,66,126183,69,126315
10159,0.032827,104.244.42.0-255,66,126249,69,126315
10160,0.032886,104.244.42.0-255,66,126315,69,126315
10161,0.0,172.31.40.0-255,105,105,69,459
10162,0.000185,172.31.40.0-255,90,195,69,459
10163,0.000195,172.31.40.0-255,66,261,69,459
10164,0.002185,74.125.130.0-255,66,327,69,459
10165,0.002217,74.125.130.0-255,66,393,69,459
10166,0.002239,172.31.40.0-255,66,459,69,459
10167,0.0,172.217.24.0-255,153,153,69,302645
10168,2.4e-05,172.31.40.0-255,66,219,69,302645
10169,3.1e-05,172.217.24.0-255,1484,1703,69,302645
10170,3.6e-05,172.31.40.0-255,66,1769,69,302645
10171,3.9e-05,172.217.24.0-255,1484,3253,69,302645
10172,4.9e-05,172.31.40.0-255,66,3319,69,302645
10173,5.5e-05,172.217.24.0-255,2902,6221,69,302645
10174,5.9e-05,172.31.40.0-255,66,6287,69,302645
10175,6.8e-05,172.217.24.0-255,5738,12025,69,302645
10176,7.2e-05,172.31.40.0-255,66,12091,69,302645
10177,7.6e-05,172.217.24.0-255,2092,14183,69,302645
10178,7.9e-05,172.31.40.0-255,66,14249,69,302645
10179,0.000111,172.217.24.0-255,2902,17151,69,302645
10180,0.000114,172.31.40.0-255,66,17217,69,302645
10181,0.000125,172.217.24.0-255,1484,18701,69,302645
10182,0.000127,172.31.40.0-255,66,18767,69,302645
10183,0.000158,172.217.24.0-255,2902,21669,69,302645
10184,0.000161,172.31.40.0-255,66,21735,69,302645
10185,0.000168,172.217.24.0-255,5738,27473,69,302645
10186,0.00017,172.31.40.0-255,66,27539,69,302645
10187,0.00018,172.217.24.0-255,3961,31500,69,302645
10188,0.000182,172.31.40.0-255,66,31566,69,302645
10189,0.000283,172.217.24.0-255,1484,33050,69,302645
10190,0.000286,172.31.40.0-255,66,33116,69,302645
10191,0.00029,172.217.24.0-255,1484,34600,69,302645
10192,0.000292,172.31.40.0-255,66,34666,69,302645
10193,0.000312,172.217.24.0-255,1484,36150,69,302645
10194,0.000314,172.31.40.0-255,66,36216,69,302645
10195,0.000321,172.217.24.0-255,5738,41954,69,302645
10196,0.000328,172.31.40.0-255,66,42020,69,302645
10197,0.000336,172.217.24.0-255,6797,48817,69,302645
10198,0.000339,172.31.40.0-255,66,48883,69,302645
10199,0.000387,172.217.24.0-255,1484,50367,69,302645
10200,0.000393,172.217.24.0-255,2902,53269,69,302645
10201,0.000395,172.31.40.0-255,66,53335,69,302645
10202,0.000422,172.217.24.0-255,5738,59073,69,302645
10203,0.000424,172.31.40.0-255,66,59139,69,302645
10204,0.000432,172.217.24.0-255,5738,64877,69,302645
10205,0.000434,172.31.40.0-255,66,64943,69,302645
10206,0.000449,172.217.24.0-255,1125,66068,69,302645
10207,0.00094,172.217.24.0-255,356,66424,69,302645
10208,0.001102,172.31.40.0-255,66,66490,69,302645
10209,0.001274,172.217.24.0-255,386,66876,69,302645
10210,0.00138,172.217.24.0-255,1484,68360,69,302645
10211,0.001385,172.31.40.0-255,66,68426,69,302645
10212,0.001393,172.217.24.0-255,2902,71328,69,302645
10213,0.001395,172.31.40.0-255,66,71394,69,302645
10214,0.001425,172.217.24.0-255,5738,77132,69,302645
10215,0.001427,172.31.40.0-255,66,77198,69,302645
10216,0.001453,172.217.24.0-255,5738,82936,69,302645
10217,0.001455,172.31.40.0-255,66,83002,69,302645
10218,0.001478,172.217.24.0-255,1125,84127,69,302645
10219,0.001498,172.217.24.0-255,1484,85611,69,302645
10220,0.001501,172.31.40.0-255,66,85677,69,302645
10221,0.001505,172.217.24.0-255,2902,88579,69,302645
10222,0.001507,172.31.40.0-255,66,88645,69,302645
10223,0.001534,172.217.24.0-255,1484,90129,69,302645
10224,0.00154,172.217.24.0-255,5738,95867,69,302645
10225,0.001542,172.31.40.0-255,66,95933,69,302645
10226,0.001564,172.217.24.0-255,1484,97417,69,302645
10227,0.001575,172.217.24.0-255,1484,98901,69,302645
10228,0.001577,172.31.40.0-255,66,98967,69,302645
10229,0.001605,172.217.24.0-255,2543,101510,69,302645
10230,0.001607,172.31.40.0-255,66,101576,69,302645
10231,0.003614,172.217.24.0-255,2902,104478,69,302645
10232,0.003621,172.31.40.0-255,66,104544,69,302645
10233,0.00365,172.217.24.0-255,2902,107446,69,302645
10234,0.003653,172.31.40.0-255,66,107512,69,302645
10235,0.005663,172.217.24.0-255,2902,110414,69,302645
10236,0.005671,172.31.40.0-255,66,110480,69,302645
10237,0.005705,172.217.24.0-255,2902,113382,69,302645
10238,0.005708,172.31.40.0-255,66,113448,69,302645
10239,0.007712,172.217.24.0-255,2902,116350,69,302645
10240,0.007718,172.31.40.0-255,66,116416,69,302645
10241,0.007751,172.217.24.0-255,2902,119318,69,302645
10242,0.007754,172.31.40.0-255,66,119384,69,302645
10243,0.009764,172.217.24.0-255,2902,122286,69,302645
10244,0.00977,172.31.40.0-255,66,122352,69,302645
10245,0.009794,172.217.24.0-255,2902,125254,69,302645
10246,0.009796,172.31.40.0-255,66,125320,69,302645
10247,0.011808,172.217.24.0-255,2902,128222,69,302645
10248,0.011813,172.31.40.0-255,66,128288,69,302645
10249,0.011843,172.217.24.0-255,2902,131190,69,302645
10250,0.011846,172.31.40.0-255,66,131256,69,302645
10251,0.013869,172.217.24.0-255,2902,134158,69,302645
10252,0.013876,172.31.40.0-255,66,134224,69,302645
10253,0.013904,172.217.24.0-255,2902,137126,69,302645
10254,0.013906,172.31.40.0-255,66,137192,69,302645
10255,0.015946,172.217.24.0-255,2902,140094,69,302645
10256,0.015952,172.31.40.0-255,66,140160,69,302645
10257,0.01598,172.217.24.0-255,2902,143062,69,302645
10258,0.015982,172.31.40.0-255,66,143128,69,302645
10259,0.017994,172.217.24.0-255,2902,146030,69,302645
10260,0.018002,172.31.40.0-255,66,146096,69,302645
10261,0.018034,172.217.24.0-255,2902,148998,69,302645
10262,0.018038,172.31.40.0-255,66,149064,69,302645
10263,0.020057,172.217.24.0-255,2902,151966,69,302645
10264,0.020066,172.31.40.0-255,66,152032,69,302645
10265,0.020104,172.217.24.0-255,2902,154934,69,302645
10266,0.020106,172.31.40.0-255,66,155000,69,302645
10267,0.022117,172.217.24.0-255,2902,157902,69,302645
10268,0.022123,172.31.40.0-255,66,157968,69,302645
10269,0.02215,172.217.24.0-255,2902,160870,69,302645
10270,0.022153,172.31.40.0-255,66,160936,69,302645
10271,0.024165,172.217.24.0-255,2902,163838,69,302645
10272,0.024173,172.31.40.0-255,66,163904,69,302645
10273,0.02421,172.217.24.0-255,2902,166806,69,302645
10274,0.024213,172.31.40.0-255,66,166872,69,302645
10275,0.026214,172.217.24.0-255,2902,169774,69,302645
10276,0.026221,172.31.40.0-255,66,169840,69,302645
10277,0.026246,172.217.24.0-255,2902,172742,69,302645
10278,0.026249,172.31.40.0-255,66,172808,69,302645
10279,0.028265,172.217.24.0-255,2902,175710,69,302645
10280,0.028272,172.31.40.0-255,66,175776,69,302645
10281,0.028305,172.217.24.0-255,2902,178678,69,302645
10282,0.028308,172.31.40.0-255,66,178744,69,302645
10283,0.030313,172.217.24.0-255,2902,181646,69,302645
10284,0.03032,172.31.40.0-255,66,181712,69,302645
10285,0.03035,172.217.24.0-255,2902,184614,69,302645
10286,0.030353,172.31.40.0-255,66,184680,69,302645
10287,0.032399,172.217.24.0-255,5738,190418,69,302645
10288,0.032405,172.31.40.0-255,66,190484,69,302645
10289,0.034452,172.217.24.0-255,5738,196222,69,302645
10290,0.034459,172.31.40.0-255,66,196288,69,302645
10291,0.035136,172.31.40.0-255,172,196460,69,302645
10292,0.035165,172.31.40.0-255,1116,197576,69,302645
10293,0.035231,172.31.40.0-255,1514,199090,69,302645
10294,0.035234,172.31.40.0-255,1514,200604,69,302645
10295,0.03524,172.31.40.0-255,1514,202118,69,302645
10296,0.035241,172.31.40.0-255,1514,203632,69,302645
10297,0.03526,172.31.40.0-255,1499,205131,69,302645
10298,0.03652,172.217.24.0-255,5738,210869,69,302645
10299,0.036527,172.31.40.0-255,66,210935,69,302645
10300,0.036807,104.244.42.0-255,66,211001,69,302645
10301,0.036815,104.244.42.0-255,66,211067,69,302645
10302,0.036913,104.244.42.0-255,66,211133,69,302645
10303,0.038568,172.217.24.0-255,5738,216871,69,302645
10304,0.038574,172.31.40.0-255,66,216937,69,302645
10305,0.040616,172.217.24.0-255,5738,222675,69,302645
10306,0.040627,172.31.40.0-255,66,222741,69,302645
10307,0.042687,172.217.24.0-255,5738,228479,69,302645
10308,0.042695,172.31.40.0-255,66,228545,69,302645
10309,0.044744,172.217.24.0-255,5738,234283,69,302645
10310,0.04475,172.31.40.0-255,66,234349,69,302645
10311,0.046786,172.217.24.0-255,4320,238669,69,302645
10312,0.04679,172.31.40.0-255,66,238735,69,302645
10313,0.046814,172.217.24.0-255,1484,240219,69,302645
10314,0.048831,172.217.24.0-255,4320,244539,69,302645
10315,0.048836,172.31.40.0-255,66,244605,69,302645
10316,0.050909,172.217.24.0-255,5738,250343,69,302645
10317,0.050916,172.31.40.0-255,66,250409,69,302645
10318,0.052961,172.217.24.0-255,5738,256147,69,302645
10319,0.052966,172.31.40.0-255,66,256213,69,302645
10320,0.055011,172.217.24.0-255,5738,261951,69,302645
10321,0.055018,172.31.40.0-255,66,262017,69,302645
10322,0.057067,172.217.24.0-255,5738,267755,69,302645
10323,0.057073,172.31.40.0-255,66,267821,69,302645
10324,0.059119,172.217.24.0-255,5738,273559,69,302645
10325,0.059125,172.31.40.0-255,66,273625,69,302645
10326,0.061163,172.217.24.0-255,5738,279363,69,302645
10327,0.061169,172.31.40.0-255,66,279429,69,302645
10328,0.063208,172.217.24.0-255,5738,285167,69,302645
10329,0.063213,172.31.40.0-255,66,285233,69,302645
10330,0.065268,172.217.24.0-255,5738,290971,69,302645
10331,0.065273,172.31.40.0-255,66,291037,69,302645
10332,0.067312,172.217.24.0-255,5738,296775,69,302645
10333,0.067317,172.31.40.0-255,66,296841,69,302645
10334,0.069356,172.217.24.0-255,5738,302579,69,302645
10335,0.069361,172.31.40.0-255,66,302645,69,302645
10336,0.0,172.31.40.0-255,105,105,69,459
10337,0.000213,172.31.40.0-255,90,195,69,459
10338,0.000223,172.31.40.0-255,66,261,69,459
10339,0.002294,74.125.24.0-255,66,327,69,459
10340,0.002325,74.125.24.0-255,66,393,69,459
10341,0.002346,172.31.40.0-255,66,459,69,459
10342,0.0,74.125.24.0-255,143,143,69,316556
10343,2.2e-05,172.31.40.0-255,66,209,69,316556
10344,2.9e-05,74.125.24.0-255,1484,1693,69,316556
10345,3.4e-05,172.31.40.0-255,66,1759,69,316556
10346,3.9e-05,74.125.24.0-255,2902,4661,69,316556
10347,4.2e-05,172.31.40.0-255,66,4727,69,316556
10348,5.1e-05,74.125.24.0-255,7156,11883,69,316556
10349,5.5e-05,172.31.40.0-255,66,11949,69,316556
10350,5.9e-05,74.125.24.0-255,2103,14052,69,316556
10351,6.1e-05,172.31.40.0-255,66,14118,69,316556
10352,0.000181,74.125.24.0-255,1484,15602,69,316556
10353,0.000186,172.31.40.0-255,66,15668,69,316556
10354,0.000192,74.125.24.0-255,2902,18570,69,316556
10355,0.000194,172.31.40.0-255,66,18636,69,316556
10356,0.000217,74.125.24.0-255,5738,24374,69,316556
10357,0.00022,172.31.40.0-255,66,24440,69,316556
10358,0.000223,74.125.24.0-255,1484,25924,69,316556
10359,0.000225,172.31.40.0-255,66,25990,69,316556
10360,0.000249,74.125.24.0-255,5379,31369,69,316556
10361,0.000251,172.31.40.0-255,66,31435,69,316556
10362,0.000369,74.125.24.0-255,1484,32919,69,316556
10363,0.000373,172.31.40.0-255,66,32985,69,316556
10364,0.000378,74.125.24.0-255,2902,35887,69,316556
10365,0.00038,172.31.40.0-255,66,35953,69,316556
10366,0.000385,74.125.24.0-255,2902,38855,69,316556
10367,0.000387,172.31.40.0-255,66,38921,69,316556
10368,0.000408,74.125.24.0-255,2902,41823,69,316556
10369,0.000411,172.31.40.0-255,66,41889,69,316556
10370,0.000432,74.125.24.0-255,4320,46209,69,316556
10371,0.000434,172.31.40.0-255,66,46275,69,316556
10372,0.000457,74.125.24.0-255,2543,48818,69,316556
10373,0.000459,172.31.40.0-255,66,48884,69,316556
10374,0.000964,74.125.24.0-255,1484,50368,69,316556
10375,0.000974,74.125.24.0-255,2902,53270,69,316556
10376,0.000979,172.31.40.0-255,66,53336,69,316556
10377,0.000999,74.125.24.0-255,1484,54820,69,316556
10378,0.001014,74.125.24.0-255,4320,59140,69,316556
10379,0.001016,172.31.40.0-255,66,59206,69,316556
10380,0.001055,74.125.24.0-255,6797,66003,69,316556
10381,0.001058,172.31.40.0-255,66,66069,69,316556
10382,0.001078,74.125.24.0-255,1484,67553,69,316556
10383,0.001083,74.125.24.0-255,2902,70455,69,316556
10384,0.001086,172.31.40.0-255,66,70521,69,316556
10385,0.00111,74.125.24.0-255,5738,76259,69,316556
10386,0.001113,172.31.40.0-255,66,76325,69,316556
10387,0.001126,74.125.24.0-255,2902,79227,69,316556
10388,0.001129,172.31.40.0-255,66,79293,69,316556
10389,0.001147,74.125.24.0-255,4541,83834,69,316556
10390,0.00115,172.31.40.0-255,66,83900,69,316556
10391,0.001222,74.125.24.0-255,1484,85384,69,316556
10392,0.001226,74.125.24.0-255,1484,86868,69,316556
10393,0.001229,172.31.40.0-255,66,86934,69,316556
10394,0.001255,74.125.24.0-255,1484,88418,69,316556
10395,0.001262,74.125.24.0-255,5738,94156,69,316556
10396,0.001265,172.31.40.0-255,66,94222,69,316556
10397,0.001285,74.125.24.0-255,4320,98542,69,316556
10398,0.001288,172.31.40.0-255,66,98608,69,316556
10399,0.001302,74.125.24.0-255,2543,101151,69,316556
10400,0.001304,172.31.40.0-255,66,101217,69,316556
10401,0.00151,74.125.24.0-255,1484,102701,69,316556
10402,0.001518,74.125.24.0-255,2902,105603,69,316556
10403,0.001523,172.31.40.0-255,66,105669,69,316556
10404,0.001528,74.125.24.0-255,2902,108571,69,316556
10405,0.001531,172.31.40.0-255,66,108637,69,316556
10406,0.001547,74.125.24.0-255,2902,111539,69,316556
10407,0.001549,172.31.40.0-255,66,111605,69,316556
10408,0.001553,74.125.24.0-255,1484,113089,69,316556
10409,0.001557,74.125.24.0-255,2902,115991,69,316556
10410,0.001559,172.31.40.0-255,66,116057,69,316556
10411,0.001605,172.31.40.0-255,66,116123,69,316556
10412,0.001616,172.31.40.0-255,66,116189,69,316556
10413,0.002374,74.125.24.0-255,1484,117673,69,316556
10414,0.002381,74.125.24.0-255,2902,120575,69,316556
10415,0.002385,172.31.40.0-255,66,120641,69,316556
10416,0.002391,74.125.24.0-255,2902,123543,69,316556
10417,0.002394,172.31.40.0-255,66,123609,69,316556
10418,0.002412,74.125.24.0-255,2902,126511,69,316556
10419,0.002414,172.31.40.0-255,66,126577,69,316556
10420,0.002419,74.125.24.0-255,2902,129479,69,316556
10421,0.00242,172.31.40.0-255,66,129545,69,316556
10422,0.002425,74.125.24.0-255,2902,132447,69,316556
10423,0.002427,172.31.40.0-255,66,132513,69,316556
10424,0.002452,74.125.24.0-255,7156,139669,69,316556
10425,0.002454,172.31.40.0-255,66,139735,69,316556
10426,0.002461,74.125.24.0-255,5738,145473,69,316556
10427,0.002463,172.31.40.0-255,66,145539,69,316556
10428,0.002482,74.125.24.0-255,5020,150559,69,316556
10429,0.002485,172.31.40.0-255,66,150625,69,316556
10430,0.0025,74.125.24.0-255,2902,153527,69,316556
10431,0.002503,172.31.40.0-255,66,153593,69,316556
10432,0.002527,172.31.40.0-255,66,153659,69,316556
10433,0.002532,74.125.24.0-255,4320,157979,69,316556
10434,0.002534,172.31.40.0-255,66,158045,69,316556
10435,0.00256,172.31.40.0-255,66,158111,69,316556
10436,0.002571,172.31.40.0-255,66,158177,69,316556
10437,0.002795,74.125.24.0-255,1484,159661,69,316556
10438,0.002812,74.125.24.0-255,2902,162563,69,316556
10439,0.002814,172.31.40.0-255,66,162629,69,316556
10440,0.00282,74.125.24.0-255,4320,166949,69,316556
10441,0.002823,172.31.40.0-255,66,167015,69,316556
10442,0.002835,74.125.24.0-255,1484,168499,69,316556
10443,0.00284,74.125.24.0-255,4320,172819,69,316556
10444,0.002842,172.31.40.0-255,66,172885,69,316556
10445,0.002865,74.125.24.0-255,7156,180041,69,316556
10446,0.002867,172.31.40.0-255,66,180107,69,316556
10447,0.002883,74.125.24.0-255,4320,184427,69,316556
10448,0.002885,172.31.40.0-255,66,184493,69,316556
10449,0.00293,74.125.24.0-255,4320,188813,69,316556
10450,0.002932,172.31.40.0-255,66,188879,69,316556
10451,0.002956,74.125.24.0-255,5020,193899,69,316556
10452,0.002958,172.31.40.0-255,66,193965,69,316556
10453,0.002969,172.31.40.0-255,66,194031,69,316556
10454,0.002981,74.125.24.0-255,5738,199769,69,316556
10455,0.002983,172.31.40.0-255,66,199835,69,316556
10456,0.003052,172.31.40.0-255,66,199901,69,316556
10457,0.003059,74.125.24.0-255,7156,207057,69,316556
10458,0.003061,172.31.40.0-255,66,207123,69,316556
10459,0.003064,74.125.24.0-255,1484,208607,69,316556
10460,0.003109,172.31.40.0-255,66,208673,69,316556
10461,0.003135,74.125.24.0-255,4320,212993,69,316556
10462,0.003138,172.31.40.0-255,66,213059,69,316556
10463,0.003141,74.125.24.0-255,1484,214543,69,316556
10464,0.003148,74.125.24.0-255,7156,221699,69,316556
10465,0.003151,172.31.40.0-255,66,221765,69,316556
10466,0.003156,74.125.24.0-255,3602,225367,69,316556
10467,0.003159,172.31.40.0-255,66,225433,69,316556
10468,0.003189,74.125.24.0-255,4320,229753,69,316556
10469,0.003193,172.31.40.0-255,66,229819,69,316556
10470,0.0032,74.125.24.0-255,5738,235557,69,316556
10471,0.003202,172.31.40.0-255,66,235623,69,316556
10472,0.003217,74.125.24.0-255,4320,239943,69,316556
10473,0.00322,172.31.40.0-255,66,240009,69,316556
10474,0.003234,74.125.24.0-255,5738,245747,69,316556
10475,0.003237,172.31.40.0-255,66,245813,69,316556
10476,0.003267,74.125.24.0-255,1484,247297,69,316556
10477,0.00328,172.31.40.0-255,66,247363,69,316556
10478,0.003285,74.125.24.0-255,3602,250965,69,316556
10479,0.003287,172.31.40.0-255,66,251031,69,316556
10480,0.00331,74.125.24.0-255,4320,255351,69,316556
10481,0.003313,172.31.40.0-255,66,255417,69,316556
10482,0.003349,172.31.40.0-255,66,255483,69,316556
10483,0.003356,74.125.24.0-255,7156,262639,69,316556
10484,0.003359,172.31.40.0-255,66,262705,69,316556
10485,0.003376,74.125.24.0-255,7156,269861,69,316556
10486,0.003379,172.31.40.0-255,66,269927,69,316556
10487,0.003385,74.125.24.0-255,6438,276365,69,316556
10488,0.003388,172.31.40.0-255,66,276431,69,316556
10489,0.003432,74.125.24.0-255,1484,277915,69,316556
10490,0.003435,74.125.24.0-255,1484,279399,69,316556
10491,0.003438,172.31.40.0-255,66,279465,69,316556
10492,0.003465,74.125.24.0-255,1484,280949,69,316556
10493,0.003472,74.125.24.0-255,5738,286687,69,316556
10494,0.003475,172.31.40.0-255,66,286753,69,316556
10495,0.003479,74.125.24.0-255,2902,289655,69,316556
10496,0.003481,172.31.40.0-255,66,289721,69,316556
10497,0.003505,74.125.24.0-255,7156,296877,69,316556
10498,0.003508,172.31.40.0-255,66,296943,69,316556
10499,0.003552,172.31.40.0-255,66,297009,69,316556
10500,0.003575,74.125.24.0-255,5020,302029,69,316556
10501,0.003579,172.31.40.0-255,66,302095,69,316556
10502,0.00359,172.31.40.0-255,66,302161,69,316556
10503,0.003608,74.125.24.0-255,4746,306907,69,316556
10504,0.003611,172.31.40.0-255,66,306973,69,316556
10505,0.003614,74.125.24.0-255,105,307078,69,316556
10506,0.00662,172.31.40.0-255,66,307144,69,316556
10507,0.006661,172.31.40.0-255,105,307249,69,316556
10508,0.009252,74.125.24.0-255,66,307315,69,316556
10509,0.03502,172.31.40.0-255,240,307555,69,316556
10510,0.035053,172.31.40.0-255,1114,308669,69,316556
10511,0.035134,172.31.40.0-255,1514,310183,69,316556
10512,0.035135,172.31.40.0-255,1514,311697,69,316556
10513,0.035141,172.31.40.0-255,1514,313211,69,316556
10514,0.035142,172.31.40.0-255,1514,314725,69,316556
10515,0.035172,172.31.40.0-255,1501,316226,69,316556
10516,0.036523,104.244.42.0-255,66,316292,69,316556
10517,0.036618,104.244.42.0-255,66,316358,69,316556
10518,0.036678,104.244.42.0-255,66,316424,69,316556
10519,0.036763,104.244.42.0-255,66,316490,69,316556
10520,0.03678,104.244.42.0-255,66,316556,69,316556
10521,0.0,74.125.24.0-255,297,297,69,255880
10522,2.3e-05,172.31.40.0-255,66,363,69,255880
10523,2.8e-05,74.125.24.0-255,1484,1847,69,255880
10524,3.3e-05,172.31.40.0-255,66,1913,69,255880
10525,4e-05,74.125.24.0-255,4320,6233,69,255880
10526,4.4e-05,172.31.40.0-255,66,6299,69,255880
10527,5.6e-05,172.31.40.0-255,66,6365,69,255880
10528,6e-05,74.125.24.0-255,2902,9267,69,255880
10529,6.3e-05,172.31.40.0-255,66,9333,69,255880
10530,0.0001,172.31.40.0-255,66,9399,69,255880
10531,0.000104,74.125.24.0-255,2543,11942,69,255880
10532,0.000106,172.31.40.0-255,66,12008,69,255880
10533,0.000153,74.125.24.0-255,1484,13492,69,255880
10534,0.000156,172.31.40.0-255,66,13558,69,255880
10535,0.000169,74.125.24.0-255,2902,16460,69,255880
10536,0.000172,172.31.40.0-255,66,16526,69,255880
10537,0.000198,74.125.24.0-255,5738,22264,69,255880
10538,0.000201,172.31.40.0-255,66,22330,69,255880
10539,0.000204,74.125.24.0-255,1484,23814,69,255880
10540,0.000206,172.31.40.0-255,66,23880,69,255880
10541,0.000234,172.31.40.0-255,66,23946,69,255880
10542,0.000288,172.31.40.0-255,66,24012,69,255880
10543,0.000301,74.125.24.0-255,135,24147,69,255880
10544,0.000303,172.31.40.0-255,66,24213,69,255880
10545,0.000395,74.125.24.0-255,1484,25697,69,255880
10546,0.000399,172.31.40.0-255,66,25763,69,255880
10547,0.000404,74.125.24.0-255,2902,28665,69,255880
10548,0.000406,172.31.40.0-255,66,28731,69,255880
10549,0.000411,74.125.24.0-255,2902,31633,69,255880
10550,0.000413,172.31.40.0-255,66,31699,69,255880
10551,0.000433,74.125.24.0-255,2902,34601,69,255880
10552,0.000435,172.31.40.0-255,66,34667,69,255880
10553,0.00046,74.125.24.0-255,4320,38987,69,255880
10554,0.000462,172.31.40.0-255,66,39053,69,255880
10555,0.000474,74.125.24.0-255,2543,41596,69,255880
10556,0.000476,172.31.40.0-255,66,41662,69,255880
10557,0.000495,74.125.24.0-255,7156,48818,69,255880
10558,0.000498,172.31.40.0-255,66,48884,69,255880
10559,0.000534,172.31.40.0-255,66,48950,69,255880
10560,0.001254,74.125.24.0-255,1484,50434,69,255880
10561,0.001274,74.125.24.0-255,2902,53336,69,255880
10562,0.001278,172.31.40.0-255,66,53402,69,255880
10563,0.001286,74.125.24.0-255,5738,59140,69,255880
10564,0.001288,172.31.40.0-255,66,59206,69,255880
10565,0.001318,74.125.24.0-255,4320,63526,69,255880
10566,0.00132,172.31.40.0-255,66,63592,69,255880
10567,0.001345,172.31.40.0-255,66,63658,69,255880
10568,0.001355,172.31.40.0-255,66,63724,69,255880
10569,0.001371,74.125.24.0-255,2184,65908,69,255880
10570,0.001373,172.31.40.0-255,66,65974,69,255880
10571,0.001467,74.125.24.0-255,1484,67458,69,255880
10572,0.001473,74.125.24.0-255,2902,70360,69,255880
10573,0.001477,172.31.40.0-255,66,70426,69,255880
10574,0.001483,74.125.24.0-255,4320,74746,69,255880
10575,0.001484,172.31.40.0-255,66,74812,69,255880
10576,0.001497,74.125.24.0-255,1484,76296,69,255880
10577,0.001503,74.125.24.0-255,2902,79198,69,255880
10578,0.001505,172.31.40.0-255,66,79264,69,255880
10579,0.001535,172.31.40.0-255,66,79330,69,255880
10580,0.001546,172.31.40.0-255,66,79396,69,255880
10581,0.001566,74.125.24.0-255,766,80162,69,255880
10582,0.001595,74.125.24.0-255,1484,81646,69,255880
10583,0.001598,172.31.40.0-255,66,81712,69,255880
10584,0.001605,74.125.24.0-255,4320,86032,69,255880
10585,0.001607,172.31.40.0-255,66,86098,69,255880
10586,0.001627,74.125.24.0-255,2902,89000,69,255880
10587,0.00163,172.31.40.0-255,66,89066,69,255880
10588,0.001646,74.125.24.0-255,7156,96222,69,255880
10589,0.001649,172.31.40.0-255,66,96288,69,255880
10590,0.001652,74.125.24.0-255,1484,97772,69,255880
10591,0.001682,172.31.40.0-255,66,97838,69,255880
10592,0.001689,74.125.24.0-255,6438,104276,69,255880
10593,0.001692,172.31.40.0-255,66,104342,69,255880
10594,0.001757,74.125.24.0-255,1484,105826,69,255880
10595,0.001763,74.125.24.0-255,2902,108728,69,255880
10596,0.001766,172.31.40.0-255,66,108794,69,255880
10597,0.001769,74.125.24.0-255,1484,110278,69,255880
10598,0.001789,74.125.24.0-255,4320,114598,69,255880
10599,0.001791,172.31.40.0-255,66,114664,69,255880
10600,0.001795,74.125.24.0-255,2902,117566,69,255880
10601,0.001798,172.31.40.0-255,66,117632,69,255880
10602,0.00182,172.31.40.0-255,66,117698,69,255880
10603,0.001849,172.31.40.0-255,66,117764,69,255880
10604,0.001995,74.125.24.0-255,1484,119248,69,255880
10605,0.002001,74.125.24.0-255,2902,122150,69,255880
10606,0.002005,172.31.40.0-255,66,122216,69,255880
10607,0.002011,74.125.24.0-255,4320,126536,69,255880
10608,0.002013,172.31.40.0-255,66,126602,69,255880
10609,0.002026,74.125.24.0-255,1484,128086,69,255880
10610,0.002061,172.31.40.0-255,66,128152,69,255880
10611,0.002068,74.125.24.0-255,5738,133890,69,255880
10612,0.00207,172.31.40.0-255,66,133956,69,255880
10613,0.002093,172.31.40.0-255,66,134022,69,255880
10614,0.002106,172.31.40.0-255,66,134088,69,255880
10615,0.002138,74.125.24.0-255,2902,136990,69,255880
10616,0.00214,172.31.40.0-255,66,137056,69,255880
10617,0.002174,172.31.40.0-255,66,137122,69,255880
10618,0.004473,74.125.24.0-255,5738,142860,69,255880
10619,0.00448,172.31.40.0-255,66,142926,69,255880
10620,0.006815,74.125.24.0-255,5738,148664,69,255880
10621,0.006822,172.31.40.0-255,66,148730,69,255880
10622,0.009094,74.125.24.0-255,5738,154468,69,255880
10623,0.0091,172.31.40.0-255,66,154534,69,255880
10624,0.011401,74.125.24.0-255,5738,160272,69,255880
10625,0.011408,172.31.40.0-255,66,160338,69,255880
10626,0.013693,74.125.24.0-255,5738,166076,69,255880
10627,0.0137,172.31.40.0-255,66,166142,69,255880
10628,0.015995,74.125.24.0-255,5738,171880,69,255880
10629,0.016003,172.31.40.0-255,66,171946,69,255880
10630,0.018322,74.125.24.0-255,5738,177684,69,255880
10631,0.018331,172.31.40.0-255,66,177750,69,255880
10632,0.02062,74.125.24.0-255,5738,183488,69,255880
10633,0.020628,172.31.40.0-255,66,183554,69,255880
10634,0.022902,74.125.24.0-255,5738,189292,69,255880
10635,0.022909,172.31.40.0-255,66,189358,69,255880
10636,0.025189,74.125.24.0-255,5738,195096,69,255880
10637,0.025199,172.31.40.0-255,66,195162,69,255880
10638,0.027502,74.125.24.0-255,5738,200900,69,255880
10639,0.02751,172.31.40.0-255,66,200966,69,255880
10640,0.029801,74.125.24.0-255,5738,206704,69,255880
10641,0.02981,172.31.40.0-255,66,206770,69,255880
10642,0.032109,74.125.24.0-255,5738,212508,69,255880
10643,0.032118,172.31.40.0-255,66,212574,69,255880
10644,0.03443,74.125.24.0-255,5738,218312,69,255880
10645,0.034438,172.31.40.0-255,66,218378,69,255880
10646,0.036743,74.125.24.0-255,5738,224116,69,255880
10647,0.036751,172.31.40.0-255,66,224182,69,255880
10648,0.03722,172.31.40.0-255,172,224354,69,255880
10649,0.037251,172.31.40.0-255,1114,225468,69,255880
10650,0.03731,172.31.40.0-255,562,226030,69,255880
10651,0.038775,104.244.42.0-255,66,226096,69,255880
10652,0.038818,104.244.42.0-255,66,226162,69,255880
10653,0.038859,104.244.42.0-255,66,226228,69,255880
10654,0.039052,74.125.24.0-255,5738,231966,69,255880
10655,0.039059,172.31.40.0-255,66,232032,69,255880
10656,0.041364,74.125.24.0-255,5738,237770,69,255880
10657,0.041373,172.31.40.0-255,66,237836,69,255880
10658,0.043668,74.125.24.0-255,5738,243574,69,255880
10659,0.043675,172.31.40.0-255,66,243640,69,255880
10660,0.046035,74.125.24.0-255,5738,249378,69,255880
10661,0.046042,172.31.40.0-255,66,249444,69,255880
10662,0.048336,74.125.24.0-255,5738,255182,69,255880
10663,0.048343,172.31.40.0-255,66,255248,69,255880
10664,0.050595,74.125.24.0-255,395,255643,69,255880
10665,0.050721,172.31.40.0-255,66,255709,69,255880
10666,0.050756,172.31.40.0-255,105,255814,69,255880
10667,0.053004,74.125.24.0-255,66,255880,69,255880
10668,0.0,74.125.24.0-255,153,153,69,259278
10669,2.4e-05,172.31.40.0-255,66,219,69,259278
10670,3.1e-05,74.125.24.0-255,1484,1703,69,259278
10671,3.7e-05,172.31.40.0-255,66,1769,69,259278
10672,4.3e-05,74.125.24.0-255,2902,4671,69,259278
10673,5.3e-05,172.31.40.0-255,66,4737,69,259278
10674,6.2e-05,74.125.24.0-255,7156,11893,69,259278
10675,6.5e-05,172.31.40.0-255,66,11959,69,259278
10676,6.9e-05,74.125.24.0-255,2063,14022,69,259278
10677,7.1e-05,172.31.40.0-255,66,14088,69,259278
10678,7.6e-05,74.125.24.0-255,2902,16990,69,259278
10679,7.9e-05,172.31.40.0-255,66,17056,69,259278
10680,0.000109,172.31.40.0-255,66,17122,69,259278
10681,0.000115,74.125.24.0-255,5379,22501,69,259278
10682,0.000118,172.31.40.0-255,66,22567,69,259278
10683,0.000238,74.125.24.0-255,1484,24051,69,259278
10684,0.000242,172.31.40.0-255,66,24117,69,259278
10685,0.000246,74.125.24.0-255,1484,25601,69,259278
10686,0.000248,172.31.40.0-255,66,25667,69,259278
10687,0.000281,74.125.24.0-255,1484,27151,69,259278
10688,0.000283,172.31.40.0-255,66,27217,69,259278
10689,0.00029,74.125.24.0-255,5738,32955,69,259278
10690,0.000292,172.31.40.0-255,66,33021,69,259278
10691,0.000309,172.31.40.0-255,66,33087,69,259278
10692,0.000337,74.125.24.0-255,3961,37048,69,259278
10693,0.000344,172.31.40.0-255,66,37114,69,259278
10694,0.000355,172.31.40.0-255,66,37180,69,259278
10695,0.000358,74.125.24.0-255,1438,38618,69,259278
10696,0.00036,172.31.40.0-255,66,38684,69,259278
10697,0.000465,74.125.24.0-255,111,38795,69,259278
10698,0.000641,74.125.24.0-255,1484,40279,69,259278
10699,0.000657,74.125.24.0-255,2902,43181,69,259278
10700,0.000664,74.125.24.0-255,5738,48919,69,259278
10701,0.000683,172.31.40.0-255,66,48985,69,259278
10702,0.000699,74.125.24.0-255,5738,54723,69,259278
10703,0.000718,74.125.24.0-255,5379,60102,69,259278
10704,0.000739,74.125.24.0-255,1484,61586,69,259278
10705,0.000748,172.31.40.0-255,66,61652,69,259278
10706,0.000777,74.125.24.0-255,1125,62777,69,259278
10707,0.000826,74.125.24.0-255,328,63105,69,259278
10708,0.000905,74.125.24.0-255,1484,64589,69,259278
10709,0.000911,74.125.24.0-255,2902,67491,69,259278
10710,0.000928,172.31.40.0-255,66,67557,69,259278
10711,0.000947,74.125.24.0-255,5738,73295,69,259278
10712,0.00099,172.31.40.0-255,66,73361,69,259278
10713,0.001322,74.125.24.0-255,1484,74845,69,259278
10714,0.001329,74.125.24.0-255,2902,77747,69,259278
10715,0.001332,172.31.40.0-255,66,77813,69,259278
10716,0.001336,74.125.24.0-255,1484,79297,69,259278
10717,0.001362,74.125.24.0-255,4320,83617,69,259278
10718,0.001368,74.125.24.0-255,5738,89355,69,259278
10719,0.001378,172.31.40.0-255,66,89421,69,259278
10720,0.00142,74.125.24.0-255,5020,94441,69,259278
10721,0.001458,172.31.40.0-255,66,94507,69,259278
10722,0.002117,74.125.24.0-255,1484,95991,69,259278
10723,0.002125,74.125.24.0-255,2902,98893,69,259278
10724,0.002129,172.31.40.0-255,66,98959,69,259278
10725,0.002133,74.125.24.0-255,1484,100443,69,259278
10726,0.002167,74.125.24.0-255,4320,104763,69,259278
10727,0.002184,172.31.40.0-255,66,104829,69,259278
10728,0.002233,172.31.40.0-255,66,104895,69,259278
10729,0.004766,74.125.24.0-255,5738,110633,69,259278
10730,0.004776,172.31.40.0-255,66,110699,69,259278
10731,0.007304,74.125.24.0-255,5738,116437,69,259278
10732,0.008866,172.31.40.0-255,66,116503,69,259278
10733,0.011432,74.125.24.0-255,5738,122241,69,259278
10734,0.011443,172.31.40.0-255,66,122307,69,259278
10735,0.013962,74.125.24.0-255,5738,128045,69,259278
10736,0.014482,172.31.40.0-255,66,128111,69,259278
10737,0.017003,74.125.24.0-255,5738,133849,69,259278
10738,0.017019,172.31.40.0-255,66,133915,69,259278
10739,0.019571,74.125.24.0-255,5738,139653,69,259278
10740,0.019578,172.31.40.0-255,66,139719,69,259278
10741,0.022151,74.125.24.0-255,5738,145457,69,259278
10742,0.022163,172.31.40.0-255,66,145523,69,259278
10743,0.024716,74.125.24.0-255,5738,151261,69,259278
10744,0.024728,172.31.40.0-255,66,151327,69,259278
10745,0.027253,74.125.24.0-255,5738,157065,69,259278
10746,0.027264,172.31.40.0-255,66,157131,69,259278
10747,0.029838,74.125.24.0-255,5738,162869,69,259278
10748,0.029854,172.31.40.0-255,66,162935,69,259278
10749,0.0324,74.125.24.0-255,5738,168673,69,259278
10750,0.032413,172.31.40.0-255,66,168739,69,259278
10751,0.034977,74.125.24.0-255,5738,174477,69,259278
10752,0.03499,172.31.40.0-255,66,174543,69,259278
10753,0.037532,172.31.40.0-255,172,174715,69,259278
10754,0.037566,172.31.40.0-255,1114,175829,69,259278
10755,0.037608,74.125.24.0-255,5738,181567,69,259278
10756,0.037613,172.31.40.0-255,66,181633,69,259278
10757,0.037727,172.31.40.0-255,1514,183147,69,259278
10758,0.037729,172.31.40.0-255,1514,184661,69,259278
10759,0.037735,172.31.40.0-255,1514,186175,69,259278
10760,0.037736,172.31.40.0-255,1514,187689,69,259278
10761,0.037754,172.31.40.0-255,1503,189192,69,259278
10762,0.039086,104.244.42.0-255,66,189258,69,259278
10763,0.039096,104.244.42.0-255,66,189324,69,259278
10764,0.039296,104.244.42.0-255,66,189390,69,259278
10765,0.039304,104.244.42.0-255,66,189456,69,259278
10766,0.039729,104.244.42.0-255,108,189564,69,259278
10767,0.039739,172.31.40.0-255,66,189630,69,259278
10768,0.040161,74.125.24.0-255,5738,195368,69,259278
10769,0.040168,172.31.40.0-255,66,195434,69,259278
10770,0.042735,74.125.24.0-255,5738,201172,69,259278
10771,0.042742,172.31.40.0-255,66,201238,69,259278
10772,0.045264,74.125.24.0-255,5738,206976,69,259278
10773,0.045271,172.31.40.0-255,66,207042,69,259278
10774,0.047782,74.125.24.0-255,5738,212780,69,259278
10775,0.047788,172.31.40.0-255,66,212846,69,259278
10776,0.050353,74.125.24.0-255,5738,218584,69,259278
10777,0.050361,172.31.40.0-255,66,218650,69,259278
10778,0.052912,74.125.24.0-255,5738,224388,69,259278
10779,0.052922,172.31.40.0-255,66,224454,69,259278
10780,0.055482,74.125.24.0-255,5738,230192,69,259278
10781,0.055489,172.31.40.0-255,66,230258,69,259278
10782,0.058036,74.125.24.0-255,5738,235996,69,259278
10783,0.058043,172.31.40.0-255,66,236062,69,259278
10784,0.060598,74.125.24.0-255,5738,241800,69,259278
10785,0.060605,172.31.40.0-255,66,241866,69,259278
10786,0.063117,74.125.24.0-255,5738,247604,69,259278
10787,0.063125,172.31.40.0-255,66,247670,69,259278
10788,0.065697,74.125.24.0-255,5738,253408,69,259278
10789,0.065705,172.31.40.0-255,66,253474,69,259278
10790,0.068305,74.125.24.0-255,5738,259212,69,259278
10791,0.068313,172.31.40.0-255,66,259278,69,259278
10792,0.0,74.125.200.0-255,153,153,69,383431
10793,2.3e-05,172.31.40.0-255,66,219,69,383431
10794,3e-05,74.125.200.0-255,1484,1703,69,383431
10795,3.5e-05,172.31.40.0-255,66,1769,69,383431
10796,4.8e-05,74.125.200.0-255,2902,4671,69,383431
10797,5.3e-05,172.31.40.0-255,66,4737,69,383431
10798,6e-05,74.125.200.0-255,7156,11893,69,383431
10799,6.4e-05,172.31.40.0-255,66,11959,69,383431
10800,6.7e-05,74.125.200.0-255,2038,13997,69,383431
10801,6.9e-05,172.31.40.0-255,66,14063,69,383431
10802,0.000615,74.125.200.0-255,1484,15547,69,383431
10803,0.000621,172.31.40.0-255,66,15613,69,383431
10804,0.000674,74.125.200.0-255,1484,17097,69,383431
10805,0.000677,172.31.40.0-255,66,17163,69,383431
10806,0.000702,74.125.200.0-255,2902,20065,69,383431
10807,0.000704,172.31.40.0-255,66,20131,69,383431
10808,0.000722,74.125.200.0-255,2902,23033,69,383431
10809,0.000724,172.31.40.0-255,66,23099,69,383431
10810,0.000728,74.125.200.0-255,1484,24583,69,383431
10811,0.000729,172.31.40.0-255,66,24649,69,383431
10812,0.000754,74.125.200.0-255,2902,27551,69,383431
10813,0.00076,172.31.40.0-255,66,27617,69,383431
10814,0.00079,74.125.200.0-255,3961,31578,69,383431
10815,0.000793,172.31.40.0-255,66,31644,69,383431
10816,0.000934,74.125.200.0-255,1484,33128,69,383431
10817,0.000938,172.31.40.0-255,66,33194,69,383431
10818,0.000944,74.125.200.0-255,2902,36096,69,383431
10819,0.000946,172.31.40.0-255,66,36162,69,383431
10820,0.000949,74.125.200.0-255,1484,37646,69,383431
10821,0.000951,172.31.40.0-255,66,37712,69,383431
10822,0.00098,74.125.200.0-255,4320,42032,69,383431
10823,0.000983,172.31.40.0-255,66,42098,69,383431
10824,0.000987,74.125.200.0-255,4320,46418,69,383431
10825,0.000989,172.31.40.0-255,66,46484,69,383431
10826,0.001033,74.125.200.0-255,2902,49386,69,383431
10827,0.001036,172.31.40.0-255,66,49452,69,383431
10828,0.001065,74.125.200.0-255,2543,51995,69,383431
10829,0.001068,172.31.40.0-255,66,52061,69,383431
10830,0.001075,74.125.200.0-255,5738,57799,69,383431
10831,0.001077,172.31.40.0-255,66,57865,69,383431
10832,0.001084,74.125.200.0-255,2902,60767,69,383431
10833,0.001085,172.31.40.0-255,66,60833,69,383431
10834,0.001113,74.125.200.0-255,5686,66519,69,383431
10835,0.001115,172.31.40.0-255,66,66585,69,383431
10836,0.001138,74.125.200.0-255,115,66700,69,383431
10837,0.001178,74.125.200.0-255,329,67029,69,383431
10838,0.001452,74.125.200.0-255,1484,68513,69,383431
10839,0.001457,172.31.40.0-255,66,68579,69,383431
10840,0.001461,74.125.200.0-255,2902,71481,69,383431
10841,0.001463,172.31.40.0-255,66,71547,69,383431
10842,0.001481,74.125.200.0-255,4320,75867,69,383431
10843,0.001483,172.31.40.0-255,66,75933,69,383431
10844,0.0015,74.125.200.0-255,1484,77417,69,383431
10845,0.001503,74.125.200.0-255,1484,78901,69,383431
10846,0.001505,172.31.40.0-255,66,78967,69,383431
10847,0.001509,74.125.200.0-255,2902,81869,69,383431
10848,0.001511,172.31.40.0-255,66,81935,69,383431
10849,0.001513,74.125.200.0-255,1484,83419,69,383431
10850,0.001544,74.125.200.0-255,4320,87739,69,383431
10851,0.001546,172.31.40.0-255,66,87805,69,383431
10852,0.001549,74.125.200.0-255,1484,89289,69,383431
10853,0.001573,74.125.200.0-255,4320,93609,69,383431
10854,0.001575,172.31.40.0-255,66,93675,69,383431
10855,0.001581,74.125.200.0-255,5738,99413,69,383431
10856,0.001583,172.31.40.0-255,66,99479,69,383431
10857,0.001609,74.125.200.0-255,1484,100963,69,383431
10858,0.001612,74.125.200.0-255,766,101729,69,383431
10859,0.001614,172.31.40.0-255,66,101795,69,383431
10860,0.001816,74.125.200.0-255,1484,103279,69,383431
10861,0.001836,74.125.200.0-255,1484,104763,69,383431
10862,0.001838,172.31.40.0-255,66,104829,69,383431
10863,0.001887,74.125.200.0-255,1484,106313,69,383431
10864,0.001899,74.125.200.0-255,1484,107797,69,383431
10865,0.001901,172.31.40.0-255,66,107863,69,383431
10866,0.001904,74.125.200.0-255,1484,109347,69,383431
10867,0.001931,74.125.200.0-255,2902,112249,69,383431
10868,0.001933,172.31.40.0-255,66,112315,69,383431
10869,0.001966,74.125.200.0-255,5738,118053,69,383431
10870,0.001969,172.31.40.0-255,66,118119,69,383431
10871,0.001993,74.125.200.0-255,2902,121021,69,383431
10872,0.001995,172.31.40.0-255,66,121087,69,383431
10873,0.002,74.125.200.0-255,4320,125407,69,383431
10874,0.002002,172.31.40.0-255,66,125473,69,383431
10875,0.002011,74.125.200.0-255,5738,131211,69,383431
10876,0.002013,172.31.40.0-255,66,131277,69,383431
10877,0.002016,74.125.200.0-255,1484,132761,69,383431
10878,0.00202,74.125.200.0-255,2902,135663,69,383431
10879,0.002022,172.31.40.0-255,66,135729,69,383431
10880,0.002059,74.125.200.0-255,766,136495,69,383431
10881,0.002154,74.125.200.0-255,1484,137979,69,383431
10882,0.002156,172.31.40.0-255,66,138045,69,383431
10883,0.002159,74.125.200.0-255,1484,139529,69,383431
10884,0.00218,74.125.200.0-255,1484,141013,69,383431
10885,0.002182,172.31.40.0-255,66,141079,69,383431
10886,0.002188,74.125.200.0-255,5738,146817,69,383431
10887,0.002191,172.31.40.0-255,66,146883,69,383431
10888,0.002194,74.125.200.0-255,2902,149785,69,383431
10889,0.0022,172.31.40.0-255,66,149851,69,383431
10890,0.002219,74.125.200.0-255,1484,151335,69,383431
10891,0.002228,74.125.200.0-255,5738,157073,69,383431
10892,0.002231,172.31.40.0-255,66,157139,69,383431
10893,0.002243,74.125.200.0-255,1484,158623,69,383431
10894,0.002269,172.31.40.0-255,66,158689,69,383431
10895,0.002303,74.125.200.0-255,2184,160873,69,383431
10896,0.002305,172.31.40.0-255,66,160939,69,383431
10897,0.00233,74.125.200.0-255,2902,163841,69,383431
10898,0.002332,172.31.40.0-255,66,163907,69,383431
10899,0.002356,74.125.200.0-255,7156,171063,69,383431
10900,0.002359,172.31.40.0-255,66,171129,69,383431
10901,0.002393,74.125.200.0-255,1484,172613,69,383431
10902,0.002408,74.125.200.0-255,1484,174097,69,383431
10903,0.00241,172.31.40.0-255,66,174163,69,383431
10904,0.002436,74.125.200.0-255,1484,175647,69,383431
10905,0.002442,74.125.200.0-255,5738,181385,69,383431
10906,0.002444,172.31.40.0-255,66,181451,69,383431
10907,0.002446,74.125.200.0-255,1484,182935,69,383431
10908,0.002474,74.125.200.0-255,7156,190091,69,383431
10909,0.002477,172.31.40.0-255,66,190157,69,383431
10910,0.002499,74.125.200.0-255,5020,195177,69,383431
10911,0.002501,172.31.40.0-255,66,195243,69,383431
10912,0.002525,74.125.200.0-255,1484,196727,69,383431
10913,0.002539,74.125.200.0-255,4320,201047,69,383431
10914,0.002542,172.31.40.0-255,66,201113,69,383431
10915,0.002546,74.125.200.0-255,1484,202597,69,383431
10916,0.002572,74.125.200.0-255,4320,206917,69,383431
10917,0.002575,172.31.40.0-255,66,206983,69,383431
10918,0.00258,74.125.200.0-255,4320,211303,69,383431
10919,0.002583,172.31.40.0-255,66,211369,69,383431
10920,0.002605,74.125.200.0-255,2902,214271,69,383431
10921,0.002612,172.31.40.0-255,66,214337,69,383431
10922,0.002618,74.125.200.0-255,5738,220075,69,383431
10923,0.00262,172.31.40.0-255,66,220141,69,383431
10924,0.002661,74.125.200.0-255,4320,224461,69,383431
10925,0.002663,172.31.40.0-255,66,224527,69,383431
10926,0.002689,74.125.200.0-255,2902,227429,69,383431
10927,0.002692,172.31.40.0-255,66,227495,69,383431
10928,0.005328,74.125.200.0-255,5738,233233,69,383431
10929,0.005338,172.31.40.0-255,66,233299,69,383431
10930,0.007991,74.125.200.0-255,5738,239037,69,383431
10931,0.007999,172.31.40.0-255,66,239103,69,383431
10932,0.010655,74.125.200.0-255,5738,244841,69,383431
10933,0.010664,172.31.40.0-255,66,244907,69,383431
10934,0.013318,74.125.200.0-255,5738,250645,69,383431
10935,0.013327,172.31.40.0-255,66,250711,69,383431
10936,0.015968,74.125.200.0-255,4320,255031,69,383431
10937,0.015975,172.31.40.0-255,66,255097,69,383431
10938,0.016006,74.125.200.0-255,1484,256581,69,383431
10939,0.018634,74.125.200.0-255,4320,260901,69,383431
10940,0.018644,172.31.40.0-255,66,260967,69,383431
10941,0.021287,74.125.200.0-255,5738,266705,69,383431
10942,0.021294,172.31.40.0-255,66,266771,69,383431
10943,0.023949,74.125.200.0-255,5738,272509,69,383431
10944,0.023959,172.31.40.0-255,66,272575,69,383431
10945,0.026617,74.125.200.0-255,5738,278313,69,383431
10946,0.026625,172.31.40.0-255,66,278379,69,383431
10947,0.029266,74.125.200.0-255,5738,284117,69,383431
10948,0.029273,172.31.40.0-255,66,284183,69,383431
10949,0.031919,74.125.200.0-255,5738,289921,69,383431
10950,0.031925,172.31.40.0-255,66,289987,69,383431
10951,0.034605,74.125.200.0-255,5738,295725,69,383431
10952,0.034613,172.31.40.0-255,66,295791,69,383431
10953,0.035113,172.31.40.0-255,171,295962,69,383431
10954,0.035145,172.31.40.0-255,1140,297102,69,383431
10955,0.035209,172.31.40.0-255,1514,298616,69,383431
10956,0.035211,172.31.40.0-255,1514,300130,69,383431
10957,0.035216,172.31.40.0-255,1514,301644,69,383431
10958,0.035217,172.31.40.0-255,1514,303158,69,383431
10959,0.035238,172.31.40.0-255,1514,304672,69,383431
10960,0.035239,172.31.40.0-255,1514,306186,69,383431
10961,0.03526,172.31.40.0-255,101,306287,69,383431
10962,0.03676,104.244.42.0-255,66,306353,69,383431
10963,0.036851,104.244.42.0-255,66,306419,69,383431
10964,0.036919,104.244.42.0-255,66,306485,69,383431
10965,0.036924,104.244.42.0-255,66,306551,69,383431
10966,0.037268,74.125.200.0-255,5738,312289,69,383431
10967,0.037273,172.31.40.0-255,66,312355,69,383431
10968,0.039915,74.125.200.0-255,2902,315257,69,383431
10969,0.039922,172.31.40.0-255,66,315323,69,383431
10970,0.039951,74.125.200.0-255,2902,318225,69,383431
10971,0.039953,172.31.40.0-255,66,318291,69,383431
10972,0.042563,74.125.200.0-255,2902,321193,69,383431
10973,0.04257,172.31.40.0-255,66,321259,69,383431
10974,0.042602,74.125.200.0-255,2902,324161,69,383431
10975,0.042605,172.31.40.0-255,66,324227,69,383431
10976,0.042781,172.31.40.0-255,108,324335,69,383431
10977,0.044431,104.244.42.0-255,66,324401,69,383431
10978,0.045216,74.125.200.0-255,2902,327303,69,383431
10979,0.045224,172.31.40.0-255,66,327369,69,383431
10980,0.045259,74.125.200.0-255,2902,330271,69,383431
10981,0.045262,172.31.40.0-255,66,330337,69,383431
10982,0.047866,74.125.200.0-255,2902,333239,69,383431
10983,0.047877,172.31.40.0-255,66,333305,69,383431
10984,0.047909,74.125.200.0-255,2902,336207,69,383431
10985,0.047912,172.31.40.0-255,66,336273,69,383431
10986,0.050528,74.125.200.0-255,2902,339175,69,383431
10987,0.050537,172.31.40.0-255,66,339241,69,383431
10988,0.050571,74.125.200.0-255,2902,342143,69,383431
10989,0.050575,172.31.40.0-255,66,342209,69,383431
10990,0.053174,74.125.200.0-255,2902,345111,69,383431
10991,0.053181,172.31.40.0-255,66,345177,69,383431
10992,0.053209,74.125.200.0-255,2902,348079,69,383431
10993,0.053211,172.31.40.0-255,66,348145,69,383431
10994,0.055831,74.125.200.0-255,2902,351047,69,383431
10995,0.055841,172.31.40.0-255,66,351113,69,383431
10996,0.055876,74.125.200.0-255,2902,354015,69,383431
10997,0.055879,172.31.40.0-255,66,354081,69,383431
10998,0.058482,74.125.200.0-255,2902,356983,69,383431
10999,0.058489,172.31.40.0-255,66,357049,69,383431
11000,0.058525,74.125.200.0-255,2902,359951,69,383431
11001,0.058528,172.31.40.0-255,66,360017,69,383431
11002,0.061124,74.125.200.0-255,2902,362919,69,383431
11003,0.061132,172.31.40.0-255,66,362985,69,383431
11004,0.061163,74.125.200.0-255,2902,365887,69,383431
11005,0.061166,172.31.40.0-255,66,365953,69,383431
11006,0.063771,74.125.200.0-255,1484,367437,69,383431
11007,0.063791,74.125.200.0-255,4320,371757,69,383431
11008,0.063796,172.31.40.0-255,66,371823,69,383431
11009,0.06658,74.125.200.0-255,5738,377561,69,383431
11010,0.066587,172.31.40.0-255,66,377627,69,383431
11011,0.069233,74.125.200.0-255,5738,383365,69,383431
11012,0.069241,172.31.40.0-255,66,383431,69,383431
11013,0.0,74.125.24.0-255,153,153,69,261475
11014,2.1e-05,172.31.40.0-255,66,219,69,261475
11015,2.8e-05,74.125.24.0-255,1484,1703,69,261475
11016,3.2e-05,172.31.40.0-255,66,1769,69,261475
11017,3.7e-05,74.125.24.0-255,2902,4671,69,261475
11018,4e-05,172.31.40.0-255,66,4737,69,261475
11019,4.7e-05,74.125.24.0-255,7156,11893,69,261475
11020,5e-05,172.31.40.0-255,66,11959,69,261475
11021,5.7e-05,74.125.24.0-255,5738,17697,69,261475
11022,6e-05,172.31.40.0-255,66,17763,69,261475
11023,8.7e-05,74.125.24.0-255,4900,22663,69,261475
11024,9e-05,172.31.40.0-255,66,22729,69,261475
11025,0.000122,172.31.40.0-255,66,22795,69,261475
11026,0.000278,74.125.24.0-255,1484,24279,69,261475
11027,0.000281,172.31.40.0-255,66,24345,69,261475
11028,0.000299,74.125.24.0-255,2902,27247,69,261475
11029,0.000301,172.31.40.0-255,66,27313,69,261475
11030,0.000307,74.125.24.0-255,5738,33051,69,261475
11031,0.000309,172.31.40.0-255,66,33117,69,261475
11032,0.000354,74.125.24.0-255,5738,38855,69,261475
11033,0.000357,172.31.40.0-255,66,38921,69,261475
11034,0.000372,74.125.24.0-255,1125,40046,69,261475
11035,0.000374,172.31.40.0-255,66,40112,69,261475
11036,0.000431,74.125.24.0-255,1484,41596,69,261475
11037,0.000433,172.31.40.0-255,66,41662,69,261475
11038,0.000437,74.125.24.0-255,2902,44564,69,261475
11039,0.00044,172.31.40.0-255,66,44630,69,261475
11040,0.000463,74.125.24.0-255,5738,50368,69,261475
11041,0.000466,172.31.40.0-255,66,50434,69,261475
11042,0.000506,74.125.24.0-255,5738,56172,69,261475
11043,0.000509,172.31.40.0-255,66,56238,69,261475
11044,0.00053,74.125.24.0-255,1504,57742,69,261475
11045,0.000532,172.31.40.0-255,66,57808,69,261475
11046,0.000535,74.125.24.0-255,329,58137,69,261475
11047,0.000773,74.125.24.0-255,1484,59621,69,261475
11048,0.000777,172.31.40.0-255,66,59687,69,261475
11049,0.000782,74.125.24.0-255,2902,62589,69,261475
11050,0.000801,74.125.24.0-255,5738,68327,69,261475
11051,0.000803,74.125.24.0-255,1484,69811,69,261475
11052,0.000823,74.125.24.0-255,5738,75549,69,261475
11053,0.000863,74.125.24.0-255,1484,77033,69,261475
11054,0.000866,74.125.24.0-255,2184,79217,69,261475
11055,0.000977,172.31.40.0-255,66,79283,69,261475
11056,0.00102,74.125.24.0-255,1484,80767,69,261475
11057,0.001025,74.125.24.0-255,1484,82251,69,261475
11058,0.001035,74.125.24.0-255,1484,83735,69,261475
11059,0.001038,74.125.24.0-255,1484,85219,69,261475
11060,0.001054,172.31.40.0-255,66,85285,69,261475
11061,0.00106,74.125.24.0-255,4320,89605,69,261475
11062,0.001086,74.125.24.0-255,1484,91089,69,261475
11063,0.001091,172.31.40.0-255,66,91155,69,261475
11064,0.001113,74.125.24.0-255,1484,92639,69,261475
11065,0.001143,172.31.40.0-255,66,92705,69,261475
11066,0.001175,74.125.24.0-255,1484,94189,69,261475
11067,0.001181,74.125.24.0-255,2902,97091,69,261475
11068,0.001189,172.31.40.0-255,66,97157,69,261475
11069,0.001199,74.125.24.0-255,5738,102895,69,261475
11070,0.001208,172.31.40.0-255,66,102961,69,261475
11071,0.001221,74.125.24.0-255,2902,105863,69,261475
11072,0.001246,172.31.40.0-255,66,105929,69,261475
11073,0.001273,74.125.24.0-255,5738,111667,69,261475
11074,0.001277,172.31.40.0-255,66,111733,69,261475
11075,0.001294,74.125.24.0-255,6438,118171,69,261475
11076,0.001301,172.31.40.0-255,66,118237,69,261475
11077,0.001419,74.125.24.0-255,1484,119721,69,261475
11078,0.001424,74.125.24.0-255,2902,122623,69,261475
11079,0.00143,172.31.40.0-255,66,122689,69,261475
11080,0.001448,74.125.24.0-255,5738,128427,69,261475
11081,0.001463,74.125.24.0-255,5738,134165,69,261475
11082,0.001465,172.31.40.0-255,66,134231,69,261475
11083,0.001469,172.31.40.0-255,66,134297,69,261475
11084,0.001484,74.125.24.0-255,2902,137199,69,261475
11085,0.001491,172.31.40.0-255,66,137265,69,261475
11086,0.001555,74.125.24.0-255,1484,138749,69,261475
11087,0.001559,74.125.24.0-255,2902,141651,69,261475
11088,0.001564,172.31.40.0-255,66,141717,69,261475
11089,0.001573,74.125.24.0-255,4320,146037,69,261475
11090,0.001577,172.31.40.0-255,66,146103,69,261475
11091,0.001584,74.125.24.0-255,1484,147587,69,261475
11092,0.001597,74.125.24.0-255,1484,149071,69,261475
11093,0.001604,172.31.40.0-255,66,149137,69,261475
11094,0.001652,172.31.40.0-255,66,149203,69,261475
11095,0.001666,74.125.24.0-255,2184,151387,69,261475
11096,0.001676,172.31.40.0-255,66,151453,69,261475
11097,0.001793,74.125.24.0-255,1484,152937,69,261475
11098,0.001805,74.125.24.0-255,2902,155839,69,261475
11099,0.001807,74.125.24.0-255,1484,157323,69,261475
11100,0.001823,172.31.40.0-255,66,157389,69,261475
11101,0.001828,74.125.24.0-255,4320,161709,69,261475
11102,0.00183,74.125.24.0-255,1484,163193,69,261475
11103,0.001834,172.31.40.0-255,66,163259,69,261475
11104,0.001869,172.31.40.0-255,66,163325,69,261475
11105,0.001913,172.31.40.0-255,66,163391,69,261475
11106,0.002068,74.125.24.0-255,1484,164875,69,261475
11107,0.00209,74.125.24.0-255,2902,167777,69,261475
11108,0.002096,74.125.24.0-255,5738,173515,69,261475
11109,0.002103,172.31.40.0-255,66,173581,69,261475
11110,0.00211,74.125.24.0-255,1484,175065,69,261475
11111,0.002134,172.31.40.0-255,66,175131,69,261475
11112,0.002158,74.125.24.0-255,1484,176615,69,261475
11113,0.002166,74.125.24.0-255,7156,183771,69,261475
11114,0.002205,74.125.24.0-255,3602,187373,69,261475
11115,0.002212,172.31.40.0-255,66,187439,69,261475
11116,0.00227,74.125.24.0-255,1484,188923,69,261475
11117,0.002276,74.125.24.0-255,2902,191825,69,261475
11118,0.00228,172.31.40.0-255,66,191891,69,261475
11119,0.002293,74.125.24.0-255,5738,197629,69,261475
11120,0.00232,74.125.24.0-255,5738,203367,69,261475
11121,0.002322,172.31.40.0-255,66,203433,69,261475
11122,0.002328,172.31.40.0-255,66,203499,69,261475
11123,0.00235,74.125.24.0-255,7156,210655,69,261475
11124,0.002378,74.125.24.0-255,3602,214257,69,261475
11125,0.00238,172.31.40.0-255,66,214323,69,261475
11126,0.002385,172.31.40.0-255,66,214389,69,261475
11127,0.002404,74.125.24.0-255,4320,218709,69,261475
11128,0.002412,74.125.24.0-255,7156,225865,69,261475
11129,0.002418,172.31.40.0-255,66,225931,69,261475
11130,0.002432,74.125.24.0-255,2902,228833,69,261475
11131,0.002449,74.125.24.0-255,5738,234571,69,261475
11132,0.002454,172.31.40.0-255,66,234637,69,261475
11133,0.002503,172.31.40.0-255,66,234703,69,261475
11134,0.002536,172.31.40.0-255,66,234769,69,261475
11135,0.002561,74.125.24.0-255,2184,236953,69,261475
11136,0.002585,74.125.24.0-255,7156,244109,69,261475
11137,0.002591,172.31.40.0-255,66,244175,69,261475
11138,0.002609,74.125.24.0-255,5738,249913,69,261475
11139,0.002614,74.125.24.0-255,1671,251584,69,261475
11140,0.002617,74.125.24.0-255,97,251681,69,261475
11141,0.002648,172.31.40.0-255,66,251747,69,261475
11142,0.00521,74.125.24.0-255,105,251852,69,261475
11143,0.009546,172.31.40.0-255,66,251918,69,261475
11144,0.009592,172.31.40.0-255,105,252023,69,261475
11145,0.012157,74.125.24.0-255,66,252089,69,261475
11146,0.036264,172.31.40.0-255,172,252261,69,261475
11147,0.0363,172.31.40.0-255,1114,253375,69,261475
11148,0.036366,172.31.40.0-255,1514,254889,69,261475
11149,0.036368,172.31.40.0-255,1514,256403,69,261475
11150,0.036369,172.31.40.0-255,1514,257917,69,261475
11151,0.03637,172.31.40.0-255,1514,259431,69,261475
11152,0.0364,172.31.40.0-255,1504,260935,69,261475
11153,0.037747,104.244.42.0-255,66,261001,69,261475
11154,0.037783,104.244.42.0-255,66,261067,69,261475
11155,0.037901,104.244.42.0-255,66,261133,69,261475
11156,0.037927,104.244.42.0-255,66,261199,69,261475
11157,0.061292,172.31.40.0-255,105,261304,69,261475
11158,0.063044,157.240.7.0-255,105,261409,69,261475
11159,0.063059,172.31.40.0-255,66,261475,69,261475
11160,0.0,172.217.194.0-255,153,153,69,305888
11161,3.9e-05,172.31.40.0-255,66,219,69,305888
11162,5e-05,172.217.194.0-255,1484,1703,69,305888
11163,5.7e-05,172.31.40.0-255,66,1769,69,305888
11164,6.4e-05,172.217.194.0-255,2902,4671,69,305888
11165,6.8e-05,172.31.40.0-255,66,4737,69,305888
11166,7.8e-05,172.217.194.0-255,7156,11893,69,305888
11167,8.2e-05,172.31.40.0-255,66,11959,69,305888
11168,8.8e-05,172.217.194.0-255,2136,14095,69,305888
11169,9.1e-05,172.31.40.0-255,66,14161,69,305888
11170,9.7e-05,172.217.194.0-255,2902,17063,69,305888
11171,0.0001,172.31.40.0-255,66,17129,69,305888
11172,0.000108,172.217.194.0-255,5738,22867,69,305888
11173,0.000111,172.31.40.0-255,66,22933,69,305888
11174,0.000171,172.31.40.0-255,66,22999,69,305888
11175,0.000251,172.217.194.0-255,1484,24483,69,305888
11176,0.000254,172.31.40.0-255,66,24549,69,305888
11177,0.000258,172.217.194.0-255,1484,26033,69,305888
11178,0.00026,172.31.40.0-255,66,26099,69,305888
11179,0.000273,172.217.194.0-255,1484,27583,69,305888
11180,0.000275,172.31.40.0-255,66,27649,69,305888
11181,0.000286,172.217.194.0-255,5738,33387,69,305888
11182,0.000289,172.31.40.0-255,66,33453,69,305888
11183,0.000293,172.217.194.0-255,1484,34937,69,305888
11184,0.000294,172.31.40.0-255,66,35003,69,305888
11185,0.000337,172.31.40.0-255,66,35069,69,305888
11186,0.000356,172.31.40.0-255,66,35135,69,305888
11187,0.000471,172.217.194.0-255,647,35782,69,305888
11188,0.000474,172.31.40.0-255,66,35848,69,305888
11189,0.000567,172.217.194.0-255,1484,37332,69,305888
11190,0.000587,172.217.194.0-255,2902,40234,69,305888
11191,0.000591,172.217.194.0-255,1484,41718,69,305888
11192,0.000614,172.217.194.0-255,4320,46038,69,305888
11193,0.000634,172.217.194.0-255,5738,51776,69,305888
11194,0.000652,172.217.194.0-255,4320,56096,69,305888
11195,0.000686,172.217.194.0-255,2902,58998,69,305888
11196,0.000691,172.217.194.0-255,2184,61182,69,305888
11197,0.000798,172.31.40.0-255,66,61248,69,305888
11198,0.001023,172.217.194.0-255,1484,62732,69,305888
11199,0.00103,172.217.194.0-255,1484,64216,69,305888
11200,0.001043,172.31.40.0-255,66,64282,69,305888
11201,0.001048,172.217.194.0-255,1484,65766,69,305888
11202,0.001056,172.217.194.0-255,5738,71504,69,305888
11203,0.001063,172.31.40.0-255,66,71570,69,305888
11204,0.001078,172.217.194.0-255,5738,77308,69,305888
11205,0.001109,172.217.194.0-255,7156,84464,69,305888
11206,0.001121,172.217.194.0-255,766,85230,69,305888
11207,0.001124,172.31.40.0-255,66,85296,69,305888
11208,0.00114,172.31.40.0-255,66,85362,69,305888
11209,0.00128,172.217.194.0-255,1484,86846,69,305888
11210,0.001288,172.217.194.0-255,2902,89748,69,305888
11211,0.001307,172.217.194.0-255,5738,95486,69,305888
11212,0.001325,172.217.194.0-255,1484,96970,69,305888
11213,0.00134,172.217.194.0-255,5738,102708,69,305888
11214,0.001357,172.217.194.0-255,5738,108446,69,305888
11215,0.001367,172.217.194.0-255,5738,114184,69,305888
11216,0.001378,172.31.40.0-255,66,114250,69,305888
11217,0.001408,172.217.194.0-255,5020,119270,69,305888
11218,0.001416,172.31.40.0-255,66,119336,69,305888
11219,0.00342,172.217.194.0-255,5738,125074,69,305888
11220,0.003432,172.31.40.0-255,66,125140,69,305888
11221,0.005427,172.217.194.0-255,4320,129460,69,305888
11222,0.005446,172.217.194.0-255,1484,130944,69,305888
11223,0.008213,172.31.40.0-255,66,131010,69,305888
11224,0.010182,172.217.194.0-255,5738,136748,69,305888
11225,0.010195,172.31.40.0-255,66,136814,69,305888
11226,0.012203,172.217.194.0-255,5738,142552,69,305888
11227,0.013633,172.31.40.0-255,66,142618,69,305888
11228,0.01563,172.217.194.0-255,2902,145520,69,305888
11229,0.015642,172.31.40.0-255,66,145586,69,305888
11230,0.015665,172.217.194.0-255,2902,148488,69,305888
11231,0.015707,172.31.40.0-255,66,148554,69,305888
11232,0.017603,172.217.194.0-255,2902,151456,69,305888
11233,0.017616,172.31.40.0-255,66,151522,69,305888
11234,0.017676,172.217.194.0-255,2902,154424,69,305888
11235,0.018203,172.31.40.0-255,66,154490,69,305888
11236,0.019639,172.217.194.0-255,2902,157392,69,305888
11237,0.019648,172.31.40.0-255,66,157458,69,305888
11238,0.020189,172.217.194.0-255,2902,160360,69,305888
11239,0.020196,172.31.40.0-255,66,160426,69,305888
11240,0.02163,172.217.194.0-255,2902,163328,69,305888
11241,0.021637,172.31.40.0-255,66,163394,69,305888
11242,0.022213,172.217.194.0-255,2902,166296,69,305888
11243,0.02222,172.31.40.0-255,66,166362,69,305888
11244,0.023599,172.217.194.0-255,2902,169264,69,305888
11245,0.023607,172.31.40.0-255,66,169330,69,305888
11246,0.024211,172.217.194.0-255,2902,172232,69,305888
11247,0.024217,172.31.40.0-255,66,172298,69,305888
11248,0.025561,172.31.40.0-255,167,172465,69,305888
11249,0.025595,172.217.194.0-255,2902,175367,69,305888
11250,0.025601,172.31.40.0-255,66,175433,69,305888
11251,0.025633,172.31.40.0-255,1111,176544,69,305888
11252,0.025703,172.31.40.0-255,1514,178058,69,305888
11253,0.025705,172.31.40.0-255,1514,179572,69,305888
11254,0.025706,172.31.40.0-255,1514,181086,69,305888
11255,0.025707,172.31.40.0-255,1514,182600,69,305888
11256,0.025708,172.31.40.0-255,546,183146,69,305888
11257,0.026229,172.217.194.0-255,2902,186048,69,305888
11258,0.026237,172.31.40.0-255,66,186114,69,305888
11259,0.027131,104.244.42.0-255,66,186180,69,305888
11260,0.027216,104.244.42.0-255,66,186246,69,305888
11261,0.027309,104.244.42.0-255,66,186312,69,305888
11262,0.027324,104.244.42.0-255,66,186378,69,305888
11263,0.027613,172.217.194.0-255,2902,189280,69,305888
11264,0.027631,172.31.40.0-255,66,189346,69,305888
11265,0.02823,172.217.194.0-255,2902,192248,69,305888
11266,0.028238,172.31.40.0-255,66,192314,69,305888
11267,0.029646,172.217.194.0-255,2902,195216,69,305888
11268,0.029656,172.31.40.0-255,66,195282,69,305888
11269,0.030236,172.217.194.0-255,2902,198184,69,305888
11270,0.030494,172.31.40.0-255,66,198250,69,305888
11271,0.031635,172.217.194.0-255,2902,201152,69,305888
11272,0.031644,172.31.40.0-255,66,201218,69,305888
11273,0.032501,172.217.194.0-255,2902,204120,69,305888
11274,0.032507,172.31.40.0-255,66,204186,69,305888
11275,0.033632,172.217.194.0-255,2902,207088,69,305888
11276,0.033643,172.31.40.0-255,66,207154,69,305888
11277,0.034488,172.217.194.0-255,2902,210056,69,305888
11278,0.035633,172.217.194.0-255,2902,212958,69,305888
11279,0.037278,172.31.40.0-255,66,213024,69,305888
11280,0.039289,172.217.194.0-255,5738,218762,69,305888
11281,0.039307,172.31.40.0-255,66,218828,69,305888
11282,0.041331,172.217.194.0-255,5738,224566,69,305888
11283,0.041349,172.31.40.0-255,66,224632,69,305888
11284,0.043361,172.217.194.0-255,5738,230370,69,305888
11285,0.043375,172.31.40.0-255,66,230436,69,305888
11286,0.04537,172.217.194.0-255,5738,236174,69,305888
11287,0.045377,172.31.40.0-255,66,236240,69,305888
11288,0.047358,172.217.194.0-255,5738,241978,69,305888
11289,0.047366,172.31.40.0-255,66,242044,69,305888
11290,0.049389,172.217.194.0-255,5738,247782,69,305888
11291,0.049395,172.31.40.0-255,66,247848,69,305888
11292,0.05142,172.217.194.0-255,5738,253586,69,305888
11293,0.051427,172.31.40.0-255,66,253652,69,305888
11294,0.053443,172.217.194.0-255,5738,259390,69,305888
11295,0.05345,172.31.40.0-255,66,259456,69,305888
11296,0.055446,172.217.194.0-255,5738,265194,69,305888
11297,0.055453,172.31.40.0-255,66,265260,69,305888
11298,0.057461,172.217.194.0-255,5738,270998,69,305888
11299,0.057467,172.31.40.0-255,66,271064,69,305888
11300,0.059461,172.217.194.0-255,5738,276802,69,305888
11301,0.059467,172.31.40.0-255,66,276868,69,305888
11302,0.061454,172.217.194.0-255,5738,282606,69,305888
11303,0.061462,172.31.40.0-255,66,282672,69,305888
11304,0.063456,172.217.194.0-255,5738,288410,69,305888
11305,0.063465,172.31.40.0-255,66,288476,69,305888
11306,0.065467,172.217.194.0-255,5738,294214,69,305888
11307,0.065473,172.31.40.0-255,66,294280,69,305888
11308,0.067535,172.217.194.0-255,5738,300018,69,305888
11309,0.067541,172.31.40.0-255,66,300084,69,305888
11310,0.06955,172.217.194.0-255,5738,305822,69,305888
11311,0.069556,172.31.40.0-255,66,305888,69,305888
11312,0.0,74.125.68.0-255,148,148,69,360158
11313,1.4e-05,172.31.40.0-255,66,214,69,360158
11314,2e-05,74.125.68.0-255,1484,1698,69,360158
11315,2.4e-05,172.31.40.0-255,66,1764,69,360158
11316,2.9e-05,74.125.68.0-255,2902,4666,69,360158
11317,3.7e-05,172.31.40.0-255,66,4732,69,360158
11318,4.3e-05,74.125.68.0-255,4320,9052,69,360158
11319,4.6e-05,172.31.40.0-255,66,9118,69,360158
11320,7.9e-05,74.125.68.0-255,2902,12020,69,360158
11321,8.1e-05,172.31.40.0-255,66,12086,69,360158
11322,9.3e-05,74.125.68.0-255,2074,14160,69,360158
11323,9.9e-05,172.31.40.0-255,66,14226,69,360158
11324,0.000122,74.125.68.0-255,2902,17128,69,360158
11325,0.000124,172.31.40.0-255,66,17194,69,360158
11326,0.00016,74.125.68.0-255,7156,24350,69,360158
11327,0.000162,172.31.40.0-255,66,24416,69,360158
11328,0.000167,74.125.68.0-255,2902,27318,69,360158
11329,0.000172,172.31.40.0-255,66,27384,69,360158
11330,0.00021,74.125.68.0-255,3961,31345,69,360158
11331,0.000212,172.31.40.0-255,66,31411,69,360158
11332,0.000257,74.125.68.0-255,1484,32895,69,360158
11333,0.00026,172.31.40.0-255,66,32961,69,360158
11334,0.000263,74.125.68.0-255,1484,34445,69,360158
11335,0.000264,172.31.40.0-255,66,34511,69,360158
11336,0.000288,74.125.68.0-255,1484,35995,69,360158
11337,0.00029,172.31.40.0-255,66,36061,69,360158
11338,0.0003,74.125.68.0-255,5738,41799,69,360158
11339,0.000302,172.31.40.0-255,66,41865,69,360158
11340,0.000307,74.125.68.0-255,4320,46185,69,360158
11341,0.000309,172.31.40.0-255,66,46251,69,360158
11342,0.00034,74.125.68.0-255,5379,51630,69,360158
11343,0.000343,172.31.40.0-255,66,51696,69,360158
11344,0.000356,74.125.68.0-255,2902,54598,69,360158
11345,0.000374,74.125.68.0-255,7156,61754,69,360158
11346,0.000404,74.125.68.0-255,2902,64656,69,360158
11347,0.000414,74.125.68.0-255,1400,66056,69,360158
11348,0.000512,172.31.40.0-255,66,66122,69,360158
11349,0.000668,74.125.68.0-255,132,66254,69,360158
11350,0.000788,74.125.68.0-255,1484,67738,69,360158
11351,0.000791,172.31.40.0-255,66,67804,69,360158
11352,0.000797,74.125.68.0-255,2902,70706,69,360158
11353,0.000814,172.31.40.0-255,66,70772,69,360158
11354,0.000833,74.125.68.0-255,4320,75092,69,360158
11355,0.000843,172.31.40.0-255,66,75158,69,360158
11356,0.000859,74.125.68.0-255,1484,76642,69,360158
11357,0.000892,74.125.68.0-255,4320,80962,69,360158
11358,0.000895,172.31.40.0-255,66,81028,69,360158
11359,0.000924,74.125.68.0-255,2902,83930,69,360158
11360,0.00093,172.31.40.0-255,66,83996,69,360158
11361,0.000962,172.31.40.0-255,66,84062,69,360158
11362,0.000964,74.125.68.0-255,345,84407,69,360158
11363,0.001299,172.31.40.0-255,66,84473,69,360158
11364,0.001406,74.125.68.0-255,1484,85957,69,360158
11365,0.001421,74.125.68.0-255,2902,88859,69,360158
11366,0.001435,74.125.68.0-255,4320,93179,69,360158
11367,0.00145,74.125.68.0-255,1484,94663,69,360158
11368,0.001468,74.125.68.0-255,7156,101819,69,360158
11369,0.001473,74.125.68.0-255,5738,107557,69,360158
11370,0.001497,74.125.68.0-255,4320,111877,69,360158
11371,0.001517,74.125.68.0-255,2902,114779,69,360158
11372,0.001533,74.125.68.0-255,3602,118381,69,360158
11373,0.001594,74.125.68.0-255,1484,119865,69,360158
11374,0.001599,74.125.68.0-255,2902,122767,69,360158
11375,0.001606,74.125.68.0-255,5738,128505,69,360158
11376,0.001654,74.125.68.0-255,2902,131407,69,360158
11377,0.00167,74.125.68.0-255,7156,138563,69,360158
11378,0.001674,74.125.68.0-255,2902,141465,69,360158
11379,0.00169,74.125.68.0-255,2184,143649,69,360158
11380,0.001736,74.125.68.0-255,1484,145133,69,360158
11381,0.001749,74.125.68.0-255,2902,148035,69,360158
11382,0.001769,74.125.68.0-255,4320,152355,69,360158
11383,0.001781,74.125.68.0-255,1484,153839,69,360158
11384,0.001786,74.125.68.0-255,2902,156741,69,360158
11385,0.001789,74.125.68.0-255,1484,158225,69,360158
11386,0.001801,74.125.68.0-255,4320,162545,69,360158
11387,0.001816,74.125.68.0-255,4320,166865,69,360158
11388,0.001831,74.125.68.0-255,4320,171185,69,360158
11389,0.001846,74.125.68.0-255,6438,177623,69,360158
11390,0.00656,172.31.40.0-255,66,177689,69,360158
11391,0.008636,74.125.68.0-255,5738,183427,69,360158
11392,0.008644,172.31.40.0-255,66,183493,69,360158
11393,0.010664,74.125.68.0-255,5738,189231,69,360158
11394,0.010672,172.31.40.0-255,66,189297,69,360158
11395,0.012707,74.125.68.0-255,5738,195035,69,360158
11396,0.012714,172.31.40.0-255,66,195101,69,360158
11397,0.014726,74.125.68.0-255,5738,200839,69,360158
11398,0.014732,172.31.40.0-255,66,200905,69,360158
11399,0.01677,74.125.68.0-255,5738,206643,69,360158
11400,0.016776,172.31.40.0-255,66,206709,69,360158
11401,0.018797,74.125.68.0-255,5738,212447,69,360158
11402,0.018803,172.31.40.0-255,66,212513,69,360158
11403,0.020822,74.125.68.0-255,4320,216833,69,360158
11404,0.02083,172.31.40.0-255,66,216899,69,360158
11405,0.020859,74.125.68.0-255,1484,218383,69,360158
11406,0.022842,74.125.68.0-255,4320,222703,69,360158
11407,0.02285,172.31.40.0-255,66,222769,69,360158
11408,0.024911,74.125.68.0-255,5738,228507,69,360158
11409,0.025241,172.31.40.0-255,66,228573,69,360158
11410,0.027293,74.125.68.0-255,5738,234311,69,360158
11411,0.027301,172.31.40.0-255,66,234377,69,360158
11412,0.029347,74.125.68.0-255,5738,240115,69,360158
11413,0.029354,172.31.40.0-255,66,240181,69,360158
11414,0.03137,74.125.68.0-255,5738,245919,69,360158
11415,0.031377,172.31.40.0-255,66,245985,69,360158
11416,0.032768,172.31.40.0-255,172,246157,69,360158
11417,0.032796,172.31.40.0-255,1116,247273,69,360158
11418,0.032857,172.31.40.0-255,1514,248787,69,360158
11419,0.032859,172.31.40.0-255,1514,250301,69,360158
11420,0.03286,172.31.40.0-255,1514,251815,69,360158
11421,0.032864,172.31.40.0-255,1514,253329,69,360158
11422,0.032865,172.31.40.0-255,1499,254828,69,360158
11423,0.033381,74.125.68.0-255,1484,256312,69,360158
11424,0.033404,74.125.68.0-255,4320,260632,69,360158
11425,0.033408,172.31.40.0-255,66,260698,69,360158
11426,0.034343,104.244.42.0-255,66,260764,69,360158
11427,0.034424,104.244.42.0-255,66,260830,69,360158
11428,0.034471,104.244.42.0-255,66,260896,69,360158
11429,0.035429,74.125.68.0-255,5738,266634,69,360158
11430,0.035436,172.31.40.0-255,66,266700,69,360158
11431,0.037465,74.125.68.0-255,5738,272438,69,360158
11432,0.037472,172.31.40.0-255,66,272504,69,360158
11433,0.03951,74.125.68.0-255,5738,278242,69,360158
11434,0.039517,172.31.40.0-255,66,278308,69,360158
11435,0.041609,74.125.68.0-255,5738,284046,69,360158
11436,0.041617,172.31.40.0-255,66,284112,69,360158
11437,0.043652,74.125.68.0-255,5738,289850,69,360158
11438,0.04366,172.31.40.0-255,66,289916,69,360158
11439,0.045679,74.125.68.0-255,2902,292818,69,360158
11440,0.045685,172.31.40.0-255,66,292884,69,360158
11441,0.045714,74.125.68.0-255,2902,295786,69,360158
11442,0.046128,172.31.40.0-255,66,295852,69,360158
11443,0.047705,74.125.68.0-255,2902,298754,69,360158
11444,0.047712,172.31.40.0-255,66,298820,69,360158
11445,0.048163,74.125.68.0-255,2902,301722,69,360158
11446,0.04817,172.31.40.0-255,66,301788,69,360158
11447,0.04973,74.125.68.0-255,2902,304690,69,360158
11448,0.049736,172.31.40.0-255,66,304756,69,360158
11449,0.050201,74.125.68.0-255,2902,307658,69,360158
11450,0.050207,172.31.40.0-255,66,307724,69,360158
11451,0.051745,74.125.68.0-255,2902,310626,69,360158
11452,0.051753,172.31.40.0-255,66,310692,69,360158
11453,0.052227,74.125.68.0-255,2902,313594,69,360158
11454,0.052234,172.31.40.0-255,66,313660,69,360158
11455,0.053771,74.125.68.0-255,1484,315144,69,360158
11456,0.05426,74.125.68.0-255,4320,319464,69,360158
11457,0.054291,172.31.40.0-255,66,319530,69,360158
11458,0.056321,74.125.68.0-255,5738,325268,69,360158
11459,0.056367,172.31.40.0-255,66,325334,69,360158
11460,0.058404,74.125.68.0-255,5738,331072,69,360158
11461,0.05841,172.31.40.0-255,66,331138,69,360158
11462,0.060431,74.125.68.0-255,5738,336876,69,360158
11463,0.060439,172.31.40.0-255,66,336942,69,360158
11464,0.062469,74.125.68.0-255,5738,342680,69,360158
11465,0.062477,172.31.40.0-255,66,342746,69,360158
11466,0.064493,74.125.68.0-255,5738,348484,69,360158
11467,0.064498,172.31.40.0-255,66,348550,69,360158
11468,0.066544,74.125.68.0-255,5738,354288,69,360158
11469,0.06655,172.31.40.0-255,66,354354,69,360158
11470,0.068577,74.125.68.0-255,5738,360092,69,360158
11471,0.068585,172.31.40.0-255,66,360158,69,360158
11472,0.0,172.217.194.0-255,153,153,69,247725
11473,2.5e-05,172.31.40.0-255,66,219,69,247725
11474,3.3e-05,172.217.194.0-255,1484,1703,69,247725
11475,3.7e-05,172.31.40.0-255,66,1769,69,247725
11476,4.3e-05,172.217.194.0-255,2902,4671,69,247725
11477,4.7e-05,172.31.40.0-255,66,4737,69,247725
11478,5.5e-05,172.217.194.0-255,7156,11893,69,247725
11479,5.8e-05,172.31.40.0-255,66,11959,69,247725
11480,6.2e-05,172.217.194.0-255,2030,13989,69,247725
11481,6.5e-05,172.31.40.0-255,66,14055,69,247725
11482,6.9e-05,172.217.194.0-255,2902,16957,69,247725
11483,7.2e-05,172.31.40.0-255,66,17023,69,247725
11484,8e-05,172.217.194.0-255,7156,24179,69,247725
11485,8.3e-05,172.31.40.0-255,66,24245,69,247725
11486,0.000131,172.217.194.0-255,2902,27147,69,247725
11487,0.000135,172.31.40.0-255,66,27213,69,247725
11488,0.000166,172.31.40.0-255,66,27279,69,247725
11489,0.000177,172.31.40.0-255,66,27345,69,247725
11490,0.000209,172.217.194.0-255,1484,28829,69,247725
11491,0.000212,172.31.40.0-255,66,28895,69,247725
11492,0.000217,172.217.194.0-255,2902,31797,69,247725
11493,0.000219,172.31.40.0-255,66,31863,69,247725
11494,0.000241,172.217.194.0-255,1484,33347,69,247725
11495,0.000244,172.31.40.0-255,66,33413,69,247725
11496,0.000269,172.217.194.0-255,4320,37733,69,247725
11497,0.000272,172.31.40.0-255,66,37799,69,247725
11498,0.00028,172.217.194.0-255,6797,44596,69,247725
11499,0.000282,172.31.40.0-255,66,44662,69,247725
11500,0.000314,172.217.194.0-255,1484,46146,69,247725
11501,0.000317,172.31.40.0-255,66,46212,69,247725
11502,0.000331,172.217.194.0-255,1484,47696,69,247725
11503,0.000352,172.217.194.0-255,1484,49180,69,247725
11504,0.000355,172.31.40.0-255,66,49246,69,247725
11505,0.000362,172.217.194.0-255,5738,54984,69,247725
11506,0.000364,172.31.40.0-255,66,55050,69,247725
11507,0.00037,172.217.194.0-255,4320,59370,69,247725
11508,0.000372,172.31.40.0-255,66,59436,69,247725
11509,0.000377,172.217.194.0-255,4320,63756,69,247725
11510,0.00038,172.31.40.0-255,66,63822,69,247725
11511,0.000405,172.217.194.0-255,7156,70978,69,247725
11512,0.000408,172.31.40.0-255,66,71044,69,247725
11513,0.000442,172.217.194.0-255,1484,72528,69,247725
11514,0.000468,172.217.194.0-255,6438,78966,69,247725
11515,0.000471,172.31.40.0-255,66,79032,69,247725
11516,0.000533,172.217.194.0-255,1484,80516,69,247725
11517,0.000553,172.217.194.0-255,2902,83418,69,247725
11518,0.000555,172.217.194.0-255,1484,84902,69,247725
11519,0.000573,172.217.194.0-255,2902,87804,69,247725
11520,0.00058,172.217.194.0-255,5738,93542,69,247725
11521,0.000658,172.31.40.0-255,66,93608,69,247725
11522,0.00067,172.217.194.0-255,2902,96510,69,247725
11523,0.000675,172.31.40.0-255,66,96576,69,247725
11524,0.000705,172.217.194.0-255,1125,97701,69,247725
11525,0.000708,172.217.194.0-255,1484,99185,69,247725
11526,0.000729,172.31.40.0-255,66,99251,69,247725
11527,0.000742,172.217.194.0-255,5738,104989,69,247725
11528,0.000761,172.31.40.0-255,66,105055,69,247725
11529,0.000777,172.217.194.0-255,4320,109375,69,247725
11530,0.000804,172.31.40.0-255,66,109441,69,247725
11531,0.000812,172.217.194.0-255,1484,110925,69,247725
11532,0.000815,172.217.194.0-255,766,111691,69,247725
11533,0.00082,172.31.40.0-255,66,111757,69,247725
11534,0.000874,172.217.194.0-255,1484,113241,69,247725
11535,0.00088,172.217.194.0-255,2902,116143,69,247725
11536,0.000885,172.31.40.0-255,66,116209,69,247725
11537,0.000909,172.217.194.0-255,5738,121947,69,247725
11538,0.000914,172.217.194.0-255,2902,124849,69,247725
11539,0.00093,172.217.194.0-255,3961,128810,69,247725
11540,0.000933,172.217.194.0-255,1484,130294,69,247725
11541,0.000936,172.31.40.0-255,66,130360,69,247725
11542,0.000942,172.31.40.0-255,66,130426,69,247725
11543,0.000962,172.217.194.0-255,2543,132969,69,247725
11544,0.000982,172.31.40.0-255,66,133035,69,247725
11545,0.001057,172.217.194.0-255,1484,134519,69,247725
11546,0.001071,172.217.194.0-255,2902,137421,69,247725
11547,0.001076,172.217.194.0-255,2902,140323,69,247725
11548,0.001095,172.217.194.0-255,2902,143225,69,247725
11549,0.001107,172.31.40.0-255,66,143291,69,247725
11550,0.001113,172.217.194.0-255,4320,147611,69,247725
11551,0.001119,172.31.40.0-255,66,147677,69,247725
11552,0.001201,172.217.194.0-255,1484,149161,69,247725
11553,0.001209,172.217.194.0-255,1484,150645,69,247725
11554,0.001214,172.31.40.0-255,66,150711,69,247725
11555,0.001235,172.217.194.0-255,1484,152195,69,247725
11556,0.001241,172.217.194.0-255,5738,157933,69,247725
11557,0.001255,172.217.194.0-255,4320,162253,69,247725
11558,0.001259,172.31.40.0-255,66,162319,69,247725
11559,0.001264,172.31.40.0-255,66,162385,69,247725
11560,0.001274,172.217.194.0-255,7156,169541,69,247725
11561,0.001294,172.217.194.0-255,2543,172084,69,247725
11562,0.001326,172.31.40.0-255,66,172150,69,247725
11563,0.001334,172.217.194.0-255,7156,179306,69,247725
11564,0.001341,172.31.40.0-255,66,179372,69,247725
11565,0.001377,172.217.194.0-255,2902,182274,69,247725
11566,0.001395,172.217.194.0-255,7156,189430,69,247725
11567,0.0014,172.31.40.0-255,66,189496,69,247725
11568,0.00141,172.217.194.0-255,5738,195234,69,247725
11569,0.001425,172.217.194.0-255,2902,198136,69,247725
11570,0.001441,172.217.194.0-255,4320,202456,69,247725
11571,0.001449,172.31.40.0-255,66,202522,69,247725
11572,0.001472,172.31.40.0-255,66,202588,69,247725
11573,0.001476,172.217.194.0-255,1484,204072,69,247725
11574,0.001493,172.217.194.0-255,2902,206974,69,247725
11575,0.001496,172.217.194.0-255,1484,208458,69,247725
11576,0.001511,172.217.194.0-255,4320,212778,69,247725
11577,0.001521,172.31.40.0-255,66,212844,69,247725
11578,0.001545,172.31.40.0-255,66,212910,69,247725
11579,0.00158,172.217.194.0-255,1484,214394,69,247725
11580,0.001639,172.217.194.0-255,1484,215878,69,247725
11581,0.001644,172.217.194.0-255,2902,218780,69,247725
11582,0.001647,172.31.40.0-255,66,218846,69,247725
11583,0.001653,172.31.40.0-255,66,218912,69,247725
11584,0.001674,172.217.194.0-255,5738,224650,69,247725
11585,0.001677,172.217.194.0-255,1484,226134,69,247725
11586,0.001685,172.31.40.0-255,66,226200,69,247725
11587,0.001719,172.217.194.0-255,1484,227684,69,247725
11588,0.00173,172.31.40.0-255,66,227750,69,247725
11589,0.001738,172.217.194.0-255,7156,234906,69,247725
11590,0.001743,172.31.40.0-255,66,234972,69,247725
11591,0.001767,172.217.194.0-255,4101,239073,69,247725
11592,0.00177,172.217.194.0-255,105,239178,69,247725
11593,0.0018,172.31.40.0-255,66,239244,69,247725
11594,0.003636,172.31.40.0-255,101,239345,69,247725
11595,0.004673,172.31.40.0-255,105,239450,69,247725
11596,0.005626,172.217.194.0-255,66,239516,69,247725
11597,0.006602,172.217.194.0-255,66,239582,69,247725
11598,0.032223,172.31.40.0-255,167,239749,69,247725
11599,0.032258,172.31.40.0-255,1116,240865,69,247725
11600,0.032322,172.31.40.0-255,1514,242379,69,247725
11601,0.032324,172.31.40.0-255,1514,243893,69,247725
11602,0.032325,172.31.40.0-255,1514,245407,69,247725
11603,0.032326,172.31.40.0-255,1514,246921,69,247725
11604,0.032327,172.31.40.0-255,540,247461,69,247725
11605,0.033794,104.244.42.0-255,66,247527,69,247725
11606,0.033852,104.244.42.0-255,66,247593,69,247725
11607,0.033911,104.244.42.0-255,66,247659,69,247725
11608,0.033915,104.244.42.0-255,66,247725,69,247725
11609,0.0,74.125.130.0-255,153,153,69,344290
11610,2e-05,172.31.40.0-255,66,219,69,344290
11611,2.7e-05,74.125.130.0-255,1484,1703,69,344290
11612,3.3e-05,172.31.40.0-255,66,1769,69,344290
11613,3.9e-05,74.125.130.0-255,2902,4671,69,344290
11614,4.3e-05,172.31.40.0-255,66,4737,69,344290
11615,4.8e-05,74.125.130.0-255,2902,7639,69,344290
11616,5.1e-05,172.31.40.0-255,66,7705,69,344290
11617,7.9e-05,74.125.130.0-255,4320,12025,69,344290
11618,8.2e-05,172.31.40.0-255,66,12091,69,344290
11619,8.6e-05,74.125.130.0-255,2064,14155,69,344290
11620,8.9e-05,172.31.40.0-255,66,14221,69,344290
11621,0.000111,74.125.130.0-255,1484,15705,69,344290
11622,0.000113,172.31.40.0-255,66,15771,69,344290
11623,0.000133,74.125.130.0-255,2902,18673,69,344290
11624,0.000136,172.31.40.0-255,66,18739,69,344290
11625,0.000142,74.125.130.0-255,5738,24477,69,344290
11626,0.000145,172.31.40.0-255,66,24543,69,344290
11627,0.00016,74.125.130.0-255,2902,27445,69,344290
11628,0.000162,172.31.40.0-255,66,27511,69,344290
11629,0.000179,74.125.130.0-255,3961,31472,69,344290
11630,0.000182,172.31.40.0-255,66,31538,69,344290
11631,0.000277,74.125.130.0-255,1484,33022,69,344290
11632,0.00028,172.31.40.0-255,66,33088,69,344290
11633,0.000285,74.125.130.0-255,2902,35990,69,344290
11634,0.000287,172.31.40.0-255,66,36056,69,344290
11635,0.000319,74.125.130.0-255,5738,41794,69,344290
11636,0.000322,172.31.40.0-255,66,41860,69,344290
11637,0.000328,74.125.130.0-255,5738,47598,69,344290
11638,0.00033,172.31.40.0-255,66,47664,69,344290
11639,0.000338,74.125.130.0-255,6797,54461,69,344290
11640,0.000341,172.31.40.0-255,66,54527,69,344290
11641,0.000384,172.31.40.0-255,66,54593,69,344290
11642,0.000398,74.125.130.0-255,2543,57136,69,344290
11643,0.0004,172.31.40.0-255,66,57202,69,344290
11644,0.000608,74.125.130.0-255,645,57847,69,344290
11645,0.000792,74.125.130.0-255,1484,59331,69,344290
11646,0.000798,172.31.40.0-255,66,59397,69,344290
11647,0.000804,74.125.130.0-255,2902,62299,69,344290
11648,0.000806,172.31.40.0-255,66,62365,69,344290
11649,0.000813,74.125.130.0-255,5738,68103,69,344290
11650,0.000816,172.31.40.0-255,66,68169,69,344290
11651,0.000821,74.125.130.0-255,4320,72489,69,344290
11652,0.000823,172.31.40.0-255,66,72555,69,344290
11653,0.00084,74.125.130.0-255,4320,76875,69,344290
11654,0.000843,172.31.40.0-255,66,76941,69,344290
11655,0.000873,74.125.130.0-255,7156,84097,69,344290
11656,0.000876,172.31.40.0-255,66,84163,69,344290
11657,0.000881,74.125.130.0-255,4320,88483,69,344290
11658,0.000883,172.31.40.0-255,66,88549,69,344290
11659,0.000901,74.125.130.0-255,3054,91603,69,344290
11660,0.000904,172.31.40.0-255,66,91669,69,344290
11661,0.001126,74.125.130.0-255,1484,93153,69,344290
11662,0.001132,74.125.130.0-255,2902,96055,69,344290
11663,0.001136,172.31.40.0-255,66,96121,69,344290
11664,0.001142,74.125.130.0-255,2902,99023,69,344290
11665,0.001144,172.31.40.0-255,66,99089,69,344290
11666,0.001159,74.125.130.0-255,2902,101991,69,344290
11667,0.001161,172.31.40.0-255,66,102057,69,344290
11668,0.001168,74.125.130.0-255,5738,107795,69,344290
11669,0.001171,172.31.40.0-255,66,107861,69,344290
11670,0.0012,74.125.130.0-255,7156,115017,69,344290
11671,0.001202,172.31.40.0-255,66,115083,69,344290
11672,0.001209,74.125.130.0-255,7156,122239,69,344290
11673,0.001211,172.31.40.0-255,66,122305,69,344290
11674,0.00124,74.125.130.0-255,3602,125907,69,344290
11675,0.001243,172.31.40.0-255,66,125973,69,344290
11676,0.001827,74.125.130.0-255,1484,127457,69,344290
11677,0.001834,74.125.130.0-255,2902,130359,69,344290
11678,0.001838,172.31.40.0-255,66,130425,69,344290
11679,0.001844,74.125.130.0-255,4320,134745,69,344290
11680,0.001847,172.31.40.0-255,66,134811,69,344290
11681,0.001862,74.125.130.0-255,5738,140549,69,344290
11682,0.001864,172.31.40.0-255,66,140615,69,344290
11683,0.001879,74.125.130.0-255,2902,143517,69,344290
11684,0.001881,172.31.40.0-255,66,143583,69,344290
11685,0.001903,74.125.130.0-255,7156,150739,69,344290
11686,0.001905,172.31.40.0-255,66,150805,69,344290
11687,0.001932,172.31.40.0-255,66,150871,69,344290
11688,0.004027,74.125.130.0-255,5738,156609,69,344290
11689,0.004035,172.31.40.0-255,66,156675,69,344290
11690,0.006126,74.125.130.0-255,5738,162413,69,344290
11691,0.00613,172.31.40.0-255,66,162479,69,344290
11692,0.00823,74.125.130.0-255,4320,166799,69,344290
11693,0.008233,172.31.40.0-255,66,166865,69,344290
11694,0.008252,74.125.130.0-255,1484,168349,69,344290
11695,0.010331,74.125.130.0-255,4320,172669,69,344290
11696,0.010338,172.31.40.0-255,66,172735,69,344290
11697,0.012491,74.125.130.0-255,5738,178473,69,344290
11698,0.012499,172.31.40.0-255,66,178539,69,344290
11699,0.014589,74.125.130.0-255,5738,184277,69,344290
11700,0.014597,172.31.40.0-255,66,184343,69,344290
11701,0.016707,74.125.130.0-255,5738,190081,69,344290
11702,0.016715,172.31.40.0-255,66,190147,69,344290
11703,0.018816,74.125.130.0-255,5738,195885,69,344290
11704,0.018825,172.31.40.0-255,66,195951,69,344290
11705,0.021009,74.125.130.0-255,5738,201689,69,344290
11706,0.021015,172.31.40.0-255,66,201755,69,344290
11707,0.023105,74.125.130.0-255,5738,207493,69,344290
11708,0.023113,172.31.40.0-255,66,207559,69,344290
11709,0.025214,74.125.130.0-255,5738,213297,69,344290
11710,0.025221,172.31.40.0-255,66,213363,69,344290
11711,0.027326,74.125.130.0-255,5738,219101,69,344290
11712,0.027335,172.31.40.0-255,66,219167,69,344290
11713,0.02943,74.125.130.0-255,5738,224905,69,344290
11714,0.029439,172.31.40.0-255,66,224971,69,344290
11715,0.031545,74.125.130.0-255,5738,230709,69,344290
11716,0.031552,172.31.40.0-255,66,230775,69,344290
11717,0.033517,172.31.40.0-255,172,230947,69,344290
11718,0.033548,172.31.40.0-255,1114,232061,69,344290
11719,0.033647,74.125.130.0-255,5738,237799,69,344290
11720,0.033654,172.31.40.0-255,66,237865,69,344290
11721,0.033703,172.31.40.0-255,1514,239379,69,344290
11722,0.033705,172.31.40.0-255,1514,240893,69,344290
11723,0.033706,172.31.40.0-255,1514,242407,69,344290
11724,0.033711,172.31.40.0-255,1514,243921,69,344290
11725,0.033712,172.31.40.0-255,1503,245424,69,344290
11726,0.035086,104.244.42.0-255,66,245490,69,344290
11727,0.035095,104.244.42.0-255,66,245556,69,344290
11728,0.035279,104.244.42.0-255,66,245622,69,344290
11729,0.035748,74.125.130.0-255,5738,251360,69,344290
11730,0.035756,172.31.40.0-255,66,251426,69,344290
11731,0.037857,74.125.130.0-255,5738,257164,69,344290
11732,0.037864,172.31.40.0-255,66,257230,69,344290
11733,0.039966,74.125.130.0-255,5738,262968,69,344290
11734,0.039973,172.31.40.0-255,66,263034,69,344290
11735,0.042071,74.125.130.0-255,5738,268772,69,344290
11736,0.042078,172.31.40.0-255,66,268838,69,344290
11737,0.044188,74.125.130.0-255,5738,274576,69,344290
11738,0.044195,172.31.40.0-255,66,274642,69,344290
11739,0.046294,74.125.130.0-255,5738,280380,69,344290
11740,0.046303,172.31.40.0-255,66,280446,69,344290
11741,0.048409,74.125.130.0-255,5738,286184,69,344290
11742,0.048415,172.31.40.0-255,66,286250,69,344290
11743,0.050507,74.125.130.0-255,5738,291988,69,344290
11744,0.050514,172.31.40.0-255,66,292054,69,344290
11745,0.052611,74.125.130.0-255,5738,297792,69,344290
11746,0.052618,172.31.40.0-255,66,297858,69,344290
11747,0.054717,74.125.130.0-255,5738,303596,69,344290
11748,0.054724,172.31.40.0-255,66,303662,69,344290
11749,0.056828,74.125.130.0-255,5738,309400,69,344290
11750,0.056834,172.31.40.0-255,66,309466,69,344290
11751,0.05894,74.125.130.0-255,5738,315204,69,344290
11752,0.058947,172.31.40.0-255,66,315270,69,344290
11753,0.06105,74.125.130.0-255,5738,321008,69,344290
11754,0.061057,172.31.40.0-255,66,321074,69,344290
11755,0.063176,74.125.130.0-255,5738,326812,69,344290
11756,0.063182,172.31.40.0-255,66,326878,69,344290
11757,0.065275,74.125.130.0-255,5738,332616,69,344290
11758,0.065282,172.31.40.0-255,66,332682,69,344290
11759,0.067396,74.125.130.0-255,5738,338420,69,344290
11760,0.067403,172.31.40.0-255,66,338486,69,344290
11761,0.069517,74.125.130.0-255,5738,344224,69,344290
11762,0.069524,172.31.40.0-255,66,344290,69,344290
11763,0.0,172.31.40.0-255,105,105,69,276
11764,0.002328,157.240.7.0-255,105,210,69,276
11765,0.00234,172.31.40.0-255,66,276,69,276
11766,0.0,74.125.24.0-255,153,153,69,316436
11767,2.2e-05,172.31.40.0-255,66,219,69,316436
11768,2.8e-05,74.125.24.0-255,1484,1703,69,316436
11769,3.3e-05,172.31.40.0-255,66,1769,69,316436
11770,3.9e-05,74.125.24.0-255,2902,4671,69,316436
11771,4.2e-05,172.31.40.0-255,66,4737,69,316436
11772,4.8e-05,74.125.24.0-255,5738,10475,69,316436
11773,5.1e-05,172.31.40.0-255,66,10541,69,316436
11774,7.2e-05,74.125.24.0-255,1484,12025,69,316436
11775,7.4e-05,172.31.40.0-255,66,12091,69,316436
11776,7.8e-05,74.125.24.0-255,1484,13575,69,316436
11777,8e-05,172.31.40.0-255,66,13641,69,316436
11778,9.8e-05,74.125.24.0-255,3507,17148,69,316436
11779,0.000101,172.31.40.0-255,66,17214,69,316436
11780,0.000107,74.125.24.0-255,5738,22952,69,316436
11781,0.000109,172.31.40.0-255,66,23018,69,316436
11782,0.000126,74.125.24.0-255,7156,30174,69,316436
11783,0.000128,172.31.40.0-255,66,30240,69,316436
11784,0.000146,74.125.24.0-255,5738,35978,69,316436
11785,0.000148,172.31.40.0-255,66,36044,69,316436
11786,0.000155,74.125.24.0-255,7156,43200,69,316436
11787,0.000157,172.31.40.0-255,66,43266,69,316436
11788,0.000174,74.125.24.0-255,2902,46168,69,316436
11789,0.000176,172.31.40.0-255,66,46234,69,316436
11790,0.000195,74.125.24.0-255,2184,48418,69,316436
11791,0.000196,172.31.40.0-255,66,48484,69,316436
11792,0.000365,74.125.24.0-255,1484,49968,69,316436
11793,0.00037,172.31.40.0-255,66,50034,69,316436
11794,0.000375,74.125.24.0-255,2902,52936,69,316436
11795,0.000377,172.31.40.0-255,66,53002,69,316436
11796,0.000392,74.125.24.0-255,4320,57322,69,316436
11797,0.000394,172.31.40.0-255,66,57388,69,316436
11798,0.0004,74.125.24.0-255,5738,63126,69,316436
11799,0.000402,172.31.40.0-255,66,63192,69,316436
11800,0.000447,74.125.24.0-255,2883,66075,69,316436
11801,0.00045,172.31.40.0-255,66,66141,69,316436
11802,0.000947,74.125.24.0-255,1484,67625,69,316436
11803,0.000955,74.125.24.0-255,2902,70527,69,316436
11804,0.000959,172.31.40.0-255,66,70593,69,316436
11805,0.000984,74.125.24.0-255,5738,76331,69,316436
11806,0.000988,74.125.24.0-255,2902,79233,69,316436
11807,0.000991,172.31.40.0-255,66,79299,69,316436
11808,0.000994,172.31.40.0-255,66,79365,69,316436
11809,0.001011,172.31.40.0-255,66,79431,69,316436
11810,0.001056,74.125.24.0-255,1484,80915,69,316436
11811,0.001077,74.125.24.0-255,7156,88071,69,316436
11812,0.00108,172.31.40.0-255,66,88137,69,316436
11813,0.001102,74.125.24.0-255,2184,90321,69,316436
11814,0.001105,172.31.40.0-255,66,90387,69,316436
11815,0.001388,74.125.24.0-255,1484,91871,69,316436
11816,0.001404,74.125.24.0-255,2902,94773,69,316436
11817,0.001408,172.31.40.0-255,66,94839,69,316436
11818,0.001414,74.125.24.0-255,4320,99159,69,316436
11819,0.001416,172.31.40.0-255,66,99225,69,316436
11820,0.001427,74.125.24.0-255,1484,100709,69,316436
11821,0.001455,172.31.40.0-255,66,100775,69,316436
11822,0.001497,74.125.24.0-255,4320,105095,69,316436
11823,0.0015,172.31.40.0-255,66,105161,69,316436
11824,0.001513,172.31.40.0-255,66,105227,69,316436
11825,0.001555,172.31.40.0-255,66,105293,69,316436
11826,0.001583,74.125.24.0-255,5738,111031,69,316436
11827,0.001586,172.31.40.0-255,66,111097,69,316436
11828,0.0016,172.31.40.0-255,66,111163,69,316436
11829,0.002131,74.125.24.0-255,1484,112647,69,316436
11830,0.002153,74.125.24.0-255,2902,115549,69,316436
11831,0.002157,172.31.40.0-255,66,115615,69,316436
11832,0.002186,74.125.24.0-255,4320,119935,69,316436
11833,0.002188,172.31.40.0-255,66,120001,69,316436
11834,0.002218,74.125.24.0-255,5738,125739,69,316436
11835,0.002221,172.31.40.0-255,66,125805,69,316436
11836,0.002236,74.125.24.0-255,2902,128707,69,316436
11837,0.002238,172.31.40.0-255,66,128773,69,316436
11838,0.002258,74.125.24.0-255,4320,133093,69,316436
11839,0.00226,172.31.40.0-255,66,133159,69,316436
11840,0.002292,74.125.24.0-255,4320,137479,69,316436
11841,0.002295,172.31.40.0-255,66,137545,69,316436
11842,0.002314,74.125.24.0-255,2902,140447,69,316436
11843,0.002316,172.31.40.0-255,66,140513,69,316436
11844,0.002329,74.125.24.0-255,2902,143415,69,316436
11845,0.002331,172.31.40.0-255,66,143481,69,316436
11846,0.002335,74.125.24.0-255,2184,145665,69,316436
11847,0.002337,172.31.40.0-255,66,145731,69,316436
11848,0.004751,74.125.24.0-255,5738,151469,69,316436
11849,0.004758,172.31.40.0-255,66,151535,69,316436
11850,0.007152,74.125.24.0-255,5738,157273,69,316436
11851,0.007155,172.31.40.0-255,66,157339,69,316436
11852,0.00958,74.125.24.0-255,5738,163077,69,316436
11853,0.009587,172.31.40.0-255,66,163143,69,316436
11854,0.011961,74.125.24.0-255,5738,168881,69,316436
11855,0.011969,172.31.40.0-255,66,168947,69,316436
11856,0.014353,74.125.24.0-255,5738,174685,69,316436
11857,0.014361,172.31.40.0-255,66,174751,69,316436
11858,0.01676,74.125.24.0-255,5738,180489,69,316436
11859,0.01677,172.31.40.0-255,66,180555,69,316436
11860,0.019165,74.125.24.0-255,5738,186293,69,316436
11861,0.019175,172.31.40.0-255,66,186359,69,316436
11862,0.021529,74.125.24.0-255,2902,189261,69,316436
11863,0.021536,172.31.40.0-255,66,189327,69,316436
11864,0.021558,74.125.24.0-255,2902,192229,69,316436
11865,0.021561,172.31.40.0-255,66,192295,69,316436
11866,0.0239,74.125.24.0-255,2902,195197,69,316436
11867,0.023908,172.31.40.0-255,66,195263,69,316436
11868,0.02394,74.125.24.0-255,2902,198165,69,316436
11869,0.023944,172.31.40.0-255,66,198231,69,316436
11870,0.026311,74.125.24.0-255,5738,203969,69,316436
11871,0.026318,172.31.40.0-255,66,204035,69,316436
11872,0.02871,74.125.24.0-255,5738,209773,69,316436
11873,0.028718,172.31.40.0-255,66,209839,69,316436
11874,0.031085,74.125.24.0-255,5738,215577,69,316436
11875,0.031094,172.31.40.0-255,66,215643,69,316436
11876,0.033727,74.125.24.0-255,4320,219963,69,316436
11877,0.033734,172.31.40.0-255,66,220029,69,316436
11878,0.033751,74.125.24.0-255,1484,221513,69,316436
11879,0.034164,172.31.40.0-255,172,221685,69,316436
11880,0.034192,172.31.40.0-255,1116,222801,69,316436
11881,0.034259,172.31.40.0-255,1514,224315,69,316436
11882,0.03426,172.31.40.0-255,1514,225829,69,316436
11883,0.034267,172.31.40.0-255,1514,227343,69,316436
11884,0.034268,172.31.40.0-255,1514,228857,69,316436
11885,0.034298,172.31.40.0-255,1499,230356,69,316436
11886,0.035833,104.244.42.0-255,66,230422,69,316436
11887,0.035887,104.244.42.0-255,66,230488,69,316436
11888,0.03592,104.244.42.0-255,66,230554,69,316436
11889,0.035991,104.244.42.0-255,66,230620,69,316436
11890,0.036093,74.125.24.0-255,4320,234940,69,316436
11891,0.036099,172.31.40.0-255,66,235006,69,316436
11892,0.038508,74.125.24.0-255,5738,240744,69,316436
11893,0.038514,172.31.40.0-255,66,240810,69,316436
11894,0.038895,104.244.42.0-255,108,240918,69,316436
11895,0.038901,172.31.40.0-255,66,240984,69,316436
11896,0.040876,74.125.24.0-255,5738,246722,69,316436
11897,0.040882,172.31.40.0-255,66,246788,69,316436
11898,0.04327,74.125.24.0-255,5738,252526,69,316436
11899,0.043276,172.31.40.0-255,66,252592,69,316436
11900,0.045746,74.125.24.0-255,5738,258330,69,316436
11901,0.045754,172.31.40.0-255,66,258396,69,316436
11902,0.048144,74.125.24.0-255,5738,264134,69,316436
11903,0.048149,172.31.40.0-255,66,264200,69,316436
11904,0.05055,74.125.24.0-255,5738,269938,69,316436
11905,0.050555,172.31.40.0-255,66,270004,69,316436
11906,0.05299,74.125.24.0-255,5738,275742,69,316436
11907,0.052995,172.31.40.0-255,66,275808,69,316436
11908,0.055427,74.125.24.0-255,5738,281546,69,316436
11909,0.055434,172.31.40.0-255,66,281612,69,316436
11910,0.057837,74.125.24.0-255,5738,287350,69,316436
11911,0.057844,172.31.40.0-255,66,287416,69,316436
11912,0.060243,74.125.24.0-255,5738,293154,69,316436
11913,0.060249,172.31.40.0-255,66,293220,69,316436
11914,0.062652,74.125.24.0-255,5738,298958,69,316436
11915,0.062658,172.31.40.0-255,66,299024,69,316436
11916,0.065078,74.125.24.0-255,5738,304762,69,316436
11917,0.065085,172.31.40.0-255,66,304828,69,316436
11918,0.067461,74.125.24.0-255,5738,310566,69,316436
11919,0.067468,172.31.40.0-255,66,310632,69,316436
11920,0.069858,74.125.24.0-255,5738,316370,69,316436
11921,0.069867,172.31.40.0-255,66,316436,69,316436
11922,0.0,172.217.194.0-255,153,153,69,269718
11923,2.4e-05,172.31.40.0-255,66,219,69,269718
11924,3.1e-05,172.217.194.0-255,1484,1703,69,269718
11925,3.6e-05,172.31.40.0-255,66,1769,69,269718
11926,4.3e-05,172.217.194.0-255,2902,4671,69,269718
11927,4.6e-05,172.31.40.0-255,66,4737,69,269718
11928,5.2e-05,172.217.194.0-255,5738,10475,69,269718
11929,5.7e-05,172.31.40.0-255,66,10541,69,269718
11930,9.6e-05,172.31.40.0-255,66,10607,69,269718
11931,0.000117,172.217.194.0-255,2080,12687,69,269718
11932,0.00012,172.31.40.0-255,66,12753,69,269718
11933,0.000128,172.217.194.0-255,6797,19550,69,269718
11934,0.000131,172.31.40.0-255,66,19616,69,269718
11935,0.000178,172.217.194.0-255,1484,21100,69,269718
11936,0.00018,172.31.40.0-255,66,21166,69,269718
11937,0.000185,172.217.194.0-255,2902,24068,69,269718
11938,0.000187,172.31.40.0-255,66,24134,69,269718
11939,0.000191,172.217.194.0-255,2902,27036,69,269718
11940,0.000194,172.31.40.0-255,66,27102,69,269718
11941,0.000225,172.217.194.0-255,7156,34258,69,269718
11942,0.000228,172.31.40.0-255,66,34324,69,269718
11943,0.000273,172.31.40.0-255,66,34390,69,269718
11944,0.000292,172.217.194.0-255,3961,38351,69,269718
11945,0.000294,172.31.40.0-255,66,38417,69,269718
11946,0.0003,172.217.194.0-255,5738,44155,69,269718
11947,0.000303,172.31.40.0-255,66,44221,69,269718
11948,0.000319,172.217.194.0-255,1714,45935,69,269718
11949,0.000322,172.31.40.0-255,66,46001,69,269718
11950,0.000551,172.217.194.0-255,1484,47485,69,269718
11951,0.000557,172.31.40.0-255,66,47551,69,269718
11952,0.000563,172.217.194.0-255,2902,50453,69,269718
11953,0.000566,172.31.40.0-255,66,50519,69,269718
11954,0.000571,172.217.194.0-255,5738,56257,69,269718
11955,0.000574,172.31.40.0-255,66,56323,69,269718
11956,0.000602,172.31.40.0-255,66,56389,69,269718
11957,0.000627,172.217.194.0-255,2902,59291,69,269718
11958,0.00063,172.31.40.0-255,66,59357,69,269718
11959,0.00064,172.31.40.0-255,66,59423,69,269718
11960,0.000661,172.217.194.0-255,2184,61607,69,269718
11961,0.000663,172.31.40.0-255,66,61673,69,269718
11962,0.001158,172.217.194.0-255,1484,63157,69,269718
11963,0.001166,172.217.194.0-255,2902,66059,69,269718
11964,0.00117,172.31.40.0-255,66,66125,69,269718
11965,0.001175,172.217.194.0-255,2902,69027,69,269718
11966,0.001177,172.31.40.0-255,66,69093,69,269718
11967,0.001193,172.217.194.0-255,2902,71995,69,269718
11968,0.001195,172.31.40.0-255,66,72061,69,269718
11969,0.001198,172.217.194.0-255,1484,73545,69,269718
11970,0.001231,172.31.40.0-255,66,73611,69,269718
11971,0.001237,172.217.194.0-255,5738,79349,69,269718
11972,0.001239,172.31.40.0-255,66,79415,69,269718
11973,0.001256,172.217.194.0-255,4320,83735,69,269718
11974,0.001258,172.31.40.0-255,66,83801,69,269718
11975,0.001261,172.217.194.0-255,766,84567,69,269718
11976,0.001275,172.217.194.0-255,1484,86051,69,269718
11977,0.001277,172.31.40.0-255,66,86117,69,269718
11978,0.001302,172.217.194.0-255,4320,90437,69,269718
11979,0.001305,172.31.40.0-255,66,90503,69,269718
11980,0.001315,172.31.40.0-255,66,90569,69,269718
11981,0.001339,172.217.194.0-255,1484,92053,69,269718
11982,0.00135,172.31.40.0-255,66,92119,69,269718
11983,0.001371,172.217.194.0-255,5738,97857,69,269718
11984,0.001373,172.31.40.0-255,66,97923,69,269718
11985,0.001396,172.217.194.0-255,3602,101525,69,269718
11986,0.001398,172.31.40.0-255,66,101591,69,269718
11987,0.001436,172.217.194.0-255,1484,103075,69,269718
11988,0.00144,172.217.194.0-255,2902,105977,69,269718
11989,0.001451,172.31.40.0-255,66,106043,69,269718
11990,0.001464,172.217.194.0-255,4320,110363,69,269718
11991,0.001467,172.31.40.0-255,66,110429,69,269718
11992,0.001491,172.217.194.0-255,1484,111913,69,269718
11993,0.001498,172.217.194.0-255,5738,117651,69,269718
11994,0.001501,172.31.40.0-255,66,117717,69,269718
11995,0.001507,172.217.194.0-255,5738,123455,69,269718
11996,0.00151,172.31.40.0-255,66,123521,69,269718
11997,0.001546,172.217.194.0-255,7156,130677,69,269718
11998,0.001549,172.31.40.0-255,66,130743,69,269718
11999,0.001555,172.217.194.0-255,5020,135763,69,269718
12000,0.001557,172.31.40.0-255,66,135829,69,269718
12001,0.00158,172.217.194.0-255,5738,141567,69,269718
12002,0.001583,172.31.40.0-255,66,141633,69,269718
12003,0.001597,172.31.40.0-255,66,141699,69,269718
12004,0.001625,172.217.194.0-255,1484,143183,69,269718
12005,0.001653,172.31.40.0-255,66,143249,69,269718
12006,0.001709,172.217.194.0-255,7156,150405,69,269718
12007,0.001711,172.31.40.0-255,66,150471,69,269718
12008,0.001723,172.31.40.0-255,66,150537,69,269718
12009,0.001743,172.31.40.0-255,66,150603,69,269718
12010,0.001766,172.217.194.0-255,4320,154923,69,269718
12011,0.001768,172.31.40.0-255,66,154989,69,269718
12012,0.001771,172.217.194.0-255,766,155755,69,269718
12013,0.001792,172.217.194.0-255,5738,161493,69,269718
12014,0.001794,172.31.40.0-255,66,161559,69,269718
12015,0.001827,172.31.40.0-255,66,161625,69,269718
12016,0.001843,172.31.40.0-255,66,161691,69,269718
12017,0.001848,172.217.194.0-255,3602,165293,69,269718
12018,0.00185,172.31.40.0-255,66,165359,69,269718
12019,0.001906,172.217.194.0-255,1484,166843,69,269718
12020,0.001922,172.217.194.0-255,2902,169745,69,269718
12021,0.001925,172.31.40.0-255,66,169811,69,269718
12022,0.00193,172.217.194.0-255,2902,172713,69,269718
12023,0.001932,172.31.40.0-255,66,172779,69,269718
12024,0.001948,172.217.194.0-255,2902,175681,69,269718
12025,0.00195,172.31.40.0-255,66,175747,69,269718
12026,0.001955,172.217.194.0-255,2902,178649,69,269718
12027,0.001956,172.31.40.0-255,66,178715,69,269718
12028,0.001994,172.31.40.0-255,66,178781,69,269718
12029,0.002006,172.31.40.0-255,66,178847,69,269718
12030,0.002044,172.217.194.0-255,1484,180331,69,269718
12031,0.002059,172.217.194.0-255,2902,183233,69,269718
12032,0.002062,172.31.40.0-255,66,183299,69,269718
12033,0.002066,172.217.194.0-255,1484,184783,69,269718
12034,0.002087,172.217.194.0-255,4320,189103,69,269718
12035,0.00209,172.31.40.0-255,66,189169,69,269718
12036,0.002096,172.217.194.0-255,5738,194907,69,269718
12037,0.002098,172.31.40.0-255,66,194973,69,269718
12038,0.002117,172.217.194.0-255,7156,202129,69,269718
12039,0.002142,172.217.194.0-255,4320,206449,69,269718
12040,0.002166,172.217.194.0-255,6438,212887,69,269718
12041,0.00218,172.217.194.0-255,1484,214371,69,269718
12042,0.005975,172.31.40.0-255,66,214437,69,269718
12043,0.008167,172.217.194.0-255,5738,220175,69,269718
12044,0.008178,172.31.40.0-255,66,220241,69,269718
12045,0.010317,172.217.194.0-255,5738,225979,69,269718
12046,0.010325,172.31.40.0-255,66,226045,69,269718
12047,0.012487,172.217.194.0-255,5738,231783,69,269718
12048,0.012496,172.31.40.0-255,66,231849,69,269718
12049,0.014705,172.217.194.0-255,5738,237587,69,269718
12050,0.014716,172.31.40.0-255,66,237653,69,269718
12051,0.016869,172.217.194.0-255,5738,243391,69,269718
12052,0.016883,172.31.40.0-255,66,243457,69,269718
12053,0.019072,172.217.194.0-255,5738,249195,69,269718
12054,0.019083,172.31.40.0-255,66,249261,69,269718
12055,0.021305,172.217.194.0-255,5738,254999,69,269718
12056,0.021317,172.31.40.0-255,66,255065,69,269718
12057,0.023466,172.217.194.0-255,5571,260636,69,269718
12058,0.023474,172.31.40.0-255,66,260702,69,269718
12059,0.023725,172.31.40.0-255,105,260807,69,269718
12060,0.025842,172.217.194.0-255,66,260873,69,269718
12061,0.043274,172.31.40.0-255,172,261045,69,269718
12062,0.043302,172.31.40.0-255,1112,262157,69,269718
12063,0.043377,172.31.40.0-255,1514,263671,69,269718
12064,0.043379,172.31.40.0-255,1514,265185,69,269718
12065,0.043385,172.31.40.0-255,1514,266699,69,269718
12066,0.043386,172.31.40.0-255,1514,268213,69,269718
12067,0.043404,172.31.40.0-255,1505,269718,69,269718
12068,0.0,172.31.40.0-255,105,105,69,276
12069,0.001893,157.240.7.0-255,105,210,69,276
12070,0.001906,172.31.40.0-255,66,276,69,276
12071,0.0,74.125.68.0-255,153,153,69,357303
12072,1.5e-05,172.31.40.0-255,66,219,69,357303
12073,2.1e-05,74.125.68.0-255,1484,1703,69,357303
12074,2.5e-05,172.31.40.0-255,66,1769,69,357303
12075,4.5e-05,74.125.68.0-255,2902,4671,69,357303
12076,4.8e-05,172.31.40.0-255,66,4737,69,357303
12077,5.2e-05,74.125.68.0-255,1484,6221,69,357303
12078,5.4e-05,172.31.40.0-255,66,6287,69,357303
12079,0.000116,74.125.68.0-255,2902,9189,69,357303
12080,0.00012,172.31.40.0-255,66,9255,69,357303
12081,0.000126,74.125.68.0-255,4874,14129,69,357303
12082,0.000129,172.31.40.0-255,66,14195,69,357303
12083,0.00043,74.125.68.0-255,1484,15679,69,357303
12084,0.000436,172.31.40.0-255,66,15745,69,357303
12085,0.000442,74.125.68.0-255,2902,18647,69,357303
12086,0.000444,172.31.40.0-255,66,18713,69,357303
12087,0.000447,74.125.68.0-255,1484,20197,69,357303
12088,0.00045,172.31.40.0-255,66,20263,69,357303
12089,0.000479,74.125.68.0-255,2902,23165,69,357303
12090,0.000482,172.31.40.0-255,66,23231,69,357303
12091,0.000489,74.125.68.0-255,5738,28969,69,357303
12092,0.000492,172.31.40.0-255,66,29035,69,357303
12093,0.000497,74.125.68.0-255,2543,31578,69,357303
12094,0.000499,172.31.40.0-255,66,31644,69,357303
12095,0.000519,74.125.68.0-255,2902,34546,69,357303
12096,0.000522,172.31.40.0-255,66,34612,69,357303
12097,0.000526,74.125.68.0-255,2902,37514,69,357303
12098,0.000528,172.31.40.0-255,66,37580,69,357303
12099,0.000549,74.125.68.0-255,4320,41900,69,357303
12100,0.000552,172.31.40.0-255,66,41966,69,357303
12101,0.000558,74.125.68.0-255,5738,47704,69,357303
12102,0.00056,172.31.40.0-255,66,47770,69,357303
12103,0.000581,74.125.68.0-255,1125,48895,69,357303
12104,0.000615,74.125.68.0-255,1484,50379,69,357303
12105,0.000618,172.31.40.0-255,66,50445,69,357303
12106,0.000646,74.125.68.0-255,1484,51929,69,357303
12107,0.000651,74.125.68.0-255,2902,54831,69,357303
12108,0.000653,172.31.40.0-255,66,54897,69,357303
12109,0.000676,74.125.68.0-255,5738,60635,69,357303
12110,0.000679,172.31.40.0-255,66,60701,69,357303
12111,0.000701,74.125.68.0-255,5704,66405,69,357303
12112,0.000705,172.31.40.0-255,66,66471,69,357303
12113,0.000775,74.125.68.0-255,1484,67955,69,357303
12114,0.000781,74.125.68.0-255,2902,70857,69,357303
12115,0.000784,172.31.40.0-255,66,70923,69,357303
12116,0.000811,74.125.68.0-255,4320,75243,69,357303
12117,0.000813,172.31.40.0-255,66,75309,69,357303
12118,0.00082,74.125.68.0-255,5738,81047,69,357303
12119,0.000823,172.31.40.0-255,66,81113,69,357303
12120,0.000854,74.125.68.0-255,4320,85433,69,357303
12121,0.000857,172.31.40.0-255,66,85499,69,357303
12122,0.000875,74.125.68.0-255,6797,92296,69,357303
12123,0.000878,172.31.40.0-255,66,92362,69,357303
12124,0.000904,74.125.68.0-255,5738,98100,69,357303
12125,0.000907,172.31.40.0-255,66,98166,69,357303
12126,0.000923,74.125.68.0-255,2227,100393,69,357303
12127,0.000951,172.31.40.0-255,66,100459,69,357303
12128,0.00096,74.125.68.0-255,1484,101943,69,357303
12129,0.000975,74.125.68.0-255,2902,104845,69,357303
12130,0.000977,172.31.40.0-255,66,104911,69,357303
12131,0.001001,74.125.68.0-255,5738,110649,69,357303
12132,0.001004,172.31.40.0-255,66,110715,69,357303
12133,0.001008,74.125.68.0-255,2902,113617,69,357303
12134,0.001011,172.31.40.0-255,66,113683,69,357303
12135,0.001014,74.125.68.0-255,1484,115167,69,357303
12136,0.001031,74.125.68.0-255,2902,118069,69,357303
12137,0.001033,172.31.40.0-255,66,118135,69,357303
12138,0.001048,74.125.68.0-255,5738,123873,69,357303
12139,0.001051,172.31.40.0-255,66,123939,69,357303
12140,0.001067,74.125.68.0-255,2902,126841,69,357303
12141,0.00107,172.31.40.0-255,66,126907,69,357303
12142,0.001074,74.125.68.0-255,2902,129809,69,357303
12143,0.001077,172.31.40.0-255,66,129875,69,357303
12144,0.00112,74.125.68.0-255,5020,134895,69,357303
12145,0.001123,172.31.40.0-255,66,134961,69,357303
12146,0.001271,74.125.68.0-255,1484,136445,69,357303
12147,0.001303,74.125.68.0-255,2902,139347,69,357303
12148,0.001308,74.125.68.0-255,2902,142249,69,357303
12149,0.001312,172.31.40.0-255,66,142315,69,357303
12150,0.001316,172.31.40.0-255,66,142381,69,357303
12151,0.001337,74.125.68.0-255,4320,146701,69,357303
12152,0.001339,172.31.40.0-255,66,146767,69,357303
12153,0.00135,172.31.40.0-255,66,146833,69,357303
12154,0.001383,74.125.68.0-255,7156,153989,69,357303
12155,0.001385,172.31.40.0-255,66,154055,69,357303
12156,0.001418,74.125.68.0-255,2902,156957,69,357303
12157,0.001421,172.31.40.0-255,66,157023,69,357303
12158,0.001441,74.125.68.0-255,3602,160625,69,357303
12159,0.001445,172.31.40.0-255,66,160691,69,357303
12160,0.001465,74.125.68.0-255,1484,162175,69,357303
12161,0.00148,74.125.68.0-255,1484,163659,69,357303
12162,0.001483,172.31.40.0-255,66,163725,69,357303
12163,0.001503,74.125.68.0-255,1484,165209,69,357303
12164,0.00151,74.125.68.0-255,5738,170947,69,357303
12165,0.001512,172.31.40.0-255,66,171013,69,357303
12166,0.001516,74.125.68.0-255,2902,173915,69,357303
12167,0.001519,172.31.40.0-255,66,173981,69,357303
12168,0.00153,74.125.68.0-255,1484,175465,69,357303
12169,0.001537,74.125.68.0-255,5738,181203,69,357303
12170,0.001539,172.31.40.0-255,66,181269,69,357303
12171,0.001568,172.31.40.0-255,66,181335,69,357303
12172,0.001571,74.125.68.0-255,2184,183519,69,357303
12173,0.001573,172.31.40.0-255,66,183585,69,357303
12174,0.001665,74.125.68.0-255,1484,185069,69,357303
12175,0.001679,74.125.68.0-255,2902,187971,69,357303
12176,0.001683,172.31.40.0-255,66,188037,69,357303
12177,0.001693,74.125.68.0-255,1484,189521,69,357303
12178,0.001709,74.125.68.0-255,4320,193841,69,357303
12179,0.001711,172.31.40.0-255,66,193907,69,357303
12180,0.001714,74.125.68.0-255,1484,195391,69,357303
12181,0.001736,74.125.68.0-255,7156,202547,69,357303
12182,0.001738,172.31.40.0-255,66,202613,69,357303
12183,0.001764,74.125.68.0-255,1484,204097,69,357303
12184,0.001785,172.31.40.0-255,66,204163,69,357303
12185,0.001791,74.125.68.0-255,5020,209183,69,357303
12186,0.001793,172.31.40.0-255,66,209249,69,357303
12187,0.001986,74.125.68.0-255,1484,210733,69,357303
12188,0.002005,74.125.68.0-255,2902,213635,69,357303
12189,0.002008,172.31.40.0-255,66,213701,69,357303
12190,0.002022,74.125.68.0-255,5738,219439,69,357303
12191,0.002024,172.31.40.0-255,66,219505,69,357303
12192,0.002037,74.125.68.0-255,2902,222407,69,357303
12193,0.002043,172.31.40.0-255,66,222473,69,357303
12194,0.00206,74.125.68.0-255,4320,226793,69,357303
12195,0.002062,172.31.40.0-255,66,226859,69,357303
12196,0.002098,172.31.40.0-255,66,226925,69,357303
12197,0.002144,172.31.40.0-255,66,226991,69,357303
12198,0.002152,74.125.68.0-255,3602,230593,69,357303
12199,0.002154,172.31.40.0-255,66,230659,69,357303
12200,0.002166,74.125.68.0-255,1484,232143,69,357303
12201,0.002198,172.31.40.0-255,66,232209,69,357303
12202,0.002203,74.125.68.0-255,4320,236529,69,357303
12203,0.002204,172.31.40.0-255,66,236595,69,357303
12204,0.002271,172.31.40.0-255,66,236661,69,357303
12205,0.002278,74.125.68.0-255,7156,243817,69,357303
12206,0.00228,172.31.40.0-255,66,243883,69,357303
12207,0.002295,74.125.68.0-255,5738,249621,69,357303
12208,0.002297,172.31.40.0-255,66,249687,69,357303
12209,0.002313,74.125.68.0-255,4320,254007,69,357303
12210,0.002316,172.31.40.0-255,66,254073,69,357303
12211,0.00458,74.125.68.0-255,1484,255557,69,357303
12212,0.004601,74.125.68.0-255,4320,259877,69,357303
12213,0.004605,172.31.40.0-255,66,259943,69,357303
12214,0.006892,74.125.68.0-255,5738,265681,69,357303
12215,0.006895,172.31.40.0-255,66,265747,69,357303
12216,0.009201,74.125.68.0-255,5738,271485,69,357303
12217,0.009208,172.31.40.0-255,66,271551,69,357303
12218,0.011505,74.125.68.0-255,5738,277289,69,357303
12219,0.011514,172.31.40.0-255,66,277355,69,357303
12220,0.013814,74.125.68.0-255,5738,283093,69,357303
12221,0.013821,172.31.40.0-255,66,283159,69,357303
12222,0.016127,74.125.68.0-255,5738,288897,69,357303
12223,0.016135,172.31.40.0-255,66,288963,69,357303
12224,0.018435,74.125.68.0-255,5738,294701,69,357303
12225,0.018441,172.31.40.0-255,66,294767,69,357303
12226,0.020737,74.125.68.0-255,5738,300505,69,357303
12227,0.020744,172.31.40.0-255,66,300571,69,357303
12228,0.023045,74.125.68.0-255,5738,306309,69,357303
12229,0.023055,172.31.40.0-255,66,306375,69,357303
12230,0.025352,74.125.68.0-255,5738,312113,69,357303
12231,0.02536,172.31.40.0-255,66,312179,69,357303
12232,0.027661,74.125.68.0-255,5738,317917,69,357303
12233,0.027668,172.31.40.0-255,66,317983,69,357303
12234,0.02996,74.125.68.0-255,5738,323721,69,357303
12235,0.029968,172.31.40.0-255,66,323787,69,357303
12236,0.032293,74.125.68.0-255,5738,329525,69,357303
12237,0.032302,172.31.40.0-255,66,329591,69,357303
12238,0.034603,74.125.68.0-255,5738,335329,69,357303
12239,0.03461,172.31.40.0-255,66,335395,69,357303
12240,0.03692,74.125.68.0-255,5738,341133,69,357303
12241,0.036928,172.31.40.0-255,66,341199,69,357303
12242,0.038871,172.31.40.0-255,192,341391,69,357303
12243,0.038905,172.31.40.0-255,1116,342507,69,357303
12244,0.038971,172.31.40.0-255,1514,344021,69,357303
12245,0.038973,172.31.40.0-255,1514,345535,69,357303
12246,0.038974,172.31.40.0-255,1514,347049,69,357303
12247,0.038978,172.31.40.0-255,1514,348563,69,357303
12248,0.038979,172.31.40.0-255,1501,350064,69,357303
12249,0.039219,74.125.68.0-255,5738,355802,69,357303
12250,0.039226,172.31.40.0-255,66,355868,69,357303
12251,0.040375,104.244.42.0-255,66,355934,69,357303
12252,0.040404,104.244.42.0-255,66,356000,69,357303
12253,0.040507,104.244.42.0-255,66,356066,69,357303
12254,0.041529,74.125.68.0-255,1000,357066,69,357303
12255,0.04167,172.31.40.0-255,66,357132,69,357303
12256,0.041701,172.31.40.0-255,105,357237,69,357303
12257,0.043961,74.125.68.0-255,66,357303,69,357303
12258,0.0,74.125.200.0-255,147,147,69,320504
12259,1.4e-05,172.31.40.0-255,66,213,69,320504
12260,4.3e-05,74.125.200.0-255,1484,1697,69,320504
12261,4.9e-05,172.31.40.0-255,66,1763,69,320504
12262,5.5e-05,74.125.200.0-255,2902,4665,69,320504
12263,5.9e-05,172.31.40.0-255,66,4731,69,320504
12264,8.9e-05,74.125.200.0-255,5738,10469,69,320504
12265,9.7e-05,172.31.40.0-255,66,10535,69,320504
12266,0.000101,74.125.200.0-255,2902,13437,69,320504
12267,0.000103,172.31.40.0-255,66,13503,69,320504
12268,0.000109,74.125.200.0-255,3543,17046,69,320504
12269,0.000111,172.31.40.0-255,66,17112,69,320504
12270,0.000143,172.31.40.0-255,66,17178,69,320504
12271,0.000148,74.125.200.0-255,4320,21498,69,320504
12272,0.000151,172.31.40.0-255,66,21564,69,320504
12273,0.000187,74.125.200.0-255,1125,22689,69,320504
12274,0.00019,172.31.40.0-255,66,22755,69,320504
12275,0.000463,74.125.200.0-255,1484,24239,69,320504
12276,0.000469,172.31.40.0-255,66,24305,69,320504
12277,0.000476,74.125.200.0-255,2902,27207,69,320504
12278,0.000479,172.31.40.0-255,66,27273,69,320504
12279,0.00049,74.125.200.0-255,5738,33011,69,320504
12280,0.000492,172.31.40.0-255,66,33077,69,320504
12281,0.00052,74.125.200.0-255,6797,39874,69,320504
12282,0.000527,172.31.40.0-255,66,39940,69,320504
12283,0.000556,172.31.40.0-255,66,40006,69,320504
12284,0.000581,74.125.200.0-255,2902,42908,69,320504
12285,0.000584,172.31.40.0-255,66,42974,69,320504
12286,0.000591,74.125.200.0-255,5691,48665,69,320504
12287,0.000593,172.31.40.0-255,66,48731,69,320504
12288,0.00069,74.125.200.0-255,112,48843,69,320504
12289,0.000772,74.125.200.0-255,1484,50327,69,320504
12290,0.000787,172.31.40.0-255,66,50393,69,320504
12291,0.000793,74.125.200.0-255,2902,53295,69,320504
12292,0.000797,74.125.200.0-255,2902,56197,69,320504
12293,0.000812,172.31.40.0-255,66,56263,69,320504
12294,0.000814,74.125.200.0-255,1484,57747,69,320504
12295,0.000841,74.125.200.0-255,4320,62067,69,320504
12296,0.00086,172.31.40.0-255,66,62133,69,320504
12297,0.000924,74.125.200.0-255,3602,65735,69,320504
12298,0.000936,172.31.40.0-255,66,65801,69,320504
12299,0.001172,74.125.200.0-255,1484,67285,69,320504
12300,0.001199,74.125.200.0-255,1484,68769,69,320504
12301,0.001202,172.31.40.0-255,66,68835,69,320504
12302,0.001236,74.125.200.0-255,2902,71737,69,320504
12303,0.001254,74.125.200.0-255,4320,76057,69,320504
12304,0.001266,172.31.40.0-255,66,76123,69,320504
12305,0.001279,74.125.200.0-255,1484,77607,69,320504
12306,0.001305,74.125.200.0-255,7156,84763,69,320504
12307,0.00131,74.125.200.0-255,5738,90501,69,320504
12308,0.001318,74.125.200.0-255,7156,97657,69,320504
12309,0.001333,172.31.40.0-255,66,97723,69,320504
12310,0.001337,74.125.200.0-255,2184,99907,69,320504
12311,0.001355,172.31.40.0-255,66,99973,69,320504
12312,0.001379,74.125.200.0-255,2902,102875,69,320504
12313,0.001395,74.125.200.0-255,1484,104359,69,320504
12314,0.0014,74.125.200.0-255,2902,107261,69,320504
12315,0.001415,172.31.40.0-255,66,107327,69,320504
12316,0.001423,74.125.200.0-255,5738,113065,69,320504
12317,0.001443,172.31.40.0-255,66,113131,69,320504
12318,0.001529,172.31.40.0-255,66,113197,69,320504
12319,0.001534,74.125.200.0-255,2902,116099,69,320504
12320,0.001539,172.31.40.0-255,66,116165,69,320504
12321,0.001595,172.31.40.0-255,66,116231,69,320504
12322,0.00183,74.125.200.0-255,1484,117715,69,320504
12323,0.001846,74.125.200.0-255,2902,120617,69,320504
12324,0.00185,172.31.40.0-255,66,120683,69,320504
12325,0.001862,74.125.200.0-255,4320,125003,69,320504
12326,0.001875,74.125.200.0-255,2902,127905,69,320504
12327,0.001891,74.125.200.0-255,5738,133643,69,320504
12328,0.001894,74.125.200.0-255,1484,135127,69,320504
12329,0.001898,172.31.40.0-255,66,135193,69,320504
12330,0.001907,74.125.200.0-255,4320,139513,69,320504
12331,0.001911,172.31.40.0-255,66,139579,69,320504
12332,0.001932,74.125.200.0-255,1484,141063,69,320504
12333,0.001946,74.125.200.0-255,766,141829,69,320504
12334,0.001952,172.31.40.0-255,66,141895,69,320504
12335,0.002083,74.125.200.0-255,1484,143379,69,320504
12336,0.002096,74.125.200.0-255,1484,144863,69,320504
12337,0.002099,172.31.40.0-255,66,144929,69,320504
12338,0.002103,74.125.200.0-255,1484,146413,69,320504
12339,0.002123,74.125.200.0-255,1484,147897,69,320504
12340,0.002156,74.125.200.0-255,4320,152217,69,320504
12341,0.002171,74.125.200.0-255,1484,153701,69,320504
12342,0.002184,172.31.40.0-255,66,153767,69,320504
12343,0.002189,172.31.40.0-255,66,153833,69,320504
12344,0.002199,74.125.200.0-255,1484,155317,69,320504
12345,0.002231,172.31.40.0-255,66,155383,69,320504
12346,0.00227,74.125.200.0-255,1484,156867,69,320504
12347,0.002291,74.125.200.0-255,2902,159769,69,320504
12348,0.002295,172.31.40.0-255,66,159835,69,320504
12349,0.002326,74.125.200.0-255,4320,164155,69,320504
12350,0.002339,172.31.40.0-255,66,164221,69,320504
12351,0.002343,74.125.200.0-255,2902,167123,69,320504
12352,0.002347,172.31.40.0-255,66,167189,69,320504
12353,0.004662,74.125.200.0-255,5738,172927,69,320504
12354,0.004669,172.31.40.0-255,66,172993,69,320504
12355,0.006985,74.125.200.0-255,5738,178731,69,320504
12356,0.012377,172.31.40.0-255,66,178797,69,320504
12357,0.013982,74.125.200.0-255,1484,180281,69,320504
12358,0.014713,74.125.200.0-255,4320,184601,69,320504
12359,0.01472,172.31.40.0-255,66,184667,69,320504
12360,0.017044,74.125.200.0-255,5738,190405,69,320504
12361,0.017094,172.31.40.0-255,66,190471,69,320504
12362,0.019425,74.125.200.0-255,5738,196209,69,320504
12363,0.019437,172.31.40.0-255,66,196275,69,320504
12364,0.021769,74.125.200.0-255,5738,202013,69,320504
12365,0.024031,172.31.40.0-255,66,202079,69,320504
12366,0.02637,74.125.200.0-255,5738,207817,69,320504
12367,0.026381,172.31.40.0-255,66,207883,69,320504
12368,0.028716,74.125.200.0-255,5738,213621,69,320504
12369,0.028724,172.31.40.0-255,66,213687,69,320504
12370,0.031048,74.125.200.0-255,5738,219425,69,320504
12371,0.031055,172.31.40.0-255,66,219491,69,320504
12372,0.033372,74.125.200.0-255,5738,225229,69,320504
12373,0.03338,172.31.40.0-255,66,225295,69,320504
12374,0.035696,74.125.200.0-255,5738,231033,69,320504
12375,0.035704,172.31.40.0-255,66,231099,69,320504
12376,0.03696,172.31.40.0-255,172,231271,69,320504
12377,0.03699,172.31.40.0-255,1111,232382,69,320504
12378,0.037046,172.31.40.0-255,1514,233896,69,320504
12379,0.037048,172.31.40.0-255,1514,235410,69,320504
12380,0.037049,172.31.40.0-255,1514,236924,69,320504
12381,0.03705,172.31.40.0-255,1514,238438,69,320504
12382,0.037051,172.31.40.0-255,546,238984,69,320504
12383,0.03804,74.125.200.0-255,5738,244722,69,320504
12384,0.038046,172.31.40.0-255,66,244788,69,320504
12385,0.03851,104.244.42.0-255,66,244854,69,320504
12386,0.038537,104.244.42.0-255,66,244920,69,320504
12387,0.038666,104.244.42.0-255,66,244986,69,320504
12388,0.038679,104.244.42.0-255,66,245052,69,320504
12389,0.040369,74.125.200.0-255,5738,250790,69,320504
12390,0.040375,172.31.40.0-255,66,250856,69,320504
12391,0.042708,74.125.200.0-255,5738,256594,69,320504
12392,0.042715,172.31.40.0-255,66,256660,69,320504
12393,0.045032,74.125.200.0-255,5738,262398,69,320504
12394,0.045038,172.31.40.0-255,66,262464,69,320504
12395,0.047412,74.125.200.0-255,5738,268202,69,320504
12396,0.047418,172.31.40.0-255,66,268268,69,320504
12397,0.049748,74.125.200.0-255,5738,274006,69,320504
12398,0.049756,172.31.40.0-255,66,274072,69,320504
12399,0.052101,74.125.200.0-255,5738,279810,69,320504
12400,0.052115,172.31.40.0-255,66,279876,69,320504
12401,0.054469,74.125.200.0-255,5738,285614,69,320504
12402,0.054485,172.31.40.0-255,66,285680,69,320504
12403,0.056826,74.125.200.0-255,5738,291418,69,320504
12404,0.056836,172.31.40.0-255,66,291484,69,320504
12405,0.059163,74.125.200.0-255,5738,297222,69,320504
12406,0.05917,172.31.40.0-255,66,297288,69,320504
12407,0.061491,74.125.200.0-255,5738,303026,69,320504
12408,0.061501,172.31.40.0-255,66,303092,69,320504
12409,0.063826,74.125.200.0-255,5738,308830,69,320504
12410,0.063833,172.31.40.0-255,66,308896,69,320504
12411,0.066158,74.125.200.0-255,5738,314634,69,320504
12412,0.066164,172.31.40.0-255,66,314700,69,320504
12413,0.068518,74.125.200.0-255,5738,320438,69,320504
12414,0.068525,172.31.40.0-255,66,320504,69,320504
12415,0.0,74.125.24.0-255,153,153,69,299307
12416,3.1e-05,172.31.40.0-255,66,219,69,299307
12417,3.8e-05,74.125.24.0-255,1484,1703,69,299307
12418,4.2e-05,172.31.40.0-255,66,1769,69,299307
12419,4.7e-05,74.125.24.0-255,2902,4671,69,299307
12420,5.1e-05,172.31.40.0-255,66,4737,69,299307
12421,5.8e-05,74.125.24.0-255,7156,11893,69,299307
12422,6.1e-05,172.31.40.0-255,66,11959,69,299307
12423,9.5e-05,74.125.24.0-255,2100,14059,69,299307
12424,9.8e-05,172.31.40.0-255,66,14125,69,299307
12425,0.000197,74.125.24.0-255,1484,15609,69,299307
12426,0.000202,172.31.40.0-255,66,15675,69,299307
12427,0.000207,74.125.24.0-255,2902,18577,69,299307
12428,0.000211,172.31.40.0-255,66,18643,69,299307
12429,0.000217,74.125.24.0-255,5738,24381,69,299307
12430,0.000219,172.31.40.0-255,66,24447,69,299307
12431,0.000265,74.125.24.0-255,6797,31244,69,299307
12432,0.00027,172.31.40.0-255,66,31310,69,299307
12433,0.00038,74.125.24.0-255,1484,32794,69,299307
12434,0.000385,172.31.40.0-255,66,32860,69,299307
12435,0.000391,74.125.24.0-255,2902,35762,69,299307
12436,0.000396,172.31.40.0-255,66,35828,69,299307
12437,0.000408,74.125.24.0-255,5738,41566,69,299307
12438,0.000412,172.31.40.0-255,66,41632,69,299307
12439,0.000438,74.125.24.0-255,7156,48788,69,299307
12440,0.000442,172.31.40.0-255,66,48854,69,299307
12441,0.000469,74.125.24.0-255,6797,55651,69,299307
12442,0.000473,172.31.40.0-255,66,55717,69,299307
12443,0.000478,74.125.24.0-255,4320,60037,69,299307
12444,0.000482,172.31.40.0-255,66,60103,69,299307
12445,0.000504,74.125.24.0-255,4320,64423,69,299307
12446,0.000508,172.31.40.0-255,66,64489,69,299307
12447,0.000526,74.125.24.0-255,1458,65947,69,299307
12448,0.000528,74.125.24.0-255,376,66323,69,299307
12449,0.000531,172.31.40.0-255,66,66389,69,299307
12450,0.00079,74.125.24.0-255,1484,67873,69,299307
12451,0.000797,74.125.24.0-255,2902,70775,69,299307
12452,0.000801,172.31.40.0-255,66,70841,69,299307
12453,0.000808,74.125.24.0-255,4320,75161,69,299307
12454,0.00081,172.31.40.0-255,66,75227,69,299307
12455,0.000825,74.125.24.0-255,1484,76711,69,299307
12456,0.000838,172.31.40.0-255,66,76777,69,299307
12457,0.000852,74.125.24.0-255,2902,79679,69,299307
12458,0.000855,172.31.40.0-255,66,79745,69,299307
12459,0.000859,74.125.24.0-255,2902,82647,69,299307
12460,0.000863,172.31.40.0-255,66,82713,69,299307
12461,0.000895,172.31.40.0-255,66,82779,69,299307
12462,0.002,74.125.24.0-255,1484,84263,69,299307
12463,0.002009,74.125.24.0-255,1484,85747,69,299307
12464,0.002014,172.31.40.0-255,66,85813,69,299307
12465,0.002037,74.125.24.0-255,1484,87297,69,299307
12466,0.002043,74.125.24.0-255,4320,91617,69,299307
12467,0.002045,172.31.40.0-255,66,91683,69,299307
12468,0.002056,172.31.40.0-255,66,91749,69,299307
12469,0.002084,74.125.24.0-255,2902,94651,69,299307
12470,0.002086,172.31.40.0-255,66,94717,69,299307
12471,0.002117,172.31.40.0-255,66,94783,69,299307
12472,0.002121,74.125.24.0-255,2902,97685,69,299307
12473,0.002123,172.31.40.0-255,66,97751,69,299307
12474,0.002145,74.125.24.0-255,1484,99235,69,299307
12475,0.002152,74.125.24.0-255,5738,104973,69,299307
12476,0.002154,172.31.40.0-255,66,105039,69,299307
12477,0.002173,74.125.24.0-255,7156,112195,69,299307
12478,0.002176,172.31.40.0-255,66,112261,69,299307
12479,0.002194,74.125.24.0-255,4320,116581,69,299307
12480,0.002196,172.31.40.0-255,66,116647,69,299307
12481,0.002203,74.125.24.0-255,7156,123803,69,299307
12482,0.002206,172.31.40.0-255,66,123869,69,299307
12483,0.002255,172.31.40.0-255,66,123935,69,299307
12484,0.002267,172.31.40.0-255,66,124001,69,299307
12485,0.002286,74.125.24.0-255,4320,128321,69,299307
12486,0.002288,172.31.40.0-255,66,128387,69,299307
12487,0.002341,172.31.40.0-255,66,128453,69,299307
12488,0.002389,172.31.40.0-255,66,128519,69,299307
12489,0.00242,172.31.40.0-255,66,128585,69,299307
12490,0.002439,172.31.40.0-255,66,128651,69,299307
12491,0.004792,74.125.24.0-255,5738,134389,69,299307
12492,0.00481,172.31.40.0-255,66,134455,69,299307
12493,0.007185,74.125.24.0-255,5738,140193,69,299307
12494,0.007205,172.31.40.0-255,66,140259,69,299307
12495,0.009549,74.125.24.0-255,5738,145997,69,299307
12496,0.009569,172.31.40.0-255,66,146063,69,299307
12497,0.0119,74.125.24.0-255,5738,151801,69,299307
12498,0.011908,172.31.40.0-255,66,151867,69,299307
12499,0.014213,74.125.24.0-255,5738,157605,69,299307
12500,0.01422,172.31.40.0-255,66,157671,69,299307
12501,0.016561,74.125.24.0-255,5738,163409,69,299307
12502,0.016568,172.31.40.0-255,66,163475,69,299307
12503,0.018922,74.125.24.0-255,5738,169213,69,299307
12504,0.018931,172.31.40.0-255,66,169279,69,299307
12505,0.021286,74.125.24.0-255,5738,175017,69,299307
12506,0.021296,172.31.40.0-255,66,175083,69,299307
12507,0.02362,74.125.24.0-255,5738,180821,69,299307
12508,0.023627,172.31.40.0-255,66,180887,69,299307
12509,0.025958,74.125.24.0-255,5738,186625,69,299307
12510,0.025972,172.31.40.0-255,66,186691,69,299307
12511,0.028321,74.125.24.0-255,5738,192429,69,299307
12512,0.028331,172.31.40.0-255,66,192495,69,299307
12513,0.030643,74.125.24.0-255,5738,198233,69,299307
12514,0.03065,172.31.40.0-255,66,198299,69,299307
12515,0.033002,74.125.24.0-255,5738,204037,69,299307
12516,0.03301,172.31.40.0-255,66,204103,69,299307
12517,0.035331,74.125.24.0-255,5738,209841,69,299307
12518,0.035338,172.31.40.0-255,66,209907,69,299307
12519,0.036192,172.31.40.0-255,167,210074,69,299307
12520,0.036227,172.31.40.0-255,1111,211185,69,299307
12521,0.036341,172.31.40.0-255,1514,212699,69,299307
12522,0.036343,172.31.40.0-255,1514,214213,69,299307
12523,0.036344,172.31.40.0-255,1514,215727,69,299307
12524,0.036345,172.31.40.0-255,1514,217241,69,299307
12525,0.036346,172.31.40.0-255,546,217787,69,299307
12526,0.037709,74.125.24.0-255,5738,223525,69,299307
12527,0.037716,172.31.40.0-255,66,223591,69,299307
12528,0.037753,104.244.42.0-255,66,223657,69,299307
12529,0.037808,104.244.42.0-255,66,223723,69,299307
12530,0.037903,104.244.42.0-255,66,223789,69,299307
12531,0.037908,104.244.42.0-255,66,223855,69,299307
12532,0.040034,74.125.24.0-255,5738,229593,69,299307
12533,0.040041,172.31.40.0-255,66,229659,69,299307
12534,0.042422,74.125.24.0-255,5738,235397,69,299307
12535,0.04243,172.31.40.0-255,66,235463,69,299307
12536,0.044795,74.125.24.0-255,5738,241201,69,299307
12537,0.044801,172.31.40.0-255,66,241267,69,299307
12538,0.047181,74.125.24.0-255,5738,247005,69,299307
12539,0.047188,172.31.40.0-255,66,247071,69,299307
12540,0.049526,74.125.24.0-255,5738,252809,69,299307
12541,0.049533,172.31.40.0-255,66,252875,69,299307
12542,0.051875,74.125.24.0-255,5738,258613,69,299307
12543,0.051887,172.31.40.0-255,66,258679,69,299307
12544,0.054229,74.125.24.0-255,5738,264417,69,299307
12545,0.054235,172.31.40.0-255,66,264483,69,299307
12546,0.056564,74.125.24.0-255,5738,270221,69,299307
12547,0.056571,172.31.40.0-255,66,270287,69,299307
12548,0.058902,74.125.24.0-255,5738,276025,69,299307
12549,0.058908,172.31.40.0-255,66,276091,69,299307
12550,0.061244,74.125.24.0-255,5738,281829,69,299307
12551,0.061251,172.31.40.0-255,66,281895,69,299307
12552,0.063611,74.125.24.0-255,5738,287633,69,299307
12553,0.063618,172.31.40.0-255,66,287699,69,299307
12554,0.066011,74.125.24.0-255,5738,293437,69,299307
12555,0.066018,172.31.40.0-255,66,293503,69,299307
12556,0.068351,74.125.24.0-255,5738,299241,69,299307
12557,0.068357,172.31.40.0-255,66,299307,69,299307
12558,0.0,172.31.40.0-255,105,105,69,459
12559,0.000151,172.31.40.0-255,90,195,69,459
12560,0.00016,172.31.40.0-255,66,261,69,459
12561,0.002567,74.125.24.0-255,66,327,69,459
12562,0.002597,74.125.24.0-255,66,393,69,459
12563,0.002619,172.31.40.0-255,66,459,69,459
12564,0.0,172.217.194.0-255,149,149,69,172771
12565,2.2e-05,172.31.40.0-255,66,215,69,172771
12566,2.9e-05,172.217.194.0-255,1484,1699,69,172771
12567,3.3e-05,172.31.40.0-255,66,1765,69,172771
12568,3.9e-05,172.217.194.0-255,2902,4667,69,172771
12569,5.1e-05,172.31.40.0-255,66,4733,69,172771
12570,5.8e-05,172.217.194.0-255,7156,11889,69,172771
12571,6.2e-05,172.31.40.0-255,66,11955,69,172771
12572,9.5e-05,172.217.194.0-255,2099,14054,69,172771
12573,9.7e-05,172.31.40.0-255,66,14120,69,172771
12574,0.000504,172.217.194.0-255,1484,15604,69,172771
12575,0.00051,172.31.40.0-255,66,15670,69,172771
12576,0.000516,172.217.194.0-255,2902,18572,69,172771
12577,0.000519,172.31.40.0-255,66,18638,69,172771
12578,0.000531,172.217.194.0-255,5738,24376,69,172771
12579,0.000534,172.31.40.0-255,66,24442,69,172771
12580,0.00058,172.31.40.0-255,66,24508,69,172771
12581,0.000592,172.31.40.0-255,66,24574,69,172771
12582,0.000639,172.217.194.0-255,5738,30312,69,172771
12583,0.000642,172.31.40.0-255,66,30378,69,172771
12584,0.000683,172.31.40.0-255,66,30444,69,172771
12585,0.00098,172.217.194.0-255,646,31090,69,172771
12586,0.000987,172.31.40.0-255,66,31156,69,172771
12587,0.001105,172.217.194.0-255,1484,32640,69,172771
12588,0.001109,172.31.40.0-255,66,32706,69,172771
12589,0.001114,172.217.194.0-255,2902,35608,69,172771
12590,0.001117,172.31.40.0-255,66,35674,69,172771
12591,0.00112,172.217.194.0-255,1484,37158,69,172771
12592,0.001122,172.31.40.0-255,66,37224,69,172771
12593,0.001158,172.217.194.0-255,4320,41544,69,172771
12594,0.001166,172.217.194.0-255,7156,48700,69,172771
12595,0.001182,172.31.40.0-255,66,48766,69,172771
12596,0.001189,172.217.194.0-255,5738,54504,69,172771
12597,0.001195,172.217.194.0-255,5738,60242,69,172771
12598,0.001215,172.217.194.0-255,2902,63144,69,172771
12599,0.001219,172.217.194.0-255,2184,65328,69,172771
12600,0.001222,172.31.40.0-255,66,65394,69,172771
12601,0.001249,172.31.40.0-255,66,65460,69,172771
12602,0.001526,172.217.194.0-255,1484,66944,69,172771
12603,0.001533,172.217.194.0-255,2902,69846,69,172771
12604,0.001537,172.31.40.0-255,66,69912,69,172771
12605,0.001542,172.217.194.0-255,2902,72814,69,172771
12606,0.001548,172.31.40.0-255,66,72880,69,172771
12607,0.001567,172.217.194.0-255,2902,75782,69,172771
12608,0.001591,172.217.194.0-255,7156,82938,69,172771
12609,0.001596,172.31.40.0-255,66,83004,69,172771
12610,0.001607,172.217.194.0-255,1484,84488,69,172771
12611,0.001649,172.217.194.0-255,2184,86672,69,172771
12612,0.001665,172.31.40.0-255,66,86738,69,172771
12613,0.001891,172.217.194.0-255,1484,88222,69,172771
12614,0.00191,172.217.194.0-255,2902,91124,69,172771
12615,0.001914,172.31.40.0-255,66,91190,69,172771
12616,0.001921,172.217.194.0-255,5738,96928,69,172771
12617,0.001944,172.217.194.0-255,5738,102666,69,172771
12618,0.001956,172.31.40.0-255,66,102732,69,172771
12619,0.001964,172.217.194.0-255,7156,109888,69,172771
12620,0.001966,172.217.194.0-255,1484,111372,69,172771
12621,0.001978,172.217.194.0-255,5738,117110,69,172771
12622,0.001984,172.31.40.0-255,66,117176,69,172771
12623,0.00204,172.217.194.0-255,1484,118660,69,172771
12624,0.002045,172.31.40.0-255,66,118726,69,172771
12625,0.002057,172.217.194.0-255,5738,124464,69,172771
12626,0.002064,172.31.40.0-255,66,124530,69,172771
12627,0.002101,172.217.194.0-255,6438,130968,69,172771
12628,0.00211,172.217.194.0-255,7156,138124,69,172771
12629,0.002112,172.217.194.0-255,1484,139608,69,172771
12630,0.002116,172.31.40.0-255,78,139686,69,172771
12631,0.002176,172.217.194.0-255,4320,144006,69,172771
12632,0.002183,172.31.40.0-255,66,144072,69,172771
12633,0.002298,172.217.194.0-255,7156,151228,69,172771
12634,0.002334,172.217.194.0-255,1484,152712,69,172771
12635,0.002376,172.217.194.0-255,7156,159868,69,172771
12636,0.002415,172.217.194.0-255,4320,164188,69,172771
12637,0.002448,172.217.194.0-255,97,164285,69,172771
12638,0.002497,172.217.194.0-255,105,164390,69,172771
12639,0.012103,172.31.40.0-255,66,164456,69,172771
12640,0.014469,172.31.40.0-255,105,164561,69,172771
12641,0.016437,172.217.194.0-255,66,164627,69,172771
12642,0.056292,172.31.40.0-255,167,164794,69,172771
12643,0.056342,172.31.40.0-255,1111,165905,69,172771
12644,0.056461,172.31.40.0-255,1514,167419,69,172771
12645,0.056463,172.31.40.0-255,1514,168933,69,172771
12646,0.056464,172.31.40.0-255,1514,170447,69,172771
12647,0.056465,172.31.40.0-255,1514,171961,69,172771
12648,0.056466,172.31.40.0-255,546,172507,69,172771
12649,0.05788,104.244.42.0-255,66,172573,69,172771
12650,0.057969,104.244.42.0-255,66,172639,69,172771
12651,0.05806,104.244.42.0-255,66,172705,69,172771
12652,0.058065,104.244.42.0-255,66,172771,69,172771
12653,0.0,74.125.24.0-255,298,298,69,285618
12654,1.6e-05,172.31.40.0-255,66,364,69,285618
12655,2.2e-05,74.125.24.0-255,1484,1848,69,285618
12656,2.7e-05,172.31.40.0-255,66,1914,69,285618
12657,3.4e-05,74.125.24.0-255,4320,6234,69,285618
12658,3.7e-05,172.31.40.0-255,66,6300,69,285618
12659,6.2e-05,74.125.24.0-255,4320,10620,69,285618
12660,6.5e-05,172.31.40.0-255,66,10686,69,285618
12661,8.6e-05,74.125.24.0-255,3257,13943,69,285618
12662,8.9e-05,172.31.40.0-255,66,14009,69,285618
12663,0.0001,74.125.24.0-255,1484,15493,69,285618
12664,0.000103,172.31.40.0-255,66,15559,69,285618
12665,0.000127,74.125.24.0-255,2902,18461,69,285618
12666,0.00013,172.31.40.0-255,66,18527,69,285618
12667,0.000136,74.125.24.0-255,5738,24265,69,285618
12668,0.000139,172.31.40.0-255,66,24331,69,285618
12669,0.000161,74.125.24.0-255,2902,27233,69,285618
12670,0.000164,172.31.40.0-255,66,27299,69,285618
12671,0.000176,74.125.24.0-255,3961,31260,69,285618
12672,0.000179,172.31.40.0-255,66,31326,69,285618
12673,0.00083,74.125.24.0-255,1484,32810,69,285618
12674,0.000837,172.31.40.0-255,66,32876,69,285618
12675,0.000845,74.125.24.0-255,2902,35778,69,285618
12676,0.000848,172.31.40.0-255,66,35844,69,285618
12677,0.000855,74.125.24.0-255,5738,41582,69,285618
12678,0.000857,172.31.40.0-255,66,41648,69,285618
12679,0.00089,74.125.24.0-255,6797,48445,69,285618
12680,0.000893,172.31.40.0-255,66,48511,69,285618
12681,0.000901,74.125.24.0-255,7156,55667,69,285618
12682,0.000903,172.31.40.0-255,66,55733,69,285618
12683,0.000946,172.31.40.0-255,66,55799,69,285618
12684,0.000978,74.125.24.0-255,342,56141,69,285618
12685,0.001066,74.125.24.0-255,1484,57625,69,285618
12686,0.001072,172.31.40.0-255,66,57691,69,285618
12687,0.001078,74.125.24.0-255,2902,60593,69,285618
12688,0.001081,172.31.40.0-255,66,60659,69,285618
12689,0.001086,74.125.24.0-255,4320,64979,69,285618
12690,0.001088,172.31.40.0-255,66,65045,69,285618
12691,0.001106,74.125.24.0-255,1484,66529,69,285618
12692,0.001122,74.125.24.0-255,2902,69431,69,285618
12693,0.001125,172.31.40.0-255,66,69497,69,285618
12694,0.001146,74.125.24.0-255,3961,73458,69,285618
12695,0.001149,172.31.40.0-255,66,73524,69,285618
12696,0.00119,74.125.24.0-255,1484,75008,69,285618
12697,0.001231,74.125.24.0-255,2902,77910,69,285618
12698,0.001235,172.31.40.0-255,66,77976,69,285618
12699,0.001238,74.125.24.0-255,1484,79460,69,285618
12700,0.001263,74.125.24.0-255,1484,80944,69,285618
12701,0.001265,172.31.40.0-255,66,81010,69,285618
12702,0.001274,74.125.24.0-255,7156,88166,69,285618
12703,0.001277,172.31.40.0-255,66,88232,69,285618
12704,0.001281,74.125.24.0-255,2543,90775,69,285618
12705,0.001284,172.31.40.0-255,66,90841,69,285618
12706,0.001417,74.125.24.0-255,1484,92325,69,285618
12707,0.001424,74.125.24.0-255,2902,95227,69,285618
12708,0.001428,172.31.40.0-255,66,95293,69,285618
12709,0.001451,74.125.24.0-255,5738,101031,69,285618
12710,0.001454,172.31.40.0-255,66,101097,69,285618
12711,0.001478,74.125.24.0-255,4320,105417,69,285618
12712,0.001481,172.31.40.0-255,66,105483,69,285618
12713,0.001508,172.31.40.0-255,66,105549,69,285618
12714,0.00153,74.125.24.0-255,4320,109869,69,285618
12715,0.001532,172.31.40.0-255,66,109935,69,285618
12716,0.001553,74.125.24.0-255,6438,116373,69,285618
12717,0.001557,172.31.40.0-255,66,116439,69,285618
12718,0.003949,74.125.24.0-255,5738,122177,69,285618
12719,0.003958,172.31.40.0-255,66,122243,69,285618
12720,0.006339,74.125.24.0-255,5738,127981,69,285618
12721,0.006348,172.31.40.0-255,66,128047,69,285618
12722,0.008763,74.125.24.0-255,5738,133785,69,285618
12723,0.008771,172.31.40.0-255,66,133851,69,285618
12724,0.01119,74.125.24.0-255,5738,139589,69,285618
12725,0.011198,172.31.40.0-255,66,139655,69,285618
12726,0.01362,74.125.24.0-255,5738,145393,69,285618
12727,0.013629,172.31.40.0-255,66,145459,69,285618
12728,0.016062,74.125.24.0-255,2902,148361,69,285618
12729,0.016073,172.31.40.0-255,66,148427,69,285618
12730,0.016096,74.125.24.0-255,2902,151329,69,285618
12731,0.016099,172.31.40.0-255,66,151395,69,285618
12732,0.018511,74.125.24.0-255,5738,157133,69,285618
12733,0.018519,172.31.40.0-255,66,157199,69,285618
12734,0.020916,74.125.24.0-255,5738,162937,69,285618
12735,0.020924,172.31.40.0-255,66,163003,69,285618
12736,0.023317,74.125.24.0-255,5738,168741,69,285618
12737,0.023324,172.31.40.0-255,66,168807,69,285618
12738,0.025733,74.125.24.0-255,5738,174545,69,285618
12739,0.025741,172.31.40.0-255,66,174611,69,285618
12740,0.028143,74.125.24.0-255,5738,180349,69,285618
12741,0.028151,172.31.40.0-255,66,180415,69,285618
12742,0.029551,172.31.40.0-255,172,180587,69,285618
12743,0.029584,172.31.40.0-255,1116,181703,69,285618
12744,0.029658,172.31.40.0-255,1514,183217,69,285618
12745,0.02966,172.31.40.0-255,1514,184731,69,285618
12746,0.029666,172.31.40.0-255,1514,186245,69,285618
12747,0.029667,172.31.40.0-255,1514,187759,69,285618
12748,0.029697,172.31.40.0-255,1499,189258,69,285618
12749,0.030613,74.125.24.0-255,5738,194996,69,285618
12750,0.03062,172.31.40.0-255,66,195062,69,285618
12751,0.031243,104.244.42.0-255,66,195128,69,285618
12752,0.031285,104.244.42.0-255,66,195194,69,285618
12753,0.031354,104.244.42.0-255,66,195260,69,285618
12754,0.031393,104.244.42.0-255,66,195326,69,285618
12755,0.033054,74.125.24.0-255,4320,199646,69,285618
12756,0.033061,172.31.40.0-255,66,199712,69,285618
12757,0.03308,74.125.24.0-255,1484,201196,69,285618
12758,0.035469,74.125.24.0-255,4320,205516,69,285618
12759,0.035476,172.31.40.0-255,66,205582,69,285618
12760,0.037886,74.125.24.0-255,5738,211320,69,285618
12761,0.037893,172.31.40.0-255,66,211386,69,285618
12762,0.040295,74.125.24.0-255,5738,217124,69,285618
12763,0.040302,172.31.40.0-255,66,217190,69,285618
12764,0.042726,74.125.24.0-255,5738,222928,69,285618
12765,0.042733,172.31.40.0-255,66,222994,69,285618
12766,0.04516,74.125.24.0-255,5738,228732,69,285618
12767,0.045166,172.31.40.0-255,66,228798,69,285618
12768,0.047584,74.125.24.0-255,5738,234536,69,285618
12769,0.047591,172.31.40.0-255,66,234602,69,285618
12770,0.050005,74.125.24.0-255,5738,240340,69,285618
12771,0.050012,172.31.40.0-255,66,240406,69,285618
12772,0.052412,74.125.24.0-255,5738,246144,69,285618
12773,0.052418,172.31.40.0-255,66,246210,69,285618
12774,0.054828,74.125.24.0-255,5738,251948,69,285618
12775,0.054834,172.31.40.0-255,66,252014,69,285618
12776,0.057251,74.125.24.0-255,5738,257752,69,285618
12777,0.057259,172.31.40.0-255,66,257818,69,285618
12778,0.059658,74.125.24.0-255,5738,263556,69,285618
12779,0.059665,172.31.40.0-255,66,263622,69,285618
12780,0.062083,74.125.24.0-255,2902,266524,69,285618
12781,0.06209,172.31.40.0-255,66,266590,69,285618
12782,0.062111,74.125.24.0-255,2902,269492,69,285618
12783,0.062114,172.31.40.0-255,66,269558,69,285618
12784,0.064506,74.125.24.0-255,4320,273878,69,285618
12785,0.064511,172.31.40.0-255,66,273944,69,285618
12786,0.064527,74.125.24.0-255,1484,275428,69,285618
12787,0.066943,74.125.24.0-255,4320,279748,69,285618
12788,0.066949,172.31.40.0-255,66,279814,69,285618
12789,0.069362,74.125.24.0-255,5738,285552,69,285618
12790,0.069368,172.31.40.0-255,66,285618,69,285618
12791,0.0,172.217.194.0-255,153,153,69,300959
12792,1.3e-05,172.31.40.0-255,66,219,69,300959
12793,2.1e-05,172.217.194.0-255,1484,1703,69,300959
12794,2.6e-05,172.31.40.0-255,66,1769,69,300959
12795,3.2e-05,172.217.194.0-255,2902,4671,69,300959
12796,3.6e-05,172.31.40.0-255,66,4737,69,300959
12797,4.2e-05,172.217.194.0-255,4320,9057,69,300959
12798,4.4e-05,172.31.40.0-255,66,9123,69,300959
12799,6.3e-05,172.217.194.0-255,2902,12025,69,300959
12800,6.6e-05,172.31.40.0-255,66,12091,69,300959
12801,0.000104,172.217.194.0-255,3507,15598,69,300959
12802,0.000107,172.31.40.0-255,66,15664,69,300959
12803,0.000111,172.217.194.0-255,2902,18566,69,300959
12804,0.000113,172.31.40.0-255,66,18632,69,300959
12805,0.000126,172.217.194.0-255,1484,20116,69,300959
12806,0.000128,172.31.40.0-255,66,20182,69,300959
12807,0.00015,172.217.194.0-255,7156,27338,69,300959
12808,0.000152,172.31.40.0-255,66,27404,69,300959
12809,0.000173,172.217.194.0-255,2902,30306,69,300959
12810,0.000176,172.31.40.0-255,66,30372,69,300959
12811,0.000179,172.217.194.0-255,1125,31497,69,300959
12812,0.000181,172.31.40.0-255,66,31563,69,300959
12813,0.000195,172.217.194.0-255,1484,33047,69,300959
12814,0.000197,172.31.40.0-255,66,33113,69,300959
12815,0.000215,172.217.194.0-255,2902,36015,69,300959
12816,0.000218,172.31.40.0-255,66,36081,69,300959
12817,0.000224,172.217.194.0-255,4320,40401,69,300959
12818,0.000226,172.31.40.0-255,66,40467,69,300959
12819,0.00024,172.217.194.0-255,1484,41951,69,300959
12820,0.000243,172.31.40.0-255,66,42017,69,300959
12821,0.00028,172.31.40.0-255,66,42083,69,300959
12822,0.000292,172.31.40.0-255,66,42149,69,300959
12823,0.000297,172.217.194.0-255,3961,46110,69,300959
12824,0.0003,172.31.40.0-255,66,46176,69,300959
12825,0.00034,172.217.194.0-255,346,46522,69,300959
12826,0.000393,172.217.194.0-255,119,46641,69,300959
12827,0.000436,172.217.194.0-255,376,47017,69,300959
12828,0.000639,172.217.194.0-255,1484,48501,69,300959
12829,0.000644,172.31.40.0-255,66,48567,69,300959
12830,0.00065,172.217.194.0-255,2902,51469,69,300959
12831,0.000653,172.31.40.0-255,66,51535,69,300959
12832,0.000657,172.217.194.0-255,2902,54437,69,300959
12833,0.000659,172.31.40.0-255,66,54503,69,300959
12834,0.000694,172.217.194.0-255,2902,57405,69,300959
12835,0.000697,172.31.40.0-255,66,57471,69,300959
12836,0.000712,172.31.40.0-255,66,57537,69,300959
12837,0.000717,172.217.194.0-255,2902,60439,69,300959
12838,0.000719,172.31.40.0-255,66,60505,69,300959
12839,0.000758,172.31.40.0-255,66,60571,69,300959
12840,0.000991,172.217.194.0-255,1484,62055,69,300959
12841,0.000998,172.217.194.0-255,2902,64957,69,300959
12842,0.001001,172.31.40.0-255,66,65023,69,300959
12843,0.001008,172.217.194.0-255,5738,70761,69,300959
12844,0.001011,172.31.40.0-255,66,70827,69,300959
12845,0.001038,172.217.194.0-255,5738,76565,69,300959
12846,0.001041,172.31.40.0-255,66,76631,69,300959
12847,0.001066,172.217.194.0-255,7156,83787,69,300959
12848,0.001069,172.31.40.0-255,66,83853,69,300959
12849,0.001081,172.31.40.0-255,66,83919,69,300959
12850,0.001137,172.217.194.0-255,1484,85403,69,300959
12851,0.001143,172.217.194.0-255,2902,88305,69,300959
12852,0.001153,172.31.40.0-255,66,88371,69,300959
12853,0.001167,172.217.194.0-255,4320,92691,69,300959
12854,0.001177,172.217.194.0-255,1484,94175,69,300959
12855,0.001183,172.217.194.0-255,5738,99913,69,300959
12856,0.001195,172.31.40.0-255,66,99979,69,300959
12857,0.001207,172.217.194.0-255,7156,107135,69,300959
12858,0.001222,172.31.40.0-255,66,107201,69,300959
12859,0.001254,172.217.194.0-255,4320,111521,69,300959
12860,0.001269,172.31.40.0-255,66,111587,69,300959
12861,0.001281,172.217.194.0-255,7156,118743,69,300959
12862,0.001288,172.217.194.0-255,5738,124481,69,300959
12863,0.001297,172.31.40.0-255,66,124547,69,300959
12864,0.00135,172.217.194.0-255,6438,130985,69,300959
12865,0.001353,172.31.40.0-255,66,131051,69,300959
12866,0.001398,172.217.194.0-255,5738,136789,69,300959
12867,0.001403,172.31.40.0-255,66,136855,69,300959
12868,0.001428,172.217.194.0-255,5738,142593,69,300959
12869,0.001435,172.217.194.0-255,5738,148331,69,300959
12870,0.001451,172.217.194.0-255,5020,153351,69,300959
12871,0.001465,172.31.40.0-255,66,153417,69,300959
12872,0.001623,172.217.194.0-255,1484,154901,69,300959
12873,0.001628,172.217.194.0-255,2902,157803,69,300959
12874,0.00166,172.217.194.0-255,5738,163541,69,300959
12875,0.001675,172.217.194.0-255,2902,166443,69,300959
12876,0.001679,172.31.40.0-255,66,166509,69,300959
12877,0.001689,172.31.40.0-255,66,166575,69,300959
12878,0.001733,172.217.194.0-255,2902,169477,69,300959
12879,0.001738,172.31.40.0-255,66,169543,69,300959
12880,0.001765,172.31.40.0-255,66,169609,69,300959
12881,0.002471,172.217.194.0-255,1484,171093,69,300959
12882,0.002489,172.217.194.0-255,2902,173995,69,300959
12883,0.002493,172.31.40.0-255,66,174061,69,300959
12884,0.0025,172.217.194.0-255,5738,179799,69,300959
12885,0.002511,172.217.194.0-255,1484,181283,69,300959
12886,0.002535,172.31.40.0-255,66,181349,69,300959
12887,0.002572,172.217.194.0-255,1484,182833,69,300959
12888,0.002618,172.31.40.0-255,66,182899,69,300959
12889,0.005243,172.217.194.0-255,5738,188637,69,300959
12890,0.00525,172.31.40.0-255,66,188703,69,300959
12891,0.007877,172.217.194.0-255,5738,194441,69,300959
12892,0.007884,172.31.40.0-255,66,194507,69,300959
12893,0.010511,172.217.194.0-255,5738,200245,69,300959
12894,0.010517,172.31.40.0-255,66,200311,69,300959
12895,0.013139,172.217.194.0-255,5738,206049,69,300959
12896,0.013147,172.31.40.0-255,66,206115,69,300959
12897,0.015825,172.217.194.0-255,5738,211853,69,300959
12898,0.015834,172.31.40.0-255,66,211919,69,300959
12899,0.018451,172.217.194.0-255,5738,217657,69,300959
12900,0.01846,172.31.40.0-255,66,217723,69,300959
12901,0.021112,172.217.194.0-255,5738,223461,69,300959
12902,0.02112,172.31.40.0-255,66,223527,69,300959
12903,0.023758,172.217.194.0-255,5738,229265,69,300959
12904,0.023765,172.31.40.0-255,66,229331,69,300959
12905,0.0264,172.217.194.0-255,5738,235069,69,300959
12906,0.02641,172.31.40.0-255,66,235135,69,300959
12907,0.029038,172.217.194.0-255,4320,239455,69,300959
12908,0.029046,172.31.40.0-255,66,239521,69,300959
12909,0.029066,172.217.194.0-255,1484,241005,69,300959
12910,0.031703,172.217.194.0-255,4320,245325,69,300959
12911,0.03171,172.31.40.0-255,66,245391,69,300959
12912,0.0341,172.31.40.0-255,172,245563,69,300959
12913,0.034133,172.31.40.0-255,1116,246679,69,300959
12914,0.034191,172.31.40.0-255,560,247239,69,300959
12915,0.034373,172.217.194.0-255,5738,252977,69,300959
12916,0.034379,172.31.40.0-255,66,253043,69,300959
12917,0.03569,104.244.42.0-255,66,253109,69,300959
12918,0.035723,104.244.42.0-255,66,253175,69,300959
12919,0.035775,104.244.42.0-255,66,253241,69,300959
12920,0.037011,172.217.194.0-255,5738,258979,69,300959
12921,0.037018,172.31.40.0-255,66,259045,69,300959
12922,0.039655,172.217.194.0-255,5738,264783,69,300959
12923,0.039662,172.31.40.0-255,66,264849,69,300959
12924,0.042298,172.217.194.0-255,5738,270587,69,300959
12925,0.042304,172.31.40.0-255,66,270653,69,300959
12926,0.044977,172.217.194.0-255,5738,276391,69,300959
12927,0.044986,172.31.40.0-255,66,276457,69,300959
12928,0.04763,172.217.194.0-255,5738,282195,69,300959
12929,0.047636,172.31.40.0-255,66,282261,69,300959
12930,0.05027,172.217.194.0-255,5738,287999,69,300959
12931,0.050277,172.31.40.0-255,66,288065,69,300959
12932,0.052928,172.217.194.0-255,5738,293803,69,300959
12933,0.052936,172.31.40.0-255,66,293869,69,300959
12934,0.05556,172.217.194.0-255,5738,299607,69,300959
12935,0.055566,172.31.40.0-255,66,299673,69,300959
12936,0.058196,172.217.194.0-255,1049,300722,69,300959
12937,0.058338,172.31.40.0-255,66,300788,69,300959
12938,0.058379,172.31.40.0-255,105,300893,69,300959
12939,0.060975,172.217.194.0-255,66,300959,69,300959
12940,0.0,74.125.24.0-255,154,154,69,191545
12941,2.2e-05,172.31.40.0-255,66,220,69,191545
12942,2.9e-05,74.125.24.0-255,1484,1704,69,191545
12943,3.4e-05,172.31.40.0-255,66,1770,69,191545
12944,4e-05,74.125.24.0-255,2902,4672,69,191545
12945,4.4e-05,172.31.40.0-255,66,4738,69,191545
12946,5.1e-05,74.125.24.0-255,7156,11894,69,191545
12947,5.5e-05,172.31.40.0-255,66,11960,69,191545
12948,5.8e-05,74.125.24.0-255,1484,13444,69,191545
12949,6e-05,172.31.40.0-255,66,13510,69,191545
12950,0.000108,172.31.40.0-255,66,13576,69,191545
12951,0.000113,74.125.24.0-255,2543,16119,69,191545
12952,0.000114,172.31.40.0-255,66,16185,69,191545
12953,0.000259,74.125.24.0-255,1484,17669,69,191545
12954,0.000263,172.31.40.0-255,66,17735,69,191545
12955,0.000269,74.125.24.0-255,2902,20637,69,191545
12956,0.000271,172.31.40.0-255,66,20703,69,191545
12957,0.000274,74.125.24.0-255,1484,22187,69,191545
12958,0.000276,172.31.40.0-255,66,22253,69,191545
12959,0.000298,74.125.24.0-255,4320,26573,69,191545
12960,0.0003,172.31.40.0-255,66,26639,69,191545
12961,0.000304,74.125.24.0-255,2902,29541,69,191545
12962,0.000307,172.31.40.0-255,66,29607,69,191545
12963,0.000324,74.125.24.0-255,3961,33568,69,191545
12964,0.000326,172.31.40.0-255,66,33634,69,191545
12965,0.000343,74.125.24.0-255,1484,35118,69,191545
12966,0.000345,172.31.40.0-255,66,35184,69,191545
12967,0.000369,74.125.24.0-255,5738,40922,69,191545
12968,0.000371,172.31.40.0-255,66,40988,69,191545
12969,0.000376,74.125.24.0-255,2902,43890,69,191545
12970,0.000377,172.31.40.0-255,66,43956,69,191545
12971,0.000402,74.125.24.0-255,1484,45440,69,191545
12972,0.000417,74.125.24.0-255,5675,51115,69,191545
12973,0.00042,172.31.40.0-255,66,51181,69,191545
12974,0.000436,74.125.24.0-255,414,51595,69,191545
12975,0.000779,74.125.24.0-255,1484,53079,69,191545
12976,0.000784,172.31.40.0-255,66,53145,69,191545
12977,0.00079,74.125.24.0-255,2902,56047,69,191545
12978,0.000792,172.31.40.0-255,66,56113,69,191545
12979,0.000797,74.125.24.0-255,2902,59015,69,191545
12980,0.000799,172.31.40.0-255,66,59081,69,191545
12981,0.000821,74.125.24.0-255,2902,61983,69,191545
12982,0.000823,172.31.40.0-255,66,62049,69,191545
12983,0.000839,172.31.40.0-255,66,62115,69,191545
12984,0.00088,172.31.40.0-255,66,62181,69,191545
12985,0.000899,74.125.24.0-255,4320,66501,69,191545
12986,0.000901,172.31.40.0-255,66,66567,69,191545
12987,0.000909,74.125.24.0-255,5738,72305,69,191545
12988,0.000911,172.31.40.0-255,66,72371,69,191545
12989,0.000954,172.31.40.0-255,66,72437,69,191545
12990,0.000966,172.31.40.0-255,66,72503,69,191545
12991,0.000978,74.125.24.0-255,766,73269,69,191545
12992,0.000985,74.125.24.0-255,4320,77589,69,191545
12993,0.000987,172.31.40.0-255,66,77655,69,191545
12994,0.001023,172.31.40.0-255,66,77721,69,191545
12995,0.00104,172.31.40.0-255,66,77787,69,191545
12996,0.001076,74.125.24.0-255,5020,82807,69,191545
12997,0.00108,172.31.40.0-255,66,82873,69,191545
12998,0.001083,74.125.24.0-255,1484,84357,69,191545
12999,0.001087,74.125.24.0-255,2902,87259,69,191545
13000,0.001089,172.31.40.0-255,66,87325,69,191545
13001,0.001095,74.125.24.0-255,5738,93063,69,191545
13002,0.001098,172.31.40.0-255,66,93129,69,191545
13003,0.001174,172.31.40.0-255,66,93195,69,191545
13004,0.001191,74.125.24.0-255,1484,94679,69,191545
13005,0.001195,74.125.24.0-255,2902,97581,69,191545
13006,0.001201,74.125.24.0-255,5738,103319,69,191545
13007,0.00124,74.125.24.0-255,766,104085,69,191545
13008,0.001247,172.31.40.0-255,66,104151,69,191545
13009,0.001502,74.125.24.0-255,1484,105635,69,191545
13010,0.001508,74.125.24.0-255,2902,108537,69,191545
13011,0.001512,172.31.40.0-255,66,108603,69,191545
13012,0.001517,74.125.24.0-255,4320,112923,69,191545
13013,0.001527,172.31.40.0-255,66,112989,69,191545
13014,0.001537,74.125.24.0-255,1484,114473,69,191545
13015,0.001556,172.31.40.0-255,66,114539,69,191545
13016,0.001578,74.125.24.0-255,2902,117441,69,191545
13017,0.001597,172.31.40.0-255,66,117507,69,191545
13018,0.001903,74.125.24.0-255,1484,118991,69,191545
13019,0.001908,74.125.24.0-255,1484,120475,69,191545
13020,0.001911,172.31.40.0-255,66,120541,69,191545
13021,0.001934,74.125.24.0-255,1484,122025,69,191545
13022,0.001941,74.125.24.0-255,5738,127763,69,191545
13023,0.001945,74.125.24.0-255,2902,130665,69,191545
13024,0.001951,172.31.40.0-255,66,130731,69,191545
13025,0.002013,74.125.24.0-255,2184,132915,69,191545
13026,0.002028,172.31.40.0-255,66,132981,69,191545
13027,0.002207,74.125.24.0-255,1484,134465,69,191545
13028,0.002212,74.125.24.0-255,2902,137367,69,191545
13029,0.002215,172.31.40.0-255,66,137433,69,191545
13030,0.002219,74.125.24.0-255,1484,138917,69,191545
13031,0.00225,74.125.24.0-255,4320,143237,69,191545
13032,0.002265,74.125.24.0-255,1484,144721,69,191545
13033,0.002273,172.31.40.0-255,66,144787,69,191545
13034,0.002298,74.125.24.0-255,5738,150525,69,191545
13035,0.00232,74.125.24.0-255,5738,156263,69,191545
13036,0.002337,172.31.40.0-255,66,156329,69,191545
13037,0.002349,74.125.24.0-255,4320,160649,69,191545
13038,0.002363,74.125.24.0-255,4320,164969,69,191545
13039,0.002374,172.31.40.0-255,66,165035,69,191545
13040,0.002443,74.125.24.0-255,4320,169355,69,191545
13041,0.002471,172.31.40.0-255,66,169421,69,191545
13042,0.004873,74.125.24.0-255,5738,175159,69,191545
13043,0.004888,172.31.40.0-255,66,175225,69,191545
13044,0.007291,74.125.24.0-255,5738,180963,69,191545
13045,0.012333,172.31.40.0-255,66,181029,69,191545
13046,0.014715,74.125.24.0-255,1960,182989,69,191545
13047,0.014723,172.31.40.0-255,66,183055,69,191545
13048,0.01718,172.31.40.0-255,105,183160,69,191545
13049,0.019517,74.125.24.0-255,66,183226,69,191545
13050,0.037796,172.31.40.0-255,167,183393,69,191545
13051,0.037829,172.31.40.0-255,1111,184504,69,191545
13052,0.037881,172.31.40.0-255,1514,186018,69,191545
13053,0.037883,172.31.40.0-255,1514,187532,69,191545
13054,0.037884,172.31.40.0-255,1514,189046,69,191545
13055,0.037885,172.31.40.0-255,1514,190560,69,191545
13056,0.037886,172.31.40.0-255,547,191107,69,191545
13057,0.039321,104.244.42.0-255,66,191173,69,191545
13058,0.039474,104.244.42.0-255,66,191239,69,191545
13059,0.039477,104.244.42.0-255,66,191305,69,191545
13060,0.039481,104.244.42.0-255,66,191371,69,191545
13061,0.040198,104.244.42.0-255,108,191479,69,191545
13062,0.040208,172.31.40.0-255,66,191545,69,191545
13063,0.0,74.125.24.0-255,156,156,69,169536
13064,3.6e-05,172.31.40.0-255,66,222,69,169536
13065,4.3e-05,74.125.24.0-255,1484,1706,69,169536
13066,4.8e-05,172.31.40.0-255,66,1772,69,169536
13067,5.3e-05,74.125.24.0-255,2902,4674,69,169536
13068,6.3e-05,172.31.40.0-255,66,4740,69,169536
13069,7.1e-05,74.125.24.0-255,7156,11896,69,169536
13070,7.4e-05,172.31.40.0-255,66,11962,69,169536
13071,8e-05,74.125.24.0-255,4320,16282,69,169536
13072,8.3e-05,172.31.40.0-255,66,16348,69,169536
13073,0.000133,172.31.40.0-255,66,16414,69,169536
13074,0.000138,74.125.24.0-255,3961,20375,69,169536
13075,0.000141,172.31.40.0-255,66,20441,69,169536
13076,0.000176,74.125.24.0-255,1484,21925,69,169536
13077,0.000179,172.31.40.0-255,66,21991,69,169536
13078,0.000186,74.125.24.0-255,2902,24893,69,169536
13079,0.000188,172.31.40.0-255,66,24959,69,169536
13080,0.000222,74.125.24.0-255,5738,30697,69,169536
13081,0.000226,172.31.40.0-255,66,30763,69,169536
13082,0.000229,74.125.24.0-255,1484,32247,69,169536
13083,0.000232,172.31.40.0-255,66,32313,69,169536
13084,0.000269,172.31.40.0-255,66,32379,69,169536
13085,0.000283,172.31.40.0-255,66,32445,69,169536
13086,0.000313,74.125.24.0-255,1736,34181,69,169536
13087,0.000316,172.31.40.0-255,66,34247,69,169536
13088,0.000396,74.125.24.0-255,1484,35731,69,169536
13089,0.000399,172.31.40.0-255,66,35797,69,169536
13090,0.000405,74.125.24.0-255,2902,38699,69,169536
13091,0.000408,172.31.40.0-255,66,38765,69,169536
13092,0.000411,74.125.24.0-255,1484,40249,69,169536
13093,0.000431,74.125.24.0-255,4320,44569,69,169536
13094,0.000438,172.31.40.0-255,66,44635,69,169536
13095,0.000443,74.125.24.0-255,2902,47537,69,169536
13096,0.000446,172.31.40.0-255,66,47603,69,169536
13097,0.000494,172.31.40.0-255,66,47669,69,169536
13098,0.000506,172.31.40.0-255,66,47735,69,169536
13099,0.000975,74.125.24.0-255,1484,49219,69,169536
13100,0.000981,74.125.24.0-255,2902,52121,69,169536
13101,0.000985,172.31.40.0-255,66,52187,69,169536
13102,0.000991,74.125.24.0-255,4320,56507,69,169536
13103,0.000993,172.31.40.0-255,66,56573,69,169536
13104,0.001022,74.125.24.0-255,1484,58057,69,169536
13105,0.001035,172.31.40.0-255,66,58123,69,169536
13106,0.001052,74.125.24.0-255,2902,61025,69,169536
13107,0.001054,172.31.40.0-255,66,61091,69,169536
13108,0.001072,172.31.40.0-255,66,61157,69,169536
13109,0.001101,74.125.24.0-255,1484,62641,69,169536
13110,0.001105,74.125.24.0-255,2902,65543,69,169536
13111,0.001108,172.31.40.0-255,66,65609,69,169536
13112,0.001116,74.125.24.0-255,5738,71347,69,169536
13113,0.001118,172.31.40.0-255,66,71413,69,169536
13114,0.001146,74.125.24.0-255,5738,77151,69,169536
13115,0.001149,172.31.40.0-255,66,77217,69,169536
13116,0.001186,74.125.24.0-255,7156,84373,69,169536
13117,0.001189,172.31.40.0-255,66,84439,69,169536
13118,0.001196,74.125.24.0-255,5738,90177,69,169536
13119,0.001198,172.31.40.0-255,66,90243,69,169536
13120,0.001209,74.125.24.0-255,5020,95263,69,169536
13121,0.001212,172.31.40.0-255,66,95329,69,169536
13122,0.001258,74.125.24.0-255,1484,96813,69,169536
13123,0.001305,74.125.24.0-255,2902,99715,69,169536
13124,0.001308,172.31.40.0-255,66,99781,69,169536
13125,0.001314,74.125.24.0-255,4320,104101,69,169536
13126,0.001316,172.31.40.0-255,66,104167,69,169536
13127,0.00134,74.125.24.0-255,4320,108487,69,169536
13128,0.001343,172.31.40.0-255,66,108553,69,169536
13129,0.001369,74.125.24.0-255,4320,112873,69,169536
13130,0.001372,172.31.40.0-255,66,112939,69,169536
13131,0.001383,172.31.40.0-255,66,113005,69,169536
13132,0.001418,172.31.40.0-255,66,113071,69,169536
13133,0.00155,74.125.24.0-255,1484,114555,69,169536
13134,0.001557,74.125.24.0-255,2902,117457,69,169536
13135,0.001561,172.31.40.0-255,66,117523,69,169536
13136,0.001564,74.125.24.0-255,1484,119007,69,169536
13137,0.001592,74.125.24.0-255,4320,123327,69,169536
13138,0.001596,172.31.40.0-255,66,123393,69,169536
13139,0.001609,172.31.40.0-255,66,123459,69,169536
13140,0.001645,74.125.24.0-255,1484,124943,69,169536
13141,0.001657,172.31.40.0-255,66,125009,69,169536
13142,0.001661,74.125.24.0-255,2184,127193,69,169536
13143,0.001665,172.31.40.0-255,66,127259,69,169536
13144,0.001723,74.125.24.0-255,1484,128743,69,169536
13145,0.001745,74.125.24.0-255,2902,131645,69,169536
13146,0.001749,172.31.40.0-255,66,131711,69,169536
13147,0.001755,74.125.24.0-255,4320,136031,69,169536
13148,0.001757,172.31.40.0-255,66,136097,69,169536
13149,0.001782,74.125.24.0-255,1484,137581,69,169536
13150,0.001795,74.125.24.0-255,7156,144737,69,169536
13151,0.001799,172.31.40.0-255,66,144803,69,169536
13152,0.001848,172.31.40.0-255,66,144869,69,169536
13153,0.001854,74.125.24.0-255,4320,149189,69,169536
13154,0.001858,172.31.40.0-255,66,149255,69,169536
13155,0.001909,172.31.40.0-255,66,149321,69,169536
13156,0.001922,172.31.40.0-255,66,149387,69,169536
13157,0.001958,74.125.24.0-255,1484,150871,69,169536
13158,0.002001,172.31.40.0-255,66,150937,69,169536
13159,0.002024,172.31.40.0-255,66,151003,69,169536
13160,0.002036,172.31.40.0-255,66,151069,69,169536
13161,0.002079,172.31.40.0-255,66,151135,69,169536
13162,0.002084,74.125.24.0-255,2184,153319,69,169536
13163,0.002087,172.31.40.0-255,66,153385,69,169536
13164,0.002104,172.31.40.0-255,66,153451,69,169536
13165,0.002143,172.31.40.0-255,66,153517,69,169536
13166,0.002151,74.125.24.0-255,6438,159955,69,169536
13167,0.002153,172.31.40.0-255,66,160021,69,169536
13168,0.002166,172.31.40.0-255,66,160087,69,169536
13169,0.002168,74.125.24.0-255,105,160192,69,169536
13170,0.003656,172.31.40.0-255,66,160258,69,169536
13171,0.003683,172.31.40.0-255,105,160363,69,169536
13172,0.006117,74.125.24.0-255,66,160429,69,169536
13173,0.038006,172.31.40.0-255,172,160601,69,169536
13174,0.038035,172.31.40.0-255,1116,161717,69,169536
13175,0.038088,172.31.40.0-255,1514,163231,69,169536
13176,0.03809,172.31.40.0-255,1514,164745,69,169536
13177,0.038113,172.31.40.0-255,1514,166259,69,169536
13178,0.038114,172.31.40.0-255,1514,167773,69,169536
13179,0.038117,172.31.40.0-255,1499,169272,69,169536
13180,0.039657,104.244.42.0-255,66,169338,69,169536
13181,0.039668,104.244.42.0-255,66,169404,69,169536
13182,0.039735,104.244.42.0-255,66,169470,69,169536
13183,0.03978,104.244.42.0-255,66,169536,69,169536
13184,0.0,74.125.130.0-255,156,156,69,272993
13185,2e-05,172.31.40.0-255,66,222,69,272993
13186,3.8e-05,74.125.130.0-255,1484,1706,69,272993
13187,4.3e-05,172.31.40.0-255,66,1772,69,272993
13188,4.9e-05,74.125.130.0-255,2902,4674,69,272993
13189,5.2e-05,172.31.40.0-255,66,4740,69,272993
13190,5.5e-05,74.125.130.0-255,1484,6224,69,272993
13191,5.8e-05,172.31.40.0-255,66,6290,69,272993
13192,7.9e-05,74.125.130.0-255,4320,10610,69,272993
13193,8.2e-05,172.31.40.0-255,66,10676,69,272993
13194,8.7e-05,74.125.130.0-255,3482,14158,69,272993
13195,9e-05,172.31.40.0-255,66,14224,69,272993
13196,0.000123,172.31.40.0-255,66,14290,69,272993
13197,0.000142,74.125.130.0-255,5379,19669,69,272993
13198,0.000144,172.31.40.0-255,66,19735,69,272993
13199,0.000276,74.125.130.0-255,1484,21219,69,272993
13200,0.000281,172.31.40.0-255,66,21285,69,272993
13201,0.000304,74.125.130.0-255,2902,24187,69,272993
13202,0.000307,172.31.40.0-255,66,24253,69,272993
13203,0.000313,74.125.130.0-255,5738,29991,69,272993
13204,0.000315,172.31.40.0-255,66,30057,69,272993
13205,0.000345,74.125.130.0-255,6797,36854,69,272993
13206,0.000348,172.31.40.0-255,66,36920,69,272993
13207,0.000376,74.125.130.0-255,5738,42658,69,272993
13208,0.000379,172.31.40.0-255,66,42724,69,272993
13209,0.000396,74.125.130.0-255,1484,44208,69,272993
13210,0.000399,172.31.40.0-255,66,44274,69,272993
13211,0.000405,74.125.130.0-255,4320,48594,69,272993
13212,0.000407,172.31.40.0-255,66,48660,69,272993
13213,0.00043,74.125.130.0-255,4320,52980,69,272993
13214,0.000433,172.31.40.0-255,66,53046,69,272993
13215,0.000435,74.125.130.0-255,1415,54461,69,272993
13216,0.000518,74.125.130.0-255,365,54826,69,272993
13217,0.000522,172.31.40.0-255,66,54892,69,272993
13218,0.000774,74.125.130.0-255,1484,56376,69,272993
13219,0.000778,74.125.130.0-255,1484,57860,69,272993
13220,0.000781,172.31.40.0-255,66,57926,69,272993
13221,0.000803,74.125.130.0-255,1484,59410,69,272993
13222,0.000809,74.125.130.0-255,5738,65148,69,272993
13223,0.000811,172.31.40.0-255,66,65214,69,272993
13224,0.000844,172.31.40.0-255,66,65280,69,272993
13225,0.000864,74.125.130.0-255,1484,66764,69,272993
13226,0.000877,172.31.40.0-255,66,66830,69,272993
13227,0.000896,74.125.130.0-255,766,67596,69,272993
13228,0.001054,74.125.130.0-255,1484,69080,69,272993
13229,0.001058,172.31.40.0-255,66,69146,69,272993
13230,0.001065,74.125.130.0-255,2902,72048,69,272993
13231,0.001067,172.31.40.0-255,66,72114,69,272993
13232,0.00109,74.125.130.0-255,5738,77852,69,272993
13233,0.001092,172.31.40.0-255,66,77918,69,272993
13234,0.001108,74.125.130.0-255,1484,79402,69,272993
13235,0.00113,74.125.130.0-255,2902,82304,69,272993
13236,0.001133,172.31.40.0-255,66,82370,69,272993
13237,0.00115,74.125.130.0-255,5738,88108,69,272993
13238,0.001152,172.31.40.0-255,66,88174,69,272993
13239,0.00116,74.125.130.0-255,7156,95330,69,272993
13240,0.001162,172.31.40.0-255,66,95396,69,272993
13241,0.001216,172.31.40.0-255,66,95462,69,272993
13242,0.001272,74.125.130.0-255,2902,98364,69,272993
13243,0.001275,172.31.40.0-255,66,98430,69,272993
13244,0.001299,74.125.130.0-255,1484,99914,69,272993
13245,0.001306,74.125.130.0-255,5738,105652,69,272993
13246,0.001308,172.31.40.0-255,66,105718,69,272993
13247,0.001311,74.125.130.0-255,1484,107202,69,272993
13248,0.001316,74.125.130.0-255,2902,110104,69,272993
13249,0.001318,172.31.40.0-255,66,110170,69,272993
13250,0.001321,74.125.130.0-255,1484,111654,69,272993
13251,0.001338,74.125.130.0-255,4320,115974,69,272993
13252,0.001343,172.31.40.0-255,66,116040,69,272993
13253,0.001355,74.125.130.0-255,7156,123196,69,272993
13254,0.001357,172.31.40.0-255,66,123262,69,272993
13255,0.001376,74.125.130.0-255,4320,127582,69,272993
13256,0.001379,172.31.40.0-255,66,127648,69,272993
13257,0.001381,74.125.130.0-255,766,128414,69,272993
13258,0.001543,74.125.130.0-255,1484,129898,69,272993
13259,0.001554,172.31.40.0-255,66,129964,69,272993
13260,0.00156,74.125.130.0-255,2902,132866,69,272993
13261,0.001562,172.31.40.0-255,66,132932,69,272993
13262,0.001569,74.125.130.0-255,5738,138670,69,272993
13263,0.001572,172.31.40.0-255,66,138736,69,272993
13264,0.001585,74.125.130.0-255,1484,140220,69,272993
13265,0.001611,172.31.40.0-255,66,140286,69,272993
13266,0.001617,74.125.130.0-255,4320,144606,69,272993
13267,0.001619,172.31.40.0-255,66,144672,69,272993
13268,0.001634,74.125.130.0-255,4320,148992,69,272993
13269,0.001638,172.31.40.0-255,66,149058,69,272993
13270,0.001654,74.125.130.0-255,2184,151242,69,272993
13271,0.001657,172.31.40.0-255,66,151308,69,272993
13272,0.001987,74.125.130.0-255,1484,152792,69,272993
13273,0.001994,74.125.130.0-255,2902,155694,69,272993
13274,0.001997,172.31.40.0-255,66,155760,69,272993
13275,0.002003,74.125.130.0-255,2902,158662,69,272993
13276,0.002005,172.31.40.0-255,66,158728,69,272993
13277,0.002021,74.125.130.0-255,2902,161630,69,272993
13278,0.002024,172.31.40.0-255,66,161696,69,272993
13279,0.002026,74.125.130.0-255,1484,163180,69,272993
13280,0.002031,74.125.130.0-255,2902,166082,69,272993
13281,0.002032,172.31.40.0-255,66,166148,69,272993
13282,0.002053,74.125.130.0-255,5738,171886,69,272993
13283,0.002059,172.31.40.0-255,66,171952,69,272993
13284,0.002083,172.31.40.0-255,66,172018,69,272993
13285,0.002087,74.125.130.0-255,2902,174920,69,272993
13286,0.002089,172.31.40.0-255,66,174986,69,272993
13287,0.002108,74.125.130.0-255,6438,181424,69,272993
13288,0.00211,172.31.40.0-255,66,181490,69,272993
13289,0.002117,74.125.130.0-255,5738,187228,69,272993
13290,0.002119,172.31.40.0-255,66,187294,69,272993
13291,0.002151,74.125.130.0-255,5738,193032,69,272993
13292,0.002154,172.31.40.0-255,66,193098,69,272993
13293,0.002167,172.31.40.0-255,66,193164,69,272993
13294,0.002173,74.125.130.0-255,5020,198184,69,272993
13295,0.002176,172.31.40.0-255,66,198250,69,272993
13296,0.002182,74.125.130.0-255,4320,202570,69,272993
13297,0.002184,172.31.40.0-255,66,202636,69,272993
13298,0.00221,74.125.130.0-255,1484,204120,69,272993
13299,0.002225,172.31.40.0-255,66,204186,69,272993
13300,0.002231,74.125.130.0-255,5738,209924,69,272993
13301,0.002234,172.31.40.0-255,66,209990,69,272993
13302,0.002247,74.125.130.0-255,2902,212892,69,272993
13303,0.00225,172.31.40.0-255,66,212958,69,272993
13304,0.00228,74.125.130.0-255,1484,214442,69,272993
13305,0.002311,172.31.40.0-255,66,214508,69,272993
13306,0.002381,172.31.40.0-255,66,214574,69,272993
13307,0.002407,172.31.40.0-255,66,214640,69,272993
13308,0.002423,172.31.40.0-255,66,214706,69,272993
13309,0.002436,172.31.40.0-255,66,214772,69,272993
13310,0.00478,74.125.130.0-255,5738,220510,69,272993
13311,0.004787,172.31.40.0-255,66,220576,69,272993
13312,0.007133,74.125.130.0-255,4320,224896,69,272993
13313,0.007138,172.31.40.0-255,66,224962,69,272993
13314,0.007154,74.125.130.0-255,1484,226446,69,272993
13315,0.00947,74.125.130.0-255,4320,230766,69,272993
13316,0.009476,172.31.40.0-255,66,230832,69,272993
13317,0.011825,74.125.130.0-255,4320,235152,69,272993
13318,0.011832,172.31.40.0-255,66,235218,69,272993
13319,0.011853,74.125.130.0-255,1484,236702,69,272993
13320,0.014186,74.125.130.0-255,4320,241022,69,272993
13321,0.014196,172.31.40.0-255,66,241088,69,272993
13322,0.016548,74.125.130.0-255,5738,246826,69,272993
13323,0.016555,172.31.40.0-255,66,246892,69,272993
13324,0.018907,74.125.130.0-255,5738,252630,69,272993
13325,0.018916,172.31.40.0-255,66,252696,69,272993
13326,0.021252,74.125.130.0-255,5738,258434,69,272993
13327,0.021261,172.31.40.0-255,66,258500,69,272993
13328,0.023611,74.125.130.0-255,5147,263647,69,272993
13329,0.023618,172.31.40.0-255,66,263713,69,272993
13330,0.023814,172.31.40.0-255,105,263818,69,272993
13331,0.026121,74.125.130.0-255,66,263884,69,272993
13332,0.037049,172.31.40.0-255,172,264056,69,272993
13333,0.03708,172.31.40.0-255,1114,265170,69,272993
13334,0.037148,172.31.40.0-255,1514,266684,69,272993
13335,0.03715,172.31.40.0-255,1514,268198,69,272993
13336,0.037151,172.31.40.0-255,1514,269712,69,272993
13337,0.037152,172.31.40.0-255,1514,271226,69,272993
13338,0.03718,172.31.40.0-255,1503,272729,69,272993
13339,0.038567,104.244.42.0-255,66,272795,69,272993
13340,0.038676,104.244.42.0-255,66,272861,69,272993
13341,0.03868,104.244.42.0-255,66,272927,69,272993
13342,0.038768,104.244.42.0-255,66,272993,69,272993
13343,0.0,172.31.40.0-255,105,105,69,459
13344,0.000236,172.31.40.0-255,90,195,69,459
13345,0.000245,172.31.40.0-255,66,261,69,459
13346,0.002536,74.125.200.0-255,66,327,69,459
13347,0.002573,74.125.200.0-255,66,393,69,459
13348,0.002583,172.31.40.0-255,66,459,69,459
13349,0.0,74.125.130.0-255,146,146,69,406326
13350,2.2e-05,172.31.40.0-255,66,212,69,406326
13351,3e-05,74.125.130.0-255,1484,1696,69,406326
13352,3.4e-05,172.31.40.0-255,66,1762,69,406326
13353,4e-05,74.125.130.0-255,2902,4664,69,406326
13354,4.2e-05,172.31.40.0-255,66,4730,69,406326
13355,5.7e-05,74.125.130.0-255,5738,10468,69,406326
13356,5.9e-05,172.31.40.0-255,66,10534,69,406326
13357,8.3e-05,74.125.130.0-255,1484,12018,69,406326
13358,8.5e-05,172.31.40.0-255,66,12084,69,406326
13359,0.000108,74.125.130.0-255,3457,15541,69,406326
13360,0.00011,172.31.40.0-255,66,15607,69,406326
13361,0.000118,74.125.130.0-255,5738,21345,69,406326
13362,0.00012,172.31.40.0-255,66,21411,69,406326
13363,0.000123,74.125.130.0-255,1484,22895,69,406326
13364,0.000125,172.31.40.0-255,66,22961,69,406326
13365,0.000166,172.31.40.0-255,66,23027,69,406326
13366,0.000261,74.125.130.0-255,1484,24511,69,406326
13367,0.000264,172.31.40.0-255,66,24577,69,406326
13368,0.000268,74.125.130.0-255,1484,26061,69,406326
13369,0.000269,172.31.40.0-255,66,26127,69,406326
13370,0.000332,74.125.130.0-255,2902,29029,69,406326
13371,0.000335,172.31.40.0-255,66,29095,69,406326
13372,0.000342,74.125.130.0-255,5738,34833,69,406326
13373,0.000345,172.31.40.0-255,66,34899,69,406326
13374,0.000355,74.125.130.0-255,5379,40278,69,406326
13375,0.000357,172.31.40.0-255,66,40344,69,406326
13376,0.000364,74.125.130.0-255,5738,46082,69,406326
13377,0.000366,172.31.40.0-255,66,46148,69,406326
13378,0.000401,74.125.130.0-255,5738,51886,69,406326
13379,0.000404,172.31.40.0-255,66,51952,69,406326
13380,0.000435,74.125.130.0-255,5668,57620,69,406326
13381,0.000437,172.31.40.0-255,66,57686,69,406326
13382,0.000465,74.125.130.0-255,98,57784,69,406326
13383,0.000609,74.125.130.0-255,1484,59268,69,406326
13384,0.000615,172.31.40.0-255,66,59334,69,406326
13385,0.00062,74.125.130.0-255,2902,62236,69,406326
13386,0.000623,172.31.40.0-255,66,62302,69,406326
13387,0.000648,74.125.130.0-255,4320,66622,69,406326
13388,0.00065,172.31.40.0-255,66,66688,69,406326
13389,0.000661,74.125.130.0-255,5738,72426,69,406326
13390,0.000664,172.31.40.0-255,66,72492,69,406326
13391,0.000688,74.125.130.0-255,2902,75394,69,406326
13392,0.00069,172.31.40.0-255,66,75460,69,406326
13393,0.000697,74.125.130.0-255,5738,81198,69,406326
13394,0.000699,172.31.40.0-255,66,81264,69,406326
13395,0.000729,74.125.130.0-255,7156,88420,69,406326
13396,0.000732,172.31.40.0-255,66,88486,69,406326
13397,0.00077,74.125.130.0-255,3321,91807,69,406326
13398,0.000773,172.31.40.0-255,66,91873,69,406326
13399,0.000796,74.125.130.0-255,1484,93357,69,406326
13400,0.000809,74.125.130.0-255,2902,96259,69,406326
13401,0.000811,172.31.40.0-255,66,96325,69,406326
13402,0.00084,74.125.130.0-255,2902,99227,69,406326
13403,0.000843,172.31.40.0-255,66,99293,69,406326
13404,0.000848,74.125.130.0-255,4320,103613,69,406326
13405,0.000851,172.31.40.0-255,66,103679,69,406326
13406,0.000855,74.125.130.0-255,2902,106581,69,406326
13407,0.000857,172.31.40.0-255,66,106647,69,406326
13408,0.000889,74.125.130.0-255,5738,112385,69,406326
13409,0.000896,172.31.40.0-255,66,112451,69,406326
13410,0.000899,74.125.130.0-255,1484,113935,69,406326
13411,0.000923,74.125.130.0-255,4320,118255,69,406326
13412,0.000926,172.31.40.0-255,66,118321,69,406326
13413,0.00093,74.125.130.0-255,2902,121223,69,406326
13414,0.000933,172.31.40.0-255,66,121289,69,406326
13415,0.000955,74.125.130.0-255,4320,125609,69,406326
13416,0.000958,172.31.40.0-255,66,125675,69,406326
13417,0.000964,74.125.130.0-255,766,126441,69,406326
13418,0.001176,74.125.130.0-255,1484,127925,69,406326
13419,0.001181,172.31.40.0-255,66,127991,69,406326
13420,0.001195,74.125.130.0-255,2902,130893,69,406326
13421,0.001202,172.31.40.0-255,66,130959,69,406326
13422,0.001221,74.125.130.0-255,5738,136697,69,406326
13423,0.001228,172.31.40.0-255,66,136763,69,406326
13424,0.001235,74.125.130.0-255,7156,143919,69,406326
13425,0.001237,172.31.40.0-255,66,143985,69,406326
13426,0.00127,74.125.130.0-255,7156,151141,69,406326
13427,0.001273,172.31.40.0-255,66,151207,69,406326
13428,0.001298,74.125.130.0-255,1484,152691,69,406326
13429,0.001314,74.125.130.0-255,5738,158429,69,406326
13430,0.001316,172.31.40.0-255,66,158495,69,406326
13431,0.001341,74.125.130.0-255,2184,160679,69,406326
13432,0.001344,172.31.40.0-255,66,160745,69,406326
13433,0.001511,74.125.130.0-255,1484,162229,69,406326
13434,0.001518,74.125.130.0-255,2902,165131,69,406326
13435,0.001521,172.31.40.0-255,66,165197,69,406326
13436,0.001552,74.125.130.0-255,2902,168099,69,406326
13437,0.001555,172.31.40.0-255,66,168165,69,406326
13438,0.001561,74.125.130.0-255,4320,172485,69,406326
13439,0.001564,172.31.40.0-255,66,172551,69,406326
13440,0.001578,172.31.40.0-255,66,172617,69,406326
13441,0.001607,74.125.130.0-255,4320,176937,69,406326
13442,0.00161,172.31.40.0-255,66,177003,69,406326
13443,0.001635,74.125.130.0-255,1484,178487,69,406326
13444,0.001644,74.125.130.0-255,7156,185643,69,406326
13445,0.001647,172.31.40.0-255,66,185709,69,406326
13446,0.0017,74.125.130.0-255,766,186475,69,406326
13447,0.001866,74.125.130.0-255,1484,187959,69,406326
13448,0.001869,74.125.130.0-255,1484,189443,69,406326
13449,0.001873,172.31.40.0-255,66,189509,69,406326
13450,0.001883,74.125.130.0-255,1484,190993,69,406326
13451,0.001885,172.31.40.0-255,66,191059,69,406326
13452,0.001889,74.125.130.0-255,1484,192543,69,406326
13453,0.001908,74.125.130.0-255,2902,195445,69,406326
13454,0.00191,172.31.40.0-255,66,195511,69,406326
13455,0.001926,172.31.40.0-255,66,195577,69,406326
13456,0.001979,74.125.130.0-255,4320,199897,69,406326
13457,0.001982,172.31.40.0-255,66,199963,69,406326
13458,0.001989,74.125.130.0-255,5738,205701,69,406326
13459,0.001992,172.31.40.0-255,66,205767,69,406326
13460,0.002021,74.125.130.0-255,6438,212205,69,406326
13461,0.002024,172.31.40.0-255,66,212271,69,406326
13462,0.0041,74.125.130.0-255,5738,218009,69,406326
13463,0.004108,172.31.40.0-255,66,218075,69,406326
13464,0.006176,74.125.130.0-255,4320,222395,69,406326
13465,0.006181,172.31.40.0-255,66,222461,69,406326
13466,0.0062,74.125.130.0-255,1484,223945,69,406326
13467,0.008268,74.125.130.0-255,4320,228265,69,406326
13468,0.008276,172.31.40.0-255,66,228331,69,406326
13469,0.010359,74.125.130.0-255,5738,234069,69,406326
13470,0.010367,172.31.40.0-255,66,234135,69,406326
13471,0.012454,74.125.130.0-255,5738,239873,69,406326
13472,0.012468,172.31.40.0-255,66,239939,69,406326
13473,0.014559,74.125.130.0-255,5738,245677,69,406326
13474,0.014574,172.31.40.0-255,66,245743,69,406326
13475,0.01666,74.125.130.0-255,5738,251481,69,406326
13476,0.01667,172.31.40.0-255,66,251547,69,406326
13477,0.018767,74.125.130.0-255,5738,257285,69,406326
13478,0.018778,172.31.40.0-255,66,257351,69,406326
13479,0.020859,74.125.130.0-255,5738,263089,69,406326
13480,0.020866,172.31.40.0-255,66,263155,69,406326
13481,0.022949,74.125.130.0-255,5738,268893,69,406326
13482,0.022961,172.31.40.0-255,66,268959,69,406326
13483,0.025039,74.125.130.0-255,5738,274697,69,406326
13484,0.025048,172.31.40.0-255,66,274763,69,406326
13485,0.027116,74.125.130.0-255,5738,280501,69,406326
13486,0.027124,172.31.40.0-255,66,280567,69,406326
13487,0.029205,74.125.130.0-255,5738,286305,69,406326
13488,0.029213,172.31.40.0-255,66,286371,69,406326
13489,0.031284,74.125.130.0-255,5738,292109,69,406326
13490,0.031292,172.31.40.0-255,66,292175,69,406326
13491,0.033395,74.125.130.0-255,5738,297913,69,406326
13492,0.033405,172.31.40.0-255,66,297979,69,406326
13493,0.035492,74.125.130.0-255,5738,303717,69,406326
13494,0.035501,172.31.40.0-255,66,303783,69,406326
13495,0.03758,74.125.130.0-255,5738,309521,69,406326
13496,0.037591,172.31.40.0-255,66,309587,69,406326
13497,0.039684,74.125.130.0-255,5738,315325,69,406326
13498,0.039711,172.31.40.0-255,66,315391,69,406326
13499,0.041606,172.31.40.0-255,172,315563,69,406326
13500,0.041637,172.31.40.0-255,1116,316679,69,406326
13501,0.041691,172.31.40.0-255,1514,318193,69,406326
13502,0.041693,172.31.40.0-255,1514,319707,69,406326
13503,0.041694,172.31.40.0-255,1514,321221,69,406326
13504,0.041695,172.31.40.0-255,1514,322735,69,406326
13505,0.041723,172.31.40.0-255,1501,324236,69,406326
13506,0.041785,74.125.130.0-255,2902,327138,69,406326
13507,0.041791,172.31.40.0-255,66,327204,69,406326
13508,0.041817,74.125.130.0-255,2902,330106,69,406326
13509,0.041819,172.31.40.0-255,66,330172,69,406326
13510,0.043145,104.244.42.0-255,66,330238,69,406326
13511,0.043167,104.244.42.0-255,66,330304,69,406326
13512,0.043277,104.244.42.0-255,66,330370,69,406326
13513,0.043282,104.244.42.0-255,66,330436,69,406326
13514,0.043868,74.125.130.0-255,2902,333338,69,406326
13515,0.043875,172.31.40.0-255,66,333404,69,406326
13516,0.043904,104.244.42.0-255,108,333512,69,406326
13517,0.043907,172.31.40.0-255,66,333578,69,406326
13518,0.043913,74.125.130.0-255,2902,336480,69,406326
13519,0.043915,172.31.40.0-255,66,336546,69,406326
13520,0.04595,74.125.130.0-255,2902,339448,69,406326
13521,0.045957,172.31.40.0-255,66,339514,69,406326
13522,0.045986,74.125.130.0-255,2902,342416,69,406326
13523,0.04599,172.31.40.0-255,66,342482,69,406326
13524,0.048046,74.125.130.0-255,5738,348220,69,406326
13525,0.048052,172.31.40.0-255,66,348286,69,406326
13526,0.050141,74.125.130.0-255,5738,354024,69,406326
13527,0.050148,172.31.40.0-255,66,354090,69,406326
13528,0.052228,74.125.130.0-255,5738,359828,69,406326
13529,0.052234,172.31.40.0-255,66,359894,69,406326
13530,0.054307,74.125.130.0-255,5738,365632,69,406326
13531,0.054318,172.31.40.0-255,66,365698,69,406326
13532,0.056429,74.125.130.0-255,5738,371436,69,406326
13533,0.056438,172.31.40.0-255,66,371502,69,406326
13534,0.058517,74.125.130.0-255,5738,377240,69,406326
13535,0.058524,172.31.40.0-255,66,377306,69,406326
13536,0.060599,74.125.130.0-255,5738,383044,69,406326
13537,0.060607,172.31.40.0-255,66,383110,69,406326
13538,0.062722,74.125.130.0-255,5738,388848,69,406326
13539,0.062732,172.31.40.0-255,66,388914,69,406326
13540,0.064825,74.125.130.0-255,5738,394652,69,406326
13541,0.064831,172.31.40.0-255,66,394718,69,406326
13542,0.066923,74.125.130.0-255,5738,400456,69,406326
13543,0.06693,172.31.40.0-255,66,400522,69,406326
13544,0.069025,74.125.130.0-255,5738,406260,69,406326
13545,0.069032,172.31.40.0-255,66,406326,69,406326
13546,0.0,74.125.68.0-255,153,153,69,276009
13547,2.2e-05,172.31.40.0-255,66,219,69,276009
13548,2.9e-05,74.125.68.0-255,1484,1703,69,276009
13549,3.5e-05,172.31.40.0-255,66,1769,69,276009
13550,4.7e-05,74.125.68.0-255,2902,4671,69,276009
13551,5.1e-05,172.31.40.0-255,66,4737,69,276009
13552,5.8e-05,74.125.68.0-255,5738,10475,69,276009
13553,6.2e-05,172.31.40.0-255,66,10541,69,276009
13554,7.8e-05,74.125.68.0-255,1484,12025,69,276009
13555,8.1e-05,172.31.40.0-255,66,12091,69,276009
13556,9e-05,74.125.68.0-255,2066,14157,69,276009
13557,9.3e-05,172.31.40.0-255,66,14223,69,276009
13558,0.000127,74.125.68.0-255,1484,15707,69,276009
13559,0.000129,172.31.40.0-255,66,15773,69,276009
13560,0.000171,74.125.68.0-255,2902,18675,69,276009
13561,0.000173,172.31.40.0-255,66,18741,69,276009
13562,0.00018,74.125.68.0-255,5738,24479,69,276009
13563,0.000183,172.31.40.0-255,66,24545,69,276009
13564,0.000187,74.125.68.0-255,2902,27447,69,276009
13565,0.000189,172.31.40.0-255,66,27513,69,276009
13566,0.000199,74.125.68.0-255,3961,31474,69,276009
13567,0.000202,172.31.40.0-255,66,31540,69,276009
13568,0.000435,74.125.68.0-255,1484,33024,69,276009
13569,0.000442,172.31.40.0-255,66,33090,69,276009
13570,0.000459,74.125.68.0-255,2902,35992,69,276009
13571,0.000466,172.31.40.0-255,66,36058,69,276009
13572,0.000472,74.125.68.0-255,4320,40378,69,276009
13573,0.000474,172.31.40.0-255,66,40444,69,276009
13574,0.000498,74.125.68.0-255,1484,41928,69,276009
13575,0.000505,172.31.40.0-255,66,41994,69,276009
13576,0.000509,74.125.68.0-255,1484,43478,69,276009
13577,0.000511,172.31.40.0-255,66,43544,69,276009
13578,0.000516,74.125.68.0-255,2902,46446,69,276009
13579,0.000524,74.125.68.0-255,6797,53243,69,276009
13580,0.000532,74.125.68.0-255,5738,58981,69,276009
13581,0.000538,172.31.40.0-255,66,59047,69,276009
13582,0.00054,172.31.40.0-255,66,59113,69,276009
13583,0.000541,172.31.40.0-255,66,59179,69,276009
13584,0.000571,74.125.68.0-255,6797,65976,69,276009
13585,0.000578,172.31.40.0-255,66,66042,69,276009
13586,0.000879,74.125.68.0-255,412,66454,69,276009
13587,0.0009,74.125.68.0-255,330,66784,69,276009
13588,0.001152,172.31.40.0-255,66,66850,69,276009
13589,0.001736,74.125.68.0-255,1484,68334,69,276009
13590,0.001747,74.125.68.0-255,2902,71236,69,276009
13591,0.001752,172.31.40.0-255,66,71302,69,276009
13592,0.001758,74.125.68.0-255,1484,72786,69,276009
13593,0.001806,74.125.68.0-255,2902,75688,69,276009
13594,0.001809,172.31.40.0-255,66,75754,69,276009
13595,0.001816,74.125.68.0-255,5738,81492,69,276009
13596,0.001818,172.31.40.0-255,66,81558,69,276009
13597,0.001825,74.125.68.0-255,5738,87296,69,276009
13598,0.001827,172.31.40.0-255,66,87362,69,276009
13599,0.001839,74.125.68.0-255,7156,94518,69,276009
13600,0.001841,172.31.40.0-255,66,94584,69,276009
13601,0.001873,74.125.68.0-255,2902,97486,69,276009
13602,0.001875,172.31.40.0-255,66,97552,69,276009
13603,0.001894,74.125.68.0-255,3602,101154,69,276009
13604,0.001897,172.31.40.0-255,66,101220,69,276009
13605,0.004168,74.125.68.0-255,1484,102704,69,276009
13606,0.004185,74.125.68.0-255,4320,107024,69,276009
13607,0.004188,172.31.40.0-255,66,107090,69,276009
13608,0.006472,74.125.68.0-255,5738,112828,69,276009
13609,0.006475,172.31.40.0-255,66,112894,69,276009
13610,0.008763,74.125.68.0-255,5738,118632,69,276009
13611,0.008769,172.31.40.0-255,66,118698,69,276009
13612,0.011066,74.125.68.0-255,5738,124436,69,276009
13613,0.011075,172.31.40.0-255,66,124502,69,276009
13614,0.013364,74.125.68.0-255,5738,130240,69,276009
13615,0.013372,172.31.40.0-255,66,130306,69,276009
13616,0.015691,74.125.68.0-255,5738,136044,69,276009
13617,0.015703,172.31.40.0-255,66,136110,69,276009
13618,0.017994,74.125.68.0-255,5738,141848,69,276009
13619,0.018002,172.31.40.0-255,66,141914,69,276009
13620,0.020326,74.125.68.0-255,5738,147652,69,276009
13621,0.020334,172.31.40.0-255,66,147718,69,276009
13622,0.022627,74.125.68.0-255,5738,153456,69,276009
13623,0.022634,172.31.40.0-255,66,153522,69,276009
13624,0.024928,74.125.68.0-255,4320,157842,69,276009
13625,0.024936,172.31.40.0-255,66,157908,69,276009
13626,0.024977,74.125.68.0-255,1484,159392,69,276009
13627,0.02724,74.125.68.0-255,4320,163712,69,276009
13628,0.027248,172.31.40.0-255,66,163778,69,276009
13629,0.02953,74.125.68.0-255,4320,168098,69,276009
13630,0.029536,172.31.40.0-255,66,168164,69,276009
13631,0.029565,74.125.68.0-255,1484,169648,69,276009
13632,0.031833,74.125.68.0-255,4320,173968,69,276009
13633,0.03184,172.31.40.0-255,66,174034,69,276009
13634,0.032707,172.31.40.0-255,176,174210,69,276009
13635,0.032739,172.31.40.0-255,1114,175324,69,276009
13636,0.032809,172.31.40.0-255,1514,176838,69,276009
13637,0.032811,172.31.40.0-255,1514,178352,69,276009
13638,0.032817,172.31.40.0-255,1514,179866,69,276009
13639,0.032819,172.31.40.0-255,1514,181380,69,276009
13640,0.032854,172.31.40.0-255,1501,182881,69,276009
13641,0.034133,74.125.68.0-255,5738,188619,69,276009
13642,0.03414,172.31.40.0-255,66,188685,69,276009
13643,0.034266,104.244.42.0-255,66,188751,69,276009
13644,0.034273,104.244.42.0-255,66,188817,69,276009
13645,0.03437,104.244.42.0-255,66,188883,69,276009
13646,0.034519,104.244.42.0-255,66,188949,69,276009
13647,0.03643,74.125.68.0-255,5738,194687,69,276009
13648,0.036437,172.31.40.0-255,66,194753,69,276009
13649,0.038733,74.125.68.0-255,5738,200491,69,276009
13650,0.038741,172.31.40.0-255,66,200557,69,276009
13651,0.041031,74.125.68.0-255,5738,206295,69,276009
13652,0.041039,172.31.40.0-255,66,206361,69,276009
13653,0.043336,74.125.68.0-255,5738,212099,69,276009
13654,0.043344,172.31.40.0-255,66,212165,69,276009
13655,0.045644,74.125.68.0-255,5738,217903,69,276009
13656,0.045651,172.31.40.0-255,66,217969,69,276009
13657,0.047968,74.125.68.0-255,5738,223707,69,276009
13658,0.047974,172.31.40.0-255,66,223773,69,276009
13659,0.050267,74.125.68.0-255,5738,229511,69,276009
13660,0.050274,172.31.40.0-255,66,229577,69,276009
13661,0.052565,74.125.68.0-255,5738,235315,69,276009
13662,0.052572,172.31.40.0-255,66,235381,69,276009
13663,0.054862,74.125.68.0-255,5738,241119,69,276009
13664,0.054869,172.31.40.0-255,66,241185,69,276009
13665,0.057174,74.125.68.0-255,5738,246923,69,276009
13666,0.057181,172.31.40.0-255,66,246989,69,276009
13667,0.059481,74.125.68.0-255,5738,252727,69,276009
13668,0.059488,172.31.40.0-255,66,252793,69,276009
13669,0.06178,74.125.68.0-255,5738,258531,69,276009
13670,0.061786,172.31.40.0-255,66,258597,69,276009
13671,0.064125,74.125.68.0-255,5738,264335,69,276009
13672,0.064131,172.31.40.0-255,66,264401,69,276009
13673,0.066431,74.125.68.0-255,5738,270139,69,276009
13674,0.066438,172.31.40.0-255,66,270205,69,276009
13675,0.068734,74.125.68.0-255,5738,275943,69,276009
13676,0.068741,172.31.40.0-255,66,276009,69,276009
13677,0.0,74.125.68.0-255,153,153,69,386712
13678,1.2e-05,172.31.40.0-255,66,219,69,386712
13679,1.7e-05,74.125.68.0-255,1484,1703,69,386712
13680,2.1e-05,172.31.40.0-255,66,1769,69,386712
13681,2.6e-05,74.125.68.0-255,2902,4671,69,386712
13682,2.9e-05,172.31.40.0-255,66,4737,69,386712
13683,6e-05,74.125.68.0-255,5738,10475,69,386712
13684,6.3e-05,172.31.40.0-255,66,10541,69,386712
13685,8.4e-05,74.125.68.0-255,3520,14061,69,386712
13686,8.6e-05,172.31.40.0-255,66,14127,69,386712
13687,0.000223,74.125.68.0-255,1484,15611,69,386712
13688,0.000227,172.31.40.0-255,66,15677,69,386712
13689,0.000241,74.125.68.0-255,2902,18579,69,386712
13690,0.000243,172.31.40.0-255,66,18645,69,386712
13691,0.000246,74.125.68.0-255,1484,20129,69,386712
13692,0.000247,172.31.40.0-255,66,20195,69,386712
13693,0.000261,74.125.68.0-255,4320,24515,69,386712
13694,0.000264,172.31.40.0-255,66,24581,69,386712
13695,0.000294,74.125.68.0-255,2902,27483,69,386712
13696,0.000296,172.31.40.0-255,66,27549,69,386712
13697,0.000308,74.125.68.0-255,3961,31510,69,386712
13698,0.00031,172.31.40.0-255,66,31576,69,386712
13699,0.000317,74.125.68.0-255,7156,38732,69,386712
13700,0.000319,172.31.40.0-255,66,38798,69,386712
13701,0.000323,74.125.68.0-255,2902,41700,69,386712
13702,0.000324,172.31.40.0-255,66,41766,69,386712
13703,0.000355,74.125.68.0-255,7156,48922,69,386712
13704,0.000357,172.31.40.0-255,66,48988,69,386712
13705,0.000361,74.125.68.0-255,4320,53308,69,386712
13706,0.000363,172.31.40.0-255,66,53374,69,386712
13707,0.00038,74.125.68.0-255,7156,60530,69,386712
13708,0.000382,172.31.40.0-255,66,60596,69,386712
13709,0.000388,74.125.68.0-255,5020,65616,69,386712
13710,0.000389,172.31.40.0-255,66,65682,69,386712
13711,0.000428,74.125.68.0-255,359,66041,69,386712
13712,0.000893,74.125.68.0-255,384,66425,69,386712
13713,0.000922,172.31.40.0-255,66,66491,69,386712
13714,0.001085,74.125.68.0-255,1484,67975,69,386712
13715,0.001093,74.125.68.0-255,2902,70877,69,386712
13716,0.001096,172.31.40.0-255,66,70943,69,386712
13717,0.001116,74.125.68.0-255,5738,76681,69,386712
13718,0.001119,172.31.40.0-255,66,76747,69,386712
13719,0.001142,74.125.68.0-255,2902,79649,69,386712
13720,0.001145,172.31.40.0-255,66,79715,69,386712
13721,0.001166,74.125.68.0-255,4320,84035,69,386712
13722,0.001168,172.31.40.0-255,66,84101,69,386712
13723,0.001177,172.31.40.0-255,66,84167,69,386712
13724,0.00119,74.125.68.0-255,2902,87069,69,386712
13725,0.001192,172.31.40.0-255,66,87135,69,386712
13726,0.001232,74.125.68.0-255,4320,91455,69,386712
13727,0.001235,172.31.40.0-255,66,91521,69,386712
13728,0.001246,74.125.68.0-255,766,92287,69,386712
13729,0.001573,74.125.68.0-255,1484,93771,69,386712
13730,0.001578,172.31.40.0-255,66,93837,69,386712
13731,0.001584,74.125.68.0-255,2902,96739,69,386712
13732,0.001586,172.31.40.0-255,66,96805,69,386712
13733,0.001589,74.125.68.0-255,1484,98289,69,386712
13734,0.00161,74.125.68.0-255,4320,102609,69,386712
13735,0.001612,172.31.40.0-255,66,102675,69,386712
13736,0.001624,74.125.68.0-255,2902,105577,69,386712
13737,0.001626,172.31.40.0-255,66,105643,69,386712
13738,0.001644,74.125.68.0-255,4320,109963,69,386712
13739,0.001646,172.31.40.0-255,66,110029,69,386712
13740,0.001651,74.125.68.0-255,4320,114349,69,386712
13741,0.001653,172.31.40.0-255,66,114415,69,386712
13742,0.001679,74.125.68.0-255,4320,118735,69,386712
13743,0.001681,172.31.40.0-255,66,118801,69,386712
13744,0.001688,74.125.68.0-255,5738,124539,69,386712
13745,0.001689,172.31.40.0-255,66,124605,69,386712
13746,0.001705,74.125.68.0-255,2184,126789,69,386712
13747,0.001707,172.31.40.0-255,66,126855,69,386712
13748,0.001773,74.125.68.0-255,1484,128339,69,386712
13749,0.001785,74.125.68.0-255,1484,129823,69,386712
13750,0.001788,172.31.40.0-255,66,129889,69,386712
13751,0.001802,74.125.68.0-255,1484,131373,69,386712
13752,0.001834,74.125.68.0-255,5738,137111,69,386712
13753,0.001836,172.31.40.0-255,66,137177,69,386712
13754,0.001841,74.125.68.0-255,2902,140079,69,386712
13755,0.001843,172.31.40.0-255,66,140145,69,386712
13756,0.001848,74.125.68.0-255,4320,144465,69,386712
13757,0.001851,172.31.40.0-255,66,144531,69,386712
13758,0.001857,74.125.68.0-255,5738,150269,69,386712
13759,0.00186,172.31.40.0-255,66,150335,69,386712
13760,0.001887,74.125.68.0-255,2902,153237,69,386712
13761,0.00189,172.31.40.0-255,66,153303,69,386712
13762,0.001895,74.125.68.0-255,5738,159041,69,386712
13763,0.001898,172.31.40.0-255,66,159107,69,386712
13764,0.001931,74.125.68.0-255,2184,161291,69,386712
13765,0.001933,172.31.40.0-255,66,161357,69,386712
13766,0.00204,74.125.68.0-255,1484,162841,69,386712
13767,0.002043,74.125.68.0-255,1484,164325,69,386712
13768,0.002045,172.31.40.0-255,66,164391,69,386712
13769,0.002058,74.125.68.0-255,1484,165875,69,386712
13770,0.002096,74.125.68.0-255,5738,171613,69,386712
13771,0.002099,172.31.40.0-255,66,171679,69,386712
13772,0.002103,74.125.68.0-255,2902,174581,69,386712
13773,0.002106,172.31.40.0-255,66,174647,69,386712
13774,0.002119,74.125.68.0-255,2902,177549,69,386712
13775,0.002121,172.31.40.0-255,66,177615,69,386712
13776,0.002137,74.125.68.0-255,5738,183353,69,386712
13777,0.002139,172.31.40.0-255,66,183419,69,386712
13778,0.002164,74.125.68.0-255,1484,184903,69,386712
13779,0.002175,172.31.40.0-255,66,184969,69,386712
13780,0.002178,74.125.68.0-255,766,185735,69,386712
13781,0.002315,74.125.68.0-255,1484,187219,69,386712
13782,0.002318,172.31.40.0-255,66,187285,69,386712
13783,0.002331,74.125.68.0-255,2902,190187,69,386712
13784,0.002334,172.31.40.0-255,66,190253,69,386712
13785,0.002354,74.125.68.0-255,1484,191737,69,386712
13786,0.002358,74.125.68.0-255,2902,194639,69,386712
13787,0.002361,172.31.40.0-255,66,194705,69,386712
13788,0.002377,74.125.68.0-255,5738,200443,69,386712
13789,0.00238,172.31.40.0-255,66,200509,69,386712
13790,0.002401,74.125.68.0-255,4320,204829,69,386712
13791,0.002403,172.31.40.0-255,66,204895,69,386712
13792,0.002427,74.125.68.0-255,7156,212051,69,386712
13793,0.00243,172.31.40.0-255,66,212117,69,386712
13794,0.002435,74.125.68.0-255,5738,217855,69,386712
13795,0.002437,172.31.40.0-255,66,217921,69,386712
13796,0.002469,74.125.68.0-255,6438,224359,69,386712
13797,0.002471,172.31.40.0-255,66,224425,69,386712
13798,0.002474,74.125.68.0-255,1484,225909,69,386712
13799,0.004886,74.125.68.0-255,1484,227393,69,386712
13800,0.004889,172.31.40.0-255,66,227459,69,386712
13801,0.004932,74.125.68.0-255,2902,230361,69,386712
13802,0.004946,172.31.40.0-255,66,230427,69,386712
13803,0.007319,74.125.68.0-255,2902,233329,69,386712
13804,0.007325,172.31.40.0-255,66,233395,69,386712
13805,0.007358,74.125.68.0-255,2902,236297,69,386712
13806,0.007362,172.31.40.0-255,66,236363,69,386712
13807,0.009754,74.125.68.0-255,2902,239265,69,386712
13808,0.00976,172.31.40.0-255,66,239331,69,386712
13809,0.00979,74.125.68.0-255,2902,242233,69,386712
13810,0.009793,172.31.40.0-255,66,242299,69,386712
13811,0.012177,74.125.68.0-255,2902,245201,69,386712
13812,0.012185,172.31.40.0-255,66,245267,69,386712
13813,0.012208,74.125.68.0-255,2902,248169,69,386712
13814,0.01221,172.31.40.0-255,66,248235,69,386712
13815,0.014617,74.125.68.0-255,5738,253973,69,386712
13816,0.014624,172.31.40.0-255,66,254039,69,386712
13817,0.017055,74.125.68.0-255,5738,259777,69,386712
13818,0.017065,172.31.40.0-255,66,259843,69,386712
13819,0.019496,74.125.68.0-255,5738,265581,69,386712
13820,0.019504,172.31.40.0-255,66,265647,69,386712
13821,0.021935,74.125.68.0-255,5738,271385,69,386712
13822,0.021943,172.31.40.0-255,66,271451,69,386712
13823,0.024375,74.125.68.0-255,5738,277189,69,386712
13824,0.024382,172.31.40.0-255,66,277255,69,386712
13825,0.026806,74.125.68.0-255,5738,282993,69,386712
13826,0.026814,172.31.40.0-255,66,283059,69,386712
13827,0.029233,74.125.68.0-255,5738,288797,69,386712
13828,0.02924,172.31.40.0-255,66,288863,69,386712
13829,0.031661,74.125.68.0-255,5738,294601,69,386712
13830,0.031669,172.31.40.0-255,66,294667,69,386712
13831,0.034098,74.125.68.0-255,5738,300405,69,386712
13832,0.034106,172.31.40.0-255,66,300471,69,386712
13833,0.036542,74.125.68.0-255,5738,306209,69,386712
13834,0.03655,172.31.40.0-255,66,306275,69,386712
13835,0.038982,74.125.68.0-255,5738,312013,69,386712
13836,0.038989,172.31.40.0-255,66,312079,69,386712
13837,0.03996,172.31.40.0-255,172,312251,69,386712
13838,0.040006,172.31.40.0-255,1114,313365,69,386712
13839,0.040072,172.31.40.0-255,1514,314879,69,386712
13840,0.040074,172.31.40.0-255,1514,316393,69,386712
13841,0.040075,172.31.40.0-255,1514,317907,69,386712
13842,0.040076,172.31.40.0-255,1514,319421,69,386712
13843,0.040105,172.31.40.0-255,1501,320922,69,386712
13844,0.041428,74.125.68.0-255,5738,326660,69,386712
13845,0.04144,172.31.40.0-255,66,326726,69,386712
13846,0.041603,104.244.42.0-255,66,326792,69,386712
13847,0.04165,104.244.42.0-255,66,326858,69,386712
13848,0.041802,104.244.42.0-255,66,326924,69,386712
13849,0.043869,74.125.68.0-255,5738,332662,69,386712
13850,0.043876,172.31.40.0-255,66,332728,69,386712
13851,0.046303,74.125.68.0-255,4320,337048,69,386712
13852,0.046311,172.31.40.0-255,66,337114,69,386712
13853,0.046333,74.125.68.0-255,1484,338598,69,386712
13854,0.048785,74.125.68.0-255,4320,342918,69,386712
13855,0.048791,172.31.40.0-255,66,342984,69,386712
13856,0.051234,74.125.68.0-255,5738,348722,69,386712
13857,0.05124,172.31.40.0-255,66,348788,69,386712
13858,0.053656,74.125.68.0-255,5738,354526,69,386712
13859,0.053662,172.31.40.0-255,66,354592,69,386712
13860,0.056097,74.125.68.0-255,5738,360330,69,386712
13861,0.056104,172.31.40.0-255,66,360396,69,386712
13862,0.058546,74.125.68.0-255,4320,364716,69,386712
13863,0.058552,172.31.40.0-255,66,364782,69,386712
13864,0.058572,74.125.68.0-255,1484,366266,69,386712
13865,0.060965,74.125.68.0-255,4320,370586,69,386712
13866,0.060972,172.31.40.0-255,66,370652,69,386712
13867,0.063396,74.125.68.0-255,5738,376390,69,386712
13868,0.063404,172.31.40.0-255,66,376456,69,386712
13869,0.065831,74.125.68.0-255,4320,380776,69,386712
13870,0.065838,172.31.40.0-255,66,380842,69,386712
13871,0.065853,74.125.68.0-255,1484,382326,69,386712
13872,0.068263,74.125.68.0-255,4320,386646,69,386712
13873,0.068271,172.31.40.0-255,66,386712,69,386712
13874,0.0,172.253.118.0-255,153,153,69,298906
13875,1.7e-05,172.31.40.0-255,66,219,69,298906
13876,2.4e-05,172.253.118.0-255,1484,1703,69,298906
13877,2.8e-05,172.31.40.0-255,66,1769,69,298906
13878,4.7e-05,172.253.118.0-255,2902,4671,69,298906
13879,5.1e-05,172.31.40.0-255,66,4737,69,298906
13880,5.4e-05,172.253.118.0-255,1484,6221,69,298906
13881,5.6e-05,172.31.40.0-255,66,6287,69,298906
13882,8.1e-05,172.253.118.0-255,4320,10607,69,298906
13883,8.3e-05,172.31.40.0-255,66,10673,69,298906
13884,0.000113,172.253.118.0-255,2902,13575,69,298906
13885,0.000115,172.31.40.0-255,66,13641,69,298906
13886,0.000131,172.253.118.0-255,675,14316,69,298906
13887,0.000133,172.31.40.0-255,66,14382,69,298906
13888,0.000278,172.253.118.0-255,1484,15866,69,298906
13889,0.000282,172.31.40.0-255,66,15932,69,298906
13890,0.000301,172.253.118.0-255,2902,18834,69,298906
13891,0.000303,172.31.40.0-255,66,18900,69,298906
13892,0.000308,172.253.118.0-255,4320,23220,69,298906
13893,0.000311,172.31.40.0-255,66,23286,69,298906
13894,0.000331,172.253.118.0-255,1484,24770,69,298906
13895,0.000334,172.31.40.0-255,66,24836,69,298906
13896,0.000372,172.31.40.0-255,66,24902,69,298906
13897,0.000391,172.253.118.0-255,1125,26027,69,298906
13898,0.000394,172.31.40.0-255,66,26093,69,298906
13899,0.000405,172.31.40.0-255,66,26159,69,298906
13900,0.00044,172.31.40.0-255,66,26225,69,298906
13901,0.00047,172.253.118.0-255,2902,29127,69,298906
13902,0.000473,172.31.40.0-255,66,29193,69,298906
13903,0.000502,172.31.40.0-255,66,29259,69,298906
13904,0.000504,172.253.118.0-255,646,29905,69,298906
13905,0.000638,172.253.118.0-255,1484,31389,69,298906
13906,0.000642,172.31.40.0-255,66,31455,69,298906
13907,0.000672,172.253.118.0-255,2902,34357,69,298906
13908,0.000675,172.31.40.0-255,66,34423,69,298906
13909,0.000678,172.253.118.0-255,1484,35907,69,298906
13910,0.000696,172.253.118.0-255,4320,40227,69,298906
13911,0.000698,172.31.40.0-255,66,40293,69,298906
13912,0.000719,172.253.118.0-255,5738,46031,69,298906
13913,0.000721,172.31.40.0-255,66,46097,69,298906
13914,0.00074,172.253.118.0-255,2902,48999,69,298906
13915,0.000742,172.31.40.0-255,66,49065,69,298906
13916,0.000767,172.253.118.0-255,4320,53385,69,298906
13917,0.00077,172.31.40.0-255,66,53451,69,298906
13918,0.000778,172.253.118.0-255,7156,60607,69,298906
13919,0.00078,172.31.40.0-255,66,60673,69,298906
13920,0.000797,172.253.118.0-255,2902,63575,69,298906
13921,0.000799,172.31.40.0-255,66,63641,69,298906
13922,0.000802,172.253.118.0-255,766,64407,69,298906
13923,0.000965,172.253.118.0-255,1484,65891,69,298906
13924,0.000969,172.31.40.0-255,66,65957,69,298906
13925,0.000975,172.253.118.0-255,2902,68859,69,298906
13926,0.000977,172.31.40.0-255,66,68925,69,298906
13927,0.001001,172.253.118.0-255,5738,74663,69,298906
13928,0.001003,172.31.40.0-255,66,74729,69,298906
13929,0.00102,172.253.118.0-255,1484,76213,69,298906
13930,0.001045,172.31.40.0-255,66,76279,69,298906
13931,0.001112,172.31.40.0-255,66,76345,69,298906
13932,0.001772,172.253.118.0-255,1484,77829,69,298906
13933,0.001781,172.253.118.0-255,2902,80731,69,298906
13934,0.001785,172.31.40.0-255,66,80797,69,298906
13935,0.00181,172.253.118.0-255,5738,86535,69,298906
13936,0.001812,172.31.40.0-255,66,86601,69,298906
13937,0.001826,172.253.118.0-255,2902,89503,69,298906
13938,0.001828,172.31.40.0-255,66,89569,69,298906
13939,0.001862,172.31.40.0-255,66,89635,69,298906
13940,0.00187,172.253.118.0-255,7156,96791,69,298906
13941,0.001872,172.31.40.0-255,66,96857,69,298906
13942,0.001888,172.253.118.0-255,5020,101877,69,298906
13943,0.00189,172.31.40.0-255,66,101943,69,298906
13944,0.001975,172.253.118.0-255,1484,103427,69,298906
13945,0.001981,172.253.118.0-255,2902,106329,69,298906
13946,0.001984,172.31.40.0-255,66,106395,69,298906
13947,0.002005,172.253.118.0-255,5738,112133,69,298906
13948,0.002007,172.31.40.0-255,66,112199,69,298906
13949,0.002037,172.253.118.0-255,2902,115101,69,298906
13950,0.00204,172.31.40.0-255,66,115167,69,298906
13951,0.002067,172.31.40.0-255,66,115233,69,298906
13952,0.002087,172.253.118.0-255,5738,120971,69,298906
13953,0.002089,172.31.40.0-255,66,121037,69,298906
13954,0.002109,172.253.118.0-255,5020,126057,69,298906
13955,0.002111,172.31.40.0-255,66,126123,69,298906
13956,0.002198,172.253.118.0-255,1484,127607,69,298906
13957,0.002229,172.253.118.0-255,2902,130509,69,298906
13958,0.002232,172.31.40.0-255,66,130575,69,298906
13959,0.002241,172.253.118.0-255,5738,136313,69,298906
13960,0.002243,172.31.40.0-255,66,136379,69,298906
13961,0.002275,172.31.40.0-255,66,136445,69,298906
13962,0.002307,172.31.40.0-255,66,136511,69,298906
13963,0.002329,172.253.118.0-255,1484,137995,69,298906
13964,0.002346,172.253.118.0-255,766,138761,69,298906
13965,0.002349,172.31.40.0-255,66,138827,69,298906
13966,0.004807,172.253.118.0-255,2902,141729,69,298906
13967,0.004816,172.31.40.0-255,66,141795,69,298906
13968,0.004845,172.253.118.0-255,2902,144697,69,298906
13969,0.004847,172.31.40.0-255,66,144763,69,298906
13970,0.007312,172.253.118.0-255,5738,150501,69,298906
13971,0.007318,172.31.40.0-255,66,150567,69,298906
13972,0.009823,172.253.118.0-255,5738,156305,69,298906
13973,0.00983,172.31.40.0-255,66,156371,69,298906
13974,0.012307,172.253.118.0-255,5738,162109,69,298906
13975,0.012318,172.31.40.0-255,66,162175,69,298906
13976,0.014812,172.253.118.0-255,5738,167913,69,298906
13977,0.01482,172.31.40.0-255,66,167979,69,298906
13978,0.017315,172.253.118.0-255,5738,173717,69,298906
13979,0.017324,172.31.40.0-255,66,173783,69,298906
13980,0.019816,172.253.118.0-255,5738,179521,69,298906
13981,0.019826,172.31.40.0-255,66,179587,69,298906
13982,0.022316,172.253.118.0-255,5738,185325,69,298906
13983,0.022324,172.31.40.0-255,66,185391,69,298906
13984,0.024821,172.253.118.0-255,5738,191129,69,298906
13985,0.024828,172.31.40.0-255,66,191195,69,298906
13986,0.02733,172.253.118.0-255,5738,196933,69,298906
13987,0.027337,172.31.40.0-255,66,196999,69,298906
13988,0.029831,172.253.118.0-255,5738,202737,69,298906
13989,0.029838,172.31.40.0-255,66,202803,69,298906
13990,0.032342,172.253.118.0-255,5738,208541,69,298906
13991,0.03235,172.31.40.0-255,66,208607,69,298906
13992,0.034337,172.31.40.0-255,172,208779,69,298906
13993,0.034366,172.31.40.0-255,1112,209891,69,298906
13994,0.034432,172.31.40.0-255,1514,211405,69,298906
13995,0.034434,172.31.40.0-255,1514,212919,69,298906
13996,0.034435,172.31.40.0-255,1514,214433,69,298906
13997,0.034437,172.31.40.0-255,1514,215947,69,298906
13998,0.034465,172.31.40.0-255,1505,217452,69,298906
13999,0.034853,172.253.118.0-255,5738,223190,69,298906
14000,0.034859,172.31.40.0-255,66,223256,69,298906
14001,0.035997,104.244.42.0-255,66,223322,69,298906
14002,0.03605,104.244.42.0-255,66,223388,69,298906
14003,0.036209,104.244.42.0-255,66,223454,69,298906
14004,0.037384,172.253.118.0-255,5738,229192,69,298906
14005,0.03739,172.31.40.0-255,66,229258,69,298906
14006,0.039893,172.253.118.0-255,5738,234996,69,298906
14007,0.039901,172.31.40.0-255,66,235062,69,298906
14008,0.042404,172.253.118.0-255,5738,240800,69,298906
14009,0.042414,172.31.40.0-255,66,240866,69,298906
14010,0.044917,172.253.118.0-255,5738,246604,69,298906
14011,0.044922,172.31.40.0-255,66,246670,69,298906
14012,0.047446,172.253.118.0-255,5738,252408,69,298906
14013,0.047451,172.31.40.0-255,66,252474,69,298906
14014,0.049965,172.253.118.0-255,5738,258212,69,298906
14015,0.049971,172.31.40.0-255,66,258278,69,298906
14016,0.052475,172.253.118.0-255,5738,264016,69,298906
14017,0.052481,172.31.40.0-255,66,264082,69,298906
14018,0.054971,172.253.118.0-255,5738,269820,69,298906
14019,0.054977,172.31.40.0-255,66,269886,69,298906
14020,0.05748,172.253.118.0-255,5738,275624,69,298906
14021,0.057485,172.31.40.0-255,66,275690,69,298906
14022,0.059989,172.253.118.0-255,5738,281428,69,298906
14023,0.059996,172.31.40.0-255,66,281494,69,298906
14024,0.0625,172.253.118.0-255,5738,287232,69,298906
14025,0.062505,172.31.40.0-255,66,287298,69,298906
14026,0.065003,172.253.118.0-255,5738,293036,69,298906
14027,0.065008,172.31.40.0-255,66,293102,69,298906
14028,0.067498,172.253.118.0-255,5738,298840,69,298906
14029,0.067504,172.31.40.0-255,66,298906,69,298906
14030,0.0,74.125.130.0-255,296,296,69,363304
14031,2.1e-05,172.31.40.0-255,66,362,69,363304
14032,2.8e-05,74.125.130.0-255,1484,1846,69,363304
14033,3.2e-05,172.31.40.0-255,66,1912,69,363304
14034,3.9e-05,74.125.130.0-255,2902,4814,69,363304
14035,4.3e-05,172.31.40.0-255,66,4880,69,363304
14036,5e-05,74.125.130.0-255,5738,10618,69,363304
14037,5.4e-05,172.31.40.0-255,66,10684,69,363304
14038,6e-05,74.125.130.0-255,4704,15388,69,363304
14039,6.3e-05,172.31.40.0-255,66,15454,69,363304
14040,8.8e-05,74.125.130.0-255,4320,19774,69,363304
14041,9.1e-05,172.31.40.0-255,66,19840,69,363304
14042,0.000115,74.125.130.0-255,1484,21324,69,363304
14043,0.000118,172.31.40.0-255,66,21390,69,363304
14044,0.000143,172.31.40.0-255,66,21456,69,363304
14045,0.000229,74.125.130.0-255,1484,22940,69,363304
14046,0.000233,172.31.40.0-255,66,23006,69,363304
14047,0.000237,74.125.130.0-255,1484,24490,69,363304
14048,0.00024,172.31.40.0-255,66,24556,69,363304
14049,0.000251,74.125.130.0-255,1484,26040,69,363304
14050,0.000254,172.31.40.0-255,66,26106,69,363304
14051,0.000257,74.125.130.0-255,1484,27590,69,363304
14052,0.000259,172.31.40.0-255,66,27656,69,363304
14053,0.000264,74.125.130.0-255,2902,30558,69,363304
14054,0.000267,172.31.40.0-255,66,30624,69,363304
14055,0.000294,74.125.130.0-255,5738,36362,69,363304
14056,0.000296,172.31.40.0-255,66,36428,69,363304
14057,0.000324,172.31.40.0-255,66,36494,69,363304
14058,0.00035,172.31.40.0-255,66,36560,69,363304
14059,0.000372,74.125.130.0-255,2833,39393,69,363304
14060,0.000375,172.31.40.0-255,66,39459,69,363304
14061,0.000378,74.125.130.0-255,98,39557,69,363304
14062,0.000527,74.125.130.0-255,1484,41041,69,363304
14063,0.000532,172.31.40.0-255,66,41107,69,363304
14064,0.000538,74.125.130.0-255,2902,44009,69,363304
14065,0.00054,172.31.40.0-255,66,44075,69,363304
14066,0.000552,74.125.130.0-255,1484,45559,69,363304
14067,0.000567,74.125.130.0-255,4320,49879,69,363304
14068,0.00057,172.31.40.0-255,66,49945,69,363304
14069,0.000573,74.125.130.0-255,1484,51429,69,363304
14070,0.000587,74.125.130.0-255,2902,54331,69,363304
14071,0.00059,172.31.40.0-255,66,54397,69,363304
14072,0.00061,74.125.130.0-255,2543,56940,69,363304
14073,0.000612,172.31.40.0-255,66,57006,69,363304
14074,0.000624,172.31.40.0-255,66,57072,69,363304
14075,0.00066,74.125.130.0-255,2902,59974,69,363304
14076,0.000664,172.31.40.0-255,66,60040,69,363304
14077,0.000681,74.125.130.0-255,5379,65419,69,363304
14078,0.000684,172.31.40.0-255,66,65485,69,363304
14079,0.000732,74.125.130.0-255,1484,66969,69,363304
14080,0.00075,74.125.130.0-255,1484,68453,69,363304
14081,0.000755,172.31.40.0-255,66,68519,69,363304
14082,0.000763,74.125.130.0-255,1484,70003,69,363304
14083,0.000777,74.125.130.0-255,1484,71487,69,363304
14084,0.00078,172.31.40.0-255,66,71553,69,363304
14085,0.000808,74.125.130.0-255,4320,75873,69,363304
14086,0.000811,172.31.40.0-255,66,75939,69,363304
14087,0.000815,74.125.130.0-255,2902,78841,69,363304
14088,0.000817,172.31.40.0-255,66,78907,69,363304
14089,0.000825,74.125.130.0-255,7156,86063,69,363304
14090,0.000827,172.31.40.0-255,66,86129,69,363304
14091,0.000852,74.125.130.0-255,2902,89031,69,363304
14092,0.000856,172.31.40.0-255,66,89097,69,363304
14093,0.000867,172.31.40.0-255,66,89163,69,363304
14094,0.000893,74.125.130.0-255,2481,91644,69,363304
14095,0.000896,172.31.40.0-255,66,91710,69,363304
14096,0.000977,74.125.130.0-255,1484,93194,69,363304
14097,0.000996,74.125.130.0-255,2902,96096,69,363304
14098,0.001007,172.31.40.0-255,66,96162,69,363304
14099,0.001013,74.125.130.0-255,4320,100482,69,363304
14100,0.001016,172.31.40.0-255,66,100548,69,363304
14101,0.001038,74.125.130.0-255,1484,102032,69,363304
14102,0.001048,74.125.130.0-255,7156,109188,69,363304
14103,0.001051,172.31.40.0-255,66,109254,69,363304
14104,0.001069,74.125.130.0-255,5738,114992,69,363304
14105,0.001072,172.31.40.0-255,66,115058,69,363304
14106,0.0011,74.125.130.0-255,5738,120796,69,363304
14107,0.001104,172.31.40.0-255,66,120862,69,363304
14108,0.001118,74.125.130.0-255,5020,125882,69,363304
14109,0.001121,172.31.40.0-255,66,125948,69,363304
14110,0.001238,74.125.130.0-255,1484,127432,69,363304
14111,0.001256,74.125.130.0-255,2902,130334,69,363304
14112,0.001259,172.31.40.0-255,66,130400,69,363304
14113,0.001283,74.125.130.0-255,4320,134720,69,363304
14114,0.001286,172.31.40.0-255,66,134786,69,363304
14115,0.001291,74.125.130.0-255,4320,139106,69,363304
14116,0.001294,172.31.40.0-255,66,139172,69,363304
14117,0.001315,74.125.130.0-255,4320,143492,69,363304
14118,0.001318,172.31.40.0-255,66,143558,69,363304
14119,0.001325,74.125.130.0-255,5738,149296,69,363304
14120,0.001328,172.31.40.0-255,66,149362,69,363304
14121,0.001334,74.125.130.0-255,5738,155100,69,363304
14122,0.001337,172.31.40.0-255,66,155166,69,363304
14123,0.001359,74.125.130.0-255,1484,156650,69,363304
14124,0.001365,74.125.130.0-255,3602,160252,69,363304
14125,0.001367,172.31.40.0-255,66,160318,69,363304
14126,0.001418,74.125.130.0-255,1484,161802,69,363304
14127,0.001439,74.125.130.0-255,2902,164704,69,363304
14128,0.001442,172.31.40.0-255,66,164770,69,363304
14129,0.001445,74.125.130.0-255,1484,166254,69,363304
14130,0.00146,74.125.130.0-255,2902,169156,69,363304
14131,0.001463,172.31.40.0-255,66,169222,69,363304
14132,0.00148,74.125.130.0-255,1484,170706,69,363304
14133,0.001485,74.125.130.0-255,2902,173608,69,363304
14134,0.001488,172.31.40.0-255,66,173674,69,363304
14135,0.001493,74.125.130.0-255,4320,177994,69,363304
14136,0.001495,172.31.40.0-255,66,178060,69,363304
14137,0.001498,74.125.130.0-255,1484,179544,69,363304
14138,0.001532,74.125.130.0-255,7156,186700,69,363304
14139,0.001536,172.31.40.0-255,66,186766,69,363304
14140,0.001542,74.125.130.0-255,5738,192504,69,363304
14141,0.001544,172.31.40.0-255,66,192570,69,363304
14142,0.001566,74.125.130.0-255,2184,194754,69,363304
14143,0.001568,172.31.40.0-255,66,194820,69,363304
14144,0.001671,74.125.130.0-255,1484,196304,69,363304
14145,0.001696,74.125.130.0-255,2902,199206,69,363304
14146,0.0017,172.31.40.0-255,66,199272,69,363304
14147,0.001707,74.125.130.0-255,5738,205010,69,363304
14148,0.001709,172.31.40.0-255,66,205076,69,363304
14149,0.001711,74.125.130.0-255,1484,206560,69,363304
14150,0.001745,74.125.130.0-255,5738,212298,69,363304
14151,0.001749,172.31.40.0-255,66,212364,69,363304
14152,0.00176,172.31.40.0-255,66,212430,69,363304
14153,0.0018,172.31.40.0-255,66,212496,69,363304
14154,0.001963,74.125.130.0-255,1484,213980,69,363304
14155,0.001969,74.125.130.0-255,2902,216882,69,363304
14156,0.001972,172.31.40.0-255,66,216948,69,363304
14157,0.001995,74.125.130.0-255,4320,221268,69,363304
14158,0.001998,172.31.40.0-255,66,221334,69,363304
14159,0.002002,74.125.130.0-255,2902,224236,69,363304
14160,0.002004,172.31.40.0-255,66,224302,69,363304
14161,0.002019,74.125.130.0-255,2902,227204,69,363304
14162,0.002023,172.31.40.0-255,66,227270,69,363304
14163,0.002033,74.125.130.0-255,2902,230172,69,363304
14164,0.002035,172.31.40.0-255,66,230238,69,363304
14165,0.00204,74.125.130.0-255,2902,233140,69,363304
14166,0.002042,172.31.40.0-255,66,233206,69,363304
14167,0.002077,172.31.40.0-255,66,233272,69,363304
14168,0.00209,74.125.130.0-255,1484,234756,69,363304
14169,0.002093,74.125.130.0-255,766,235522,69,363304
14170,0.002096,172.31.40.0-255,66,235588,69,363304
14171,0.00415,74.125.130.0-255,5738,241326,69,363304
14172,0.004157,172.31.40.0-255,66,241392,69,363304
14173,0.006219,74.125.130.0-255,5738,247130,69,363304
14174,0.006227,172.31.40.0-255,66,247196,69,363304
14175,0.008292,74.125.130.0-255,4320,251516,69,363304
14176,0.008297,172.31.40.0-255,66,251582,69,363304
14177,0.008315,74.125.130.0-255,1484,253066,69,363304
14178,0.010346,74.125.130.0-255,4320,257386,69,363304
14179,0.010352,172.31.40.0-255,66,257452,69,363304
14180,0.012407,74.125.130.0-255,5738,263190,69,363304
14181,0.012413,172.31.40.0-255,66,263256,69,363304
14182,0.014476,74.125.130.0-255,5738,268994,69,363304
14183,0.014488,172.31.40.0-255,66,269060,69,363304
14184,0.016545,74.125.130.0-255,5738,274798,69,363304
14185,0.016558,172.31.40.0-255,66,274864,69,363304
14186,0.018619,74.125.130.0-255,4320,279184,69,363304
14187,0.018626,172.31.40.0-255,66,279250,69,363304
14188,0.018641,74.125.130.0-255,1484,280734,69,363304
14189,0.020689,74.125.130.0-255,4320,285054,69,363304
14190,0.020696,172.31.40.0-255,66,285120,69,363304
14191,0.022771,74.125.130.0-255,5738,290858,69,363304
14192,0.022777,172.31.40.0-255,66,290924,69,363304
14193,0.024843,74.125.130.0-255,5738,296662,69,363304
14194,0.024855,172.31.40.0-255,66,296728,69,363304
14195,0.026912,74.125.130.0-255,5738,302466,69,363304
14196,0.02692,172.31.40.0-255,66,302532,69,363304
14197,0.028987,74.125.130.0-255,5738,308270,69,363304
14198,0.028997,172.31.40.0-255,66,308336,69,363304
14199,0.031057,74.125.130.0-255,5738,314074,69,363304
14200,0.031064,172.31.40.0-255,66,314140,69,363304
14201,0.033168,74.125.130.0-255,5738,319878,69,363304
14202,0.033176,172.31.40.0-255,66,319944,69,363304
14203,0.035244,74.125.130.0-255,5738,325682,69,363304
14204,0.035253,172.31.40.0-255,66,325748,69,363304
14205,0.037318,74.125.130.0-255,5738,331486,69,363304
14206,0.03733,172.31.40.0-255,66,331552,69,363304
14207,0.039393,74.125.130.0-255,4320,335872,69,363304
14208,0.039399,172.31.40.0-255,66,335938,69,363304
14209,0.039427,74.125.130.0-255,1484,337422,69,363304
14210,0.041484,74.125.130.0-255,4320,341742,69,363304
14211,0.041503,172.31.40.0-255,66,341808,69,363304
14212,0.043568,74.125.130.0-255,5738,347546,69,363304
14213,0.043583,172.31.40.0-255,66,347612,69,363304
14214,0.044594,172.31.40.0-255,172,347784,69,363304
14215,0.044621,172.31.40.0-255,1114,348898,69,363304
14216,0.044685,172.31.40.0-255,1514,350412,69,363304
14217,0.044687,172.31.40.0-255,1514,351926,69,363304
14218,0.044688,172.31.40.0-255,1514,353440,69,363304
14219,0.044689,172.31.40.0-255,1514,354954,69,363304
14220,0.044716,172.31.40.0-255,1501,356455,69,363304
14221,0.045639,74.125.130.0-255,4320,360775,69,363304
14222,0.045645,172.31.40.0-255,66,360841,69,363304
14223,0.045661,74.125.130.0-255,1484,362325,69,363304
14224,0.046123,104.244.42.0-255,66,362391,69,363304
14225,0.046176,104.244.42.0-255,66,362457,69,363304
14226,0.046269,104.244.42.0-255,66,362523,69,363304
14227,0.047666,74.125.130.0-255,544,363067,69,363304
14228,0.047673,172.31.40.0-255,66,363133,69,363304
14229,0.047844,172.31.40.0-255,105,363238,69,363304
14230,0.049868,74.125.130.0-255,66,363304,69,363304
14231,0.0,74.125.24.0-255,156,156,69,284013
14232,1.4e-05,172.31.40.0-255,66,222,69,284013
14233,4.3e-05,74.125.24.0-255,1484,1706,69,284013
14234,4.7e-05,172.31.40.0-255,66,1772,69,284013
14235,5.2e-05,74.125.24.0-255,2902,4674,69,284013
14236,5.4e-05,172.31.40.0-255,66,4740,69,284013
14237,6.4e-05,74.125.24.0-255,7156,11896,69,284013
14238,6.7e-05,172.31.40.0-255,66,11962,69,284013
14239,7e-05,74.125.24.0-255,2103,14065,69,284013
14240,7.3e-05,172.31.40.0-255,66,14131,69,284013
14241,0.000104,74.125.24.0-255,5738,19869,69,284013
14242,0.000107,172.31.40.0-255,66,19935,69,284013
14243,0.000126,74.125.24.0-255,5738,25673,69,284013
14244,0.000128,172.31.40.0-255,66,25739,69,284013
14245,0.000131,74.125.24.0-255,1484,27223,69,284013
14246,0.000132,172.31.40.0-255,66,27289,69,284013
14247,0.000152,74.125.24.0-255,3961,31250,69,284013
14248,0.000156,172.31.40.0-255,66,31316,69,284013
14249,0.000325,74.125.24.0-255,1484,32800,69,284013
14250,0.00033,172.31.40.0-255,66,32866,69,284013
14251,0.000335,74.125.24.0-255,2902,35768,69,284013
14252,0.000337,172.31.40.0-255,66,35834,69,284013
14253,0.00034,74.125.24.0-255,1484,37318,69,284013
14254,0.000342,172.31.40.0-255,66,37384,69,284013
14255,0.000359,74.125.24.0-255,4320,41704,69,284013
14256,0.000361,172.31.40.0-255,66,41770,69,284013
14257,0.000386,74.125.24.0-255,5738,47508,69,284013
14258,0.000389,172.31.40.0-255,66,47574,69,284013
14259,0.000413,74.125.24.0-255,6797,54371,69,284013
14260,0.000416,172.31.40.0-255,66,54437,69,284013
14261,0.000433,74.125.24.0-255,1484,55921,69,284013
14262,0.000436,172.31.40.0-255,66,55987,69,284013
14263,0.000462,172.31.40.0-255,66,56053,69,284013
14264,0.001136,74.125.24.0-255,646,56699,69,284013
14265,0.001332,74.125.24.0-255,1484,58183,69,284013
14266,0.001338,172.31.40.0-255,66,58249,69,284013
14267,0.001356,74.125.24.0-255,1484,59733,69,284013
14268,0.001371,74.125.24.0-255,1484,61217,69,284013
14269,0.001373,172.31.40.0-255,66,61283,69,284013
14270,0.00138,74.125.24.0-255,5738,67021,69,284013
14271,0.001381,172.31.40.0-255,66,67087,69,284013
14272,0.001388,74.125.24.0-255,7156,74243,69,284013
14273,0.00139,172.31.40.0-255,66,74309,69,284013
14274,0.001406,74.125.24.0-255,5738,80047,69,284013
14275,0.001408,172.31.40.0-255,66,80113,69,284013
14276,0.001413,74.125.24.0-255,4320,84433,69,284013
14277,0.001415,172.31.40.0-255,66,84499,69,284013
14278,0.00144,74.125.24.0-255,4320,88819,69,284013
14279,0.001442,172.31.40.0-255,66,88885,69,284013
14280,0.001446,74.125.24.0-255,2184,91069,69,284013
14281,0.001448,172.31.40.0-255,66,91135,69,284013
14282,0.002559,74.125.24.0-255,1484,92619,69,284013
14283,0.002565,74.125.24.0-255,2902,95521,69,284013
14284,0.002568,172.31.40.0-255,66,95587,69,284013
14285,0.002572,74.125.24.0-255,1484,97071,69,284013
14286,0.002587,74.125.24.0-255,2902,99973,69,284013
14287,0.002589,172.31.40.0-255,66,100039,69,284013
14288,0.002612,74.125.24.0-255,1484,101523,69,284013
14289,0.002619,74.125.24.0-255,7156,108679,69,284013
14290,0.002621,172.31.40.0-255,66,108745,69,284013
14291,0.002624,74.125.24.0-255,1484,110229,69,284013
14292,0.002638,74.125.24.0-255,4320,114549,69,284013
14293,0.00264,172.31.40.0-255,66,114615,69,284013
14294,0.002656,74.125.24.0-255,5738,120353,69,284013
14295,0.002658,172.31.40.0-255,66,120419,69,284013
14296,0.002662,74.125.24.0-255,1484,121903,69,284013
14297,0.002685,74.125.24.0-255,3602,125505,69,284013
14298,0.002686,172.31.40.0-255,66,125571,69,284013
14299,0.0027,74.125.24.0-255,1484,127055,69,284013
14300,0.002703,74.125.24.0-255,1484,128539,69,284013
14301,0.002706,172.31.40.0-255,66,128605,69,284013
14302,0.002734,74.125.24.0-255,1484,130089,69,284013
14303,0.002741,74.125.24.0-255,5738,135827,69,284013
14304,0.002743,172.31.40.0-255,66,135893,69,284013
14305,0.002747,74.125.24.0-255,2902,138795,69,284013
14306,0.002749,172.31.40.0-255,66,138861,69,284013
14307,0.002785,172.31.40.0-255,66,138927,69,284013
14308,0.002796,172.31.40.0-255,66,138993,69,284013
14309,0.002819,74.125.24.0-255,766,139759,69,284013
14310,0.002841,74.125.24.0-255,1484,141243,69,284013
14311,0.002843,172.31.40.0-255,66,141309,69,284013
14312,0.002848,74.125.24.0-255,2902,144211,69,284013
14313,0.002851,172.31.40.0-255,66,144277,69,284013
14314,0.002868,74.125.24.0-255,1484,145761,69,284013
14315,0.002876,74.125.24.0-255,7156,152917,69,284013
14316,0.002879,172.31.40.0-255,66,152983,69,284013
14317,0.002884,74.125.24.0-255,4320,157303,69,284013
14318,0.002886,172.31.40.0-255,66,157369,69,284013
14319,0.002918,172.31.40.0-255,66,157435,69,284013
14320,0.00292,74.125.24.0-255,1484,158919,69,284013
14321,0.002945,74.125.24.0-255,6438,165357,69,284013
14322,0.002947,172.31.40.0-255,66,165423,69,284013
14323,0.003003,74.125.24.0-255,1484,166907,69,284013
14324,0.003018,74.125.24.0-255,2902,169809,69,284013
14325,0.00302,172.31.40.0-255,66,169875,69,284013
14326,0.003046,74.125.24.0-255,1484,171359,69,284013
14327,0.003062,74.125.24.0-255,4320,175679,69,284013
14328,0.003064,172.31.40.0-255,66,175745,69,284013
14329,0.003067,74.125.24.0-255,1484,177229,69,284013
14330,0.003086,74.125.24.0-255,4320,181549,69,284013
14331,0.003088,172.31.40.0-255,66,181615,69,284013
14332,0.003108,74.125.24.0-255,2902,184517,69,284013
14333,0.00311,172.31.40.0-255,66,184583,69,284013
14334,0.003142,172.31.40.0-255,66,184649,69,284013
14335,0.003165,74.125.24.0-255,6438,191087,69,284013
14336,0.003168,172.31.40.0-255,66,191153,69,284013
14337,0.003225,74.125.24.0-255,1484,192637,69,284013
14338,0.003245,74.125.24.0-255,2902,195539,69,284013
14339,0.003247,172.31.40.0-255,66,195605,69,284013
14340,0.003254,74.125.24.0-255,5738,201343,69,284013
14341,0.003257,172.31.40.0-255,66,201409,69,284013
14342,0.003259,74.125.24.0-255,1484,202893,69,284013
14343,0.003281,74.125.24.0-255,4320,207213,69,284013
14344,0.003284,172.31.40.0-255,66,207279,69,284013
14345,0.00334,74.125.24.0-255,2902,210181,69,284013
14346,0.003343,172.31.40.0-255,66,210247,69,284013
14347,0.003378,172.31.40.0-255,66,210313,69,284013
14348,0.003391,172.31.40.0-255,66,210379,69,284013
14349,0.003405,172.31.40.0-255,66,210445,69,284013
14350,0.00342,172.31.40.0-255,66,210511,69,284013
14351,0.003437,74.125.24.0-255,1484,211995,69,284013
14352,0.003441,74.125.24.0-255,1484,213479,69,284013
14353,0.003443,172.31.40.0-255,66,213545,69,284013
14354,0.00346,74.125.24.0-255,1484,215029,69,284013
14355,0.003466,74.125.24.0-255,4320,219349,69,284013
14356,0.003468,172.31.40.0-255,66,219415,69,284013
14357,0.003471,74.125.24.0-255,1484,220899,69,284013
14358,0.003488,74.125.24.0-255,4320,225219,69,284013
14359,0.003491,172.31.40.0-255,66,225285,69,284013
14360,0.00351,74.125.24.0-255,2902,228187,69,284013
14361,0.003513,172.31.40.0-255,66,228253,69,284013
14362,0.003515,74.125.24.0-255,1484,229737,69,284013
14363,0.003545,172.31.40.0-255,66,229803,69,284013
14364,0.003548,74.125.24.0-255,1484,231287,69,284013
14365,0.003553,74.125.24.0-255,3602,234889,69,284013
14366,0.003556,172.31.40.0-255,66,234955,69,284013
14367,0.003606,74.125.24.0-255,1484,236439,69,284013
14368,0.00361,74.125.24.0-255,1484,237923,69,284013
14369,0.003612,172.31.40.0-255,66,237989,69,284013
14370,0.00363,74.125.24.0-255,1484,239473,69,284013
14371,0.003635,74.125.24.0-255,2902,242375,69,284013
14372,0.003637,172.31.40.0-255,66,242441,69,284013
14373,0.003654,74.125.24.0-255,2902,245343,69,284013
14374,0.003656,172.31.40.0-255,66,245409,69,284013
14375,0.003663,74.125.24.0-255,4320,249729,69,284013
14376,0.003665,172.31.40.0-255,66,249795,69,284013
14377,0.003692,172.31.40.0-255,66,249861,69,284013
14378,0.003697,74.125.24.0-255,2902,252763,69,284013
14379,0.003699,172.31.40.0-255,66,252829,69,284013
14380,0.003722,74.125.24.0-255,4320,257149,69,284013
14381,0.003726,172.31.40.0-255,66,257215,69,284013
14382,0.003733,74.125.24.0-255,7156,264371,69,284013
14383,0.003735,172.31.40.0-255,66,264437,69,284013
14384,0.003771,172.31.40.0-255,66,264503,69,284013
14385,0.003782,172.31.40.0-255,66,264569,69,284013
14386,0.003821,172.31.40.0-255,66,264635,69,284013
14387,0.003839,74.125.24.0-255,2184,266819,69,284013
14388,0.003842,172.31.40.0-255,66,266885,69,284013
14389,0.003847,74.125.24.0-255,2902,269787,69,284013
14390,0.003849,172.31.40.0-255,66,269853,69,284013
14391,0.003876,74.125.24.0-255,4711,274564,69,284013
14392,0.003879,172.31.40.0-255,66,274630,69,284013
14393,0.003896,74.125.24.0-255,105,274735,69,284013
14394,0.006519,172.31.40.0-255,66,274801,69,284013
14395,0.006552,172.31.40.0-255,105,274906,69,284013
14396,0.008619,74.125.24.0-255,66,274972,69,284013
14397,0.038394,172.31.40.0-255,172,275144,69,284013
14398,0.038445,172.31.40.0-255,1114,276258,69,284013
14399,0.038511,172.31.40.0-255,1514,277772,69,284013
14400,0.038512,172.31.40.0-255,1514,279286,69,284013
14401,0.038514,172.31.40.0-255,1514,280800,69,284013
14402,0.038519,172.31.40.0-255,1514,282314,69,284013
14403,0.03852,172.31.40.0-255,1501,283815,69,284013
14404,0.040055,104.244.42.0-255,66,283881,69,284013
14405,0.040122,104.244.42.0-255,66,283947,69,284013
14406,0.040265,104.244.42.0-255,66,284013,69,284013
14407,0.0,172.217.194.0-255,150,150,69,243809
14408,1.7e-05,172.31.40.0-255,66,216,69,243809
14409,2.3e-05,172.217.194.0-255,1484,1700,69,243809
14410,2.8e-05,172.31.40.0-255,66,1766,69,243809
14411,5.7e-05,172.217.194.0-255,2902,4668,69,243809
14412,6.1e-05,172.31.40.0-255,66,4734,69,243809
14413,6.7e-05,172.217.194.0-255,4320,9054,69,243809
14414,7e-05,172.31.40.0-255,66,9120,69,243809
14415,9.7e-05,172.31.40.0-255,66,9186,69,243809
14416,0.000105,172.217.194.0-255,7156,16342,69,243809
14417,0.000108,172.31.40.0-255,66,16408,69,243809
14418,0.000152,172.217.194.0-255,4320,20728,69,243809
14419,0.000155,172.31.40.0-255,66,20794,69,243809
14420,0.000172,172.217.194.0-255,1125,21919,69,243809
14421,0.000175,172.31.40.0-255,66,21985,69,243809
14422,0.000204,172.217.194.0-255,1484,23469,69,243809
14423,0.000207,172.31.40.0-255,66,23535,69,243809
14424,0.000212,172.217.194.0-255,2902,26437,69,243809
14425,0.000214,172.31.40.0-255,66,26503,69,243809
14426,0.00022,172.217.194.0-255,4320,30823,69,243809
14427,0.000222,172.31.40.0-255,66,30889,69,243809
14428,0.000246,172.217.194.0-255,1484,32373,69,243809
14429,0.000248,172.31.40.0-255,66,32439,69,243809
14430,0.000262,172.31.40.0-255,66,32505,69,243809
14431,0.000268,172.217.194.0-255,5738,38243,69,243809
14432,0.000271,172.31.40.0-255,66,38309,69,243809
14433,0.000293,172.217.194.0-255,5738,44047,69,243809
14434,0.000296,172.31.40.0-255,66,44113,69,243809
14435,0.000299,172.217.194.0-255,1429,45542,69,243809
14436,0.000301,172.31.40.0-255,66,45608,69,243809
14437,0.000384,172.217.194.0-255,1484,47092,69,243809
14438,0.000389,172.217.194.0-255,2902,49994,69,243809
14439,0.000393,172.31.40.0-255,66,50060,69,243809
14440,0.000397,172.217.194.0-255,2902,52962,69,243809
14441,0.000399,172.31.40.0-255,66,53028,69,243809
14442,0.000417,172.217.194.0-255,2902,55930,69,243809
14443,0.00042,172.31.40.0-255,66,55996,69,243809
14444,0.000437,172.217.194.0-255,7156,63152,69,243809
14445,0.00044,172.31.40.0-255,66,63218,69,243809
14446,0.000461,172.217.194.0-255,6533,69751,69,243809
14447,0.000464,172.31.40.0-255,66,69817,69,243809
14448,0.000476,172.31.40.0-255,66,69883,69,243809
14449,0.00067,172.217.194.0-255,1484,71367,69,243809
14450,0.000677,172.217.194.0-255,2902,74269,69,243809
14451,0.000681,172.31.40.0-255,66,74335,69,243809
14452,0.000686,172.217.194.0-255,2902,77237,69,243809
14453,0.000689,172.31.40.0-255,66,77303,69,243809
14454,0.000705,172.217.194.0-255,2902,80205,69,243809
14455,0.000713,172.217.194.0-255,7156,87361,69,243809
14456,0.000732,172.217.194.0-255,5738,93099,69,243809
14457,0.000741,172.31.40.0-255,66,93165,69,243809
14458,0.000754,172.217.194.0-255,5738,98903,69,243809
14459,0.00077,172.217.194.0-255,5020,103923,69,243809
14460,0.000784,172.31.40.0-255,66,103989,69,243809
14461,0.000983,172.217.194.0-255,1484,105473,69,243809
14462,0.000989,172.217.194.0-255,2902,108375,69,243809
14463,0.000992,172.31.40.0-255,66,108441,69,243809
14464,0.000996,172.217.194.0-255,1484,109925,69,243809
14465,0.001018,172.217.194.0-255,4320,114245,69,243809
14466,0.001042,172.217.194.0-255,2902,117147,69,243809
14467,0.001045,172.31.40.0-255,66,117213,69,243809
14468,0.0011,172.31.40.0-255,66,117279,69,243809
14469,0.001119,172.217.194.0-255,1484,118763,69,243809
14470,0.001137,172.217.194.0-255,2902,121665,69,243809
14471,0.001142,172.217.194.0-255,2902,124567,69,243809
14472,0.001158,172.217.194.0-255,2902,127469,69,243809
14473,0.001161,172.217.194.0-255,1484,128953,69,243809
14474,0.001166,172.217.194.0-255,2902,131855,69,243809
14475,0.00118,172.217.194.0-255,5738,137593,69,243809
14476,0.001213,172.217.194.0-255,1484,139077,69,243809
14477,0.001232,172.217.194.0-255,7156,146233,69,243809
14478,0.001254,172.217.194.0-255,5020,151253,69,243809
14479,0.001269,172.217.194.0-255,5738,156991,69,243809
14480,0.001271,172.217.194.0-255,1484,158475,69,243809
14481,0.001285,172.217.194.0-255,5738,164213,69,243809
14482,0.001288,172.217.194.0-255,1484,165697,69,243809
14483,0.001332,172.217.194.0-255,6438,172135,69,243809
14484,0.001366,172.217.194.0-255,1484,173619,69,243809
14485,0.00137,172.217.194.0-255,1484,175103,69,243809
14486,0.001384,172.217.194.0-255,1484,176587,69,243809
14487,0.001391,172.217.194.0-255,5738,182325,69,243809
14488,0.001518,172.217.194.0-255,2902,185227,69,243809
14489,0.00154,172.217.194.0-255,1484,186711,69,243809
14490,0.001566,172.217.194.0-255,1484,188195,69,243809
14491,0.001602,172.217.194.0-255,1484,189679,69,243809
14492,0.001653,172.217.194.0-255,1484,191163,69,243809
14493,0.001692,172.217.194.0-255,1484,192647,69,243809
14494,0.001696,172.217.194.0-255,1484,194131,69,243809
14495,0.001708,172.217.194.0-255,1484,195615,69,243809
14496,0.001715,172.217.194.0-255,5738,201353,69,243809
14497,0.001722,172.217.194.0-255,5738,207091,69,243809
14498,0.001735,172.217.194.0-255,2902,209993,69,243809
14499,0.001796,172.217.194.0-255,6438,216431,69,243809
14500,0.001809,172.217.194.0-255,1484,217915,69,243809
14501,0.001846,172.217.194.0-255,7156,225071,69,243809
14502,0.001863,172.217.194.0-255,1484,226555,69,243809
14503,0.001885,172.217.194.0-255,2902,229457,69,243809
14504,0.001936,172.217.194.0-255,4734,234191,69,243809
14505,0.001939,172.217.194.0-255,105,234296,69,243809
14506,0.006337,172.31.40.0-255,66,234362,69,243809
14507,0.006723,172.31.40.0-255,101,234463,69,243809
14508,0.00902,172.217.194.0-255,66,234529,69,243809
14509,0.009301,172.31.40.0-255,105,234634,69,243809
14510,0.011612,172.217.194.0-255,66,234700,69,243809
14511,0.039781,172.31.40.0-255,172,234872,69,243809
14512,0.039816,172.31.40.0-255,1114,235986,69,243809
14513,0.039881,172.31.40.0-255,1514,237500,69,243809
14514,0.039883,172.31.40.0-255,1514,239014,69,243809
14515,0.039884,172.31.40.0-255,1514,240528,69,243809
14516,0.039886,172.31.40.0-255,1514,242042,69,243809
14517,0.039914,172.31.40.0-255,1503,243545,69,243809
14518,0.041325,104.244.42.0-255,66,243611,69,243809
14519,0.041335,104.244.42.0-255,66,243677,69,243809
14520,0.041459,104.244.42.0-255,66,243743,69,243809
14521,0.041464,104.244.42.0-255,66,243809,69,243809
14522,0.0,172.217.24.0-255,150,150,69,258436
14523,2e-05,172.31.40.0-255,66,216,69,258436
14524,2.6e-05,172.217.24.0-255,1484,1700,69,258436
14525,3.1e-05,172.31.40.0-255,66,1766,69,258436
14526,3.6e-05,172.217.24.0-255,2902,4668,69,258436
14527,4e-05,172.31.40.0-255,66,4734,69,258436
14528,6.6e-05,172.217.24.0-255,1484,6218,69,258436
14529,6.9e-05,172.31.40.0-255,66,6284,69,258436
14530,8.9e-05,172.217.24.0-255,2902,9186,69,258436
14531,9.2e-05,172.31.40.0-255,66,9252,69,258436
14532,9.5e-05,172.217.24.0-255,1484,10736,69,258436
14533,9.7e-05,172.31.40.0-255,66,10802,69,258436
14534,0.000125,172.31.40.0-255,66,10868,69,258436
14535,0.000149,172.217.24.0-255,2902,13770,69,258436
14536,0.000152,172.31.40.0-255,66,13836,69,258436
14537,0.000168,172.217.24.0-255,4320,18156,69,258436
14538,0.00017,172.31.40.0-255,66,18222,69,258436
14539,0.000188,172.217.24.0-255,2902,21124,69,258436
14540,0.00019,172.31.40.0-255,66,21190,69,258436
14541,0.000205,172.217.24.0-255,2543,23733,69,258436
14542,0.000207,172.31.40.0-255,66,23799,69,258436
14543,0.000301,172.217.24.0-255,1484,25283,69,258436
14544,0.000304,172.31.40.0-255,66,25349,69,258436
14545,0.000326,172.217.24.0-255,2902,28251,69,258436
14546,0.000328,172.31.40.0-255,66,28317,69,258436
14547,0.000334,172.217.24.0-255,5738,34055,69,258436
14548,0.000336,172.31.40.0-255,66,34121,69,258436
14549,0.000339,172.217.24.0-255,1484,35605,69,258436
14550,0.000341,172.31.40.0-255,66,35671,69,258436
14551,0.000365,172.217.24.0-255,4320,39991,69,258436
14552,0.000368,172.31.40.0-255,66,40057,69,258436
14553,0.000375,172.217.24.0-255,6797,46854,69,258436
14554,0.000577,172.31.40.0-255,66,46920,69,258436
14555,0.001275,172.217.24.0-255,118,47038,69,258436
14556,0.001376,172.217.24.0-255,1484,48522,69,258436
14557,0.001381,172.31.40.0-255,66,48588,69,258436
14558,0.001387,172.217.24.0-255,2902,51490,69,258436
14559,0.001391,172.217.24.0-255,2902,54392,69,258436
14560,0.001409,172.217.24.0-255,2902,57294,69,258436
14561,0.001414,172.217.24.0-255,4320,61614,69,258436
14562,0.001453,172.217.24.0-255,5379,66993,69,258436
14563,0.001478,172.217.24.0-255,5738,72731,69,258436
14564,0.001506,172.217.24.0-255,2902,75633,69,258436
14565,0.00152,172.217.24.0-255,5379,81012,69,258436
14566,0.008764,172.31.40.0-255,66,81078,69,258436
14567,0.010801,172.217.24.0-255,5738,86816,69,258436
14568,0.010809,172.31.40.0-255,66,86882,69,258436
14569,0.012864,172.217.24.0-255,5738,92620,69,258436
14570,0.012875,172.31.40.0-255,66,92686,69,258436
14571,0.014911,172.217.24.0-255,5738,98424,69,258436
14572,0.014919,172.31.40.0-255,66,98490,69,258436
14573,0.016957,172.217.24.0-255,5738,104228,69,258436
14574,0.016975,172.31.40.0-255,66,104294,69,258436
14575,0.019018,172.217.24.0-255,5738,110032,69,258436
14576,0.019034,172.31.40.0-255,66,110098,69,258436
14577,0.021072,172.217.24.0-255,5738,115836,69,258436
14578,0.021081,172.31.40.0-255,66,115902,69,258436
14579,0.02311,172.217.24.0-255,5738,121640,69,258436
14580,0.023118,172.31.40.0-255,66,121706,69,258436
14581,0.025146,172.217.24.0-255,5738,127444,69,258436
14582,0.025153,172.31.40.0-255,66,127510,69,258436
14583,0.027183,172.217.24.0-255,5738,133248,69,258436
14584,0.027189,172.31.40.0-255,66,133314,69,258436
14585,0.029232,172.217.24.0-255,5738,139052,69,258436
14586,0.029246,172.31.40.0-255,66,139118,69,258436
14587,0.031284,172.217.24.0-255,5738,144856,69,258436
14588,0.031293,172.31.40.0-255,66,144922,69,258436
14589,0.033342,172.217.24.0-255,5738,150660,69,258436
14590,0.033351,172.31.40.0-255,66,150726,69,258436
14591,0.035383,172.217.24.0-255,5738,156464,69,258436
14592,0.035392,172.31.40.0-255,66,156530,69,258436
14593,0.036288,172.31.40.0-255,172,156702,69,258436
14594,0.036318,172.31.40.0-255,1116,157818,69,258436
14595,0.0364,172.31.40.0-255,1514,159332,69,258436
14596,0.036402,172.31.40.0-255,1514,160846,69,258436
14597,0.036403,172.31.40.0-255,1514,162360,69,258436
14598,0.036408,172.31.40.0-255,1514,163874,69,258436
14599,0.036409,172.31.40.0-255,1500,165374,69,258436
14600,0.037424,172.217.24.0-255,5738,171112,69,258436
14601,0.037431,172.31.40.0-255,66,171178,69,258436
14602,0.037939,104.244.42.0-255,66,171244,69,258436
14603,0.037948,104.244.42.0-255,66,171310,69,258436
14604,0.038124,104.244.42.0-255,66,171376,69,258436
14605,0.039462,172.217.24.0-255,5738,177114,69,258436
14606,0.039469,172.31.40.0-255,66,177180,69,258436
14607,0.041503,172.217.24.0-255,5738,182918,69,258436
14608,0.041514,172.31.40.0-255,66,182984,69,258436
14609,0.043535,172.217.24.0-255,5738,188722,69,258436
14610,0.043542,172.31.40.0-255,66,188788,69,258436
14611,0.045575,172.217.24.0-255,5738,194526,69,258436
14612,0.045582,172.31.40.0-255,66,194592,69,258436
14613,0.047622,172.217.24.0-255,5738,200330,69,258436
14614,0.04763,172.31.40.0-255,66,200396,69,258436
14615,0.049662,172.217.24.0-255,5738,206134,69,258436
14616,0.049668,172.31.40.0-255,66,206200,69,258436
14617,0.051707,172.217.24.0-255,5738,211938,69,258436
14618,0.051716,172.31.40.0-255,66,212004,69,258436
14619,0.053744,172.217.24.0-255,5738,217742,69,258436
14620,0.053751,172.31.40.0-255,66,217808,69,258436
14621,0.055792,172.217.24.0-255,5738,223546,69,258436
14622,0.055799,172.31.40.0-255,66,223612,69,258436
14623,0.057835,172.217.24.0-255,5738,229350,69,258436
14624,0.057843,172.31.40.0-255,66,229416,69,258436
14625,0.059873,172.217.24.0-255,5738,235154,69,258436
14626,0.059879,172.31.40.0-255,66,235220,69,258436
14627,0.061906,172.217.24.0-255,5738,240958,69,258436
14628,0.061913,172.31.40.0-255,66,241024,69,258436
14629,0.06395,172.217.24.0-255,5738,246762,69,258436
14630,0.063962,172.31.40.0-255,66,246828,69,258436
14631,0.065997,172.217.24.0-255,5738,252566,69,258436
14632,0.066003,172.31.40.0-255,66,252632,69,258436
14633,0.068085,172.217.24.0-255,5738,258370,69,258436
14634,0.068091,172.31.40.0-255,66,258436,69,258436
14635,0.0,74.125.24.0-255,152,152,69,302217
14636,2.4e-05,172.31.40.0-255,66,218,69,302217
14637,3.1e-05,74.125.24.0-255,1484,1702,69,302217
14638,3.6e-05,172.31.40.0-255,66,1768,69,302217
14639,4.9e-05,74.125.24.0-255,2902,4670,69,302217
14640,5.2e-05,172.31.40.0-255,66,4736,69,302217
14641,6e-05,74.125.24.0-255,7156,11892,69,302217
14642,6.3e-05,172.31.40.0-255,66,11958,69,302217
14643,6.7e-05,74.125.24.0-255,2134,14092,69,302217
14644,7e-05,172.31.40.0-255,66,14158,69,302217
14645,0.00012,74.125.24.0-255,1484,15642,69,302217
14646,0.000122,172.31.40.0-255,66,15708,69,302217
14647,0.000127,74.125.24.0-255,2902,18610,69,302217
14648,0.00013,172.31.40.0-255,66,18676,69,302217
14649,0.000134,74.125.24.0-255,2902,21578,69,302217
14650,0.000136,172.31.40.0-255,66,21644,69,302217
14651,0.000154,74.125.24.0-255,2902,24546,69,302217
14652,0.000156,172.31.40.0-255,66,24612,69,302217
14653,0.000164,74.125.24.0-255,6797,31409,69,302217
14654,0.00017,172.31.40.0-255,66,31475,69,302217
14655,0.000259,74.125.24.0-255,1484,32959,69,302217
14656,0.000263,172.31.40.0-255,66,33025,69,302217
14657,0.00027,74.125.24.0-255,2902,35927,69,302217
14658,0.000272,172.31.40.0-255,66,35993,69,302217
14659,0.000278,74.125.24.0-255,5738,41731,69,302217
14660,0.000285,172.31.40.0-255,66,41797,69,302217
14661,0.00032,172.31.40.0-255,66,41863,69,302217
14662,0.000366,74.125.24.0-255,5379,47242,69,302217
14663,0.000369,172.31.40.0-255,66,47308,69,302217
14664,0.000386,172.31.40.0-255,66,47374,69,302217
14665,0.000492,74.125.24.0-255,647,48021,69,302217
14666,0.000811,74.125.24.0-255,1484,49505,69,302217
14667,0.000816,172.31.40.0-255,66,49571,69,302217
14668,0.000822,74.125.24.0-255,2902,52473,69,302217
14669,0.000824,172.31.40.0-255,66,52539,69,302217
14670,0.000847,74.125.24.0-255,5738,58277,69,302217
14671,0.000854,172.31.40.0-255,66,58343,69,302217
14672,0.000859,74.125.24.0-255,2902,61245,69,302217
14673,0.000861,172.31.40.0-255,66,61311,69,302217
14674,0.000873,172.31.40.0-255,66,61377,69,302217
14675,0.000898,74.125.24.0-255,1484,62861,69,302217
14676,0.000961,172.31.40.0-255,66,62927,69,302217
14677,0.00114,74.125.24.0-255,1484,64411,69,302217
14678,0.001147,74.125.24.0-255,2902,67313,69,302217
14679,0.00115,172.31.40.0-255,66,67379,69,302217
14680,0.001182,74.125.24.0-255,5738,73117,69,302217
14681,0.001185,172.31.40.0-255,66,73183,69,302217
14682,0.001198,172.31.40.0-255,66,73249,69,302217
14683,0.001229,74.125.24.0-255,1484,74733,69,302217
14684,0.001232,74.125.24.0-255,766,75499,69,302217
14685,0.001248,172.31.40.0-255,66,75565,69,302217
14686,0.001292,74.125.24.0-255,1484,77049,69,302217
14687,0.001304,74.125.24.0-255,2902,79951,69,302217
14688,0.001322,172.31.40.0-255,66,80017,69,302217
14689,0.001329,74.125.24.0-255,5738,85755,69,302217
14690,0.001335,172.31.40.0-255,66,85821,69,302217
14691,0.001396,172.31.40.0-255,66,85887,69,302217
14692,0.001424,74.125.24.0-255,2184,88071,69,302217
14693,0.001429,172.31.40.0-255,66,88137,69,302217
14694,0.001478,74.125.24.0-255,1484,89621,69,302217
14695,0.001482,74.125.24.0-255,1484,91105,69,302217
14696,0.001494,172.31.40.0-255,66,91171,69,302217
14697,0.001498,74.125.24.0-255,1484,92655,69,302217
14698,0.001504,74.125.24.0-255,5738,98393,69,302217
14699,0.001519,172.31.40.0-255,66,98459,69,302217
14700,0.001546,74.125.24.0-255,4320,102779,69,302217
14701,0.001561,172.31.40.0-255,66,102845,69,302217
14702,0.001584,74.125.24.0-255,7156,110001,69,302217
14703,0.001597,172.31.40.0-255,66,110067,69,302217
14704,0.001606,74.125.24.0-255,3602,113669,69,302217
14705,0.00164,74.125.24.0-255,4320,117989,69,302217
14706,0.001643,74.125.24.0-255,1484,119473,69,302217
14707,0.001654,172.31.40.0-255,66,119539,69,302217
14708,0.001683,74.125.24.0-255,5738,125277,69,302217
14709,0.001704,172.31.40.0-255,66,125343,69,302217
14710,0.001757,172.31.40.0-255,66,125409,69,302217
14711,0.00405,74.125.24.0-255,5738,131147,69,302217
14712,0.004057,172.31.40.0-255,66,131213,69,302217
14713,0.006351,74.125.24.0-255,5738,136951,69,302217
14714,0.006358,172.31.40.0-255,66,137017,69,302217
14715,0.008671,74.125.24.0-255,5738,142755,69,302217
14716,0.008677,172.31.40.0-255,66,142821,69,302217
14717,0.010075,172.31.40.0-255,101,142922,69,302217
14718,0.010992,74.125.24.0-255,5738,148660,69,302217
14719,0.010999,172.31.40.0-255,66,148726,69,302217
14720,0.012334,74.125.24.0-255,66,148792,69,302217
14721,0.01331,74.125.24.0-255,5738,154530,69,302217
14722,0.013321,172.31.40.0-255,66,154596,69,302217
14723,0.015664,74.125.24.0-255,5738,160334,69,302217
14724,0.01568,172.31.40.0-255,66,160400,69,302217
14725,0.018005,74.125.24.0-255,5738,166138,69,302217
14726,0.018022,172.31.40.0-255,66,166204,69,302217
14727,0.020374,74.125.24.0-255,5738,171942,69,302217
14728,0.020382,172.31.40.0-255,66,172008,69,302217
14729,0.02269,74.125.24.0-255,5738,177746,69,302217
14730,0.022698,172.31.40.0-255,66,177812,69,302217
14731,0.025033,74.125.24.0-255,5738,183550,69,302217
14732,0.02504,172.31.40.0-255,66,183616,69,302217
14733,0.027356,74.125.24.0-255,5738,189354,69,302217
14734,0.027364,172.31.40.0-255,66,189420,69,302217
14735,0.029664,74.125.24.0-255,5738,195158,69,302217
14736,0.029671,172.31.40.0-255,66,195224,69,302217
14737,0.031987,74.125.24.0-255,5738,200962,69,302217
14738,0.031995,172.31.40.0-255,66,201028,69,302217
14739,0.034293,74.125.24.0-255,5738,206766,69,302217
14740,0.034301,172.31.40.0-255,66,206832,69,302217
14741,0.036033,172.31.40.0-255,172,207004,69,302217
14742,0.036063,172.31.40.0-255,1111,208115,69,302217
14743,0.036129,172.31.40.0-255,1514,209629,69,302217
14744,0.036131,172.31.40.0-255,1514,211143,69,302217
14745,0.036133,172.31.40.0-255,1514,212657,69,302217
14746,0.036134,172.31.40.0-255,1514,214171,69,302217
14747,0.036135,172.31.40.0-255,548,214719,69,302217
14748,0.036606,74.125.24.0-255,5738,220457,69,302217
14749,0.036613,172.31.40.0-255,66,220523,69,302217
14750,0.037578,104.244.42.0-255,66,220589,69,302217
14751,0.037626,104.244.42.0-255,66,220655,69,302217
14752,0.037728,104.244.42.0-255,66,220721,69,302217
14753,0.037733,104.244.42.0-255,66,220787,69,302217
14754,0.03891,74.125.24.0-255,5738,226525,69,302217
14755,0.038917,172.31.40.0-255,66,226591,69,302217
14756,0.038944,104.244.42.0-255,108,226699,69,302217
14757,0.038948,172.31.40.0-255,66,226765,69,302217
14758,0.041239,74.125.24.0-255,5738,232503,69,302217
14759,0.041248,172.31.40.0-255,66,232569,69,302217
14760,0.043565,74.125.24.0-255,5738,238307,69,302217
14761,0.043572,172.31.40.0-255,66,238373,69,302217
14762,0.045884,74.125.24.0-255,5738,244111,69,302217
14763,0.04589,172.31.40.0-255,66,244177,69,302217
14764,0.048176,74.125.24.0-255,5738,249915,69,302217
14765,0.048183,172.31.40.0-255,66,249981,69,302217
14766,0.050502,74.125.24.0-255,5738,255719,69,302217
14767,0.050509,172.31.40.0-255,66,255785,69,302217
14768,0.052836,74.125.24.0-255,5738,261523,69,302217
14769,0.052843,172.31.40.0-255,66,261589,69,302217
14770,0.055199,74.125.24.0-255,5738,267327,69,302217
14771,0.055207,172.31.40.0-255,66,267393,69,302217
14772,0.05753,74.125.24.0-255,5738,273131,69,302217
14773,0.057538,172.31.40.0-255,66,273197,69,302217
14774,0.05986,74.125.24.0-255,5738,278935,69,302217
14775,0.059866,172.31.40.0-255,66,279001,69,302217
14776,0.062176,74.125.24.0-255,5738,284739,69,302217
14777,0.062184,172.31.40.0-255,66,284805,69,302217
14778,0.064503,74.125.24.0-255,5738,290543,69,302217
14779,0.06451,172.31.40.0-255,66,290609,69,302217
14780,0.066818,74.125.24.0-255,5738,296347,69,302217
14781,0.066825,172.31.40.0-255,66,296413,69,302217
14782,0.069133,74.125.24.0-255,5738,302151,69,302217
14783,0.069139,172.31.40.0-255,66,302217,69,302217
14784,0.0,74.125.24.0-255,152,152,69,245703
14785,2.8e-05,172.31.40.0-255,66,218,69,245703
14786,3.6e-05,74.125.24.0-255,1484,1702,69,245703
14787,4.1e-05,172.31.40.0-255,66,1768,69,245703
14788,4.6e-05,74.125.24.0-255,2902,4670,69,245703
14789,4.8e-05,172.31.40.0-255,66,4736,69,245703
14790,5.1e-05,74.125.24.0-255,1484,6220,69,245703
14791,5.4e-05,172.31.40.0-255,66,6286,69,245703
14792,7.2e-05,74.125.24.0-255,1484,7770,69,245703
14793,7.5e-05,172.31.40.0-255,66,7836,69,245703
14794,0.000105,74.125.24.0-255,6317,14153,69,245703
14795,0.000109,172.31.40.0-255,66,14219,69,245703
14796,0.000751,74.125.24.0-255,1484,15703,69,245703
14797,0.000757,172.31.40.0-255,66,15769,69,245703
14798,0.000767,74.125.24.0-255,2902,18671,69,245703
14799,0.00077,172.31.40.0-255,66,18737,69,245703
14800,0.000774,74.125.24.0-255,1484,20221,69,245703
14801,0.000775,172.31.40.0-255,66,20287,69,245703
14802,0.000778,74.125.24.0-255,1484,21771,69,245703
14803,0.00078,172.31.40.0-255,66,21837,69,245703
14804,0.000801,74.125.24.0-255,1484,23321,69,245703
14805,0.000803,172.31.40.0-255,66,23387,69,245703
14806,0.00081,74.125.24.0-255,5738,29125,69,245703
14807,0.000812,172.31.40.0-255,66,29191,69,245703
14808,0.000827,74.125.24.0-255,2543,31734,69,245703
14809,0.000831,172.31.40.0-255,66,31800,69,245703
14810,0.000861,74.125.24.0-255,2902,34702,69,245703
14811,0.000863,172.31.40.0-255,66,34768,69,245703
14812,0.000866,74.125.24.0-255,1484,36252,69,245703
14813,0.000869,172.31.40.0-255,66,36318,69,245703
14814,0.000883,74.125.24.0-255,1484,37802,69,245703
14815,0.000885,172.31.40.0-255,66,37868,69,245703
14816,0.000919,74.125.24.0-255,7156,45024,69,245703
14817,0.000922,172.31.40.0-255,66,45090,69,245703
14818,0.000938,74.125.24.0-255,3961,49051,69,245703
14819,0.000941,172.31.40.0-255,66,49117,69,245703
14820,0.002972,74.125.24.0-255,4320,53437,69,245703
14821,0.00298,172.31.40.0-255,66,53503,69,245703
14822,0.002999,74.125.24.0-255,1484,54987,69,245703
14823,0.005037,74.125.24.0-255,4320,59307,69,245703
14824,0.005044,172.31.40.0-255,66,59373,69,245703
14825,0.007124,74.125.24.0-255,5738,65111,69,245703
14826,0.007131,172.31.40.0-255,66,65177,69,245703
14827,0.009192,74.125.24.0-255,5738,70915,69,245703
14828,0.0092,172.31.40.0-255,66,70981,69,245703
14829,0.011235,74.125.24.0-255,5738,76719,69,245703
14830,0.011242,172.31.40.0-255,66,76785,69,245703
14831,0.013311,74.125.24.0-255,5738,82523,69,245703
14832,0.013319,172.31.40.0-255,66,82589,69,245703
14833,0.015372,74.125.24.0-255,5738,88327,69,245703
14834,0.015383,172.31.40.0-255,66,88393,69,245703
14835,0.017453,74.125.24.0-255,5738,94131,69,245703
14836,0.017459,172.31.40.0-255,66,94197,69,245703
14837,0.019525,74.125.24.0-255,5738,99935,69,245703
14838,0.019532,172.31.40.0-255,66,100001,69,245703
14839,0.021572,74.125.24.0-255,4320,104321,69,245703
14840,0.02158,172.31.40.0-255,66,104387,69,245703
14841,0.021601,74.125.24.0-255,1484,105871,69,245703
14842,0.023632,74.125.24.0-255,4320,110191,69,245703
14843,0.023637,172.31.40.0-255,66,110257,69,245703
14844,0.025719,74.125.24.0-255,5738,115995,69,245703
14845,0.025726,172.31.40.0-255,66,116061,69,245703
14846,0.027803,74.125.24.0-255,5738,121799,69,245703
14847,0.02781,172.31.40.0-255,66,121865,69,245703
14848,0.02855,172.31.40.0-255,172,122037,69,245703
14849,0.028579,172.31.40.0-255,1114,123151,69,245703
14850,0.028644,172.31.40.0-255,1514,124665,69,245703
14851,0.028645,172.31.40.0-255,1514,126179,69,245703
14852,0.028646,172.31.40.0-255,1514,127693,69,245703
14853,0.028651,172.31.40.0-255,1514,129207,69,245703
14854,0.028652,172.31.40.0-255,1504,130711,69,245703
14855,0.029875,74.125.24.0-255,5738,136449,69,245703
14856,0.029882,172.31.40.0-255,66,136515,69,245703
14857,0.030188,104.244.42.0-255,66,136581,69,245703
14858,0.030196,104.244.42.0-255,66,136647,69,245703
14859,0.030336,104.244.42.0-255,66,136713,69,245703
14860,0.030343,104.244.42.0-255,66,136779,69,245703
14861,0.031933,74.125.24.0-255,5738,142517,69,245703
14862,0.03194,172.31.40.0-255,66,142583,69,245703
14863,0.03399,74.125.24.0-255,5738,148321,69,245703
14864,0.033996,172.31.40.0-255,66,148387,69,245703
14865,0.036072,74.125.24.0-255,5738,154125,69,245703
14866,0.03608,172.31.40.0-255,66,154191,69,245703
14867,0.038129,74.125.24.0-255,5738,159929,69,245703
14868,0.038136,172.31.40.0-255,66,159995,69,245703
14869,0.040202,74.125.24.0-255,5738,165733,69,245703
14870,0.040213,172.31.40.0-255,66,165799,69,245703
14871,0.042259,74.125.24.0-255,5738,171537,69,245703
14872,0.042265,172.31.40.0-255,66,171603,69,245703
14873,0.044344,74.125.24.0-255,5738,177341,69,245703
14874,0.044351,172.31.40.0-255,66,177407,69,245703
14875,0.046398,74.125.24.0-255,4320,181727,69,245703
14876,0.046404,172.31.40.0-255,66,181793,69,245703
14877,0.046419,74.125.24.0-255,1484,183277,69,245703
14878,0.048459,74.125.24.0-255,4320,187597,69,245703
14879,0.048466,172.31.40.0-255,66,187663,69,245703
14880,0.050512,74.125.24.0-255,5738,193401,69,245703
14881,0.050518,172.31.40.0-255,66,193467,69,245703
14882,0.052577,74.125.24.0-255,5738,199205,69,245703
14883,0.052584,172.31.40.0-255,66,199271,69,245703
14884,0.054652,74.125.24.0-255,5738,205009,69,245703
14885,0.054658,172.31.40.0-255,66,205075,69,245703
14886,0.056714,74.125.24.0-255,5738,210813,69,245703
14887,0.056719,172.31.40.0-255,66,210879,69,245703
14888,0.05877,74.125.24.0-255,5738,216617,69,245703
14889,0.058777,172.31.40.0-255,66,216683,69,245703
14890,0.060834,74.125.24.0-255,5738,222421,69,245703
14891,0.060841,172.31.40.0-255,66,222487,69,245703
14892,0.062902,74.125.24.0-255,5738,228225,69,245703
14893,0.062909,172.31.40.0-255,66,228291,69,245703
14894,0.064959,74.125.24.0-255,5738,234029,69,245703
14895,0.064965,172.31.40.0-255,66,234095,69,245703
14896,0.067009,74.125.24.0-255,5738,239833,69,245703
14897,0.067015,172.31.40.0-255,66,239899,69,245703
14898,0.069045,74.125.24.0-255,5738,245637,69,245703
14899,0.06905,172.31.40.0-255,66,245703,69,245703
14900,0.0,74.125.200.0-255,146,146,69,266894
14901,1.8e-05,172.31.40.0-255,66,212,69,266894
14902,2.5e-05,74.125.200.0-255,1484,1696,69,266894
14903,2.9e-05,172.31.40.0-255,66,1762,69,266894
14904,3.4e-05,74.125.200.0-255,2902,4664,69,266894
14905,3.7e-05,172.31.40.0-255,66,4730,69,266894
14906,4e-05,74.125.200.0-255,1484,6214,69,266894
14907,4.3e-05,172.31.40.0-255,66,6280,69,266894
14908,7e-05,74.125.200.0-255,5738,12018,69,266894
14909,7.3e-05,172.31.40.0-255,66,12084,69,266894
14910,7.7e-05,74.125.200.0-255,2056,14140,69,266894
14911,7.9e-05,172.31.40.0-255,66,14206,69,266894
14912,8.3e-05,74.125.200.0-255,2902,17108,69,266894
14913,8.5e-05,172.31.40.0-255,66,17174,69,266894
14914,0.000106,74.125.200.0-255,1484,18658,69,266894
14915,0.000108,172.31.40.0-255,66,18724,69,266894
14916,0.000123,74.125.200.0-255,5738,24462,69,266894
14917,0.000126,172.31.40.0-255,66,24528,69,266894
14918,0.000164,74.125.200.0-255,6797,31325,69,266894
14919,0.000166,172.31.40.0-255,66,31391,69,266894
14920,0.001523,74.125.200.0-255,1484,32875,69,266894
14921,0.001531,172.31.40.0-255,66,32941,69,266894
14922,0.00154,74.125.200.0-255,2902,35843,69,266894
14923,0.001542,172.31.40.0-255,66,35909,69,266894
14924,0.001548,74.125.200.0-255,4320,40229,69,266894
14925,0.001551,172.31.40.0-255,66,40295,69,266894
14926,0.001568,74.125.200.0-255,1484,41779,69,266894
14927,0.00157,172.31.40.0-255,66,41845,69,266894
14928,0.001578,74.125.200.0-255,6797,48642,69,266894
14929,0.00158,172.31.40.0-255,66,48708,69,266894
14930,0.001611,74.125.200.0-255,5738,54446,69,266894
14931,0.001613,172.31.40.0-255,66,54512,69,266894
14932,0.001634,74.125.200.0-255,1484,55996,69,266894
14933,0.001637,172.31.40.0-255,66,56062,69,266894
14934,0.001643,74.125.200.0-255,5738,61800,69,266894
14935,0.001645,172.31.40.0-255,66,61866,69,266894
14936,0.001689,74.125.200.0-255,2902,64768,69,266894
14937,0.001691,172.31.40.0-255,66,64834,69,266894
14938,0.001707,74.125.200.0-255,1432,66266,69,266894
14939,0.001709,172.31.40.0-255,66,66332,69,266894
14940,0.001712,74.125.200.0-255,113,66445,69,266894
14941,0.001714,172.31.40.0-255,66,66511,69,266894
14942,0.001971,74.125.200.0-255,1484,67995,69,266894
14943,0.001975,172.31.40.0-255,66,68061,69,266894
14944,0.001996,74.125.200.0-255,2902,70963,69,266894
14945,0.001999,172.31.40.0-255,66,71029,69,266894
14946,0.002002,74.125.200.0-255,1484,72513,69,266894
14947,0.002004,172.31.40.0-255,66,72579,69,266894
14948,0.002025,74.125.200.0-255,4320,76899,69,266894
14949,0.002028,172.31.40.0-255,66,76965,69,266894
14950,0.002031,74.125.200.0-255,1484,78449,69,266894
14951,0.002033,172.31.40.0-255,66,78515,69,266894
14952,0.002038,74.125.200.0-255,2902,81417,69,266894
14953,0.00204,172.31.40.0-255,66,81483,69,266894
14954,0.002062,74.125.200.0-255,2902,84385,69,266894
14955,0.002079,74.125.200.0-255,3961,88346,69,266894
14956,0.002086,74.125.200.0-255,5738,94084,69,266894
14957,0.002089,74.125.200.0-255,1484,95568,69,266894
14958,0.002103,74.125.200.0-255,5379,100947,69,266894
14959,0.005284,172.31.40.0-255,66,101013,69,266894
14960,0.007629,74.125.200.0-255,2902,103915,69,266894
14961,0.007635,172.31.40.0-255,66,103981,69,266894
14962,0.007653,74.125.200.0-255,2902,106883,69,266894
14963,0.007655,172.31.40.0-255,66,106949,69,266894
14964,0.009989,74.125.200.0-255,5738,112687,69,266894
14965,0.009997,172.31.40.0-255,66,112753,69,266894
14966,0.012339,74.125.200.0-255,5738,118491,69,266894
14967,0.012348,172.31.40.0-255,66,118557,69,266894
14968,0.014701,74.125.200.0-255,5738,124295,69,266894
14969,0.014711,172.31.40.0-255,66,124361,69,266894
14970,0.017053,74.125.200.0-255,5738,130099,69,266894
14971,0.01706,172.31.40.0-255,66,130165,69,266894
14972,0.019413,74.125.200.0-255,5738,135903,69,266894
14973,0.019421,172.31.40.0-255,66,135969,69,266894
14974,0.021757,74.125.200.0-255,5738,141707,69,266894
14975,0.021764,172.31.40.0-255,66,141773,69,266894
14976,0.02411,74.125.200.0-255,5738,147511,69,266894
14977,0.024119,172.31.40.0-255,66,147577,69,266894
14978,0.026461,74.125.200.0-255,5738,153315,69,266894
14979,0.02647,172.31.40.0-255,66,153381,69,266894
14980,0.028825,74.125.200.0-255,5738,159119,69,266894
14981,0.028836,172.31.40.0-255,66,159185,69,266894
14982,0.030077,172.31.40.0-255,172,159357,69,266894
14983,0.030132,172.31.40.0-255,1116,160473,69,266894
14984,0.030205,172.31.40.0-255,1514,161987,69,266894
14985,0.030207,172.31.40.0-255,1514,163501,69,266894
14986,0.030208,172.31.40.0-255,1514,165015,69,266894
14987,0.030214,172.31.40.0-255,1514,166529,69,266894
14988,0.030215,172.31.40.0-255,1499,168028,69,266894
14989,0.03121,74.125.200.0-255,5738,173766,69,266894
14990,0.031217,172.31.40.0-255,66,173832,69,266894
14991,0.031742,104.244.42.0-255,66,173898,69,266894
14992,0.031791,104.244.42.0-255,66,173964,69,266894
14993,0.031889,104.244.42.0-255,66,174030,69,266894
14994,0.033576,74.125.200.0-255,5738,179768,69,266894
14995,0.033585,172.31.40.0-255,66,179834,69,266894
14996,0.035949,74.125.200.0-255,5738,185572,69,266894
14997,0.035955,172.31.40.0-255,66,185638,69,266894
14998,0.038306,74.125.200.0-255,5738,191376,69,266894
14999,0.038313,172.31.40.0-255,66,191442,69,266894
15000,0.040678,74.125.200.0-255,5738,197180,69,266894
15001,0.040685,172.31.40.0-255,66,197246,69,266894
15002,0.043048,74.125.200.0-255,5738,202984,69,266894
15003,0.043059,172.31.40.0-255,66,203050,69,266894
15004,0.045436,74.125.200.0-255,5738,208788,69,266894
15005,0.045442,172.31.40.0-255,66,208854,69,266894
15006,0.047802,74.125.200.0-255,5738,214592,69,266894
15007,0.047808,172.31.40.0-255,66,214658,69,266894
15008,0.050153,74.125.200.0-255,5738,220396,69,266894
15009,0.05016,172.31.40.0-255,66,220462,69,266894
15010,0.052506,74.125.200.0-255,5738,226200,69,266894
15011,0.052512,172.31.40.0-255,66,226266,69,266894
15012,0.054859,74.125.200.0-255,5738,232004,69,266894
15013,0.054866,172.31.40.0-255,66,232070,69,266894
15014,0.057209,74.125.200.0-255,5738,237808,69,266894
15015,0.057216,172.31.40.0-255,66,237874,69,266894
15016,0.059562,74.125.200.0-255,5738,243612,69,266894
15017,0.059568,172.31.40.0-255,66,243678,69,266894
15018,0.061943,74.125.200.0-255,5738,249416,69,266894
15019,0.061951,172.31.40.0-255,66,249482,69,266894
15020,0.064311,74.125.200.0-255,5738,255220,69,266894
15021,0.064317,172.31.40.0-255,66,255286,69,266894
15022,0.066671,74.125.200.0-255,5738,261024,69,266894
15023,0.066676,172.31.40.0-255,66,261090,69,266894
15024,0.069031,74.125.200.0-255,5738,266828,69,266894
15025,0.069038,172.31.40.0-255,66,266894,69,266894
15026,0.0,172.31.40.0-255,105,105,69,276
15027,0.001919,157.240.7.0-255,105,210,69,276
15028,0.001933,172.31.40.0-255,66,276,69,276
15029,0.0,74.125.24.0-255,146,146,69,268471
15030,2.3e-05,172.31.40.0-255,66,212,69,268471
15031,3.1e-05,74.125.24.0-255,1484,1696,69,268471
15032,3.5e-05,172.31.40.0-255,66,1762,69,268471
15033,4e-05,74.125.24.0-255,2902,4664,69,268471
15034,4.3e-05,172.31.40.0-255,66,4730,69,268471
15035,5e-05,74.125.24.0-255,7156,11886,69,268471
15036,5.4e-05,172.31.40.0-255,66,11952,69,268471
15037,8.9e-05,74.125.24.0-255,2064,14016,69,268471
15038,9.2e-05,172.31.40.0-255,66,14082,69,268471
15039,0.000122,74.125.24.0-255,2902,16984,69,268471
15040,0.000124,172.31.40.0-255,66,17050,69,268471
15041,0.000127,74.125.24.0-255,1484,18534,69,268471
15042,0.000129,172.31.40.0-255,66,18600,69,268471
15043,0.000147,74.125.24.0-255,5738,24338,69,268471
15044,0.00015,172.31.40.0-255,66,24404,69,268471
15045,0.000186,74.125.24.0-255,4320,28724,69,268471
15046,0.000188,172.31.40.0-255,66,28790,69,268471
15047,0.000216,74.125.24.0-255,2543,31333,69,268471
15048,0.000218,172.31.40.0-255,66,31399,69,268471
15049,0.0004,74.125.24.0-255,1484,32883,69,268471
15050,0.000404,172.31.40.0-255,66,32949,69,268471
15051,0.000423,74.125.24.0-255,2902,35851,69,268471
15052,0.000427,172.31.40.0-255,66,35917,69,268471
15053,0.00045,74.125.24.0-255,5738,41655,69,268471
15054,0.000452,172.31.40.0-255,66,41721,69,268471
15055,0.000473,74.125.24.0-255,5738,47459,69,268471
15056,0.000475,172.31.40.0-255,66,47525,69,268471
15057,0.000494,74.125.24.0-255,1125,48650,69,268471
15058,0.000496,172.31.40.0-255,66,48716,69,268471
15059,0.000504,74.125.24.0-255,7156,55872,69,268471
15060,0.000506,172.31.40.0-255,66,55938,69,268471
15061,0.000545,172.31.40.0-255,66,56004,69,268471
15062,0.000587,74.125.24.0-255,344,56348,69,268471
15063,0.001061,172.31.40.0-255,66,56414,69,268471
15064,0.001302,74.125.24.0-255,1484,57898,69,268471
15065,0.001312,74.125.24.0-255,2902,60800,69,268471
15066,0.001316,172.31.40.0-255,66,60866,69,268471
15067,0.001323,74.125.24.0-255,5738,66604,69,268471
15068,0.001325,172.31.40.0-255,66,66670,69,268471
15069,0.001355,74.125.24.0-255,5738,72408,69,268471
15070,0.001358,172.31.40.0-255,66,72474,69,268471
15071,0.001374,74.125.24.0-255,7156,79630,69,268471
15072,0.001377,172.31.40.0-255,66,79696,69,268471
15073,0.001389,172.31.40.0-255,66,79762,69,268471
15074,0.001408,74.125.24.0-255,766,80528,69,268471
15075,0.003572,74.125.24.0-255,4320,84848,69,268471
15076,0.003579,172.31.40.0-255,66,84914,69,268471
15077,0.005785,74.125.24.0-255,5738,90652,69,268471
15078,0.005791,172.31.40.0-255,66,90718,69,268471
15079,0.007973,74.125.24.0-255,5738,96456,69,268471
15080,0.00798,172.31.40.0-255,66,96522,69,268471
15081,0.010169,74.125.24.0-255,5738,102260,69,268471
15082,0.010176,172.31.40.0-255,66,102326,69,268471
15083,0.012362,74.125.24.0-255,5738,108064,69,268471
15084,0.01237,172.31.40.0-255,66,108130,69,268471
15085,0.01455,74.125.24.0-255,1484,109614,69,268471
15086,0.014577,74.125.24.0-255,4320,113934,69,268471
15087,0.014584,172.31.40.0-255,66,114000,69,268471
15088,0.01678,74.125.24.0-255,5738,119738,69,268471
15089,0.016789,172.31.40.0-255,66,119804,69,268471
15090,0.018979,74.125.24.0-255,5738,125542,69,268471
15091,0.018986,172.31.40.0-255,66,125608,69,268471
15092,0.021196,74.125.24.0-255,5738,131346,69,268471
15093,0.021203,172.31.40.0-255,66,131412,69,268471
15094,0.023379,74.125.24.0-255,5738,137150,69,268471
15095,0.023385,172.31.40.0-255,66,137216,69,268471
15096,0.025585,74.125.24.0-255,5738,142954,69,268471
15097,0.025592,172.31.40.0-255,66,143020,69,268471
15098,0.027783,74.125.24.0-255,2902,145922,69,268471
15099,0.027791,172.31.40.0-255,66,145988,69,268471
15100,0.027817,74.125.24.0-255,2902,148890,69,268471
15101,0.02782,172.31.40.0-255,66,148956,69,268471
15102,0.029982,74.125.24.0-255,5738,154694,69,268471
15103,0.029987,172.31.40.0-255,66,154760,69,268471
15104,0.03074,172.31.40.0-255,172,154932,69,268471
15105,0.030773,172.31.40.0-255,1114,156046,69,268471
15106,0.030839,172.31.40.0-255,1514,157560,69,268471
15107,0.030841,172.31.40.0-255,1514,159074,69,268471
15108,0.030843,172.31.40.0-255,1514,160588,69,268471
15109,0.030844,172.31.40.0-255,1514,162102,69,268471
15110,0.030874,172.31.40.0-255,1501,163603,69,268471
15111,0.032198,74.125.24.0-255,5738,169341,69,268471
15112,0.032205,172.31.40.0-255,66,169407,69,268471
15113,0.032561,104.244.42.0-255,66,169473,69,268471
15114,0.032596,104.244.42.0-255,66,169539,69,268471
15115,0.032617,104.244.42.0-255,66,169605,69,268471
15116,0.03263,104.244.42.0-255,66,169671,69,268471
15117,0.034414,74.125.24.0-255,5738,175409,69,268471
15118,0.034425,172.31.40.0-255,66,175475,69,268471
15119,0.036605,74.125.24.0-255,5738,181213,69,268471
15120,0.036611,172.31.40.0-255,66,181279,69,268471
15121,0.038783,74.125.24.0-255,5738,187017,69,268471
15122,0.038788,172.31.40.0-255,66,187083,69,268471
15123,0.040988,74.125.24.0-255,5738,192821,69,268471
15124,0.040994,172.31.40.0-255,66,192887,69,268471
15125,0.043198,74.125.24.0-255,5738,198625,69,268471
15126,0.043204,172.31.40.0-255,66,198691,69,268471
15127,0.045468,74.125.24.0-255,5738,204429,69,268471
15128,0.045474,172.31.40.0-255,66,204495,69,268471
15129,0.047674,74.125.24.0-255,5738,210233,69,268471
15130,0.047681,172.31.40.0-255,66,210299,69,268471
15131,0.049884,74.125.24.0-255,2902,213201,69,268471
15132,0.04989,172.31.40.0-255,66,213267,69,268471
15133,0.049911,74.125.24.0-255,2902,216169,69,268471
15134,0.049914,172.31.40.0-255,66,216235,69,268471
15135,0.052087,74.125.24.0-255,5738,221973,69,268471
15136,0.052093,172.31.40.0-255,66,222039,69,268471
15137,0.054283,74.125.24.0-255,5738,227777,69,268471
15138,0.054289,172.31.40.0-255,66,227843,69,268471
15139,0.056473,74.125.24.0-255,5738,233581,69,268471
15140,0.056482,172.31.40.0-255,66,233647,69,268471
15141,0.058686,74.125.24.0-255,5738,239385,69,268471
15142,0.058693,172.31.40.0-255,66,239451,69,268471
15143,0.060894,74.125.24.0-255,5738,245189,69,268471
15144,0.0609,172.31.40.0-255,66,245255,69,268471
15145,0.063081,74.125.24.0-255,5738,250993,69,268471
15146,0.063088,172.31.40.0-255,66,251059,69,268471
15147,0.06527,74.125.24.0-255,5738,256797,69,268471
15148,0.065277,172.31.40.0-255,66,256863,69,268471
15149,0.067488,74.125.24.0-255,5738,262601,69,268471
15150,0.067494,172.31.40.0-255,66,262667,69,268471
15151,0.06968,74.125.24.0-255,5738,268405,69,268471
15152,0.069687,172.31.40.0-255,66,268471,69,268471
15153,0.0,74.125.200.0-255,153,153,69,379793
15154,1e-05,172.31.40.0-255,66,219,69,379793
15155,3.8e-05,74.125.200.0-255,1484,1703,69,379793
15156,4.2e-05,172.31.40.0-255,66,1769,69,379793
15157,4.7e-05,74.125.200.0-255,2902,4671,69,379793
15158,4.9e-05,172.31.40.0-255,66,4737,69,379793
15159,6.9e-05,74.125.200.0-255,1484,6221,69,379793
15160,7e-05,172.31.40.0-255,66,6287,69,379793
15161,8.4e-05,74.125.200.0-255,2902,9189,69,379793
15162,8.6e-05,172.31.40.0-255,66,9255,69,379793
15163,9.8e-05,74.125.200.0-255,1484,10739,69,379793
15164,0.0001,172.31.40.0-255,66,10805,69,379793
15165,0.000105,74.125.200.0-255,3493,14298,69,379793
15166,0.000108,172.31.40.0-255,66,14364,69,379793
15167,0.000132,74.125.200.0-255,4320,18684,69,379793
15168,0.000134,172.31.40.0-255,66,18750,69,379793
15169,0.000139,74.125.200.0-255,4320,23070,69,379793
15170,0.000141,172.31.40.0-255,66,23136,69,379793
15171,0.000156,74.125.200.0-255,5738,28874,69,379793
15172,0.000158,172.31.40.0-255,66,28940,69,379793
15173,0.000162,74.125.200.0-255,2543,31483,69,379793
15174,0.000164,172.31.40.0-255,66,31549,69,379793
15175,0.000324,74.125.200.0-255,1484,33033,69,379793
15176,0.000328,172.31.40.0-255,66,33099,69,379793
15177,0.000332,74.125.200.0-255,1484,34583,69,379793
15178,0.000334,172.31.40.0-255,66,34649,69,379793
15179,0.000348,74.125.200.0-255,2902,37551,69,379793
15180,0.00035,172.31.40.0-255,66,37617,69,379793
15181,0.000373,74.125.200.0-255,5738,43355,69,379793
15182,0.000375,172.31.40.0-255,66,43421,69,379793
15183,0.000402,74.125.200.0-255,4320,47741,69,379793
15184,0.000404,172.31.40.0-255,66,47807,69,379793
15185,0.000426,74.125.200.0-255,3961,51768,69,379793
15186,0.000428,172.31.40.0-255,66,51834,69,379793
15187,0.000434,74.125.200.0-255,5738,57572,69,379793
15188,0.000437,172.31.40.0-255,66,57638,69,379793
15189,0.000451,74.125.200.0-255,2902,60540,69,379793
15190,0.000453,172.31.40.0-255,66,60606,69,379793
15191,0.000459,74.125.200.0-255,5379,65985,69,379793
15192,0.000461,172.31.40.0-255,66,66051,69,379793
15193,0.000463,74.125.200.0-255,645,66696,69,379793
15194,0.000621,74.125.200.0-255,1484,68180,69,379793
15195,0.000624,172.31.40.0-255,66,68246,69,379793
15196,0.000646,74.125.200.0-255,2902,71148,69,379793
15197,0.000649,172.31.40.0-255,66,71214,69,379793
15198,0.000658,74.125.200.0-255,1484,72698,69,379793
15199,0.00067,74.125.200.0-255,2902,75600,69,379793
15200,0.000672,172.31.40.0-255,66,75666,69,379793
15201,0.000689,74.125.200.0-255,1484,77150,69,379793
15202,0.000691,74.125.200.0-255,1484,78634,69,379793
15203,0.000695,172.31.40.0-255,66,78700,69,379793
15204,0.000729,74.125.200.0-255,4320,83020,69,379793
15205,0.000732,172.31.40.0-255,66,83086,69,379793
15206,0.000744,74.125.200.0-255,1125,84211,69,379793
15207,0.000857,74.125.200.0-255,1484,85695,69,379793
15208,0.000861,172.31.40.0-255,66,85761,69,379793
15209,0.000878,74.125.200.0-255,2902,88663,69,379793
15210,0.00088,172.31.40.0-255,66,88729,69,379793
15211,0.000904,74.125.200.0-255,4320,93049,69,379793
15212,0.000906,172.31.40.0-255,66,93115,69,379793
15213,0.000952,74.125.200.0-255,2902,96017,69,379793
15214,0.000955,172.31.40.0-255,66,96083,69,379793
15215,0.000971,74.125.200.0-255,5379,101462,69,379793
15216,0.000974,172.31.40.0-255,66,101528,69,379793
15217,0.001591,74.125.200.0-255,1484,103012,69,379793
15218,0.0016,74.125.200.0-255,2902,105914,69,379793
15219,0.001604,172.31.40.0-255,66,105980,69,379793
15220,0.00164,74.125.200.0-255,5738,111718,69,379793
15221,0.001642,172.31.40.0-255,66,111784,69,379793
15222,0.001662,74.125.200.0-255,1484,113268,69,379793
15223,0.001679,74.125.200.0-255,5738,119006,69,379793
15224,0.001681,172.31.40.0-255,66,119072,69,379793
15225,0.001685,74.125.200.0-255,2902,121974,69,379793
15226,0.001687,172.31.40.0-255,66,122040,69,379793
15227,0.001705,74.125.200.0-255,5738,127778,69,379793
15228,0.001706,172.31.40.0-255,66,127844,69,379793
15229,0.001737,74.125.200.0-255,4320,132164,69,379793
15230,0.001739,172.31.40.0-255,66,132230,69,379793
15231,0.001759,74.125.200.0-255,3602,135832,69,379793
15232,0.001761,172.31.40.0-255,66,135898,69,379793
15233,0.00326,74.125.200.0-255,1484,137382,69,379793
15234,0.003284,74.125.200.0-255,2902,140284,69,379793
15235,0.003288,172.31.40.0-255,66,140350,69,379793
15236,0.003302,74.125.200.0-255,1484,141834,69,379793
15237,0.003305,74.125.200.0-255,1484,143318,69,379793
15238,0.003307,172.31.40.0-255,66,143384,69,379793
15239,0.003331,74.125.200.0-255,4320,147704,69,379793
15240,0.003334,172.31.40.0-255,66,147770,69,379793
15241,0.003366,74.125.200.0-255,1484,149254,69,379793
15242,0.003371,74.125.200.0-255,2902,152156,69,379793
15243,0.003373,172.31.40.0-255,66,152222,69,379793
15244,0.003401,74.125.200.0-255,5738,157960,69,379793
15245,0.003403,172.31.40.0-255,66,158026,69,379793
15246,0.003406,74.125.200.0-255,1484,159510,69,379793
15247,0.003422,74.125.200.0-255,1484,160994,69,379793
15248,0.003424,172.31.40.0-255,66,161060,69,379793
15249,0.00343,74.125.200.0-255,4320,165380,69,379793
15250,0.003432,172.31.40.0-255,66,165446,69,379793
15251,0.003435,74.125.200.0-255,1484,166930,69,379793
15252,0.003451,74.125.200.0-255,1484,168414,69,379793
15253,0.003453,172.31.40.0-255,66,168480,69,379793
15254,0.003472,74.125.200.0-255,1484,169964,69,379793
15255,0.003475,74.125.200.0-255,766,170730,69,379793
15256,0.003477,172.31.40.0-255,66,170796,69,379793
15257,0.003726,74.125.200.0-255,1484,172280,69,379793
15258,0.003741,74.125.200.0-255,2902,175182,69,379793
15259,0.003744,172.31.40.0-255,66,175248,69,379793
15260,0.003758,74.125.200.0-255,4320,179568,69,379793
15261,0.00376,172.31.40.0-255,66,179634,69,379793
15262,0.003771,74.125.200.0-255,1484,181118,69,379793
15263,0.003776,74.125.200.0-255,2902,184020,69,379793
15264,0.003778,172.31.40.0-255,66,184086,69,379793
15265,0.003801,74.125.200.0-255,4320,188406,69,379793
15266,0.003804,172.31.40.0-255,66,188472,69,379793
15267,0.003818,74.125.200.0-255,5738,194210,69,379793
15268,0.003821,172.31.40.0-255,66,194276,69,379793
15269,0.003849,172.31.40.0-255,66,194342,69,379793
15270,0.003852,74.125.200.0-255,1484,195826,69,379793
15271,0.003855,74.125.200.0-255,766,196592,69,379793
15272,0.003857,172.31.40.0-255,66,196658,69,379793
15273,0.003891,74.125.200.0-255,1484,198142,69,379793
15274,0.003906,74.125.200.0-255,4320,202462,69,379793
15275,0.003908,172.31.40.0-255,66,202528,69,379793
15276,0.003934,74.125.200.0-255,5738,208266,69,379793
15277,0.003937,172.31.40.0-255,66,208332,69,379793
15278,0.003965,74.125.200.0-255,2902,211234,69,379793
15279,0.003968,172.31.40.0-255,66,211300,69,379793
15280,0.003982,74.125.200.0-255,4320,215620,69,379793
15281,0.003984,172.31.40.0-255,66,215686,69,379793
15282,0.003987,74.125.200.0-255,1484,217170,69,379793
15283,0.004015,74.125.200.0-255,2902,220072,69,379793
15284,0.004017,172.31.40.0-255,66,220138,69,379793
15285,0.004024,74.125.200.0-255,5738,225876,69,379793
15286,0.004026,172.31.40.0-255,66,225942,69,379793
15287,0.00403,74.125.200.0-255,2902,228844,69,379793
15288,0.004033,172.31.40.0-255,66,228910,69,379793
15289,0.004036,74.125.200.0-255,2184,231094,69,379793
15290,0.004039,172.31.40.0-255,66,231160,69,379793
15291,0.004166,74.125.200.0-255,1484,232644,69,379793
15292,0.004183,74.125.200.0-255,1484,234128,69,379793
15293,0.004186,172.31.40.0-255,66,234194,69,379793
15294,0.004201,74.125.200.0-255,2902,237096,69,379793
15295,0.004204,172.31.40.0-255,66,237162,69,379793
15296,0.004223,74.125.200.0-255,1484,238646,69,379793
15297,0.004246,74.125.200.0-255,2902,241548,69,379793
15298,0.004249,172.31.40.0-255,66,241614,69,379793
15299,0.004252,74.125.200.0-255,1484,243098,69,379793
15300,0.00427,74.125.200.0-255,4320,247418,69,379793
15301,0.004273,172.31.40.0-255,66,247484,69,379793
15302,0.004276,74.125.200.0-255,1484,248968,69,379793
15303,0.00429,74.125.200.0-255,1484,250452,69,379793
15304,0.004292,172.31.40.0-255,66,250518,69,379793
15305,0.004298,74.125.200.0-255,4320,254838,69,379793
15306,0.0043,172.31.40.0-255,66,254904,69,379793
15307,0.004322,74.125.200.0-255,1484,256388,69,379793
15308,0.004338,74.125.200.0-255,4320,260708,69,379793
15309,0.00434,172.31.40.0-255,66,260774,69,379793
15310,0.004383,74.125.200.0-255,1484,262258,69,379793
15311,0.004398,74.125.200.0-255,1484,263742,69,379793
15312,0.004401,172.31.40.0-255,66,263808,69,379793
15313,0.004412,74.125.200.0-255,2184,265992,69,379793
15314,0.004415,172.31.40.0-255,66,266058,69,379793
15315,0.004441,74.125.200.0-255,1484,267542,69,379793
15316,0.004445,74.125.200.0-255,1484,269026,69,379793
15317,0.004447,172.31.40.0-255,66,269092,69,379793
15318,0.004463,74.125.200.0-255,1484,270576,69,379793
15319,0.00447,74.125.200.0-255,5738,276314,69,379793
15320,0.004473,172.31.40.0-255,66,276380,69,379793
15321,0.004509,74.125.200.0-255,2902,279282,69,379793
15322,0.004512,172.31.40.0-255,66,279348,69,379793
15323,0.004534,74.125.200.0-255,1484,280832,69,379793
15324,0.004541,74.125.200.0-255,5738,286570,69,379793
15325,0.004544,172.31.40.0-255,66,286636,69,379793
15326,0.004555,172.31.40.0-255,66,286702,69,379793
15327,0.004571,74.125.200.0-255,1484,288186,69,379793
15328,0.004607,172.31.40.0-255,66,288252,69,379793
15329,0.004612,74.125.200.0-255,2902,291154,69,379793
15330,0.004613,172.31.40.0-255,66,291220,69,379793
15331,0.004633,74.125.200.0-255,1484,292704,69,379793
15332,0.004672,172.31.40.0-255,66,292770,69,379793
15333,0.004678,74.125.200.0-255,5738,298508,69,379793
15334,0.004681,172.31.40.0-255,66,298574,69,379793
15335,0.0047,74.125.200.0-255,2184,300758,69,379793
15336,0.004703,172.31.40.0-255,66,300824,69,379793
15337,0.004737,74.125.200.0-255,1484,302308,69,379793
15338,0.004754,74.125.200.0-255,1484,303792,69,379793
15339,0.004757,172.31.40.0-255,66,303858,69,379793
15340,0.004759,74.125.200.0-255,1484,305342,69,379793
15341,0.004764,74.125.200.0-255,2902,308244,69,379793
15342,0.004767,172.31.40.0-255,66,308310,69,379793
15343,0.004791,74.125.200.0-255,5738,314048,69,379793
15344,0.004795,172.31.40.0-255,66,314114,69,379793
15345,0.004817,74.125.200.0-255,5738,319852,69,379793
15346,0.00482,172.31.40.0-255,66,319918,69,379793
15347,0.004827,74.125.200.0-255,7156,327074,69,379793
15348,0.004829,172.31.40.0-255,66,327140,69,379793
15349,0.004848,74.125.200.0-255,1484,328624,69,379793
15350,0.004865,74.125.200.0-255,6438,335062,69,379793
15351,0.004868,172.31.40.0-255,66,335128,69,379793
15352,0.004886,74.125.200.0-255,1484,336612,69,379793
15353,0.004908,74.125.200.0-255,7156,343768,69,379793
15354,0.004911,172.31.40.0-255,66,343834,69,379793
15355,0.004915,74.125.200.0-255,2902,346736,69,379793
15356,0.004918,172.31.40.0-255,66,346802,69,379793
15357,0.004958,172.31.40.0-255,66,346868,69,379793
15358,0.004965,74.125.200.0-255,7156,354024,69,379793
15359,0.004968,172.31.40.0-255,66,354090,69,379793
15360,0.004989,74.125.200.0-255,4320,358410,69,379793
15361,0.004992,172.31.40.0-255,66,358476,69,379793
15362,0.005016,74.125.200.0-255,3602,362078,69,379793
15363,0.00502,172.31.40.0-255,66,362144,69,379793
15364,0.005025,74.125.200.0-255,4320,366464,69,379793
15365,0.005027,172.31.40.0-255,66,366530,69,379793
15366,0.005061,74.125.200.0-255,3713,370243,69,379793
15367,0.005064,172.31.40.0-255,66,370309,69,379793
15368,0.005089,74.125.200.0-255,105,370414,69,379793
15369,0.006427,172.31.40.0-255,101,370515,69,379793
15370,0.007942,172.31.40.0-255,105,370620,69,379793
15371,0.008788,74.125.200.0-255,66,370686,69,379793
15372,0.010305,74.125.200.0-255,66,370752,69,379793
15373,0.036332,172.31.40.0-255,172,370924,69,379793
15374,0.036367,172.31.40.0-255,1112,372036,69,379793
15375,0.036433,172.31.40.0-255,1514,373550,69,379793
15376,0.036435,172.31.40.0-255,1514,375064,69,379793
15377,0.036436,172.31.40.0-255,1514,376578,69,379793
15378,0.03644,172.31.40.0-255,1514,378092,69,379793
15379,0.036441,172.31.40.0-255,1503,379595,69,379793
15380,0.038001,104.244.42.0-255,66,379661,69,379793
15381,0.038061,104.244.42.0-255,66,379727,69,379793
15382,0.038159,104.244.42.0-255,66,379793,69,379793
15383,0.0,172.217.194.0-255,151,151,69,248463
15384,2.3e-05,172.31.40.0-255,66,217,69,248463
15385,3e-05,172.217.194.0-255,1484,1701,69,248463
15386,3.5e-05,172.31.40.0-255,66,1767,69,248463
15387,3.8e-05,172.217.194.0-255,1484,3251,69,248463
15388,4.2e-05,172.31.40.0-255,66,3317,69,248463
15389,6.9e-05,172.217.194.0-255,1484,4801,69,248463
15390,7.2e-05,172.31.40.0-255,66,4867,69,248463
15391,8e-05,172.217.194.0-255,5738,10605,69,248463
15392,8.3e-05,172.31.40.0-255,66,10671,69,248463
15393,0.000116,172.217.194.0-255,3580,14251,69,248463
15394,0.000119,172.31.40.0-255,66,14317,69,248463
15395,0.000457,172.217.194.0-255,1484,15801,69,248463
15396,0.000464,172.31.40.0-255,66,15867,69,248463
15397,0.000469,172.217.194.0-255,2902,18769,69,248463
15398,0.000472,172.31.40.0-255,66,18835,69,248463
15399,0.000478,172.217.194.0-255,4320,23155,69,248463
15400,0.00048,172.31.40.0-255,66,23221,69,248463
15401,0.000503,172.217.194.0-255,1484,24705,69,248463
15402,0.000505,172.31.40.0-255,66,24771,69,248463
15403,0.000534,172.31.40.0-255,66,24837,69,248463
15404,0.000564,172.217.194.0-255,3961,28798,69,248463
15405,0.000567,172.31.40.0-255,66,28864,69,248463
15406,0.00058,172.31.40.0-255,66,28930,69,248463
15407,0.000584,172.217.194.0-255,1484,30414,69,248463
15408,0.000586,172.31.40.0-255,66,30480,69,248463
15409,0.000626,172.31.40.0-255,66,30546,69,248463
15410,0.000653,172.217.194.0-255,3602,34148,69,248463
15411,0.000656,172.31.40.0-255,66,34214,69,248463
15412,0.000659,172.217.194.0-255,676,34890,69,248463
15413,0.000693,172.217.194.0-255,1484,36374,69,248463
15414,0.000696,172.31.40.0-255,66,36440,69,248463
15415,0.0007,172.217.194.0-255,1484,37924,69,248463
15416,0.000733,172.217.194.0-255,1484,39408,69,248463
15417,0.000736,172.31.40.0-255,66,39474,69,248463
15418,0.000744,172.217.194.0-255,5738,45212,69,248463
15419,0.000747,172.31.40.0-255,66,45278,69,248463
15420,0.000759,172.31.40.0-255,66,45344,69,248463
15421,0.000834,172.31.40.0-255,66,45410,69,248463
15422,0.001549,172.217.194.0-255,1484,46894,69,248463
15423,0.001559,172.217.194.0-255,2902,49796,69,248463
15424,0.001563,172.31.40.0-255,66,49862,69,248463
15425,0.001582,172.217.194.0-255,2902,52764,69,248463
15426,0.001584,172.31.40.0-255,66,52830,69,248463
15427,0.001613,172.217.194.0-255,2902,55732,69,248463
15428,0.001617,172.31.40.0-255,66,55798,69,248463
15429,0.001625,172.217.194.0-255,7156,62954,69,248463
15430,0.001627,172.31.40.0-255,66,63020,69,248463
15431,0.001639,172.31.40.0-255,66,63086,69,248463
15432,0.001656,172.217.194.0-255,2902,65988,69,248463
15433,0.001659,172.31.40.0-255,66,66054,69,248463
15434,0.001663,172.217.194.0-255,2184,68238,69,248463
15435,0.001664,172.31.40.0-255,66,68304,69,248463
15436,0.001735,172.217.194.0-255,1484,69788,69,248463
15437,0.001741,172.217.194.0-255,2902,72690,69,248463
15438,0.001744,172.31.40.0-255,66,72756,69,248463
15439,0.001749,172.217.194.0-255,2902,75658,69,248463
15440,0.001751,172.31.40.0-255,66,75724,69,248463
15441,0.001767,172.217.194.0-255,2902,78626,69,248463
15442,0.001769,172.31.40.0-255,66,78692,69,248463
15443,0.001774,172.217.194.0-255,4320,83012,69,248463
15444,0.001776,172.31.40.0-255,66,83078,69,248463
15445,0.001806,172.217.194.0-255,5738,88816,69,248463
15446,0.001808,172.31.40.0-255,66,88882,69,248463
15447,0.001823,172.217.194.0-255,2902,91784,69,248463
15448,0.001825,172.31.40.0-255,66,91850,69,248463
15449,0.001851,172.31.40.0-255,66,91916,69,248463
15450,0.004438,172.217.194.0-255,4320,96236,69,248463
15451,0.004445,172.31.40.0-255,66,96302,69,248463
15452,0.004464,172.217.194.0-255,1484,97786,69,248463
15453,0.007013,172.217.194.0-255,4320,102106,69,248463
15454,0.007019,172.31.40.0-255,66,102172,69,248463
15455,0.009629,172.217.194.0-255,5738,107910,69,248463
15456,0.009636,172.31.40.0-255,66,107976,69,248463
15457,0.012258,172.217.194.0-255,5738,113714,69,248463
15458,0.012266,172.31.40.0-255,66,113780,69,248463
15459,0.014891,172.217.194.0-255,5738,119518,69,248463
15460,0.014899,172.31.40.0-255,66,119584,69,248463
15461,0.017463,172.217.194.0-255,5738,125322,69,248463
15462,0.017473,172.31.40.0-255,66,125388,69,248463
15463,0.020034,172.217.194.0-255,5738,131126,69,248463
15464,0.020041,172.31.40.0-255,66,131192,69,248463
15465,0.022603,172.217.194.0-255,1484,132676,69,248463
15466,0.022625,172.217.194.0-255,4320,136996,69,248463
15467,0.022629,172.31.40.0-255,66,137062,69,248463
15468,0.025261,172.217.194.0-255,5738,142800,69,248463
15469,0.025267,172.31.40.0-255,66,142866,69,248463
15470,0.02563,172.31.40.0-255,172,143038,69,248463
15471,0.02567,172.31.40.0-255,1111,144149,69,248463
15472,0.025742,172.31.40.0-255,1514,145663,69,248463
15473,0.025744,172.31.40.0-255,1514,147177,69,248463
15474,0.025746,172.31.40.0-255,1514,148691,69,248463
15475,0.025747,172.31.40.0-255,1514,150205,69,248463
15476,0.025748,172.31.40.0-255,546,150751,69,248463
15477,0.027176,104.244.42.0-255,66,150817,69,248463
15478,0.027229,104.244.42.0-255,66,150883,69,248463
15479,0.027317,104.244.42.0-255,66,150949,69,248463
15480,0.027321,104.244.42.0-255,66,151015,69,248463
15481,0.027889,172.217.194.0-255,4320,155335,69,248463
15482,0.027894,172.31.40.0-255,66,155401,69,248463
15483,0.027913,172.217.194.0-255,1484,156885,69,248463
15484,0.030515,172.217.194.0-255,4320,161205,69,248463
15485,0.030521,172.31.40.0-255,66,161271,69,248463
15486,0.033147,172.217.194.0-255,5738,167009,69,248463
15487,0.033159,172.31.40.0-255,66,167075,69,248463
15488,0.035797,172.217.194.0-255,5738,172813,69,248463
15489,0.035805,172.31.40.0-255,66,172879,69,248463
15490,0.038382,172.217.194.0-255,5738,178617,69,248463
15491,0.038389,172.31.40.0-255,66,178683,69,248463
15492,0.041053,172.217.194.0-255,5738,184421,69,248463
15493,0.041074,172.31.40.0-255,66,184487,69,248463
15494,0.043675,172.217.194.0-255,5738,190225,69,248463
15495,0.04369,172.31.40.0-255,66,190291,69,248463
15496,0.046352,172.217.194.0-255,5738,196029,69,248463
15497,0.046371,172.31.40.0-255,66,196095,69,248463
15498,0.048943,172.217.194.0-255,5738,201833,69,248463
15499,0.04895,172.31.40.0-255,66,201899,69,248463
15500,0.051534,172.217.194.0-255,5738,207637,69,248463
15501,0.051541,172.31.40.0-255,66,207703,69,248463
15502,0.054132,172.217.194.0-255,2902,210605,69,248463
15503,0.054137,172.31.40.0-255,66,210671,69,248463
15504,0.054157,172.217.194.0-255,2902,213573,69,248463
15505,0.05416,172.31.40.0-255,66,213639,69,248463
15506,0.056762,172.217.194.0-255,5738,219377,69,248463
15507,0.056768,172.31.40.0-255,66,219443,69,248463
15508,0.059349,172.217.194.0-255,5738,225181,69,248463
15509,0.059356,172.31.40.0-255,66,225247,69,248463
15510,0.061995,172.217.194.0-255,5738,230985,69,248463
15511,0.062001,172.31.40.0-255,66,231051,69,248463
15512,0.06464,172.217.194.0-255,5738,236789,69,248463
15513,0.064646,172.31.40.0-255,66,236855,69,248463
15514,0.067214,172.217.194.0-255,5738,242593,69,248463
15515,0.067224,172.31.40.0-255,66,242659,69,248463
15516,0.069791,172.217.194.0-255,5738,248397,69,248463
15517,0.069798,172.31.40.0-255,66,248463,69,248463
15518,0.0,172.217.194.0-255,297,297,69,265104
15519,2.1e-05,172.31.40.0-255,66,363,69,265104
15520,2.8e-05,172.217.194.0-255,1484,1847,69,265104
15521,3.1e-05,172.31.40.0-255,66,1913,69,265104
15522,3.8e-05,172.217.194.0-255,4320,6233,69,265104
15523,4.1e-05,172.31.40.0-255,66,6299,69,265104
15524,4.8e-05,172.217.194.0-255,7156,13455,69,265104
15525,5.2e-05,172.31.40.0-255,66,13521,69,265104
15526,5.4e-05,172.217.194.0-255,407,13928,69,265104
15527,5.7e-05,172.31.40.0-255,66,13994,69,265104
15528,0.000127,172.217.194.0-255,1484,15478,69,265104
15529,0.00013,172.31.40.0-255,66,15544,69,265104
15530,0.000148,172.217.194.0-255,4320,19864,69,265104
15531,0.000151,172.31.40.0-255,66,19930,69,265104
15532,0.000157,172.217.194.0-255,5738,25668,69,265104
15533,0.000159,172.31.40.0-255,66,25734,69,265104
15534,0.000181,172.217.194.0-255,1484,27218,69,265104
15535,0.000183,172.31.40.0-255,66,27284,69,265104
15536,0.000191,172.217.194.0-255,6797,34081,69,265104
15537,0.000193,172.31.40.0-255,66,34147,69,265104
15538,0.000208,172.217.194.0-255,2902,37049,69,265104
15539,0.00021,172.31.40.0-255,66,37115,69,265104
15540,0.000227,172.217.194.0-255,4320,41435,69,265104
15541,0.00023,172.31.40.0-255,66,41501,69,265104
15542,0.000232,172.217.194.0-255,1484,42985,69,265104
15543,0.000234,172.31.40.0-255,66,43051,69,265104
15544,0.000256,172.217.194.0-255,5379,48430,69,265104
15545,0.000259,172.31.40.0-255,66,48496,69,265104
15546,0.00028,172.217.194.0-255,2902,51398,69,265104
15547,0.000282,172.31.40.0-255,66,51464,69,265104
15548,0.000304,172.217.194.0-255,4320,55784,69,265104
15549,0.000307,172.31.40.0-255,66,55850,69,265104
15550,0.000313,172.217.194.0-255,5738,61588,69,265104
15551,0.000315,172.31.40.0-255,66,61654,69,265104
15552,0.000341,172.217.194.0-255,2902,64556,69,265104
15553,0.000344,172.31.40.0-255,66,64622,69,265104
15554,0.000355,172.217.194.0-255,1451,66073,69,265104
15555,0.000373,172.217.194.0-255,381,66454,69,265104
15556,0.000375,172.31.40.0-255,66,66520,69,265104
15557,0.000724,172.217.194.0-255,1484,68004,69,265104
15558,0.00073,172.217.194.0-255,2902,70906,69,265104
15559,0.000734,172.31.40.0-255,66,70972,69,265104
15560,0.00074,172.217.194.0-255,4320,75292,69,265104
15561,0.000742,172.31.40.0-255,66,75358,69,265104
15562,0.000754,172.217.194.0-255,1484,76842,69,265104
15563,0.00076,172.217.194.0-255,2902,79744,69,265104
15564,0.000762,172.31.40.0-255,66,79810,69,265104
15565,0.000787,172.217.194.0-255,7156,86966,69,265104
15566,0.000789,172.31.40.0-255,66,87032,69,265104
15567,0.000802,172.217.194.0-255,4320,91352,69,265104
15568,0.000804,172.31.40.0-255,66,91418,69,265104
15569,0.000843,172.31.40.0-255,66,91484,69,265104
15570,0.001068,172.217.194.0-255,1484,92968,69,265104
15571,0.001074,172.217.194.0-255,2902,95870,69,265104
15572,0.001078,172.31.40.0-255,66,95936,69,265104
15573,0.001084,172.217.194.0-255,4320,100256,69,265104
15574,0.001086,172.31.40.0-255,66,100322,69,265104
15575,0.001097,172.217.194.0-255,1484,101806,69,265104
15576,0.001104,172.217.194.0-255,5738,107544,69,265104
15577,0.001106,172.31.40.0-255,66,107610,69,265104
15578,0.001128,172.217.194.0-255,2902,110512,69,265104
15579,0.001131,172.31.40.0-255,66,110578,69,265104
15580,0.001164,172.217.194.0-255,1484,112062,69,265104
15581,0.001201,172.31.40.0-255,66,112128,69,265104
15582,0.001207,172.217.194.0-255,1484,113612,69,265104
15583,0.001209,172.217.194.0-255,1484,115096,69,265104
15584,0.001214,172.31.40.0-255,66,115162,69,265104
15585,0.001221,172.217.194.0-255,1484,116646,69,265104
15586,0.001227,172.217.194.0-255,4320,120966,69,265104
15587,0.00124,172.217.194.0-255,1484,122450,69,265104
15588,0.001242,172.217.194.0-255,1484,123934,69,265104
15589,0.001252,172.217.194.0-255,2902,126836,69,265104
15590,0.001271,172.31.40.0-255,66,126902,69,265104
15591,0.001275,172.31.40.0-255,66,126968,69,265104
15592,0.001288,172.217.194.0-255,2902,129870,69,265104
15593,0.001301,172.217.194.0-255,4320,134190,69,265104
15594,0.001305,172.31.40.0-255,66,134256,69,265104
15595,0.001329,172.217.194.0-255,4320,138576,69,265104
15596,0.001339,172.31.40.0-255,66,138642,69,265104
15597,0.001364,172.217.194.0-255,4320,142962,69,265104
15598,0.001376,172.31.40.0-255,66,143028,69,265104
15599,0.00141,172.217.194.0-255,1484,144512,69,265104
15600,0.001417,172.31.40.0-255,66,144578,69,265104
15601,0.001425,172.217.194.0-255,2902,147480,69,265104
15602,0.001429,172.31.40.0-255,66,147546,69,265104
15603,0.001451,172.217.194.0-255,1484,149030,69,265104
15604,0.001458,172.31.40.0-255,66,149096,69,265104
15605,0.001488,172.31.40.0-255,66,149162,69,265104
15606,0.001495,172.217.194.0-255,5738,154900,69,265104
15607,0.001499,172.217.194.0-255,3602,158502,69,265104
15608,0.001504,172.31.40.0-255,66,158568,69,265104
15609,0.001527,172.217.194.0-255,1484,160052,69,265104
15610,0.001531,172.217.194.0-255,2902,162954,69,265104
15611,0.001536,172.217.194.0-255,5738,168692,69,265104
15612,0.001549,172.31.40.0-255,66,168758,69,265104
15613,0.001552,172.217.194.0-255,1484,170242,69,265104
15614,0.001583,172.217.194.0-255,2902,173144,69,265104
15615,0.001588,172.31.40.0-255,66,173210,69,265104
15616,0.001619,172.217.194.0-255,2902,176112,69,265104
15617,0.001625,172.31.40.0-255,66,176178,69,265104
15618,0.001649,172.217.194.0-255,5020,181198,69,265104
15619,0.001654,172.31.40.0-255,66,181264,69,265104
15620,0.001791,172.217.194.0-255,1484,182748,69,265104
15621,0.001805,172.217.194.0-255,2902,185650,69,265104
15622,0.001822,172.217.194.0-255,5738,191388,69,265104
15623,0.00183,172.31.40.0-255,66,191454,69,265104
15624,0.001955,172.31.40.0-255,66,191520,69,265104
15625,0.001999,172.31.40.0-255,66,191586,69,265104
15626,0.002062,172.217.194.0-255,1484,193070,69,265104
15627,0.002066,172.217.194.0-255,1484,194554,69,265104
15628,0.002071,172.31.40.0-255,66,194620,69,265104
15629,0.002088,172.217.194.0-255,1484,196104,69,265104
15630,0.002095,172.217.194.0-255,5738,201842,69,265104
15631,0.002101,172.31.40.0-255,66,201908,69,265104
15632,0.00212,172.31.40.0-255,66,201974,69,265104
15633,0.002129,172.217.194.0-255,4320,206294,69,265104
15634,0.002137,172.217.194.0-255,7156,213450,69,265104
15635,0.002151,172.217.194.0-255,3602,217052,69,265104
15636,0.002167,172.31.40.0-255,66,217118,69,265104
15637,0.002244,172.217.194.0-255,1484,218602,69,265104
15638,0.002259,172.217.194.0-255,2902,221504,69,265104
15639,0.002262,172.217.194.0-255,1484,222988,69,265104
15640,0.002275,172.217.194.0-255,2902,225890,69,265104
15641,0.002284,172.31.40.0-255,66,225956,69,265104
15642,0.002297,172.217.194.0-255,1484,227440,69,265104
15643,0.002303,172.217.194.0-255,5738,233178,69,265104
15644,0.002327,172.217.194.0-255,2902,236080,69,265104
15645,0.002341,172.217.194.0-255,5020,241100,69,265104
15646,0.002345,172.31.40.0-255,66,241166,69,265104
15647,0.004619,172.217.194.0-255,5738,246904,69,265104
15648,0.004623,172.31.40.0-255,66,246970,69,265104
15649,0.00692,172.217.194.0-255,5738,252708,69,265104
15650,0.006927,172.31.40.0-255,66,252774,69,265104
15651,0.009221,172.217.194.0-255,4142,256916,69,265104
15652,0.009226,172.31.40.0-255,66,256982,69,265104
15653,0.011954,172.31.40.0-255,105,257087,69,265104
15654,0.014183,172.217.194.0-255,66,257153,69,265104
15655,0.032428,172.31.40.0-255,172,257325,69,265104
15656,0.032462,172.31.40.0-255,1116,258441,69,265104
15657,0.032535,172.31.40.0-255,1514,259955,69,265104
15658,0.032537,172.31.40.0-255,1514,261469,69,265104
15659,0.032538,172.31.40.0-255,1514,262983,69,265104
15660,0.032539,172.31.40.0-255,1514,264497,69,265104
15661,0.03254,172.31.40.0-255,541,265038,69,265104
15662,0.034118,104.244.42.0-255,66,265104,69,265104
15663,0.0,74.125.68.0-255,153,153,69,358953
15664,1.8e-05,172.31.40.0-255,66,219,69,358953
15665,2.6e-05,74.125.68.0-255,1484,1703,69,358953
15666,3.1e-05,172.31.40.0-255,66,1769,69,358953
15667,3.5e-05,74.125.68.0-255,1484,3253,69,358953
15668,4.6e-05,172.31.40.0-255,66,3319,69,358953
15669,5.3e-05,74.125.68.0-255,2902,6221,69,358953
15670,5.6e-05,172.31.40.0-255,66,6287,69,358953
15671,5.9e-05,74.125.68.0-255,1484,7771,69,358953
15672,6.1e-05,172.31.40.0-255,66,7837,69,358953
15673,8.5e-05,74.125.68.0-255,4320,12157,69,358953
15674,8.8e-05,172.31.40.0-255,66,12223,69,358953
15675,9.8e-05,74.125.68.0-255,2055,14278,69,358953
15676,0.0001,172.31.40.0-255,66,14344,69,358953
15677,0.000104,74.125.68.0-255,2902,17246,69,358953
15678,0.000106,172.31.40.0-255,66,17312,69,358953
15679,0.000111,74.125.68.0-255,2902,20214,69,358953
15680,0.000114,172.31.40.0-255,66,20280,69,358953
15681,0.000148,74.125.68.0-255,4320,24600,69,358953
15682,0.000151,172.31.40.0-255,66,24666,69,358953
15683,0.000158,74.125.68.0-255,6797,31463,69,358953
15684,0.00016,172.31.40.0-255,66,31529,69,358953
15685,0.000216,74.125.68.0-255,1484,33013,69,358953
15686,0.000219,172.31.40.0-255,66,33079,69,358953
15687,0.000224,74.125.68.0-255,2902,35981,69,358953
15688,0.000226,172.31.40.0-255,66,36047,69,358953
15689,0.000242,74.125.68.0-255,1484,37531,69,358953
15690,0.000245,172.31.40.0-255,66,37597,69,358953
15691,0.000268,74.125.68.0-255,4320,41917,69,358953
15692,0.00027,172.31.40.0-255,66,41983,69,358953
15693,0.00028,74.125.68.0-255,4320,46303,69,358953
15694,0.000283,172.31.40.0-255,66,46369,69,358953
15695,0.000303,74.125.68.0-255,1484,47853,69,358953
15696,0.000305,74.125.68.0-255,1125,48978,69,358953
15697,0.000324,172.31.40.0-255,66,49044,69,358953
15698,0.000349,74.125.68.0-255,1484,50528,69,358953
15699,0.000355,74.125.68.0-255,2902,53430,69,358953
15700,0.000371,74.125.68.0-255,5738,59168,69,358953
15701,0.000394,74.125.68.0-255,6797,65965,69,358953
15702,0.000428,74.125.68.0-255,646,66611,69,358953
15703,0.000571,172.31.40.0-255,66,66677,69,358953
15704,0.00064,74.125.68.0-255,1484,68161,69,358953
15705,0.000645,74.125.68.0-255,1484,69645,69,358953
15706,0.00065,172.31.40.0-255,66,69711,69,358953
15707,0.000658,74.125.68.0-255,1484,71195,69,358953
15708,0.000669,74.125.68.0-255,2902,74097,69,358953
15709,0.000674,172.31.40.0-255,66,74163,69,358953
15710,0.000693,74.125.68.0-255,2902,77065,69,358953
15711,0.000697,74.125.68.0-255,1484,78549,69,358953
15712,0.000713,74.125.68.0-255,5738,84287,69,358953
15713,0.000735,172.31.40.0-255,66,84353,69,358953
15714,0.000745,74.125.68.0-255,4320,88673,69,358953
15715,0.000749,172.31.40.0-255,66,88739,69,358953
15716,0.000792,74.125.68.0-255,3602,92341,69,358953
15717,0.000805,172.31.40.0-255,66,92407,69,358953
15718,0.000836,74.125.68.0-255,4320,96727,69,358953
15719,0.000841,74.125.68.0-255,2902,99629,69,358953
15720,0.000861,172.31.40.0-255,66,99695,69,358953
15721,0.000904,74.125.68.0-255,5738,105433,69,358953
15722,0.000914,172.31.40.0-255,66,105499,69,358953
15723,0.000942,74.125.68.0-255,5738,111237,69,358953
15724,0.000961,74.125.68.0-255,4320,115557,69,358953
15725,0.000976,74.125.68.0-255,5738,121295,69,358953
15726,0.000993,172.31.40.0-255,66,121361,69,358953
15727,0.001034,74.125.68.0-255,7156,128517,69,358953
15728,0.001048,74.125.68.0-255,2184,130701,69,358953
15729,0.001055,172.31.40.0-255,66,130767,69,358953
15730,0.00117,74.125.68.0-255,1484,132251,69,358953
15731,0.001174,74.125.68.0-255,1484,133735,69,358953
15732,0.001187,74.125.68.0-255,1484,135219,69,358953
15733,0.001197,172.31.40.0-255,66,135285,69,358953
15734,0.001204,74.125.68.0-255,5738,141023,69,358953
15735,0.001209,172.31.40.0-255,66,141089,69,358953
15736,0.001251,74.125.68.0-255,7156,148245,69,358953
15737,0.001256,74.125.68.0-255,2902,151147,69,358953
15738,0.001289,172.31.40.0-255,66,151213,69,358953
15739,0.001297,74.125.68.0-255,1484,152697,69,358953
15740,0.001317,74.125.68.0-255,2184,154881,69,358953
15741,0.001319,172.31.40.0-255,66,154947,69,358953
15742,0.001355,172.31.40.0-255,66,155013,69,358953
15743,0.001406,74.125.68.0-255,1484,156497,69,358953
15744,0.001423,74.125.68.0-255,2902,159399,69,358953
15745,0.001439,172.31.40.0-255,66,159465,69,358953
15746,0.001467,74.125.68.0-255,5738,165203,69,358953
15747,0.001472,74.125.68.0-255,2902,168105,69,358953
15748,0.001479,172.31.40.0-255,66,168171,69,358953
15749,0.00149,74.125.68.0-255,5738,173909,69,358953
15750,0.001495,74.125.68.0-255,4320,178229,69,358953
15751,0.001514,74.125.68.0-255,4320,182549,69,358953
15752,0.001516,172.31.40.0-255,66,182615,69,358953
15753,0.001541,74.125.68.0-255,1484,184099,69,358953
15754,0.001544,74.125.68.0-255,1484,185583,69,358953
15755,0.001552,172.31.40.0-255,66,185649,69,358953
15756,0.001565,74.125.68.0-255,3602,189251,69,358953
15757,0.001575,172.31.40.0-255,66,189317,69,358953
15758,0.00161,74.125.68.0-255,1484,190801,69,358953
15759,0.001615,74.125.68.0-255,2902,193703,69,358953
15760,0.001627,172.31.40.0-255,66,193769,69,358953
15761,0.001664,74.125.68.0-255,1484,195253,69,358953
15762,0.001679,74.125.68.0-255,1484,196737,69,358953
15763,0.00169,172.31.40.0-255,66,196803,69,358953
15764,0.0017,74.125.68.0-255,2902,199705,69,358953
15765,0.00171,172.31.40.0-255,66,199771,69,358953
15766,0.001717,74.125.68.0-255,1484,201255,69,358953
15767,0.001804,74.125.68.0-255,7156,208411,69,358953
15768,0.00182,74.125.68.0-255,6438,214849,69,358953
15769,0.001824,74.125.68.0-255,2902,217751,69,358953
15770,0.001844,74.125.68.0-255,4320,222071,69,358953
15771,0.001856,74.125.68.0-255,1484,223555,69,358953
15772,0.00186,172.31.40.0-255,66,223621,69,358953
15773,0.001888,74.125.68.0-255,2902,226523,69,358953
15774,0.001896,74.125.68.0-255,5738,232261,69,358953
15775,0.001903,74.125.68.0-255,7156,239417,69,358953
15776,0.001906,74.125.68.0-255,2902,242319,69,358953
15777,0.001912,74.125.68.0-255,4320,246639,69,358953
15778,0.001915,74.125.68.0-255,2184,248823,69,358953
15779,0.001925,172.31.40.0-255,66,248889,69,358953
15780,0.001969,74.125.68.0-255,1484,250373,69,358953
15781,0.001987,74.125.68.0-255,2902,253275,69,358953
15782,0.001992,172.31.40.0-255,66,253341,69,358953
15783,0.002022,74.125.68.0-255,5738,259079,69,358953
15784,0.00203,74.125.68.0-255,7156,266235,69,358953
15785,0.002037,172.31.40.0-255,66,266301,69,358953
15786,0.002076,74.125.68.0-255,5738,272039,69,358953
15787,0.00209,172.31.40.0-255,66,272105,69,358953
15788,0.002095,74.125.68.0-255,2902,275007,69,358953
15789,0.002113,172.31.40.0-255,66,275073,69,358953
15790,0.002118,74.125.68.0-255,4320,279393,69,358953
15791,0.002123,74.125.68.0-255,3602,282995,69,358953
15792,0.002152,172.31.40.0-255,66,283061,69,358953
15793,0.002165,74.125.68.0-255,1484,284545,69,358953
15794,0.002185,74.125.68.0-255,1484,286029,69,358953
15795,0.002191,74.125.68.0-255,4320,290349,69,358953
15796,0.002194,74.125.68.0-255,1484,291833,69,358953
15797,0.002198,172.31.40.0-255,66,291899,69,358953
15798,0.002246,74.125.68.0-255,7156,299055,69,358953
15799,0.002253,74.125.68.0-255,5738,304793,69,358953
15800,0.00226,74.125.68.0-255,7156,311949,69,358953
15801,0.002265,74.125.68.0-255,4320,316269,69,358953
15802,0.002283,74.125.68.0-255,3602,319871,69,358953
15803,0.00229,74.125.68.0-255,7156,327027,69,358953
15804,0.002295,172.31.40.0-255,66,327093,69,358953
15805,0.002302,74.125.68.0-255,1484,328577,69,358953
15806,0.00233,74.125.68.0-255,2902,331479,69,358953
15807,0.002343,172.31.40.0-255,66,331545,69,358953
15808,0.00235,74.125.68.0-255,7156,338701,69,358953
15809,0.002355,172.31.40.0-255,66,338767,69,358953
15810,0.002379,74.125.68.0-255,1484,340251,69,358953
15811,0.002398,74.125.68.0-255,2184,342435,69,358953
15812,0.00242,74.125.68.0-255,5738,348173,69,358953
15813,0.002445,74.125.68.0-255,5738,353911,69,358953
15814,0.002449,74.125.68.0-255,2587,356498,69,358953
15815,0.002456,172.31.40.0-255,66,356564,69,358953
15816,0.002489,74.125.68.0-255,105,356669,69,358953
15817,0.011117,172.31.40.0-255,66,356735,69,358953
15818,0.011158,172.31.40.0-255,105,356840,69,358953
15819,0.013847,74.125.68.0-255,66,356906,69,358953
15820,0.035157,172.31.40.0-255,172,357078,69,358953
15821,0.035194,172.31.40.0-255,1116,358194,69,358953
15822,0.035252,172.31.40.0-255,561,358755,69,358953
15823,0.036807,104.244.42.0-255,66,358821,69,358953
15824,0.036915,104.244.42.0-255,66,358887,69,358953
15825,0.036929,104.244.42.0-255,66,358953,69,358953
