,TIME,SRC,PACKET_SIZE,CUMULATIVE_PACKET_SIZE,PAGE_NUMBER,TOTAL_PACKET_SIZE
0,0.0,172.217.194.0-255,150,150,62,223510
1,2.4e-05,172.31.40.0-255,66,216,62,223510
2,3.1e-05,172.217.194.0-255,1484,1700,62,223510
3,3.5e-05,172.31.40.0-255,66,1766,62,223510
4,4.1e-05,172.217.194.0-255,2902,4668,62,223510
5,4.4e-05,172.31.40.0-255,66,4734,62,223510
6,5.1e-05,172.217.194.0-255,5738,10472,62,223510
7,5.4e-05,172.31.40.0-255,66,10538,62,223510
8,9.5e-05,172.31.40.0-255,66,10604,62,223510
9,9.8e-05,172.217.194.0-255,1484,12088,62,223510
10,0.0001,172.31.40.0-255,66,12154,62,223510
11,0.00013,172.217.194.0-255,2902,15056,62,223510
12,0.000132,172.31.40.0-255,66,15122,62,223510
13,0.000173,172.31.40.0-255,66,15188,62,223510
14,0.000179,172.217.194.0-255,5020,20208,62,223510
15,0.000181,172.31.40.0-255,66,20274,62,223510
16,0.001007,172.217.194.0-255,1484,21758,62,223510
17,0.001014,172.31.40.0-255,66,21824,62,223510
18,0.001023,172.217.194.0-255,2902,24726,62,223510
19,0.001025,172.31.40.0-255,66,24792,62,223510
20,0.001033,172.217.194.0-255,5738,30530,62,223510
21,0.001035,172.31.40.0-255,66,30596,62,223510
22,0.00104,172.217.194.0-255,2902,33498,62,223510
23,0.001042,172.31.40.0-255,66,33564,62,223510
24,0.001081,172.217.194.0-255,7156,40720,62,223510
25,0.001084,172.31.40.0-255,66,40786,62,223510
26,0.001099,172.217.194.0-255,2797,43583,62,223510
27,0.001101,172.31.40.0-255,66,43649,62,223510
28,0.001123,172.31.40.0-255,66,43715,62,223510
29,0.001149,172.217.194.0-255,1439,45154,62,223510
30,0.001495,172.217.194.0-255,1484,46638,62,223510
31,0.001503,172.31.40.0-255,66,46704,62,223510
32,0.001509,172.217.194.0-255,2902,49606,62,223510
33,0.001511,172.31.40.0-255,66,49672,62,223510
34,0.001517,172.217.194.0-255,4320,53992,62,223510
35,0.001519,172.31.40.0-255,66,54058,62,223510
36,0.001543,172.217.194.0-255,1484,55542,62,223510
37,0.001565,172.217.194.0-255,4320,59862,62,223510
38,0.001567,172.31.40.0-255,66,59928,62,223510
39,0.001587,172.217.194.0-255,4320,64248,62,223510
40,0.001589,172.31.40.0-255,66,64314,62,223510
41,0.001616,172.31.40.0-255,66,64380,62,223510
42,0.00162,172.217.194.0-255,2902,67282,62,223510
43,0.001623,172.31.40.0-255,66,67348,62,223510
44,0.001658,172.217.194.0-255,2184,69532,62,223510
45,0.00166,172.31.40.0-255,66,69598,62,223510
46,0.004993,172.217.194.0-255,1484,71082,62,223510
47,0.005005,172.217.194.0-255,2902,73984,62,223510
48,0.00501,172.31.40.0-255,66,74050,62,223510
49,0.005015,172.217.194.0-255,1484,75534,62,223510
50,0.007581,172.217.194.0-255,4320,79854,62,223510
51,0.007589,172.31.40.0-255,66,79920,62,223510
52,0.010167,172.217.194.0-255,5738,85658,62,223510
53,0.010183,172.31.40.0-255,66,85724,62,223510
54,0.01278,172.217.194.0-255,5738,91462,62,223510
55,0.012792,172.31.40.0-255,66,91528,62,223510
56,0.015385,172.217.194.0-255,5738,97266,62,223510
57,0.015395,172.31.40.0-255,66,97332,62,223510
58,0.017988,172.217.194.0-255,5738,103070,62,223510
59,0.017998,172.31.40.0-255,66,103136,62,223510
60,0.020583,172.217.194.0-255,5738,108874,62,223510
61,0.0206,172.31.40.0-255,66,108940,62,223510
62,0.023208,172.217.194.0-255,5738,114678,62,223510
63,0.023218,172.31.40.0-255,66,114744,62,223510
64,0.025814,172.217.194.0-255,5738,120482,62,223510
65,0.025831,172.31.40.0-255,66,120548,62,223510
66,0.028423,172.217.194.0-255,5738,126286,62,223510
67,0.028433,172.31.40.0-255,66,126352,62,223510
68,0.028515,172.31.40.0-255,172,126524,62,223510
69,0.028543,172.31.40.0-255,1110,127634,62,223510
70,0.028609,172.31.40.0-255,1514,129148,62,223510
71,0.028611,172.31.40.0-255,1300,130448,62,223510
72,0.030068,104.244.42.0-255,66,130514,62,223510
73,0.030106,104.244.42.0-255,66,130580,62,223510
74,0.030152,104.244.42.0-255,66,130646,62,223510
75,0.031009,172.217.194.0-255,5738,136384,62,223510
76,0.031018,172.31.40.0-255,66,136450,62,223510
77,0.033601,172.217.194.0-255,5738,142188,62,223510
78,0.033607,172.31.40.0-255,66,142254,62,223510
79,0.036218,172.217.194.0-255,5738,147992,62,223510
80,0.036224,172.31.40.0-255,66,148058,62,223510
81,0.038798,172.217.194.0-255,5738,153796,62,223510
82,0.038806,172.31.40.0-255,66,153862,62,223510
83,0.041381,172.217.194.0-255,5738,159600,62,223510
84,0.041387,172.31.40.0-255,66,159666,62,223510
85,0.04397,172.217.194.0-255,5738,165404,62,223510
86,0.043978,172.31.40.0-255,66,165470,62,223510
87,0.046597,172.217.194.0-255,5738,171208,62,223510
88,0.046603,172.31.40.0-255,66,171274,62,223510
89,0.049182,172.217.194.0-255,5738,177012,62,223510
90,0.049189,172.31.40.0-255,66,177078,62,223510
91,0.051783,172.217.194.0-255,5738,182816,62,223510
92,0.051789,172.31.40.0-255,66,182882,62,223510
93,0.054369,172.217.194.0-255,5738,188620,62,223510
94,0.054376,172.31.40.0-255,66,188686,62,223510
95,0.056945,172.217.194.0-255,5738,194424,62,223510
96,0.056951,172.31.40.0-255,66,194490,62,223510
97,0.059534,172.217.194.0-255,5738,200228,62,223510
98,0.059539,172.31.40.0-255,66,200294,62,223510
99,0.062118,172.217.194.0-255,5738,206032,62,223510
100,0.062124,172.31.40.0-255,66,206098,62,223510
101,0.06477,172.217.194.0-255,5738,211836,62,223510
102,0.064776,172.31.40.0-255,66,211902,62,223510
103,0.067358,172.217.194.0-255,5738,217640,62,223510
104,0.067364,172.31.40.0-255,66,217706,62,223510
105,0.069967,172.217.194.0-255,5738,223444,62,223510
106,0.069973,172.31.40.0-255,66,223510,62,223510
107,0.0,172.217.194.0-255,290,290,62,157719
108,1.8e-05,172.31.40.0-255,66,356,62,157719
109,2.4e-05,172.217.194.0-255,1484,1840,62,157719
110,2.8e-05,172.31.40.0-255,66,1906,62,157719
111,4.3e-05,172.217.194.0-255,4320,6226,62,157719
112,4.7e-05,172.31.40.0-255,66,6292,62,157719
113,5.9e-05,172.31.40.0-255,66,6358,62,157719
114,0.000114,172.31.40.0-255,66,6424,62,157719
115,0.000119,172.217.194.0-255,2543,8967,62,157719
116,0.000121,172.31.40.0-255,66,9033,62,157719
117,0.000793,172.217.194.0-255,1484,10517,62,157719
118,0.000799,172.31.40.0-255,66,10583,62,157719
119,0.000806,172.217.194.0-255,2902,13485,62,157719
120,0.000808,172.31.40.0-255,66,13551,62,157719
121,0.000811,172.217.194.0-255,1484,15035,62,157719
122,0.000813,172.31.40.0-255,66,15101,62,157719
123,0.00084,172.217.194.0-255,4320,19421,62,157719
124,0.000842,172.31.40.0-255,66,19487,62,157719
125,0.000861,172.31.40.0-255,66,19553,62,157719
126,0.000868,172.217.194.0-255,5738,25291,62,157719
127,0.00087,172.31.40.0-255,66,25357,62,157719
128,0.000904,172.217.194.0-255,5020,30377,62,157719
129,0.000908,172.31.40.0-255,66,30443,62,157719
130,0.000944,172.217.194.0-255,646,31089,62,157719
131,0.000948,172.31.40.0-255,66,31155,62,157719
132,0.000981,172.217.194.0-255,1484,32639,62,157719
133,0.000984,172.31.40.0-255,66,32705,62,157719
134,0.000987,172.217.194.0-255,1484,34189,62,157719
135,0.00099,172.31.40.0-255,66,34255,62,157719
136,0.001023,172.217.194.0-255,2902,37157,62,157719
137,0.001026,172.31.40.0-255,66,37223,62,157719
138,0.001034,172.217.194.0-255,7156,44379,62,157719
139,0.001036,172.31.40.0-255,66,44445,62,157719
140,0.00104,172.217.194.0-255,2902,47347,62,157719
141,0.001042,172.31.40.0-255,66,47413,62,157719
142,0.001098,172.31.40.0-255,66,47479,62,157719
143,0.001104,172.217.194.0-255,5020,52499,62,157719
144,0.001107,172.31.40.0-255,66,52565,62,157719
145,0.001266,172.217.194.0-255,1484,54049,62,157719
146,0.001283,172.217.194.0-255,2902,56951,62,157719
147,0.001287,172.31.40.0-255,66,57017,62,157719
148,0.001293,172.217.194.0-255,4320,61337,62,157719
149,0.001295,172.31.40.0-255,66,61403,62,157719
150,0.001329,172.217.194.0-255,1484,62887,62,157719
151,0.001337,172.217.194.0-255,7156,70043,62,157719
152,0.00134,172.31.40.0-255,66,70109,62,157719
153,0.001355,172.31.40.0-255,66,70175,62,157719
154,0.001368,172.217.194.0-255,7156,77331,62,157719
155,0.00137,172.31.40.0-255,66,77397,62,157719
156,0.001408,172.217.194.0-255,5738,83135,62,157719
157,0.001413,172.31.40.0-255,66,83201,62,157719
158,0.001416,172.31.40.0-255,66,83267,62,157719
159,0.001447,172.31.40.0-255,66,83333,62,157719
160,0.001457,172.217.194.0-255,5020,88353,62,157719
161,0.001459,172.31.40.0-255,66,88419,62,157719
162,0.001501,172.217.194.0-255,5738,94157,62,157719
163,0.001504,172.31.40.0-255,66,94223,62,157719
164,0.001541,172.217.194.0-255,4320,98543,62,157719
165,0.001544,172.31.40.0-255,66,98609,62,157719
166,0.001565,172.31.40.0-255,66,98675,62,157719
167,0.001573,172.217.194.0-255,6438,105113,62,157719
168,0.001576,172.31.40.0-255,66,105179,62,157719
169,0.001615,172.217.194.0-255,1484,106663,62,157719
170,0.00162,172.217.194.0-255,2902,109565,62,157719
171,0.001623,172.31.40.0-255,66,109631,62,157719
172,0.001653,172.217.194.0-255,5738,115369,62,157719
173,0.001665,172.31.40.0-255,66,115435,62,157719
174,0.001668,172.31.40.0-255,66,115501,62,157719
175,0.001701,172.217.194.0-255,4320,119821,62,157719
176,0.001704,172.31.40.0-255,66,119887,62,157719
177,0.001717,172.31.40.0-255,66,119953,62,157719
178,0.001721,172.217.194.0-255,2902,122855,62,157719
179,0.001724,172.31.40.0-255,66,122921,62,157719
180,0.001783,172.31.40.0-255,66,122987,62,157719
181,0.001808,172.217.194.0-255,1484,124471,62,157719
182,0.001829,172.31.40.0-255,66,124537,62,157719
183,0.00184,172.31.40.0-255,66,124603,62,157719
184,0.001856,172.31.40.0-255,66,124669,62,157719
185,0.001901,172.217.194.0-255,6438,131107,62,157719
186,0.001907,172.217.194.0-255,5738,136845,62,157719
187,0.001911,172.31.40.0-255,66,136911,62,157719
188,0.001922,172.217.194.0-255,1484,138395,62,157719
189,0.001972,172.217.194.0-255,4320,142715,62,157719
190,0.001986,172.31.40.0-255,66,142781,62,157719
191,0.001991,172.31.40.0-255,66,142847,62,157719
192,0.002037,172.31.40.0-255,66,142913,62,157719
193,0.00212,172.217.194.0-255,2902,145815,62,157719
194,0.002155,172.31.40.0-255,66,145881,62,157719
195,0.002172,172.31.40.0-255,66,145947,62,157719
196,0.002202,172.217.194.0-255,2163,148110,62,157719
197,0.002205,172.217.194.0-255,105,148215,62,157719
198,0.00221,172.31.40.0-255,66,148281,62,157719
199,0.01294,172.31.40.0-255,105,148386,62,157719
200,0.01563,172.217.194.0-255,66,148452,62,157719
201,0.044761,172.31.40.0-255,172,148624,62,157719
202,0.044791,172.31.40.0-255,1110,149734,62,157719
203,0.044858,172.31.40.0-255,1514,151248,62,157719
204,0.04486,172.31.40.0-255,1514,152762,62,157719
205,0.044866,172.31.40.0-255,1514,154276,62,157719
206,0.044867,172.31.40.0-255,1514,155790,62,157719
207,0.044886,172.31.40.0-255,1514,157304,62,157719
208,0.044887,172.31.40.0-255,151,157455,62,157719
209,0.046424,104.244.42.0-255,66,157521,62,157719
210,0.046454,104.244.42.0-255,66,157587,62,157719
211,0.046528,104.244.42.0-255,66,157653,62,157719
212,0.046551,104.244.42.0-255,66,157719,62,157719
213,0.0,216.58.221.0-255,153,153,62,253090
214,2.1e-05,172.31.40.0-255,66,219,62,253090
215,2.8e-05,216.58.221.0-255,1484,1703,62,253090
216,3.3e-05,172.31.40.0-255,66,1769,62,253090
217,3.9e-05,216.58.221.0-255,2902,4671,62,253090
218,5e-05,172.31.40.0-255,66,4737,62,253090
219,5.8e-05,216.58.221.0-255,7156,11893,62,253090
220,6.1e-05,172.31.40.0-255,66,11959,62,253090
221,0.000108,216.58.221.0-255,2095,14054,62,253090
222,0.000111,172.31.40.0-255,66,14120,62,253090
223,0.000283,216.58.221.0-255,1484,15604,62,253090
224,0.000288,172.31.40.0-255,66,15670,62,253090
225,0.000294,216.58.221.0-255,2902,18572,62,253090
226,0.000297,172.31.40.0-255,66,18638,62,253090
227,0.000307,216.58.221.0-255,4320,22958,62,253090
228,0.00031,172.31.40.0-255,66,23024,62,253090
229,0.000342,216.58.221.0-255,1484,24508,62,253090
230,0.000345,172.31.40.0-255,66,24574,62,253090
231,0.000353,216.58.221.0-255,6797,31371,62,253090
232,0.000355,172.31.40.0-255,66,31437,62,253090
233,0.000367,216.58.221.0-255,7156,38593,62,253090
234,0.00037,172.31.40.0-255,66,38659,62,253090
235,0.000376,216.58.221.0-255,4320,42979,62,253090
236,0.000378,172.31.40.0-255,66,43045,62,253090
237,0.000413,216.58.221.0-255,4320,47365,62,253090
238,0.000416,172.31.40.0-255,66,47431,62,253090
239,0.000419,216.58.221.0-255,1125,48556,62,253090
240,0.00042,172.31.40.0-255,66,48622,62,253090
241,0.000472,216.58.221.0-255,1484,50106,62,253090
242,0.000475,172.31.40.0-255,66,50172,62,253090
243,0.00048,216.58.221.0-255,2902,53074,62,253090
244,0.000482,172.31.40.0-255,66,53140,62,253090
245,0.000487,216.58.221.0-255,4320,57460,62,253090
246,0.000493,172.31.40.0-255,66,57526,62,253090
247,0.000527,172.31.40.0-255,66,57592,62,253090
248,0.002599,216.58.221.0-255,5738,63330,62,253090
249,0.002607,172.31.40.0-255,66,63396,62,253090
250,0.004683,216.58.221.0-255,4320,67716,62,253090
251,0.004689,172.31.40.0-255,66,67782,62,253090
252,0.004718,216.58.221.0-255,1484,69266,62,253090
253,0.006743,216.58.221.0-255,4320,73586,62,253090
254,0.006748,172.31.40.0-255,66,73652,62,253090
255,0.008818,216.58.221.0-255,5738,79390,62,253090
256,0.008825,172.31.40.0-255,66,79456,62,253090
257,0.010898,216.58.221.0-255,4320,83776,62,253090
258,0.010906,172.31.40.0-255,66,83842,62,253090
259,0.010937,216.58.221.0-255,1484,85326,62,253090
260,0.012976,216.58.221.0-255,4320,89646,62,253090
261,0.012984,172.31.40.0-255,66,89712,62,253090
262,0.015057,216.58.221.0-255,5738,95450,62,253090
263,0.015065,172.31.40.0-255,66,95516,62,253090
264,0.017128,216.58.221.0-255,5738,101254,62,253090
265,0.017135,172.31.40.0-255,66,101320,62,253090
266,0.019214,216.58.221.0-255,5738,107058,62,253090
267,0.019221,172.31.40.0-255,66,107124,62,253090
268,0.021289,216.58.221.0-255,5738,112862,62,253090
269,0.021296,172.31.40.0-255,66,112928,62,253090
270,0.023377,216.58.221.0-255,5738,118666,62,253090
271,0.023385,172.31.40.0-255,66,118732,62,253090
272,0.025342,172.31.40.0-255,172,118904,62,253090
273,0.025375,172.31.40.0-255,1106,120010,62,253090
274,0.025439,172.31.40.0-255,1514,121524,62,253090
275,0.025441,172.31.40.0-255,1304,122828,62,253090
276,0.02545,216.58.221.0-255,5738,128566,62,253090
277,0.025455,172.31.40.0-255,66,128632,62,253090
278,0.027003,104.244.42.0-255,66,128698,62,253090
279,0.027136,104.244.42.0-255,66,128764,62,253090
280,0.027167,104.244.42.0-255,66,128830,62,253090
281,0.027515,216.58.221.0-255,5738,134568,62,253090
282,0.02752,172.31.40.0-255,66,134634,62,253090
283,0.029588,216.58.221.0-255,5738,140372,62,253090
284,0.029595,172.31.40.0-255,66,140438,62,253090
285,0.031667,216.58.221.0-255,5738,146176,62,253090
286,0.031674,172.31.40.0-255,66,146242,62,253090
287,0.033742,216.58.221.0-255,2902,149144,62,253090
288,0.033748,172.31.40.0-255,66,149210,62,253090
289,0.033776,216.58.221.0-255,2902,152112,62,253090
290,0.033779,172.31.40.0-255,66,152178,62,253090
291,0.035805,216.58.221.0-255,2902,155080,62,253090
292,0.035812,172.31.40.0-255,66,155146,62,253090
293,0.03584,216.58.221.0-255,2902,158048,62,253090
294,0.035843,172.31.40.0-255,66,158114,62,253090
295,0.037861,216.58.221.0-255,2902,161016,62,253090
296,0.037868,172.31.40.0-255,66,161082,62,253090
297,0.037902,216.58.221.0-255,2902,163984,62,253090
298,0.037905,172.31.40.0-255,66,164050,62,253090
299,0.039933,216.58.221.0-255,2902,166952,62,253090
300,0.039939,172.31.40.0-255,66,167018,62,253090
301,0.039972,216.58.221.0-255,2902,169920,62,253090
302,0.039975,172.31.40.0-255,66,169986,62,253090
303,0.042004,216.58.221.0-255,2902,172888,62,253090
304,0.042011,172.31.40.0-255,66,172954,62,253090
305,0.042041,216.58.221.0-255,2902,175856,62,253090
306,0.042044,172.31.40.0-255,66,175922,62,253090
307,0.044071,216.58.221.0-255,2902,178824,62,253090
308,0.044078,172.31.40.0-255,66,178890,62,253090
309,0.04411,216.58.221.0-255,2902,181792,62,253090
310,0.044113,172.31.40.0-255,66,181858,62,253090
311,0.046143,216.58.221.0-255,2902,184760,62,253090
312,0.04615,172.31.40.0-255,66,184826,62,253090
313,0.046181,216.58.221.0-255,2902,187728,62,253090
314,0.046183,172.31.40.0-255,66,187794,62,253090
315,0.048211,216.58.221.0-255,2902,190696,62,253090
316,0.048217,172.31.40.0-255,66,190762,62,253090
317,0.048251,216.58.221.0-255,2902,193664,62,253090
318,0.048254,172.31.40.0-255,66,193730,62,253090
319,0.050281,216.58.221.0-255,2902,196632,62,253090
320,0.050291,172.31.40.0-255,66,196698,62,253090
321,0.050322,216.58.221.0-255,2902,199600,62,253090
322,0.050326,172.31.40.0-255,66,199666,62,253090
323,0.052352,216.58.221.0-255,2902,202568,62,253090
324,0.052359,172.31.40.0-255,66,202634,62,253090
325,0.052392,216.58.221.0-255,2902,205536,62,253090
326,0.052395,172.31.40.0-255,66,205602,62,253090
327,0.054425,216.58.221.0-255,2902,208504,62,253090
328,0.054431,172.31.40.0-255,66,208570,62,253090
329,0.054459,216.58.221.0-255,2902,211472,62,253090
330,0.054462,172.31.40.0-255,66,211538,62,253090
331,0.056499,216.58.221.0-255,2902,214440,62,253090
332,0.056505,172.31.40.0-255,66,214506,62,253090
333,0.056525,216.58.221.0-255,2902,217408,62,253090
334,0.056528,172.31.40.0-255,66,217474,62,253090
335,0.058572,216.58.221.0-255,2902,220376,62,253090
336,0.058579,172.31.40.0-255,66,220442,62,253090
337,0.058609,216.58.221.0-255,2902,223344,62,253090
338,0.058612,172.31.40.0-255,66,223410,62,253090
339,0.060686,216.58.221.0-255,2902,226312,62,253090
340,0.060692,172.31.40.0-255,66,226378,62,253090
341,0.060711,216.58.221.0-255,2902,229280,62,253090
342,0.060715,172.31.40.0-255,66,229346,62,253090
343,0.062936,216.58.221.0-255,2902,232248,62,253090
344,0.062943,172.31.40.0-255,66,232314,62,253090
345,0.062973,216.58.221.0-255,2902,235216,62,253090
346,0.062976,172.31.40.0-255,66,235282,62,253090
347,0.064999,216.58.221.0-255,2902,238184,62,253090
348,0.065006,172.31.40.0-255,66,238250,62,253090
349,0.065038,216.58.221.0-255,2902,241152,62,253090
350,0.065041,172.31.40.0-255,66,241218,62,253090
351,0.067071,216.58.221.0-255,2902,244120,62,253090
352,0.067078,172.31.40.0-255,66,244186,62,253090
353,0.067109,216.58.221.0-255,2902,247088,62,253090
354,0.067112,172.31.40.0-255,66,247154,62,253090
355,0.069134,216.58.221.0-255,2902,250056,62,253090
356,0.06914,172.31.40.0-255,66,250122,62,253090
357,0.06917,216.58.221.0-255,2902,253024,62,253090
358,0.069173,172.31.40.0-255,66,253090,62,253090
359,0.0,74.125.24.0-255,146,146,62,333977
360,2.2e-05,172.31.40.0-255,66,212,62,333977
361,3e-05,74.125.24.0-255,1484,1696,62,333977
362,3.4e-05,172.31.40.0-255,66,1762,62,333977
363,3.9e-05,74.125.24.0-255,2902,4664,62,333977
364,4.2e-05,172.31.40.0-255,66,4730,62,333977
365,5e-05,74.125.24.0-255,7156,11886,62,333977
366,5.4e-05,172.31.40.0-255,66,11952,62,333977
367,5.8e-05,74.125.24.0-255,2102,14054,62,333977
368,6.1e-05,172.31.40.0-255,66,14120,62,333977
369,0.000106,74.125.24.0-255,1484,15604,62,333977
370,0.000109,172.31.40.0-255,66,15670,62,333977
371,0.000114,74.125.24.0-255,2902,18572,62,333977
372,0.000117,172.31.40.0-255,66,18638,62,333977
373,0.000145,74.125.24.0-255,5738,24376,62,333977
374,0.000148,172.31.40.0-255,66,24442,62,333977
375,0.000174,74.125.24.0-255,6797,31239,62,333977
376,0.000176,172.31.40.0-255,66,31305,62,333977
377,0.000205,74.125.24.0-255,7156,38461,62,333977
378,0.000208,172.31.40.0-255,66,38527,62,333977
379,0.000213,74.125.24.0-255,2902,41429,62,333977
380,0.000215,172.31.40.0-255,66,41495,62,333977
381,0.000244,74.125.24.0-255,6797,48292,62,333977
382,0.000247,172.31.40.0-255,66,48358,62,333977
383,0.000264,74.125.24.0-255,1484,49842,62,333977
384,0.000266,172.31.40.0-255,66,49908,62,333977
385,0.000271,74.125.24.0-255,2902,52810,62,333977
386,0.000273,172.31.40.0-255,66,52876,62,333977
387,0.000277,74.125.24.0-255,2902,55778,62,333977
388,0.00028,172.31.40.0-255,66,55844,62,333977
389,0.000304,74.125.24.0-255,2902,58746,62,333977
390,0.000307,172.31.40.0-255,66,58812,62,333977
391,0.000314,74.125.24.0-255,5738,64550,62,333977
392,0.000316,172.31.40.0-255,66,64616,62,333977
393,0.000328,74.125.24.0-255,1455,66071,62,333977
394,0.00033,172.31.40.0-255,66,66137,62,333977
395,0.001086,74.125.24.0-255,109,66246,62,333977
396,0.001092,172.31.40.0-255,66,66312,62,333977
397,0.001137,74.125.24.0-255,1484,67796,62,333977
398,0.00114,172.31.40.0-255,66,67862,62,333977
399,0.001145,74.125.24.0-255,2902,70764,62,333977
400,0.001147,172.31.40.0-255,66,70830,62,333977
401,0.001151,74.125.24.0-255,1484,72314,62,333977
402,0.001152,172.31.40.0-255,66,72380,62,333977
403,0.001171,74.125.24.0-255,5738,78118,62,333977
404,0.001173,172.31.40.0-255,66,78184,62,333977
405,0.00118,74.125.24.0-255,5738,83922,62,333977
406,0.001182,172.31.40.0-255,66,83988,62,333977
407,0.001207,172.31.40.0-255,66,84054,62,333977
408,0.001232,74.125.24.0-255,4320,88374,62,333977
409,0.001234,172.31.40.0-255,66,88440,62,333977
410,0.001239,74.125.24.0-255,2184,90624,62,333977
411,0.00124,172.31.40.0-255,66,90690,62,333977
412,0.00128,74.125.24.0-255,1484,92174,62,333977
413,0.001283,172.31.40.0-255,66,92240,62,333977
414,0.001287,74.125.24.0-255,1484,93724,62,333977
415,0.001289,172.31.40.0-255,66,93790,62,333977
416,0.001302,74.125.24.0-255,1484,95274,62,333977
417,0.001304,172.31.40.0-255,66,95340,62,333977
418,0.00131,74.125.24.0-255,4320,99660,62,333977
419,0.001311,172.31.40.0-255,66,99726,62,333977
420,0.001336,74.125.24.0-255,1484,101210,62,333977
421,0.001338,172.31.40.0-255,66,101276,62,333977
422,0.00135,172.31.40.0-255,66,101342,62,333977
423,0.001358,74.125.24.0-255,7156,108498,62,333977
424,0.00136,172.31.40.0-255,66,108564,62,333977
425,0.001389,74.125.24.0-255,4320,112884,62,333977
426,0.001392,172.31.40.0-255,66,112950,62,333977
427,0.001396,74.125.24.0-255,2184,115134,62,333977
428,0.001413,74.125.24.0-255,2902,118036,62,333977
429,0.001426,74.125.24.0-255,1484,119520,62,333977
430,0.001441,74.125.24.0-255,2902,122422,62,333977
431,0.001457,74.125.24.0-255,5738,128160,62,333977
432,0.00147,74.125.24.0-255,2902,131062,62,333977
433,0.001517,74.125.24.0-255,4320,135382,62,333977
434,0.001545,74.125.24.0-255,2184,137566,62,333977
435,0.001645,74.125.24.0-255,1484,139050,62,333977
436,0.001651,74.125.24.0-255,2902,141952,62,333977
437,0.001673,74.125.24.0-255,4320,146272,62,333977
438,0.00169,74.125.24.0-255,1484,147756,62,333977
439,0.001696,74.125.24.0-255,4320,152076,62,333977
440,0.001714,74.125.24.0-255,2902,154978,62,333977
441,0.001728,74.125.24.0-255,4320,159298,62,333977
442,0.001782,74.125.24.0-255,2184,161482,62,333977
443,0.001818,74.125.24.0-255,2902,164384,62,333977
444,0.001837,74.125.24.0-255,1484,165868,62,333977
445,0.00185,74.125.24.0-255,2902,168770,62,333977
446,0.001868,74.125.24.0-255,4320,173090,62,333977
447,0.001882,74.125.24.0-255,4320,177410,62,333977
448,0.00189,74.125.24.0-255,7156,184566,62,333977
449,0.001939,74.125.24.0-255,2902,187468,62,333977
450,0.001986,74.125.24.0-255,1484,188952,62,333977
451,0.002007,74.125.24.0-255,4320,193272,62,333977
452,0.002041,74.125.24.0-255,2902,196174,62,333977
453,0.00215,74.125.24.0-255,1484,197658,62,333977
454,0.002168,74.125.24.0-255,2902,200560,62,333977
455,0.002175,74.125.24.0-255,5738,206298,62,333977
456,0.002189,74.125.24.0-255,5738,212036,62,333977
457,0.002209,74.125.24.0-255,4320,216356,62,333977
458,0.002246,74.125.24.0-255,2902,219258,62,333977
459,0.002251,74.125.24.0-255,2902,222160,62,333977
460,0.008314,172.31.40.0-255,66,222226,62,333977
461,0.010563,74.125.24.0-255,5738,227964,62,333977
462,0.010574,172.31.40.0-255,66,228030,62,333977
463,0.012809,74.125.24.0-255,4320,232350,62,333977
464,0.012813,172.31.40.0-255,66,232416,62,333977
465,0.012833,74.125.24.0-255,1484,233900,62,333977
466,0.012835,172.31.40.0-255,66,233966,62,333977
467,0.015056,74.125.24.0-255,5738,239704,62,333977
468,0.015068,172.31.40.0-255,66,239770,62,333977
469,0.017318,74.125.24.0-255,5738,245508,62,333977
470,0.017332,172.31.40.0-255,66,245574,62,333977
471,0.019571,74.125.24.0-255,5738,251312,62,333977
472,0.019579,172.31.40.0-255,66,251378,62,333977
473,0.021821,74.125.24.0-255,4320,255698,62,333977
474,0.021841,74.125.24.0-255,1484,257182,62,333977
475,0.023041,172.31.40.0-255,66,257248,62,333977
476,0.025271,74.125.24.0-255,5738,262986,62,333977
477,0.025279,172.31.40.0-255,66,263052,62,333977
478,0.027533,74.125.24.0-255,5738,268790,62,333977
479,0.027549,172.31.40.0-255,66,268856,62,333977
480,0.029818,74.125.24.0-255,5738,274594,62,333977
481,0.029826,172.31.40.0-255,66,274660,62,333977
482,0.03207,74.125.24.0-255,5738,280398,62,333977
483,0.032076,172.31.40.0-255,66,280464,62,333977
484,0.034291,74.125.24.0-255,5738,286202,62,333977
485,0.0343,172.31.40.0-255,66,286268,62,333977
486,0.036522,74.125.24.0-255,5738,292006,62,333977
487,0.03653,172.31.40.0-255,66,292072,62,333977
488,0.038766,74.125.24.0-255,5738,297810,62,333977
489,0.038773,172.31.40.0-255,66,297876,62,333977
490,0.038798,172.31.40.0-255,167,298043,62,333977
491,0.038824,172.31.40.0-255,1105,299148,62,333977
492,0.038937,172.31.40.0-255,1514,300662,62,333977
493,0.038939,172.31.40.0-255,340,301002,62,333977
494,0.040382,104.244.42.0-255,66,301068,62,333977
495,0.040417,104.244.42.0-255,66,301134,62,333977
496,0.040506,104.244.42.0-255,66,301200,62,333977
497,0.041001,74.125.24.0-255,5738,306938,62,333977
498,0.041006,172.31.40.0-255,66,307004,62,333977
499,0.043245,74.125.24.0-255,5738,312742,62,333977
500,0.043251,172.31.40.0-255,66,312808,62,333977
501,0.04548,74.125.24.0-255,5738,318546,62,333977
502,0.045486,172.31.40.0-255,66,318612,62,333977
503,0.047714,74.125.24.0-255,5738,324350,62,333977
504,0.04772,172.31.40.0-255,66,324416,62,333977
505,0.049971,74.125.24.0-255,5738,330154,62,333977
506,0.049978,172.31.40.0-255,66,330220,62,333977
507,0.052193,74.125.24.0-255,3520,333740,62,333977
508,0.0522,172.31.40.0-255,66,333806,62,333977
509,0.052414,172.31.40.0-255,105,333911,62,333977
510,0.054614,74.125.24.0-255,66,333977,62,333977
511,0.0,172.217.194.0-255,153,153,62,182887
512,2.4e-05,172.31.40.0-255,66,219,62,182887
513,3.1e-05,172.217.194.0-255,1484,1703,62,182887
514,3.6e-05,172.31.40.0-255,66,1769,62,182887
515,4.2e-05,172.217.194.0-255,2902,4671,62,182887
516,4.7e-05,172.31.40.0-255,66,4737,62,182887
517,5.4e-05,172.217.194.0-255,7156,11893,62,182887
518,5.8e-05,172.31.40.0-255,66,11959,62,182887
519,6.2e-05,172.217.194.0-255,2038,13997,62,182887
520,6.5e-05,172.31.40.0-255,66,14063,62,182887
521,7.1e-05,172.217.194.0-255,2902,16965,62,182887
522,7.3e-05,172.31.40.0-255,66,17031,62,182887
523,9.7e-05,172.217.194.0-255,5738,22769,62,182887
524,0.0001,172.31.40.0-255,66,22835,62,182887
525,0.000123,172.217.194.0-255,2902,25737,62,182887
526,0.000126,172.31.40.0-255,66,25803,62,182887
527,0.000132,172.217.194.0-255,5379,31182,62,182887
528,0.000135,172.31.40.0-255,66,31248,62,182887
529,0.000141,172.217.194.0-255,5738,36986,62,182887
530,0.000144,172.31.40.0-255,66,37052,62,182887
531,0.000171,172.217.194.0-255,4320,41372,62,182887
532,0.000173,172.31.40.0-255,66,41438,62,182887
533,0.000204,172.217.194.0-255,2902,44340,62,182887
534,0.000207,172.31.40.0-255,66,44406,62,182887
535,0.000221,172.31.40.0-255,66,44472,62,182887
536,0.000229,172.217.194.0-255,6748,51220,62,182887
537,0.000231,172.31.40.0-255,66,51286,62,182887
538,0.000234,172.217.194.0-255,100,51386,62,182887
539,0.000236,172.31.40.0-255,66,51452,62,182887
540,0.000303,172.217.194.0-255,1484,52936,62,182887
541,0.000306,172.31.40.0-255,66,53002,62,182887
542,0.000312,172.217.194.0-255,2902,55904,62,182887
543,0.000314,172.31.40.0-255,66,55970,62,182887
544,0.000317,172.217.194.0-255,1484,57454,62,182887
545,0.000342,172.217.194.0-255,4320,61774,62,182887
546,0.000345,172.31.40.0-255,66,61840,62,182887
547,0.000349,172.217.194.0-255,2902,64742,62,182887
548,0.000351,172.31.40.0-255,66,64808,62,182887
549,0.000374,172.31.40.0-255,66,64874,62,182887
550,0.000401,172.217.194.0-255,1484,66358,62,182887
551,0.000414,172.31.40.0-255,66,66424,62,182887
552,0.000417,172.217.194.0-255,363,66787,62,182887
553,0.000572,172.217.194.0-255,1484,68271,62,182887
554,0.000577,172.31.40.0-255,66,68337,62,182887
555,0.000583,172.217.194.0-255,2902,71239,62,182887
556,0.000585,172.31.40.0-255,66,71305,62,182887
557,0.000588,172.217.194.0-255,1484,72789,62,182887
558,0.000616,172.217.194.0-255,4320,77109,62,182887
559,0.000619,172.31.40.0-255,66,77175,62,182887
560,0.000634,172.31.40.0-255,66,77241,62,182887
561,0.000641,172.217.194.0-255,7156,84397,62,182887
562,0.000644,172.31.40.0-255,66,84463,62,182887
563,0.000666,172.217.194.0-255,2902,87365,62,182887
564,0.000668,172.31.40.0-255,66,87431,62,182887
565,0.000684,172.217.194.0-255,766,88197,62,182887
566,0.0007,172.217.194.0-255,1484,89681,62,182887
567,0.000703,172.31.40.0-255,66,89747,62,182887
568,0.000722,172.217.194.0-255,2902,92649,62,182887
569,0.000725,172.31.40.0-255,66,92715,62,182887
570,0.000728,172.217.194.0-255,1484,94199,62,182887
571,0.000759,172.217.194.0-255,4320,98519,62,182887
572,0.000763,172.31.40.0-255,66,98585,62,182887
573,0.00078,172.31.40.0-255,66,98651,62,182887
574,0.000787,172.217.194.0-255,7156,105807,62,182887
575,0.00079,172.31.40.0-255,66,105873,62,182887
576,0.000816,172.217.194.0-255,3602,109475,62,182887
577,0.000819,172.31.40.0-255,66,109541,62,182887
578,0.000837,172.217.194.0-255,1484,111025,62,182887
579,0.000858,172.217.194.0-255,2902,113927,62,182887
580,0.000861,172.31.40.0-255,66,113993,62,182887
581,0.000866,172.217.194.0-255,2902,116895,62,182887
582,0.000869,172.31.40.0-255,66,116961,62,182887
583,0.000887,172.217.194.0-255,2902,119863,62,182887
584,0.000889,172.31.40.0-255,66,119929,62,182887
585,0.000896,172.217.194.0-255,5738,125667,62,182887
586,0.000898,172.31.40.0-255,66,125733,62,182887
587,0.000912,172.31.40.0-255,66,125799,62,182887
588,0.000916,172.217.194.0-255,2902,128701,62,182887
589,0.000918,172.31.40.0-255,66,128767,62,182887
590,0.000941,172.217.194.0-255,2184,130951,62,182887
591,0.000944,172.31.40.0-255,66,131017,62,182887
592,0.001689,172.217.194.0-255,1484,132501,62,182887
593,0.001694,172.217.194.0-255,2902,135403,62,182887
594,0.001698,172.31.40.0-255,66,135469,62,182887
595,0.001717,172.217.194.0-255,5738,141207,62,182887
596,0.001719,172.31.40.0-255,66,141273,62,182887
597,0.001745,172.217.194.0-255,7156,148429,62,182887
598,0.001748,172.31.40.0-255,66,148495,62,182887
599,0.001771,172.217.194.0-255,5738,154233,62,182887
600,0.001773,172.31.40.0-255,66,154299,62,182887
601,0.001776,172.217.194.0-255,1484,155783,62,182887
602,0.001848,172.31.40.0-255,66,155849,62,182887
603,0.001869,172.31.40.0-255,66,155915,62,182887
604,0.001881,172.31.40.0-255,66,155981,62,182887
605,0.001925,172.31.40.0-255,66,156047,62,182887
606,0.00195,172.217.194.0-255,6438,162485,62,182887
607,0.001952,172.31.40.0-255,66,162551,62,182887
608,0.001973,172.31.40.0-255,66,162617,62,182887
609,0.001987,172.217.194.0-255,1484,164101,62,182887
610,0.001992,172.217.194.0-255,3602,167703,62,182887
611,0.001995,172.31.40.0-255,66,167769,62,182887
612,0.002015,172.217.194.0-255,5738,173507,62,182887
613,0.002017,172.31.40.0-255,66,173573,62,182887
614,0.002066,172.31.40.0-255,66,173639,62,182887
615,0.002075,172.31.40.0-255,66,173705,62,182887
616,0.002102,172.31.40.0-255,66,173771,62,182887
617,0.002119,172.31.40.0-255,66,173837,62,182887
618,0.002133,172.217.194.0-255,4146,177983,62,182887
619,0.002136,172.217.194.0-255,97,178080,62,182887
620,0.002139,172.217.194.0-255,105,178185,62,182887
621,0.002194,172.31.40.0-255,66,178251,62,182887
622,0.003415,172.31.40.0-255,101,178352,62,182887
623,0.004124,172.31.40.0-255,105,178457,62,182887
624,0.006003,172.217.194.0-255,66,178523,62,182887
625,0.006704,172.217.194.0-255,66,178589,62,182887
626,0.031089,172.31.40.0-255,176,178765,62,182887
627,0.031119,172.31.40.0-255,1110,179875,62,182887
628,0.031168,172.31.40.0-255,1514,181389,62,182887
629,0.03117,172.31.40.0-255,1300,182689,62,182887
630,0.032739,104.244.42.0-255,66,182755,62,182887
631,0.032802,104.244.42.0-255,66,182821,62,182887
632,0.032851,104.244.42.0-255,66,182887,62,182887
633,0.0,172.217.194.0-255,153,153,62,287720
634,1.6e-05,172.31.40.0-255,66,219,62,287720
635,2.3e-05,172.217.194.0-255,1484,1703,62,287720
636,2.6e-05,172.31.40.0-255,66,1769,62,287720
637,3.4e-05,172.217.194.0-255,2902,4671,62,287720
638,3.9e-05,172.31.40.0-255,66,4737,62,287720
639,4.6e-05,172.217.194.0-255,5738,10475,62,287720
640,4.8e-05,172.31.40.0-255,66,10541,62,287720
641,7.8e-05,172.217.194.0-255,1484,12025,62,287720
642,8.1e-05,172.31.40.0-255,66,12091,62,287720
643,8.6e-05,172.217.194.0-255,3519,15610,62,287720
644,8.8e-05,172.31.40.0-255,66,15676,62,287720
645,0.000101,172.31.40.0-255,66,15742,62,287720
646,0.000119,172.217.194.0-255,2902,18644,62,287720
647,0.000122,172.31.40.0-255,66,18710,62,287720
648,0.000126,172.217.194.0-255,2543,21253,62,287720
649,0.000128,172.31.40.0-255,66,21319,62,287720
650,0.000216,172.217.194.0-255,1484,22803,62,287720
651,0.00022,172.31.40.0-255,66,22869,62,287720
652,0.000225,172.217.194.0-255,2902,25771,62,287720
653,0.000227,172.31.40.0-255,66,25837,62,287720
654,0.000232,172.217.194.0-255,2902,28739,62,287720
655,0.000234,172.31.40.0-255,66,28805,62,287720
656,0.000254,172.217.194.0-255,2902,31707,62,287720
657,0.000257,172.31.40.0-255,66,31773,62,287720
658,0.000263,172.217.194.0-255,5738,37511,62,287720
659,0.000265,172.31.40.0-255,66,37577,62,287720
660,0.000296,172.31.40.0-255,66,37643,62,287720
661,0.000298,172.217.194.0-255,1484,39127,62,287720
662,0.0003,172.31.40.0-255,66,39193,62,287720
663,0.000336,172.217.194.0-255,121,39314,62,287720
664,0.000363,172.217.194.0-255,1484,40798,62,287720
665,0.000368,172.217.194.0-255,2902,43700,62,287720
666,0.00039,172.217.194.0-255,1484,45184,62,287720
667,0.000405,172.217.194.0-255,1484,46668,62,287720
668,0.000424,172.217.194.0-255,4320,50988,62,287720
669,0.000461,172.217.194.0-255,1484,52472,62,287720
670,0.000478,172.217.194.0-255,4273,56745,62,287720
671,0.000517,172.217.194.0-255,5738,62483,62,287720
672,0.000521,172.217.194.0-255,2902,65385,62,287720
673,0.000558,172.31.40.0-255,66,65451,62,287720
674,0.001309,172.217.194.0-255,1484,66935,62,287720
675,0.001329,172.217.194.0-255,2902,69837,62,287720
676,0.001333,172.31.40.0-255,66,69903,62,287720
677,0.001339,172.217.194.0-255,2902,72805,62,287720
678,0.001341,172.31.40.0-255,66,72871,62,287720
679,0.001357,172.217.194.0-255,2902,75773,62,287720
680,0.00136,172.31.40.0-255,66,75839,62,287720
681,0.001365,172.217.194.0-255,4320,80159,62,287720
682,0.001367,172.31.40.0-255,66,80225,62,287720
683,0.001391,172.217.194.0-255,7156,87381,62,287720
684,0.001394,172.31.40.0-255,66,87447,62,287720
685,0.001408,172.217.194.0-255,4320,91767,62,287720
686,0.00141,172.31.40.0-255,66,91833,62,287720
687,0.00142,172.31.40.0-255,66,91899,62,287720
688,0.001945,172.217.194.0-255,1484,93383,62,287720
689,0.001954,172.217.194.0-255,2902,96285,62,287720
690,0.001958,172.31.40.0-255,66,96351,62,287720
691,0.001981,172.217.194.0-255,2902,99253,62,287720
692,0.001983,172.31.40.0-255,66,99319,62,287720
693,0.001989,172.217.194.0-255,4320,103639,62,287720
694,0.002003,172.217.194.0-255,2902,106541,62,287720
695,0.00202,172.217.194.0-255,1484,108025,62,287720
696,0.002073,172.217.194.0-255,5738,113763,62,287720
697,0.002086,172.217.194.0-255,2184,115947,62,287720
698,0.004132,172.31.40.0-255,66,116013,62,287720
699,0.006424,172.217.194.0-255,5738,121751,62,287720
700,0.006429,172.31.40.0-255,66,121817,62,287720
701,0.008717,172.217.194.0-255,5738,127555,62,287720
702,0.008723,172.31.40.0-255,66,127621,62,287720
703,0.011002,172.217.194.0-255,5738,133359,62,287720
704,0.011012,172.31.40.0-255,66,133425,62,287720
705,0.013306,172.217.194.0-255,5738,139163,62,287720
706,0.013319,172.31.40.0-255,66,139229,62,287720
707,0.015584,172.217.194.0-255,5738,144967,62,287720
708,0.015595,172.31.40.0-255,66,145033,62,287720
709,0.017887,172.217.194.0-255,5738,150771,62,287720
710,0.0179,172.31.40.0-255,66,150837,62,287720
711,0.020219,172.217.194.0-255,5738,156575,62,287720
712,0.020226,172.31.40.0-255,66,156641,62,287720
713,0.022542,172.217.194.0-255,5738,162379,62,287720
714,0.022555,172.31.40.0-255,66,162445,62,287720
715,0.024824,172.217.194.0-255,5738,168183,62,287720
716,0.024834,172.31.40.0-255,66,168249,62,287720
717,0.02714,172.217.194.0-255,5738,173987,62,287720
718,0.02715,172.31.40.0-255,66,174053,62,287720
719,0.02943,172.217.194.0-255,5738,179791,62,287720
720,0.029441,172.31.40.0-255,66,179857,62,287720
721,0.03175,172.217.194.0-255,5738,185595,62,287720
722,0.031763,172.31.40.0-255,66,185661,62,287720
723,0.034049,172.217.194.0-255,5738,191399,62,287720
724,0.034061,172.31.40.0-255,66,191465,62,287720
725,0.036337,172.217.194.0-255,5738,197203,62,287720
726,0.036349,172.31.40.0-255,66,197269,62,287720
727,0.038672,172.217.194.0-255,5738,203007,62,287720
728,0.038682,172.31.40.0-255,66,203073,62,287720
729,0.03945,172.31.40.0-255,172,203245,62,287720
730,0.03948,172.31.40.0-255,1108,204353,62,287720
731,0.039559,172.31.40.0-255,1514,205867,62,287720
732,0.039561,172.31.40.0-255,1514,207381,62,287720
733,0.039566,172.31.40.0-255,1514,208895,62,287720
734,0.039567,172.31.40.0-255,1514,210409,62,287720
735,0.039587,172.31.40.0-255,1514,211923,62,287720
736,0.039588,172.31.40.0-255,81,212004,62,287720
737,0.040969,172.217.194.0-255,5738,217742,62,287720
738,0.040978,172.31.40.0-255,66,217808,62,287720
739,0.040996,104.244.42.0-255,66,217874,62,287720
740,0.041084,104.244.42.0-255,66,217940,62,287720
741,0.041128,104.244.42.0-255,66,218006,62,287720
742,0.041212,104.244.42.0-255,66,218072,62,287720
743,0.043251,172.217.194.0-255,5738,223810,62,287720
744,0.043259,172.31.40.0-255,66,223876,62,287720
745,0.04558,172.217.194.0-255,5738,229614,62,287720
746,0.045587,172.31.40.0-255,66,229680,62,287720
747,0.047883,172.217.194.0-255,5738,235418,62,287720
748,0.047889,172.31.40.0-255,66,235484,62,287720
749,0.050186,172.217.194.0-255,5738,241222,62,287720
750,0.050193,172.31.40.0-255,66,241288,62,287720
751,0.05247,172.217.194.0-255,5738,247026,62,287720
752,0.052477,172.31.40.0-255,66,247092,62,287720
753,0.054746,172.217.194.0-255,5738,252830,62,287720
754,0.054752,172.31.40.0-255,66,252896,62,287720
755,0.057016,172.217.194.0-255,5738,258634,62,287720
756,0.057022,172.31.40.0-255,66,258700,62,287720
757,0.059322,172.217.194.0-255,5738,264438,62,287720
758,0.059329,172.31.40.0-255,66,264504,62,287720
759,0.061601,172.217.194.0-255,5738,270242,62,287720
760,0.061608,172.31.40.0-255,66,270308,62,287720
761,0.063898,172.217.194.0-255,5738,276046,62,287720
762,0.063905,172.31.40.0-255,66,276112,62,287720
763,0.066209,172.217.194.0-255,5738,281850,62,287720
764,0.066216,172.31.40.0-255,66,281916,62,287720
765,0.068516,172.217.194.0-255,5738,287654,62,287720
766,0.068523,172.31.40.0-255,66,287720,62,287720
767,0.0,74.125.24.0-255,153,153,62,335118
768,1.7e-05,172.31.40.0-255,66,219,62,335118
769,2.4e-05,74.125.24.0-255,1484,1703,62,335118
770,3e-05,172.31.40.0-255,66,1769,62,335118
771,3.6e-05,74.125.24.0-255,2902,4671,62,335118
772,3.9e-05,172.31.40.0-255,66,4737,62,335118
773,4.2e-05,74.125.24.0-255,1484,6221,62,335118
774,4.4e-05,172.31.40.0-255,66,6287,62,335118
775,5e-05,74.125.24.0-255,2902,9189,62,335118
776,5.3e-05,172.31.40.0-255,66,9255,62,335118
777,0.000112,74.125.24.0-255,4931,14186,62,335118
778,0.000116,172.31.40.0-255,66,14252,62,335118
779,0.000124,74.125.24.0-255,5738,19990,62,335118
780,0.000127,172.31.40.0-255,66,20056,62,335118
781,0.000174,172.31.40.0-255,66,20122,62,335118
782,0.000271,74.125.24.0-255,1484,21606,62,335118
783,0.000276,172.31.40.0-255,66,21672,62,335118
784,0.000281,74.125.24.0-255,2902,24574,62,335118
785,0.000283,172.31.40.0-255,66,24640,62,335118
786,0.000302,74.125.24.0-255,1484,26124,62,335118
787,0.000305,172.31.40.0-255,66,26190,62,335118
788,0.000325,74.125.24.0-255,4320,30510,62,335118
789,0.000328,172.31.40.0-255,66,30576,62,335118
790,0.000336,74.125.24.0-255,6797,37373,62,335118
791,0.000339,172.31.40.0-255,66,37439,62,335118
792,0.001018,74.125.24.0-255,1484,38923,62,335118
793,0.001023,172.31.40.0-255,66,38989,62,335118
794,0.001031,74.125.24.0-255,2902,41891,62,335118
795,0.001033,172.31.40.0-255,66,41957,62,335118
796,0.001057,74.125.24.0-255,5738,47695,62,335118
797,0.00106,172.31.40.0-255,66,47761,62,335118
798,0.00109,74.125.24.0-255,1484,49245,62,335118
799,0.001102,74.125.24.0-255,2902,52147,62,335118
800,0.001105,172.31.40.0-255,66,52213,62,335118
801,0.001127,74.125.24.0-255,6797,59010,62,335118
802,0.00113,172.31.40.0-255,66,59076,62,335118
803,0.001133,74.125.24.0-255,1484,60560,62,335118
804,0.00115,74.125.24.0-255,2902,63462,62,335118
805,0.001152,172.31.40.0-255,66,63528,62,335118
806,0.001174,74.125.24.0-255,7156,70684,62,335118
807,0.001176,172.31.40.0-255,66,70750,62,335118
808,0.001181,74.125.24.0-255,4320,75070,62,335118
809,0.001183,172.31.40.0-255,66,75136,62,335118
810,0.001209,172.31.40.0-255,66,75202,62,335118
811,0.001228,74.125.24.0-255,3602,78804,62,335118
812,0.001231,172.31.40.0-255,66,78870,62,335118
813,0.001233,74.125.24.0-255,645,79515,62,335118
814,0.002094,74.125.24.0-255,1484,80999,62,335118
815,0.002103,172.31.40.0-255,66,81065,62,335118
816,0.002109,74.125.24.0-255,2902,83967,62,335118
817,0.002112,172.31.40.0-255,66,84033,62,335118
818,0.002117,74.125.24.0-255,4320,88353,62,335118
819,0.002119,172.31.40.0-255,66,88419,62,335118
820,0.002141,74.125.24.0-255,1484,89903,62,335118
821,0.002145,74.125.24.0-255,1484,91387,62,335118
822,0.002147,172.31.40.0-255,66,91453,62,335118
823,0.002175,172.31.40.0-255,66,91519,62,335118
824,0.00218,74.125.24.0-255,2902,94421,62,335118
825,0.002182,172.31.40.0-255,66,94487,62,335118
826,0.002202,74.125.24.0-255,2902,97389,62,335118
827,0.002204,172.31.40.0-255,66,97455,62,335118
828,0.002255,74.125.24.0-255,4320,101775,62,335118
829,0.002258,172.31.40.0-255,66,101841,62,335118
830,0.002276,74.125.24.0-255,766,102607,62,335118
831,0.002539,74.125.24.0-255,1484,104091,62,335118
832,0.002542,172.31.40.0-255,66,104157,62,335118
833,0.002555,74.125.24.0-255,2902,107059,62,335118
834,0.002558,172.31.40.0-255,66,107125,62,335118
835,0.002581,74.125.24.0-255,5738,112863,62,335118
836,0.002584,172.31.40.0-255,66,112929,62,335118
837,0.002588,74.125.24.0-255,2902,115831,62,335118
838,0.00259,172.31.40.0-255,66,115897,62,335118
839,0.002604,74.125.24.0-255,5738,121635,62,335118
840,0.002607,172.31.40.0-255,66,121701,62,335118
841,0.002619,74.125.24.0-255,1484,123185,62,335118
842,0.002633,74.125.24.0-255,4320,127505,62,335118
843,0.002635,172.31.40.0-255,66,127571,62,335118
844,0.002663,172.31.40.0-255,66,127637,62,335118
845,0.002704,74.125.24.0-255,1484,129121,62,335118
846,0.002722,74.125.24.0-255,2902,132023,62,335118
847,0.002725,172.31.40.0-255,66,132089,62,335118
848,0.002729,74.125.24.0-255,2902,134991,62,335118
849,0.002731,172.31.40.0-255,66,135057,62,335118
850,0.002745,74.125.24.0-255,2902,137959,62,335118
851,0.002748,172.31.40.0-255,66,138025,62,335118
852,0.002753,74.125.24.0-255,4320,142345,62,335118
853,0.002755,172.31.40.0-255,66,142411,62,335118
854,0.002783,74.125.24.0-255,5738,148149,62,335118
855,0.002786,172.31.40.0-255,66,148215,62,335118
856,0.002788,74.125.24.0-255,1484,149699,62,335118
857,0.002812,172.31.40.0-255,66,149765,62,335118
858,0.00283,74.125.24.0-255,3602,153367,62,335118
859,0.002832,172.31.40.0-255,66,153433,62,335118
860,0.004973,74.125.24.0-255,4320,157753,62,335118
861,0.00498,172.31.40.0-255,66,157819,62,335118
862,0.004998,74.125.24.0-255,1484,159303,62,335118
863,0.007128,74.125.24.0-255,4320,163623,62,335118
864,0.007132,172.31.40.0-255,66,163689,62,335118
865,0.009272,74.125.24.0-255,4320,168009,62,335118
866,0.009278,172.31.40.0-255,66,168075,62,335118
867,0.009298,74.125.24.0-255,1484,169559,62,335118
868,0.011397,74.125.24.0-255,4320,173879,62,335118
869,0.011404,172.31.40.0-255,66,173945,62,335118
870,0.01357,74.125.24.0-255,5738,179683,62,335118
871,0.013578,172.31.40.0-255,66,179749,62,335118
872,0.015739,74.125.24.0-255,5738,185487,62,335118
873,0.015747,172.31.40.0-255,66,185553,62,335118
874,0.017883,74.125.24.0-255,5738,191291,62,335118
875,0.017891,172.31.40.0-255,66,191357,62,335118
876,0.020049,74.125.24.0-255,5738,197095,62,335118
877,0.020058,172.31.40.0-255,66,197161,62,335118
878,0.02223,74.125.24.0-255,5738,202899,62,335118
879,0.02224,172.31.40.0-255,66,202965,62,335118
880,0.024389,74.125.24.0-255,5738,208703,62,335118
881,0.024399,172.31.40.0-255,66,208769,62,335118
882,0.026552,74.125.24.0-255,5738,214507,62,335118
883,0.02656,172.31.40.0-255,66,214573,62,335118
884,0.027821,172.31.40.0-255,176,214749,62,335118
885,0.027872,172.31.40.0-255,1106,215855,62,335118
886,0.027941,172.31.40.0-255,1514,217369,62,335118
887,0.027943,172.31.40.0-255,1304,218673,62,335118
888,0.028711,74.125.24.0-255,5738,224411,62,335118
889,0.028718,172.31.40.0-255,66,224477,62,335118
890,0.029492,104.244.42.0-255,66,224543,62,335118
891,0.029536,104.244.42.0-255,66,224609,62,335118
892,0.02964,104.244.42.0-255,66,224675,62,335118
893,0.030892,74.125.24.0-255,5738,230413,62,335118
894,0.030899,172.31.40.0-255,66,230479,62,335118
895,0.033051,74.125.24.0-255,5738,236217,62,335118
896,0.033058,172.31.40.0-255,66,236283,62,335118
897,0.035218,74.125.24.0-255,5738,242021,62,335118
898,0.035225,172.31.40.0-255,66,242087,62,335118
899,0.037363,74.125.24.0-255,5738,247825,62,335118
900,0.037371,172.31.40.0-255,66,247891,62,335118
901,0.039526,74.125.24.0-255,5738,253629,62,335118
902,0.039533,172.31.40.0-255,66,253695,62,335118
903,0.041687,74.125.24.0-255,5738,259433,62,335118
904,0.041693,172.31.40.0-255,66,259499,62,335118
905,0.043832,74.125.24.0-255,5738,265237,62,335118
906,0.043837,172.31.40.0-255,66,265303,62,335118
907,0.046031,74.125.24.0-255,5738,271041,62,335118
908,0.046037,172.31.40.0-255,66,271107,62,335118
909,0.048204,74.125.24.0-255,5738,276845,62,335118
910,0.048213,172.31.40.0-255,66,276911,62,335118
911,0.050345,74.125.24.0-255,5738,282649,62,335118
912,0.050351,172.31.40.0-255,66,282715,62,335118
913,0.050897,172.31.40.0-255,101,282816,62,335118
914,0.052521,74.125.24.0-255,5738,288554,62,335118
915,0.052527,172.31.40.0-255,66,288620,62,335118
916,0.053009,74.125.24.0-255,66,288686,62,335118
917,0.054683,74.125.24.0-255,5738,294424,62,335118
918,0.054688,172.31.40.0-255,66,294490,62,335118
919,0.056862,74.125.24.0-255,5738,300228,62,335118
920,0.056869,172.31.40.0-255,66,300294,62,335118
921,0.05907,74.125.24.0-255,5738,306032,62,335118
922,0.059075,172.31.40.0-255,66,306098,62,335118
923,0.061243,74.125.24.0-255,5738,311836,62,335118
924,0.061248,172.31.40.0-255,66,311902,62,335118
925,0.063412,74.125.24.0-255,5738,317640,62,335118
926,0.063417,172.31.40.0-255,66,317706,62,335118
927,0.065567,74.125.24.0-255,5738,323444,62,335118
928,0.065573,172.31.40.0-255,66,323510,62,335118
929,0.067703,74.125.24.0-255,5738,329248,62,335118
930,0.067711,172.31.40.0-255,66,329314,62,335118
931,0.069877,74.125.24.0-255,5738,335052,62,335118
932,0.069884,172.31.40.0-255,66,335118,62,335118
933,0.0,172.217.194.0-255,153,153,62,174250
934,2.2e-05,172.31.40.0-255,66,219,62,174250
935,3e-05,172.217.194.0-255,1484,1703,62,174250
936,3.5e-05,172.31.40.0-255,66,1769,62,174250
937,4.2e-05,172.217.194.0-255,2902,4671,62,174250
938,5.5e-05,172.31.40.0-255,66,4737,62,174250
939,6.3e-05,172.217.194.0-255,7156,11893,62,174250
940,6.7e-05,172.31.40.0-255,66,11959,62,174250
941,7.1e-05,172.217.194.0-255,2055,14014,62,174250
942,7.4e-05,172.31.40.0-255,66,14080,62,174250
943,7.8e-05,172.217.194.0-255,2902,16982,62,174250
944,8.1e-05,172.31.40.0-255,66,17048,62,174250
945,8.4e-05,172.217.194.0-255,1484,18532,62,174250
946,8.7e-05,172.31.40.0-255,66,18598,62,174250
947,0.000128,172.217.194.0-255,5738,24336,62,174250
948,0.000132,172.31.40.0-255,66,24402,62,174250
949,0.00014,172.217.194.0-255,6797,31199,62,174250
950,0.000142,172.31.40.0-255,66,31265,62,174250
951,0.000174,172.217.194.0-255,1484,32749,62,174250
952,0.000176,172.31.40.0-255,66,32815,62,174250
953,0.000181,172.217.194.0-255,2902,35717,62,174250
954,0.000183,172.31.40.0-255,66,35783,62,174250
955,0.000188,172.217.194.0-255,4320,40103,62,174250
956,0.000191,172.31.40.0-255,66,40169,62,174250
957,0.00021,172.217.194.0-255,1484,41653,62,174250
958,0.000225,172.31.40.0-255,66,41719,62,174250
959,0.000233,172.217.194.0-255,6797,48516,62,174250
960,0.000236,172.31.40.0-255,66,48582,62,174250
961,0.00026,172.217.194.0-255,7156,55738,62,174250
962,0.000263,172.31.40.0-255,66,55804,62,174250
963,0.000265,172.217.194.0-255,1484,57288,62,174250
964,0.000268,172.31.40.0-255,66,57354,62,174250
965,0.000304,172.217.194.0-255,4320,61674,62,174250
966,0.000308,172.31.40.0-255,66,61740,62,174250
967,0.000311,172.217.194.0-255,1484,63224,62,174250
968,0.000336,172.217.194.0-255,2888,66112,62,174250
969,0.000339,172.31.40.0-255,66,66178,62,174250
970,0.000362,172.217.194.0-255,363,66541,62,174250
971,0.000571,172.217.194.0-255,1484,68025,62,174250
972,0.000576,172.31.40.0-255,66,68091,62,174250
973,0.000582,172.217.194.0-255,2902,70993,62,174250
974,0.000585,172.31.40.0-255,66,71059,62,174250
975,0.000592,172.217.194.0-255,5738,76797,62,174250
976,0.0006,172.31.40.0-255,66,76863,62,174250
977,0.000649,172.31.40.0-255,66,76929,62,174250
978,0.000679,172.217.194.0-255,5738,82667,62,174250
979,0.000682,172.31.40.0-255,66,82733,62,174250
980,0.000709,172.217.194.0-255,4320,87053,62,174250
981,0.000711,172.31.40.0-255,66,87119,62,174250
982,0.000714,172.217.194.0-255,766,87885,62,174250
983,0.001377,172.217.194.0-255,1484,89369,62,174250
984,0.001382,172.31.40.0-255,66,89435,62,174250
985,0.001388,172.217.194.0-255,2902,92337,62,174250
986,0.001391,172.31.40.0-255,66,92403,62,174250
987,0.001397,172.217.194.0-255,5738,98141,62,174250
988,0.001403,172.31.40.0-255,66,98207,62,174250
989,0.001438,172.31.40.0-255,66,98273,62,174250
990,0.001442,172.217.194.0-255,2902,101175,62,174250
991,0.001444,172.31.40.0-255,66,101241,62,174250
992,0.001481,172.31.40.0-255,66,101307,62,174250
993,0.002024,172.217.194.0-255,1484,102791,62,174250
994,0.002045,172.217.194.0-255,2902,105693,62,174250
995,0.002049,172.31.40.0-255,66,105759,62,174250
996,0.002055,172.217.194.0-255,2902,108661,62,174250
997,0.002057,172.31.40.0-255,66,108727,62,174250
998,0.002093,172.217.194.0-255,7156,115883,62,174250
999,0.002096,172.31.40.0-255,66,115949,62,174250
1000,0.002146,172.31.40.0-255,66,116015,62,174250
1001,0.002149,172.217.194.0-255,1484,117499,62,174250
1002,0.002178,172.217.194.0-255,2184,119683,62,174250
1003,0.002181,172.31.40.0-255,66,119749,62,174250
1004,0.002282,172.217.194.0-255,1484,121233,62,174250
1005,0.002289,172.217.194.0-255,2902,124135,62,174250
1006,0.002292,172.31.40.0-255,66,124201,62,174250
1007,0.002296,172.217.194.0-255,1484,125685,62,174250
1008,0.002315,172.217.194.0-255,4320,130005,62,174250
1009,0.002317,172.31.40.0-255,66,130071,62,174250
1010,0.00232,172.217.194.0-255,1484,131555,62,174250
1011,0.002355,172.31.40.0-255,66,131621,62,174250
1012,0.00236,172.217.194.0-255,2902,134523,62,174250
1013,0.002362,172.31.40.0-255,66,134589,62,174250
1014,0.002401,172.31.40.0-255,66,134655,62,174250
1015,0.002413,172.31.40.0-255,66,134721,62,174250
1016,0.002446,172.217.194.0-255,4320,139041,62,174250
1017,0.002449,172.31.40.0-255,66,139107,62,174250
1018,0.002456,172.217.194.0-255,5738,144845,62,174250
1019,0.002458,172.31.40.0-255,66,144911,62,174250
1020,0.002498,172.31.40.0-255,66,144977,62,174250
1021,0.002529,172.31.40.0-255,66,145043,62,174250
1022,0.00254,172.31.40.0-255,66,145109,62,174250
1023,0.002556,172.31.40.0-255,66,145175,62,174250
1024,0.002602,172.31.40.0-255,66,145241,62,174250
1025,0.002633,172.217.194.0-255,2902,148143,62,174250
1026,0.002635,172.31.40.0-255,66,148209,62,174250
1027,0.002639,172.217.194.0-255,1484,149693,62,174250
1028,0.002642,172.217.194.0-255,1484,151177,62,174250
1029,0.002644,172.31.40.0-255,66,151243,62,174250
1030,0.002649,172.217.194.0-255,3602,154845,62,174250
1031,0.002652,172.31.40.0-255,66,154911,62,174250
1032,0.002654,172.217.194.0-255,1484,156395,62,174250
1033,0.002665,172.31.40.0-255,66,156461,62,174250
1034,0.002681,172.31.40.0-255,66,156527,62,174250
1035,0.002694,172.31.40.0-255,66,156593,62,174250
1036,0.00278,172.217.194.0-255,4320,160913,62,174250
1037,0.002783,172.217.194.0-255,1484,162397,62,174250
1038,0.002786,172.217.194.0-255,1484,163881,62,174250
1039,0.002823,172.217.194.0-255,5732,169613,62,174250
1040,0.002838,172.217.194.0-255,105,169718,62,174250
1041,0.005121,172.31.40.0-255,66,169784,62,174250
1042,0.007876,172.31.40.0-255,105,169889,62,174250
1043,0.010267,172.217.194.0-255,66,169955,62,174250
1044,0.034541,172.31.40.0-255,172,170127,62,174250
1045,0.034567,172.31.40.0-255,1106,171233,62,174250
1046,0.03462,172.31.40.0-255,1514,172747,62,174250
1047,0.034622,172.31.40.0-255,1305,174052,62,174250
1048,0.036201,104.244.42.0-255,66,174118,62,174250
1049,0.03626,104.244.42.0-255,66,174184,62,174250
1050,0.036312,104.244.42.0-255,66,174250,62,174250
1051,0.0,74.125.68.0-255,297,297,62,359274
1052,2.6e-05,172.31.40.0-255,66,363,62,359274
1053,3.3e-05,74.125.68.0-255,1484,1847,62,359274
1054,3.8e-05,172.31.40.0-255,66,1913,62,359274
1055,4.1e-05,74.125.68.0-255,1484,3397,62,359274
1056,5e-05,172.31.40.0-255,66,3463,62,359274
1057,5.6e-05,74.125.68.0-255,2902,6365,62,359274
1058,6.1e-05,172.31.40.0-255,66,6431,62,359274
1059,6.8e-05,74.125.68.0-255,5738,12169,62,359274
1060,7.1e-05,172.31.40.0-255,66,12235,62,359274
1061,7.6e-05,74.125.68.0-255,3318,15553,62,359274
1062,8e-05,172.31.40.0-255,66,15619,62,359274
1063,8.3e-05,74.125.68.0-255,1484,17103,62,359274
1064,8.5e-05,172.31.40.0-255,66,17169,62,359274
1065,0.000127,74.125.68.0-255,2902,20071,62,359274
1066,0.00013,172.31.40.0-255,66,20137,62,359274
1067,0.000138,74.125.68.0-255,7156,27293,62,359274
1068,0.00014,172.31.40.0-255,66,27359,62,359274
1069,0.00016,74.125.68.0-255,2902,30261,62,359274
1070,0.000163,172.31.40.0-255,66,30327,62,359274
1071,0.000166,74.125.68.0-255,1125,31452,62,359274
1072,0.000168,172.31.40.0-255,66,31518,62,359274
1073,0.000247,74.125.68.0-255,1484,33002,62,359274
1074,0.00025,172.31.40.0-255,66,33068,62,359274
1075,0.000255,74.125.68.0-255,2902,35970,62,359274
1076,0.000257,172.31.40.0-255,66,36036,62,359274
1077,0.000282,74.125.68.0-255,2902,38938,62,359274
1078,0.000285,172.31.40.0-255,66,39004,62,359274
1079,0.000311,74.125.68.0-255,2902,41906,62,359274
1080,0.000313,172.31.40.0-255,66,41972,62,359274
1081,0.000321,74.125.68.0-255,7156,49128,62,359274
1082,0.000323,172.31.40.0-255,66,49194,62,359274
1083,0.000331,74.125.68.0-255,1484,50678,62,359274
1084,0.000388,74.125.68.0-255,4212,54890,62,359274
1085,0.000513,74.125.68.0-255,1484,56374,62,359274
1086,0.000535,74.125.68.0-255,2902,59276,62,359274
1087,0.00057,74.125.68.0-255,2902,62178,62,359274
1088,0.000583,74.125.68.0-255,1484,63662,62,359274
1089,0.000599,74.125.68.0-255,2902,66564,62,359274
1090,0.000616,172.31.40.0-255,66,66630,62,359274
1091,0.00065,74.125.68.0-255,5738,72368,62,359274
1092,0.000655,74.125.68.0-255,2902,75270,62,359274
1093,0.000678,74.125.68.0-255,4320,79590,62,359274
1094,0.00068,74.125.68.0-255,1484,81074,62,359274
1095,0.000684,74.125.68.0-255,2902,83976,62,359274
1096,0.000687,172.31.40.0-255,66,84042,62,359274
1097,0.000694,172.31.40.0-255,66,84108,62,359274
1098,0.000731,74.125.68.0-255,5020,89128,62,359274
1099,0.000748,172.31.40.0-255,66,89194,62,359274
1100,0.001137,74.125.68.0-255,1484,90678,62,359274
1101,0.001143,74.125.68.0-255,2902,93580,62,359274
1102,0.001147,172.31.40.0-255,66,93646,62,359274
1103,0.001195,74.125.68.0-255,5738,99384,62,359274
1104,0.001202,74.125.68.0-255,5738,105122,62,359274
1105,0.001204,74.125.68.0-255,1484,106606,62,359274
1106,0.001214,172.31.40.0-255,66,106672,62,359274
1107,0.001225,74.125.68.0-255,5738,112410,62,359274
1108,0.001227,74.125.68.0-255,1484,113894,62,359274
1109,0.001237,172.31.40.0-255,66,113960,62,359274
1110,0.001248,74.125.68.0-255,5738,119698,62,359274
1111,0.001274,172.31.40.0-255,66,119764,62,359274
1112,0.001293,74.125.68.0-255,3602,123366,62,359274
1113,0.001313,172.31.40.0-255,66,123432,62,359274
1114,0.00219,74.125.68.0-255,1484,124916,62,359274
1115,0.0022,74.125.68.0-255,2902,127818,62,359274
1116,0.002205,172.31.40.0-255,66,127884,62,359274
1117,0.002233,74.125.68.0-255,5738,133622,62,359274
1118,0.002236,172.31.40.0-255,66,133688,62,359274
1119,0.002239,74.125.68.0-255,1484,135172,62,359274
1120,0.002266,74.125.68.0-255,2902,138074,62,359274
1121,0.002268,172.31.40.0-255,66,138140,62,359274
1122,0.002275,74.125.68.0-255,5738,143878,62,359274
1123,0.002277,172.31.40.0-255,66,143944,62,359274
1124,0.002312,172.31.40.0-255,66,144010,62,359274
1125,0.002341,74.125.68.0-255,3602,147612,62,359274
1126,0.002418,74.125.68.0-255,1484,149096,62,359274
1127,0.002436,74.125.68.0-255,1484,150580,62,359274
1128,0.002455,74.125.68.0-255,1484,152064,62,359274
1129,0.002459,74.125.68.0-255,2902,154966,62,359274
1130,0.002462,74.125.68.0-255,1484,156450,62,359274
1131,0.002498,74.125.68.0-255,5738,162188,62,359274
1132,0.002517,74.125.68.0-255,4320,166508,62,359274
1133,0.002534,74.125.68.0-255,4320,170828,62,359274
1134,0.002547,74.125.68.0-255,2902,173730,62,359274
1135,0.002551,74.125.68.0-255,2902,176632,62,359274
1136,0.002574,74.125.68.0-255,5020,181652,62,359274
1137,0.002632,74.125.68.0-255,4320,185972,62,359274
1138,0.002643,74.125.68.0-255,1484,187456,62,359274
1139,0.002664,74.125.68.0-255,2902,190358,62,359274
1140,0.002694,74.125.68.0-255,4320,194678,62,359274
1141,0.002717,74.125.68.0-255,5738,200416,62,359274
1142,0.002731,74.125.68.0-255,4320,204736,62,359274
1143,0.002749,74.125.68.0-255,7156,211892,62,359274
1144,0.002754,74.125.68.0-255,3602,215494,62,359274
1145,0.002775,74.125.68.0-255,4320,219814,62,359274
1146,0.002803,74.125.68.0-255,4320,224134,62,359274
1147,0.002817,74.125.68.0-255,1484,225618,62,359274
1148,0.002832,74.125.68.0-255,4320,229938,62,359274
1149,0.002852,74.125.68.0-255,4320,234258,62,359274
1150,0.002865,74.125.68.0-255,2902,237160,62,359274
1151,0.002887,74.125.68.0-255,4320,241480,62,359274
1152,0.002908,74.125.68.0-255,4320,245800,62,359274
1153,0.002914,74.125.68.0-255,3602,249402,62,359274
1154,0.002927,74.125.68.0-255,4320,253722,62,359274
1155,0.002957,74.125.68.0-255,1484,255206,62,359274
1156,0.002983,74.125.68.0-255,7156,262362,62,359274
1157,0.003021,74.125.68.0-255,5738,268100,62,359274
1158,0.003035,74.125.68.0-255,4320,272420,62,359274
1159,0.003046,74.125.68.0-255,1484,273904,62,359274
1160,0.003049,74.125.68.0-255,766,274670,62,359274
1161,0.003053,74.125.68.0-255,2902,277572,62,359274
1162,0.003068,74.125.68.0-255,4320,281892,62,359274
1163,0.003097,74.125.68.0-255,7156,289048,62,359274
1164,0.003104,74.125.68.0-255,4320,293368,62,359274
1165,0.003132,74.125.68.0-255,5738,299106,62,359274
1166,0.003157,74.125.68.0-255,7156,306262,62,359274
1167,0.003161,74.125.68.0-255,2184,308446,62,359274
1168,0.003165,74.125.68.0-255,2902,311348,62,359274
1169,0.003195,74.125.68.0-255,2902,314250,62,359274
1170,0.003216,74.125.68.0-255,4320,318570,62,359274
1171,0.003219,74.125.68.0-255,1484,320054,62,359274
1172,0.003222,74.125.68.0-255,1484,321538,62,359274
1173,0.003236,74.125.68.0-255,4320,325858,62,359274
1174,0.00325,74.125.68.0-255,4320,330178,62,359274
1175,0.003272,74.125.68.0-255,1484,331662,62,359274
1176,0.003306,74.125.68.0-255,1484,333146,62,359274
1177,0.003328,74.125.68.0-255,7156,340302,62,359274
1178,0.003343,74.125.68.0-255,1484,341786,62,359274
1179,0.003372,74.125.68.0-255,2902,344688,62,359274
1180,0.003419,74.125.68.0-255,2902,347590,62,359274
1181,0.003471,74.125.68.0-255,2148,349738,62,359274
1182,0.003485,74.125.68.0-255,105,349843,62,359274
1183,0.006852,172.31.40.0-255,66,349909,62,359274
1184,0.008963,172.31.40.0-255,105,350014,62,359274
1185,0.011258,74.125.68.0-255,66,350080,62,359274
1186,0.044961,172.31.40.0-255,172,350252,62,359274
1187,0.044995,172.31.40.0-255,1108,351360,62,359274
1188,0.045061,172.31.40.0-255,1514,352874,62,359274
1189,0.045063,172.31.40.0-255,1514,354388,62,359274
1190,0.04507,172.31.40.0-255,1514,355902,62,359274
1191,0.045071,172.31.40.0-255,1514,357416,62,359274
1192,0.045089,172.31.40.0-255,1514,358930,62,359274
1193,0.045091,172.31.40.0-255,80,359010,62,359274
1194,0.046523,104.244.42.0-255,66,359076,62,359274
1195,0.046534,104.244.42.0-255,66,359142,62,359274
1196,0.046636,104.244.42.0-255,66,359208,62,359274
1197,0.046641,104.244.42.0-255,66,359274,62,359274
1198,0.0,74.125.68.0-255,150,150,62,342145
1199,1.5e-05,172.31.40.0-255,66,216,62,342145
1200,2.2e-05,74.125.68.0-255,1484,1700,62,342145
1201,2.6e-05,172.31.40.0-255,66,1766,62,342145
1202,4.4e-05,74.125.68.0-255,2902,4668,62,342145
1203,4.8e-05,172.31.40.0-255,66,4734,62,342145
1204,7e-05,74.125.68.0-255,5738,10472,62,342145
1205,7.3e-05,172.31.40.0-255,66,10538,62,342145
1206,9.5e-05,74.125.68.0-255,1484,12022,62,342145
1207,9.7e-05,172.31.40.0-255,66,12088,62,342145
1208,0.000101,74.125.68.0-255,1484,13572,62,342145
1209,0.000103,172.31.40.0-255,66,13638,62,342145
1210,0.000108,74.125.68.0-255,2125,15763,62,342145
1211,0.000111,172.31.40.0-255,66,15829,62,342145
1212,0.000139,74.125.68.0-255,5738,21567,62,342145
1213,0.000142,172.31.40.0-255,66,21633,62,342145
1214,0.000149,74.125.68.0-255,7156,28789,62,342145
1215,0.000151,172.31.40.0-255,66,28855,62,342145
1216,0.000181,74.125.68.0-255,2543,31398,62,342145
1217,0.000185,172.31.40.0-255,66,31464,62,342145
1218,0.000661,74.125.68.0-255,1484,32948,62,342145
1219,0.000667,172.31.40.0-255,66,33014,62,342145
1220,0.000673,74.125.68.0-255,2902,35916,62,342145
1221,0.000676,172.31.40.0-255,66,35982,62,342145
1222,0.000683,74.125.68.0-255,5738,41720,62,342145
1223,0.000685,172.31.40.0-255,66,41786,62,342145
1224,0.000699,172.31.40.0-255,66,41852,62,342145
1225,0.000717,74.125.68.0-255,2902,44754,62,342145
1226,0.000719,172.31.40.0-255,66,44820,62,342145
1227,0.000754,74.125.68.0-255,7156,51976,62,342145
1228,0.000757,172.31.40.0-255,66,52042,62,342145
1229,0.000762,74.125.68.0-255,4273,56315,62,342145
1230,0.000764,172.31.40.0-255,66,56381,62,342145
1231,0.00088,74.125.68.0-255,108,56489,62,342145
1232,0.000991,74.125.68.0-255,1484,57973,62,342145
1233,0.000995,172.31.40.0-255,66,58039,62,342145
1234,0.001001,74.125.68.0-255,2902,60941,62,342145
1235,0.001002,172.31.40.0-255,66,61007,62,342145
1236,0.001034,74.125.68.0-255,5738,66745,62,342145
1237,0.001037,172.31.40.0-255,66,66811,62,342145
1238,0.001052,74.125.68.0-255,4320,71131,62,342145
1239,0.001054,172.31.40.0-255,66,71197,62,342145
1240,0.001084,74.125.68.0-255,2543,73740,62,342145
1241,0.001087,172.31.40.0-255,66,73806,62,342145
1242,0.001095,74.125.68.0-255,7156,80962,62,342145
1243,0.001098,172.31.40.0-255,66,81028,62,342145
1244,0.001109,172.31.40.0-255,66,81094,62,342145
1245,0.001155,74.125.68.0-255,331,81425,62,342145
1246,0.0013,74.125.68.0-255,1484,82909,62,342145
1247,0.001305,172.31.40.0-255,66,82975,62,342145
1248,0.001309,74.125.68.0-255,1484,84459,62,342145
1249,0.001323,74.125.68.0-255,1484,85943,62,342145
1250,0.001325,172.31.40.0-255,66,86009,62,342145
1251,0.001351,74.125.68.0-255,5738,91747,62,342145
1252,0.001354,172.31.40.0-255,66,91813,62,342145
1253,0.00136,74.125.68.0-255,4320,96133,62,342145
1254,0.001362,172.31.40.0-255,66,96199,62,342145
1255,0.001366,74.125.68.0-255,1484,97683,62,342145
1256,0.001388,74.125.68.0-255,4320,102003,62,342145
1257,0.001391,172.31.40.0-255,66,102069,62,342145
1258,0.001404,172.31.40.0-255,66,102135,62,342145
1259,0.001419,74.125.68.0-255,1484,103619,62,342145
1260,0.001424,74.125.68.0-255,2184,105803,62,342145
1261,0.001426,172.31.40.0-255,66,105869,62,342145
1262,0.001464,74.125.68.0-255,1484,107353,62,342145
1263,0.001469,74.125.68.0-255,2902,110255,62,342145
1264,0.001472,172.31.40.0-255,66,110321,62,342145
1265,0.001496,74.125.68.0-255,5738,116059,62,342145
1266,0.001499,172.31.40.0-255,66,116125,62,342145
1267,0.001505,74.125.68.0-255,4320,120445,62,342145
1268,0.001507,172.31.40.0-255,66,120511,62,342145
1269,0.001536,74.125.68.0-255,2902,123413,62,342145
1270,0.001539,172.31.40.0-255,66,123479,62,342145
1271,0.001551,172.31.40.0-255,66,123545,62,342145
1272,0.001587,172.31.40.0-255,66,123611,62,342145
1273,0.001601,74.125.68.0-255,2902,126513,62,342145
1274,0.001604,172.31.40.0-255,66,126579,62,342145
1275,0.001633,74.125.68.0-255,4320,130899,62,342145
1276,0.001637,172.31.40.0-255,66,130965,62,342145
1277,0.00164,74.125.68.0-255,1484,132449,62,342145
1278,0.001661,74.125.68.0-255,7156,139605,62,342145
1279,0.001664,172.31.40.0-255,66,139671,62,342145
1280,0.00167,74.125.68.0-255,5738,145409,62,342145
1281,0.001673,172.31.40.0-255,66,145475,62,342145
1282,0.001689,74.125.68.0-255,2902,148377,62,342145
1283,0.001691,172.31.40.0-255,66,148443,62,342145
1284,0.001703,172.31.40.0-255,66,148509,62,342145
1285,0.003732,74.125.68.0-255,5738,154247,62,342145
1286,0.003739,172.31.40.0-255,66,154313,62,342145
1287,0.005767,74.125.68.0-255,4320,158633,62,342145
1288,0.005771,172.31.40.0-255,66,158699,62,342145
1289,0.005786,74.125.68.0-255,1484,160183,62,342145
1290,0.007804,74.125.68.0-255,4320,164503,62,342145
1291,0.00781,172.31.40.0-255,66,164569,62,342145
1292,0.009862,74.125.68.0-255,5738,170307,62,342145
1293,0.00987,172.31.40.0-255,66,170373,62,342145
1294,0.011916,74.125.68.0-255,5738,176111,62,342145
1295,0.011923,172.31.40.0-255,66,176177,62,342145
1296,0.013959,74.125.68.0-255,5738,181915,62,342145
1297,0.013966,172.31.40.0-255,66,181981,62,342145
1298,0.015988,74.125.68.0-255,5738,187719,62,342145
1299,0.015995,172.31.40.0-255,66,187785,62,342145
1300,0.018033,74.125.68.0-255,5738,193523,62,342145
1301,0.018041,172.31.40.0-255,66,193589,62,342145
1302,0.020082,74.125.68.0-255,5738,199327,62,342145
1303,0.020089,172.31.40.0-255,66,199393,62,342145
1304,0.02217,74.125.68.0-255,5738,205131,62,342145
1305,0.022185,172.31.40.0-255,66,205197,62,342145
1306,0.024223,74.125.68.0-255,5738,210935,62,342145
1307,0.024239,172.31.40.0-255,66,211001,62,342145
1308,0.026268,74.125.68.0-255,2902,213903,62,342145
1309,0.026278,172.31.40.0-255,66,213969,62,342145
1310,0.026296,74.125.68.0-255,2902,216871,62,342145
1311,0.026299,172.31.40.0-255,66,216937,62,342145
1312,0.028306,74.125.68.0-255,2902,219839,62,342145
1313,0.028313,172.31.40.0-255,66,219905,62,342145
1314,0.028335,74.125.68.0-255,2902,222807,62,342145
1315,0.028339,172.31.40.0-255,66,222873,62,342145
1316,0.030347,74.125.68.0-255,5738,228611,62,342145
1317,0.030353,172.31.40.0-255,66,228677,62,342145
1318,0.032435,74.125.68.0-255,5738,234415,62,342145
1319,0.032449,172.31.40.0-255,66,234481,62,342145
1320,0.034533,74.125.68.0-255,5738,240219,62,342145
1321,0.034546,172.31.40.0-255,66,240285,62,342145
1322,0.036578,74.125.68.0-255,5738,246023,62,342145
1323,0.036586,172.31.40.0-255,66,246089,62,342145
1324,0.038623,74.125.68.0-255,5738,251827,62,342145
1325,0.038631,172.31.40.0-255,66,251893,62,342145
1326,0.040664,74.125.68.0-255,5738,257631,62,342145
1327,0.040669,172.31.40.0-255,66,257697,62,342145
1328,0.041731,172.31.40.0-255,167,257864,62,342145
1329,0.041759,172.31.40.0-255,1105,258969,62,342145
1330,0.041807,172.31.40.0-255,1514,260483,62,342145
1331,0.041809,172.31.40.0-255,340,260823,62,342145
1332,0.0427,74.125.68.0-255,5738,266561,62,342145
1333,0.042707,172.31.40.0-255,66,266627,62,342145
1334,0.043384,104.244.42.0-255,66,266693,62,342145
1335,0.044741,74.125.68.0-255,5738,272431,62,342145
1336,0.044749,172.31.40.0-255,66,272497,62,342145
1337,0.046793,74.125.68.0-255,5738,278235,62,342145
1338,0.0468,172.31.40.0-255,66,278301,62,342145
1339,0.048826,74.125.68.0-255,5738,284039,62,342145
1340,0.048833,172.31.40.0-255,66,284105,62,342145
1341,0.050867,74.125.68.0-255,5738,289843,62,342145
1342,0.050874,172.31.40.0-255,66,289909,62,342145
1343,0.052914,74.125.68.0-255,5738,295647,62,342145
1344,0.052921,172.31.40.0-255,66,295713,62,342145
1345,0.054952,74.125.68.0-255,5738,301451,62,342145
1346,0.05496,172.31.40.0-255,66,301517,62,342145
1347,0.056996,74.125.68.0-255,5738,307255,62,342145
1348,0.057003,172.31.40.0-255,66,307321,62,342145
1349,0.059039,74.125.68.0-255,5738,313059,62,342145
1350,0.059046,172.31.40.0-255,66,313125,62,342145
1351,0.061092,74.125.68.0-255,5738,318863,62,342145
1352,0.061099,172.31.40.0-255,66,318929,62,342145
1353,0.063136,74.125.68.0-255,5738,324667,62,342145
1354,0.063143,172.31.40.0-255,66,324733,62,342145
1355,0.065197,74.125.68.0-255,5738,330471,62,342145
1356,0.065203,172.31.40.0-255,66,330537,62,342145
1357,0.067237,74.125.68.0-255,5738,336275,62,342145
1358,0.067242,172.31.40.0-255,66,336341,62,342145
1359,0.069287,74.125.68.0-255,5738,342079,62,342145
1360,0.069293,172.31.40.0-255,66,342145,62,342145
1361,0.0,74.125.68.0-255,146,146,62,349199
1362,2.3e-05,172.31.40.0-255,66,212,62,349199
1363,3e-05,74.125.68.0-255,1484,1696,62,349199
1364,3.5e-05,172.31.40.0-255,66,1762,62,349199
1365,4.1e-05,74.125.68.0-255,2902,4664,62,349199
1366,4.5e-05,172.31.40.0-255,66,4730,62,349199
1367,4.9e-05,74.125.68.0-255,2902,7632,62,349199
1368,5.2e-05,172.31.40.0-255,66,7698,62,349199
1369,5.8e-05,74.125.68.0-255,4320,12018,62,349199
1370,6.1e-05,172.31.40.0-255,66,12084,62,349199
1371,0.000102,172.31.40.0-255,66,12150,62,349199
1372,0.000107,74.125.68.0-255,4320,16470,62,349199
1373,0.00011,172.31.40.0-255,66,16536,62,349199
1374,0.00013,74.125.68.0-255,1484,18020,62,349199
1375,0.000132,172.31.40.0-255,66,18086,62,349199
1376,0.000153,74.125.68.0-255,3961,22047,62,349199
1377,0.000156,172.31.40.0-255,66,22113,62,349199
1378,0.000263,74.125.68.0-255,1484,23597,62,349199
1379,0.000267,172.31.40.0-255,66,23663,62,349199
1380,0.000272,74.125.68.0-255,2902,26565,62,349199
1381,0.000274,172.31.40.0-255,66,26631,62,349199
1382,0.000277,74.125.68.0-255,1484,28115,62,349199
1383,0.00028,172.31.40.0-255,66,28181,62,349199
1384,0.000298,74.125.68.0-255,4320,32501,62,349199
1385,0.000301,172.31.40.0-255,66,32567,62,349199
1386,0.000305,74.125.68.0-255,2902,35469,62,349199
1387,0.000307,172.31.40.0-255,66,35535,62,349199
1388,0.000329,74.125.68.0-255,1484,37019,62,349199
1389,0.000332,172.31.40.0-255,66,37085,62,349199
1390,0.000346,74.125.68.0-255,5738,42823,62,349199
1391,0.000348,172.31.40.0-255,66,42889,62,349199
1392,0.000368,74.125.68.0-255,3961,46850,62,349199
1393,0.000371,172.31.40.0-255,66,46916,62,349199
1394,0.000374,74.125.68.0-255,1484,48400,62,349199
1395,0.000376,172.31.40.0-255,66,48466,62,349199
1396,0.00038,74.125.68.0-255,2902,51368,62,349199
1397,0.000383,172.31.40.0-255,66,51434,62,349199
1398,0.000389,74.125.68.0-255,5687,57121,62,349199
1399,0.000391,172.31.40.0-255,66,57187,62,349199
1400,0.000433,74.125.68.0-255,111,57298,62,349199
1401,0.000436,172.31.40.0-255,66,57364,62,349199
1402,0.0006,74.125.68.0-255,1484,58848,62,349199
1403,0.000605,172.31.40.0-255,66,58914,62,349199
1404,0.000628,74.125.68.0-255,2902,61816,62,349199
1405,0.000631,172.31.40.0-255,66,61882,62,349199
1406,0.000634,74.125.68.0-255,1484,63366,62,349199
1407,0.000636,172.31.40.0-255,66,63432,62,349199
1408,0.000651,74.125.68.0-255,4320,67752,62,349199
1409,0.000654,172.31.40.0-255,66,67818,62,349199
1410,0.000659,74.125.68.0-255,2902,70720,62,349199
1411,0.000662,74.125.68.0-255,1484,72204,62,349199
1412,0.000668,172.31.40.0-255,66,72270,62,349199
1413,0.000683,74.125.68.0-255,2543,74813,62,349199
1414,0.000697,74.125.68.0-255,4320,79133,62,349199
1415,0.000709,172.31.40.0-255,66,79199,62,349199
1416,0.00072,74.125.68.0-255,4320,83519,62,349199
1417,0.000723,74.125.68.0-255,2902,86421,62,349199
1418,0.000729,172.31.40.0-255,66,86487,62,349199
1419,0.000759,74.125.68.0-255,2902,89389,62,349199
1420,0.000772,74.125.68.0-255,2789,92178,62,349199
1421,0.000778,172.31.40.0-255,66,92244,62,349199
1422,0.000853,74.125.68.0-255,1484,93728,62,349199
1423,0.000879,74.125.68.0-255,2902,96630,62,349199
1424,0.000882,74.125.68.0-255,1484,98114,62,349199
1425,0.000888,172.31.40.0-255,66,98180,62,349199
1426,0.000909,74.125.68.0-255,4320,102500,62,349199
1427,0.000924,172.31.40.0-255,66,102566,62,349199
1428,0.000946,74.125.68.0-255,1484,104050,62,349199
1429,0.00101,172.31.40.0-255,66,104116,62,349199
1430,0.001081,74.125.68.0-255,1484,105600,62,349199
1431,0.001097,74.125.68.0-255,2902,108502,62,349199
1432,0.0011,74.125.68.0-255,1484,109986,62,349199
1433,0.001111,74.125.68.0-255,1484,111470,62,349199
1434,0.001115,74.125.68.0-255,1484,112954,62,349199
1435,0.001122,172.31.40.0-255,66,113020,62,349199
1436,0.001131,74.125.68.0-255,2902,115922,62,349199
1437,0.001137,74.125.68.0-255,5738,121660,62,349199
1438,0.001149,74.125.68.0-255,2902,124562,62,349199
1439,0.001151,74.125.68.0-255,1484,126046,62,349199
1440,0.001154,172.31.40.0-255,66,126112,62,349199
1441,0.001166,74.125.68.0-255,7156,133268,62,349199
1442,0.001189,172.31.40.0-255,66,133334,62,349199
1443,0.00121,74.125.68.0-255,5020,138354,62,349199
1444,0.001227,172.31.40.0-255,66,138420,62,349199
1445,0.001611,74.125.68.0-255,1484,139904,62,349199
1446,0.001625,74.125.68.0-255,2902,142806,62,349199
1447,0.001628,172.31.40.0-255,66,142872,62,349199
1448,0.001634,74.125.68.0-255,4320,147192,62,349199
1449,0.001648,74.125.68.0-255,1484,148676,62,349199
1450,0.001652,172.31.40.0-255,66,148742,62,349199
1451,0.00167,74.125.68.0-255,5738,154480,62,349199
1452,0.001673,172.31.40.0-255,66,154546,62,349199
1453,0.001698,74.125.68.0-255,7156,161702,62,349199
1454,0.001725,74.125.68.0-255,7156,168858,62,349199
1455,0.00173,172.31.40.0-255,66,168924,62,349199
1456,0.001743,74.125.68.0-255,3602,172526,62,349199
1457,0.001765,172.31.40.0-255,66,172592,62,349199
1458,0.001881,74.125.68.0-255,1484,174076,62,349199
1459,0.001885,74.125.68.0-255,1484,175560,62,349199
1460,0.001899,74.125.68.0-255,1484,177044,62,349199
1461,0.001907,172.31.40.0-255,66,177110,62,349199
1462,0.001918,74.125.68.0-255,5738,182848,62,349199
1463,0.001921,74.125.68.0-255,2902,185750,62,349199
1464,0.001928,172.31.40.0-255,66,185816,62,349199
1465,0.001936,74.125.68.0-255,1484,187300,62,349199
1466,0.001965,172.31.40.0-255,66,187366,62,349199
1467,0.001992,74.125.68.0-255,2184,189550,62,349199
1468,0.002007,172.31.40.0-255,66,189616,62,349199
1469,0.002117,74.125.68.0-255,1484,191100,62,349199
1470,0.002133,74.125.68.0-255,2902,194002,62,349199
1471,0.002151,74.125.68.0-255,4320,198322,62,349199
1472,0.002154,172.31.40.0-255,66,198388,62,349199
1473,0.002163,74.125.68.0-255,1484,199872,62,349199
1474,0.002166,172.31.40.0-255,66,199938,62,349199
1475,0.002279,74.125.68.0-255,5738,205676,62,349199
1476,0.002291,74.125.68.0-255,766,206442,62,349199
1477,0.002312,74.125.68.0-255,4320,210762,62,349199
1478,0.00233,74.125.68.0-255,2902,213664,62,349199
1479,0.011009,172.31.40.0-255,66,213730,62,349199
1480,0.012157,74.125.68.0-255,1484,215214,62,349199
1481,0.012165,172.31.40.0-255,66,215280,62,349199
1482,0.013302,74.125.68.0-255,4320,219600,62,349199
1483,0.014436,74.125.68.0-255,1484,221084,62,349199
1484,0.014959,172.31.40.0-255,66,221150,62,349199
1485,0.017254,74.125.68.0-255,5738,226888,62,349199
1486,0.017265,172.31.40.0-255,66,226954,62,349199
1487,0.019552,74.125.68.0-255,5738,232692,62,349199
1488,0.01956,172.31.40.0-255,66,232758,62,349199
1489,0.021866,74.125.68.0-255,5738,238496,62,349199
1490,0.021873,172.31.40.0-255,66,238562,62,349199
1491,0.024176,74.125.68.0-255,5738,244300,62,349199
1492,0.024193,172.31.40.0-255,66,244366,62,349199
1493,0.026486,74.125.68.0-255,5738,250104,62,349199
1494,0.026495,172.31.40.0-255,66,250170,62,349199
1495,0.028806,74.125.68.0-255,5738,255908,62,349199
1496,0.028814,172.31.40.0-255,66,255974,62,349199
1497,0.031109,74.125.68.0-255,5738,261712,62,349199
1498,0.03112,172.31.40.0-255,66,261778,62,349199
1499,0.033426,74.125.68.0-255,5738,267516,62,349199
1500,0.033433,172.31.40.0-255,66,267582,62,349199
1501,0.035715,74.125.68.0-255,5738,273320,62,349199
1502,0.035721,172.31.40.0-255,66,273386,62,349199
1503,0.036694,172.31.40.0-255,167,273553,62,349199
1504,0.036729,172.31.40.0-255,1105,274658,62,349199
1505,0.036789,172.31.40.0-255,1514,276172,62,349199
1506,0.03679,172.31.40.0-255,340,276512,62,349199
1507,0.038018,74.125.68.0-255,5738,282250,62,349199
1508,0.038025,172.31.40.0-255,66,282316,62,349199
1509,0.038232,104.244.42.0-255,66,282382,62,349199
1510,0.038288,104.244.42.0-255,66,282448,62,349199
1511,0.038367,104.244.42.0-255,66,282514,62,349199
1512,0.039982,104.244.42.0-255,108,282622,62,349199
1513,0.04,172.31.40.0-255,66,282688,62,349199
1514,0.040322,74.125.68.0-255,5738,288426,62,349199
1515,0.040328,172.31.40.0-255,66,288492,62,349199
1516,0.042623,74.125.68.0-255,5738,294230,62,349199
1517,0.04263,172.31.40.0-255,66,294296,62,349199
1518,0.044922,74.125.68.0-255,5738,300034,62,349199
1519,0.044929,172.31.40.0-255,66,300100,62,349199
1520,0.047229,74.125.68.0-255,5738,305838,62,349199
1521,0.047236,172.31.40.0-255,66,305904,62,349199
1522,0.049529,74.125.68.0-255,5738,311642,62,349199
1523,0.049536,172.31.40.0-255,66,311708,62,349199
1524,0.051836,74.125.68.0-255,5738,317446,62,349199
1525,0.051843,172.31.40.0-255,66,317512,62,349199
1526,0.054168,74.125.68.0-255,5738,323250,62,349199
1527,0.054178,172.31.40.0-255,66,323316,62,349199
1528,0.056496,74.125.68.0-255,5738,329054,62,349199
1529,0.056501,172.31.40.0-255,66,329120,62,349199
1530,0.058794,74.125.68.0-255,5738,334858,62,349199
1531,0.058801,172.31.40.0-255,66,334924,62,349199
1532,0.061117,74.125.68.0-255,5738,340662,62,349199
1533,0.061124,172.31.40.0-255,66,340728,62,349199
1534,0.063424,74.125.68.0-255,5738,346466,62,349199
1535,0.063431,172.31.40.0-255,66,346532,62,349199
1536,0.065729,74.125.68.0-255,2430,348962,62,349199
1537,0.065735,172.31.40.0-255,66,349028,62,349199
1538,0.065909,172.31.40.0-255,105,349133,62,349199
1539,0.068155,74.125.68.0-255,66,349199,62,349199
1540,0.0,172.31.40.0-255,105,105,62,172308
1541,0.000349,172.31.40.0-255,90,195,62,172308
1542,0.000357,172.31.40.0-255,66,261,62,172308
1543,0.003625,74.125.130.0-255,66,327,62,172308
1544,0.003651,74.125.130.0-255,66,393,62,172308
1545,0.003669,172.31.40.0-255,66,459,62,172308
1546,0.014715,172.217.194.0-255,153,612,62,172308
1547,0.014726,172.31.40.0-255,66,678,62,172308
1548,0.014731,172.217.194.0-255,1484,2162,62,172308
1549,0.014735,172.31.40.0-255,66,2228,62,172308
1550,0.01474,172.217.194.0-255,2902,5130,62,172308
1551,0.01475,172.31.40.0-255,66,5196,62,172308
1552,0.01481,172.217.194.0-255,4320,9516,62,172308
1553,0.014815,172.31.40.0-255,66,9582,62,172308
1554,0.014843,172.217.194.0-255,2902,12484,62,172308
1555,0.014845,172.31.40.0-255,66,12550,62,172308
1556,0.014975,172.217.194.0-255,2102,14652,62,172308
1557,0.01498,172.31.40.0-255,66,14718,62,172308
1558,0.015018,172.31.40.0-255,66,14784,62,172308
1559,0.015044,172.217.194.0-255,2902,17686,62,172308
1560,0.015046,172.31.40.0-255,66,17752,62,172308
1561,0.015243,172.217.194.0-255,7156,24908,62,172308
1562,0.015249,172.31.40.0-255,66,24974,62,172308
1563,0.015296,172.31.40.0-255,66,25040,62,172308
1564,0.015717,172.31.40.0-255,66,25106,62,172308
1565,0.015749,172.217.194.0-255,6797,31903,62,172308
1566,0.015753,172.31.40.0-255,66,31969,62,172308
1567,0.016068,172.31.40.0-255,66,32035,62,172308
1568,0.016098,172.217.194.0-255,2902,34937,62,172308
1569,0.016101,172.31.40.0-255,66,35003,62,172308
1570,0.016422,172.31.40.0-255,66,35069,62,172308
1571,0.016468,172.31.40.0-255,66,35135,62,172308
1572,0.01648,172.217.194.0-255,1709,36844,62,172308
1573,0.017157,172.217.194.0-255,4320,41164,62,172308
1574,0.017454,172.217.194.0-255,4320,45484,62,172308
1575,0.018161,172.217.194.0-255,7156,52640,62,172308
1576,0.018792,172.31.40.0-255,66,52706,62,172308
1577,0.021092,172.217.194.0-255,5738,58444,62,172308
1578,0.021099,172.31.40.0-255,66,58510,62,172308
1579,0.023405,172.217.194.0-255,4320,62830,62,172308
1580,0.023421,172.217.194.0-255,1484,64314,62,172308
1581,0.026286,172.31.40.0-255,66,64380,62,172308
1582,0.028601,172.217.194.0-255,5738,70118,62,172308
1583,0.028611,172.31.40.0-255,66,70184,62,172308
1584,0.030906,172.217.194.0-255,5738,75922,62,172308
1585,0.030914,172.31.40.0-255,66,75988,62,172308
1586,0.033206,172.217.194.0-255,5738,81726,62,172308
1587,0.033216,172.31.40.0-255,66,81792,62,172308
1588,0.035533,172.217.194.0-255,5738,87530,62,172308
1589,0.035541,172.31.40.0-255,66,87596,62,172308
1590,0.037806,172.31.40.0-255,167,87763,62,172308
1591,0.037825,172.217.194.0-255,5738,93501,62,172308
1592,0.037829,172.31.40.0-255,66,93567,62,172308
1593,0.037869,172.31.40.0-255,1105,94672,62,172308
1594,0.037937,172.31.40.0-255,1514,96186,62,172308
1595,0.037939,172.31.40.0-255,340,96526,62,172308
1596,0.039927,104.244.42.0-255,66,96592,62,172308
1597,0.040131,172.217.194.0-255,5738,102330,62,172308
1598,0.040142,172.31.40.0-255,66,102396,62,172308
1599,0.042454,172.217.194.0-255,5738,108134,62,172308
1600,0.043834,172.31.40.0-255,66,108200,62,172308
1601,0.046146,172.217.194.0-255,5738,113938,62,172308
1602,0.046163,172.31.40.0-255,66,114004,62,172308
1603,0.048498,172.217.194.0-255,5738,119742,62,172308
1604,0.048516,172.31.40.0-255,66,119808,62,172308
1605,0.050804,172.217.194.0-255,5738,125546,62,172308
1606,0.050814,172.31.40.0-255,66,125612,62,172308
1607,0.05313,172.217.194.0-255,5738,131350,62,172308
1608,0.053139,172.31.40.0-255,66,131416,62,172308
1609,0.055423,172.217.194.0-255,2902,134318,62,172308
1610,0.05543,172.31.40.0-255,66,134384,62,172308
1611,0.055461,172.217.194.0-255,2902,137286,62,172308
1612,0.055482,172.31.40.0-255,66,137352,62,172308
1613,0.057727,172.217.194.0-255,2902,140254,62,172308
1614,0.057734,172.31.40.0-255,66,140320,62,172308
1615,0.057765,172.217.194.0-255,2902,143222,62,172308
1616,0.057797,172.31.40.0-255,66,143288,62,172308
1617,0.060078,172.217.194.0-255,5738,149026,62,172308
1618,0.060155,172.31.40.0-255,66,149092,62,172308
1619,0.062464,172.217.194.0-255,5738,154830,62,172308
1620,0.06247,172.31.40.0-255,66,154896,62,172308
1621,0.064804,172.217.194.0-255,5738,160634,62,172308
1622,0.064811,172.31.40.0-255,66,160700,62,172308
1623,0.067128,172.217.194.0-255,5738,166438,62,172308
1624,0.067135,172.31.40.0-255,66,166504,62,172308
1625,0.069449,172.217.194.0-255,5738,172242,62,172308
1626,0.069455,172.31.40.0-255,66,172308,62,172308
1627,0.0,74.125.130.0-255,150,150,62,313460
1628,1.4e-05,172.31.40.0-255,66,216,62,313460
1629,2.1e-05,74.125.130.0-255,1484,1700,62,313460
1630,2.5e-05,172.31.40.0-255,66,1766,62,313460
1631,5.6e-05,74.125.130.0-255,2902,4668,62,313460
1632,5.9e-05,172.31.40.0-255,66,4734,62,313460
1633,6.2e-05,74.125.130.0-255,1484,6218,62,313460
1634,6.4e-05,172.31.40.0-255,66,6284,62,313460
1635,8.2e-05,74.125.130.0-255,2902,9186,62,313460
1636,8.5e-05,172.31.40.0-255,66,9252,62,313460
1637,0.000117,74.125.130.0-255,4869,14121,62,313460
1638,0.00012,172.31.40.0-255,66,14187,62,313460
1639,0.000245,74.125.130.0-255,1484,15671,62,313460
1640,0.000249,172.31.40.0-255,66,15737,62,313460
1641,0.000254,74.125.130.0-255,1484,17221,62,313460
1642,0.000256,172.31.40.0-255,66,17287,62,313460
1643,0.00026,74.125.130.0-255,2902,20189,62,313460
1644,0.000264,172.31.40.0-255,66,20255,62,313460
1645,0.000295,74.125.130.0-255,5738,25993,62,313460
1646,0.000298,172.31.40.0-255,66,26059,62,313460
1647,0.000304,74.125.130.0-255,4320,30379,62,313460
1648,0.000307,172.31.40.0-255,66,30445,62,313460
1649,0.000319,74.125.130.0-255,1125,31570,62,313460
1650,0.000323,172.31.40.0-255,66,31636,62,313460
1651,0.000641,74.125.130.0-255,1484,33120,62,313460
1652,0.000647,172.31.40.0-255,66,33186,62,313460
1653,0.000651,74.125.130.0-255,1484,34670,62,313460
1654,0.000653,172.31.40.0-255,66,34736,62,313460
1655,0.000666,74.125.130.0-255,1484,36220,62,313460
1656,0.000668,172.31.40.0-255,66,36286,62,313460
1657,0.000688,74.125.130.0-255,1484,37770,62,313460
1658,0.00069,172.31.40.0-255,66,37836,62,313460
1659,0.000718,74.125.130.0-255,2902,40738,62,313460
1660,0.00072,172.31.40.0-255,66,40804,62,313460
1661,0.000723,74.125.130.0-255,1484,42288,62,313460
1662,0.000756,74.125.130.0-255,2902,45190,62,313460
1663,0.000759,172.31.40.0-255,66,45256,62,313460
1664,0.000762,74.125.130.0-255,1484,46740,62,313460
1665,0.000793,74.125.130.0-255,2543,49283,62,313460
1666,0.000796,172.31.40.0-255,66,49349,62,313460
1667,0.000829,74.125.130.0-255,4320,53669,62,313460
1668,0.000832,172.31.40.0-255,66,53735,62,313460
1669,0.000837,74.125.130.0-255,2902,56637,62,313460
1670,0.00084,172.31.40.0-255,66,56703,62,313460
1671,0.000854,74.125.130.0-255,2902,59605,62,313460
1672,0.000856,172.31.40.0-255,66,59671,62,313460
1673,0.000862,74.125.130.0-255,4320,63991,62,313460
1674,0.000865,172.31.40.0-255,66,64057,62,313460
1675,0.000882,74.125.130.0-255,2543,66600,62,313460
1676,0.000884,172.31.40.0-255,66,66666,62,313460
1677,0.000887,74.125.130.0-255,359,67025,62,313460
1678,0.000937,74.125.130.0-255,383,67408,62,313460
1679,0.001157,172.31.40.0-255,66,67474,62,313460
1680,0.001219,74.125.130.0-255,1484,68958,62,313460
1681,0.001254,74.125.130.0-255,2902,71860,62,313460
1682,0.001258,172.31.40.0-255,66,71926,62,313460
1683,0.001271,74.125.130.0-255,1484,73410,62,313460
1684,0.001285,74.125.130.0-255,2902,76312,62,313460
1685,0.001287,172.31.40.0-255,66,76378,62,313460
1686,0.001306,74.125.130.0-255,1484,77862,62,313460
1687,0.001324,74.125.130.0-255,4320,82182,62,313460
1688,0.001326,172.31.40.0-255,66,82248,62,313460
1689,0.001345,74.125.130.0-255,2902,85150,62,313460
1690,0.001348,172.31.40.0-255,66,85216,62,313460
1691,0.001372,74.125.130.0-255,4320,89536,62,313460
1692,0.001375,172.31.40.0-255,66,89602,62,313460
1693,0.001381,74.125.130.0-255,4320,93922,62,313460
1694,0.001383,172.31.40.0-255,66,93988,62,313460
1695,0.001417,74.125.130.0-255,5738,99726,62,313460
1696,0.00142,172.31.40.0-255,66,99792,62,313460
1697,0.001424,74.125.130.0-255,2184,101976,62,313460
1698,0.001426,172.31.40.0-255,66,102042,62,313460
1699,0.001605,74.125.130.0-255,1484,103526,62,313460
1700,0.001617,74.125.130.0-255,1484,105010,62,313460
1701,0.001621,172.31.40.0-255,66,105076,62,313460
1702,0.001626,74.125.130.0-255,2902,107978,62,313460
1703,0.001628,172.31.40.0-255,66,108044,62,313460
1704,0.001641,74.125.130.0-255,2902,110946,62,313460
1705,0.001643,172.31.40.0-255,66,111012,62,313460
1706,0.001662,74.125.130.0-255,2902,113914,62,313460
1707,0.001665,172.31.40.0-255,66,113980,62,313460
1708,0.001671,74.125.130.0-255,5738,119718,62,313460
1709,0.001673,172.31.40.0-255,66,119784,62,313460
1710,0.001689,74.125.130.0-255,4320,124104,62,313460
1711,0.001692,172.31.40.0-255,66,124170,62,313460
1712,0.001705,74.125.130.0-255,2902,127072,62,313460
1713,0.001708,172.31.40.0-255,66,127138,62,313460
1714,0.001735,74.125.130.0-255,5738,132876,62,313460
1715,0.001737,172.31.40.0-255,66,132942,62,313460
1716,0.00178,74.125.130.0-255,3602,136544,62,313460
1717,0.001783,172.31.40.0-255,66,136610,62,313460
1718,0.003998,74.125.130.0-255,1484,138094,62,313460
1719,0.004048,74.125.130.0-255,4320,142414,62,313460
1720,0.004053,172.31.40.0-255,66,142480,62,313460
1721,0.00631,74.125.130.0-255,1484,143964,62,313460
1722,0.006329,74.125.130.0-255,4320,148284,62,313460
1723,0.006332,172.31.40.0-255,66,148350,62,313460
1724,0.00861,74.125.130.0-255,5738,154088,62,313460
1725,0.008617,172.31.40.0-255,66,154154,62,313460
1726,0.010893,74.125.130.0-255,5738,159892,62,313460
1727,0.0109,172.31.40.0-255,66,159958,62,313460
1728,0.013164,74.125.130.0-255,1484,161442,62,313460
1729,0.01319,74.125.130.0-255,4320,165762,62,313460
1730,0.013195,172.31.40.0-255,66,165828,62,313460
1731,0.015471,74.125.130.0-255,5738,171566,62,313460
1732,0.015477,172.31.40.0-255,66,171632,62,313460
1733,0.017752,74.125.130.0-255,5738,177370,62,313460
1734,0.017759,172.31.40.0-255,66,177436,62,313460
1735,0.020033,74.125.130.0-255,5738,183174,62,313460
1736,0.020039,172.31.40.0-255,66,183240,62,313460
1737,0.02231,74.125.130.0-255,5738,188978,62,313460
1738,0.022317,172.31.40.0-255,66,189044,62,313460
1739,0.024609,74.125.130.0-255,5738,194782,62,313460
1740,0.024615,172.31.40.0-255,66,194848,62,313460
1741,0.025669,172.31.40.0-255,172,195020,62,313460
1742,0.025702,172.31.40.0-255,1110,196130,62,313460
1743,0.025764,172.31.40.0-255,1514,197644,62,313460
1744,0.025766,172.31.40.0-255,1514,199158,62,313460
1745,0.025768,172.31.40.0-255,1514,200672,62,313460
1746,0.025769,172.31.40.0-255,1514,202186,62,313460
1747,0.02577,172.31.40.0-255,560,202746,62,313460
1748,0.026888,74.125.130.0-255,5738,208484,62,313460
1749,0.026895,172.31.40.0-255,66,208550,62,313460
1750,0.027216,104.244.42.0-255,66,208616,62,313460
1751,0.027269,104.244.42.0-255,66,208682,62,313460
1752,0.02737,104.244.42.0-255,66,208748,62,313460
1753,0.027374,104.244.42.0-255,66,208814,62,313460
1754,0.028084,104.244.42.0-255,108,208922,62,313460
1755,0.028093,172.31.40.0-255,66,208988,62,313460
1756,0.029176,74.125.130.0-255,5738,214726,62,313460
1757,0.029182,172.31.40.0-255,66,214792,62,313460
1758,0.031469,74.125.130.0-255,5738,220530,62,313460
1759,0.031476,172.31.40.0-255,66,220596,62,313460
1760,0.03376,74.125.130.0-255,5738,226334,62,313460
1761,0.033767,172.31.40.0-255,66,226400,62,313460
1762,0.036047,74.125.130.0-255,5738,232138,62,313460
1763,0.036052,172.31.40.0-255,66,232204,62,313460
1764,0.03837,74.125.130.0-255,5738,237942,62,313460
1765,0.038375,172.31.40.0-255,66,238008,62,313460
1766,0.040656,74.125.130.0-255,5738,243746,62,313460
1767,0.040661,172.31.40.0-255,66,243812,62,313460
1768,0.042934,74.125.130.0-255,5738,249550,62,313460
1769,0.042944,172.31.40.0-255,66,249616,62,313460
1770,0.045221,74.125.130.0-255,5738,255354,62,313460
1771,0.045226,172.31.40.0-255,66,255420,62,313460
1772,0.047517,74.125.130.0-255,5738,261158,62,313460
1773,0.047523,172.31.40.0-255,66,261224,62,313460
1774,0.049812,74.125.130.0-255,5738,266962,62,313460
1775,0.049818,172.31.40.0-255,66,267028,62,313460
1776,0.052094,74.125.130.0-255,5738,272766,62,313460
1777,0.052103,172.31.40.0-255,66,272832,62,313460
1778,0.054378,74.125.130.0-255,5738,278570,62,313460
1779,0.054383,172.31.40.0-255,66,278636,62,313460
1780,0.056663,74.125.130.0-255,5738,284374,62,313460
1781,0.056669,172.31.40.0-255,66,284440,62,313460
1782,0.058955,74.125.130.0-255,5738,290178,62,313460
1783,0.058962,172.31.40.0-255,66,290244,62,313460
1784,0.061245,74.125.130.0-255,5738,295982,62,313460
1785,0.06125,172.31.40.0-255,66,296048,62,313460
1786,0.063546,74.125.130.0-255,5738,301786,62,313460
1787,0.063553,172.31.40.0-255,66,301852,62,313460
1788,0.065835,74.125.130.0-255,5738,307590,62,313460
1789,0.06584,172.31.40.0-255,66,307656,62,313460
1790,0.068112,74.125.130.0-255,5738,313394,62,313460
1791,0.068117,172.31.40.0-255,66,313460,62,313460
1792,0.0,74.125.130.0-255,153,153,62,285965
1793,2.2e-05,172.31.40.0-255,66,219,62,285965
1794,3.8e-05,74.125.130.0-255,1484,1703,62,285965
1795,4.4e-05,172.31.40.0-255,66,1769,62,285965
1796,4.9e-05,74.125.130.0-255,2902,4671,62,285965
1797,5.2e-05,172.31.40.0-255,66,4737,62,285965
1798,7.5e-05,74.125.130.0-255,4320,9057,62,285965
1799,7.8e-05,172.31.40.0-255,66,9123,62,285965
1800,0.000118,74.125.130.0-255,4939,14062,62,285965
1801,0.000121,172.31.40.0-255,66,14128,62,285965
1802,0.001055,74.125.130.0-255,1484,15612,62,285965
1803,0.001063,172.31.40.0-255,66,15678,62,285965
1804,0.001071,74.125.130.0-255,2902,18580,62,285965
1805,0.001073,172.31.40.0-255,66,18646,62,285965
1806,0.001076,74.125.130.0-255,1484,20130,62,285965
1807,0.001078,172.31.40.0-255,66,20196,62,285965
1808,0.001101,74.125.130.0-255,2902,23098,62,285965
1809,0.001103,172.31.40.0-255,66,23164,62,285965
1810,0.001107,74.125.130.0-255,2902,26066,62,285965
1811,0.001109,172.31.40.0-255,66,26132,62,285965
1812,0.001129,74.125.130.0-255,2902,29034,62,285965
1813,0.001131,172.31.40.0-255,66,29100,62,285965
1814,0.001134,74.125.130.0-255,2543,31643,62,285965
1815,0.001136,172.31.40.0-255,66,31709,62,285965
1816,0.00114,74.125.130.0-255,2902,34611,62,285965
1817,0.001141,172.31.40.0-255,66,34677,62,285965
1818,0.001166,74.125.130.0-255,5738,40415,62,285965
1819,0.001169,172.31.40.0-255,66,40481,62,285965
1820,0.001185,74.125.130.0-255,1484,41965,62,285965
1821,0.001187,172.31.40.0-255,66,42031,62,285965
1822,0.001194,74.125.130.0-255,7156,49187,62,285965
1823,0.001196,172.31.40.0-255,66,49253,62,285965
1824,0.001202,74.125.130.0-255,4320,53573,62,285965
1825,0.001203,172.31.40.0-255,66,53639,62,285965
1826,0.001221,74.125.130.0-255,4320,57959,62,285965
1827,0.001223,172.31.40.0-255,66,58025,62,285965
1828,0.001238,74.125.130.0-255,5738,63763,62,285965
1829,0.001241,172.31.40.0-255,66,63829,62,285965
1830,0.001261,74.125.130.0-255,2184,66013,62,285965
1831,0.001263,172.31.40.0-255,66,66079,62,285965
1832,0.001266,74.125.130.0-255,340,66419,62,285965
1833,0.001474,74.125.130.0-255,113,66532,62,285965
1834,0.00177,74.125.130.0-255,1484,68016,62,285965
1835,0.001776,172.31.40.0-255,66,68082,62,285965
1836,0.001782,74.125.130.0-255,2902,70984,62,285965
1837,0.001784,172.31.40.0-255,66,71050,62,285965
1838,0.001789,74.125.130.0-255,5738,76788,62,285965
1839,0.001791,172.31.40.0-255,66,76854,62,285965
1840,0.001796,74.125.130.0-255,5738,82592,62,285965
1841,0.001799,172.31.40.0-255,66,82658,62,285965
1842,0.001832,74.125.130.0-255,7156,89814,62,285965
1843,0.001835,172.31.40.0-255,66,89880,62,285965
1844,0.001844,172.31.40.0-255,66,89946,62,285965
1845,0.001857,74.125.130.0-255,2184,92130,62,285965
1846,0.001859,172.31.40.0-255,66,92196,62,285965
1847,0.003939,74.125.130.0-255,2902,95098,62,285965
1848,0.003945,172.31.40.0-255,66,95164,62,285965
1849,0.003966,74.125.130.0-255,2902,98066,62,285965
1850,0.003968,172.31.40.0-255,66,98132,62,285965
1851,0.006035,74.125.130.0-255,5738,103870,62,285965
1852,0.006041,172.31.40.0-255,66,103936,62,285965
1853,0.00814,74.125.130.0-255,5738,109674,62,285965
1854,0.008148,172.31.40.0-255,66,109740,62,285965
1855,0.01025,74.125.130.0-255,5738,115478,62,285965
1856,0.010258,172.31.40.0-255,66,115544,62,285965
1857,0.012354,74.125.130.0-255,5738,121282,62,285965
1858,0.012361,172.31.40.0-255,66,121348,62,285965
1859,0.014473,74.125.130.0-255,5738,127086,62,285965
1860,0.014483,172.31.40.0-255,66,127152,62,285965
1861,0.01658,74.125.130.0-255,5738,132890,62,285965
1862,0.016589,172.31.40.0-255,66,132956,62,285965
1863,0.018688,74.125.130.0-255,5738,138694,62,285965
1864,0.018695,172.31.40.0-255,66,138760,62,285965
1865,0.020794,74.125.130.0-255,5738,144498,62,285965
1866,0.020801,172.31.40.0-255,66,144564,62,285965
1867,0.0229,74.125.130.0-255,5738,150302,62,285965
1868,0.022906,172.31.40.0-255,66,150368,62,285965
1869,0.02501,74.125.130.0-255,5738,156106,62,285965
1870,0.025017,172.31.40.0-255,66,156172,62,285965
1871,0.027114,74.125.130.0-255,5738,161910,62,285965
1872,0.027122,172.31.40.0-255,66,161976,62,285965
1873,0.029246,74.125.130.0-255,5738,167714,62,285965
1874,0.029253,172.31.40.0-255,66,167780,62,285965
1875,0.029675,172.31.40.0-255,172,167952,62,285965
1876,0.029706,172.31.40.0-255,1108,169060,62,285965
1877,0.029777,172.31.40.0-255,1514,170574,62,285965
1878,0.029779,172.31.40.0-255,1514,172088,62,285965
1879,0.02978,172.31.40.0-255,1514,173602,62,285965
1880,0.029785,172.31.40.0-255,1514,175116,62,285965
1881,0.029787,172.31.40.0-255,1514,176630,62,285965
1882,0.029788,172.31.40.0-255,81,176711,62,285965
1883,0.031232,104.244.42.0-255,66,176777,62,285965
1884,0.03127,104.244.42.0-255,66,176843,62,285965
1885,0.031342,74.125.130.0-255,5738,182581,62,285965
1886,0.031346,172.31.40.0-255,66,182647,62,285965
1887,0.031389,104.244.42.0-255,66,182713,62,285965
1888,0.031394,104.244.42.0-255,66,182779,62,285965
1889,0.033449,74.125.130.0-255,5738,188517,62,285965
1890,0.033455,172.31.40.0-255,66,188583,62,285965
1891,0.035551,74.125.130.0-255,5738,194321,62,285965
1892,0.035558,172.31.40.0-255,66,194387,62,285965
1893,0.03765,74.125.130.0-255,5738,200125,62,285965
1894,0.037657,172.31.40.0-255,66,200191,62,285965
1895,0.039773,74.125.130.0-255,5738,205929,62,285965
1896,0.039783,172.31.40.0-255,66,205995,62,285965
1897,0.041888,74.125.130.0-255,5738,211733,62,285965
1898,0.041897,172.31.40.0-255,66,211799,62,285965
1899,0.044004,74.125.130.0-255,5738,217537,62,285965
1900,0.044015,172.31.40.0-255,66,217603,62,285965
1901,0.046106,74.125.130.0-255,4320,221923,62,285965
1902,0.046113,172.31.40.0-255,66,221989,62,285965
1903,0.046129,74.125.130.0-255,1484,223473,62,285965
1904,0.048208,74.125.130.0-255,4320,227793,62,285965
1905,0.048215,172.31.40.0-255,66,227859,62,285965
1906,0.050298,74.125.130.0-255,1484,229343,62,285965
1907,0.05032,74.125.130.0-255,4320,233663,62,285965
1908,0.050324,172.31.40.0-255,66,233729,62,285965
1909,0.052424,74.125.130.0-255,5738,239467,62,285965
1910,0.052429,172.31.40.0-255,66,239533,62,285965
1911,0.054549,74.125.130.0-255,5738,245271,62,285965
1912,0.054559,172.31.40.0-255,66,245337,62,285965
1913,0.056672,74.125.130.0-255,5738,251075,62,285965
1914,0.056678,172.31.40.0-255,66,251141,62,285965
1915,0.058778,74.125.130.0-255,5738,256879,62,285965
1916,0.058784,172.31.40.0-255,66,256945,62,285965
1917,0.060882,74.125.130.0-255,5738,262683,62,285965
1918,0.060889,172.31.40.0-255,66,262749,62,285965
1919,0.063001,74.125.130.0-255,5738,268487,62,285965
1920,0.063008,172.31.40.0-255,66,268553,62,285965
1921,0.065118,74.125.130.0-255,5738,274291,62,285965
1922,0.065123,172.31.40.0-255,66,274357,62,285965
1923,0.067221,74.125.130.0-255,5738,280095,62,285965
1924,0.067228,172.31.40.0-255,66,280161,62,285965
1925,0.06934,74.125.130.0-255,5738,285899,62,285965
1926,0.069352,172.31.40.0-255,66,285965,62,285965
1927,0.0,74.125.68.0-255,153,153,62,312859
1928,2e-05,172.31.40.0-255,66,219,62,312859
1929,2.6e-05,74.125.68.0-255,1484,1703,62,312859
1930,3e-05,172.31.40.0-255,66,1769,62,312859
1931,3.2e-05,74.125.68.0-255,1484,3253,62,312859
1932,3.5e-05,172.31.40.0-255,66,3319,62,312859
1933,4.6e-05,74.125.68.0-255,2902,6221,62,312859
1934,4.9e-05,172.31.40.0-255,66,6287,62,312859
1935,5.5e-05,74.125.68.0-255,5738,12025,62,312859
1936,5.8e-05,172.31.40.0-255,66,12091,62,312859
1937,0.00011,74.125.68.0-255,4911,17002,62,312859
1938,0.000113,172.31.40.0-255,66,17068,62,312859
1939,0.000118,74.125.68.0-255,5738,22806,62,312859
1940,0.00012,172.31.40.0-255,66,22872,62,312859
1941,0.000129,172.31.40.0-255,66,22938,62,312859
1942,0.000199,74.125.68.0-255,1484,24422,62,312859
1943,0.000202,172.31.40.0-255,66,24488,62,312859
1944,0.000214,74.125.68.0-255,2902,27390,62,312859
1945,0.000219,172.31.40.0-255,66,27456,62,312859
1946,0.000251,74.125.68.0-255,4320,31776,62,312859
1947,0.000253,172.31.40.0-255,66,31842,62,312859
1948,0.000263,172.31.40.0-255,66,31908,62,312859
1949,0.000278,74.125.68.0-255,4320,36228,62,312859
1950,0.00028,172.31.40.0-255,66,36294,62,312859
1951,0.000304,74.125.68.0-255,5738,42032,62,312859
1952,0.000306,172.31.40.0-255,66,42098,62,312859
1953,0.000344,74.125.68.0-255,6438,48536,62,312859
1954,0.000347,172.31.40.0-255,66,48602,62,312859
1955,0.000527,74.125.68.0-255,363,48965,62,312859
1956,0.00053,172.31.40.0-255,66,49031,62,312859
1957,0.000534,74.125.68.0-255,382,49413,62,312859
1958,0.000928,74.125.68.0-255,1484,50897,62,312859
1959,0.000933,172.31.40.0-255,66,50963,62,312859
1960,0.000942,74.125.68.0-255,2902,53865,62,312859
1961,0.000946,172.31.40.0-255,66,53931,62,312859
1962,0.001002,74.125.68.0-255,4320,58251,62,312859
1963,0.001005,172.31.40.0-255,66,58317,62,312859
1964,0.001036,74.125.68.0-255,2902,61219,62,312859
1965,0.001039,172.31.40.0-255,66,61285,62,312859
1966,0.001044,74.125.68.0-255,4320,65605,62,312859
1967,0.001045,172.31.40.0-255,66,65671,62,312859
1968,0.001065,74.125.68.0-255,4320,69991,62,312859
1969,0.001068,172.31.40.0-255,66,70057,62,312859
1970,0.001094,74.125.68.0-255,4320,74377,62,312859
1971,0.001098,74.125.68.0-255,4320,78697,62,312859
1972,0.001103,74.125.68.0-255,5020,83717,62,312859
1973,0.001108,172.31.40.0-255,66,83783,62,312859
1974,0.001111,172.31.40.0-255,66,83849,62,312859
1975,0.001122,172.31.40.0-255,66,83915,62,312859
1976,0.00122,74.125.68.0-255,1484,85399,62,312859
1977,0.001237,74.125.68.0-255,2902,88301,62,312859
1978,0.00124,172.31.40.0-255,66,88367,62,312859
1979,0.001263,74.125.68.0-255,5738,94105,62,312859
1980,0.001266,172.31.40.0-255,66,94171,62,312859
1981,0.0013,172.31.40.0-255,66,94237,62,312859
1982,0.001328,172.31.40.0-255,66,94303,62,312859
1983,0.001333,74.125.68.0-255,4320,98623,62,312859
1984,0.001335,172.31.40.0-255,66,98689,62,312859
1985,0.001351,74.125.68.0-255,766,99455,62,312859
1986,0.001354,74.125.68.0-255,1484,100939,62,312859
1987,0.001356,172.31.40.0-255,66,101005,62,312859
1988,0.001381,74.125.68.0-255,4320,105325,62,312859
1989,0.001383,172.31.40.0-255,66,105391,62,312859
1990,0.001389,74.125.68.0-255,5738,111129,62,312859
1991,0.00139,172.31.40.0-255,66,111195,62,312859
1992,0.001418,74.125.68.0-255,4320,115515,62,312859
1993,0.001421,172.31.40.0-255,66,115581,62,312859
1994,0.001446,74.125.68.0-255,2902,118483,62,312859
1995,0.001448,172.31.40.0-255,66,118549,62,312859
1996,0.001459,172.31.40.0-255,66,118615,62,312859
1997,0.001482,74.125.68.0-255,2902,121517,62,312859
1998,0.001484,172.31.40.0-255,66,121583,62,312859
1999,0.001512,74.125.68.0-255,6438,128021,62,312859
2000,0.001515,172.31.40.0-255,66,128087,62,312859
2001,0.001525,172.31.40.0-255,66,128153,62,312859
2002,0.001553,74.125.68.0-255,4320,132473,62,312859
2003,0.001555,172.31.40.0-255,66,132539,62,312859
2004,0.001584,74.125.68.0-255,5738,138277,62,312859
2005,0.001615,74.125.68.0-255,2902,141179,62,312859
2006,0.00163,74.125.68.0-255,2902,144081,62,312859
2007,0.001636,172.31.40.0-255,66,144147,62,312859
2008,0.001664,74.125.68.0-255,5020,149167,62,312859
2009,0.00167,172.31.40.0-255,66,149233,62,312859
2010,0.001704,74.125.68.0-255,1484,150717,62,312859
2011,0.001708,74.125.68.0-255,2902,153619,62,312859
2012,0.00172,172.31.40.0-255,66,153685,62,312859
2013,0.001723,74.125.68.0-255,1484,155169,62,312859
2014,0.001749,74.125.68.0-255,4320,159489,62,312859
2015,0.001754,74.125.68.0-255,4320,163809,62,312859
2016,0.001759,74.125.68.0-255,5738,169547,62,312859
2017,0.001771,172.31.40.0-255,66,169613,62,312859
2018,0.001779,74.125.68.0-255,1484,171097,62,312859
2019,0.00181,74.125.68.0-255,2184,173281,62,312859
2020,0.001815,172.31.40.0-255,66,173347,62,312859
2021,0.001852,74.125.68.0-255,2902,176249,62,312859
2022,0.001855,74.125.68.0-255,1484,177733,62,312859
2023,0.001869,74.125.68.0-255,2902,180635,62,312859
2024,0.001872,172.31.40.0-255,66,180701,62,312859
2025,0.001876,172.31.40.0-255,66,180767,62,312859
2026,0.001912,74.125.68.0-255,4320,185087,62,312859
2027,0.001917,74.125.68.0-255,4320,189407,62,312859
2028,0.001929,172.31.40.0-255,66,189473,62,312859
2029,0.001932,74.125.68.0-255,1484,190957,62,312859
2030,0.001953,74.125.68.0-255,4320,195277,62,312859
2031,0.001963,172.31.40.0-255,66,195343,62,312859
2032,0.001971,74.125.68.0-255,3602,198945,62,312859
2033,0.001975,172.31.40.0-255,66,199011,62,312859
2034,0.002004,74.125.68.0-255,1484,200495,62,312859
2035,0.00202,74.125.68.0-255,2902,203397,62,312859
2036,0.002026,172.31.40.0-255,66,203463,62,312859
2037,0.002045,74.125.68.0-255,5738,209201,62,312859
2038,0.002055,172.31.40.0-255,66,209267,62,312859
2039,0.002082,74.125.68.0-255,7156,216423,62,312859
2040,0.002106,74.125.68.0-255,7156,223579,62,312859
2041,0.002116,74.125.68.0-255,766,224345,62,312859
2042,0.002119,172.31.40.0-255,66,224411,62,312859
2043,0.00215,74.125.68.0-255,7156,231567,62,312859
2044,0.002163,172.31.40.0-255,66,231633,62,312859
2045,0.002181,74.125.68.0-255,1484,233117,62,312859
2046,0.002186,74.125.68.0-255,2902,236019,62,312859
2047,0.002195,172.31.40.0-255,66,236085,62,312859
2048,0.002239,74.125.68.0-255,7156,243241,62,312859
2049,0.002245,74.125.68.0-255,5738,248979,62,312859
2050,0.002253,172.31.40.0-255,66,249045,62,312859
2051,0.002266,74.125.68.0-255,2184,251229,62,312859
2052,0.002276,74.125.68.0-255,4320,255549,62,312859
2053,0.002282,74.125.68.0-255,5738,261287,62,312859
2054,0.002295,172.31.40.0-255,66,261353,62,312859
2055,0.002305,74.125.68.0-255,4320,265673,62,312859
2056,0.002311,172.31.40.0-255,66,265739,62,312859
2057,0.002337,74.125.68.0-255,7156,272895,62,312859
2058,0.002342,74.125.68.0-255,4320,277215,62,312859
2059,0.002361,172.31.40.0-255,66,277281,62,312859
2060,0.002388,74.125.68.0-255,4320,281601,62,312859
2061,0.002396,172.31.40.0-255,66,281667,62,312859
2062,0.002405,74.125.68.0-255,2184,283851,62,312859
2063,0.002449,172.31.40.0-255,66,283917,62,312859
2064,0.004759,74.125.68.0-255,2902,286819,62,312859
2065,0.004767,172.31.40.0-255,66,286885,62,312859
2066,0.004794,74.125.68.0-255,2902,289787,62,312859
2067,0.007083,172.31.40.0-255,66,289853,62,312859
2068,0.007132,74.125.68.0-255,2902,292755,62,312859
2069,0.00715,172.31.40.0-255,66,292821,62,312859
2070,0.00944,74.125.68.0-255,2902,295723,62,312859
2071,0.009445,172.31.40.0-255,66,295789,62,312859
2072,0.009507,74.125.68.0-255,2902,298691,62,312859
2073,0.00951,172.31.40.0-255,66,298757,62,312859
2074,0.011807,74.125.68.0-255,2902,301659,62,312859
2075,0.011813,172.31.40.0-255,66,301725,62,312859
2076,0.01186,74.125.68.0-255,2902,304627,62,312859
2077,0.011863,172.31.40.0-255,66,304693,62,312859
2078,0.014183,74.125.68.0-255,2902,307595,62,312859
2079,0.014191,172.31.40.0-255,66,307661,62,312859
2080,0.014218,74.125.68.0-255,667,308328,62,312859
2081,0.016085,172.31.40.0-255,66,308394,62,312859
2082,0.016126,172.31.40.0-255,105,308499,62,312859
2083,0.018445,74.125.68.0-255,66,308565,62,312859
2084,0.030012,172.31.40.0-255,172,308737,62,312859
2085,0.030065,172.31.40.0-255,1110,309847,62,312859
2086,0.030124,172.31.40.0-255,1514,311361,62,312859
2087,0.030126,172.31.40.0-255,1300,312661,62,312859
2088,0.03159,104.244.42.0-255,66,312727,62,312859
2089,0.031767,104.244.42.0-255,66,312793,62,312859
2090,0.031816,104.244.42.0-255,66,312859,62,312859
2091,0.0,74.125.24.0-255,146,146,62,253121
2092,1.8e-05,172.31.40.0-255,66,212,62,253121
2093,2.5e-05,74.125.24.0-255,1484,1696,62,253121
2094,2.9e-05,172.31.40.0-255,66,1762,62,253121
2095,3.5e-05,74.125.24.0-255,2902,4664,62,253121
2096,4.4e-05,172.31.40.0-255,66,4730,62,253121
2097,8.3e-05,74.125.24.0-255,7156,11886,62,253121
2098,8.6e-05,172.31.40.0-255,66,11952,62,253121
2099,0.000112,74.125.24.0-255,2038,13990,62,253121
2100,0.000114,172.31.40.0-255,66,14056,62,253121
2101,0.00012,74.125.24.0-255,4320,18376,62,253121
2102,0.000122,172.31.40.0-255,66,18442,62,253121
2103,0.000153,74.125.24.0-255,7156,25598,62,253121
2104,0.000155,172.31.40.0-255,66,25664,62,253121
2105,0.000201,74.125.24.0-255,2902,28566,62,253121
2106,0.000203,172.31.40.0-255,66,28632,62,253121
2107,0.000229,172.31.40.0-255,66,28698,62,253121
2108,0.000321,74.125.24.0-255,2902,31600,62,253121
2109,0.000325,172.31.40.0-255,66,31666,62,253121
2110,0.000359,172.31.40.0-255,66,31732,62,253121
2111,0.000393,74.125.24.0-255,2902,34634,62,253121
2112,0.000396,172.31.40.0-255,66,34700,62,253121
2113,0.000429,172.31.40.0-255,66,34766,62,253121
2114,0.000487,74.125.24.0-255,4320,39086,62,253121
2115,0.00049,172.31.40.0-255,66,39152,62,253121
2116,0.000506,74.125.24.0-255,1431,40583,62,253121
2117,0.000508,172.31.40.0-255,66,40649,62,253121
2118,0.000645,74.125.24.0-255,114,40763,62,253121
2119,0.000649,172.31.40.0-255,66,40829,62,253121
2120,0.000701,74.125.24.0-255,1484,42313,62,253121
2121,0.000719,74.125.24.0-255,2902,45215,62,253121
2122,0.000726,172.31.40.0-255,66,45281,62,253121
2123,0.000739,74.125.24.0-255,4320,49601,62,253121
2124,0.000751,74.125.24.0-255,1484,51085,62,253121
2125,0.000767,172.31.40.0-255,66,51151,62,253121
2126,0.000792,74.125.24.0-255,2902,54053,62,253121
2127,0.000808,74.125.24.0-255,5738,59791,62,253121
2128,0.000812,172.31.40.0-255,66,59857,62,253121
2129,0.000822,74.125.24.0-255,4320,64177,62,253121
2130,0.000847,172.31.40.0-255,66,64243,62,253121
2131,0.000874,74.125.24.0-255,2902,67145,62,253121
2132,0.000884,74.125.24.0-255,1484,68629,62,253121
2133,0.000891,172.31.40.0-255,66,68695,62,253121
2134,0.000916,74.125.24.0-255,6438,75133,62,253121
2135,0.000919,172.31.40.0-255,66,75199,62,253121
2136,0.002379,74.125.24.0-255,1484,76683,62,253121
2137,0.002389,74.125.24.0-255,1484,78167,62,253121
2138,0.002394,172.31.40.0-255,66,78233,62,253121
2139,0.002415,74.125.24.0-255,1484,79717,62,253121
2140,0.002418,74.125.24.0-255,1484,81201,62,253121
2141,0.002421,74.125.24.0-255,1484,82685,62,253121
2142,0.002467,172.31.40.0-255,66,82751,62,253121
2143,0.004801,74.125.24.0-255,1484,84235,62,253121
2144,0.004874,74.125.24.0-255,4320,88555,62,253121
2145,0.004879,172.31.40.0-255,66,88621,62,253121
2146,0.00725,74.125.24.0-255,5738,94359,62,253121
2147,0.007289,172.31.40.0-255,66,94425,62,253121
2148,0.009638,74.125.24.0-255,2902,97327,62,253121
2149,0.009644,172.31.40.0-255,66,97393,62,253121
2150,0.009675,74.125.24.0-255,2902,100295,62,253121
2151,0.009692,172.31.40.0-255,66,100361,62,253121
2152,0.012042,74.125.24.0-255,2902,103263,62,253121
2153,0.01205,172.31.40.0-255,66,103329,62,253121
2154,0.012085,74.125.24.0-255,2902,106231,62,253121
2155,0.012115,172.31.40.0-255,66,106297,62,253121
2156,0.014406,74.125.24.0-255,2902,109199,62,253121
2157,0.014414,172.31.40.0-255,66,109265,62,253121
2158,0.014475,74.125.24.0-255,2902,112167,62,253121
2159,0.0145,172.31.40.0-255,66,112233,62,253121
2160,0.016781,74.125.24.0-255,2902,115135,62,253121
2161,0.016789,172.31.40.0-255,66,115201,62,253121
2162,0.016875,74.125.24.0-255,2902,118103,62,253121
2163,0.0169,172.31.40.0-255,66,118169,62,253121
2164,0.019168,74.125.24.0-255,2902,121071,62,253121
2165,0.019179,172.31.40.0-255,66,121137,62,253121
2166,0.019299,74.125.24.0-255,2902,124039,62,253121
2167,0.019305,172.31.40.0-255,66,124105,62,253121
2168,0.021529,74.125.24.0-255,2902,127007,62,253121
2169,0.021537,172.31.40.0-255,66,127073,62,253121
2170,0.021671,74.125.24.0-255,2902,129975,62,253121
2171,0.021877,172.31.40.0-255,66,130041,62,253121
2172,0.023944,74.125.24.0-255,2902,132943,62,253121
2173,0.023953,172.31.40.0-255,66,133009,62,253121
2174,0.024272,74.125.24.0-255,2902,135911,62,253121
2175,0.024278,172.31.40.0-255,66,135977,62,253121
2176,0.026304,74.125.24.0-255,2902,138879,62,253121
2177,0.02631,172.31.40.0-255,66,138945,62,253121
2178,0.026684,74.125.24.0-255,2902,141847,62,253121
2179,0.02669,172.31.40.0-255,66,141913,62,253121
2180,0.026793,172.31.40.0-255,172,142085,62,253121
2181,0.026818,172.31.40.0-255,1110,143195,62,253121
2182,0.026873,172.31.40.0-255,1514,144709,62,253121
2183,0.026875,172.31.40.0-255,1300,146009,62,253121
2184,0.028416,104.244.42.0-255,66,146075,62,253121
2185,0.028493,104.244.42.0-255,66,146141,62,253121
2186,0.028562,104.244.42.0-255,66,146207,62,253121
2187,0.02874,74.125.24.0-255,2902,149109,62,253121
2188,0.028746,172.31.40.0-255,66,149175,62,253121
2189,0.029032,74.125.24.0-255,2902,152077,62,253121
2190,0.029038,172.31.40.0-255,66,152143,62,253121
2191,0.031104,74.125.24.0-255,2902,155045,62,253121
2192,0.031111,172.31.40.0-255,66,155111,62,253121
2193,0.031422,74.125.24.0-255,2902,158013,62,253121
2194,0.031429,172.31.40.0-255,66,158079,62,253121
2195,0.033465,74.125.24.0-255,2902,160981,62,253121
2196,0.033471,172.31.40.0-255,66,161047,62,253121
2197,0.033781,74.125.24.0-255,2902,163949,62,253121
2198,0.033786,172.31.40.0-255,66,164015,62,253121
2199,0.03586,74.125.24.0-255,2902,166917,62,253121
2200,0.035867,172.31.40.0-255,66,166983,62,253121
2201,0.036125,74.125.24.0-255,2902,169885,62,253121
2202,0.036131,172.31.40.0-255,66,169951,62,253121
2203,0.038296,74.125.24.0-255,2902,172853,62,253121
2204,0.038303,172.31.40.0-255,66,172919,62,253121
2205,0.038512,74.125.24.0-255,2902,175821,62,253121
2206,0.038517,172.31.40.0-255,66,175887,62,253121
2207,0.040683,74.125.24.0-255,2902,178789,62,253121
2208,0.04069,172.31.40.0-255,66,178855,62,253121
2209,0.040876,74.125.24.0-255,2902,181757,62,253121
2210,0.040882,172.31.40.0-255,66,181823,62,253121
2211,0.043081,74.125.24.0-255,2902,184725,62,253121
2212,0.043088,172.31.40.0-255,66,184791,62,253121
2213,0.043262,74.125.24.0-255,2902,187693,62,253121
2214,0.043267,172.31.40.0-255,66,187759,62,253121
2215,0.045461,74.125.24.0-255,2902,190661,62,253121
2216,0.045467,172.31.40.0-255,66,190727,62,253121
2217,0.045688,74.125.24.0-255,1484,192211,62,253121
2218,0.045707,74.125.24.0-255,1484,193695,62,253121
2219,0.045711,172.31.40.0-255,66,193761,62,253121
2220,0.048016,74.125.24.0-255,2902,196663,62,253121
2221,0.048021,172.31.40.0-255,66,196729,62,253121
2222,0.048176,74.125.24.0-255,2902,199631,62,253121
2223,0.048182,172.31.40.0-255,66,199697,62,253121
2224,0.050386,74.125.24.0-255,2902,202599,62,253121
2225,0.050393,172.31.40.0-255,66,202665,62,253121
2226,0.050605,74.125.24.0-255,2902,205567,62,253121
2227,0.050611,172.31.40.0-255,66,205633,62,253121
2228,0.052752,74.125.24.0-255,2902,208535,62,253121
2229,0.052758,172.31.40.0-255,66,208601,62,253121
2230,0.052977,74.125.24.0-255,2902,211503,62,253121
2231,0.052983,172.31.40.0-255,66,211569,62,253121
2232,0.055111,74.125.24.0-255,2902,214471,62,253121
2233,0.055117,172.31.40.0-255,66,214537,62,253121
2234,0.055374,74.125.24.0-255,2902,217439,62,253121
2235,0.055379,172.31.40.0-255,66,217505,62,253121
2236,0.057509,74.125.24.0-255,2902,220407,62,253121
2237,0.057515,172.31.40.0-255,66,220473,62,253121
2238,0.057762,74.125.24.0-255,2902,223375,62,253121
2239,0.057768,172.31.40.0-255,66,223441,62,253121
2240,0.059943,74.125.24.0-255,2902,226343,62,253121
2241,0.059949,172.31.40.0-255,66,226409,62,253121
2242,0.06011,74.125.24.0-255,2902,229311,62,253121
2243,0.060379,172.31.40.0-255,66,229377,62,253121
2244,0.062415,74.125.24.0-255,2902,232279,62,253121
2245,0.062422,172.31.40.0-255,66,232345,62,253121
2246,0.062745,74.125.24.0-255,2902,235247,62,253121
2247,0.062751,172.31.40.0-255,66,235313,62,253121
2248,0.064807,74.125.24.0-255,2902,238215,62,253121
2249,0.064813,172.31.40.0-255,66,238281,62,253121
2250,0.065098,74.125.24.0-255,2902,241183,62,253121
2251,0.065104,172.31.40.0-255,66,241249,62,253121
2252,0.067203,74.125.24.0-255,2902,244151,62,253121
2253,0.067209,172.31.40.0-255,66,244217,62,253121
2254,0.067472,74.125.24.0-255,2902,247119,62,253121
2255,0.067477,172.31.40.0-255,66,247185,62,253121
2256,0.069566,74.125.24.0-255,2902,250087,62,253121
2257,0.069571,172.31.40.0-255,66,250153,62,253121
2258,0.069841,74.125.24.0-255,2902,253055,62,253121
2259,0.069847,172.31.40.0-255,66,253121,62,253121
2260,0.0,172.217.194.0-255,152,152,62,226964
2261,1.8e-05,172.31.40.0-255,66,218,62,226964
2262,2.5e-05,172.217.194.0-255,1484,1702,62,226964
2263,3e-05,172.31.40.0-255,66,1768,62,226964
2264,3.6e-05,172.217.194.0-255,2902,4670,62,226964
2265,4.6e-05,172.31.40.0-255,66,4736,62,226964
2266,5.4e-05,172.217.194.0-255,7156,11892,62,226964
2267,5.7e-05,172.31.40.0-255,66,11958,62,226964
2268,7e-05,172.31.40.0-255,66,12024,62,226964
2269,0.000108,172.217.194.0-255,4320,16344,62,226964
2270,0.000111,172.31.40.0-255,66,16410,62,226964
2271,0.000142,172.217.194.0-255,5379,21789,62,226964
2272,0.000145,172.31.40.0-255,66,21855,62,226964
2273,0.000173,172.217.194.0-255,1484,23339,62,226964
2274,0.000176,172.31.40.0-255,66,23405,62,226964
2275,0.000204,172.217.194.0-255,2902,26307,62,226964
2276,0.000207,172.31.40.0-255,66,26373,62,226964
2277,0.000213,172.217.194.0-255,5738,32111,62,226964
2278,0.000215,172.31.40.0-255,66,32177,62,226964
2279,0.000254,172.31.40.0-255,66,32243,62,226964
2280,0.00026,172.217.194.0-255,4320,36563,62,226964
2281,0.000262,172.31.40.0-255,66,36629,62,226964
2282,0.000288,172.217.194.0-255,2902,39531,62,226964
2283,0.000294,172.31.40.0-255,66,39597,62,226964
2284,0.000313,172.217.194.0-255,2902,42499,62,226964
2285,0.000315,172.31.40.0-255,66,42565,62,226964
2286,0.000341,172.217.194.0-255,2793,45358,62,226964
2287,0.000343,172.31.40.0-255,66,45424,62,226964
2288,0.000346,172.217.194.0-255,114,45538,62,226964
2289,0.000348,172.31.40.0-255,66,45604,62,226964
2290,0.000351,172.217.194.0-255,388,45992,62,226964
2291,0.000889,172.217.194.0-255,1484,47476,62,226964
2292,0.000895,172.31.40.0-255,66,47542,62,226964
2293,0.000901,172.217.194.0-255,2902,50444,62,226964
2294,0.000903,172.31.40.0-255,66,50510,62,226964
2295,0.00091,172.217.194.0-255,5738,56248,62,226964
2296,0.000912,172.31.40.0-255,66,56314,62,226964
2297,0.000968,172.31.40.0-255,66,56380,62,226964
2298,0.000979,172.31.40.0-255,66,56446,62,226964
2299,0.001002,172.217.194.0-255,2184,58630,62,226964
2300,0.001004,172.31.40.0-255,66,58696,62,226964
2301,0.001597,172.217.194.0-255,1484,60180,62,226964
2302,0.001606,172.217.194.0-255,2902,63082,62,226964
2303,0.001611,172.31.40.0-255,66,63148,62,226964
2304,0.001619,172.217.194.0-255,5738,68886,62,226964
2305,0.001621,172.31.40.0-255,66,68952,62,226964
2306,0.001633,172.217.194.0-255,4320,73272,62,226964
2307,0.001635,172.31.40.0-255,66,73338,62,226964
2308,0.001665,172.217.194.0-255,5738,79076,62,226964
2309,0.001667,172.31.40.0-255,66,79142,62,226964
2310,0.001702,172.31.40.0-255,66,79208,62,226964
2311,0.001733,172.217.194.0-255,5020,84228,62,226964
2312,0.001736,172.31.40.0-255,66,84294,62,226964
2313,0.001765,172.217.194.0-255,1484,85778,62,226964
2314,0.001785,172.217.194.0-255,2902,88680,62,226964
2315,0.001789,172.31.40.0-255,66,88746,62,226964
2316,0.001794,172.217.194.0-255,4320,93066,62,226964
2317,0.001796,172.31.40.0-255,66,93132,62,226964
2318,0.001816,172.217.194.0-255,1484,94616,62,226964
2319,0.00182,172.217.194.0-255,2902,97518,62,226964
2320,0.001827,172.31.40.0-255,66,97584,62,226964
2321,0.001851,172.31.40.0-255,66,97650,62,226964
2322,0.001879,172.31.40.0-255,66,97716,62,226964
2323,0.001909,172.31.40.0-255,66,97782,62,226964
2324,0.001944,172.217.194.0-255,4320,102102,62,226964
2325,0.001947,172.31.40.0-255,66,102168,62,226964
2326,0.001969,172.31.40.0-255,66,102234,62,226964
2327,0.001971,172.217.194.0-255,766,103000,62,226964
2328,0.002004,172.217.194.0-255,1484,104484,62,226964
2329,0.002007,172.31.40.0-255,66,104550,62,226964
2330,0.002011,172.217.194.0-255,1484,106034,62,226964
2331,0.002036,172.217.194.0-255,1484,107518,62,226964
2332,0.00204,172.31.40.0-255,66,107584,62,226964
2333,0.002046,172.217.194.0-255,5738,113322,62,226964
2334,0.002049,172.31.40.0-255,66,113388,62,226964
2335,0.002055,172.217.194.0-255,5738,119126,62,226964
2336,0.002058,172.31.40.0-255,66,119192,62,226964
2337,0.002071,172.31.40.0-255,66,119258,62,226964
2338,0.002094,172.217.194.0-255,1484,120742,62,226964
2339,0.002104,172.217.194.0-255,5020,125762,62,226964
2340,0.002106,172.31.40.0-255,66,125828,62,226964
2341,0.002135,172.217.194.0-255,5738,131566,62,226964
2342,0.002139,172.31.40.0-255,66,131632,62,226964
2343,0.002169,172.217.194.0-255,7156,138788,62,226964
2344,0.002172,172.31.40.0-255,66,138854,62,226964
2345,0.002175,172.217.194.0-255,1484,140338,62,226964
2346,0.002215,172.31.40.0-255,66,140404,62,226964
2347,0.002225,172.31.40.0-255,66,140470,62,226964
2348,0.002303,172.31.40.0-255,66,140536,62,226964
2349,0.002309,172.217.194.0-255,5738,146274,62,226964
2350,0.002311,172.31.40.0-255,66,146340,62,226964
2351,0.002359,172.31.40.0-255,66,146406,62,226964
2352,0.002382,172.217.194.0-255,5020,151426,62,226964
2353,0.002385,172.31.40.0-255,66,151492,62,226964
2354,0.002399,172.31.40.0-255,66,151558,62,226964
2355,0.004737,172.217.194.0-255,5738,157296,62,226964
2356,0.004746,172.31.40.0-255,66,157362,62,226964
2357,0.007085,172.217.194.0-255,5738,163100,62,226964
2358,0.007105,172.31.40.0-255,66,163166,62,226964
2359,0.009473,172.217.194.0-255,5738,168904,62,226964
2360,0.009492,172.31.40.0-255,66,168970,62,226964
2361,0.011817,172.217.194.0-255,5738,174708,62,226964
2362,0.011826,172.31.40.0-255,66,174774,62,226964
2363,0.014152,172.217.194.0-255,4320,179094,62,226964
2364,0.014158,172.31.40.0-255,66,179160,62,226964
2365,0.014185,172.217.194.0-255,1484,180644,62,226964
2366,0.016561,172.217.194.0-255,4320,184964,62,226964
2367,0.016575,172.31.40.0-255,66,185030,62,226964
2368,0.018909,172.217.194.0-255,5738,190768,62,226964
2369,0.018924,172.31.40.0-255,66,190834,62,226964
2370,0.021265,172.217.194.0-255,5738,196572,62,226964
2371,0.021275,172.31.40.0-255,66,196638,62,226964
2372,0.023636,172.217.194.0-255,5738,202376,62,226964
2373,0.023642,172.31.40.0-255,66,202442,62,226964
2374,0.02599,172.217.194.0-255,5738,208180,62,226964
2375,0.025995,172.31.40.0-255,66,208246,62,226964
2376,0.028341,172.217.194.0-255,5738,213984,62,226964
2377,0.02835,172.31.40.0-255,66,214050,62,226964
2378,0.030695,172.217.194.0-255,5738,219788,62,226964
2379,0.030705,172.31.40.0-255,66,219854,62,226964
2380,0.033065,172.217.194.0-255,3681,223535,62,226964
2381,0.033076,172.31.40.0-255,66,223601,62,226964
2382,0.033284,172.31.40.0-255,105,223706,62,226964
2383,0.035594,172.217.194.0-255,66,223772,62,226964
2384,0.047409,172.31.40.0-255,167,223939,62,226964
2385,0.047444,172.31.40.0-255,1105,225044,62,226964
2386,0.047512,172.31.40.0-255,1514,226558,62,226964
2387,0.047514,172.31.40.0-255,340,226898,62,226964
2388,0.049975,104.244.42.0-255,66,226964,62,226964
2389,0.0,74.125.24.0-255,153,153,62,159523
2390,1.3e-05,172.31.40.0-255,66,219,62,159523
2391,2e-05,74.125.24.0-255,1484,1703,62,159523
2392,2.4e-05,172.31.40.0-255,66,1769,62,159523
2393,3e-05,74.125.24.0-255,2902,4671,62,159523
2394,3.4e-05,172.31.40.0-255,66,4737,62,159523
2395,6.2e-05,74.125.24.0-255,7156,11893,62,159523
2396,6.5e-05,172.31.40.0-255,66,11959,62,159523
2397,8.3e-05,74.125.24.0-255,2902,14861,62,159523
2398,8.5e-05,172.31.40.0-255,66,14927,62,159523
2399,0.000117,172.31.40.0-255,66,14993,62,159523
2400,0.000128,172.31.40.0-255,66,15059,62,159523
2401,0.000159,74.125.24.0-255,7156,22215,62,159523
2402,0.000162,172.31.40.0-255,66,22281,62,159523
2403,0.000174,172.31.40.0-255,66,22347,62,159523
2404,0.000177,74.125.24.0-255,1484,23831,62,159523
2405,0.000178,172.31.40.0-255,66,23897,62,159523
2406,0.000219,172.31.40.0-255,66,23963,62,159523
2407,0.000222,74.125.24.0-255,1479,25442,62,159523
2408,0.000223,172.31.40.0-255,66,25508,62,159523
2409,0.000329,74.125.24.0-255,1484,26992,62,159523
2410,0.000332,172.31.40.0-255,66,27058,62,159523
2411,0.000336,74.125.24.0-255,1484,28542,62,159523
2412,0.000338,172.31.40.0-255,66,28608,62,159523
2413,0.000352,74.125.24.0-255,1484,30092,62,159523
2414,0.000355,172.31.40.0-255,66,30158,62,159523
2415,0.00036,74.125.24.0-255,5738,35896,62,159523
2416,0.000363,172.31.40.0-255,66,35962,62,159523
2417,0.000367,74.125.24.0-255,2902,38864,62,159523
2418,0.000369,172.31.40.0-255,66,38930,62,159523
2419,0.000396,74.125.24.0-255,7156,46086,62,159523
2420,0.000398,172.31.40.0-255,66,46152,62,159523
2421,0.000415,74.125.24.0-255,1484,47636,62,159523
2422,0.000466,172.31.40.0-255,66,47702,62,159523
2423,0.00147,74.125.24.0-255,1484,49186,62,159523
2424,0.001479,74.125.24.0-255,2902,52088,62,159523
2425,0.001483,172.31.40.0-255,66,52154,62,159523
2426,0.001491,74.125.24.0-255,5738,57892,62,159523
2427,0.001493,172.31.40.0-255,66,57958,62,159523
2428,0.001554,172.31.40.0-255,66,58024,62,159523
2429,0.002347,74.125.24.0-255,1484,59508,62,159523
2430,0.002351,74.125.24.0-255,2902,62410,62,159523
2431,0.00237,74.125.24.0-255,5738,68148,62,159523
2432,0.002372,74.125.24.0-255,1484,69632,62,159523
2433,0.002385,74.125.24.0-255,1484,71116,62,159523
2434,0.002389,74.125.24.0-255,1484,72600,62,159523
2435,0.002408,74.125.24.0-255,2902,75502,62,159523
2436,0.002411,74.125.24.0-255,2902,78404,62,159523
2437,0.002444,74.125.24.0-255,4320,82724,62,159523
2438,0.003279,74.125.24.0-255,1484,84208,62,159523
2439,0.003282,74.125.24.0-255,1484,85692,62,159523
2440,0.003291,74.125.24.0-255,1484,87176,62,159523
2441,0.003314,74.125.24.0-255,5738,92914,62,159523
2442,0.00332,74.125.24.0-255,2902,95816,62,159523
2443,0.003334,74.125.24.0-255,2902,98718,62,159523
2444,0.003341,74.125.24.0-255,7156,105874,62,159523
2445,0.003366,74.125.24.0-255,5738,111612,62,159523
2446,0.003373,74.125.24.0-255,5020,116632,62,159523
2447,0.003475,74.125.24.0-255,1484,118116,62,159523
2448,0.003486,74.125.24.0-255,2902,121018,62,159523
2449,0.003511,74.125.24.0-255,1484,122502,62,159523
2450,0.003534,74.125.24.0-255,4320,126822,62,159523
2451,0.00355,74.125.24.0-255,2902,129724,62,159523
2452,0.003595,74.125.24.0-255,5738,135462,62,159523
2453,0.003642,74.125.24.0-255,1484,136946,62,159523
2454,0.003736,74.125.24.0-255,2902,139848,62,159523
2455,0.003743,74.125.24.0-255,7156,147004,62,159523
2456,0.003915,74.125.24.0-255,5020,152024,62,159523
2457,0.003933,74.125.24.0-255,2863,154887,62,159523
2458,0.003936,74.125.24.0-255,105,154992,62,159523
2459,0.00421,172.31.40.0-255,66,155058,62,159523
2460,0.008954,172.31.40.0-255,105,155163,62,159523
2461,0.011349,74.125.24.0-255,66,155229,62,159523
2462,0.032498,172.31.40.0-255,172,155401,62,159523
2463,0.032532,172.31.40.0-255,1106,156507,62,159523
2464,0.032593,172.31.40.0-255,1514,158021,62,159523
2465,0.032595,172.31.40.0-255,1304,159325,62,159523
2466,0.034114,104.244.42.0-255,66,159391,62,159523
2467,0.034193,104.244.42.0-255,66,159457,62,159523
2468,0.03425,104.244.42.0-255,66,159523,62,159523
2469,0.0,74.125.24.0-255,150,150,62,325591
2470,2.2e-05,172.31.40.0-255,66,216,62,325591
2471,2.9e-05,74.125.24.0-255,1484,1700,62,325591
2472,3.4e-05,172.31.40.0-255,66,1766,62,325591
2473,4e-05,74.125.24.0-255,2902,4668,62,325591
2474,4.4e-05,172.31.40.0-255,66,4734,62,325591
2475,5e-05,74.125.24.0-255,5738,10472,62,325591
2476,5.3e-05,172.31.40.0-255,66,10538,62,325591
2477,7.4e-05,74.125.24.0-255,1484,12022,62,325591
2478,7.7e-05,172.31.40.0-255,66,12088,62,325591
2479,8.2e-05,74.125.24.0-255,2039,14127,62,325591
2480,8.4e-05,172.31.40.0-255,66,14193,62,325591
2481,0.00021,74.125.24.0-255,1484,15677,62,325591
2482,0.000215,172.31.40.0-255,66,15743,62,325591
2483,0.000221,74.125.24.0-255,2902,18645,62,325591
2484,0.000223,172.31.40.0-255,66,18711,62,325591
2485,0.000253,74.125.24.0-255,5738,24449,62,325591
2486,0.000256,172.31.40.0-255,66,24515,62,325591
2487,0.000259,74.125.24.0-255,1484,25999,62,325591
2488,0.000261,172.31.40.0-255,66,26065,62,325591
2489,0.00028,74.125.24.0-255,5379,31444,62,325591
2490,0.000282,172.31.40.0-255,66,31510,62,325591
2491,0.000289,74.125.24.0-255,7156,38666,62,325591
2492,0.000292,172.31.40.0-255,66,38732,62,325591
2493,0.000323,74.125.24.0-255,7156,45888,62,325591
2494,0.000327,172.31.40.0-255,66,45954,62,325591
2495,0.000345,74.125.24.0-255,2543,48497,62,325591
2496,0.000348,172.31.40.0-255,66,48563,62,325591
2497,0.000577,74.125.24.0-255,1484,50047,62,325591
2498,0.000581,172.31.40.0-255,66,50113,62,325591
2499,0.000587,74.125.24.0-255,2902,53015,62,325591
2500,0.00059,172.31.40.0-255,66,53081,62,325591
2501,0.000596,74.125.24.0-255,5738,58819,62,325591
2502,0.000608,172.31.40.0-255,66,58885,62,325591
2503,0.000617,74.125.24.0-255,1484,60369,62,325591
2504,0.000638,74.125.24.0-255,5379,65748,62,325591
2505,0.000652,172.31.40.0-255,66,65814,62,325591
2506,0.000974,74.125.24.0-255,648,66462,62,325591
2507,0.00099,74.125.24.0-255,1484,67946,62,325591
2508,0.000994,172.31.40.0-255,66,68012,62,325591
2509,0.00102,74.125.24.0-255,4320,72332,62,325591
2510,0.001023,172.31.40.0-255,66,72398,62,325591
2511,0.001036,74.125.24.0-255,1484,73882,62,325591
2512,0.001074,172.31.40.0-255,66,73948,62,325591
2513,0.001134,172.31.40.0-255,66,74014,62,325591
2514,0.001148,74.125.24.0-255,1125,75139,62,325591
2515,0.001154,172.31.40.0-255,66,75205,62,325591
2516,0.001426,74.125.24.0-255,1484,76689,62,325591
2517,0.001433,74.125.24.0-255,2902,79591,62,325591
2518,0.001436,172.31.40.0-255,66,79657,62,325591
2519,0.001444,74.125.24.0-255,5738,85395,62,325591
2520,0.001446,172.31.40.0-255,66,85461,62,325591
2521,0.001451,74.125.24.0-255,2902,88363,62,325591
2522,0.001453,172.31.40.0-255,66,88429,62,325591
2523,0.001468,74.125.24.0-255,1484,89913,62,325591
2524,0.001472,74.125.24.0-255,1484,91397,62,325591
2525,0.001474,172.31.40.0-255,66,91463,62,325591
2526,0.001508,172.31.40.0-255,66,91529,62,325591
2527,0.001538,74.125.24.0-255,7156,98685,62,325591
2528,0.00154,172.31.40.0-255,66,98751,62,325591
2529,0.001557,74.125.24.0-255,766,99517,62,325591
2530,0.001741,74.125.24.0-255,1484,101001,62,325591
2531,0.001745,172.31.40.0-255,66,101067,62,325591
2532,0.00175,74.125.24.0-255,2902,103969,62,325591
2533,0.001753,172.31.40.0-255,66,104035,62,325591
2534,0.001782,74.125.24.0-255,5738,109773,62,325591
2535,0.001785,172.31.40.0-255,66,109839,62,325591
2536,0.001791,74.125.24.0-255,4320,114159,62,325591
2537,0.001793,172.31.40.0-255,66,114225,62,325591
2538,0.001825,74.125.24.0-255,2902,117127,62,325591
2539,0.00184,74.125.24.0-255,4320,121447,62,325591
2540,0.001853,172.31.40.0-255,66,121513,62,325591
2541,0.00187,74.125.24.0-255,1484,122997,62,325591
2542,0.001889,74.125.24.0-255,2184,125181,62,325591
2543,0.0019,172.31.40.0-255,66,125247,62,325591
2544,0.003825,74.125.24.0-255,1484,126731,62,325591
2545,0.003859,74.125.24.0-255,4320,131051,62,325591
2546,0.003863,172.31.40.0-255,66,131117,62,325591
2547,0.00587,74.125.24.0-255,5738,136855,62,325591
2548,0.005874,172.31.40.0-255,66,136921,62,325591
2549,0.007873,74.125.24.0-255,5738,142659,62,325591
2550,0.00788,172.31.40.0-255,66,142725,62,325591
2551,0.009872,74.125.24.0-255,5738,148463,62,325591
2552,0.00988,172.31.40.0-255,66,148529,62,325591
2553,0.011886,74.125.24.0-255,5738,154267,62,325591
2554,0.011895,172.31.40.0-255,66,154333,62,325591
2555,0.013883,74.125.24.0-255,5738,160071,62,325591
2556,0.013891,172.31.40.0-255,66,160137,62,325591
2557,0.015906,74.125.24.0-255,5738,165875,62,325591
2558,0.015914,172.31.40.0-255,66,165941,62,325591
2559,0.017912,74.125.24.0-255,5738,171679,62,325591
2560,0.017919,172.31.40.0-255,66,171745,62,325591
2561,0.019921,74.125.24.0-255,5738,177483,62,325591
2562,0.019928,172.31.40.0-255,66,177549,62,325591
2563,0.021914,74.125.24.0-255,5738,183287,62,325591
2564,0.021921,172.31.40.0-255,66,183353,62,325591
2565,0.023915,74.125.24.0-255,5738,189091,62,325591
2566,0.023921,172.31.40.0-255,66,189157,62,325591
2567,0.025886,74.125.24.0-255,5738,194895,62,325591
2568,0.025893,172.31.40.0-255,66,194961,62,325591
2569,0.027897,74.125.24.0-255,5738,200699,62,325591
2570,0.027903,172.31.40.0-255,66,200765,62,325591
2571,0.029901,74.125.24.0-255,5738,206503,62,325591
2572,0.029908,172.31.40.0-255,66,206569,62,325591
2573,0.0314,172.31.40.0-255,172,206741,62,325591
2574,0.031426,172.31.40.0-255,1110,207851,62,325591
2575,0.031476,172.31.40.0-255,1514,209365,62,325591
2576,0.031478,172.31.40.0-255,1300,210665,62,325591
2577,0.031891,74.125.24.0-255,5738,216403,62,325591
2578,0.031897,172.31.40.0-255,66,216469,62,325591
2579,0.032965,104.244.42.0-255,66,216535,62,325591
2580,0.032973,104.244.42.0-255,66,216601,62,325591
2581,0.033069,104.244.42.0-255,66,216667,62,325591
2582,0.0339,74.125.24.0-255,5738,222405,62,325591
2583,0.033906,172.31.40.0-255,66,222471,62,325591
2584,0.035915,74.125.24.0-255,5738,228209,62,325591
2585,0.035924,172.31.40.0-255,66,228275,62,325591
2586,0.037923,74.125.24.0-255,5738,234013,62,325591
2587,0.03793,172.31.40.0-255,66,234079,62,325591
2588,0.039927,74.125.24.0-255,5738,239817,62,325591
2589,0.039933,172.31.40.0-255,66,239883,62,325591
2590,0.041926,74.125.24.0-255,5738,245621,62,325591
2591,0.041936,172.31.40.0-255,66,245687,62,325591
2592,0.043934,74.125.24.0-255,5738,251425,62,325591
2593,0.043941,172.31.40.0-255,66,251491,62,325591
2594,0.045931,74.125.24.0-255,5738,257229,62,325591
2595,0.045938,172.31.40.0-255,66,257295,62,325591
2596,0.047927,74.125.24.0-255,5738,263033,62,325591
2597,0.047932,172.31.40.0-255,66,263099,62,325591
2598,0.049928,74.125.24.0-255,5738,268837,62,325591
2599,0.049935,172.31.40.0-255,66,268903,62,325591
2600,0.05193,74.125.24.0-255,5738,274641,62,325591
2601,0.051936,172.31.40.0-255,66,274707,62,325591
2602,0.053971,74.125.24.0-255,4320,279027,62,325591
2603,0.053977,172.31.40.0-255,66,279093,62,325591
2604,0.053994,74.125.24.0-255,1484,280577,62,325591
2605,0.055972,74.125.24.0-255,4320,284897,62,325591
2606,0.055977,172.31.40.0-255,66,284963,62,325591
2607,0.05796,74.125.24.0-255,5738,290701,62,325591
2608,0.057967,172.31.40.0-255,66,290767,62,325591
2609,0.059956,74.125.24.0-255,5738,296505,62,325591
2610,0.059963,172.31.40.0-255,66,296571,62,325591
2611,0.061954,74.125.24.0-255,5738,302309,62,325591
2612,0.061961,172.31.40.0-255,66,302375,62,325591
2613,0.063973,74.125.24.0-255,5738,308113,62,325591
2614,0.063979,172.31.40.0-255,66,308179,62,325591
2615,0.06596,74.125.24.0-255,5738,313917,62,325591
2616,0.065967,172.31.40.0-255,66,313983,62,325591
2617,0.067947,74.125.24.0-255,5738,319721,62,325591
2618,0.067952,172.31.40.0-255,66,319787,62,325591
2619,0.069922,74.125.24.0-255,5738,325525,62,325591
2620,0.069929,172.31.40.0-255,66,325591,62,325591
2621,0.0,74.125.24.0-255,153,153,62,286394
2622,2.1e-05,172.31.40.0-255,66,219,62,286394
2623,2.9e-05,74.125.24.0-255,1484,1703,62,286394
2624,3.4e-05,172.31.40.0-255,66,1769,62,286394
2625,3.9e-05,74.125.24.0-255,2902,4671,62,286394
2626,4.3e-05,172.31.40.0-255,66,4737,62,286394
2627,8.4e-05,74.125.24.0-255,1484,6221,62,286394
2628,8.8e-05,172.31.40.0-255,66,6287,62,286394
2629,9.3e-05,74.125.24.0-255,2902,9189,62,286394
2630,9.6e-05,172.31.40.0-255,66,9255,62,286394
2631,0.000107,74.125.24.0-255,4320,13575,62,286394
2632,0.00011,172.31.40.0-255,66,13641,62,286394
2633,0.000139,74.125.24.0-255,4931,18572,62,286394
2634,0.000141,172.31.40.0-255,66,18638,62,286394
2635,0.000149,74.125.24.0-255,7156,25794,62,286394
2636,0.000156,172.31.40.0-255,66,25860,62,286394
2637,0.000184,74.125.24.0-255,4320,30180,62,286394
2638,0.000186,172.31.40.0-255,66,30246,62,286394
2639,0.000189,74.125.24.0-255,1125,31371,62,286394
2640,0.000196,172.31.40.0-255,66,31437,62,286394
2641,0.000232,74.125.24.0-255,1484,32921,62,286394
2642,0.000234,172.31.40.0-255,66,32987,62,286394
2643,0.000239,74.125.24.0-255,2902,35889,62,286394
2644,0.000242,172.31.40.0-255,66,35955,62,286394
2645,0.000275,74.125.24.0-255,5738,41693,62,286394
2646,0.000278,172.31.40.0-255,66,41759,62,286394
2647,0.000289,172.31.40.0-255,66,41825,62,286394
2648,0.000317,74.125.24.0-255,2902,44727,62,286394
2649,0.000319,172.31.40.0-255,66,44793,62,286394
2650,0.000327,74.125.24.0-255,7156,51949,62,286394
2651,0.000329,172.31.40.0-255,66,52015,62,286394
2652,0.000354,74.125.24.0-255,3894,55909,62,286394
2653,0.000356,172.31.40.0-255,66,55975,62,286394
2654,0.000401,74.125.24.0-255,135,56110,62,286394
2655,0.000676,74.125.24.0-255,1484,57594,62,286394
2656,0.000682,172.31.40.0-255,66,57660,62,286394
2657,0.000713,74.125.24.0-255,2902,60562,62,286394
2658,0.000717,172.31.40.0-255,66,60628,62,286394
2659,0.000722,74.125.24.0-255,2902,63530,62,286394
2660,0.000724,172.31.40.0-255,66,63596,62,286394
2661,0.000728,74.125.24.0-255,2902,66498,62,286394
2662,0.000731,172.31.40.0-255,66,66564,62,286394
2663,0.000758,74.125.24.0-255,4320,70884,62,286394
2664,0.00076,172.31.40.0-255,66,70950,62,286394
2665,0.00077,74.125.24.0-255,4320,75270,62,286394
2666,0.000773,172.31.40.0-255,66,75336,62,286394
2667,0.000808,74.125.24.0-255,5738,81074,62,286394
2668,0.000812,172.31.40.0-255,66,81140,62,286394
2669,0.000866,172.31.40.0-255,66,81206,62,286394
2670,0.000924,74.125.24.0-255,1484,82690,62,286394
2671,0.000929,74.125.24.0-255,2902,85592,62,286394
2672,0.000932,172.31.40.0-255,66,85658,62,286394
2673,0.00096,74.125.24.0-255,5738,91396,62,286394
2674,0.000963,172.31.40.0-255,66,91462,62,286394
2675,0.000995,74.125.24.0-255,1484,92946,62,286394
2676,0.001001,74.125.24.0-255,2902,95848,62,286394
2677,0.001003,172.31.40.0-255,66,95914,62,286394
2678,0.00101,74.125.24.0-255,5738,101652,62,286394
2679,0.001012,172.31.40.0-255,66,101718,62,286394
2680,0.001016,74.125.24.0-255,2902,104620,62,286394
2681,0.001023,172.31.40.0-255,66,104686,62,286394
2682,0.001094,172.31.40.0-255,66,104752,62,286394
2683,0.001099,74.125.24.0-255,3602,108354,62,286394
2684,0.001101,172.31.40.0-255,66,108420,62,286394
2685,0.001106,74.125.24.0-255,4320,112740,62,286394
2686,0.001109,172.31.40.0-255,66,112806,62,286394
2687,0.001125,172.31.40.0-255,66,112872,62,286394
2688,0.00113,74.125.24.0-255,4320,117192,62,286394
2689,0.001133,172.31.40.0-255,66,117258,62,286394
2690,0.001185,172.31.40.0-255,66,117324,62,286394
2691,0.001217,74.125.24.0-255,1484,118808,62,286394
2692,0.001222,74.125.24.0-255,2902,121710,62,286394
2693,0.001225,172.31.40.0-255,66,121776,62,286394
2694,0.00126,74.125.24.0-255,5738,127514,62,286394
2695,0.001263,172.31.40.0-255,66,127580,62,286394
2696,0.001266,74.125.24.0-255,1484,129064,62,286394
2697,0.001296,74.125.24.0-255,4320,133384,62,286394
2698,0.001299,172.31.40.0-255,66,133450,62,286394
2699,0.001306,74.125.24.0-255,6498,139948,62,286394
2700,0.001309,172.31.40.0-255,66,140014,62,286394
2701,0.001314,74.125.24.0-255,2902,142916,62,286394
2702,0.00132,172.31.40.0-255,66,142982,62,286394
2703,0.001353,74.125.24.0-255,5738,148720,62,286394
2704,0.001357,172.31.40.0-255,66,148786,62,286394
2705,0.001387,74.125.24.0-255,5738,154524,62,286394
2706,0.00139,172.31.40.0-255,66,154590,62,286394
2707,0.001396,74.125.24.0-255,5738,160328,62,286394
2708,0.001399,172.31.40.0-255,66,160394,62,286394
2709,0.00141,74.125.24.0-255,7156,167550,62,286394
2710,0.001413,172.31.40.0-255,66,167616,62,286394
2711,0.001416,74.125.24.0-255,766,168382,62,286394
2712,0.001519,74.125.24.0-255,1484,169866,62,286394
2713,0.001522,172.31.40.0-255,66,169932,62,286394
2714,0.001543,74.125.24.0-255,2902,172834,62,286394
2715,0.001546,172.31.40.0-255,66,172900,62,286394
2716,0.00155,74.125.24.0-255,2902,175802,62,286394
2717,0.001552,172.31.40.0-255,66,175868,62,286394
2718,0.001582,74.125.24.0-255,2902,178770,62,286394
2719,0.001585,172.31.40.0-255,66,178836,62,286394
2720,0.001591,74.125.24.0-255,4320,183156,62,286394
2721,0.001593,172.31.40.0-255,66,183222,62,286394
2722,0.001597,74.125.24.0-255,2902,186124,62,286394
2723,0.001604,172.31.40.0-255,66,186190,62,286394
2724,0.001651,172.31.40.0-255,66,186256,62,286394
2725,0.001668,74.125.24.0-255,7156,193412,62,286394
2726,0.001671,172.31.40.0-255,66,193478,62,286394
2727,0.001674,74.125.24.0-255,766,194244,62,286394
2728,0.001772,74.125.24.0-255,1484,195728,62,286394
2729,0.001776,172.31.40.0-255,66,195794,62,286394
2730,0.00178,74.125.24.0-255,1484,197278,62,286394
2731,0.001806,74.125.24.0-255,1484,198762,62,286394
2732,0.001808,172.31.40.0-255,66,198828,62,286394
2733,0.001815,74.125.24.0-255,5738,204566,62,286394
2734,0.001817,172.31.40.0-255,66,204632,62,286394
2735,0.001828,74.125.24.0-255,4320,208952,62,286394
2736,0.00183,172.31.40.0-255,66,209018,62,286394
2737,0.001869,172.31.40.0-255,66,209084,62,286394
2738,0.001876,74.125.24.0-255,7156,216240,62,286394
2739,0.001878,172.31.40.0-255,66,216306,62,286394
2740,0.001882,74.125.24.0-255,2902,219208,62,286394
2741,0.001885,172.31.40.0-255,66,219274,62,286394
2742,0.001915,74.125.24.0-255,766,220040,62,286394
2743,0.002032,74.125.24.0-255,1484,221524,62,286394
2744,0.002036,172.31.40.0-255,66,221590,62,286394
2745,0.002042,74.125.24.0-255,2902,224492,62,286394
2746,0.002044,172.31.40.0-255,66,224558,62,286394
2747,0.00205,74.125.24.0-255,5738,230296,62,286394
2748,0.002057,172.31.40.0-255,66,230362,62,286394
2749,0.002101,172.31.40.0-255,66,230428,62,286394
2750,0.002172,172.31.40.0-255,66,230494,62,286394
2751,0.002201,74.125.24.0-255,4320,234814,62,286394
2752,0.002205,172.31.40.0-255,66,234880,62,286394
2753,0.002211,74.125.24.0-255,5738,240618,62,286394
2754,0.002213,172.31.40.0-255,66,240684,62,286394
2755,0.00222,74.125.24.0-255,7156,247840,62,286394
2756,0.002222,172.31.40.0-255,66,247906,62,286394
2757,0.00226,74.125.24.0-255,4320,252226,62,286394
2758,0.002264,172.31.40.0-255,66,252292,62,286394
2759,0.00227,74.125.24.0-255,5738,258030,62,286394
2760,0.002273,172.31.40.0-255,66,258096,62,286394
2761,0.002275,74.125.24.0-255,1484,259580,62,286394
2762,0.002315,172.31.40.0-255,66,259646,62,286394
2763,0.002328,172.31.40.0-255,66,259712,62,286394
2764,0.002337,74.125.24.0-255,4320,264032,62,286394
2765,0.00234,172.31.40.0-255,66,264098,62,286394
2766,0.002361,74.125.24.0-255,2902,267000,62,286394
2767,0.002363,172.31.40.0-255,66,267066,62,286394
2768,0.002378,172.31.40.0-255,66,267132,62,286394
2769,0.002383,74.125.24.0-255,3602,270734,62,286394
2770,0.002386,172.31.40.0-255,66,270800,62,286394
2771,0.00239,74.125.24.0-255,2902,273702,62,286394
2772,0.002393,172.31.40.0-255,66,273768,62,286394
2773,0.002425,74.125.24.0-255,1484,275252,62,286394
2774,0.002437,172.31.40.0-255,66,275318,62,286394
2775,0.002449,74.125.24.0-255,6343,281661,62,286394
2776,0.002451,172.31.40.0-255,66,281727,62,286394
2777,0.004867,74.125.24.0-255,136,281863,62,286394
2778,0.010118,172.31.40.0-255,66,281929,62,286394
2779,0.010159,172.31.40.0-255,105,282034,62,286394
2780,0.01258,74.125.24.0-255,66,282100,62,286394
2781,0.03313,172.31.40.0-255,172,282272,62,286394
2782,0.033164,172.31.40.0-255,1106,283378,62,286394
2783,0.033227,172.31.40.0-255,1514,284892,62,286394
2784,0.033229,172.31.40.0-255,1304,286196,62,286394
2785,0.034804,104.244.42.0-255,66,286262,62,286394
2786,0.034834,104.244.42.0-255,66,286328,62,286394
2787,0.034941,104.244.42.0-255,66,286394,62,286394
2788,0.0,74.125.24.0-255,152,152,62,254298
2789,2.1e-05,172.31.40.0-255,66,218,62,254298
2790,2.9e-05,74.125.24.0-255,1484,1702,62,254298
2791,3.4e-05,172.31.40.0-255,66,1768,62,254298
2792,3.9e-05,74.125.24.0-255,2902,4670,62,254298
2793,4.2e-05,172.31.40.0-255,66,4736,62,254298
2794,5.1e-05,74.125.24.0-255,7156,11892,62,254298
2795,5.3e-05,172.31.40.0-255,66,11958,62,254298
2796,5.8e-05,74.125.24.0-255,2127,14085,62,254298
2797,6.1e-05,172.31.40.0-255,66,14151,62,254298
2798,0.000107,74.125.24.0-255,1484,15635,62,254298
2799,0.000111,172.31.40.0-255,66,15701,62,254298
2800,0.000117,74.125.24.0-255,2902,18603,62,254298
2801,0.00012,172.31.40.0-255,66,18669,62,254298
2802,0.000138,74.125.24.0-255,5738,24407,62,254298
2803,0.000141,172.31.40.0-255,66,24473,62,254298
2804,0.000145,74.125.24.0-255,2902,27375,62,254298
2805,0.000147,172.31.40.0-255,66,27441,62,254298
2806,0.000199,74.125.24.0-255,3961,31402,62,254298
2807,0.000203,172.31.40.0-255,66,31468,62,254298
2808,0.000429,74.125.24.0-255,1484,32952,62,254298
2809,0.000434,172.31.40.0-255,66,33018,62,254298
2810,0.000452,74.125.24.0-255,2902,35920,62,254298
2811,0.000455,172.31.40.0-255,66,35986,62,254298
2812,0.00046,74.125.24.0-255,2902,38888,62,254298
2813,0.000462,172.31.40.0-255,66,38954,62,254298
2814,0.000484,74.125.24.0-255,1484,40438,62,254298
2815,0.000486,172.31.40.0-255,66,40504,62,254298
2816,0.000504,74.125.24.0-255,5738,46242,62,254298
2817,0.000507,172.31.40.0-255,66,46308,62,254298
2818,0.000519,74.125.24.0-255,3961,50269,62,254298
2819,0.000522,172.31.40.0-255,66,50335,62,254298
2820,0.000526,74.125.24.0-255,2902,53237,62,254298
2821,0.000528,172.31.40.0-255,66,53303,62,254298
2822,0.000557,74.125.24.0-255,7156,60459,62,254298
2823,0.00056,172.31.40.0-255,66,60525,62,254298
2824,0.000566,74.125.24.0-255,5379,65904,62,254298
2825,0.000569,172.31.40.0-255,66,65970,62,254298
2826,0.000606,74.125.24.0-255,678,66648,62,254298
2827,0.0009,74.125.24.0-255,1484,68132,62,254298
2828,0.000905,74.125.24.0-255,2902,71034,62,254298
2829,0.00091,172.31.40.0-255,66,71100,62,254298
2830,0.000914,172.31.40.0-255,66,71166,62,254298
2831,0.000934,74.125.24.0-255,5738,76904,62,254298
2832,0.000936,172.31.40.0-255,66,76970,62,254298
2833,0.000941,74.125.24.0-255,2902,79872,62,254298
2834,0.000943,172.31.40.0-255,66,79938,62,254298
2835,0.000975,172.31.40.0-255,66,80004,62,254298
2836,0.000986,172.31.40.0-255,66,80070,62,254298
2837,0.001027,74.125.24.0-255,2184,82254,62,254298
2838,0.001031,172.31.40.0-255,66,82320,62,254298
2839,0.001726,74.125.24.0-255,1484,83804,62,254298
2840,0.001735,74.125.24.0-255,2902,86706,62,254298
2841,0.00174,172.31.40.0-255,66,86772,62,254298
2842,0.001746,74.125.24.0-255,2902,89674,62,254298
2843,0.001748,172.31.40.0-255,66,89740,62,254298
2844,0.001765,74.125.24.0-255,2902,92642,62,254298
2845,0.001767,172.31.40.0-255,66,92708,62,254298
2846,0.001784,74.125.24.0-255,4320,97028,62,254298
2847,0.001786,172.31.40.0-255,66,97094,62,254298
2848,0.001819,172.31.40.0-255,66,97160,62,254298
2849,0.001848,172.31.40.0-255,66,97226,62,254298
2850,0.001866,74.125.24.0-255,2184,99410,62,254298
2851,0.001869,172.31.40.0-255,66,99476,62,254298
2852,0.004367,74.125.24.0-255,2902,102378,62,254298
2853,0.004374,172.31.40.0-255,66,102444,62,254298
2854,0.004395,74.125.24.0-255,2902,105346,62,254298
2855,0.004397,172.31.40.0-255,66,105412,62,254298
2856,0.006906,74.125.24.0-255,2902,108314,62,254298
2857,0.006909,172.31.40.0-255,66,108380,62,254298
2858,0.006934,74.125.24.0-255,1484,109864,62,254298
2859,0.006947,74.125.24.0-255,1484,111348,62,254298
2860,0.006949,172.31.40.0-255,66,111414,62,254298
2861,0.009452,74.125.24.0-255,2902,114316,62,254298
2862,0.00946,172.31.40.0-255,66,114382,62,254298
2863,0.009483,74.125.24.0-255,2902,117284,62,254298
2864,0.009486,172.31.40.0-255,66,117350,62,254298
2865,0.011977,74.125.24.0-255,2902,120252,62,254298
2866,0.011988,172.31.40.0-255,66,120318,62,254298
2867,0.012009,74.125.24.0-255,2902,123220,62,254298
2868,0.012011,172.31.40.0-255,66,123286,62,254298
2869,0.014546,74.125.24.0-255,5738,129024,62,254298
2870,0.014554,172.31.40.0-255,66,129090,62,254298
2871,0.017098,74.125.24.0-255,5738,134828,62,254298
2872,0.017108,172.31.40.0-255,66,134894,62,254298
2873,0.01962,74.125.24.0-255,5738,140632,62,254298
2874,0.019627,172.31.40.0-255,66,140698,62,254298
2875,0.022172,74.125.24.0-255,5738,146436,62,254298
2876,0.022179,172.31.40.0-255,66,146502,62,254298
2877,0.024697,74.125.24.0-255,5738,152240,62,254298
2878,0.024705,172.31.40.0-255,66,152306,62,254298
2879,0.027243,74.125.24.0-255,5738,158044,62,254298
2880,0.027254,172.31.40.0-255,66,158110,62,254298
2881,0.029781,74.125.24.0-255,5738,163848,62,254298
2882,0.029789,172.31.40.0-255,66,163914,62,254298
2883,0.032002,172.31.40.0-255,167,164081,62,254298
2884,0.032035,172.31.40.0-255,1105,165186,62,254298
2885,0.032111,172.31.40.0-255,1514,166700,62,254298
2886,0.032112,172.31.40.0-255,340,167040,62,254298
2887,0.032335,74.125.24.0-255,5738,172778,62,254298
2888,0.032342,172.31.40.0-255,66,172844,62,254298
2889,0.033551,104.244.42.0-255,66,172910,62,254298
2890,0.033603,104.244.42.0-255,66,172976,62,254298
2891,0.033676,104.244.42.0-255,66,173042,62,254298
2892,0.034852,74.125.24.0-255,5738,178780,62,254298
2893,0.034857,172.31.40.0-255,66,178846,62,254298
2894,0.037386,74.125.24.0-255,5738,184584,62,254298
2895,0.037393,172.31.40.0-255,66,184650,62,254298
2896,0.039915,74.125.24.0-255,5738,190388,62,254298
2897,0.039922,172.31.40.0-255,66,190454,62,254298
2898,0.042459,74.125.24.0-255,5738,196192,62,254298
2899,0.042466,172.31.40.0-255,66,196258,62,254298
2900,0.044987,74.125.24.0-255,5738,201996,62,254298
2901,0.044998,172.31.40.0-255,66,202062,62,254298
2902,0.047559,74.125.24.0-255,5738,207800,62,254298
2903,0.047566,172.31.40.0-255,66,207866,62,254298
2904,0.050147,74.125.24.0-255,5738,213604,62,254298
2905,0.050153,172.31.40.0-255,66,213670,62,254298
2906,0.052706,74.125.24.0-255,5738,219408,62,254298
2907,0.052713,172.31.40.0-255,66,219474,62,254298
2908,0.055297,74.125.24.0-255,5738,225212,62,254298
2909,0.055316,172.31.40.0-255,66,225278,62,254298
2910,0.057878,74.125.24.0-255,5738,231016,62,254298
2911,0.057894,172.31.40.0-255,66,231082,62,254298
2912,0.060445,74.125.24.0-255,5738,236820,62,254298
2913,0.060464,172.31.40.0-255,66,236886,62,254298
2914,0.063014,74.125.24.0-255,5738,242624,62,254298
2915,0.063024,172.31.40.0-255,66,242690,62,254298
2916,0.065535,74.125.24.0-255,5738,248428,62,254298
2917,0.065542,172.31.40.0-255,66,248494,62,254298
2918,0.068083,74.125.24.0-255,5738,254232,62,254298
2919,0.068102,172.31.40.0-255,66,254298,62,254298
2920,0.0,172.217.194.0-255,150,150,62,217975
2921,1.3e-05,172.31.40.0-255,66,216,62,217975
2922,2e-05,172.217.194.0-255,1484,1700,62,217975
2923,2.5e-05,172.31.40.0-255,66,1766,62,217975
2924,3e-05,172.217.194.0-255,2902,4668,62,217975
2925,3.4e-05,172.31.40.0-255,66,4734,62,217975
2926,3.9e-05,172.217.194.0-255,2902,7636,62,217975
2927,4.2e-05,172.31.40.0-255,66,7702,62,217975
2928,6.3e-05,172.217.194.0-255,4320,12022,62,217975
2929,6.5e-05,172.31.40.0-255,66,12088,62,217975
2930,8.6e-05,172.217.194.0-255,3455,15543,62,217975
2931,8.9e-05,172.31.40.0-255,66,15609,62,217975
2932,0.000104,172.217.194.0-255,1484,17093,62,217975
2933,0.000106,172.31.40.0-255,66,17159,62,217975
2934,0.000139,172.31.40.0-255,66,17225,62,217975
2935,0.000199,172.217.194.0-255,1484,18709,62,217975
2936,0.000203,172.31.40.0-255,66,18775,62,217975
2937,0.000209,172.217.194.0-255,2902,21677,62,217975
2938,0.000211,172.31.40.0-255,66,21743,62,217975
2939,0.000216,172.217.194.0-255,4320,26063,62,217975
2940,0.000219,172.31.40.0-255,66,26129,62,217975
2941,0.000222,172.217.194.0-255,1484,27613,62,217975
2942,0.000224,172.31.40.0-255,66,27679,62,217975
2943,0.000253,172.31.40.0-255,66,27745,62,217975
2944,0.000293,172.31.40.0-255,66,27811,62,217975
2945,0.000679,172.217.194.0-255,645,28456,62,217975
2946,0.000686,172.31.40.0-255,66,28522,62,217975
2947,0.001487,172.217.194.0-255,1484,30006,62,217975
2948,0.001494,172.31.40.0-255,66,30072,62,217975
2949,0.001504,172.217.194.0-255,2902,32974,62,217975
2950,0.001507,172.31.40.0-255,66,33040,62,217975
2951,0.001524,172.217.194.0-255,4320,37360,62,217975
2952,0.001526,172.31.40.0-255,66,37426,62,217975
2953,0.001542,172.217.194.0-255,1484,38910,62,217975
2954,0.00155,172.217.194.0-255,4320,43230,62,217975
2955,0.001552,172.31.40.0-255,66,43296,62,217975
2956,0.001585,172.217.194.0-255,1995,45291,62,217975
2957,0.001588,172.31.40.0-255,66,45357,62,217975
2958,0.002071,172.217.194.0-255,1484,46841,62,217975
2959,0.002087,172.217.194.0-255,2902,49743,62,217975
2960,0.002091,172.31.40.0-255,66,49809,62,217975
2961,0.002108,172.217.194.0-255,5738,55547,62,217975
2962,0.002111,172.31.40.0-255,66,55613,62,217975
2963,0.002114,172.217.194.0-255,1484,57097,62,217975
2964,0.002153,172.31.40.0-255,66,57163,62,217975
2965,0.002159,172.217.194.0-255,5738,62901,62,217975
2966,0.002161,172.31.40.0-255,66,62967,62,217975
2967,0.002181,172.217.194.0-255,1484,64451,62,217975
2968,0.002197,172.217.194.0-255,3602,68053,62,217975
2969,0.002199,172.31.40.0-255,66,68119,62,217975
2970,0.004862,172.217.194.0-255,5738,73857,62,217975
2971,0.004868,172.31.40.0-255,66,73923,62,217975
2972,0.007576,172.217.194.0-255,2902,76825,62,217975
2973,0.007582,172.31.40.0-255,66,76891,62,217975
2974,0.007601,172.217.194.0-255,2902,79793,62,217975
2975,0.007603,172.31.40.0-255,66,79859,62,217975
2976,0.010265,172.217.194.0-255,2902,82761,62,217975
2977,0.010275,172.31.40.0-255,66,82827,62,217975
2978,0.010297,172.217.194.0-255,2902,85729,62,217975
2979,0.010299,172.31.40.0-255,66,85795,62,217975
2980,0.012939,172.217.194.0-255,2902,88697,62,217975
2981,0.012951,172.31.40.0-255,66,88763,62,217975
2982,0.012974,172.217.194.0-255,2902,91665,62,217975
2983,0.012977,172.31.40.0-255,66,91731,62,217975
2984,0.015688,172.217.194.0-255,5738,97469,62,217975
2985,0.015702,172.31.40.0-255,66,97535,62,217975
2986,0.018406,172.217.194.0-255,5738,103273,62,217975
2987,0.018416,172.31.40.0-255,66,103339,62,217975
2988,0.021088,172.217.194.0-255,5738,109077,62,217975
2989,0.021098,172.31.40.0-255,66,109143,62,217975
2990,0.023861,172.217.194.0-255,5738,114881,62,217975
2991,0.023869,172.31.40.0-255,66,114947,62,217975
2992,0.024039,172.31.40.0-255,172,115119,62,217975
2993,0.024084,172.31.40.0-255,1110,116229,62,217975
2994,0.024139,172.31.40.0-255,1514,117743,62,217975
2995,0.024141,172.31.40.0-255,1300,119043,62,217975
2996,0.025743,104.244.42.0-255,66,119109,62,217975
2997,0.025805,104.244.42.0-255,66,119175,62,217975
2998,0.025844,104.244.42.0-255,66,119241,62,217975
2999,0.026602,172.217.194.0-255,5738,124979,62,217975
3000,0.026609,172.31.40.0-255,66,125045,62,217975
3001,0.029314,172.217.194.0-255,5738,130783,62,217975
3002,0.029321,172.31.40.0-255,66,130849,62,217975
3003,0.032031,172.217.194.0-255,5738,136587,62,217975
3004,0.032039,172.31.40.0-255,66,136653,62,217975
3005,0.034734,172.217.194.0-255,5738,142391,62,217975
3006,0.034741,172.31.40.0-255,66,142457,62,217975
3007,0.037419,172.217.194.0-255,5738,148195,62,217975
3008,0.037425,172.31.40.0-255,66,148261,62,217975
3009,0.040092,172.217.194.0-255,5738,153999,62,217975
3010,0.040097,172.31.40.0-255,66,154065,62,217975
3011,0.042777,172.217.194.0-255,5738,159803,62,217975
3012,0.042785,172.31.40.0-255,66,159869,62,217975
3013,0.04545,172.217.194.0-255,5738,165607,62,217975
3014,0.045456,172.31.40.0-255,66,165673,62,217975
3015,0.048142,172.217.194.0-255,5738,171411,62,217975
3016,0.048147,172.31.40.0-255,66,171477,62,217975
3017,0.050844,172.217.194.0-255,5738,177215,62,217975
3018,0.050851,172.31.40.0-255,66,177281,62,217975
3019,0.053549,172.217.194.0-255,5738,183019,62,217975
3020,0.053555,172.31.40.0-255,66,183085,62,217975
3021,0.05623,172.217.194.0-255,5738,188823,62,217975
3022,0.056236,172.31.40.0-255,66,188889,62,217975
3023,0.058919,172.217.194.0-255,5738,194627,62,217975
3024,0.058925,172.31.40.0-255,66,194693,62,217975
3025,0.061627,172.217.194.0-255,5738,200431,62,217975
3026,0.061634,172.31.40.0-255,66,200497,62,217975
3027,0.064343,172.217.194.0-255,5738,206235,62,217975
3028,0.064349,172.31.40.0-255,66,206301,62,217975
3029,0.067051,172.217.194.0-255,5738,212039,62,217975
3030,0.067057,172.31.40.0-255,66,212105,62,217975
3031,0.06973,172.217.194.0-255,4320,216425,62,217975
3032,0.069735,172.31.40.0-255,66,216491,62,217975
3033,0.069755,172.217.194.0-255,1484,217975,62,217975
3034,0.0,172.217.194.0-255,291,291,62,135434
3035,2.2e-05,172.31.40.0-255,66,357,62,135434
3036,2.8e-05,172.217.194.0-255,1484,1841,62,135434
3037,3.2e-05,172.31.40.0-255,66,1907,62,135434
3038,3.8e-05,172.217.194.0-255,4320,6227,62,135434
3039,4.8e-05,172.31.40.0-255,66,6293,62,135434
3040,5.1e-05,172.217.194.0-255,1484,7777,62,135434
3041,5.3e-05,172.31.40.0-255,66,7843,62,135434
3042,9.8e-05,172.31.40.0-255,66,7909,62,135434
3043,0.000105,172.217.194.0-255,7156,15065,62,135434
3044,0.000108,172.31.40.0-255,66,15131,62,135434
3045,0.000133,172.31.40.0-255,66,15197,62,135434
3046,0.000179,172.217.194.0-255,1484,16681,62,135434
3047,0.000181,172.31.40.0-255,66,16747,62,135434
3048,0.000208,172.217.194.0-255,2902,19649,62,135434
3049,0.00021,172.31.40.0-255,66,19715,62,135434
3050,0.000216,172.217.194.0-255,5738,25453,62,135434
3051,0.000218,172.31.40.0-255,66,25519,62,135434
3052,0.000252,172.217.194.0-255,2902,28421,62,135434
3053,0.000255,172.31.40.0-255,66,28487,62,135434
3054,0.000281,172.217.194.0-255,6797,35284,62,135434
3055,0.000283,172.31.40.0-255,66,35350,62,135434
3056,0.00029,172.217.194.0-255,7156,42506,62,135434
3057,0.000296,172.31.40.0-255,66,42572,62,135434
3058,0.000324,172.217.194.0-255,6797,49369,62,135434
3059,0.00034,172.31.40.0-255,66,49435,62,135434
3060,0.000499,172.217.194.0-255,647,50082,62,135434
3061,0.000503,172.31.40.0-255,66,50148,62,135434
3062,0.000563,172.217.194.0-255,1484,51632,62,135434
3063,0.000566,172.31.40.0-255,66,51698,62,135434
3064,0.000573,172.217.194.0-255,2902,54600,62,135434
3065,0.000575,172.31.40.0-255,66,54666,62,135434
3066,0.0006,172.217.194.0-255,5738,60404,62,135434
3067,0.000603,172.31.40.0-255,66,60470,62,135434
3068,0.000628,172.217.194.0-255,4320,64790,62,135434
3069,0.000631,172.31.40.0-255,66,64856,62,135434
3070,0.000665,172.31.40.0-255,66,64922,62,135434
3071,0.00069,172.31.40.0-255,66,64988,62,135434
3072,0.000842,172.217.194.0-255,1484,66472,62,135434
3073,0.000849,172.217.194.0-255,2902,69374,62,135434
3074,0.000851,172.31.40.0-255,66,69440,62,135434
3075,0.000876,172.217.194.0-255,5738,75178,62,135434
3076,0.000878,172.31.40.0-255,66,75244,62,135434
3077,0.000884,172.217.194.0-255,5738,80982,62,135434
3078,0.000886,172.31.40.0-255,66,81048,62,135434
3079,0.000918,172.217.194.0-255,7156,88204,62,135434
3080,0.000921,172.31.40.0-255,66,88270,62,135434
3081,0.00093,172.217.194.0-255,1484,89754,62,135434
3082,0.00096,172.31.40.0-255,66,89820,62,135434
3083,0.000982,172.217.194.0-255,1484,91304,62,135434
3084,0.000986,172.217.194.0-255,2902,94206,62,135434
3085,0.000987,172.31.40.0-255,66,94272,62,135434
3086,0.001018,172.217.194.0-255,5738,100010,62,135434
3087,0.001021,172.31.40.0-255,66,100076,62,135434
3088,0.001033,172.31.40.0-255,66,100142,62,135434
3089,0.001047,172.31.40.0-255,66,100208,62,135434
3090,0.00107,172.217.194.0-255,2184,102392,62,135434
3091,0.001073,172.31.40.0-255,66,102458,62,135434
3092,0.001446,172.217.194.0-255,1484,103942,62,135434
3093,0.001453,172.217.194.0-255,2902,106844,62,135434
3094,0.001456,172.31.40.0-255,66,106910,62,135434
3095,0.001489,172.217.194.0-255,5738,112648,62,135434
3096,0.001492,172.31.40.0-255,66,112714,62,135434
3097,0.001506,172.31.40.0-255,66,112780,62,135434
3098,0.001515,172.217.194.0-255,1484,114264,62,135434
3099,0.001536,172.217.194.0-255,1484,115748,62,135434
3100,0.001539,172.31.40.0-255,66,115814,62,135434
3101,0.001572,172.31.40.0-255,66,115880,62,135434
3102,0.001579,172.217.194.0-255,4320,120200,62,135434
3103,0.001581,172.31.40.0-255,66,120266,62,135434
3104,0.001615,172.217.194.0-255,5738,126004,62,135434
3105,0.001617,172.31.40.0-255,66,126070,62,135434
3106,0.001628,172.31.40.0-255,66,126136,62,135434
3107,0.001695,172.31.40.0-255,66,126202,62,135434
3108,0.00175,172.31.40.0-255,66,126268,62,135434
3109,0.001796,172.31.40.0-255,66,126334,62,135434
3110,0.001806,172.31.40.0-255,66,126400,62,135434
3111,0.001838,172.31.40.0-255,66,126466,62,135434
3112,0.001854,172.31.40.0-255,66,126532,62,135434
3113,0.001875,172.31.40.0-255,66,126598,62,135434
3114,0.001911,172.31.40.0-255,66,126664,62,135434
3115,0.001922,172.31.40.0-255,66,126730,62,135434
3116,0.001966,172.31.40.0-255,66,126796,62,135434
3117,0.00199,172.31.40.0-255,66,126862,62,135434
3118,0.002004,172.31.40.0-255,66,126928,62,135434
3119,0.002008,172.217.194.0-255,3802,130730,62,135434
3120,0.002011,172.31.40.0-255,66,130796,62,135434
3121,0.002014,172.217.194.0-255,105,130901,62,135434
3122,0.004268,172.31.40.0-255,66,130967,62,135434
3123,0.0043,172.31.40.0-255,105,131072,62,135434
3124,0.006585,172.217.194.0-255,66,131138,62,135434
3125,0.030219,172.31.40.0-255,172,131310,62,135434
3126,0.030253,172.31.40.0-255,1110,132420,62,135434
3127,0.030311,172.31.40.0-255,1514,133934,62,135434
3128,0.030313,172.31.40.0-255,1302,135236,62,135434
3129,0.031779,104.244.42.0-255,66,135302,62,135434
3130,0.031809,104.244.42.0-255,66,135368,62,135434
3131,0.031859,104.244.42.0-255,66,135434,62,135434
3132,0.0,74.125.24.0-255,153,153,62,290255
3133,2.4e-05,172.31.40.0-255,66,219,62,290255
3134,3.2e-05,74.125.24.0-255,1484,1703,62,290255
3135,3.6e-05,172.31.40.0-255,66,1769,62,290255
3136,3.9e-05,74.125.24.0-255,1484,3253,62,290255
3137,4.3e-05,172.31.40.0-255,66,3319,62,290255
3138,4.9e-05,74.125.24.0-255,2902,6221,62,290255
3139,5.3e-05,172.31.40.0-255,66,6287,62,290255
3140,8.4e-05,74.125.24.0-255,1484,7771,62,290255
3141,8.6e-05,172.31.40.0-255,66,7837,62,290255
3142,0.000132,172.31.40.0-255,66,7903,62,290255
3143,0.000146,172.31.40.0-255,66,7969,62,290255
3144,0.000148,74.125.24.0-255,1125,9094,62,290255
3145,0.00015,172.31.40.0-255,66,9160,62,290255
3146,0.0004,74.125.24.0-255,1484,10644,62,290255
3147,0.000406,172.31.40.0-255,66,10710,62,290255
3148,0.000411,74.125.24.0-255,2902,13612,62,290255
3149,0.000414,172.31.40.0-255,66,13678,62,290255
3150,0.000428,74.125.24.0-255,2902,16580,62,290255
3151,0.000431,172.31.40.0-255,66,16646,62,290255
3152,0.000445,74.125.24.0-255,2902,19548,62,290255
3153,0.000447,172.31.40.0-255,66,19614,62,290255
3154,0.000456,74.125.24.0-255,7156,26770,62,290255
3155,0.000458,172.31.40.0-255,66,26836,62,290255
3156,0.000476,74.125.24.0-255,1484,28320,62,290255
3157,0.000478,172.31.40.0-255,66,28386,62,290255
3158,0.000517,74.125.24.0-255,2184,30570,62,290255
3159,0.000521,172.31.40.0-255,66,30636,62,290255
3160,0.000524,172.31.40.0-255,66,30702,62,290255
3161,0.000613,74.125.24.0-255,362,31064,62,290255
3162,0.000664,74.125.24.0-255,127,31191,62,290255
3163,0.000781,74.125.24.0-255,1484,32675,62,290255
3164,0.000785,172.31.40.0-255,66,32741,62,290255
3165,0.00079,74.125.24.0-255,1484,34225,62,290255
3166,0.000804,74.125.24.0-255,1484,35709,62,290255
3167,0.000806,172.31.40.0-255,66,35775,62,290255
3168,0.000813,74.125.24.0-255,5738,41513,62,290255
3169,0.000815,172.31.40.0-255,66,41579,62,290255
3170,0.000833,74.125.24.0-255,1484,43063,62,290255
3171,0.000847,74.125.24.0-255,5738,48801,62,290255
3172,0.00085,172.31.40.0-255,66,48867,62,290255
3173,0.000874,74.125.24.0-255,5738,54605,62,290255
3174,0.000877,172.31.40.0-255,66,54671,62,290255
3175,0.000888,172.31.40.0-255,66,54737,62,290255
3176,0.000903,74.125.24.0-255,1889,56626,62,290255
3177,0.000906,172.31.40.0-255,66,56692,62,290255
3178,0.00093,74.125.24.0-255,1484,58176,62,290255
3179,0.000934,74.125.24.0-255,1484,59660,62,290255
3180,0.000937,172.31.40.0-255,66,59726,62,290255
3181,0.000958,74.125.24.0-255,1484,61210,62,290255
3182,0.000965,74.125.24.0-255,5738,66948,62,290255
3183,0.000968,172.31.40.0-255,66,67014,62,290255
3184,0.000974,74.125.24.0-255,5738,72752,62,290255
3185,0.000976,172.31.40.0-255,66,72818,62,290255
3186,0.000992,74.125.24.0-255,2902,75720,62,290255
3187,0.000994,172.31.40.0-255,66,75786,62,290255
3188,0.001014,172.31.40.0-255,66,75852,62,290255
3189,0.001037,74.125.24.0-255,1484,77336,62,290255
3190,0.001044,74.125.24.0-255,5020,82356,62,290255
3191,0.001047,172.31.40.0-255,66,82422,62,290255
3192,0.001572,74.125.24.0-255,1484,83906,62,290255
3193,0.001579,74.125.24.0-255,2902,86808,62,290255
3194,0.001582,172.31.40.0-255,66,86874,62,290255
3195,0.001604,74.125.24.0-255,5738,92612,62,290255
3196,0.001607,172.31.40.0-255,66,92678,62,290255
3197,0.001613,74.125.24.0-255,5738,98416,62,290255
3198,0.001615,172.31.40.0-255,66,98482,62,290255
3199,0.001628,74.125.24.0-255,1484,99966,62,290255
3200,0.001653,172.31.40.0-255,66,100032,62,290255
3201,0.00166,74.125.24.0-255,5020,105052,62,290255
3202,0.001662,172.31.40.0-255,66,105118,62,290255
3203,0.00215,74.125.24.0-255,1484,106602,62,290255
3204,0.00216,74.125.24.0-255,2902,109504,62,290255
3205,0.002163,172.31.40.0-255,66,109570,62,290255
3206,0.002169,74.125.24.0-255,2902,112472,62,290255
3207,0.002171,172.31.40.0-255,66,112538,62,290255
3208,0.002195,74.125.24.0-255,2902,115440,62,290255
3209,0.002198,172.31.40.0-255,66,115506,62,290255
3210,0.002212,172.31.40.0-255,66,115572,62,290255
3211,0.002227,74.125.24.0-255,1484,117056,62,290255
3212,0.002249,172.31.40.0-255,66,117122,62,290255
3213,0.002344,74.125.24.0-255,1484,118606,62,290255
3214,0.00235,74.125.24.0-255,2902,121508,62,290255
3215,0.002353,172.31.40.0-255,66,121574,62,290255
3216,0.00236,74.125.24.0-255,5738,127312,62,290255
3217,0.002363,172.31.40.0-255,66,127378,62,290255
3218,0.002429,172.31.40.0-255,66,127444,62,290255
3219,0.00244,172.31.40.0-255,66,127510,62,290255
3220,0.002462,74.125.24.0-255,2184,129694,62,290255
3221,0.002465,172.31.40.0-255,66,129760,62,290255
3222,0.004859,74.125.24.0-255,5738,135498,62,290255
3223,0.004866,172.31.40.0-255,66,135564,62,290255
3224,0.007309,74.125.24.0-255,4320,139884,62,290255
3225,0.007315,172.31.40.0-255,66,139950,62,290255
3226,0.007334,74.125.24.0-255,1484,141434,62,290255
3227,0.009733,74.125.24.0-255,4320,145754,62,290255
3228,0.009745,172.31.40.0-255,66,145820,62,290255
3229,0.012146,74.125.24.0-255,5738,151558,62,290255
3230,0.012153,172.31.40.0-255,66,151624,62,290255
3231,0.014584,74.125.24.0-255,5738,157362,62,290255
3232,0.014591,172.31.40.0-255,66,157428,62,290255
3233,0.017252,74.125.24.0-255,5738,163166,62,290255
3234,0.01726,172.31.40.0-255,66,163232,62,290255
3235,0.019686,74.125.24.0-255,4320,167552,62,290255
3236,0.019694,172.31.40.0-255,66,167618,62,290255
3237,0.019712,74.125.24.0-255,1484,169102,62,290255
3238,0.022127,74.125.24.0-255,4320,173422,62,290255
3239,0.022135,172.31.40.0-255,66,173488,62,290255
3240,0.024572,74.125.24.0-255,5738,179226,62,290255
3241,0.024582,172.31.40.0-255,66,179292,62,290255
3242,0.027046,74.125.24.0-255,5738,185030,62,290255
3243,0.027054,172.31.40.0-255,66,185096,62,290255
3244,0.029463,74.125.24.0-255,5738,190834,62,290255
3245,0.029471,172.31.40.0-255,66,190900,62,290255
3246,0.031923,74.125.24.0-255,5738,196638,62,290255
3247,0.031931,172.31.40.0-255,66,196704,62,290255
3248,0.03435,74.125.24.0-255,5738,202442,62,290255
3249,0.03436,172.31.40.0-255,66,202508,62,290255
3250,0.036804,74.125.24.0-255,4320,206828,62,290255
3251,0.036814,172.31.40.0-255,66,206894,62,290255
3252,0.036827,74.125.24.0-255,1484,208378,62,290255
3253,0.037298,172.31.40.0-255,172,208550,62,290255
3254,0.037329,172.31.40.0-255,1108,209658,62,290255
3255,0.037402,172.31.40.0-255,1514,211172,62,290255
3256,0.037404,172.31.40.0-255,1514,212686,62,290255
3257,0.037405,172.31.40.0-255,1514,214200,62,290255
3258,0.03741,172.31.40.0-255,1514,215714,62,290255
3259,0.037411,172.31.40.0-255,1514,217228,62,290255
3260,0.037412,172.31.40.0-255,81,217309,62,290255
3261,0.038922,104.244.42.0-255,66,217375,62,290255
3262,0.038988,104.244.42.0-255,66,217441,62,290255
3263,0.039093,104.244.42.0-255,66,217507,62,290255
3264,0.039111,104.244.42.0-255,66,217573,62,290255
3265,0.039268,74.125.24.0-255,2902,220475,62,290255
3266,0.039273,172.31.40.0-255,66,220541,62,290255
3267,0.039293,74.125.24.0-255,1484,222025,62,290255
3268,0.0417,74.125.24.0-255,4320,226345,62,290255
3269,0.041706,172.31.40.0-255,66,226411,62,290255
3270,0.044156,74.125.24.0-255,5738,232149,62,290255
3271,0.044161,172.31.40.0-255,66,232215,62,290255
3272,0.046589,74.125.24.0-255,5738,237953,62,290255
3273,0.046595,172.31.40.0-255,66,238019,62,290255
3274,0.049022,74.125.24.0-255,5738,243757,62,290255
3275,0.049029,172.31.40.0-255,66,243823,62,290255
3276,0.051459,74.125.24.0-255,5738,249561,62,290255
3277,0.051465,172.31.40.0-255,66,249627,62,290255
3278,0.053922,74.125.24.0-255,5738,255365,62,290255
3279,0.053929,172.31.40.0-255,66,255431,62,290255
3280,0.056585,74.125.24.0-255,5738,261169,62,290255
3281,0.056592,172.31.40.0-255,66,261235,62,290255
3282,0.059021,74.125.24.0-255,5738,266973,62,290255
3283,0.059027,172.31.40.0-255,66,267039,62,290255
3284,0.061436,74.125.24.0-255,5738,272777,62,290255
3285,0.061442,172.31.40.0-255,66,272843,62,290255
3286,0.063872,74.125.24.0-255,5738,278581,62,290255
3287,0.063879,172.31.40.0-255,66,278647,62,290255
3288,0.066315,74.125.24.0-255,5738,284385,62,290255
3289,0.066322,172.31.40.0-255,66,284451,62,290255
3290,0.068747,74.125.24.0-255,5738,290189,62,290255
3291,0.068754,172.31.40.0-255,66,290255,62,290255
3292,0.0,74.125.24.0-255,150,150,62,265470
3293,1.8e-05,172.31.40.0-255,66,216,62,265470
3294,5.4e-05,74.125.24.0-255,1484,1700,62,265470
3295,6e-05,172.31.40.0-255,66,1766,62,265470
3296,6.6e-05,74.125.24.0-255,2902,4668,62,265470
3297,6.9e-05,172.31.40.0-255,66,4734,62,265470
3298,7.8e-05,74.125.24.0-255,7156,11890,62,265470
3299,8.1e-05,172.31.40.0-255,66,11956,62,265470
3300,8.5e-05,74.125.24.0-255,2103,14059,62,265470
3301,8.8e-05,172.31.40.0-255,66,14125,62,265470
3302,9.3e-05,74.125.24.0-255,1484,15609,62,265470
3303,9.5e-05,172.31.40.0-255,66,15675,62,265470
3304,0.000138,172.31.40.0-255,66,15741,62,265470
3305,0.000154,172.31.40.0-255,66,15807,62,265470
3306,0.000182,74.125.24.0-255,4320,20127,62,265470
3307,0.000185,172.31.40.0-255,66,20193,62,265470
3308,0.000191,74.125.24.0-255,5020,25213,62,265470
3309,0.000193,172.31.40.0-255,66,25279,62,265470
3310,0.000305,74.125.24.0-255,1484,26763,62,265470
3311,0.000309,172.31.40.0-255,66,26829,62,265470
3312,0.000333,74.125.24.0-255,2902,29731,62,265470
3313,0.000336,172.31.40.0-255,66,29797,62,265470
3314,0.000344,74.125.24.0-255,5738,35535,62,265470
3315,0.000346,172.31.40.0-255,66,35601,62,265470
3316,0.000379,74.125.24.0-255,7133,42734,62,265470
3317,0.000382,172.31.40.0-255,66,42800,62,265470
3318,0.000607,74.125.24.0-255,1484,44284,62,265470
3319,0.000612,172.31.40.0-255,66,44350,62,265470
3320,0.000617,74.125.24.0-255,1484,45834,62,265470
3321,0.000619,172.31.40.0-255,66,45900,62,265470
3322,0.000648,74.125.24.0-255,1484,47384,62,265470
3323,0.000657,74.125.24.0-255,5738,53122,62,265470
3324,0.000659,172.31.40.0-255,66,53188,62,265470
3325,0.000674,172.31.40.0-255,66,53254,62,265470
3326,0.000685,172.31.40.0-255,66,53320,62,265470
3327,0.00073,74.125.24.0-255,2184,55504,62,265470
3328,0.000733,172.31.40.0-255,66,55570,62,265470
3329,0.000782,74.125.24.0-255,1484,57054,62,265470
3330,0.000798,74.125.24.0-255,2902,59956,62,265470
3331,0.000803,172.31.40.0-255,66,60022,62,265470
3332,0.000823,74.125.24.0-255,5738,65760,62,265470
3333,0.000827,172.31.40.0-255,66,65826,62,265470
3334,0.000833,74.125.24.0-255,5738,71564,62,265470
3335,0.000836,172.31.40.0-255,66,71630,62,265470
3336,0.000838,74.125.24.0-255,1484,73114,62,265470
3337,0.000891,74.125.24.0-255,6438,79552,62,265470
3338,0.000897,74.125.24.0-255,5738,85290,62,265470
3339,0.000902,172.31.40.0-255,66,85356,62,265470
3340,0.000909,172.31.40.0-255,66,85422,62,265470
3341,0.000912,172.31.40.0-255,66,85488,62,265470
3342,0.00092,74.125.24.0-255,1484,86972,62,265470
3343,0.000924,74.125.24.0-255,2902,89874,62,265470
3344,0.000927,172.31.40.0-255,66,89940,62,265470
3345,0.00097,172.31.40.0-255,66,90006,62,265470
3346,0.000981,172.31.40.0-255,66,90072,62,265470
3347,0.001263,74.125.24.0-255,1484,91556,62,265470
3348,0.001268,74.125.24.0-255,1484,93040,62,265470
3349,0.001271,172.31.40.0-255,66,93106,62,265470
3350,0.0013,74.125.24.0-255,1484,94590,62,265470
3351,0.001306,74.125.24.0-255,5738,100328,62,265470
3352,0.001308,172.31.40.0-255,66,100394,62,265470
3353,0.001313,74.125.24.0-255,2902,103296,62,265470
3354,0.001315,172.31.40.0-255,66,103362,62,265470
3355,0.001354,172.31.40.0-255,66,103428,62,265470
3356,0.00136,74.125.24.0-255,5738,109166,62,265470
3357,0.001363,172.31.40.0-255,66,109232,62,265470
3358,0.00139,74.125.24.0-255,5020,114252,62,265470
3359,0.001392,172.31.40.0-255,66,114318,62,265470
3360,0.001536,74.125.24.0-255,1484,115802,62,265470
3361,0.001556,74.125.24.0-255,2902,118704,62,265470
3362,0.00156,172.31.40.0-255,66,118770,62,265470
3363,0.001564,74.125.24.0-255,1484,120254,62,265470
3364,0.001583,74.125.24.0-255,4320,124574,62,265470
3365,0.001585,172.31.40.0-255,66,124640,62,265470
3366,0.001591,74.125.24.0-255,4320,128960,62,265470
3367,0.001593,172.31.40.0-255,66,129026,62,265470
3368,0.001634,172.31.40.0-255,66,129092,62,265470
3369,0.00164,74.125.24.0-255,4320,133412,62,265470
3370,0.001643,172.31.40.0-255,66,133478,62,265470
3371,0.001669,74.125.24.0-255,5020,138498,62,265470
3372,0.001672,172.31.40.0-255,66,138564,62,265470
3373,0.001688,172.31.40.0-255,66,138630,62,265470
3374,0.001694,74.125.24.0-255,5738,144368,62,265470
3375,0.001696,172.31.40.0-255,66,144434,62,265470
3376,0.001749,172.31.40.0-255,66,144500,62,265470
3377,0.001752,74.125.24.0-255,766,145266,62,265470
3378,0.002088,74.125.24.0-255,349,145615,62,265470
3379,0.002132,74.125.24.0-255,1484,147099,62,265470
3380,0.002136,172.31.40.0-255,66,147165,62,265470
3381,0.002158,74.125.24.0-255,4320,151485,62,265470
3382,0.00216,172.31.40.0-255,66,151551,62,265470
3383,0.002199,74.125.24.0-255,7156,158707,62,265470
3384,0.002201,172.31.40.0-255,66,158773,62,265470
3385,0.002231,74.125.24.0-255,1484,160257,62,265470
3386,0.002249,74.125.24.0-255,5020,165277,62,265470
3387,0.002258,172.31.40.0-255,66,165343,62,265470
3388,0.002266,172.31.40.0-255,66,165409,62,265470
3389,0.002349,74.125.24.0-255,1484,166893,62,265470
3390,0.002365,74.125.24.0-255,2902,169795,62,265470
3391,0.002368,172.31.40.0-255,66,169861,62,265470
3392,0.002374,74.125.24.0-255,2902,172763,62,265470
3393,0.002375,172.31.40.0-255,66,172829,62,265470
3394,0.002408,74.125.24.0-255,2902,175731,62,265470
3395,0.00241,172.31.40.0-255,66,175797,62,265470
3396,0.002423,172.31.40.0-255,66,175863,62,265470
3397,0.002445,74.125.24.0-255,1484,177347,62,265470
3398,0.00245,74.125.24.0-255,2902,180249,62,265470
3399,0.002453,172.31.40.0-255,66,180315,62,265470
3400,0.00479,74.125.24.0-255,1484,181799,62,265470
3401,0.004829,74.125.24.0-255,4320,186119,62,265470
3402,0.004834,172.31.40.0-255,66,186185,62,265470
3403,0.007212,74.125.24.0-255,5738,191923,62,265470
3404,0.007219,172.31.40.0-255,66,191989,62,265470
3405,0.009575,74.125.24.0-255,1484,193473,62,265470
3406,0.009598,74.125.24.0-255,4320,197793,62,265470
3407,0.009601,172.31.40.0-255,66,197859,62,265470
3408,0.012001,74.125.24.0-255,5738,203597,62,265470
3409,0.012007,172.31.40.0-255,66,203663,62,265470
3410,0.01438,74.125.24.0-255,5738,209401,62,265470
3411,0.014388,172.31.40.0-255,66,209467,62,265470
3412,0.016788,74.125.24.0-255,5738,215205,62,265470
3413,0.016795,172.31.40.0-255,66,215271,62,265470
3414,0.019165,74.125.24.0-255,5738,221009,62,265470
3415,0.019172,172.31.40.0-255,66,221075,62,265470
3416,0.021537,74.125.24.0-255,5738,226813,62,265470
3417,0.021546,172.31.40.0-255,66,226879,62,265470
3418,0.023934,74.125.24.0-255,5738,232617,62,265470
3419,0.023944,172.31.40.0-255,66,232683,62,265470
3420,0.026305,74.125.24.0-255,5738,238421,62,265470
3421,0.026315,172.31.40.0-255,66,238487,62,265470
3422,0.028719,74.125.24.0-255,5738,244225,62,265470
3423,0.028726,172.31.40.0-255,66,244291,62,265470
3424,0.031098,74.125.24.0-255,5738,250029,62,265470
3425,0.031104,172.31.40.0-255,66,250095,62,265470
3426,0.03347,74.125.24.0-255,5738,255833,62,265470
3427,0.033477,172.31.40.0-255,66,255899,62,265470
3428,0.035878,74.125.24.0-255,5738,261637,62,265470
3429,0.035885,172.31.40.0-255,66,261703,62,265470
3430,0.038271,74.125.24.0-255,2149,263852,62,265470
3431,0.038278,172.31.40.0-255,66,263918,62,265470
3432,0.038435,172.31.40.0-255,105,264023,62,265470
3433,0.040758,74.125.24.0-255,66,264089,62,265470
3434,0.045917,172.31.40.0-255,172,264261,62,265470
3435,0.04595,172.31.40.0-255,1077,265338,62,265470
3436,0.047559,104.244.42.0-255,66,265404,62,265470
3437,0.047642,104.244.42.0-255,66,265470,62,265470
3438,0.0,172.217.194.0-255,146,146,62,323283
3439,2.2e-05,172.31.40.0-255,66,212,62,323283
3440,3e-05,172.217.194.0-255,1484,1696,62,323283
3441,3.5e-05,172.31.40.0-255,66,1762,62,323283
3442,4e-05,172.217.194.0-255,2902,4664,62,323283
3443,4.3e-05,172.31.40.0-255,66,4730,62,323283
3444,5.1e-05,172.217.194.0-255,7156,11886,62,323283
3445,5.4e-05,172.31.40.0-255,66,11952,62,323283
3446,9.9e-05,172.31.40.0-255,66,12018,62,323283
3447,0.000119,172.217.194.0-255,5738,17756,62,323283
3448,0.000122,172.31.40.0-255,66,17822,62,323283
3449,0.000141,172.217.194.0-255,1125,18947,62,323283
3450,0.000144,172.31.40.0-255,66,19013,62,323283
3451,0.000175,172.217.194.0-255,1484,20497,62,323283
3452,0.000178,172.31.40.0-255,66,20563,62,323283
3453,0.000183,172.217.194.0-255,2902,23465,62,323283
3454,0.000186,172.31.40.0-255,66,23531,62,323283
3455,0.000192,172.217.194.0-255,4320,27851,62,323283
3456,0.000195,172.31.40.0-255,66,27917,62,323283
3457,0.000216,172.217.194.0-255,1484,29401,62,323283
3458,0.000219,172.31.40.0-255,66,29467,62,323283
3459,0.000222,172.217.194.0-255,1484,30951,62,323283
3460,0.000224,172.31.40.0-255,66,31017,62,323283
3461,0.000258,172.31.40.0-255,66,31083,62,323283
3462,0.000295,172.31.40.0-255,66,31149,62,323283
3463,0.000372,172.217.194.0-255,1484,32633,62,323283
3464,0.000375,172.31.40.0-255,66,32699,62,323283
3465,0.000379,172.217.194.0-255,2902,35601,62,323283
3466,0.000382,172.31.40.0-255,66,35667,62,323283
3467,0.000389,172.217.194.0-255,5738,41405,62,323283
3468,0.000392,172.31.40.0-255,66,41471,62,323283
3469,0.000421,172.217.194.0-255,6248,47719,62,323283
3470,0.000424,172.31.40.0-255,66,47785,62,323283
3471,0.001407,172.217.194.0-255,1484,49269,62,323283
3472,0.001413,172.31.40.0-255,66,49335,62,323283
3473,0.00142,172.217.194.0-255,2902,52237,62,323283
3474,0.001422,172.31.40.0-255,66,52303,62,323283
3475,0.001427,172.217.194.0-255,4320,56623,62,323283
3476,0.001445,172.217.194.0-255,1484,58107,62,323283
3477,0.001469,172.217.194.0-255,4320,62427,62,323283
3478,0.001493,172.31.40.0-255,66,62493,62,323283
3479,0.001499,172.31.40.0-255,66,62559,62,323283
3480,0.001512,172.217.194.0-255,5738,68297,62,323283
3481,0.001533,172.217.194.0-255,5020,73317,62,323283
3482,0.001547,172.217.194.0-255,5738,79055,62,323283
3483,0.00156,172.31.40.0-255,66,79121,62,323283
3484,0.001566,172.217.194.0-255,5738,84859,62,323283
3485,0.001572,172.217.194.0-255,5738,90597,62,323283
3486,0.001578,172.31.40.0-255,66,90663,62,323283
3487,0.001593,172.217.194.0-255,4320,94983,62,323283
3488,0.001607,172.217.194.0-255,1484,96467,62,323283
3489,0.001618,172.31.40.0-255,66,96533,62,323283
3490,0.001634,172.31.40.0-255,66,96599,62,323283
3491,0.001739,172.217.194.0-255,1484,98083,62,323283
3492,0.00176,172.217.194.0-255,2902,100985,62,323283
3493,0.001766,172.217.194.0-255,4320,105305,62,323283
3494,0.00178,172.217.194.0-255,1484,106789,62,323283
3495,0.001789,172.31.40.0-255,66,106855,62,323283
3496,0.001815,172.217.194.0-255,1484,108339,62,323283
3497,0.001841,172.31.40.0-255,66,108405,62,323283
3498,0.001903,172.217.194.0-255,1484,109889,62,323283
3499,0.001907,172.217.194.0-255,2902,112791,62,323283
3500,0.001912,172.31.40.0-255,66,112857,62,323283
3501,0.001933,172.217.194.0-255,5738,118595,62,323283
3502,0.001957,172.31.40.0-255,66,118661,62,323283
3503,0.001979,172.217.194.0-255,7156,125817,62,323283
3504,0.001985,172.31.40.0-255,66,125883,62,323283
3505,0.002003,172.217.194.0-255,6438,132321,62,323283
3506,0.002016,172.31.40.0-255,66,132387,62,323283
3507,0.002033,172.217.194.0-255,1484,133871,62,323283
3508,0.002051,172.217.194.0-255,2902,136773,62,323283
3509,0.002066,172.217.194.0-255,5738,142511,62,323283
3510,0.002071,172.217.194.0-255,2902,145413,62,323283
3511,0.002082,172.217.194.0-255,2902,148315,62,323283
3512,0.002089,172.31.40.0-255,66,148381,62,323283
3513,0.00212,172.217.194.0-255,5020,153401,62,323283
3514,0.002133,172.31.40.0-255,66,153467,62,323283
3515,0.002194,172.217.194.0-255,1484,154951,62,323283
3516,0.00222,172.217.194.0-255,2902,157853,62,323283
3517,0.002227,172.217.194.0-255,5738,163591,62,323283
3518,0.002233,172.217.194.0-255,5738,169329,62,323283
3519,0.002246,172.31.40.0-255,66,169395,62,323283
3520,0.004467,172.217.194.0-255,5738,175133,62,323283
3521,0.004474,172.31.40.0-255,66,175199,62,323283
3522,0.006715,172.217.194.0-255,5738,180937,62,323283
3523,0.009106,172.31.40.0-255,66,181003,62,323283
3524,0.01132,172.217.194.0-255,5738,186741,62,323283
3525,0.011328,172.31.40.0-255,66,186807,62,323283
3526,0.013551,172.217.194.0-255,5738,192545,62,323283
3527,0.013606,172.31.40.0-255,66,192611,62,323283
3528,0.015837,172.217.194.0-255,5738,198349,62,323283
3529,0.015845,172.31.40.0-255,66,198415,62,323283
3530,0.018056,172.217.194.0-255,5738,204153,62,323283
3531,0.020531,172.31.40.0-255,66,204219,62,323283
3532,0.022742,172.217.194.0-255,5738,209957,62,323283
3533,0.022749,172.31.40.0-255,66,210023,62,323283
3534,0.024977,172.217.194.0-255,5738,215761,62,323283
3535,0.024984,172.31.40.0-255,66,215827,62,323283
3536,0.027205,172.217.194.0-255,5738,221565,62,323283
3537,0.027214,172.31.40.0-255,66,221631,62,323283
3538,0.029419,172.217.194.0-255,5738,227369,62,323283
3539,0.029426,172.31.40.0-255,66,227435,62,323283
3540,0.031657,172.217.194.0-255,5738,233173,62,323283
3541,0.031665,172.31.40.0-255,66,233239,62,323283
3542,0.033896,172.217.194.0-255,5738,238977,62,323283
3543,0.033903,172.31.40.0-255,66,239043,62,323283
3544,0.036137,172.217.194.0-255,5738,244781,62,323283
3545,0.036144,172.31.40.0-255,66,244847,62,323283
3546,0.036884,172.31.40.0-255,172,245019,62,323283
3547,0.036914,172.31.40.0-255,1108,246127,62,323283
3548,0.036977,172.31.40.0-255,1514,247641,62,323283
3549,0.036979,172.31.40.0-255,1514,249155,62,323283
3550,0.036981,172.31.40.0-255,1514,250669,62,323283
3551,0.036987,172.31.40.0-255,1514,252183,62,323283
3552,0.036988,172.31.40.0-255,1514,253697,62,323283
3553,0.036989,172.31.40.0-255,80,253777,62,323283
3554,0.038368,172.217.194.0-255,5738,259515,62,323283
3555,0.038375,172.31.40.0-255,66,259581,62,323283
3556,0.038408,104.244.42.0-255,66,259647,62,323283
3557,0.038415,104.244.42.0-255,66,259713,62,323283
3558,0.038513,104.244.42.0-255,66,259779,62,323283
3559,0.038519,104.244.42.0-255,66,259845,62,323283
3560,0.040582,172.217.194.0-255,5738,265583,62,323283
3561,0.040589,172.31.40.0-255,66,265649,62,323283
3562,0.042808,172.217.194.0-255,5738,271387,62,323283
3563,0.042816,172.31.40.0-255,66,271453,62,323283
3564,0.04506,172.217.194.0-255,5738,277191,62,323283
3565,0.045072,172.31.40.0-255,66,277257,62,323283
3566,0.047301,172.217.194.0-255,5738,282995,62,323283
3567,0.047309,172.31.40.0-255,66,283061,62,323283
3568,0.049516,172.217.194.0-255,5738,288799,62,323283
3569,0.049524,172.31.40.0-255,66,288865,62,323283
3570,0.051746,172.217.194.0-255,5738,294603,62,323283
3571,0.051752,172.31.40.0-255,66,294669,62,323283
3572,0.053974,172.217.194.0-255,5738,300407,62,323283
3573,0.05398,172.31.40.0-255,66,300473,62,323283
3574,0.056203,172.217.194.0-255,5738,306211,62,323283
3575,0.056209,172.31.40.0-255,66,306277,62,323283
3576,0.058431,172.217.194.0-255,5738,312015,62,323283
3577,0.058441,172.31.40.0-255,66,312081,62,323283
3578,0.060653,172.217.194.0-255,5738,317819,62,323283
3579,0.060661,172.31.40.0-255,66,317885,62,323283
3580,0.062898,172.217.194.0-255,5161,323046,62,323283
3581,0.062905,172.31.40.0-255,66,323112,62,323283
3582,0.063093,172.31.40.0-255,105,323217,62,323283
3583,0.065283,172.217.194.0-255,66,323283,62,323283
3584,0.0,74.125.130.0-255,154,154,62,340436
3585,2.1e-05,172.31.40.0-255,66,220,62,340436
3586,2.7e-05,74.125.130.0-255,1484,1704,62,340436
3587,3.2e-05,172.31.40.0-255,66,1770,62,340436
3588,4.5e-05,74.125.130.0-255,2902,4672,62,340436
3589,4.9e-05,172.31.40.0-255,66,4738,62,340436
3590,9.2e-05,74.125.130.0-255,7156,11894,62,340436
3591,9.5e-05,172.31.40.0-255,66,11960,62,340436
3592,0.0001,74.125.130.0-255,2064,14024,62,340436
3593,0.000102,172.31.40.0-255,66,14090,62,340436
3594,0.000106,74.125.130.0-255,2902,16992,62,340436
3595,0.000109,172.31.40.0-255,66,17058,62,340436
3596,0.000116,74.125.130.0-255,7156,24214,62,340436
3597,0.000119,172.31.40.0-255,66,24280,62,340436
3598,0.000134,74.125.130.0-255,1484,25764,62,340436
3599,0.000137,172.31.40.0-255,66,25830,62,340436
3600,0.000168,74.125.130.0-255,5379,31209,62,340436
3601,0.000171,172.31.40.0-255,66,31275,62,340436
3602,0.000373,74.125.130.0-255,1484,32759,62,340436
3603,0.000378,172.31.40.0-255,66,32825,62,340436
3604,0.000383,74.125.130.0-255,1484,34309,62,340436
3605,0.000385,172.31.40.0-255,66,34375,62,340436
3606,0.00039,74.125.130.0-255,2902,37277,62,340436
3607,0.000398,172.31.40.0-255,66,37343,62,340436
3608,0.000401,74.125.130.0-255,1484,38827,62,340436
3609,0.000403,172.31.40.0-255,66,38893,62,340436
3610,0.000436,74.125.130.0-255,4320,43213,62,340436
3611,0.000439,172.31.40.0-255,66,43279,62,340436
3612,0.000447,74.125.130.0-255,6797,50076,62,340436
3613,0.000449,172.31.40.0-255,66,50142,62,340436
3614,0.000453,74.125.130.0-255,2902,53044,62,340436
3615,0.000456,172.31.40.0-255,66,53110,62,340436
3616,0.000489,74.125.130.0-255,4320,57430,62,340436
3617,0.000492,172.31.40.0-255,66,57496,62,340436
3618,0.00053,172.31.40.0-255,66,57562,62,340436
3619,0.000788,74.125.130.0-255,101,57663,62,340436
3620,0.000832,74.125.130.0-255,1484,59147,62,340436
3621,0.000836,172.31.40.0-255,66,59213,62,340436
3622,0.000842,74.125.130.0-255,2902,62115,62,340436
3623,0.000844,172.31.40.0-255,66,62181,62,340436
3624,0.000878,74.125.130.0-255,5738,67919,62,340436
3625,0.000881,172.31.40.0-255,66,67985,62,340436
3626,0.000885,74.125.130.0-255,1484,69469,62,340436
3627,0.000912,74.125.130.0-255,7156,76625,62,340436
3628,0.000915,172.31.40.0-255,66,76691,62,340436
3629,0.000926,172.31.40.0-255,66,76757,62,340436
3630,0.000952,74.125.130.0-255,1484,78241,62,340436
3631,0.000959,74.125.130.0-255,5020,83261,62,340436
3632,0.000962,172.31.40.0-255,66,83327,62,340436
3633,0.00126,74.125.130.0-255,1484,84811,62,340436
3634,0.001267,74.125.130.0-255,2902,87713,62,340436
3635,0.00127,172.31.40.0-255,66,87779,62,340436
3636,0.001277,74.125.130.0-255,5738,93517,62,340436
3637,0.00128,172.31.40.0-255,66,93583,62,340436
3638,0.001307,74.125.130.0-255,5738,99321,62,340436
3639,0.00131,172.31.40.0-255,66,99387,62,340436
3640,0.001318,74.125.130.0-255,7156,106543,62,340436
3641,0.00132,172.31.40.0-255,66,106609,62,340436
3642,0.001364,74.125.130.0-255,4320,110929,62,340436
3643,0.001368,172.31.40.0-255,66,110995,62,340436
3644,0.001398,74.125.130.0-255,6438,117433,62,340436
3645,0.001403,172.31.40.0-255,66,117499,62,340436
3646,0.001704,74.125.130.0-255,1484,118983,62,340436
3647,0.001709,74.125.130.0-255,1484,120467,62,340436
3648,0.001713,172.31.40.0-255,66,120533,62,340436
3649,0.001744,74.125.130.0-255,1484,122017,62,340436
3650,0.00175,74.125.130.0-255,5738,127755,62,340436
3651,0.001753,172.31.40.0-255,66,127821,62,340436
3652,0.001764,172.31.40.0-255,66,127887,62,340436
3653,0.001769,74.125.130.0-255,2902,130789,62,340436
3654,0.001771,172.31.40.0-255,66,130855,62,340436
3655,0.001801,74.125.130.0-255,7156,138011,62,340436
3656,0.001803,172.31.40.0-255,66,138077,62,340436
3657,0.00181,74.125.130.0-255,5020,143097,62,340436
3658,0.001812,172.31.40.0-255,66,143163,62,340436
3659,0.001916,74.125.130.0-255,1484,144647,62,340436
3660,0.001923,74.125.130.0-255,2902,147549,62,340436
3661,0.001927,172.31.40.0-255,66,147615,62,340436
3662,0.001957,74.125.130.0-255,4320,151935,62,340436
3663,0.00196,172.31.40.0-255,66,152001,62,340436
3664,0.001992,74.125.130.0-255,1484,153485,62,340436
3665,0.001997,74.125.130.0-255,4320,157805,62,340436
3666,0.002,172.31.40.0-255,66,157871,62,340436
3667,0.002014,172.31.40.0-255,66,157937,62,340436
3668,0.002024,172.31.40.0-255,66,158003,62,340436
3669,0.00226,74.125.130.0-255,1484,159487,62,340436
3670,0.002268,74.125.130.0-255,2902,162389,62,340436
3671,0.002272,172.31.40.0-255,66,162455,62,340436
3672,0.002314,74.125.130.0-255,1484,163939,62,340436
3673,0.00233,74.125.130.0-255,4320,168259,62,340436
3674,0.002333,172.31.40.0-255,66,168325,62,340436
3675,0.002344,172.31.40.0-255,66,168391,62,340436
3676,0.00235,74.125.130.0-255,5738,174129,62,340436
3677,0.002352,172.31.40.0-255,66,174195,62,340436
3678,0.002388,74.125.130.0-255,4320,178515,62,340436
3679,0.002391,172.31.40.0-255,66,178581,62,340436
3680,0.002394,74.125.130.0-255,1484,180065,62,340436
3681,0.002398,74.125.130.0-255,2902,182967,62,340436
3682,0.0024,172.31.40.0-255,66,183033,62,340436
3683,0.002403,74.125.130.0-255,766,183799,62,340436
3684,0.004916,74.125.130.0-255,4320,188119,62,340436
3685,0.004923,172.31.40.0-255,66,188185,62,340436
3686,0.00748,74.125.130.0-255,5738,193923,62,340436
3687,0.007487,172.31.40.0-255,66,193989,62,340436
3688,0.010009,74.125.130.0-255,5738,199727,62,340436
3689,0.010015,172.31.40.0-255,66,199793,62,340436
3690,0.012543,74.125.130.0-255,5738,205531,62,340436
3691,0.012553,172.31.40.0-255,66,205597,62,340436
3692,0.01508,74.125.130.0-255,5738,211335,62,340436
3693,0.01509,172.31.40.0-255,66,211401,62,340436
3694,0.017608,74.125.130.0-255,5738,217139,62,340436
3695,0.017617,172.31.40.0-255,66,217205,62,340436
3696,0.020139,74.125.130.0-255,5738,222943,62,340436
3697,0.020146,172.31.40.0-255,66,223009,62,340436
3698,0.022679,74.125.130.0-255,5738,228747,62,340436
3699,0.022687,172.31.40.0-255,66,228813,62,340436
3700,0.025223,74.125.130.0-255,5738,234551,62,340436
3701,0.025234,172.31.40.0-255,66,234617,62,340436
3702,0.027762,74.125.130.0-255,5738,240355,62,340436
3703,0.02777,172.31.40.0-255,66,240421,62,340436
3704,0.030299,74.125.130.0-255,4320,244741,62,340436
3705,0.030306,172.31.40.0-255,66,244807,62,340436
3706,0.030334,74.125.130.0-255,1484,246291,62,340436
3707,0.032821,74.125.130.0-255,4320,250611,62,340436
3708,0.032827,172.31.40.0-255,66,250677,62,340436
3709,0.035353,74.125.130.0-255,5738,256415,62,340436
3710,0.03536,172.31.40.0-255,66,256481,62,340436
3711,0.037887,74.125.130.0-255,5738,262219,62,340436
3712,0.037894,172.31.40.0-255,66,262285,62,340436
3713,0.040426,74.125.130.0-255,5738,268023,62,340436
3714,0.040434,172.31.40.0-255,66,268089,62,340436
3715,0.042962,74.125.130.0-255,5738,273827,62,340436
3716,0.042974,172.31.40.0-255,66,273893,62,340436
3717,0.044466,172.31.40.0-255,172,274065,62,340436
3718,0.044498,172.31.40.0-255,1108,275173,62,340436
3719,0.044559,172.31.40.0-255,1514,276687,62,340436
3720,0.044561,172.31.40.0-255,1514,278201,62,340436
3721,0.044567,172.31.40.0-255,1514,279715,62,340436
3722,0.044568,172.31.40.0-255,1514,281229,62,340436
3723,0.044586,172.31.40.0-255,1514,282743,62,340436
3724,0.044587,172.31.40.0-255,81,282824,62,340436
3725,0.045498,74.125.130.0-255,4320,287144,62,340436
3726,0.045505,172.31.40.0-255,66,287210,62,340436
3727,0.045531,74.125.130.0-255,1484,288694,62,340436
3728,0.045984,104.244.42.0-255,66,288760,62,340436
3729,0.046088,104.244.42.0-255,66,288826,62,340436
3730,0.046131,104.244.42.0-255,66,288892,62,340436
3731,0.046137,104.244.42.0-255,66,288958,62,340436
3732,0.048033,74.125.130.0-255,4320,293278,62,340436
3733,0.04804,172.31.40.0-255,66,293344,62,340436
3734,0.050557,74.125.130.0-255,5738,299082,62,340436
3735,0.050564,172.31.40.0-255,66,299148,62,340436
3736,0.053097,74.125.130.0-255,5738,304886,62,340436
3737,0.053105,172.31.40.0-255,66,304952,62,340436
3738,0.055624,74.125.130.0-255,2902,307854,62,340436
3739,0.055631,172.31.40.0-255,66,307920,62,340436
3740,0.05565,74.125.130.0-255,2902,310822,62,340436
3741,0.055654,172.31.40.0-255,66,310888,62,340436
3742,0.058157,74.125.130.0-255,2902,313790,62,340436
3743,0.058167,172.31.40.0-255,66,313856,62,340436
3744,0.058197,74.125.130.0-255,2902,316758,62,340436
3745,0.058201,172.31.40.0-255,66,316824,62,340436
3746,0.0607,74.125.130.0-255,2902,319726,62,340436
3747,0.060707,172.31.40.0-255,66,319792,62,340436
3748,0.060735,74.125.130.0-255,2902,322694,62,340436
3749,0.060738,172.31.40.0-255,66,322760,62,340436
3750,0.063231,74.125.130.0-255,2902,325662,62,340436
3751,0.063237,172.31.40.0-255,66,325728,62,340436
3752,0.063263,74.125.130.0-255,2902,328630,62,340436
3753,0.063266,172.31.40.0-255,66,328696,62,340436
3754,0.065779,74.125.130.0-255,2902,331598,62,340436
3755,0.065787,172.31.40.0-255,66,331664,62,340436
3756,0.065816,74.125.130.0-255,2902,334566,62,340436
3757,0.065819,172.31.40.0-255,66,334632,62,340436
3758,0.068329,74.125.130.0-255,5738,340370,62,340436
3759,0.068338,172.31.40.0-255,66,340436,62,340436
3760,0.0,74.125.68.0-255,152,152,62,394664
3761,4.9e-05,172.31.40.0-255,66,218,62,394664
3762,5.6e-05,74.125.68.0-255,1484,1702,62,394664
3763,6e-05,172.31.40.0-255,66,1768,62,394664
3764,6.6e-05,74.125.68.0-255,2902,4670,62,394664
3765,7e-05,172.31.40.0-255,66,4736,62,394664
3766,7.5e-05,74.125.68.0-255,5738,10474,62,394664
3767,7.8e-05,172.31.40.0-255,66,10540,62,394664
3768,8.3e-05,74.125.68.0-255,3472,14012,62,394664
3769,8.6e-05,172.31.40.0-255,66,14078,62,394664
3770,9.1e-05,74.125.68.0-255,4320,18398,62,394664
3771,9.3e-05,172.31.40.0-255,66,18464,62,394664
3772,0.000134,172.31.40.0-255,66,18530,62,394664
3773,0.000163,74.125.68.0-255,2543,21073,62,394664
3774,0.000166,172.31.40.0-255,66,21139,62,394664
3775,0.000206,74.125.68.0-255,2902,24041,62,394664
3776,0.00021,172.31.40.0-255,66,24107,62,394664
3777,0.000215,74.125.68.0-255,2902,27009,62,394664
3778,0.000217,172.31.40.0-255,66,27075,62,394664
3779,0.000241,74.125.68.0-255,4320,31395,62,394664
3780,0.000244,172.31.40.0-255,66,31461,62,394664
3781,0.000249,74.125.68.0-255,2902,34363,62,394664
3782,0.000251,172.31.40.0-255,66,34429,62,394664
3783,0.000266,74.125.68.0-255,5738,40167,62,394664
3784,0.000268,172.31.40.0-255,66,40233,62,394664
3785,0.000306,74.125.68.0-255,5738,45971,62,394664
3786,0.000309,172.31.40.0-255,66,46037,62,394664
3787,0.000333,74.125.68.0-255,4320,50357,62,394664
3788,0.000336,172.31.40.0-255,66,50423,62,394664
3789,0.000351,74.125.68.0-255,2902,53325,62,394664
3790,0.000354,172.31.40.0-255,66,53391,62,394664
3791,0.00037,74.125.68.0-255,2184,55575,62,394664
3792,0.000372,74.125.68.0-255,708,56283,62,394664
3793,0.000391,172.31.40.0-255,66,56349,62,394664
3794,0.000868,74.125.68.0-255,1484,57833,62,394664
3795,0.000884,74.125.68.0-255,2902,60735,62,394664
3796,0.000888,172.31.40.0-255,66,60801,62,394664
3797,0.000894,74.125.68.0-255,4320,65121,62,394664
3798,0.000904,172.31.40.0-255,66,65187,62,394664
3799,0.000907,74.125.68.0-255,1484,66671,62,394664
3800,0.000923,74.125.68.0-255,2902,69573,62,394664
3801,0.000936,74.125.68.0-255,2902,72475,62,394664
3802,0.000941,172.31.40.0-255,66,72541,62,394664
3803,0.000951,74.125.68.0-255,7156,79697,62,394664
3804,0.000956,172.31.40.0-255,66,79763,62,394664
3805,0.000989,74.125.68.0-255,4320,84083,62,394664
3806,0.001,172.31.40.0-255,66,84149,62,394664
3807,0.001012,74.125.68.0-255,6438,90587,62,394664
3808,0.001017,172.31.40.0-255,66,90653,62,394664
3809,0.001531,74.125.68.0-255,1484,92137,62,394664
3810,0.00154,74.125.68.0-255,1484,93621,62,394664
3811,0.001544,172.31.40.0-255,66,93687,62,394664
3812,0.001565,74.125.68.0-255,1484,95171,62,394664
3813,0.00157,74.125.68.0-255,2902,98073,62,394664
3814,0.001583,74.125.68.0-255,1484,99557,62,394664
3815,0.001585,74.125.68.0-255,1484,101041,62,394664
3816,0.001607,74.125.68.0-255,7156,108197,62,394664
3817,0.00161,172.31.40.0-255,66,108263,62,394664
3818,0.001616,172.31.40.0-255,66,108329,62,394664
3819,0.001626,74.125.68.0-255,2902,111231,62,394664
3820,0.001665,172.31.40.0-255,66,111297,62,394664
3821,0.00168,74.125.68.0-255,5738,117035,62,394664
3822,0.001685,172.31.40.0-255,66,117101,62,394664
3823,0.001699,74.125.68.0-255,7156,124257,62,394664
3824,0.001703,74.125.68.0-255,766,125023,62,394664
3825,0.001746,172.31.40.0-255,66,125089,62,394664
3826,0.00177,74.125.68.0-255,1484,126573,62,394664
3827,0.001777,74.125.68.0-255,2902,129475,62,394664
3828,0.001793,74.125.68.0-255,1484,130959,62,394664
3829,0.001798,172.31.40.0-255,66,131025,62,394664
3830,0.001817,74.125.68.0-255,4320,135345,62,394664
3831,0.001822,74.125.68.0-255,2902,138247,62,394664
3832,0.001836,74.125.68.0-255,4320,142567,62,394664
3833,0.001843,172.31.40.0-255,66,142633,62,394664
3834,0.001863,74.125.68.0-255,2902,145535,62,394664
3835,0.00188,74.125.68.0-255,5738,151273,62,394664
3836,0.001885,172.31.40.0-255,66,151339,62,394664
3837,0.001903,74.125.68.0-255,4320,155659,62,394664
3838,0.00191,172.31.40.0-255,66,155725,62,394664
3839,0.001946,74.125.68.0-255,3602,159327,62,394664
3840,0.001959,172.31.40.0-255,66,159393,62,394664
3841,0.001972,74.125.68.0-255,1484,160877,62,394664
3842,0.001976,74.125.68.0-255,1484,162361,62,394664
3843,0.001984,172.31.40.0-255,66,162427,62,394664
3844,0.001993,74.125.68.0-255,1484,163911,62,394664
3845,0.001999,74.125.68.0-255,5738,169649,62,394664
3846,0.002023,172.31.40.0-255,66,169715,62,394664
3847,0.002027,74.125.68.0-255,2902,172617,62,394664
3848,0.002032,172.31.40.0-255,66,172683,62,394664
3849,0.002048,74.125.68.0-255,7156,179839,62,394664
3850,0.002064,172.31.40.0-255,66,179905,62,394664
3851,0.002069,74.125.68.0-255,2902,182807,62,394664
3852,0.002074,172.31.40.0-255,66,182873,62,394664
3853,0.002091,74.125.68.0-255,1484,184357,62,394664
3854,0.002158,172.31.40.0-255,66,184423,62,394664
3855,0.002172,74.125.68.0-255,766,185189,62,394664
3856,0.00223,74.125.68.0-255,1484,186673,62,394664
3857,0.002248,74.125.68.0-255,1484,188157,62,394664
3858,0.002252,172.31.40.0-255,66,188223,62,394664
3859,0.00227,74.125.68.0-255,1484,189707,62,394664
3860,0.002276,74.125.68.0-255,5738,195445,62,394664
3861,0.00228,74.125.68.0-255,2902,198347,62,394664
3862,0.002291,74.125.68.0-255,4320,202667,62,394664
3863,0.002296,172.31.40.0-255,66,202733,62,394664
3864,0.00232,74.125.68.0-255,5738,208471,62,394664
3865,0.002329,172.31.40.0-255,66,208537,62,394664
3866,0.002346,172.31.40.0-255,66,208603,62,394664
3867,0.002396,74.125.68.0-255,4320,212923,62,394664
3868,0.002406,172.31.40.0-255,66,212989,62,394664
3869,0.00241,74.125.68.0-255,2184,215173,62,394664
3870,0.002414,172.31.40.0-255,66,215239,62,394664
3871,0.002443,74.125.68.0-255,2902,218141,62,394664
3872,0.002447,172.31.40.0-255,66,218207,62,394664
3873,0.002464,74.125.68.0-255,4320,222527,62,394664
3874,0.002469,172.31.40.0-255,66,222593,62,394664
3875,0.002489,74.125.68.0-255,2902,225495,62,394664
3876,0.002504,74.125.68.0-255,2902,228397,62,394664
3877,0.002522,74.125.68.0-255,5738,234135,62,394664
3878,0.002532,74.125.68.0-255,1484,235619,62,394664
3879,0.002561,74.125.68.0-255,4320,239939,62,394664
3880,0.002585,74.125.68.0-255,5020,244959,62,394664
3881,0.002667,74.125.68.0-255,1484,246443,62,394664
3882,0.002671,74.125.68.0-255,2902,249345,62,394664
3883,0.002681,74.125.68.0-255,1484,250829,62,394664
3884,0.002696,74.125.68.0-255,4320,255149,62,394664
3885,0.002713,74.125.68.0-255,2902,258051,62,394664
3886,0.002731,74.125.68.0-255,5738,263789,62,394664
3887,0.002862,172.31.40.0-255,66,263855,62,394664
3888,0.005546,74.125.68.0-255,5738,269593,62,394664
3889,0.005553,172.31.40.0-255,66,269659,62,394664
3890,0.008239,74.125.68.0-255,5738,275397,62,394664
3891,0.008244,172.31.40.0-255,66,275463,62,394664
3892,0.010917,74.125.68.0-255,5738,281201,62,394664
3893,0.010921,172.31.40.0-255,66,281267,62,394664
3894,0.013601,74.125.68.0-255,5738,287005,62,394664
3895,0.013608,172.31.40.0-255,66,287071,62,394664
3896,0.016287,74.125.68.0-255,5738,292809,62,394664
3897,0.016294,172.31.40.0-255,66,292875,62,394664
3898,0.018992,74.125.68.0-255,5738,298613,62,394664
3899,0.019001,172.31.40.0-255,66,298679,62,394664
3900,0.021685,74.125.68.0-255,5738,304417,62,394664
3901,0.021693,172.31.40.0-255,66,304483,62,394664
3902,0.024373,74.125.68.0-255,5738,310221,62,394664
3903,0.02438,172.31.40.0-255,66,310287,62,394664
3904,0.02706,74.125.68.0-255,5738,316025,62,394664
3905,0.027064,172.31.40.0-255,66,316091,62,394664
3906,0.029744,74.125.68.0-255,4320,320411,62,394664
3907,0.029748,172.31.40.0-255,66,320477,62,394664
3908,0.029767,74.125.68.0-255,1484,321961,62,394664
3909,0.032425,74.125.68.0-255,4320,326281,62,394664
3910,0.032432,172.31.40.0-255,66,326347,62,394664
3911,0.035106,74.125.68.0-255,4320,330667,62,394664
3912,0.035114,172.31.40.0-255,66,330733,62,394664
3913,0.035138,74.125.68.0-255,1484,332217,62,394664
3914,0.037811,74.125.68.0-255,4320,336537,62,394664
3915,0.037824,172.31.40.0-255,66,336603,62,394664
3916,0.040521,74.125.68.0-255,5738,342341,62,394664
3917,0.040562,172.31.40.0-255,66,342407,62,394664
3918,0.043256,74.125.68.0-255,5738,348145,62,394664
3919,0.043263,172.31.40.0-255,66,348211,62,394664
3920,0.045958,74.125.68.0-255,5738,353949,62,394664
3921,0.045968,172.31.40.0-255,66,354015,62,394664
3922,0.048605,172.31.40.0-255,172,354187,62,394664
3923,0.048644,74.125.68.0-255,4320,358507,62,394664
3924,0.048649,172.31.40.0-255,66,358573,62,394664
3925,0.048667,74.125.68.0-255,1484,360057,62,394664
3926,0.048681,172.31.40.0-255,1110,361167,62,394664
3927,0.048823,172.31.40.0-255,1514,362681,62,394664
3928,0.048826,172.31.40.0-255,1514,364195,62,394664
3929,0.048831,172.31.40.0-255,1514,365709,62,394664
3930,0.048832,172.31.40.0-255,1514,367223,62,394664
3931,0.048865,172.31.40.0-255,1514,368737,62,394664
3932,0.048867,172.31.40.0-255,150,368887,62,394664
3933,0.050251,104.244.42.0-255,66,368953,62,394664
3934,0.050321,104.244.42.0-255,66,369019,62,394664
3935,0.050523,104.244.42.0-255,66,369085,62,394664
3936,0.050565,104.244.42.0-255,66,369151,62,394664
3937,0.05134,74.125.68.0-255,4320,373471,62,394664
3938,0.051346,172.31.40.0-255,66,373537,62,394664
3939,0.054032,74.125.68.0-255,5738,379275,62,394664
3940,0.054542,172.31.40.0-255,66,379341,62,394664
3941,0.057242,74.125.68.0-255,5738,385079,62,394664
3942,0.057248,172.31.40.0-255,66,385145,62,394664
3943,0.059958,74.125.68.0-255,5738,390883,62,394664
3944,0.059964,172.31.40.0-255,66,390949,62,394664
3945,0.062641,74.125.68.0-255,3478,394427,62,394664
3946,0.062645,172.31.40.0-255,66,394493,62,394664
3947,0.062758,172.31.40.0-255,105,394598,62,394664
3948,0.065405,74.125.68.0-255,66,394664,62,394664
3949,0.0,74.125.24.0-255,296,296,62,290041
3950,2.3e-05,172.31.40.0-255,66,362,62,290041
3951,2.9e-05,74.125.24.0-255,1484,1846,62,290041
3952,3.4e-05,172.31.40.0-255,66,1912,62,290041
3953,4.1e-05,74.125.24.0-255,4320,6232,62,290041
3954,4.5e-05,172.31.40.0-255,66,6298,62,290041
3955,8.6e-05,172.31.40.0-255,66,6364,62,290041
3956,0.000115,74.125.24.0-255,2902,9266,62,290041
3957,0.000118,172.31.40.0-255,66,9332,62,290041
3958,0.000142,74.125.24.0-255,5738,15070,62,290041
3959,0.000145,172.31.40.0-255,66,15136,62,290041
3960,0.000147,74.125.24.0-255,1484,16620,62,290041
3961,0.000149,172.31.40.0-255,66,16686,62,290041
3962,0.000193,74.125.24.0-255,6797,23483,62,290041
3963,0.000197,172.31.40.0-255,66,23549,62,290041
3964,0.000645,74.125.24.0-255,1484,25033,62,290041
3965,0.00065,172.31.40.0-255,66,25099,62,290041
3966,0.000656,74.125.24.0-255,2902,28001,62,290041
3967,0.000658,172.31.40.0-255,66,28067,62,290041
3968,0.000665,74.125.24.0-255,5738,33805,62,290041
3969,0.000667,172.31.40.0-255,66,33871,62,290041
3970,0.00072,172.31.40.0-255,66,33937,62,290041
3971,0.000724,74.125.24.0-255,2902,36839,62,290041
3972,0.000726,172.31.40.0-255,66,36905,62,290041
3973,0.000748,74.125.24.0-255,5738,42643,62,290041
3974,0.000751,172.31.40.0-255,66,42709,62,290041
3975,0.000754,74.125.24.0-255,1125,43834,62,290041
3976,0.000756,172.31.40.0-255,66,43900,62,290041
3977,0.00133,74.125.24.0-255,646,44546,62,290041
3978,0.001336,172.31.40.0-255,66,44612,62,290041
3979,0.001502,74.125.24.0-255,1484,46096,62,290041
3980,0.00151,74.125.24.0-255,2902,48998,62,290041
3981,0.001513,172.31.40.0-255,66,49064,62,290041
3982,0.001521,74.125.24.0-255,5738,54802,62,290041
3983,0.001523,172.31.40.0-255,66,54868,62,290041
3984,0.001551,74.125.24.0-255,4320,59188,62,290041
3985,0.001554,172.31.40.0-255,66,59254,62,290041
3986,0.00157,74.125.24.0-255,5738,64992,62,290041
3987,0.001573,172.31.40.0-255,66,65058,62,290041
3988,0.001602,172.31.40.0-255,66,65124,62,290041
3989,0.001621,74.125.24.0-255,5020,70144,62,290041
3990,0.001624,172.31.40.0-255,66,70210,62,290041
3991,0.001856,74.125.24.0-255,1484,71694,62,290041
3992,0.001878,74.125.24.0-255,2902,74596,62,290041
3993,0.001882,172.31.40.0-255,66,74662,62,290041
3994,0.00189,74.125.24.0-255,5738,80400,62,290041
3995,0.001893,172.31.40.0-255,66,80466,62,290041
3996,0.001896,74.125.24.0-255,1484,81950,62,290041
3997,0.001912,74.125.24.0-255,4320,86270,62,290041
3998,0.001915,172.31.40.0-255,66,86336,62,290041
3999,0.001933,74.125.24.0-255,7156,93492,62,290041
4000,0.001936,172.31.40.0-255,66,93558,62,290041
4001,0.001947,172.31.40.0-255,66,93624,62,290041
4002,0.001967,74.125.24.0-255,2184,95808,62,290041
4003,0.001969,172.31.40.0-255,66,95874,62,290041
4004,0.00223,74.125.24.0-255,1484,97358,62,290041
4005,0.002238,74.125.24.0-255,2902,100260,62,290041
4006,0.002243,172.31.40.0-255,66,100326,62,290041
4007,0.002251,74.125.24.0-255,5738,106064,62,290041
4008,0.002253,172.31.40.0-255,66,106130,62,290041
4009,0.002287,74.125.24.0-255,7156,113286,62,290041
4010,0.002289,172.31.40.0-255,66,113352,62,290041
4011,0.002295,74.125.24.0-255,5738,119090,62,290041
4012,0.002298,172.31.40.0-255,66,119156,62,290041
4013,0.002313,74.125.24.0-255,2902,122058,62,290041
4014,0.002316,172.31.40.0-255,66,122124,62,290041
4015,0.002318,74.125.24.0-255,1484,123608,62,290041
4016,0.004587,74.125.24.0-255,4320,127928,62,290041
4017,0.004595,172.31.40.0-255,66,127994,62,290041
4018,0.006869,74.125.24.0-255,5738,133732,62,290041
4019,0.006875,172.31.40.0-255,66,133798,62,290041
4020,0.009101,74.125.24.0-255,5738,139536,62,290041
4021,0.009108,172.31.40.0-255,66,139602,62,290041
4022,0.011358,74.125.24.0-255,5738,145340,62,290041
4023,0.011366,172.31.40.0-255,66,145406,62,290041
4024,0.013638,74.125.24.0-255,5738,151144,62,290041
4025,0.013645,172.31.40.0-255,66,151210,62,290041
4026,0.015935,74.125.24.0-255,2902,154112,62,290041
4027,0.015943,172.31.40.0-255,66,154178,62,290041
4028,0.015965,74.125.24.0-255,2902,157080,62,290041
4029,0.015967,172.31.40.0-255,66,157146,62,290041
4030,0.018202,74.125.24.0-255,5738,162884,62,290041
4031,0.018213,172.31.40.0-255,66,162950,62,290041
4032,0.020493,74.125.24.0-255,5738,168688,62,290041
4033,0.0205,172.31.40.0-255,66,168754,62,290041
4034,0.02272,74.125.24.0-255,5738,174492,62,290041
4035,0.022727,172.31.40.0-255,66,174558,62,290041
4036,0.025008,74.125.24.0-255,5738,180296,62,290041
4037,0.025015,172.31.40.0-255,66,180362,62,290041
4038,0.027276,74.125.24.0-255,5738,186100,62,290041
4039,0.027283,172.31.40.0-255,66,186166,62,290041
4040,0.029548,74.125.24.0-255,5738,191904,62,290041
4041,0.029556,172.31.40.0-255,66,191970,62,290041
4042,0.031829,74.125.24.0-255,5738,197708,62,290041
4043,0.031853,172.31.40.0-255,66,197774,62,290041
4044,0.034094,74.125.24.0-255,5738,203512,62,290041
4045,0.0341,172.31.40.0-255,66,203578,62,290041
4046,0.036422,74.125.24.0-255,5738,209316,62,290041
4047,0.036429,172.31.40.0-255,66,209382,62,290041
4048,0.037884,172.31.40.0-255,172,209554,62,290041
4049,0.037915,172.31.40.0-255,1077,210631,62,290041
4050,0.038714,74.125.24.0-255,5738,216369,62,290041
4051,0.038721,172.31.40.0-255,66,216435,62,290041
4052,0.039553,104.244.42.0-255,66,216501,62,290041
4053,0.039604,104.244.42.0-255,66,216567,62,290041
4054,0.040954,74.125.24.0-255,4320,220887,62,290041
4055,0.040963,172.31.40.0-255,66,220953,62,290041
4056,0.040979,74.125.24.0-255,1484,222437,62,290041
4057,0.043288,74.125.24.0-255,4320,226757,62,290041
4058,0.043294,172.31.40.0-255,66,226823,62,290041
4059,0.045536,74.125.24.0-255,5738,232561,62,290041
4060,0.045543,172.31.40.0-255,66,232627,62,290041
4061,0.047848,74.125.24.0-255,5738,238365,62,290041
4062,0.047855,172.31.40.0-255,66,238431,62,290041
4063,0.050192,74.125.24.0-255,5738,244169,62,290041
4064,0.050199,172.31.40.0-255,66,244235,62,290041
4065,0.052453,74.125.24.0-255,5738,249973,62,290041
4066,0.052459,172.31.40.0-255,66,250039,62,290041
4067,0.054757,74.125.24.0-255,5738,255777,62,290041
4068,0.054762,172.31.40.0-255,66,255843,62,290041
4069,0.056992,74.125.24.0-255,4320,260163,62,290041
4070,0.056998,172.31.40.0-255,66,260229,62,290041
4071,0.057013,74.125.24.0-255,1484,261713,62,290041
4072,0.059301,74.125.24.0-255,1484,263197,62,290041
4073,0.059307,172.31.40.0-255,66,263263,62,290041
4074,0.059346,74.125.24.0-255,2902,266165,62,290041
4075,0.059349,172.31.40.0-255,66,266231,62,290041
4076,0.061579,74.125.24.0-255,2902,269133,62,290041
4077,0.061587,172.31.40.0-255,66,269199,62,290041
4078,0.061606,74.125.24.0-255,1484,270683,62,290041
4079,0.061624,74.125.24.0-255,1484,272167,62,290041
4080,0.061626,172.31.40.0-255,66,272233,62,290041
4081,0.06386,74.125.24.0-255,2902,275135,62,290041
4082,0.063866,172.31.40.0-255,66,275201,62,290041
4083,0.063924,74.125.24.0-255,2902,278103,62,290041
4084,0.063927,172.31.40.0-255,66,278169,62,290041
4085,0.066094,74.125.24.0-255,2902,281071,62,290041
4086,0.066099,172.31.40.0-255,66,281137,62,290041
4087,0.066189,74.125.24.0-255,2902,284039,62,290041
4088,0.066193,172.31.40.0-255,66,284105,62,290041
4089,0.068385,74.125.24.0-255,2902,287007,62,290041
4090,0.068391,172.31.40.0-255,66,287073,62,290041
4091,0.068505,74.125.24.0-255,2902,289975,62,290041
4092,0.06851,172.31.40.0-255,66,290041,62,290041
4093,0.0,172.217.194.0-255,150,150,62,249853
4094,2.3e-05,172.31.40.0-255,66,216,62,249853
4095,3e-05,172.217.194.0-255,1484,1700,62,249853
4096,3.5e-05,172.31.40.0-255,66,1766,62,249853
4097,4.1e-05,172.217.194.0-255,2902,4668,62,249853
4098,4.5e-05,172.31.40.0-255,66,4734,62,249853
4099,6e-05,172.217.194.0-255,7156,11890,62,249853
4100,6.3e-05,172.31.40.0-255,66,11956,62,249853
4101,6.7e-05,172.217.194.0-255,2091,14047,62,249853
4102,6.9e-05,172.31.40.0-255,66,14113,62,249853
4103,0.000123,172.217.194.0-255,1484,15597,62,249853
4104,0.000126,172.31.40.0-255,66,15663,62,249853
4105,0.000132,172.217.194.0-255,2902,18565,62,249853
4106,0.000134,172.31.40.0-255,66,18631,62,249853
4107,0.000171,172.217.194.0-255,5738,24369,62,249853
4108,0.000174,172.31.40.0-255,66,24435,62,249853
4109,0.000181,172.217.194.0-255,5738,30173,62,249853
4110,0.000183,172.31.40.0-255,66,30239,62,249853
4111,0.000186,172.217.194.0-255,1125,31364,62,249853
4112,0.000192,172.31.40.0-255,66,31430,62,249853
4113,0.000278,172.217.194.0-255,1484,32914,62,249853
4114,0.000282,172.31.40.0-255,66,32980,62,249853
4115,0.000287,172.217.194.0-255,2902,35882,62,249853
4116,0.000289,172.31.40.0-255,66,35948,62,249853
4117,0.000293,172.217.194.0-255,2902,38850,62,249853
4118,0.000295,172.31.40.0-255,66,38916,62,249853
4119,0.000333,172.217.194.0-255,2902,41818,62,249853
4120,0.000336,172.31.40.0-255,66,41884,62,249853
4121,0.000343,172.217.194.0-255,6797,48681,62,249853
4122,0.000346,172.31.40.0-255,66,48747,62,249853
4123,0.00036,172.31.40.0-255,66,48813,62,249853
4124,0.000385,172.217.194.0-255,1484,50297,62,249853
4125,0.000391,172.217.194.0-255,2799,53096,62,249853
4126,0.000393,172.31.40.0-255,66,53162,62,249853
4127,0.000422,172.217.194.0-255,119,53281,62,249853
4128,0.000557,172.217.194.0-255,1484,54765,62,249853
4129,0.000563,172.31.40.0-255,66,54831,62,249853
4130,0.000569,172.217.194.0-255,2902,57733,62,249853
4131,0.000571,172.31.40.0-255,66,57799,62,249853
4132,0.000582,172.217.194.0-255,5738,63537,62,249853
4133,0.000585,172.31.40.0-255,66,63603,62,249853
4134,0.000617,172.217.194.0-255,7156,70759,62,249853
4135,0.00062,172.31.40.0-255,66,70825,62,249853
4136,0.00064,172.217.194.0-255,6797,77622,62,249853
4137,0.000646,172.31.40.0-255,66,77688,62,249853
4138,0.000657,172.31.40.0-255,66,77754,62,249853
4139,0.001889,172.217.194.0-255,1484,79238,62,249853
4140,0.001903,172.217.194.0-255,2902,82140,62,249853
4141,0.001909,172.31.40.0-255,66,82206,62,249853
4142,0.001918,172.217.194.0-255,5738,87944,62,249853
4143,0.001921,172.31.40.0-255,66,88010,62,249853
4144,0.001951,172.217.194.0-255,2902,90912,62,249853
4145,0.001953,172.31.40.0-255,66,90978,62,249853
4146,0.001982,172.31.40.0-255,66,91044,62,249853
4147,0.002025,172.31.40.0-255,66,91110,62,249853
4148,0.002257,172.217.194.0-255,1484,92594,62,249853
4149,0.002265,172.217.194.0-255,2902,95496,62,249853
4150,0.002269,172.31.40.0-255,66,95562,62,249853
4151,0.002277,172.217.194.0-255,5738,101300,62,249853
4152,0.002279,172.31.40.0-255,66,101366,62,249853
4153,0.002323,172.31.40.0-255,66,101432,62,249853
4154,0.002334,172.31.40.0-255,66,101498,62,249853
4155,0.002418,172.31.40.0-255,66,101564,62,249853
4156,0.002431,172.31.40.0-255,66,101630,62,249853
4157,0.002443,172.31.40.0-255,66,101696,62,249853
4158,0.00249,172.31.40.0-255,66,101762,62,249853
4159,0.002517,172.31.40.0-255,66,101828,62,249853
4160,0.002625,172.217.194.0-255,2184,104012,62,249853
4161,0.002628,172.31.40.0-255,66,104078,62,249853
4162,0.00266,172.31.40.0-255,66,104144,62,249853
4163,0.005158,172.217.194.0-255,5738,109882,62,249853
4164,0.005165,172.31.40.0-255,66,109948,62,249853
4165,0.007641,172.217.194.0-255,5738,115686,62,249853
4166,0.007647,172.31.40.0-255,66,115752,62,249853
4167,0.010123,172.217.194.0-255,5738,121490,62,249853
4168,0.01013,172.31.40.0-255,66,121556,62,249853
4169,0.012624,172.217.194.0-255,5738,127294,62,249853
4170,0.012635,172.31.40.0-255,66,127360,62,249853
4171,0.015133,172.217.194.0-255,5738,133098,62,249853
4172,0.015145,172.31.40.0-255,66,133164,62,249853
4173,0.017628,172.217.194.0-255,5738,138902,62,249853
4174,0.017642,172.31.40.0-255,66,138968,62,249853
4175,0.02011,172.217.194.0-255,5738,144706,62,249853
4176,0.020119,172.31.40.0-255,66,144772,62,249853
4177,0.0226,172.217.194.0-255,5738,150510,62,249853
4178,0.02261,172.31.40.0-255,66,150576,62,249853
4179,0.025077,172.217.194.0-255,5738,156314,62,249853
4180,0.025087,172.31.40.0-255,66,156380,62,249853
4181,0.027572,172.217.194.0-255,5738,162118,62,249853
4182,0.02758,172.31.40.0-255,66,162184,62,249853
4183,0.030061,172.217.194.0-255,5738,167922,62,249853
4184,0.030073,172.31.40.0-255,66,167988,62,249853
4185,0.03175,172.31.40.0-255,172,168160,62,249853
4186,0.03178,172.31.40.0-255,1106,169266,62,249853
4187,0.03184,172.31.40.0-255,1514,170780,62,249853
4188,0.031842,172.31.40.0-255,1304,172084,62,249853
4189,0.032562,172.217.194.0-255,5738,177822,62,249853
4190,0.032568,172.31.40.0-255,66,177888,62,249853
4191,0.033365,104.244.42.0-255,66,177954,62,249853
4192,0.033394,104.244.42.0-255,66,178020,62,249853
4193,0.033461,104.244.42.0-255,66,178086,62,249853
4194,0.035089,172.217.194.0-255,5738,183824,62,249853
4195,0.035095,172.31.40.0-255,66,183890,62,249853
4196,0.037562,172.217.194.0-255,5738,189628,62,249853
4197,0.037578,172.31.40.0-255,66,189694,62,249853
4198,0.040048,172.217.194.0-255,5738,195432,62,249853
4199,0.040059,172.31.40.0-255,66,195498,62,249853
4200,0.042557,172.217.194.0-255,5738,201236,62,249853
4201,0.042565,172.31.40.0-255,66,201302,62,249853
4202,0.045053,172.217.194.0-255,5738,207040,62,249853
4203,0.04506,172.31.40.0-255,66,207106,62,249853
4204,0.047552,172.217.194.0-255,5738,212844,62,249853
4205,0.047557,172.31.40.0-255,66,212910,62,249853
4206,0.050024,172.217.194.0-255,5738,218648,62,249853
4207,0.050029,172.31.40.0-255,66,218714,62,249853
4208,0.05251,172.217.194.0-255,5738,224452,62,249853
4209,0.052517,172.31.40.0-255,66,224518,62,249853
4210,0.054998,172.217.194.0-255,5738,230256,62,249853
4211,0.055006,172.31.40.0-255,66,230322,62,249853
4212,0.057466,172.217.194.0-255,5738,236060,62,249853
4213,0.057471,172.31.40.0-255,66,236126,62,249853
4214,0.05994,172.217.194.0-255,5738,241864,62,249853
4215,0.059946,172.31.40.0-255,66,241930,62,249853
4216,0.062432,172.217.194.0-255,5738,247668,62,249853
4217,0.06244,172.31.40.0-255,66,247734,62,249853
4218,0.064905,172.217.194.0-255,1423,249157,62,249853
4219,0.065518,172.31.40.0-255,105,249262,62,249853
4220,0.065557,172.31.40.0-255,105,249367,62,249853
4221,0.06582,172.31.40.0-255,90,249457,62,249853
4222,0.065831,172.31.40.0-255,66,249523,62,249853
4223,0.067962,172.217.194.0-255,66,249589,62,249853
4224,0.067997,172.217.194.0-255,66,249655,62,249853
4225,0.068246,172.217.194.0-255,66,249721,62,249853
4226,0.068266,172.217.194.0-255,66,249787,62,249853
4227,0.068288,172.31.40.0-255,66,249853,62,249853
4228,0.0,172.217.194.0-255,146,146,62,305920
4229,2.1e-05,172.31.40.0-255,66,212,62,305920
4230,2.8e-05,172.217.194.0-255,1484,1696,62,305920
4231,3.2e-05,172.31.40.0-255,66,1762,62,305920
4232,3.7e-05,172.217.194.0-255,2902,4664,62,305920
4233,4.8e-05,172.31.40.0-255,66,4730,62,305920
4234,5.2e-05,172.217.194.0-255,1484,6214,62,305920
4235,5.4e-05,172.31.40.0-255,66,6280,62,305920
4236,6.3e-05,172.217.194.0-255,5738,12018,62,305920
4237,6.5e-05,172.31.40.0-255,66,12084,62,305920
4238,0.000111,172.31.40.0-255,66,12150,62,305920
4239,0.000123,172.31.40.0-255,66,12216,62,305920
4240,0.000152,172.217.194.0-255,2543,14759,62,305920
4241,0.000155,172.31.40.0-255,66,14825,62,305920
4242,0.000269,172.217.194.0-255,1484,16309,62,305920
4243,0.000273,172.31.40.0-255,66,16375,62,305920
4244,0.000279,172.217.194.0-255,2902,19277,62,305920
4245,0.000282,172.31.40.0-255,66,19343,62,305920
4246,0.00031,172.217.194.0-255,2902,22245,62,305920
4247,0.000313,172.31.40.0-255,66,22311,62,305920
4248,0.000321,172.217.194.0-255,7156,29467,62,305920
4249,0.000323,172.31.40.0-255,66,29533,62,305920
4250,0.000373,172.217.194.0-255,6797,36330,62,305920
4251,0.000379,172.31.40.0-255,66,36396,62,305920
4252,0.000387,172.217.194.0-255,7156,43552,62,305920
4253,0.000389,172.31.40.0-255,66,43618,62,305920
4254,0.000394,172.217.194.0-255,2902,46520,62,305920
4255,0.000396,172.31.40.0-255,66,46586,62,305920
4256,0.000427,172.217.194.0-255,2832,49418,62,305920
4257,0.000431,172.31.40.0-255,66,49484,62,305920
4258,0.000554,172.217.194.0-255,367,49851,62,305920
4259,0.000559,172.31.40.0-255,66,49917,62,305920
4260,0.000656,172.217.194.0-255,1484,51401,62,305920
4261,0.000674,172.217.194.0-255,2902,54303,62,305920
4262,0.000678,172.31.40.0-255,66,54369,62,305920
4263,0.000706,172.217.194.0-255,2902,57271,62,305920
4264,0.000708,172.31.40.0-255,66,57337,62,305920
4265,0.000714,172.217.194.0-255,4320,61657,62,305920
4266,0.000717,172.31.40.0-255,66,61723,62,305920
4267,0.00075,172.31.40.0-255,66,61789,62,305920
4268,0.000755,172.217.194.0-255,4320,66109,62,305920
4269,0.000758,172.31.40.0-255,66,66175,62,305920
4270,0.000823,172.31.40.0-255,66,66241,62,305920
4271,0.001587,172.217.194.0-255,1484,67725,62,305920
4272,0.001597,172.217.194.0-255,2902,70627,62,305920
4273,0.001601,172.31.40.0-255,66,70693,62,305920
4274,0.001618,172.217.194.0-255,1484,72177,62,305920
4275,0.001636,172.217.194.0-255,2902,75079,62,305920
4276,0.001638,172.31.40.0-255,66,75145,62,305920
4277,0.001671,172.31.40.0-255,66,75211,62,305920
4278,0.001681,172.31.40.0-255,66,75277,62,305920
4279,0.001722,172.217.194.0-255,6438,81715,62,305920
4280,0.001725,172.31.40.0-255,66,81781,62,305920
4281,0.001946,172.217.194.0-255,1484,83265,62,305920
4282,0.001951,172.217.194.0-255,1484,84749,62,305920
4283,0.001954,172.31.40.0-255,66,84815,62,305920
4284,0.001978,172.217.194.0-255,1484,86299,62,305920
4285,0.001984,172.217.194.0-255,5738,92037,62,305920
4286,0.001986,172.31.40.0-255,66,92103,62,305920
4287,0.002018,172.217.194.0-255,5738,97841,62,305920
4288,0.002021,172.31.40.0-255,66,97907,62,305920
4289,0.002042,172.217.194.0-255,4320,102227,62,305920
4290,0.002045,172.31.40.0-255,66,102293,62,305920
4291,0.002051,172.217.194.0-255,5738,108031,62,305920
4292,0.002053,172.31.40.0-255,66,108097,62,305920
4293,0.002057,172.217.194.0-255,2902,110999,62,305920
4294,0.002059,172.31.40.0-255,66,111065,62,305920
4295,0.004056,172.217.194.0-255,5738,116803,62,305920
4296,0.004063,172.31.40.0-255,66,116869,62,305920
4297,0.00606,172.217.194.0-255,5738,122607,62,305920
4298,0.006065,172.31.40.0-255,66,122673,62,305920
4299,0.008093,172.217.194.0-255,5738,128411,62,305920
4300,0.008099,172.31.40.0-255,66,128477,62,305920
4301,0.010099,172.217.194.0-255,5738,134215,62,305920
4302,0.010106,172.31.40.0-255,66,134281,62,305920
4303,0.012142,172.217.194.0-255,5738,140019,62,305920
4304,0.012149,172.31.40.0-255,66,140085,62,305920
4305,0.014169,172.217.194.0-255,5738,145823,62,305920
4306,0.014176,172.31.40.0-255,66,145889,62,305920
4307,0.01622,172.217.194.0-255,5738,151627,62,305920
4308,0.016227,172.31.40.0-255,66,151693,62,305920
4309,0.018243,172.217.194.0-255,5738,157431,62,305920
4310,0.018249,172.31.40.0-255,66,157497,62,305920
4311,0.02026,172.217.194.0-255,5738,163235,62,305920
4312,0.020267,172.31.40.0-255,66,163301,62,305920
4313,0.022305,172.217.194.0-255,5738,169039,62,305920
4314,0.022313,172.31.40.0-255,66,169105,62,305920
4315,0.024351,172.217.194.0-255,5738,174843,62,305920
4316,0.024358,172.31.40.0-255,66,174909,62,305920
4317,0.024777,172.31.40.0-255,166,175075,62,305920
4318,0.024807,172.31.40.0-255,1129,176204,62,305920
4319,0.024867,172.31.40.0-255,1514,177718,62,305920
4320,0.024869,172.31.40.0-255,316,178034,62,305920
4321,0.026379,104.244.42.0-255,66,178100,62,305920
4322,0.026413,104.244.42.0-255,66,178166,62,305920
4323,0.026445,104.244.42.0-255,66,178232,62,305920
4324,0.026457,172.217.194.0-255,5738,183970,62,305920
4325,0.026462,172.31.40.0-255,66,184036,62,305920
4326,0.028472,172.217.194.0-255,5738,189774,62,305920
4327,0.028478,172.31.40.0-255,66,189840,62,305920
4328,0.030481,172.217.194.0-255,5738,195578,62,305920
4329,0.030488,172.31.40.0-255,66,195644,62,305920
4330,0.032503,172.217.194.0-255,5738,201382,62,305920
4331,0.03251,172.31.40.0-255,66,201448,62,305920
4332,0.034517,172.217.194.0-255,5738,207186,62,305920
4333,0.034524,172.31.40.0-255,66,207252,62,305920
4334,0.036596,172.217.194.0-255,5738,212990,62,305920
4335,0.036603,172.31.40.0-255,66,213056,62,305920
4336,0.038634,172.217.194.0-255,5738,218794,62,305920
4337,0.038641,172.31.40.0-255,66,218860,62,305920
4338,0.040639,172.217.194.0-255,5738,224598,62,305920
4339,0.040649,172.31.40.0-255,66,224664,62,305920
4340,0.042673,172.217.194.0-255,5738,230402,62,305920
4341,0.042682,172.31.40.0-255,66,230468,62,305920
4342,0.044709,172.217.194.0-255,5738,236206,62,305920
4343,0.044716,172.31.40.0-255,66,236272,62,305920
4344,0.046744,172.217.194.0-255,5738,242010,62,305920
4345,0.046751,172.31.40.0-255,66,242076,62,305920
4346,0.048794,172.217.194.0-255,5738,247814,62,305920
4347,0.048801,172.31.40.0-255,66,247880,62,305920
4348,0.050824,172.217.194.0-255,5738,253618,62,305920
4349,0.050829,172.31.40.0-255,66,253684,62,305920
4350,0.052854,172.217.194.0-255,5738,259422,62,305920
4351,0.052859,172.31.40.0-255,66,259488,62,305920
4352,0.054862,172.217.194.0-255,5738,265226,62,305920
4353,0.054869,172.31.40.0-255,66,265292,62,305920
4354,0.056886,172.217.194.0-255,5738,271030,62,305920
4355,0.056893,172.31.40.0-255,66,271096,62,305920
4356,0.058934,172.217.194.0-255,5738,276834,62,305920
4357,0.05894,172.31.40.0-255,66,276900,62,305920
4358,0.060963,172.217.194.0-255,5738,282638,62,305920
4359,0.06097,172.31.40.0-255,66,282704,62,305920
4360,0.062982,172.217.194.0-255,5738,288442,62,305920
4361,0.062988,172.31.40.0-255,66,288508,62,305920
4362,0.065022,172.217.194.0-255,5738,294246,62,305920
4363,0.065029,172.31.40.0-255,66,294312,62,305920
4364,0.067088,172.217.194.0-255,5738,300050,62,305920
4365,0.067095,172.31.40.0-255,66,300116,62,305920
4366,0.06911,172.217.194.0-255,5738,305854,62,305920
4367,0.069115,172.31.40.0-255,66,305920,62,305920
4368,0.0,74.125.24.0-255,291,291,62,243600
4369,2.4e-05,172.31.40.0-255,66,357,62,243600
4370,3.1e-05,74.125.24.0-255,1484,1841,62,243600
4371,3.5e-05,172.31.40.0-255,66,1907,62,243600
4372,4.2e-05,74.125.24.0-255,4320,6227,62,243600
4373,4.6e-05,172.31.40.0-255,66,6293,62,243600
4374,5.2e-05,74.125.24.0-255,5738,12031,62,243600
4375,5.5e-05,172.31.40.0-255,66,12097,62,243600
4376,7.7e-05,74.125.24.0-255,2902,14999,62,243600
4377,8e-05,172.31.40.0-255,66,15065,62,243600
4378,0.00011,74.125.24.0-255,3290,18355,62,243600
4379,0.000113,172.31.40.0-255,66,18421,62,243600
4380,0.00012,74.125.24.0-255,7156,25577,62,243600
4381,0.000123,172.31.40.0-255,66,25643,62,243600
4382,0.000129,74.125.24.0-255,5379,31022,62,243600
4383,0.000132,172.31.40.0-255,66,31088,62,243600
4384,0.000479,74.125.24.0-255,1484,32572,62,243600
4385,0.000486,172.31.40.0-255,66,32638,62,243600
4386,0.000491,74.125.24.0-255,1484,34122,62,243600
4387,0.000493,172.31.40.0-255,66,34188,62,243600
4388,0.000508,74.125.24.0-255,1484,35672,62,243600
4389,0.000511,172.31.40.0-255,66,35738,62,243600
4390,0.000518,74.125.24.0-255,5738,41476,62,243600
4391,0.00052,172.31.40.0-255,66,41542,62,243600
4392,0.000552,74.125.24.0-255,6797,48339,62,243600
4393,0.000555,172.31.40.0-255,66,48405,62,243600
4394,0.00059,172.31.40.0-255,66,48471,62,243600
4395,0.000594,74.125.24.0-255,2543,51014,62,243600
4396,0.000596,172.31.40.0-255,66,51080,62,243600
4397,0.000599,74.125.24.0-255,366,51446,62,243600
4398,0.000601,172.31.40.0-255,66,51512,62,243600
4399,0.00067,74.125.24.0-255,376,51888,62,243600
4400,0.000973,172.31.40.0-255,66,51954,62,243600
4401,0.001027,74.125.24.0-255,1484,53438,62,243600
4402,0.001031,74.125.24.0-255,1484,54922,62,243600
4403,0.001034,172.31.40.0-255,66,54988,62,243600
4404,0.00105,74.125.24.0-255,1484,56472,62,243600
4405,0.001056,74.125.24.0-255,5738,62210,62,243600
4406,0.001058,172.31.40.0-255,66,62276,62,243600
4407,0.001072,74.125.24.0-255,2902,65178,62,243600
4408,0.001074,172.31.40.0-255,66,65244,62,243600
4409,0.001095,172.31.40.0-255,66,65310,62,243600
4410,0.001113,74.125.24.0-255,1484,66794,62,243600
4411,0.001125,172.31.40.0-255,66,66860,62,243600
4412,0.002332,74.125.24.0-255,1484,68344,62,243600
4413,0.002342,74.125.24.0-255,2902,71246,62,243600
4414,0.002347,172.31.40.0-255,66,71312,62,243600
4415,0.002353,74.125.24.0-255,2902,74214,62,243600
4416,0.002355,172.31.40.0-255,66,74280,62,243600
4417,0.002364,74.125.24.0-255,7156,81436,62,243600
4418,0.002366,172.31.40.0-255,66,81502,62,243600
4419,0.002434,172.31.40.0-255,66,81568,62,243600
4420,0.00244,74.125.24.0-255,3602,85170,62,243600
4421,0.002442,172.31.40.0-255,66,85236,62,243600
4422,0.004824,74.125.24.0-255,4320,89556,62,243600
4423,0.004828,172.31.40.0-255,66,89622,62,243600
4424,0.004843,74.125.24.0-255,1484,91106,62,243600
4425,0.007257,74.125.24.0-255,4320,95426,62,243600
4426,0.007263,172.31.40.0-255,66,95492,62,243600
4427,0.009651,74.125.24.0-255,5738,101230,62,243600
4428,0.009657,172.31.40.0-255,66,101296,62,243600
4429,0.012031,74.125.24.0-255,5738,107034,62,243600
4430,0.01204,172.31.40.0-255,66,107100,62,243600
4431,0.014448,74.125.24.0-255,5738,112838,62,243600
4432,0.014459,172.31.40.0-255,66,112904,62,243600
4433,0.016844,74.125.24.0-255,5738,118642,62,243600
4434,0.016853,172.31.40.0-255,66,118708,62,243600
4435,0.019248,74.125.24.0-255,5738,124446,62,243600
4436,0.019255,172.31.40.0-255,66,124512,62,243600
4437,0.021654,74.125.24.0-255,5738,130250,62,243600
4438,0.021661,172.31.40.0-255,66,130316,62,243600
4439,0.024044,74.125.24.0-255,5738,136054,62,243600
4440,0.024054,172.31.40.0-255,66,136120,62,243600
4441,0.02644,74.125.24.0-255,5738,141858,62,243600
4442,0.026446,172.31.40.0-255,66,141924,62,243600
4443,0.027161,172.31.40.0-255,172,142096,62,243600
4444,0.027192,172.31.40.0-255,1110,143206,62,243600
4445,0.027238,172.31.40.0-255,1514,144720,62,243600
4446,0.02724,172.31.40.0-255,1300,146020,62,243600
4447,0.028831,104.244.42.0-255,66,146086,62,243600
4448,0.028852,104.244.42.0-255,66,146152,62,243600
4449,0.028877,74.125.24.0-255,5738,151890,62,243600
4450,0.028882,172.31.40.0-255,66,151956,62,243600
4451,0.028913,104.244.42.0-255,66,152022,62,243600
4452,0.031287,74.125.24.0-255,5738,157760,62,243600
4453,0.031294,172.31.40.0-255,66,157826,62,243600
4454,0.033709,74.125.24.0-255,5738,163564,62,243600
4455,0.033716,172.31.40.0-255,66,163630,62,243600
4456,0.03614,74.125.24.0-255,5738,169368,62,243600
4457,0.036145,172.31.40.0-255,66,169434,62,243600
4458,0.038538,74.125.24.0-255,4320,173754,62,243600
4459,0.038544,172.31.40.0-255,66,173820,62,243600
4460,0.038573,74.125.24.0-255,1484,175304,62,243600
4461,0.041527,74.125.24.0-255,4320,179624,62,243600
4462,0.041534,172.31.40.0-255,66,179690,62,243600
4463,0.044383,74.125.24.0-255,5738,185428,62,243600
4464,0.04439,172.31.40.0-255,66,185494,62,243600
4465,0.046809,74.125.24.0-255,1484,186978,62,243600
4466,0.046829,74.125.24.0-255,4320,191298,62,243600
4467,0.046834,172.31.40.0-255,66,191364,62,243600
4468,0.049212,74.125.24.0-255,5738,197102,62,243600
4469,0.049218,172.31.40.0-255,66,197168,62,243600
4470,0.05164,74.125.24.0-255,5738,202906,62,243600
4471,0.051649,172.31.40.0-255,66,202972,62,243600
4472,0.054046,74.125.24.0-255,5738,208710,62,243600
4473,0.054053,172.31.40.0-255,66,208776,62,243600
4474,0.056935,74.125.24.0-255,5738,214514,62,243600
4475,0.056943,172.31.40.0-255,66,214580,62,243600
4476,0.059354,74.125.24.0-255,5738,220318,62,243600
4477,0.059361,172.31.40.0-255,66,220384,62,243600
4478,0.061772,74.125.24.0-255,5738,226122,62,243600
4479,0.061779,172.31.40.0-255,66,226188,62,243600
4480,0.064175,74.125.24.0-255,5738,231926,62,243600
4481,0.064182,172.31.40.0-255,66,231992,62,243600
4482,0.06659,74.125.24.0-255,5738,237730,62,243600
4483,0.066597,172.31.40.0-255,66,237796,62,243600
4484,0.068993,74.125.24.0-255,5738,243534,62,243600
4485,0.069,172.31.40.0-255,66,243600,62,243600
4486,0.0,172.217.194.0-255,152,152,62,245163
4487,1.9e-05,172.31.40.0-255,66,218,62,245163
4488,2.6e-05,172.217.194.0-255,1484,1702,62,245163
4489,3.1e-05,172.31.40.0-255,66,1768,62,245163
4490,3.7e-05,172.217.194.0-255,2902,4670,62,245163
4491,4.1e-05,172.31.40.0-255,66,4736,62,245163
4492,4.8e-05,172.217.194.0-255,7156,11892,62,245163
4493,5.1e-05,172.31.40.0-255,66,11958,62,245163
4494,8.8e-05,172.217.194.0-255,2098,14056,62,245163
4495,9.1e-05,172.31.40.0-255,66,14122,62,245163
4496,0.000189,172.217.194.0-255,1484,15606,62,245163
4497,0.000192,172.31.40.0-255,66,15672,62,245163
4498,0.000206,172.217.194.0-255,1484,17156,62,245163
4499,0.000208,172.31.40.0-255,66,17222,62,245163
4500,0.000223,172.217.194.0-255,1484,18706,62,245163
4501,0.000226,172.31.40.0-255,66,18772,62,245163
4502,0.000233,172.217.194.0-255,5738,24510,62,245163
4503,0.000236,172.31.40.0-255,66,24576,62,245163
4504,0.000243,172.217.194.0-255,6797,31373,62,245163
4505,0.000245,172.31.40.0-255,66,31439,62,245163
4506,0.00025,172.217.194.0-255,4320,35759,62,245163
4507,0.000253,172.31.40.0-255,66,35825,62,245163
4508,0.000281,172.217.194.0-255,2902,38727,62,245163
4509,0.000284,172.31.40.0-255,66,38793,62,245163
4510,0.000292,172.217.194.0-255,5738,44531,62,245163
4511,0.000294,172.31.40.0-255,66,44597,62,245163
4512,0.000318,172.31.40.0-255,66,44663,62,245163
4513,0.000347,172.217.194.0-255,1484,46147,62,245163
4514,0.000349,172.31.40.0-255,66,46213,62,245163
4515,0.000363,172.31.40.0-255,66,46279,62,245163
4516,0.000366,172.217.194.0-255,677,46956,62,245163
4517,0.000577,172.217.194.0-255,1484,48440,62,245163
4518,0.000582,172.31.40.0-255,66,48506,62,245163
4519,0.000588,172.217.194.0-255,2902,51408,62,245163
4520,0.00059,172.31.40.0-255,66,51474,62,245163
4521,0.000593,172.217.194.0-255,1484,52958,62,245163
4522,0.000597,172.217.194.0-255,2902,55860,62,245163
4523,0.000599,172.31.40.0-255,66,55926,62,245163
4524,0.000629,172.217.194.0-255,5738,61664,62,245163
4525,0.000632,172.31.40.0-255,66,61730,62,245163
4526,0.00064,172.217.194.0-255,7156,68886,62,245163
4527,0.000642,172.31.40.0-255,66,68952,62,245163
4528,0.000659,172.217.194.0-255,5738,74690,62,245163
4529,0.000661,172.31.40.0-255,66,74756,62,245163
4530,0.000668,172.217.194.0-255,6438,81194,62,245163
4531,0.000671,172.31.40.0-255,66,81260,62,245163
4532,0.001067,172.217.194.0-255,1484,82744,62,245163
4533,0.001072,172.217.194.0-255,1484,84228,62,245163
4534,0.001076,172.31.40.0-255,66,84294,62,245163
4535,0.001097,172.217.194.0-255,1484,85778,62,245163
4536,0.001103,172.217.194.0-255,5738,91516,62,245163
4537,0.001105,172.31.40.0-255,66,91582,62,245163
4538,0.001109,172.217.194.0-255,2902,94484,62,245163
4539,0.001112,172.31.40.0-255,66,94550,62,245163
4540,0.001126,172.217.194.0-255,2902,97452,62,245163
4541,0.001128,172.31.40.0-255,66,97518,62,245163
4542,0.001149,172.217.194.0-255,7156,104674,62,245163
4543,0.001151,172.31.40.0-255,66,104740,62,245163
4544,0.001155,172.217.194.0-255,2902,107642,62,245163
4545,0.001157,172.31.40.0-255,66,107708,62,245163
4546,0.001182,172.31.40.0-255,66,107774,62,245163
4547,0.001422,172.217.194.0-255,1484,109258,62,245163
4548,0.001443,172.217.194.0-255,2902,112160,62,245163
4549,0.001447,172.31.40.0-255,66,112226,62,245163
4550,0.001454,172.217.194.0-255,5738,117964,62,245163
4551,0.001456,172.31.40.0-255,66,118030,62,245163
4552,0.001498,172.31.40.0-255,66,118096,62,245163
4553,0.001511,172.31.40.0-255,66,118162,62,245163
4554,0.001533,172.217.194.0-255,2184,120346,62,245163
4555,0.001535,172.31.40.0-255,66,120412,62,245163
4556,0.001654,172.217.194.0-255,1484,121896,62,245163
4557,0.001668,172.217.194.0-255,2902,124798,62,245163
4558,0.001671,172.31.40.0-255,66,124864,62,245163
4559,0.001674,172.217.194.0-255,1484,126348,62,245163
4560,0.001691,172.217.194.0-255,1484,127832,62,245163
4561,0.001693,172.31.40.0-255,66,127898,62,245163
4562,0.001699,172.217.194.0-255,4320,132218,62,245163
4563,0.0017,172.31.40.0-255,66,132284,62,245163
4564,0.001722,172.217.194.0-255,2902,135186,62,245163
4565,0.001724,172.31.40.0-255,66,135252,62,245163
4566,0.001767,172.31.40.0-255,66,135318,62,245163
4567,0.001789,172.217.194.0-255,7156,142474,62,245163
4568,0.001791,172.31.40.0-255,66,142540,62,245163
4569,0.001796,172.217.194.0-255,3602,146142,62,245163
4570,0.001798,172.31.40.0-255,66,146208,62,245163
4571,0.001889,172.217.194.0-255,1484,147692,62,245163
4572,0.001895,172.217.194.0-255,2902,150594,62,245163
4573,0.001898,172.31.40.0-255,66,150660,62,245163
4574,0.001902,172.217.194.0-255,1484,152144,62,245163
4575,0.001921,172.217.194.0-255,4320,156464,62,245163
4576,0.001924,172.31.40.0-255,66,156530,62,245163
4577,0.001954,172.31.40.0-255,66,156596,62,245163
4578,0.001969,172.217.194.0-255,4320,160916,62,245163
4579,0.001972,172.31.40.0-255,66,160982,62,245163
4580,0.001975,172.217.194.0-255,1484,162466,62,245163
4581,0.001989,172.217.194.0-255,1484,163950,62,245163
4582,0.001992,172.31.40.0-255,66,164016,62,245163
4583,0.002025,172.31.40.0-255,66,164082,62,245163
4584,0.002037,172.217.194.0-255,1484,165566,62,245163
4585,0.00205,172.217.194.0-255,2902,168468,62,245163
4586,0.002054,172.31.40.0-255,66,168534,62,245163
4587,0.002068,172.217.194.0-255,5738,174272,62,245163
4588,0.002071,172.31.40.0-255,66,174338,62,245163
4589,0.002074,172.217.194.0-255,1484,175822,62,245163
4590,0.002151,172.217.194.0-255,2902,178724,62,245163
4591,0.002219,172.217.194.0-255,4320,183044,62,245163
4592,0.002262,172.217.194.0-255,3602,186646,62,245163
4593,0.002279,172.217.194.0-255,2902,189548,62,245163
4594,0.002294,172.217.194.0-255,7156,196704,62,245163
4595,0.002327,172.217.194.0-255,7156,203860,62,245163
4596,0.002344,172.217.194.0-255,4320,208180,62,245163
4597,0.002349,172.217.194.0-255,3602,211782,62,245163
4598,0.002356,172.217.194.0-255,7156,218938,62,245163
4599,0.002374,172.217.194.0-255,7156,226094,62,245163
4600,0.002389,172.217.194.0-255,2902,228996,62,245163
4601,0.002409,172.217.194.0-255,2902,231898,62,245163
4602,0.002426,172.217.194.0-255,4320,236218,62,245163
4603,0.002432,172.217.194.0-255,4320,240538,62,245163
4604,0.002533,172.217.194.0-255,2902,243440,62,245163
4605,0.002572,172.217.194.0-255,105,243545,62,245163
4606,0.004651,172.31.40.0-255,66,243611,62,245163
4607,0.006615,172.31.40.0-255,105,243716,62,245163
4608,0.009321,172.217.194.0-255,66,243782,62,245163
4609,0.034635,172.31.40.0-255,172,243954,62,245163
4610,0.034668,172.31.40.0-255,1077,245031,62,245163
4611,0.036318,104.244.42.0-255,66,245097,62,245163
4612,0.036416,104.244.42.0-255,66,245163,62,245163
4613,0.0,172.217.194.0-255,144,144,62,216332
4614,2.3e-05,172.31.40.0-255,66,210,62,216332
4615,3.1e-05,172.217.194.0-255,1484,1694,62,216332
4616,3.5e-05,172.31.40.0-255,66,1760,62,216332
4617,4.1e-05,172.217.194.0-255,2902,4662,62,216332
4618,4.3e-05,172.31.40.0-255,66,4728,62,216332
4619,5.1e-05,172.217.194.0-255,7156,11884,62,216332
4620,5.4e-05,172.31.40.0-255,66,11950,62,216332
4621,6e-05,172.217.194.0-255,4974,16924,62,216332
4622,6.4e-05,172.31.40.0-255,66,16990,62,216332
4623,7.1e-05,172.217.194.0-255,7156,24146,62,216332
4624,7.4e-05,172.31.40.0-255,66,24212,62,216332
4625,9.8e-05,172.217.194.0-255,6797,31009,62,216332
4626,0.0001,172.31.40.0-255,66,31075,62,216332
4627,0.000104,172.217.194.0-255,1484,32559,62,216332
4628,0.000107,172.31.40.0-255,66,32625,62,216332
4629,0.000112,172.217.194.0-255,2902,35527,62,216332
4630,0.000115,172.31.40.0-255,66,35593,62,216332
4631,0.000146,172.217.194.0-255,5738,41331,62,216332
4632,0.000149,172.31.40.0-255,66,41397,62,216332
4633,0.000155,172.217.194.0-255,6797,48194,62,216332
4634,0.000158,172.31.40.0-255,66,48260,62,216332
4635,0.000276,172.217.194.0-255,1484,49744,62,216332
4636,0.00028,172.31.40.0-255,66,49810,62,216332
4637,0.000286,172.217.194.0-255,2902,52712,62,216332
4638,0.000289,172.31.40.0-255,66,52778,62,216332
4639,0.000292,172.217.194.0-255,1484,54262,62,216332
4640,0.000294,172.31.40.0-255,66,54328,62,216332
4641,0.000314,172.217.194.0-255,4320,58648,62,216332
4642,0.000316,172.31.40.0-255,66,58714,62,216332
4643,0.000343,172.217.194.0-255,1484,60198,62,216332
4644,0.000345,172.31.40.0-255,66,60264,62,216332
4645,0.000365,172.217.194.0-255,5677,65941,62,216332
4646,0.000368,172.31.40.0-255,66,66007,62,216332
4647,0.000406,172.217.194.0-255,380,66387,62,216332
4648,0.000572,172.217.194.0-255,1484,67871,62,216332
4649,0.000577,172.31.40.0-255,66,67937,62,216332
4650,0.000583,172.217.194.0-255,2902,70839,62,216332
4651,0.000585,172.31.40.0-255,66,70905,62,216332
4652,0.000592,172.217.194.0-255,5738,76643,62,216332
4653,0.000594,172.31.40.0-255,66,76709,62,216332
4654,0.000599,172.217.194.0-255,4320,81029,62,216332
4655,0.000602,172.31.40.0-255,66,81095,62,216332
4656,0.000619,172.217.194.0-255,2543,83638,62,216332
4657,0.000621,172.31.40.0-255,66,83704,62,216332
4658,0.000665,172.31.40.0-255,66,83770,62,216332
4659,0.000678,172.217.194.0-255,2902,86672,62,216332
4660,0.00068,172.31.40.0-255,66,86738,62,216332
4661,0.000702,172.217.194.0-255,5379,92117,62,216332
4662,0.000705,172.31.40.0-255,66,92183,62,216332
4663,0.001351,172.217.194.0-255,1484,93667,62,216332
4664,0.001359,172.217.194.0-255,2902,96569,62,216332
4665,0.001362,172.31.40.0-255,66,96635,62,216332
4666,0.001369,172.217.194.0-255,5738,102373,62,216332
4667,0.001371,172.31.40.0-255,66,102439,62,216332
4668,0.001405,172.31.40.0-255,66,102505,62,216332
4669,0.001419,172.217.194.0-255,1484,103989,62,216332
4670,0.001456,172.31.40.0-255,66,104055,62,216332
4671,0.00155,172.217.194.0-255,1484,105539,62,216332
4672,0.00157,172.217.194.0-255,2902,108441,62,216332
4673,0.001574,172.31.40.0-255,66,108507,62,216332
4674,0.00158,172.217.194.0-255,4320,112827,62,216332
4675,0.001582,172.31.40.0-255,66,112893,62,216332
4676,0.0016,172.217.194.0-255,1484,114377,62,216332
4677,0.001607,172.217.194.0-255,7156,121533,62,216332
4678,0.00161,172.31.40.0-255,66,121599,62,216332
4679,0.001637,172.217.194.0-255,5738,127337,62,216332
4680,0.001639,172.31.40.0-255,66,127403,62,216332
4681,0.001645,172.217.194.0-255,5738,133141,62,216332
4682,0.001647,172.31.40.0-255,66,133207,62,216332
4683,0.001664,172.217.194.0-255,5020,138227,62,216332
4684,0.001667,172.31.40.0-255,66,138293,62,216332
4685,0.001729,172.217.194.0-255,1484,139777,62,216332
4686,0.001733,172.217.194.0-255,1484,141261,62,216332
4687,0.001736,172.31.40.0-255,66,141327,62,216332
4688,0.001755,172.217.194.0-255,1484,142811,62,216332
4689,0.001767,172.217.194.0-255,1484,144295,62,216332
4690,0.001769,172.31.40.0-255,66,144361,62,216332
4691,0.001791,172.217.194.0-255,4320,148681,62,216332
4692,0.001793,172.31.40.0-255,66,148747,62,216332
4693,0.001797,172.217.194.0-255,1484,150231,62,216332
4694,0.001826,172.31.40.0-255,66,150297,62,216332
4695,0.001846,172.217.194.0-255,2902,153199,62,216332
4696,0.001849,172.31.40.0-255,66,153265,62,216332
4697,0.001862,172.31.40.0-255,66,153331,62,216332
4698,0.001876,172.31.40.0-255,66,153397,62,216332
4699,0.001891,172.31.40.0-255,66,153463,62,216332
4700,0.001895,172.217.194.0-255,2902,156365,62,216332
4701,0.001898,172.31.40.0-255,66,156431,62,216332
4702,0.00193,172.217.194.0-255,5020,161451,62,216332
4703,0.001933,172.31.40.0-255,66,161517,62,216332
4704,0.001945,172.31.40.0-255,66,161583,62,216332
4705,0.001964,172.31.40.0-255,66,161649,62,216332
4706,0.002023,172.31.40.0-255,66,161715,62,216332
4707,0.002036,172.31.40.0-255,66,161781,62,216332
4708,0.002039,172.217.194.0-255,1484,163265,62,216332
4709,0.00207,172.31.40.0-255,66,163331,62,216332
4710,0.002086,172.217.194.0-255,5738,169069,62,216332
4711,0.002089,172.31.40.0-255,66,169135,62,216332
4712,0.002117,172.217.194.0-255,2184,171319,62,216332
4713,0.00212,172.31.40.0-255,66,171385,62,216332
4714,0.002123,172.217.194.0-255,1484,172869,62,216332
4715,0.002127,172.217.194.0-255,2902,175771,62,216332
4716,0.00213,172.31.40.0-255,66,175837,62,216332
4717,0.002135,172.217.194.0-255,5738,181575,62,216332
4718,0.002137,172.31.40.0-255,66,181641,62,216332
4719,0.00215,172.31.40.0-255,66,181707,62,216332
4720,0.002172,172.217.194.0-255,1484,183191,62,216332
4721,0.002177,172.217.194.0-255,2902,186093,62,216332
4722,0.00218,172.31.40.0-255,66,186159,62,216332
4723,0.002202,172.31.40.0-255,66,186225,62,216332
4724,0.002401,172.217.194.0-255,1484,187709,62,216332
4725,0.002444,172.217.194.0-255,2902,190611,62,216332
4726,0.002448,172.31.40.0-255,66,190677,62,216332
4727,0.002452,172.217.194.0-255,1484,192161,62,216332
4728,0.002458,172.217.194.0-255,5738,197899,62,216332
4729,0.00246,172.31.40.0-255,66,197965,62,216332
4730,0.002464,172.217.194.0-255,2902,200867,62,216332
4731,0.002466,172.31.40.0-255,66,200933,62,216332
4732,0.002511,172.217.194.0-255,2184,203117,62,216332
4733,0.002514,172.31.40.0-255,66,203183,62,216332
4734,0.002521,172.31.40.0-255,66,203249,62,216332
4735,0.002561,172.217.194.0-255,4320,207569,62,216332
4736,0.002565,172.31.40.0-255,66,207635,62,216332
4737,0.002604,172.31.40.0-255,66,207701,62,216332
4738,0.002615,172.31.40.0-255,66,207767,62,216332
4739,0.002642,172.217.194.0-255,4828,212595,62,216332
4740,0.002645,172.31.40.0-255,66,212661,62,216332
4741,0.002648,172.217.194.0-255,105,212766,62,216332
4742,0.015842,172.31.40.0-255,66,212832,62,216332
4743,0.015898,172.31.40.0-255,105,212937,62,216332
4744,0.018225,172.217.194.0-255,66,213003,62,216332
4745,0.045301,172.31.40.0-255,172,213175,62,216332
4746,0.045333,172.31.40.0-255,1105,214280,62,216332
4747,0.045418,172.31.40.0-255,1514,215794,62,216332
4748,0.04542,172.31.40.0-255,340,216134,62,216332
4749,0.046876,104.244.42.0-255,66,216200,62,216332
4750,0.046907,104.244.42.0-255,66,216266,62,216332
4751,0.046956,104.244.42.0-255,66,216332,62,216332
4752,0.0,172.217.194.0-255,153,153,62,181579
4753,1.5e-05,172.31.40.0-255,66,219,62,181579
4754,2.2e-05,172.217.194.0-255,1484,1703,62,181579
4755,2.7e-05,172.31.40.0-255,66,1769,62,181579
4756,4e-05,172.217.194.0-255,2902,4671,62,181579
4757,4.4e-05,172.31.40.0-255,66,4737,62,181579
4758,5.2e-05,172.217.194.0-255,7156,11893,62,181579
4759,5.5e-05,172.31.40.0-255,66,11959,62,181579
4760,5.9e-05,172.217.194.0-255,2047,14006,62,181579
4761,6.2e-05,172.31.40.0-255,66,14072,62,181579
4762,8.2e-05,172.217.194.0-255,2902,16974,62,181579
4763,9.1e-05,172.31.40.0-255,66,17040,62,181579
4764,0.000117,172.31.40.0-255,66,17106,62,181579
4765,0.000131,172.31.40.0-255,66,17172,62,181579
4766,0.000163,172.217.194.0-255,4320,21492,62,181579
4767,0.000166,172.31.40.0-255,66,21558,62,181579
4768,0.000196,172.217.194.0-255,5020,26578,62,181579
4769,0.000199,172.31.40.0-255,66,26644,62,181579
4770,0.000205,172.217.194.0-255,5738,32382,62,181579
4771,0.000208,172.31.40.0-255,66,32448,62,181579
4772,0.000262,172.31.40.0-255,66,32514,62,181579
4773,0.000299,172.217.194.0-255,1484,33998,62,181579
4774,0.000302,172.31.40.0-255,66,34064,62,181579
4775,0.000315,172.217.194.0-255,2902,36966,62,181579
4776,0.000321,172.31.40.0-255,66,37032,62,181579
4777,0.000328,172.217.194.0-255,5738,42770,62,181579
4778,0.00033,172.31.40.0-255,66,42836,62,181579
4779,0.000372,172.31.40.0-255,66,42902,62,181579
4780,0.000397,172.217.194.0-255,1484,44386,62,181579
4781,0.0004,172.31.40.0-255,66,44452,62,181579
4782,0.000418,172.31.40.0-255,66,44518,62,181579
4783,0.00043,172.217.194.0-255,1484,46002,62,181579
4784,0.000444,172.217.194.0-255,7156,53158,62,181579
4785,0.000462,172.217.194.0-255,4320,57478,62,181579
4786,0.000472,172.217.194.0-255,1484,58962,62,181579
4787,0.000612,172.31.40.0-255,66,59028,62,181579
4788,0.001142,172.217.194.0-255,1484,60512,62,181579
4789,0.00115,172.217.194.0-255,2902,63414,62,181579
4790,0.001153,172.31.40.0-255,66,63480,62,181579
4791,0.001161,172.217.194.0-255,5738,69218,62,181579
4792,0.001185,172.217.194.0-255,7156,76374,62,181579
4793,0.001192,172.31.40.0-255,66,76440,62,181579
4794,0.001201,172.217.194.0-255,2902,79342,62,181579
4795,0.00121,172.31.40.0-255,66,79408,62,181579
4796,0.001251,172.31.40.0-255,66,79474,62,181579
4797,0.001264,172.217.194.0-255,3602,83076,62,181579
4798,0.001293,172.31.40.0-255,66,83142,62,181579
4799,0.001304,172.217.194.0-255,4320,87462,62,181579
4800,0.001331,172.31.40.0-255,66,87528,62,181579
4801,0.001341,172.217.194.0-255,4320,91848,62,181579
4802,0.001392,172.217.194.0-255,4320,96168,62,181579
4803,0.0014,172.31.40.0-255,66,96234,62,181579
4804,0.001431,172.217.194.0-255,766,97000,62,181579
4805,0.001467,172.31.40.0-255,66,97066,62,181579
4806,0.00162,172.217.194.0-255,1484,98550,62,181579
4807,0.001627,172.31.40.0-255,66,98616,62,181579
4808,0.001652,172.217.194.0-255,2902,101518,62,181579
4809,0.001658,172.217.194.0-255,4320,105838,62,181579
4810,0.001674,172.217.194.0-255,2902,108740,62,181579
4811,0.001677,172.31.40.0-255,66,108806,62,181579
4812,0.001682,172.31.40.0-255,66,108872,62,181579
4813,0.001704,172.217.194.0-255,5738,114610,62,181579
4814,0.001742,172.31.40.0-255,66,114676,62,181579
4815,0.001746,172.217.194.0-255,1484,116160,62,181579
4816,0.001789,172.217.194.0-255,2184,118344,62,181579
4817,0.001793,172.217.194.0-255,1484,119828,62,181579
4818,0.001808,172.217.194.0-255,1484,121312,62,181579
4819,0.001815,172.31.40.0-255,66,121378,62,181579
4820,0.001827,172.217.194.0-255,2902,124280,62,181579
4821,0.001848,172.31.40.0-255,66,124346,62,181579
4822,0.001858,172.217.194.0-255,4320,128666,62,181579
4823,0.001883,172.217.194.0-255,6438,135104,62,181579
4824,0.001903,172.31.40.0-255,66,135170,62,181579
4825,0.001965,172.31.40.0-255,66,135236,62,181579
4826,0.001973,172.217.194.0-255,1484,136720,62,181579
4827,0.002012,172.217.194.0-255,2902,139622,62,181579
4828,0.002018,172.217.194.0-255,5738,145360,62,181579
4829,0.002082,172.217.194.0-255,4320,149680,62,181579
4830,0.002113,172.217.194.0-255,7156,156836,62,181579
4831,0.002138,172.217.194.0-255,7156,163992,62,181579
4832,0.002142,172.217.194.0-255,4320,168312,62,181579
4833,0.002168,172.217.194.0-255,7156,175468,62,181579
4834,0.00217,172.217.194.0-255,1484,176952,62,181579
4835,0.002201,172.217.194.0-255,105,177057,62,181579
4836,0.002467,172.31.40.0-255,66,177123,62,181579
4837,0.006717,172.31.40.0-255,105,177228,62,181579
4838,0.009405,172.217.194.0-255,66,177294,62,181579
4839,0.027858,172.31.40.0-255,163,177457,62,181579
4840,0.027893,172.31.40.0-255,1143,178600,62,181579
4841,0.027954,172.31.40.0-255,1514,180114,62,181579
4842,0.027956,172.31.40.0-255,1267,181381,62,181579
4843,0.029553,104.244.42.0-255,66,181447,62,181579
4844,0.029586,104.244.42.0-255,66,181513,62,181579
4845,0.029663,104.244.42.0-255,66,181579,62,181579
4846,0.0,74.125.130.0-255,153,153,62,234099
4847,1.3e-05,172.31.40.0-255,66,219,62,234099
4848,4.4e-05,74.125.130.0-255,1484,1703,62,234099
4849,4.8e-05,172.31.40.0-255,66,1769,62,234099
4850,5.4e-05,74.125.130.0-255,2902,4671,62,234099
4851,5.7e-05,172.31.40.0-255,66,4737,62,234099
4852,8.8e-05,74.125.130.0-255,7156,11893,62,234099
4853,9.3e-05,172.31.40.0-255,66,11959,62,234099
4854,0.000127,74.125.130.0-255,2056,14015,62,234099
4855,0.00013,172.31.40.0-255,66,14081,62,234099
4856,0.000285,74.125.130.0-255,1484,15565,62,234099
4857,0.00029,172.31.40.0-255,66,15631,62,234099
4858,0.000298,74.125.130.0-255,2902,18533,62,234099
4859,0.000301,172.31.40.0-255,66,18599,62,234099
4860,0.000312,74.125.130.0-255,4320,22919,62,234099
4861,0.000314,172.31.40.0-255,66,22985,62,234099
4862,0.000345,74.125.130.0-255,1484,24469,62,234099
4863,0.000347,172.31.40.0-255,66,24535,62,234099
4864,0.000356,74.125.130.0-255,6797,31332,62,234099
4865,0.00036,172.31.40.0-255,66,31398,62,234099
4866,0.000387,74.125.130.0-255,1484,32882,62,234099
4867,0.00039,172.31.40.0-255,66,32948,62,234099
4868,0.000423,74.125.130.0-255,5738,38686,62,234099
4869,0.000426,172.31.40.0-255,66,38752,62,234099
4870,0.000456,74.125.130.0-255,1484,40236,62,234099
4871,0.000459,172.31.40.0-255,66,40302,62,234099
4872,0.000485,74.125.130.0-255,7156,47458,62,234099
4873,0.000488,172.31.40.0-255,66,47524,62,234099
4874,0.000511,74.125.130.0-255,1484,49008,62,234099
4875,0.000514,172.31.40.0-255,66,49074,62,234099
4876,0.000557,172.31.40.0-255,66,49140,62,234099
4877,0.000622,74.125.130.0-255,766,49906,62,234099
4878,0.000668,74.125.130.0-255,707,50613,62,234099
4879,0.001243,172.31.40.0-255,66,50679,62,234099
4880,0.001275,74.125.130.0-255,1484,52163,62,234099
4881,0.001281,74.125.130.0-255,2902,55065,62,234099
4882,0.001297,74.125.130.0-255,2902,57967,62,234099
4883,0.001302,172.31.40.0-255,66,58033,62,234099
4884,0.001326,74.125.130.0-255,2902,60935,62,234099
4885,0.00133,74.125.130.0-255,2902,63837,62,234099
4886,0.001333,74.125.130.0-255,1484,65321,62,234099
4887,0.00135,74.125.130.0-255,2902,68223,62,234099
4888,0.001353,172.31.40.0-255,66,68289,62,234099
4889,0.001358,172.31.40.0-255,66,68355,62,234099
4890,0.001374,74.125.130.0-255,2902,71257,62,234099
4891,0.001406,74.125.130.0-255,5738,76995,62,234099
4892,0.001419,172.31.40.0-255,66,77061,62,234099
4893,0.001429,74.125.130.0-255,2902,79963,62,234099
4894,0.001438,172.31.40.0-255,66,80029,62,234099
4895,0.001447,74.125.130.0-255,1484,81513,62,234099
4896,0.001463,74.125.130.0-255,1484,82997,62,234099
4897,0.00148,74.125.130.0-255,2184,85181,62,234099
4898,0.001487,172.31.40.0-255,66,85247,62,234099
4899,0.002612,74.125.130.0-255,1484,86731,62,234099
4900,0.002621,74.125.130.0-255,2902,89633,62,234099
4901,0.002625,172.31.40.0-255,66,89699,62,234099
4902,0.00263,74.125.130.0-255,1484,91183,62,234099
4903,0.002658,74.125.130.0-255,5738,96921,62,234099
4904,0.007283,172.31.40.0-255,66,96987,62,234099
4905,0.009911,74.125.130.0-255,5738,102725,62,234099
4906,0.009917,172.31.40.0-255,66,102791,62,234099
4907,0.012554,74.125.130.0-255,5738,108529,62,234099
4908,0.012563,172.31.40.0-255,66,108595,62,234099
4909,0.015235,74.125.130.0-255,5738,114333,62,234099
4910,0.015245,172.31.40.0-255,66,114399,62,234099
4911,0.017885,74.125.130.0-255,5738,120137,62,234099
4912,0.017894,172.31.40.0-255,66,120203,62,234099
4913,0.020522,74.125.130.0-255,5738,125941,62,234099
4914,0.020529,172.31.40.0-255,66,126007,62,234099
4915,0.023608,74.125.130.0-255,1484,127491,62,234099
4916,0.023634,74.125.130.0-255,4320,131811,62,234099
4917,0.02364,172.31.40.0-255,66,131877,62,234099
4918,0.026277,74.125.130.0-255,5738,137615,62,234099
4919,0.026285,172.31.40.0-255,66,137681,62,234099
4920,0.028935,74.125.130.0-255,2902,140583,62,234099
4921,0.028943,172.31.40.0-255,66,140649,62,234099
4922,0.02897,74.125.130.0-255,2902,143551,62,234099
4923,0.028994,172.31.40.0-255,66,143617,62,234099
4924,0.030095,172.31.40.0-255,167,143784,62,234099
4925,0.03012,172.31.40.0-255,1077,144861,62,234099
4926,0.031613,74.125.130.0-255,2902,147763,62,234099
4927,0.031621,172.31.40.0-255,66,147829,62,234099
4928,0.031651,74.125.130.0-255,2902,150731,62,234099
4929,0.031681,172.31.40.0-255,66,150797,62,234099
4930,0.031758,104.244.42.0-255,66,150863,62,234099
4931,0.031793,104.244.42.0-255,66,150929,62,234099
4932,0.034247,74.125.130.0-255,2902,153831,62,234099
4933,0.034254,172.31.40.0-255,66,153897,62,234099
4934,0.034324,74.125.130.0-255,2902,156799,62,234099
4935,0.034347,172.31.40.0-255,66,156865,62,234099
4936,0.036885,74.125.130.0-255,2902,159767,62,234099
4937,0.036891,172.31.40.0-255,66,159833,62,234099
4938,0.036954,74.125.130.0-255,2902,162735,62,234099
4939,0.036983,172.31.40.0-255,66,162801,62,234099
4940,0.039516,74.125.130.0-255,2902,165703,62,234099
4941,0.039524,172.31.40.0-255,66,165769,62,234099
4942,0.039609,74.125.130.0-255,2902,168671,62,234099
4943,0.039623,172.31.40.0-255,66,168737,62,234099
4944,0.042157,74.125.130.0-255,2902,171639,62,234099
4945,0.042163,172.31.40.0-255,66,171705,62,234099
4946,0.042276,74.125.130.0-255,2902,174607,62,234099
4947,0.04228,172.31.40.0-255,66,174673,62,234099
4948,0.044806,74.125.130.0-255,2902,177575,62,234099
4949,0.044812,172.31.40.0-255,66,177641,62,234099
4950,0.044908,74.125.130.0-255,2902,180543,62,234099
4951,0.044912,172.31.40.0-255,66,180609,62,234099
4952,0.047445,74.125.130.0-255,2902,183511,62,234099
4953,0.047451,172.31.40.0-255,66,183577,62,234099
4954,0.047528,74.125.130.0-255,2902,186479,62,234099
4955,0.047543,172.31.40.0-255,66,186545,62,234099
4956,0.050118,74.125.130.0-255,2902,189447,62,234099
4957,0.050125,172.31.40.0-255,66,189513,62,234099
4958,0.050215,74.125.130.0-255,2902,192415,62,234099
4959,0.050239,172.31.40.0-255,66,192481,62,234099
4960,0.052754,74.125.130.0-255,2902,195383,62,234099
4961,0.052759,172.31.40.0-255,66,195449,62,234099
4962,0.052858,74.125.130.0-255,1484,196933,62,234099
4963,0.052873,74.125.130.0-255,1484,198417,62,234099
4964,0.052876,172.31.40.0-255,66,198483,62,234099
4965,0.05539,74.125.130.0-255,2902,201385,62,234099
4966,0.055396,172.31.40.0-255,66,201451,62,234099
4967,0.055494,74.125.130.0-255,2902,204353,62,234099
4968,0.055514,172.31.40.0-255,66,204419,62,234099
4969,0.058035,74.125.130.0-255,2902,207321,62,234099
4970,0.058042,172.31.40.0-255,66,207387,62,234099
4971,0.058136,74.125.130.0-255,2902,210289,62,234099
4972,0.058139,172.31.40.0-255,66,210355,62,234099
4973,0.06068,74.125.130.0-255,2902,213257,62,234099
4974,0.060688,172.31.40.0-255,66,213323,62,234099
4975,0.060749,74.125.130.0-255,2902,216225,62,234099
4976,0.060787,172.31.40.0-255,66,216291,62,234099
4977,0.063355,74.125.130.0-255,2902,219193,62,234099
4978,0.063361,172.31.40.0-255,66,219259,62,234099
4979,0.063412,74.125.130.0-255,2902,222161,62,234099
4980,0.06343,172.31.40.0-255,66,222227,62,234099
4981,0.066013,74.125.130.0-255,2902,225129,62,234099
4982,0.066019,172.31.40.0-255,66,225195,62,234099
4983,0.066046,74.125.130.0-255,2902,228097,62,234099
4984,0.066093,172.31.40.0-255,66,228163,62,234099
4985,0.068688,74.125.130.0-255,2902,231065,62,234099
4986,0.068694,172.31.40.0-255,66,231131,62,234099
4987,0.068746,74.125.130.0-255,2902,234033,62,234099
4988,0.068772,172.31.40.0-255,66,234099,62,234099
4989,0.0,74.125.24.0-255,152,152,62,185477
4990,2.4e-05,172.31.40.0-255,66,218,62,185477
4991,3.1e-05,74.125.24.0-255,1484,1702,62,185477
4992,3.6e-05,172.31.40.0-255,66,1768,62,185477
4993,5e-05,74.125.24.0-255,2902,4670,62,185477
4994,5.4e-05,172.31.40.0-255,66,4736,62,185477
4995,6.2e-05,74.125.24.0-255,7156,11892,62,185477
4996,6.6e-05,172.31.40.0-255,66,11958,62,185477
4997,7e-05,74.125.24.0-255,2117,14075,62,185477
4998,7.3e-05,172.31.40.0-255,66,14141,62,185477
4999,7.8e-05,74.125.24.0-255,2902,17043,62,185477
5000,8e-05,172.31.40.0-255,66,17109,62,185477
5001,8.6e-05,74.125.24.0-255,5738,22847,62,185477
5002,8.9e-05,172.31.40.0-255,66,22913,62,185477
5003,0.000111,74.125.24.0-255,1484,24397,62,185477
5004,0.000114,172.31.40.0-255,66,24463,62,185477
5005,0.000127,74.125.24.0-255,6797,31260,62,185477
5006,0.00013,172.31.40.0-255,66,31326,62,185477
5007,0.000161,74.125.24.0-255,1484,32810,62,185477
5008,0.000163,172.31.40.0-255,66,32876,62,185477
5009,0.000182,74.125.24.0-255,2902,35778,62,185477
5010,0.000184,172.31.40.0-255,66,35844,62,185477
5011,0.000188,74.125.24.0-255,2902,38746,62,185477
5012,0.000192,172.31.40.0-255,66,38812,62,185477
5013,0.000228,74.125.24.0-255,2902,41714,62,185477
5014,0.000231,172.31.40.0-255,66,41780,62,185477
5015,0.000238,74.125.24.0-255,6797,48577,62,185477
5016,0.00024,172.31.40.0-255,66,48643,62,185477
5017,0.000285,172.31.40.0-255,66,48709,62,185477
5018,0.000288,74.125.24.0-255,1484,50193,62,185477
5019,0.00029,172.31.40.0-255,66,50259,62,185477
5020,0.000311,74.125.24.0-255,1473,51732,62,185477
5021,0.000331,74.125.24.0-255,331,52063,62,185477
5022,0.000335,172.31.40.0-255,66,52129,62,185477
5023,0.000586,74.125.24.0-255,1484,53613,62,185477
5024,0.000593,74.125.24.0-255,2902,56515,62,185477
5025,0.000597,172.31.40.0-255,66,56581,62,185477
5026,0.000603,74.125.24.0-255,4320,60901,62,185477
5027,0.000606,172.31.40.0-255,66,60967,62,185477
5028,0.000609,74.125.24.0-255,1484,62451,62,185477
5029,0.000645,74.125.24.0-255,7156,69607,62,185477
5030,0.000649,172.31.40.0-255,66,69673,62,185477
5031,0.000684,172.31.40.0-255,66,69739,62,185477
5032,0.000713,74.125.24.0-255,5020,74759,62,185477
5033,0.000719,172.31.40.0-255,66,74825,62,185477
5034,0.001092,74.125.24.0-255,1484,76309,62,185477
5035,0.001116,74.125.24.0-255,2902,79211,62,185477
5036,0.00112,172.31.40.0-255,66,79277,62,185477
5037,0.001127,74.125.24.0-255,5738,85015,62,185477
5038,0.001129,172.31.40.0-255,66,85081,62,185477
5039,0.001165,172.31.40.0-255,66,85147,62,185477
5040,0.001181,172.31.40.0-255,66,85213,62,185477
5041,0.00124,74.125.24.0-255,5020,90233,62,185477
5042,0.001243,172.31.40.0-255,66,90299,62,185477
5043,0.001281,74.125.24.0-255,1484,91783,62,185477
5044,0.001295,74.125.24.0-255,2902,94685,62,185477
5045,0.001298,172.31.40.0-255,66,94751,62,185477
5046,0.001302,74.125.24.0-255,1484,96235,62,185477
5047,0.001326,74.125.24.0-255,4320,100555,62,185477
5048,0.00133,172.31.40.0-255,66,100621,62,185477
5049,0.001336,74.125.24.0-255,4320,104941,62,185477
5050,0.001338,172.31.40.0-255,66,105007,62,185477
5051,0.00138,74.125.24.0-255,7156,112163,62,185477
5052,0.001386,172.31.40.0-255,66,112229,62,185477
5053,0.001393,172.31.40.0-255,66,112295,62,185477
5054,0.001399,74.125.24.0-255,3602,115897,62,185477
5055,0.001406,172.31.40.0-255,66,115963,62,185477
5056,0.001432,74.125.24.0-255,1484,117447,62,185477
5057,0.001444,74.125.24.0-255,2902,120349,62,185477
5058,0.001452,172.31.40.0-255,66,120415,62,185477
5059,0.001457,74.125.24.0-255,4320,124735,62,185477
5060,0.001459,172.31.40.0-255,66,124801,62,185477
5061,0.00147,172.31.40.0-255,66,124867,62,185477
5062,0.00151,172.31.40.0-255,66,124933,62,185477
5063,0.001539,74.125.24.0-255,2184,127117,62,185477
5064,0.001541,172.31.40.0-255,66,127183,62,185477
5065,0.001549,74.125.24.0-255,7156,134339,62,185477
5066,0.001551,172.31.40.0-255,66,134405,62,185477
5067,0.001605,172.31.40.0-255,66,134471,62,185477
5068,0.001608,74.125.24.0-255,1484,135955,62,185477
5069,0.001625,172.31.40.0-255,66,136021,62,185477
5070,0.001754,74.125.24.0-255,1484,137505,62,185477
5071,0.00176,74.125.24.0-255,2902,140407,62,185477
5072,0.001763,172.31.40.0-255,66,140473,62,185477
5073,0.001769,74.125.24.0-255,4320,144793,62,185477
5074,0.001771,172.31.40.0-255,66,144859,62,185477
5075,0.001806,74.125.24.0-255,1484,146343,62,185477
5076,0.001824,172.31.40.0-255,66,146409,62,185477
5077,0.001831,74.125.24.0-255,7156,153565,62,185477
5078,0.001834,172.31.40.0-255,66,153631,62,185477
5079,0.001871,172.31.40.0-255,66,153697,62,185477
5080,0.001881,172.31.40.0-255,66,153763,62,185477
5081,0.001937,172.31.40.0-255,66,153829,62,185477
5082,0.001941,74.125.24.0-255,2184,156013,62,185477
5083,0.001944,172.31.40.0-255,66,156079,62,185477
5084,0.001969,74.125.24.0-255,1484,157563,62,185477
5085,0.001975,74.125.24.0-255,2902,160465,62,185477
5086,0.001978,172.31.40.0-255,66,160531,62,185477
5087,0.001984,74.125.24.0-255,5738,166269,62,185477
5088,0.001987,172.31.40.0-255,66,166335,62,185477
5089,0.002068,74.125.24.0-255,2184,168519,62,185477
5090,0.00209,74.125.24.0-255,2902,171421,62,185477
5091,0.002094,74.125.24.0-255,2902,174323,62,185477
5092,0.002101,172.31.40.0-255,66,174389,62,185477
5093,0.002121,74.125.24.0-255,4320,178709,62,185477
5094,0.002147,172.31.40.0-255,66,178775,62,185477
5095,0.002188,74.125.24.0-255,2902,181677,62,185477
5096,0.002199,172.31.40.0-255,66,181743,62,185477
5097,0.00226,172.31.40.0-255,66,181809,62,185477
5098,0.004521,74.125.24.0-255,105,181914,62,185477
5099,0.004724,172.31.40.0-255,66,181980,62,185477
5100,0.004764,172.31.40.0-255,105,182085,62,185477
5101,0.007009,74.125.24.0-255,66,182151,62,185477
5102,0.034673,172.31.40.0-255,167,182318,62,185477
5103,0.034709,172.31.40.0-255,1105,183423,62,185477
5104,0.03477,172.31.40.0-255,1514,184937,62,185477
5105,0.03479,172.31.40.0-255,342,185279,62,185477
5106,0.036219,104.244.42.0-255,66,185345,62,185477
5107,0.036297,104.244.42.0-255,66,185411,62,185477
5108,0.036317,104.244.42.0-255,66,185477,62,185477
5109,0.0,74.125.68.0-255,153,153,62,255847
5110,2.1e-05,172.31.40.0-255,66,219,62,255847
5111,2.7e-05,74.125.68.0-255,1484,1703,62,255847
5112,3.2e-05,172.31.40.0-255,66,1769,62,255847
5113,3.7e-05,74.125.68.0-255,2902,4671,62,255847
5114,4.6e-05,172.31.40.0-255,66,4737,62,255847
5115,5.3e-05,74.125.68.0-255,7156,11893,62,255847
5116,5.6e-05,172.31.40.0-255,66,11959,62,255847
5117,9.5e-05,74.125.68.0-255,1982,13941,62,255847
5118,9.7e-05,172.31.40.0-255,66,14007,62,255847
5119,0.000141,74.125.68.0-255,1484,15491,62,255847
5120,0.000143,172.31.40.0-255,66,15557,62,255847
5121,0.000163,74.125.68.0-255,2902,18459,62,255847
5122,0.000166,172.31.40.0-255,66,18525,62,255847
5123,0.0002,74.125.68.0-255,5738,24263,62,255847
5124,0.000202,172.31.40.0-255,66,24329,62,255847
5125,0.000209,74.125.68.0-255,6797,31126,62,255847
5126,0.000211,172.31.40.0-255,66,31192,62,255847
5127,0.000289,74.125.68.0-255,1484,32676,62,255847
5128,0.000292,172.31.40.0-255,66,32742,62,255847
5129,0.000296,74.125.68.0-255,1484,34226,62,255847
5130,0.000297,172.31.40.0-255,66,34292,62,255847
5131,0.0003,74.125.68.0-255,1484,35776,62,255847
5132,0.000302,172.31.40.0-255,66,35842,62,255847
5133,0.00033,74.125.68.0-255,1484,37326,62,255847
5134,0.000332,172.31.40.0-255,66,37392,62,255847
5135,0.000339,74.125.68.0-255,5738,43130,62,255847
5136,0.00034,172.31.40.0-255,66,43196,62,255847
5137,0.000376,74.125.68.0-255,6797,49993,62,255847
5138,0.000379,172.31.40.0-255,66,50059,62,255847
5139,0.000386,74.125.68.0-255,7156,57215,62,255847
5140,0.000388,172.31.40.0-255,66,57281,62,255847
5141,0.000519,172.31.40.0-255,66,57347,62,255847
5142,0.001073,74.125.68.0-255,413,57760,62,255847
5143,0.001086,74.125.68.0-255,329,58089,62,255847
5144,0.001117,172.31.40.0-255,66,58155,62,255847
5145,0.002076,74.125.68.0-255,1484,59639,62,255847
5146,0.002087,74.125.68.0-255,2902,62541,62,255847
5147,0.002091,74.125.68.0-255,1484,64025,62,255847
5148,0.002106,74.125.68.0-255,4320,68345,62,255847
5149,0.002133,74.125.68.0-255,2902,71247,62,255847
5150,0.002173,74.125.68.0-255,5738,76985,62,255847
5151,0.002201,74.125.68.0-255,5020,82005,62,255847
5152,0.004242,172.31.40.0-255,66,82071,62,255847
5153,0.00657,74.125.68.0-255,5738,87809,62,255847
5154,0.006576,172.31.40.0-255,66,87875,62,255847
5155,0.008906,74.125.68.0-255,5738,93613,62,255847
5156,0.008913,172.31.40.0-255,66,93679,62,255847
5157,0.011228,74.125.68.0-255,5738,99417,62,255847
5158,0.011563,172.31.40.0-255,66,99483,62,255847
5159,0.013883,74.125.68.0-255,5738,105221,62,255847
5160,0.013892,172.31.40.0-255,66,105287,62,255847
5161,0.016204,74.125.68.0-255,2902,108189,62,255847
5162,0.01621,172.31.40.0-255,66,108255,62,255847
5163,0.016243,74.125.68.0-255,2902,111157,62,255847
5164,0.016258,172.31.40.0-255,66,111223,62,255847
5165,0.018514,74.125.68.0-255,2902,114125,62,255847
5166,0.018519,172.31.40.0-255,66,114191,62,255847
5167,0.018549,74.125.68.0-255,2902,117093,62,255847
5168,0.018575,172.31.40.0-255,66,117159,62,255847
5169,0.020837,74.125.68.0-255,2902,120061,62,255847
5170,0.020844,172.31.40.0-255,66,120127,62,255847
5171,0.02087,74.125.68.0-255,2902,123029,62,255847
5172,0.020977,172.31.40.0-255,66,123095,62,255847
5173,0.023148,74.125.68.0-255,2902,125997,62,255847
5174,0.023156,172.31.40.0-255,66,126063,62,255847
5175,0.023275,74.125.68.0-255,2902,128965,62,255847
5176,0.023279,172.31.40.0-255,66,129031,62,255847
5177,0.02545,74.125.68.0-255,2902,131933,62,255847
5178,0.025457,172.31.40.0-255,66,131999,62,255847
5179,0.025586,74.125.68.0-255,2902,134901,62,255847
5180,0.025591,172.31.40.0-255,66,134967,62,255847
5181,0.026342,172.31.40.0-255,172,135139,62,255847
5182,0.026373,172.31.40.0-255,1110,136249,62,255847
5183,0.026435,172.31.40.0-255,1514,137763,62,255847
5184,0.026437,172.31.40.0-255,1514,139277,62,255847
5185,0.026438,172.31.40.0-255,1514,140791,62,255847
5186,0.026439,172.31.40.0-255,1514,142305,62,255847
5187,0.026441,172.31.40.0-255,560,142865,62,255847
5188,0.027751,74.125.68.0-255,2902,145767,62,255847
5189,0.027758,172.31.40.0-255,66,145833,62,255847
5190,0.027895,74.125.68.0-255,2902,148735,62,255847
5191,0.0279,172.31.40.0-255,66,148801,62,255847
5192,0.027944,104.244.42.0-255,66,148867,62,255847
5193,0.027951,104.244.42.0-255,66,148933,62,255847
5194,0.028022,104.244.42.0-255,66,148999,62,255847
5195,0.03007,74.125.68.0-255,2902,151901,62,255847
5196,0.030078,172.31.40.0-255,66,151967,62,255847
5197,0.030193,74.125.68.0-255,2902,154869,62,255847
5198,0.030197,172.31.40.0-255,66,154935,62,255847
5199,0.03239,74.125.68.0-255,2902,157837,62,255847
5200,0.032398,172.31.40.0-255,66,157903,62,255847
5201,0.032492,74.125.68.0-255,2902,160805,62,255847
5202,0.032497,172.31.40.0-255,66,160871,62,255847
5203,0.034691,74.125.68.0-255,2902,163773,62,255847
5204,0.034697,172.31.40.0-255,66,163839,62,255847
5205,0.03479,74.125.68.0-255,2902,166741,62,255847
5206,0.034794,172.31.40.0-255,66,166807,62,255847
5207,0.036991,74.125.68.0-255,2902,169709,62,255847
5208,0.036998,172.31.40.0-255,66,169775,62,255847
5209,0.037101,74.125.68.0-255,2902,172677,62,255847
5210,0.037187,172.31.40.0-255,66,172743,62,255847
5211,0.039298,74.125.68.0-255,2902,175645,62,255847
5212,0.039306,172.31.40.0-255,66,175711,62,255847
5213,0.039479,74.125.68.0-255,2902,178613,62,255847
5214,0.039483,172.31.40.0-255,66,178679,62,255847
5215,0.041626,74.125.68.0-255,2902,181581,62,255847
5216,0.041632,172.31.40.0-255,66,181647,62,255847
5217,0.041778,74.125.68.0-255,2902,184549,62,255847
5218,0.041783,172.31.40.0-255,66,184615,62,255847
5219,0.043951,74.125.68.0-255,2902,187517,62,255847
5220,0.043958,172.31.40.0-255,66,187583,62,255847
5221,0.04408,74.125.68.0-255,2902,190485,62,255847
5222,0.044085,172.31.40.0-255,66,190551,62,255847
5223,0.046264,74.125.68.0-255,2902,193453,62,255847
5224,0.04627,172.31.40.0-255,66,193519,62,255847
5225,0.046372,74.125.68.0-255,2902,196421,62,255847
5226,0.046376,172.31.40.0-255,66,196487,62,255847
5227,0.048577,74.125.68.0-255,2902,199389,62,255847
5228,0.048583,172.31.40.0-255,66,199455,62,255847
5229,0.048663,74.125.68.0-255,2902,202357,62,255847
5230,0.048667,172.31.40.0-255,66,202423,62,255847
5231,0.05088,74.125.68.0-255,2902,205325,62,255847
5232,0.050885,172.31.40.0-255,66,205391,62,255847
5233,0.050956,74.125.68.0-255,2902,208293,62,255847
5234,0.050972,172.31.40.0-255,66,208359,62,255847
5235,0.053174,74.125.68.0-255,2902,211261,62,255847
5236,0.053179,172.31.40.0-255,66,211327,62,255847
5237,0.053281,74.125.68.0-255,2902,214229,62,255847
5238,0.053285,172.31.40.0-255,66,214295,62,255847
5239,0.055481,74.125.68.0-255,2902,217197,62,255847
5240,0.055488,172.31.40.0-255,66,217263,62,255847
5241,0.055616,74.125.68.0-255,2902,220165,62,255847
5242,0.05562,172.31.40.0-255,66,220231,62,255847
5243,0.057777,74.125.68.0-255,2902,223133,62,255847
5244,0.057784,172.31.40.0-255,66,223199,62,255847
5245,0.057917,74.125.68.0-255,2902,226101,62,255847
5246,0.057921,172.31.40.0-255,66,226167,62,255847
5247,0.060081,74.125.68.0-255,2902,229069,62,255847
5248,0.060089,172.31.40.0-255,66,229135,62,255847
5249,0.06024,74.125.68.0-255,2902,232037,62,255847
5250,0.060245,172.31.40.0-255,66,232103,62,255847
5251,0.062389,74.125.68.0-255,2902,235005,62,255847
5252,0.062395,172.31.40.0-255,66,235071,62,255847
5253,0.062552,74.125.68.0-255,2902,237973,62,255847
5254,0.062557,172.31.40.0-255,66,238039,62,255847
5255,0.064689,74.125.68.0-255,2902,240941,62,255847
5256,0.064696,172.31.40.0-255,66,241007,62,255847
5257,0.064843,74.125.68.0-255,2902,243909,62,255847
5258,0.064848,172.31.40.0-255,66,243975,62,255847
5259,0.067006,74.125.68.0-255,2902,246877,62,255847
5260,0.067012,172.31.40.0-255,66,246943,62,255847
5261,0.067135,74.125.68.0-255,2902,249845,62,255847
5262,0.06714,172.31.40.0-255,66,249911,62,255847
5263,0.069316,74.125.68.0-255,2902,252813,62,255847
5264,0.069322,172.31.40.0-255,66,252879,62,255847
5265,0.069429,74.125.68.0-255,2902,255781,62,255847
5266,0.069433,172.31.40.0-255,66,255847,62,255847
5267,0.0,172.217.160.0-255,153,153,62,325475
5268,2.2e-05,172.31.40.0-255,66,219,62,325475
5269,2.9e-05,172.217.160.0-255,1484,1703,62,325475
5270,3.3e-05,172.31.40.0-255,66,1769,62,325475
5271,3.8e-05,172.217.160.0-255,2902,4671,62,325475
5272,4.2e-05,172.31.40.0-255,66,4737,62,325475
5273,4.9e-05,172.217.160.0-255,7156,11893,62,325475
5274,5.2e-05,172.31.40.0-255,66,11959,62,325475
5275,5.6e-05,172.217.160.0-255,2040,13999,62,325475
5276,5.9e-05,172.31.40.0-255,66,14065,62,325475
5277,8.2e-05,172.217.160.0-255,2902,16967,62,325475
5278,8.5e-05,172.31.40.0-255,66,17033,62,325475
5279,8.8e-05,172.217.160.0-255,1484,18517,62,325475
5280,9e-05,172.31.40.0-255,66,18583,62,325475
5281,0.00012,172.217.160.0-255,5738,24321,62,325475
5282,0.000123,172.31.40.0-255,66,24387,62,325475
5283,0.00016,172.217.160.0-255,1484,25871,62,325475
5284,0.000162,172.31.40.0-255,66,25937,62,325475
5285,0.000179,172.217.160.0-255,1484,27421,62,325475
5286,0.000187,172.31.40.0-255,66,27487,62,325475
5287,0.000191,172.217.160.0-255,1484,28971,62,325475
5288,0.000194,172.31.40.0-255,66,29037,62,325475
5289,0.000198,172.217.160.0-255,2543,31580,62,325475
5290,0.0002,172.31.40.0-255,66,31646,62,325475
5291,0.000225,172.217.160.0-255,1484,33130,62,325475
5292,0.000227,172.31.40.0-255,66,33196,62,325475
5293,0.000241,172.217.160.0-255,2902,36098,62,325475
5294,0.000243,172.31.40.0-255,66,36164,62,325475
5295,0.000247,172.217.160.0-255,2902,39066,62,325475
5296,0.000249,172.31.40.0-255,66,39132,62,325475
5297,0.000272,172.217.160.0-255,2902,42034,62,325475
5298,0.000275,172.31.40.0-255,66,42100,62,325475
5299,0.000278,172.217.160.0-255,1484,43584,62,325475
5300,0.00028,172.31.40.0-255,66,43650,62,325475
5301,0.000285,172.217.160.0-255,2902,46552,62,325475
5302,0.000287,172.31.40.0-255,66,46618,62,325475
5303,0.000293,172.217.160.0-255,6797,53415,62,325475
5304,0.000323,172.217.160.0-255,2902,56317,62,325475
5305,0.000333,172.217.160.0-255,1484,57801,62,325475
5306,0.000344,172.217.160.0-255,1484,59285,62,325475
5307,0.000365,172.217.160.0-255,6797,66082,62,325475
5308,0.000388,172.217.160.0-255,371,66453,62,325475
5309,0.000481,172.31.40.0-255,66,66519,62,325475
5310,0.000778,172.217.160.0-255,103,66622,62,325475
5311,0.000835,172.217.160.0-255,365,66987,62,325475
5312,0.000956,172.217.160.0-255,1484,68471,62,325475
5313,0.00096,172.31.40.0-255,66,68537,62,325475
5314,0.000966,172.217.160.0-255,2902,71439,62,325475
5315,0.000969,172.31.40.0-255,66,71505,62,325475
5316,0.000972,172.217.160.0-255,1484,72989,62,325475
5317,0.000993,172.217.160.0-255,4320,77309,62,325475
5318,0.000998,172.31.40.0-255,66,77375,62,325475
5319,0.001007,172.217.160.0-255,1484,78859,62,325475
5320,0.001026,172.31.40.0-255,66,78925,62,325475
5321,0.001042,172.217.160.0-255,2902,81827,62,325475
5322,0.001047,172.31.40.0-255,66,81893,62,325475
5323,0.001058,172.217.160.0-255,4320,86213,62,325475
5324,0.001078,172.31.40.0-255,66,86279,62,325475
5325,0.001085,172.217.160.0-255,6438,92717,62,325475
5326,0.001118,172.31.40.0-255,66,92783,62,325475
5327,0.001767,172.217.160.0-255,1484,94267,62,325475
5328,0.001777,172.217.160.0-255,2902,97169,62,325475
5329,0.001781,172.31.40.0-255,66,97235,62,325475
5330,0.001789,172.217.160.0-255,5738,102973,62,325475
5331,0.001791,172.31.40.0-255,66,103039,62,325475
5332,0.001803,172.31.40.0-255,66,103105,62,325475
5333,0.001831,172.217.160.0-255,2902,106007,62,325475
5334,0.001834,172.31.40.0-255,66,106073,62,325475
5335,0.001846,172.31.40.0-255,66,106139,62,325475
5336,0.003618,172.217.160.0-255,5738,111877,62,325475
5337,0.003625,172.31.40.0-255,66,111943,62,325475
5338,0.005413,172.217.160.0-255,2902,114845,62,325475
5339,0.005418,172.31.40.0-255,66,114911,62,325475
5340,0.005435,172.217.160.0-255,2902,117813,62,325475
5341,0.005437,172.31.40.0-255,66,117879,62,325475
5342,0.007256,172.217.160.0-255,5738,123617,62,325475
5343,0.007262,172.31.40.0-255,66,123683,62,325475
5344,0.009044,172.217.160.0-255,5738,129421,62,325475
5345,0.009051,172.31.40.0-255,66,129487,62,325475
5346,0.010835,172.217.160.0-255,5738,135225,62,325475
5347,0.010844,172.31.40.0-255,66,135291,62,325475
5348,0.012655,172.217.160.0-255,5738,141029,62,325475
5349,0.012664,172.31.40.0-255,66,141095,62,325475
5350,0.014439,172.217.160.0-255,4320,145415,62,325475
5351,0.014446,172.31.40.0-255,66,145481,62,325475
5352,0.014465,172.217.160.0-255,1484,146965,62,325475
5353,0.016222,172.217.160.0-255,4320,151285,62,325475
5354,0.01623,172.31.40.0-255,66,151351,62,325475
5355,0.018027,172.217.160.0-255,4320,155671,62,325475
5356,0.018035,172.31.40.0-255,66,155737,62,325475
5357,0.018055,172.217.160.0-255,1484,157221,62,325475
5358,0.019845,172.217.160.0-255,4320,161541,62,325475
5359,0.019853,172.31.40.0-255,66,161607,62,325475
5360,0.02163,172.217.160.0-255,5738,167345,62,325475
5361,0.021638,172.31.40.0-255,66,167411,62,325475
5362,0.023429,172.217.160.0-255,5738,173149,62,325475
5363,0.023437,172.31.40.0-255,66,173215,62,325475
5364,0.025214,172.217.160.0-255,5738,178953,62,325475
5365,0.025222,172.31.40.0-255,66,179019,62,325475
5366,0.026263,172.31.40.0-255,163,179182,62,325475
5367,0.026294,172.31.40.0-255,1139,180321,62,325475
5368,0.026356,172.31.40.0-255,1514,181835,62,325475
5369,0.026358,172.31.40.0-255,1514,183349,62,325475
5370,0.026359,172.31.40.0-255,1514,184863,62,325475
5371,0.02636,172.31.40.0-255,1052,185915,62,325475
5372,0.026997,172.217.160.0-255,5738,191653,62,325475
5373,0.027004,172.31.40.0-255,66,191719,62,325475
5374,0.027974,104.244.42.0-255,66,191785,62,325475
5375,0.027982,104.244.42.0-255,66,191851,62,325475
5376,0.028075,104.244.42.0-255,66,191917,62,325475
5377,0.028081,104.244.42.0-255,66,191983,62,325475
5378,0.028778,172.217.160.0-255,5738,197721,62,325475
5379,0.028785,172.31.40.0-255,66,197787,62,325475
5380,0.030573,172.217.160.0-255,5738,203525,62,325475
5381,0.03058,172.31.40.0-255,66,203591,62,325475
5382,0.03237,172.217.160.0-255,5738,209329,62,325475
5383,0.032376,172.31.40.0-255,66,209395,62,325475
5384,0.034154,172.217.160.0-255,5738,215133,62,325475
5385,0.034161,172.31.40.0-255,66,215199,62,325475
5386,0.035945,172.217.160.0-255,5738,220937,62,325475
5387,0.035951,172.31.40.0-255,66,221003,62,325475
5388,0.037737,172.217.160.0-255,5738,226741,62,325475
5389,0.037742,172.31.40.0-255,66,226807,62,325475
5390,0.03952,172.217.160.0-255,5738,232545,62,325475
5391,0.039526,172.31.40.0-255,66,232611,62,325475
5392,0.041298,172.217.160.0-255,5738,238349,62,325475
5393,0.041304,172.31.40.0-255,66,238415,62,325475
5394,0.043076,172.217.160.0-255,5738,244153,62,325475
5395,0.043081,172.31.40.0-255,66,244219,62,325475
5396,0.044854,172.217.160.0-255,5738,249957,62,325475
5397,0.04486,172.31.40.0-255,66,250023,62,325475
5398,0.046658,172.217.160.0-255,5738,255761,62,325475
5399,0.046665,172.31.40.0-255,66,255827,62,325475
5400,0.048456,172.217.160.0-255,5738,261565,62,325475
5401,0.048462,172.31.40.0-255,66,261631,62,325475
5402,0.050281,172.217.160.0-255,5738,267369,62,325475
5403,0.050287,172.31.40.0-255,66,267435,62,325475
5404,0.052056,172.217.160.0-255,5738,273173,62,325475
5405,0.052062,172.31.40.0-255,66,273239,62,325475
5406,0.054031,172.217.160.0-255,5738,278977,62,325475
5407,0.054038,172.31.40.0-255,66,279043,62,325475
5408,0.056109,172.217.160.0-255,5738,284781,62,325475
5409,0.056115,172.31.40.0-255,66,284847,62,325475
5410,0.057895,172.217.160.0-255,5738,290585,62,325475
5411,0.057903,172.31.40.0-255,66,290651,62,325475
5412,0.05968,172.217.160.0-255,5738,296389,62,325475
5413,0.059685,172.31.40.0-255,66,296455,62,325475
5414,0.061455,172.217.160.0-255,5738,302193,62,325475
5415,0.06146,172.31.40.0-255,66,302259,62,325475
5416,0.063235,172.217.160.0-255,5738,307997,62,325475
5417,0.063241,172.31.40.0-255,66,308063,62,325475
5418,0.065022,172.217.160.0-255,5738,313801,62,325475
5419,0.065028,172.31.40.0-255,66,313867,62,325475
5420,0.066813,172.217.160.0-255,5738,319605,62,325475
5421,0.066819,172.31.40.0-255,66,319671,62,325475
5422,0.068611,172.217.160.0-255,5738,325409,62,325475
5423,0.068619,172.31.40.0-255,66,325475,62,325475
5424,0.0,172.217.194.0-255,296,296,62,229786
5425,2.3e-05,172.31.40.0-255,66,362,62,229786
5426,2.9e-05,172.217.194.0-255,1484,1846,62,229786
5427,3.3e-05,172.31.40.0-255,66,1912,62,229786
5428,4e-05,172.217.194.0-255,4320,6232,62,229786
5429,4.3e-05,172.31.40.0-255,66,6298,62,229786
5430,4.8e-05,172.217.194.0-255,4320,10618,62,229786
5431,5.2e-05,172.31.40.0-255,66,10684,62,229786
5432,8.6e-05,172.31.40.0-255,66,10750,62,229786
5433,9.8e-05,172.31.40.0-255,66,10816,62,229786
5434,0.000139,172.217.194.0-255,5738,16554,62,229786
5435,0.000141,172.31.40.0-255,66,16620,62,229786
5436,0.000169,172.31.40.0-255,66,16686,62,229786
5437,0.000692,172.217.194.0-255,1484,18170,62,229786
5438,0.000699,172.31.40.0-255,66,18236,62,229786
5439,0.000705,172.217.194.0-255,2902,21138,62,229786
5440,0.000707,172.31.40.0-255,66,21204,62,229786
5441,0.000731,172.217.194.0-255,5738,26942,62,229786
5442,0.000734,172.31.40.0-255,66,27008,62,229786
5443,0.000756,172.217.194.0-255,5738,32746,62,229786
5444,0.000758,172.31.40.0-255,66,32812,62,229786
5445,0.000794,172.217.194.0-255,1715,34527,62,229786
5446,0.000798,172.31.40.0-255,66,34593,62,229786
5447,0.002171,172.217.194.0-255,1484,36077,62,229786
5448,0.002178,172.31.40.0-255,66,36143,62,229786
5449,0.002189,172.217.194.0-255,2902,39045,62,229786
5450,0.002192,172.31.40.0-255,66,39111,62,229786
5451,0.002199,172.217.194.0-255,5738,44849,62,229786
5452,0.002201,172.31.40.0-255,66,44915,62,229786
5453,0.002224,172.217.194.0-255,2902,47817,62,229786
5454,0.002226,172.31.40.0-255,66,47883,62,229786
5455,0.002245,172.217.194.0-255,2902,50785,62,229786
5456,0.002247,172.31.40.0-255,66,50851,62,229786
5457,0.002254,172.217.194.0-255,7156,58007,62,229786
5458,0.002256,172.31.40.0-255,66,58073,62,229786
5459,0.00229,172.31.40.0-255,66,58139,62,229786
5460,0.004539,172.217.194.0-255,5738,63877,62,229786
5461,0.004546,172.31.40.0-255,66,63943,62,229786
5462,0.006826,172.217.194.0-255,5738,69681,62,229786
5463,0.006834,172.31.40.0-255,66,69747,62,229786
5464,0.009081,172.217.194.0-255,5738,75485,62,229786
5465,0.009088,172.31.40.0-255,66,75551,62,229786
5466,0.011347,172.217.194.0-255,5738,81289,62,229786
5467,0.011358,172.31.40.0-255,66,81355,62,229786
5468,0.013616,172.217.194.0-255,5738,87093,62,229786
5469,0.013627,172.31.40.0-255,66,87159,62,229786
5470,0.01591,172.217.194.0-255,5738,92897,62,229786
5471,0.015916,172.31.40.0-255,66,92963,62,229786
5472,0.018161,172.217.194.0-255,5738,98701,62,229786
5473,0.018167,172.31.40.0-255,66,98767,62,229786
5474,0.020414,172.217.194.0-255,5738,104505,62,229786
5475,0.020422,172.31.40.0-255,66,104571,62,229786
5476,0.022678,172.217.194.0-255,5738,110309,62,229786
5477,0.022684,172.31.40.0-255,66,110375,62,229786
5478,0.024948,172.217.194.0-255,5738,116113,62,229786
5479,0.024956,172.31.40.0-255,66,116179,62,229786
5480,0.027243,172.217.194.0-255,5738,121917,62,229786
5481,0.027254,172.31.40.0-255,66,121983,62,229786
5482,0.029514,172.217.194.0-255,5738,127721,62,229786
5483,0.029522,172.31.40.0-255,66,127787,62,229786
5484,0.031766,172.217.194.0-255,5738,133525,62,229786
5485,0.031774,172.31.40.0-255,66,133591,62,229786
5486,0.032981,172.31.40.0-255,172,133763,62,229786
5487,0.03301,172.31.40.0-255,1105,134868,62,229786
5488,0.033072,172.31.40.0-255,1514,136382,62,229786
5489,0.033074,172.31.40.0-255,342,136724,62,229786
5490,0.034047,172.217.194.0-255,5738,142462,62,229786
5491,0.034054,172.31.40.0-255,66,142528,62,229786
5492,0.034513,104.244.42.0-255,66,142594,62,229786
5493,0.034551,104.244.42.0-255,66,142660,62,229786
5494,0.034596,104.244.42.0-255,66,142726,62,229786
5495,0.036317,172.217.194.0-255,5738,148464,62,229786
5496,0.036323,172.31.40.0-255,66,148530,62,229786
5497,0.038574,172.217.194.0-255,5738,154268,62,229786
5498,0.038581,172.31.40.0-255,66,154334,62,229786
5499,0.040839,172.217.194.0-255,5738,160072,62,229786
5500,0.040846,172.31.40.0-255,66,160138,62,229786
5501,0.043113,172.217.194.0-255,5738,165876,62,229786
5502,0.043126,172.31.40.0-255,66,165942,62,229786
5503,0.045384,172.217.194.0-255,5738,171680,62,229786
5504,0.04539,172.31.40.0-255,66,171746,62,229786
5505,0.047635,172.217.194.0-255,5738,177484,62,229786
5506,0.047642,172.31.40.0-255,66,177550,62,229786
5507,0.049892,172.217.194.0-255,5738,183288,62,229786
5508,0.049899,172.31.40.0-255,66,183354,62,229786
5509,0.052143,172.217.194.0-255,5738,189092,62,229786
5510,0.05215,172.31.40.0-255,66,189158,62,229786
5511,0.054392,172.217.194.0-255,5738,194896,62,229786
5512,0.054399,172.31.40.0-255,66,194962,62,229786
5513,0.056646,172.217.194.0-255,5738,200700,62,229786
5514,0.056653,172.31.40.0-255,66,200766,62,229786
5515,0.0589,172.217.194.0-255,5738,206504,62,229786
5516,0.058907,172.31.40.0-255,66,206570,62,229786
5517,0.061153,172.217.194.0-255,5738,212308,62,229786
5518,0.06116,172.31.40.0-255,66,212374,62,229786
5519,0.063414,172.217.194.0-255,5738,218112,62,229786
5520,0.063422,172.31.40.0-255,66,218178,62,229786
5521,0.065694,172.217.194.0-255,5738,223916,62,229786
5522,0.065703,172.31.40.0-255,66,223982,62,229786
5523,0.067961,172.217.194.0-255,5738,229720,62,229786
5524,0.067968,172.31.40.0-255,66,229786,62,229786
5525,0.0,74.125.24.0-255,150,150,62,144703
5526,2.5e-05,172.31.40.0-255,66,216,62,144703
5527,3.2e-05,74.125.24.0-255,1484,1700,62,144703
5528,3.8e-05,172.31.40.0-255,66,1766,62,144703
5529,4.5e-05,74.125.24.0-255,2902,4668,62,144703
5530,4.8e-05,172.31.40.0-255,66,4734,62,144703
5531,5.6e-05,74.125.24.0-255,7156,11890,62,144703
5532,5.9e-05,172.31.40.0-255,66,11956,62,144703
5533,6.5e-05,74.125.24.0-255,4320,16276,62,144703
5534,6.8e-05,172.31.40.0-255,66,16342,62,144703
5535,0.000109,172.31.40.0-255,66,16408,62,144703
5536,0.000114,74.125.24.0-255,2543,18951,62,144703
5537,0.000117,172.31.40.0-255,66,19017,62,144703
5538,0.001353,74.125.24.0-255,1484,20501,62,144703
5539,0.001361,172.31.40.0-255,66,20567,62,144703
5540,0.001371,74.125.24.0-255,2902,23469,62,144703
5541,0.001373,172.31.40.0-255,66,23535,62,144703
5542,0.00138,74.125.24.0-255,5738,29273,62,144703
5543,0.001382,172.31.40.0-255,66,29339,62,144703
5544,0.001428,172.31.40.0-255,66,29405,62,144703
5545,0.001439,172.31.40.0-255,66,29471,62,144703
5546,0.001483,74.125.24.0-255,4299,33770,62,144703
5547,0.001486,172.31.40.0-255,66,33836,62,144703
5548,0.001545,74.125.24.0-255,1484,35320,62,144703
5549,0.001549,172.31.40.0-255,66,35386,62,144703
5550,0.001554,74.125.24.0-255,2902,38288,62,144703
5551,0.001556,172.31.40.0-255,66,38354,62,144703
5552,0.00157,74.125.24.0-255,4320,42674,62,144703
5553,0.001572,172.31.40.0-255,66,42740,62,144703
5554,0.001592,74.125.24.0-255,1484,44224,62,144703
5555,0.001596,74.125.24.0-255,1484,45708,62,144703
5556,0.001598,172.31.40.0-255,66,45774,62,144703
5557,0.001617,74.125.24.0-255,7156,52930,62,144703
5558,0.00162,172.31.40.0-255,66,52996,62,144703
5559,0.001651,74.125.24.0-255,6797,59793,62,144703
5560,0.001655,172.31.40.0-255,66,59859,62,144703
5561,0.001665,172.31.40.0-255,66,59925,62,144703
5562,0.001757,74.125.24.0-255,1484,61409,62,144703
5563,0.001764,74.125.24.0-255,2902,64311,62,144703
5564,0.001767,172.31.40.0-255,66,64377,62,144703
5565,0.00177,74.125.24.0-255,1484,65861,62,144703
5566,0.001794,74.125.24.0-255,4320,70181,62,144703
5567,0.001797,172.31.40.0-255,66,70247,62,144703
5568,0.001801,74.125.24.0-255,2902,73149,62,144703
5569,0.001803,172.31.40.0-255,66,73215,62,144703
5570,0.001828,172.31.40.0-255,66,73281,62,144703
5571,0.001835,74.125.24.0-255,5738,79019,62,144703
5572,0.001837,172.31.40.0-255,66,79085,62,144703
5573,0.001853,74.125.24.0-255,5020,84105,62,144703
5574,0.001855,172.31.40.0-255,66,84171,62,144703
5575,0.002005,74.125.24.0-255,1484,85655,62,144703
5576,0.002019,74.125.24.0-255,2902,88557,62,144703
5577,0.002022,172.31.40.0-255,66,88623,62,144703
5578,0.00203,74.125.24.0-255,5738,94361,62,144703
5579,0.002032,172.31.40.0-255,66,94427,62,144703
5580,0.002038,74.125.24.0-255,5738,100165,62,144703
5581,0.00204,172.31.40.0-255,66,100231,62,144703
5582,0.002071,74.125.24.0-255,7156,107387,62,144703
5583,0.002074,172.31.40.0-255,66,107453,62,144703
5584,0.002098,172.31.40.0-255,66,107519,62,144703
5585,0.002101,74.125.24.0-255,766,108285,62,144703
5586,0.002166,74.125.24.0-255,1484,109769,62,144703
5587,0.002169,172.31.40.0-255,66,109835,62,144703
5588,0.002174,74.125.24.0-255,2902,112737,62,144703
5589,0.002177,172.31.40.0-255,66,112803,62,144703
5590,0.002193,74.125.24.0-255,5738,118541,62,144703
5591,0.002196,172.31.40.0-255,66,118607,62,144703
5592,0.002212,74.125.24.0-255,1484,120091,62,144703
5593,0.002238,172.31.40.0-255,66,120157,62,144703
5594,0.002261,172.31.40.0-255,66,120223,62,144703
5595,0.002276,74.125.24.0-255,2184,122407,62,144703
5596,0.002278,172.31.40.0-255,66,122473,62,144703
5597,0.002282,74.125.24.0-255,1484,123957,62,144703
5598,0.002317,172.31.40.0-255,66,124023,62,144703
5599,0.002353,172.31.40.0-255,66,124089,62,144703
5600,0.00236,74.125.24.0-255,6438,130527,62,144703
5601,0.002362,172.31.40.0-255,66,130593,62,144703
5602,0.002366,74.125.24.0-255,1484,132077,62,144703
5603,0.00246,172.31.40.0-255,66,132143,62,144703
5604,0.002492,74.125.24.0-255,3602,135745,62,144703
5605,0.002495,172.31.40.0-255,66,135811,62,144703
5606,0.00252,172.31.40.0-255,66,135877,62,144703
5607,0.002545,172.31.40.0-255,66,135943,62,144703
5608,0.002558,172.31.40.0-255,66,136009,62,144703
5609,0.002576,172.31.40.0-255,66,136075,62,144703
5610,0.002589,172.31.40.0-255,66,136141,62,144703
5611,0.002604,172.31.40.0-255,66,136207,62,144703
5612,0.002645,172.31.40.0-255,66,136273,62,144703
5613,0.00265,74.125.24.0-255,3625,139898,62,144703
5614,0.002652,172.31.40.0-255,66,139964,62,144703
5615,0.003499,172.31.40.0-255,101,140065,62,144703
5616,0.005259,74.125.24.0-255,105,140170,62,144703
5617,0.006098,74.125.24.0-255,66,140236,62,144703
5618,0.009184,172.31.40.0-255,105,140341,62,144703
5619,0.011794,74.125.24.0-255,66,140407,62,144703
5620,0.033762,172.31.40.0-255,172,140579,62,144703
5621,0.033791,172.31.40.0-255,1110,141689,62,144703
5622,0.033841,172.31.40.0-255,1514,143203,62,144703
5623,0.033843,172.31.40.0-255,1302,144505,62,144703
5624,0.03529,104.244.42.0-255,66,144571,62,144703
5625,0.035326,104.244.42.0-255,66,144637,62,144703
5626,0.035382,104.244.42.0-255,66,144703,62,144703
5627,0.0,172.217.194.0-255,146,146,62,228643
5628,2.3e-05,172.31.40.0-255,66,212,62,228643
5629,3.1e-05,172.217.194.0-255,1484,1696,62,228643
5630,3.5e-05,172.31.40.0-255,66,1762,62,228643
5631,4.1e-05,172.217.194.0-255,2902,4664,62,228643
5632,4.3e-05,172.31.40.0-255,66,4730,62,228643
5633,5.9e-05,172.217.194.0-255,7156,11886,62,228643
5634,6.2e-05,172.31.40.0-255,66,11952,62,228643
5635,7.2e-05,172.31.40.0-255,66,12018,62,228643
5636,0.000116,172.31.40.0-255,66,12084,62,228643
5637,0.000139,172.217.194.0-255,1484,13568,62,228643
5638,0.000141,172.31.40.0-255,66,13634,62,228643
5639,0.000182,172.31.40.0-255,66,13700,62,228643
5640,0.000201,172.31.40.0-255,66,13766,62,228643
5641,0.000206,172.217.194.0-255,2543,16309,62,228643
5642,0.000208,172.31.40.0-255,66,16375,62,228643
5643,0.00083,172.217.194.0-255,645,17020,62,228643
5644,0.000836,172.31.40.0-255,66,17086,62,228643
5645,0.00114,172.217.194.0-255,1484,18570,62,228643
5646,0.001146,172.31.40.0-255,66,18636,62,228643
5647,0.001156,172.217.194.0-255,2902,21538,62,228643
5648,0.001159,172.31.40.0-255,66,21604,62,228643
5649,0.001168,172.217.194.0-255,2902,24506,62,228643
5650,0.001171,172.31.40.0-255,66,24572,62,228643
5651,0.001207,172.217.194.0-255,2902,27474,62,228643
5652,0.001211,172.31.40.0-255,66,27540,62,228643
5653,0.001225,172.31.40.0-255,66,27606,62,228643
5654,0.001238,172.31.40.0-255,66,27672,62,228643
5655,0.003221,172.217.194.0-255,5738,33410,62,228643
5656,0.003228,172.31.40.0-255,66,33476,62,228643
5657,0.005223,172.217.194.0-255,2902,36378,62,228643
5658,0.005226,172.31.40.0-255,66,36444,62,228643
5659,0.005251,172.217.194.0-255,2902,39346,62,228643
5660,0.005253,172.31.40.0-255,66,39412,62,228643
5661,0.007263,172.217.194.0-255,5738,45150,62,228643
5662,0.00727,172.31.40.0-255,66,45216,62,228643
5663,0.009316,172.217.194.0-255,5738,50954,62,228643
5664,0.009328,172.31.40.0-255,66,51020,62,228643
5665,0.011339,172.217.194.0-255,5738,56758,62,228643
5666,0.011348,172.31.40.0-255,66,56824,62,228643
5667,0.013325,172.217.194.0-255,5738,62562,62,228643
5668,0.013332,172.31.40.0-255,66,62628,62,228643
5669,0.015335,172.217.194.0-255,5738,68366,62,228643
5670,0.015346,172.31.40.0-255,66,68432,62,228643
5671,0.01733,172.217.194.0-255,5738,74170,62,228643
5672,0.017341,172.31.40.0-255,66,74236,62,228643
5673,0.019342,172.217.194.0-255,5738,79974,62,228643
5674,0.019349,172.31.40.0-255,66,80040,62,228643
5675,0.021355,172.217.194.0-255,5738,85778,62,228643
5676,0.021361,172.31.40.0-255,66,85844,62,228643
5677,0.023331,172.217.194.0-255,5738,91582,62,228643
5678,0.023338,172.31.40.0-255,66,91648,62,228643
5679,0.025316,172.217.194.0-255,5738,97386,62,228643
5680,0.025325,172.31.40.0-255,66,97452,62,228643
5681,0.02732,172.217.194.0-255,5738,103190,62,228643
5682,0.027329,172.31.40.0-255,66,103256,62,228643
5683,0.029302,172.217.194.0-255,5738,108994,62,228643
5684,0.029309,172.31.40.0-255,66,109060,62,228643
5685,0.031302,172.217.194.0-255,5738,114798,62,228643
5686,0.03131,172.31.40.0-255,66,114864,62,228643
5687,0.031319,172.31.40.0-255,172,115036,62,228643
5688,0.031359,172.31.40.0-255,1105,116141,62,228643
5689,0.031417,172.31.40.0-255,1514,117655,62,228643
5690,0.031419,172.31.40.0-255,340,117995,62,228643
5691,0.032863,104.244.42.0-255,66,118061,62,228643
5692,0.032909,104.244.42.0-255,66,118127,62,228643
5693,0.033007,104.244.42.0-255,66,118193,62,228643
5694,0.033304,172.217.194.0-255,5738,123931,62,228643
5695,0.03331,172.31.40.0-255,66,123997,62,228643
5696,0.033589,104.244.42.0-255,108,124105,62,228643
5697,0.033594,172.31.40.0-255,66,124171,62,228643
5698,0.035308,172.217.194.0-255,5738,129909,62,228643
5699,0.035313,172.31.40.0-255,66,129975,62,228643
5700,0.037337,172.217.194.0-255,5738,135713,62,228643
5701,0.037345,172.31.40.0-255,66,135779,62,228643
5702,0.039345,172.217.194.0-255,5738,141517,62,228643
5703,0.039353,172.31.40.0-255,66,141583,62,228643
5704,0.041326,172.217.194.0-255,5738,147321,62,228643
5705,0.041332,172.31.40.0-255,66,147387,62,228643
5706,0.043316,172.217.194.0-255,5738,153125,62,228643
5707,0.043323,172.31.40.0-255,66,153191,62,228643
5708,0.045334,172.217.194.0-255,5738,158929,62,228643
5709,0.045341,172.31.40.0-255,66,158995,62,228643
5710,0.04733,172.217.194.0-255,5738,164733,62,228643
5711,0.047336,172.31.40.0-255,66,164799,62,228643
5712,0.049334,172.217.194.0-255,5738,170537,62,228643
5713,0.049341,172.31.40.0-255,66,170603,62,228643
5714,0.051339,172.217.194.0-255,5738,176341,62,228643
5715,0.051347,172.31.40.0-255,66,176407,62,228643
5716,0.053326,172.217.194.0-255,5738,182145,62,228643
5717,0.053333,172.31.40.0-255,66,182211,62,228643
5718,0.055326,172.217.194.0-255,5738,187949,62,228643
5719,0.055341,172.31.40.0-255,66,188015,62,228643
5720,0.057333,172.217.194.0-255,5738,193753,62,228643
5721,0.057348,172.31.40.0-255,66,193819,62,228643
5722,0.05934,172.217.194.0-255,5738,199557,62,228643
5723,0.059355,172.31.40.0-255,66,199623,62,228643
5724,0.061359,172.217.194.0-255,5738,205361,62,228643
5725,0.061371,172.31.40.0-255,66,205427,62,228643
5726,0.063373,172.217.194.0-255,5738,211165,62,228643
5727,0.063379,172.31.40.0-255,66,211231,62,228643
5728,0.065394,172.217.194.0-255,5738,216969,62,228643
5729,0.065402,172.31.40.0-255,66,217035,62,228643
5730,0.067367,172.217.194.0-255,5738,222773,62,228643
5731,0.067374,172.31.40.0-255,66,222839,62,228643
5732,0.069371,172.217.194.0-255,5738,228577,62,228643
5733,0.069378,172.31.40.0-255,66,228643,62,228643
5734,0.0,172.217.194.0-255,146,146,62,178647
5735,2.1e-05,172.31.40.0-255,66,212,62,178647
5736,2.8e-05,172.217.194.0-255,1484,1696,62,178647
5737,3.4e-05,172.31.40.0-255,66,1762,62,178647
5738,4e-05,172.217.194.0-255,2902,4664,62,178647
5739,4.4e-05,172.31.40.0-255,66,4730,62,178647
5740,5.1e-05,172.217.194.0-255,7156,11886,62,178647
5741,5.4e-05,172.31.40.0-255,66,11952,62,178647
5742,9.6e-05,172.31.40.0-255,66,12018,62,178647
5743,0.000116,172.217.194.0-255,3961,15979,62,178647
5744,0.000119,172.31.40.0-255,66,16045,62,178647
5745,0.000143,172.217.194.0-255,4320,20365,62,178647
5746,0.000146,172.31.40.0-255,66,20431,62,178647
5747,0.000165,172.217.194.0-255,7156,27587,62,178647
5748,0.000168,172.31.40.0-255,66,27653,62,178647
5749,0.000189,172.217.194.0-255,2902,30555,62,178647
5750,0.000192,172.31.40.0-255,66,30621,62,178647
5751,0.000196,172.217.194.0-255,2543,33164,62,178647
5752,0.000198,172.31.40.0-255,66,33230,62,178647
5753,0.000224,172.217.194.0-255,5738,38968,62,178647
5754,0.000227,172.31.40.0-255,66,39034,62,178647
5755,0.000252,172.217.194.0-255,7156,46190,62,178647
5756,0.000255,172.31.40.0-255,66,46256,62,178647
5757,0.000276,172.217.194.0-255,4574,50830,62,178647
5758,0.000279,172.31.40.0-255,66,50896,62,178647
5759,0.000357,172.217.194.0-255,1484,52380,62,178647
5760,0.000361,172.31.40.0-255,66,52446,62,178647
5761,0.000364,172.217.194.0-255,1484,53930,62,178647
5762,0.000366,172.31.40.0-255,66,53996,62,178647
5763,0.000381,172.217.194.0-255,1484,55480,62,178647
5764,0.000383,172.31.40.0-255,66,55546,62,178647
5765,0.00039,172.217.194.0-255,5738,61284,62,178647
5766,0.000392,172.31.40.0-255,66,61350,62,178647
5767,0.000431,172.217.194.0-255,1484,62834,62,178647
5768,0.000434,172.31.40.0-255,66,62900,62,178647
5769,0.000457,172.217.194.0-255,5379,68279,62,178647
5770,0.00046,172.31.40.0-255,66,68345,62,178647
5771,0.000468,172.217.194.0-255,7156,75501,62,178647
5772,0.00047,172.31.40.0-255,66,75567,62,178647
5773,0.000489,172.217.194.0-255,1484,77051,62,178647
5774,0.000491,172.31.40.0-255,66,77117,62,178647
5775,0.000515,172.31.40.0-255,66,77183,62,178647
5776,0.000841,172.217.194.0-255,1484,78667,62,178647
5777,0.000845,172.31.40.0-255,66,78733,62,178647
5778,0.000851,172.217.194.0-255,2902,81635,62,178647
5779,0.000853,172.31.40.0-255,66,81701,62,178647
5780,0.000868,172.217.194.0-255,4320,86021,62,178647
5781,0.000871,172.31.40.0-255,66,86087,62,178647
5782,0.000901,172.217.194.0-255,1484,87571,62,178647
5783,0.000905,172.31.40.0-255,66,87637,62,178647
5784,0.000919,172.31.40.0-255,66,87703,62,178647
5785,0.000922,172.217.194.0-255,1484,89187,62,178647
5786,0.000924,172.31.40.0-255,66,89253,62,178647
5787,0.000958,172.31.40.0-255,66,89319,62,178647
5788,0.000972,172.217.194.0-255,1484,90803,62,178647
5789,0.000975,172.31.40.0-255,66,90869,62,178647
5790,0.000988,172.31.40.0-255,66,90935,62,178647
5791,0.001009,172.217.194.0-255,5738,96673,62,178647
5792,0.001012,172.31.40.0-255,66,96739,62,178647
5793,0.001044,172.217.194.0-255,7156,103895,62,178647
5794,0.001047,172.31.40.0-255,66,103961,62,178647
5795,0.001077,172.31.40.0-255,66,104027,62,178647
5796,0.001244,172.217.194.0-255,1484,105511,62,178647
5797,0.001248,172.31.40.0-255,66,105577,62,178647
5798,0.001254,172.217.194.0-255,2902,108479,62,178647
5799,0.001256,172.31.40.0-255,66,108545,62,178647
5800,0.001319,172.217.194.0-255,5738,114283,62,178647
5801,0.001322,172.31.40.0-255,66,114349,62,178647
5802,0.001337,172.31.40.0-255,66,114415,62,178647
5803,0.001347,172.31.40.0-255,66,114481,62,178647
5804,0.001373,172.217.194.0-255,5738,120219,62,178647
5805,0.001377,172.31.40.0-255,66,120285,62,178647
5806,0.001395,172.217.194.0-255,2184,122469,62,178647
5807,0.001397,172.31.40.0-255,66,122535,62,178647
5808,0.00141,172.217.194.0-255,1484,124019,62,178647
5809,0.001412,172.31.40.0-255,66,124085,62,178647
5810,0.001449,172.31.40.0-255,66,124151,62,178647
5811,0.001493,172.217.194.0-255,1484,125635,62,178647
5812,0.001497,172.31.40.0-255,66,125701,62,178647
5813,0.001524,172.31.40.0-255,66,125767,62,178647
5814,0.001528,172.217.194.0-255,2902,128669,62,178647
5815,0.00153,172.31.40.0-255,66,128735,62,178647
5816,0.001556,172.217.194.0-255,7156,135891,62,178647
5817,0.001559,172.31.40.0-255,66,135957,62,178647
5818,0.001603,172.31.40.0-255,66,136023,62,178647
5819,0.001665,172.217.194.0-255,2184,138207,62,178647
5820,0.001668,172.31.40.0-255,66,138273,62,178647
5821,0.001674,172.217.194.0-255,4320,142593,62,178647
5822,0.001676,172.31.40.0-255,66,142659,62,178647
5823,0.001718,172.31.40.0-255,66,142725,62,178647
5824,0.001778,172.217.194.0-255,2902,145627,62,178647
5825,0.001782,172.31.40.0-255,66,145693,62,178647
5826,0.001809,172.31.40.0-255,66,145759,62,178647
5827,0.001858,172.31.40.0-255,66,145825,62,178647
5828,0.001952,172.31.40.0-255,66,145891,62,178647
5829,0.001987,172.31.40.0-255,66,145957,62,178647
5830,0.002071,172.217.194.0-255,4320,150277,62,178647
5831,0.002074,172.31.40.0-255,66,150343,62,178647
5832,0.002101,172.31.40.0-255,66,150409,62,178647
5833,0.002121,172.217.194.0-255,1484,151893,62,178647
5834,0.002125,172.217.194.0-255,2902,154795,62,178647
5835,0.002128,172.31.40.0-255,66,154861,62,178647
5836,0.002135,172.31.40.0-255,66,154927,62,178647
5837,0.002138,172.217.194.0-255,1484,156411,62,178647
5838,0.00214,172.31.40.0-255,66,156477,62,178647
5839,0.002166,172.217.194.0-255,4320,160797,62,178647
5840,0.002169,172.31.40.0-255,66,160863,62,178647
5841,0.002183,172.31.40.0-255,66,160929,62,178647
5842,0.002207,172.217.194.0-255,7156,168085,62,178647
5843,0.00221,172.31.40.0-255,66,168151,62,178647
5844,0.002238,172.217.194.0-255,3602,171753,62,178647
5845,0.002253,172.217.194.0-255,3160,174913,62,178647
5846,0.011241,172.31.40.0-255,66,174979,62,178647
5847,0.012232,172.217.194.0-255,105,175084,62,178647
5848,0.013772,172.31.40.0-255,66,175150,62,178647
5849,0.013812,172.31.40.0-255,105,175255,62,178647
5850,0.01604,172.217.194.0-255,66,175321,62,178647
5851,0.044705,172.31.40.0-255,167,175488,62,178647
5852,0.044756,172.31.40.0-255,1105,176593,62,178647
5853,0.044816,172.31.40.0-255,1514,178107,62,178647
5854,0.044818,172.31.40.0-255,342,178449,62,178647
5855,0.046255,104.244.42.0-255,66,178515,62,178647
5856,0.046303,104.244.42.0-255,66,178581,62,178647
5857,0.04638,104.244.42.0-255,66,178647,62,178647
5858,0.0,216.58.221.0-255,152,152,62,269034
5859,2.1e-05,172.31.40.0-255,66,218,62,269034
5860,2.8e-05,216.58.221.0-255,1484,1702,62,269034
5861,3.2e-05,172.31.40.0-255,66,1768,62,269034
5862,3.7e-05,216.58.221.0-255,2902,4670,62,269034
5863,4.8e-05,172.31.40.0-255,66,4736,62,269034
5864,5.5e-05,216.58.221.0-255,5738,10474,62,269034
5865,5.8e-05,172.31.40.0-255,66,10540,62,269034
5866,6.5e-05,216.58.221.0-255,6351,16891,62,269034
5867,6.8e-05,172.31.40.0-255,66,16957,62,269034
5868,0.000113,172.31.40.0-255,66,17023,62,269034
5869,0.000149,216.58.221.0-255,1484,18507,62,269034
5870,0.000151,172.31.40.0-255,66,18573,62,269034
5871,0.000156,216.58.221.0-255,2902,21475,62,269034
5872,0.000158,172.31.40.0-255,66,21541,62,269034
5873,0.000191,216.58.221.0-255,5738,27279,62,269034
5874,0.000194,172.31.40.0-255,66,27345,62,269034
5875,0.000221,216.58.221.0-255,6797,34142,62,269034
5876,0.000223,172.31.40.0-255,66,34208,62,269034
5877,0.000291,216.58.221.0-255,1484,35692,62,269034
5878,0.000294,172.31.40.0-255,66,35758,62,269034
5879,0.000318,216.58.221.0-255,2902,38660,62,269034
5880,0.00032,172.31.40.0-255,66,38726,62,269034
5881,0.000325,216.58.221.0-255,2902,41628,62,269034
5882,0.000327,172.31.40.0-255,66,41694,62,269034
5883,0.000332,216.58.221.0-255,4320,46014,62,269034
5884,0.000337,172.31.40.0-255,66,46080,62,269034
5885,0.000385,216.58.221.0-255,2902,48982,62,269034
5886,0.000388,172.31.40.0-255,66,49048,62,269034
5887,0.000404,216.58.221.0-255,2834,51882,62,269034
5888,0.000406,172.31.40.0-255,66,51948,62,269034
5889,0.001035,216.58.221.0-255,136,52084,62,269034
5890,0.001148,216.58.221.0-255,1484,53568,62,269034
5891,0.001153,172.31.40.0-255,66,53634,62,269034
5892,0.001158,216.58.221.0-255,1484,55118,62,269034
5893,0.001178,216.58.221.0-255,1484,56602,62,269034
5894,0.001181,172.31.40.0-255,66,56668,62,269034
5895,0.001184,216.58.221.0-255,1484,58152,62,269034
5896,0.001205,216.58.221.0-255,1484,59636,62,269034
5897,0.001207,172.31.40.0-255,66,59702,62,269034
5898,0.001224,216.58.221.0-255,1484,61186,62,269034
5899,0.00123,216.58.221.0-255,4320,65506,62,269034
5900,0.001232,172.31.40.0-255,66,65572,62,269034
5901,0.001262,216.58.221.0-255,1484,67056,62,269034
5902,0.001268,216.58.221.0-255,3961,71017,62,269034
5903,0.00127,172.31.40.0-255,66,71083,62,269034
5904,0.001275,216.58.221.0-255,4320,75403,62,269034
5905,0.001277,172.31.40.0-255,66,75469,62,269034
5906,0.001291,172.31.40.0-255,66,75535,62,269034
5907,0.001315,216.58.221.0-255,1125,76660,62,269034
5908,0.001763,216.58.221.0-255,1484,78144,62,269034
5909,0.001769,172.31.40.0-255,66,78210,62,269034
5910,0.001775,216.58.221.0-255,2902,81112,62,269034
5911,0.001777,172.31.40.0-255,66,81178,62,269034
5912,0.001796,216.58.221.0-255,2902,84080,62,269034
5913,0.001798,172.31.40.0-255,66,84146,62,269034
5914,0.00182,216.58.221.0-255,4320,88466,62,269034
5915,0.001821,172.31.40.0-255,66,88532,62,269034
5916,0.001835,172.31.40.0-255,66,88598,62,269034
5917,0.001868,216.58.221.0-255,2902,91500,62,269034
5918,0.001869,172.31.40.0-255,66,91566,62,269034
5919,0.001888,216.58.221.0-255,5738,97304,62,269034
5920,0.001889,172.31.40.0-255,66,97370,62,269034
5921,0.001961,216.58.221.0-255,5020,102390,62,269034
5922,0.001964,172.31.40.0-255,66,102456,62,269034
5923,0.001992,216.58.221.0-255,5738,108194,62,269034
5924,0.001995,172.31.40.0-255,66,108260,62,269034
5925,0.001999,216.58.221.0-255,4320,112580,62,269034
5926,0.002001,172.31.40.0-255,66,112646,62,269034
5927,0.002018,216.58.221.0-255,2902,115548,62,269034
5928,0.00202,172.31.40.0-255,66,115614,62,269034
5929,0.002051,172.31.40.0-255,66,115680,62,269034
5930,0.002111,172.31.40.0-255,66,115746,62,269034
5931,0.002137,216.58.221.0-255,3602,119348,62,269034
5932,0.002139,172.31.40.0-255,66,119414,62,269034
5933,0.002144,216.58.221.0-255,2902,122316,62,269034
5934,0.002145,172.31.40.0-255,66,122382,62,269034
5935,0.002156,216.58.221.0-255,7156,129538,62,269034
5936,0.002158,172.31.40.0-255,66,129604,62,269034
5937,0.002194,172.31.40.0-255,66,129670,62,269034
5938,0.002247,216.58.221.0-255,2902,132572,62,269034
5939,0.002249,172.31.40.0-255,66,132638,62,269034
5940,0.002275,216.58.221.0-255,5738,138376,62,269034
5941,0.002277,172.31.40.0-255,66,138442,62,269034
5942,0.002292,216.58.221.0-255,1484,139926,62,269034
5943,0.002306,216.58.221.0-255,2184,142110,62,269034
5944,0.002308,172.31.40.0-255,78,142188,62,269034
5945,0.00231,216.58.221.0-255,1484,143672,62,269034
5946,0.002313,172.31.40.0-255,66,143738,62,269034
5947,0.002337,216.58.221.0-255,5738,149476,62,269034
5948,0.002339,172.31.40.0-255,66,149542,62,269034
5949,0.002342,216.58.221.0-255,1484,151026,62,269034
5950,0.002364,216.58.221.0-255,2902,153928,62,269034
5951,0.002366,172.31.40.0-255,66,153994,62,269034
5952,0.002387,216.58.221.0-255,1484,155478,62,269034
5953,0.002391,216.58.221.0-255,2902,158380,62,269034
5954,0.002394,172.31.40.0-255,66,158446,62,269034
5955,0.002412,216.58.221.0-255,5738,164184,62,269034
5956,0.002414,172.31.40.0-255,66,164250,62,269034
5957,0.002438,172.31.40.0-255,66,164316,62,269034
5958,0.002506,216.58.221.0-255,4320,168636,62,269034
5959,0.002508,172.31.40.0-255,66,168702,62,269034
5960,0.002534,216.58.221.0-255,4320,173022,62,269034
5961,0.002537,172.31.40.0-255,66,173088,62,269034
5962,0.00257,172.31.40.0-255,66,173154,62,269034
5963,0.002605,216.58.221.0-255,4320,177474,62,269034
5964,0.002608,172.31.40.0-255,66,177540,62,269034
5965,0.002633,172.31.40.0-255,66,177606,62,269034
5966,0.002854,216.58.221.0-255,1484,179090,62,269034
5967,0.002858,216.58.221.0-255,1484,180574,62,269034
5968,0.00286,172.31.40.0-255,66,180640,62,269034
5969,0.002886,216.58.221.0-255,1484,182124,62,269034
5970,0.002892,216.58.221.0-255,5738,187862,62,269034
5971,0.002895,172.31.40.0-255,66,187928,62,269034
5972,0.002901,216.58.221.0-255,4320,192248,62,269034
5973,0.002903,172.31.40.0-255,66,192314,62,269034
5974,0.002931,172.31.40.0-255,66,192380,62,269034
5975,0.002965,216.58.221.0-255,4320,196700,62,269034
5976,0.002968,172.31.40.0-255,66,196766,62,269034
5977,0.002989,216.58.221.0-255,5738,202504,62,269034
5978,0.002992,172.31.40.0-255,66,202570,62,269034
5979,0.003015,216.58.221.0-255,1484,204054,62,269034
5980,0.003032,216.58.221.0-255,5738,209792,62,269034
5981,0.003034,172.31.40.0-255,66,209858,62,269034
5982,0.003153,216.58.221.0-255,4320,214178,62,269034
5983,0.003171,216.58.221.0-255,6438,220616,62,269034
5984,0.003209,216.58.221.0-255,2902,223518,62,269034
5985,0.003319,216.58.221.0-255,5738,229256,62,269034
5986,0.00341,216.58.221.0-255,7156,236412,62,269034
5987,0.003428,216.58.221.0-255,2902,239314,62,269034
5988,0.003441,216.58.221.0-255,4320,243634,62,269034
5989,0.003479,216.58.221.0-255,5738,249372,62,269034
5990,0.003496,216.58.221.0-255,1484,250856,62,269034
5991,0.003511,216.58.221.0-255,2902,253758,62,269034
5992,0.003525,216.58.221.0-255,4320,258078,62,269034
5993,0.003543,216.58.221.0-255,2902,260980,62,269034
5994,0.003609,216.58.221.0-255,2184,263164,62,269034
5995,0.003614,216.58.221.0-255,1484,264648,62,269034
5996,0.003617,216.58.221.0-255,1484,266132,62,269034
5997,0.003621,216.58.221.0-255,1631,267763,62,269034
5998,0.003643,172.31.40.0-255,66,267829,62,269034
5999,0.004494,172.31.40.0-255,101,267930,62,269034
6000,0.006046,172.31.40.0-255,105,268035,62,269034
6001,0.006528,216.58.221.0-255,66,268101,62,269034
6002,0.008076,216.58.221.0-255,66,268167,62,269034
6003,0.038016,172.31.40.0-255,172,268339,62,269034
6004,0.038053,172.31.40.0-255,563,268902,62,269034
6005,0.039691,104.244.42.0-255,66,268968,62,269034
6006,0.039705,104.244.42.0-255,66,269034,62,269034
6007,0.0,172.217.194.0-255,153,153,62,327366
6008,2.3e-05,172.31.40.0-255,66,219,62,327366
6009,3.1e-05,172.217.194.0-255,1484,1703,62,327366
6010,3.6e-05,172.31.40.0-255,66,1769,62,327366
6011,4.1e-05,172.217.194.0-255,2902,4671,62,327366
6012,5e-05,172.31.40.0-255,66,4737,62,327366
6013,5.7e-05,172.217.194.0-255,7156,11893,62,327366
6014,6.1e-05,172.31.40.0-255,66,11959,62,327366
6015,6.5e-05,172.217.194.0-255,2056,14015,62,327366
6016,6.7e-05,172.31.40.0-255,66,14081,62,327366
6017,0.000124,172.217.194.0-255,1484,15565,62,327366
6018,0.000126,172.31.40.0-255,66,15631,62,327366
6019,0.000143,172.217.194.0-255,2902,18533,62,327366
6020,0.000145,172.31.40.0-255,66,18599,62,327366
6021,0.000149,172.217.194.0-255,2902,21501,62,327366
6022,0.000151,172.31.40.0-255,66,21567,62,327366
6023,0.000192,172.217.194.0-255,2902,24469,62,327366
6024,0.000195,172.31.40.0-255,66,24535,62,327366
6025,0.000202,172.217.194.0-255,6797,31332,62,327366
6026,0.000204,172.31.40.0-255,66,31398,62,327366
6027,0.000316,172.217.194.0-255,1484,32882,62,327366
6028,0.00032,172.31.40.0-255,66,32948,62,327366
6029,0.000324,172.217.194.0-255,1484,34432,62,327366
6030,0.000326,172.31.40.0-255,66,34498,62,327366
6031,0.000346,172.217.194.0-255,1484,35982,62,327366
6032,0.000348,172.31.40.0-255,66,36048,62,327366
6033,0.000355,172.217.194.0-255,5738,41786,62,327366
6034,0.00036,172.31.40.0-255,66,41852,62,327366
6035,0.000385,172.217.194.0-255,6797,48649,62,327366
6036,0.000392,172.31.40.0-255,66,48715,62,327366
6037,0.000707,172.217.194.0-255,1484,50199,62,327366
6038,0.000712,172.31.40.0-255,66,50265,62,327366
6039,0.000716,172.217.194.0-255,1484,51749,62,327366
6040,0.000744,172.217.194.0-255,1484,53233,62,327366
6041,0.000746,172.31.40.0-255,66,53299,62,327366
6042,0.000753,172.217.194.0-255,5738,59037,62,327366
6043,0.000755,172.31.40.0-255,66,59103,62,327366
6044,0.00078,172.217.194.0-255,7156,66259,62,327366
6045,0.000783,172.31.40.0-255,66,66325,62,327366
6046,0.000812,172.217.194.0-255,3961,70286,62,327366
6047,0.000814,172.31.40.0-255,66,70352,62,327366
6048,0.000826,172.31.40.0-255,66,70418,62,327366
6049,0.000828,172.217.194.0-255,1125,71543,62,327366
6050,0.000885,172.217.194.0-255,645,72188,62,327366
6051,0.000888,172.31.40.0-255,66,72254,62,327366
6052,0.000911,172.217.194.0-255,1484,73738,62,327366
6053,0.000916,172.217.194.0-255,4320,78058,62,327366
6054,0.000919,172.31.40.0-255,66,78124,62,327366
6055,0.000944,172.217.194.0-255,5738,83862,62,327366
6056,0.000946,172.31.40.0-255,66,83928,62,327366
6057,0.000966,172.217.194.0-255,4320,88248,62,327366
6058,0.000968,172.31.40.0-255,66,88314,62,327366
6059,0.000981,172.31.40.0-255,66,88380,62,327366
6060,0.00101,172.217.194.0-255,4320,92700,62,327366
6061,0.001013,172.31.40.0-255,66,92766,62,327366
6062,0.001016,172.217.194.0-255,1622,94388,62,327366
6063,0.001018,172.31.40.0-255,66,94454,62,327366
6064,0.001122,172.217.194.0-255,1484,95938,62,327366
6065,0.001139,172.217.194.0-255,2902,98840,62,327366
6066,0.001142,172.31.40.0-255,66,98906,62,327366
6067,0.001148,172.217.194.0-255,4320,103226,62,327366
6068,0.001149,172.31.40.0-255,66,103292,62,327366
6069,0.001169,172.217.194.0-255,1484,104776,62,327366
6070,0.001208,172.31.40.0-255,66,104842,62,327366
6071,0.001218,172.31.40.0-255,66,104908,62,327366
6072,0.001245,172.217.194.0-255,2184,107092,62,327366
6073,0.001247,172.31.40.0-255,66,107158,62,327366
6074,0.001554,172.217.194.0-255,1484,108642,62,327366
6075,0.001572,172.217.194.0-255,2902,111544,62,327366
6076,0.001575,172.31.40.0-255,66,111610,62,327366
6077,0.001579,172.217.194.0-255,1484,113094,62,327366
6078,0.001609,172.217.194.0-255,4320,117414,62,327366
6079,0.001611,172.31.40.0-255,66,117480,62,327366
6080,0.001618,172.217.194.0-255,7156,124636,62,327366
6081,0.001619,172.31.40.0-255,66,124702,62,327366
6082,0.001638,172.217.194.0-255,2902,127604,62,327366
6083,0.00164,172.31.40.0-255,66,127670,62,327366
6084,0.001678,172.217.194.0-255,2184,129854,62,327366
6085,0.001685,172.31.40.0-255,66,129920,62,327366
6086,0.001687,172.31.40.0-255,66,129986,62,327366
6087,0.001821,172.217.194.0-255,1484,131470,62,327366
6088,0.001827,172.217.194.0-255,2902,134372,62,327366
6089,0.001829,172.31.40.0-255,66,134438,62,327366
6090,0.001857,172.217.194.0-255,5738,140176,62,327366
6091,0.00186,172.31.40.0-255,66,140242,62,327366
6092,0.001871,172.31.40.0-255,66,140308,62,327366
6093,0.001877,172.217.194.0-255,7156,147464,62,327366
6094,0.001879,172.31.40.0-255,66,147530,62,327366
6095,0.001913,172.217.194.0-255,3602,151132,62,327366
6096,0.001915,172.31.40.0-255,66,151198,62,327366
6097,0.0022,172.217.194.0-255,1484,152682,62,327366
6098,0.002204,172.217.194.0-255,1484,154166,62,327366
6099,0.002207,172.31.40.0-255,66,154232,62,327366
6100,0.002245,172.217.194.0-255,1484,155716,62,327366
6101,0.002253,172.217.194.0-255,5738,161454,62,327366
6102,0.002255,172.31.40.0-255,66,161520,62,327366
6103,0.002263,172.217.194.0-255,7156,168676,62,327366
6104,0.002265,172.31.40.0-255,66,168742,62,327366
6105,0.002312,172.217.194.0-255,5738,174480,62,327366
6106,0.002316,172.31.40.0-255,66,174546,62,327366
6107,0.002323,172.217.194.0-255,7156,181702,62,327366
6108,0.002325,172.31.40.0-255,66,181768,62,327366
6109,0.002333,172.217.194.0-255,3602,185370,62,327366
6110,0.002336,172.31.40.0-255,66,185436,62,327366
6111,0.002363,172.217.194.0-255,4320,189756,62,327366
6112,0.002365,172.31.40.0-255,66,189822,62,327366
6113,0.002399,172.217.194.0-255,5738,195560,62,327366
6114,0.002402,172.31.40.0-255,66,195626,62,327366
6115,0.002439,172.217.194.0-255,2902,198528,62,327366
6116,0.002441,172.31.40.0-255,66,198594,62,327366
6117,0.002478,172.31.40.0-255,66,198660,62,327366
6118,0.002491,172.31.40.0-255,66,198726,62,327366
6119,0.0025,172.217.194.0-255,2184,200910,62,327366
6120,0.002502,172.31.40.0-255,66,200976,62,327366
6121,0.004956,172.217.194.0-255,5738,206714,62,327366
6122,0.004963,172.31.40.0-255,66,206780,62,327366
6123,0.007437,172.217.194.0-255,2902,209682,62,327366
6124,0.00744,172.31.40.0-255,66,209748,62,327366
6125,0.007483,172.217.194.0-255,2902,212650,62,327366
6126,0.007487,172.31.40.0-255,66,212716,62,327366
6127,0.009885,172.217.194.0-255,2902,215618,62,327366
6128,0.00989,172.31.40.0-255,66,215684,62,327366
6129,0.009954,172.217.194.0-255,2902,218586,62,327366
6130,0.009957,172.31.40.0-255,66,218652,62,327366
6131,0.012376,172.217.194.0-255,1484,220136,62,327366
6132,0.012395,172.217.194.0-255,1484,221620,62,327366
6133,0.0124,172.31.40.0-255,66,221686,62,327366
6134,0.012429,172.217.194.0-255,2902,224588,62,327366
6135,0.012431,172.31.40.0-255,66,224654,62,327366
6136,0.014895,172.217.194.0-255,5738,230392,62,327366
6137,0.014905,172.31.40.0-255,66,230458,62,327366
6138,0.017393,172.217.194.0-255,5738,236196,62,327366
6139,0.017405,172.31.40.0-255,66,236262,62,327366
6140,0.01989,172.217.194.0-255,5738,242000,62,327366
6141,0.019899,172.31.40.0-255,66,242066,62,327366
6142,0.022395,172.217.194.0-255,5738,247804,62,327366
6143,0.022403,172.31.40.0-255,66,247870,62,327366
6144,0.024885,172.217.194.0-255,5738,253608,62,327366
6145,0.024903,172.31.40.0-255,66,253674,62,327366
6146,0.027405,172.217.194.0-255,5738,259412,62,327366
6147,0.027414,172.31.40.0-255,66,259478,62,327366
6148,0.029896,172.217.194.0-255,5738,265216,62,327366
6149,0.029913,172.31.40.0-255,66,265282,62,327366
6150,0.032375,172.217.194.0-255,5738,271020,62,327366
6151,0.032383,172.31.40.0-255,66,271086,62,327366
6152,0.034858,172.217.194.0-255,5738,276824,62,327366
6153,0.034876,172.31.40.0-255,66,276890,62,327366
6154,0.036571,172.31.40.0-255,171,277061,62,327366
6155,0.036605,172.31.40.0-255,1130,278191,62,327366
6156,0.036666,172.31.40.0-255,1514,279705,62,327366
6157,0.036668,172.31.40.0-255,1280,280985,62,327366
6158,0.037355,172.217.194.0-255,5738,286723,62,327366
6159,0.037364,172.31.40.0-255,66,286789,62,327366
6160,0.038239,104.244.42.0-255,66,286855,62,327366
6161,0.038292,104.244.42.0-255,66,286921,62,327366
6162,0.03835,104.244.42.0-255,66,286987,62,327366
6163,0.039846,172.217.194.0-255,5738,292725,62,327366
6164,0.03986,172.31.40.0-255,66,292791,62,327366
6165,0.042358,172.217.194.0-255,5738,298529,62,327366
6166,0.042375,172.31.40.0-255,66,298595,62,327366
6167,0.044865,172.217.194.0-255,5738,304333,62,327366
6168,0.044885,172.31.40.0-255,66,304399,62,327366
6169,0.047418,172.217.194.0-255,5738,310137,62,327366
6170,0.047439,172.31.40.0-255,66,310203,62,327366
6171,0.049921,172.217.194.0-255,5738,315941,62,327366
6172,0.049938,172.31.40.0-255,66,316007,62,327366
6173,0.052425,172.217.194.0-255,5738,321745,62,327366
6174,0.05245,172.31.40.0-255,66,321811,62,327366
6175,0.054941,172.217.194.0-255,5318,327129,62,327366
6176,0.054958,172.31.40.0-255,66,327195,62,327366
6177,0.055241,172.31.40.0-255,105,327300,62,327366
6178,0.057684,172.217.194.0-255,66,327366,62,327366
6179,0.0,74.125.24.0-255,152,152,62,253190
6180,1.6e-05,172.31.40.0-255,66,218,62,253190
6181,2.4e-05,74.125.24.0-255,1484,1702,62,253190
6182,2.8e-05,172.31.40.0-255,66,1768,62,253190
6183,3.1e-05,74.125.24.0-255,1484,3252,62,253190
6184,3.5e-05,172.31.40.0-255,66,3318,62,253190
6185,7.5e-05,74.125.24.0-255,1484,4802,62,253190
6186,7.8e-05,172.31.40.0-255,66,4868,62,253190
6187,8.7e-05,74.125.24.0-255,7156,12024,62,253190
6188,9e-05,172.31.40.0-255,66,12090,62,253190
6189,9.9e-05,74.125.24.0-255,2066,14156,62,253190
6190,0.000101,172.31.40.0-255,66,14222,62,253190
6191,0.000106,74.125.24.0-255,2902,17124,62,253190
6192,0.000109,172.31.40.0-255,66,17190,62,253190
6193,0.000181,74.125.24.0-255,7156,24346,62,253190
6194,0.000186,172.31.40.0-255,66,24412,62,253190
6195,0.000192,74.125.24.0-255,5738,30150,62,253190
6196,0.000195,172.31.40.0-255,66,30216,62,253190
6197,0.00024,74.125.24.0-255,1125,31341,62,253190
6198,0.000243,172.31.40.0-255,66,31407,62,253190
6199,0.000691,74.125.24.0-255,1484,32891,62,253190
6200,0.000697,172.31.40.0-255,66,32957,62,253190
6201,0.000703,74.125.24.0-255,2902,35859,62,253190
6202,0.000705,172.31.40.0-255,66,35925,62,253190
6203,0.000712,74.125.24.0-255,4320,40245,62,253190
6204,0.000714,172.31.40.0-255,66,40311,62,253190
6205,0.000741,74.125.24.0-255,1484,41795,62,253190
6206,0.000743,172.31.40.0-255,66,41861,62,253190
6207,0.000756,172.31.40.0-255,66,41927,62,253190
6208,0.000787,74.125.24.0-255,1125,43052,62,253190
6209,0.000789,172.31.40.0-255,66,43118,62,253190
6210,0.000805,74.125.24.0-255,1434,44552,62,253190
6211,0.000835,172.31.40.0-255,66,44618,62,253190
6212,0.000933,74.125.24.0-255,346,44964,62,253190
6213,0.001008,74.125.24.0-255,1484,46448,62,253190
6214,0.001011,74.125.24.0-255,1484,47932,62,253190
6215,0.001016,172.31.40.0-255,66,47998,62,253190
6216,0.001023,74.125.24.0-255,1484,49482,62,253190
6217,0.001029,74.125.24.0-255,4320,53802,62,253190
6218,0.001045,172.31.40.0-255,66,53868,62,253190
6219,0.001056,74.125.24.0-255,1484,55352,62,253190
6220,0.001066,74.125.24.0-255,5738,61090,62,253190
6221,0.001077,172.31.40.0-255,66,61156,62,253190
6222,0.001115,172.31.40.0-255,66,61222,62,253190
6223,0.001143,74.125.24.0-255,3961,65183,62,253190
6224,0.001147,172.31.40.0-255,66,65249,62,253190
6225,0.001951,74.125.24.0-255,1484,66733,62,253190
6226,0.00197,74.125.24.0-255,2902,69635,62,253190
6227,0.001974,172.31.40.0-255,66,69701,62,253190
6228,0.001995,74.125.24.0-255,5738,75439,62,253190
6229,0.002021,74.125.24.0-255,4320,79759,62,253190
6230,0.002035,74.125.24.0-255,2902,82661,62,253190
6231,0.002065,74.125.24.0-255,2902,85563,62,253190
6232,0.00208,74.125.24.0-255,5020,90583,62,253190
6233,0.006148,172.31.40.0-255,66,90649,62,253190
6234,0.008309,74.125.24.0-255,5738,96387,62,253190
6235,0.008318,172.31.40.0-255,66,96453,62,253190
6236,0.010527,74.125.24.0-255,5738,102191,62,253190
6237,0.012069,172.31.40.0-255,66,102257,62,253190
6238,0.014211,74.125.24.0-255,5738,107995,62,253190
6239,0.014221,172.31.40.0-255,66,108061,62,253190
6240,0.016364,74.125.24.0-255,5738,113799,62,253190
6241,0.016375,172.31.40.0-255,66,113865,62,253190
6242,0.018535,74.125.24.0-255,5738,119603,62,253190
6243,0.018543,172.31.40.0-255,66,119669,62,253190
6244,0.020688,74.125.24.0-255,5738,125407,62,253190
6245,0.020695,172.31.40.0-255,66,125473,62,253190
6246,0.022867,74.125.24.0-255,5738,131211,62,253190
6247,0.022875,172.31.40.0-255,66,131277,62,253190
6248,0.025022,74.125.24.0-255,5738,137015,62,253190
6249,0.025029,172.31.40.0-255,66,137081,62,253190
6250,0.027172,74.125.24.0-255,5738,142819,62,253190
6251,0.02718,172.31.40.0-255,66,142885,62,253190
6252,0.029317,74.125.24.0-255,5738,148623,62,253190
6253,0.029325,172.31.40.0-255,66,148689,62,253190
6254,0.031457,74.125.24.0-255,5738,154427,62,253190
6255,0.031465,172.31.40.0-255,66,154493,62,253190
6256,0.03369,74.125.24.0-255,5738,160231,62,253190
6257,0.033699,172.31.40.0-255,66,160297,62,253190
6258,0.035867,74.125.24.0-255,5738,166035,62,253190
6259,0.035875,172.31.40.0-255,66,166101,62,253190
6260,0.037266,172.31.40.0-255,172,166273,62,253190
6261,0.037298,172.31.40.0-255,1077,167350,62,253190
6262,0.038025,74.125.24.0-255,5738,173088,62,253190
6263,0.038031,172.31.40.0-255,66,173154,62,253190
6264,0.038868,104.244.42.0-255,66,173220,62,253190
6265,0.0389,104.244.42.0-255,66,173286,62,253190
6266,0.040197,74.125.24.0-255,5738,179024,62,253190
6267,0.040204,172.31.40.0-255,66,179090,62,253190
6268,0.04238,74.125.24.0-255,5738,184828,62,253190
6269,0.042386,172.31.40.0-255,66,184894,62,253190
6270,0.044544,74.125.24.0-255,5738,190632,62,253190
6271,0.04455,172.31.40.0-255,66,190698,62,253190
6272,0.046704,74.125.24.0-255,5738,196436,62,253190
6273,0.04671,172.31.40.0-255,66,196502,62,253190
6274,0.048875,74.125.24.0-255,5738,202240,62,253190
6275,0.048884,172.31.40.0-255,66,202306,62,253190
6276,0.051048,74.125.24.0-255,5738,208044,62,253190
6277,0.051053,172.31.40.0-255,66,208110,62,253190
6278,0.053208,74.125.24.0-255,5738,213848,62,253190
6279,0.053213,172.31.40.0-255,66,213914,62,253190
6280,0.055372,74.125.24.0-255,5738,219652,62,253190
6281,0.055378,172.31.40.0-255,66,219718,62,253190
6282,0.057538,74.125.24.0-255,5738,225456,62,253190
6283,0.057545,172.31.40.0-255,66,225522,62,253190
6284,0.059718,74.125.24.0-255,5738,231260,62,253190
6285,0.059724,172.31.40.0-255,66,231326,62,253190
6286,0.06187,74.125.24.0-255,4320,235646,62,253190
6287,0.061875,172.31.40.0-255,66,235712,62,253190
6288,0.061903,74.125.24.0-255,1484,237196,62,253190
6289,0.06401,74.125.24.0-255,4320,241516,62,253190
6290,0.064015,172.31.40.0-255,66,241582,62,253190
6291,0.066189,74.125.24.0-255,5738,247320,62,253190
6292,0.066248,172.31.40.0-255,66,247386,62,253190
6293,0.06839,74.125.24.0-255,5738,253124,62,253190
6294,0.068396,172.31.40.0-255,66,253190,62,253190
6295,0.0,74.125.200.0-255,146,146,62,350845
6296,1.9e-05,172.31.40.0-255,66,212,62,350845
6297,2.5e-05,74.125.200.0-255,1484,1696,62,350845
6298,2.9e-05,172.31.40.0-255,66,1762,62,350845
6299,3.2e-05,74.125.200.0-255,1484,3246,62,350845
6300,3.5e-05,172.31.40.0-255,66,3312,62,350845
6301,4e-05,74.125.200.0-255,2902,6214,62,350845
6302,4.3e-05,172.31.40.0-255,66,6280,62,350845
6303,6.7e-05,74.125.200.0-255,1484,7764,62,350845
6304,7e-05,172.31.40.0-255,66,7830,62,350845
6305,9.4e-05,74.125.200.0-255,4320,12150,62,350845
6306,9.6e-05,172.31.40.0-255,66,12216,62,350845
6307,0.000101,74.125.200.0-255,2017,14233,62,350845
6308,0.000102,172.31.40.0-255,66,14299,62,350845
6309,0.000174,74.125.200.0-255,1484,15783,62,350845
6310,0.000176,172.31.40.0-255,66,15849,62,350845
6311,0.00018,74.125.200.0-255,1484,17333,62,350845
6312,0.000181,172.31.40.0-255,66,17399,62,350845
6313,0.000197,74.125.200.0-255,1484,18883,62,350845
6314,0.0002,172.31.40.0-255,66,18949,62,350845
6315,0.000204,74.125.200.0-255,2902,21851,62,350845
6316,0.000205,172.31.40.0-255,66,21917,62,350845
6317,0.00022,74.125.200.0-255,2902,24819,62,350845
6318,0.000222,172.31.40.0-255,66,24885,62,350845
6319,0.000226,74.125.200.0-255,2902,27787,62,350845
6320,0.000228,172.31.40.0-255,66,27853,62,350845
6321,0.00024,74.125.200.0-255,3961,31814,62,350845
6322,0.000242,172.31.40.0-255,66,31880,62,350845
6323,0.000351,74.125.200.0-255,1484,33364,62,350845
6324,0.000354,172.31.40.0-255,66,33430,62,350845
6325,0.000358,74.125.200.0-255,1484,34914,62,350845
6326,0.00036,172.31.40.0-255,66,34980,62,350845
6327,0.000371,74.125.200.0-255,1484,36464,62,350845
6328,0.000376,74.125.200.0-255,2902,39366,62,350845
6329,0.000388,74.125.200.0-255,4320,43686,62,350845
6330,0.000417,74.125.200.0-255,5738,49424,62,350845
6331,0.00043,74.125.200.0-255,3961,53385,62,350845
6332,0.000435,74.125.200.0-255,4320,57705,62,350845
6333,0.000455,172.31.40.0-255,66,57771,62,350845
6334,0.000481,74.125.200.0-255,1484,59255,62,350845
6335,0.000506,74.125.200.0-255,6797,66052,62,350845
6336,0.000513,172.31.40.0-255,66,66118,62,350845
6337,0.000524,74.125.200.0-255,396,66514,62,350845
6338,0.000669,74.125.200.0-255,347,66861,62,350845
6339,0.000893,74.125.200.0-255,1484,68345,62,350845
6340,0.000896,172.31.40.0-255,66,68411,62,350845
6341,0.0009,74.125.200.0-255,1484,69895,62,350845
6342,0.000915,74.125.200.0-255,2902,72797,62,350845
6343,0.000926,172.31.40.0-255,66,72863,62,350845
6344,0.000931,74.125.200.0-255,4320,77183,62,350845
6345,0.000935,172.31.40.0-255,66,77249,62,350845
6346,0.000942,74.125.200.0-255,1484,78733,62,350845
6347,0.000955,74.125.200.0-255,1484,80217,62,350845
6348,0.000961,172.31.40.0-255,66,80283,62,350845
6349,0.000975,74.125.200.0-255,7156,87439,62,350845
6350,0.000988,74.125.200.0-255,5738,93177,62,350845
6351,0.000994,172.31.40.0-255,66,93243,62,350845
6352,0.001008,74.125.200.0-255,4320,97563,62,350845
6353,0.001012,74.125.200.0-255,3602,101165,62,350845
6354,0.00102,172.31.40.0-255,66,101231,62,350845
6355,0.001247,74.125.200.0-255,1484,102715,62,350845
6356,0.001259,74.125.200.0-255,1484,104199,62,350845
6357,0.001263,172.31.40.0-255,66,104265,62,350845
6358,0.001282,74.125.200.0-255,2902,107167,62,350845
6359,0.001288,172.31.40.0-255,66,107233,62,350845
6360,0.001311,74.125.200.0-255,5738,112971,62,350845
6361,0.001316,74.125.200.0-255,4320,117291,62,350845
6362,0.001328,74.125.200.0-255,2902,120193,62,350845
6363,0.001332,172.31.40.0-255,66,120259,62,350845
6364,0.001342,74.125.200.0-255,2902,123161,62,350845
6365,0.001345,172.31.40.0-255,66,123227,62,350845
6366,0.001374,74.125.200.0-255,766,123993,62,350845
6367,0.001385,172.31.40.0-255,66,124059,62,350845
6368,0.001448,74.125.200.0-255,1484,125543,62,350845
6369,0.001468,74.125.200.0-255,2902,128445,62,350845
6370,0.001471,74.125.200.0-255,2902,131347,62,350845
6371,0.001476,172.31.40.0-255,66,131413,62,350845
6372,0.00149,74.125.200.0-255,4320,135733,62,350845
6373,0.001499,172.31.40.0-255,66,135799,62,350845
6374,0.001526,74.125.200.0-255,1484,137283,62,350845
6375,0.001529,172.31.40.0-255,66,137349,62,350845
6376,0.001538,74.125.200.0-255,2902,140251,62,350845
6377,0.00155,74.125.200.0-255,4320,144571,62,350845
6378,0.00157,172.31.40.0-255,66,144637,62,350845
6379,0.001576,74.125.200.0-255,5738,150375,62,350845
6380,0.00158,172.31.40.0-255,66,150441,62,350845
6381,0.00159,74.125.200.0-255,766,151207,62,350845
6382,0.001598,74.125.200.0-255,7156,158363,62,350845
6383,0.001607,172.31.40.0-255,66,158429,62,350845
6384,0.001633,74.125.200.0-255,1484,159913,62,350845
6385,0.001695,74.125.200.0-255,2902,162815,62,350845
6386,0.001709,172.31.40.0-255,66,162881,62,350845
6387,0.001729,74.125.200.0-255,1484,164365,62,350845
6388,0.001755,74.125.200.0-255,5738,170103,62,350845
6389,0.001807,172.31.40.0-255,66,170169,62,350845
6390,0.001816,172.31.40.0-255,66,170235,62,350845
6391,0.001827,74.125.200.0-255,2902,173137,62,350845
6392,0.001838,172.31.40.0-255,66,173203,62,350845
6393,0.001861,74.125.200.0-255,3602,176805,62,350845
6394,0.001875,172.31.40.0-255,66,176871,62,350845
6395,0.00228,74.125.200.0-255,1484,178355,62,350845
6396,0.002293,74.125.200.0-255,1484,179839,62,350845
6397,0.002298,172.31.40.0-255,66,179905,62,350845
6398,0.004137,74.125.200.0-255,2902,182807,62,350845
6399,0.004144,172.31.40.0-255,66,182873,62,350845
6400,0.004571,74.125.200.0-255,2902,185775,62,350845
6401,0.006414,74.125.200.0-255,2902,188677,62,350845
6402,0.008232,172.31.40.0-255,66,188743,62,350845
6403,0.010519,74.125.200.0-255,5738,194481,62,350845
6404,0.010527,172.31.40.0-255,66,194547,62,350845
6405,0.012802,74.125.200.0-255,5738,200285,62,350845
6406,0.013536,172.31.40.0-255,66,200351,62,350845
6407,0.015805,74.125.200.0-255,2902,203253,62,350845
6408,0.015812,172.31.40.0-255,66,203319,62,350845
6409,0.015833,74.125.200.0-255,2902,206221,62,350845
6410,0.015857,172.31.40.0-255,66,206287,62,350845
6411,0.018102,74.125.200.0-255,2902,209189,62,350845
6412,0.018111,172.31.40.0-255,66,209255,62,350845
6413,0.018133,74.125.200.0-255,2902,212157,62,350845
6414,0.018257,172.31.40.0-255,66,212223,62,350845
6415,0.020386,74.125.200.0-255,2902,215125,62,350845
6416,0.020392,172.31.40.0-255,66,215191,62,350845
6417,0.020521,74.125.200.0-255,2902,218093,62,350845
6418,0.020526,172.31.40.0-255,66,218159,62,350845
6419,0.022675,74.125.200.0-255,2902,221061,62,350845
6420,0.022683,172.31.40.0-255,66,221127,62,350845
6421,0.022795,74.125.200.0-255,2902,224029,62,350845
6422,0.022799,172.31.40.0-255,66,224095,62,350845
6423,0.024955,74.125.200.0-255,2902,226997,62,350845
6424,0.024963,172.31.40.0-255,66,227063,62,350845
6425,0.025066,74.125.200.0-255,2902,229965,62,350845
6426,0.025074,172.31.40.0-255,66,230031,62,350845
6427,0.027236,74.125.200.0-255,2902,232933,62,350845
6428,0.027242,172.31.40.0-255,66,232999,62,350845
6429,0.027333,74.125.200.0-255,2902,235901,62,350845
6430,0.027337,172.31.40.0-255,66,235967,62,350845
6431,0.02751,172.31.40.0-255,172,236139,62,350845
6432,0.027534,172.31.40.0-255,1110,237249,62,350845
6433,0.027586,172.31.40.0-255,1514,238763,62,350845
6434,0.027588,172.31.40.0-255,1514,240277,62,350845
6435,0.027589,172.31.40.0-255,1514,241791,62,350845
6436,0.02759,172.31.40.0-255,1514,243305,62,350845
6437,0.027591,172.31.40.0-255,560,243865,62,350845
6438,0.029523,74.125.200.0-255,2902,246767,62,350845
6439,0.029529,172.31.40.0-255,66,246833,62,350845
6440,0.029609,74.125.200.0-255,2902,249735,62,350845
6441,0.029613,172.31.40.0-255,66,249801,62,350845
6442,0.029705,104.244.42.0-255,66,249867,62,350845
6443,0.031821,74.125.200.0-255,2902,252769,62,350845
6444,0.031827,172.31.40.0-255,66,252835,62,350845
6445,0.031874,74.125.200.0-255,2902,255737,62,350845
6446,0.031892,172.31.40.0-255,66,255803,62,350845
6447,0.034104,74.125.200.0-255,2902,258705,62,350845
6448,0.03411,172.31.40.0-255,66,258771,62,350845
6449,0.034152,74.125.200.0-255,2902,261673,62,350845
6450,0.034162,172.31.40.0-255,66,261739,62,350845
6451,0.036382,74.125.200.0-255,1484,263223,62,350845
6452,0.036401,74.125.200.0-255,1484,264707,62,350845
6453,0.036407,172.31.40.0-255,66,264773,62,350845
6454,0.036431,74.125.200.0-255,2902,267675,62,350845
6455,0.036474,172.31.40.0-255,66,267741,62,350845
6456,0.038688,74.125.200.0-255,2902,270643,62,350845
6457,0.038695,172.31.40.0-255,66,270709,62,350845
6458,0.038743,74.125.200.0-255,2902,273611,62,350845
6459,0.038774,172.31.40.0-255,66,273677,62,350845
6460,0.04098,74.125.200.0-255,2902,276579,62,350845
6461,0.040988,172.31.40.0-255,66,276645,62,350845
6462,0.041057,74.125.200.0-255,2902,279547,62,350845
6463,0.041098,172.31.40.0-255,66,279613,62,350845
6464,0.043278,74.125.200.0-255,2902,282515,62,350845
6465,0.043287,172.31.40.0-255,66,282581,62,350845
6466,0.043374,74.125.200.0-255,2902,285483,62,350845
6467,0.04338,172.31.40.0-255,66,285549,62,350845
6468,0.045561,74.125.200.0-255,2902,288451,62,350845
6469,0.045567,172.31.40.0-255,66,288517,62,350845
6470,0.045654,74.125.200.0-255,2902,291419,62,350845
6471,0.045658,172.31.40.0-255,66,291485,62,350845
6472,0.04784,74.125.200.0-255,2902,294387,62,350845
6473,0.047847,172.31.40.0-255,66,294453,62,350845
6474,0.047917,74.125.200.0-255,2902,297355,62,350845
6475,0.047926,172.31.40.0-255,66,297421,62,350845
6476,0.050136,74.125.200.0-255,2902,300323,62,350845
6477,0.050142,172.31.40.0-255,66,300389,62,350845
6478,0.050189,74.125.200.0-255,2902,303291,62,350845
6479,0.050207,172.31.40.0-255,66,303357,62,350845
6480,0.052422,74.125.200.0-255,2902,306259,62,350845
6481,0.052428,172.31.40.0-255,66,306325,62,350845
6482,0.052473,74.125.200.0-255,2902,309227,62,350845
6483,0.05249,172.31.40.0-255,66,309293,62,350845
6484,0.054702,74.125.200.0-255,2902,312195,62,350845
6485,0.054709,172.31.40.0-255,66,312261,62,350845
6486,0.05475,74.125.200.0-255,2902,315163,62,350845
6487,0.054995,172.31.40.0-255,66,315229,62,350845
6488,0.056989,74.125.200.0-255,2902,318131,62,350845
6489,0.056995,172.31.40.0-255,66,318197,62,350845
6490,0.057264,74.125.200.0-255,2902,321099,62,350845
6491,0.057269,172.31.40.0-255,66,321165,62,350845
6492,0.05933,74.125.200.0-255,2902,324067,62,350845
6493,0.059336,172.31.40.0-255,66,324133,62,350845
6494,0.059542,74.125.200.0-255,2902,327035,62,350845
6495,0.059548,172.31.40.0-255,66,327101,62,350845
6496,0.061609,74.125.200.0-255,2902,330003,62,350845
6497,0.061615,172.31.40.0-255,66,330069,62,350845
6498,0.061819,74.125.200.0-255,2902,332971,62,350845
6499,0.061824,172.31.40.0-255,66,333037,62,350845
6500,0.063926,74.125.200.0-255,2902,335939,62,350845
6501,0.063933,172.31.40.0-255,66,336005,62,350845
6502,0.064095,74.125.200.0-255,2902,338907,62,350845
6503,0.0641,172.31.40.0-255,66,338973,62,350845
6504,0.066246,74.125.200.0-255,2902,341875,62,350845
6505,0.066253,172.31.40.0-255,66,341941,62,350845
6506,0.066372,74.125.200.0-255,2902,344843,62,350845
6507,0.066377,172.31.40.0-255,66,344909,62,350845
6508,0.068523,74.125.200.0-255,2902,347811,62,350845
6509,0.068529,172.31.40.0-255,66,347877,62,350845
6510,0.06864,74.125.200.0-255,2902,350779,62,350845
6511,0.069163,172.31.40.0-255,66,350845,62,350845
6512,0.0,172.217.194.0-255,146,146,62,247177
6513,1.5e-05,172.31.40.0-255,66,212,62,247177
6514,2.2e-05,172.217.194.0-255,1484,1696,62,247177
6515,2.6e-05,172.31.40.0-255,66,1762,62,247177
6516,5.9e-05,172.217.194.0-255,2902,4664,62,247177
6517,6.2e-05,172.31.40.0-255,66,4730,62,247177
6518,7.5e-05,172.217.194.0-255,7156,11886,62,247177
6519,7.8e-05,172.31.40.0-255,66,11952,62,247177
6520,8.2e-05,172.217.194.0-255,2056,14008,62,247177
6521,8.4e-05,172.31.40.0-255,66,14074,62,247177
6522,0.000189,172.217.194.0-255,1484,15558,62,247177
6523,0.000193,172.31.40.0-255,66,15624,62,247177
6524,0.00023,172.217.194.0-255,1484,17108,62,247177
6525,0.000233,172.31.40.0-255,66,17174,62,247177
6526,0.000253,172.217.194.0-255,1484,18658,62,247177
6527,0.000255,172.31.40.0-255,66,18724,62,247177
6528,0.000262,172.217.194.0-255,5738,24462,62,247177
6529,0.000265,172.31.40.0-255,66,24528,62,247177
6530,0.000272,172.217.194.0-255,6797,31325,62,247177
6531,0.000275,172.31.40.0-255,66,31391,62,247177
6532,0.000278,172.217.194.0-255,1484,32875,62,247177
6533,0.000281,172.31.40.0-255,66,32941,62,247177
6534,0.000319,172.217.194.0-255,5738,38679,62,247177
6535,0.000322,172.31.40.0-255,66,38745,62,247177
6536,0.000334,172.31.40.0-255,66,38811,62,247177
6537,0.00036,172.217.194.0-255,5738,44549,62,247177
6538,0.000363,172.31.40.0-255,66,44615,62,247177
6539,0.00037,172.217.194.0-255,5738,50353,62,247177
6540,0.000372,172.31.40.0-255,66,50419,62,247177
6541,0.000401,172.217.194.0-255,1484,51903,62,247177
6542,0.000404,172.31.40.0-255,66,51969,62,247177
6543,0.00041,172.217.194.0-255,4272,56241,62,247177
6544,0.000412,172.31.40.0-255,66,56307,62,247177
6545,0.000672,172.217.194.0-255,365,56672,62,247177
6546,0.000889,172.217.194.0-255,1484,58156,62,247177
6547,0.000892,172.31.40.0-255,66,58222,62,247177
6548,0.000898,172.217.194.0-255,2902,61124,62,247177
6549,0.0009,172.31.40.0-255,66,61190,62,247177
6550,0.000902,172.217.194.0-255,1484,62674,62,247177
6551,0.000929,172.217.194.0-255,2902,65576,62,247177
6552,0.000931,172.31.40.0-255,66,65642,62,247177
6553,0.000937,172.217.194.0-255,5738,71380,62,247177
6554,0.000942,172.31.40.0-255,66,71446,62,247177
6555,0.000965,172.217.194.0-255,2902,74348,62,247177
6556,0.000967,172.31.40.0-255,66,74414,62,247177
6557,0.000978,172.31.40.0-255,66,74480,62,247177
6558,0.001005,172.217.194.0-255,6438,80918,62,247177
6559,0.001008,172.31.40.0-255,66,80984,62,247177
6560,0.001046,172.217.194.0-255,1484,82468,62,247177
6561,0.001049,172.217.194.0-255,1484,83952,62,247177
6562,0.001052,172.31.40.0-255,66,84018,62,247177
6563,0.001072,172.217.194.0-255,1484,85502,62,247177
6564,0.001078,172.217.194.0-255,5738,91240,62,247177
6565,0.00108,172.31.40.0-255,66,91306,62,247177
6566,0.001106,172.217.194.0-255,4320,95626,62,247177
6567,0.001109,172.31.40.0-255,66,95692,62,247177
6568,0.001133,172.31.40.0-255,66,95758,62,247177
6569,0.001148,172.31.40.0-255,66,95824,62,247177
6570,0.001524,172.217.194.0-255,1484,97308,62,247177
6571,0.001531,172.217.194.0-255,2902,100210,62,247177
6572,0.001533,172.31.40.0-255,66,100276,62,247177
6573,0.001565,172.217.194.0-255,5738,106014,62,247177
6574,0.001568,172.31.40.0-255,66,106080,62,247177
6575,0.001571,172.217.194.0-255,1484,107564,62,247177
6576,0.00161,172.31.40.0-255,66,107630,62,247177
6577,0.001641,172.31.40.0-255,66,107696,62,247177
6578,0.001651,172.217.194.0-255,766,108462,62,247177
6579,0.001685,172.217.194.0-255,1484,109946,62,247177
6580,0.001687,172.31.40.0-255,66,110012,62,247177
6581,0.001692,172.217.194.0-255,2902,112914,62,247177
6582,0.001693,172.31.40.0-255,66,112980,62,247177
6583,0.001709,172.217.194.0-255,2902,115882,62,247177
6584,0.001712,172.31.40.0-255,66,115948,62,247177
6585,0.001743,172.217.194.0-255,2902,118850,62,247177
6586,0.001749,172.217.194.0-255,5738,124588,62,247177
6587,0.001753,172.217.194.0-255,4320,128908,62,247177
6588,0.001758,172.31.40.0-255,66,128974,62,247177
6589,0.00176,172.31.40.0-255,66,129040,62,247177
6590,0.001763,172.31.40.0-255,66,129106,62,247177
6591,0.001791,172.31.40.0-255,66,129172,62,247177
6592,0.001797,172.217.194.0-255,5020,134192,62,247177
6593,0.001798,172.31.40.0-255,66,134258,62,247177
6594,0.00197,172.217.194.0-255,1484,135742,62,247177
6595,0.001975,172.217.194.0-255,2902,138644,62,247177
6596,0.001978,172.31.40.0-255,66,138710,62,247177
6597,0.002006,172.217.194.0-255,5738,144448,62,247177
6598,0.002008,172.31.40.0-255,66,144514,62,247177
6599,0.002011,172.217.194.0-255,1484,145998,62,247177
6600,0.002048,172.31.40.0-255,66,146064,62,247177
6601,0.002059,172.31.40.0-255,66,146130,62,247177
6602,0.00208,172.217.194.0-255,766,146896,62,247177
6603,0.002265,172.217.194.0-255,1484,148380,62,247177
6604,0.002268,172.31.40.0-255,66,148446,62,247177
6605,0.002273,172.217.194.0-255,2902,151348,62,247177
6606,0.002275,172.31.40.0-255,66,151414,62,247177
6607,0.002278,172.217.194.0-255,1484,152898,62,247177
6608,0.002299,172.217.194.0-255,4320,157218,62,247177
6609,0.002301,172.31.40.0-255,66,157284,62,247177
6610,0.002319,172.217.194.0-255,1484,158768,62,247177
6611,0.002336,172.217.194.0-255,5738,164506,62,247177
6612,0.002338,172.31.40.0-255,66,164572,62,247177
6613,0.002365,172.217.194.0-255,5738,170310,62,247177
6614,0.002368,172.31.40.0-255,66,170376,62,247177
6615,0.002379,172.31.40.0-255,66,170442,62,247177
6616,0.002401,172.217.194.0-255,1484,171926,62,247177
6617,0.002405,172.217.194.0-255,2902,174828,62,247177
6618,0.002407,172.31.40.0-255,66,174894,62,247177
6619,0.002441,172.217.194.0-255,5738,180632,62,247177
6620,0.002444,172.31.40.0-255,66,180698,62,247177
6621,0.00245,172.217.194.0-255,7156,187854,62,247177
6622,0.002452,172.31.40.0-255,66,187920,62,247177
6623,0.002454,172.217.194.0-255,1484,189404,62,247177
6624,0.002483,172.31.40.0-255,66,189470,62,247177
6625,0.002509,172.217.194.0-255,2902,192372,62,247177
6626,0.002511,172.31.40.0-255,66,192438,62,247177
6627,0.002521,172.31.40.0-255,66,192504,62,247177
6628,0.002524,172.217.194.0-255,1484,193988,62,247177
6629,0.002543,172.217.194.0-255,1484,195472,62,247177
6630,0.002545,172.31.40.0-255,66,195538,62,247177
6631,0.002593,172.31.40.0-255,66,195604,62,247177
6632,0.002595,172.217.194.0-255,766,196370,62,247177
6633,0.002617,172.217.194.0-255,1484,197854,62,247177
6634,0.00262,172.31.40.0-255,66,197920,62,247177
6635,0.002654,172.31.40.0-255,66,197986,62,247177
6636,0.002688,172.217.194.0-255,1484,199470,62,247177
6637,0.0027,172.31.40.0-255,66,199536,62,247177
6638,0.002705,172.217.194.0-255,5020,204556,62,247177
6639,0.002707,172.31.40.0-255,66,204622,62,247177
6640,0.002709,172.217.194.0-255,1484,206106,62,247177
6641,0.002712,172.217.194.0-255,1484,207590,62,247177
6642,0.002714,172.31.40.0-255,66,207656,62,247177
6643,0.002742,172.217.194.0-255,4320,211976,62,247177
6644,0.002747,172.217.194.0-255,2902,214878,62,247177
6645,0.002793,172.217.194.0-255,4320,219198,62,247177
6646,0.002803,172.217.194.0-255,2902,222100,62,247177
6647,0.002805,172.217.194.0-255,1484,223584,62,247177
6648,0.002808,172.217.194.0-255,1484,225068,62,247177
6649,0.00281,172.217.194.0-255,1484,226552,62,247177
6650,0.002815,172.217.194.0-255,5738,232290,62,247177
6651,0.002817,172.217.194.0-255,1484,233774,62,247177
6652,0.002819,172.217.194.0-255,1484,235258,62,247177
6653,0.002825,172.217.194.0-255,5738,240996,62,247177
6654,0.002844,172.217.194.0-255,2184,243180,62,247177
6655,0.002848,172.217.194.0-255,1601,244781,62,247177
6656,0.002886,172.217.194.0-255,105,244886,62,247177
6657,0.007578,172.31.40.0-255,66,244952,62,247177
6658,0.009459,172.31.40.0-255,105,245057,62,247177
6659,0.011869,172.217.194.0-255,66,245123,62,247177
6660,0.040039,172.31.40.0-255,172,245295,62,247177
6661,0.040073,172.31.40.0-255,1110,246405,62,247177
6662,0.040129,172.31.40.0-255,574,246979,62,247177
6663,0.041712,104.244.42.0-255,66,247045,62,247177
6664,0.04175,104.244.42.0-255,66,247111,62,247177
6665,0.041797,104.244.42.0-255,66,247177,62,247177
6666,0.0,74.125.24.0-255,146,146,62,206035
6667,3.1e-05,172.31.40.0-255,66,212,62,206035
6668,4e-05,74.125.24.0-255,1484,1696,62,206035
6669,4.5e-05,172.31.40.0-255,66,1762,62,206035
6670,5.9e-05,74.125.24.0-255,2902,4664,62,206035
6671,6.3e-05,172.31.40.0-255,66,4730,62,206035
6672,6.9e-05,74.125.24.0-255,4320,9050,62,206035
6673,7.3e-05,172.31.40.0-255,66,9116,62,206035
6674,8.9e-05,172.31.40.0-255,66,9182,62,206035
6675,0.000103,172.31.40.0-255,66,9248,62,206035
6676,0.000182,74.125.24.0-255,1484,10732,62,206035
6677,0.000185,172.31.40.0-255,66,10798,62,206035
6678,0.000207,74.125.24.0-255,2902,13700,62,206035
6679,0.000209,172.31.40.0-255,66,13766,62,206035
6680,0.000214,74.125.24.0-255,2902,16668,62,206035
6681,0.000217,172.31.40.0-255,66,16734,62,206035
6682,0.000251,74.125.24.0-255,2902,19636,62,206035
6683,0.000253,172.31.40.0-255,66,19702,62,206035
6684,0.000271,172.31.40.0-255,66,19768,62,206035
6685,0.000305,172.31.40.0-255,66,19834,62,206035
6686,0.000343,74.125.24.0-255,5379,25213,62,206035
6687,0.000346,172.31.40.0-255,66,25279,62,206035
6688,0.000775,74.125.24.0-255,399,25678,62,206035
6689,0.000781,172.31.40.0-255,66,25744,62,206035
6690,0.001021,74.125.24.0-255,1484,27228,62,206035
6691,0.001026,172.31.40.0-255,66,27294,62,206035
6692,0.001032,74.125.24.0-255,2902,30196,62,206035
6693,0.001034,172.31.40.0-255,66,30262,62,206035
6694,0.001039,74.125.24.0-255,2902,33164,62,206035
6695,0.001046,172.31.40.0-255,66,33230,62,206035
6696,0.00108,74.125.24.0-255,2902,36132,62,206035
6697,0.001083,172.31.40.0-255,66,36198,62,206035
6698,0.001096,172.31.40.0-255,66,36264,62,206035
6699,0.001113,172.31.40.0-255,66,36330,62,206035
6700,0.001144,74.125.24.0-255,4320,40650,62,206035
6701,0.001147,172.31.40.0-255,66,40716,62,206035
6702,0.001178,74.125.24.0-255,7156,47872,62,206035
6703,0.001185,172.31.40.0-255,66,47938,62,206035
6704,0.001202,172.31.40.0-255,66,48004,62,206035
6705,0.001207,74.125.24.0-255,4320,52324,62,206035
6706,0.00121,172.31.40.0-255,66,52390,62,206035
6707,0.001248,74.125.24.0-255,2461,54851,62,206035
6708,0.001251,172.31.40.0-255,66,54917,62,206035
6709,0.001254,74.125.24.0-255,1484,56401,62,206035
6710,0.001256,172.31.40.0-255,66,56467,62,206035
6711,0.001293,74.125.24.0-255,2902,59369,62,206035
6712,0.001296,172.31.40.0-255,66,59435,62,206035
6713,0.001302,74.125.24.0-255,5738,65173,62,206035
6714,0.001305,172.31.40.0-255,66,65239,62,206035
6715,0.001308,74.125.24.0-255,2902,68141,62,206035
6716,0.001316,172.31.40.0-255,66,68207,62,206035
6717,0.001339,74.125.24.0-255,1484,69691,62,206035
6718,0.00137,74.125.24.0-255,4320,74011,62,206035
6719,0.001387,172.31.40.0-255,66,74077,62,206035
6720,0.001419,74.125.24.0-255,6438,80515,62,206035
6721,0.001436,172.31.40.0-255,66,80581,62,206035
6722,0.001693,74.125.24.0-255,1484,82065,62,206035
6723,0.001706,74.125.24.0-255,1484,83549,62,206035
6724,0.001715,172.31.40.0-255,66,83615,62,206035
6725,0.001719,74.125.24.0-255,1484,85099,62,206035
6726,0.001722,74.125.24.0-255,1484,86583,62,206035
6727,0.001724,172.31.40.0-255,66,86649,62,206035
6728,0.001744,74.125.24.0-255,4320,90969,62,206035
6729,0.001747,172.31.40.0-255,66,91035,62,206035
6730,0.001757,74.125.24.0-255,5738,96773,62,206035
6731,0.001759,172.31.40.0-255,66,96839,62,206035
6732,0.001797,74.125.24.0-255,7156,103995,62,206035
6733,0.0018,172.31.40.0-255,66,104061,62,206035
6734,0.00181,172.31.40.0-255,66,104127,62,206035
6735,0.001841,74.125.24.0-255,7156,111283,62,206035
6736,0.001864,74.125.24.0-255,2902,114185,62,206035
6737,0.001873,172.31.40.0-255,66,114251,62,206035
6738,0.001906,74.125.24.0-255,1484,115735,62,206035
6739,0.001924,172.31.40.0-255,66,115801,62,206035
6740,0.001935,74.125.24.0-255,1484,117285,62,206035
6741,0.001954,74.125.24.0-255,2184,119469,62,206035
6742,0.001963,172.31.40.0-255,66,119535,62,206035
6743,0.002028,74.125.24.0-255,1484,121019,62,206035
6744,0.002032,74.125.24.0-255,1484,122503,62,206035
6745,0.002037,172.31.40.0-255,66,122569,62,206035
6746,0.002066,74.125.24.0-255,1484,124053,62,206035
6747,0.002073,74.125.24.0-255,5738,129791,62,206035
6748,0.002075,74.125.24.0-255,1484,131275,62,206035
6749,0.002083,172.31.40.0-255,66,131341,62,206035
6750,0.00212,74.125.24.0-255,1484,132825,62,206035
6751,0.002124,74.125.24.0-255,2902,135727,62,206035
6752,0.00214,74.125.24.0-255,6438,142165,62,206035
6753,0.002148,172.31.40.0-255,66,142231,62,206035
6754,0.002185,74.125.24.0-255,5738,147969,62,206035
6755,0.002204,74.125.24.0-255,2902,150871,62,206035
6756,0.002207,74.125.24.0-255,1484,152355,62,206035
6757,0.002211,172.31.40.0-255,66,152421,62,206035
6758,0.002222,74.125.24.0-255,2902,155323,62,206035
6759,0.002237,172.31.40.0-255,66,155389,62,206035
6760,0.002249,74.125.24.0-255,5738,161127,62,206035
6761,0.002293,172.31.40.0-255,66,161193,62,206035
6762,0.002313,74.125.24.0-255,6438,167631,62,206035
6763,0.002327,74.125.24.0-255,1484,169115,62,206035
6764,0.002335,172.31.40.0-255,66,169181,62,206035
6765,0.002372,74.125.24.0-255,766,169947,62,206035
6766,0.002374,74.125.24.0-255,1484,171431,62,206035
6767,0.002379,74.125.24.0-255,4320,175751,62,206035
6768,0.002382,74.125.24.0-255,2902,178653,62,206035
6769,0.002391,172.31.40.0-255,66,178719,62,206035
6770,0.00241,74.125.24.0-255,7156,185875,62,206035
6771,0.002432,172.31.40.0-255,66,185941,62,206035
6772,0.002455,74.125.24.0-255,1484,187425,62,206035
6773,0.002469,74.125.24.0-255,4320,191745,62,206035
6774,0.00248,172.31.40.0-255,66,191811,62,206035
6775,0.00249,74.125.24.0-255,3602,195413,62,206035
6776,0.002506,172.31.40.0-255,66,195479,62,206035
6777,0.002513,74.125.24.0-255,1484,196963,62,206035
6778,0.002538,74.125.24.0-255,1484,198447,62,206035
6779,0.002552,172.31.40.0-255,66,198513,62,206035
6780,0.00258,74.125.24.0-255,5738,204251,62,206035
6781,0.002585,172.31.40.0-255,66,204317,62,206035
6782,0.00262,74.125.24.0-255,105,204422,62,206035
6783,0.002627,172.31.40.0-255,66,204488,62,206035
6784,0.012627,172.31.40.0-255,105,204593,62,206035
6785,0.015297,74.125.24.0-255,66,204659,62,206035
6786,0.038835,172.31.40.0-255,167,204826,62,206035
6787,0.038873,172.31.40.0-255,1077,205903,62,206035
6788,0.040484,104.244.42.0-255,66,205969,62,206035
6789,0.040524,104.244.42.0-255,66,206035,62,206035
6790,0.0,172.217.194.0-255,153,153,62,312978
6791,2.5e-05,172.31.40.0-255,66,219,62,312978
6792,3.3e-05,172.217.194.0-255,1484,1703,62,312978
6793,3.7e-05,172.31.40.0-255,66,1769,62,312978
6794,4.3e-05,172.217.194.0-255,2902,4671,62,312978
6795,4.7e-05,172.31.40.0-255,66,4737,62,312978
6796,5.5e-05,172.217.194.0-255,7156,11893,62,312978
6797,5.8e-05,172.31.40.0-255,66,11959,62,312978
6798,6.2e-05,172.217.194.0-255,2064,14023,62,312978
6799,6.5e-05,172.31.40.0-255,66,14089,62,312978
6800,0.000218,172.217.194.0-255,1484,15573,62,312978
6801,0.000223,172.31.40.0-255,66,15639,62,312978
6802,0.000229,172.217.194.0-255,2902,18541,62,312978
6803,0.000232,172.31.40.0-255,66,18607,62,312978
6804,0.000236,172.217.194.0-255,2902,21509,62,312978
6805,0.000238,172.31.40.0-255,66,21575,62,312978
6806,0.000264,172.217.194.0-255,2902,24477,62,312978
6807,0.000266,172.31.40.0-255,66,24543,62,312978
6808,0.000273,172.217.194.0-255,6797,31340,62,312978
6809,0.000275,172.31.40.0-255,66,31406,62,312978
6810,0.000582,172.217.194.0-255,1484,32890,62,312978
6811,0.000587,172.31.40.0-255,66,32956,62,312978
6812,0.000591,172.217.194.0-255,2902,35858,62,312978
6813,0.000593,172.31.40.0-255,66,35924,62,312978
6814,0.000609,172.217.194.0-255,5738,41662,62,312978
6815,0.000611,172.31.40.0-255,66,41728,62,312978
6816,0.000656,172.217.194.0-255,2902,44630,62,312978
6817,0.000659,172.31.40.0-255,66,44696,62,312978
6818,0.000676,172.217.194.0-255,3961,48657,62,312978
6819,0.000678,172.31.40.0-255,66,48723,62,312978
6820,0.001027,172.217.194.0-255,1484,50207,62,312978
6821,0.001033,172.31.40.0-255,66,50273,62,312978
6822,0.001042,172.217.194.0-255,2902,53175,62,312978
6823,0.001045,172.31.40.0-255,66,53241,62,312978
6824,0.001052,172.217.194.0-255,5738,58979,62,312978
6825,0.001053,172.31.40.0-255,66,59045,62,312978
6826,0.001059,172.217.194.0-255,4320,63365,62,312978
6827,0.001061,172.31.40.0-255,66,63431,62,312978
6828,0.001088,172.217.194.0-255,2543,65974,62,312978
6829,0.00109,172.31.40.0-255,66,66040,62,312978
6830,0.001093,172.217.194.0-255,645,66685,62,312978
6831,0.001284,172.217.194.0-255,1484,68169,62,312978
6832,0.00129,172.31.40.0-255,66,68235,62,312978
6833,0.001296,172.217.194.0-255,2902,71137,62,312978
6834,0.001298,172.31.40.0-255,66,71203,62,312978
6835,0.001305,172.217.194.0-255,5738,76941,62,312978
6836,0.001307,172.31.40.0-255,66,77007,62,312978
6837,0.001319,172.31.40.0-255,66,77073,62,312978
6838,0.001343,172.217.194.0-255,4320,81393,62,312978
6839,0.001346,172.31.40.0-255,66,81459,62,312978
6840,0.001354,172.217.194.0-255,7156,88615,62,312978
6841,0.001356,172.31.40.0-255,66,88681,62,312978
6842,0.001409,172.217.194.0-255,1484,90165,62,312978
6843,0.001423,172.217.194.0-255,2184,92349,62,312978
6844,0.001426,172.31.40.0-255,66,92415,62,312978
6845,0.001776,172.217.194.0-255,1484,93899,62,312978
6846,0.001789,172.217.194.0-255,2902,96801,62,312978
6847,0.001793,172.31.40.0-255,66,96867,62,312978
6848,0.001797,172.217.194.0-255,1484,98351,62,312978
6849,0.001815,172.217.194.0-255,4320,102671,62,312978
6850,0.001817,172.31.40.0-255,66,102737,62,312978
6851,0.001848,172.31.40.0-255,66,102803,62,312978
6852,0.001854,172.217.194.0-255,5738,108541,62,312978
6853,0.001856,172.31.40.0-255,66,108607,62,312978
6854,0.001867,172.217.194.0-255,1484,110091,62,312978
6855,0.001881,172.217.194.0-255,2902,112993,62,312978
6856,0.001883,172.31.40.0-255,66,113059,62,312978
6857,0.0019,172.217.194.0-255,766,113825,62,312978
6858,0.001976,172.217.194.0-255,1484,115309,62,312978
6859,0.001978,172.31.40.0-255,66,115375,62,312978
6860,0.002019,172.217.194.0-255,2902,118277,62,312978
6861,0.002021,172.31.40.0-255,66,118343,62,312978
6862,0.002023,172.217.194.0-255,1484,119827,62,312978
6863,0.002044,172.217.194.0-255,4320,124147,62,312978
6864,0.002046,172.31.40.0-255,66,124213,62,312978
6865,0.002051,172.217.194.0-255,5738,129951,62,312978
6866,0.002053,172.31.40.0-255,66,130017,62,312978
6867,0.002056,172.217.194.0-255,1484,131501,62,312978
6868,0.002091,172.31.40.0-255,66,131567,62,312978
6869,0.002097,172.217.194.0-255,5020,136587,62,312978
6870,0.002099,172.31.40.0-255,66,136653,62,312978
6871,0.004409,172.217.194.0-255,5738,142391,62,312978
6872,0.004413,172.31.40.0-255,66,142457,62,312978
6873,0.006695,172.217.194.0-255,5738,148195,62,312978
6874,0.006702,172.31.40.0-255,66,148261,62,312978
6875,0.008972,172.217.194.0-255,5738,153999,62,312978
6876,0.008979,172.31.40.0-255,66,154065,62,312978
6877,0.011242,172.217.194.0-255,5738,159803,62,312978
6878,0.011249,172.31.40.0-255,66,159869,62,312978
6879,0.013542,172.217.194.0-255,5738,165607,62,312978
6880,0.013552,172.31.40.0-255,66,165673,62,312978
6881,0.015823,172.217.194.0-255,5738,171411,62,312978
6882,0.015829,172.31.40.0-255,66,171477,62,312978
6883,0.018119,172.217.194.0-255,5738,177215,62,312978
6884,0.018126,172.31.40.0-255,66,177281,62,312978
6885,0.020383,172.217.194.0-255,5738,183019,62,312978
6886,0.020391,172.31.40.0-255,66,183085,62,312978
6887,0.022672,172.217.194.0-255,5738,188823,62,312978
6888,0.02268,172.31.40.0-255,66,188889,62,312978
6889,0.024949,172.217.194.0-255,5738,194627,62,312978
6890,0.024957,172.31.40.0-255,66,194693,62,312978
6891,0.027247,172.217.194.0-255,5738,200431,62,312978
6892,0.027255,172.31.40.0-255,66,200497,62,312978
6893,0.029277,172.31.40.0-255,164,200661,62,312978
6894,0.029302,172.31.40.0-255,1117,201778,62,312978
6895,0.029359,172.31.40.0-255,1514,203292,62,312978
6896,0.02936,172.31.40.0-255,1514,204806,62,312978
6897,0.029361,172.31.40.0-255,1514,206320,62,312978
6898,0.029366,172.31.40.0-255,1514,207834,62,312978
6899,0.029367,172.31.40.0-255,1514,209348,62,312978
6900,0.029368,172.31.40.0-255,72,209420,62,312978
6901,0.029511,172.217.194.0-255,4320,213740,62,312978
6902,0.029516,172.31.40.0-255,66,213806,62,312978
6903,0.029531,172.217.194.0-255,1484,215290,62,312978
6904,0.030875,104.244.42.0-255,66,215356,62,312978
6905,0.030904,104.244.42.0-255,66,215422,62,312978
6906,0.030963,104.244.42.0-255,66,215488,62,312978
6907,0.030976,104.244.42.0-255,66,215554,62,312978
6908,0.031779,172.217.194.0-255,4320,219874,62,312978
6909,0.031784,172.31.40.0-255,66,219940,62,312978
6910,0.032931,104.244.42.0-255,108,220048,62,312978
6911,0.032937,172.31.40.0-255,66,220114,62,312978
6912,0.034042,172.217.194.0-255,5738,225852,62,312978
6913,0.034047,172.31.40.0-255,66,225918,62,312978
6914,0.036308,172.217.194.0-255,5738,231656,62,312978
6915,0.036314,172.31.40.0-255,66,231722,62,312978
6916,0.038591,172.217.194.0-255,5738,237460,62,312978
6917,0.038597,172.31.40.0-255,66,237526,62,312978
6918,0.040874,172.217.194.0-255,5738,243264,62,312978
6919,0.040879,172.31.40.0-255,66,243330,62,312978
6920,0.043171,172.217.194.0-255,5738,249068,62,312978
6921,0.043178,172.31.40.0-255,66,249134,62,312978
6922,0.045448,172.217.194.0-255,5738,254872,62,312978
6923,0.045453,172.31.40.0-255,66,254938,62,312978
6924,0.047726,172.217.194.0-255,5738,260676,62,312978
6925,0.047732,172.31.40.0-255,66,260742,62,312978
6926,0.050029,172.217.194.0-255,5738,266480,62,312978
6927,0.050035,172.31.40.0-255,66,266546,62,312978
6928,0.052329,172.217.194.0-255,5738,272284,62,312978
6929,0.052335,172.31.40.0-255,66,272350,62,312978
6930,0.05461,172.217.194.0-255,5738,278088,62,312978
6931,0.054615,172.31.40.0-255,66,278154,62,312978
6932,0.056905,172.217.194.0-255,5738,283892,62,312978
6933,0.056911,172.31.40.0-255,66,283958,62,312978
6934,0.059183,172.217.194.0-255,5738,289696,62,312978
6935,0.05919,172.31.40.0-255,66,289762,62,312978
6936,0.061461,172.217.194.0-255,5738,295500,62,312978
6937,0.061468,172.31.40.0-255,66,295566,62,312978
6938,0.063763,172.217.194.0-255,5738,301304,62,312978
6939,0.063768,172.31.40.0-255,66,301370,62,312978
6940,0.066057,172.217.194.0-255,5738,307108,62,312978
6941,0.066062,172.31.40.0-255,66,307174,62,312978
6942,0.068353,172.217.194.0-255,5738,312912,62,312978
6943,0.068362,172.31.40.0-255,66,312978,62,312978
6944,0.0,74.125.130.0-255,152,152,62,359812
6945,1.6e-05,172.31.40.0-255,66,218,62,359812
6946,5.4e-05,74.125.130.0-255,1484,1702,62,359812
6947,5.8e-05,172.31.40.0-255,66,1768,62,359812
6948,6.5e-05,74.125.130.0-255,2902,4670,62,359812
6949,6.7e-05,172.31.40.0-255,66,4736,62,359812
6950,0.00011,74.125.130.0-255,1484,6220,62,359812
6951,0.000113,172.31.40.0-255,66,6286,62,359812
6952,0.000132,74.125.130.0-255,2902,9188,62,359812
6953,0.000135,172.31.40.0-255,66,9254,62,359812
6954,0.00015,74.125.130.0-255,2902,12156,62,359812
6955,0.000157,172.31.40.0-255,66,12222,62,359812
6956,0.000195,74.125.130.0-255,2036,14258,62,359812
6957,0.000204,172.31.40.0-255,66,14324,62,359812
6958,0.000224,74.125.130.0-255,2902,17226,62,359812
6959,0.000227,172.31.40.0-255,66,17292,62,359812
6960,0.000251,74.125.130.0-255,1484,18776,62,359812
6961,0.000253,172.31.40.0-255,66,18842,62,359812
6962,0.000301,74.125.130.0-255,1484,20326,62,359812
6963,0.000304,172.31.40.0-255,66,20392,62,359812
6964,0.000326,74.125.130.0-255,2902,23294,62,359812
6965,0.000329,172.31.40.0-255,66,23360,62,359812
6966,0.000357,74.125.130.0-255,4320,27680,62,359812
6967,0.00036,172.31.40.0-255,66,27746,62,359812
6968,0.000389,74.125.130.0-255,5738,33484,62,359812
6969,0.000392,172.31.40.0-255,66,33550,62,359812
6970,0.000415,74.125.130.0-255,1484,35034,62,359812
6971,0.000418,172.31.40.0-255,66,35100,62,359812
6972,0.000446,74.125.130.0-255,2902,38002,62,359812
6973,0.000449,172.31.40.0-255,66,38068,62,359812
6974,0.000455,74.125.130.0-255,4320,42388,62,359812
6975,0.000457,172.31.40.0-255,66,42454,62,359812
6976,0.000489,74.125.130.0-255,5738,48192,62,359812
6977,0.000491,172.31.40.0-255,66,48258,62,359812
6978,0.000494,74.125.130.0-255,766,49024,62,359812
6979,0.000656,74.125.130.0-255,1484,50508,62,359812
6980,0.00066,172.31.40.0-255,66,50574,62,359812
6981,0.000666,74.125.130.0-255,2902,53476,62,359812
6982,0.000669,172.31.40.0-255,66,53542,62,359812
6983,0.000698,74.125.130.0-255,5738,59280,62,359812
6984,0.000701,172.31.40.0-255,66,59346,62,359812
6985,0.000705,74.125.130.0-255,2902,62248,62,359812
6986,0.000707,172.31.40.0-255,66,62314,62,359812
6987,0.000727,74.125.130.0-255,1484,63798,62,359812
6988,0.000753,74.125.130.0-255,2851,66649,62,359812
6989,0.000756,74.125.130.0-255,365,67014,62,359812
6990,0.00076,172.31.40.0-255,66,67080,62,359812
6991,0.000869,74.125.130.0-255,1484,68564,62,359812
6992,0.000872,172.31.40.0-255,66,68630,62,359812
6993,0.000901,74.125.130.0-255,2902,71532,62,359812
6994,0.000905,172.31.40.0-255,66,71598,62,359812
6995,0.000909,74.125.130.0-255,2902,74500,62,359812
6996,0.000912,172.31.40.0-255,66,74566,62,359812
6997,0.000956,74.125.130.0-255,4320,78886,62,359812
6998,0.00096,172.31.40.0-255,66,78952,62,359812
6999,0.000963,74.125.130.0-255,1484,80436,62,359812
7000,0.000994,74.125.130.0-255,2902,83338,62,359812
7001,0.000997,172.31.40.0-255,66,83404,62,359812
7002,0.001003,74.125.130.0-255,4320,87724,62,359812
7003,0.001005,172.31.40.0-255,66,87790,62,359812
7004,0.001021,74.125.130.0-255,1484,89274,62,359812
7005,0.001036,172.31.40.0-255,66,89340,62,359812
7006,0.001066,74.125.130.0-255,3602,92942,62,359812
7007,0.001071,172.31.40.0-255,66,93008,62,359812
7008,0.00123,74.125.130.0-255,1484,94492,62,359812
7009,0.001254,74.125.130.0-255,2902,97394,62,359812
7010,0.001258,172.31.40.0-255,66,97460,62,359812
7011,0.001263,74.125.130.0-255,1484,98944,62,359812
7012,0.001298,74.125.130.0-255,2902,101846,62,359812
7013,0.001301,172.31.40.0-255,66,101912,62,359812
7014,0.001312,172.31.40.0-255,66,101978,62,359812
7015,0.001326,74.125.130.0-255,7156,109134,62,359812
7016,0.001329,172.31.40.0-255,66,109200,62,359812
7017,0.001341,172.31.40.0-255,66,109266,62,359812
7018,0.001343,74.125.130.0-255,766,110032,62,359812
7019,0.001522,74.125.130.0-255,1484,111516,62,359812
7020,0.001527,172.31.40.0-255,66,111582,62,359812
7021,0.001546,74.125.130.0-255,2902,114484,62,359812
7022,0.001548,172.31.40.0-255,66,114550,62,359812
7023,0.001578,74.125.130.0-255,5738,120288,62,359812
7024,0.001582,172.31.40.0-255,66,120354,62,359812
7025,0.001605,74.125.130.0-255,1484,121838,62,359812
7026,0.001635,74.125.130.0-255,5738,127576,62,359812
7027,0.001638,172.31.40.0-255,66,127642,62,359812
7028,0.001644,74.125.130.0-255,5738,133380,62,359812
7029,0.001646,172.31.40.0-255,66,133446,62,359812
7030,0.001658,74.125.130.0-255,7156,140602,62,359812
7031,0.001661,172.31.40.0-255,66,140668,62,359812
7032,0.001666,74.125.130.0-255,3602,144270,62,359812
7033,0.001669,172.31.40.0-255,66,144336,62,359812
7034,0.002159,74.125.130.0-255,1484,145820,62,359812
7035,0.002174,74.125.130.0-255,2902,148722,62,359812
7036,0.002178,172.31.40.0-255,66,148788,62,359812
7037,0.00221,74.125.130.0-255,5738,154526,62,359812
7038,0.002213,172.31.40.0-255,66,154592,62,359812
7039,0.002218,74.125.130.0-255,4320,158912,62,359812
7040,0.00222,172.31.40.0-255,66,158978,62,359812
7041,0.002252,74.125.130.0-255,5738,164716,62,359812
7042,0.002255,172.31.40.0-255,66,164782,62,359812
7043,0.002289,172.31.40.0-255,66,164848,62,359812
7044,0.002334,74.125.130.0-255,2184,167032,62,359812
7045,0.002337,172.31.40.0-255,66,167098,62,359812
7046,0.002643,74.125.130.0-255,1484,168582,62,359812
7047,0.002668,74.125.130.0-255,1484,170066,62,359812
7048,0.002671,172.31.40.0-255,66,170132,62,359812
7049,0.002699,74.125.130.0-255,1484,171616,62,359812
7050,0.002706,74.125.130.0-255,4320,175936,62,359812
7051,0.002708,172.31.40.0-255,66,176002,62,359812
7052,0.002713,74.125.130.0-255,2902,178904,62,359812
7053,0.002715,172.31.40.0-255,66,178970,62,359812
7054,0.002719,74.125.130.0-255,1484,180454,62,359812
7055,0.002752,74.125.130.0-255,1484,181938,62,359812
7056,0.002755,172.31.40.0-255,66,182004,62,359812
7057,0.002785,74.125.130.0-255,4320,186324,62,359812
7058,0.002787,172.31.40.0-255,66,186390,62,359812
7059,0.002806,74.125.130.0-255,1484,187874,62,359812
7060,0.002809,74.125.130.0-255,1484,189358,62,359812
7061,0.002811,172.31.40.0-255,66,189424,62,359812
7062,0.002814,74.125.130.0-255,1484,190908,62,359812
7063,0.002838,74.125.130.0-255,1484,192392,62,359812
7064,0.00284,172.31.40.0-255,66,192458,62,359812
7065,0.002845,74.125.130.0-255,2902,195360,62,359812
7066,0.002847,172.31.40.0-255,66,195426,62,359812
7067,0.002872,74.125.130.0-255,2902,198328,62,359812
7068,0.002874,172.31.40.0-255,66,198394,62,359812
7069,0.002895,74.125.130.0-255,2902,201296,62,359812
7070,0.002897,172.31.40.0-255,66,201362,62,359812
7071,0.002919,74.125.130.0-255,766,202128,62,359812
7072,0.002971,74.125.130.0-255,1484,203612,62,359812
7073,0.002974,172.31.40.0-255,66,203678,62,359812
7074,0.003021,74.125.130.0-255,1484,205162,62,359812
7075,0.003037,74.125.130.0-255,1484,206646,62,359812
7076,0.00304,172.31.40.0-255,66,206712,62,359812
7077,0.003065,74.125.130.0-255,1484,208196,62,359812
7078,0.003081,74.125.130.0-255,1484,209680,62,359812
7079,0.003083,172.31.40.0-255,66,209746,62,359812
7080,0.003115,74.125.130.0-255,2902,212648,62,359812
7081,0.003117,172.31.40.0-255,66,212714,62,359812
7082,0.003123,74.125.130.0-255,2902,215616,62,359812
7083,0.003125,172.31.40.0-255,66,215682,62,359812
7084,0.003152,74.125.130.0-255,2902,218584,62,359812
7085,0.003154,172.31.40.0-255,66,218650,62,359812
7086,0.003159,74.125.130.0-255,2902,221552,62,359812
7087,0.003161,172.31.40.0-255,66,221618,62,359812
7088,0.003164,74.125.130.0-255,1484,223102,62,359812
7089,0.003168,74.125.130.0-255,2902,226004,62,359812
7090,0.00317,172.31.40.0-255,66,226070,62,359812
7091,0.003177,74.125.130.0-255,5738,231808,62,359812
7092,0.003179,172.31.40.0-255,66,231874,62,359812
7093,0.003211,74.125.130.0-255,5020,236894,62,359812
7094,0.003213,172.31.40.0-255,66,236960,62,359812
7095,0.003218,74.125.130.0-255,2902,239862,62,359812
7096,0.00322,172.31.40.0-255,66,239928,62,359812
7097,0.003268,74.125.130.0-255,2902,242830,62,359812
7098,0.003271,172.31.40.0-255,66,242896,62,359812
7099,0.003278,74.125.130.0-255,4320,247216,62,359812
7100,0.003281,172.31.40.0-255,66,247282,62,359812
7101,0.003287,74.125.130.0-255,5738,253020,62,359812
7102,0.003289,172.31.40.0-255,66,253086,62,359812
7103,0.003292,74.125.130.0-255,1484,254570,62,359812
7104,0.003295,74.125.130.0-255,1484,256054,62,359812
7105,0.003297,172.31.40.0-255,66,256120,62,359812
7106,0.003303,74.125.130.0-255,4320,260440,62,359812
7107,0.003305,172.31.40.0-255,66,260506,62,359812
7108,0.003312,74.125.130.0-255,5738,266244,62,359812
7109,0.003314,172.31.40.0-255,66,266310,62,359812
7110,0.003343,74.125.130.0-255,5020,271330,62,359812
7111,0.003347,172.31.40.0-255,66,271396,62,359812
7112,0.003367,74.125.130.0-255,1484,272880,62,359812
7113,0.003392,74.125.130.0-255,4320,277200,62,359812
7114,0.003394,172.31.40.0-255,66,277266,62,359812
7115,0.003399,74.125.130.0-255,2902,280168,62,359812
7116,0.003401,172.31.40.0-255,66,280234,62,359812
7117,0.003404,74.125.130.0-255,1484,281718,62,359812
7118,0.003408,74.125.130.0-255,2902,284620,62,359812
7119,0.003411,172.31.40.0-255,66,284686,62,359812
7120,0.003438,74.125.130.0-255,4320,289006,62,359812
7121,0.003441,172.31.40.0-255,66,289072,62,359812
7122,0.003482,74.125.130.0-255,2902,291974,62,359812
7123,0.003484,172.31.40.0-255,66,292040,62,359812
7124,0.003489,74.125.130.0-255,2902,294942,62,359812
7125,0.003492,172.31.40.0-255,66,295008,62,359812
7126,0.003523,74.125.130.0-255,1484,296492,62,359812
7127,0.003534,172.31.40.0-255,66,296558,62,359812
7128,0.003536,74.125.130.0-255,766,297324,62,359812
7129,0.003539,74.125.130.0-255,1484,298808,62,359812
7130,0.003541,172.31.40.0-255,66,298874,62,359812
7131,0.003546,74.125.130.0-255,2902,301776,62,359812
7132,0.003548,172.31.40.0-255,66,301842,62,359812
7133,0.003569,74.125.130.0-255,1484,303326,62,359812
7134,0.003572,74.125.130.0-255,1484,304810,62,359812
7135,0.003575,172.31.40.0-255,66,304876,62,359812
7136,0.003579,74.125.130.0-255,2902,307778,62,359812
7137,0.003581,172.31.40.0-255,66,307844,62,359812
7138,0.003587,74.125.130.0-255,5738,313582,62,359812
7139,0.003589,172.31.40.0-255,66,313648,62,359812
7140,0.003647,172.31.40.0-255,66,313714,62,359812
7141,0.003658,172.31.40.0-255,66,313780,62,359812
7142,0.003663,74.125.130.0-255,5738,319518,62,359812
7143,0.003665,172.31.40.0-255,66,319584,62,359812
7144,0.003692,74.125.130.0-255,5738,325322,62,359812
7145,0.003695,172.31.40.0-255,66,325388,62,359812
7146,0.003724,74.125.130.0-255,1484,326872,62,359812
7147,0.003729,74.125.130.0-255,2902,329774,62,359812
7148,0.003732,172.31.40.0-255,66,329840,62,359812
7149,0.003735,74.125.130.0-255,1484,331324,62,359812
7150,0.003739,74.125.130.0-255,2902,334226,62,359812
7151,0.003741,172.31.40.0-255,66,334292,62,359812
7152,0.003771,74.125.130.0-255,5738,340030,62,359812
7153,0.003773,172.31.40.0-255,66,340096,62,359812
7154,0.003802,74.125.130.0-255,5738,345834,62,359812
7155,0.003804,172.31.40.0-255,66,345900,62,359812
7156,0.003832,74.125.130.0-255,2184,348084,62,359812
7157,0.003835,172.31.40.0-255,66,348150,62,359812
7158,0.003839,74.125.130.0-255,1987,350137,62,359812
7159,0.003841,172.31.40.0-255,66,350203,62,359812
7160,0.003891,74.125.130.0-255,105,350308,62,359812
7161,0.009216,172.31.40.0-255,66,350374,62,359812
7162,0.009254,172.31.40.0-255,105,350479,62,359812
7163,0.011573,74.125.130.0-255,66,350545,62,359812
7164,0.038868,172.31.40.0-255,172,350717,62,359812
7165,0.038901,172.31.40.0-255,1110,351827,62,359812
7166,0.038959,172.31.40.0-255,1514,353341,62,359812
7167,0.038961,172.31.40.0-255,1514,354855,62,359812
7168,0.038967,172.31.40.0-255,1514,356369,62,359812
7169,0.038968,172.31.40.0-255,1514,357883,62,359812
7170,0.038987,172.31.40.0-255,1514,359397,62,359812
7171,0.038988,172.31.40.0-255,151,359548,62,359812
7172,0.040555,104.244.42.0-255,66,359614,62,359812
7173,0.040565,104.244.42.0-255,66,359680,62,359812
7174,0.04062,104.244.42.0-255,66,359746,62,359812
7175,0.040625,104.244.42.0-255,66,359812,62,359812
7176,0.0,74.125.200.0-255,297,297,62,273860
7177,2.3e-05,172.31.40.0-255,66,363,62,273860
7178,3.1e-05,74.125.200.0-255,1484,1847,62,273860
7179,3.5e-05,172.31.40.0-255,66,1913,62,273860
7180,4.1e-05,74.125.200.0-255,4320,6233,62,273860
7181,5e-05,172.31.40.0-255,66,6299,62,273860
7182,5.7e-05,74.125.200.0-255,2902,9201,62,273860
7183,6.1e-05,172.31.40.0-255,66,9267,62,273860
7184,6.7e-05,74.125.200.0-255,4320,13587,62,273860
7185,6.9e-05,172.31.40.0-255,66,13653,62,273860
7186,9.4e-05,74.125.200.0-255,7156,20809,62,273860
7187,0.000102,172.31.40.0-255,66,20875,62,273860
7188,0.000119,74.125.200.0-255,1865,22740,62,273860
7189,0.000121,172.31.40.0-255,66,22806,62,273860
7190,0.000127,74.125.200.0-255,4320,27126,62,273860
7191,0.000129,172.31.40.0-255,66,27192,62,273860
7192,0.000157,74.125.200.0-255,3961,31153,62,273860
7193,0.00016,172.31.40.0-255,66,31219,62,273860
7194,0.000244,74.125.200.0-255,1484,32703,62,273860
7195,0.000248,172.31.40.0-255,66,32769,62,273860
7196,0.000253,74.125.200.0-255,2902,35671,62,273860
7197,0.000255,172.31.40.0-255,66,35737,62,273860
7198,0.000275,74.125.200.0-255,5738,41475,62,273860
7199,0.000277,172.31.40.0-255,66,41541,62,273860
7200,0.000318,172.31.40.0-255,66,41607,62,273860
7201,0.000347,74.125.200.0-255,1484,43091,62,273860
7202,0.00035,172.31.40.0-255,66,43157,62,273860
7203,0.000386,172.31.40.0-255,66,43223,62,273860
7204,0.000391,74.125.200.0-255,5020,48243,62,273860
7205,0.000394,172.31.40.0-255,66,48309,62,273860
7206,0.000396,74.125.200.0-255,399,48708,62,273860
7207,0.000429,74.125.200.0-255,343,49051,62,273860
7208,0.000501,74.125.200.0-255,1484,50535,62,273860
7209,0.000505,172.31.40.0-255,66,50601,62,273860
7210,0.00051,74.125.200.0-255,2902,53503,62,273860
7211,0.000512,172.31.40.0-255,66,53569,62,273860
7212,0.000547,74.125.200.0-255,5738,59307,62,273860
7213,0.000551,172.31.40.0-255,66,59373,62,273860
7214,0.000556,74.125.200.0-255,4320,63693,62,273860
7215,0.000559,172.31.40.0-255,66,63759,62,273860
7216,0.000591,74.125.200.0-255,4320,68079,62,273860
7217,0.000593,172.31.40.0-255,66,68145,62,273860
7218,0.000607,172.31.40.0-255,66,68211,62,273860
7219,0.000613,74.125.200.0-255,5020,73231,62,273860
7220,0.000618,172.31.40.0-255,66,73297,62,273860
7221,0.003499,74.125.200.0-255,1484,74781,62,273860
7222,0.003509,74.125.200.0-255,1484,76265,62,273860
7223,0.003514,172.31.40.0-255,66,76331,62,273860
7224,0.003542,74.125.200.0-255,1484,77815,62,273860
7225,0.003545,74.125.200.0-255,1484,79299,62,273860
7226,0.003547,172.31.40.0-255,66,79365,62,273860
7227,0.005531,74.125.200.0-255,2902,82267,62,273860
7228,0.005535,172.31.40.0-255,66,82333,62,273860
7229,0.00556,74.125.200.0-255,2902,85235,62,273860
7230,0.005562,172.31.40.0-255,66,85301,62,273860
7231,0.007541,74.125.200.0-255,2902,88203,62,273860
7232,0.007548,172.31.40.0-255,66,88269,62,273860
7233,0.007562,74.125.200.0-255,2902,91171,62,273860
7234,0.007567,172.31.40.0-255,66,91237,62,273860
7235,0.009577,74.125.200.0-255,5738,96975,62,273860
7236,0.009585,172.31.40.0-255,66,97041,62,273860
7237,0.011609,74.125.200.0-255,5738,102779,62,273860
7238,0.011635,172.31.40.0-255,66,102845,62,273860
7239,0.013663,74.125.200.0-255,5738,108583,62,273860
7240,0.01367,172.31.40.0-255,66,108649,62,273860
7241,0.015694,74.125.200.0-255,5738,114387,62,273860
7242,0.015705,172.31.40.0-255,66,114453,62,273860
7243,0.017733,74.125.200.0-255,5738,120191,62,273860
7244,0.017741,172.31.40.0-255,66,120257,62,273860
7245,0.019765,74.125.200.0-255,5738,125995,62,273860
7246,0.019774,172.31.40.0-255,66,126061,62,273860
7247,0.021791,74.125.200.0-255,5738,131799,62,273860
7248,0.021798,172.31.40.0-255,66,131865,62,273860
7249,0.023847,74.125.200.0-255,5738,137603,62,273860
7250,0.023855,172.31.40.0-255,66,137669,62,273860
7251,0.025885,74.125.200.0-255,5738,143407,62,273860
7252,0.025891,172.31.40.0-255,66,143473,62,273860
7253,0.027915,74.125.200.0-255,5738,149211,62,273860
7254,0.027923,172.31.40.0-255,66,149277,62,273860
7255,0.02995,74.125.200.0-255,5738,155015,62,273860
7256,0.029958,172.31.40.0-255,66,155081,62,273860
7257,0.030851,172.31.40.0-255,172,155253,62,273860
7258,0.030906,172.31.40.0-255,1108,156361,62,273860
7259,0.03098,172.31.40.0-255,1514,157875,62,273860
7260,0.031002,172.31.40.0-255,1514,159389,62,273860
7261,0.031003,172.31.40.0-255,1514,160903,62,273860
7262,0.031026,172.31.40.0-255,1514,162417,62,273860
7263,0.031027,172.31.40.0-255,1514,163931,62,273860
7264,0.031028,172.31.40.0-255,81,164012,62,273860
7265,0.031981,74.125.200.0-255,5738,169750,62,273860
7266,0.031988,172.31.40.0-255,66,169816,62,273860
7267,0.032387,104.244.42.0-255,66,169882,62,273860
7268,0.032443,104.244.42.0-255,66,169948,62,273860
7269,0.032551,104.244.42.0-255,66,170014,62,273860
7270,0.032607,104.244.42.0-255,66,170080,62,273860
7271,0.032611,104.244.42.0-255,66,170146,62,273860
7272,0.034017,74.125.200.0-255,4320,174466,62,273860
7273,0.034023,172.31.40.0-255,66,174532,62,273860
7274,0.034049,74.125.200.0-255,1484,176016,62,273860
7275,0.036091,74.125.200.0-255,4320,180336,62,273860
7276,0.036097,172.31.40.0-255,66,180402,62,273860
7277,0.038117,74.125.200.0-255,5738,186140,62,273860
7278,0.038122,172.31.40.0-255,66,186206,62,273860
7279,0.040154,74.125.200.0-255,5738,191944,62,273860
7280,0.040161,172.31.40.0-255,66,192010,62,273860
7281,0.042176,74.125.200.0-255,2902,194912,62,273860
7282,0.042183,172.31.40.0-255,66,194978,62,273860
7283,0.042212,74.125.200.0-255,2902,197880,62,273860
7284,0.042215,172.31.40.0-255,66,197946,62,273860
7285,0.044195,74.125.200.0-255,2902,200848,62,273860
7286,0.044201,172.31.40.0-255,66,200914,62,273860
7287,0.044234,74.125.200.0-255,2902,203816,62,273860
7288,0.044237,172.31.40.0-255,66,203882,62,273860
7289,0.046223,74.125.200.0-255,2902,206784,62,273860
7290,0.046228,172.31.40.0-255,66,206850,62,273860
7291,0.046259,74.125.200.0-255,2902,209752,62,273860
7292,0.046262,172.31.40.0-255,66,209818,62,273860
7293,0.048239,74.125.200.0-255,2902,212720,62,273860
7294,0.048245,172.31.40.0-255,66,212786,62,273860
7295,0.048271,74.125.200.0-255,2902,215688,62,273860
7296,0.048274,172.31.40.0-255,66,215754,62,273860
7297,0.050265,74.125.200.0-255,1484,217238,62,273860
7298,0.050324,74.125.200.0-255,4320,221558,62,273860
7299,0.050329,172.31.40.0-255,66,221624,62,273860
7300,0.052365,74.125.200.0-255,5738,227362,62,273860
7301,0.052375,172.31.40.0-255,66,227428,62,273860
7302,0.054411,74.125.200.0-255,5738,233166,62,273860
7303,0.054418,172.31.40.0-255,66,233232,62,273860
7304,0.056438,74.125.200.0-255,5738,238970,62,273860
7305,0.056445,172.31.40.0-255,66,239036,62,273860
7306,0.058467,74.125.200.0-255,5738,244774,62,273860
7307,0.058473,172.31.40.0-255,66,244840,62,273860
7308,0.060503,74.125.200.0-255,5738,250578,62,273860
7309,0.060509,172.31.40.0-255,66,250644,62,273860
7310,0.062522,74.125.200.0-255,5738,256382,62,273860
7311,0.062527,172.31.40.0-255,66,256448,62,273860
7312,0.064545,74.125.200.0-255,5738,262186,62,273860
7313,0.064551,172.31.40.0-255,66,262252,62,273860
7314,0.066592,74.125.200.0-255,5738,267990,62,273860
7315,0.0666,172.31.40.0-255,66,268056,62,273860
7316,0.068632,74.125.200.0-255,5738,273794,62,273860
7317,0.06864,172.31.40.0-255,66,273860,62,273860
7318,0.0,74.125.24.0-255,154,154,62,251478
7319,2e-05,172.31.40.0-255,66,220,62,251478
7320,2.7e-05,74.125.24.0-255,1484,1704,62,251478
7321,3.1e-05,172.31.40.0-255,66,1770,62,251478
7322,4.6e-05,74.125.24.0-255,2902,4672,62,251478
7323,4.9e-05,172.31.40.0-255,66,4738,62,251478
7324,5.7e-05,74.125.24.0-255,7156,11894,62,251478
7325,6e-05,172.31.40.0-255,66,11960,62,251478
7326,6.3e-05,74.125.24.0-255,2063,14023,62,251478
7327,6.7e-05,172.31.40.0-255,66,14089,62,251478
7328,0.000108,172.31.40.0-255,66,14155,62,251478
7329,0.000114,74.125.24.0-255,5379,19534,62,251478
7330,0.000117,172.31.40.0-255,66,19600,62,251478
7331,0.000281,74.125.24.0-255,1484,21084,62,251478
7332,0.000285,172.31.40.0-255,66,21150,62,251478
7333,0.000291,74.125.24.0-255,2902,24052,62,251478
7334,0.000293,172.31.40.0-255,66,24118,62,251478
7335,0.000316,74.125.24.0-255,1484,25602,62,251478
7336,0.000318,172.31.40.0-255,66,25668,62,251478
7337,0.000339,74.125.24.0-255,4320,29988,62,251478
7338,0.000342,172.31.40.0-255,66,30054,62,251478
7339,0.00035,74.125.24.0-255,7156,37210,62,251478
7340,0.000352,172.31.40.0-255,66,37276,62,251478
7341,0.000393,172.31.40.0-255,66,37342,62,251478
7342,0.000416,74.125.24.0-255,6771,44113,62,251478
7343,0.000418,172.31.40.0-255,66,44179,62,251478
7344,0.000485,74.125.24.0-255,344,44523,62,251478
7345,0.000487,172.31.40.0-255,66,44589,62,251478
7346,0.000594,74.125.24.0-255,1484,46073,62,251478
7347,0.000598,172.31.40.0-255,66,46139,62,251478
7348,0.000603,74.125.24.0-255,2902,49041,62,251478
7349,0.000606,172.31.40.0-255,66,49107,62,251478
7350,0.000611,74.125.24.0-255,2902,52009,62,251478
7351,0.000619,172.31.40.0-255,66,52075,62,251478
7352,0.000645,74.125.24.0-255,2902,54977,62,251478
7353,0.000648,172.31.40.0-255,66,55043,62,251478
7354,0.000655,74.125.24.0-255,6797,61840,62,251478
7355,0.000658,172.31.40.0-255,66,61906,62,251478
7356,0.001003,74.125.24.0-255,1484,63390,62,251478
7357,0.001008,74.125.24.0-255,2902,66292,62,251478
7358,0.001015,172.31.40.0-255,66,66358,62,251478
7359,0.001028,74.125.24.0-255,4320,70678,62,251478
7360,0.001035,172.31.40.0-255,66,70744,62,251478
7361,0.001062,74.125.24.0-255,1484,72228,62,251478
7362,0.001065,74.125.24.0-255,1484,73712,62,251478
7363,0.001068,172.31.40.0-255,66,73778,62,251478
7364,0.001079,172.31.40.0-255,66,73844,62,251478
7365,0.001125,172.31.40.0-255,66,73910,62,251478
7366,0.001141,172.31.40.0-255,66,73976,62,251478
7367,0.001147,74.125.24.0-255,4320,78296,62,251478
7368,0.001149,172.31.40.0-255,66,78362,62,251478
7369,0.001204,172.31.40.0-255,66,78428,62,251478
7370,0.001209,74.125.24.0-255,2184,80612,62,251478
7371,0.001211,172.31.40.0-255,66,80678,62,251478
7372,0.001352,74.125.24.0-255,1484,82162,62,251478
7373,0.001359,74.125.24.0-255,2902,85064,62,251478
7374,0.001362,172.31.40.0-255,66,85130,62,251478
7375,0.001391,74.125.24.0-255,5738,90868,62,251478
7376,0.001394,172.31.40.0-255,66,90934,62,251478
7377,0.001401,74.125.24.0-255,5738,96672,62,251478
7378,0.001403,172.31.40.0-255,66,96738,62,251478
7379,0.001435,74.125.24.0-255,7156,103894,62,251478
7380,0.001438,172.31.40.0-255,66,103960,62,251478
7381,0.001452,172.31.40.0-255,66,104026,62,251478
7382,0.0015,74.125.24.0-255,1484,105510,62,251478
7383,0.00152,74.125.24.0-255,2902,108412,62,251478
7384,0.001524,172.31.40.0-255,66,108478,62,251478
7385,0.001532,74.125.24.0-255,5738,114216,62,251478
7386,0.001534,172.31.40.0-255,66,114282,62,251478
7387,0.001564,74.125.24.0-255,7156,121438,62,251478
7388,0.001569,172.31.40.0-255,66,121504,62,251478
7389,0.001596,172.31.40.0-255,66,121570,62,251478
7390,0.001599,74.125.24.0-255,2184,123754,62,251478
7391,0.001602,172.31.40.0-255,66,123820,62,251478
7392,0.001782,74.125.24.0-255,1484,125304,62,251478
7393,0.001787,74.125.24.0-255,1484,126788,62,251478
7394,0.00179,172.31.40.0-255,66,126854,62,251478
7395,0.00182,74.125.24.0-255,1484,128338,62,251478
7396,0.001827,74.125.24.0-255,5738,134076,62,251478
7397,0.001829,172.31.40.0-255,66,134142,62,251478
7398,0.001834,74.125.24.0-255,2902,137044,62,251478
7399,0.001836,172.31.40.0-255,66,137110,62,251478
7400,0.001874,74.125.24.0-255,7156,144266,62,251478
7401,0.001877,172.31.40.0-255,66,144332,62,251478
7402,0.00189,172.31.40.0-255,66,144398,62,251478
7403,0.001943,74.125.24.0-255,2184,146582,62,251478
7404,0.001946,172.31.40.0-255,66,146648,62,251478
7405,0.001955,74.125.24.0-255,2902,149550,62,251478
7406,0.001958,172.31.40.0-255,66,149616,62,251478
7407,0.001965,74.125.24.0-255,7156,156772,62,251478
7408,0.001968,172.31.40.0-255,66,156838,62,251478
7409,0.001975,74.125.24.0-255,7156,163994,62,251478
7410,0.001978,172.31.40.0-255,66,164060,62,251478
7411,0.002024,172.31.40.0-255,66,164126,62,251478
7412,0.002033,74.125.24.0-255,7156,171282,62,251478
7413,0.002036,172.31.40.0-255,66,171348,62,251478
7414,0.002072,74.125.24.0-255,766,172114,62,251478
7415,0.002113,74.125.24.0-255,1484,173598,62,251478
7416,0.002116,172.31.40.0-255,66,173664,62,251478
7417,0.002121,74.125.24.0-255,2902,176566,62,251478
7418,0.002123,172.31.40.0-255,66,176632,62,251478
7419,0.002135,74.125.24.0-255,5738,182370,62,251478
7420,0.002137,172.31.40.0-255,66,182436,62,251478
7421,0.002184,172.31.40.0-255,66,182502,62,251478
7422,0.002197,172.31.40.0-255,66,182568,62,251478
7423,0.002272,74.125.24.0-255,1484,184052,62,251478
7424,0.002277,74.125.24.0-255,2902,186954,62,251478
7425,0.002283,74.125.24.0-255,5738,192692,62,251478
7426,0.00229,172.31.40.0-255,66,192758,62,251478
7427,0.002293,172.31.40.0-255,66,192824,62,251478
7428,0.002339,172.31.40.0-255,66,192890,62,251478
7429,0.002351,172.31.40.0-255,66,192956,62,251478
7430,0.004633,74.125.24.0-255,5738,198694,62,251478
7431,0.00464,172.31.40.0-255,66,198760,62,251478
7432,0.006923,74.125.24.0-255,4320,203080,62,251478
7433,0.00693,172.31.40.0-255,66,203146,62,251478
7434,0.006955,74.125.24.0-255,1484,204630,62,251478
7435,0.009229,74.125.24.0-255,4320,208950,62,251478
7436,0.009233,172.31.40.0-255,66,209016,62,251478
7437,0.011529,74.125.24.0-255,5738,214754,62,251478
7438,0.011537,172.31.40.0-255,66,214820,62,251478
7439,0.013836,74.125.24.0-255,5738,220558,62,251478
7440,0.013844,172.31.40.0-255,66,220624,62,251478
7441,0.016138,74.125.24.0-255,5738,226362,62,251478
7442,0.016147,172.31.40.0-255,66,226428,62,251478
7443,0.01848,74.125.24.0-255,5738,232166,62,251478
7444,0.018491,172.31.40.0-255,66,232232,62,251478
7445,0.02087,74.125.24.0-255,5738,237970,62,251478
7446,0.020885,172.31.40.0-255,66,238036,62,251478
7447,0.023199,74.125.24.0-255,5738,243774,62,251478
7448,0.023207,172.31.40.0-255,66,243840,62,251478
7449,0.025493,74.125.24.0-255,5343,249183,62,251478
7450,0.0255,172.31.40.0-255,66,249249,62,251478
7451,0.028904,172.31.40.0-255,105,249354,62,251478
7452,0.031175,74.125.24.0-255,66,249420,62,251478
7453,0.042391,172.31.40.0-255,176,249596,62,251478
7454,0.042422,172.31.40.0-255,1108,250704,62,251478
7455,0.042479,172.31.40.0-255,576,251280,62,251478
7456,0.043968,104.244.42.0-255,66,251346,62,251478
7457,0.043978,104.244.42.0-255,66,251412,62,251478
7458,0.044057,104.244.42.0-255,66,251478,62,251478
7459,0.0,74.125.200.0-255,153,153,62,384320
7460,2.1e-05,172.31.40.0-255,66,219,62,384320
7461,2.8e-05,74.125.200.0-255,1484,1703,62,384320
7462,3.2e-05,172.31.40.0-255,66,1769,62,384320
7463,3.7e-05,74.125.200.0-255,2902,4671,62,384320
7464,4.6e-05,172.31.40.0-255,66,4737,62,384320
7465,5.1e-05,74.125.200.0-255,2902,7639,62,384320
7466,5.3e-05,172.31.40.0-255,66,7705,62,384320
7467,8.9e-05,74.125.200.0-255,4320,12025,62,384320
7468,9.2e-05,172.31.40.0-255,66,12091,62,384320
7469,9.7e-05,74.125.200.0-255,2037,14128,62,384320
7470,9.8e-05,172.31.40.0-255,66,14194,62,384320
7471,0.000102,74.125.200.0-255,2902,17096,62,384320
7472,0.000104,172.31.40.0-255,66,17162,62,384320
7473,0.000139,74.125.200.0-255,7156,24318,62,384320
7474,0.000141,172.31.40.0-255,66,24384,62,384320
7475,0.000147,74.125.200.0-255,5738,30122,62,384320
7476,0.000149,172.31.40.0-255,66,30188,62,384320
7477,0.000152,74.125.200.0-255,1484,31672,62,384320
7478,0.000157,172.31.40.0-255,66,31738,62,384320
7479,0.000189,74.125.200.0-255,5738,37476,62,384320
7480,0.000192,172.31.40.0-255,66,37542,62,384320
7481,0.0002,74.125.200.0-255,7156,44698,62,384320
7482,0.000202,172.31.40.0-255,66,44764,62,384320
7483,0.000228,74.125.200.0-255,3602,48366,62,384320
7484,0.00023,172.31.40.0-255,66,48432,62,384320
7485,0.000241,74.125.200.0-255,1484,49916,62,384320
7486,0.000246,172.31.40.0-255,66,49982,62,384320
7487,0.00025,74.125.200.0-255,2902,52884,62,384320
7488,0.000252,172.31.40.0-255,66,52950,62,384320
7489,0.00028,74.125.200.0-255,5738,58688,62,384320
7490,0.000282,172.31.40.0-255,66,58754,62,384320
7491,0.000306,74.125.200.0-255,7103,65857,62,384320
7492,0.000308,172.31.40.0-255,66,65923,62,384320
7493,0.000319,74.125.200.0-255,348,66271,62,384320
7494,0.000787,74.125.200.0-255,1484,67755,62,384320
7495,0.000793,172.31.40.0-255,66,67821,62,384320
7496,0.000825,74.125.200.0-255,2902,70723,62,384320
7497,0.000828,172.31.40.0-255,66,70789,62,384320
7498,0.00083,74.125.200.0-255,1484,72273,62,384320
7499,0.000835,74.125.200.0-255,2902,75175,62,384320
7500,0.000836,172.31.40.0-255,66,75241,62,384320
7501,0.000864,74.125.200.0-255,5738,80979,62,384320
7502,0.000866,172.31.40.0-255,66,81045,62,384320
7503,0.000875,74.125.200.0-255,2902,83947,62,384320
7504,0.000877,172.31.40.0-255,66,84013,62,384320
7505,0.00088,74.125.200.0-255,2902,86915,62,384320
7506,0.000883,172.31.40.0-255,66,86981,62,384320
7507,0.000908,74.125.200.0-255,1484,88465,62,384320
7508,0.000911,74.125.200.0-255,1484,89949,62,384320
7509,0.000913,172.31.40.0-255,66,90015,62,384320
7510,0.000936,74.125.200.0-255,7156,97171,62,384320
7511,0.00094,172.31.40.0-255,66,97237,62,384320
7512,0.000979,74.125.200.0-255,3602,100839,62,384320
7513,0.000983,172.31.40.0-255,66,100905,62,384320
7514,0.001125,74.125.200.0-255,1484,102389,62,384320
7515,0.001169,74.125.200.0-255,1484,103873,62,384320
7516,0.001173,172.31.40.0-255,66,103939,62,384320
7517,0.00122,74.125.200.0-255,2902,106841,62,384320
7518,0.001223,172.31.40.0-255,66,106907,62,384320
7519,0.00125,74.125.200.0-255,4320,111227,62,384320
7520,0.001253,172.31.40.0-255,66,111293,62,384320
7521,0.001258,74.125.200.0-255,4320,115613,62,384320
7522,0.00126,172.31.40.0-255,66,115679,62,384320
7523,0.001292,74.125.200.0-255,4320,119999,62,384320
7524,0.001295,172.31.40.0-255,66,120065,62,384320
7525,0.001301,74.125.200.0-255,5738,125803,62,384320
7526,0.001303,172.31.40.0-255,66,125869,62,384320
7527,0.001334,74.125.200.0-255,7156,133025,62,384320
7528,0.001337,172.31.40.0-255,66,133091,62,384320
7529,0.001372,74.125.200.0-255,2184,135275,62,384320
7530,0.001374,172.31.40.0-255,66,135341,62,384320
7531,0.00155,74.125.200.0-255,1484,136825,62,384320
7532,0.001566,74.125.200.0-255,2902,139727,62,384320
7533,0.001569,172.31.40.0-255,66,139793,62,384320
7534,0.001606,74.125.200.0-255,1484,141277,62,384320
7535,0.001624,74.125.200.0-255,2902,144179,62,384320
7536,0.001627,172.31.40.0-255,66,144245,62,384320
7537,0.001633,74.125.200.0-255,5738,149983,62,384320
7538,0.001635,172.31.40.0-255,66,150049,62,384320
7539,0.001639,74.125.200.0-255,2902,152951,62,384320
7540,0.00164,172.31.40.0-255,66,153017,62,384320
7541,0.001668,74.125.200.0-255,4320,157337,62,384320
7542,0.00167,172.31.40.0-255,66,157403,62,384320
7543,0.001708,172.31.40.0-255,66,157469,62,384320
7544,0.001846,74.125.200.0-255,1484,158953,62,384320
7545,0.001866,74.125.200.0-255,2902,161855,62,384320
7546,0.001869,172.31.40.0-255,66,161921,62,384320
7547,0.001873,74.125.200.0-255,1484,163405,62,384320
7548,0.001895,74.125.200.0-255,2902,166307,62,384320
7549,0.001897,172.31.40.0-255,66,166373,62,384320
7550,0.001946,74.125.200.0-255,5738,172111,62,384320
7551,0.001949,172.31.40.0-255,66,172177,62,384320
7552,0.001951,74.125.200.0-255,1484,173661,62,384320
7553,0.001955,74.125.200.0-255,2902,176563,62,384320
7554,0.001957,172.31.40.0-255,66,176629,62,384320
7555,0.001963,74.125.200.0-255,1484,178113,62,384320
7556,0.001979,74.125.200.0-255,2902,181015,62,384320
7557,0.00198,172.31.40.0-255,66,181081,62,384320
7558,0.003904,74.125.200.0-255,1484,182565,62,384320
7559,0.003929,74.125.200.0-255,4320,186885,62,384320
7560,0.003934,172.31.40.0-255,66,186951,62,384320
7561,0.005894,74.125.200.0-255,5738,192689,62,384320
7562,0.005902,172.31.40.0-255,66,192755,62,384320
7563,0.00785,74.125.200.0-255,5738,198493,62,384320
7564,0.007855,172.31.40.0-255,66,198559,62,384320
7565,0.009807,74.125.200.0-255,5738,204297,62,384320
7566,0.009814,172.31.40.0-255,66,204363,62,384320
7567,0.011786,74.125.200.0-255,5738,210101,62,384320
7568,0.011794,172.31.40.0-255,66,210167,62,384320
7569,0.013746,74.125.200.0-255,5738,215905,62,384320
7570,0.013753,172.31.40.0-255,66,215971,62,384320
7571,0.015703,74.125.200.0-255,5738,221709,62,384320
7572,0.015711,172.31.40.0-255,66,221775,62,384320
7573,0.017669,74.125.200.0-255,5738,227513,62,384320
7574,0.017677,172.31.40.0-255,66,227579,62,384320
7575,0.019628,74.125.200.0-255,5738,233317,62,384320
7576,0.019633,172.31.40.0-255,66,233383,62,384320
7577,0.021595,74.125.200.0-255,5738,239121,62,384320
7578,0.021602,172.31.40.0-255,66,239187,62,384320
7579,0.023555,74.125.200.0-255,5738,244925,62,384320
7580,0.023562,172.31.40.0-255,66,244991,62,384320
7581,0.025526,74.125.200.0-255,5738,250729,62,384320
7582,0.025533,172.31.40.0-255,66,250795,62,384320
7583,0.027485,74.125.200.0-255,5738,256533,62,384320
7584,0.027492,172.31.40.0-255,66,256599,62,384320
7585,0.029457,74.125.200.0-255,5738,262337,62,384320
7586,0.029463,172.31.40.0-255,66,262403,62,384320
7587,0.030022,172.31.40.0-255,192,262595,62,384320
7588,0.030048,172.31.40.0-255,1110,263705,62,384320
7589,0.030098,172.31.40.0-255,1514,265219,62,384320
7590,0.030119,172.31.40.0-255,1514,266733,62,384320
7591,0.030122,172.31.40.0-255,1514,268247,62,384320
7592,0.030138,172.31.40.0-255,1081,269328,62,384320
7593,0.031408,74.125.200.0-255,4320,273648,62,384320
7594,0.031414,172.31.40.0-255,66,273714,62,384320
7595,0.031442,74.125.200.0-255,1484,275198,62,384320
7596,0.031582,104.244.42.0-255,66,275264,62,384320
7597,0.031636,104.244.42.0-255,66,275330,62,384320
7598,0.031683,104.244.42.0-255,66,275396,62,384320
7599,0.031687,104.244.42.0-255,66,275462,62,384320
7600,0.033362,74.125.200.0-255,4320,279782,62,384320
7601,0.033368,172.31.40.0-255,66,279848,62,384320
7602,0.035401,74.125.200.0-255,5738,285586,62,384320
7603,0.035409,172.31.40.0-255,66,285652,62,384320
7604,0.037364,74.125.200.0-255,5738,291390,62,384320
7605,0.037371,172.31.40.0-255,66,291456,62,384320
7606,0.039336,74.125.200.0-255,5738,297194,62,384320
7607,0.039344,172.31.40.0-255,66,297260,62,384320
7608,0.041309,74.125.200.0-255,5738,302998,62,384320
7609,0.041314,172.31.40.0-255,66,303064,62,384320
7610,0.043276,74.125.200.0-255,5738,308802,62,384320
7611,0.043282,172.31.40.0-255,66,308868,62,384320
7612,0.045242,74.125.200.0-255,5738,314606,62,384320
7613,0.045248,172.31.40.0-255,66,314672,62,384320
7614,0.047197,74.125.200.0-255,5738,320410,62,384320
7615,0.047203,172.31.40.0-255,66,320476,62,384320
7616,0.049162,74.125.200.0-255,5738,326214,62,384320
7617,0.049168,172.31.40.0-255,66,326280,62,384320
7618,0.051138,74.125.200.0-255,5738,332018,62,384320
7619,0.051144,172.31.40.0-255,66,332084,62,384320
7620,0.053102,74.125.200.0-255,5738,337822,62,384320
7621,0.053108,172.31.40.0-255,66,337888,62,384320
7622,0.055064,74.125.200.0-255,5738,343626,62,384320
7623,0.05507,172.31.40.0-255,66,343692,62,384320
7624,0.057045,74.125.200.0-255,5738,349430,62,384320
7625,0.057051,172.31.40.0-255,66,349496,62,384320
7626,0.059007,74.125.200.0-255,5738,355234,62,384320
7627,0.059013,172.31.40.0-255,66,355300,62,384320
7628,0.061012,74.125.200.0-255,5738,361038,62,384320
7629,0.061018,172.31.40.0-255,66,361104,62,384320
7630,0.062983,74.125.200.0-255,5738,366842,62,384320
7631,0.062989,172.31.40.0-255,66,366908,62,384320
7632,0.064951,74.125.200.0-255,5738,372646,62,384320
7633,0.064957,172.31.40.0-255,66,372712,62,384320
7634,0.066922,74.125.200.0-255,5738,378450,62,384320
7635,0.066927,172.31.40.0-255,66,378516,62,384320
7636,0.068876,74.125.200.0-255,5738,384254,62,384320
7637,0.068886,172.31.40.0-255,66,384320,62,384320
7638,0.0,74.125.24.0-255,146,146,62,163311
7639,2.4e-05,172.31.40.0-255,66,212,62,163311
7640,3.2e-05,74.125.24.0-255,1484,1696,62,163311
7641,3.8e-05,172.31.40.0-255,66,1762,62,163311
7642,4.3e-05,74.125.24.0-255,2902,4664,62,163311
7643,4.7e-05,172.31.40.0-255,66,4730,62,163311
7644,5.5e-05,74.125.24.0-255,7156,11886,62,163311
7645,5.7e-05,172.31.40.0-255,66,11952,62,163311
7646,6e-05,74.125.24.0-255,1484,13436,62,163311
7647,6.3e-05,172.31.40.0-255,66,13502,62,163311
7648,7.6e-05,172.31.40.0-255,66,13568,62,163311
7649,8.2e-05,74.125.24.0-255,4320,17888,62,163311
7650,8.5e-05,172.31.40.0-255,66,17954,62,163311
7651,0.000121,74.125.24.0-255,2543,20497,62,163311
7652,0.000124,172.31.40.0-255,66,20563,62,163311
7653,0.00022,74.125.24.0-255,1484,22047,62,163311
7654,0.000224,172.31.40.0-255,66,22113,62,163311
7655,0.000229,74.125.24.0-255,2902,25015,62,163311
7656,0.000232,172.31.40.0-255,66,25081,62,163311
7657,0.000237,74.125.24.0-255,2902,27983,62,163311
7658,0.000239,172.31.40.0-255,66,28049,62,163311
7659,0.000263,74.125.24.0-255,2902,30951,62,163311
7660,0.000265,172.31.40.0-255,66,31017,62,163311
7661,0.000276,172.31.40.0-255,66,31083,62,163311
7662,0.000291,74.125.24.0-255,4320,35403,62,163311
7663,0.000294,172.31.40.0-255,66,35469,62,163311
7664,0.000305,172.31.40.0-255,66,35535,62,163311
7665,0.000325,74.125.24.0-255,1058,36593,62,163311
7666,0.000327,172.31.40.0-255,66,36659,62,163311
7667,0.000361,74.125.24.0-255,385,37044,62,163311
7668,0.000567,74.125.24.0-255,1484,38528,62,163311
7669,0.000573,172.31.40.0-255,66,38594,62,163311
7670,0.000579,74.125.24.0-255,2902,41496,62,163311
7671,0.000581,172.31.40.0-255,66,41562,62,163311
7672,0.000586,74.125.24.0-255,4320,45882,62,163311
7673,0.000588,172.31.40.0-255,66,45948,62,163311
7674,0.0006,74.125.24.0-255,1484,47432,62,163311
7675,0.000619,74.125.24.0-255,2902,50334,62,163311
7676,0.000622,172.31.40.0-255,66,50400,62,163311
7677,0.000654,172.31.40.0-255,66,50466,62,163311
7678,0.000714,172.31.40.0-255,66,50532,62,163311
7679,0.000726,172.31.40.0-255,66,50598,62,163311
7680,0.000729,74.125.24.0-255,2902,53500,62,163311
7681,0.000732,172.31.40.0-255,66,53566,62,163311
7682,0.000755,74.125.24.0-255,1484,55050,62,163311
7683,0.00078,74.125.24.0-255,2543,57593,62,163311
7684,0.000783,172.31.40.0-255,66,57659,62,163311
7685,0.000817,74.125.24.0-255,4320,61979,62,163311
7686,0.00082,172.31.40.0-255,66,62045,62,163311
7687,0.000823,74.125.24.0-255,1484,63529,62,163311
7688,0.000838,74.125.24.0-255,4320,67849,62,163311
7689,0.000841,172.31.40.0-255,66,67915,62,163311
7690,0.000889,172.31.40.0-255,66,67981,62,163311
7691,0.0009,172.31.40.0-255,66,68047,62,163311
7692,0.000917,74.125.24.0-255,2543,70590,62,163311
7693,0.000919,172.31.40.0-255,66,70656,62,163311
7694,0.001149,74.125.24.0-255,1484,72140,62,163311
7695,0.001155,74.125.24.0-255,2902,75042,62,163311
7696,0.001158,172.31.40.0-255,66,75108,62,163311
7697,0.001183,74.125.24.0-255,5738,80846,62,163311
7698,0.001185,172.31.40.0-255,66,80912,62,163311
7699,0.001227,74.125.24.0-255,5738,86650,62,163311
7700,0.00123,172.31.40.0-255,66,86716,62,163311
7701,0.00125,74.125.24.0-255,1125,87841,62,163311
7702,0.001341,74.125.24.0-255,1484,89325,62,163311
7703,0.001345,172.31.40.0-255,66,89391,62,163311
7704,0.001364,74.125.24.0-255,2902,92293,62,163311
7705,0.001366,172.31.40.0-255,66,92359,62,163311
7706,0.001372,74.125.24.0-255,4320,96679,62,163311
7707,0.001374,172.31.40.0-255,66,96745,62,163311
7708,0.00141,172.31.40.0-255,66,96811,62,163311
7709,0.001438,74.125.24.0-255,4320,101131,62,163311
7710,0.001441,172.31.40.0-255,66,101197,62,163311
7711,0.001464,172.31.40.0-255,66,101263,62,163311
7712,0.001482,74.125.24.0-255,3602,104865,62,163311
7713,0.001485,172.31.40.0-255,66,104931,62,163311
7714,0.001588,74.125.24.0-255,1484,106415,62,163311
7715,0.001594,74.125.24.0-255,2902,109317,62,163311
7716,0.001597,172.31.40.0-255,66,109383,62,163311
7717,0.001617,74.125.24.0-255,5738,115121,62,163311
7718,0.00162,172.31.40.0-255,66,115187,62,163311
7719,0.00165,74.125.24.0-255,5738,120925,62,163311
7720,0.001652,172.31.40.0-255,66,120991,62,163311
7721,0.001666,172.31.40.0-255,66,121057,62,163311
7722,0.001695,74.125.24.0-255,5020,126077,62,163311
7723,0.001698,172.31.40.0-255,66,126143,62,163311
7724,0.001878,74.125.24.0-255,1484,127627,62,163311
7725,0.001893,74.125.24.0-255,2902,130529,62,163311
7726,0.001896,172.31.40.0-255,66,130595,62,163311
7727,0.0019,74.125.24.0-255,1484,132079,62,163311
7728,0.001918,74.125.24.0-255,4320,136399,62,163311
7729,0.001921,172.31.40.0-255,66,136465,62,163311
7730,0.001954,172.31.40.0-255,66,136531,62,163311
7731,0.00198,74.125.24.0-255,1484,138015,62,163311
7732,0.002011,172.31.40.0-255,66,138081,62,163311
7733,0.002029,74.125.24.0-255,1484,139565,62,163311
7734,0.002064,74.125.24.0-255,1484,141049,62,163311
7735,0.002067,172.31.40.0-255,66,141115,62,163311
7736,0.002086,74.125.24.0-255,1484,142599,62,163311
7737,0.002093,74.125.24.0-255,5738,148337,62,163311
7738,0.002096,172.31.40.0-255,66,148403,62,163311
7739,0.002109,172.31.40.0-255,66,148469,62,163311
7740,0.002119,172.31.40.0-255,66,148535,62,163311
7741,0.002167,172.31.40.0-255,66,148601,62,163311
7742,0.002187,74.125.24.0-255,3602,152203,62,163311
7743,0.002189,172.31.40.0-255,66,152269,62,163311
7744,0.002208,74.125.24.0-255,2902,155171,62,163311
7745,0.002211,172.31.40.0-255,66,155237,62,163311
7746,0.002252,172.31.40.0-255,66,155303,62,163311
7747,0.002271,172.31.40.0-255,66,155369,62,163311
7748,0.002281,172.31.40.0-255,66,155435,62,163311
7749,0.002323,172.31.40.0-255,66,155501,62,163311
7750,0.002336,172.31.40.0-255,66,155567,62,163311
7751,0.002339,74.125.24.0-255,1484,157051,62,163311
7752,0.002377,172.31.40.0-255,66,157117,62,163311
7753,0.00238,74.125.24.0-255,1441,158558,62,163311
7754,0.004338,172.31.40.0-255,66,158624,62,163311
7755,0.00467,74.125.24.0-255,136,158760,62,163311
7756,0.01056,172.31.40.0-255,66,158826,62,163311
7757,0.010601,172.31.40.0-255,105,158931,62,163311
7758,0.012892,74.125.24.0-255,66,158997,62,163311
7759,0.034718,172.31.40.0-255,192,159189,62,163311
7760,0.03475,172.31.40.0-255,1110,160299,62,163311
7761,0.034802,172.31.40.0-255,1514,161813,62,163311
7762,0.034804,172.31.40.0-255,1300,163113,62,163311
7763,0.036279,104.244.42.0-255,66,163179,62,163311
7764,0.036317,104.244.42.0-255,66,163245,62,163311
7765,0.036406,104.244.42.0-255,66,163311,62,163311
7766,0.0,172.253.118.0-255,153,153,62,314983
7767,3.1e-05,172.31.40.0-255,66,219,62,314983
7768,3.8e-05,172.253.118.0-255,1484,1703,62,314983
7769,4.2e-05,172.31.40.0-255,66,1769,62,314983
7770,4.6e-05,172.253.118.0-255,2902,4671,62,314983
7771,4.7e-05,172.31.40.0-255,66,4737,62,314983
7772,5.1e-05,172.253.118.0-255,2902,7639,62,314983
7773,5.3e-05,172.31.40.0-255,66,7705,62,314983
7774,0.0001,172.253.118.0-255,2902,10607,62,314983
7775,0.000103,172.31.40.0-255,66,10673,62,314983
7776,0.000116,172.253.118.0-255,3471,14144,62,314983
7777,0.000118,172.31.40.0-255,66,14210,62,314983
7778,0.000188,172.253.118.0-255,1484,15694,62,314983
7779,0.000192,172.31.40.0-255,66,15760,62,314983
7780,0.000196,172.253.118.0-255,2902,18662,62,314983
7781,0.000198,172.31.40.0-255,66,18728,62,314983
7782,0.000215,172.253.118.0-255,5738,24466,62,314983
7783,0.000217,172.31.40.0-255,66,24532,62,314983
7784,0.000249,172.253.118.0-255,1484,26016,62,314983
7785,0.000252,172.31.40.0-255,66,26082,62,314983
7786,0.000276,172.253.118.0-255,5379,31461,62,314983
7787,0.00028,172.31.40.0-255,66,31527,62,314983
7788,0.000286,172.253.118.0-255,7156,38683,62,314983
7789,0.000289,172.31.40.0-255,66,38749,62,314983
7790,0.000329,172.31.40.0-255,66,38815,62,314983
7791,0.000373,172.253.118.0-255,1484,40299,62,314983
7792,0.000378,172.31.40.0-255,66,40365,62,314983
7793,0.000387,172.253.118.0-255,1484,41849,62,314983
7794,0.00039,172.31.40.0-255,66,41915,62,314983
7795,0.000418,172.253.118.0-255,1484,43399,62,314983
7796,0.000421,172.31.40.0-255,66,43465,62,314983
7797,0.000427,172.253.118.0-255,5738,49203,62,314983
7798,0.00043,172.31.40.0-255,66,49269,62,314983
7799,0.000449,172.253.118.0-255,6797,56066,62,314983
7800,0.000451,172.31.40.0-255,66,56132,62,314983
7801,0.000468,172.253.118.0-255,397,56529,62,314983
7802,0.000524,172.253.118.0-255,378,56907,62,314983
7803,0.00073,172.31.40.0-255,66,56973,62,314983
7804,0.000771,172.253.118.0-255,1484,58457,62,314983
7805,0.000776,172.253.118.0-255,1484,59941,62,314983
7806,0.000778,172.31.40.0-255,66,60007,62,314983
7807,0.000797,172.253.118.0-255,1484,61491,62,314983
7808,0.000804,172.253.118.0-255,5738,67229,62,314983
7809,0.000807,172.31.40.0-255,66,67295,62,314983
7810,0.000811,172.253.118.0-255,2902,70197,62,314983
7811,0.000813,172.31.40.0-255,66,70263,62,314983
7812,0.00083,172.253.118.0-255,4320,74583,62,314983
7813,0.000833,172.31.40.0-255,66,74649,62,314983
7814,0.000853,172.253.118.0-255,5738,80387,62,314983
7815,0.000856,172.31.40.0-255,66,80453,62,314983
7816,0.000862,172.253.118.0-255,5738,86191,62,314983
7817,0.000865,172.31.40.0-255,66,86257,62,314983
7818,0.000884,172.253.118.0-255,5020,91277,62,314983
7819,0.000888,172.31.40.0-255,66,91343,62,314983
7820,0.001204,172.253.118.0-255,1484,92827,62,314983
7821,0.001215,172.253.118.0-255,2902,95729,62,314983
7822,0.001219,172.31.40.0-255,66,95795,62,314983
7823,0.001226,172.253.118.0-255,5738,101533,62,314983
7824,0.001228,172.31.40.0-255,66,101599,62,314983
7825,0.001245,172.253.118.0-255,4320,105919,62,314983
7826,0.001248,172.31.40.0-255,66,105985,62,314983
7827,0.001272,172.31.40.0-255,66,106051,62,314983
7828,0.00128,172.253.118.0-255,7156,113207,62,314983
7829,0.001282,172.31.40.0-255,66,113273,62,314983
7830,0.001312,172.253.118.0-255,3602,116875,62,314983
7831,0.001315,172.31.40.0-255,66,116941,62,314983
7832,0.001783,172.253.118.0-255,1484,118425,62,314983
7833,0.00179,172.253.118.0-255,2902,121327,62,314983
7834,0.001794,172.31.40.0-255,66,121393,62,314983
7835,0.001817,172.253.118.0-255,5738,127131,62,314983
7836,0.001819,172.31.40.0-255,66,127197,62,314983
7837,0.001826,172.253.118.0-255,7156,134353,62,314983
7838,0.001828,172.31.40.0-255,66,134419,62,314983
7839,0.001864,172.31.40.0-255,66,134485,62,314983
7840,0.001874,172.253.118.0-255,1484,135969,62,314983
7841,0.001878,172.253.118.0-255,2184,138153,62,314983
7842,0.00188,172.31.40.0-255,66,138219,62,314983
7843,0.001946,172.253.118.0-255,1484,139703,62,314983
7844,0.001957,172.253.118.0-255,2902,142605,62,314983
7845,0.00196,172.31.40.0-255,66,142671,62,314983
7846,0.001992,172.253.118.0-255,5738,148409,62,314983
7847,0.001994,172.31.40.0-255,66,148475,62,314983
7848,0.002006,172.253.118.0-255,4320,152795,62,314983
7849,0.002009,172.31.40.0-255,66,152861,62,314983
7850,0.002037,172.31.40.0-255,66,152927,62,314983
7851,0.002039,172.253.118.0-255,1484,154411,62,314983
7852,0.002069,172.253.118.0-255,2902,157313,62,314983
7853,0.00207,172.31.40.0-255,66,157379,62,314983
7854,0.002089,172.253.118.0-255,6438,163817,62,314983
7855,0.002091,172.31.40.0-255,66,163883,62,314983
7856,0.002116,172.253.118.0-255,5738,169621,62,314983
7857,0.002118,172.31.40.0-255,66,169687,62,314983
7858,0.002144,172.253.118.0-255,7156,176843,62,314983
7859,0.002146,172.31.40.0-255,66,176909,62,314983
7860,0.002183,172.253.118.0-255,5738,182647,62,314983
7861,0.002185,172.31.40.0-255,66,182713,62,314983
7862,0.002208,172.31.40.0-255,66,182779,62,314983
7863,0.002222,172.253.118.0-255,4320,187099,62,314983
7864,0.002224,172.31.40.0-255,66,187165,62,314983
7865,0.002242,172.253.118.0-255,2184,189349,62,314983
7866,0.002244,172.31.40.0-255,66,189415,62,314983
7867,0.002299,172.253.118.0-255,1484,190899,62,314983
7868,0.002315,172.253.118.0-255,2902,193801,62,314983
7869,0.002317,172.31.40.0-255,66,193867,62,314983
7870,0.002321,172.253.118.0-255,2902,196769,62,314983
7871,0.002323,172.31.40.0-255,66,196835,62,314983
7872,0.002346,172.253.118.0-255,2902,199737,62,314983
7873,0.002348,172.31.40.0-255,66,199803,62,314983
7874,0.002371,172.253.118.0-255,4320,204123,62,314983
7875,0.002374,172.31.40.0-255,66,204189,62,314983
7876,0.002378,172.253.118.0-255,4320,208509,62,314983
7877,0.00238,172.31.40.0-255,66,208575,62,314983
7878,0.002401,172.31.40.0-255,66,208641,62,314983
7879,0.002436,172.253.118.0-255,5020,213661,62,314983
7880,0.002438,172.31.40.0-255,66,213727,62,314983
7881,0.002524,172.253.118.0-255,1484,215211,62,314983
7882,0.002527,172.253.118.0-255,1484,216695,62,314983
7883,0.002529,172.31.40.0-255,66,216761,62,314983
7884,0.002541,172.253.118.0-255,1484,218245,62,314983
7885,0.002545,172.253.118.0-255,2902,221147,62,314983
7886,0.002547,172.31.40.0-255,66,221213,62,314983
7887,0.002559,172.253.118.0-255,2902,224115,62,314983
7888,0.002561,172.31.40.0-255,66,224181,62,314983
7889,0.002563,172.253.118.0-255,1484,225665,62,314983
7890,0.002601,172.31.40.0-255,66,225731,62,314983
7891,0.002606,172.253.118.0-255,7156,232887,62,314983
7892,0.002608,172.31.40.0-255,66,232953,62,314983
7893,0.002624,172.253.118.0-255,1484,234437,62,314983
7894,0.002636,172.253.118.0-255,2184,236621,62,314983
7895,0.002638,172.31.40.0-255,66,236687,62,314983
7896,0.002649,172.253.118.0-255,2902,239589,62,314983
7897,0.002651,172.31.40.0-255,66,239655,62,314983
7898,0.002668,172.253.118.0-255,1484,241139,62,314983
7899,0.002682,172.253.118.0-255,4320,245459,62,314983
7900,0.002684,172.31.40.0-255,66,245525,62,314983
7901,0.002711,172.253.118.0-255,5738,251263,62,314983
7902,0.002713,172.31.40.0-255,66,251329,62,314983
7903,0.002719,172.253.118.0-255,7156,258485,62,314983
7904,0.002721,172.31.40.0-255,66,258551,62,314983
7905,0.002788,172.31.40.0-255,66,258617,62,314983
7906,0.002799,172.31.40.0-255,66,258683,62,314983
7907,0.005518,172.253.118.0-255,5738,264421,62,314983
7908,0.005525,172.31.40.0-255,66,264487,62,314983
7909,0.008249,172.253.118.0-255,5738,270225,62,314983
7910,0.008261,172.31.40.0-255,66,270291,62,314983
7911,0.011004,172.253.118.0-255,5738,276029,62,314983
7912,0.01101,172.31.40.0-255,66,276095,62,314983
7913,0.013734,172.253.118.0-255,5738,281833,62,314983
7914,0.013741,172.31.40.0-255,66,281899,62,314983
7915,0.016457,172.253.118.0-255,4320,286219,62,314983
7916,0.016467,172.31.40.0-255,66,286285,62,314983
7917,0.016489,172.253.118.0-255,1484,287769,62,314983
7918,0.019185,172.253.118.0-255,4320,292089,62,314983
7919,0.019195,172.31.40.0-255,66,292155,62,314983
7920,0.021905,172.253.118.0-255,5738,297893,62,314983
7921,0.021914,172.31.40.0-255,66,297959,62,314983
7922,0.024608,172.253.118.0-255,5738,303697,62,314983
7923,0.024614,172.31.40.0-255,66,303763,62,314983
7924,0.027325,172.253.118.0-255,5738,309501,62,314983
7925,0.027332,172.31.40.0-255,66,309567,62,314983
7926,0.030247,172.253.118.0-255,709,310276,62,314983
7927,0.030391,172.31.40.0-255,66,310342,62,314983
7928,0.03042,172.31.40.0-255,105,310447,62,314983
7929,0.033086,172.253.118.0-255,66,310513,62,314983
7930,0.034563,172.31.40.0-255,172,310685,62,314983
7931,0.034594,172.31.40.0-255,1106,311791,62,314983
7932,0.034634,172.31.40.0-255,1514,313305,62,314983
7933,0.034636,172.31.40.0-255,1306,314611,62,314983
7934,0.036162,104.244.42.0-255,66,314677,62,314983
7935,0.036198,104.244.42.0-255,66,314743,62,314983
7936,0.036246,104.244.42.0-255,66,314809,62,314983
7937,0.036824,104.244.42.0-255,108,314917,62,314983
7938,0.036828,172.31.40.0-255,66,314983,62,314983
7939,0.0,74.125.24.0-255,152,152,62,206985
7940,2.4e-05,172.31.40.0-255,66,218,62,206985
7941,3.1e-05,74.125.24.0-255,1484,1702,62,206985
7942,3.5e-05,172.31.40.0-255,66,1768,62,206985
7943,4.1e-05,74.125.24.0-255,2902,4670,62,206985
7944,5.2e-05,172.31.40.0-255,66,4736,62,206985
7945,5.8e-05,74.125.24.0-255,4320,9056,62,206985
7946,6.2e-05,172.31.40.0-255,66,9122,62,206985
7947,7.5e-05,172.31.40.0-255,66,9188,62,206985
7948,8.2e-05,74.125.24.0-255,5738,14926,62,206985
7949,8.4e-05,172.31.40.0-255,66,14992,62,206985
7950,0.000135,74.125.24.0-255,6797,21789,62,206985
7951,0.000139,172.31.40.0-255,66,21855,62,206985
7952,0.000746,74.125.24.0-255,1484,23339,62,206985
7953,0.000752,172.31.40.0-255,66,23405,62,206985
7954,0.00076,74.125.24.0-255,2902,26307,62,206985
7955,0.000763,172.31.40.0-255,66,26373,62,206985
7956,0.000796,74.125.24.0-255,5738,32111,62,206985
7957,0.000799,172.31.40.0-255,66,32177,62,206985
7958,0.000805,74.125.24.0-255,4320,36497,62,206985
7959,0.000806,172.31.40.0-255,66,36563,62,206985
7960,0.000835,74.125.24.0-255,5738,42301,62,206985
7961,0.000838,172.31.40.0-255,66,42367,62,206985
7962,0.000848,74.125.24.0-255,4320,46687,62,206985
7963,0.00085,172.31.40.0-255,66,46753,62,206985
7964,0.000896,172.31.40.0-255,66,46819,62,206985
7965,0.000999,74.125.24.0-255,410,47229,62,206985
7966,0.001003,172.31.40.0-255,66,47295,62,206985
7967,0.001008,74.125.24.0-255,1484,48779,62,206985
7968,0.00101,172.31.40.0-255,66,48845,62,206985
7969,0.001015,74.125.24.0-255,2902,51747,62,206985
7970,0.001017,172.31.40.0-255,66,51813,62,206985
7971,0.001025,74.125.24.0-255,1484,53297,62,206985
7972,0.001053,74.125.24.0-255,4320,57617,62,206985
7973,0.001056,172.31.40.0-255,66,57683,62,206985
7974,0.001067,172.31.40.0-255,66,57749,62,206985
7975,0.001071,74.125.24.0-255,1484,59233,62,206985
7976,0.001112,172.31.40.0-255,66,59299,62,206985
7977,0.001119,74.125.24.0-255,5020,64319,62,206985
7978,0.001121,172.31.40.0-255,66,64385,62,206985
7979,0.001226,74.125.24.0-255,1484,65869,62,206985
7980,0.001232,74.125.24.0-255,2902,68771,62,206985
7981,0.001236,172.31.40.0-255,66,68837,62,206985
7982,0.001243,74.125.24.0-255,5738,74575,62,206985
7983,0.001246,172.31.40.0-255,66,74641,62,206985
7984,0.001291,172.31.40.0-255,66,74707,62,206985
7985,0.001319,74.125.24.0-255,4320,79027,62,206985
7986,0.001322,172.31.40.0-255,66,79093,62,206985
7987,0.001336,172.31.40.0-255,66,79159,62,206985
7988,0.001366,74.125.24.0-255,1484,80643,62,206985
7989,0.001385,74.125.24.0-255,5738,86381,62,206985
7990,0.001389,172.31.40.0-255,66,86447,62,206985
7991,0.001419,74.125.24.0-255,4320,90767,62,206985
7992,0.001422,172.31.40.0-255,66,90833,62,206985
7993,0.001427,74.125.24.0-255,2902,93735,62,206985
7994,0.001429,172.31.40.0-255,66,93801,62,206985
7995,0.001432,74.125.24.0-255,1484,95285,62,206985
7996,0.001498,172.31.40.0-255,66,95351,62,206985
7997,0.001508,74.125.24.0-255,1484,96835,62,206985
7998,0.001521,74.125.24.0-255,6438,103273,62,206985
7999,0.001524,172.31.40.0-255,66,103339,62,206985
8000,0.001576,74.125.24.0-255,1484,104823,62,206985
8001,0.001582,74.125.24.0-255,2902,107725,62,206985
8002,0.001585,172.31.40.0-255,66,107791,62,206985
8003,0.001618,74.125.24.0-255,5738,113529,62,206985
8004,0.001622,172.31.40.0-255,66,113595,62,206985
8005,0.001628,74.125.24.0-255,4320,117915,62,206985
8006,0.001631,172.31.40.0-255,66,117981,62,206985
8007,0.001663,74.125.24.0-255,1484,119465,62,206985
8008,0.001676,172.31.40.0-255,66,119531,62,206985
8009,0.001681,74.125.24.0-255,5020,124551,62,206985
8010,0.001683,172.31.40.0-255,66,124617,62,206985
8011,0.00197,74.125.24.0-255,1484,126101,62,206985
8012,0.001978,74.125.24.0-255,2902,129003,62,206985
8013,0.001982,172.31.40.0-255,66,129069,62,206985
8014,0.002016,74.125.24.0-255,5738,134807,62,206985
8015,0.002018,172.31.40.0-255,66,134873,62,206985
8016,0.002021,74.125.24.0-255,1484,136357,62,206985
8017,0.002048,172.31.40.0-255,66,136423,62,206985
8018,0.002083,74.125.24.0-255,4320,140743,62,206985
8019,0.002086,172.31.40.0-255,66,140809,62,206985
8020,0.002116,74.125.24.0-255,6438,147247,62,206985
8021,0.002119,172.31.40.0-255,66,147313,62,206985
8022,0.00213,172.31.40.0-255,66,147379,62,206985
8023,0.002136,74.125.24.0-255,5738,153117,62,206985
8024,0.002143,172.31.40.0-255,66,153183,62,206985
8025,0.002163,74.125.24.0-255,2902,156085,62,206985
8026,0.002165,172.31.40.0-255,66,156151,62,206985
8027,0.0022,74.125.24.0-255,4320,160471,62,206985
8028,0.002203,172.31.40.0-255,66,160537,62,206985
8029,0.002243,172.31.40.0-255,66,160603,62,206985
8030,0.002257,172.31.40.0-255,66,160669,62,206985
8031,0.002264,74.125.24.0-255,7156,167825,62,206985
8032,0.002266,172.31.40.0-255,66,167891,62,206985
8033,0.002289,74.125.24.0-255,1484,169375,62,206985
8034,0.002308,74.125.24.0-255,1484,170859,62,206985
8035,0.002311,172.31.40.0-255,66,170925,62,206985
8036,0.002353,172.31.40.0-255,66,170991,62,206985
8037,0.002401,172.31.40.0-255,66,171057,62,206985
8038,0.002426,74.125.24.0-255,5020,176077,62,206985
8039,0.002428,172.31.40.0-255,66,176143,62,206985
8040,0.002472,172.31.40.0-255,66,176209,62,206985
8041,0.002509,172.31.40.0-255,66,176275,62,206985
8042,0.00252,172.31.40.0-255,66,176341,62,206985
8043,0.002524,74.125.24.0-255,2184,178525,62,206985
8044,0.002526,172.31.40.0-255,66,178591,62,206985
8045,0.002529,74.125.24.0-255,2902,181493,62,206985
8046,0.002531,172.31.40.0-255,66,181559,62,206985
8047,0.002538,74.125.24.0-255,7156,188715,62,206985
8048,0.002544,74.125.24.0-255,5738,194453,62,206985
8049,0.002549,172.31.40.0-255,66,194519,62,206985
8050,0.002551,172.31.40.0-255,66,194585,62,206985
8051,0.002577,74.125.24.0-255,5738,200323,62,206985
8052,0.00258,172.31.40.0-255,66,200389,62,206985
8053,0.002615,172.31.40.0-255,66,200455,62,206985
8054,0.002619,74.125.24.0-255,2184,202639,62,206985
8055,0.002621,172.31.40.0-255,66,202705,62,206985
8056,0.002624,74.125.24.0-255,1814,204519,62,206985
8057,0.002626,172.31.40.0-255,66,204585,62,206985
8058,0.002724,74.125.24.0-255,105,204690,62,206985
8059,0.007362,172.31.40.0-255,66,204756,62,206985
8060,0.0074,172.31.40.0-255,105,204861,62,206985
8061,0.010044,74.125.24.0-255,66,204927,62,206985
8062,0.03762,172.31.40.0-255,176,205103,62,206985
8063,0.037649,172.31.40.0-255,1110,206213,62,206985
8064,0.037697,172.31.40.0-255,574,206787,62,206985
8065,0.039281,104.244.42.0-255,66,206853,62,206985
8066,0.03932,104.244.42.0-255,66,206919,62,206985
8067,0.039377,104.244.42.0-255,66,206985,62,206985
8068,0.0,74.125.24.0-255,146,146,62,284299
8069,1.1e-05,172.31.40.0-255,66,212,62,284299
8070,1.7e-05,74.125.24.0-255,1484,1696,62,284299
8071,2.1e-05,172.31.40.0-255,66,1762,62,284299
8072,2.7e-05,74.125.24.0-255,2902,4664,62,284299
8073,3e-05,172.31.40.0-255,66,4730,62,284299
8074,5.6e-05,74.125.24.0-255,2902,7632,62,284299
8075,5.8e-05,172.31.40.0-255,66,7698,62,284299
8076,6.4e-05,74.125.24.0-255,4320,12018,62,284299
8077,6.7e-05,172.31.40.0-255,66,12084,62,284299
8078,9.5e-05,74.125.24.0-255,2063,14147,62,284299
8079,9.8e-05,172.31.40.0-255,66,14213,62,284299
8080,0.000214,74.125.24.0-255,1484,15697,62,284299
8081,0.000218,172.31.40.0-255,66,15763,62,284299
8082,0.000224,74.125.24.0-255,2902,18665,62,284299
8083,0.000226,172.31.40.0-255,66,18731,62,284299
8084,0.000229,74.125.24.0-255,1484,20215,62,284299
8085,0.000231,172.31.40.0-255,66,20281,62,284299
8086,0.00026,74.125.24.0-255,4320,24601,62,284299
8087,0.000263,172.31.40.0-255,66,24667,62,284299
8088,0.000271,74.125.24.0-255,6797,31464,62,284299
8089,0.000273,172.31.40.0-255,66,31530,62,284299
8090,0.000313,74.125.24.0-255,1484,33014,62,284299
8091,0.000316,172.31.40.0-255,66,33080,62,284299
8092,0.000322,74.125.24.0-255,2902,35982,62,284299
8093,0.000324,172.31.40.0-255,66,36048,62,284299
8094,0.00033,74.125.24.0-255,5738,41786,62,284299
8095,0.000332,172.31.40.0-255,66,41852,62,284299
8096,0.000377,74.125.24.0-255,6797,48649,62,284299
8097,0.00038,172.31.40.0-255,66,48715,62,284299
8098,0.000412,74.125.24.0-255,4320,53035,62,284299
8099,0.000415,172.31.40.0-255,66,53101,62,284299
8100,0.000437,74.125.24.0-255,2902,56003,62,284299
8101,0.00044,172.31.40.0-255,66,56069,62,284299
8102,0.000451,172.31.40.0-255,66,56135,62,284299
8103,0.000453,74.125.24.0-255,1454,57589,62,284299
8104,0.000479,74.125.24.0-255,378,57967,62,284299
8105,0.000481,172.31.40.0-255,66,58033,62,284299
8106,0.000713,74.125.24.0-255,1484,59517,62,284299
8107,0.00072,74.125.24.0-255,2902,62419,62,284299
8108,0.000723,172.31.40.0-255,66,62485,62,284299
8109,0.000727,74.125.24.0-255,1484,63969,62,284299
8110,0.000748,74.125.24.0-255,4320,68289,62,284299
8111,0.000751,172.31.40.0-255,66,68355,62,284299
8112,0.000754,74.125.24.0-255,1484,69839,62,284299
8113,0.000775,172.31.40.0-255,66,69905,62,284299
8114,0.000793,74.125.24.0-255,1484,71389,62,284299
8115,0.000807,172.31.40.0-255,66,71455,62,284299
8116,0.001136,74.125.24.0-255,1484,72939,62,284299
8117,0.001143,74.125.24.0-255,2902,75841,62,284299
8118,0.001147,172.31.40.0-255,66,75907,62,284299
8119,0.001169,74.125.24.0-255,5738,81645,62,284299
8120,0.001173,172.31.40.0-255,66,81711,62,284299
8121,0.001195,74.125.24.0-255,4320,86031,62,284299
8122,0.001198,172.31.40.0-255,66,86097,62,284299
8123,0.001218,172.31.40.0-255,66,86163,62,284299
8124,0.001224,74.125.24.0-255,4320,90483,62,284299
8125,0.001227,172.31.40.0-255,66,90549,62,284299
8126,0.001251,74.125.24.0-255,6438,96987,62,284299
8127,0.001254,172.31.40.0-255,66,97053,62,284299
8128,0.001746,74.125.24.0-255,1484,98537,62,284299
8129,0.00176,74.125.24.0-255,2902,101439,62,284299
8130,0.001764,172.31.40.0-255,66,101505,62,284299
8131,0.001787,74.125.24.0-255,5738,107243,62,284299
8132,0.001789,172.31.40.0-255,66,107309,62,284299
8133,0.00181,74.125.24.0-255,5738,113047,62,284299
8134,0.001813,172.31.40.0-255,66,113113,62,284299
8135,0.001831,74.125.24.0-255,7156,120269,62,284299
8136,0.001833,172.31.40.0-255,66,120335,62,284299
8137,0.001841,74.125.24.0-255,7156,127491,62,284299
8138,0.001843,172.31.40.0-255,66,127557,62,284299
8139,0.00187,74.125.24.0-255,3602,131159,62,284299
8140,0.001872,172.31.40.0-255,66,131225,62,284299
8141,0.005335,74.125.24.0-255,1484,132709,62,284299
8142,0.005347,74.125.24.0-255,2902,135611,62,284299
8143,0.005352,172.31.40.0-255,66,135677,62,284299
8144,0.005357,74.125.24.0-255,1484,137161,62,284299
8145,0.007929,74.125.24.0-255,4320,141481,62,284299
8146,0.007935,172.31.40.0-255,66,141547,62,284299
8147,0.010503,74.125.24.0-255,5738,147285,62,284299
8148,0.010511,172.31.40.0-255,66,147351,62,284299
8149,0.013113,74.125.24.0-255,5738,153089,62,284299
8150,0.013122,172.31.40.0-255,66,153155,62,284299
8151,0.015694,74.125.24.0-255,5738,158893,62,284299
8152,0.015703,172.31.40.0-255,66,158959,62,284299
8153,0.018315,74.125.24.0-255,5738,164697,62,284299
8154,0.01834,172.31.40.0-255,66,164763,62,284299
8155,0.020933,74.125.24.0-255,5738,170501,62,284299
8156,0.020944,172.31.40.0-255,66,170567,62,284299
8157,0.023557,74.125.24.0-255,5738,176305,62,284299
8158,0.023564,172.31.40.0-255,66,176371,62,284299
8159,0.026154,74.125.24.0-255,5738,182109,62,284299
8160,0.026163,172.31.40.0-255,66,182175,62,284299
8161,0.028818,74.125.24.0-255,5738,187913,62,284299
8162,0.028827,172.31.40.0-255,66,187979,62,284299
8163,0.031435,74.125.24.0-255,5738,193717,62,284299
8164,0.031443,172.31.40.0-255,66,193783,62,284299
8165,0.031952,172.31.40.0-255,172,193955,62,284299
8166,0.031983,172.31.40.0-255,1108,195063,62,284299
8167,0.032053,172.31.40.0-255,1514,196577,62,284299
8168,0.032055,172.31.40.0-255,1514,198091,62,284299
8169,0.032056,172.31.40.0-255,1514,199605,62,284299
8170,0.032062,172.31.40.0-255,1514,201119,62,284299
8171,0.032063,172.31.40.0-255,1514,202633,62,284299
8172,0.032064,172.31.40.0-255,80,202713,62,284299
8173,0.03353,104.244.42.0-255,66,202779,62,284299
8174,0.033585,104.244.42.0-255,66,202845,62,284299
8175,0.033644,104.244.42.0-255,66,202911,62,284299
8176,0.033661,104.244.42.0-255,66,202977,62,284299
8177,0.034015,74.125.24.0-255,5738,208715,62,284299
8178,0.034019,172.31.40.0-255,66,208781,62,284299
8179,0.036626,74.125.24.0-255,5738,214519,62,284299
8180,0.036632,172.31.40.0-255,66,214585,62,284299
8181,0.039236,74.125.24.0-255,5738,220323,62,284299
8182,0.039243,172.31.40.0-255,66,220389,62,284299
8183,0.041833,74.125.24.0-255,5738,226127,62,284299
8184,0.041839,172.31.40.0-255,66,226193,62,284299
8185,0.044423,74.125.24.0-255,5738,231931,62,284299
8186,0.044431,172.31.40.0-255,66,231997,62,284299
8187,0.047023,74.125.24.0-255,5738,237735,62,284299
8188,0.04703,172.31.40.0-255,66,237801,62,284299
8189,0.049629,74.125.24.0-255,5738,243539,62,284299
8190,0.049635,172.31.40.0-255,66,243605,62,284299
8191,0.052209,74.125.24.0-255,5738,249343,62,284299
8192,0.052215,172.31.40.0-255,66,249409,62,284299
8193,0.054783,74.125.24.0-255,5738,255147,62,284299
8194,0.054788,172.31.40.0-255,66,255213,62,284299
8195,0.057366,74.125.24.0-255,5738,260951,62,284299
8196,0.057374,172.31.40.0-255,66,261017,62,284299
8197,0.059987,74.125.24.0-255,5738,266755,62,284299
8198,0.059995,172.31.40.0-255,66,266821,62,284299
8199,0.06258,74.125.24.0-255,5738,272559,62,284299
8200,0.062587,172.31.40.0-255,66,272625,62,284299
8201,0.065195,74.125.24.0-255,5738,278363,62,284299
8202,0.065202,172.31.40.0-255,66,278429,62,284299
8203,0.067816,74.125.24.0-255,4320,282749,62,284299
8204,0.067823,172.31.40.0-255,66,282815,62,284299
8205,0.067845,74.125.24.0-255,1484,284299,62,284299
8206,0.0,74.125.200.0-255,152,152,62,225058
8207,1.6e-05,172.31.40.0-255,66,218,62,225058
8208,2.3e-05,74.125.200.0-255,1484,1702,62,225058
8209,2.8e-05,172.31.40.0-255,66,1768,62,225058
8210,3.4e-05,74.125.200.0-255,2902,4670,62,225058
8211,3.7e-05,172.31.40.0-255,66,4736,62,225058
8212,8.9e-05,74.125.200.0-255,1484,6220,62,225058
8213,9.2e-05,172.31.40.0-255,66,6286,62,225058
8214,0.000113,74.125.200.0-255,4320,10606,62,225058
8215,0.000116,172.31.40.0-255,66,10672,62,225058
8216,0.000222,74.125.200.0-255,1484,12156,62,225058
8217,0.000227,172.31.40.0-255,66,12222,62,225058
8218,0.000245,74.125.200.0-255,2039,14261,62,225058
8219,0.000248,172.31.40.0-255,66,14327,62,225058
8220,0.0003,74.125.200.0-255,2902,17229,62,225058
8221,0.000303,172.31.40.0-255,66,17295,62,225058
8222,0.000315,74.125.200.0-255,1484,18779,62,225058
8223,0.000318,172.31.40.0-255,66,18845,62,225058
8224,0.000401,74.125.200.0-255,5738,24583,62,225058
8225,0.000405,172.31.40.0-255,66,24649,62,225058
8226,0.00042,74.125.200.0-255,4320,28969,62,225058
8227,0.000423,172.31.40.0-255,66,29035,62,225058
8228,0.000637,74.125.200.0-255,7156,36191,62,225058
8229,0.000641,172.31.40.0-255,66,36257,62,225058
8230,0.00067,172.31.40.0-255,66,36323,62,225058
8231,0.000992,74.125.200.0-255,3961,40284,62,225058
8232,0.000999,172.31.40.0-255,66,40350,62,225058
8233,0.001078,74.125.200.0-255,2902,43252,62,225058
8234,0.001082,172.31.40.0-255,66,43318,62,225058
8235,0.001122,172.31.40.0-255,66,43384,62,225058
8236,0.001436,74.125.200.0-255,112,43496,62,225058
8237,0.001443,74.125.200.0-255,330,43826,62,225058
8238,0.001472,74.125.200.0-255,2902,46728,62,225058
8239,0.001541,74.125.200.0-255,2902,49630,62,225058
8240,0.001559,74.125.200.0-255,4320,53950,62,225058
8241,0.001728,74.125.200.0-255,5738,59688,62,225058
8242,0.002031,74.125.200.0-255,5738,65426,62,225058
8243,0.002049,74.125.200.0-255,3602,69028,62,225058
8244,0.002238,74.125.200.0-255,1484,70512,62,225058
8245,0.00227,74.125.200.0-255,2902,73414,62,225058
8246,0.002343,74.125.200.0-255,4320,77734,62,225058
8247,0.002357,74.125.200.0-255,1484,79218,62,225058
8248,0.002474,74.125.200.0-255,2902,82120,62,225058
8249,0.002505,74.125.200.0-255,1484,83604,62,225058
8250,0.002781,74.125.200.0-255,5738,89342,62,225058
8251,0.002801,74.125.200.0-255,5020,94362,62,225058
8252,0.006728,172.31.40.0-255,66,94428,62,225058
8253,0.009471,74.125.200.0-255,5738,100166,62,225058
8254,0.009479,172.31.40.0-255,66,100232,62,225058
8255,0.012292,74.125.200.0-255,5738,105970,62,225058
8256,0.012328,172.31.40.0-255,66,106036,62,225058
8257,0.015071,74.125.200.0-255,5738,111774,62,225058
8258,0.015082,172.31.40.0-255,66,111840,62,225058
8259,0.017814,74.125.200.0-255,5738,117578,62,225058
8260,0.017823,172.31.40.0-255,66,117644,62,225058
8261,0.020549,74.125.200.0-255,5738,123382,62,225058
8262,0.020556,172.31.40.0-255,66,123448,62,225058
8263,0.023294,74.125.200.0-255,5738,129186,62,225058
8264,0.023301,172.31.40.0-255,66,129252,62,225058
8265,0.024499,172.31.40.0-255,172,129424,62,225058
8266,0.024532,172.31.40.0-255,1110,130534,62,225058
8267,0.024586,172.31.40.0-255,1514,132048,62,225058
8268,0.024587,172.31.40.0-255,1300,133348,62,225058
8269,0.026038,74.125.200.0-255,5738,139086,62,225058
8270,0.026044,172.31.40.0-255,66,139152,62,225058
8271,0.026155,104.244.42.0-255,66,139218,62,225058
8272,0.026256,104.244.42.0-255,66,139284,62,225058
8273,0.026261,104.244.42.0-255,66,139350,62,225058
8274,0.028772,74.125.200.0-255,5738,145088,62,225058
8275,0.028779,172.31.40.0-255,66,145154,62,225058
8276,0.031526,74.125.200.0-255,5738,150892,62,225058
8277,0.031533,172.31.40.0-255,66,150958,62,225058
8278,0.034267,74.125.200.0-255,5738,156696,62,225058
8279,0.034274,172.31.40.0-255,66,156762,62,225058
8280,0.037011,74.125.200.0-255,4320,161082,62,225058
8281,0.037022,172.31.40.0-255,66,161148,62,225058
8282,0.037045,74.125.200.0-255,1484,162632,62,225058
8283,0.039769,74.125.200.0-255,4320,166952,62,225058
8284,0.039774,172.31.40.0-255,66,167018,62,225058
8285,0.042511,74.125.200.0-255,5738,172756,62,225058
8286,0.042556,172.31.40.0-255,66,172822,62,225058
8287,0.045293,74.125.200.0-255,5738,178560,62,225058
8288,0.045299,172.31.40.0-255,66,178626,62,225058
8289,0.048039,74.125.200.0-255,5738,184364,62,225058
8290,0.048046,172.31.40.0-255,66,184430,62,225058
8291,0.050784,74.125.200.0-255,5738,190168,62,225058
8292,0.050791,172.31.40.0-255,66,190234,62,225058
8293,0.053537,74.125.200.0-255,5738,195972,62,225058
8294,0.053542,172.31.40.0-255,66,196038,62,225058
8295,0.056265,74.125.200.0-255,5738,201776,62,225058
8296,0.056272,172.31.40.0-255,66,201842,62,225058
8297,0.05901,74.125.200.0-255,5738,207580,62,225058
8298,0.059017,172.31.40.0-255,66,207646,62,225058
8299,0.061763,74.125.200.0-255,5738,213384,62,225058
8300,0.06177,172.31.40.0-255,66,213450,62,225058
8301,0.064508,74.125.200.0-255,5738,219188,62,225058
8302,0.064515,172.31.40.0-255,66,219254,62,225058
8303,0.067256,74.125.200.0-255,5738,224992,62,225058
8304,0.067263,172.31.40.0-255,66,225058,62,225058
8305,0.0,74.125.68.0-255,146,146,62,284959
8306,1.6e-05,172.31.40.0-255,66,212,62,284959
8307,3.4e-05,74.125.68.0-255,1484,1696,62,284959
8308,3.9e-05,172.31.40.0-255,66,1762,62,284959
8309,4.5e-05,74.125.68.0-255,2902,4664,62,284959
8310,4.9e-05,172.31.40.0-255,66,4730,62,284959
8311,6.6e-05,74.125.68.0-255,5738,10468,62,284959
8312,7e-05,172.31.40.0-255,66,10534,62,284959
8313,7.5e-05,74.125.68.0-255,3482,14016,62,284959
8314,7.8e-05,172.31.40.0-255,66,14082,62,284959
8315,9.6e-05,74.125.68.0-255,2902,16984,62,284959
8316,0.0001,172.31.40.0-255,66,17050,62,284959
8317,0.000116,74.125.68.0-255,1484,18534,62,284959
8318,0.000118,172.31.40.0-255,66,18600,62,284959
8319,0.000131,74.125.68.0-255,2902,21502,62,284959
8320,0.000133,172.31.40.0-255,66,21568,62,284959
8321,0.000152,74.125.68.0-255,2902,24470,62,284959
8322,0.000154,172.31.40.0-255,66,24536,62,284959
8323,0.00016,74.125.68.0-255,4320,28856,62,284959
8324,0.000162,172.31.40.0-255,66,28922,62,284959
8325,0.000179,74.125.68.0-255,2902,31824,62,284959
8326,0.000181,172.31.40.0-255,66,31890,62,284959
8327,0.000186,74.125.68.0-255,2902,34792,62,284959
8328,0.000188,172.31.40.0-255,66,34858,62,284959
8329,0.00021,74.125.68.0-255,4320,39178,62,284959
8330,0.000212,172.31.40.0-255,66,39244,62,284959
8331,0.000233,74.125.68.0-255,4320,43564,62,284959
8332,0.000235,172.31.40.0-255,66,43630,62,284959
8333,0.000254,74.125.68.0-255,4320,47950,62,284959
8334,0.000257,172.31.40.0-255,66,48016,62,284959
8335,0.000259,74.125.68.0-255,766,48782,62,284959
8336,0.000261,172.31.40.0-255,66,48848,62,284959
8337,0.000588,172.31.40.0-255,101,48949,62,284959
8338,0.001036,74.125.68.0-255,1484,50433,62,284959
8339,0.001045,74.125.68.0-255,2902,53335,62,284959
8340,0.001049,172.31.40.0-255,66,53401,62,284959
8341,0.001074,74.125.68.0-255,5738,59139,62,284959
8342,0.001076,172.31.40.0-255,66,59205,62,284959
8343,0.001095,74.125.68.0-255,1484,60689,62,284959
8344,0.001117,74.125.68.0-255,5379,66068,62,284959
8345,0.001119,172.31.40.0-255,66,66134,62,284959
8346,0.001122,74.125.68.0-255,412,66546,62,284959
8347,0.00146,74.125.68.0-255,1484,68030,62,284959
8348,0.001466,172.31.40.0-255,66,68096,62,284959
8349,0.001472,74.125.68.0-255,2902,70998,62,284959
8350,0.001473,172.31.40.0-255,66,71064,62,284959
8351,0.00151,74.125.68.0-255,4320,75384,62,284959
8352,0.001512,172.31.40.0-255,66,75450,62,284959
8353,0.001517,74.125.68.0-255,2902,78352,62,284959
8354,0.001519,172.31.40.0-255,66,78418,62,284959
8355,0.001533,74.125.68.0-255,2902,81320,62,284959
8356,0.001535,172.31.40.0-255,66,81386,62,284959
8357,0.001552,74.125.68.0-255,5738,87124,62,284959
8358,0.001554,172.31.40.0-255,66,87190,62,284959
8359,0.001575,74.125.68.0-255,4320,91510,62,284959
8360,0.001577,172.31.40.0-255,66,91576,62,284959
8361,0.001596,74.125.68.0-255,2902,94478,62,284959
8362,0.001597,172.31.40.0-255,66,94544,62,284959
8363,0.001623,74.125.68.0-255,6438,100982,62,284959
8364,0.001627,172.31.40.0-255,66,101048,62,284959
8365,0.002652,74.125.68.0-255,66,101114,62,284959
8366,0.00373,74.125.68.0-255,4320,105434,62,284959
8367,0.003733,172.31.40.0-255,66,105500,62,284959
8368,0.00375,74.125.68.0-255,1484,106984,62,284959
8369,0.005852,74.125.68.0-255,2902,109886,62,284959
8370,0.005858,172.31.40.0-255,66,109952,62,284959
8371,0.005873,74.125.68.0-255,1484,111436,62,284959
8372,0.007976,74.125.68.0-255,1484,112920,62,284959
8373,0.007983,172.31.40.0-255,66,112986,62,284959
8374,0.008003,74.125.68.0-255,2902,115888,62,284959
8375,0.008005,172.31.40.0-255,66,115954,62,284959
8376,0.010094,74.125.68.0-255,2902,118856,62,284959
8377,0.010101,172.31.40.0-255,66,118922,62,284959
8378,0.010124,74.125.68.0-255,2902,121824,62,284959
8379,0.010127,172.31.40.0-255,66,121890,62,284959
8380,0.012202,74.125.68.0-255,2902,124792,62,284959
8381,0.012209,172.31.40.0-255,66,124858,62,284959
8382,0.012233,74.125.68.0-255,2902,127760,62,284959
8383,0.012236,172.31.40.0-255,66,127826,62,284959
8384,0.014335,74.125.68.0-255,2902,130728,62,284959
8385,0.014343,172.31.40.0-255,66,130794,62,284959
8386,0.014366,74.125.68.0-255,2902,133696,62,284959
8387,0.014369,172.31.40.0-255,66,133762,62,284959
8388,0.016455,74.125.68.0-255,2902,136664,62,284959
8389,0.016462,172.31.40.0-255,66,136730,62,284959
8390,0.016488,74.125.68.0-255,2902,139632,62,284959
8391,0.01649,172.31.40.0-255,66,139698,62,284959
8392,0.018574,74.125.68.0-255,4320,144018,62,284959
8393,0.018582,172.31.40.0-255,66,144084,62,284959
8394,0.018603,74.125.68.0-255,1484,145568,62,284959
8395,0.020696,74.125.68.0-255,4320,149888,62,284959
8396,0.020704,172.31.40.0-255,66,149954,62,284959
8397,0.022828,74.125.68.0-255,5738,155692,62,284959
8398,0.022834,172.31.40.0-255,66,155758,62,284959
8399,0.024957,74.125.68.0-255,5738,161496,62,284959
8400,0.024966,172.31.40.0-255,66,161562,62,284959
8401,0.027091,74.125.68.0-255,5738,167300,62,284959
8402,0.027102,172.31.40.0-255,66,167366,62,284959
8403,0.029225,74.125.68.0-255,5738,173104,62,284959
8404,0.029233,172.31.40.0-255,66,173170,62,284959
8405,0.031362,74.125.68.0-255,5738,178908,62,284959
8406,0.031368,172.31.40.0-255,66,178974,62,284959
8407,0.033484,74.125.68.0-255,5738,184712,62,284959
8408,0.03349,172.31.40.0-255,66,184778,62,284959
8409,0.035615,74.125.68.0-255,5738,190516,62,284959
8410,0.035621,172.31.40.0-255,66,190582,62,284959
8411,0.037756,74.125.68.0-255,5738,196320,62,284959
8412,0.037763,172.31.40.0-255,66,196386,62,284959
8413,0.039539,172.31.40.0-255,172,196558,62,284959
8414,0.039574,172.31.40.0-255,1077,197635,62,284959
8415,0.03989,74.125.68.0-255,5738,203373,62,284959
8416,0.039897,172.31.40.0-255,66,203439,62,284959
8417,0.04123,104.244.42.0-255,66,203505,62,284959
8418,0.041259,104.244.42.0-255,66,203571,62,284959
8419,0.042014,74.125.68.0-255,5738,209309,62,284959
8420,0.042019,172.31.40.0-255,66,209375,62,284959
8421,0.044137,74.125.68.0-255,5738,215113,62,284959
8422,0.044144,172.31.40.0-255,66,215179,62,284959
8423,0.046281,74.125.68.0-255,5738,220917,62,284959
8424,0.046286,172.31.40.0-255,66,220983,62,284959
8425,0.048427,74.125.68.0-255,5738,226721,62,284959
8426,0.048433,172.31.40.0-255,66,226787,62,284959
8427,0.050557,74.125.68.0-255,5738,232525,62,284959
8428,0.050562,172.31.40.0-255,66,232591,62,284959
8429,0.052689,74.125.68.0-255,5738,238329,62,284959
8430,0.052694,172.31.40.0-255,66,238395,62,284959
8431,0.054825,74.125.68.0-255,5738,244133,62,284959
8432,0.054831,172.31.40.0-255,66,244199,62,284959
8433,0.056961,74.125.68.0-255,5738,249937,62,284959
8434,0.05697,172.31.40.0-255,66,250003,62,284959
8435,0.059127,74.125.68.0-255,2902,252905,62,284959
8436,0.059134,172.31.40.0-255,66,252971,62,284959
8437,0.059155,74.125.68.0-255,2902,255873,62,284959
8438,0.059158,172.31.40.0-255,66,255939,62,284959
8439,0.061262,74.125.68.0-255,5738,261677,62,284959
8440,0.061269,172.31.40.0-255,66,261743,62,284959
8441,0.063394,74.125.68.0-255,5738,267481,62,284959
8442,0.063401,172.31.40.0-255,66,267547,62,284959
8443,0.065525,74.125.68.0-255,5738,273285,62,284959
8444,0.06553,172.31.40.0-255,66,273351,62,284959
8445,0.067657,74.125.68.0-255,5738,279089,62,284959
8446,0.067663,172.31.40.0-255,66,279155,62,284959
8447,0.069786,74.125.68.0-255,5738,284893,62,284959
8448,0.069793,172.31.40.0-255,66,284959,62,284959
8449,0.0,74.125.24.0-255,146,146,62,143027
8450,1.6e-05,172.31.40.0-255,66,212,62,143027
8451,2.2e-05,74.125.24.0-255,1484,1696,62,143027
8452,2.8e-05,172.31.40.0-255,66,1762,62,143027
8453,3.4e-05,74.125.24.0-255,2902,4664,62,143027
8454,4.5e-05,172.31.40.0-255,66,4730,62,143027
8455,5.2e-05,74.125.24.0-255,4320,9050,62,143027
8456,5.5e-05,172.31.40.0-255,66,9116,62,143027
8457,8.7e-05,74.125.24.0-255,2902,12018,62,143027
8458,9e-05,172.31.40.0-255,66,12084,62,143027
8459,0.0001,74.125.24.0-255,3510,15594,62,143027
8460,0.000103,172.31.40.0-255,66,15660,62,143027
8461,0.000118,172.31.40.0-255,66,15726,62,143027
8462,0.000122,74.125.24.0-255,2543,18269,62,143027
8463,0.000124,172.31.40.0-255,66,18335,62,143027
8464,0.000547,74.125.24.0-255,1484,19819,62,143027
8465,0.000552,172.31.40.0-255,66,19885,62,143027
8466,0.000557,74.125.24.0-255,2902,22787,62,143027
8467,0.000559,172.31.40.0-255,66,22853,62,143027
8468,0.000563,74.125.24.0-255,1484,24337,62,143027
8469,0.000564,172.31.40.0-255,66,24403,62,143027
8470,0.000592,74.125.24.0-255,4320,28723,62,143027
8471,0.000594,172.31.40.0-255,66,28789,62,143027
8472,0.000627,172.31.40.0-255,66,28855,62,143027
8473,0.000653,74.125.24.0-255,4320,33175,62,143027
8474,0.000656,172.31.40.0-255,66,33241,62,143027
8475,0.000666,172.31.40.0-255,66,33307,62,143027
8476,0.000669,74.125.24.0-255,766,34073,62,143027
8477,0.000671,172.31.40.0-255,66,34139,62,143027
8478,0.000752,74.125.24.0-255,1484,35623,62,143027
8479,0.000755,172.31.40.0-255,66,35689,62,143027
8480,0.00076,74.125.24.0-255,2902,38591,62,143027
8481,0.000762,172.31.40.0-255,66,38657,62,143027
8482,0.000786,74.125.24.0-255,4320,42977,62,143027
8483,0.000789,172.31.40.0-255,66,43043,62,143027
8484,0.000794,74.125.24.0-255,4320,47363,62,143027
8485,0.000799,172.31.40.0-255,66,47429,62,143027
8486,0.000818,74.125.24.0-255,4320,51749,62,143027
8487,0.000823,172.31.40.0-255,66,51815,62,143027
8488,0.000857,74.125.24.0-255,2902,54717,62,143027
8489,0.00086,172.31.40.0-255,66,54783,62,143027
8490,0.000901,172.31.40.0-255,66,54849,62,143027
8491,0.000905,74.125.24.0-255,2902,57751,62,143027
8492,0.000907,172.31.40.0-255,66,57817,62,143027
8493,0.000912,74.125.24.0-255,4320,62137,62,143027
8494,0.000914,172.31.40.0-255,66,62203,62,143027
8495,0.000918,74.125.24.0-255,4320,66523,62,143027
8496,0.000921,172.31.40.0-255,66,66589,62,143027
8497,0.000948,74.125.24.0-255,4320,70909,62,143027
8498,0.00095,172.31.40.0-255,66,70975,62,143027
8499,0.000957,74.125.24.0-255,7156,78131,62,143027
8500,0.000962,172.31.40.0-255,66,78197,62,143027
8501,0.001031,74.125.24.0-255,4320,82517,62,143027
8502,0.001033,172.31.40.0-255,66,82583,62,143027
8503,0.001061,74.125.24.0-255,6438,89021,62,143027
8504,0.001065,172.31.40.0-255,66,89087,62,143027
8505,0.001179,74.125.24.0-255,1484,90571,62,143027
8506,0.001182,172.31.40.0-255,66,90637,62,143027
8507,0.001208,74.125.24.0-255,2902,93539,62,143027
8508,0.00121,172.31.40.0-255,66,93605,62,143027
8509,0.001216,74.125.24.0-255,5738,99343,62,143027
8510,0.001218,172.31.40.0-255,66,99409,62,143027
8511,0.001264,172.31.40.0-255,66,99475,62,143027
8512,0.001273,172.31.40.0-255,66,99541,62,143027
8513,0.001298,74.125.24.0-255,2184,101725,62,143027
8514,0.0013,172.31.40.0-255,66,101791,62,143027
8515,0.001424,74.125.24.0-255,1484,103275,62,143027
8516,0.001443,74.125.24.0-255,2902,106177,62,143027
8517,0.001446,172.31.40.0-255,66,106243,62,143027
8518,0.00145,74.125.24.0-255,2902,109145,62,143027
8519,0.001452,172.31.40.0-255,66,109211,62,143027
8520,0.001476,74.125.24.0-255,2902,112113,62,143027
8521,0.001478,172.31.40.0-255,66,112179,62,143027
8522,0.001493,172.31.40.0-255,66,112245,62,143027
8523,0.00152,74.125.24.0-255,1484,113729,62,143027
8524,0.001534,172.31.40.0-255,66,113795,62,143027
8525,0.001569,172.31.40.0-255,66,113861,62,143027
8526,0.001607,172.31.40.0-255,66,113927,62,143027
8527,0.001644,172.31.40.0-255,66,113993,62,143027
8528,0.001655,74.125.24.0-255,7156,121149,62,143027
8529,0.001696,172.31.40.0-255,66,121215,62,143027
8530,0.00172,172.31.40.0-255,66,121281,62,143027
8531,0.001765,74.125.24.0-255,2902,124183,62,143027
8532,0.001771,172.31.40.0-255,66,124249,62,143027
8533,0.001821,172.31.40.0-255,66,124315,62,143027
8534,0.00183,74.125.24.0-255,4320,128635,62,143027
8535,0.001835,172.31.40.0-255,66,128701,62,143027
8536,0.00187,172.31.40.0-255,66,128767,62,143027
8537,0.001931,172.31.40.0-255,66,128833,62,143027
8538,0.001947,74.125.24.0-255,4320,133153,62,143027
8539,0.001974,172.31.40.0-255,66,133219,62,143027
8540,0.002048,172.31.40.0-255,66,133285,62,143027
8541,0.002128,172.31.40.0-255,66,133351,62,143027
8542,0.002179,172.31.40.0-255,66,133417,62,143027
8543,0.002195,74.125.24.0-255,105,133522,62,143027
8544,0.008355,172.31.40.0-255,66,133588,62,143027
8545,0.008395,172.31.40.0-255,105,133693,62,143027
8546,0.010746,74.125.24.0-255,66,133759,62,143027
8547,0.034735,172.31.40.0-255,172,133931,62,143027
8548,0.034763,172.31.40.0-255,1110,135041,62,143027
8549,0.034821,172.31.40.0-255,1514,136555,62,143027
8550,0.034822,172.31.40.0-255,1514,138069,62,143027
8551,0.034827,172.31.40.0-255,1514,139583,62,143027
8552,0.034828,172.31.40.0-255,1514,141097,62,143027
8553,0.034851,172.31.40.0-255,1514,142611,62,143027
8554,0.034852,172.31.40.0-255,152,142763,62,143027
8555,0.036389,104.244.42.0-255,66,142829,62,143027
8556,0.036415,104.244.42.0-255,66,142895,62,143027
8557,0.036486,104.244.42.0-255,66,142961,62,143027
8558,0.036504,104.244.42.0-255,66,143027,62,143027
8559,0.0,74.125.68.0-255,151,151,62,276067
8560,3.1e-05,172.31.40.0-255,66,217,62,276067
8561,3.9e-05,74.125.68.0-255,1484,1701,62,276067
8562,4.3e-05,172.31.40.0-255,66,1767,62,276067
8563,4.8e-05,74.125.68.0-255,2902,4669,62,276067
8564,5.7e-05,172.31.40.0-255,66,4735,62,276067
8565,6.1e-05,74.125.68.0-255,1484,6219,62,276067
8566,6.3e-05,172.31.40.0-255,66,6285,62,276067
8567,9.1e-05,74.125.68.0-255,2902,9187,62,276067
8568,9.4e-05,172.31.40.0-255,66,9253,62,276067
8569,0.000106,74.125.68.0-255,4913,14166,62,276067
8570,0.000108,172.31.40.0-255,66,14232,62,276067
8571,0.000143,74.125.68.0-255,1484,15716,62,276067
8572,0.000146,172.31.40.0-255,66,15782,62,276067
8573,0.000179,74.125.68.0-255,2902,18684,62,276067
8574,0.000182,172.31.40.0-255,66,18750,62,276067
8575,0.000189,74.125.68.0-255,5738,24488,62,276067
8576,0.000191,172.31.40.0-255,66,24554,62,276067
8577,0.000195,74.125.68.0-255,2902,27456,62,276067
8578,0.000197,172.31.40.0-255,66,27522,62,276067
8579,0.000227,74.125.68.0-255,3961,31483,62,276067
8580,0.00023,172.31.40.0-255,66,31549,62,276067
8581,0.00083,74.125.68.0-255,1484,33033,62,276067
8582,0.000836,172.31.40.0-255,66,33099,62,276067
8583,0.000847,74.125.68.0-255,2902,36001,62,276067
8584,0.000856,172.31.40.0-255,66,36067,62,276067
8585,0.000861,74.125.68.0-255,2902,38969,62,276067
8586,0.000863,172.31.40.0-255,66,39035,62,276067
8587,0.000894,74.125.68.0-255,4320,43355,62,276067
8588,0.000897,172.31.40.0-255,66,43421,62,276067
8589,0.000929,74.125.68.0-255,2902,46323,62,276067
8590,0.000931,172.31.40.0-255,66,46389,62,276067
8591,0.000963,74.125.68.0-255,6797,53186,62,276067
8592,0.00097,172.31.40.0-255,66,53252,62,276067
8593,0.000992,172.31.40.0-255,66,53318,62,276067
8594,0.001035,74.125.68.0-255,2814,56132,62,276067
8595,0.001054,172.31.40.0-255,66,56198,62,276067
8596,0.001282,74.125.68.0-255,135,56333,62,276067
8597,0.00133,172.31.40.0-255,66,56399,62,276067
8598,0.001499,74.125.68.0-255,1484,57883,62,276067
8599,0.00152,74.125.68.0-255,1484,59367,62,276067
8600,0.001523,172.31.40.0-255,66,59433,62,276067
8601,0.001528,74.125.68.0-255,2902,62335,62,276067
8602,0.00153,172.31.40.0-255,66,62401,62,276067
8603,0.001555,74.125.68.0-255,5738,68139,62,276067
8604,0.001562,172.31.40.0-255,66,68205,62,276067
8605,0.001599,172.31.40.0-255,66,68271,62,276067
8606,0.001661,172.31.40.0-255,66,68337,62,276067
8607,0.00167,74.125.68.0-255,2184,70521,62,276067
8608,0.001674,172.31.40.0-255,66,70587,62,276067
8609,0.001723,74.125.68.0-255,7156,77743,62,276067
8610,0.001734,172.31.40.0-255,66,77809,62,276067
8611,0.00177,74.125.68.0-255,4320,82129,62,276067
8612,0.001774,172.31.40.0-255,66,82195,62,276067
8613,0.001801,74.125.68.0-255,4320,86515,62,276067
8614,0.001814,172.31.40.0-255,66,86581,62,276067
8615,0.001869,74.125.68.0-255,2902,89483,62,276067
8616,0.001879,172.31.40.0-255,66,89549,62,276067
8617,0.001932,74.125.68.0-255,1046,90595,62,276067
8618,0.001952,74.125.68.0-255,1484,92079,62,276067
8619,0.001957,74.125.68.0-255,4320,96399,62,276067
8620,0.00196,172.31.40.0-255,66,96465,62,276067
8621,0.001964,172.31.40.0-255,66,96531,62,276067
8622,0.002011,74.125.68.0-255,1484,98015,62,276067
8623,0.002015,172.31.40.0-255,66,98081,62,276067
8624,0.002059,74.125.68.0-255,5738,103819,62,276067
8625,0.002064,172.31.40.0-255,66,103885,62,276067
8626,0.002108,172.31.40.0-255,66,103951,62,276067
8627,0.004325,74.125.68.0-255,2902,106853,62,276067
8628,0.00433,172.31.40.0-255,66,106919,62,276067
8629,0.004358,74.125.68.0-255,2902,109821,62,276067
8630,0.00436,172.31.40.0-255,66,109887,62,276067
8631,0.006535,74.125.68.0-255,4320,114207,62,276067
8632,0.00654,172.31.40.0-255,66,114273,62,276067
8633,0.006569,74.125.68.0-255,1484,115757,62,276067
8634,0.008743,74.125.68.0-255,4320,120077,62,276067
8635,0.00875,172.31.40.0-255,66,120143,62,276067
8636,0.010971,74.125.68.0-255,5738,125881,62,276067
8637,0.01098,172.31.40.0-255,66,125947,62,276067
8638,0.013193,74.125.68.0-255,5738,131685,62,276067
8639,0.0132,172.31.40.0-255,66,131751,62,276067
8640,0.015394,74.125.68.0-255,5738,137489,62,276067
8641,0.015402,172.31.40.0-255,66,137555,62,276067
8642,0.0176,74.125.68.0-255,5738,143293,62,276067
8643,0.017608,172.31.40.0-255,66,143359,62,276067
8644,0.019815,74.125.68.0-255,5738,149097,62,276067
8645,0.019821,172.31.40.0-255,66,149163,62,276067
8646,0.020144,172.31.40.0-255,172,149335,62,276067
8647,0.020192,172.31.40.0-255,1110,150445,62,276067
8648,0.020251,172.31.40.0-255,1514,151959,62,276067
8649,0.020253,172.31.40.0-255,1300,153259,62,276067
8650,0.021692,104.244.42.0-255,66,153325,62,276067
8651,0.021732,104.244.42.0-255,66,153391,62,276067
8652,0.02184,104.244.42.0-255,66,153457,62,276067
8653,0.021999,74.125.68.0-255,1484,154941,62,276067
8654,0.022032,74.125.68.0-255,4320,159261,62,276067
8655,0.022036,172.31.40.0-255,66,159327,62,276067
8656,0.024238,74.125.68.0-255,5738,165065,62,276067
8657,0.024244,172.31.40.0-255,66,165131,62,276067
8658,0.026475,74.125.68.0-255,5738,170869,62,276067
8659,0.02648,172.31.40.0-255,66,170935,62,276067
8660,0.028664,74.125.68.0-255,1484,172419,62,276067
8661,0.028691,74.125.68.0-255,4320,176739,62,276067
8662,0.028696,172.31.40.0-255,66,176805,62,276067
8663,0.030881,74.125.68.0-255,4320,181125,62,276067
8664,0.030886,172.31.40.0-255,66,181191,62,276067
8665,0.030921,74.125.68.0-255,1484,182675,62,276067
8666,0.033091,74.125.68.0-255,4320,186995,62,276067
8667,0.033097,172.31.40.0-255,66,187061,62,276067
8668,0.035321,74.125.68.0-255,5738,192799,62,276067
8669,0.035327,172.31.40.0-255,66,192865,62,276067
8670,0.037522,74.125.68.0-255,5738,198603,62,276067
8671,0.037526,172.31.40.0-255,66,198669,62,276067
8672,0.039726,74.125.68.0-255,5738,204407,62,276067
8673,0.03973,172.31.40.0-255,66,204473,62,276067
8674,0.041935,74.125.68.0-255,5738,210211,62,276067
8675,0.041941,172.31.40.0-255,66,210277,62,276067
8676,0.044148,74.125.68.0-255,5738,216015,62,276067
8677,0.044154,172.31.40.0-255,66,216081,62,276067
8678,0.046353,74.125.68.0-255,5738,221819,62,276067
8679,0.046358,172.31.40.0-255,66,221885,62,276067
8680,0.048553,74.125.68.0-255,5738,227623,62,276067
8681,0.048559,172.31.40.0-255,66,227689,62,276067
8682,0.050764,74.125.68.0-255,5738,233427,62,276067
8683,0.050769,172.31.40.0-255,66,233493,62,276067
8684,0.052959,74.125.68.0-255,1484,234977,62,276067
8685,0.052995,74.125.68.0-255,4320,239297,62,276067
8686,0.053,172.31.40.0-255,66,239363,62,276067
8687,0.05519,74.125.68.0-255,5738,245101,62,276067
8688,0.055194,172.31.40.0-255,66,245167,62,276067
8689,0.057388,74.125.68.0-255,4320,249487,62,276067
8690,0.057393,172.31.40.0-255,66,249553,62,276067
8691,0.057424,74.125.68.0-255,1484,251037,62,276067
8692,0.059587,74.125.68.0-255,4320,255357,62,276067
8693,0.059593,172.31.40.0-255,66,255423,62,276067
8694,0.061803,74.125.68.0-255,4320,259743,62,276067
8695,0.061809,172.31.40.0-255,66,259809,62,276067
8696,0.061843,74.125.68.0-255,1484,261293,62,276067
8697,0.064005,74.125.68.0-255,4320,265613,62,276067
8698,0.06401,172.31.40.0-255,66,265679,62,276067
8699,0.066203,74.125.68.0-255,4320,269999,62,276067
8700,0.066207,172.31.40.0-255,66,270065,62,276067
8701,0.06624,74.125.68.0-255,1484,271549,62,276067
8702,0.068396,74.125.68.0-255,1484,273033,62,276067
8703,0.068402,172.31.40.0-255,66,273099,62,276067
8704,0.068433,74.125.68.0-255,2902,276001,62,276067
8705,0.068437,172.31.40.0-255,66,276067,62,276067
8706,0.0,172.217.194.0-255,146,146,62,179332
8707,2.3e-05,172.31.40.0-255,66,212,62,179332
8708,3e-05,172.217.194.0-255,1484,1696,62,179332
8709,3.4e-05,172.31.40.0-255,66,1762,62,179332
8710,4.7e-05,172.217.194.0-255,2902,4664,62,179332
8711,5.1e-05,172.31.40.0-255,66,4730,62,179332
8712,5.9e-05,172.217.194.0-255,7156,11886,62,179332
8713,6.3e-05,172.31.40.0-255,66,11952,62,179332
8714,9.9e-05,172.31.40.0-255,66,12018,62,179332
8715,0.000119,172.217.194.0-255,677,12695,62,179332
8716,0.000122,172.31.40.0-255,66,12761,62,179332
8717,0.000132,172.217.194.0-255,2543,15304,62,179332
8718,0.000134,172.31.40.0-255,66,15370,62,179332
8719,0.000297,172.217.194.0-255,1484,16854,62,179332
8720,0.000301,172.31.40.0-255,66,16920,62,179332
8721,0.000308,172.217.194.0-255,2902,19822,62,179332
8722,0.000311,172.31.40.0-255,66,19888,62,179332
8723,0.000316,172.217.194.0-255,4320,24208,62,179332
8724,0.000323,172.31.40.0-255,66,24274,62,179332
8725,0.000357,172.217.194.0-255,1484,25758,62,179332
8726,0.00036,172.31.40.0-255,66,25824,62,179332
8727,0.000376,172.31.40.0-255,66,25890,62,179332
8728,0.00038,172.217.194.0-255,2902,28792,62,179332
8729,0.000383,172.31.40.0-255,66,28858,62,179332
8730,0.000414,172.217.194.0-255,6797,35655,62,179332
8731,0.000417,172.31.40.0-255,66,35721,62,179332
8732,0.000468,172.217.194.0-255,645,36366,62,179332
8733,0.000472,172.31.40.0-255,66,36432,62,179332
8734,0.000546,172.217.194.0-255,1484,37916,62,179332
8735,0.000549,172.31.40.0-255,66,37982,62,179332
8736,0.000552,172.217.194.0-255,1484,39466,62,179332
8737,0.000577,172.217.194.0-255,4320,43786,62,179332
8738,0.00058,172.31.40.0-255,66,43852,62,179332
8739,0.000609,172.31.40.0-255,66,43918,62,179332
8740,0.000628,172.217.194.0-255,2543,46461,62,179332
8741,0.00063,172.31.40.0-255,66,46527,62,179332
8742,0.000641,172.31.40.0-255,66,46593,62,179332
8743,0.000671,172.217.194.0-255,6797,53390,62,179332
8744,0.000674,172.31.40.0-255,66,53456,62,179332
8745,0.000677,172.217.194.0-255,1484,54940,62,179332
8746,0.000682,172.217.194.0-255,2902,57842,62,179332
8747,0.000684,172.31.40.0-255,66,57908,62,179332
8748,0.000691,172.217.194.0-255,5738,63646,62,179332
8749,0.000693,172.31.40.0-255,66,63712,62,179332
8750,0.000699,172.217.194.0-255,5738,69450,62,179332
8751,0.000702,172.31.40.0-255,66,69516,62,179332
8752,0.000734,172.217.194.0-255,7156,76672,62,179332
8753,0.000737,172.31.40.0-255,66,76738,62,179332
8754,0.000749,172.31.40.0-255,66,76804,62,179332
8755,0.00077,172.217.194.0-255,2902,79706,62,179332
8756,0.000772,172.31.40.0-255,66,79772,62,179332
8757,0.000777,172.217.194.0-255,4320,84092,62,179332
8758,0.000779,172.31.40.0-255,66,84158,62,179332
8759,0.000786,172.217.194.0-255,5738,89896,62,179332
8760,0.000788,172.31.40.0-255,66,89962,62,179332
8761,0.000807,172.217.194.0-255,2902,92864,62,179332
8762,0.000809,172.31.40.0-255,66,92930,62,179332
8763,0.000825,172.217.194.0-255,4320,97250,62,179332
8764,0.000827,172.31.40.0-255,66,97316,62,179332
8765,0.00087,172.31.40.0-255,66,97382,62,179332
8766,0.000873,172.217.194.0-255,1484,98866,62,179332
8767,0.000907,172.31.40.0-255,66,98932,62,179332
8768,0.00092,172.31.40.0-255,66,98998,62,179332
8769,0.000926,172.217.194.0-255,5738,104736,62,179332
8770,0.000929,172.31.40.0-255,66,104802,62,179332
8771,0.000956,172.217.194.0-255,3602,108404,62,179332
8772,0.000959,172.31.40.0-255,66,108470,62,179332
8773,0.000963,172.217.194.0-255,2902,111372,62,179332
8774,0.000965,172.31.40.0-255,66,111438,62,179332
8775,0.001004,172.217.194.0-255,4320,115758,62,179332
8776,0.001008,172.31.40.0-255,66,115824,62,179332
8777,0.001019,172.31.40.0-255,66,115890,62,179332
8778,0.001036,172.31.40.0-255,66,115956,62,179332
8779,0.001038,172.217.194.0-255,766,116722,62,179332
8780,0.001146,172.217.194.0-255,1484,118206,62,179332
8781,0.00115,172.31.40.0-255,66,118272,62,179332
8782,0.001155,172.217.194.0-255,2902,121174,62,179332
8783,0.001157,172.31.40.0-255,66,121240,62,179332
8784,0.00116,172.217.194.0-255,1484,122724,62,179332
8785,0.001177,172.217.194.0-255,4320,127044,62,179332
8786,0.001179,172.31.40.0-255,66,127110,62,179332
8787,0.001187,172.217.194.0-255,7156,134266,62,179332
8788,0.001194,172.31.40.0-255,66,134332,62,179332
8789,0.001236,172.217.194.0-255,5738,140070,62,179332
8790,0.001239,172.31.40.0-255,66,140136,62,179332
8791,0.001251,172.31.40.0-255,66,140202,62,179332
8792,0.001254,172.217.194.0-255,766,140968,62,179332
8793,0.00158,172.217.194.0-255,1484,142452,62,179332
8794,0.001583,172.31.40.0-255,66,142518,62,179332
8795,0.001588,172.217.194.0-255,2902,145420,62,179332
8796,0.00159,172.31.40.0-255,66,145486,62,179332
8797,0.001595,172.217.194.0-255,4320,149806,62,179332
8798,0.001596,172.31.40.0-255,66,149872,62,179332
8799,0.001628,172.217.194.0-255,1484,151356,62,179332
8800,0.001641,172.31.40.0-255,66,151422,62,179332
8801,0.001651,172.31.40.0-255,66,151488,62,179332
8802,0.00167,172.217.194.0-255,766,152254,62,179332
8803,0.001768,172.217.194.0-255,1484,153738,62,179332
8804,0.001771,172.31.40.0-255,66,153804,62,179332
8805,0.001799,172.217.194.0-255,2902,156706,62,179332
8806,0.001802,172.31.40.0-255,66,156772,62,179332
8807,0.001808,172.217.194.0-255,5738,162510,62,179332
8808,0.00181,172.31.40.0-255,66,162576,62,179332
8809,0.001815,172.217.194.0-255,4320,166896,62,179332
8810,0.001816,172.31.40.0-255,66,166962,62,179332
8811,0.001857,172.31.40.0-255,66,167028,62,179332
8812,0.001868,172.31.40.0-255,66,167094,62,179332
8813,0.001912,172.31.40.0-255,66,167160,62,179332
8814,0.001918,172.217.194.0-255,7156,174316,62,179332
8815,0.00192,172.31.40.0-255,66,174382,62,179332
8816,0.001974,172.31.40.0-255,66,174448,62,179332
8817,0.001985,172.31.40.0-255,66,174514,62,179332
8818,0.002005,172.217.194.0-255,2902,177416,62,179332
8819,0.002007,172.31.40.0-255,66,177482,62,179332
8820,0.002016,172.31.40.0-255,66,177548,62,179332
8821,0.002047,172.31.40.0-255,66,177614,62,179332
8822,0.002049,172.217.194.0-255,105,177719,62,179332
8823,0.00427,172.31.40.0-255,66,177785,62,179332
8824,0.004308,172.31.40.0-255,105,177890,62,179332
8825,0.006669,172.217.194.0-255,66,177956,62,179332
8826,0.035482,172.31.40.0-255,167,178123,62,179332
8827,0.035519,172.31.40.0-255,1077,179200,62,179332
8828,0.037185,104.244.42.0-255,66,179266,62,179332
8829,0.037209,104.244.42.0-255,66,179332,62,179332
8830,0.0,74.125.200.0-255,152,152,62,252821
8831,2.1e-05,172.31.40.0-255,66,218,62,252821
8832,2.7e-05,74.125.200.0-255,1484,1702,62,252821
8833,3e-05,172.31.40.0-255,66,1768,62,252821
8834,3.6e-05,74.125.200.0-255,2902,4670,62,252821
8835,4.5e-05,172.31.40.0-255,66,4736,62,252821
8836,4.9e-05,74.125.200.0-255,1484,6220,62,252821
8837,5.1e-05,172.31.40.0-255,66,6286,62,252821
8838,7.1e-05,74.125.200.0-255,4320,10606,62,252821
8839,7.4e-05,172.31.40.0-255,66,10672,62,252821
8840,8.2e-05,74.125.200.0-255,3438,14110,62,252821
8841,8.4e-05,172.31.40.0-255,66,14176,62,252821
8842,8.9e-05,74.125.200.0-255,4320,18496,62,252821
8843,9.1e-05,172.31.40.0-255,66,18562,62,252821
8844,0.000114,74.125.200.0-255,4320,22882,62,252821
8845,0.000116,172.31.40.0-255,66,22948,62,252821
8846,0.000143,74.125.200.0-255,5738,28686,62,252821
8847,0.000145,172.31.40.0-255,66,28752,62,252821
8848,0.000149,74.125.200.0-255,2543,31295,62,252821
8849,0.00015,172.31.40.0-255,66,31361,62,252821
8850,0.00038,74.125.200.0-255,1484,32845,62,252821
8851,0.000385,172.31.40.0-255,66,32911,62,252821
8852,0.000397,74.125.200.0-255,1484,34395,62,252821
8853,0.000399,172.31.40.0-255,66,34461,62,252821
8854,0.00044,74.125.200.0-255,1484,35945,62,252821
8855,0.000442,172.31.40.0-255,66,36011,62,252821
8856,0.000449,74.125.200.0-255,5738,41749,62,252821
8857,0.000451,172.31.40.0-255,66,41815,62,252821
8858,0.000456,74.125.200.0-255,4320,46135,62,252821
8859,0.000463,172.31.40.0-255,66,46201,62,252821
8860,0.0005,74.125.200.0-255,2543,48744,62,252821
8861,0.000502,172.31.40.0-255,66,48810,62,252821
8862,0.000579,74.125.200.0-255,1484,50294,62,252821
8863,0.000684,74.125.200.0-255,2902,53196,62,252821
8864,0.000692,74.125.200.0-255,5738,58934,62,252821
8865,0.000696,74.125.200.0-255,2902,61836,62,252821
8866,0.000701,74.125.200.0-255,3961,65797,62,252821
8867,0.000704,74.125.200.0-255,396,66193,62,252821
8868,0.000726,172.31.40.0-255,66,66259,62,252821
8869,0.000868,74.125.200.0-255,348,66607,62,252821
8870,0.001066,172.31.40.0-255,66,66673,62,252821
8871,0.001674,74.125.200.0-255,1484,68157,62,252821
8872,0.001683,74.125.200.0-255,2902,71059,62,252821
8873,0.001713,74.125.200.0-255,5738,76797,62,252821
8874,0.001728,74.125.200.0-255,4320,81117,62,252821
8875,0.001743,74.125.200.0-255,5738,86855,62,252821
8876,0.001791,74.125.200.0-255,2902,89757,62,252821
8877,0.001795,74.125.200.0-255,2184,91941,62,252821
8878,0.005083,172.31.40.0-255,66,92007,62,252821
8879,0.007408,74.125.200.0-255,5738,97745,62,252821
8880,0.007416,172.31.40.0-255,66,97811,62,252821
8881,0.00972,74.125.200.0-255,2902,100713,62,252821
8882,0.009727,172.31.40.0-255,66,100779,62,252821
8883,0.009753,74.125.200.0-255,2902,103681,62,252821
8884,0.012061,74.125.200.0-255,2902,106583,62,252821
8885,0.01294,172.31.40.0-255,66,106649,62,252821
8886,0.015245,74.125.200.0-255,5738,112387,62,252821
8887,0.015253,172.31.40.0-255,66,112453,62,252821
8888,0.017568,74.125.200.0-255,5738,118191,62,252821
8889,0.017576,172.31.40.0-255,66,118257,62,252821
8890,0.019889,74.125.200.0-255,5738,123995,62,252821
8891,0.019897,172.31.40.0-255,66,124061,62,252821
8892,0.022199,74.125.200.0-255,5738,129799,62,252821
8893,0.022205,172.31.40.0-255,66,129865,62,252821
8894,0.022568,172.31.40.0-255,172,130037,62,252821
8895,0.0226,172.31.40.0-255,1110,131147,62,252821
8896,0.02266,172.31.40.0-255,1514,132661,62,252821
8897,0.022662,172.31.40.0-255,1514,134175,62,252821
8898,0.022664,172.31.40.0-255,1514,135689,62,252821
8899,0.022665,172.31.40.0-255,1514,137203,62,252821
8900,0.022666,172.31.40.0-255,560,137763,62,252821
8901,0.024165,104.244.42.0-255,66,137829,62,252821
8902,0.024208,104.244.42.0-255,66,137895,62,252821
8903,0.024254,104.244.42.0-255,66,137961,62,252821
8904,0.024267,104.244.42.0-255,66,138027,62,252821
8905,0.024518,74.125.200.0-255,5738,143765,62,252821
8906,0.024523,172.31.40.0-255,66,143831,62,252821
8907,0.026834,74.125.200.0-255,5738,149569,62,252821
8908,0.026841,172.31.40.0-255,66,149635,62,252821
8909,0.029145,74.125.200.0-255,5738,155373,62,252821
8910,0.029151,172.31.40.0-255,66,155439,62,252821
8911,0.031461,74.125.200.0-255,5738,161177,62,252821
8912,0.031467,172.31.40.0-255,66,161243,62,252821
8913,0.033764,74.125.200.0-255,5738,166981,62,252821
8914,0.033771,172.31.40.0-255,66,167047,62,252821
8915,0.036111,74.125.200.0-255,5738,172785,62,252821
8916,0.036121,172.31.40.0-255,66,172851,62,252821
8917,0.038459,74.125.200.0-255,5738,178589,62,252821
8918,0.038465,172.31.40.0-255,66,178655,62,252821
8919,0.040784,74.125.200.0-255,5738,184393,62,252821
8920,0.040791,172.31.40.0-255,66,184459,62,252821
8921,0.043112,74.125.200.0-255,5738,190197,62,252821
8922,0.043119,172.31.40.0-255,66,190263,62,252821
8923,0.045417,74.125.200.0-255,1484,191747,62,252821
8924,0.045443,74.125.200.0-255,4320,196067,62,252821
8925,0.045447,172.31.40.0-255,66,196133,62,252821
8926,0.047755,74.125.200.0-255,5738,201871,62,252821
8927,0.047762,172.31.40.0-255,66,201937,62,252821
8928,0.050069,74.125.200.0-255,5738,207675,62,252821
8929,0.050077,172.31.40.0-255,66,207741,62,252821
8930,0.052399,74.125.200.0-255,5738,213479,62,252821
8931,0.052406,172.31.40.0-255,66,213545,62,252821
8932,0.054707,74.125.200.0-255,4320,217865,62,252821
8933,0.054714,172.31.40.0-255,66,217931,62,252821
8934,0.054745,74.125.200.0-255,1484,219415,62,252821
8935,0.057034,74.125.200.0-255,4320,223735,62,252821
8936,0.057043,172.31.40.0-255,66,223801,62,252821
8937,0.059363,74.125.200.0-255,5738,229539,62,252821
8938,0.059417,172.31.40.0-255,66,229605,62,252821
8939,0.061739,74.125.200.0-255,5738,235343,62,252821
8940,0.061745,172.31.40.0-255,66,235409,62,252821
8941,0.064077,74.125.200.0-255,5738,241147,62,252821
8942,0.064084,172.31.40.0-255,66,241213,62,252821
8943,0.066403,74.125.200.0-255,5738,246951,62,252821
8944,0.066412,172.31.40.0-255,66,247017,62,252821
8945,0.068737,74.125.200.0-255,5738,252755,62,252821
8946,0.068748,172.31.40.0-255,66,252821,62,252821
8947,0.0,172.253.118.0-255,152,152,62,271077
8948,1.8e-05,172.31.40.0-255,66,218,62,271077
8949,2.5e-05,172.253.118.0-255,1484,1702,62,271077
8950,3e-05,172.31.40.0-255,66,1768,62,271077
8951,3.6e-05,172.253.118.0-255,2902,4670,62,271077
8952,4.6e-05,172.31.40.0-255,66,4736,62,271077
8953,5.4e-05,172.253.118.0-255,7156,11892,62,271077
8954,5.7e-05,172.31.40.0-255,66,11958,62,271077
8955,9.2e-05,172.253.118.0-255,2102,14060,62,271077
8956,9.5e-05,172.31.40.0-255,66,14126,62,271077
8957,0.000165,172.253.118.0-255,1484,15610,62,271077
8958,0.000167,172.31.40.0-255,66,15676,62,271077
8959,0.000194,172.253.118.0-255,2902,18578,62,271077
8960,0.000197,172.31.40.0-255,66,18644,62,271077
8961,0.000204,172.253.118.0-255,4320,22964,62,271077
8962,0.000206,172.31.40.0-255,66,23030,62,271077
8963,0.000234,172.253.118.0-255,1484,24514,62,271077
8964,0.000236,172.31.40.0-255,66,24580,62,271077
8965,0.00026,172.253.118.0-255,2902,27482,62,271077
8966,0.000263,172.31.40.0-255,66,27548,62,271077
8967,0.000282,172.253.118.0-255,3961,31509,62,271077
8968,0.000285,172.31.40.0-255,66,31575,62,271077
8969,0.000531,172.253.118.0-255,1484,33059,62,271077
8970,0.000536,172.31.40.0-255,66,33125,62,271077
8971,0.000543,172.253.118.0-255,2902,36027,62,271077
8972,0.000545,172.31.40.0-255,66,36093,62,271077
8973,0.000567,172.253.118.0-255,2902,38995,62,271077
8974,0.00057,172.31.40.0-255,66,39061,62,271077
8975,0.000591,172.253.118.0-255,2902,41963,62,271077
8976,0.000594,172.31.40.0-255,66,42029,62,271077
8977,0.00063,172.31.40.0-255,66,42095,62,271077
8978,0.00069,172.253.118.0-255,4320,46415,62,271077
8979,0.000712,172.253.118.0-255,4320,50735,62,271077
8980,0.000723,172.31.40.0-255,66,50801,62,271077
8981,0.000728,172.253.118.0-255,4236,55037,62,271077
8982,0.000734,172.31.40.0-255,66,55103,62,271077
8983,0.000972,172.253.118.0-255,126,55229,62,271077
8984,0.001132,172.253.118.0-255,1484,56713,62,271077
8985,0.001136,172.31.40.0-255,66,56779,62,271077
8986,0.001142,172.253.118.0-255,2902,59681,62,271077
8987,0.001165,172.253.118.0-255,5738,65419,62,271077
8988,0.00117,172.31.40.0-255,66,65485,62,271077
8989,0.001193,172.253.118.0-255,1484,66969,62,271077
8990,0.001209,172.253.118.0-255,5379,72348,62,271077
8991,0.001229,172.31.40.0-255,66,72414,62,271077
8992,0.001261,172.253.118.0-255,5738,78152,62,271077
8993,0.00127,172.31.40.0-255,66,78218,62,271077
8994,0.001277,172.253.118.0-255,1484,79702,62,271077
8995,0.001313,172.253.118.0-255,4320,84022,62,271077
8996,0.001317,172.31.40.0-255,66,84088,62,271077
8997,0.001345,172.253.118.0-255,5379,89467,62,271077
8998,0.00136,172.31.40.0-255,66,89533,62,271077
8999,0.002059,172.253.118.0-255,350,89883,62,271077
9000,0.002098,172.253.118.0-255,1484,91367,62,271077
9001,0.002103,172.31.40.0-255,66,91433,62,271077
9002,0.002111,172.253.118.0-255,2902,94335,62,271077
9003,0.002114,172.253.118.0-255,1484,95819,62,271077
9004,0.002135,172.253.118.0-255,4320,100139,62,271077
9005,0.002173,172.253.118.0-255,5738,105877,62,271077
9006,0.002198,172.253.118.0-255,7156,113033,62,271077
9007,0.002259,172.253.118.0-255,1484,114517,62,271077
9008,0.002283,172.253.118.0-255,5738,120255,62,271077
9009,0.00232,172.253.118.0-255,3602,123857,62,271077
9010,0.004476,172.31.40.0-255,66,123923,62,271077
9011,0.00708,172.253.118.0-255,5738,129661,62,271077
9012,0.007085,172.31.40.0-255,66,129727,62,271077
9013,0.009687,172.253.118.0-255,5738,135465,62,271077
9014,0.009693,172.31.40.0-255,66,135531,62,271077
9015,0.012282,172.253.118.0-255,5738,141269,62,271077
9016,0.012289,172.31.40.0-255,66,141335,62,271077
9017,0.014889,172.253.118.0-255,5738,147073,62,271077
9018,0.0149,172.31.40.0-255,66,147139,62,271077
9019,0.017515,172.253.118.0-255,5738,152877,62,271077
9020,0.017523,172.31.40.0-255,66,152943,62,271077
9021,0.020114,172.253.118.0-255,5738,158681,62,271077
9022,0.020121,172.31.40.0-255,66,158747,62,271077
9023,0.022728,172.253.118.0-255,5738,164485,62,271077
9024,0.022735,172.31.40.0-255,66,164551,62,271077
9025,0.025335,172.253.118.0-255,5738,170289,62,271077
9026,0.025344,172.31.40.0-255,66,170355,62,271077
9027,0.027937,172.253.118.0-255,5738,176093,62,271077
9028,0.027945,172.31.40.0-255,66,176159,62,271077
9029,0.030552,172.253.118.0-255,5738,181897,62,271077
9030,0.03056,172.31.40.0-255,66,181963,62,271077
9031,0.033155,172.253.118.0-255,5738,187701,62,271077
9032,0.03316,172.31.40.0-255,66,187767,62,271077
9033,0.033699,172.31.40.0-255,172,187939,62,271077
9034,0.033729,172.31.40.0-255,1108,189047,62,271077
9035,0.033781,172.31.40.0-255,576,189623,62,271077
9036,0.035251,104.244.42.0-255,66,189689,62,271077
9037,0.035292,104.244.42.0-255,66,189755,62,271077
9038,0.035349,104.244.42.0-255,66,189821,62,271077
9039,0.035752,172.253.118.0-255,5738,195559,62,271077
9040,0.035756,172.31.40.0-255,66,195625,62,271077
9041,0.038375,172.253.118.0-255,5738,201363,62,271077
9042,0.038382,172.31.40.0-255,66,201429,62,271077
9043,0.04098,172.253.118.0-255,5738,207167,62,271077
9044,0.040989,172.31.40.0-255,66,207233,62,271077
9045,0.04359,172.253.118.0-255,5738,212971,62,271077
9046,0.043595,172.31.40.0-255,66,213037,62,271077
9047,0.046194,172.253.118.0-255,5738,218775,62,271077
9048,0.046199,172.31.40.0-255,66,218841,62,271077
9049,0.048833,172.253.118.0-255,5738,224579,62,271077
9050,0.048838,172.31.40.0-255,66,224645,62,271077
9051,0.051444,172.253.118.0-255,5738,230383,62,271077
9052,0.051451,172.31.40.0-255,66,230449,62,271077
9053,0.054056,172.253.118.0-255,5738,236187,62,271077
9054,0.054062,172.31.40.0-255,66,236253,62,271077
9055,0.056678,172.253.118.0-255,5738,241991,62,271077
9056,0.056684,172.31.40.0-255,66,242057,62,271077
9057,0.059278,172.253.118.0-255,5738,247795,62,271077
9058,0.059284,172.31.40.0-255,66,247861,62,271077
9059,0.061875,172.253.118.0-255,5738,253599,62,271077
9060,0.061881,172.31.40.0-255,66,253665,62,271077
9061,0.064501,172.253.118.0-255,5738,259403,62,271077
9062,0.064507,172.31.40.0-255,66,259469,62,271077
9063,0.067133,172.253.118.0-255,5738,265207,62,271077
9064,0.067138,172.31.40.0-255,66,265273,62,271077
9065,0.069728,172.253.118.0-255,5738,271011,62,271077
9066,0.069733,172.31.40.0-255,66,271077,62,271077
9067,0.0,74.125.24.0-255,156,156,62,226404
9068,1.7e-05,172.31.40.0-255,66,222,62,226404
9069,2.4e-05,74.125.24.0-255,1484,1706,62,226404
9070,2.8e-05,172.31.40.0-255,66,1772,62,226404
9071,3.4e-05,74.125.24.0-255,2902,4674,62,226404
9072,3.7e-05,172.31.40.0-255,66,4740,62,226404
9073,6.9e-05,74.125.24.0-255,7156,11896,62,226404
9074,7.2e-05,172.31.40.0-255,66,11962,62,226404
9075,7.7e-05,74.125.24.0-255,2091,14053,62,226404
9076,7.9e-05,172.31.40.0-255,66,14119,62,226404
9077,0.000118,74.125.24.0-255,4320,18439,62,226404
9078,0.000121,172.31.40.0-255,66,18505,62,226404
9079,0.000147,74.125.24.0-255,7156,25661,62,226404
9080,0.00015,172.31.40.0-255,66,25727,62,226404
9081,0.000156,74.125.24.0-255,5379,31106,62,226404
9082,0.000158,172.31.40.0-255,66,31172,62,226404
9083,0.000247,74.125.24.0-255,1484,32656,62,226404
9084,0.000251,172.31.40.0-255,66,32722,62,226404
9085,0.000257,74.125.24.0-255,2902,35624,62,226404
9086,0.000259,172.31.40.0-255,66,35690,62,226404
9087,0.000275,74.125.24.0-255,1484,37174,62,226404
9088,0.000278,172.31.40.0-255,66,37240,62,226404
9089,0.000294,74.125.24.0-255,4320,41560,62,226404
9090,0.000297,172.31.40.0-255,66,41626,62,226404
9091,0.000305,74.125.24.0-255,7156,48782,62,226404
9092,0.000307,172.31.40.0-255,66,48848,62,226404
9093,0.000335,74.125.24.0-255,5738,54586,62,226404
9094,0.000338,172.31.40.0-255,66,54652,62,226404
9095,0.000367,172.31.40.0-255,66,54718,62,226404
9096,0.000421,74.125.24.0-255,2482,57200,62,226404
9097,0.000424,172.31.40.0-255,66,57266,62,226404
9098,0.000447,74.125.24.0-255,410,57676,62,226404
9099,0.00059,74.125.24.0-255,1484,59160,62,226404
9100,0.000595,172.31.40.0-255,66,59226,62,226404
9101,0.000614,74.125.24.0-255,2902,62128,62,226404
9102,0.000617,172.31.40.0-255,66,62194,62,226404
9103,0.000624,74.125.24.0-255,5738,67932,62,226404
9104,0.000626,172.31.40.0-255,66,67998,62,226404
9105,0.00063,74.125.24.0-255,2902,70900,62,226404
9106,0.000633,172.31.40.0-255,66,70966,62,226404
9107,0.000665,74.125.24.0-255,4320,75286,62,226404
9108,0.000669,172.31.40.0-255,66,75352,62,226404
9109,0.000689,74.125.24.0-255,5738,81090,62,226404
9110,0.000692,172.31.40.0-255,66,81156,62,226404
9111,0.000724,74.125.24.0-255,7156,88312,62,226404
9112,0.000727,172.31.40.0-255,66,88378,62,226404
9113,0.000732,74.125.24.0-255,2902,91280,62,226404
9114,0.000734,172.31.40.0-255,66,91346,62,226404
9115,0.000747,74.125.24.0-255,766,92112,62,226404
9116,0.000855,74.125.24.0-255,1484,93596,62,226404
9117,0.000859,172.31.40.0-255,66,93662,62,226404
9118,0.000864,74.125.24.0-255,2902,96564,62,226404
9119,0.000866,172.31.40.0-255,66,96630,62,226404
9120,0.000913,74.125.24.0-255,5738,102368,62,226404
9121,0.000916,172.31.40.0-255,66,102434,62,226404
9122,0.000931,172.31.40.0-255,66,102500,62,226404
9123,0.000941,172.31.40.0-255,66,102566,62,226404
9124,0.000961,74.125.24.0-255,2184,104750,62,226404
9125,0.000963,172.31.40.0-255,66,104816,62,226404
9126,0.001743,74.125.24.0-255,1484,106300,62,226404
9127,0.001749,74.125.24.0-255,2902,109202,62,226404
9128,0.001753,172.31.40.0-255,66,109268,62,226404
9129,0.001769,74.125.24.0-255,1484,110752,62,226404
9130,0.001782,74.125.24.0-255,4320,115072,62,226404
9131,0.001795,172.31.40.0-255,66,115138,62,226404
9132,0.001802,172.31.40.0-255,66,115204,62,226404
9133,0.001807,74.125.24.0-255,2902,118106,62,226404
9134,0.001809,172.31.40.0-255,66,118172,62,226404
9135,0.001816,74.125.24.0-255,7156,125328,62,226404
9136,0.001818,172.31.40.0-255,66,125394,62,226404
9137,0.001856,74.125.24.0-255,3602,128996,62,226404
9138,0.001859,172.31.40.0-255,66,129062,62,226404
9139,0.002009,74.125.24.0-255,1484,130546,62,226404
9140,0.002025,74.125.24.0-255,2902,133448,62,226404
9141,0.002029,172.31.40.0-255,66,133514,62,226404
9142,0.002036,74.125.24.0-255,5738,139252,62,226404
9143,0.002039,172.31.40.0-255,66,139318,62,226404
9144,0.002042,74.125.24.0-255,1484,140802,62,226404
9145,0.002067,74.125.24.0-255,5738,146540,62,226404
9146,0.00207,172.31.40.0-255,66,146606,62,226404
9147,0.002105,74.125.24.0-255,4320,150926,62,226404
9148,0.002109,172.31.40.0-255,66,150992,62,226404
9149,0.002144,172.31.40.0-255,66,151058,62,226404
9150,0.002188,172.31.40.0-255,66,151124,62,226404
9151,0.002248,172.31.40.0-255,66,151190,62,226404
9152,0.00226,74.125.24.0-255,4320,155510,62,226404
9153,0.002287,74.125.24.0-255,2184,157694,62,226404
9154,0.002306,74.125.24.0-255,7156,164850,62,226404
9155,0.002321,74.125.24.0-255,7156,172006,62,226404
9156,0.002327,74.125.24.0-255,5738,177744,62,226404
9157,0.002373,74.125.24.0-255,1484,179228,62,226404
9158,0.00245,74.125.24.0-255,1484,180712,62,226404
9159,0.002471,74.125.24.0-255,4320,185032,62,226404
9160,0.002488,74.125.24.0-255,5738,190770,62,226404
9161,0.002561,74.125.24.0-255,6438,197208,62,226404
9162,0.007348,172.31.40.0-255,66,197274,62,226404
9163,0.007356,172.31.40.0-255,66,197340,62,226404
9164,0.007359,172.31.40.0-255,66,197406,62,226404
9165,0.007362,172.31.40.0-255,66,197472,62,226404
9166,0.007375,172.31.40.0-255,66,197538,62,226404
9167,0.007378,172.31.40.0-255,66,197604,62,226404
9168,0.007381,172.31.40.0-255,66,197670,62,226404
9169,0.007384,172.31.40.0-255,66,197736,62,226404
9170,0.007388,172.31.40.0-255,66,197802,62,226404
9171,0.007392,172.31.40.0-255,66,197868,62,226404
9172,0.007395,172.31.40.0-255,66,197934,62,226404
9173,0.007399,172.31.40.0-255,66,198000,62,226404
9174,0.007403,172.31.40.0-255,66,198066,62,226404
9175,0.007406,172.31.40.0-255,66,198132,62,226404
9176,0.007408,172.31.40.0-255,66,198198,62,226404
9177,0.007411,172.31.40.0-255,66,198264,62,226404
9178,0.007415,172.31.40.0-255,66,198330,62,226404
9179,0.009891,74.125.24.0-255,5738,204068,62,226404
9180,0.0099,172.31.40.0-255,66,204134,62,226404
9181,0.012368,74.125.24.0-255,5738,209872,62,226404
9182,0.012376,172.31.40.0-255,66,209938,62,226404
9183,0.014855,74.125.24.0-255,5738,215676,62,226404
9184,0.014866,172.31.40.0-255,66,215742,62,226404
9185,0.017309,74.125.24.0-255,985,216727,62,226404
9186,0.018291,172.31.40.0-255,66,216793,62,226404
9187,0.018336,172.31.40.0-255,105,216898,62,226404
9188,0.020746,74.125.24.0-255,66,216964,62,226404
9189,0.044253,172.31.40.0-255,172,217136,62,226404
9190,0.044286,172.31.40.0-255,1110,218246,62,226404
9191,0.044361,172.31.40.0-255,1514,219760,62,226404
9192,0.044363,172.31.40.0-255,1514,221274,62,226404
9193,0.044364,172.31.40.0-255,1514,222788,62,226404
9194,0.044365,172.31.40.0-255,1514,224302,62,226404
9195,0.044399,172.31.40.0-255,1514,225816,62,226404
9196,0.0444,172.31.40.0-255,150,225966,62,226404
9197,0.045882,104.244.42.0-255,66,226032,62,226404
9198,0.045915,104.244.42.0-255,66,226098,62,226404
9199,0.046074,104.244.42.0-255,66,226164,62,226404
9200,0.046081,104.244.42.0-255,66,226230,62,226404
9201,0.047162,104.244.42.0-255,108,226338,62,226404
9202,0.047172,172.31.40.0-255,66,226404,62,226404
9203,0.0,74.125.24.0-255,150,150,62,297370
9204,1.2e-05,172.31.40.0-255,66,216,62,297370
9205,1.6e-05,74.125.24.0-255,1484,1700,62,297370
9206,2.1e-05,172.31.40.0-255,66,1766,62,297370
9207,4.1e-05,74.125.24.0-255,2902,4668,62,297370
9208,4.4e-05,172.31.40.0-255,66,4734,62,297370
9209,5.5e-05,74.125.24.0-255,7156,11890,62,297370
9210,5.7e-05,172.31.40.0-255,66,11956,62,297370
9211,6.1e-05,74.125.24.0-255,2064,14020,62,297370
9212,6.3e-05,172.31.40.0-255,66,14086,62,297370
9213,0.000184,74.125.24.0-255,1484,15570,62,297370
9214,0.000188,172.31.40.0-255,66,15636,62,297370
9215,0.000194,74.125.24.0-255,2902,18538,62,297370
9216,0.000196,172.31.40.0-255,66,18604,62,297370
9217,0.000225,74.125.24.0-255,5738,24342,62,297370
9218,0.000228,172.31.40.0-255,66,24408,62,297370
9219,0.000251,74.125.24.0-255,4320,28728,62,297370
9220,0.000254,172.31.40.0-255,66,28794,62,297370
9221,0.000284,172.31.40.0-255,66,28860,62,297370
9222,0.000291,74.125.24.0-255,7156,36016,62,297370
9223,0.000293,172.31.40.0-255,66,36082,62,297370
9224,0.000311,74.125.24.0-255,2543,38625,62,297370
9225,0.000313,172.31.40.0-255,66,38691,62,297370
9226,0.001162,74.125.24.0-255,1484,40175,62,297370
9227,0.001168,172.31.40.0-255,66,40241,62,297370
9228,0.001177,74.125.24.0-255,2902,43143,62,297370
9229,0.001179,172.31.40.0-255,66,43209,62,297370
9230,0.001189,74.125.24.0-255,5738,48947,62,297370
9231,0.001191,172.31.40.0-255,66,49013,62,297370
9232,0.001232,74.125.24.0-255,7156,56169,62,297370
9233,0.001234,172.31.40.0-255,66,56235,62,297370
9234,0.001253,74.125.24.0-255,286,56521,62,297370
9235,0.001282,74.125.24.0-255,5738,62259,62,297370
9236,0.001301,74.125.24.0-255,2902,65161,62,297370
9237,0.001304,74.125.24.0-255,1484,66645,62,297370
9238,0.001318,74.125.24.0-255,4320,70965,62,297370
9239,0.001381,74.125.24.0-255,2543,73508,62,297370
9240,0.001654,74.125.24.0-255,1484,74992,62,297370
9241,0.001661,74.125.24.0-255,2902,77894,62,297370
9242,0.001665,74.125.24.0-255,2902,80796,62,297370
9243,0.001678,74.125.24.0-255,2902,83698,62,297370
9244,0.001699,74.125.24.0-255,7156,90854,62,297370
9245,0.001711,74.125.24.0-255,4320,95174,62,297370
9246,0.00174,74.125.24.0-255,5738,100912,62,297370
9247,0.001754,74.125.24.0-255,6438,107350,62,297370
9248,0.001757,74.125.24.0-255,1484,108834,62,297370
9249,0.001761,74.125.24.0-255,2902,111736,62,297370
9250,0.001776,74.125.24.0-255,5738,117474,62,297370
9251,0.001792,74.125.24.0-255,4320,121794,62,297370
9252,0.001805,74.125.24.0-255,2902,124696,62,297370
9253,0.001839,74.125.24.0-255,2184,126880,62,297370
9254,0.001897,74.125.24.0-255,1484,128364,62,297370
9255,0.001911,74.125.24.0-255,2902,131266,62,297370
9256,0.001923,74.125.24.0-255,5738,137004,62,297370
9257,0.001963,74.125.24.0-255,2902,139906,62,297370
9258,0.002003,74.125.24.0-255,2902,142808,62,297370
9259,0.002095,74.125.24.0-255,1484,144292,62,297370
9260,0.002099,74.125.24.0-255,2902,147194,62,297370
9261,0.002119,74.125.24.0-255,5738,152932,62,297370
9262,0.002139,74.125.24.0-255,4320,157252,62,297370
9263,0.0022,74.125.24.0-255,2184,159436,62,297370
9264,0.002261,74.125.24.0-255,1484,160920,62,297370
9265,0.002276,74.125.24.0-255,2902,163822,62,297370
9266,0.002312,74.125.24.0-255,2902,166724,62,297370
9267,0.002331,74.125.24.0-255,1484,168208,62,297370
9268,0.002337,74.125.24.0-255,5738,173946,62,297370
9269,0.002355,74.125.24.0-255,4320,178266,62,297370
9270,0.002379,74.125.24.0-255,7156,185422,62,297370
9271,0.002412,74.125.24.0-255,5738,191160,62,297370
9272,0.002451,74.125.24.0-255,2902,194062,62,297370
9273,0.002501,74.125.24.0-255,1484,195546,62,297370
9274,0.002514,74.125.24.0-255,2902,198448,62,297370
9275,0.002545,74.125.24.0-255,1484,199932,62,297370
9276,0.002565,74.125.24.0-255,4320,204252,62,297370
9277,0.004493,172.31.40.0-255,66,204318,62,297370
9278,0.007042,74.125.24.0-255,5738,210056,62,297370
9279,0.007047,172.31.40.0-255,66,210122,62,297370
9280,0.00962,74.125.24.0-255,5738,215860,62,297370
9281,0.009627,172.31.40.0-255,66,215926,62,297370
9282,0.012183,74.125.24.0-255,5738,221664,62,297370
9283,0.014815,172.31.40.0-255,66,221730,62,297370
9284,0.017358,74.125.24.0-255,5738,227468,62,297370
9285,0.01737,172.31.40.0-255,66,227534,62,297370
9286,0.019903,74.125.24.0-255,5738,233272,62,297370
9287,0.019913,172.31.40.0-255,66,233338,62,297370
9288,0.022464,74.125.24.0-255,5738,239076,62,297370
9289,0.022472,172.31.40.0-255,66,239142,62,297370
9290,0.025,74.125.24.0-255,5738,244880,62,297370
9291,0.025006,172.31.40.0-255,66,244946,62,297370
9292,0.027561,74.125.24.0-255,5738,250684,62,297370
9293,0.027569,172.31.40.0-255,66,250750,62,297370
9294,0.030107,74.125.24.0-255,5738,256488,62,297370
9295,0.030113,172.31.40.0-255,66,256554,62,297370
9296,0.032641,74.125.24.0-255,5738,262292,62,297370
9297,0.032648,172.31.40.0-255,66,262358,62,297370
9298,0.035202,74.125.24.0-255,5738,268096,62,297370
9299,0.035211,172.31.40.0-255,66,268162,62,297370
9300,0.037736,74.125.24.0-255,5738,273900,62,297370
9301,0.037744,172.31.40.0-255,66,273966,62,297370
9302,0.03876,172.31.40.0-255,172,274138,62,297370
9303,0.038798,172.31.40.0-255,1108,275246,62,297370
9304,0.038861,172.31.40.0-255,1514,276760,62,297370
9305,0.038863,172.31.40.0-255,1514,278274,62,297370
9306,0.038864,172.31.40.0-255,1514,279788,62,297370
9307,0.038865,172.31.40.0-255,1514,281302,62,297370
9308,0.038896,172.31.40.0-255,1514,282816,62,297370
9309,0.038897,172.31.40.0-255,81,282897,62,297370
9310,0.0403,74.125.24.0-255,5738,288635,62,297370
9311,0.040313,172.31.40.0-255,66,288701,62,297370
9312,0.040325,104.244.42.0-255,66,288767,62,297370
9313,0.040371,104.244.42.0-255,66,288833,62,297370
9314,0.040426,104.244.42.0-255,66,288899,62,297370
9315,0.040479,104.244.42.0-255,66,288965,62,297370
9316,0.04289,74.125.24.0-255,5738,294703,62,297370
9317,0.042897,172.31.40.0-255,66,294769,62,297370
9318,0.045455,74.125.24.0-255,2190,296959,62,297370
9319,0.045463,172.31.40.0-255,66,297025,62,297370
9320,0.045639,172.31.40.0-255,105,297130,62,297370
9321,0.045753,104.244.42.0-255,108,297238,62,297370
9322,0.045763,172.31.40.0-255,66,297304,62,297370
9323,0.048166,74.125.24.0-255,66,297370,62,297370
9324,0.0,74.125.68.0-255,146,146,62,285843
9325,1.9e-05,172.31.40.0-255,66,212,62,285843
9326,2.6e-05,74.125.68.0-255,1484,1696,62,285843
9327,3e-05,172.31.40.0-255,66,1762,62,285843
9328,3.6e-05,74.125.68.0-255,2902,4664,62,285843
9329,3.9e-05,172.31.40.0-255,66,4730,62,285843
9330,4.2e-05,74.125.68.0-255,1484,6214,62,285843
9331,4.5e-05,172.31.40.0-255,66,6280,62,285843
9332,5e-05,74.125.68.0-255,2902,9182,62,285843
9333,5.2e-05,172.31.40.0-255,66,9248,62,285843
9334,8.1e-05,74.125.68.0-255,1484,10732,62,285843
9335,8.3e-05,172.31.40.0-255,66,10798,62,285843
9336,0.000103,74.125.68.0-255,3520,14318,62,285843
9337,0.000105,172.31.40.0-255,66,14384,62,285843
9338,0.000144,74.125.68.0-255,5738,20122,62,285843
9339,0.000147,172.31.40.0-255,66,20188,62,285843
9340,0.00015,74.125.68.0-255,1484,21672,62,285843
9341,0.000151,172.31.40.0-255,66,21738,62,285843
9342,0.000168,74.125.68.0-255,5738,27476,62,285843
9343,0.000172,172.31.40.0-255,66,27542,62,285843
9344,0.000187,74.125.68.0-255,1484,29026,62,285843
9345,0.000189,172.31.40.0-255,66,29092,62,285843
9346,0.000206,74.125.68.0-255,2543,31635,62,285843
9347,0.000208,172.31.40.0-255,66,31701,62,285843
9348,0.000551,74.125.68.0-255,1484,33185,62,285843
9349,0.000556,172.31.40.0-255,66,33251,62,285843
9350,0.000561,74.125.68.0-255,2902,36153,62,285843
9351,0.000563,172.31.40.0-255,66,36219,62,285843
9352,0.000594,74.125.68.0-255,5738,41957,62,285843
9353,0.000597,172.31.40.0-255,66,42023,62,285843
9354,0.0006,74.125.68.0-255,2902,44925,62,285843
9355,0.000602,172.31.40.0-255,66,44991,62,285843
9356,0.000607,74.125.68.0-255,3961,48952,62,285843
9357,0.000609,172.31.40.0-255,66,49018,62,285843
9358,0.00065,74.125.68.0-255,1484,50502,62,285843
9359,0.000655,74.125.68.0-255,2902,53404,62,285843
9360,0.000657,172.31.40.0-255,66,53470,62,285843
9361,0.000676,74.125.68.0-255,1484,54954,62,285843
9362,0.000693,74.125.68.0-255,4320,59274,62,285843
9363,0.000698,74.125.68.0-255,4320,63594,62,285843
9364,0.000705,172.31.40.0-255,66,63660,62,285843
9365,0.000711,74.125.68.0-255,1484,65144,62,285843
9366,0.000753,74.125.68.0-255,1398,66542,62,285843
9367,0.000764,172.31.40.0-255,66,66608,62,285843
9368,0.001652,74.125.68.0-255,130,66738,62,285843
9369,0.001694,74.125.68.0-255,1484,68222,62,285843
9370,0.001699,172.31.40.0-255,66,68288,62,285843
9371,0.001706,74.125.68.0-255,2902,71190,62,285843
9372,0.001708,172.31.40.0-255,66,71256,62,285843
9373,0.001736,74.125.68.0-255,4320,75576,62,285843
9374,0.001738,172.31.40.0-255,66,75642,62,285843
9375,0.001742,74.125.68.0-255,1484,77126,62,285843
9376,0.001762,74.125.68.0-255,7156,84282,62,285843
9377,0.001764,172.31.40.0-255,66,84348,62,285843
9378,0.001767,74.125.68.0-255,1484,85832,62,285843
9379,0.001786,74.125.68.0-255,4320,90152,62,285843
9380,0.001789,172.31.40.0-255,66,90218,62,285843
9381,0.001797,74.125.68.0-255,7156,97374,62,285843
9382,0.001817,74.125.68.0-255,3602,100976,62,285843
9383,0.002066,74.125.68.0-255,1484,102460,62,285843
9384,0.002079,74.125.68.0-255,2902,105362,62,285843
9385,0.0021,74.125.68.0-255,1484,106846,62,285843
9386,0.00212,74.125.68.0-255,4320,111166,62,285843
9387,0.002128,74.125.68.0-255,5738,116904,62,285843
9388,0.006124,172.31.40.0-255,66,116970,62,285843
9389,0.008248,74.125.68.0-255,5738,122708,62,285843
9390,0.008256,172.31.40.0-255,66,122774,62,285843
9391,0.010382,74.125.68.0-255,4320,127094,62,285843
9392,0.010389,172.31.40.0-255,66,127160,62,285843
9393,0.010406,74.125.68.0-255,1484,128644,62,285843
9394,0.0125,74.125.68.0-255,4320,132964,62,285843
9395,0.012506,172.31.40.0-255,66,133030,62,285843
9396,0.014661,74.125.68.0-255,5738,138768,62,285843
9397,0.014671,172.31.40.0-255,66,138834,62,285843
9398,0.016792,74.125.68.0-255,5738,144572,62,285843
9399,0.016802,172.31.40.0-255,66,144638,62,285843
9400,0.018923,74.125.68.0-255,5738,150376,62,285843
9401,0.01893,172.31.40.0-255,66,150442,62,285843
9402,0.021051,74.125.68.0-255,5738,156180,62,285843
9403,0.021058,172.31.40.0-255,66,156246,62,285843
9404,0.023181,74.125.68.0-255,5738,161984,62,285843
9405,0.023188,172.31.40.0-255,66,162050,62,285843
9406,0.025343,74.125.68.0-255,5738,167788,62,285843
9407,0.025351,172.31.40.0-255,66,167854,62,285843
9408,0.02747,74.125.68.0-255,5738,173592,62,285843
9409,0.027478,172.31.40.0-255,66,173658,62,285843
9410,0.0296,74.125.68.0-255,5738,179396,62,285843
9411,0.029607,172.31.40.0-255,66,179462,62,285843
9412,0.031721,74.125.68.0-255,2902,182364,62,285843
9413,0.031729,172.31.40.0-255,66,182430,62,285843
9414,0.03175,74.125.68.0-255,2902,185332,62,285843
9415,0.031752,172.31.40.0-255,66,185398,62,285843
9416,0.03385,74.125.68.0-255,2902,188300,62,285843
9417,0.033858,172.31.40.0-255,66,188366,62,285843
9418,0.03388,74.125.68.0-255,2902,191268,62,285843
9419,0.033883,172.31.40.0-255,66,191334,62,285843
9420,0.035979,74.125.68.0-255,2902,194236,62,285843
9421,0.035986,172.31.40.0-255,66,194302,62,285843
9422,0.036008,74.125.68.0-255,2902,197204,62,285843
9423,0.03601,172.31.40.0-255,66,197270,62,285843
9424,0.036739,172.31.40.0-255,172,197442,62,285843
9425,0.036764,172.31.40.0-255,1077,198519,62,285843
9426,0.038101,74.125.68.0-255,2902,201421,62,285843
9427,0.038108,172.31.40.0-255,66,201487,62,285843
9428,0.038126,74.125.68.0-255,2902,204389,62,285843
9429,0.038129,172.31.40.0-255,66,204455,62,285843
9430,0.038393,104.244.42.0-255,66,204521,62,285843
9431,0.038455,104.244.42.0-255,66,204587,62,285843
9432,0.040232,74.125.68.0-255,5738,210325,62,285843
9433,0.040239,172.31.40.0-255,66,210391,62,285843
9434,0.042373,74.125.68.0-255,5738,216129,62,285843
9435,0.042379,172.31.40.0-255,66,216195,62,285843
9436,0.044493,74.125.68.0-255,5738,221933,62,285843
9437,0.0445,172.31.40.0-255,66,221999,62,285843
9438,0.046633,74.125.68.0-255,5738,227737,62,285843
9439,0.046639,172.31.40.0-255,66,227803,62,285843
9440,0.048751,74.125.68.0-255,5738,233541,62,285843
9441,0.048761,172.31.40.0-255,66,233607,62,285843
9442,0.050887,74.125.68.0-255,5738,239345,62,285843
9443,0.050893,172.31.40.0-255,66,239411,62,285843
9444,0.053012,74.125.68.0-255,5738,245149,62,285843
9445,0.053017,172.31.40.0-255,66,245215,62,285843
9446,0.055164,74.125.68.0-255,5738,250953,62,285843
9447,0.05517,172.31.40.0-255,66,251019,62,285843
9448,0.057293,74.125.68.0-255,5738,256757,62,285843
9449,0.057299,172.31.40.0-255,66,256823,62,285843
9450,0.05942,74.125.68.0-255,5738,262561,62,285843
9451,0.059426,172.31.40.0-255,66,262627,62,285843
9452,0.061547,74.125.68.0-255,5738,268365,62,285843
9453,0.061554,172.31.40.0-255,66,268431,62,285843
9454,0.063673,74.125.68.0-255,5738,274169,62,285843
9455,0.06368,172.31.40.0-255,66,274235,62,285843
9456,0.0658,74.125.68.0-255,5738,279973,62,285843
9457,0.065807,172.31.40.0-255,66,280039,62,285843
9458,0.067923,74.125.68.0-255,5738,285777,62,285843
9459,0.067927,172.31.40.0-255,66,285843,62,285843
9460,0.0,74.125.68.0-255,146,146,62,303335
9461,1.4e-05,172.31.40.0-255,66,212,62,303335
9462,3.1e-05,74.125.68.0-255,1484,1696,62,303335
9463,4.2e-05,172.31.40.0-255,66,1762,62,303335
9464,4.7e-05,74.125.68.0-255,2902,4664,62,303335
9465,5e-05,172.31.40.0-255,66,4730,62,303335
9466,5.5e-05,74.125.68.0-255,2902,7632,62,303335
9467,5.7e-05,172.31.40.0-255,66,7698,62,303335
9468,8.5e-05,74.125.68.0-255,2902,10600,62,303335
9469,9.2e-05,172.31.40.0-255,66,10666,62,303335
9470,9.5e-05,74.125.68.0-255,1484,12150,62,303335
9471,9.7e-05,172.31.40.0-255,66,12216,62,303335
9472,0.000101,74.125.68.0-255,2075,14291,62,303335
9473,0.000103,172.31.40.0-255,66,14357,62,303335
9474,0.00015,74.125.68.0-255,1484,15841,62,303335
9475,0.000152,172.31.40.0-255,66,15907,62,303335
9476,0.000155,74.125.68.0-255,1484,17391,62,303335
9477,0.000158,172.31.40.0-255,66,17457,62,303335
9478,0.000195,74.125.68.0-255,1484,18941,62,303335
9479,0.000197,172.31.40.0-255,66,19007,62,303335
9480,0.0002,74.125.68.0-255,1484,20491,62,303335
9481,0.000202,172.31.40.0-255,66,20557,62,303335
9482,0.000207,74.125.68.0-255,2902,23459,62,303335
9483,0.000209,172.31.40.0-255,66,23525,62,303335
9484,0.000217,74.125.68.0-255,2902,26427,62,303335
9485,0.00022,172.31.40.0-255,66,26493,62,303335
9486,0.000242,74.125.68.0-255,2902,29395,62,303335
9487,0.000249,172.31.40.0-255,66,29461,62,303335
9488,0.000253,74.125.68.0-255,2902,32363,62,303335
9489,0.000255,172.31.40.0-255,66,32429,62,303335
9490,0.00026,74.125.68.0-255,4320,36749,62,303335
9491,0.000262,172.31.40.0-255,66,36815,62,303335
9492,0.000303,172.31.40.0-255,66,36881,62,303335
9493,0.000338,74.125.68.0-255,3602,40483,62,303335
9494,0.000341,172.31.40.0-255,66,40549,62,303335
9495,0.000701,74.125.68.0-255,1484,42033,62,303335
9496,0.000707,74.125.68.0-255,2902,44935,62,303335
9497,0.000713,172.31.40.0-255,66,45001,62,303335
9498,0.000725,74.125.68.0-255,5738,50739,62,303335
9499,0.000727,172.31.40.0-255,66,50805,62,303335
9500,0.000731,74.125.68.0-255,2902,53707,62,303335
9501,0.000738,172.31.40.0-255,66,53773,62,303335
9502,0.000742,74.125.68.0-255,2902,56675,62,303335
9503,0.000744,172.31.40.0-255,66,56741,62,303335
9504,0.000772,74.125.68.0-255,1400,58141,62,303335
9505,0.001022,172.31.40.0-255,66,58207,62,303335
9506,0.00139,74.125.68.0-255,1484,59691,62,303335
9507,0.001402,74.125.68.0-255,2902,62593,62,303335
9508,0.001406,172.31.40.0-255,66,62659,62,303335
9509,0.001443,74.125.68.0-255,5738,68397,62,303335
9510,0.001446,172.31.40.0-255,66,68463,62,303335
9511,0.00145,74.125.68.0-255,2902,71365,62,303335
9512,0.001452,172.31.40.0-255,66,71431,62,303335
9513,0.001488,172.31.40.0-255,66,71497,62,303335
9514,0.001501,172.31.40.0-255,66,71563,62,303335
9515,0.001548,74.125.68.0-255,1484,73047,62,303335
9516,0.001578,172.31.40.0-255,66,73113,62,303335
9517,0.001581,74.125.68.0-255,1484,74597,62,303335
9518,0.001619,172.31.40.0-255,66,74663,62,303335
9519,0.001625,74.125.68.0-255,5738,80401,62,303335
9520,0.001627,172.31.40.0-255,66,80467,62,303335
9521,0.001682,74.125.68.0-255,1080,81547,62,303335
9522,0.001693,74.125.68.0-255,1484,83031,62,303335
9523,0.001695,172.31.40.0-255,66,83097,62,303335
9524,0.0017,74.125.68.0-255,2902,85999,62,303335
9525,0.001703,172.31.40.0-255,66,86065,62,303335
9526,0.001707,74.125.68.0-255,2902,88967,62,303335
9527,0.001709,172.31.40.0-255,66,89033,62,303335
9528,0.001744,74.125.68.0-255,1484,90517,62,303335
9529,0.001757,172.31.40.0-255,66,90583,62,303335
9530,0.001763,74.125.68.0-255,5738,96321,62,303335
9531,0.001765,172.31.40.0-255,66,96387,62,303335
9532,0.001798,74.125.68.0-255,7156,103543,62,303335
9533,0.0018,172.31.40.0-255,66,103609,62,303335
9534,0.001805,74.125.68.0-255,3602,107211,62,303335
9535,0.001807,172.31.40.0-255,66,107277,62,303335
9536,0.003828,74.125.68.0-255,1484,108761,62,303335
9537,0.003883,74.125.68.0-255,4320,113081,62,303335
9538,0.003888,172.31.40.0-255,66,113147,62,303335
9539,0.005958,74.125.68.0-255,5738,118885,62,303335
9540,0.005964,172.31.40.0-255,66,118951,62,303335
9541,0.008005,74.125.68.0-255,5738,124689,62,303335
9542,0.008011,172.31.40.0-255,66,124755,62,303335
9543,0.008138,172.31.40.0-255,101,124856,62,303335
9544,0.01005,74.125.68.0-255,5738,130594,62,303335
9545,0.010058,172.31.40.0-255,66,130660,62,303335
9546,0.01015,74.125.68.0-255,66,130726,62,303335
9547,0.012087,74.125.68.0-255,5738,136464,62,303335
9548,0.012099,172.31.40.0-255,66,136530,62,303335
9549,0.014149,74.125.68.0-255,5738,142268,62,303335
9550,0.014162,172.31.40.0-255,66,142334,62,303335
9551,0.016212,74.125.68.0-255,5738,148072,62,303335
9552,0.016225,172.31.40.0-255,66,148138,62,303335
9553,0.018266,74.125.68.0-255,5738,153876,62,303335
9554,0.018276,172.31.40.0-255,66,153942,62,303335
9555,0.020351,74.125.68.0-255,5738,159680,62,303335
9556,0.020358,172.31.40.0-255,66,159746,62,303335
9557,0.022387,74.125.68.0-255,5738,165484,62,303335
9558,0.022394,172.31.40.0-255,66,165550,62,303335
9559,0.024438,74.125.68.0-255,5738,171288,62,303335
9560,0.024445,172.31.40.0-255,66,171354,62,303335
9561,0.026478,74.125.68.0-255,5738,177092,62,303335
9562,0.026486,172.31.40.0-255,66,177158,62,303335
9563,0.028525,74.125.68.0-255,5738,182896,62,303335
9564,0.028534,172.31.40.0-255,66,182962,62,303335
9565,0.030285,172.31.40.0-255,171,183133,62,303335
9566,0.030321,172.31.40.0-255,1134,184267,62,303335
9567,0.030379,172.31.40.0-255,1514,185781,62,303335
9568,0.030381,172.31.40.0-255,1276,187057,62,303335
9569,0.030569,74.125.68.0-255,5738,192795,62,303335
9570,0.030579,172.31.40.0-255,66,192861,62,303335
9571,0.03188,104.244.42.0-255,66,192927,62,303335
9572,0.031909,104.244.42.0-255,66,192993,62,303335
9573,0.031952,104.244.42.0-255,66,193059,62,303335
9574,0.032612,74.125.68.0-255,5738,198797,62,303335
9575,0.032617,172.31.40.0-255,66,198863,62,303335
9576,0.034672,74.125.68.0-255,5738,204601,62,303335
9577,0.034681,172.31.40.0-255,66,204667,62,303335
9578,0.036722,74.125.68.0-255,5738,210405,62,303335
9579,0.03673,172.31.40.0-255,66,210471,62,303335
9580,0.03878,74.125.68.0-255,5738,216209,62,303335
9581,0.038787,172.31.40.0-255,66,216275,62,303335
9582,0.040824,74.125.68.0-255,5738,222013,62,303335
9583,0.040831,172.31.40.0-255,66,222079,62,303335
9584,0.042865,74.125.68.0-255,5738,227817,62,303335
9585,0.042871,172.31.40.0-255,66,227883,62,303335
9586,0.044911,74.125.68.0-255,5738,233621,62,303335
9587,0.044923,172.31.40.0-255,66,233687,62,303335
9588,0.04697,74.125.68.0-255,5738,239425,62,303335
9589,0.046977,172.31.40.0-255,66,239491,62,303335
9590,0.049028,74.125.68.0-255,5738,245229,62,303335
9591,0.049034,172.31.40.0-255,66,245295,62,303335
9592,0.051083,74.125.68.0-255,5738,251033,62,303335
9593,0.05109,172.31.40.0-255,66,251099,62,303335
9594,0.053125,74.125.68.0-255,5738,256837,62,303335
9595,0.053131,172.31.40.0-255,66,256903,62,303335
9596,0.055203,74.125.68.0-255,5738,262641,62,303335
9597,0.05521,172.31.40.0-255,66,262707,62,303335
9598,0.057249,74.125.68.0-255,5738,268445,62,303335
9599,0.057255,172.31.40.0-255,66,268511,62,303335
9600,0.059312,74.125.68.0-255,5738,274249,62,303335
9601,0.059319,172.31.40.0-255,66,274315,62,303335
9602,0.061364,74.125.68.0-255,5738,280053,62,303335
9603,0.06137,172.31.40.0-255,66,280119,62,303335
9604,0.063415,74.125.68.0-255,5738,285857,62,303335
9605,0.06342,172.31.40.0-255,66,285923,62,303335
9606,0.06546,74.125.68.0-255,5738,291661,62,303335
9607,0.065467,172.31.40.0-255,66,291727,62,303335
9608,0.067507,74.125.68.0-255,5738,297465,62,303335
9609,0.067513,172.31.40.0-255,66,297531,62,303335
9610,0.069624,74.125.68.0-255,5738,303269,62,303335
9611,0.06963,172.31.40.0-255,66,303335,62,303335
9612,0.0,74.125.200.0-255,146,146,62,308668
9613,2.2e-05,172.31.40.0-255,66,212,62,308668
9614,2.9e-05,74.125.200.0-255,1484,1696,62,308668
9615,3.3e-05,172.31.40.0-255,66,1762,62,308668
9616,3.9e-05,74.125.200.0-255,2902,4664,62,308668
9617,5e-05,172.31.40.0-255,66,4730,62,308668
9618,5.6e-05,74.125.200.0-255,5738,10468,62,308668
9619,5.9e-05,172.31.40.0-255,66,10534,62,308668
9620,6.5e-05,74.125.200.0-255,3515,14049,62,308668
9621,6.8e-05,172.31.40.0-255,66,14115,62,308668
9622,0.00034,74.125.200.0-255,1484,15599,62,308668
9623,0.000347,172.31.40.0-255,66,15665,62,308668
9624,0.000352,74.125.200.0-255,2902,18567,62,308668
9625,0.000354,172.31.40.0-255,66,18633,62,308668
9626,0.000361,74.125.200.0-255,5738,24371,62,308668
9627,0.000369,172.31.40.0-255,66,24437,62,308668
9628,0.000373,74.125.200.0-255,2902,27339,62,308668
9629,0.000375,172.31.40.0-255,66,27405,62,308668
9630,0.000378,74.125.200.0-255,1484,28889,62,308668
9631,0.00038,172.31.40.0-255,66,28955,62,308668
9632,0.000407,74.125.200.0-255,2543,31498,62,308668
9633,0.000414,172.31.40.0-255,66,31564,62,308668
9634,0.000603,74.125.200.0-255,1484,33048,62,308668
9635,0.000607,172.31.40.0-255,66,33114,62,308668
9636,0.00063,74.125.200.0-255,2902,36016,62,308668
9637,0.000633,74.125.200.0-255,1484,37500,62,308668
9638,0.000637,172.31.40.0-255,66,37566,62,308668
9639,0.000644,172.31.40.0-255,66,37632,62,308668
9640,0.000668,74.125.200.0-255,2902,40534,62,308668
9641,0.000671,172.31.40.0-255,66,40600,62,308668
9642,0.000684,172.31.40.0-255,66,40666,62,308668
9643,0.000687,74.125.200.0-255,2902,43568,62,308668
9644,0.000691,172.31.40.0-255,66,43634,62,308668
9645,0.000736,74.125.200.0-255,4320,47954,62,308668
9646,0.000739,172.31.40.0-255,66,48020,62,308668
9647,0.000773,172.31.40.0-255,66,48086,62,308668
9648,0.000776,74.125.200.0-255,131,48217,62,308668
9649,0.000778,172.31.40.0-255,66,48283,62,308668
9650,0.000896,74.125.200.0-255,342,48625,62,308668
9651,0.000902,172.31.40.0-255,66,48691,62,308668
9652,0.000945,74.125.200.0-255,1484,50175,62,308668
9653,0.000949,172.31.40.0-255,66,50241,62,308668
9654,0.000954,74.125.200.0-255,2902,53143,62,308668
9655,0.000957,172.31.40.0-255,66,53209,62,308668
9656,0.000979,74.125.200.0-255,1484,54693,62,308668
9657,0.000982,172.31.40.0-255,66,54759,62,308668
9658,0.000999,172.31.40.0-255,66,54825,62,308668
9659,0.001051,74.125.200.0-255,6438,61263,62,308668
9660,0.001456,74.125.200.0-255,1484,62747,62,308668
9661,0.001484,74.125.200.0-255,2902,65649,62,308668
9662,0.001488,74.125.200.0-255,2902,68551,62,308668
9663,0.001492,74.125.200.0-255,1484,70035,62,308668
9664,0.001508,74.125.200.0-255,2902,72937,62,308668
9665,0.001537,74.125.200.0-255,1484,74421,62,308668
9666,0.001552,74.125.200.0-255,7156,81577,62,308668
9667,0.001567,74.125.200.0-255,1484,83061,62,308668
9668,0.001627,74.125.200.0-255,1484,84545,62,308668
9669,0.001644,74.125.200.0-255,1484,86029,62,308668
9670,0.001647,74.125.200.0-255,766,86795,62,308668
9671,0.001868,74.125.200.0-255,1484,88279,62,308668
9672,0.001885,74.125.200.0-255,2902,91181,62,308668
9673,0.001907,74.125.200.0-255,4320,95501,62,308668
9674,0.001939,74.125.200.0-255,5738,101239,62,308668
9675,0.001961,74.125.200.0-255,2902,104141,62,308668
9676,0.001977,74.125.200.0-255,4320,108461,62,308668
9677,0.001993,74.125.200.0-255,4320,112781,62,308668
9678,0.002001,74.125.200.0-255,1484,114265,62,308668
9679,0.002026,74.125.200.0-255,6438,120703,62,308668
9680,0.002113,74.125.200.0-255,1484,122187,62,308668
9681,0.002136,74.125.200.0-255,2902,125089,62,308668
9682,0.002165,74.125.200.0-255,4320,129409,62,308668
9683,0.002187,74.125.200.0-255,1484,130893,62,308668
9684,0.002196,74.125.200.0-255,1484,132377,62,308668
9685,0.002211,74.125.200.0-255,1484,133861,62,308668
9686,0.002244,74.125.200.0-255,1484,135345,62,308668
9687,0.002262,74.125.200.0-255,2902,138247,62,308668
9688,0.002272,74.125.200.0-255,2902,141149,62,308668
9689,0.002285,74.125.200.0-255,2902,144051,62,308668
9690,0.002288,74.125.200.0-255,1484,145535,62,308668
9691,0.00229,74.125.200.0-255,1484,147019,62,308668
9692,0.002303,74.125.200.0-255,1484,148503,62,308668
9693,0.004607,172.31.40.0-255,66,148569,62,308668
9694,0.006944,74.125.200.0-255,5738,154307,62,308668
9695,0.006952,172.31.40.0-255,66,154373,62,308668
9696,0.009283,74.125.200.0-255,5738,160111,62,308668
9697,0.009291,172.31.40.0-255,66,160177,62,308668
9698,0.011606,74.125.200.0-255,5738,165915,62,308668
9699,0.011614,172.31.40.0-255,66,165981,62,308668
9700,0.013921,74.125.200.0-255,5738,171719,62,308668
9701,0.013929,172.31.40.0-255,66,171785,62,308668
9702,0.016235,74.125.200.0-255,5738,177523,62,308668
9703,0.020733,172.31.40.0-255,66,177589,62,308668
9704,0.02305,74.125.200.0-255,5738,183327,62,308668
9705,0.023062,172.31.40.0-255,66,183393,62,308668
9706,0.025381,74.125.200.0-255,5738,189131,62,308668
9707,0.025393,172.31.40.0-255,66,189197,62,308668
9708,0.027706,74.125.200.0-255,5738,194935,62,308668
9709,0.027715,172.31.40.0-255,66,195001,62,308668
9710,0.030011,74.125.200.0-255,5738,200739,62,308668
9711,0.030019,172.31.40.0-255,66,200805,62,308668
9712,0.031346,172.31.40.0-255,172,200977,62,308668
9713,0.031373,172.31.40.0-255,1108,202085,62,308668
9714,0.03143,172.31.40.0-255,1514,203599,62,308668
9715,0.031436,172.31.40.0-255,1514,205113,62,308668
9716,0.031437,172.31.40.0-255,1514,206627,62,308668
9717,0.031442,172.31.40.0-255,1514,208141,62,308668
9718,0.031443,172.31.40.0-255,1514,209655,62,308668
9719,0.031444,172.31.40.0-255,81,209736,62,308668
9720,0.032328,74.125.200.0-255,5738,215474,62,308668
9721,0.032334,172.31.40.0-255,66,215540,62,308668
9722,0.032873,104.244.42.0-255,66,215606,62,308668
9723,0.032933,104.244.42.0-255,66,215672,62,308668
9724,0.033025,104.244.42.0-255,66,215738,62,308668
9725,0.033031,104.244.42.0-255,66,215804,62,308668
9726,0.034642,74.125.200.0-255,5738,221542,62,308668
9727,0.034649,172.31.40.0-255,66,221608,62,308668
9728,0.036951,74.125.200.0-255,5738,227346,62,308668
9729,0.036958,172.31.40.0-255,66,227412,62,308668
9730,0.039272,74.125.200.0-255,5738,233150,62,308668
9731,0.039279,172.31.40.0-255,66,233216,62,308668
9732,0.041601,74.125.200.0-255,5738,238954,62,308668
9733,0.041608,172.31.40.0-255,66,239020,62,308668
9734,0.043947,74.125.200.0-255,5738,244758,62,308668
9735,0.043954,172.31.40.0-255,66,244824,62,308668
9736,0.046267,74.125.200.0-255,5738,250562,62,308668
9737,0.046273,172.31.40.0-255,66,250628,62,308668
9738,0.048581,74.125.200.0-255,5738,256366,62,308668
9739,0.048588,172.31.40.0-255,66,256432,62,308668
9740,0.050895,74.125.200.0-255,5738,262170,62,308668
9741,0.050902,172.31.40.0-255,66,262236,62,308668
9742,0.053217,74.125.200.0-255,5738,267974,62,308668
9743,0.053226,172.31.40.0-255,66,268040,62,308668
9744,0.055556,74.125.200.0-255,5738,273778,62,308668
9745,0.055568,172.31.40.0-255,66,273844,62,308668
9746,0.057897,74.125.200.0-255,5738,279582,62,308668
9747,0.057907,172.31.40.0-255,66,279648,62,308668
9748,0.060212,74.125.200.0-255,5738,285386,62,308668
9749,0.06022,172.31.40.0-255,66,285452,62,308668
9750,0.062521,74.125.200.0-255,5738,291190,62,308668
9751,0.062527,172.31.40.0-255,66,291256,62,308668
9752,0.06484,74.125.200.0-255,5738,296994,62,308668
9753,0.064847,172.31.40.0-255,66,297060,62,308668
9754,0.067152,74.125.200.0-255,5738,302798,62,308668
9755,0.067159,172.31.40.0-255,66,302864,62,308668
9756,0.069466,74.125.200.0-255,5738,308602,62,308668
9757,0.069473,172.31.40.0-255,66,308668,62,308668
9758,0.0,74.125.68.0-255,153,153,62,344552
9759,1.8e-05,172.31.40.0-255,66,219,62,344552
9760,3.8e-05,74.125.68.0-255,1484,1703,62,344552
9761,4.2e-05,172.31.40.0-255,66,1769,62,344552
9762,4.7e-05,74.125.68.0-255,2902,4671,62,344552
9763,5e-05,172.31.40.0-255,66,4737,62,344552
9764,7.7e-05,74.125.68.0-255,2902,7639,62,344552
9765,8e-05,172.31.40.0-255,66,7705,62,344552
9766,0.000147,74.125.68.0-255,2902,10607,62,344552
9767,0.000151,172.31.40.0-255,66,10673,62,344552
9768,0.000171,74.125.68.0-255,1484,12157,62,344552
9769,0.000173,172.31.40.0-255,66,12223,62,344552
9770,0.000198,74.125.68.0-255,1484,13707,62,344552
9771,0.0002,172.31.40.0-255,66,13773,62,344552
9772,0.000202,74.125.68.0-255,683,14456,62,344552
9773,0.000204,172.31.40.0-255,66,14522,62,344552
9774,0.000283,74.125.68.0-255,1484,16006,62,344552
9775,0.000287,172.31.40.0-255,66,16072,62,344552
9776,0.000291,74.125.68.0-255,2902,18974,62,344552
9777,0.000293,172.31.40.0-255,66,19040,62,344552
9778,0.000317,74.125.68.0-255,5738,24778,62,344552
9779,0.000319,172.31.40.0-255,66,24844,62,344552
9780,0.000369,74.125.68.0-255,1484,26328,62,344552
9781,0.000372,172.31.40.0-255,66,26394,62,344552
9782,0.000376,74.125.68.0-255,2902,29296,62,344552
9783,0.000379,172.31.40.0-255,66,29362,62,344552
9784,0.000385,74.125.68.0-255,6797,36159,62,344552
9785,0.000388,172.31.40.0-255,66,36225,62,344552
9786,0.000392,74.125.68.0-255,2902,39127,62,344552
9787,0.000394,172.31.40.0-255,66,39193,62,344552
9788,0.000399,74.125.68.0-255,4320,43513,62,344552
9789,0.000401,172.31.40.0-255,66,43579,62,344552
9790,0.000439,172.31.40.0-255,66,43645,62,344552
9791,0.000448,172.31.40.0-255,66,43711,62,344552
9792,0.00049,74.125.68.0-255,5318,49029,62,344552
9793,0.000493,172.31.40.0-255,66,49095,62,344552
9794,0.00052,74.125.68.0-255,411,49506,62,344552
9795,0.000679,74.125.68.0-255,1484,50990,62,344552
9796,0.000683,172.31.40.0-255,66,51056,62,344552
9797,0.000688,74.125.68.0-255,2902,53958,62,344552
9798,0.000691,172.31.40.0-255,66,54024,62,344552
9799,0.000706,74.125.68.0-255,4320,58344,62,344552
9800,0.000709,172.31.40.0-255,66,58410,62,344552
9801,0.000728,74.125.68.0-255,1484,59894,62,344552
9802,0.000758,74.125.68.0-255,5738,65632,62,344552
9803,0.000762,172.31.40.0-255,66,65698,62,344552
9804,0.000793,74.125.68.0-255,1484,67182,62,344552
9805,0.000797,172.31.40.0-255,66,67248,62,344552
9806,0.000814,172.31.40.0-255,66,67314,62,344552
9807,0.001263,74.125.68.0-255,1484,68798,62,344552
9808,0.001269,74.125.68.0-255,2902,71700,62,344552
9809,0.001273,172.31.40.0-255,66,71766,62,344552
9810,0.001311,74.125.68.0-255,5738,77504,62,344552
9811,0.001314,172.31.40.0-255,66,77570,62,344552
9812,0.001319,74.125.68.0-255,2902,80472,62,344552
9813,0.001321,172.31.40.0-255,66,80538,62,344552
9814,0.001326,74.125.68.0-255,4320,84858,62,344552
9815,0.001328,172.31.40.0-255,66,84924,62,344552
9816,0.001369,172.31.40.0-255,66,84990,62,344552
9817,0.001375,74.125.68.0-255,4320,89310,62,344552
9818,0.001378,172.31.40.0-255,66,89376,62,344552
9819,0.001392,74.125.68.0-255,1484,90860,62,344552
9820,0.001409,74.125.68.0-255,2184,93044,62,344552
9821,0.001412,172.31.40.0-255,66,93110,62,344552
9822,0.001506,74.125.68.0-255,1484,94594,62,344552
9823,0.001519,74.125.68.0-255,2902,97496,62,344552
9824,0.001522,172.31.40.0-255,66,97562,62,344552
9825,0.001528,74.125.68.0-255,4320,101882,62,344552
9826,0.00153,172.31.40.0-255,66,101948,62,344552
9827,0.00157,172.31.40.0-255,66,102014,62,344552
9828,0.001574,74.125.68.0-255,2902,104916,62,344552
9829,0.001576,172.31.40.0-255,66,104982,62,344552
9830,0.001599,74.125.68.0-255,7156,112138,62,344552
9831,0.001602,172.31.40.0-255,66,112204,62,344552
9832,0.001607,74.125.68.0-255,4320,116524,62,344552
9833,0.001609,172.31.40.0-255,66,116590,62,344552
9834,0.001647,74.125.68.0-255,5020,121610,62,344552
9835,0.001651,172.31.40.0-255,66,121676,62,344552
9836,0.00167,74.125.68.0-255,2902,124578,62,344552
9837,0.001672,172.31.40.0-255,66,124644,62,344552
9838,0.001716,74.125.68.0-255,4320,128964,62,344552
9839,0.00172,172.31.40.0-255,66,129030,62,344552
9840,0.001731,172.31.40.0-255,66,129096,62,344552
9841,0.001737,74.125.68.0-255,5738,134834,62,344552
9842,0.00174,172.31.40.0-255,66,134900,62,344552
9843,0.001747,74.125.68.0-255,7156,142056,62,344552
9844,0.001749,172.31.40.0-255,66,142122,62,344552
9845,0.001753,74.125.68.0-255,2184,144306,62,344552
9846,0.001755,172.31.40.0-255,66,144372,62,344552
9847,0.001886,74.125.68.0-255,1484,145856,62,344552
9848,0.001933,74.125.68.0-255,2902,148758,62,344552
9849,0.001936,172.31.40.0-255,66,148824,62,344552
9850,0.00194,74.125.68.0-255,1484,150308,62,344552
9851,0.001946,74.125.68.0-255,5738,156046,62,344552
9852,0.001947,172.31.40.0-255,66,156112,62,344552
9853,0.001952,74.125.68.0-255,4320,160432,62,344552
9854,0.001954,172.31.40.0-255,66,160498,62,344552
9855,0.001973,172.31.40.0-255,66,160564,62,344552
9856,0.001978,74.125.68.0-255,4320,164884,62,344552
9857,0.00198,172.31.40.0-255,66,164950,62,344552
9858,0.00202,74.125.68.0-255,1484,166434,62,344552
9859,0.002033,74.125.68.0-255,3602,170036,62,344552
9860,0.002036,172.31.40.0-255,66,170102,62,344552
9861,0.002187,74.125.68.0-255,1484,171586,62,344552
9862,0.002199,74.125.68.0-255,2902,174488,62,344552
9863,0.002202,172.31.40.0-255,66,174554,62,344552
9864,0.002227,74.125.68.0-255,5738,180292,62,344552
9865,0.002229,172.31.40.0-255,66,180358,62,344552
9866,0.002257,74.125.68.0-255,7156,187514,62,344552
9867,0.00226,172.31.40.0-255,66,187580,62,344552
9868,0.002286,172.31.40.0-255,66,187646,62,344552
9869,0.00234,74.125.68.0-255,4320,191966,62,344552
9870,0.002343,172.31.40.0-255,66,192032,62,344552
9871,0.002366,74.125.68.0-255,6438,198470,62,344552
9872,0.002368,172.31.40.0-255,66,198536,62,344552
9873,0.002373,74.125.68.0-255,4320,202856,62,344552
9874,0.002375,172.31.40.0-255,66,202922,62,344552
9875,0.002392,74.125.68.0-255,5738,208660,62,344552
9876,0.002394,172.31.40.0-255,66,208726,62,344552
9877,0.004721,74.125.68.0-255,5738,214464,62,344552
9878,0.008194,172.31.40.0-255,66,214530,62,344552
9879,0.010536,74.125.68.0-255,5738,220268,62,344552
9880,0.010546,172.31.40.0-255,66,220334,62,344552
9881,0.012887,74.125.68.0-255,5738,226072,62,344552
9882,0.012896,172.31.40.0-255,66,226138,62,344552
9883,0.015251,74.125.68.0-255,5738,231876,62,344552
9884,0.01526,172.31.40.0-255,66,231942,62,344552
9885,0.017602,74.125.68.0-255,5738,237680,62,344552
9886,0.01761,172.31.40.0-255,66,237746,62,344552
9887,0.019953,74.125.68.0-255,5738,243484,62,344552
9888,0.019959,172.31.40.0-255,66,243550,62,344552
9889,0.02229,74.125.68.0-255,5738,249288,62,344552
9890,0.022299,172.31.40.0-255,66,249354,62,344552
9891,0.024628,74.125.68.0-255,5738,255092,62,344552
9892,0.024635,172.31.40.0-255,66,255158,62,344552
9893,0.026973,74.125.68.0-255,5738,260896,62,344552
9894,0.026979,172.31.40.0-255,66,260962,62,344552
9895,0.029329,74.125.68.0-255,5738,266700,62,344552
9896,0.029337,172.31.40.0-255,66,266766,62,344552
9897,0.031667,74.125.68.0-255,5738,272504,62,344552
9898,0.031675,172.31.40.0-255,66,272570,62,344552
9899,0.034006,74.125.68.0-255,5738,278308,62,344552
9900,0.034013,172.31.40.0-255,66,278374,62,344552
9901,0.036351,74.125.68.0-255,5738,284112,62,344552
9902,0.036358,172.31.40.0-255,66,284178,62,344552
9903,0.036539,172.31.40.0-255,199,284377,62,344552
9904,0.036568,172.31.40.0-255,1108,285485,62,344552
9905,0.036694,172.31.40.0-255,1514,286999,62,344552
9906,0.036696,172.31.40.0-255,1514,288513,62,344552
9907,0.036697,172.31.40.0-255,1514,290027,62,344552
9908,0.036698,172.31.40.0-255,1514,291541,62,344552
9909,0.036729,172.31.40.0-255,1514,293055,62,344552
9910,0.036735,172.31.40.0-255,81,293136,62,344552
9911,0.038088,104.244.42.0-255,66,293202,62,344552
9912,0.038137,104.244.42.0-255,66,293268,62,344552
9913,0.038283,104.244.42.0-255,66,293334,62,344552
9914,0.03829,104.244.42.0-255,66,293400,62,344552
9915,0.038695,74.125.68.0-255,5738,299138,62,344552
9916,0.038703,172.31.40.0-255,66,299204,62,344552
9917,0.041039,74.125.68.0-255,5738,304942,62,344552
9918,0.041046,172.31.40.0-255,66,305008,62,344552
9919,0.043388,74.125.68.0-255,5738,310746,62,344552
9920,0.043395,172.31.40.0-255,66,310812,62,344552
9921,0.045745,74.125.68.0-255,5738,316550,62,344552
9922,0.045753,172.31.40.0-255,66,316616,62,344552
9923,0.048099,74.125.68.0-255,5738,322354,62,344552
9924,0.048105,172.31.40.0-255,66,322420,62,344552
9925,0.050472,74.125.68.0-255,5738,328158,62,344552
9926,0.050479,172.31.40.0-255,66,328224,62,344552
9927,0.052837,74.125.68.0-255,5738,333962,62,344552
9928,0.052847,172.31.40.0-255,66,334028,62,344552
9929,0.055198,74.125.68.0-255,5738,339766,62,344552
9930,0.055206,172.31.40.0-255,66,339832,62,344552
9931,0.057555,74.125.68.0-255,4483,344315,62,344552
9932,0.057565,172.31.40.0-255,66,344381,62,344552
9933,0.057776,172.31.40.0-255,105,344486,62,344552
9934,0.060081,74.125.68.0-255,66,344552,62,344552
9935,0.0,74.125.68.0-255,152,152,62,268735
9936,2.1e-05,172.31.40.0-255,66,218,62,268735
9937,2.8e-05,74.125.68.0-255,1484,1702,62,268735
9938,3.3e-05,172.31.40.0-255,66,1768,62,268735
9939,4.6e-05,74.125.68.0-255,2902,4670,62,268735
9940,5e-05,172.31.40.0-255,66,4736,62,268735
9941,5.7e-05,74.125.68.0-255,5738,10474,62,268735
9942,6.1e-05,172.31.40.0-255,66,10540,62,268735
9943,6.6e-05,74.125.68.0-255,3516,14056,62,268735
9944,6.9e-05,172.31.40.0-255,66,14122,62,268735
9945,7.2e-05,74.125.68.0-255,1484,15606,62,268735
9946,7.5e-05,172.31.40.0-255,66,15672,62,268735
9947,0.000105,74.125.68.0-255,2902,18574,62,268735
9948,0.000109,172.31.40.0-255,66,18640,62,268735
9949,0.000125,172.31.40.0-255,66,18706,62,268735
9950,0.000174,74.125.68.0-255,2543,21249,62,268735
9951,0.000177,172.31.40.0-255,66,21315,62,268735
9952,0.000266,74.125.68.0-255,1484,22799,62,268735
9953,0.00027,172.31.40.0-255,66,22865,62,268735
9954,0.000275,74.125.68.0-255,2902,25767,62,268735
9955,0.000278,172.31.40.0-255,66,25833,62,268735
9956,0.000283,74.125.68.0-255,4320,30153,62,268735
9957,0.000285,172.31.40.0-255,66,30219,62,268735
9958,0.000315,74.125.68.0-255,1484,31703,62,268735
9959,0.000317,172.31.40.0-255,66,31769,62,268735
9960,0.000322,74.125.68.0-255,4320,36089,62,268735
9961,0.000325,172.31.40.0-255,66,36155,62,268735
9962,0.000361,74.125.68.0-255,3961,40116,62,268735
9963,0.000364,172.31.40.0-255,66,40182,62,268735
9964,0.000394,74.125.68.0-255,4320,44502,62,268735
9965,0.000396,172.31.40.0-255,66,44568,62,268735
9966,0.000427,74.125.68.0-255,7156,51724,62,268735
9967,0.00043,172.31.40.0-255,66,51790,62,268735
9968,0.000458,74.125.68.0-255,4235,56025,62,268735
9969,0.000461,172.31.40.0-255,66,56091,62,268735
9970,0.001021,74.125.68.0-255,135,56226,62,268735
9971,0.001109,74.125.68.0-255,343,56569,62,268735
9972,0.001375,172.31.40.0-255,66,56635,62,268735
9973,0.00142,74.125.68.0-255,1484,58119,62,268735
9974,0.001445,74.125.68.0-255,1484,59603,62,268735
9975,0.001449,172.31.40.0-255,66,59669,62,268735
9976,0.00146,74.125.68.0-255,1484,61153,62,268735
9977,0.001479,74.125.68.0-255,4320,65473,62,268735
9978,0.001481,172.31.40.0-255,66,65539,62,268735
9979,0.001504,74.125.68.0-255,1484,67023,62,268735
9980,0.001512,74.125.68.0-255,7156,74179,62,268735
9981,0.001515,172.31.40.0-255,66,74245,62,268735
9982,0.001519,74.125.68.0-255,2902,77147,62,268735
9983,0.001522,172.31.40.0-255,66,77213,62,268735
9984,0.001553,74.125.68.0-255,4320,81533,62,268735
9985,0.001555,172.31.40.0-255,66,81599,62,268735
9986,0.00158,74.125.68.0-255,4320,85919,62,268735
9987,0.001582,172.31.40.0-255,66,85985,62,268735
9988,0.001607,74.125.68.0-255,1484,87469,62,268735
9989,0.001646,74.125.68.0-255,3602,91071,62,268735
9990,0.001649,172.31.40.0-255,66,91137,62,268735
9991,0.003935,74.125.68.0-255,5738,96875,62,268735
9992,0.003942,172.31.40.0-255,66,96941,62,268735
9993,0.006239,74.125.68.0-255,5738,102679,62,268735
9994,0.006245,172.31.40.0-255,66,102745,62,268735
9995,0.008531,74.125.68.0-255,5738,108483,62,268735
9996,0.008538,172.31.40.0-255,66,108549,62,268735
9997,0.01084,74.125.68.0-255,5738,114287,62,268735
9998,0.010851,172.31.40.0-255,66,114353,62,268735
9999,0.013141,74.125.68.0-255,5738,120091,62,268735
10000,0.013149,172.31.40.0-255,66,120157,62,268735
10001,0.015453,74.125.68.0-255,5738,125895,62,268735
10002,0.015463,172.31.40.0-255,66,125961,62,268735
10003,0.017765,74.125.68.0-255,5738,131699,62,268735
10004,0.017772,172.31.40.0-255,66,131765,62,268735
10005,0.020055,74.125.68.0-255,1484,133249,62,268735
10006,0.020078,74.125.68.0-255,4320,137569,62,268735
10007,0.020084,172.31.40.0-255,66,137635,62,268735
10008,0.022369,74.125.68.0-255,5738,143373,62,268735
10009,0.022376,172.31.40.0-255,66,143439,62,268735
10010,0.024704,74.125.68.0-255,5738,149177,62,268735
10011,0.024712,172.31.40.0-255,66,149243,62,268735
10012,0.027,74.125.68.0-255,5738,154981,62,268735
10013,0.02701,172.31.40.0-255,66,155047,62,268735
10014,0.029343,74.125.68.0-255,5738,160785,62,268735
10015,0.029351,172.31.40.0-255,66,160851,62,268735
10016,0.031639,74.125.68.0-255,5738,166589,62,268735
10017,0.031645,172.31.40.0-255,66,166655,62,268735
10018,0.032053,172.31.40.0-255,194,166849,62,268735
10019,0.032084,172.31.40.0-255,1108,167957,62,268735
10020,0.032147,172.31.40.0-255,1514,169471,62,268735
10021,0.032148,172.31.40.0-255,1514,170985,62,268735
10022,0.032149,172.31.40.0-255,1514,172499,62,268735
10023,0.032151,172.31.40.0-255,1514,174013,62,268735
10024,0.032198,172.31.40.0-255,1514,175527,62,268735
10025,0.0322,172.31.40.0-255,80,175607,62,268735
10026,0.033602,104.244.42.0-255,66,175673,62,268735
10027,0.033653,104.244.42.0-255,66,175739,62,268735
10028,0.03375,104.244.42.0-255,66,175805,62,268735
10029,0.033757,104.244.42.0-255,66,175871,62,268735
10030,0.033934,74.125.68.0-255,5738,181609,62,268735
10031,0.03394,172.31.40.0-255,66,181675,62,268735
10032,0.03623,74.125.68.0-255,5738,187413,62,268735
10033,0.036238,172.31.40.0-255,66,187479,62,268735
10034,0.038532,74.125.68.0-255,5738,193217,62,268735
10035,0.038539,172.31.40.0-255,66,193283,62,268735
10036,0.040831,74.125.68.0-255,5738,199021,62,268735
10037,0.040838,172.31.40.0-255,66,199087,62,268735
10038,0.043198,74.125.68.0-255,5738,204825,62,268735
10039,0.04321,172.31.40.0-255,66,204891,62,268735
10040,0.045524,74.125.68.0-255,5738,210629,62,268735
10041,0.04553,172.31.40.0-255,66,210695,62,268735
10042,0.047823,74.125.68.0-255,5738,216433,62,268735
10043,0.047829,172.31.40.0-255,66,216499,62,268735
10044,0.05012,74.125.68.0-255,5738,222237,62,268735
10045,0.050126,172.31.40.0-255,66,222303,62,268735
10046,0.052433,74.125.68.0-255,5738,228041,62,268735
10047,0.05244,172.31.40.0-255,66,228107,62,268735
10048,0.054728,74.125.68.0-255,5738,233845,62,268735
10049,0.054735,172.31.40.0-255,66,233911,62,268735
10050,0.05702,74.125.68.0-255,5738,239649,62,268735
10051,0.057031,172.31.40.0-255,66,239715,62,268735
10052,0.059333,74.125.68.0-255,5738,245453,62,268735
10053,0.05934,172.31.40.0-255,66,245519,62,268735
10054,0.06163,74.125.68.0-255,5738,251257,62,268735
10055,0.061637,172.31.40.0-255,66,251323,62,268735
10056,0.063942,74.125.68.0-255,5738,257061,62,268735
10057,0.063952,172.31.40.0-255,66,257127,62,268735
10058,0.066254,74.125.68.0-255,5738,262865,62,268735
10059,0.066261,172.31.40.0-255,66,262931,62,268735
10060,0.068564,74.125.68.0-255,5738,268669,62,268735
10061,0.068571,172.31.40.0-255,66,268735,62,268735
10062,0.0,74.125.200.0-255,150,150,62,249153
10063,2.5e-05,172.31.40.0-255,66,216,62,249153
10064,3.3e-05,74.125.200.0-255,1484,1700,62,249153
10065,3.8e-05,172.31.40.0-255,66,1766,62,249153
10066,4.4e-05,74.125.200.0-255,2902,4668,62,249153
10067,4.8e-05,172.31.40.0-255,66,4734,62,249153
10068,5.4e-05,74.125.200.0-255,4320,9054,62,249153
10069,5.7e-05,172.31.40.0-255,66,9120,62,249153
10070,7.9e-05,74.125.200.0-255,2902,12022,62,249153
10071,8.2e-05,172.31.40.0-255,66,12088,62,249153
10072,0.000115,74.125.200.0-255,6344,18432,62,249153
10073,0.000118,172.31.40.0-255,66,18498,62,249153
10074,0.00013,172.31.40.0-255,66,18564,62,249153
10075,0.000135,74.125.200.0-255,2543,21107,62,249153
10076,0.000137,172.31.40.0-255,66,21173,62,249153
10077,0.000198,74.125.200.0-255,1484,22657,62,249153
10078,0.0002,172.31.40.0-255,66,22723,62,249153
10079,0.000204,74.125.200.0-255,1484,24207,62,249153
10080,0.000206,172.31.40.0-255,66,24273,62,249153
10081,0.000221,74.125.200.0-255,1484,25757,62,249153
10082,0.000223,172.31.40.0-255,66,25823,62,249153
10083,0.000226,74.125.200.0-255,1484,27307,62,249153
10084,0.000228,172.31.40.0-255,66,27373,62,249153
10085,0.000253,74.125.200.0-255,4320,31693,62,249153
10086,0.000255,172.31.40.0-255,66,31759,62,249153
10087,0.000262,74.125.200.0-255,5738,37497,62,249153
10088,0.000264,172.31.40.0-255,66,37563,62,249153
10089,0.000274,74.125.200.0-255,1484,39047,62,249153
10090,0.000276,172.31.40.0-255,66,39113,62,249153
10091,0.000283,74.125.200.0-255,5738,44851,62,249153
10092,0.000285,172.31.40.0-255,66,44917,62,249153
10093,0.000318,172.31.40.0-255,66,44983,62,249153
10094,0.000322,74.125.200.0-255,2184,47167,62,249153
10095,0.000324,172.31.40.0-255,66,47233,62,249153
10096,0.000326,74.125.200.0-255,360,47593,62,249153
10097,0.000351,74.125.200.0-255,135,47728,62,249153
10098,0.000523,74.125.200.0-255,1484,49212,62,249153
10099,0.000528,172.31.40.0-255,66,49278,62,249153
10100,0.000534,74.125.200.0-255,2902,52180,62,249153
10101,0.000536,172.31.40.0-255,66,52246,62,249153
10102,0.000539,74.125.200.0-255,1484,53730,62,249153
10103,0.000565,74.125.200.0-255,2902,56632,62,249153
10104,0.000568,172.31.40.0-255,66,56698,62,249153
10105,0.000575,74.125.200.0-255,5738,62436,62,249153
10106,0.000577,172.31.40.0-255,66,62502,62,249153
10107,0.000599,74.125.200.0-255,2902,65404,62,249153
10108,0.000601,172.31.40.0-255,66,65470,62,249153
10109,0.000634,172.31.40.0-255,66,65536,62,249153
10110,0.000679,74.125.200.0-255,6438,71974,62,249153
10111,0.000681,172.31.40.0-255,66,72040,62,249153
10112,0.001048,74.125.200.0-255,1484,73524,62,249153
10113,0.001055,74.125.200.0-255,2902,76426,62,249153
10114,0.001058,172.31.40.0-255,66,76492,62,249153
10115,0.001062,74.125.200.0-255,1484,77976,62,249153
10116,0.001079,74.125.200.0-255,4320,82296,62,249153
10117,0.001083,172.31.40.0-255,66,82362,62,249153
10118,0.001094,74.125.200.0-255,1484,83846,62,249153
10119,0.00112,172.31.40.0-255,66,83912,62,249153
10120,0.001125,74.125.200.0-255,2902,86814,62,249153
10121,0.001127,172.31.40.0-255,66,86880,62,249153
10122,0.001141,74.125.200.0-255,2902,89782,62,249153
10123,0.001143,172.31.40.0-255,66,89848,62,249153
10124,0.001169,74.125.200.0-255,6438,96286,62,249153
10125,0.001171,172.31.40.0-255,66,96352,62,249153
10126,0.0012,74.125.200.0-255,1484,97836,62,249153
10127,0.001218,74.125.200.0-255,2902,100738,62,249153
10128,0.001221,172.31.40.0-255,66,100804,62,249153
10129,0.001239,74.125.200.0-255,1484,102288,62,249153
10130,0.001263,74.125.200.0-255,4320,106608,62,249153
10131,0.001266,172.31.40.0-255,66,106674,62,249153
10132,0.001277,172.31.40.0-255,66,106740,62,249153
10133,0.001289,172.31.40.0-255,66,106806,62,249153
10134,0.001311,74.125.200.0-255,5020,111826,62,249153
10135,0.001314,172.31.40.0-255,66,111892,62,249153
10136,0.001376,74.125.200.0-255,1484,113376,62,249153
10137,0.001382,74.125.200.0-255,2902,116278,62,249153
10138,0.001384,172.31.40.0-255,66,116344,62,249153
10139,0.001388,74.125.200.0-255,1484,117828,62,249153
10140,0.001407,74.125.200.0-255,4320,122148,62,249153
10141,0.001409,172.31.40.0-255,66,122214,62,249153
10142,0.001413,74.125.200.0-255,2902,125116,62,249153
10143,0.001415,172.31.40.0-255,66,125182,62,249153
10144,0.001457,172.31.40.0-255,66,125248,62,249153
10145,0.001464,74.125.200.0-255,7156,132404,62,249153
10146,0.001466,172.31.40.0-255,66,132470,62,249153
10147,0.001489,74.125.200.0-255,1484,133954,62,249153
10148,0.001517,74.125.200.0-255,2184,136138,62,249153
10149,0.001521,172.31.40.0-255,66,136204,62,249153
10150,0.001658,74.125.200.0-255,1484,137688,62,249153
10151,0.001665,74.125.200.0-255,2902,140590,62,249153
10152,0.001668,172.31.40.0-255,66,140656,62,249153
10153,0.001687,74.125.200.0-255,5738,146394,62,249153
10154,0.00169,172.31.40.0-255,66,146460,62,249153
10155,0.001717,172.31.40.0-255,66,146526,62,249153
10156,0.00175,172.31.40.0-255,66,146592,62,249153
10157,0.001778,74.125.200.0-255,5020,151612,62,249153
10158,0.001782,172.31.40.0-255,66,151678,62,249153
10159,0.001859,74.125.200.0-255,1484,153162,62,249153
10160,0.001874,74.125.200.0-255,2902,156064,62,249153
10161,0.001878,172.31.40.0-255,66,156130,62,249153
10162,0.001912,74.125.200.0-255,5738,161868,62,249153
10163,0.001915,172.31.40.0-255,66,161934,62,249153
10164,0.001919,74.125.200.0-255,2902,164836,62,249153
10165,0.001921,172.31.40.0-255,66,164902,62,249153
10166,0.001932,74.125.200.0-255,4320,169222,62,249153
10167,0.001935,172.31.40.0-255,66,169288,62,249153
10168,0.001938,74.125.200.0-255,1484,170772,62,249153
10169,0.001962,74.125.200.0-255,7156,177928,62,249153
10170,0.001965,172.31.40.0-255,66,177994,62,249153
10171,0.001971,74.125.200.0-255,5738,183732,62,249153
10172,0.001973,172.31.40.0-255,66,183798,62,249153
10173,0.001993,74.125.200.0-255,2184,185982,62,249153
10174,0.001995,172.31.40.0-255,66,186048,62,249153
10175,0.002007,172.31.40.0-255,66,186114,62,249153
10176,0.002042,74.125.200.0-255,1484,187598,62,249153
10177,0.002059,74.125.200.0-255,4320,191918,62,249153
10178,0.002062,172.31.40.0-255,66,191984,62,249153
10179,0.002069,74.125.200.0-255,7156,199140,62,249153
10180,0.002071,172.31.40.0-255,66,199206,62,249153
10181,0.002085,172.31.40.0-255,66,199272,62,249153
10182,0.002122,172.31.40.0-255,66,199338,62,249153
10183,0.002145,74.125.200.0-255,2902,202240,62,249153
10184,0.002148,172.31.40.0-255,66,202306,62,249153
10185,0.002153,74.125.200.0-255,4320,206626,62,249153
10186,0.002156,172.31.40.0-255,66,206692,62,249153
10187,0.002181,74.125.200.0-255,2902,209594,62,249153
10188,0.002184,172.31.40.0-255,66,209660,62,249153
10189,0.002219,172.31.40.0-255,66,209726,62,249153
10190,0.002233,172.31.40.0-255,66,209792,62,249153
10191,0.002258,74.125.200.0-255,5738,215530,62,249153
10192,0.002262,172.31.40.0-255,66,215596,62,249153
10193,0.002269,74.125.200.0-255,7156,222752,62,249153
10194,0.002271,172.31.40.0-255,66,222818,62,249153
10195,0.002298,74.125.200.0-255,2902,225720,62,249153
10196,0.002301,172.31.40.0-255,66,225786,62,249153
10197,0.002325,74.125.200.0-255,7156,232942,62,249153
10198,0.002329,172.31.40.0-255,66,233008,62,249153
10199,0.002365,172.31.40.0-255,66,233074,62,249153
10200,0.002382,172.31.40.0-255,66,233140,62,249153
10201,0.002399,74.125.200.0-255,1484,234624,62,249153
10202,0.0047,74.125.200.0-255,4320,238944,62,249153
10203,0.004717,172.31.40.0-255,66,239010,62,249153
10204,0.007041,74.125.200.0-255,5612,244622,62,249153
10205,0.007055,172.31.40.0-255,66,244688,62,249153
10206,0.009332,172.31.40.0-255,105,244793,62,249153
10207,0.011614,74.125.200.0-255,66,244859,62,249153
10208,0.033651,172.31.40.0-255,172,245031,62,249153
10209,0.033692,172.31.40.0-255,1106,246137,62,249153
10210,0.033759,172.31.40.0-255,1514,247651,62,249153
10211,0.033761,172.31.40.0-255,1304,248955,62,249153
10212,0.035317,104.244.42.0-255,66,249021,62,249153
10213,0.035348,104.244.42.0-255,66,249087,62,249153
10214,0.035467,104.244.42.0-255,66,249153,62,249153
10215,0.0,172.217.194.0-255,146,146,62,191472
10216,1.4e-05,172.31.40.0-255,66,212,62,191472
10217,2.1e-05,172.217.194.0-255,1484,1696,62,191472
10218,2.6e-05,172.31.40.0-255,66,1762,62,191472
10219,3.4e-05,172.217.194.0-255,2902,4664,62,191472
10220,4.4e-05,172.31.40.0-255,66,4730,62,191472
10221,5.4e-05,172.217.194.0-255,7156,11886,62,191472
10222,5.8e-05,172.31.40.0-255,66,11952,62,191472
10223,6.3e-05,172.217.194.0-255,2032,13984,62,191472
10224,6.5e-05,172.31.40.0-255,66,14050,62,191472
10225,0.000111,172.31.40.0-255,66,14116,62,191472
10226,0.000115,172.217.194.0-255,2902,17018,62,191472
10227,0.000117,172.31.40.0-255,66,17084,62,191472
10228,0.000157,172.217.194.0-255,7156,24240,62,191472
10229,0.000161,172.31.40.0-255,66,24306,62,191472
10230,0.000175,172.31.40.0-255,66,24372,62,191472
10231,0.000485,172.217.194.0-255,1484,25856,62,191472
10232,0.000491,172.31.40.0-255,66,25922,62,191472
10233,0.000497,172.217.194.0-255,2902,28824,62,191472
10234,0.0005,172.31.40.0-255,66,28890,62,191472
10235,0.000511,172.217.194.0-255,5738,34628,62,191472
10236,0.000514,172.31.40.0-255,66,34694,62,191472
10237,0.000521,172.217.194.0-255,7068,41762,62,191472
10238,0.000523,172.31.40.0-255,66,41828,62,191472
10239,0.00055,172.217.194.0-255,2902,44730,62,191472
10240,0.000552,172.31.40.0-255,66,44796,62,191472
10241,0.000558,172.217.194.0-255,4320,49116,62,191472
10242,0.000561,172.31.40.0-255,66,49182,62,191472
10243,0.000598,172.31.40.0-255,66,49248,62,191472
10244,0.000658,172.217.194.0-255,5020,54268,62,191472
10245,0.000671,172.31.40.0-255,66,54334,62,191472
10246,0.00143,172.217.194.0-255,1484,55818,62,191472
10247,0.001439,172.217.194.0-255,2902,58720,62,191472
10248,0.001443,172.31.40.0-255,66,58786,62,191472
10249,0.001447,172.217.194.0-255,1484,60270,62,191472
10250,0.001492,172.217.194.0-255,4320,64590,62,191472
10251,0.001499,172.217.194.0-255,5738,70328,62,191472
10252,0.001537,172.217.194.0-255,5020,75348,62,191472
10253,0.001873,172.217.194.0-255,1484,76832,62,191472
10254,0.001881,172.217.194.0-255,2902,79734,62,191472
10255,0.001907,172.217.194.0-255,4320,84054,62,191472
10256,0.001957,172.217.194.0-255,5738,89792,62,191472
10257,0.001997,172.217.194.0-255,4320,94112,62,191472
10258,0.002029,172.217.194.0-255,4320,98432,62,191472
10259,0.002061,172.217.194.0-255,7156,105588,62,191472
10260,0.002075,172.217.194.0-255,2902,108490,62,191472
10261,0.002099,172.217.194.0-255,2902,111392,62,191472
10262,0.002128,172.217.194.0-255,1484,112876,62,191472
10263,0.002173,172.217.194.0-255,1484,114360,62,191472
10264,0.002176,172.217.194.0-255,766,115126,62,191472
10265,0.002205,172.217.194.0-255,4320,119446,62,191472
10266,0.002228,172.217.194.0-255,7156,126602,62,191472
10267,0.002257,172.217.194.0-255,2902,129504,62,191472
10268,0.002294,172.217.194.0-255,1484,130988,62,191472
10269,0.00231,172.217.194.0-255,5738,136726,62,191472
10270,0.002376,172.217.194.0-255,1484,138210,62,191472
10271,0.002394,172.217.194.0-255,7156,145366,62,191472
10272,0.002409,172.217.194.0-255,5738,151104,62,191472
10273,0.002503,172.217.194.0-255,1484,152588,62,191472
10274,0.002508,172.217.194.0-255,2902,155490,62,191472
10275,0.002511,172.217.194.0-255,1484,156974,62,191472
10276,0.002525,172.217.194.0-255,4320,161294,62,191472
10277,0.002547,172.217.194.0-255,4320,165614,62,191472
10278,0.002562,172.217.194.0-255,7156,172770,62,191472
10279,0.002575,172.217.194.0-255,1484,174254,62,191472
10280,0.002623,172.217.194.0-255,5738,179992,62,191472
10281,0.002663,172.217.194.0-255,1484,181476,62,191472
10282,0.002666,172.217.194.0-255,1484,182960,62,191472
10283,0.002682,172.217.194.0-255,7156,190116,62,191472
10284,0.00271,172.217.194.0-255,97,190213,62,191472
10285,0.005835,172.31.40.0-255,66,190279,62,191472
10286,0.008881,172.217.194.0-255,105,190384,62,191472
10287,0.009682,172.31.40.0-255,66,190450,62,191472
10288,0.00972,172.31.40.0-255,105,190555,62,191472
10289,0.012355,172.217.194.0-255,66,190621,62,191472
10290,0.030248,172.31.40.0-255,171,190792,62,191472
10291,0.030283,172.31.40.0-255,614,191406,62,191472
10292,0.03335,104.244.42.0-255,66,191472,62,191472
10293,0.0,172.217.194.0-255,299,299,62,232599
10294,2.2e-05,172.31.40.0-255,66,365,62,232599
10295,2.8e-05,172.217.194.0-255,1484,1849,62,232599
10296,3.2e-05,172.31.40.0-255,66,1915,62,232599
10297,3.9e-05,172.217.194.0-255,4320,6235,62,232599
10298,4.2e-05,172.31.40.0-255,66,6301,62,232599
10299,6e-05,172.31.40.0-255,66,6367,62,232599
10300,6.6e-05,172.217.194.0-255,5738,12105,62,232599
10301,6.9e-05,172.31.40.0-255,66,12171,62,232599
10302,9.1e-05,172.217.194.0-255,4320,16491,62,232599
10303,9.4e-05,172.31.40.0-255,66,16557,62,232599
10304,0.000104,172.217.194.0-255,5379,21936,62,232599
10305,0.000107,172.31.40.0-255,66,22002,62,232599
10306,0.000152,172.217.194.0-255,5738,27740,62,232599
10307,0.000154,172.31.40.0-255,66,27806,62,232599
10308,0.000158,172.217.194.0-255,2902,30708,62,232599
10309,0.00016,172.31.40.0-255,66,30774,62,232599
10310,0.00019,172.217.194.0-255,4320,35094,62,232599
10311,0.000193,172.31.40.0-255,66,35160,62,232599
10312,0.000205,172.31.40.0-255,66,35226,62,232599
10313,0.000212,172.217.194.0-255,6748,41974,62,232599
10314,0.000214,172.31.40.0-255,66,42040,62,232599
10315,0.000216,172.217.194.0-255,366,42406,62,232599
10316,0.000218,172.31.40.0-255,66,42472,62,232599
10317,0.000271,172.217.194.0-255,1484,43956,62,232599
10318,0.000274,172.31.40.0-255,66,44022,62,232599
10319,0.000301,172.217.194.0-255,4320,48342,62,232599
10320,0.000303,172.31.40.0-255,66,48408,62,232599
10321,0.000308,172.217.194.0-255,4320,52728,62,232599
10322,0.00031,172.31.40.0-255,66,52794,62,232599
10323,0.000327,172.217.194.0-255,1484,54278,62,232599
10324,0.00038,172.217.194.0-255,4831,59109,62,232599
10325,0.000384,172.31.40.0-255,66,59175,62,232599
10326,0.000477,172.217.194.0-255,1484,60659,62,232599
10327,0.000493,172.217.194.0-255,1484,62143,62,232599
10328,0.000496,172.31.40.0-255,66,62209,62,232599
10329,0.0005,172.217.194.0-255,1484,63693,62,232599
10330,0.000518,172.217.194.0-255,1484,65177,62,232599
10331,0.000521,172.31.40.0-255,66,65243,62,232599
10332,0.000527,172.217.194.0-255,5738,70981,62,232599
10333,0.000529,172.31.40.0-255,66,71047,62,232599
10334,0.000562,172.217.194.0-255,2902,73949,62,232599
10335,0.000564,172.31.40.0-255,66,74015,62,232599
10336,0.000596,172.217.194.0-255,1484,75499,62,232599
10337,0.000601,172.31.40.0-255,66,75565,62,232599
10338,0.000626,172.31.40.0-255,66,75631,62,232599
10339,0.000744,172.217.194.0-255,1484,77115,62,232599
10340,0.000756,172.217.194.0-255,1484,78599,62,232599
10341,0.000759,172.31.40.0-255,66,78665,62,232599
10342,0.000783,172.217.194.0-255,1484,80149,62,232599
10343,0.000789,172.217.194.0-255,5738,85887,62,232599
10344,0.000794,172.31.40.0-255,66,85953,62,232599
10345,0.000856,172.31.40.0-255,66,86019,62,232599
10346,0.000886,172.217.194.0-255,4320,90339,62,232599
10347,0.000889,172.31.40.0-255,66,90405,62,232599
10348,0.000894,172.217.194.0-255,5738,96143,62,232599
10349,0.000896,172.31.40.0-255,66,96209,62,232599
10350,0.000901,172.217.194.0-255,5020,101229,62,232599
10351,0.000903,172.31.40.0-255,66,101295,62,232599
10352,0.000908,172.217.194.0-255,5738,107033,62,232599
10353,0.00091,172.31.40.0-255,66,107099,62,232599
10354,0.000913,172.217.194.0-255,1484,108583,62,232599
10355,0.00095,172.217.194.0-255,7156,115739,62,232599
10356,0.000956,172.217.194.0-255,7156,122895,62,232599
10357,0.000961,172.31.40.0-255,66,122961,62,232599
10358,0.000963,172.31.40.0-255,66,123027,62,232599
10359,0.000996,172.31.40.0-255,66,123093,62,232599
10360,0.001001,172.217.194.0-255,3602,126695,62,232599
10361,0.001004,172.31.40.0-255,66,126761,62,232599
10362,0.001032,172.217.194.0-255,1484,128245,62,232599
10363,0.001046,172.217.194.0-255,2902,131147,62,232599
10364,0.001048,172.217.194.0-255,1484,132631,62,232599
10365,0.001053,172.31.40.0-255,66,132697,62,232599
10366,0.001088,172.217.194.0-255,4320,137017,62,232599
10367,0.001092,172.31.40.0-255,66,137083,62,232599
10368,0.00111,172.31.40.0-255,66,137149,62,232599
10369,0.001135,172.217.194.0-255,5738,142887,62,232599
10370,0.001138,172.31.40.0-255,66,142953,62,232599
10371,0.001172,172.217.194.0-255,6438,149391,62,232599
10372,0.001176,172.31.40.0-255,66,149457,62,232599
10373,0.00119,172.31.40.0-255,66,149523,62,232599
10374,0.001206,172.31.40.0-255,66,149589,62,232599
10375,0.001243,172.31.40.0-255,66,149655,62,232599
10376,0.0013,172.217.194.0-255,1484,151139,62,232599
10377,0.001305,172.217.194.0-255,2902,154041,62,232599
10378,0.001308,172.31.40.0-255,66,154107,62,232599
10379,0.001346,172.217.194.0-255,2902,157009,62,232599
10380,0.001349,172.31.40.0-255,66,157075,62,232599
10381,0.001354,172.217.194.0-255,4320,161395,62,232599
10382,0.001357,172.31.40.0-255,66,161461,62,232599
10383,0.001367,172.217.194.0-255,4320,165781,62,232599
10384,0.001369,172.31.40.0-255,66,165847,62,232599
10385,0.001408,172.217.194.0-255,4320,170167,62,232599
10386,0.001412,172.31.40.0-255,66,170233,62,232599
10387,0.001438,172.31.40.0-255,66,170299,62,232599
10388,0.001442,172.217.194.0-255,2184,172483,62,232599
10389,0.001445,172.31.40.0-255,66,172549,62,232599
10390,0.001818,172.217.194.0-255,1484,174033,62,232599
10391,0.001823,172.217.194.0-255,1484,175517,62,232599
10392,0.001826,172.31.40.0-255,66,175583,62,232599
10393,0.00185,172.217.194.0-255,1484,177067,62,232599
10394,0.001857,172.217.194.0-255,5738,182805,62,232599
10395,0.00186,172.31.40.0-255,66,182871,62,232599
10396,0.001883,172.217.194.0-255,7156,190027,62,232599
10397,0.001886,172.31.40.0-255,66,190093,62,232599
10398,0.001906,172.217.194.0-255,5738,195831,62,232599
10399,0.001909,172.31.40.0-255,66,195897,62,232599
10400,0.001916,172.217.194.0-255,7156,203053,62,232599
10401,0.001918,172.31.40.0-255,66,203119,62,232599
10402,0.001947,172.217.194.0-255,2902,206021,62,232599
10403,0.00195,172.31.40.0-255,66,206087,62,232599
10404,0.001953,172.217.194.0-255,766,206853,62,232599
10405,0.002011,172.217.194.0-255,1484,208337,62,232599
10406,0.002015,172.31.40.0-255,66,208403,62,232599
10407,0.002021,172.217.194.0-255,4320,212723,62,232599
10408,0.002023,172.31.40.0-255,66,212789,62,232599
10409,0.002026,172.217.194.0-255,1484,214273,62,232599
10410,0.002039,172.31.40.0-255,66,214339,62,232599
10411,0.002073,172.31.40.0-255,66,214405,62,232599
10412,0.002108,172.31.40.0-255,66,214471,62,232599
10413,0.002113,172.217.194.0-255,2902,217373,62,232599
10414,0.002115,172.31.40.0-255,66,217439,62,232599
10415,0.002149,172.31.40.0-255,66,217505,62,232599
10416,0.002156,172.217.194.0-255,5738,223243,62,232599
10417,0.00216,172.31.40.0-255,66,223309,62,232599
10418,0.002214,172.217.194.0-255,4320,227629,62,232599
10419,0.002218,172.31.40.0-255,66,227695,62,232599
10420,0.002239,172.31.40.0-255,66,227761,62,232599
10421,0.002242,172.217.194.0-255,97,227858,62,232599
10422,0.002244,172.217.194.0-255,105,227963,62,232599
10423,0.003811,172.31.40.0-255,101,228064,62,232599
10424,0.004471,172.31.40.0-255,105,228169,62,232599
10425,0.00643,172.217.194.0-255,66,228235,62,232599
10426,0.007081,172.217.194.0-255,66,228301,62,232599
10427,0.032027,172.31.40.0-255,176,228477,62,232599
10428,0.032056,172.31.40.0-255,1106,229583,62,232599
10429,0.03211,172.31.40.0-255,1514,231097,62,232599
10430,0.03213,172.31.40.0-255,1304,232401,62,232599
10431,0.033695,104.244.42.0-255,66,232467,62,232599
10432,0.033724,104.244.42.0-255,66,232533,62,232599
10433,0.033787,104.244.42.0-255,66,232599,62,232599
10434,0.0,74.125.24.0-255,152,152,62,227357
10435,1.7e-05,172.31.40.0-255,66,218,62,227357
10436,2.2e-05,74.125.24.0-255,1484,1702,62,227357
10437,2.6e-05,172.31.40.0-255,66,1768,62,227357
10438,3.1e-05,74.125.24.0-255,2902,4670,62,227357
10439,3.3e-05,172.31.40.0-255,66,4736,62,227357
10440,3.9e-05,74.125.24.0-255,4320,9056,62,227357
10441,4.2e-05,172.31.40.0-255,66,9122,62,227357
10442,6.5e-05,74.125.24.0-255,2902,12024,62,227357
10443,6.8e-05,172.31.40.0-255,66,12090,62,227357
10444,7.2e-05,74.125.24.0-255,2089,14179,62,227357
10445,7.4e-05,172.31.40.0-255,66,14245,62,227357
10446,0.000106,74.125.24.0-255,1484,15729,62,227357
10447,0.000108,172.31.40.0-255,66,15795,62,227357
10448,0.00012,74.125.24.0-255,1484,17279,62,227357
10449,0.000122,172.31.40.0-255,66,17345,62,227357
10450,0.000127,74.125.24.0-255,2902,20247,62,227357
10451,0.000128,172.31.40.0-255,66,20313,62,227357
10452,0.000147,74.125.24.0-255,5738,26051,62,227357
10453,0.000149,172.31.40.0-255,66,26117,62,227357
10454,0.000162,74.125.24.0-255,1484,27601,62,227357
10455,0.000164,172.31.40.0-255,66,27667,62,227357
10456,0.00019,74.125.24.0-255,3961,31628,62,227357
10457,0.000192,172.31.40.0-255,66,31694,62,227357
10458,0.00024,74.125.24.0-255,1484,33178,62,227357
10459,0.000243,172.31.40.0-255,66,33244,62,227357
10460,0.000264,74.125.24.0-255,2902,36146,62,227357
10461,0.000266,172.31.40.0-255,66,36212,62,227357
10462,0.000272,74.125.24.0-255,5738,41950,62,227357
10463,0.000274,172.31.40.0-255,66,42016,62,227357
10464,0.000277,74.125.24.0-255,1484,43500,62,227357
10465,0.000279,172.31.40.0-255,66,43566,62,227357
10466,0.000303,74.125.24.0-255,4320,47886,62,227357
10467,0.000305,172.31.40.0-255,66,47952,62,227357
10468,0.000348,172.31.40.0-255,66,48018,62,227357
10469,0.000352,74.125.24.0-255,3961,51979,62,227357
10470,0.000354,172.31.40.0-255,66,52045,62,227357
10471,0.000356,74.125.24.0-255,366,52411,62,227357
10472,0.000401,74.125.24.0-255,129,52540,62,227357
10473,0.000509,74.125.24.0-255,1484,54024,62,227357
10474,0.000513,172.31.40.0-255,66,54090,62,227357
10475,0.000516,74.125.24.0-255,1484,55574,62,227357
10476,0.000533,74.125.24.0-255,1484,57058,62,227357
10477,0.000535,172.31.40.0-255,66,57124,62,227357
10478,0.000541,74.125.24.0-255,5738,62862,62,227357
10479,0.000543,172.31.40.0-255,66,62928,62,227357
10480,0.000587,74.125.24.0-255,2902,65830,62,227357
10481,0.00059,172.31.40.0-255,66,65896,62,227357
10482,0.000622,172.31.40.0-255,66,65962,62,227357
10483,0.000643,74.125.24.0-255,7156,73118,62,227357
10484,0.000647,172.31.40.0-255,66,73184,62,227357
10485,0.000658,74.125.24.0-255,3961,77145,62,227357
10486,0.000674,172.31.40.0-255,66,77211,62,227357
10487,0.001045,74.125.24.0-255,1484,78695,62,227357
10488,0.001066,74.125.24.0-255,2902,81597,62,227357
10489,0.001069,74.125.24.0-255,2902,84499,62,227357
10490,0.001073,172.31.40.0-255,66,84565,62,227357
10491,0.001077,172.31.40.0-255,66,84631,62,227357
10492,0.001084,74.125.24.0-255,2902,87533,62,227357
10493,0.001086,172.31.40.0-255,66,87599,62,227357
10494,0.001102,74.125.24.0-255,5738,93337,62,227357
10495,0.001104,172.31.40.0-255,66,93403,62,227357
10496,0.001126,74.125.24.0-255,7156,100559,62,227357
10497,0.001128,172.31.40.0-255,66,100625,62,227357
10498,0.001166,74.125.24.0-255,2902,103527,62,227357
10499,0.001169,172.31.40.0-255,66,103593,62,227357
10500,0.001196,172.31.40.0-255,66,103659,62,227357
10501,0.00125,74.125.24.0-255,1484,105143,62,227357
10502,0.001254,74.125.24.0-255,1484,106627,62,227357
10503,0.001257,172.31.40.0-255,66,106693,62,227357
10504,0.001281,74.125.24.0-255,1484,108177,62,227357
10505,0.001288,74.125.24.0-255,5738,113915,62,227357
10506,0.00129,172.31.40.0-255,66,113981,62,227357
10507,0.001298,74.125.24.0-255,5738,119719,62,227357
10508,0.001299,172.31.40.0-255,66,119785,62,227357
10509,0.00133,74.125.24.0-255,7156,126941,62,227357
10510,0.001333,172.31.40.0-255,66,127007,62,227357
10511,0.001344,172.31.40.0-255,66,127073,62,227357
10512,0.001387,172.31.40.0-255,66,127139,62,227357
10513,0.001412,74.125.24.0-255,6438,133577,62,227357
10514,0.001415,74.125.24.0-255,1484,135061,62,227357
10515,0.001419,172.31.40.0-255,66,135127,62,227357
10516,0.001439,172.31.40.0-255,66,135193,62,227357
10517,0.001474,74.125.24.0-255,1484,136677,62,227357
10518,0.001479,74.125.24.0-255,2902,139579,62,227357
10519,0.001481,172.31.40.0-255,66,139645,62,227357
10520,0.001527,74.125.24.0-255,5738,145383,62,227357
10521,0.001533,74.125.24.0-255,5738,151121,62,227357
10522,0.001539,172.31.40.0-255,66,151187,62,227357
10523,0.001542,172.31.40.0-255,66,151253,62,227357
10524,0.001561,172.31.40.0-255,66,151319,62,227357
10525,0.001567,74.125.24.0-255,4320,155639,62,227357
10526,0.00157,172.31.40.0-255,66,155705,62,227357
10527,0.001585,74.125.24.0-255,766,156471,62,227357
10528,0.00174,74.125.24.0-255,1484,157955,62,227357
10529,0.001744,172.31.40.0-255,66,158021,62,227357
10530,0.00175,74.125.24.0-255,2902,160923,62,227357
10531,0.001753,172.31.40.0-255,66,160989,62,227357
10532,0.001756,74.125.24.0-255,1484,162473,62,227357
10533,0.001772,74.125.24.0-255,4320,166793,62,227357
10534,0.001775,172.31.40.0-255,66,166859,62,227357
10535,0.001786,74.125.24.0-255,5738,172597,62,227357
10536,0.001788,172.31.40.0-255,66,172663,62,227357
10537,0.001793,74.125.24.0-255,2902,175565,62,227357
10538,0.001795,172.31.40.0-255,66,175631,62,227357
10539,0.001837,74.125.24.0-255,7156,182787,62,227357
10540,0.001842,172.31.40.0-255,66,182853,62,227357
10541,0.001846,172.31.40.0-255,66,182919,62,227357
10542,0.001881,74.125.24.0-255,6438,189357,62,227357
10543,0.001884,172.31.40.0-255,66,189423,62,227357
10544,0.001899,172.31.40.0-255,66,189489,62,227357
10545,0.001911,172.31.40.0-255,66,189555,62,227357
10546,0.001943,74.125.24.0-255,1484,191039,62,227357
10547,0.00196,74.125.24.0-255,2902,193941,62,227357
10548,0.001964,172.31.40.0-255,66,194007,62,227357
10549,0.00197,74.125.24.0-255,5738,199745,62,227357
10550,0.001973,172.31.40.0-255,66,199811,62,227357
10551,0.001997,74.125.24.0-255,2902,202713,62,227357
10552,0.001999,172.31.40.0-255,66,202779,62,227357
10553,0.00203,172.31.40.0-255,66,202845,62,227357
10554,0.002041,74.125.24.0-255,1484,204329,62,227357
10555,0.002075,172.31.40.0-255,66,204395,62,227357
10556,0.002087,172.31.40.0-255,66,204461,62,227357
10557,0.002107,172.31.40.0-255,66,204527,62,227357
10558,0.002115,74.125.24.0-255,7156,211683,62,227357
10559,0.002118,172.31.40.0-255,66,211749,62,227357
10560,0.002143,74.125.24.0-255,7156,218905,62,227357
10561,0.002146,172.31.40.0-255,66,218971,62,227357
10562,0.002218,172.31.40.0-255,66,219037,62,227357
10563,0.002244,172.31.40.0-255,66,219103,62,227357
10564,0.002367,74.125.24.0-255,1484,220587,62,227357
10565,0.002372,74.125.24.0-255,2188,222775,62,227357
10566,0.002375,172.31.40.0-255,66,222841,62,227357
10567,0.002378,74.125.24.0-255,97,222938,62,227357
10568,0.00243,74.125.24.0-255,105,223043,62,227357
10569,0.004206,172.31.40.0-255,66,223109,62,227357
10570,0.004243,172.31.40.0-255,105,223214,62,227357
10571,0.006871,74.125.24.0-255,66,223280,62,227357
10572,0.036317,172.31.40.0-255,176,223456,62,227357
10573,0.036351,172.31.40.0-255,1110,224566,62,227357
10574,0.036414,172.31.40.0-255,1514,226080,62,227357
10575,0.036415,172.31.40.0-255,1079,227159,62,227357
10576,0.037969,104.244.42.0-255,66,227225,62,227357
10577,0.038008,104.244.42.0-255,66,227291,62,227357
10578,0.038084,104.244.42.0-255,66,227357,62,227357
10579,0.0,74.125.200.0-255,153,153,62,329107
10580,1.9e-05,172.31.40.0-255,66,219,62,329107
10581,2.5e-05,74.125.200.0-255,1484,1703,62,329107
10582,2.9e-05,172.31.40.0-255,66,1769,62,329107
10583,3.5e-05,74.125.200.0-255,2902,4671,62,329107
10584,3.9e-05,172.31.40.0-255,66,4737,62,329107
10585,4.2e-05,74.125.200.0-255,1484,6221,62,329107
10586,4.4e-05,172.31.40.0-255,66,6287,62,329107
10587,7.2e-05,74.125.200.0-255,4320,10607,62,329107
10588,7.4e-05,172.31.40.0-255,66,10673,62,329107
10589,8e-05,74.125.200.0-255,3483,14156,62,329107
10590,8.3e-05,172.31.40.0-255,66,14222,62,329107
10591,0.00011,74.125.200.0-255,2902,17124,62,329107
10592,0.000113,172.31.40.0-255,66,17190,62,329107
10593,0.000129,74.125.200.0-255,1484,18674,62,329107
10594,0.000132,172.31.40.0-255,66,18740,62,329107
10595,0.000138,74.125.200.0-255,4320,23060,62,329107
10596,0.00014,172.31.40.0-255,66,23126,62,329107
10597,0.000156,74.125.200.0-255,1484,24610,62,329107
10598,0.000158,172.31.40.0-255,66,24676,62,329107
10599,0.000187,74.125.200.0-255,6797,31473,62,329107
10600,0.00019,172.31.40.0-255,66,31539,62,329107
10601,0.000381,74.125.200.0-255,1484,33023,62,329107
10602,0.000387,172.31.40.0-255,66,33089,62,329107
10603,0.000392,74.125.200.0-255,2902,35991,62,329107
10604,0.000395,172.31.40.0-255,66,36057,62,329107
10605,0.000398,74.125.200.0-255,1484,37541,62,329107
10606,0.0004,172.31.40.0-255,66,37607,62,329107
10607,0.000428,74.125.200.0-255,4320,41927,62,329107
10608,0.000431,172.31.40.0-255,66,41993,62,329107
10609,0.000454,74.125.200.0-255,4320,46313,62,329107
10610,0.000456,172.31.40.0-255,66,46379,62,329107
10611,0.000474,74.125.200.0-255,1484,47863,62,329107
10612,0.000476,172.31.40.0-255,66,47929,62,329107
10613,0.000479,74.125.200.0-255,1125,49054,62,329107
10614,0.000481,172.31.40.0-255,66,49120,62,329107
10615,0.000495,74.125.200.0-255,1484,50604,62,329107
10616,0.000497,172.31.40.0-255,66,50670,62,329107
10617,0.000526,74.125.200.0-255,4320,54990,62,329107
10618,0.00053,172.31.40.0-255,66,55056,62,329107
10619,0.000534,74.125.200.0-255,2902,57958,62,329107
10620,0.000536,172.31.40.0-255,66,58024,62,329107
10621,0.000542,74.125.200.0-255,4320,62344,62,329107
10622,0.000544,172.31.40.0-255,66,62410,62,329107
10623,0.000572,74.125.200.0-255,2902,65312,62,329107
10624,0.000576,172.31.40.0-255,66,65378,62,329107
10625,0.000593,74.125.200.0-255,1460,66838,62,329107
10626,0.000596,172.31.40.0-255,66,66904,62,329107
10627,0.000598,74.125.200.0-255,374,67278,62,329107
10628,0.0006,172.31.40.0-255,66,67344,62,329107
10629,0.000955,74.125.200.0-255,1484,68828,62,329107
10630,0.000963,172.31.40.0-255,66,68894,62,329107
10631,0.000968,74.125.200.0-255,2902,71796,62,329107
10632,0.000971,172.31.40.0-255,66,71862,62,329107
10633,0.000975,74.125.200.0-255,2902,74764,62,329107
10634,0.000981,74.125.200.0-255,2902,77666,62,329107
10635,0.001001,74.125.200.0-255,1484,79150,62,329107
10636,0.001008,74.125.200.0-255,4320,83470,62,329107
10637,0.001026,74.125.200.0-255,4320,87790,62,329107
10638,0.001033,74.125.200.0-255,7156,94946,62,329107
10639,0.001084,74.125.200.0-255,6438,101384,62,329107
10640,0.001951,74.125.200.0-255,1484,102868,62,329107
10641,0.001968,74.125.200.0-255,2902,105770,62,329107
10642,0.001986,74.125.200.0-255,4320,110090,62,329107
10643,0.00199,74.125.200.0-255,2902,112992,62,329107
10644,0.002006,74.125.200.0-255,2902,115894,62,329107
10645,0.002022,74.125.200.0-255,2902,118796,62,329107
10646,0.002041,74.125.200.0-255,4320,123116,62,329107
10647,0.002084,74.125.200.0-255,3602,126718,62,329107
10648,0.002141,74.125.200.0-255,1484,128202,62,329107
10649,0.002157,74.125.200.0-255,2902,131104,62,329107
10650,0.00218,74.125.200.0-255,5738,136842,62,329107
10651,0.002192,74.125.200.0-255,1484,138326,62,329107
10652,0.002205,74.125.200.0-255,4320,142646,62,329107
10653,0.002209,74.125.200.0-255,2902,145548,62,329107
10654,0.002229,74.125.200.0-255,4320,149868,62,329107
10655,0.002232,74.125.200.0-255,2902,152770,62,329107
10656,0.002249,74.125.200.0-255,5738,158508,62,329107
10657,0.002282,74.125.200.0-255,2184,160692,62,329107
10658,0.002322,74.125.200.0-255,2902,163594,62,329107
10659,0.002336,74.125.200.0-255,2902,166496,62,329107
10660,0.002354,74.125.200.0-255,4320,170816,62,329107
10661,0.002368,74.125.200.0-255,4320,175136,62,329107
10662,0.002384,74.125.200.0-255,4320,179456,62,329107
10663,0.003935,172.31.40.0-255,66,179522,62,329107
10664,0.006317,74.125.200.0-255,5738,185260,62,329107
10665,0.006324,172.31.40.0-255,66,185326,62,329107
10666,0.008691,74.125.200.0-255,5738,191064,62,329107
10667,0.008699,172.31.40.0-255,66,191130,62,329107
10668,0.011079,74.125.200.0-255,5738,196868,62,329107
10669,0.011086,172.31.40.0-255,66,196934,62,329107
10670,0.013463,74.125.200.0-255,5738,202672,62,329107
10671,0.013473,172.31.40.0-255,66,202738,62,329107
10672,0.015843,74.125.200.0-255,5738,208476,62,329107
10673,0.01585,172.31.40.0-255,66,208542,62,329107
10674,0.018218,74.125.200.0-255,5738,214280,62,329107
10675,0.018225,172.31.40.0-255,66,214346,62,329107
10676,0.020595,74.125.200.0-255,5738,220084,62,329107
10677,0.020604,172.31.40.0-255,66,220150,62,329107
10678,0.023016,74.125.200.0-255,5738,225888,62,329107
10679,0.023023,172.31.40.0-255,66,225954,62,329107
10680,0.02538,74.125.200.0-255,5738,231692,62,329107
10681,0.025387,172.31.40.0-255,66,231758,62,329107
10682,0.027749,74.125.200.0-255,5738,237496,62,329107
10683,0.027757,172.31.40.0-255,66,237562,62,329107
10684,0.030129,74.125.200.0-255,5738,243300,62,329107
10685,0.030139,172.31.40.0-255,66,243366,62,329107
10686,0.032515,74.125.200.0-255,5738,249104,62,329107
10687,0.032522,172.31.40.0-255,66,249170,62,329107
10688,0.0349,74.125.200.0-255,5738,254908,62,329107
10689,0.034905,172.31.40.0-255,66,254974,62,329107
10690,0.035275,172.31.40.0-255,176,255150,62,329107
10691,0.035303,172.31.40.0-255,1077,256227,62,329107
10692,0.036895,104.244.42.0-255,66,256293,62,329107
10693,0.036937,104.244.42.0-255,66,256359,62,329107
10694,0.037268,74.125.200.0-255,4320,260679,62,329107
10695,0.037277,172.31.40.0-255,66,260745,62,329107
10696,0.037291,74.125.200.0-255,1484,262229,62,329107
10697,0.039648,74.125.200.0-255,4320,266549,62,329107
10698,0.039655,172.31.40.0-255,66,266615,62,329107
10699,0.04201,74.125.200.0-255,5738,272353,62,329107
10700,0.042576,172.31.40.0-255,66,272419,62,329107
10701,0.044944,74.125.200.0-255,5738,278157,62,329107
10702,0.04495,172.31.40.0-255,66,278223,62,329107
10703,0.047318,74.125.200.0-255,5738,283961,62,329107
10704,0.047325,172.31.40.0-255,66,284027,62,329107
10705,0.049692,74.125.200.0-255,5738,289765,62,329107
10706,0.049699,172.31.40.0-255,66,289831,62,329107
10707,0.052067,74.125.200.0-255,5738,295569,62,329107
10708,0.052074,172.31.40.0-255,66,295635,62,329107
10709,0.054447,74.125.200.0-255,5738,301373,62,329107
10710,0.054453,172.31.40.0-255,66,301439,62,329107
10711,0.056815,74.125.200.0-255,5738,307177,62,329107
10712,0.056822,172.31.40.0-255,66,307243,62,329107
10713,0.059172,74.125.200.0-255,4320,311563,62,329107
10714,0.059179,172.31.40.0-255,66,311629,62,329107
10715,0.059198,74.125.200.0-255,1484,313113,62,329107
10716,0.061543,74.125.200.0-255,4320,317433,62,329107
10717,0.06155,172.31.40.0-255,66,317499,62,329107
10718,0.06391,74.125.200.0-255,5738,323237,62,329107
10719,0.066366,172.31.40.0-255,66,323303,62,329107
10720,0.068739,74.125.200.0-255,5738,329041,62,329107
10721,0.06875,172.31.40.0-255,66,329107,62,329107
10722,0.0,74.125.200.0-255,153,153,62,188776
10723,2.3e-05,172.31.40.0-255,66,219,62,188776
10724,3e-05,74.125.200.0-255,1484,1703,62,188776
10725,3.4e-05,172.31.40.0-255,66,1769,62,188776
10726,4e-05,74.125.200.0-255,2902,4671,62,188776
10727,4.4e-05,172.31.40.0-255,66,4737,62,188776
10728,0.000114,74.125.200.0-255,4320,9057,62,188776
10729,0.000118,172.31.40.0-255,66,9123,62,188776
10730,0.000132,74.125.200.0-255,1484,10607,62,188776
10731,0.000135,172.31.40.0-255,66,10673,62,188776
10732,0.000267,74.125.200.0-255,3518,14191,62,188776
10733,0.000272,172.31.40.0-255,66,14257,62,188776
10734,0.00037,74.125.200.0-255,7156,21413,62,188776
10735,0.000374,172.31.40.0-255,66,21479,62,188776
10736,0.000395,74.125.200.0-255,4320,25799,62,188776
10737,0.000397,172.31.40.0-255,66,25865,62,188776
10738,0.000682,74.125.200.0-255,5379,31244,62,188776
10739,0.000688,172.31.40.0-255,66,31310,62,188776
10740,0.000832,74.125.200.0-255,4320,35630,62,188776
10741,0.000837,172.31.40.0-255,66,35696,62,188776
10742,0.000869,172.31.40.0-255,66,35762,62,188776
10743,0.001295,74.125.200.0-255,7156,42918,62,188776
10744,0.001303,172.31.40.0-255,66,42984,62,188776
10745,0.001333,172.31.40.0-255,66,43050,62,188776
10746,0.001781,172.31.40.0-255,66,43116,62,188776
10747,0.001819,172.31.40.0-255,66,43182,62,188776
10748,0.002588,74.125.200.0-255,2902,46084,62,188776
10749,0.002591,172.31.40.0-255,66,46150,62,188776
10750,0.00357,74.125.200.0-255,2902,49052,62,188776
10751,0.003638,74.125.200.0-255,4320,53372,62,188776
10752,0.004548,74.125.200.0-255,1484,54856,62,188776
10753,0.005454,172.31.40.0-255,66,54922,62,188776
10754,0.008135,74.125.200.0-255,2902,57824,62,188776
10755,0.008143,172.31.40.0-255,66,57890,62,188776
10756,0.008167,74.125.200.0-255,2902,60792,62,188776
10757,0.010825,74.125.200.0-255,2902,63694,62,188776
10758,0.011453,172.31.40.0-255,66,63760,62,188776
10759,0.014133,74.125.200.0-255,5738,69498,62,188776
10760,0.01414,172.31.40.0-255,66,69564,62,188776
10761,0.016808,74.125.200.0-255,5738,75302,62,188776
10762,0.016816,172.31.40.0-255,66,75368,62,188776
10763,0.019491,74.125.200.0-255,5738,81106,62,188776
10764,0.0195,172.31.40.0-255,66,81172,62,188776
10765,0.022169,74.125.200.0-255,5738,86910,62,188776
10766,0.022177,172.31.40.0-255,66,86976,62,188776
10767,0.024838,74.125.200.0-255,5738,92714,62,188776
10768,0.024845,172.31.40.0-255,66,92780,62,188776
10769,0.027534,74.125.200.0-255,5738,98518,62,188776
10770,0.027542,172.31.40.0-255,66,98584,62,188776
10771,0.030212,74.125.200.0-255,5738,104322,62,188776
10772,0.030223,172.31.40.0-255,66,104388,62,188776
10773,0.032903,74.125.200.0-255,5738,110126,62,188776
10774,0.032909,172.31.40.0-255,66,110192,62,188776
10775,0.035587,74.125.200.0-255,5738,115930,62,188776
10776,0.0356,172.31.40.0-255,66,115996,62,188776
10777,0.038274,74.125.200.0-255,2902,118898,62,188776
10778,0.038288,172.31.40.0-255,66,118964,62,188776
10779,0.038313,74.125.200.0-255,2902,121866,62,188776
10780,0.038361,172.31.40.0-255,66,121932,62,188776
10781,0.040962,74.125.200.0-255,2902,124834,62,188776
10782,0.040973,172.31.40.0-255,66,124900,62,188776
10783,0.041009,74.125.200.0-255,2902,127802,62,188776
10784,0.041409,172.31.40.0-255,66,127868,62,188776
10785,0.041741,172.31.40.0-255,172,128040,62,188776
10786,0.041771,172.31.40.0-255,1077,129117,62,188776
10787,0.043394,104.244.42.0-255,66,129183,62,188776
10788,0.04343,104.244.42.0-255,66,129249,62,188776
10789,0.043674,74.125.200.0-255,2902,132151,62,188776
10790,0.043683,172.31.40.0-255,66,132217,62,188776
10791,0.044074,74.125.200.0-255,2902,135119,62,188776
10792,0.044081,172.31.40.0-255,66,135185,62,188776
10793,0.046341,74.125.200.0-255,2902,138087,62,188776
10794,0.04635,172.31.40.0-255,66,138153,62,188776
10795,0.046751,74.125.200.0-255,2902,141055,62,188776
10796,0.046757,172.31.40.0-255,66,141121,62,188776
10797,0.049038,74.125.200.0-255,2902,144023,62,188776
10798,0.049046,172.31.40.0-255,66,144089,62,188776
10799,0.049439,74.125.200.0-255,2902,146991,62,188776
10800,0.049446,172.31.40.0-255,66,147057,62,188776
10801,0.051724,74.125.200.0-255,2902,149959,62,188776
10802,0.051733,172.31.40.0-255,66,150025,62,188776
10803,0.052153,74.125.200.0-255,2902,152927,62,188776
10804,0.05216,172.31.40.0-255,66,152993,62,188776
10805,0.054397,74.125.200.0-255,2902,155895,62,188776
10806,0.054405,172.31.40.0-255,66,155961,62,188776
10807,0.054841,74.125.200.0-255,2902,158863,62,188776
10808,0.054848,172.31.40.0-255,66,158929,62,188776
10809,0.05707,74.125.200.0-255,2902,161831,62,188776
10810,0.057077,172.31.40.0-255,66,161897,62,188776
10811,0.057514,74.125.200.0-255,2902,164799,62,188776
10812,0.05752,172.31.40.0-255,66,164865,62,188776
10813,0.059746,74.125.200.0-255,2902,167767,62,188776
10814,0.059752,172.31.40.0-255,66,167833,62,188776
10815,0.060177,74.125.200.0-255,2902,170735,62,188776
10816,0.060184,172.31.40.0-255,66,170801,62,188776
10817,0.062424,74.125.200.0-255,2902,173703,62,188776
10818,0.062431,172.31.40.0-255,66,173769,62,188776
10819,0.062858,74.125.200.0-255,2902,176671,62,188776
10820,0.062864,172.31.40.0-255,66,176737,62,188776
10821,0.065106,74.125.200.0-255,2902,179639,62,188776
10822,0.065114,172.31.40.0-255,66,179705,62,188776
10823,0.065206,172.31.40.0-255,101,179806,62,188776
10824,0.065526,74.125.200.0-255,2902,182708,62,188776
10825,0.065532,172.31.40.0-255,66,182774,62,188776
10826,0.067784,74.125.200.0-255,2902,185676,62,188776
10827,0.06779,172.31.40.0-255,66,185742,62,188776
10828,0.067813,74.125.200.0-255,66,185808,62,188776
10829,0.068206,74.125.200.0-255,2902,188710,62,188776
10830,0.068212,172.31.40.0-255,66,188776,62,188776
10831,0.0,74.125.24.0-255,153,153,62,271164
10832,1.6e-05,172.31.40.0-255,66,219,62,271164
10833,2.2e-05,74.125.24.0-255,1484,1703,62,271164
10834,2.7e-05,172.31.40.0-255,66,1769,62,271164
10835,3.2e-05,74.125.24.0-255,2902,4671,62,271164
10836,3.5e-05,172.31.40.0-255,66,4737,62,271164
10837,4.3e-05,74.125.24.0-255,7156,11893,62,271164
10838,4.6e-05,172.31.40.0-255,66,11959,62,271164
10839,5e-05,74.125.24.0-255,2037,13996,62,271164
10840,5.3e-05,172.31.40.0-255,66,14062,62,271164
10841,0.000106,74.125.24.0-255,1484,15546,62,271164
10842,0.000109,172.31.40.0-255,66,15612,62,271164
10843,0.000114,74.125.24.0-255,2902,18514,62,271164
10844,0.000116,172.31.40.0-255,66,18580,62,271164
10845,0.000141,74.125.24.0-255,5738,24318,62,271164
10846,0.000145,172.31.40.0-255,66,24384,62,271164
10847,0.000194,74.125.24.0-255,2902,27286,62,271164
10848,0.000197,172.31.40.0-255,66,27352,62,271164
10849,0.000209,74.125.24.0-255,3961,31313,62,271164
10850,0.000212,172.31.40.0-255,66,31379,62,271164
10851,0.000408,74.125.24.0-255,1484,32863,62,271164
10852,0.000413,172.31.40.0-255,66,32929,62,271164
10853,0.00042,74.125.24.0-255,2902,35831,62,271164
10854,0.000423,172.31.40.0-255,66,35897,62,271164
10855,0.000428,74.125.24.0-255,4320,40217,62,271164
10856,0.00043,172.31.40.0-255,66,40283,62,271164
10857,0.000451,74.125.24.0-255,1484,41767,62,271164
10858,0.000453,172.31.40.0-255,66,41833,62,271164
10859,0.000456,74.125.24.0-255,1484,43317,62,271164
10860,0.000458,172.31.40.0-255,66,43383,62,271164
10861,0.000482,172.31.40.0-255,66,43449,62,271164
10862,0.000496,74.125.24.0-255,3961,47410,62,271164
10863,0.000499,172.31.40.0-255,66,47476,62,271164
10864,0.00055,74.125.24.0-255,5738,53214,62,271164
10865,0.000554,172.31.40.0-255,66,53280,62,271164
10866,0.000573,74.125.24.0-255,4297,57577,62,271164
10867,0.000576,172.31.40.0-255,66,57643,62,271164
10868,0.000579,74.125.24.0-255,373,58016,62,271164
10869,0.001028,172.31.40.0-255,66,58082,62,271164
10870,0.001104,74.125.24.0-255,1484,59566,62,271164
10871,0.001113,74.125.24.0-255,2902,62468,62,271164
10872,0.001116,172.31.40.0-255,66,62534,62,271164
10873,0.00112,74.125.24.0-255,1484,64018,62,271164
10874,0.001146,74.125.24.0-255,4320,68338,62,271164
10875,0.001149,172.31.40.0-255,66,68404,62,271164
10876,0.001154,74.125.24.0-255,2902,71306,62,271164
10877,0.001156,172.31.40.0-255,66,71372,62,271164
10878,0.001179,74.125.24.0-255,7156,78528,62,271164
10879,0.001181,172.31.40.0-255,66,78594,62,271164
10880,0.001209,74.125.24.0-255,4320,82914,62,271164
10881,0.001211,172.31.40.0-255,66,82980,62,271164
10882,0.001239,172.31.40.0-255,66,83046,62,271164
10883,0.001882,74.125.24.0-255,1484,84530,62,271164
10884,0.001891,74.125.24.0-255,2902,87432,62,271164
10885,0.001896,172.31.40.0-255,66,87498,62,271164
10886,0.001903,74.125.24.0-255,5738,93236,62,271164
10887,0.001905,172.31.40.0-255,66,93302,62,271164
10888,0.001933,74.125.24.0-255,7156,100458,62,271164
10889,0.001935,172.31.40.0-255,66,100524,62,271164
10890,0.001959,74.125.24.0-255,5738,106262,62,271164
10891,0.001961,172.31.40.0-255,66,106328,62,271164
10892,0.001967,74.125.24.0-255,4320,110648,62,271164
10893,0.001969,172.31.40.0-255,66,110714,62,271164
10894,0.001985,74.125.24.0-255,6438,117152,62,271164
10895,0.001987,172.31.40.0-255,66,117218,62,271164
10896,0.004586,74.125.24.0-255,5738,122956,62,271164
10897,0.004592,172.31.40.0-255,66,123022,62,271164
10898,0.00724,74.125.24.0-255,2902,125924,62,271164
10899,0.007247,172.31.40.0-255,66,125990,62,271164
10900,0.007269,74.125.24.0-255,2902,128892,62,271164
10901,0.007272,172.31.40.0-255,66,128958,62,271164
10902,0.009852,74.125.24.0-255,2902,131860,62,271164
10903,0.009861,172.31.40.0-255,66,131926,62,271164
10904,0.009885,74.125.24.0-255,2902,134828,62,271164
10905,0.009888,172.31.40.0-255,66,134894,62,271164
10906,0.012486,74.125.24.0-255,2902,137796,62,271164
10907,0.012496,172.31.40.0-255,66,137862,62,271164
10908,0.012516,74.125.24.0-255,2902,140764,62,271164
10909,0.012519,172.31.40.0-255,66,140830,62,271164
10910,0.0151,74.125.24.0-255,2902,143732,62,271164
10911,0.015111,172.31.40.0-255,66,143798,62,271164
10912,0.015132,74.125.24.0-255,2902,146700,62,271164
10913,0.015135,172.31.40.0-255,66,146766,62,271164
10914,0.017712,74.125.24.0-255,5738,152504,62,271164
10915,0.01772,172.31.40.0-255,66,152570,62,271164
10916,0.020346,74.125.24.0-255,5738,158308,62,271164
10917,0.020354,172.31.40.0-255,66,158374,62,271164
10918,0.022944,74.125.24.0-255,5738,164112,62,271164
10919,0.022951,172.31.40.0-255,66,164178,62,271164
10920,0.025545,74.125.24.0-255,5738,169916,62,271164
10921,0.025551,172.31.40.0-255,66,169982,62,271164
10922,0.025712,172.31.40.0-255,172,170154,62,271164
10923,0.025736,172.31.40.0-255,1110,171264,62,271164
10924,0.02579,172.31.40.0-255,1514,172778,62,271164
10925,0.025791,172.31.40.0-255,1300,174078,62,271164
10926,0.027276,104.244.42.0-255,66,174144,62,271164
10927,0.027284,104.244.42.0-255,66,174210,62,271164
10928,0.027324,104.244.42.0-255,66,174276,62,271164
10929,0.028163,74.125.24.0-255,5738,180014,62,271164
10930,0.02817,172.31.40.0-255,66,180080,62,271164
10931,0.030799,74.125.24.0-255,5738,185818,62,271164
10932,0.030806,172.31.40.0-255,66,185884,62,271164
10933,0.033394,74.125.24.0-255,2902,188786,62,271164
10934,0.0334,172.31.40.0-255,66,188852,62,271164
10935,0.033421,74.125.24.0-255,2902,191754,62,271164
10936,0.033423,172.31.40.0-255,66,191820,62,271164
10937,0.035965,74.125.24.0-255,2902,194722,62,271164
10938,0.035971,172.31.40.0-255,66,194788,62,271164
10939,0.036013,74.125.24.0-255,2902,197690,62,271164
10940,0.036016,172.31.40.0-255,66,197756,62,271164
10941,0.03858,74.125.24.0-255,2902,200658,62,271164
10942,0.038586,172.31.40.0-255,66,200724,62,271164
10943,0.038605,74.125.24.0-255,1484,202208,62,271164
10944,0.038621,74.125.24.0-255,1484,203692,62,271164
10945,0.038623,172.31.40.0-255,66,203758,62,271164
10946,0.041176,74.125.24.0-255,2902,206660,62,271164
10947,0.041184,172.31.40.0-255,66,206726,62,271164
10948,0.041206,74.125.24.0-255,2902,209628,62,271164
10949,0.041209,172.31.40.0-255,66,209694,62,271164
10950,0.04379,74.125.24.0-255,2902,212596,62,271164
10951,0.043796,172.31.40.0-255,66,212662,62,271164
10952,0.043818,74.125.24.0-255,2902,215564,62,271164
10953,0.043821,172.31.40.0-255,66,215630,62,271164
10954,0.046404,74.125.24.0-255,2902,218532,62,271164
10955,0.046412,172.31.40.0-255,66,218598,62,271164
10956,0.046433,74.125.24.0-255,2902,221500,62,271164
10957,0.046436,172.31.40.0-255,66,221566,62,271164
10958,0.04904,74.125.24.0-255,5738,227304,62,271164
10959,0.049049,172.31.40.0-255,66,227370,62,271164
10960,0.051646,74.125.24.0-255,5738,233108,62,271164
10961,0.051653,172.31.40.0-255,66,233174,62,271164
10962,0.054258,74.125.24.0-255,5738,238912,62,271164
10963,0.054265,172.31.40.0-255,66,238978,62,271164
10964,0.056873,74.125.24.0-255,4320,243298,62,271164
10965,0.05688,172.31.40.0-255,66,243364,62,271164
10966,0.056904,74.125.24.0-255,1484,244848,62,271164
10967,0.059461,74.125.24.0-255,4320,249168,62,271164
10968,0.059467,172.31.40.0-255,66,249234,62,271164
10969,0.062047,74.125.24.0-255,1484,250718,62,271164
10970,0.06207,74.125.24.0-255,4320,255038,62,271164
10971,0.062075,172.31.40.0-255,66,255104,62,271164
10972,0.064689,74.125.24.0-255,5738,260842,62,271164
10973,0.064696,172.31.40.0-255,66,260908,62,271164
10974,0.067297,74.125.24.0-255,4320,265228,62,271164
10975,0.067304,172.31.40.0-255,66,265294,62,271164
10976,0.067322,74.125.24.0-255,1484,266778,62,271164
10977,0.069915,74.125.24.0-255,4320,271098,62,271164
10978,0.069923,172.31.40.0-255,66,271164,62,271164
10979,0.0,172.217.194.0-255,153,153,62,280204
10980,2e-05,172.31.40.0-255,66,219,62,280204
10981,2.7e-05,172.217.194.0-255,1484,1703,62,280204
10982,3.2e-05,172.31.40.0-255,66,1769,62,280204
10983,3.8e-05,172.217.194.0-255,2902,4671,62,280204
10984,4.2e-05,172.31.40.0-255,66,4737,62,280204
10985,4.7e-05,172.217.194.0-255,2902,7639,62,280204
10986,4.9e-05,172.31.40.0-255,66,7705,62,280204
10987,7.3e-05,172.217.194.0-255,2902,10607,62,280204
10988,7.7e-05,172.31.40.0-255,66,10673,62,280204
10989,9.2e-05,172.217.194.0-255,5738,16411,62,280204
10990,9.5e-05,172.31.40.0-255,66,16477,62,280204
10991,0.000129,172.31.40.0-255,66,16543,62,280204
10992,0.000133,172.217.194.0-255,2902,19445,62,280204
10993,0.000135,172.31.40.0-255,66,19511,62,280204
10994,0.000154,172.217.194.0-255,3961,23472,62,280204
10995,0.000157,172.31.40.0-255,66,23538,62,280204
10996,0.000341,172.217.194.0-255,1484,25022,62,280204
10997,0.000346,172.31.40.0-255,66,25088,62,280204
10998,0.000351,172.217.194.0-255,2902,27990,62,280204
10999,0.000354,172.31.40.0-255,66,28056,62,280204
11000,0.000375,172.217.194.0-255,1484,29540,62,280204
11001,0.000377,172.31.40.0-255,66,29606,62,280204
11002,0.000398,172.217.194.0-255,4320,33926,62,280204
11003,0.0004,172.31.40.0-255,66,33992,62,280204
11004,0.000403,172.217.194.0-255,1484,35476,62,280204
11005,0.000405,172.31.40.0-255,66,35542,62,280204
11006,0.000409,172.217.194.0-255,2902,38444,62,280204
11007,0.000411,172.31.40.0-255,66,38510,62,280204
11008,0.000431,172.217.194.0-255,2902,41412,62,280204
11009,0.000433,172.31.40.0-255,66,41478,62,280204
11010,0.000452,172.217.194.0-255,3961,45439,62,280204
11011,0.00047,172.217.194.0-255,2902,48341,62,280204
11012,0.000526,172.217.194.0-255,4320,52661,62,280204
11013,0.000543,172.217.194.0-255,5379,58040,62,280204
11014,0.000587,172.217.194.0-255,646,58686,62,280204
11015,0.000611,172.31.40.0-255,66,58752,62,280204
11016,0.000693,172.217.194.0-255,1484,60236,62,280204
11017,0.000699,172.217.194.0-255,2902,63138,62,280204
11018,0.000706,172.31.40.0-255,66,63204,62,280204
11019,0.000717,172.217.194.0-255,5738,68942,62,280204
11020,0.000728,172.31.40.0-255,66,69008,62,280204
11021,0.000735,172.217.194.0-255,1484,70492,62,280204
11022,0.000757,172.217.194.0-255,7156,77648,62,280204
11023,0.000772,172.31.40.0-255,66,77714,62,280204
11024,0.000778,172.217.194.0-255,5379,83093,62,280204
11025,0.000783,172.217.194.0-255,4320,87413,62,280204
11026,0.000789,172.31.40.0-255,66,87479,62,280204
11027,0.00081,172.217.194.0-255,5379,92858,62,280204
11028,0.000818,172.31.40.0-255,66,92924,62,280204
11029,0.001851,172.217.194.0-255,1484,94408,62,280204
11030,0.001863,172.217.194.0-255,2902,97310,62,280204
11031,0.001867,172.31.40.0-255,66,97376,62,280204
11032,0.001876,172.217.194.0-255,5738,103114,62,280204
11033,0.001909,172.217.194.0-255,2902,106016,62,280204
11034,0.001941,172.217.194.0-255,1484,107500,62,280204
11035,0.001997,172.217.194.0-255,2184,109684,62,280204
11036,0.007394,172.31.40.0-255,66,109750,62,280204
11037,0.009371,172.217.194.0-255,5738,115488,62,280204
11038,0.00938,172.31.40.0-255,66,115554,62,280204
11039,0.011387,172.217.194.0-255,5738,121292,62,280204
11040,0.012617,172.31.40.0-255,66,121358,62,280204
11041,0.014689,172.217.194.0-255,5738,127096,62,280204
11042,0.014697,172.31.40.0-255,66,127162,62,280204
11043,0.016733,172.217.194.0-255,5738,132900,62,280204
11044,0.01674,172.31.40.0-255,66,132966,62,280204
11045,0.018758,172.217.194.0-255,5738,138704,62,280204
11046,0.018765,172.31.40.0-255,66,138770,62,280204
11047,0.020752,172.217.194.0-255,5738,144508,62,280204
11048,0.020759,172.31.40.0-255,66,144574,62,280204
11049,0.022769,172.217.194.0-255,5738,150312,62,280204
11050,0.022777,172.31.40.0-255,66,150378,62,280204
11051,0.024748,172.31.40.0-255,167,150545,62,280204
11052,0.024781,172.217.194.0-255,2902,153447,62,280204
11053,0.024787,172.31.40.0-255,66,153513,62,280204
11054,0.024791,172.31.40.0-255,1105,154618,62,280204
11055,0.024807,172.217.194.0-255,2902,157520,62,280204
11056,0.024868,172.31.40.0-255,1514,159034,62,280204
11057,0.02487,172.31.40.0-255,340,159374,62,280204
11058,0.024903,172.31.40.0-255,66,159440,62,280204
11059,0.026311,104.244.42.0-255,66,159506,62,280204
11060,0.026364,104.244.42.0-255,66,159572,62,280204
11061,0.02649,104.244.42.0-255,66,159638,62,280204
11062,0.026753,172.217.194.0-255,2902,162540,62,280204
11063,0.026759,172.31.40.0-255,66,162606,62,280204
11064,0.026948,172.217.194.0-255,2902,165508,62,280204
11065,0.026954,172.31.40.0-255,66,165574,62,280204
11066,0.028747,172.217.194.0-255,2902,168476,62,280204
11067,0.028754,172.31.40.0-255,66,168542,62,280204
11068,0.028951,172.217.194.0-255,2902,171444,62,280204
11069,0.028956,172.31.40.0-255,66,171510,62,280204
11070,0.030782,172.217.194.0-255,2902,174412,62,280204
11071,0.030789,172.31.40.0-255,66,174478,62,280204
11072,0.030937,172.217.194.0-255,2902,177380,62,280204
11073,0.030942,172.31.40.0-255,66,177446,62,280204
11074,0.032788,172.217.194.0-255,2902,180348,62,280204
11075,0.032795,172.31.40.0-255,66,180414,62,280204
11076,0.032906,172.217.194.0-255,2902,183316,62,280204
11077,0.032911,172.31.40.0-255,66,183382,62,280204
11078,0.034773,172.217.194.0-255,2902,186284,62,280204
11079,0.034781,172.31.40.0-255,66,186350,62,280204
11080,0.034909,172.217.194.0-255,2902,189252,62,280204
11081,0.035119,172.31.40.0-255,66,189318,62,280204
11082,0.036784,172.217.194.0-255,2902,192220,62,280204
11083,0.036791,172.31.40.0-255,66,192286,62,280204
11084,0.03708,172.217.194.0-255,2902,195188,62,280204
11085,0.037088,172.31.40.0-255,66,195254,62,280204
11086,0.038761,172.217.194.0-255,2902,198156,62,280204
11087,0.038768,172.31.40.0-255,66,198222,62,280204
11088,0.039122,172.217.194.0-255,2902,201124,62,280204
11089,0.039128,172.31.40.0-255,66,201190,62,280204
11090,0.040786,172.217.194.0-255,2902,204092,62,280204
11091,0.040792,172.31.40.0-255,66,204158,62,280204
11092,0.041151,172.217.194.0-255,2902,207060,62,280204
11093,0.041157,172.31.40.0-255,66,207126,62,280204
11094,0.042761,172.217.194.0-255,2902,210028,62,280204
11095,0.042767,172.31.40.0-255,66,210094,62,280204
11096,0.043165,172.217.194.0-255,2902,212996,62,280204
11097,0.043171,172.31.40.0-255,66,213062,62,280204
11098,0.044789,172.217.194.0-255,2902,215964,62,280204
11099,0.044795,172.31.40.0-255,66,216030,62,280204
11100,0.045182,172.217.194.0-255,2902,218932,62,280204
11101,0.045188,172.31.40.0-255,66,218998,62,280204
11102,0.046775,172.217.194.0-255,2902,221900,62,280204
11103,0.046781,172.31.40.0-255,66,221966,62,280204
11104,0.047195,172.217.194.0-255,2902,224868,62,280204
11105,0.047201,172.31.40.0-255,66,224934,62,280204
11106,0.048813,172.217.194.0-255,2902,227836,62,280204
11107,0.04882,172.31.40.0-255,66,227902,62,280204
11108,0.049207,172.217.194.0-255,2902,230804,62,280204
11109,0.05088,172.217.194.0-255,2902,233706,62,280204
11110,0.052702,172.31.40.0-255,66,233772,62,280204
11111,0.054708,172.217.194.0-255,5738,239510,62,280204
11112,0.054725,172.31.40.0-255,66,239576,62,280204
11113,0.056753,172.217.194.0-255,5738,245314,62,280204
11114,0.056765,172.31.40.0-255,66,245380,62,280204
11115,0.058802,172.217.194.0-255,5738,251118,62,280204
11116,0.058817,172.31.40.0-255,66,251184,62,280204
11117,0.060868,172.217.194.0-255,5738,256922,62,280204
11118,0.060879,172.31.40.0-255,66,256988,62,280204
11119,0.062933,172.217.194.0-255,5738,262726,62,280204
11120,0.06294,172.31.40.0-255,66,262792,62,280204
11121,0.064943,172.217.194.0-255,5738,268530,62,280204
11122,0.06495,172.31.40.0-255,66,268596,62,280204
11123,0.066956,172.217.194.0-255,5738,274334,62,280204
11124,0.066962,172.31.40.0-255,66,274400,62,280204
11125,0.068961,172.217.194.0-255,5738,280138,62,280204
11126,0.068968,172.31.40.0-255,66,280204,62,280204
11127,0.0,74.125.24.0-255,152,152,62,243176
11128,1.6e-05,172.31.40.0-255,66,218,62,243176
11129,2.3e-05,74.125.24.0-255,1484,1702,62,243176
11130,2.8e-05,172.31.40.0-255,66,1768,62,243176
11131,3.4e-05,74.125.24.0-255,2902,4670,62,243176
11132,4.5e-05,172.31.40.0-255,66,4736,62,243176
11133,5.2e-05,74.125.24.0-255,5738,10474,62,243176
11134,5.5e-05,172.31.40.0-255,66,10540,62,243176
11135,6.2e-05,74.125.24.0-255,6309,16849,62,243176
11136,6.5e-05,172.31.40.0-255,66,16915,62,243176
11137,9.5e-05,74.125.24.0-255,7156,24071,62,243176
11138,9.9e-05,172.31.40.0-255,66,24137,62,243176
11139,0.000119,74.125.24.0-255,6797,30934,62,243176
11140,0.000121,172.31.40.0-255,66,31000,62,243176
11141,0.001205,74.125.24.0-255,1484,32484,62,243176
11142,0.001213,172.31.40.0-255,66,32550,62,243176
11143,0.001223,74.125.24.0-255,2902,35452,62,243176
11144,0.001226,172.31.40.0-255,66,35518,62,243176
11145,0.001238,74.125.24.0-255,5738,41256,62,243176
11146,0.001241,172.31.40.0-255,66,41322,62,243176
11147,0.001248,74.125.24.0-255,5738,47060,62,243176
11148,0.00125,172.31.40.0-255,66,47126,62,243176
11149,0.001286,74.125.24.0-255,7156,54282,62,243176
11150,0.001289,172.31.40.0-255,66,54348,62,243176
11151,0.0013,172.31.40.0-255,66,54414,62,243176
11152,0.001304,74.125.24.0-255,1484,55898,62,243176
11153,0.001307,172.31.40.0-255,66,55964,62,243176
11154,0.001337,74.125.24.0-255,766,56730,62,243176
11155,0.001339,172.31.40.0-255,66,56796,62,243176
11156,0.002157,74.125.24.0-255,410,57206,62,243176
11157,0.002165,172.31.40.0-255,66,57272,62,243176
11158,0.002206,74.125.24.0-255,1484,58756,62,243176
11159,0.002213,74.125.24.0-255,4320,63076,62,243176
11160,0.002216,172.31.40.0-255,66,63142,62,243176
11161,0.002223,74.125.24.0-255,5738,68880,62,243176
11162,0.002225,172.31.40.0-255,66,68946,62,243176
11163,0.002254,74.125.24.0-255,2902,71848,62,243176
11164,0.002256,172.31.40.0-255,66,71914,62,243176
11165,0.00227,172.31.40.0-255,66,71980,62,243176
11166,0.002294,74.125.24.0-255,1484,73464,62,243176
11167,0.0023,74.125.24.0-255,5020,78484,62,243176
11168,0.002303,172.31.40.0-255,66,78550,62,243176
11169,0.004697,74.125.24.0-255,4320,82870,62,243176
11170,0.004703,172.31.40.0-255,66,82936,62,243176
11171,0.00473,74.125.24.0-255,1484,84420,62,243176
11172,0.007128,74.125.24.0-255,4320,88740,62,243176
11173,0.007132,172.31.40.0-255,66,88806,62,243176
11174,0.00956,74.125.24.0-255,5738,94544,62,243176
11175,0.009569,172.31.40.0-255,66,94610,62,243176
11176,0.012013,74.125.24.0-255,5738,100348,62,243176
11177,0.01202,172.31.40.0-255,66,100414,62,243176
11178,0.01444,74.125.24.0-255,5738,106152,62,243176
11179,0.014447,172.31.40.0-255,66,106218,62,243176
11180,0.016863,74.125.24.0-255,5738,111956,62,243176
11181,0.016872,172.31.40.0-255,66,112022,62,243176
11182,0.019286,74.125.24.0-255,5738,117760,62,243176
11183,0.019294,172.31.40.0-255,66,117826,62,243176
11184,0.021747,74.125.24.0-255,5738,123564,62,243176
11185,0.021759,172.31.40.0-255,66,123630,62,243176
11186,0.024191,74.125.24.0-255,5738,129368,62,243176
11187,0.0242,172.31.40.0-255,66,129434,62,243176
11188,0.026657,74.125.24.0-255,5738,135172,62,243176
11189,0.026663,172.31.40.0-255,66,135238,62,243176
11190,0.02914,74.125.24.0-255,5738,140976,62,243176
11191,0.029148,172.31.40.0-255,66,141042,62,243176
11192,0.031571,74.125.24.0-255,5738,146780,62,243176
11193,0.031579,172.31.40.0-255,66,146846,62,243176
11194,0.033997,74.125.24.0-255,5738,152584,62,243176
11195,0.034005,172.31.40.0-255,66,152650,62,243176
11196,0.03644,74.125.24.0-255,5738,158388,62,243176
11197,0.036447,172.31.40.0-255,66,158454,62,243176
11198,0.037233,172.31.40.0-255,176,158630,62,243176
11199,0.037259,172.31.40.0-255,1110,159740,62,243176
11200,0.037339,172.31.40.0-255,1514,161254,62,243176
11201,0.037341,172.31.40.0-255,1514,162768,62,243176
11202,0.037345,172.31.40.0-255,1514,164282,62,243176
11203,0.037346,172.31.40.0-255,1514,165796,62,243176
11204,0.03737,172.31.40.0-255,1514,167310,62,243176
11205,0.03737,172.31.40.0-255,150,167460,62,243176
11206,0.038854,74.125.24.0-255,5738,173198,62,243176
11207,0.038861,172.31.40.0-255,66,173264,62,243176
11208,0.038889,104.244.42.0-255,66,173330,62,243176
11209,0.038935,104.244.42.0-255,66,173396,62,243176
11210,0.039016,104.244.42.0-255,66,173462,62,243176
11211,0.039022,104.244.42.0-255,66,173528,62,243176
11212,0.041272,74.125.24.0-255,5738,179266,62,243176
11213,0.041278,172.31.40.0-255,66,179332,62,243176
11214,0.043691,74.125.24.0-255,5738,185070,62,243176
11215,0.043697,172.31.40.0-255,66,185136,62,243176
11216,0.046103,74.125.24.0-255,5738,190874,62,243176
11217,0.04611,172.31.40.0-255,66,190940,62,243176
11218,0.04857,74.125.24.0-255,5738,196678,62,243176
11219,0.048578,172.31.40.0-255,66,196744,62,243176
11220,0.051198,74.125.24.0-255,5738,202482,62,243176
11221,0.051205,172.31.40.0-255,66,202548,62,243176
11222,0.053636,74.125.24.0-255,5738,208286,62,243176
11223,0.053643,172.31.40.0-255,66,208352,62,243176
11224,0.056079,74.125.24.0-255,5738,214090,62,243176
11225,0.056086,172.31.40.0-255,66,214156,62,243176
11226,0.058499,74.125.24.0-255,5738,219894,62,243176
11227,0.058505,172.31.40.0-255,66,219960,62,243176
11228,0.060914,74.125.24.0-255,5738,225698,62,243176
11229,0.060921,172.31.40.0-255,66,225764,62,243176
11230,0.063352,74.125.24.0-255,5738,231502,62,243176
11231,0.063359,172.31.40.0-255,66,231568,62,243176
11232,0.065771,74.125.24.0-255,5738,237306,62,243176
11233,0.065777,172.31.40.0-255,66,237372,62,243176
11234,0.068195,74.125.24.0-255,5738,243110,62,243176
11235,0.068201,172.31.40.0-255,66,243176,62,243176
11236,0.0,172.217.194.0-255,146,146,62,275293
11237,2.2e-05,172.31.40.0-255,66,212,62,275293
11238,3e-05,172.217.194.0-255,1484,1696,62,275293
11239,3.4e-05,172.31.40.0-255,66,1762,62,275293
11240,4.7e-05,172.217.194.0-255,2902,4664,62,275293
11241,5e-05,172.31.40.0-255,66,4730,62,275293
11242,5.9e-05,172.217.194.0-255,7156,11886,62,275293
11243,6.2e-05,172.31.40.0-255,66,11952,62,275293
11244,6.6e-05,172.217.194.0-255,2163,14115,62,275293
11245,6.8e-05,172.31.40.0-255,66,14181,62,275293
11246,7.2e-05,172.217.194.0-255,1484,15665,62,275293
11247,7.4e-05,172.31.40.0-255,66,15731,62,275293
11248,0.000109,172.217.194.0-255,1484,17215,62,275293
11249,0.000112,172.31.40.0-255,66,17281,62,275293
11250,0.00012,172.217.194.0-255,7156,24437,62,275293
11251,0.000123,172.31.40.0-255,66,24503,62,275293
11252,0.000155,172.217.194.0-255,6797,31300,62,275293
11253,0.000158,172.31.40.0-255,66,31366,62,275293
11254,0.000677,172.217.194.0-255,1484,32850,62,275293
11255,0.000684,172.31.40.0-255,66,32916,62,275293
11256,0.000692,172.217.194.0-255,2902,35818,62,275293
11257,0.000694,172.31.40.0-255,66,35884,62,275293
11258,0.000705,172.217.194.0-255,5738,41622,62,275293
11259,0.000707,172.31.40.0-255,66,41688,62,275293
11260,0.000747,172.31.40.0-255,66,41754,62,275293
11261,0.000758,172.31.40.0-255,66,41820,62,275293
11262,0.000787,172.217.194.0-255,2902,44722,62,275293
11263,0.00079,172.31.40.0-255,66,44788,62,275293
11264,0.000793,172.217.194.0-255,1420,46208,62,275293
11265,0.000795,172.31.40.0-255,66,46274,62,275293
11266,0.000953,172.217.194.0-255,381,46655,62,275293
11267,0.001041,172.217.194.0-255,1484,48139,62,275293
11268,0.001047,172.31.40.0-255,66,48205,62,275293
11269,0.001059,172.217.194.0-255,2902,51107,62,275293
11270,0.001066,172.31.40.0-255,66,51173,62,275293
11271,0.001073,172.217.194.0-255,5738,56911,62,275293
11272,0.001075,172.31.40.0-255,66,56977,62,275293
11273,0.001117,172.217.194.0-255,6797,63774,62,275293
11274,0.001121,172.31.40.0-255,66,63840,62,275293
11275,0.001157,172.31.40.0-255,66,63906,62,275293
11276,0.001182,172.217.194.0-255,2543,66449,62,275293
11277,0.001185,172.31.40.0-255,66,66515,62,275293
11278,0.002026,172.217.194.0-255,1484,67999,62,275293
11279,0.002037,172.217.194.0-255,2902,70901,62,275293
11280,0.002042,172.31.40.0-255,66,70967,62,275293
11281,0.002051,172.217.194.0-255,5738,76705,62,275293
11282,0.002053,172.31.40.0-255,66,76771,62,275293
11283,0.002064,172.217.194.0-255,5738,82509,62,275293
11284,0.002067,172.31.40.0-255,66,82575,62,275293
11285,0.002072,172.217.194.0-255,2902,85477,62,275293
11286,0.002074,172.31.40.0-255,66,85543,62,275293
11287,0.002117,172.31.40.0-255,66,85609,62,275293
11288,0.002123,172.217.194.0-255,5020,90629,62,275293
11289,0.002125,172.31.40.0-255,66,90695,62,275293
11290,0.002152,172.217.194.0-255,1484,92179,62,275293
11291,0.002157,172.217.194.0-255,2902,95081,62,275293
11292,0.00216,172.31.40.0-255,66,95147,62,275293
11293,0.002214,172.217.194.0-255,5738,100885,62,275293
11294,0.002217,172.31.40.0-255,66,100951,62,275293
11295,0.002232,172.31.40.0-255,66,101017,62,275293
11296,0.002264,172.31.40.0-255,66,101083,62,275293
11297,0.002301,172.217.194.0-255,2184,103267,62,275293
11298,0.002305,172.31.40.0-255,66,103333,62,275293
11299,0.002308,172.217.194.0-255,1484,104817,62,275293
11300,0.002313,172.217.194.0-255,2902,107719,62,275293
11301,0.002316,172.31.40.0-255,66,107785,62,275293
11302,0.002322,172.217.194.0-255,5738,113523,62,275293
11303,0.002324,172.31.40.0-255,66,113589,62,275293
11304,0.002338,172.31.40.0-255,66,113655,62,275293
11305,0.002349,172.31.40.0-255,66,113721,62,275293
11306,0.002408,172.31.40.0-255,66,113787,62,275293
11307,0.002419,172.31.40.0-255,66,113853,62,275293
11308,0.002449,172.217.194.0-255,1484,115337,62,275293
11309,0.002454,172.217.194.0-255,2902,118239,62,275293
11310,0.002457,172.31.40.0-255,66,118305,62,275293
11311,0.002463,172.217.194.0-255,5738,124043,62,275293
11312,0.0025,172.217.194.0-255,7156,131199,62,275293
11313,0.002525,172.217.194.0-255,1484,132683,62,275293
11314,0.002542,172.217.194.0-255,6438,139121,62,275293
11315,0.002628,172.217.194.0-255,1484,140605,62,275293
11316,0.002634,172.217.194.0-255,2902,143507,62,275293
11317,0.002666,172.217.194.0-255,5738,149245,62,275293
11318,0.0126,172.31.40.0-255,66,149311,62,275293
11319,0.013151,172.217.194.0-255,1484,150795,62,275293
11320,0.01522,172.217.194.0-255,4320,155115,62,275293
11321,0.015227,172.31.40.0-255,66,155181,62,275293
11322,0.017875,172.217.194.0-255,5738,160919,62,275293
11323,0.017882,172.31.40.0-255,66,160985,62,275293
11324,0.020535,172.217.194.0-255,5738,166723,62,275293
11325,0.020546,172.31.40.0-255,66,166789,62,275293
11326,0.02316,172.217.194.0-255,5738,172527,62,275293
11327,0.023168,172.31.40.0-255,66,172593,62,275293
11328,0.025886,172.217.194.0-255,2902,175495,62,275293
11329,0.025897,172.31.40.0-255,66,175561,62,275293
11330,0.02593,172.217.194.0-255,2902,178463,62,275293
11331,0.025934,172.31.40.0-255,66,178529,62,275293
11332,0.02856,172.217.194.0-255,2902,181431,62,275293
11333,0.028567,172.31.40.0-255,66,181497,62,275293
11334,0.0286,172.217.194.0-255,2902,184399,62,275293
11335,0.028603,172.31.40.0-255,66,184465,62,275293
11336,0.0312,172.217.194.0-255,2902,187367,62,275293
11337,0.031207,172.31.40.0-255,66,187433,62,275293
11338,0.031238,172.217.194.0-255,2902,190335,62,275293
11339,0.031241,172.31.40.0-255,66,190401,62,275293
11340,0.033075,172.31.40.0-255,172,190573,62,275293
11341,0.033106,172.31.40.0-255,1105,191678,62,275293
11342,0.033165,172.31.40.0-255,1514,193192,62,275293
11343,0.033166,172.31.40.0-255,341,193533,62,275293
11344,0.033868,172.217.194.0-255,2902,196435,62,275293
11345,0.033877,172.31.40.0-255,66,196501,62,275293
11346,0.033909,172.217.194.0-255,2902,199403,62,275293
11347,0.033912,172.31.40.0-255,66,199469,62,275293
11348,0.034635,104.244.42.0-255,66,199535,62,275293
11349,0.03469,104.244.42.0-255,66,199601,62,275293
11350,0.034735,104.244.42.0-255,66,199667,62,275293
11351,0.035366,104.244.42.0-255,108,199775,62,275293
11352,0.035381,172.31.40.0-255,66,199841,62,275293
11353,0.036613,172.217.194.0-255,5738,205579,62,275293
11354,0.036622,172.31.40.0-255,66,205645,62,275293
11355,0.039266,172.217.194.0-255,5738,211383,62,275293
11356,0.03928,172.31.40.0-255,66,211449,62,275293
11357,0.041921,172.217.194.0-255,5738,217187,62,275293
11358,0.04193,172.31.40.0-255,66,217253,62,275293
11359,0.044548,172.217.194.0-255,5738,222991,62,275293
11360,0.044557,172.31.40.0-255,66,223057,62,275293
11361,0.04723,172.217.194.0-255,5738,228795,62,275293
11362,0.047237,172.31.40.0-255,66,228861,62,275293
11363,0.049912,172.217.194.0-255,5738,234599,62,275293
11364,0.049947,172.31.40.0-255,66,234665,62,275293
11365,0.052584,172.217.194.0-255,5738,240403,62,275293
11366,0.052602,172.31.40.0-255,66,240469,62,275293
11367,0.055251,172.217.194.0-255,5738,246207,62,275293
11368,0.055265,172.31.40.0-255,66,246273,62,275293
11369,0.057892,172.217.194.0-255,5738,252011,62,275293
11370,0.0579,172.31.40.0-255,66,252077,62,275293
11371,0.060556,172.217.194.0-255,5738,257815,62,275293
11372,0.060565,172.31.40.0-255,66,257881,62,275293
11373,0.06321,172.217.194.0-255,5738,263619,62,275293
11374,0.063218,172.31.40.0-255,66,263685,62,275293
11375,0.065862,172.217.194.0-255,5738,269423,62,275293
11376,0.065876,172.31.40.0-255,66,269489,62,275293
11377,0.06851,172.217.194.0-255,5738,275227,62,275293
11378,0.068521,172.31.40.0-255,66,275293,62,275293
11379,0.0,74.125.24.0-255,160,160,62,198714
11380,2.2e-05,172.31.40.0-255,66,226,62,198714
11381,2.9e-05,74.125.24.0-255,1484,1710,62,198714
11382,3.4e-05,172.31.40.0-255,66,1776,62,198714
11383,4.1e-05,74.125.24.0-255,2902,4678,62,198714
11384,4.5e-05,172.31.40.0-255,66,4744,62,198714
11385,5.2e-05,74.125.24.0-255,7156,11900,62,198714
11386,5.6e-05,172.31.40.0-255,66,11966,62,198714
11387,6e-05,74.125.24.0-255,2064,14030,62,198714
11388,6.3e-05,172.31.40.0-255,66,14096,62,198714
11389,6.6e-05,74.125.24.0-255,1484,15580,62,198714
11390,6.9e-05,172.31.40.0-255,66,15646,62,198714
11391,0.0001,74.125.24.0-255,1484,17130,62,198714
11392,0.000103,172.31.40.0-255,66,17196,62,198714
11393,0.000111,74.125.24.0-255,7156,24352,62,198714
11394,0.000114,172.31.40.0-255,66,24418,62,198714
11395,0.000118,74.125.24.0-255,2902,27320,62,198714
11396,0.00012,172.31.40.0-255,66,27386,62,198714
11397,0.000158,172.31.40.0-255,66,27452,62,198714
11398,0.00019,172.31.40.0-255,66,27518,62,198714
11399,0.00058,74.125.24.0-255,1484,29002,62,198714
11400,0.000586,74.125.24.0-255,2902,31904,62,198714
11401,0.000597,172.31.40.0-255,66,31970,62,198714
11402,0.000601,172.31.40.0-255,66,32036,62,198714
11403,0.000609,74.125.24.0-255,5738,37774,62,198714
11404,0.000611,172.31.40.0-255,66,37840,62,198714
11405,0.000639,74.125.24.0-255,7122,44962,62,198714
11406,0.000642,172.31.40.0-255,66,45028,62,198714
11407,0.000784,74.125.24.0-255,1484,46512,62,198714
11408,0.000789,172.31.40.0-255,66,46578,62,198714
11409,0.000795,74.125.24.0-255,2902,49480,62,198714
11410,0.000798,172.31.40.0-255,66,49546,62,198714
11411,0.000801,74.125.24.0-255,1484,51030,62,198714
11412,0.000817,74.125.24.0-255,4320,55350,62,198714
11413,0.000819,172.31.40.0-255,66,55416,62,198714
11414,0.000822,74.125.24.0-255,1484,56900,62,198714
11415,0.000854,172.31.40.0-255,66,56966,62,198714
11416,0.000864,172.31.40.0-255,66,57032,62,198714
11417,0.000902,74.125.24.0-255,2184,59216,62,198714
11418,0.000905,172.31.40.0-255,66,59282,62,198714
11419,0.000941,74.125.24.0-255,1484,60766,62,198714
11420,0.000962,74.125.24.0-255,2902,63668,62,198714
11421,0.000965,172.31.40.0-255,66,63734,62,198714
11422,0.000972,74.125.24.0-255,5738,69472,62,198714
11423,0.000975,172.31.40.0-255,66,69538,62,198714
11424,0.001005,172.31.40.0-255,66,69604,62,198714
11425,0.001042,74.125.24.0-255,1484,71088,62,198714
11426,0.001083,172.31.40.0-255,66,71154,62,198714
11427,0.0011,74.125.24.0-255,2902,74056,62,198714
11428,0.001102,172.31.40.0-255,66,74122,62,198714
11429,0.001129,172.31.40.0-255,66,74188,62,198714
11430,0.001147,74.125.24.0-255,1484,75672,62,198714
11431,0.001152,74.125.24.0-255,2902,78574,62,198714
11432,0.001154,172.31.40.0-255,66,78640,62,198714
11433,0.001195,172.31.40.0-255,66,78706,62,198714
11434,0.0012,74.125.24.0-255,3602,82308,62,198714
11435,0.001203,172.31.40.0-255,66,82374,62,198714
11436,0.001262,74.125.24.0-255,1484,83858,62,198714
11437,0.001281,74.125.24.0-255,2902,86760,62,198714
11438,0.001286,172.31.40.0-255,66,86826,62,198714
11439,0.001305,74.125.24.0-255,5738,92564,62,198714
11440,0.001308,172.31.40.0-255,66,92630,62,198714
11441,0.001328,74.125.24.0-255,1484,94114,62,198714
11442,0.001342,74.125.24.0-255,2902,97016,62,198714
11443,0.001345,172.31.40.0-255,66,97082,62,198714
11444,0.001389,74.125.24.0-255,5738,102820,62,198714
11445,0.001393,172.31.40.0-255,66,102886,62,198714
11446,0.001408,172.31.40.0-255,66,102952,62,198714
11447,0.001423,172.31.40.0-255,66,103018,62,198714
11448,0.00145,74.125.24.0-255,1484,104502,62,198714
11449,0.001461,172.31.40.0-255,66,104568,62,198714
11450,0.001491,172.31.40.0-255,66,104634,62,198714
11451,0.001539,172.31.40.0-255,66,104700,62,198714
11452,0.001542,172.31.40.0-255,66,104766,62,198714
11453,0.001555,74.125.24.0-255,4320,109086,62,198714
11454,0.001557,172.31.40.0-255,66,109152,62,198714
11455,0.001563,74.125.24.0-255,4320,113472,62,198714
11456,0.001565,172.31.40.0-255,66,113538,62,198714
11457,0.001587,74.125.24.0-255,2184,115722,62,198714
11458,0.00159,172.31.40.0-255,66,115788,62,198714
11459,0.001602,74.125.24.0-255,331,116119,62,198714
11460,0.001633,74.125.24.0-255,1484,117603,62,198714
11461,0.001637,172.31.40.0-255,66,117669,62,198714
11462,0.001642,74.125.24.0-255,4320,121989,62,198714
11463,0.001645,172.31.40.0-255,66,122055,62,198714
11464,0.001691,74.125.24.0-255,2902,124957,62,198714
11465,0.001694,172.31.40.0-255,66,125023,62,198714
11466,0.00173,74.125.24.0-255,5738,130761,62,198714
11467,0.001734,172.31.40.0-255,66,130827,62,198714
11468,0.001737,74.125.24.0-255,1484,132311,62,198714
11469,0.001751,172.31.40.0-255,66,132377,62,198714
11470,0.001757,74.125.24.0-255,6438,138815,62,198714
11471,0.001759,172.31.40.0-255,66,138881,62,198714
11472,0.001944,74.125.24.0-255,1484,140365,62,198714
11473,0.001964,74.125.24.0-255,2902,143267,62,198714
11474,0.001967,172.31.40.0-255,66,143333,62,198714
11475,0.001975,74.125.24.0-255,5738,149071,62,198714
11476,0.001977,172.31.40.0-255,66,149137,62,198714
11477,0.00202,172.31.40.0-255,66,149203,62,198714
11478,0.002027,74.125.24.0-255,5738,154941,62,198714
11479,0.002029,172.31.40.0-255,66,155007,62,198714
11480,0.002045,74.125.24.0-255,6438,161445,62,198714
11481,0.002047,172.31.40.0-255,66,161511,62,198714
11482,0.002107,74.125.24.0-255,1484,162995,62,198714
11483,0.002128,74.125.24.0-255,2902,165897,62,198714
11484,0.002131,172.31.40.0-255,66,165963,62,198714
11485,0.002135,74.125.24.0-255,1484,167447,62,198714
11486,0.002154,74.125.24.0-255,4320,171767,62,198714
11487,0.002156,172.31.40.0-255,66,171833,62,198714
11488,0.002188,172.31.40.0-255,66,171899,62,198714
11489,0.002213,74.125.24.0-255,1484,173383,62,198714
11490,0.002228,172.31.40.0-255,66,173449,62,198714
11491,0.002236,74.125.24.0-255,7156,180605,62,198714
11492,0.002238,172.31.40.0-255,66,180671,62,198714
11493,0.002253,74.125.24.0-255,766,181437,62,198714
11494,0.002265,172.31.40.0-255,66,181503,62,198714
11495,0.002286,74.125.24.0-255,2902,184405,62,198714
11496,0.00229,172.31.40.0-255,66,184471,62,198714
11497,0.002301,74.125.24.0-255,5738,190209,62,198714
11498,0.002304,172.31.40.0-255,66,190275,62,198714
11499,0.002332,172.31.40.0-255,66,190341,62,198714
11500,0.002344,172.31.40.0-255,66,190407,62,198714
11501,0.002367,74.125.24.0-255,105,190512,62,198714
11502,0.010145,172.31.40.0-255,66,190578,62,198714
11503,0.010197,172.31.40.0-255,105,190683,62,198714
11504,0.012769,74.125.24.0-255,66,190749,62,198714
11505,0.038215,172.31.40.0-255,171,190920,62,198714
11506,0.038249,172.31.40.0-255,1132,192052,62,198714
11507,0.038315,172.31.40.0-255,1514,193566,62,198714
11508,0.038317,172.31.40.0-255,1514,195080,62,198714
11509,0.038318,172.31.40.0-255,1514,196594,62,198714
11510,0.038319,172.31.40.0-255,1514,198108,62,198714
11511,0.03835,172.31.40.0-255,342,198450,62,198714
11512,0.039783,104.244.42.0-255,66,198516,62,198714
11513,0.039826,104.244.42.0-255,66,198582,62,198714
11514,0.039877,104.244.42.0-255,66,198648,62,198714
11515,0.039889,104.244.42.0-255,66,198714,62,198714
11516,0.0,74.125.24.0-255,152,152,62,309510
11517,1.4e-05,172.31.40.0-255,66,218,62,309510
11518,1.9e-05,74.125.24.0-255,1484,1702,62,309510
11519,2.3e-05,172.31.40.0-255,66,1768,62,309510
11520,2.7e-05,74.125.24.0-255,1484,3252,62,309510
11521,3.1e-05,172.31.40.0-255,66,3318,62,309510
11522,5.1e-05,74.125.24.0-255,1484,4802,62,309510
11523,5.4e-05,172.31.40.0-255,66,4868,62,309510
11524,6.3e-05,74.125.24.0-255,7156,12024,62,309510
11525,6.6e-05,172.31.40.0-255,66,12090,62,309510
11526,7e-05,74.125.24.0-255,2067,14157,62,309510
11527,7.3e-05,172.31.40.0-255,66,14223,62,309510
11528,0.000246,74.125.24.0-255,1484,15707,62,309510
11529,0.000253,172.31.40.0-255,66,15773,62,309510
11530,0.000258,74.125.24.0-255,2902,18675,62,309510
11531,0.000261,172.31.40.0-255,66,18741,62,309510
11532,0.000265,74.125.24.0-255,2902,21643,62,309510
11533,0.000267,172.31.40.0-255,66,21709,62,309510
11534,0.000291,74.125.24.0-255,2902,24611,62,309510
11535,0.000294,172.31.40.0-255,66,24677,62,309510
11536,0.000311,74.125.24.0-255,1484,26161,62,309510
11537,0.000313,172.31.40.0-255,66,26227,62,309510
11538,0.000345,172.31.40.0-255,66,26293,62,309510
11539,0.000351,74.125.24.0-255,5738,32031,62,309510
11540,0.000353,172.31.40.0-255,66,32097,62,309510
11541,0.000392,74.125.24.0-255,3961,36058,62,309510
11542,0.000395,172.31.40.0-255,66,36124,62,309510
11543,0.000423,74.125.24.0-255,2902,39026,62,309510
11544,0.000426,172.31.40.0-255,66,39092,62,309510
11545,0.000444,74.125.24.0-255,1484,40576,62,309510
11546,0.000447,172.31.40.0-255,66,40642,62,309510
11547,0.000453,74.125.24.0-255,4320,44962,62,309510
11548,0.000456,172.31.40.0-255,66,45028,62,309510
11549,0.000476,74.125.24.0-255,4320,49348,62,309510
11550,0.000479,172.31.40.0-255,66,49414,62,309510
11551,0.000494,74.125.24.0-255,1484,50898,62,309510
11552,0.000543,74.125.24.0-255,2870,53768,62,309510
11553,0.000546,172.31.40.0-255,66,53834,62,309510
11554,0.000908,74.125.24.0-255,350,54184,62,309510
11555,0.001025,74.125.24.0-255,1484,55668,62,309510
11556,0.001029,172.31.40.0-255,66,55734,62,309510
11557,0.001035,74.125.24.0-255,2902,58636,62,309510
11558,0.001037,172.31.40.0-255,66,58702,62,309510
11559,0.001074,74.125.24.0-255,5738,64440,62,309510
11560,0.001077,172.31.40.0-255,66,64506,62,309510
11561,0.001088,172.31.40.0-255,66,64572,62,309510
11562,0.001106,74.125.24.0-255,5379,69951,62,309510
11563,0.001108,172.31.40.0-255,66,70017,62,309510
11564,0.001114,74.125.24.0-255,5738,75755,62,309510
11565,0.001117,172.31.40.0-255,66,75821,62,309510
11566,0.001138,74.125.24.0-255,3961,79782,62,309510
11567,0.001141,172.31.40.0-255,66,79848,62,309510
11568,0.001841,74.125.24.0-255,1484,81332,62,309510
11569,0.001852,74.125.24.0-255,2902,84234,62,309510
11570,0.001857,172.31.40.0-255,66,84300,62,309510
11571,0.001864,74.125.24.0-255,5738,90038,62,309510
11572,0.001867,172.31.40.0-255,66,90104,62,309510
11573,0.001872,74.125.24.0-255,2902,93006,62,309510
11574,0.001873,172.31.40.0-255,66,93072,62,309510
11575,0.001903,74.125.24.0-255,7156,100228,62,309510
11576,0.001906,172.31.40.0-255,66,100294,62,309510
11577,0.001926,74.125.24.0-255,4320,104614,62,309510
11578,0.001929,172.31.40.0-255,66,104680,62,309510
11579,0.001958,172.31.40.0-255,66,104746,62,309510
11580,0.002029,74.125.24.0-255,1484,106230,62,309510
11581,0.002035,74.125.24.0-255,1484,107714,62,309510
11582,0.002038,172.31.40.0-255,66,107780,62,309510
11583,0.002059,74.125.24.0-255,1484,109264,62,309510
11584,0.002066,74.125.24.0-255,5738,115002,62,309510
11585,0.002069,172.31.40.0-255,66,115068,62,309510
11586,0.002073,74.125.24.0-255,2902,117970,62,309510
11587,0.002075,172.31.40.0-255,66,118036,62,309510
11588,0.002108,172.31.40.0-255,66,118102,62,309510
11589,0.002135,74.125.24.0-255,1484,119586,62,309510
11590,0.002164,172.31.40.0-255,66,119652,62,309510
11591,0.002268,74.125.24.0-255,1484,121136,62,309510
11592,0.002275,74.125.24.0-255,2902,124038,62,309510
11593,0.002279,172.31.40.0-255,66,124104,62,309510
11594,0.002285,74.125.24.0-255,5738,129842,62,309510
11595,0.002288,172.31.40.0-255,66,129908,62,309510
11596,0.002323,172.31.40.0-255,66,129974,62,309510
11597,0.002341,74.125.24.0-255,2902,132876,62,309510
11598,0.002344,172.31.40.0-255,66,132942,62,309510
11599,0.002356,172.31.40.0-255,66,133008,62,309510
11600,0.004637,74.125.24.0-255,5738,138746,62,309510
11601,0.004644,172.31.40.0-255,66,138812,62,309510
11602,0.006925,74.125.24.0-255,5738,144550,62,309510
11603,0.006932,172.31.40.0-255,66,144616,62,309510
11604,0.009236,74.125.24.0-255,5738,150354,62,309510
11605,0.009244,172.31.40.0-255,66,150420,62,309510
11606,0.011563,74.125.24.0-255,5738,156158,62,309510
11607,0.011577,172.31.40.0-255,66,156224,62,309510
11608,0.013875,74.125.24.0-255,5738,161962,62,309510
11609,0.013885,172.31.40.0-255,66,162028,62,309510
11610,0.016222,74.125.24.0-255,5738,167766,62,309510
11611,0.01623,172.31.40.0-255,66,167832,62,309510
11612,0.018527,74.125.24.0-255,5738,173570,62,309510
11613,0.018537,172.31.40.0-255,66,173636,62,309510
11614,0.018625,172.31.40.0-255,101,173737,62,309510
11615,0.020813,74.125.24.0-255,5738,179475,62,309510
11616,0.020819,172.31.40.0-255,66,179541,62,309510
11617,0.020854,74.125.24.0-255,66,179607,62,309510
11618,0.023154,74.125.24.0-255,5738,185345,62,309510
11619,0.023162,172.31.40.0-255,66,185411,62,309510
11620,0.025467,74.125.24.0-255,5738,191149,62,309510
11621,0.025474,172.31.40.0-255,66,191215,62,309510
11622,0.027778,74.125.24.0-255,5738,196953,62,309510
11623,0.027786,172.31.40.0-255,66,197019,62,309510
11624,0.030104,74.125.24.0-255,5738,202757,62,309510
11625,0.030113,172.31.40.0-255,66,202823,62,309510
11626,0.032411,74.125.24.0-255,5738,208561,62,309510
11627,0.032419,172.31.40.0-255,66,208627,62,309510
11628,0.034728,74.125.24.0-255,5738,214365,62,309510
11629,0.034736,172.31.40.0-255,66,214431,62,309510
11630,0.035845,172.31.40.0-255,172,214603,62,309510
11631,0.035878,172.31.40.0-255,1108,215711,62,309510
11632,0.03594,172.31.40.0-255,1514,217225,62,309510
11633,0.035942,172.31.40.0-255,1514,218739,62,309510
11634,0.035947,172.31.40.0-255,1514,220253,62,309510
11635,0.035948,172.31.40.0-255,1514,221767,62,309510
11636,0.035966,172.31.40.0-255,1514,223281,62,309510
11637,0.035967,172.31.40.0-255,83,223364,62,309510
11638,0.037037,74.125.24.0-255,5738,229102,62,309510
11639,0.037045,172.31.40.0-255,66,229168,62,309510
11640,0.037367,104.244.42.0-255,66,229234,62,309510
11641,0.037424,104.244.42.0-255,66,229300,62,309510
11642,0.037472,104.244.42.0-255,66,229366,62,309510
11643,0.037501,104.244.42.0-255,66,229432,62,309510
11644,0.038076,104.244.42.0-255,108,229540,62,309510
11645,0.038083,172.31.40.0-255,66,229606,62,309510
11646,0.039364,74.125.24.0-255,5738,235344,62,309510
11647,0.039371,172.31.40.0-255,66,235410,62,309510
11648,0.041674,74.125.24.0-255,5738,241148,62,309510
11649,0.04168,172.31.40.0-255,66,241214,62,309510
11650,0.043977,74.125.24.0-255,5738,246952,62,309510
11651,0.043987,172.31.40.0-255,66,247018,62,309510
11652,0.046319,74.125.24.0-255,4320,251338,62,309510
11653,0.046327,172.31.40.0-255,66,251404,62,309510
11654,0.046347,74.125.24.0-255,1484,252888,62,309510
11655,0.04862,74.125.24.0-255,4320,257208,62,309510
11656,0.048627,172.31.40.0-255,66,257274,62,309510
11657,0.050912,74.125.24.0-255,5738,263012,62,309510
11658,0.05092,172.31.40.0-255,66,263078,62,309510
11659,0.053224,74.125.24.0-255,5738,268816,62,309510
11660,0.053231,172.31.40.0-255,66,268882,62,309510
11661,0.055532,74.125.24.0-255,5738,274620,62,309510
11662,0.055539,172.31.40.0-255,66,274686,62,309510
11663,0.057838,74.125.24.0-255,5738,280424,62,309510
11664,0.057845,172.31.40.0-255,66,280490,62,309510
11665,0.060144,74.125.24.0-255,5738,286228,62,309510
11666,0.060153,172.31.40.0-255,66,286294,62,309510
11667,0.062446,74.125.24.0-255,5738,292032,62,309510
11668,0.062455,172.31.40.0-255,66,292098,62,309510
11669,0.064757,74.125.24.0-255,5738,297836,62,309510
11670,0.064771,172.31.40.0-255,66,297902,62,309510
11671,0.067078,74.125.24.0-255,5738,303640,62,309510
11672,0.067087,172.31.40.0-255,66,303706,62,309510
11673,0.069404,74.125.24.0-255,5738,309444,62,309510
11674,0.069422,172.31.40.0-255,66,309510,62,309510
11675,0.0,74.125.24.0-255,153,153,62,241266
11676,1.6e-05,172.31.40.0-255,66,219,62,241266
11677,2.2e-05,74.125.24.0-255,1484,1703,62,241266
11678,2.7e-05,172.31.40.0-255,66,1769,62,241266
11679,3.3e-05,74.125.24.0-255,2902,4671,62,241266
11680,3.6e-05,172.31.40.0-255,66,4737,62,241266
11681,4.1e-05,74.125.24.0-255,4320,9057,62,241266
11682,4.4e-05,172.31.40.0-255,66,9123,62,241266
11683,9.1e-05,74.125.24.0-255,4900,14023,62,241266
11684,9.5e-05,172.31.40.0-255,66,14089,62,241266
11685,0.000119,74.125.24.0-255,5738,19827,62,241266
11686,0.000121,172.31.40.0-255,66,19893,62,241266
11687,0.000139,74.125.24.0-255,7156,27049,62,241266
11688,0.000142,172.31.40.0-255,66,27115,62,241266
11689,0.000164,74.125.24.0-255,3961,31076,62,241266
11690,0.000167,172.31.40.0-255,66,31142,62,241266
11691,0.000257,74.125.24.0-255,1484,32626,62,241266
11692,0.000261,172.31.40.0-255,66,32692,62,241266
11693,0.000268,74.125.24.0-255,2902,35594,62,241266
11694,0.00027,172.31.40.0-255,66,35660,62,241266
11695,0.000277,74.125.24.0-255,5738,41398,62,241266
11696,0.000279,172.31.40.0-255,66,41464,62,241266
11697,0.000284,74.125.24.0-255,4320,45784,62,241266
11698,0.000287,172.31.40.0-255,66,45850,62,241266
11699,0.000327,172.31.40.0-255,66,45916,62,241266
11700,0.000346,74.125.24.0-255,6797,52713,62,241266
11701,0.000349,172.31.40.0-255,66,52779,62,241266
11702,0.000365,74.125.24.0-255,443,53222,62,241266
11703,0.000367,172.31.40.0-255,66,53288,62,241266
11704,0.00041,74.125.24.0-255,331,53619,62,241266
11705,0.000414,172.31.40.0-255,66,53685,62,241266
11706,0.000681,74.125.24.0-255,1484,55169,62,241266
11707,0.000689,74.125.24.0-255,2902,58071,62,241266
11708,0.000694,172.31.40.0-255,66,58137,62,241266
11709,0.000702,74.125.24.0-255,5738,63875,62,241266
11710,0.000705,172.31.40.0-255,66,63941,62,241266
11711,0.000747,172.31.40.0-255,66,64007,62,241266
11712,0.000768,74.125.24.0-255,7156,71163,62,241266
11713,0.000771,172.31.40.0-255,66,71229,62,241266
11714,0.000792,74.125.24.0-255,3602,74831,62,241266
11715,0.000794,172.31.40.0-255,66,74897,62,241266
11716,0.000915,74.125.24.0-255,1484,76381,62,241266
11717,0.000921,74.125.24.0-255,2902,79283,62,241266
11718,0.000926,172.31.40.0-255,66,79349,62,241266
11719,0.000929,74.125.24.0-255,1484,80833,62,241266
11720,0.00095,74.125.24.0-255,4320,85153,62,241266
11721,0.000954,172.31.40.0-255,66,85219,62,241266
11722,0.000975,172.31.40.0-255,66,85285,62,241266
11723,0.000998,74.125.24.0-255,2902,88187,62,241266
11724,0.001001,172.31.40.0-255,66,88253,62,241266
11725,0.001019,74.125.24.0-255,5738,93991,62,241266
11726,0.001022,172.31.40.0-255,66,94057,62,241266
11727,0.001045,74.125.24.0-255,5020,99077,62,241266
11728,0.001048,172.31.40.0-255,66,99143,62,241266
11729,0.00114,74.125.24.0-255,1484,100627,62,241266
11730,0.001154,74.125.24.0-255,2902,103529,62,241266
11731,0.001157,172.31.40.0-255,66,103595,62,241266
11732,0.001164,74.125.24.0-255,5738,109333,62,241266
11733,0.001167,172.31.40.0-255,66,109399,62,241266
11734,0.001199,172.31.40.0-255,66,109465,62,241266
11735,0.001223,74.125.24.0-255,2902,112367,62,241266
11736,0.001226,172.31.40.0-255,66,112433,62,241266
11737,0.001239,172.31.40.0-255,66,112499,62,241266
11738,0.001266,74.125.24.0-255,1484,113983,62,241266
11739,0.001271,74.125.24.0-255,2902,116885,62,241266
11740,0.001273,172.31.40.0-255,66,116951,62,241266
11741,0.001276,74.125.24.0-255,1484,118435,62,241266
11742,0.001296,74.125.24.0-255,4320,122755,62,241266
11743,0.001298,172.31.40.0-255,66,122821,62,241266
11744,0.001304,74.125.24.0-255,5738,128559,62,241266
11745,0.001306,172.31.40.0-255,66,128625,62,241266
11746,0.001333,74.125.24.0-255,7156,135781,62,241266
11747,0.001336,172.31.40.0-255,66,135847,62,241266
11748,0.001347,172.31.40.0-255,66,135913,62,241266
11749,0.00135,74.125.24.0-255,766,136679,62,241266
11750,0.001491,74.125.24.0-255,1484,138163,62,241266
11751,0.001496,74.125.24.0-255,2902,141065,62,241266
11752,0.001502,172.31.40.0-255,66,141131,62,241266
11753,0.001505,172.31.40.0-255,66,141197,62,241266
11754,0.001518,74.125.24.0-255,5738,146935,62,241266
11755,0.00152,172.31.40.0-255,66,147001,62,241266
11756,0.001527,74.125.24.0-255,5738,152739,62,241266
11757,0.001529,172.31.40.0-255,66,152805,62,241266
11758,0.001567,172.31.40.0-255,66,152871,62,241266
11759,0.001573,74.125.24.0-255,4320,157191,62,241266
11760,0.001575,172.31.40.0-255,66,157257,62,241266
11761,0.00159,74.125.24.0-255,766,158023,62,241266
11762,0.001606,74.125.24.0-255,4320,162343,62,241266
11763,0.001609,172.31.40.0-255,66,162409,62,241266
11764,0.00162,74.125.24.0-255,1484,163893,62,241266
11765,0.001639,74.125.24.0-255,7156,171049,62,241266
11766,0.001642,172.31.40.0-255,66,171115,62,241266
11767,0.001645,74.125.24.0-255,1484,172599,62,241266
11768,0.001673,172.31.40.0-255,66,172665,62,241266
11769,0.001676,74.125.24.0-255,1484,174149,62,241266
11770,0.001702,74.125.24.0-255,5020,179169,62,241266
11771,0.001705,172.31.40.0-255,66,179235,62,241266
11772,0.00172,74.125.24.0-255,2902,182137,62,241266
11773,0.001723,172.31.40.0-255,66,182203,62,241266
11774,0.001728,74.125.24.0-255,4320,186523,62,241266
11775,0.001731,172.31.40.0-255,66,186589,62,241266
11776,0.001763,172.31.40.0-255,66,186655,62,241266
11777,0.001782,74.125.24.0-255,1484,188139,62,241266
11778,0.001822,172.31.40.0-255,66,188205,62,241266
11779,0.001886,74.125.24.0-255,1484,189689,62,241266
11780,0.00189,74.125.24.0-255,1484,191173,62,241266
11781,0.001894,172.31.40.0-255,66,191239,62,241266
11782,0.001915,74.125.24.0-255,1484,192723,62,241266
11783,0.001922,74.125.24.0-255,5738,198461,62,241266
11784,0.001924,172.31.40.0-255,66,198527,62,241266
11785,0.00193,74.125.24.0-255,5738,204265,62,241266
11786,0.001933,172.31.40.0-255,66,204331,62,241266
11787,0.001987,172.31.40.0-255,66,204397,62,241266
11788,0.001994,74.125.24.0-255,5020,209417,62,241266
11789,0.001996,172.31.40.0-255,66,209483,62,241266
11790,0.002036,74.125.24.0-255,1484,210967,62,241266
11791,0.00204,74.125.24.0-255,2902,213869,62,241266
11792,0.002043,172.31.40.0-255,66,213935,62,241266
11793,0.002046,74.125.24.0-255,1484,215419,62,241266
11794,0.002067,74.125.24.0-255,4320,219739,62,241266
11795,0.00207,172.31.40.0-255,66,219805,62,241266
11796,0.002115,172.31.40.0-255,66,219871,62,241266
11797,0.002139,74.125.24.0-255,7156,227027,62,241266
11798,0.002152,172.31.40.0-255,66,227093,62,241266
11799,0.002181,172.31.40.0-255,66,227159,62,241266
11800,0.002214,172.31.40.0-255,66,227225,62,241266
11801,0.002222,74.125.24.0-255,4329,231554,62,241266
11802,0.002224,74.125.24.0-255,105,231659,62,241266
11803,0.002236,172.31.40.0-255,66,231725,62,241266
11804,0.011037,172.31.40.0-255,105,231830,62,241266
11805,0.013574,74.125.24.0-255,66,231896,62,241266
11806,0.036396,172.31.40.0-255,172,232068,62,241266
11807,0.036425,172.31.40.0-255,1108,233176,62,241266
11808,0.036492,172.31.40.0-255,1514,234690,62,241266
11809,0.036494,172.31.40.0-255,1514,236204,62,241266
11810,0.036495,172.31.40.0-255,1514,237718,62,241266
11811,0.036499,172.31.40.0-255,1514,239232,62,241266
11812,0.0365,172.31.40.0-255,1514,240746,62,241266
11813,0.036501,172.31.40.0-255,82,240828,62,241266
11814,0.03794,104.244.42.0-255,66,240894,62,241266
11815,0.037999,104.244.42.0-255,66,240960,62,241266
11816,0.038052,104.244.42.0-255,66,241026,62,241266
11817,0.038074,104.244.42.0-255,66,241092,62,241266
11818,0.038809,104.244.42.0-255,108,241200,62,241266
11819,0.038818,172.31.40.0-255,66,241266,62,241266
11820,0.0,74.125.200.0-255,143,143,62,232818
11821,1.4e-05,172.31.40.0-255,66,209,62,232818
11822,2.1e-05,74.125.200.0-255,1484,1693,62,232818
11823,2.6e-05,172.31.40.0-255,66,1759,62,232818
11824,3.2e-05,74.125.200.0-255,2902,4661,62,232818
11825,4.4e-05,172.31.40.0-255,66,4727,62,232818
11826,4.9e-05,74.125.200.0-255,4320,9047,62,232818
11827,5.2e-05,172.31.40.0-255,66,9113,62,232818
11828,5.9e-05,74.125.200.0-255,4912,14025,62,232818
11829,6.1e-05,172.31.40.0-255,66,14091,62,232818
11830,0.00028,74.125.200.0-255,1484,15575,62,232818
11831,0.000285,172.31.40.0-255,66,15641,62,232818
11832,0.000292,74.125.200.0-255,2902,18543,62,232818
11833,0.000294,172.31.40.0-255,66,18609,62,232818
11834,0.000299,74.125.200.0-255,2902,21511,62,232818
11835,0.000309,172.31.40.0-255,66,21577,62,232818
11836,0.000339,74.125.200.0-255,1484,23061,62,232818
11837,0.000341,172.31.40.0-255,66,23127,62,232818
11838,0.000357,74.125.200.0-255,4320,27447,62,232818
11839,0.00036,172.31.40.0-255,66,27513,62,232818
11840,0.000389,74.125.200.0-255,3961,31474,62,232818
11841,0.000392,172.31.40.0-255,66,31540,62,232818
11842,0.00041,172.31.40.0-255,66,31606,62,232818
11843,0.000455,172.31.40.0-255,66,31672,62,232818
11844,0.000648,74.125.200.0-255,1484,33156,62,232818
11845,0.000653,172.31.40.0-255,66,33222,62,232818
11846,0.00067,74.125.200.0-255,2902,36124,62,232818
11847,0.000673,172.31.40.0-255,66,36190,62,232818
11848,0.000694,74.125.200.0-255,5738,41928,62,232818
11849,0.000696,172.31.40.0-255,66,41994,62,232818
11850,0.0007,74.125.200.0-255,2902,44896,62,232818
11851,0.000702,172.31.40.0-255,66,44962,62,232818
11852,0.000707,74.125.200.0-255,3961,48923,62,232818
11853,0.000708,172.31.40.0-255,66,48989,62,232818
11854,0.00126,74.125.200.0-255,1484,50473,62,232818
11855,0.00127,74.125.200.0-255,2902,53375,62,232818
11856,0.001274,172.31.40.0-255,66,53441,62,232818
11857,0.001279,74.125.200.0-255,1484,54925,62,232818
11858,0.001301,74.125.200.0-255,4320,59245,62,232818
11859,0.001303,172.31.40.0-255,66,59311,62,232818
11860,0.001309,74.125.200.0-255,4320,63631,62,232818
11861,0.00131,172.31.40.0-255,66,63697,62,232818
11862,0.001341,74.125.200.0-255,5379,69076,62,232818
11863,0.001343,172.31.40.0-255,66,69142,62,232818
11864,0.00135,74.125.200.0-255,5738,74880,62,232818
11865,0.001351,172.31.40.0-255,66,74946,62,232818
11866,0.001383,74.125.200.0-255,5738,80684,62,232818
11867,0.001388,172.31.40.0-255,66,80750,62,232818
11868,0.001392,74.125.200.0-255,2543,83293,62,232818
11869,0.001394,172.31.40.0-255,66,83359,62,232818
11870,0.004011,74.125.200.0-255,5738,89097,62,232818
11871,0.004017,172.31.40.0-255,66,89163,62,232818
11872,0.006656,74.125.200.0-255,5738,94901,62,232818
11873,0.006662,172.31.40.0-255,66,94967,62,232818
11874,0.009304,74.125.200.0-255,5738,100705,62,232818
11875,0.009313,172.31.40.0-255,66,100771,62,232818
11876,0.01197,74.125.200.0-255,5738,106509,62,232818
11877,0.011979,172.31.40.0-255,66,106575,62,232818
11878,0.014624,74.125.200.0-255,5738,112313,62,232818
11879,0.014634,172.31.40.0-255,66,112379,62,232818
11880,0.017286,74.125.200.0-255,5738,118117,62,232818
11881,0.017296,172.31.40.0-255,66,118183,62,232818
11882,0.01994,74.125.200.0-255,5738,123921,62,232818
11883,0.019958,172.31.40.0-255,66,123987,62,232818
11884,0.02263,74.125.200.0-255,5738,129725,62,232818
11885,0.022642,172.31.40.0-255,66,129791,62,232818
11886,0.023312,172.31.40.0-255,171,129962,62,232818
11887,0.023342,172.31.40.0-255,1134,131096,62,232818
11888,0.023407,172.31.40.0-255,1514,132610,62,232818
11889,0.023409,172.31.40.0-255,1276,133886,62,232818
11890,0.025011,104.244.42.0-255,66,133952,62,232818
11891,0.025039,104.244.42.0-255,66,134018,62,232818
11892,0.025137,104.244.42.0-255,66,134084,62,232818
11893,0.025299,74.125.200.0-255,5738,139822,62,232818
11894,0.025305,172.31.40.0-255,66,139888,62,232818
11895,0.027952,74.125.200.0-255,5738,145626,62,232818
11896,0.02796,172.31.40.0-255,66,145692,62,232818
11897,0.030608,74.125.200.0-255,5738,151430,62,232818
11898,0.030615,172.31.40.0-255,66,151496,62,232818
11899,0.033252,74.125.200.0-255,5738,157234,62,232818
11900,0.033259,172.31.40.0-255,66,157300,62,232818
11901,0.035939,74.125.200.0-255,5738,163038,62,232818
11902,0.035946,172.31.40.0-255,66,163104,62,232818
11903,0.03861,74.125.200.0-255,5738,168842,62,232818
11904,0.038617,172.31.40.0-255,66,168908,62,232818
11905,0.04126,74.125.200.0-255,5738,174646,62,232818
11906,0.04127,172.31.40.0-255,66,174712,62,232818
11907,0.043905,74.125.200.0-255,5738,180450,62,232818
11908,0.043911,172.31.40.0-255,66,180516,62,232818
11909,0.04655,74.125.200.0-255,5738,186254,62,232818
11910,0.046556,172.31.40.0-255,66,186320,62,232818
11911,0.04922,74.125.200.0-255,5738,192058,62,232818
11912,0.049225,172.31.40.0-255,66,192124,62,232818
11913,0.051874,74.125.200.0-255,5738,197862,62,232818
11914,0.051881,172.31.40.0-255,66,197928,62,232818
11915,0.054512,74.125.200.0-255,5738,203666,62,232818
11916,0.054518,172.31.40.0-255,66,203732,62,232818
11917,0.057186,74.125.200.0-255,5738,209470,62,232818
11918,0.057194,172.31.40.0-255,66,209536,62,232818
11919,0.059845,74.125.200.0-255,5738,215274,62,232818
11920,0.059852,172.31.40.0-255,66,215340,62,232818
11921,0.062482,74.125.200.0-255,5738,221078,62,232818
11922,0.062488,172.31.40.0-255,66,221144,62,232818
11923,0.065132,74.125.200.0-255,5738,226882,62,232818
11924,0.065137,172.31.40.0-255,66,226948,62,232818
11925,0.06777,74.125.200.0-255,4320,231268,62,232818
11926,0.067777,172.31.40.0-255,66,231334,62,232818
11927,0.067802,74.125.200.0-255,1484,232818,62,232818
11928,0.0,74.125.68.0-255,154,154,62,251664
11929,2.8e-05,172.31.40.0-255,66,220,62,251664
11930,5.9e-05,74.125.68.0-255,1484,1704,62,251664
11931,6.3e-05,172.31.40.0-255,66,1770,62,251664
11932,7e-05,74.125.68.0-255,2902,4672,62,251664
11933,7.4e-05,172.31.40.0-255,66,4738,62,251664
11934,8.6e-05,74.125.68.0-255,5738,10476,62,251664
11935,8.9e-05,172.31.40.0-255,66,10542,62,251664
11936,0.000121,74.125.68.0-255,6354,16896,62,251664
11937,0.000125,172.31.40.0-255,66,16962,62,251664
11938,0.00016,172.31.40.0-255,66,17028,62,251664
11939,0.000189,74.125.68.0-255,4320,21348,62,251664
11940,0.000193,172.31.40.0-255,66,21414,62,251664
11941,0.000209,74.125.68.0-255,1125,22539,62,251664
11942,0.000212,172.31.40.0-255,66,22605,62,251664
11943,0.000235,74.125.68.0-255,1484,24089,62,251664
11944,0.000237,172.31.40.0-255,66,24155,62,251664
11945,0.000266,74.125.68.0-255,2902,27057,62,251664
11946,0.00027,172.31.40.0-255,66,27123,62,251664
11947,0.000301,74.125.68.0-255,5738,32861,62,251664
11948,0.000304,172.31.40.0-255,66,32927,62,251664
11949,0.000307,74.125.68.0-255,1484,34411,62,251664
11950,0.00031,172.31.40.0-255,66,34477,62,251664
11951,0.000315,74.125.68.0-255,2902,37379,62,251664
11952,0.000323,172.31.40.0-255,66,37445,62,251664
11953,0.000354,74.125.68.0-255,5738,43183,62,251664
11954,0.000358,172.31.40.0-255,66,43249,62,251664
11955,0.00036,74.125.68.0-255,1484,44733,62,251664
11956,0.000363,74.125.68.0-255,1484,46217,62,251664
11957,0.000364,172.31.40.0-255,66,46283,62,251664
11958,0.000368,172.31.40.0-255,66,46349,62,251664
11959,0.000401,74.125.68.0-255,7156,53505,62,251664
11960,0.000405,172.31.40.0-255,66,53571,62,251664
11961,0.00041,74.125.68.0-255,3602,57173,62,251664
11962,0.000413,172.31.40.0-255,66,57239,62,251664
11963,0.000498,74.125.68.0-255,360,57599,62,251664
11964,0.000513,74.125.68.0-255,135,57734,62,251664
11965,0.000665,74.125.68.0-255,1484,59218,62,251664
11966,0.000669,172.31.40.0-255,66,59284,62,251664
11967,0.000674,74.125.68.0-255,2902,62186,62,251664
11968,0.000677,172.31.40.0-255,66,62252,62,251664
11969,0.000705,74.125.68.0-255,5738,67990,62,251664
11970,0.000708,172.31.40.0-255,66,68056,62,251664
11971,0.000715,74.125.68.0-255,5738,73794,62,251664
11972,0.000717,172.31.40.0-255,66,73860,62,251664
11973,0.000733,74.125.68.0-255,1484,75344,62,251664
11974,0.000776,74.125.68.0-255,4320,79664,62,251664
11975,0.00078,172.31.40.0-255,66,79730,62,251664
11976,0.000815,172.31.40.0-255,66,79796,62,251664
11977,0.000821,74.125.68.0-255,3602,83398,62,251664
11978,0.000823,172.31.40.0-255,66,83464,62,251664
11979,0.000828,74.125.68.0-255,4320,87784,62,251664
11980,0.000836,172.31.40.0-255,66,87850,62,251664
11981,0.000861,74.125.68.0-255,5738,93588,62,251664
11982,0.000864,172.31.40.0-255,66,93654,62,251664
11983,0.000886,74.125.68.0-255,2902,96556,62,251664
11984,0.000889,172.31.40.0-255,66,96622,62,251664
11985,0.0009,172.31.40.0-255,66,96688,62,251664
11986,0.000937,74.125.68.0-255,5738,102426,62,251664
11987,0.00094,172.31.40.0-255,66,102492,62,251664
11988,0.000956,74.125.68.0-255,4320,106812,62,251664
11989,0.000958,172.31.40.0-255,66,106878,62,251664
11990,0.000975,172.31.40.0-255,66,106944,62,251664
11991,0.00098,74.125.68.0-255,4320,111264,62,251664
11992,0.000982,172.31.40.0-255,66,111330,62,251664
11993,0.001027,172.31.40.0-255,66,111396,62,251664
11994,0.001031,74.125.68.0-255,2184,113580,62,251664
11995,0.001034,172.31.40.0-255,66,113646,62,251664
11996,0.00115,74.125.68.0-255,1484,115130,62,251664
11997,0.001155,74.125.68.0-255,1484,116614,62,251664
11998,0.001158,172.31.40.0-255,66,116680,62,251664
11999,0.001182,74.125.68.0-255,2902,119582,62,251664
12000,0.001186,172.31.40.0-255,66,119648,62,251664
12001,0.001206,74.125.68.0-255,5738,125386,62,251664
12002,0.001209,172.31.40.0-255,66,125452,62,251664
12003,0.001213,74.125.68.0-255,2902,128354,62,251664
12004,0.001217,172.31.40.0-255,66,128420,62,251664
12005,0.001235,74.125.68.0-255,4320,132740,62,251664
12006,0.001238,172.31.40.0-255,66,132806,62,251664
12007,0.001257,74.125.68.0-255,4320,137126,62,251664
12008,0.00126,172.31.40.0-255,66,137192,62,251664
12009,0.001288,74.125.68.0-255,4320,141512,62,251664
12010,0.001291,172.31.40.0-255,66,141578,62,251664
12011,0.001297,74.125.68.0-255,4320,145898,62,251664
12012,0.001299,172.31.40.0-255,66,145964,62,251664
12013,0.001333,74.125.68.0-255,2184,148148,62,251664
12014,0.001336,172.31.40.0-255,66,148214,62,251664
12015,0.001438,74.125.68.0-255,1484,149698,62,251664
12016,0.001457,74.125.68.0-255,2902,152600,62,251664
12017,0.001461,172.31.40.0-255,66,152666,62,251664
12018,0.001466,74.125.68.0-255,2902,155568,62,251664
12019,0.001468,172.31.40.0-255,66,155634,62,251664
12020,0.00149,74.125.68.0-255,2902,158536,62,251664
12021,0.001494,172.31.40.0-255,66,158602,62,251664
12022,0.001501,74.125.68.0-255,7156,165758,62,251664
12023,0.001503,172.31.40.0-255,66,165824,62,251664
12024,0.001554,172.31.40.0-255,66,165890,62,251664
12025,0.001591,74.125.68.0-255,4320,170210,62,251664
12026,0.001594,172.31.40.0-255,66,170276,62,251664
12027,0.001628,74.125.68.0-255,6137,176413,62,251664
12028,0.001632,172.31.40.0-255,66,176479,62,251664
12029,0.001657,172.31.40.0-255,66,176545,62,251664
12030,0.001664,74.125.68.0-255,7156,183701,62,251664
12031,0.001667,172.31.40.0-255,66,183767,62,251664
12032,0.001677,172.31.40.0-255,66,183833,62,251664
12033,0.001697,74.125.68.0-255,1484,185317,62,251664
12034,0.001707,74.125.68.0-255,2902,188219,62,251664
12035,0.001712,172.31.40.0-255,66,188285,62,251664
12036,0.001742,74.125.68.0-255,5738,194023,62,251664
12037,0.001746,172.31.40.0-255,66,194089,62,251664
12038,0.001753,74.125.68.0-255,7156,201245,62,251664
12039,0.001755,172.31.40.0-255,66,201311,62,251664
12040,0.001796,172.31.40.0-255,66,201377,62,251664
12041,0.001834,74.125.68.0-255,5738,207115,62,251664
12042,0.001838,172.31.40.0-255,66,207181,62,251664
12043,0.001876,172.31.40.0-255,66,207247,62,251664
12044,0.001914,74.125.68.0-255,2902,210149,62,251664
12045,0.001917,172.31.40.0-255,66,210215,62,251664
12046,0.00195,172.31.40.0-255,66,210281,62,251664
12047,0.001962,172.31.40.0-255,66,210347,62,251664
12048,0.001974,172.31.40.0-255,66,210413,62,251664
12049,0.002006,74.125.68.0-255,7156,217569,62,251664
12050,0.002011,172.31.40.0-255,66,217635,62,251664
12051,0.002022,172.31.40.0-255,66,217701,62,251664
12052,0.002052,74.125.68.0-255,5020,222721,62,251664
12053,0.002056,172.31.40.0-255,66,222787,62,251664
12054,0.002062,74.125.68.0-255,5738,228525,62,251664
12055,0.002065,172.31.40.0-255,66,228591,62,251664
12056,0.002094,74.125.68.0-255,7156,235747,62,251664
12057,0.002098,172.31.40.0-255,66,235813,62,251664
12058,0.002113,172.31.40.0-255,66,235879,62,251664
12059,0.002157,172.31.40.0-255,66,235945,62,251664
12060,0.002188,74.125.68.0-255,5921,241866,62,251664
12061,0.002193,172.31.40.0-255,66,241932,62,251664
12062,0.002219,74.125.68.0-255,105,242037,62,251664
12063,0.003593,172.31.40.0-255,66,242103,62,251664
12064,0.00362,172.31.40.0-255,105,242208,62,251664
12065,0.005883,74.125.68.0-255,66,242274,62,251664
12066,0.036365,172.31.40.0-255,192,242466,62,251664
12067,0.036394,172.31.40.0-255,1108,243574,62,251664
12068,0.03646,172.31.40.0-255,1514,245088,62,251664
12069,0.036462,172.31.40.0-255,1514,246602,62,251664
12070,0.036464,172.31.40.0-255,1514,248116,62,251664
12071,0.036469,172.31.40.0-255,1514,249630,62,251664
12072,0.03647,172.31.40.0-255,1514,251144,62,251664
12073,0.036471,172.31.40.0-255,82,251226,62,251664
12074,0.037908,104.244.42.0-255,66,251292,62,251664
12075,0.03797,104.244.42.0-255,66,251358,62,251664
12076,0.038053,104.244.42.0-255,66,251424,62,251664
12077,0.038058,104.244.42.0-255,66,251490,62,251664
12078,0.038647,104.244.42.0-255,108,251598,62,251664
12079,0.038668,172.31.40.0-255,66,251664,62,251664
12080,0.0,172.253.118.0-255,153,153,62,231214
12081,2.2e-05,172.31.40.0-255,66,219,62,231214
12082,3e-05,172.253.118.0-255,1484,1703,62,231214
12083,3.5e-05,172.31.40.0-255,66,1769,62,231214
12084,4e-05,172.253.118.0-255,2902,4671,62,231214
12085,5e-05,172.31.40.0-255,66,4737,62,231214
12086,5.8e-05,172.253.118.0-255,7156,11893,62,231214
12087,6.1e-05,172.31.40.0-255,66,11959,62,231214
12088,6.8e-05,172.253.118.0-255,6355,18314,62,231214
12089,7.1e-05,172.31.40.0-255,66,18380,62,231214
12090,7.4e-05,172.253.118.0-255,1484,19864,62,231214
12091,7.6e-05,172.31.40.0-255,66,19930,62,231214
12092,0.000105,172.253.118.0-255,5738,25668,62,231214
12093,0.000114,172.31.40.0-255,66,25734,62,231214
12094,0.00012,172.253.118.0-255,5379,31113,62,231214
12095,0.000122,172.31.40.0-255,66,31179,62,231214
12096,0.00036,172.253.118.0-255,1484,32663,62,231214
12097,0.000367,172.31.40.0-255,66,32729,62,231214
12098,0.000372,172.253.118.0-255,2902,35631,62,231214
12099,0.000375,172.31.40.0-255,66,35697,62,231214
12100,0.0004,172.253.118.0-255,4320,40017,62,231214
12101,0.000403,172.31.40.0-255,66,40083,62,231214
12102,0.000428,172.253.118.0-255,1484,41567,62,231214
12103,0.000431,172.31.40.0-255,66,41633,62,231214
12104,0.000441,172.31.40.0-255,66,41699,62,231214
12105,0.000455,172.31.40.0-255,66,41765,62,231214
12106,0.000461,172.253.118.0-255,5738,47503,62,231214
12107,0.000464,172.31.40.0-255,66,47569,62,231214
12108,0.000489,172.253.118.0-255,1125,48694,62,231214
12109,0.000496,172.31.40.0-255,66,48760,62,231214
12110,0.000538,172.253.118.0-255,413,49173,62,231214
12111,0.000579,172.253.118.0-255,330,49503,62,231214
12112,0.000857,172.253.118.0-255,1484,50987,62,231214
12113,0.000861,172.31.40.0-255,66,51053,62,231214
12114,0.000866,172.253.118.0-255,2902,53955,62,231214
12115,0.000869,172.31.40.0-255,66,54021,62,231214
12116,0.000875,172.253.118.0-255,4320,58341,62,231214
12117,0.000881,172.31.40.0-255,66,58407,62,231214
12118,0.000908,172.253.118.0-255,1484,59891,62,231214
12119,0.000922,172.31.40.0-255,66,59957,62,231214
12120,0.000935,172.253.118.0-255,7156,67113,62,231214
12121,0.000937,172.31.40.0-255,66,67179,62,231214
12122,0.000964,172.253.118.0-255,3602,70781,62,231214
12123,0.000966,172.31.40.0-255,66,70847,62,231214
12124,0.001422,172.253.118.0-255,1484,72331,62,231214
12125,0.001426,172.253.118.0-255,1484,73815,62,231214
12126,0.00143,172.31.40.0-255,66,73881,62,231214
12127,0.001467,172.253.118.0-255,1484,75365,62,231214
12128,0.001475,172.253.118.0-255,5738,81103,62,231214
12129,0.001477,172.31.40.0-255,66,81169,62,231214
12130,0.001493,172.31.40.0-255,66,81235,62,231214
12131,0.001517,172.253.118.0-255,1484,82719,62,231214
12132,0.001549,172.31.40.0-255,66,82785,62,231214
12133,0.004177,172.253.118.0-255,5738,88523,62,231214
12134,0.004184,172.31.40.0-255,66,88589,62,231214
12135,0.00683,172.253.118.0-255,5738,94327,62,231214
12136,0.006834,172.31.40.0-255,66,94393,62,231214
12137,0.009489,172.253.118.0-255,5738,100131,62,231214
12138,0.009496,172.31.40.0-255,66,100197,62,231214
12139,0.012137,172.253.118.0-255,5738,105935,62,231214
12140,0.012146,172.31.40.0-255,66,106001,62,231214
12141,0.014771,172.253.118.0-255,5738,111739,62,231214
12142,0.014779,172.31.40.0-255,66,111805,62,231214
12143,0.017427,172.253.118.0-255,5738,117543,62,231214
12144,0.017436,172.31.40.0-255,66,117609,62,231214
12145,0.020083,172.253.118.0-255,5738,123347,62,231214
12146,0.02009,172.31.40.0-255,66,123413,62,231214
12147,0.022718,172.253.118.0-255,5738,129151,62,231214
12148,0.022726,172.31.40.0-255,66,129217,62,231214
12149,0.025357,172.253.118.0-255,5738,134955,62,231214
12150,0.025365,172.31.40.0-255,66,135021,62,231214
12151,0.025438,172.31.40.0-255,172,135193,62,231214
12152,0.025473,172.31.40.0-255,1105,136298,62,231214
12153,0.025586,172.31.40.0-255,1514,137812,62,231214
12154,0.025588,172.31.40.0-255,340,138152,62,231214
12155,0.027013,104.244.42.0-255,66,138218,62,231214
12156,0.027044,104.244.42.0-255,66,138284,62,231214
12157,0.027139,104.244.42.0-255,66,138350,62,231214
12158,0.028,172.253.118.0-255,5738,144088,62,231214
12159,0.028006,172.31.40.0-255,66,144154,62,231214
12160,0.030643,172.253.118.0-255,5738,149892,62,231214
12161,0.030649,172.31.40.0-255,66,149958,62,231214
12162,0.033287,172.253.118.0-255,5738,155696,62,231214
12163,0.033294,172.31.40.0-255,66,155762,62,231214
12164,0.035929,172.253.118.0-255,5738,161500,62,231214
12165,0.035935,172.31.40.0-255,66,161566,62,231214
12166,0.038589,172.253.118.0-255,5738,167304,62,231214
12167,0.038596,172.31.40.0-255,66,167370,62,231214
12168,0.041242,172.253.118.0-255,5738,173108,62,231214
12169,0.041253,172.31.40.0-255,66,173174,62,231214
12170,0.043884,172.253.118.0-255,5738,178912,62,231214
12171,0.043891,172.31.40.0-255,66,178978,62,231214
12172,0.046529,172.253.118.0-255,5738,184716,62,231214
12173,0.046535,172.31.40.0-255,66,184782,62,231214
12174,0.049175,172.253.118.0-255,5738,190520,62,231214
12175,0.049182,172.31.40.0-255,66,190586,62,231214
12176,0.051818,172.253.118.0-255,5738,196324,62,231214
12177,0.051824,172.31.40.0-255,66,196390,62,231214
12178,0.054457,172.253.118.0-255,5738,202128,62,231214
12179,0.054463,172.31.40.0-255,66,202194,62,231214
12180,0.057094,172.253.118.0-255,5738,207932,62,231214
12181,0.057105,172.31.40.0-255,66,207998,62,231214
12182,0.05978,172.253.118.0-255,5738,213736,62,231214
12183,0.0598,172.31.40.0-255,66,213802,62,231214
12184,0.062443,172.253.118.0-255,5738,219540,62,231214
12185,0.06246,172.31.40.0-255,66,219606,62,231214
12186,0.065114,172.253.118.0-255,5738,225344,62,231214
12187,0.065132,172.31.40.0-255,66,225410,62,231214
12188,0.067762,172.253.118.0-255,5738,231148,62,231214
12189,0.067769,172.31.40.0-255,66,231214,62,231214
12190,0.0,74.125.68.0-255,156,156,62,344607
12191,1.4e-05,172.31.40.0-255,66,222,62,344607
12192,3.7e-05,74.125.68.0-255,1484,1706,62,344607
12193,4.1e-05,172.31.40.0-255,66,1772,62,344607
12194,6.5e-05,74.125.68.0-255,2902,4674,62,344607
12195,6.8e-05,172.31.40.0-255,66,4740,62,344607
12196,7.4e-05,74.125.68.0-255,4320,9060,62,344607
12197,7.7e-05,172.31.40.0-255,66,9126,62,344607
12198,0.000101,74.125.68.0-255,1484,10610,62,344607
12199,0.000104,172.31.40.0-255,66,10676,62,344607
12200,0.000131,74.125.68.0-255,6294,16970,62,344607
12201,0.000144,172.31.40.0-255,66,17036,62,344607
12202,0.000147,172.31.40.0-255,66,17102,62,344607
12203,0.000161,74.125.68.0-255,2902,20004,62,344607
12204,0.000164,172.31.40.0-255,66,20070,62,344607
12205,0.000221,74.125.68.0-255,2543,22613,62,344607
12206,0.000224,172.31.40.0-255,66,22679,62,344607
12207,0.000442,74.125.68.0-255,1484,24163,62,344607
12208,0.000448,172.31.40.0-255,66,24229,62,344607
12209,0.000496,74.125.68.0-255,2902,27131,62,344607
12210,0.0005,172.31.40.0-255,66,27197,62,344607
12211,0.000519,74.125.68.0-255,1484,28681,62,344607
12212,0.000521,172.31.40.0-255,66,28747,62,344607
12213,0.000525,74.125.68.0-255,1484,30231,62,344607
12214,0.000527,172.31.40.0-255,66,30297,62,344607
12215,0.000542,74.125.68.0-255,1484,31781,62,344607
12216,0.000544,172.31.40.0-255,66,31847,62,344607
12217,0.000573,74.125.68.0-255,1484,33331,62,344607
12218,0.000576,172.31.40.0-255,66,33397,62,344607
12219,0.000581,74.125.68.0-255,2902,36299,62,344607
12220,0.000583,172.31.40.0-255,66,36365,62,344607
12221,0.000599,74.125.68.0-255,5738,42103,62,344607
12222,0.000602,172.31.40.0-255,66,42169,62,344607
12223,0.000625,74.125.68.0-255,5738,47907,62,344607
12224,0.000628,172.31.40.0-255,66,47973,62,344607
12225,0.000631,74.125.68.0-255,1484,49457,62,344607
12226,0.000655,74.125.68.0-255,5738,55195,62,344607
12227,0.000658,172.31.40.0-255,66,55261,62,344607
12228,0.000663,74.125.68.0-255,2184,57445,62,344607
12229,0.000665,172.31.40.0-255,66,57511,62,344607
12230,0.000685,74.125.68.0-255,410,57921,62,344607
12231,0.000747,74.125.68.0-255,1484,59405,62,344607
12232,0.000751,172.31.40.0-255,66,59471,62,344607
12233,0.000757,74.125.68.0-255,4320,63791,62,344607
12234,0.00076,172.31.40.0-255,66,63857,62,344607
12235,0.000764,74.125.68.0-255,2902,66759,62,344607
12236,0.000766,172.31.40.0-255,66,66825,62,344607
12237,0.000788,74.125.68.0-255,2902,69727,62,344607
12238,0.000791,172.31.40.0-255,66,69793,62,344607
12239,0.000799,74.125.68.0-255,7156,76949,62,344607
12240,0.000801,172.31.40.0-255,66,77015,62,344607
12241,0.000855,172.31.40.0-255,66,77081,62,344607
12242,0.000932,74.125.68.0-255,2451,79532,62,344607
12243,0.000936,172.31.40.0-255,66,79598,62,344607
12244,0.001132,74.125.68.0-255,1484,81082,62,344607
12245,0.001151,74.125.68.0-255,2902,83984,62,344607
12246,0.001155,172.31.40.0-255,66,84050,62,344607
12247,0.00116,74.125.68.0-255,2902,86952,62,344607
12248,0.001162,172.31.40.0-255,66,87018,62,344607
12249,0.001179,74.125.68.0-255,2902,89920,62,344607
12250,0.001182,172.31.40.0-255,66,89986,62,344607
12251,0.001198,74.125.68.0-255,7156,97142,62,344607
12252,0.001201,172.31.40.0-255,66,97208,62,344607
12253,0.001237,172.31.40.0-255,66,97274,62,344607
12254,0.00127,74.125.68.0-255,2902,100176,62,344607
12255,0.001273,172.31.40.0-255,66,100242,62,344607
12256,0.001288,74.125.68.0-255,2184,102426,62,344607
12257,0.001293,172.31.40.0-255,66,102492,62,344607
12258,0.001632,74.125.68.0-255,1484,103976,62,344607
12259,0.00166,74.125.68.0-255,2902,106878,62,344607
12260,0.001663,172.31.40.0-255,66,106944,62,344607
12261,0.00169,74.125.68.0-255,4320,111264,62,344607
12262,0.001693,172.31.40.0-255,66,111330,62,344607
12263,0.001697,74.125.68.0-255,1484,112814,62,344607
12264,0.001717,74.125.68.0-255,4320,117134,62,344607
12265,0.001719,172.31.40.0-255,66,117200,62,344607
12266,0.001722,74.125.68.0-255,1484,118684,62,344607
12267,0.00174,74.125.68.0-255,2902,121586,62,344607
12268,0.001743,172.31.40.0-255,66,121652,62,344607
12269,0.001763,74.125.68.0-255,5738,127390,62,344607
12270,0.001765,172.31.40.0-255,66,127456,62,344607
12271,0.00179,74.125.68.0-255,4320,131776,62,344607
12272,0.001792,172.31.40.0-255,66,131842,62,344607
12273,0.001816,74.125.68.0-255,5020,136862,62,344607
12274,0.001819,172.31.40.0-255,66,136928,62,344607
12275,0.001896,74.125.68.0-255,1484,138412,62,344607
12276,0.001914,74.125.68.0-255,2902,141314,62,344607
12277,0.001917,172.31.40.0-255,66,141380,62,344607
12278,0.001938,74.125.68.0-255,2902,144282,62,344607
12279,0.00194,172.31.40.0-255,66,144348,62,344607
12280,0.001972,74.125.68.0-255,4320,148668,62,344607
12281,0.001975,172.31.40.0-255,66,148734,62,344607
12282,0.001979,74.125.68.0-255,1484,150218,62,344607
12283,0.001996,74.125.68.0-255,2902,153120,62,344607
12284,0.001998,172.31.40.0-255,66,153186,62,344607
12285,0.002027,74.125.68.0-255,5738,158924,62,344607
12286,0.002035,172.31.40.0-255,66,158990,62,344607
12287,0.002039,74.125.68.0-255,1484,160474,62,344607
12288,0.002052,74.125.68.0-255,2902,163376,62,344607
12289,0.002055,172.31.40.0-255,66,163442,62,344607
12290,0.002084,74.125.68.0-255,5738,169180,62,344607
12291,0.002087,172.31.40.0-255,66,169246,62,344607
12292,0.002091,74.125.68.0-255,2184,171430,62,344607
12293,0.002093,172.31.40.0-255,66,171496,62,344607
12294,0.002329,74.125.68.0-255,1484,172980,62,344607
12295,0.004372,74.125.68.0-255,1484,174464,62,344607
12296,0.004379,172.31.40.0-255,66,174530,62,344607
12297,0.004396,74.125.68.0-255,2902,177432,62,344607
12298,0.004398,172.31.40.0-255,66,177498,62,344607
12299,0.006669,74.125.68.0-255,2902,180400,62,344607
12300,0.006675,172.31.40.0-255,66,180466,62,344607
12301,0.006696,74.125.68.0-255,2902,183368,62,344607
12302,0.006698,172.31.40.0-255,66,183434,62,344607
12303,0.008968,74.125.68.0-255,4320,187754,62,344607
12304,0.008975,172.31.40.0-255,66,187820,62,344607
12305,0.008995,74.125.68.0-255,1484,189304,62,344607
12306,0.011269,74.125.68.0-255,4320,193624,62,344607
12307,0.011276,172.31.40.0-255,66,193690,62,344607
12308,0.013569,74.125.68.0-255,5738,199428,62,344607
12309,0.013577,172.31.40.0-255,66,199494,62,344607
12310,0.015874,74.125.68.0-255,5738,205232,62,344607
12311,0.015882,172.31.40.0-255,66,205298,62,344607
12312,0.018186,74.125.68.0-255,5738,211036,62,344607
12313,0.018196,172.31.40.0-255,66,211102,62,344607
12314,0.020486,74.125.68.0-255,5738,216840,62,344607
12315,0.020494,172.31.40.0-255,66,216906,62,344607
12316,0.022793,74.125.68.0-255,5738,222644,62,344607
12317,0.022801,172.31.40.0-255,66,222710,62,344607
12318,0.025088,74.125.68.0-255,5738,228448,62,344607
12319,0.025094,172.31.40.0-255,66,228514,62,344607
12320,0.027424,74.125.68.0-255,5738,234252,62,344607
12321,0.02743,172.31.40.0-255,66,234318,62,344607
12322,0.029751,74.125.68.0-255,4320,238638,62,344607
12323,0.029758,172.31.40.0-255,66,238704,62,344607
12324,0.029778,74.125.68.0-255,1484,240188,62,344607
12325,0.029941,172.31.40.0-255,172,240360,62,344607
12326,0.029971,172.31.40.0-255,1110,241470,62,344607
12327,0.030029,172.31.40.0-255,1514,242984,62,344607
12328,0.030031,172.31.40.0-255,1514,244498,62,344607
12329,0.030032,172.31.40.0-255,1514,246012,62,344607
12330,0.030033,172.31.40.0-255,1081,247093,62,344607
12331,0.031505,104.244.42.0-255,66,247159,62,344607
12332,0.031551,104.244.42.0-255,66,247225,62,344607
12333,0.031592,104.244.42.0-255,66,247291,62,344607
12334,0.031609,104.244.42.0-255,66,247357,62,344607
12335,0.032053,74.125.68.0-255,4320,251677,62,344607
12336,0.032057,172.31.40.0-255,66,251743,62,344607
12337,0.034343,74.125.68.0-255,5738,257481,62,344607
12338,0.034349,172.31.40.0-255,66,257547,62,344607
12339,0.036651,74.125.68.0-255,5738,263285,62,344607
12340,0.036658,172.31.40.0-255,66,263351,62,344607
12341,0.038949,74.125.68.0-255,5738,269089,62,344607
12342,0.038956,172.31.40.0-255,66,269155,62,344607
12343,0.041248,74.125.68.0-255,5738,274893,62,344607
12344,0.041253,172.31.40.0-255,66,274959,62,344607
12345,0.04355,74.125.68.0-255,5738,280697,62,344607
12346,0.043556,172.31.40.0-255,66,280763,62,344607
12347,0.045857,74.125.68.0-255,5738,286501,62,344607
12348,0.045863,172.31.40.0-255,66,286567,62,344607
12349,0.048163,74.125.68.0-255,5738,292305,62,344607
12350,0.048169,172.31.40.0-255,66,292371,62,344607
12351,0.050482,74.125.68.0-255,5738,298109,62,344607
12352,0.050489,172.31.40.0-255,66,298175,62,344607
12353,0.052816,74.125.68.0-255,5738,303913,62,344607
12354,0.052823,172.31.40.0-255,66,303979,62,344607
12355,0.055123,74.125.68.0-255,5738,309717,62,344607
12356,0.055129,172.31.40.0-255,66,309783,62,344607
12357,0.057427,74.125.68.0-255,5738,315521,62,344607
12358,0.057438,172.31.40.0-255,66,315587,62,344607
12359,0.059754,74.125.68.0-255,5738,321325,62,344607
12360,0.059763,172.31.40.0-255,66,321391,62,344607
12361,0.062115,74.125.68.0-255,5738,327129,62,344607
12362,0.062124,172.31.40.0-255,66,327195,62,344607
12363,0.064424,74.125.68.0-255,5738,332933,62,344607
12364,0.064446,172.31.40.0-255,66,332999,62,344607
12365,0.066746,74.125.68.0-255,5738,338737,62,344607
12366,0.066756,172.31.40.0-255,66,338803,62,344607
12367,0.069061,74.125.68.0-255,5738,344541,62,344607
12368,0.069067,172.31.40.0-255,66,344607,62,344607
12369,0.0,172.217.194.0-255,153,153,62,209934
12370,1.2e-05,172.31.40.0-255,66,219,62,209934
12371,1.8e-05,172.217.194.0-255,1484,1703,62,209934
12372,2.3e-05,172.31.40.0-255,66,1769,62,209934
12373,3.5e-05,172.217.194.0-255,2902,4671,62,209934
12374,4e-05,172.31.40.0-255,66,4737,62,209934
12375,6.7e-05,172.217.194.0-255,7156,11893,62,209934
12376,7.1e-05,172.31.40.0-255,66,11959,62,209934
12377,7.8e-05,172.217.194.0-255,5738,17697,62,209934
12378,8.1e-05,172.31.40.0-255,66,17763,62,209934
12379,0.000123,172.31.40.0-255,66,17829,62,209934
12380,0.000129,172.217.194.0-255,3961,21790,62,209934
12381,0.000131,172.31.40.0-255,66,21856,62,209934
12382,0.000164,172.217.194.0-255,4320,26176,62,209934
12383,0.000167,172.31.40.0-255,66,26242,62,209934
12384,0.000178,172.217.194.0-255,5738,31980,62,209934
12385,0.00018,172.31.40.0-255,66,32046,62,209934
12386,0.000183,172.217.194.0-255,1484,33530,62,209934
12387,0.000185,172.31.40.0-255,66,33596,62,209934
12388,0.000203,172.217.194.0-255,7156,40752,62,209934
12389,0.000205,172.31.40.0-255,66,40818,62,209934
12390,0.00023,172.217.194.0-255,3961,44779,62,209934
12391,0.000235,172.31.40.0-255,66,44845,62,209934
12392,0.000246,172.31.40.0-255,66,44911,62,209934
12393,0.000272,172.217.194.0-255,677,45588,62,209934
12394,0.000274,172.31.40.0-255,66,45654,62,209934
12395,0.000386,172.217.194.0-255,1484,47138,62,209934
12396,0.00039,172.31.40.0-255,66,47204,62,209934
12397,0.000395,172.217.194.0-255,2902,50106,62,209934
12398,0.000397,172.31.40.0-255,66,50172,62,209934
12399,0.000402,172.217.194.0-255,4320,54492,62,209934
12400,0.000404,172.31.40.0-255,66,54558,62,209934
12401,0.000431,172.217.194.0-255,1484,56042,62,209934
12402,0.000441,172.217.194.0-255,5738,61780,62,209934
12403,0.000443,172.31.40.0-255,66,61846,62,209934
12404,0.000476,172.31.40.0-255,66,61912,62,209934
12405,0.00051,172.217.194.0-255,5379,67291,62,209934
12406,0.000513,172.31.40.0-255,66,67357,62,209934
12407,0.000519,172.217.194.0-255,3412,70769,62,209934
12408,0.000521,172.31.40.0-255,66,70835,62,209934
12409,0.000725,172.217.194.0-255,1484,72319,62,209934
12410,0.000731,172.217.194.0-255,2902,75221,62,209934
12411,0.000736,172.31.40.0-255,66,75287,62,209934
12412,0.000741,172.217.194.0-255,2902,78189,62,209934
12413,0.000743,172.31.40.0-255,66,78255,62,209934
12414,0.000767,172.217.194.0-255,2902,81157,62,209934
12415,0.000769,172.31.40.0-255,66,81223,62,209934
12416,0.000788,172.31.40.0-255,66,81289,62,209934
12417,0.000799,172.31.40.0-255,66,81355,62,209934
12418,0.000828,172.217.194.0-255,2184,83539,62,209934
12419,0.000837,172.31.40.0-255,66,83605,62,209934
12420,0.00098,172.217.194.0-255,1484,85089,62,209934
12421,0.000985,172.217.194.0-255,2902,87991,62,209934
12422,0.000988,172.31.40.0-255,66,88057,62,209934
12423,0.001023,172.217.194.0-255,5738,93795,62,209934
12424,0.001026,172.31.40.0-255,66,93861,62,209934
12425,0.001041,172.31.40.0-255,66,93927,62,209934
12426,0.001051,172.217.194.0-255,5738,99665,62,209934
12427,0.001054,172.31.40.0-255,66,99731,62,209934
12428,0.00111,172.217.194.0-255,4320,104051,62,209934
12429,0.001114,172.31.40.0-255,66,104117,62,209934
12430,0.001138,172.217.194.0-255,766,104883,62,209934
12431,0.001204,172.217.194.0-255,1484,106367,62,209934
12432,0.001207,172.31.40.0-255,66,106433,62,209934
12433,0.001212,172.217.194.0-255,2902,109335,62,209934
12434,0.001214,172.31.40.0-255,66,109401,62,209934
12435,0.001249,172.217.194.0-255,5738,115139,62,209934
12436,0.001252,172.31.40.0-255,66,115205,62,209934
12437,0.001259,172.217.194.0-255,7156,122361,62,209934
12438,0.001261,172.31.40.0-255,66,122427,62,209934
12439,0.001265,172.217.194.0-255,1484,123911,62,209934
12440,0.001303,172.31.40.0-255,66,123977,62,209934
12441,0.001308,172.217.194.0-255,2184,126161,62,209934
12442,0.00131,172.31.40.0-255,66,126227,62,209934
12443,0.001352,172.217.194.0-255,5738,131965,62,209934
12444,0.001355,172.31.40.0-255,66,132031,62,209934
12445,0.001393,172.217.194.0-255,1484,133515,62,209934
12446,0.001397,172.31.40.0-255,66,133581,62,209934
12447,0.001443,172.31.40.0-255,66,133647,62,209934
12448,0.001471,172.217.194.0-255,5738,139385,62,209934
12449,0.001485,172.31.40.0-255,66,139451,62,209934
12450,0.001569,172.217.194.0-255,5738,145189,62,209934
12451,0.001616,172.31.40.0-255,66,145255,62,209934
12452,0.001625,172.217.194.0-255,1484,146739,62,209934
12453,0.001647,172.217.194.0-255,2902,149641,62,209934
12454,0.001653,172.217.194.0-255,5738,155379,62,209934
12455,0.001671,172.217.194.0-255,1484,156863,62,209934
12456,0.001677,172.31.40.0-255,66,156929,62,209934
12457,0.001695,172.217.194.0-255,2902,159831,62,209934
12458,0.001707,172.31.40.0-255,66,159897,62,209934
12459,0.001744,172.217.194.0-255,1484,161381,62,209934
12460,0.001747,172.31.40.0-255,66,161447,62,209934
12461,0.001757,172.217.194.0-255,4320,165767,62,209934
12462,0.001767,172.217.194.0-255,5738,171505,62,209934
12463,0.001773,172.31.40.0-255,66,171571,62,209934
12464,0.001783,172.217.194.0-255,1484,173055,62,209934
12465,0.00179,172.217.194.0-255,7156,180211,62,209934
12466,0.001815,172.217.194.0-255,7156,187367,62,209934
12467,0.001818,172.217.194.0-255,1484,188851,62,209934
12468,0.001826,172.31.40.0-255,66,188917,62,209934
12469,0.001847,172.217.194.0-255,6438,195355,62,209934
12470,0.001867,172.31.40.0-255,66,195421,62,209934
12471,0.001899,172.217.194.0-255,5738,201159,62,209934
12472,0.001917,172.217.194.0-255,97,201256,62,209934
12473,0.00192,172.217.194.0-255,105,201361,62,209934
12474,0.001938,172.31.40.0-255,66,201427,62,209934
12475,0.009031,172.31.40.0-255,105,201532,62,209934
12476,0.011527,172.217.194.0-255,66,201598,62,209934
12477,0.027449,172.31.40.0-255,172,201770,62,209934
12478,0.027484,172.31.40.0-255,1110,202880,62,209934
12479,0.027549,172.31.40.0-255,1514,204394,62,209934
12480,0.027551,172.31.40.0-255,1514,205908,62,209934
12481,0.027552,172.31.40.0-255,1514,207422,62,209934
12482,0.027553,172.31.40.0-255,1514,208936,62,209934
12483,0.027554,172.31.40.0-255,560,209496,62,209934
12484,0.02899,104.244.42.0-255,66,209562,62,209934
12485,0.029059,104.244.42.0-255,66,209628,62,209934
12486,0.02918,104.244.42.0-255,66,209694,62,209934
12487,0.029197,104.244.42.0-255,66,209760,62,209934
12488,0.033098,104.244.42.0-255,108,209868,62,209934
12489,0.033105,172.31.40.0-255,66,209934,62,209934
12490,0.0,104.244.42.0-255,66,66,62,66
12491,0.0,172.217.194.0-255,152,152,62,220346
12492,1.1e-05,172.31.40.0-255,66,218,62,220346
12493,4.3e-05,172.217.194.0-255,1484,1702,62,220346
12494,4.8e-05,172.31.40.0-255,66,1768,62,220346
12495,5.4e-05,172.217.194.0-255,2902,4670,62,220346
12496,5.7e-05,172.31.40.0-255,66,4736,62,220346
12497,6e-05,172.217.194.0-255,1484,6220,62,220346
12498,6.2e-05,172.31.40.0-255,66,6286,62,220346
12499,7.6e-05,172.31.40.0-255,66,6352,62,220346
12500,0.000133,172.31.40.0-255,66,6418,62,220346
12501,0.000156,172.217.194.0-255,1484,7902,62,220346
12502,0.000159,172.31.40.0-255,66,7968,62,220346
12503,0.000163,172.217.194.0-255,2902,10870,62,220346
12504,0.000165,172.31.40.0-255,66,10936,62,220346
12505,0.000187,172.217.194.0-255,4320,15256,62,220346
12506,0.00019,172.31.40.0-255,66,15322,62,220346
12507,0.000221,172.217.194.0-255,1484,16806,62,220346
12508,0.000223,172.31.40.0-255,66,16872,62,220346
12509,0.000232,172.217.194.0-255,6797,23669,62,220346
12510,0.000234,172.31.40.0-255,66,23735,62,220346
12511,0.000253,172.31.40.0-255,66,23801,62,220346
12512,0.000258,172.217.194.0-255,2797,26598,62,220346
12513,0.00026,172.31.40.0-255,66,26664,62,220346
12514,0.000309,172.217.194.0-255,112,26776,62,220346
12515,0.000313,172.31.40.0-255,66,26842,62,220346
12516,0.000386,172.217.194.0-255,1484,28326,62,220346
12517,0.00039,172.31.40.0-255,66,28392,62,220346
12518,0.000395,172.217.194.0-255,2902,31294,62,220346
12519,0.000398,172.31.40.0-255,66,31360,62,220346
12520,0.000419,172.217.194.0-255,5738,37098,62,220346
12521,0.000427,172.31.40.0-255,66,37164,62,220346
12522,0.000464,172.217.194.0-255,6797,43961,62,220346
12523,0.000467,172.31.40.0-255,66,44027,62,220346
12524,0.000475,172.217.194.0-255,7156,51183,62,220346
12525,0.000477,172.31.40.0-255,66,51249,62,220346
12526,0.000521,172.31.40.0-255,66,51315,62,220346
12527,0.000524,172.217.194.0-255,385,51700,62,220346
12528,0.000576,172.217.194.0-255,1484,53184,62,220346
12529,0.000579,172.31.40.0-255,66,53250,62,220346
12530,0.000584,172.217.194.0-255,2902,56152,62,220346
12531,0.000586,172.31.40.0-255,66,56218,62,220346
12532,0.000605,172.217.194.0-255,1484,57702,62,220346
12533,0.000611,172.217.194.0-255,5738,63440,62,220346
12534,0.000618,172.31.40.0-255,66,63506,62,220346
12535,0.000647,172.217.194.0-255,1484,64990,62,220346
12536,0.000679,172.217.194.0-255,2902,67892,62,220346
12537,0.000685,172.217.194.0-255,5020,72912,62,220346
12538,0.000697,172.217.194.0-255,2902,75814,62,220346
12539,0.000712,172.217.194.0-255,4320,80134,62,220346
12540,0.000728,172.217.194.0-255,7156,87290,62,220346
12541,0.000763,172.217.194.0-255,7156,94446,62,220346
12542,0.000769,172.217.194.0-255,3602,98048,62,220346
12543,0.000783,172.31.40.0-255,66,98114,62,220346
12544,0.000858,172.31.40.0-255,66,98180,62,220346
12545,0.000926,172.31.40.0-255,66,98246,62,220346
12546,0.000959,172.217.194.0-255,4320,102566,62,220346
12547,0.000965,172.217.194.0-255,5738,108304,62,220346
12548,0.000994,172.31.40.0-255,66,108370,62,220346
12549,0.00108,172.217.194.0-255,1484,109854,62,220346
12550,0.001096,172.217.194.0-255,2902,112756,62,220346
12551,0.001099,172.217.194.0-255,1484,114240,62,220346
12552,0.001118,172.217.194.0-255,4320,118560,62,220346
12553,0.001125,172.31.40.0-255,66,118626,62,220346
12554,0.001178,172.217.194.0-255,2184,120810,62,220346
12555,0.001193,172.31.40.0-255,66,120876,62,220346
12556,0.00195,172.217.194.0-255,1484,122360,62,220346
12557,0.001977,172.217.194.0-255,2902,125262,62,220346
12558,0.001981,172.31.40.0-255,66,125328,62,220346
12559,0.002012,172.217.194.0-255,4320,129648,62,220346
12560,0.002023,172.31.40.0-255,66,129714,62,220346
12561,0.002031,172.217.194.0-255,1484,131198,62,220346
12562,0.002036,172.217.194.0-255,4320,135518,62,220346
12563,0.002058,172.217.194.0-255,2902,138420,62,220346
12564,0.002068,172.31.40.0-255,66,138486,62,220346
12565,0.002096,172.217.194.0-255,5738,144224,62,220346
12566,0.002104,172.31.40.0-255,66,144290,62,220346
12567,0.00212,172.217.194.0-255,2902,147192,62,220346
12568,0.002154,172.31.40.0-255,66,147258,62,220346
12569,0.002179,172.217.194.0-255,5020,152278,62,220346
12570,0.002218,172.31.40.0-255,66,152344,62,220346
12571,0.004364,172.217.194.0-255,5738,158082,62,220346
12572,0.00437,172.31.40.0-255,66,158148,62,220346
12573,0.006645,172.217.194.0-255,5738,163886,62,220346
12574,0.00749,172.31.40.0-255,66,163952,62,220346
12575,0.008411,172.31.40.0-255,101,164053,62,220346
12576,0.009622,172.217.194.0-255,5738,169791,62,220346
12577,0.009628,172.31.40.0-255,66,169857,62,220346
12578,0.010523,172.217.194.0-255,66,169923,62,220346
12579,0.011783,172.217.194.0-255,5738,175661,62,220346
12580,0.011788,172.31.40.0-255,66,175727,62,220346
12581,0.01393,172.217.194.0-255,5738,181465,62,220346
12582,0.013938,172.31.40.0-255,66,181531,62,220346
12583,0.016117,172.217.194.0-255,5738,187269,62,220346
12584,0.016126,172.31.40.0-255,66,187335,62,220346
12585,0.018239,172.217.194.0-255,5738,193073,62,220346
12586,0.018246,172.31.40.0-255,66,193139,62,220346
12587,0.020394,172.217.194.0-255,5738,198877,62,220346
12588,0.020404,172.31.40.0-255,66,198943,62,220346
12589,0.022527,172.217.194.0-255,5738,204681,62,220346
12590,0.022535,172.31.40.0-255,66,204747,62,220346
12591,0.024675,172.217.194.0-255,5738,210485,62,220346
12592,0.024683,172.31.40.0-255,66,210551,62,220346
12593,0.0268,172.217.194.0-255,353,210904,62,220346
12594,0.026968,172.31.40.0-255,105,211009,62,220346
12595,0.033369,172.217.194.0-255,66,211075,62,220346
12596,0.038431,172.31.40.0-255,176,211251,62,220346
12597,0.03846,172.31.40.0-255,1110,212361,62,220346
12598,0.03852,172.31.40.0-255,1514,213875,62,220346
12599,0.038522,172.31.40.0-255,1514,215389,62,220346
12600,0.038523,172.31.40.0-255,1514,216903,62,220346
12601,0.038528,172.31.40.0-255,1514,218417,62,220346
12602,0.038529,172.31.40.0-255,1514,219931,62,220346
12603,0.03853,172.31.40.0-255,151,220082,62,220346
12604,0.040073,104.244.42.0-255,66,220148,62,220346
12605,0.040116,104.244.42.0-255,66,220214,62,220346
12606,0.040216,104.244.42.0-255,66,220280,62,220346
12607,0.04022,104.244.42.0-255,66,220346,62,220346
12608,0.0,172.217.194.0-255,153,153,62,168595
12609,1.2e-05,172.31.40.0-255,66,219,62,168595
12610,4.8e-05,172.217.194.0-255,1484,1703,62,168595
12611,5.3e-05,172.31.40.0-255,66,1769,62,168595
12612,5.8e-05,172.217.194.0-255,2902,4671,62,168595
12613,6.1e-05,172.31.40.0-255,66,4737,62,168595
12614,7.2e-05,172.217.194.0-255,5738,10475,62,168595
12615,7.6e-05,172.31.40.0-255,66,10541,62,168595
12616,0.0001,172.217.194.0-255,1484,12025,62,168595
12617,0.000102,172.31.40.0-255,66,12091,62,168595
12618,0.000112,172.217.194.0-255,2054,14145,62,168595
12619,0.000114,172.31.40.0-255,66,14211,62,168595
12620,0.000346,172.217.194.0-255,1484,15695,62,168595
12621,0.000352,172.31.40.0-255,66,15761,62,168595
12622,0.000358,172.217.194.0-255,2902,18663,62,168595
12623,0.00036,172.31.40.0-255,66,18729,62,168595
12624,0.000363,172.217.194.0-255,1484,20213,62,168595
12625,0.00037,172.31.40.0-255,66,20279,62,168595
12626,0.000408,172.217.194.0-255,4320,24599,62,168595
12627,0.000412,172.31.40.0-255,66,24665,62,168595
12628,0.000419,172.217.194.0-255,6797,31462,62,168595
12629,0.000421,172.31.40.0-255,66,31528,62,168595
12630,0.000429,172.217.194.0-255,1484,33012,62,168595
12631,0.000431,172.31.40.0-255,66,33078,62,168595
12632,0.000477,172.31.40.0-255,66,33144,62,168595
12633,0.000482,172.217.194.0-255,2543,35687,62,168595
12634,0.000484,172.31.40.0-255,66,35753,62,168595
12635,0.000512,172.217.194.0-255,1484,37237,62,168595
12636,0.000514,172.31.40.0-255,66,37303,62,168595
12637,0.000519,172.217.194.0-255,2902,40205,62,168595
12638,0.000521,172.31.40.0-255,66,40271,62,168595
12639,0.000546,172.217.194.0-255,4320,44591,62,168595
12640,0.000549,172.31.40.0-255,66,44657,62,168595
12641,0.00058,172.217.194.0-255,1484,46141,62,168595
12642,0.000589,172.217.194.0-255,7156,53297,62,168595
12643,0.000592,172.31.40.0-255,66,53363,62,168595
12644,0.000595,172.217.194.0-255,286,53649,62,168595
12645,0.000667,172.217.194.0-255,1484,55133,62,168595
12646,0.00067,172.31.40.0-255,66,55199,62,168595
12647,0.000675,172.217.194.0-255,2902,58101,62,168595
12648,0.000678,172.31.40.0-255,66,58167,62,168595
12649,0.000711,172.217.194.0-255,5738,63905,62,168595
12650,0.000714,172.31.40.0-255,66,63971,62,168595
12651,0.00074,172.217.194.0-255,4320,68291,62,168595
12652,0.000743,172.31.40.0-255,66,68357,62,168595
12653,0.000783,172.31.40.0-255,66,68423,62,168595
12654,0.000789,172.217.194.0-255,5738,74161,62,168595
12655,0.000792,172.31.40.0-255,66,74227,62,168595
12656,0.000834,172.217.194.0-255,3961,78188,62,168595
12657,0.000837,172.31.40.0-255,66,78254,62,168595
12658,0.000998,172.217.194.0-255,1484,79738,62,168595
12659,0.001018,172.217.194.0-255,2902,82640,62,168595
12660,0.001023,172.31.40.0-255,66,82706,62,168595
12661,0.001043,172.217.194.0-255,4320,87026,62,168595
12662,0.001046,172.31.40.0-255,66,87092,62,168595
12663,0.001071,172.217.194.0-255,1484,88576,62,168595
12664,0.001084,172.31.40.0-255,66,88642,62,168595
12665,0.001119,172.217.194.0-255,2902,91544,62,168595
12666,0.001122,172.31.40.0-255,66,91610,62,168595
12667,0.001127,172.217.194.0-255,4320,95930,62,168595
12668,0.00113,172.31.40.0-255,66,95996,62,168595
12669,0.001142,172.217.194.0-255,6438,102434,62,168595
12670,0.001144,172.31.40.0-255,66,102500,62,168595
12671,0.001174,172.217.194.0-255,1484,103984,62,168595
12672,0.001198,172.217.194.0-255,2902,106886,62,168595
12673,0.001201,172.31.40.0-255,66,106952,62,168595
12674,0.001235,172.217.194.0-255,4320,111272,62,168595
12675,0.001238,172.31.40.0-255,66,111338,62,168595
12676,0.001255,172.31.40.0-255,66,111404,62,168595
12677,0.001296,172.31.40.0-255,66,111470,62,168595
12678,0.001365,172.217.194.0-255,4320,115790,62,168595
12679,0.001368,172.31.40.0-255,66,115856,62,168595
12680,0.001406,172.31.40.0-255,66,115922,62,168595
12681,0.001426,172.31.40.0-255,66,115988,62,168595
12682,0.001429,172.217.194.0-255,766,116754,62,168595
12683,0.001544,172.217.194.0-255,1484,118238,62,168595
12684,0.001548,172.31.40.0-255,66,118304,62,168595
12685,0.001555,172.217.194.0-255,2902,121206,62,168595
12686,0.001556,172.31.40.0-255,66,121272,62,168595
12687,0.001587,172.217.194.0-255,5738,127010,62,168595
12688,0.001589,172.31.40.0-255,66,127076,62,168595
12689,0.001594,172.217.194.0-255,2902,129978,62,168595
12690,0.001596,172.31.40.0-255,66,130044,62,168595
12691,0.001626,172.217.194.0-255,7156,137200,62,168595
12692,0.001628,172.31.40.0-255,66,137266,62,168595
12693,0.001648,172.217.194.0-255,2902,140168,62,168595
12694,0.001651,172.31.40.0-255,66,140234,62,168595
12695,0.001664,172.31.40.0-255,66,140300,62,168595
12696,0.001724,172.217.194.0-255,1484,141784,62,168595
12697,0.001749,172.217.194.0-255,2902,144686,62,168595
12698,0.001752,172.31.40.0-255,66,144752,62,168595
12699,0.001759,172.217.194.0-255,5738,150490,62,168595
12700,0.001762,172.31.40.0-255,66,150556,62,168595
12701,0.001784,172.217.194.0-255,4320,154876,62,168595
12702,0.001787,172.31.40.0-255,66,154942,62,168595
12703,0.001833,172.31.40.0-255,66,155008,62,168595
12704,0.001849,172.31.40.0-255,66,155074,62,168595
12705,0.001852,172.217.194.0-255,1484,156558,62,168595
12706,0.001901,172.31.40.0-255,66,156624,62,168595
12707,0.001923,172.217.194.0-255,4320,160944,62,168595
12708,0.001942,172.217.194.0-255,1484,162428,62,168595
12709,0.001953,172.31.40.0-255,66,162494,62,168595
12710,0.001984,172.31.40.0-255,66,162560,62,168595
12711,0.002107,172.217.194.0-255,4320,166880,62,168595
12712,0.002163,172.217.194.0-255,105,166985,62,168595
12713,0.006152,172.31.40.0-255,66,167051,62,168595
12714,0.008404,172.31.40.0-255,105,167156,62,168595
12715,0.010974,172.217.194.0-255,66,167222,62,168595
12716,0.032818,172.31.40.0-255,164,167386,62,168595
12717,0.032852,172.31.40.0-255,1077,168463,62,168595
12718,0.034518,104.244.42.0-255,66,168529,62,168595
12719,0.03455,104.244.42.0-255,66,168595,62,168595
12720,0.0,172.217.194.0-255,292,292,62,186681
12721,2.3e-05,172.31.40.0-255,66,358,62,186681
12722,3.1e-05,172.217.194.0-255,1484,1842,62,186681
12723,3.4e-05,172.31.40.0-255,66,1908,62,186681
12724,4.1e-05,172.217.194.0-255,4320,6228,62,186681
12725,4.4e-05,172.31.40.0-255,66,6294,62,186681
12726,4.9e-05,172.217.194.0-255,2902,9196,62,186681
12727,5.2e-05,172.31.40.0-255,66,9262,62,186681
12728,8.8e-05,172.217.194.0-255,5738,15000,62,186681
12729,9.1e-05,172.31.40.0-255,66,15066,62,186681
12730,0.000112,172.217.194.0-255,3301,18367,62,186681
12731,0.000114,172.31.40.0-255,66,18433,62,186681
12732,0.000119,172.217.194.0-255,4320,22753,62,186681
12733,0.000122,172.31.40.0-255,66,22819,62,186681
12734,0.000152,172.217.194.0-255,2902,25721,62,186681
12735,0.000154,172.31.40.0-255,66,25787,62,186681
12736,0.000175,172.217.194.0-255,5379,31166,62,186681
12737,0.000178,172.31.40.0-255,66,31232,62,186681
12738,0.000213,172.217.194.0-255,1484,32716,62,186681
12739,0.000215,172.31.40.0-255,66,32782,62,186681
12740,0.000233,172.217.194.0-255,2902,35684,62,186681
12741,0.000236,172.31.40.0-255,66,35750,62,186681
12742,0.000241,172.217.194.0-255,5738,41488,62,186681
12743,0.000243,172.31.40.0-255,66,41554,62,186681
12744,0.000287,172.31.40.0-255,66,41620,62,186681
12745,0.000309,172.217.194.0-255,4320,45940,62,186681
12746,0.000311,172.31.40.0-255,66,46006,62,186681
12747,0.000335,172.31.40.0-255,66,46072,62,186681
12748,0.000512,172.217.194.0-255,364,46436,62,186681
12749,0.000516,172.31.40.0-255,66,46502,62,186681
12750,0.000625,172.217.194.0-255,1484,47986,62,186681
12751,0.000631,172.217.194.0-255,1484,49470,62,186681
12752,0.000638,172.31.40.0-255,66,49536,62,186681
12753,0.000649,172.217.194.0-255,1484,51020,62,186681
12754,0.000656,172.217.194.0-255,5738,56758,62,186681
12755,0.000676,172.217.194.0-255,2902,59660,62,186681
12756,0.000681,172.31.40.0-255,66,59726,62,186681
12757,0.000694,172.217.194.0-255,2902,62628,62,186681
12758,0.000715,172.217.194.0-255,7156,69784,62,186681
12759,0.000731,172.31.40.0-255,66,69850,62,186681
12760,0.000995,172.217.194.0-255,1484,71334,62,186681
12761,0.001002,172.217.194.0-255,2902,74236,62,186681
12762,0.001005,172.31.40.0-255,66,74302,62,186681
12763,0.001011,172.217.194.0-255,4320,78622,62,186681
12764,0.001017,172.31.40.0-255,66,78688,62,186681
12765,0.001028,172.217.194.0-255,1484,80172,62,186681
12766,0.001057,172.217.194.0-255,2902,83074,62,186681
12767,0.001067,172.31.40.0-255,66,83140,62,186681
12768,0.001113,172.31.40.0-255,66,83206,62,186681
12769,0.001128,172.217.194.0-255,2184,85390,62,186681
12770,0.001149,172.31.40.0-255,66,85456,62,186681
12771,0.001311,172.217.194.0-255,1484,86940,62,186681
12772,0.001326,172.217.194.0-255,2902,89842,62,186681
12773,0.00133,172.31.40.0-255,66,89908,62,186681
12774,0.001353,172.217.194.0-255,5738,95646,62,186681
12775,0.001374,172.217.194.0-255,1484,97130,62,186681
12776,0.001395,172.217.194.0-255,7156,104286,62,186681
12777,0.001406,172.31.40.0-255,66,104352,62,186681
12778,0.001412,172.31.40.0-255,66,104418,62,186681
12779,0.001425,172.217.194.0-255,1484,105902,62,186681
12780,0.001431,172.217.194.0-255,5020,110922,62,186681
12781,0.001437,172.217.194.0-255,5738,116660,62,186681
12782,0.001448,172.31.40.0-255,66,116726,62,186681
12783,0.001482,172.31.40.0-255,66,116792,62,186681
12784,0.001493,172.217.194.0-255,2902,119694,62,186681
12785,0.001519,172.217.194.0-255,5020,124714,62,186681
12786,0.001536,172.31.40.0-255,66,124780,62,186681
12787,0.001563,172.217.194.0-255,1484,126264,62,186681
12788,0.001577,172.217.194.0-255,2902,129166,62,186681
12789,0.001591,172.217.194.0-255,5738,134904,62,186681
12790,0.001599,172.31.40.0-255,66,134970,62,186681
12791,0.001637,172.217.194.0-255,4320,139290,62,186681
12792,0.001682,172.31.40.0-255,66,139356,62,186681
12793,0.001688,172.31.40.0-255,66,139422,62,186681
12794,0.001701,172.217.194.0-255,2184,141606,62,186681
12795,0.001719,172.31.40.0-255,66,141672,62,186681
12796,0.001857,172.217.194.0-255,1484,143156,62,186681
12797,0.001861,172.217.194.0-255,1484,144640,62,186681
12798,0.001878,172.217.194.0-255,1484,146124,62,186681
12799,0.001883,172.217.194.0-255,4320,150444,62,186681
12800,0.001896,172.31.40.0-255,66,150510,62,186681
12801,0.001899,172.217.194.0-255,1484,151994,62,186681
12802,0.001913,172.217.194.0-255,4320,156314,62,186681
12803,0.001925,172.31.40.0-255,66,156380,62,186681
12804,0.001977,172.217.194.0-255,1484,157864,62,186681
12805,0.001992,172.217.194.0-255,4320,162184,62,186681
12806,0.001996,172.31.40.0-255,66,162250,62,186681
12807,0.002001,172.31.40.0-255,66,162316,62,186681
12808,0.00204,172.217.194.0-255,7156,169472,62,186681
12809,0.002047,172.31.40.0-255,66,169538,62,186681
12810,0.002092,172.217.194.0-255,1484,171022,62,186681
12811,0.002111,172.31.40.0-255,66,171088,62,186681
12812,0.002138,172.217.194.0-255,1484,172572,62,186681
12813,0.002143,172.31.40.0-255,66,172638,62,186681
12814,0.00219,172.217.194.0-255,4320,176958,62,186681
12815,0.002202,172.217.194.0-255,4320,181278,62,186681
12816,0.002213,172.31.40.0-255,66,181344,62,186681
12817,0.002216,172.217.194.0-255,766,182110,62,186681
12818,0.002237,172.31.40.0-255,66,182176,62,186681
12819,0.002271,172.31.40.0-255,66,182242,62,186681
12820,0.004445,172.217.194.0-255,105,182347,62,186681
12821,0.011877,172.31.40.0-255,66,182413,62,186681
12822,0.011916,172.31.40.0-255,105,182518,62,186681
12823,0.014109,172.217.194.0-255,66,182584,62,186681
12824,0.044575,172.31.40.0-255,172,182756,62,186681
12825,0.044609,172.31.40.0-255,1106,183862,62,186681
12826,0.044668,172.31.40.0-255,1514,185376,62,186681
12827,0.04467,172.31.40.0-255,1305,186681,62,186681
12828,0.0,172.217.194.0-255,152,152,62,247430
12829,1.7e-05,172.31.40.0-255,66,218,62,247430
12830,2.3e-05,172.217.194.0-255,1484,1702,62,247430
12831,2.8e-05,172.31.40.0-255,66,1768,62,247430
12832,3.3e-05,172.217.194.0-255,2902,4670,62,247430
12833,3.6e-05,172.31.40.0-255,66,4736,62,247430
12834,8.1e-05,172.217.194.0-255,7156,11892,62,247430
12835,8.4e-05,172.31.40.0-255,66,11958,62,247430
12836,8.9e-05,172.217.194.0-255,3473,15431,62,247430
12837,9.1e-05,172.31.40.0-255,66,15497,62,247430
12838,9.8e-05,172.217.194.0-255,7156,22653,62,247430
12839,0.0001,172.31.40.0-255,66,22719,62,247430
12840,0.000121,172.217.194.0-255,5738,28457,62,247430
12841,0.000124,172.31.40.0-255,66,28523,62,247430
12842,0.000127,172.217.194.0-255,2543,31066,62,247430
12843,0.00013,172.31.40.0-255,66,31132,62,247430
12844,0.000132,172.217.194.0-255,1484,32616,62,247430
12845,0.000135,172.31.40.0-255,66,32682,62,247430
12846,0.000154,172.217.194.0-255,1484,34166,62,247430
12847,0.000156,172.31.40.0-255,66,34232,62,247430
12848,0.000168,172.217.194.0-255,2902,37134,62,247430
12849,0.00017,172.31.40.0-255,66,37200,62,247430
12850,0.000197,172.217.194.0-255,4320,41520,62,247430
12851,0.0002,172.31.40.0-255,66,41586,62,247430
12852,0.000211,172.31.40.0-255,66,41652,62,247430
12853,0.000221,172.31.40.0-255,66,41718,62,247430
12854,0.000243,172.217.194.0-255,396,42114,62,247430
12855,0.000245,172.31.40.0-255,66,42180,62,247430
12856,0.000412,172.217.194.0-255,1484,43664,62,247430
12857,0.000416,172.31.40.0-255,66,43730,62,247430
12858,0.000422,172.217.194.0-255,2902,46632,62,247430
12859,0.000425,172.31.40.0-255,66,46698,62,247430
12860,0.000429,172.217.194.0-255,2902,49600,62,247430
12861,0.000431,172.31.40.0-255,66,49666,62,247430
12862,0.000455,172.217.194.0-255,2902,52568,62,247430
12863,0.000458,172.31.40.0-255,66,52634,62,247430
12864,0.00047,172.31.40.0-255,66,52700,62,247430
12865,0.000504,172.217.194.0-255,4320,57020,62,247430
12866,0.000506,172.31.40.0-255,66,57086,62,247430
12867,0.000533,172.217.194.0-255,6438,63524,62,247430
12868,0.000536,172.31.40.0-255,66,63590,62,247430
12869,0.000799,172.217.194.0-255,1484,65074,62,247430
12870,0.000846,172.217.194.0-255,1484,66558,62,247430
12871,0.000849,172.31.40.0-255,66,66624,62,247430
12872,0.000855,172.217.194.0-255,2902,69526,62,247430
12873,0.000857,172.31.40.0-255,66,69592,62,247430
12874,0.000863,172.217.194.0-255,5738,75330,62,247430
12875,0.000865,172.31.40.0-255,66,75396,62,247430
12876,0.000877,172.31.40.0-255,66,75462,62,247430
12877,0.000896,172.217.194.0-255,1484,76946,62,247430
12878,0.000899,172.217.194.0-255,1484,78430,62,247430
12879,0.000901,172.31.40.0-255,66,78496,62,247430
12880,0.000915,172.217.194.0-255,1484,79980,62,247430
12881,0.00094,172.217.194.0-255,6438,86418,62,247430
12882,0.000944,172.31.40.0-255,66,86484,62,247430
12883,0.001046,172.217.194.0-255,1484,87968,62,247430
12884,0.001049,172.217.194.0-255,1484,89452,62,247430
12885,0.001052,172.31.40.0-255,66,89518,62,247430
12886,0.001068,172.217.194.0-255,1484,91002,62,247430
12887,0.001076,172.217.194.0-255,5738,96740,62,247430
12888,0.001079,172.31.40.0-255,66,96806,62,247430
12889,0.001094,172.217.194.0-255,4320,101126,62,247430
12890,0.001096,172.31.40.0-255,66,101192,62,247430
12891,0.001125,172.31.40.0-255,66,101258,62,247430
12892,0.001137,172.31.40.0-255,66,101324,62,247430
12893,0.001382,172.217.194.0-255,1484,102808,62,247430
12894,0.001396,172.217.194.0-255,2902,105710,62,247430
12895,0.001401,172.31.40.0-255,66,105776,62,247430
12896,0.001455,172.217.194.0-255,4320,110096,62,247430
12897,0.001458,172.31.40.0-255,66,110162,62,247430
12898,0.001465,172.217.194.0-255,5738,115900,62,247430
12899,0.001467,172.31.40.0-255,66,115966,62,247430
12900,0.00149,172.217.194.0-255,1484,117450,62,247430
12901,0.0015,172.217.194.0-255,1484,118934,62,247430
12902,0.001504,172.31.40.0-255,66,119000,62,247430
12903,0.001526,172.217.194.0-255,2902,121902,62,247430
12904,0.001528,172.31.40.0-255,66,121968,62,247430
12905,0.001536,172.217.194.0-255,7156,129124,62,247430
12906,0.001538,172.31.40.0-255,66,129190,62,247430
12907,0.001546,172.217.194.0-255,6438,135628,62,247430
12908,0.001548,172.31.40.0-255,66,135694,62,247430
12909,0.001664,172.217.194.0-255,1484,137178,62,247430
12910,0.00168,172.217.194.0-255,2902,140080,62,247430
12911,0.001683,172.31.40.0-255,66,140146,62,247430
12912,0.00169,172.217.194.0-255,5738,145884,62,247430
12913,0.001692,172.31.40.0-255,66,145950,62,247430
12914,0.001737,172.31.40.0-255,66,146016,62,247430
12915,0.001741,172.217.194.0-255,2902,148918,62,247430
12916,0.001744,172.31.40.0-255,66,148984,62,247430
12917,0.001771,172.31.40.0-255,66,149050,62,247430
12918,0.001792,172.217.194.0-255,1484,150534,62,247430
12919,0.001813,172.217.194.0-255,2902,153436,62,247430
12920,0.001816,172.31.40.0-255,66,153502,62,247430
12921,0.00182,172.217.194.0-255,2902,156404,62,247430
12922,0.001822,172.31.40.0-255,66,156470,62,247430
12923,0.001837,172.217.194.0-255,2902,159372,62,247430
12924,0.001839,172.31.40.0-255,66,159438,62,247430
12925,0.001843,172.217.194.0-255,2902,162340,62,247430
12926,0.001846,172.31.40.0-255,66,162406,62,247430
12927,0.001876,172.217.194.0-255,4320,166726,62,247430
12928,0.00188,172.31.40.0-255,66,166792,62,247430
12929,0.001893,172.31.40.0-255,66,166858,62,247430
12930,0.001926,172.217.194.0-255,2902,169760,62,247430
12931,0.001931,172.217.194.0-255,5020,174780,62,247430
12932,0.001936,172.217.194.0-255,5738,180518,62,247430
12933,0.001989,172.31.40.0-255,66,180584,62,247430
12934,0.001992,172.31.40.0-255,66,180650,62,247430
12935,0.001995,172.31.40.0-255,66,180716,62,247430
12936,0.001997,172.31.40.0-255,66,180782,62,247430
12937,0.002,172.31.40.0-255,66,180848,62,247430
12938,0.002025,172.31.40.0-255,66,180914,62,247430
12939,0.002058,172.217.194.0-255,5738,186652,62,247430
12940,0.002061,172.31.40.0-255,66,186718,62,247430
12941,0.002067,172.217.194.0-255,6438,193156,62,247430
12942,0.002069,172.31.40.0-255,66,193222,62,247430
12943,0.002074,172.217.194.0-255,5738,198960,62,247430
12944,0.002076,172.31.40.0-255,66,199026,62,247430
12945,0.002121,172.31.40.0-255,66,199092,62,247430
12946,0.002123,172.217.194.0-255,766,199858,62,247430
12947,0.003662,172.31.40.0-255,66,199924,62,247430
12948,0.004262,172.217.194.0-255,4320,204244,62,247430
12949,0.004267,172.31.40.0-255,66,204310,62,247430
12950,0.005798,172.217.194.0-255,1484,205794,62,247430
12951,0.006447,172.217.194.0-255,4320,210114,62,247430
12952,0.006451,172.31.40.0-255,66,210180,62,247430
12953,0.008609,172.217.194.0-255,5738,215918,62,247430
12954,0.008612,172.31.40.0-255,66,215984,62,247430
12955,0.010742,172.217.194.0-255,5738,221722,62,247430
12956,0.010749,172.31.40.0-255,66,221788,62,247430
12957,0.0129,172.217.194.0-255,5738,227526,62,247430
12958,0.012908,172.31.40.0-255,66,227592,62,247430
12959,0.015087,172.217.194.0-255,5738,233330,62,247430
12960,0.015094,172.31.40.0-255,66,233396,62,247430
12961,0.017265,172.217.194.0-255,4357,237753,62,247430
12962,0.017274,172.31.40.0-255,66,237819,62,247430
12963,0.017866,172.31.40.0-255,105,237924,62,247430
12964,0.019987,172.217.194.0-255,66,237990,62,247430
12965,0.038862,172.31.40.0-255,172,238162,62,247430
12966,0.038894,172.31.40.0-255,1110,239272,62,247430
12967,0.038966,172.31.40.0-255,1514,240786,62,247430
12968,0.038968,172.31.40.0-255,1514,242300,62,247430
12969,0.038969,172.31.40.0-255,1514,243814,62,247430
12970,0.038971,172.31.40.0-255,1514,245328,62,247430
12971,0.039,172.31.40.0-255,1514,246842,62,247430
12972,0.039002,172.31.40.0-255,150,246992,62,247430
12973,0.040502,104.244.42.0-255,66,247058,62,247430
12974,0.040575,104.244.42.0-255,66,247124,62,247430
12975,0.040684,104.244.42.0-255,66,247190,62,247430
12976,0.040701,104.244.42.0-255,66,247256,62,247430
12977,0.041228,104.244.42.0-255,108,247364,62,247430
12978,0.041237,172.31.40.0-255,66,247430,62,247430
12979,0.0,74.125.68.0-255,153,153,62,273950
12980,2.2e-05,172.31.40.0-255,66,219,62,273950
12981,2.9e-05,74.125.68.0-255,1484,1703,62,273950
12982,3.3e-05,172.31.40.0-255,66,1769,62,273950
12983,3.7e-05,74.125.68.0-255,1484,3253,62,273950
12984,4.1e-05,172.31.40.0-255,66,3319,62,273950
12985,4.7e-05,74.125.68.0-255,2902,6221,62,273950
12986,5e-05,172.31.40.0-255,66,6287,62,273950
12987,5.7e-05,74.125.68.0-255,4320,10607,62,273950
12988,6.1e-05,172.31.40.0-255,66,10673,62,273950
12989,8.4e-05,74.125.68.0-255,1484,12157,62,273950
12990,8.8e-05,172.31.40.0-255,66,12223,62,273950
12991,9.5e-05,74.125.68.0-255,4907,17130,62,273950
12992,9.8e-05,172.31.40.0-255,66,17196,62,273950
12993,0.000103,74.125.68.0-255,5738,22934,62,273950
12994,0.000107,172.31.40.0-255,66,23000,62,273950
12995,0.000127,74.125.68.0-255,4320,27320,62,273950
12996,0.00013,172.31.40.0-255,66,27386,62,273950
12997,0.000147,74.125.68.0-255,3961,31347,62,273950
12998,0.00015,172.31.40.0-255,66,31413,62,273950
12999,0.000226,74.125.68.0-255,1484,32897,62,273950
13000,0.000229,172.31.40.0-255,66,32963,62,273950
13001,0.000234,74.125.68.0-255,1484,34447,62,273950
13002,0.000236,172.31.40.0-255,66,34513,62,273950
13003,0.000249,74.125.68.0-255,1484,35997,62,273950
13004,0.000252,172.31.40.0-255,66,36063,62,273950
13005,0.000272,74.125.68.0-255,5738,41801,62,273950
13006,0.000275,172.31.40.0-255,66,41867,62,273950
13007,0.000304,74.125.68.0-255,4320,46187,62,273950
13008,0.000307,172.31.40.0-255,66,46253,62,273950
13009,0.000327,74.125.68.0-255,2543,48796,62,273950
13010,0.00033,172.31.40.0-255,66,48862,62,273950
13011,0.000378,74.125.68.0-255,5738,54600,62,273950
13012,0.000382,172.31.40.0-255,66,54666,62,273950
13013,0.000404,74.125.68.0-255,5738,60404,62,273950
13014,0.000407,172.31.40.0-255,66,60470,62,273950
13015,0.000413,74.125.68.0-255,5379,65849,62,273950
13016,0.000416,172.31.40.0-255,66,65915,62,273950
13017,0.000428,74.125.68.0-255,646,66561,62,273950
13018,0.000532,74.125.68.0-255,1484,68045,62,273950
13019,0.000536,172.31.40.0-255,66,68111,62,273950
13020,0.000541,74.125.68.0-255,2902,71013,62,273950
13021,0.000544,172.31.40.0-255,66,71079,62,273950
13022,0.000571,74.125.68.0-255,5738,76817,62,273950
13023,0.000575,172.31.40.0-255,66,76883,62,273950
13024,0.000588,74.125.68.0-255,2902,79785,62,273950
13025,0.00059,172.31.40.0-255,66,79851,62,273950
13026,0.000607,74.125.68.0-255,2902,82753,62,273950
13027,0.00061,172.31.40.0-255,66,82819,62,273950
13028,0.000616,74.125.68.0-255,6797,89616,62,273950
13029,0.000618,172.31.40.0-255,66,89682,62,273950
13030,0.000645,74.125.68.0-255,5738,95420,62,273950
13031,0.000648,172.31.40.0-255,66,95486,62,273950
13032,0.000687,74.125.68.0-255,5379,100865,62,273950
13033,0.000696,172.31.40.0-255,66,100931,62,273950
13034,0.000836,74.125.68.0-255,1484,102415,62,273950
13035,0.000855,74.125.68.0-255,2902,105317,62,273950
13036,0.000858,172.31.40.0-255,66,105383,62,273950
13037,0.000861,74.125.68.0-255,1484,106867,62,273950
13038,0.000881,74.125.68.0-255,4320,111187,62,273950
13039,0.000883,172.31.40.0-255,66,111253,62,273950
13040,0.000895,74.125.68.0-255,1484,112737,62,273950
13041,0.000924,172.31.40.0-255,66,112803,62,273950
13042,0.000929,74.125.68.0-255,4320,117123,62,273950
13043,0.000931,172.31.40.0-255,66,117189,62,273950
13044,0.000951,172.31.40.0-255,66,117255,62,273950
13045,0.001038,74.125.68.0-255,1484,118739,62,273950
13046,0.00105,74.125.68.0-255,2902,121641,62,273950
13047,0.001053,172.31.40.0-255,66,121707,62,273950
13048,0.001077,74.125.68.0-255,5738,127445,62,273950
13049,0.00108,172.31.40.0-255,66,127511,62,273950
13050,0.001098,74.125.68.0-255,4320,131831,62,273950
13051,0.0011,172.31.40.0-255,66,131897,62,273950
13052,0.001126,172.31.40.0-255,66,131963,62,273950
13053,0.001156,74.125.68.0-255,4320,136283,62,273950
13054,0.001158,172.31.40.0-255,66,136349,62,273950
13055,0.001175,74.125.68.0-255,6438,142787,62,273950
13056,0.001178,172.31.40.0-255,66,142853,62,273950
13057,0.001225,74.125.68.0-255,1484,144337,62,273950
13058,0.001243,74.125.68.0-255,2902,147239,62,273950
13059,0.001247,172.31.40.0-255,66,147305,62,273950
13060,0.00125,74.125.68.0-255,1484,148789,62,273950
13061,0.001254,74.125.68.0-255,2902,151691,62,273950
13062,0.001256,172.31.40.0-255,66,151757,62,273950
13063,0.001269,74.125.68.0-255,2902,154659,62,273950
13064,0.001272,172.31.40.0-255,66,154725,62,273950
13065,0.00129,74.125.68.0-255,2902,157627,62,273950
13066,0.001293,172.31.40.0-255,66,157693,62,273950
13067,0.00133,172.31.40.0-255,66,157759,62,273950
13068,0.001347,74.125.68.0-255,1484,159243,62,273950
13069,0.001368,74.125.68.0-255,6438,165681,62,273950
13070,0.001371,172.31.40.0-255,66,165747,62,273950
13071,0.001535,74.125.68.0-255,1484,167231,62,273950
13072,0.001559,74.125.68.0-255,2902,170133,62,273950
13073,0.001563,172.31.40.0-255,66,170199,62,273950
13074,0.001569,74.125.68.0-255,4320,174519,62,273950
13075,0.001571,172.31.40.0-255,66,174585,62,273950
13076,0.001608,172.31.40.0-255,66,174651,62,273950
13077,0.001615,74.125.68.0-255,5738,180389,62,273950
13078,0.001617,172.31.40.0-255,66,180455,62,273950
13079,0.001643,74.125.68.0-255,4320,184775,62,273950
13080,0.001646,172.31.40.0-255,66,184841,62,273950
13081,0.001666,74.125.68.0-255,2902,187743,62,273950
13082,0.001669,172.31.40.0-255,66,187809,62,273950
13083,0.001676,74.125.68.0-255,6438,194247,62,273950
13084,0.001678,172.31.40.0-255,66,194313,62,273950
13085,0.001716,74.125.68.0-255,4320,198633,62,273950
13086,0.001718,172.31.40.0-255,66,198699,62,273950
13087,0.001738,74.125.68.0-255,2902,201601,62,273950
13088,0.001741,172.31.40.0-255,66,201667,62,273950
13089,0.001757,172.31.40.0-255,66,201733,62,273950
13090,0.001769,172.31.40.0-255,66,201799,62,273950
13091,0.001773,74.125.68.0-255,2184,203983,62,273950
13092,0.001776,172.31.40.0-255,66,204049,62,273950
13093,0.00178,74.125.68.0-255,2902,206951,62,273950
13094,0.001782,172.31.40.0-255,66,207017,62,273950
13095,0.001788,74.125.68.0-255,4320,211337,62,273950
13096,0.001791,172.31.40.0-255,66,211403,62,273950
13097,0.00182,74.125.68.0-255,2902,214305,62,273950
13098,0.001823,172.31.40.0-255,66,214371,62,273950
13099,0.00183,74.125.68.0-255,5738,220109,62,273950
13100,0.001832,172.31.40.0-255,66,220175,62,273950
13101,0.001839,74.125.68.0-255,7156,227331,62,273950
13102,0.001842,172.31.40.0-255,66,227397,62,273950
13103,0.001874,172.31.40.0-255,66,227463,62,273950
13104,0.001893,74.125.68.0-255,1484,228947,62,273950
13105,0.001918,172.31.40.0-255,66,229013,62,273950
13106,0.001924,74.125.68.0-255,4320,233333,62,273950
13107,0.001926,172.31.40.0-255,66,233399,62,273950
13108,0.001962,172.31.40.0-255,66,233465,62,273950
13109,0.001992,172.31.40.0-255,66,233531,62,273950
13110,0.001994,74.125.68.0-255,766,234297,62,273950
13111,0.002024,74.125.68.0-255,5738,240035,62,273950
13112,0.002039,74.125.68.0-255,7156,247191,62,273950
13113,0.002047,172.31.40.0-255,66,247257,62,273950
13114,0.00205,172.31.40.0-255,66,247323,62,273950
13115,0.002053,74.125.68.0-255,1484,248807,62,273950
13116,0.002056,74.125.68.0-255,1484,250291,62,273950
13117,0.002058,172.31.40.0-255,66,250357,62,273950
13118,0.002102,172.31.40.0-255,66,250423,62,273950
13119,0.002107,74.125.68.0-255,3602,254025,62,273950
13120,0.002109,172.31.40.0-255,66,254091,62,273950
13121,0.002128,74.125.68.0-255,5738,259829,62,273950
13122,0.002132,172.31.40.0-255,66,259895,62,273950
13123,0.002159,172.31.40.0-255,66,259961,62,273950
13124,0.002162,74.125.68.0-255,1484,261445,62,273950
13125,0.002203,172.31.40.0-255,66,261511,62,273950
13126,0.002208,74.125.68.0-255,3602,265113,62,273950
13127,0.00221,172.31.40.0-255,66,265179,62,273950
13128,0.002249,74.125.68.0-255,4067,269246,62,273950
13129,0.002253,172.31.40.0-255,66,269312,62,273950
13130,0.002256,74.125.68.0-255,105,269417,62,273950
13131,0.010501,172.31.40.0-255,66,269483,62,273950
13132,0.010542,172.31.40.0-255,105,269588,62,273950
13133,0.012833,74.125.68.0-255,66,269654,62,273950
13134,0.032049,172.31.40.0-255,172,269826,62,273950
13135,0.032081,172.31.40.0-255,1110,270936,62,273950
13136,0.032136,172.31.40.0-255,1514,272450,62,273950
13137,0.032138,172.31.40.0-255,1302,273752,62,273950
13138,0.033595,104.244.42.0-255,66,273818,62,273950
13139,0.033631,104.244.42.0-255,66,273884,62,273950
13140,0.033694,104.244.42.0-255,66,273950,62,273950
13141,0.0,172.253.118.0-255,153,153,62,307656
13142,2.3e-05,172.31.40.0-255,66,219,62,307656
13143,3e-05,172.253.118.0-255,1484,1703,62,307656
13144,3.4e-05,172.31.40.0-255,66,1769,62,307656
13145,4e-05,172.253.118.0-255,2902,4671,62,307656
13146,4.3e-05,172.31.40.0-255,66,4737,62,307656
13147,5.1e-05,172.253.118.0-255,7156,11893,62,307656
13148,5.4e-05,172.31.40.0-255,66,11959,62,307656
13149,5.9e-05,172.253.118.0-255,2166,14125,62,307656
13150,6.3e-05,172.31.40.0-255,66,14191,62,307656
13151,7.9e-05,172.31.40.0-255,66,14257,62,307656
13152,0.000103,172.253.118.0-255,5379,19636,62,307656
13153,0.000107,172.31.40.0-255,66,19702,62,307656
13154,0.000211,172.253.118.0-255,1484,21186,62,307656
13155,0.000214,172.31.40.0-255,66,21252,62,307656
13156,0.000219,172.253.118.0-255,2902,24154,62,307656
13157,0.000221,172.31.40.0-255,66,24220,62,307656
13158,0.000243,172.253.118.0-255,2902,27122,62,307656
13159,0.000246,172.31.40.0-255,66,27188,62,307656
13160,0.000251,172.253.118.0-255,4320,31508,62,307656
13161,0.000253,172.31.40.0-255,66,31574,62,307656
13162,0.000289,172.31.40.0-255,66,31640,62,307656
13163,0.000296,172.253.118.0-255,7156,38796,62,307656
13164,0.000298,172.31.40.0-255,66,38862,62,307656
13165,0.000343,172.253.118.0-255,5379,44241,62,307656
13166,0.000346,172.31.40.0-255,66,44307,62,307656
13167,0.000415,172.253.118.0-255,397,44704,62,307656
13168,0.000418,172.31.40.0-255,66,44770,62,307656
13169,0.000703,172.253.118.0-255,348,45118,62,307656
13170,0.000708,172.31.40.0-255,66,45184,62,307656
13171,0.000927,172.253.118.0-255,1484,46668,62,307656
13172,0.000932,172.253.118.0-255,1484,48152,62,307656
13173,0.000935,172.31.40.0-255,66,48218,62,307656
13174,0.000949,172.253.118.0-255,1484,49702,62,307656
13175,0.000955,172.253.118.0-255,4320,54022,62,307656
13176,0.000957,172.31.40.0-255,66,54088,62,307656
13177,0.000976,172.253.118.0-255,1484,55572,62,307656
13178,0.000987,172.31.40.0-255,66,55638,62,307656
13179,0.001015,172.253.118.0-255,4320,59958,62,307656
13180,0.001029,172.31.40.0-255,66,60024,62,307656
13181,0.001032,172.31.40.0-255,66,60090,62,307656
13182,0.001231,172.253.118.0-255,1484,61574,62,307656
13183,0.001244,172.253.118.0-255,2902,64476,62,307656
13184,0.001248,172.31.40.0-255,66,64542,62,307656
13185,0.00127,172.253.118.0-255,5738,70280,62,307656
13186,0.001272,172.31.40.0-255,66,70346,62,307656
13187,0.001276,172.253.118.0-255,2902,73248,62,307656
13188,0.001279,172.31.40.0-255,66,73314,62,307656
13189,0.00131,172.31.40.0-255,66,73380,62,307656
13190,0.001322,172.31.40.0-255,66,73446,62,307656
13191,0.001694,172.253.118.0-255,1484,74930,62,307656
13192,0.0017,172.253.118.0-255,2902,77832,62,307656
13193,0.001703,172.31.40.0-255,66,77898,62,307656
13194,0.001707,172.253.118.0-255,1484,79382,62,307656
13195,0.001724,172.253.118.0-255,4320,83702,62,307656
13196,0.001727,172.31.40.0-255,66,83768,62,307656
13197,0.001748,172.253.118.0-255,7156,90924,62,307656
13198,0.001751,172.31.40.0-255,66,90990,62,307656
13199,0.001784,172.253.118.0-255,5738,96728,62,307656
13200,0.001787,172.31.40.0-255,66,96794,62,307656
13201,0.001799,172.31.40.0-255,66,96860,62,307656
13202,0.001861,172.253.118.0-255,1484,98344,62,307656
13203,0.001866,172.253.118.0-255,2902,101246,62,307656
13204,0.001868,172.31.40.0-255,66,101312,62,307656
13205,0.001873,172.253.118.0-255,2902,104214,62,307656
13206,0.001875,172.31.40.0-255,66,104280,62,307656
13207,0.00189,172.253.118.0-255,2902,107182,62,307656
13208,0.001892,172.31.40.0-255,66,107248,62,307656
13209,0.001895,172.253.118.0-255,1484,108732,62,307656
13210,0.001932,172.31.40.0-255,66,108798,62,307656
13211,0.00195,172.253.118.0-255,1484,110282,62,307656
13212,0.001981,172.31.40.0-255,66,110348,62,307656
13213,0.002153,172.253.118.0-255,1484,111832,62,307656
13214,0.002159,172.253.118.0-255,2902,114734,62,307656
13215,0.002162,172.31.40.0-255,66,114800,62,307656
13216,0.002166,172.253.118.0-255,1484,116284,62,307656
13217,0.002187,172.253.118.0-255,4320,120604,62,307656
13218,0.00219,172.31.40.0-255,66,120670,62,307656
13219,0.002211,172.31.40.0-255,66,120736,62,307656
13220,0.002236,172.253.118.0-255,4320,125056,62,307656
13221,0.002239,172.31.40.0-255,66,125122,62,307656
13222,0.002246,172.253.118.0-255,5738,130860,62,307656
13223,0.002249,172.31.40.0-255,66,130926,62,307656
13224,0.002266,172.253.118.0-255,5020,135946,62,307656
13225,0.002269,172.31.40.0-255,66,136012,62,307656
13226,0.004542,172.253.118.0-255,5738,141750,62,307656
13227,0.00455,172.31.40.0-255,66,141816,62,307656
13228,0.006838,172.253.118.0-255,5738,147554,62,307656
13229,0.006842,172.31.40.0-255,66,147620,62,307656
13230,0.009133,172.253.118.0-255,5738,153358,62,307656
13231,0.009147,172.31.40.0-255,66,153424,62,307656
13232,0.011458,172.253.118.0-255,5738,159162,62,307656
13233,0.01148,172.31.40.0-255,66,159228,62,307656
13234,0.013761,172.253.118.0-255,5738,164966,62,307656
13235,0.013777,172.31.40.0-255,66,165032,62,307656
13236,0.016081,172.253.118.0-255,5738,170770,62,307656
13237,0.016095,172.31.40.0-255,66,170836,62,307656
13238,0.018383,172.253.118.0-255,5738,176574,62,307656
13239,0.018398,172.31.40.0-255,66,176640,62,307656
13240,0.02071,172.253.118.0-255,5738,182378,62,307656
13241,0.020719,172.31.40.0-255,66,182444,62,307656
13242,0.023009,172.253.118.0-255,5738,188182,62,307656
13243,0.023017,172.31.40.0-255,66,188248,62,307656
13244,0.025302,172.253.118.0-255,5738,193986,62,307656
13245,0.025315,172.31.40.0-255,66,194052,62,307656
13246,0.027619,172.253.118.0-255,5738,199790,62,307656
13247,0.027634,172.31.40.0-255,66,199856,62,307656
13248,0.029928,172.253.118.0-255,5738,205594,62,307656
13249,0.029941,172.31.40.0-255,66,205660,62,307656
13250,0.032219,172.253.118.0-255,5738,211398,62,307656
13251,0.032226,172.31.40.0-255,66,211464,62,307656
13252,0.034514,172.253.118.0-255,5738,217202,62,307656
13253,0.034522,172.31.40.0-255,66,217268,62,307656
13254,0.036841,172.253.118.0-255,5738,223006,62,307656
13255,0.036848,172.31.40.0-255,66,223072,62,307656
13256,0.039143,172.253.118.0-255,5738,228810,62,307656
13257,0.03915,172.31.40.0-255,66,228876,62,307656
13258,0.041444,172.253.118.0-255,5738,234614,62,307656
13259,0.041461,172.31.40.0-255,66,234680,62,307656
13260,0.042305,172.31.40.0-255,172,234852,62,307656
13261,0.042341,172.31.40.0-255,1105,235957,62,307656
13262,0.042398,172.31.40.0-255,1514,237471,62,307656
13263,0.0424,172.31.40.0-255,339,237810,62,307656
13264,0.043755,172.253.118.0-255,5738,243548,62,307656
13265,0.043768,172.31.40.0-255,66,243614,62,307656
13266,0.043859,104.244.42.0-255,66,243680,62,307656
13267,0.043902,104.244.42.0-255,66,243746,62,307656
13268,0.043951,104.244.42.0-255,66,243812,62,307656
13269,0.046094,172.253.118.0-255,5738,249550,62,307656
13270,0.046106,172.31.40.0-255,66,249616,62,307656
13271,0.04839,172.253.118.0-255,5738,255354,62,307656
13272,0.048398,172.31.40.0-255,66,255420,62,307656
13273,0.050681,172.253.118.0-255,5738,261158,62,307656
13274,0.050687,172.31.40.0-255,66,261224,62,307656
13275,0.052952,172.253.118.0-255,5738,266962,62,307656
13276,0.05296,172.31.40.0-255,66,267028,62,307656
13277,0.05525,172.253.118.0-255,5738,272766,62,307656
13278,0.055256,172.31.40.0-255,66,272832,62,307656
13279,0.057779,172.253.118.0-255,5738,278570,62,307656
13280,0.057793,172.31.40.0-255,66,278636,62,307656
13281,0.060088,172.253.118.0-255,5738,284374,62,307656
13282,0.060099,172.31.40.0-255,66,284440,62,307656
13283,0.062398,172.253.118.0-255,5738,290178,62,307656
13284,0.062411,172.31.40.0-255,66,290244,62,307656
13285,0.064705,172.253.118.0-255,5738,295982,62,307656
13286,0.064712,172.31.40.0-255,66,296048,62,307656
13287,0.067006,172.253.118.0-255,5738,301786,62,307656
13288,0.067013,172.31.40.0-255,66,301852,62,307656
13289,0.069294,172.253.118.0-255,5738,307590,62,307656
13290,0.069301,172.31.40.0-255,66,307656,62,307656
13291,0.0,172.253.118.0-255,152,152,62,297877
13292,1.4e-05,172.31.40.0-255,66,218,62,297877
13293,2.1e-05,172.253.118.0-255,1484,1702,62,297877
13294,2.5e-05,172.31.40.0-255,66,1768,62,297877
13295,3.8e-05,172.253.118.0-255,2902,4670,62,297877
13296,4.2e-05,172.31.40.0-255,66,4736,62,297877
13297,4.8e-05,172.253.118.0-255,5738,10474,62,297877
13298,5.2e-05,172.31.40.0-255,66,10540,62,297877
13299,5.5e-05,172.253.118.0-255,1484,12024,62,297877
13300,5.7e-05,172.31.40.0-255,66,12090,62,297877
13301,9.5e-05,172.253.118.0-255,4934,17024,62,297877
13302,9.8e-05,172.31.40.0-255,66,17090,62,297877
13303,0.000118,172.31.40.0-255,66,17156,62,297877
13304,0.000205,172.253.118.0-255,1484,18640,62,297877
13305,0.000208,172.31.40.0-255,66,18706,62,297877
13306,0.000213,172.253.118.0-255,2902,21608,62,297877
13307,0.000215,172.31.40.0-255,66,21674,62,297877
13308,0.000252,172.253.118.0-255,5738,27412,62,297877
13309,0.000255,172.31.40.0-255,66,27478,62,297877
13310,0.000262,172.253.118.0-255,6797,34275,62,297877
13311,0.000265,172.31.40.0-255,66,34341,62,297877
13312,0.000304,172.31.40.0-255,66,34407,62,297877
13313,0.000308,172.253.118.0-255,2857,37264,62,297877
13314,0.000311,172.31.40.0-255,66,37330,62,297877
13315,0.000383,172.253.118.0-255,109,37439,62,297877
13316,0.000386,172.31.40.0-255,66,37505,62,297877
13317,0.000558,172.253.118.0-255,1484,38989,62,297877
13318,0.000563,172.31.40.0-255,66,39055,62,297877
13319,0.000569,172.253.118.0-255,2902,41957,62,297877
13320,0.000571,172.31.40.0-255,66,42023,62,297877
13321,0.000598,172.253.118.0-255,5738,47761,62,297877
13322,0.000605,172.31.40.0-255,66,47827,62,297877
13323,0.000667,172.31.40.0-255,66,47893,62,297877
13324,0.000671,172.31.40.0-255,66,47959,62,297877
13325,0.000719,172.253.118.0-255,1484,49443,62,297877
13326,0.000722,172.253.118.0-255,1484,50927,62,297877
13327,0.000728,172.31.40.0-255,66,50993,62,297877
13328,0.000737,172.253.118.0-255,1484,52477,62,297877
13329,0.000743,172.253.118.0-255,5738,58215,62,297877
13330,0.000772,172.253.118.0-255,4320,62535,62,297877
13331,0.000795,172.253.118.0-255,1484,64019,62,297877
13332,0.000799,172.31.40.0-255,66,64085,62,297877
13333,0.000829,172.253.118.0-255,5738,69823,62,297877
13334,0.000849,172.253.118.0-255,3602,73425,62,297877
13335,0.000853,172.31.40.0-255,66,73491,62,297877
13336,0.000866,172.31.40.0-255,66,73557,62,297877
13337,0.000937,172.253.118.0-255,1484,75041,62,297877
13338,0.000961,172.253.118.0-255,2902,77943,62,297877
13339,0.000977,172.253.118.0-255,1484,79427,62,297877
13340,0.000982,172.31.40.0-255,66,79493,62,297877
13341,0.001012,172.253.118.0-255,4320,83813,62,297877
13342,0.001016,172.253.118.0-255,2902,86715,62,297877
13343,0.001021,172.253.118.0-255,4320,91035,62,297877
13344,0.001028,172.31.40.0-255,66,91101,62,297877
13345,0.001056,172.253.118.0-255,5738,96839,62,297877
13346,0.001075,172.253.118.0-255,766,97605,62,297877
13347,0.001082,172.31.40.0-255,66,97671,62,297877
13348,0.001861,172.253.118.0-255,1484,99155,62,297877
13349,0.001897,172.253.118.0-255,2902,102057,62,297877
13350,0.001901,172.31.40.0-255,66,102123,62,297877
13351,0.00193,172.253.118.0-255,5738,107861,62,297877
13352,0.001935,172.253.118.0-255,4320,112181,62,297877
13353,0.001978,172.31.40.0-255,66,112247,62,297877
13354,0.001997,172.253.118.0-255,3602,115849,62,297877
13355,0.002004,172.31.40.0-255,66,115915,62,297877
13356,0.004014,172.253.118.0-255,5738,121653,62,297877
13357,0.004021,172.31.40.0-255,66,121719,62,297877
13358,0.006019,172.253.118.0-255,1484,123203,62,297877
13359,0.00604,172.253.118.0-255,4320,127523,62,297877
13360,0.00691,172.31.40.0-255,66,127589,62,297877
13361,0.008926,172.253.118.0-255,5738,133327,62,297877
13362,0.008933,172.31.40.0-255,66,133393,62,297877
13363,0.010948,172.253.118.0-255,5738,139131,62,297877
13364,0.012299,172.31.40.0-255,66,139197,62,297877
13365,0.014314,172.253.118.0-255,5738,144935,62,297877
13366,0.014321,172.31.40.0-255,66,145001,62,297877
13367,0.01633,172.253.118.0-255,5738,150739,62,297877
13368,0.016337,172.31.40.0-255,66,150805,62,297877
13369,0.018342,172.253.118.0-255,5738,156543,62,297877
13370,0.018921,172.31.40.0-255,66,156609,62,297877
13371,0.020935,172.253.118.0-255,5738,162347,62,297877
13372,0.020943,172.31.40.0-255,66,162413,62,297877
13373,0.022946,172.253.118.0-255,5738,168151,62,297877
13374,0.022954,172.31.40.0-255,66,168217,62,297877
13375,0.024977,172.253.118.0-255,5738,173955,62,297877
13376,0.024983,172.31.40.0-255,66,174021,62,297877
13377,0.027006,172.253.118.0-255,5738,179759,62,297877
13378,0.028842,172.31.40.0-255,66,179825,62,297877
13379,0.030902,172.253.118.0-255,5738,185563,62,297877
13380,0.030919,172.31.40.0-255,66,185629,62,297877
13381,0.032939,172.253.118.0-255,5738,191367,62,297877
13382,0.032953,172.31.40.0-255,66,191433,62,297877
13383,0.03498,172.253.118.0-255,5738,197171,62,297877
13384,0.034995,172.31.40.0-255,66,197237,62,297877
13385,0.03702,172.253.118.0-255,5738,202975,62,297877
13386,0.037028,172.31.40.0-255,66,203041,62,297877
13387,0.03902,172.253.118.0-255,5738,208779,62,297877
13388,0.039027,172.31.40.0-255,66,208845,62,297877
13389,0.041041,172.253.118.0-255,4320,213165,62,297877
13390,0.041047,172.31.40.0-255,66,213231,62,297877
13391,0.041066,172.253.118.0-255,1484,214715,62,297877
13392,0.041186,172.31.40.0-255,167,214882,62,297877
13393,0.041214,172.31.40.0-255,1105,215987,62,297877
13394,0.041326,172.31.40.0-255,1514,217501,62,297877
13395,0.041328,172.31.40.0-255,340,217841,62,297877
13396,0.042733,104.244.42.0-255,66,217907,62,297877
13397,0.042771,104.244.42.0-255,66,217973,62,297877
13398,0.042888,104.244.42.0-255,66,218039,62,297877
13399,0.043029,172.253.118.0-255,4320,222359,62,297877
13400,0.043035,172.31.40.0-255,66,222425,62,297877
13401,0.045059,172.253.118.0-255,5738,228163,62,297877
13402,0.045098,172.31.40.0-255,66,228229,62,297877
13403,0.047107,172.253.118.0-255,5738,233967,62,297877
13404,0.047114,172.31.40.0-255,66,234033,62,297877
13405,0.049142,172.253.118.0-255,5738,239771,62,297877
13406,0.049148,172.31.40.0-255,66,239837,62,297877
13407,0.051176,172.253.118.0-255,5738,245575,62,297877
13408,0.051186,172.31.40.0-255,66,245641,62,297877
13409,0.053204,172.253.118.0-255,5738,251379,62,297877
13410,0.053211,172.31.40.0-255,66,251445,62,297877
13411,0.055249,172.253.118.0-255,5738,257183,62,297877
13412,0.055256,172.31.40.0-255,66,257249,62,297877
13413,0.057269,172.253.118.0-255,5738,262987,62,297877
13414,0.057275,172.31.40.0-255,66,263053,62,297877
13415,0.059281,172.253.118.0-255,5738,268791,62,297877
13416,0.059287,172.31.40.0-255,66,268857,62,297877
13417,0.061325,172.253.118.0-255,5738,274595,62,297877
13418,0.061332,172.31.40.0-255,66,274661,62,297877
13419,0.06338,172.253.118.0-255,5738,280399,62,297877
13420,0.063385,172.31.40.0-255,66,280465,62,297877
13421,0.065406,172.253.118.0-255,5738,286203,62,297877
13422,0.065411,172.31.40.0-255,66,286269,62,297877
13423,0.067433,172.253.118.0-255,5738,292007,62,297877
13424,0.067439,172.31.40.0-255,66,292073,62,297877
13425,0.06946,172.253.118.0-255,5738,297811,62,297877
13426,0.069467,172.31.40.0-255,66,297877,62,297877
13427,0.0,104.244.42.0-255,66,66,62,66
13428,0.0,172.217.194.0-255,297,297,62,197604
13429,2.3e-05,172.31.40.0-255,66,363,62,197604
13430,3e-05,172.217.194.0-255,1484,1847,62,197604
13431,3.4e-05,172.31.40.0-255,66,1913,62,197604
13432,6.6e-05,172.217.194.0-255,4320,6233,62,197604
13433,7.1e-05,172.31.40.0-255,66,6299,62,197604
13434,8.3e-05,172.31.40.0-255,66,6365,62,197604
13435,0.000112,172.217.194.0-255,1484,7849,62,197604
13436,0.000115,172.31.40.0-255,66,7915,62,197604
13437,0.00012,172.217.194.0-255,2902,10817,62,197604
13438,0.000122,172.31.40.0-255,66,10883,62,197604
13439,0.000128,172.217.194.0-255,4320,15203,62,197604
13440,0.00013,172.31.40.0-255,66,15269,62,197604
13441,0.000142,172.217.194.0-255,1484,16753,62,197604
13442,0.000144,172.31.40.0-255,66,16819,62,197604
13443,0.000173,172.217.194.0-255,7156,23975,62,197604
13444,0.000176,172.31.40.0-255,66,24041,62,197604
13445,0.000199,172.217.194.0-255,1125,25166,62,197604
13446,0.000202,172.31.40.0-255,66,25232,62,197604
13447,0.000212,172.31.40.0-255,66,25298,62,197604
13448,0.000219,172.217.194.0-255,5738,31036,62,197604
13449,0.000221,172.31.40.0-255,66,31102,62,197604
13450,0.000251,172.217.194.0-255,1125,32227,62,197604
13451,0.000253,172.31.40.0-255,66,32293,62,197604
13452,0.000261,172.217.194.0-255,7156,39449,62,197604
13453,0.000264,172.31.40.0-255,66,39515,62,197604
13454,0.000276,172.31.40.0-255,66,39581,62,197604
13455,0.000296,172.217.194.0-255,338,39919,62,197604
13456,0.000298,172.31.40.0-255,66,39985,62,197604
13457,0.000814,172.217.194.0-255,121,40106,62,197604
13458,0.000851,172.217.194.0-255,381,40487,62,197604
13459,0.001026,172.217.194.0-255,1484,41971,62,197604
13460,0.001031,172.31.40.0-255,66,42037,62,197604
13461,0.001035,172.217.194.0-255,1484,43521,62,197604
13462,0.001065,172.217.194.0-255,1484,45005,62,197604
13463,0.001067,172.31.40.0-255,66,45071,62,197604
13464,0.001074,172.217.194.0-255,5738,50809,62,197604
13465,0.001077,172.31.40.0-255,66,50875,62,197604
13466,0.001086,172.217.194.0-255,4320,55195,62,197604
13467,0.001088,172.31.40.0-255,66,55261,62,197604
13468,0.001104,172.217.194.0-255,5738,60999,62,197604
13469,0.001107,172.31.40.0-255,66,61065,62,197604
13470,0.001118,172.31.40.0-255,66,61131,62,197604
13471,0.001127,172.217.194.0-255,2184,63315,62,197604
13472,0.001129,172.31.40.0-255,66,63381,62,197604
13473,0.001182,172.217.194.0-255,7156,70537,62,197604
13474,0.001185,172.31.40.0-255,66,70603,62,197604
13475,0.001213,172.31.40.0-255,66,70669,62,197604
13476,0.001215,172.217.194.0-255,1484,72153,62,197604
13477,0.001237,172.217.194.0-255,2902,75055,62,197604
13478,0.00124,172.31.40.0-255,66,75121,62,197604
13479,0.001277,172.31.40.0-255,66,75187,62,197604
13480,0.001328,172.217.194.0-255,1484,76671,62,197604
13481,0.001333,172.217.194.0-255,2902,79573,62,197604
13482,0.001335,172.31.40.0-255,66,79639,62,197604
13483,0.001343,172.217.194.0-255,5738,85377,62,197604
13484,0.001345,172.31.40.0-255,66,85443,62,197604
13485,0.001354,172.217.194.0-255,2902,88345,62,197604
13486,0.001356,172.31.40.0-255,66,88411,62,197604
13487,0.001387,172.217.194.0-255,4320,92731,62,197604
13488,0.001391,172.31.40.0-255,66,92797,62,197604
13489,0.001421,172.217.194.0-255,5738,98535,62,197604
13490,0.001424,172.31.40.0-255,66,98601,62,197604
13491,0.001441,172.31.40.0-255,66,98667,62,197604
13492,0.001496,172.217.194.0-255,1484,100151,62,197604
13493,0.001501,172.217.194.0-255,2902,103053,62,197604
13494,0.001503,172.31.40.0-255,66,103119,62,197604
13495,0.001508,172.217.194.0-255,2902,106021,62,197604
13496,0.00151,172.31.40.0-255,66,106087,62,197604
13497,0.001548,172.217.194.0-255,2902,108989,62,197604
13498,0.001552,172.31.40.0-255,66,109055,62,197604
13499,0.001563,172.31.40.0-255,66,109121,62,197604
13500,0.001567,172.217.194.0-255,2902,112023,62,197604
13501,0.001569,172.31.40.0-255,66,112089,62,197604
13502,0.001616,172.31.40.0-255,66,112155,62,197604
13503,0.00163,172.31.40.0-255,66,112221,62,197604
13504,0.001657,172.217.194.0-255,5738,117959,62,197604
13505,0.001659,172.31.40.0-255,66,118025,62,197604
13506,0.001673,172.31.40.0-255,66,118091,62,197604
13507,0.001721,172.31.40.0-255,66,118157,62,197604
13508,0.001762,172.31.40.0-255,66,118223,62,197604
13509,0.001777,172.31.40.0-255,66,118289,62,197604
13510,0.001823,172.31.40.0-255,66,118355,62,197604
13511,0.001838,172.31.40.0-255,66,118421,62,197604
13512,0.001877,172.217.194.0-255,6438,124859,62,197604
13513,0.00188,172.31.40.0-255,66,124925,62,197604
13514,0.001914,172.217.194.0-255,1484,126409,62,197604
13515,0.001928,172.217.194.0-255,2902,129311,62,197604
13516,0.001932,172.31.40.0-255,66,129377,62,197604
13517,0.001935,172.217.194.0-255,1484,130861,62,197604
13518,0.001963,172.217.194.0-255,4320,135181,62,197604
13519,0.001966,172.31.40.0-255,66,135247,62,197604
13520,0.00197,172.217.194.0-255,2902,138149,62,197604
13521,0.001973,172.31.40.0-255,66,138215,62,197604
13522,0.002011,172.217.194.0-255,1484,139699,62,197604
13523,0.002015,172.31.40.0-255,66,139765,62,197604
13524,0.002025,172.217.194.0-255,1484,141249,62,197604
13525,0.002027,172.31.40.0-255,66,141315,62,197604
13526,0.002069,172.31.40.0-255,66,141381,62,197604
13527,0.002088,172.217.194.0-255,1484,142865,62,197604
13528,0.002093,172.217.194.0-255,2902,145767,62,197604
13529,0.002095,172.31.40.0-255,66,145833,62,197604
13530,0.002137,172.217.194.0-255,5738,151571,62,197604
13531,0.002141,172.31.40.0-255,66,151637,62,197604
13532,0.002188,172.217.194.0-255,4320,155957,62,197604
13533,0.002191,172.31.40.0-255,66,156023,62,197604
13534,0.00223,172.31.40.0-255,66,156089,62,197604
13535,0.002242,172.31.40.0-255,66,156155,62,197604
13536,0.002249,172.217.194.0-255,766,156921,62,197604
13537,0.002251,172.217.194.0-255,1484,158405,62,197604
13538,0.002253,172.31.40.0-255,66,158471,62,197604
13539,0.002259,172.217.194.0-255,4320,162791,62,197604
13540,0.002262,172.31.40.0-255,66,162857,62,197604
13541,0.002265,172.217.194.0-255,1484,164341,62,197604
13542,0.002291,172.217.194.0-255,4320,168661,62,197604
13543,0.002295,172.31.40.0-255,66,168727,62,197604
13544,0.002319,172.217.194.0-255,4320,173047,62,197604
13545,0.002322,172.31.40.0-255,66,173113,62,197604
13546,0.002325,172.217.194.0-255,1484,174597,62,197604
13547,0.00236,172.217.194.0-255,5738,180335,62,197604
13548,0.002363,172.31.40.0-255,66,180401,62,197604
13549,0.00239,172.217.194.0-255,7156,187557,62,197604
13550,0.002393,172.31.40.0-255,66,187623,62,197604
13551,0.002425,172.217.194.0-255,6376,193999,62,197604
13552,0.002428,172.31.40.0-255,66,194065,62,197604
13553,0.004704,172.217.194.0-255,105,194170,62,197604
13554,0.005125,172.31.40.0-255,66,194236,62,197604
13555,0.005168,172.31.40.0-255,105,194341,62,197604
13556,0.007486,172.217.194.0-255,66,194407,62,197604
13557,0.041325,172.31.40.0-255,172,194579,62,197604
13558,0.041358,172.31.40.0-255,1105,195684,62,197604
13559,0.041424,172.31.40.0-255,1514,197198,62,197604
13560,0.041426,172.31.40.0-255,340,197538,62,197604
13561,0.043068,104.244.42.0-255,66,197604,62,197604
13562,0.0,74.125.24.0-255,153,153,62,288824
13563,1.5e-05,172.31.40.0-255,66,219,62,288824
13564,2.2e-05,74.125.24.0-255,1484,1703,62,288824
13565,2.7e-05,172.31.40.0-255,66,1769,62,288824
13566,3.3e-05,74.125.24.0-255,2902,4671,62,288824
13567,3.6e-05,172.31.40.0-255,66,4737,62,288824
13568,5.7e-05,74.125.24.0-255,7156,11893,62,288824
13569,6.1e-05,172.31.40.0-255,66,11959,62,288824
13570,6.7e-05,74.125.24.0-255,2076,14035,62,288824
13571,7e-05,172.31.40.0-255,66,14101,62,288824
13572,0.000543,74.125.24.0-255,1484,15585,62,288824
13573,0.000549,172.31.40.0-255,66,15651,62,288824
13574,0.000555,74.125.24.0-255,2902,18553,62,288824
13575,0.000557,172.31.40.0-255,66,18619,62,288824
13576,0.000587,74.125.24.0-255,4320,22939,62,288824
13577,0.00059,172.31.40.0-255,66,23005,62,288824
13578,0.000623,74.125.24.0-255,4320,27325,62,288824
13579,0.000626,172.31.40.0-255,66,27391,62,288824
13580,0.00065,74.125.24.0-255,3961,31352,62,288824
13581,0.000652,172.31.40.0-255,66,31418,62,288824
13582,0.000662,172.31.40.0-255,66,31484,62,288824
13583,0.00068,74.125.24.0-255,2902,34386,62,288824
13584,0.000683,172.31.40.0-255,66,34452,62,288824
13585,0.000707,172.31.40.0-255,66,34518,62,288824
13586,0.00071,74.125.24.0-255,1484,36002,62,288824
13587,0.000712,172.31.40.0-255,66,36068,62,288824
13588,0.00075,74.125.24.0-255,766,36834,62,288824
13589,0.000754,172.31.40.0-255,66,36900,62,288824
13590,0.000756,172.31.40.0-255,66,36966,62,288824
13591,0.00125,74.125.24.0-255,645,37611,62,288824
13592,0.001269,74.125.24.0-255,1484,39095,62,288824
13593,0.001273,172.31.40.0-255,66,39161,62,288824
13594,0.001278,74.125.24.0-255,1484,40645,62,288824
13595,0.001288,74.125.24.0-255,1484,42129,62,288824
13596,0.00129,172.31.40.0-255,66,42195,62,288824
13597,0.001303,74.125.24.0-255,2902,45097,62,288824
13598,0.001305,172.31.40.0-255,66,45163,62,288824
13599,0.001333,74.125.24.0-255,2902,48065,62,288824
13600,0.001336,172.31.40.0-255,66,48131,62,288824
13601,0.001348,172.31.40.0-255,66,48197,62,288824
13602,0.001372,74.125.24.0-255,5738,53935,62,288824
13603,0.001374,172.31.40.0-255,66,54001,62,288824
13604,0.001391,74.125.24.0-255,2902,56903,62,288824
13605,0.001393,172.31.40.0-255,66,56969,62,288824
13606,0.001397,74.125.24.0-255,2184,59153,62,288824
13607,0.001399,172.31.40.0-255,66,59219,62,288824
13608,0.002058,74.125.24.0-255,1484,60703,62,288824
13609,0.002066,74.125.24.0-255,2902,63605,62,288824
13610,0.00207,172.31.40.0-255,66,63671,62,288824
13611,0.002077,74.125.24.0-255,5738,69409,62,288824
13612,0.002079,172.31.40.0-255,66,69475,62,288824
13613,0.002095,74.125.24.0-255,5738,75213,62,288824
13614,0.002097,172.31.40.0-255,66,75279,62,288824
13615,0.002113,74.125.24.0-255,5738,81017,62,288824
13616,0.002115,172.31.40.0-255,66,81083,62,288824
13617,0.002131,74.125.24.0-255,1484,82567,62,288824
13618,0.002157,74.125.24.0-255,4320,86887,62,288824
13619,0.00216,172.31.40.0-255,66,86953,62,288824
13620,0.002192,172.31.40.0-255,66,87019,62,288824
13621,0.002205,172.31.40.0-255,66,87085,62,288824
13622,0.002226,74.125.24.0-255,4320,91405,62,288824
13623,0.002227,172.31.40.0-255,66,91471,62,288824
13624,0.002265,172.31.40.0-255,66,91537,62,288824
13625,0.002298,74.125.24.0-255,1484,93021,62,288824
13626,0.002313,74.125.24.0-255,2902,95923,62,288824
13627,0.002315,172.31.40.0-255,66,95989,62,288824
13628,0.002318,74.125.24.0-255,1484,97473,62,288824
13629,0.002337,74.125.24.0-255,4320,101793,62,288824
13630,0.002339,172.31.40.0-255,66,101859,62,288824
13631,0.002355,74.125.24.0-255,7156,109015,62,288824
13632,0.002357,172.31.40.0-255,66,109081,62,288824
13633,0.002376,74.125.24.0-255,5738,114819,62,288824
13634,0.002378,172.31.40.0-255,66,114885,62,288824
13635,0.00238,74.125.24.0-255,1484,116369,62,288824
13636,0.002418,74.125.24.0-255,5738,122107,62,288824
13637,0.00242,172.31.40.0-255,66,122173,62,288824
13638,0.002435,74.125.24.0-255,3602,125775,62,288824
13639,0.002436,172.31.40.0-255,66,125841,62,288824
13640,0.00244,74.125.24.0-255,2902,128743,62,288824
13641,0.002443,172.31.40.0-255,66,128809,62,288824
13642,0.004841,74.125.24.0-255,4320,133129,62,288824
13643,0.004847,172.31.40.0-255,66,133195,62,288824
13644,0.004862,74.125.24.0-255,1484,134679,62,288824
13645,0.004936,172.31.40.0-255,101,134780,62,288824
13646,0.007284,74.125.24.0-255,4320,139100,62,288824
13647,0.007289,172.31.40.0-255,66,139166,62,288824
13648,0.007313,74.125.24.0-255,1484,140650,62,288824
13649,0.009682,74.125.24.0-255,4320,144970,62,288824
13650,0.00969,172.31.40.0-255,66,145036,62,288824
13651,0.012088,74.125.24.0-255,5738,150774,62,288824
13652,0.012097,172.31.40.0-255,66,150840,62,288824
13653,0.014532,74.125.24.0-255,5738,156578,62,288824
13654,0.014543,172.31.40.0-255,66,156644,62,288824
13655,0.017017,74.125.24.0-255,5738,162382,62,288824
13656,0.017027,172.31.40.0-255,66,162448,62,288824
13657,0.019444,74.125.24.0-255,5738,168186,62,288824
13658,0.019451,172.31.40.0-255,66,168252,62,288824
13659,0.02186,74.125.24.0-255,5738,173990,62,288824
13660,0.021866,172.31.40.0-255,66,174056,62,288824
13661,0.024276,74.125.24.0-255,2902,176958,62,288824
13662,0.024283,172.31.40.0-255,66,177024,62,288824
13663,0.024302,74.125.24.0-255,2902,179926,62,288824
13664,0.024305,172.31.40.0-255,66,179992,62,288824
13665,0.02675,74.125.24.0-255,5738,185730,62,288824
13666,0.026758,172.31.40.0-255,66,185796,62,288824
13667,0.027697,172.31.40.0-255,172,185968,62,288824
13668,0.027726,172.31.40.0-255,1110,187078,62,288824
13669,0.027775,172.31.40.0-255,1514,188592,62,288824
13670,0.027777,172.31.40.0-255,1300,189892,62,288824
13671,0.029156,74.125.24.0-255,5738,195630,62,288824
13672,0.029164,172.31.40.0-255,66,195696,62,288824
13673,0.029526,104.244.42.0-255,66,195762,62,288824
13674,0.029584,104.244.42.0-255,66,195828,62,288824
13675,0.02963,104.244.42.0-255,66,195894,62,288824
13676,0.031581,74.125.24.0-255,5738,201632,62,288824
13677,0.031586,172.31.40.0-255,66,201698,62,288824
13678,0.033994,74.125.24.0-255,1484,203182,62,288824
13679,0.034054,74.125.24.0-255,4320,207502,62,288824
13680,0.034059,172.31.40.0-255,66,207568,62,288824
13681,0.036466,74.125.24.0-255,5738,213306,62,288824
13682,0.036474,172.31.40.0-255,66,213372,62,288824
13683,0.0389,74.125.24.0-255,5738,219110,62,288824
13684,0.03891,172.31.40.0-255,66,219176,62,288824
13685,0.041298,74.125.24.0-255,5738,224914,62,288824
13686,0.041303,172.31.40.0-255,66,224980,62,288824
13687,0.043761,74.125.24.0-255,5738,230718,62,288824
13688,0.043768,172.31.40.0-255,66,230784,62,288824
13689,0.046208,74.125.24.0-255,5738,236522,62,288824
13690,0.046215,172.31.40.0-255,66,236588,62,288824
13691,0.048679,74.125.24.0-255,5738,242326,62,288824
13692,0.048685,172.31.40.0-255,66,242392,62,288824
13693,0.051108,74.125.24.0-255,5738,248130,62,288824
13694,0.051116,172.31.40.0-255,66,248196,62,288824
13695,0.053547,74.125.24.0-255,5738,253934,62,288824
13696,0.053554,172.31.40.0-255,66,254000,62,288824
13697,0.055993,74.125.24.0-255,5738,259738,62,288824
13698,0.056001,172.31.40.0-255,66,259804,62,288824
13699,0.058465,74.125.24.0-255,5738,265542,62,288824
13700,0.058471,172.31.40.0-255,66,265608,62,288824
13701,0.060872,74.125.24.0-255,5738,271346,62,288824
13702,0.060881,172.31.40.0-255,66,271412,62,288824
13703,0.063319,74.125.24.0-255,5738,277150,62,288824
13704,0.063326,172.31.40.0-255,66,277216,62,288824
13705,0.065793,74.125.24.0-255,5738,282954,62,288824
13706,0.0658,172.31.40.0-255,66,283020,62,288824
13707,0.06822,74.125.24.0-255,5738,288758,62,288824
13708,0.068227,172.31.40.0-255,66,288824,62,288824
13709,0.0,74.125.200.0-255,152,152,62,354460
13710,2.2e-05,172.31.40.0-255,66,218,62,354460
13711,4.7e-05,74.125.200.0-255,1484,1702,62,354460
13712,5.2e-05,172.31.40.0-255,66,1768,62,354460
13713,5.8e-05,74.125.200.0-255,2902,4670,62,354460
13714,6.1e-05,172.31.40.0-255,66,4736,62,354460
13715,6.5e-05,74.125.200.0-255,1484,6220,62,354460
13716,6.7e-05,172.31.40.0-255,66,6286,62,354460
13717,9.7e-05,74.125.200.0-255,4320,10606,62,354460
13718,0.0001,172.31.40.0-255,66,10672,62,354460
13719,0.000104,74.125.200.0-255,2902,13574,62,354460
13720,0.000106,172.31.40.0-255,66,13640,62,354460
13721,0.000112,74.125.200.0-255,3512,17152,62,354460
13722,0.000114,172.31.40.0-255,66,17218,62,354460
13723,0.000146,74.125.200.0-255,7156,24374,62,354460
13724,0.000148,172.31.40.0-255,66,24440,62,354460
13725,0.000189,74.125.200.0-255,2902,27342,62,354460
13726,0.000192,172.31.40.0-255,66,27408,62,354460
13727,0.000214,74.125.200.0-255,3961,31369,62,354460
13728,0.000217,172.31.40.0-255,66,31435,62,354460
13729,0.000276,74.125.200.0-255,1484,32919,62,354460
13730,0.00028,172.31.40.0-255,66,32985,62,354460
13731,0.000284,74.125.200.0-255,1484,34469,62,354460
13732,0.000286,172.31.40.0-255,66,34535,62,354460
13733,0.000298,74.125.200.0-255,1484,36019,62,354460
13734,0.0003,172.31.40.0-255,66,36085,62,354460
13735,0.000309,74.125.200.0-255,5738,41823,62,354460
13736,0.000311,172.31.40.0-255,66,41889,62,354460
13737,0.000322,74.125.200.0-255,1484,43373,62,354460
13738,0.000324,172.31.40.0-255,66,43439,62,354460
13739,0.000343,74.125.200.0-255,5379,48818,62,354460
13740,0.000345,172.31.40.0-255,66,48884,62,354460
13741,0.000351,74.125.200.0-255,5738,54622,62,354460
13742,0.000354,172.31.40.0-255,66,54688,62,354460
13743,0.000371,74.125.200.0-255,1484,56172,62,354460
13744,0.000375,74.125.200.0-255,1484,57656,62,354460
13745,0.000377,172.31.40.0-255,66,57722,62,354460
13746,0.000406,172.31.40.0-255,66,57788,62,354460
13747,0.000409,74.125.200.0-255,132,57920,62,354460
13748,0.000552,74.125.200.0-255,1484,59404,62,354460
13749,0.000558,172.31.40.0-255,66,59470,62,354460
13750,0.000563,74.125.200.0-255,2902,62372,62,354460
13751,0.000565,172.31.40.0-255,66,62438,62,354460
13752,0.000568,74.125.200.0-255,1484,63922,62,354460
13753,0.000593,74.125.200.0-255,4320,68242,62,354460
13754,0.000596,172.31.40.0-255,66,68308,62,354460
13755,0.000601,74.125.200.0-255,2902,71210,62,354460
13756,0.000603,172.31.40.0-255,66,71276,62,354460
13757,0.000619,74.125.200.0-255,1484,72760,62,354460
13758,0.000655,74.125.200.0-255,5738,78498,62,354460
13759,0.00066,172.31.40.0-255,66,78564,62,354460
13760,0.000663,172.31.40.0-255,66,78630,62,354460
13761,0.000683,74.125.200.0-255,3661,82291,62,354460
13762,0.000685,172.31.40.0-255,66,82357,62,354460
13763,0.000744,74.125.200.0-255,1484,83841,62,354460
13764,0.00075,74.125.200.0-255,2902,86743,62,354460
13765,0.000753,172.31.40.0-255,66,86809,62,354460
13766,0.000774,74.125.200.0-255,5738,92547,62,354460
13767,0.000777,172.31.40.0-255,66,92613,62,354460
13768,0.000809,74.125.200.0-255,2902,95515,62,354460
13769,0.000812,172.31.40.0-255,66,95581,62,354460
13770,0.000839,74.125.200.0-255,1484,97065,62,354460
13771,0.000847,74.125.200.0-255,5738,102803,62,354460
13772,0.000849,172.31.40.0-255,66,102869,62,354460
13773,0.000863,172.31.40.0-255,66,102935,62,354460
13774,0.000867,74.125.200.0-255,2184,105119,62,354460
13775,0.00087,172.31.40.0-255,66,105185,62,354460
13776,0.00126,74.125.200.0-255,1484,106669,62,354460
13777,0.001267,74.125.200.0-255,2902,109571,62,354460
13778,0.001271,172.31.40.0-255,66,109637,62,354460
13779,0.001275,74.125.200.0-255,1484,111121,62,354460
13780,0.001291,74.125.200.0-255,4320,115441,62,354460
13781,0.001294,172.31.40.0-255,66,115507,62,354460
13782,0.001299,74.125.200.0-255,2902,118409,62,354460
13783,0.001301,172.31.40.0-255,66,118475,62,354460
13784,0.001306,74.125.200.0-255,4320,122795,62,354460
13785,0.001308,172.31.40.0-255,66,122861,62,354460
13786,0.001347,172.31.40.0-255,66,122927,62,354460
13787,0.001354,74.125.200.0-255,5738,128665,62,354460
13788,0.001356,172.31.40.0-255,66,128731,62,354460
13789,0.001387,74.125.200.0-255,2184,130915,62,354460
13790,0.00139,172.31.40.0-255,66,130981,62,354460
13791,0.00192,74.125.200.0-255,1484,132465,62,354460
13792,0.001924,74.125.200.0-255,1484,133949,62,354460
13793,0.001928,172.31.40.0-255,66,134015,62,354460
13794,0.001948,74.125.200.0-255,1484,135499,62,354460
13795,0.001955,74.125.200.0-255,5738,141237,62,354460
13796,0.001957,172.31.40.0-255,66,141303,62,354460
13797,0.001962,74.125.200.0-255,2902,144205,62,354460
13798,0.001964,172.31.40.0-255,66,144271,62,354460
13799,0.001981,74.125.200.0-255,4320,148591,62,354460
13800,0.001984,172.31.40.0-255,66,148657,62,354460
13801,0.002019,172.31.40.0-255,66,148723,62,354460
13802,0.002038,74.125.200.0-255,2902,151625,62,354460
13803,0.00204,172.31.40.0-255,66,151691,62,354460
13804,0.002045,74.125.200.0-255,3602,155293,62,354460
13805,0.002048,172.31.40.0-255,66,155359,62,354460
13806,0.00218,74.125.200.0-255,1484,156843,62,354460
13807,0.002185,74.125.200.0-255,1484,158327,62,354460
13808,0.002188,172.31.40.0-255,66,158393,62,354460
13809,0.002204,74.125.200.0-255,1484,159877,62,354460
13810,0.002207,74.125.200.0-255,1484,161361,62,354460
13811,0.002209,172.31.40.0-255,66,161427,62,354460
13812,0.002212,74.125.200.0-255,1484,162911,62,354460
13813,0.002229,74.125.200.0-255,1484,164395,62,354460
13814,0.002231,172.31.40.0-255,66,164461,62,354460
13815,0.002236,74.125.200.0-255,2902,167363,62,354460
13816,0.002238,172.31.40.0-255,66,167429,62,354460
13817,0.002251,74.125.200.0-255,2902,170331,62,354460
13818,0.002253,172.31.40.0-255,66,170397,62,354460
13819,0.002256,74.125.200.0-255,1484,171881,62,354460
13820,0.002279,74.125.200.0-255,7156,179037,62,354460
13821,0.002294,172.31.40.0-255,66,179103,62,354460
13822,0.002297,172.31.40.0-255,66,179169,62,354460
13823,0.0023,74.125.200.0-255,1484,180653,62,354460
13824,0.002304,74.125.200.0-255,2184,182837,62,354460
13825,0.002306,172.31.40.0-255,66,182903,62,354460
13826,0.00231,74.125.200.0-255,2902,185805,62,354460
13827,0.002313,172.31.40.0-255,66,185871,62,354460
13828,0.00234,74.125.200.0-255,7156,193027,62,354460
13829,0.002342,172.31.40.0-255,66,193093,62,354460
13830,0.002366,74.125.200.0-255,1484,194577,62,354460
13831,0.002371,74.125.200.0-255,2902,197479,62,354460
13832,0.002373,172.31.40.0-255,66,197545,62,354460
13833,0.00238,74.125.200.0-255,5738,203283,62,354460
13834,0.002382,172.31.40.0-255,66,203349,62,354460
13835,0.002412,74.125.200.0-255,1484,204833,62,354460
13836,0.002415,172.31.40.0-255,78,204911,62,354460
13837,0.002428,172.31.40.0-255,66,204977,62,354460
13838,0.004822,74.125.200.0-255,5738,210715,62,354460
13839,0.004831,172.31.40.0-255,66,210781,62,354460
13840,0.007213,74.125.200.0-255,5738,216519,62,354460
13841,0.007218,172.31.40.0-255,66,216585,62,354460
13842,0.009618,74.125.200.0-255,5738,222323,62,354460
13843,0.009625,172.31.40.0-255,66,222389,62,354460
13844,0.012023,74.125.200.0-255,5738,228127,62,354460
13845,0.012032,172.31.40.0-255,66,228193,62,354460
13846,0.014459,74.125.200.0-255,5738,233931,62,354460
13847,0.014468,172.31.40.0-255,66,233997,62,354460
13848,0.016855,74.125.200.0-255,5738,239735,62,354460
13849,0.016863,172.31.40.0-255,66,239801,62,354460
13850,0.019265,74.125.200.0-255,5738,245539,62,354460
13851,0.019277,172.31.40.0-255,66,245605,62,354460
13852,0.021676,74.125.200.0-255,5738,251343,62,354460
13853,0.021685,172.31.40.0-255,66,251409,62,354460
13854,0.024082,74.125.200.0-255,5738,257147,62,354460
13855,0.02409,172.31.40.0-255,66,257213,62,354460
13856,0.026491,74.125.200.0-255,4320,261533,62,354460
13857,0.026498,172.31.40.0-255,66,261599,62,354460
13858,0.026515,74.125.200.0-255,1484,263083,62,354460
13859,0.028891,74.125.200.0-255,4320,267403,62,354460
13860,0.028899,172.31.40.0-255,66,267469,62,354460
13861,0.031292,74.125.200.0-255,5738,273207,62,354460
13862,0.031301,172.31.40.0-255,66,273273,62,354460
13863,0.033693,74.125.200.0-255,5738,279011,62,354460
13864,0.033701,172.31.40.0-255,66,279077,62,354460
13865,0.036089,74.125.200.0-255,5738,284815,62,354460
13866,0.036096,172.31.40.0-255,66,284881,62,354460
13867,0.038485,74.125.200.0-255,5738,290619,62,354460
13868,0.038492,172.31.40.0-255,66,290685,62,354460
13869,0.039026,172.31.40.0-255,172,290857,62,354460
13870,0.039055,172.31.40.0-255,1110,291967,62,354460
13871,0.03912,172.31.40.0-255,1514,293481,62,354460
13872,0.039121,172.31.40.0-255,1514,294995,62,354460
13873,0.039127,172.31.40.0-255,1514,296509,62,354460
13874,0.039128,172.31.40.0-255,1514,298023,62,354460
13875,0.039146,172.31.40.0-255,1514,299537,62,354460
13876,0.039147,172.31.40.0-255,152,299689,62,354460
13877,0.04062,104.244.42.0-255,66,299755,62,354460
13878,0.040738,104.244.42.0-255,66,299821,62,354460
13879,0.040765,104.244.42.0-255,66,299887,62,354460
13880,0.040777,104.244.42.0-255,66,299953,62,354460
13881,0.040877,74.125.200.0-255,5738,305691,62,354460
13882,0.040883,172.31.40.0-255,66,305757,62,354460
13883,0.041385,104.244.42.0-255,108,305865,62,354460
13884,0.041395,172.31.40.0-255,66,305931,62,354460
13885,0.043324,74.125.200.0-255,5738,311669,62,354460
13886,0.043329,172.31.40.0-255,66,311735,62,354460
13887,0.045723,74.125.200.0-255,5738,317473,62,354460
13888,0.04573,172.31.40.0-255,66,317539,62,354460
13889,0.04814,74.125.200.0-255,5738,323277,62,354460
13890,0.048149,172.31.40.0-255,66,323343,62,354460
13891,0.050548,74.125.200.0-255,5738,329081,62,354460
13892,0.050556,172.31.40.0-255,66,329147,62,354460
13893,0.052953,74.125.200.0-255,5738,334885,62,354460
13894,0.052959,172.31.40.0-255,66,334951,62,354460
13895,0.055363,74.125.200.0-255,5738,340689,62,354460
13896,0.05537,172.31.40.0-255,66,340755,62,354460
13897,0.05777,74.125.200.0-255,5738,346493,62,354460
13898,0.057777,172.31.40.0-255,66,346559,62,354460
13899,0.060193,74.125.200.0-255,5738,352297,62,354460
13900,0.060201,172.31.40.0-255,66,352363,62,354460
13901,0.062598,74.125.200.0-255,1860,354223,62,354460
13902,0.062605,172.31.40.0-255,66,354289,62,354460
13903,0.062772,172.31.40.0-255,105,354394,62,354460
13904,0.065127,74.125.200.0-255,66,354460,62,354460
13905,0.0,74.125.24.0-255,299,299,62,212968
13906,2e-05,172.31.40.0-255,66,365,62,212968
13907,2.6e-05,74.125.24.0-255,1484,1849,62,212968
13908,3.1e-05,172.31.40.0-255,66,1915,62,212968
13909,3.8e-05,74.125.24.0-255,4320,6235,62,212968
13910,4.2e-05,172.31.40.0-255,66,6301,62,212968
13911,4.8e-05,74.125.24.0-255,2902,9203,62,212968
13912,5.1e-05,172.31.40.0-255,66,9269,62,212968
13913,6.4e-05,172.31.40.0-255,66,9335,62,212968
13914,9.2e-05,172.31.40.0-255,66,9401,62,212968
13915,0.000115,74.125.24.0-255,2543,11944,62,212968
13916,0.000117,172.31.40.0-255,66,12010,62,212968
13917,0.000144,74.125.24.0-255,1484,13494,62,212968
13918,0.000147,172.31.40.0-255,66,13560,62,212968
13919,0.000172,74.125.24.0-255,2902,16462,62,212968
13920,0.000174,172.31.40.0-255,66,16528,62,212968
13921,0.00018,74.125.24.0-255,5738,22266,62,212968
13922,0.000182,172.31.40.0-255,66,22332,62,212968
13923,0.000209,74.125.24.0-255,7156,29488,62,212968
13924,0.000211,172.31.40.0-255,66,29554,62,212968
13925,0.000232,74.125.24.0-255,3961,33515,62,212968
13926,0.000234,172.31.40.0-255,66,33581,62,212968
13927,0.000246,172.31.40.0-255,66,33647,62,212968
13928,0.000268,74.125.24.0-255,1479,35126,62,212968
13929,0.00027,172.31.40.0-255,66,35192,62,212968
13930,0.000361,74.125.24.0-255,1484,36676,62,212968
13931,0.000365,172.31.40.0-255,66,36742,62,212968
13932,0.00037,74.125.24.0-255,2902,39644,62,212968
13933,0.000374,172.31.40.0-255,66,39710,62,212968
13934,0.000378,74.125.24.0-255,2902,42612,62,212968
13935,0.000381,172.31.40.0-255,66,42678,62,212968
13936,0.000403,74.125.24.0-255,2902,45580,62,212968
13937,0.000405,172.31.40.0-255,66,45646,62,212968
13938,0.00042,74.125.24.0-255,7156,52802,62,212968
13939,0.000423,172.31.40.0-255,66,52868,62,212968
13940,0.000442,74.125.24.0-255,6797,59665,62,212968
13941,0.000445,172.31.40.0-255,66,59731,62,212968
13942,0.000451,74.125.24.0-255,5738,65469,62,212968
13943,0.000452,172.31.40.0-255,66,65535,62,212968
13944,0.000489,74.125.24.0-255,3961,69496,62,212968
13945,0.000492,172.31.40.0-255,66,69562,62,212968
13946,0.000503,74.125.24.0-255,1484,71046,62,212968
13947,0.000516,74.125.24.0-255,2902,73948,62,212968
13948,0.000519,172.31.40.0-255,66,74014,62,212968
13949,0.000567,74.125.24.0-255,7156,81170,62,212968
13950,0.00057,172.31.40.0-255,66,81236,62,212968
13951,0.000583,74.125.24.0-255,1484,82720,62,212968
13952,0.000598,172.31.40.0-255,66,82786,62,212968
13953,0.000605,74.125.24.0-255,6438,89224,62,212968
13954,0.000607,172.31.40.0-255,66,89290,62,212968
13955,0.000629,74.125.24.0-255,7156,96446,62,212968
13956,0.000632,172.31.40.0-255,66,96512,62,212968
13957,0.000637,74.125.24.0-255,4320,100832,62,212968
13958,0.000639,172.31.40.0-255,66,100898,62,212968
13959,0.000677,74.125.24.0-255,1484,102382,62,212968
13960,0.00068,74.125.24.0-255,1484,103866,62,212968
13961,0.000736,74.125.24.0-255,7156,111022,62,212968
13962,0.000758,74.125.24.0-255,7156,118178,62,212968
13963,0.000773,172.31.40.0-255,66,118244,62,212968
13964,0.000785,74.125.24.0-255,5738,123982,62,212968
13965,0.000801,74.125.24.0-255,3602,127584,62,212968
13966,0.000825,172.31.40.0-255,66,127650,62,212968
13967,0.000901,74.125.24.0-255,1484,129134,62,212968
13968,0.000922,74.125.24.0-255,2902,132036,62,212968
13969,0.000928,74.125.24.0-255,5738,137774,62,212968
13970,0.000933,74.125.24.0-255,4320,142094,62,212968
13971,0.000947,172.31.40.0-255,66,142160,62,212968
13972,0.000956,74.125.24.0-255,2902,145062,62,212968
13973,0.000961,172.31.40.0-255,66,145128,62,212968
13974,0.000996,172.31.40.0-255,66,145194,62,212968
13975,0.001012,74.125.24.0-255,1484,146678,62,212968
13976,0.001035,74.125.24.0-255,6438,153116,62,212968
13977,0.001041,172.31.40.0-255,66,153182,62,212968
13978,0.001221,74.125.24.0-255,1484,154666,62,212968
13979,0.001228,74.125.24.0-255,2902,157568,62,212968
13980,0.001233,172.31.40.0-255,66,157634,62,212968
13981,0.001249,74.125.24.0-255,4320,161954,62,212968
13982,0.001254,74.125.24.0-255,4320,166274,62,212968
13983,0.001268,74.125.24.0-255,4320,170594,62,212968
13984,0.001277,172.31.40.0-255,66,170660,62,212968
13985,0.001301,74.125.24.0-255,2902,173562,62,212968
13986,0.001341,74.125.24.0-255,2184,175746,62,212968
13987,0.001364,172.31.40.0-255,66,175812,62,212968
13988,0.001371,74.125.24.0-255,5738,181550,62,212968
13989,0.00138,172.31.40.0-255,66,181616,62,212968
13990,0.001388,74.125.24.0-255,7156,188772,62,212968
13991,0.00143,74.125.24.0-255,4320,193092,62,212968
13992,0.001456,74.125.24.0-255,5020,198112,62,212968
13993,0.001485,74.125.24.0-255,1484,199596,62,212968
13994,0.00149,172.31.40.0-255,66,199662,62,212968
13995,0.001538,74.125.24.0-255,2902,202564,62,212968
13996,0.001571,172.31.40.0-255,66,202630,62,212968
13997,0.001579,172.31.40.0-255,66,202696,62,212968
13998,0.001599,74.125.24.0-255,6438,209134,62,212968
13999,0.001636,172.31.40.0-255,66,209200,62,212968
14000,0.00164,74.125.24.0-255,105,209305,62,212968
14001,0.012634,172.31.40.0-255,101,209406,62,212968
14002,0.013447,172.31.40.0-255,105,209511,62,212968
14003,0.014946,74.125.24.0-255,66,209577,62,212968
14004,0.015734,74.125.24.0-255,66,209643,62,212968
14005,0.038583,172.31.40.0-255,167,209810,62,212968
14006,0.038618,172.31.40.0-255,1105,210915,62,212968
14007,0.038685,172.31.40.0-255,1514,212429,62,212968
14008,0.038686,172.31.40.0-255,341,212770,62,212968
14009,0.040139,104.244.42.0-255,66,212836,62,212968
14010,0.040169,104.244.42.0-255,66,212902,62,212968
14011,0.040266,104.244.42.0-255,66,212968,62,212968
14012,0.0,172.217.194.0-255,150,150,62,255170
14013,2e-05,172.31.40.0-255,66,216,62,255170
14014,2.7e-05,172.217.194.0-255,1484,1700,62,255170
14015,3.2e-05,172.31.40.0-255,66,1766,62,255170
14016,3.8e-05,172.217.194.0-255,2902,4668,62,255170
14017,4.2e-05,172.31.40.0-255,66,4734,62,255170
14018,4.9e-05,172.217.194.0-255,7156,11890,62,255170
14019,5.2e-05,172.31.40.0-255,66,11956,62,255170
14020,5.5e-05,172.217.194.0-255,2055,14011,62,255170
14021,5.8e-05,172.31.40.0-255,66,14077,62,255170
14022,0.000262,172.217.194.0-255,1484,15561,62,255170
14023,0.000268,172.31.40.0-255,66,15627,62,255170
14024,0.000274,172.217.194.0-255,2902,18529,62,255170
14025,0.000277,172.31.40.0-255,66,18595,62,255170
14026,0.000283,172.217.194.0-255,5738,24333,62,255170
14027,0.000286,172.31.40.0-255,66,24399,62,255170
14028,0.000289,172.217.194.0-255,1484,25883,62,255170
14029,0.000291,172.31.40.0-255,66,25949,62,255170
14030,0.000315,172.217.194.0-255,5379,31328,62,255170
14031,0.000318,172.31.40.0-255,66,31394,62,255170
14032,0.000354,172.217.194.0-255,4320,35714,62,255170
14033,0.000358,172.31.40.0-255,66,35780,62,255170
14034,0.00038,172.217.194.0-255,2902,38682,62,255170
14035,0.000382,172.31.40.0-255,66,38748,62,255170
14036,0.000393,172.31.40.0-255,66,38814,62,255170
14037,0.000396,172.217.194.0-255,1125,39939,62,255170
14038,0.000398,172.31.40.0-255,66,40005,62,255170
14039,0.000416,172.217.194.0-255,1484,41489,62,255170
14040,0.000419,172.31.40.0-255,66,41555,62,255170
14041,0.000424,172.217.194.0-255,4320,45875,62,255170
14042,0.000427,172.31.40.0-255,66,45941,62,255170
14043,0.000444,172.217.194.0-255,1484,47425,62,255170
14044,0.000465,172.31.40.0-255,66,47491,62,255170
14045,0.000468,172.217.194.0-255,1439,48930,62,255170
14046,0.000502,172.217.194.0-255,98,49028,62,255170
14047,0.000795,172.217.194.0-255,363,49391,62,255170
14048,0.0008,172.31.40.0-255,66,49457,62,255170
14049,0.000959,172.217.194.0-255,1484,50941,62,255170
14050,0.000966,172.217.194.0-255,2902,53843,62,255170
14051,0.000969,172.31.40.0-255,66,53909,62,255170
14052,0.000974,172.217.194.0-255,2902,56811,62,255170
14053,0.000976,172.31.40.0-255,66,56877,62,255170
14054,0.000991,172.217.194.0-255,2902,59779,62,255170
14055,0.000993,172.31.40.0-255,66,59845,62,255170
14056,0.001019,172.217.194.0-255,1484,61329,62,255170
14057,0.001031,172.217.194.0-255,2902,64231,62,255170
14058,0.001034,172.31.40.0-255,66,64297,62,255170
14059,0.001055,172.217.194.0-255,2543,66840,62,255170
14060,0.001058,172.31.40.0-255,66,66906,62,255170
14061,0.001065,172.217.194.0-255,7156,74062,62,255170
14062,0.001067,172.31.40.0-255,66,74128,62,255170
14063,0.001083,172.217.194.0-255,5738,79866,62,255170
14064,0.001085,172.31.40.0-255,66,79932,62,255170
14065,0.0011,172.217.194.0-255,3961,83893,62,255170
14066,0.001103,172.31.40.0-255,66,83959,62,255170
14067,0.001599,172.217.194.0-255,1484,85443,62,255170
14068,0.00161,172.217.194.0-255,2902,88345,62,255170
14069,0.001615,172.31.40.0-255,66,88411,62,255170
14070,0.001623,172.217.194.0-255,5738,94149,62,255170
14071,0.001625,172.31.40.0-255,66,94215,62,255170
14072,0.001628,172.217.194.0-255,1484,95699,62,255170
14073,0.001633,172.217.194.0-255,2902,98601,62,255170
14074,0.001634,172.31.40.0-255,66,98667,62,255170
14075,0.001657,172.217.194.0-255,5738,104405,62,255170
14076,0.00166,172.31.40.0-255,66,104471,62,255170
14077,0.001684,172.31.40.0-255,66,104537,62,255170
14078,0.001705,172.217.194.0-255,5020,109557,62,255170
14079,0.001707,172.31.40.0-255,66,109623,62,255170
14080,0.00173,172.217.194.0-255,5738,115361,62,255170
14081,0.001733,172.31.40.0-255,66,115427,62,255170
14082,0.001757,172.217.194.0-255,7156,122583,62,255170
14083,0.00176,172.31.40.0-255,66,122649,62,255170
14084,0.001775,172.31.40.0-255,66,122715,62,255170
14085,0.001782,172.217.194.0-255,6438,129153,62,255170
14086,0.001785,172.31.40.0-255,66,129219,62,255170
14087,0.001831,172.217.194.0-255,1484,130703,62,255170
14088,0.00185,172.217.194.0-255,2902,133605,62,255170
14089,0.001853,172.31.40.0-255,66,133671,62,255170
14090,0.001859,172.217.194.0-255,5738,139409,62,255170
14091,0.001862,172.31.40.0-255,66,139475,62,255170
14092,0.001905,172.31.40.0-255,66,139541,62,255170
14093,0.001923,172.217.194.0-255,1484,141025,62,255170
14094,0.001971,172.217.194.0-255,1484,142509,62,255170
14095,0.002021,172.217.194.0-255,3602,146111,62,255170
14096,0.002058,172.217.194.0-255,4320,150431,62,255170
14097,0.002082,172.217.194.0-255,2902,153333,62,255170
14098,0.002106,172.217.194.0-255,7156,160489,62,255170
14099,0.002175,172.217.194.0-255,3602,164091,62,255170
14100,0.002217,172.217.194.0-255,1484,165575,62,255170
14101,0.002221,172.217.194.0-255,1484,167059,62,255170
14102,0.002232,172.217.194.0-255,1484,168543,62,255170
14103,0.002245,172.217.194.0-255,1484,170027,62,255170
14104,0.002267,172.217.194.0-255,4320,174347,62,255170
14105,0.002272,172.217.194.0-255,2902,177249,62,255170
14106,0.002303,172.217.194.0-255,1484,178733,62,255170
14107,0.002358,172.217.194.0-255,1484,180217,62,255170
14108,0.002364,172.217.194.0-255,2902,183119,62,255170
14109,0.002377,172.217.194.0-255,1484,184603,62,255170
14110,0.002401,172.217.194.0-255,4320,188923,62,255170
14111,0.002405,172.217.194.0-255,1484,190407,62,255170
14112,0.002463,172.217.194.0-255,5020,195427,62,255170
14113,0.002511,172.217.194.0-255,1484,196911,62,255170
14114,0.002528,172.217.194.0-255,2902,199813,62,255170
14115,0.002551,172.217.194.0-255,5738,205551,62,255170
14116,0.002575,172.217.194.0-255,4320,209871,62,255170
14117,0.002929,172.31.40.0-255,66,209937,62,255170
14118,0.005552,172.217.194.0-255,5738,215675,62,255170
14119,0.005559,172.31.40.0-255,66,215741,62,255170
14120,0.00819,172.217.194.0-255,5738,221479,62,255170
14121,0.008194,172.31.40.0-255,66,221545,62,255170
14122,0.010824,172.217.194.0-255,5738,227283,62,255170
14123,0.01083,172.31.40.0-255,66,227349,62,255170
14124,0.013493,172.217.194.0-255,5738,233087,62,255170
14125,0.013499,172.31.40.0-255,66,233153,62,255170
14126,0.016164,172.217.194.0-255,5738,238891,62,255170
14127,0.016174,172.31.40.0-255,66,238957,62,255170
14128,0.018832,172.217.194.0-255,5738,244695,62,255170
14129,0.018841,172.31.40.0-255,66,244761,62,255170
14130,0.021442,172.217.194.0-255,904,245665,62,255170
14131,0.021555,172.31.40.0-255,66,245731,62,255170
14132,0.02159,172.31.40.0-255,105,245836,62,255170
14133,0.024196,172.217.194.0-255,66,245902,62,255170
14134,0.041346,172.31.40.0-255,172,246074,62,255170
14135,0.041379,172.31.40.0-255,1110,247184,62,255170
14136,0.041465,172.31.40.0-255,1514,248698,62,255170
14137,0.041467,172.31.40.0-255,1514,250212,62,255170
14138,0.041473,172.31.40.0-255,1514,251726,62,255170
14139,0.041474,172.31.40.0-255,1514,253240,62,255170
14140,0.041495,172.31.40.0-255,1514,254754,62,255170
14141,0.041496,172.31.40.0-255,152,254906,62,255170
14142,0.042986,104.244.42.0-255,66,254972,62,255170
14143,0.043011,104.244.42.0-255,66,255038,62,255170
14144,0.043133,104.244.42.0-255,66,255104,62,255170
14145,0.043141,104.244.42.0-255,66,255170,62,255170
14146,0.0,74.125.24.0-255,155,155,62,135222
14147,2.2e-05,172.31.40.0-255,66,221,62,135222
14148,2.9e-05,74.125.24.0-255,1484,1705,62,135222
14149,3.4e-05,172.31.40.0-255,66,1771,62,135222
14150,4e-05,74.125.24.0-255,2902,4673,62,135222
14151,5.1e-05,172.31.40.0-255,66,4739,62,135222
14152,5.8e-05,74.125.24.0-255,7156,11895,62,135222
14153,6.1e-05,172.31.40.0-255,66,11961,62,135222
14154,6.5e-05,74.125.24.0-255,2101,14062,62,135222
14155,6.8e-05,172.31.40.0-255,66,14128,62,135222
14156,0.000194,74.125.24.0-255,1484,15612,62,135222
14157,0.000199,172.31.40.0-255,66,15678,62,135222
14158,0.000205,74.125.24.0-255,2902,18580,62,135222
14159,0.000208,172.31.40.0-255,66,18646,62,135222
14160,0.000238,74.125.24.0-255,5738,24384,62,135222
14161,0.000241,172.31.40.0-255,66,24450,62,135222
14162,0.000244,74.125.24.0-255,1484,25934,62,135222
14163,0.000246,172.31.40.0-255,66,26000,62,135222
14164,0.000301,172.31.40.0-255,66,26066,62,135222
14165,0.000308,74.125.24.0-255,7156,33222,62,135222
14166,0.00031,172.31.40.0-255,66,33288,62,135222
14167,0.000338,74.125.24.0-255,2902,36190,62,135222
14168,0.000341,172.31.40.0-255,66,36256,62,135222
14169,0.000367,172.31.40.0-255,66,36322,62,135222
14170,0.000393,172.31.40.0-255,66,36388,62,135222
14171,0.000396,74.125.24.0-255,424,36812,62,135222
14172,0.000398,172.31.40.0-255,66,36878,62,135222
14173,0.00051,74.125.24.0-255,1484,38362,62,135222
14174,0.000514,172.31.40.0-255,66,38428,62,135222
14175,0.000519,74.125.24.0-255,2902,41330,62,135222
14176,0.000522,172.31.40.0-255,66,41396,62,135222
14177,0.000527,74.125.24.0-255,5738,47134,62,135222
14178,0.000535,172.31.40.0-255,66,47200,62,135222
14179,0.000574,172.31.40.0-255,66,47266,62,135222
14180,0.000609,172.31.40.0-255,66,47332,62,135222
14181,0.000641,74.125.24.0-255,3602,50934,62,135222
14182,0.000644,172.31.40.0-255,66,51000,62,135222
14183,0.000661,172.31.40.0-255,66,51066,62,135222
14184,0.000666,74.125.24.0-255,4320,55386,62,135222
14185,0.000669,172.31.40.0-255,66,55452,62,135222
14186,0.000711,172.31.40.0-255,66,55518,62,135222
14187,0.000717,74.125.24.0-255,4320,59838,62,135222
14188,0.000719,172.31.40.0-255,66,59904,62,135222
14189,0.00076,172.31.40.0-255,66,59970,62,135222
14190,0.000824,74.125.24.0-255,1484,61454,62,135222
14191,0.00083,74.125.24.0-255,2902,64356,62,135222
14192,0.000833,172.31.40.0-255,66,64422,62,135222
14193,0.000839,74.125.24.0-255,5738,70160,62,135222
14194,0.000841,172.31.40.0-255,66,70226,62,135222
14195,0.000873,172.31.40.0-255,66,70292,62,135222
14196,0.000906,74.125.24.0-255,2902,73194,62,135222
14197,0.000909,172.31.40.0-255,66,73260,62,135222
14198,0.000948,172.31.40.0-255,66,73326,62,135222
14199,0.000967,172.31.40.0-255,66,73392,62,135222
14200,0.000974,74.125.24.0-255,7156,80548,62,135222
14201,0.000977,172.31.40.0-255,66,80614,62,135222
14202,0.001021,172.31.40.0-255,66,80680,62,135222
14203,0.001038,172.31.40.0-255,66,80746,62,135222
14204,0.001051,172.31.40.0-255,66,80812,62,135222
14205,0.001088,74.125.24.0-255,1484,82296,62,135222
14206,0.001098,74.125.24.0-255,2902,85198,62,135222
14207,0.001101,172.31.40.0-255,66,85264,62,135222
14208,0.001106,74.125.24.0-255,2902,88166,62,135222
14209,0.001108,172.31.40.0-255,66,88232,62,135222
14210,0.001134,74.125.24.0-255,2902,91134,62,135222
14211,0.001137,172.31.40.0-255,66,91200,62,135222
14212,0.001143,74.125.24.0-255,5738,96938,62,135222
14213,0.00115,172.31.40.0-255,66,97004,62,135222
14214,0.001165,172.31.40.0-255,66,97070,62,135222
14215,0.00117,74.125.24.0-255,4320,101390,62,135222
14216,0.001173,172.31.40.0-255,66,101456,62,135222
14217,0.001194,74.125.24.0-255,766,102222,62,135222
14218,0.001266,74.125.24.0-255,1484,103706,62,135222
14219,0.00127,172.31.40.0-255,66,103772,62,135222
14220,0.001276,74.125.24.0-255,2902,106674,62,135222
14221,0.001278,172.31.40.0-255,66,106740,62,135222
14222,0.001333,74.125.24.0-255,5738,112478,62,135222
14223,0.001337,172.31.40.0-255,66,112544,62,135222
14224,0.001357,172.31.40.0-255,66,112610,62,135222
14225,0.001367,172.31.40.0-255,66,112676,62,135222
14226,0.001396,74.125.24.0-255,2184,114860,62,135222
14227,0.001402,172.31.40.0-255,66,114926,62,135222
14228,0.001434,74.125.24.0-255,2902,117828,62,135222
14229,0.001436,172.31.40.0-255,66,117894,62,135222
14230,0.001439,74.125.24.0-255,1484,119378,62,135222
14231,0.001446,74.125.24.0-255,5738,125116,62,135222
14232,0.001449,172.31.40.0-255,66,125182,62,135222
14233,0.001488,172.31.40.0-255,66,125248,62,135222
14234,0.001554,172.31.40.0-255,66,125314,62,135222
14235,0.001588,172.31.40.0-255,66,125380,62,135222
14236,0.001635,172.31.40.0-255,66,125446,62,135222
14237,0.001659,172.31.40.0-255,66,125512,62,135222
14238,0.001666,74.125.24.0-255,105,125617,62,135222
14239,0.004522,172.31.40.0-255,66,125683,62,135222
14240,0.004558,172.31.40.0-255,105,125788,62,135222
14241,0.007037,74.125.24.0-255,66,125854,62,135222
14242,0.036153,172.31.40.0-255,172,126026,62,135222
14243,0.036182,172.31.40.0-255,1108,127134,62,135222
14244,0.036273,172.31.40.0-255,1514,128648,62,135222
14245,0.036275,172.31.40.0-255,1514,130162,62,135222
14246,0.036276,172.31.40.0-255,1514,131676,62,135222
14247,0.036282,172.31.40.0-255,1514,133190,62,135222
14248,0.036283,172.31.40.0-255,1514,134704,62,135222
14249,0.036284,172.31.40.0-255,80,134784,62,135222
14250,0.037679,104.244.42.0-255,66,134850,62,135222
14251,0.037702,104.244.42.0-255,66,134916,62,135222
14252,0.037842,104.244.42.0-255,66,134982,62,135222
14253,0.037849,104.244.42.0-255,66,135048,62,135222
14254,0.038411,104.244.42.0-255,108,135156,62,135222
14255,0.038421,172.31.40.0-255,66,135222,62,135222
14256,0.0,74.125.200.0-255,152,152,62,348512
14257,2.2e-05,172.31.40.0-255,66,218,62,348512
14258,2.8e-05,74.125.200.0-255,1484,1702,62,348512
14259,3.2e-05,172.31.40.0-255,66,1768,62,348512
14260,4.2e-05,74.125.200.0-255,2902,4670,62,348512
14261,4.5e-05,172.31.40.0-255,66,4736,62,348512
14262,5.2e-05,74.125.200.0-255,5738,10474,62,348512
14263,5.5e-05,172.31.40.0-255,66,10540,62,348512
14264,8.6e-05,74.125.200.0-255,1484,12024,62,348512
14265,8.9e-05,172.31.40.0-255,66,12090,62,348512
14266,9.3e-05,74.125.200.0-255,2164,14254,62,348512
14267,9.5e-05,172.31.40.0-255,66,14320,62,348512
14268,0.000187,74.125.200.0-255,1484,15804,62,348512
14269,0.000192,172.31.40.0-255,66,15870,62,348512
14270,0.000197,74.125.200.0-255,2902,18772,62,348512
14271,0.000199,172.31.40.0-255,66,18838,62,348512
14272,0.000202,74.125.200.0-255,1484,20322,62,348512
14273,0.000204,172.31.40.0-255,66,20388,62,348512
14274,0.000211,74.125.200.0-255,1484,21872,62,348512
14275,0.000213,172.31.40.0-255,66,21938,62,348512
14276,0.000237,74.125.200.0-255,1484,23422,62,348512
14277,0.00024,172.31.40.0-255,66,23488,62,348512
14278,0.000251,74.125.200.0-255,5738,29226,62,348512
14279,0.000253,172.31.40.0-255,66,29292,62,348512
14280,0.000279,74.125.200.0-255,6797,36089,62,348512
14281,0.000285,172.31.40.0-255,66,36155,62,348512
14282,0.000293,74.125.200.0-255,7156,43311,62,348512
14283,0.000295,172.31.40.0-255,66,43377,62,348512
14284,0.000317,74.125.200.0-255,2902,46279,62,348512
14285,0.000319,172.31.40.0-255,66,46345,62,348512
14286,0.00035,74.125.200.0-255,5738,52083,62,348512
14287,0.000357,172.31.40.0-255,66,52149,62,348512
14288,0.000373,74.125.200.0-255,3602,55751,62,348512
14289,0.000395,74.125.200.0-255,648,56399,62,348512
14290,0.000521,74.125.200.0-255,1484,57883,62,348512
14291,0.000527,74.125.200.0-255,2902,60785,62,348512
14292,0.000543,74.125.200.0-255,2902,63687,62,348512
14293,0.000547,172.31.40.0-255,66,63753,62,348512
14294,0.000556,74.125.200.0-255,2902,66655,62,348512
14295,0.000563,172.31.40.0-255,66,66721,62,348512
14296,0.000579,74.125.200.0-255,7156,73877,62,348512
14297,0.000586,74.125.200.0-255,5738,79615,62,348512
14298,0.000607,74.125.200.0-255,2902,82517,62,348512
14299,0.000623,74.125.200.0-255,1484,84001,62,348512
14300,0.000647,74.125.200.0-255,6438,90439,62,348512
14301,0.000654,172.31.40.0-255,66,90505,62,348512
14302,0.000751,74.125.200.0-255,1484,91989,62,348512
14303,0.00077,74.125.200.0-255,2902,94891,62,348512
14304,0.000774,74.125.200.0-255,1484,96375,62,348512
14305,0.000788,74.125.200.0-255,2902,99277,62,348512
14306,0.000792,74.125.200.0-255,1484,100761,62,348512
14307,0.000799,172.31.40.0-255,66,100827,62,348512
14308,0.000827,74.125.200.0-255,7156,107983,62,348512
14309,0.000901,172.31.40.0-255,66,108049,62,348512
14310,0.001243,74.125.200.0-255,1484,109533,62,348512
14311,0.001257,74.125.200.0-255,2902,112435,62,348512
14312,0.001276,74.125.200.0-255,5738,118173,62,348512
14313,0.001288,172.31.40.0-255,66,118239,62,348512
14314,0.00132,74.125.200.0-255,7156,125395,62,348512
14315,0.001325,74.125.200.0-255,2902,128297,62,348512
14316,0.001339,172.31.40.0-255,66,128363,62,348512
14317,0.001373,74.125.200.0-255,2184,130547,62,348512
14318,0.001389,172.31.40.0-255,66,130613,62,348512
14319,0.001579,172.31.40.0-255,101,130714,62,348512
14320,0.001634,74.125.200.0-255,1484,132198,62,348512
14321,0.001651,74.125.200.0-255,2902,135100,62,348512
14322,0.001662,74.125.200.0-255,2902,138002,62,348512
14323,0.001668,172.31.40.0-255,66,138068,62,348512
14324,0.001678,74.125.200.0-255,2902,140970,62,348512
14325,0.001693,74.125.200.0-255,2902,143872,62,348512
14326,0.001732,172.31.40.0-255,66,143938,62,348512
14327,0.001748,74.125.200.0-255,3602,147540,62,348512
14328,0.001755,172.31.40.0-255,66,147606,62,348512
14329,0.001776,172.31.40.0-255,66,147672,62,348512
14330,0.001875,74.125.200.0-255,1484,149156,62,348512
14331,0.001879,74.125.200.0-255,1484,150640,62,348512
14332,0.001888,172.31.40.0-255,66,150706,62,348512
14333,0.001916,74.125.200.0-255,1484,152190,62,348512
14334,0.001919,74.125.200.0-255,1484,153674,62,348512
14335,0.001923,74.125.200.0-255,2902,156576,62,348512
14336,0.001929,74.125.200.0-255,5738,162314,62,348512
14337,0.001949,74.125.200.0-255,1484,163798,62,348512
14338,0.001953,172.31.40.0-255,66,163864,62,348512
14339,0.001999,172.31.40.0-255,66,163930,62,348512
14340,0.002005,74.125.200.0-255,4320,168250,62,348512
14341,0.002011,172.31.40.0-255,66,168316,62,348512
14342,0.002031,74.125.200.0-255,3602,171918,62,348512
14343,0.002055,172.31.40.0-255,66,171984,62,348512
14344,0.002105,74.125.200.0-255,1484,173468,62,348512
14345,0.00211,74.125.200.0-255,1484,174952,62,348512
14346,0.002113,172.31.40.0-255,66,175018,62,348512
14347,0.002139,74.125.200.0-255,1484,176502,62,348512
14348,0.002146,74.125.200.0-255,5738,182240,62,348512
14349,0.00215,74.125.200.0-255,2902,185142,62,348512
14350,0.002175,74.125.200.0-255,4320,189462,62,348512
14351,0.002181,74.125.200.0-255,4320,193782,62,348512
14352,0.002197,74.125.200.0-255,4320,198102,62,348512
14353,0.002204,74.125.200.0-255,5738,203840,62,348512
14354,0.002247,74.125.200.0-255,2184,206024,62,348512
14355,0.00227,74.125.200.0-255,2902,208926,62,348512
14356,0.0023,74.125.200.0-255,7156,216082,62,348512
14357,0.002305,74.125.200.0-255,2902,218984,62,348512
14358,0.002325,74.125.200.0-255,4320,223304,62,348512
14359,0.002346,74.125.200.0-255,7156,230460,62,348512
14360,0.003886,74.125.200.0-255,66,230526,62,348512
14361,0.010627,172.31.40.0-255,66,230592,62,348512
14362,0.012235,74.125.200.0-255,1484,232076,62,348512
14363,0.012957,74.125.200.0-255,4320,236396,62,348512
14364,0.012966,172.31.40.0-255,66,236462,62,348512
14365,0.015294,74.125.200.0-255,5738,242200,62,348512
14366,0.016725,172.31.40.0-255,66,242266,62,348512
14367,0.019099,74.125.200.0-255,5738,248004,62,348512
14368,0.019111,172.31.40.0-255,66,248070,62,348512
14369,0.021445,74.125.200.0-255,5738,253808,62,348512
14370,0.021453,172.31.40.0-255,66,253874,62,348512
14371,0.023783,74.125.200.0-255,5738,259612,62,348512
14372,0.023793,172.31.40.0-255,66,259678,62,348512
14373,0.026122,74.125.200.0-255,5738,265416,62,348512
14374,0.02707,172.31.40.0-255,66,265482,62,348512
14375,0.029399,74.125.200.0-255,5738,271220,62,348512
14376,0.029408,172.31.40.0-255,66,271286,62,348512
14377,0.031733,74.125.200.0-255,5738,277024,62,348512
14378,0.031742,172.31.40.0-255,66,277090,62,348512
14379,0.03406,74.125.200.0-255,5738,282828,62,348512
14380,0.035023,172.31.40.0-255,66,282894,62,348512
14381,0.037356,74.125.200.0-255,5738,288632,62,348512
14382,0.037366,172.31.40.0-255,66,288698,62,348512
14383,0.0397,74.125.200.0-255,5738,294436,62,348512
14384,0.039712,172.31.40.0-255,66,294502,62,348512
14385,0.042045,74.125.200.0-255,5738,300240,62,348512
14386,0.042052,172.31.40.0-255,66,300306,62,348512
14387,0.044413,74.125.200.0-255,5738,306044,62,348512
14388,0.044421,172.31.40.0-255,66,306110,62,348512
14389,0.046743,74.125.200.0-255,5738,311848,62,348512
14390,0.046751,172.31.40.0-255,66,311914,62,348512
14391,0.047085,172.31.40.0-255,167,312081,62,348512
14392,0.047118,172.31.40.0-255,1105,313186,62,348512
14393,0.047175,172.31.40.0-255,1514,314700,62,348512
14394,0.047177,172.31.40.0-255,340,315040,62,348512
14395,0.048653,104.244.42.0-255,66,315106,62,348512
14396,0.048682,104.244.42.0-255,66,315172,62,348512
14397,0.048748,104.244.42.0-255,66,315238,62,348512
14398,0.049077,74.125.200.0-255,5738,320976,62,348512
14399,0.049083,172.31.40.0-255,66,321042,62,348512
14400,0.051406,74.125.200.0-255,5738,326780,62,348512
14401,0.051412,172.31.40.0-255,66,326846,62,348512
14402,0.053742,74.125.200.0-255,5738,332584,62,348512
14403,0.05375,172.31.40.0-255,66,332650,62,348512
14404,0.056066,74.125.200.0-255,5738,338388,62,348512
14405,0.056074,172.31.40.0-255,66,338454,62,348512
14406,0.058412,74.125.200.0-255,5738,344192,62,348512
14407,0.058418,172.31.40.0-255,66,344258,62,348512
14408,0.060736,74.125.200.0-255,4017,348275,62,348512
14409,0.060742,172.31.40.0-255,66,348341,62,348512
14410,0.060901,172.31.40.0-255,105,348446,62,348512
14411,0.067205,74.125.200.0-255,66,348512,62,348512
14412,0.0,74.125.130.0-255,150,150,62,265615
14413,2.1e-05,172.31.40.0-255,66,216,62,265615
14414,2.7e-05,74.125.130.0-255,1484,1700,62,265615
14415,3.1e-05,172.31.40.0-255,66,1766,62,265615
14416,6.7e-05,74.125.130.0-255,2902,4668,62,265615
14417,6.9e-05,172.31.40.0-255,66,4734,62,265615
14418,7.5e-05,74.125.130.0-255,4320,9054,62,265615
14419,7.8e-05,172.31.40.0-255,66,9120,62,265615
14420,0.000137,74.125.130.0-255,1484,10604,62,265615
14421,0.00014,172.31.40.0-255,66,10670,62,265615
14422,0.000174,172.31.40.0-255,66,10736,62,265615
14423,0.000294,74.125.130.0-255,5738,16474,62,265615
14424,0.000298,172.31.40.0-255,66,16540,62,265615
14425,0.000327,74.125.130.0-255,4320,20860,62,265615
14426,0.00033,172.31.40.0-255,66,20926,62,265615
14427,0.000461,74.125.130.0-255,2543,23469,62,265615
14428,0.000466,172.31.40.0-255,66,23535,62,265615
14429,0.000491,74.125.130.0-255,1484,25019,62,265615
14430,0.000493,172.31.40.0-255,66,25085,62,265615
14431,0.000527,172.31.40.0-255,66,25151,62,265615
14432,0.000732,74.125.130.0-255,6797,31948,62,265615
14433,0.000736,172.31.40.0-255,66,32014,62,265615
14434,0.000845,74.125.130.0-255,7156,39170,62,265615
14435,0.000848,172.31.40.0-255,66,39236,62,265615
14436,0.000868,74.125.130.0-255,6000,45236,62,265615
14437,0.00087,172.31.40.0-255,66,45302,62,265615
14438,0.001085,172.31.40.0-255,66,45368,62,265615
14439,0.001122,172.31.40.0-255,66,45434,62,265615
14440,0.00143,74.125.130.0-255,5738,51172,62,265615
14441,0.001436,172.31.40.0-255,66,51238,62,265615
14442,0.001465,74.125.130.0-255,6438,57676,62,265615
14443,0.001468,172.31.40.0-255,66,57742,62,265615
14444,0.001618,74.125.130.0-255,5738,63480,62,265615
14445,0.001623,172.31.40.0-255,66,63546,62,265615
14446,0.00169,172.31.40.0-255,66,63612,62,265615
14447,0.002183,172.31.40.0-255,66,63678,62,265615
14448,0.002217,172.31.40.0-255,66,63744,62,265615
14449,0.002254,172.31.40.0-255,66,63810,62,265615
14450,0.002962,74.125.130.0-255,4320,68130,62,265615
14451,0.002965,172.31.40.0-255,66,68196,62,265615
14452,0.003011,172.31.40.0-255,66,68262,62,265615
14453,0.005018,74.125.130.0-255,5738,74000,62,265615
14454,0.005022,172.31.40.0-255,66,74066,62,265615
14455,0.007045,74.125.130.0-255,5738,79804,62,265615
14456,0.007052,172.31.40.0-255,66,79870,62,265615
14457,0.009063,74.125.130.0-255,5738,85608,62,265615
14458,0.009068,172.31.40.0-255,66,85674,62,265615
14459,0.011085,74.125.130.0-255,5738,91412,62,265615
14460,0.011093,172.31.40.0-255,66,91478,62,265615
14461,0.013107,74.125.130.0-255,5738,97216,62,265615
14462,0.013115,172.31.40.0-255,66,97282,62,265615
14463,0.015133,74.125.130.0-255,5738,103020,62,265615
14464,0.015143,172.31.40.0-255,66,103086,62,265615
14465,0.017158,74.125.130.0-255,5738,108824,62,265615
14466,0.017166,172.31.40.0-255,66,108890,62,265615
14467,0.019238,74.125.130.0-255,4320,113210,62,265615
14468,0.019244,172.31.40.0-255,66,113276,62,265615
14469,0.019272,74.125.130.0-255,1484,114760,62,265615
14470,0.021255,74.125.130.0-255,4320,119080,62,265615
14471,0.021261,172.31.40.0-255,66,119146,62,265615
14472,0.023283,74.125.130.0-255,5738,124884,62,265615
14473,0.02329,172.31.40.0-255,66,124950,62,265615
14474,0.025308,74.125.130.0-255,5738,130688,62,265615
14475,0.025316,172.31.40.0-255,66,130754,62,265615
14476,0.027333,74.125.130.0-255,5738,136492,62,265615
14477,0.027341,172.31.40.0-255,66,136558,62,265615
14478,0.029368,74.125.130.0-255,5738,142296,62,265615
14479,0.029375,172.31.40.0-255,66,142362,62,265615
14480,0.031157,172.31.40.0-255,172,142534,62,265615
14481,0.031186,172.31.40.0-255,1110,143644,62,265615
14482,0.031244,172.31.40.0-255,1514,145158,62,265615
14483,0.031245,172.31.40.0-255,1514,146672,62,265615
14484,0.03125,172.31.40.0-255,1514,148186,62,265615
14485,0.031251,172.31.40.0-255,1085,149271,62,265615
14486,0.031389,74.125.130.0-255,5738,155009,62,265615
14487,0.031395,172.31.40.0-255,66,155075,62,265615
14488,0.032648,104.244.42.0-255,66,155141,62,265615
14489,0.032674,104.244.42.0-255,66,155207,62,265615
14490,0.032754,104.244.42.0-255,66,155273,62,265615
14491,0.032758,104.244.42.0-255,66,155339,62,265615
14492,0.033419,74.125.130.0-255,5738,161077,62,265615
14493,0.033425,172.31.40.0-255,66,161143,62,265615
14494,0.03545,74.125.130.0-255,5738,166881,62,265615
14495,0.035456,172.31.40.0-255,66,166947,62,265615
14496,0.037461,74.125.130.0-255,5738,172685,62,265615
14497,0.037468,172.31.40.0-255,66,172751,62,265615
14498,0.039478,74.125.130.0-255,5738,178489,62,265615
14499,0.039484,172.31.40.0-255,66,178555,62,265615
14500,0.041498,74.125.130.0-255,5738,184293,62,265615
14501,0.041507,172.31.40.0-255,66,184359,62,265615
14502,0.043523,74.125.130.0-255,5738,190097,62,265615
14503,0.043529,172.31.40.0-255,66,190163,62,265615
14504,0.045544,74.125.130.0-255,5738,195901,62,265615
14505,0.045551,172.31.40.0-255,66,195967,62,265615
14506,0.047565,74.125.130.0-255,5738,201705,62,265615
14507,0.047571,172.31.40.0-255,66,201771,62,265615
14508,0.049576,74.125.130.0-255,5738,207509,62,265615
14509,0.049583,172.31.40.0-255,66,207575,62,265615
14510,0.051591,74.125.130.0-255,5738,213313,62,265615
14511,0.051597,172.31.40.0-255,66,213379,62,265615
14512,0.05361,74.125.130.0-255,5738,219117,62,265615
14513,0.053616,172.31.40.0-255,66,219183,62,265615
14514,0.055632,74.125.130.0-255,5738,224921,62,265615
14515,0.055638,172.31.40.0-255,66,224987,62,265615
14516,0.057652,74.125.130.0-255,5738,230725,62,265615
14517,0.057659,172.31.40.0-255,66,230791,62,265615
14518,0.059682,74.125.130.0-255,5738,236529,62,265615
14519,0.059692,172.31.40.0-255,66,236595,62,265615
14520,0.061712,74.125.130.0-255,5738,242333,62,265615
14521,0.061719,172.31.40.0-255,66,242399,62,265615
14522,0.063742,74.125.130.0-255,5738,248137,62,265615
14523,0.063748,172.31.40.0-255,66,248203,62,265615
14524,0.065755,74.125.130.0-255,5738,253941,62,265615
14525,0.06576,172.31.40.0-255,66,254007,62,265615
14526,0.06778,74.125.130.0-255,5738,259745,62,265615
14527,0.067787,172.31.40.0-255,66,259811,62,265615
14528,0.069799,74.125.130.0-255,5738,265549,62,265615
14529,0.069807,172.31.40.0-255,66,265615,62,265615
14530,0.0,74.125.68.0-255,146,146,62,315827
14531,2.2e-05,172.31.40.0-255,66,212,62,315827
14532,2.8e-05,74.125.68.0-255,1484,1696,62,315827
14533,3.3e-05,172.31.40.0-255,66,1762,62,315827
14534,5.7e-05,74.125.68.0-255,2902,4664,62,315827
14535,6.6e-05,172.31.40.0-255,66,4730,62,315827
14536,7.1e-05,74.125.68.0-255,4320,9050,62,315827
14537,7.4e-05,172.31.40.0-255,66,9116,62,315827
14538,9.9e-05,74.125.68.0-255,2902,12018,62,315827
14539,0.000101,172.31.40.0-255,66,12084,62,315827
14540,0.000124,74.125.68.0-255,3516,15600,62,315827
14541,0.000126,172.31.40.0-255,66,15666,62,315827
14542,0.000133,74.125.68.0-255,7156,22822,62,315827
14543,0.000135,172.31.40.0-255,66,22888,62,315827
14544,0.000173,172.31.40.0-255,66,22954,62,315827
14545,0.000196,74.125.68.0-255,1484,24438,62,315827
14546,0.000198,172.31.40.0-255,66,24504,62,315827
14547,0.000201,74.125.68.0-255,1484,25988,62,315827
14548,0.000203,172.31.40.0-255,66,26054,62,315827
14549,0.00023,172.31.40.0-255,66,26120,62,315827
14550,0.00025,74.125.68.0-255,4320,30440,62,315827
14551,0.000252,172.31.40.0-255,66,30506,62,315827
14552,0.00029,172.31.40.0-255,66,30572,62,315827
14553,0.000295,74.125.68.0-255,3961,34533,62,315827
14554,0.000298,172.31.40.0-255,66,34599,62,315827
14555,0.0003,74.125.68.0-255,364,34963,62,315827
14556,0.000302,172.31.40.0-255,66,35029,62,315827
14557,0.000433,74.125.68.0-255,379,35408,62,315827
14558,0.000437,172.31.40.0-255,66,35474,62,315827
14559,0.000606,74.125.68.0-255,1484,36958,62,315827
14560,0.000612,74.125.68.0-255,2902,39860,62,315827
14561,0.000615,172.31.40.0-255,66,39926,62,315827
14562,0.000647,74.125.68.0-255,4320,44246,62,315827
14563,0.00065,172.31.40.0-255,66,44312,62,315827
14564,0.000653,74.125.68.0-255,1484,45796,62,315827
14565,0.000696,74.125.68.0-255,7156,52952,62,315827
14566,0.000699,172.31.40.0-255,66,53018,62,315827
14567,0.000705,74.125.68.0-255,7156,60174,62,315827
14568,0.000707,172.31.40.0-255,66,60240,62,315827
14569,0.000721,172.31.40.0-255,66,60306,62,315827
14570,0.000723,74.125.68.0-255,766,61072,62,315827
14571,0.001351,74.125.68.0-255,1484,62556,62,315827
14572,0.001358,172.31.40.0-255,66,62622,62,315827
14573,0.001365,74.125.68.0-255,2902,65524,62,315827
14574,0.001367,172.31.40.0-255,66,65590,62,315827
14575,0.00137,74.125.68.0-255,1484,67074,62,315827
14576,0.00138,74.125.68.0-255,2902,69976,62,315827
14577,0.001382,172.31.40.0-255,66,70042,62,315827
14578,0.001385,74.125.68.0-255,1484,71526,62,315827
14579,0.001409,74.125.68.0-255,4320,75846,62,315827
14580,0.001412,172.31.40.0-255,66,75912,62,315827
14581,0.001415,74.125.68.0-255,1484,77396,62,315827
14582,0.00148,172.31.40.0-255,66,77462,62,315827
14583,0.001514,172.31.40.0-255,66,77528,62,315827
14584,0.001573,74.125.68.0-255,1484,79012,62,315827
14585,0.001576,74.125.68.0-255,1484,80496,62,315827
14586,0.001579,172.31.40.0-255,66,80562,62,315827
14587,0.001602,74.125.68.0-255,1484,82046,62,315827
14588,0.001614,74.125.68.0-255,1484,83530,62,315827
14589,0.001616,172.31.40.0-255,66,83596,62,315827
14590,0.001652,74.125.68.0-255,4320,87916,62,315827
14591,0.001655,172.31.40.0-255,66,87982,62,315827
14592,0.001661,74.125.68.0-255,5738,93720,62,315827
14593,0.001663,172.31.40.0-255,66,93786,62,315827
14594,0.001669,74.125.68.0-255,7156,100942,62,315827
14595,0.001671,172.31.40.0-255,66,101008,62,315827
14596,0.001715,172.31.40.0-255,66,101074,62,315827
14597,0.001847,74.125.68.0-255,1484,102558,62,315827
14598,0.001851,74.125.68.0-255,2902,105460,62,315827
14599,0.001858,172.31.40.0-255,66,105526,62,315827
14600,0.001876,74.125.68.0-255,1484,107010,62,315827
14601,0.00189,74.125.68.0-255,4320,111330,62,315827
14602,0.001896,172.31.40.0-255,66,111396,62,315827
14603,0.001901,74.125.68.0-255,2902,114298,62,315827
14604,0.001903,172.31.40.0-255,66,114364,62,315827
14605,0.001926,74.125.68.0-255,4320,118684,62,315827
14606,0.001928,172.31.40.0-255,66,118750,62,315827
14607,0.001978,172.31.40.0-255,66,118816,62,315827
14608,0.001982,74.125.68.0-255,2184,121000,62,315827
14609,0.001984,172.31.40.0-255,66,121066,62,315827
14610,0.002153,74.125.68.0-255,1484,122550,62,315827
14611,0.002158,74.125.68.0-255,2902,125452,62,315827
14612,0.002161,172.31.40.0-255,66,125518,62,315827
14613,0.002192,74.125.68.0-255,5738,131256,62,315827
14614,0.002194,172.31.40.0-255,66,131322,62,315827
14615,0.002199,74.125.68.0-255,2902,134224,62,315827
14616,0.0022,172.31.40.0-255,66,134290,62,315827
14617,0.002226,74.125.68.0-255,4320,138610,62,315827
14618,0.002228,172.31.40.0-255,66,138676,62,315827
14619,0.002231,74.125.68.0-255,1484,140160,62,315827
14620,0.002261,172.31.40.0-255,66,140226,62,315827
14621,0.002281,74.125.68.0-255,1484,141710,62,315827
14622,0.002312,172.31.40.0-255,66,141776,62,315827
14623,0.002344,74.125.68.0-255,2184,143960,62,315827
14624,0.002346,172.31.40.0-255,66,144026,62,315827
14625,0.002357,74.125.68.0-255,7156,151182,62,315827
14626,0.002363,172.31.40.0-255,66,151248,62,315827
14627,0.002683,172.31.40.0-255,101,151349,62,315827
14628,0.004672,74.125.68.0-255,5738,157087,62,315827
14629,0.004678,172.31.40.0-255,66,157153,62,315827
14630,0.004931,74.125.68.0-255,66,157219,62,315827
14631,0.006999,74.125.68.0-255,5738,162957,62,315827
14632,0.007007,172.31.40.0-255,66,163023,62,315827
14633,0.009299,74.125.68.0-255,5738,168761,62,315827
14634,0.009305,172.31.40.0-255,66,168827,62,315827
14635,0.011643,74.125.68.0-255,5738,174565,62,315827
14636,0.011652,172.31.40.0-255,66,174631,62,315827
14637,0.013987,74.125.68.0-255,5738,180369,62,315827
14638,0.014003,172.31.40.0-255,66,180435,62,315827
14639,0.016311,74.125.68.0-255,5738,186173,62,315827
14640,0.016325,172.31.40.0-255,66,186239,62,315827
14641,0.018635,74.125.68.0-255,4320,190559,62,315827
14642,0.018642,172.31.40.0-255,66,190625,62,315827
14643,0.018674,74.125.68.0-255,1484,192109,62,315827
14644,0.020937,74.125.68.0-255,4320,196429,62,315827
14645,0.020945,172.31.40.0-255,66,196495,62,315827
14646,0.023263,74.125.68.0-255,5738,202233,62,315827
14647,0.02327,172.31.40.0-255,66,202299,62,315827
14648,0.025615,74.125.68.0-255,5738,208037,62,315827
14649,0.025625,172.31.40.0-255,66,208103,62,315827
14650,0.027927,74.125.68.0-255,4320,212423,62,315827
14651,0.027933,172.31.40.0-255,66,212489,62,315827
14652,0.027951,74.125.68.0-255,1484,213973,62,315827
14653,0.028704,172.31.40.0-255,172,214145,62,315827
14654,0.028731,172.31.40.0-255,1108,215253,62,315827
14655,0.028776,172.31.40.0-255,1514,216767,62,315827
14656,0.028797,172.31.40.0-255,1514,218281,62,315827
14657,0.028799,172.31.40.0-255,1514,219795,62,315827
14658,0.028822,172.31.40.0-255,1514,221309,62,315827
14659,0.028823,172.31.40.0-255,1514,222823,62,315827
14660,0.028824,172.31.40.0-255,80,222903,62,315827
14661,0.030245,74.125.68.0-255,4320,227223,62,315827
14662,0.030251,172.31.40.0-255,66,227289,62,315827
14663,0.030294,104.244.42.0-255,66,227355,62,315827
14664,0.030302,104.244.42.0-255,66,227421,62,315827
14665,0.030362,104.244.42.0-255,66,227487,62,315827
14666,0.030428,104.244.42.0-255,66,227553,62,315827
14667,0.030433,104.244.42.0-255,66,227619,62,315827
14668,0.032554,74.125.68.0-255,5738,233357,62,315827
14669,0.03256,172.31.40.0-255,66,233423,62,315827
14670,0.034879,74.125.68.0-255,5738,239161,62,315827
14671,0.034886,172.31.40.0-255,66,239227,62,315827
14672,0.037199,74.125.68.0-255,5738,244965,62,315827
14673,0.037207,172.31.40.0-255,66,245031,62,315827
14674,0.039502,74.125.68.0-255,5738,250769,62,315827
14675,0.03951,172.31.40.0-255,66,250835,62,315827
14676,0.041842,74.125.68.0-255,5738,256573,62,315827
14677,0.04185,172.31.40.0-255,66,256639,62,315827
14678,0.044151,74.125.68.0-255,5738,262377,62,315827
14679,0.044159,172.31.40.0-255,66,262443,62,315827
14680,0.046452,74.125.68.0-255,5738,268181,62,315827
14681,0.046459,172.31.40.0-255,66,268247,62,315827
14682,0.048754,74.125.68.0-255,5738,273985,62,315827
14683,0.048761,172.31.40.0-255,66,274051,62,315827
14684,0.051061,74.125.68.0-255,5738,279789,62,315827
14685,0.051071,172.31.40.0-255,66,279855,62,315827
14686,0.053373,74.125.68.0-255,5738,285593,62,315827
14687,0.053379,172.31.40.0-255,66,285659,62,315827
14688,0.055683,74.125.68.0-255,5738,291397,62,315827
14689,0.05569,172.31.40.0-255,66,291463,62,315827
14690,0.057998,74.125.68.0-255,5738,297201,62,315827
14691,0.058005,172.31.40.0-255,66,297267,62,315827
14692,0.060308,74.125.68.0-255,5738,303005,62,315827
14693,0.060315,172.31.40.0-255,66,303071,62,315827
14694,0.062623,74.125.68.0-255,5738,308809,62,315827
14695,0.06263,172.31.40.0-255,66,308875,62,315827
14696,0.064927,74.125.68.0-255,5738,314613,62,315827
14697,0.064938,172.31.40.0-255,66,314679,62,315827
14698,0.06723,74.125.68.0-255,1043,315722,62,315827
14699,0.06742,172.31.40.0-255,105,315827,62,315827
14700,0.0,74.125.68.0-255,153,153,62,271806
14701,2.3e-05,172.31.40.0-255,66,219,62,271806
14702,3.2e-05,74.125.68.0-255,1484,1703,62,271806
14703,3.7e-05,172.31.40.0-255,66,1769,62,271806
14704,4.3e-05,74.125.68.0-255,2902,4671,62,271806
14705,4.6e-05,172.31.40.0-255,66,4737,62,271806
14706,7.4e-05,74.125.68.0-255,7156,11893,62,271806
14707,7.7e-05,172.31.40.0-255,66,11959,62,271806
14708,8.2e-05,74.125.68.0-255,2101,14060,62,271806
14709,8.4e-05,172.31.40.0-255,66,14126,62,271806
14710,0.000115,74.125.68.0-255,2902,17028,62,271806
14711,0.000118,172.31.40.0-255,66,17094,62,271806
14712,0.000125,74.125.68.0-255,7156,24250,62,271806
14713,0.000127,172.31.40.0-255,66,24316,62,271806
14714,0.000134,74.125.68.0-255,5738,30054,62,271806
14715,0.000136,172.31.40.0-255,66,30120,62,271806
14716,0.000172,74.125.68.0-255,1125,31245,62,271806
14717,0.000174,172.31.40.0-255,66,31311,62,271806
14718,0.000236,74.125.68.0-255,1484,32795,62,271806
14719,0.000239,172.31.40.0-255,66,32861,62,271806
14720,0.000259,74.125.68.0-255,1484,34345,62,271806
14721,0.000261,172.31.40.0-255,66,34411,62,271806
14722,0.000279,74.125.68.0-255,1484,35895,62,271806
14723,0.000282,172.31.40.0-255,66,35961,62,271806
14724,0.000286,74.125.68.0-255,2902,38863,62,271806
14725,0.000289,172.31.40.0-255,66,38929,62,271806
14726,0.000295,74.125.68.0-255,4320,43249,62,271806
14727,0.000297,172.31.40.0-255,66,43315,62,271806
14728,0.000318,74.125.68.0-255,1484,44799,62,271806
14729,0.00032,172.31.40.0-255,66,44865,62,271806
14730,0.00035,172.31.40.0-255,66,44931,62,271806
14731,0.000357,74.125.68.0-255,5738,50669,62,271806
14732,0.000359,172.31.40.0-255,66,50735,62,271806
14733,0.000373,74.125.68.0-255,4320,55055,62,271806
14734,0.000375,172.31.40.0-255,66,55121,62,271806
14735,0.00038,74.125.68.0-255,2820,57941,62,271806
14736,0.000382,172.31.40.0-255,66,58007,62,271806
14737,0.000385,74.125.68.0-255,128,58135,62,271806
14738,0.000469,74.125.68.0-255,1484,59619,62,271806
14739,0.000473,172.31.40.0-255,66,59685,62,271806
14740,0.000485,74.125.68.0-255,1484,61169,62,271806
14741,0.000503,74.125.68.0-255,2902,64071,62,271806
14742,0.000506,172.31.40.0-255,66,64137,62,271806
14743,0.000529,74.125.68.0-255,5738,69875,62,271806
14744,0.000532,172.31.40.0-255,66,69941,62,271806
14745,0.000535,74.125.68.0-255,1484,71425,62,271806
14746,0.000552,74.125.68.0-255,2902,74327,62,271806
14747,0.000555,172.31.40.0-255,66,74393,62,271806
14748,0.000573,74.125.68.0-255,2902,77295,62,271806
14749,0.000575,172.31.40.0-255,66,77361,62,271806
14750,0.0006,74.125.68.0-255,3961,81322,62,271806
14751,0.000603,172.31.40.0-255,66,81388,62,271806
14752,0.000607,74.125.68.0-255,2902,84290,62,271806
14753,0.000609,172.31.40.0-255,66,84356,62,271806
14754,0.000615,74.125.68.0-255,4320,88676,62,271806
14755,0.000618,172.31.40.0-255,66,88742,62,271806
14756,0.000643,74.125.68.0-255,3961,92703,62,271806
14757,0.000646,172.31.40.0-255,66,92769,62,271806
14758,0.000658,74.125.68.0-255,347,93116,62,271806
14759,0.000837,74.125.68.0-255,1484,94600,62,271806
14760,0.000842,172.31.40.0-255,66,94666,62,271806
14761,0.000847,74.125.68.0-255,2902,97568,62,271806
14762,0.00085,172.31.40.0-255,66,97634,62,271806
14763,0.000881,74.125.68.0-255,5738,103372,62,271806
14764,0.000884,172.31.40.0-255,66,103438,62,271806
14765,0.000887,74.125.68.0-255,1484,104922,62,271806
14766,0.000913,172.31.40.0-255,66,104988,62,271806
14767,0.000932,74.125.68.0-255,2902,107890,62,271806
14768,0.000935,172.31.40.0-255,66,107956,62,271806
14769,0.000975,172.31.40.0-255,66,108022,62,271806
14770,0.000986,172.31.40.0-255,66,108088,62,271806
14771,0.001001,74.125.68.0-255,4320,112408,62,271806
14772,0.001004,172.31.40.0-255,66,112474,62,271806
14773,0.001008,74.125.68.0-255,2902,115376,62,271806
14774,0.00101,172.31.40.0-255,66,115442,62,271806
14775,0.001048,74.125.68.0-255,7156,122598,62,271806
14776,0.001051,172.31.40.0-255,66,122664,62,271806
14777,0.001063,172.31.40.0-255,66,122730,62,271806
14778,0.001169,74.125.68.0-255,1484,124214,62,271806
14779,0.001175,74.125.68.0-255,2902,127116,62,271806
14780,0.001178,172.31.40.0-255,66,127182,62,271806
14781,0.001199,74.125.68.0-255,4320,131502,62,271806
14782,0.001201,172.31.40.0-255,66,131568,62,271806
14783,0.001217,74.125.68.0-255,1484,133052,62,271806
14784,0.001222,74.125.68.0-255,2902,135954,62,271806
14785,0.001225,172.31.40.0-255,66,136020,62,271806
14786,0.00123,74.125.68.0-255,4320,140340,62,271806
14787,0.001232,172.31.40.0-255,66,140406,62,271806
14788,0.001293,172.31.40.0-255,66,140472,62,271806
14789,0.001298,74.125.68.0-255,4320,144792,62,271806
14790,0.0013,172.31.40.0-255,66,144858,62,271806
14791,0.001303,74.125.68.0-255,1484,146342,62,271806
14792,0.001327,74.125.68.0-255,2184,148526,62,271806
14793,0.00133,172.31.40.0-255,66,148592,62,271806
14794,0.00142,74.125.68.0-255,1484,150076,62,271806
14795,0.001442,74.125.68.0-255,2902,152978,62,271806
14796,0.001445,74.125.68.0-255,1484,154462,62,271806
14797,0.001449,172.31.40.0-255,66,154528,62,271806
14798,0.00146,74.125.68.0-255,4320,158848,62,271806
14799,0.001462,172.31.40.0-255,66,158914,62,271806
14800,0.001466,74.125.68.0-255,2902,161816,62,271806
14801,0.001468,172.31.40.0-255,66,161882,62,271806
14802,0.001489,74.125.68.0-255,2902,164784,62,271806
14803,0.001491,172.31.40.0-255,66,164850,62,271806
14804,0.001516,74.125.68.0-255,7156,172006,62,271806
14805,0.001519,172.31.40.0-255,66,172072,62,271806
14806,0.001526,74.125.68.0-255,5738,177810,62,271806
14807,0.001528,172.31.40.0-255,66,177876,62,271806
14808,0.001555,74.125.68.0-255,4320,182196,62,271806
14809,0.001558,172.31.40.0-255,66,182262,62,271806
14810,0.00156,74.125.68.0-255,766,183028,62,271806
14811,0.00162,74.125.68.0-255,1484,184512,62,271806
14812,0.001623,172.31.40.0-255,66,184578,62,271806
14813,0.001637,74.125.68.0-255,2902,187480,62,271806
14814,0.00164,172.31.40.0-255,66,187546,62,271806
14815,0.001664,74.125.68.0-255,5738,193284,62,271806
14816,0.001667,172.31.40.0-255,66,193350,62,271806
14817,0.001672,74.125.68.0-255,2902,196252,62,271806
14818,0.001679,172.31.40.0-255,66,196318,62,271806
14819,0.001697,74.125.68.0-255,4320,200638,62,271806
14820,0.0017,172.31.40.0-255,66,200704,62,271806
14821,0.00173,74.125.68.0-255,5738,206442,62,271806
14822,0.001743,172.31.40.0-255,66,206508,62,271806
14823,0.001755,172.31.40.0-255,66,206574,62,271806
14824,0.001762,74.125.68.0-255,5738,212312,62,271806
14825,0.001764,172.31.40.0-255,66,212378,62,271806
14826,0.001795,74.125.68.0-255,5020,217398,62,271806
14827,0.001798,172.31.40.0-255,66,217464,62,271806
14828,0.001803,74.125.68.0-255,4320,221784,62,271806
14829,0.001805,172.31.40.0-255,66,221850,62,271806
14830,0.001842,172.31.40.0-255,66,221916,62,271806
14831,0.001862,172.31.40.0-255,66,221982,62,271806
14832,0.001865,74.125.68.0-255,2184,224166,62,271806
14833,0.001868,172.31.40.0-255,66,224232,62,271806
14834,0.001902,74.125.68.0-255,2902,227134,62,271806
14835,0.001906,172.31.40.0-255,66,227200,62,271806
14836,0.001934,172.31.40.0-255,66,227266,62,271806
14837,0.00194,74.125.68.0-255,4320,231586,62,271806
14838,0.001942,172.31.40.0-255,66,231652,62,271806
14839,0.001979,172.31.40.0-255,66,231718,62,271806
14840,0.001984,74.125.68.0-255,4320,236038,62,271806
14841,0.001987,172.31.40.0-255,66,236104,62,271806
14842,0.001993,74.125.68.0-255,5020,241124,62,271806
14843,0.001995,172.31.40.0-255,66,241190,62,271806
14844,0.002001,74.125.68.0-255,4320,245510,62,271806
14845,0.002003,172.31.40.0-255,66,245576,62,271806
14846,0.002016,74.125.68.0-255,1484,247060,62,271806
14847,0.002032,74.125.68.0-255,1484,248544,62,271806
14848,0.002035,172.31.40.0-255,66,248610,62,271806
14849,0.002066,172.31.40.0-255,66,248676,62,271806
14850,0.002098,172.31.40.0-255,66,248742,62,271806
14851,0.002103,74.125.68.0-255,3602,252344,62,271806
14852,0.002106,172.31.40.0-255,66,252410,62,271806
14853,0.002143,74.125.68.0-255,1484,253894,62,271806
14854,0.00217,74.125.68.0-255,2902,256796,62,271806
14855,0.002173,172.31.40.0-255,66,256862,62,271806
14856,0.002185,172.31.40.0-255,66,256928,62,271806
14857,0.002197,172.31.40.0-255,66,256994,62,271806
14858,0.002201,74.125.68.0-255,4320,261314,62,271806
14859,0.002204,172.31.40.0-255,66,261380,62,271806
14860,0.00222,74.125.68.0-255,3602,264982,62,271806
14861,0.002223,172.31.40.0-255,66,265048,62,271806
14862,0.002259,74.125.68.0-255,4969,270017,62,271806
14863,0.002262,172.31.40.0-255,66,270083,62,271806
14864,0.002309,74.125.68.0-255,105,270188,62,271806
14865,0.009263,172.31.40.0-255,66,270254,62,271806
14866,0.009301,172.31.40.0-255,105,270359,62,271806
14867,0.011682,74.125.68.0-255,66,270425,62,271806
14868,0.042712,172.31.40.0-255,172,270597,62,271806
14869,0.042743,172.31.40.0-255,1077,271674,62,271806
14870,0.044343,104.244.42.0-255,66,271740,62,271806
14871,0.044465,104.244.42.0-255,66,271806,62,271806
14872,0.0,142.250.4.0-255,152,152,62,350651
14873,2e-05,172.31.40.0-255,66,218,62,350651
14874,2.6e-05,142.250.4.0-255,1484,1702,62,350651
14875,3.1e-05,172.31.40.0-255,66,1768,62,350651
14876,3.6e-05,142.250.4.0-255,2902,4670,62,350651
14877,3.8e-05,172.31.40.0-255,66,4736,62,350651
14878,4.9e-05,142.250.4.0-255,2902,7638,62,350651
14879,5.2e-05,172.31.40.0-255,66,7704,62,350651
14880,5.7e-05,142.250.4.0-255,4320,12024,62,350651
14881,6e-05,172.31.40.0-255,66,12090,62,350651
14882,6.6e-05,142.250.4.0-255,7156,19246,62,350651
14883,6.8e-05,172.31.40.0-255,66,19312,62,350651
14884,0.000106,142.250.4.0-255,2055,21367,62,350651
14885,0.000109,172.31.40.0-255,66,21433,62,350651
14886,0.00012,172.31.40.0-255,66,21499,62,350651
14887,0.000148,142.250.4.0-255,1484,22983,62,350651
14888,0.00015,172.31.40.0-255,66,23049,62,350651
14889,0.000164,142.250.4.0-255,2902,25951,62,350651
14890,0.000169,172.31.40.0-255,66,26017,62,350651
14891,0.000192,142.250.4.0-255,4320,30337,62,350651
14892,0.000194,172.31.40.0-255,66,30403,62,350651
14893,0.000207,142.250.4.0-255,2902,33305,62,350651
14894,0.000209,172.31.40.0-255,66,33371,62,350651
14895,0.000228,142.250.4.0-255,2902,36273,62,350651
14896,0.00023,172.31.40.0-255,66,36339,62,350651
14897,0.000234,142.250.4.0-255,2543,38882,62,350651
14898,0.000236,172.31.40.0-255,66,38948,62,350651
14899,0.000516,142.250.4.0-255,1484,40432,62,350651
14900,0.000521,172.31.40.0-255,66,40498,62,350651
14901,0.000527,142.250.4.0-255,2902,43400,62,350651
14902,0.000529,172.31.40.0-255,66,43466,62,350651
14903,0.000534,142.250.4.0-255,4320,47786,62,350651
14904,0.000567,172.31.40.0-255,66,47852,62,350651
14905,0.000594,142.250.4.0-255,4320,52172,62,350651
14906,0.000599,172.31.40.0-255,66,52238,62,350651
14907,0.000622,142.250.4.0-255,3961,56199,62,350651
14908,0.000632,172.31.40.0-255,66,56265,62,350651
14909,0.000658,142.250.4.0-255,1484,57749,62,350651
14910,0.000662,142.250.4.0-255,2902,60651,62,350651
14911,0.000668,142.250.4.0-255,5738,66389,62,350651
14912,0.000674,172.31.40.0-255,66,66455,62,350651
14913,0.000691,172.31.40.0-255,66,66521,62,350651
14914,0.000738,142.250.4.0-255,1484,68005,62,350651
14915,0.000755,142.250.4.0-255,5959,73964,62,350651
14916,0.000761,172.31.40.0-255,66,74030,62,350651
14917,0.00095,142.250.4.0-255,1484,75514,62,350651
14918,0.000954,142.250.4.0-255,1484,76998,62,350651
14919,0.000957,172.31.40.0-255,66,77064,62,350651
14920,0.000976,142.250.4.0-255,1484,78548,62,350651
14921,0.000982,142.250.4.0-255,5738,84286,62,350651
14922,0.001005,172.31.40.0-255,66,84352,62,350651
14923,0.00105,142.250.4.0-255,7156,91508,62,350651
14924,0.00106,172.31.40.0-255,66,91574,62,350651
14925,0.001097,142.250.4.0-255,7156,98730,62,350651
14926,0.001106,172.31.40.0-255,66,98796,62,350651
14927,0.001116,142.250.4.0-255,4320,103116,62,350651
14928,0.001123,142.250.4.0-255,7156,110272,62,350651
14929,0.001129,172.31.40.0-255,66,110338,62,350651
14930,0.001144,142.250.4.0-255,5738,116076,62,350651
14931,0.001187,142.250.4.0-255,1484,117560,62,350651
14932,0.00122,172.31.40.0-255,66,117626,62,350651
14933,0.00129,142.250.4.0-255,1484,119110,62,350651
14934,0.00131,142.250.4.0-255,2902,122012,62,350651
14935,0.001314,142.250.4.0-255,1484,123496,62,350651
14936,0.00133,142.250.4.0-255,4320,127816,62,350651
14937,0.001333,142.250.4.0-255,1484,129300,62,350651
14938,0.001349,142.250.4.0-255,5738,135038,62,350651
14939,0.001356,172.31.40.0-255,66,135104,62,350651
14940,0.001372,142.250.4.0-255,7156,142260,62,350651
14941,0.001401,142.250.4.0-255,7156,149416,62,350651
14942,0.001405,142.250.4.0-255,2184,151600,62,350651
14943,0.001419,172.31.40.0-255,66,151666,62,350651
14944,0.001591,142.250.4.0-255,1484,153150,62,350651
14945,0.001596,142.250.4.0-255,1484,154634,62,350651
14946,0.001608,172.31.40.0-255,66,154700,62,350651
14947,0.001618,142.250.4.0-255,1484,156184,62,350651
14948,0.001632,142.250.4.0-255,5738,161922,62,350651
14949,0.001637,142.250.4.0-255,4320,166242,62,350651
14950,0.001656,142.250.4.0-255,5738,171980,62,350651
14951,0.001674,142.250.4.0-255,1484,173464,62,350651
14952,0.001677,172.31.40.0-255,66,173530,62,350651
14953,0.001718,172.31.40.0-255,66,173596,62,350651
14954,0.001892,142.250.4.0-255,1484,175080,62,350651
14955,0.001906,142.250.4.0-255,2902,177982,62,350651
14956,0.001909,172.31.40.0-255,66,178048,62,350651
14957,0.001913,142.250.4.0-255,1484,179532,62,350651
14958,0.001934,142.250.4.0-255,4320,183852,62,350651
14959,0.00194,142.250.4.0-255,5738,189590,62,350651
14960,0.001945,172.31.40.0-255,66,189656,62,350651
14961,0.001976,142.250.4.0-255,5738,195394,62,350651
14962,0.00199,172.31.40.0-255,66,195460,62,350651
14963,0.001997,142.250.4.0-255,7156,202616,62,350651
14964,0.002007,142.250.4.0-255,5020,207636,62,350651
14965,0.002012,172.31.40.0-255,66,207702,62,350651
14966,0.004139,142.250.4.0-255,5738,213440,62,350651
14967,0.004146,172.31.40.0-255,66,213506,62,350651
14968,0.006273,142.250.4.0-255,5738,219244,62,350651
14969,0.00628,172.31.40.0-255,66,219310,62,350651
14970,0.008402,142.250.4.0-255,5738,225048,62,350651
14971,0.008406,172.31.40.0-255,66,225114,62,350651
14972,0.010572,142.250.4.0-255,5738,230852,62,350651
14973,0.010579,172.31.40.0-255,66,230918,62,350651
14974,0.012712,142.250.4.0-255,5738,236656,62,350651
14975,0.01272,172.31.40.0-255,66,236722,62,350651
14976,0.014851,142.250.4.0-255,5738,242460,62,350651
14977,0.014859,172.31.40.0-255,66,242526,62,350651
14978,0.016993,142.250.4.0-255,5738,248264,62,350651
14979,0.017,172.31.40.0-255,66,248330,62,350651
14980,0.019135,142.250.4.0-255,5738,254068,62,350651
14981,0.019142,172.31.40.0-255,66,254134,62,350651
14982,0.02126,142.250.4.0-255,5738,259872,62,350651
14983,0.02127,172.31.40.0-255,66,259938,62,350651
14984,0.023406,142.250.4.0-255,5738,265676,62,350651
14985,0.023414,172.31.40.0-255,66,265742,62,350651
14986,0.025544,142.250.4.0-255,5738,271480,62,350651
14987,0.025552,172.31.40.0-255,66,271546,62,350651
14988,0.027667,142.250.4.0-255,5738,277284,62,350651
14989,0.027675,172.31.40.0-255,66,277350,62,350651
14990,0.029844,142.250.4.0-255,5738,283088,62,350651
14991,0.029852,172.31.40.0-255,66,283154,62,350651
14992,0.031976,142.250.4.0-255,5738,288892,62,350651
14993,0.031982,172.31.40.0-255,66,288958,62,350651
14994,0.033188,172.31.40.0-255,172,289130,62,350651
14995,0.033216,172.31.40.0-255,1106,290236,62,350651
14996,0.033271,172.31.40.0-255,1514,291750,62,350651
14997,0.033272,172.31.40.0-255,1306,293056,62,350651
14998,0.034115,142.250.4.0-255,5738,298794,62,350651
14999,0.034122,172.31.40.0-255,66,298860,62,350651
15000,0.034837,104.244.42.0-255,66,298926,62,350651
15001,0.034897,104.244.42.0-255,66,298992,62,350651
15002,0.034946,104.244.42.0-255,66,299058,62,350651
15003,0.036275,142.250.4.0-255,5738,304796,62,350651
15004,0.036282,172.31.40.0-255,66,304862,62,350651
15005,0.038414,142.250.4.0-255,5738,310600,62,350651
15006,0.038422,172.31.40.0-255,66,310666,62,350651
15007,0.040539,142.250.4.0-255,5738,316404,62,350651
15008,0.040545,172.31.40.0-255,66,316470,62,350651
15009,0.042683,142.250.4.0-255,5738,322208,62,350651
15010,0.04269,172.31.40.0-255,66,322274,62,350651
15011,0.04484,142.250.4.0-255,5738,328012,62,350651
15012,0.044847,172.31.40.0-255,66,328078,62,350651
15013,0.046981,142.250.4.0-255,5738,333816,62,350651
15014,0.046987,172.31.40.0-255,66,333882,62,350651
15015,0.049117,142.250.4.0-255,5738,339620,62,350651
15016,0.049125,172.31.40.0-255,66,339686,62,350651
15017,0.051256,142.250.4.0-255,5738,345424,62,350651
15018,0.051261,172.31.40.0-255,66,345490,62,350651
15019,0.053411,142.250.4.0-255,4924,350414,62,350651
15020,0.053418,172.31.40.0-255,66,350480,62,350651
15021,0.053629,172.31.40.0-255,105,350585,62,350651
15022,0.055717,142.250.4.0-255,66,350651,62,350651
15023,0.0,74.125.130.0-255,153,153,62,304605
15024,2.2e-05,172.31.40.0-255,66,219,62,304605
15025,2.9e-05,74.125.130.0-255,1484,1703,62,304605
15026,3.5e-05,172.31.40.0-255,66,1769,62,304605
15027,4e-05,74.125.130.0-255,2902,4671,62,304605
15028,4.4e-05,172.31.40.0-255,66,4737,62,304605
15029,4.9e-05,74.125.130.0-255,4320,9057,62,304605
15030,5.2e-05,172.31.40.0-255,66,9123,62,304605
15031,5.6e-05,74.125.130.0-255,1484,10607,62,304605
15032,5.8e-05,172.31.40.0-255,66,10673,62,304605
15033,8.6e-05,74.125.130.0-255,3521,14194,62,304605
15034,9e-05,172.31.40.0-255,66,14260,62,304605
15035,0.000183,74.125.130.0-255,1484,15744,62,304605
15036,0.000186,172.31.40.0-255,66,15810,62,304605
15037,0.000206,74.125.130.0-255,1484,17294,62,304605
15038,0.000208,172.31.40.0-255,66,17360,62,304605
15039,0.000229,74.125.130.0-255,1484,18844,62,304605
15040,0.000231,172.31.40.0-255,66,18910,62,304605
15041,0.000239,74.125.130.0-255,5738,24648,62,304605
15042,0.000242,172.31.40.0-255,66,24714,62,304605
15043,0.000273,74.125.130.0-255,6797,31511,62,304605
15044,0.000276,172.31.40.0-255,66,31577,62,304605
15045,0.000302,74.125.130.0-255,1484,33061,62,304605
15046,0.000304,172.31.40.0-255,66,33127,62,304605
15047,0.000328,74.125.130.0-255,5738,38865,62,304605
15048,0.00033,172.31.40.0-255,66,38931,62,304605
15049,0.000338,74.125.130.0-255,7156,46087,62,304605
15050,0.000341,172.31.40.0-255,66,46153,62,304605
15051,0.000353,74.125.130.0-255,1484,47637,62,304605
15052,0.000356,172.31.40.0-255,66,47703,62,304605
15053,0.000359,74.125.130.0-255,1125,48828,62,304605
15054,0.000361,172.31.40.0-255,66,48894,62,304605
15055,0.000407,74.125.130.0-255,1484,50378,62,304605
15056,0.000413,74.125.130.0-255,2902,53280,62,304605
15057,0.000417,172.31.40.0-255,66,53346,62,304605
15058,0.00042,74.125.130.0-255,1484,54830,62,304605
15059,0.000441,74.125.130.0-255,4320,59150,62,304605
15060,0.000444,172.31.40.0-255,66,59216,62,304605
15061,0.000448,74.125.130.0-255,2902,62118,62,304605
15062,0.000451,172.31.40.0-255,66,62184,62,304605
15063,0.000465,74.125.130.0-255,3961,66145,62,304605
15064,0.000468,172.31.40.0-255,66,66211,62,304605
15065,0.000653,74.125.130.0-255,363,66574,62,304605
15066,0.000899,74.125.130.0-255,379,66953,62,304605
15067,0.000947,74.125.130.0-255,1484,68437,62,304605
15068,0.000951,172.31.40.0-255,66,68503,62,304605
15069,0.000974,74.125.130.0-255,2902,71405,62,304605
15070,0.000977,172.31.40.0-255,66,71471,62,304605
15071,0.000993,74.125.130.0-255,5738,77209,62,304605
15072,0.000996,172.31.40.0-255,66,77275,62,304605
15073,0.001019,74.125.130.0-255,2902,80177,62,304605
15074,0.001022,172.31.40.0-255,66,80243,62,304605
15075,0.001036,74.125.130.0-255,4320,84563,62,304605
15076,0.001038,172.31.40.0-255,66,84629,62,304605
15077,0.001065,74.125.130.0-255,7156,91785,62,304605
15078,0.001068,172.31.40.0-255,66,91851,62,304605
15079,0.001084,74.125.130.0-255,1484,93335,62,304605
15080,0.001121,74.125.130.0-255,4320,97655,62,304605
15081,0.001125,172.31.40.0-255,66,97721,62,304605
15082,0.001147,74.125.130.0-255,3602,101323,62,304605
15083,0.00115,172.31.40.0-255,66,101389,62,304605
15084,0.001468,74.125.130.0-255,1484,102873,62,304605
15085,0.001473,74.125.130.0-255,1484,104357,62,304605
15086,0.001476,172.31.40.0-255,66,104423,62,304605
15087,0.001515,74.125.130.0-255,1484,105907,62,304605
15088,0.001523,74.125.130.0-255,5738,111645,62,304605
15089,0.001526,172.31.40.0-255,66,111711,62,304605
15090,0.001531,74.125.130.0-255,2902,114613,62,304605
15091,0.001533,172.31.40.0-255,66,114679,62,304605
15092,0.001537,74.125.130.0-255,2902,117581,62,304605
15093,0.001539,172.31.40.0-255,66,117647,62,304605
15094,0.001561,74.125.130.0-255,1484,119131,62,304605
15095,0.001573,172.31.40.0-255,66,119197,62,304605
15096,0.001637,172.31.40.0-255,66,119263,62,304605
15097,0.003697,74.125.130.0-255,5738,125001,62,304605
15098,0.003704,172.31.40.0-255,66,125067,62,304605
15099,0.005756,74.125.130.0-255,5738,130805,62,304605
15100,0.00576,172.31.40.0-255,66,130871,62,304605
15101,0.007825,74.125.130.0-255,5738,136609,62,304605
15102,0.007833,172.31.40.0-255,66,136675,62,304605
15103,0.009912,74.125.130.0-255,5738,142413,62,304605
15104,0.009922,172.31.40.0-255,66,142479,62,304605
15105,0.011996,74.125.130.0-255,5738,148217,62,304605
15106,0.012006,172.31.40.0-255,66,148283,62,304605
15107,0.014064,74.125.130.0-255,5738,154021,62,304605
15108,0.014074,172.31.40.0-255,66,154087,62,304605
15109,0.016137,74.125.130.0-255,5738,159825,62,304605
15110,0.016146,172.31.40.0-255,66,159891,62,304605
15111,0.018203,74.125.130.0-255,5738,165629,62,304605
15112,0.018212,172.31.40.0-255,66,165695,62,304605
15113,0.020268,74.125.130.0-255,5738,171433,62,304605
15114,0.020274,172.31.40.0-255,66,171499,62,304605
15115,0.022338,74.125.130.0-255,5738,177237,62,304605
15116,0.022345,172.31.40.0-255,66,177303,62,304605
15117,0.024395,74.125.130.0-255,5738,183041,62,304605
15118,0.024402,172.31.40.0-255,66,183107,62,304605
15119,0.026462,74.125.130.0-255,2902,186009,62,304605
15120,0.02647,172.31.40.0-255,66,186075,62,304605
15121,0.026493,74.125.130.0-255,2902,188977,62,304605
15122,0.026496,172.31.40.0-255,66,189043,62,304605
15123,0.028525,74.125.130.0-255,2902,191945,62,304605
15124,0.028533,172.31.40.0-255,66,192011,62,304605
15125,0.028558,74.125.130.0-255,2902,194913,62,304605
15126,0.02856,172.31.40.0-255,66,194979,62,304605
15127,0.030596,74.125.130.0-255,4320,199299,62,304605
15128,0.030603,172.31.40.0-255,66,199365,62,304605
15129,0.030623,74.125.130.0-255,1484,200849,62,304605
15130,0.032675,74.125.130.0-255,4320,205169,62,304605
15131,0.032681,172.31.40.0-255,66,205235,62,304605
15132,0.034745,74.125.130.0-255,5738,210973,62,304605
15133,0.034752,172.31.40.0-255,66,211039,62,304605
15134,0.03681,74.125.130.0-255,5738,216777,62,304605
15135,0.036817,172.31.40.0-255,66,216843,62,304605
15136,0.037329,172.31.40.0-255,172,217015,62,304605
15137,0.037353,172.31.40.0-255,1108,218123,62,304605
15138,0.037401,172.31.40.0-255,576,218699,62,304605
15139,0.038874,104.244.42.0-255,66,218765,62,304605
15140,0.038882,74.125.130.0-255,5738,224503,62,304605
15141,0.038886,172.31.40.0-255,66,224569,62,304605
15142,0.038918,104.244.42.0-255,66,224635,62,304605
15143,0.038963,104.244.42.0-255,66,224701,62,304605
15144,0.040986,74.125.130.0-255,5738,230439,62,304605
15145,0.040992,172.31.40.0-255,66,230505,62,304605
15146,0.04307,74.125.130.0-255,5738,236243,62,304605
15147,0.043077,172.31.40.0-255,66,236309,62,304605
15148,0.045144,74.125.130.0-255,5738,242047,62,304605
15149,0.045152,172.31.40.0-255,66,242113,62,304605
15150,0.047214,74.125.130.0-255,5738,247851,62,304605
15151,0.04722,172.31.40.0-255,66,247917,62,304605
15152,0.049291,74.125.130.0-255,5738,253655,62,304605
15153,0.049299,172.31.40.0-255,66,253721,62,304605
15154,0.051442,74.125.130.0-255,5738,259459,62,304605
15155,0.051449,172.31.40.0-255,66,259525,62,304605
15156,0.053519,74.125.130.0-255,5738,265263,62,304605
15157,0.053529,172.31.40.0-255,66,265329,62,304605
15158,0.055589,74.125.130.0-255,5738,271067,62,304605
15159,0.055594,172.31.40.0-255,66,271133,62,304605
15160,0.057648,74.125.130.0-255,4320,275453,62,304605
15161,0.057653,172.31.40.0-255,66,275519,62,304605
15162,0.057667,74.125.130.0-255,1484,277003,62,304605
15163,0.059712,74.125.130.0-255,4320,281323,62,304605
15164,0.059716,172.31.40.0-255,66,281389,62,304605
15165,0.061767,74.125.130.0-255,5738,287127,62,304605
15166,0.061774,172.31.40.0-255,66,287193,62,304605
15167,0.063835,74.125.130.0-255,5738,292931,62,304605
15168,0.063844,172.31.40.0-255,66,292997,62,304605
15169,0.065918,74.125.130.0-255,5738,298735,62,304605
15170,0.065923,172.31.40.0-255,66,298801,62,304605
15171,0.067999,74.125.130.0-255,5738,304539,62,304605
15172,0.068005,172.31.40.0-255,66,304605,62,304605
15173,0.0,74.125.68.0-255,153,153,62,363604
15174,2.3e-05,172.31.40.0-255,66,219,62,363604
15175,3e-05,74.125.68.0-255,1484,1703,62,363604
15176,3.5e-05,172.31.40.0-255,66,1769,62,363604
15177,4.1e-05,74.125.68.0-255,2902,4671,62,363604
15178,5.3e-05,172.31.40.0-255,66,4737,62,363604
15179,5.8e-05,74.125.68.0-255,2902,7639,62,363604
15180,6.2e-05,172.31.40.0-255,66,7705,62,363604
15181,8.9e-05,74.125.68.0-255,2902,10607,62,363604
15182,9.3e-05,172.31.40.0-255,66,10673,62,363604
15183,9.9e-05,74.125.68.0-255,3522,14195,62,363604
15184,0.000101,172.31.40.0-255,66,14261,62,363604
15185,0.000106,74.125.68.0-255,4320,18581,62,363604
15186,0.000109,172.31.40.0-255,66,18647,62,363604
15187,0.000136,74.125.68.0-255,4320,22967,62,363604
15188,0.000138,172.31.40.0-255,66,23033,62,363604
15189,0.000161,74.125.68.0-255,5738,28771,62,363604
15190,0.000164,172.31.40.0-255,66,28837,62,363604
15191,0.000167,74.125.68.0-255,1484,30321,62,363604
15192,0.000169,172.31.40.0-255,66,30387,62,363604
15193,0.000172,74.125.68.0-255,1125,31512,62,363604
15194,0.000175,172.31.40.0-255,66,31578,62,363604
15195,0.000252,74.125.68.0-255,1484,33062,62,363604
15196,0.000255,172.31.40.0-255,66,33128,62,363604
15197,0.000273,74.125.68.0-255,2902,36030,62,363604
15198,0.000276,172.31.40.0-255,66,36096,62,363604
15199,0.000303,74.125.68.0-255,5738,41834,62,363604
15200,0.000306,172.31.40.0-255,66,41900,62,363604
15201,0.000339,74.125.68.0-255,2902,44802,62,363604
15202,0.000342,172.31.40.0-255,66,44868,62,363604
15203,0.000368,74.125.68.0-255,3961,48829,62,363604
15204,0.000371,172.31.40.0-255,66,48895,62,363604
15205,0.000377,74.125.68.0-255,5738,54633,62,363604
15206,0.000379,172.31.40.0-255,66,54699,62,363604
15207,0.000404,74.125.68.0-255,5738,60437,62,363604
15208,0.000407,172.31.40.0-255,66,60503,62,363604
15209,0.000425,74.125.68.0-255,1484,61987,62,363604
15210,0.000432,74.125.68.0-255,4232,66219,62,363604
15211,0.000434,172.31.40.0-255,66,66285,62,363604
15212,0.00058,74.125.68.0-255,132,66417,62,363604
15213,0.000799,74.125.68.0-255,1484,67901,62,363604
15214,0.000804,172.31.40.0-255,66,67967,62,363604
15215,0.000853,74.125.68.0-255,2902,70869,62,363604
15216,0.000856,172.31.40.0-255,66,70935,62,363604
15217,0.000881,74.125.68.0-255,2902,73837,62,363604
15218,0.000883,172.31.40.0-255,66,73903,62,363604
15219,0.000909,74.125.68.0-255,2902,76805,62,363604
15220,0.000912,172.31.40.0-255,66,76871,62,363604
15221,0.000915,74.125.68.0-255,1484,78355,62,363604
15222,0.000936,74.125.68.0-255,1484,79839,62,363604
15223,0.000938,172.31.40.0-255,66,79905,62,363604
15224,0.000943,74.125.68.0-255,3961,83866,62,363604
15225,0.000945,172.31.40.0-255,66,83932,62,363604
15226,0.001004,74.125.68.0-255,5738,89670,62,363604
15227,0.001008,172.31.40.0-255,66,89736,62,363604
15228,0.001036,74.125.68.0-255,2902,92638,62,363604
15229,0.001038,172.31.40.0-255,66,92704,62,363604
15230,0.001044,74.125.68.0-255,4320,97024,62,363604
15231,0.001047,172.31.40.0-255,66,97090,62,363604
15232,0.0011,74.125.68.0-255,3961,101051,62,363604
15233,0.001103,172.31.40.0-255,66,101117,62,363604
15234,0.001258,74.125.68.0-255,1484,102601,62,363604
15235,0.001264,74.125.68.0-255,2902,105503,62,363604
15236,0.001267,172.31.40.0-255,66,105569,62,363604
15237,0.001271,74.125.68.0-255,1484,107053,62,363604
15238,0.001296,74.125.68.0-255,2902,109955,62,363604
15239,0.001299,172.31.40.0-255,66,110021,62,363604
15240,0.001321,74.125.68.0-255,5738,115759,62,363604
15241,0.001324,172.31.40.0-255,66,115825,62,363604
15242,0.001336,172.31.40.0-255,66,115891,62,363604
15243,0.001341,74.125.68.0-255,4320,120211,62,363604
15244,0.001344,172.31.40.0-255,66,120277,62,363604
15245,0.001373,74.125.68.0-255,5020,125297,62,363604
15246,0.001376,172.31.40.0-255,66,125363,62,363604
15247,0.001379,74.125.68.0-255,1484,126847,62,363604
15248,0.001421,74.125.68.0-255,1484,128331,62,363604
15249,0.001424,172.31.40.0-255,66,128397,62,363604
15250,0.001458,74.125.68.0-255,1484,129881,62,363604
15251,0.00147,74.125.68.0-255,1484,131365,62,363604
15252,0.001473,172.31.40.0-255,66,131431,62,363604
15253,0.001512,74.125.68.0-255,2902,134333,62,363604
15254,0.001516,172.31.40.0-255,66,134399,62,363604
15255,0.001528,74.125.68.0-255,1484,135883,62,363604
15256,0.00154,74.125.68.0-255,5738,141621,62,363604
15257,0.001542,172.31.40.0-255,66,141687,62,363604
15258,0.001577,74.125.68.0-255,4320,146007,62,363604
15259,0.00158,172.31.40.0-255,66,146073,62,363604
15260,0.001598,74.125.68.0-255,2902,148975,62,363604
15261,0.0016,172.31.40.0-255,66,149041,62,363604
15262,0.001632,74.125.68.0-255,4320,153361,62,363604
15263,0.001636,172.31.40.0-255,66,153427,62,363604
15264,0.001641,74.125.68.0-255,4320,157747,62,363604
15265,0.001643,172.31.40.0-255,66,157813,62,363604
15266,0.001647,74.125.68.0-255,2184,159997,62,363604
15267,0.001655,172.31.40.0-255,66,160063,62,363604
15268,0.001685,74.125.68.0-255,2902,162965,62,363604
15269,0.001689,172.31.40.0-255,66,163031,62,363604
15270,0.001695,74.125.68.0-255,4320,167351,62,363604
15271,0.001697,172.31.40.0-255,66,167417,62,363604
15272,0.00173,172.31.40.0-255,66,167483,62,363604
15273,0.001754,74.125.68.0-255,4320,171803,62,363604
15274,0.001756,172.31.40.0-255,66,171869,62,363604
15275,0.001778,74.125.68.0-255,2902,174771,62,363604
15276,0.001781,172.31.40.0-255,66,174837,62,363604
15277,0.001791,172.31.40.0-255,66,174903,62,363604
15278,0.001795,74.125.68.0-255,2184,177087,62,363604
15279,0.001797,172.31.40.0-255,66,177153,62,363604
15280,0.003915,74.125.68.0-255,2902,180055,62,363604
15281,0.003922,172.31.40.0-255,66,180121,62,363604
15282,0.00395,74.125.68.0-255,2902,183023,62,363604
15283,0.003953,172.31.40.0-255,66,183089,62,363604
15284,0.006031,74.125.68.0-255,2902,185991,62,363604
15285,0.006035,172.31.40.0-255,66,186057,62,363604
15286,0.006061,74.125.68.0-255,2902,188959,62,363604
15287,0.006064,172.31.40.0-255,66,189025,62,363604
15288,0.008158,74.125.68.0-255,2902,191927,62,363604
15289,0.008164,172.31.40.0-255,66,191993,62,363604
15290,0.008188,74.125.68.0-255,2902,194895,62,363604
15291,0.00819,172.31.40.0-255,66,194961,62,363604
15292,0.010287,74.125.68.0-255,2902,197863,62,363604
15293,0.010293,172.31.40.0-255,66,197929,62,363604
15294,0.010323,74.125.68.0-255,2902,200831,62,363604
15295,0.010326,172.31.40.0-255,66,200897,62,363604
15296,0.012397,74.125.68.0-255,2902,203799,62,363604
15297,0.012406,172.31.40.0-255,66,203865,62,363604
15298,0.012433,74.125.68.0-255,2902,206767,62,363604
15299,0.012436,172.31.40.0-255,66,206833,62,363604
15300,0.014553,74.125.68.0-255,2902,209735,62,363604
15301,0.01456,172.31.40.0-255,66,209801,62,363604
15302,0.014591,74.125.68.0-255,2902,212703,62,363604
15303,0.014594,172.31.40.0-255,66,212769,62,363604
15304,0.016674,74.125.68.0-255,2902,215671,62,363604
15305,0.016681,172.31.40.0-255,66,215737,62,363604
15306,0.016704,74.125.68.0-255,2902,218639,62,363604
15307,0.016707,172.31.40.0-255,66,218705,62,363604
15308,0.018823,74.125.68.0-255,4320,223025,62,363604
15309,0.018832,172.31.40.0-255,66,223091,62,363604
15310,0.018861,74.125.68.0-255,1484,224575,62,363604
15311,0.020949,74.125.68.0-255,4320,228895,62,363604
15312,0.020957,172.31.40.0-255,66,228961,62,363604
15313,0.023085,74.125.68.0-255,5738,234699,62,363604
15314,0.023093,172.31.40.0-255,66,234765,62,363604
15315,0.025219,74.125.68.0-255,5738,240503,62,363604
15316,0.025225,172.31.40.0-255,66,240569,62,363604
15317,0.027339,74.125.68.0-255,1484,242053,62,363604
15318,0.027358,74.125.68.0-255,2902,244955,62,363604
15319,0.027364,172.31.40.0-255,66,245021,62,363604
15320,0.027392,74.125.68.0-255,1484,246505,62,363604
15321,0.029503,74.125.68.0-255,4320,250825,62,363604
15322,0.029511,172.31.40.0-255,66,250891,62,363604
15323,0.031662,74.125.68.0-255,5738,256629,62,363604
15324,0.03167,172.31.40.0-255,66,256695,62,363604
15325,0.033793,74.125.68.0-255,5738,262433,62,363604
15326,0.0338,172.31.40.0-255,66,262499,62,363604
15327,0.035928,74.125.68.0-255,5738,268237,62,363604
15328,0.035935,172.31.40.0-255,66,268303,62,363604
15329,0.038046,74.125.68.0-255,5738,274041,62,363604
15330,0.038052,172.31.40.0-255,66,274107,62,363604
15331,0.039101,172.31.40.0-255,172,274279,62,363604
15332,0.039133,172.31.40.0-255,1077,275356,62,363604
15333,0.040159,74.125.68.0-255,2902,278258,62,363604
15334,0.040165,172.31.40.0-255,66,278324,62,363604
15335,0.040193,74.125.68.0-255,2902,281226,62,363604
15336,0.040196,172.31.40.0-255,66,281292,62,363604
15337,0.040784,104.244.42.0-255,66,281358,62,363604
15338,0.040791,104.244.42.0-255,66,281424,62,363604
15339,0.042284,74.125.68.0-255,2902,284326,62,363604
15340,0.04229,172.31.40.0-255,66,284392,62,363604
15341,0.04232,74.125.68.0-255,2902,287294,62,363604
15342,0.042323,172.31.40.0-255,66,287360,62,363604
15343,0.044409,74.125.68.0-255,2902,290262,62,363604
15344,0.044416,172.31.40.0-255,66,290328,62,363604
15345,0.044452,74.125.68.0-255,2902,293230,62,363604
15346,0.044456,172.31.40.0-255,66,293296,62,363604
15347,0.046533,74.125.68.0-255,2902,296198,62,363604
15348,0.046539,172.31.40.0-255,66,296264,62,363604
15349,0.046566,74.125.68.0-255,2902,299166,62,363604
15350,0.046569,172.31.40.0-255,66,299232,62,363604
15351,0.04864,74.125.68.0-255,2902,302134,62,363604
15352,0.048646,172.31.40.0-255,66,302200,62,363604
15353,0.048676,74.125.68.0-255,2902,305102,62,363604
15354,0.048679,172.31.40.0-255,66,305168,62,363604
15355,0.050758,74.125.68.0-255,2902,308070,62,363604
15356,0.050765,172.31.40.0-255,66,308136,62,363604
15357,0.050815,74.125.68.0-255,2902,311038,62,363604
15358,0.050818,172.31.40.0-255,66,311104,62,363604
15359,0.052882,74.125.68.0-255,2902,314006,62,363604
15360,0.052888,172.31.40.0-255,66,314072,62,363604
15361,0.052912,74.125.68.0-255,2902,316974,62,363604
15362,0.052914,172.31.40.0-255,66,317040,62,363604
15363,0.055009,74.125.68.0-255,2902,319942,62,363604
15364,0.055015,172.31.40.0-255,66,320008,62,363604
15365,0.055044,74.125.68.0-255,2902,322910,62,363604
15366,0.055047,172.31.40.0-255,66,322976,62,363604
15367,0.05716,74.125.68.0-255,5738,328714,62,363604
15368,0.057167,172.31.40.0-255,66,328780,62,363604
15369,0.059314,74.125.68.0-255,5738,334518,62,363604
15370,0.059321,172.31.40.0-255,66,334584,62,363604
15371,0.061455,74.125.68.0-255,5738,340322,62,363604
15372,0.061461,172.31.40.0-255,66,340388,62,363604
15373,0.063584,74.125.68.0-255,5738,346126,62,363604
15374,0.06359,172.31.40.0-255,66,346192,62,363604
15375,0.065726,74.125.68.0-255,5738,351930,62,363604
15376,0.065736,172.31.40.0-255,66,351996,62,363604
15377,0.067856,74.125.68.0-255,5738,357734,62,363604
15378,0.067861,172.31.40.0-255,66,357800,62,363604
15379,0.069983,74.125.68.0-255,5738,363538,62,363604
15380,0.06999,172.31.40.0-255,66,363604,62,363604
15381,0.0,172.217.194.0-255,291,291,62,161382
15382,1.9e-05,172.31.40.0-255,66,357,62,161382
15383,2.5e-05,172.217.194.0-255,1484,1841,62,161382
15384,3e-05,172.31.40.0-255,66,1907,62,161382
15385,3.8e-05,172.217.194.0-255,4320,6227,62,161382
15386,4.1e-05,172.31.40.0-255,66,6293,62,161382
15387,8e-05,172.31.40.0-255,66,6359,62,161382
15388,0.000137,172.217.194.0-255,1484,7843,62,161382
15389,0.00014,172.31.40.0-255,66,7909,62,161382
15390,0.000162,172.217.194.0-255,2902,10811,62,161382
15391,0.000164,172.31.40.0-255,66,10877,62,161382
15392,0.000171,172.217.194.0-255,5738,16615,62,161382
15393,0.000173,172.31.40.0-255,66,16681,62,161382
15394,0.0002,172.217.194.0-255,1484,18165,62,161382
15395,0.000202,172.31.40.0-255,66,18231,62,161382
15396,0.000248,172.31.40.0-255,66,18297,62,161382
15397,0.000254,172.217.194.0-255,5738,24035,62,161382
15398,0.000257,172.31.40.0-255,66,24101,62,161382
15399,0.000272,172.217.194.0-255,5738,29839,62,161382
15400,0.000275,172.31.40.0-255,66,29905,62,161382
15401,0.000316,172.31.40.0-255,66,29971,62,161382
15402,0.000488,172.217.194.0-255,364,30335,62,161382
15403,0.000493,172.31.40.0-255,66,30401,62,161382
15404,0.000911,172.217.194.0-255,1484,31885,62,161382
15405,0.000916,172.31.40.0-255,66,31951,62,161382
15406,0.000922,172.217.194.0-255,2902,34853,62,161382
15407,0.000924,172.31.40.0-255,66,34919,62,161382
15408,0.000938,172.217.194.0-255,2902,37821,62,161382
15409,0.00094,172.31.40.0-255,66,37887,62,161382
15410,0.000963,172.217.194.0-255,2902,40789,62,161382
15411,0.000966,172.31.40.0-255,66,40855,62,161382
15412,0.000968,172.217.194.0-255,1484,42339,62,161382
15413,0.000984,172.31.40.0-255,66,42405,62,161382
15414,0.000987,172.217.194.0-255,1484,43889,62,161382
15415,0.001023,172.31.40.0-255,66,43955,62,161382
15416,0.001121,172.217.194.0-255,1484,45439,62,161382
15417,0.001135,172.217.194.0-255,2902,48341,62,161382
15418,0.001139,172.217.194.0-255,2902,51243,62,161382
15419,0.001143,172.31.40.0-255,66,51309,62,161382
15420,0.001151,172.31.40.0-255,66,51375,62,161382
15421,0.001156,172.217.194.0-255,2902,54277,62,161382
15422,0.001158,172.31.40.0-255,66,54343,62,161382
15423,0.001164,172.217.194.0-255,4320,58663,62,161382
15424,0.001166,172.31.40.0-255,66,58729,62,161382
15425,0.001189,172.31.40.0-255,66,58795,62,161382
15426,0.001197,172.217.194.0-255,5738,64533,62,161382
15427,0.001199,172.31.40.0-255,66,64599,62,161382
15428,0.00122,172.217.194.0-255,5020,69619,62,161382
15429,0.001223,172.31.40.0-255,66,69685,62,161382
15430,0.00136,172.217.194.0-255,1484,71169,62,161382
15431,0.001365,172.217.194.0-255,2902,74071,62,161382
15432,0.001369,172.31.40.0-255,66,74137,62,161382
15433,0.001372,172.217.194.0-255,1484,75621,62,161382
15434,0.001394,172.217.194.0-255,4320,79941,62,161382
15435,0.001397,172.31.40.0-255,66,80007,62,161382
15436,0.001411,172.217.194.0-255,2902,82909,62,161382
15437,0.001414,172.31.40.0-255,66,82975,62,161382
15438,0.00144,172.217.194.0-255,5738,88713,62,161382
15439,0.001442,172.31.40.0-255,66,88779,62,161382
15440,0.001445,172.217.194.0-255,1484,90263,62,161382
15441,0.001489,172.31.40.0-255,66,90329,62,161382
15442,0.001499,172.31.40.0-255,66,90395,62,161382
15443,0.001517,172.217.194.0-255,7156,97551,62,161382
15444,0.001552,172.31.40.0-255,66,97617,62,161382
15445,0.001558,172.217.194.0-255,5020,102637,62,161382
15446,0.001564,172.31.40.0-255,66,102703,62,161382
15447,0.001722,172.217.194.0-255,1484,104187,62,161382
15448,0.001728,172.217.194.0-255,2902,107089,62,161382
15449,0.001731,172.31.40.0-255,66,107155,62,161382
15450,0.001736,172.217.194.0-255,2902,110057,62,161382
15451,0.001743,172.31.40.0-255,66,110123,62,161382
15452,0.001754,172.217.194.0-255,2902,113025,62,161382
15453,0.001757,172.217.194.0-255,1484,114509,62,161382
15454,0.001775,172.217.194.0-255,7156,121665,62,161382
15455,0.001792,172.31.40.0-255,66,121731,62,161382
15456,0.001808,172.217.194.0-255,1484,123215,62,161382
15457,0.001856,172.31.40.0-255,66,123281,62,161382
15458,0.001916,172.217.194.0-255,1484,124765,62,161382
15459,0.001921,172.217.194.0-255,2902,127667,62,161382
15460,0.001924,172.31.40.0-255,66,127733,62,161382
15461,0.001928,172.217.194.0-255,1484,129217,62,161382
15462,0.001948,172.217.194.0-255,4320,133537,62,161382
15463,0.001969,172.31.40.0-255,66,133603,62,161382
15464,0.001977,172.217.194.0-255,1484,135087,62,161382
15465,0.001991,172.31.40.0-255,66,135153,62,161382
15466,0.002004,172.217.194.0-255,1484,136637,62,161382
15467,0.002095,172.31.40.0-255,66,136703,62,161382
15468,0.0021,172.31.40.0-255,66,136769,62,161382
15469,0.002162,172.31.40.0-255,66,136835,62,161382
15470,0.002168,172.217.194.0-255,4320,141155,62,161382
15471,0.002181,172.31.40.0-255,66,141221,62,161382
15472,0.00225,172.217.194.0-255,4320,145541,62,161382
15473,0.002261,172.31.40.0-255,66,145607,62,161382
15474,0.00228,172.31.40.0-255,66,145673,62,161382
15475,0.002315,172.217.194.0-255,2902,148575,62,161382
15476,0.002322,172.31.40.0-255,66,148641,62,161382
15477,0.002343,172.31.40.0-255,66,148707,62,161382
15478,0.002353,172.217.194.0-255,3003,151710,62,161382
15479,0.002374,172.31.40.0-255,66,151776,62,161382
15480,0.004625,172.217.194.0-255,105,151881,62,161382
15481,0.010977,172.31.40.0-255,66,151947,62,161382
15482,0.011017,172.31.40.0-255,105,152052,62,161382
15483,0.013293,172.217.194.0-255,66,152118,62,161382
15484,0.036658,172.31.40.0-255,240,152358,62,161382
15485,0.036688,172.31.40.0-255,1108,153466,62,161382
15486,0.036754,172.31.40.0-255,1514,154980,62,161382
15487,0.036756,172.31.40.0-255,1514,156494,62,161382
15488,0.036762,172.31.40.0-255,1514,158008,62,161382
15489,0.036763,172.31.40.0-255,1514,159522,62,161382
15490,0.036785,172.31.40.0-255,1514,161036,62,161382
15491,0.036786,172.31.40.0-255,82,161118,62,161382
15492,0.038245,104.244.42.0-255,66,161184,62,161382
15493,0.038256,104.244.42.0-255,66,161250,62,161382
15494,0.03833,104.244.42.0-255,66,161316,62,161382
15495,0.038336,104.244.42.0-255,66,161382,62,161382
15496,0.0,172.217.24.0-255,153,153,62,279446
15497,2.4e-05,172.31.40.0-255,66,219,62,279446
15498,3.2e-05,172.217.24.0-255,1484,1703,62,279446
15499,3.7e-05,172.31.40.0-255,66,1769,62,279446
15500,4.4e-05,172.217.24.0-255,2902,4671,62,279446
15501,4.7e-05,172.31.40.0-255,66,4737,62,279446
15502,5.4e-05,172.217.24.0-255,7156,11893,62,279446
15503,5.8e-05,172.31.40.0-255,66,11959,62,279446
15504,6.2e-05,172.217.24.0-255,2092,14051,62,279446
15505,6.6e-05,172.31.40.0-255,66,14117,62,279446
15506,0.000115,172.217.24.0-255,1484,15601,62,279446
15507,0.000117,172.31.40.0-255,66,15667,62,279446
15508,0.000141,172.217.24.0-255,2902,18569,62,279446
15509,0.000144,172.31.40.0-255,66,18635,62,279446
15510,0.00015,172.217.24.0-255,5738,24373,62,279446
15511,0.000153,172.31.40.0-255,66,24439,62,279446
15512,0.000158,172.217.24.0-255,4320,28759,62,279446
15513,0.00016,172.31.40.0-255,66,28825,62,279446
15514,0.000213,172.217.24.0-255,2543,31368,62,279446
15515,0.000215,172.31.40.0-255,66,31434,62,279446
15516,0.000318,172.217.24.0-255,1484,32918,62,279446
15517,0.00032,172.31.40.0-255,66,32984,62,279446
15518,0.000325,172.217.24.0-255,2902,35886,62,279446
15519,0.000328,172.31.40.0-255,66,35952,62,279446
15520,0.000331,172.217.24.0-255,1484,37436,62,279446
15521,0.000333,172.31.40.0-255,66,37502,62,279446
15522,0.000358,172.217.24.0-255,4320,41822,62,279446
15523,0.000361,172.31.40.0-255,66,41888,62,279446
15524,0.000366,172.217.24.0-255,4320,46208,62,279446
15525,0.000368,172.31.40.0-255,66,46274,62,279446
15526,0.00039,172.217.24.0-255,2543,48817,62,279446
15527,0.000393,172.31.40.0-255,66,48883,62,279446
15528,0.00057,172.217.24.0-255,1484,50367,62,279446
15529,0.000578,172.217.24.0-255,2902,53269,62,279446
15530,0.000584,172.217.24.0-255,4320,57589,62,279446
15531,0.000602,172.217.24.0-255,1484,59073,62,279446
15532,0.000607,172.217.24.0-255,2902,61975,62,279446
15533,0.000623,172.217.24.0-255,3961,65936,62,279446
15534,0.000675,172.31.40.0-255,66,66002,62,279446
15535,0.000756,172.217.24.0-255,356,66358,62,279446
15536,0.001215,172.31.40.0-255,66,66424,62,279446
15537,0.001456,172.217.24.0-255,386,66810,62,279446
15538,0.00157,172.217.24.0-255,1484,68294,62,279446
15539,0.001587,172.217.24.0-255,2902,71196,62,279446
15540,0.001604,172.217.24.0-255,5738,76934,62,279446
15541,0.001637,172.217.24.0-255,2902,79836,62,279446
15542,0.001659,172.217.24.0-255,3961,83797,62,279446
15543,0.001665,172.217.24.0-255,5738,89535,62,279446
15544,0.001682,172.217.24.0-255,1484,91019,62,279446
15545,0.001706,172.217.24.0-255,1484,92503,62,279446
15546,0.001725,172.217.24.0-255,4320,96823,62,279446
15547,0.001731,172.217.24.0-255,3961,100784,62,279446
15548,0.006326,172.31.40.0-255,66,100850,62,279446
15549,0.00837,172.217.24.0-255,5738,106588,62,279446
15550,0.008378,172.31.40.0-255,66,106654,62,279446
15551,0.010404,172.217.24.0-255,5738,112392,62,279446
15552,0.010411,172.31.40.0-255,66,112458,62,279446
15553,0.012463,172.217.24.0-255,5738,118196,62,279446
15554,0.012472,172.31.40.0-255,66,118262,62,279446
15555,0.0145,172.217.24.0-255,5738,124000,62,279446
15556,0.01451,172.31.40.0-255,66,124066,62,279446
15557,0.016543,172.217.24.0-255,5738,129804,62,279446
15558,0.016555,172.31.40.0-255,66,129870,62,279446
15559,0.018615,172.217.24.0-255,5738,135608,62,279446
15560,0.01863,172.31.40.0-255,66,135674,62,279446
15561,0.020667,172.217.24.0-255,5738,141412,62,279446
15562,0.020676,172.31.40.0-255,66,141478,62,279446
15563,0.022704,172.217.24.0-255,5738,147216,62,279446
15564,0.022712,172.31.40.0-255,66,147282,62,279446
15565,0.02475,172.217.24.0-255,5738,153020,62,279446
15566,0.024758,172.31.40.0-255,66,153086,62,279446
15567,0.026807,172.217.24.0-255,4320,157406,62,279446
15568,0.026818,172.31.40.0-255,66,157472,62,279446
15569,0.02684,172.217.24.0-255,1484,158956,62,279446
15570,0.028853,172.217.24.0-255,4320,163276,62,279446
15571,0.028867,172.31.40.0-255,66,163342,62,279446
15572,0.030924,172.217.24.0-255,5738,169080,62,279446
15573,0.030999,172.31.40.0-255,66,169146,62,279446
15574,0.03305,172.217.24.0-255,5738,174884,62,279446
15575,0.033059,172.31.40.0-255,66,174950,62,279446
15576,0.0351,172.217.24.0-255,5738,180688,62,279446
15577,0.035113,172.31.40.0-255,66,180754,62,279446
15578,0.037161,172.217.24.0-255,5738,186492,62,279446
15579,0.037169,172.31.40.0-255,66,186558,62,279446
15580,0.039195,172.217.24.0-255,5738,192296,62,279446
15581,0.039203,172.31.40.0-255,66,192362,62,279446
15582,0.040456,172.31.40.0-255,167,192529,62,279446
15583,0.040487,172.31.40.0-255,1077,193606,62,279446
15584,0.041248,172.217.24.0-255,5738,199344,62,279446
15585,0.041255,172.31.40.0-255,66,199410,62,279446
15586,0.042115,104.244.42.0-255,66,199476,62,279446
15587,0.042174,104.244.42.0-255,66,199542,62,279446
15588,0.043291,172.217.24.0-255,5738,205280,62,279446
15589,0.043297,172.31.40.0-255,66,205346,62,279446
15590,0.045323,172.217.24.0-255,5738,211084,62,279446
15591,0.04533,172.31.40.0-255,66,211150,62,279446
15592,0.047369,172.217.24.0-255,5738,216888,62,279446
15593,0.047376,172.31.40.0-255,66,216954,62,279446
15594,0.049413,172.217.24.0-255,5738,222692,62,279446
15595,0.04942,172.31.40.0-255,66,222758,62,279446
15596,0.051456,172.217.24.0-255,5738,228496,62,279446
15597,0.051463,172.31.40.0-255,66,228562,62,279446
15598,0.053513,172.217.24.0-255,5738,234300,62,279446
15599,0.053521,172.31.40.0-255,66,234366,62,279446
15600,0.055555,172.217.24.0-255,5738,240104,62,279446
15601,0.055562,172.31.40.0-255,66,240170,62,279446
15602,0.05759,172.217.24.0-255,5738,245908,62,279446
15603,0.057601,172.31.40.0-255,66,245974,62,279446
15604,0.059626,172.217.24.0-255,5738,251712,62,279446
15605,0.059634,172.31.40.0-255,66,251778,62,279446
15606,0.061659,172.217.24.0-255,5738,257516,62,279446
15607,0.061665,172.31.40.0-255,66,257582,62,279446
15608,0.06369,172.217.24.0-255,5738,263320,62,279446
15609,0.0637,172.31.40.0-255,66,263386,62,279446
15610,0.065714,172.217.24.0-255,4320,267706,62,279446
15611,0.06572,172.31.40.0-255,66,267772,62,279446
15612,0.065741,172.217.24.0-255,1484,269256,62,279446
15613,0.067736,172.217.24.0-255,4320,273576,62,279446
15614,0.067743,172.31.40.0-255,66,273642,62,279446
15615,0.069776,172.217.24.0-255,5738,279380,62,279446
15616,0.069837,172.31.40.0-255,66,279446,62,279446
15617,0.0,74.125.24.0-255,152,152,62,291005
15618,2.3e-05,172.31.40.0-255,66,218,62,291005
15619,3e-05,74.125.24.0-255,1484,1702,62,291005
15620,3.5e-05,172.31.40.0-255,66,1768,62,291005
15621,4.1e-05,74.125.24.0-255,2902,4670,62,291005
15622,5.3e-05,172.31.40.0-255,66,4736,62,291005
15623,5.9e-05,74.125.24.0-255,5738,10474,62,291005
15624,6.2e-05,172.31.40.0-255,66,10540,62,291005
15625,8.7e-05,74.125.24.0-255,3516,14056,62,291005
15626,9.3e-05,172.31.40.0-255,66,14122,62,291005
15627,0.000119,74.125.24.0-255,1484,15606,62,291005
15628,0.000122,172.31.40.0-255,66,15672,62,291005
15629,0.000141,74.125.24.0-255,2902,18574,62,291005
15630,0.000144,172.31.40.0-255,66,18640,62,291005
15631,0.000149,74.125.24.0-255,4320,22960,62,291005
15632,0.000151,172.31.40.0-255,66,23026,62,291005
15633,0.000184,74.125.24.0-255,1484,24510,62,291005
15634,0.000187,172.31.40.0-255,66,24576,62,291005
15635,0.000195,74.125.24.0-255,6797,31373,62,291005
15636,0.000197,172.31.40.0-255,66,31439,62,291005
15637,0.000292,74.125.24.0-255,1484,32923,62,291005
15638,0.000296,172.31.40.0-255,66,32989,62,291005
15639,0.000301,74.125.24.0-255,2902,35891,62,291005
15640,0.000303,172.31.40.0-255,66,35957,62,291005
15641,0.000333,74.125.24.0-255,5738,41695,62,291005
15642,0.000335,172.31.40.0-255,66,41761,62,291005
15643,0.000338,74.125.24.0-255,1484,43245,62,291005
15644,0.000341,172.31.40.0-255,66,43311,62,291005
15645,0.000379,172.31.40.0-255,66,43377,62,291005
15646,0.000382,74.125.24.0-255,1484,44861,62,291005
15647,0.000384,172.31.40.0-255,66,44927,62,291005
15648,0.00044,74.125.24.0-255,5738,50665,62,291005
15649,0.000443,172.31.40.0-255,66,50731,62,291005
15650,0.000473,74.125.24.0-255,5693,56424,62,291005
15651,0.000475,172.31.40.0-255,66,56490,62,291005
15652,0.000478,74.125.24.0-255,110,56600,62,291005
15653,0.000482,74.125.24.0-255,330,56930,62,291005
15654,0.000691,74.125.24.0-255,1484,58414,62,291005
15655,0.000697,172.31.40.0-255,66,58480,62,291005
15656,0.000703,74.125.24.0-255,2902,61382,62,291005
15657,0.000706,172.31.40.0-255,66,61448,62,291005
15658,0.000712,74.125.24.0-255,5738,67186,62,291005
15659,0.000719,172.31.40.0-255,66,67252,62,291005
15660,0.000761,172.31.40.0-255,66,67318,62,291005
15661,0.000801,74.125.24.0-255,2184,69502,62,291005
15662,0.000806,172.31.40.0-255,66,69568,62,291005
15663,0.000972,74.125.24.0-255,1484,71052,62,291005
15664,0.000987,74.125.24.0-255,2902,73954,62,291005
15665,0.000991,172.31.40.0-255,66,74020,62,291005
15666,0.000997,74.125.24.0-255,4320,78340,62,291005
15667,0.000999,172.31.40.0-255,66,78406,62,291005
15668,0.001021,74.125.24.0-255,1484,79890,62,291005
15669,0.001064,172.31.40.0-255,66,79956,62,291005
15670,0.001105,172.31.40.0-255,66,80022,62,291005
15671,0.001159,74.125.24.0-255,7156,87178,62,291005
15672,0.001174,74.125.24.0-255,4320,91498,62,291005
15673,0.00118,74.125.24.0-255,5738,97236,62,291005
15674,0.001183,74.125.24.0-255,1484,98720,62,291005
15675,0.001203,172.31.40.0-255,66,98786,62,291005
15676,0.001233,172.31.40.0-255,66,98852,62,291005
15677,0.001254,74.125.24.0-255,1484,100336,62,291005
15678,0.001268,74.125.24.0-255,2902,103238,62,291005
15679,0.001277,172.31.40.0-255,66,103304,62,291005
15680,0.001289,74.125.24.0-255,5738,109042,62,291005
15681,0.001293,172.31.40.0-255,66,109108,62,291005
15682,0.001325,74.125.24.0-255,2902,112010,62,291005
15683,0.001331,74.125.24.0-255,4320,116330,62,291005
15684,0.001344,74.125.24.0-255,2902,119232,62,291005
15685,0.001355,172.31.40.0-255,66,119298,62,291005
15686,0.001394,74.125.24.0-255,5020,124318,62,291005
15687,0.001415,172.31.40.0-255,66,124384,62,291005
15688,0.001425,74.125.24.0-255,5738,130122,62,291005
15689,0.001451,74.125.24.0-255,7156,137278,62,291005
15690,0.001454,172.31.40.0-255,66,137344,62,291005
15691,0.001473,74.125.24.0-255,5738,143082,62,291005
15692,0.001481,74.125.24.0-255,7156,150238,62,291005
15693,0.001494,172.31.40.0-255,66,150304,62,291005
15694,0.00151,74.125.24.0-255,7156,157460,62,291005
15695,0.001512,74.125.24.0-255,766,158226,62,291005
15696,0.001519,172.31.40.0-255,66,158292,62,291005
15697,0.001562,172.31.40.0-255,66,158358,62,291005
15698,0.001571,74.125.24.0-255,2902,161260,62,291005
15699,0.001624,172.31.40.0-255,66,161326,62,291005
15700,0.001683,74.125.24.0-255,1484,162810,62,291005
15701,0.001723,74.125.24.0-255,2902,165712,62,291005
15702,0.001731,74.125.24.0-255,5738,171450,62,291005
15703,0.001748,74.125.24.0-255,5738,177188,62,291005
15704,0.001765,172.31.40.0-255,66,177254,62,291005
15705,0.001769,74.125.24.0-255,1484,178738,62,291005
15706,0.001824,74.125.24.0-255,3602,182340,62,291005
15707,0.001843,172.31.40.0-255,66,182406,62,291005
15708,0.004126,74.125.24.0-255,5738,188144,62,291005
15709,0.004133,172.31.40.0-255,66,188210,62,291005
15710,0.006444,74.125.24.0-255,5738,193948,62,291005
15711,0.006459,172.31.40.0-255,66,194014,62,291005
15712,0.008778,74.125.24.0-255,5738,199752,62,291005
15713,0.008791,172.31.40.0-255,66,199818,62,291005
15714,0.011144,74.125.24.0-255,5738,205556,62,291005
15715,0.011162,172.31.40.0-255,66,205622,62,291005
15716,0.013475,74.125.24.0-255,5738,211360,62,291005
15717,0.013483,172.31.40.0-255,66,211426,62,291005
15718,0.015767,74.125.24.0-255,5738,217164,62,291005
15719,0.015773,172.31.40.0-255,66,217230,62,291005
15720,0.018063,74.125.24.0-255,5738,222968,62,291005
15721,0.01807,172.31.40.0-255,66,223034,62,291005
15722,0.020339,74.125.24.0-255,5738,228772,62,291005
15723,0.020346,172.31.40.0-255,66,228838,62,291005
15724,0.022656,74.125.24.0-255,5738,234576,62,291005
15725,0.022664,172.31.40.0-255,66,234642,62,291005
15726,0.024961,74.125.24.0-255,5738,240380,62,291005
15727,0.02497,172.31.40.0-255,66,240446,62,291005
15728,0.027276,74.125.24.0-255,5738,246184,62,291005
15729,0.027283,172.31.40.0-255,66,246250,62,291005
15730,0.029559,74.125.24.0-255,5738,251988,62,291005
15731,0.029567,172.31.40.0-255,66,252054,62,291005
15732,0.031866,74.125.24.0-255,5738,257792,62,291005
15733,0.031873,172.31.40.0-255,66,257858,62,291005
15734,0.034166,74.125.24.0-255,5738,263596,62,291005
15735,0.034172,172.31.40.0-255,66,263662,62,291005
15736,0.034892,172.31.40.0-255,167,263829,62,291005
15737,0.034926,172.31.40.0-255,1105,264934,62,291005
15738,0.034985,172.31.40.0-255,1514,266448,62,291005
15739,0.034987,172.31.40.0-255,342,266790,62,291005
15740,0.036394,104.244.42.0-255,66,266856,62,291005
15741,0.036424,104.244.42.0-255,66,266922,62,291005
15742,0.036449,74.125.24.0-255,1484,268406,62,291005
15743,0.036472,74.125.24.0-255,4320,272726,62,291005
15744,0.036476,172.31.40.0-255,66,272792,62,291005
15745,0.036501,104.244.42.0-255,66,272858,62,291005
15746,0.038781,74.125.24.0-255,5738,278596,62,291005
15747,0.038787,172.31.40.0-255,66,278662,62,291005
15748,0.041093,74.125.24.0-255,5738,284400,62,291005
15749,0.041099,172.31.40.0-255,66,284466,62,291005
15750,0.043411,74.125.24.0-255,5738,290204,62,291005
15751,0.043417,172.31.40.0-255,66,290270,62,291005
15752,0.045684,74.125.24.0-255,498,290768,62,291005
15753,0.04583,172.31.40.0-255,66,290834,62,291005
15754,0.045867,172.31.40.0-255,105,290939,62,291005
15755,0.048123,74.125.24.0-255,66,291005,62,291005
15756,0.0,74.125.24.0-255,147,147,62,293206
15757,2.2e-05,172.31.40.0-255,66,213,62,293206
15758,2.9e-05,74.125.24.0-255,1484,1697,62,293206
15759,3.4e-05,172.31.40.0-255,66,1763,62,293206
15760,4.1e-05,74.125.24.0-255,2902,4665,62,293206
15761,4.5e-05,172.31.40.0-255,66,4731,62,293206
15762,5.2e-05,74.125.24.0-255,5738,10469,62,293206
15763,5.6e-05,172.31.40.0-255,66,10535,62,293206
15764,6.1e-05,74.125.24.0-255,3485,14020,62,293206
15765,6.4e-05,172.31.40.0-255,66,14086,62,293206
15766,0.000172,74.125.24.0-255,1484,15570,62,293206
15767,0.000177,172.31.40.0-255,66,15636,62,293206
15768,0.00018,74.125.24.0-255,1484,17120,62,293206
15769,0.000183,172.31.40.0-255,66,17186,62,293206
15770,0.000194,74.125.24.0-255,1484,18670,62,293206
15771,0.000197,172.31.40.0-255,66,18736,62,293206
15772,0.000201,74.125.24.0-255,2902,21638,62,293206
15773,0.000204,172.31.40.0-255,66,21704,62,293206
15774,0.000228,74.125.24.0-255,2902,24606,62,293206
15775,0.000231,172.31.40.0-255,66,24672,62,293206
15776,0.000239,74.125.24.0-255,6797,31469,62,293206
15777,0.000241,172.31.40.0-255,66,31535,62,293206
15778,0.000353,74.125.24.0-255,1484,33019,62,293206
15779,0.000357,172.31.40.0-255,66,33085,62,293206
15780,0.000362,74.125.24.0-255,2902,35987,62,293206
15781,0.000365,172.31.40.0-255,66,36053,62,293206
15782,0.000396,74.125.24.0-255,5738,41791,62,293206
15783,0.000399,172.31.40.0-255,66,41857,62,293206
15784,0.00041,74.125.24.0-255,1484,43341,62,293206
15785,0.000412,172.31.40.0-255,66,43407,62,293206
15786,0.00045,172.31.40.0-255,66,43473,62,293206
15787,0.000463,74.125.24.0-255,397,43870,62,293206
15788,0.000551,74.125.24.0-255,115,43985,62,293206
15789,0.000555,74.125.24.0-255,330,44315,62,293206
15790,0.000598,172.31.40.0-255,66,44381,62,293206
15791,0.000984,74.125.24.0-255,1484,45865,62,293206
15792,0.00099,74.125.24.0-255,2902,48767,62,293206
15793,0.000994,172.31.40.0-255,66,48833,62,293206
15794,0.001001,74.125.24.0-255,5738,54571,62,293206
15795,0.001005,172.31.40.0-255,66,54637,62,293206
15796,0.001042,172.31.40.0-255,66,54703,62,293206
15797,0.001049,74.125.24.0-255,1484,56187,62,293206
15798,0.001056,74.125.24.0-255,7156,63343,62,293206
15799,0.001062,172.31.40.0-255,66,63409,62,293206
15800,0.001073,74.125.24.0-255,1484,64893,62,293206
15801,0.001095,74.125.24.0-255,2184,67077,62,293206
15802,0.0011,172.31.40.0-255,66,67143,62,293206
15803,0.001268,74.125.24.0-255,1484,68627,62,293206
15804,0.001281,74.125.24.0-255,2902,71529,62,293206
15805,0.001285,172.31.40.0-255,66,71595,62,293206
15806,0.001289,74.125.24.0-255,1484,73079,62,293206
15807,0.001309,74.125.24.0-255,4320,77399,62,293206
15808,0.001316,74.125.24.0-255,7156,84555,62,293206
15809,0.001349,172.31.40.0-255,66,84621,62,293206
15810,0.001358,74.125.24.0-255,2902,87523,62,293206
15811,0.001363,74.125.24.0-255,2184,89707,62,293206
15812,0.001367,172.31.40.0-255,66,89773,62,293206
15813,0.001857,74.125.24.0-255,1484,91257,62,293206
15814,0.001876,74.125.24.0-255,2902,94159,62,293206
15815,0.00188,172.31.40.0-255,66,94225,62,293206
15816,0.001887,74.125.24.0-255,5738,99963,62,293206
15817,0.001904,74.125.24.0-255,4320,104283,62,293206
15818,0.001908,172.31.40.0-255,66,104349,62,293206
15819,0.001945,172.31.40.0-255,66,104415,62,293206
15820,0.001956,74.125.24.0-255,2902,107317,62,293206
15821,0.001961,172.31.40.0-255,66,107383,62,293206
15822,0.001994,172.31.40.0-255,66,107449,62,293206
15823,0.004055,74.125.24.0-255,5738,113187,62,293206
15824,0.004062,172.31.40.0-255,66,113253,62,293206
15825,0.006107,74.125.24.0-255,4320,117573,62,293206
15826,0.006111,172.31.40.0-255,66,117639,62,293206
15827,0.00613,74.125.24.0-255,1484,119123,62,293206
15828,0.008169,74.125.24.0-255,4320,123443,62,293206
15829,0.008182,172.31.40.0-255,66,123509,62,293206
15830,0.010237,74.125.24.0-255,5738,129247,62,293206
15831,0.010244,172.31.40.0-255,66,129313,62,293206
15832,0.012306,74.125.24.0-255,5738,135051,62,293206
15833,0.012313,172.31.40.0-255,66,135117,62,293206
15834,0.014366,74.125.24.0-255,5738,140855,62,293206
15835,0.014374,172.31.40.0-255,66,140921,62,293206
15836,0.016433,74.125.24.0-255,5738,146659,62,293206
15837,0.016442,172.31.40.0-255,66,146725,62,293206
15838,0.018521,74.125.24.0-255,5738,152463,62,293206
15839,0.018529,172.31.40.0-255,66,152529,62,293206
15840,0.020606,74.125.24.0-255,5738,158267,62,293206
15841,0.020613,172.31.40.0-255,66,158333,62,293206
15842,0.022676,74.125.24.0-255,5738,164071,62,293206
15843,0.022684,172.31.40.0-255,66,164137,62,293206
15844,0.024742,74.125.24.0-255,5738,169875,62,293206
15845,0.024748,172.31.40.0-255,66,169941,62,293206
15846,0.026804,74.125.24.0-255,5738,175679,62,293206
15847,0.026811,172.31.40.0-255,66,175745,62,293206
15848,0.02888,74.125.24.0-255,5738,181483,62,293206
15849,0.028887,172.31.40.0-255,66,181549,62,293206
15850,0.030989,74.125.24.0-255,5738,187287,62,293206
15851,0.030997,172.31.40.0-255,66,187353,62,293206
15852,0.033071,74.125.24.0-255,5738,193091,62,293206
15853,0.033077,172.31.40.0-255,66,193157,62,293206
15854,0.035131,74.125.24.0-255,5738,198895,62,293206
15855,0.03514,172.31.40.0-255,66,198961,62,293206
15856,0.037199,74.125.24.0-255,5738,204699,62,293206
15857,0.037206,172.31.40.0-255,66,204765,62,293206
15858,0.039276,74.125.24.0-255,5738,210503,62,293206
15859,0.039283,172.31.40.0-255,66,210569,62,293206
15860,0.039758,172.31.40.0-255,172,210741,62,293206
15861,0.039789,172.31.40.0-255,1077,211818,62,293206
15862,0.041361,74.125.24.0-255,5738,217556,62,293206
15863,0.041368,172.31.40.0-255,66,217622,62,293206
15864,0.041444,104.244.42.0-255,66,217688,62,293206
15865,0.041451,104.244.42.0-255,66,217754,62,293206
15866,0.04343,74.125.24.0-255,5738,223492,62,293206
15867,0.043437,172.31.40.0-255,66,223558,62,293206
15868,0.045496,74.125.24.0-255,5738,229296,62,293206
15869,0.045503,172.31.40.0-255,66,229362,62,293206
15870,0.047549,74.125.24.0-255,5738,235100,62,293206
15871,0.047558,172.31.40.0-255,66,235166,62,293206
15872,0.049617,74.125.24.0-255,5738,240904,62,293206
15873,0.049625,172.31.40.0-255,66,240970,62,293206
15874,0.051695,74.125.24.0-255,5738,246708,62,293206
15875,0.051705,172.31.40.0-255,66,246774,62,293206
15876,0.053774,74.125.24.0-255,5738,252512,62,293206
15877,0.05378,172.31.40.0-255,66,252578,62,293206
15878,0.055878,74.125.24.0-255,5738,258316,62,293206
15879,0.055885,172.31.40.0-255,66,258382,62,293206
15880,0.057936,74.125.24.0-255,5738,264120,62,293206
15881,0.057942,172.31.40.0-255,66,264186,62,293206
15882,0.059985,74.125.24.0-255,5738,269924,62,293206
15883,0.059992,172.31.40.0-255,66,269990,62,293206
15884,0.062041,74.125.24.0-255,5738,275728,62,293206
15885,0.062048,172.31.40.0-255,66,275794,62,293206
15886,0.06411,74.125.24.0-255,5738,281532,62,293206
15887,0.064115,172.31.40.0-255,66,281598,62,293206
15888,0.066181,74.125.24.0-255,5738,287336,62,293206
15889,0.066187,172.31.40.0-255,66,287402,62,293206
15890,0.068254,74.125.24.0-255,5738,293140,62,293206
15891,0.068261,172.31.40.0-255,66,293206,62,293206
15892,0.0,74.125.24.0-255,289,289,62,281838
15893,1.6e-05,172.31.40.0-255,66,355,62,281838
15894,2.3e-05,74.125.24.0-255,1484,1839,62,281838
15895,2.7e-05,172.31.40.0-255,66,1905,62,281838
15896,5.1e-05,74.125.24.0-255,4320,6225,62,281838
15897,5.4e-05,172.31.40.0-255,66,6291,62,281838
15898,6e-05,74.125.24.0-255,4320,10611,62,281838
15899,6.3e-05,172.31.40.0-255,66,10677,62,281838
15900,8.8e-05,74.125.24.0-255,3313,13990,62,281838
15901,9.1e-05,172.31.40.0-255,66,14056,62,281838
15902,9.4e-05,74.125.24.0-255,1484,15540,62,281838
15903,9.7e-05,172.31.40.0-255,66,15606,62,281838
15904,0.000125,172.31.40.0-255,66,15672,62,281838
15905,0.000136,172.31.40.0-255,66,15738,62,281838
15906,0.000159,74.125.24.0-255,1484,17222,62,281838
15907,0.000161,172.31.40.0-255,66,17288,62,281838
15908,0.000168,74.125.24.0-255,5738,23026,62,281838
15909,0.00017,172.31.40.0-255,66,23092,62,281838
15910,0.00019,74.125.24.0-255,3602,26694,62,281838
15911,0.000192,172.31.40.0-255,66,26760,62,281838
15912,0.000607,74.125.24.0-255,1484,28244,62,281838
15913,0.000613,172.31.40.0-255,66,28310,62,281838
15914,0.000619,74.125.24.0-255,2902,31212,62,281838
15915,0.000621,172.31.40.0-255,66,31278,62,281838
15916,0.000628,74.125.24.0-255,5738,37016,62,281838
15917,0.000631,172.31.40.0-255,66,37082,62,281838
15918,0.000664,74.125.24.0-255,2902,39984,62,281838
15919,0.000667,172.31.40.0-255,66,40050,62,281838
15920,0.000688,74.125.24.0-255,4540,44590,62,281838
15921,0.000692,172.31.40.0-255,66,44656,62,281838
15922,0.001265,74.125.24.0-255,1484,46140,62,281838
15923,0.001287,74.125.24.0-255,2902,49042,62,281838
15924,0.001292,172.31.40.0-255,66,49108,62,281838
15925,0.0013,74.125.24.0-255,5738,54846,62,281838
15926,0.001302,172.31.40.0-255,66,54912,62,281838
15927,0.001345,172.31.40.0-255,66,54978,62,281838
15928,0.001356,172.31.40.0-255,66,55044,62,281838
15929,0.001399,172.31.40.0-255,66,55110,62,281838
15930,0.001428,172.31.40.0-255,66,55176,62,281838
15931,0.001478,172.31.40.0-255,66,55242,62,281838
15932,0.001501,74.125.24.0-255,766,56008,62,281838
15933,0.001516,172.31.40.0-255,66,56074,62,281838
15934,0.001532,172.31.40.0-255,66,56140,62,281838
15935,0.001539,74.125.24.0-255,5738,61878,62,281838
15936,0.001541,172.31.40.0-255,66,61944,62,281838
15937,0.001574,172.31.40.0-255,66,62010,62,281838
15938,0.00158,74.125.24.0-255,5738,67748,62,281838
15939,0.001583,172.31.40.0-255,66,67814,62,281838
15940,0.001613,74.125.24.0-255,7156,74970,62,281838
15941,0.001616,172.31.40.0-255,66,75036,62,281838
15942,0.001631,74.125.24.0-255,6438,81474,62,281838
15943,0.001634,172.31.40.0-255,66,81540,62,281838
15944,0.001648,74.125.24.0-255,1484,83024,62,281838
15945,0.001669,74.125.24.0-255,1484,84508,62,281838
15946,0.001671,172.31.40.0-255,66,84574,62,281838
15947,0.001687,74.125.24.0-255,1484,86058,62,281838
15948,0.001701,74.125.24.0-255,2902,88960,62,281838
15949,0.001704,172.31.40.0-255,66,89026,62,281838
15950,0.001717,74.125.24.0-255,1484,90510,62,281838
15951,0.001722,74.125.24.0-255,4320,94830,62,281838
15952,0.001725,172.31.40.0-255,66,94896,62,281838
15953,0.001748,74.125.24.0-255,1484,96380,62,281838
15954,0.001762,172.31.40.0-255,66,96446,62,281838
15955,0.001767,74.125.24.0-255,4320,100766,62,281838
15956,0.00177,172.31.40.0-255,66,100832,62,281838
15957,0.001813,74.125.24.0-255,5738,106570,62,281838
15958,0.001817,172.31.40.0-255,66,106636,62,281838
15959,0.001839,74.125.24.0-255,5020,111656,62,281838
15960,0.001842,172.31.40.0-255,66,111722,62,281838
15961,0.001849,74.125.24.0-255,7156,118878,62,281838
15962,0.001852,172.31.40.0-255,66,118944,62,281838
15963,0.001866,74.125.24.0-255,4320,123264,62,281838
15964,0.001868,172.31.40.0-255,66,123330,62,281838
15965,0.00188,74.125.24.0-255,5738,129068,62,281838
15966,0.001883,172.31.40.0-255,66,129134,62,281838
15967,0.001901,74.125.24.0-255,2902,132036,62,281838
15968,0.001903,172.31.40.0-255,66,132102,62,281838
15969,0.001917,74.125.24.0-255,1484,133586,62,281838
15970,0.001936,74.125.24.0-255,5020,138606,62,281838
15971,0.001939,172.31.40.0-255,66,138672,62,281838
15972,0.002025,74.125.24.0-255,1484,140156,62,281838
15973,0.002031,74.125.24.0-255,2902,143058,62,281838
15974,0.002034,172.31.40.0-255,66,143124,62,281838
15975,0.002053,74.125.24.0-255,5738,148862,62,281838
15976,0.002056,172.31.40.0-255,66,148928,62,281838
15977,0.002059,74.125.24.0-255,1484,150412,62,281838
15978,0.002089,74.125.24.0-255,2902,153314,62,281838
15979,0.002093,172.31.40.0-255,66,153380,62,281838
15980,0.002112,74.125.24.0-255,5738,159118,62,281838
15981,0.002115,172.31.40.0-255,66,159184,62,281838
15982,0.002122,74.125.24.0-255,7156,166340,62,281838
15983,0.002125,172.31.40.0-255,66,166406,62,281838
15984,0.002146,74.125.24.0-255,5738,172144,62,281838
15985,0.00215,172.31.40.0-255,66,172210,62,281838
15986,0.002153,74.125.24.0-255,218,172428,62,281838
15987,0.004334,74.125.24.0-255,4320,176748,62,281838
15988,0.004341,172.31.40.0-255,66,176814,62,281838
15989,0.006413,74.125.24.0-255,1484,178298,62,281838
15990,0.006439,74.125.24.0-255,4320,182618,62,281838
15991,0.006443,172.31.40.0-255,66,182684,62,281838
15992,0.008558,74.125.24.0-255,5738,188422,62,281838
15993,0.008563,172.31.40.0-255,66,188488,62,281838
15994,0.010738,74.125.24.0-255,5738,194226,62,281838
15995,0.010742,172.31.40.0-255,66,194292,62,281838
15996,0.012817,74.125.24.0-255,4320,198612,62,281838
15997,0.012824,172.31.40.0-255,66,198678,62,281838
15998,0.012842,74.125.24.0-255,1484,200162,62,281838
15999,0.014928,74.125.24.0-255,4320,204482,62,281838
16000,0.014935,172.31.40.0-255,66,204548,62,281838
16001,0.017056,74.125.24.0-255,5738,210286,62,281838
16002,0.017063,172.31.40.0-255,66,210352,62,281838
16003,0.019173,74.125.24.0-255,5738,216090,62,281838
16004,0.019182,172.31.40.0-255,66,216156,62,281838
16005,0.021281,74.125.24.0-255,5738,221894,62,281838
16006,0.021289,172.31.40.0-255,66,221960,62,281838
16007,0.023403,74.125.24.0-255,5738,227698,62,281838
16008,0.02341,172.31.40.0-255,66,227764,62,281838
16009,0.025519,74.125.24.0-255,5738,233502,62,281838
16010,0.025526,172.31.40.0-255,66,233568,62,281838
16011,0.027648,74.125.24.0-255,5738,239306,62,281838
16012,0.027655,172.31.40.0-255,66,239372,62,281838
16013,0.029753,74.125.24.0-255,5738,245110,62,281838
16014,0.029761,172.31.40.0-255,66,245176,62,281838
16015,0.031863,74.125.24.0-255,5738,250914,62,281838
16016,0.03187,172.31.40.0-255,66,250980,62,281838
16017,0.033994,74.125.24.0-255,5738,256718,62,281838
16018,0.034001,172.31.40.0-255,66,256784,62,281838
16019,0.036118,74.125.24.0-255,5738,262522,62,281838
16020,0.036123,172.31.40.0-255,66,262588,62,281838
16021,0.036666,172.31.40.0-255,171,262759,62,281838
16022,0.036694,172.31.40.0-255,1077,263836,62,281838
16023,0.038265,74.125.24.0-255,5738,269574,62,281838
16024,0.038271,172.31.40.0-255,66,269640,62,281838
16025,0.038304,104.244.42.0-255,66,269706,62,281838
16026,0.038401,104.244.42.0-255,66,269772,62,281838
16027,0.040383,74.125.24.0-255,5738,275510,62,281838
16028,0.040388,172.31.40.0-255,66,275576,62,281838
16029,0.042489,74.125.24.0-255,5738,281314,62,281838
16030,0.042495,172.31.40.0-255,66,281380,62,281838
16031,0.044551,74.125.24.0-255,221,281601,62,281838
16032,0.044691,172.31.40.0-255,66,281667,62,281838
16033,0.044727,172.31.40.0-255,105,281772,62,281838
16034,0.046822,74.125.24.0-255,66,281838,62,281838
16035,0.0,74.125.68.0-255,153,153,62,256783
16036,2.3e-05,172.31.40.0-255,66,219,62,256783
16037,3e-05,74.125.68.0-255,1484,1703,62,256783
16038,3.5e-05,172.31.40.0-255,66,1769,62,256783
16039,4.9e-05,74.125.68.0-255,2902,4671,62,256783
16040,5.2e-05,172.31.40.0-255,66,4737,62,256783
16041,5.9e-05,74.125.68.0-255,5738,10475,62,256783
16042,6.3e-05,172.31.40.0-255,66,10541,62,256783
16043,6.9e-05,74.125.68.0-255,4924,15465,62,256783
16044,7.3e-05,172.31.40.0-255,66,15531,62,256783
16045,7.8e-05,74.125.68.0-255,2902,18433,62,256783
16046,8.1e-05,172.31.40.0-255,66,18499,62,256783
16047,0.000104,74.125.68.0-255,2902,21401,62,256783
16048,0.00011,172.31.40.0-255,66,21467,62,256783
16049,0.000146,172.31.40.0-255,66,21533,62,256783
16050,0.000207,74.125.68.0-255,1484,23017,62,256783
16051,0.00021,172.31.40.0-255,66,23083,62,256783
16052,0.000213,74.125.68.0-255,1484,24567,62,256783
16053,0.000216,172.31.40.0-255,66,24633,62,256783
16054,0.000236,74.125.68.0-255,1484,26117,62,256783
16055,0.000242,172.31.40.0-255,66,26183,62,256783
16056,0.000249,74.125.68.0-255,4320,30503,62,256783
16057,0.000251,172.31.40.0-255,66,30569,62,256783
16058,0.000274,74.125.68.0-255,1484,32053,62,256783
16059,0.000277,172.31.40.0-255,66,32119,62,256783
16060,0.000285,74.125.68.0-255,7156,39275,62,256783
16061,0.000287,172.31.40.0-255,66,39341,62,256783
16062,0.000294,74.125.68.0-255,1484,40825,62,256783
16063,0.000297,172.31.40.0-255,66,40891,62,256783
16064,0.000329,74.125.68.0-255,7156,48047,62,256783
16065,0.000336,172.31.40.0-255,66,48113,62,256783
16066,0.000348,74.125.68.0-255,427,48540,62,256783
16067,0.000512,74.125.68.0-255,1484,50024,62,256783
16068,0.000517,74.125.68.0-255,1484,51508,62,256783
16069,0.000533,74.125.68.0-255,2902,54410,62,256783
16070,0.000552,74.125.68.0-255,4320,58730,62,256783
16071,0.000561,74.125.68.0-255,1484,60214,62,256783
16072,0.000585,74.125.68.0-255,7156,67370,62,256783
16073,0.000636,74.125.68.0-255,2902,70272,62,256783
16074,0.000646,172.31.40.0-255,66,70338,62,256783
16075,0.000657,74.125.68.0-255,3602,73940,62,256783
16076,0.000665,74.125.68.0-255,346,74286,62,256783
16077,0.00067,172.31.40.0-255,66,74352,62,256783
16078,0.00081,74.125.68.0-255,1484,75836,62,256783
16079,0.000816,74.125.68.0-255,2902,78738,62,256783
16080,0.000819,74.125.68.0-255,1484,80222,62,256783
16081,0.000839,172.31.40.0-255,66,80288,62,256783
16082,0.000876,74.125.68.0-255,5738,86026,62,256783
16083,0.000881,74.125.68.0-255,2902,88928,62,256783
16084,0.000898,74.125.68.0-255,2902,91830,62,256783
16085,0.000902,172.31.40.0-255,66,91896,62,256783
16086,0.000907,172.31.40.0-255,66,91962,62,256783
16087,0.00093,74.125.68.0-255,4320,96282,62,256783
16088,0.00095,172.31.40.0-255,66,96348,62,256783
16089,0.000954,74.125.68.0-255,1484,97832,62,256783
16090,0.000971,74.125.68.0-255,4320,102152,62,256783
16091,0.000984,74.125.68.0-255,1484,103636,62,256783
16092,0.000995,172.31.40.0-255,66,103702,62,256783
16093,0.001028,74.125.68.0-255,2902,106604,62,256783
16094,0.001032,74.125.68.0-255,2184,108788,62,256783
16095,0.001047,172.31.40.0-255,66,108854,62,256783
16096,0.001215,74.125.68.0-255,1484,110338,62,256783
16097,0.001244,74.125.68.0-255,1484,111822,62,256783
16098,0.001249,172.31.40.0-255,66,111888,62,256783
16099,0.001259,74.125.68.0-255,2902,114790,62,256783
16100,0.001263,172.31.40.0-255,66,114856,62,256783
16101,0.001294,74.125.68.0-255,5738,120594,62,256783
16102,0.0013,74.125.68.0-255,4320,124914,62,256783
16103,0.001311,74.125.68.0-255,2902,127816,62,256783
16104,0.001324,74.125.68.0-255,2902,130718,62,256783
16105,0.001363,74.125.68.0-255,2902,133620,62,256783
16106,0.001367,172.31.40.0-255,66,133686,62,256783
16107,0.001392,74.125.68.0-255,766,134452,62,256783
16108,0.001414,172.31.40.0-255,66,134518,62,256783
16109,0.001459,74.125.68.0-255,1484,136002,62,256783
16110,0.001465,74.125.68.0-255,2902,138904,62,256783
16111,0.001481,74.125.68.0-255,2902,141806,62,256783
16112,0.001493,74.125.68.0-255,2902,144708,62,256783
16113,0.001495,74.125.68.0-255,1484,146192,62,256783
16114,0.001498,172.31.40.0-255,66,146258,62,256783
16115,0.001503,172.31.40.0-255,66,146324,62,256783
16116,0.001537,74.125.68.0-255,5738,152062,62,256783
16117,0.00154,74.125.68.0-255,1484,153546,62,256783
16118,0.001547,172.31.40.0-255,66,153612,62,256783
16119,0.001557,74.125.68.0-255,4320,157932,62,256783
16120,0.001562,172.31.40.0-255,66,157998,62,256783
16121,0.001579,74.125.68.0-255,2902,160900,62,256783
16122,0.001625,172.31.40.0-255,66,160966,62,256783
16123,0.001677,74.125.68.0-255,1484,162450,62,256783
16124,0.001692,74.125.68.0-255,2902,165352,62,256783
16125,0.001704,172.31.40.0-255,66,165418,62,256783
16126,0.001758,74.125.68.0-255,1484,166902,62,256783
16127,0.001773,74.125.68.0-255,2902,169804,62,256783
16128,0.001781,172.31.40.0-255,66,169870,62,256783
16129,0.001802,74.125.68.0-255,5738,175608,62,256783
16130,0.001805,74.125.68.0-255,1484,177092,62,256783
16131,0.00182,74.125.68.0-255,5738,182830,62,256783
16132,0.001835,172.31.40.0-255,66,182896,62,256783
16133,0.001843,74.125.68.0-255,2902,185798,62,256783
16134,0.001848,172.31.40.0-255,66,185864,62,256783
16135,0.001884,74.125.68.0-255,1484,187348,62,256783
16136,0.001894,172.31.40.0-255,66,187414,62,256783
16137,0.001937,74.125.68.0-255,4320,191734,62,256783
16138,0.001949,172.31.40.0-255,66,191800,62,256783
16139,0.001959,74.125.68.0-255,2902,194702,62,256783
16140,0.002007,172.31.40.0-255,66,194768,62,256783
16141,0.002014,74.125.68.0-255,1484,196252,62,256783
16142,0.002041,74.125.68.0-255,2902,199154,62,256783
16143,0.002046,172.31.40.0-255,66,199220,62,256783
16144,0.002053,74.125.68.0-255,1484,200704,62,256783
16145,0.002073,74.125.68.0-255,2902,203606,62,256783
16146,0.002079,74.125.68.0-255,5738,209344,62,256783
16147,0.002122,172.31.40.0-255,66,209410,62,256783
16148,0.002132,74.125.68.0-255,2902,212312,62,256783
16149,0.002142,74.125.68.0-255,4320,216632,62,256783
16150,0.002171,74.125.68.0-255,3602,220234,62,256783
16151,0.002174,172.31.40.0-255,66,220300,62,256783
16152,0.002185,172.31.40.0-255,66,220366,62,256783
16153,0.002217,74.125.68.0-255,2902,223268,62,256783
16154,0.002237,74.125.68.0-255,1484,224752,62,256783
16155,0.002245,74.125.68.0-255,5738,230490,62,256783
16156,0.00225,172.31.40.0-255,66,230556,62,256783
16157,0.002289,172.31.40.0-255,66,230622,62,256783
16158,0.002292,74.125.68.0-255,1484,232106,62,256783
16159,0.002297,74.125.68.0-255,2902,235008,62,256783
16160,0.002307,172.31.40.0-255,66,235074,62,256783
16161,0.002333,74.125.68.0-255,4320,239394,62,256783
16162,0.002341,172.31.40.0-255,66,239460,62,256783
16163,0.002443,172.31.40.0-255,66,239526,62,256783
16164,0.002448,172.31.40.0-255,66,239592,62,256783
16165,0.002473,74.125.68.0-255,5020,244612,62,256783
16166,0.002503,74.125.68.0-255,1484,246096,62,256783
16167,0.002509,74.125.68.0-255,4320,250416,62,256783
16168,0.002513,172.31.40.0-255,66,250482,62,256783
16169,0.002561,172.31.40.0-255,66,250548,62,256783
16170,0.002578,74.125.68.0-255,1484,252032,62,256783
16171,0.002602,74.125.68.0-255,2870,254902,62,256783
16172,0.002605,74.125.68.0-255,97,254999,62,256783
16173,0.002617,172.31.40.0-255,66,255065,62,256783
16174,0.002668,74.125.68.0-255,105,255170,62,256783
16175,0.005062,172.31.40.0-255,66,255236,62,256783
16176,0.0051,172.31.40.0-255,105,255341,62,256783
16177,0.007753,74.125.68.0-255,66,255407,62,256783
16178,0.038238,172.31.40.0-255,167,255574,62,256783
16179,0.038273,172.31.40.0-255,1077,256651,62,256783
16180,0.039902,104.244.42.0-255,66,256717,62,256783
16181,0.039963,104.244.42.0-255,66,256783,62,256783
16182,0.0,104.244.42.0-255,66,66,62,66
16183,0.0,74.125.200.0-255,152,152,62,317139
16184,1.4e-05,172.31.40.0-255,66,218,62,317139
16185,2.9e-05,74.125.200.0-255,1484,1702,62,317139
16186,3.4e-05,172.31.40.0-255,66,1768,62,317139
16187,4.6e-05,74.125.200.0-255,1484,3252,62,317139
16188,4.9e-05,172.31.40.0-255,66,3318,62,317139
16189,6e-05,74.125.200.0-255,1484,4802,62,317139
16190,6.2e-05,172.31.40.0-255,66,4868,62,317139
16191,6.7e-05,74.125.200.0-255,2902,7770,62,317139
16192,7e-05,172.31.40.0-255,66,7836,62,317139
16193,7.3e-05,74.125.200.0-255,1484,9320,62,317139
16194,7.5e-05,172.31.40.0-255,66,9386,62,317139
16195,9.6e-05,74.125.200.0-255,2902,12288,62,317139
16196,9.8e-05,172.31.40.0-255,66,12354,62,317139
16197,0.000115,74.125.200.0-255,2037,14391,62,317139
16198,0.000117,172.31.40.0-255,66,14457,62,317139
16199,0.000257,74.125.200.0-255,1484,15941,62,317139
16200,0.000263,172.31.40.0-255,66,16007,62,317139
16201,0.000283,74.125.200.0-255,2902,18909,62,317139
16202,0.000286,172.31.40.0-255,66,18975,62,317139
16203,0.00029,74.125.200.0-255,2902,21877,62,317139
16204,0.000292,172.31.40.0-255,66,21943,62,317139
16205,0.000307,74.125.200.0-255,2902,24845,62,317139
16206,0.000309,172.31.40.0-255,66,24911,62,317139
16207,0.000313,74.125.200.0-255,2902,27813,62,317139
16208,0.000314,172.31.40.0-255,66,27879,62,317139
16209,0.000319,74.125.200.0-255,3961,31840,62,317139
16210,0.000321,172.31.40.0-255,66,31906,62,317139
16211,0.000358,74.125.200.0-255,4320,36226,62,317139
16212,0.000361,172.31.40.0-255,66,36292,62,317139
16213,0.00038,74.125.200.0-255,4320,40612,62,317139
16214,0.000382,172.31.40.0-255,66,40678,62,317139
16215,0.000395,74.125.200.0-255,2902,43580,62,317139
16216,0.000398,172.31.40.0-255,66,43646,62,317139
16217,0.000428,74.125.200.0-255,7156,50802,62,317139
16218,0.000431,172.31.40.0-255,66,50868,62,317139
16219,0.000436,74.125.200.0-255,4320,55188,62,317139
16220,0.000437,172.31.40.0-255,66,55254,62,317139
16221,0.000464,74.125.200.0-255,2902,58156,62,317139
16222,0.000467,172.31.40.0-255,66,58222,62,317139
16223,0.000494,172.31.40.0-255,66,58288,62,317139
16224,0.000497,74.125.200.0-255,707,58995,62,317139
16225,0.000644,74.125.200.0-255,1484,60479,62,317139
16226,0.000648,172.31.40.0-255,66,60545,62,317139
16227,0.000667,74.125.200.0-255,2902,63447,62,317139
16228,0.00067,172.31.40.0-255,66,63513,62,317139
16229,0.000681,74.125.200.0-255,1484,64997,62,317139
16230,0.000695,74.125.200.0-255,4320,69317,62,317139
16231,0.000697,172.31.40.0-255,66,69383,62,317139
16232,0.000719,74.125.200.0-255,5738,75121,62,317139
16233,0.000721,172.31.40.0-255,66,75187,62,317139
16234,0.000739,74.125.200.0-255,2902,78089,62,317139
16235,0.000741,172.31.40.0-255,66,78155,62,317139
16236,0.000745,74.125.200.0-255,1484,79639,62,317139
16237,0.000769,172.31.40.0-255,66,79705,62,317139
16238,0.000772,74.125.200.0-255,1484,81189,62,317139
16239,0.000789,74.125.200.0-255,3602,84791,62,317139
16240,0.000792,172.31.40.0-255,66,84857,62,317139
16241,0.000892,74.125.200.0-255,1484,86341,62,317139
16242,0.000912,74.125.200.0-255,1484,87825,62,317139
16243,0.000915,172.31.40.0-255,66,87891,62,317139
16244,0.000919,74.125.200.0-255,1484,89375,62,317139
16245,0.000935,74.125.200.0-255,1484,90859,62,317139
16246,0.000938,172.31.40.0-255,66,90925,62,317139
16247,0.000943,74.125.200.0-255,2902,93827,62,317139
16248,0.000945,172.31.40.0-255,66,93893,62,317139
16249,0.000961,74.125.200.0-255,2902,96795,62,317139
16250,0.000963,172.31.40.0-255,66,96861,62,317139
16251,0.000966,74.125.200.0-255,1484,98345,62,317139
16252,0.000987,74.125.200.0-255,7156,105501,62,317139
16253,0.00099,172.31.40.0-255,66,105567,62,317139
16254,0.001008,74.125.200.0-255,7156,112723,62,317139
16255,0.00101,172.31.40.0-255,66,112789,62,317139
16256,0.001025,74.125.200.0-255,2902,115691,62,317139
16257,0.001029,74.125.200.0-255,3602,119293,62,317139
16258,0.001033,172.31.40.0-255,66,119359,62,317139
16259,0.001037,172.31.40.0-255,66,119425,62,317139
16260,0.001977,74.125.200.0-255,1484,120909,62,317139
16261,0.001987,74.125.200.0-255,2902,123811,62,317139
16262,0.001992,172.31.40.0-255,66,123877,62,317139
16263,0.002065,74.125.200.0-255,2902,126779,62,317139
16264,0.002068,172.31.40.0-255,66,126845,62,317139
16265,0.002093,74.125.200.0-255,1484,128329,62,317139
16266,0.002099,74.125.200.0-255,5738,134067,62,317139
16267,0.002102,172.31.40.0-255,66,134133,62,317139
16268,0.002115,172.31.40.0-255,66,134199,62,317139
16269,0.002126,172.31.40.0-255,66,134265,62,317139
16270,0.002166,74.125.200.0-255,4320,138585,62,317139
16271,0.002168,172.31.40.0-255,66,138651,62,317139
16272,0.002196,74.125.200.0-255,2902,141553,62,317139
16273,0.002198,172.31.40.0-255,66,141619,62,317139
16274,0.002207,74.125.200.0-255,1484,143103,62,317139
16275,0.002219,74.125.200.0-255,2902,146005,62,317139
16276,0.002222,172.31.40.0-255,66,146071,62,317139
16277,0.002234,74.125.200.0-255,2902,148973,62,317139
16278,0.002236,172.31.40.0-255,66,149039,62,317139
16279,0.002239,74.125.200.0-255,1484,150523,62,317139
16280,0.002273,172.31.40.0-255,66,150589,62,317139
16281,0.002278,74.125.200.0-255,4320,154909,62,317139
16282,0.00228,172.31.40.0-255,66,154975,62,317139
16283,0.002309,74.125.200.0-255,3602,158577,62,317139
16284,0.00231,172.31.40.0-255,66,158643,62,317139
16285,0.004697,74.125.200.0-255,1484,160127,62,317139
16286,0.004713,74.125.200.0-255,1484,161611,62,317139
16287,0.004716,172.31.40.0-255,66,161677,62,317139
16288,0.004735,74.125.200.0-255,2902,164579,62,317139
16289,0.004737,172.31.40.0-255,66,164645,62,317139
16290,0.007157,74.125.200.0-255,5738,170383,62,317139
16291,0.007164,172.31.40.0-255,66,170449,62,317139
16292,0.009598,74.125.200.0-255,5738,176187,62,317139
16293,0.009605,172.31.40.0-255,66,176253,62,317139
16294,0.012037,74.125.200.0-255,5738,181991,62,317139
16295,0.012045,172.31.40.0-255,66,182057,62,317139
16296,0.014503,74.125.200.0-255,5738,187795,62,317139
16297,0.014517,172.31.40.0-255,66,187861,62,317139
16298,0.01696,74.125.200.0-255,5738,193599,62,317139
16299,0.016972,172.31.40.0-255,66,193665,62,317139
16300,0.019418,74.125.200.0-255,5738,199403,62,317139
16301,0.019427,172.31.40.0-255,66,199469,62,317139
16302,0.021876,74.125.200.0-255,5738,205207,62,317139
16303,0.021884,172.31.40.0-255,66,205273,62,317139
16304,0.024335,74.125.200.0-255,5738,211011,62,317139
16305,0.024344,172.31.40.0-255,66,211077,62,317139
16306,0.026782,74.125.200.0-255,4320,215397,62,317139
16307,0.02679,172.31.40.0-255,66,215463,62,317139
16308,0.026811,74.125.200.0-255,1484,216947,62,317139
16309,0.028642,172.31.40.0-255,172,217119,62,317139
16310,0.028674,172.31.40.0-255,1106,218225,62,317139
16311,0.028734,172.31.40.0-255,1514,219739,62,317139
16312,0.028736,172.31.40.0-255,1304,221043,62,317139
16313,0.02922,74.125.200.0-255,4320,225363,62,317139
16314,0.029226,172.31.40.0-255,66,225429,62,317139
16315,0.030306,104.244.42.0-255,66,225495,62,317139
16316,0.03035,104.244.42.0-255,66,225561,62,317139
16317,0.030444,104.244.42.0-255,66,225627,62,317139
16318,0.031683,74.125.200.0-255,5738,231365,62,317139
16319,0.03169,172.31.40.0-255,66,231431,62,317139
16320,0.03413,74.125.200.0-255,5738,237169,62,317139
16321,0.034137,172.31.40.0-255,66,237235,62,317139
16322,0.036577,74.125.200.0-255,5738,242973,62,317139
16323,0.036584,172.31.40.0-255,66,243039,62,317139
16324,0.03904,74.125.200.0-255,5738,248777,62,317139
16325,0.039048,172.31.40.0-255,66,248843,62,317139
16326,0.041493,74.125.200.0-255,5738,254581,62,317139
16327,0.041501,172.31.40.0-255,66,254647,62,317139
16328,0.043952,74.125.200.0-255,5738,260385,62,317139
16329,0.043959,172.31.40.0-255,66,260451,62,317139
16330,0.046427,74.125.200.0-255,5738,266189,62,317139
16331,0.046434,172.31.40.0-255,66,266255,62,317139
16332,0.048879,74.125.200.0-255,5738,271993,62,317139
16333,0.048886,172.31.40.0-255,66,272059,62,317139
16334,0.051337,74.125.200.0-255,5738,277797,62,317139
16335,0.051343,172.31.40.0-255,66,277863,62,317139
16336,0.054064,74.125.200.0-255,4320,282183,62,317139
16337,0.054071,172.31.40.0-255,66,282249,62,317139
16338,0.054089,74.125.200.0-255,1484,283733,62,317139
16339,0.05652,74.125.200.0-255,4320,288053,62,317139
16340,0.056526,172.31.40.0-255,66,288119,62,317139
16341,0.058976,74.125.200.0-255,5738,293857,62,317139
16342,0.058982,172.31.40.0-255,66,293923,62,317139
16343,0.061423,74.125.200.0-255,5738,299661,62,317139
16344,0.06143,172.31.40.0-255,66,299727,62,317139
16345,0.063872,74.125.200.0-255,5738,305465,62,317139
16346,0.063879,172.31.40.0-255,66,305531,62,317139
16347,0.066399,74.125.200.0-255,5738,311269,62,317139
16348,0.066406,172.31.40.0-255,66,311335,62,317139
16349,0.068899,74.125.200.0-255,5738,317073,62,317139
16350,0.068906,172.31.40.0-255,66,317139,62,317139
16351,0.0,172.217.194.0-255,296,296,62,249425
16352,2.5e-05,172.31.40.0-255,66,362,62,249425
16353,3.3e-05,172.217.194.0-255,1484,1846,62,249425
16354,3.7e-05,172.31.40.0-255,66,1912,62,249425
16355,4.5e-05,172.217.194.0-255,4320,6232,62,249425
16356,4.8e-05,172.31.40.0-255,66,6298,62,249425
16357,5.3e-05,172.217.194.0-255,2902,9200,62,249425
16358,5.5e-05,172.31.40.0-255,66,9266,62,249425
16359,8.5e-05,172.217.194.0-255,4803,14069,62,249425
16360,8.8e-05,172.31.40.0-255,66,14135,62,249425
16361,0.000133,172.217.194.0-255,1484,15619,62,249425
16362,0.000136,172.31.40.0-255,66,15685,62,249425
16363,0.000141,172.217.194.0-255,2902,18587,62,249425
16364,0.000144,172.31.40.0-255,66,18653,62,249425
16365,0.000147,172.217.194.0-255,1484,20137,62,249425
16366,0.000149,172.31.40.0-255,66,20203,62,249425
16367,0.00018,172.217.194.0-255,4320,24523,62,249425
16368,0.000184,172.31.40.0-255,66,24589,62,249425
16369,0.000211,172.31.40.0-255,66,24655,62,249425
16370,0.000229,172.217.194.0-255,3961,28616,62,249425
16371,0.000232,172.31.40.0-255,66,28682,62,249425
16372,0.000235,172.217.194.0-255,1484,30166,62,249425
16373,0.000237,172.31.40.0-255,66,30232,62,249425
16374,0.000261,172.31.40.0-255,66,30298,62,249425
16375,0.001581,172.217.194.0-255,1484,31782,62,249425
16376,0.001589,172.31.40.0-255,66,31848,62,249425
16377,0.0016,172.217.194.0-255,2902,34750,62,249425
16378,0.001602,172.31.40.0-255,66,34816,62,249425
16379,0.001609,172.217.194.0-255,5738,40554,62,249425
16380,0.001611,172.31.40.0-255,66,40620,62,249425
16381,0.001618,172.217.194.0-255,6797,47417,62,249425
16382,0.001621,172.31.40.0-255,66,47483,62,249425
16383,0.001648,172.217.194.0-255,7156,54639,62,249425
16384,0.001651,172.31.40.0-255,66,54705,62,249425
16385,0.001684,172.31.40.0-255,66,54771,62,249425
16386,0.001691,172.217.194.0-255,7156,61927,62,249425
16387,0.001693,172.31.40.0-255,66,61993,62,249425
16388,0.001716,172.217.194.0-255,5738,67731,62,249425
16389,0.001719,172.31.40.0-255,66,67797,62,249425
16390,0.001723,172.217.194.0-255,2184,69981,62,249425
16391,0.001724,172.31.40.0-255,66,70047,62,249425
16392,0.001761,172.217.194.0-255,1484,71531,62,249425
16393,0.001778,172.217.194.0-255,2902,74433,62,249425
16394,0.001782,172.31.40.0-255,66,74499,62,249425
16395,0.001788,172.217.194.0-255,5738,80237,62,249425
16396,0.001791,172.31.40.0-255,66,80303,62,249425
16397,0.00183,172.31.40.0-255,66,80369,62,249425
16398,0.001847,172.217.194.0-255,2428,82797,62,249425
16399,0.001849,172.31.40.0-255,66,82863,62,249425
16400,0.001863,172.31.40.0-255,66,82929,62,249425
16401,0.001891,172.217.194.0-255,1484,84413,62,249425
16402,0.001909,172.217.194.0-255,1484,85897,62,249425
16403,0.001911,172.31.40.0-255,66,85963,62,249425
16404,0.001934,172.217.194.0-255,1484,87447,62,249425
16405,0.001941,172.217.194.0-255,4320,91767,62,249425
16406,0.001943,172.31.40.0-255,66,91833,62,249425
16407,0.001954,172.31.40.0-255,66,91899,62,249425
16408,0.002022,172.31.40.0-255,66,91965,62,249425
16409,0.002284,172.217.194.0-255,1484,93449,62,249425
16410,0.002292,172.217.194.0-255,2902,96351,62,249425
16411,0.002296,172.31.40.0-255,66,96417,62,249425
16412,0.002304,172.217.194.0-255,5738,102155,62,249425
16413,0.002307,172.31.40.0-255,66,102221,62,249425
16414,0.002344,172.31.40.0-255,66,102287,62,249425
16415,0.002358,172.31.40.0-255,66,102353,62,249425
16416,0.004939,172.217.194.0-255,5738,108091,62,249425
16417,0.004947,172.31.40.0-255,66,108157,62,249425
16418,0.007531,172.217.194.0-255,4320,112477,62,249425
16419,0.007534,172.31.40.0-255,66,112543,62,249425
16420,0.007553,172.217.194.0-255,1484,114027,62,249425
16421,0.010162,172.217.194.0-255,4320,118347,62,249425
16422,0.010173,172.31.40.0-255,66,118413,62,249425
16423,0.012806,172.217.194.0-255,5738,124151,62,249425
16424,0.012821,172.31.40.0-255,66,124217,62,249425
16425,0.015461,172.217.194.0-255,5738,129955,62,249425
16426,0.015475,172.31.40.0-255,66,130021,62,249425
16427,0.018075,172.217.194.0-255,5738,135759,62,249425
16428,0.018087,172.31.40.0-255,66,135825,62,249425
16429,0.02067,172.217.194.0-255,5738,141563,62,249425
16430,0.020681,172.31.40.0-255,66,141629,62,249425
16431,0.023289,172.217.194.0-255,5738,147367,62,249425
16432,0.023299,172.31.40.0-255,66,147433,62,249425
16433,0.025995,172.217.194.0-255,5738,153171,62,249425
16434,0.026012,172.31.40.0-255,66,153237,62,249425
16435,0.028627,172.217.194.0-255,5738,158975,62,249425
16436,0.028645,172.31.40.0-255,66,159041,62,249425
16437,0.031265,172.217.194.0-255,5738,164779,62,249425
16438,0.031285,172.31.40.0-255,66,164845,62,249425
16439,0.033908,172.217.194.0-255,5738,170583,62,249425
16440,0.033925,172.31.40.0-255,66,170649,62,249425
16441,0.036553,172.217.194.0-255,5738,176387,62,249425
16442,0.03657,172.31.40.0-255,66,176453,62,249425
16443,0.0392,172.217.194.0-255,5738,182191,62,249425
16444,0.039212,172.31.40.0-255,66,182257,62,249425
16445,0.041809,172.217.194.0-255,5738,187995,62,249425
16446,0.041819,172.31.40.0-255,66,188061,62,249425
16447,0.043063,172.31.40.0-255,167,188228,62,249425
16448,0.043096,172.31.40.0-255,1105,189333,62,249425
16449,0.043158,172.31.40.0-255,1514,190847,62,249425
16450,0.04316,172.31.40.0-255,340,191187,62,249425
16451,0.044411,172.217.194.0-255,5738,196925,62,249425
16452,0.044419,172.31.40.0-255,66,196991,62,249425
16453,0.044586,104.244.42.0-255,66,197057,62,249425
16454,0.044636,104.244.42.0-255,66,197123,62,249425
16455,0.044682,104.244.42.0-255,66,197189,62,249425
16456,0.047046,172.217.194.0-255,5738,202927,62,249425
16457,0.047055,172.31.40.0-255,66,202993,62,249425
16458,0.049677,172.217.194.0-255,5738,208731,62,249425
16459,0.049684,172.31.40.0-255,66,208797,62,249425
16460,0.052273,172.217.194.0-255,5738,214535,62,249425
16461,0.052281,172.31.40.0-255,66,214601,62,249425
16462,0.05491,172.217.194.0-255,5738,220339,62,249425
16463,0.054916,172.31.40.0-255,66,220405,62,249425
16464,0.057537,172.217.194.0-255,5738,226143,62,249425
16465,0.057546,172.31.40.0-255,66,226209,62,249425
16466,0.060169,172.217.194.0-255,5738,231947,62,249425
16467,0.060177,172.31.40.0-255,66,232013,62,249425
16468,0.062785,172.217.194.0-255,5738,237751,62,249425
16469,0.062792,172.31.40.0-255,66,237817,62,249425
16470,0.065403,172.217.194.0-255,5738,243555,62,249425
16471,0.06541,172.31.40.0-255,66,243621,62,249425
16472,0.067992,172.217.194.0-255,5738,249359,62,249425
16473,0.068001,172.31.40.0-255,66,249425,62,249425
16474,0.0,172.217.194.0-255,148,148,62,272277
16475,1.2e-05,172.31.40.0-255,66,214,62,272277
16476,3.4e-05,172.217.194.0-255,1484,1698,62,272277
16477,3.9e-05,172.31.40.0-255,66,1764,62,272277
16478,4.4e-05,172.217.194.0-255,2902,4666,62,272277
16479,4.7e-05,172.31.40.0-255,66,4732,62,272277
16480,6.9e-05,172.217.194.0-255,7156,11888,62,272277
16481,7.2e-05,172.31.40.0-255,66,11954,62,272277
16482,0.000116,172.217.194.0-255,5738,17692,62,272277
16483,0.000119,172.31.40.0-255,66,17758,62,272277
16484,0.000146,172.217.194.0-255,6238,23996,62,272277
16485,0.000148,172.31.40.0-255,66,24062,62,272277
16486,0.000155,172.217.194.0-255,5738,29800,62,272277
16487,0.000157,172.31.40.0-255,66,29866,62,272277
16488,0.00016,172.217.194.0-255,1125,30991,62,272277
16489,0.000163,172.31.40.0-255,66,31057,62,272277
16490,0.000233,172.217.194.0-255,1484,32541,62,272277
16491,0.000236,172.31.40.0-255,66,32607,62,272277
16492,0.00024,172.217.194.0-255,1484,34091,62,272277
16493,0.000242,172.31.40.0-255,66,34157,62,272277
16494,0.000256,172.217.194.0-255,1484,35641,62,272277
16495,0.000259,172.31.40.0-255,66,35707,62,272277
16496,0.000264,172.217.194.0-255,4320,40027,62,272277
16497,0.000267,172.31.40.0-255,66,40093,62,272277
16498,0.00028,172.217.194.0-255,1484,41577,62,272277
16499,0.000282,172.31.40.0-255,66,41643,62,272277
16500,0.000288,172.217.194.0-255,4320,45963,62,272277
16501,0.00029,172.31.40.0-255,66,46029,62,272277
16502,0.000324,172.217.194.0-255,2902,48931,62,272277
16503,0.000327,172.31.40.0-255,66,48997,62,272277
16504,0.000349,172.31.40.0-255,66,49063,62,272277
16505,0.000357,172.217.194.0-255,7087,56150,62,272277
16506,0.000359,172.31.40.0-255,66,56216,62,272277
16507,0.000362,172.217.194.0-255,98,56314,62,272277
16508,0.000365,172.217.194.0-255,363,56677,62,272277
16509,0.00055,172.217.194.0-255,1484,58161,62,272277
16510,0.000555,172.31.40.0-255,66,58227,62,272277
16511,0.000559,172.217.194.0-255,1484,59711,62,272277
16512,0.000578,172.217.194.0-255,1484,61195,62,272277
16513,0.000584,172.217.194.0-255,5738,66933,62,272277
16514,0.000588,172.31.40.0-255,66,66999,62,272277
16515,0.000591,172.31.40.0-255,66,67065,62,272277
16516,0.00062,172.31.40.0-255,66,67131,62,272277
16517,0.000667,172.217.194.0-255,4320,71451,62,272277
16518,0.00067,172.31.40.0-255,66,71517,62,272277
16519,0.000697,172.31.40.0-255,66,71583,62,272277
16520,0.000732,172.217.194.0-255,766,72349,62,272277
16521,0.001022,172.217.194.0-255,1484,73833,62,272277
16522,0.001029,172.31.40.0-255,66,73899,62,272277
16523,0.001036,172.217.194.0-255,2902,76801,62,272277
16524,0.001039,172.31.40.0-255,66,76867,62,272277
16525,0.001059,172.217.194.0-255,5738,82605,62,272277
16526,0.001062,172.31.40.0-255,66,82671,62,272277
16527,0.001083,172.217.194.0-255,2902,85573,62,272277
16528,0.001086,172.31.40.0-255,66,85639,62,272277
16529,0.001114,172.31.40.0-255,66,85705,62,272277
16530,0.00115,172.217.194.0-255,4320,90025,62,272277
16531,0.001153,172.31.40.0-255,66,90091,62,272277
16532,0.00117,172.217.194.0-255,1484,91575,62,272277
16533,0.001176,172.217.194.0-255,5020,96595,62,272277
16534,0.001179,172.31.40.0-255,66,96661,62,272277
16535,0.001184,172.217.194.0-255,2902,99563,62,272277
16536,0.001186,172.31.40.0-255,66,99629,62,272277
16537,0.001208,172.217.194.0-255,2902,102531,62,272277
16538,0.001211,172.31.40.0-255,66,102597,62,272277
16539,0.001217,172.217.194.0-255,5738,108335,62,272277
16540,0.00122,172.31.40.0-255,66,108401,62,272277
16541,0.001225,172.217.194.0-255,4320,112721,62,272277
16542,0.001227,172.31.40.0-255,66,112787,62,272277
16543,0.001303,172.217.194.0-255,1484,114271,62,272277
16544,0.001309,172.217.194.0-255,2902,117173,62,272277
16545,0.001333,172.217.194.0-255,5738,122911,62,272277
16546,0.001369,172.217.194.0-255,1484,124395,62,272277
16547,0.001409,172.217.194.0-255,2902,127297,62,272277
16548,0.001444,172.217.194.0-255,4320,131617,62,272277
16549,0.001467,172.217.194.0-255,7156,138773,62,272277
16550,0.001498,172.217.194.0-255,5738,144511,62,272277
16551,0.001514,172.217.194.0-255,1484,145995,62,272277
16552,0.001518,172.217.194.0-255,2902,148897,62,272277
16553,0.001522,172.217.194.0-255,2902,151799,62,272277
16554,0.001539,172.217.194.0-255,2902,154701,62,272277
16555,0.001583,172.217.194.0-255,4320,159021,62,272277
16556,0.001588,172.217.194.0-255,4320,163341,62,272277
16557,0.001594,172.217.194.0-255,5738,169079,62,272277
16558,0.001596,172.217.194.0-255,766,169845,62,272277
16559,0.001766,172.217.194.0-255,1484,171329,62,272277
16560,0.001772,172.217.194.0-255,2902,174231,62,272277
16561,0.001779,172.217.194.0-255,5738,179969,62,272277
16562,0.001804,172.217.194.0-255,2902,182871,62,272277
16563,0.001885,172.217.194.0-255,2184,185055,62,272277
16564,0.002026,172.217.194.0-255,1484,186539,62,272277
16565,0.002033,172.217.194.0-255,2902,189441,62,272277
16566,0.002088,172.217.194.0-255,1484,190925,62,272277
16567,0.002116,172.217.194.0-255,4320,195245,62,272277
16568,0.002122,172.217.194.0-255,5738,200983,62,272277
16569,0.002129,172.217.194.0-255,7156,208139,62,272277
16570,0.002167,172.217.194.0-255,1484,209623,62,272277
16571,0.002175,172.217.194.0-255,7156,216779,62,272277
16572,0.002198,172.217.194.0-255,6438,223217,62,272277
16573,0.002226,172.217.194.0-255,1484,224701,62,272277
16574,0.002236,172.217.194.0-255,1484,226185,62,272277
16575,0.002247,172.217.194.0-255,1484,227669,62,272277
16576,0.002253,172.217.194.0-255,4320,231989,62,272277
16577,0.002272,172.217.194.0-255,1484,233473,62,272277
16578,0.002278,172.217.194.0-255,5738,239211,62,272277
16579,0.002304,172.217.194.0-255,5738,244949,62,272277
16580,0.002322,172.217.194.0-255,7156,252105,62,272277
16581,0.002327,172.217.194.0-255,5020,257125,62,272277
16582,0.004947,172.31.40.0-255,66,257191,62,272277
16583,0.007284,172.217.194.0-255,5738,262929,62,272277
16584,0.007291,172.31.40.0-255,66,262995,62,272277
16585,0.00955,172.217.194.0-255,883,263878,62,272277
16586,0.00966,172.31.40.0-255,66,263944,62,272277
16587,0.009695,172.31.40.0-255,105,264049,62,272277
16588,0.011927,172.217.194.0-255,66,264115,62,272277
16589,0.030549,172.31.40.0-255,172,264287,62,272277
16590,0.03059,172.31.40.0-255,1110,265397,62,272277
16591,0.030649,172.31.40.0-255,1514,266911,62,272277
16592,0.030651,172.31.40.0-255,1514,268425,62,272277
16593,0.030652,172.31.40.0-255,1514,269939,62,272277
16594,0.030653,172.31.40.0-255,1514,271453,62,272277
16595,0.03068,172.31.40.0-255,560,272013,62,272277
16596,0.032095,104.244.42.0-255,66,272079,62,272277
16597,0.032137,104.244.42.0-255,66,272145,62,272277
16598,0.032232,104.244.42.0-255,66,272211,62,272277
16599,0.032236,104.244.42.0-255,66,272277,62,272277
16600,0.0,74.125.24.0-255,153,153,62,204577
16601,2.1e-05,172.31.40.0-255,66,219,62,204577
16602,2.8e-05,74.125.24.0-255,1484,1703,62,204577
16603,3.1e-05,172.31.40.0-255,66,1769,62,204577
16604,3.7e-05,74.125.24.0-255,2902,4671,62,204577
16605,4e-05,172.31.40.0-255,66,4737,62,204577
16606,4.6e-05,74.125.24.0-255,7156,11893,62,204577
16607,4.9e-05,172.31.40.0-255,66,11959,62,204577
16608,8.2e-05,172.31.40.0-255,66,12025,62,204577
16609,0.000114,74.125.24.0-255,2902,14927,62,204577
16610,0.000117,172.31.40.0-255,66,14993,62,204577
16611,0.00013,74.125.24.0-255,4320,19313,62,204577
16612,0.000132,172.31.40.0-255,66,19379,62,204577
16613,0.000144,74.125.24.0-255,1125,20504,62,204577
16614,0.000146,172.31.40.0-255,66,20570,62,204577
16615,0.000248,74.125.24.0-255,1484,22054,62,204577
16616,0.000251,172.31.40.0-255,66,22120,62,204577
16617,0.000254,74.125.24.0-255,1484,23604,62,204577
16618,0.000256,172.31.40.0-255,66,23670,62,204577
16619,0.00027,74.125.24.0-255,1484,25154,62,204577
16620,0.000272,172.31.40.0-255,66,25220,62,204577
16621,0.000277,74.125.24.0-255,2902,28122,62,204577
16622,0.000279,172.31.40.0-255,66,28188,62,204577
16623,0.000293,74.125.24.0-255,2902,31090,62,204577
16624,0.000295,172.31.40.0-255,66,31156,62,204577
16625,0.000306,74.125.24.0-255,1484,32640,62,204577
16626,0.000308,172.31.40.0-255,66,32706,62,204577
16627,0.000336,172.31.40.0-255,66,32772,62,204577
16628,0.000346,172.31.40.0-255,66,32838,62,204577
16629,0.00036,74.125.24.0-255,1125,33963,62,204577
16630,0.000748,74.125.24.0-255,647,34610,62,204577
16631,0.000751,172.31.40.0-255,66,34676,62,204577
16632,0.000895,74.125.24.0-255,1484,36160,62,204577
16633,0.000908,74.125.24.0-255,2902,39062,62,204577
16634,0.000912,172.31.40.0-255,66,39128,62,204577
16635,0.000937,74.125.24.0-255,5738,44866,62,204577
16636,0.000939,172.31.40.0-255,66,44932,62,204577
16637,0.000953,74.125.24.0-255,1484,46416,62,204577
16638,0.000975,172.31.40.0-255,66,46482,62,204577
16639,0.001014,172.31.40.0-255,66,46548,62,204577
16640,0.001467,74.125.24.0-255,1484,48032,62,204577
16641,0.001474,74.125.24.0-255,2902,50934,62,204577
16642,0.001478,172.31.40.0-255,66,51000,62,204577
16643,0.001483,74.125.24.0-255,2902,53902,62,204577
16644,0.001485,172.31.40.0-255,66,53968,62,204577
16645,0.001502,74.125.24.0-255,2902,56870,62,204577
16646,0.001506,74.125.24.0-255,4320,61190,62,204577
16647,0.001509,172.31.40.0-255,66,61256,62,204577
16648,0.001515,172.31.40.0-255,66,61322,62,204577
16649,0.00152,74.125.24.0-255,4320,65642,62,204577
16650,0.001523,172.31.40.0-255,66,65708,62,204577
16651,0.00155,74.125.24.0-255,7156,72864,62,204577
16652,0.001552,172.31.40.0-255,66,72930,62,204577
16653,0.001561,172.31.40.0-255,66,72996,62,204577
16654,0.001615,74.125.24.0-255,1484,74480,62,204577
16655,0.00162,74.125.24.0-255,2902,77382,62,204577
16656,0.001622,172.31.40.0-255,66,77448,62,204577
16657,0.001644,74.125.24.0-255,5738,83186,62,204577
16658,0.001646,172.31.40.0-255,66,83252,62,204577
16659,0.001649,74.125.24.0-255,1484,84736,62,204577
16660,0.001668,74.125.24.0-255,7156,91892,62,204577
16661,0.00167,172.31.40.0-255,66,91958,62,204577
16662,0.00172,74.125.24.0-255,4320,96278,62,204577
16663,0.001723,172.31.40.0-255,66,96344,62,204577
16664,0.001752,172.31.40.0-255,66,96410,62,204577
16665,0.001839,74.125.24.0-255,1484,97894,62,204577
16666,0.001854,74.125.24.0-255,2902,100796,62,204577
16667,0.001857,172.31.40.0-255,66,100862,62,204577
16668,0.00188,74.125.24.0-255,5738,106600,62,204577
16669,0.001882,172.31.40.0-255,66,106666,62,204577
16670,0.001886,74.125.24.0-255,2902,109568,62,204577
16671,0.001888,172.31.40.0-255,66,109634,62,204577
16672,0.001909,172.31.40.0-255,66,109700,62,204577
16673,0.00192,172.31.40.0-255,66,109766,62,204577
16674,0.001952,74.125.24.0-255,2184,111950,62,204577
16675,0.001955,172.31.40.0-255,66,112016,62,204577
16676,0.002068,74.125.24.0-255,1484,113500,62,204577
16677,0.002082,74.125.24.0-255,2902,116402,62,204577
16678,0.002085,172.31.40.0-255,66,116468,62,204577
16679,0.002091,74.125.24.0-255,5738,122206,62,204577
16680,0.002092,172.31.40.0-255,66,122272,62,204577
16681,0.002131,172.31.40.0-255,66,122338,62,204577
16682,0.002142,172.31.40.0-255,66,122404,62,204577
16683,0.002154,74.125.24.0-255,1484,123888,62,204577
16684,0.002159,74.125.24.0-255,2902,126790,62,204577
16685,0.00216,172.31.40.0-255,66,126856,62,204577
16686,0.002203,172.31.40.0-255,66,126922,62,204577
16687,0.002223,172.31.40.0-255,66,126988,62,204577
16688,0.002234,172.31.40.0-255,66,127054,62,204577
16689,0.002257,74.125.24.0-255,2184,129238,62,204577
16690,0.002259,172.31.40.0-255,66,129304,62,204577
16691,0.002272,172.31.40.0-255,66,129370,62,204577
16692,0.002278,74.125.24.0-255,4320,133690,62,204577
16693,0.002282,172.31.40.0-255,66,133756,62,204577
16694,0.002309,74.125.24.0-255,7156,140912,62,204577
16695,0.002312,172.31.40.0-255,66,140978,62,204577
16696,0.002324,172.31.40.0-255,66,141044,62,204577
16697,0.002352,74.125.24.0-255,3602,144646,62,204577
16698,0.002355,172.31.40.0-255,66,144712,62,204577
16699,0.00237,172.31.40.0-255,66,144778,62,204577
16700,0.002406,74.125.24.0-255,2902,147680,62,204577
16701,0.002408,172.31.40.0-255,66,147746,62,204577
16702,0.002433,172.31.40.0-255,66,147812,62,204577
16703,0.00245,172.31.40.0-255,66,147878,62,204577
16704,0.002455,74.125.24.0-255,4320,152198,62,204577
16705,0.002457,172.31.40.0-255,66,152264,62,204577
16706,0.004846,74.125.24.0-255,5738,158002,62,204577
16707,0.004853,172.31.40.0-255,66,158068,62,204577
16708,0.007275,74.125.24.0-255,4320,162388,62,204577
16709,0.00728,172.31.40.0-255,66,162454,62,204577
16710,0.007296,74.125.24.0-255,1484,163938,62,204577
16711,0.009667,74.125.24.0-255,4320,168258,62,204577
16712,0.009673,172.31.40.0-255,66,168324,62,204577
16713,0.012031,74.125.24.0-255,5738,174062,62,204577
16714,0.012037,172.31.40.0-255,66,174128,62,204577
16715,0.01442,74.125.24.0-255,5738,179866,62,204577
16716,0.014426,172.31.40.0-255,66,179932,62,204577
16717,0.016814,74.125.24.0-255,5738,185670,62,204577
16718,0.01682,172.31.40.0-255,66,185736,62,204577
16719,0.019257,74.125.24.0-255,5738,191474,62,204577
16720,0.019269,172.31.40.0-255,66,191540,62,204577
16721,0.021677,74.125.24.0-255,5738,197278,62,204577
16722,0.021684,172.31.40.0-255,66,197344,62,204577
16723,0.024067,74.125.24.0-255,5615,202959,62,204577
16724,0.024075,172.31.40.0-255,66,203025,62,204577
16725,0.024843,172.31.40.0-255,105,203130,62,204577
16726,0.027196,74.125.24.0-255,66,203196,62,204577
16727,0.040424,172.31.40.0-255,172,203368,62,204577
16728,0.040452,172.31.40.0-255,1077,204445,62,204577
16729,0.042082,104.244.42.0-255,66,204511,62,204577
16730,0.042112,104.244.42.0-255,66,204577,62,204577
