,TIME,SRC,PACKET_SIZE,CUMULATIVE_PACKET_SIZE,PAGE_NUMBER,TOTAL_PACKET_SIZE
0,0.0,74.125.130.0-255,156,156,17,379129
1,2.2e-05,172.31.36.0-255,66,222,17,379129
2,3e-05,74.125.130.0-255,1484,1706,17,379129
3,3.4e-05,172.31.36.0-255,66,1772,17,379129
4,4.1e-05,74.125.130.0-255,2902,4674,17,379129
5,5.2e-05,172.31.36.0-255,66,4740,17,379129
6,5.8e-05,74.125.130.0-255,4320,9060,17,379129
7,6.1e-05,172.31.36.0-255,66,9126,17,379129
8,8.8e-05,74.125.130.0-255,2902,12028,17,379129
9,9.1e-05,172.31.36.0-255,66,12094,17,379129
10,0.000119,74.125.130.0-255,2063,14157,17,379129
11,0.000123,172.31.36.0-255,66,14223,17,379129
12,0.000126,74.125.130.0-255,1484,15707,17,379129
13,0.000128,172.31.36.0-255,66,15773,17,379129
14,0.000133,74.125.130.0-255,2902,18675,17,379129
15,0.000135,172.31.36.0-255,66,18741,17,379129
16,0.00017,74.125.130.0-255,5738,24479,17,379129
17,0.000173,172.31.36.0-255,66,24545,17,379129
18,0.000179,74.125.130.0-255,6797,31342,17,379129
19,0.000182,172.31.36.0-255,66,31408,17,379129
20,0.000385,74.125.130.0-255,1484,32892,17,379129
21,0.00039,172.31.36.0-255,66,32958,17,379129
22,0.000395,74.125.130.0-255,1484,34442,17,379129
23,0.000398,172.31.36.0-255,66,34508,17,379129
24,0.00043,74.125.130.0-255,1484,35992,17,379129
25,0.000433,172.31.36.0-255,66,36058,17,379129
26,0.000439,74.125.130.0-255,4320,40378,17,379129
27,0.000442,172.31.36.0-255,66,40444,17,379129
28,0.000447,74.125.130.0-255,4320,44764,17,379129
29,0.00045,172.31.36.0-255,66,44830,17,379129
30,0.000479,74.125.130.0-255,3961,48791,17,379129
31,0.000481,172.31.36.0-255,66,48857,17,379129
32,0.000492,172.31.36.0-255,66,48923,17,379129
33,0.000535,74.125.130.0-255,7156,56079,17,379129
34,0.000538,172.31.36.0-255,66,56145,17,379129
35,0.000567,74.125.130.0-255,1706,57851,17,379129
36,0.000569,172.31.36.0-255,66,57917,17,379129
37,0.000641,74.125.130.0-255,1484,59401,17,379129
38,0.000666,74.125.130.0-255,1484,60885,17,379129
39,0.000669,172.31.36.0-255,66,60951,17,379129
40,0.000674,74.125.130.0-255,2902,63853,17,379129
41,0.000677,172.31.36.0-255,66,63919,17,379129
42,0.000707,74.125.130.0-255,5738,69657,17,379129
43,0.00071,172.31.36.0-255,66,69723,17,379129
44,0.000715,74.125.130.0-255,2902,72625,17,379129
45,0.000718,172.31.36.0-255,66,72691,17,379129
46,0.000721,74.125.130.0-255,1484,74175,17,379129
47,0.000754,74.125.130.0-255,2543,76718,17,379129
48,0.000757,172.31.36.0-255,66,76784,17,379129
49,0.000768,172.31.36.0-255,66,76850,17,379129
50,0.000772,74.125.130.0-255,2902,79752,17,379129
51,0.000774,172.31.36.0-255,66,79818,17,379129
52,0.000829,74.125.130.0-255,3411,83229,17,379129
53,0.000832,172.31.36.0-255,66,83295,17,379129
54,0.0013,74.125.130.0-255,1484,84779,17,379129
55,0.001305,74.125.130.0-255,1484,86263,17,379129
56,0.001308,172.31.36.0-255,66,86329,17,379129
57,0.001331,74.125.130.0-255,1484,87813,17,379129
58,0.001336,74.125.130.0-255,2902,90715,17,379129
59,0.001338,172.31.36.0-255,66,90781,17,379129
60,0.00136,74.125.130.0-255,1484,92265,17,379129
61,0.001372,172.31.36.0-255,66,92331,17,379129
62,0.001377,74.125.130.0-255,4320,96651,17,379129
63,0.001379,172.31.36.0-255,66,96717,17,379129
64,0.001382,74.125.130.0-255,1484,98201,17,379129
65,0.001413,74.125.130.0-255,4320,102521,17,379129
66,0.001416,172.31.36.0-255,66,102587,17,379129
67,0.001442,74.125.130.0-255,6438,109025,17,379129
68,0.001445,172.31.36.0-255,66,109091,17,379129
69,0.00166,74.125.130.0-255,1484,110575,17,379129
70,0.001675,74.125.130.0-255,2902,113477,17,379129
71,0.001678,172.31.36.0-255,66,113543,17,379129
72,0.001682,74.125.130.0-255,1484,115027,17,379129
73,0.001715,74.125.130.0-255,2902,117929,17,379129
74,0.001718,172.31.36.0-255,66,117995,17,379129
75,0.001729,172.31.36.0-255,66,118061,17,379129
76,0.001735,74.125.130.0-255,4320,122381,17,379129
77,0.001737,172.31.36.0-255,66,122447,17,379129
78,0.001743,74.125.130.0-255,5738,128185,17,379129
79,0.001745,172.31.36.0-255,66,128251,17,379129
80,0.001792,74.125.130.0-255,6438,134689,17,379129
81,0.001797,172.31.36.0-255,66,134755,17,379129
82,0.001853,74.125.130.0-255,1484,136239,17,379129
83,0.001857,74.125.130.0-255,1484,137723,17,379129
84,0.001859,172.31.36.0-255,66,137789,17,379129
85,0.001885,74.125.130.0-255,1484,139273,17,379129
86,0.00189,74.125.130.0-255,2902,142175,17,379129
87,0.001892,172.31.36.0-255,66,142241,17,379129
88,0.001898,74.125.130.0-255,4320,146561,17,379129
89,0.0019,172.31.36.0-255,66,146627,17,379129
90,0.001903,74.125.130.0-255,1484,148111,17,379129
91,0.001937,74.125.130.0-255,7156,155267,17,379129
92,0.001939,172.31.36.0-255,66,155333,17,379129
93,0.001946,74.125.130.0-255,5738,161071,17,379129
94,0.001948,172.31.36.0-255,66,161137,17,379129
95,0.001956,74.125.130.0-255,7156,168293,17,379129
96,0.001959,172.31.36.0-255,66,168359,17,379129
97,0.001962,74.125.130.0-255,766,169125,17,379129
98,0.002039,74.125.130.0-255,1484,170609,17,379129
99,0.002043,172.31.36.0-255,66,170675,17,379129
100,0.002048,74.125.130.0-255,2902,173577,17,379129
101,0.00205,172.31.36.0-255,66,173643,17,379129
102,0.002083,74.125.130.0-255,5738,179381,17,379129
103,0.002086,172.31.36.0-255,66,179447,17,379129
104,0.00209,74.125.130.0-255,1484,180931,17,379129
105,0.002121,74.125.130.0-255,7156,188087,17,379129
106,0.002123,172.31.36.0-255,66,188153,17,379129
107,0.002148,74.125.130.0-255,1484,189637,17,379129
108,0.002153,74.125.130.0-255,5020,194657,17,379129
109,0.002168,172.31.36.0-255,78,194735,17,379129
110,0.002176,172.31.36.0-255,66,194801,17,379129
111,0.00429,74.125.130.0-255,5738,200539,17,379129
112,0.004297,172.31.36.0-255,66,200605,17,379129
113,0.006412,74.125.130.0-255,5738,206343,17,379129
114,0.006416,172.31.36.0-255,66,206409,17,379129
115,0.008524,74.125.130.0-255,2902,209311,17,379129
116,0.00853,172.31.36.0-255,66,209377,17,379129
117,0.008554,74.125.130.0-255,2902,212279,17,379129
118,0.008557,172.31.36.0-255,66,212345,17,379129
119,0.010649,74.125.130.0-255,5738,218083,17,379129
120,0.010658,172.31.36.0-255,66,218149,17,379129
121,0.012772,74.125.130.0-255,5738,223887,17,379129
122,0.01278,172.31.36.0-255,66,223953,17,379129
123,0.014909,74.125.130.0-255,5738,229691,17,379129
124,0.014917,172.31.36.0-255,66,229757,17,379129
125,0.01703,74.125.130.0-255,5738,235495,17,379129
126,0.017038,172.31.36.0-255,66,235561,17,379129
127,0.019188,74.125.130.0-255,5738,241299,17,379129
128,0.019196,172.31.36.0-255,66,241365,17,379129
129,0.02135,74.125.130.0-255,5738,247103,17,379129
130,0.021357,172.31.36.0-255,66,247169,17,379129
131,0.023476,74.125.130.0-255,5738,252907,17,379129
132,0.023484,172.31.36.0-255,66,252973,17,379129
133,0.025592,74.125.130.0-255,5738,258711,17,379129
134,0.025599,172.31.36.0-255,66,258777,17,379129
135,0.027036,172.31.36.0-255,172,258949,17,379129
136,0.027065,172.31.36.0-255,1118,260067,17,379129
137,0.027129,172.31.36.0-255,1514,261581,17,379129
138,0.027131,172.31.36.0-255,1270,262851,17,379129
139,0.027718,74.125.130.0-255,5738,268589,17,379129
140,0.027725,172.31.36.0-255,66,268655,17,379129
141,0.028585,104.244.42.0-255,66,268721,17,379129
142,0.028651,104.244.42.0-255,66,268787,17,379129
143,0.028697,104.244.42.0-255,66,268853,17,379129
144,0.029854,74.125.130.0-255,5738,274591,17,379129
145,0.029864,172.31.36.0-255,66,274657,17,379129
146,0.031995,74.125.130.0-255,5738,280395,17,379129
147,0.032001,172.31.36.0-255,66,280461,17,379129
148,0.034124,74.125.130.0-255,5738,286199,17,379129
149,0.034131,172.31.36.0-255,66,286265,17,379129
150,0.036254,74.125.130.0-255,5738,292003,17,379129
151,0.03626,172.31.36.0-255,66,292069,17,379129
152,0.038387,74.125.130.0-255,5738,297807,17,379129
153,0.038398,172.31.36.0-255,66,297873,17,379129
154,0.040521,74.125.130.0-255,5738,303611,17,379129
155,0.040526,172.31.36.0-255,66,303677,17,379129
156,0.042645,74.125.130.0-255,5738,309415,17,379129
157,0.042652,172.31.36.0-255,66,309481,17,379129
158,0.044768,74.125.130.0-255,5738,315219,17,379129
159,0.044775,172.31.36.0-255,66,315285,17,379129
160,0.046892,74.125.130.0-255,5738,321023,17,379129
161,0.046899,172.31.36.0-255,66,321089,17,379129
162,0.049022,74.125.130.0-255,5738,326827,17,379129
163,0.049029,172.31.36.0-255,66,326893,17,379129
164,0.051148,74.125.130.0-255,5738,332631,17,379129
165,0.051155,172.31.36.0-255,66,332697,17,379129
166,0.053273,74.125.130.0-255,5738,338435,17,379129
167,0.053279,172.31.36.0-255,66,338501,17,379129
168,0.055397,74.125.130.0-255,5738,344239,17,379129
169,0.055404,172.31.36.0-255,66,344305,17,379129
170,0.057533,74.125.130.0-255,5738,350043,17,379129
171,0.05754,172.31.36.0-255,66,350109,17,379129
172,0.059657,74.125.130.0-255,5738,355847,17,379129
173,0.059664,172.31.36.0-255,66,355913,17,379129
174,0.061786,74.125.130.0-255,5738,361651,17,379129
175,0.061798,172.31.36.0-255,66,361717,17,379129
176,0.063923,74.125.130.0-255,5738,367455,17,379129
177,0.06393,172.31.36.0-255,66,367521,17,379129
178,0.066049,74.125.130.0-255,5738,373259,17,379129
179,0.066056,172.31.36.0-255,66,373325,17,379129
180,0.068181,74.125.130.0-255,5738,379063,17,379129
181,0.068188,172.31.36.0-255,66,379129,17,379129
182,0.0,74.125.24.0-255,146,146,17,197424
183,3.4e-05,172.31.36.0-255,66,212,17,197424
184,4e-05,74.125.24.0-255,1484,1696,17,197424
185,4.4e-05,172.31.36.0-255,66,1762,17,197424
186,4.9e-05,74.125.24.0-255,2902,4664,17,197424
187,5.2e-05,172.31.36.0-255,66,4730,17,197424
188,7.9e-05,74.125.24.0-255,7156,11886,17,197424
189,8.2e-05,172.31.36.0-255,66,11952,17,197424
190,9.9e-05,74.125.24.0-255,7156,19108,17,197424
191,0.000101,172.31.36.0-255,66,19174,17,197424
192,0.000129,74.125.24.0-255,4892,24066,17,197424
193,0.000131,172.31.36.0-255,66,24132,17,197424
194,0.000139,74.125.24.0-255,6797,30929,17,197424
195,0.000141,172.31.36.0-255,66,30995,17,197424
196,0.000175,74.125.24.0-255,1484,32479,17,197424
197,0.000177,172.31.36.0-255,66,32545,17,197424
198,0.000182,74.125.24.0-255,2902,35447,17,197424
199,0.000184,172.31.36.0-255,66,35513,17,197424
200,0.000201,74.125.24.0-255,5738,41251,17,197424
201,0.000204,172.31.36.0-255,66,41317,17,197424
202,0.000208,74.125.24.0-255,2902,44219,17,197424
203,0.000211,172.31.36.0-255,66,44285,17,197424
204,0.00023,74.125.24.0-255,3961,48246,17,197424
205,0.000233,172.31.36.0-255,66,48312,17,197424
206,0.000262,172.31.36.0-255,66,48378,17,197424
207,0.000267,74.125.24.0-255,2849,51227,17,197424
208,0.000268,172.31.36.0-255,66,51293,17,197424
209,0.000272,74.125.24.0-255,115,51408,17,197424
210,0.000274,172.31.36.0-255,66,51474,17,197424
211,0.00041,74.125.24.0-255,1484,52958,17,197424
212,0.000414,74.125.24.0-255,2902,55860,17,197424
213,0.000417,172.31.36.0-255,66,55926,17,197424
214,0.000422,172.31.36.0-255,66,55992,17,197424
215,0.000435,74.125.24.0-255,5738,61730,17,197424
216,0.000439,172.31.36.0-255,66,61796,17,197424
217,0.000482,172.31.36.0-255,66,61862,17,197424
218,0.000495,172.31.36.0-255,66,61928,17,197424
219,0.000497,74.125.24.0-255,332,62260,17,197424
220,0.000594,74.125.24.0-255,1484,63744,17,197424
221,0.000598,172.31.36.0-255,66,63810,17,197424
222,0.000604,74.125.24.0-255,2902,66712,17,197424
223,0.000606,172.31.36.0-255,66,66778,17,197424
224,0.000623,74.125.24.0-255,4320,71098,17,197424
225,0.000626,172.31.36.0-255,66,71164,17,197424
226,0.000639,74.125.24.0-255,1484,72648,17,197424
227,0.000659,74.125.24.0-255,7156,79804,17,197424
228,0.000662,172.31.36.0-255,66,79870,17,197424
229,0.000679,74.125.24.0-255,7156,87026,17,197424
230,0.000682,172.31.36.0-255,66,87092,17,197424
231,0.000712,172.31.36.0-255,66,87158,17,197424
232,0.00073,74.125.24.0-255,1484,88642,17,197424
233,0.000736,74.125.24.0-255,2902,91544,17,197424
234,0.000738,172.31.36.0-255,66,91610,17,197424
235,0.000745,74.125.24.0-255,5738,97348,17,197424
236,0.000747,172.31.36.0-255,66,97414,17,197424
237,0.000781,172.31.36.0-255,66,97480,17,197424
238,0.000792,172.31.36.0-255,66,97546,17,197424
239,0.000828,74.125.24.0-255,2184,99730,17,197424
240,0.000831,172.31.36.0-255,66,99796,17,197424
241,0.000836,74.125.24.0-255,2902,102698,17,197424
242,0.000838,172.31.36.0-255,66,102764,17,197424
243,0.000859,74.125.24.0-255,7156,109920,17,197424
244,0.000862,172.31.36.0-255,66,109986,17,197424
245,0.000901,172.31.36.0-255,66,110052,17,197424
246,0.000927,74.125.24.0-255,4320,114372,17,197424
247,0.000931,172.31.36.0-255,66,114438,17,197424
248,0.000948,74.125.24.0-255,3602,118040,17,197424
249,0.000951,172.31.36.0-255,66,118106,17,197424
250,0.000957,74.125.24.0-255,4320,122426,17,197424
251,0.000961,172.31.36.0-255,66,122492,17,197424
252,0.000978,74.125.24.0-255,4320,126812,17,197424
253,0.000981,172.31.36.0-255,66,126878,17,197424
254,0.000994,172.31.36.0-255,66,126944,17,197424
255,0.001051,172.31.36.0-255,66,127010,17,197424
256,0.001068,74.125.24.0-255,766,127776,17,197424
257,0.001119,172.31.36.0-255,66,127842,17,197424
258,0.001138,74.125.24.0-255,1484,129326,17,197424
259,0.001154,172.31.36.0-255,66,129392,17,197424
260,0.001166,172.31.36.0-255,66,129458,17,197424
261,0.001236,74.125.24.0-255,1484,130942,17,197424
262,0.001254,74.125.24.0-255,2902,133844,17,197424
263,0.001258,172.31.36.0-255,66,133910,17,197424
264,0.001265,74.125.24.0-255,5738,139648,17,197424
265,0.001268,172.31.36.0-255,66,139714,17,197424
266,0.001291,74.125.24.0-255,2902,142616,17,197424
267,0.001294,172.31.36.0-255,66,142682,17,197424
268,0.001318,74.125.24.0-255,7156,149838,17,197424
269,0.001322,172.31.36.0-255,66,149904,17,197424
270,0.001343,74.125.24.0-255,4320,154224,17,197424
271,0.001346,172.31.36.0-255,66,154290,17,197424
272,0.001369,172.31.36.0-255,66,154356,17,197424
273,0.001454,74.125.24.0-255,1484,155840,17,197424
274,0.001459,74.125.24.0-255,2902,158742,17,197424
275,0.001463,172.31.36.0-255,66,158808,17,197424
276,0.001484,74.125.24.0-255,5738,164546,17,197424
277,0.001487,172.31.36.0-255,66,164612,17,197424
278,0.001493,74.125.24.0-255,5738,170350,17,197424
279,0.001496,172.31.36.0-255,66,170416,17,197424
280,0.001511,74.125.24.0-255,2902,173318,17,197424
281,0.001514,172.31.36.0-255,66,173384,17,197424
282,0.001562,172.31.36.0-255,66,173450,17,197424
283,0.001597,74.125.24.0-255,1484,174934,17,197424
284,0.001602,74.125.24.0-255,2902,177836,17,197424
285,0.001606,172.31.36.0-255,66,177902,17,197424
286,0.001631,74.125.24.0-255,5738,183640,17,197424
287,0.001635,172.31.36.0-255,66,183706,17,197424
288,0.00164,74.125.24.0-255,2902,186608,17,197424
289,0.001642,172.31.36.0-255,66,186674,17,197424
290,0.001671,172.31.36.0-255,66,186740,17,197424
291,0.001674,74.125.24.0-255,1484,188224,17,197424
292,0.00171,172.31.36.0-255,66,188290,17,197424
293,0.001722,172.31.36.0-255,66,188356,17,197424
294,0.001751,74.125.24.0-255,4320,192676,17,197424
295,0.001753,172.31.36.0-255,66,192742,17,197424
296,0.00179,172.31.36.0-255,66,192808,17,197424
297,0.001793,74.125.24.0-255,105,192913,17,197424
298,0.006225,172.31.36.0-255,66,192979,17,197424
299,0.006251,172.31.36.0-255,105,193084,17,197424
300,0.008245,74.125.24.0-255,66,193150,17,197424
301,0.030962,172.31.36.0-255,172,193322,17,197424
302,0.030993,172.31.36.0-255,1118,194440,17,197424
303,0.031034,172.31.36.0-255,1514,195954,17,197424
304,0.031035,172.31.36.0-255,1272,197226,17,197424
305,0.032447,104.244.42.0-255,66,197292,17,197424
306,0.032474,104.244.42.0-255,66,197358,17,197424
307,0.032528,104.244.42.0-255,66,197424,17,197424
308,0.0,74.125.68.0-255,213,213,17,340568
309,2.1e-05,172.31.36.0-255,66,279,17,340568
310,2.9e-05,74.125.68.0-255,1484,1763,17,340568
311,3.3e-05,172.31.36.0-255,66,1829,17,340568
312,4e-05,74.125.68.0-255,4320,6149,17,340568
313,4.2e-05,172.31.36.0-255,66,6215,17,340568
314,6.7e-05,74.125.68.0-255,4320,10535,17,340568
315,7e-05,172.31.36.0-255,66,10601,17,340568
316,7.3e-05,74.125.68.0-255,1484,12085,17,340568
317,7.6e-05,172.31.36.0-255,66,12151,17,340568
318,9.4e-05,74.125.68.0-255,3160,15311,17,340568
319,9.6e-05,172.31.36.0-255,66,15377,17,340568
320,0.000102,74.125.68.0-255,4320,19697,17,340568
321,0.000104,172.31.36.0-255,66,19763,17,340568
322,0.000124,74.125.68.0-255,5738,25501,17,340568
323,0.000127,172.31.36.0-255,66,25567,17,340568
324,0.000161,74.125.68.0-255,5379,30946,17,340568
325,0.000164,172.31.36.0-255,66,31012,17,340568
326,0.000509,74.125.68.0-255,1484,32496,17,340568
327,0.000514,172.31.36.0-255,66,32562,17,340568
328,0.000521,74.125.68.0-255,2902,35464,17,340568
329,0.000523,172.31.36.0-255,66,35530,17,340568
330,0.000526,74.125.68.0-255,1484,37014,17,340568
331,0.000528,172.31.36.0-255,66,37080,17,340568
332,0.000556,74.125.68.0-255,4320,41400,17,340568
333,0.000559,172.31.36.0-255,66,41466,17,340568
334,0.000589,172.31.36.0-255,66,41532,17,340568
335,0.000601,172.31.36.0-255,66,41598,17,340568
336,0.000621,74.125.68.0-255,2184,43782,17,340568
337,0.000624,172.31.36.0-255,66,43848,17,340568
338,0.000636,74.125.68.0-255,395,44243,17,340568
339,0.000699,74.125.68.0-255,115,44358,17,340568
340,0.000922,74.125.68.0-255,1484,45842,17,340568
341,0.000926,172.31.36.0-255,66,45908,17,340568
342,0.000932,74.125.68.0-255,2902,48810,17,340568
343,0.000934,172.31.36.0-255,66,48876,17,340568
344,0.00096,74.125.68.0-255,2902,51778,17,340568
345,0.000963,172.31.36.0-255,66,51844,17,340568
346,0.000968,74.125.68.0-255,2902,54746,17,340568
347,0.00097,172.31.36.0-255,66,54812,17,340568
348,0.000982,74.125.68.0-255,1484,56296,17,340568
349,0.000998,74.125.68.0-255,5738,62034,17,340568
350,0.001,172.31.36.0-255,66,62100,17,340568
351,0.001023,74.125.68.0-255,2902,65002,17,340568
352,0.001026,172.31.36.0-255,66,65068,17,340568
353,0.001033,74.125.68.0-255,7156,72224,17,340568
354,0.001035,172.31.36.0-255,66,72290,17,340568
355,0.001071,74.125.68.0-255,4320,76610,17,340568
356,0.001074,172.31.36.0-255,66,76676,17,340568
357,0.001092,74.125.68.0-255,2184,78860,17,340568
358,0.001095,172.31.36.0-255,66,78926,17,340568
359,0.001872,74.125.68.0-255,1484,80410,17,340568
360,0.001883,74.125.68.0-255,2902,83312,17,340568
361,0.001888,172.31.36.0-255,66,83378,17,340568
362,0.001896,74.125.68.0-255,5738,89116,17,340568
363,0.001898,172.31.36.0-255,66,89182,17,340568
364,0.001948,74.125.68.0-255,5738,94920,17,340568
365,0.001951,172.31.36.0-255,66,94986,17,340568
366,0.001969,74.125.68.0-255,7156,102142,17,340568
367,0.001971,172.31.36.0-255,66,102208,17,340568
368,0.001977,74.125.68.0-255,4320,106528,17,340568
369,0.001979,172.31.36.0-255,66,106594,17,340568
370,0.001995,74.125.68.0-255,6438,113032,17,340568
371,0.001997,172.31.36.0-255,66,113098,17,340568
372,0.002107,74.125.68.0-255,1484,114582,17,340568
373,0.002113,74.125.68.0-255,1484,116066,17,340568
374,0.002116,172.31.36.0-255,66,116132,17,340568
375,0.002136,74.125.68.0-255,1484,117616,17,340568
376,0.002142,74.125.68.0-255,4320,121936,17,340568
377,0.002144,172.31.36.0-255,66,122002,17,340568
378,0.002177,74.125.68.0-255,4320,126322,17,340568
379,0.002181,172.31.36.0-255,66,126388,17,340568
380,0.002201,74.125.68.0-255,4320,130708,17,340568
381,0.002204,172.31.36.0-255,66,130774,17,340568
382,0.002207,74.125.68.0-255,1484,132258,17,340568
383,0.002227,74.125.68.0-255,7156,139414,17,340568
384,0.00223,172.31.36.0-255,66,139480,17,340568
385,0.002249,74.125.68.0-255,1484,140964,17,340568
386,0.002259,74.125.68.0-255,6438,147402,17,340568
387,0.002261,172.31.36.0-255,66,147468,17,340568
388,0.002267,74.125.68.0-255,4320,151788,17,340568
389,0.00227,172.31.36.0-255,66,151854,17,340568
390,0.002284,74.125.68.0-255,2902,154756,17,340568
391,0.002286,172.31.36.0-255,66,154822,17,340568
392,0.002306,74.125.68.0-255,4320,159142,17,340568
393,0.002309,172.31.36.0-255,66,159208,17,340568
394,0.002323,74.125.68.0-255,4320,163528,17,340568
395,0.002326,172.31.36.0-255,66,163594,17,340568
396,0.002333,74.125.68.0-255,5738,169332,17,340568
397,0.002335,172.31.36.0-255,66,169398,17,340568
398,0.00234,74.125.68.0-255,4320,173718,17,340568
399,0.002342,172.31.36.0-255,66,173784,17,340568
400,0.004644,74.125.68.0-255,5738,179522,17,340568
401,0.004652,172.31.36.0-255,66,179588,17,340568
402,0.006978,74.125.68.0-255,5738,185326,17,340568
403,0.006987,172.31.36.0-255,66,185392,17,340568
404,0.009301,74.125.68.0-255,5738,191130,17,340568
405,0.009307,172.31.36.0-255,66,191196,17,340568
406,0.011622,74.125.68.0-255,5738,196934,17,340568
407,0.01163,172.31.36.0-255,66,197000,17,340568
408,0.013956,74.125.68.0-255,5738,202738,17,340568
409,0.013964,172.31.36.0-255,66,202804,17,340568
410,0.016301,74.125.68.0-255,5738,208542,17,340568
411,0.016313,172.31.36.0-255,66,208608,17,340568
412,0.018625,74.125.68.0-255,5738,214346,17,340568
413,0.018633,172.31.36.0-255,66,214412,17,340568
414,0.020956,74.125.68.0-255,5738,220150,17,340568
415,0.020966,172.31.36.0-255,66,220216,17,340568
416,0.023274,74.125.68.0-255,5738,225954,17,340568
417,0.023283,172.31.36.0-255,66,226020,17,340568
418,0.025607,74.125.68.0-255,5738,231758,17,340568
419,0.025615,172.31.36.0-255,66,231824,17,340568
420,0.027933,74.125.68.0-255,5738,237562,17,340568
421,0.027941,172.31.36.0-255,66,237628,17,340568
422,0.029719,172.31.36.0-255,172,237800,17,340568
423,0.029749,172.31.36.0-255,1117,238917,17,340568
424,0.029808,172.31.36.0-255,1514,240431,17,340568
425,0.02981,172.31.36.0-255,1271,241702,17,340568
426,0.030256,74.125.68.0-255,5738,247440,17,340568
427,0.030263,172.31.36.0-255,66,247506,17,340568
428,0.031278,104.244.42.0-255,66,247572,17,340568
429,0.031305,104.244.42.0-255,66,247638,17,340568
430,0.031412,104.244.42.0-255,66,247704,17,340568
431,0.032594,74.125.68.0-255,5738,253442,17,340568
432,0.032599,172.31.36.0-255,66,253508,17,340568
433,0.034917,74.125.68.0-255,5738,259246,17,340568
434,0.034923,172.31.36.0-255,66,259312,17,340568
435,0.037247,74.125.68.0-255,5738,265050,17,340568
436,0.037254,172.31.36.0-255,66,265116,17,340568
437,0.039578,74.125.68.0-255,5738,270854,17,340568
438,0.039588,172.31.36.0-255,66,270920,17,340568
439,0.041912,74.125.68.0-255,5738,276658,17,340568
440,0.041919,172.31.36.0-255,66,276724,17,340568
441,0.044235,74.125.68.0-255,5738,282462,17,340568
442,0.044242,172.31.36.0-255,66,282528,17,340568
443,0.046605,74.125.68.0-255,5738,288266,17,340568
444,0.046612,172.31.36.0-255,66,288332,17,340568
445,0.048981,74.125.68.0-255,5738,294070,17,340568
446,0.048988,172.31.36.0-255,66,294136,17,340568
447,0.051316,74.125.68.0-255,5738,299874,17,340568
448,0.051323,172.31.36.0-255,66,299940,17,340568
449,0.053647,74.125.68.0-255,5738,305678,17,340568
450,0.053654,172.31.36.0-255,66,305744,17,340568
451,0.055984,74.125.68.0-255,5738,311482,17,340568
452,0.055991,172.31.36.0-255,66,311548,17,340568
453,0.058312,74.125.68.0-255,5738,317286,17,340568
454,0.058318,172.31.36.0-255,66,317352,17,340568
455,0.060639,74.125.68.0-255,5738,323090,17,340568
456,0.060644,172.31.36.0-255,66,323156,17,340568
457,0.062969,74.125.68.0-255,5738,328894,17,340568
458,0.062976,172.31.36.0-255,66,328960,17,340568
459,0.065305,74.125.68.0-255,5738,334698,17,340568
460,0.065313,172.31.36.0-255,66,334764,17,340568
461,0.06766,74.125.68.0-255,5738,340502,17,340568
462,0.067667,172.31.36.0-255,66,340568,17,340568
463,0.0,172.217.194.0-255,153,153,17,231045
464,2e-05,172.31.36.0-255,66,219,17,231045
465,2.7e-05,172.217.194.0-255,1484,1703,17,231045
466,3.1e-05,172.31.36.0-255,66,1769,17,231045
467,3.7e-05,172.217.194.0-255,2902,4671,17,231045
468,5.1e-05,172.31.36.0-255,66,4737,17,231045
469,5.7e-05,172.217.194.0-255,5738,10475,17,231045
470,6.1e-05,172.31.36.0-255,66,10541,17,231045
471,6.5e-05,172.217.194.0-255,2902,13443,17,231045
472,6.8e-05,172.31.36.0-255,66,13509,17,231045
473,9.3e-05,172.217.194.0-255,4898,18407,17,231045
474,0.000102,172.31.36.0-255,66,18473,17,231045
475,0.000112,172.31.36.0-255,66,18539,17,231045
476,0.000147,172.217.194.0-255,3961,22500,17,231045
477,0.00015,172.31.36.0-255,66,22566,17,231045
478,0.000174,172.217.194.0-255,1484,24050,17,231045
479,0.000177,172.31.36.0-255,66,24116,17,231045
480,0.00021,172.217.194.0-255,2902,27018,17,231045
481,0.000212,172.31.36.0-255,66,27084,17,231045
482,0.000218,172.217.194.0-255,5738,32822,17,231045
483,0.000221,172.31.36.0-255,66,32888,17,231045
484,0.000239,172.31.36.0-255,66,32954,17,231045
485,0.000281,172.31.36.0-255,66,33020,17,231045
486,0.000614,172.217.194.0-255,646,33666,17,231045
487,0.00062,172.31.36.0-255,66,33732,17,231045
488,0.000721,172.217.194.0-255,1484,35216,17,231045
489,0.000725,172.31.36.0-255,66,35282,17,231045
490,0.00073,172.217.194.0-255,2902,38184,17,231045
491,0.000732,172.31.36.0-255,66,38250,17,231045
492,0.000736,172.217.194.0-255,1484,39734,17,231045
493,0.000767,172.217.194.0-255,4320,44054,17,231045
494,0.00077,172.31.36.0-255,66,44120,17,231045
495,0.000789,172.31.36.0-255,66,44186,17,231045
496,0.0008,172.31.36.0-255,66,44252,17,231045
497,0.000832,172.217.194.0-255,2184,46436,17,231045
498,0.000835,172.31.36.0-255,66,46502,17,231045
499,0.000963,172.217.194.0-255,1484,47986,17,231045
500,0.000968,172.217.194.0-255,2902,50888,17,231045
501,0.000972,172.31.36.0-255,66,50954,17,231045
502,0.000978,172.217.194.0-255,4320,55274,17,231045
503,0.00098,172.31.36.0-255,66,55340,17,231045
504,0.001015,172.217.194.0-255,1484,56824,17,231045
505,0.001029,172.31.36.0-255,66,56890,17,231045
506,0.001067,172.31.36.0-255,66,56956,17,231045
507,0.001407,172.217.194.0-255,1484,58440,17,231045
508,0.001413,172.217.194.0-255,2902,61342,17,231045
509,0.001416,172.31.36.0-255,66,61408,17,231045
510,0.001459,172.217.194.0-255,2902,64310,17,231045
511,0.001462,172.31.36.0-255,66,64376,17,231045
512,0.001488,172.217.194.0-255,2902,67278,17,231045
513,0.001491,172.31.36.0-255,66,67344,17,231045
514,0.001501,172.31.36.0-255,66,67410,17,231045
515,0.001522,172.31.36.0-255,66,67476,17,231045
516,0.001536,172.31.36.0-255,66,67542,17,231045
517,0.001562,172.217.194.0-255,4320,71862,17,231045
518,0.001564,172.31.36.0-255,66,71928,17,231045
519,0.001604,172.31.36.0-255,66,71994,17,231045
520,0.001942,172.217.194.0-255,1484,73478,17,231045
521,0.001948,172.217.194.0-255,2902,76380,17,231045
522,0.001951,172.31.36.0-255,66,76446,17,231045
523,0.001955,172.217.194.0-255,1484,77930,17,231045
524,0.001985,172.217.194.0-255,4320,82250,17,231045
525,0.001998,172.31.36.0-255,66,82316,17,231045
526,0.002001,172.31.36.0-255,66,82382,17,231045
527,0.002017,172.217.194.0-255,1484,83866,17,231045
528,0.002029,172.31.36.0-255,66,83932,17,231045
529,0.002056,172.217.194.0-255,1484,85416,17,231045
530,0.002085,172.31.36.0-255,66,85482,17,231045
531,0.002092,172.217.194.0-255,4320,89802,17,231045
532,0.002094,172.31.36.0-255,66,89868,17,231045
533,0.002139,172.31.36.0-255,66,89934,17,231045
534,0.002153,172.31.36.0-255,66,90000,17,231045
535,0.002155,172.217.194.0-255,1484,91484,17,231045
536,0.004225,172.217.194.0-255,4320,95804,17,231045
537,0.004233,172.31.36.0-255,66,95870,17,231045
538,0.00629,172.217.194.0-255,5738,101608,17,231045
539,0.006293,172.31.36.0-255,66,101674,17,231045
540,0.00841,172.217.194.0-255,5738,107412,17,231045
541,0.008418,172.31.36.0-255,66,107478,17,231045
542,0.010496,172.217.194.0-255,5738,113216,17,231045
543,0.010504,172.31.36.0-255,66,113282,17,231045
544,0.012596,172.217.194.0-255,5738,119020,17,231045
545,0.012605,172.31.36.0-255,66,119086,17,231045
546,0.014696,172.217.194.0-255,5738,124824,17,231045
547,0.014706,172.31.36.0-255,66,124890,17,231045
548,0.016789,172.217.194.0-255,5738,130628,17,231045
549,0.016796,172.31.36.0-255,66,130694,17,231045
550,0.018923,172.217.194.0-255,5738,136432,17,231045
551,0.01893,172.31.36.0-255,66,136498,17,231045
552,0.021062,172.217.194.0-255,5738,142236,17,231045
553,0.021069,172.31.36.0-255,66,142302,17,231045
554,0.023144,172.217.194.0-255,5738,148040,17,231045
555,0.023152,172.31.36.0-255,66,148106,17,231045
556,0.02524,172.217.194.0-255,5738,153844,17,231045
557,0.025248,172.31.36.0-255,66,153910,17,231045
558,0.027253,172.31.36.0-255,172,154082,17,231045
559,0.027285,172.31.36.0-255,1116,155198,17,231045
560,0.027332,172.217.194.0-255,5738,160936,17,231045
561,0.027338,172.31.36.0-255,66,161002,17,231045
562,0.027386,172.31.36.0-255,1514,162516,17,231045
563,0.027387,172.31.36.0-255,1272,163788,17,231045
564,0.028836,104.244.42.0-255,66,163854,17,231045
565,0.028846,104.244.42.0-255,66,163920,17,231045
566,0.028973,104.244.42.0-255,66,163986,17,231045
567,0.029426,172.217.194.0-255,5738,169724,17,231045
568,0.029436,172.31.36.0-255,66,169790,17,231045
569,0.031533,172.217.194.0-255,5738,175528,17,231045
570,0.031541,172.31.36.0-255,66,175594,17,231045
571,0.033656,172.217.194.0-255,5738,181332,17,231045
572,0.033662,172.31.36.0-255,66,181398,17,231045
573,0.035749,172.217.194.0-255,5738,187136,17,231045
574,0.035755,172.31.36.0-255,66,187202,17,231045
575,0.037836,172.217.194.0-255,5738,192940,17,231045
576,0.037843,172.31.36.0-255,66,193006,17,231045
577,0.039951,172.217.194.0-255,5738,198744,17,231045
578,0.039959,172.31.36.0-255,66,198810,17,231045
579,0.042065,172.217.194.0-255,5738,204548,17,231045
580,0.042072,172.31.36.0-255,66,204614,17,231045
581,0.044151,172.217.194.0-255,5738,210352,17,231045
582,0.044158,172.31.36.0-255,66,210418,17,231045
583,0.04624,172.217.194.0-255,5738,216156,17,231045
584,0.046246,172.31.36.0-255,66,216222,17,231045
585,0.048334,172.217.194.0-255,5738,221960,17,231045
586,0.04834,172.31.36.0-255,66,222026,17,231045
587,0.050418,172.217.194.0-255,5738,227764,17,231045
588,0.050424,172.31.36.0-255,66,227830,17,231045
589,0.052513,172.217.194.0-255,2978,230808,17,231045
590,0.05252,172.31.36.0-255,66,230874,17,231045
591,0.052699,172.31.36.0-255,105,230979,17,231045
592,0.054769,172.217.194.0-255,66,231045,17,231045
593,0.0,172.217.160.0-255,374,374,17,249142
594,2.5e-05,172.31.36.0-255,66,440,17,249142
595,3.1e-05,172.217.160.0-255,1484,1924,17,249142
596,3.6e-05,172.31.36.0-255,66,1990,17,249142
597,5.2e-05,172.217.160.0-255,4320,6310,17,249142
598,5.6e-05,172.31.36.0-255,66,6376,17,249142
599,0.000172,172.217.160.0-255,4320,10696,17,249142
600,0.000177,172.31.36.0-255,66,10762,17,249142
601,0.000203,172.217.160.0-255,4711,15473,17,249142
602,0.000206,172.31.36.0-255,66,15539,17,249142
603,0.000496,172.217.160.0-255,7156,22695,17,249142
604,0.000505,172.31.36.0-255,66,22761,17,249142
605,0.00074,172.217.160.0-255,5738,28499,17,249142
606,0.000745,172.31.36.0-255,66,28565,17,249142
607,0.000772,172.217.160.0-255,2543,31108,17,249142
608,0.000775,172.31.36.0-255,66,31174,17,249142
609,0.001027,172.217.160.0-255,4320,35494,17,249142
610,0.001032,172.31.36.0-255,66,35560,17,249142
611,0.001059,172.217.160.0-255,1484,37044,17,249142
612,0.001061,172.31.36.0-255,66,37110,17,249142
613,0.001979,172.217.160.0-255,2902,40012,17,249142
614,0.001988,172.31.36.0-255,66,40078,17,249142
615,0.002984,172.217.160.0-255,2902,42980,17,249142
616,0.002987,172.31.36.0-255,66,43046,17,249142
617,0.003944,172.217.160.0-255,2902,45948,17,249142
618,0.003947,172.31.36.0-255,66,46014,17,249142
619,0.004932,172.217.160.0-255,2902,48916,17,249142
620,0.004937,172.31.36.0-255,66,48982,17,249142
621,0.005903,172.217.160.0-255,2902,51884,17,249142
622,0.005916,172.31.36.0-255,66,51950,17,249142
623,0.00688,172.217.160.0-255,2902,54852,17,249142
624,0.006887,172.31.36.0-255,66,54918,17,249142
625,0.007851,172.217.160.0-255,2902,57820,17,249142
626,0.007858,172.31.36.0-255,66,57886,17,249142
627,0.008828,172.217.160.0-255,2902,60788,17,249142
628,0.008835,172.31.36.0-255,66,60854,17,249142
629,0.009799,172.217.160.0-255,2902,63756,17,249142
630,0.009806,172.31.36.0-255,66,63822,17,249142
631,0.010776,172.217.160.0-255,2902,66724,17,249142
632,0.010784,172.31.36.0-255,66,66790,17,249142
633,0.011736,172.217.160.0-255,2902,69692,17,249142
634,0.011743,172.31.36.0-255,66,69758,17,249142
635,0.012713,172.217.160.0-255,2902,72660,17,249142
636,0.012719,172.31.36.0-255,66,72726,17,249142
637,0.013687,172.217.160.0-255,2902,75628,17,249142
638,0.013693,172.31.36.0-255,66,75694,17,249142
639,0.01468,172.217.160.0-255,2902,78596,17,249142
640,0.014687,172.31.36.0-255,66,78662,17,249142
641,0.015622,172.217.160.0-255,2902,81564,17,249142
642,0.01563,172.31.36.0-255,66,81630,17,249142
643,0.016633,172.217.160.0-255,2902,84532,17,249142
644,0.01664,172.31.36.0-255,66,84598,17,249142
645,0.017563,172.217.160.0-255,2902,87500,17,249142
646,0.017569,172.31.36.0-255,66,87566,17,249142
647,0.018577,172.217.160.0-255,2902,90468,17,249142
648,0.018583,172.31.36.0-255,66,90534,17,249142
649,0.019546,172.217.160.0-255,2902,93436,17,249142
650,0.019553,172.31.36.0-255,66,93502,17,249142
651,0.02052,172.217.160.0-255,2902,96404,17,249142
652,0.020527,172.31.36.0-255,66,96470,17,249142
653,0.021483,172.217.160.0-255,2902,99372,17,249142
654,0.021491,172.31.36.0-255,66,99438,17,249142
655,0.022491,172.217.160.0-255,2902,102340,17,249142
656,0.022499,172.31.36.0-255,66,102406,17,249142
657,0.023429,172.217.160.0-255,2902,105308,17,249142
658,0.023435,172.31.36.0-255,66,105374,17,249142
659,0.024461,172.217.160.0-255,2902,108276,17,249142
660,0.02447,172.31.36.0-255,66,108342,17,249142
661,0.025377,172.217.160.0-255,2902,111244,17,249142
662,0.025385,172.31.36.0-255,66,111310,17,249142
663,0.026404,172.217.160.0-255,2902,114212,17,249142
664,0.026412,172.31.36.0-255,66,114278,17,249142
665,0.027328,172.217.160.0-255,2902,117180,17,249142
666,0.027336,172.31.36.0-255,66,117246,17,249142
667,0.028347,172.217.160.0-255,2902,120148,17,249142
668,0.028352,172.31.36.0-255,66,120214,17,249142
669,0.029272,172.217.160.0-255,2902,123116,17,249142
670,0.029279,172.31.36.0-255,66,123182,17,249142
671,0.030289,172.217.160.0-255,2902,126084,17,249142
672,0.030294,172.31.36.0-255,66,126150,17,249142
673,0.031097,172.31.36.0-255,172,126322,17,249142
674,0.031127,172.31.36.0-255,1118,127440,17,249142
675,0.031184,172.31.36.0-255,1514,128954,17,249142
676,0.031185,172.31.36.0-255,1270,130224,17,249142
677,0.031212,172.217.160.0-255,2902,133126,17,249142
678,0.031216,172.31.36.0-255,66,133192,17,249142
679,0.032238,172.217.160.0-255,2902,136094,17,249142
680,0.032245,172.31.36.0-255,66,136160,17,249142
681,0.032679,104.244.42.0-255,66,136226,17,249142
682,0.032687,104.244.42.0-255,66,136292,17,249142
683,0.032781,104.244.42.0-255,66,136358,17,249142
684,0.03315,172.217.160.0-255,2902,139260,17,249142
685,0.033157,172.31.36.0-255,66,139326,17,249142
686,0.034173,172.217.160.0-255,2902,142228,17,249142
687,0.03418,172.31.36.0-255,66,142294,17,249142
688,0.035099,172.217.160.0-255,2902,145196,17,249142
689,0.035105,172.31.36.0-255,66,145262,17,249142
690,0.036126,172.217.160.0-255,2902,148164,17,249142
691,0.036132,172.31.36.0-255,66,148230,17,249142
692,0.037043,172.217.160.0-255,2902,151132,17,249142
693,0.037049,172.31.36.0-255,66,151198,17,249142
694,0.038063,172.217.160.0-255,2902,154100,17,249142
695,0.03807,172.31.36.0-255,66,154166,17,249142
696,0.038983,172.217.160.0-255,2902,157068,17,249142
697,0.03899,172.31.36.0-255,66,157134,17,249142
698,0.040004,172.217.160.0-255,2902,160036,17,249142
699,0.040011,172.31.36.0-255,66,160102,17,249142
700,0.040944,172.217.160.0-255,2902,163004,17,249142
701,0.040951,172.31.36.0-255,66,163070,17,249142
702,0.041951,172.217.160.0-255,2902,165972,17,249142
703,0.041957,172.31.36.0-255,66,166038,17,249142
704,0.042886,172.217.160.0-255,2902,168940,17,249142
705,0.042893,172.31.36.0-255,66,169006,17,249142
706,0.043887,172.217.160.0-255,2902,171908,17,249142
707,0.043895,172.31.36.0-255,66,171974,17,249142
708,0.044834,172.217.160.0-255,2902,174876,17,249142
709,0.044841,172.31.36.0-255,66,174942,17,249142
710,0.045829,172.217.160.0-255,2902,177844,17,249142
711,0.045838,172.31.36.0-255,66,177910,17,249142
712,0.046793,172.217.160.0-255,2902,180812,17,249142
713,0.0468,172.31.36.0-255,66,180878,17,249142
714,0.047794,172.217.160.0-255,2902,183780,17,249142
715,0.0478,172.31.36.0-255,66,183846,17,249142
716,0.04873,172.217.160.0-255,2902,186748,17,249142
717,0.048738,172.31.36.0-255,66,186814,17,249142
718,0.049744,172.217.160.0-255,2902,189716,17,249142
719,0.04975,172.31.36.0-255,66,189782,17,249142
720,0.050678,172.217.160.0-255,2902,192684,17,249142
721,0.050683,172.31.36.0-255,66,192750,17,249142
722,0.051699,172.217.160.0-255,2902,195652,17,249142
723,0.051705,172.31.36.0-255,66,195718,17,249142
724,0.052663,172.217.160.0-255,2902,198620,17,249142
725,0.05267,172.31.36.0-255,66,198686,17,249142
726,0.053643,172.217.160.0-255,2902,201588,17,249142
727,0.053651,172.31.36.0-255,66,201654,17,249142
728,0.054614,172.217.160.0-255,2902,204556,17,249142
729,0.05462,172.31.36.0-255,66,204622,17,249142
730,0.055591,172.217.160.0-255,2902,207524,17,249142
731,0.055597,172.31.36.0-255,66,207590,17,249142
732,0.056552,172.217.160.0-255,2902,210492,17,249142
733,0.056558,172.31.36.0-255,66,210558,17,249142
734,0.057529,172.217.160.0-255,2902,213460,17,249142
735,0.057536,172.31.36.0-255,66,213526,17,249142
736,0.058497,172.217.160.0-255,2902,216428,17,249142
737,0.058503,172.31.36.0-255,66,216494,17,249142
738,0.05947,172.217.160.0-255,2902,219396,17,249142
739,0.059476,172.31.36.0-255,66,219462,17,249142
740,0.060437,172.217.160.0-255,2902,222364,17,249142
741,0.060443,172.31.36.0-255,66,222430,17,249142
742,0.061423,172.217.160.0-255,2902,225332,17,249142
743,0.06143,172.31.36.0-255,66,225398,17,249142
744,0.062378,172.217.160.0-255,2902,228300,17,249142
745,0.062384,172.31.36.0-255,66,228366,17,249142
746,0.063362,172.217.160.0-255,2902,231268,17,249142
747,0.063368,172.31.36.0-255,66,231334,17,249142
748,0.064313,172.217.160.0-255,2902,234236,17,249142
749,0.064319,172.31.36.0-255,66,234302,17,249142
750,0.065323,172.217.160.0-255,2902,237204,17,249142
751,0.065329,172.31.36.0-255,66,237270,17,249142
752,0.066252,172.217.160.0-255,2902,240172,17,249142
753,0.066258,172.31.36.0-255,66,240238,17,249142
754,0.067301,172.217.160.0-255,2902,243140,17,249142
755,0.067308,172.31.36.0-255,66,243206,17,249142
756,0.068193,172.217.160.0-255,2902,246108,17,249142
757,0.068199,172.31.36.0-255,66,246174,17,249142
758,0.069254,172.217.160.0-255,2902,249076,17,249142
759,0.069263,172.31.36.0-255,66,249142,17,249142
760,0.0,74.125.24.0-255,152,152,17,265381
761,2.8e-05,172.31.36.0-255,66,218,17,265381
762,3.6e-05,74.125.24.0-255,1484,1702,17,265381
763,3.9e-05,172.31.36.0-255,66,1768,17,265381
764,4.4e-05,74.125.24.0-255,2902,4670,17,265381
765,4.7e-05,172.31.36.0-255,66,4736,17,265381
766,5.3e-05,74.125.24.0-255,7156,11892,17,265381
767,5.5e-05,172.31.36.0-255,66,11958,17,265381
768,5.9e-05,74.125.24.0-255,2037,13995,17,265381
769,6.2e-05,172.31.36.0-255,66,14061,17,265381
770,9.1e-05,172.31.36.0-255,66,14127,17,265381
771,0.000106,74.125.24.0-255,4320,18447,17,265381
772,0.000109,172.31.36.0-255,66,18513,17,265381
773,0.000142,172.31.36.0-255,66,18579,17,265381
774,0.000146,74.125.24.0-255,1484,20063,17,265381
775,0.000147,172.31.36.0-255,66,20129,17,265381
776,0.00017,172.31.36.0-255,66,20195,17,265381
777,0.000831,74.125.24.0-255,1484,21679,17,265381
778,0.000836,172.31.36.0-255,66,21745,17,265381
779,0.000846,74.125.24.0-255,2902,24647,17,265381
780,0.000848,172.31.36.0-255,66,24713,17,265381
781,0.000853,74.125.24.0-255,1484,26197,17,265381
782,0.000855,172.31.36.0-255,66,26263,17,265381
783,0.000879,74.125.24.0-255,4320,30583,17,265381
784,0.000884,172.31.36.0-255,66,30649,17,265381
785,0.00089,74.125.24.0-255,6797,37446,17,265381
786,0.000893,172.31.36.0-255,66,37512,17,265381
787,0.000895,74.125.24.0-255,646,38158,17,265381
788,0.000897,172.31.36.0-255,66,38224,17,265381
789,0.001004,74.125.24.0-255,1484,39708,17,265381
790,0.00101,74.125.24.0-255,2902,42610,17,265381
791,0.001013,172.31.36.0-255,66,42676,17,265381
792,0.00102,74.125.24.0-255,4320,46996,17,265381
793,0.001023,172.31.36.0-255,66,47062,17,265381
794,0.001036,74.125.24.0-255,1484,48546,17,265381
795,0.001056,74.125.24.0-255,7156,55702,17,265381
796,0.00106,172.31.36.0-255,66,55768,17,265381
797,0.001081,74.125.24.0-255,5738,61506,17,265381
798,0.001084,172.31.36.0-255,66,61572,17,265381
799,0.001096,172.31.36.0-255,66,61638,17,265381
800,0.00114,172.31.36.0-255,66,61704,17,265381
801,0.001146,74.125.24.0-255,4320,66024,17,265381
802,0.001148,172.31.36.0-255,66,66090,17,265381
803,0.001167,74.125.24.0-255,5738,71828,17,265381
804,0.001169,172.31.36.0-255,66,71894,17,265381
805,0.001213,74.125.24.0-255,5738,77632,17,265381
806,0.001217,172.31.36.0-255,66,77698,17,265381
807,0.001244,172.31.36.0-255,66,77764,17,265381
808,0.001539,74.125.24.0-255,1484,79248,17,265381
809,0.001547,74.125.24.0-255,2902,82150,17,265381
810,0.001551,172.31.36.0-255,66,82216,17,265381
811,0.001558,74.125.24.0-255,5738,87954,17,265381
812,0.00156,172.31.36.0-255,66,88020,17,265381
813,0.001626,74.125.24.0-255,7156,95176,17,265381
814,0.001629,172.31.36.0-255,66,95242,17,265381
815,0.001648,74.125.24.0-255,4320,99562,17,265381
816,0.001652,172.31.36.0-255,66,99628,17,265381
817,0.001664,172.31.36.0-255,66,99694,17,265381
818,0.001686,74.125.24.0-255,1484,101178,17,265381
819,0.001691,74.125.24.0-255,2902,104080,17,265381
820,0.001693,172.31.36.0-255,66,104146,17,265381
821,0.00171,74.125.24.0-255,5738,109884,17,265381
822,0.001712,172.31.36.0-255,66,109950,17,265381
823,0.001775,172.31.36.0-255,66,110016,17,265381
824,0.001788,172.31.36.0-255,66,110082,17,265381
825,0.001815,74.125.24.0-255,1484,111566,17,265381
826,0.001828,74.125.24.0-255,2902,114468,17,265381
827,0.001831,172.31.36.0-255,66,114534,17,265381
828,0.001834,74.125.24.0-255,1484,116018,17,265381
829,0.001854,74.125.24.0-255,4320,120338,17,265381
830,0.001857,172.31.36.0-255,66,120404,17,265381
831,0.001862,74.125.24.0-255,5738,126142,17,265381
832,0.001864,172.31.36.0-255,66,126208,17,265381
833,0.001891,74.125.24.0-255,5738,131946,17,265381
834,0.001894,172.31.36.0-255,66,132012,17,265381
835,0.001922,74.125.24.0-255,7156,139168,17,265381
836,0.001925,172.31.36.0-255,66,139234,17,265381
837,0.00193,74.125.24.0-255,5020,144254,17,265381
838,0.001933,172.31.36.0-255,66,144320,17,265381
839,0.002097,74.125.24.0-255,1484,145804,17,265381
840,0.002102,74.125.24.0-255,1484,147288,17,265381
841,0.002105,172.31.36.0-255,66,147354,17,265381
842,0.002116,74.125.24.0-255,1484,148838,17,265381
843,0.002122,74.125.24.0-255,5738,154576,17,265381
844,0.002124,172.31.36.0-255,66,154642,17,265381
845,0.002127,74.125.24.0-255,1484,156126,17,265381
846,0.002166,172.31.36.0-255,66,156192,17,265381
847,0.00217,74.125.24.0-255,2902,159094,17,265381
848,0.002173,172.31.36.0-255,66,159160,17,265381
849,0.002207,74.125.24.0-255,4320,163480,17,265381
850,0.00221,172.31.36.0-255,66,163546,17,265381
851,0.002242,172.31.36.0-255,66,163612,17,265381
852,0.002249,74.125.24.0-255,7156,170768,17,265381
853,0.002251,172.31.36.0-255,66,170834,17,265381
854,0.002272,172.31.36.0-255,66,170900,17,265381
855,0.002277,74.125.24.0-255,5020,175920,17,265381
856,0.00228,172.31.36.0-255,66,175986,17,265381
857,0.002304,74.125.24.0-255,1484,177470,17,265381
858,0.00233,172.31.36.0-255,66,177536,17,265381
859,0.00236,172.31.36.0-255,66,177602,17,265381
860,0.002371,74.125.24.0-255,2902,180504,17,265381
861,0.002374,172.31.36.0-255,66,180570,17,265381
862,0.002386,172.31.36.0-255,66,180636,17,265381
863,0.004723,74.125.24.0-255,5738,186374,17,265381
864,0.004734,172.31.36.0-255,66,186440,17,265381
865,0.007059,74.125.24.0-255,5738,192178,17,265381
866,0.007067,172.31.36.0-255,66,192244,17,265381
867,0.009393,74.125.24.0-255,5738,197982,17,265381
868,0.009407,172.31.36.0-255,66,198048,17,265381
869,0.011744,74.125.24.0-255,5738,203786,17,265381
870,0.011758,172.31.36.0-255,66,203852,17,265381
871,0.014104,74.125.24.0-255,5738,209590,17,265381
872,0.014117,172.31.36.0-255,66,209656,17,265381
873,0.016479,74.125.24.0-255,5738,215394,17,265381
874,0.016496,172.31.36.0-255,66,215460,17,265381
875,0.018815,74.125.24.0-255,5738,221198,17,265381
876,0.018826,172.31.36.0-255,66,221264,17,265381
877,0.021178,74.125.24.0-255,5738,227002,17,265381
878,0.021192,172.31.36.0-255,66,227068,17,265381
879,0.023537,74.125.24.0-255,5738,232806,17,265381
880,0.023551,172.31.36.0-255,66,232872,17,265381
881,0.025898,74.125.24.0-255,5738,238610,17,265381
882,0.025915,172.31.36.0-255,66,238676,17,265381
883,0.028248,74.125.24.0-255,5738,244414,17,265381
884,0.028262,172.31.36.0-255,66,244480,17,265381
885,0.030615,74.125.24.0-255,5738,250218,17,265381
886,0.030626,172.31.36.0-255,66,250284,17,265381
887,0.032955,74.125.24.0-255,5738,256022,17,265381
888,0.032972,172.31.36.0-255,66,256088,17,265381
889,0.035332,74.125.24.0-255,4783,260871,17,265381
890,0.035348,172.31.36.0-255,66,260937,17,265381
891,0.03559,172.31.36.0-255,105,261042,17,265381
892,0.036921,172.31.36.0-255,172,261214,17,265381
893,0.036953,172.31.36.0-255,1118,262332,17,265381
894,0.037006,172.31.36.0-255,1514,263846,17,265381
895,0.037007,172.31.36.0-255,1271,265117,17,265381
896,0.037886,74.125.24.0-255,66,265183,17,265381
897,0.038472,104.244.42.0-255,66,265249,17,265381
898,0.038506,104.244.42.0-255,66,265315,17,265381
899,0.038536,104.244.42.0-255,66,265381,17,265381
900,0.0,74.125.24.0-255,153,153,17,248577
901,3.8e-05,172.31.36.0-255,66,219,17,248577
902,4.5e-05,74.125.24.0-255,1484,1703,17,248577
903,4.9e-05,172.31.36.0-255,66,1769,17,248577
904,5.4e-05,74.125.24.0-255,2902,4671,17,248577
905,6.5e-05,172.31.36.0-255,66,4737,17,248577
906,7.2e-05,74.125.24.0-255,7156,11893,17,248577
907,7.6e-05,172.31.36.0-255,66,11959,17,248577
908,8.1e-05,74.125.24.0-255,1981,13940,17,248577
909,8.4e-05,172.31.36.0-255,66,14006,17,248577
910,0.000252,74.125.24.0-255,1484,15490,17,248577
911,0.000256,172.31.36.0-255,66,15556,17,248577
912,0.000263,74.125.24.0-255,2902,18458,17,248577
913,0.000266,172.31.36.0-255,66,18524,17,248577
914,0.000277,74.125.24.0-255,5738,24262,17,248577
915,0.00028,172.31.36.0-255,66,24328,17,248577
916,0.000322,172.31.36.0-255,66,24394,17,248577
917,0.00037,172.31.36.0-255,66,24460,17,248577
918,0.00158,74.125.24.0-255,1484,25944,17,248577
919,0.001586,172.31.36.0-255,66,26010,17,248577
920,0.001596,74.125.24.0-255,2902,28912,17,248577
921,0.001598,172.31.36.0-255,66,28978,17,248577
922,0.00161,74.125.24.0-255,5738,34716,17,248577
923,0.001612,172.31.36.0-255,66,34782,17,248577
924,0.001617,74.125.24.0-255,2902,37684,17,248577
925,0.001619,172.31.36.0-255,66,37750,17,248577
926,0.001642,74.125.24.0-255,4543,42293,17,248577
927,0.001644,172.31.36.0-255,66,42359,17,248577
928,0.001694,172.31.36.0-255,66,42425,17,248577
929,0.0017,74.125.24.0-255,4320,46745,17,248577
930,0.001702,172.31.36.0-255,66,46811,17,248577
931,0.001706,74.125.24.0-255,2902,49713,17,248577
932,0.001708,172.31.36.0-255,66,49779,17,248577
933,0.001749,172.31.36.0-255,66,49845,17,248577
934,0.001776,74.125.24.0-255,6438,56283,17,248577
935,0.001779,172.31.36.0-255,66,56349,17,248577
936,0.003819,74.125.24.0-255,5738,62087,17,248577
937,0.003823,172.31.36.0-255,66,62153,17,248577
938,0.005811,74.125.24.0-255,5738,67891,17,248577
939,0.005817,172.31.36.0-255,66,67957,17,248577
940,0.007848,74.125.24.0-255,5738,73695,17,248577
941,0.007857,172.31.36.0-255,66,73761,17,248577
942,0.009873,74.125.24.0-255,5738,79499,17,248577
943,0.009881,172.31.36.0-255,66,79565,17,248577
944,0.011903,74.125.24.0-255,5738,85303,17,248577
945,0.011912,172.31.36.0-255,66,85369,17,248577
946,0.013944,74.125.24.0-255,5738,91107,17,248577
947,0.013952,172.31.36.0-255,66,91173,17,248577
948,0.015942,74.125.24.0-255,5738,96911,17,248577
949,0.015949,172.31.36.0-255,66,96977,17,248577
950,0.017956,74.125.24.0-255,5738,102715,17,248577
951,0.017962,172.31.36.0-255,66,102781,17,248577
952,0.019992,74.125.24.0-255,5738,108519,17,248577
953,0.019999,172.31.36.0-255,66,108585,17,248577
954,0.022022,74.125.24.0-255,5738,114323,17,248577
955,0.022047,172.31.36.0-255,66,114389,17,248577
956,0.022237,172.31.36.0-255,188,114577,17,248577
957,0.02228,172.31.36.0-255,961,115538,17,248577
958,0.022357,172.31.36.0-255,1514,117052,17,248577
959,0.022359,172.31.36.0-255,1429,118481,17,248577
960,0.023757,104.244.42.0-255,66,118547,17,248577
961,0.023799,104.244.42.0-255,66,118613,17,248577
962,0.023929,104.244.42.0-255,66,118679,17,248577
963,0.024046,74.125.24.0-255,4320,122999,17,248577
964,0.024051,172.31.36.0-255,66,123065,17,248577
965,0.02408,74.125.24.0-255,1484,124549,17,248577
966,0.026072,74.125.24.0-255,2902,127451,17,248577
967,0.026079,172.31.36.0-255,66,127517,17,248577
968,0.028097,74.125.24.0-255,5738,133255,17,248577
969,0.028104,172.31.36.0-255,66,133321,17,248577
970,0.030119,74.125.24.0-255,5738,139059,17,248577
971,0.030125,172.31.36.0-255,66,139125,17,248577
972,0.032147,74.125.24.0-255,5738,144863,17,248577
973,0.032153,172.31.36.0-255,66,144929,17,248577
974,0.034154,74.125.24.0-255,2902,147831,17,248577
975,0.034159,172.31.36.0-255,66,147897,17,248577
976,0.034188,74.125.24.0-255,2902,150799,17,248577
977,0.034191,172.31.36.0-255,66,150865,17,248577
978,0.036159,74.125.24.0-255,2902,153767,17,248577
979,0.036165,172.31.36.0-255,66,153833,17,248577
980,0.036201,74.125.24.0-255,2902,156735,17,248577
981,0.036204,172.31.36.0-255,66,156801,17,248577
982,0.038162,74.125.24.0-255,2902,159703,17,248577
983,0.038167,172.31.36.0-255,66,159769,17,248577
984,0.038191,74.125.24.0-255,2902,162671,17,248577
985,0.038194,172.31.36.0-255,66,162737,17,248577
986,0.040169,74.125.24.0-255,2902,165639,17,248577
987,0.040175,172.31.36.0-255,66,165705,17,248577
988,0.040202,74.125.24.0-255,2902,168607,17,248577
989,0.040205,172.31.36.0-255,66,168673,17,248577
990,0.042208,74.125.24.0-255,5738,174411,17,248577
991,0.042216,172.31.36.0-255,66,174477,17,248577
992,0.044236,74.125.24.0-255,5738,180215,17,248577
993,0.044246,172.31.36.0-255,66,180281,17,248577
994,0.046273,74.125.24.0-255,5738,186019,17,248577
995,0.046279,172.31.36.0-255,66,186085,17,248577
996,0.048292,74.125.24.0-255,5738,191823,17,248577
997,0.048301,172.31.36.0-255,66,191889,17,248577
998,0.050313,74.125.24.0-255,5738,197627,17,248577
999,0.050319,172.31.36.0-255,66,197693,17,248577
1000,0.052336,74.125.24.0-255,5738,203431,17,248577
1001,0.052345,172.31.36.0-255,66,203497,17,248577
1002,0.054407,74.125.24.0-255,5738,209235,17,248577
1003,0.054426,172.31.36.0-255,66,209301,17,248577
1004,0.056436,74.125.24.0-255,5738,215039,17,248577
1005,0.056442,172.31.36.0-255,66,215105,17,248577
1006,0.058457,74.125.24.0-255,5738,220843,17,248577
1007,0.058462,172.31.36.0-255,66,220909,17,248577
1008,0.060498,74.125.24.0-255,5738,226647,17,248577
1009,0.060507,172.31.36.0-255,66,226713,17,248577
1010,0.062536,74.125.24.0-255,5738,232451,17,248577
1011,0.062544,172.31.36.0-255,66,232517,17,248577
1012,0.064553,74.125.24.0-255,5738,238255,17,248577
1013,0.064557,172.31.36.0-255,66,238321,17,248577
1014,0.066568,74.125.24.0-255,4320,242641,17,248577
1015,0.066574,172.31.36.0-255,66,242707,17,248577
1016,0.066605,74.125.24.0-255,1484,244191,17,248577
1017,0.068578,74.125.24.0-255,4320,248511,17,248577
1018,0.068584,172.31.36.0-255,66,248577,17,248577
1019,0.0,172.217.194.0-255,150,150,17,224336
1020,1.8e-05,172.31.36.0-255,66,216,17,224336
1021,2.5e-05,172.217.194.0-255,1484,1700,17,224336
1022,2.9e-05,172.31.36.0-255,66,1766,17,224336
1023,3.4e-05,172.217.194.0-255,2902,4668,17,224336
1024,3.8e-05,172.31.36.0-255,66,4734,17,224336
1025,4.4e-05,172.217.194.0-255,4320,9054,17,224336
1026,4.7e-05,172.31.36.0-255,66,9120,17,224336
1027,7.8e-05,172.217.194.0-255,4841,13961,17,224336
1028,8.2e-05,172.31.36.0-255,66,14027,17,224336
1029,0.000106,172.217.194.0-255,5738,19765,17,224336
1030,0.000108,172.31.36.0-255,66,19831,17,224336
1031,0.000113,172.217.194.0-255,2902,22733,17,224336
1032,0.000115,172.31.36.0-255,66,22799,17,224336
1033,0.000171,172.217.194.0-255,2902,25701,17,224336
1034,0.000174,172.31.36.0-255,66,25767,17,224336
1035,0.00019,172.217.194.0-255,5379,31146,17,224336
1036,0.000193,172.31.36.0-255,66,31212,17,224336
1037,0.000326,172.217.194.0-255,1484,32696,17,224336
1038,0.000331,172.31.36.0-255,66,32762,17,224336
1039,0.000337,172.217.194.0-255,2902,35664,17,224336
1040,0.000339,172.31.36.0-255,66,35730,17,224336
1041,0.000356,172.217.194.0-255,4320,40050,17,224336
1042,0.00036,172.31.36.0-255,66,40116,17,224336
1043,0.000382,172.217.194.0-255,1484,41600,17,224336
1044,0.000385,172.31.36.0-255,66,41666,17,224336
1045,0.000392,172.217.194.0-255,5738,47404,17,224336
1046,0.000395,172.31.36.0-255,66,47470,17,224336
1047,0.000398,172.217.194.0-255,1484,48954,17,224336
1048,0.0004,172.31.36.0-255,66,49020,17,224336
1049,0.000431,172.31.36.0-255,66,49086,17,224336
1050,0.000437,172.217.194.0-255,3961,53047,17,224336
1051,0.000439,172.31.36.0-255,66,53113,17,224336
1052,0.00046,172.217.194.0-255,343,53456,17,224336
1053,0.000503,172.217.194.0-255,117,53573,17,224336
1054,0.000524,172.217.194.0-255,382,53955,17,224336
1055,0.000861,172.217.194.0-255,1484,55439,17,224336
1056,0.000866,172.217.194.0-255,2902,58341,17,224336
1057,0.000876,172.31.36.0-255,66,58407,17,224336
1058,0.000881,172.31.36.0-255,66,58473,17,224336
1059,0.000884,172.217.194.0-255,1484,59957,17,224336
1060,0.000901,172.217.194.0-255,4320,64277,17,224336
1061,0.000903,172.31.36.0-255,66,64343,17,224336
1062,0.000923,172.217.194.0-255,2902,67245,17,224336
1063,0.000925,172.31.36.0-255,66,67311,17,224336
1064,0.000963,172.31.36.0-255,66,67377,17,224336
1065,0.000975,172.31.36.0-255,66,67443,17,224336
1066,0.001007,172.217.194.0-255,2184,69627,17,224336
1067,0.001011,172.31.36.0-255,66,69693,17,224336
1068,0.001147,172.217.194.0-255,1484,71177,17,224336
1069,0.001161,172.217.194.0-255,2902,74079,17,224336
1070,0.001165,172.31.36.0-255,66,74145,17,224336
1071,0.001168,172.217.194.0-255,1484,75629,17,224336
1072,0.001188,172.217.194.0-255,4320,79949,17,224336
1073,0.001191,172.31.36.0-255,66,80015,17,224336
1074,0.001196,172.217.194.0-255,2902,82917,17,224336
1075,0.001198,172.31.36.0-255,66,82983,17,224336
1076,0.001202,172.217.194.0-255,2902,85885,17,224336
1077,0.001204,172.31.36.0-255,66,85951,17,224336
1078,0.00123,172.217.194.0-255,7156,93107,17,224336
1079,0.001233,172.31.36.0-255,66,93173,17,224336
1080,0.001241,172.217.194.0-255,7156,100329,17,224336
1081,0.001244,172.31.36.0-255,66,100395,17,224336
1082,0.001267,172.217.194.0-255,3602,103997,17,224336
1083,0.001271,172.31.36.0-255,66,104063,17,224336
1084,0.001292,172.217.194.0-255,5738,109801,17,224336
1085,0.001295,172.31.36.0-255,66,109867,17,224336
1086,0.001314,172.217.194.0-255,2902,112769,17,224336
1087,0.001316,172.31.36.0-255,66,112835,17,224336
1088,0.00133,172.31.36.0-255,66,112901,17,224336
1089,0.001333,172.217.194.0-255,1484,114385,17,224336
1090,0.001358,172.217.194.0-255,5738,120123,17,224336
1091,0.001361,172.31.36.0-255,66,120189,17,224336
1092,0.001385,172.217.194.0-255,4320,124509,17,224336
1093,0.001391,172.31.36.0-255,66,124575,17,224336
1094,0.001411,172.217.194.0-255,3602,128177,17,224336
1095,0.001414,172.31.36.0-255,66,128243,17,224336
1096,0.001471,172.217.194.0-255,1484,129727,17,224336
1097,0.001493,172.217.194.0-255,2902,132629,17,224336
1098,0.001496,172.31.36.0-255,66,132695,17,224336
1099,0.001501,172.217.194.0-255,2902,135597,17,224336
1100,0.001503,172.31.36.0-255,66,135663,17,224336
1101,0.001518,172.217.194.0-255,2902,138565,17,224336
1102,0.00152,172.31.36.0-255,66,138631,17,224336
1103,0.001563,172.31.36.0-255,66,138697,17,224336
1104,0.001576,172.31.36.0-255,66,138763,17,224336
1105,0.001642,172.31.36.0-255,66,138829,17,224336
1106,0.001662,172.31.36.0-255,66,138895,17,224336
1107,0.001664,172.217.194.0-255,766,139661,17,224336
1108,0.001699,172.217.194.0-255,5738,145399,17,224336
1109,0.001702,172.31.36.0-255,66,145465,17,224336
1110,0.001727,172.217.194.0-255,4320,149785,17,224336
1111,0.00173,172.31.36.0-255,66,149851,17,224336
1112,0.001747,172.31.36.0-255,66,149917,17,224336
1113,0.001758,172.31.36.0-255,66,149983,17,224336
1114,0.0018,172.217.194.0-255,3602,153585,17,224336
1115,0.001809,172.31.36.0-255,66,153651,17,224336
1116,0.001814,172.217.194.0-255,2902,156553,17,224336
1117,0.001816,172.31.36.0-255,66,156619,17,224336
1118,0.001837,172.217.194.0-255,1484,158103,17,224336
1119,0.001846,172.217.194.0-255,7156,165259,17,224336
1120,0.001849,172.31.36.0-255,66,165325,17,224336
1121,0.001871,172.217.194.0-255,2902,168227,17,224336
1122,0.001874,172.31.36.0-255,66,168293,17,224336
1123,0.001886,172.31.36.0-255,66,168359,17,224336
1124,0.001931,172.31.36.0-255,66,168425,17,224336
1125,0.00195,172.217.194.0-255,2184,170609,17,224336
1126,0.001953,172.31.36.0-255,66,170675,17,224336
1127,0.002029,172.217.194.0-255,1484,172159,17,224336
1128,0.002035,172.217.194.0-255,2902,175061,17,224336
1129,0.002038,172.31.36.0-255,66,175127,17,224336
1130,0.002056,172.217.194.0-255,1484,176611,17,224336
1131,0.002061,172.217.194.0-255,2902,179513,17,224336
1132,0.002063,172.31.36.0-255,66,179579,17,224336
1133,0.002082,172.217.194.0-255,2902,182481,17,224336
1134,0.002087,172.217.194.0-255,4320,186801,17,224336
1135,0.002091,172.31.36.0-255,66,186867,17,224336
1136,0.002094,172.31.36.0-255,66,186933,17,224336
1137,0.00212,172.31.36.0-255,66,186999,17,224336
1138,0.002132,172.31.36.0-255,66,187065,17,224336
1139,0.002135,172.217.194.0-255,766,187831,17,224336
1140,0.002179,172.217.194.0-255,1484,189315,17,224336
1141,0.002182,172.31.36.0-255,66,189381,17,224336
1142,0.002188,172.217.194.0-255,4320,193701,17,224336
1143,0.002191,172.31.36.0-255,66,193767,17,224336
1144,0.002207,172.217.194.0-255,1484,195251,17,224336
1145,0.002224,172.217.194.0-255,4320,199571,17,224336
1146,0.002242,172.31.36.0-255,66,199637,17,224336
1147,0.002251,172.217.194.0-255,7156,206793,17,224336
1148,0.002253,172.31.36.0-255,66,206859,17,224336
1149,0.002268,172.31.36.0-255,66,206925,17,224336
1150,0.002288,172.217.194.0-255,1484,208409,17,224336
1151,0.002292,172.217.194.0-255,766,209175,17,224336
1152,0.002294,172.31.36.0-255,66,209241,17,224336
1153,0.002318,172.217.194.0-255,7156,216397,17,224336
1154,0.002321,172.31.36.0-255,66,216463,17,224336
1155,0.002351,172.31.36.0-255,66,216529,17,224336
1156,0.002403,172.31.36.0-255,66,216595,17,224336
1157,0.002426,172.217.194.0-255,2184,218779,17,224336
1158,0.002428,172.31.36.0-255,66,218845,17,224336
1159,0.002439,172.31.36.0-255,66,218911,17,224336
1160,0.002442,172.217.194.0-255,105,219016,17,224336
1161,0.002444,172.217.194.0-255,129,219145,17,224336
1162,0.010576,172.31.36.0-255,105,219250,17,224336
1163,0.010619,172.31.36.0-255,105,219355,17,224336
1164,0.010891,172.31.36.0-255,90,219445,17,224336
1165,0.010903,172.31.36.0-255,66,219511,17,224336
1166,0.012882,172.217.194.0-255,129,219640,17,224336
1167,0.012895,172.31.36.0-255,78,219718,17,224336
1168,0.013085,172.217.194.0-255,66,219784,17,224336
1169,0.013093,172.217.194.0-255,66,219850,17,224336
1170,0.013394,172.217.194.0-255,66,219916,17,224336
1171,0.013419,172.217.194.0-255,66,219982,17,224336
1172,0.013426,172.31.36.0-255,66,220048,17,224336
1173,0.030099,172.31.36.0-255,188,220236,17,224336
1174,0.030134,172.31.36.0-255,961,221197,17,224336
1175,0.0302,172.31.36.0-255,1514,222711,17,224336
1176,0.030202,172.31.36.0-255,1427,224138,17,224336
1177,0.031617,104.244.42.0-255,66,224204,17,224336
1178,0.031707,104.244.42.0-255,66,224270,17,224336
1179,0.031738,104.244.42.0-255,66,224336,17,224336
1180,0.0,172.217.194.0-255,152,152,17,317910
1181,3.3e-05,172.31.36.0-255,66,218,17,317910
1182,4.1e-05,172.217.194.0-255,1484,1702,17,317910
1183,4.6e-05,172.31.36.0-255,66,1768,17,317910
1184,5.1e-05,172.217.194.0-255,2902,4670,17,317910
1185,6.2e-05,172.31.36.0-255,66,4736,17,317910
1186,6.9e-05,172.217.194.0-255,7156,11892,17,317910
1187,7.2e-05,172.31.36.0-255,66,11958,17,317910
1188,8.3e-05,172.31.36.0-255,66,12024,17,317910
1189,0.000113,172.217.194.0-255,3457,15481,17,317910
1190,0.000116,172.31.36.0-255,66,15547,17,317910
1191,0.000122,172.217.194.0-255,5379,20926,17,317910
1192,0.000125,172.31.36.0-255,66,20992,17,317910
1193,0.000196,172.217.194.0-255,1484,22476,17,317910
1194,0.0002,172.31.36.0-255,66,22542,17,317910
1195,0.000205,172.217.194.0-255,2902,25444,17,317910
1196,0.000207,172.31.36.0-255,66,25510,17,317910
1197,0.000213,172.217.194.0-255,5738,31248,17,317910
1198,0.000222,172.31.36.0-255,66,31314,17,317910
1199,0.000227,172.217.194.0-255,5738,37052,17,317910
1200,0.00023,172.31.36.0-255,66,37118,17,317910
1201,0.000241,172.31.36.0-255,66,37184,17,317910
1202,0.00027,172.217.194.0-255,5379,42563,17,317910
1203,0.000277,172.31.36.0-255,66,42629,17,317910
1204,0.000281,172.217.194.0-255,4248,46877,17,317910
1205,0.000287,172.31.36.0-255,66,46943,17,317910
1206,0.000306,172.217.194.0-255,99,47042,17,317910
1207,0.000309,172.31.36.0-255,66,47108,17,317910
1208,0.000383,172.217.194.0-255,1484,48592,17,317910
1209,0.000386,172.31.36.0-255,66,48658,17,317910
1210,0.000404,172.217.194.0-255,2902,51560,17,317910
1211,0.000407,172.31.36.0-255,66,51626,17,317910
1212,0.000414,172.217.194.0-255,5738,57364,17,317910
1213,0.000416,172.31.36.0-255,66,57430,17,317910
1214,0.000422,172.217.194.0-255,5738,63168,17,317910
1215,0.000425,172.31.36.0-255,66,63234,17,317910
1216,0.000452,172.217.194.0-255,1125,64359,17,317910
1217,0.000484,172.217.194.0-255,4320,68679,17,317910
1218,0.000488,172.31.36.0-255,66,68745,17,317910
1219,0.000524,172.31.36.0-255,66,68811,17,317910
1220,0.000528,172.217.194.0-255,2263,71074,17,317910
1221,0.000531,172.31.36.0-255,66,71140,17,317910
1222,0.0007,172.217.194.0-255,1484,72624,17,317910
1223,0.000706,172.217.194.0-255,2902,75526,17,317910
1224,0.000709,172.31.36.0-255,66,75592,17,317910
1225,0.000713,172.217.194.0-255,1484,77076,17,317910
1226,0.000742,172.217.194.0-255,4320,81396,17,317910
1227,0.000744,172.31.36.0-255,66,81462,17,317910
1228,0.000751,172.217.194.0-255,7156,88618,17,317910
1229,0.000753,172.31.36.0-255,66,88684,17,317910
1230,0.000783,172.217.194.0-255,2902,91586,17,317910
1231,0.000787,172.31.36.0-255,66,91652,17,317910
1232,0.000815,172.31.36.0-255,66,91718,17,317910
1233,0.001355,172.217.194.0-255,1484,93202,17,317910
1234,0.001365,172.217.194.0-255,2902,96104,17,317910
1235,0.001369,172.31.36.0-255,66,96170,17,317910
1236,0.001376,172.217.194.0-255,5738,101908,17,317910
1237,0.001378,172.31.36.0-255,66,101974,17,317910
1238,0.001421,172.31.36.0-255,66,102040,17,317910
1239,0.001468,172.31.36.0-255,66,102106,17,317910
1240,0.001494,172.217.194.0-255,2184,104290,17,317910
1241,0.001498,172.31.36.0-255,66,104356,17,317910
1242,0.002071,172.217.194.0-255,1484,105840,17,317910
1243,0.002079,172.217.194.0-255,2902,108742,17,317910
1244,0.002083,172.31.36.0-255,66,108808,17,317910
1245,0.002089,172.217.194.0-255,4320,113128,17,317910
1246,0.002091,172.31.36.0-255,66,113194,17,317910
1247,0.002111,172.217.194.0-255,1484,114678,17,317910
1248,0.002121,172.217.194.0-255,5738,120416,17,317910
1249,0.002123,172.31.36.0-255,66,120482,17,317910
1250,0.002132,172.31.36.0-255,66,120548,17,317910
1251,0.002166,172.217.194.0-255,4320,124868,17,317910
1252,0.002172,172.31.36.0-255,66,124934,17,317910
1253,0.002178,172.217.194.0-255,5020,129954,17,317910
1254,0.00218,172.31.36.0-255,66,130020,17,317910
1255,0.004227,172.217.194.0-255,5738,135758,17,317910
1256,0.004232,172.31.36.0-255,66,135824,17,317910
1257,0.006307,172.217.194.0-255,5738,141562,17,317910
1258,0.006317,172.31.36.0-255,66,141628,17,317910
1259,0.008408,172.217.194.0-255,5738,147366,17,317910
1260,0.008415,172.31.36.0-255,66,147432,17,317910
1261,0.010497,172.217.194.0-255,5738,153170,17,317910
1262,0.010508,172.31.36.0-255,66,153236,17,317910
1263,0.012588,172.217.194.0-255,5738,158974,17,317910
1264,0.012596,172.31.36.0-255,66,159040,17,317910
1265,0.014676,172.217.194.0-255,5738,164778,17,317910
1266,0.014686,172.31.36.0-255,66,164844,17,317910
1267,0.016772,172.217.194.0-255,5738,170582,17,317910
1268,0.016786,172.31.36.0-255,66,170648,17,317910
1269,0.018858,172.217.194.0-255,5738,176386,17,317910
1270,0.018867,172.31.36.0-255,66,176452,17,317910
1271,0.020971,172.217.194.0-255,5738,182190,17,317910
1272,0.020983,172.31.36.0-255,66,182256,17,317910
1273,0.023063,172.217.194.0-255,5738,187994,17,317910
1274,0.023072,172.31.36.0-255,66,188060,17,317910
1275,0.025139,172.217.194.0-255,5738,193798,17,317910
1276,0.025148,172.31.36.0-255,66,193864,17,317910
1277,0.027287,172.217.194.0-255,5738,199602,17,317910
1278,0.027296,172.31.36.0-255,66,199668,17,317910
1279,0.028678,172.31.36.0-255,172,199840,17,317910
1280,0.028708,172.31.36.0-255,1117,200957,17,317910
1281,0.028751,172.31.36.0-255,1514,202471,17,317910
1282,0.028752,172.31.36.0-255,1271,203742,17,317910
1283,0.029389,172.217.194.0-255,4320,208062,17,317910
1284,0.029396,172.31.36.0-255,66,208128,17,317910
1285,0.029428,172.217.194.0-255,1484,209612,17,317910
1286,0.030223,104.244.42.0-255,66,209678,17,317910
1287,0.030266,104.244.42.0-255,66,209744,17,317910
1288,0.030325,104.244.42.0-255,66,209810,17,317910
1289,0.031431,172.217.194.0-255,4320,214130,17,317910
1290,0.031437,172.31.36.0-255,66,214196,17,317910
1291,0.033513,172.217.194.0-255,1484,215680,17,317910
1292,0.033542,172.217.194.0-255,4320,220000,17,317910
1293,0.033547,172.31.36.0-255,66,220066,17,317910
1294,0.035667,172.217.194.0-255,5738,225804,17,317910
1295,0.035673,172.31.36.0-255,66,225870,17,317910
1296,0.037772,172.217.194.0-255,4320,230190,17,317910
1297,0.037777,172.31.36.0-255,66,230256,17,317910
1298,0.037822,172.217.194.0-255,1484,231740,17,317910
1299,0.039881,172.217.194.0-255,4320,236060,17,317910
1300,0.039889,172.31.36.0-255,66,236126,17,317910
1301,0.041986,172.217.194.0-255,5738,241864,17,317910
1302,0.041992,172.31.36.0-255,66,241930,17,317910
1303,0.044099,172.217.194.0-255,5738,247668,17,317910
1304,0.044106,172.31.36.0-255,66,247734,17,317910
1305,0.046176,172.217.194.0-255,2902,250636,17,317910
1306,0.046181,172.31.36.0-255,66,250702,17,317910
1307,0.046216,172.217.194.0-255,2902,253604,17,317910
1308,0.04622,172.31.36.0-255,66,253670,17,317910
1309,0.048253,172.217.194.0-255,2902,256572,17,317910
1310,0.048259,172.31.36.0-255,66,256638,17,317910
1311,0.0483,172.217.194.0-255,2902,259540,17,317910
1312,0.048303,172.31.36.0-255,66,259606,17,317910
1313,0.050334,172.217.194.0-255,2902,262508,17,317910
1314,0.050339,172.31.36.0-255,66,262574,17,317910
1315,0.050382,172.217.194.0-255,2902,265476,17,317910
1316,0.050386,172.31.36.0-255,66,265542,17,317910
1317,0.052431,172.217.194.0-255,5738,271280,17,317910
1318,0.052436,172.31.36.0-255,66,271346,17,317910
1319,0.054529,172.217.194.0-255,5738,277084,17,317910
1320,0.054534,172.31.36.0-255,66,277150,17,317910
1321,0.056614,172.217.194.0-255,5738,282888,17,317910
1322,0.05662,172.31.36.0-255,66,282954,17,317910
1323,0.058697,172.217.194.0-255,5738,288692,17,317910
1324,0.058702,172.31.36.0-255,66,288758,17,317910
1325,0.060743,172.217.194.0-255,5738,294496,17,317910
1326,0.060749,172.31.36.0-255,66,294562,17,317910
1327,0.062812,172.217.194.0-255,5738,300300,17,317910
1328,0.062817,172.31.36.0-255,66,300366,17,317910
1329,0.064905,172.217.194.0-255,5738,306104,17,317910
1330,0.06491,172.31.36.0-255,66,306170,17,317910
1331,0.066967,172.217.194.0-255,5738,311908,17,317910
1332,0.066973,172.31.36.0-255,66,311974,17,317910
1333,0.069045,172.217.194.0-255,2902,314876,17,317910
1334,0.069051,172.31.36.0-255,66,314942,17,317910
1335,0.069086,172.217.194.0-255,2902,317844,17,317910
1336,0.06909,172.31.36.0-255,66,317910,17,317910
1337,0.0,172.217.160.0-255,152,152,17,315756
1338,2e-05,172.31.36.0-255,66,218,17,315756
1339,2.7e-05,172.217.160.0-255,1484,1702,17,315756
1340,3.1e-05,172.31.36.0-255,66,1768,17,315756
1341,3.6e-05,172.217.160.0-255,2902,4670,17,315756
1342,4.9e-05,172.31.36.0-255,66,4736,17,315756
1343,5.6e-05,172.217.160.0-255,7156,11892,17,315756
1344,5.9e-05,172.31.36.0-255,66,11958,17,315756
1345,7.3e-05,172.31.36.0-255,66,12024,17,315756
1346,0.000104,172.217.160.0-255,4320,16344,17,315756
1347,0.000107,172.31.36.0-255,66,16410,17,315756
1348,0.000148,172.217.160.0-255,2543,18953,17,315756
1349,0.000151,172.31.36.0-255,66,19019,17,315756
1350,0.000156,172.217.160.0-255,2902,21921,17,315756
1351,0.000158,172.31.36.0-255,66,21987,17,315756
1352,0.000168,172.217.160.0-255,4320,26307,17,315756
1353,0.00017,172.31.36.0-255,66,26373,17,315756
1354,0.00018,172.31.36.0-255,66,26439,17,315756
1355,0.000186,172.217.160.0-255,7156,33595,17,315756
1356,0.000188,172.31.36.0-255,66,33661,17,315756
1357,0.000232,172.31.36.0-255,66,33727,17,315756
1358,0.00028,172.217.160.0-255,373,34100,17,315756
1359,0.000284,172.31.36.0-255,66,34166,17,315756
1360,0.000706,172.217.160.0-255,102,34268,17,315756
1361,0.000711,172.31.36.0-255,66,34334,17,315756
1362,0.000851,172.217.160.0-255,1484,35818,17,315756
1363,0.000855,172.31.36.0-255,66,35884,17,315756
1364,0.00086,172.217.160.0-255,2902,38786,17,315756
1365,0.000862,172.31.36.0-255,66,38852,17,315756
1366,0.000894,172.217.160.0-255,5738,44590,17,315756
1367,0.000897,172.31.36.0-255,66,44656,17,315756
1368,0.000901,172.217.160.0-255,2902,47558,17,315756
1369,0.000903,172.31.36.0-255,66,47624,17,315756
1370,0.000931,172.217.160.0-255,5738,53362,17,315756
1371,0.000933,172.31.36.0-255,66,53428,17,315756
1372,0.000962,172.217.160.0-255,5379,58807,17,315756
1373,0.000965,172.31.36.0-255,66,58873,17,315756
1374,0.000971,172.217.160.0-255,7156,66029,17,315756
1375,0.000973,172.31.36.0-255,66,66095,17,315756
1376,0.000992,172.217.160.0-255,2543,68638,17,315756
1377,0.000996,172.31.36.0-255,66,68704,17,315756
1378,0.002599,172.217.160.0-255,2902,71606,17,315756
1379,0.002608,172.31.36.0-255,66,71672,17,315756
1380,0.002638,172.217.160.0-255,2902,74574,17,315756
1381,0.002641,172.31.36.0-255,66,74640,17,315756
1382,0.004221,172.217.160.0-255,2902,77542,17,315756
1383,0.004225,172.31.36.0-255,66,77608,17,315756
1384,0.00425,172.217.160.0-255,1484,79092,17,315756
1385,0.004269,172.217.160.0-255,1484,80576,17,315756
1386,0.004272,172.31.36.0-255,66,80642,17,315756
1387,0.00584,172.217.160.0-255,2902,83544,17,315756
1388,0.005845,172.31.36.0-255,66,83610,17,315756
1389,0.005888,172.217.160.0-255,2902,86512,17,315756
1390,0.005892,172.31.36.0-255,66,86578,17,315756
1391,0.007463,172.217.160.0-255,2902,89480,17,315756
1392,0.00747,172.31.36.0-255,66,89546,17,315756
1393,0.00751,172.217.160.0-255,2902,92448,17,315756
1394,0.007514,172.31.36.0-255,66,92514,17,315756
1395,0.009119,172.217.160.0-255,5738,98252,17,315756
1396,0.009127,172.31.36.0-255,66,98318,17,315756
1397,0.010757,172.217.160.0-255,5738,104056,17,315756
1398,0.010765,172.31.36.0-255,66,104122,17,315756
1399,0.01239,172.217.160.0-255,5738,109860,17,315756
1400,0.012398,172.31.36.0-255,66,109926,17,315756
1401,0.01404,172.217.160.0-255,5738,115664,17,315756
1402,0.014048,172.31.36.0-255,66,115730,17,315756
1403,0.015675,172.217.160.0-255,5738,121468,17,315756
1404,0.015683,172.31.36.0-255,66,121534,17,315756
1405,0.017315,172.217.160.0-255,5738,127272,17,315756
1406,0.017323,172.31.36.0-255,66,127338,17,315756
1407,0.018976,172.217.160.0-255,5738,133076,17,315756
1408,0.018983,172.31.36.0-255,66,133142,17,315756
1409,0.020621,172.217.160.0-255,5738,138880,17,315756
1410,0.020627,172.31.36.0-255,66,138946,17,315756
1411,0.021396,172.31.36.0-255,172,139118,17,315756
1412,0.021429,172.31.36.0-255,1118,140236,17,315756
1413,0.021489,172.31.36.0-255,1514,141750,17,315756
1414,0.021491,172.31.36.0-255,1270,143020,17,315756
1415,0.022256,172.217.160.0-255,5738,148758,17,315756
1416,0.022263,172.31.36.0-255,66,148824,17,315756
1417,0.022938,104.244.42.0-255,66,148890,17,315756
1418,0.022967,104.244.42.0-255,66,148956,17,315756
1419,0.023078,104.244.42.0-255,66,149022,17,315756
1420,0.023893,172.217.160.0-255,5738,154760,17,315756
1421,0.023899,172.31.36.0-255,66,154826,17,315756
1422,0.025536,172.217.160.0-255,5738,160564,17,315756
1423,0.025543,172.31.36.0-255,66,160630,17,315756
1424,0.027175,172.217.160.0-255,5738,166368,17,315756
1425,0.027183,172.31.36.0-255,66,166434,17,315756
1426,0.028811,172.217.160.0-255,5738,172172,17,315756
1427,0.028817,172.31.36.0-255,66,172238,17,315756
1428,0.030454,172.217.160.0-255,5738,177976,17,315756
1429,0.030461,172.31.36.0-255,66,178042,17,315756
1430,0.032134,172.217.160.0-255,5738,183780,17,315756
1431,0.032141,172.31.36.0-255,66,183846,17,315756
1432,0.033774,172.217.160.0-255,5738,189584,17,315756
1433,0.033781,172.31.36.0-255,66,189650,17,315756
1434,0.035413,172.217.160.0-255,5738,195388,17,315756
1435,0.035419,172.31.36.0-255,66,195454,17,315756
1436,0.037044,172.217.160.0-255,5738,201192,17,315756
1437,0.037049,172.31.36.0-255,66,201258,17,315756
1438,0.038666,172.217.160.0-255,4320,205578,17,315756
1439,0.038672,172.31.36.0-255,66,205644,17,315756
1440,0.038703,172.217.160.0-255,1484,207128,17,315756
1441,0.040291,172.217.160.0-255,4320,211448,17,315756
1442,0.040297,172.31.36.0-255,66,211514,17,315756
1443,0.041935,172.217.160.0-255,5738,217252,17,315756
1444,0.04194,172.31.36.0-255,66,217318,17,315756
1445,0.043596,172.217.160.0-255,5738,223056,17,315756
1446,0.043601,172.31.36.0-255,66,223122,17,315756
1447,0.045227,172.217.160.0-255,2902,226024,17,315756
1448,0.045233,172.31.36.0-255,66,226090,17,315756
1449,0.045273,172.217.160.0-255,2902,228992,17,315756
1450,0.045276,172.31.36.0-255,66,229058,17,315756
1451,0.04685,172.217.160.0-255,1484,230542,17,315756
1452,0.046887,172.217.160.0-255,1484,232026,17,315756
1453,0.046891,172.31.36.0-255,66,232092,17,315756
1454,0.04693,172.217.160.0-255,2902,234994,17,315756
1455,0.046936,172.31.36.0-255,66,235060,17,315756
1456,0.048507,172.217.160.0-255,2902,237962,17,315756
1457,0.048513,172.31.36.0-255,66,238028,17,315756
1458,0.048548,172.217.160.0-255,2902,240930,17,315756
1459,0.048552,172.31.36.0-255,66,240996,17,315756
1460,0.050133,172.217.160.0-255,2902,243898,17,315756
1461,0.050139,172.31.36.0-255,66,243964,17,315756
1462,0.050174,172.217.160.0-255,2902,246866,17,315756
1463,0.050178,172.31.36.0-255,66,246932,17,315756
1464,0.051764,172.217.160.0-255,2902,249834,17,315756
1465,0.05177,172.31.36.0-255,66,249900,17,315756
1466,0.051809,172.217.160.0-255,2902,252802,17,315756
1467,0.051812,172.31.36.0-255,66,252868,17,315756
1468,0.053402,172.217.160.0-255,2902,255770,17,315756
1469,0.053408,172.31.36.0-255,66,255836,17,315756
1470,0.053442,172.217.160.0-255,2902,258738,17,315756
1471,0.053446,172.31.36.0-255,66,258804,17,315756
1472,0.055033,172.217.160.0-255,2902,261706,17,315756
1473,0.055039,172.31.36.0-255,66,261772,17,315756
1474,0.055076,172.217.160.0-255,2902,264674,17,315756
1475,0.055079,172.31.36.0-255,66,264740,17,315756
1476,0.056658,172.217.160.0-255,2902,267642,17,315756
1477,0.056664,172.31.36.0-255,66,267708,17,315756
1478,0.0567,172.217.160.0-255,2902,270610,17,315756
1479,0.056704,172.31.36.0-255,66,270676,17,315756
1480,0.058316,172.217.160.0-255,5738,276414,17,315756
1481,0.058321,172.31.36.0-255,66,276480,17,315756
1482,0.059955,172.217.160.0-255,5738,282218,17,315756
1483,0.059963,172.31.36.0-255,66,282284,17,315756
1484,0.061594,172.217.160.0-255,5738,288022,17,315756
1485,0.061603,172.31.36.0-255,66,288088,17,315756
1486,0.063234,172.217.160.0-255,4320,292408,17,315756
1487,0.06324,172.31.36.0-255,66,292474,17,315756
1488,0.063275,172.217.160.0-255,1484,293958,17,315756
1489,0.064863,172.217.160.0-255,4320,298278,17,315756
1490,0.064869,172.31.36.0-255,66,298344,17,315756
1491,0.066492,172.217.160.0-255,5738,304082,17,315756
1492,0.066499,172.31.36.0-255,66,304148,17,315756
1493,0.068125,172.217.160.0-255,5738,309886,17,315756
1494,0.068132,172.31.36.0-255,66,309952,17,315756
1495,0.069794,172.217.160.0-255,5738,315690,17,315756
1496,0.069801,172.31.36.0-255,66,315756,17,315756
1497,0.0,172.217.194.0-255,151,151,17,246391
1498,1.6e-05,172.31.36.0-255,66,217,17,246391
1499,2.3e-05,172.217.194.0-255,1484,1701,17,246391
1500,2.7e-05,172.31.36.0-255,66,1767,17,246391
1501,3.2e-05,172.217.194.0-255,2902,4669,17,246391
1502,4.3e-05,172.31.36.0-255,66,4735,17,246391
1503,5.1e-05,172.217.194.0-255,7156,11891,17,246391
1504,5.4e-05,172.31.36.0-255,66,11957,17,246391
1505,6.1e-05,172.217.194.0-255,6357,18314,17,246391
1506,6.3e-05,172.31.36.0-255,66,18380,17,246391
1507,0.000108,172.217.194.0-255,2902,21282,17,246391
1508,0.000111,172.31.36.0-255,66,21348,17,246391
1509,0.000145,172.31.36.0-255,66,21414,17,246391
1510,0.000179,172.217.194.0-255,1484,22898,17,246391
1511,0.000182,172.31.36.0-255,66,22964,17,246391
1512,0.000187,172.217.194.0-255,2902,25866,17,246391
1513,0.000189,172.31.36.0-255,66,25932,17,246391
1514,0.000194,172.217.194.0-255,2902,28834,17,246391
1515,0.000201,172.31.36.0-255,66,28900,17,246391
1516,0.000204,172.217.194.0-255,1484,30384,17,246391
1517,0.000206,172.31.36.0-255,66,30450,17,246391
1518,0.000239,172.217.194.0-255,5738,36188,17,246391
1519,0.000242,172.31.36.0-255,66,36254,17,246391
1520,0.000249,172.217.194.0-255,5738,41992,17,246391
1521,0.000252,172.31.36.0-255,66,42058,17,246391
1522,0.000289,172.217.194.0-255,2797,44855,17,246391
1523,0.000295,172.31.36.0-255,66,44921,17,246391
1524,0.000302,172.31.36.0-255,66,44987,17,246391
1525,0.000657,172.217.194.0-255,112,45099,17,246391
1526,0.000663,172.31.36.0-255,66,45165,17,246391
1527,0.000704,172.217.194.0-255,1484,46649,17,246391
1528,0.000711,172.217.194.0-255,2902,49551,17,246391
1529,0.000713,172.31.36.0-255,66,49617,17,246391
1530,0.000717,172.217.194.0-255,1484,51101,17,246391
1531,0.000749,172.217.194.0-255,4320,55421,17,246391
1532,0.000752,172.31.36.0-255,66,55487,17,246391
1533,0.000759,172.217.194.0-255,5738,61225,17,246391
1534,0.000761,172.31.36.0-255,66,61291,17,246391
1535,0.000798,172.217.194.0-255,7156,68447,17,246391
1536,0.0008,172.31.36.0-255,66,68513,17,246391
1537,0.000813,172.31.36.0-255,66,68579,17,246391
1538,0.000816,172.217.194.0-255,385,68964,17,246391
1539,0.000819,172.217.194.0-255,1484,70448,17,246391
1540,0.000821,172.31.36.0-255,66,70514,17,246391
1541,0.000844,172.217.194.0-255,4320,74834,17,246391
1542,0.000847,172.31.36.0-255,66,74900,17,246391
1543,0.000895,172.31.36.0-255,66,74966,17,246391
1544,0.000898,172.217.194.0-255,577,75543,17,246391
1545,0.001661,172.31.36.0-255,66,75609,17,246391
1546,0.001746,172.217.194.0-255,1484,77093,17,246391
1547,0.001753,172.217.194.0-255,2902,79995,17,246391
1548,0.001756,172.31.36.0-255,66,80061,17,246391
1549,0.001778,172.217.194.0-255,5738,85799,17,246391
1550,0.001781,172.31.36.0-255,66,85865,17,246391
1551,0.001788,172.217.194.0-255,5738,91603,17,246391
1552,0.00179,172.31.36.0-255,66,91669,17,246391
1553,0.00182,172.217.194.0-255,1484,93153,17,246391
1554,0.001861,172.31.36.0-255,66,93219,17,246391
1555,0.001887,172.217.194.0-255,1484,94703,17,246391
1556,0.001891,172.217.194.0-255,2184,96887,17,246391
1557,0.001893,172.31.36.0-255,66,96953,17,246391
1558,0.004467,172.217.194.0-255,1484,98437,17,246391
1559,0.004572,172.217.194.0-255,4320,102757,17,246391
1560,0.004577,172.31.36.0-255,66,102823,17,246391
1561,0.007231,172.217.194.0-255,5738,108561,17,246391
1562,0.007237,172.31.36.0-255,66,108627,17,246391
1563,0.009884,172.217.194.0-255,5738,114365,17,246391
1564,0.009891,172.31.36.0-255,66,114431,17,246391
1565,0.012538,172.217.194.0-255,5738,120169,17,246391
1566,0.012548,172.31.36.0-255,66,120235,17,246391
1567,0.015188,172.217.194.0-255,5738,125973,17,246391
1568,0.0152,172.31.36.0-255,66,126039,17,246391
1569,0.017843,172.217.194.0-255,5738,131777,17,246391
1570,0.017851,172.31.36.0-255,66,131843,17,246391
1571,0.020543,172.217.194.0-255,5738,137581,17,246391
1572,0.020553,172.31.36.0-255,66,137647,17,246391
1573,0.023226,172.217.194.0-255,5738,143385,17,246391
1574,0.023234,172.31.36.0-255,66,143451,17,246391
1575,0.025891,172.217.194.0-255,5738,149189,17,246391
1576,0.025897,172.31.36.0-255,66,149255,17,246391
1577,0.026878,172.31.36.0-255,172,149427,17,246391
1578,0.02691,172.31.36.0-255,1117,150544,17,246391
1579,0.02697,172.31.36.0-255,1514,152058,17,246391
1580,0.026971,172.31.36.0-255,1271,153329,17,246391
1581,0.028403,104.244.42.0-255,66,153395,17,246391
1582,0.02844,104.244.42.0-255,66,153461,17,246391
1583,0.028546,104.244.42.0-255,66,153527,17,246391
1584,0.028564,172.217.194.0-255,5738,159265,17,246391
1585,0.028569,172.31.36.0-255,66,159331,17,246391
1586,0.031232,172.217.194.0-255,5738,165069,17,246391
1587,0.031237,172.31.36.0-255,66,165135,17,246391
1588,0.033891,172.217.194.0-255,5738,170873,17,246391
1589,0.033898,172.31.36.0-255,66,170939,17,246391
1590,0.036546,172.217.194.0-255,5738,176677,17,246391
1591,0.036553,172.31.36.0-255,66,176743,17,246391
1592,0.0392,172.217.194.0-255,5738,182481,17,246391
1593,0.039207,172.31.36.0-255,66,182547,17,246391
1594,0.041856,172.217.194.0-255,5738,188285,17,246391
1595,0.041862,172.31.36.0-255,66,188351,17,246391
1596,0.044512,172.217.194.0-255,5738,194089,17,246391
1597,0.044529,172.31.36.0-255,66,194155,17,246391
1598,0.047177,172.217.194.0-255,5738,199893,17,246391
1599,0.047183,172.31.36.0-255,66,199959,17,246391
1600,0.049847,172.217.194.0-255,5738,205697,17,246391
1601,0.049853,172.31.36.0-255,66,205763,17,246391
1602,0.052474,172.217.194.0-255,5738,211501,17,246391
1603,0.052481,172.31.36.0-255,66,211567,17,246391
1604,0.055161,172.217.194.0-255,5738,217305,17,246391
1605,0.055168,172.31.36.0-255,66,217371,17,246391
1606,0.057795,172.217.194.0-255,5738,223109,17,246391
1607,0.057801,172.31.36.0-255,66,223175,17,246391
1608,0.060452,172.217.194.0-255,5738,228913,17,246391
1609,0.060457,172.31.36.0-255,66,228979,17,246391
1610,0.063097,172.217.194.0-255,5738,234717,17,246391
1611,0.063104,172.31.36.0-255,66,234783,17,246391
1612,0.065814,172.217.194.0-255,5738,240521,17,246391
1613,0.065821,172.31.36.0-255,66,240587,17,246391
1614,0.068462,172.217.194.0-255,5738,246325,17,246391
1615,0.068469,172.31.36.0-255,66,246391,17,246391
1616,0.0,172.217.194.0-255,153,153,17,154485
1617,2.2e-05,172.31.36.0-255,66,219,17,154485
1618,3e-05,172.217.194.0-255,1484,1703,17,154485
1619,3.4e-05,172.31.36.0-255,66,1769,17,154485
1620,4e-05,172.217.194.0-255,2902,4671,17,154485
1621,4.3e-05,172.31.36.0-255,66,4737,17,154485
1622,5.8e-05,172.217.194.0-255,7156,11893,17,154485
1623,6.1e-05,172.31.36.0-255,66,11959,17,154485
1624,7.2e-05,172.31.36.0-255,66,12025,17,154485
1625,0.000124,172.31.36.0-255,66,12091,17,154485
1626,0.000142,172.217.194.0-255,1484,13575,17,154485
1627,0.000145,172.31.36.0-255,66,13641,17,154485
1628,0.00015,172.217.194.0-255,2902,16543,17,154485
1629,0.000152,172.31.36.0-255,66,16609,17,154485
1630,0.000191,172.217.194.0-255,5738,22347,17,154485
1631,0.000193,172.31.36.0-255,66,22413,17,154485
1632,0.000201,172.217.194.0-255,6797,29210,17,154485
1633,0.000203,172.31.36.0-255,66,29276,17,154485
1634,0.000241,172.31.36.0-255,66,29342,17,154485
1635,0.000246,172.217.194.0-255,2833,32175,17,154485
1636,0.000248,172.31.36.0-255,66,32241,17,154485
1637,0.000266,172.217.194.0-255,367,32608,17,154485
1638,0.000268,172.31.36.0-255,66,32674,17,154485
1639,0.000293,172.217.194.0-255,1484,34158,17,154485
1640,0.000295,172.31.36.0-255,66,34224,17,154485
1641,0.000321,172.217.194.0-255,4320,38544,17,154485
1642,0.000324,172.31.36.0-255,66,38610,17,154485
1643,0.000348,172.217.194.0-255,5738,44348,17,154485
1644,0.000351,172.31.36.0-255,66,44414,17,154485
1645,0.000405,172.217.194.0-255,4828,49242,17,154485
1646,0.000409,172.31.36.0-255,66,49308,17,154485
1647,0.000449,172.217.194.0-255,2902,52210,17,154485
1648,0.000451,172.31.36.0-255,66,52276,17,154485
1649,0.000457,172.217.194.0-255,2902,55178,17,154485
1650,0.000459,172.31.36.0-255,66,55244,17,154485
1651,0.000476,172.217.194.0-255,1484,56728,17,154485
1652,0.000494,172.31.36.0-255,66,56794,17,154485
1653,0.000507,172.31.36.0-255,66,56860,17,154485
1654,0.000534,172.217.194.0-255,2902,59762,17,154485
1655,0.000536,172.31.36.0-255,66,59828,17,154485
1656,0.000546,172.217.194.0-255,3602,63430,17,154485
1657,0.000548,172.31.36.0-255,66,63496,17,154485
1658,0.000588,172.217.194.0-255,4320,67816,17,154485
1659,0.000591,172.31.36.0-255,66,67882,17,154485
1660,0.000597,172.217.194.0-255,4320,72202,17,154485
1661,0.000599,172.31.36.0-255,66,72268,17,154485
1662,0.000616,172.217.194.0-255,1484,73752,17,154485
1663,0.000634,172.31.36.0-255,66,73818,17,154485
1664,0.000638,172.217.194.0-255,2902,76720,17,154485
1665,0.00064,172.31.36.0-255,66,76786,17,154485
1666,0.000675,172.31.36.0-255,66,76852,17,154485
1667,0.000758,172.217.194.0-255,1484,78336,17,154485
1668,0.000774,172.217.194.0-255,2902,81238,17,154485
1669,0.000778,172.31.36.0-255,66,81304,17,154485
1670,0.000785,172.217.194.0-255,5738,87042,17,154485
1671,0.000787,172.31.36.0-255,66,87108,17,154485
1672,0.000823,172.31.36.0-255,66,87174,17,154485
1673,0.000853,172.217.194.0-255,4320,91494,17,154485
1674,0.000856,172.31.36.0-255,66,91560,17,154485
1675,0.000896,172.31.36.0-255,66,91626,17,154485
1676,0.000965,172.217.194.0-255,1484,93110,17,154485
1677,0.00097,172.217.194.0-255,2902,96012,17,154485
1678,0.000973,172.31.36.0-255,66,96078,17,154485
1679,0.001008,172.217.194.0-255,5738,101816,17,154485
1680,0.001011,172.31.36.0-255,66,101882,17,154485
1681,0.001018,172.217.194.0-255,5738,107620,17,154485
1682,0.00102,172.31.36.0-255,66,107686,17,154485
1683,0.001033,172.31.36.0-255,66,107752,17,154485
1684,0.00107,172.217.194.0-255,2902,110654,17,154485
1685,0.001073,172.31.36.0-255,66,110720,17,154485
1686,0.00108,172.217.194.0-255,5020,115740,17,154485
1687,0.001083,172.31.36.0-255,66,115806,17,154485
1688,0.001198,172.217.194.0-255,1484,117290,17,154485
1689,0.001203,172.217.194.0-255,2902,120192,17,154485
1690,0.001206,172.31.36.0-255,66,120258,17,154485
1691,0.00121,172.217.194.0-255,1484,121742,17,154485
1692,0.00124,172.217.194.0-255,4320,126062,17,154485
1693,0.001256,172.31.36.0-255,66,126128,17,154485
1694,0.001259,172.31.36.0-255,66,126194,17,154485
1695,0.001297,172.31.36.0-255,66,126260,17,154485
1696,0.001306,172.217.194.0-255,2184,128444,17,154485
1697,0.001309,172.31.36.0-255,66,128510,17,154485
1698,0.001363,172.217.194.0-255,1484,129994,17,154485
1699,0.001369,172.217.194.0-255,2902,132896,17,154485
1700,0.001372,172.31.36.0-255,66,132962,17,154485
1701,0.001379,172.217.194.0-255,5738,138700,17,154485
1702,0.001381,172.31.36.0-255,66,138766,17,154485
1703,0.001458,172.31.36.0-255,66,138832,17,154485
1704,0.001475,172.217.194.0-255,7156,145988,17,154485
1705,0.001511,172.31.36.0-255,66,146054,17,154485
1706,0.001527,172.217.194.0-255,766,146820,17,154485
1707,0.001555,172.31.36.0-255,66,146886,17,154485
1708,0.001565,172.217.194.0-255,2902,149788,17,154485
1709,0.00168,172.31.36.0-255,66,149854,17,154485
1710,0.001715,172.217.194.0-255,105,149959,17,154485
1711,0.001721,172.31.36.0-255,66,150025,17,154485
1712,0.008647,172.31.36.0-255,105,150130,17,154485
1713,0.010931,172.217.194.0-255,66,150196,17,154485
1714,0.034683,172.31.36.0-255,187,150383,17,154485
1715,0.034716,172.31.36.0-255,985,151368,17,154485
1716,0.034795,172.31.36.0-255,1514,152882,17,154485
1717,0.034797,172.31.36.0-255,1405,154287,17,154485
1718,0.036198,104.244.42.0-255,66,154353,17,154485
1719,0.036227,104.244.42.0-255,66,154419,17,154485
1720,0.036312,104.244.42.0-255,66,154485,17,154485
1721,0.0,172.217.194.0-255,153,153,17,330120
1722,3.4e-05,172.31.36.0-255,66,219,17,330120
1723,4.1e-05,172.217.194.0-255,1484,1703,17,330120
1724,4.5e-05,172.31.36.0-255,66,1769,17,330120
1725,5e-05,172.217.194.0-255,2902,4671,17,330120
1726,6e-05,172.31.36.0-255,66,4737,17,330120
1727,6.7e-05,172.217.194.0-255,7156,11893,17,330120
1728,7e-05,172.31.36.0-255,66,11959,17,330120
1729,7.7e-05,172.217.194.0-255,6316,18275,17,330120
1730,8e-05,172.31.36.0-255,66,18341,17,330120
1731,8.6e-05,172.217.194.0-255,7156,25497,17,330120
1732,8.9e-05,172.31.36.0-255,66,25563,17,330120
1733,0.000117,172.217.194.0-255,5379,30942,17,330120
1734,0.000121,172.31.36.0-255,66,31008,17,330120
1735,0.000157,172.217.194.0-255,1484,32492,17,330120
1736,0.000161,172.31.36.0-255,66,32558,17,330120
1737,0.000166,172.217.194.0-255,2902,35460,17,330120
1738,0.000168,172.31.36.0-255,66,35526,17,330120
1739,0.000174,172.217.194.0-255,5738,41264,17,330120
1740,0.000177,172.31.36.0-255,66,41330,17,330120
1741,0.000222,172.31.36.0-255,66,41396,17,330120
1742,0.000254,172.217.194.0-255,2543,43939,17,330120
1743,0.000257,172.31.36.0-255,66,44005,17,330120
1744,0.000263,172.217.194.0-255,5738,49743,17,330120
1745,0.000266,172.31.36.0-255,66,49809,17,330120
1746,0.000288,172.217.194.0-255,4574,54383,17,330120
1747,0.000291,172.31.36.0-255,66,54449,17,330120
1748,0.000388,172.217.194.0-255,1484,55933,17,330120
1749,0.000392,172.31.36.0-255,66,55999,17,330120
1750,0.000421,172.217.194.0-255,2902,58901,17,330120
1751,0.000425,172.31.36.0-255,66,58967,17,330120
1752,0.000431,172.217.194.0-255,5738,64705,17,330120
1753,0.000434,172.31.36.0-255,66,64771,17,330120
1754,0.000445,172.217.194.0-255,4320,69091,17,330120
1755,0.000448,172.31.36.0-255,66,69157,17,330120
1756,0.000511,172.31.36.0-255,66,69223,17,330120
1757,0.000518,172.217.194.0-255,5379,74602,17,330120
1758,0.000521,172.31.36.0-255,66,74668,17,330120
1759,0.00114,172.217.194.0-255,1484,76152,17,330120
1760,0.001146,172.217.194.0-255,1484,77636,17,330120
1761,0.00115,172.31.36.0-255,66,77702,17,330120
1762,0.001178,172.217.194.0-255,1484,79186,17,330120
1763,0.001185,172.217.194.0-255,5738,84924,17,330120
1764,0.001189,172.31.36.0-255,66,84990,17,330120
1765,0.001199,172.31.36.0-255,66,85056,17,330120
1766,0.001209,172.31.36.0-255,66,85122,17,330120
1767,0.001239,172.217.194.0-255,5020,90142,17,330120
1768,0.001242,172.31.36.0-255,66,90208,17,330120
1769,0.001947,172.217.194.0-255,1484,91692,17,330120
1770,0.001958,172.217.194.0-255,2902,94594,17,330120
1771,0.001964,172.31.36.0-255,66,94660,17,330120
1772,0.001972,172.217.194.0-255,5738,100398,17,330120
1773,0.001974,172.31.36.0-255,66,100464,17,330120
1774,0.001987,172.217.194.0-255,5738,106202,17,330120
1775,0.001991,172.31.36.0-255,66,106268,17,330120
1776,0.002015,172.217.194.0-255,7156,113424,17,330120
1777,0.002025,172.31.36.0-255,66,113490,17,330120
1778,0.002031,172.217.194.0-255,4320,117810,17,330120
1779,0.002033,172.31.36.0-255,66,117876,17,330120
1780,0.002055,172.217.194.0-255,6438,124314,17,330120
1781,0.002061,172.31.36.0-255,66,124380,17,330120
1782,0.00208,172.217.194.0-255,4320,128700,17,330120
1783,0.002082,172.31.36.0-255,66,128766,17,330120
1784,0.002088,172.217.194.0-255,5738,134504,17,330120
1785,0.00209,172.31.36.0-255,66,134570,17,330120
1786,0.002136,172.31.36.0-255,66,134636,17,330120
1787,0.002148,172.31.36.0-255,66,134702,17,330120
1788,0.002213,172.217.194.0-255,1484,136186,17,330120
1789,0.002228,172.217.194.0-255,2902,139088,17,330120
1790,0.002231,172.31.36.0-255,66,139154,17,330120
1791,0.002234,172.217.194.0-255,1484,140638,17,330120
1792,0.002258,172.217.194.0-255,2902,143540,17,330120
1793,0.00226,172.31.36.0-255,66,143606,17,330120
1794,0.002268,172.217.194.0-255,7156,150762,17,330120
1795,0.00227,172.31.36.0-255,66,150828,17,330120
1796,0.002297,172.217.194.0-255,1484,152312,17,330120
1797,0.002309,172.31.36.0-255,66,152378,17,330120
1798,0.002338,172.217.194.0-255,6438,158816,17,330120
1799,0.002341,172.31.36.0-255,66,158882,17,330120
1800,0.004655,172.217.194.0-255,4320,163202,17,330120
1801,0.004661,172.31.36.0-255,66,163268,17,330120
1802,0.004686,172.217.194.0-255,1484,164752,17,330120
1803,0.006984,172.217.194.0-255,4320,169072,17,330120
1804,0.006989,172.31.36.0-255,66,169138,17,330120
1805,0.009269,172.217.194.0-255,5738,174876,17,330120
1806,0.009277,172.31.36.0-255,66,174942,17,330120
1807,0.011608,172.217.194.0-255,5738,180680,17,330120
1808,0.011617,172.31.36.0-255,66,180746,17,330120
1809,0.013955,172.217.194.0-255,5738,186484,17,330120
1810,0.013964,172.31.36.0-255,66,186550,17,330120
1811,0.016261,172.217.194.0-255,5738,192288,17,330120
1812,0.01627,172.31.36.0-255,66,192354,17,330120
1813,0.018562,172.217.194.0-255,5738,198092,17,330120
1814,0.01857,172.31.36.0-255,66,198158,17,330120
1815,0.020877,172.217.194.0-255,5738,203896,17,330120
1816,0.020884,172.31.36.0-255,66,203962,17,330120
1817,0.023183,172.217.194.0-255,5738,209700,17,330120
1818,0.023189,172.31.36.0-255,66,209766,17,330120
1819,0.02451,172.31.36.0-255,172,209938,17,330120
1820,0.024607,172.31.36.0-255,1118,211056,17,330120
1821,0.024685,172.31.36.0-255,1514,212570,17,330120
1822,0.024687,172.31.36.0-255,1272,213842,17,330120
1823,0.025488,172.217.194.0-255,5738,219580,17,330120
1824,0.025496,172.31.36.0-255,66,219646,17,330120
1825,0.026064,104.244.42.0-255,66,219712,17,330120
1826,0.026166,104.244.42.0-255,66,219778,17,330120
1827,0.026221,104.244.42.0-255,66,219844,17,330120
1828,0.027804,172.217.194.0-255,5738,225582,17,330120
1829,0.02781,172.31.36.0-255,66,225648,17,330120
1830,0.030132,172.217.194.0-255,5738,231386,17,330120
1831,0.030138,172.31.36.0-255,66,231452,17,330120
1832,0.0325,172.217.194.0-255,5738,237190,17,330120
1833,0.032512,172.31.36.0-255,66,237256,17,330120
1834,0.034863,172.217.194.0-255,5738,242994,17,330120
1835,0.034871,172.31.36.0-255,66,243060,17,330120
1836,0.037202,172.217.194.0-255,5738,248798,17,330120
1837,0.037223,172.31.36.0-255,66,248864,17,330120
1838,0.039528,172.217.194.0-255,5738,254602,17,330120
1839,0.039534,172.31.36.0-255,66,254668,17,330120
1840,0.041882,172.217.194.0-255,5738,260406,17,330120
1841,0.041888,172.31.36.0-255,66,260472,17,330120
1842,0.044219,172.217.194.0-255,5738,266210,17,330120
1843,0.044229,172.31.36.0-255,66,266276,17,330120
1844,0.04656,172.217.194.0-255,5738,272014,17,330120
1845,0.046567,172.31.36.0-255,66,272080,17,330120
1846,0.048915,172.217.194.0-255,5738,277818,17,330120
1847,0.048922,172.31.36.0-255,66,277884,17,330120
1848,0.05126,172.217.194.0-255,5738,283622,17,330120
1849,0.051266,172.31.36.0-255,66,283688,17,330120
1850,0.053604,172.217.194.0-255,5738,289426,17,330120
1851,0.053614,172.31.36.0-255,66,289492,17,330120
1852,0.055948,172.217.194.0-255,5738,295230,17,330120
1853,0.055954,172.31.36.0-255,66,295296,17,330120
1854,0.058248,172.217.194.0-255,5738,301034,17,330120
1855,0.058254,172.31.36.0-255,66,301100,17,330120
1856,0.060584,172.217.194.0-255,5738,306838,17,330120
1857,0.06059,172.31.36.0-255,66,306904,17,330120
1858,0.062917,172.217.194.0-255,5738,312642,17,330120
1859,0.062924,172.31.36.0-255,66,312708,17,330120
1860,0.065212,172.217.194.0-255,5738,318446,17,330120
1861,0.065219,172.31.36.0-255,66,318512,17,330120
1862,0.067506,172.217.194.0-255,5738,324250,17,330120
1863,0.067513,172.31.36.0-255,66,324316,17,330120
1864,0.069821,172.217.194.0-255,5738,330054,17,330120
1865,0.069829,172.31.36.0-255,66,330120,17,330120
1866,0.0,172.31.36.0-255,105,105,17,459
1867,0.000165,172.31.36.0-255,90,195,17,459
1868,0.000174,172.31.36.0-255,66,261,17,459
1869,0.002568,172.217.194.0-255,66,327,17,459
1870,0.002591,172.217.194.0-255,66,393,17,459
1871,0.002608,172.31.36.0-255,66,459,17,459
1872,0.0,172.217.194.0-255,153,153,17,242197
1873,2.3e-05,172.31.36.0-255,66,219,17,242197
1874,4.2e-05,172.217.194.0-255,1484,1703,17,242197
1875,4.6e-05,172.31.36.0-255,66,1769,17,242197
1876,5.2e-05,172.217.194.0-255,2902,4671,17,242197
1877,5.4e-05,172.31.36.0-255,66,4737,17,242197
1878,6.2e-05,172.217.194.0-255,7156,11893,17,242197
1879,6.5e-05,172.31.36.0-255,66,11959,17,242197
1880,8.6e-05,172.217.194.0-255,4320,16279,17,242197
1881,8.9e-05,172.31.36.0-255,66,16345,17,242197
1882,0.000127,172.31.36.0-255,66,16411,17,242197
1883,0.000133,172.217.194.0-255,6797,23208,17,242197
1884,0.000136,172.31.36.0-255,66,23274,17,242197
1885,0.000209,172.217.194.0-255,1484,24758,17,242197
1886,0.000212,172.31.36.0-255,66,24824,17,242197
1887,0.000219,172.217.194.0-255,2902,27726,17,242197
1888,0.000221,172.31.36.0-255,66,27792,17,242197
1889,0.000226,172.217.194.0-255,2902,30694,17,242197
1890,0.000228,172.31.36.0-255,66,30760,17,242197
1891,0.00025,172.217.194.0-255,2902,33662,17,242197
1892,0.000253,172.31.36.0-255,66,33728,17,242197
1893,0.000271,172.217.194.0-255,4320,38048,17,242197
1894,0.000274,172.31.36.0-255,66,38114,17,242197
1895,0.0003,172.217.194.0-255,6797,44911,17,242197
1896,0.000303,172.31.36.0-255,66,44977,17,242197
1897,0.000316,172.31.36.0-255,66,45043,17,242197
1898,0.000319,172.217.194.0-255,1125,46168,17,242197
1899,0.000321,172.31.36.0-255,66,46234,17,242197
1900,0.000608,172.217.194.0-255,363,46597,17,242197
1901,0.000612,172.31.36.0-255,66,46663,17,242197
1902,0.000639,172.217.194.0-255,380,47043,17,242197
1903,0.000804,172.31.36.0-255,66,47109,17,242197
1904,0.002006,172.217.194.0-255,1484,48593,17,242197
1905,0.002016,172.217.194.0-255,2902,51495,17,242197
1906,0.00202,172.31.36.0-255,66,51561,17,242197
1907,0.002041,172.217.194.0-255,2902,54463,17,242197
1908,0.002045,172.31.36.0-255,66,54529,17,242197
1909,0.002066,172.217.194.0-255,2902,57431,17,242197
1910,0.002068,172.31.36.0-255,66,57497,17,242197
1911,0.002075,172.217.194.0-255,7156,64653,17,242197
1912,0.002077,172.31.36.0-255,66,64719,17,242197
1913,0.00209,172.31.36.0-255,66,64785,17,242197
1914,0.002094,172.217.194.0-255,2184,66969,17,242197
1915,0.002096,172.31.36.0-255,66,67035,17,242197
1916,0.004391,172.217.194.0-255,5738,72773,17,242197
1917,0.004397,172.31.36.0-255,66,72839,17,242197
1918,0.006714,172.217.194.0-255,5738,78577,17,242197
1919,0.00672,172.31.36.0-255,66,78643,17,242197
1920,0.009036,172.217.194.0-255,5738,84381,17,242197
1921,0.009044,172.31.36.0-255,66,84447,17,242197
1922,0.011364,172.217.194.0-255,5738,90185,17,242197
1923,0.011373,172.31.36.0-255,66,90251,17,242197
1924,0.013666,172.217.194.0-255,5738,95989,17,242197
1925,0.013676,172.31.36.0-255,66,96055,17,242197
1926,0.015973,172.217.194.0-255,5738,101793,17,242197
1927,0.015982,172.31.36.0-255,66,101859,17,242197
1928,0.018269,172.217.194.0-255,5738,107597,17,242197
1929,0.018277,172.31.36.0-255,66,107663,17,242197
1930,0.02057,172.217.194.0-255,5738,113401,17,242197
1931,0.020578,172.31.36.0-255,66,113467,17,242197
1932,0.022932,172.217.194.0-255,5738,119205,17,242197
1933,0.022939,172.31.36.0-255,66,119271,17,242197
1934,0.024416,172.31.36.0-255,172,119443,17,242197
1935,0.02445,172.31.36.0-255,1118,120561,17,242197
1936,0.024485,172.31.36.0-255,1514,122075,17,242197
1937,0.024487,172.31.36.0-255,1270,123345,17,242197
1938,0.025255,172.217.194.0-255,5738,129083,17,242197
1939,0.025262,172.31.36.0-255,66,129149,17,242197
1940,0.025971,104.244.42.0-255,66,129215,17,242197
1941,0.026163,104.244.42.0-255,66,129281,17,242197
1942,0.026167,104.244.42.0-255,66,129347,17,242197
1943,0.027562,172.217.194.0-255,2902,132249,17,242197
1944,0.027565,172.31.36.0-255,66,132315,17,242197
1945,0.027599,172.217.194.0-255,2902,135217,17,242197
1946,0.027602,172.31.36.0-255,66,135283,17,242197
1947,0.029868,172.217.194.0-255,2902,138185,17,242197
1948,0.029873,172.31.36.0-255,66,138251,17,242197
1949,0.029909,172.217.194.0-255,2902,141153,17,242197
1950,0.029912,172.31.36.0-255,66,141219,17,242197
1951,0.032168,172.217.194.0-255,2902,144121,17,242197
1952,0.032173,172.31.36.0-255,66,144187,17,242197
1953,0.032203,172.217.194.0-255,2902,147089,17,242197
1954,0.032206,172.31.36.0-255,66,147155,17,242197
1955,0.034444,172.217.194.0-255,2902,150057,17,242197
1956,0.03445,172.31.36.0-255,66,150123,17,242197
1957,0.034487,172.217.194.0-255,1484,151607,17,242197
1958,0.034503,172.217.194.0-255,1484,153091,17,242197
1959,0.034507,172.31.36.0-255,66,153157,17,242197
1960,0.03673,172.217.194.0-255,2902,156059,17,242197
1961,0.036735,172.31.36.0-255,66,156125,17,242197
1962,0.036834,172.217.194.0-255,2902,159027,17,242197
1963,0.036839,172.31.36.0-255,66,159093,17,242197
1964,0.039031,172.217.194.0-255,2902,161995,17,242197
1965,0.039037,172.31.36.0-255,66,162061,17,242197
1966,0.039167,172.217.194.0-255,2902,164963,17,242197
1967,0.039173,172.31.36.0-255,66,165029,17,242197
1968,0.041321,172.217.194.0-255,2902,167931,17,242197
1969,0.041326,172.31.36.0-255,66,167997,17,242197
1970,0.04147,172.217.194.0-255,2902,170899,17,242197
1971,0.041476,172.31.36.0-255,66,170965,17,242197
1972,0.043626,172.217.194.0-255,2902,173867,17,242197
1973,0.043632,172.31.36.0-255,66,173933,17,242197
1974,0.043752,172.217.194.0-255,2902,176835,17,242197
1975,0.043756,172.31.36.0-255,66,176901,17,242197
1976,0.045933,172.217.194.0-255,2902,179803,17,242197
1977,0.045938,172.31.36.0-255,66,179869,17,242197
1978,0.046073,172.217.194.0-255,2902,182771,17,242197
1979,0.046079,172.31.36.0-255,66,182837,17,242197
1980,0.048244,172.217.194.0-255,2902,185739,17,242197
1981,0.048249,172.31.36.0-255,66,185805,17,242197
1982,0.048389,172.217.194.0-255,2902,188707,17,242197
1983,0.048394,172.31.36.0-255,66,188773,17,242197
1984,0.050527,172.217.194.0-255,2902,191675,17,242197
1985,0.050532,172.31.36.0-255,66,191741,17,242197
1986,0.050677,172.217.194.0-255,2902,194643,17,242197
1987,0.050683,172.31.36.0-255,66,194709,17,242197
1988,0.052814,172.217.194.0-255,2902,197611,17,242197
1989,0.052819,172.31.36.0-255,66,197677,17,242197
1990,0.052986,172.217.194.0-255,2902,200579,17,242197
1991,0.052992,172.31.36.0-255,66,200645,17,242197
1992,0.055105,172.217.194.0-255,2902,203547,17,242197
1993,0.055111,172.31.36.0-255,66,203613,17,242197
1994,0.055298,172.217.194.0-255,2902,206515,17,242197
1995,0.055305,172.31.36.0-255,66,206581,17,242197
1996,0.057381,172.217.194.0-255,2902,209483,17,242197
1997,0.057387,172.31.36.0-255,66,209549,17,242197
1998,0.057594,172.217.194.0-255,2902,212451,17,242197
1999,0.057601,172.31.36.0-255,66,212517,17,242197
2000,0.059691,172.217.194.0-255,2902,215419,17,242197
2001,0.059697,172.31.36.0-255,66,215485,17,242197
2002,0.059934,172.217.194.0-255,2902,218387,17,242197
2003,0.059941,172.31.36.0-255,66,218453,17,242197
2004,0.061962,172.217.194.0-255,2902,221355,17,242197
2005,0.061966,172.31.36.0-255,66,221421,17,242197
2006,0.062237,172.217.194.0-255,2902,224323,17,242197
2007,0.062243,172.31.36.0-255,66,224389,17,242197
2008,0.064246,172.217.194.0-255,2902,227291,17,242197
2009,0.064251,172.31.36.0-255,66,227357,17,242197
2010,0.064537,172.217.194.0-255,2902,230259,17,242197
2011,0.064542,172.31.36.0-255,66,230325,17,242197
2012,0.066515,172.217.194.0-255,2902,233227,17,242197
2013,0.06652,172.31.36.0-255,66,233293,17,242197
2014,0.066835,172.217.194.0-255,2902,236195,17,242197
2015,0.066841,172.31.36.0-255,66,236261,17,242197
2016,0.068827,172.217.194.0-255,2902,239163,17,242197
2017,0.068831,172.31.36.0-255,66,239229,17,242197
2018,0.06915,172.217.194.0-255,2902,242131,17,242197
2019,0.069155,172.31.36.0-255,66,242197,17,242197
2020,0.0,172.217.194.0-255,143,143,17,320035
2021,2.5e-05,172.31.36.0-255,66,209,17,320035
2022,4.4e-05,172.217.194.0-255,1484,1693,17,320035
2023,4.9e-05,172.31.36.0-255,66,1759,17,320035
2024,6.3e-05,172.217.194.0-255,2902,4661,17,320035
2025,6.7e-05,172.31.36.0-255,66,4727,17,320035
2026,7.4e-05,172.217.194.0-255,7156,11883,17,320035
2027,7.7e-05,172.31.36.0-255,66,11949,17,320035
2028,8.2e-05,172.217.194.0-255,2036,13985,17,320035
2029,8.5e-05,172.31.36.0-255,66,14051,17,320035
2030,8.9e-05,172.217.194.0-255,2902,16953,17,320035
2031,9.2e-05,172.31.36.0-255,66,17019,17,320035
2032,0.000116,172.217.194.0-255,7156,24175,17,320035
2033,0.000124,172.31.36.0-255,66,24241,17,320035
2034,0.000127,172.217.194.0-255,1484,25725,17,320035
2035,0.000129,172.31.36.0-255,66,25791,17,320035
2036,0.000174,172.217.194.0-255,1484,27275,17,320035
2037,0.000177,172.31.36.0-255,66,27341,17,320035
2038,0.000207,172.217.194.0-255,3961,31302,17,320035
2039,0.00021,172.31.36.0-255,66,31368,17,320035
2040,0.000353,172.217.194.0-255,1484,32852,17,320035
2041,0.000358,172.31.36.0-255,66,32918,17,320035
2042,0.000364,172.217.194.0-255,2902,35820,17,320035
2043,0.000367,172.31.36.0-255,66,35886,17,320035
2044,0.000374,172.217.194.0-255,1484,37370,17,320035
2045,0.000376,172.31.36.0-255,66,37436,17,320035
2046,0.000407,172.217.194.0-255,4320,41756,17,320035
2047,0.00041,172.31.36.0-255,66,41822,17,320035
2048,0.000419,172.217.194.0-255,6797,48619,17,320035
2049,0.000421,172.31.36.0-255,66,48685,17,320035
2050,0.000882,172.217.194.0-255,1484,50169,17,320035
2051,0.000894,172.31.36.0-255,66,50235,17,320035
2052,0.000901,172.217.194.0-255,2902,53137,17,320035
2053,0.000904,172.31.36.0-255,66,53203,17,320035
2054,0.000915,172.217.194.0-255,5738,58941,17,320035
2055,0.000917,172.31.36.0-255,66,59007,17,320035
2056,0.00097,172.217.194.0-255,6797,65804,17,320035
2057,0.000973,172.31.36.0-255,66,65870,17,320035
2058,0.001001,172.217.194.0-255,2902,68772,17,320035
2059,0.001004,172.31.36.0-255,66,68838,17,320035
2060,0.00101,172.217.194.0-255,4320,73158,17,320035
2061,0.001013,172.31.36.0-255,66,73224,17,320035
2062,0.001017,172.217.194.0-255,2902,76126,17,320035
2063,0.001024,172.31.36.0-255,66,76192,17,320035
2064,0.001051,172.217.194.0-255,5738,81930,17,320035
2065,0.001054,172.31.36.0-255,66,81996,17,320035
2066,0.001072,172.31.36.0-255,66,82062,17,320035
2067,0.001097,172.217.194.0-255,2902,84964,17,320035
2068,0.001099,172.31.36.0-255,66,85030,17,320035
2069,0.001128,172.217.194.0-255,4541,89571,17,320035
2070,0.001131,172.31.36.0-255,66,89637,17,320035
2071,0.001441,172.217.194.0-255,1484,91121,17,320035
2072,0.001449,172.217.194.0-255,2902,94023,17,320035
2073,0.001452,172.31.36.0-255,66,94089,17,320035
2074,0.001458,172.217.194.0-255,2902,96991,17,320035
2075,0.00146,172.31.36.0-255,66,97057,17,320035
2076,0.001494,172.217.194.0-255,2902,99959,17,320035
2077,0.001509,172.217.194.0-255,2902,102861,17,320035
2078,0.001513,172.31.36.0-255,66,102927,17,320035
2079,0.001521,172.31.36.0-255,66,102993,17,320035
2080,0.001524,172.31.36.0-255,66,103059,17,320035
2081,0.001539,172.31.36.0-255,66,103125,17,320035
2082,0.001699,172.217.194.0-255,1484,104609,17,320035
2083,0.001704,172.217.194.0-255,2902,107511,17,320035
2084,0.001711,172.31.36.0-255,66,107577,17,320035
2085,0.001729,172.217.194.0-255,5738,113315,17,320035
2086,0.001732,172.31.36.0-255,66,113381,17,320035
2087,0.001737,172.217.194.0-255,4320,117701,17,320035
2088,0.001739,172.31.36.0-255,66,117767,17,320035
2089,0.001774,172.31.36.0-255,66,117833,17,320035
2090,0.001786,172.31.36.0-255,66,117899,17,320035
2091,0.002135,172.217.194.0-255,1484,119383,17,320035
2092,0.00214,172.217.194.0-255,2902,122285,17,320035
2093,0.002146,172.31.36.0-255,66,122351,17,320035
2094,0.002158,172.217.194.0-255,5738,128089,17,320035
2095,0.002161,172.31.36.0-255,66,128155,17,320035
2096,0.002172,172.217.194.0-255,5738,133893,17,320035
2097,0.002174,172.31.36.0-255,66,133959,17,320035
2098,0.002204,172.217.194.0-255,7156,141115,17,320035
2099,0.002207,172.31.36.0-255,66,141181,17,320035
2100,0.002231,172.31.36.0-255,66,141247,17,320035
2101,0.004452,172.217.194.0-255,5738,146985,17,320035
2102,0.004458,172.31.36.0-255,66,147051,17,320035
2103,0.006699,172.217.194.0-255,5738,152789,17,320035
2104,0.006703,172.31.36.0-255,66,152855,17,320035
2105,0.008928,172.217.194.0-255,5738,158593,17,320035
2106,0.008936,172.31.36.0-255,66,158659,17,320035
2107,0.011167,172.217.194.0-255,5738,164397,17,320035
2108,0.011176,172.31.36.0-255,66,164463,17,320035
2109,0.013412,172.217.194.0-255,5738,170201,17,320035
2110,0.013423,172.31.36.0-255,66,170267,17,320035
2111,0.015647,172.217.194.0-255,5738,176005,17,320035
2112,0.015657,172.31.36.0-255,66,176071,17,320035
2113,0.017911,172.217.194.0-255,5738,181809,17,320035
2114,0.017921,172.31.36.0-255,66,181875,17,320035
2115,0.02013,172.217.194.0-255,5738,187613,17,320035
2116,0.020137,172.31.36.0-255,66,187679,17,320035
2117,0.022391,172.217.194.0-255,5738,193417,17,320035
2118,0.022399,172.31.36.0-255,66,193483,17,320035
2119,0.024622,172.217.194.0-255,5738,199221,17,320035
2120,0.024629,172.31.36.0-255,66,199287,17,320035
2121,0.026842,172.217.194.0-255,5738,205025,17,320035
2122,0.026851,172.31.36.0-255,66,205091,17,320035
2123,0.029098,172.217.194.0-255,5738,210829,17,320035
2124,0.029107,172.31.36.0-255,66,210895,17,320035
2125,0.03058,172.31.36.0-255,172,211067,17,320035
2126,0.030611,172.31.36.0-255,1118,212185,17,320035
2127,0.030676,172.31.36.0-255,1514,213699,17,320035
2128,0.030678,172.31.36.0-255,1270,214969,17,320035
2129,0.031309,172.217.194.0-255,5738,220707,17,320035
2130,0.031317,172.31.36.0-255,66,220773,17,320035
2131,0.032107,104.244.42.0-255,66,220839,17,320035
2132,0.032149,104.244.42.0-255,66,220905,17,320035
2133,0.032249,104.244.42.0-255,66,220971,17,320035
2134,0.033531,172.217.194.0-255,5738,226709,17,320035
2135,0.033538,172.31.36.0-255,66,226775,17,320035
2136,0.03577,172.217.194.0-255,5738,232513,17,320035
2137,0.035776,172.31.36.0-255,66,232579,17,320035
2138,0.038003,172.217.194.0-255,5738,238317,17,320035
2139,0.03801,172.31.36.0-255,66,238383,17,320035
2140,0.040264,172.217.194.0-255,5738,244121,17,320035
2141,0.040276,172.31.36.0-255,66,244187,17,320035
2142,0.042541,172.217.194.0-255,5738,249925,17,320035
2143,0.042553,172.31.36.0-255,66,249991,17,320035
2144,0.044783,172.217.194.0-255,5738,255729,17,320035
2145,0.04479,172.31.36.0-255,66,255795,17,320035
2146,0.047032,172.217.194.0-255,5738,261533,17,320035
2147,0.047039,172.31.36.0-255,66,261599,17,320035
2148,0.049262,172.217.194.0-255,5738,267337,17,320035
2149,0.049269,172.31.36.0-255,66,267403,17,320035
2150,0.051507,172.217.194.0-255,5738,273141,17,320035
2151,0.051514,172.31.36.0-255,66,273207,17,320035
2152,0.053755,172.217.194.0-255,5738,278945,17,320035
2153,0.053763,172.31.36.0-255,66,279011,17,320035
2154,0.056062,172.217.194.0-255,5738,284749,17,320035
2155,0.056073,172.31.36.0-255,66,284815,17,320035
2156,0.058302,172.217.194.0-255,5738,290553,17,320035
2157,0.058309,172.31.36.0-255,66,290619,17,320035
2158,0.060565,172.217.194.0-255,5738,296357,17,320035
2159,0.060574,172.31.36.0-255,66,296423,17,320035
2160,0.062794,172.217.194.0-255,2902,299325,17,320035
2161,0.062802,172.31.36.0-255,66,299391,17,320035
2162,0.062833,172.217.194.0-255,2902,302293,17,320035
2163,0.062836,172.31.36.0-255,66,302359,17,320035
2164,0.065038,172.217.194.0-255,2902,305261,17,320035
2165,0.065045,172.31.36.0-255,66,305327,17,320035
2166,0.065082,172.217.194.0-255,2902,308229,17,320035
2167,0.065085,172.31.36.0-255,66,308295,17,320035
2168,0.067263,172.217.194.0-255,2902,311197,17,320035
2169,0.067271,172.31.36.0-255,66,311263,17,320035
2170,0.067306,172.217.194.0-255,2902,314165,17,320035
2171,0.06731,172.31.36.0-255,66,314231,17,320035
2172,0.069517,172.217.194.0-255,5738,319969,17,320035
2173,0.069524,172.31.36.0-255,66,320035,17,320035
2174,0.0,74.125.24.0-255,153,153,17,356122
2175,3e-05,172.31.36.0-255,66,219,17,356122
2176,3.7e-05,74.125.24.0-255,1484,1703,17,356122
2177,4.2e-05,172.31.36.0-255,66,1769,17,356122
2178,4.6e-05,74.125.24.0-255,2902,4671,17,356122
2179,4.9e-05,172.31.36.0-255,66,4737,17,356122
2180,5.5e-05,74.125.24.0-255,5738,10475,17,356122
2181,5.8e-05,172.31.36.0-255,66,10541,17,356122
2182,9.5e-05,172.31.36.0-255,66,10607,17,356122
2183,0.000111,74.125.24.0-255,2099,12706,17,356122
2184,0.000114,172.31.36.0-255,66,12772,17,356122
2185,0.000117,74.125.24.0-255,1484,14256,17,356122
2186,0.000118,172.31.36.0-255,66,14322,17,356122
2187,0.000142,74.125.24.0-255,5379,19701,17,356122
2188,0.000145,172.31.36.0-255,66,19767,17,356122
2189,0.000258,74.125.24.0-255,1484,21251,17,356122
2190,0.000263,172.31.36.0-255,66,21317,17,356122
2191,0.000269,74.125.24.0-255,2902,24219,17,356122
2192,0.000271,172.31.36.0-255,66,24285,17,356122
2193,0.000277,74.125.24.0-255,4320,28605,17,356122
2194,0.000279,172.31.36.0-255,66,28671,17,356122
2195,0.0003,74.125.24.0-255,1484,30155,17,356122
2196,0.000303,172.31.36.0-255,66,30221,17,356122
2197,0.00031,74.125.24.0-255,5738,35959,17,356122
2198,0.000313,172.31.36.0-255,66,36025,17,356122
2199,0.000334,172.31.36.0-255,66,36091,17,356122
2200,0.000341,74.125.24.0-255,7156,43247,17,356122
2201,0.000344,172.31.36.0-255,66,43313,17,356122
2202,0.000365,74.125.24.0-255,2855,46168,17,356122
2203,0.000368,172.31.36.0-255,66,46234,17,356122
2204,0.000371,74.125.24.0-255,110,46344,17,356122
2205,0.000375,74.125.24.0-255,331,46675,17,356122
2206,0.000628,74.125.24.0-255,1484,48159,17,356122
2207,0.000632,74.125.24.0-255,1484,49643,17,356122
2208,0.000642,172.31.36.0-255,66,49709,17,356122
2209,0.000652,74.125.24.0-255,1484,51193,17,356122
2210,0.000659,74.125.24.0-255,5738,56931,17,356122
2211,0.000665,74.125.24.0-255,7156,64087,17,356122
2212,0.000666,172.31.36.0-255,66,64153,17,356122
2213,0.000683,172.31.36.0-255,66,64219,17,356122
2214,0.000689,74.125.24.0-255,5738,69957,17,356122
2215,0.000702,172.31.36.0-255,66,70023,17,356122
2216,0.00085,74.125.24.0-255,1484,71507,17,356122
2217,0.000871,74.125.24.0-255,2902,74409,17,356122
2218,0.000877,74.125.24.0-255,5738,80147,17,356122
2219,0.000878,172.31.36.0-255,66,80213,17,356122
2220,0.000881,74.125.24.0-255,4320,84533,17,356122
2221,0.000902,74.125.24.0-255,1484,86017,17,356122
2222,0.000902,172.31.36.0-255,66,86083,17,356122
2223,0.000955,172.31.36.0-255,66,86149,17,356122
2224,0.000976,74.125.24.0-255,4320,90469,17,356122
2225,0.000981,74.125.24.0-255,3602,94071,17,356122
2226,0.000985,74.125.24.0-255,4320,98391,17,356122
2227,0.000989,172.31.36.0-255,66,98457,17,356122
2228,0.00099,74.125.24.0-255,5738,104195,17,356122
2229,0.000994,172.31.36.0-255,66,104261,17,356122
2230,0.001012,74.125.24.0-255,2902,107163,17,356122
2231,0.001017,74.125.24.0-255,4320,111483,17,356122
2232,0.001023,172.31.36.0-255,66,111549,17,356122
2233,0.00104,74.125.24.0-255,2902,114451,17,356122
2234,0.001046,172.31.36.0-255,66,114517,17,356122
2235,0.001057,74.125.24.0-255,5738,120255,17,356122
2236,0.001061,172.31.36.0-255,66,120321,17,356122
2237,0.001069,74.125.24.0-255,1484,121805,17,356122
2238,0.001074,74.125.24.0-255,1484,123289,17,356122
2239,0.001079,172.31.36.0-255,66,123355,17,356122
2240,0.001087,74.125.24.0-255,5020,128375,17,356122
2241,0.001093,172.31.36.0-255,66,128441,17,356122
2242,0.001151,74.125.24.0-255,1484,129925,17,356122
2243,0.001156,74.125.24.0-255,2902,132827,17,356122
2244,0.001161,74.125.24.0-255,5738,138565,17,356122
2245,0.001163,172.31.36.0-255,66,138631,17,356122
2246,0.001166,74.125.24.0-255,5738,144369,17,356122
2247,0.001168,172.31.36.0-255,66,144435,17,356122
2248,0.001186,172.31.36.0-255,66,144501,17,356122
2249,0.001194,74.125.24.0-255,5020,149521,17,356122
2250,0.00121,172.31.36.0-255,66,149587,17,356122
2251,0.00148,74.125.24.0-255,1484,151071,17,356122
2252,0.001485,74.125.24.0-255,2902,153973,17,356122
2253,0.001489,172.31.36.0-255,66,154039,17,356122
2254,0.001494,74.125.24.0-255,2902,156941,17,356122
2255,0.001497,172.31.36.0-255,66,157007,17,356122
2256,0.001511,74.125.24.0-255,7156,164163,17,356122
2257,0.001521,172.31.36.0-255,66,164229,17,356122
2258,0.001557,172.31.36.0-255,66,164295,17,356122
2259,0.001572,74.125.24.0-255,4320,168615,17,356122
2260,0.001578,74.125.24.0-255,3602,172217,17,356122
2261,0.001581,172.31.36.0-255,66,172283,17,356122
2262,0.003638,74.125.24.0-255,5738,178021,17,356122
2263,0.003644,172.31.36.0-255,66,178087,17,356122
2264,0.00568,74.125.24.0-255,5738,183825,17,356122
2265,0.005685,172.31.36.0-255,66,183891,17,356122
2266,0.007697,74.125.24.0-255,4320,188211,17,356122
2267,0.007703,172.31.36.0-255,66,188277,17,356122
2268,0.007742,74.125.24.0-255,1484,189761,17,356122
2269,0.009733,74.125.24.0-255,4320,194081,17,356122
2270,0.00974,172.31.36.0-255,66,194147,17,356122
2271,0.011812,74.125.24.0-255,5738,199885,17,356122
2272,0.011853,172.31.36.0-255,66,199951,17,356122
2273,0.013919,74.125.24.0-255,5738,205689,17,356122
2274,0.013926,172.31.36.0-255,66,205755,17,356122
2275,0.015979,74.125.24.0-255,5738,211493,17,356122
2276,0.015987,172.31.36.0-255,66,211559,17,356122
2277,0.018028,74.125.24.0-255,5738,217297,17,356122
2278,0.018035,172.31.36.0-255,66,217363,17,356122
2279,0.020084,74.125.24.0-255,4320,221683,17,356122
2280,0.02009,172.31.36.0-255,66,221749,17,356122
2281,0.020111,74.125.24.0-255,1484,223233,17,356122
2282,0.022126,74.125.24.0-255,4320,227553,17,356122
2283,0.022133,172.31.36.0-255,66,227619,17,356122
2284,0.02417,74.125.24.0-255,5738,233357,17,356122
2285,0.024239,172.31.36.0-255,66,233423,17,356122
2286,0.024627,172.31.36.0-255,172,233595,17,356122
2287,0.024678,172.31.36.0-255,1117,234712,17,356122
2288,0.024746,172.31.36.0-255,1514,236226,17,356122
2289,0.024748,172.31.36.0-255,316,236542,17,356122
2290,0.026268,74.125.24.0-255,5738,242280,17,356122
2291,0.026274,172.31.36.0-255,66,242346,17,356122
2292,0.026776,104.244.42.0-255,66,242412,17,356122
2293,0.028321,74.125.24.0-255,5738,248150,17,356122
2294,0.028325,172.31.36.0-255,66,248216,17,356122
2295,0.030359,74.125.24.0-255,4320,252536,17,356122
2296,0.030364,172.31.36.0-255,66,252602,17,356122
2297,0.03039,74.125.24.0-255,1484,254086,17,356122
2298,0.032421,74.125.24.0-255,4320,258406,17,356122
2299,0.032426,172.31.36.0-255,66,258472,17,356122
2300,0.03445,74.125.24.0-255,5738,264210,17,356122
2301,0.034498,172.31.36.0-255,66,264276,17,356122
2302,0.036519,74.125.24.0-255,5738,270014,17,356122
2303,0.036524,172.31.36.0-255,66,270080,17,356122
2304,0.038552,74.125.24.0-255,2902,272982,17,356122
2305,0.038556,172.31.36.0-255,66,273048,17,356122
2306,0.038581,74.125.24.0-255,2902,275950,17,356122
2307,0.038599,172.31.36.0-255,66,276016,17,356122
2308,0.040629,74.125.24.0-255,5738,281754,17,356122
2309,0.040682,172.31.36.0-255,66,281820,17,356122
2310,0.04274,74.125.24.0-255,5738,287558,17,356122
2311,0.042746,172.31.36.0-255,66,287624,17,356122
2312,0.044844,74.125.24.0-255,5738,293362,17,356122
2313,0.044849,172.31.36.0-255,66,293428,17,356122
2314,0.046872,74.125.24.0-255,5738,299166,17,356122
2315,0.046877,172.31.36.0-255,66,299232,17,356122
2316,0.048962,74.125.24.0-255,5738,304970,17,356122
2317,0.048968,172.31.36.0-255,66,305036,17,356122
2318,0.051044,74.125.24.0-255,5738,310774,17,356122
2319,0.05105,172.31.36.0-255,66,310840,17,356122
2320,0.053081,74.125.24.0-255,5738,316578,17,356122
2321,0.053086,172.31.36.0-255,66,316644,17,356122
2322,0.055177,74.125.24.0-255,5738,322382,17,356122
2323,0.055183,172.31.36.0-255,66,322448,17,356122
2324,0.057229,74.125.24.0-255,5738,328186,17,356122
2325,0.057235,172.31.36.0-255,66,328252,17,356122
2326,0.05932,74.125.24.0-255,2902,331154,17,356122
2327,0.059326,172.31.36.0-255,66,331220,17,356122
2328,0.059403,74.125.24.0-255,2902,334122,17,356122
2329,0.059428,172.31.36.0-255,66,334188,17,356122
2330,0.061387,74.125.24.0-255,2902,337090,17,356122
2331,0.061393,172.31.36.0-255,66,337156,17,356122
2332,0.061438,74.125.24.0-255,1484,338640,17,356122
2333,0.061455,74.125.24.0-255,1484,340124,17,356122
2334,0.061488,172.31.36.0-255,66,340190,17,356122
2335,0.063442,74.125.24.0-255,2902,343092,17,356122
2336,0.063447,172.31.36.0-255,66,343158,17,356122
2337,0.063549,74.125.24.0-255,1484,344642,17,356122
2338,0.063566,74.125.24.0-255,1484,346126,17,356122
2339,0.063569,172.31.36.0-255,66,346192,17,356122
2340,0.065499,74.125.24.0-255,2902,349094,17,356122
2341,0.065504,172.31.36.0-255,66,349160,17,356122
2342,0.06559,74.125.24.0-255,2902,352062,17,356122
2343,0.065595,172.31.36.0-255,66,352128,17,356122
2344,0.067554,74.125.24.0-255,2902,355030,17,356122
2345,0.06756,172.31.36.0-255,66,355096,17,356122
2346,0.067605,74.125.24.0-255,789,355885,17,356122
2347,0.067723,172.31.36.0-255,66,355951,17,356122
2348,0.067751,172.31.36.0-255,105,356056,17,356122
2349,0.069739,74.125.24.0-255,66,356122,17,356122
2350,0.0,74.125.200.0-255,147,147,17,288251
2351,2.9e-05,172.31.36.0-255,66,213,17,288251
2352,3.6e-05,74.125.200.0-255,1484,1697,17,288251
2353,4.1e-05,172.31.36.0-255,66,1763,17,288251
2354,4.6e-05,74.125.200.0-255,2902,4665,17,288251
2355,5.7e-05,172.31.36.0-255,66,4731,17,288251
2356,6.1e-05,74.125.200.0-255,2902,7633,17,288251
2357,6.4e-05,172.31.36.0-255,66,7699,17,288251
2358,6.9e-05,74.125.200.0-255,2902,10601,17,288251
2359,7.2e-05,172.31.36.0-255,66,10667,17,288251
2360,0.0001,74.125.200.0-255,1484,12151,17,288251
2361,0.000103,172.31.36.0-255,66,12217,17,288251
2362,0.000109,74.125.200.0-255,2902,15119,17,288251
2363,0.000111,172.31.36.0-255,66,15185,17,288251
2364,0.000137,74.125.200.0-255,6330,21515,17,288251
2365,0.000142,172.31.36.0-255,66,21581,17,288251
2366,0.000153,172.31.36.0-255,66,21647,17,288251
2367,0.000253,74.125.200.0-255,1484,23131,17,288251
2368,0.000257,172.31.36.0-255,66,23197,17,288251
2369,0.000281,74.125.200.0-255,2902,26099,17,288251
2370,0.000285,172.31.36.0-255,66,26165,17,288251
2371,0.000315,74.125.200.0-255,5738,31903,17,288251
2372,0.000318,74.125.200.0-255,1484,33387,17,288251
2373,0.000322,172.31.36.0-255,66,33453,17,288251
2374,0.000325,172.31.36.0-255,66,33519,17,288251
2375,0.000331,74.125.200.0-255,1484,35003,17,288251
2376,0.000333,172.31.36.0-255,66,35069,17,288251
2377,0.000351,74.125.200.0-255,3961,39030,17,288251
2378,0.000361,172.31.36.0-255,66,39096,17,288251
2379,0.000385,74.125.200.0-255,1484,40580,17,288251
2380,0.000388,172.31.36.0-255,66,40646,17,288251
2381,0.000416,74.125.200.0-255,2902,43548,17,288251
2382,0.00042,172.31.36.0-255,66,43614,17,288251
2383,0.000426,74.125.200.0-255,5738,49352,17,288251
2384,0.000428,172.31.36.0-255,66,49418,17,288251
2385,0.000453,74.125.200.0-255,7066,56484,17,288251
2386,0.00046,172.31.36.0-255,66,56550,17,288251
2387,0.000502,74.125.200.0-255,388,56938,17,288251
2388,0.000795,172.31.36.0-255,66,57004,17,288251
2389,0.000946,74.125.200.0-255,1484,58488,17,288251
2390,0.000954,74.125.200.0-255,1484,59972,17,288251
2391,0.000958,172.31.36.0-255,66,60038,17,288251
2392,0.000987,74.125.200.0-255,1484,61522,17,288251
2393,0.000993,74.125.200.0-255,2902,64424,17,288251
2394,0.000996,172.31.36.0-255,66,64490,17,288251
2395,0.001002,74.125.200.0-255,4320,68810,17,288251
2396,0.001005,172.31.36.0-255,66,68876,17,288251
2397,0.001035,74.125.200.0-255,7156,76032,17,288251
2398,0.001039,172.31.36.0-255,66,76098,17,288251
2399,0.001064,74.125.200.0-255,2902,79000,17,288251
2400,0.001067,172.31.36.0-255,66,79066,17,288251
2401,0.001103,74.125.200.0-255,5738,84804,17,288251
2402,0.001107,172.31.36.0-255,66,84870,17,288251
2403,0.001112,74.125.200.0-255,4320,89190,17,288251
2404,0.001114,172.31.36.0-255,66,89256,17,288251
2405,0.001132,74.125.200.0-255,4320,93576,17,288251
2406,0.00114,172.31.36.0-255,66,93642,17,288251
2407,0.001179,172.31.36.0-255,66,93708,17,288251
2408,0.001185,74.125.200.0-255,3961,97669,17,288251
2409,0.001187,172.31.36.0-255,66,97735,17,288251
2410,0.001276,74.125.200.0-255,1484,99219,17,288251
2411,0.001293,74.125.200.0-255,2902,102121,17,288251
2412,0.001297,172.31.36.0-255,66,102187,17,288251
2413,0.001325,74.125.200.0-255,4320,106507,17,288251
2414,0.001328,172.31.36.0-255,66,106573,17,288251
2415,0.001353,74.125.200.0-255,5738,112311,17,288251
2416,0.001357,172.31.36.0-255,66,112377,17,288251
2417,0.001387,74.125.200.0-255,7156,119533,17,288251
2418,0.001391,172.31.36.0-255,66,119599,17,288251
2419,0.00142,74.125.200.0-255,4320,123919,17,288251
2420,0.001424,172.31.36.0-255,66,123985,17,288251
2421,0.001431,74.125.200.0-255,5738,129723,17,288251
2422,0.001434,172.31.36.0-255,66,129789,17,288251
2423,0.001462,74.125.200.0-255,2184,131973,17,288251
2424,0.001465,172.31.36.0-255,66,132039,17,288251
2425,0.003952,74.125.200.0-255,2902,134941,17,288251
2426,0.003955,172.31.36.0-255,66,135007,17,288251
2427,0.00398,74.125.200.0-255,2902,137909,17,288251
2428,0.003982,172.31.36.0-255,66,137975,17,288251
2429,0.006487,74.125.200.0-255,4320,142295,17,288251
2430,0.006494,172.31.36.0-255,66,142361,17,288251
2431,0.006525,74.125.200.0-255,1484,143845,17,288251
2432,0.009017,74.125.200.0-255,4320,148165,17,288251
2433,0.009025,172.31.36.0-255,66,148231,17,288251
2434,0.011561,74.125.200.0-255,5738,153969,17,288251
2435,0.011569,172.31.36.0-255,66,154035,17,288251
2436,0.014137,74.125.200.0-255,5738,159773,17,288251
2437,0.014148,172.31.36.0-255,66,159839,17,288251
2438,0.016675,74.125.200.0-255,5738,165577,17,288251
2439,0.016683,172.31.36.0-255,66,165643,17,288251
2440,0.019215,74.125.200.0-255,5738,171381,17,288251
2441,0.019224,172.31.36.0-255,66,171447,17,288251
2442,0.021748,74.125.200.0-255,5738,177185,17,288251
2443,0.021755,172.31.36.0-255,66,177251,17,288251
2444,0.024279,74.125.200.0-255,5738,182989,17,288251
2445,0.024288,172.31.36.0-255,66,183055,17,288251
2446,0.025898,172.31.36.0-255,176,183231,17,288251
2447,0.025928,172.31.36.0-255,1116,184347,17,288251
2448,0.025957,172.31.36.0-255,1514,185861,17,288251
2449,0.025959,172.31.36.0-255,1272,187133,17,288251
2450,0.026814,74.125.200.0-255,2902,190035,17,288251
2451,0.026821,172.31.36.0-255,66,190101,17,288251
2452,0.026853,74.125.200.0-255,2902,193003,17,288251
2453,0.026856,172.31.36.0-255,66,193069,17,288251
2454,0.027422,104.244.42.0-255,66,193135,17,288251
2455,0.027466,104.244.42.0-255,66,193201,17,288251
2456,0.027511,104.244.42.0-255,66,193267,17,288251
2457,0.028198,104.244.42.0-255,108,193375,17,288251
2458,0.028217,172.31.36.0-255,66,193441,17,288251
2459,0.02935,74.125.200.0-255,2902,196343,17,288251
2460,0.029355,172.31.36.0-255,66,196409,17,288251
2461,0.029415,74.125.200.0-255,2902,199311,17,288251
2462,0.029419,172.31.36.0-255,66,199377,17,288251
2463,0.031862,74.125.200.0-255,1484,200861,17,288251
2464,0.031933,74.125.200.0-255,4320,205181,17,288251
2465,0.031938,172.31.36.0-255,66,205247,17,288251
2466,0.034454,74.125.200.0-255,5738,210985,17,288251
2467,0.03446,172.31.36.0-255,66,211051,17,288251
2468,0.036981,74.125.200.0-255,5738,216789,17,288251
2469,0.036987,172.31.36.0-255,66,216855,17,288251
2470,0.039505,74.125.200.0-255,5738,222593,17,288251
2471,0.03951,172.31.36.0-255,66,222659,17,288251
2472,0.042027,74.125.200.0-255,4320,226979,17,288251
2473,0.042033,172.31.36.0-255,66,227045,17,288251
2474,0.042066,74.125.200.0-255,1484,228529,17,288251
2475,0.044563,74.125.200.0-255,4320,232849,17,288251
2476,0.04457,172.31.36.0-255,66,232915,17,288251
2477,0.047094,74.125.200.0-255,5738,238653,17,288251
2478,0.047101,172.31.36.0-255,66,238719,17,288251
2479,0.049647,74.125.200.0-255,4320,243039,17,288251
2480,0.049653,172.31.36.0-255,66,243105,17,288251
2481,0.049687,74.125.200.0-255,1484,244589,17,288251
2482,0.05217,74.125.200.0-255,4320,248909,17,288251
2483,0.052176,172.31.36.0-255,66,248975,17,288251
2484,0.054694,74.125.200.0-255,4320,253295,17,288251
2485,0.054699,172.31.36.0-255,66,253361,17,288251
2486,0.054733,74.125.200.0-255,1484,254845,17,288251
2487,0.057222,74.125.200.0-255,4320,259165,17,288251
2488,0.057227,172.31.36.0-255,66,259231,17,288251
2489,0.059749,74.125.200.0-255,5738,264969,17,288251
2490,0.059755,172.31.36.0-255,66,265035,17,288251
2491,0.062274,74.125.200.0-255,5738,270773,17,288251
2492,0.06228,172.31.36.0-255,66,270839,17,288251
2493,0.064796,74.125.200.0-255,5738,276577,17,288251
2494,0.064802,172.31.36.0-255,66,276643,17,288251
2495,0.067323,74.125.200.0-255,5738,282381,17,288251
2496,0.067329,172.31.36.0-255,66,282447,17,288251
2497,0.069846,74.125.200.0-255,5738,288185,17,288251
2498,0.069853,172.31.36.0-255,66,288251,17,288251
2499,0.0,172.217.194.0-255,160,160,17,294200
2500,1.2e-05,172.31.36.0-255,66,226,17,294200
2501,1.8e-05,172.217.194.0-255,1484,1710,17,294200
2502,2.2e-05,172.31.36.0-255,66,1776,17,294200
2503,3.5e-05,172.217.194.0-255,2902,4678,17,294200
2504,3.8e-05,172.31.36.0-255,66,4744,17,294200
2505,4.6e-05,172.217.194.0-255,7156,11900,17,294200
2506,4.9e-05,172.31.36.0-255,66,11966,17,294200
2507,7.8e-05,172.217.194.0-255,2073,14039,17,294200
2508,8.1e-05,172.31.36.0-255,66,14105,17,294200
2509,0.000112,172.217.194.0-255,2902,17007,17,294200
2510,0.000116,172.31.36.0-255,66,17073,17,294200
2511,0.000122,172.217.194.0-255,4320,21393,17,294200
2512,0.000124,172.31.36.0-255,66,21459,17,294200
2513,0.00015,172.217.194.0-255,2902,24361,17,294200
2514,0.000152,172.31.36.0-255,66,24427,17,294200
2515,0.000156,172.217.194.0-255,1484,25911,17,294200
2516,0.000157,172.31.36.0-255,66,25977,17,294200
2517,0.00018,172.217.194.0-255,5379,31356,17,294200
2518,0.000183,172.31.36.0-255,66,31422,17,294200
2519,0.000221,172.217.194.0-255,1484,32906,17,294200
2520,0.000224,172.31.36.0-255,66,32972,17,294200
2521,0.000253,172.217.194.0-255,2902,35874,17,294200
2522,0.000256,172.31.36.0-255,66,35940,17,294200
2523,0.000262,172.217.194.0-255,5738,41678,17,294200
2524,0.000265,172.31.36.0-255,66,41744,17,294200
2525,0.000284,172.31.36.0-255,66,41810,17,294200
2526,0.000291,172.217.194.0-255,7156,48966,17,294200
2527,0.000294,172.31.36.0-255,66,49032,17,294200
2528,0.000341,172.217.194.0-255,4573,53605,17,294200
2529,0.000344,172.31.36.0-255,66,53671,17,294200
2530,0.000388,172.217.194.0-255,1484,55155,17,294200
2531,0.000404,172.217.194.0-255,2902,58057,17,294200
2532,0.000407,172.31.36.0-255,66,58123,17,294200
2533,0.000414,172.217.194.0-255,5738,63861,17,294200
2534,0.000417,172.31.36.0-255,66,63927,17,294200
2535,0.000458,172.217.194.0-255,6797,70724,17,294200
2536,0.000462,172.31.36.0-255,66,70790,17,294200
2537,0.000526,172.31.36.0-255,66,70856,17,294200
2538,0.000531,172.217.194.0-255,3961,74817,17,294200
2539,0.000533,172.31.36.0-255,66,74883,17,294200
2540,0.000883,172.217.194.0-255,1484,76367,17,294200
2541,0.000892,172.217.194.0-255,2902,79269,17,294200
2542,0.000897,172.31.36.0-255,66,79335,17,294200
2543,0.000905,172.217.194.0-255,5738,85073,17,294200
2544,0.000907,172.31.36.0-255,66,85139,17,294200
2545,0.000947,172.31.36.0-255,66,85205,17,294200
2546,0.000965,172.31.36.0-255,66,85271,17,294200
2547,0.001713,172.217.194.0-255,1484,86755,17,294200
2548,0.001719,172.217.194.0-255,2902,89657,17,294200
2549,0.001723,172.31.36.0-255,66,89723,17,294200
2550,0.001729,172.217.194.0-255,2902,92625,17,294200
2551,0.001731,172.31.36.0-255,66,92691,17,294200
2552,0.001753,172.217.194.0-255,2902,95593,17,294200
2553,0.001755,172.31.36.0-255,66,95659,17,294200
2554,0.001767,172.31.36.0-255,66,95725,17,294200
2555,0.001774,172.217.194.0-255,5738,101463,17,294200
2556,0.001776,172.31.36.0-255,66,101529,17,294200
2557,0.001804,172.217.194.0-255,4320,105849,17,294200
2558,0.001806,172.31.36.0-255,66,105915,17,294200
2559,0.001835,172.217.194.0-255,5020,110935,17,294200
2560,0.001838,172.31.36.0-255,66,111001,17,294200
2561,0.002,172.217.194.0-255,1484,112485,17,294200
2562,0.00202,172.217.194.0-255,2902,115387,17,294200
2563,0.002024,172.31.36.0-255,66,115453,17,294200
2564,0.002031,172.217.194.0-255,5738,121191,17,294200
2565,0.002033,172.31.36.0-255,66,121257,17,294200
2566,0.002072,172.31.36.0-255,66,121323,17,294200
2567,0.002101,172.217.194.0-255,2902,124225,17,294200
2568,0.002104,172.31.36.0-255,66,124291,17,294200
2569,0.002122,172.31.36.0-255,66,124357,17,294200
2570,0.002193,172.217.194.0-255,1484,125841,17,294200
2571,0.002207,172.217.194.0-255,2902,128743,17,294200
2572,0.002211,172.31.36.0-255,66,128809,17,294200
2573,0.002218,172.217.194.0-255,5738,134547,17,294200
2574,0.00222,172.31.36.0-255,66,134613,17,294200
2575,0.00224,172.217.194.0-255,2902,137515,17,294200
2576,0.002243,172.31.36.0-255,66,137581,17,294200
2577,0.002279,172.31.36.0-255,66,137647,17,294200
2578,0.002292,172.31.36.0-255,66,137713,17,294200
2579,0.002336,172.31.36.0-255,66,137779,17,294200
2580,0.002355,172.31.36.0-255,66,137845,17,294200
2581,0.002366,172.31.36.0-255,66,137911,17,294200
2582,0.004667,172.217.194.0-255,5738,143649,17,294200
2583,0.004674,172.31.36.0-255,66,143715,17,294200
2584,0.006989,172.217.194.0-255,5738,149453,17,294200
2585,0.006992,172.31.36.0-255,66,149519,17,294200
2586,0.009297,172.217.194.0-255,5738,155257,17,294200
2587,0.009304,172.31.36.0-255,66,155323,17,294200
2588,0.011638,172.217.194.0-255,5738,161061,17,294200
2589,0.011645,172.31.36.0-255,66,161127,17,294200
2590,0.014,172.217.194.0-255,5738,166865,17,294200
2591,0.014008,172.31.36.0-255,66,166931,17,294200
2592,0.016335,172.217.194.0-255,5738,172669,17,294200
2593,0.016344,172.31.36.0-255,66,172735,17,294200
2594,0.018671,172.217.194.0-255,5738,178473,17,294200
2595,0.018679,172.31.36.0-255,66,178539,17,294200
2596,0.02098,172.217.194.0-255,5738,184277,17,294200
2597,0.020989,172.31.36.0-255,66,184343,17,294200
2598,0.023331,172.217.194.0-255,5738,190081,17,294200
2599,0.023338,172.31.36.0-255,66,190147,17,294200
2600,0.025705,172.217.194.0-255,5738,195885,17,294200
2601,0.025713,172.31.36.0-255,66,195951,17,294200
2602,0.028042,172.217.194.0-255,5738,201689,17,294200
2603,0.02805,172.31.36.0-255,66,201755,17,294200
2604,0.029731,172.31.36.0-255,172,201927,17,294200
2605,0.029764,172.31.36.0-255,1117,203044,17,294200
2606,0.029824,172.31.36.0-255,1514,204558,17,294200
2607,0.029826,172.31.36.0-255,1273,205831,17,294200
2608,0.030372,172.217.194.0-255,5738,211569,17,294200
2609,0.030379,172.31.36.0-255,66,211635,17,294200
2610,0.031274,104.244.42.0-255,66,211701,17,294200
2611,0.031323,104.244.42.0-255,66,211767,17,294200
2612,0.031376,104.244.42.0-255,66,211833,17,294200
2613,0.032679,172.217.194.0-255,5738,217571,17,294200
2614,0.032686,172.31.36.0-255,66,217637,17,294200
2615,0.035017,172.217.194.0-255,5738,223375,17,294200
2616,0.035024,172.31.36.0-255,66,223441,17,294200
2617,0.037364,172.217.194.0-255,5738,229179,17,294200
2618,0.037371,172.31.36.0-255,66,229245,17,294200
2619,0.03972,172.217.194.0-255,5738,234983,17,294200
2620,0.039728,172.31.36.0-255,66,235049,17,294200
2621,0.042065,172.217.194.0-255,5738,240787,17,294200
2622,0.042072,172.31.36.0-255,66,240853,17,294200
2623,0.04438,172.217.194.0-255,5738,246591,17,294200
2624,0.044387,172.31.36.0-255,66,246657,17,294200
2625,0.046725,172.217.194.0-255,5738,252395,17,294200
2626,0.046731,172.31.36.0-255,66,252461,17,294200
2627,0.049084,172.217.194.0-255,5738,258199,17,294200
2628,0.049091,172.31.36.0-255,66,258265,17,294200
2629,0.051422,172.217.194.0-255,5738,264003,17,294200
2630,0.051429,172.31.36.0-255,66,264069,17,294200
2631,0.053758,172.217.194.0-255,5738,269807,17,294200
2632,0.053766,172.31.36.0-255,66,269873,17,294200
2633,0.056113,172.217.194.0-255,5738,275611,17,294200
2634,0.056121,172.31.36.0-255,66,275677,17,294200
2635,0.058431,172.217.194.0-255,5738,281415,17,294200
2636,0.058438,172.31.36.0-255,66,281481,17,294200
2637,0.060762,172.217.194.0-255,5738,287219,17,294200
2638,0.060769,172.31.36.0-255,66,287285,17,294200
2639,0.063078,172.217.194.0-255,5738,293023,17,294200
2640,0.063085,172.31.36.0-255,66,293089,17,294200
2641,0.065377,172.217.194.0-255,874,293963,17,294200
2642,0.065531,172.31.36.0-255,66,294029,17,294200
2643,0.065568,172.31.36.0-255,105,294134,17,294200
2644,0.067865,172.217.194.0-255,66,294200,17,294200
2645,0.0,172.31.36.0-255,66,66,17,66
2646,0.0,172.31.36.0-255,105,105,17,459
2647,0.000154,172.31.36.0-255,90,195,17,459
2648,0.000164,172.31.36.0-255,66,261,17,459
2649,0.002407,74.125.130.0-255,66,327,17,459
2650,0.002437,74.125.130.0-255,66,393,17,459
2651,0.00246,172.31.36.0-255,66,459,17,459
2652,0.0,74.125.24.0-255,153,153,17,379742
2653,2.8e-05,172.31.36.0-255,66,219,17,379742
2654,3.6e-05,74.125.24.0-255,1484,1703,17,379742
2655,4e-05,172.31.36.0-255,66,1769,17,379742
2656,4.5e-05,74.125.24.0-255,2902,4671,17,379742
2657,4.8e-05,172.31.36.0-255,66,4737,17,379742
2658,5.2e-05,74.125.24.0-255,2902,7639,17,379742
2659,5.6e-05,172.31.36.0-255,66,7705,17,379742
2660,7.3e-05,74.125.24.0-255,4320,12025,17,379742
2661,7.7e-05,172.31.36.0-255,66,12091,17,379742
2662,0.000124,74.125.24.0-255,1984,14075,17,379742
2663,0.000128,172.31.36.0-255,66,14141,17,379742
2664,0.000278,74.125.24.0-255,1484,15625,17,379742
2665,0.000283,172.31.36.0-255,66,15691,17,379742
2666,0.000288,74.125.24.0-255,2902,18593,17,379742
2667,0.000291,172.31.36.0-255,66,18659,17,379742
2668,0.000318,74.125.24.0-255,5738,24397,17,379742
2669,0.000323,172.31.36.0-255,66,24463,17,379742
2670,0.000333,74.125.24.0-255,4320,28783,17,379742
2671,0.000335,172.31.36.0-255,66,28849,17,379742
2672,0.00035,74.125.24.0-255,2543,31392,17,379742
2673,0.000354,172.31.36.0-255,66,31458,17,379742
2674,0.000466,74.125.24.0-255,1484,32942,17,379742
2675,0.000471,172.31.36.0-255,66,33008,17,379742
2676,0.000476,74.125.24.0-255,2902,35910,17,379742
2677,0.000479,172.31.36.0-255,66,35976,17,379742
2678,0.000504,74.125.24.0-255,5738,41714,17,379742
2679,0.000508,172.31.36.0-255,66,41780,17,379742
2680,0.000513,74.125.24.0-255,4320,46100,17,379742
2681,0.000515,172.31.36.0-255,66,46166,17,379742
2682,0.000549,74.125.24.0-255,4320,50486,17,379742
2683,0.000552,172.31.36.0-255,66,50552,17,379742
2684,0.000582,172.31.36.0-255,66,50618,17,379742
2685,0.00059,74.125.24.0-255,6797,57415,17,379742
2686,0.000592,172.31.36.0-255,66,57481,17,379742
2687,0.000594,74.125.24.0-255,402,57883,17,379742
2688,0.000645,74.125.24.0-255,108,57991,17,379742
2689,0.000829,74.125.24.0-255,1484,59475,17,379742
2690,0.000833,172.31.36.0-255,66,59541,17,379742
2691,0.000838,74.125.24.0-255,2902,62443,17,379742
2692,0.00084,172.31.36.0-255,66,62509,17,379742
2693,0.00087,74.125.24.0-255,1484,63993,17,379742
2694,0.000891,74.125.24.0-255,4320,68313,17,379742
2695,0.000894,172.31.36.0-255,66,68379,17,379742
2696,0.000902,74.125.24.0-255,6797,75176,17,379742
2697,0.000904,172.31.36.0-255,66,75242,17,379742
2698,0.000907,74.125.24.0-255,331,75573,17,379742
2699,0.001004,172.31.36.0-255,66,75639,17,379742
2700,0.001005,74.125.24.0-255,1484,77123,17,379742
2701,0.001009,74.125.24.0-255,2902,80025,17,379742
2702,0.001011,172.31.36.0-255,66,80091,17,379742
2703,0.00104,74.125.24.0-255,5738,85829,17,379742
2704,0.001044,172.31.36.0-255,66,85895,17,379742
2705,0.001061,74.125.24.0-255,4320,90215,17,379742
2706,0.001064,172.31.36.0-255,66,90281,17,379742
2707,0.001079,74.125.24.0-255,2543,92824,17,379742
2708,0.001082,172.31.36.0-255,66,92890,17,379742
2709,0.00134,74.125.24.0-255,1484,94374,17,379742
2710,0.00135,74.125.24.0-255,2902,97276,17,379742
2711,0.001355,172.31.36.0-255,66,97342,17,379742
2712,0.001363,74.125.24.0-255,5738,103080,17,379742
2713,0.001365,172.31.36.0-255,66,103146,17,379742
2714,0.001369,74.125.24.0-255,1484,104630,17,379742
2715,0.001404,172.31.36.0-255,66,104696,17,379742
2716,0.001442,74.125.24.0-255,7156,111852,17,379742
2717,0.001445,172.31.36.0-255,66,111918,17,379742
2718,0.001466,74.125.24.0-255,6438,118356,17,379742
2719,0.001469,172.31.36.0-255,66,118422,17,379742
2720,0.001732,74.125.24.0-255,1484,119906,17,379742
2721,0.001757,74.125.24.0-255,2902,122808,17,379742
2722,0.001761,172.31.36.0-255,66,122874,17,379742
2723,0.001783,74.125.24.0-255,5738,128612,17,379742
2724,0.001786,172.31.36.0-255,66,128678,17,379742
2725,0.00179,74.125.24.0-255,1484,130162,17,379742
2726,0.001809,74.125.24.0-255,7156,137318,17,379742
2727,0.001812,172.31.36.0-255,66,137384,17,379742
2728,0.001818,74.125.24.0-255,5738,143122,17,379742
2729,0.001822,172.31.36.0-255,66,143188,17,379742
2730,0.001854,74.125.24.0-255,4320,147508,17,379742
2731,0.001857,172.31.36.0-255,66,147574,17,379742
2732,0.001863,74.125.24.0-255,5020,152594,17,379742
2733,0.001865,172.31.36.0-255,66,152660,17,379742
2734,0.001886,74.125.24.0-255,1484,154144,17,379742
2735,0.0019,74.125.24.0-255,2902,157046,17,379742
2736,0.001902,172.31.36.0-255,66,157112,17,379742
2737,0.001923,74.125.24.0-255,1484,158596,17,379742
2738,0.001946,74.125.24.0-255,4320,162916,17,379742
2739,0.001949,172.31.36.0-255,66,162982,17,379742
2740,0.001955,74.125.24.0-255,7156,170138,17,379742
2741,0.001958,172.31.36.0-255,66,170204,17,379742
2742,0.001972,74.125.24.0-255,5738,175942,17,379742
2743,0.001975,172.31.36.0-255,66,176008,17,379742
2744,0.001994,74.125.24.0-255,5738,181746,17,379742
2745,0.001996,172.31.36.0-255,66,181812,17,379742
2746,0.002011,74.125.24.0-255,5020,186832,17,379742
2747,0.002014,172.31.36.0-255,66,186898,17,379742
2748,0.004032,74.125.24.0-255,4320,191218,17,379742
2749,0.004037,172.31.36.0-255,66,191284,17,379742
2750,0.004054,74.125.24.0-255,1484,192768,17,379742
2751,0.00606,74.125.24.0-255,2902,195670,17,379742
2752,0.006063,172.31.36.0-255,66,195736,17,379742
2753,0.006079,74.125.24.0-255,1484,197220,17,379742
2754,0.008087,74.125.24.0-255,4320,201540,17,379742
2755,0.008094,172.31.36.0-255,66,201606,17,379742
2756,0.010126,74.125.24.0-255,5738,207344,17,379742
2757,0.010134,172.31.36.0-255,66,207410,17,379742
2758,0.012216,74.125.24.0-255,5738,213148,17,379742
2759,0.012222,172.31.36.0-255,66,213214,17,379742
2760,0.014242,74.125.24.0-255,5738,218952,17,379742
2761,0.014249,172.31.36.0-255,66,219018,17,379742
2762,0.016247,74.125.24.0-255,5738,224756,17,379742
2763,0.016257,172.31.36.0-255,66,224822,17,379742
2764,0.01828,74.125.24.0-255,5738,230560,17,379742
2765,0.018287,172.31.36.0-255,66,230626,17,379742
2766,0.020328,74.125.24.0-255,5738,236364,17,379742
2767,0.020335,172.31.36.0-255,66,236430,17,379742
2768,0.022404,74.125.24.0-255,5738,242168,17,379742
2769,0.022413,172.31.36.0-255,66,242234,17,379742
2770,0.024419,74.125.24.0-255,5738,247972,17,379742
2771,0.024426,172.31.36.0-255,66,248038,17,379742
2772,0.026431,74.125.24.0-255,5738,253776,17,379742
2773,0.026438,172.31.36.0-255,66,253842,17,379742
2774,0.028485,74.125.24.0-255,5738,259580,17,379742
2775,0.028493,172.31.36.0-255,66,259646,17,379742
2776,0.030523,74.125.24.0-255,5738,265384,17,379742
2777,0.03053,172.31.36.0-255,66,265450,17,379742
2778,0.032646,74.125.24.0-255,4320,269770,17,379742
2779,0.032653,172.31.36.0-255,66,269836,17,379742
2780,0.032689,74.125.24.0-255,1484,271320,17,379742
2781,0.034667,74.125.24.0-255,4320,275640,17,379742
2782,0.034674,172.31.36.0-255,66,275706,17,379742
2783,0.035528,172.31.36.0-255,188,275894,17,379742
2784,0.035574,172.31.36.0-255,961,276855,17,379742
2785,0.035653,172.31.36.0-255,1514,278369,17,379742
2786,0.035655,172.31.36.0-255,1514,279883,17,379742
2787,0.035661,172.31.36.0-255,1514,281397,17,379742
2788,0.035662,172.31.36.0-255,1514,282911,17,379742
2789,0.035683,172.31.36.0-255,1514,284425,17,379742
2790,0.035684,172.31.36.0-255,177,284602,17,379742
2791,0.036673,74.125.24.0-255,5738,290340,17,379742
2792,0.03668,172.31.36.0-255,66,290406,17,379742
2793,0.037134,104.244.42.0-255,66,290472,17,379742
2794,0.037222,104.244.42.0-255,66,290538,17,379742
2795,0.037235,104.244.42.0-255,66,290604,17,379742
2796,0.037238,104.244.42.0-255,66,290670,17,379742
2797,0.038687,74.125.24.0-255,5738,296408,17,379742
2798,0.038692,172.31.36.0-255,66,296474,17,379742
2799,0.040695,74.125.24.0-255,4320,300794,17,379742
2800,0.040701,172.31.36.0-255,66,300860,17,379742
2801,0.040732,74.125.24.0-255,1484,302344,17,379742
2802,0.042725,74.125.24.0-255,1484,303828,17,379742
2803,0.042731,172.31.36.0-255,66,303894,17,379742
2804,0.042755,74.125.24.0-255,2902,306796,17,379742
2805,0.042758,172.31.36.0-255,66,306862,17,379742
2806,0.044773,74.125.24.0-255,5738,312600,17,379742
2807,0.044779,172.31.36.0-255,66,312666,17,379742
2808,0.04678,74.125.24.0-255,5738,318404,17,379742
2809,0.046786,172.31.36.0-255,66,318470,17,379742
2810,0.048808,74.125.24.0-255,5738,324208,17,379742
2811,0.048814,172.31.36.0-255,66,324274,17,379742
2812,0.050827,74.125.24.0-255,4320,328594,17,379742
2813,0.050833,172.31.36.0-255,66,328660,17,379742
2814,0.050862,74.125.24.0-255,1484,330144,17,379742
2815,0.052837,74.125.24.0-255,4320,334464,17,379742
2816,0.052843,172.31.36.0-255,66,334530,17,379742
2817,0.054848,74.125.24.0-255,2902,337432,17,379742
2818,0.054853,172.31.36.0-255,66,337498,17,379742
2819,0.054881,74.125.24.0-255,2902,340400,17,379742
2820,0.054885,172.31.36.0-255,66,340466,17,379742
2821,0.05692,74.125.24.0-255,5738,346204,17,379742
2822,0.056925,172.31.36.0-255,66,346270,17,379742
2823,0.058928,74.125.24.0-255,5738,352008,17,379742
2824,0.058933,172.31.36.0-255,66,352074,17,379742
2825,0.06095,74.125.24.0-255,5738,357812,17,379742
2826,0.060955,172.31.36.0-255,66,357878,17,379742
2827,0.06297,74.125.24.0-255,5738,363616,17,379742
2828,0.062976,172.31.36.0-255,66,363682,17,379742
2829,0.06499,74.125.24.0-255,5738,369420,17,379742
2830,0.064995,172.31.36.0-255,66,369486,17,379742
2831,0.067022,74.125.24.0-255,4320,373806,17,379742
2832,0.067027,172.31.36.0-255,66,373872,17,379742
2833,0.067052,74.125.24.0-255,1484,375356,17,379742
2834,0.069067,74.125.24.0-255,4320,379676,17,379742
2835,0.069071,172.31.36.0-255,66,379742,17,379742
2836,0.0,172.217.194.0-255,153,153,17,330877
2837,2.2e-05,172.31.36.0-255,66,219,17,330877
2838,2.9e-05,172.217.194.0-255,1484,1703,17,330877
2839,3.3e-05,172.31.36.0-255,66,1769,17,330877
2840,3.8e-05,172.217.194.0-255,2902,4671,17,330877
2841,4.1e-05,172.31.36.0-255,66,4737,17,330877
2842,4.5e-05,172.217.194.0-255,2902,7639,17,330877
2843,5.9e-05,172.31.36.0-255,66,7705,17,330877
2844,9.5e-05,172.217.194.0-255,4320,12025,17,330877
2845,9.8e-05,172.31.36.0-255,66,12091,17,330877
2846,0.000111,172.31.36.0-255,66,12157,17,330877
2847,0.000118,172.217.194.0-255,7156,19313,17,330877
2848,0.00012,172.31.36.0-255,66,19379,17,330877
2849,0.000167,172.217.194.0-255,3961,23340,17,330877
2850,0.000171,172.31.36.0-255,66,23406,17,330877
2851,0.000176,172.217.194.0-255,4320,27726,17,330877
2852,0.000178,172.31.36.0-255,66,27792,17,330877
2853,0.000213,172.31.36.0-255,66,27858,17,330877
2854,0.00023,172.217.194.0-255,1484,29342,17,330877
2855,0.000233,172.31.36.0-255,66,29408,17,330877
2856,0.00028,172.31.36.0-255,66,29474,17,330877
2857,0.000287,172.217.194.0-255,5668,35142,17,330877
2858,0.00029,172.31.36.0-255,66,35208,17,330877
2859,0.000315,172.217.194.0-255,99,35307,17,330877
2860,0.000318,172.31.36.0-255,66,35373,17,330877
2861,0.000357,172.217.194.0-255,1484,36857,17,330877
2862,0.00036,172.31.36.0-255,66,36923,17,330877
2863,0.000366,172.217.194.0-255,2902,39825,17,330877
2864,0.000369,172.31.36.0-255,66,39891,17,330877
2865,0.000407,172.217.194.0-255,7156,47047,17,330877
2866,0.000413,172.217.194.0-255,5097,52144,17,330877
2867,0.000412,172.31.36.0-255,66,52210,17,330877
2868,0.000419,172.31.36.0-255,66,52276,17,330877
2869,0.000456,172.217.194.0-255,1484,53760,17,330877
2870,0.000462,172.217.194.0-255,2902,56662,17,330877
2871,0.000466,172.31.36.0-255,66,56728,17,330877
2872,0.000479,172.217.194.0-255,4320,61048,17,330877
2873,0.000488,172.31.36.0-255,66,61114,17,330877
2874,0.000502,172.217.194.0-255,1484,62598,17,330877
2875,0.000519,172.31.36.0-255,66,62664,17,330877
2876,0.000557,172.217.194.0-255,2902,65566,17,330877
2877,0.00056,172.31.36.0-255,66,65632,17,330877
2878,0.000597,172.31.36.0-255,66,65698,17,330877
2879,0.000772,172.217.194.0-255,1484,67182,17,330877
2880,0.000778,172.217.194.0-255,2902,70084,17,330877
2881,0.000781,172.31.36.0-255,66,70150,17,330877
2882,0.000813,172.217.194.0-255,5738,75888,17,330877
2883,0.000816,172.31.36.0-255,66,75954,17,330877
2884,0.000823,172.217.194.0-255,5738,81692,17,330877
2885,0.000825,172.31.36.0-255,66,81758,17,330877
2886,0.00086,172.217.194.0-255,1125,82883,17,330877
2887,0.001064,172.217.194.0-255,1484,84367,17,330877
2888,0.001069,172.31.36.0-255,66,84433,17,330877
2889,0.001073,172.217.194.0-255,1484,85917,17,330877
2890,0.001095,172.217.194.0-255,1484,87401,17,330877
2891,0.001099,172.31.36.0-255,66,87467,17,330877
2892,0.001111,172.217.194.0-255,4320,91787,17,330877
2893,0.001113,172.31.36.0-255,66,91853,17,330877
2894,0.001143,172.217.194.0-255,1484,93337,17,330877
2895,0.001147,172.217.194.0-255,1484,94821,17,330877
2896,0.001149,172.31.36.0-255,66,94887,17,330877
2897,0.001152,172.217.194.0-255,1484,96371,17,330877
2898,0.001181,172.217.194.0-255,7156,103527,17,330877
2899,0.001184,172.31.36.0-255,66,103593,17,330877
2900,0.001188,172.217.194.0-255,2902,106495,17,330877
2901,0.001191,172.31.36.0-255,66,106561,17,330877
2902,0.001229,172.217.194.0-255,7156,113717,17,330877
2903,0.001233,172.31.36.0-255,66,113783,17,330877
2904,0.001238,172.217.194.0-255,3602,117385,17,330877
2905,0.00124,172.31.36.0-255,66,117451,17,330877
2906,0.001423,172.217.194.0-255,1484,118935,17,330877
2907,0.001428,172.217.194.0-255,1484,120419,17,330877
2908,0.001431,172.31.36.0-255,66,120485,17,330877
2909,0.00146,172.217.194.0-255,1484,121969,17,330877
2910,0.001466,172.217.194.0-255,5738,127707,17,330877
2911,0.00147,172.31.36.0-255,66,127773,17,330877
2912,0.001484,172.31.36.0-255,66,127839,17,330877
2913,0.001497,172.217.194.0-255,4320,132159,17,330877
2914,0.001499,172.31.36.0-255,66,132225,17,330877
2915,0.001554,172.217.194.0-255,6438,138663,17,330877
2916,0.001557,172.31.36.0-255,66,138729,17,330877
2917,0.003587,172.217.194.0-255,5738,144467,17,330877
2918,0.003593,172.31.36.0-255,66,144533,17,330877
2919,0.005668,172.217.194.0-255,5738,150271,17,330877
2920,0.005674,172.31.36.0-255,66,150337,17,330877
2921,0.007696,172.217.194.0-255,5738,156075,17,330877
2922,0.007701,172.31.36.0-255,66,156141,17,330877
2923,0.009741,172.217.194.0-255,5738,161879,17,330877
2924,0.009748,172.31.36.0-255,66,161945,17,330877
2925,0.011784,172.217.194.0-255,5738,167683,17,330877
2926,0.011793,172.31.36.0-255,66,167749,17,330877
2927,0.013828,172.217.194.0-255,5738,173487,17,330877
2928,0.013837,172.31.36.0-255,66,173553,17,330877
2929,0.015897,172.217.194.0-255,4320,177873,17,330877
2930,0.015905,172.31.36.0-255,66,177939,17,330877
2931,0.015938,172.217.194.0-255,1484,179423,17,330877
2932,0.017941,172.217.194.0-255,4320,183743,17,330877
2933,0.01795,172.31.36.0-255,66,183809,17,330877
2934,0.020036,172.217.194.0-255,5738,189547,17,330877
2935,0.020043,172.31.36.0-255,66,189613,17,330877
2936,0.022084,172.217.194.0-255,5738,195351,17,330877
2937,0.022096,172.31.36.0-255,66,195417,17,330877
2938,0.024121,172.217.194.0-255,5738,201155,17,330877
2939,0.024127,172.31.36.0-255,66,201221,17,330877
2940,0.026158,172.217.194.0-255,5738,206959,17,330877
2941,0.026164,172.31.36.0-255,66,207025,17,330877
2942,0.028187,172.217.194.0-255,5738,212763,17,330877
2943,0.028193,172.31.36.0-255,66,212829,17,330877
2944,0.028704,172.31.36.0-255,176,213005,17,330877
2945,0.028733,172.31.36.0-255,1116,214121,17,330877
2946,0.028768,172.31.36.0-255,1514,215635,17,330877
2947,0.02877,172.31.36.0-255,1272,216907,17,330877
2948,0.030229,172.217.194.0-255,5738,222645,17,330877
2949,0.030235,172.31.36.0-255,66,222711,17,330877
2950,0.03027,104.244.42.0-255,66,222777,17,330877
2951,0.030287,104.244.42.0-255,66,222843,17,330877
2952,0.030331,104.244.42.0-255,66,222909,17,330877
2953,0.032273,172.217.194.0-255,2902,225811,17,330877
2954,0.032279,172.31.36.0-255,66,225877,17,330877
2955,0.032318,172.217.194.0-255,2902,228779,17,330877
2956,0.032322,172.31.36.0-255,66,228845,17,330877
2957,0.034303,172.217.194.0-255,2902,231747,17,330877
2958,0.034309,172.31.36.0-255,66,231813,17,330877
2959,0.034343,172.217.194.0-255,2902,234715,17,330877
2960,0.034346,172.31.36.0-255,66,234781,17,330877
2961,0.036343,172.217.194.0-255,2902,237683,17,330877
2962,0.036349,172.31.36.0-255,66,237749,17,330877
2963,0.036387,172.217.194.0-255,2902,240651,17,330877
2964,0.03639,172.31.36.0-255,66,240717,17,330877
2965,0.038408,172.217.194.0-255,5738,246455,17,330877
2966,0.038415,172.31.36.0-255,66,246521,17,330877
2967,0.040432,172.217.194.0-255,5738,252259,17,330877
2968,0.040438,172.31.36.0-255,66,252325,17,330877
2969,0.042476,172.217.194.0-255,5738,258063,17,330877
2970,0.042485,172.31.36.0-255,66,258129,17,330877
2971,0.044514,172.217.194.0-255,5738,263867,17,330877
2972,0.044519,172.31.36.0-255,66,263933,17,330877
2973,0.046531,172.217.194.0-255,4320,268253,17,330877
2974,0.046536,172.31.36.0-255,66,268319,17,330877
2975,0.046573,172.217.194.0-255,1484,269803,17,330877
2976,0.048547,172.217.194.0-255,4320,274123,17,330877
2977,0.048552,172.31.36.0-255,66,274189,17,330877
2978,0.050555,172.217.194.0-255,5738,279927,17,330877
2979,0.05056,172.31.36.0-255,66,279993,17,330877
2980,0.052603,172.217.194.0-255,4320,284313,17,330877
2981,0.052609,172.31.36.0-255,66,284379,17,330877
2982,0.052646,172.217.194.0-255,1484,285863,17,330877
2983,0.054658,172.217.194.0-255,4320,290183,17,330877
2984,0.054665,172.31.36.0-255,66,290249,17,330877
2985,0.056757,172.217.194.0-255,5738,295987,17,330877
2986,0.056764,172.31.36.0-255,66,296053,17,330877
2987,0.058832,172.217.194.0-255,5738,301791,17,330877
2988,0.058838,172.31.36.0-255,66,301857,17,330877
2989,0.060882,172.217.194.0-255,5738,307595,17,330877
2990,0.060888,172.31.36.0-255,66,307661,17,330877
2991,0.062926,172.217.194.0-255,5738,313399,17,330877
2992,0.062937,172.31.36.0-255,66,313465,17,330877
2993,0.064962,172.217.194.0-255,5738,319203,17,330877
2994,0.064968,172.31.36.0-255,66,319269,17,330877
2995,0.066989,172.217.194.0-255,5738,325007,17,330877
2996,0.066995,172.31.36.0-255,66,325073,17,330877
2997,0.069028,172.217.194.0-255,5738,330811,17,330877
2998,0.069033,172.31.36.0-255,66,330877,17,330877
2999,0.0,172.217.194.0-255,149,149,17,184833
3000,3.1e-05,172.31.36.0-255,66,215,17,184833
3001,3.8e-05,172.217.194.0-255,1484,1699,17,184833
3002,4.2e-05,172.31.36.0-255,66,1765,17,184833
3003,4.7e-05,172.217.194.0-255,2902,4667,17,184833
3004,4.9e-05,172.31.36.0-255,66,4733,17,184833
3005,6.4e-05,172.217.194.0-255,7156,11889,17,184833
3006,6.7e-05,172.31.36.0-255,66,11955,17,184833
3007,7.1e-05,172.217.194.0-255,2089,14044,17,184833
3008,7.3e-05,172.31.36.0-255,66,14110,17,184833
3009,9.8e-05,172.217.194.0-255,2902,17012,17,184833
3010,0.000103,172.31.36.0-255,66,17078,17,184833
3011,0.000131,172.217.194.0-255,7156,24234,17,184833
3012,0.000135,172.31.36.0-255,66,24300,17,184833
3013,0.00014,172.217.194.0-255,4320,28620,17,184833
3014,0.000142,172.31.36.0-255,66,28686,17,184833
3015,0.000174,172.217.194.0-255,2543,31229,17,184833
3016,0.000177,172.31.36.0-255,66,31295,17,184833
3017,0.000217,172.217.194.0-255,2902,34197,17,184833
3018,0.000221,172.31.36.0-255,66,34263,17,184833
3019,0.000226,172.217.194.0-255,4320,38583,17,184833
3020,0.000228,172.31.36.0-255,66,38649,17,184833
3021,0.000261,172.31.36.0-255,66,38715,17,184833
3022,0.000302,172.31.36.0-255,66,38781,17,184833
3023,0.000341,172.217.194.0-255,2844,41625,17,184833
3024,0.000345,172.31.36.0-255,66,41691,17,184833
3025,0.000554,172.217.194.0-255,377,42068,17,184833
3026,0.000559,172.31.36.0-255,66,42134,17,184833
3027,0.000867,172.217.194.0-255,1484,43618,17,184833
3028,0.000872,172.31.36.0-255,66,43684,17,184833
3029,0.000881,172.217.194.0-255,2902,46586,17,184833
3030,0.000883,172.31.36.0-255,66,46652,17,184833
3031,0.000896,172.217.194.0-255,5738,52390,17,184833
3032,0.000898,172.31.36.0-255,66,52456,17,184833
3033,0.000902,172.217.194.0-255,1484,53940,17,184833
3034,0.00095,172.31.36.0-255,66,54006,17,184833
3035,0.00097,172.31.36.0-255,66,54072,17,184833
3036,0.001269,172.217.194.0-255,1484,55556,17,184833
3037,0.001286,172.217.194.0-255,1484,57040,17,184833
3038,0.00129,172.31.36.0-255,66,57106,17,184833
3039,0.001295,172.217.194.0-255,2902,60008,17,184833
3040,0.001297,172.31.36.0-255,66,60074,17,184833
3041,0.001301,172.217.194.0-255,1484,61558,17,184833
3042,0.001336,172.217.194.0-255,4320,65878,17,184833
3043,0.00134,172.31.36.0-255,66,65944,17,184833
3044,0.001361,172.31.36.0-255,66,66010,17,184833
3045,0.001369,172.217.194.0-255,7156,73166,17,184833
3046,0.001371,172.31.36.0-255,66,73232,17,184833
3047,0.001398,172.217.194.0-255,2184,75416,17,184833
3048,0.001405,172.31.36.0-255,66,75482,17,184833
3049,0.001438,172.217.194.0-255,1484,76966,17,184833
3050,0.001448,172.217.194.0-255,1484,78450,17,184833
3051,0.001451,172.31.36.0-255,66,78516,17,184833
3052,0.001456,172.217.194.0-255,4320,82836,17,184833
3053,0.001459,172.31.36.0-255,66,82902,17,184833
3054,0.001493,172.31.36.0-255,66,82968,17,184833
3055,0.00153,172.31.36.0-255,66,83034,17,184833
3056,0.001553,172.217.194.0-255,2184,85218,17,184833
3057,0.001556,172.31.36.0-255,66,85284,17,184833
3058,0.001602,172.217.194.0-255,1484,86768,17,184833
3059,0.001606,172.217.194.0-255,2902,89670,17,184833
3060,0.001608,172.31.36.0-255,66,89736,17,184833
3061,0.001635,172.217.194.0-255,5738,95474,17,184833
3062,0.001638,172.31.36.0-255,66,95540,17,184833
3063,0.001661,172.217.194.0-255,2902,98442,17,184833
3064,0.001663,172.31.36.0-255,66,98508,17,184833
3065,0.001696,172.31.36.0-255,66,98574,17,184833
3066,0.001719,172.217.194.0-255,4320,102894,17,184833
3067,0.001721,172.31.36.0-255,66,102960,17,184833
3068,0.001754,172.217.194.0-255,6438,109398,17,184833
3069,0.001757,172.31.36.0-255,66,109464,17,184833
3070,0.001772,172.31.36.0-255,66,109530,17,184833
3071,0.001775,172.217.194.0-255,1484,111014,17,184833
3072,0.001817,172.31.36.0-255,66,111080,17,184833
3073,0.001829,172.217.194.0-255,2902,113982,17,184833
3074,0.001843,172.31.36.0-255,66,114048,17,184833
3075,0.001895,172.31.36.0-255,66,114114,17,184833
3076,0.001939,172.31.36.0-255,66,114180,17,184833
3077,0.001942,172.217.194.0-255,1484,115664,17,184833
3078,0.001958,172.31.36.0-255,66,115730,17,184833
3079,0.001961,172.217.194.0-255,1484,117214,17,184833
3080,0.001965,172.217.194.0-255,2902,120116,17,184833
3081,0.001966,172.31.36.0-255,66,120182,17,184833
3082,0.001973,172.217.194.0-255,5738,125920,17,184833
3083,0.001975,172.31.36.0-255,66,125986,17,184833
3084,0.00198,172.217.194.0-255,4320,130306,17,184833
3085,0.001982,172.31.36.0-255,66,130372,17,184833
3086,0.001987,172.217.194.0-255,5738,136110,17,184833
3087,0.00199,172.31.36.0-255,66,136176,17,184833
3088,0.002025,172.31.36.0-255,66,136242,17,184833
3089,0.002029,172.217.194.0-255,2184,138426,17,184833
3090,0.00203,172.31.36.0-255,66,138492,17,184833
3091,0.002097,172.217.194.0-255,1484,139976,17,184833
3092,0.002121,172.217.194.0-255,2902,142878,17,184833
3093,0.002123,172.31.36.0-255,66,142944,17,184833
3094,0.002129,172.217.194.0-255,5738,148682,17,184833
3095,0.002131,172.31.36.0-255,66,148748,17,184833
3096,0.00217,172.31.36.0-255,66,148814,17,184833
3097,0.002176,172.217.194.0-255,5738,154552,17,184833
3098,0.002178,172.31.36.0-255,66,154618,17,184833
3099,0.002205,172.217.194.0-255,5020,159638,17,184833
3100,0.002207,172.31.36.0-255,66,159704,17,184833
3101,0.00221,172.217.194.0-255,1484,161188,17,184833
3102,0.002231,172.217.194.0-255,2902,164090,17,184833
3103,0.002233,172.31.36.0-255,66,164156,17,184833
3104,0.002238,172.217.194.0-255,4320,168476,17,184833
3105,0.00224,172.31.36.0-255,66,168542,17,184833
3106,0.002269,172.217.194.0-255,1484,170026,17,184833
3107,0.002281,172.31.36.0-255,66,170092,17,184833
3108,0.002292,172.31.36.0-255,66,170158,17,184833
3109,0.002328,172.217.194.0-255,2902,173060,17,184833
3110,0.00233,172.31.36.0-255,66,173126,17,184833
3111,0.002377,172.31.36.0-255,66,173192,17,184833
3112,0.002391,172.31.36.0-255,66,173258,17,184833
3113,0.002409,172.217.194.0-255,5020,178278,17,184833
3114,0.002415,172.31.36.0-255,66,178344,17,184833
3115,0.004746,172.217.194.0-255,1978,180322,17,184833
3116,0.004752,172.31.36.0-255,66,180388,17,184833
3117,0.007614,172.31.36.0-255,105,180493,17,184833
3118,0.009877,172.217.194.0-255,66,180559,17,184833
3119,0.032345,172.31.36.0-255,172,180731,17,184833
3120,0.032376,172.31.36.0-255,1118,181849,17,184833
3121,0.03242,172.31.36.0-255,1514,183363,17,184833
3122,0.032422,172.31.36.0-255,1272,184635,17,184833
3123,0.033875,104.244.42.0-255,66,184701,17,184833
3124,0.033884,104.244.42.0-255,66,184767,17,184833
3125,0.033932,104.244.42.0-255,66,184833,17,184833
3126,0.0,172.217.194.0-255,215,215,17,151758
3127,1.5e-05,172.31.36.0-255,66,281,17,151758
3128,2.2e-05,172.217.194.0-255,1484,1765,17,151758
3129,2.6e-05,172.31.36.0-255,66,1831,17,151758
3130,3.3e-05,172.217.194.0-255,4320,6151,17,151758
3131,4.3e-05,172.31.36.0-255,66,6217,17,151758
3132,8.8e-05,172.31.36.0-255,66,6283,17,151758
3133,0.000135,172.217.194.0-255,2902,9185,17,151758
3134,0.000137,172.31.36.0-255,66,9251,17,151758
3135,0.000143,172.217.194.0-255,4320,13571,17,151758
3136,0.000146,172.31.36.0-255,66,13637,17,151758
3137,0.000183,172.31.36.0-255,66,13703,17,151758
3138,0.000186,172.217.194.0-255,1125,14828,17,151758
3139,0.000188,172.31.36.0-255,66,14894,17,151758
3140,0.000627,172.217.194.0-255,1484,16378,17,151758
3141,0.000632,172.31.36.0-255,66,16444,17,151758
3142,0.000639,172.217.194.0-255,2902,19346,17,151758
3143,0.000641,172.31.36.0-255,66,19412,17,151758
3144,0.000652,172.217.194.0-255,4320,23732,17,151758
3145,0.000654,172.31.36.0-255,66,23798,17,151758
3146,0.000685,172.217.194.0-255,1484,25282,17,151758
3147,0.00069,172.217.194.0-255,2902,28184,17,151758
3148,0.000695,172.217.194.0-255,4320,32504,17,151758
3149,0.000698,172.31.36.0-255,66,32570,17,151758
3150,0.000701,172.31.36.0-255,66,32636,17,151758
3151,0.000704,172.31.36.0-255,66,32702,17,151758
3152,0.000733,172.217.194.0-255,6797,39499,17,151758
3153,0.000736,172.31.36.0-255,66,39565,17,151758
3154,0.000749,172.31.36.0-255,66,39631,17,151758
3155,0.000751,172.217.194.0-255,341,39972,17,151758
3156,0.000778,172.217.194.0-255,115,40087,17,151758
3157,0.000881,172.217.194.0-255,1484,41571,17,151758
3158,0.000886,172.31.36.0-255,66,41637,17,151758
3159,0.00089,172.217.194.0-255,2902,44539,17,151758
3160,0.000893,172.31.36.0-255,66,44605,17,151758
3161,0.000921,172.217.194.0-255,5738,50343,17,151758
3162,0.000924,172.31.36.0-255,66,50409,17,151758
3163,0.000929,172.217.194.0-255,4320,54729,17,151758
3164,0.000931,172.31.36.0-255,66,54795,17,151758
3165,0.000935,172.217.194.0-255,1484,56279,17,151758
3166,0.000983,172.31.36.0-255,66,56345,17,151758
3167,0.000991,172.217.194.0-255,6797,63142,17,151758
3168,0.000993,172.31.36.0-255,66,63208,17,151758
3169,0.001633,172.217.194.0-255,1484,64692,17,151758
3170,0.001643,172.217.194.0-255,2902,67594,17,151758
3171,0.001647,172.31.36.0-255,66,67660,17,151758
3172,0.001655,172.217.194.0-255,5738,73398,17,151758
3173,0.001657,172.31.36.0-255,66,73464,17,151758
3174,0.001686,172.217.194.0-255,1484,74948,17,151758
3175,0.001691,172.217.194.0-255,2902,77850,17,151758
3176,0.001693,172.31.36.0-255,66,77916,17,151758
3177,0.001698,172.217.194.0-255,2902,80818,17,151758
3178,0.0017,172.31.36.0-255,66,80884,17,151758
3179,0.001721,172.217.194.0-255,2902,83786,17,151758
3180,0.001723,172.31.36.0-255,66,83852,17,151758
3181,0.001749,172.217.194.0-255,4320,88172,17,151758
3182,0.001751,172.31.36.0-255,66,88238,17,151758
3183,0.001759,172.217.194.0-255,5738,93976,17,151758
3184,0.001761,172.31.36.0-255,66,94042,17,151758
3185,0.001788,172.217.194.0-255,3602,97644,17,151758
3186,0.00179,172.31.36.0-255,66,97710,17,151758
3187,0.002131,172.217.194.0-255,1484,99194,17,151758
3188,0.002139,172.217.194.0-255,2902,102096,17,151758
3189,0.002144,172.31.36.0-255,66,102162,17,151758
3190,0.00215,172.217.194.0-255,2902,105064,17,151758
3191,0.002151,172.31.36.0-255,66,105130,17,151758
3192,0.002178,172.217.194.0-255,2902,108032,17,151758
3193,0.00218,172.31.36.0-255,66,108098,17,151758
3194,0.002199,172.31.36.0-255,66,108164,17,151758
3195,0.002212,172.31.36.0-255,66,108230,17,151758
3196,0.00229,172.217.194.0-255,1484,109714,17,151758
3197,0.002296,172.217.194.0-255,2902,112616,17,151758
3198,0.002299,172.31.36.0-255,66,112682,17,151758
3199,0.002303,172.217.194.0-255,1484,114166,17,151758
3200,0.002328,172.217.194.0-255,4320,118486,17,151758
3201,0.002331,172.31.36.0-255,66,118552,17,151758
3202,0.002345,172.31.36.0-255,66,118618,17,151758
3203,0.002362,172.31.36.0-255,66,118684,17,151758
3204,0.002411,172.217.194.0-255,1484,120168,17,151758
3205,0.002416,172.217.194.0-255,2902,123070,17,151758
3206,0.002418,172.31.36.0-255,66,123136,17,151758
3207,0.002452,172.217.194.0-255,5738,128874,17,151758
3208,0.002454,172.31.36.0-255,66,128940,17,151758
3209,0.002471,172.31.36.0-255,66,129006,17,151758
3210,0.002505,172.31.36.0-255,66,129072,17,151758
3211,0.00254,172.31.36.0-255,66,129138,17,151758
3212,0.002551,172.31.36.0-255,66,129204,17,151758
3213,0.002656,172.31.36.0-255,66,129270,17,151758
3214,0.00268,172.31.36.0-255,66,129336,17,151758
3215,0.002691,172.31.36.0-255,66,129402,17,151758
3216,0.002707,172.31.36.0-255,66,129468,17,151758
3217,0.00272,172.31.36.0-255,66,129534,17,151758
3218,0.002723,172.217.194.0-255,1484,131018,17,151758
3219,0.002726,172.31.36.0-255,78,131096,17,151758
3220,0.002733,172.217.194.0-255,5738,136834,17,151758
3221,0.002737,172.31.36.0-255,78,136912,17,151758
3222,0.002755,172.217.194.0-255,7156,144068,17,151758
3223,0.002758,172.217.194.0-255,1484,145552,17,151758
3224,0.00276,172.31.36.0-255,78,145630,17,151758
3225,0.002782,172.217.194.0-255,1484,147114,17,151758
3226,0.002893,172.217.194.0-255,105,147219,17,151758
3227,0.003469,172.31.36.0-255,66,147285,17,151758
3228,0.005888,172.31.36.0-255,105,147390,17,151758
3229,0.008423,172.217.194.0-255,66,147456,17,151758
3230,0.031427,172.31.36.0-255,200,147656,17,151758
3231,0.031458,172.31.36.0-255,1116,148772,17,151758
3232,0.031537,172.31.36.0-255,1514,150286,17,151758
3233,0.03154,172.31.36.0-255,1274,151560,17,151758
3234,0.032939,104.244.42.0-255,66,151626,17,151758
3235,0.032967,104.244.42.0-255,66,151692,17,151758
3236,0.033047,104.244.42.0-255,66,151758,17,151758
3237,0.0,172.217.194.0-255,226,226,17,162145
3238,1.5e-05,172.31.36.0-255,66,292,17,162145
3239,3.2e-05,172.217.194.0-255,1484,1776,17,162145
3240,4.3e-05,172.31.36.0-255,66,1842,17,162145
3241,5e-05,172.217.194.0-255,4320,6162,17,162145
3242,5.3e-05,172.31.36.0-255,66,6228,17,162145
3243,6e-05,172.217.194.0-255,5738,11966,17,162145
3244,6.3e-05,172.31.36.0-255,66,12032,17,162145
3245,9.5e-05,172.217.194.0-255,1840,13872,17,162145
3246,9.9e-05,172.31.36.0-255,66,13938,17,162145
3247,0.000111,172.31.36.0-255,66,14004,17,162145
3248,0.000133,172.217.194.0-255,4320,18324,17,162145
3249,0.000141,172.31.36.0-255,66,18390,17,162145
3250,0.000145,172.217.194.0-255,2543,20933,17,162145
3251,0.000148,172.31.36.0-255,66,20999,17,162145
3252,0.000167,172.217.194.0-255,1484,22483,17,162145
3253,0.000174,172.31.36.0-255,66,22549,17,162145
3254,0.000179,172.217.194.0-255,2902,25451,17,162145
3255,0.000182,172.31.36.0-255,66,25517,17,162145
3256,0.000186,172.217.194.0-255,2902,28419,17,162145
3257,0.000188,172.31.36.0-255,66,28485,17,162145
3258,0.000218,172.217.194.0-255,2902,31387,17,162145
3259,0.00022,172.31.36.0-255,66,31453,17,162145
3260,0.000249,172.217.194.0-255,6797,38250,17,162145
3261,0.000253,172.31.36.0-255,66,38316,17,162145
3262,0.000339,172.217.194.0-255,1484,39800,17,162145
3263,0.000343,172.31.36.0-255,66,39866,17,162145
3264,0.000366,172.217.194.0-255,2902,42768,17,162145
3265,0.000369,172.31.36.0-255,66,42834,17,162145
3266,0.00039,172.217.194.0-255,4320,47154,17,162145
3267,0.000394,172.31.36.0-255,66,47220,17,162145
3268,0.00044,172.31.36.0-255,66,47286,17,162145
3269,0.000475,172.31.36.0-255,66,47352,17,162145
3270,0.000482,172.217.194.0-255,7156,54508,17,162145
3271,0.000484,172.31.36.0-255,66,54574,17,162145
3272,0.000512,172.217.194.0-255,2543,57117,17,162145
3273,0.000514,172.31.36.0-255,66,57183,17,162145
3274,0.000541,172.217.194.0-255,5738,62921,17,162145
3275,0.000545,172.31.36.0-255,66,62987,17,162145
3276,0.000586,172.31.36.0-255,66,63053,17,162145
3277,0.000592,172.217.194.0-255,7156,70209,17,162145
3278,0.000595,172.31.36.0-255,66,70275,17,162145
3279,0.000612,172.31.36.0-255,66,70341,17,162145
3280,0.000615,172.217.194.0-255,1010,71351,17,162145
3281,0.000664,172.217.194.0-255,198,71549,17,162145
3282,0.000734,172.217.194.0-255,1484,73033,17,162145
3283,0.000738,172.31.36.0-255,66,73099,17,162145
3284,0.000743,172.217.194.0-255,2902,76001,17,162145
3285,0.000746,172.31.36.0-255,66,76067,17,162145
3286,0.000777,172.217.194.0-255,5738,81805,17,162145
3287,0.000781,172.31.36.0-255,66,81871,17,162145
3288,0.000786,172.217.194.0-255,4320,86191,17,162145
3289,0.000789,172.31.36.0-255,66,86257,17,162145
3290,0.000792,172.217.194.0-255,1484,87741,17,162145
3291,0.000828,172.31.36.0-255,66,87807,17,162145
3292,0.00084,172.31.36.0-255,66,87873,17,162145
3293,0.001586,172.217.194.0-255,1484,89357,17,162145
3294,0.001591,172.217.194.0-255,2902,92259,17,162145
3295,0.001596,172.31.36.0-255,66,92325,17,162145
3296,0.001602,172.217.194.0-255,4320,96645,17,162145
3297,0.001605,172.31.36.0-255,66,96711,17,162145
3298,0.001639,172.217.194.0-255,1484,98195,17,162145
3299,0.001654,172.31.36.0-255,66,98261,17,162145
3300,0.001672,172.31.36.0-255,66,98327,17,162145
3301,0.001947,172.217.194.0-255,1484,99811,17,162145
3302,0.001954,172.217.194.0-255,2902,102713,17,162145
3303,0.001958,172.31.36.0-255,66,102779,17,162145
3304,0.001985,172.217.194.0-255,5738,108517,17,162145
3305,0.001988,172.31.36.0-255,66,108583,17,162145
3306,0.002021,172.31.36.0-255,66,108649,17,162145
3307,0.002062,172.31.36.0-255,66,108715,17,162145
3308,0.002066,172.217.194.0-255,2184,110899,17,162145
3309,0.00207,172.31.36.0-255,66,110965,17,162145
3310,0.002284,172.217.194.0-255,1484,112449,17,162145
3311,0.002292,172.217.194.0-255,2902,115351,17,162145
3312,0.002296,172.31.36.0-255,66,115417,17,162145
3313,0.002325,172.217.194.0-255,5738,121155,17,162145
3314,0.002327,172.31.36.0-255,66,121221,17,162145
3315,0.002334,172.217.194.0-255,7156,128377,17,162145
3316,0.002337,172.31.36.0-255,66,128443,17,162145
3317,0.002359,172.217.194.0-255,5738,134181,17,162145
3318,0.002362,172.31.36.0-255,66,134247,17,162145
3319,0.002369,172.217.194.0-255,5738,139985,17,162145
3320,0.002371,172.31.36.0-255,66,140051,17,162145
3321,0.002436,172.31.36.0-255,66,140117,17,162145
3322,0.002459,172.31.36.0-255,66,140183,17,162145
3323,0.002469,172.31.36.0-255,66,140249,17,162145
3324,0.002478,172.31.36.0-255,66,140315,17,162145
3325,0.00251,172.31.36.0-255,66,140381,17,162145
3326,0.002574,172.31.36.0-255,66,140447,17,162145
3327,0.002603,172.217.194.0-255,766,141213,17,162145
3328,0.002616,172.31.36.0-255,66,141279,17,162145
3329,0.00265,172.31.36.0-255,66,141345,17,162145
3330,0.002653,172.217.194.0-255,1484,142829,17,162145
3331,0.00268,172.31.36.0-255,66,142895,17,162145
3332,0.002684,172.217.194.0-255,2902,145797,17,162145
3333,0.002686,172.31.36.0-255,66,145863,17,162145
3334,0.005263,172.217.194.0-255,5738,151601,17,162145
3335,0.00527,172.31.36.0-255,66,151667,17,162145
3336,0.007834,172.217.194.0-255,5738,157405,17,162145
3337,0.007841,172.31.36.0-255,66,157471,17,162145
3338,0.010397,172.217.194.0-255,166,157637,17,162145
3339,0.010528,172.31.36.0-255,66,157703,17,162145
3340,0.010557,172.31.36.0-255,105,157808,17,162145
3341,0.013106,172.217.194.0-255,66,157874,17,162145
3342,0.0313,172.31.36.0-255,171,158045,17,162145
3343,0.03133,172.31.36.0-255,1141,159186,17,162145
3344,0.031377,172.31.36.0-255,1514,160700,17,162145
3345,0.031379,172.31.36.0-255,1247,161947,17,162145
3346,0.032839,104.244.42.0-255,66,162013,17,162145
3347,0.032918,104.244.42.0-255,66,162079,17,162145
3348,0.03292,104.244.42.0-255,66,162145,17,162145
3349,0.0,74.125.130.0-255,155,155,17,325028
3350,2.2e-05,172.31.36.0-255,66,221,17,325028
3351,2.9e-05,74.125.130.0-255,1484,1705,17,325028
3352,3.3e-05,172.31.36.0-255,66,1771,17,325028
3353,4e-05,74.125.130.0-255,2902,4673,17,325028
3354,5.5e-05,172.31.36.0-255,66,4739,17,325028
3355,6.1e-05,74.125.130.0-255,4320,9059,17,325028
3356,6.4e-05,172.31.36.0-255,66,9125,17,325028
3357,0.000102,74.125.130.0-255,1484,10609,17,325028
3358,0.000105,172.31.36.0-255,66,10675,17,325028
3359,0.000109,74.125.130.0-255,1484,12159,17,325028
3360,0.000111,172.31.36.0-255,66,12225,17,325028
3361,0.000116,74.125.130.0-255,2082,14307,17,325028
3362,0.000119,172.31.36.0-255,66,14373,17,325028
3363,0.000121,74.125.130.0-255,1484,15857,17,325028
3364,0.000123,172.31.36.0-255,66,15923,17,325028
3365,0.000178,74.125.130.0-255,1484,17407,17,325028
3366,0.000181,172.31.36.0-255,66,17473,17,325028
3367,0.000202,74.125.130.0-255,2902,20375,17,325028
3368,0.000204,172.31.36.0-255,66,20441,17,325028
3369,0.000229,74.125.130.0-255,4320,24761,17,325028
3370,0.000232,172.31.36.0-255,66,24827,17,325028
3371,0.000252,74.125.130.0-255,5738,30565,17,325028
3372,0.000255,172.31.36.0-255,66,30631,17,325028
3373,0.000283,172.31.36.0-255,66,30697,17,325028
3374,0.000335,74.125.130.0-255,4320,35017,17,325028
3375,0.000338,172.31.36.0-255,66,35083,17,325028
3376,0.00037,74.125.130.0-255,2902,37985,17,325028
3377,0.000373,172.31.36.0-255,66,38051,17,325028
3378,0.000378,74.125.130.0-255,2184,40235,17,325028
3379,0.00038,172.31.36.0-255,66,40301,17,325028
3380,0.000586,74.125.130.0-255,1484,41785,17,325028
3381,0.000623,74.125.130.0-255,1484,43269,17,325028
3382,0.000626,172.31.36.0-255,66,43335,17,325028
3383,0.00064,74.125.130.0-255,1484,44819,17,325028
3384,0.000657,74.125.130.0-255,1484,46303,17,325028
3385,0.000659,172.31.36.0-255,66,46369,17,325028
3386,0.000663,74.125.130.0-255,2902,49271,17,325028
3387,0.000666,172.31.36.0-255,66,49337,17,325028
3388,0.000683,74.125.130.0-255,2902,52239,17,325028
3389,0.00069,172.31.36.0-255,66,52305,17,325028
3390,0.000727,74.125.130.0-255,4320,56625,17,325028
3391,0.00073,172.31.36.0-255,66,56691,17,325028
3392,0.000756,74.125.130.0-255,1439,58130,17,325028
3393,0.00106,74.125.130.0-255,1484,59614,17,325028
3394,0.001065,172.31.36.0-255,66,59680,17,325028
3395,0.001071,74.125.130.0-255,2902,62582,17,325028
3396,0.001073,172.31.36.0-255,66,62648,17,325028
3397,0.001108,74.125.130.0-255,5738,68386,17,325028
3398,0.001111,172.31.36.0-255,66,68452,17,325028
3399,0.001156,172.31.36.0-255,66,68518,17,325028
3400,0.001182,74.125.130.0-255,2902,71420,17,325028
3401,0.001185,172.31.36.0-255,66,71486,17,325028
3402,0.001197,172.31.36.0-255,66,71552,17,325028
3403,0.0013,74.125.130.0-255,1484,73036,17,325028
3404,0.001304,74.125.130.0-255,1484,74520,17,325028
3405,0.001307,172.31.36.0-255,66,74586,17,325028
3406,0.001335,74.125.130.0-255,1484,76070,17,325028
3407,0.00134,74.125.130.0-255,2902,78972,17,325028
3408,0.001343,172.31.36.0-255,66,79038,17,325028
3409,0.001348,74.125.130.0-255,2902,81940,17,325028
3410,0.00135,172.31.36.0-255,66,82006,17,325028
3411,0.001373,74.125.130.0-255,4320,86326,17,325028
3412,0.001375,172.31.36.0-255,66,86392,17,325028
3413,0.001411,74.125.130.0-255,5738,92130,17,325028
3414,0.001414,172.31.36.0-255,66,92196,17,325028
3415,0.001445,74.125.130.0-255,5738,97934,17,325028
3416,0.001449,172.31.36.0-255,66,98000,17,325028
3417,0.001459,172.31.36.0-255,66,98066,17,325028
3418,0.001683,74.125.130.0-255,1484,99550,17,325028
3419,0.001697,74.125.130.0-255,2902,102452,17,325028
3420,0.0017,172.31.36.0-255,66,102518,17,325028
3421,0.001732,74.125.130.0-255,5738,108256,17,325028
3422,0.001736,172.31.36.0-255,66,108322,17,325028
3423,0.001742,74.125.130.0-255,5738,114060,17,325028
3424,0.001744,172.31.36.0-255,66,114126,17,325028
3425,0.00178,74.125.130.0-255,7156,121282,17,325028
3426,0.001786,172.31.36.0-255,66,121348,17,325028
3427,0.001802,74.125.130.0-255,2902,124250,17,325028
3428,0.001805,172.31.36.0-255,66,124316,17,325028
3429,0.001838,172.31.36.0-255,66,124382,17,325028
3430,0.003779,74.125.130.0-255,5738,130120,17,325028
3431,0.003787,172.31.36.0-255,66,130186,17,325028
3432,0.005746,74.125.130.0-255,5738,135924,17,325028
3433,0.005751,172.31.36.0-255,66,135990,17,325028
3434,0.007691,74.125.130.0-255,5738,141728,17,325028
3435,0.007694,172.31.36.0-255,66,141794,17,325028
3436,0.009644,74.125.130.0-255,5738,147532,17,325028
3437,0.009652,172.31.36.0-255,66,147598,17,325028
3438,0.011661,74.125.130.0-255,5738,153336,17,325028
3439,0.01167,172.31.36.0-255,66,153402,17,325028
3440,0.013615,74.125.130.0-255,5738,159140,17,325028
3441,0.013622,172.31.36.0-255,66,159206,17,325028
3442,0.015564,74.125.130.0-255,5738,164944,17,325028
3443,0.015572,172.31.36.0-255,66,165010,17,325028
3444,0.01752,74.125.130.0-255,5738,170748,17,325028
3445,0.017529,172.31.36.0-255,66,170814,17,325028
3446,0.019483,74.125.130.0-255,5738,176552,17,325028
3447,0.019491,172.31.36.0-255,66,176618,17,325028
3448,0.021447,74.125.130.0-255,5738,182356,17,325028
3449,0.021455,172.31.36.0-255,66,182422,17,325028
3450,0.023408,74.125.130.0-255,5738,188160,17,325028
3451,0.023414,172.31.36.0-255,66,188226,17,325028
3452,0.02381,172.31.36.0-255,164,188390,17,325028
3453,0.023843,172.31.36.0-255,1125,189515,17,325028
3454,0.023904,172.31.36.0-255,1514,191029,17,325028
3455,0.023906,172.31.36.0-255,309,191338,17,325028
3456,0.025359,104.244.42.0-255,66,191404,17,325028
3457,0.025373,104.244.42.0-255,66,191470,17,325028
3458,0.025387,74.125.130.0-255,5738,197208,17,325028
3459,0.025392,172.31.36.0-255,66,197274,17,325028
3460,0.025436,104.244.42.0-255,66,197340,17,325028
3461,0.027331,74.125.130.0-255,5738,203078,17,325028
3462,0.027338,172.31.36.0-255,66,203144,17,325028
3463,0.029293,74.125.130.0-255,5738,208882,17,325028
3464,0.0293,172.31.36.0-255,66,208948,17,325028
3465,0.031256,74.125.130.0-255,5738,214686,17,325028
3466,0.031266,172.31.36.0-255,66,214752,17,325028
3467,0.033222,74.125.130.0-255,5738,220490,17,325028
3468,0.033229,172.31.36.0-255,66,220556,17,325028
3469,0.035193,74.125.130.0-255,5738,226294,17,325028
3470,0.035199,172.31.36.0-255,66,226360,17,325028
3471,0.03714,74.125.130.0-255,5738,232098,17,325028
3472,0.037147,172.31.36.0-255,66,232164,17,325028
3473,0.039096,74.125.130.0-255,5738,237902,17,325028
3474,0.039103,172.31.36.0-255,66,237968,17,325028
3475,0.041065,74.125.130.0-255,5738,243706,17,325028
3476,0.041074,172.31.36.0-255,66,243772,17,325028
3477,0.043026,74.125.130.0-255,5738,249510,17,325028
3478,0.043032,172.31.36.0-255,66,249576,17,325028
3479,0.044986,74.125.130.0-255,5738,255314,17,325028
3480,0.044992,172.31.36.0-255,66,255380,17,325028
3481,0.046948,74.125.130.0-255,5738,261118,17,325028
3482,0.046953,172.31.36.0-255,66,261184,17,325028
3483,0.048943,74.125.130.0-255,5738,266922,17,325028
3484,0.04895,172.31.36.0-255,66,266988,17,325028
3485,0.050911,74.125.130.0-255,5738,272726,17,325028
3486,0.050918,172.31.36.0-255,66,272792,17,325028
3487,0.052872,74.125.130.0-255,5738,278530,17,325028
3488,0.052878,172.31.36.0-255,66,278596,17,325028
3489,0.054835,74.125.130.0-255,5738,284334,17,325028
3490,0.054842,172.31.36.0-255,66,284400,17,325028
3491,0.056799,74.125.130.0-255,5738,290138,17,325028
3492,0.056806,172.31.36.0-255,66,290204,17,325028
3493,0.058764,74.125.130.0-255,5738,295942,17,325028
3494,0.058771,172.31.36.0-255,66,296008,17,325028
3495,0.060731,74.125.130.0-255,5738,301746,17,325028
3496,0.060737,172.31.36.0-255,66,301812,17,325028
3497,0.062706,74.125.130.0-255,5738,307550,17,325028
3498,0.062712,172.31.36.0-255,66,307616,17,325028
3499,0.064676,74.125.130.0-255,5738,313354,17,325028
3500,0.064681,172.31.36.0-255,66,313420,17,325028
3501,0.066626,74.125.130.0-255,5738,319158,17,325028
3502,0.066632,172.31.36.0-255,66,319224,17,325028
3503,0.068595,74.125.130.0-255,5738,324962,17,325028
3504,0.068602,172.31.36.0-255,66,325028,17,325028
3505,0.0,172.217.160.0-255,154,154,17,336838
3506,1.7e-05,172.31.36.0-255,66,220,17,336838
3507,2.4e-05,172.217.160.0-255,1484,1704,17,336838
3508,2.9e-05,172.31.36.0-255,66,1770,17,336838
3509,3.6e-05,172.217.160.0-255,2902,4672,17,336838
3510,4.8e-05,172.31.36.0-255,66,4738,17,336838
3511,5.6e-05,172.217.160.0-255,7156,11894,17,336838
3512,6e-05,172.31.36.0-255,66,11960,17,336838
3513,6.4e-05,172.217.160.0-255,1980,13940,17,336838
3514,6.6e-05,172.31.36.0-255,66,14006,17,336838
3515,0.000119,172.217.160.0-255,5738,19744,17,336838
3516,0.000123,172.31.36.0-255,66,19810,17,336838
3517,0.000152,172.217.160.0-255,7156,26966,17,336838
3518,0.000155,172.31.36.0-255,66,27032,17,336838
3519,0.000185,172.217.160.0-255,3961,30993,17,336838
3520,0.000188,172.31.36.0-255,66,31059,17,336838
3521,0.000213,172.217.160.0-255,1484,32543,17,336838
3522,0.000216,172.31.36.0-255,66,32609,17,336838
3523,0.000244,172.217.160.0-255,2902,35511,17,336838
3524,0.000246,172.31.36.0-255,66,35577,17,336838
3525,0.000251,172.217.160.0-255,4320,39897,17,336838
3526,0.000254,172.31.36.0-255,66,39963,17,336838
3527,0.00027,172.217.160.0-255,1484,41447,17,336838
3528,0.000273,172.31.36.0-255,66,41513,17,336838
3529,0.000303,172.217.160.0-255,6797,48310,17,336838
3530,0.000306,172.31.36.0-255,66,48376,17,336838
3531,0.00032,172.31.36.0-255,66,48442,17,336838
3532,0.000325,172.217.160.0-255,2902,51344,17,336838
3533,0.000327,172.31.36.0-255,66,51410,17,336838
3534,0.000334,172.217.160.0-255,5379,56789,17,336838
3535,0.000336,172.31.36.0-255,66,56855,17,336838
3536,0.000359,172.217.160.0-255,332,57187,17,336838
3537,0.001068,172.217.160.0-255,124,57311,17,336838
3538,0.001154,172.217.160.0-255,1484,58795,17,336838
3539,0.001159,172.217.160.0-255,2902,61697,17,336838
3540,0.001162,172.31.36.0-255,66,61763,17,336838
3541,0.001172,172.31.36.0-255,66,61829,17,336838
3542,0.001195,172.217.160.0-255,5738,67567,17,336838
3543,0.001198,172.31.36.0-255,66,67633,17,336838
3544,0.001206,172.217.160.0-255,1484,69117,17,336838
3545,0.00126,172.217.160.0-255,7156,76273,17,336838
3546,0.001263,172.31.36.0-255,66,76339,17,336838
3547,0.001298,172.217.160.0-255,2543,78882,17,336838
3548,0.001301,172.31.36.0-255,66,78948,17,336838
3549,0.001318,172.31.36.0-255,66,79014,17,336838
3550,0.001322,172.217.160.0-255,2543,81557,17,336838
3551,0.001324,172.31.36.0-255,66,81623,17,336838
3552,0.001456,172.217.160.0-255,1484,83107,17,336838
3553,0.001461,172.217.160.0-255,1484,84591,17,336838
3554,0.001464,172.31.36.0-255,66,84657,17,336838
3555,0.001483,172.217.160.0-255,1484,86141,17,336838
3556,0.001489,172.217.160.0-255,5738,91879,17,336838
3557,0.001491,172.31.36.0-255,66,91945,17,336838
3558,0.001503,172.31.36.0-255,66,92011,17,336838
3559,0.001533,172.217.160.0-255,4320,96331,17,336838
3560,0.001536,172.31.36.0-255,66,96397,17,336838
3561,0.001543,172.217.160.0-255,7156,103553,17,336838
3562,0.001544,172.31.36.0-255,66,103619,17,336838
3563,0.001582,172.217.160.0-255,3602,107221,17,336838
3564,0.001585,172.31.36.0-255,66,107287,17,336838
3565,0.00159,172.217.160.0-255,4320,111607,17,336838
3566,0.001592,172.31.36.0-255,66,111673,17,336838
3567,0.001609,172.31.36.0-255,66,111739,17,336838
3568,0.001658,172.31.36.0-255,66,111805,17,336838
3569,0.001718,172.217.160.0-255,5020,116825,17,336838
3570,0.00172,172.31.36.0-255,66,116891,17,336838
3571,0.001746,172.217.160.0-255,1484,118375,17,336838
3572,0.00175,172.217.160.0-255,2902,121277,17,336838
3573,0.001755,172.217.160.0-255,4320,125597,17,336838
3574,0.001763,172.31.36.0-255,66,125663,17,336838
3575,0.001767,172.31.36.0-255,66,125729,17,336838
3576,0.00177,172.217.160.0-255,1484,127213,17,336838
3577,0.001814,172.31.36.0-255,66,127279,17,336838
3578,0.001832,172.31.36.0-255,66,127345,17,336838
3579,0.001898,172.217.160.0-255,1484,128829,17,336838
3580,0.001904,172.217.160.0-255,2902,131731,17,336838
3581,0.001906,172.31.36.0-255,66,131797,17,336838
3582,0.001936,172.217.160.0-255,5738,137535,17,336838
3583,0.001939,172.31.36.0-255,66,137601,17,336838
3584,0.001946,172.217.160.0-255,5738,143339,17,336838
3585,0.001949,172.31.36.0-255,66,143405,17,336838
3586,0.001983,172.217.160.0-255,7156,150561,17,336838
3587,0.001986,172.31.36.0-255,66,150627,17,336838
3588,0.001998,172.31.36.0-255,66,150693,17,336838
3589,0.003939,172.217.160.0-255,5738,156431,17,336838
3590,0.003946,172.31.36.0-255,66,156497,17,336838
3591,0.005872,172.217.160.0-255,4320,160817,17,336838
3592,0.005876,172.31.36.0-255,66,160883,17,336838
3593,0.0059,172.217.160.0-255,1484,162367,17,336838
3594,0.007805,172.217.160.0-255,4320,166687,17,336838
3595,0.007808,172.31.36.0-255,66,166753,17,336838
3596,0.009751,172.217.160.0-255,5738,172491,17,336838
3597,0.009758,172.31.36.0-255,66,172557,17,336838
3598,0.011692,172.217.160.0-255,5738,178295,17,336838
3599,0.0117,172.31.36.0-255,66,178361,17,336838
3600,0.013647,172.217.160.0-255,5738,184099,17,336838
3601,0.013659,172.31.36.0-255,66,184165,17,336838
3602,0.015614,172.217.160.0-255,5738,189903,17,336838
3603,0.015628,172.31.36.0-255,66,189969,17,336838
3604,0.017585,172.217.160.0-255,5738,195707,17,336838
3605,0.017602,172.31.36.0-255,66,195773,17,336838
3606,0.019575,172.217.160.0-255,5738,201511,17,336838
3607,0.019588,172.31.36.0-255,66,201577,17,336838
3608,0.021539,172.217.160.0-255,5738,207315,17,336838
3609,0.021553,172.31.36.0-255,66,207381,17,336838
3610,0.023516,172.217.160.0-255,5738,213119,17,336838
3611,0.023531,172.31.36.0-255,66,213185,17,336838
3612,0.025482,172.217.160.0-255,5738,218923,17,336838
3613,0.025492,172.31.36.0-255,66,218989,17,336838
3614,0.027442,172.217.160.0-255,5738,224727,17,336838
3615,0.027451,172.31.36.0-255,66,224793,17,336838
3616,0.029417,172.217.160.0-255,5738,230531,17,336838
3617,0.029425,172.31.36.0-255,66,230597,17,336838
3618,0.031368,172.217.160.0-255,5738,236335,17,336838
3619,0.031377,172.31.36.0-255,66,236401,17,336838
3620,0.03332,172.217.160.0-255,5738,242139,17,336838
3621,0.033328,172.31.36.0-255,66,242205,17,336838
3622,0.035278,172.217.160.0-255,5738,247943,17,336838
3623,0.035287,172.31.36.0-255,66,248009,17,336838
3624,0.037232,172.217.160.0-255,5738,253747,17,336838
3625,0.037241,172.31.36.0-255,66,253813,17,336838
3626,0.039192,172.217.160.0-255,2902,256715,17,336838
3627,0.0392,172.31.36.0-255,66,256781,17,336838
3628,0.03923,172.217.160.0-255,2902,259683,17,336838
3629,0.039233,172.31.36.0-255,66,259749,17,336838
3630,0.040889,172.31.36.0-255,172,259921,17,336838
3631,0.040922,172.31.36.0-255,1117,261038,17,336838
3632,0.040985,172.31.36.0-255,1514,262552,17,336838
3633,0.040987,172.31.36.0-255,1271,263823,17,336838
3634,0.041136,172.217.160.0-255,2902,266725,17,336838
3635,0.041143,172.31.36.0-255,66,266791,17,336838
3636,0.041175,172.217.160.0-255,2902,269693,17,336838
3637,0.041178,172.31.36.0-255,66,269759,17,336838
3638,0.042479,104.244.42.0-255,66,269825,17,336838
3639,0.042678,104.244.42.0-255,66,269891,17,336838
3640,0.042682,104.244.42.0-255,66,269957,17,336838
3641,0.043093,172.217.160.0-255,4320,274277,17,336838
3642,0.0431,172.31.36.0-255,66,274343,17,336838
3643,0.043127,172.217.160.0-255,1484,275827,17,336838
3644,0.045041,172.217.160.0-255,4320,280147,17,336838
3645,0.045048,172.31.36.0-255,66,280213,17,336838
3646,0.046992,172.217.160.0-255,5738,285951,17,336838
3647,0.046998,172.31.36.0-255,66,286017,17,336838
3648,0.048995,172.217.160.0-255,5738,291755,17,336838
3649,0.049002,172.31.36.0-255,66,291821,17,336838
3650,0.05095,172.217.160.0-255,5738,297559,17,336838
3651,0.050957,172.31.36.0-255,66,297625,17,336838
3652,0.0529,172.217.160.0-255,5738,303363,17,336838
3653,0.052907,172.31.36.0-255,66,303429,17,336838
3654,0.054843,172.217.160.0-255,5738,309167,17,336838
3655,0.05485,172.31.36.0-255,66,309233,17,336838
3656,0.056843,172.217.160.0-255,5738,314971,17,336838
3657,0.056849,172.31.36.0-255,66,315037,17,336838
3658,0.058805,172.217.160.0-255,5738,320775,17,336838
3659,0.058812,172.31.36.0-255,66,320841,17,336838
3660,0.060742,172.217.160.0-255,5738,326579,17,336838
3661,0.060749,172.31.36.0-255,66,326645,17,336838
3662,0.06271,172.217.160.0-255,5738,332383,17,336838
3663,0.062717,172.31.36.0-255,66,332449,17,336838
3664,0.064676,172.217.160.0-255,3627,336076,17,336838
3665,0.064683,172.31.36.0-255,66,336142,17,336838
3666,0.06489,172.31.36.0-255,105,336247,17,336838
3667,0.064926,172.31.36.0-255,105,336352,17,336838
3668,0.06516,172.31.36.0-255,90,336442,17,336838
3669,0.06517,172.31.36.0-255,66,336508,17,336838
3670,0.066809,172.217.160.0-255,66,336574,17,336838
3671,0.066839,172.217.160.0-255,66,336640,17,336838
3672,0.067064,172.217.160.0-255,66,336706,17,336838
3673,0.067078,172.217.160.0-255,66,336772,17,336838
3674,0.067091,172.31.36.0-255,66,336838,17,336838
3675,0.0,172.217.194.0-255,153,153,17,233179
3676,2.3e-05,172.31.36.0-255,66,219,17,233179
3677,3e-05,172.217.194.0-255,1484,1703,17,233179
3678,3.4e-05,172.31.36.0-255,66,1769,17,233179
3679,4e-05,172.217.194.0-255,2902,4671,17,233179
3680,4.3e-05,172.31.36.0-255,66,4737,17,233179
3681,6e-05,172.217.194.0-255,7156,11893,17,233179
3682,6.4e-05,172.31.36.0-255,66,11959,17,233179
3683,6.8e-05,172.217.194.0-255,1982,13941,17,233179
3684,7.2e-05,172.31.36.0-255,66,14007,17,233179
3685,0.000129,172.217.194.0-255,1484,15491,17,233179
3686,0.000133,172.31.36.0-255,66,15557,17,233179
3687,0.000138,172.217.194.0-255,2902,18459,17,233179
3688,0.000141,172.31.36.0-255,66,18525,17,233179
3689,0.000145,172.217.194.0-255,2902,21427,17,233179
3690,0.000154,172.31.36.0-255,66,21493,17,233179
3691,0.000182,172.217.194.0-255,2902,24395,17,233179
3692,0.000184,172.31.36.0-255,66,24461,17,233179
3693,0.000189,172.217.194.0-255,2902,27363,17,233179
3694,0.000192,172.31.36.0-255,66,27429,17,233179
3695,0.000212,172.217.194.0-255,3961,31390,17,233179
3696,0.000219,172.31.36.0-255,66,31456,17,233179
3697,0.000224,172.217.194.0-255,2902,34358,17,233179
3698,0.000226,172.31.36.0-255,66,34424,17,233179
3699,0.000261,172.217.194.0-255,4320,38744,17,233179
3700,0.000264,172.31.36.0-255,66,38810,17,233179
3701,0.000276,172.31.36.0-255,66,38876,17,233179
3702,0.001746,172.217.194.0-255,1484,40360,17,233179
3703,0.001753,172.31.36.0-255,66,40426,17,233179
3704,0.001764,172.217.194.0-255,2902,43328,17,233179
3705,0.001771,172.31.36.0-255,66,43394,17,233179
3706,0.001778,172.217.194.0-255,5738,49132,17,233179
3707,0.001781,172.31.36.0-255,66,49198,17,233179
3708,0.001819,172.31.36.0-255,66,49264,17,233179
3709,0.00185,172.31.36.0-255,66,49330,17,233179
3710,0.001855,172.217.194.0-255,4320,53650,17,233179
3711,0.001857,172.31.36.0-255,66,53716,17,233179
3712,0.001893,172.31.36.0-255,66,53782,17,233179
3713,0.001918,172.217.194.0-255,1484,55266,17,233179
3714,0.001927,172.217.194.0-255,6438,61704,17,233179
3715,0.00193,172.31.36.0-255,66,61770,17,233179
3716,0.004267,172.217.194.0-255,5738,67508,17,233179
3717,0.004272,172.31.36.0-255,66,67574,17,233179
3718,0.006568,172.217.194.0-255,5738,73312,17,233179
3719,0.006577,172.31.36.0-255,66,73378,17,233179
3720,0.008893,172.217.194.0-255,5738,79116,17,233179
3721,0.008902,172.31.36.0-255,66,79182,17,233179
3722,0.011221,172.217.194.0-255,5738,84920,17,233179
3723,0.011231,172.31.36.0-255,66,84986,17,233179
3724,0.013567,172.217.194.0-255,5738,90724,17,233179
3725,0.013576,172.31.36.0-255,66,90790,17,233179
3726,0.015924,172.217.194.0-255,5738,96528,17,233179
3727,0.015938,172.31.36.0-255,66,96594,17,233179
3728,0.018263,172.217.194.0-255,5738,102332,17,233179
3729,0.018274,172.31.36.0-255,66,102398,17,233179
3730,0.020578,172.217.194.0-255,5738,108136,17,233179
3731,0.020586,172.31.36.0-255,66,108202,17,233179
3732,0.022897,172.217.194.0-255,5738,113940,17,233179
3733,0.022905,172.31.36.0-255,66,114006,17,233179
3734,0.02523,172.217.194.0-255,5738,119744,17,233179
3735,0.02524,172.31.36.0-255,66,119810,17,233179
3736,0.027558,172.217.194.0-255,5738,125548,17,233179
3737,0.027567,172.31.36.0-255,66,125614,17,233179
3738,0.029088,172.31.36.0-255,171,125785,17,233179
3739,0.029119,172.31.36.0-255,1141,126926,17,233179
3740,0.029183,172.31.36.0-255,1514,128440,17,233179
3741,0.029185,172.31.36.0-255,1247,129687,17,233179
3742,0.029872,172.217.194.0-255,5738,135425,17,233179
3743,0.029879,172.31.36.0-255,66,135491,17,233179
3744,0.030632,104.244.42.0-255,66,135557,17,233179
3745,0.030685,104.244.42.0-255,66,135623,17,233179
3746,0.030745,104.244.42.0-255,66,135689,17,233179
3747,0.032192,172.217.194.0-255,4320,140009,17,233179
3748,0.0322,172.31.36.0-255,66,140075,17,233179
3749,0.032229,172.217.194.0-255,1484,141559,17,233179
3750,0.032291,104.244.42.0-255,108,141667,17,233179
3751,0.032296,172.31.36.0-255,66,141733,17,233179
3752,0.034515,172.217.194.0-255,4320,146053,17,233179
3753,0.034524,172.31.36.0-255,66,146119,17,233179
3754,0.036832,172.217.194.0-255,5738,151857,17,233179
3755,0.036839,172.31.36.0-255,66,151923,17,233179
3756,0.039215,172.217.194.0-255,5738,157661,17,233179
3757,0.039224,172.31.36.0-255,66,157727,17,233179
3758,0.041527,172.217.194.0-255,5738,163465,17,233179
3759,0.041535,172.31.36.0-255,66,163531,17,233179
3760,0.043863,172.217.194.0-255,5738,169269,17,233179
3761,0.043871,172.31.36.0-255,66,169335,17,233179
3762,0.046182,172.217.194.0-255,5738,175073,17,233179
3763,0.046191,172.31.36.0-255,66,175139,17,233179
3764,0.048525,172.217.194.0-255,5738,180877,17,233179
3765,0.048534,172.31.36.0-255,66,180943,17,233179
3766,0.05085,172.217.194.0-255,5738,186681,17,233179
3767,0.050857,172.31.36.0-255,66,186747,17,233179
3768,0.053173,172.217.194.0-255,5738,192485,17,233179
3769,0.05318,172.31.36.0-255,66,192551,17,233179
3770,0.055506,172.217.194.0-255,5738,198289,17,233179
3771,0.055516,172.31.36.0-255,66,198355,17,233179
3772,0.057836,172.217.194.0-255,5738,204093,17,233179
3773,0.057843,172.31.36.0-255,66,204159,17,233179
3774,0.060175,172.217.194.0-255,5738,209897,17,233179
3775,0.060187,172.31.36.0-255,66,209963,17,233179
3776,0.062543,172.217.194.0-255,5738,215701,17,233179
3777,0.062557,172.31.36.0-255,66,215767,17,233179
3778,0.064904,172.217.194.0-255,5738,221505,17,233179
3779,0.064919,172.31.36.0-255,66,221571,17,233179
3780,0.06724,172.217.194.0-255,5738,227309,17,233179
3781,0.067256,172.31.36.0-255,66,227375,17,233179
3782,0.069672,172.217.194.0-255,5738,233113,17,233179
3783,0.069686,172.31.36.0-255,66,233179,17,233179
3784,0.0,74.125.200.0-255,152,152,17,313977
3785,1.7e-05,172.31.36.0-255,66,218,17,313977
3786,2.4e-05,74.125.200.0-255,1484,1702,17,313977
3787,2.8e-05,172.31.36.0-255,66,1768,17,313977
3788,3.1e-05,74.125.200.0-255,1484,3252,17,313977
3789,3.3e-05,172.31.36.0-255,66,3318,17,313977
3790,4.7e-05,74.125.200.0-255,2902,6220,17,313977
3791,5e-05,172.31.36.0-255,66,6286,17,313977
3792,5.7e-05,74.125.200.0-255,5738,12024,17,313977
3793,6e-05,172.31.36.0-255,66,12090,17,313977
3794,6.4e-05,74.125.200.0-255,2075,14165,17,313977
3795,6.7e-05,172.31.36.0-255,66,14231,17,313977
3796,0.000113,74.125.200.0-255,2902,17133,17,313977
3797,0.000117,172.31.36.0-255,66,17199,17,313977
3798,0.000121,74.125.200.0-255,1484,18683,17,313977
3799,0.000123,172.31.36.0-255,66,18749,17,313977
3800,0.00013,74.125.200.0-255,5738,24487,17,313977
3801,0.000133,172.31.36.0-255,66,24553,17,313977
3802,0.00018,74.125.200.0-255,6797,31350,17,313977
3803,0.000183,172.31.36.0-255,66,31416,17,313977
3804,0.000223,74.125.200.0-255,2902,34318,17,313977
3805,0.000226,172.31.36.0-255,66,34384,17,313977
3806,0.000231,74.125.200.0-255,4320,38704,17,313977
3807,0.000234,172.31.36.0-255,66,38770,17,313977
3808,0.000253,74.125.200.0-255,4320,43090,17,313977
3809,0.000256,172.31.36.0-255,66,43156,17,313977
3810,0.000286,74.125.200.0-255,4320,47476,17,313977
3811,0.000289,172.31.36.0-255,66,47542,17,313977
3812,0.000292,74.125.200.0-255,1125,48667,17,313977
3813,0.000294,172.31.36.0-255,66,48733,17,313977
3814,0.000327,74.125.200.0-255,1484,50217,17,313977
3815,0.000329,172.31.36.0-255,66,50283,17,313977
3816,0.000358,74.125.200.0-255,2902,53185,17,313977
3817,0.000361,172.31.36.0-255,66,53251,17,313977
3818,0.000367,74.125.200.0-255,5738,58989,17,313977
3819,0.00037,172.31.36.0-255,66,59055,17,313977
3820,0.000381,74.125.200.0-255,6797,65852,17,313977
3821,0.000384,172.31.36.0-255,66,65918,17,313977
3822,0.000411,74.125.200.0-255,711,66629,17,313977
3823,0.000583,74.125.200.0-255,1484,68113,17,313977
3824,0.000587,172.31.36.0-255,66,68179,17,313977
3825,0.000592,74.125.200.0-255,2902,71081,17,313977
3826,0.000594,172.31.36.0-255,66,71147,17,313977
3827,0.000616,74.125.200.0-255,5738,76885,17,313977
3828,0.000618,172.31.36.0-255,66,76951,17,313977
3829,0.000622,74.125.200.0-255,2902,79853,17,313977
3830,0.000624,172.31.36.0-255,66,79919,17,313977
3831,0.000632,74.125.200.0-255,3961,83880,17,313977
3832,0.000634,172.31.36.0-255,66,83946,17,313977
3833,0.000656,74.125.200.0-255,4320,88266,17,313977
3834,0.000663,172.31.36.0-255,66,88332,17,313977
3835,0.000689,74.125.200.0-255,4320,92652,17,313977
3836,0.000692,172.31.36.0-255,66,92718,17,313977
3837,0.000698,74.125.200.0-255,5738,98456,17,313977
3838,0.0007,172.31.36.0-255,66,98522,17,313977
3839,0.000721,74.125.200.0-255,2543,101065,17,313977
3840,0.000723,172.31.36.0-255,66,101131,17,313977
3841,0.001166,74.125.200.0-255,1484,102615,17,313977
3842,0.001171,74.125.200.0-255,1484,104099,17,313977
3843,0.001173,172.31.36.0-255,66,104165,17,313977
3844,0.001198,74.125.200.0-255,1484,105649,17,313977
3845,0.001204,74.125.200.0-255,5738,111387,17,313977
3846,0.001206,172.31.36.0-255,66,111453,17,313977
3847,0.001254,172.31.36.0-255,66,111519,17,313977
3848,0.001261,74.125.200.0-255,5738,117257,17,313977
3849,0.001262,172.31.36.0-255,66,117323,17,313977
3850,0.001292,74.125.200.0-255,5020,122343,17,313977
3851,0.001294,172.31.36.0-255,66,122409,17,313977
3852,0.001316,74.125.200.0-255,1484,123893,17,313977
3853,0.001335,74.125.200.0-255,4320,128213,17,313977
3854,0.001337,172.31.36.0-255,66,128279,17,313977
3855,0.001343,74.125.200.0-255,4320,132599,17,313977
3856,0.001344,172.31.36.0-255,66,132665,17,313977
3857,0.001375,74.125.200.0-255,5738,138403,17,313977
3858,0.001378,172.31.36.0-255,66,138469,17,313977
3859,0.001388,172.31.36.0-255,66,138535,17,313977
3860,0.001413,74.125.200.0-255,1484,140019,17,313977
3861,0.001417,74.125.200.0-255,4320,144339,17,313977
3862,0.001419,172.31.36.0-255,66,144405,17,313977
3863,0.001442,74.125.200.0-255,2184,146589,17,313977
3864,0.001444,172.31.36.0-255,66,146655,17,313977
3865,0.001471,74.125.200.0-255,2902,149557,17,313977
3866,0.001473,172.31.36.0-255,66,149623,17,313977
3867,0.001499,74.125.200.0-255,2902,152525,17,313977
3868,0.001501,172.31.36.0-255,66,152591,17,313977
3869,0.001506,74.125.200.0-255,4320,156911,17,313977
3870,0.001598,74.125.200.0-255,6438,163349,17,313977
3871,0.001706,74.125.200.0-255,1484,164833,17,313977
3872,0.001722,74.125.200.0-255,2902,167735,17,313977
3873,0.001727,74.125.200.0-255,2902,170637,17,313977
3874,0.001749,74.125.200.0-255,2902,173539,17,313977
3875,0.001754,74.125.200.0-255,2902,176441,17,313977
3876,0.001759,74.125.200.0-255,4320,180761,17,313977
3877,0.001806,74.125.200.0-255,7156,187917,17,313977
3878,0.001823,74.125.200.0-255,1484,189401,17,313977
3879,0.001851,74.125.200.0-255,5738,195139,17,313977
3880,0.001867,74.125.200.0-255,2184,197323,17,313977
3881,0.001902,74.125.200.0-255,4320,201643,17,313977
3882,0.001926,74.125.200.0-255,5738,207381,17,313977
3883,0.001951,74.125.200.0-255,2902,210283,17,313977
3884,0.001974,74.125.200.0-255,4320,214603,17,313977
3885,0.00201,74.125.200.0-255,7156,221759,17,313977
3886,0.002039,74.125.200.0-255,7156,228915,17,313977
3887,0.002053,74.125.200.0-255,1484,230399,17,313977
3888,0.002056,74.125.200.0-255,766,231165,17,313977
3889,0.002241,74.125.200.0-255,1484,232649,17,313977
3890,0.002249,74.125.200.0-255,2902,235551,17,313977
3891,0.002254,74.125.200.0-255,1484,237035,17,313977
3892,0.002267,74.125.200.0-255,2902,239937,17,313977
3893,0.002347,74.125.200.0-255,7156,247093,17,313977
3894,0.002359,74.125.200.0-255,766,247859,17,313977
3895,0.00247,74.125.200.0-255,1484,249343,17,313977
3896,0.002492,74.125.200.0-255,2902,252245,17,313977
3897,0.002511,74.125.200.0-255,4320,256565,17,313977
3898,0.002538,74.125.200.0-255,5738,262303,17,313977
3899,0.002555,74.125.200.0-255,5738,268041,17,313977
3900,0.002579,74.125.200.0-255,7156,275197,17,313977
3901,0.002582,74.125.200.0-255,1484,276681,17,313977
3902,0.002604,74.125.200.0-255,5020,281701,17,313977
3903,0.002642,74.125.200.0-255,4320,286021,17,313977
3904,0.002656,74.125.200.0-255,1484,287505,17,313977
3905,0.002658,74.125.200.0-255,1484,288989,17,313977
3906,0.002661,74.125.200.0-255,1484,290473,17,313977
3907,0.002674,74.125.200.0-255,2902,293375,17,313977
3908,0.002683,74.125.200.0-255,1484,294859,17,313977
3909,0.002704,74.125.200.0-255,5738,300597,17,313977
3910,0.002717,74.125.200.0-255,2902,303499,17,313977
3911,0.002832,74.125.200.0-255,4320,307819,17,313977
3912,0.002872,74.125.200.0-255,1375,309194,17,313977
3913,0.002938,74.125.200.0-255,105,309299,17,313977
3914,0.007146,172.31.36.0-255,66,309365,17,313977
3915,0.00731,172.31.36.0-255,101,309466,17,313977
3916,0.009585,74.125.200.0-255,66,309532,17,313977
3917,0.009857,172.31.36.0-255,105,309637,17,313977
3918,0.012138,74.125.200.0-255,66,309703,17,313977
3919,0.031009,172.31.36.0-255,172,309875,17,313977
3920,0.031043,172.31.36.0-255,1116,310991,17,313977
3921,0.031104,172.31.36.0-255,1514,312505,17,313977
3922,0.031106,172.31.36.0-255,1274,313779,17,313977
3923,0.032495,104.244.42.0-255,66,313845,17,313977
3924,0.032608,104.244.42.0-255,66,313911,17,313977
3925,0.032634,104.244.42.0-255,66,313977,17,313977
3926,0.0,74.125.24.0-255,153,153,17,267593
3927,3.1e-05,172.31.36.0-255,66,219,17,267593
3928,3.7e-05,74.125.24.0-255,1484,1703,17,267593
3929,4.1e-05,172.31.36.0-255,66,1769,17,267593
3930,4.6e-05,74.125.24.0-255,2902,4671,17,267593
3931,4.9e-05,172.31.36.0-255,66,4737,17,267593
3932,5.6e-05,74.125.24.0-255,7156,11893,17,267593
3933,5.9e-05,172.31.36.0-255,66,11959,17,267593
3934,6.3e-05,74.125.24.0-255,1992,13951,17,267593
3935,6.5e-05,172.31.36.0-255,66,14017,17,267593
3936,0.000156,74.125.24.0-255,1484,15501,17,267593
3937,0.000161,172.31.36.0-255,66,15567,17,267593
3938,0.000166,74.125.24.0-255,2902,18469,17,267593
3939,0.000168,172.31.36.0-255,66,18535,17,267593
3940,0.000198,74.125.24.0-255,5738,24273,17,267593
3941,0.000201,172.31.36.0-255,66,24339,17,267593
3942,0.000208,74.125.24.0-255,6797,31136,17,267593
3943,0.000211,172.31.36.0-255,66,31202,17,267593
3944,0.000236,74.125.24.0-255,7156,38358,17,267593
3945,0.000239,172.31.36.0-255,66,38424,17,267593
3946,0.000275,172.31.36.0-255,66,38490,17,267593
3947,0.001302,74.125.24.0-255,1484,39974,17,267593
3948,0.001309,172.31.36.0-255,66,40040,17,267593
3949,0.001319,74.125.24.0-255,2902,42942,17,267593
3950,0.001321,172.31.36.0-255,66,43008,17,267593
3951,0.001328,74.125.24.0-255,4320,47328,17,267593
3952,0.001331,172.31.36.0-255,66,47394,17,267593
3953,0.001354,74.125.24.0-255,1484,48878,17,267593
3954,0.001356,172.31.36.0-255,66,48944,17,267593
3955,0.001361,74.125.24.0-255,4320,53264,17,267593
3956,0.001363,172.31.36.0-255,66,53330,17,267593
3957,0.001377,74.125.24.0-255,2543,55873,17,267593
3958,0.001379,172.31.36.0-255,66,55939,17,267593
3959,0.001502,74.125.24.0-255,646,56585,17,267593
3960,0.001968,74.125.24.0-255,1484,58069,17,267593
3961,0.00197,172.31.36.0-255,66,58135,17,267593
3962,0.001986,74.125.24.0-255,2902,61037,17,267593
3963,0.001988,172.31.36.0-255,66,61103,17,267593
3964,0.002012,74.125.24.0-255,1484,62587,17,267593
3965,0.002034,74.125.24.0-255,4320,66907,17,267593
3966,0.002036,172.31.36.0-255,66,66973,17,267593
3967,0.002045,172.31.36.0-255,66,67039,17,267593
3968,0.004009,74.125.24.0-255,4320,71359,17,267593
3969,0.004014,172.31.36.0-255,66,71425,17,267593
3970,0.004031,74.125.24.0-255,1484,72909,17,267593
3971,0.005983,74.125.24.0-255,4320,77229,17,267593
3972,0.005985,172.31.36.0-255,66,77295,17,267593
3973,0.007957,74.125.24.0-255,5738,83033,17,267593
3974,0.007963,172.31.36.0-255,66,83099,17,267593
3975,0.009915,74.125.24.0-255,5738,88837,17,267593
3976,0.009923,172.31.36.0-255,66,88903,17,267593
3977,0.01188,74.125.24.0-255,5738,94641,17,267593
3978,0.011886,172.31.36.0-255,66,94707,17,267593
3979,0.013876,74.125.24.0-255,5738,100445,17,267593
3980,0.013886,172.31.36.0-255,66,100511,17,267593
3981,0.01584,74.125.24.0-255,5738,106249,17,267593
3982,0.015848,172.31.36.0-255,66,106315,17,267593
3983,0.017816,74.125.24.0-255,5738,112053,17,267593
3984,0.017823,172.31.36.0-255,66,112119,17,267593
3985,0.019804,74.125.24.0-255,5738,117857,17,267593
3986,0.01981,172.31.36.0-255,66,117923,17,267593
3987,0.021791,74.125.24.0-255,5738,123661,17,267593
3988,0.021797,172.31.36.0-255,66,123727,17,267593
3989,0.023765,74.125.24.0-255,5738,129465,17,267593
3990,0.023771,172.31.36.0-255,66,129531,17,267593
3991,0.023913,172.31.36.0-255,172,129703,17,267593
3992,0.023943,172.31.36.0-255,1116,130819,17,267593
3993,0.023985,172.31.36.0-255,1514,132333,17,267593
3994,0.023987,172.31.36.0-255,1272,133605,17,267593
3995,0.02545,104.244.42.0-255,66,133671,17,267593
3996,0.025516,104.244.42.0-255,66,133737,17,267593
3997,0.025518,104.244.42.0-255,66,133803,17,267593
3998,0.025732,74.125.24.0-255,2902,136705,17,267593
3999,0.025735,172.31.36.0-255,66,136771,17,267593
4000,0.02577,74.125.24.0-255,2902,139673,17,267593
4001,0.025774,172.31.36.0-255,66,139739,17,267593
4002,0.027689,74.125.24.0-255,2902,142641,17,267593
4003,0.027695,172.31.36.0-255,66,142707,17,267593
4004,0.027753,74.125.24.0-255,2902,145609,17,267593
4005,0.027757,172.31.36.0-255,66,145675,17,267593
4006,0.029684,74.125.24.0-255,2902,148577,17,267593
4007,0.02969,172.31.36.0-255,66,148643,17,267593
4008,0.029741,74.125.24.0-255,2902,151545,17,267593
4009,0.029745,172.31.36.0-255,66,151611,17,267593
4010,0.031673,74.125.24.0-255,2902,154513,17,267593
4011,0.031679,172.31.36.0-255,66,154579,17,267593
4012,0.031733,74.125.24.0-255,2902,157481,17,267593
4013,0.031737,172.31.36.0-255,66,157547,17,267593
4014,0.03365,74.125.24.0-255,2902,160449,17,267593
4015,0.033655,172.31.36.0-255,66,160515,17,267593
4016,0.033701,74.125.24.0-255,2902,163417,17,267593
4017,0.033704,172.31.36.0-255,66,163483,17,267593
4018,0.035613,74.125.24.0-255,2902,166385,17,267593
4019,0.035618,172.31.36.0-255,66,166451,17,267593
4020,0.035772,74.125.24.0-255,2902,169353,17,267593
4021,0.035778,172.31.36.0-255,66,169419,17,267593
4022,0.037563,74.125.24.0-255,2902,172321,17,267593
4023,0.037568,172.31.36.0-255,66,172387,17,267593
4024,0.037781,74.125.24.0-255,2902,175289,17,267593
4025,0.037786,172.31.36.0-255,66,175355,17,267593
4026,0.039515,74.125.24.0-255,2902,178257,17,267593
4027,0.039521,172.31.36.0-255,66,178323,17,267593
4028,0.039765,74.125.24.0-255,2902,181225,17,267593
4029,0.03977,172.31.36.0-255,66,181291,17,267593
4030,0.041511,74.125.24.0-255,2902,184193,17,267593
4031,0.041516,172.31.36.0-255,66,184259,17,267593
4032,0.041758,74.125.24.0-255,2902,187161,17,267593
4033,0.041764,172.31.36.0-255,66,187227,17,267593
4034,0.04348,74.125.24.0-255,2902,190129,17,267593
4035,0.043499,172.31.36.0-255,66,190195,17,267593
4036,0.043741,74.125.24.0-255,2902,193097,17,267593
4037,0.043747,172.31.36.0-255,66,193163,17,267593
4038,0.045461,74.125.24.0-255,2902,196065,17,267593
4039,0.045465,172.31.36.0-255,66,196131,17,267593
4040,0.045711,74.125.24.0-255,2902,199033,17,267593
4041,0.045717,172.31.36.0-255,66,199099,17,267593
4042,0.047424,74.125.24.0-255,2902,202001,17,267593
4043,0.047429,172.31.36.0-255,66,202067,17,267593
4044,0.047684,74.125.24.0-255,2902,204969,17,267593
4045,0.047689,172.31.36.0-255,66,205035,17,267593
4046,0.049382,74.125.24.0-255,1484,206519,17,267593
4047,0.049632,74.125.24.0-255,4320,210839,17,267593
4048,0.049638,172.31.36.0-255,66,210905,17,267593
4049,0.051629,74.125.24.0-255,4320,215225,17,267593
4050,0.051634,172.31.36.0-255,66,215291,17,267593
4051,0.051665,74.125.24.0-255,1484,216775,17,267593
4052,0.053584,74.125.24.0-255,4320,221095,17,267593
4053,0.053589,172.31.36.0-255,66,221161,17,267593
4054,0.055531,74.125.24.0-255,5738,226899,17,267593
4055,0.055536,172.31.36.0-255,66,226965,17,267593
4056,0.057638,74.125.24.0-255,5738,232703,17,267593
4057,0.057644,172.31.36.0-255,66,232769,17,267593
4058,0.05964,74.125.24.0-255,5738,238507,17,267593
4059,0.059645,172.31.36.0-255,66,238573,17,267593
4060,0.06165,74.125.24.0-255,5738,244311,17,267593
4061,0.061656,172.31.36.0-255,66,244377,17,267593
4062,0.063636,74.125.24.0-255,5738,250115,17,267593
4063,0.063644,172.31.36.0-255,66,250181,17,267593
4064,0.065603,74.125.24.0-255,5738,255919,17,267593
4065,0.065608,172.31.36.0-255,66,255985,17,267593
4066,0.067634,74.125.24.0-255,5738,261723,17,267593
4067,0.067642,172.31.36.0-255,66,261789,17,267593
4068,0.069621,74.125.24.0-255,5738,267527,17,267593
4069,0.069627,172.31.36.0-255,66,267593,17,267593
4070,0.0,74.125.24.0-255,145,145,17,291263
4071,2.6e-05,172.31.36.0-255,66,211,17,291263
4072,3.2e-05,74.125.24.0-255,1484,1695,17,291263
4073,3.7e-05,172.31.36.0-255,66,1761,17,291263
4074,5.1e-05,74.125.24.0-255,2902,4663,17,291263
4075,5.5e-05,172.31.36.0-255,66,4729,17,291263
4076,6.3e-05,74.125.24.0-255,7156,11885,17,291263
4077,6.7e-05,172.31.36.0-255,66,11951,17,291263
4078,7e-05,74.125.24.0-255,2066,14017,17,291263
4079,7.2e-05,172.31.36.0-255,66,14083,17,291263
4080,7.7e-05,74.125.24.0-255,2902,16985,17,291263
4081,7.9e-05,172.31.36.0-255,66,17051,17,291263
4082,0.000105,74.125.24.0-255,4320,21371,17,291263
4083,0.000108,172.31.36.0-255,66,21437,17,291263
4084,0.00015,74.125.24.0-255,2902,24339,17,291263
4085,0.000154,172.31.36.0-255,66,24405,17,291263
4086,0.00017,172.31.36.0-255,66,24471,17,291263
4087,0.000181,172.31.36.0-255,66,24537,17,291263
4088,0.000216,172.31.36.0-255,66,24603,17,291263
4089,0.000255,74.125.24.0-255,5738,30341,17,291263
4090,0.000259,172.31.36.0-255,66,30407,17,291263
4091,0.000285,74.125.24.0-255,3123,33530,17,291263
4092,0.000288,172.31.36.0-255,66,33596,17,291263
4093,0.00032,74.125.24.0-255,1484,35080,17,291263
4094,0.000322,172.31.36.0-255,66,35146,17,291263
4095,0.000327,74.125.24.0-255,2902,38048,17,291263
4096,0.000332,172.31.36.0-255,66,38114,17,291263
4097,0.000364,74.125.24.0-255,5738,43852,17,291263
4098,0.000369,172.31.36.0-255,66,43918,17,291263
4099,0.000387,172.31.36.0-255,66,43984,17,291263
4100,0.0004,172.31.36.0-255,66,44050,17,291263
4101,0.000403,74.125.24.0-255,1125,45175,17,291263
4102,0.000641,74.125.24.0-255,1484,46659,17,291263
4103,0.000645,172.31.36.0-255,66,46725,17,291263
4104,0.000651,74.125.24.0-255,2902,49627,17,291263
4105,0.000654,172.31.36.0-255,66,49693,17,291263
4106,0.000682,74.125.24.0-255,5738,55431,17,291263
4107,0.000686,172.31.36.0-255,66,55497,17,291263
4108,0.000691,74.125.24.0-255,2902,58399,17,291263
4109,0.000693,172.31.36.0-255,66,58465,17,291263
4110,0.000738,172.31.36.0-255,66,58531,17,291263
4111,0.00075,172.31.36.0-255,66,58597,17,291263
4112,0.00079,74.125.24.0-255,7156,65753,17,291263
4113,0.000793,172.31.36.0-255,66,65819,17,291263
4114,0.000804,172.31.36.0-255,66,65885,17,291263
4115,0.00081,74.125.24.0-255,4320,70205,17,291263
4116,0.000815,172.31.36.0-255,66,70271,17,291263
4117,0.000857,172.31.36.0-255,66,70337,17,291263
4118,0.00086,74.125.24.0-255,766,71103,17,291263
4119,0.00139,74.125.24.0-255,1484,72587,17,291263
4120,0.001395,172.31.36.0-255,66,72653,17,291263
4121,0.001399,74.125.24.0-255,1484,74137,17,291263
4122,0.001421,74.125.24.0-255,1484,75621,17,291263
4123,0.001424,172.31.36.0-255,66,75687,17,291263
4124,0.001431,74.125.24.0-255,5738,81425,17,291263
4125,0.001433,172.31.36.0-255,66,81491,17,291263
4126,0.001437,74.125.24.0-255,2902,84393,17,291263
4127,0.001439,172.31.36.0-255,66,84459,17,291263
4128,0.001466,74.125.24.0-255,5738,90197,17,291263
4129,0.00147,172.31.36.0-255,66,90263,17,291263
4130,0.001501,74.125.24.0-255,4320,94583,17,291263
4131,0.001504,172.31.36.0-255,66,94649,17,291263
4132,0.001521,172.31.36.0-255,66,94715,17,291263
4133,0.001836,74.125.24.0-255,1484,96199,17,291263
4134,0.001894,74.125.24.0-255,2902,99101,17,291263
4135,0.001898,172.31.36.0-255,66,99167,17,291263
4136,0.001905,74.125.24.0-255,5738,104905,17,291263
4137,0.001908,172.31.36.0-255,66,104971,17,291263
4138,0.001932,172.31.36.0-255,66,105037,17,291263
4139,0.001938,74.125.24.0-255,7156,112193,17,291263
4140,0.001961,74.125.24.0-255,3602,115795,17,291263
4141,0.001961,172.31.36.0-255,66,115861,17,291263
4142,0.001964,172.31.36.0-255,66,115927,17,291263
4143,0.004284,74.125.24.0-255,1484,117411,17,291263
4144,0.004301,74.125.24.0-255,4320,121731,17,291263
4145,0.004306,172.31.36.0-255,66,121797,17,291263
4146,0.00666,74.125.24.0-255,5738,127535,17,291263
4147,0.006669,172.31.36.0-255,66,127601,17,291263
4148,0.008989,74.125.24.0-255,5738,133339,17,291263
4149,0.008996,172.31.36.0-255,66,133405,17,291263
4150,0.011341,74.125.24.0-255,5738,139143,17,291263
4151,0.011349,172.31.36.0-255,66,139209,17,291263
4152,0.013688,74.125.24.0-255,5738,144947,17,291263
4153,0.013701,172.31.36.0-255,66,145013,17,291263
4154,0.01604,74.125.24.0-255,5738,150751,17,291263
4155,0.016049,172.31.36.0-255,66,150817,17,291263
4156,0.018362,74.125.24.0-255,5738,156555,17,291263
4157,0.018371,172.31.36.0-255,66,156621,17,291263
4158,0.020778,74.125.24.0-255,5738,162359,17,291263
4159,0.020786,172.31.36.0-255,66,162425,17,291263
4160,0.023101,74.125.24.0-255,5738,168163,17,291263
4161,0.02311,172.31.36.0-255,66,168229,17,291263
4162,0.025471,74.125.24.0-255,5738,173967,17,291263
4163,0.025479,172.31.36.0-255,66,174033,17,291263
4164,0.02733,172.31.36.0-255,172,174205,17,291263
4165,0.027359,172.31.36.0-255,1118,175323,17,291263
4166,0.027398,172.31.36.0-255,1514,176837,17,291263
4167,0.027418,172.31.36.0-255,1270,178107,17,291263
4168,0.027864,74.125.24.0-255,2902,181009,17,291263
4169,0.027871,172.31.36.0-255,66,181075,17,291263
4170,0.027908,74.125.24.0-255,2902,183977,17,291263
4171,0.027912,172.31.36.0-255,66,184043,17,291263
4172,0.028907,104.244.42.0-255,66,184109,17,291263
4173,0.028914,104.244.42.0-255,66,184175,17,291263
4174,0.028948,104.244.42.0-255,66,184241,17,291263
4175,0.02957,104.244.42.0-255,108,184349,17,291263
4176,0.029593,172.31.36.0-255,66,184415,17,291263
4177,0.030195,74.125.24.0-255,2902,187317,17,291263
4178,0.0302,172.31.36.0-255,66,187383,17,291263
4179,0.030269,74.125.24.0-255,2902,190285,17,291263
4180,0.030274,172.31.36.0-255,66,190351,17,291263
4181,0.032519,74.125.24.0-255,2902,193253,17,291263
4182,0.032526,172.31.36.0-255,66,193319,17,291263
4183,0.032561,74.125.24.0-255,2902,196221,17,291263
4184,0.032564,172.31.36.0-255,66,196287,17,291263
4185,0.034811,74.125.24.0-255,2902,199189,17,291263
4186,0.034816,172.31.36.0-255,66,199255,17,291263
4187,0.034867,74.125.24.0-255,2902,202157,17,291263
4188,0.034872,172.31.36.0-255,66,202223,17,291263
4189,0.037134,74.125.24.0-255,2902,205125,17,291263
4190,0.037139,172.31.36.0-255,66,205191,17,291263
4191,0.037203,74.125.24.0-255,2902,208093,17,291263
4192,0.037208,172.31.36.0-255,66,208159,17,291263
4193,0.039466,74.125.24.0-255,2902,211061,17,291263
4194,0.039472,172.31.36.0-255,66,211127,17,291263
4195,0.039511,74.125.24.0-255,2902,214029,17,291263
4196,0.039514,172.31.36.0-255,66,214095,17,291263
4197,0.041775,74.125.24.0-255,2902,216997,17,291263
4198,0.041781,172.31.36.0-255,66,217063,17,291263
4199,0.041821,74.125.24.0-255,2902,219965,17,291263
4200,0.041824,172.31.36.0-255,66,220031,17,291263
4201,0.04409,74.125.24.0-255,2902,222933,17,291263
4202,0.044113,172.31.36.0-255,66,222999,17,291263
4203,0.044133,74.125.24.0-255,2902,225901,17,291263
4204,0.044138,172.31.36.0-255,66,225967,17,291263
4205,0.046422,74.125.24.0-255,2902,228869,17,291263
4206,0.046427,172.31.36.0-255,66,228935,17,291263
4207,0.046458,74.125.24.0-255,2902,231837,17,291263
4208,0.046462,172.31.36.0-255,66,231903,17,291263
4209,0.048732,74.125.24.0-255,2902,234805,17,291263
4210,0.048738,172.31.36.0-255,66,234871,17,291263
4211,0.048776,74.125.24.0-255,2902,237773,17,291263
4212,0.048779,172.31.36.0-255,66,237839,17,291263
4213,0.051029,74.125.24.0-255,2902,240741,17,291263
4214,0.051035,172.31.36.0-255,66,240807,17,291263
4215,0.051067,74.125.24.0-255,2902,243709,17,291263
4216,0.05107,172.31.36.0-255,66,243775,17,291263
4217,0.053393,74.125.24.0-255,2902,246677,17,291263
4218,0.053399,172.31.36.0-255,66,246743,17,291263
4219,0.053453,74.125.24.0-255,2902,249645,17,291263
4220,0.053457,172.31.36.0-255,66,249711,17,291263
4221,0.055735,74.125.24.0-255,2902,252613,17,291263
4222,0.055742,172.31.36.0-255,66,252679,17,291263
4223,0.055785,74.125.24.0-255,2902,255581,17,291263
4224,0.055789,172.31.36.0-255,66,255647,17,291263
4225,0.058089,74.125.24.0-255,2902,258549,17,291263
4226,0.058096,172.31.36.0-255,66,258615,17,291263
4227,0.058137,74.125.24.0-255,2902,261517,17,291263
4228,0.05814,172.31.36.0-255,66,261583,17,291263
4229,0.0604,74.125.24.0-255,2902,264485,17,291263
4230,0.060406,172.31.36.0-255,66,264551,17,291263
4231,0.060442,74.125.24.0-255,2902,267453,17,291263
4232,0.060445,172.31.36.0-255,66,267519,17,291263
4233,0.062734,74.125.24.0-255,2902,270421,17,291263
4234,0.062739,172.31.36.0-255,66,270487,17,291263
4235,0.062774,74.125.24.0-255,2902,273389,17,291263
4236,0.062778,172.31.36.0-255,66,273455,17,291263
4237,0.065037,74.125.24.0-255,2902,276357,17,291263
4238,0.065041,172.31.36.0-255,66,276423,17,291263
4239,0.065078,74.125.24.0-255,2902,279325,17,291263
4240,0.065081,172.31.36.0-255,66,279391,17,291263
4241,0.067361,74.125.24.0-255,2902,282293,17,291263
4242,0.067367,172.31.36.0-255,66,282359,17,291263
4243,0.067405,74.125.24.0-255,2902,285261,17,291263
4244,0.067408,172.31.36.0-255,66,285327,17,291263
4245,0.069686,74.125.24.0-255,2902,288229,17,291263
4246,0.069691,172.31.36.0-255,66,288295,17,291263
4247,0.069724,74.125.24.0-255,2902,291197,17,291263
4248,0.069727,172.31.36.0-255,66,291263,17,291263
4249,0.0,74.125.24.0-255,219,219,17,313820
4250,1.4e-05,172.31.36.0-255,66,285,17,313820
4251,2.1e-05,74.125.24.0-255,1484,1769,17,313820
4252,2.6e-05,172.31.36.0-255,66,1835,17,313820
4253,3.3e-05,74.125.24.0-255,4320,6155,17,313820
4254,3.5e-05,172.31.36.0-255,66,6221,17,313820
4255,9e-05,172.31.36.0-255,66,6287,17,313820
4256,0.000154,74.125.24.0-255,1484,7771,17,313820
4257,0.000158,172.31.36.0-255,66,7837,17,313820
4258,0.000163,74.125.24.0-255,2902,10739,17,313820
4259,0.000165,172.31.36.0-255,66,10805,17,313820
4260,0.00017,74.125.24.0-255,2902,13707,17,313820
4261,0.000172,172.31.36.0-255,66,13773,17,313820
4262,0.000187,74.125.24.0-255,2902,16675,17,313820
4263,0.00019,172.31.36.0-255,66,16741,17,313820
4264,0.000225,74.125.24.0-255,4320,21061,17,313820
4265,0.000229,172.31.36.0-255,66,21127,17,313820
4266,0.000247,74.125.24.0-255,2543,23670,17,313820
4267,0.000249,172.31.36.0-255,66,23736,17,313820
4268,0.000372,74.125.24.0-255,1484,25220,17,313820
4269,0.000376,172.31.36.0-255,66,25286,17,313820
4270,0.000381,74.125.24.0-255,2902,28188,17,313820
4271,0.000384,172.31.36.0-255,66,28254,17,313820
4272,0.000387,74.125.24.0-255,1484,29738,17,313820
4273,0.000389,172.31.36.0-255,66,29804,17,313820
4274,0.000409,74.125.24.0-255,4320,34124,17,313820
4275,0.000412,172.31.36.0-255,66,34190,17,313820
4276,0.000471,172.31.36.0-255,66,34256,17,313820
4277,0.000481,172.31.36.0-255,66,34322,17,313820
4278,0.000484,74.125.24.0-255,1125,35447,17,313820
4279,0.000504,74.125.24.0-255,400,35847,17,313820
4280,0.000558,74.125.24.0-255,376,36223,17,313820
4281,0.000562,172.31.36.0-255,66,36289,17,313820
4282,0.000914,74.125.24.0-255,1484,37773,17,313820
4283,0.000919,74.125.24.0-255,2902,40675,17,313820
4284,0.000924,74.125.24.0-255,4320,44995,17,313820
4285,0.00093,172.31.36.0-255,66,45061,17,313820
4286,0.000934,172.31.36.0-255,66,45127,17,313820
4287,0.000943,74.125.24.0-255,1484,46611,17,313820
4288,0.000948,74.125.24.0-255,2902,49513,17,313820
4289,0.00095,172.31.36.0-255,66,49579,17,313820
4290,0.000963,172.31.36.0-255,66,49645,17,313820
4291,0.000998,172.31.36.0-255,66,49711,17,313820
4292,0.001183,74.125.24.0-255,1484,51195,17,313820
4293,0.001187,74.125.24.0-255,1484,52679,17,313820
4294,0.001191,172.31.36.0-255,66,52745,17,313820
4295,0.001207,74.125.24.0-255,1484,54229,17,313820
4296,0.001214,74.125.24.0-255,5738,59967,17,313820
4297,0.001217,172.31.36.0-255,66,60033,17,313820
4298,0.00124,74.125.24.0-255,2902,62935,17,313820
4299,0.001243,172.31.36.0-255,66,63001,17,313820
4300,0.001268,74.125.24.0-255,7156,70157,17,313820
4301,0.001271,172.31.36.0-255,66,70223,17,313820
4302,0.001283,172.31.36.0-255,66,70289,17,313820
4303,0.001297,74.125.24.0-255,2902,73191,17,313820
4304,0.0013,172.31.36.0-255,66,73257,17,313820
4305,0.001304,74.125.24.0-255,2184,75441,17,313820
4306,0.001307,172.31.36.0-255,66,75507,17,313820
4307,0.001601,74.125.24.0-255,1484,76991,17,313820
4308,0.001608,74.125.24.0-255,2902,79893,17,313820
4309,0.001612,172.31.36.0-255,66,79959,17,313820
4310,0.001618,74.125.24.0-255,4320,84279,17,313820
4311,0.00162,172.31.36.0-255,66,84345,17,313820
4312,0.001641,74.125.24.0-255,1484,85829,17,313820
4313,0.001647,74.125.24.0-255,5738,91567,17,313820
4314,0.00165,172.31.36.0-255,66,91633,17,313820
4315,0.001675,74.125.24.0-255,5738,97371,17,313820
4316,0.001678,172.31.36.0-255,66,97437,17,313820
4317,0.001689,172.31.36.0-255,66,97503,17,313820
4318,0.00171,74.125.24.0-255,2184,99687,17,313820
4319,0.001713,172.31.36.0-255,66,99753,17,313820
4320,0.001793,74.125.24.0-255,1484,101237,17,313820
4321,0.001798,74.125.24.0-255,2902,104139,17,313820
4322,0.001801,172.31.36.0-255,66,104205,17,313820
4323,0.001818,74.125.24.0-255,4320,108525,17,313820
4324,0.00182,172.31.36.0-255,66,108591,17,313820
4325,0.00184,74.125.24.0-255,1484,110075,17,313820
4326,0.001854,172.31.36.0-255,66,110141,17,313820
4327,0.001861,74.125.24.0-255,7156,117297,17,313820
4328,0.001863,172.31.36.0-255,66,117363,17,313820
4329,0.001896,74.125.24.0-255,3602,120965,17,313820
4330,0.001899,172.31.36.0-255,66,121031,17,313820
4331,0.002034,74.125.24.0-255,1484,122515,17,313820
4332,0.002053,74.125.24.0-255,2902,125417,17,313820
4333,0.002057,172.31.36.0-255,66,125483,17,313820
4334,0.002063,74.125.24.0-255,4320,129803,17,313820
4335,0.002065,172.31.36.0-255,66,129869,17,313820
4336,0.002078,74.125.24.0-255,1484,131353,17,313820
4337,0.002095,74.125.24.0-255,2902,134255,17,313820
4338,0.002097,172.31.36.0-255,66,134321,17,313820
4339,0.00212,172.31.36.0-255,66,134387,17,313820
4340,0.002127,74.125.24.0-255,7156,141543,17,313820
4341,0.00213,172.31.36.0-255,66,141609,17,313820
4342,0.00218,74.125.24.0-255,3602,145211,17,313820
4343,0.002183,172.31.36.0-255,66,145277,17,313820
4344,0.004452,74.125.24.0-255,1484,146761,17,313820
4345,0.004493,74.125.24.0-255,4320,151081,17,313820
4346,0.004499,172.31.36.0-255,66,151147,17,313820
4347,0.006847,74.125.24.0-255,5738,156885,17,313820
4348,0.006855,172.31.36.0-255,66,156951,17,313820
4349,0.009171,74.125.24.0-255,4320,161271,17,313820
4350,0.009175,172.31.36.0-255,66,161337,17,313820
4351,0.009189,74.125.24.0-255,1484,162821,17,313820
4352,0.011557,74.125.24.0-255,4320,167141,17,313820
4353,0.011564,172.31.36.0-255,66,167207,17,313820
4354,0.013919,74.125.24.0-255,5738,172945,17,313820
4355,0.013929,172.31.36.0-255,66,173011,17,313820
4356,0.016291,74.125.24.0-255,5738,178749,17,313820
4357,0.016299,172.31.36.0-255,66,178815,17,313820
4358,0.01867,74.125.24.0-255,5738,184553,17,313820
4359,0.018678,172.31.36.0-255,66,184619,17,313820
4360,0.020999,74.125.24.0-255,5738,190357,17,313820
4361,0.021008,172.31.36.0-255,66,190423,17,313820
4362,0.023371,74.125.24.0-255,5738,196161,17,313820
4363,0.02338,172.31.36.0-255,66,196227,17,313820
4364,0.025745,74.125.24.0-255,5738,201965,17,313820
4365,0.025754,172.31.36.0-255,66,202031,17,313820
4366,0.028089,74.125.24.0-255,5738,207769,17,313820
4367,0.028096,172.31.36.0-255,66,207835,17,313820
4368,0.030458,74.125.24.0-255,5738,213573,17,313820
4369,0.030465,172.31.36.0-255,66,213639,17,313820
4370,0.032805,74.125.24.0-255,5738,219377,17,313820
4371,0.032811,172.31.36.0-255,66,219443,17,313820
4372,0.033664,172.31.36.0-255,171,219614,17,313820
4373,0.033698,172.31.36.0-255,1140,220754,17,313820
4374,0.03376,172.31.36.0-255,1514,222268,17,313820
4375,0.033762,172.31.36.0-255,1514,223782,17,313820
4376,0.033767,172.31.36.0-255,1514,225296,17,313820
4377,0.033768,172.31.36.0-255,1026,226322,17,313820
4378,0.035162,74.125.24.0-255,5738,232060,17,313820
4379,0.035169,172.31.36.0-255,66,232126,17,313820
4380,0.035199,104.244.42.0-255,66,232192,17,313820
4381,0.035253,104.244.42.0-255,66,232258,17,313820
4382,0.035342,104.244.42.0-255,66,232324,17,313820
4383,0.035348,104.244.42.0-255,66,232390,17,313820
4384,0.036157,104.244.42.0-255,108,232498,17,313820
4385,0.036164,172.31.36.0-255,66,232564,17,313820
4386,0.037547,74.125.24.0-255,5738,238302,17,313820
4387,0.037551,172.31.36.0-255,66,238368,17,313820
4388,0.03993,74.125.24.0-255,5738,244106,17,313820
4389,0.039936,172.31.36.0-255,66,244172,17,313820
4390,0.042373,74.125.24.0-255,5738,249910,17,313820
4391,0.04238,172.31.36.0-255,66,249976,17,313820
4392,0.044726,74.125.24.0-255,5738,255714,17,313820
4393,0.044733,172.31.36.0-255,66,255780,17,313820
4394,0.047078,74.125.24.0-255,5738,261518,17,313820
4395,0.047086,172.31.36.0-255,66,261584,17,313820
4396,0.049458,74.125.24.0-255,5738,267322,17,313820
4397,0.049464,172.31.36.0-255,66,267388,17,313820
4398,0.051801,74.125.24.0-255,5738,273126,17,313820
4399,0.051808,172.31.36.0-255,66,273192,17,313820
4400,0.054133,74.125.24.0-255,5738,278930,17,313820
4401,0.05414,172.31.36.0-255,66,278996,17,313820
4402,0.056476,74.125.24.0-255,5738,284734,17,313820
4403,0.056482,172.31.36.0-255,66,284800,17,313820
4404,0.058814,74.125.24.0-255,5738,290538,17,313820
4405,0.058819,172.31.36.0-255,66,290604,17,313820
4406,0.061191,74.125.24.0-255,5738,296342,17,313820
4407,0.061196,172.31.36.0-255,66,296408,17,313820
4408,0.063558,74.125.24.0-255,5738,302146,17,313820
4409,0.063564,172.31.36.0-255,66,302212,17,313820
4410,0.065914,74.125.24.0-255,5738,307950,17,313820
4411,0.065921,172.31.36.0-255,66,308016,17,313820
4412,0.068278,74.125.24.0-255,5738,313754,17,313820
4413,0.068283,172.31.36.0-255,66,313820,17,313820
4414,0.0,172.217.160.0-255,143,143,17,248874
4415,2.4e-05,172.31.36.0-255,66,209,17,248874
4416,3.1e-05,172.217.160.0-255,1484,1693,17,248874
4417,3.5e-05,172.31.36.0-255,66,1759,17,248874
4418,4.1e-05,172.217.160.0-255,2902,4661,17,248874
4419,4.4e-05,172.31.36.0-255,66,4727,17,248874
4420,5.2e-05,172.217.160.0-255,7156,11883,17,248874
4421,5.5e-05,172.31.36.0-255,66,11949,17,248874
4422,0.000104,172.217.160.0-255,1969,13918,17,248874
4423,0.000106,172.31.36.0-255,66,13984,17,248874
4424,0.001033,172.217.160.0-255,1484,15468,17,248874
4425,0.00104,172.31.36.0-255,66,15534,17,248874
4426,0.00105,172.217.160.0-255,2902,18436,17,248874
4427,0.001053,172.31.36.0-255,66,18502,17,248874
4428,0.00106,172.217.160.0-255,5738,24240,17,248874
4429,0.001062,172.31.36.0-255,66,24306,17,248874
4430,0.001094,172.217.160.0-255,1484,25790,17,248874
4431,0.001097,172.31.36.0-255,66,25856,17,248874
4432,0.001121,172.217.160.0-255,5379,31235,17,248874
4433,0.001125,172.31.36.0-255,66,31301,17,248874
4434,0.001164,172.217.160.0-255,2902,34203,17,248874
4435,0.001167,172.31.36.0-255,66,34269,17,248874
4436,0.001185,172.217.160.0-255,4320,38589,17,248874
4437,0.001187,172.31.36.0-255,66,38655,17,248874
4438,0.001222,172.217.160.0-255,2902,41557,17,248874
4439,0.001225,172.31.36.0-255,66,41623,17,248874
4440,0.001246,172.217.160.0-255,5738,47361,17,248874
4441,0.00125,172.31.36.0-255,66,47427,17,248874
4442,0.001285,172.217.160.0-255,1125,48552,17,248874
4443,0.001288,172.31.36.0-255,66,48618,17,248874
4444,0.003216,172.217.160.0-255,4320,52938,17,248874
4445,0.003225,172.31.36.0-255,66,53004,17,248874
4446,0.003247,172.217.160.0-255,1484,54488,17,248874
4447,0.005206,172.217.160.0-255,4320,58808,17,248874
4448,0.005213,172.31.36.0-255,66,58874,17,248874
4449,0.007193,172.217.160.0-255,5738,64612,17,248874
4450,0.007201,172.31.36.0-255,66,64678,17,248874
4451,0.009175,172.217.160.0-255,5738,70416,17,248874
4452,0.009182,172.31.36.0-255,66,70482,17,248874
4453,0.011166,172.217.160.0-255,5738,76220,17,248874
4454,0.011173,172.31.36.0-255,66,76286,17,248874
4455,0.013155,172.217.160.0-255,5738,82024,17,248874
4456,0.013162,172.31.36.0-255,66,82090,17,248874
4457,0.015148,172.217.160.0-255,5738,87828,17,248874
4458,0.01516,172.31.36.0-255,66,87894,17,248874
4459,0.017165,172.217.160.0-255,5738,93632,17,248874
4460,0.017175,172.31.36.0-255,66,93698,17,248874
4461,0.019151,172.217.160.0-255,5738,99436,17,248874
4462,0.019158,172.31.36.0-255,66,99502,17,248874
4463,0.021148,172.217.160.0-255,5738,105240,17,248874
4464,0.021155,172.31.36.0-255,66,105306,17,248874
4465,0.02315,172.217.160.0-255,5738,111044,17,248874
4466,0.023164,172.31.36.0-255,66,111110,17,248874
4467,0.025144,172.217.160.0-255,5738,116848,17,248874
4468,0.025153,172.31.36.0-255,66,116914,17,248874
4469,0.026756,172.31.36.0-255,172,117086,17,248874
4470,0.026785,172.31.36.0-255,1117,118203,17,248874
4471,0.026847,172.31.36.0-255,1514,119717,17,248874
4472,0.026849,172.31.36.0-255,1271,120988,17,248874
4473,0.027126,172.217.160.0-255,5738,126726,17,248874
4474,0.027133,172.31.36.0-255,66,126792,17,248874
4475,0.028318,104.244.42.0-255,66,126858,17,248874
4476,0.028348,104.244.42.0-255,66,126924,17,248874
4477,0.028398,104.244.42.0-255,66,126990,17,248874
4478,0.029106,172.217.160.0-255,5738,132728,17,248874
4479,0.029113,172.31.36.0-255,66,132794,17,248874
4480,0.031086,172.217.160.0-255,5738,138532,17,248874
4481,0.031093,172.31.36.0-255,66,138598,17,248874
4482,0.033067,172.217.160.0-255,5738,144336,17,248874
4483,0.033073,172.31.36.0-255,66,144402,17,248874
4484,0.035052,172.217.160.0-255,5738,150140,17,248874
4485,0.03506,172.31.36.0-255,66,150206,17,248874
4486,0.037038,172.217.160.0-255,5738,155944,17,248874
4487,0.037046,172.31.36.0-255,66,156010,17,248874
4488,0.039031,172.217.160.0-255,5738,161748,17,248874
4489,0.039041,172.31.36.0-255,66,161814,17,248874
4490,0.04104,172.217.160.0-255,5738,167552,17,248874
4491,0.04105,172.31.36.0-255,66,167618,17,248874
4492,0.043043,172.217.160.0-255,5738,173356,17,248874
4493,0.04305,172.31.36.0-255,66,173422,17,248874
4494,0.045024,172.217.160.0-255,5738,179160,17,248874
4495,0.04503,172.31.36.0-255,66,179226,17,248874
4496,0.047004,172.217.160.0-255,5738,184964,17,248874
4497,0.047011,172.31.36.0-255,66,185030,17,248874
4498,0.048995,172.217.160.0-255,5738,190768,17,248874
4499,0.049002,172.31.36.0-255,66,190834,17,248874
4500,0.051019,172.217.160.0-255,5738,196572,17,248874
4501,0.051027,172.31.36.0-255,66,196638,17,248874
4502,0.053006,172.217.160.0-255,5738,202376,17,248874
4503,0.053013,172.31.36.0-255,66,202442,17,248874
4504,0.055,172.217.160.0-255,5738,208180,17,248874
4505,0.05501,172.31.36.0-255,66,208246,17,248874
4506,0.056999,172.217.160.0-255,5738,213984,17,248874
4507,0.057005,172.31.36.0-255,66,214050,17,248874
4508,0.058995,172.217.160.0-255,5738,219788,17,248874
4509,0.059002,172.31.36.0-255,66,219854,17,248874
4510,0.060994,172.217.160.0-255,5738,225592,17,248874
4511,0.061001,172.31.36.0-255,66,225658,17,248874
4512,0.062994,172.217.160.0-255,5738,231396,17,248874
4513,0.063001,172.31.36.0-255,66,231462,17,248874
4514,0.064975,172.217.160.0-255,5738,237200,17,248874
4515,0.064983,172.31.36.0-255,66,237266,17,248874
4516,0.066962,172.217.160.0-255,5738,243004,17,248874
4517,0.066968,172.31.36.0-255,66,243070,17,248874
4518,0.068945,172.217.160.0-255,5738,248808,17,248874
4519,0.068951,172.31.36.0-255,66,248874,17,248874
4520,0.0,172.31.36.0-255,162,162,17,228
4521,0.007133,74.125.24.0-255,66,228,17,228
4522,0.0,74.125.200.0-255,152,152,17,274693
4523,2.3e-05,172.31.36.0-255,66,218,17,274693
4524,3.6e-05,74.125.200.0-255,1484,1702,17,274693
4525,4.1e-05,172.31.36.0-255,66,1768,17,274693
4526,4.6e-05,74.125.200.0-255,2902,4670,17,274693
4527,4.8e-05,172.31.36.0-255,66,4736,17,274693
4528,6.3e-05,74.125.200.0-255,1484,6220,17,274693
4529,6.6e-05,172.31.36.0-255,66,6286,17,274693
4530,8.4e-05,74.125.200.0-255,4320,10606,17,274693
4531,8.7e-05,172.31.36.0-255,66,10672,17,274693
4532,9.1e-05,74.125.200.0-255,3501,14173,17,274693
4533,9.4e-05,172.31.36.0-255,66,14239,17,274693
4534,0.000194,74.125.200.0-255,1484,15723,17,274693
4535,0.000198,172.31.36.0-255,66,15789,17,274693
4536,0.000203,74.125.200.0-255,2902,18691,17,274693
4537,0.000206,172.31.36.0-255,66,18757,17,274693
4538,0.000218,74.125.200.0-255,2902,21659,17,274693
4539,0.000222,172.31.36.0-255,66,21725,17,274693
4540,0.00024,74.125.200.0-255,2902,24627,17,274693
4541,0.000244,172.31.36.0-255,66,24693,17,274693
4542,0.000263,74.125.200.0-255,6797,31490,17,274693
4543,0.000266,172.31.36.0-255,66,31556,17,274693
4544,0.000282,74.125.200.0-255,1484,33040,17,274693
4545,0.000284,172.31.36.0-255,66,33106,17,274693
4546,0.000303,74.125.200.0-255,5738,38844,17,274693
4547,0.000306,172.31.36.0-255,66,38910,17,274693
4548,0.000311,74.125.200.0-255,4320,43230,17,274693
4549,0.000314,172.31.36.0-255,66,43296,17,274693
4550,0.00032,74.125.200.0-255,5379,48675,17,274693
4551,0.000325,172.31.36.0-255,66,48741,17,274693
4552,0.000405,74.125.200.0-255,1484,50225,17,274693
4553,0.000409,172.31.36.0-255,66,50291,17,274693
4554,0.000429,74.125.200.0-255,2902,53193,17,274693
4555,0.000432,172.31.36.0-255,66,53259,17,274693
4556,0.000457,74.125.200.0-255,5738,58997,17,274693
4557,0.000461,172.31.36.0-255,66,59063,17,274693
4558,0.000468,74.125.200.0-255,6797,65860,17,274693
4559,0.000471,172.31.36.0-255,66,65926,17,274693
4560,0.000488,74.125.200.0-255,361,66287,17,274693
4561,0.000772,172.31.36.0-255,66,66353,17,274693
4562,0.001262,74.125.200.0-255,381,66734,17,274693
4563,0.001348,74.125.200.0-255,1484,68218,17,274693
4564,0.001353,172.31.36.0-255,66,68284,17,274693
4565,0.001359,74.125.200.0-255,1484,69768,17,274693
4566,0.001363,74.125.200.0-255,2902,72670,17,274693
4567,0.001365,172.31.36.0-255,66,72736,17,274693
4568,0.001395,74.125.200.0-255,5738,78474,17,274693
4569,0.001397,172.31.36.0-255,66,78540,17,274693
4570,0.001418,74.125.200.0-255,4831,83371,17,274693
4571,0.00142,172.31.36.0-255,66,83437,17,274693
4572,0.001637,74.125.200.0-255,1484,84921,17,274693
4573,0.001654,74.125.200.0-255,1484,86405,17,274693
4574,0.001656,172.31.36.0-255,66,86471,17,274693
4575,0.001674,74.125.200.0-255,1484,87955,17,274693
4576,0.001679,74.125.200.0-255,4320,92275,17,274693
4577,0.001681,172.31.36.0-255,66,92341,17,274693
4578,0.001684,74.125.200.0-255,1484,93825,17,274693
4579,0.001705,74.125.200.0-255,7156,100981,17,274693
4580,0.001707,172.31.36.0-255,66,101047,17,274693
4581,0.001714,74.125.200.0-255,5738,106785,17,274693
4582,0.001716,172.31.36.0-255,66,106851,17,274693
4583,0.001731,74.125.200.0-255,2902,109753,17,274693
4584,0.001733,172.31.36.0-255,66,109819,17,274693
4585,0.001747,74.125.200.0-255,4320,114139,17,274693
4586,0.001749,172.31.36.0-255,66,114205,17,274693
4587,0.001752,74.125.200.0-255,1484,115689,17,274693
4588,0.001771,74.125.200.0-255,2184,117873,17,274693
4589,0.001773,172.31.36.0-255,66,117939,17,274693
4590,0.004284,74.125.200.0-255,1484,119423,17,274693
4591,0.004302,74.125.200.0-255,4320,123743,17,274693
4592,0.004305,172.31.36.0-255,66,123809,17,274693
4593,0.006842,74.125.200.0-255,5738,129547,17,274693
4594,0.006849,172.31.36.0-255,66,129613,17,274693
4595,0.009397,74.125.200.0-255,5738,135351,17,274693
4596,0.009405,172.31.36.0-255,66,135417,17,274693
4597,0.011951,74.125.200.0-255,5738,141155,17,274693
4598,0.011959,172.31.36.0-255,66,141221,17,274693
4599,0.014513,74.125.200.0-255,5738,146959,17,274693
4600,0.014523,172.31.36.0-255,66,147025,17,274693
4601,0.017069,74.125.200.0-255,5738,152763,17,274693
4602,0.01708,172.31.36.0-255,66,152829,17,274693
4603,0.019628,74.125.200.0-255,5738,158567,17,274693
4604,0.019636,172.31.36.0-255,66,158633,17,274693
4605,0.022182,74.125.200.0-255,5738,164371,17,274693
4606,0.022191,172.31.36.0-255,66,164437,17,274693
4607,0.024774,74.125.200.0-255,5738,170175,17,274693
4608,0.024783,172.31.36.0-255,66,170241,17,274693
4609,0.027343,74.125.200.0-255,5738,175979,17,274693
4610,0.02735,172.31.36.0-255,66,176045,17,274693
4611,0.027797,172.31.36.0-255,164,176209,17,274693
4612,0.027827,172.31.36.0-255,1127,177336,17,274693
4613,0.027871,172.31.36.0-255,1514,178850,17,274693
4614,0.027873,172.31.36.0-255,1514,180364,17,274693
4615,0.027878,172.31.36.0-255,1514,181878,17,274693
4616,0.027879,172.31.36.0-255,1039,182917,17,274693
4617,0.029325,104.244.42.0-255,66,182983,17,274693
4618,0.029368,104.244.42.0-255,66,183049,17,274693
4619,0.02945,104.244.42.0-255,66,183115,17,274693
4620,0.029456,104.244.42.0-255,66,183181,17,274693
4621,0.029894,74.125.200.0-255,5738,188919,17,274693
4622,0.029901,172.31.36.0-255,66,188985,17,274693
4623,0.032449,74.125.200.0-255,5738,194723,17,274693
4624,0.032456,172.31.36.0-255,66,194789,17,274693
4625,0.035005,74.125.200.0-255,5738,200527,17,274693
4626,0.035012,172.31.36.0-255,66,200593,17,274693
4627,0.037572,74.125.200.0-255,5738,206331,17,274693
4628,0.037586,172.31.36.0-255,66,206397,17,274693
4629,0.040129,74.125.200.0-255,5738,212135,17,274693
4630,0.040136,172.31.36.0-255,66,212201,17,274693
4631,0.042677,74.125.200.0-255,5738,217939,17,274693
4632,0.042683,172.31.36.0-255,66,218005,17,274693
4633,0.045224,74.125.200.0-255,5738,223743,17,274693
4634,0.045229,172.31.36.0-255,66,223809,17,274693
4635,0.04778,74.125.200.0-255,5738,229547,17,274693
4636,0.047784,172.31.36.0-255,66,229613,17,274693
4637,0.050349,74.125.200.0-255,5738,235351,17,274693
4638,0.050358,172.31.36.0-255,66,235417,17,274693
4639,0.052905,74.125.200.0-255,5738,241155,17,274693
4640,0.052911,172.31.36.0-255,66,241221,17,274693
4641,0.055455,74.125.200.0-255,5738,246959,17,274693
4642,0.055466,172.31.36.0-255,66,247025,17,274693
4643,0.058011,74.125.200.0-255,4320,251345,17,274693
4644,0.058033,172.31.36.0-255,66,251411,17,274693
4645,0.058052,74.125.200.0-255,1484,252895,17,274693
4646,0.060577,74.125.200.0-255,4320,257215,17,274693
4647,0.060583,172.31.36.0-255,66,257281,17,274693
4648,0.063124,74.125.200.0-255,5738,263019,17,274693
4649,0.063129,172.31.36.0-255,66,263085,17,274693
4650,0.065684,74.125.200.0-255,5738,268823,17,274693
4651,0.065691,172.31.36.0-255,66,268889,17,274693
4652,0.068236,74.125.200.0-255,5738,274627,17,274693
4653,0.068242,172.31.36.0-255,66,274693,17,274693
4654,0.0,172.217.194.0-255,225,225,17,184682
4655,2.5e-05,172.31.36.0-255,66,291,17,184682
4656,3.2e-05,172.217.194.0-255,1484,1775,17,184682
4657,3.7e-05,172.31.36.0-255,66,1841,17,184682
4658,4.6e-05,172.217.194.0-255,4320,6161,17,184682
4659,4.9e-05,172.31.36.0-255,66,6227,17,184682
4660,0.000215,172.217.194.0-255,2902,9129,17,184682
4661,0.00022,172.31.36.0-255,66,9195,17,184682
4662,0.000336,172.217.194.0-255,4784,13979,17,184682
4663,0.000342,172.31.36.0-255,66,14045,17,184682
4664,0.00056,172.217.194.0-255,5738,19783,17,184682
4665,0.000566,172.31.36.0-255,66,19849,17,184682
4666,0.000584,172.217.194.0-255,4320,24169,17,184682
4667,0.000587,172.31.36.0-255,66,24235,17,184682
4668,0.000939,172.31.36.0-255,66,24301,17,184682
4669,0.002689,172.217.194.0-255,2902,27203,17,184682
4670,0.002696,172.31.36.0-255,66,27269,17,184682
4671,0.003591,172.217.194.0-255,2902,30171,17,184682
4672,0.003594,172.31.36.0-255,66,30237,17,184682
4673,0.005329,172.217.194.0-255,2902,33139,17,184682
4674,0.005333,172.31.36.0-255,66,33205,17,184682
4675,0.006243,172.217.194.0-255,2902,36107,17,184682
4676,0.006246,172.31.36.0-255,66,36173,17,184682
4677,0.007995,172.217.194.0-255,2902,39075,17,184682
4678,0.008002,172.31.36.0-255,66,39141,17,184682
4679,0.008881,172.217.194.0-255,2902,42043,17,184682
4680,0.008888,172.31.36.0-255,66,42109,17,184682
4681,0.010627,172.217.194.0-255,2902,45011,17,184682
4682,0.010635,172.31.36.0-255,66,45077,17,184682
4683,0.011522,172.217.194.0-255,2902,47979,17,184682
4684,0.011529,172.31.36.0-255,66,48045,17,184682
4685,0.01328,172.217.194.0-255,2902,50947,17,184682
4686,0.013288,172.31.36.0-255,66,51013,17,184682
4687,0.014183,172.217.194.0-255,2902,53915,17,184682
4688,0.014191,172.31.36.0-255,66,53981,17,184682
4689,0.015941,172.217.194.0-255,2902,56883,17,184682
4690,0.01595,172.31.36.0-255,66,56949,17,184682
4691,0.016818,172.217.194.0-255,2902,59851,17,184682
4692,0.016825,172.31.36.0-255,66,59917,17,184682
4693,0.018592,172.217.194.0-255,2902,62819,17,184682
4694,0.0186,172.31.36.0-255,66,62885,17,184682
4695,0.01947,172.217.194.0-255,2902,65787,17,184682
4696,0.019478,172.31.36.0-255,66,65853,17,184682
4697,0.021257,172.217.194.0-255,2902,68755,17,184682
4698,0.021264,172.31.36.0-255,66,68821,17,184682
4699,0.022103,172.217.194.0-255,2902,71723,17,184682
4700,0.022109,172.31.36.0-255,66,71789,17,184682
4701,0.023891,172.217.194.0-255,2902,74691,17,184682
4702,0.023902,172.31.36.0-255,66,74757,17,184682
4703,0.02476,172.217.194.0-255,2902,77659,17,184682
4704,0.024768,172.31.36.0-255,66,77725,17,184682
4705,0.026542,172.217.194.0-255,2902,80627,17,184682
4706,0.026552,172.31.36.0-255,66,80693,17,184682
4707,0.027411,172.217.194.0-255,2902,83595,17,184682
4708,0.027419,172.31.36.0-255,66,83661,17,184682
4709,0.029222,172.217.194.0-255,2902,86563,17,184682
4710,0.029229,172.31.36.0-255,66,86629,17,184682
4711,0.030056,172.217.194.0-255,2902,89531,17,184682
4712,0.030064,172.31.36.0-255,66,89597,17,184682
4713,0.031851,172.217.194.0-255,2902,92499,17,184682
4714,0.031859,172.31.36.0-255,66,92565,17,184682
4715,0.032704,172.217.194.0-255,2902,95467,17,184682
4716,0.032711,172.31.36.0-255,66,95533,17,184682
4717,0.03454,172.217.194.0-255,2902,98435,17,184682
4718,0.034552,172.31.36.0-255,66,98501,17,184682
4719,0.035396,172.217.194.0-255,2902,101403,17,184682
4720,0.035405,172.31.36.0-255,66,101469,17,184682
4721,0.03721,172.217.194.0-255,2902,104371,17,184682
4722,0.037218,172.31.36.0-255,66,104437,17,184682
4723,0.038061,172.217.194.0-255,2902,107339,17,184682
4724,0.038068,172.31.36.0-255,66,107405,17,184682
4725,0.038165,172.31.36.0-255,172,107577,17,184682
4726,0.038194,172.31.36.0-255,1117,108694,17,184682
4727,0.038307,172.31.36.0-255,1514,110208,17,184682
4728,0.038309,172.31.36.0-255,1514,111722,17,184682
4729,0.038314,172.31.36.0-255,1514,113236,17,184682
4730,0.038316,172.31.36.0-255,1514,114750,17,184682
4731,0.038335,172.31.36.0-255,1470,116220,17,184682
4732,0.039687,104.244.42.0-255,66,116286,17,184682
4733,0.039734,104.244.42.0-255,66,116352,17,184682
4734,0.039856,172.217.194.0-255,2902,119254,17,184682
4735,0.039863,172.31.36.0-255,66,119320,17,184682
4736,0.039881,104.244.42.0-255,66,119386,17,184682
4737,0.040756,172.217.194.0-255,2902,122288,17,184682
4738,0.040763,172.31.36.0-255,66,122354,17,184682
4739,0.042529,172.217.194.0-255,2902,125256,17,184682
4740,0.042535,172.31.36.0-255,66,125322,17,184682
4741,0.04342,172.217.194.0-255,2902,128224,17,184682
4742,0.043427,172.31.36.0-255,66,128290,17,184682
4743,0.045175,172.217.194.0-255,2902,131192,17,184682
4744,0.045183,172.31.36.0-255,66,131258,17,184682
4745,0.046098,172.217.194.0-255,2902,134160,17,184682
4746,0.046104,172.31.36.0-255,66,134226,17,184682
4747,0.047866,172.217.194.0-255,2902,137128,17,184682
4748,0.047873,172.31.36.0-255,66,137194,17,184682
4749,0.048746,172.217.194.0-255,2902,140096,17,184682
4750,0.048753,172.31.36.0-255,66,140162,17,184682
4751,0.050551,172.217.194.0-255,2902,143064,17,184682
4752,0.050566,172.31.36.0-255,66,143130,17,184682
4753,0.051394,172.217.194.0-255,2902,146032,17,184682
4754,0.0514,172.31.36.0-255,66,146098,17,184682
4755,0.053217,172.217.194.0-255,2902,149000,17,184682
4756,0.053223,172.31.36.0-255,66,149066,17,184682
4757,0.054068,172.217.194.0-255,2902,151968,17,184682
4758,0.054075,172.31.36.0-255,66,152034,17,184682
4759,0.055884,172.217.194.0-255,2902,154936,17,184682
4760,0.055891,172.31.36.0-255,66,155002,17,184682
4761,0.056729,172.217.194.0-255,2902,157904,17,184682
4762,0.056736,172.31.36.0-255,66,157970,17,184682
4763,0.058561,172.217.194.0-255,2902,160872,17,184682
4764,0.058568,172.31.36.0-255,66,160938,17,184682
4765,0.059382,172.217.194.0-255,2902,163840,17,184682
4766,0.059388,172.31.36.0-255,66,163906,17,184682
4767,0.061227,172.217.194.0-255,2902,166808,17,184682
4768,0.061235,172.31.36.0-255,66,166874,17,184682
4769,0.062162,172.217.194.0-255,2902,169776,17,184682
4770,0.062169,172.31.36.0-255,66,169842,17,184682
4771,0.063873,172.217.194.0-255,2902,172744,17,184682
4772,0.063881,172.31.36.0-255,66,172810,17,184682
4773,0.064812,172.217.194.0-255,2902,175712,17,184682
4774,0.064819,172.31.36.0-255,66,175778,17,184682
4775,0.066523,172.217.194.0-255,2902,178680,17,184682
4776,0.066533,172.31.36.0-255,66,178746,17,184682
4777,0.06747,172.217.194.0-255,2902,181648,17,184682
4778,0.067478,172.31.36.0-255,66,181714,17,184682
4779,0.069201,172.217.194.0-255,2902,184616,17,184682
4780,0.069208,172.31.36.0-255,66,184682,17,184682
4781,0.0,74.125.68.0-255,214,214,17,341162
4782,0.000108,172.31.36.0-255,66,280,17,341162
4783,0.000115,74.125.68.0-255,1484,1764,17,341162
4784,0.000119,172.31.36.0-255,66,1830,17,341162
4785,0.000133,74.125.68.0-255,4320,6150,17,341162
4786,0.000137,172.31.36.0-255,66,6216,17,341162
4787,0.000141,74.125.68.0-255,2902,9118,17,341162
4788,0.000143,172.31.36.0-255,66,9184,17,341162
4789,0.000148,74.125.68.0-255,4320,13504,17,341162
4790,0.000152,172.31.36.0-255,66,13570,17,341162
4791,0.000155,74.125.68.0-255,436,14006,17,341162
4792,0.000157,172.31.36.0-255,66,14072,17,341162
4793,0.000189,74.125.68.0-255,1484,15556,17,341162
4794,0.000192,172.31.36.0-255,66,15622,17,341162
4795,0.000197,74.125.68.0-255,2902,18524,17,341162
4796,0.000199,172.31.36.0-255,66,18590,17,341162
4797,0.000202,74.125.68.0-255,1484,20074,17,341162
4798,0.000203,172.31.36.0-255,66,20140,17,341162
4799,0.000239,74.125.68.0-255,4320,24460,17,341162
4800,0.000243,172.31.36.0-255,66,24526,17,341162
4801,0.000275,74.125.68.0-255,4320,28846,17,341162
4802,0.000278,172.31.36.0-255,66,28912,17,341162
4803,0.000285,74.125.68.0-255,5379,34291,17,341162
4804,0.000287,172.31.36.0-255,66,34357,17,341162
4805,0.00033,74.125.68.0-255,2902,37259,17,341162
4806,0.000333,172.31.36.0-255,66,37325,17,341162
4807,0.000365,172.31.36.0-255,66,37391,17,341162
4808,0.000424,74.125.68.0-255,1125,38516,17,341162
4809,0.00043,172.31.36.0-255,66,38582,17,341162
4810,0.000454,74.125.68.0-255,1484,40066,17,341162
4811,0.000457,172.31.36.0-255,66,40132,17,341162
4812,0.000464,74.125.68.0-255,4320,44452,17,341162
4813,0.000469,172.31.36.0-255,66,44518,17,341162
4814,0.000507,172.31.36.0-255,66,44584,17,341162
4815,0.000559,74.125.68.0-255,1125,45709,17,341162
4816,0.000563,74.125.68.0-255,645,46354,17,341162
4817,0.000565,172.31.36.0-255,66,46420,17,341162
4818,0.000907,74.125.68.0-255,1484,47904,17,341162
4819,0.000923,74.125.68.0-255,2902,50806,17,341162
4820,0.000927,172.31.36.0-255,66,50872,17,341162
4821,0.000956,74.125.68.0-255,5738,56610,17,341162
4822,0.00096,172.31.36.0-255,66,56676,17,341162
4823,0.000982,74.125.68.0-255,1484,58160,17,341162
4824,0.001004,74.125.68.0-255,5738,63898,17,341162
4825,0.001007,172.31.36.0-255,66,63964,17,341162
4826,0.001032,74.125.68.0-255,4320,68284,17,341162
4827,0.001035,172.31.36.0-255,66,68350,17,341162
4828,0.001068,74.125.68.0-255,7156,75506,17,341162
4829,0.001072,172.31.36.0-255,66,75572,17,341162
4830,0.001126,74.125.68.0-255,5020,80592,17,341162
4831,0.001129,172.31.36.0-255,66,80658,17,341162
4832,0.001164,74.125.68.0-255,4320,84978,17,341162
4833,0.001168,172.31.36.0-255,66,85044,17,341162
4834,0.001191,74.125.68.0-255,1484,86528,17,341162
4835,0.001208,74.125.68.0-255,5738,92266,17,341162
4836,0.001212,172.31.36.0-255,66,92332,17,341162
4837,0.001236,74.125.68.0-255,7156,99488,17,341162
4838,0.001239,172.31.36.0-255,66,99554,17,341162
4839,0.001325,74.125.68.0-255,7156,106710,17,341162
4840,0.001329,172.31.36.0-255,66,106776,17,341162
4841,0.001367,172.31.36.0-255,66,106842,17,341162
4842,0.001449,74.125.68.0-255,5738,112580,17,341162
4843,0.001453,172.31.36.0-255,66,112646,17,341162
4844,0.001494,172.31.36.0-255,66,112712,17,341162
4845,0.00156,74.125.68.0-255,4320,117032,17,341162
4846,0.001564,172.31.36.0-255,66,117098,17,341162
4847,0.00159,74.125.68.0-255,4320,121418,17,341162
4848,0.001593,172.31.36.0-255,66,121484,17,341162
4849,0.001633,74.125.68.0-255,7156,128640,17,341162
4850,0.001637,172.31.36.0-255,66,128706,17,341162
4851,0.001665,74.125.68.0-255,2184,130890,17,341162
4852,0.001669,172.31.36.0-255,66,130956,17,341162
4853,0.001964,74.125.68.0-255,1484,132440,17,341162
4854,0.001974,74.125.68.0-255,2902,135342,17,341162
4855,0.001978,172.31.36.0-255,66,135408,17,341162
4856,0.001988,74.125.68.0-255,5738,141146,17,341162
4857,0.002,172.31.36.0-255,66,141212,17,341162
4858,0.002049,172.31.36.0-255,66,141278,17,341162
4859,0.0021,74.125.68.0-255,4320,145598,17,341162
4860,0.002105,172.31.36.0-255,66,145664,17,341162
4861,0.002135,74.125.68.0-255,5738,151402,17,341162
4862,0.002139,172.31.36.0-255,66,151468,17,341162
4863,0.002179,74.125.68.0-255,3602,155070,17,341162
4864,0.002183,172.31.36.0-255,66,155136,17,341162
4865,0.002214,74.125.68.0-255,4320,159456,17,341162
4866,0.002218,172.31.36.0-255,66,159522,17,341162
4867,0.002257,172.31.36.0-255,66,159588,17,341162
4868,0.002322,74.125.68.0-255,4320,163908,17,341162
4869,0.002327,172.31.36.0-255,66,163974,17,341162
4870,0.002355,74.125.68.0-255,1484,165458,17,341162
4871,0.002378,172.31.36.0-255,66,165524,17,341162
4872,0.002404,74.125.68.0-255,3602,169126,17,341162
4873,0.002408,172.31.36.0-255,66,169192,17,341162
4874,0.002488,74.125.68.0-255,7156,176348,17,341162
4875,0.002493,172.31.36.0-255,66,176414,17,341162
4876,0.002541,172.31.36.0-255,66,176480,17,341162
4877,0.002655,74.125.68.0-255,7156,183636,17,341162
4878,0.002662,172.31.36.0-255,66,183702,17,341162
4879,0.002711,74.125.68.0-255,4320,188022,17,341162
4880,0.002717,172.31.36.0-255,66,188088,17,341162
4881,0.004961,74.125.68.0-255,1484,189572,17,341162
4882,0.005,74.125.68.0-255,4320,193892,17,341162
4883,0.005011,172.31.36.0-255,66,193958,17,341162
4884,0.007315,74.125.68.0-255,5738,199696,17,341162
4885,0.007322,172.31.36.0-255,66,199762,17,341162
4886,0.009627,74.125.68.0-255,5738,205500,17,341162
4887,0.009634,172.31.36.0-255,66,205566,17,341162
4888,0.011937,74.125.68.0-255,5738,211304,17,341162
4889,0.011944,172.31.36.0-255,66,211370,17,341162
4890,0.014247,74.125.68.0-255,5738,217108,17,341162
4891,0.014258,172.31.36.0-255,66,217174,17,341162
4892,0.016563,74.125.68.0-255,5738,222912,17,341162
4893,0.016573,172.31.36.0-255,66,222978,17,341162
4894,0.018878,74.125.68.0-255,5738,228716,17,341162
4895,0.018889,172.31.36.0-255,66,228782,17,341162
4896,0.021209,74.125.68.0-255,5738,234520,17,341162
4897,0.021219,172.31.36.0-255,66,234586,17,341162
4898,0.023516,74.125.68.0-255,5738,240324,17,341162
4899,0.023523,172.31.36.0-255,66,240390,17,341162
4900,0.025826,74.125.68.0-255,5738,246128,17,341162
4901,0.025834,172.31.36.0-255,66,246194,17,341162
4902,0.027969,172.31.36.0-255,172,246366,17,341162
4903,0.028005,172.31.36.0-255,1118,247484,17,341162
4904,0.028071,172.31.36.0-255,1514,248998,17,341162
4905,0.028073,172.31.36.0-255,1270,250268,17,341162
4906,0.028148,74.125.68.0-255,5738,256006,17,341162
4907,0.028153,172.31.36.0-255,66,256072,17,341162
4908,0.029514,104.244.42.0-255,66,256138,17,341162
4909,0.029551,104.244.42.0-255,66,256204,17,341162
4910,0.02966,104.244.42.0-255,66,256270,17,341162
4911,0.030466,74.125.68.0-255,5738,262008,17,341162
4912,0.030472,172.31.36.0-255,66,262074,17,341162
4913,0.032795,74.125.68.0-255,5738,267812,17,341162
4914,0.032802,172.31.36.0-255,66,267878,17,341162
4915,0.035107,74.125.68.0-255,5738,273616,17,341162
4916,0.035114,172.31.36.0-255,66,273682,17,341162
4917,0.037424,74.125.68.0-255,5738,279420,17,341162
4918,0.037431,172.31.36.0-255,66,279486,17,341162
4919,0.03974,74.125.68.0-255,5738,285224,17,341162
4920,0.039746,172.31.36.0-255,66,285290,17,341162
4921,0.042059,74.125.68.0-255,5738,291028,17,341162
4922,0.042066,172.31.36.0-255,66,291094,17,341162
4923,0.044371,74.125.68.0-255,5738,296832,17,341162
4924,0.04438,172.31.36.0-255,66,296898,17,341162
4925,0.04669,74.125.68.0-255,5738,302636,17,341162
4926,0.046697,172.31.36.0-255,66,302702,17,341162
4927,0.049028,74.125.68.0-255,5738,308440,17,341162
4928,0.049034,172.31.36.0-255,66,308506,17,341162
4929,0.051353,74.125.68.0-255,5738,314244,17,341162
4930,0.05136,172.31.36.0-255,66,314310,17,341162
4931,0.05368,74.125.68.0-255,5738,320048,17,341162
4932,0.05369,172.31.36.0-255,66,320114,17,341162
4933,0.056007,74.125.68.0-255,5738,325852,17,341162
4934,0.056014,172.31.36.0-255,66,325918,17,341162
4935,0.058334,74.125.68.0-255,5738,331656,17,341162
4936,0.058342,172.31.36.0-255,66,331722,17,341162
4937,0.060646,74.125.68.0-255,5738,337460,17,341162
4938,0.060652,172.31.36.0-255,66,337526,17,341162
4939,0.062978,74.125.68.0-255,3399,340925,17,341162
4940,0.062986,172.31.36.0-255,66,340991,17,341162
4941,0.063191,172.31.36.0-255,105,341096,17,341162
4942,0.065474,74.125.68.0-255,66,341162,17,341162
4943,0.0,172.217.194.0-255,150,150,17,156403
4944,3.4e-05,172.31.36.0-255,66,216,17,156403
4945,4.2e-05,172.217.194.0-255,1484,1700,17,156403
4946,4.6e-05,172.31.36.0-255,66,1766,17,156403
4947,5.1e-05,172.217.194.0-255,2902,4668,17,156403
4948,6.1e-05,172.31.36.0-255,66,4734,17,156403
4949,6.9e-05,172.217.194.0-255,7156,11890,17,156403
4950,7.2e-05,172.31.36.0-255,66,11956,17,156403
4951,7.6e-05,172.217.194.0-255,2001,13957,17,156403
4952,7.8e-05,172.31.36.0-255,66,14023,17,156403
4953,0.000104,172.217.194.0-255,2902,16925,17,156403
4954,0.000108,172.31.36.0-255,66,16991,17,156403
4955,0.000111,172.217.194.0-255,1484,18475,17,156403
4956,0.000113,172.31.36.0-255,66,18541,17,156403
4957,0.000136,172.217.194.0-255,5738,24279,17,156403
4958,0.00014,172.31.36.0-255,66,24345,17,156403
4959,0.000169,172.217.194.0-255,4320,28665,17,156403
4960,0.000173,172.31.36.0-255,66,28731,17,156403
4961,0.000197,172.217.194.0-255,2543,31274,17,156403
4962,0.000199,172.31.36.0-255,66,31340,17,156403
4963,0.00056,172.217.194.0-255,1484,32824,17,156403
4964,0.000566,172.31.36.0-255,66,32890,17,156403
4965,0.000571,172.217.194.0-255,1484,34374,17,156403
4966,0.000573,172.31.36.0-255,66,34440,17,156403
4967,0.000591,172.217.194.0-255,1484,35924,17,156403
4968,0.000595,172.31.36.0-255,66,35990,17,156403
4969,0.000608,172.217.194.0-255,5738,41728,17,156403
4970,0.00061,172.31.36.0-255,66,41794,17,156403
4971,0.000651,172.217.194.0-255,4320,46114,17,156403
4972,0.000655,172.31.36.0-255,66,46180,17,156403
4973,0.000701,172.31.36.0-255,66,46246,17,156403
4974,0.000713,172.31.36.0-255,66,46312,17,156403
4975,0.001042,172.217.194.0-255,98,46410,17,156403
4976,0.00149,172.217.194.0-255,1484,47894,17,156403
4977,0.001496,172.31.36.0-255,66,47960,17,156403
4978,0.001503,172.217.194.0-255,2902,50862,17,156403
4979,0.001506,172.31.36.0-255,66,50928,17,156403
4980,0.001509,172.217.194.0-255,1484,52412,17,156403
4981,0.001545,172.217.194.0-255,4320,56732,17,156403
4982,0.001547,172.31.36.0-255,66,56798,17,156403
4983,0.001558,172.31.36.0-255,66,56864,17,156403
4984,0.00158,172.217.194.0-255,2902,59766,17,156403
4985,0.001582,172.31.36.0-255,66,59832,17,156403
4986,0.001605,172.217.194.0-255,2902,62734,17,156403
4987,0.001607,172.31.36.0-255,66,62800,17,156403
4988,0.001635,172.31.36.0-255,66,62866,17,156403
4989,0.001795,172.217.194.0-255,1484,64350,17,156403
4990,0.001799,172.217.194.0-255,2902,67252,17,156403
4991,0.001802,172.31.36.0-255,66,67318,17,156403
4992,0.001827,172.217.194.0-255,5738,73056,17,156403
4993,0.001829,172.31.36.0-255,66,73122,17,156403
4994,0.001847,172.217.194.0-255,4320,77442,17,156403
4995,0.001849,172.31.36.0-255,66,77508,17,156403
4996,0.001879,172.31.36.0-255,66,77574,17,156403
4997,0.001885,172.217.194.0-255,5738,83312,17,156403
4998,0.001887,172.31.36.0-255,66,83378,17,156403
4999,0.001906,172.217.194.0-255,5020,88398,17,156403
5000,0.001909,172.31.36.0-255,66,88464,17,156403
5001,0.00192,172.31.36.0-255,66,88530,17,156403
5002,0.001962,172.31.36.0-255,66,88596,17,156403
5003,0.001971,172.31.36.0-255,66,88662,17,156403
5004,0.001993,172.217.194.0-255,1484,90146,17,156403
5005,0.001997,172.217.194.0-255,2902,93048,17,156403
5006,0.001999,172.31.36.0-255,66,93114,17,156403
5007,0.002003,172.217.194.0-255,2902,96016,17,156403
5008,0.002005,172.31.36.0-255,66,96082,17,156403
5009,0.002039,172.217.194.0-255,2902,98984,17,156403
5010,0.002041,172.31.36.0-255,66,99050,17,156403
5011,0.002048,172.217.194.0-255,7156,106206,17,156403
5012,0.00205,172.31.36.0-255,66,106272,17,156403
5013,0.00206,172.31.36.0-255,66,106338,17,156403
5014,0.002084,172.217.194.0-255,2902,109240,17,156403
5015,0.002086,172.31.36.0-255,66,109306,17,156403
5016,0.00209,172.217.194.0-255,2184,111490,17,156403
5017,0.002092,172.31.36.0-255,66,111556,17,156403
5018,0.002095,172.217.194.0-255,2902,114458,17,156403
5019,0.002097,172.31.36.0-255,66,114524,17,156403
5020,0.002101,172.217.194.0-255,2902,117426,17,156403
5021,0.002104,172.31.36.0-255,66,117492,17,156403
5022,0.002129,172.217.194.0-255,4320,121812,17,156403
5023,0.002131,172.31.36.0-255,66,121878,17,156403
5024,0.002138,172.217.194.0-255,7156,129034,17,156403
5025,0.00214,172.31.36.0-255,66,129100,17,156403
5026,0.002179,172.31.36.0-255,66,129166,17,156403
5027,0.002181,172.217.194.0-255,1484,130650,17,156403
5028,0.002185,172.217.194.0-255,2902,133552,17,156403
5029,0.002187,172.31.36.0-255,66,133618,17,156403
5030,0.00219,172.217.194.0-255,1484,135102,17,156403
5031,0.002203,172.31.36.0-255,66,135168,17,156403
5032,0.002231,172.217.194.0-255,766,135934,17,156403
5033,0.002234,172.217.194.0-255,1484,137418,17,156403
5034,0.002236,172.31.36.0-255,66,137484,17,156403
5035,0.002248,172.217.194.0-255,5738,143222,17,156403
5036,0.002251,172.31.36.0-255,66,143288,17,156403
5037,0.002264,172.31.36.0-255,66,143354,17,156403
5038,0.002266,172.217.194.0-255,1484,144838,17,156403
5039,0.002319,172.31.36.0-255,66,144904,17,156403
5040,0.002332,172.31.36.0-255,66,144970,17,156403
5041,0.002418,172.31.36.0-255,66,145036,17,156403
5042,0.00244,172.31.36.0-255,66,145102,17,156403
5043,0.002469,172.217.194.0-255,1484,146586,17,156403
5044,0.002489,172.31.36.0-255,66,146652,17,156403
5045,0.002495,172.217.194.0-255,4320,150972,17,156403
5046,0.002497,172.31.36.0-255,66,151038,17,156403
5047,0.002545,172.31.36.0-255,66,151104,17,156403
5048,0.002548,172.217.194.0-255,97,151201,17,156403
5049,0.00255,172.217.194.0-255,105,151306,17,156403
5050,0.002552,172.217.194.0-255,129,151435,17,156403
5051,0.007568,172.31.36.0-255,105,151540,17,156403
5052,0.007595,172.31.36.0-255,105,151645,17,156403
5053,0.007855,172.31.36.0-255,90,151735,17,156403
5054,0.007865,172.31.36.0-255,66,151801,17,156403
5055,0.009601,172.217.194.0-255,66,151867,17,156403
5056,0.009651,172.217.194.0-255,66,151933,17,156403
5057,0.009896,172.217.194.0-255,66,151999,17,156403
5058,0.009927,172.217.194.0-255,66,152065,17,156403
5059,0.009933,172.31.36.0-255,66,152131,17,156403
5060,0.034146,172.31.36.0-255,172,152303,17,156403
5061,0.03418,172.31.36.0-255,1116,153419,17,156403
5062,0.034221,172.31.36.0-255,1514,154933,17,156403
5063,0.034223,172.31.36.0-255,1272,156205,17,156403
5064,0.035663,104.244.42.0-255,66,156271,17,156403
5065,0.035735,104.244.42.0-255,66,156337,17,156403
5066,0.035765,104.244.42.0-255,66,156403,17,156403
5067,0.0,172.217.194.0-255,153,153,17,315453
5068,3.2e-05,172.31.36.0-255,66,219,17,315453
5069,4e-05,172.217.194.0-255,1484,1703,17,315453
5070,4.4e-05,172.31.36.0-255,66,1769,17,315453
5071,4.9e-05,172.217.194.0-255,2902,4671,17,315453
5072,6e-05,172.31.36.0-255,66,4737,17,315453
5073,6.6e-05,172.217.194.0-255,7156,11893,17,315453
5074,6.9e-05,172.31.36.0-255,66,11959,17,315453
5075,0.000102,172.217.194.0-255,2069,14028,17,315453
5076,0.000105,172.31.36.0-255,66,14094,17,315453
5077,0.000261,172.217.194.0-255,1484,15578,17,315453
5078,0.000266,172.31.36.0-255,66,15644,17,315453
5079,0.00027,172.217.194.0-255,1484,17128,17,315453
5080,0.000275,172.31.36.0-255,66,17194,17,315453
5081,0.000295,172.217.194.0-255,1484,18678,17,315453
5082,0.000298,172.31.36.0-255,66,18744,17,315453
5083,0.000308,172.217.194.0-255,2902,21646,17,315453
5084,0.000311,172.31.36.0-255,66,21712,17,315453
5085,0.000316,172.217.194.0-255,4320,26032,17,315453
5086,0.000318,172.31.36.0-255,66,26098,17,315453
5087,0.000348,172.217.194.0-255,5379,31477,17,315453
5088,0.000352,172.31.36.0-255,66,31543,17,315453
5089,0.000408,172.217.194.0-255,5738,37281,17,315453
5090,0.000413,172.31.36.0-255,66,37347,17,315453
5091,0.000418,172.217.194.0-255,4320,41667,17,315453
5092,0.000421,172.31.36.0-255,66,41733,17,315453
5093,0.000449,172.217.194.0-255,6797,48530,17,315453
5094,0.000453,172.31.36.0-255,66,48596,17,315453
5095,0.000501,172.217.194.0-255,1484,50080,17,315453
5096,0.000504,172.31.36.0-255,66,50146,17,315453
5097,0.000517,172.217.194.0-255,2902,53048,17,315453
5098,0.000525,172.31.36.0-255,66,53114,17,315453
5099,0.000531,172.217.194.0-255,4320,57434,17,315453
5100,0.000533,172.31.36.0-255,66,57500,17,315453
5101,0.00056,172.217.194.0-255,1484,58984,17,315453
5102,0.000572,172.217.194.0-255,6797,65781,17,315453
5103,0.000575,172.31.36.0-255,66,65847,17,315453
5104,0.000602,172.217.194.0-255,5738,71585,17,315453
5105,0.000605,172.31.36.0-255,66,71651,17,315453
5106,0.000629,172.217.194.0-255,4320,75971,17,315453
5107,0.000632,172.31.36.0-255,66,76037,17,315453
5108,0.00066,172.217.194.0-255,2902,78939,17,315453
5109,0.000664,172.31.36.0-255,66,79005,17,315453
5110,0.000669,172.217.194.0-255,3961,82966,17,315453
5111,0.000671,172.31.36.0-255,66,83032,17,315453
5112,0.001317,172.217.194.0-255,1484,84516,17,315453
5113,0.001328,172.217.194.0-255,2902,87418,17,315453
5114,0.001333,172.31.36.0-255,66,87484,17,315453
5115,0.00134,172.217.194.0-255,5738,93222,17,315453
5116,0.001342,172.31.36.0-255,66,93288,17,315453
5117,0.001376,172.217.194.0-255,6797,100085,17,315453
5118,0.00138,172.31.36.0-255,66,100151,17,315453
5119,0.001647,172.217.194.0-255,1484,101635,17,315453
5120,0.001654,172.217.194.0-255,2902,104537,17,315453
5121,0.001658,172.31.36.0-255,66,104603,17,315453
5122,0.001664,172.217.194.0-255,4320,108923,17,315453
5123,0.001666,172.31.36.0-255,66,108989,17,315453
5124,0.001701,172.31.36.0-255,66,109055,17,315453
5125,0.001759,172.217.194.0-255,5738,114793,17,315453
5126,0.001762,172.31.36.0-255,66,114859,17,315453
5127,0.001797,172.31.36.0-255,66,114925,17,315453
5128,0.002121,172.217.194.0-255,1484,116409,17,315453
5129,0.002137,172.217.194.0-255,2902,119311,17,315453
5130,0.00214,172.31.36.0-255,66,119377,17,315453
5131,0.002146,172.217.194.0-255,4320,123697,17,315453
5132,0.002148,172.31.36.0-255,66,123763,17,315453
5133,0.002166,172.217.194.0-255,1484,125247,17,315453
5134,0.002181,172.31.36.0-255,66,125313,17,315453
5135,0.002208,172.217.194.0-255,4320,129633,17,315453
5136,0.00221,172.31.36.0-255,66,129699,17,315453
5137,0.002247,172.217.194.0-255,1484,131183,17,315453
5138,0.002257,172.217.194.0-255,1484,132667,17,315453
5139,0.002259,172.31.36.0-255,66,132733,17,315453
5140,0.002265,172.217.194.0-255,5738,138471,17,315453
5141,0.002267,172.31.36.0-255,66,138537,17,315453
5142,0.0023,172.217.194.0-255,2184,140721,17,315453
5143,0.002302,172.31.36.0-255,66,140787,17,315453
5144,0.004488,172.217.194.0-255,2902,143689,17,315453
5145,0.004492,172.31.36.0-255,66,143755,17,315453
5146,0.004532,172.217.194.0-255,1484,145239,17,315453
5147,0.004544,172.217.194.0-255,1484,146723,17,315453
5148,0.004547,172.31.36.0-255,66,146789,17,315453
5149,0.006754,172.217.194.0-255,2902,149691,17,315453
5150,0.006761,172.31.36.0-255,66,149757,17,315453
5151,0.00679,172.217.194.0-255,2902,152659,17,315453
5152,0.006793,172.31.36.0-255,66,152725,17,315453
5153,0.009018,172.217.194.0-255,5738,158463,17,315453
5154,0.009027,172.31.36.0-255,66,158529,17,315453
5155,0.01126,172.217.194.0-255,5738,164267,17,315453
5156,0.011267,172.31.36.0-255,66,164333,17,315453
5157,0.0135,172.217.194.0-255,5738,170071,17,315453
5158,0.013508,172.31.36.0-255,66,170137,17,315453
5159,0.015789,172.217.194.0-255,5738,175875,17,315453
5160,0.015797,172.31.36.0-255,66,175941,17,315453
5161,0.018029,172.217.194.0-255,5738,181679,17,315453
5162,0.018039,172.31.36.0-255,66,181745,17,315453
5163,0.0203,172.217.194.0-255,5738,187483,17,315453
5164,0.02031,172.31.36.0-255,66,187549,17,315453
5165,0.022607,172.217.194.0-255,5738,193287,17,315453
5166,0.022614,172.31.36.0-255,66,193353,17,315453
5167,0.024834,172.31.36.0-255,172,193525,17,315453
5168,0.024868,172.217.194.0-255,4320,197845,17,315453
5169,0.024874,172.31.36.0-255,66,197911,17,315453
5170,0.024878,172.31.36.0-255,1117,199028,17,315453
5171,0.024901,172.31.36.0-255,1514,200542,17,315453
5172,0.024902,172.217.194.0-255,1484,202026,17,315453
5173,0.024902,172.31.36.0-255,1271,203297,17,315453
5174,0.026398,104.244.42.0-255,66,203363,17,315453
5175,0.026446,104.244.42.0-255,66,203429,17,315453
5176,0.026448,104.244.42.0-255,66,203495,17,315453
5177,0.02709,172.217.194.0-255,2902,206397,17,315453
5178,0.027095,172.31.36.0-255,66,206463,17,315453
5179,0.027124,172.217.194.0-255,1484,207947,17,315453
5180,0.029339,172.217.194.0-255,4320,212267,17,315453
5181,0.029345,172.31.36.0-255,66,212333,17,315453
5182,0.031586,172.217.194.0-255,5738,218071,17,315453
5183,0.031591,172.31.36.0-255,66,218137,17,315453
5184,0.033867,172.217.194.0-255,5738,223875,17,315453
5185,0.033873,172.31.36.0-255,66,223941,17,315453
5186,0.03611,172.217.194.0-255,5738,229679,17,315453
5187,0.036116,172.31.36.0-255,66,229745,17,315453
5188,0.03836,172.217.194.0-255,5738,235483,17,315453
5189,0.038365,172.31.36.0-255,66,235549,17,315453
5190,0.040622,172.217.194.0-255,5738,241287,17,315453
5191,0.040628,172.31.36.0-255,66,241353,17,315453
5192,0.042884,172.217.194.0-255,5738,247091,17,315453
5193,0.042891,172.31.36.0-255,66,247157,17,315453
5194,0.045126,172.217.194.0-255,5738,252895,17,315453
5195,0.045133,172.31.36.0-255,66,252961,17,315453
5196,0.047378,172.217.194.0-255,5738,258699,17,315453
5197,0.047383,172.31.36.0-255,66,258765,17,315453
5198,0.049646,172.217.194.0-255,5738,264503,17,315453
5199,0.049652,172.31.36.0-255,66,264569,17,315453
5200,0.05191,172.217.194.0-255,4320,268889,17,315453
5201,0.051915,172.31.36.0-255,66,268955,17,315453
5202,0.051949,172.217.194.0-255,1484,270439,17,315453
5203,0.054153,172.217.194.0-255,4320,274759,17,315453
5204,0.054158,172.31.36.0-255,66,274825,17,315453
5205,0.056381,172.217.194.0-255,5738,280563,17,315453
5206,0.056388,172.31.36.0-255,66,280629,17,315453
5207,0.058636,172.217.194.0-255,5738,286367,17,315453
5208,0.058642,172.31.36.0-255,66,286433,17,315453
5209,0.060903,172.217.194.0-255,5738,292171,17,315453
5210,0.060909,172.31.36.0-255,66,292237,17,315453
5211,0.063158,172.217.194.0-255,5738,297975,17,315453
5212,0.063164,172.31.36.0-255,66,298041,17,315453
5213,0.065398,172.217.194.0-255,5738,303779,17,315453
5214,0.065403,172.31.36.0-255,66,303845,17,315453
5215,0.067657,172.217.194.0-255,5738,309583,17,315453
5216,0.067663,172.31.36.0-255,66,309649,17,315453
5217,0.069921,172.217.194.0-255,5738,315387,17,315453
5218,0.069926,172.31.36.0-255,66,315453,17,315453
5219,0.0,74.125.24.0-255,152,152,17,182896
5220,2e-05,172.31.36.0-255,66,218,17,182896
5221,2.7e-05,74.125.24.0-255,1484,1702,17,182896
5222,3.1e-05,172.31.36.0-255,66,1768,17,182896
5223,3.8e-05,74.125.24.0-255,2902,4670,17,182896
5224,5.1e-05,172.31.36.0-255,66,4736,17,182896
5225,5.9e-05,74.125.24.0-255,7156,11892,17,182896
5226,6.3e-05,172.31.36.0-255,66,11958,17,182896
5227,6.7e-05,74.125.24.0-255,2002,13960,17,182896
5228,7.1e-05,172.31.36.0-255,66,14026,17,182896
5229,7.6e-05,74.125.24.0-255,2902,16928,17,182896
5230,7.8e-05,172.31.36.0-255,66,16994,17,182896
5231,8.4e-05,74.125.24.0-255,4320,21314,17,182896
5232,8.7e-05,172.31.36.0-255,66,21380,17,182896
5233,0.000113,74.125.24.0-255,2902,24282,17,182896
5234,0.000116,172.31.36.0-255,66,24348,17,182896
5235,0.000128,74.125.24.0-255,6797,31145,17,182896
5236,0.000131,172.31.36.0-255,66,31211,17,182896
5237,0.000188,74.125.24.0-255,1484,32695,17,182896
5238,0.000191,172.31.36.0-255,66,32761,17,182896
5239,0.000195,74.125.24.0-255,2902,35663,17,182896
5240,0.000198,172.31.36.0-255,66,35729,17,182896
5241,0.000215,74.125.24.0-255,1484,37213,17,182896
5242,0.000217,172.31.36.0-255,66,37279,17,182896
5243,0.000226,74.125.24.0-255,2902,40181,17,182896
5244,0.000229,172.31.36.0-255,66,40247,17,182896
5245,0.000235,74.125.24.0-255,5738,45985,17,182896
5246,0.000238,172.31.36.0-255,66,46051,17,182896
5247,0.000285,172.31.36.0-255,66,46117,17,182896
5248,0.000296,172.31.36.0-255,66,46183,17,182896
5249,0.000303,74.125.24.0-255,116,46299,17,182896
5250,0.000308,74.125.24.0-255,330,46629,17,182896
5251,0.000723,74.125.24.0-255,1484,48113,17,182896
5252,0.000729,172.31.36.0-255,66,48179,17,182896
5253,0.000735,74.125.24.0-255,2902,51081,17,182896
5254,0.000737,172.31.36.0-255,66,51147,17,182896
5255,0.000749,74.125.24.0-255,5738,56885,17,182896
5256,0.000751,172.31.36.0-255,66,56951,17,182896
5257,0.000763,172.31.36.0-255,66,57017,17,182896
5258,0.000799,172.31.36.0-255,66,57083,17,182896
5259,0.000825,74.125.24.0-255,3051,60134,17,182896
5260,0.000828,172.31.36.0-255,66,60200,17,182896
5261,0.000843,172.31.36.0-255,66,60266,17,182896
5262,0.000863,172.31.36.0-255,66,60332,17,182896
5263,0.000869,74.125.24.0-255,5020,65352,17,182896
5264,0.000871,172.31.36.0-255,66,65418,17,182896
5265,0.000942,74.125.24.0-255,1484,66902,17,182896
5266,0.000948,74.125.24.0-255,2902,69804,17,182896
5267,0.00095,172.31.36.0-255,66,69870,17,182896
5268,0.00098,74.125.24.0-255,5738,75608,17,182896
5269,0.000983,172.31.36.0-255,66,75674,17,182896
5270,0.001011,172.31.36.0-255,66,75740,17,182896
5271,0.001027,172.31.36.0-255,66,75806,17,182896
5272,0.001069,74.125.24.0-255,2184,77990,17,182896
5273,0.001072,172.31.36.0-255,66,78056,17,182896
5274,0.001078,74.125.24.0-255,2902,80958,17,182896
5275,0.00108,172.31.36.0-255,66,81024,17,182896
5276,0.001085,74.125.24.0-255,2902,83926,17,182896
5277,0.001087,172.31.36.0-255,66,83992,17,182896
5278,0.00112,74.125.24.0-255,4320,88312,17,182896
5279,0.001123,172.31.36.0-255,66,88378,17,182896
5280,0.001144,172.31.36.0-255,66,88444,17,182896
5281,0.001152,74.125.24.0-255,7156,95600,17,182896
5282,0.001155,172.31.36.0-255,66,95666,17,182896
5283,0.001201,172.31.36.0-255,66,95732,17,182896
5284,0.001216,172.31.36.0-255,66,95798,17,182896
5285,0.00123,172.31.36.0-255,66,95864,17,182896
5286,0.001379,74.125.24.0-255,1484,97348,17,182896
5287,0.001384,74.125.24.0-255,2902,100250,17,182896
5288,0.001388,172.31.36.0-255,66,100316,17,182896
5289,0.001393,74.125.24.0-255,2902,103218,17,182896
5290,0.001395,172.31.36.0-255,66,103284,17,182896
5291,0.001413,74.125.24.0-255,2902,106186,17,182896
5292,0.001415,172.31.36.0-255,66,106252,17,182896
5293,0.00144,172.31.36.0-255,66,106318,17,182896
5294,0.001477,172.31.36.0-255,66,106384,17,182896
5295,0.001505,74.125.24.0-255,3602,109986,17,182896
5296,0.001508,172.31.36.0-255,66,110052,17,182896
5297,0.001795,74.125.24.0-255,1484,111536,17,182896
5298,0.001799,74.125.24.0-255,1484,113020,17,182896
5299,0.001803,172.31.36.0-255,66,113086,17,182896
5300,0.001836,74.125.24.0-255,1484,114570,17,182896
5301,0.001843,74.125.24.0-255,5738,120308,17,182896
5302,0.001845,172.31.36.0-255,66,120374,17,182896
5303,0.001864,172.31.36.0-255,66,120440,17,182896
5304,0.001912,172.31.36.0-255,66,120506,17,182896
5305,0.002009,74.125.24.0-255,1484,121990,17,182896
5306,0.002015,74.125.24.0-255,2902,124892,17,182896
5307,0.002019,172.31.36.0-255,66,124958,17,182896
5308,0.002025,74.125.24.0-255,4320,129278,17,182896
5309,0.002027,172.31.36.0-255,66,129344,17,182896
5310,0.00207,172.31.36.0-255,66,129410,17,182896
5311,0.002116,74.125.24.0-255,4320,133730,17,182896
5312,0.002118,172.31.36.0-255,66,133796,17,182896
5313,0.002163,172.31.36.0-255,66,133862,17,182896
5314,0.002186,172.31.36.0-255,66,133928,17,182896
5315,0.0022,172.31.36.0-255,66,133994,17,182896
5316,0.002435,172.31.36.0-255,101,134095,17,182896
5317,0.004491,74.125.24.0-255,5738,139833,17,182896
5318,0.004497,172.31.36.0-255,66,139899,17,182896
5319,0.004669,74.125.24.0-255,66,139965,17,182896
5320,0.006771,74.125.24.0-255,5738,145703,17,182896
5321,0.006779,172.31.36.0-255,66,145769,17,182896
5322,0.009041,74.125.24.0-255,5738,151507,17,182896
5323,0.009047,172.31.36.0-255,66,151573,17,182896
5324,0.011312,74.125.24.0-255,5738,157311,17,182896
5325,0.011318,172.31.36.0-255,66,157377,17,182896
5326,0.013608,74.125.24.0-255,5738,163115,17,182896
5327,0.013617,172.31.36.0-255,66,163181,17,182896
5328,0.015879,74.125.24.0-255,5738,168919,17,182896
5329,0.015887,172.31.36.0-255,66,168985,17,182896
5330,0.01818,74.125.24.0-255,5738,174723,17,182896
5331,0.018189,172.31.36.0-255,66,174789,17,182896
5332,0.020473,74.125.24.0-255,3596,178385,17,182896
5333,0.020483,172.31.36.0-255,66,178451,17,182896
5334,0.020902,172.31.36.0-255,105,178556,17,182896
5335,0.027136,74.125.24.0-255,66,178622,17,182896
5336,0.034292,172.31.36.0-255,172,178794,17,182896
5337,0.034323,172.31.36.0-255,1116,179910,17,182896
5338,0.034366,172.31.36.0-255,1514,181424,17,182896
5339,0.034368,172.31.36.0-255,1274,182698,17,182896
5340,0.035782,104.244.42.0-255,66,182764,17,182896
5341,0.035845,104.244.42.0-255,66,182830,17,182896
5342,0.035873,104.244.42.0-255,66,182896,17,182896
5343,0.0,74.125.68.0-255,153,153,17,289097
5344,3.3e-05,172.31.36.0-255,66,219,17,289097
5345,4.1e-05,74.125.68.0-255,1484,1703,17,289097
5346,4.5e-05,172.31.36.0-255,66,1769,17,289097
5347,5e-05,74.125.68.0-255,2902,4671,17,289097
5348,5.3e-05,172.31.36.0-255,66,4737,17,289097
5349,6.4e-05,74.125.68.0-255,1484,6221,17,289097
5350,6.7e-05,172.31.36.0-255,66,6287,17,289097
5351,7.2e-05,74.125.68.0-255,2902,9189,17,289097
5352,7.5e-05,172.31.36.0-255,66,9255,17,289097
5353,0.000115,74.125.68.0-255,4812,14067,17,289097
5354,0.000118,172.31.36.0-255,66,14133,17,289097
5355,0.000359,74.125.68.0-255,1484,15617,17,289097
5356,0.000364,172.31.36.0-255,66,15683,17,289097
5357,0.000369,74.125.68.0-255,2902,18585,17,289097
5358,0.000372,172.31.36.0-255,66,18651,17,289097
5359,0.000375,74.125.68.0-255,1484,20135,17,289097
5360,0.000387,172.31.36.0-255,66,20201,17,289097
5361,0.000422,74.125.68.0-255,4320,24521,17,289097
5362,0.000426,74.125.68.0-255,2902,27423,17,289097
5363,0.000428,74.125.68.0-255,1484,28907,17,289097
5364,0.000429,172.31.36.0-255,66,28973,17,289097
5365,0.000433,172.31.36.0-255,66,29039,17,289097
5366,0.000437,172.31.36.0-255,66,29105,17,289097
5367,0.000459,74.125.68.0-255,2543,31648,17,289097
5368,0.000463,172.31.36.0-255,66,31714,17,289097
5369,0.000471,74.125.68.0-255,1484,33198,17,289097
5370,0.000473,172.31.36.0-255,66,33264,17,289097
5371,0.000477,74.125.68.0-255,2902,36166,17,289097
5372,0.00048,172.31.36.0-255,66,36232,17,289097
5373,0.000507,74.125.68.0-255,2902,39134,17,289097
5374,0.000511,172.31.36.0-255,66,39200,17,289097
5375,0.000521,74.125.68.0-255,4320,43520,17,289097
5376,0.000532,172.31.36.0-255,66,43586,17,289097
5377,0.000556,74.125.68.0-255,5379,48965,17,289097
5378,0.000559,172.31.36.0-255,66,49031,17,289097
5379,0.000611,74.125.68.0-255,1484,50515,17,289097
5380,0.000629,74.125.68.0-255,2902,53417,17,289097
5381,0.000633,172.31.36.0-255,66,53483,17,289097
5382,0.000665,74.125.68.0-255,4320,57803,17,289097
5383,0.000671,172.31.36.0-255,66,57869,17,289097
5384,0.000704,74.125.68.0-255,5738,63607,17,289097
5385,0.000708,74.125.68.0-255,2543,66150,17,289097
5386,0.00071,172.31.36.0-255,66,66216,17,289097
5387,0.000715,172.31.36.0-255,66,66282,17,289097
5388,0.000784,74.125.68.0-255,413,66695,17,289097
5389,0.000871,74.125.68.0-255,330,67025,17,289097
5390,0.000908,172.31.36.0-255,66,67091,17,289097
5391,0.001128,74.125.68.0-255,1484,68575,17,289097
5392,0.001138,74.125.68.0-255,2902,71477,17,289097
5393,0.001168,74.125.68.0-255,4320,75797,17,289097
5394,0.001185,74.125.68.0-255,1484,77281,17,289097
5395,0.001189,74.125.68.0-255,1484,78765,17,289097
5396,0.001209,74.125.68.0-255,5379,84144,17,289097
5397,0.001232,74.125.68.0-255,1484,85628,17,289097
5398,0.001244,74.125.68.0-255,1484,87112,17,289097
5399,0.00125,74.125.68.0-255,4320,91432,17,289097
5400,0.001283,74.125.68.0-255,2902,94334,17,289097
5401,0.001295,74.125.68.0-255,1484,95818,17,289097
5402,0.001312,74.125.68.0-255,4320,100138,17,289097
5403,0.001329,74.125.68.0-255,1125,101263,17,289097
5404,0.001604,74.125.68.0-255,1484,102747,17,289097
5405,0.001622,74.125.68.0-255,2902,105649,17,289097
5406,0.001652,74.125.68.0-255,1484,107133,17,289097
5407,0.001668,74.125.68.0-255,2902,110035,17,289097
5408,0.001674,74.125.68.0-255,5738,115773,17,289097
5409,0.001722,74.125.68.0-255,1874,117647,17,289097
5410,0.004324,172.31.36.0-255,66,117713,17,289097
5411,0.006535,74.125.68.0-255,5738,123451,17,289097
5412,0.006541,172.31.36.0-255,66,123517,17,289097
5413,0.008747,74.125.68.0-255,5738,129255,17,289097
5414,0.008753,172.31.36.0-255,66,129321,17,289097
5415,0.010961,74.125.68.0-255,5738,135059,17,289097
5416,0.011518,172.31.36.0-255,66,135125,17,289097
5417,0.013738,74.125.68.0-255,5738,140863,17,289097
5418,0.013746,172.31.36.0-255,66,140929,17,289097
5419,0.015997,74.125.68.0-255,5738,146667,17,289097
5420,0.016005,172.31.36.0-255,66,146733,17,289097
5421,0.018209,74.125.68.0-255,5738,152471,17,289097
5422,0.018217,172.31.36.0-255,66,152537,17,289097
5423,0.02043,74.125.68.0-255,5738,158275,17,289097
5424,0.020437,172.31.36.0-255,66,158341,17,289097
5425,0.022653,74.125.68.0-255,5738,164079,17,289097
5426,0.02266,172.31.36.0-255,66,164145,17,289097
5427,0.024876,74.125.68.0-255,5738,169883,17,289097
5428,0.024884,172.31.36.0-255,66,169949,17,289097
5429,0.027102,74.125.68.0-255,5738,175687,17,289097
5430,0.027115,172.31.36.0-255,66,175753,17,289097
5431,0.027278,172.31.36.0-255,188,175941,17,289097
5432,0.027304,172.31.36.0-255,961,176902,17,289097
5433,0.027458,172.31.36.0-255,1514,178416,17,289097
5434,0.027461,172.31.36.0-255,1427,179843,17,289097
5435,0.028839,104.244.42.0-255,66,179909,17,289097
5436,0.028846,104.244.42.0-255,66,179975,17,289097
5437,0.029023,104.244.42.0-255,66,180041,17,289097
5438,0.029303,74.125.68.0-255,1484,181525,17,289097
5439,0.029336,74.125.68.0-255,4320,185845,17,289097
5440,0.029341,172.31.36.0-255,66,185911,17,289097
5441,0.031541,74.125.68.0-255,5738,191649,17,289097
5442,0.031547,172.31.36.0-255,66,191715,17,289097
5443,0.033747,74.125.68.0-255,5738,197453,17,289097
5444,0.033752,172.31.36.0-255,66,197519,17,289097
5445,0.035949,74.125.68.0-255,5738,203257,17,289097
5446,0.035955,172.31.36.0-255,66,203323,17,289097
5447,0.038153,74.125.68.0-255,5738,209061,17,289097
5448,0.03816,172.31.36.0-255,66,209127,17,289097
5449,0.040367,74.125.68.0-255,5738,214865,17,289097
5450,0.040373,172.31.36.0-255,66,214931,17,289097
5451,0.042585,74.125.68.0-255,5738,220669,17,289097
5452,0.04259,172.31.36.0-255,66,220735,17,289097
5453,0.044787,74.125.68.0-255,1484,222219,17,289097
5454,0.044817,74.125.68.0-255,4320,226539,17,289097
5455,0.044821,172.31.36.0-255,66,226605,17,289097
5456,0.047019,74.125.68.0-255,5738,232343,17,289097
5457,0.047025,172.31.36.0-255,66,232409,17,289097
5458,0.04922,74.125.68.0-255,5738,238147,17,289097
5459,0.049226,172.31.36.0-255,66,238213,17,289097
5460,0.051425,74.125.68.0-255,5738,243951,17,289097
5461,0.05143,172.31.36.0-255,66,244017,17,289097
5462,0.05364,74.125.68.0-255,5738,249755,17,289097
5463,0.053646,172.31.36.0-255,66,249821,17,289097
5464,0.055854,74.125.68.0-255,5738,255559,17,289097
5465,0.05586,172.31.36.0-255,66,255625,17,289097
5466,0.05808,74.125.68.0-255,5738,261363,17,289097
5467,0.05809,172.31.36.0-255,66,261429,17,289097
5468,0.060291,74.125.68.0-255,5738,267167,17,289097
5469,0.060297,172.31.36.0-255,66,267233,17,289097
5470,0.06251,74.125.68.0-255,5738,272971,17,289097
5471,0.062515,172.31.36.0-255,66,273037,17,289097
5472,0.064704,74.125.68.0-255,4320,277357,17,289097
5473,0.06471,172.31.36.0-255,66,277423,17,289097
5474,0.06474,74.125.68.0-255,1484,278907,17,289097
5475,0.06691,74.125.68.0-255,4320,283227,17,289097
5476,0.066915,172.31.36.0-255,66,283293,17,289097
5477,0.069118,74.125.68.0-255,5738,289031,17,289097
5478,0.069169,172.31.36.0-255,66,289097,17,289097
5479,0.0,172.217.24.0-255,153,153,17,282046
5480,1.6e-05,172.31.36.0-255,66,219,17,282046
5481,2.2e-05,172.217.24.0-255,1484,1703,17,282046
5482,2.6e-05,172.31.36.0-255,66,1769,17,282046
5483,3.1e-05,172.217.24.0-255,2902,4671,17,282046
5484,3.3e-05,172.31.36.0-255,66,4737,17,282046
5485,4.8e-05,172.217.24.0-255,7156,11893,17,282046
5486,5.1e-05,172.31.36.0-255,66,11959,17,282046
5487,5.7e-05,172.217.24.0-255,4837,16796,17,282046
5488,6e-05,172.31.36.0-255,66,16862,17,282046
5489,6.5e-05,172.217.24.0-255,5738,22600,17,282046
5490,6.8e-05,172.31.36.0-255,66,22666,17,282046
5491,8.6e-05,172.217.24.0-255,1484,24150,17,282046
5492,9.4e-05,172.31.36.0-255,66,24216,17,282046
5493,0.00012,172.217.24.0-255,6797,31013,17,282046
5494,0.000123,172.31.36.0-255,66,31079,17,282046
5495,0.000191,172.217.24.0-255,1484,32563,17,282046
5496,0.000193,172.31.36.0-255,66,32629,17,282046
5497,0.000198,172.217.24.0-255,2902,35531,17,282046
5498,0.0002,172.31.36.0-255,66,35597,17,282046
5499,0.000228,172.217.24.0-255,5738,41335,17,282046
5500,0.00023,172.31.36.0-255,66,41401,17,282046
5501,0.000288,172.31.36.0-255,66,41467,17,282046
5502,0.000313,172.217.24.0-255,2543,44010,17,282046
5503,0.000315,172.31.36.0-255,66,44076,17,282046
5504,0.00033,172.31.36.0-255,66,44142,17,282046
5505,0.000945,172.217.24.0-255,139,44281,17,282046
5506,0.000949,172.31.36.0-255,66,44347,17,282046
5507,0.001122,172.217.24.0-255,1484,45831,17,282046
5508,0.001127,172.31.36.0-255,66,45897,17,282046
5509,0.001133,172.217.24.0-255,2902,48799,17,282046
5510,0.001135,172.31.36.0-255,66,48865,17,282046
5511,0.001146,172.217.24.0-255,5738,54603,17,282046
5512,0.001148,172.31.36.0-255,66,54669,17,282046
5513,0.001151,172.217.24.0-255,1484,56153,17,282046
5514,0.001195,172.31.36.0-255,66,56219,17,282046
5515,0.001206,172.31.36.0-255,66,56285,17,282046
5516,0.0016,172.217.24.0-255,1484,57769,17,282046
5517,0.001609,172.217.24.0-255,2902,60671,17,282046
5518,0.001613,172.31.36.0-255,66,60737,17,282046
5519,0.001618,172.217.24.0-255,1484,62221,17,282046
5520,0.001649,172.217.24.0-255,4320,66541,17,282046
5521,0.001652,172.31.36.0-255,66,66607,17,282046
5522,0.001669,172.217.24.0-255,1484,68091,17,282046
5523,0.001683,172.217.24.0-255,2902,70993,17,282046
5524,0.001686,172.31.36.0-255,66,71059,17,282046
5525,0.001715,172.217.24.0-255,5738,76797,17,282046
5526,0.001718,172.31.36.0-255,66,76863,17,282046
5527,0.001756,172.31.36.0-255,66,76929,17,282046
5528,0.00178,172.217.24.0-255,2184,79113,17,282046
5529,0.001783,172.31.36.0-255,66,79179,17,282046
5530,0.003686,172.217.24.0-255,2902,82081,17,282046
5531,0.003692,172.31.36.0-255,66,82147,17,282046
5532,0.003721,172.217.24.0-255,2902,85049,17,282046
5533,0.003724,172.31.36.0-255,66,85115,17,282046
5534,0.005628,172.217.24.0-255,2902,88017,17,282046
5535,0.005634,172.31.36.0-255,66,88083,17,282046
5536,0.005655,172.217.24.0-255,2902,90985,17,282046
5537,0.005657,172.31.36.0-255,66,91051,17,282046
5538,0.007584,172.217.24.0-255,5738,96789,17,282046
5539,0.007591,172.31.36.0-255,66,96855,17,282046
5540,0.009529,172.217.24.0-255,5738,102593,17,282046
5541,0.009536,172.31.36.0-255,66,102659,17,282046
5542,0.011487,172.217.24.0-255,5738,108397,17,282046
5543,0.011495,172.31.36.0-255,66,108463,17,282046
5544,0.013433,172.217.24.0-255,5738,114201,17,282046
5545,0.01344,172.31.36.0-255,66,114267,17,282046
5546,0.015385,172.217.24.0-255,5738,120005,17,282046
5547,0.015393,172.31.36.0-255,66,120071,17,282046
5548,0.017362,172.217.24.0-255,5738,125809,17,282046
5549,0.01737,172.31.36.0-255,66,125875,17,282046
5550,0.019305,172.217.24.0-255,5738,131613,17,282046
5551,0.019312,172.31.36.0-255,66,131679,17,282046
5552,0.021255,172.217.24.0-255,5738,137417,17,282046
5553,0.021262,172.31.36.0-255,66,137483,17,282046
5554,0.023206,172.217.24.0-255,5738,143221,17,282046
5555,0.023213,172.31.36.0-255,66,143287,17,282046
5556,0.025155,172.217.24.0-255,5738,149025,17,282046
5557,0.025162,172.31.36.0-255,66,149091,17,282046
5558,0.027101,172.217.24.0-255,5738,154829,17,282046
5559,0.027109,172.31.36.0-255,66,154895,17,282046
5560,0.027213,172.31.36.0-255,188,155083,17,282046
5561,0.02724,172.31.36.0-255,961,156044,17,282046
5562,0.027299,172.31.36.0-255,1514,157558,17,282046
5563,0.027301,172.31.36.0-255,1514,159072,17,282046
5564,0.027303,172.31.36.0-255,826,159898,17,282046
5565,0.028774,104.244.42.0-255,66,159964,17,282046
5566,0.028809,104.244.42.0-255,66,160030,17,282046
5567,0.028923,104.244.42.0-255,66,160096,17,282046
5568,0.028946,104.244.42.0-255,66,160162,17,282046
5569,0.029054,172.217.24.0-255,5738,165900,17,282046
5570,0.029059,172.31.36.0-255,66,165966,17,282046
5571,0.031003,172.217.24.0-255,5738,171704,17,282046
5572,0.031009,172.31.36.0-255,66,171770,17,282046
5573,0.032976,172.217.24.0-255,5738,177508,17,282046
5574,0.032983,172.31.36.0-255,66,177574,17,282046
5575,0.034917,172.217.24.0-255,5738,183312,17,282046
5576,0.034923,172.31.36.0-255,66,183378,17,282046
5577,0.036868,172.217.24.0-255,5738,189116,17,282046
5578,0.036874,172.31.36.0-255,66,189182,17,282046
5579,0.038815,172.217.24.0-255,5738,194920,17,282046
5580,0.038822,172.31.36.0-255,66,194986,17,282046
5581,0.040763,172.217.24.0-255,5738,200724,17,282046
5582,0.040772,172.31.36.0-255,66,200790,17,282046
5583,0.042714,172.217.24.0-255,5738,206528,17,282046
5584,0.042721,172.31.36.0-255,66,206594,17,282046
5585,0.044672,172.217.24.0-255,5738,212332,17,282046
5586,0.044679,172.31.36.0-255,66,212398,17,282046
5587,0.04662,172.217.24.0-255,5738,218136,17,282046
5588,0.046626,172.31.36.0-255,66,218202,17,282046
5589,0.048566,172.217.24.0-255,5738,223940,17,282046
5590,0.048573,172.31.36.0-255,66,224006,17,282046
5591,0.050533,172.217.24.0-255,5738,229744,17,282046
5592,0.05054,172.31.36.0-255,66,229810,17,282046
5593,0.052473,172.217.24.0-255,5738,235548,17,282046
5594,0.05248,172.31.36.0-255,66,235614,17,282046
5595,0.054424,172.217.24.0-255,5738,241352,17,282046
5596,0.05443,172.31.36.0-255,66,241418,17,282046
5597,0.056381,172.217.24.0-255,5738,247156,17,282046
5598,0.056388,172.31.36.0-255,66,247222,17,282046
5599,0.058334,172.217.24.0-255,5738,252960,17,282046
5600,0.058341,172.31.36.0-255,66,253026,17,282046
5601,0.060292,172.217.24.0-255,5738,258764,17,282046
5602,0.060298,172.31.36.0-255,66,258830,17,282046
5603,0.062253,172.217.24.0-255,5738,264568,17,282046
5604,0.062259,172.31.36.0-255,66,264634,17,282046
5605,0.064208,172.217.24.0-255,5738,270372,17,282046
5606,0.064214,172.31.36.0-255,66,270438,17,282046
5607,0.066159,172.217.24.0-255,5738,276176,17,282046
5608,0.066165,172.31.36.0-255,66,276242,17,282046
5609,0.068107,172.217.24.0-255,5738,281980,17,282046
5610,0.068115,172.31.36.0-255,66,282046,17,282046
5611,0.0,172.31.36.0-255,105,105,17,276
5612,0.001805,157.240.13.0-255,105,210,17,276
5613,0.001818,172.31.36.0-255,66,276,17,276
5614,0.0,74.125.24.0-255,153,153,17,245238
5615,2.7e-05,172.31.36.0-255,66,219,17,245238
5616,3.3e-05,74.125.24.0-255,1484,1703,17,245238
5617,3.8e-05,172.31.36.0-255,66,1769,17,245238
5618,4.4e-05,74.125.24.0-255,2902,4671,17,245238
5619,4.8e-05,172.31.36.0-255,66,4737,17,245238
5620,5.4e-05,74.125.24.0-255,5738,10475,17,245238
5621,5.6e-05,172.31.36.0-255,66,10541,17,245238
5622,7.7e-05,74.125.24.0-255,4892,15433,17,245238
5623,7.9e-05,172.31.36.0-255,66,15499,17,245238
5624,0.000105,74.125.24.0-255,5738,21237,17,245238
5625,0.000107,172.31.36.0-255,66,21303,17,245238
5626,0.000135,172.31.36.0-255,66,21369,17,245238
5627,0.000818,74.125.24.0-255,1484,22853,17,245238
5628,0.000825,172.31.36.0-255,66,22919,17,245238
5629,0.000834,74.125.24.0-255,2902,25821,17,245238
5630,0.000837,172.31.36.0-255,66,25887,17,245238
5631,0.000844,74.125.24.0-255,5738,31625,17,245238
5632,0.000846,172.31.36.0-255,66,31691,17,245238
5633,0.000871,172.31.36.0-255,66,31757,17,245238
5634,0.000908,74.125.24.0-255,5379,37136,17,245238
5635,0.000912,172.31.36.0-255,66,37202,17,245238
5636,0.000923,172.31.36.0-255,66,37268,17,245238
5637,0.001313,74.125.24.0-255,380,37648,17,245238
5638,0.001319,172.31.36.0-255,66,37714,17,245238
5639,0.001909,74.125.24.0-255,1484,39198,17,245238
5640,0.001913,172.31.36.0-255,66,39264,17,245238
5641,0.001933,74.125.24.0-255,2902,42166,17,245238
5642,0.001936,172.31.36.0-255,66,42232,17,245238
5643,0.001942,74.125.24.0-255,5738,47970,17,245238
5644,0.001944,172.31.36.0-255,66,48036,17,245238
5645,0.001976,172.31.36.0-255,66,48102,17,245238
5646,0.001995,74.125.24.0-255,2902,51004,17,245238
5647,0.001998,172.31.36.0-255,66,51070,17,245238
5648,0.002029,172.31.36.0-255,66,51136,17,245238
5649,0.002088,74.125.24.0-255,1484,52620,17,245238
5650,0.002092,74.125.24.0-255,1484,54104,17,245238
5651,0.002094,172.31.36.0-255,66,54170,17,245238
5652,0.002111,74.125.24.0-255,1484,55654,17,245238
5653,0.004092,74.125.24.0-255,1484,57138,17,245238
5654,0.004098,172.31.36.0-255,66,57204,17,245238
5655,0.004122,74.125.24.0-255,2902,60106,17,245238
5656,0.004125,172.31.36.0-255,66,60172,17,245238
5657,0.006159,74.125.24.0-255,2902,63074,17,245238
5658,0.006165,172.31.36.0-255,66,63140,17,245238
5659,0.00619,74.125.24.0-255,2902,66042,17,245238
5660,0.006192,172.31.36.0-255,66,66108,17,245238
5661,0.008261,74.125.24.0-255,5738,71846,17,245238
5662,0.008271,172.31.36.0-255,66,71912,17,245238
5663,0.01037,74.125.24.0-255,5738,77650,17,245238
5664,0.010378,172.31.36.0-255,66,77716,17,245238
5665,0.012461,74.125.24.0-255,5738,83454,17,245238
5666,0.012471,172.31.36.0-255,66,83520,17,245238
5667,0.014552,74.125.24.0-255,5738,89258,17,245238
5668,0.014562,172.31.36.0-255,66,89324,17,245238
5669,0.016649,74.125.24.0-255,5738,95062,17,245238
5670,0.016658,172.31.36.0-255,66,95128,17,245238
5671,0.018717,74.125.24.0-255,5738,100866,17,245238
5672,0.018725,172.31.36.0-255,66,100932,17,245238
5673,0.020427,172.31.36.0-255,172,101104,17,245238
5674,0.020461,172.31.36.0-255,1118,102222,17,245238
5675,0.020523,172.31.36.0-255,1514,103736,17,245238
5676,0.020525,172.31.36.0-255,1514,105250,17,245238
5677,0.02053,172.31.36.0-255,1514,106764,17,245238
5678,0.020531,172.31.36.0-255,1048,107812,17,245238
5679,0.020801,74.125.24.0-255,5738,113550,17,245238
5680,0.020808,172.31.36.0-255,66,113616,17,245238
5681,0.021986,104.244.42.0-255,66,113682,17,245238
5682,0.022005,104.244.42.0-255,66,113748,17,245238
5683,0.022122,104.244.42.0-255,66,113814,17,245238
5684,0.022128,104.244.42.0-255,66,113880,17,245238
5685,0.022731,104.244.42.0-255,108,113988,17,245238
5686,0.022741,172.31.36.0-255,66,114054,17,245238
5687,0.022905,74.125.24.0-255,5738,119792,17,245238
5688,0.02291,172.31.36.0-255,66,119858,17,245238
5689,0.024979,74.125.24.0-255,5738,125596,17,245238
5690,0.024986,172.31.36.0-255,66,125662,17,245238
5691,0.027085,74.125.24.0-255,5738,131400,17,245238
5692,0.027093,172.31.36.0-255,66,131466,17,245238
5693,0.029174,74.125.24.0-255,5738,137204,17,245238
5694,0.029181,172.31.36.0-255,66,137270,17,245238
5695,0.031257,74.125.24.0-255,5738,143008,17,245238
5696,0.031264,172.31.36.0-255,66,143074,17,245238
5697,0.033356,74.125.24.0-255,5738,148812,17,245238
5698,0.033363,172.31.36.0-255,66,148878,17,245238
5699,0.035436,74.125.24.0-255,5738,154616,17,245238
5700,0.035442,172.31.36.0-255,66,154682,17,245238
5701,0.03752,74.125.24.0-255,5738,160420,17,245238
5702,0.037527,172.31.36.0-255,66,160486,17,245238
5703,0.039605,74.125.24.0-255,5738,166224,17,245238
5704,0.039611,172.31.36.0-255,66,166290,17,245238
5705,0.041708,74.125.24.0-255,2902,169192,17,245238
5706,0.041717,172.31.36.0-255,66,169258,17,245238
5707,0.041735,74.125.24.0-255,2902,172160,17,245238
5708,0.041738,172.31.36.0-255,66,172226,17,245238
5709,0.043796,74.125.24.0-255,2902,175128,17,245238
5710,0.043802,172.31.36.0-255,66,175194,17,245238
5711,0.043821,74.125.24.0-255,2902,178096,17,245238
5712,0.043824,172.31.36.0-255,66,178162,17,245238
5713,0.045871,74.125.24.0-255,2902,181064,17,245238
5714,0.045878,172.31.36.0-255,66,181130,17,245238
5715,0.045898,74.125.24.0-255,2902,184032,17,245238
5716,0.045901,172.31.36.0-255,66,184098,17,245238
5717,0.047964,74.125.24.0-255,5738,189836,17,245238
5718,0.04797,172.31.36.0-255,66,189902,17,245238
5719,0.050048,74.125.24.0-255,5738,195640,17,245238
5720,0.050055,172.31.36.0-255,66,195706,17,245238
5721,0.052197,74.125.24.0-255,5738,201444,17,245238
5722,0.052204,172.31.36.0-255,66,201510,17,245238
5723,0.054282,74.125.24.0-255,4320,205830,17,245238
5724,0.054289,172.31.36.0-255,66,205896,17,245238
5725,0.054309,74.125.24.0-255,1484,207380,17,245238
5726,0.056344,74.125.24.0-255,4320,211700,17,245238
5727,0.05635,172.31.36.0-255,66,211766,17,245238
5728,0.058412,74.125.24.0-255,5738,217504,17,245238
5729,0.058418,172.31.36.0-255,66,217570,17,245238
5730,0.060488,74.125.24.0-255,5738,223308,17,245238
5731,0.060493,172.31.36.0-255,66,223374,17,245238
5732,0.062559,74.125.24.0-255,5738,229112,17,245238
5733,0.062564,172.31.36.0-255,66,229178,17,245238
5734,0.064631,74.125.24.0-255,4320,233498,17,245238
5735,0.064637,172.31.36.0-255,66,233564,17,245238
5736,0.064667,74.125.24.0-255,1484,235048,17,245238
5737,0.066734,74.125.24.0-255,4320,239368,17,245238
5738,0.066739,172.31.36.0-255,66,239434,17,245238
5739,0.068784,74.125.24.0-255,5738,245172,17,245238
5740,0.068789,172.31.36.0-255,66,245238,17,245238
5741,0.0,172.217.27.0-255,153,153,17,314441
5742,2.7e-05,172.31.36.0-255,66,219,17,314441
5743,3.4e-05,172.217.27.0-255,1484,1703,17,314441
5744,3.8e-05,172.31.36.0-255,66,1769,17,314441
5745,4.3e-05,172.217.27.0-255,2902,4671,17,314441
5746,5.3e-05,172.31.36.0-255,66,4737,17,314441
5747,5.7e-05,172.217.27.0-255,2902,7639,17,314441
5748,6.2e-05,172.31.36.0-255,66,7705,17,314441
5749,6.7e-05,172.217.27.0-255,4320,12025,17,314441
5750,6.9e-05,172.31.36.0-255,66,12091,17,314441
5751,0.00011,172.31.36.0-255,66,12157,17,314441
5752,0.000169,172.217.27.0-255,4320,16477,17,314441
5753,0.000173,172.31.36.0-255,66,16543,17,314441
5754,0.000203,172.217.27.0-255,5379,21922,17,314441
5755,0.000207,172.31.36.0-255,66,21988,17,314441
5756,0.000232,172.217.27.0-255,1484,23472,17,314441
5757,0.000235,172.31.36.0-255,66,23538,17,314441
5758,0.000263,172.217.27.0-255,2902,26440,17,314441
5759,0.000266,172.31.36.0-255,66,26506,17,314441
5760,0.000271,172.217.27.0-255,4320,30826,17,314441
5761,0.000274,172.31.36.0-255,66,30892,17,314441
5762,0.000311,172.31.36.0-255,66,30958,17,314441
5763,0.00037,172.217.27.0-255,5738,36696,17,314441
5764,0.000374,172.31.36.0-255,66,36762,17,314441
5765,0.000407,172.31.36.0-255,66,36828,17,314441
5766,0.000456,172.217.27.0-255,388,37216,17,314441
5767,0.00046,172.31.36.0-255,66,37282,17,314441
5768,0.00076,172.217.27.0-255,120,37402,17,314441
5769,0.000764,172.31.36.0-255,66,37468,17,314441
5770,0.000958,172.217.27.0-255,1484,38952,17,314441
5771,0.000967,172.217.27.0-255,1484,40436,17,314441
5772,0.000971,172.31.36.0-255,66,40502,17,314441
5773,0.00099,172.217.27.0-255,1484,41986,17,314441
5774,0.000998,172.217.27.0-255,5738,47724,17,314441
5775,0.001001,172.31.36.0-255,66,47790,17,314441
5776,0.001041,172.217.27.0-255,1484,49274,17,314441
5777,0.001057,172.217.27.0-255,4320,53594,17,314441
5778,0.00106,172.31.36.0-255,66,53660,17,314441
5779,0.00109,172.31.36.0-255,66,53726,17,314441
5780,0.00114,172.31.36.0-255,66,53792,17,314441
5781,0.001538,172.217.27.0-255,1484,55276,17,314441
5782,0.001545,172.217.27.0-255,2902,58178,17,314441
5783,0.001549,172.31.36.0-255,66,58244,17,314441
5784,0.001585,172.217.27.0-255,1484,59728,17,314441
5785,0.0016,172.217.27.0-255,4320,64048,17,314441
5786,0.001602,172.31.36.0-255,66,64114,17,314441
5787,0.001608,172.217.27.0-255,5738,69852,17,314441
5788,0.00161,172.31.36.0-255,66,69918,17,314441
5789,0.001628,172.217.27.0-255,2902,72820,17,314441
5790,0.00163,172.31.36.0-255,66,72886,17,314441
5791,0.00166,172.217.27.0-255,1484,74370,17,314441
5792,0.001683,172.31.36.0-255,66,74436,17,314441
5793,0.001736,172.217.27.0-255,2902,77338,17,314441
5794,0.001738,172.31.36.0-255,66,77404,17,314441
5795,0.001764,172.217.27.0-255,2184,79588,17,314441
5796,0.001766,172.31.36.0-255,66,79654,17,314441
5797,0.003407,172.217.27.0-255,2902,82556,17,314441
5798,0.003413,172.31.36.0-255,66,82622,17,314441
5799,0.003441,172.217.27.0-255,2902,85524,17,314441
5800,0.003446,172.31.36.0-255,66,85590,17,314441
5801,0.005086,172.217.27.0-255,2902,88492,17,314441
5802,0.005091,172.31.36.0-255,66,88558,17,314441
5803,0.005119,172.217.27.0-255,2902,91460,17,314441
5804,0.005121,172.31.36.0-255,66,91526,17,314441
5805,0.006759,172.217.27.0-255,2902,94428,17,314441
5806,0.006765,172.31.36.0-255,66,94494,17,314441
5807,0.006807,172.217.27.0-255,2902,97396,17,314441
5808,0.00681,172.31.36.0-255,66,97462,17,314441
5809,0.008439,172.217.27.0-255,2902,100364,17,314441
5810,0.008445,172.31.36.0-255,66,100430,17,314441
5811,0.00847,172.217.27.0-255,2902,103332,17,314441
5812,0.008474,172.31.36.0-255,66,103398,17,314441
5813,0.010117,172.217.27.0-255,2902,106300,17,314441
5814,0.010123,172.31.36.0-255,66,106366,17,314441
5815,0.010148,172.217.27.0-255,2902,109268,17,314441
5816,0.01015,172.31.36.0-255,66,109334,17,314441
5817,0.011808,172.217.27.0-255,5738,115072,17,314441
5818,0.011817,172.31.36.0-255,66,115138,17,314441
5819,0.013489,172.217.27.0-255,5738,120876,17,314441
5820,0.013498,172.31.36.0-255,66,120942,17,314441
5821,0.015182,172.217.27.0-255,5738,126680,17,314441
5822,0.015189,172.31.36.0-255,66,126746,17,314441
5823,0.016868,172.217.27.0-255,5738,132484,17,314441
5824,0.016876,172.31.36.0-255,66,132550,17,314441
5825,0.01856,172.217.27.0-255,5738,138288,17,314441
5826,0.018567,172.31.36.0-255,66,138354,17,314441
5827,0.020238,172.217.27.0-255,5738,144092,17,314441
5828,0.020245,172.31.36.0-255,66,144158,17,314441
5829,0.021922,172.217.27.0-255,5738,149896,17,314441
5830,0.021929,172.31.36.0-255,66,149962,17,314441
5831,0.022378,172.31.36.0-255,172,150134,17,314441
5832,0.022421,172.31.36.0-255,1118,151252,17,314441
5833,0.022497,172.31.36.0-255,1514,152766,17,314441
5834,0.022499,172.31.36.0-255,1270,154036,17,314441
5835,0.02361,172.217.27.0-255,5738,159774,17,314441
5836,0.023617,172.31.36.0-255,66,159840,17,314441
5837,0.023918,104.244.42.0-255,66,159906,17,314441
5838,0.023969,104.244.42.0-255,66,159972,17,314441
5839,0.024064,104.244.42.0-255,66,160038,17,314441
5840,0.025289,172.217.27.0-255,2902,162940,17,314441
5841,0.025292,172.31.36.0-255,66,163006,17,314441
5842,0.025319,172.217.27.0-255,2902,165908,17,314441
5843,0.025321,172.31.36.0-255,66,165974,17,314441
5844,0.026955,172.217.27.0-255,2902,168876,17,314441
5845,0.02696,172.31.36.0-255,66,168942,17,314441
5846,0.026993,172.217.27.0-255,2902,171844,17,314441
5847,0.026996,172.31.36.0-255,66,171910,17,314441
5848,0.028641,172.217.27.0-255,2902,174812,17,314441
5849,0.028648,172.31.36.0-255,66,174878,17,314441
5850,0.028681,172.217.27.0-255,2902,177780,17,314441
5851,0.028684,172.31.36.0-255,66,177846,17,314441
5852,0.030316,172.217.27.0-255,2902,180748,17,314441
5853,0.030322,172.31.36.0-255,66,180814,17,314441
5854,0.030354,172.217.27.0-255,2902,183716,17,314441
5855,0.030357,172.31.36.0-255,66,183782,17,314441
5856,0.031988,172.217.27.0-255,1484,185266,17,314441
5857,0.032016,172.217.27.0-255,2902,188168,17,314441
5858,0.03202,172.31.36.0-255,66,188234,17,314441
5859,0.032052,172.217.27.0-255,1484,189718,17,314441
5860,0.033694,172.217.27.0-255,4320,194038,17,314441
5861,0.0337,172.31.36.0-255,66,194104,17,314441
5862,0.035388,172.217.27.0-255,2902,197006,17,314441
5863,0.035394,172.31.36.0-255,66,197072,17,314441
5864,0.035423,172.217.27.0-255,2902,199974,17,314441
5865,0.035426,172.31.36.0-255,66,200040,17,314441
5866,0.037057,172.217.27.0-255,2902,202942,17,314441
5867,0.037063,172.31.36.0-255,66,203008,17,314441
5868,0.037098,172.217.27.0-255,2902,205910,17,314441
5869,0.037101,172.31.36.0-255,66,205976,17,314441
5870,0.038735,172.217.27.0-255,2902,208878,17,314441
5871,0.038741,172.31.36.0-255,66,208944,17,314441
5872,0.038778,172.217.27.0-255,2902,211846,17,314441
5873,0.038782,172.31.36.0-255,66,211912,17,314441
5874,0.04041,172.217.27.0-255,1484,213396,17,314441
5875,0.040447,172.217.27.0-255,4320,217716,17,314441
5876,0.040452,172.31.36.0-255,66,217782,17,314441
5877,0.042128,172.217.27.0-255,5738,223520,17,314441
5878,0.042133,172.31.36.0-255,66,223586,17,314441
5879,0.043818,172.217.27.0-255,5738,229324,17,314441
5880,0.043824,172.31.36.0-255,66,229390,17,314441
5881,0.045504,172.217.27.0-255,5738,235128,17,314441
5882,0.045509,172.31.36.0-255,66,235194,17,314441
5883,0.047225,172.217.27.0-255,5738,240932,17,314441
5884,0.04723,172.31.36.0-255,66,240998,17,314441
5885,0.048917,172.217.27.0-255,5738,246736,17,314441
5886,0.048922,172.31.36.0-255,66,246802,17,314441
5887,0.050596,172.217.27.0-255,5738,252540,17,314441
5888,0.050602,172.31.36.0-255,66,252606,17,314441
5889,0.052271,172.217.27.0-255,5738,258344,17,314441
5890,0.052277,172.31.36.0-255,66,258410,17,314441
5891,0.052396,172.31.36.0-255,101,258511,17,314441
5892,0.053944,172.217.27.0-255,4320,262831,17,314441
5893,0.05395,172.31.36.0-255,66,262897,17,314441
5894,0.053984,172.217.27.0-255,1484,264381,17,314441
5895,0.05403,172.217.27.0-255,66,264447,17,314441
5896,0.055613,172.217.27.0-255,2902,267349,17,314441
5897,0.055619,172.31.36.0-255,66,267415,17,314441
5898,0.055652,172.217.27.0-255,1484,268899,17,314441
5899,0.0573,172.217.27.0-255,4320,273219,17,314441
5900,0.057305,172.31.36.0-255,66,273285,17,314441
5901,0.058984,172.217.27.0-255,5738,279023,17,314441
5902,0.05899,172.31.36.0-255,66,279089,17,314441
5903,0.06067,172.217.27.0-255,5738,284827,17,314441
5904,0.060676,172.31.36.0-255,66,284893,17,314441
5905,0.06235,172.217.27.0-255,5738,290631,17,314441
5906,0.062356,172.31.36.0-255,66,290697,17,314441
5907,0.064045,172.217.27.0-255,2902,293599,17,314441
5908,0.064051,172.31.36.0-255,66,293665,17,314441
5909,0.064088,172.217.27.0-255,2902,296567,17,314441
5910,0.064092,172.31.36.0-255,66,296633,17,314441
5911,0.065732,172.217.27.0-255,2902,299535,17,314441
5912,0.065737,172.31.36.0-255,66,299601,17,314441
5913,0.065773,172.217.27.0-255,2902,302503,17,314441
5914,0.065776,172.31.36.0-255,66,302569,17,314441
5915,0.067406,172.217.27.0-255,2902,305471,17,314441
5916,0.067411,172.31.36.0-255,66,305537,17,314441
5917,0.067444,172.217.27.0-255,2902,308439,17,314441
5918,0.067447,172.31.36.0-255,66,308505,17,314441
5919,0.069078,172.217.27.0-255,2902,311407,17,314441
5920,0.069084,172.31.36.0-255,66,311473,17,314441
5921,0.069117,172.217.27.0-255,2902,314375,17,314441
5922,0.06912,172.31.36.0-255,66,314441,17,314441
5923,0.0,172.253.118.0-255,153,153,17,283766
5924,1.4e-05,172.31.36.0-255,66,219,17,283766
5925,4.7e-05,172.253.118.0-255,1484,1703,17,283766
5926,5.2e-05,172.31.36.0-255,66,1769,17,283766
5927,5.8e-05,172.253.118.0-255,2902,4671,17,283766
5928,6e-05,172.31.36.0-255,66,4737,17,283766
5929,6.7e-05,172.253.118.0-255,5738,10475,17,283766
5930,7e-05,172.31.36.0-255,66,10541,17,283766
5931,0.000115,172.253.118.0-255,3493,14034,17,283766
5932,0.000118,172.31.36.0-255,66,14100,17,283766
5933,0.000122,172.253.118.0-255,1484,15584,17,283766
5934,0.000125,172.31.36.0-255,66,15650,17,283766
5935,0.000148,172.253.118.0-255,2902,18552,17,283766
5936,0.000151,172.31.36.0-255,66,18618,17,283766
5937,0.000158,172.253.118.0-255,5738,24356,17,283766
5938,0.00016,172.31.36.0-255,66,24422,17,283766
5939,0.000207,172.253.118.0-255,6797,31219,17,283766
5940,0.000209,172.31.36.0-255,66,31285,17,283766
5941,0.000311,172.253.118.0-255,1484,32769,17,283766
5942,0.000315,172.31.36.0-255,66,32835,17,283766
5943,0.000319,172.253.118.0-255,1484,34319,17,283766
5944,0.000321,172.31.36.0-255,66,34385,17,283766
5945,0.000342,172.253.118.0-255,1484,35869,17,283766
5946,0.000344,172.31.36.0-255,66,35935,17,283766
5947,0.000356,172.253.118.0-255,5738,41673,17,283766
5948,0.000358,172.31.36.0-255,66,41739,17,283766
5949,0.000365,172.253.118.0-255,6797,48536,17,283766
5950,0.000369,172.31.36.0-255,66,48602,17,283766
5951,0.000374,172.253.118.0-255,4320,52922,17,283766
5952,0.000376,172.31.36.0-255,66,52988,17,283766
5953,0.000404,172.253.118.0-255,2902,55890,17,283766
5954,0.000407,172.31.36.0-255,66,55956,17,283766
5955,0.000418,172.31.36.0-255,66,56022,17,283766
5956,0.000437,172.253.118.0-255,364,56386,17,283766
5957,0.000483,172.253.118.0-255,130,56516,17,283766
5958,0.000944,172.253.118.0-255,348,56864,17,283766
5959,0.001094,172.253.118.0-255,1484,58348,17,283766
5960,0.0011,172.31.36.0-255,66,58414,17,283766
5961,0.001106,172.253.118.0-255,2902,61316,17,283766
5962,0.001108,172.31.36.0-255,66,61382,17,283766
5963,0.001137,172.253.118.0-255,5738,67120,17,283766
5964,0.00114,172.31.36.0-255,66,67186,17,283766
5965,0.001145,172.253.118.0-255,4320,71506,17,283766
5966,0.001147,172.31.36.0-255,66,71572,17,283766
5967,0.001189,172.31.36.0-255,66,71638,17,283766
5968,0.001202,172.31.36.0-255,66,71704,17,283766
5969,0.002077,172.253.118.0-255,1484,73188,17,283766
5970,0.002088,172.253.118.0-255,2902,76090,17,283766
5971,0.002092,172.31.36.0-255,66,76156,17,283766
5972,0.002099,172.253.118.0-255,2902,79058,17,283766
5973,0.0021,172.31.36.0-255,66,79124,17,283766
5974,0.002107,172.253.118.0-255,5738,84862,17,283766
5975,0.002109,172.31.36.0-255,66,84928,17,283766
5976,0.002141,172.253.118.0-255,4320,89248,17,283766
5977,0.002143,172.31.36.0-255,66,89314,17,283766
5978,0.00215,172.253.118.0-255,5738,95052,17,283766
5979,0.002152,172.31.36.0-255,66,95118,17,283766
5980,0.004222,172.253.118.0-255,5738,100856,17,283766
5981,0.004226,172.31.36.0-255,66,100922,17,283766
5982,0.006304,172.253.118.0-255,5738,106660,17,283766
5983,0.006307,172.31.36.0-255,66,106726,17,283766
5984,0.008378,172.253.118.0-255,5738,112464,17,283766
5985,0.008385,172.31.36.0-255,66,112530,17,283766
5986,0.010475,172.253.118.0-255,5738,118268,17,283766
5987,0.010483,172.31.36.0-255,66,118334,17,283766
5988,0.012561,172.253.118.0-255,5738,124072,17,283766
5989,0.012567,172.31.36.0-255,66,124138,17,283766
5990,0.014667,172.253.118.0-255,5738,129876,17,283766
5991,0.014677,172.31.36.0-255,66,129942,17,283766
5992,0.016754,172.253.118.0-255,5738,135680,17,283766
5993,0.016762,172.31.36.0-255,66,135746,17,283766
5994,0.018873,172.253.118.0-255,5738,141484,17,283766
5995,0.01888,172.31.36.0-255,66,141550,17,283766
5996,0.020952,172.253.118.0-255,5738,147288,17,283766
5997,0.02096,172.31.36.0-255,66,147354,17,283766
5998,0.023048,172.253.118.0-255,5738,153092,17,283766
5999,0.023054,172.31.36.0-255,66,153158,17,283766
6000,0.025142,172.253.118.0-255,5738,158896,17,283766
6001,0.025149,172.31.36.0-255,66,158962,17,283766
6002,0.027213,172.253.118.0-255,4320,163282,17,283766
6003,0.027218,172.31.36.0-255,66,163348,17,283766
6004,0.027231,172.253.118.0-255,1484,164832,17,283766
6005,0.028009,172.31.36.0-255,172,165004,17,283766
6006,0.028039,172.31.36.0-255,1117,166121,17,283766
6007,0.028122,172.31.36.0-255,1514,167635,17,283766
6008,0.028123,172.31.36.0-255,1271,168906,17,283766
6009,0.029315,172.253.118.0-255,4320,173226,17,283766
6010,0.029323,172.31.36.0-255,66,173292,17,283766
6011,0.029674,104.244.42.0-255,66,173358,17,283766
6012,0.029782,104.244.42.0-255,66,173424,17,283766
6013,0.029873,104.244.42.0-255,66,173490,17,283766
6014,0.031397,172.253.118.0-255,5738,179228,17,283766
6015,0.031402,172.31.36.0-255,66,179294,17,283766
6016,0.033481,172.253.118.0-255,5738,185032,17,283766
6017,0.033487,172.31.36.0-255,66,185098,17,283766
6018,0.035577,172.253.118.0-255,5738,190836,17,283766
6019,0.035583,172.31.36.0-255,66,190902,17,283766
6020,0.03768,172.253.118.0-255,5738,196640,17,283766
6021,0.037686,172.31.36.0-255,66,196706,17,283766
6022,0.039787,172.253.118.0-255,5738,202444,17,283766
6023,0.039794,172.31.36.0-255,66,202510,17,283766
6024,0.041889,172.253.118.0-255,5738,208248,17,283766
6025,0.041895,172.31.36.0-255,66,208314,17,283766
6026,0.043973,172.253.118.0-255,5738,214052,17,283766
6027,0.043981,172.31.36.0-255,66,214118,17,283766
6028,0.046078,172.253.118.0-255,5738,219856,17,283766
6029,0.046084,172.31.36.0-255,66,219922,17,283766
6030,0.048171,172.253.118.0-255,5738,225660,17,283766
6031,0.048178,172.31.36.0-255,66,225726,17,283766
6032,0.050296,172.253.118.0-255,5738,231464,17,283766
6033,0.050311,172.31.36.0-255,66,231530,17,283766
6034,0.052403,172.253.118.0-255,5738,237268,17,283766
6035,0.05242,172.31.36.0-255,66,237334,17,283766
6036,0.054503,172.253.118.0-255,5738,243072,17,283766
6037,0.054518,172.31.36.0-255,66,243138,17,283766
6038,0.056598,172.253.118.0-255,5738,248876,17,283766
6039,0.056605,172.31.36.0-255,66,248942,17,283766
6040,0.058704,172.253.118.0-255,5738,254680,17,283766
6041,0.058717,172.31.36.0-255,66,254746,17,283766
6042,0.060838,172.253.118.0-255,5738,260484,17,283766
6043,0.060846,172.31.36.0-255,66,260550,17,283766
6044,0.062926,172.253.118.0-255,5738,266288,17,283766
6045,0.062933,172.31.36.0-255,66,266354,17,283766
6046,0.065018,172.253.118.0-255,5738,272092,17,283766
6047,0.065029,172.31.36.0-255,66,272158,17,283766
6048,0.067118,172.253.118.0-255,5738,277896,17,283766
6049,0.067125,172.31.36.0-255,66,277962,17,283766
6050,0.069204,172.253.118.0-255,5738,283700,17,283766
6051,0.06921,172.31.36.0-255,66,283766,17,283766
6052,0.0,172.217.194.0-255,218,218,17,190876
6053,3.1e-05,172.31.36.0-255,66,284,17,190876
6054,3.8e-05,172.217.194.0-255,1484,1768,17,190876
6055,4.3e-05,172.31.36.0-255,66,1834,17,190876
6056,4.9e-05,172.217.194.0-255,4320,6154,17,190876
6057,5.1e-05,172.31.36.0-255,66,6220,17,190876
6058,6.2e-05,172.31.36.0-255,66,6286,17,190876
6059,7.3e-05,172.31.36.0-255,66,6352,17,190876
6060,0.000119,172.31.36.0-255,66,6418,17,190876
6061,0.000428,172.217.194.0-255,1484,7902,17,190876
6062,0.000434,172.31.36.0-255,66,7968,17,190876
6063,0.00044,172.217.194.0-255,2902,10870,17,190876
6064,0.000443,172.31.36.0-255,66,10936,17,190876
6065,0.000466,172.217.194.0-255,2902,13838,17,190876
6066,0.000469,172.31.36.0-255,66,13904,17,190876
6067,0.000489,172.217.194.0-255,2902,16806,17,190876
6068,0.000492,172.31.36.0-255,66,16872,17,190876
6069,0.000517,172.31.36.0-255,66,16938,17,190876
6070,0.000539,172.217.194.0-255,2902,19840,17,190876
6071,0.000542,172.31.36.0-255,66,19906,17,190876
6072,0.000549,172.217.194.0-255,7156,27062,17,190876
6073,0.000551,172.31.36.0-255,66,27128,17,190876
6074,0.000567,172.217.194.0-255,3602,30730,17,190876
6075,0.000571,172.31.36.0-255,66,30796,17,190876
6076,0.000589,172.217.194.0-255,341,31137,17,190876
6077,0.000592,172.31.36.0-255,66,31203,17,190876
6078,0.000625,172.217.194.0-255,1484,32687,17,190876
6079,0.000628,172.31.36.0-255,66,32753,17,190876
6080,0.000649,172.217.194.0-255,4320,37073,17,190876
6081,0.000651,172.31.36.0-255,66,37139,17,190876
6082,0.000656,172.217.194.0-255,2902,40041,17,190876
6083,0.000658,172.31.36.0-255,66,40107,17,190876
6084,0.000677,172.217.194.0-255,4320,44427,17,190876
6085,0.00068,172.31.36.0-255,66,44493,17,190876
6086,0.000695,172.217.194.0-255,5738,50231,17,190876
6087,0.000698,172.31.36.0-255,66,50297,17,190876
6088,0.000731,172.31.36.0-255,66,50363,17,190876
6089,0.00077,172.217.194.0-255,5020,55383,17,190876
6090,0.000774,172.31.36.0-255,66,55449,17,190876
6091,0.000794,172.217.194.0-255,4320,59769,17,190876
6092,0.000799,172.31.36.0-255,66,59835,17,190876
6093,0.000818,172.217.194.0-255,5738,65573,17,190876
6094,0.000821,172.31.36.0-255,66,65639,17,190876
6095,0.000834,172.217.194.0-255,2902,68541,17,190876
6096,0.000837,172.31.36.0-255,66,68607,17,190876
6097,0.000868,172.31.36.0-255,66,68673,17,190876
6098,0.000871,172.217.194.0-255,7156,75829,17,190876
6099,0.000873,172.31.36.0-255,66,75895,17,190876
6100,0.000901,172.217.194.0-255,2902,78797,17,190876
6101,0.000904,172.31.36.0-255,66,78863,17,190876
6102,0.000941,172.31.36.0-255,66,78929,17,190876
6103,0.000953,172.217.194.0-255,1484,80413,17,190876
6104,0.000993,172.31.36.0-255,66,80479,17,190876
6105,0.000999,172.217.194.0-255,4320,84799,17,190876
6106,0.001002,172.31.36.0-255,66,84865,17,190876
6107,0.001029,172.31.36.0-255,66,84931,17,190876
6108,0.001042,172.31.36.0-255,66,84997,17,190876
6109,0.001063,172.217.194.0-255,2902,87899,17,190876
6110,0.001066,172.31.36.0-255,66,87965,17,190876
6111,0.001071,172.217.194.0-255,2184,90149,17,190876
6112,0.001073,172.31.36.0-255,66,90215,17,190876
6113,0.001076,172.217.194.0-255,1484,91699,17,190876
6114,0.001092,172.217.194.0-255,1484,93183,17,190876
6115,0.001095,172.31.36.0-255,66,93249,17,190876
6116,0.0011,172.217.194.0-255,2902,96151,17,190876
6117,0.001102,172.31.36.0-255,66,96217,17,190876
6118,0.001139,172.217.194.0-255,4320,100537,17,190876
6119,0.001143,172.31.36.0-255,66,100603,17,190876
6120,0.001147,172.217.194.0-255,7156,107759,17,190876
6121,0.001149,172.31.36.0-255,66,107825,17,190876
6122,0.001164,172.31.36.0-255,66,107891,17,190876
6123,0.001167,172.217.194.0-255,766,108657,17,190876
6124,0.001186,172.217.194.0-255,1484,110141,17,190876
6125,0.001189,172.31.36.0-255,66,110207,17,190876
6126,0.001195,172.217.194.0-255,4320,114527,17,190876
6127,0.001197,172.31.36.0-255,66,114593,17,190876
6128,0.00122,172.217.194.0-255,7156,121749,17,190876
6129,0.001224,172.31.36.0-255,66,121815,17,190876
6130,0.001235,172.217.194.0-255,1484,123299,17,190876
6131,0.00124,172.217.194.0-255,2902,126201,17,190876
6132,0.001243,172.31.36.0-255,66,126267,17,190876
6133,0.001266,172.217.194.0-255,7156,133423,17,190876
6134,0.00127,172.31.36.0-255,66,133489,17,190876
6135,0.001273,172.217.194.0-255,1484,134973,17,190876
6136,0.001304,172.31.36.0-255,66,135039,17,190876
6137,0.001315,172.31.36.0-255,66,135105,17,190876
6138,0.001386,172.31.36.0-255,66,135171,17,190876
6139,0.001397,172.31.36.0-255,66,135237,17,190876
6140,0.001536,172.217.194.0-255,1484,136721,17,190876
6141,0.001542,172.217.194.0-255,2902,139623,17,190876
6142,0.001545,172.31.36.0-255,66,139689,17,190876
6143,0.001551,172.217.194.0-255,2902,142591,17,190876
6144,0.001553,172.31.36.0-255,66,142657,17,190876
6145,0.001569,172.217.194.0-255,2902,145559,17,190876
6146,0.001572,172.31.36.0-255,66,145625,17,190876
6147,0.001579,172.217.194.0-255,5738,151363,17,190876
6148,0.001582,172.31.36.0-255,66,151429,17,190876
6149,0.0016,172.217.194.0-255,4320,155749,17,190876
6150,0.001603,172.31.36.0-255,66,155815,17,190876
6151,0.001648,172.31.36.0-255,66,155881,17,190876
6152,0.001667,172.217.194.0-255,2184,158065,17,190876
6153,0.00167,172.31.36.0-255,66,158131,17,190876
6154,0.001685,172.31.36.0-255,66,158197,17,190876
6155,0.001691,172.217.194.0-255,5738,163935,17,190876
6156,0.001695,172.31.36.0-255,66,164001,17,190876
6157,0.001711,172.217.194.0-255,2902,166903,17,190876
6158,0.001714,172.31.36.0-255,66,166969,17,190876
6159,0.001728,172.217.194.0-255,1484,168453,17,190876
6160,0.001751,172.31.36.0-255,66,168519,17,190876
6161,0.001781,172.217.194.0-255,4320,172839,17,190876
6162,0.001785,172.31.36.0-255,66,172905,17,190876
6163,0.001804,172.217.194.0-255,7156,180061,17,190876
6164,0.001807,172.31.36.0-255,66,180127,17,190876
6165,0.001811,172.217.194.0-255,2902,183029,17,190876
6166,0.001815,172.31.36.0-255,66,183095,17,190876
6167,0.001843,172.31.36.0-255,66,183161,17,190876
6168,0.001854,172.31.36.0-255,66,183227,17,190876
6169,0.001885,172.31.36.0-255,66,183293,17,190876
6170,0.001888,172.217.194.0-255,97,183390,17,190876
6171,0.001917,172.217.194.0-255,105,183495,17,190876
6172,0.003545,172.31.36.0-255,66,183561,17,190876
6173,0.003573,172.31.36.0-255,105,183666,17,190876
6174,0.005937,172.217.194.0-255,66,183732,17,190876
6175,0.034083,172.31.36.0-255,172,183904,17,190876
6176,0.034116,172.31.36.0-255,1118,185022,17,190876
6177,0.034167,172.31.36.0-255,1514,186536,17,190876
6178,0.03417,172.31.36.0-255,1514,188050,17,190876
6179,0.034171,172.31.36.0-255,1514,189564,17,190876
6180,0.034172,172.31.36.0-255,1048,190612,17,190876
6181,0.035651,104.244.42.0-255,66,190678,17,190876
6182,0.035666,104.244.42.0-255,66,190744,17,190876
6183,0.035747,104.244.42.0-255,66,190810,17,190876
6184,0.03575,104.244.42.0-255,66,190876,17,190876
6185,0.0,172.217.194.0-255,146,146,17,327121
6186,3.4e-05,172.31.36.0-255,66,212,17,327121
6187,4.2e-05,172.217.194.0-255,1484,1696,17,327121
6188,4.6e-05,172.31.36.0-255,66,1762,17,327121
6189,5.2e-05,172.217.194.0-255,2902,4664,17,327121
6190,5.6e-05,172.31.36.0-255,66,4730,17,327121
6191,6.3e-05,172.217.194.0-255,7156,11886,17,327121
6192,6.6e-05,172.31.36.0-255,66,11952,17,327121
6193,7e-05,172.217.194.0-255,2146,14098,17,327121
6194,7.3e-05,172.31.36.0-255,66,14164,17,327121
6195,0.000183,172.217.194.0-255,1484,15648,17,327121
6196,0.000187,172.31.36.0-255,66,15714,17,327121
6197,0.000193,172.217.194.0-255,1484,17198,17,327121
6198,0.000195,172.31.36.0-255,66,17264,17,327121
6199,0.000219,172.217.194.0-255,1484,18748,17,327121
6200,0.000221,172.31.36.0-255,66,18814,17,327121
6201,0.000229,172.217.194.0-255,5738,24552,17,327121
6202,0.000231,172.31.36.0-255,66,24618,17,327121
6203,0.000248,172.217.194.0-255,5738,30356,17,327121
6204,0.000251,172.31.36.0-255,66,30422,17,327121
6205,0.000278,172.31.36.0-255,66,30488,17,327121
6206,0.000287,172.31.36.0-255,66,30554,17,327121
6207,0.000307,172.217.194.0-255,1125,31679,17,327121
6208,0.00031,172.31.36.0-255,66,31745,17,327121
6209,0.000644,172.217.194.0-255,1484,33229,17,327121
6210,0.00065,172.31.36.0-255,66,33295,17,327121
6211,0.000655,172.217.194.0-255,2902,36197,17,327121
6212,0.000657,172.31.36.0-255,66,36263,17,327121
6213,0.000664,172.217.194.0-255,5738,42001,17,327121
6214,0.000667,172.31.36.0-255,66,42067,17,327121
6215,0.000712,172.217.194.0-255,2902,44969,17,327121
6216,0.000717,172.31.36.0-255,66,45035,17,327121
6217,0.000731,172.217.194.0-255,4574,49609,17,327121
6218,0.000734,172.31.36.0-255,66,49675,17,327121
6219,0.000776,172.217.194.0-255,1484,51159,17,327121
6220,0.000782,172.217.194.0-255,2902,54061,17,327121
6221,0.000784,172.31.36.0-255,66,54127,17,327121
6222,0.000787,172.217.194.0-255,1484,55611,17,327121
6223,0.000804,172.217.194.0-255,4320,59931,17,327121
6224,0.000806,172.31.36.0-255,66,59997,17,327121
6225,0.000824,172.217.194.0-255,2902,62899,17,327121
6226,0.000827,172.31.36.0-255,66,62965,17,327121
6227,0.00084,172.217.194.0-255,3961,66926,17,327121
6228,0.000843,172.31.36.0-255,66,66992,17,327121
6229,0.000847,172.217.194.0-255,2902,69894,17,327121
6230,0.00085,172.31.36.0-255,66,69960,17,327121
6231,0.000887,172.31.36.0-255,66,70026,17,327121
6232,0.000891,172.217.194.0-255,2543,72569,17,327121
6233,0.000893,172.31.36.0-255,66,72635,17,327121
6234,0.001144,172.217.194.0-255,1484,74119,17,327121
6235,0.00116,172.217.194.0-255,2902,77021,17,327121
6236,0.001164,172.31.36.0-255,66,77087,17,327121
6237,0.001171,172.217.194.0-255,5738,82825,17,327121
6238,0.001173,172.31.36.0-255,66,82891,17,327121
6239,0.001185,172.217.194.0-255,1484,84375,17,327121
6240,0.001209,172.31.36.0-255,66,84441,17,327121
6241,0.00122,172.217.194.0-255,1484,85925,17,327121
6242,0.001265,172.217.194.0-255,2902,88827,17,327121
6243,0.001278,172.217.194.0-255,4320,93147,17,327121
6244,0.001291,172.217.194.0-255,7156,100303,17,327121
6245,0.001294,172.217.194.0-255,1484,101787,17,327121
6246,0.001358,172.217.194.0-255,2902,104689,17,327121
6247,0.001373,172.217.194.0-255,5020,109709,17,327121
6248,0.001698,172.217.194.0-255,1484,111193,17,327121
6249,0.001737,172.217.194.0-255,1484,112677,17,327121
6250,0.001747,172.217.194.0-255,1484,114161,17,327121
6251,0.001752,172.217.194.0-255,5738,119899,17,327121
6252,0.001759,172.217.194.0-255,7156,127055,17,327121
6253,0.001763,172.217.194.0-255,4320,131375,17,327121
6254,0.001788,172.217.194.0-255,2184,133559,17,327121
6255,0.003647,172.31.36.0-255,66,133625,17,327121
6256,0.005648,172.217.194.0-255,5738,139363,17,327121
6257,0.005655,172.31.36.0-255,66,139429,17,327121
6258,0.00764,172.217.194.0-255,5738,145167,17,327121
6259,0.007647,172.31.36.0-255,66,145233,17,327121
6260,0.009646,172.217.194.0-255,5738,150971,17,327121
6261,0.009653,172.31.36.0-255,66,151037,17,327121
6262,0.011659,172.217.194.0-255,5738,156775,17,327121
6263,0.011667,172.31.36.0-255,66,156841,17,327121
6264,0.013678,172.217.194.0-255,5738,162579,17,327121
6265,0.013685,172.31.36.0-255,66,162645,17,327121
6266,0.015686,172.217.194.0-255,5738,168383,17,327121
6267,0.015693,172.31.36.0-255,66,168449,17,327121
6268,0.017689,172.217.194.0-255,5738,174187,17,327121
6269,0.017696,172.31.36.0-255,66,174253,17,327121
6270,0.019728,172.217.194.0-255,5738,179991,17,327121
6271,0.019735,172.31.36.0-255,66,180057,17,327121
6272,0.021172,172.31.36.0-255,172,180229,17,327121
6273,0.021203,172.31.36.0-255,1117,181346,17,327121
6274,0.021242,172.31.36.0-255,1514,182860,17,327121
6275,0.021243,172.31.36.0-255,315,183175,17,327121
6276,0.021742,172.217.194.0-255,5738,188913,17,327121
6277,0.021749,172.31.36.0-255,66,188979,17,327121
6278,0.022688,104.244.42.0-255,66,189045,17,327121
6279,0.022855,104.244.42.0-255,66,189111,17,327121
6280,0.022879,104.244.42.0-255,66,189177,17,327121
6281,0.023724,172.217.194.0-255,5738,194915,17,327121
6282,0.023731,172.31.36.0-255,66,194981,17,327121
6283,0.02573,172.217.194.0-255,5738,200719,17,327121
6284,0.025737,172.31.36.0-255,66,200785,17,327121
6285,0.027726,172.217.194.0-255,5738,206523,17,327121
6286,0.027733,172.31.36.0-255,66,206589,17,327121
6287,0.029726,172.217.194.0-255,5738,212327,17,327121
6288,0.029733,172.31.36.0-255,66,212393,17,327121
6289,0.031721,172.217.194.0-255,5738,218131,17,327121
6290,0.031729,172.31.36.0-255,66,218197,17,327121
6291,0.033715,172.217.194.0-255,5738,223935,17,327121
6292,0.033721,172.31.36.0-255,66,224001,17,327121
6293,0.03572,172.217.194.0-255,5738,229739,17,327121
6294,0.035728,172.31.36.0-255,66,229805,17,327121
6295,0.037709,172.217.194.0-255,5738,235543,17,327121
6296,0.037715,172.31.36.0-255,66,235609,17,327121
6297,0.039726,172.217.194.0-255,5738,241347,17,327121
6298,0.039737,172.31.36.0-255,66,241413,17,327121
6299,0.041714,172.217.194.0-255,5738,247151,17,327121
6300,0.041737,172.31.36.0-255,66,247217,17,327121
6301,0.043737,172.217.194.0-255,5738,252955,17,327121
6302,0.043742,172.31.36.0-255,66,253021,17,327121
6303,0.04573,172.217.194.0-255,5738,258759,17,327121
6304,0.045735,172.31.36.0-255,66,258825,17,327121
6305,0.047729,172.217.194.0-255,5738,264563,17,327121
6306,0.047734,172.31.36.0-255,66,264629,17,327121
6307,0.049713,172.217.194.0-255,5738,270367,17,327121
6308,0.049718,172.31.36.0-255,66,270433,17,327121
6309,0.051729,172.217.194.0-255,5738,276171,17,327121
6310,0.051735,172.31.36.0-255,66,276237,17,327121
6311,0.053743,172.217.194.0-255,5738,281975,17,327121
6312,0.053749,172.31.36.0-255,66,282041,17,327121
6313,0.055761,172.217.194.0-255,5738,287779,17,327121
6314,0.055768,172.31.36.0-255,66,287845,17,327121
6315,0.057741,172.217.194.0-255,5738,293583,17,327121
6316,0.057747,172.31.36.0-255,66,293649,17,327121
6317,0.059759,172.217.194.0-255,5738,299387,17,327121
6318,0.059766,172.31.36.0-255,66,299453,17,327121
6319,0.061745,172.217.194.0-255,5738,305191,17,327121
6320,0.061758,172.31.36.0-255,66,305257,17,327121
6321,0.063738,172.217.194.0-255,4320,309577,17,327121
6322,0.063747,172.31.36.0-255,66,309643,17,327121
6323,0.063783,172.217.194.0-255,1484,311127,17,327121
6324,0.065754,172.217.194.0-255,4320,315447,17,327121
6325,0.065761,172.31.36.0-255,66,315513,17,327121
6326,0.067753,172.217.194.0-255,5738,321251,17,327121
6327,0.067759,172.31.36.0-255,66,321317,17,327121
6328,0.069765,172.217.194.0-255,5738,327055,17,327121
6329,0.069771,172.31.36.0-255,66,327121,17,327121
6330,0.0,74.125.24.0-255,150,150,17,292547
6331,1.9e-05,172.31.36.0-255,66,216,17,292547
6332,2.3e-05,74.125.24.0-255,1484,1700,17,292547
6333,2.7e-05,172.31.36.0-255,66,1766,17,292547
6334,5.4e-05,74.125.24.0-255,2902,4668,17,292547
6335,5.6e-05,172.31.36.0-255,66,4734,17,292547
6336,6.4e-05,74.125.24.0-255,7156,11890,17,292547
6337,6.6e-05,172.31.36.0-255,66,11956,17,292547
6338,8.4e-05,74.125.24.0-255,1978,13934,17,292547
6339,8.6e-05,172.31.36.0-255,66,14000,17,292547
6340,0.000293,74.125.24.0-255,1484,15484,17,292547
6341,0.000298,172.31.36.0-255,66,15550,17,292547
6342,0.000303,74.125.24.0-255,2902,18452,17,292547
6343,0.000306,172.31.36.0-255,66,18518,17,292547
6344,0.000319,74.125.24.0-255,2902,21420,17,292547
6345,0.000322,172.31.36.0-255,66,21486,17,292547
6346,0.000341,74.125.24.0-255,2902,24388,17,292547
6347,0.000343,172.31.36.0-255,66,24454,17,292547
6348,0.000348,74.125.24.0-255,4320,28774,17,292547
6349,0.00035,172.31.36.0-255,66,28840,17,292547
6350,0.000396,172.31.36.0-255,66,28906,17,292547
6351,0.000442,74.125.24.0-255,4320,33226,17,292547
6352,0.000445,172.31.36.0-255,66,33292,17,292547
6353,0.000463,74.125.24.0-255,2543,35835,17,292547
6354,0.000465,172.31.36.0-255,66,35901,17,292547
6355,0.000538,74.125.24.0-255,1484,37385,17,292547
6356,0.000544,172.31.36.0-255,66,37451,17,292547
6357,0.000555,74.125.24.0-255,2902,40353,17,292547
6358,0.000558,172.31.36.0-255,66,40419,17,292547
6359,0.000563,74.125.24.0-255,5738,46157,17,292547
6360,0.000565,172.31.36.0-255,66,46223,17,292547
6361,0.000585,74.125.24.0-255,1484,47707,17,292547
6362,0.0006,74.125.24.0-255,5379,53086,17,292547
6363,0.000603,172.31.36.0-255,66,53152,17,292547
6364,0.000626,74.125.24.0-255,394,53546,17,292547
6365,0.000666,74.125.24.0-255,349,53895,17,292547
6366,0.000707,172.31.36.0-255,66,53961,17,292547
6367,0.000743,74.125.24.0-255,1484,55445,17,292547
6368,0.000761,74.125.24.0-255,1484,56929,17,292547
6369,0.000763,172.31.36.0-255,66,56995,17,292547
6370,0.000782,74.125.24.0-255,1484,58479,17,292547
6371,0.000787,74.125.24.0-255,5738,64217,17,292547
6372,0.00079,172.31.36.0-255,66,64283,17,292547
6373,0.000809,74.125.24.0-255,4320,68603,17,292547
6374,0.000813,172.31.36.0-255,66,68669,17,292547
6375,0.000895,172.31.36.0-255,66,68735,17,292547
6376,0.00091,172.31.36.0-255,66,68801,17,292547
6377,0.001844,74.125.24.0-255,1484,70285,17,292547
6378,0.001853,74.125.24.0-255,2902,73187,17,292547
6379,0.001857,172.31.36.0-255,66,73253,17,292547
6380,0.001863,74.125.24.0-255,4320,77573,17,292547
6381,0.001864,172.31.36.0-255,66,77639,17,292547
6382,0.001888,74.125.24.0-255,1484,79123,17,292547
6383,0.001898,172.31.36.0-255,66,79189,17,292547
6384,0.001915,74.125.24.0-255,4320,83509,17,292547
6385,0.001916,172.31.36.0-255,66,83575,17,292547
6386,0.00197,74.125.24.0-255,5738,89313,17,292547
6387,0.001973,172.31.36.0-255,66,89379,17,292547
6388,0.001987,74.125.24.0-255,5020,94399,17,292547
6389,0.001988,172.31.36.0-255,66,94465,17,292547
6390,0.002036,74.125.24.0-255,1484,95949,17,292547
6391,0.002054,74.125.24.0-255,2902,98851,17,292547
6392,0.002056,172.31.36.0-255,66,98917,17,292547
6393,0.00208,74.125.24.0-255,1484,100401,17,292547
6394,0.0021,74.125.24.0-255,4320,104721,17,292547
6395,0.002102,172.31.36.0-255,66,104787,17,292547
6396,0.002134,74.125.24.0-255,4320,109107,17,292547
6397,0.002136,172.31.36.0-255,66,109173,17,292547
6398,0.002162,172.31.36.0-255,66,109239,17,292547
6399,0.002165,74.125.24.0-255,1484,110723,17,292547
6400,0.002191,172.31.36.0-255,66,110789,17,292547
6401,0.002217,172.31.36.0-255,66,110855,17,292547
6402,0.002316,74.125.24.0-255,2902,113757,17,292547
6403,0.002319,172.31.36.0-255,66,113823,17,292547
6404,0.002334,74.125.24.0-255,5738,119561,17,292547
6405,0.002336,172.31.36.0-255,66,119627,17,292547
6406,0.002359,172.31.36.0-255,66,119693,17,292547
6407,0.002435,74.125.24.0-255,5738,125431,17,292547
6408,0.002438,172.31.36.0-255,66,125497,17,292547
6409,0.002473,172.31.36.0-255,66,125563,17,292547
6410,0.002572,74.125.24.0-255,7156,132719,17,292547
6411,0.002576,172.31.36.0-255,66,132785,17,292547
6412,0.002601,74.125.24.0-255,5020,137805,17,292547
6413,0.002603,172.31.36.0-255,66,137871,17,292547
6414,0.002642,74.125.24.0-255,4320,142191,17,292547
6415,0.002644,172.31.36.0-255,66,142257,17,292547
6416,0.002679,172.31.36.0-255,66,142323,17,292547
6417,0.002726,74.125.24.0-255,5738,148061,17,292547
6418,0.00273,172.31.36.0-255,66,148127,17,292547
6419,0.002754,172.31.36.0-255,66,148193,17,292547
6420,0.002784,172.31.36.0-255,66,148259,17,292547
6421,0.002876,74.125.24.0-255,2902,151161,17,292547
6422,0.00288,172.31.36.0-255,66,151227,17,292547
6423,0.002896,74.125.24.0-255,7156,158383,17,292547
6424,0.002899,172.31.36.0-255,66,158449,17,292547
6425,0.005513,74.125.24.0-255,4320,162769,17,292547
6426,0.005519,172.31.36.0-255,66,162835,17,292547
6427,0.005538,74.125.24.0-255,1484,164319,17,292547
6428,0.0081,74.125.24.0-255,4320,168639,17,292547
6429,0.008107,172.31.36.0-255,66,168705,17,292547
6430,0.010698,74.125.24.0-255,5738,174443,17,292547
6431,0.010706,172.31.36.0-255,66,174509,17,292547
6432,0.013277,74.125.24.0-255,5738,180247,17,292547
6433,0.013285,172.31.36.0-255,66,180313,17,292547
6434,0.015874,74.125.24.0-255,5738,186051,17,292547
6435,0.015883,172.31.36.0-255,66,186117,17,292547
6436,0.018484,74.125.24.0-255,5738,191855,17,292547
6437,0.018491,172.31.36.0-255,66,191921,17,292547
6438,0.021085,74.125.24.0-255,5738,197659,17,292547
6439,0.02109,172.31.36.0-255,66,197725,17,292547
6440,0.023671,74.125.24.0-255,5738,203463,17,292547
6441,0.023676,172.31.36.0-255,66,203529,17,292547
6442,0.025941,172.31.36.0-255,188,203717,17,292547
6443,0.02598,172.31.36.0-255,961,204678,17,292547
6444,0.026043,172.31.36.0-255,1514,206192,17,292547
6445,0.026045,172.31.36.0-255,1427,207619,17,292547
6446,0.026258,74.125.24.0-255,4320,211939,17,292547
6447,0.026264,172.31.36.0-255,66,212005,17,292547
6448,0.026285,74.125.24.0-255,1484,213489,17,292547
6449,0.027553,104.244.42.0-255,66,213555,17,292547
6450,0.027583,104.244.42.0-255,66,213621,17,292547
6451,0.027632,104.244.42.0-255,66,213687,17,292547
6452,0.02886,74.125.24.0-255,4320,218007,17,292547
6453,0.028865,172.31.36.0-255,66,218073,17,292547
6454,0.031448,74.125.24.0-255,5738,223811,17,292547
6455,0.031459,172.31.36.0-255,66,223877,17,292547
6456,0.034039,74.125.24.0-255,4320,228197,17,292547
6457,0.034045,172.31.36.0-255,66,228263,17,292547
6458,0.034076,74.125.24.0-255,1484,229747,17,292547
6459,0.036646,74.125.24.0-255,4320,234067,17,292547
6460,0.03665,172.31.36.0-255,66,234133,17,292547
6461,0.039252,74.125.24.0-255,5738,239871,17,292547
6462,0.039257,172.31.36.0-255,66,239937,17,292547
6463,0.041863,74.125.24.0-255,4320,244257,17,292547
6464,0.041868,172.31.36.0-255,66,244323,17,292547
6465,0.041899,74.125.24.0-255,1484,245807,17,292547
6466,0.044474,74.125.24.0-255,4320,250127,17,292547
6467,0.044479,172.31.36.0-255,66,250193,17,292547
6468,0.047081,74.125.24.0-255,5738,255931,17,292547
6469,0.047086,172.31.36.0-255,66,255997,17,292547
6470,0.049687,74.125.24.0-255,5738,261735,17,292547
6471,0.049693,172.31.36.0-255,66,261801,17,292547
6472,0.052269,74.125.24.0-255,2902,264703,17,292547
6473,0.052274,172.31.36.0-255,66,264769,17,292547
6474,0.052304,74.125.24.0-255,2902,267671,17,292547
6475,0.052307,172.31.36.0-255,66,267737,17,292547
6476,0.054879,74.125.24.0-255,5738,273475,17,292547
6477,0.054885,172.31.36.0-255,66,273541,17,292547
6478,0.057462,74.125.24.0-255,5738,279279,17,292547
6479,0.057467,172.31.36.0-255,66,279345,17,292547
6480,0.060069,74.125.24.0-255,5738,285083,17,292547
6481,0.060075,172.31.36.0-255,66,285149,17,292547
6482,0.062662,74.125.24.0-255,5738,290887,17,292547
6483,0.062668,172.31.36.0-255,66,290953,17,292547
6484,0.065238,74.125.24.0-255,1357,292310,17,292547
6485,0.065874,172.31.36.0-255,66,292376,17,292547
6486,0.065906,172.31.36.0-255,105,292481,17,292547
6487,0.068452,74.125.24.0-255,66,292547,17,292547
6488,0.0,172.217.194.0-255,153,153,17,146620
6489,2.3e-05,172.31.36.0-255,66,219,17,146620
6490,2.9e-05,172.217.194.0-255,1484,1703,17,146620
6491,3.4e-05,172.31.36.0-255,66,1769,17,146620
6492,4e-05,172.217.194.0-255,2902,4671,17,146620
6493,4.2e-05,172.31.36.0-255,66,4737,17,146620
6494,5.5e-05,172.217.194.0-255,2902,7639,17,146620
6495,5.9e-05,172.31.36.0-255,66,7705,17,146620
6496,7.1e-05,172.31.36.0-255,66,7771,17,146620
6497,7.6e-05,172.217.194.0-255,4320,12091,17,146620
6498,7.9e-05,172.31.36.0-255,66,12157,17,146620
6499,0.000125,172.31.36.0-255,66,12223,17,146620
6500,0.000129,172.217.194.0-255,1484,13707,17,146620
6501,0.000131,172.31.36.0-255,66,13773,17,146620
6502,0.000137,172.217.194.0-255,2902,16675,17,146620
6503,0.000139,172.31.36.0-255,66,16741,17,146620
6504,0.00015,172.217.194.0-255,5738,22479,17,146620
6505,0.000153,172.31.36.0-255,66,22545,17,146620
6506,0.000159,172.217.194.0-255,4320,26865,17,146620
6507,0.000162,172.31.36.0-255,66,26931,17,146620
6508,0.000202,172.31.36.0-255,66,26997,17,146620
6509,0.000215,172.217.194.0-255,2902,29899,17,146620
6510,0.000221,172.31.36.0-255,66,29965,17,146620
6511,0.000259,172.31.36.0-255,66,30031,17,146620
6512,0.000262,172.217.194.0-255,115,30146,17,146620
6513,0.000264,172.31.36.0-255,66,30212,17,146620
6514,0.000326,172.217.194.0-255,1484,31696,17,146620
6515,0.00033,172.31.36.0-255,66,31762,17,146620
6516,0.000335,172.217.194.0-255,2902,34664,17,146620
6517,0.000337,172.31.36.0-255,66,34730,17,146620
6518,0.000356,172.217.194.0-255,5738,40468,17,146620
6519,0.000364,172.31.36.0-255,66,40534,17,146620
6520,0.000407,172.31.36.0-255,66,40600,17,146620
6521,0.000445,172.31.36.0-255,66,40666,17,146620
6522,0.000509,172.217.194.0-255,1484,42150,17,146620
6523,0.000528,172.217.194.0-255,2902,45052,17,146620
6524,0.00053,172.31.36.0-255,66,45118,17,146620
6525,0.000535,172.217.194.0-255,2902,48020,17,146620
6526,0.000537,172.31.36.0-255,66,48086,17,146620
6527,0.000562,172.217.194.0-255,2902,50988,17,146620
6528,0.000565,172.31.36.0-255,66,51054,17,146620
6529,0.000578,172.31.36.0-255,66,51120,17,146620
6530,0.000591,172.31.36.0-255,66,51186,17,146620
6531,0.000655,172.217.194.0-255,1484,52670,17,146620
6532,0.000661,172.217.194.0-255,2902,55572,17,146620
6533,0.000663,172.31.36.0-255,66,55638,17,146620
6534,0.000668,172.217.194.0-255,2902,58540,17,146620
6535,0.00067,172.31.36.0-255,66,58606,17,146620
6536,0.000689,172.217.194.0-255,2902,61508,17,146620
6537,0.000691,172.31.36.0-255,66,61574,17,146620
6538,0.000698,172.217.194.0-255,1484,63058,17,146620
6539,0.000732,172.31.36.0-255,66,63124,17,146620
6540,0.000745,172.31.36.0-255,66,63190,17,146620
6541,0.000878,172.217.194.0-255,1484,64674,17,146620
6542,0.000884,172.217.194.0-255,2902,67576,17,146620
6543,0.000888,172.31.36.0-255,66,67642,17,146620
6544,0.000893,172.217.194.0-255,2902,70544,17,146620
6545,0.000895,172.31.36.0-255,66,70610,17,146620
6546,0.000918,172.217.194.0-255,2902,73512,17,146620
6547,0.00092,172.31.36.0-255,66,73578,17,146620
6548,0.000931,172.31.36.0-255,66,73644,17,146620
6549,0.000956,172.217.194.0-255,4320,77964,17,146620
6550,0.000963,172.31.36.0-255,66,78030,17,146620
6551,0.000976,172.31.36.0-255,66,78096,17,146620
6552,0.001018,172.217.194.0-255,5738,83834,17,146620
6553,0.001022,172.31.36.0-255,66,83900,17,146620
6554,0.001029,172.217.194.0-255,7156,91056,17,146620
6555,0.001031,172.31.36.0-255,66,91122,17,146620
6556,0.00104,172.217.194.0-255,1484,92606,17,146620
6557,0.001074,172.31.36.0-255,66,92672,17,146620
6558,0.001108,172.217.194.0-255,4320,96992,17,146620
6559,0.001111,172.31.36.0-255,66,97058,17,146620
6560,0.001118,172.217.194.0-255,6438,103496,17,146620
6561,0.001121,172.31.36.0-255,66,103562,17,146620
6562,0.00115,172.217.194.0-255,1484,105046,17,146620
6563,0.001154,172.217.194.0-255,1484,106530,17,146620
6564,0.001156,172.31.36.0-255,66,106596,17,146620
6565,0.001174,172.217.194.0-255,1484,108080,17,146620
6566,0.001181,172.217.194.0-255,5738,113818,17,146620
6567,0.001184,172.31.36.0-255,66,113884,17,146620
6568,0.001191,172.217.194.0-255,7156,121040,17,146620
6569,0.001194,172.31.36.0-255,66,121106,17,146620
6570,0.001231,172.217.194.0-255,4320,125426,17,146620
6571,0.001234,172.31.36.0-255,66,125492,17,146620
6572,0.001264,172.31.36.0-255,66,125558,17,146620
6573,0.001363,172.217.194.0-255,1484,127042,17,146620
6574,0.001368,172.217.194.0-255,2902,129944,17,146620
6575,0.001375,172.31.36.0-255,66,130010,17,146620
6576,0.001383,172.217.194.0-255,1484,131494,17,146620
6577,0.001404,172.217.194.0-255,4320,135814,17,146620
6578,0.001407,172.31.36.0-255,66,135880,17,146620
6579,0.00141,172.217.194.0-255,1484,137364,17,146620
6580,0.001425,172.31.36.0-255,66,137430,17,146620
6581,0.001512,172.31.36.0-255,66,137496,17,146620
6582,0.001536,172.31.36.0-255,66,137562,17,146620
6583,0.00155,172.217.194.0-255,1484,139046,17,146620
6584,0.001615,172.31.36.0-255,66,139112,17,146620
6585,0.001683,172.217.194.0-255,105,139217,17,146620
6586,0.00169,172.31.36.0-255,66,139283,17,146620
6587,0.012634,172.31.36.0-255,105,139388,17,146620
6588,0.015219,172.217.194.0-255,66,139454,17,146620
6589,0.032812,172.31.36.0-255,190,139644,17,146620
6590,0.032846,172.31.36.0-255,1115,140759,17,146620
6591,0.032913,172.31.36.0-255,1514,142273,17,146620
6592,0.032915,172.31.36.0-255,1514,143787,17,146620
6593,0.03292,172.31.36.0-255,1514,145301,17,146620
6594,0.032921,172.31.36.0-255,1055,146356,17,146620
6595,0.034353,104.244.42.0-255,66,146422,17,146620
6596,0.034391,104.244.42.0-255,66,146488,17,146620
6597,0.034497,104.244.42.0-255,66,146554,17,146620
6598,0.034504,104.244.42.0-255,66,146620,17,146620
6599,0.0,74.125.24.0-255,153,153,17,275834
6600,4e-05,172.31.36.0-255,66,219,17,275834
6601,4.8e-05,74.125.24.0-255,1484,1703,17,275834
6602,5.3e-05,172.31.36.0-255,66,1769,17,275834
6603,5.9e-05,74.125.24.0-255,2902,4671,17,275834
6604,6.2e-05,172.31.36.0-255,66,4737,17,275834
6605,6.9e-05,74.125.24.0-255,7156,11893,17,275834
6606,7.2e-05,172.31.36.0-255,66,11959,17,275834
6607,7.6e-05,74.125.24.0-255,1992,13951,17,275834
6608,7.9e-05,172.31.36.0-255,66,14017,17,275834
6609,0.000237,74.125.24.0-255,1484,15501,17,275834
6610,0.000242,172.31.36.0-255,66,15567,17,275834
6611,0.000265,74.125.24.0-255,2902,18469,17,275834
6612,0.000269,172.31.36.0-255,66,18535,17,275834
6613,0.000273,74.125.24.0-255,2902,21437,17,275834
6614,0.000275,172.31.36.0-255,66,21503,17,275834
6615,0.000293,74.125.24.0-255,2902,24405,17,275834
6616,0.000295,172.31.36.0-255,66,24471,17,275834
6617,0.0003,74.125.24.0-255,2902,27373,17,275834
6618,0.000303,172.31.36.0-255,66,27439,17,275834
6619,0.000321,74.125.24.0-255,2902,30341,17,275834
6620,0.000323,172.31.36.0-255,66,30407,17,275834
6621,0.000326,74.125.24.0-255,1484,31891,17,275834
6622,0.000332,172.31.36.0-255,66,31957,17,275834
6623,0.000361,172.31.36.0-255,66,32023,17,275834
6624,0.000378,74.125.24.0-255,1484,33507,17,275834
6625,0.000381,172.31.36.0-255,66,33573,17,275834
6626,0.000401,74.125.24.0-255,2543,36116,17,275834
6627,0.000406,172.31.36.0-255,66,36182,17,275834
6628,0.001234,74.125.24.0-255,1484,37666,17,275834
6629,0.001243,172.31.36.0-255,66,37732,17,275834
6630,0.001256,74.125.24.0-255,2902,40634,17,275834
6631,0.001259,172.31.36.0-255,66,40700,17,275834
6632,0.001267,74.125.24.0-255,5738,46438,17,275834
6633,0.00127,172.31.36.0-255,66,46504,17,275834
6634,0.001276,74.125.24.0-255,4320,50824,17,275834
6635,0.001278,172.31.36.0-255,66,50890,17,275834
6636,0.001312,172.31.36.0-255,66,50956,17,275834
6637,0.001317,74.125.24.0-255,2902,53858,17,275834
6638,0.001319,172.31.36.0-255,66,53924,17,275834
6639,0.001324,74.125.24.0-255,4320,58244,17,275834
6640,0.001326,172.31.36.0-255,66,58310,17,275834
6641,0.001331,74.125.24.0-255,2902,61212,17,275834
6642,0.001334,172.31.36.0-255,66,61278,17,275834
6643,0.001363,74.125.24.0-255,5738,67016,17,275834
6644,0.001365,172.31.36.0-255,66,67082,17,275834
6645,0.001376,172.31.36.0-255,66,67148,17,275834
6646,0.001403,74.125.24.0-255,2184,69332,17,275834
6647,0.001407,172.31.36.0-255,66,69398,17,275834
6648,0.001473,74.125.24.0-255,646,70044,17,275834
6649,0.00168,74.125.24.0-255,1484,71528,17,275834
6650,0.001685,172.31.36.0-255,66,71594,17,275834
6651,0.001691,74.125.24.0-255,2902,74496,17,275834
6652,0.001693,172.31.36.0-255,66,74562,17,275834
6653,0.0017,74.125.24.0-255,5738,80300,17,275834
6654,0.001701,172.31.36.0-255,66,80366,17,275834
6655,0.001706,74.125.24.0-255,2902,83268,17,275834
6656,0.001707,172.31.36.0-255,66,83334,17,275834
6657,0.001723,74.125.24.0-255,2902,86236,17,275834
6658,0.001725,172.31.36.0-255,66,86302,17,275834
6659,0.001731,74.125.24.0-255,5738,92040,17,275834
6660,0.001733,172.31.36.0-255,66,92106,17,275834
6661,0.001765,74.125.24.0-255,7156,99262,17,275834
6662,0.001768,172.31.36.0-255,66,99328,17,275834
6663,0.001774,74.125.24.0-255,5020,104348,17,275834
6664,0.001776,172.31.36.0-255,66,104414,17,275834
6665,0.004108,74.125.24.0-255,5738,110152,17,275834
6666,0.004121,172.31.36.0-255,66,110218,17,275834
6667,0.00649,74.125.24.0-255,5738,115956,17,275834
6668,0.0065,172.31.36.0-255,66,116022,17,275834
6669,0.008861,74.125.24.0-255,5738,121760,17,275834
6670,0.008879,172.31.36.0-255,66,121826,17,275834
6671,0.011235,74.125.24.0-255,5738,127564,17,275834
6672,0.011255,172.31.36.0-255,66,127630,17,275834
6673,0.013596,74.125.24.0-255,5738,133368,17,275834
6674,0.013616,172.31.36.0-255,66,133434,17,275834
6675,0.015951,74.125.24.0-255,5738,139172,17,275834
6676,0.015968,172.31.36.0-255,66,139238,17,275834
6677,0.018329,74.125.24.0-255,5738,144976,17,275834
6678,0.018347,172.31.36.0-255,66,145042,17,275834
6679,0.020688,74.125.24.0-255,5738,150780,17,275834
6680,0.020703,172.31.36.0-255,66,150846,17,275834
6681,0.023051,74.125.24.0-255,5738,156584,17,275834
6682,0.023065,172.31.36.0-255,66,156650,17,275834
6683,0.02477,172.31.36.0-255,188,156838,17,275834
6684,0.024816,172.31.36.0-255,961,157799,17,275834
6685,0.024895,172.31.36.0-255,1514,159313,17,275834
6686,0.024897,172.31.36.0-255,1514,160827,17,275834
6687,0.024903,172.31.36.0-255,1514,162341,17,275834
6688,0.024904,172.31.36.0-255,1205,163546,17,275834
6689,0.025375,74.125.24.0-255,5738,169284,17,275834
6690,0.025384,172.31.36.0-255,66,169350,17,275834
6691,0.026321,104.244.42.0-255,66,169416,17,275834
6692,0.02636,104.244.42.0-255,66,169482,17,275834
6693,0.026462,104.244.42.0-255,66,169548,17,275834
6694,0.026465,104.244.42.0-255,66,169614,17,275834
6695,0.027731,74.125.24.0-255,5738,175352,17,275834
6696,0.027738,172.31.36.0-255,66,175418,17,275834
6697,0.030085,74.125.24.0-255,5738,181156,17,275834
6698,0.030094,172.31.36.0-255,66,181222,17,275834
6699,0.032441,74.125.24.0-255,5738,186960,17,275834
6700,0.032449,172.31.36.0-255,66,187026,17,275834
6701,0.034783,74.125.24.0-255,5738,192764,17,275834
6702,0.034792,172.31.36.0-255,66,192830,17,275834
6703,0.03713,74.125.24.0-255,5738,198568,17,275834
6704,0.037138,172.31.36.0-255,66,198634,17,275834
6705,0.039539,74.125.24.0-255,5738,204372,17,275834
6706,0.03955,172.31.36.0-255,66,204438,17,275834
6707,0.0419,74.125.24.0-255,5738,210176,17,275834
6708,0.041923,172.31.36.0-255,66,210242,17,275834
6709,0.044246,74.125.24.0-255,5738,215980,17,275834
6710,0.044252,172.31.36.0-255,66,216046,17,275834
6711,0.046572,74.125.24.0-255,5738,221784,17,275834
6712,0.046578,172.31.36.0-255,66,221850,17,275834
6713,0.048899,74.125.24.0-255,4320,226170,17,275834
6714,0.048905,172.31.36.0-255,66,226236,17,275834
6715,0.048934,74.125.24.0-255,1484,227720,17,275834
6716,0.051242,74.125.24.0-255,4320,232040,17,275834
6717,0.051248,172.31.36.0-255,66,232106,17,275834
6718,0.053587,74.125.24.0-255,5738,237844,17,275834
6719,0.053592,172.31.36.0-255,66,237910,17,275834
6720,0.055891,74.125.24.0-255,5738,243648,17,275834
6721,0.055897,172.31.36.0-255,66,243714,17,275834
6722,0.058218,74.125.24.0-255,5738,249452,17,275834
6723,0.058224,172.31.36.0-255,66,249518,17,275834
6724,0.060565,74.125.24.0-255,5738,255256,17,275834
6725,0.060571,172.31.36.0-255,66,255322,17,275834
6726,0.062875,74.125.24.0-255,4320,259642,17,275834
6727,0.06288,172.31.36.0-255,66,259708,17,275834
6728,0.062907,74.125.24.0-255,1484,261192,17,275834
6729,0.06521,74.125.24.0-255,4320,265512,17,275834
6730,0.065214,172.31.36.0-255,66,265578,17,275834
6731,0.067581,74.125.24.0-255,4320,269898,17,275834
6732,0.067586,172.31.36.0-255,66,269964,17,275834
6733,0.067614,74.125.24.0-255,1484,271448,17,275834
6734,0.069891,74.125.24.0-255,4320,275768,17,275834
6735,0.069896,172.31.36.0-255,66,275834,17,275834
6736,0.0,74.125.24.0-255,152,152,17,128765
6737,2.3e-05,172.31.36.0-255,66,218,17,128765
6738,3.1e-05,74.125.24.0-255,1484,1702,17,128765
6739,3.5e-05,172.31.36.0-255,66,1768,17,128765
6740,4e-05,74.125.24.0-255,2902,4670,17,128765
6741,4.3e-05,172.31.36.0-255,66,4736,17,128765
6742,4.7e-05,74.125.24.0-255,2902,7638,17,128765
6743,5e-05,172.31.36.0-255,66,7704,17,128765
6744,6.1e-05,172.31.36.0-255,66,7770,17,128765
6745,0.000104,74.125.24.0-255,5738,13508,17,128765
6746,0.000108,172.31.36.0-255,66,13574,17,128765
6747,0.000138,172.31.36.0-255,66,13640,17,128765
6748,0.000141,74.125.24.0-255,1484,15124,17,128765
6749,0.000143,172.31.36.0-255,66,15190,17,128765
6750,0.000147,74.125.24.0-255,2902,18092,17,128765
6751,0.000149,172.31.36.0-255,66,18158,17,128765
6752,0.000156,74.125.24.0-255,5738,23896,17,128765
6753,0.000159,172.31.36.0-255,66,23962,17,128765
6754,0.000165,74.125.24.0-255,5738,29700,17,128765
6755,0.000167,172.31.36.0-255,66,29766,17,128765
6756,0.000197,74.125.24.0-255,7156,36922,17,128765
6757,0.0002,172.31.36.0-255,66,36988,17,128765
6758,0.000211,172.31.36.0-255,66,37054,17,128765
6759,0.000216,74.125.24.0-255,2477,39531,17,128765
6760,0.000218,172.31.36.0-255,66,39597,17,128765
6761,0.00031,74.125.24.0-255,385,39982,17,128765
6762,0.000314,172.31.36.0-255,66,40048,17,128765
6763,0.000503,74.125.24.0-255,1484,41532,17,128765
6764,0.000509,172.31.36.0-255,66,41598,17,128765
6765,0.000514,74.125.24.0-255,2902,44500,17,128765
6766,0.000516,172.31.36.0-255,66,44566,17,128765
6767,0.000522,74.125.24.0-255,4320,48886,17,128765
6768,0.000524,172.31.36.0-255,66,48952,17,128765
6769,0.000546,74.125.24.0-255,1484,50436,17,128765
6770,0.000554,74.125.24.0-255,4320,54756,17,128765
6771,0.000556,172.31.36.0-255,66,54822,17,128765
6772,0.000561,74.125.24.0-255,2902,57724,17,128765
6773,0.000562,172.31.36.0-255,66,57790,17,128765
6774,0.000587,172.31.36.0-255,66,57856,17,128765
6775,0.000612,74.125.24.0-255,4320,62176,17,128765
6776,0.000615,172.31.36.0-255,66,62242,17,128765
6777,0.000621,74.125.24.0-255,3602,65844,17,128765
6778,0.000623,172.31.36.0-255,66,65910,17,128765
6779,0.00121,74.125.24.0-255,1484,67394,17,128765
6780,0.001217,74.125.24.0-255,2902,70296,17,128765
6781,0.001221,172.31.36.0-255,66,70362,17,128765
6782,0.001226,74.125.24.0-255,2902,73264,17,128765
6783,0.001228,172.31.36.0-255,66,73330,17,128765
6784,0.001246,74.125.24.0-255,2902,76232,17,128765
6785,0.001249,172.31.36.0-255,66,76298,17,128765
6786,0.001255,74.125.24.0-255,5738,82036,17,128765
6787,0.001257,172.31.36.0-255,66,82102,17,128765
6788,0.001265,74.125.24.0-255,7156,89258,17,128765
6789,0.001267,172.31.36.0-255,66,89324,17,128765
6790,0.001301,74.125.24.0-255,2902,92226,17,128765
6791,0.001304,172.31.36.0-255,66,92292,17,128765
6792,0.001332,172.31.36.0-255,66,92358,17,128765
6793,0.001403,74.125.24.0-255,1484,93842,17,128765
6794,0.001408,74.125.24.0-255,2902,96744,17,128765
6795,0.001411,172.31.36.0-255,66,96810,17,128765
6796,0.001417,74.125.24.0-255,4320,101130,17,128765
6797,0.001419,172.31.36.0-255,66,101196,17,128765
6798,0.001431,74.125.24.0-255,1484,102680,17,128765
6799,0.001444,74.125.24.0-255,2902,105582,17,128765
6800,0.001447,172.31.36.0-255,66,105648,17,128765
6801,0.001473,172.31.36.0-255,66,105714,17,128765
6802,0.001483,172.31.36.0-255,66,105780,17,128765
6803,0.001509,74.125.24.0-255,5738,111518,17,128765
6804,0.001512,172.31.36.0-255,66,111584,17,128765
6805,0.001555,172.31.36.0-255,66,111650,17,128765
6806,0.001578,172.31.36.0-255,66,111716,17,128765
6807,0.001619,172.31.36.0-255,66,111782,17,128765
6808,0.001638,172.31.36.0-255,66,111848,17,128765
6809,0.001646,74.125.24.0-255,7156,119004,17,128765
6810,0.001648,172.31.36.0-255,66,119070,17,128765
6811,0.001731,172.31.36.0-255,66,119136,17,128765
6812,0.001755,172.31.36.0-255,66,119202,17,128765
6813,0.00177,172.31.36.0-255,66,119268,17,128765
6814,0.001817,172.31.36.0-255,66,119334,17,128765
6815,0.001856,172.31.36.0-255,66,119400,17,128765
6816,0.001884,172.31.36.0-255,66,119466,17,128765
6817,0.001904,74.125.24.0-255,4320,123786,17,128765
6818,0.001907,172.31.36.0-255,66,123852,17,128765
6819,0.001949,172.31.36.0-255,66,123918,17,128765
6820,0.001985,172.31.36.0-255,66,123984,17,128765
6821,0.001996,172.31.36.0-255,66,124050,17,128765
6822,0.00202,74.125.24.0-255,105,124155,17,128765
6823,0.006656,172.31.36.0-255,101,124256,17,128765
6824,0.008943,74.125.24.0-255,66,124322,17,128765
6825,0.009131,172.31.36.0-255,105,124427,17,128765
6826,0.011448,74.125.24.0-255,66,124493,17,128765
6827,0.038586,172.31.36.0-255,172,124665,17,128765
6828,0.038622,172.31.36.0-255,1119,125784,17,128765
6829,0.038681,172.31.36.0-255,1514,127298,17,128765
6830,0.038683,172.31.36.0-255,1269,128567,17,128765
6831,0.04017,104.244.42.0-255,66,128633,17,128765
6832,0.040201,104.244.42.0-255,66,128699,17,128765
6833,0.040276,104.244.42.0-255,66,128765,17,128765
6834,0.0,74.125.24.0-255,146,146,17,243647
6835,3.7e-05,172.31.36.0-255,66,212,17,243647
6836,4.4e-05,74.125.24.0-255,1484,1696,17,243647
6837,4.8e-05,172.31.36.0-255,66,1762,17,243647
6838,5.4e-05,74.125.24.0-255,2902,4664,17,243647
6839,6.6e-05,172.31.36.0-255,66,4730,17,243647
6840,7.3e-05,74.125.24.0-255,7156,11886,17,243647
6841,7.5e-05,172.31.36.0-255,66,11952,17,243647
6842,8.9e-05,172.31.36.0-255,66,12018,17,243647
6843,0.000123,74.125.24.0-255,5379,17397,17,243647
6844,0.000126,172.31.36.0-255,66,17463,17,243647
6845,0.000231,74.125.24.0-255,1484,18947,17,243647
6846,0.000236,172.31.36.0-255,66,19013,17,243647
6847,0.000244,74.125.24.0-255,2902,21915,17,243647
6848,0.000246,172.31.36.0-255,66,21981,17,243647
6849,0.000256,74.125.24.0-255,1484,23465,17,243647
6850,0.000258,172.31.36.0-255,66,23531,17,243647
6851,0.00029,74.125.24.0-255,4320,27851,17,243647
6852,0.000298,172.31.36.0-255,66,27917,17,243647
6853,0.000304,74.125.24.0-255,4320,32237,17,243647
6854,0.000308,172.31.36.0-255,66,32303,17,243647
6855,0.000342,172.31.36.0-255,66,32369,17,243647
6856,0.000378,74.125.24.0-255,7156,39525,17,243647
6857,0.000388,172.31.36.0-255,66,39591,17,243647
6858,0.000413,74.125.24.0-255,2543,42134,17,243647
6859,0.000416,172.31.36.0-255,66,42200,17,243647
6860,0.00046,74.125.24.0-255,395,42595,17,243647
6861,0.000463,172.31.36.0-255,66,42661,17,243647
6862,0.000467,74.125.24.0-255,347,43008,17,243647
6863,0.000469,172.31.36.0-255,66,43074,17,243647
6864,0.000696,74.125.24.0-255,1484,44558,17,243647
6865,0.000704,74.125.24.0-255,2902,47460,17,243647
6866,0.000709,74.125.24.0-255,4320,51780,17,243647
6867,0.000732,74.125.24.0-255,1484,53264,17,243647
6868,0.000736,172.31.36.0-255,66,53330,17,243647
6869,0.000738,74.125.24.0-255,7156,60486,17,243647
6870,0.000743,172.31.36.0-255,66,60552,17,243647
6871,0.000794,74.125.24.0-255,2184,62736,17,243647
6872,0.000818,172.31.36.0-255,66,62802,17,243647
6873,0.001091,74.125.24.0-255,1484,64286,17,243647
6874,0.001098,74.125.24.0-255,2902,67188,17,243647
6875,0.001104,74.125.24.0-255,4320,71508,17,243647
6876,0.001116,74.125.24.0-255,1484,72992,17,243647
6877,0.001198,74.125.24.0-255,2184,75176,17,243647
6878,0.001226,74.125.24.0-255,4320,79496,17,243647
6879,0.001249,74.125.24.0-255,7156,86652,17,243647
6880,0.001255,74.125.24.0-255,5738,92390,17,243647
6881,0.001273,74.125.24.0-255,7156,99546,17,243647
6882,0.001276,74.125.24.0-255,1484,101030,17,243647
6883,0.001321,74.125.24.0-255,5738,106768,17,243647
6884,0.001343,74.125.24.0-255,4320,111088,17,243647
6885,0.001348,74.125.24.0-255,4320,115408,17,243647
6886,0.001386,74.125.24.0-255,3602,119010,17,243647
6887,0.00146,74.125.24.0-255,1484,120494,17,243647
6888,0.001467,74.125.24.0-255,2902,123396,17,243647
6889,0.001499,74.125.24.0-255,5738,129134,17,243647
6890,0.001529,74.125.24.0-255,4320,133454,17,243647
6891,0.00155,74.125.24.0-255,5738,139192,17,243647
6892,0.001563,74.125.24.0-255,1484,140676,17,243647
6893,0.001591,74.125.24.0-255,3602,144278,17,243647
6894,0.001643,74.125.24.0-255,4320,148598,17,243647
6895,0.00166,74.125.24.0-255,5738,154336,17,243647
6896,0.001732,74.125.24.0-255,5738,160074,17,243647
6897,0.001752,74.125.24.0-255,6438,166512,17,243647
6898,0.002266,74.125.24.0-255,1484,167996,17,243647
6899,0.002283,74.125.24.0-255,2902,170898,17,243647
6900,0.002297,74.125.24.0-255,2902,173800,17,243647
6901,0.002315,74.125.24.0-255,2902,176702,17,243647
6902,0.002317,74.125.24.0-255,1484,178186,17,243647
6903,0.002407,74.125.24.0-255,5738,183924,17,243647
6904,0.002425,74.125.24.0-255,4320,188244,17,243647
6905,0.002427,74.125.24.0-255,1484,189728,17,243647
6906,0.002454,74.125.24.0-255,766,190494,17,243647
6907,0.002472,74.125.24.0-255,4320,194814,17,243647
6908,0.002503,74.125.24.0-255,7156,201970,17,243647
6909,0.002598,74.125.24.0-255,1484,203454,17,243647
6910,0.002609,74.125.24.0-255,2902,206356,17,243647
6911,0.002626,74.125.24.0-255,5738,212094,17,243647
6912,0.002662,74.125.24.0-255,1484,213578,17,243647
6913,0.002664,74.125.24.0-255,1484,215062,17,243647
6914,0.002678,74.125.24.0-255,4320,219382,17,243647
6915,0.002719,74.125.24.0-255,5020,224402,17,243647
6916,0.002771,74.125.24.0-255,4320,228722,17,243647
6917,0.00278,74.125.24.0-255,1484,230206,17,243647
6918,0.002783,74.125.24.0-255,1484,231690,17,243647
6919,0.002831,74.125.24.0-255,5738,237428,17,243647
6920,0.002863,74.125.24.0-255,1484,238912,17,243647
6921,0.002914,74.125.24.0-255,105,239017,17,243647
6922,0.011938,74.125.24.0-255,105,239122,17,243647
6923,0.011954,172.31.36.0-255,78,239200,17,243647
6924,0.022229,172.31.36.0-255,105,239305,17,243647
6925,0.02447,74.125.24.0-255,66,239371,17,243647
6926,0.032249,172.31.36.0-255,176,239547,17,243647
6927,0.032278,172.31.36.0-255,1119,240666,17,243647
6928,0.03234,172.31.36.0-255,1514,242180,17,243647
6929,0.032341,172.31.36.0-255,1269,243449,17,243647
6930,0.03383,104.244.42.0-255,66,243515,17,243647
6931,0.03384,104.244.42.0-255,66,243581,17,243647
6932,0.03392,104.244.42.0-255,66,243647,17,243647
6933,0.0,172.217.194.0-255,218,218,17,213290
6934,3.7e-05,172.31.36.0-255,66,284,17,213290
6935,4.4e-05,172.217.194.0-255,1484,1768,17,213290
6936,4.9e-05,172.31.36.0-255,66,1834,17,213290
6937,5.5e-05,172.217.194.0-255,4320,6154,17,213290
6938,5.9e-05,172.31.36.0-255,66,6220,17,213290
6939,6.8e-05,172.31.36.0-255,66,6286,17,213290
6940,7.9e-05,172.31.36.0-255,66,6352,17,213290
6941,0.000144,172.31.36.0-255,66,6418,17,213290
6942,0.000192,172.217.194.0-255,1484,7902,17,213290
6943,0.000195,172.31.36.0-255,66,7968,17,213290
6944,0.0002,172.217.194.0-255,2902,10870,17,213290
6945,0.000203,172.31.36.0-255,66,10936,17,213290
6946,0.000207,172.217.194.0-255,2902,13838,17,213290
6947,0.000209,172.31.36.0-255,66,13904,17,213290
6948,0.000229,172.217.194.0-255,2902,16806,17,213290
6949,0.000233,172.31.36.0-255,66,16872,17,213290
6950,0.000239,172.217.194.0-255,2902,19774,17,213290
6951,0.000241,172.31.36.0-255,66,19840,17,213290
6952,0.000284,172.31.36.0-255,66,19906,17,213290
6953,0.000296,172.31.36.0-255,66,19972,17,213290
6954,0.00067,172.217.194.0-255,647,20619,17,213290
6955,0.000676,172.31.36.0-255,66,20685,17,213290
6956,0.000851,172.217.194.0-255,1484,22169,17,213290
6957,0.000855,172.31.36.0-255,66,22235,17,213290
6958,0.00086,172.217.194.0-255,2902,25137,17,213290
6959,0.000862,172.31.36.0-255,66,25203,17,213290
6960,0.000883,172.217.194.0-255,5738,30941,17,213290
6961,0.000886,172.31.36.0-255,66,31007,17,213290
6962,0.0009,172.217.194.0-255,1484,32491,17,213290
6963,0.000928,172.31.36.0-255,66,32557,17,213290
6964,0.000935,172.217.194.0-255,5738,38295,17,213290
6965,0.000937,172.31.36.0-255,66,38361,17,213290
6966,0.000976,172.217.194.0-255,1484,39845,17,213290
6967,0.00099,172.217.194.0-255,3602,43447,17,213290
6968,0.000993,172.31.36.0-255,66,43513,17,213290
6969,0.001268,172.217.194.0-255,1484,44997,17,213290
6970,0.001277,172.217.194.0-255,2902,47899,17,213290
6971,0.00128,172.31.36.0-255,66,47965,17,213290
6972,0.001297,172.217.194.0-255,5738,53703,17,213290
6973,0.0013,172.31.36.0-255,66,53769,17,213290
6974,0.001307,172.217.194.0-255,7156,60925,17,213290
6975,0.00131,172.31.36.0-255,66,60991,17,213290
6976,0.001341,172.217.194.0-255,5738,66729,17,213290
6977,0.001344,172.31.36.0-255,66,66795,17,213290
6978,0.001355,172.31.36.0-255,66,66861,17,213290
6979,0.00164,172.217.194.0-255,1484,68345,17,213290
6980,0.001647,172.217.194.0-255,2902,71247,17,213290
6981,0.001651,172.31.36.0-255,66,71313,17,213290
6982,0.001658,172.217.194.0-255,5738,77051,17,213290
6983,0.001661,172.31.36.0-255,66,77117,17,213290
6984,0.0017,172.31.36.0-255,66,77183,17,213290
6985,0.001703,172.217.194.0-255,1484,78667,17,213290
6986,0.001729,172.31.36.0-255,66,78733,17,213290
6987,0.00182,172.217.194.0-255,1484,80217,17,213290
6988,0.001834,172.217.194.0-255,2902,83119,17,213290
6989,0.001837,172.31.36.0-255,66,83185,17,213290
6990,0.001861,172.217.194.0-255,5738,88923,17,213290
6991,0.001864,172.31.36.0-255,66,88989,17,213290
6992,0.001884,172.217.194.0-255,5738,94727,17,213290
6993,0.001887,172.31.36.0-255,66,94793,17,213290
6994,0.001906,172.217.194.0-255,4320,99113,17,213290
6995,0.001909,172.31.36.0-255,66,99179,17,213290
6996,0.001921,172.217.194.0-255,2902,102081,17,213290
6997,0.001924,172.31.36.0-255,66,102147,17,213290
6998,0.00196,172.31.36.0-255,66,102213,17,213290
6999,0.002062,172.217.194.0-255,1484,103697,17,213290
7000,0.002075,172.217.194.0-255,2902,106599,17,213290
7001,0.002079,172.31.36.0-255,66,106665,17,213290
7002,0.002085,172.217.194.0-255,5738,112403,17,213290
7003,0.002087,172.31.36.0-255,66,112469,17,213290
7004,0.002162,172.31.36.0-255,66,112535,17,213290
7005,0.002176,172.217.194.0-255,2902,115437,17,213290
7006,0.00218,172.31.36.0-255,66,115503,17,213290
7007,0.002188,172.31.36.0-255,66,115569,17,213290
7008,0.002236,172.217.194.0-255,1484,117053,17,213290
7009,0.002255,172.217.194.0-255,2902,119955,17,213290
7010,0.002258,172.31.36.0-255,66,120021,17,213290
7011,0.002263,172.217.194.0-255,4320,124341,17,213290
7012,0.002266,172.31.36.0-255,66,124407,17,213290
7013,0.002292,172.217.194.0-255,1484,125891,17,213290
7014,0.002309,172.31.36.0-255,66,125957,17,213290
7015,0.002346,172.217.194.0-255,7156,133113,17,213290
7016,0.00235,172.31.36.0-255,66,133179,17,213290
7017,0.002373,172.217.194.0-255,6438,139617,17,213290
7018,0.002377,172.31.36.0-255,66,139683,17,213290
7019,0.00239,172.31.36.0-255,66,139749,17,213290
7020,0.002409,172.217.194.0-255,1484,141233,17,213290
7021,0.002422,172.31.36.0-255,66,141299,17,213290
7022,0.002477,172.31.36.0-255,66,141365,17,213290
7023,0.002492,172.31.36.0-255,66,141431,17,213290
7024,0.00251,172.217.194.0-255,2902,144333,17,213290
7025,0.002512,172.31.36.0-255,66,144399,17,213290
7026,0.002518,172.217.194.0-255,5020,149419,17,213290
7027,0.002523,172.31.36.0-255,66,149485,17,213290
7028,0.002536,172.217.194.0-255,2902,152387,17,213290
7029,0.002538,172.31.36.0-255,66,152453,17,213290
7030,0.002554,172.217.194.0-255,2902,155355,17,213290
7031,0.002556,172.31.36.0-255,66,155421,17,213290
7032,0.002561,172.217.194.0-255,2902,158323,17,213290
7033,0.002563,172.31.36.0-255,66,158389,17,213290
7034,0.002597,172.31.36.0-255,66,158455,17,213290
7035,0.002609,172.31.36.0-255,66,158521,17,213290
7036,0.005201,172.217.194.0-255,5738,164259,17,213290
7037,0.005215,172.31.36.0-255,66,164325,17,213290
7038,0.007803,172.217.194.0-255,5738,170063,17,213290
7039,0.007813,172.31.36.0-255,66,170129,17,213290
7040,0.010376,172.217.194.0-255,5738,175867,17,213290
7041,0.010385,172.31.36.0-255,66,175933,17,213290
7042,0.012934,172.217.194.0-255,5738,181671,17,213290
7043,0.012943,172.31.36.0-255,66,181737,17,213290
7044,0.015502,172.217.194.0-255,5738,187475,17,213290
7045,0.01551,172.31.36.0-255,66,187541,17,213290
7046,0.018104,172.217.194.0-255,5738,193279,17,213290
7047,0.018123,172.31.36.0-255,66,193345,17,213290
7048,0.020756,172.217.194.0-255,5738,199083,17,213290
7049,0.020773,172.31.36.0-255,66,199149,17,213290
7050,0.02333,172.217.194.0-255,5738,204887,17,213290
7051,0.023342,172.31.36.0-255,66,204953,17,213290
7052,0.025892,172.217.194.0-255,3828,208781,17,213290
7053,0.0259,172.31.36.0-255,66,208847,17,213290
7054,0.026091,172.31.36.0-255,105,208952,17,213290
7055,0.028611,172.217.194.0-255,66,209018,17,213290
7056,0.032539,172.31.36.0-255,172,209190,17,213290
7057,0.032573,172.31.36.0-255,1116,210306,17,213290
7058,0.032609,172.31.36.0-255,1514,211820,17,213290
7059,0.032611,172.31.36.0-255,1272,213092,17,213290
7060,0.034097,104.244.42.0-255,66,213158,17,213290
7061,0.03413,104.244.42.0-255,66,213224,17,213290
7062,0.034179,104.244.42.0-255,66,213290,17,213290
7063,0.0,74.125.68.0-255,66,66,17,66
7064,0.0,172.253.118.0-255,153,153,17,298330
7065,2.5e-05,172.31.36.0-255,66,219,17,298330
7066,3.2e-05,172.253.118.0-255,1484,1703,17,298330
7067,3.7e-05,172.31.36.0-255,66,1769,17,298330
7068,5.2e-05,172.253.118.0-255,2902,4671,17,298330
7069,5.5e-05,172.31.36.0-255,66,4737,17,298330
7070,5.9e-05,172.253.118.0-255,1484,6221,17,298330
7071,6.1e-05,172.31.36.0-255,66,6287,17,298330
7072,6.8e-05,172.253.118.0-255,5738,12025,17,298330
7073,7.2e-05,172.31.36.0-255,66,12091,17,298330
7074,0.000111,172.253.118.0-255,2102,14193,17,298330
7075,0.000114,172.31.36.0-255,66,14259,17,298330
7076,0.000147,172.253.118.0-255,2902,17161,17,298330
7077,0.000152,172.31.36.0-255,66,17227,17,298330
7078,0.000155,172.253.118.0-255,1484,18711,17,298330
7079,0.000157,172.31.36.0-255,66,18777,17,298330
7080,0.000183,172.253.118.0-255,2902,21679,17,298330
7081,0.000186,172.31.36.0-255,66,21745,17,298330
7082,0.000196,172.253.118.0-255,5738,27483,17,298330
7083,0.000199,172.31.36.0-255,66,27549,17,298330
7084,0.000233,172.253.118.0-255,3961,31510,17,298330
7085,0.000238,172.31.36.0-255,66,31576,17,298330
7086,0.000389,172.253.118.0-255,1484,33060,17,298330
7087,0.000395,172.31.36.0-255,66,33126,17,298330
7088,0.000424,172.253.118.0-255,2902,36028,17,298330
7089,0.000428,172.31.36.0-255,66,36094,17,298330
7090,0.000434,172.253.118.0-255,5738,41832,17,298330
7091,0.000437,172.31.36.0-255,66,41898,17,298330
7092,0.000475,172.31.36.0-255,66,41964,17,298330
7093,0.000499,172.253.118.0-255,1125,43089,17,298330
7094,0.000502,172.31.36.0-255,66,43155,17,298330
7095,0.000513,172.31.36.0-255,66,43221,17,298330
7096,0.000528,172.253.118.0-255,1125,44346,17,298330
7097,0.000638,172.253.118.0-255,645,44991,17,298330
7098,0.000642,172.31.36.0-255,66,45057,17,298330
7099,0.000781,172.253.118.0-255,1484,46541,17,298330
7100,0.000786,172.253.118.0-255,1484,48025,17,298330
7101,0.000789,172.31.36.0-255,66,48091,17,298330
7102,0.00081,172.253.118.0-255,1484,49575,17,298330
7103,0.000818,172.253.118.0-255,5738,55313,17,298330
7104,0.000821,172.31.36.0-255,66,55379,17,298330
7105,0.000826,172.253.118.0-255,4320,59699,17,298330
7106,0.000828,172.31.36.0-255,66,59765,17,298330
7107,0.000861,172.253.118.0-255,1995,61760,17,298330
7108,0.000864,172.31.36.0-255,66,61826,17,298330
7109,0.001128,172.253.118.0-255,1484,63310,17,298330
7110,0.001152,172.253.118.0-255,2902,66212,17,298330
7111,0.001157,172.31.36.0-255,66,66278,17,298330
7112,0.001164,172.253.118.0-255,5738,72016,17,298330
7113,0.001166,172.31.36.0-255,66,72082,17,298330
7114,0.001178,172.253.118.0-255,7156,79238,17,298330
7115,0.001181,172.31.36.0-255,66,79304,17,298330
7116,0.001187,172.253.118.0-255,4320,83624,17,298330
7117,0.001189,172.31.36.0-255,66,83690,17,298330
7118,0.001233,172.31.36.0-255,66,83756,17,298330
7119,0.001238,172.253.118.0-255,2184,85940,17,298330
7120,0.00124,172.31.36.0-255,66,86006,17,298330
7121,0.001364,172.253.118.0-255,1484,87490,17,298330
7122,0.001369,172.253.118.0-255,1484,88974,17,298330
7123,0.001372,172.31.36.0-255,66,89040,17,298330
7124,0.001397,172.253.118.0-255,1484,90524,17,298330
7125,0.001403,172.253.118.0-255,5738,96262,17,298330
7126,0.001406,172.31.36.0-255,66,96328,17,298330
7127,0.001411,172.253.118.0-255,2902,99230,17,298330
7128,0.001413,172.31.36.0-255,66,99296,17,298330
7129,0.001453,172.31.36.0-255,66,99362,17,298330
7130,0.001477,172.253.118.0-255,7156,106518,17,298330
7131,0.00148,172.31.36.0-255,66,106584,17,298330
7132,0.001506,172.253.118.0-255,3602,110186,17,298330
7133,0.001509,172.31.36.0-255,66,110252,17,298330
7134,0.001535,172.253.118.0-255,1484,111736,17,298330
7135,0.001566,172.253.118.0-255,1484,113220,17,298330
7136,0.001569,172.31.36.0-255,66,113286,17,298330
7137,0.001575,172.253.118.0-255,2902,116188,17,298330
7138,0.001578,172.31.36.0-255,66,116254,17,298330
7139,0.001613,172.253.118.0-255,5738,121992,17,298330
7140,0.001616,172.31.36.0-255,66,122058,17,298330
7141,0.00162,172.253.118.0-255,1484,123542,17,298330
7142,0.001652,172.31.36.0-255,66,123608,17,298330
7143,0.001676,172.253.118.0-255,1484,125092,17,298330
7144,0.001705,172.31.36.0-255,66,125158,17,298330
7145,0.001728,172.253.118.0-255,1484,126642,17,298330
7146,0.001733,172.253.118.0-255,2902,129544,17,298330
7147,0.001735,172.31.36.0-255,66,129610,17,298330
7148,0.00174,172.253.118.0-255,2902,132512,17,298330
7149,0.001743,172.31.36.0-255,66,132578,17,298330
7150,0.00176,172.253.118.0-255,2902,135480,17,298330
7151,0.001762,172.31.36.0-255,66,135546,17,298330
7152,0.001771,172.253.118.0-255,1484,137030,17,298330
7153,0.001805,172.31.36.0-255,66,137096,17,298330
7154,0.001813,172.253.118.0-255,7156,144252,17,298330
7155,0.001816,172.31.36.0-255,66,144318,17,298330
7156,0.001845,172.253.118.0-255,3602,147920,17,298330
7157,0.001848,172.31.36.0-255,66,147986,17,298330
7158,0.001875,172.253.118.0-255,1484,149470,17,298330
7159,0.00188,172.253.118.0-255,2902,152372,17,298330
7160,0.001884,172.31.36.0-255,66,152438,17,298330
7161,0.001889,172.253.118.0-255,2902,155340,17,298330
7162,0.001891,172.31.36.0-255,66,155406,17,298330
7163,0.001912,172.253.118.0-255,2902,158308,17,298330
7164,0.001919,172.31.36.0-255,66,158374,17,298330
7165,0.001933,172.31.36.0-255,66,158440,17,298330
7166,0.00194,172.253.118.0-255,7156,165596,17,298330
7167,0.001942,172.31.36.0-255,66,165662,17,298330
7168,0.001993,172.253.118.0-255,3602,169264,17,298330
7169,0.001996,172.31.36.0-255,66,169330,17,298330
7170,0.002025,172.31.36.0-255,101,169431,17,298330
7171,0.002049,172.253.118.0-255,1484,170915,17,298330
7172,0.002053,172.253.118.0-255,2902,173817,17,298330
7173,0.002062,172.31.36.0-255,66,173883,17,298330
7174,0.002067,172.253.118.0-255,2902,176785,17,298330
7175,0.002071,172.31.36.0-255,66,176851,17,298330
7176,0.002098,172.253.118.0-255,2902,179753,17,298330
7177,0.002102,172.31.36.0-255,66,179819,17,298330
7178,0.002106,172.253.118.0-255,2902,182721,17,298330
7179,0.002108,172.31.36.0-255,66,182787,17,298330
7180,0.002111,172.253.118.0-255,1484,184271,17,298330
7181,0.002148,172.31.36.0-255,66,184337,17,298330
7182,0.002165,172.31.36.0-255,66,184403,17,298330
7183,0.002238,172.253.118.0-255,1484,185887,17,298330
7184,0.002245,172.253.118.0-255,2902,188789,17,298330
7185,0.002249,172.31.36.0-255,66,188855,17,298330
7186,0.002254,172.253.118.0-255,2902,191757,17,298330
7187,0.002255,172.31.36.0-255,66,191823,17,298330
7188,0.002277,172.253.118.0-255,2902,194725,17,298330
7189,0.002281,172.31.36.0-255,66,194791,17,298330
7190,0.002338,172.31.36.0-255,66,194857,17,298330
7191,0.002362,172.253.118.0-255,1484,196341,17,298330
7192,0.002381,172.31.36.0-255,66,196407,17,298330
7193,0.004315,172.253.118.0-255,66,196473,17,298330
7194,0.00471,172.253.118.0-255,5738,202211,17,298330
7195,0.004718,172.31.36.0-255,66,202277,17,298330
7196,0.007081,172.253.118.0-255,5738,208015,17,298330
7197,0.007098,172.31.36.0-255,66,208081,17,298330
7198,0.009428,172.253.118.0-255,5738,213819,17,298330
7199,0.009432,172.31.36.0-255,66,213885,17,298330
7200,0.011794,172.253.118.0-255,5738,219623,17,298330
7201,0.011811,172.31.36.0-255,66,219689,17,298330
7202,0.01417,172.253.118.0-255,5738,225427,17,298330
7203,0.014189,172.31.36.0-255,66,225493,17,298330
7204,0.016526,172.253.118.0-255,5738,231231,17,298330
7205,0.016545,172.31.36.0-255,66,231297,17,298330
7206,0.018902,172.253.118.0-255,5738,237035,17,298330
7207,0.018912,172.31.36.0-255,66,237101,17,298330
7208,0.021268,172.253.118.0-255,5738,242839,17,298330
7209,0.021287,172.31.36.0-255,66,242905,17,298330
7210,0.023657,172.253.118.0-255,5738,248643,17,298330
7211,0.023678,172.31.36.0-255,66,248709,17,298330
7212,0.02604,172.253.118.0-255,5738,254447,17,298330
7213,0.026057,172.31.36.0-255,66,254513,17,298330
7214,0.02842,172.253.118.0-255,5738,260251,17,298330
7215,0.028434,172.31.36.0-255,66,260317,17,298330
7216,0.030777,172.253.118.0-255,5738,266055,17,298330
7217,0.030795,172.31.36.0-255,66,266121,17,298330
7218,0.033153,172.253.118.0-255,5738,271859,17,298330
7219,0.033169,172.31.36.0-255,66,271925,17,298330
7220,0.034742,172.31.36.0-255,172,272097,17,298330
7221,0.034775,172.31.36.0-255,1117,273214,17,298330
7222,0.034845,172.31.36.0-255,1514,274728,17,298330
7223,0.034847,172.31.36.0-255,1271,275999,17,298330
7224,0.035528,172.253.118.0-255,5738,281737,17,298330
7225,0.035543,172.31.36.0-255,66,281803,17,298330
7226,0.03634,104.244.42.0-255,66,281869,17,298330
7227,0.036371,104.244.42.0-255,66,281935,17,298330
7228,0.03643,104.244.42.0-255,66,282001,17,298330
7229,0.037899,172.253.118.0-255,5738,287739,17,298330
7230,0.037907,172.31.36.0-255,66,287805,17,298330
7231,0.040267,172.253.118.0-255,5738,293543,17,298330
7232,0.040282,172.31.36.0-255,66,293609,17,298330
7233,0.042634,172.253.118.0-255,4484,298093,17,298330
7234,0.042645,172.31.36.0-255,66,298159,17,298330
7235,0.042878,172.31.36.0-255,105,298264,17,298330
7236,0.050414,172.253.118.0-255,66,298330,17,298330
7237,0.0,172.31.36.0-255,66,66,17,66
7238,0.0,74.125.68.0-255,155,155,17,237548
7239,2.2e-05,172.31.36.0-255,66,221,17,237548
7240,4.2e-05,74.125.68.0-255,1484,1705,17,237548
7241,4.6e-05,172.31.36.0-255,66,1771,17,237548
7242,4.9e-05,74.125.68.0-255,1484,3255,17,237548
7243,5.2e-05,172.31.36.0-255,66,3321,17,237548
7244,6.4e-05,74.125.68.0-255,1484,4805,17,237548
7245,6.7e-05,172.31.36.0-255,66,4871,17,237548
7246,0.0001,74.125.68.0-255,7156,12027,17,237548
7247,0.000103,172.31.36.0-255,66,12093,17,237548
7248,0.000107,74.125.68.0-255,2039,14132,17,237548
7249,0.000109,172.31.36.0-255,66,14198,17,237548
7250,0.000599,74.125.68.0-255,1484,15682,17,237548
7251,0.000605,172.31.36.0-255,66,15748,17,237548
7252,0.000614,74.125.68.0-255,2902,18650,17,237548
7253,0.000617,172.31.36.0-255,66,18716,17,237548
7254,0.000621,74.125.68.0-255,1484,20200,17,237548
7255,0.000624,172.31.36.0-255,66,20266,17,237548
7256,0.000655,74.125.68.0-255,4320,24586,17,237548
7257,0.000658,172.31.36.0-255,66,24652,17,237548
7258,0.000663,74.125.68.0-255,2902,27554,17,237548
7259,0.000665,172.31.36.0-255,66,27620,17,237548
7260,0.000693,74.125.68.0-255,4320,31940,17,237548
7261,0.000698,172.31.36.0-255,66,32006,17,237548
7262,0.000714,74.125.68.0-255,1125,33131,17,237548
7263,0.000717,172.31.36.0-255,66,33197,17,237548
7264,0.000723,74.125.68.0-255,5738,38935,17,237548
7265,0.000725,172.31.36.0-255,66,39001,17,237548
7266,0.000752,74.125.68.0-255,5738,44739,17,237548
7267,0.000757,172.31.36.0-255,66,44805,17,237548
7268,0.000807,74.125.68.0-255,3961,48766,17,237548
7269,0.000812,172.31.36.0-255,66,48832,17,237548
7270,0.002844,74.125.68.0-255,1484,50316,17,237548
7271,0.002884,74.125.68.0-255,2902,53218,17,237548
7272,0.00289,172.31.36.0-255,66,53284,17,237548
7273,0.002909,74.125.68.0-255,1484,54768,17,237548
7274,0.00498,74.125.68.0-255,4320,59088,17,237548
7275,0.004987,172.31.36.0-255,66,59154,17,237548
7276,0.007085,74.125.68.0-255,5738,64892,17,237548
7277,0.007091,172.31.36.0-255,66,64958,17,237548
7278,0.009186,74.125.68.0-255,5738,70696,17,237548
7279,0.009193,172.31.36.0-255,66,70762,17,237548
7280,0.011289,74.125.68.0-255,5738,76500,17,237548
7281,0.011299,172.31.36.0-255,66,76566,17,237548
7282,0.013399,74.125.68.0-255,5738,82304,17,237548
7283,0.013407,172.31.36.0-255,66,82370,17,237548
7284,0.015493,74.125.68.0-255,5738,88108,17,237548
7285,0.015503,172.31.36.0-255,66,88174,17,237548
7286,0.017592,74.125.68.0-255,5738,93912,17,237548
7287,0.017599,172.31.36.0-255,66,93978,17,237548
7288,0.018119,172.31.36.0-255,172,94150,17,237548
7289,0.018149,172.31.36.0-255,1118,95268,17,237548
7290,0.018207,172.31.36.0-255,1514,96782,17,237548
7291,0.018208,172.31.36.0-255,1272,98054,17,237548
7292,0.019607,104.244.42.0-255,66,98120,17,237548
7293,0.019644,104.244.42.0-255,66,98186,17,237548
7294,0.019678,74.125.68.0-255,5738,103924,17,237548
7295,0.019684,172.31.36.0-255,66,103990,17,237548
7296,0.01971,104.244.42.0-255,66,104056,17,237548
7297,0.021785,74.125.68.0-255,5738,109794,17,237548
7298,0.021791,172.31.36.0-255,66,109860,17,237548
7299,0.023905,74.125.68.0-255,5738,115598,17,237548
7300,0.023911,172.31.36.0-255,66,115664,17,237548
7301,0.026015,74.125.68.0-255,5738,121402,17,237548
7302,0.026021,172.31.36.0-255,66,121468,17,237548
7303,0.028111,74.125.68.0-255,5738,127206,17,237548
7304,0.028117,172.31.36.0-255,66,127272,17,237548
7305,0.030223,74.125.68.0-255,5738,133010,17,237548
7306,0.03023,172.31.36.0-255,66,133076,17,237548
7307,0.032317,74.125.68.0-255,5738,138814,17,237548
7308,0.032323,172.31.36.0-255,66,138880,17,237548
7309,0.034414,74.125.68.0-255,5738,144618,17,237548
7310,0.034421,172.31.36.0-255,66,144684,17,237548
7311,0.036528,74.125.68.0-255,5738,150422,17,237548
7312,0.036535,172.31.36.0-255,66,150488,17,237548
7313,0.038625,74.125.68.0-255,5738,156226,17,237548
7314,0.038631,172.31.36.0-255,66,156292,17,237548
7315,0.04075,74.125.68.0-255,5738,162030,17,237548
7316,0.040756,172.31.36.0-255,66,162096,17,237548
7317,0.042879,74.125.68.0-255,5738,167834,17,237548
7318,0.042888,172.31.36.0-255,66,167900,17,237548
7319,0.044983,74.125.68.0-255,5738,173638,17,237548
7320,0.04499,172.31.36.0-255,66,173704,17,237548
7321,0.047082,74.125.68.0-255,5738,179442,17,237548
7322,0.047089,172.31.36.0-255,66,179508,17,237548
7323,0.04919,74.125.68.0-255,5738,185246,17,237548
7324,0.049197,172.31.36.0-255,66,185312,17,237548
7325,0.051282,74.125.68.0-255,5738,191050,17,237548
7326,0.051289,172.31.36.0-255,66,191116,17,237548
7327,0.053394,74.125.68.0-255,5738,196854,17,237548
7328,0.0534,172.31.36.0-255,66,196920,17,237548
7329,0.055495,74.125.68.0-255,5738,202658,17,237548
7330,0.055502,172.31.36.0-255,66,202724,17,237548
7331,0.057596,74.125.68.0-255,5738,208462,17,237548
7332,0.057603,172.31.36.0-255,66,208528,17,237548
7333,0.059702,74.125.68.0-255,5738,214266,17,237548
7334,0.059708,172.31.36.0-255,66,214332,17,237548
7335,0.061802,74.125.68.0-255,5738,220070,17,237548
7336,0.061808,172.31.36.0-255,66,220136,17,237548
7337,0.063901,74.125.68.0-255,5738,225874,17,237548
7338,0.063907,172.31.36.0-255,66,225940,17,237548
7339,0.066004,74.125.68.0-255,5738,231678,17,237548
7340,0.06601,172.31.36.0-255,66,231744,17,237548
7341,0.068101,74.125.68.0-255,5738,237482,17,237548
7342,0.068107,172.31.36.0-255,66,237548,17,237548
7343,0.0,172.217.194.0-255,153,153,17,153666
7344,2.7e-05,172.31.36.0-255,66,219,17,153666
7345,3.4e-05,172.217.194.0-255,1484,1703,17,153666
7346,3.9e-05,172.31.36.0-255,66,1769,17,153666
7347,4.4e-05,172.217.194.0-255,2902,4671,17,153666
7348,4.6e-05,172.31.36.0-255,66,4737,17,153666
7349,5.9e-05,172.217.194.0-255,5738,10475,17,153666
7350,7.1e-05,172.31.36.0-255,66,10541,17,153666
7351,9.7e-05,172.217.194.0-255,4885,15426,17,153666
7352,0.000101,172.31.36.0-255,66,15492,17,153666
7353,0.000114,172.217.194.0-255,5738,21230,17,153666
7354,0.000116,172.31.36.0-255,66,21296,17,153666
7355,0.000145,172.217.194.0-255,5738,27034,17,153666
7356,0.000149,172.31.36.0-255,66,27100,17,153666
7357,0.000169,172.217.194.0-255,3961,31061,17,153666
7358,0.000172,172.31.36.0-255,66,31127,17,153666
7359,0.000197,172.217.194.0-255,1484,32611,17,153666
7360,0.0002,172.31.36.0-255,66,32677,17,153666
7361,0.000205,172.217.194.0-255,2902,35579,17,153666
7362,0.000207,172.31.36.0-255,66,35645,17,153666
7363,0.000219,172.217.194.0-255,5738,41383,17,153666
7364,0.000221,172.31.36.0-255,66,41449,17,153666
7365,0.000268,172.31.36.0-255,66,41515,17,153666
7366,0.000286,172.31.36.0-255,66,41581,17,153666
7367,0.000289,172.217.194.0-255,393,41974,17,153666
7368,0.000291,172.31.36.0-255,66,42040,17,153666
7369,0.000378,172.217.194.0-255,381,42421,17,153666
7370,0.000382,172.31.36.0-255,66,42487,17,153666
7371,0.000743,172.217.194.0-255,1484,43971,17,153666
7372,0.000748,172.31.36.0-255,66,44037,17,153666
7373,0.000753,172.217.194.0-255,2902,46939,17,153666
7374,0.000755,172.31.36.0-255,66,47005,17,153666
7375,0.00076,172.217.194.0-255,4320,51325,17,153666
7376,0.000765,172.31.36.0-255,66,51391,17,153666
7377,0.000802,172.217.194.0-255,1484,52875,17,153666
7378,0.000817,172.31.36.0-255,66,52941,17,153666
7379,0.000834,172.31.36.0-255,66,53007,17,153666
7380,0.001063,172.217.194.0-255,1484,54491,17,153666
7381,0.001069,172.217.194.0-255,2902,57393,17,153666
7382,0.001078,172.31.36.0-255,66,57459,17,153666
7383,0.001082,172.217.194.0-255,5738,63197,17,153666
7384,0.001085,172.31.36.0-255,66,63263,17,153666
7385,0.001133,172.31.36.0-255,66,63329,17,153666
7386,0.001151,172.31.36.0-255,66,63395,17,153666
7387,0.001221,172.217.194.0-255,1484,64879,17,153666
7388,0.001226,172.217.194.0-255,2902,67781,17,153666
7389,0.001228,172.31.36.0-255,66,67847,17,153666
7390,0.001258,172.217.194.0-255,5738,73585,17,153666
7391,0.001262,172.31.36.0-255,66,73651,17,153666
7392,0.00127,172.31.36.0-255,66,73717,17,153666
7393,0.00129,172.217.194.0-255,1484,75201,17,153666
7394,0.001297,172.217.194.0-255,5738,80939,17,153666
7395,0.001304,172.31.36.0-255,66,81005,17,153666
7396,0.001347,172.217.194.0-255,5020,86025,17,153666
7397,0.00135,172.31.36.0-255,66,86091,17,153666
7398,0.00151,172.217.194.0-255,1484,87575,17,153666
7399,0.001527,172.217.194.0-255,2902,90477,17,153666
7400,0.001531,172.31.36.0-255,66,90543,17,153666
7401,0.001538,172.217.194.0-255,5738,96281,17,153666
7402,0.00154,172.31.36.0-255,66,96347,17,153666
7403,0.001583,172.31.36.0-255,66,96413,17,153666
7404,0.001595,172.31.36.0-255,66,96479,17,153666
7405,0.001637,172.217.194.0-255,1484,97963,17,153666
7406,0.001642,172.217.194.0-255,2902,100865,17,153666
7407,0.001644,172.217.194.0-255,1484,102349,17,153666
7408,0.001648,172.31.36.0-255,66,102415,17,153666
7409,0.001659,172.217.194.0-255,4320,106735,17,153666
7410,0.001665,172.31.36.0-255,66,106801,17,153666
7411,0.001706,172.31.36.0-255,66,106867,17,153666
7412,0.001717,172.31.36.0-255,66,106933,17,153666
7413,0.001748,172.217.194.0-255,2184,109117,17,153666
7414,0.001751,172.31.36.0-255,66,109183,17,153666
7415,0.001923,172.217.194.0-255,1484,110667,17,153666
7416,0.001929,172.217.194.0-255,2902,113569,17,153666
7417,0.001932,172.31.36.0-255,66,113635,17,153666
7418,0.001935,172.217.194.0-255,1484,115119,17,153666
7419,0.001967,172.217.194.0-255,4320,119439,17,153666
7420,0.001971,172.31.36.0-255,66,119505,17,153666
7421,0.002004,172.31.36.0-255,66,119571,17,153666
7422,0.002028,172.217.194.0-255,1484,121055,17,153666
7423,0.00204,172.31.36.0-255,66,121121,17,153666
7424,0.002081,172.217.194.0-255,1484,122605,17,153666
7425,0.002085,172.217.194.0-255,2902,125507,17,153666
7426,0.002088,172.31.36.0-255,66,125573,17,153666
7427,0.002117,172.217.194.0-255,5738,131311,17,153666
7428,0.002121,172.31.36.0-255,66,131377,17,153666
7429,0.002124,172.217.194.0-255,1484,132861,17,153666
7430,0.002161,172.31.36.0-255,66,132927,17,153666
7431,0.00218,172.31.36.0-255,66,132993,17,153666
7432,0.002231,172.31.36.0-255,66,133059,17,153666
7433,0.002242,172.31.36.0-255,66,133125,17,153666
7434,0.00233,172.31.36.0-255,66,133191,17,153666
7435,0.002348,172.31.36.0-255,66,133257,17,153666
7436,0.002372,172.217.194.0-255,1484,134741,17,153666
7437,0.002376,172.217.194.0-255,2902,137643,17,153666
7438,0.00238,172.31.36.0-255,66,137709,17,153666
7439,0.002405,172.217.194.0-255,5738,143447,17,153666
7440,0.002409,172.31.36.0-255,66,143513,17,153666
7441,0.002414,172.217.194.0-255,4320,147833,17,153666
7442,0.002417,172.31.36.0-255,66,147899,17,153666
7443,0.002452,172.31.36.0-255,66,147965,17,153666
7444,0.002486,172.31.36.0-255,66,148031,17,153666
7445,0.002511,172.217.194.0-255,1017,149048,17,153666
7446,0.002516,172.217.194.0-255,105,149153,17,153666
7447,0.007345,172.31.36.0-255,66,149219,17,153666
7448,0.007373,172.31.36.0-255,105,149324,17,153666
7449,0.009865,172.217.194.0-255,66,149390,17,153666
7450,0.031518,172.31.36.0-255,176,149566,17,153666
7451,0.03155,172.31.36.0-255,1119,150685,17,153666
7452,0.031591,172.31.36.0-255,1514,152199,17,153666
7453,0.031593,172.31.36.0-255,1269,153468,17,153666
7454,0.033041,104.244.42.0-255,66,153534,17,153666
7455,0.033085,104.244.42.0-255,66,153600,17,153666
7456,0.033136,104.244.42.0-255,66,153666,17,153666
7457,0.0,74.125.200.0-255,143,143,17,346072
7458,2.8e-05,172.31.36.0-255,66,209,17,346072
7459,3.4e-05,74.125.200.0-255,1484,1693,17,346072
7460,3.8e-05,172.31.36.0-255,66,1759,17,346072
7461,4.3e-05,74.125.200.0-255,2902,4661,17,346072
7462,4.5e-05,172.31.36.0-255,66,4727,17,346072
7463,5e-05,74.125.200.0-255,2902,7629,17,346072
7464,5.2e-05,172.31.36.0-255,66,7695,17,346072
7465,5.7e-05,74.125.200.0-255,4320,12015,17,346072
7466,5.9e-05,172.31.36.0-255,66,12081,17,346072
7467,9.7e-05,74.125.200.0-255,7156,19237,17,346072
7468,0.000101,172.31.36.0-255,66,19303,17,346072
7469,0.000116,74.125.200.0-255,2091,21394,17,346072
7470,0.000119,172.31.36.0-255,66,21460,17,346072
7471,0.000127,74.125.200.0-255,7156,28616,17,346072
7472,0.000129,172.31.36.0-255,66,28682,17,346072
7473,0.000155,74.125.200.0-255,2902,31584,17,346072
7474,0.000157,172.31.36.0-255,66,31650,17,346072
7475,0.000164,74.125.200.0-255,5738,37388,17,346072
7476,0.000167,172.31.36.0-255,66,37454,17,346072
7477,0.000175,74.125.200.0-255,7156,44610,17,346072
7478,0.000177,172.31.36.0-255,66,44676,17,346072
7479,0.00018,74.125.200.0-255,1484,46160,17,346072
7480,0.000182,172.31.36.0-255,66,46226,17,346072
7481,0.000207,74.125.200.0-255,2184,48410,17,346072
7482,0.000209,172.31.36.0-255,66,48476,17,346072
7483,0.000444,74.125.200.0-255,1484,49960,17,346072
7484,0.000448,172.31.36.0-255,66,50026,17,346072
7485,0.000455,74.125.200.0-255,2902,52928,17,346072
7486,0.000457,172.31.36.0-255,66,52994,17,346072
7487,0.00046,74.125.200.0-255,1484,54478,17,346072
7488,0.000462,172.31.36.0-255,66,54544,17,346072
7489,0.000482,74.125.200.0-255,4320,58864,17,346072
7490,0.000485,172.31.36.0-255,66,58930,17,346072
7491,0.00049,74.125.200.0-255,4320,63250,17,346072
7492,0.000493,172.31.36.0-255,66,63316,17,346072
7493,0.000512,74.125.200.0-255,2813,66129,17,346072
7494,0.000514,172.31.36.0-255,66,66195,17,346072
7495,0.000517,74.125.200.0-255,135,66330,17,346072
7496,0.000625,74.125.200.0-255,1484,67814,17,346072
7497,0.000628,172.31.36.0-255,66,67880,17,346072
7498,0.000642,74.125.200.0-255,1484,69364,17,346072
7499,0.000662,74.125.200.0-255,1484,70848,17,346072
7500,0.000664,172.31.36.0-255,66,70914,17,346072
7501,0.000668,74.125.200.0-255,1484,72398,17,346072
7502,0.000684,74.125.200.0-255,2902,75300,17,346072
7503,0.000686,172.31.36.0-255,66,75366,17,346072
7504,0.000689,74.125.200.0-255,1484,76850,17,346072
7505,0.000714,74.125.200.0-255,7156,84006,17,346072
7506,0.000716,172.31.36.0-255,66,84072,17,346072
7507,0.000728,172.31.36.0-255,66,84138,17,346072
7508,0.00075,74.125.200.0-255,6438,90576,17,346072
7509,0.000754,172.31.36.0-255,66,90642,17,346072
7510,0.000797,74.125.200.0-255,1484,92126,17,346072
7511,0.000801,74.125.200.0-255,2902,95028,17,346072
7512,0.000804,172.31.36.0-255,66,95094,17,346072
7513,0.000824,74.125.200.0-255,1484,96578,17,346072
7514,0.000847,74.125.200.0-255,4320,100898,17,346072
7515,0.00085,172.31.36.0-255,66,100964,17,346072
7516,0.000856,74.125.200.0-255,4320,105284,17,346072
7517,0.00086,172.31.36.0-255,66,105350,17,346072
7518,0.000862,74.125.200.0-255,5738,111088,17,346072
7519,0.000864,172.31.36.0-255,66,111154,17,346072
7520,0.000893,74.125.200.0-255,7156,118310,17,346072
7521,0.000896,172.31.36.0-255,66,118376,17,346072
7522,0.000918,74.125.200.0-255,4320,122696,17,346072
7523,0.000921,172.31.36.0-255,66,122762,17,346072
7524,0.000925,74.125.200.0-255,2184,124946,17,346072
7525,0.000927,172.31.36.0-255,66,125012,17,346072
7526,0.000942,74.125.200.0-255,4320,129332,17,346072
7527,0.000945,172.31.36.0-255,66,129398,17,346072
7528,0.000977,172.31.36.0-255,66,129464,17,346072
7529,0.000979,74.125.200.0-255,826,130290,17,346072
7530,0.0011,74.125.200.0-255,1484,131774,17,346072
7531,0.001104,172.31.36.0-255,66,131840,17,346072
7532,0.001124,74.125.200.0-255,2902,134742,17,346072
7533,0.001127,172.31.36.0-255,66,134808,17,346072
7534,0.001133,74.125.200.0-255,5738,140546,17,346072
7535,0.001135,172.31.36.0-255,66,140612,17,346072
7536,0.001197,172.31.36.0-255,66,140678,17,346072
7537,0.001207,172.31.36.0-255,66,140744,17,346072
7538,0.001226,74.125.200.0-255,3602,144346,17,346072
7539,0.001229,172.31.36.0-255,66,144412,17,346072
7540,0.001286,74.125.200.0-255,1484,145896,17,346072
7541,0.001299,74.125.200.0-255,2902,148798,17,346072
7542,0.001302,172.31.36.0-255,66,148864,17,346072
7543,0.001306,74.125.200.0-255,1484,150348,17,346072
7544,0.001326,74.125.200.0-255,2902,153250,17,346072
7545,0.001329,172.31.36.0-255,66,153316,17,346072
7546,0.001351,74.125.200.0-255,5738,159054,17,346072
7547,0.001354,172.31.36.0-255,66,159120,17,346072
7548,0.001357,74.125.200.0-255,1484,160604,17,346072
7549,0.001379,74.125.200.0-255,5738,166342,17,346072
7550,0.001382,172.31.36.0-255,66,166408,17,346072
7551,0.001392,172.31.36.0-255,66,166474,17,346072
7552,0.001418,74.125.200.0-255,3602,170076,17,346072
7553,0.001421,172.31.36.0-255,66,170142,17,346072
7554,0.001502,74.125.200.0-255,1484,171626,17,346072
7555,0.00152,74.125.200.0-255,2902,174528,17,346072
7556,0.001523,172.31.36.0-255,66,174594,17,346072
7557,0.001546,74.125.200.0-255,5738,180332,17,346072
7558,0.001549,172.31.36.0-255,66,180398,17,346072
7559,0.001562,74.125.200.0-255,1484,181882,17,346072
7560,0.001577,74.125.200.0-255,4320,186202,17,346072
7561,0.001579,172.31.36.0-255,66,186268,17,346072
7562,0.001601,74.125.200.0-255,5738,192006,17,346072
7563,0.001604,172.31.36.0-255,66,192072,17,346072
7564,0.001615,172.31.36.0-255,66,192138,17,346072
7565,0.00164,74.125.200.0-255,3602,195740,17,346072
7566,0.001643,172.31.36.0-255,66,195806,17,346072
7567,0.001703,74.125.200.0-255,1484,197290,17,346072
7568,0.001708,74.125.200.0-255,2902,200192,17,346072
7569,0.00171,172.31.36.0-255,66,200258,17,346072
7570,0.001727,74.125.200.0-255,4320,204578,17,346072
7571,0.00173,172.31.36.0-255,66,204644,17,346072
7572,0.001748,74.125.200.0-255,1484,206128,17,346072
7573,0.001763,74.125.200.0-255,5738,211866,17,346072
7574,0.001767,172.31.36.0-255,66,211932,17,346072
7575,0.00179,74.125.200.0-255,7156,219088,17,346072
7576,0.001793,172.31.36.0-255,66,219154,17,346072
7577,0.001798,74.125.200.0-255,4320,223474,17,346072
7578,0.0018,172.31.36.0-255,66,223540,17,346072
7579,0.001824,74.125.200.0-255,1484,225024,17,346072
7580,0.00184,74.125.200.0-255,5020,230044,17,346072
7581,0.001843,172.31.36.0-255,66,230110,17,346072
7582,0.00185,74.125.200.0-255,5738,235848,17,346072
7583,0.001852,172.31.36.0-255,66,235914,17,346072
7584,0.001864,74.125.200.0-255,1484,237398,17,346072
7585,0.001876,74.125.200.0-255,2902,240300,17,346072
7586,0.001879,172.31.36.0-255,66,240366,17,346072
7587,0.001911,172.31.36.0-255,66,240432,17,346072
7588,0.001929,74.125.200.0-255,2902,243334,17,346072
7589,0.001932,172.31.36.0-255,66,243400,17,346072
7590,0.001947,74.125.200.0-255,7156,250556,17,346072
7591,0.00195,172.31.36.0-255,66,250622,17,346072
7592,0.001978,74.125.200.0-255,2184,252806,17,346072
7593,0.001983,172.31.36.0-255,66,252872,17,346072
7594,0.001989,74.125.200.0-255,1484,254356,17,346072
7595,0.002004,74.125.200.0-255,2902,257258,17,346072
7596,0.002007,172.31.36.0-255,66,257324,17,346072
7597,0.002033,74.125.200.0-255,5738,263062,17,346072
7598,0.002036,172.31.36.0-255,66,263128,17,346072
7599,0.00204,74.125.200.0-255,2902,266030,17,346072
7600,0.002042,172.31.36.0-255,66,266096,17,346072
7601,0.002108,172.31.36.0-255,66,266162,17,346072
7602,0.002114,74.125.200.0-255,5738,271900,17,346072
7603,0.002116,172.31.36.0-255,66,271966,17,346072
7604,0.002171,74.125.200.0-255,5020,276986,17,346072
7605,0.002174,172.31.36.0-255,66,277052,17,346072
7606,0.00447,74.125.200.0-255,5738,282790,17,346072
7607,0.004477,172.31.36.0-255,66,282856,17,346072
7608,0.006743,74.125.200.0-255,4320,287176,17,346072
7609,0.006748,172.31.36.0-255,66,287242,17,346072
7610,0.006769,74.125.200.0-255,1484,288726,17,346072
7611,0.009019,74.125.200.0-255,4320,293046,17,346072
7612,0.009025,172.31.36.0-255,66,293112,17,346072
7613,0.011306,74.125.200.0-255,5738,298850,17,346072
7614,0.011314,172.31.36.0-255,66,298916,17,346072
7615,0.013601,74.125.200.0-255,5738,304654,17,346072
7616,0.013612,172.31.36.0-255,66,304720,17,346072
7617,0.015911,74.125.200.0-255,5738,310458,17,346072
7618,0.015926,172.31.36.0-255,66,310524,17,346072
7619,0.018233,74.125.200.0-255,4320,314844,17,346072
7620,0.018243,172.31.36.0-255,66,314910,17,346072
7621,0.018271,74.125.200.0-255,1484,316394,17,346072
7622,0.020525,74.125.200.0-255,4320,320714,17,346072
7623,0.020536,172.31.36.0-255,66,320780,17,346072
7624,0.022819,74.125.200.0-255,2902,323682,17,346072
7625,0.022828,172.31.36.0-255,66,323748,17,346072
7626,0.02285,74.125.200.0-255,2902,326650,17,346072
7627,0.022854,172.31.36.0-255,66,326716,17,346072
7628,0.025118,74.125.200.0-255,4320,331036,17,346072
7629,0.025126,172.31.36.0-255,66,331102,17,346072
7630,0.025149,74.125.200.0-255,1484,332586,17,346072
7631,0.027401,74.125.200.0-255,4320,336906,17,346072
7632,0.02741,172.31.36.0-255,66,336972,17,346072
7633,0.029103,172.31.36.0-255,172,337144,17,346072
7634,0.029251,172.31.36.0-255,1118,338262,17,346072
7635,0.029338,172.31.36.0-255,1514,339776,17,346072
7636,0.02934,172.31.36.0-255,1514,341290,17,346072
7637,0.029341,172.31.36.0-255,1514,342804,17,346072
7638,0.029342,172.31.36.0-255,1048,343852,17,346072
7639,0.029681,74.125.200.0-255,1719,345571,17,346072
7640,0.029688,172.31.36.0-255,66,345637,17,346072
7641,0.029878,172.31.36.0-255,105,345742,17,346072
7642,0.03065,104.244.42.0-255,66,345808,17,346072
7643,0.030791,104.244.42.0-255,66,345874,17,346072
7644,0.030884,104.244.42.0-255,66,345940,17,346072
7645,0.030887,104.244.42.0-255,66,346006,17,346072
7646,0.032114,74.125.200.0-255,66,346072,17,346072
7647,0.0,74.125.68.0-255,218,218,17,215764
7648,1.9e-05,172.31.36.0-255,66,284,17,215764
7649,2.7e-05,74.125.68.0-255,1484,1768,17,215764
7650,3.2e-05,172.31.36.0-255,66,1834,17,215764
7651,6.6e-05,74.125.68.0-255,4320,6154,17,215764
7652,7e-05,172.31.36.0-255,66,6220,17,215764
7653,9.4e-05,74.125.68.0-255,1484,7704,17,215764
7654,9.7e-05,172.31.36.0-255,66,7770,17,215764
7655,0.000123,74.125.68.0-255,2902,10672,17,215764
7656,0.000126,172.31.36.0-255,66,10738,17,215764
7657,0.000169,74.125.68.0-255,6088,16826,17,215764
7658,0.000172,172.31.36.0-255,66,16892,17,215764
7659,0.000262,74.125.68.0-255,2902,19794,17,215764
7660,0.000266,172.31.36.0-255,66,19860,17,215764
7661,0.000311,74.125.68.0-255,4320,24180,17,215764
7662,0.000315,172.31.36.0-255,66,24246,17,215764
7663,0.000343,74.125.68.0-255,6797,31043,17,215764
7664,0.000346,172.31.36.0-255,66,31109,17,215764
7665,0.000512,172.31.36.0-255,66,31175,17,215764
7666,0.000546,74.125.68.0-255,4320,35495,17,215764
7667,0.000549,172.31.36.0-255,66,35561,17,215764
7668,0.000741,74.125.68.0-255,7156,42717,17,215764
7669,0.000746,172.31.36.0-255,66,42783,17,215764
7670,0.000776,74.125.68.0-255,3961,46744,17,215764
7671,0.000779,172.31.36.0-255,66,46810,17,215764
7672,0.000914,74.125.68.0-255,4320,51130,17,215764
7673,0.00092,172.31.36.0-255,66,51196,17,215764
7674,0.00093,74.125.68.0-255,4307,55503,17,215764
7675,0.000936,172.31.36.0-255,66,55569,17,215764
7676,0.001075,172.31.36.0-255,66,55635,17,215764
7677,0.001118,172.31.36.0-255,66,55701,17,215764
7678,0.001358,172.31.36.0-255,66,55767,17,215764
7679,0.001405,172.31.36.0-255,66,55833,17,215764
7680,0.001635,74.125.68.0-255,1484,57317,17,215764
7681,0.001643,74.125.68.0-255,1484,58801,17,215764
7682,0.001646,172.31.36.0-255,66,58867,17,215764
7683,0.001674,74.125.68.0-255,1484,60351,17,215764
7684,0.001708,74.125.68.0-255,4320,64671,17,215764
7685,0.001721,74.125.68.0-255,1484,66155,17,215764
7686,0.001799,74.125.68.0-255,1484,67639,17,215764
7687,0.008004,172.31.36.0-255,66,67705,17,215764
7688,0.010283,74.125.68.0-255,5738,73443,17,215764
7689,0.01029,172.31.36.0-255,66,73509,17,215764
7690,0.012594,74.125.68.0-255,5738,79247,17,215764
7691,0.015895,172.31.36.0-255,66,79313,17,215764
7692,0.018169,74.125.68.0-255,5738,85051,17,215764
7693,0.01818,172.31.36.0-255,66,85117,17,215764
7694,0.020452,74.125.68.0-255,5738,90855,17,215764
7695,0.020462,172.31.36.0-255,66,90921,17,215764
7696,0.022735,74.125.68.0-255,5738,96659,17,215764
7697,0.022742,172.31.36.0-255,66,96725,17,215764
7698,0.025009,74.125.68.0-255,4320,101045,17,215764
7699,0.025015,172.31.36.0-255,66,101111,17,215764
7700,0.025044,74.125.68.0-255,1484,102595,17,215764
7701,0.025991,172.31.36.0-255,172,102767,17,215764
7702,0.026022,172.31.36.0-255,1119,103886,17,215764
7703,0.026086,172.31.36.0-255,1514,105400,17,215764
7704,0.026088,172.31.36.0-255,1308,106708,17,215764
7705,0.027277,74.125.68.0-255,4320,111028,17,215764
7706,0.027284,172.31.36.0-255,66,111094,17,215764
7707,0.027532,104.244.42.0-255,66,111160,17,215764
7708,0.027554,104.244.42.0-255,66,111226,17,215764
7709,0.027656,104.244.42.0-255,66,111292,17,215764
7710,0.029549,74.125.68.0-255,5738,117030,17,215764
7711,0.029596,172.31.36.0-255,66,117096,17,215764
7712,0.031888,74.125.68.0-255,5738,122834,17,215764
7713,0.031895,172.31.36.0-255,66,122900,17,215764
7714,0.034162,74.125.68.0-255,5738,128638,17,215764
7715,0.034169,172.31.36.0-255,66,128704,17,215764
7716,0.036434,74.125.68.0-255,5738,134442,17,215764
7717,0.036441,172.31.36.0-255,66,134508,17,215764
7718,0.038711,74.125.68.0-255,5738,140246,17,215764
7719,0.038718,172.31.36.0-255,66,140312,17,215764
7720,0.040996,74.125.68.0-255,5738,146050,17,215764
7721,0.041002,172.31.36.0-255,66,146116,17,215764
7722,0.043266,74.125.68.0-255,5738,151854,17,215764
7723,0.043271,172.31.36.0-255,66,151920,17,215764
7724,0.04553,74.125.68.0-255,5738,157658,17,215764
7725,0.045536,172.31.36.0-255,66,157724,17,215764
7726,0.04781,74.125.68.0-255,5738,163462,17,215764
7727,0.047816,172.31.36.0-255,66,163528,17,215764
7728,0.050088,74.125.68.0-255,5738,169266,17,215764
7729,0.050095,172.31.36.0-255,66,169332,17,215764
7730,0.052375,74.125.68.0-255,5738,175070,17,215764
7731,0.052381,172.31.36.0-255,66,175136,17,215764
7732,0.054655,74.125.68.0-255,5738,180874,17,215764
7733,0.05466,172.31.36.0-255,66,180940,17,215764
7734,0.056948,74.125.68.0-255,5738,186678,17,215764
7735,0.056955,172.31.36.0-255,66,186744,17,215764
7736,0.059246,74.125.68.0-255,5738,192482,17,215764
7737,0.059253,172.31.36.0-255,66,192548,17,215764
7738,0.061524,74.125.68.0-255,5738,198286,17,215764
7739,0.06153,172.31.36.0-255,66,198352,17,215764
7740,0.063797,74.125.68.0-255,5738,204090,17,215764
7741,0.063804,172.31.36.0-255,66,204156,17,215764
7742,0.06608,74.125.68.0-255,5738,209894,17,215764
7743,0.066086,172.31.36.0-255,66,209960,17,215764
7744,0.068352,74.125.68.0-255,5738,215698,17,215764
7745,0.06836,172.31.36.0-255,66,215764,17,215764
7746,0.0,74.125.24.0-255,146,146,17,214564
7747,2.7e-05,172.31.36.0-255,66,212,17,214564
7748,3.4e-05,74.125.24.0-255,1484,1696,17,214564
7749,3.9e-05,172.31.36.0-255,66,1762,17,214564
7750,4.2e-05,74.125.24.0-255,1484,3246,17,214564
7751,4.5e-05,172.31.36.0-255,66,3312,17,214564
7752,7.6e-05,74.125.24.0-255,1484,4796,17,214564
7753,7.9e-05,172.31.36.0-255,66,4862,17,214564
7754,0.00011,74.125.24.0-255,5738,10600,17,214564
7755,0.000113,172.31.36.0-255,66,10666,17,214564
7756,0.000222,74.125.24.0-255,3394,14060,17,214564
7757,0.000226,172.31.36.0-255,66,14126,17,214564
7758,0.000313,74.125.24.0-255,1484,15610,17,214564
7759,0.000318,172.31.36.0-255,66,15676,17,214564
7760,0.000324,74.125.24.0-255,2902,18578,17,214564
7761,0.000327,172.31.36.0-255,66,18644,17,214564
7762,0.000391,74.125.24.0-255,1484,20128,17,214564
7763,0.000396,172.31.36.0-255,66,20194,17,214564
7764,0.000432,74.125.24.0-255,4320,24514,17,214564
7765,0.000437,172.31.36.0-255,66,24580,17,214564
7766,0.000546,74.125.24.0-255,5738,30318,17,214564
7767,0.000551,172.31.36.0-255,66,30384,17,214564
7768,0.000589,172.31.36.0-255,66,30450,17,214564
7769,0.000833,74.125.24.0-255,5738,36188,17,214564
7770,0.000838,172.31.36.0-255,66,36254,17,214564
7771,0.000868,74.125.24.0-255,4320,40574,17,214564
7772,0.000871,172.31.36.0-255,66,40640,17,214564
7773,0.001047,74.125.24.0-255,5738,46378,17,214564
7774,0.001054,172.31.36.0-255,66,46444,17,214564
7775,0.001095,172.31.36.0-255,66,46510,17,214564
7776,0.001393,74.125.24.0-255,397,46907,17,214564
7777,0.001398,172.31.36.0-255,66,46973,17,214564
7778,0.001402,74.125.24.0-255,377,47350,17,214564
7779,0.001404,172.31.36.0-255,66,47416,17,214564
7780,0.001438,74.125.24.0-255,7156,54572,17,214564
7781,0.001441,172.31.36.0-255,66,54638,17,214564
7782,0.001477,172.31.36.0-255,66,54704,17,214564
7783,0.001899,74.125.24.0-255,4320,59024,17,214564
7784,0.001902,172.31.36.0-255,66,59090,17,214564
7785,0.001937,172.31.36.0-255,66,59156,17,214564
7786,0.002165,74.125.24.0-255,2902,62058,17,214564
7787,0.002168,172.31.36.0-255,66,62124,17,214564
7788,0.002217,172.31.36.0-255,66,62190,17,214564
7789,0.002917,74.125.24.0-255,4320,66510,17,214564
7790,0.002922,172.31.36.0-255,66,66576,17,214564
7791,0.002968,172.31.36.0-255,66,66642,17,214564
7792,0.003,172.31.36.0-255,66,66708,17,214564
7793,0.003923,172.31.36.0-255,66,66774,17,214564
7794,0.003949,172.31.36.0-255,66,66840,17,214564
7795,0.004028,172.31.36.0-255,66,66906,17,214564
7796,0.004054,172.31.36.0-255,66,66972,17,214564
7797,0.006623,74.125.24.0-255,5738,72710,17,214564
7798,0.00663,172.31.36.0-255,66,72776,17,214564
7799,0.009243,74.125.24.0-255,5738,78514,17,214564
7800,0.009253,172.31.36.0-255,66,78580,17,214564
7801,0.011887,74.125.24.0-255,4320,82900,17,214564
7802,0.011897,172.31.36.0-255,66,82966,17,214564
7803,0.011938,74.125.24.0-255,1484,84450,17,214564
7804,0.011942,172.31.36.0-255,66,84516,17,214564
7805,0.01448,74.125.24.0-255,4320,88836,17,214564
7806,0.01449,172.31.36.0-255,66,88902,17,214564
7807,0.014533,74.125.24.0-255,1484,90386,17,214564
7808,0.017098,74.125.24.0-255,4320,94706,17,214564
7809,0.017106,172.31.36.0-255,66,94772,17,214564
7810,0.019695,74.125.24.0-255,5738,100510,17,214564
7811,0.019702,172.31.36.0-255,66,100576,17,214564
7812,0.022284,74.125.24.0-255,5738,106314,17,214564
7813,0.022294,172.31.36.0-255,66,106380,17,214564
7814,0.024887,74.125.24.0-255,5738,112118,17,214564
7815,0.024894,172.31.36.0-255,66,112184,17,214564
7816,0.025856,172.31.36.0-255,172,112356,17,214564
7817,0.025885,172.31.36.0-255,1119,113475,17,214564
7818,0.025986,172.31.36.0-255,1514,114989,17,214564
7819,0.025989,172.31.36.0-255,1269,116258,17,214564
7820,0.027399,104.244.42.0-255,66,116324,17,214564
7821,0.027439,104.244.42.0-255,66,116390,17,214564
7822,0.027477,74.125.24.0-255,5738,122128,17,214564
7823,0.027481,172.31.36.0-255,66,122194,17,214564
7824,0.027519,104.244.42.0-255,66,122260,17,214564
7825,0.030065,74.125.24.0-255,5738,127998,17,214564
7826,0.03007,172.31.36.0-255,66,128064,17,214564
7827,0.032641,74.125.24.0-255,2902,130966,17,214564
7828,0.032646,172.31.36.0-255,66,131032,17,214564
7829,0.032674,74.125.24.0-255,2902,133934,17,214564
7830,0.032677,172.31.36.0-255,66,134000,17,214564
7831,0.035217,74.125.24.0-255,2902,136902,17,214564
7832,0.035222,172.31.36.0-255,66,136968,17,214564
7833,0.03526,74.125.24.0-255,2902,139870,17,214564
7834,0.035263,172.31.36.0-255,66,139936,17,214564
7835,0.037839,74.125.24.0-255,5738,145674,17,214564
7836,0.037845,172.31.36.0-255,66,145740,17,214564
7837,0.040435,74.125.24.0-255,5738,151478,17,214564
7838,0.040442,172.31.36.0-255,66,151544,17,214564
7839,0.043016,74.125.24.0-255,4320,155864,17,214564
7840,0.043022,172.31.36.0-255,66,155930,17,214564
7841,0.043058,74.125.24.0-255,1484,157414,17,214564
7842,0.045637,74.125.24.0-255,4320,161734,17,214564
7843,0.045646,172.31.36.0-255,66,161800,17,214564
7844,0.048242,74.125.24.0-255,2902,164702,17,214564
7845,0.04825,172.31.36.0-255,66,164768,17,214564
7846,0.048285,74.125.24.0-255,2902,167670,17,214564
7847,0.048289,172.31.36.0-255,66,167736,17,214564
7848,0.050816,74.125.24.0-255,2902,170638,17,214564
7849,0.050823,172.31.36.0-255,66,170704,17,214564
7850,0.050851,74.125.24.0-255,2902,173606,17,214564
7851,0.050855,172.31.36.0-255,66,173672,17,214564
7852,0.0534,74.125.24.0-255,2902,176574,17,214564
7853,0.053406,172.31.36.0-255,66,176640,17,214564
7854,0.053437,74.125.24.0-255,2902,179542,17,214564
7855,0.05344,172.31.36.0-255,66,179608,17,214564
7856,0.055977,74.125.24.0-255,2902,182510,17,214564
7857,0.055983,172.31.36.0-255,66,182576,17,214564
7858,0.056018,74.125.24.0-255,2902,185478,17,214564
7859,0.056022,172.31.36.0-255,66,185544,17,214564
7860,0.058575,74.125.24.0-255,5738,191282,17,214564
7861,0.058581,172.31.36.0-255,66,191348,17,214564
7862,0.061207,74.125.24.0-255,5738,197086,17,214564
7863,0.061215,172.31.36.0-255,66,197152,17,214564
7864,0.063789,74.125.24.0-255,5738,202890,17,214564
7865,0.063795,172.31.36.0-255,66,202956,17,214564
7866,0.066354,74.125.24.0-255,5738,208694,17,214564
7867,0.066361,172.31.36.0-255,66,208760,17,214564
7868,0.068938,74.125.24.0-255,5738,214498,17,214564
7869,0.068944,172.31.36.0-255,66,214564,17,214564
7870,0.0,172.217.27.0-255,152,152,17,333317
7871,3.6e-05,172.31.36.0-255,66,218,17,333317
7872,4.4e-05,172.217.27.0-255,1484,1702,17,333317
7873,4.9e-05,172.31.36.0-255,66,1768,17,333317
7874,5.3e-05,172.217.27.0-255,2902,4670,17,333317
7875,6.4e-05,172.31.36.0-255,66,4736,17,333317
7876,6.8e-05,172.217.27.0-255,2902,7638,17,333317
7877,7.1e-05,172.31.36.0-255,66,7704,17,333317
7878,7.5e-05,172.217.27.0-255,4320,12024,17,333317
7879,7.8e-05,172.31.36.0-255,66,12090,17,333317
7880,8.5e-05,172.217.27.0-255,7156,19246,17,333317
7881,8.8e-05,172.31.36.0-255,66,19312,17,333317
7882,0.000129,172.217.27.0-255,2057,21369,17,333317
7883,0.000132,172.31.36.0-255,66,21435,17,333317
7884,0.000148,172.31.36.0-255,66,21501,17,333317
7885,0.00015,172.217.27.0-255,1125,22626,17,333317
7886,0.000152,172.31.36.0-255,66,22692,17,333317
7887,0.000218,172.217.27.0-255,1484,24176,17,333317
7888,0.000223,172.31.36.0-255,66,24242,17,333317
7889,0.000229,172.217.27.0-255,2902,27144,17,333317
7890,0.000231,172.31.36.0-255,66,27210,17,333317
7891,0.000236,172.217.27.0-255,4320,31530,17,333317
7892,0.000238,172.31.36.0-255,66,31596,17,333317
7893,0.000268,172.217.27.0-255,1484,33080,17,333317
7894,0.00027,172.31.36.0-255,66,33146,17,333317
7895,0.000281,172.31.36.0-255,66,33212,17,333317
7896,0.000296,172.31.36.0-255,66,33278,17,333317
7897,0.0003,172.217.27.0-255,2902,36180,17,333317
7898,0.000302,172.31.36.0-255,66,36246,17,333317
7899,0.000307,172.217.27.0-255,4268,40514,17,333317
7900,0.000309,172.31.36.0-255,66,40580,17,333317
7901,0.000672,172.217.27.0-255,115,40695,17,333317
7902,0.000847,172.31.36.0-255,66,40761,17,333317
7903,0.000878,172.217.27.0-255,1484,42245,17,333317
7904,0.000883,172.217.27.0-255,1484,43729,17,333317
7905,0.000886,172.31.36.0-255,66,43795,17,333317
7906,0.000909,172.217.27.0-255,1484,45279,17,333317
7907,0.000916,172.217.27.0-255,5738,51017,17,333317
7908,0.000919,172.31.36.0-255,66,51083,17,333317
7909,0.000924,172.217.27.0-255,2902,53985,17,333317
7910,0.000926,172.31.36.0-255,66,54051,17,333317
7911,0.000952,172.217.27.0-255,3961,58012,17,333317
7912,0.000956,172.31.36.0-255,66,58078,17,333317
7913,0.000959,172.217.27.0-255,1484,59562,17,333317
7914,0.00099,172.31.36.0-255,66,59628,17,333317
7915,0.001019,172.217.27.0-255,5622,65250,17,333317
7916,0.001022,172.31.36.0-255,66,65316,17,333317
7917,0.001075,172.31.36.0-255,101,65417,17,333317
7918,0.001621,172.217.27.0-255,1484,66901,17,333317
7919,0.001633,172.217.27.0-255,2902,69803,17,333317
7920,0.001637,172.31.36.0-255,66,69869,17,333317
7921,0.001644,172.217.27.0-255,5738,75607,17,333317
7922,0.001646,172.31.36.0-255,66,75673,17,333317
7923,0.001688,172.217.27.0-255,4320,79993,17,333317
7924,0.001691,172.31.36.0-255,66,80059,17,333317
7925,0.001732,172.31.36.0-255,66,80125,17,333317
7926,0.00174,172.217.27.0-255,7156,87281,17,333317
7927,0.001742,172.31.36.0-255,66,87347,17,333317
7928,0.001754,172.217.27.0-255,3602,90949,17,333317
7929,0.001757,172.31.36.0-255,66,91015,17,333317
7930,0.002694,172.217.27.0-255,66,91081,17,333317
7931,0.003396,172.217.27.0-255,5738,96819,17,333317
7932,0.003402,172.31.36.0-255,66,96885,17,333317
7933,0.005057,172.217.27.0-255,5738,102623,17,333317
7934,0.005063,172.31.36.0-255,66,102689,17,333317
7935,0.006709,172.217.27.0-255,5738,108427,17,333317
7936,0.006712,172.31.36.0-255,66,108493,17,333317
7937,0.008366,172.217.27.0-255,5738,114231,17,333317
7938,0.008373,172.31.36.0-255,66,114297,17,333317
7939,0.010033,172.217.27.0-255,5738,120035,17,333317
7940,0.010041,172.31.36.0-255,66,120101,17,333317
7941,0.011699,172.217.27.0-255,5738,125839,17,333317
7942,0.011706,172.31.36.0-255,66,125905,17,333317
7943,0.013371,172.217.27.0-255,5738,131643,17,333317
7944,0.013379,172.31.36.0-255,66,131709,17,333317
7945,0.015029,172.217.27.0-255,5738,137447,17,333317
7946,0.015037,172.31.36.0-255,66,137513,17,333317
7947,0.016707,172.217.27.0-255,5738,143251,17,333317
7948,0.016714,172.31.36.0-255,66,143317,17,333317
7949,0.018366,172.217.27.0-255,5738,149055,17,333317
7950,0.018372,172.31.36.0-255,66,149121,17,333317
7951,0.020038,172.217.27.0-255,5738,154859,17,333317
7952,0.020045,172.31.36.0-255,66,154925,17,333317
7953,0.021695,172.217.27.0-255,5738,160663,17,333317
7954,0.021707,172.31.36.0-255,66,160729,17,333317
7955,0.023358,172.217.27.0-255,5738,166467,17,333317
7956,0.023365,172.31.36.0-255,66,166533,17,333317
7957,0.025013,172.217.27.0-255,5738,172271,17,333317
7958,0.025019,172.31.36.0-255,66,172337,17,333317
7959,0.026671,172.217.27.0-255,5738,178075,17,333317
7960,0.026677,172.31.36.0-255,66,178141,17,333317
7961,0.027585,172.31.36.0-255,172,178313,17,333317
7962,0.027615,172.31.36.0-255,1118,179431,17,333317
7963,0.02766,172.31.36.0-255,1514,180945,17,333317
7964,0.027661,172.31.36.0-255,1270,182215,17,333317
7965,0.028334,172.217.27.0-255,5738,187953,17,333317
7966,0.02834,172.31.36.0-255,66,188019,17,333317
7967,0.029116,104.244.42.0-255,66,188085,17,333317
7968,0.029161,104.244.42.0-255,66,188151,17,333317
7969,0.029207,104.244.42.0-255,66,188217,17,333317
7970,0.029985,172.217.27.0-255,5738,193955,17,333317
7971,0.02999,172.31.36.0-255,66,194021,17,333317
7972,0.031654,172.217.27.0-255,5738,199759,17,333317
7973,0.03166,172.31.36.0-255,66,199825,17,333317
7974,0.033322,172.217.27.0-255,5738,205563,17,333317
7975,0.033332,172.31.36.0-255,66,205629,17,333317
7976,0.03499,172.217.27.0-255,5738,211367,17,333317
7977,0.034997,172.31.36.0-255,66,211433,17,333317
7978,0.036649,172.217.27.0-255,5738,217171,17,333317
7979,0.036659,172.31.36.0-255,66,217237,17,333317
7980,0.038308,172.217.27.0-255,5738,222975,17,333317
7981,0.038314,172.31.36.0-255,66,223041,17,333317
7982,0.039965,172.217.27.0-255,5738,228779,17,333317
7983,0.039985,172.31.36.0-255,66,228845,17,333317
7984,0.041636,172.217.27.0-255,5738,234583,17,333317
7985,0.041643,172.31.36.0-255,66,234649,17,333317
7986,0.043294,172.217.27.0-255,5738,240387,17,333317
7987,0.0433,172.31.36.0-255,66,240453,17,333317
7988,0.044949,172.217.27.0-255,5738,246191,17,333317
7989,0.044954,172.31.36.0-255,66,246257,17,333317
7990,0.046606,172.217.27.0-255,5738,251995,17,333317
7991,0.046611,172.31.36.0-255,66,252061,17,333317
7992,0.048311,172.217.27.0-255,5738,257799,17,333317
7993,0.048317,172.31.36.0-255,66,257865,17,333317
7994,0.049994,172.217.27.0-255,5738,263603,17,333317
7995,0.050001,172.31.36.0-255,66,263669,17,333317
7996,0.051654,172.217.27.0-255,5738,269407,17,333317
7997,0.051661,172.31.36.0-255,66,269473,17,333317
7998,0.053319,172.217.27.0-255,5738,275211,17,333317
7999,0.053326,172.31.36.0-255,66,275277,17,333317
8000,0.054972,172.217.27.0-255,5738,281015,17,333317
8001,0.054979,172.31.36.0-255,66,281081,17,333317
8002,0.05663,172.217.27.0-255,5738,286819,17,333317
8003,0.056636,172.31.36.0-255,66,286885,17,333317
8004,0.058287,172.217.27.0-255,5738,292623,17,333317
8005,0.058295,172.31.36.0-255,66,292689,17,333317
8006,0.059943,172.217.27.0-255,5738,298427,17,333317
8007,0.059949,172.31.36.0-255,66,298493,17,333317
8008,0.061605,172.217.27.0-255,5738,304231,17,333317
8009,0.06161,172.31.36.0-255,66,304297,17,333317
8010,0.063262,172.217.27.0-255,5738,310035,17,333317
8011,0.063268,172.31.36.0-255,66,310101,17,333317
8012,0.064913,172.217.27.0-255,5738,315839,17,333317
8013,0.064918,172.31.36.0-255,66,315905,17,333317
8014,0.066566,172.217.27.0-255,5738,321643,17,333317
8015,0.066571,172.31.36.0-255,66,321709,17,333317
8016,0.068214,172.217.27.0-255,5738,327447,17,333317
8017,0.068219,172.31.36.0-255,66,327513,17,333317
8018,0.06987,172.217.27.0-255,5738,333251,17,333317
8019,0.069876,172.31.36.0-255,66,333317,17,333317
8020,0.0,74.125.68.0-255,152,152,17,362924
8021,2.4e-05,172.31.36.0-255,66,218,17,362924
8022,3e-05,74.125.68.0-255,1484,1702,17,362924
8023,3.5e-05,172.31.36.0-255,66,1768,17,362924
8024,4.1e-05,74.125.68.0-255,2902,4670,17,362924
8025,4.6e-05,172.31.36.0-255,66,4736,17,362924
8026,5.4e-05,74.125.68.0-255,7156,11892,17,362924
8027,5.7e-05,172.31.36.0-255,66,11958,17,362924
8028,6.2e-05,74.125.68.0-255,2087,14045,17,362924
8029,6.4e-05,172.31.36.0-255,66,14111,17,362924
8030,0.000113,74.125.68.0-255,1484,15595,17,362924
8031,0.000116,172.31.36.0-255,66,15661,17,362924
8032,0.000121,74.125.68.0-255,2902,18563,17,362924
8033,0.000123,172.31.36.0-255,66,18629,17,362924
8034,0.000151,74.125.68.0-255,5738,24367,17,362924
8035,0.000154,172.31.36.0-255,66,24433,17,362924
8036,0.00016,74.125.68.0-255,4320,28753,17,362924
8037,0.000163,172.31.36.0-255,66,28819,17,362924
8038,0.000185,74.125.68.0-255,2543,31362,17,362924
8039,0.000188,172.31.36.0-255,66,31428,17,362924
8040,0.000262,74.125.68.0-255,1484,32912,17,362924
8041,0.000266,172.31.36.0-255,66,32978,17,362924
8042,0.000286,74.125.68.0-255,2902,35880,17,362924
8043,0.000289,172.31.36.0-255,66,35946,17,362924
8044,0.000306,74.125.68.0-255,1484,37430,17,362924
8045,0.000308,172.31.36.0-255,66,37496,17,362924
8046,0.000327,74.125.68.0-255,2902,40398,17,362924
8047,0.000329,172.31.36.0-255,66,40464,17,362924
8048,0.000336,74.125.68.0-255,5738,46202,17,362924
8049,0.000338,172.31.36.0-255,66,46268,17,362924
8050,0.000362,74.125.68.0-255,2902,49170,17,362924
8051,0.000364,172.31.36.0-255,66,49236,17,362924
8052,0.000384,74.125.68.0-255,6797,56033,17,362924
8053,0.000414,74.125.68.0-255,5738,61771,17,362924
8054,0.00043,74.125.68.0-255,4232,66003,17,362924
8055,0.000527,172.31.36.0-255,66,66069,17,362924
8056,0.000696,74.125.68.0-255,383,66452,17,362924
8057,0.000787,74.125.68.0-255,1484,67936,17,362924
8058,0.000804,74.125.68.0-255,2902,70838,17,362924
8059,0.000807,74.125.68.0-255,1484,72322,17,362924
8060,0.000812,172.31.36.0-255,66,72388,17,362924
8061,0.000823,74.125.68.0-255,2902,75290,17,362924
8062,0.000839,74.125.68.0-255,5738,81028,17,362924
8063,0.000858,172.31.36.0-255,66,81094,17,362924
8064,0.000871,74.125.68.0-255,6797,87891,17,362924
8065,0.000898,74.125.68.0-255,7156,95047,17,362924
8066,0.000903,172.31.36.0-255,66,95113,17,362924
8067,0.000924,74.125.68.0-255,5379,100492,17,362924
8068,0.000936,172.31.36.0-255,66,100558,17,362924
8069,0.001066,74.125.68.0-255,1484,102042,17,362924
8070,0.001088,74.125.68.0-255,2902,104944,17,362924
8071,0.001091,172.31.36.0-255,66,105010,17,362924
8072,0.001099,74.125.68.0-255,5738,110748,17,362924
8073,0.001109,172.31.36.0-255,66,110814,17,362924
8074,0.001147,74.125.68.0-255,2902,113716,17,362924
8075,0.001153,74.125.68.0-255,5738,119454,17,362924
8076,0.001159,172.31.36.0-255,66,119520,17,362924
8077,0.001179,74.125.68.0-255,6438,125958,17,362924
8078,0.001195,172.31.36.0-255,66,126024,17,362924
8079,0.001202,74.125.68.0-255,1484,127508,17,362924
8080,0.001217,74.125.68.0-255,2902,130410,17,362924
8081,0.00123,74.125.68.0-255,4320,134730,17,362924
8082,0.001244,172.31.36.0-255,66,134796,17,362924
8083,0.001282,74.125.68.0-255,7156,141952,17,362924
8084,0.001285,74.125.68.0-255,1484,143436,17,362924
8085,0.001308,74.125.68.0-255,7156,150592,17,362924
8086,0.001311,74.125.68.0-255,766,151358,17,362924
8087,0.001318,172.31.36.0-255,66,151424,17,362924
8088,0.001368,74.125.68.0-255,1484,152908,17,362924
8089,0.001383,74.125.68.0-255,2902,155810,17,362924
8090,0.001393,172.31.36.0-255,66,155876,17,362924
8091,0.001398,74.125.68.0-255,4320,160196,17,362924
8092,0.001403,172.31.36.0-255,66,160262,17,362924
8093,0.001411,74.125.68.0-255,1484,161746,17,362924
8094,0.001438,74.125.68.0-255,1484,163230,17,362924
8095,0.001442,172.31.36.0-255,66,163296,17,362924
8096,0.001475,74.125.68.0-255,5020,168316,17,362924
8097,0.001484,172.31.36.0-255,66,168382,17,362924
8098,0.001532,74.125.68.0-255,1484,169866,17,362924
8099,0.001546,74.125.68.0-255,2902,172768,17,362924
8100,0.001571,74.125.68.0-255,5738,178506,17,362924
8101,0.001576,74.125.68.0-255,4320,182826,17,362924
8102,0.00159,74.125.68.0-255,5738,188564,17,362924
8103,0.001597,172.31.36.0-255,66,188630,17,362924
8104,0.001621,74.125.68.0-255,7156,195786,17,362924
8105,0.001638,74.125.68.0-255,4320,200106,17,362924
8106,0.001641,74.125.68.0-255,2184,202290,17,362924
8107,0.001649,172.31.36.0-255,66,202356,17,362924
8108,0.001675,74.125.68.0-255,1484,203840,17,362924
8109,0.001688,74.125.68.0-255,2902,206742,17,362924
8110,0.001712,172.31.36.0-255,66,206808,17,362924
8111,0.001719,74.125.68.0-255,5738,212546,17,362924
8112,0.001758,172.31.36.0-255,66,212612,17,362924
8113,0.001775,74.125.68.0-255,7156,219768,17,362924
8114,0.001817,172.31.36.0-255,66,219834,17,362924
8115,0.002042,172.31.36.0-255,101,219935,17,362924
8116,0.002264,74.125.68.0-255,1484,221419,17,362924
8117,0.002281,74.125.68.0-255,2902,224321,17,362924
8118,0.002285,172.31.36.0-255,66,224387,17,362924
8119,0.002308,74.125.68.0-255,4320,228707,17,362924
8120,0.002318,172.31.36.0-255,66,228773,17,362924
8121,0.002338,74.125.68.0-255,4320,233093,17,362924
8122,0.002354,74.125.68.0-255,1484,234577,17,362924
8123,0.00236,74.125.68.0-255,5738,240315,17,362924
8124,0.002373,74.125.68.0-255,1484,241799,17,362924
8125,0.002377,172.31.36.0-255,66,241865,17,362924
8126,0.002393,74.125.68.0-255,3602,245467,17,362924
8127,0.002417,172.31.36.0-255,66,245533,17,362924
8128,0.00249,74.125.68.0-255,1484,247017,17,362924
8129,0.002494,74.125.68.0-255,1484,248501,17,362924
8130,0.002497,172.31.36.0-255,66,248567,17,362924
8131,0.002514,74.125.68.0-255,1484,250051,17,362924
8132,0.002518,74.125.68.0-255,2902,252953,17,362924
8133,0.002523,172.31.36.0-255,66,253019,17,362924
8134,0.002536,74.125.68.0-255,2902,255921,17,362924
8135,0.002543,74.125.68.0-255,5738,261659,17,362924
8136,0.002552,172.31.36.0-255,66,261725,17,362924
8137,0.002562,74.125.68.0-255,2902,264627,17,362924
8138,0.002566,74.125.68.0-255,4320,268947,17,362924
8139,0.002571,172.31.36.0-255,66,269013,17,362924
8140,0.002594,74.125.68.0-255,5738,274751,17,362924
8141,0.002598,172.31.36.0-255,66,274817,17,362924
8142,0.004565,74.125.68.0-255,66,274883,17,362924
8143,0.005143,74.125.68.0-255,5738,280621,17,362924
8144,0.005149,172.31.36.0-255,66,280687,17,362924
8145,0.007703,74.125.68.0-255,4320,285007,17,362924
8146,0.007718,74.125.68.0-255,1484,286491,17,362924
8147,0.009681,172.31.36.0-255,66,286557,17,362924
8148,0.012241,74.125.68.0-255,5738,292295,17,362924
8149,0.012249,172.31.36.0-255,66,292361,17,362924
8150,0.014832,74.125.68.0-255,5738,298099,17,362924
8151,0.018528,172.31.36.0-255,66,298165,17,362924
8152,0.021096,74.125.68.0-255,5738,303903,17,362924
8153,0.021109,172.31.36.0-255,66,303969,17,362924
8154,0.02368,74.125.68.0-255,5738,309707,17,362924
8155,0.023691,172.31.36.0-255,66,309773,17,362924
8156,0.02625,74.125.68.0-255,5738,315511,17,362924
8157,0.026257,172.31.36.0-255,66,315577,17,362924
8158,0.028823,74.125.68.0-255,5738,321315,17,362924
8159,0.029764,172.31.36.0-255,66,321381,17,362924
8160,0.032327,74.125.68.0-255,5738,327119,17,362924
8161,0.032336,172.31.36.0-255,66,327185,17,362924
8162,0.034878,74.125.68.0-255,5738,332923,17,362924
8163,0.034884,172.31.36.0-255,66,332989,17,362924
8164,0.036382,172.31.36.0-255,172,333161,17,362924
8165,0.036415,172.31.36.0-255,1117,334278,17,362924
8166,0.036472,172.31.36.0-255,1514,335792,17,362924
8167,0.036473,172.31.36.0-255,1271,337063,17,362924
8168,0.037442,74.125.68.0-255,5738,342801,17,362924
8169,0.037449,172.31.36.0-255,66,342867,17,362924
8170,0.037967,104.244.42.0-255,66,342933,17,362924
8171,0.037996,104.244.42.0-255,66,342999,17,362924
8172,0.038039,104.244.42.0-255,66,343065,17,362924
8173,0.040022,74.125.68.0-255,5738,348803,17,362924
8174,0.040027,172.31.36.0-255,66,348869,17,362924
8175,0.042577,74.125.68.0-255,5738,354607,17,362924
8176,0.042584,172.31.36.0-255,66,354673,17,362924
8177,0.045147,74.125.68.0-255,5738,360411,17,362924
8178,0.045155,172.31.36.0-255,66,360477,17,362924
8179,0.047706,74.125.68.0-255,2210,362687,17,362924
8180,0.047713,172.31.36.0-255,66,362753,17,362924
8181,0.047878,172.31.36.0-255,105,362858,17,362924
8182,0.055572,74.125.68.0-255,66,362924,17,362924
8183,0.0,74.125.68.0-255,153,153,17,309088
8184,2.3e-05,172.31.36.0-255,66,219,17,309088
8185,3.1e-05,74.125.68.0-255,1484,1703,17,309088
8186,3.5e-05,172.31.36.0-255,66,1769,17,309088
8187,6.8e-05,74.125.68.0-255,2902,4671,17,309088
8188,7.1e-05,172.31.36.0-255,66,4737,17,309088
8189,7.4e-05,74.125.68.0-255,1484,6221,17,309088
8190,7.6e-05,172.31.36.0-255,66,6287,17,309088
8191,8e-05,74.125.68.0-255,1484,7771,17,309088
8192,8.3e-05,172.31.36.0-255,66,7837,17,309088
8193,0.000101,74.125.68.0-255,1484,9321,17,309088
8194,0.000104,172.31.36.0-255,66,9387,17,309088
8195,0.000147,74.125.68.0-255,4866,14253,17,309088
8196,0.000151,172.31.36.0-255,66,14319,17,309088
8197,0.000399,74.125.68.0-255,1484,15803,17,309088
8198,0.000405,172.31.36.0-255,66,15869,17,309088
8199,0.000422,74.125.68.0-255,2902,18771,17,309088
8200,0.000425,172.31.36.0-255,66,18837,17,309088
8201,0.000445,74.125.68.0-255,1484,20321,17,309088
8202,0.000448,172.31.36.0-255,66,20387,17,309088
8203,0.000475,74.125.68.0-255,2902,23289,17,309088
8204,0.000478,172.31.36.0-255,66,23355,17,309088
8205,0.000499,74.125.68.0-255,2902,26257,17,309088
8206,0.000502,172.31.36.0-255,66,26323,17,309088
8207,0.000541,74.125.68.0-255,1484,27807,17,309088
8208,0.000544,172.31.36.0-255,66,27873,17,309088
8209,0.000567,74.125.68.0-255,2902,30775,17,309088
8210,0.00057,172.31.36.0-255,66,30841,17,309088
8211,0.000573,74.125.68.0-255,1125,31966,17,309088
8212,0.000575,172.31.36.0-255,66,32032,17,309088
8213,0.000578,74.125.68.0-255,1484,33516,17,309088
8214,0.00058,172.31.36.0-255,66,33582,17,309088
8215,0.000602,74.125.68.0-255,4320,37902,17,309088
8216,0.000605,172.31.36.0-255,66,37968,17,309088
8217,0.000609,74.125.68.0-255,2902,40870,17,309088
8218,0.000611,172.31.36.0-255,66,40936,17,309088
8219,0.000629,74.125.68.0-255,2902,43838,17,309088
8220,0.000632,172.31.36.0-255,66,43904,17,309088
8221,0.000639,74.125.68.0-255,7156,51060,17,309088
8222,0.000641,172.31.36.0-255,66,51126,17,309088
8223,0.000648,74.125.68.0-255,7156,58282,17,309088
8224,0.00065,172.31.36.0-255,66,58348,17,309088
8225,0.00066,172.31.36.0-255,66,58414,17,309088
8226,0.000663,74.125.68.0-255,395,58809,17,309088
8227,0.00069,74.125.68.0-255,115,58924,17,309088
8228,0.00108,74.125.68.0-255,332,59256,17,309088
8229,0.001117,172.31.36.0-255,66,59322,17,309088
8230,0.001388,74.125.68.0-255,1484,60806,17,309088
8231,0.001414,74.125.68.0-255,2902,63708,17,309088
8232,0.001418,172.31.36.0-255,66,63774,17,309088
8233,0.001442,74.125.68.0-255,5738,69512,17,309088
8234,0.001444,172.31.36.0-255,66,69578,17,309088
8235,0.001449,74.125.68.0-255,2902,72480,17,309088
8236,0.001451,172.31.36.0-255,66,72546,17,309088
8237,0.001477,74.125.68.0-255,4320,76866,17,309088
8238,0.00148,172.31.36.0-255,66,76932,17,309088
8239,0.001495,74.125.68.0-255,1484,78416,17,309088
8240,0.001509,74.125.68.0-255,2902,81318,17,309088
8241,0.001511,172.31.36.0-255,66,81384,17,309088
8242,0.001552,74.125.68.0-255,5738,87122,17,309088
8243,0.001556,172.31.36.0-255,66,87188,17,309088
8244,0.00156,74.125.68.0-255,2902,90090,17,309088
8245,0.001562,172.31.36.0-255,66,90156,17,309088
8246,0.001624,74.125.68.0-255,3602,93758,17,309088
8247,0.001627,172.31.36.0-255,66,93824,17,309088
8248,0.002007,74.125.68.0-255,1484,95308,17,309088
8249,0.002022,74.125.68.0-255,1484,96792,17,309088
8250,0.002026,172.31.36.0-255,66,96858,17,309088
8251,0.002044,74.125.68.0-255,1484,98342,17,309088
8252,0.002047,74.125.68.0-255,1484,99826,17,309088
8253,0.002049,172.31.36.0-255,66,99892,17,309088
8254,0.002069,74.125.68.0-255,4320,104212,17,309088
8255,0.002071,172.31.36.0-255,66,104278,17,309088
8256,0.002075,74.125.68.0-255,1484,105762,17,309088
8257,0.002093,74.125.68.0-255,5738,111500,17,309088
8258,0.002095,172.31.36.0-255,66,111566,17,309088
8259,0.00211,74.125.68.0-255,1484,113050,17,309088
8260,0.002125,74.125.68.0-255,4320,117370,17,309088
8261,0.002128,172.31.36.0-255,66,117436,17,309088
8262,0.002143,74.125.68.0-255,1484,118920,17,309088
8263,0.004198,74.125.68.0-255,4320,123240,17,309088
8264,0.004202,172.31.36.0-255,66,123306,17,309088
8265,0.006267,74.125.68.0-255,1484,124790,17,309088
8266,0.006283,74.125.68.0-255,4320,129110,17,309088
8267,0.006286,172.31.36.0-255,66,129176,17,309088
8268,0.008378,74.125.68.0-255,5738,134914,17,309088
8269,0.008394,172.31.36.0-255,66,134980,17,309088
8270,0.010502,74.125.68.0-255,5738,140718,17,309088
8271,0.010517,172.31.36.0-255,66,140784,17,309088
8272,0.01262,74.125.68.0-255,5738,146522,17,309088
8273,0.012629,172.31.36.0-255,66,146588,17,309088
8274,0.014737,74.125.68.0-255,5738,152326,17,309088
8275,0.014747,172.31.36.0-255,66,152392,17,309088
8276,0.016859,74.125.68.0-255,4320,156712,17,309088
8277,0.016868,172.31.36.0-255,66,156778,17,309088
8278,0.016889,74.125.68.0-255,1484,158262,17,309088
8279,0.01897,74.125.68.0-255,4320,162582,17,309088
8280,0.018983,172.31.36.0-255,66,162648,17,309088
8281,0.021082,74.125.68.0-255,5738,168386,17,309088
8282,0.021093,172.31.36.0-255,66,168452,17,309088
8283,0.023192,74.125.68.0-255,5738,174190,17,309088
8284,0.0232,172.31.36.0-255,66,174256,17,309088
8285,0.02529,74.125.68.0-255,5738,179994,17,309088
8286,0.025297,172.31.36.0-255,66,180060,17,309088
8287,0.027418,74.125.68.0-255,5738,185798,17,309088
8288,0.027426,172.31.36.0-255,66,185864,17,309088
8289,0.027941,172.31.36.0-255,172,186036,17,309088
8290,0.027995,172.31.36.0-255,1118,187154,17,309088
8291,0.028071,172.31.36.0-255,1514,188668,17,309088
8292,0.028073,172.31.36.0-255,1514,190182,17,309088
8293,0.028077,172.31.36.0-255,1514,191696,17,309088
8294,0.028078,172.31.36.0-255,1048,192744,17,309088
8295,0.029526,104.244.42.0-255,66,192810,17,309088
8296,0.029563,104.244.42.0-255,66,192876,17,309088
8297,0.029583,74.125.68.0-255,5738,198614,17,309088
8298,0.029588,172.31.36.0-255,66,198680,17,309088
8299,0.029645,104.244.42.0-255,66,198746,17,309088
8300,0.02965,104.244.42.0-255,66,198812,17,309088
8301,0.031682,74.125.68.0-255,5738,204550,17,309088
8302,0.03169,172.31.36.0-255,66,204616,17,309088
8303,0.033788,74.125.68.0-255,5738,210354,17,309088
8304,0.033796,172.31.36.0-255,66,210420,17,309088
8305,0.035906,74.125.68.0-255,5738,216158,17,309088
8306,0.035917,172.31.36.0-255,66,216224,17,309088
8307,0.038004,74.125.68.0-255,5738,221962,17,309088
8308,0.038013,172.31.36.0-255,66,222028,17,309088
8309,0.040102,74.125.68.0-255,5738,227766,17,309088
8310,0.040109,172.31.36.0-255,66,227832,17,309088
8311,0.042219,74.125.68.0-255,5738,233570,17,309088
8312,0.042226,172.31.36.0-255,66,233636,17,309088
8313,0.044315,74.125.68.0-255,5738,239374,17,309088
8314,0.044322,172.31.36.0-255,66,239440,17,309088
8315,0.046418,74.125.68.0-255,5738,245178,17,309088
8316,0.046425,172.31.36.0-255,66,245244,17,309088
8317,0.048519,74.125.68.0-255,5738,250982,17,309088
8318,0.048526,172.31.36.0-255,66,251048,17,309088
8319,0.05061,74.125.68.0-255,5738,256786,17,309088
8320,0.050616,172.31.36.0-255,66,256852,17,309088
8321,0.052702,74.125.68.0-255,5738,262590,17,309088
8322,0.052709,172.31.36.0-255,66,262656,17,309088
8323,0.054824,74.125.68.0-255,5738,268394,17,309088
8324,0.054837,172.31.36.0-255,66,268460,17,309088
8325,0.056946,74.125.68.0-255,5738,274198,17,309088
8326,0.056953,172.31.36.0-255,66,274264,17,309088
8327,0.059042,74.125.68.0-255,5738,280002,17,309088
8328,0.059049,172.31.36.0-255,66,280068,17,309088
8329,0.06114,74.125.68.0-255,5738,285806,17,309088
8330,0.061146,172.31.36.0-255,66,285872,17,309088
8331,0.063229,74.125.68.0-255,5738,291610,17,309088
8332,0.063236,172.31.36.0-255,66,291676,17,309088
8333,0.065334,74.125.68.0-255,5738,297414,17,309088
8334,0.065341,172.31.36.0-255,66,297480,17,309088
8335,0.067431,74.125.68.0-255,5738,303218,17,309088
8336,0.067438,172.31.36.0-255,66,303284,17,309088
8337,0.069528,74.125.68.0-255,5738,309022,17,309088
8338,0.069534,172.31.36.0-255,66,309088,17,309088
8339,0.0,74.125.24.0-255,217,217,17,279457
8340,2.5e-05,172.31.36.0-255,66,283,17,279457
8341,3.2e-05,74.125.24.0-255,1484,1767,17,279457
8342,3.7e-05,172.31.36.0-255,66,1833,17,279457
8343,4.4e-05,74.125.24.0-255,4320,6153,17,279457
8344,4.8e-05,172.31.36.0-255,66,6219,17,279457
8345,5.6e-05,74.125.24.0-255,5738,11957,17,279457
8346,6e-05,172.31.36.0-255,66,12023,17,279457
8347,7.4e-05,74.125.24.0-255,1812,13835,17,279457
8348,7.7e-05,172.31.36.0-255,66,13901,17,279457
8349,0.000401,74.125.24.0-255,1484,15385,17,279457
8350,0.000407,172.31.36.0-255,66,15451,17,279457
8351,0.000414,74.125.24.0-255,2902,18353,17,279457
8352,0.000418,172.31.36.0-255,66,18419,17,279457
8353,0.000424,74.125.24.0-255,5738,24157,17,279457
8354,0.000426,172.31.36.0-255,66,24223,17,279457
8355,0.000464,74.125.24.0-255,6797,31020,17,279457
8356,0.000468,172.31.36.0-255,66,31086,17,279457
8357,0.000473,74.125.24.0-255,2902,33988,17,279457
8358,0.000475,172.31.36.0-255,66,34054,17,279457
8359,0.00049,74.125.24.0-255,4320,38374,17,279457
8360,0.000492,172.31.36.0-255,66,38440,17,279457
8361,0.000516,172.31.36.0-255,66,38506,17,279457
8362,0.000563,74.125.24.0-255,1484,39990,17,279457
8363,0.000567,172.31.36.0-255,66,40056,17,279457
8364,0.000572,74.125.24.0-255,2902,42958,17,279457
8365,0.000574,172.31.36.0-255,66,43024,17,279457
8366,0.000626,74.125.24.0-255,2902,45926,17,279457
8367,0.000631,172.31.36.0-255,66,45992,17,279457
8368,0.000637,74.125.24.0-255,4320,50312,17,279457
8369,0.000639,172.31.36.0-255,66,50378,17,279457
8370,0.000658,74.125.24.0-255,5379,55757,17,279457
8371,0.000664,172.31.36.0-255,66,55823,17,279457
8372,0.000681,74.125.24.0-255,368,56191,17,279457
8373,0.000878,74.125.24.0-255,130,56321,17,279457
8374,0.001078,74.125.24.0-255,1484,57805,17,279457
8375,0.001083,172.31.36.0-255,66,57871,17,279457
8376,0.001088,74.125.24.0-255,1484,59355,17,279457
8377,0.001101,74.125.24.0-255,1484,60839,17,279457
8378,0.001107,74.125.24.0-255,4320,65159,17,279457
8379,0.00112,74.125.24.0-255,2902,68061,17,279457
8380,0.001146,74.125.24.0-255,2902,70963,17,279457
8381,0.00116,172.31.36.0-255,66,71029,17,279457
8382,0.001183,74.125.24.0-255,2543,73572,17,279457
8383,0.001186,172.31.36.0-255,66,73638,17,279457
8384,0.001207,74.125.24.0-255,1484,75122,17,279457
8385,0.001214,172.31.36.0-255,66,75188,17,279457
8386,0.001225,74.125.24.0-255,6797,81985,17,279457
8387,0.00123,172.31.36.0-255,66,82051,17,279457
8388,0.002044,74.125.24.0-255,1484,83535,17,279457
8389,0.002055,74.125.24.0-255,2902,86437,17,279457
8390,0.002059,172.31.36.0-255,66,86503,17,279457
8391,0.002066,74.125.24.0-255,4320,90823,17,279457
8392,0.00208,74.125.24.0-255,1484,92307,17,279457
8393,0.005574,172.31.36.0-255,66,92373,17,279457
8394,0.00762,74.125.24.0-255,5738,98111,17,279457
8395,0.007626,172.31.36.0-255,66,98177,17,279457
8396,0.009655,74.125.24.0-255,5738,103915,17,279457
8397,0.009662,172.31.36.0-255,66,103981,17,279457
8398,0.011699,74.125.24.0-255,5738,109719,17,279457
8399,0.011917,172.31.36.0-255,66,109785,17,279457
8400,0.013961,74.125.24.0-255,5738,115523,17,279457
8401,0.013968,172.31.36.0-255,66,115589,17,279457
8402,0.01603,74.125.24.0-255,5738,121327,17,279457
8403,0.016043,172.31.36.0-255,66,121393,17,279457
8404,0.018077,74.125.24.0-255,5738,127131,17,279457
8405,0.018084,172.31.36.0-255,66,127197,17,279457
8406,0.020142,74.125.24.0-255,5738,132935,17,279457
8407,0.020146,172.31.36.0-255,66,133001,17,279457
8408,0.022202,74.125.24.0-255,5738,138739,17,279457
8409,0.02221,172.31.36.0-255,66,138805,17,279457
8410,0.024247,74.125.24.0-255,5738,144543,17,279457
8411,0.024255,172.31.36.0-255,66,144609,17,279457
8412,0.026322,74.125.24.0-255,5738,150347,17,279457
8413,0.02633,172.31.36.0-255,66,150413,17,279457
8414,0.02837,74.125.24.0-255,5738,156151,17,279457
8415,0.028378,172.31.36.0-255,66,156217,17,279457
8416,0.030401,74.125.24.0-255,5738,161955,17,279457
8417,0.030408,172.31.36.0-255,66,162021,17,279457
8418,0.030988,172.31.36.0-255,188,162209,17,279457
8419,0.031023,172.31.36.0-255,961,163170,17,279457
8420,0.031091,172.31.36.0-255,1514,164684,17,279457
8421,0.031093,172.31.36.0-255,1514,166198,17,279457
8422,0.031099,172.31.36.0-255,1514,167712,17,279457
8423,0.0311,172.31.36.0-255,1205,168917,17,279457
8424,0.032438,74.125.24.0-255,5738,174655,17,279457
8425,0.032447,172.31.36.0-255,66,174721,17,279457
8426,0.032538,104.244.42.0-255,66,174787,17,279457
8427,0.032621,104.244.42.0-255,66,174853,17,279457
8428,0.032646,104.244.42.0-255,66,174919,17,279457
8429,0.032651,104.244.42.0-255,66,174985,17,279457
8430,0.034557,74.125.24.0-255,5738,180723,17,279457
8431,0.034564,172.31.36.0-255,66,180789,17,279457
8432,0.036655,74.125.24.0-255,5738,186527,17,279457
8433,0.036677,172.31.36.0-255,66,186593,17,279457
8434,0.038745,74.125.24.0-255,5738,192331,17,279457
8435,0.038753,172.31.36.0-255,66,192397,17,279457
8436,0.040802,74.125.24.0-255,5738,198135,17,279457
8437,0.040809,172.31.36.0-255,66,198201,17,279457
8438,0.042858,74.125.24.0-255,5738,203939,17,279457
8439,0.042865,172.31.36.0-255,66,204005,17,279457
8440,0.044955,74.125.24.0-255,5738,209743,17,279457
8441,0.044962,172.31.36.0-255,66,209809,17,279457
8442,0.047017,74.125.24.0-255,5738,215547,17,279457
8443,0.047024,172.31.36.0-255,66,215613,17,279457
8444,0.04907,74.125.24.0-255,5738,221351,17,279457
8445,0.049078,172.31.36.0-255,66,221417,17,279457
8446,0.051126,74.125.24.0-255,5738,227155,17,279457
8447,0.051133,172.31.36.0-255,66,227221,17,279457
8448,0.053195,74.125.24.0-255,5738,232959,17,279457
8449,0.053202,172.31.36.0-255,66,233025,17,279457
8450,0.05526,74.125.24.0-255,5738,238763,17,279457
8451,0.055266,172.31.36.0-255,66,238829,17,279457
8452,0.057317,74.125.24.0-255,5738,244567,17,279457
8453,0.057322,172.31.36.0-255,66,244633,17,279457
8454,0.059361,74.125.24.0-255,5738,250371,17,279457
8455,0.059367,172.31.36.0-255,66,250437,17,279457
8456,0.061406,74.125.24.0-255,5738,256175,17,279457
8457,0.061412,172.31.36.0-255,66,256241,17,279457
8458,0.063439,74.125.24.0-255,5738,261979,17,279457
8459,0.063446,172.31.36.0-255,66,262045,17,279457
8460,0.065493,74.125.24.0-255,5738,267783,17,279457
8461,0.0655,172.31.36.0-255,66,267849,17,279457
8462,0.067525,74.125.24.0-255,5738,273587,17,279457
8463,0.06753,172.31.36.0-255,66,273653,17,279457
8464,0.069588,74.125.24.0-255,5738,279391,17,279457
8465,0.069594,172.31.36.0-255,66,279457,17,279457
8466,0.0,74.125.130.0-255,146,146,17,319019
8467,2.5e-05,172.31.36.0-255,66,212,17,319019
8468,3.2e-05,74.125.130.0-255,1484,1696,17,319019
8469,3.7e-05,172.31.36.0-255,66,1762,17,319019
8470,4.2e-05,74.125.130.0-255,2902,4664,17,319019
8471,5.4e-05,172.31.36.0-255,66,4730,17,319019
8472,6e-05,74.125.130.0-255,4320,9050,17,319019
8473,6.3e-05,172.31.36.0-255,66,9116,17,319019
8474,9.5e-05,74.125.130.0-255,4891,14007,17,319019
8475,0.000102,172.31.36.0-255,66,14073,17,319019
8476,0.000129,74.125.130.0-255,1484,15557,17,319019
8477,0.000132,172.31.36.0-255,66,15623,17,319019
8478,0.000137,74.125.130.0-255,2902,18525,17,319019
8479,0.00014,172.31.36.0-255,66,18591,17,319019
8480,0.00017,74.125.130.0-255,5738,24329,17,319019
8481,0.000174,172.31.36.0-255,66,24395,17,319019
8482,0.000204,74.125.130.0-255,6797,31192,17,319019
8483,0.000207,172.31.36.0-255,66,31258,17,319019
8484,0.000214,74.125.130.0-255,7156,38414,17,319019
8485,0.000216,172.31.36.0-255,66,38480,17,319019
8486,0.000255,172.31.36.0-255,66,38546,17,319019
8487,0.000279,74.125.130.0-255,1484,40030,17,319019
8488,0.000281,172.31.36.0-255,66,40096,17,319019
8489,0.000298,74.125.130.0-255,2902,42998,17,319019
8490,0.000301,172.31.36.0-255,66,43064,17,319019
8491,0.000308,74.125.130.0-255,5738,48802,17,319019
8492,0.00031,172.31.36.0-255,66,48868,17,319019
8493,0.00034,74.125.130.0-255,6797,55665,17,319019
8494,0.000347,172.31.36.0-255,66,55731,17,319019
8495,0.000374,74.125.130.0-255,646,56377,17,319019
8496,0.000377,172.31.36.0-255,66,56443,17,319019
8497,0.00044,74.125.130.0-255,1484,57927,17,319019
8498,0.000447,74.125.130.0-255,2902,60829,17,319019
8499,0.00045,172.31.36.0-255,66,60895,17,319019
8500,0.000453,74.125.130.0-255,1484,62379,17,319019
8501,0.00048,74.125.130.0-255,4320,66699,17,319019
8502,0.000484,172.31.36.0-255,66,66765,17,319019
8503,0.000491,74.125.130.0-255,7156,73921,17,319019
8504,0.000494,172.31.36.0-255,66,73987,17,319019
8505,0.000537,74.125.130.0-255,6797,80784,17,319019
8506,0.00054,172.31.36.0-255,66,80850,17,319019
8507,0.000558,172.31.36.0-255,66,80916,17,319019
8508,0.000821,74.125.130.0-255,1484,82400,17,319019
8509,0.000829,74.125.130.0-255,2902,85302,17,319019
8510,0.000833,172.31.36.0-255,66,85368,17,319019
8511,0.000872,74.125.130.0-255,4320,89688,17,319019
8512,0.000876,172.31.36.0-255,66,89754,17,319019
8513,0.000905,74.125.130.0-255,1484,91238,17,319019
8514,0.000913,74.125.130.0-255,5738,96976,17,319019
8515,0.000916,172.31.36.0-255,66,97042,17,319019
8516,0.000923,74.125.130.0-255,7156,104198,17,319019
8517,0.000925,172.31.36.0-255,66,104264,17,319019
8518,0.000943,172.31.36.0-255,66,104330,17,319019
8519,0.001241,74.125.130.0-255,1484,105814,17,319019
8520,0.001247,74.125.130.0-255,2902,108716,17,319019
8521,0.001251,172.31.36.0-255,66,108782,17,319019
8522,0.001254,74.125.130.0-255,1484,110266,17,319019
8523,0.00128,74.125.130.0-255,1484,111750,17,319019
8524,0.001283,172.31.36.0-255,66,111816,17,319019
8525,0.001289,74.125.130.0-255,4320,116136,17,319019
8526,0.001291,172.31.36.0-255,66,116202,17,319019
8527,0.001307,172.31.36.0-255,66,116268,17,319019
8528,0.001312,74.125.130.0-255,4320,120588,17,319019
8529,0.001314,172.31.36.0-255,66,120654,17,319019
8530,0.00136,172.31.36.0-255,66,120720,17,319019
8531,0.001428,74.125.130.0-255,1484,122204,17,319019
8532,0.001433,74.125.130.0-255,1484,123688,17,319019
8533,0.001435,172.31.36.0-255,66,123754,17,319019
8534,0.001466,74.125.130.0-255,1484,125238,17,319019
8535,0.001473,74.125.130.0-255,5738,130976,17,319019
8536,0.001476,172.31.36.0-255,66,131042,17,319019
8537,0.001482,74.125.130.0-255,5738,136780,17,319019
8538,0.0015,172.31.36.0-255,66,136846,17,319019
8539,0.001507,74.125.130.0-255,7156,144002,17,319019
8540,0.00151,172.31.36.0-255,66,144068,17,319019
8541,0.001516,74.125.130.0-255,4320,148388,17,319019
8542,0.001519,172.31.36.0-255,66,148454,17,319019
8543,0.001555,74.125.130.0-255,6438,154892,17,319019
8544,0.001559,172.31.36.0-255,66,154958,17,319019
8545,0.001735,74.125.130.0-255,1484,156442,17,319019
8546,0.001741,74.125.130.0-255,2902,159344,17,319019
8547,0.001744,172.31.36.0-255,66,159410,17,319019
8548,0.001749,74.125.130.0-255,1484,160894,17,319019
8549,0.001775,74.125.130.0-255,4320,165214,17,319019
8550,0.001777,172.31.36.0-255,66,165280,17,319019
8551,0.001783,74.125.130.0-255,4320,169600,17,319019
8552,0.001785,172.31.36.0-255,66,169666,17,319019
8553,0.001804,172.31.36.0-255,66,169732,17,319019
8554,0.001842,74.125.130.0-255,4320,174052,17,319019
8555,0.001851,172.31.36.0-255,66,174118,17,319019
8556,0.001854,172.31.36.0-255,66,174184,17,319019
8557,0.001907,172.31.36.0-255,66,174250,17,319019
8558,0.001923,172.31.36.0-255,66,174316,17,319019
8559,0.001926,74.125.130.0-255,1484,175800,17,319019
8560,0.00195,74.125.130.0-255,2902,178702,17,319019
8561,0.001953,172.31.36.0-255,66,178768,17,319019
8562,0.001964,74.125.130.0-255,5738,184506,17,319019
8563,0.001967,172.31.36.0-255,66,184572,17,319019
8564,0.001974,74.125.130.0-255,7156,191728,17,319019
8565,0.001976,172.31.36.0-255,66,191794,17,319019
8566,0.002019,172.31.36.0-255,66,191860,17,319019
8567,0.002066,74.125.130.0-255,4320,196180,17,319019
8568,0.002068,172.31.36.0-255,66,196246,17,319019
8569,0.002096,74.125.130.0-255,5020,201266,17,319019
8570,0.002099,172.31.36.0-255,66,201332,17,319019
8571,0.002104,74.125.130.0-255,4320,205652,17,319019
8572,0.002107,172.31.36.0-255,66,205718,17,319019
8573,0.004107,74.125.130.0-255,5738,211456,17,319019
8574,0.004113,172.31.36.0-255,66,211522,17,319019
8575,0.006132,74.125.130.0-255,5738,217260,17,319019
8576,0.006139,172.31.36.0-255,66,217326,17,319019
8577,0.008142,74.125.130.0-255,2902,220228,17,319019
8578,0.008146,172.31.36.0-255,66,220294,17,319019
8579,0.008165,74.125.130.0-255,2902,223196,17,319019
8580,0.008167,172.31.36.0-255,66,223262,17,319019
8581,0.010152,74.125.130.0-255,4320,227582,17,319019
8582,0.010159,172.31.36.0-255,66,227648,17,319019
8583,0.010191,74.125.130.0-255,1484,229132,17,319019
8584,0.012175,74.125.130.0-255,4320,233452,17,319019
8585,0.012182,172.31.36.0-255,66,233518,17,319019
8586,0.014183,74.125.130.0-255,5738,239256,17,319019
8587,0.014191,172.31.36.0-255,66,239322,17,319019
8588,0.016207,74.125.130.0-255,5738,245060,17,319019
8589,0.016216,172.31.36.0-255,66,245126,17,319019
8590,0.018233,74.125.130.0-255,5738,250864,17,319019
8591,0.018241,172.31.36.0-255,66,250930,17,319019
8592,0.020265,74.125.130.0-255,5738,256668,17,319019
8593,0.020273,172.31.36.0-255,66,256734,17,319019
8594,0.022288,74.125.130.0-255,5738,262472,17,319019
8595,0.022297,172.31.36.0-255,66,262538,17,319019
8596,0.02431,74.125.130.0-255,5738,268276,17,319019
8597,0.024318,172.31.36.0-255,66,268342,17,319019
8598,0.026328,74.125.130.0-255,4320,272662,17,319019
8599,0.026335,172.31.36.0-255,66,272728,17,319019
8600,0.026368,74.125.130.0-255,1484,274212,17,319019
8601,0.028349,74.125.130.0-255,4320,278532,17,319019
8602,0.028356,172.31.36.0-255,66,278598,17,319019
8603,0.030366,74.125.130.0-255,5738,284336,17,319019
8604,0.030375,172.31.36.0-255,66,284402,17,319019
8605,0.032399,74.125.130.0-255,5738,290140,17,319019
8606,0.03241,172.31.36.0-255,66,290206,17,319019
8607,0.034428,74.125.130.0-255,5738,295944,17,319019
8608,0.034435,172.31.36.0-255,66,296010,17,319019
8609,0.035808,172.31.36.0-255,172,296182,17,319019
8610,0.035835,172.31.36.0-255,1118,297300,17,319019
8611,0.03588,172.31.36.0-255,1514,298814,17,319019
8612,0.035882,172.31.36.0-255,1272,300086,17,319019
8613,0.036449,74.125.130.0-255,4320,304406,17,319019
8614,0.036456,172.31.36.0-255,66,304472,17,319019
8615,0.036487,74.125.130.0-255,1484,305956,17,319019
8616,0.037322,104.244.42.0-255,66,306022,17,319019
8617,0.037365,104.244.42.0-255,66,306088,17,319019
8618,0.037425,104.244.42.0-255,66,306154,17,319019
8619,0.038459,74.125.130.0-255,4320,310474,17,319019
8620,0.038463,172.31.36.0-255,66,310540,17,319019
8621,0.040469,74.125.130.0-255,1484,312024,17,319019
8622,0.040498,74.125.130.0-255,4320,316344,17,319019
8623,0.040503,172.31.36.0-255,66,316410,17,319019
8624,0.042511,74.125.130.0-255,2372,318782,17,319019
8625,0.042517,172.31.36.0-255,66,318848,17,319019
8626,0.042674,172.31.36.0-255,105,318953,17,319019
8627,0.044637,74.125.130.0-255,66,319019,17,319019
8628,0.0,172.217.194.0-255,153,153,17,208147
8629,3.5e-05,172.31.36.0-255,66,219,17,208147
8630,4.1e-05,172.217.194.0-255,1484,1703,17,208147
8631,4.5e-05,172.31.36.0-255,66,1769,17,208147
8632,5e-05,172.217.194.0-255,2902,4671,17,208147
8633,5.2e-05,172.31.36.0-255,66,4737,17,208147
8634,6.5e-05,172.217.194.0-255,2902,7639,17,208147
8635,6.7e-05,172.31.36.0-255,66,7705,17,208147
8636,9.1e-05,172.217.194.0-255,2902,10607,17,208147
8637,9.5e-05,172.31.36.0-255,66,10673,17,208147
8638,0.00013,172.217.194.0-255,3481,14154,17,208147
8639,0.000134,172.31.36.0-255,66,14220,17,208147
8640,0.000141,172.217.194.0-255,7156,21376,17,208147
8641,0.000142,172.31.36.0-255,66,21442,17,208147
8642,0.00015,172.217.194.0-255,5738,27180,17,208147
8643,0.000152,172.31.36.0-255,66,27246,17,208147
8644,0.000187,172.217.194.0-255,3961,31207,17,208147
8645,0.00019,172.31.36.0-255,66,31273,17,208147
8646,0.000243,172.217.194.0-255,1484,32757,17,208147
8647,0.000246,172.31.36.0-255,66,32823,17,208147
8648,0.00025,172.217.194.0-255,1484,34307,17,208147
8649,0.000252,172.31.36.0-255,66,34373,17,208147
8650,0.000286,172.217.194.0-255,1484,35857,17,208147
8651,0.000289,172.31.36.0-255,66,35923,17,208147
8652,0.000296,172.217.194.0-255,5738,41661,17,208147
8653,0.000299,172.31.36.0-255,66,41727,17,208147
8654,0.000305,172.217.194.0-255,6797,48524,17,208147
8655,0.000309,172.31.36.0-255,66,48590,17,208147
8656,0.000343,172.217.194.0-255,7156,55746,17,208147
8657,0.000347,172.31.36.0-255,66,55812,17,208147
8658,0.000359,172.31.36.0-255,66,55878,17,208147
8659,0.000385,172.217.194.0-255,344,56222,17,208147
8660,0.000389,172.217.194.0-255,400,56622,17,208147
8661,0.00054,172.217.194.0-255,1484,58106,17,208147
8662,0.000545,172.31.36.0-255,66,58172,17,208147
8663,0.000551,172.217.194.0-255,2902,61074,17,208147
8664,0.000552,172.31.36.0-255,66,61140,17,208147
8665,0.000588,172.217.194.0-255,5738,66878,17,208147
8666,0.000601,172.31.36.0-255,66,66944,17,208147
8667,0.000615,172.31.36.0-255,66,67010,17,208147
8668,0.000633,172.31.36.0-255,66,67076,17,208147
8669,0.000636,172.217.194.0-255,766,67842,17,208147
8670,0.000784,172.217.194.0-255,1484,69326,17,208147
8671,0.000788,172.31.36.0-255,66,69392,17,208147
8672,0.000794,172.217.194.0-255,2902,72294,17,208147
8673,0.000796,172.31.36.0-255,66,72360,17,208147
8674,0.000801,172.217.194.0-255,4320,76680,17,208147
8675,0.000809,172.31.36.0-255,66,76746,17,208147
8676,0.00084,172.217.194.0-255,1484,78230,17,208147
8677,0.000855,172.31.36.0-255,66,78296,17,208147
8678,0.000859,172.217.194.0-255,1484,79780,17,208147
8679,0.000892,172.31.36.0-255,66,79846,17,208147
8680,0.000899,172.217.194.0-255,7156,87002,17,208147
8681,0.000901,172.31.36.0-255,66,87068,17,208147
8682,0.000931,172.217.194.0-255,4320,91388,17,208147
8683,0.000935,172.31.36.0-255,66,91454,17,208147
8684,0.000945,172.31.36.0-255,66,91520,17,208147
8685,0.001002,172.217.194.0-255,4320,95840,17,208147
8686,0.001006,172.31.36.0-255,66,95906,17,208147
8687,0.001043,172.31.36.0-255,66,95972,17,208147
8688,0.001046,172.217.194.0-255,1484,97456,17,208147
8689,0.00105,172.217.194.0-255,2902,100358,17,208147
8690,0.001052,172.31.36.0-255,66,100424,17,208147
8691,0.001058,172.217.194.0-255,5738,106162,17,208147
8692,0.001061,172.31.36.0-255,66,106228,17,208147
8693,0.001067,172.217.194.0-255,7156,113384,17,208147
8694,0.00107,172.31.36.0-255,66,113450,17,208147
8695,0.001102,172.31.36.0-255,66,113516,17,208147
8696,0.001125,172.217.194.0-255,4320,117836,17,208147
8697,0.001128,172.31.36.0-255,66,117902,17,208147
8698,0.001132,172.217.194.0-255,2184,120086,17,208147
8699,0.001134,172.31.36.0-255,66,120152,17,208147
8700,0.001138,172.217.194.0-255,1484,121636,17,208147
8701,0.001169,172.217.194.0-255,1484,123120,17,208147
8702,0.001174,172.31.36.0-255,66,123186,17,208147
8703,0.001176,172.217.194.0-255,7156,130342,17,208147
8704,0.001179,172.31.36.0-255,66,130408,17,208147
8705,0.001184,172.217.194.0-255,5738,136146,17,208147
8706,0.001186,172.31.36.0-255,66,136212,17,208147
8707,0.001215,172.217.194.0-255,5738,141950,17,208147
8708,0.001219,172.31.36.0-255,66,142016,17,208147
8709,0.001232,172.31.36.0-255,66,142082,17,208147
8710,0.001257,172.217.194.0-255,2902,144984,17,208147
8711,0.00126,172.31.36.0-255,66,145050,17,208147
8712,0.001312,172.31.36.0-255,66,145116,17,208147
8713,0.001326,172.31.36.0-255,66,145182,17,208147
8714,0.001338,172.31.36.0-255,66,145248,17,208147
8715,0.001364,172.217.194.0-255,2184,147432,17,208147
8716,0.001366,172.31.36.0-255,66,147498,17,208147
8717,0.00139,172.217.194.0-255,4320,151818,17,208147
8718,0.001394,172.31.36.0-255,66,151884,17,208147
8719,0.0014,172.217.194.0-255,5738,157622,17,208147
8720,0.001403,172.31.36.0-255,66,157688,17,208147
8721,0.001417,172.31.36.0-255,66,157754,17,208147
8722,0.001422,172.217.194.0-255,4320,162074,17,208147
8723,0.001424,172.31.36.0-255,66,162140,17,208147
8724,0.001466,172.31.36.0-255,66,162206,17,208147
8725,0.001491,172.217.194.0-255,1484,163690,17,208147
8726,0.001504,172.217.194.0-255,2902,166592,17,208147
8727,0.001508,172.31.36.0-255,66,166658,17,208147
8728,0.001512,172.217.194.0-255,2902,169560,17,208147
8729,0.001515,172.31.36.0-255,66,169626,17,208147
8730,0.001547,172.217.194.0-255,2902,172528,17,208147
8731,0.001551,172.31.36.0-255,66,172594,17,208147
8732,0.001562,172.31.36.0-255,66,172660,17,208147
8733,0.001604,172.31.36.0-255,66,172726,17,208147
8734,0.001663,172.217.194.0-255,5738,178464,17,208147
8735,0.001668,172.31.36.0-255,66,178530,17,208147
8736,0.001704,172.31.36.0-255,66,178596,17,208147
8737,0.00172,172.31.36.0-255,66,178662,17,208147
8738,0.001725,172.217.194.0-255,3602,182264,17,208147
8739,0.001728,172.31.36.0-255,66,182330,17,208147
8740,0.001733,172.217.194.0-255,4320,186650,17,208147
8741,0.001735,172.31.36.0-255,66,186716,17,208147
8742,0.00174,172.217.194.0-255,4320,191036,17,208147
8743,0.001742,172.31.36.0-255,66,191102,17,208147
8744,0.001745,172.217.194.0-255,1484,192586,17,208147
8745,0.001776,172.31.36.0-255,66,192652,17,208147
8746,0.00178,172.217.194.0-255,1484,194136,17,208147
8747,0.001812,172.31.36.0-255,66,194202,17,208147
8748,0.001845,172.217.194.0-255,7156,201358,17,208147
8749,0.001849,172.31.36.0-255,66,201424,17,208147
8750,0.001873,172.217.194.0-255,2021,203445,17,208147
8751,0.001875,172.31.36.0-255,66,203511,17,208147
8752,0.001878,172.217.194.0-255,105,203616,17,208147
8753,0.007925,172.31.36.0-255,66,203682,17,208147
8754,0.007953,172.31.36.0-255,105,203787,17,208147
8755,0.010409,172.217.194.0-255,66,203853,17,208147
8756,0.029397,172.31.36.0-255,192,204045,17,208147
8757,0.029427,172.31.36.0-255,1116,205161,17,208147
8758,0.029472,172.31.36.0-255,1514,206675,17,208147
8759,0.029474,172.31.36.0-255,1274,207949,17,208147
8760,0.030893,104.244.42.0-255,66,208015,17,208147
8761,0.030903,104.244.42.0-255,66,208081,17,208147
8762,0.030974,104.244.42.0-255,66,208147,17,208147
8763,0.0,172.217.194.0-255,150,150,17,246744
8764,1.6e-05,172.31.36.0-255,66,216,17,246744
8765,2.3e-05,172.217.194.0-255,1484,1700,17,246744
8766,2.7e-05,172.31.36.0-255,66,1766,17,246744
8767,4.2e-05,172.217.194.0-255,2902,4668,17,246744
8768,4.5e-05,172.31.36.0-255,66,4734,17,246744
8769,5.3e-05,172.217.194.0-255,7156,11890,17,246744
8770,5.7e-05,172.31.36.0-255,66,11956,17,246744
8771,6.1e-05,172.217.194.0-255,2087,14043,17,246744
8772,6.4e-05,172.31.36.0-255,66,14109,17,246744
8773,0.000157,172.217.194.0-255,1484,15593,17,246744
8774,0.00016,172.31.36.0-255,66,15659,17,246744
8775,0.000165,172.217.194.0-255,2902,18561,17,246744
8776,0.000168,172.31.36.0-255,66,18627,17,246744
8777,0.000177,172.217.194.0-255,2902,21529,17,246744
8778,0.00018,172.31.36.0-255,66,21595,17,246744
8779,0.00021,172.217.194.0-255,2902,24497,17,246744
8780,0.000212,172.31.36.0-255,66,24563,17,246744
8781,0.000234,172.31.36.0-255,66,24629,17,246744
8782,0.00024,172.217.194.0-255,5738,30367,17,246744
8783,0.000243,172.31.36.0-255,66,30433,17,246744
8784,0.000285,172.31.36.0-255,66,30499,17,246744
8785,0.000299,172.31.36.0-255,66,30565,17,246744
8786,0.000301,172.217.194.0-255,359,30924,17,246744
8787,0.000303,172.31.36.0-255,66,30990,17,246744
8788,0.000365,172.217.194.0-255,384,31374,17,246744
8789,0.000368,172.31.36.0-255,66,31440,17,246744
8790,0.000653,172.217.194.0-255,1484,32924,17,246744
8791,0.000658,172.31.36.0-255,66,32990,17,246744
8792,0.000664,172.217.194.0-255,2902,35892,17,246744
8793,0.000667,172.31.36.0-255,66,35958,17,246744
8794,0.000674,172.217.194.0-255,5738,41696,17,246744
8795,0.000682,172.31.36.0-255,66,41762,17,246744
8796,0.000731,172.31.36.0-255,66,41828,17,246744
8797,0.000746,172.31.36.0-255,66,41894,17,246744
8798,0.000763,172.217.194.0-255,2184,44078,17,246744
8799,0.000766,172.31.36.0-255,66,44144,17,246744
8800,0.001164,172.217.194.0-255,1484,45628,17,246744
8801,0.001169,172.217.194.0-255,2902,48530,17,246744
8802,0.001176,172.31.36.0-255,66,48596,17,246744
8803,0.001208,172.217.194.0-255,5738,54334,17,246744
8804,0.001211,172.31.36.0-255,66,54400,17,246744
8805,0.001223,172.31.36.0-255,66,54466,17,246744
8806,0.001262,172.217.194.0-255,2902,57368,17,246744
8807,0.001273,172.217.194.0-255,766,58134,17,246744
8808,0.001278,172.31.36.0-255,66,58200,17,246744
8809,0.001281,172.31.36.0-255,66,58266,17,246744
8810,0.001328,172.217.194.0-255,1484,59750,17,246744
8811,0.001332,172.31.36.0-255,66,59816,17,246744
8812,0.001337,172.217.194.0-255,2902,62718,17,246744
8813,0.001339,172.31.36.0-255,66,62784,17,246744
8814,0.001342,172.217.194.0-255,1484,64268,17,246744
8815,0.00137,172.217.194.0-255,4320,68588,17,246744
8816,0.001372,172.31.36.0-255,66,68654,17,246744
8817,0.001392,172.31.36.0-255,66,68720,17,246744
8818,0.001432,172.217.194.0-255,7156,75876,17,246744
8819,0.001436,172.31.36.0-255,66,75942,17,246744
8820,0.00147,172.217.194.0-255,3602,79544,17,246744
8821,0.001548,172.217.194.0-255,766,80310,17,246744
8822,0.001551,172.217.194.0-255,1484,81794,17,246744
8823,0.001555,172.217.194.0-255,4320,86114,17,246744
8824,0.00156,172.31.36.0-255,66,86180,17,246744
8825,0.001567,172.31.36.0-255,66,86246,17,246744
8826,0.001603,172.217.194.0-255,7156,93402,17,246744
8827,0.001618,172.217.194.0-255,1484,94886,17,246744
8828,0.001631,172.217.194.0-255,2902,97788,17,246744
8829,0.00164,172.31.36.0-255,66,97854,17,246744
8830,0.001656,172.217.194.0-255,6438,104292,17,246744
8831,0.001662,172.31.36.0-255,66,104358,17,246744
8832,0.001686,172.217.194.0-255,1484,105842,17,246744
8833,0.001691,172.217.194.0-255,2902,108744,17,246744
8834,0.001694,172.217.194.0-255,1484,110228,17,246744
8835,0.001714,172.217.194.0-255,4320,114548,17,246744
8836,0.001726,172.31.36.0-255,66,114614,17,246744
8837,0.001781,172.31.36.0-255,66,114680,17,246744
8838,0.001792,172.217.194.0-255,3602,118282,17,246744
8839,0.001805,172.31.36.0-255,66,118348,17,246744
8840,0.001832,172.217.194.0-255,2902,121250,17,246744
8841,0.001837,172.31.36.0-255,66,121316,17,246744
8842,0.001855,172.217.194.0-255,2902,124218,17,246744
8843,0.001862,172.217.194.0-255,7156,131374,17,246744
8844,0.001865,172.217.194.0-255,1484,132858,17,246744
8845,0.001879,172.217.194.0-255,7156,140014,17,246744
8846,0.001895,172.217.194.0-255,5738,145752,17,246744
8847,0.001903,172.217.194.0-255,6438,152190,17,246744
8848,0.00191,172.31.36.0-255,66,152256,17,246744
8849,0.001974,172.217.194.0-255,7156,159412,17,246744
8850,0.001982,172.31.36.0-255,66,159478,17,246744
8851,0.001994,172.217.194.0-255,3602,163080,17,246744
8852,0.002006,172.217.194.0-255,7156,170236,17,246744
8853,0.002016,172.217.194.0-255,1484,171720,17,246744
8854,0.002036,172.217.194.0-255,7156,178876,17,246744
8855,0.002043,172.31.36.0-255,66,178942,17,246744
8856,0.004054,172.217.194.0-255,5738,184680,17,246744
8857,0.005602,172.31.36.0-255,66,184746,17,246744
8858,0.00764,172.217.194.0-255,5738,190484,17,246744
8859,0.007646,172.31.36.0-255,66,190550,17,246744
8860,0.009661,172.217.194.0-255,5738,196288,17,246744
8861,0.009665,172.31.36.0-255,66,196354,17,246744
8862,0.011683,172.217.194.0-255,2902,199256,17,246744
8863,0.01169,172.31.36.0-255,66,199322,17,246744
8864,0.011718,172.217.194.0-255,2902,202224,17,246744
8865,0.011721,172.31.36.0-255,66,202290,17,246744
8866,0.013691,172.217.194.0-255,2902,205192,17,246744
8867,0.013699,172.31.36.0-255,66,205258,17,246744
8868,0.01373,172.217.194.0-255,2902,208160,17,246744
8869,0.013732,172.31.36.0-255,66,208226,17,246744
8870,0.015724,172.217.194.0-255,5738,213964,17,246744
8871,0.015733,172.31.36.0-255,66,214030,17,246744
8872,0.017731,172.217.194.0-255,5738,219768,17,246744
8873,0.01774,172.31.36.0-255,66,219834,17,246744
8874,0.019762,172.217.194.0-255,5738,225572,17,246744
8875,0.01977,172.31.36.0-255,66,225638,17,246744
8876,0.021801,172.217.194.0-255,5738,231376,17,246744
8877,0.021808,172.31.36.0-255,66,231442,17,246744
8878,0.023806,172.217.194.0-255,5738,237180,17,246744
8879,0.023813,172.31.36.0-255,66,237246,17,246744
8880,0.025807,172.217.194.0-255,4987,242233,17,246744
8881,0.025814,172.31.36.0-255,66,242299,17,246744
8882,0.025999,172.31.36.0-255,105,242404,17,246744
8883,0.027962,172.217.194.0-255,66,242470,17,246744
8884,0.030927,172.31.36.0-255,172,242642,17,246744
8885,0.030961,172.31.36.0-255,1117,243759,17,246744
8886,0.031018,172.31.36.0-255,1514,245273,17,246744
8887,0.031036,172.31.36.0-255,1273,246546,17,246744
8888,0.032461,104.244.42.0-255,66,246612,17,246744
8889,0.032469,104.244.42.0-255,66,246678,17,246744
8890,0.032569,104.244.42.0-255,66,246744,17,246744
8891,0.0,172.217.194.0-255,152,152,17,323077
8892,2e-05,172.31.36.0-255,66,218,17,323077
8893,2.8e-05,172.217.194.0-255,1484,1702,17,323077
8894,3.3e-05,172.31.36.0-255,66,1768,17,323077
8895,3.9e-05,172.217.194.0-255,2902,4670,17,323077
8896,4.2e-05,172.31.36.0-255,66,4736,17,323077
8897,5e-05,172.217.194.0-255,7156,11892,17,323077
8898,5.2e-05,172.31.36.0-255,66,11958,17,323077
8899,5.7e-05,172.217.194.0-255,2009,13967,17,323077
8900,5.9e-05,172.31.36.0-255,66,14033,17,323077
8901,9.4e-05,172.217.194.0-255,2902,16935,17,323077
8902,9.8e-05,172.31.36.0-255,66,17001,17,323077
8903,0.000101,172.217.194.0-255,1484,18485,17,323077
8904,0.000103,172.31.36.0-255,66,18551,17,323077
8905,0.000111,172.217.194.0-255,5738,24289,17,323077
8906,0.000113,172.31.36.0-255,66,24355,17,323077
8907,0.000155,172.217.194.0-255,7156,31511,17,323077
8908,0.000157,172.31.36.0-255,66,31577,17,323077
8909,0.000181,172.217.194.0-255,6797,38374,17,323077
8910,0.000184,172.31.36.0-255,66,38440,17,323077
8911,0.000187,172.217.194.0-255,1484,39924,17,323077
8912,0.000189,172.31.36.0-255,66,39990,17,323077
8913,0.000208,172.217.194.0-255,7156,47146,17,323077
8914,0.00021,172.31.36.0-255,66,47212,17,323077
8915,0.000221,172.217.194.0-255,1125,48337,17,323077
8916,0.000224,172.31.36.0-255,66,48403,17,323077
8917,0.000556,172.217.194.0-255,1484,49887,17,323077
8918,0.000561,172.31.36.0-255,66,49953,17,323077
8919,0.000566,172.217.194.0-255,2902,52855,17,323077
8920,0.000569,172.31.36.0-255,66,52921,17,323077
8921,0.000576,172.217.194.0-255,5738,58659,17,323077
8922,0.000579,172.31.36.0-255,66,58725,17,323077
8923,0.000613,172.217.194.0-255,6797,65522,17,323077
8924,0.000635,172.31.36.0-255,66,65588,17,323077
8925,0.000671,172.31.36.0-255,66,65654,17,323077
8926,0.000709,172.31.36.0-255,66,65720,17,323077
8927,0.000994,172.217.194.0-255,1484,67204,17,323077
8928,0.001016,172.217.194.0-255,2902,70106,17,323077
8929,0.00102,172.31.36.0-255,66,70172,17,323077
8930,0.001028,172.217.194.0-255,5738,75910,17,323077
8931,0.001048,172.217.194.0-255,2902,78812,17,323077
8932,0.001057,172.31.36.0-255,66,78878,17,323077
8933,0.001114,172.31.36.0-255,66,78944,17,323077
8934,0.001193,172.217.194.0-255,1484,80428,17,323077
8935,0.001198,172.217.194.0-255,2902,83330,17,323077
8936,0.001209,172.31.36.0-255,66,83396,17,323077
8937,0.001216,172.217.194.0-255,5738,89134,17,323077
8938,0.00123,172.217.194.0-255,2902,92036,17,323077
8939,0.001253,172.217.194.0-255,7156,99192,17,323077
8940,0.001259,172.31.36.0-255,66,99258,17,323077
8941,0.001275,172.217.194.0-255,4320,103578,17,323077
8942,0.001309,172.31.36.0-255,66,103644,17,323077
8943,0.001352,172.217.194.0-255,1484,105128,17,323077
8944,0.001356,172.217.194.0-255,1484,106612,17,323077
8945,0.001374,172.31.36.0-255,66,106678,17,323077
8946,0.001378,172.217.194.0-255,1484,108162,17,323077
8947,0.001384,172.217.194.0-255,5738,113900,17,323077
8948,0.001389,172.217.194.0-255,5738,119638,17,323077
8949,0.001402,172.31.36.0-255,66,119704,17,323077
8950,0.001422,172.217.194.0-255,5738,125442,17,323077
8951,0.001438,172.217.194.0-255,7156,132598,17,323077
8952,0.001444,172.217.194.0-255,5020,137618,17,323077
8953,0.001453,172.31.36.0-255,66,137684,17,323077
8954,0.001695,172.31.36.0-255,101,137785,17,323077
8955,0.00207,172.217.194.0-255,1484,139269,17,323077
8956,0.002091,172.217.194.0-255,2902,142171,17,323077
8957,0.002096,172.31.36.0-255,66,142237,17,323077
8958,0.002104,172.217.194.0-255,5738,147975,17,323077
8959,0.002108,172.31.36.0-255,66,148041,17,323077
8960,0.002117,172.217.194.0-255,1484,149525,17,323077
8961,0.002153,172.217.194.0-255,1484,151009,17,323077
8962,0.002167,172.31.36.0-255,66,151075,17,323077
8963,0.002226,172.217.194.0-255,1484,152559,17,323077
8964,0.002232,172.217.194.0-255,2902,155461,17,323077
8965,0.002234,172.31.36.0-255,66,155527,17,323077
8966,0.002258,172.217.194.0-255,5738,161265,17,323077
8967,0.002313,172.217.194.0-255,2902,164167,17,323077
8968,0.002319,172.217.194.0-255,5738,169905,17,323077
8969,0.002339,172.217.194.0-255,5020,174925,17,323077
8970,0.004014,172.217.194.0-255,66,174991,17,323077
8971,0.008116,172.31.36.0-255,66,175057,17,323077
8972,0.010498,172.217.194.0-255,5738,180795,17,323077
8973,0.010507,172.31.36.0-255,66,180861,17,323077
8974,0.012848,172.217.194.0-255,5738,186599,17,323077
8975,0.013383,172.31.36.0-255,66,186665,17,323077
8976,0.0157,172.217.194.0-255,5738,192403,17,323077
8977,0.015717,172.31.36.0-255,66,192469,17,323077
8978,0.018087,172.217.194.0-255,5738,198207,17,323077
8979,0.019433,172.31.36.0-255,66,198273,17,323077
8980,0.021767,172.217.194.0-255,5738,204011,17,323077
8981,0.021782,172.31.36.0-255,66,204077,17,323077
8982,0.024126,172.217.194.0-255,5738,209815,17,323077
8983,0.024135,172.31.36.0-255,66,209881,17,323077
8984,0.026476,172.217.194.0-255,5738,215619,17,323077
8985,0.026482,172.31.36.0-255,66,215685,17,323077
8986,0.028847,172.217.194.0-255,5738,221423,17,323077
8987,0.028853,172.31.36.0-255,66,221489,17,323077
8988,0.029942,172.31.36.0-255,172,221661,17,323077
8989,0.029975,172.31.36.0-255,1116,222777,17,323077
8990,0.030037,172.31.36.0-255,1514,224291,17,323077
8991,0.030039,172.31.36.0-255,1272,225563,17,323077
8992,0.031187,172.217.194.0-255,5738,231301,17,323077
8993,0.031195,172.31.36.0-255,66,231367,17,323077
8994,0.0315,104.244.42.0-255,66,231433,17,323077
8995,0.031507,104.244.42.0-255,66,231499,17,323077
8996,0.031598,104.244.42.0-255,66,231565,17,323077
8997,0.033496,172.217.194.0-255,5738,237303,17,323077
8998,0.033503,172.31.36.0-255,66,237369,17,323077
8999,0.035813,172.217.194.0-255,5738,243107,17,323077
9000,0.03582,172.31.36.0-255,66,243173,17,323077
9001,0.038145,172.217.194.0-255,5738,248911,17,323077
9002,0.038152,172.31.36.0-255,66,248977,17,323077
9003,0.040512,172.217.194.0-255,5738,254715,17,323077
9004,0.040519,172.31.36.0-255,66,254781,17,323077
9005,0.042867,172.217.194.0-255,5738,260519,17,323077
9006,0.042873,172.31.36.0-255,66,260585,17,323077
9007,0.045212,172.217.194.0-255,5738,266323,17,323077
9008,0.045219,172.31.36.0-255,66,266389,17,323077
9009,0.047544,172.217.194.0-255,5738,272127,17,323077
9010,0.047552,172.31.36.0-255,66,272193,17,323077
9011,0.049891,172.217.194.0-255,5738,277931,17,323077
9012,0.049898,172.31.36.0-255,66,277997,17,323077
9013,0.052237,172.217.194.0-255,5738,283735,17,323077
9014,0.052242,172.31.36.0-255,66,283801,17,323077
9015,0.054577,172.217.194.0-255,5738,289539,17,323077
9016,0.054586,172.31.36.0-255,66,289605,17,323077
9017,0.056958,172.217.194.0-255,5738,295343,17,323077
9018,0.056967,172.31.36.0-255,66,295409,17,323077
9019,0.059308,172.217.194.0-255,4320,299729,17,323077
9020,0.059315,172.31.36.0-255,66,299795,17,323077
9021,0.059333,172.217.194.0-255,1484,301279,17,323077
9022,0.061648,172.217.194.0-255,4320,305599,17,323077
9023,0.061655,172.31.36.0-255,66,305665,17,323077
9024,0.063993,172.217.194.0-255,5738,311403,17,323077
9025,0.064046,172.31.36.0-255,66,311469,17,323077
9026,0.066381,172.217.194.0-255,5738,317207,17,323077
9027,0.066388,172.31.36.0-255,66,317273,17,323077
9028,0.068743,172.217.194.0-255,5738,323011,17,323077
9029,0.06875,172.31.36.0-255,66,323077,17,323077
9030,0.0,172.217.194.0-255,153,153,17,226868
9031,2.2e-05,172.31.36.0-255,66,219,17,226868
9032,2.9e-05,172.217.194.0-255,1484,1703,17,226868
9033,3.4e-05,172.31.36.0-255,66,1769,17,226868
9034,3.9e-05,172.217.194.0-255,2902,4671,17,226868
9035,4.3e-05,172.31.36.0-255,66,4737,17,226868
9036,5.1e-05,172.217.194.0-255,7156,11893,17,226868
9037,5.4e-05,172.31.36.0-255,66,11959,17,226868
9038,5.8e-05,172.217.194.0-255,2064,14023,17,226868
9039,6.1e-05,172.31.36.0-255,66,14089,17,226868
9040,7.5e-05,172.31.36.0-255,66,14155,17,226868
9041,0.00011,172.217.194.0-255,7156,21311,17,226868
9042,0.000113,172.31.36.0-255,66,21377,17,226868
9043,0.000145,172.31.36.0-255,66,21443,17,226868
9044,0.000151,172.217.194.0-255,5020,26463,17,226868
9045,0.000154,172.31.36.0-255,66,26529,17,226868
9046,0.000201,172.217.194.0-255,1484,28013,17,226868
9047,0.000204,172.31.36.0-255,66,28079,17,226868
9048,0.000209,172.217.194.0-255,2902,30981,17,226868
9049,0.000211,172.31.36.0-255,66,31047,17,226868
9050,0.000218,172.217.194.0-255,5738,36785,17,226868
9051,0.00022,172.31.36.0-255,66,36851,17,226868
9052,0.000223,172.217.194.0-255,1484,38335,17,226868
9053,0.000225,172.31.36.0-255,66,38401,17,226868
9054,0.000245,172.217.194.0-255,4320,42721,17,226868
9055,0.000247,172.31.36.0-255,66,42787,17,226868
9056,0.000277,172.217.194.0-255,1433,44220,17,226868
9057,0.00028,172.31.36.0-255,66,44286,17,226868
9058,0.000321,172.217.194.0-255,378,44664,17,226868
9059,0.000324,172.31.36.0-255,66,44730,17,226868
9060,0.000473,172.217.194.0-255,1484,46214,17,226868
9061,0.000489,172.217.194.0-255,2902,49116,17,226868
9062,0.000493,172.31.36.0-255,66,49182,17,226868
9063,0.0005,172.217.194.0-255,5738,54920,17,226868
9064,0.000502,172.31.36.0-255,66,54986,17,226868
9065,0.000538,172.217.194.0-255,2902,57888,17,226868
9066,0.00054,172.31.36.0-255,66,57954,17,226868
9067,0.000555,172.217.194.0-255,3412,61366,17,226868
9068,0.000558,172.31.36.0-255,66,61432,17,226868
9069,0.000776,172.217.194.0-255,1484,62916,17,226868
9070,0.000781,172.217.194.0-255,1484,64400,17,226868
9071,0.000784,172.31.36.0-255,66,64466,17,226868
9072,0.000806,172.217.194.0-255,1484,65950,17,226868
9073,0.000814,172.217.194.0-255,5738,71688,17,226868
9074,0.000816,172.31.36.0-255,66,71754,17,226868
9075,0.000831,172.31.36.0-255,66,71820,17,226868
9076,0.000869,172.31.36.0-255,66,71886,17,226868
9077,0.000897,172.217.194.0-255,1484,73370,17,226868
9078,0.000902,172.217.194.0-255,2902,76272,17,226868
9079,0.000906,172.31.36.0-255,66,76338,17,226868
9080,0.000916,172.217.194.0-255,2902,79240,17,226868
9081,0.000918,172.31.36.0-255,66,79306,17,226868
9082,0.000937,172.217.194.0-255,2902,82208,17,226868
9083,0.00094,172.31.36.0-255,66,82274,17,226868
9084,0.000953,172.31.36.0-255,66,82340,17,226868
9085,0.000971,172.217.194.0-255,2902,85242,17,226868
9086,0.000974,172.31.36.0-255,66,85308,17,226868
9087,0.000998,172.217.194.0-255,4320,89628,17,226868
9088,0.001001,172.31.36.0-255,66,89694,17,226868
9089,0.001034,172.31.36.0-255,66,89760,17,226868
9090,0.001048,172.31.36.0-255,66,89826,17,226868
9091,0.001052,172.217.194.0-255,2902,92728,17,226868
9092,0.001054,172.31.36.0-255,66,92794,17,226868
9093,0.001094,172.31.36.0-255,66,92860,17,226868
9094,0.001099,172.217.194.0-255,4320,97180,17,226868
9095,0.001101,172.31.36.0-255,66,97246,17,226868
9096,0.001125,172.31.36.0-255,66,97312,17,226868
9097,0.001161,172.31.36.0-255,66,97378,17,226868
9098,0.001182,172.217.194.0-255,4320,101698,17,226868
9099,0.001184,172.31.36.0-255,66,101764,17,226868
9100,0.001189,172.217.194.0-255,3602,105366,17,226868
9101,0.001192,172.31.36.0-255,66,105432,17,226868
9102,0.001244,172.217.194.0-255,1484,106916,17,226868
9103,0.001248,172.217.194.0-255,2902,109818,17,226868
9104,0.001254,172.217.194.0-255,5738,115556,17,226868
9105,0.001259,172.31.36.0-255,66,115622,17,226868
9106,0.001267,172.31.36.0-255,66,115688,17,226868
9107,0.00127,172.217.194.0-255,1484,117172,17,226868
9108,0.001348,172.31.36.0-255,66,117238,17,226868
9109,0.001643,172.217.194.0-255,1484,118722,17,226868
9110,0.001649,172.217.194.0-255,2902,121624,17,226868
9111,0.001654,172.217.194.0-255,5738,127362,17,226868
9112,0.001699,172.217.194.0-255,4320,131682,17,226868
9113,0.001717,172.217.194.0-255,2543,134225,17,226868
9114,0.001779,172.217.194.0-255,1484,135709,17,226868
9115,0.001793,172.217.194.0-255,2902,138611,17,226868
9116,0.001809,172.217.194.0-255,5738,144349,17,226868
9117,0.001825,172.217.194.0-255,4320,148669,17,226868
9118,0.001877,172.217.194.0-255,5738,154407,17,226868
9119,0.001891,172.217.194.0-255,5738,160145,17,226868
9120,0.001909,172.217.194.0-255,5379,165524,17,226868
9121,0.001923,172.217.194.0-255,1484,167008,17,226868
9122,0.001938,172.217.194.0-255,4320,171328,17,226868
9123,0.00196,172.217.194.0-255,2902,174230,17,226868
9124,0.002258,172.217.194.0-255,1484,175714,17,226868
9125,0.002265,172.217.194.0-255,2902,178616,17,226868
9126,0.002272,172.217.194.0-255,5738,184354,17,226868
9127,0.002304,172.217.194.0-255,4320,188674,17,226868
9128,0.00232,172.217.194.0-255,7156,195830,17,226868
9129,0.00234,172.217.194.0-255,1484,197314,17,226868
9130,0.002368,172.217.194.0-255,1484,198798,17,226868
9131,0.002371,172.217.194.0-255,2902,201700,17,226868
9132,0.002374,172.217.194.0-255,1484,203184,17,226868
9133,0.002399,172.217.194.0-255,4320,207504,17,226868
9134,0.002404,172.217.194.0-255,4320,211824,17,226868
9135,0.002468,172.217.194.0-255,7156,218980,17,226868
9136,0.002485,172.217.194.0-255,2902,221882,17,226868
9137,0.005672,172.31.36.0-255,66,221948,17,226868
9138,0.005678,172.31.36.0-255,66,222014,17,226868
9139,0.005712,172.31.36.0-255,66,222080,17,226868
9140,0.008221,172.217.194.0-255,105,222185,17,226868
9141,0.008591,172.31.36.0-255,66,222251,17,226868
9142,0.008628,172.31.36.0-255,105,222356,17,226868
9143,0.011119,172.217.194.0-255,66,222422,17,226868
9144,0.033673,172.31.36.0-255,172,222594,17,226868
9145,0.033708,172.31.36.0-255,1118,223712,17,226868
9146,0.033767,172.31.36.0-255,1514,225226,17,226868
9147,0.033769,172.31.36.0-255,1270,226496,17,226868
9148,0.035229,104.244.42.0-255,66,226562,17,226868
9149,0.03526,104.244.42.0-255,66,226628,17,226868
9150,0.035303,104.244.42.0-255,66,226694,17,226868
9151,0.036224,104.244.42.0-255,108,226802,17,226868
9152,0.036234,172.31.36.0-255,66,226868,17,226868
9153,0.0,74.125.68.0-255,153,153,17,355979
9154,2e-05,172.31.36.0-255,66,219,17,355979
9155,2.7e-05,74.125.68.0-255,1484,1703,17,355979
9156,3.2e-05,172.31.36.0-255,66,1769,17,355979
9157,4.5e-05,74.125.68.0-255,2902,4671,17,355979
9158,4.9e-05,172.31.36.0-255,66,4737,17,355979
9159,5.7e-05,74.125.68.0-255,5738,10475,17,355979
9160,6e-05,172.31.36.0-255,66,10541,17,355979
9161,8.8e-05,74.125.68.0-255,4838,15379,17,355979
9162,9.1e-05,172.31.36.0-255,66,15445,17,355979
9163,9.7e-05,74.125.68.0-255,4320,19765,17,355979
9164,9.9e-05,172.31.36.0-255,66,19831,17,355979
9165,0.000123,74.125.68.0-255,1484,21315,17,355979
9166,0.000125,172.31.36.0-255,66,21381,17,355979
9167,0.000157,172.31.36.0-255,66,21447,17,355979
9168,0.00016,74.125.68.0-255,1125,22572,17,355979
9169,0.000162,172.31.36.0-255,66,22638,17,355979
9170,0.000523,74.125.68.0-255,1484,24122,17,355979
9171,0.000528,74.125.68.0-255,1484,25606,17,355979
9172,0.000535,172.31.36.0-255,66,25672,17,355979
9173,0.000543,172.31.36.0-255,66,25738,17,355979
9174,0.000547,74.125.68.0-255,1484,27222,17,355979
9175,0.000554,172.31.36.0-255,66,27288,17,355979
9176,0.000561,74.125.68.0-255,4320,31608,17,355979
9177,0.000564,172.31.36.0-255,66,31674,17,355979
9178,0.000573,74.125.68.0-255,1484,33158,17,355979
9179,0.000575,172.31.36.0-255,66,33224,17,355979
9180,0.000605,74.125.68.0-255,6797,40021,17,355979
9181,0.000607,172.31.36.0-255,66,40087,17,355979
9182,0.000843,74.125.68.0-255,1484,41571,17,355979
9183,0.000848,172.31.36.0-255,66,41637,17,355979
9184,0.000853,74.125.68.0-255,2902,44539,17,355979
9185,0.000856,172.31.36.0-255,66,44605,17,355979
9186,0.00087,74.125.68.0-255,1484,46089,17,355979
9187,0.000894,74.125.68.0-255,2902,48991,17,355979
9188,0.000896,172.31.36.0-255,66,49057,17,355979
9189,0.000903,74.125.68.0-255,5738,54795,17,355979
9190,0.000905,172.31.36.0-255,66,54861,17,355979
9191,0.000938,74.125.68.0-255,2543,57404,17,355979
9192,0.000941,172.31.36.0-255,66,57470,17,355979
9193,0.000945,74.125.68.0-255,1484,58954,17,355979
9194,0.000963,74.125.68.0-255,1484,60438,17,355979
9195,0.000966,172.31.36.0-255,66,60504,17,355979
9196,0.000973,74.125.68.0-255,7156,67660,17,355979
9197,0.000976,172.31.36.0-255,66,67726,17,355979
9198,0.00098,74.125.68.0-255,2902,70628,17,355979
9199,0.000982,172.31.36.0-255,66,70694,17,355979
9200,0.001054,74.125.68.0-255,4542,75236,17,355979
9201,0.00106,172.31.36.0-255,66,75302,17,355979
9202,0.001118,74.125.68.0-255,1484,76786,17,355979
9203,0.001124,74.125.68.0-255,2902,79688,17,355979
9204,0.001127,172.31.36.0-255,66,79754,17,355979
9205,0.001132,74.125.68.0-255,2902,82656,17,355979
9206,0.001134,172.31.36.0-255,66,82722,17,355979
9207,0.001137,74.125.68.0-255,1484,84206,17,355979
9208,0.001155,74.125.68.0-255,2902,87108,17,355979
9209,0.001158,172.31.36.0-255,66,87174,17,355979
9210,0.001172,172.31.36.0-255,66,87240,17,355979
9211,0.001202,74.125.68.0-255,1484,88724,17,355979
9212,0.001225,74.125.68.0-255,1484,90208,17,355979
9213,0.001228,172.31.36.0-255,66,90274,17,355979
9214,0.001233,74.125.68.0-255,4320,94594,17,355979
9215,0.001235,172.31.36.0-255,66,94660,17,355979
9216,0.001243,74.125.68.0-255,5874,100534,17,355979
9217,0.001245,172.31.36.0-255,66,100600,17,355979
9218,0.001398,74.125.68.0-255,1484,102084,17,355979
9219,0.001403,74.125.68.0-255,2902,104986,17,355979
9220,0.001416,172.31.36.0-255,66,105052,17,355979
9221,0.001423,74.125.68.0-255,4320,109372,17,355979
9222,0.001425,172.31.36.0-255,66,109438,17,355979
9223,0.001451,74.125.68.0-255,1484,110922,17,355979
9224,0.001455,74.125.68.0-255,2902,113824,17,355979
9225,0.001458,172.31.36.0-255,66,113890,17,355979
9226,0.001463,74.125.68.0-255,4320,118210,17,355979
9227,0.001465,172.31.36.0-255,66,118276,17,355979
9228,0.00147,74.125.68.0-255,2902,121178,17,355979
9229,0.001472,172.31.36.0-255,66,121244,17,355979
9230,0.001496,74.125.68.0-255,5738,126982,17,355979
9231,0.001499,172.31.36.0-255,66,127048,17,355979
9232,0.001502,74.125.68.0-255,1484,128532,17,355979
9233,0.001506,74.125.68.0-255,2902,131434,17,355979
9234,0.001508,172.31.36.0-255,66,131500,17,355979
9235,0.001551,74.125.68.0-255,3602,135102,17,355979
9236,0.001556,172.31.36.0-255,66,135168,17,355979
9237,0.001875,74.125.68.0-255,1484,136652,17,355979
9238,0.001891,74.125.68.0-255,2902,139554,17,355979
9239,0.001895,172.31.36.0-255,66,139620,17,355979
9240,0.001934,74.125.68.0-255,5738,145358,17,355979
9241,0.001937,172.31.36.0-255,66,145424,17,355979
9242,0.001942,74.125.68.0-255,2902,148326,17,355979
9243,0.001944,172.31.36.0-255,66,148392,17,355979
9244,0.001953,74.125.68.0-255,4320,152712,17,355979
9245,0.001955,172.31.36.0-255,66,152778,17,355979
9246,0.001966,172.31.36.0-255,66,152844,17,355979
9247,0.001973,74.125.68.0-255,5738,158582,17,355979
9248,0.001975,172.31.36.0-255,66,158648,17,355979
9249,0.002026,74.125.68.0-255,2184,160832,17,355979
9250,0.002029,172.31.36.0-255,66,160898,17,355979
9251,0.002156,74.125.68.0-255,1484,162382,17,355979
9252,0.002175,74.125.68.0-255,2902,165284,17,355979
9253,0.002179,172.31.36.0-255,66,165350,17,355979
9254,0.002184,74.125.68.0-255,2902,168252,17,355979
9255,0.002186,172.31.36.0-255,66,168318,17,355979
9256,0.002216,74.125.68.0-255,2902,171220,17,355979
9257,0.002221,74.125.68.0-255,4320,175540,17,355979
9258,0.002226,172.31.36.0-255,66,175606,17,355979
9259,0.002229,172.31.36.0-255,66,175672,17,355979
9260,0.002258,74.125.68.0-255,7156,182828,17,355979
9261,0.00226,172.31.36.0-255,66,182894,17,355979
9262,0.002265,74.125.68.0-255,2902,185796,17,355979
9263,0.002267,172.31.36.0-255,66,185862,17,355979
9264,0.002319,172.31.36.0-255,66,185928,17,355979
9265,0.004554,74.125.68.0-255,5738,191666,17,355979
9266,0.004561,172.31.36.0-255,66,191732,17,355979
9267,0.006802,74.125.68.0-255,4320,196052,17,355979
9268,0.006805,172.31.36.0-255,66,196118,17,355979
9269,0.006828,74.125.68.0-255,1484,197602,17,355979
9270,0.009049,74.125.68.0-255,4320,201922,17,355979
9271,0.009056,172.31.36.0-255,66,201988,17,355979
9272,0.011306,74.125.68.0-255,5738,207726,17,355979
9273,0.011315,172.31.36.0-255,66,207792,17,355979
9274,0.013554,74.125.68.0-255,5738,213530,17,355979
9275,0.013563,172.31.36.0-255,66,213596,17,355979
9276,0.015812,74.125.68.0-255,5738,219334,17,355979
9277,0.01582,172.31.36.0-255,66,219400,17,355979
9278,0.018071,74.125.68.0-255,5738,225138,17,355979
9279,0.018081,172.31.36.0-255,66,225204,17,355979
9280,0.02032,74.125.68.0-255,4320,229524,17,355979
9281,0.020329,172.31.36.0-255,66,229590,17,355979
9282,0.02036,74.125.68.0-255,1484,231074,17,355979
9283,0.022561,74.125.68.0-255,4320,235394,17,355979
9284,0.022569,172.31.36.0-255,66,235460,17,355979
9285,0.024801,74.125.68.0-255,5738,241198,17,355979
9286,0.024808,172.31.36.0-255,66,241264,17,355979
9287,0.027089,74.125.68.0-255,5738,247002,17,355979
9288,0.027098,172.31.36.0-255,66,247068,17,355979
9289,0.029343,74.125.68.0-255,5738,252806,17,355979
9290,0.029352,172.31.36.0-255,66,252872,17,355979
9291,0.031631,74.125.68.0-255,5738,258610,17,355979
9292,0.031639,172.31.36.0-255,66,258676,17,355979
9293,0.03387,74.125.68.0-255,5738,264414,17,355979
9294,0.033877,172.31.36.0-255,66,264480,17,355979
9295,0.034768,172.31.36.0-255,172,264652,17,355979
9296,0.0348,172.31.36.0-255,1116,265768,17,355979
9297,0.034867,172.31.36.0-255,1514,267282,17,355979
9298,0.034868,172.31.36.0-255,1272,268554,17,355979
9299,0.036105,74.125.68.0-255,5738,274292,17,355979
9300,0.036112,172.31.36.0-255,66,274358,17,355979
9301,0.036296,104.244.42.0-255,66,274424,17,355979
9302,0.036349,104.244.42.0-255,66,274490,17,355979
9303,0.03645,104.244.42.0-255,66,274556,17,355979
9304,0.038451,74.125.68.0-255,5738,280294,17,355979
9305,0.038458,172.31.36.0-255,66,280360,17,355979
9306,0.04071,74.125.68.0-255,5738,286098,17,355979
9307,0.040717,172.31.36.0-255,66,286164,17,355979
9308,0.04296,74.125.68.0-255,5738,291902,17,355979
9309,0.042968,172.31.36.0-255,66,291968,17,355979
9310,0.045211,74.125.68.0-255,5738,297706,17,355979
9311,0.045217,172.31.36.0-255,66,297772,17,355979
9312,0.047451,74.125.68.0-255,5738,303510,17,355979
9313,0.047458,172.31.36.0-255,66,303576,17,355979
9314,0.049704,74.125.68.0-255,5738,309314,17,355979
9315,0.04971,172.31.36.0-255,66,309380,17,355979
9316,0.051965,74.125.68.0-255,5738,315118,17,355979
9317,0.051971,172.31.36.0-255,66,315184,17,355979
9318,0.052061,172.31.36.0-255,101,315285,17,355979
9319,0.054229,74.125.68.0-255,5738,321023,17,355979
9320,0.054234,172.31.36.0-255,66,321089,17,355979
9321,0.054264,74.125.68.0-255,66,321155,17,355979
9322,0.056475,74.125.68.0-255,5738,326893,17,355979
9323,0.056482,172.31.36.0-255,66,326959,17,355979
9324,0.058733,74.125.68.0-255,5738,332697,17,355979
9325,0.058747,172.31.36.0-255,66,332763,17,355979
9326,0.060997,74.125.68.0-255,5738,338501,17,355979
9327,0.061007,172.31.36.0-255,66,338567,17,355979
9328,0.063249,74.125.68.0-255,5738,344305,17,355979
9329,0.063255,172.31.36.0-255,66,344371,17,355979
9330,0.06551,74.125.68.0-255,5738,350109,17,355979
9331,0.065517,172.31.36.0-255,66,350175,17,355979
9332,0.067756,74.125.68.0-255,5738,355913,17,355979
9333,0.067763,172.31.36.0-255,66,355979,17,355979
9334,0.0,172.217.24.0-255,150,150,17,338655
9335,3.5e-05,172.31.36.0-255,66,216,17,338655
9336,4.1e-05,172.217.24.0-255,1484,1700,17,338655
9337,4.6e-05,172.31.36.0-255,66,1766,17,338655
9338,4.9e-05,172.217.24.0-255,1484,3250,17,338655
9339,5.1e-05,172.31.36.0-255,66,3316,17,338655
9340,5.7e-05,172.217.24.0-255,2902,6218,17,338655
9341,6e-05,172.31.36.0-255,66,6284,17,338655
9342,6.5e-05,172.217.24.0-255,5738,12022,17,338655
9343,6.8e-05,172.31.36.0-255,66,12088,17,338655
9344,7.2e-05,172.217.24.0-255,2014,14102,17,338655
9345,7.5e-05,172.31.36.0-255,66,14168,17,338655
9346,0.0001,172.217.24.0-255,2902,17070,17,338655
9347,0.000104,172.31.36.0-255,66,17136,17,338655
9348,0.000129,172.217.24.0-255,7156,24292,17,338655
9349,0.000132,172.31.36.0-255,66,24358,17,338655
9350,0.000138,172.217.24.0-255,5738,30096,17,338655
9351,0.00014,172.31.36.0-255,66,30162,17,338655
9352,0.000174,172.217.24.0-255,1125,31287,17,338655
9353,0.000177,172.31.36.0-255,66,31353,17,338655
9354,0.00019,172.217.24.0-255,1484,32837,17,338655
9355,0.000192,172.31.36.0-255,66,32903,17,338655
9356,0.000195,172.217.24.0-255,1484,34387,17,338655
9357,0.000198,172.31.36.0-255,66,34453,17,338655
9358,0.000214,172.217.24.0-255,2902,37355,17,338655
9359,0.000217,172.31.36.0-255,66,37421,17,338655
9360,0.000225,172.217.24.0-255,5738,43159,17,338655
9361,0.000227,172.31.36.0-255,66,43225,17,338655
9362,0.000249,172.217.24.0-255,4320,47545,17,338655
9363,0.000252,172.31.36.0-255,66,47611,17,338655
9364,0.000255,172.217.24.0-255,1125,48736,17,338655
9365,0.000257,172.31.36.0-255,66,48802,17,338655
9366,0.000351,172.217.24.0-255,1484,50286,17,338655
9367,0.000358,172.217.24.0-255,2902,53188,17,338655
9368,0.000361,172.31.36.0-255,66,53254,17,338655
9369,0.000366,172.217.24.0-255,2902,56156,17,338655
9370,0.000368,172.31.36.0-255,66,56222,17,338655
9371,0.000385,172.217.24.0-255,2902,59124,17,338655
9372,0.000389,172.31.36.0-255,66,59190,17,338655
9373,0.000396,172.217.24.0-255,6797,65987,17,338655
9374,0.000398,172.31.36.0-255,66,66053,17,338655
9375,0.000423,172.217.24.0-255,358,66411,17,338655
9376,0.000851,172.31.36.0-255,66,66477,17,338655
9377,0.001116,172.217.24.0-255,135,66612,17,338655
9378,0.001292,172.217.24.0-255,1484,68096,17,338655
9379,0.001298,172.31.36.0-255,66,68162,17,338655
9380,0.001305,172.217.24.0-255,2902,71064,17,338655
9381,0.001307,172.31.36.0-255,66,71130,17,338655
9382,0.00131,172.217.24.0-255,1484,72614,17,338655
9383,0.001337,172.217.24.0-255,4320,76934,17,338655
9384,0.001339,172.31.36.0-255,66,77000,17,338655
9385,0.001347,172.217.24.0-255,6797,83797,17,338655
9386,0.001349,172.31.36.0-255,66,83863,17,338655
9387,0.001357,172.217.24.0-255,7156,91019,17,338655
9388,0.001359,172.31.36.0-255,66,91085,17,338655
9389,0.001395,172.31.36.0-255,66,91151,17,338655
9390,0.00178,172.217.24.0-255,1484,92635,17,338655
9391,0.001787,172.217.24.0-255,2902,95537,17,338655
9392,0.001791,172.31.36.0-255,66,95603,17,338655
9393,0.001796,172.217.24.0-255,2902,98505,17,338655
9394,0.001798,172.31.36.0-255,66,98571,17,338655
9395,0.001811,172.217.24.0-255,2902,101473,17,338655
9396,0.001812,172.31.36.0-255,66,101539,17,338655
9397,0.001815,172.217.24.0-255,1484,103023,17,338655
9398,0.001833,172.217.24.0-255,7156,110179,17,338655
9399,0.001835,172.31.36.0-255,66,110245,17,338655
9400,0.001859,172.217.24.0-255,4320,114565,17,338655
9401,0.001861,172.31.36.0-255,66,114631,17,338655
9402,0.001867,172.217.24.0-255,7156,121787,17,338655
9403,0.001869,172.31.36.0-255,66,121853,17,338655
9404,0.001913,172.217.24.0-255,3602,125455,17,338655
9405,0.001915,172.31.36.0-255,66,125521,17,338655
9406,0.001933,172.217.24.0-255,2902,128423,17,338655
9407,0.001936,172.31.36.0-255,66,128489,17,338655
9408,0.001956,172.217.24.0-255,4320,132809,17,338655
9409,0.001959,172.31.36.0-255,66,132875,17,338655
9410,0.001983,172.217.24.0-255,7156,140031,17,338655
9411,0.001986,172.31.36.0-255,66,140097,17,338655
9412,0.003914,172.217.24.0-255,5738,145835,17,338655
9413,0.003922,172.31.36.0-255,66,145901,17,338655
9414,0.005849,172.217.24.0-255,5738,151639,17,338655
9415,0.005854,172.31.36.0-255,66,151705,17,338655
9416,0.007802,172.217.24.0-255,5738,157443,17,338655
9417,0.007809,172.31.36.0-255,66,157509,17,338655
9418,0.009751,172.217.24.0-255,5738,163247,17,338655
9419,0.009757,172.31.36.0-255,66,163313,17,338655
9420,0.011709,172.217.24.0-255,5738,169051,17,338655
9421,0.011716,172.31.36.0-255,66,169117,17,338655
9422,0.013656,172.217.24.0-255,5738,174855,17,338655
9423,0.013664,172.31.36.0-255,66,174921,17,338655
9424,0.015604,172.217.24.0-255,5738,180659,17,338655
9425,0.015612,172.31.36.0-255,66,180725,17,338655
9426,0.017559,172.217.24.0-255,5738,186463,17,338655
9427,0.017568,172.31.36.0-255,66,186529,17,338655
9428,0.019511,172.217.24.0-255,5738,192267,17,338655
9429,0.019524,172.31.36.0-255,66,192333,17,338655
9430,0.021485,172.217.24.0-255,5738,198071,17,338655
9431,0.021498,172.31.36.0-255,66,198137,17,338655
9432,0.023448,172.217.24.0-255,5738,203875,17,338655
9433,0.023461,172.31.36.0-255,66,203941,17,338655
9434,0.025391,172.217.24.0-255,4320,208261,17,338655
9435,0.0254,172.31.36.0-255,66,208327,17,338655
9436,0.025422,172.217.24.0-255,1484,209811,17,338655
9437,0.02733,172.217.24.0-255,4320,214131,17,338655
9438,0.027337,172.31.36.0-255,66,214197,17,338655
9439,0.029269,172.217.24.0-255,5738,219935,17,338655
9440,0.029275,172.31.36.0-255,66,220001,17,338655
9441,0.029955,172.31.36.0-255,188,220189,17,338655
9442,0.029997,172.31.36.0-255,961,221150,17,338655
9443,0.030073,172.31.36.0-255,1514,222664,17,338655
9444,0.030075,172.31.36.0-255,1427,224091,17,338655
9445,0.031205,172.217.24.0-255,5738,229829,17,338655
9446,0.03121,172.31.36.0-255,66,229895,17,338655
9447,0.031524,104.244.42.0-255,66,229961,17,338655
9448,0.031565,104.244.42.0-255,66,230027,17,338655
9449,0.031632,104.244.42.0-255,66,230093,17,338655
9450,0.033133,172.217.24.0-255,1484,231577,17,338655
9451,0.033162,172.217.24.0-255,4320,235897,17,338655
9452,0.033167,172.31.36.0-255,66,235963,17,338655
9453,0.035097,172.217.24.0-255,2902,238865,17,338655
9454,0.035102,172.31.36.0-255,66,238931,17,338655
9455,0.035146,172.217.24.0-255,2902,241833,17,338655
9456,0.035149,172.31.36.0-255,66,241899,17,338655
9457,0.037033,172.217.24.0-255,2902,244801,17,338655
9458,0.037039,172.31.36.0-255,66,244867,17,338655
9459,0.037069,172.217.24.0-255,2902,247769,17,338655
9460,0.037072,172.31.36.0-255,66,247835,17,338655
9461,0.038966,172.217.24.0-255,2902,250737,17,338655
9462,0.038971,172.31.36.0-255,66,250803,17,338655
9463,0.039002,172.217.24.0-255,2902,253705,17,338655
9464,0.039004,172.31.36.0-255,66,253771,17,338655
9465,0.040895,172.217.24.0-255,2902,256673,17,338655
9466,0.0409,172.31.36.0-255,66,256739,17,338655
9467,0.04096,172.217.24.0-255,1484,258223,17,338655
9468,0.040975,172.217.24.0-255,1484,259707,17,338655
9469,0.04098,172.31.36.0-255,66,259773,17,338655
9470,0.042827,172.217.24.0-255,2902,262675,17,338655
9471,0.042833,172.31.36.0-255,66,262741,17,338655
9472,0.042904,172.217.24.0-255,2902,265643,17,338655
9473,0.04291,172.31.36.0-255,66,265709,17,338655
9474,0.044756,172.217.24.0-255,2902,268611,17,338655
9475,0.044761,172.31.36.0-255,66,268677,17,338655
9476,0.044827,172.217.24.0-255,2902,271579,17,338655
9477,0.044832,172.31.36.0-255,66,271645,17,338655
9478,0.046687,172.217.24.0-255,1484,273129,17,338655
9479,0.046752,172.217.24.0-255,2902,276031,17,338655
9480,0.046757,172.31.36.0-255,66,276097,17,338655
9481,0.046772,172.217.24.0-255,1484,277581,17,338655
9482,0.048686,172.217.24.0-255,4320,281901,17,338655
9483,0.048692,172.31.36.0-255,66,281967,17,338655
9484,0.050629,172.217.24.0-255,4320,286287,17,338655
9485,0.050635,172.31.36.0-255,66,286353,17,338655
9486,0.05066,172.217.24.0-255,1484,287837,17,338655
9487,0.052562,172.217.24.0-255,4320,292157,17,338655
9488,0.052569,172.31.36.0-255,66,292223,17,338655
9489,0.054504,172.217.24.0-255,5738,297961,17,338655
9490,0.05451,172.31.36.0-255,66,298027,17,338655
9491,0.05646,172.217.24.0-255,5738,303765,17,338655
9492,0.056465,172.31.36.0-255,66,303831,17,338655
9493,0.058387,172.217.24.0-255,5738,309569,17,338655
9494,0.058391,172.31.36.0-255,66,309635,17,338655
9495,0.060348,172.217.24.0-255,5738,315373,17,338655
9496,0.060353,172.31.36.0-255,66,315439,17,338655
9497,0.062295,172.217.24.0-255,5738,321177,17,338655
9498,0.0623,172.31.36.0-255,66,321243,17,338655
9499,0.064234,172.217.24.0-255,5738,326981,17,338655
9500,0.064239,172.31.36.0-255,66,327047,17,338655
9501,0.066169,172.217.24.0-255,5738,332785,17,338655
9502,0.066175,172.31.36.0-255,66,332851,17,338655
9503,0.068103,172.217.24.0-255,5738,338589,17,338655
9504,0.068109,172.31.36.0-255,66,338655,17,338655
9505,0.0,172.217.194.0-255,147,147,17,200495
9506,2.7e-05,172.31.36.0-255,66,213,17,200495
9507,3.3e-05,172.217.194.0-255,1484,1697,17,200495
9508,3.6e-05,172.31.36.0-255,66,1763,17,200495
9509,4.1e-05,172.217.194.0-255,2902,4665,17,200495
9510,4.6e-05,172.31.36.0-255,66,4731,17,200495
9511,6.1e-05,172.217.194.0-255,7156,11887,17,200495
9512,6.5e-05,172.31.36.0-255,66,11953,17,200495
9513,0.000106,172.217.194.0-255,1484,13437,17,200495
9514,0.000109,172.31.36.0-255,66,13503,17,200495
9515,0.000137,172.217.194.0-255,2058,15561,17,200495
9516,0.00014,172.31.36.0-255,66,15627,17,200495
9517,0.00015,172.217.194.0-255,7156,22783,17,200495
9518,0.000152,172.31.36.0-255,66,22849,17,200495
9519,0.000183,172.217.194.0-255,5738,28587,17,200495
9520,0.000186,172.31.36.0-255,66,28653,17,200495
9521,0.000221,172.217.194.0-255,2543,31196,17,200495
9522,0.000224,172.31.36.0-255,66,31262,17,200495
9523,0.00026,172.31.36.0-255,66,31328,17,200495
9524,0.000285,172.217.194.0-255,2543,33871,17,200495
9525,0.000288,172.31.36.0-255,66,33937,17,200495
9526,0.000376,172.217.194.0-255,2902,36839,17,200495
9527,0.00038,172.31.36.0-255,66,36905,17,200495
9528,0.000419,172.31.36.0-255,66,36971,17,200495
9529,0.000966,172.217.194.0-255,381,37352,17,200495
9530,0.000972,172.31.36.0-255,66,37418,17,200495
9531,0.001179,172.217.194.0-255,1484,38902,17,200495
9532,0.001185,172.31.36.0-255,66,38968,17,200495
9533,0.001191,172.217.194.0-255,2902,41870,17,200495
9534,0.001194,172.31.36.0-255,66,41936,17,200495
9535,0.001207,172.217.194.0-255,5738,47674,17,200495
9536,0.001246,172.217.194.0-255,2902,50576,17,200495
9537,0.001262,172.217.194.0-255,2902,53478,17,200495
9538,0.001304,172.217.194.0-255,5738,59216,17,200495
9539,0.001325,172.217.194.0-255,7156,66372,17,200495
9540,0.001396,172.217.194.0-255,1484,67856,17,200495
9541,0.001414,172.217.194.0-255,3602,71458,17,200495
9542,0.00144,172.217.194.0-255,2902,74360,17,200495
9543,0.001475,172.217.194.0-255,5738,80098,17,200495
9544,0.001615,172.217.194.0-255,7156,87254,17,200495
9545,0.001635,172.217.194.0-255,6438,93692,17,200495
9546,0.001712,172.217.194.0-255,2902,96594,17,200495
9547,0.001992,172.217.194.0-255,4320,100914,17,200495
9548,0.002293,172.217.194.0-255,1484,102398,17,200495
9549,0.002464,172.31.36.0-255,66,102464,17,200495
9550,0.002574,172.31.36.0-255,66,102530,17,200495
9551,0.002611,172.31.36.0-255,66,102596,17,200495
9552,0.00277,172.31.36.0-255,66,102662,17,200495
9553,0.002841,172.31.36.0-255,66,102728,17,200495
9554,0.00288,172.31.36.0-255,66,102794,17,200495
9555,0.005135,172.217.194.0-255,5738,108532,17,200495
9556,0.00514,172.31.36.0-255,66,108598,17,200495
9557,0.007385,172.217.194.0-255,4320,112918,17,200495
9558,0.00739,172.31.36.0-255,66,112984,17,200495
9559,0.007417,172.217.194.0-255,1484,114468,17,200495
9560,0.009667,172.217.194.0-255,4320,118788,17,200495
9561,0.009679,172.31.36.0-255,66,118854,17,200495
9562,0.011952,172.217.194.0-255,5738,124592,17,200495
9563,0.011996,172.31.36.0-255,66,124658,17,200495
9564,0.01427,172.217.194.0-255,5738,130396,17,200495
9565,0.014281,172.31.36.0-255,66,130462,17,200495
9566,0.016552,172.217.194.0-255,5738,136200,17,200495
9567,0.016564,172.31.36.0-255,66,136266,17,200495
9568,0.01884,172.217.194.0-255,5738,142004,17,200495
9569,0.026478,172.31.36.0-255,66,142070,17,200495
9570,0.027112,172.217.194.0-255,1484,143554,17,200495
9571,0.028745,172.217.194.0-255,4320,147874,17,200495
9572,0.028753,172.31.36.0-255,66,147940,17,200495
9573,0.030284,172.31.36.0-255,176,148116,17,200495
9574,0.03031,172.31.36.0-255,1118,149234,17,200495
9575,0.030364,172.31.36.0-255,1514,150748,17,200495
9576,0.030366,172.31.36.0-255,1272,152020,17,200495
9577,0.031015,172.217.194.0-255,5738,157758,17,200495
9578,0.031057,172.31.36.0-255,66,157824,17,200495
9579,0.031767,104.244.42.0-255,66,157890,17,200495
9580,0.031787,104.244.42.0-255,66,157956,17,200495
9581,0.031874,104.244.42.0-255,66,158022,17,200495
9582,0.033301,172.217.194.0-255,5738,163760,17,200495
9583,0.033307,172.31.36.0-255,66,163826,17,200495
9584,0.035577,172.217.194.0-255,5738,169564,17,200495
9585,0.035583,172.31.36.0-255,66,169630,17,200495
9586,0.03784,172.217.194.0-255,5738,175368,17,200495
9587,0.037845,172.31.36.0-255,66,175434,17,200495
9588,0.040096,172.217.194.0-255,5738,181172,17,200495
9589,0.040101,172.31.36.0-255,66,181238,17,200495
9590,0.042361,172.217.194.0-255,5738,186976,17,200495
9591,0.042367,172.31.36.0-255,66,187042,17,200495
9592,0.044626,172.217.194.0-255,5738,192780,17,200495
9593,0.044631,172.31.36.0-255,66,192846,17,200495
9594,0.046915,172.217.194.0-255,5738,198584,17,200495
9595,0.046921,172.31.36.0-255,66,198650,17,200495
9596,0.04917,172.217.194.0-255,1608,200258,17,200495
9597,0.049175,172.31.36.0-255,66,200324,17,200495
9598,0.049359,172.31.36.0-255,105,200429,17,200495
9599,0.051588,172.217.194.0-255,66,200495,17,200495
9600,0.0,74.125.24.0-255,218,218,17,254908
9601,1.9e-05,172.31.36.0-255,66,284,17,254908
9602,2.7e-05,74.125.24.0-255,1484,1768,17,254908
9603,3.2e-05,172.31.36.0-255,66,1834,17,254908
9604,3.9e-05,74.125.24.0-255,4320,6154,17,254908
9605,4.1e-05,172.31.36.0-255,66,6220,17,254908
9606,4.8e-05,74.125.24.0-255,7156,13376,17,254908
9607,5.2e-05,172.31.36.0-255,66,13442,17,254908
9608,5.5e-05,74.125.24.0-255,437,13879,17,254908
9609,5.8e-05,172.31.36.0-255,66,13945,17,254908
9610,0.000519,74.125.24.0-255,1484,15429,17,254908
9611,0.000526,172.31.36.0-255,66,15495,17,254908
9612,0.000534,74.125.24.0-255,2902,18397,17,254908
9613,0.000536,172.31.36.0-255,66,18463,17,254908
9614,0.000543,74.125.24.0-255,5738,24201,17,254908
9615,0.000545,172.31.36.0-255,66,24267,17,254908
9616,0.000561,74.125.24.0-255,1484,25751,17,254908
9617,0.000563,172.31.36.0-255,66,25817,17,254908
9618,0.000605,172.31.36.0-255,66,25883,17,254908
9619,0.000611,74.125.24.0-255,5738,31621,17,254908
9620,0.000613,172.31.36.0-255,66,31687,17,254908
9621,0.000652,74.125.24.0-255,2902,34589,17,254908
9622,0.000655,172.31.36.0-255,66,34655,17,254908
9623,0.000675,172.31.36.0-255,66,34721,17,254908
9624,0.000697,172.31.36.0-255,66,34787,17,254908
9625,0.0007,74.125.24.0-255,443,35230,17,254908
9626,0.000702,172.31.36.0-255,66,35296,17,254908
9627,0.000868,74.125.24.0-255,1484,36780,17,254908
9628,0.000873,172.31.36.0-255,66,36846,17,254908
9629,0.000879,74.125.24.0-255,2902,39748,17,254908
9630,0.000881,172.31.36.0-255,66,39814,17,254908
9631,0.000888,74.125.24.0-255,5738,45552,17,254908
9632,0.000891,172.31.36.0-255,66,45618,17,254908
9633,0.000894,74.125.24.0-255,1484,47102,17,254908
9634,0.000931,172.31.36.0-255,66,47168,17,254908
9635,0.000958,74.125.24.0-255,4320,51488,17,254908
9636,0.000961,172.31.36.0-255,66,51554,17,254908
9637,0.000994,172.31.36.0-255,66,51620,17,254908
9638,0.001212,74.125.24.0-255,1484,53104,17,254908
9639,0.001218,74.125.24.0-255,1484,54588,17,254908
9640,0.001222,172.31.36.0-255,66,54654,17,254908
9641,0.001243,74.125.24.0-255,1484,56138,17,254908
9642,0.001251,74.125.24.0-255,5738,61876,17,254908
9643,0.001254,172.31.36.0-255,66,61942,17,254908
9644,0.001262,74.125.24.0-255,7156,69098,17,254908
9645,0.001265,172.31.36.0-255,66,69164,17,254908
9646,0.001305,74.125.24.0-255,7156,76320,17,254908
9647,0.001308,172.31.36.0-255,66,76386,17,254908
9648,0.001327,74.125.24.0-255,7156,83542,17,254908
9649,0.001329,172.31.36.0-255,66,83608,17,254908
9650,0.001334,74.125.24.0-255,2184,85792,17,254908
9651,0.001336,172.31.36.0-255,66,85858,17,254908
9652,0.001596,74.125.24.0-255,1484,87342,17,254908
9653,0.001602,74.125.24.0-255,1484,88826,17,254908
9654,0.001606,172.31.36.0-255,66,88892,17,254908
9655,0.001621,74.125.24.0-255,1484,90376,17,254908
9656,0.001651,74.125.24.0-255,5738,96114,17,254908
9657,0.001655,172.31.36.0-255,66,96180,17,254908
9658,0.001687,172.31.36.0-255,66,96246,17,254908
9659,0.001705,74.125.24.0-255,1484,97730,17,254908
9660,0.001718,172.31.36.0-255,66,97796,17,254908
9661,0.002008,74.125.24.0-255,1484,99280,17,254908
9662,0.002015,74.125.24.0-255,2902,102182,17,254908
9663,0.00202,172.31.36.0-255,66,102248,17,254908
9664,0.002054,74.125.24.0-255,4320,106568,17,254908
9665,0.002057,172.31.36.0-255,66,106634,17,254908
9666,0.002071,74.125.24.0-255,1484,108118,17,254908
9667,0.002074,74.125.24.0-255,1484,109602,17,254908
9668,0.002076,172.31.36.0-255,66,109668,17,254908
9669,0.002087,172.31.36.0-255,66,109734,17,254908
9670,0.002101,172.31.36.0-255,66,109800,17,254908
9671,0.002104,74.125.24.0-255,1484,111284,17,254908
9672,0.002142,74.125.24.0-255,2902,114186,17,254908
9673,0.002145,172.31.36.0-255,66,114252,17,254908
9674,0.002152,74.125.24.0-255,5738,119990,17,254908
9675,0.002154,172.31.36.0-255,66,120056,17,254908
9676,0.002157,74.125.24.0-255,1484,121540,17,254908
9677,0.002196,172.31.36.0-255,66,121606,17,254908
9678,0.002208,172.31.36.0-255,66,121672,17,254908
9679,0.00221,74.125.24.0-255,766,122438,17,254908
9680,0.002306,74.125.24.0-255,1484,123922,17,254908
9681,0.002311,172.31.36.0-255,66,123988,17,254908
9682,0.002317,74.125.24.0-255,2902,126890,17,254908
9683,0.002319,172.31.36.0-255,66,126956,17,254908
9684,0.002337,74.125.24.0-255,5738,132694,17,254908
9685,0.002341,172.31.36.0-255,66,132760,17,254908
9686,0.002356,74.125.24.0-255,1484,134244,17,254908
9687,0.002383,172.31.36.0-255,66,134310,17,254908
9688,0.002405,74.125.24.0-255,2902,137212,17,254908
9689,0.002408,172.31.36.0-255,66,137278,17,254908
9690,0.002421,172.31.36.0-255,66,137344,17,254908
9691,0.002527,74.125.24.0-255,1484,138828,17,254908
9692,0.002533,74.125.24.0-255,2902,141730,17,254908
9693,0.002537,172.31.36.0-255,66,141796,17,254908
9694,0.002549,74.125.24.0-255,1484,143280,17,254908
9695,0.002566,74.125.24.0-255,4320,147600,17,254908
9696,0.002569,172.31.36.0-255,66,147666,17,254908
9697,0.002592,172.31.36.0-255,66,147732,17,254908
9698,0.002622,74.125.24.0-255,2902,150634,17,254908
9699,0.002624,172.31.36.0-255,66,150700,17,254908
9700,0.002636,172.31.36.0-255,66,150766,17,254908
9701,0.00265,74.125.24.0-255,1484,152250,17,254908
9702,0.002701,74.125.24.0-255,2902,155152,17,254908
9703,0.002703,172.31.36.0-255,66,155218,17,254908
9704,0.002734,172.31.36.0-255,66,155284,17,254908
9705,0.005316,74.125.24.0-255,5738,161022,17,254908
9706,0.005323,172.31.36.0-255,66,161088,17,254908
9707,0.007914,74.125.24.0-255,5738,166826,17,254908
9708,0.007921,172.31.36.0-255,66,166892,17,254908
9709,0.010519,74.125.24.0-255,4320,171212,17,254908
9710,0.010528,172.31.36.0-255,66,171278,17,254908
9711,0.010549,74.125.24.0-255,1484,172762,17,254908
9712,0.013158,74.125.24.0-255,4320,177082,17,254908
9713,0.013169,172.31.36.0-255,66,177148,17,254908
9714,0.015819,74.125.24.0-255,5738,182886,17,254908
9715,0.01583,172.31.36.0-255,66,182952,17,254908
9716,0.018484,74.125.24.0-255,5738,188690,17,254908
9717,0.018492,172.31.36.0-255,66,188756,17,254908
9718,0.021089,74.125.24.0-255,5738,194494,17,254908
9719,0.021096,172.31.36.0-255,66,194560,17,254908
9720,0.023709,74.125.24.0-255,5738,200298,17,254908
9721,0.023716,172.31.36.0-255,66,200364,17,254908
9722,0.026343,74.125.24.0-255,5738,206102,17,254908
9723,0.026353,172.31.36.0-255,66,206168,17,254908
9724,0.028983,74.125.24.0-255,5738,211906,17,254908
9725,0.028995,172.31.36.0-255,66,211972,17,254908
9726,0.031612,74.125.24.0-255,5738,217710,17,254908
9727,0.031621,172.31.36.0-255,66,217776,17,254908
9728,0.033718,172.31.36.0-255,221,217997,17,254908
9729,0.033746,172.31.36.0-255,1118,219115,17,254908
9730,0.033812,172.31.36.0-255,1514,220629,17,254908
9731,0.033813,172.31.36.0-255,1514,222143,17,254908
9732,0.033818,172.31.36.0-255,1514,223657,17,254908
9733,0.033819,172.31.36.0-255,1048,224705,17,254908
9734,0.034242,74.125.24.0-255,5738,230443,17,254908
9735,0.034248,172.31.36.0-255,66,230509,17,254908
9736,0.035279,104.244.42.0-255,66,230575,17,254908
9737,0.035315,104.244.42.0-255,66,230641,17,254908
9738,0.035389,104.244.42.0-255,66,230707,17,254908
9739,0.03541,104.244.42.0-255,66,230773,17,254908
9740,0.036884,74.125.24.0-255,5738,236511,17,254908
9741,0.036889,172.31.36.0-255,66,236577,17,254908
9742,0.039511,74.125.24.0-255,5738,242315,17,254908
9743,0.039518,172.31.36.0-255,66,242381,17,254908
9744,0.04214,74.125.24.0-255,5738,248119,17,254908
9745,0.042147,172.31.36.0-255,66,248185,17,254908
9746,0.044744,74.125.24.0-255,5738,253923,17,254908
9747,0.04475,172.31.36.0-255,66,253989,17,254908
9748,0.047355,74.125.24.0-255,682,254671,17,254908
9749,0.047475,172.31.36.0-255,66,254737,17,254908
9750,0.047509,172.31.36.0-255,105,254842,17,254908
9751,0.050067,74.125.24.0-255,66,254908,17,254908
9752,0.0,172.217.194.0-255,209,209,17,240216
9753,2.2e-05,172.31.36.0-255,66,275,17,240216
9754,2.9e-05,172.217.194.0-255,1484,1759,17,240216
9755,3.3e-05,172.31.36.0-255,66,1825,17,240216
9756,4e-05,172.217.194.0-255,4320,6145,17,240216
9757,4.4e-05,172.31.36.0-255,66,6211,17,240216
9758,7.3e-05,172.217.194.0-255,7156,13367,17,240216
9759,7.6e-05,172.31.36.0-255,66,13433,17,240216
9760,9.4e-05,172.217.194.0-255,462,13895,17,240216
9761,9.7e-05,172.31.36.0-255,66,13961,17,240216
9762,0.000112,172.217.194.0-255,1484,15445,17,240216
9763,0.000114,172.31.36.0-255,66,15511,17,240216
9764,0.000145,172.217.194.0-255,1484,16995,17,240216
9765,0.000147,172.31.36.0-255,66,17061,17,240216
9766,0.00016,172.217.194.0-255,2902,19963,17,240216
9767,0.000163,172.31.36.0-255,66,20029,17,240216
9768,0.000167,172.217.194.0-255,2902,22931,17,240216
9769,0.00017,172.31.36.0-255,66,22997,17,240216
9770,0.00019,172.217.194.0-255,2902,25899,17,240216
9771,0.000193,172.31.36.0-255,66,25965,17,240216
9772,0.000209,172.217.194.0-255,5379,31344,17,240216
9773,0.000212,172.31.36.0-255,66,31410,17,240216
9774,0.000827,172.217.194.0-255,1484,32894,17,240216
9775,0.000833,172.31.36.0-255,66,32960,17,240216
9776,0.000843,172.217.194.0-255,2902,35862,17,240216
9777,0.000845,172.31.36.0-255,66,35928,17,240216
9778,0.000862,172.217.194.0-255,1484,37412,17,240216
9779,0.000864,172.31.36.0-255,66,37478,17,240216
9780,0.000882,172.217.194.0-255,4320,41798,17,240216
9781,0.000884,172.31.36.0-255,66,41864,17,240216
9782,0.000904,172.217.194.0-255,1484,43348,17,240216
9783,0.000906,172.31.36.0-255,66,43414,17,240216
9784,0.000923,172.217.194.0-255,1484,44898,17,240216
9785,0.001562,172.217.194.0-255,360,45258,17,240216
9786,0.001602,172.217.194.0-255,1484,46742,17,240216
9787,0.001606,172.217.194.0-255,1484,48226,17,240216
9788,0.001626,172.217.194.0-255,4320,52546,17,240216
9789,0.001658,172.217.194.0-255,5738,58284,17,240216
9790,0.001676,172.217.194.0-255,4320,62604,17,240216
9791,0.001682,172.217.194.0-255,5738,68342,17,240216
9792,0.001726,172.217.194.0-255,5738,74080,17,240216
9793,0.00174,172.217.194.0-255,4320,78400,17,240216
9794,0.001751,172.217.194.0-255,766,79166,17,240216
9795,0.005825,172.31.36.0-255,66,79232,17,240216
9796,0.008097,172.217.194.0-255,5738,84970,17,240216
9797,0.008105,172.31.36.0-255,66,85036,17,240216
9798,0.010444,172.217.194.0-255,5738,90774,17,240216
9799,0.011034,172.31.36.0-255,66,90840,17,240216
9800,0.013347,172.217.194.0-255,5738,96578,17,240216
9801,0.013357,172.31.36.0-255,66,96644,17,240216
9802,0.015695,172.217.194.0-255,5738,102382,17,240216
9803,0.015704,172.31.36.0-255,66,102448,17,240216
9804,0.018016,172.217.194.0-255,5738,108186,17,240216
9805,0.018021,172.31.36.0-255,66,108252,17,240216
9806,0.020305,172.217.194.0-255,5738,113990,17,240216
9807,0.020314,172.31.36.0-255,66,114056,17,240216
9808,0.02261,172.217.194.0-255,5738,119794,17,240216
9809,0.022618,172.31.36.0-255,66,119860,17,240216
9810,0.024959,172.217.194.0-255,5738,125598,17,240216
9811,0.024966,172.31.36.0-255,66,125664,17,240216
9812,0.026852,172.31.36.0-255,176,125840,17,240216
9813,0.026883,172.31.36.0-255,1117,126957,17,240216
9814,0.026944,172.31.36.0-255,1514,128471,17,240216
9815,0.026946,172.31.36.0-255,1271,129742,17,240216
9816,0.027317,172.217.194.0-255,5738,135480,17,240216
9817,0.027324,172.31.36.0-255,66,135546,17,240216
9818,0.028359,104.244.42.0-255,66,135612,17,240216
9819,0.028428,104.244.42.0-255,66,135678,17,240216
9820,0.028477,104.244.42.0-255,66,135744,17,240216
9821,0.02962,172.217.194.0-255,5738,141482,17,240216
9822,0.029625,172.31.36.0-255,66,141548,17,240216
9823,0.031945,172.217.194.0-255,5738,147286,17,240216
9824,0.031953,172.31.36.0-255,66,147352,17,240216
9825,0.034216,172.217.194.0-255,5738,153090,17,240216
9826,0.034222,172.31.36.0-255,66,153156,17,240216
9827,0.036546,172.217.194.0-255,5738,158894,17,240216
9828,0.036552,172.31.36.0-255,66,158960,17,240216
9829,0.038805,172.217.194.0-255,5738,164698,17,240216
9830,0.038813,172.31.36.0-255,66,164764,17,240216
9831,0.041148,172.217.194.0-255,5738,170502,17,240216
9832,0.041155,172.31.36.0-255,66,170568,17,240216
9833,0.043492,172.217.194.0-255,5738,176306,17,240216
9834,0.043499,172.31.36.0-255,66,176372,17,240216
9835,0.045809,172.217.194.0-255,5738,182110,17,240216
9836,0.045815,172.31.36.0-255,66,182176,17,240216
9837,0.048112,172.217.194.0-255,5738,187914,17,240216
9838,0.048122,172.31.36.0-255,66,187980,17,240216
9839,0.050439,172.217.194.0-255,5738,193718,17,240216
9840,0.050445,172.31.36.0-255,66,193784,17,240216
9841,0.052737,172.217.194.0-255,5738,199522,17,240216
9842,0.052745,172.31.36.0-255,66,199588,17,240216
9843,0.055077,172.217.194.0-255,5738,205326,17,240216
9844,0.055083,172.31.36.0-255,66,205392,17,240216
9845,0.057385,172.217.194.0-255,5738,211130,17,240216
9846,0.057393,172.31.36.0-255,66,211196,17,240216
9847,0.059678,172.217.194.0-255,5738,216934,17,240216
9848,0.059684,172.31.36.0-255,66,217000,17,240216
9849,0.062035,172.217.194.0-255,5738,222738,17,240216
9850,0.062044,172.31.36.0-255,66,222804,17,240216
9851,0.06431,172.217.194.0-255,5738,228542,17,240216
9852,0.064319,172.31.36.0-255,66,228608,17,240216
9853,0.066618,172.217.194.0-255,5738,234346,17,240216
9854,0.066626,172.31.36.0-255,66,234412,17,240216
9855,0.068928,172.217.194.0-255,5738,240150,17,240216
9856,0.068935,172.31.36.0-255,66,240216,17,240216
9857,0.0,172.217.27.0-255,167,167,17,320838
9858,3.4e-05,172.31.36.0-255,66,233,17,320838
9859,4.1e-05,172.217.27.0-255,1484,1717,17,320838
9860,4.6e-05,172.31.36.0-255,66,1783,17,320838
9861,5.1e-05,172.217.27.0-255,2902,4685,17,320838
9862,6.2e-05,172.31.36.0-255,66,4751,17,320838
9863,6.9e-05,172.217.27.0-255,5738,10489,17,320838
9864,7.1e-05,172.31.36.0-255,66,10555,17,320838
9865,7.7e-05,172.217.27.0-255,3384,13939,17,320838
9866,7.9e-05,172.31.36.0-255,66,14005,17,320838
9867,8.5e-05,172.217.27.0-255,4320,18325,17,320838
9868,8.7e-05,172.31.36.0-255,66,18391,17,320838
9869,0.000139,172.217.27.0-255,5738,24129,17,320838
9870,0.000142,172.31.36.0-255,66,24195,17,320838
9871,0.00015,172.217.27.0-255,6797,30992,17,320838
9872,0.000161,172.31.36.0-255,66,31058,17,320838
9873,0.00028,172.217.27.0-255,1484,32542,17,320838
9874,0.000283,172.31.36.0-255,66,32608,17,320838
9875,0.000289,172.217.27.0-255,2902,35510,17,320838
9876,0.000291,172.31.36.0-255,66,35576,17,320838
9877,0.000296,172.217.27.0-255,2902,38478,17,320838
9878,0.000304,172.31.36.0-255,66,38544,17,320838
9879,0.000332,172.217.27.0-255,2902,41446,17,320838
9880,0.000337,172.31.36.0-255,66,41512,17,320838
9881,0.000351,172.217.27.0-255,4320,45832,17,320838
9882,0.000354,172.31.36.0-255,66,45898,17,320838
9883,0.00036,172.217.27.0-255,5738,51636,17,320838
9884,0.000362,172.31.36.0-255,66,51702,17,320838
9885,0.000376,172.217.27.0-255,2516,54218,17,320838
9886,0.000378,172.31.36.0-255,66,54284,17,320838
9887,0.000382,172.31.36.0-255,66,54350,17,320838
9888,0.00097,172.217.27.0-255,114,54464,17,320838
9889,0.001166,172.217.27.0-255,1484,55948,17,320838
9890,0.001172,172.31.36.0-255,66,56014,17,320838
9891,0.001178,172.217.27.0-255,2902,58916,17,320838
9892,0.001181,172.31.36.0-255,66,58982,17,320838
9893,0.001194,172.217.27.0-255,5738,64720,17,320838
9894,0.001196,172.31.36.0-255,66,64786,17,320838
9895,0.001239,172.31.36.0-255,66,64852,17,320838
9896,0.001252,172.31.36.0-255,66,64918,17,320838
9897,0.001255,172.217.27.0-255,766,65684,17,320838
9898,0.001424,172.217.27.0-255,1484,67168,17,320838
9899,0.001429,172.31.36.0-255,66,67234,17,320838
9900,0.001435,172.217.27.0-255,2902,70136,17,320838
9901,0.001437,172.31.36.0-255,66,70202,17,320838
9902,0.001453,172.217.27.0-255,5738,75940,17,320838
9903,0.001455,172.31.36.0-255,66,76006,17,320838
9904,0.001459,172.217.27.0-255,1484,77490,17,320838
9905,0.001498,172.31.36.0-255,66,77556,17,320838
9906,0.001507,172.31.36.0-255,66,77622,17,320838
9907,0.00153,172.217.27.0-255,2184,79806,17,320838
9908,0.001533,172.31.36.0-255,66,79872,17,320838
9909,0.003136,172.217.27.0-255,1484,81356,17,320838
9910,0.003152,172.217.27.0-255,4320,85676,17,320838
9911,0.003155,172.31.36.0-255,66,85742,17,320838
9912,0.004794,172.217.27.0-255,5738,91480,17,320838
9913,0.004798,172.31.36.0-255,66,91546,17,320838
9914,0.006439,172.217.27.0-255,4320,95866,17,320838
9915,0.006445,172.31.36.0-255,66,95932,17,320838
9916,0.00648,172.217.27.0-255,1484,97416,17,320838
9917,0.008095,172.217.27.0-255,4320,101736,17,320838
9918,0.008105,172.31.36.0-255,66,101802,17,320838
9919,0.009758,172.217.27.0-255,5738,107540,17,320838
9920,0.009766,172.31.36.0-255,66,107606,17,320838
9921,0.011416,172.217.27.0-255,5738,113344,17,320838
9922,0.011424,172.31.36.0-255,66,113410,17,320838
9923,0.013068,172.217.27.0-255,5738,119148,17,320838
9924,0.013075,172.31.36.0-255,66,119214,17,320838
9925,0.014722,172.217.27.0-255,5738,124952,17,320838
9926,0.014728,172.31.36.0-255,66,125018,17,320838
9927,0.01639,172.217.27.0-255,5738,130756,17,320838
9928,0.016398,172.31.36.0-255,66,130822,17,320838
9929,0.018052,172.217.27.0-255,5738,136560,17,320838
9930,0.018065,172.31.36.0-255,66,136626,17,320838
9931,0.019717,172.217.27.0-255,5738,142364,17,320838
9932,0.019724,172.31.36.0-255,66,142430,17,320838
9933,0.021405,172.217.27.0-255,5738,148168,17,320838
9934,0.021413,172.31.36.0-255,66,148234,17,320838
9935,0.023055,172.217.27.0-255,5738,153972,17,320838
9936,0.023062,172.31.36.0-255,66,154038,17,320838
9937,0.024716,172.217.27.0-255,5738,159776,17,320838
9938,0.024729,172.31.36.0-255,66,159842,17,320838
9939,0.026388,172.217.27.0-255,5738,165580,17,320838
9940,0.026398,172.31.36.0-255,66,165646,17,320838
9941,0.028056,172.217.27.0-255,5738,171384,17,320838
9942,0.028068,172.31.36.0-255,66,171450,17,320838
9943,0.029722,172.217.27.0-255,5738,177188,17,320838
9944,0.029729,172.31.36.0-255,66,177254,17,320838
9945,0.031374,172.217.27.0-255,5738,182992,17,320838
9946,0.031381,172.31.36.0-255,66,183058,17,320838
9947,0.033027,172.217.27.0-255,5738,188796,17,320838
9948,0.033034,172.31.36.0-255,66,188862,17,320838
9949,0.033311,172.31.36.0-255,188,189050,17,320838
9950,0.03334,172.31.36.0-255,961,190011,17,320838
9951,0.033439,172.31.36.0-255,1514,191525,17,320838
9952,0.033442,172.31.36.0-255,1427,192952,17,320838
9953,0.034687,172.217.27.0-255,5738,198690,17,320838
9954,0.034694,172.31.36.0-255,66,198756,17,320838
9955,0.034874,104.244.42.0-255,66,198822,17,320838
9956,0.034882,104.244.42.0-255,66,198888,17,320838
9957,0.03502,104.244.42.0-255,66,198954,17,320838
9958,0.036341,172.217.27.0-255,5738,204692,17,320838
9959,0.036348,172.31.36.0-255,66,204758,17,320838
9960,0.038001,172.217.27.0-255,5738,210496,17,320838
9961,0.038007,172.31.36.0-255,66,210562,17,320838
9962,0.03965,172.217.27.0-255,5738,216300,17,320838
9963,0.039656,172.31.36.0-255,66,216366,17,320838
9964,0.041301,172.217.27.0-255,5738,222104,17,320838
9965,0.041308,172.31.36.0-255,66,222170,17,320838
9966,0.042958,172.217.27.0-255,5738,227908,17,320838
9967,0.042963,172.31.36.0-255,66,227974,17,320838
9968,0.044615,172.217.27.0-255,5738,233712,17,320838
9969,0.044624,172.31.36.0-255,66,233778,17,320838
9970,0.046267,172.217.27.0-255,5738,239516,17,320838
9971,0.04629,172.31.36.0-255,66,239582,17,320838
9972,0.047931,172.217.27.0-255,5738,245320,17,320838
9973,0.047937,172.31.36.0-255,66,245386,17,320838
9974,0.049583,172.217.27.0-255,5738,251124,17,320838
9975,0.049588,172.31.36.0-255,66,251190,17,320838
9976,0.051246,172.217.27.0-255,5738,256928,17,320838
9977,0.051251,172.31.36.0-255,66,256994,17,320838
9978,0.052889,172.217.27.0-255,5738,262732,17,320838
9979,0.052894,172.31.36.0-255,66,262798,17,320838
9980,0.054542,172.217.27.0-255,5738,268536,17,320838
9981,0.054548,172.31.36.0-255,66,268602,17,320838
9982,0.056203,172.217.27.0-255,5738,274340,17,320838
9983,0.056209,172.31.36.0-255,66,274406,17,320838
9984,0.057849,172.217.27.0-255,5738,280144,17,320838
9985,0.057855,172.31.36.0-255,66,280210,17,320838
9986,0.059501,172.217.27.0-255,5738,285948,17,320838
9987,0.059508,172.31.36.0-255,66,286014,17,320838
9988,0.06115,172.217.27.0-255,5738,291752,17,320838
9989,0.061157,172.31.36.0-255,66,291818,17,320838
9990,0.062797,172.217.27.0-255,5738,297556,17,320838
9991,0.062802,172.31.36.0-255,66,297622,17,320838
9992,0.064451,172.217.27.0-255,5738,303360,17,320838
9993,0.064458,172.31.36.0-255,66,303426,17,320838
9994,0.066098,172.217.27.0-255,5738,309164,17,320838
9995,0.066104,172.31.36.0-255,66,309230,17,320838
9996,0.067747,172.217.27.0-255,5738,314968,17,320838
9997,0.067752,172.31.36.0-255,66,315034,17,320838
9998,0.069389,172.217.27.0-255,5738,320772,17,320838
9999,0.069395,172.31.36.0-255,66,320838,17,320838
10000,0.0,74.125.130.0-255,143,143,17,374131
10001,2e-05,172.31.36.0-255,66,209,17,374131
10002,2.7e-05,74.125.130.0-255,1484,1693,17,374131
10003,3.1e-05,172.31.36.0-255,66,1759,17,374131
10004,3.6e-05,74.125.130.0-255,2902,4661,17,374131
10005,3.9e-05,172.31.36.0-255,66,4727,17,374131
10006,5.1e-05,74.125.130.0-255,1484,6211,17,374131
10007,5.4e-05,172.31.36.0-255,66,6277,17,374131
10008,8e-05,74.125.130.0-255,4320,10597,17,374131
10009,8.3e-05,172.31.36.0-255,66,10663,17,374131
10010,8.8e-05,74.125.130.0-255,3437,14100,17,374131
10011,9e-05,172.31.36.0-255,66,14166,17,374131
10012,0.00014,74.125.130.0-255,1484,15650,17,374131
10013,0.000142,172.31.36.0-255,66,15716,17,374131
10014,0.000147,74.125.130.0-255,2902,18618,17,374131
10015,0.000149,172.31.36.0-255,66,18684,17,374131
10016,0.000193,74.125.130.0-255,5738,24422,17,374131
10017,0.000197,172.31.36.0-255,66,24488,17,374131
10018,0.000202,74.125.130.0-255,4320,28808,17,374131
10019,0.000205,172.31.36.0-255,66,28874,17,374131
10020,0.000236,74.125.130.0-255,2543,31417,17,374131
10021,0.000239,172.31.36.0-255,66,31483,17,374131
10022,0.000428,74.125.130.0-255,1484,32967,17,374131
10023,0.000435,172.31.36.0-255,66,33033,17,374131
10024,0.000441,74.125.130.0-255,2902,35935,17,374131
10025,0.000443,172.31.36.0-255,66,36001,17,374131
10026,0.000471,74.125.130.0-255,5738,41739,17,374131
10027,0.000474,172.31.36.0-255,66,41805,17,374131
10028,0.000477,74.125.130.0-255,1484,43289,17,374131
10029,0.000478,172.31.36.0-255,66,43355,17,374131
10030,0.000506,74.125.130.0-255,5379,48734,17,374131
10031,0.000509,172.31.36.0-255,66,48800,17,374131
10032,0.000512,74.125.130.0-255,1484,50284,17,374131
10033,0.00054,74.125.130.0-255,5738,56022,17,374131
10034,0.000543,172.31.36.0-255,66,56088,17,374131
10035,0.000559,172.31.36.0-255,66,56154,17,374131
10036,0.000582,74.125.130.0-255,1125,57279,17,374131
10037,0.000631,74.125.130.0-255,646,57925,17,374131
10038,0.000634,172.31.36.0-255,66,57991,17,374131
10039,0.00086,74.125.130.0-255,1484,59475,17,374131
10040,0.000867,74.125.130.0-255,2902,62377,17,374131
10041,0.000872,172.31.36.0-255,66,62443,17,374131
10042,0.000904,74.125.130.0-255,5738,68181,17,374131
10043,0.000909,172.31.36.0-255,66,68247,17,374131
10044,0.000916,74.125.130.0-255,5738,73985,17,374131
10045,0.000918,172.31.36.0-255,66,74051,17,374131
10046,0.000943,74.125.130.0-255,1484,75535,17,374131
10047,0.000972,74.125.130.0-255,5738,81273,17,374131
10048,0.000978,172.31.36.0-255,66,81339,17,374131
10049,0.001004,74.125.130.0-255,5738,87077,17,374131
10050,0.001009,172.31.36.0-255,66,87143,17,374131
10051,0.001015,74.125.130.0-255,5020,92163,17,374131
10052,0.001018,172.31.36.0-255,66,92229,17,374131
10053,0.001044,74.125.130.0-255,1484,93713,17,374131
10054,0.001054,74.125.130.0-255,2902,96615,17,374131
10055,0.001057,172.31.36.0-255,66,96681,17,374131
10056,0.00108,74.125.130.0-255,5738,102419,17,374131
10057,0.001084,172.31.36.0-255,66,102485,17,374131
10058,0.001118,74.125.130.0-255,5738,108223,17,374131
10059,0.001122,74.125.130.0-255,2902,111125,17,374131
10060,0.001127,172.31.36.0-255,66,111191,17,374131
10061,0.001135,172.31.36.0-255,66,111257,17,374131
10062,0.001145,74.125.130.0-255,4320,115577,17,374131
10063,0.001148,172.31.36.0-255,66,115643,17,374131
10064,0.001155,74.125.130.0-255,7156,122799,17,374131
10065,0.001157,172.31.36.0-255,66,122865,17,374131
10066,0.001189,74.125.130.0-255,3602,126467,17,374131
10067,0.001192,172.31.36.0-255,66,126533,17,374131
10068,0.001452,74.125.130.0-255,1484,128017,17,374131
10069,0.001458,74.125.130.0-255,2902,130919,17,374131
10070,0.001476,172.31.36.0-255,66,130985,17,374131
10071,0.001484,74.125.130.0-255,5738,136723,17,374131
10072,0.001486,172.31.36.0-255,66,136789,17,374131
10073,0.001489,74.125.130.0-255,1484,138273,17,374131
10074,0.001514,74.125.130.0-255,1484,139757,17,374131
10075,0.001516,172.31.36.0-255,66,139823,17,374131
10076,0.00152,74.125.130.0-255,4320,144143,17,374131
10077,0.001522,172.31.36.0-255,66,144209,17,374131
10078,0.001528,74.125.130.0-255,5738,149947,17,374131
10079,0.00153,172.31.36.0-255,66,150013,17,374131
10080,0.001563,74.125.130.0-255,2902,152915,17,374131
10081,0.001565,172.31.36.0-255,66,152981,17,374131
10082,0.001579,74.125.130.0-255,5738,158719,17,374131
10083,0.00158,172.31.36.0-255,66,158785,17,374131
10084,0.001622,74.125.130.0-255,2184,160969,17,374131
10085,0.001625,172.31.36.0-255,66,161035,17,374131
10086,0.001929,74.125.130.0-255,1484,162519,17,374131
10087,0.001935,74.125.130.0-255,1484,164003,17,374131
10088,0.001938,172.31.36.0-255,66,164069,17,374131
10089,0.001972,74.125.130.0-255,1484,165553,17,374131
10090,0.001976,74.125.130.0-255,2902,168455,17,374131
10091,0.001979,172.31.36.0-255,66,168521,17,374131
10092,0.001983,74.125.130.0-255,4320,172841,17,374131
10093,0.001985,172.31.36.0-255,66,172907,17,374131
10094,0.00199,74.125.130.0-255,4320,177227,17,374131
10095,0.001992,172.31.36.0-255,66,177293,17,374131
10096,0.002027,74.125.130.0-255,4320,181613,17,374131
10097,0.00203,172.31.36.0-255,66,181679,17,374131
10098,0.002035,74.125.130.0-255,5738,187417,17,374131
10099,0.002037,172.31.36.0-255,66,187483,17,374131
10100,0.002048,74.125.130.0-255,7156,194639,17,374131
10101,0.002049,172.31.36.0-255,66,194705,17,374131
10102,0.002052,74.125.130.0-255,766,195471,17,374131
10103,0.002302,74.125.130.0-255,1484,196955,17,374131
10104,0.002307,74.125.130.0-255,2902,199857,17,374131
10105,0.002311,172.31.36.0-255,66,199923,17,374131
10106,0.002314,172.31.36.0-255,66,199989,17,374131
10107,0.002342,74.125.130.0-255,5738,205727,17,374131
10108,0.002348,172.31.36.0-255,66,205793,17,374131
10109,0.002351,74.125.130.0-255,1484,207277,17,374131
10110,0.002382,172.31.36.0-255,66,207343,17,374131
10111,0.002419,172.31.36.0-255,66,207409,17,374131
10112,0.004781,74.125.130.0-255,5738,213147,17,374131
10113,0.004788,172.31.36.0-255,66,213213,17,374131
10114,0.007203,74.125.130.0-255,4320,217533,17,374131
10115,0.00721,172.31.36.0-255,66,217599,17,374131
10116,0.007239,74.125.130.0-255,1484,219083,17,374131
10117,0.009612,74.125.130.0-255,4320,223403,17,374131
10118,0.009621,172.31.36.0-255,66,223469,17,374131
10119,0.011983,74.125.130.0-255,5738,229207,17,374131
10120,0.011992,172.31.36.0-255,66,229273,17,374131
10121,0.014347,74.125.130.0-255,5738,235011,17,374131
10122,0.014355,172.31.36.0-255,66,235077,17,374131
10123,0.016713,74.125.130.0-255,5738,240815,17,374131
10124,0.01672,172.31.36.0-255,66,240881,17,374131
10125,0.019084,74.125.130.0-255,5738,246619,17,374131
10126,0.019089,172.31.36.0-255,66,246685,17,374131
10127,0.021477,74.125.130.0-255,5738,252423,17,374131
10128,0.021484,172.31.36.0-255,66,252489,17,374131
10129,0.023859,74.125.130.0-255,5738,258227,17,374131
10130,0.023867,172.31.36.0-255,66,258293,17,374131
10131,0.026245,74.125.130.0-255,5738,264031,17,374131
10132,0.026251,172.31.36.0-255,66,264097,17,374131
10133,0.027293,172.31.36.0-255,172,264269,17,374131
10134,0.027343,172.31.36.0-255,1118,265387,17,374131
10135,0.027417,172.31.36.0-255,1514,266901,17,374131
10136,0.027419,172.31.36.0-255,1514,268415,17,374131
10137,0.027424,172.31.36.0-255,1514,269929,17,374131
10138,0.027426,172.31.36.0-255,1048,270977,17,374131
10139,0.028616,74.125.130.0-255,5738,276715,17,374131
10140,0.028623,172.31.36.0-255,66,276781,17,374131
10141,0.028846,104.244.42.0-255,66,276847,17,374131
10142,0.028889,104.244.42.0-255,66,276913,17,374131
10143,0.028999,104.244.42.0-255,66,276979,17,374131
10144,0.029005,104.244.42.0-255,66,277045,17,374131
10145,0.03098,74.125.130.0-255,4320,281365,17,374131
10146,0.030987,172.31.36.0-255,66,281431,17,374131
10147,0.031021,74.125.130.0-255,1484,282915,17,374131
10148,0.033346,74.125.130.0-255,4320,287235,17,374131
10149,0.033352,172.31.36.0-255,66,287301,17,374131
10150,0.035717,74.125.130.0-255,5738,293039,17,374131
10151,0.035723,172.31.36.0-255,66,293105,17,374131
10152,0.038077,74.125.130.0-255,4320,297425,17,374131
10153,0.038082,172.31.36.0-255,66,297491,17,374131
10154,0.038114,74.125.130.0-255,1484,298975,17,374131
10155,0.040437,74.125.130.0-255,4320,303295,17,374131
10156,0.040442,172.31.36.0-255,66,303361,17,374131
10157,0.04281,74.125.130.0-255,5738,309099,17,374131
10158,0.042816,172.31.36.0-255,66,309165,17,374131
10159,0.045174,74.125.130.0-255,5738,314903,17,374131
10160,0.045181,172.31.36.0-255,66,314969,17,374131
10161,0.047545,74.125.130.0-255,5738,320707,17,374131
10162,0.047555,172.31.36.0-255,66,320773,17,374131
10163,0.049908,74.125.130.0-255,5738,326511,17,374131
10164,0.049914,172.31.36.0-255,66,326577,17,374131
10165,0.052276,74.125.130.0-255,2902,329479,17,374131
10166,0.05228,172.31.36.0-255,66,329545,17,374131
10167,0.052315,74.125.130.0-255,2902,332447,17,374131
10168,0.052318,172.31.36.0-255,66,332513,17,374131
10169,0.054626,74.125.130.0-255,2902,335415,17,374131
10170,0.054633,172.31.36.0-255,66,335481,17,374131
10171,0.054661,74.125.130.0-255,2902,338383,17,374131
10172,0.054664,172.31.36.0-255,66,338449,17,374131
10173,0.057001,74.125.130.0-255,2902,341351,17,374131
10174,0.057007,172.31.36.0-255,66,341417,17,374131
10175,0.057044,74.125.130.0-255,2902,344319,17,374131
10176,0.057048,172.31.36.0-255,66,344385,17,374131
10177,0.059385,74.125.130.0-255,2902,347287,17,374131
10178,0.059391,172.31.36.0-255,66,347353,17,374131
10179,0.059429,74.125.130.0-255,2902,350255,17,374131
10180,0.059432,172.31.36.0-255,66,350321,17,374131
10181,0.061762,74.125.130.0-255,2902,353223,17,374131
10182,0.061769,172.31.36.0-255,66,353289,17,374131
10183,0.061796,74.125.130.0-255,1484,354773,17,374131
10184,0.061814,74.125.130.0-255,1484,356257,17,374131
10185,0.061816,172.31.36.0-255,66,356323,17,374131
10186,0.06413,74.125.130.0-255,2902,359225,17,374131
10187,0.064138,172.31.36.0-255,66,359291,17,374131
10188,0.064174,74.125.130.0-255,2902,362193,17,374131
10189,0.064177,172.31.36.0-255,66,362259,17,374131
10190,0.0665,74.125.130.0-255,2902,365161,17,374131
10191,0.066506,172.31.36.0-255,66,365227,17,374131
10192,0.066569,74.125.130.0-255,2902,368129,17,374131
10193,0.066573,172.31.36.0-255,66,368195,17,374131
10194,0.068868,74.125.130.0-255,2902,371097,17,374131
10195,0.068873,172.31.36.0-255,66,371163,17,374131
10196,0.06893,74.125.130.0-255,2902,374065,17,374131
10197,0.068934,172.31.36.0-255,66,374131,17,374131
10198,0.0,172.31.36.0-255,105,105,17,147275
10199,0.017938,172.217.194.0-255,153,258,17,147275
10200,0.017959,172.31.36.0-255,66,324,17,147275
10201,0.017966,172.217.194.0-255,1484,1808,17,147275
10202,0.01797,172.31.36.0-255,66,1874,17,147275
10203,0.017976,172.217.194.0-255,2902,4776,17,147275
10204,0.017979,172.31.36.0-255,66,4842,17,147275
10205,0.017988,172.217.194.0-255,7156,11998,17,147275
10206,0.017991,172.31.36.0-255,66,12064,17,147275
10207,0.018046,172.31.36.0-255,66,12130,17,147275
10208,0.018084,172.217.194.0-255,3961,16091,17,147275
10209,0.018087,172.31.36.0-255,66,16157,17,147275
10210,0.018108,172.217.194.0-255,4320,20477,17,147275
10211,0.018111,172.31.36.0-255,66,20543,17,147275
10212,0.018123,172.31.36.0-255,66,20609,17,147275
10213,0.01813,172.217.194.0-255,5738,26347,17,147275
10214,0.018132,172.31.36.0-255,66,26413,17,147275
10215,0.018166,172.31.36.0-255,66,26479,17,147275
10216,0.018169,172.217.194.0-255,378,26857,17,147275
10217,0.018172,172.31.36.0-255,66,26923,17,147275
10218,0.018201,172.217.194.0-255,365,27288,17,147275
10219,0.018204,172.31.36.0-255,66,27354,17,147275
10220,0.018287,172.217.194.0-255,1484,28838,17,147275
10221,0.01829,172.31.36.0-255,66,28904,17,147275
10222,0.018309,172.217.194.0-255,2902,31806,17,147275
10223,0.018311,172.31.36.0-255,66,31872,17,147275
10224,0.018315,172.217.194.0-255,1484,33356,17,147275
10225,0.018317,172.31.36.0-255,66,33422,17,147275
10226,0.018322,172.217.194.0-255,2902,36324,17,147275
10227,0.018325,172.31.36.0-255,66,36390,17,147275
10228,0.018344,172.217.194.0-255,2902,39292,17,147275
10229,0.018347,172.217.194.0-255,1484,40776,17,147275
10230,0.018381,172.217.194.0-255,7156,47932,17,147275
10231,0.018413,172.217.194.0-255,2184,50116,17,147275
10232,0.018525,172.31.36.0-255,66,50182,17,147275
10233,0.019387,172.217.194.0-255,1484,51666,17,147275
10234,0.019397,172.217.194.0-255,2902,54568,17,147275
10235,0.019401,172.31.36.0-255,66,54634,17,147275
10236,0.019408,172.217.194.0-255,5738,60372,17,147275
10237,0.01941,172.31.36.0-255,66,60438,17,147275
10238,0.019424,172.31.36.0-255,66,60504,17,147275
10239,0.019528,172.217.194.0-255,1484,61988,17,147275
10240,0.019534,172.217.194.0-255,2902,64890,17,147275
10241,0.019539,172.217.194.0-255,4320,69210,17,147275
10242,0.01955,172.217.194.0-255,1484,70694,17,147275
10243,0.019553,172.217.194.0-255,1484,72178,17,147275
10244,0.019572,172.217.194.0-255,4320,76498,17,147275
10245,0.019604,172.217.194.0-255,2902,79400,17,147275
10246,0.019616,172.217.194.0-255,2184,81584,17,147275
10247,0.019792,172.217.194.0-255,1484,83068,17,147275
10248,0.019799,172.217.194.0-255,2902,85970,17,147275
10249,0.019823,172.217.194.0-255,5738,91708,17,147275
10250,0.01983,172.217.194.0-255,5738,97446,17,147275
10251,0.019856,172.217.194.0-255,1484,98930,17,147275
10252,0.019933,172.217.194.0-255,3602,102532,17,147275
10253,0.020029,172.217.194.0-255,2902,105434,17,147275
10254,0.020144,172.217.194.0-255,4320,109754,17,147275
10255,0.020242,172.217.194.0-255,7156,116910,17,147275
10256,0.0203,172.217.194.0-255,6438,123348,17,147275
10257,0.020331,172.217.194.0-255,5020,128368,17,147275
10258,0.024351,172.31.36.0-255,66,128434,17,147275
10259,0.025762,172.31.36.0-255,101,128535,17,147275
10260,0.026635,172.217.194.0-255,2902,131437,17,147275
10261,0.026642,172.31.36.0-255,66,131503,17,147275
10262,0.026662,172.217.194.0-255,2902,134405,17,147275
10263,0.026664,172.31.36.0-255,66,134471,17,147275
10264,0.027975,172.217.194.0-255,66,134537,17,147275
10265,0.028919,172.217.194.0-255,5738,140275,17,147275
10266,0.028929,172.31.36.0-255,66,140341,17,147275
10267,0.031249,172.217.194.0-255,2425,142766,17,147275
10268,0.031262,172.31.36.0-255,66,142832,17,147275
10269,0.031476,172.31.36.0-255,105,142937,17,147275
10270,0.038363,172.217.194.0-255,66,143003,17,147275
10271,0.056482,172.31.36.0-255,172,143175,17,147275
10272,0.056521,172.31.36.0-255,1116,144291,17,147275
10273,0.056594,172.31.36.0-255,1514,145805,17,147275
10274,0.056595,172.31.36.0-255,1272,147077,17,147275
10275,0.058013,104.244.42.0-255,66,147143,17,147275
10276,0.0581,104.244.42.0-255,66,147209,17,147275
10277,0.058143,104.244.42.0-255,66,147275,17,147275
10278,0.0,172.217.194.0-255,150,150,17,270251
10279,3.3e-05,172.31.36.0-255,66,216,17,270251
10280,4e-05,172.217.194.0-255,1484,1700,17,270251
10281,4.4e-05,172.31.36.0-255,66,1766,17,270251
10282,4.9e-05,172.217.194.0-255,2902,4668,17,270251
10283,6e-05,172.31.36.0-255,66,4734,17,270251
10284,6.7e-05,172.217.194.0-255,7156,11890,17,270251
10285,6.9e-05,172.31.36.0-255,66,11956,17,270251
10286,7.3e-05,172.217.194.0-255,2084,14040,17,270251
10287,7.4e-05,172.31.36.0-255,66,14106,17,270251
10288,0.000126,172.217.194.0-255,2902,17008,17,270251
10289,0.00013,172.31.36.0-255,66,17074,17,270251
10290,0.000136,172.217.194.0-255,4320,21394,17,270251
10291,0.000138,172.31.36.0-255,66,21460,17,270251
10292,0.000174,172.31.36.0-255,66,21526,17,270251
10293,0.000202,172.31.36.0-255,66,21592,17,270251
10294,0.000228,172.217.194.0-255,2543,24135,17,270251
10295,0.00023,172.31.36.0-255,66,24201,17,270251
10296,0.000235,172.217.194.0-255,2902,27103,17,270251
10297,0.000237,172.31.36.0-255,66,27169,17,270251
10298,0.000281,172.31.36.0-255,66,27235,17,270251
10299,0.000284,172.217.194.0-255,679,27914,17,270251
10300,0.000285,172.31.36.0-255,66,27980,17,270251
10301,0.000449,172.217.194.0-255,1484,29464,17,270251
10302,0.000453,172.31.36.0-255,66,29530,17,270251
10303,0.000459,172.217.194.0-255,2902,32432,17,270251
10304,0.000461,172.31.36.0-255,66,32498,17,270251
10305,0.000473,172.217.194.0-255,5738,38236,17,270251
10306,0.000476,172.31.36.0-255,66,38302,17,270251
10307,0.00048,172.217.194.0-255,2902,41204,17,270251
10308,0.000483,172.31.36.0-255,66,41270,17,270251
10309,0.000522,172.31.36.0-255,66,41336,17,270251
10310,0.000561,172.31.36.0-255,66,41402,17,270251
10311,0.000591,172.217.194.0-255,2184,43586,17,270251
10312,0.000594,172.31.36.0-255,66,43652,17,270251
10313,0.000751,172.217.194.0-255,1484,45136,17,270251
10314,0.000756,172.217.194.0-255,2902,48038,17,270251
10315,0.000758,172.31.36.0-255,66,48104,17,270251
10316,0.000763,172.217.194.0-255,2902,51006,17,270251
10317,0.000766,172.31.36.0-255,66,51072,17,270251
10318,0.000796,172.217.194.0-255,2902,53974,17,270251
10319,0.000799,172.31.36.0-255,66,54040,17,270251
10320,0.000816,172.31.36.0-255,66,54106,17,270251
10321,0.000882,172.31.36.0-255,66,54172,17,270251
10322,0.001407,172.217.194.0-255,1484,55656,17,270251
10323,0.001416,172.217.194.0-255,2902,58558,17,270251
10324,0.00142,172.31.36.0-255,66,58624,17,270251
10325,0.001452,172.217.194.0-255,5738,64362,17,270251
10326,0.001455,172.31.36.0-255,66,64428,17,270251
10327,0.001462,172.217.194.0-255,5738,70166,17,270251
10328,0.001464,172.31.36.0-255,66,70232,17,270251
10329,0.001488,172.217.194.0-255,2902,73134,17,270251
10330,0.001491,172.31.36.0-255,66,73200,17,270251
10331,0.001528,172.31.36.0-255,66,73266,17,270251
10332,0.001535,172.217.194.0-255,5020,78286,17,270251
10333,0.001537,172.31.36.0-255,66,78352,17,270251
10334,0.001553,172.217.194.0-255,1484,79836,17,270251
10335,0.001575,172.217.194.0-255,2902,82738,17,270251
10336,0.001578,172.31.36.0-255,66,82804,17,270251
10337,0.001585,172.217.194.0-255,5738,88542,17,270251
10338,0.001587,172.31.36.0-255,66,88608,17,270251
10339,0.001606,172.31.36.0-255,66,88674,17,270251
10340,0.001613,172.217.194.0-255,7156,95830,17,270251
10341,0.001615,172.31.36.0-255,66,95896,17,270251
10342,0.001659,172.217.194.0-255,5020,100916,17,270251
10343,0.001662,172.31.36.0-255,66,100982,17,270251
10344,0.001895,172.217.194.0-255,1484,102466,17,270251
10345,0.001902,172.217.194.0-255,2902,105368,17,270251
10346,0.001906,172.31.36.0-255,66,105434,17,270251
10347,0.001913,172.217.194.0-255,5738,111172,17,270251
10348,0.001916,172.31.36.0-255,66,111238,17,270251
10349,0.001945,172.31.36.0-255,66,111304,17,270251
10350,0.001981,172.217.194.0-255,2902,114206,17,270251
10351,0.001983,172.31.36.0-255,66,114272,17,270251
10352,0.001999,172.31.36.0-255,66,114338,17,270251
10353,0.002076,172.217.194.0-255,1484,115822,17,270251
10354,0.00208,172.217.194.0-255,1484,117306,17,270251
10355,0.002082,172.31.36.0-255,66,117372,17,270251
10356,0.002106,172.217.194.0-255,1484,118856,17,270251
10357,0.00212,172.217.194.0-255,5738,124594,17,270251
10358,0.002123,172.31.36.0-255,66,124660,17,270251
10359,0.002128,172.217.194.0-255,4320,128980,17,270251
10360,0.00213,172.31.36.0-255,66,129046,17,270251
10361,0.002166,172.217.194.0-255,5738,134784,17,270251
10362,0.002169,172.31.36.0-255,66,134850,17,270251
10363,0.002195,172.31.36.0-255,66,134916,17,270251
10364,0.002222,172.217.194.0-255,3602,138518,17,270251
10365,0.002225,172.31.36.0-255,66,138584,17,270251
10366,0.002228,172.217.194.0-255,1484,140068,17,270251
10367,0.002249,172.217.194.0-255,2902,142970,17,270251
10368,0.002252,172.31.36.0-255,66,143036,17,270251
10369,0.002258,172.217.194.0-255,5738,148774,17,270251
10370,0.002261,172.31.36.0-255,66,148840,17,270251
10371,0.002263,172.217.194.0-255,1484,150324,17,270251
10372,0.002291,172.217.194.0-255,4320,154644,17,270251
10373,0.002293,172.31.36.0-255,66,154710,17,270251
10374,0.00231,172.31.36.0-255,66,154776,17,270251
10375,0.002349,172.217.194.0-255,1484,156260,17,270251
10376,0.002359,172.31.36.0-255,66,156326,17,270251
10377,0.002365,172.217.194.0-255,5738,162064,17,270251
10378,0.002368,172.31.36.0-255,66,162130,17,270251
10379,0.00475,172.217.194.0-255,4320,166450,17,270251
10380,0.004756,172.31.36.0-255,66,166516,17,270251
10381,0.004781,172.217.194.0-255,1484,168000,17,270251
10382,0.007077,172.217.194.0-255,4320,172320,17,270251
10383,0.007085,172.31.36.0-255,66,172386,17,270251
10384,0.009418,172.217.194.0-255,5738,178124,17,270251
10385,0.009425,172.31.36.0-255,66,178190,17,270251
10386,0.011747,172.217.194.0-255,5738,183928,17,270251
10387,0.011754,172.31.36.0-255,66,183994,17,270251
10388,0.014096,172.217.194.0-255,5738,189732,17,270251
10389,0.014104,172.31.36.0-255,66,189798,17,270251
10390,0.016412,172.217.194.0-255,5738,195536,17,270251
10391,0.016421,172.31.36.0-255,66,195602,17,270251
10392,0.018732,172.217.194.0-255,5738,201340,17,270251
10393,0.01874,172.31.36.0-255,66,201406,17,270251
10394,0.021054,172.217.194.0-255,5738,207144,17,270251
10395,0.021062,172.31.36.0-255,66,207210,17,270251
10396,0.023399,172.217.194.0-255,5738,212948,17,270251
10397,0.023406,172.31.36.0-255,66,213014,17,270251
10398,0.02572,172.217.194.0-255,5738,218752,17,270251
10399,0.025727,172.31.36.0-255,66,218818,17,270251
10400,0.028088,172.217.194.0-255,1484,220302,17,270251
10401,0.028113,172.217.194.0-255,4320,224622,17,270251
10402,0.028117,172.31.36.0-255,66,224688,17,270251
10403,0.028644,172.31.36.0-255,172,224860,17,270251
10404,0.028671,172.31.36.0-255,1115,225975,17,270251
10405,0.028704,172.31.36.0-255,1514,227489,17,270251
10406,0.028705,172.31.36.0-255,1273,228762,17,270251
10407,0.03019,104.244.42.0-255,66,228828,17,270251
10408,0.030224,104.244.42.0-255,66,228894,17,270251
10409,0.030276,104.244.42.0-255,66,228960,17,270251
10410,0.030407,172.217.194.0-255,2902,231862,17,270251
10411,0.030411,172.31.36.0-255,66,231928,17,270251
10412,0.030448,172.217.194.0-255,2902,234830,17,270251
10413,0.030451,172.31.36.0-255,66,234896,17,270251
10414,0.032694,172.217.194.0-255,2902,237798,17,270251
10415,0.032699,172.31.36.0-255,66,237864,17,270251
10416,0.032739,172.217.194.0-255,2902,240766,17,270251
10417,0.032742,172.31.36.0-255,66,240832,17,270251
10418,0.035013,172.217.194.0-255,2902,243734,17,270251
10419,0.035019,172.31.36.0-255,66,243800,17,270251
10420,0.03505,172.217.194.0-255,1484,245284,17,270251
10421,0.035061,172.217.194.0-255,1484,246768,17,270251
10422,0.035065,172.31.36.0-255,66,246834,17,270251
10423,0.037324,172.217.194.0-255,2902,249736,17,270251
10424,0.03733,172.31.36.0-255,66,249802,17,270251
10425,0.037383,172.217.194.0-255,2902,252704,17,270251
10426,0.037388,172.31.36.0-255,66,252770,17,270251
10427,0.039648,172.217.194.0-255,2902,255672,17,270251
10428,0.039655,172.31.36.0-255,66,255738,17,270251
10429,0.039717,172.217.194.0-255,2902,258640,17,270251
10430,0.039721,172.31.36.0-255,66,258706,17,270251
10431,0.041971,172.217.194.0-255,2902,261608,17,270251
10432,0.041976,172.31.36.0-255,66,261674,17,270251
10433,0.042026,172.217.194.0-255,2902,264576,17,270251
10434,0.04203,172.31.36.0-255,66,264642,17,270251
10435,0.044281,172.217.194.0-255,2902,267544,17,270251
10436,0.044289,172.31.36.0-255,66,267610,17,270251
10437,0.044353,172.217.194.0-255,2404,270014,17,270251
10438,0.044357,172.31.36.0-255,66,270080,17,270251
10439,0.044482,172.31.36.0-255,105,270185,17,270251
10440,0.046748,172.217.194.0-255,66,270251,17,270251
10441,0.0,74.125.24.0-255,147,147,17,245181
10442,2.3e-05,172.31.36.0-255,66,213,17,245181
10443,3e-05,74.125.24.0-255,1484,1697,17,245181
10444,3.4e-05,172.31.36.0-255,66,1763,17,245181
10445,3.9e-05,74.125.24.0-255,2902,4665,17,245181
10446,5e-05,172.31.36.0-255,66,4731,17,245181
10447,5.8e-05,74.125.24.0-255,7156,11887,17,245181
10448,6e-05,172.31.36.0-255,66,11953,17,245181
10449,6.7e-05,74.125.24.0-255,4838,16791,17,245181
10450,6.9e-05,172.31.36.0-255,66,16857,17,245181
10451,8.3e-05,172.31.36.0-255,66,16923,17,245181
10452,0.000115,74.125.24.0-255,3961,20884,17,245181
10453,0.000119,172.31.36.0-255,66,20950,17,245181
10454,0.000224,74.125.24.0-255,1484,22434,17,245181
10455,0.000227,172.31.36.0-255,66,22500,17,245181
10456,0.000233,74.125.24.0-255,2902,25402,17,245181
10457,0.000236,172.31.36.0-255,66,25468,17,245181
10458,0.000242,74.125.24.0-255,5738,31206,17,245181
10459,0.000244,172.31.36.0-255,66,31272,17,245181
10460,0.000252,74.125.24.0-255,1484,32756,17,245181
10461,0.000254,172.31.36.0-255,66,32822,17,245181
10462,0.000307,172.31.36.0-255,66,32888,17,245181
10463,0.000314,74.125.24.0-255,7156,40044,17,245181
10464,0.000316,172.31.36.0-255,66,40110,17,245181
10465,0.000351,74.125.24.0-255,5714,45824,17,245181
10466,0.000354,172.31.36.0-255,66,45890,17,245181
10467,0.000421,74.125.24.0-255,1484,47374,17,245181
10468,0.000424,172.31.36.0-255,66,47440,17,245181
10469,0.00043,74.125.24.0-255,2902,50342,17,245181
10470,0.000433,172.31.36.0-255,66,50408,17,245181
10471,0.000443,74.125.24.0-255,5738,56146,17,245181
10472,0.000446,172.31.36.0-255,66,56212,17,245181
10473,0.000449,74.125.24.0-255,1484,57696,17,245181
10474,0.000479,74.125.24.0-255,5075,62771,17,245181
10475,0.000483,172.31.36.0-255,66,62837,17,245181
10476,0.000517,74.125.24.0-255,1484,64321,17,245181
10477,0.000522,74.125.24.0-255,2902,67223,17,245181
10478,0.000524,172.31.36.0-255,66,67289,17,245181
10479,0.000552,74.125.24.0-255,5738,73027,17,245181
10480,0.000555,172.31.36.0-255,66,73093,17,245181
10481,0.000563,74.125.24.0-255,6797,79890,17,245181
10482,0.000566,172.31.36.0-255,66,79956,17,245181
10483,0.000871,74.125.24.0-255,1484,81440,17,245181
10484,0.000878,74.125.24.0-255,2902,84342,17,245181
10485,0.000882,172.31.36.0-255,66,84408,17,245181
10486,0.000919,74.125.24.0-255,5738,90146,17,245181
10487,0.000921,172.31.36.0-255,66,90212,17,245181
10488,0.000927,74.125.24.0-255,4320,94532,17,245181
10489,0.000929,172.31.36.0-255,66,94598,17,245181
10490,0.000948,172.31.36.0-255,66,94664,17,245181
10491,0.000983,172.31.36.0-255,66,94730,17,245181
10492,0.001209,172.31.36.0-255,101,94831,17,245181
10493,0.001695,74.125.24.0-255,1484,96315,17,245181
10494,0.001701,74.125.24.0-255,2902,99217,17,245181
10495,0.001705,172.31.36.0-255,66,99283,17,245181
10496,0.001712,74.125.24.0-255,5738,105021,17,245181
10497,0.001714,172.31.36.0-255,66,105087,17,245181
10498,0.001729,74.125.24.0-255,1484,106571,17,245181
10499,0.001763,172.31.36.0-255,66,106637,17,245181
10500,0.001772,74.125.24.0-255,7156,113793,17,245181
10501,0.001774,172.31.36.0-255,66,113859,17,245181
10502,0.001796,74.125.24.0-255,3602,117461,17,245181
10503,0.001803,172.31.36.0-255,66,117527,17,245181
10504,0.001873,74.125.24.0-255,1484,119011,17,245181
10505,0.001879,74.125.24.0-255,2902,121913,17,245181
10506,0.001882,172.31.36.0-255,66,121979,17,245181
10507,0.001911,74.125.24.0-255,5738,127717,17,245181
10508,0.001913,172.31.36.0-255,66,127783,17,245181
10509,0.001924,172.31.36.0-255,66,127849,17,245181
10510,0.001974,172.31.36.0-255,66,127915,17,245181
10511,0.002002,74.125.24.0-255,1484,129399,17,245181
10512,0.002009,74.125.24.0-255,5020,134419,17,245181
10513,0.002014,172.31.36.0-255,66,134485,17,245181
10514,0.002032,74.125.24.0-255,1484,135969,17,245181
10515,0.002037,74.125.24.0-255,2902,138871,17,245181
10516,0.00204,172.31.36.0-255,66,138937,17,245181
10517,0.002047,74.125.24.0-255,5738,144675,17,245181
10518,0.002049,172.31.36.0-255,66,144741,17,245181
10519,0.002083,172.31.36.0-255,66,144807,17,245181
10520,0.002106,74.125.24.0-255,1484,146291,17,245181
10521,0.002131,172.31.36.0-255,66,146357,17,245181
10522,0.002135,74.125.24.0-255,2184,148541,17,245181
10523,0.002137,172.31.36.0-255,66,148607,17,245181
10524,0.002215,74.125.24.0-255,1484,150091,17,245181
10525,0.00223,74.125.24.0-255,2902,152993,17,245181
10526,0.002234,172.31.36.0-255,66,153059,17,245181
10527,0.002241,74.125.24.0-255,5738,158797,17,245181
10528,0.002244,172.31.36.0-255,66,158863,17,245181
10529,0.002282,74.125.24.0-255,5738,164601,17,245181
10530,0.002285,172.31.36.0-255,66,164667,17,245181
10531,0.002305,74.125.24.0-255,7156,171823,17,245181
10532,0.002308,172.31.36.0-255,66,171889,17,245181
10533,0.002344,172.31.36.0-255,66,171955,17,245181
10534,0.002419,74.125.24.0-255,1484,173439,17,245181
10535,0.002425,74.125.24.0-255,2902,176341,17,245181
10536,0.002428,172.31.36.0-255,66,176407,17,245181
10537,0.002433,74.125.24.0-255,2902,179309,17,245181
10538,0.002436,172.31.36.0-255,66,179375,17,245181
10539,0.002457,74.125.24.0-255,2902,182277,17,245181
10540,0.00246,172.31.36.0-255,66,182343,17,245181
10541,0.002475,172.31.36.0-255,66,182409,17,245181
10542,0.002507,74.125.24.0-255,4320,186729,17,245181
10543,0.00251,172.31.36.0-255,66,186795,17,245181
10544,0.002517,74.125.24.0-255,7156,193951,17,245181
10545,0.00252,172.31.36.0-255,66,194017,17,245181
10546,0.002541,172.31.36.0-255,66,194083,17,245181
10547,0.002576,172.31.36.0-255,66,194149,17,245181
10548,0.002604,172.31.36.0-255,66,194215,17,245181
10549,0.002617,172.31.36.0-255,66,194281,17,245181
10550,0.002632,172.31.36.0-255,66,194347,17,245181
10551,0.003756,74.125.24.0-255,66,194413,17,245181
10552,0.005222,74.125.24.0-255,5738,200151,17,245181
10553,0.005228,172.31.36.0-255,66,200217,17,245181
10554,0.007872,74.125.24.0-255,5738,205955,17,245181
10555,0.007879,172.31.36.0-255,66,206021,17,245181
10556,0.010469,74.125.24.0-255,5738,211759,17,245181
10557,0.010476,172.31.36.0-255,66,211825,17,245181
10558,0.013051,74.125.24.0-255,5738,217563,17,245181
10559,0.01306,172.31.36.0-255,66,217629,17,245181
10560,0.01568,74.125.24.0-255,5738,223367,17,245181
10561,0.015692,172.31.36.0-255,66,223433,17,245181
10562,0.018299,74.125.24.0-255,5738,229171,17,245181
10563,0.018315,172.31.36.0-255,66,229237,17,245181
10564,0.020938,74.125.24.0-255,5738,234975,17,245181
10565,0.020953,172.31.36.0-255,66,235041,17,245181
10566,0.023553,74.125.24.0-255,5613,240654,17,245181
10567,0.023566,172.31.36.0-255,66,240720,17,245181
10568,0.023801,172.31.36.0-255,105,240825,17,245181
10569,0.030117,74.125.24.0-255,66,240891,17,245181
10570,0.035135,172.31.36.0-255,188,241079,17,245181
10571,0.035167,172.31.36.0-255,961,242040,17,245181
10572,0.035236,172.31.36.0-255,1514,243554,17,245181
10573,0.035238,172.31.36.0-255,1429,244983,17,245181
10574,0.036629,104.244.42.0-255,66,245049,17,245181
10575,0.036638,104.244.42.0-255,66,245115,17,245181
10576,0.036759,104.244.42.0-255,66,245181,17,245181
10577,0.0,74.125.24.0-255,153,153,17,291056
10578,2.3e-05,172.31.36.0-255,66,219,17,291056
10579,3e-05,74.125.24.0-255,1484,1703,17,291056
10580,3.4e-05,172.31.36.0-255,66,1769,17,291056
10581,4e-05,74.125.24.0-255,2902,4671,17,291056
10582,5.1e-05,172.31.36.0-255,66,4737,17,291056
10583,5.8e-05,74.125.24.0-255,5738,10475,17,291056
10584,6.1e-05,172.31.36.0-255,66,10541,17,291056
10585,9.1e-05,74.125.24.0-255,7156,17697,17,291056
10586,9.4e-05,172.31.36.0-255,66,17763,17,291056
10587,0.000126,74.125.24.0-255,3350,21113,17,291056
10588,0.000129,172.31.36.0-255,66,21179,17,291056
10589,0.000135,74.125.24.0-255,4320,25499,17,291056
10590,0.000137,172.31.36.0-255,66,25565,17,291056
10591,0.00016,172.31.36.0-255,66,25631,17,291056
10592,0.00019,74.125.24.0-255,1484,27115,17,291056
10593,0.000192,172.31.36.0-255,66,27181,17,291056
10594,0.000199,74.125.24.0-255,5020,32201,17,291056
10595,0.000201,172.31.36.0-255,66,32267,17,291056
10596,0.000392,74.125.24.0-255,1484,33751,17,291056
10597,0.000396,172.31.36.0-255,66,33817,17,291056
10598,0.000402,74.125.24.0-255,2902,36719,17,291056
10599,0.000405,172.31.36.0-255,66,36785,17,291056
10600,0.000418,74.125.24.0-255,5738,42523,17,291056
10601,0.000421,172.31.36.0-255,66,42589,17,291056
10602,0.00047,74.125.24.0-255,6797,49386,17,291056
10603,0.000473,172.31.36.0-255,66,49452,17,291056
10604,0.000546,74.125.24.0-255,646,50098,17,291056
10605,0.000549,172.31.36.0-255,66,50164,17,291056
10606,0.000893,74.125.24.0-255,1484,51648,17,291056
10607,0.000898,172.31.36.0-255,66,51714,17,291056
10608,0.000904,74.125.24.0-255,2902,54616,17,291056
10609,0.000917,74.125.24.0-255,5738,60354,17,291056
10610,0.00094,74.125.24.0-255,7156,67510,17,291056
10611,0.000948,172.31.36.0-255,66,67576,17,291056
10612,0.000959,74.125.24.0-255,5738,73314,17,291056
10613,0.000965,172.31.36.0-255,66,73380,17,291056
10614,0.001001,74.125.24.0-255,2184,75564,17,291056
10615,0.001018,172.31.36.0-255,66,75630,17,291056
10616,0.001264,74.125.24.0-255,1484,77114,17,291056
10617,0.001271,74.125.24.0-255,2902,80016,17,291056
10618,0.001274,172.31.36.0-255,66,80082,17,291056
10619,0.001281,74.125.24.0-255,4320,84402,17,291056
10620,0.001302,74.125.24.0-255,1484,85886,17,291056
10621,0.001308,74.125.24.0-255,4320,90206,17,291056
10622,0.001327,74.125.24.0-255,7156,97362,17,291056
10623,0.00133,172.31.36.0-255,66,97428,17,291056
10624,0.001336,172.31.36.0-255,66,97494,17,291056
10625,0.001358,74.125.24.0-255,1484,98978,17,291056
10626,0.001385,172.31.36.0-255,66,99044,17,291056
10627,0.001459,74.125.24.0-255,1484,100528,17,291056
10628,0.001465,74.125.24.0-255,2902,103430,17,291056
10629,0.00147,74.125.24.0-255,2902,106332,17,291056
10630,0.001482,74.125.24.0-255,2902,109234,17,291056
10631,0.001485,74.125.24.0-255,1484,110718,17,291056
10632,0.001492,172.31.36.0-255,66,110784,17,291056
10633,0.001557,172.31.36.0-255,66,110850,17,291056
10634,0.003985,74.125.24.0-255,1484,112334,17,291056
10635,0.003996,74.125.24.0-255,2902,115236,17,291056
10636,0.004,172.31.36.0-255,66,115302,17,291056
10637,0.004005,74.125.24.0-255,1484,116786,17,291056
10638,0.005926,74.125.24.0-255,4320,121106,17,291056
10639,0.007379,172.31.36.0-255,66,121172,17,291056
10640,0.00933,74.125.24.0-255,5738,126910,17,291056
10641,0.009338,172.31.36.0-255,66,126976,17,291056
10642,0.011321,74.125.24.0-255,5738,132714,17,291056
10643,0.011329,172.31.36.0-255,66,132780,17,291056
10644,0.01334,74.125.24.0-255,5738,138518,17,291056
10645,0.01335,172.31.36.0-255,66,138584,17,291056
10646,0.015317,74.125.24.0-255,5738,144322,17,291056
10647,0.015326,172.31.36.0-255,66,144388,17,291056
10648,0.017289,74.125.24.0-255,5738,150126,17,291056
10649,0.017298,172.31.36.0-255,66,150192,17,291056
10650,0.019254,74.125.24.0-255,5738,155930,17,291056
10651,0.019262,172.31.36.0-255,66,155996,17,291056
10652,0.021232,74.125.24.0-255,4320,160316,17,291056
10653,0.02124,172.31.36.0-255,66,160382,17,291056
10654,0.021271,74.125.24.0-255,1484,161866,17,291056
10655,0.023204,74.125.24.0-255,4320,166186,17,291056
10656,0.023211,172.31.36.0-255,66,166252,17,291056
10657,0.025323,74.125.24.0-255,5738,171990,17,291056
10658,0.025365,172.31.36.0-255,66,172056,17,291056
10659,0.027772,74.125.24.0-255,5738,177794,17,291056
10660,0.02778,172.31.36.0-255,66,177860,17,291056
10661,0.029838,172.31.36.0-255,172,178032,17,291056
10662,0.029865,172.31.36.0-255,1117,179149,17,291056
10663,0.029917,172.31.36.0-255,1514,180663,17,291056
10664,0.029919,172.31.36.0-255,1271,181934,17,291056
10665,0.030411,74.125.24.0-255,5738,187672,17,291056
10666,0.030417,172.31.36.0-255,66,187738,17,291056
10667,0.031396,104.244.42.0-255,66,187804,17,291056
10668,0.031443,104.244.42.0-255,66,187870,17,291056
10669,0.031491,104.244.42.0-255,66,187936,17,291056
10670,0.032816,74.125.24.0-255,5738,193674,17,291056
10671,0.032823,172.31.36.0-255,66,193740,17,291056
10672,0.035253,74.125.24.0-255,5738,199478,17,291056
10673,0.03526,172.31.36.0-255,66,199544,17,291056
10674,0.03759,74.125.24.0-255,5738,205282,17,291056
10675,0.037609,172.31.36.0-255,66,205348,17,291056
10676,0.039994,74.125.24.0-255,5738,211086,17,291056
10677,0.040011,172.31.36.0-255,66,211152,17,291056
10678,0.042617,74.125.24.0-255,5738,216890,17,291056
10679,0.042635,172.31.36.0-255,66,216956,17,291056
10680,0.045356,74.125.24.0-255,5738,222694,17,291056
10681,0.045372,172.31.36.0-255,66,222760,17,291056
10682,0.047562,74.125.24.0-255,5738,228498,17,291056
10683,0.047579,172.31.36.0-255,66,228564,17,291056
10684,0.049545,74.125.24.0-255,5738,234302,17,291056
10685,0.049553,172.31.36.0-255,66,234368,17,291056
10686,0.051505,74.125.24.0-255,5738,240106,17,291056
10687,0.051512,172.31.36.0-255,66,240172,17,291056
10688,0.053442,74.125.24.0-255,5738,245910,17,291056
10689,0.053449,172.31.36.0-255,66,245976,17,291056
10690,0.055434,74.125.24.0-255,5738,251714,17,291056
10691,0.05544,172.31.36.0-255,66,251780,17,291056
10692,0.057374,74.125.24.0-255,4320,256100,17,291056
10693,0.057381,172.31.36.0-255,66,256166,17,291056
10694,0.057415,74.125.24.0-255,1484,257650,17,291056
10695,0.059322,74.125.24.0-255,4320,261970,17,291056
10696,0.059328,172.31.36.0-255,66,262036,17,291056
10697,0.061253,74.125.24.0-255,5738,267774,17,291056
10698,0.061311,172.31.36.0-255,66,267840,17,291056
10699,0.063245,74.125.24.0-255,5738,273578,17,291056
10700,0.063251,172.31.36.0-255,66,273644,17,291056
10701,0.065201,74.125.24.0-255,5738,279382,17,291056
10702,0.065208,172.31.36.0-255,66,279448,17,291056
10703,0.067162,74.125.24.0-255,5738,285186,17,291056
10704,0.067169,172.31.36.0-255,66,285252,17,291056
10705,0.069185,74.125.24.0-255,5738,290990,17,291056
10706,0.069192,172.31.36.0-255,66,291056,17,291056
10707,0.0,74.125.24.0-255,153,153,17,221640
10708,2.5e-05,172.31.36.0-255,66,219,17,221640
10709,4.2e-05,74.125.24.0-255,1484,1703,17,221640
10710,4.7e-05,172.31.36.0-255,66,1769,17,221640
10711,5.2e-05,74.125.24.0-255,2902,4671,17,221640
10712,5.5e-05,172.31.36.0-255,66,4737,17,221640
10713,6.1e-05,74.125.24.0-255,5738,10475,17,221640
10714,6.3e-05,172.31.36.0-255,66,10541,17,221640
10715,8.9e-05,74.125.24.0-255,1484,12025,17,221640
10716,9.1e-05,172.31.36.0-255,66,12091,17,221640
10717,9.6e-05,74.125.24.0-255,2037,14128,17,221640
10718,9.8e-05,172.31.36.0-255,66,14194,17,221640
10719,0.000195,74.125.24.0-255,1484,15678,17,221640
10720,0.000201,172.31.36.0-255,66,15744,17,221640
10721,0.000207,74.125.24.0-255,2902,18646,17,221640
10722,0.000209,172.31.36.0-255,66,18712,17,221640
10723,0.000213,74.125.24.0-255,2902,21614,17,221640
10724,0.000215,172.31.36.0-255,66,21680,17,221640
10725,0.000237,74.125.24.0-255,2902,24582,17,221640
10726,0.00024,172.31.36.0-255,66,24648,17,221640
10727,0.000246,74.125.24.0-255,5738,30386,17,221640
10728,0.000248,172.31.36.0-255,66,30452,17,221640
10729,0.000275,74.125.24.0-255,4320,34772,17,221640
10730,0.00028,172.31.36.0-255,66,34838,17,221640
10731,0.000317,172.31.36.0-255,66,34904,17,221640
10732,0.000328,172.31.36.0-255,66,34970,17,221640
10733,0.00035,74.125.24.0-255,1484,36454,17,221640
10734,0.000353,172.31.36.0-255,66,36520,17,221640
10735,0.000388,172.31.36.0-255,66,36586,17,221640
10736,0.000489,74.125.24.0-255,1484,38070,17,221640
10737,0.000504,74.125.24.0-255,2902,40972,17,221640
10738,0.000509,172.31.36.0-255,66,41038,17,221640
10739,0.000516,74.125.24.0-255,5738,46776,17,221640
10740,0.00052,172.31.36.0-255,66,46842,17,221640
10741,0.000567,172.31.36.0-255,66,46908,17,221640
10742,0.000575,74.125.24.0-255,7156,54064,17,221640
10743,0.000578,172.31.36.0-255,66,54130,17,221640
10744,0.000597,74.125.24.0-255,3866,57996,17,221640
10745,0.0006,172.31.36.0-255,66,58062,17,221640
10746,0.000768,74.125.24.0-255,1484,59546,17,221640
10747,0.000773,74.125.24.0-255,2902,62448,17,221640
10748,0.000777,172.31.36.0-255,66,62514,17,221640
10749,0.000782,74.125.24.0-255,1484,63998,17,221640
10750,0.0008,74.125.24.0-255,4320,68318,17,221640
10751,0.000803,172.31.36.0-255,66,68384,17,221640
10752,0.000809,74.125.24.0-255,4320,72704,17,221640
10753,0.000812,172.31.36.0-255,66,72770,17,221640
10754,0.000824,74.125.24.0-255,2902,75672,17,221640
10755,0.000827,172.31.36.0-255,66,75738,17,221640
10756,0.000865,74.125.24.0-255,7156,82894,17,221640
10757,0.000869,172.31.36.0-255,66,82960,17,221640
10758,0.000892,74.125.24.0-255,4320,87280,17,221640
10759,0.000895,172.31.36.0-255,66,87346,17,221640
10760,0.000902,74.125.24.0-255,5020,92366,17,221640
10761,0.000904,172.31.36.0-255,66,92432,17,221640
10762,0.000941,74.125.24.0-255,1484,93916,17,221640
10763,0.000946,74.125.24.0-255,2902,96818,17,221640
10764,0.000949,172.31.36.0-255,66,96884,17,221640
10765,0.000974,74.125.24.0-255,5738,102622,17,221640
10766,0.000979,172.31.36.0-255,66,102688,17,221640
10767,0.000989,74.125.24.0-255,4320,107008,17,221640
10768,0.000991,172.31.36.0-255,66,107074,17,221640
10769,0.001025,172.31.36.0-255,66,107140,17,221640
10770,0.001032,74.125.24.0-255,7156,114296,17,221640
10771,0.001034,172.31.36.0-255,66,114362,17,221640
10772,0.001054,74.125.24.0-255,3602,117964,17,221640
10773,0.001057,172.31.36.0-255,66,118030,17,221640
10774,0.001197,74.125.24.0-255,1484,119514,17,221640
10775,0.001209,74.125.24.0-255,2902,122416,17,221640
10776,0.001213,172.31.36.0-255,66,122482,17,221640
10777,0.001245,74.125.24.0-255,5738,128220,17,221640
10778,0.001249,172.31.36.0-255,66,128286,17,221640
10779,0.001261,74.125.24.0-255,4320,132606,17,221640
10780,0.001264,172.31.36.0-255,66,132672,17,221640
10781,0.001279,74.125.24.0-255,4320,136992,17,221640
10782,0.001282,172.31.36.0-255,66,137058,17,221640
10783,0.001295,172.31.36.0-255,66,137124,17,221640
10784,0.001322,74.125.24.0-255,5020,142144,17,221640
10785,0.001326,172.31.36.0-255,66,142210,17,221640
10786,0.001424,74.125.24.0-255,1484,143694,17,221640
10787,0.001428,74.125.24.0-255,1484,145178,17,221640
10788,0.001431,172.31.36.0-255,66,145244,17,221640
10789,0.001449,74.125.24.0-255,1484,146728,17,221640
10790,0.001453,74.125.24.0-255,2902,149630,17,221640
10791,0.001455,172.31.36.0-255,66,149696,17,221640
10792,0.001476,74.125.24.0-255,2902,152598,17,221640
10793,0.001479,172.31.36.0-255,66,152664,17,221640
10794,0.001482,74.125.24.0-255,1484,154148,17,221640
10795,0.001494,74.125.24.0-255,1484,155632,17,221640
10796,0.001496,172.31.36.0-255,66,155698,17,221640
10797,0.001521,74.125.24.0-255,7156,162854,17,221640
10798,0.001524,172.31.36.0-255,66,162920,17,221640
10799,0.001539,172.31.36.0-255,66,162986,17,221640
10800,0.001541,74.125.24.0-255,766,163752,17,221640
10801,0.001946,74.125.24.0-255,1484,165236,17,221640
10802,0.001951,172.31.36.0-255,66,165302,17,221640
10803,0.001956,74.125.24.0-255,2902,168204,17,221640
10804,0.001959,172.31.36.0-255,66,168270,17,221640
10805,0.001964,74.125.24.0-255,4320,172590,17,221640
10806,0.001968,172.31.36.0-255,66,172656,17,221640
10807,0.001981,74.125.24.0-255,5738,178394,17,221640
10808,0.001984,172.31.36.0-255,66,178460,17,221640
10809,0.002005,74.125.24.0-255,2902,181362,17,221640
10810,0.002008,172.31.36.0-255,66,181428,17,221640
10811,0.00203,74.125.24.0-255,7156,188584,17,221640
10812,0.002033,172.31.36.0-255,66,188650,17,221640
10813,0.002075,172.31.36.0-255,66,188716,17,221640
10814,0.002087,172.31.36.0-255,66,188782,17,221640
10815,0.0021,172.31.36.0-255,66,188848,17,221640
10816,0.002152,74.125.24.0-255,3602,192450,17,221640
10817,0.002155,172.31.36.0-255,66,192516,17,221640
10818,0.00216,74.125.24.0-255,4320,196836,17,221640
10819,0.002162,172.31.36.0-255,66,196902,17,221640
10820,0.002174,172.31.36.0-255,66,196968,17,221640
10821,0.002178,74.125.24.0-255,2902,199870,17,221640
10822,0.002181,172.31.36.0-255,66,199936,17,221640
10823,0.002209,172.31.36.0-255,66,200002,17,221640
10824,0.002227,74.125.24.0-255,4320,204322,17,221640
10825,0.002237,172.31.36.0-255,66,204388,17,221640
10826,0.002254,172.31.36.0-255,66,204454,17,221640
10827,0.002286,172.31.36.0-255,66,204520,17,221640
10828,0.002312,74.125.24.0-255,5020,209540,17,221640
10829,0.002316,172.31.36.0-255,66,209606,17,221640
10830,0.002326,172.31.36.0-255,66,209672,17,221640
10831,0.002346,74.125.24.0-255,7156,216828,17,221640
10832,0.00235,172.31.36.0-255,66,216894,17,221640
10833,0.002385,172.31.36.0-255,66,216960,17,221640
10834,0.002398,172.31.36.0-255,66,217026,17,221640
10835,0.002417,74.125.24.0-255,105,217131,17,221640
10836,0.00837,172.31.36.0-255,66,217197,17,221640
10837,0.008408,172.31.36.0-255,105,217302,17,221640
10838,0.010948,74.125.24.0-255,66,217368,17,221640
10839,0.03015,172.31.36.0-255,172,217540,17,221640
10840,0.030184,172.31.36.0-255,1118,218658,17,221640
10841,0.030226,172.31.36.0-255,1514,220172,17,221640
10842,0.030227,172.31.36.0-255,1270,221442,17,221640
10843,0.031705,104.244.42.0-255,66,221508,17,221640
10844,0.031715,104.244.42.0-255,66,221574,17,221640
10845,0.031787,104.244.42.0-255,66,221640,17,221640
10846,0.0,74.125.130.0-255,146,146,17,218236
10847,2.3e-05,172.31.36.0-255,66,212,17,218236
10848,2.9e-05,74.125.130.0-255,1484,1696,17,218236
10849,3.3e-05,172.31.36.0-255,66,1762,17,218236
10850,3.9e-05,74.125.130.0-255,2902,4664,17,218236
10851,5.4e-05,172.31.36.0-255,66,4730,17,218236
10852,5.9e-05,74.125.130.0-255,2902,7632,17,218236
10853,6.2e-05,172.31.36.0-255,66,7698,17,218236
10854,6.9e-05,74.125.130.0-255,4320,12018,17,218236
10855,7.2e-05,172.31.36.0-255,66,12084,17,218236
10856,8e-05,74.125.130.0-255,7156,19240,17,218236
10857,8.3e-05,172.31.36.0-255,66,19306,17,218236
10858,0.00012,74.125.130.0-255,2046,21352,17,218236
10859,0.000123,172.31.36.0-255,66,21418,17,218236
10860,0.00014,172.31.36.0-255,66,21484,17,218236
10861,0.000214,74.125.130.0-255,1484,22968,17,218236
10862,0.000217,172.31.36.0-255,66,23034,17,218236
10863,0.000222,74.125.130.0-255,2902,25936,17,218236
10864,0.000225,172.31.36.0-255,66,26002,17,218236
10865,0.000245,74.125.130.0-255,4320,30322,17,218236
10866,0.000253,172.31.36.0-255,66,30388,17,218236
10867,0.00026,74.125.130.0-255,5738,36126,17,218236
10868,0.000263,172.31.36.0-255,66,36192,17,218236
10869,0.000288,74.125.130.0-255,2902,39094,17,218236
10870,0.00029,172.31.36.0-255,66,39160,17,218236
10871,0.000325,172.31.36.0-255,66,39226,17,218236
10872,0.000333,74.125.130.0-255,7087,46313,17,218236
10873,0.000335,172.31.36.0-255,66,46379,17,218236
10874,0.000338,74.125.130.0-255,365,46744,17,218236
10875,0.00034,172.31.36.0-255,66,46810,17,218236
10876,0.000426,74.125.130.0-255,1484,48294,17,218236
10877,0.00043,172.31.36.0-255,66,48360,17,218236
10878,0.000458,74.125.130.0-255,2902,51262,17,218236
10879,0.000465,74.125.130.0-255,4320,55582,17,218236
10880,0.000468,74.125.130.0-255,1484,57066,17,218236
10881,0.000531,74.125.130.0-255,6797,63863,17,218236
10882,0.000612,172.31.36.0-255,66,63929,17,218236
10883,0.000641,74.125.130.0-255,1484,65413,17,218236
10884,0.000647,74.125.130.0-255,2902,68315,17,218236
10885,0.000674,74.125.130.0-255,5738,74053,17,218236
10886,0.000684,172.31.36.0-255,66,74119,17,218236
10887,0.000713,172.31.36.0-255,66,74185,17,218236
10888,0.000719,74.125.130.0-255,4320,78505,17,218236
10889,0.000726,74.125.130.0-255,7156,85661,17,218236
10890,0.000745,74.125.130.0-255,3602,89263,17,218236
10891,0.000762,172.31.36.0-255,66,89329,17,218236
10892,0.000788,74.125.130.0-255,1484,90813,17,218236
10893,0.000793,74.125.130.0-255,2902,93715,17,218236
10894,0.000816,74.125.130.0-255,5738,99453,17,218236
10895,0.000821,74.125.130.0-255,4320,103773,17,218236
10896,0.000827,172.31.36.0-255,66,103839,17,218236
10897,0.000839,74.125.130.0-255,5738,109577,17,218236
10898,0.000853,172.31.36.0-255,66,109643,17,218236
10899,0.0009,74.125.130.0-255,4320,113963,17,218236
10900,0.000934,172.31.36.0-255,66,114029,17,218236
10901,0.000942,74.125.130.0-255,1484,115513,17,218236
10902,0.000947,74.125.130.0-255,2902,118415,17,218236
10903,0.000949,74.125.130.0-255,1484,119899,17,218236
10904,0.000961,172.31.36.0-255,66,119965,17,218236
10905,0.000979,74.125.130.0-255,5738,125703,17,218236
10906,0.000982,74.125.130.0-255,1484,127187,17,218236
10907,0.000999,74.125.130.0-255,7156,134343,17,218236
10908,0.001011,74.125.130.0-255,4320,138663,17,218236
10909,0.001035,172.31.36.0-255,66,138729,17,218236
10910,0.001086,74.125.130.0-255,1484,140213,17,218236
10911,0.001092,74.125.130.0-255,2902,143115,17,218236
10912,0.0011,172.31.36.0-255,66,143181,17,218236
10913,0.001121,74.125.130.0-255,5738,148919,17,218236
10914,0.001129,74.125.130.0-255,7156,156075,17,218236
10915,0.001154,74.125.130.0-255,1484,157559,17,218236
10916,0.001159,172.31.36.0-255,66,157625,17,218236
10917,0.001216,172.31.36.0-255,66,157691,17,218236
10918,0.001293,172.31.36.0-255,66,157757,17,218236
10919,0.00132,74.125.130.0-255,1484,159241,17,218236
10920,0.001325,74.125.130.0-255,2902,162143,17,218236
10921,0.001329,74.125.130.0-255,2902,165045,17,218236
10922,0.001336,172.31.36.0-255,66,165111,17,218236
10923,0.001346,74.125.130.0-255,4320,169431,17,218236
10924,0.001355,74.125.130.0-255,2902,172333,17,218236
10925,0.001361,172.31.36.0-255,66,172399,17,218236
10926,0.001391,74.125.130.0-255,5738,178137,17,218236
10927,0.001415,74.125.130.0-255,3602,181739,17,218236
10928,0.001427,172.31.36.0-255,66,181805,17,218236
10929,0.00151,74.125.130.0-255,1484,183289,17,218236
10930,0.001513,74.125.130.0-255,1484,184773,17,218236
10931,0.001522,74.125.130.0-255,1484,186257,17,218236
10932,0.00155,74.125.130.0-255,5738,191995,17,218236
10933,0.001557,74.125.130.0-255,7156,199151,17,218236
10934,0.001563,172.31.36.0-255,66,199217,17,218236
10935,0.001571,74.125.130.0-255,2902,202119,17,218236
10936,0.001616,172.31.36.0-255,66,202185,17,218236
10937,0.001621,74.125.130.0-255,2184,204369,17,218236
10938,0.001626,172.31.36.0-255,66,204435,17,218236
10939,0.001707,74.125.130.0-255,2902,207337,17,218236
10940,0.001733,172.31.36.0-255,66,207403,17,218236
10941,0.001794,172.31.36.0-255,66,207469,17,218236
10942,0.00183,74.125.130.0-255,4320,211789,17,218236
10943,0.001833,172.31.36.0-255,66,211855,17,218236
10944,0.001874,74.125.130.0-255,1767,213622,17,218236
10945,0.001877,74.125.130.0-255,105,213727,17,218236
10946,0.001893,172.31.36.0-255,66,213793,17,218236
10947,0.014074,172.31.36.0-255,105,213898,17,218236
10948,0.01636,74.125.130.0-255,66,213964,17,218236
10949,0.039636,172.31.36.0-255,172,214136,17,218236
10950,0.03967,172.31.36.0-255,1117,215253,17,218236
10951,0.039731,172.31.36.0-255,1514,216767,17,218236
10952,0.039733,172.31.36.0-255,1271,218038,17,218236
10953,0.041166,104.244.42.0-255,66,218104,17,218236
10954,0.041225,104.244.42.0-255,66,218170,17,218236
10955,0.041268,104.244.42.0-255,66,218236,17,218236
10956,0.0,74.125.24.0-255,146,146,17,288961
10957,3.3e-05,172.31.36.0-255,66,212,17,288961
10958,4.1e-05,74.125.24.0-255,1484,1696,17,288961
10959,4.4e-05,172.31.36.0-255,66,1762,17,288961
10960,4.9e-05,74.125.24.0-255,2902,4664,17,288961
10961,6e-05,172.31.36.0-255,66,4730,17,288961
10962,6.7e-05,74.125.24.0-255,5738,10468,17,288961
10963,6.9e-05,172.31.36.0-255,66,10534,17,288961
10964,0.000101,74.125.24.0-255,3473,14007,17,288961
10965,0.000104,172.31.36.0-255,66,14073,17,288961
10966,0.000197,74.125.24.0-255,1484,15557,17,288961
10967,0.000202,172.31.36.0-255,66,15623,17,288961
10968,0.000207,74.125.24.0-255,2902,18525,17,288961
10969,0.000209,172.31.36.0-255,66,18591,17,288961
10970,0.000249,74.125.24.0-255,5738,24329,17,288961
10971,0.000251,172.31.36.0-255,66,24395,17,288961
10972,0.000259,74.125.24.0-255,6797,31192,17,288961
10973,0.000261,172.31.36.0-255,66,31258,17,288961
10974,0.000665,74.125.24.0-255,1484,32742,17,288961
10975,0.000671,172.31.36.0-255,66,32808,17,288961
10976,0.000681,74.125.24.0-255,2902,35710,17,288961
10977,0.000691,172.31.36.0-255,66,35776,17,288961
10978,0.000698,74.125.24.0-255,5738,41514,17,288961
10979,0.000701,172.31.36.0-255,66,41580,17,288961
10980,0.000708,74.125.24.0-255,6797,48377,17,288961
10981,0.000711,172.31.36.0-255,66,48443,17,288961
10982,0.000731,74.125.24.0-255,1484,49927,17,288961
10983,0.000735,172.31.36.0-255,66,49993,17,288961
10984,0.000786,172.31.36.0-255,66,50059,17,288961
10985,0.000791,74.125.24.0-255,2855,52914,17,288961
10986,0.000793,172.31.36.0-255,66,52980,17,288961
10987,0.000796,74.125.24.0-255,109,53089,17,288961
10988,0.000858,74.125.24.0-255,1484,54573,17,288961
10989,0.000863,74.125.24.0-255,2902,57475,17,288961
10990,0.00088,74.125.24.0-255,5738,63213,17,288961
10991,0.000912,74.125.24.0-255,5738,68951,17,288961
10992,0.000916,172.31.36.0-255,66,69017,17,288961
10993,0.000935,74.125.24.0-255,7156,76173,17,288961
10994,0.000939,74.125.24.0-255,1484,77657,17,288961
10995,0.000945,172.31.36.0-255,66,77723,17,288961
10996,0.000996,74.125.24.0-255,330,78053,17,288961
10997,0.00103,172.31.36.0-255,66,78119,17,288961
10998,0.001401,74.125.24.0-255,1484,79603,17,288961
10999,0.001407,74.125.24.0-255,1484,81087,17,288961
11000,0.001411,172.31.36.0-255,66,81153,17,288961
11001,0.001445,74.125.24.0-255,1484,82637,17,288961
11002,0.001453,74.125.24.0-255,5738,88375,17,288961
11003,0.00147,172.31.36.0-255,66,88441,17,288961
11004,0.001518,74.125.24.0-255,2902,91343,17,288961
11005,0.001554,172.31.36.0-255,66,91409,17,288961
11006,0.001577,172.31.36.0-255,66,91475,17,288961
11007,0.001639,74.125.24.0-255,4320,95795,17,288961
11008,0.001666,172.31.36.0-255,66,95861,17,288961
11009,0.003669,74.125.24.0-255,4320,100181,17,288961
11010,0.003674,172.31.36.0-255,66,100247,17,288961
11011,0.003701,74.125.24.0-255,1484,101731,17,288961
11012,0.005713,74.125.24.0-255,4320,106051,17,288961
11013,0.005718,172.31.36.0-255,66,106117,17,288961
11014,0.007745,74.125.24.0-255,5738,111855,17,288961
11015,0.00779,172.31.36.0-255,66,111921,17,288961
11016,0.009836,74.125.24.0-255,5738,117659,17,288961
11017,0.009843,172.31.36.0-255,66,117725,17,288961
11018,0.011885,74.125.24.0-255,5738,123463,17,288961
11019,0.011892,172.31.36.0-255,66,123529,17,288961
11020,0.013905,74.125.24.0-255,5738,129267,17,288961
11021,0.013915,172.31.36.0-255,66,129333,17,288961
11022,0.015944,74.125.24.0-255,5738,135071,17,288961
11023,0.015952,172.31.36.0-255,66,135137,17,288961
11024,0.017985,74.125.24.0-255,5738,140875,17,288961
11025,0.017993,172.31.36.0-255,66,140941,17,288961
11026,0.020034,74.125.24.0-255,5738,146679,17,288961
11027,0.020041,172.31.36.0-255,66,146745,17,288961
11028,0.02206,74.125.24.0-255,5738,152483,17,288961
11029,0.022068,172.31.36.0-255,66,152549,17,288961
11030,0.024083,74.125.24.0-255,5738,158287,17,288961
11031,0.02409,172.31.36.0-255,66,158353,17,288961
11032,0.025453,172.31.36.0-255,172,158525,17,288961
11033,0.025493,172.31.36.0-255,1118,159643,17,288961
11034,0.025561,172.31.36.0-255,1514,161157,17,288961
11035,0.025563,172.31.36.0-255,1270,162427,17,288961
11036,0.026123,74.125.24.0-255,5738,168165,17,288961
11037,0.02613,172.31.36.0-255,66,168231,17,288961
11038,0.02701,104.244.42.0-255,66,168297,17,288961
11039,0.027131,104.244.42.0-255,66,168363,17,288961
11040,0.027136,104.244.42.0-255,66,168429,17,288961
11041,0.028167,74.125.24.0-255,5738,174167,17,288961
11042,0.028172,172.31.36.0-255,66,174233,17,288961
11043,0.030234,74.125.24.0-255,5738,179971,17,288961
11044,0.030239,172.31.36.0-255,66,180037,17,288961
11045,0.032274,74.125.24.0-255,5738,185775,17,288961
11046,0.03228,172.31.36.0-255,66,185841,17,288961
11047,0.034328,74.125.24.0-255,5738,191579,17,288961
11048,0.034333,172.31.36.0-255,66,191645,17,288961
11049,0.03637,74.125.24.0-255,5738,197383,17,288961
11050,0.036376,172.31.36.0-255,66,197449,17,288961
11051,0.038416,74.125.24.0-255,5738,203187,17,288961
11052,0.038421,172.31.36.0-255,66,203253,17,288961
11053,0.040452,74.125.24.0-255,5738,208991,17,288961
11054,0.040458,172.31.36.0-255,66,209057,17,288961
11055,0.0425,74.125.24.0-255,5738,214795,17,288961
11056,0.042506,172.31.36.0-255,66,214861,17,288961
11057,0.044587,74.125.24.0-255,4320,219181,17,288961
11058,0.044608,172.31.36.0-255,66,219247,17,288961
11059,0.044633,74.125.24.0-255,1484,220731,17,288961
11060,0.04664,74.125.24.0-255,4320,225051,17,288961
11061,0.046645,172.31.36.0-255,66,225117,17,288961
11062,0.048689,74.125.24.0-255,5738,230855,17,288961
11063,0.048743,172.31.36.0-255,66,230921,17,288961
11064,0.050784,74.125.24.0-255,5738,236659,17,288961
11065,0.05079,172.31.36.0-255,66,236725,17,288961
11066,0.052813,74.125.24.0-255,5738,242463,17,288961
11067,0.052819,172.31.36.0-255,66,242529,17,288961
11068,0.054878,74.125.24.0-255,5738,248267,17,288961
11069,0.054883,172.31.36.0-255,66,248333,17,288961
11070,0.056911,74.125.24.0-255,5738,254071,17,288961
11071,0.056917,172.31.36.0-255,66,254137,17,288961
11072,0.058958,74.125.24.0-255,5738,259875,17,288961
11073,0.058963,172.31.36.0-255,66,259941,17,288961
11074,0.060998,74.125.24.0-255,5738,265679,17,288961
11075,0.061004,172.31.36.0-255,66,265745,17,288961
11076,0.063004,74.125.24.0-255,5738,271483,17,288961
11077,0.063009,172.31.36.0-255,66,271549,17,288961
11078,0.06505,74.125.24.0-255,5738,277287,17,288961
11079,0.065055,172.31.36.0-255,66,277353,17,288961
11080,0.067091,74.125.24.0-255,5738,283091,17,288961
11081,0.067097,172.31.36.0-255,66,283157,17,288961
11082,0.069133,74.125.24.0-255,5738,288895,17,288961
11083,0.069138,172.31.36.0-255,66,288961,17,288961
11084,0.0,74.125.24.0-255,66,66,17,66
11085,0.0,172.217.194.0-255,153,153,17,178390
11086,1.6e-05,172.31.36.0-255,66,219,17,178390
11087,2.3e-05,172.217.194.0-255,1484,1703,17,178390
11088,2.8e-05,172.31.36.0-255,66,1769,17,178390
11089,5.9e-05,172.217.194.0-255,2902,4671,17,178390
11090,6.8e-05,172.31.36.0-255,66,4737,17,178390
11091,7.5e-05,172.217.194.0-255,7156,11893,17,178390
11092,7.8e-05,172.31.36.0-255,66,11959,17,178390
11093,8.1e-05,172.217.194.0-255,2104,14063,17,178390
11094,8.5e-05,172.31.36.0-255,66,14129,17,178390
11095,0.000159,172.217.194.0-255,1484,15613,17,178390
11096,0.000163,172.31.36.0-255,66,15679,17,178390
11097,0.000169,172.217.194.0-255,2902,18581,17,178390
11098,0.000172,172.31.36.0-255,66,18647,17,178390
11099,0.000176,172.217.194.0-255,2902,21549,17,178390
11100,0.000185,172.31.36.0-255,66,21615,17,178390
11101,0.000215,172.217.194.0-255,2902,24517,17,178390
11102,0.000218,172.31.36.0-255,66,24583,17,178390
11103,0.000224,172.217.194.0-255,2902,27485,17,178390
11104,0.000227,172.31.36.0-255,66,27551,17,178390
11105,0.000255,172.217.194.0-255,3961,31512,17,178390
11106,0.000258,172.31.36.0-255,66,31578,17,178390
11107,0.000458,172.217.194.0-255,1484,33062,17,178390
11108,0.000464,172.31.36.0-255,66,33128,17,178390
11109,0.000493,172.217.194.0-255,2902,36030,17,178390
11110,0.000496,172.31.36.0-255,66,36096,17,178390
11111,0.000502,172.217.194.0-255,5738,41834,17,178390
11112,0.000504,172.31.36.0-255,66,41900,17,178390
11113,0.000518,172.217.194.0-255,5738,47638,17,178390
11114,0.00052,172.31.36.0-255,66,47704,17,178390
11115,0.000564,172.217.194.0-255,7156,54860,17,178390
11116,0.000569,172.31.36.0-255,66,54926,17,178390
11117,0.000601,172.217.194.0-255,6797,61723,17,178390
11118,0.000604,172.31.36.0-255,66,61789,17,178390
11119,0.000637,172.217.194.0-255,3961,65750,17,178390
11120,0.000641,172.31.36.0-255,66,65816,17,178390
11121,0.000695,172.217.194.0-255,646,66462,17,178390
11122,0.000793,172.217.194.0-255,1484,67946,17,178390
11123,0.000797,172.31.36.0-255,66,68012,17,178390
11124,0.000803,172.217.194.0-255,2902,70914,17,178390
11125,0.000805,172.31.36.0-255,66,70980,17,178390
11126,0.000808,172.217.194.0-255,1484,72464,17,178390
11127,0.000834,172.217.194.0-255,4320,76784,17,178390
11128,0.000837,172.31.36.0-255,66,76850,17,178390
11129,0.000841,172.217.194.0-255,1484,78334,17,178390
11130,0.000881,172.31.36.0-255,66,78400,17,178390
11131,0.0009,172.31.36.0-255,66,78466,17,178390
11132,0.000954,172.217.194.0-255,1484,79950,17,178390
11133,0.000959,172.217.194.0-255,2902,82852,17,178390
11134,0.000962,172.31.36.0-255,66,82918,17,178390
11135,0.000992,172.217.194.0-255,5738,88656,17,178390
11136,0.000995,172.31.36.0-255,66,88722,17,178390
11137,0.000999,172.217.194.0-255,2902,91624,17,178390
11138,0.001001,172.31.36.0-255,66,91690,17,178390
11139,0.00104,172.31.36.0-255,66,91756,17,178390
11140,0.001052,172.31.36.0-255,66,91822,17,178390
11141,0.001084,172.217.194.0-255,6438,98260,17,178390
11142,0.001087,172.31.36.0-255,66,98326,17,178390
11143,0.001115,172.217.194.0-255,7156,105482,17,178390
11144,0.00112,172.31.36.0-255,66,105548,17,178390
11145,0.001168,172.217.194.0-255,2902,108450,17,178390
11146,0.001171,172.31.36.0-255,66,108516,17,178390
11147,0.001213,172.31.36.0-255,66,108582,17,178390
11148,0.00122,172.217.194.0-255,6438,115020,17,178390
11149,0.001222,172.31.36.0-255,66,115086,17,178390
11150,0.001244,172.31.36.0-255,66,115152,17,178390
11151,0.001261,172.31.36.0-255,66,115218,17,178390
11152,0.001264,172.217.194.0-255,766,115984,17,178390
11153,0.001683,172.217.194.0-255,1484,117468,17,178390
11154,0.001688,172.31.36.0-255,66,117534,17,178390
11155,0.001694,172.217.194.0-255,2902,120436,17,178390
11156,0.001696,172.31.36.0-255,66,120502,17,178390
11157,0.0017,172.217.194.0-255,2902,123404,17,178390
11158,0.001702,172.31.36.0-255,66,123470,17,178390
11159,0.001735,172.217.194.0-255,2902,126372,17,178390
11160,0.001739,172.31.36.0-255,66,126438,17,178390
11161,0.001745,172.217.194.0-255,4320,130758,17,178390
11162,0.001747,172.31.36.0-255,66,130824,17,178390
11163,0.001767,172.31.36.0-255,66,130890,17,178390
11164,0.001807,172.31.36.0-255,66,130956,17,178390
11165,0.002338,172.217.194.0-255,1484,132440,17,178390
11166,0.002348,172.217.194.0-255,2902,135342,17,178390
11167,0.002352,172.31.36.0-255,66,135408,17,178390
11168,0.002359,172.217.194.0-255,5738,141146,17,178390
11169,0.002361,172.31.36.0-255,66,141212,17,178390
11170,0.002399,172.31.36.0-255,66,141278,17,178390
11171,0.002403,172.217.194.0-255,2902,144180,17,178390
11172,0.002405,172.31.36.0-255,66,144246,17,178390
11173,0.002435,172.217.194.0-255,7156,151402,17,178390
11174,0.002438,172.31.36.0-255,66,151468,17,178390
11175,0.002441,172.217.194.0-255,766,152234,17,178390
11176,0.002472,172.217.194.0-255,1484,153718,17,178390
11177,0.002474,172.31.36.0-255,66,153784,17,178390
11178,0.002501,172.217.194.0-255,4320,158104,17,178390
11179,0.002503,172.31.36.0-255,66,158170,17,178390
11180,0.002506,172.217.194.0-255,1484,159654,17,178390
11181,0.002546,172.31.36.0-255,66,159720,17,178390
11182,0.002549,172.217.194.0-255,1484,161204,17,178390
11183,0.002584,172.31.36.0-255,66,161270,17,178390
11184,0.002615,172.217.194.0-255,5020,166290,17,178390
11185,0.002617,172.31.36.0-255,66,166356,17,178390
11186,0.002647,172.31.36.0-255,66,166422,17,178390
11187,0.00266,172.31.36.0-255,66,166488,17,178390
11188,0.002751,172.217.194.0-255,1484,167972,17,178390
11189,0.002778,172.217.194.0-255,4320,172292,17,178390
11190,0.0028,172.217.194.0-255,1484,173776,17,178390
11191,0.002837,172.217.194.0-255,105,173881,17,178390
11192,0.010193,172.31.36.0-255,66,173947,17,178390
11193,0.011722,172.31.36.0-255,105,174052,17,178390
11194,0.014279,172.217.194.0-255,66,174118,17,178390
11195,0.036937,172.31.36.0-255,172,174290,17,178390
11196,0.03697,172.31.36.0-255,1117,175407,17,178390
11197,0.037007,172.31.36.0-255,1514,176921,17,178390
11198,0.037009,172.31.36.0-255,1271,178192,17,178390
11199,0.038507,104.244.42.0-255,66,178258,17,178390
11200,0.038605,104.244.42.0-255,66,178324,17,178390
11201,0.038616,104.244.42.0-255,66,178390,17,178390
11202,0.0,172.217.194.0-255,215,215,17,285683
11203,2.5e-05,172.31.36.0-255,66,281,17,285683
11204,3.2e-05,172.217.194.0-255,1484,1765,17,285683
11205,3.6e-05,172.31.36.0-255,66,1831,17,285683
11206,4.4e-05,172.217.194.0-255,4320,6151,17,285683
11207,4.7e-05,172.31.36.0-255,66,6217,17,285683
11208,5.5e-05,172.217.194.0-255,7156,13373,17,285683
11209,5.8e-05,172.31.36.0-255,66,13439,17,285683
11210,6.1e-05,172.217.194.0-255,353,13792,17,285683
11211,6.3e-05,172.31.36.0-255,66,13858,17,285683
11212,0.00023,172.217.194.0-255,1484,15342,17,285683
11213,0.000235,172.31.36.0-255,66,15408,17,285683
11214,0.000241,172.217.194.0-255,2902,18310,17,285683
11215,0.000244,172.31.36.0-255,66,18376,17,285683
11216,0.000248,172.217.194.0-255,2902,21278,17,285683
11217,0.00025,172.31.36.0-255,66,21344,17,285683
11218,0.000277,172.217.194.0-255,4320,25664,17,285683
11219,0.00028,172.31.36.0-255,66,25730,17,285683
11220,0.000298,172.217.194.0-255,1484,27214,17,285683
11221,0.000301,172.31.36.0-255,66,27280,17,285683
11222,0.000326,172.31.36.0-255,66,27346,17,285683
11223,0.000337,172.31.36.0-255,66,27412,17,285683
11224,0.000356,172.217.194.0-255,1484,28896,17,285683
11225,0.000359,172.31.36.0-255,66,28962,17,285683
11226,0.000364,172.217.194.0-255,2543,31505,17,285683
11227,0.000366,172.31.36.0-255,66,31571,17,285683
11228,0.000507,172.217.194.0-255,1484,33055,17,285683
11229,0.000511,172.31.36.0-255,66,33121,17,285683
11230,0.000517,172.217.194.0-255,2902,36023,17,285683
11231,0.000519,172.31.36.0-255,66,36089,17,285683
11232,0.000525,172.217.194.0-255,4320,40409,17,285683
11233,0.000527,172.31.36.0-255,66,40475,17,285683
11234,0.000549,172.217.194.0-255,1484,41959,17,285683
11235,0.000556,172.217.194.0-255,4320,46279,17,285683
11236,0.000559,172.31.36.0-255,66,46345,17,285683
11237,0.000579,172.217.194.0-255,3154,49499,17,285683
11238,0.000581,172.31.36.0-255,66,49565,17,285683
11239,0.000758,172.217.194.0-255,1484,51049,17,285683
11240,0.000762,172.217.194.0-255,2902,53951,17,285683
11241,0.00077,172.31.36.0-255,66,54017,17,285683
11242,0.000782,172.217.194.0-255,5738,59755,17,285683
11243,0.000784,172.31.36.0-255,66,59821,17,285683
11244,0.000837,172.217.194.0-255,6797,66618,17,285683
11245,0.000839,172.31.36.0-255,66,66684,17,285683
11246,0.000844,172.217.194.0-255,2902,69586,17,285683
11247,0.000846,172.31.36.0-255,66,69652,17,285683
11248,0.000862,172.217.194.0-255,4320,73972,17,285683
11249,0.000865,172.31.36.0-255,66,74038,17,285683
11250,0.000868,172.217.194.0-255,1484,75522,17,285683
11251,0.000915,172.217.194.0-255,4320,79842,17,285683
11252,0.000918,172.31.36.0-255,66,79908,17,285683
11253,0.000938,172.217.194.0-255,3961,83869,17,285683
11254,0.000941,172.31.36.0-255,66,83935,17,285683
11255,0.001581,172.217.194.0-255,1484,85419,17,285683
11256,0.001588,172.217.194.0-255,2902,88321,17,285683
11257,0.001592,172.31.36.0-255,66,88387,17,285683
11258,0.001599,172.217.194.0-255,5738,94125,17,285683
11259,0.001602,172.31.36.0-255,66,94191,17,285683
11260,0.001624,172.217.194.0-255,4320,98511,17,285683
11261,0.001626,172.31.36.0-255,66,98577,17,285683
11262,0.001653,172.31.36.0-255,66,98643,17,285683
11263,0.001687,172.31.36.0-255,66,98709,17,285683
11264,0.001705,172.217.194.0-255,2184,100893,17,285683
11265,0.001708,172.31.36.0-255,66,100959,17,285683
11266,0.002131,172.217.194.0-255,1484,102443,17,285683
11267,0.002141,172.217.194.0-255,2902,105345,17,285683
11268,0.002146,172.31.36.0-255,66,105411,17,285683
11269,0.002153,172.217.194.0-255,5738,111149,17,285683
11270,0.002156,172.31.36.0-255,66,111215,17,285683
11271,0.002187,172.31.36.0-255,66,111281,17,285683
11272,0.002209,172.217.194.0-255,2902,114183,17,285683
11273,0.002212,172.31.36.0-255,66,114249,17,285683
11274,0.002224,172.31.36.0-255,66,114315,17,285683
11275,0.004512,172.217.194.0-255,5738,120053,17,285683
11276,0.004519,172.31.36.0-255,66,120119,17,285683
11277,0.006818,172.217.194.0-255,5738,125857,17,285683
11278,0.006825,172.31.36.0-255,66,125923,17,285683
11279,0.009096,172.217.194.0-255,2902,128825,17,285683
11280,0.009101,172.31.36.0-255,66,128891,17,285683
11281,0.009121,172.217.194.0-255,2902,131793,17,285683
11282,0.009124,172.31.36.0-255,66,131859,17,285683
11283,0.011411,172.217.194.0-255,5738,137597,17,285683
11284,0.011418,172.31.36.0-255,66,137663,17,285683
11285,0.013738,172.217.194.0-255,5738,143401,17,285683
11286,0.013747,172.31.36.0-255,66,143467,17,285683
11287,0.016067,172.217.194.0-255,5738,149205,17,285683
11288,0.016077,172.31.36.0-255,66,149271,17,285683
11289,0.018364,172.217.194.0-255,5738,155009,17,285683
11290,0.018373,172.31.36.0-255,66,155075,17,285683
11291,0.02069,172.217.194.0-255,5738,160813,17,285683
11292,0.020698,172.31.36.0-255,66,160879,17,285683
11293,0.022993,172.217.194.0-255,5738,166617,17,285683
11294,0.023004,172.31.36.0-255,66,166683,17,285683
11295,0.025321,172.217.194.0-255,5738,172421,17,285683
11296,0.025329,172.31.36.0-255,66,172487,17,285683
11297,0.027632,172.217.194.0-255,5738,178225,17,285683
11298,0.02764,172.31.36.0-255,66,178291,17,285683
11299,0.029306,172.31.36.0-255,172,178463,17,285683
11300,0.029336,172.31.36.0-255,1117,179580,17,285683
11301,0.029405,172.31.36.0-255,1514,181094,17,285683
11302,0.029408,172.31.36.0-255,1271,182365,17,285683
11303,0.029924,172.217.194.0-255,5738,188103,17,285683
11304,0.029931,172.31.36.0-255,66,188169,17,285683
11305,0.030882,104.244.42.0-255,66,188235,17,285683
11306,0.030919,104.244.42.0-255,66,188301,17,285683
11307,0.030956,104.244.42.0-255,66,188367,17,285683
11308,0.032215,172.217.194.0-255,5738,194105,17,285683
11309,0.03222,172.31.36.0-255,66,194171,17,285683
11310,0.034535,172.217.194.0-255,5738,199909,17,285683
11311,0.034543,172.31.36.0-255,66,199975,17,285683
11312,0.036868,172.217.194.0-255,5738,205713,17,285683
11313,0.036887,172.31.36.0-255,66,205779,17,285683
11314,0.039228,172.217.194.0-255,5738,211517,17,285683
11315,0.039247,172.31.36.0-255,66,211583,17,285683
11316,0.041553,172.217.194.0-255,5738,217321,17,285683
11317,0.04158,172.31.36.0-255,66,217387,17,285683
11318,0.043893,172.217.194.0-255,5738,223125,17,285683
11319,0.043909,172.31.36.0-255,66,223191,17,285683
11320,0.046234,172.217.194.0-255,5738,228929,17,285683
11321,0.046249,172.31.36.0-255,66,228995,17,285683
11322,0.048553,172.217.194.0-255,4320,233315,17,285683
11323,0.048561,172.31.36.0-255,66,233381,17,285683
11324,0.048581,172.217.194.0-255,1484,234865,17,285683
11325,0.050826,172.217.194.0-255,4320,239185,17,285683
11326,0.050833,172.31.36.0-255,66,239251,17,285683
11327,0.053116,172.217.194.0-255,5738,244989,17,285683
11328,0.053123,172.31.36.0-255,66,245055,17,285683
11329,0.055441,172.217.194.0-255,5738,250793,17,285683
11330,0.055459,172.31.36.0-255,66,250859,17,285683
11331,0.057771,172.217.194.0-255,5738,256597,17,285683
11332,0.05778,172.31.36.0-255,66,256663,17,285683
11333,0.060123,172.217.194.0-255,5738,262401,17,285683
11334,0.06013,172.31.36.0-255,66,262467,17,285683
11335,0.06245,172.217.194.0-255,5738,268205,17,285683
11336,0.062456,172.31.36.0-255,66,268271,17,285683
11337,0.064776,172.217.194.0-255,5738,274009,17,285683
11338,0.064782,172.31.36.0-255,66,274075,17,285683
11339,0.067089,172.217.194.0-255,5738,279813,17,285683
11340,0.067095,172.31.36.0-255,66,279879,17,285683
11341,0.06941,172.217.194.0-255,5738,285617,17,285683
11342,0.069416,172.31.36.0-255,66,285683,17,285683
11343,0.0,172.217.194.0-255,146,146,17,151955
11344,2.9e-05,172.31.36.0-255,66,212,17,151955
11345,3.5e-05,172.217.194.0-255,1484,1696,17,151955
11346,3.9e-05,172.31.36.0-255,66,1762,17,151955
11347,4.4e-05,172.217.194.0-255,2902,4664,17,151955
11348,4.6e-05,172.31.36.0-255,66,4730,17,151955
11349,5.4e-05,172.217.194.0-255,7156,11886,17,151955
11350,5.6e-05,172.31.36.0-255,66,11952,17,151955
11351,5.9e-05,172.217.194.0-255,1484,13436,17,151955
11352,6.1e-05,172.31.36.0-255,66,13502,17,151955
11353,0.000113,172.31.36.0-255,66,13568,17,151955
11354,0.000119,172.217.194.0-255,4320,17888,17,151955
11355,0.00012,172.31.36.0-255,66,17954,17,151955
11356,0.000147,172.217.194.0-255,2543,20497,17,151955
11357,0.00015,172.31.36.0-255,66,20563,17,151955
11358,0.000175,172.217.194.0-255,1484,22047,17,151955
11359,0.000178,172.31.36.0-255,66,22113,17,151955
11360,0.000184,172.217.194.0-255,2902,25015,17,151955
11361,0.000186,172.31.36.0-255,66,25081,17,151955
11362,0.000192,172.217.194.0-255,5738,30819,17,151955
11363,0.000194,172.31.36.0-255,66,30885,17,151955
11364,0.000197,172.217.194.0-255,1484,32369,17,151955
11365,0.000199,172.31.36.0-255,66,32435,17,151955
11366,0.000229,172.217.194.0-255,6797,39232,17,151955
11367,0.000232,172.31.36.0-255,66,39298,17,151955
11368,0.000244,172.31.36.0-255,66,39364,17,151955
11369,0.000247,172.217.194.0-255,1484,40848,17,151955
11370,0.000249,172.31.36.0-255,66,40914,17,151955
11371,0.000267,172.217.194.0-255,5667,46581,17,151955
11372,0.000271,172.31.36.0-255,66,46647,17,151955
11373,0.00075,172.217.194.0-255,99,46746,17,151955
11374,0.000849,172.217.194.0-255,1484,48230,17,151955
11375,0.000854,172.31.36.0-255,66,48296,17,151955
11376,0.000861,172.217.194.0-255,2902,51198,17,151955
11377,0.000863,172.31.36.0-255,66,51264,17,151955
11378,0.000869,172.217.194.0-255,5738,57002,17,151955
11379,0.000872,172.31.36.0-255,66,57068,17,151955
11380,0.000909,172.31.36.0-255,66,57134,17,151955
11381,0.000929,172.217.194.0-255,1125,58259,17,151955
11382,0.000941,172.31.36.0-255,66,58325,17,151955
11383,0.001417,172.217.194.0-255,1484,59809,17,151955
11384,0.001425,172.217.194.0-255,1484,61293,17,151955
11385,0.001431,172.31.36.0-255,66,61359,17,151955
11386,0.001453,172.217.194.0-255,1484,62843,17,151955
11387,0.001458,172.217.194.0-255,4320,67163,17,151955
11388,0.001461,172.31.36.0-255,66,67229,17,151955
11389,0.001494,172.31.36.0-255,66,67295,17,151955
11390,0.001509,172.31.36.0-255,66,67361,17,151955
11391,0.001529,172.217.194.0-255,2184,69545,17,151955
11392,0.001531,172.31.36.0-255,66,69611,17,151955
11393,0.001572,172.217.194.0-255,1484,71095,17,151955
11394,0.001577,172.217.194.0-255,2902,73997,17,151955
11395,0.001579,172.31.36.0-255,66,74063,17,151955
11396,0.001586,172.217.194.0-255,5738,79801,17,151955
11397,0.001588,172.31.36.0-255,66,79867,17,151955
11398,0.001591,172.217.194.0-255,1484,81351,17,151955
11399,0.001625,172.31.36.0-255,66,81417,17,151955
11400,0.001642,172.217.194.0-255,1484,82901,17,151955
11401,0.001668,172.31.36.0-255,66,82967,17,151955
11402,0.001787,172.217.194.0-255,1484,84451,17,151955
11403,0.001793,172.217.194.0-255,2902,87353,17,151955
11404,0.001795,172.31.36.0-255,66,87419,17,151955
11405,0.00182,172.217.194.0-255,5738,93157,17,151955
11406,0.001822,172.31.36.0-255,66,93223,17,151955
11407,0.001894,172.217.194.0-255,5738,98961,17,151955
11408,0.001911,172.217.194.0-255,4320,103281,17,151955
11409,0.001913,172.217.194.0-255,766,104047,17,151955
11410,0.001945,172.217.194.0-255,1484,105531,17,151955
11411,0.001963,172.217.194.0-255,2902,108433,17,151955
11412,0.00197,172.217.194.0-255,5738,114171,17,151955
11413,0.001995,172.217.194.0-255,5738,119909,17,151955
11414,0.002019,172.217.194.0-255,7156,127065,17,151955
11415,0.002062,172.217.194.0-255,5738,132803,17,151955
11416,0.002149,172.217.194.0-255,5738,138541,17,151955
11417,0.00226,172.217.194.0-255,5738,144279,17,151955
11418,0.00449,172.31.36.0-255,66,144345,17,151955
11419,0.006775,172.217.194.0-255,2118,146463,17,151955
11420,0.006781,172.31.36.0-255,66,146529,17,151955
11421,0.006946,172.31.36.0-255,105,146634,17,151955
11422,0.009191,172.217.194.0-255,66,146700,17,151955
11423,0.025419,172.31.36.0-255,176,146876,17,151955
11424,0.025452,172.31.36.0-255,1117,147993,17,151955
11425,0.025583,172.31.36.0-255,1514,149507,17,151955
11426,0.025586,172.31.36.0-255,1514,151021,17,151955
11427,0.025616,172.31.36.0-255,670,151691,17,151955
11428,0.027004,104.244.42.0-255,66,151757,17,151955
11429,0.027042,104.244.42.0-255,66,151823,17,151955
11430,0.027141,104.244.42.0-255,66,151889,17,151955
11431,0.027197,104.244.42.0-255,66,151955,17,151955
11432,0.0,74.125.24.0-255,152,152,17,238447
11433,1.8e-05,172.31.36.0-255,66,218,17,238447
11434,2.5e-05,74.125.24.0-255,1484,1702,17,238447
11435,3e-05,172.31.36.0-255,66,1768,17,238447
11436,3.6e-05,74.125.24.0-255,2902,4670,17,238447
11437,3.9e-05,172.31.36.0-255,66,4736,17,238447
11438,4.8e-05,74.125.24.0-255,7156,11892,17,238447
11439,5e-05,172.31.36.0-255,66,11958,17,238447
11440,5.5e-05,74.125.24.0-255,2111,14069,17,238447
11441,5.7e-05,172.31.36.0-255,66,14135,17,238447
11442,0.000103,74.125.24.0-255,1484,15619,17,238447
11443,0.000106,172.31.36.0-255,66,15685,17,238447
11444,0.000111,74.125.24.0-255,2902,18587,17,238447
11445,0.000114,172.31.36.0-255,66,18653,17,238447
11446,0.00012,74.125.24.0-255,5738,24391,17,238447
11447,0.000123,172.31.36.0-255,66,24457,17,238447
11448,0.000163,74.125.24.0-255,2902,27359,17,238447
11449,0.000166,172.31.36.0-255,66,27425,17,238447
11450,0.000186,74.125.24.0-255,3961,31386,17,238447
11451,0.000189,172.31.36.0-255,66,31452,17,238447
11452,0.000352,74.125.24.0-255,1484,32936,17,238447
11453,0.000357,172.31.36.0-255,66,33002,17,238447
11454,0.000363,74.125.24.0-255,2902,35904,17,238447
11455,0.000366,172.31.36.0-255,66,35970,17,238447
11456,0.000372,74.125.24.0-255,5738,41708,17,238447
11457,0.000374,172.31.36.0-255,66,41774,17,238447
11458,0.000401,74.125.24.0-255,5738,47512,17,238447
11459,0.000404,172.31.36.0-255,66,47578,17,238447
11460,0.000424,74.125.24.0-255,5379,52957,17,238447
11461,0.000426,172.31.36.0-255,66,53023,17,238447
11462,0.00044,172.31.36.0-255,66,53089,17,238447
11463,0.000443,74.125.24.0-255,1435,54524,17,238447
11464,0.000829,74.125.24.0-255,109,54633,17,238447
11465,0.001002,172.31.36.0-255,66,54699,17,238447
11466,0.001521,74.125.24.0-255,333,55032,17,238447
11467,0.00156,74.125.24.0-255,1484,56516,17,238447
11468,0.001566,172.31.36.0-255,66,56582,17,238447
11469,0.001575,74.125.24.0-255,2902,59484,17,238447
11470,0.001577,172.31.36.0-255,66,59550,17,238447
11471,0.001582,74.125.24.0-255,2902,62452,17,238447
11472,0.001584,172.31.36.0-255,66,62518,17,238447
11473,0.001604,74.125.24.0-255,2902,65420,17,238447
11474,0.001606,172.31.36.0-255,66,65486,17,238447
11475,0.001617,172.31.36.0-255,66,65552,17,238447
11476,0.001636,74.125.24.0-255,4320,69872,17,238447
11477,0.001639,172.31.36.0-255,66,69938,17,238447
11478,0.001683,172.31.36.0-255,66,70004,17,238447
11479,0.004086,74.125.24.0-255,5738,75742,17,238447
11480,0.004092,172.31.36.0-255,66,75808,17,238447
11481,0.006475,74.125.24.0-255,5738,81546,17,238447
11482,0.006481,172.31.36.0-255,66,81612,17,238447
11483,0.008887,74.125.24.0-255,5738,87350,17,238447
11484,0.008896,172.31.36.0-255,66,87416,17,238447
11485,0.011344,74.125.24.0-255,5738,93154,17,238447
11486,0.011353,172.31.36.0-255,66,93220,17,238447
11487,0.013728,74.125.24.0-255,5738,98958,17,238447
11488,0.013736,172.31.36.0-255,66,99024,17,238447
11489,0.015516,172.31.36.0-255,172,99196,17,238447
11490,0.015545,172.31.36.0-255,1117,100313,17,238447
11491,0.015587,172.31.36.0-255,1514,101827,17,238447
11492,0.015588,172.31.36.0-255,1214,103041,17,238447
11493,0.016133,74.125.24.0-255,5738,108779,17,238447
11494,0.016139,172.31.36.0-255,66,108845,17,238447
11495,0.017148,104.244.42.0-255,66,108911,17,238447
11496,0.018497,74.125.24.0-255,2902,111813,17,238447
11497,0.018501,172.31.36.0-255,66,111879,17,238447
11498,0.018533,74.125.24.0-255,2902,114781,17,238447
11499,0.018537,172.31.36.0-255,66,114847,17,238447
11500,0.020868,74.125.24.0-255,2902,117749,17,238447
11501,0.020874,172.31.36.0-255,66,117815,17,238447
11502,0.020903,74.125.24.0-255,2902,120717,17,238447
11503,0.020906,172.31.36.0-255,66,120783,17,238447
11504,0.023234,74.125.24.0-255,2902,123685,17,238447
11505,0.023238,172.31.36.0-255,66,123751,17,238447
11506,0.023276,74.125.24.0-255,2902,126653,17,238447
11507,0.023279,172.31.36.0-255,66,126719,17,238447
11508,0.025614,74.125.24.0-255,2902,129621,17,238447
11509,0.02562,172.31.36.0-255,66,129687,17,238447
11510,0.025668,74.125.24.0-255,2902,132589,17,238447
11511,0.025672,172.31.36.0-255,66,132655,17,238447
11512,0.027976,74.125.24.0-255,2902,135557,17,238447
11513,0.027981,172.31.36.0-255,66,135623,17,238447
11514,0.02804,74.125.24.0-255,2902,138525,17,238447
11515,0.028045,172.31.36.0-255,66,138591,17,238447
11516,0.030331,74.125.24.0-255,2902,141493,17,238447
11517,0.030337,172.31.36.0-255,66,141559,17,238447
11518,0.030436,74.125.24.0-255,2902,144461,17,238447
11519,0.030441,172.31.36.0-255,66,144527,17,238447
11520,0.032736,74.125.24.0-255,2902,147429,17,238447
11521,0.032741,172.31.36.0-255,66,147495,17,238447
11522,0.032801,74.125.24.0-255,2902,150397,17,238447
11523,0.032805,172.31.36.0-255,66,150463,17,238447
11524,0.035089,74.125.24.0-255,2902,153365,17,238447
11525,0.035094,172.31.36.0-255,66,153431,17,238447
11526,0.035179,74.125.24.0-255,2902,156333,17,238447
11527,0.035183,172.31.36.0-255,66,156399,17,238447
11528,0.037435,74.125.24.0-255,2902,159301,17,238447
11529,0.03744,172.31.36.0-255,66,159367,17,238447
11530,0.037547,74.125.24.0-255,2902,162269,17,238447
11531,0.037552,172.31.36.0-255,66,162335,17,238447
11532,0.03982,74.125.24.0-255,2902,165237,17,238447
11533,0.039826,172.31.36.0-255,66,165303,17,238447
11534,0.039918,74.125.24.0-255,2902,168205,17,238447
11535,0.039923,172.31.36.0-255,66,168271,17,238447
11536,0.042168,74.125.24.0-255,2902,171173,17,238447
11537,0.042189,172.31.36.0-255,66,171239,17,238447
11538,0.042267,74.125.24.0-255,2902,174141,17,238447
11539,0.042272,172.31.36.0-255,66,174207,17,238447
11540,0.044545,74.125.24.0-255,2902,177109,17,238447
11541,0.044552,172.31.36.0-255,66,177175,17,238447
11542,0.044617,74.125.24.0-255,2902,180077,17,238447
11543,0.044623,172.31.36.0-255,66,180143,17,238447
11544,0.046906,74.125.24.0-255,2902,183045,17,238447
11545,0.04691,172.31.36.0-255,66,183111,17,238447
11546,0.046957,74.125.24.0-255,2902,186013,17,238447
11547,0.046961,172.31.36.0-255,66,186079,17,238447
11548,0.049322,74.125.24.0-255,5738,191817,17,238447
11549,0.049337,172.31.36.0-255,66,191883,17,238447
11550,0.051676,74.125.24.0-255,2902,194785,17,238447
11551,0.051681,172.31.36.0-255,66,194851,17,238447
11552,0.051704,74.125.24.0-255,2902,197753,17,238447
11553,0.051707,172.31.36.0-255,66,197819,17,238447
11554,0.054091,74.125.24.0-255,5738,203557,17,238447
11555,0.054097,172.31.36.0-255,66,203623,17,238447
11556,0.056482,74.125.24.0-255,5738,209361,17,238447
11557,0.056488,172.31.36.0-255,66,209427,17,238447
11558,0.05884,74.125.24.0-255,5738,215165,17,238447
11559,0.058845,172.31.36.0-255,66,215231,17,238447
11560,0.061236,74.125.24.0-255,5738,220969,17,238447
11561,0.061243,172.31.36.0-255,66,221035,17,238447
11562,0.063606,74.125.24.0-255,5738,226773,17,238447
11563,0.063612,172.31.36.0-255,66,226839,17,238447
11564,0.065994,74.125.24.0-255,5738,232577,17,238447
11565,0.066001,172.31.36.0-255,66,232643,17,238447
11566,0.068375,74.125.24.0-255,5738,238381,17,238447
11567,0.068381,172.31.36.0-255,66,238447,17,238447
11568,0.0,74.125.24.0-255,148,148,17,260797
11569,2.7e-05,172.31.36.0-255,66,214,17,260797
11570,3.3e-05,74.125.24.0-255,1484,1698,17,260797
11571,3.7e-05,172.31.36.0-255,66,1764,17,260797
11572,4.3e-05,74.125.24.0-255,2902,4666,17,260797
11573,4.6e-05,172.31.36.0-255,66,4732,17,260797
11574,7.3e-05,74.125.24.0-255,7156,11888,17,260797
11575,7.6e-05,172.31.36.0-255,66,11954,17,260797
11576,8e-05,74.125.24.0-255,2013,13967,17,260797
11577,8.2e-05,172.31.36.0-255,66,14033,17,260797
11578,0.00034,74.125.24.0-255,1484,15517,17,260797
11579,0.000345,172.31.36.0-255,66,15583,17,260797
11580,0.000352,74.125.24.0-255,2902,18485,17,260797
11581,0.000354,172.31.36.0-255,66,18551,17,260797
11582,0.000358,74.125.24.0-255,2902,21453,17,260797
11583,0.00036,172.31.36.0-255,66,21519,17,260797
11584,0.000383,74.125.24.0-255,2902,24421,17,260797
11585,0.000386,172.31.36.0-255,66,24487,17,260797
11586,0.000429,74.125.24.0-255,1484,25971,17,260797
11587,0.000432,172.31.36.0-255,66,26037,17,260797
11588,0.000456,74.125.24.0-255,5379,31416,17,260797
11589,0.000459,172.31.36.0-255,66,31482,17,260797
11590,0.000572,74.125.24.0-255,1484,32966,17,260797
11591,0.000575,172.31.36.0-255,66,33032,17,260797
11592,0.000584,74.125.24.0-255,2902,35934,17,260797
11593,0.000587,172.31.36.0-255,66,36000,17,260797
11594,0.000591,74.125.24.0-255,1484,37484,17,260797
11595,0.000592,172.31.36.0-255,66,37550,17,260797
11596,0.000609,74.125.24.0-255,2902,40452,17,260797
11597,0.000612,172.31.36.0-255,66,40518,17,260797
11598,0.000624,74.125.24.0-255,1484,42002,17,260797
11599,0.000626,172.31.36.0-255,66,42068,17,260797
11600,0.000652,172.31.36.0-255,66,42134,17,260797
11601,0.000662,172.31.36.0-255,66,42200,17,260797
11602,0.000675,74.125.24.0-255,1484,43684,17,260797
11603,0.000691,74.125.24.0-255,1484,45168,17,260797
11604,0.000695,172.31.36.0-255,66,45234,17,260797
11605,0.000708,74.125.24.0-255,3961,49195,17,260797
11606,0.000711,172.31.36.0-255,66,49261,17,260797
11607,0.00112,74.125.24.0-255,396,49657,17,260797
11608,0.001303,74.125.24.0-255,1484,51141,17,260797
11609,0.001307,172.31.36.0-255,66,51207,17,260797
11610,0.001327,74.125.24.0-255,2902,54109,17,260797
11611,0.001329,172.31.36.0-255,66,54175,17,260797
11612,0.001333,74.125.24.0-255,2902,57077,17,260797
11613,0.001335,172.31.36.0-255,66,57143,17,260797
11614,0.00135,74.125.24.0-255,2902,60045,17,260797
11615,0.001352,172.31.36.0-255,66,60111,17,260797
11616,0.001378,172.31.36.0-255,66,60177,17,260797
11617,0.001381,74.125.24.0-255,1484,61661,17,260797
11618,0.001405,172.31.36.0-255,66,61727,17,260797
11619,0.001411,74.125.24.0-255,5020,66747,17,260797
11620,0.001413,172.31.36.0-255,66,66813,17,260797
11621,0.001506,74.125.24.0-255,347,67160,17,260797
11622,0.001622,74.125.24.0-255,1484,68644,17,260797
11623,0.001625,172.31.36.0-255,66,68710,17,260797
11624,0.00163,74.125.24.0-255,2902,71612,17,260797
11625,0.001632,172.31.36.0-255,66,71678,17,260797
11626,0.001651,74.125.24.0-255,5738,77416,17,260797
11627,0.001653,172.31.36.0-255,66,77482,17,260797
11628,0.001687,172.31.36.0-255,66,77548,17,260797
11629,0.001719,74.125.24.0-255,4320,81868,17,260797
11630,0.001721,172.31.36.0-255,66,81934,17,260797
11631,0.001742,74.125.24.0-255,4320,86254,17,260797
11632,0.001745,172.31.36.0-255,66,86320,17,260797
11633,0.001748,74.125.24.0-255,2184,88504,17,260797
11634,0.00175,172.31.36.0-255,66,88570,17,260797
11635,0.002394,74.125.24.0-255,1484,90054,17,260797
11636,0.002419,74.125.24.0-255,2902,92956,17,260797
11637,0.002422,172.31.36.0-255,66,93022,17,260797
11638,0.002444,74.125.24.0-255,4320,97342,17,260797
11639,0.002446,172.31.36.0-255,66,97408,17,260797
11640,0.00245,74.125.24.0-255,2902,100310,17,260797
11641,0.002452,172.31.36.0-255,66,100376,17,260797
11642,0.002469,74.125.24.0-255,5738,106114,17,260797
11643,0.002472,172.31.36.0-255,66,106180,17,260797
11644,0.002489,74.125.24.0-255,2902,109082,17,260797
11645,0.002491,172.31.36.0-255,66,109148,17,260797
11646,0.002523,172.31.36.0-255,66,109214,17,260797
11647,0.00254,74.125.24.0-255,2902,112116,17,260797
11648,0.002542,172.31.36.0-255,66,112182,17,260797
11649,0.002555,74.125.24.0-255,766,112948,17,260797
11650,0.005124,74.125.24.0-255,1484,114432,17,260797
11651,0.005126,172.31.36.0-255,66,114498,17,260797
11652,0.005174,74.125.24.0-255,2902,117400,17,260797
11653,0.005176,172.31.36.0-255,66,117466,17,260797
11654,0.007766,74.125.24.0-255,2902,120368,17,260797
11655,0.007774,172.31.36.0-255,66,120434,17,260797
11656,0.007794,74.125.24.0-255,2902,123336,17,260797
11657,0.007797,172.31.36.0-255,66,123402,17,260797
11658,0.01042,74.125.24.0-255,5738,129140,17,260797
11659,0.010428,172.31.36.0-255,66,129206,17,260797
11660,0.013058,74.125.24.0-255,5738,134944,17,260797
11661,0.013069,172.31.36.0-255,66,135010,17,260797
11662,0.015697,74.125.24.0-255,5738,140748,17,260797
11663,0.015707,172.31.36.0-255,66,140814,17,260797
11664,0.018313,74.125.24.0-255,5738,146552,17,260797
11665,0.018321,172.31.36.0-255,66,146618,17,260797
11666,0.020959,74.125.24.0-255,5738,152356,17,260797
11667,0.020965,172.31.36.0-255,66,152422,17,260797
11668,0.023616,74.125.24.0-255,5738,158160,17,260797
11669,0.023624,172.31.36.0-255,66,158226,17,260797
11670,0.025026,172.31.36.0-255,176,158402,17,260797
11671,0.025057,172.31.36.0-255,1119,159521,17,260797
11672,0.025096,172.31.36.0-255,1514,161035,17,260797
11673,0.025098,172.31.36.0-255,1514,162549,17,260797
11674,0.02512,172.31.36.0-255,668,163217,17,260797
11675,0.026259,74.125.24.0-255,5738,168955,17,260797
11676,0.026266,172.31.36.0-255,66,169021,17,260797
11677,0.026585,104.244.42.0-255,66,169087,17,260797
11678,0.026622,104.244.42.0-255,66,169153,17,260797
11679,0.026673,104.244.42.0-255,66,169219,17,260797
11680,0.026677,104.244.42.0-255,66,169285,17,260797
11681,0.028892,74.125.24.0-255,5738,175023,17,260797
11682,0.028898,172.31.36.0-255,66,175089,17,260797
11683,0.031534,74.125.24.0-255,5738,180827,17,260797
11684,0.031539,172.31.36.0-255,66,180893,17,260797
11685,0.034142,74.125.24.0-255,5738,186631,17,260797
11686,0.034148,172.31.36.0-255,66,186697,17,260797
11687,0.036745,74.125.24.0-255,5738,192435,17,260797
11688,0.03675,172.31.36.0-255,66,192501,17,260797
11689,0.039385,74.125.24.0-255,5738,198239,17,260797
11690,0.039391,172.31.36.0-255,66,198305,17,260797
11691,0.042048,74.125.24.0-255,5738,204043,17,260797
11692,0.042067,172.31.36.0-255,66,204109,17,260797
11693,0.044714,74.125.24.0-255,5738,209847,17,260797
11694,0.04472,172.31.36.0-255,66,209913,17,260797
11695,0.047366,74.125.24.0-255,5738,215651,17,260797
11696,0.047371,172.31.36.0-255,66,215717,17,260797
11697,0.049976,74.125.24.0-255,5738,221455,17,260797
11698,0.049982,172.31.36.0-255,66,221521,17,260797
11699,0.05264,74.125.24.0-255,5738,227259,17,260797
11700,0.052646,172.31.36.0-255,66,227325,17,260797
11701,0.055258,74.125.24.0-255,5738,233063,17,260797
11702,0.055293,172.31.36.0-255,66,233129,17,260797
11703,0.057917,74.125.24.0-255,4320,237449,17,260797
11704,0.057922,172.31.36.0-255,66,237515,17,260797
11705,0.057954,74.125.24.0-255,1484,238999,17,260797
11706,0.060545,74.125.24.0-255,4320,243319,17,260797
11707,0.06055,172.31.36.0-255,66,243385,17,260797
11708,0.063205,74.125.24.0-255,5738,249123,17,260797
11709,0.063211,172.31.36.0-255,66,249189,17,260797
11710,0.065835,74.125.24.0-255,5738,254927,17,260797
11711,0.06584,172.31.36.0-255,66,254993,17,260797
11712,0.068452,74.125.24.0-255,5738,260731,17,260797
11713,0.068457,172.31.36.0-255,66,260797,17,260797
11714,0.0,74.125.130.0-255,153,153,17,298344
11715,2.3e-05,172.31.36.0-255,66,219,17,298344
11716,3e-05,74.125.130.0-255,1484,1703,17,298344
11717,3.5e-05,172.31.36.0-255,66,1769,17,298344
11718,3.8e-05,74.125.130.0-255,1484,3253,17,298344
11719,4.2e-05,172.31.36.0-255,66,3319,17,298344
11720,6.7e-05,74.125.130.0-255,2902,6221,17,298344
11721,7e-05,172.31.36.0-255,66,6287,17,298344
11722,7.7e-05,74.125.130.0-255,5738,12025,17,298344
11723,7.9e-05,172.31.36.0-255,66,12091,17,298344
11724,0.0001,74.125.130.0-255,1997,14088,17,298344
11725,0.000103,172.31.36.0-255,66,14154,17,298344
11726,0.000168,74.125.130.0-255,1484,15638,17,298344
11727,0.000172,172.31.36.0-255,66,15704,17,298344
11728,0.000194,74.125.130.0-255,2902,18606,17,298344
11729,0.000198,172.31.36.0-255,66,18672,17,298344
11730,0.000201,74.125.130.0-255,1484,20156,17,298344
11731,0.000203,172.31.36.0-255,66,20222,17,298344
11732,0.000208,74.125.130.0-255,2902,23124,17,298344
11733,0.00021,172.31.36.0-255,66,23190,17,298344
11734,0.000236,74.125.130.0-255,1484,24674,17,298344
11735,0.000239,172.31.36.0-255,66,24740,17,298344
11736,0.000257,74.125.130.0-255,4320,29060,17,298344
11737,0.000259,172.31.36.0-255,66,29126,17,298344
11738,0.000266,74.125.130.0-255,5379,34505,17,298344
11739,0.000268,172.31.36.0-255,66,34571,17,298344
11740,0.000298,74.125.130.0-255,5738,40309,17,298344
11741,0.000302,172.31.36.0-255,66,40375,17,298344
11742,0.000313,172.31.36.0-255,66,40441,17,298344
11743,0.001754,74.125.130.0-255,1484,41925,17,298344
11744,0.001761,172.31.36.0-255,66,41991,17,298344
11745,0.00177,74.125.130.0-255,2902,44893,17,298344
11746,0.001773,172.31.36.0-255,66,44959,17,298344
11747,0.00178,74.125.130.0-255,4320,49279,17,298344
11748,0.001781,172.31.36.0-255,66,49345,17,298344
11749,0.00181,74.125.130.0-255,5738,55083,17,298344
11750,0.001812,172.31.36.0-255,66,55149,17,298344
11751,0.001839,74.125.130.0-255,3961,59110,17,298344
11752,0.001842,172.31.36.0-255,66,59176,17,298344
11753,0.001849,74.125.130.0-255,7156,66332,17,298344
11754,0.001851,172.31.36.0-255,66,66398,17,298344
11755,0.001857,74.125.130.0-255,5738,72136,17,298344
11756,0.00186,172.31.36.0-255,66,72202,17,298344
11757,0.001891,172.31.36.0-255,66,72268,17,298344
11758,0.001898,74.125.130.0-255,6438,78706,17,298344
11759,0.0019,172.31.36.0-255,66,78772,17,298344
11760,0.002042,74.125.130.0-255,1484,80256,17,298344
11761,0.002047,74.125.130.0-255,1484,81740,17,298344
11762,0.00205,172.31.36.0-255,66,81806,17,298344
11763,0.00207,74.125.130.0-255,1484,83290,17,298344
11764,0.002076,74.125.130.0-255,4320,87610,17,298344
11765,0.002079,172.31.36.0-255,66,87676,17,298344
11766,0.002099,74.125.130.0-255,1484,89160,17,298344
11767,0.002105,74.125.130.0-255,4320,93480,17,298344
11768,0.002107,172.31.36.0-255,66,93546,17,298344
11769,0.002111,74.125.130.0-255,2902,96448,17,298344
11770,0.002113,172.31.36.0-255,66,96514,17,298344
11771,0.00213,74.125.130.0-255,2902,99416,17,298344
11772,0.002133,172.31.36.0-255,66,99482,17,298344
11773,0.00215,74.125.130.0-255,2902,102384,17,298344
11774,0.002153,172.31.36.0-255,66,102450,17,298344
11775,0.002169,74.125.130.0-255,2902,105352,17,298344
11776,0.002171,172.31.36.0-255,66,105418,17,298344
11777,0.002177,74.125.130.0-255,4320,109738,17,298344
11778,0.002179,172.31.36.0-255,66,109804,17,298344
11779,0.0022,74.125.130.0-255,2902,112706,17,298344
11780,0.002203,172.31.36.0-255,66,112772,17,298344
11781,0.002206,74.125.130.0-255,766,113538,17,298344
11782,0.002233,74.125.130.0-255,1484,115022,17,298344
11783,0.002236,172.31.36.0-255,66,115088,17,298344
11784,0.002239,74.125.130.0-255,1484,116572,17,298344
11785,0.002256,74.125.130.0-255,1484,118056,17,298344
11786,0.002259,172.31.36.0-255,66,118122,17,298344
11787,0.002264,74.125.130.0-255,2902,121024,17,298344
11788,0.002266,172.31.36.0-255,66,121090,17,298344
11789,0.004529,74.125.130.0-255,5738,126828,17,298344
11790,0.00454,172.31.36.0-255,66,126894,17,298344
11791,0.00679,74.125.130.0-255,5738,132632,17,298344
11792,0.006799,172.31.36.0-255,66,132698,17,298344
11793,0.009053,74.125.130.0-255,5738,138436,17,298344
11794,0.009061,172.31.36.0-255,66,138502,17,298344
11795,0.011307,74.125.130.0-255,5738,144240,17,298344
11796,0.011317,172.31.36.0-255,66,144306,17,298344
11797,0.013576,74.125.130.0-255,5738,150044,17,298344
11798,0.013586,172.31.36.0-255,66,150110,17,298344
11799,0.015829,74.125.130.0-255,5738,155848,17,298344
11800,0.015838,172.31.36.0-255,66,155914,17,298344
11801,0.018089,74.125.130.0-255,5738,161652,17,298344
11802,0.018104,172.31.36.0-255,66,161718,17,298344
11803,0.020351,74.125.130.0-255,5738,167456,17,298344
11804,0.020362,172.31.36.0-255,66,167522,17,298344
11805,0.022615,74.125.130.0-255,5738,173260,17,298344
11806,0.022624,172.31.36.0-255,66,173326,17,298344
11807,0.024867,74.125.130.0-255,5738,179064,17,298344
11808,0.024875,172.31.36.0-255,66,179130,17,298344
11809,0.027116,74.125.130.0-255,2902,182032,17,298344
11810,0.027125,172.31.36.0-255,66,182098,17,298344
11811,0.027145,74.125.130.0-255,2902,185000,17,298344
11812,0.027148,172.31.36.0-255,66,185066,17,298344
11813,0.029406,74.125.130.0-255,5738,190804,17,298344
11814,0.029414,172.31.36.0-255,66,190870,17,298344
11815,0.031666,74.125.130.0-255,5738,196608,17,298344
11816,0.031673,172.31.36.0-255,66,196674,17,298344
11817,0.033916,74.125.130.0-255,5738,202412,17,298344
11818,0.033927,172.31.36.0-255,66,202478,17,298344
11819,0.035725,172.31.36.0-255,188,202666,17,298344
11820,0.035772,172.31.36.0-255,961,203627,17,298344
11821,0.035794,172.31.36.0-255,1514,205141,17,298344
11822,0.035796,172.31.36.0-255,1427,206568,17,298344
11823,0.036171,74.125.130.0-255,5738,212306,17,298344
11824,0.036177,172.31.36.0-255,66,212372,17,298344
11825,0.037265,104.244.42.0-255,66,212438,17,298344
11826,0.03736,104.244.42.0-255,66,212504,17,298344
11827,0.037421,104.244.42.0-255,66,212570,17,298344
11828,0.038408,74.125.130.0-255,1484,214054,17,298344
11829,0.038437,74.125.130.0-255,4320,218374,17,298344
11830,0.038443,172.31.36.0-255,66,218440,17,298344
11831,0.040674,74.125.130.0-255,5738,224178,17,298344
11832,0.040679,172.31.36.0-255,66,224244,17,298344
11833,0.042917,74.125.130.0-255,5738,229982,17,298344
11834,0.042922,172.31.36.0-255,66,230048,17,298344
11835,0.04518,74.125.130.0-255,5738,235786,17,298344
11836,0.045187,172.31.36.0-255,66,235852,17,298344
11837,0.047445,74.125.130.0-255,5738,241590,17,298344
11838,0.047453,172.31.36.0-255,66,241656,17,298344
11839,0.0497,74.125.130.0-255,5738,247394,17,298344
11840,0.049706,172.31.36.0-255,66,247460,17,298344
11841,0.051942,74.125.130.0-255,5738,253198,17,298344
11842,0.051949,172.31.36.0-255,66,253264,17,298344
11843,0.054198,74.125.130.0-255,5738,259002,17,298344
11844,0.054207,172.31.36.0-255,66,259068,17,298344
11845,0.056448,74.125.130.0-255,4320,263388,17,298344
11846,0.056453,172.31.36.0-255,66,263454,17,298344
11847,0.056483,74.125.130.0-255,1484,264938,17,298344
11848,0.05869,74.125.130.0-255,4320,269258,17,298344
11849,0.058696,172.31.36.0-255,66,269324,17,298344
11850,0.060941,74.125.130.0-255,5738,275062,17,298344
11851,0.060945,172.31.36.0-255,66,275128,17,298344
11852,0.06319,74.125.130.0-255,5738,280866,17,298344
11853,0.063197,172.31.36.0-255,66,280932,17,298344
11854,0.065448,74.125.130.0-255,5738,286670,17,298344
11855,0.065455,172.31.36.0-255,66,286736,17,298344
11856,0.067694,74.125.130.0-255,5738,292474,17,298344
11857,0.067701,172.31.36.0-255,66,292540,17,298344
11858,0.069942,74.125.130.0-255,5738,298278,17,298344
11859,0.069949,172.31.36.0-255,66,298344,17,298344
11860,0.0,172.31.36.0-255,66,66,17,66
11861,0.0,172.217.27.0-255,152,152,17,321416
11862,2.3e-05,172.31.36.0-255,66,218,17,321416
11863,3e-05,172.217.27.0-255,1484,1702,17,321416
11864,3.5e-05,172.31.36.0-255,66,1768,17,321416
11865,4e-05,172.217.27.0-255,2902,4670,17,321416
11866,4.3e-05,172.31.36.0-255,66,4736,17,321416
11867,5.1e-05,172.217.27.0-255,5738,10474,17,321416
11868,5.3e-05,172.31.36.0-255,66,10540,17,321416
11869,7.8e-05,172.217.27.0-255,3410,13950,17,321416
11870,8e-05,172.31.36.0-255,66,14016,17,321416
11871,8.6e-05,172.217.27.0-255,4320,18336,17,321416
11872,8.9e-05,172.31.36.0-255,66,18402,17,321416
11873,0.000109,172.217.27.0-255,4320,22722,17,321416
11874,0.000112,172.31.36.0-255,66,22788,17,321416
11875,0.000141,172.217.27.0-255,5738,28526,17,321416
11876,0.000144,172.31.36.0-255,66,28592,17,321416
11877,0.000148,172.217.27.0-255,2543,31135,17,321416
11878,0.00015,172.31.36.0-255,66,31201,17,321416
11879,0.000194,172.217.27.0-255,1484,32685,17,321416
11880,0.000197,172.31.36.0-255,66,32751,17,321416
11881,0.000217,172.217.27.0-255,2902,35653,17,321416
11882,0.000219,172.31.36.0-255,66,35719,17,321416
11883,0.000223,172.217.27.0-255,2902,38621,17,321416
11884,0.000226,172.31.36.0-255,66,38687,17,321416
11885,0.00023,172.217.27.0-255,2902,41589,17,321416
11886,0.000232,172.31.36.0-255,66,41655,17,321416
11887,0.000244,172.217.27.0-255,1484,43139,17,321416
11888,0.000246,172.31.36.0-255,66,43205,17,321416
11889,0.000277,172.217.27.0-255,5379,48584,17,321416
11890,0.000279,172.31.36.0-255,66,48650,17,321416
11891,0.000317,172.217.27.0-255,5738,54388,17,321416
11892,0.000321,172.31.36.0-255,66,54454,17,321416
11893,0.000355,172.217.27.0-255,4320,58774,17,321416
11894,0.000373,172.217.27.0-255,2902,61676,17,321416
11895,0.000398,172.217.27.0-255,3961,65637,17,321416
11896,0.000411,172.217.27.0-255,395,66032,17,321416
11897,0.000542,172.31.36.0-255,66,66098,17,321416
11898,0.000784,172.217.27.0-255,116,66214,17,321416
11899,0.001014,172.217.27.0-255,1484,67698,17,321416
11900,0.001019,172.31.36.0-255,66,67764,17,321416
11901,0.001024,172.217.27.0-255,2902,70666,17,321416
11902,0.001031,172.217.27.0-255,5738,76404,17,321416
11903,0.001039,172.217.27.0-255,6797,83201,17,321416
11904,0.001045,172.217.27.0-255,7156,90357,17,321416
11905,0.001057,172.217.27.0-255,1484,91841,17,321416
11906,0.001061,172.31.36.0-255,66,91907,17,321416
11907,0.001093,172.31.36.0-255,66,91973,17,321416
11908,0.002774,172.217.27.0-255,5738,97711,17,321416
11909,0.002781,172.31.36.0-255,66,97777,17,321416
11910,0.004445,172.217.27.0-255,5738,103515,17,321416
11911,0.006638,172.31.36.0-255,66,103581,17,321416
11912,0.008304,172.217.27.0-255,5738,109319,17,321416
11913,0.008311,172.31.36.0-255,66,109385,17,321416
11914,0.010006,172.217.27.0-255,5738,115123,17,321416
11915,0.010014,172.31.36.0-255,66,115189,17,321416
11916,0.011674,172.217.27.0-255,5738,120927,17,321416
11917,0.012456,172.31.36.0-255,66,120993,17,321416
11918,0.014185,172.217.27.0-255,5738,126731,17,321416
11919,0.014195,172.31.36.0-255,66,126797,17,321416
11920,0.015902,172.217.27.0-255,5738,132535,17,321416
11921,0.01591,172.31.36.0-255,66,132601,17,321416
11922,0.01599,172.31.36.0-255,101,132702,17,321416
11923,0.017579,172.217.27.0-255,5738,138440,17,321416
11924,0.017586,172.31.36.0-255,66,138506,17,321416
11925,0.017606,172.217.27.0-255,66,138572,17,321416
11926,0.019261,172.217.27.0-255,5738,144310,17,321416
11927,0.019269,172.31.36.0-255,66,144376,17,321416
11928,0.020938,172.217.27.0-255,5738,150114,17,321416
11929,0.02095,172.31.36.0-255,66,150180,17,321416
11930,0.022629,172.217.27.0-255,5738,155918,17,321416
11931,0.022641,172.31.36.0-255,66,155984,17,321416
11932,0.024312,172.217.27.0-255,5738,161722,17,321416
11933,0.024323,172.31.36.0-255,66,161788,17,321416
11934,0.025991,172.217.27.0-255,5738,167526,17,321416
11935,0.026001,172.31.36.0-255,66,167592,17,321416
11936,0.02766,172.217.27.0-255,4320,171912,17,321416
11937,0.027665,172.31.36.0-255,66,171978,17,321416
11938,0.027687,172.217.27.0-255,1484,173462,17,321416
11939,0.02872,172.31.36.0-255,172,173634,17,321416
11940,0.028753,172.31.36.0-255,1116,174750,17,321416
11941,0.028811,172.31.36.0-255,1514,176264,17,321416
11942,0.028813,172.31.36.0-255,1272,177536,17,321416
11943,0.029318,172.217.27.0-255,4320,181856,17,321416
11944,0.029325,172.31.36.0-255,66,181922,17,321416
11945,0.030278,104.244.42.0-255,66,181988,17,321416
11946,0.030315,104.244.42.0-255,66,182054,17,321416
11947,0.03035,104.244.42.0-255,66,182120,17,321416
11948,0.03098,172.217.27.0-255,5738,187858,17,321416
11949,0.031017,172.31.36.0-255,66,187924,17,321416
11950,0.032682,172.217.27.0-255,5738,193662,17,321416
11951,0.032688,172.31.36.0-255,66,193728,17,321416
11952,0.034358,172.217.27.0-255,5738,199466,17,321416
11953,0.034365,172.31.36.0-255,66,199532,17,321416
11954,0.036019,172.217.27.0-255,5738,205270,17,321416
11955,0.036026,172.31.36.0-255,66,205336,17,321416
11956,0.03773,172.217.27.0-255,5738,211074,17,321416
11957,0.037737,172.31.36.0-255,66,211140,17,321416
11958,0.039408,172.217.27.0-255,5738,216878,17,321416
11959,0.039415,172.31.36.0-255,66,216944,17,321416
11960,0.041087,172.217.27.0-255,5738,222682,17,321416
11961,0.041094,172.31.36.0-255,66,222748,17,321416
11962,0.042766,172.217.27.0-255,5738,228486,17,321416
11963,0.042774,172.31.36.0-255,66,228552,17,321416
11964,0.04447,172.217.27.0-255,5738,234290,17,321416
11965,0.044482,172.31.36.0-255,66,234356,17,321416
11966,0.046169,172.217.27.0-255,5738,240094,17,321416
11967,0.04618,172.31.36.0-255,66,240160,17,321416
11968,0.047862,172.217.27.0-255,5738,245898,17,321416
11969,0.047871,172.31.36.0-255,66,245964,17,321416
11970,0.049535,172.217.27.0-255,5738,251702,17,321416
11971,0.049543,172.31.36.0-255,66,251768,17,321416
11972,0.05121,172.217.27.0-255,5738,257506,17,321416
11973,0.051217,172.31.36.0-255,66,257572,17,321416
11974,0.052886,172.217.27.0-255,5738,263310,17,321416
11975,0.052893,172.31.36.0-255,66,263376,17,321416
11976,0.054564,172.217.27.0-255,5738,269114,17,321416
11977,0.05457,172.31.36.0-255,66,269180,17,321416
11978,0.056233,172.217.27.0-255,5738,274918,17,321416
11979,0.056239,172.31.36.0-255,66,274984,17,321416
11980,0.05791,172.217.27.0-255,5738,280722,17,321416
11981,0.057917,172.31.36.0-255,66,280788,17,321416
11982,0.059618,172.217.27.0-255,5738,286526,17,321416
11983,0.059625,172.31.36.0-255,66,286592,17,321416
11984,0.061304,172.217.27.0-255,5738,292330,17,321416
11985,0.06131,172.31.36.0-255,66,292396,17,321416
11986,0.063007,172.217.27.0-255,5738,298134,17,321416
11987,0.063013,172.31.36.0-255,66,298200,17,321416
11988,0.06468,172.217.27.0-255,5738,303938,17,321416
11989,0.064686,172.31.36.0-255,66,304004,17,321416
11990,0.066427,172.217.27.0-255,5738,309742,17,321416
11991,0.066435,172.31.36.0-255,66,309808,17,321416
11992,0.068105,172.217.27.0-255,5738,315546,17,321416
11993,0.068111,172.31.36.0-255,66,315612,17,321416
11994,0.069798,172.217.27.0-255,5738,321350,17,321416
11995,0.069804,172.31.36.0-255,66,321416,17,321416
11996,0.0,74.125.24.0-255,153,153,17,277771
11997,1.5e-05,172.31.36.0-255,66,219,17,277771
11998,2.3e-05,74.125.24.0-255,1484,1703,17,277771
11999,2.7e-05,172.31.36.0-255,66,1769,17,277771
12000,3.4e-05,74.125.24.0-255,2902,4671,17,277771
12001,3.7e-05,172.31.36.0-255,66,4737,17,277771
12002,5.7e-05,74.125.24.0-255,7156,11893,17,277771
12003,6.1e-05,172.31.36.0-255,66,11959,17,277771
12004,7.9e-05,172.31.36.0-255,66,12025,17,277771
12005,8.2e-05,74.125.24.0-255,1484,13509,17,277771
12006,8.5e-05,172.31.36.0-255,66,13575,17,277771
12007,8.9e-05,74.125.24.0-255,1125,14700,17,277771
12008,9.1e-05,172.31.36.0-255,66,14766,17,277771
12009,0.000237,74.125.24.0-255,1484,16250,17,277771
12010,0.000242,172.31.36.0-255,66,16316,17,277771
12011,0.000248,74.125.24.0-255,2902,19218,17,277771
12012,0.000251,172.31.36.0-255,66,19284,17,277771
12013,0.000257,74.125.24.0-255,4320,23604,17,277771
12014,0.00026,172.31.36.0-255,66,23670,17,277771
12015,0.000278,74.125.24.0-255,1484,25154,17,277771
12016,0.000281,172.31.36.0-255,66,25220,17,277771
12017,0.000286,74.125.24.0-255,2902,28122,17,277771
12018,0.000288,172.31.36.0-255,66,28188,17,277771
12019,0.000321,172.31.36.0-255,66,28254,17,277771
12020,0.000333,172.31.36.0-255,66,28320,17,277771
12021,0.000392,74.125.24.0-255,130,28450,17,277771
12022,0.000395,172.31.36.0-255,66,28516,17,277771
12023,0.000413,74.125.24.0-255,348,28864,17,277771
12024,0.000415,172.31.36.0-255,66,28930,17,277771
12025,0.000722,74.125.24.0-255,1484,30414,17,277771
12026,0.000729,74.125.24.0-255,2902,33316,17,277771
12027,0.000733,172.31.36.0-255,66,33382,17,277771
12028,0.00074,74.125.24.0-255,5738,39120,17,277771
12029,0.000742,172.31.36.0-255,66,39186,17,277771
12030,0.000799,172.31.36.0-255,66,39252,17,277771
12031,0.00081,172.31.36.0-255,66,39318,17,277771
12032,0.000814,74.125.24.0-255,1635,40953,17,277771
12033,0.000816,172.31.36.0-255,66,41019,17,277771
12034,0.001194,74.125.24.0-255,1484,42503,17,277771
12035,0.0012,74.125.24.0-255,2902,45405,17,277771
12036,0.001204,172.31.36.0-255,66,45471,17,277771
12037,0.001209,74.125.24.0-255,2902,48373,17,277771
12038,0.001211,172.31.36.0-255,66,48439,17,277771
12039,0.001227,74.125.24.0-255,2902,51341,17,277771
12040,0.00123,172.31.36.0-255,66,51407,17,277771
12041,0.001236,74.125.24.0-255,5738,57145,17,277771
12042,0.001238,172.31.36.0-255,66,57211,17,277771
12043,0.001256,74.125.24.0-255,4320,61531,17,277771
12044,0.001258,172.31.36.0-255,66,61597,17,277771
12045,0.001278,172.31.36.0-255,66,61663,17,277771
12046,0.001282,74.125.24.0-255,2902,64565,17,277771
12047,0.001284,172.31.36.0-255,66,64631,17,277771
12048,0.001304,74.125.24.0-255,2184,66815,17,277771
12049,0.001323,172.31.36.0-255,66,66881,17,277771
12050,0.002181,74.125.24.0-255,1484,68365,17,277771
12051,0.002193,74.125.24.0-255,2902,71267,17,277771
12052,0.002197,172.31.36.0-255,66,71333,17,277771
12053,0.002206,74.125.24.0-255,5738,77071,17,277771
12054,0.002209,172.31.36.0-255,66,77137,17,277771
12055,0.002214,74.125.24.0-255,4320,81457,17,277771
12056,0.002216,172.31.36.0-255,66,81523,17,277771
12057,0.00225,172.31.36.0-255,66,81589,17,277771
12058,0.002258,74.125.24.0-255,7156,88745,17,277771
12059,0.00226,172.31.36.0-255,66,88811,17,277771
12060,0.002284,74.125.24.0-255,3602,92413,17,277771
12061,0.002287,172.31.36.0-255,66,92479,17,277771
12062,0.002328,74.125.24.0-255,4320,96799,17,277771
12063,0.002331,172.31.36.0-255,66,96865,17,277771
12064,0.002335,74.125.24.0-255,1484,98349,17,277771
12065,0.002342,74.125.24.0-255,5738,104087,17,277771
12066,0.002344,172.31.36.0-255,66,104153,17,277771
12067,0.002356,74.125.24.0-255,1484,105637,17,277771
12068,0.002373,74.125.24.0-255,1484,107121,17,277771
12069,0.002376,172.31.36.0-255,66,107187,17,277771
12070,0.002409,172.31.36.0-255,66,107253,17,277771
12071,0.002415,74.125.24.0-255,5020,112273,17,277771
12072,0.002417,172.31.36.0-255,66,112339,17,277771
12073,0.004773,74.125.24.0-255,5738,118077,17,277771
12074,0.004779,172.31.36.0-255,66,118143,17,277771
12075,0.007123,74.125.24.0-255,5738,123881,17,277771
12076,0.007127,172.31.36.0-255,66,123947,17,277771
12077,0.009524,74.125.24.0-255,5738,129685,17,277771
12078,0.009531,172.31.36.0-255,66,129751,17,277771
12079,0.011917,74.125.24.0-255,5738,135489,17,277771
12080,0.011926,172.31.36.0-255,66,135555,17,277771
12081,0.014341,74.125.24.0-255,5738,141293,17,277771
12082,0.014352,172.31.36.0-255,66,141359,17,277771
12083,0.016749,74.125.24.0-255,5738,147097,17,277771
12084,0.016758,172.31.36.0-255,66,147163,17,277771
12085,0.01917,74.125.24.0-255,5738,152901,17,277771
12086,0.019178,172.31.36.0-255,66,152967,17,277771
12087,0.021547,74.125.24.0-255,5738,158705,17,277771
12088,0.021556,172.31.36.0-255,66,158771,17,277771
12089,0.023912,74.125.24.0-255,5738,164509,17,277771
12090,0.02392,172.31.36.0-255,66,164575,17,277771
12091,0.026322,74.125.24.0-255,5738,170313,17,277771
12092,0.02633,172.31.36.0-255,66,170379,17,277771
12093,0.028329,172.31.36.0-255,172,170551,17,277771
12094,0.028402,172.31.36.0-255,1117,171668,17,277771
12095,0.028468,172.31.36.0-255,1514,173182,17,277771
12096,0.02847,172.31.36.0-255,1271,174453,17,277771
12097,0.028683,74.125.24.0-255,5738,180191,17,277771
12098,0.02869,172.31.36.0-255,66,180257,17,277771
12099,0.02989,104.244.42.0-255,66,180323,17,277771
12100,0.029936,104.244.42.0-255,66,180389,17,277771
12101,0.030015,104.244.42.0-255,66,180455,17,277771
12102,0.031115,74.125.24.0-255,5738,186193,17,277771
12103,0.03112,172.31.36.0-255,66,186259,17,277771
12104,0.033513,74.125.24.0-255,5738,191997,17,277771
12105,0.03352,172.31.36.0-255,66,192063,17,277771
12106,0.035861,74.125.24.0-255,5738,197801,17,277771
12107,0.035868,172.31.36.0-255,66,197867,17,277771
12108,0.038239,74.125.24.0-255,5738,203605,17,277771
12109,0.038245,172.31.36.0-255,66,203671,17,277771
12110,0.04067,74.125.24.0-255,5738,209409,17,277771
12111,0.040679,172.31.36.0-255,66,209475,17,277771
12112,0.043089,74.125.24.0-255,4320,213795,17,277771
12113,0.043096,172.31.36.0-255,66,213861,17,277771
12114,0.043116,74.125.24.0-255,1484,215345,17,277771
12115,0.045481,74.125.24.0-255,4320,219665,17,277771
12116,0.045491,172.31.36.0-255,66,219731,17,277771
12117,0.047883,74.125.24.0-255,5738,225469,17,277771
12118,0.047889,172.31.36.0-255,66,225535,17,277771
12119,0.050271,74.125.24.0-255,5738,231273,17,277771
12120,0.050277,172.31.36.0-255,66,231339,17,277771
12121,0.052676,74.125.24.0-255,5738,237077,17,277771
12122,0.052683,172.31.36.0-255,66,237143,17,277771
12123,0.055116,74.125.24.0-255,5738,242881,17,277771
12124,0.055123,172.31.36.0-255,66,242947,17,277771
12125,0.057542,74.125.24.0-255,5738,248685,17,277771
12126,0.057547,172.31.36.0-255,66,248751,17,277771
12127,0.059924,74.125.24.0-255,5738,254489,17,277771
12128,0.059931,172.31.36.0-255,66,254555,17,277771
12129,0.06234,74.125.24.0-255,5738,260293,17,277771
12130,0.062347,172.31.36.0-255,66,260359,17,277771
12131,0.064699,74.125.24.0-255,5738,266097,17,277771
12132,0.064705,172.31.36.0-255,66,266163,17,277771
12133,0.067133,74.125.24.0-255,5738,271901,17,277771
12134,0.067139,172.31.36.0-255,66,271967,17,277771
12135,0.069542,74.125.24.0-255,5738,277705,17,277771
12136,0.069548,172.31.36.0-255,66,277771,17,277771
12137,0.0,172.217.194.0-255,226,226,17,184068
12138,1.8e-05,172.31.36.0-255,66,292,17,184068
12139,2.5e-05,172.217.194.0-255,1484,1776,17,184068
12140,3e-05,172.31.36.0-255,66,1842,17,184068
12141,8.4e-05,172.217.194.0-255,4320,6162,17,184068
12142,8.8e-05,172.31.36.0-255,66,6228,17,184068
12143,0.000359,172.217.194.0-255,2902,9130,17,184068
12144,0.000365,172.31.36.0-255,66,9196,17,184068
12145,0.000386,172.217.194.0-255,4888,14084,17,184068
12146,0.00039,172.31.36.0-255,66,14150,17,184068
12147,0.000865,172.217.194.0-255,7156,21306,17,184068
12148,0.000872,172.31.36.0-255,66,21372,17,184068
12149,0.000893,172.217.194.0-255,7156,28528,17,184068
12150,0.000896,172.31.36.0-255,66,28594,17,184068
12151,0.00176,172.217.194.0-255,2732,31326,17,184068
12152,0.001769,172.31.36.0-255,66,31392,17,184068
12153,0.003568,172.217.194.0-255,2902,34294,17,184068
12154,0.003582,172.31.36.0-255,66,34360,17,184068
12155,0.004394,172.217.194.0-255,2902,37262,17,184068
12156,0.004401,172.31.36.0-255,66,37328,17,184068
12157,0.0062,172.217.194.0-255,2902,40230,17,184068
12158,0.006207,172.31.36.0-255,66,40296,17,184068
12159,0.007066,172.217.194.0-255,2902,43198,17,184068
12160,0.007073,172.31.36.0-255,66,43264,17,184068
12161,0.008837,172.217.194.0-255,2902,46166,17,184068
12162,0.008845,172.31.36.0-255,66,46232,17,184068
12163,0.009781,172.217.194.0-255,2902,49134,17,184068
12164,0.009789,172.31.36.0-255,66,49200,17,184068
12165,0.011492,172.217.194.0-255,2902,52102,17,184068
12166,0.0115,172.31.36.0-255,66,52168,17,184068
12167,0.012428,172.217.194.0-255,2902,55070,17,184068
12168,0.012436,172.31.36.0-255,66,55136,17,184068
12169,0.014155,172.217.194.0-255,2902,58038,17,184068
12170,0.014164,172.31.36.0-255,66,58104,17,184068
12171,0.015079,172.217.194.0-255,2902,61006,17,184068
12172,0.015086,172.31.36.0-255,66,61072,17,184068
12173,0.016777,172.217.194.0-255,2902,63974,17,184068
12174,0.016784,172.31.36.0-255,66,64040,17,184068
12175,0.017714,172.217.194.0-255,2902,66942,17,184068
12176,0.017721,172.31.36.0-255,66,67008,17,184068
12177,0.019424,172.217.194.0-255,2902,69910,17,184068
12178,0.019432,172.31.36.0-255,66,69976,17,184068
12179,0.020392,172.217.194.0-255,2902,72878,17,184068
12180,0.020399,172.31.36.0-255,66,72944,17,184068
12181,0.020978,172.31.36.0-255,176,73120,17,184068
12182,0.02101,172.31.36.0-255,1118,74238,17,184068
12183,0.021075,172.31.36.0-255,1514,75752,17,184068
12184,0.021077,172.31.36.0-255,1270,77022,17,184068
12185,0.022074,172.217.194.0-255,2902,79924,17,184068
12186,0.022081,172.31.36.0-255,66,79990,17,184068
12187,0.022542,104.244.42.0-255,66,80056,17,184068
12188,0.022578,104.244.42.0-255,66,80122,17,184068
12189,0.022631,104.244.42.0-255,66,80188,17,184068
12190,0.023095,172.217.194.0-255,2902,83090,17,184068
12191,0.023101,172.31.36.0-255,66,83156,17,184068
12192,0.024771,172.217.194.0-255,2902,86058,17,184068
12193,0.024778,172.31.36.0-255,66,86124,17,184068
12194,0.025799,172.217.194.0-255,2902,89026,17,184068
12195,0.025806,172.31.36.0-255,66,89092,17,184068
12196,0.027465,172.217.194.0-255,2902,91994,17,184068
12197,0.027471,172.31.36.0-255,66,92060,17,184068
12198,0.028464,172.217.194.0-255,2902,94962,17,184068
12199,0.028472,172.31.36.0-255,66,95028,17,184068
12200,0.030151,172.217.194.0-255,2902,97930,17,184068
12201,0.030157,172.31.36.0-255,66,97996,17,184068
12202,0.031127,172.217.194.0-255,2902,100898,17,184068
12203,0.031134,172.31.36.0-255,66,100964,17,184068
12204,0.032831,172.217.194.0-255,2902,103866,17,184068
12205,0.032839,172.31.36.0-255,66,103932,17,184068
12206,0.033805,172.217.194.0-255,2902,106834,17,184068
12207,0.033813,172.31.36.0-255,66,106900,17,184068
12208,0.035517,172.217.194.0-255,2902,109802,17,184068
12209,0.035524,172.31.36.0-255,66,109868,17,184068
12210,0.036458,172.217.194.0-255,2902,112770,17,184068
12211,0.036464,172.31.36.0-255,66,112836,17,184068
12212,0.03818,172.217.194.0-255,2902,115738,17,184068
12213,0.038185,172.31.36.0-255,66,115804,17,184068
12214,0.039102,172.217.194.0-255,2902,118706,17,184068
12215,0.039107,172.31.36.0-255,66,118772,17,184068
12216,0.040866,172.217.194.0-255,2902,121674,17,184068
12217,0.040872,172.31.36.0-255,66,121740,17,184068
12218,0.041747,172.217.194.0-255,2902,124642,17,184068
12219,0.041753,172.31.36.0-255,66,124708,17,184068
12220,0.043556,172.217.194.0-255,2902,127610,17,184068
12221,0.043562,172.31.36.0-255,66,127676,17,184068
12222,0.044404,172.217.194.0-255,2902,130578,17,184068
12223,0.044411,172.31.36.0-255,66,130644,17,184068
12224,0.04619,172.217.194.0-255,2902,133546,17,184068
12225,0.046196,172.31.36.0-255,66,133612,17,184068
12226,0.047033,172.217.194.0-255,2902,136514,17,184068
12227,0.047039,172.31.36.0-255,66,136580,17,184068
12228,0.048864,172.217.194.0-255,2902,139482,17,184068
12229,0.048871,172.31.36.0-255,66,139548,17,184068
12230,0.049674,172.217.194.0-255,2902,142450,17,184068
12231,0.04968,172.31.36.0-255,66,142516,17,184068
12232,0.05151,172.217.194.0-255,2902,145418,17,184068
12233,0.051517,172.31.36.0-255,66,145484,17,184068
12234,0.052321,172.217.194.0-255,2902,148386,17,184068
12235,0.052329,172.31.36.0-255,66,148452,17,184068
12236,0.054187,172.217.194.0-255,2902,151354,17,184068
12237,0.054194,172.31.36.0-255,66,151420,17,184068
12238,0.054994,172.217.194.0-255,2902,154322,17,184068
12239,0.055,172.31.36.0-255,66,154388,17,184068
12240,0.056874,172.217.194.0-255,2902,157290,17,184068
12241,0.056881,172.31.36.0-255,66,157356,17,184068
12242,0.057718,172.217.194.0-255,2902,160258,17,184068
12243,0.057725,172.31.36.0-255,66,160324,17,184068
12244,0.059595,172.217.194.0-255,2902,163226,17,184068
12245,0.059603,172.31.36.0-255,66,163292,17,184068
12246,0.060343,172.217.194.0-255,2902,166194,17,184068
12247,0.060351,172.31.36.0-255,66,166260,17,184068
12248,0.062246,172.217.194.0-255,2902,169162,17,184068
12249,0.062253,172.31.36.0-255,66,169228,17,184068
12250,0.062989,172.217.194.0-255,2902,172130,17,184068
12251,0.062996,172.31.36.0-255,66,172196,17,184068
12252,0.064892,172.217.194.0-255,2902,175098,17,184068
12253,0.0649,172.31.36.0-255,66,175164,17,184068
12254,0.065663,172.217.194.0-255,2902,178066,17,184068
12255,0.065671,172.31.36.0-255,66,178132,17,184068
12256,0.067539,172.217.194.0-255,2902,181034,17,184068
12257,0.067546,172.31.36.0-255,66,181100,17,184068
12258,0.068366,172.217.194.0-255,2902,184002,17,184068
12259,0.068372,172.31.36.0-255,66,184068,17,184068
12260,0.0,172.217.194.0-255,153,153,17,322010
12261,7.3e-05,172.31.36.0-255,66,219,17,322010
12262,8e-05,172.217.194.0-255,1484,1703,17,322010
12263,8.4e-05,172.31.36.0-255,66,1769,17,322010
12264,8.9e-05,172.217.194.0-255,2902,4671,17,322010
12265,9.2e-05,172.31.36.0-255,66,4737,17,322010
12266,9.5e-05,172.217.194.0-255,1484,6221,17,322010
12267,9.7e-05,172.31.36.0-255,66,6287,17,322010
12268,0.000104,172.217.194.0-255,5738,12025,17,322010
12269,0.000106,172.31.36.0-255,66,12091,17,322010
12270,0.000113,172.217.194.0-255,6274,18365,17,322010
12271,0.000115,172.31.36.0-255,66,18431,17,322010
12272,0.000122,172.217.194.0-255,7156,25587,17,322010
12273,0.000124,172.31.36.0-255,66,25653,17,322010
12274,0.000147,172.217.194.0-255,5379,31032,17,322010
12275,0.000149,172.31.36.0-255,66,31098,17,322010
12276,0.000225,172.217.194.0-255,1484,32582,17,322010
12277,0.00023,172.31.36.0-255,66,32648,17,322010
12278,0.000258,172.217.194.0-255,2902,35550,17,322010
12279,0.000261,172.31.36.0-255,66,35616,17,322010
12280,0.000282,172.217.194.0-255,5738,41354,17,322010
12281,0.000285,172.31.36.0-255,66,41420,17,322010
12282,0.000317,172.217.194.0-255,1484,42904,17,322010
12283,0.000321,172.31.36.0-255,66,42970,17,322010
12284,0.000326,172.217.194.0-255,2902,45872,17,322010
12285,0.000328,172.31.36.0-255,66,45938,17,322010
12286,0.000348,172.217.194.0-255,5738,51676,17,322010
12287,0.000351,172.31.36.0-255,66,51742,17,322010
12288,0.000355,172.217.194.0-255,2902,54644,17,322010
12289,0.000357,172.31.36.0-255,66,54710,17,322010
12290,0.000377,172.217.194.0-255,4320,59030,17,322010
12291,0.00038,172.31.36.0-255,66,59096,17,322010
12292,0.000397,172.217.194.0-255,6438,65534,17,322010
12293,0.000401,172.31.36.0-255,66,65600,17,322010
12294,0.000424,172.217.194.0-255,678,66278,17,322010
12295,0.000826,172.31.36.0-255,66,66344,17,322010
12296,0.00097,172.217.194.0-255,1484,67828,17,322010
12297,0.00098,172.217.194.0-255,2902,70730,17,322010
12298,0.000985,172.31.36.0-255,66,70796,17,322010
12299,0.000992,172.217.194.0-255,5738,76534,17,322010
12300,0.000995,172.31.36.0-255,66,76600,17,322010
12301,0.001022,172.217.194.0-255,7156,83756,17,322010
12302,0.001025,172.31.36.0-255,66,83822,17,322010
12303,0.001048,172.217.194.0-255,5738,89560,17,322010
12304,0.001051,172.31.36.0-255,66,89626,17,322010
12305,0.001055,172.217.194.0-255,1484,91110,17,322010
12306,0.001086,172.31.36.0-255,66,91176,17,322010
12307,0.00164,172.217.194.0-255,1484,92660,17,322010
12308,0.001648,172.217.194.0-255,2902,95562,17,322010
12309,0.001652,172.31.36.0-255,66,95628,17,322010
12310,0.001658,172.217.194.0-255,5738,101366,17,322010
12311,0.00166,172.31.36.0-255,66,101432,17,322010
12312,0.00168,172.217.194.0-255,4320,105752,17,322010
12313,0.001682,172.31.36.0-255,66,105818,17,322010
12314,0.001706,172.31.36.0-255,66,105884,17,322010
12315,0.00171,172.217.194.0-255,2902,108786,17,322010
12316,0.001711,172.31.36.0-255,66,108852,17,322010
12317,0.001755,172.217.194.0-255,7156,116008,17,322010
12318,0.001757,172.31.36.0-255,66,116074,17,322010
12319,0.001772,172.217.194.0-255,766,116840,17,322010
12320,0.002213,172.217.194.0-255,1484,118324,17,322010
12321,0.002216,172.31.36.0-255,66,118390,17,322010
12322,0.002229,172.217.194.0-255,1484,119874,17,322010
12323,0.002244,172.217.194.0-255,1484,121358,17,322010
12324,0.002247,172.31.36.0-255,66,121424,17,322010
12325,0.002253,172.217.194.0-255,5738,127162,17,322010
12326,0.002255,172.31.36.0-255,66,127228,17,322010
12327,0.002259,172.217.194.0-255,2902,130130,17,322010
12328,0.002261,172.31.36.0-255,66,130196,17,322010
12329,0.002283,172.217.194.0-255,2902,133098,17,322010
12330,0.002284,172.31.36.0-255,66,133164,17,322010
12331,0.002299,172.217.194.0-255,7156,140320,17,322010
12332,0.002301,172.31.36.0-255,66,140386,17,322010
12333,0.002304,172.217.194.0-255,1484,141870,17,322010
12334,0.002335,172.31.36.0-255,66,141936,17,322010
12335,0.00236,172.217.194.0-255,1484,143420,17,322010
12336,0.002376,172.217.194.0-255,7156,150576,17,322010
12337,0.002379,172.31.36.0-255,66,150642,17,322010
12338,0.002406,172.31.36.0-255,66,150708,17,322010
12339,0.002411,172.217.194.0-255,5738,156446,17,322010
12340,0.002414,172.31.36.0-255,66,156512,17,322010
12341,0.00244,172.31.36.0-255,66,156578,17,322010
12342,0.004768,172.217.194.0-255,5738,162316,17,322010
12343,0.004771,172.31.36.0-255,66,162382,17,322010
12344,0.007126,172.217.194.0-255,5738,168120,17,322010
12345,0.007134,172.31.36.0-255,66,168186,17,322010
12346,0.009483,172.217.194.0-255,5738,173924,17,322010
12347,0.009492,172.31.36.0-255,66,173990,17,322010
12348,0.011844,172.217.194.0-255,5738,179728,17,322010
12349,0.011852,172.31.36.0-255,66,179794,17,322010
12350,0.014194,172.217.194.0-255,5738,185532,17,322010
12351,0.014203,172.31.36.0-255,66,185598,17,322010
12352,0.01652,172.217.194.0-255,5738,191336,17,322010
12353,0.016529,172.31.36.0-255,66,191402,17,322010
12354,0.018866,172.217.194.0-255,5738,197140,17,322010
12355,0.018873,172.31.36.0-255,66,197206,17,322010
12356,0.021209,172.217.194.0-255,5738,202944,17,322010
12357,0.021216,172.31.36.0-255,66,203010,17,322010
12358,0.023546,172.217.194.0-255,5738,208748,17,322010
12359,0.023555,172.31.36.0-255,66,208814,17,322010
12360,0.025049,172.31.36.0-255,172,208986,17,322010
12361,0.025074,172.31.36.0-255,1118,210104,17,322010
12362,0.025106,172.31.36.0-255,1514,211618,17,322010
12363,0.025108,172.31.36.0-255,1270,212888,17,322010
12364,0.025884,172.217.194.0-255,5738,218626,17,322010
12365,0.025889,172.31.36.0-255,66,218692,17,322010
12366,0.026578,104.244.42.0-255,66,218758,17,322010
12367,0.026619,104.244.42.0-255,66,218824,17,322010
12368,0.026654,104.244.42.0-255,66,218890,17,322010
12369,0.028222,172.217.194.0-255,5738,224628,17,322010
12370,0.028228,172.31.36.0-255,66,224694,17,322010
12371,0.030567,172.217.194.0-255,5738,230432,17,322010
12372,0.030572,172.31.36.0-255,66,230498,17,322010
12373,0.032886,172.217.194.0-255,5738,236236,17,322010
12374,0.032891,172.31.36.0-255,66,236302,17,322010
12375,0.03522,172.217.194.0-255,5738,242040,17,322010
12376,0.035226,172.31.36.0-255,66,242106,17,322010
12377,0.03756,172.217.194.0-255,4320,246426,17,322010
12378,0.037566,172.31.36.0-255,66,246492,17,322010
12379,0.037593,172.217.194.0-255,1484,247976,17,322010
12380,0.03991,172.217.194.0-255,4320,252296,17,322010
12381,0.039916,172.31.36.0-255,66,252362,17,322010
12382,0.042246,172.217.194.0-255,5738,258100,17,322010
12383,0.042252,172.31.36.0-255,66,258166,17,322010
12384,0.0446,172.217.194.0-255,5738,263904,17,322010
12385,0.044615,172.31.36.0-255,66,263970,17,322010
12386,0.047004,172.217.194.0-255,5738,269708,17,322010
12387,0.047019,172.31.36.0-255,66,269774,17,322010
12388,0.049356,172.217.194.0-255,5738,275512,17,322010
12389,0.049368,172.31.36.0-255,66,275578,17,322010
12390,0.0517,172.217.194.0-255,5738,281316,17,322010
12391,0.051715,172.31.36.0-255,66,281382,17,322010
12392,0.05404,172.217.194.0-255,5738,287120,17,322010
12393,0.054054,172.31.36.0-255,66,287186,17,322010
12394,0.056403,172.217.194.0-255,5738,292924,17,322010
12395,0.056416,172.31.36.0-255,66,292990,17,322010
12396,0.058766,172.217.194.0-255,5738,298728,17,322010
12397,0.058779,172.31.36.0-255,66,298794,17,322010
12398,0.061115,172.217.194.0-255,5738,304532,17,322010
12399,0.061129,172.31.36.0-255,66,304598,17,322010
12400,0.063482,172.217.194.0-255,5738,310336,17,322010
12401,0.063496,172.31.36.0-255,66,310402,17,322010
12402,0.06581,172.217.194.0-255,5738,316140,17,322010
12403,0.065817,172.31.36.0-255,66,316206,17,322010
12404,0.068164,172.217.194.0-255,5738,321944,17,322010
12405,0.068169,172.31.36.0-255,66,322010,17,322010
12406,0.0,172.217.194.0-255,154,154,17,251034
12407,2.4e-05,172.31.36.0-255,66,220,17,251034
12408,3e-05,172.217.194.0-255,1484,1704,17,251034
12409,3.4e-05,172.31.36.0-255,66,1770,17,251034
12410,4.4e-05,172.217.194.0-255,2902,4672,17,251034
12411,4.7e-05,172.31.36.0-255,66,4738,17,251034
12412,5e-05,172.217.194.0-255,1484,6222,17,251034
12413,5.2e-05,172.31.36.0-255,66,6288,17,251034
12414,7.9e-05,172.217.194.0-255,5738,12026,17,251034
12415,8.3e-05,172.31.36.0-255,66,12092,17,251034
12416,8.7e-05,172.217.194.0-255,2032,14124,17,251034
12417,8.9e-05,172.31.36.0-255,66,14190,17,251034
12418,0.000117,172.217.194.0-255,1484,15674,17,251034
12419,0.00012,172.31.36.0-255,66,15740,17,251034
12420,0.00015,172.217.194.0-255,1484,17224,17,251034
12421,0.000153,172.31.36.0-255,66,17290,17,251034
12422,0.000158,172.217.194.0-255,4320,21610,17,251034
12423,0.00016,172.31.36.0-255,66,21676,17,251034
12424,0.000177,172.31.36.0-255,66,21742,17,251034
12425,0.00018,172.217.194.0-255,1125,22867,17,251034
12426,0.000182,172.31.36.0-255,66,22933,17,251034
12427,0.000316,172.217.194.0-255,1484,24417,17,251034
12428,0.00032,172.31.36.0-255,66,24483,17,251034
12429,0.000353,172.217.194.0-255,2902,27385,17,251034
12430,0.000357,172.31.36.0-255,66,27451,17,251034
12431,0.000363,172.217.194.0-255,5738,33189,17,251034
12432,0.000366,172.31.36.0-255,66,33255,17,251034
12433,0.000406,172.31.36.0-255,66,33321,17,251034
12434,0.00041,172.217.194.0-255,2902,36223,17,251034
12435,0.000413,172.31.36.0-255,66,36289,17,251034
12436,0.00045,172.217.194.0-255,7156,43445,17,251034
12437,0.000454,172.31.36.0-255,66,43511,17,251034
12438,0.00046,172.217.194.0-255,3961,47472,17,251034
12439,0.000463,172.31.36.0-255,66,47538,17,251034
12440,0.000466,172.217.194.0-255,341,47879,17,251034
12441,0.00051,172.217.194.0-255,404,48283,17,251034
12442,0.000668,172.217.194.0-255,1484,49767,17,251034
12443,0.000672,172.31.36.0-255,66,49833,17,251034
12444,0.000678,172.217.194.0-255,2902,52735,17,251034
12445,0.00068,172.31.36.0-255,66,52801,17,251034
12446,0.000705,172.217.194.0-255,5738,58539,17,251034
12447,0.000708,172.31.36.0-255,66,58605,17,251034
12448,0.000715,172.217.194.0-255,6797,65402,17,251034
12449,0.000717,172.31.36.0-255,66,65468,17,251034
12450,0.000757,172.217.194.0-255,4320,69788,17,251034
12451,0.00076,172.31.36.0-255,66,69854,17,251034
12452,0.000798,172.31.36.0-255,66,69920,17,251034
12453,0.000803,172.217.194.0-255,2543,72463,17,251034
12454,0.000805,172.31.36.0-255,66,72529,17,251034
12455,0.001272,172.217.194.0-255,1484,74013,17,251034
12456,0.001281,172.217.194.0-255,2902,76915,17,251034
12457,0.001286,172.31.36.0-255,66,76981,17,251034
12458,0.001316,172.217.194.0-255,5738,82719,17,251034
12459,0.00132,172.31.36.0-255,66,82785,17,251034
12460,0.001327,172.217.194.0-255,7156,89941,17,251034
12461,0.00133,172.31.36.0-255,66,90007,17,251034
12462,0.001337,172.217.194.0-255,7156,97163,17,251034
12463,0.001339,172.31.36.0-255,66,97229,17,251034
12464,0.001381,172.217.194.0-255,7156,104385,17,251034
12465,0.001386,172.31.36.0-255,66,104451,17,251034
12466,0.00139,172.217.194.0-255,2184,106635,17,251034
12467,0.001392,172.31.36.0-255,66,106701,17,251034
12468,0.001678,172.217.194.0-255,1484,108185,17,251034
12469,0.001686,172.217.194.0-255,2902,111087,17,251034
12470,0.001691,172.31.36.0-255,66,111153,17,251034
12471,0.001699,172.217.194.0-255,5738,116891,17,251034
12472,0.001701,172.31.36.0-255,66,116957,17,251034
12473,0.001713,172.217.194.0-255,5738,122695,17,251034
12474,0.001716,172.31.36.0-255,66,122761,17,251034
12475,0.00172,172.217.194.0-255,2902,125663,17,251034
12476,0.001723,172.31.36.0-255,66,125729,17,251034
12477,0.00175,172.31.36.0-255,66,125795,17,251034
12478,0.001755,172.217.194.0-255,1484,127279,17,251034
12479,0.001782,172.217.194.0-255,3602,130881,17,251034
12480,0.001786,172.31.36.0-255,66,130947,17,251034
12481,0.002108,172.217.194.0-255,1484,132431,17,251034
12482,0.002117,172.217.194.0-255,2902,135333,17,251034
12483,0.00212,172.31.36.0-255,66,135399,17,251034
12484,0.002126,172.217.194.0-255,2902,138301,17,251034
12485,0.002127,172.31.36.0-255,66,138367,17,251034
12486,0.002167,172.217.194.0-255,2902,141269,17,251034
12487,0.002169,172.31.36.0-255,66,141335,17,251034
12488,0.002172,172.217.194.0-255,1484,142819,17,251034
12489,0.002182,172.31.36.0-255,66,142885,17,251034
12490,0.002186,172.217.194.0-255,4320,147205,17,251034
12491,0.002188,172.31.36.0-255,66,147271,17,251034
12492,0.002222,172.31.36.0-255,66,147337,17,251034
12493,0.002452,172.217.194.0-255,1484,148821,17,251034
12494,0.002456,172.217.194.0-255,1484,150305,17,251034
12495,0.002459,172.31.36.0-255,66,150371,17,251034
12496,0.002475,172.217.194.0-255,1484,151855,17,251034
12497,0.00248,172.217.194.0-255,2902,154757,17,251034
12498,0.002482,172.31.36.0-255,66,154823,17,251034
12499,0.002485,172.217.194.0-255,1484,156307,17,251034
12500,0.002501,172.217.194.0-255,2902,159209,17,251034
12501,0.002504,172.31.36.0-255,66,159275,17,251034
12502,0.002508,172.217.194.0-255,2902,162177,17,251034
12503,0.00251,172.31.36.0-255,66,162243,17,251034
12504,0.002536,172.217.194.0-255,5738,167981,17,251034
12505,0.002538,172.31.36.0-255,66,168047,17,251034
12506,0.002547,172.31.36.0-255,66,168113,17,251034
12507,0.00259,172.217.194.0-255,5020,173133,17,251034
12508,0.002593,172.31.36.0-255,66,173199,17,251034
12509,0.002656,172.217.194.0-255,1484,174683,17,251034
12510,0.00266,172.217.194.0-255,2902,177585,17,251034
12511,0.002669,172.31.36.0-255,66,177651,17,251034
12512,0.002673,172.217.194.0-255,1484,179135,17,251034
12513,0.002702,172.217.194.0-255,4320,183455,17,251034
12514,0.002705,172.31.36.0-255,66,183521,17,251034
12515,0.002732,172.217.194.0-255,7156,190677,17,251034
12516,0.002736,172.31.36.0-255,66,190743,17,251034
12517,0.002743,172.217.194.0-255,7156,197899,17,251034
12518,0.002744,172.31.36.0-255,66,197965,17,251034
12519,0.002747,172.217.194.0-255,1484,199449,17,251034
12520,0.00275,172.217.194.0-255,1484,200933,17,251034
12521,0.002753,172.31.36.0-255,66,200999,17,251034
12522,0.002756,172.217.194.0-255,2902,203901,17,251034
12523,0.002759,172.31.36.0-255,66,203967,17,251034
12524,0.002792,172.217.194.0-255,1484,205451,17,251034
12525,0.002838,172.31.36.0-255,66,205517,17,251034
12526,0.002843,172.217.194.0-255,4320,209837,17,251034
12527,0.002845,172.31.36.0-255,66,209903,17,251034
12528,0.002852,172.217.194.0-255,7156,217059,17,251034
12529,0.002854,172.31.36.0-255,66,217125,17,251034
12530,0.002867,172.31.36.0-255,66,217191,17,251034
12531,0.00287,172.217.194.0-255,1484,218675,17,251034
12532,0.002888,172.31.36.0-255,66,218741,17,251034
12533,0.0029,172.31.36.0-255,66,218807,17,251034
12534,0.002903,172.217.194.0-255,1484,220291,17,251034
12535,0.002949,172.217.194.0-255,4320,224611,17,251034
12536,0.00296,172.217.194.0-255,1484,226095,17,251034
12537,0.002994,172.31.36.0-255,66,226161,17,251034
12538,0.003008,172.217.194.0-255,6438,232599,17,251034
12539,0.003024,172.217.194.0-255,1484,234083,17,251034
12540,0.003031,172.217.194.0-255,7156,241239,17,251034
12541,0.003038,172.31.36.0-255,78,241317,17,251034
12542,0.003045,172.31.36.0-255,78,241395,17,251034
12543,0.003065,172.217.194.0-255,4862,246257,17,251034
12544,0.003068,172.217.194.0-255,97,246354,17,251034
12545,0.003089,172.31.36.0-255,66,246420,17,251034
12546,0.003112,172.217.194.0-255,105,246525,17,251034
12547,0.004518,172.31.36.0-255,66,246591,17,251034
12548,0.004551,172.31.36.0-255,105,246696,17,251034
12549,0.00708,172.217.194.0-255,66,246762,17,251034
12550,0.027538,172.31.36.0-255,172,246934,17,251034
12551,0.027582,172.31.36.0-255,1116,248050,17,251034
12552,0.027751,172.31.36.0-255,1514,249564,17,251034
12553,0.027753,172.31.36.0-255,1272,250836,17,251034
12554,0.029085,104.244.42.0-255,66,250902,17,251034
12555,0.029121,104.244.42.0-255,66,250968,17,251034
12556,0.029315,104.244.42.0-255,66,251034,17,251034
12557,0.0,172.217.160.0-255,151,151,17,399340
12558,2.6e-05,172.31.36.0-255,66,217,17,399340
12559,3.4e-05,172.217.160.0-255,1484,1701,17,399340
12560,3.8e-05,172.31.36.0-255,66,1767,17,399340
12561,4.4e-05,172.217.160.0-255,2902,4669,17,399340
12562,4.8e-05,172.31.36.0-255,66,4735,17,399340
12563,5.7e-05,172.217.160.0-255,7156,11891,17,399340
12564,6e-05,172.31.36.0-255,66,11957,17,399340
12565,6.4e-05,172.217.160.0-255,2034,13991,17,399340
12566,6.6e-05,172.31.36.0-255,66,14057,17,399340
12567,7e-05,172.217.160.0-255,2902,16959,17,399340
12568,7.3e-05,172.31.36.0-255,66,17025,17,399340
12569,8.3e-05,172.217.160.0-255,7156,24181,17,399340
12570,9.3e-05,172.217.160.0-255,6797,30978,17,399340
12571,0.000122,172.31.36.0-255,66,31044,17,399340
12572,0.000129,172.31.36.0-255,66,31110,17,399340
12573,0.000132,172.217.160.0-255,1484,32594,17,399340
12574,0.000136,172.31.36.0-255,66,32660,17,399340
12575,0.000142,172.217.160.0-255,2902,35562,17,399340
12576,0.000143,172.31.36.0-255,66,35628,17,399340
12577,0.000147,172.217.160.0-255,1484,37112,17,399340
12578,0.000149,172.31.36.0-255,66,37178,17,399340
12579,0.000169,172.217.160.0-255,4320,41498,17,399340
12580,0.000172,172.31.36.0-255,66,41564,17,399340
12581,0.000177,172.217.160.0-255,2902,44466,17,399340
12582,0.000179,172.31.36.0-255,66,44532,17,399340
12583,0.000195,172.217.160.0-255,3961,48493,17,399340
12584,0.000197,172.31.36.0-255,66,48559,17,399340
12585,0.000421,172.217.160.0-255,1484,50043,17,399340
12586,0.000426,172.31.36.0-255,66,50109,17,399340
12587,0.000433,172.217.160.0-255,2902,53011,17,399340
12588,0.000435,172.31.36.0-255,66,53077,17,399340
12589,0.000442,172.217.160.0-255,5738,58815,17,399340
12590,0.000445,172.31.36.0-255,66,58881,17,399340
12591,0.000491,172.217.160.0-255,4320,63201,17,399340
12592,0.000494,172.31.36.0-255,66,63267,17,399340
12593,0.000512,172.217.160.0-255,2811,66078,17,399340
12594,0.000514,172.31.36.0-255,66,66144,17,399340
12595,0.000981,172.217.160.0-255,1484,67628,17,399340
12596,0.000988,172.217.160.0-255,2902,70530,17,399340
12597,0.000992,172.31.36.0-255,66,70596,17,399340
12598,0.000996,172.217.160.0-255,1484,72080,17,399340
12599,0.001017,172.217.160.0-255,4320,76400,17,399340
12600,0.00102,172.31.36.0-255,66,76466,17,399340
12601,0.001026,172.217.160.0-255,4320,80786,17,399340
12602,0.001027,172.31.36.0-255,66,80852,17,399340
12603,0.001042,172.217.160.0-255,2543,83395,17,399340
12604,0.001045,172.31.36.0-255,66,83461,17,399340
12605,0.001081,172.217.160.0-255,1484,84945,17,399340
12606,0.001098,172.217.160.0-255,2902,87847,17,399340
12607,0.001103,172.217.160.0-255,4320,92167,17,399340
12608,0.001106,172.31.36.0-255,66,92233,17,399340
12609,0.001114,172.31.36.0-255,66,92299,17,399340
12610,0.001117,172.217.160.0-255,1484,93783,17,399340
12611,0.001121,172.217.160.0-255,2902,96685,17,399340
12612,0.001124,172.31.36.0-255,66,96751,17,399340
12613,0.001136,172.217.160.0-255,1484,98235,17,399340
12614,0.001142,172.217.160.0-255,5142,103377,17,399340
12615,0.001144,172.31.36.0-255,66,103443,17,399340
12616,0.001151,172.217.160.0-255,5738,109181,17,399340
12617,0.001153,172.31.36.0-255,66,109247,17,399340
12618,0.001175,172.217.160.0-255,5738,114985,17,399340
12619,0.001177,172.31.36.0-255,66,115051,17,399340
12620,0.001181,172.217.160.0-255,2429,117480,17,399340
12621,0.001184,172.31.36.0-255,66,117546,17,399340
12622,0.001225,172.217.160.0-255,197,117743,17,399340
12623,0.001408,172.217.160.0-255,1484,119227,17,399340
12624,0.001412,172.31.36.0-255,66,119293,17,399340
12625,0.001418,172.217.160.0-255,2902,122195,17,399340
12626,0.00142,172.31.36.0-255,66,122261,17,399340
12627,0.001426,172.217.160.0-255,5738,127999,17,399340
12628,0.001428,172.31.36.0-255,66,128065,17,399340
12629,0.00143,172.217.160.0-255,1484,129549,17,399340
12630,0.001458,172.217.160.0-255,5738,135287,17,399340
12631,0.00146,172.31.36.0-255,66,135353,17,399340
12632,0.001499,172.217.160.0-255,7156,142509,17,399340
12633,0.001502,172.31.36.0-255,66,142575,17,399340
12634,0.001523,172.217.160.0-255,7156,149731,17,399340
12635,0.001526,172.31.36.0-255,66,149797,17,399340
12636,0.00153,172.217.160.0-255,2184,151981,17,399340
12637,0.001532,172.31.36.0-255,66,152047,17,399340
12638,0.001547,172.217.160.0-255,1484,153531,17,399340
12639,0.001551,172.217.160.0-255,2902,156433,17,399340
12640,0.001554,172.31.36.0-255,66,156499,17,399340
12641,0.001576,172.217.160.0-255,5738,162237,17,399340
12642,0.001579,172.31.36.0-255,66,162303,17,399340
12643,0.001601,172.217.160.0-255,2902,165205,17,399340
12644,0.001604,172.31.36.0-255,66,165271,17,399340
12645,0.00163,172.217.160.0-255,7156,172427,17,399340
12646,0.001633,172.31.36.0-255,66,172493,17,399340
12647,0.001644,172.31.36.0-255,66,172559,17,399340
12648,0.001668,172.217.160.0-255,2184,174743,17,399340
12649,0.001671,172.31.36.0-255,66,174809,17,399340
12650,0.001684,172.217.160.0-255,2902,177711,17,399340
12651,0.001688,172.31.36.0-255,66,177777,17,399340
12652,0.001713,172.217.160.0-255,7156,184933,17,399340
12653,0.001715,172.31.36.0-255,66,184999,17,399340
12654,0.001721,172.217.160.0-255,2902,187901,17,399340
12655,0.001723,172.31.36.0-255,66,187967,17,399340
12656,0.001739,172.217.160.0-255,4320,192287,17,399340
12657,0.001741,172.31.36.0-255,66,192353,17,399340
12658,0.001759,172.217.160.0-255,2902,195255,17,399340
12659,0.001762,172.31.36.0-255,66,195321,17,399340
12660,0.001779,172.217.160.0-255,7156,202477,17,399340
12661,0.001781,172.31.36.0-255,66,202543,17,399340
12662,0.001798,172.217.160.0-255,5738,208281,17,399340
12663,0.001801,172.31.36.0-255,66,208347,17,399340
12664,0.001804,172.217.160.0-255,766,209113,17,399340
12665,0.001901,172.217.160.0-255,1484,210597,17,399340
12666,0.001904,172.31.36.0-255,66,210663,17,399340
12667,0.00191,172.217.160.0-255,2902,213565,17,399340
12668,0.001912,172.31.36.0-255,66,213631,17,399340
12669,0.001918,172.217.160.0-255,4320,217951,17,399340
12670,0.00192,172.31.36.0-255,66,218017,17,399340
12671,0.001933,172.217.160.0-255,1484,219501,17,399340
12672,0.001937,172.217.160.0-255,1484,220985,17,399340
12673,0.001939,172.31.36.0-255,66,221051,17,399340
12674,0.001981,172.31.36.0-255,66,221117,17,399340
12675,0.003906,172.217.160.0-255,5738,226855,17,399340
12676,0.003913,172.31.36.0-255,66,226921,17,399340
12677,0.005829,172.217.160.0-255,5738,232659,17,399340
12678,0.005833,172.31.36.0-255,66,232725,17,399340
12679,0.007742,172.217.160.0-255,5738,238463,17,399340
12680,0.007749,172.31.36.0-255,66,238529,17,399340
12681,0.009664,172.217.160.0-255,5738,244267,17,399340
12682,0.009671,172.31.36.0-255,66,244333,17,399340
12683,0.011598,172.217.160.0-255,5738,250071,17,399340
12684,0.011607,172.31.36.0-255,66,250137,17,399340
12685,0.013547,172.217.160.0-255,5738,255875,17,399340
12686,0.013556,172.31.36.0-255,66,255941,17,399340
12687,0.015487,172.217.160.0-255,5738,261679,17,399340
12688,0.015497,172.31.36.0-255,66,261745,17,399340
12689,0.017425,172.217.160.0-255,5738,267483,17,399340
12690,0.017434,172.31.36.0-255,66,267549,17,399340
12691,0.019356,172.217.160.0-255,5738,273287,17,399340
12692,0.019367,172.31.36.0-255,66,273353,17,399340
12693,0.021302,172.217.160.0-255,5738,279091,17,399340
12694,0.021314,172.31.36.0-255,66,279157,17,399340
12695,0.023258,172.217.160.0-255,5738,284895,17,399340
12696,0.023276,172.31.36.0-255,66,284961,17,399340
12697,0.025194,172.217.160.0-255,5738,290699,17,399340
12698,0.025204,172.31.36.0-255,66,290765,17,399340
12699,0.027134,172.217.160.0-255,5738,296503,17,399340
12700,0.027144,172.31.36.0-255,66,296569,17,399340
12701,0.029075,172.217.160.0-255,5738,302307,17,399340
12702,0.029089,172.31.36.0-255,66,302373,17,399340
12703,0.031062,172.217.160.0-255,5738,308111,17,399340
12704,0.031072,172.31.36.0-255,66,308177,17,399340
12705,0.032996,172.217.160.0-255,5738,313915,17,399340
12706,0.03301,172.31.36.0-255,66,313981,17,399340
12707,0.034951,172.217.160.0-255,5738,319719,17,399340
12708,0.034965,172.31.36.0-255,66,319785,17,399340
12709,0.036889,172.217.160.0-255,5738,325523,17,399340
12710,0.036902,172.31.36.0-255,66,325589,17,399340
12711,0.038826,172.217.160.0-255,5738,331327,17,399340
12712,0.038838,172.31.36.0-255,66,331393,17,399340
12713,0.040522,172.31.36.0-255,172,331565,17,399340
12714,0.040561,172.31.36.0-255,1116,332681,17,399340
12715,0.040623,172.31.36.0-255,1514,334195,17,399340
12716,0.040625,172.31.36.0-255,1272,335467,17,399340
12717,0.040755,172.217.160.0-255,5738,341205,17,399340
12718,0.040767,172.31.36.0-255,66,341271,17,399340
12719,0.042091,104.244.42.0-255,66,341337,17,399340
12720,0.04212,104.244.42.0-255,66,341403,17,399340
12721,0.042172,104.244.42.0-255,66,341469,17,399340
12722,0.042679,172.217.160.0-255,5738,347207,17,399340
12723,0.042684,172.31.36.0-255,66,347273,17,399340
12724,0.044616,172.217.160.0-255,5738,353011,17,399340
12725,0.044629,172.31.36.0-255,66,353077,17,399340
12726,0.046556,172.217.160.0-255,5738,358815,17,399340
12727,0.046566,172.31.36.0-255,66,358881,17,399340
12728,0.048502,172.217.160.0-255,5738,364619,17,399340
12729,0.048518,172.31.36.0-255,66,364685,17,399340
12730,0.050459,172.217.160.0-255,5738,370423,17,399340
12731,0.050471,172.31.36.0-255,66,370489,17,399340
12732,0.052425,172.217.160.0-255,5738,376227,17,399340
12733,0.052433,172.31.36.0-255,66,376293,17,399340
12734,0.054355,172.217.160.0-255,5738,382031,17,399340
12735,0.054364,172.31.36.0-255,66,382097,17,399340
12736,0.056311,172.217.160.0-255,5738,387835,17,399340
12737,0.056323,172.31.36.0-255,66,387901,17,399340
12738,0.058237,172.217.160.0-255,5738,393639,17,399340
12739,0.058244,172.31.36.0-255,66,393705,17,399340
12740,0.060162,172.217.160.0-255,5398,399103,17,399340
12741,0.060168,172.31.36.0-255,66,399169,17,399340
12742,0.060652,172.31.36.0-255,105,399274,17,399340
12743,0.062543,172.217.160.0-255,66,399340,17,399340
12744,0.0,172.217.194.0-255,143,143,17,361545
12745,4.9e-05,172.31.36.0-255,66,209,17,361545
12746,5.7e-05,172.217.194.0-255,1484,1693,17,361545
12747,6.1e-05,172.31.36.0-255,66,1759,17,361545
12748,7.4e-05,172.217.194.0-255,2902,4661,17,361545
12749,7.7e-05,172.31.36.0-255,66,4727,17,361545
12750,8.1e-05,172.217.194.0-255,2902,7629,17,361545
12751,8.3e-05,172.31.36.0-255,66,7695,17,361545
12752,8.8e-05,172.217.194.0-255,4320,12015,17,361545
12753,9.1e-05,172.31.36.0-255,66,12081,17,361545
12754,9.6e-05,172.217.194.0-255,2086,14167,17,361545
12755,9.8e-05,172.31.36.0-255,66,14233,17,361545
12756,0.00013,172.217.194.0-255,2902,17135,17,361545
12757,0.000133,172.31.36.0-255,66,17201,17,361545
12758,0.000141,172.217.194.0-255,7156,24357,17,361545
12759,0.000144,172.31.36.0-255,66,24423,17,361545
12760,0.000147,172.217.194.0-255,1484,25907,17,361545
12761,0.000149,172.31.36.0-255,66,25973,17,361545
12762,0.000185,172.217.194.0-255,5379,31352,17,361545
12763,0.000191,172.31.36.0-255,66,31418,17,361545
12764,0.000198,172.217.194.0-255,5738,37156,17,361545
12765,0.0002,172.31.36.0-255,66,37222,17,361545
12766,0.000241,172.31.36.0-255,66,37288,17,361545
12767,0.000244,172.217.194.0-255,1125,38413,17,361545
12768,0.000246,172.31.36.0-255,66,38479,17,361545
12769,0.000277,172.31.36.0-255,66,38545,17,361545
12770,0.000303,172.217.194.0-255,2902,41447,17,361545
12771,0.000306,172.31.36.0-255,66,41513,17,361545
12772,0.000331,172.217.194.0-255,5675,47188,17,361545
12773,0.000335,172.31.36.0-255,66,47254,17,361545
12774,0.000337,172.217.194.0-255,380,47634,17,361545
12775,0.000419,172.217.194.0-255,1484,49118,17,361545
12776,0.000423,172.31.36.0-255,66,49184,17,361545
12777,0.000427,172.217.194.0-255,2902,52086,17,361545
12778,0.000431,172.31.36.0-255,66,52152,17,361545
12779,0.000459,172.217.194.0-255,5738,57890,17,361545
12780,0.000465,172.217.194.0-255,4320,62210,17,361545
12781,0.000471,172.31.36.0-255,66,62276,17,361545
12782,0.000478,172.217.194.0-255,2543,64819,17,361545
12783,0.000487,172.31.36.0-255,66,64885,17,361545
12784,0.000563,172.217.194.0-255,1484,66369,17,361545
12785,0.000569,172.217.194.0-255,2902,69271,17,361545
12786,0.000572,172.31.36.0-255,66,69337,17,361545
12787,0.000575,172.217.194.0-255,1484,70821,17,361545
12788,0.000604,172.217.194.0-255,4320,75141,17,361545
12789,0.000608,172.31.36.0-255,66,75207,17,361545
12790,0.00062,172.217.194.0-255,1484,76691,17,361545
12791,0.000644,172.217.194.0-255,4831,81522,17,361545
12792,0.000654,172.31.36.0-255,66,81588,17,361545
12793,0.00079,172.217.194.0-255,1484,83072,17,361545
12794,0.000807,172.217.194.0-255,2902,85974,17,361545
12795,0.000811,172.31.36.0-255,66,86040,17,361545
12796,0.000816,172.217.194.0-255,2902,88942,17,361545
12797,0.000818,172.31.36.0-255,66,89008,17,361545
12798,0.00084,172.217.194.0-255,2902,91910,17,361545
12799,0.000843,172.31.36.0-255,66,91976,17,361545
12800,0.000847,172.217.194.0-255,1484,93460,17,361545
12801,0.000853,172.217.194.0-255,7156,100616,17,361545
12802,0.000855,172.31.36.0-255,66,100682,17,361545
12803,0.000886,172.217.194.0-255,5738,106420,17,361545
12804,0.000889,172.31.36.0-255,66,106486,17,361545
12805,0.000916,172.31.36.0-255,66,106552,17,361545
12806,0.001184,172.217.194.0-255,1484,108036,17,361545
12807,0.001191,172.217.194.0-255,2902,110938,17,361545
12808,0.001201,172.31.36.0-255,66,111004,17,361545
12809,0.001214,172.217.194.0-255,5738,116742,17,361545
12810,0.001221,172.31.36.0-255,66,116808,17,361545
12811,0.001256,172.31.36.0-255,66,116874,17,361545
12812,0.001268,172.31.36.0-255,66,116940,17,361545
12813,0.001745,172.217.194.0-255,1484,118424,17,361545
12814,0.001756,172.217.194.0-255,2902,121326,17,361545
12815,0.00176,172.31.36.0-255,66,121392,17,361545
12816,0.001764,172.217.194.0-255,1484,122876,17,361545
12817,0.001768,172.217.194.0-255,2902,125778,17,361545
12818,0.001771,172.31.36.0-255,66,125844,17,361545
12819,0.001783,172.217.194.0-255,5738,131582,17,361545
12820,0.001786,172.31.36.0-255,66,131648,17,361545
12821,0.001829,172.217.194.0-255,5738,137386,17,361545
12822,0.001832,172.31.36.0-255,66,137452,17,361545
12823,0.001868,172.217.194.0-255,7156,144608,17,361545
12824,0.001873,172.31.36.0-255,66,144674,17,361545
12825,0.001879,172.217.194.0-255,4320,148994,17,361545
12826,0.001881,172.31.36.0-255,66,149060,17,361545
12827,0.001884,172.217.194.0-255,2184,151244,17,361545
12828,0.001886,172.31.36.0-255,66,151310,17,361545
12829,0.001926,172.217.194.0-255,1484,152794,17,361545
12830,0.001932,172.217.194.0-255,2902,155696,17,361545
12831,0.001935,172.31.36.0-255,66,155762,17,361545
12832,0.001941,172.217.194.0-255,5738,161500,17,361545
12833,0.001943,172.31.36.0-255,66,161566,17,361545
12834,0.001974,172.217.194.0-255,1484,163050,17,361545
12835,0.001979,172.217.194.0-255,2902,165952,17,361545
12836,0.001982,172.31.36.0-255,66,166018,17,361545
12837,0.001987,172.217.194.0-255,5738,171756,17,361545
12838,0.001989,172.31.36.0-255,66,171822,17,361545
12839,0.001992,172.217.194.0-255,1484,173306,17,361545
12840,0.002023,172.31.36.0-255,66,173372,17,361545
12841,0.002026,172.217.194.0-255,766,174138,17,361545
12842,0.002581,172.31.36.0-255,66,174204,17,361545
12843,0.004043,172.217.194.0-255,1484,175688,17,361545
12844,0.004064,172.217.194.0-255,2902,178590,17,361545
12845,0.004067,172.31.36.0-255,66,178656,17,361545
12846,0.004637,172.217.194.0-255,1484,180140,17,361545
12847,0.006101,172.217.194.0-255,4320,184460,17,361545
12848,0.006107,172.31.36.0-255,66,184526,17,361545
12849,0.008144,172.217.194.0-255,5738,190264,17,361545
12850,0.008153,172.31.36.0-255,66,190330,17,361545
12851,0.01017,172.217.194.0-255,5738,196068,17,361545
12852,0.010178,172.31.36.0-255,66,196134,17,361545
12853,0.012179,172.217.194.0-255,5738,201872,17,361545
12854,0.012188,172.31.36.0-255,66,201938,17,361545
12855,0.014223,172.217.194.0-255,5738,207676,17,361545
12856,0.014232,172.31.36.0-255,66,207742,17,361545
12857,0.016257,172.217.194.0-255,5738,213480,17,361545
12858,0.01627,172.31.36.0-255,66,213546,17,361545
12859,0.018321,172.217.194.0-255,5738,219284,17,361545
12860,0.018331,172.31.36.0-255,66,219350,17,361545
12861,0.020354,172.217.194.0-255,5738,225088,17,361545
12862,0.020364,172.31.36.0-255,66,225154,17,361545
12863,0.022395,172.217.194.0-255,5738,230892,17,361545
12864,0.022401,172.31.36.0-255,66,230958,17,361545
12865,0.024419,172.217.194.0-255,5738,236696,17,361545
12866,0.024427,172.31.36.0-255,66,236762,17,361545
12867,0.026439,172.217.194.0-255,5738,242500,17,361545
12868,0.026446,172.31.36.0-255,66,242566,17,361545
12869,0.028464,172.217.194.0-255,5738,248304,17,361545
12870,0.028471,172.31.36.0-255,66,248370,17,361545
12871,0.030478,172.217.194.0-255,5738,254108,17,361545
12872,0.030485,172.31.36.0-255,66,254174,17,361545
12873,0.032016,172.31.36.0-255,172,254346,17,361545
12874,0.032061,172.31.36.0-255,1117,255463,17,361545
12875,0.032134,172.31.36.0-255,1514,256977,17,361545
12876,0.032136,172.31.36.0-255,1271,258248,17,361545
12877,0.032523,172.217.194.0-255,5738,263986,17,361545
12878,0.032529,172.31.36.0-255,66,264052,17,361545
12879,0.033565,104.244.42.0-255,66,264118,17,361545
12880,0.0336,104.244.42.0-255,66,264184,17,361545
12881,0.033708,104.244.42.0-255,66,264250,17,361545
12882,0.034535,172.217.194.0-255,5738,269988,17,361545
12883,0.034542,172.31.36.0-255,66,270054,17,361545
12884,0.036575,172.217.194.0-255,5738,275792,17,361545
12885,0.036582,172.31.36.0-255,66,275858,17,361545
12886,0.03861,172.217.194.0-255,5738,281596,17,361545
12887,0.038616,172.31.36.0-255,66,281662,17,361545
12888,0.04066,172.217.194.0-255,5738,287400,17,361545
12889,0.040666,172.31.36.0-255,66,287466,17,361545
12890,0.042672,172.217.194.0-255,5738,293204,17,361545
12891,0.042681,172.31.36.0-255,66,293270,17,361545
12892,0.044689,172.217.194.0-255,5738,299008,17,361545
12893,0.044695,172.31.36.0-255,66,299074,17,361545
12894,0.046722,172.217.194.0-255,5738,304812,17,361545
12895,0.046729,172.31.36.0-255,66,304878,17,361545
12896,0.048744,172.217.194.0-255,5738,310616,17,361545
12897,0.048751,172.31.36.0-255,66,310682,17,361545
12898,0.050789,172.217.194.0-255,5738,316420,17,361545
12899,0.050796,172.31.36.0-255,66,316486,17,361545
12900,0.052816,172.217.194.0-255,5738,322224,17,361545
12901,0.052823,172.31.36.0-255,66,322290,17,361545
12902,0.054859,172.217.194.0-255,5738,328028,17,361545
12903,0.054865,172.31.36.0-255,66,328094,17,361545
12904,0.056922,172.217.194.0-255,5738,333832,17,361545
12905,0.05693,172.31.36.0-255,66,333898,17,361545
12906,0.058965,172.217.194.0-255,5738,339636,17,361545
12907,0.058971,172.31.36.0-255,66,339702,17,361545
12908,0.06098,172.217.194.0-255,5738,345440,17,361545
12909,0.060986,172.31.36.0-255,66,345506,17,361545
12910,0.062997,172.217.194.0-255,5738,351244,17,361545
12911,0.063003,172.31.36.0-255,66,351310,17,361545
12912,0.065035,172.217.194.0-255,5738,357048,17,361545
12913,0.06504,172.31.36.0-255,66,357114,17,361545
12914,0.067055,172.217.194.0-255,4194,361308,17,361545
12915,0.067061,172.31.36.0-255,66,361374,17,361545
12916,0.067265,172.31.36.0-255,105,361479,17,361545
12917,0.069266,172.217.194.0-255,66,361545,17,361545
12918,0.0,172.217.194.0-255,143,143,17,265038
12919,1.8e-05,172.31.36.0-255,66,209,17,265038
12920,2.5e-05,172.217.194.0-255,1484,1693,17,265038
12921,3e-05,172.31.36.0-255,66,1759,17,265038
12922,4.5e-05,172.217.194.0-255,2902,4661,17,265038
12923,4.8e-05,172.31.36.0-255,66,4727,17,265038
12924,5.6e-05,172.217.194.0-255,7156,11883,17,265038
12925,5.8e-05,172.31.36.0-255,66,11949,17,265038
12926,7.6e-05,172.31.36.0-255,66,12015,17,265038
12927,8e-05,172.217.194.0-255,2543,14558,17,265038
12928,8.3e-05,172.31.36.0-255,66,14624,17,265038
12929,0.000165,172.31.36.0-255,66,14690,17,265038
12930,0.000455,172.217.194.0-255,1484,16174,17,265038
12931,0.000461,172.31.36.0-255,66,16240,17,265038
12932,0.000467,172.217.194.0-255,2902,19142,17,265038
12933,0.00047,172.31.36.0-255,66,19208,17,265038
12934,0.000473,172.217.194.0-255,1484,20692,17,265038
12935,0.000481,172.31.36.0-255,66,20758,17,265038
12936,0.000519,172.217.194.0-255,4320,25078,17,265038
12937,0.000522,172.31.36.0-255,66,25144,17,265038
12938,0.00053,172.217.194.0-255,6797,31941,17,265038
12939,0.000533,172.31.36.0-255,66,32007,17,265038
12940,0.000576,172.217.194.0-255,1484,33491,17,265038
12941,0.00058,172.31.36.0-255,66,33557,17,265038
12942,0.000585,172.217.194.0-255,2902,36459,17,265038
12943,0.000587,172.31.36.0-255,66,36525,17,265038
12944,0.000615,172.217.194.0-255,5738,42263,17,265038
12945,0.000618,172.31.36.0-255,66,42329,17,265038
12946,0.000652,172.31.36.0-255,66,42395,17,265038
12947,0.000664,172.31.36.0-255,66,42461,17,265038
12948,0.000709,172.31.36.0-255,66,42527,17,265038
12949,0.000731,172.217.194.0-255,6424,48951,17,265038
12950,0.000734,172.31.36.0-255,66,49017,17,265038
12951,0.00111,172.217.194.0-255,1484,50501,17,265038
12952,0.001117,172.217.194.0-255,2902,53403,17,265038
12953,0.001121,172.31.36.0-255,66,53469,17,265038
12954,0.001153,172.217.194.0-255,5738,59207,17,265038
12955,0.001157,172.31.36.0-255,66,59273,17,265038
12956,0.001163,172.217.194.0-255,4320,63593,17,265038
12957,0.001165,172.31.36.0-255,66,63659,17,265038
12958,0.00121,172.31.36.0-255,66,63725,17,265038
12959,0.001228,172.31.36.0-255,66,63791,17,265038
12960,0.002005,172.217.194.0-255,1484,65275,17,265038
12961,0.002013,172.217.194.0-255,2902,68177,17,265038
12962,0.002017,172.31.36.0-255,66,68243,17,265038
12963,0.002021,172.217.194.0-255,1484,69727,17,265038
12964,0.00403,172.217.194.0-255,4320,74047,17,265038
12965,0.004037,172.31.36.0-255,66,74113,17,265038
12966,0.00601,172.217.194.0-255,2902,77015,17,265038
12967,0.006013,172.31.36.0-255,66,77081,17,265038
12968,0.006032,172.217.194.0-255,2902,79983,17,265038
12969,0.006034,172.31.36.0-255,66,80049,17,265038
12970,0.008007,172.217.194.0-255,5738,85787,17,265038
12971,0.008014,172.31.36.0-255,66,85853,17,265038
12972,0.010014,172.217.194.0-255,5738,91591,17,265038
12973,0.010022,172.31.36.0-255,66,91657,17,265038
12974,0.012002,172.217.194.0-255,5738,97395,17,265038
12975,0.012009,172.31.36.0-255,66,97461,17,265038
12976,0.014008,172.217.194.0-255,5738,103199,17,265038
12977,0.014018,172.31.36.0-255,66,103265,17,265038
12978,0.015992,172.217.194.0-255,5738,109003,17,265038
12979,0.016001,172.31.36.0-255,66,109069,17,265038
12980,0.017978,172.217.194.0-255,5738,114807,17,265038
12981,0.017986,172.31.36.0-255,66,114873,17,265038
12982,0.019982,172.217.194.0-255,5738,120611,17,265038
12983,0.01999,172.31.36.0-255,66,120677,17,265038
12984,0.021967,172.217.194.0-255,5738,126415,17,265038
12985,0.021975,172.31.36.0-255,66,126481,17,265038
12986,0.024034,172.217.194.0-255,5738,132219,17,265038
12987,0.024042,172.31.36.0-255,66,132285,17,265038
12988,0.02602,172.217.194.0-255,2902,135187,17,265038
12989,0.026026,172.31.36.0-255,66,135253,17,265038
12990,0.026055,172.217.194.0-255,2902,138155,17,265038
12991,0.026059,172.31.36.0-255,66,138221,17,265038
12992,0.027801,172.31.36.0-255,172,138393,17,265038
12993,0.027831,172.31.36.0-255,1118,139511,17,265038
12994,0.027889,172.31.36.0-255,1514,141025,17,265038
12995,0.027891,172.31.36.0-255,1271,142296,17,265038
12996,0.028007,172.217.194.0-255,2902,145198,17,265038
12997,0.028013,172.31.36.0-255,66,145264,17,265038
12998,0.028044,172.217.194.0-255,2902,148166,17,265038
12999,0.028048,172.31.36.0-255,66,148232,17,265038
13000,0.029345,104.244.42.0-255,66,148298,17,265038
13001,0.029417,104.244.42.0-255,66,148364,17,265038
13002,0.029463,104.244.42.0-255,66,148430,17,265038
13003,0.030009,172.217.194.0-255,2902,151332,17,265038
13004,0.030016,172.31.36.0-255,66,151398,17,265038
13005,0.030046,172.217.194.0-255,2902,154300,17,265038
13006,0.030049,172.31.36.0-255,66,154366,17,265038
13007,0.031997,172.217.194.0-255,2902,157268,17,265038
13008,0.032004,172.31.36.0-255,66,157334,17,265038
13009,0.032032,172.217.194.0-255,2902,160236,17,265038
13010,0.032035,172.31.36.0-255,66,160302,17,265038
13011,0.03399,172.217.194.0-255,2902,163204,17,265038
13012,0.033997,172.31.36.0-255,66,163270,17,265038
13013,0.03405,172.217.194.0-255,2902,166172,17,265038
13014,0.034054,172.31.36.0-255,66,166238,17,265038
13015,0.036004,172.217.194.0-255,2902,169140,17,265038
13016,0.03601,172.31.36.0-255,66,169206,17,265038
13017,0.03604,172.217.194.0-255,2902,172108,17,265038
13018,0.036043,172.31.36.0-255,66,172174,17,265038
13019,0.038009,172.217.194.0-255,5738,177912,17,265038
13020,0.038016,172.31.36.0-255,66,177978,17,265038
13021,0.040052,172.217.194.0-255,5738,183716,17,265038
13022,0.04006,172.31.36.0-255,66,183782,17,265038
13023,0.042046,172.217.194.0-255,5738,189520,17,265038
13024,0.042053,172.31.36.0-255,66,189586,17,265038
13025,0.044029,172.217.194.0-255,5738,195324,17,265038
13026,0.044036,172.31.36.0-255,66,195390,17,265038
13027,0.04605,172.217.194.0-255,5738,201128,17,265038
13028,0.046056,172.31.36.0-255,66,201194,17,265038
13029,0.048049,172.217.194.0-255,5738,206932,17,265038
13030,0.048056,172.31.36.0-255,66,206998,17,265038
13031,0.050055,172.217.194.0-255,5738,212736,17,265038
13032,0.050062,172.31.36.0-255,66,212802,17,265038
13033,0.052062,172.217.194.0-255,5738,218540,17,265038
13034,0.052068,172.31.36.0-255,66,218606,17,265038
13035,0.054069,172.217.194.0-255,5738,224344,17,265038
13036,0.054075,172.31.36.0-255,66,224410,17,265038
13037,0.056096,172.217.194.0-255,5738,230148,17,265038
13038,0.056103,172.31.36.0-255,66,230214,17,265038
13039,0.058091,172.217.194.0-255,5738,235952,17,265038
13040,0.058097,172.31.36.0-255,66,236018,17,265038
13041,0.060112,172.217.194.0-255,5738,241756,17,265038
13042,0.060119,172.31.36.0-255,66,241822,17,265038
13043,0.062156,172.217.194.0-255,5738,247560,17,265038
13044,0.062162,172.31.36.0-255,66,247626,17,265038
13045,0.064149,172.217.194.0-255,5738,253364,17,265038
13046,0.064156,172.31.36.0-255,66,253430,17,265038
13047,0.066132,172.217.194.0-255,5738,259168,17,265038
13048,0.066138,172.31.36.0-255,66,259234,17,265038
13049,0.068141,172.217.194.0-255,5738,264972,17,265038
13050,0.068148,172.31.36.0-255,66,265038,17,265038
13051,0.0,74.125.24.0-255,142,142,17,355422
13052,3.5e-05,172.31.36.0-255,66,208,17,355422
13053,4.3e-05,74.125.24.0-255,1484,1692,17,355422
13054,4.7e-05,172.31.36.0-255,66,1758,17,355422
13055,5.3e-05,74.125.24.0-255,2902,4660,17,355422
13056,5.6e-05,172.31.36.0-255,66,4726,17,355422
13057,5.8e-05,74.125.24.0-255,1484,6210,17,355422
13058,6.1e-05,172.31.36.0-255,66,6276,17,355422
13059,8.5e-05,74.125.24.0-255,5738,12014,17,355422
13060,8.9e-05,172.31.36.0-255,66,12080,17,355422
13061,9.3e-05,74.125.24.0-255,1976,14056,17,355422
13062,9.9e-05,172.31.36.0-255,66,14122,17,355422
13063,0.000227,74.125.24.0-255,1484,15606,17,355422
13064,0.000233,172.31.36.0-255,66,15672,17,355422
13065,0.000247,74.125.24.0-255,2902,18574,17,355422
13066,0.00025,172.31.36.0-255,66,18640,17,355422
13067,0.000276,74.125.24.0-255,5738,24378,17,355422
13068,0.000278,172.31.36.0-255,66,24444,17,355422
13069,0.000282,74.125.24.0-255,2902,27346,17,355422
13070,0.000284,172.31.36.0-255,66,27412,17,355422
13071,0.0003,74.125.24.0-255,3961,31373,17,355422
13072,0.000302,172.31.36.0-255,66,31439,17,355422
13073,0.000339,74.125.24.0-255,7156,38595,17,355422
13074,0.000342,172.31.36.0-255,66,38661,17,355422
13075,0.000347,74.125.24.0-255,4320,42981,17,355422
13076,0.000349,172.31.36.0-255,66,43047,17,355422
13077,0.000384,74.125.24.0-255,5379,48426,17,355422
13078,0.000388,172.31.36.0-255,66,48492,17,355422
13079,0.000765,74.125.24.0-255,1484,49976,17,355422
13080,0.00077,172.31.36.0-255,66,50042,17,355422
13081,0.000779,74.125.24.0-255,2902,52944,17,355422
13082,0.000781,172.31.36.0-255,66,53010,17,355422
13083,0.000799,74.125.24.0-255,5738,58748,17,355422
13084,0.000802,172.31.36.0-255,66,58814,17,355422
13085,0.000842,74.125.24.0-255,4320,63134,17,355422
13086,0.000845,172.31.36.0-255,66,63200,17,355422
13087,0.000865,74.125.24.0-255,2543,65743,17,355422
13088,0.000867,172.31.36.0-255,66,65809,17,355422
13089,0.000872,74.125.24.0-255,2902,68711,17,355422
13090,0.000875,172.31.36.0-255,66,68777,17,355422
13091,0.000892,74.125.24.0-255,2902,71679,17,355422
13092,0.000895,172.31.36.0-255,66,71745,17,355422
13093,0.00092,74.125.24.0-255,1484,73229,17,355422
13094,0.000929,74.125.24.0-255,5738,78967,17,355422
13095,0.000932,172.31.36.0-255,66,79033,17,355422
13096,0.000935,74.125.24.0-255,1484,80517,17,355422
13097,0.000968,172.31.36.0-255,66,80583,17,355422
13098,0.000974,74.125.24.0-255,5379,85962,17,355422
13099,0.000978,172.31.36.0-255,66,86028,17,355422
13100,0.00098,74.125.24.0-255,646,86674,17,355422
13101,0.001161,74.125.24.0-255,1484,88158,17,355422
13102,0.001167,172.31.36.0-255,66,88224,17,355422
13103,0.001174,74.125.24.0-255,2902,91126,17,355422
13104,0.001176,172.31.36.0-255,66,91192,17,355422
13105,0.001194,74.125.24.0-255,1484,92676,17,355422
13106,0.001211,74.125.24.0-255,4320,96996,17,355422
13107,0.001214,172.31.36.0-255,66,97062,17,355422
13108,0.001227,172.31.36.0-255,66,97128,17,355422
13109,0.001244,74.125.24.0-255,1484,98612,17,355422
13110,0.001251,74.125.24.0-255,5738,104350,17,355422
13111,0.001253,172.31.36.0-255,66,104416,17,355422
13112,0.001278,74.125.24.0-255,5020,109436,17,355422
13113,0.001281,172.31.36.0-255,66,109502,17,355422
13114,0.001519,74.125.24.0-255,1484,110986,17,355422
13115,0.001526,74.125.24.0-255,2902,113888,17,355422
13116,0.001529,172.31.36.0-255,66,113954,17,355422
13117,0.001536,74.125.24.0-255,4320,118274,17,355422
13118,0.001539,172.31.36.0-255,66,118340,17,355422
13119,0.00155,74.125.24.0-255,1484,119824,17,355422
13120,0.001557,74.125.24.0-255,5738,125562,17,355422
13121,0.00156,172.31.36.0-255,66,125628,17,355422
13122,0.001588,74.125.24.0-255,7156,132784,17,355422
13123,0.001591,172.31.36.0-255,66,132850,17,355422
13124,0.001601,172.31.36.0-255,66,132916,17,355422
13125,0.001603,74.125.24.0-255,766,133682,17,355422
13126,0.001651,74.125.24.0-255,1484,135166,17,355422
13127,0.001654,172.31.36.0-255,66,135232,17,355422
13128,0.001671,74.125.24.0-255,1484,136716,17,355422
13129,0.001676,74.125.24.0-255,2902,139618,17,355422
13130,0.001678,172.31.36.0-255,66,139684,17,355422
13131,0.001694,74.125.24.0-255,1484,141168,17,355422
13132,0.001715,74.125.24.0-255,4320,145488,17,355422
13133,0.001717,172.31.36.0-255,66,145554,17,355422
13134,0.001723,74.125.24.0-255,5738,151292,17,355422
13135,0.001725,172.31.36.0-255,66,151358,17,355422
13136,0.001736,74.125.24.0-255,1484,152842,17,355422
13137,0.00176,74.125.24.0-255,5738,158580,17,355422
13138,0.001763,172.31.36.0-255,66,158646,17,355422
13139,0.001782,172.31.36.0-255,66,158712,17,355422
13140,0.001784,74.125.24.0-255,766,159478,17,355422
13141,0.002094,74.125.24.0-255,1484,160962,17,355422
13142,0.002096,172.31.36.0-255,66,161028,17,355422
13143,0.002114,74.125.24.0-255,2902,163930,17,355422
13144,0.002117,172.31.36.0-255,66,163996,17,355422
13145,0.00212,74.125.24.0-255,2902,166898,17,355422
13146,0.002123,172.31.36.0-255,66,166964,17,355422
13147,0.00216,74.125.24.0-255,2902,169866,17,355422
13148,0.002162,172.31.36.0-255,66,169932,17,355422
13149,0.002184,74.125.24.0-255,4320,174252,17,355422
13150,0.002186,172.31.36.0-255,66,174318,17,355422
13151,0.002192,74.125.24.0-255,5738,180056,17,355422
13152,0.002194,172.31.36.0-255,66,180122,17,355422
13153,0.002233,74.125.24.0-255,2902,183024,17,355422
13154,0.002235,172.31.36.0-255,66,183090,17,355422
13155,0.002254,74.125.24.0-255,5738,188828,17,355422
13156,0.002256,172.31.36.0-255,66,188894,17,355422
13157,0.002268,74.125.24.0-255,5020,193914,17,355422
13158,0.00227,172.31.36.0-255,66,193980,17,355422
13159,0.004677,74.125.24.0-255,5738,199718,17,355422
13160,0.004685,172.31.36.0-255,66,199784,17,355422
13161,0.007086,74.125.24.0-255,5738,205522,17,355422
13162,0.007091,172.31.36.0-255,66,205588,17,355422
13163,0.00948,74.125.24.0-255,4320,209908,17,355422
13164,0.009486,172.31.36.0-255,66,209974,17,355422
13165,0.009511,74.125.24.0-255,1484,211458,17,355422
13166,0.011898,74.125.24.0-255,4320,215778,17,355422
13167,0.011906,172.31.36.0-255,66,215844,17,355422
13168,0.014313,74.125.24.0-255,5738,221582,17,355422
13169,0.014331,172.31.36.0-255,66,221648,17,355422
13170,0.016754,74.125.24.0-255,5738,227386,17,355422
13171,0.016773,172.31.36.0-255,66,227452,17,355422
13172,0.019201,74.125.24.0-255,5738,233190,17,355422
13173,0.019223,172.31.36.0-255,66,233256,17,355422
13174,0.021627,74.125.24.0-255,5738,238994,17,355422
13175,0.021643,172.31.36.0-255,66,239060,17,355422
13176,0.024065,74.125.24.0-255,5738,244798,17,355422
13177,0.024082,172.31.36.0-255,66,244864,17,355422
13178,0.026486,74.125.24.0-255,5738,250602,17,355422
13179,0.026496,172.31.36.0-255,66,250668,17,355422
13180,0.02888,74.125.24.0-255,5738,256406,17,355422
13181,0.02889,172.31.36.0-255,66,256472,17,355422
13182,0.031298,74.125.24.0-255,5738,262210,17,355422
13183,0.031305,172.31.36.0-255,66,262276,17,355422
13184,0.033712,74.125.24.0-255,5738,268014,17,355422
13185,0.033721,172.31.36.0-255,66,268080,17,355422
13186,0.036035,172.31.36.0-255,172,268252,17,355422
13187,0.036069,172.31.36.0-255,1117,269369,17,355422
13188,0.036105,74.125.24.0-255,5738,275107,17,355422
13189,0.036107,172.31.36.0-255,1514,276621,17,355422
13190,0.036109,172.31.36.0-255,1271,277892,17,355422
13191,0.03611,172.31.36.0-255,66,277958,17,355422
13192,0.037587,104.244.42.0-255,66,278024,17,355422
13193,0.037593,104.244.42.0-255,66,278090,17,355422
13194,0.037688,104.244.42.0-255,66,278156,17,355422
13195,0.038503,74.125.24.0-255,1484,279640,17,355422
13196,0.03853,74.125.24.0-255,4320,283960,17,355422
13197,0.038534,172.31.36.0-255,66,284026,17,355422
13198,0.040911,74.125.24.0-255,4320,288346,17,355422
13199,0.040917,172.31.36.0-255,66,288412,17,355422
13200,0.040945,74.125.24.0-255,1484,289896,17,355422
13201,0.043281,74.125.24.0-255,4320,294216,17,355422
13202,0.043287,172.31.36.0-255,66,294282,17,355422
13203,0.045692,74.125.24.0-255,5738,300020,17,355422
13204,0.045701,172.31.36.0-255,66,300086,17,355422
13205,0.048098,74.125.24.0-255,4320,304406,17,355422
13206,0.048104,172.31.36.0-255,66,304472,17,355422
13207,0.048135,74.125.24.0-255,1484,305956,17,355422
13208,0.050501,74.125.24.0-255,4320,310276,17,355422
13209,0.050508,172.31.36.0-255,66,310342,17,355422
13210,0.052917,74.125.24.0-255,5738,316080,17,355422
13211,0.052927,172.31.36.0-255,66,316146,17,355422
13212,0.055301,74.125.24.0-255,5738,321884,17,355422
13213,0.055307,172.31.36.0-255,66,321950,17,355422
13214,0.057692,74.125.24.0-255,4320,326270,17,355422
13215,0.057698,172.31.36.0-255,66,326336,17,355422
13216,0.057726,74.125.24.0-255,1484,327820,17,355422
13217,0.060073,74.125.24.0-255,4320,332140,17,355422
13218,0.06008,172.31.36.0-255,66,332206,17,355422
13219,0.06249,74.125.24.0-255,5738,337944,17,355422
13220,0.062497,172.31.36.0-255,66,338010,17,355422
13221,0.064879,74.125.24.0-255,5738,343748,17,355422
13222,0.064892,172.31.36.0-255,66,343814,17,355422
13223,0.067282,74.125.24.0-255,5738,349552,17,355422
13224,0.067289,172.31.36.0-255,66,349618,17,355422
13225,0.06967,74.125.24.0-255,5738,355356,17,355422
13226,0.069676,172.31.36.0-255,66,355422,17,355422
13227,0.0,172.217.194.0-255,153,153,17,202148
13228,3.3e-05,172.31.36.0-255,66,219,17,202148
13229,4.1e-05,172.217.194.0-255,1484,1703,17,202148
13230,4.5e-05,172.31.36.0-255,66,1769,17,202148
13231,5e-05,172.217.194.0-255,2902,4671,17,202148
13232,5.3e-05,172.31.36.0-255,66,4737,17,202148
13233,8.3e-05,172.217.194.0-255,4320,9057,17,202148
13234,8.5e-05,172.31.36.0-255,66,9123,17,202148
13235,9e-05,172.217.194.0-255,4320,13443,17,202148
13236,9.2e-05,172.31.36.0-255,66,13509,17,202148
13237,0.000106,172.217.194.0-255,618,14127,17,202148
13238,0.000108,172.31.36.0-255,66,14193,17,202148
13239,0.000113,172.217.194.0-255,4320,18513,17,202148
13240,0.000115,172.31.36.0-255,66,18579,17,202148
13241,0.00015,172.31.36.0-255,66,18645,17,202148
13242,0.000203,172.31.36.0-255,66,18711,17,202148
13243,0.00197,172.217.194.0-255,1484,20195,17,202148
13244,0.001978,172.31.36.0-255,66,20261,17,202148
13245,0.001988,172.217.194.0-255,2902,23163,17,202148
13246,0.00199,172.31.36.0-255,66,23229,17,202148
13247,0.002023,172.217.194.0-255,5738,28967,17,202148
13248,0.002025,172.31.36.0-255,66,29033,17,202148
13249,0.002058,172.217.194.0-255,1484,30517,17,202148
13250,0.00206,172.31.36.0-255,66,30583,17,202148
13251,0.002077,172.217.194.0-255,5967,36550,17,202148
13252,0.002079,172.31.36.0-255,66,36616,17,202148
13253,0.005657,172.217.194.0-255,1484,38100,17,202148
13254,0.005661,172.31.36.0-255,66,38166,17,202148
13255,0.005666,172.217.194.0-255,1484,39650,17,202148
13256,0.005667,172.31.36.0-255,66,39716,17,202148
13257,0.00568,172.217.194.0-255,1484,41200,17,202148
13258,0.005684,172.217.194.0-255,1484,42684,17,202148
13259,0.005686,172.31.36.0-255,66,42750,17,202148
13260,0.007937,172.217.194.0-255,1484,44234,17,202148
13261,0.007974,172.217.194.0-255,4320,48554,17,202148
13262,0.00798,172.31.36.0-255,66,48620,17,202148
13263,0.010288,172.217.194.0-255,5738,54358,17,202148
13264,0.010296,172.31.36.0-255,66,54424,17,202148
13265,0.0126,172.217.194.0-255,5738,60162,17,202148
13266,0.012616,172.31.36.0-255,66,60228,17,202148
13267,0.014915,172.217.194.0-255,5738,65966,17,202148
13268,0.014924,172.31.36.0-255,66,66032,17,202148
13269,0.017215,172.217.194.0-255,5738,71770,17,202148
13270,0.017222,172.31.36.0-255,66,71836,17,202148
13271,0.019566,172.217.194.0-255,5738,77574,17,202148
13272,0.019573,172.31.36.0-255,66,77640,17,202148
13273,0.021893,172.217.194.0-255,5738,83378,17,202148
13274,0.021907,172.31.36.0-255,66,83444,17,202148
13275,0.02421,172.217.194.0-255,5738,89182,17,202148
13276,0.024217,172.31.36.0-255,66,89248,17,202148
13277,0.026518,172.217.194.0-255,5738,94986,17,202148
13278,0.026527,172.31.36.0-255,66,95052,17,202148
13279,0.026721,172.31.36.0-255,172,95224,17,202148
13280,0.026751,172.31.36.0-255,1118,96342,17,202148
13281,0.026786,172.31.36.0-255,1514,97856,17,202148
13282,0.026787,172.31.36.0-255,1270,99126,17,202148
13283,0.028279,104.244.42.0-255,66,99192,17,202148
13284,0.02832,104.244.42.0-255,66,99258,17,202148
13285,0.028371,104.244.42.0-255,66,99324,17,202148
13286,0.028829,172.217.194.0-255,5738,105062,17,202148
13287,0.028836,172.31.36.0-255,66,105128,17,202148
13288,0.031143,172.217.194.0-255,2902,108030,17,202148
13289,0.031149,172.31.36.0-255,66,108096,17,202148
13290,0.031184,172.217.194.0-255,2902,110998,17,202148
13291,0.031187,172.31.36.0-255,66,111064,17,202148
13292,0.033439,172.217.194.0-255,2902,113966,17,202148
13293,0.033445,172.31.36.0-255,66,114032,17,202148
13294,0.033484,172.217.194.0-255,2902,116934,17,202148
13295,0.033487,172.31.36.0-255,66,117000,17,202148
13296,0.03574,172.217.194.0-255,2902,119902,17,202148
13297,0.035745,172.31.36.0-255,66,119968,17,202148
13298,0.035777,172.217.194.0-255,2902,122870,17,202148
13299,0.03578,172.31.36.0-255,66,122936,17,202148
13300,0.038016,172.217.194.0-255,2902,125838,17,202148
13301,0.038021,172.31.36.0-255,66,125904,17,202148
13302,0.038075,172.217.194.0-255,2902,128806,17,202148
13303,0.038079,172.31.36.0-255,66,128872,17,202148
13304,0.040327,172.217.194.0-255,2902,131774,17,202148
13305,0.040332,172.31.36.0-255,66,131840,17,202148
13306,0.040371,172.217.194.0-255,2902,134742,17,202148
13307,0.040374,172.31.36.0-255,66,134808,17,202148
13308,0.042627,172.217.194.0-255,2902,137710,17,202148
13309,0.042632,172.31.36.0-255,66,137776,17,202148
13310,0.042669,172.217.194.0-255,2902,140678,17,202148
13311,0.042672,172.31.36.0-255,66,140744,17,202148
13312,0.044917,172.217.194.0-255,2902,143646,17,202148
13313,0.044923,172.31.36.0-255,66,143712,17,202148
13314,0.044952,172.217.194.0-255,2902,146614,17,202148
13315,0.044955,172.31.36.0-255,66,146680,17,202148
13316,0.047197,172.217.194.0-255,2902,149582,17,202148
13317,0.047219,172.31.36.0-255,66,149648,17,202148
13318,0.047237,172.217.194.0-255,2902,152550,17,202148
13319,0.047241,172.31.36.0-255,66,152616,17,202148
13320,0.04952,172.217.194.0-255,4320,156936,17,202148
13321,0.049525,172.31.36.0-255,66,157002,17,202148
13322,0.049555,172.217.194.0-255,1484,158486,17,202148
13323,0.05182,172.217.194.0-255,4320,162806,17,202148
13324,0.051825,172.31.36.0-255,66,162872,17,202148
13325,0.05413,172.217.194.0-255,5738,168610,17,202148
13326,0.054136,172.31.36.0-255,66,168676,17,202148
13327,0.056441,172.217.194.0-255,5738,174414,17,202148
13328,0.056447,172.31.36.0-255,66,174480,17,202148
13329,0.058839,172.217.194.0-255,5738,180218,17,202148
13330,0.058846,172.31.36.0-255,66,180284,17,202148
13331,0.061138,172.217.194.0-255,5738,186022,17,202148
13332,0.061159,172.31.36.0-255,66,186088,17,202148
13333,0.063447,172.217.194.0-255,5738,191826,17,202148
13334,0.063453,172.31.36.0-255,66,191892,17,202148
13335,0.065747,172.217.194.0-255,4320,196212,17,202148
13336,0.065754,172.31.36.0-255,66,196278,17,202148
13337,0.065782,172.217.194.0-255,1484,197762,17,202148
13338,0.068057,172.217.194.0-255,4320,202082,17,202148
13339,0.068062,172.31.36.0-255,66,202148,17,202148
13340,0.0,172.217.194.0-255,145,145,17,185212
13341,4.3e-05,172.31.36.0-255,66,211,17,185212
13342,5e-05,172.217.194.0-255,1484,1695,17,185212
13343,5.4e-05,172.31.36.0-255,66,1761,17,185212
13344,5.9e-05,172.217.194.0-255,2902,4663,17,185212
13345,7e-05,172.31.36.0-255,66,4729,17,185212
13346,7.6e-05,172.217.194.0-255,7156,11885,17,185212
13347,7.9e-05,172.31.36.0-255,66,11951,17,185212
13348,0.00011,172.217.194.0-255,4320,16271,17,185212
13349,0.000114,172.31.36.0-255,66,16337,17,185212
13350,0.000154,172.31.36.0-255,66,16403,17,185212
13351,0.000161,172.217.194.0-255,6797,23200,17,185212
13352,0.000163,172.31.36.0-255,66,23266,17,185212
13353,0.000221,172.217.194.0-255,1484,24750,17,185212
13354,0.000224,172.31.36.0-255,66,24816,17,185212
13355,0.000229,172.217.194.0-255,1484,26300,17,185212
13356,0.000231,172.31.36.0-255,66,26366,17,185212
13357,0.000255,172.217.194.0-255,1484,27850,17,185212
13358,0.000259,172.31.36.0-255,66,27916,17,185212
13359,0.000266,172.217.194.0-255,5738,33654,17,185212
13360,0.000269,172.31.36.0-255,66,33720,17,185212
13361,0.000307,172.217.194.0-255,6797,40517,17,185212
13362,0.000309,172.31.36.0-255,66,40583,17,185212
13363,0.000313,172.217.194.0-255,1484,42067,17,185212
13364,0.000315,172.31.36.0-255,66,42133,17,185212
13365,0.000356,172.217.194.0-255,5738,47871,17,185212
13366,0.000359,172.31.36.0-255,66,47937,17,185212
13367,0.000367,172.217.194.0-255,7156,55093,17,185212
13368,0.00037,172.31.36.0-255,66,55159,17,185212
13369,0.000398,172.217.194.0-255,2820,57979,17,185212
13370,0.000403,172.31.36.0-255,66,58045,17,185212
13371,0.000783,172.217.194.0-255,116,58161,17,185212
13372,0.000839,172.31.36.0-255,66,58227,17,185212
13373,0.000849,172.217.194.0-255,1484,59711,17,185212
13374,0.000869,172.217.194.0-255,2902,62613,17,185212
13375,0.000872,172.31.36.0-255,66,62679,17,185212
13376,0.000879,172.217.194.0-255,5738,68417,17,185212
13377,0.000882,172.31.36.0-255,66,68483,17,185212
13378,0.000903,172.31.36.0-255,66,68549,17,185212
13379,0.000909,172.217.194.0-255,7156,75705,17,185212
13380,0.000911,172.31.36.0-255,66,75771,17,185212
13381,0.000945,172.217.194.0-255,3602,79373,17,185212
13382,0.000949,172.31.36.0-255,66,79439,17,185212
13383,0.001019,172.217.194.0-255,1484,80923,17,185212
13384,0.001024,172.217.194.0-255,2902,83825,17,185212
13385,0.001027,172.31.36.0-255,66,83891,17,185212
13386,0.001056,172.217.194.0-255,5738,89629,17,185212
13387,0.001058,172.217.194.0-255,1484,91113,17,185212
13388,0.00106,172.31.36.0-255,66,91179,17,185212
13389,0.00109,172.217.194.0-255,5738,96917,17,185212
13390,0.001093,172.31.36.0-255,66,96983,17,185212
13391,0.001113,172.31.36.0-255,66,97049,17,185212
13392,0.001119,172.217.194.0-255,4320,101369,17,185212
13393,0.001124,172.31.36.0-255,66,101435,17,185212
13394,0.001149,172.31.36.0-255,66,101501,17,185212
13395,0.001181,172.31.36.0-255,66,101567,17,185212
13396,0.001223,172.31.36.0-255,66,101633,17,185212
13397,0.001247,172.31.36.0-255,66,101699,17,185212
13398,0.001276,172.217.194.0-255,5738,107437,17,185212
13399,0.00128,172.31.36.0-255,66,107503,17,185212
13400,0.00129,172.31.36.0-255,66,107569,17,185212
13401,0.001359,172.217.194.0-255,1484,109053,17,185212
13402,0.001365,172.217.194.0-255,2902,111955,17,185212
13403,0.001367,172.31.36.0-255,66,112021,17,185212
13404,0.001373,172.217.194.0-255,5738,117759,17,185212
13405,0.001375,172.31.36.0-255,66,117825,17,185212
13406,0.001388,172.31.36.0-255,66,117891,17,185212
13407,0.001391,172.217.194.0-255,1484,119375,17,185212
13408,0.00143,172.31.36.0-255,66,119441,17,185212
13409,0.001494,172.31.36.0-255,66,119507,17,185212
13410,0.001516,172.31.36.0-255,66,119573,17,185212
13411,0.001541,172.31.36.0-255,66,119639,17,185212
13412,0.001551,172.31.36.0-255,66,119705,17,185212
13413,0.001561,172.31.36.0-255,66,119771,17,185212
13414,0.0016,172.31.36.0-255,66,119837,17,185212
13415,0.001644,172.31.36.0-255,66,119903,17,185212
13416,0.001663,172.217.194.0-255,2184,122087,17,185212
13417,0.001666,172.31.36.0-255,66,122153,17,185212
13418,0.001687,172.217.194.0-255,1484,123637,17,185212
13419,0.001692,172.217.194.0-255,2902,126539,17,185212
13420,0.001695,172.31.36.0-255,66,126605,17,185212
13421,0.001721,172.217.194.0-255,5738,132343,17,185212
13422,0.001724,172.31.36.0-255,66,132409,17,185212
13423,0.001727,172.217.194.0-255,1484,133893,17,185212
13424,0.001746,172.217.194.0-255,5738,139631,17,185212
13425,0.001749,172.31.36.0-255,66,139697,17,185212
13426,0.001778,172.217.194.0-255,5738,145435,17,185212
13427,0.001782,172.31.36.0-255,66,145501,17,185212
13428,0.001788,172.217.194.0-255,5738,151239,17,185212
13429,0.001791,172.31.36.0-255,66,151305,17,185212
13430,0.001824,172.217.194.0-255,5020,156325,17,185212
13431,0.001827,172.31.36.0-255,66,156391,17,185212
13432,0.001834,172.217.194.0-255,5738,162129,17,185212
13433,0.001837,172.31.36.0-255,66,162195,17,185212
13434,0.001867,172.217.194.0-255,5738,167933,17,185212
13435,0.00187,172.31.36.0-255,66,167999,17,185212
13436,0.001877,172.217.194.0-255,7156,175155,17,185212
13437,0.00188,172.31.36.0-255,66,175221,17,185212
13438,0.001964,172.31.36.0-255,66,175287,17,185212
13439,0.001969,172.217.194.0-255,5245,180532,17,185212
13440,0.001971,172.31.36.0-255,66,180598,17,185212
13441,0.002012,172.217.194.0-255,105,180703,17,185212
13442,0.007909,172.31.36.0-255,66,180769,17,185212
13443,0.007945,172.31.36.0-255,105,180874,17,185212
13444,0.010579,172.217.194.0-255,66,180940,17,185212
13445,0.031194,172.31.36.0-255,172,181112,17,185212
13446,0.031227,172.31.36.0-255,1116,182228,17,185212
13447,0.031268,172.31.36.0-255,1514,183742,17,185212
13448,0.03127,172.31.36.0-255,1272,185014,17,185212
13449,0.032744,104.244.42.0-255,66,185080,17,185212
13450,0.032764,104.244.42.0-255,66,185146,17,185212
13451,0.032813,104.244.42.0-255,66,185212,17,185212
13452,0.0,172.31.36.0-255,105,105,17,459
13453,0.000169,172.31.36.0-255,90,195,17,459
13454,0.00018,172.31.36.0-255,66,261,17,459
13455,0.002467,74.125.130.0-255,66,327,17,459
13456,0.002491,74.125.130.0-255,66,393,17,459
13457,0.002506,172.31.36.0-255,66,459,17,459
13458,0.0,74.125.68.0-255,153,153,17,316612
13459,2.8e-05,172.31.36.0-255,66,219,17,316612
13460,3.5e-05,74.125.68.0-255,1484,1703,17,316612
13461,3.9e-05,172.31.36.0-255,66,1769,17,316612
13462,4.4e-05,74.125.68.0-255,2902,4671,17,316612
13463,4.6e-05,172.31.36.0-255,66,4737,17,316612
13464,4.9e-05,74.125.68.0-255,1484,6221,17,316612
13465,5e-05,172.31.36.0-255,66,6287,17,316612
13466,7.4e-05,74.125.68.0-255,2902,9189,17,316612
13467,7.7e-05,172.31.36.0-255,66,9255,17,316612
13468,9.1e-05,74.125.68.0-255,1484,10739,17,316612
13469,9.3e-05,172.31.36.0-255,66,10805,17,316612
13470,0.000116,74.125.68.0-255,3424,14229,17,316612
13471,0.000118,172.31.36.0-255,66,14295,17,316612
13472,0.000124,74.125.68.0-255,5738,20033,17,316612
13473,0.000126,172.31.36.0-255,66,20099,17,316612
13474,0.000152,74.125.68.0-255,4320,24419,17,316612
13475,0.000155,172.31.36.0-255,66,24485,17,316612
13476,0.000176,74.125.68.0-255,4320,28805,17,316612
13477,0.000181,172.31.36.0-255,66,28871,17,316612
13478,0.000196,172.31.36.0-255,66,28937,17,316612
13479,0.000204,74.125.68.0-255,7156,36093,17,316612
13480,0.000207,172.31.36.0-255,66,36159,17,316612
13481,0.000242,74.125.68.0-255,2184,38343,17,316612
13482,0.000245,172.31.36.0-255,66,38409,17,316612
13483,0.000249,74.125.68.0-255,2902,41311,17,316612
13484,0.000252,172.31.36.0-255,66,41377,17,316612
13485,0.000278,74.125.68.0-255,5738,47115,17,316612
13486,0.00028,172.31.36.0-255,66,47181,17,316612
13487,0.000299,74.125.68.0-255,1484,48665,17,316612
13488,0.000302,172.31.36.0-255,66,48731,17,316612
13489,0.000309,74.125.68.0-255,6797,55528,17,316612
13490,0.000312,172.31.36.0-255,66,55594,17,316612
13491,0.000335,74.125.68.0-255,678,56272,17,316612
13492,0.000505,74.125.68.0-255,1484,57756,17,316612
13493,0.000511,172.31.36.0-255,66,57822,17,316612
13494,0.000516,74.125.68.0-255,2902,60724,17,316612
13495,0.000518,172.31.36.0-255,66,60790,17,316612
13496,0.000552,74.125.68.0-255,5738,66528,17,316612
13497,0.000556,172.31.36.0-255,66,66594,17,316612
13498,0.000581,74.125.68.0-255,1484,68078,17,316612
13499,0.0006,74.125.68.0-255,5738,73816,17,316612
13500,0.000604,172.31.36.0-255,66,73882,17,316612
13501,0.000607,74.125.68.0-255,1484,75366,17,316612
13502,0.000637,74.125.68.0-255,4320,79686,17,316612
13503,0.000643,172.31.36.0-255,66,79752,17,316612
13504,0.000659,74.125.68.0-255,5738,85490,17,316612
13505,0.000661,172.31.36.0-255,66,85556,17,316612
13506,0.000666,74.125.68.0-255,2902,88458,17,316612
13507,0.000668,172.31.36.0-255,66,88524,17,316612
13508,0.000706,74.125.68.0-255,2184,90708,17,316612
13509,0.000709,172.31.36.0-255,66,90774,17,316612
13510,0.001623,74.125.68.0-255,1484,92258,17,316612
13511,0.001632,74.125.68.0-255,2902,95160,17,316612
13512,0.001636,172.31.36.0-255,66,95226,17,316612
13513,0.001683,74.125.68.0-255,5738,100964,17,316612
13514,0.001686,172.31.36.0-255,66,101030,17,316612
13515,0.001691,74.125.68.0-255,2902,103932,17,316612
13516,0.001693,172.31.36.0-255,66,103998,17,316612
13517,0.001698,74.125.68.0-255,4320,108318,17,316612
13518,0.0017,172.31.36.0-255,66,108384,17,316612
13519,0.001731,74.125.68.0-255,4320,112704,17,316612
13520,0.001733,172.31.36.0-255,66,112770,17,316612
13521,0.001741,74.125.68.0-255,5738,118508,17,316612
13522,0.001742,172.31.36.0-255,66,118574,17,316612
13523,0.001769,74.125.68.0-255,2902,121476,17,316612
13524,0.001771,172.31.36.0-255,66,121542,17,316612
13525,0.001789,74.125.68.0-255,2902,124444,17,316612
13526,0.001792,172.31.36.0-255,66,124510,17,316612
13527,0.001809,74.125.68.0-255,766,125276,17,316612
13528,0.003794,74.125.68.0-255,1484,126760,17,316612
13529,0.0038,172.31.36.0-255,66,126826,17,316612
13530,0.003822,74.125.68.0-255,2902,129728,17,316612
13531,0.003824,172.31.36.0-255,66,129794,17,316612
13532,0.005831,74.125.68.0-255,2902,132696,17,316612
13533,0.005837,172.31.36.0-255,66,132762,17,316612
13534,0.005867,74.125.68.0-255,2902,135664,17,316612
13535,0.00587,172.31.36.0-255,66,135730,17,316612
13536,0.007865,74.125.68.0-255,2902,138632,17,316612
13537,0.00787,172.31.36.0-255,66,138698,17,316612
13538,0.007899,74.125.68.0-255,2902,141600,17,316612
13539,0.007902,172.31.36.0-255,66,141666,17,316612
13540,0.009906,74.125.68.0-255,2902,144568,17,316612
13541,0.009913,172.31.36.0-255,66,144634,17,316612
13542,0.009936,74.125.68.0-255,2902,147536,17,316612
13543,0.009939,172.31.36.0-255,66,147602,17,316612
13544,0.011948,74.125.68.0-255,2902,150504,17,316612
13545,0.011955,172.31.36.0-255,66,150570,17,316612
13546,0.011975,74.125.68.0-255,2902,153472,17,316612
13547,0.011978,172.31.36.0-255,66,153538,17,316612
13548,0.01399,74.125.68.0-255,2902,156440,17,316612
13549,0.013998,172.31.36.0-255,66,156506,17,316612
13550,0.014017,74.125.68.0-255,2902,159408,17,316612
13551,0.014019,172.31.36.0-255,66,159474,17,316612
13552,0.016022,74.125.68.0-255,2902,162376,17,316612
13553,0.016027,172.31.36.0-255,66,162442,17,316612
13554,0.016045,74.125.68.0-255,2902,165344,17,316612
13555,0.016047,172.31.36.0-255,66,165410,17,316612
13556,0.018068,74.125.68.0-255,5738,171148,17,316612
13557,0.018074,172.31.36.0-255,66,171214,17,316612
13558,0.02014,74.125.68.0-255,5738,176952,17,316612
13559,0.020152,172.31.36.0-255,66,177018,17,316612
13560,0.022194,74.125.68.0-255,5738,182756,17,316612
13561,0.022203,172.31.36.0-255,66,182822,17,316612
13562,0.024262,74.125.68.0-255,5738,188560,17,316612
13563,0.024276,172.31.36.0-255,66,188626,17,316612
13564,0.026313,74.125.68.0-255,5738,194364,17,316612
13565,0.02632,172.31.36.0-255,66,194430,17,316612
13566,0.028362,74.125.68.0-255,5738,200168,17,316612
13567,0.028368,172.31.36.0-255,66,200234,17,316612
13568,0.030409,74.125.68.0-255,5738,205972,17,316612
13569,0.030417,172.31.36.0-255,66,206038,17,316612
13570,0.032461,74.125.68.0-255,5738,211776,17,316612
13571,0.032469,172.31.36.0-255,66,211842,17,316612
13572,0.034492,74.125.68.0-255,1484,213326,17,316612
13573,0.034517,74.125.68.0-255,4320,217646,17,316612
13574,0.034521,172.31.36.0-255,66,217712,17,316612
13575,0.035678,172.31.36.0-255,188,217900,17,316612
13576,0.035713,172.31.36.0-255,961,218861,17,316612
13577,0.035752,172.31.36.0-255,1514,220375,17,316612
13578,0.035754,172.31.36.0-255,1427,221802,17,316612
13579,0.036558,74.125.68.0-255,5738,227540,17,316612
13580,0.036564,172.31.36.0-255,66,227606,17,316612
13581,0.037218,104.244.42.0-255,66,227672,17,316612
13582,0.037356,104.244.42.0-255,66,227738,17,316612
13583,0.037361,104.244.42.0-255,66,227804,17,316612
13584,0.038609,74.125.68.0-255,5738,233542,17,316612
13585,0.038615,172.31.36.0-255,66,233608,17,316612
13586,0.040657,74.125.68.0-255,5738,239346,17,316612
13587,0.040662,172.31.36.0-255,66,239412,17,316612
13588,0.042744,74.125.68.0-255,5738,245150,17,316612
13589,0.04275,172.31.36.0-255,66,245216,17,316612
13590,0.044778,74.125.68.0-255,5738,250954,17,316612
13591,0.044783,172.31.36.0-255,66,251020,17,316612
13592,0.046823,74.125.68.0-255,5738,256758,17,316612
13593,0.046828,172.31.36.0-255,66,256824,17,316612
13594,0.048855,74.125.68.0-255,4320,261144,17,316612
13595,0.048861,172.31.36.0-255,66,261210,17,316612
13596,0.048887,74.125.68.0-255,1484,262694,17,316612
13597,0.0509,74.125.68.0-255,4320,267014,17,316612
13598,0.050905,172.31.36.0-255,66,267080,17,316612
13599,0.052937,74.125.68.0-255,5738,272818,17,316612
13600,0.052943,172.31.36.0-255,66,272884,17,316612
13601,0.054997,74.125.68.0-255,5738,278622,17,316612
13602,0.055007,172.31.36.0-255,66,278688,17,316612
13603,0.057071,74.125.68.0-255,5738,284426,17,316612
13604,0.057077,172.31.36.0-255,66,284492,17,316612
13605,0.059114,74.125.68.0-255,5738,290230,17,316612
13606,0.059119,172.31.36.0-255,66,290296,17,316612
13607,0.06115,74.125.68.0-255,4320,294616,17,316612
13608,0.061155,172.31.36.0-255,66,294682,17,316612
13609,0.061186,74.125.68.0-255,1484,296166,17,316612
13610,0.063199,74.125.68.0-255,4320,300486,17,316612
13611,0.063205,172.31.36.0-255,66,300552,17,316612
13612,0.065256,74.125.68.0-255,4320,304872,17,316612
13613,0.065262,172.31.36.0-255,66,304938,17,316612
13614,0.06529,74.125.68.0-255,1484,306422,17,316612
13615,0.067293,74.125.68.0-255,4320,310742,17,316612
13616,0.067298,172.31.36.0-255,66,310808,17,316612
13617,0.06933,74.125.68.0-255,5738,316546,17,316612
13618,0.069336,172.31.36.0-255,66,316612,17,316612
13619,0.0,74.125.24.0-255,297,297,17,270231
13620,2.1e-05,172.31.36.0-255,66,363,17,270231
13621,2.7e-05,74.125.24.0-255,1484,1847,17,270231
13622,3.1e-05,172.31.36.0-255,66,1913,17,270231
13623,3.8e-05,74.125.24.0-255,4320,6233,17,270231
13624,4.2e-05,172.31.36.0-255,66,6299,17,270231
13625,5.4e-05,172.31.36.0-255,66,6365,17,270231
13626,9.6e-05,74.125.24.0-255,1484,7849,17,270231
13627,9.9e-05,172.31.36.0-255,66,7915,17,270231
13628,0.000105,74.125.24.0-255,2902,10817,17,270231
13629,0.000106,172.31.36.0-255,66,10883,17,270231
13630,0.000112,74.125.24.0-255,4320,15203,17,270231
13631,0.000115,172.31.36.0-255,66,15269,17,270231
13632,0.000141,74.125.24.0-255,1484,16753,17,270231
13633,0.000143,172.31.36.0-255,66,16819,17,270231
13634,0.00015,74.125.24.0-255,6797,23616,17,270231
13635,0.000153,172.31.36.0-255,66,23682,17,270231
13636,0.000323,74.125.24.0-255,1484,25166,17,270231
13637,0.000328,172.31.36.0-255,66,25232,17,270231
13638,0.000334,74.125.24.0-255,2902,28134,17,270231
13639,0.000337,172.31.36.0-255,66,28200,17,270231
13640,0.000339,74.125.24.0-255,1484,29684,17,270231
13641,0.000341,172.31.36.0-255,66,29750,17,270231
13642,0.000369,74.125.24.0-255,4320,34070,17,270231
13643,0.000372,172.31.36.0-255,66,34136,17,270231
13644,0.000377,74.125.24.0-255,4320,38456,17,270231
13645,0.00038,172.31.36.0-255,66,38522,17,270231
13646,0.00042,172.31.36.0-255,66,38588,17,270231
13647,0.000428,74.125.24.0-255,7156,45744,17,270231
13648,0.00043,172.31.36.0-255,66,45810,17,270231
13649,0.000435,74.125.24.0-255,2875,48685,17,270231
13650,0.000437,172.31.36.0-255,66,48751,17,270231
13651,0.000463,74.125.24.0-255,110,48861,17,270231
13652,0.000848,74.125.24.0-255,332,49193,17,270231
13653,0.001036,172.31.36.0-255,66,49259,17,270231
13654,0.001245,74.125.24.0-255,1484,50743,17,270231
13655,0.001254,74.125.24.0-255,2902,53645,17,270231
13656,0.001259,172.31.36.0-255,66,53711,17,270231
13657,0.001284,74.125.24.0-255,5738,59449,17,270231
13658,0.001287,172.31.36.0-255,66,59515,17,270231
13659,0.001312,74.125.24.0-255,7156,66671,17,270231
13660,0.001314,172.31.36.0-255,66,66737,17,270231
13661,0.001341,74.125.24.0-255,5738,72475,17,270231
13662,0.001343,172.31.36.0-255,66,72541,17,270231
13663,0.001349,74.125.24.0-255,4320,76861,17,270231
13664,0.001351,172.31.36.0-255,66,76927,17,270231
13665,0.001359,74.125.24.0-255,6438,83365,17,270231
13666,0.001361,172.31.36.0-255,66,83431,17,270231
13667,0.002287,74.125.24.0-255,1484,84915,17,270231
13668,0.002297,74.125.24.0-255,2902,87817,17,270231
13669,0.002302,172.31.36.0-255,66,87883,17,270231
13670,0.00231,74.125.24.0-255,5738,93621,17,270231
13671,0.002312,172.31.36.0-255,66,93687,17,270231
13672,0.002316,74.125.24.0-255,1484,95171,17,270231
13673,0.002336,74.125.24.0-255,2902,98073,17,270231
13674,0.002338,172.31.36.0-255,66,98139,17,270231
13675,0.002351,172.31.36.0-255,66,98205,17,270231
13676,0.002355,74.125.24.0-255,1484,99689,17,270231
13677,0.002377,74.125.24.0-255,6438,106127,17,270231
13678,0.00238,172.31.36.0-255,66,106193,17,270231
13679,0.004699,74.125.24.0-255,5738,111931,17,270231
13680,0.004706,172.31.36.0-255,66,111997,17,270231
13681,0.007023,74.125.24.0-255,5738,117735,17,270231
13682,0.007027,172.31.36.0-255,66,117801,17,270231
13683,0.009395,74.125.24.0-255,5738,123539,17,270231
13684,0.009401,172.31.36.0-255,66,123605,17,270231
13685,0.011735,74.125.24.0-255,5738,129343,17,270231
13686,0.011744,172.31.36.0-255,66,129409,17,270231
13687,0.014088,74.125.24.0-255,5738,135147,17,270231
13688,0.014096,172.31.36.0-255,66,135213,17,270231
13689,0.016442,74.125.24.0-255,5738,140951,17,270231
13690,0.016451,172.31.36.0-255,66,141017,17,270231
13691,0.018764,74.125.24.0-255,4320,145337,17,270231
13692,0.018773,172.31.36.0-255,66,145403,17,270231
13693,0.01879,74.125.24.0-255,1484,146887,17,270231
13694,0.021095,74.125.24.0-255,4320,151207,17,270231
13695,0.021103,172.31.36.0-255,66,151273,17,270231
13696,0.023457,74.125.24.0-255,5738,157011,17,270231
13697,0.023465,172.31.36.0-255,66,157077,17,270231
13698,0.025791,74.125.24.0-255,5738,162815,17,270231
13699,0.025799,172.31.36.0-255,66,162881,17,270231
13700,0.027068,172.31.36.0-255,172,163053,17,270231
13701,0.027097,172.31.36.0-255,1117,164170,17,270231
13702,0.027143,172.31.36.0-255,1514,165684,17,270231
13703,0.027145,172.31.36.0-255,1163,166847,17,270231
13704,0.028134,74.125.24.0-255,4320,171167,17,270231
13705,0.028139,172.31.36.0-255,66,171233,17,270231
13706,0.028171,74.125.24.0-255,1484,172717,17,270231
13707,0.028609,104.244.42.0-255,66,172783,17,270231
13708,0.028628,104.244.42.0-255,66,172849,17,270231
13709,0.028748,104.244.42.0-255,66,172915,17,270231
13710,0.030447,74.125.24.0-255,4320,177235,17,270231
13711,0.030451,172.31.36.0-255,66,177301,17,270231
13712,0.032771,74.125.24.0-255,5738,183039,17,270231
13713,0.032777,172.31.36.0-255,66,183105,17,270231
13714,0.035089,74.125.24.0-255,1484,184589,17,270231
13715,0.035124,74.125.24.0-255,4320,188909,17,270231
13716,0.035129,172.31.36.0-255,66,188975,17,270231
13717,0.037445,74.125.24.0-255,5738,194713,17,270231
13718,0.037451,172.31.36.0-255,66,194779,17,270231
13719,0.039793,74.125.24.0-255,5738,200517,17,270231
13720,0.039799,172.31.36.0-255,66,200583,17,270231
13721,0.042128,74.125.24.0-255,5738,206321,17,270231
13722,0.042133,172.31.36.0-255,66,206387,17,270231
13723,0.044466,74.125.24.0-255,5738,212125,17,270231
13724,0.044471,172.31.36.0-255,66,212191,17,270231
13725,0.046784,74.125.24.0-255,5738,217929,17,270231
13726,0.04679,172.31.36.0-255,66,217995,17,270231
13727,0.049148,74.125.24.0-255,5738,223733,17,270231
13728,0.049156,172.31.36.0-255,66,223799,17,270231
13729,0.051489,74.125.24.0-255,5738,229537,17,270231
13730,0.051495,172.31.36.0-255,66,229603,17,270231
13731,0.05382,74.125.24.0-255,5738,235341,17,270231
13732,0.053826,172.31.36.0-255,66,235407,17,270231
13733,0.056214,74.125.24.0-255,5738,241145,17,270231
13734,0.056221,172.31.36.0-255,66,241211,17,270231
13735,0.05855,74.125.24.0-255,5738,246949,17,270231
13736,0.058556,172.31.36.0-255,66,247015,17,270231
13737,0.060897,74.125.24.0-255,5738,252753,17,270231
13738,0.060903,172.31.36.0-255,66,252819,17,270231
13739,0.063226,74.125.24.0-255,5738,258557,17,270231
13740,0.063231,172.31.36.0-255,66,258623,17,270231
13741,0.065564,74.125.24.0-255,5738,264361,17,270231
13742,0.06557,172.31.36.0-255,66,264427,17,270231
13743,0.067888,74.125.24.0-255,5738,270165,17,270231
13744,0.067895,172.31.36.0-255,66,270231,17,270231
13745,0.0,74.125.68.0-255,155,155,17,407247
13746,1.7e-05,172.31.36.0-255,66,221,17,407247
13747,2.4e-05,74.125.68.0-255,1484,1705,17,407247
13748,2.8e-05,172.31.36.0-255,66,1771,17,407247
13749,3.4e-05,74.125.68.0-255,2902,4673,17,407247
13750,4.4e-05,172.31.36.0-255,66,4739,17,407247
13751,4.9e-05,74.125.68.0-255,2902,7641,17,407247
13752,5.1e-05,172.31.36.0-255,66,7707,17,407247
13753,7.1e-05,74.125.68.0-255,4320,12027,17,407247
13754,7.3e-05,172.31.36.0-255,66,12093,17,407247
13755,0.000105,74.125.68.0-255,3450,15543,17,407247
13756,0.000108,172.31.36.0-255,66,15609,17,407247
13757,0.000112,74.125.68.0-255,4320,19929,17,407247
13758,0.000115,172.31.36.0-255,66,19995,17,407247
13759,0.000174,172.31.36.0-255,66,20061,17,407247
13760,0.000177,74.125.68.0-255,1125,21186,17,407247
13761,0.000178,172.31.36.0-255,66,21252,17,407247
13762,0.00024,74.125.68.0-255,1484,22736,17,407247
13763,0.000242,172.31.36.0-255,66,22802,17,407247
13764,0.000268,74.125.68.0-255,2902,25704,17,407247
13765,0.00027,172.31.36.0-255,66,25770,17,407247
13766,0.000276,74.125.68.0-255,5738,31508,17,407247
13767,0.000278,172.31.36.0-255,66,31574,17,407247
13768,0.000283,74.125.68.0-255,4320,35894,17,407247
13769,0.000289,172.31.36.0-255,66,35960,17,407247
13770,0.000315,74.125.68.0-255,2543,38503,17,407247
13771,0.000318,172.31.36.0-255,66,38569,17,407247
13772,0.000324,74.125.68.0-255,5738,44307,17,407247
13773,0.000327,172.31.36.0-255,66,44373,17,407247
13774,0.000358,74.125.68.0-255,1484,45857,17,407247
13775,0.000361,172.31.36.0-255,66,45923,17,407247
13776,0.000369,74.125.68.0-255,7156,53079,17,407247
13777,0.00039,74.125.68.0-255,2543,55622,17,407247
13778,0.000436,74.125.68.0-255,394,56016,17,407247
13779,0.000494,74.125.68.0-255,349,56365,17,407247
13780,0.000536,172.31.36.0-255,66,56431,17,407247
13781,0.000761,74.125.68.0-255,1484,57915,17,407247
13782,0.000777,74.125.68.0-255,2902,60817,17,407247
13783,0.000786,172.31.36.0-255,66,60883,17,407247
13784,0.000797,74.125.68.0-255,5738,66621,17,407247
13785,0.000815,74.125.68.0-255,4320,70941,17,407247
13786,0.00082,74.125.68.0-255,4320,75261,17,407247
13787,0.00083,74.125.68.0-255,1484,76745,17,407247
13788,0.000842,172.31.36.0-255,66,76811,17,407247
13789,0.000852,74.125.68.0-255,2902,79713,17,407247
13790,0.000871,74.125.68.0-255,4320,84033,17,407247
13791,0.00088,172.31.36.0-255,66,84099,17,407247
13792,0.000919,74.125.68.0-255,4320,88419,17,407247
13793,0.00093,74.125.68.0-255,2184,90603,17,407247
13794,0.000933,172.31.36.0-255,66,90669,17,407247
13795,0.000937,172.31.36.0-255,66,90735,17,407247
13796,0.000983,74.125.68.0-255,1484,92219,17,407247
13797,0.000998,74.125.68.0-255,1484,93703,17,407247
13798,0.001001,172.31.36.0-255,66,93769,17,407247
13799,0.001014,74.125.68.0-255,2902,96671,17,407247
13800,0.001023,74.125.68.0-255,5738,102409,17,407247
13801,0.001037,172.31.36.0-255,66,102475,17,407247
13802,0.001045,74.125.68.0-255,1484,103959,17,407247
13803,0.001072,74.125.68.0-255,7156,111115,17,407247
13804,0.001077,74.125.68.0-255,4320,115435,17,407247
13805,0.001091,172.31.36.0-255,66,115501,17,407247
13806,0.001097,74.125.68.0-255,5738,121239,17,407247
13807,0.001101,74.125.68.0-255,3053,124292,17,407247
13808,0.001117,172.31.36.0-255,66,124358,17,407247
13809,0.001149,74.125.68.0-255,2902,127260,17,407247
13810,0.001164,74.125.68.0-255,1484,128744,17,407247
13811,0.001168,172.31.36.0-255,66,128810,17,407247
13812,0.001177,74.125.68.0-255,2902,131712,17,407247
13813,0.001198,74.125.68.0-255,5738,137450,17,407247
13814,0.001217,74.125.68.0-255,2902,140352,17,407247
13815,0.001221,74.125.68.0-255,4320,144672,17,407247
13816,0.001226,74.125.68.0-255,5738,150410,17,407247
13817,0.001233,172.31.36.0-255,66,150476,17,407247
13818,0.001239,172.31.36.0-255,66,150542,17,407247
13819,0.001284,172.31.36.0-255,66,150608,17,407247
13820,0.001494,74.125.68.0-255,1484,152092,17,407247
13821,0.001513,74.125.68.0-255,2902,154994,17,407247
13822,0.001516,74.125.68.0-255,2902,157896,17,407247
13823,0.00152,74.125.68.0-255,4320,162216,17,407247
13824,0.001537,172.31.36.0-255,66,162282,17,407247
13825,0.001543,74.125.68.0-255,7156,169438,17,407247
13826,0.001548,172.31.36.0-255,66,169504,17,407247
13827,0.001561,74.125.68.0-255,1484,170988,17,407247
13828,0.001566,74.125.68.0-255,5738,176726,17,407247
13829,0.001569,74.125.68.0-255,2902,179628,17,407247
13830,0.001591,74.125.68.0-255,4320,183948,17,407247
13831,0.001594,74.125.68.0-255,766,184714,17,407247
13832,0.00163,172.31.36.0-255,66,184780,17,407247
13833,0.001698,74.125.68.0-255,1484,186264,17,407247
13834,0.001702,74.125.68.0-255,1484,187748,17,407247
13835,0.001704,172.31.36.0-255,66,187814,17,407247
13836,0.001728,74.125.68.0-255,2902,190716,17,407247
13837,0.001732,74.125.68.0-255,2902,193618,17,407247
13838,0.001741,172.31.36.0-255,66,193684,17,407247
13839,0.00175,74.125.68.0-255,2902,196586,17,407247
13840,0.001767,74.125.68.0-255,5738,202324,17,407247
13841,0.001778,74.125.68.0-255,2902,205226,17,407247
13842,0.001789,74.125.68.0-255,4320,209546,17,407247
13843,0.001795,172.31.36.0-255,66,209612,17,407247
13844,0.001804,74.125.68.0-255,5738,215350,17,407247
13845,0.001806,74.125.68.0-255,1484,216834,17,407247
13846,0.001823,172.31.36.0-255,66,216900,17,407247
13847,0.001827,74.125.68.0-255,2184,219084,17,407247
13848,0.001846,172.31.36.0-255,66,219150,17,407247
13849,0.002011,74.125.68.0-255,1484,220634,17,407247
13850,0.00204,74.125.68.0-255,2902,223536,17,407247
13851,0.002044,172.31.36.0-255,66,223602,17,407247
13852,0.002053,74.125.68.0-255,4320,227922,17,407247
13853,0.002057,172.31.36.0-255,66,227988,17,407247
13854,0.002077,74.125.68.0-255,1484,229472,17,407247
13855,0.002081,74.125.68.0-255,2902,232374,17,407247
13856,0.002089,74.125.68.0-255,4320,236694,17,407247
13857,0.002103,74.125.68.0-255,2902,239596,17,407247
13858,0.002116,74.125.68.0-255,5738,245334,17,407247
13859,0.002121,74.125.68.0-255,4320,249654,17,407247
13860,0.002165,74.125.68.0-255,3602,253256,17,407247
13861,0.002222,74.125.68.0-255,1484,254740,17,407247
13862,0.008085,172.31.36.0-255,66,254806,17,407247
13863,0.01031,74.125.68.0-255,5738,260544,17,407247
13864,0.010318,172.31.36.0-255,66,260610,17,407247
13865,0.012529,74.125.68.0-255,5738,266348,17,407247
13866,0.012537,172.31.36.0-255,66,266414,17,407247
13867,0.014753,74.125.68.0-255,5738,272152,17,407247
13868,0.014961,172.31.36.0-255,66,272218,17,407247
13869,0.017185,74.125.68.0-255,5738,277956,17,407247
13870,0.017194,172.31.36.0-255,66,278022,17,407247
13871,0.019715,74.125.68.0-255,5738,283760,17,407247
13872,0.019723,172.31.36.0-255,66,283826,17,407247
13873,0.021934,74.125.68.0-255,5738,289564,17,407247
13874,0.021941,172.31.36.0-255,66,289630,17,407247
13875,0.024159,74.125.68.0-255,5738,295368,17,407247
13876,0.024166,172.31.36.0-255,66,295434,17,407247
13877,0.026371,74.125.68.0-255,5738,301172,17,407247
13878,0.026378,172.31.36.0-255,66,301238,17,407247
13879,0.028588,74.125.68.0-255,5738,306976,17,407247
13880,0.028596,172.31.36.0-255,66,307042,17,407247
13881,0.030836,74.125.68.0-255,5738,312780,17,407247
13882,0.030841,172.31.36.0-255,66,312846,17,407247
13883,0.032021,172.31.36.0-255,190,313036,17,407247
13884,0.032054,172.31.36.0-255,1116,314152,17,407247
13885,0.032113,172.31.36.0-255,1514,315666,17,407247
13886,0.032115,172.31.36.0-255,1272,316938,17,407247
13887,0.033059,74.125.68.0-255,5738,322676,17,407247
13888,0.033066,172.31.36.0-255,66,322742,17,407247
13889,0.033602,104.244.42.0-255,66,322808,17,407247
13890,0.033611,104.244.42.0-255,66,322874,17,407247
13891,0.03368,104.244.42.0-255,66,322940,17,407247
13892,0.035321,74.125.68.0-255,4320,327260,17,407247
13893,0.035327,172.31.36.0-255,66,327326,17,407247
13894,0.035349,74.125.68.0-255,1484,328810,17,407247
13895,0.037533,74.125.68.0-255,4320,333130,17,407247
13896,0.037538,172.31.36.0-255,66,333196,17,407247
13897,0.039749,74.125.68.0-255,5738,338934,17,407247
13898,0.039787,172.31.36.0-255,66,339000,17,407247
13899,0.042014,74.125.68.0-255,5738,344738,17,407247
13900,0.04202,172.31.36.0-255,66,344804,17,407247
13901,0.044262,74.125.68.0-255,5738,350542,17,407247
13902,0.044269,172.31.36.0-255,66,350608,17,407247
13903,0.046488,74.125.68.0-255,5738,356346,17,407247
13904,0.046495,172.31.36.0-255,66,356412,17,407247
13905,0.048712,74.125.68.0-255,5738,362150,17,407247
13906,0.048718,172.31.36.0-255,66,362216,17,407247
13907,0.050942,74.125.68.0-255,5738,367954,17,407247
13908,0.050948,172.31.36.0-255,66,368020,17,407247
13909,0.053156,74.125.68.0-255,5738,373758,17,407247
13910,0.053163,172.31.36.0-255,66,373824,17,407247
13911,0.055409,74.125.68.0-255,5738,379562,17,407247
13912,0.055416,172.31.36.0-255,66,379628,17,407247
13913,0.057634,74.125.68.0-255,5738,385366,17,407247
13914,0.05764,172.31.36.0-255,66,385432,17,407247
13915,0.05987,74.125.68.0-255,1484,386916,17,407247
13916,0.059889,74.125.68.0-255,4320,391236,17,407247
13917,0.059894,172.31.36.0-255,66,391302,17,407247
13918,0.062115,74.125.68.0-255,5738,397040,17,407247
13919,0.062121,172.31.36.0-255,66,397106,17,407247
13920,0.064348,74.125.68.0-255,5738,402844,17,407247
13921,0.064355,172.31.36.0-255,66,402910,17,407247
13922,0.066577,74.125.68.0-255,4100,407010,17,407247
13923,0.066584,172.31.36.0-255,66,407076,17,407247
13924,0.067149,172.31.36.0-255,105,407181,17,407247
13925,0.069344,74.125.68.0-255,66,407247,17,407247
13926,0.0,74.125.68.0-255,153,153,17,391889
13927,2.2e-05,172.31.36.0-255,66,219,17,391889
13928,2.9e-05,74.125.68.0-255,1484,1703,17,391889
13929,3.4e-05,172.31.36.0-255,66,1769,17,391889
13930,3.9e-05,74.125.68.0-255,2902,4671,17,391889
13931,4.3e-05,172.31.36.0-255,66,4737,17,391889
13932,5.1e-05,74.125.68.0-255,7156,11893,17,391889
13933,5.4e-05,172.31.36.0-255,66,11959,17,391889
13934,7.5e-05,74.125.68.0-255,2085,14044,17,391889
13935,7.8e-05,172.31.36.0-255,66,14110,17,391889
13936,8.3e-05,74.125.68.0-255,2902,17012,17,391889
13937,8.5e-05,172.31.36.0-255,66,17078,17,391889
13938,0.000108,74.125.68.0-255,1484,18562,17,391889
13939,0.00011,172.31.36.0-255,66,18628,17,391889
13940,0.000136,74.125.68.0-255,5738,24366,17,391889
13941,0.000138,172.31.36.0-255,66,24432,17,391889
13942,0.000179,74.125.68.0-255,6797,31229,17,391889
13943,0.000183,172.31.36.0-255,66,31295,17,391889
13944,0.000262,74.125.68.0-255,1484,32779,17,391889
13945,0.000265,172.31.36.0-255,66,32845,17,391889
13946,0.000271,74.125.68.0-255,2902,35747,17,391889
13947,0.000273,172.31.36.0-255,66,35813,17,391889
13948,0.000308,74.125.68.0-255,5738,41551,17,391889
13949,0.000311,172.31.36.0-255,66,41617,17,391889
13950,0.000329,74.125.68.0-255,1484,43101,17,391889
13951,0.000331,172.31.36.0-255,66,43167,17,391889
13952,0.000356,74.125.68.0-255,5379,48546,17,391889
13953,0.000359,172.31.36.0-255,66,48612,17,391889
13954,0.000364,74.125.68.0-255,2902,51514,17,391889
13955,0.000366,172.31.36.0-255,66,51580,17,391889
13956,0.000382,74.125.68.0-255,4320,55900,17,391889
13957,0.000385,172.31.36.0-255,66,55966,17,391889
13958,0.000398,74.125.68.0-255,1484,57450,17,391889
13959,0.000416,74.125.68.0-255,2902,60352,17,391889
13960,0.000418,172.31.36.0-255,66,60418,17,391889
13961,0.000442,74.125.68.0-255,5651,66069,17,391889
13962,0.000445,172.31.36.0-255,66,66135,17,391889
13963,0.000448,74.125.68.0-255,131,66266,17,391889
13964,0.000541,74.125.68.0-255,1484,67750,17,391889
13965,0.000545,172.31.36.0-255,66,67816,17,391889
13966,0.000552,74.125.68.0-255,2902,70718,17,391889
13967,0.000554,172.31.36.0-255,66,70784,17,391889
13968,0.000585,74.125.68.0-255,4320,75104,17,391889
13969,0.000589,172.31.36.0-255,66,75170,17,391889
13970,0.000596,74.125.68.0-255,5738,80908,17,391889
13971,0.000599,172.31.36.0-255,66,80974,17,391889
13972,0.000623,74.125.68.0-255,2902,83876,17,391889
13973,0.000626,172.31.36.0-255,66,83942,17,391889
13974,0.000642,74.125.68.0-255,6797,90739,17,391889
13975,0.000645,172.31.36.0-255,66,90805,17,391889
13976,0.00065,74.125.68.0-255,4320,95125,17,391889
13977,0.000652,172.31.36.0-255,66,95191,17,391889
13978,0.000676,74.125.68.0-255,5640,100831,17,391889
13979,0.000679,172.31.36.0-255,66,100897,17,391889
13980,0.001483,74.125.68.0-255,1484,102381,17,391889
13981,0.001525,74.125.68.0-255,2902,105283,17,391889
13982,0.001529,172.31.36.0-255,66,105349,17,391889
13983,0.001552,74.125.68.0-255,4320,109669,17,391889
13984,0.001554,172.31.36.0-255,66,109735,17,391889
13985,0.001608,74.125.68.0-255,2902,112637,17,391889
13986,0.001612,172.31.36.0-255,66,112703,17,391889
13987,0.001633,74.125.68.0-255,4320,117023,17,391889
13988,0.001635,172.31.36.0-255,66,117089,17,391889
13989,0.00164,74.125.68.0-255,2902,119991,17,391889
13990,0.001642,172.31.36.0-255,66,120057,17,391889
13991,0.001669,74.125.68.0-255,2902,122959,17,391889
13992,0.001671,172.31.36.0-255,66,123025,17,391889
13993,0.001689,74.125.68.0-255,1484,124509,17,391889
13994,0.001707,74.125.68.0-255,4320,128829,17,391889
13995,0.001709,172.31.36.0-255,66,128895,17,391889
13996,0.001728,74.125.68.0-255,1484,130379,17,391889
13997,0.001776,74.125.68.0-255,5020,135399,17,391889
13998,0.00178,172.31.36.0-255,66,135465,17,391889
13999,0.001801,74.125.68.0-255,1484,136949,17,391889
14000,0.001817,74.125.68.0-255,2902,139851,17,391889
14001,0.00182,172.31.36.0-255,66,139917,17,391889
14002,0.001824,74.125.68.0-255,2902,142819,17,391889
14003,0.001826,172.31.36.0-255,66,142885,17,391889
14004,0.001848,74.125.68.0-255,2902,145787,17,391889
14005,0.00185,172.31.36.0-255,66,145853,17,391889
14006,0.001855,74.125.68.0-255,2902,148755,17,391889
14007,0.001857,172.31.36.0-255,66,148821,17,391889
14008,0.001895,74.125.68.0-255,1484,150305,17,391889
14009,0.00191,74.125.68.0-255,2902,153207,17,391889
14010,0.001913,172.31.36.0-255,66,153273,17,391889
14011,0.001937,74.125.68.0-255,5738,159011,17,391889
14012,0.001939,172.31.36.0-255,66,159077,17,391889
14013,0.001945,74.125.68.0-255,4320,163397,17,391889
14014,0.001948,172.31.36.0-255,66,163463,17,391889
14015,0.001954,74.125.68.0-255,4320,167783,17,391889
14016,0.001956,172.31.36.0-255,66,167849,17,391889
14017,0.001981,74.125.68.0-255,1484,169333,17,391889
14018,0.001985,74.125.68.0-255,766,170099,17,391889
14019,0.001987,172.31.36.0-255,66,170165,17,391889
14020,0.00202,74.125.68.0-255,1484,171649,17,391889
14021,0.002044,74.125.68.0-255,2902,174551,17,391889
14022,0.002047,172.31.36.0-255,66,174617,17,391889
14023,0.002051,74.125.68.0-255,1484,176101,17,391889
14024,0.002068,74.125.68.0-255,2902,179003,17,391889
14025,0.002071,172.31.36.0-255,66,179069,17,391889
14026,0.002074,74.125.68.0-255,1484,180553,17,391889
14027,0.002099,74.125.68.0-255,7156,187709,17,391889
14028,0.002101,172.31.36.0-255,66,187775,17,391889
14029,0.002109,74.125.68.0-255,7156,194931,17,391889
14030,0.002112,172.31.36.0-255,66,194997,17,391889
14031,0.00212,74.125.68.0-255,7156,202153,17,391889
14032,0.002122,172.31.36.0-255,66,202219,17,391889
14033,0.002138,74.125.68.0-255,1484,203703,17,391889
14034,0.002142,74.125.68.0-255,766,204469,17,391889
14035,0.002145,172.31.36.0-255,66,204535,17,391889
14036,0.002226,74.125.68.0-255,1484,206019,17,391889
14037,0.002241,74.125.68.0-255,2902,208921,17,391889
14038,0.002245,172.31.36.0-255,66,208987,17,391889
14039,0.002264,74.125.68.0-255,5738,214725,17,391889
14040,0.002266,172.31.36.0-255,66,214791,17,391889
14041,0.0023,74.125.68.0-255,5738,220529,17,391889
14042,0.002303,172.31.36.0-255,66,220595,17,391889
14043,0.00232,74.125.68.0-255,1484,222079,17,391889
14044,0.004555,74.125.68.0-255,4320,226399,17,391889
14045,0.004563,172.31.36.0-255,66,226465,17,391889
14046,0.00681,74.125.68.0-255,4320,230785,17,391889
14047,0.006815,172.31.36.0-255,66,230851,17,391889
14048,0.006832,74.125.68.0-255,1484,232335,17,391889
14049,0.009071,74.125.68.0-255,4320,236655,17,391889
14050,0.009078,172.31.36.0-255,66,236721,17,391889
14051,0.01136,74.125.68.0-255,5738,242459,17,391889
14052,0.011368,172.31.36.0-255,66,242525,17,391889
14053,0.013628,74.125.68.0-255,5738,248263,17,391889
14054,0.013636,172.31.36.0-255,66,248329,17,391889
14055,0.015943,74.125.68.0-255,5738,254067,17,391889
14056,0.015952,172.31.36.0-255,66,254133,17,391889
14057,0.018232,74.125.68.0-255,5738,259871,17,391889
14058,0.018241,172.31.36.0-255,66,259937,17,391889
14059,0.020503,74.125.68.0-255,5738,265675,17,391889
14060,0.02051,172.31.36.0-255,66,265741,17,391889
14061,0.022773,74.125.68.0-255,5738,271479,17,391889
14062,0.022779,172.31.36.0-255,66,271545,17,391889
14063,0.025098,74.125.68.0-255,5738,277283,17,391889
14064,0.025105,172.31.36.0-255,66,277349,17,391889
14065,0.027365,74.125.68.0-255,5738,283087,17,391889
14066,0.027373,172.31.36.0-255,66,283153,17,391889
14067,0.028939,172.31.36.0-255,164,283317,17,391889
14068,0.028965,172.31.36.0-255,1124,284441,17,391889
14069,0.02901,172.31.36.0-255,1514,285955,17,391889
14070,0.029011,172.31.36.0-255,1264,287219,17,391889
14071,0.029635,74.125.68.0-255,5738,292957,17,391889
14072,0.029642,172.31.36.0-255,66,293023,17,391889
14073,0.030499,104.244.42.0-255,66,293089,17,391889
14074,0.030537,104.244.42.0-255,66,293155,17,391889
14075,0.030563,104.244.42.0-255,66,293221,17,391889
14076,0.031891,74.125.68.0-255,5738,298959,17,391889
14077,0.031896,172.31.36.0-255,66,299025,17,391889
14078,0.034153,74.125.68.0-255,5738,304763,17,391889
14079,0.034161,172.31.36.0-255,66,304829,17,391889
14080,0.036454,74.125.68.0-255,5738,310567,17,391889
14081,0.036461,172.31.36.0-255,66,310633,17,391889
14082,0.038748,74.125.68.0-255,5738,316371,17,391889
14083,0.038754,172.31.36.0-255,66,316437,17,391889
14084,0.041033,74.125.68.0-255,5738,322175,17,391889
14085,0.04104,172.31.36.0-255,66,322241,17,391889
14086,0.043314,74.125.68.0-255,5738,327979,17,391889
14087,0.04332,172.31.36.0-255,66,328045,17,391889
14088,0.045594,74.125.68.0-255,5738,333783,17,391889
14089,0.045603,172.31.36.0-255,66,333849,17,391889
14090,0.047912,74.125.68.0-255,5738,339587,17,391889
14091,0.047919,172.31.36.0-255,66,339653,17,391889
14092,0.050192,74.125.68.0-255,5738,345391,17,391889
14093,0.050199,172.31.36.0-255,66,345457,17,391889
14094,0.052474,74.125.68.0-255,5738,351195,17,391889
14095,0.05248,172.31.36.0-255,66,351261,17,391889
14096,0.054747,74.125.68.0-255,5738,356999,17,391889
14097,0.054753,172.31.36.0-255,66,357065,17,391889
14098,0.057035,74.125.68.0-255,5738,362803,17,391889
14099,0.057041,172.31.36.0-255,66,362869,17,391889
14100,0.059315,74.125.68.0-255,5738,368607,17,391889
14101,0.05932,172.31.36.0-255,66,368673,17,391889
14102,0.061584,74.125.68.0-255,5738,374411,17,391889
14103,0.06159,172.31.36.0-255,66,374477,17,391889
14104,0.063851,74.125.68.0-255,5738,380215,17,391889
14105,0.063856,172.31.36.0-255,66,380281,17,391889
14106,0.066129,74.125.68.0-255,5738,386019,17,391889
14107,0.066136,172.31.36.0-255,66,386085,17,391889
14108,0.068412,74.125.68.0-255,5738,391823,17,391889
14109,0.068419,172.31.36.0-255,66,391889,17,391889
14110,0.0,172.217.24.0-255,153,153,17,309801
14111,2.8e-05,172.31.36.0-255,66,219,17,309801
14112,3.5e-05,172.217.24.0-255,1484,1703,17,309801
14113,3.9e-05,172.31.36.0-255,66,1769,17,309801
14114,4.4e-05,172.217.24.0-255,2902,4671,17,309801
14115,4.7e-05,172.31.36.0-255,66,4737,17,309801
14116,5e-05,172.217.24.0-255,1484,6221,17,309801
14117,5.2e-05,172.31.36.0-255,66,6287,17,309801
14118,5.7e-05,172.217.24.0-255,2902,9189,17,309801
14119,6e-05,172.31.36.0-255,66,9255,17,309801
14120,7.9e-05,172.217.24.0-255,2902,12157,17,309801
14121,8.2e-05,172.31.36.0-255,66,12223,17,309801
14122,0.000105,172.217.24.0-255,3422,15645,17,309801
14123,0.000108,172.31.36.0-255,66,15711,17,309801
14124,0.000112,172.217.24.0-255,2902,18613,17,309801
14125,0.000114,172.31.36.0-255,66,18679,17,309801
14126,0.000125,172.217.24.0-255,1484,20163,17,309801
14127,0.000127,172.31.36.0-255,66,20229,17,309801
14128,0.000145,172.217.24.0-255,1484,21713,17,309801
14129,0.000148,172.31.36.0-255,66,21779,17,309801
14130,0.000151,172.217.24.0-255,1484,23263,17,309801
14131,0.000153,172.31.36.0-255,66,23329,17,309801
14132,0.000157,172.217.24.0-255,2902,26231,17,309801
14133,0.000159,172.31.36.0-255,66,26297,17,309801
14134,0.00018,172.217.24.0-255,4320,30617,17,309801
14135,0.000183,172.31.36.0-255,66,30683,17,309801
14136,0.000186,172.217.24.0-255,1125,31808,17,309801
14137,0.000188,172.31.36.0-255,66,31874,17,309801
14138,0.000342,172.217.24.0-255,1484,33358,17,309801
14139,0.000346,172.31.36.0-255,66,33424,17,309801
14140,0.000352,172.217.24.0-255,2902,36326,17,309801
14141,0.000355,172.31.36.0-255,66,36392,17,309801
14142,0.000384,172.217.24.0-255,5738,42130,17,309801
14143,0.000387,172.31.36.0-255,66,42196,17,309801
14144,0.000393,172.217.24.0-255,2902,45098,17,309801
14145,0.000395,172.31.36.0-255,66,45164,17,309801
14146,0.000414,172.217.24.0-255,3961,49125,17,309801
14147,0.000417,172.31.36.0-255,66,49191,17,309801
14148,0.000424,172.217.24.0-255,7156,56347,17,309801
14149,0.000427,172.31.36.0-255,66,56413,17,309801
14150,0.000442,172.217.24.0-255,1484,57897,17,309801
14151,0.000465,172.31.36.0-255,66,57963,17,309801
14152,0.001067,172.217.24.0-255,114,58077,17,309801
14153,0.001262,172.217.24.0-255,1484,59561,17,309801
14154,0.001268,172.31.36.0-255,66,59627,17,309801
14155,0.001274,172.217.24.0-255,2902,62529,17,309801
14156,0.001277,172.31.36.0-255,66,62595,17,309801
14157,0.001283,172.217.24.0-255,5738,68333,17,309801
14158,0.001285,172.31.36.0-255,66,68399,17,309801
14159,0.001315,172.217.24.0-255,1484,69883,17,309801
14160,0.001336,172.217.24.0-255,2902,72785,17,309801
14161,0.001339,172.31.36.0-255,66,72851,17,309801
14162,0.001346,172.217.24.0-255,5379,78230,17,309801
14163,0.001348,172.31.36.0-255,66,78296,17,309801
14164,0.001361,172.31.36.0-255,66,78362,17,309801
14165,0.001365,172.217.24.0-255,2543,80905,17,309801
14166,0.001368,172.31.36.0-255,66,80971,17,309801
14167,0.00189,172.217.24.0-255,1484,82455,17,309801
14168,0.001896,172.217.24.0-255,2902,85357,17,309801
14169,0.001898,172.31.36.0-255,66,85423,17,309801
14170,0.001915,172.217.24.0-255,1484,86907,17,309801
14171,0.001931,172.217.24.0-255,4320,91227,17,309801
14172,0.001933,172.31.36.0-255,66,91293,17,309801
14173,0.00194,172.217.24.0-255,7156,98449,17,309801
14174,0.001942,172.31.36.0-255,66,98515,17,309801
14175,0.001945,172.217.24.0-255,1484,99999,17,309801
14176,0.001974,172.31.36.0-255,66,100065,17,309801
14177,0.001978,172.217.24.0-255,2184,102249,17,309801
14178,0.00198,172.31.36.0-255,66,102315,17,309801
14179,0.003903,172.217.24.0-255,2902,105217,17,309801
14180,0.003906,172.31.36.0-255,66,105283,17,309801
14181,0.003922,172.217.24.0-255,2902,108185,17,309801
14182,0.003925,172.31.36.0-255,66,108251,17,309801
14183,0.005839,172.217.24.0-255,5738,113989,17,309801
14184,0.005845,172.31.36.0-255,66,114055,17,309801
14185,0.007788,172.217.24.0-255,5738,119793,17,309801
14186,0.007796,172.31.36.0-255,66,119859,17,309801
14187,0.009733,172.217.24.0-255,5738,125597,17,309801
14188,0.009741,172.31.36.0-255,66,125663,17,309801
14189,0.011681,172.217.24.0-255,5738,131401,17,309801
14190,0.011687,172.31.36.0-255,66,131467,17,309801
14191,0.013624,172.217.24.0-255,5738,137205,17,309801
14192,0.013632,172.31.36.0-255,66,137271,17,309801
14193,0.015575,172.217.24.0-255,5738,143009,17,309801
14194,0.015582,172.31.36.0-255,66,143075,17,309801
14195,0.017519,172.217.24.0-255,5738,148813,17,309801
14196,0.017525,172.31.36.0-255,66,148879,17,309801
14197,0.019466,172.217.24.0-255,5738,154617,17,309801
14198,0.019473,172.31.36.0-255,66,154683,17,309801
14199,0.021419,172.217.24.0-255,5738,160421,17,309801
14200,0.021426,172.31.36.0-255,66,160487,17,309801
14201,0.023368,172.217.24.0-255,5738,166225,17,309801
14202,0.023375,172.31.36.0-255,66,166291,17,309801
14203,0.025309,172.217.24.0-255,5738,172029,17,309801
14204,0.025314,172.31.36.0-255,66,172095,17,309801
14205,0.026214,172.31.36.0-255,188,172283,17,309801
14206,0.026243,172.31.36.0-255,961,173244,17,309801
14207,0.026282,172.31.36.0-255,1514,174758,17,309801
14208,0.026284,172.31.36.0-255,1514,176272,17,309801
14209,0.026285,172.31.36.0-255,826,177098,17,309801
14210,0.027245,172.217.24.0-255,5738,182836,17,309801
14211,0.027252,172.31.36.0-255,66,182902,17,309801
14212,0.02774,104.244.42.0-255,66,182968,17,309801
14213,0.027789,104.244.42.0-255,66,183034,17,309801
14214,0.027835,104.244.42.0-255,66,183100,17,309801
14215,0.027838,104.244.42.0-255,66,183166,17,309801
14216,0.029184,172.217.24.0-255,5738,188904,17,309801
14217,0.029189,172.31.36.0-255,66,188970,17,309801
14218,0.031123,172.217.24.0-255,5738,194708,17,309801
14219,0.031128,172.31.36.0-255,66,194774,17,309801
14220,0.03306,172.217.24.0-255,2902,197676,17,309801
14221,0.033065,172.31.36.0-255,66,197742,17,309801
14222,0.033079,172.217.24.0-255,2902,200644,17,309801
14223,0.033081,172.31.36.0-255,66,200710,17,309801
14224,0.034996,172.217.24.0-255,5738,206448,17,309801
14225,0.035002,172.31.36.0-255,66,206514,17,309801
14226,0.036938,172.217.24.0-255,5738,212252,17,309801
14227,0.036943,172.31.36.0-255,66,212318,17,309801
14228,0.038881,172.217.24.0-255,5738,218056,17,309801
14229,0.038887,172.31.36.0-255,66,218122,17,309801
14230,0.040834,172.217.24.0-255,5738,223860,17,309801
14231,0.04084,172.31.36.0-255,66,223926,17,309801
14232,0.042773,172.217.24.0-255,5738,229664,17,309801
14233,0.04278,172.31.36.0-255,66,229730,17,309801
14234,0.044709,172.217.24.0-255,5738,235468,17,309801
14235,0.044714,172.31.36.0-255,66,235534,17,309801
14236,0.046681,172.217.24.0-255,5738,241272,17,309801
14237,0.046687,172.31.36.0-255,66,241338,17,309801
14238,0.048618,172.217.24.0-255,5738,247076,17,309801
14239,0.048624,172.31.36.0-255,66,247142,17,309801
14240,0.050565,172.217.24.0-255,5738,252880,17,309801
14241,0.05057,172.31.36.0-255,66,252946,17,309801
14242,0.052505,172.217.24.0-255,5738,258684,17,309801
14243,0.052511,172.31.36.0-255,66,258750,17,309801
14244,0.054442,172.217.24.0-255,5738,264488,17,309801
14245,0.054447,172.31.36.0-255,66,264554,17,309801
14246,0.056388,172.217.24.0-255,5738,270292,17,309801
14247,0.056393,172.31.36.0-255,66,270358,17,309801
14248,0.058322,172.217.24.0-255,5738,276096,17,309801
14249,0.058327,172.31.36.0-255,66,276162,17,309801
14250,0.060262,172.217.24.0-255,5738,281900,17,309801
14251,0.060268,172.31.36.0-255,66,281966,17,309801
14252,0.062197,172.217.24.0-255,5738,287704,17,309801
14253,0.062202,172.31.36.0-255,66,287770,17,309801
14254,0.064132,172.217.24.0-255,4320,292090,17,309801
14255,0.064137,172.31.36.0-255,66,292156,17,309801
14256,0.064164,172.217.24.0-255,1484,293640,17,309801
14257,0.066063,172.217.24.0-255,4320,297960,17,309801
14258,0.066069,172.31.36.0-255,66,298026,17,309801
14259,0.066167,172.31.36.0-255,101,298127,17,309801
14260,0.067997,172.217.24.0-255,5738,303865,17,309801
14261,0.068003,172.31.36.0-255,66,303931,17,309801
14262,0.06806,172.217.24.0-255,66,303997,17,309801
14263,0.069932,172.217.24.0-255,5738,309735,17,309801
14264,0.069938,172.31.36.0-255,66,309801,17,309801
14265,0.0,172.217.194.0-255,153,153,17,288272
14266,2.3e-05,172.31.36.0-255,66,219,17,288272
14267,3.1e-05,172.217.194.0-255,1484,1703,17,288272
14268,3.5e-05,172.31.36.0-255,66,1769,17,288272
14269,5e-05,172.217.194.0-255,2902,4671,17,288272
14270,5.6e-05,172.31.36.0-255,66,4737,17,288272
14271,6.1e-05,172.217.194.0-255,4320,9057,17,288272
14272,6.4e-05,172.31.36.0-255,66,9123,17,288272
14273,7.8e-05,172.31.36.0-255,66,9189,17,288272
14274,0.000113,172.217.194.0-255,7156,16345,17,288272
14275,0.000117,172.31.36.0-255,66,16411,17,288272
14276,0.000141,172.217.194.0-255,2543,18954,17,288272
14277,0.00015,172.31.36.0-255,66,19020,17,288272
14278,0.000226,172.217.194.0-255,1484,20504,17,288272
14279,0.00023,172.31.36.0-255,66,20570,17,288272
14280,0.000256,172.217.194.0-255,2902,23472,17,288272
14281,0.000259,172.31.36.0-255,66,23538,17,288272
14282,0.000267,172.217.194.0-255,5738,29276,17,288272
14283,0.000269,172.31.36.0-255,66,29342,17,288272
14284,0.000309,172.31.36.0-255,66,29408,17,288272
14285,0.000355,172.31.36.0-255,66,29474,17,288272
14286,0.000386,172.217.194.0-255,6716,36190,17,288272
14287,0.00039,172.31.36.0-255,66,36256,17,288272
14288,0.000394,172.217.194.0-255,119,36375,17,288272
14289,0.000396,172.31.36.0-255,66,36441,17,288272
14290,0.000486,172.217.194.0-255,1484,37925,17,288272
14291,0.000491,172.31.36.0-255,66,37991,17,288272
14292,0.000497,172.217.194.0-255,2902,40893,17,288272
14293,0.0005,172.31.36.0-255,66,40959,17,288272
14294,0.000503,172.217.194.0-255,1484,42443,17,288272
14295,0.000533,172.217.194.0-255,4320,46763,17,288272
14296,0.000537,172.31.36.0-255,66,46829,17,288272
14297,0.000554,172.31.36.0-255,66,46895,17,288272
14298,0.0006,172.217.194.0-255,1484,48379,17,288272
14299,0.00062,172.31.36.0-255,66,48445,17,288272
14300,0.000642,172.217.194.0-255,766,49211,17,288272
14301,0.000644,172.217.194.0-255,377,49588,17,288272
14302,0.00142,172.217.194.0-255,1484,51072,17,288272
14303,0.001425,172.217.194.0-255,2902,53974,17,288272
14304,0.00143,172.217.194.0-255,5738,59712,17,288272
14305,0.001436,172.31.36.0-255,66,59778,17,288272
14306,0.001446,172.31.36.0-255,66,59844,17,288272
14307,0.001448,172.31.36.0-255,66,59910,17,288272
14308,0.001456,172.217.194.0-255,7156,67066,17,288272
14309,0.001458,172.31.36.0-255,66,67132,17,288272
14310,0.001486,172.217.194.0-255,2902,70034,17,288272
14311,0.001489,172.31.36.0-255,66,70100,17,288272
14312,0.001515,172.217.194.0-255,4320,74420,17,288272
14313,0.001518,172.31.36.0-255,66,74486,17,288272
14314,0.00155,172.31.36.0-255,66,74552,17,288272
14315,0.001922,172.217.194.0-255,1484,76036,17,288272
14316,0.001936,172.217.194.0-255,2902,78938,17,288272
14317,0.00194,172.31.36.0-255,66,79004,17,288272
14318,0.001945,172.217.194.0-255,2902,81906,17,288272
14319,0.001947,172.31.36.0-255,66,81972,17,288272
14320,0.001981,172.217.194.0-255,2902,84874,17,288272
14321,0.001983,172.31.36.0-255,66,84940,17,288272
14322,0.001994,172.31.36.0-255,66,85006,17,288272
14323,0.002021,172.217.194.0-255,7156,92162,17,288272
14324,0.002023,172.31.36.0-255,66,92228,17,288272
14325,0.002055,172.217.194.0-255,6438,98666,17,288272
14326,0.002058,172.31.36.0-255,66,98732,17,288272
14327,0.002085,172.217.194.0-255,1484,100216,17,288272
14328,0.0021,172.217.194.0-255,2902,103118,17,288272
14329,0.002103,172.31.36.0-255,66,103184,17,288272
14330,0.002129,172.217.194.0-255,1484,104668,17,288272
14331,0.004173,172.217.194.0-255,1484,106152,17,288272
14332,0.004179,172.31.36.0-255,66,106218,17,288272
14333,0.004211,172.217.194.0-255,2902,109120,17,288272
14334,0.004213,172.31.36.0-255,66,109186,17,288272
14335,0.006274,172.217.194.0-255,2902,112088,17,288272
14336,0.00628,172.31.36.0-255,66,112154,17,288272
14337,0.006316,172.217.194.0-255,2902,115056,17,288272
14338,0.00632,172.31.36.0-255,66,115122,17,288272
14339,0.008408,172.217.194.0-255,2902,118024,17,288272
14340,0.008415,172.31.36.0-255,66,118090,17,288272
14341,0.008449,172.217.194.0-255,2902,120992,17,288272
14342,0.008453,172.31.36.0-255,66,121058,17,288272
14343,0.010496,172.217.194.0-255,2902,123960,17,288272
14344,0.010503,172.31.36.0-255,66,124026,17,288272
14345,0.01057,172.217.194.0-255,2902,126928,17,288272
14346,0.010576,172.31.36.0-255,66,126994,17,288272
14347,0.012637,172.217.194.0-255,2902,129896,17,288272
14348,0.012646,172.31.36.0-255,66,129962,17,288272
14349,0.012683,172.217.194.0-255,2902,132864,17,288272
14350,0.012687,172.31.36.0-255,66,132930,17,288272
14351,0.014757,172.217.194.0-255,2902,135832,17,288272
14352,0.014768,172.31.36.0-255,66,135898,17,288272
14353,0.014798,172.217.194.0-255,2902,138800,17,288272
14354,0.014802,172.31.36.0-255,66,138866,17,288272
14355,0.016932,172.217.194.0-255,5738,144604,17,288272
14356,0.016939,172.31.36.0-255,66,144670,17,288272
14357,0.019035,172.217.194.0-255,5738,150408,17,288272
14358,0.019042,172.31.36.0-255,66,150474,17,288272
14359,0.021179,172.217.194.0-255,5738,156212,17,288272
14360,0.021186,172.31.36.0-255,66,156278,17,288272
14361,0.023273,172.217.194.0-255,5738,162016,17,288272
14362,0.023281,172.31.36.0-255,66,162082,17,288272
14363,0.024561,172.31.36.0-255,172,162254,17,288272
14364,0.024605,172.31.36.0-255,1119,163373,17,288272
14365,0.024679,172.31.36.0-255,1514,164887,17,288272
14366,0.024681,172.31.36.0-255,1269,166156,17,288272
14367,0.025371,172.217.194.0-255,5738,171894,17,288272
14368,0.025377,172.31.36.0-255,66,171960,17,288272
14369,0.026101,104.244.42.0-255,66,172026,17,288272
14370,0.026146,104.244.42.0-255,66,172092,17,288272
14371,0.026248,104.244.42.0-255,66,172158,17,288272
14372,0.02745,172.217.194.0-255,5738,177896,17,288272
14373,0.027455,172.31.36.0-255,66,177962,17,288272
14374,0.029572,172.217.194.0-255,5738,183700,17,288272
14375,0.029579,172.31.36.0-255,66,183766,17,288272
14376,0.031682,172.217.194.0-255,1484,185250,17,288272
14377,0.031715,172.217.194.0-255,4320,189570,17,288272
14378,0.031721,172.31.36.0-255,66,189636,17,288272
14379,0.03381,172.217.194.0-255,4320,193956,17,288272
14380,0.033816,172.31.36.0-255,66,194022,17,288272
14381,0.033849,172.217.194.0-255,1484,195506,17,288272
14382,0.035899,172.217.194.0-255,4320,199826,17,288272
14383,0.035905,172.31.36.0-255,66,199892,17,288272
14384,0.037979,172.217.194.0-255,4320,204212,17,288272
14385,0.037986,172.31.36.0-255,66,204278,17,288272
14386,0.038018,172.217.194.0-255,1484,205762,17,288272
14387,0.040081,172.217.194.0-255,4320,210082,17,288272
14388,0.040086,172.31.36.0-255,66,210148,17,288272
14389,0.042171,172.217.194.0-255,5738,215886,17,288272
14390,0.042176,172.31.36.0-255,66,215952,17,288272
14391,0.044262,172.217.194.0-255,5738,221690,17,288272
14392,0.044267,172.31.36.0-255,66,221756,17,288272
14393,0.046354,172.217.194.0-255,5738,227494,17,288272
14394,0.046359,172.31.36.0-255,66,227560,17,288272
14395,0.048434,172.217.194.0-255,5738,233298,17,288272
14396,0.048439,172.31.36.0-255,66,233364,17,288272
14397,0.050534,172.217.194.0-255,4320,237684,17,288272
14398,0.050539,172.31.36.0-255,66,237750,17,288272
14399,0.050569,172.217.194.0-255,1484,239234,17,288272
14400,0.052612,172.217.194.0-255,2902,242136,17,288272
14401,0.052617,172.31.36.0-255,66,242202,17,288272
14402,0.052654,172.217.194.0-255,1484,243686,17,288272
14403,0.054696,172.217.194.0-255,2902,246588,17,288272
14404,0.054701,172.31.36.0-255,66,246654,17,288272
14405,0.054734,172.217.194.0-255,1484,248138,17,288272
14406,0.056816,172.217.194.0-255,1484,249622,17,288272
14407,0.056821,172.31.36.0-255,66,249688,17,288272
14408,0.05686,172.217.194.0-255,2902,252590,17,288272
14409,0.056864,172.31.36.0-255,66,252656,17,288272
14410,0.058897,172.217.194.0-255,2902,255558,17,288272
14411,0.058903,172.31.36.0-255,66,255624,17,288272
14412,0.058967,172.217.194.0-255,2902,258526,17,288272
14413,0.058972,172.31.36.0-255,66,258592,17,288272
14414,0.061054,172.217.194.0-255,2902,261494,17,288272
14415,0.061059,172.31.36.0-255,66,261560,17,288272
14416,0.061133,172.217.194.0-255,2902,264462,17,288272
14417,0.061138,172.31.36.0-255,66,264528,17,288272
14418,0.063131,172.217.194.0-255,2902,267430,17,288272
14419,0.063137,172.31.36.0-255,66,267496,17,288272
14420,0.063227,172.217.194.0-255,2902,270398,17,288272
14421,0.063232,172.31.36.0-255,66,270464,17,288272
14422,0.065209,172.217.194.0-255,2902,273366,17,288272
14423,0.065214,172.31.36.0-255,66,273432,17,288272
14424,0.065311,172.217.194.0-255,2902,276334,17,288272
14425,0.065317,172.31.36.0-255,66,276400,17,288272
14426,0.0673,172.217.194.0-255,2902,279302,17,288272
14427,0.067305,172.31.36.0-255,66,279368,17,288272
14428,0.067411,172.217.194.0-255,2902,282270,17,288272
14429,0.067416,172.31.36.0-255,66,282336,17,288272
14430,0.069388,172.217.194.0-255,2902,285238,17,288272
14431,0.069395,172.31.36.0-255,66,285304,17,288272
14432,0.069521,172.217.194.0-255,2902,288206,17,288272
14433,0.069527,172.31.36.0-255,66,288272,17,288272
14434,0.0,172.31.36.0-255,66,66,17,66
14435,0.0,74.125.200.0-255,150,150,17,321575
14436,2.3e-05,172.31.36.0-255,66,216,17,321575
14437,3e-05,74.125.200.0-255,1484,1700,17,321575
14438,3.6e-05,172.31.36.0-255,66,1766,17,321575
14439,4.2e-05,74.125.200.0-255,2902,4668,17,321575
14440,4.6e-05,172.31.36.0-255,66,4734,17,321575
14441,5.3e-05,74.125.200.0-255,5738,10472,17,321575
14442,5.6e-05,172.31.36.0-255,66,10538,17,321575
14443,5.9e-05,74.125.200.0-255,1484,12022,17,321575
14444,6.2e-05,172.31.36.0-255,66,12088,17,321575
14445,6.7e-05,74.125.200.0-255,2077,14165,17,321575
14446,7e-05,172.31.36.0-255,66,14231,17,321575
14447,0.000397,74.125.200.0-255,1484,15715,17,321575
14448,0.000404,172.31.36.0-255,66,15781,17,321575
14449,0.000411,74.125.200.0-255,2902,18683,17,321575
14450,0.000414,172.31.36.0-255,66,18749,17,321575
14451,0.000418,74.125.200.0-255,2902,21651,17,321575
14452,0.000421,172.31.36.0-255,66,21717,17,321575
14453,0.000447,74.125.200.0-255,4320,26037,17,321575
14454,0.000451,172.31.36.0-255,66,26103,17,321575
14455,0.000469,74.125.200.0-255,2902,29005,17,321575
14456,0.000471,172.31.36.0-255,66,29071,17,321575
14457,0.000496,74.125.200.0-255,2543,31614,17,321575
14458,0.000498,172.31.36.0-255,66,31680,17,321575
14459,0.00085,74.125.200.0-255,1484,33164,17,321575
14460,0.000856,172.31.36.0-255,66,33230,17,321575
14461,0.000866,74.125.200.0-255,2902,36132,17,321575
14462,0.000868,172.31.36.0-255,66,36198,17,321575
14463,0.000898,74.125.200.0-255,4320,40518,17,321575
14464,0.000901,172.31.36.0-255,66,40584,17,321575
14465,0.00094,172.31.36.0-255,66,40650,17,321575
14466,0.000994,172.31.36.0-255,66,40716,17,321575
14467,0.001,74.125.200.0-255,4320,45036,17,321575
14468,0.001002,172.31.36.0-255,66,45102,17,321575
14469,0.00102,74.125.200.0-255,1484,46586,17,321575
14470,0.001033,74.125.200.0-255,2543,49129,17,321575
14471,0.001036,172.31.36.0-255,66,49195,17,321575
14472,0.001118,74.125.200.0-255,645,49840,17,321575
14473,0.001248,74.125.200.0-255,1484,51324,17,321575
14474,0.001256,172.31.36.0-255,66,51390,17,321575
14475,0.001262,74.125.200.0-255,2902,54292,17,321575
14476,0.001265,172.31.36.0-255,66,54358,17,321575
14477,0.001297,74.125.200.0-255,5738,60096,17,321575
14478,0.0013,172.31.36.0-255,66,60162,17,321575
14479,0.001305,74.125.200.0-255,2902,63064,17,321575
14480,0.001308,172.31.36.0-255,66,63130,17,321575
14481,0.001314,74.125.200.0-255,3961,67091,17,321575
14482,0.001316,172.31.36.0-255,66,67157,17,321575
14483,0.001347,74.125.200.0-255,7156,74313,17,321575
14484,0.00135,172.31.36.0-255,66,74379,17,321575
14485,0.001367,74.125.200.0-255,1484,75863,17,321575
14486,0.001394,74.125.200.0-255,4320,80183,17,321575
14487,0.001397,172.31.36.0-255,66,80249,17,321575
14488,0.001416,74.125.200.0-255,3961,84210,17,321575
14489,0.001419,172.31.36.0-255,66,84276,17,321575
14490,0.001507,74.125.200.0-255,1484,85760,17,321575
14491,0.001536,74.125.200.0-255,2902,88662,17,321575
14492,0.001539,172.31.36.0-255,66,88728,17,321575
14493,0.001544,74.125.200.0-255,1484,90212,17,321575
14494,0.001565,74.125.200.0-255,4320,94532,17,321575
14495,0.001567,172.31.36.0-255,66,94598,17,321575
14496,0.001572,74.125.200.0-255,2902,97500,17,321575
14497,0.001574,172.31.36.0-255,66,97566,17,321575
14498,0.001579,74.125.200.0-255,4320,101886,17,321575
14499,0.001582,172.31.36.0-255,66,101952,17,321575
14500,0.001592,172.31.36.0-255,66,102018,17,321575
14501,0.001596,74.125.200.0-255,1484,103502,17,321575
14502,0.00162,74.125.200.0-255,5738,109240,17,321575
14503,0.001623,172.31.36.0-255,66,109306,17,321575
14504,0.001627,74.125.200.0-255,766,110072,17,321575
14505,0.00183,74.125.200.0-255,1484,111556,17,321575
14506,0.001832,172.31.36.0-255,66,111622,17,321575
14507,0.001837,74.125.200.0-255,2902,114524,17,321575
14508,0.00184,172.31.36.0-255,66,114590,17,321575
14509,0.001843,74.125.200.0-255,1484,116074,17,321575
14510,0.001858,74.125.200.0-255,2902,118976,17,321575
14511,0.001861,172.31.36.0-255,66,119042,17,321575
14512,0.001864,74.125.200.0-255,1484,120526,17,321575
14513,0.001888,74.125.200.0-255,7156,127682,17,321575
14514,0.00189,172.31.36.0-255,66,127748,17,321575
14515,0.001898,74.125.200.0-255,7156,134904,17,321575
14516,0.001901,172.31.36.0-255,66,134970,17,321575
14517,0.001904,74.125.200.0-255,1484,136454,17,321575
14518,0.001933,74.125.200.0-255,7156,143610,17,321575
14519,0.001935,172.31.36.0-255,66,143676,17,321575
14520,0.001938,74.125.200.0-255,766,144442,17,321575
14521,0.004164,74.125.200.0-255,4320,148762,17,321575
14522,0.004169,172.31.36.0-255,66,148828,17,321575
14523,0.006418,74.125.200.0-255,5738,154566,17,321575
14524,0.006426,172.31.36.0-255,66,154632,17,321575
14525,0.008672,74.125.200.0-255,5738,160370,17,321575
14526,0.008679,172.31.36.0-255,66,160436,17,321575
14527,0.010928,74.125.200.0-255,5738,166174,17,321575
14528,0.010938,172.31.36.0-255,66,166240,17,321575
14529,0.013199,74.125.200.0-255,5738,171978,17,321575
14530,0.01321,172.31.36.0-255,66,172044,17,321575
14531,0.015476,74.125.200.0-255,5738,177782,17,321575
14532,0.015487,172.31.36.0-255,66,177848,17,321575
14533,0.017727,74.125.200.0-255,5738,183586,17,321575
14534,0.017737,172.31.36.0-255,66,183652,17,321575
14535,0.019992,74.125.200.0-255,5738,189390,17,321575
14536,0.02,172.31.36.0-255,66,189456,17,321575
14537,0.02225,74.125.200.0-255,5738,195194,17,321575
14538,0.022259,172.31.36.0-255,66,195260,17,321575
14539,0.024502,74.125.200.0-255,5738,200998,17,321575
14540,0.024508,172.31.36.0-255,66,201064,17,321575
14541,0.025365,172.31.36.0-255,199,201263,17,321575
14542,0.025404,172.31.36.0-255,1117,202380,17,321575
14543,0.025474,172.31.36.0-255,1514,203894,17,321575
14544,0.025476,172.31.36.0-255,1271,205165,17,321575
14545,0.0268,74.125.200.0-255,5738,210903,17,321575
14546,0.026808,172.31.36.0-255,66,210969,17,321575
14547,0.026933,104.244.42.0-255,66,211035,17,321575
14548,0.02694,104.244.42.0-255,66,211101,17,321575
14549,0.027031,104.244.42.0-255,66,211167,17,321575
14550,0.029061,74.125.200.0-255,5738,216905,17,321575
14551,0.029069,172.31.36.0-255,66,216971,17,321575
14552,0.031349,74.125.200.0-255,5738,222709,17,321575
14553,0.031356,172.31.36.0-255,66,222775,17,321575
14554,0.033604,74.125.200.0-255,5738,228513,17,321575
14555,0.033611,172.31.36.0-255,66,228579,17,321575
14556,0.035844,74.125.200.0-255,5738,234317,17,321575
14557,0.035851,172.31.36.0-255,66,234383,17,321575
14558,0.038126,74.125.200.0-255,5738,240121,17,321575
14559,0.038133,172.31.36.0-255,66,240187,17,321575
14560,0.040381,74.125.200.0-255,5738,245925,17,321575
14561,0.040391,172.31.36.0-255,66,245991,17,321575
14562,0.042654,74.125.200.0-255,5738,251729,17,321575
14563,0.042665,172.31.36.0-255,66,251795,17,321575
14564,0.044958,74.125.200.0-255,5738,257533,17,321575
14565,0.044965,172.31.36.0-255,66,257599,17,321575
14566,0.047242,74.125.200.0-255,5738,263337,17,321575
14567,0.047249,172.31.36.0-255,66,263403,17,321575
14568,0.049501,74.125.200.0-255,5738,269141,17,321575
14569,0.049508,172.31.36.0-255,66,269207,17,321575
14570,0.051768,74.125.200.0-255,5738,274945,17,321575
14571,0.051774,172.31.36.0-255,66,275011,17,321575
14572,0.054024,74.125.200.0-255,5738,280749,17,321575
14573,0.054031,172.31.36.0-255,66,280815,17,321575
14574,0.056288,74.125.200.0-255,5738,286553,17,321575
14575,0.056295,172.31.36.0-255,66,286619,17,321575
14576,0.058578,74.125.200.0-255,5738,292357,17,321575
14577,0.058584,172.31.36.0-255,66,292423,17,321575
14578,0.060839,74.125.200.0-255,5738,298161,17,321575
14579,0.060846,172.31.36.0-255,66,298227,17,321575
14580,0.063116,74.125.200.0-255,5738,303965,17,321575
14581,0.063123,172.31.36.0-255,66,304031,17,321575
14582,0.065377,74.125.200.0-255,5738,309769,17,321575
14583,0.065383,172.31.36.0-255,66,309835,17,321575
14584,0.067651,74.125.200.0-255,5738,315573,17,321575
14585,0.067658,172.31.36.0-255,66,315639,17,321575
14586,0.069928,74.125.200.0-255,2902,318541,17,321575
14587,0.069936,172.31.36.0-255,66,318607,17,321575
14588,0.069957,74.125.200.0-255,2902,321509,17,321575
14589,0.06996,172.31.36.0-255,66,321575,17,321575
14590,0.0,74.125.24.0-255,152,152,17,241768
14591,3.5e-05,172.31.36.0-255,66,218,17,241768
14592,4.2e-05,74.125.24.0-255,1484,1702,17,241768
14593,4.6e-05,172.31.36.0-255,66,1768,17,241768
14594,5.2e-05,74.125.24.0-255,2902,4670,17,241768
14595,6.4e-05,172.31.36.0-255,66,4736,17,241768
14596,7.1e-05,74.125.24.0-255,7156,11892,17,241768
14597,7.4e-05,172.31.36.0-255,66,11958,17,241768
14598,7.9e-05,74.125.24.0-255,2019,13977,17,241768
14599,8.2e-05,172.31.36.0-255,66,14043,17,241768
14600,0.000486,74.125.24.0-255,1484,15527,17,241768
14601,0.000492,172.31.36.0-255,66,15593,17,241768
14602,0.0005,74.125.24.0-255,2902,18495,17,241768
14603,0.000502,172.31.36.0-255,66,18561,17,241768
14604,0.000509,74.125.24.0-255,5738,24299,17,241768
14605,0.000511,172.31.36.0-255,66,24365,17,241768
14606,0.000549,74.125.24.0-255,6797,31162,17,241768
14607,0.000554,172.31.36.0-255,66,31228,17,241768
14608,0.000586,74.125.24.0-255,7156,38384,17,241768
14609,0.000589,172.31.36.0-255,66,38450,17,241768
14610,0.000621,172.31.36.0-255,66,38516,17,241768
14611,0.000644,74.125.24.0-255,1484,40000,17,241768
14612,0.000647,172.31.36.0-255,66,40066,17,241768
14613,0.000652,74.125.24.0-255,2902,42968,17,241768
14614,0.000655,172.31.36.0-255,66,43034,17,241768
14615,0.000675,74.125.24.0-255,4320,47354,17,241768
14616,0.000678,172.31.36.0-255,66,47420,17,241768
14617,0.000707,74.125.24.0-255,1484,48904,17,241768
14618,0.00071,172.31.36.0-255,66,48970,17,241768
14619,0.000717,74.125.24.0-255,5738,54708,17,241768
14620,0.00072,172.31.36.0-255,66,54774,17,241768
14621,0.000758,74.125.24.0-255,1402,56176,17,241768
14622,0.000945,172.31.36.0-255,66,56242,17,241768
14623,0.001018,74.125.24.0-255,380,56622,17,241768
14624,0.001221,74.125.24.0-255,1484,58106,17,241768
14625,0.001227,172.31.36.0-255,66,58172,17,241768
14626,0.001234,74.125.24.0-255,2902,61074,17,241768
14627,0.001236,172.31.36.0-255,66,61140,17,241768
14628,0.001249,74.125.24.0-255,5738,66878,17,241768
14629,0.001252,172.31.36.0-255,66,66944,17,241768
14630,0.001258,74.125.24.0-255,5738,72682,17,241768
14631,0.001261,172.31.36.0-255,66,72748,17,241768
14632,0.001321,172.31.36.0-255,66,72814,17,241768
14633,0.001327,74.125.24.0-255,3961,76775,17,241768
14634,0.001329,172.31.36.0-255,66,76841,17,241768
14635,0.003646,74.125.24.0-255,1484,78325,17,241768
14636,0.003663,74.125.24.0-255,4320,82645,17,241768
14637,0.003668,172.31.36.0-255,66,82711,17,241768
14638,0.005955,74.125.24.0-255,4320,87031,17,241768
14639,0.005961,172.31.36.0-255,66,87097,17,241768
14640,0.005994,74.125.24.0-255,1484,88581,17,241768
14641,0.008261,74.125.24.0-255,4320,92901,17,241768
14642,0.008267,172.31.36.0-255,66,92967,17,241768
14643,0.010559,74.125.24.0-255,5738,98705,17,241768
14644,0.010567,172.31.36.0-255,66,98771,17,241768
14645,0.0129,74.125.24.0-255,5738,104509,17,241768
14646,0.012907,172.31.36.0-255,66,104575,17,241768
14647,0.015226,74.125.24.0-255,5738,110313,17,241768
14648,0.015233,172.31.36.0-255,66,110379,17,241768
14649,0.017544,74.125.24.0-255,5738,116117,17,241768
14650,0.017551,172.31.36.0-255,66,116183,17,241768
14651,0.019858,74.125.24.0-255,5738,121921,17,241768
14652,0.019866,172.31.36.0-255,66,121987,17,241768
14653,0.022192,74.125.24.0-255,5738,127725,17,241768
14654,0.022202,172.31.36.0-255,66,127791,17,241768
14655,0.024519,74.125.24.0-255,5738,133529,17,241768
14656,0.024528,172.31.36.0-255,66,133595,17,241768
14657,0.026847,74.125.24.0-255,5738,139333,17,241768
14658,0.026854,172.31.36.0-255,66,139399,17,241768
14659,0.029159,74.125.24.0-255,5738,145137,17,241768
14660,0.029167,172.31.36.0-255,66,145203,17,241768
14661,0.031488,74.125.24.0-255,5738,150941,17,241768
14662,0.031499,172.31.36.0-255,66,151007,17,241768
14663,0.033246,172.31.36.0-255,188,151195,17,241768
14664,0.033275,172.31.36.0-255,962,152157,17,241768
14665,0.033326,172.31.36.0-255,209,152366,17,241768
14666,0.033785,74.125.24.0-255,5738,158104,17,241768
14667,0.033793,172.31.36.0-255,66,158170,17,241768
14668,0.034826,104.244.42.0-255,66,158236,17,241768
14669,0.034834,104.244.42.0-255,66,158302,17,241768
14670,0.034857,104.244.42.0-255,66,158368,17,241768
14671,0.036115,74.125.24.0-255,5738,164106,17,241768
14672,0.036121,172.31.36.0-255,66,164172,17,241768
14673,0.038422,74.125.24.0-255,5738,169910,17,241768
14674,0.038427,172.31.36.0-255,66,169976,17,241768
14675,0.04072,74.125.24.0-255,4320,174296,17,241768
14676,0.040726,172.31.36.0-255,66,174362,17,241768
14677,0.040755,74.125.24.0-255,1484,175846,17,241768
14678,0.043023,74.125.24.0-255,4320,180166,17,241768
14679,0.043028,172.31.36.0-255,66,180232,17,241768
14680,0.045325,74.125.24.0-255,4320,184552,17,241768
14681,0.04533,172.31.36.0-255,66,184618,17,241768
14682,0.045363,74.125.24.0-255,1484,186102,17,241768
14683,0.047637,74.125.24.0-255,4320,190422,17,241768
14684,0.047642,172.31.36.0-255,66,190488,17,241768
14685,0.049954,74.125.24.0-255,4320,194808,17,241768
14686,0.049959,172.31.36.0-255,66,194874,17,241768
14687,0.049994,74.125.24.0-255,1484,196358,17,241768
14688,0.052251,74.125.24.0-255,4320,200678,17,241768
14689,0.052257,172.31.36.0-255,66,200744,17,241768
14690,0.054535,74.125.24.0-255,5738,206482,17,241768
14691,0.05454,172.31.36.0-255,66,206548,17,241768
14692,0.056852,74.125.24.0-255,5738,212286,17,241768
14693,0.056858,172.31.36.0-255,66,212352,17,241768
14694,0.059159,74.125.24.0-255,5738,218090,17,241768
14695,0.059165,172.31.36.0-255,66,218156,17,241768
14696,0.061461,74.125.24.0-255,5738,223894,17,241768
14697,0.061467,172.31.36.0-255,66,223960,17,241768
14698,0.063753,74.125.24.0-255,2902,226862,17,241768
14699,0.063758,172.31.36.0-255,66,226928,17,241768
14700,0.063799,74.125.24.0-255,2902,229830,17,241768
14701,0.063803,172.31.36.0-255,66,229896,17,241768
14702,0.066048,74.125.24.0-255,2902,232798,17,241768
14703,0.066054,172.31.36.0-255,66,232864,17,241768
14704,0.066113,74.125.24.0-255,2902,235766,17,241768
14705,0.066117,172.31.36.0-255,66,235832,17,241768
14706,0.068338,74.125.24.0-255,2902,238734,17,241768
14707,0.068344,172.31.36.0-255,66,238800,17,241768
14708,0.068396,74.125.24.0-255,2902,241702,17,241768
14709,0.0684,172.31.36.0-255,66,241768,17,241768
14710,0.0,74.125.24.0-255,66,66,17,132
14711,0.035262,172.31.36.0-255,66,132,17,132
14712,0.0,172.217.194.0-255,226,226,17,197122
14713,3.4e-05,172.31.36.0-255,66,292,17,197122
14714,4.1e-05,172.217.194.0-255,1484,1776,17,197122
14715,4.6e-05,172.31.36.0-255,66,1842,17,197122
14716,5.3e-05,172.217.194.0-255,4320,6162,17,197122
14717,5.6e-05,172.31.36.0-255,66,6228,17,197122
14718,0.000199,172.217.194.0-255,2902,9130,17,197122
14719,0.000204,172.31.36.0-255,66,9196,17,197122
14720,0.000222,172.217.194.0-255,4320,13516,17,197122
14721,0.000224,172.31.36.0-255,66,13582,17,197122
14722,0.000468,172.31.36.0-255,66,13648,17,197122
14723,0.000753,172.31.36.0-255,66,13714,17,197122
14724,0.003046,172.217.194.0-255,5738,19452,17,197122
14725,0.003054,172.31.36.0-255,66,19518,17,197122
14726,0.005343,172.217.194.0-255,5738,25256,17,197122
14727,0.005359,172.31.36.0-255,66,25322,17,197122
14728,0.007683,172.217.194.0-255,2902,28224,17,197122
14729,0.007691,172.31.36.0-255,66,28290,17,197122
14730,0.007712,172.217.194.0-255,2902,31192,17,197122
14731,0.007715,172.31.36.0-255,66,31258,17,197122
14732,0.009994,172.217.194.0-255,2902,34160,17,197122
14733,0.010001,172.31.36.0-255,66,34226,17,197122
14734,0.010027,172.217.194.0-255,2902,37128,17,197122
14735,0.01003,172.31.36.0-255,66,37194,17,197122
14736,0.012292,172.217.194.0-255,2902,40096,17,197122
14737,0.012299,172.31.36.0-255,66,40162,17,197122
14738,0.01233,172.217.194.0-255,2902,43064,17,197122
14739,0.012334,172.31.36.0-255,66,43130,17,197122
14740,0.014596,172.217.194.0-255,2902,46032,17,197122
14741,0.014603,172.31.36.0-255,66,46098,17,197122
14742,0.014623,172.217.194.0-255,2902,49000,17,197122
14743,0.014625,172.31.36.0-255,66,49066,17,197122
14744,0.016913,172.217.194.0-255,2902,51968,17,197122
14745,0.016921,172.31.36.0-255,66,52034,17,197122
14746,0.016957,172.217.194.0-255,2902,54936,17,197122
14747,0.01696,172.31.36.0-255,66,55002,17,197122
14748,0.019206,172.217.194.0-255,2902,57904,17,197122
14749,0.019218,172.31.36.0-255,66,57970,17,197122
14750,0.019256,172.217.194.0-255,2902,60872,17,197122
14751,0.019259,172.31.36.0-255,66,60938,17,197122
14752,0.021498,172.217.194.0-255,2902,63840,17,197122
14753,0.021512,172.31.36.0-255,66,63906,17,197122
14754,0.021554,172.217.194.0-255,2902,66808,17,197122
14755,0.021558,172.31.36.0-255,66,66874,17,197122
14756,0.023806,172.217.194.0-255,2902,69776,17,197122
14757,0.023813,172.31.36.0-255,66,69842,17,197122
14758,0.023844,172.217.194.0-255,2902,72744,17,197122
14759,0.023848,172.31.36.0-255,66,72810,17,197122
14760,0.026116,172.217.194.0-255,2902,75712,17,197122
14761,0.026125,172.31.36.0-255,66,75778,17,197122
14762,0.02616,172.217.194.0-255,2902,78680,17,197122
14763,0.026164,172.31.36.0-255,66,78746,17,197122
14764,0.028429,172.217.194.0-255,2902,81648,17,197122
14765,0.028437,172.31.36.0-255,66,81714,17,197122
14766,0.028481,172.217.194.0-255,2902,84616,17,197122
14767,0.028484,172.31.36.0-255,66,84682,17,197122
14768,0.030362,172.31.36.0-255,172,84854,17,197122
14769,0.030395,172.31.36.0-255,1118,85972,17,197122
14770,0.030436,172.31.36.0-255,1514,87486,17,197122
14771,0.030438,172.31.36.0-255,1270,88756,17,197122
14772,0.030726,172.217.194.0-255,2902,91658,17,197122
14773,0.030732,172.31.36.0-255,66,91724,17,197122
14774,0.030759,172.217.194.0-255,2902,94626,17,197122
14775,0.030762,172.31.36.0-255,66,94692,17,197122
14776,0.03192,104.244.42.0-255,66,94758,17,197122
14777,0.031959,104.244.42.0-255,66,94824,17,197122
14778,0.032022,104.244.42.0-255,66,94890,17,197122
14779,0.033029,172.217.194.0-255,2902,97792,17,197122
14780,0.033036,172.31.36.0-255,66,97858,17,197122
14781,0.033054,172.217.194.0-255,1484,99342,17,197122
14782,0.033056,172.31.36.0-255,66,99408,17,197122
14783,0.033076,172.217.194.0-255,1484,100892,17,197122
14784,0.033078,172.31.36.0-255,66,100958,17,197122
14785,0.035357,172.217.194.0-255,2902,103860,17,197122
14786,0.035362,172.31.36.0-255,66,103926,17,197122
14787,0.035394,172.217.194.0-255,2902,106828,17,197122
14788,0.035396,172.31.36.0-255,66,106894,17,197122
14789,0.037649,172.217.194.0-255,2902,109796,17,197122
14790,0.037654,172.31.36.0-255,66,109862,17,197122
14791,0.037716,172.217.194.0-255,2902,112764,17,197122
14792,0.03772,172.31.36.0-255,66,112830,17,197122
14793,0.039932,172.217.194.0-255,2902,115732,17,197122
14794,0.039937,172.31.36.0-255,66,115798,17,197122
14795,0.040009,172.217.194.0-255,2902,118700,17,197122
14796,0.040014,172.31.36.0-255,66,118766,17,197122
14797,0.042216,172.217.194.0-255,2902,121668,17,197122
14798,0.042224,172.31.36.0-255,66,121734,17,197122
14799,0.04228,172.217.194.0-255,2902,124636,17,197122
14800,0.042284,172.31.36.0-255,66,124702,17,197122
14801,0.044524,172.217.194.0-255,2902,127604,17,197122
14802,0.044534,172.31.36.0-255,66,127670,17,197122
14803,0.044566,172.217.194.0-255,2902,130572,17,197122
14804,0.044569,172.31.36.0-255,66,130638,17,197122
14805,0.046839,172.217.194.0-255,2902,133540,17,197122
14806,0.046846,172.31.36.0-255,66,133606,17,197122
14807,0.046877,172.217.194.0-255,2902,136508,17,197122
14808,0.04688,172.31.36.0-255,66,136574,17,197122
14809,0.049117,172.217.194.0-255,2902,139476,17,197122
14810,0.049124,172.31.36.0-255,66,139542,17,197122
14811,0.049155,172.217.194.0-255,2902,142444,17,197122
14812,0.049158,172.31.36.0-255,66,142510,17,197122
14813,0.051383,172.217.194.0-255,1484,143994,17,197122
14814,0.051391,172.31.36.0-255,66,144060,17,197122
14815,0.051442,172.217.194.0-255,2902,146962,17,197122
14816,0.051445,172.31.36.0-255,66,147028,17,197122
14817,0.051461,172.217.194.0-255,1484,148512,17,197122
14818,0.051464,172.31.36.0-255,66,148578,17,197122
14819,0.05367,172.217.194.0-255,1484,150062,17,197122
14820,0.053676,172.31.36.0-255,66,150128,17,197122
14821,0.053721,172.217.194.0-255,2902,153030,17,197122
14822,0.053725,172.31.36.0-255,66,153096,17,197122
14823,0.053787,172.217.194.0-255,1484,154580,17,197122
14824,0.053794,172.31.36.0-255,66,154646,17,197122
14825,0.05599,172.217.194.0-255,1484,156130,17,197122
14826,0.056003,172.31.36.0-255,66,156196,17,197122
14827,0.056038,172.217.194.0-255,2902,159098,17,197122
14828,0.056041,172.31.36.0-255,66,159164,17,197122
14829,0.056081,172.217.194.0-255,1484,160648,17,197122
14830,0.056083,172.31.36.0-255,66,160714,17,197122
14831,0.058301,172.217.194.0-255,1484,162198,17,197122
14832,0.05831,172.31.36.0-255,66,162264,17,197122
14833,0.058342,172.217.194.0-255,2902,165166,17,197122
14834,0.058346,172.31.36.0-255,66,165232,17,197122
14835,0.05841,172.217.194.0-255,1484,166716,17,197122
14836,0.058414,172.31.36.0-255,66,166782,17,197122
14837,0.060607,172.217.194.0-255,1484,168266,17,197122
14838,0.060614,172.31.36.0-255,66,168332,17,197122
14839,0.060648,172.217.194.0-255,2902,171234,17,197122
14840,0.060651,172.31.36.0-255,66,171300,17,197122
14841,0.060708,172.217.194.0-255,1484,172784,17,197122
14842,0.060712,172.31.36.0-255,66,172850,17,197122
14843,0.062906,172.217.194.0-255,1484,174334,17,197122
14844,0.062912,172.31.36.0-255,66,174400,17,197122
14845,0.062943,172.217.194.0-255,2902,177302,17,197122
14846,0.062947,172.31.36.0-255,66,177368,17,197122
14847,0.06303,172.217.194.0-255,1484,178852,17,197122
14848,0.063035,172.31.36.0-255,66,178918,17,197122
14849,0.065173,172.217.194.0-255,1484,180402,17,197122
14850,0.065183,172.31.36.0-255,66,180468,17,197122
14851,0.065228,172.217.194.0-255,2902,183370,17,197122
14852,0.065232,172.31.36.0-255,66,183436,17,197122
14853,0.065318,172.217.194.0-255,1484,184920,17,197122
14854,0.065322,172.31.36.0-255,66,184986,17,197122
14855,0.067495,172.217.194.0-255,1484,186470,17,197122
14856,0.067501,172.31.36.0-255,66,186536,17,197122
14857,0.067561,172.217.194.0-255,2902,189438,17,197122
14858,0.067566,172.31.36.0-255,66,189504,17,197122
14859,0.067598,172.217.194.0-255,1484,190988,17,197122
14860,0.067601,172.31.36.0-255,66,191054,17,197122
14861,0.069791,172.217.194.0-255,1484,192538,17,197122
14862,0.069796,172.31.36.0-255,66,192604,17,197122
14863,0.069829,172.217.194.0-255,2902,195506,17,197122
14864,0.069832,172.31.36.0-255,66,195572,17,197122
14865,0.06991,172.217.194.0-255,1484,197056,17,197122
14866,0.069915,172.31.36.0-255,66,197122,17,197122
14867,0.0,74.125.200.0-255,216,216,17,318265
14868,2.9e-05,172.31.36.0-255,66,282,17,318265
14869,3.5e-05,74.125.200.0-255,1484,1766,17,318265
14870,4e-05,172.31.36.0-255,66,1832,17,318265
14871,4.6e-05,74.125.200.0-255,2902,4734,17,318265
14872,4.8e-05,172.31.36.0-255,66,4800,17,318265
14873,5.3e-05,74.125.200.0-255,2902,7702,17,318265
14874,5.5e-05,172.31.36.0-255,66,7768,17,318265
14875,8e-05,74.125.200.0-255,2902,10670,17,318265
14876,8.3e-05,172.31.36.0-255,66,10736,17,318265
14877,8.6e-05,74.125.200.0-255,1484,12220,17,318265
14878,8.9e-05,172.31.36.0-255,66,12286,17,318265
14879,0.000113,172.31.36.0-255,66,12352,17,318265
14880,0.000117,74.125.200.0-255,2902,15254,17,318265
14881,0.000119,172.31.36.0-255,66,15320,17,318265
14882,0.00015,74.125.200.0-255,7156,22476,17,318265
14883,0.000152,172.31.36.0-255,66,22542,17,318265
14884,0.000156,74.125.200.0-255,1125,23667,17,318265
14885,0.000158,172.31.36.0-255,66,23733,17,318265
14886,0.000307,74.125.200.0-255,1484,25217,17,318265
14887,0.000312,172.31.36.0-255,66,25283,17,318265
14888,0.000317,74.125.200.0-255,2902,28185,17,318265
14889,0.000319,172.31.36.0-255,66,28251,17,318265
14890,0.00034,74.125.200.0-255,5738,33989,17,318265
14891,0.000344,172.31.36.0-255,66,34055,17,318265
14892,0.000359,74.125.200.0-255,4320,38375,17,318265
14893,0.000363,172.31.36.0-255,66,38441,17,318265
14894,0.000384,74.125.200.0-255,2543,40984,17,318265
14895,0.000388,172.31.36.0-255,66,41050,17,318265
14896,0.000392,74.125.200.0-255,1484,42534,17,318265
14897,0.000394,172.31.36.0-255,66,42600,17,318265
14898,0.000399,74.125.200.0-255,2902,45502,17,318265
14899,0.000403,172.31.36.0-255,66,45568,17,318265
14900,0.000438,74.125.200.0-255,2902,48470,17,318265
14901,0.000442,172.31.36.0-255,66,48536,17,318265
14902,0.000458,74.125.200.0-255,2902,51438,17,318265
14903,0.000461,172.31.36.0-255,66,51504,17,318265
14904,0.000468,74.125.200.0-255,7073,58577,17,318265
14905,0.000471,172.31.36.0-255,66,58643,17,318265
14906,0.00062,74.125.200.0-255,129,58772,17,318265
14907,0.000758,74.125.200.0-255,1484,60256,17,318265
14908,0.000762,172.31.36.0-255,66,60322,17,318265
14909,0.000768,74.125.200.0-255,2902,63224,17,318265
14910,0.00077,172.31.36.0-255,66,63290,17,318265
14911,0.000785,74.125.200.0-255,2902,66192,17,318265
14912,0.000787,172.31.36.0-255,66,66258,17,318265
14913,0.000792,74.125.200.0-255,2902,69160,17,318265
14914,0.000794,172.31.36.0-255,66,69226,17,318265
14915,0.000814,74.125.200.0-255,1484,70710,17,318265
14916,0.000832,74.125.200.0-255,4320,75030,17,318265
14917,0.000835,172.31.36.0-255,66,75096,17,318265
14918,0.000858,74.125.200.0-255,5379,80475,17,318265
14919,0.000862,172.31.36.0-255,66,80541,17,318265
14920,0.000866,74.125.200.0-255,2902,83443,17,318265
14921,0.000868,172.31.36.0-255,66,83509,17,318265
14922,0.000894,74.125.200.0-255,4320,87829,17,318265
14923,0.000897,172.31.36.0-255,66,87895,17,318265
14924,0.000917,74.125.200.0-255,5379,93274,17,318265
14925,0.00092,172.31.36.0-255,66,93340,17,318265
14926,0.001923,74.125.200.0-255,1484,94824,17,318265
14927,0.001944,74.125.200.0-255,2902,97726,17,318265
14928,0.001949,172.31.36.0-255,66,97792,17,318265
14929,0.001954,74.125.200.0-255,1484,99276,17,318265
14930,0.001957,74.125.200.0-255,1484,100760,17,318265
14931,0.001959,172.31.36.0-255,66,100826,17,318265
14932,0.001978,74.125.200.0-255,1484,102310,17,318265
14933,0.001984,74.125.200.0-255,5738,108048,17,318265
14934,0.001986,172.31.36.0-255,66,108114,17,318265
14935,0.002019,74.125.200.0-255,7156,115270,17,318265
14936,0.002021,172.31.36.0-255,66,115336,17,318265
14937,0.00204,74.125.200.0-255,4320,119656,17,318265
14938,0.002042,172.31.36.0-255,66,119722,17,318265
14939,0.002078,74.125.200.0-255,5738,125460,17,318265
14940,0.00208,172.31.36.0-255,66,125526,17,318265
14941,0.002097,74.125.200.0-255,2184,127710,17,318265
14942,0.002099,172.31.36.0-255,66,127776,17,318265
14943,0.002137,74.125.200.0-255,1484,129260,17,318265
14944,0.00214,74.125.200.0-255,1484,130744,17,318265
14945,0.002142,172.31.36.0-255,66,130810,17,318265
14946,0.002159,74.125.200.0-255,1484,132294,17,318265
14947,0.002165,74.125.200.0-255,5738,138032,17,318265
14948,0.002167,172.31.36.0-255,66,138098,17,318265
14949,0.002189,74.125.200.0-255,7156,145254,17,318265
14950,0.002191,172.31.36.0-255,66,145320,17,318265
14951,0.002219,74.125.200.0-255,2902,148222,17,318265
14952,0.002221,172.31.36.0-255,66,148288,17,318265
14953,0.002247,172.31.36.0-255,66,148354,17,318265
14954,0.00228,74.125.200.0-255,3602,151956,17,318265
14955,0.002283,172.31.36.0-255,66,152022,17,318265
14956,0.004593,74.125.200.0-255,1484,153506,17,318265
14957,0.004645,74.125.200.0-255,2902,156408,17,318265
14958,0.004649,172.31.36.0-255,66,156474,17,318265
14959,0.004663,74.125.200.0-255,1484,157958,17,318265
14960,0.007024,74.125.200.0-255,4320,162278,17,318265
14961,0.007032,172.31.36.0-255,66,162344,17,318265
14962,0.009394,74.125.200.0-255,5738,168082,17,318265
14963,0.0094,172.31.36.0-255,66,168148,17,318265
14964,0.011761,74.125.200.0-255,5738,173886,17,318265
14965,0.011769,172.31.36.0-255,66,173952,17,318265
14966,0.014142,74.125.200.0-255,5738,179690,17,318265
14967,0.01415,172.31.36.0-255,66,179756,17,318265
14968,0.016529,74.125.200.0-255,5738,185494,17,318265
14969,0.016538,172.31.36.0-255,66,185560,17,318265
14970,0.018894,74.125.200.0-255,2902,188462,17,318265
14971,0.0189,172.31.36.0-255,66,188528,17,318265
14972,0.018927,74.125.200.0-255,2902,191430,17,318265
14973,0.01893,172.31.36.0-255,66,191496,17,318265
14974,0.021256,74.125.200.0-255,2902,194398,17,318265
14975,0.021263,172.31.36.0-255,66,194464,17,318265
14976,0.021295,74.125.200.0-255,2902,197366,17,318265
14977,0.021298,172.31.36.0-255,66,197432,17,318265
14978,0.023625,74.125.200.0-255,2902,200334,17,318265
14979,0.023633,172.31.36.0-255,66,200400,17,318265
14980,0.023665,74.125.200.0-255,2902,203302,17,318265
14981,0.023668,172.31.36.0-255,66,203368,17,318265
14982,0.025999,74.125.200.0-255,2902,206270,17,318265
14983,0.026008,172.31.36.0-255,66,206336,17,318265
14984,0.026028,74.125.200.0-255,2902,209238,17,318265
14985,0.026031,172.31.36.0-255,66,209304,17,318265
14986,0.026544,172.31.36.0-255,188,209492,17,318265
14987,0.026589,172.31.36.0-255,961,210453,17,318265
14988,0.026666,172.31.36.0-255,1514,211967,17,318265
14989,0.026668,172.31.36.0-255,1427,213394,17,318265
14990,0.028086,104.244.42.0-255,66,213460,17,318265
14991,0.028132,104.244.42.0-255,66,213526,17,318265
14992,0.02822,104.244.42.0-255,66,213592,17,318265
14993,0.028363,74.125.200.0-255,2902,216494,17,318265
14994,0.028369,172.31.36.0-255,66,216560,17,318265
14995,0.0284,74.125.200.0-255,2902,219462,17,318265
14996,0.028404,172.31.36.0-255,66,219528,17,318265
14997,0.030729,74.125.200.0-255,1484,221012,17,318265
14998,0.030765,74.125.200.0-255,4320,225332,17,318265
14999,0.030772,172.31.36.0-255,66,225398,17,318265
15000,0.033157,74.125.200.0-255,5738,231136,17,318265
15001,0.033165,172.31.36.0-255,66,231202,17,318265
15002,0.035531,74.125.200.0-255,5738,236940,17,318265
15003,0.035542,172.31.36.0-255,66,237006,17,318265
15004,0.037906,74.125.200.0-255,5738,242744,17,318265
15005,0.037914,172.31.36.0-255,66,242810,17,318265
15006,0.040262,74.125.200.0-255,5738,248548,17,318265
15007,0.040268,172.31.36.0-255,66,248614,17,318265
15008,0.042624,74.125.200.0-255,4320,252934,17,318265
15009,0.042629,172.31.36.0-255,66,253000,17,318265
15010,0.042656,74.125.200.0-255,1484,254484,17,318265
15011,0.044994,74.125.200.0-255,4320,258804,17,318265
15012,0.045,172.31.36.0-255,66,258870,17,318265
15013,0.047367,74.125.200.0-255,5738,264608,17,318265
15014,0.047372,172.31.36.0-255,66,264674,17,318265
15015,0.04972,74.125.200.0-255,1484,266158,17,318265
15016,0.049753,74.125.200.0-255,4320,270478,17,318265
15017,0.049758,172.31.36.0-255,66,270544,17,318265
15018,0.052104,74.125.200.0-255,2902,273446,17,318265
15019,0.05211,172.31.36.0-255,66,273512,17,318265
15020,0.052139,74.125.200.0-255,2902,276414,17,318265
15021,0.052142,172.31.36.0-255,66,276480,17,318265
15022,0.054459,74.125.200.0-255,2902,279382,17,318265
15023,0.054464,172.31.36.0-255,66,279448,17,318265
15024,0.054495,74.125.200.0-255,2902,282350,17,318265
15025,0.054498,172.31.36.0-255,66,282416,17,318265
15026,0.056825,74.125.200.0-255,2902,285318,17,318265
15027,0.056831,172.31.36.0-255,66,285384,17,318265
15028,0.056863,74.125.200.0-255,2902,288286,17,318265
15029,0.056867,172.31.36.0-255,66,288352,17,318265
15030,0.05918,74.125.200.0-255,2902,291254,17,318265
15031,0.059185,172.31.36.0-255,66,291320,17,318265
15032,0.059216,74.125.200.0-255,2902,294222,17,318265
15033,0.059219,172.31.36.0-255,66,294288,17,318265
15034,0.061538,74.125.200.0-255,2902,297190,17,318265
15035,0.061543,172.31.36.0-255,66,297256,17,318265
15036,0.061596,74.125.200.0-255,2902,300158,17,318265
15037,0.0616,172.31.36.0-255,66,300224,17,318265
15038,0.063905,74.125.200.0-255,2902,303126,17,318265
15039,0.063911,172.31.36.0-255,66,303192,17,318265
15040,0.063942,74.125.200.0-255,2902,306094,17,318265
15041,0.063945,172.31.36.0-255,66,306160,17,318265
15042,0.066263,74.125.200.0-255,2902,309062,17,318265
15043,0.066269,172.31.36.0-255,66,309128,17,318265
15044,0.066303,74.125.200.0-255,1484,310612,17,318265
15045,0.06632,74.125.200.0-255,1484,312096,17,318265
15046,0.066325,172.31.36.0-255,66,312162,17,318265
15047,0.066407,172.31.36.0-255,101,312263,17,318265
15048,0.068621,74.125.200.0-255,2902,315165,17,318265
15049,0.068626,172.31.36.0-255,66,315231,17,318265
15050,0.068654,74.125.200.0-255,2902,318133,17,318265
15051,0.068657,172.31.36.0-255,66,318199,17,318265
15052,0.068717,74.125.200.0-255,66,318265,17,318265
15053,0.0,172.217.194.0-255,156,156,17,300910
15054,2.9e-05,172.31.36.0-255,66,222,17,300910
15055,3.5e-05,172.217.194.0-255,1484,1706,17,300910
15056,4e-05,172.31.36.0-255,66,1772,17,300910
15057,4.5e-05,172.217.194.0-255,2902,4674,17,300910
15058,4.9e-05,172.31.36.0-255,66,4740,17,300910
15059,5.7e-05,172.217.194.0-255,7156,11896,17,300910
15060,6e-05,172.31.36.0-255,66,11962,17,300910
15061,0.000112,172.31.36.0-255,66,12028,17,300910
15062,0.000119,172.217.194.0-255,6797,18825,17,300910
15063,0.000122,172.31.36.0-255,66,18891,17,300910
15064,0.000137,172.217.194.0-255,1484,20375,17,300910
15065,0.00014,172.31.36.0-255,66,20441,17,300910
15066,0.000162,172.217.194.0-255,5738,26179,17,300910
15067,0.000165,172.31.36.0-255,66,26245,17,300910
15068,0.000176,172.31.36.0-255,66,26311,17,300910
15069,0.000189,172.217.194.0-255,1125,27436,17,300910
15070,0.000191,172.31.36.0-255,66,27502,17,300910
15071,0.000445,172.217.194.0-255,1484,28986,17,300910
15072,0.000449,172.31.36.0-255,66,29052,17,300910
15073,0.000456,172.217.194.0-255,2902,31954,17,300910
15074,0.000459,172.31.36.0-255,66,32020,17,300910
15075,0.000462,172.217.194.0-255,1484,33504,17,300910
15076,0.000464,172.31.36.0-255,66,33570,17,300910
15077,0.000489,172.217.194.0-255,4320,37890,17,300910
15078,0.000491,172.31.36.0-255,66,37956,17,300910
15079,0.000497,172.217.194.0-255,4320,42276,17,300910
15080,0.000499,172.31.36.0-255,66,42342,17,300910
15081,0.000514,172.217.194.0-255,2543,44885,17,300910
15082,0.000517,172.31.36.0-255,66,44951,17,300910
15083,0.000556,172.217.194.0-255,1484,46435,17,300910
15084,0.000561,172.217.194.0-255,2902,49337,17,300910
15085,0.000564,172.31.36.0-255,66,49403,17,300910
15086,0.000587,172.217.194.0-255,5738,55141,17,300910
15087,0.000591,172.31.36.0-255,66,55207,17,300910
15088,0.000613,172.31.36.0-255,66,55273,17,300910
15089,0.000629,172.217.194.0-255,2543,57816,17,300910
15090,0.000638,172.31.36.0-255,66,57882,17,300910
15091,0.000641,172.31.36.0-255,66,57948,17,300910
15092,0.000653,172.217.194.0-255,1706,59654,17,300910
15093,0.000656,172.31.36.0-255,66,59720,17,300910
15094,0.00087,172.217.194.0-255,1484,61204,17,300910
15095,0.000877,172.217.194.0-255,2902,64106,17,300910
15096,0.000881,172.31.36.0-255,66,64172,17,300910
15097,0.000887,172.217.194.0-255,5738,69910,17,300910
15098,0.000889,172.31.36.0-255,66,69976,17,300910
15099,0.000927,172.31.36.0-255,66,70042,17,300910
15100,0.000953,172.217.194.0-255,2902,72944,17,300910
15101,0.000956,172.31.36.0-255,66,73010,17,300910
15102,0.000984,172.31.36.0-255,66,73076,17,300910
15103,0.001483,172.217.194.0-255,1484,74560,17,300910
15104,0.001492,172.217.194.0-255,2902,77462,17,300910
15105,0.001497,172.31.36.0-255,66,77528,17,300910
15106,0.001522,172.217.194.0-255,4320,81848,17,300910
15107,0.001525,172.31.36.0-255,66,81914,17,300910
15108,0.001536,172.31.36.0-255,66,81980,17,300910
15109,0.001572,172.217.194.0-255,5738,87718,17,300910
15110,0.001576,172.31.36.0-255,66,87784,17,300910
15111,0.001606,172.31.36.0-255,66,87850,17,300910
15112,0.002274,172.217.194.0-255,1484,89334,17,300910
15113,0.002286,172.217.194.0-255,2902,92236,17,300910
15114,0.00229,172.31.36.0-255,66,92302,17,300910
15115,0.002297,172.217.194.0-255,5738,98040,17,300910
15116,0.002299,172.31.36.0-255,66,98106,17,300910
15117,0.002306,172.217.194.0-255,5738,103844,17,300910
15118,0.002308,172.31.36.0-255,66,103910,17,300910
15119,0.002332,172.217.194.0-255,7156,111066,17,300910
15120,0.002334,172.31.36.0-255,66,111132,17,300910
15121,0.002346,172.31.36.0-255,66,111198,17,300910
15122,0.002469,172.217.194.0-255,1484,112682,17,300910
15123,0.002485,172.217.194.0-255,2902,115584,17,300910
15124,0.002487,172.31.36.0-255,66,115650,17,300910
15125,0.002493,172.217.194.0-255,4320,119970,17,300910
15126,0.002495,172.31.36.0-255,66,120036,17,300910
15127,0.002506,172.217.194.0-255,1484,121520,17,300910
15128,0.00252,172.217.194.0-255,5738,127258,17,300910
15129,0.002523,172.31.36.0-255,66,127324,17,300910
15130,0.002544,172.217.194.0-255,7156,134480,17,300910
15131,0.002547,172.31.36.0-255,66,134546,17,300910
15132,0.002552,172.217.194.0-255,4320,138866,17,300910
15133,0.002554,172.31.36.0-255,66,138932,17,300910
15134,0.002576,172.217.194.0-255,1484,140416,17,300910
15135,0.00258,172.217.194.0-255,2902,143318,17,300910
15136,0.002582,172.31.36.0-255,66,143384,17,300910
15137,0.002597,172.217.194.0-255,2184,145568,17,300910
15138,0.0026,172.31.36.0-255,66,145634,17,300910
15139,0.005139,172.217.194.0-255,2902,148536,17,300910
15140,0.005142,172.31.36.0-255,66,148602,17,300910
15141,0.005156,172.217.194.0-255,2902,151504,17,300910
15142,0.005159,172.31.36.0-255,66,151570,17,300910
15143,0.007695,172.217.194.0-255,2902,154472,17,300910
15144,0.007701,172.31.36.0-255,66,154538,17,300910
15145,0.00773,172.217.194.0-255,2902,157440,17,300910
15146,0.007733,172.31.36.0-255,66,157506,17,300910
15147,0.01026,172.217.194.0-255,2902,160408,17,300910
15148,0.010267,172.31.36.0-255,66,160474,17,300910
15149,0.010292,172.217.194.0-255,2902,163376,17,300910
15150,0.010296,172.31.36.0-255,66,163442,17,300910
15151,0.012836,172.217.194.0-255,5738,169180,17,300910
15152,0.012845,172.31.36.0-255,66,169246,17,300910
15153,0.015415,172.217.194.0-255,5738,174984,17,300910
15154,0.015426,172.31.36.0-255,66,175050,17,300910
15155,0.017971,172.217.194.0-255,5738,180788,17,300910
15156,0.017979,172.31.36.0-255,66,180854,17,300910
15157,0.020537,172.217.194.0-255,5738,186592,17,300910
15158,0.020547,172.31.36.0-255,66,186658,17,300910
15159,0.02312,172.217.194.0-255,5738,192396,17,300910
15160,0.023133,172.31.36.0-255,66,192462,17,300910
15161,0.025704,172.217.194.0-255,5738,198200,17,300910
15162,0.025717,172.31.36.0-255,66,198266,17,300910
15163,0.028276,172.217.194.0-255,5738,204004,17,300910
15164,0.028284,172.31.36.0-255,66,204070,17,300910
15165,0.030843,172.217.194.0-255,5738,209808,17,300910
15166,0.03085,172.31.36.0-255,66,209874,17,300910
15167,0.032124,172.31.36.0-255,172,210046,17,300910
15168,0.032156,172.31.36.0-255,1117,211163,17,300910
15169,0.032187,172.31.36.0-255,1514,212677,17,300910
15170,0.032189,172.31.36.0-255,1271,213948,17,300910
15171,0.033402,172.217.194.0-255,2902,216850,17,300910
15172,0.033408,172.31.36.0-255,66,216916,17,300910
15173,0.033438,172.217.194.0-255,2902,219818,17,300910
15174,0.033441,172.31.36.0-255,66,219884,17,300910
15175,0.033682,104.244.42.0-255,66,219950,17,300910
15176,0.033689,104.244.42.0-255,66,220016,17,300910
15177,0.033721,104.244.42.0-255,66,220082,17,300910
15178,0.03597,172.217.194.0-255,2902,222984,17,300910
15179,0.035976,172.31.36.0-255,66,223050,17,300910
15180,0.036012,172.217.194.0-255,2902,225952,17,300910
15181,0.036015,172.31.36.0-255,66,226018,17,300910
15182,0.038539,172.217.194.0-255,2902,228920,17,300910
15183,0.038544,172.31.36.0-255,66,228986,17,300910
15184,0.038606,172.217.194.0-255,2902,231888,17,300910
15185,0.03861,172.31.36.0-255,66,231954,17,300910
15186,0.041121,172.217.194.0-255,2902,234856,17,300910
15187,0.041127,172.31.36.0-255,66,234922,17,300910
15188,0.041163,172.217.194.0-255,2902,237824,17,300910
15189,0.041166,172.31.36.0-255,66,237890,17,300910
15190,0.043667,172.217.194.0-255,2902,240792,17,300910
15191,0.043688,172.31.36.0-255,66,240858,17,300910
15192,0.04372,172.217.194.0-255,2902,243760,17,300910
15193,0.043724,172.31.36.0-255,66,243826,17,300910
15194,0.046236,172.217.194.0-255,2902,246728,17,300910
15195,0.046242,172.31.36.0-255,66,246794,17,300910
15196,0.046268,172.217.194.0-255,2902,249696,17,300910
15197,0.04627,172.31.36.0-255,66,249762,17,300910
15198,0.048801,172.217.194.0-255,2902,252664,17,300910
15199,0.048807,172.31.36.0-255,66,252730,17,300910
15200,0.048837,172.217.194.0-255,2902,255632,17,300910
15201,0.048841,172.31.36.0-255,66,255698,17,300910
15202,0.051367,172.217.194.0-255,2902,258600,17,300910
15203,0.051374,172.31.36.0-255,66,258666,17,300910
15204,0.051393,172.217.194.0-255,2902,261568,17,300910
15205,0.051396,172.31.36.0-255,66,261634,17,300910
15206,0.053928,172.217.194.0-255,5738,267372,17,300910
15207,0.053933,172.31.36.0-255,66,267438,17,300910
15208,0.056495,172.217.194.0-255,5738,273176,17,300910
15209,0.0565,172.31.36.0-255,66,273242,17,300910
15210,0.059057,172.217.194.0-255,5738,278980,17,300910
15211,0.059062,172.31.36.0-255,66,279046,17,300910
15212,0.061606,172.217.194.0-255,4320,283366,17,300910
15213,0.061611,172.31.36.0-255,66,283432,17,300910
15214,0.061643,172.217.194.0-255,1484,284916,17,300910
15215,0.064171,172.217.194.0-255,4320,289236,17,300910
15216,0.064177,172.31.36.0-255,66,289302,17,300910
15217,0.066729,172.217.194.0-255,5738,295040,17,300910
15218,0.066734,172.31.36.0-255,66,295106,17,300910
15219,0.069299,172.217.194.0-255,5738,300844,17,300910
15220,0.069305,172.31.36.0-255,66,300910,17,300910
15221,0.0,74.125.200.0-255,374,374,17,199314
15222,2.7e-05,172.31.36.0-255,66,440,17,199314
15223,3.5e-05,74.125.200.0-255,1484,1924,17,199314
15224,4e-05,172.31.36.0-255,66,1990,17,199314
15225,5.5e-05,74.125.200.0-255,2902,4892,17,199314
15226,5.9e-05,172.31.36.0-255,66,4958,17,199314
15227,0.000164,74.125.200.0-255,2902,7860,17,199314
15228,0.000168,172.31.36.0-255,66,7926,17,199314
15229,0.000185,74.125.200.0-255,2902,10828,17,199314
15230,0.000189,172.31.36.0-255,66,10894,17,199314
15231,0.000429,74.125.200.0-255,1484,12378,17,199314
15232,0.000434,172.31.36.0-255,66,12444,17,199314
15233,0.000485,74.125.200.0-255,1484,13928,17,199314
15234,0.000489,172.31.36.0-255,66,13994,17,199314
15235,0.000533,172.31.36.0-255,66,14060,17,199314
15236,0.000903,172.31.36.0-255,66,14126,17,199314
15237,0.001311,74.125.200.0-255,5738,19864,17,199314
15238,0.001318,172.31.36.0-255,66,19930,17,199314
15239,0.002326,74.125.200.0-255,2902,22832,17,199314
15240,0.002334,172.31.36.0-255,66,22898,17,199314
15241,0.003597,74.125.200.0-255,2902,25800,17,199314
15242,0.003603,172.31.36.0-255,66,25866,17,199314
15243,0.00461,74.125.200.0-255,2902,28768,17,199314
15244,0.00462,172.31.36.0-255,66,28834,17,199314
15245,0.00589,74.125.200.0-255,2902,31736,17,199314
15246,0.005899,172.31.36.0-255,66,31802,17,199314
15247,0.006911,74.125.200.0-255,2902,34704,17,199314
15248,0.006916,172.31.36.0-255,66,34770,17,199314
15249,0.008212,74.125.200.0-255,2902,37672,17,199314
15250,0.00822,172.31.36.0-255,66,37738,17,199314
15251,0.009203,74.125.200.0-255,2902,40640,17,199314
15252,0.009212,172.31.36.0-255,66,40706,17,199314
15253,0.01052,74.125.200.0-255,2902,43608,17,199314
15254,0.010533,172.31.36.0-255,66,43674,17,199314
15255,0.011494,74.125.200.0-255,2902,46576,17,199314
15256,0.0115,172.31.36.0-255,66,46642,17,199314
15257,0.012832,74.125.200.0-255,2902,49544,17,199314
15258,0.012841,172.31.36.0-255,66,49610,17,199314
15259,0.013832,74.125.200.0-255,2902,52512,17,199314
15260,0.013842,172.31.36.0-255,66,52578,17,199314
15261,0.015118,74.125.200.0-255,2902,55480,17,199314
15262,0.015127,172.31.36.0-255,66,55546,17,199314
15263,0.016128,74.125.200.0-255,2902,58448,17,199314
15264,0.016137,172.31.36.0-255,66,58514,17,199314
15265,0.017415,74.125.200.0-255,2902,61416,17,199314
15266,0.017425,172.31.36.0-255,66,61482,17,199314
15267,0.01842,74.125.200.0-255,2902,64384,17,199314
15268,0.018427,172.31.36.0-255,66,64450,17,199314
15269,0.019711,74.125.200.0-255,2902,67352,17,199314
15270,0.019719,172.31.36.0-255,66,67418,17,199314
15271,0.020724,74.125.200.0-255,2902,70320,17,199314
15272,0.020731,172.31.36.0-255,66,70386,17,199314
15273,0.021996,74.125.200.0-255,2902,73288,17,199314
15274,0.022005,172.31.36.0-255,66,73354,17,199314
15275,0.023016,74.125.200.0-255,2902,76256,17,199314
15276,0.023024,172.31.36.0-255,66,76322,17,199314
15277,0.024295,74.125.200.0-255,2902,79224,17,199314
15278,0.024304,172.31.36.0-255,66,79290,17,199314
15279,0.025319,74.125.200.0-255,2902,82192,17,199314
15280,0.025328,172.31.36.0-255,66,82258,17,199314
15281,0.025792,172.31.36.0-255,172,82430,17,199314
15282,0.025822,172.31.36.0-255,1118,83548,17,199314
15283,0.025881,172.31.36.0-255,1514,85062,17,199314
15284,0.025883,172.31.36.0-255,1270,86332,17,199314
15285,0.026582,74.125.200.0-255,2902,89234,17,199314
15286,0.026589,172.31.36.0-255,66,89300,17,199314
15287,0.02736,104.244.42.0-255,66,89366,17,199314
15288,0.027398,104.244.42.0-255,66,89432,17,199314
15289,0.02744,104.244.42.0-255,66,89498,17,199314
15290,0.0276,74.125.200.0-255,2902,92400,17,199314
15291,0.027606,172.31.36.0-255,66,92466,17,199314
15292,0.028879,74.125.200.0-255,2902,95368,17,199314
15293,0.028886,172.31.36.0-255,66,95434,17,199314
15294,0.029909,74.125.200.0-255,2902,98336,17,199314
15295,0.029917,172.31.36.0-255,66,98402,17,199314
15296,0.031179,74.125.200.0-255,2902,101304,17,199314
15297,0.031186,172.31.36.0-255,66,101370,17,199314
15298,0.032218,74.125.200.0-255,2902,104272,17,199314
15299,0.032225,172.31.36.0-255,66,104338,17,199314
15300,0.03348,74.125.200.0-255,2902,107240,17,199314
15301,0.033487,172.31.36.0-255,66,107306,17,199314
15302,0.034507,74.125.200.0-255,2902,110208,17,199314
15303,0.034514,172.31.36.0-255,66,110274,17,199314
15304,0.035769,74.125.200.0-255,2902,113176,17,199314
15305,0.035775,172.31.36.0-255,66,113242,17,199314
15306,0.0368,74.125.200.0-255,2902,116144,17,199314
15307,0.036806,172.31.36.0-255,66,116210,17,199314
15308,0.038054,74.125.200.0-255,2902,119112,17,199314
15309,0.038062,172.31.36.0-255,66,119178,17,199314
15310,0.039087,74.125.200.0-255,2902,122080,17,199314
15311,0.039095,172.31.36.0-255,66,122146,17,199314
15312,0.040357,74.125.200.0-255,2902,125048,17,199314
15313,0.040365,172.31.36.0-255,66,125114,17,199314
15314,0.041395,74.125.200.0-255,2902,128016,17,199314
15315,0.041402,172.31.36.0-255,66,128082,17,199314
15316,0.042669,74.125.200.0-255,2902,130984,17,199314
15317,0.042676,172.31.36.0-255,66,131050,17,199314
15318,0.043694,74.125.200.0-255,2902,133952,17,199314
15319,0.043701,172.31.36.0-255,66,134018,17,199314
15320,0.044959,74.125.200.0-255,2902,136920,17,199314
15321,0.044967,172.31.36.0-255,66,136986,17,199314
15322,0.045998,74.125.200.0-255,2902,139888,17,199314
15323,0.046006,172.31.36.0-255,66,139954,17,199314
15324,0.047251,74.125.200.0-255,2902,142856,17,199314
15325,0.047258,172.31.36.0-255,66,142922,17,199314
15326,0.048292,74.125.200.0-255,2902,145824,17,199314
15327,0.048299,172.31.36.0-255,66,145890,17,199314
15328,0.049541,74.125.200.0-255,2902,148792,17,199314
15329,0.049548,172.31.36.0-255,66,148858,17,199314
15330,0.050644,74.125.200.0-255,2902,151760,17,199314
15331,0.050651,172.31.36.0-255,66,151826,17,199314
15332,0.051828,74.125.200.0-255,2902,154728,17,199314
15333,0.051834,172.31.36.0-255,66,154794,17,199314
15334,0.052929,74.125.200.0-255,2902,157696,17,199314
15335,0.052937,172.31.36.0-255,66,157762,17,199314
15336,0.05416,74.125.200.0-255,2902,160664,17,199314
15337,0.054166,172.31.36.0-255,66,160730,17,199314
15338,0.055235,74.125.200.0-255,2902,163632,17,199314
15339,0.055241,172.31.36.0-255,66,163698,17,199314
15340,0.056467,74.125.200.0-255,2902,166600,17,199314
15341,0.056474,172.31.36.0-255,66,166666,17,199314
15342,0.057521,74.125.200.0-255,2902,169568,17,199314
15343,0.057527,172.31.36.0-255,66,169634,17,199314
15344,0.05877,74.125.200.0-255,2902,172536,17,199314
15345,0.058777,172.31.36.0-255,66,172602,17,199314
15346,0.059807,74.125.200.0-255,2902,175504,17,199314
15347,0.059812,172.31.36.0-255,66,175570,17,199314
15348,0.061066,74.125.200.0-255,2902,178472,17,199314
15349,0.061073,172.31.36.0-255,66,178538,17,199314
15350,0.062093,74.125.200.0-255,2902,181440,17,199314
15351,0.0621,172.31.36.0-255,66,181506,17,199314
15352,0.063378,74.125.200.0-255,2902,184408,17,199314
15353,0.063385,172.31.36.0-255,66,184474,17,199314
15354,0.064396,74.125.200.0-255,2902,187376,17,199314
15355,0.064402,172.31.36.0-255,66,187442,17,199314
15356,0.065691,74.125.200.0-255,2902,190344,17,199314
15357,0.065697,172.31.36.0-255,66,190410,17,199314
15358,0.066731,74.125.200.0-255,2902,193312,17,199314
15359,0.066738,172.31.36.0-255,66,193378,17,199314
15360,0.067971,74.125.200.0-255,2902,196280,17,199314
15361,0.067978,172.31.36.0-255,66,196346,17,199314
15362,0.069028,74.125.200.0-255,2902,199248,17,199314
15363,0.069034,172.31.36.0-255,66,199314,17,199314
15364,0.0,172.253.118.0-255,153,153,17,274063
15365,2.1e-05,172.31.36.0-255,66,219,17,274063
15366,2.8e-05,172.253.118.0-255,1484,1703,17,274063
15367,3.3e-05,172.31.36.0-255,66,1769,17,274063
15368,3.9e-05,172.253.118.0-255,2902,4671,17,274063
15369,4.1e-05,172.31.36.0-255,66,4737,17,274063
15370,5.9e-05,172.253.118.0-255,7156,11893,17,274063
15371,6.2e-05,172.31.36.0-255,66,11959,17,274063
15372,0.000102,172.253.118.0-255,7156,19115,17,274063
15373,0.000105,172.31.36.0-255,66,19181,17,274063
15374,0.000135,172.253.118.0-255,4936,24117,17,274063
15375,0.000138,172.31.36.0-255,66,24183,17,274063
15376,0.000146,172.253.118.0-255,6797,30980,17,274063
15377,0.000148,172.31.36.0-255,66,31046,17,274063
15378,0.000313,172.253.118.0-255,1484,32530,17,274063
15379,0.000318,172.31.36.0-255,66,32596,17,274063
15380,0.000322,172.253.118.0-255,1484,34080,17,274063
15381,0.000325,172.31.36.0-255,66,34146,17,274063
15382,0.000347,172.253.118.0-255,1484,35630,17,274063
15383,0.000349,172.31.36.0-255,66,35696,17,274063
15384,0.000361,172.253.118.0-255,5738,41434,17,274063
15385,0.000365,172.31.36.0-255,66,41500,17,274063
15386,0.00037,172.253.118.0-255,4320,45820,17,274063
15387,0.000373,172.31.36.0-255,66,45886,17,274063
15388,0.000413,172.31.36.0-255,66,45952,17,274063
15389,0.000424,172.31.36.0-255,66,46018,17,274063
15390,0.000426,172.253.118.0-255,1403,47421,17,274063
15391,0.000428,172.31.36.0-255,66,47487,17,274063
15392,0.000638,172.253.118.0-255,132,47619,17,274063
15393,0.000644,172.31.36.0-255,66,47685,17,274063
15394,0.000828,172.253.118.0-255,1484,49169,17,274063
15395,0.000835,172.253.118.0-255,2902,52071,17,274063
15396,0.000838,172.31.36.0-255,66,52137,17,274063
15397,0.000845,172.253.118.0-255,4320,56457,17,274063
15398,0.000847,172.31.36.0-255,66,56523,17,274063
15399,0.00087,172.253.118.0-255,1484,58007,17,274063
15400,0.000898,172.253.118.0-255,6797,64804,17,274063
15401,0.000905,172.31.36.0-255,66,64870,17,274063
15402,0.001013,172.253.118.0-255,1484,66354,17,274063
15403,0.001019,172.253.118.0-255,2902,69256,17,274063
15404,0.001022,172.31.36.0-255,66,69322,17,274063
15405,0.001052,172.253.118.0-255,5738,75060,17,274063
15406,0.001055,172.31.36.0-255,66,75126,17,274063
15407,0.001087,172.253.118.0-255,6797,81923,17,274063
15408,0.001091,172.31.36.0-255,66,81989,17,274063
15409,0.001429,172.253.118.0-255,1484,83473,17,274063
15410,0.001433,172.253.118.0-255,1484,84957,17,274063
15411,0.001437,172.31.36.0-255,66,85023,17,274063
15412,0.001467,172.253.118.0-255,1484,86507,17,274063
15413,0.001474,172.253.118.0-255,5738,92245,17,274063
15414,0.001477,172.31.36.0-255,66,92311,17,274063
15415,0.001513,172.31.36.0-255,66,92377,17,274063
15416,0.00154,172.253.118.0-255,1484,93861,17,274063
15417,0.001544,172.253.118.0-255,2902,96763,17,274063
15418,0.001547,172.31.36.0-255,66,96829,17,274063
15419,0.001583,172.31.36.0-255,66,96895,17,274063
15420,0.001981,172.253.118.0-255,1484,98379,17,274063
15421,0.001991,172.253.118.0-255,2902,101281,17,274063
15422,0.001994,172.31.36.0-255,66,101347,17,274063
15423,0.002001,172.253.118.0-255,5738,107085,17,274063
15424,0.002003,172.31.36.0-255,66,107151,17,274063
15425,0.002021,172.253.118.0-255,1484,108635,17,274063
15426,0.002052,172.31.36.0-255,66,108701,17,274063
15427,0.002056,172.253.118.0-255,1484,110185,17,274063
15428,0.002102,172.31.36.0-255,66,110251,17,274063
15429,0.002114,172.31.36.0-255,66,110317,17,274063
15430,0.002136,172.31.36.0-255,66,110383,17,274063
15431,0.002153,172.253.118.0-255,6438,116821,17,274063
15432,0.002155,172.31.36.0-255,66,116887,17,274063
15433,0.002236,172.253.118.0-255,7156,124043,17,274063
15434,0.002241,172.31.36.0-255,66,124109,17,274063
15435,0.002265,172.31.36.0-255,66,124175,17,274063
15436,0.002282,172.31.36.0-255,66,124241,17,274063
15437,0.002294,172.31.36.0-255,66,124307,17,274063
15438,0.002338,172.31.36.0-255,66,124373,17,274063
15439,0.002368,172.31.36.0-255,66,124439,17,274063
15440,0.004653,172.253.118.0-255,5738,130177,17,274063
15441,0.004659,172.31.36.0-255,66,130243,17,274063
15442,0.006943,172.253.118.0-255,5738,135981,17,274063
15443,0.006948,172.31.36.0-255,66,136047,17,274063
15444,0.009232,172.253.118.0-255,5738,141785,17,274063
15445,0.009239,172.31.36.0-255,66,141851,17,274063
15446,0.011529,172.253.118.0-255,5738,147589,17,274063
15447,0.011536,172.31.36.0-255,66,147655,17,274063
15448,0.013834,172.253.118.0-255,5738,153393,17,274063
15449,0.013841,172.31.36.0-255,66,153459,17,274063
15450,0.016128,172.253.118.0-255,5738,159197,17,274063
15451,0.016134,172.31.36.0-255,66,159263,17,274063
15452,0.018447,172.253.118.0-255,5738,165001,17,274063
15453,0.018458,172.31.36.0-255,66,165067,17,274063
15454,0.020744,172.253.118.0-255,5738,170805,17,274063
15455,0.020752,172.31.36.0-255,66,170871,17,274063
15456,0.02305,172.253.118.0-255,5738,176609,17,274063
15457,0.023058,172.31.36.0-255,66,176675,17,274063
15458,0.02536,172.253.118.0-255,5738,182413,17,274063
15459,0.025368,172.31.36.0-255,66,182479,17,274063
15460,0.027684,172.253.118.0-255,5738,188217,17,274063
15461,0.027691,172.31.36.0-255,66,188283,17,274063
15462,0.029981,172.253.118.0-255,5738,194021,17,274063
15463,0.029989,172.31.36.0-255,66,194087,17,274063
15464,0.032278,172.253.118.0-255,4320,198407,17,274063
15465,0.032284,172.31.36.0-255,66,198473,17,274063
15466,0.032327,172.253.118.0-255,1484,199957,17,274063
15467,0.032894,172.31.36.0-255,176,200133,17,274063
15468,0.033063,172.31.36.0-255,1117,201250,17,274063
15469,0.033152,172.31.36.0-255,1514,202764,17,274063
15470,0.033154,172.31.36.0-255,1271,204035,17,274063
15471,0.034426,104.244.42.0-255,66,204101,17,274063
15472,0.034566,172.253.118.0-255,4320,208421,17,274063
15473,0.03457,172.31.36.0-255,66,208487,17,274063
15474,0.034606,104.244.42.0-255,66,208553,17,274063
15475,0.0347,104.244.42.0-255,66,208619,17,274063
15476,0.036861,172.253.118.0-255,5738,214357,17,274063
15477,0.036867,172.31.36.0-255,66,214423,17,274063
15478,0.039148,172.253.118.0-255,5738,220161,17,274063
15479,0.039154,172.31.36.0-255,66,220227,17,274063
15480,0.041444,172.253.118.0-255,5738,225965,17,274063
15481,0.04145,172.31.36.0-255,66,226031,17,274063
15482,0.043741,172.253.118.0-255,5738,231769,17,274063
15483,0.043747,172.31.36.0-255,66,231835,17,274063
15484,0.046042,172.253.118.0-255,5738,237573,17,274063
15485,0.046047,172.31.36.0-255,66,237639,17,274063
15486,0.048375,172.253.118.0-255,5738,243377,17,274063
15487,0.048379,172.31.36.0-255,66,243443,17,274063
15488,0.050687,172.253.118.0-255,5738,249181,17,274063
15489,0.050694,172.31.36.0-255,66,249247,17,274063
15490,0.052977,172.253.118.0-255,5738,254985,17,274063
15491,0.052983,172.31.36.0-255,66,255051,17,274063
15492,0.055273,172.253.118.0-255,5738,260789,17,274063
15493,0.055279,172.31.36.0-255,66,260855,17,274063
15494,0.057574,172.253.118.0-255,5738,266593,17,274063
15495,0.05758,172.31.36.0-255,66,266659,17,274063
15496,0.059873,172.253.118.0-255,5738,272397,17,274063
15497,0.05988,172.31.36.0-255,66,272463,17,274063
15498,0.062163,172.253.118.0-255,1363,273826,17,274063
15499,0.062294,172.31.36.0-255,66,273892,17,274063
15500,0.062319,172.31.36.0-255,105,273997,17,274063
15501,0.064575,172.253.118.0-255,66,274063,17,274063
15502,0.0,172.217.194.0-255,148,148,17,157674
15503,2.2e-05,172.31.36.0-255,66,214,17,157674
15504,3.7e-05,172.217.194.0-255,1484,1698,17,157674
15505,4.1e-05,172.31.36.0-255,66,1764,17,157674
15506,5.1e-05,172.217.194.0-255,2902,4666,17,157674
15507,5.4e-05,172.31.36.0-255,66,4732,17,157674
15508,6.5e-05,172.217.194.0-255,1484,6216,17,157674
15509,6.8e-05,172.31.36.0-255,66,6282,17,157674
15510,0.0001,172.217.194.0-255,4320,10602,17,157674
15511,0.000103,172.31.36.0-255,66,10668,17,157674
15512,0.000115,172.31.36.0-255,66,10734,17,157674
15513,0.000149,172.217.194.0-255,2111,12845,17,157674
15514,0.000152,172.31.36.0-255,66,12911,17,157674
15515,0.00016,172.217.194.0-255,6797,19708,17,157674
15516,0.00017,172.31.36.0-255,66,19774,17,157674
15517,0.000173,172.217.194.0-255,1484,21258,17,157674
15518,0.000175,172.31.36.0-255,66,21324,17,157674
15519,0.000179,172.217.194.0-255,2902,24226,17,157674
15520,0.000182,172.31.36.0-255,66,24292,17,157674
15521,0.000187,172.217.194.0-255,4320,28612,17,157674
15522,0.000189,172.31.36.0-255,66,28678,17,157674
15523,0.00022,172.217.194.0-255,1484,30162,17,157674
15524,0.000223,172.31.36.0-255,66,30228,17,157674
15525,0.000243,172.31.36.0-255,66,30294,17,157674
15526,0.000269,172.217.194.0-255,5738,36032,17,157674
15527,0.000272,172.31.36.0-255,66,36098,17,157674
15528,0.000293,172.217.194.0-255,4250,40348,17,157674
15529,0.000296,172.31.36.0-255,66,40414,17,157674
15530,0.000392,172.217.194.0-255,367,40781,17,157674
15531,0.000397,172.31.36.0-255,66,40847,17,157674
15532,0.000573,172.217.194.0-255,1484,42331,17,157674
15533,0.000578,172.217.194.0-255,2902,45233,17,157674
15534,0.000581,172.31.36.0-255,66,45299,17,157674
15535,0.000595,172.217.194.0-255,1484,46783,17,157674
15536,0.000619,172.217.194.0-255,4320,51103,17,157674
15537,0.000622,172.31.36.0-255,66,51169,17,157674
15538,0.000635,172.31.36.0-255,66,51235,17,157674
15539,0.000654,172.217.194.0-255,1484,52719,17,157674
15540,0.000677,172.217.194.0-255,4320,57039,17,157674
15541,0.00068,172.31.36.0-255,66,57105,17,157674
15542,0.00071,172.217.194.0-255,6438,63543,17,157674
15543,0.000714,172.31.36.0-255,66,63609,17,157674
15544,0.000857,172.217.194.0-255,1484,65093,17,157674
15545,0.000882,172.217.194.0-255,1484,66577,17,157674
15546,0.000886,172.31.36.0-255,66,66643,17,157674
15547,0.000913,172.217.194.0-255,1484,68127,17,157674
15548,0.00092,172.217.194.0-255,5738,73865,17,157674
15549,0.000923,172.31.36.0-255,66,73931,17,157674
15550,0.000935,172.31.36.0-255,66,73997,17,157674
15551,0.000963,172.217.194.0-255,1484,75481,17,157674
15552,0.000975,172.31.36.0-255,66,75547,17,157674
15553,0.000981,172.217.194.0-255,4320,79867,17,157674
15554,0.000983,172.31.36.0-255,66,79933,17,157674
15555,0.001018,172.217.194.0-255,3602,83535,17,157674
15556,0.001021,172.31.36.0-255,66,83601,17,157674
15557,0.001032,172.31.36.0-255,66,83667,17,157674
15558,0.001044,172.31.36.0-255,66,83733,17,157674
15559,0.001075,172.217.194.0-255,6438,90171,17,157674
15560,0.001079,172.31.36.0-255,66,90237,17,157674
15561,0.001102,172.217.194.0-255,7156,97393,17,157674
15562,0.001106,172.31.36.0-255,66,97459,17,157674
15563,0.001116,172.31.36.0-255,66,97525,17,157674
15564,0.001197,172.31.36.0-255,66,97591,17,157674
15565,0.001229,172.217.194.0-255,7156,104747,17,157674
15566,0.001232,172.217.194.0-255,766,105513,17,157674
15567,0.001234,172.217.194.0-255,1484,106997,17,157674
15568,0.001234,172.31.36.0-255,66,107063,17,157674
15569,0.001237,172.217.194.0-255,2902,109965,17,157674
15570,0.001239,172.31.36.0-255,66,110031,17,157674
15571,0.001242,172.31.36.0-255,66,110097,17,157674
15572,0.001243,172.217.194.0-255,5738,115835,17,157674
15573,0.001246,172.31.36.0-255,66,115901,17,157674
15574,0.001301,172.31.36.0-255,66,115967,17,157674
15575,0.001312,172.31.36.0-255,66,116033,17,157674
15576,0.001345,172.217.194.0-255,2184,118217,17,157674
15577,0.001355,172.31.36.0-255,66,118283,17,157674
15578,0.001368,172.31.36.0-255,66,118349,17,157674
15579,0.001385,172.31.36.0-255,66,118415,17,157674
15580,0.001431,172.31.36.0-255,66,118481,17,157674
15581,0.001453,172.31.36.0-255,66,118547,17,157674
15582,0.001454,172.217.194.0-255,5738,124285,17,157674
15583,0.001457,172.31.36.0-255,66,124351,17,157674
15584,0.001486,172.217.194.0-255,2902,127253,17,157674
15585,0.00149,172.31.36.0-255,66,127319,17,157674
15586,0.001521,172.217.194.0-255,2184,129503,17,157674
15587,0.001525,172.31.36.0-255,66,129569,17,157674
15588,0.001531,172.217.194.0-255,5738,135307,17,157674
15589,0.001534,172.31.36.0-255,66,135373,17,157674
15590,0.001554,172.31.36.0-255,66,135439,17,157674
15591,0.001562,172.31.36.0-255,66,135505,17,157674
15592,0.001574,172.217.194.0-255,1484,136989,17,157674
15593,0.001607,172.31.36.0-255,66,137055,17,157674
15594,0.001613,172.217.194.0-255,4320,141375,17,157674
15595,0.001615,172.31.36.0-255,66,141441,17,157674
15596,0.00165,172.217.194.0-255,5738,147179,17,157674
15597,0.001654,172.31.36.0-255,66,147245,17,157674
15598,0.001667,172.31.36.0-255,66,147311,17,157674
15599,0.001697,172.217.194.0-255,6438,153749,17,157674
15600,0.001701,172.31.36.0-255,66,153815,17,157674
15601,0.001724,172.31.36.0-255,66,153881,17,157674
15602,0.001737,172.31.36.0-255,66,153947,17,157674
15603,0.001749,172.31.36.0-255,66,154013,17,157674
15604,0.001752,172.217.194.0-255,105,154118,17,157674
15605,0.003607,172.31.36.0-255,66,154184,17,157674
15606,0.003629,172.31.36.0-255,105,154289,17,157674
15607,0.006202,172.217.194.0-255,66,154355,17,157674
15608,0.024447,172.31.36.0-255,172,154527,17,157674
15609,0.024476,172.31.36.0-255,1117,155644,17,157674
15610,0.024518,172.31.36.0-255,1514,157158,17,157674
15611,0.02452,172.31.36.0-255,318,157476,17,157674
15612,0.025968,104.244.42.0-255,66,157542,17,157674
15613,0.026003,104.244.42.0-255,66,157608,17,157674
15614,0.026044,104.244.42.0-255,66,157674,17,157674
15615,0.0,172.217.194.0-255,66,66,17,66
15616,0.0,172.217.194.0-255,152,152,17,212174
15617,3e-05,172.31.36.0-255,66,218,17,212174
15618,3.6e-05,172.217.194.0-255,1484,1702,17,212174
15619,4.1e-05,172.31.36.0-255,66,1768,17,212174
15620,4.6e-05,172.217.194.0-255,2902,4670,17,212174
15621,4.8e-05,172.31.36.0-255,66,4736,17,212174
15622,5.5e-05,172.217.194.0-255,7156,11892,17,212174
15623,5.7e-05,172.31.36.0-255,66,11958,17,212174
15624,7.8e-05,172.217.194.0-255,2040,13998,17,212174
15625,8.1e-05,172.31.36.0-255,66,14064,17,212174
15626,0.00015,172.217.194.0-255,1484,15548,17,212174
15627,0.000153,172.31.36.0-255,66,15614,17,212174
15628,0.000158,172.217.194.0-255,2902,18516,17,212174
15629,0.00016,172.31.36.0-255,66,18582,17,212174
15630,0.00018,172.217.194.0-255,5738,24320,17,212174
15631,0.000183,172.31.36.0-255,66,24386,17,212174
15632,0.000186,172.217.194.0-255,1484,25870,17,212174
15633,0.000188,172.31.36.0-255,66,25936,17,212174
15634,0.000235,172.217.194.0-255,5379,31315,17,212174
15635,0.000239,172.31.36.0-255,66,31381,17,212174
15636,0.000279,172.217.194.0-255,5738,37119,17,212174
15637,0.000283,172.31.36.0-255,66,37185,17,212174
15638,0.000286,172.217.194.0-255,1484,38669,17,212174
15639,0.000288,172.31.36.0-255,66,38735,17,212174
15640,0.000293,172.217.194.0-255,2902,41637,17,212174
15641,0.000296,172.31.36.0-255,66,41703,17,212174
15642,0.000319,172.217.194.0-255,5738,47441,17,212174
15643,0.000323,172.31.36.0-255,66,47507,17,212174
15644,0.00036,172.31.36.0-255,66,47573,17,212174
15645,0.000372,172.217.194.0-255,2439,50012,17,212174
15646,0.000374,172.31.36.0-255,66,50078,17,212174
15647,0.000566,172.217.194.0-255,114,50192,17,212174
15648,0.000601,172.217.194.0-255,1484,51676,17,212174
15649,0.000606,172.31.36.0-255,66,51742,17,212174
15650,0.000612,172.217.194.0-255,2902,54644,17,212174
15651,0.000614,172.31.36.0-255,66,54710,17,212174
15652,0.000646,172.217.194.0-255,7156,61866,17,212174
15653,0.000649,172.31.36.0-255,66,61932,17,212174
15654,0.000656,172.217.194.0-255,5379,67311,17,212174
15655,0.000658,172.31.36.0-255,66,67377,17,212174
15656,0.000684,172.217.194.0-255,2902,70279,17,212174
15657,0.000686,172.31.36.0-255,66,70345,17,212174
15658,0.000713,172.31.36.0-255,66,70411,17,212174
15659,0.000716,172.217.194.0-255,1484,71895,17,212174
15660,0.000719,172.217.194.0-255,1125,73020,17,212174
15661,0.000722,172.31.36.0-255,66,73086,17,212174
15662,0.001286,172.217.194.0-255,1484,74570,17,212174
15663,0.001296,172.217.194.0-255,2902,77472,17,212174
15664,0.001301,172.31.36.0-255,66,77538,17,212174
15665,0.001308,172.217.194.0-255,4320,81858,17,212174
15666,0.00131,172.31.36.0-255,66,81924,17,212174
15667,0.001333,172.217.194.0-255,1484,83408,17,212174
15668,0.001344,172.31.36.0-255,66,83474,17,212174
15669,0.001367,172.217.194.0-255,4320,87794,17,212174
15670,0.00137,172.31.36.0-255,66,87860,17,212174
15671,0.001382,172.31.36.0-255,66,87926,17,212174
15672,0.001393,172.217.194.0-255,1484,89410,17,212174
15673,0.001413,172.217.194.0-255,5738,95148,17,212174
15674,0.001416,172.31.36.0-255,66,95214,17,212174
15675,0.001426,172.31.36.0-255,66,95280,17,212174
15676,0.001474,172.31.36.0-255,66,95346,17,212174
15677,0.001478,172.217.194.0-255,766,96112,17,212174
15678,0.00155,172.217.194.0-255,1484,97596,17,212174
15679,0.001603,172.217.194.0-255,1484,99080,17,212174
15680,0.001617,172.217.194.0-255,2902,101982,17,212174
15681,0.00164,172.217.194.0-255,5738,107720,17,212174
15682,0.00167,172.217.194.0-255,7156,114876,17,212174
15683,0.001711,172.217.194.0-255,3602,118478,17,212174
15684,0.001759,172.217.194.0-255,1484,119962,17,212174
15685,0.001773,172.217.194.0-255,2902,122864,17,212174
15686,0.001794,172.217.194.0-255,5738,128602,17,212174
15687,0.001851,172.217.194.0-255,766,129368,17,212174
15688,0.001901,172.217.194.0-255,1484,130852,17,212174
15689,0.001914,172.217.194.0-255,2902,133754,17,212174
15690,0.001934,172.217.194.0-255,4320,138074,17,212174
15691,0.001937,172.217.194.0-255,1484,139558,17,212174
15692,0.001957,172.217.194.0-255,7156,146714,17,212174
15693,0.001976,172.217.194.0-255,1484,148198,17,212174
15694,0.002026,172.217.194.0-255,5738,153936,17,212174
15695,0.002032,172.217.194.0-255,5738,159674,17,212174
15696,0.002052,172.217.194.0-255,7156,166830,17,212174
15697,0.002074,172.217.194.0-255,1484,168314,17,212174
15698,0.002102,172.217.194.0-255,2902,171216,17,212174
15699,0.002163,172.217.194.0-255,4320,175536,17,212174
15700,0.002184,172.217.194.0-255,5738,181274,17,212174
15701,0.002189,172.217.194.0-255,5020,186294,17,212174
15702,0.002216,172.217.194.0-255,1484,187778,17,212174
15703,0.002237,172.217.194.0-255,2902,190680,17,212174
15704,0.002255,172.217.194.0-255,5738,196418,17,212174
15705,0.002328,172.217.194.0-255,3602,200020,17,212174
15706,0.002331,172.217.194.0-255,1484,201504,17,212174
15707,0.002381,172.217.194.0-255,4320,205824,17,212174
15708,0.002391,172.217.194.0-255,1718,207542,17,212174
15709,0.00241,172.217.194.0-255,105,207647,17,212174
15710,0.006942,172.31.36.0-255,66,207713,17,212174
15711,0.009344,172.31.36.0-255,105,207818,17,212174
15712,0.011622,172.217.194.0-255,66,207884,17,212174
15713,0.032327,172.31.36.0-255,188,208072,17,212174
15714,0.032361,172.31.36.0-255,961,209033,17,212174
15715,0.032399,172.31.36.0-255,1514,210547,17,212174
15716,0.0324,172.31.36.0-255,1429,211976,17,212174
15717,0.03382,104.244.42.0-255,66,212042,17,212174
15718,0.033849,104.244.42.0-255,66,212108,17,212174
15719,0.033922,104.244.42.0-255,66,212174,17,212174
15720,0.0,74.125.24.0-255,142,142,17,217388
15721,3.1e-05,172.31.36.0-255,66,208,17,217388
15722,3.9e-05,74.125.24.0-255,1484,1692,17,217388
15723,4.3e-05,172.31.36.0-255,66,1758,17,217388
15724,5.5e-05,74.125.24.0-255,2902,4660,17,217388
15725,5.7e-05,172.31.36.0-255,66,4726,17,217388
15726,6.5e-05,74.125.24.0-255,7156,11882,17,217388
15727,6.8e-05,172.31.36.0-255,66,11948,17,217388
15728,9.1e-05,74.125.24.0-255,2057,14005,17,217388
15729,9.3e-05,172.31.36.0-255,66,14071,17,217388
15730,0.00029,74.125.24.0-255,1484,15555,17,217388
15731,0.000295,172.31.36.0-255,66,15621,17,217388
15732,0.000301,74.125.24.0-255,2902,18523,17,217388
15733,0.000303,172.31.36.0-255,66,18589,17,217388
15734,0.000308,74.125.24.0-255,4320,22909,17,217388
15735,0.000319,172.31.36.0-255,66,22975,17,217388
15736,0.000323,74.125.24.0-255,1484,24459,17,217388
15737,0.000326,172.31.36.0-255,66,24525,17,217388
15738,0.000366,74.125.24.0-255,6797,31322,17,217388
15739,0.00037,172.31.36.0-255,66,31388,17,217388
15740,0.000376,74.125.24.0-255,7156,38544,17,217388
15741,0.000379,172.31.36.0-255,66,38610,17,217388
15742,0.000384,74.125.24.0-255,4320,42930,17,217388
15743,0.000387,172.31.36.0-255,66,42996,17,217388
15744,0.00043,172.31.36.0-255,66,43062,17,217388
15745,0.000431,74.125.24.0-255,7156,50218,17,217388
15746,0.000435,172.31.36.0-255,66,50284,17,217388
15747,0.000465,74.125.24.0-255,1484,51768,17,217388
15748,0.000469,172.31.36.0-255,66,51834,17,217388
15749,0.000475,74.125.24.0-255,2184,54018,17,217388
15750,0.000477,172.31.36.0-255,66,54084,17,217388
15751,0.000479,74.125.24.0-255,400,54484,17,217388
15752,0.000563,74.125.24.0-255,1484,55968,17,217388
15753,0.000567,172.31.36.0-255,66,56034,17,217388
15754,0.000579,74.125.24.0-255,2902,58936,17,217388
15755,0.000587,172.31.36.0-255,66,59002,17,217388
15756,0.000594,74.125.24.0-255,5738,64740,17,217388
15757,0.000596,172.31.36.0-255,66,64806,17,217388
15758,0.000599,74.125.24.0-255,1484,66290,17,217388
15759,0.000646,172.31.36.0-255,66,66356,17,217388
15760,0.00066,172.31.36.0-255,66,66422,17,217388
15761,0.000754,74.125.24.0-255,1484,67906,17,217388
15762,0.00076,74.125.24.0-255,2902,70808,17,217388
15763,0.000762,172.31.36.0-255,66,70874,17,217388
15764,0.000791,74.125.24.0-255,5738,76612,17,217388
15765,0.000794,172.31.36.0-255,66,76678,17,217388
15766,0.000797,74.125.24.0-255,1484,78162,17,217388
15767,0.000823,74.125.24.0-255,5738,83900,17,217388
15768,0.000826,172.31.36.0-255,66,83966,17,217388
15769,0.000838,172.31.36.0-255,66,84032,17,217388
15770,0.000842,74.125.24.0-255,2184,86216,17,217388
15771,0.000844,172.31.36.0-255,66,86282,17,217388
15772,0.000943,74.125.24.0-255,1484,87766,17,217388
15773,0.000958,74.125.24.0-255,2902,90668,17,217388
15774,0.000961,172.31.36.0-255,66,90734,17,217388
15775,0.000967,74.125.24.0-255,5738,96472,17,217388
15776,0.000969,172.31.36.0-255,66,96538,17,217388
15777,0.001005,172.31.36.0-255,66,96604,17,217388
15778,0.001015,172.31.36.0-255,66,96670,17,217388
15779,0.00107,74.125.24.0-255,2184,98854,17,217388
15780,0.001073,172.31.36.0-255,66,98920,17,217388
15781,0.001077,74.125.24.0-255,2902,101822,17,217388
15782,0.001082,172.31.36.0-255,66,101888,17,217388
15783,0.001083,74.125.24.0-255,7156,109044,17,217388
15784,0.001085,172.31.36.0-255,66,109110,17,217388
15785,0.001088,74.125.24.0-255,1484,110594,17,217388
15786,0.001123,172.31.36.0-255,66,110660,17,217388
15787,0.001132,74.125.24.0-255,7156,117816,17,217388
15788,0.001134,172.31.36.0-255,66,117882,17,217388
15789,0.001157,74.125.24.0-255,766,118648,17,217388
15790,0.001184,74.125.24.0-255,1484,120132,17,217388
15791,0.001187,172.31.36.0-255,66,120198,17,217388
15792,0.001192,74.125.24.0-255,2902,123100,17,217388
15793,0.001194,172.31.36.0-255,66,123166,17,217388
15794,0.001201,74.125.24.0-255,5738,128904,17,217388
15795,0.001204,172.31.36.0-255,66,128970,17,217388
15796,0.001213,172.31.36.0-255,66,129036,17,217388
15797,0.001251,74.125.24.0-255,4320,133356,17,217388
15798,0.001254,172.31.36.0-255,66,133422,17,217388
15799,0.001265,172.31.36.0-255,66,133488,17,217388
15800,0.001269,74.125.24.0-255,2184,135672,17,217388
15801,0.001272,74.125.24.0-255,2902,138574,17,217388
15802,0.001272,172.31.36.0-255,66,138640,17,217388
15803,0.001276,74.125.24.0-255,2902,141542,17,217388
15804,0.001276,172.31.36.0-255,66,141608,17,217388
15805,0.001279,172.31.36.0-255,66,141674,17,217388
15806,0.001302,74.125.24.0-255,4320,145994,17,217388
15807,0.001305,172.31.36.0-255,66,146060,17,217388
15808,0.001321,172.31.36.0-255,66,146126,17,217388
15809,0.001355,74.125.24.0-255,7156,153282,17,217388
15810,0.001358,172.31.36.0-255,66,153348,17,217388
15811,0.001368,172.31.36.0-255,66,153414,17,217388
15812,0.001372,74.125.24.0-255,1484,154898,17,217388
15813,0.001399,74.125.24.0-255,2902,157800,17,217388
15814,0.001403,172.31.36.0-255,66,157866,17,217388
15815,0.001408,74.125.24.0-255,5738,163604,17,217388
15816,0.00141,172.31.36.0-255,66,163670,17,217388
15817,0.001415,74.125.24.0-255,4320,167990,17,217388
15818,0.001418,172.31.36.0-255,66,168056,17,217388
15819,0.001461,172.31.36.0-255,66,168122,17,217388
15820,0.001497,172.31.36.0-255,66,168188,17,217388
15821,0.001532,172.31.36.0-255,66,168254,17,217388
15822,0.001538,74.125.24.0-255,5738,173992,17,217388
15823,0.00154,172.31.36.0-255,66,174058,17,217388
15824,0.001582,172.31.36.0-255,66,174124,17,217388
15825,0.001587,74.125.24.0-255,3602,177726,17,217388
15826,0.001589,172.31.36.0-255,66,177792,17,217388
15827,0.001683,74.125.24.0-255,1484,179276,17,217388
15828,0.001689,74.125.24.0-255,2902,182178,17,217388
15829,0.001693,172.31.36.0-255,66,182244,17,217388
15830,0.001698,74.125.24.0-255,2902,185146,17,217388
15831,0.0017,172.31.36.0-255,66,185212,17,217388
15832,0.001722,74.125.24.0-255,2902,188114,17,217388
15833,0.001726,172.31.36.0-255,66,188180,17,217388
15834,0.001738,172.31.36.0-255,66,188246,17,217388
15835,0.001816,172.31.36.0-255,66,188312,17,217388
15836,0.001971,74.125.24.0-255,1484,189796,17,217388
15837,0.001977,74.125.24.0-255,2902,192698,17,217388
15838,0.00198,172.31.36.0-255,66,192764,17,217388
15839,0.001985,74.125.24.0-255,2902,195666,17,217388
15840,0.001987,172.31.36.0-255,66,195732,17,217388
15841,0.002011,74.125.24.0-255,2902,198634,17,217388
15842,0.002015,172.31.36.0-255,66,198700,17,217388
15843,0.002021,74.125.24.0-255,5738,204438,17,217388
15844,0.002023,172.31.36.0-255,66,204504,17,217388
15845,0.002059,74.125.24.0-255,7156,211660,17,217388
15846,0.002063,172.31.36.0-255,66,211726,17,217388
15847,0.002075,172.31.36.0-255,66,211792,17,217388
15848,0.002087,172.31.36.0-255,66,211858,17,217388
15849,0.002089,74.125.24.0-255,742,212600,17,217388
15850,0.002124,74.125.24.0-255,105,212705,17,217388
15851,0.003556,172.31.36.0-255,66,212771,17,217388
15852,0.003583,172.31.36.0-255,105,212876,17,217388
15853,0.006124,74.125.24.0-255,66,212942,17,217388
15854,0.026291,172.31.36.0-255,172,213114,17,217388
15855,0.026319,172.31.36.0-255,1118,214232,17,217388
15856,0.026368,172.31.36.0-255,1514,215746,17,217388
15857,0.026369,172.31.36.0-255,1270,217016,17,217388
15858,0.027848,104.244.42.0-255,66,217082,17,217388
15859,0.027857,104.244.42.0-255,66,217148,17,217388
15860,0.027935,104.244.42.0-255,66,217214,17,217388
15861,0.029167,104.244.42.0-255,108,217322,17,217388
15862,0.029189,172.31.36.0-255,66,217388,17,217388
15863,0.0,172.217.194.0-255,153,153,17,333134
15864,3.4e-05,172.31.36.0-255,66,219,17,333134
15865,4.1e-05,172.217.194.0-255,1484,1703,17,333134
15866,4.5e-05,172.31.36.0-255,66,1769,17,333134
15867,5e-05,172.217.194.0-255,2902,4671,17,333134
15868,5.2e-05,172.31.36.0-255,66,4737,17,333134
15869,5.6e-05,172.217.194.0-255,1484,6221,17,333134
15870,5.8e-05,172.31.36.0-255,66,6287,17,333134
15871,0.0001,172.217.194.0-255,5738,12025,17,333134
15872,0.000103,172.31.36.0-255,66,12091,17,333134
15873,0.000107,172.217.194.0-255,1940,14031,17,333134
15874,0.000109,172.31.36.0-255,66,14097,17,333134
15875,0.000387,172.217.194.0-255,1484,15581,17,333134
15876,0.000392,172.31.36.0-255,66,15647,17,333134
15877,0.000408,172.217.194.0-255,2902,18549,17,333134
15878,0.000412,172.31.36.0-255,66,18615,17,333134
15879,0.000441,172.217.194.0-255,4320,22935,17,333134
15880,0.000445,172.31.36.0-255,66,23001,17,333134
15881,0.000476,172.217.194.0-255,5738,28739,17,333134
15882,0.00048,172.31.36.0-255,66,28805,17,333134
15883,0.000497,172.217.194.0-255,2543,31348,17,333134
15884,0.000502,172.31.36.0-255,66,31414,17,333134
15885,0.000544,172.217.194.0-255,1484,32898,17,333134
15886,0.000547,172.31.36.0-255,66,32964,17,333134
15887,0.000565,172.217.194.0-255,2902,35866,17,333134
15888,0.000568,172.31.36.0-255,66,35932,17,333134
15889,0.000582,172.217.194.0-255,1484,37416,17,333134
15890,0.000585,172.31.36.0-255,66,37482,17,333134
15891,0.00061,172.217.194.0-255,4320,41802,17,333134
15892,0.000613,172.31.36.0-255,66,41868,17,333134
15893,0.000638,172.217.194.0-255,6797,48665,17,333134
15894,0.000641,172.31.36.0-255,66,48731,17,333134
15895,0.001427,172.217.194.0-255,1484,50215,17,333134
15896,0.001447,172.217.194.0-255,2902,53117,17,333134
15897,0.001451,172.31.36.0-255,66,53183,17,333134
15898,0.001466,172.217.194.0-255,5738,58921,17,333134
15899,0.001468,172.31.36.0-255,66,58987,17,333134
15900,0.001493,172.217.194.0-255,6797,65784,17,333134
15901,0.001495,172.31.36.0-255,66,65850,17,333134
15902,0.001577,172.217.194.0-255,1484,67334,17,333134
15903,0.001592,172.217.194.0-255,2902,70236,17,333134
15904,0.001594,172.31.36.0-255,66,70302,17,333134
15905,0.001613,172.217.194.0-255,5738,76040,17,333134
15906,0.001615,172.31.36.0-255,66,76106,17,333134
15907,0.001633,172.217.194.0-255,4320,80426,17,333134
15908,0.001635,172.31.36.0-255,66,80492,17,333134
15909,0.001649,172.217.194.0-255,2543,83035,17,333134
15910,0.001651,172.31.36.0-255,66,83101,17,333134
15911,0.001668,172.217.194.0-255,646,83747,17,333134
15912,0.001707,172.217.194.0-255,1484,85231,17,333134
15913,0.001708,172.31.36.0-255,66,85297,17,333134
15914,0.001728,172.217.194.0-255,4320,89617,17,333134
15915,0.001731,172.31.36.0-255,66,89683,17,333134
15916,0.001751,172.217.194.0-255,5738,95421,17,333134
15917,0.001753,172.31.36.0-255,66,95487,17,333134
15918,0.001812,172.217.194.0-255,2902,98389,17,333134
15919,0.001815,172.31.36.0-255,66,98455,17,333134
15920,0.001827,172.217.194.0-255,2543,100998,17,333134
15921,0.001829,172.31.36.0-255,66,101064,17,333134
15922,0.002003,172.217.194.0-255,1484,102548,17,333134
15923,0.00203,172.217.194.0-255,1484,104032,17,333134
15924,0.002032,172.31.36.0-255,66,104098,17,333134
15925,0.002051,172.217.194.0-255,2902,107000,17,333134
15926,0.002053,172.31.36.0-255,66,107066,17,333134
15927,0.002066,172.217.194.0-255,5738,112804,17,333134
15928,0.002069,172.31.36.0-255,66,112870,17,333134
15929,0.002113,172.217.194.0-255,7156,120026,17,333134
15930,0.002115,172.31.36.0-255,66,120092,17,333134
15931,0.002132,172.217.194.0-255,4320,124412,17,333134
15932,0.002134,172.31.36.0-255,66,124478,17,333134
15933,0.002165,172.31.36.0-255,66,124544,17,333134
15934,0.002167,172.217.194.0-255,766,125310,17,333134
15935,0.002205,172.217.194.0-255,1484,126794,17,333134
15936,0.002208,172.31.36.0-255,66,126860,17,333134
15937,0.002212,172.217.194.0-255,2902,129762,17,333134
15938,0.002215,172.31.36.0-255,66,129828,17,333134
15939,0.002218,172.217.194.0-255,1484,131312,17,333134
15940,0.002232,172.217.194.0-255,4320,135632,17,333134
15941,0.002235,172.31.36.0-255,66,135698,17,333134
15942,0.002251,172.217.194.0-255,7156,142854,17,333134
15943,0.002254,172.31.36.0-255,66,142920,17,333134
15944,0.002276,172.217.194.0-255,5738,148658,17,333134
15945,0.002278,172.31.36.0-255,66,148724,17,333134
15946,0.002318,172.217.194.0-255,7156,155880,17,333134
15947,0.00232,172.31.36.0-255,66,155946,17,333134
15948,0.002338,172.217.194.0-255,3602,159548,17,333134
15949,0.002341,172.31.36.0-255,66,159614,17,333134
15950,0.002346,172.217.194.0-255,4320,163934,17,333134
15951,0.002348,172.31.36.0-255,66,164000,17,333134
15952,0.002364,172.217.194.0-255,7156,171156,17,333134
15953,0.002366,172.31.36.0-255,66,171222,17,333134
15954,0.002371,172.217.194.0-255,4320,175542,17,333134
15955,0.002372,172.31.36.0-255,66,175608,17,333134
15956,0.002386,172.217.194.0-255,4320,179928,17,333134
15957,0.002388,172.31.36.0-255,66,179994,17,333134
15958,0.00243,172.31.36.0-255,66,180060,17,333134
15959,0.002446,172.217.194.0-255,2184,182244,17,333134
15960,0.002448,172.31.36.0-255,66,182310,17,333134
15961,0.00504,172.217.194.0-255,5738,188048,17,333134
15962,0.005044,172.31.36.0-255,66,188114,17,333134
15963,0.007684,172.217.194.0-255,5738,193852,17,333134
15964,0.00769,172.31.36.0-255,66,193918,17,333134
15965,0.010295,172.217.194.0-255,5738,199656,17,333134
15966,0.010303,172.31.36.0-255,66,199722,17,333134
15967,0.012905,172.217.194.0-255,5738,205460,17,333134
15968,0.012913,172.31.36.0-255,66,205526,17,333134
15969,0.015518,172.217.194.0-255,5738,211264,17,333134
15970,0.01553,172.31.36.0-255,66,211330,17,333134
15971,0.01811,172.217.194.0-255,5738,217068,17,333134
15972,0.018118,172.31.36.0-255,66,217134,17,333134
15973,0.020726,172.217.194.0-255,5738,222872,17,333134
15974,0.020733,172.31.36.0-255,66,222938,17,333134
15975,0.023329,172.217.194.0-255,5738,228676,17,333134
15976,0.023336,172.31.36.0-255,66,228742,17,333134
15977,0.025922,172.217.194.0-255,5738,234480,17,333134
15978,0.02593,172.31.36.0-255,66,234546,17,333134
15979,0.028546,172.217.194.0-255,5738,240284,17,333134
15980,0.028568,172.31.36.0-255,66,240350,17,333134
15981,0.031189,172.217.194.0-255,5738,246088,17,333134
15982,0.031209,172.31.36.0-255,66,246154,17,333134
15983,0.033864,172.217.194.0-255,5738,251892,17,333134
15984,0.033899,172.31.36.0-255,66,251958,17,333134
15985,0.036494,172.217.194.0-255,5738,257696,17,333134
15986,0.036504,172.31.36.0-255,66,257762,17,333134
15987,0.037848,172.31.36.0-255,172,257934,17,333134
15988,0.037877,172.31.36.0-255,1117,259051,17,333134
15989,0.037933,172.31.36.0-255,1514,260565,17,333134
15990,0.037936,172.31.36.0-255,1271,261836,17,333134
15991,0.039134,172.217.194.0-255,5738,267574,17,333134
15992,0.03914,172.31.36.0-255,66,267640,17,333134
15993,0.039385,104.244.42.0-255,66,267706,17,333134
15994,0.039561,104.244.42.0-255,66,267772,17,333134
15995,0.03961,104.244.42.0-255,66,267838,17,333134
15996,0.041745,172.217.194.0-255,2902,270740,17,333134
15997,0.04175,172.31.36.0-255,66,270806,17,333134
15998,0.041839,172.217.194.0-255,2902,273708,17,333134
15999,0.041846,172.31.36.0-255,66,273774,17,333134
16000,0.044336,172.217.194.0-255,2902,276676,17,333134
16001,0.044341,172.31.36.0-255,66,276742,17,333134
16002,0.044421,172.217.194.0-255,2902,279644,17,333134
16003,0.044425,172.31.36.0-255,66,279710,17,333134
16004,0.046921,172.217.194.0-255,2902,282612,17,333134
16005,0.046926,172.31.36.0-255,66,282678,17,333134
16006,0.047019,172.217.194.0-255,2902,285580,17,333134
16007,0.047023,172.31.36.0-255,66,285646,17,333134
16008,0.049522,172.217.194.0-255,2902,288548,17,333134
16009,0.049527,172.31.36.0-255,66,288614,17,333134
16010,0.049627,172.217.194.0-255,2902,291516,17,333134
16011,0.049632,172.31.36.0-255,66,291582,17,333134
16012,0.052116,172.217.194.0-255,2902,294484,17,333134
16013,0.052122,172.31.36.0-255,66,294550,17,333134
16014,0.052235,172.217.194.0-255,2902,297452,17,333134
16015,0.052239,172.31.36.0-255,66,297518,17,333134
16016,0.054736,172.217.194.0-255,2902,300420,17,333134
16017,0.054741,172.31.36.0-255,66,300486,17,333134
16018,0.054834,172.217.194.0-255,2902,303388,17,333134
16019,0.05484,172.31.36.0-255,66,303454,17,333134
16020,0.057337,172.217.194.0-255,2902,306356,17,333134
16021,0.057343,172.31.36.0-255,66,306422,17,333134
16022,0.057461,172.217.194.0-255,2902,309324,17,333134
16023,0.057466,172.31.36.0-255,66,309390,17,333134
16024,0.05997,172.217.194.0-255,2902,312292,17,333134
16025,0.059976,172.31.36.0-255,66,312358,17,333134
16026,0.060049,172.217.194.0-255,2902,315260,17,333134
16027,0.060054,172.31.36.0-255,66,315326,17,333134
16028,0.062571,172.217.194.0-255,2902,318228,17,333134
16029,0.062577,172.31.36.0-255,66,318294,17,333134
16030,0.062626,172.217.194.0-255,2902,321196,17,333134
16031,0.06263,172.31.36.0-255,66,321262,17,333134
16032,0.065189,172.217.194.0-255,2902,324164,17,333134
16033,0.065194,172.31.36.0-255,66,324230,17,333134
16034,0.065244,172.217.194.0-255,2902,327132,17,333134
16035,0.065248,172.31.36.0-255,66,327198,17,333134
16036,0.067793,172.217.194.0-255,2902,330100,17,333134
16037,0.067798,172.31.36.0-255,66,330166,17,333134
16038,0.067837,172.217.194.0-255,2902,333068,17,333134
16039,0.06784,172.31.36.0-255,66,333134,17,333134
16040,0.0,74.125.200.0-255,146,146,17,310555
16041,2.9e-05,172.31.36.0-255,66,212,17,310555
16042,3.6e-05,74.125.200.0-255,1484,1696,17,310555
16043,4e-05,172.31.36.0-255,66,1762,17,310555
16044,4.4e-05,74.125.200.0-255,2902,4664,17,310555
16045,4.7e-05,172.31.36.0-255,66,4730,17,310555
16046,5.9e-05,74.125.200.0-255,4320,9050,17,310555
16047,6.3e-05,172.31.36.0-255,66,9116,17,310555
16048,9.4e-05,74.125.200.0-255,4838,13954,17,310555
16049,9.7e-05,172.31.36.0-255,66,14020,17,310555
16050,0.00016,74.125.200.0-255,1484,15504,17,310555
16051,0.000165,172.31.36.0-255,66,15570,17,310555
16052,0.000173,74.125.200.0-255,2902,18472,17,310555
16053,0.000175,172.31.36.0-255,66,18538,17,310555
16054,0.000186,74.125.200.0-255,4320,22858,17,310555
16055,0.000189,172.31.36.0-255,66,22924,17,310555
16056,0.000218,74.125.200.0-255,1484,24408,17,310555
16057,0.00022,172.31.36.0-255,66,24474,17,310555
16058,0.000226,74.125.200.0-255,2902,27376,17,310555
16059,0.000228,172.31.36.0-255,66,27442,17,310555
16060,0.000235,74.125.200.0-255,5738,33180,17,310555
16061,0.000237,172.31.36.0-255,66,33246,17,310555
16062,0.000273,74.125.200.0-255,5379,38625,17,310555
16063,0.000277,172.31.36.0-255,66,38691,17,310555
16064,0.000287,172.31.36.0-255,66,38757,17,310555
16065,0.000309,74.125.200.0-255,1125,39882,17,310555
16066,0.000311,172.31.36.0-255,66,39948,17,310555
16067,0.000341,74.125.200.0-255,5738,45686,17,310555
16068,0.000344,172.31.36.0-255,66,45752,17,310555
16069,0.000368,74.125.200.0-255,1484,47236,17,310555
16070,0.000372,172.31.36.0-255,66,47302,17,310555
16071,0.000382,172.31.36.0-255,66,47368,17,310555
16072,0.00039,74.125.200.0-255,1125,48493,17,310555
16073,0.000489,74.125.200.0-255,646,49139,17,310555
16074,0.000493,172.31.36.0-255,66,49205,17,310555
16075,0.000726,74.125.200.0-255,1484,50689,17,310555
16076,0.000732,74.125.200.0-255,2902,53591,17,310555
16077,0.000735,172.31.36.0-255,66,53657,17,310555
16078,0.000767,74.125.200.0-255,5738,59395,17,310555
16079,0.000771,172.31.36.0-255,66,59461,17,310555
16080,0.000807,74.125.200.0-255,6797,66258,17,310555
16081,0.000814,172.31.36.0-255,66,66324,17,310555
16082,0.000846,74.125.200.0-255,1484,67808,17,310555
16083,0.000852,74.125.200.0-255,2902,70710,17,310555
16084,0.000855,172.31.36.0-255,66,70776,17,310555
16085,0.000882,74.125.200.0-255,1484,72260,17,310555
16086,0.000904,74.125.200.0-255,4320,76580,17,310555
16087,0.000907,172.31.36.0-255,66,76646,17,310555
16088,0.00091,74.125.200.0-255,1484,78130,17,310555
16089,0.000948,74.125.200.0-255,5379,83509,17,310555
16090,0.000951,172.31.36.0-255,66,83575,17,310555
16091,0.00136,74.125.200.0-255,1484,85059,17,310555
16092,0.001369,74.125.200.0-255,2902,87961,17,310555
16093,0.001374,172.31.36.0-255,66,88027,17,310555
16094,0.00138,74.125.200.0-255,2902,90929,17,310555
16095,0.001382,172.31.36.0-255,66,90995,17,310555
16096,0.001414,74.125.200.0-255,2902,93897,17,310555
16097,0.001417,172.31.36.0-255,66,93963,17,310555
16098,0.001423,74.125.200.0-255,5738,99701,17,310555
16099,0.001424,172.31.36.0-255,66,99767,17,310555
16100,0.00143,74.125.200.0-255,7156,106923,17,310555
16101,0.001432,172.31.36.0-255,66,106989,17,310555
16102,0.001462,172.31.36.0-255,66,107055,17,310555
16103,0.001485,74.125.200.0-255,766,107821,17,310555
16104,0.002112,74.125.200.0-255,1484,109305,17,310555
16105,0.002117,172.31.36.0-255,66,109371,17,310555
16106,0.002122,74.125.200.0-255,2902,112273,17,310555
16107,0.002124,172.31.36.0-255,66,112339,17,310555
16108,0.002128,74.125.200.0-255,2902,115241,17,310555
16109,0.002129,172.31.36.0-255,66,115307,17,310555
16110,0.002156,74.125.200.0-255,2902,118209,17,310555
16111,0.002158,172.31.36.0-255,66,118275,17,310555
16112,0.002162,74.125.200.0-255,4320,122595,17,310555
16113,0.002163,172.31.36.0-255,66,122661,17,310555
16114,0.002192,172.31.36.0-255,66,122727,17,310555
16115,0.002223,74.125.200.0-255,4320,127047,17,310555
16116,0.002224,172.31.36.0-255,66,127113,17,310555
16117,0.00225,74.125.200.0-255,6438,133551,17,310555
16118,0.002252,172.31.36.0-255,66,133617,17,310555
16119,0.004537,74.125.200.0-255,2902,136519,17,310555
16120,0.004542,172.31.36.0-255,66,136585,17,310555
16121,0.00457,74.125.200.0-255,2902,139487,17,310555
16122,0.004573,172.31.36.0-255,66,139553,17,310555
16123,0.006818,74.125.200.0-255,2902,142455,17,310555
16124,0.006824,172.31.36.0-255,66,142521,17,310555
16125,0.006861,74.125.200.0-255,2902,145423,17,310555
16126,0.006864,172.31.36.0-255,66,145489,17,310555
16127,0.009122,74.125.200.0-255,2902,148391,17,310555
16128,0.009132,172.31.36.0-255,66,148457,17,310555
16129,0.00916,74.125.200.0-255,2902,151359,17,310555
16130,0.009164,172.31.36.0-255,66,151425,17,310555
16131,0.01142,74.125.200.0-255,2902,154327,17,310555
16132,0.011427,172.31.36.0-255,66,154393,17,310555
16133,0.011445,74.125.200.0-255,2902,157295,17,310555
16134,0.011447,172.31.36.0-255,66,157361,17,310555
16135,0.013711,74.125.200.0-255,5738,163099,17,310555
16136,0.013719,172.31.36.0-255,66,163165,17,310555
16137,0.015992,74.125.200.0-255,5738,168903,17,310555
16138,0.015999,172.31.36.0-255,66,168969,17,310555
16139,0.018295,74.125.200.0-255,5738,174707,17,310555
16140,0.018302,172.31.36.0-255,66,174773,17,310555
16141,0.020592,74.125.200.0-255,5738,180511,17,310555
16142,0.020599,172.31.36.0-255,66,180577,17,310555
16143,0.022877,74.125.200.0-255,5738,186315,17,310555
16144,0.022883,172.31.36.0-255,66,186381,17,310555
16145,0.024202,172.31.36.0-255,188,186569,17,310555
16146,0.02423,172.31.36.0-255,961,187530,17,310555
16147,0.024377,172.31.36.0-255,1514,189044,17,310555
16148,0.02438,172.31.36.0-255,1514,190558,17,310555
16149,0.024385,172.31.36.0-255,1514,192072,17,310555
16150,0.024386,172.31.36.0-255,1205,193277,17,310555
16151,0.025166,74.125.200.0-255,2902,196179,17,310555
16152,0.025172,172.31.36.0-255,66,196245,17,310555
16153,0.025208,74.125.200.0-255,2902,199147,17,310555
16154,0.025211,172.31.36.0-255,66,199213,17,310555
16155,0.025758,104.244.42.0-255,66,199279,17,310555
16156,0.025774,104.244.42.0-255,66,199345,17,310555
16157,0.025982,104.244.42.0-255,66,199411,17,310555
16158,0.025986,104.244.42.0-255,66,199477,17,310555
16159,0.026777,104.244.42.0-255,108,199585,17,310555
16160,0.026797,172.31.36.0-255,66,199651,17,310555
16161,0.027451,74.125.200.0-255,2902,202553,17,310555
16162,0.027455,172.31.36.0-255,66,202619,17,310555
16163,0.02749,74.125.200.0-255,2902,205521,17,310555
16164,0.027495,172.31.36.0-255,66,205587,17,310555
16165,0.029739,74.125.200.0-255,2902,208489,17,310555
16166,0.029745,172.31.36.0-255,66,208555,17,310555
16167,0.029787,74.125.200.0-255,2902,211457,17,310555
16168,0.029791,172.31.36.0-255,66,211523,17,310555
16169,0.032031,74.125.200.0-255,2902,214425,17,310555
16170,0.032036,172.31.36.0-255,66,214491,17,310555
16171,0.032075,74.125.200.0-255,2902,217393,17,310555
16172,0.032079,172.31.36.0-255,66,217459,17,310555
16173,0.034318,74.125.200.0-255,2902,220361,17,310555
16174,0.034322,172.31.36.0-255,66,220427,17,310555
16175,0.034355,74.125.200.0-255,2902,223329,17,310555
16176,0.034358,172.31.36.0-255,66,223395,17,310555
16177,0.036605,74.125.200.0-255,2902,226297,17,310555
16178,0.03661,172.31.36.0-255,66,226363,17,310555
16179,0.036643,74.125.200.0-255,2902,229265,17,310555
16180,0.036646,172.31.36.0-255,66,229331,17,310555
16181,0.038887,74.125.200.0-255,2902,232233,17,310555
16182,0.038892,172.31.36.0-255,66,232299,17,310555
16183,0.038942,74.125.200.0-255,2902,235201,17,310555
16184,0.038946,172.31.36.0-255,66,235267,17,310555
16185,0.041179,74.125.200.0-255,1484,236751,17,310555
16186,0.041208,74.125.200.0-255,1484,238235,17,310555
16187,0.041212,172.31.36.0-255,66,238301,17,310555
16188,0.041231,74.125.200.0-255,2902,241203,17,310555
16189,0.041235,172.31.36.0-255,66,241269,17,310555
16190,0.043494,74.125.200.0-255,4320,245589,17,310555
16191,0.0435,172.31.36.0-255,66,245655,17,310555
16192,0.043532,74.125.200.0-255,1484,247139,17,310555
16193,0.045785,74.125.200.0-255,4320,251459,17,310555
16194,0.045791,172.31.36.0-255,66,251525,17,310555
16195,0.04807,74.125.200.0-255,5738,257263,17,310555
16196,0.048076,172.31.36.0-255,66,257329,17,310555
16197,0.050348,74.125.200.0-255,1484,258813,17,310555
16198,0.050388,74.125.200.0-255,4320,263133,17,310555
16199,0.050392,172.31.36.0-255,66,263199,17,310555
16200,0.05267,74.125.200.0-255,5738,268937,17,310555
16201,0.052675,172.31.36.0-255,66,269003,17,310555
16202,0.054947,74.125.200.0-255,2902,271905,17,310555
16203,0.054952,172.31.36.0-255,66,271971,17,310555
16204,0.054985,74.125.200.0-255,2902,274873,17,310555
16205,0.054988,172.31.36.0-255,66,274939,17,310555
16206,0.057228,74.125.200.0-255,2902,277841,17,310555
16207,0.057234,172.31.36.0-255,66,277907,17,310555
16208,0.057269,74.125.200.0-255,2902,280809,17,310555
16209,0.057272,172.31.36.0-255,66,280875,17,310555
16210,0.05951,74.125.200.0-255,2902,283777,17,310555
16211,0.059515,172.31.36.0-255,66,283843,17,310555
16212,0.059554,74.125.200.0-255,2902,286745,17,310555
16213,0.059557,172.31.36.0-255,66,286811,17,310555
16214,0.061791,74.125.200.0-255,2902,289713,17,310555
16215,0.061798,172.31.36.0-255,66,289779,17,310555
16216,0.061833,74.125.200.0-255,2902,292681,17,310555
16217,0.061836,172.31.36.0-255,66,292747,17,310555
16218,0.06408,74.125.200.0-255,2902,295649,17,310555
16219,0.064085,172.31.36.0-255,66,295715,17,310555
16220,0.064118,74.125.200.0-255,2902,298617,17,310555
16221,0.064121,172.31.36.0-255,66,298683,17,310555
16222,0.066362,74.125.200.0-255,2902,301585,17,310555
16223,0.066367,172.31.36.0-255,66,301651,17,310555
16224,0.066405,74.125.200.0-255,2902,304553,17,310555
16225,0.066408,172.31.36.0-255,66,304619,17,310555
16226,0.06864,74.125.200.0-255,2902,307521,17,310555
16227,0.068645,172.31.36.0-255,66,307587,17,310555
16228,0.068678,74.125.200.0-255,2902,310489,17,310555
16229,0.068681,172.31.36.0-255,66,310555,17,310555
16230,0.0,172.217.194.0-255,297,297,17,178275
16231,3.2e-05,172.31.36.0-255,66,363,17,178275
16232,3.9e-05,172.217.194.0-255,1484,1847,17,178275
16233,4.2e-05,172.31.36.0-255,66,1913,17,178275
16234,4.8e-05,172.217.194.0-255,4320,6233,17,178275
16235,5e-05,172.31.36.0-255,66,6299,17,178275
16236,5.6e-05,172.217.194.0-255,4320,10619,17,178275
16237,5.9e-05,172.31.36.0-255,66,10685,17,178275
16238,8.8e-05,172.217.194.0-255,4684,15369,17,178275
16239,9.2e-05,172.31.36.0-255,66,15435,17,178275
16240,0.000103,172.31.36.0-255,66,15501,17,178275
16241,0.000118,172.217.194.0-255,1484,16985,17,178275
16242,0.000121,172.31.36.0-255,66,17051,17,178275
16243,0.000129,172.217.194.0-255,5379,22430,17,178275
16244,0.000131,172.31.36.0-255,66,22496,17,178275
16245,0.000155,172.217.194.0-255,5738,28234,17,178275
16246,0.000157,172.31.36.0-255,66,28300,17,178275
16247,0.00016,172.217.194.0-255,1484,29784,17,178275
16248,0.000162,172.31.36.0-255,66,29850,17,178275
16249,0.000167,172.217.194.0-255,4320,34170,17,178275
16250,0.000169,172.31.36.0-255,66,34236,17,178275
16251,0.000195,172.217.194.0-255,4320,38556,17,178275
16252,0.000199,172.31.36.0-255,66,38622,17,178275
16253,0.000202,172.217.194.0-255,1125,39747,17,178275
16254,0.000203,172.31.36.0-255,66,39813,17,178275
16255,0.000207,172.217.194.0-255,1484,41297,17,178275
16256,0.000209,172.31.36.0-255,66,41363,17,178275
16257,0.000215,172.217.194.0-255,4320,45683,17,178275
16258,0.000217,172.31.36.0-255,66,45749,17,178275
16259,0.00023,172.217.194.0-255,2902,48651,17,178275
16260,0.000233,172.31.36.0-255,66,48717,17,178275
16261,0.000254,172.217.194.0-255,7156,55873,17,178275
16262,0.00027,172.31.36.0-255,66,55939,17,178275
16263,0.000275,172.217.194.0-255,1437,57376,17,178275
16264,0.00033,172.217.194.0-255,395,57771,17,178275
16265,0.000336,172.31.36.0-255,66,57837,17,178275
16266,0.000441,172.217.194.0-255,1484,59321,17,178275
16267,0.000446,172.217.194.0-255,2902,62223,17,178275
16268,0.000452,172.31.36.0-255,66,62289,17,178275
16269,0.000474,172.217.194.0-255,5738,68027,17,178275
16270,0.000476,172.217.194.0-255,1484,69511,17,178275
16271,0.000478,172.31.36.0-255,66,69577,17,178275
16272,0.000512,172.217.194.0-255,2902,72479,17,178275
16273,0.000513,172.31.36.0-255,66,72545,17,178275
16274,0.000526,172.31.36.0-255,66,72611,17,178275
16275,0.000554,172.31.36.0-255,66,72677,17,178275
16276,0.000586,172.217.194.0-255,1484,74161,17,178275
16277,0.000591,172.217.194.0-255,2902,77063,17,178275
16278,0.000595,172.217.194.0-255,5738,82801,17,178275
16279,0.000606,172.31.36.0-255,66,82867,17,178275
16280,0.000639,172.31.36.0-255,66,82933,17,178275
16281,0.000663,172.31.36.0-255,66,82999,17,178275
16282,0.001226,172.217.194.0-255,1484,84483,17,178275
16283,0.001232,172.217.194.0-255,2902,87385,17,178275
16284,0.001237,172.31.36.0-255,66,87451,17,178275
16285,0.001248,172.217.194.0-255,2902,90353,17,178275
16286,0.001255,172.31.36.0-255,66,90419,17,178275
16287,0.001262,172.217.194.0-255,2902,93321,17,178275
16288,0.001271,172.31.36.0-255,66,93387,17,178275
16289,0.001275,172.217.194.0-255,1484,94871,17,178275
16290,0.001307,172.31.36.0-255,66,94937,17,178275
16291,0.001318,172.217.194.0-255,2902,97839,17,178275
16292,0.001321,172.31.36.0-255,66,97905,17,178275
16293,0.001348,172.31.36.0-255,66,97971,17,178275
16294,0.001756,172.217.194.0-255,1484,99455,17,178275
16295,0.001765,172.217.194.0-255,2902,102357,17,178275
16296,0.001769,172.31.36.0-255,66,102423,17,178275
16297,0.001775,172.217.194.0-255,4320,106743,17,178275
16298,0.00179,172.217.194.0-255,1484,108227,17,178275
16299,0.001797,172.217.194.0-255,7156,115383,17,178275
16300,0.001819,172.217.194.0-255,5738,121121,17,178275
16301,0.001832,172.217.194.0-255,4320,125441,17,178275
16302,0.001848,172.217.194.0-255,6438,131879,17,178275
16303,0.001885,172.217.194.0-255,1484,133363,17,178275
16304,0.0019,172.217.194.0-255,2902,136265,17,178275
16305,0.001922,172.217.194.0-255,5738,142003,17,178275
16306,0.001948,172.217.194.0-255,2902,144905,17,178275
16307,0.002026,172.217.194.0-255,7156,152061,17,178275
16308,0.002046,172.217.194.0-255,2902,154963,17,178275
16309,0.002062,172.217.194.0-255,7156,162119,17,178275
16310,0.002142,172.217.194.0-255,5738,167857,17,178275
16311,0.002257,172.217.194.0-255,4320,172177,17,178275
16312,0.002317,172.217.194.0-255,1484,173661,17,178275
16313,0.002362,172.217.194.0-255,105,173766,17,178275
16314,0.007175,172.31.36.0-255,66,173832,17,178275
16315,0.009103,172.31.36.0-255,105,173937,17,178275
16316,0.011628,172.217.194.0-255,66,174003,17,178275
16317,0.031628,172.31.36.0-255,172,174175,17,178275
16318,0.031659,172.31.36.0-255,1117,175292,17,178275
16319,0.031697,172.31.36.0-255,1514,176806,17,178275
16320,0.031699,172.31.36.0-255,1271,178077,17,178275
16321,0.033193,104.244.42.0-255,66,178143,17,178275
16322,0.033201,104.244.42.0-255,66,178209,17,178275
16323,0.033234,104.244.42.0-255,66,178275,17,178275
16324,0.0,172.217.26.0-255,212,212,17,294154
16325,2.6e-05,172.31.36.0-255,66,278,17,294154
16326,3.2e-05,172.217.26.0-255,1484,1762,17,294154
16327,3.6e-05,172.31.36.0-255,66,1828,17,294154
16328,4.1e-05,172.217.26.0-255,4320,6148,17,294154
16329,4.4e-05,172.31.36.0-255,66,6214,17,294154
16330,4.9e-05,172.217.26.0-255,4320,10534,17,294154
16331,5.1e-05,172.31.36.0-255,66,10600,17,294154
16332,7.9e-05,172.217.26.0-255,4711,15311,17,294154
16333,8.1e-05,172.31.36.0-255,66,15377,17,294154
16334,9.1e-05,172.31.36.0-255,66,15443,17,294154
16335,0.000124,172.217.26.0-255,6797,22240,17,294154
16336,0.000126,172.31.36.0-255,66,22306,17,294154
16337,0.000164,172.217.26.0-255,7156,29462,17,294154
16338,0.000167,172.31.36.0-255,66,29528,17,294154
16339,0.000171,172.217.26.0-255,2902,32430,17,294154
16340,0.000173,172.31.36.0-255,66,32496,17,294154
16341,0.000187,172.217.26.0-255,1484,33980,17,294154
16342,0.000189,172.31.36.0-255,66,34046,17,294154
16343,0.000195,172.217.26.0-255,5379,39425,17,294154
16344,0.000197,172.31.36.0-255,66,39491,17,294154
16345,0.001014,172.217.26.0-255,1484,40975,17,294154
16346,0.001019,172.31.36.0-255,66,41041,17,294154
16347,0.001027,172.217.26.0-255,2902,43943,17,294154
16348,0.001029,172.31.36.0-255,66,44009,17,294154
16349,0.001032,172.217.26.0-255,1484,45493,17,294154
16350,0.001033,172.31.36.0-255,66,45559,17,294154
16351,0.001053,172.217.26.0-255,4320,49879,17,294154
16352,0.001055,172.31.36.0-255,66,49945,17,294154
16353,0.001059,172.217.26.0-255,2902,52847,17,294154
16354,0.00106,172.31.36.0-255,66,52913,17,294154
16355,0.001071,172.217.26.0-255,1484,54397,17,294154
16356,0.001098,172.31.36.0-255,66,54463,17,294154
16357,0.001105,172.217.26.0-255,7156,61619,17,294154
16358,0.001107,172.31.36.0-255,66,61685,17,294154
16359,0.001119,172.217.26.0-255,3125,64810,17,294154
16360,0.001121,172.31.36.0-255,66,64876,17,294154
16361,0.001249,172.217.26.0-255,1484,66360,17,294154
16362,0.001268,172.217.26.0-255,2902,69262,17,294154
16363,0.001271,172.31.36.0-255,66,69328,17,294154
16364,0.001277,172.217.26.0-255,4320,73648,17,294154
16365,0.001279,172.31.36.0-255,66,73714,17,294154
16366,0.001291,172.217.26.0-255,1484,75198,17,294154
16367,0.001303,172.217.26.0-255,1484,76682,17,294154
16368,0.001305,172.31.36.0-255,66,76748,17,294154
16369,0.001321,172.217.26.0-255,5379,82127,17,294154
16370,0.001324,172.31.36.0-255,66,82193,17,294154
16371,0.001345,172.217.26.0-255,1484,83677,17,294154
16372,0.001359,172.217.26.0-255,2902,86579,17,294154
16373,0.001362,172.31.36.0-255,66,86645,17,294154
16374,0.001367,172.217.26.0-255,2902,89547,17,294154
16375,0.001369,172.31.36.0-255,66,89613,17,294154
16376,0.001383,172.217.26.0-255,2902,92515,17,294154
16377,0.001386,172.31.36.0-255,66,92581,17,294154
16378,0.001404,172.217.26.0-255,1484,94065,17,294154
16379,0.00142,172.217.26.0-255,4713,98778,17,294154
16380,0.001423,172.31.36.0-255,66,98844,17,294154
16381,0.001748,172.217.26.0-255,198,99042,17,294154
16382,0.003376,172.217.26.0-255,1484,100526,17,294154
16383,0.003379,172.31.36.0-255,66,100592,17,294154
16384,0.003399,172.217.26.0-255,2902,103494,17,294154
16385,0.003403,172.31.36.0-255,66,103560,17,294154
16386,0.005355,172.217.26.0-255,2902,106462,17,294154
16387,0.005364,172.31.36.0-255,66,106528,17,294154
16388,0.005369,172.217.26.0-255,2902,109430,17,294154
16389,0.005372,172.31.36.0-255,66,109496,17,294154
16390,0.00737,172.217.26.0-255,5738,115234,17,294154
16391,0.007375,172.31.36.0-255,66,115300,17,294154
16392,0.009348,172.217.26.0-255,5738,121038,17,294154
16393,0.009355,172.31.36.0-255,66,121104,17,294154
16394,0.011326,172.217.26.0-255,5738,126842,17,294154
16395,0.011333,172.31.36.0-255,66,126908,17,294154
16396,0.013313,172.217.26.0-255,5738,132646,17,294154
16397,0.013323,172.31.36.0-255,66,132712,17,294154
16398,0.015303,172.217.26.0-255,5738,138450,17,294154
16399,0.015311,172.31.36.0-255,66,138516,17,294154
16400,0.017297,172.217.26.0-255,5738,144254,17,294154
16401,0.017305,172.31.36.0-255,66,144320,17,294154
16402,0.019285,172.217.26.0-255,5738,150058,17,294154
16403,0.019293,172.31.36.0-255,66,150124,17,294154
16404,0.021286,172.217.26.0-255,5738,155862,17,294154
16405,0.021293,172.31.36.0-255,66,155928,17,294154
16406,0.023269,172.217.26.0-255,5738,161666,17,294154
16407,0.023277,172.31.36.0-255,66,161732,17,294154
16408,0.025241,172.217.26.0-255,4320,166052,17,294154
16409,0.025247,172.31.36.0-255,66,166118,17,294154
16410,0.02528,172.217.26.0-255,1484,167602,17,294154
16411,0.027219,172.217.26.0-255,4320,171922,17,294154
16412,0.027225,172.31.36.0-255,66,171988,17,294154
16413,0.028435,172.31.36.0-255,172,172160,17,294154
16414,0.028469,172.31.36.0-255,1116,173276,17,294154
16415,0.028511,172.31.36.0-255,1514,174790,17,294154
16416,0.028512,172.31.36.0-255,1272,176062,17,294154
16417,0.029202,172.217.26.0-255,5738,181800,17,294154
16418,0.029209,172.31.36.0-255,66,181866,17,294154
16419,0.029971,104.244.42.0-255,66,181932,17,294154
16420,0.030009,104.244.42.0-255,66,181998,17,294154
16421,0.030055,104.244.42.0-255,66,182064,17,294154
16422,0.031176,172.217.26.0-255,4320,186384,17,294154
16423,0.03118,172.31.36.0-255,66,186450,17,294154
16424,0.031213,172.217.26.0-255,1484,187934,17,294154
16425,0.033167,172.217.26.0-255,4320,192254,17,294154
16426,0.033173,172.31.36.0-255,66,192320,17,294154
16427,0.035149,172.217.26.0-255,5738,198058,17,294154
16428,0.035156,172.31.36.0-255,66,198124,17,294154
16429,0.037123,172.217.26.0-255,5738,203862,17,294154
16430,0.03713,172.31.36.0-255,66,203928,17,294154
16431,0.039101,172.217.26.0-255,5738,209666,17,294154
16432,0.039107,172.31.36.0-255,66,209732,17,294154
16433,0.041081,172.217.26.0-255,5738,215470,17,294154
16434,0.041087,172.31.36.0-255,66,215536,17,294154
16435,0.043049,172.217.26.0-255,5738,221274,17,294154
16436,0.043054,172.31.36.0-255,66,221340,17,294154
16437,0.045012,172.217.26.0-255,1484,222824,17,294154
16438,0.045047,172.217.26.0-255,4320,227144,17,294154
16439,0.045052,172.31.36.0-255,66,227210,17,294154
16440,0.047026,172.217.26.0-255,5738,232948,17,294154
16441,0.047031,172.31.36.0-255,66,233014,17,294154
16442,0.049015,172.217.26.0-255,5738,238752,17,294154
16443,0.049021,172.31.36.0-255,66,238818,17,294154
16444,0.051025,172.217.26.0-255,5738,244556,17,294154
16445,0.05103,172.31.36.0-255,66,244622,17,294154
16446,0.052998,172.217.26.0-255,5738,250360,17,294154
16447,0.053003,172.31.36.0-255,66,250426,17,294154
16448,0.054977,172.217.26.0-255,5738,256164,17,294154
16449,0.054983,172.31.36.0-255,66,256230,17,294154
16450,0.056953,172.217.26.0-255,4320,260550,17,294154
16451,0.056958,172.31.36.0-255,66,260616,17,294154
16452,0.056985,172.217.26.0-255,1484,262100,17,294154
16453,0.058936,172.217.26.0-255,4320,266420,17,294154
16454,0.058942,172.31.36.0-255,66,266486,17,294154
16455,0.060904,172.217.26.0-255,5738,272224,17,294154
16456,0.060908,172.31.36.0-255,66,272290,17,294154
16457,0.062877,172.217.26.0-255,5738,278028,17,294154
16458,0.062882,172.31.36.0-255,66,278094,17,294154
16459,0.064842,172.217.26.0-255,4320,282414,17,294154
16460,0.064848,172.31.36.0-255,66,282480,17,294154
16461,0.064874,172.217.26.0-255,1484,283964,17,294154
16462,0.066829,172.217.26.0-255,4320,288284,17,294154
16463,0.066834,172.31.36.0-255,66,288350,17,294154
16464,0.068802,172.217.26.0-255,5738,294088,17,294154
16465,0.068808,172.31.36.0-255,66,294154,17,294154
16466,0.0,74.125.200.0-255,153,153,17,327823
16467,2.4e-05,172.31.36.0-255,66,219,17,327823
16468,3.2e-05,74.125.200.0-255,1484,1703,17,327823
16469,3.6e-05,172.31.36.0-255,66,1769,17,327823
16470,4.2e-05,74.125.200.0-255,2902,4671,17,327823
16471,4.5e-05,172.31.36.0-255,66,4737,17,327823
16472,4.9e-05,74.125.200.0-255,1484,6221,17,327823
16473,5.2e-05,172.31.36.0-255,66,6287,17,327823
16474,7.8e-05,74.125.200.0-255,5738,12025,17,327823
16475,8.2e-05,172.31.36.0-255,66,12091,17,327823
16476,8.5e-05,74.125.200.0-255,1484,13575,17,327823
16477,8.7e-05,172.31.36.0-255,66,13641,17,327823
16478,0.000113,74.125.200.0-255,6311,19952,17,327823
16479,0.000115,172.31.36.0-255,66,20018,17,327823
16480,0.000121,74.125.200.0-255,4320,24338,17,327823
16481,0.000123,172.31.36.0-255,66,24404,17,327823
16482,0.000129,74.125.200.0-255,5738,30142,17,327823
16483,0.000132,172.31.36.0-255,66,30208,17,327823
16484,0.000171,74.125.200.0-255,1125,31333,17,327823
16485,0.000174,172.31.36.0-255,66,31399,17,327823
16486,0.000242,74.125.200.0-255,1484,32883,17,327823
16487,0.000244,172.31.36.0-255,66,32949,17,327823
16488,0.000256,74.125.200.0-255,1484,34433,17,327823
16489,0.000258,172.31.36.0-255,66,34499,17,327823
16490,0.000283,74.125.200.0-255,1484,35983,17,327823
16491,0.000285,172.31.36.0-255,66,36049,17,327823
16492,0.000291,74.125.200.0-255,4320,40369,17,327823
16493,0.000294,172.31.36.0-255,66,40435,17,327823
16494,0.000298,74.125.200.0-255,2902,43337,17,327823
16495,0.000301,172.31.36.0-255,66,43403,17,327823
16496,0.000316,74.125.200.0-255,5738,49141,17,327823
16497,0.000319,172.31.36.0-255,66,49207,17,327823
16498,0.000324,74.125.200.0-255,2902,52109,17,327823
16499,0.000326,172.31.36.0-255,66,52175,17,327823
16500,0.000354,74.125.200.0-255,5738,57913,17,327823
16501,0.000357,172.31.36.0-255,66,57979,17,327823
16502,0.00036,74.125.200.0-255,1484,59463,17,327823
16503,0.000381,74.125.200.0-255,6733,66196,17,327823
16504,0.000384,172.31.36.0-255,66,66262,17,327823
16505,0.000408,74.125.200.0-255,413,66675,17,327823
16506,0.000655,74.125.200.0-255,1484,68159,17,327823
16507,0.000658,172.31.36.0-255,66,68225,17,327823
16508,0.000687,74.125.200.0-255,2902,71127,17,327823
16509,0.00069,172.31.36.0-255,66,71193,17,327823
16510,0.000713,74.125.200.0-255,5738,76931,17,327823
16511,0.000716,172.31.36.0-255,66,76997,17,327823
16512,0.000719,74.125.200.0-255,1484,78481,17,327823
16513,0.000746,74.125.200.0-255,2902,81383,17,327823
16514,0.000749,172.31.36.0-255,66,81449,17,327823
16515,0.000757,74.125.200.0-255,5738,87187,17,327823
16516,0.000759,172.31.36.0-255,66,87253,17,327823
16517,0.000797,74.125.200.0-255,2902,90155,17,327823
16518,0.000799,172.31.36.0-255,66,90221,17,327823
16519,0.000805,74.125.200.0-255,4320,94541,17,327823
16520,0.000808,172.31.36.0-255,66,94607,17,327823
16521,0.000813,74.125.200.0-255,4320,98927,17,327823
16522,0.000816,172.31.36.0-255,66,98993,17,327823
16523,0.000834,74.125.200.0-255,2184,101177,17,327823
16524,0.000836,172.31.36.0-255,66,101243,17,327823
16525,0.001581,74.125.200.0-255,1484,102727,17,327823
16526,0.001589,74.125.200.0-255,2902,105629,17,327823
16527,0.001593,172.31.36.0-255,66,105695,17,327823
16528,0.001601,74.125.200.0-255,5738,111433,17,327823
16529,0.001603,172.31.36.0-255,66,111499,17,327823
16530,0.00161,74.125.200.0-255,7156,118655,17,327823
16531,0.001612,172.31.36.0-255,66,118721,17,327823
16532,0.001615,74.125.200.0-255,1484,120205,17,327823
16533,0.001651,172.31.36.0-255,66,120271,17,327823
16534,0.001672,74.125.200.0-255,2184,122455,17,327823
16535,0.001674,172.31.36.0-255,66,122521,17,327823
16536,0.002036,74.125.200.0-255,1484,124005,17,327823
16537,0.002045,74.125.200.0-255,2902,126907,17,327823
16538,0.002049,172.31.36.0-255,66,126973,17,327823
16539,0.002055,74.125.200.0-255,2902,129875,17,327823
16540,0.002058,172.31.36.0-255,66,129941,17,327823
16541,0.002063,74.125.200.0-255,4320,134261,17,327823
16542,0.002066,172.31.36.0-255,66,134327,17,327823
16543,0.002106,172.31.36.0-255,66,134393,17,327823
16544,0.002112,74.125.200.0-255,2902,137295,17,327823
16545,0.002114,172.31.36.0-255,66,137361,17,327823
16546,0.002179,172.31.36.0-255,66,137427,17,327823
16547,0.002206,74.125.200.0-255,1484,138911,17,327823
16548,0.002233,74.125.200.0-255,2902,141813,17,327823
16549,0.002237,172.31.36.0-255,66,141879,17,327823
16550,0.002271,74.125.200.0-255,4320,146199,17,327823
16551,0.002275,172.31.36.0-255,66,146265,17,327823
16552,0.002294,74.125.200.0-255,1484,147749,17,327823
16553,0.0023,74.125.200.0-255,4320,152069,17,327823
16554,0.002303,172.31.36.0-255,66,152135,17,327823
16555,0.004521,74.125.200.0-255,5738,157873,17,327823
16556,0.00453,172.31.36.0-255,66,157939,17,327823
16557,0.006755,74.125.200.0-255,5738,163677,17,327823
16558,0.006762,172.31.36.0-255,66,163743,17,327823
16559,0.008986,74.125.200.0-255,5738,169481,17,327823
16560,0.008991,172.31.36.0-255,66,169547,17,327823
16561,0.011202,74.125.200.0-255,4320,173867,17,327823
16562,0.011209,172.31.36.0-255,66,173933,17,327823
16563,0.01123,74.125.200.0-255,1484,175417,17,327823
16564,0.013437,74.125.200.0-255,4320,179737,17,327823
16565,0.013447,172.31.36.0-255,66,179803,17,327823
16566,0.01566,74.125.200.0-255,5738,185541,17,327823
16567,0.015665,172.31.36.0-255,66,185607,17,327823
16568,0.017899,74.125.200.0-255,5738,191345,17,327823
16569,0.017909,172.31.36.0-255,66,191411,17,327823
16570,0.020141,74.125.200.0-255,5738,197149,17,327823
16571,0.020149,172.31.36.0-255,66,197215,17,327823
16572,0.022371,74.125.200.0-255,5738,202953,17,327823
16573,0.022379,172.31.36.0-255,66,203019,17,327823
16574,0.024593,74.125.200.0-255,4320,207339,17,327823
16575,0.024601,172.31.36.0-255,66,207405,17,327823
16576,0.024621,74.125.200.0-255,1484,208889,17,327823
16577,0.026814,74.125.200.0-255,4320,213209,17,327823
16578,0.026823,172.31.36.0-255,66,213275,17,327823
16579,0.029033,74.125.200.0-255,5738,219013,17,327823
16580,0.029041,172.31.36.0-255,66,219079,17,327823
16581,0.031262,74.125.200.0-255,5738,224817,17,327823
16582,0.03127,172.31.36.0-255,66,224883,17,327823
16583,0.033486,74.125.200.0-255,5738,230621,17,327823
16584,0.033493,172.31.36.0-255,66,230687,17,327823
16585,0.035731,74.125.200.0-255,5738,236425,17,327823
16586,0.035742,172.31.36.0-255,66,236491,17,327823
16587,0.037983,74.125.200.0-255,5738,242229,17,327823
16588,0.03799,172.31.36.0-255,66,242295,17,327823
16589,0.038096,172.31.36.0-255,172,242467,17,327823
16590,0.038125,172.31.36.0-255,1118,243585,17,327823
16591,0.038246,172.31.36.0-255,1514,245099,17,327823
16592,0.038248,172.31.36.0-255,1270,246369,17,327823
16593,0.039673,104.244.42.0-255,66,246435,17,327823
16594,0.039701,104.244.42.0-255,66,246501,17,327823
16595,0.039806,104.244.42.0-255,66,246567,17,327823
16596,0.040216,74.125.200.0-255,5738,252305,17,327823
16597,0.040222,172.31.36.0-255,66,252371,17,327823
16598,0.042487,74.125.200.0-255,5738,258109,17,327823
16599,0.042494,172.31.36.0-255,66,258175,17,327823
16600,0.04472,74.125.200.0-255,5738,263913,17,327823
16601,0.044727,172.31.36.0-255,66,263979,17,327823
16602,0.046942,74.125.200.0-255,5738,269717,17,327823
16603,0.046949,172.31.36.0-255,66,269783,17,327823
16604,0.049158,74.125.200.0-255,5738,275521,17,327823
16605,0.049165,172.31.36.0-255,66,275587,17,327823
16606,0.051381,74.125.200.0-255,5738,281325,17,327823
16607,0.051388,172.31.36.0-255,66,281391,17,327823
16608,0.053621,74.125.200.0-255,5738,287129,17,327823
16609,0.053633,172.31.36.0-255,66,287195,17,327823
16610,0.055865,74.125.200.0-255,5738,292933,17,327823
16611,0.055872,172.31.36.0-255,66,292999,17,327823
16612,0.058089,74.125.200.0-255,5738,298737,17,327823
16613,0.058097,172.31.36.0-255,66,298803,17,327823
16614,0.06033,74.125.200.0-255,5738,304541,17,327823
16615,0.060336,172.31.36.0-255,66,304607,17,327823
16616,0.062607,74.125.200.0-255,5738,310345,17,327823
16617,0.062617,172.31.36.0-255,66,310411,17,327823
16618,0.064883,74.125.200.0-255,5738,316149,17,327823
16619,0.06489,172.31.36.0-255,66,316215,17,327823
16620,0.067102,74.125.200.0-255,5738,321953,17,327823
16621,0.067109,172.31.36.0-255,66,322019,17,327823
16622,0.069356,74.125.200.0-255,5738,327757,17,327823
16623,0.069368,172.31.36.0-255,66,327823,17,327823
16624,0.0,172.217.194.0-255,152,152,17,258216
16625,1.3e-05,172.31.36.0-255,66,218,17,258216
16626,2e-05,172.217.194.0-255,1484,1702,17,258216
16627,2.5e-05,172.31.36.0-255,66,1768,17,258216
16628,3.1e-05,172.217.194.0-255,2902,4670,17,258216
16629,3.3e-05,172.31.36.0-255,66,4736,17,258216
16630,4.2e-05,172.217.194.0-255,7156,11892,17,258216
16631,4.4e-05,172.31.36.0-255,66,11958,17,258216
16632,6.8e-05,172.217.194.0-255,2075,14033,17,258216
16633,7e-05,172.31.36.0-255,66,14099,17,258216
16634,8.7e-05,172.217.194.0-255,1484,15583,17,258216
16635,8.9e-05,172.31.36.0-255,66,15649,17,258216
16636,0.000112,172.217.194.0-255,1484,17133,17,258216
16637,0.000115,172.31.36.0-255,66,17199,17,258216
16638,0.000123,172.217.194.0-255,7156,24355,17,258216
16639,0.000125,172.31.36.0-255,66,24421,17,258216
16640,0.000132,172.217.194.0-255,5738,30159,17,258216
16641,0.000134,172.31.36.0-255,66,30225,17,258216
16642,0.000157,172.217.194.0-255,1125,31350,17,258216
16643,0.000159,172.31.36.0-255,66,31416,17,258216
16644,0.000166,172.217.194.0-255,7156,38572,17,258216
16645,0.000169,172.31.36.0-255,66,38638,17,258216
16646,0.000173,172.217.194.0-255,1484,40122,17,258216
16647,0.000175,172.31.36.0-255,66,40188,17,258216
16648,0.000191,172.217.194.0-255,7156,47344,17,258216
16649,0.000194,172.31.36.0-255,66,47410,17,258216
16650,0.000197,172.217.194.0-255,1125,48535,17,258216
16651,0.000199,172.31.36.0-255,66,48601,17,258216
16652,0.001163,172.217.194.0-255,1484,50085,17,258216
16653,0.00117,172.31.36.0-255,66,50151,17,258216
16654,0.001179,172.217.194.0-255,2902,53053,17,258216
16655,0.001182,172.31.36.0-255,66,53119,17,258216
16656,0.001187,172.217.194.0-255,2902,56021,17,258216
16657,0.001189,172.31.36.0-255,66,56087,17,258216
16658,0.001216,172.217.194.0-255,2902,58989,17,258216
16659,0.001219,172.31.36.0-255,66,59055,17,258216
16660,0.001226,172.217.194.0-255,6797,65852,17,258216
16661,0.001228,172.31.36.0-255,66,65918,17,258216
16662,0.001264,172.217.194.0-255,1484,67402,17,258216
16663,0.00128,172.217.194.0-255,2902,70304,17,258216
16664,0.001283,172.31.36.0-255,66,70370,17,258216
16665,0.001291,172.217.194.0-255,5738,76108,17,258216
16666,0.001292,172.31.36.0-255,66,76174,17,258216
16667,0.001314,172.217.194.0-255,2902,79076,17,258216
16668,0.001316,172.31.36.0-255,66,79142,17,258216
16669,0.001348,172.31.36.0-255,66,79208,17,258216
16670,0.001368,172.217.194.0-255,5738,84946,17,258216
16671,0.00137,172.31.36.0-255,66,85012,17,258216
16672,0.001392,172.217.194.0-255,5958,90970,17,258216
16673,0.001395,172.31.36.0-255,66,91036,17,258216
16674,0.002488,172.217.194.0-255,1484,92520,17,258216
16675,0.002494,172.217.194.0-255,2902,95422,17,258216
16676,0.002498,172.31.36.0-255,66,95488,17,258216
16677,0.002502,172.217.194.0-255,1484,96972,17,258216
16678,0.00252,172.217.194.0-255,4320,101292,17,258216
16679,0.002522,172.31.36.0-255,66,101358,17,258216
16680,0.00255,172.217.194.0-255,1484,102842,17,258216
16681,0.002568,172.217.194.0-255,1484,104326,17,258216
16682,0.00257,172.31.36.0-255,66,104392,17,258216
16683,0.005061,172.217.194.0-255,4320,108712,17,258216
16684,0.005066,172.31.36.0-255,66,108778,17,258216
16685,0.005084,172.217.194.0-255,1484,110262,17,258216
16686,0.007595,172.217.194.0-255,4320,114582,17,258216
16687,0.007602,172.31.36.0-255,66,114648,17,258216
16688,0.010168,172.217.194.0-255,5738,120386,17,258216
16689,0.010178,172.31.36.0-255,66,120452,17,258216
16690,0.012706,172.217.194.0-255,5738,126190,17,258216
16691,0.012715,172.31.36.0-255,66,126256,17,258216
16692,0.015236,172.217.194.0-255,5738,131994,17,258216
16693,0.015246,172.31.36.0-255,66,132060,17,258216
16694,0.017779,172.217.194.0-255,5738,137798,17,258216
16695,0.017786,172.31.36.0-255,66,137864,17,258216
16696,0.02031,172.217.194.0-255,5738,143602,17,258216
16697,0.020317,172.31.36.0-255,66,143668,17,258216
16698,0.022862,172.217.194.0-255,5738,149406,17,258216
16699,0.022871,172.31.36.0-255,66,149472,17,258216
16700,0.025416,172.217.194.0-255,5738,155210,17,258216
16701,0.025424,172.31.36.0-255,66,155276,17,258216
16702,0.027036,172.31.36.0-255,172,155448,17,258216
16703,0.027066,172.31.36.0-255,1118,156566,17,258216
16704,0.027121,172.31.36.0-255,1514,158080,17,258216
16705,0.027123,172.31.36.0-255,1270,159350,17,258216
16706,0.027956,172.217.194.0-255,5738,165088,17,258216
16707,0.027963,172.31.36.0-255,66,165154,17,258216
16708,0.028629,104.244.42.0-255,66,165220,17,258216
16709,0.028637,104.244.42.0-255,66,165286,17,258216
16710,0.028692,104.244.42.0-255,66,165352,17,258216
16711,0.03048,172.217.194.0-255,5738,171090,17,258216
16712,0.030489,172.31.36.0-255,66,171156,17,258216
16713,0.033027,172.217.194.0-255,5738,176894,17,258216
16714,0.033036,172.31.36.0-255,66,176960,17,258216
16715,0.035544,172.217.194.0-255,5738,182698,17,258216
16716,0.035551,172.31.36.0-255,66,182764,17,258216
16717,0.038084,172.217.194.0-255,5738,188502,17,258216
16718,0.03809,172.31.36.0-255,66,188568,17,258216
16719,0.040612,172.217.194.0-255,5738,194306,17,258216
16720,0.040618,172.31.36.0-255,66,194372,17,258216
16721,0.043152,172.217.194.0-255,5738,200110,17,258216
16722,0.043158,172.31.36.0-255,66,200176,17,258216
16723,0.04569,172.217.194.0-255,5738,205914,17,258216
16724,0.045701,172.31.36.0-255,66,205980,17,258216
16725,0.04821,172.217.194.0-255,5738,211718,17,258216
16726,0.048219,172.31.36.0-255,66,211784,17,258216
16727,0.050747,172.217.194.0-255,5738,217522,17,258216
16728,0.050759,172.31.36.0-255,66,217588,17,258216
16729,0.053294,172.217.194.0-255,5738,223326,17,258216
16730,0.053301,172.31.36.0-255,66,223392,17,258216
16731,0.055849,172.217.194.0-255,5738,229130,17,258216
16732,0.055857,172.31.36.0-255,66,229196,17,258216
16733,0.05839,172.217.194.0-255,5738,234934,17,258216
16734,0.058396,172.31.36.0-255,66,235000,17,258216
16735,0.060909,172.217.194.0-255,5738,240738,17,258216
16736,0.060915,172.31.36.0-255,66,240804,17,258216
16737,0.063435,172.217.194.0-255,5738,246542,17,258216
16738,0.063442,172.31.36.0-255,66,246608,17,258216
16739,0.065988,172.217.194.0-255,5738,252346,17,258216
16740,0.065998,172.31.36.0-255,66,252412,17,258216
16741,0.06856,172.217.194.0-255,5738,258150,17,258216
16742,0.068572,172.31.36.0-255,66,258216,17,258216
16743,0.0,74.125.24.0-255,153,153,17,315558
16744,2.1e-05,172.31.36.0-255,66,219,17,315558
16745,2.8e-05,74.125.24.0-255,1484,1703,17,315558
16746,3.3e-05,172.31.36.0-255,66,1769,17,315558
16747,3.9e-05,74.125.24.0-255,2902,4671,17,315558
16748,4.1e-05,172.31.36.0-255,66,4737,17,315558
16749,4.9e-05,74.125.24.0-255,5738,10475,17,315558
16750,5.2e-05,172.31.36.0-255,66,10541,17,315558
16751,8.3e-05,74.125.24.0-255,3438,13979,17,315558
16752,8.5e-05,172.31.36.0-255,66,14045,17,315558
16753,0.000164,74.125.24.0-255,1484,15529,17,315558
16754,0.000167,172.31.36.0-255,66,15595,17,315558
16755,0.000173,74.125.24.0-255,2902,18497,17,315558
16756,0.000175,172.31.36.0-255,66,18563,17,315558
16757,0.00019,74.125.24.0-255,4320,22883,17,315558
16758,0.000192,172.31.36.0-255,66,22949,17,315558
16759,0.000212,74.125.24.0-255,1484,24433,17,315558
16760,0.000214,172.31.36.0-255,66,24499,17,315558
16761,0.00022,74.125.24.0-255,4320,28819,17,315558
16762,0.000222,172.31.36.0-255,66,28885,17,315558
16763,0.000243,74.125.24.0-255,2543,31428,17,315558
16764,0.000245,172.31.36.0-255,66,31494,17,315558
16765,0.00025,74.125.24.0-255,2902,34396,17,315558
16766,0.000252,172.31.36.0-255,66,34462,17,315558
16767,0.000266,74.125.24.0-255,4320,38782,17,315558
16768,0.000269,172.31.36.0-255,66,38848,17,315558
16769,0.000272,74.125.24.0-255,1484,40332,17,315558
16770,0.000274,172.31.36.0-255,66,40398,17,315558
16771,0.000303,74.125.24.0-255,4320,44718,17,315558
16772,0.000306,172.31.36.0-255,66,44784,17,315558
16773,0.000332,74.125.24.0-255,3961,48745,17,315558
16774,0.000335,172.31.36.0-255,66,48811,17,315558
16775,0.001292,74.125.24.0-255,1484,50295,17,315558
16776,0.001304,74.125.24.0-255,2902,53197,17,315558
16777,0.001308,172.31.36.0-255,66,53263,17,315558
16778,0.001316,74.125.24.0-255,5738,59001,17,315558
16779,0.001318,172.31.36.0-255,66,59067,17,315558
16780,0.001322,74.125.24.0-255,1484,60551,17,315558
16781,0.001339,74.125.24.0-255,5379,65930,17,315558
16782,0.001341,172.31.36.0-255,66,65996,17,315558
16783,0.001356,74.125.24.0-255,646,66642,17,315558
16784,0.001637,74.125.24.0-255,1484,68126,17,315558
16785,0.001643,172.31.36.0-255,66,68192,17,315558
16786,0.001649,74.125.24.0-255,2902,71094,17,315558
16787,0.001651,172.31.36.0-255,66,71160,17,315558
16788,0.001668,74.125.24.0-255,5738,76898,17,315558
16789,0.00167,172.31.36.0-255,66,76964,17,315558
16790,0.001694,74.125.24.0-255,2902,79866,17,315558
16791,0.001696,172.31.36.0-255,66,79932,17,315558
16792,0.0017,74.125.24.0-255,2902,82834,17,315558
16793,0.001703,172.31.36.0-255,66,82900,17,315558
16794,0.001721,74.125.24.0-255,7156,90056,17,315558
16795,0.001723,172.31.36.0-255,66,90122,17,315558
16796,0.001727,74.125.24.0-255,2902,93024,17,315558
16797,0.001729,172.31.36.0-255,66,93090,17,315558
16798,0.001754,74.125.24.0-255,4320,97410,17,315558
16799,0.001756,172.31.36.0-255,66,97476,17,315558
16800,0.001789,74.125.24.0-255,3602,101078,17,315558
16801,0.001793,172.31.36.0-255,66,101144,17,315558
16802,0.001826,74.125.24.0-255,1484,102628,17,315558
16803,0.001837,74.125.24.0-255,1484,104112,17,315558
16804,0.00184,172.31.36.0-255,66,104178,17,315558
16805,0.001845,74.125.24.0-255,2902,107080,17,315558
16806,0.001847,172.31.36.0-255,66,107146,17,315558
16807,0.001861,74.125.24.0-255,1484,108630,17,315558
16808,0.001867,74.125.24.0-255,4320,112950,17,315558
16809,0.001869,172.31.36.0-255,66,113016,17,315558
16810,0.001896,74.125.24.0-255,4320,117336,17,315558
16811,0.001898,172.31.36.0-255,66,117402,17,315558
16812,0.001904,74.125.24.0-255,5738,123140,17,315558
16813,0.001907,172.31.36.0-255,66,123206,17,315558
16814,0.001949,74.125.24.0-255,5738,128944,17,315558
16815,0.001951,172.31.36.0-255,66,129010,17,315558
16816,0.001971,74.125.24.0-255,6438,135448,17,315558
16817,0.001974,172.31.36.0-255,66,135514,17,315558
16818,0.004203,74.125.24.0-255,5738,141252,17,315558
16819,0.004209,172.31.36.0-255,66,141318,17,315558
16820,0.00643,74.125.24.0-255,5738,147056,17,315558
16821,0.006435,172.31.36.0-255,66,147122,17,315558
16822,0.008652,74.125.24.0-255,5738,152860,17,315558
16823,0.00866,172.31.36.0-255,66,152926,17,315558
16824,0.010887,74.125.24.0-255,5738,158664,17,315558
16825,0.010894,172.31.36.0-255,66,158730,17,315558
16826,0.013151,74.125.24.0-255,5738,164468,17,315558
16827,0.01316,172.31.36.0-255,66,164534,17,315558
16828,0.015423,74.125.24.0-255,5738,170272,17,315558
16829,0.015434,172.31.36.0-255,66,170338,17,315558
16830,0.017669,74.125.24.0-255,5738,176076,17,315558
16831,0.017679,172.31.36.0-255,66,176142,17,315558
16832,0.019909,74.125.24.0-255,5738,181880,17,315558
16833,0.019916,172.31.36.0-255,66,181946,17,315558
16834,0.022131,74.125.24.0-255,5738,187684,17,315558
16835,0.022139,172.31.36.0-255,66,187750,17,315558
16836,0.024379,74.125.24.0-255,5738,193488,17,315558
16837,0.024387,172.31.36.0-255,66,193554,17,315558
16838,0.026648,74.125.24.0-255,5738,199292,17,315558
16839,0.026655,172.31.36.0-255,66,199358,17,315558
16840,0.027329,172.31.36.0-255,172,199530,17,315558
16841,0.027361,172.31.36.0-255,1118,200648,17,315558
16842,0.027424,172.31.36.0-255,1514,202162,17,315558
16843,0.027426,172.31.36.0-255,1514,203676,17,315558
16844,0.027431,172.31.36.0-255,1514,205190,17,315558
16845,0.027432,172.31.36.0-255,1048,206238,17,315558
16846,0.028893,74.125.24.0-255,5738,211976,17,315558
16847,0.028901,172.31.36.0-255,66,212042,17,315558
16848,0.028923,104.244.42.0-255,66,212108,17,315558
16849,0.02893,104.244.42.0-255,66,212174,17,315558
16850,0.029013,104.244.42.0-255,66,212240,17,315558
16851,0.029019,104.244.42.0-255,66,212306,17,315558
16852,0.031139,74.125.24.0-255,5738,218044,17,315558
16853,0.031146,172.31.36.0-255,66,218110,17,315558
16854,0.033385,74.125.24.0-255,5738,223848,17,315558
16855,0.033391,172.31.36.0-255,66,223914,17,315558
16856,0.035609,74.125.24.0-255,5738,229652,17,315558
16857,0.035616,172.31.36.0-255,66,229718,17,315558
16858,0.037874,74.125.24.0-255,5738,235456,17,315558
16859,0.037885,172.31.36.0-255,66,235522,17,315558
16860,0.04014,74.125.24.0-255,5738,241260,17,315558
16861,0.040149,172.31.36.0-255,66,241326,17,315558
16862,0.042411,74.125.24.0-255,5738,247064,17,315558
16863,0.042417,172.31.36.0-255,66,247130,17,315558
16864,0.044647,74.125.24.0-255,4320,251450,17,315558
16865,0.044654,172.31.36.0-255,66,251516,17,315558
16866,0.044674,74.125.24.0-255,1484,253000,17,315558
16867,0.046905,74.125.24.0-255,4320,257320,17,315558
16868,0.046913,172.31.36.0-255,66,257386,17,315558
16869,0.04916,74.125.24.0-255,5738,263124,17,315558
16870,0.049167,172.31.36.0-255,66,263190,17,315558
16871,0.051374,74.125.24.0-255,5738,268928,17,315558
16872,0.05138,172.31.36.0-255,66,268994,17,315558
16873,0.05363,74.125.24.0-255,5738,274732,17,315558
16874,0.053636,172.31.36.0-255,66,274798,17,315558
16875,0.055862,74.125.24.0-255,5738,280536,17,315558
16876,0.055872,172.31.36.0-255,66,280602,17,315558
16877,0.058119,74.125.24.0-255,5738,286340,17,315558
16878,0.058126,172.31.36.0-255,66,286406,17,315558
16879,0.060394,74.125.24.0-255,5738,292144,17,315558
16880,0.0604,172.31.36.0-255,66,292210,17,315558
16881,0.062627,74.125.24.0-255,5738,297948,17,315558
16882,0.062638,172.31.36.0-255,66,298014,17,315558
16883,0.064881,74.125.24.0-255,2902,300916,17,315558
16884,0.064888,172.31.36.0-255,66,300982,17,315558
16885,0.064909,74.125.24.0-255,2902,303884,17,315558
16886,0.064912,172.31.36.0-255,66,303950,17,315558
16887,0.067129,74.125.24.0-255,5738,309688,17,315558
16888,0.067133,172.31.36.0-255,66,309754,17,315558
16889,0.069421,74.125.24.0-255,5738,315492,17,315558
16890,0.069428,172.31.36.0-255,66,315558,17,315558
16891,0.0,172.217.194.0-255,153,153,17,311378
16892,3.1e-05,172.31.36.0-255,66,219,17,311378
16893,3.8e-05,172.217.194.0-255,1484,1703,17,311378
16894,4.1e-05,172.31.36.0-255,66,1769,17,311378
16895,4.6e-05,172.217.194.0-255,2902,4671,17,311378
16896,4.8e-05,172.31.36.0-255,66,4737,17,311378
16897,5.6e-05,172.217.194.0-255,7156,11893,17,311378
16898,5.8e-05,172.31.36.0-255,66,11959,17,311378
16899,8.1e-05,172.217.194.0-255,1974,13933,17,311378
16900,8.6e-05,172.31.36.0-255,66,13999,17,311378
16901,0.000168,172.217.194.0-255,1484,15483,17,311378
16902,0.000172,172.31.36.0-255,66,15549,17,311378
16903,0.000195,172.217.194.0-255,2902,18451,17,311378
16904,0.000198,172.31.36.0-255,66,18517,17,311378
16905,0.000203,172.217.194.0-255,4320,22837,17,311378
16906,0.000206,172.31.36.0-255,66,22903,17,311378
16907,0.000223,172.217.194.0-255,1484,24387,17,311378
16908,0.000225,172.31.36.0-255,66,24453,17,311378
16909,0.000233,172.217.194.0-255,5738,30191,17,311378
16910,0.000236,172.31.36.0-255,66,30257,17,311378
16911,0.000261,172.217.194.0-255,6797,37054,17,311378
16912,0.000265,172.31.36.0-255,66,37120,17,311378
16913,0.000275,172.31.36.0-255,66,37186,17,311378
16914,0.000305,172.217.194.0-255,4320,41506,17,311378
16915,0.000308,172.31.36.0-255,66,41572,17,311378
16916,0.000325,172.31.36.0-255,66,41638,17,311378
16917,0.000601,172.217.194.0-255,646,42284,17,311378
16918,0.000606,172.31.36.0-255,66,42350,17,311378
16919,0.000866,172.217.194.0-255,1484,43834,17,311378
16920,0.00087,172.31.36.0-255,66,43900,17,311378
16921,0.000878,172.217.194.0-255,2902,46802,17,311378
16922,0.00088,172.31.36.0-255,66,46868,17,311378
16923,0.000883,172.217.194.0-255,1484,48352,17,311378
16924,0.000901,172.217.194.0-255,4320,52672,17,311378
16925,0.000903,172.31.36.0-255,66,52738,17,311378
16926,0.000924,172.217.194.0-255,1484,54222,17,311378
16927,0.000943,172.217.194.0-255,2902,57124,17,311378
16928,0.000946,172.31.36.0-255,66,57190,17,311378
16929,0.00095,172.217.194.0-255,2902,60092,17,311378
16930,0.000952,172.31.36.0-255,66,60158,17,311378
16931,0.00097,172.217.194.0-255,4320,64478,17,311378
16932,0.000973,172.31.36.0-255,66,64544,17,311378
16933,0.00099,172.217.194.0-255,7156,71700,17,311378
16934,0.000993,172.31.36.0-255,66,71766,17,311378
16935,0.001005,172.217.194.0-255,1484,73250,17,311378
16936,0.001012,172.217.194.0-255,3602,76852,17,311378
16937,0.001014,172.31.36.0-255,66,76918,17,311378
16938,0.00161,172.217.194.0-255,1484,78402,17,311378
16939,0.001619,172.217.194.0-255,2902,81304,17,311378
16940,0.001623,172.31.36.0-255,66,81370,17,311378
16941,0.00163,172.217.194.0-255,4320,85690,17,311378
16942,0.001632,172.31.36.0-255,66,85756,17,311378
16943,0.001648,172.217.194.0-255,1484,87240,17,311378
16944,0.001653,172.217.194.0-255,2902,90142,17,311378
16945,0.001655,172.31.36.0-255,66,90208,17,311378
16946,0.001691,172.31.36.0-255,66,90274,17,311378
16947,0.001701,172.31.36.0-255,66,90340,17,311378
16948,0.001751,172.217.194.0-255,2184,92524,17,311378
16949,0.001753,172.31.36.0-255,66,92590,17,311378
16950,0.002006,172.217.194.0-255,1484,94074,17,311378
16951,0.002021,172.217.194.0-255,2902,96976,17,311378
16952,0.002024,172.31.36.0-255,66,97042,17,311378
16953,0.002027,172.217.194.0-255,1484,98526,17,311378
16954,0.002044,172.217.194.0-255,4320,102846,17,311378
16955,0.002046,172.31.36.0-255,66,102912,17,311378
16956,0.002049,172.217.194.0-255,1484,104396,17,311378
16957,0.002071,172.217.194.0-255,1484,105880,17,311378
16958,0.002074,172.31.36.0-255,66,105946,17,311378
16959,0.002079,172.217.194.0-255,4320,110266,17,311378
16960,0.002081,172.31.36.0-255,66,110332,17,311378
16961,0.00209,172.31.36.0-255,66,110398,17,311378
16962,0.002096,172.217.194.0-255,7156,117554,17,311378
16963,0.002098,172.31.36.0-255,66,117620,17,311378
16964,0.002116,172.217.194.0-255,766,118386,17,311378
16965,0.002151,172.217.194.0-255,1484,119870,17,311378
16966,0.002153,172.31.36.0-255,66,119936,17,311378
16967,0.002156,172.217.194.0-255,1484,121420,17,311378
16968,0.002179,172.217.194.0-255,2902,124322,17,311378
16969,0.002181,172.31.36.0-255,66,124388,17,311378
16970,0.002187,172.217.194.0-255,5738,130126,17,311378
16971,0.00219,172.31.36.0-255,66,130192,17,311378
16972,0.002197,172.217.194.0-255,7156,137348,17,311378
16973,0.002199,172.31.36.0-255,66,137414,17,311378
16974,0.002226,172.217.194.0-255,5738,143152,17,311378
16975,0.002228,172.31.36.0-255,66,143218,17,311378
16976,0.002254,172.31.36.0-255,66,143284,17,311378
16977,0.002256,172.217.194.0-255,766,144050,17,311378
16978,0.002507,172.217.194.0-255,1484,145534,17,311378
16979,0.00251,172.31.36.0-255,66,145600,17,311378
16980,0.002514,172.217.194.0-255,2902,148502,17,311378
16981,0.002516,172.31.36.0-255,66,148568,17,311378
16982,0.00252,172.217.194.0-255,2902,151470,17,311378
16983,0.002522,172.31.36.0-255,66,151536,17,311378
16984,0.002537,172.217.194.0-255,2902,154438,17,311378
16985,0.002539,172.31.36.0-255,66,154504,17,311378
16986,0.002543,172.217.194.0-255,2902,157406,17,311378
16987,0.002545,172.31.36.0-255,66,157472,17,311378
16988,0.005091,172.217.194.0-255,1484,158956,17,311378
16989,0.005104,172.217.194.0-255,4320,163276,17,311378
16990,0.005106,172.31.36.0-255,66,163342,17,311378
16991,0.007669,172.217.194.0-255,5738,169080,17,311378
16992,0.007684,172.31.36.0-255,66,169146,17,311378
16993,0.010233,172.217.194.0-255,5738,174884,17,311378
16994,0.010249,172.31.36.0-255,66,174950,17,311378
16995,0.012784,172.217.194.0-255,5738,180688,17,311378
16996,0.0128,172.31.36.0-255,66,180754,17,311378
16997,0.015344,172.217.194.0-255,5738,186492,17,311378
16998,0.015359,172.31.36.0-255,66,186558,17,311378
16999,0.0179,172.217.194.0-255,5738,192296,17,311378
17000,0.017917,172.31.36.0-255,66,192362,17,311378
17001,0.020488,172.217.194.0-255,5738,198100,17,311378
17002,0.020505,172.31.36.0-255,66,198166,17,311378
17003,0.023051,172.217.194.0-255,5738,203904,17,311378
17004,0.023069,172.31.36.0-255,66,203970,17,311378
17005,0.02562,172.217.194.0-255,5738,209708,17,311378
17006,0.02564,172.31.36.0-255,66,209774,17,311378
17007,0.028194,172.217.194.0-255,5738,215512,17,311378
17008,0.028211,172.31.36.0-255,66,215578,17,311378
17009,0.030765,172.217.194.0-255,5738,221316,17,311378
17010,0.030784,172.31.36.0-255,66,221382,17,311378
17011,0.033345,172.217.194.0-255,5738,227120,17,311378
17012,0.033363,172.31.36.0-255,66,227186,17,311378
17013,0.035921,172.217.194.0-255,5738,232924,17,311378
17014,0.035933,172.31.36.0-255,66,232990,17,311378
17015,0.038467,172.217.194.0-255,5738,238728,17,311378
17016,0.038484,172.31.36.0-255,66,238794,17,311378
17017,0.041017,172.217.194.0-255,5738,244532,17,311378
17018,0.04103,172.31.36.0-255,66,244598,17,311378
17019,0.041793,172.31.36.0-255,188,244786,17,311378
17020,0.041826,172.31.36.0-255,961,245747,17,311378
17021,0.041862,172.31.36.0-255,1514,247261,17,311378
17022,0.041864,172.31.36.0-255,1427,248688,17,311378
17023,0.043337,104.244.42.0-255,66,248754,17,311378
17024,0.043366,104.244.42.0-255,66,248820,17,311378
17025,0.043423,104.244.42.0-255,66,248886,17,311378
17026,0.043537,172.217.194.0-255,5738,254624,17,311378
17027,0.043566,172.31.36.0-255,66,254690,17,311378
17028,0.046102,172.217.194.0-255,5738,260428,17,311378
17029,0.046116,172.31.36.0-255,66,260494,17,311378
17030,0.048676,172.217.194.0-255,5738,266232,17,311378
17031,0.04869,172.31.36.0-255,66,266298,17,311378
17032,0.051216,172.217.194.0-255,5738,272036,17,311378
17033,0.051228,172.31.36.0-255,66,272102,17,311378
17034,0.053748,172.217.194.0-255,5738,277840,17,311378
17035,0.053753,172.31.36.0-255,66,277906,17,311378
17036,0.056306,172.217.194.0-255,5738,283644,17,311378
17037,0.05631,172.31.36.0-255,66,283710,17,311378
17038,0.058811,172.217.194.0-255,4320,288030,17,311378
17039,0.058816,172.31.36.0-255,66,288096,17,311378
17040,0.058846,172.217.194.0-255,1484,289580,17,311378
17041,0.06141,172.217.194.0-255,4320,293900,17,311378
17042,0.061416,172.31.36.0-255,66,293966,17,311378
17043,0.063935,172.217.194.0-255,5738,299704,17,311378
17044,0.06394,172.31.36.0-255,66,299770,17,311378
17045,0.066479,172.217.194.0-255,5738,305508,17,311378
17046,0.066484,172.31.36.0-255,66,305574,17,311378
17047,0.069024,172.217.194.0-255,5738,311312,17,311378
17048,0.06903,172.31.36.0-255,66,311378,17,311378
17049,0.0,172.217.194.0-255,143,143,17,265341
17050,2.7e-05,172.31.36.0-255,66,209,17,265341
17051,3.4e-05,172.217.194.0-255,1484,1693,17,265341
17052,3.8e-05,172.31.36.0-255,66,1759,17,265341
17053,5.2e-05,172.217.194.0-255,2902,4661,17,265341
17054,5.6e-05,172.31.36.0-255,66,4727,17,265341
17055,6.3e-05,172.217.194.0-255,7156,11883,17,265341
17056,6.6e-05,172.31.36.0-255,66,11949,17,265341
17057,0.000123,172.217.194.0-255,4887,16836,17,265341
17058,0.000128,172.31.36.0-255,66,16902,17,265341
17059,0.000134,172.217.194.0-255,5738,22640,17,265341
17060,0.000137,172.31.36.0-255,66,22706,17,265341
17061,0.00014,172.217.194.0-255,1484,24190,17,265341
17062,0.000142,172.31.36.0-255,66,24256,17,265341
17063,0.000163,172.217.194.0-255,6797,31053,17,265341
17064,0.000172,172.31.36.0-255,66,31119,17,265341
17065,0.000198,172.217.194.0-255,2902,34021,17,265341
17066,0.000201,172.31.36.0-255,66,34087,17,265341
17067,0.000228,172.217.194.0-255,5738,39825,17,265341
17068,0.000231,172.31.36.0-255,66,39891,17,265341
17069,0.000269,172.31.36.0-255,66,39957,17,265341
17070,0.000304,172.31.36.0-255,66,40023,17,265341
17071,0.000315,172.31.36.0-255,66,40089,17,265341
17072,0.000324,172.217.194.0-255,338,40427,17,265341
17073,0.000326,172.31.36.0-255,66,40493,17,265341
17074,0.000384,172.217.194.0-255,119,40612,17,265341
17075,0.000389,172.31.36.0-255,66,40678,17,265341
17076,0.000729,172.217.194.0-255,383,41061,17,265341
17077,0.000733,172.31.36.0-255,66,41127,17,265341
17078,0.001072,172.217.194.0-255,1484,42611,17,265341
17079,0.001082,172.217.194.0-255,2902,45513,17,265341
17080,0.001085,172.31.36.0-255,66,45579,17,265341
17081,0.001089,172.217.194.0-255,1484,47063,17,265341
17082,0.001116,172.217.194.0-255,4320,51383,17,265341
17083,0.001118,172.31.36.0-255,66,51449,17,265341
17084,0.001122,172.217.194.0-255,1484,52933,17,265341
17085,0.001148,172.31.36.0-255,66,52999,17,265341
17086,0.001151,172.217.194.0-255,1484,54483,17,265341
17087,0.001188,172.31.36.0-255,66,54549,17,265341
17088,0.002203,172.217.194.0-255,1484,56033,17,265341
17089,0.002224,172.217.194.0-255,2902,58935,17,265341
17090,0.002226,172.31.36.0-255,66,59001,17,265341
17091,0.002232,172.217.194.0-255,5738,64739,17,265341
17092,0.002234,172.31.36.0-255,66,64805,17,265341
17093,0.002239,172.217.194.0-255,5738,70543,17,265341
17094,0.002241,172.31.36.0-255,66,70609,17,265341
17095,0.002272,172.217.194.0-255,7156,77765,17,265341
17096,0.002274,172.31.36.0-255,66,77831,17,265341
17097,0.002276,172.217.194.0-255,1484,79315,17,265341
17098,0.002304,172.217.194.0-255,2902,82217,17,265341
17099,0.002306,172.31.36.0-255,66,82283,17,265341
17100,0.002326,172.217.194.0-255,6438,88721,17,265341
17101,0.002331,172.31.36.0-255,66,88787,17,265341
17102,0.002341,172.31.36.0-255,66,88853,17,265341
17103,0.002344,172.217.194.0-255,2902,91755,17,265341
17104,0.002346,172.31.36.0-255,66,91821,17,265341
17105,0.002373,172.31.36.0-255,66,91887,17,265341
17106,0.002399,172.217.194.0-255,1484,93371,17,265341
17107,0.002404,172.217.194.0-255,5020,98391,17,265341
17108,0.002406,172.31.36.0-255,66,98457,17,265341
17109,0.004731,172.217.194.0-255,5738,104195,17,265341
17110,0.004735,172.31.36.0-255,66,104261,17,265341
17111,0.007057,172.217.194.0-255,5738,109999,17,265341
17112,0.007063,172.31.36.0-255,66,110065,17,265341
17113,0.009398,172.217.194.0-255,4320,114385,17,265341
17114,0.009406,172.31.36.0-255,66,114451,17,265341
17115,0.009429,172.217.194.0-255,1484,115935,17,265341
17116,0.011724,172.217.194.0-255,4320,120255,17,265341
17117,0.011731,172.31.36.0-255,66,120321,17,265341
17118,0.014111,172.217.194.0-255,5738,126059,17,265341
17119,0.01412,172.31.36.0-255,66,126125,17,265341
17120,0.016445,172.217.194.0-255,5738,131863,17,265341
17121,0.016451,172.31.36.0-255,66,131929,17,265341
17122,0.018782,172.217.194.0-255,5738,137667,17,265341
17123,0.01879,172.31.36.0-255,66,137733,17,265341
17124,0.021154,172.217.194.0-255,5738,143471,17,265341
17125,0.021162,172.31.36.0-255,66,143537,17,265341
17126,0.023477,172.217.194.0-255,5738,149275,17,265341
17127,0.023488,172.31.36.0-255,66,149341,17,265341
17128,0.024436,172.31.36.0-255,172,149513,17,265341
17129,0.024466,172.31.36.0-255,1119,150632,17,265341
17130,0.024506,172.31.36.0-255,1514,152146,17,265341
17131,0.024526,172.31.36.0-255,1269,153415,17,265341
17132,0.025794,172.217.194.0-255,5738,159153,17,265341
17133,0.025799,172.31.36.0-255,66,159219,17,265341
17134,0.025966,104.244.42.0-255,66,159285,17,265341
17135,0.026013,104.244.42.0-255,66,159351,17,265341
17136,0.026053,104.244.42.0-255,66,159417,17,265341
17137,0.028128,172.217.194.0-255,5738,165155,17,265341
17138,0.028133,172.31.36.0-255,66,165221,17,265341
17139,0.030447,172.217.194.0-255,5738,170959,17,265341
17140,0.030452,172.31.36.0-255,66,171025,17,265341
17141,0.032788,172.217.194.0-255,5738,176763,17,265341
17142,0.032793,172.31.36.0-255,66,176829,17,265341
17143,0.035111,172.217.194.0-255,2902,179731,17,265341
17144,0.035116,172.31.36.0-255,66,179797,17,265341
17145,0.035155,172.217.194.0-255,2902,182699,17,265341
17146,0.035159,172.31.36.0-255,66,182765,17,265341
17147,0.037456,172.217.194.0-255,2902,185667,17,265341
17148,0.037463,172.31.36.0-255,66,185733,17,265341
17149,0.037491,172.217.194.0-255,2902,188635,17,265341
17150,0.037493,172.31.36.0-255,66,188701,17,265341
17151,0.03978,172.217.194.0-255,2902,191603,17,265341
17152,0.039785,172.31.36.0-255,66,191669,17,265341
17153,0.039821,172.217.194.0-255,2902,194571,17,265341
17154,0.039824,172.31.36.0-255,66,194637,17,265341
17155,0.042103,172.217.194.0-255,2902,197539,17,265341
17156,0.042109,172.31.36.0-255,66,197605,17,265341
17157,0.042142,172.217.194.0-255,2902,200507,17,265341
17158,0.042145,172.31.36.0-255,66,200573,17,265341
17159,0.044431,172.217.194.0-255,2902,203475,17,265341
17160,0.044437,172.31.36.0-255,66,203541,17,265341
17161,0.044468,172.217.194.0-255,2902,206443,17,265341
17162,0.044471,172.31.36.0-255,66,206509,17,265341
17163,0.046752,172.217.194.0-255,2902,209411,17,265341
17164,0.046757,172.31.36.0-255,66,209477,17,265341
17165,0.046797,172.217.194.0-255,2902,212379,17,265341
17166,0.0468,172.31.36.0-255,66,212445,17,265341
17167,0.049059,172.217.194.0-255,2902,215347,17,265341
17168,0.04908,172.31.36.0-255,66,215413,17,265341
17169,0.049105,172.217.194.0-255,2902,218315,17,265341
17170,0.049109,172.31.36.0-255,66,218381,17,265341
17171,0.051406,172.217.194.0-255,2902,221283,17,265341
17172,0.051412,172.31.36.0-255,66,221349,17,265341
17173,0.051459,172.217.194.0-255,2902,224251,17,265341
17174,0.051462,172.31.36.0-255,66,224317,17,265341
17175,0.053703,172.217.194.0-255,2902,227219,17,265341
17176,0.053708,172.31.36.0-255,66,227285,17,265341
17177,0.053781,172.217.194.0-255,2902,230187,17,265341
17178,0.053787,172.31.36.0-255,66,230253,17,265341
17179,0.056001,172.217.194.0-255,2902,233155,17,265341
17180,0.056006,172.31.36.0-255,66,233221,17,265341
17181,0.056087,172.217.194.0-255,2902,236123,17,265341
17182,0.056092,172.31.36.0-255,66,236189,17,265341
17183,0.058312,172.217.194.0-255,1484,237673,17,265341
17184,0.058411,172.217.194.0-255,4320,241993,17,265341
17185,0.058417,172.31.36.0-255,66,242059,17,265341
17186,0.060735,172.217.194.0-255,5738,247797,17,265341
17187,0.060741,172.31.36.0-255,66,247863,17,265341
17188,0.06307,172.217.194.0-255,5738,253601,17,265341
17189,0.063076,172.31.36.0-255,66,253667,17,265341
17190,0.065395,172.217.194.0-255,5738,259405,17,265341
17191,0.0654,172.31.36.0-255,66,259471,17,265341
17192,0.067708,172.217.194.0-255,4320,263791,17,265341
17193,0.067713,172.31.36.0-255,66,263857,17,265341
17194,0.067747,172.217.194.0-255,1484,265341,17,265341
17195,0.0,172.217.194.0-255,159,159,17,199286
17196,2.7e-05,172.31.36.0-255,66,225,17,199286
17197,3.3e-05,172.217.194.0-255,1484,1709,17,199286
17198,3.7e-05,172.31.36.0-255,66,1775,17,199286
17199,4.2e-05,172.217.194.0-255,2902,4677,17,199286
17200,4.5e-05,172.31.36.0-255,66,4743,17,199286
17201,5.9e-05,172.217.194.0-255,7156,11899,17,199286
17202,6.2e-05,172.31.36.0-255,66,11965,17,199286
17203,6.6e-05,172.217.194.0-255,2014,13979,17,199286
17204,6.8e-05,172.31.36.0-255,66,14045,17,199286
17205,9.6e-05,172.217.194.0-255,1484,15529,17,199286
17206,9.9e-05,172.31.36.0-255,66,15595,17,199286
17207,0.000132,172.31.36.0-255,66,15661,17,199286
17208,0.000159,172.217.194.0-255,5379,21040,17,199286
17209,0.000163,172.31.36.0-255,66,21106,17,199286
17210,0.000262,172.217.194.0-255,1484,22590,17,199286
17211,0.000266,172.31.36.0-255,66,22656,17,199286
17212,0.000271,172.217.194.0-255,2902,25558,17,199286
17213,0.000274,172.31.36.0-255,66,25624,17,199286
17214,0.000286,172.217.194.0-255,5738,31362,17,199286
17215,0.000289,172.31.36.0-255,66,31428,17,199286
17216,0.000297,172.217.194.0-255,7156,38584,17,199286
17217,0.000301,172.31.36.0-255,66,38650,17,199286
17218,0.000334,172.217.194.0-255,3961,42611,17,199286
17219,0.000337,172.31.36.0-255,66,42677,17,199286
17220,0.00035,172.31.36.0-255,66,42743,17,199286
17221,0.0007,172.217.194.0-255,118,42861,17,199286
17222,0.000705,172.31.36.0-255,66,42927,17,199286
17223,0.000855,172.217.194.0-255,1484,44411,17,199286
17224,0.000859,172.31.36.0-255,66,44477,17,199286
17225,0.000868,172.217.194.0-255,2902,47379,17,199286
17226,0.00087,172.31.36.0-255,66,47445,17,199286
17227,0.000882,172.217.194.0-255,5738,53183,17,199286
17228,0.000885,172.31.36.0-255,66,53249,17,199286
17229,0.000922,172.217.194.0-255,6797,60046,17,199286
17230,0.000926,172.31.36.0-255,66,60112,17,199286
17231,0.00096,172.217.194.0-255,1484,61596,17,199286
17232,0.000987,172.217.194.0-255,2902,64498,17,199286
17233,0.00099,172.31.36.0-255,66,64564,17,199286
17234,0.001019,172.217.194.0-255,5738,70302,17,199286
17235,0.001023,172.31.36.0-255,66,70368,17,199286
17236,0.001051,172.217.194.0-255,6797,77165,17,199286
17237,0.001054,172.31.36.0-255,66,77231,17,199286
17238,0.002083,172.217.194.0-255,1484,78715,17,199286
17239,0.002089,172.217.194.0-255,1484,80199,17,199286
17240,0.002094,172.31.36.0-255,66,80265,17,199286
17241,0.002119,172.217.194.0-255,1484,81749,17,199286
17242,0.002126,172.217.194.0-255,5738,87487,17,199286
17243,0.002128,172.31.36.0-255,66,87553,17,199286
17244,0.002135,172.217.194.0-255,5738,93291,17,199286
17245,0.002137,172.31.36.0-255,66,93357,17,199286
17246,0.002166,172.217.194.0-255,7156,100513,17,199286
17247,0.002169,172.31.36.0-255,66,100579,17,199286
17248,0.002173,172.217.194.0-255,2902,103481,17,199286
17249,0.002175,172.31.36.0-255,66,103547,17,199286
17250,0.002185,172.31.36.0-255,66,103613,17,199286
17251,0.002362,172.217.194.0-255,1484,105097,17,199286
17252,0.002366,172.217.194.0-255,2902,107999,17,199286
17253,0.002368,172.31.36.0-255,66,108065,17,199286
17254,0.002393,172.217.194.0-255,5738,113803,17,199286
17255,0.002396,172.31.36.0-255,66,113869,17,199286
17256,0.002399,172.217.194.0-255,2902,116771,17,199286
17257,0.002401,172.31.36.0-255,66,116837,17,199286
17258,0.002443,172.31.36.0-255,66,116903,17,199286
17259,0.002451,172.31.36.0-255,66,116969,17,199286
17260,0.002469,172.217.194.0-255,2184,119153,17,199286
17261,0.00247,172.31.36.0-255,66,119219,17,199286
17262,0.002732,172.217.194.0-255,1484,120703,17,199286
17263,0.002735,172.217.194.0-255,2902,123605,17,199286
17264,0.002737,172.31.36.0-255,66,123671,17,199286
17265,0.002758,172.217.194.0-255,2902,126573,17,199286
17266,0.002759,172.31.36.0-255,66,126639,17,199286
17267,0.002772,172.217.194.0-255,2902,129541,17,199286
17268,0.002774,172.31.36.0-255,66,129607,17,199286
17269,0.00278,172.217.194.0-255,1484,131091,17,199286
17270,0.002783,172.217.194.0-255,2902,133993,17,199286
17271,0.002785,172.31.36.0-255,66,134059,17,199286
17272,0.002823,172.217.194.0-255,4320,138379,17,199286
17273,0.002825,172.31.36.0-255,66,138445,17,199286
17274,0.002856,172.31.36.0-255,66,138511,17,199286
17275,0.00286,172.217.194.0-255,5738,144249,17,199286
17276,0.002862,172.31.36.0-255,66,144315,17,199286
17277,0.002865,172.217.194.0-255,766,145081,17,199286
17278,0.003043,172.217.194.0-255,1484,146565,17,199286
17279,0.003045,172.31.36.0-255,66,146631,17,199286
17280,0.003069,172.217.194.0-255,2902,149533,17,199286
17281,0.003071,172.31.36.0-255,66,149599,17,199286
17282,0.003076,172.217.194.0-255,5738,155337,17,199286
17283,0.003078,172.31.36.0-255,66,155403,17,199286
17284,0.003095,172.217.194.0-255,1484,156887,17,199286
17285,0.003122,172.217.194.0-255,7156,164043,17,199286
17286,0.003124,172.31.36.0-255,66,164109,17,199286
17287,0.003135,172.217.194.0-255,1484,165593,17,199286
17288,0.003167,172.31.36.0-255,66,165659,17,199286
17289,0.003172,172.217.194.0-255,5738,171397,17,199286
17290,0.003174,172.31.36.0-255,66,171463,17,199286
17291,0.0032,172.217.194.0-255,5738,177201,17,199286
17292,0.003203,172.31.36.0-255,66,177267,17,199286
17293,0.003234,172.217.194.0-255,1484,178751,17,199286
17294,0.003287,172.31.36.0-255,66,178817,17,199286
17295,0.003293,172.217.194.0-255,7156,185973,17,199286
17296,0.003295,172.31.36.0-255,66,186039,17,199286
17297,0.003311,172.31.36.0-255,66,186105,17,199286
17298,0.003327,172.31.36.0-255,66,186171,17,199286
17299,0.003342,172.31.36.0-255,66,186237,17,199286
17300,0.003364,172.217.194.0-255,4320,190557,17,199286
17301,0.003367,172.31.36.0-255,66,190623,17,199286
17302,0.003411,172.31.36.0-255,66,190689,17,199286
17303,0.003449,172.31.36.0-255,66,190755,17,199286
17304,0.003491,172.31.36.0-255,66,190821,17,199286
17305,0.003502,172.31.36.0-255,66,190887,17,199286
17306,0.003504,172.217.194.0-255,105,190992,17,199286
17307,0.005734,172.31.36.0-255,66,191058,17,199286
17308,0.005757,172.31.36.0-255,105,191163,17,199286
17309,0.007785,172.217.194.0-255,66,191229,17,199286
17310,0.028434,172.31.36.0-255,172,191401,17,199286
17311,0.028467,172.31.36.0-255,1119,192520,17,199286
17312,0.028508,172.31.36.0-255,1514,194034,17,199286
17313,0.02851,172.31.36.0-255,1514,195548,17,199286
17314,0.028516,172.31.36.0-255,1514,197062,17,199286
17315,0.028517,172.31.36.0-255,1514,198576,17,199286
17316,0.028543,172.31.36.0-255,446,199022,17,199286
17317,0.030024,104.244.42.0-255,66,199088,17,199286
17318,0.030032,104.244.42.0-255,66,199154,17,199286
17319,0.030091,104.244.42.0-255,66,199220,17,199286
17320,0.030146,104.244.42.0-255,66,199286,17,199286
17321,0.0,172.217.194.0-255,152,152,17,215868
17322,1.6e-05,172.31.36.0-255,66,218,17,215868
17323,2.2e-05,172.217.194.0-255,1484,1702,17,215868
17324,2.6e-05,172.31.36.0-255,66,1768,17,215868
17325,3.3e-05,172.217.194.0-255,2902,4670,17,215868
17326,3.6e-05,172.31.36.0-255,66,4736,17,215868
17327,4.4e-05,172.217.194.0-255,7156,11892,17,215868
17328,4.8e-05,172.31.36.0-255,66,11958,17,215868
17329,5.2e-05,172.217.194.0-255,2004,13962,17,215868
17330,5.5e-05,172.31.36.0-255,66,14028,17,215868
17331,9.7e-05,172.31.36.0-255,66,14094,17,215868
17332,0.000105,172.217.194.0-255,5379,19473,17,215868
17333,0.000108,172.31.36.0-255,66,19539,17,215868
17334,0.000185,172.217.194.0-255,1484,21023,17,215868
17335,0.000189,172.31.36.0-255,66,21089,17,215868
17336,0.000195,172.217.194.0-255,2902,23991,17,215868
17337,0.000197,172.31.36.0-255,66,24057,17,215868
17338,0.000223,172.217.194.0-255,5738,29795,17,215868
17339,0.000225,172.31.36.0-255,66,29861,17,215868
17340,0.000293,172.31.36.0-255,66,29927,17,215868
17341,0.000313,172.217.194.0-255,5379,35306,17,215868
17342,0.000315,172.31.36.0-255,66,35372,17,215868
17343,0.000327,172.31.36.0-255,66,35438,17,215868
17344,0.00033,172.217.194.0-255,383,35821,17,215868
17345,0.000332,172.31.36.0-255,66,35887,17,215868
17346,0.000436,172.217.194.0-255,1484,37371,17,215868
17347,0.00044,172.31.36.0-255,66,37437,17,215868
17348,0.000446,172.217.194.0-255,2902,40339,17,215868
17349,0.000449,172.31.36.0-255,66,40405,17,215868
17350,0.000455,172.217.194.0-255,5738,46143,17,215868
17351,0.000458,172.31.36.0-255,66,46209,17,215868
17352,0.000463,172.217.194.0-255,4320,50529,17,215868
17353,0.000465,172.31.36.0-255,66,50595,17,215868
17354,0.000507,172.31.36.0-255,66,50661,17,215868
17355,0.000523,172.217.194.0-255,7156,57817,17,215868
17356,0.000526,172.31.36.0-255,66,57883,17,215868
17357,0.000532,172.217.194.0-255,3602,61485,17,215868
17358,0.000534,172.31.36.0-255,66,61551,17,215868
17359,0.000926,172.217.194.0-255,1484,63035,17,215868
17360,0.000933,172.217.194.0-255,2902,65937,17,215868
17361,0.000936,172.31.36.0-255,66,66003,17,215868
17362,0.000941,172.217.194.0-255,1484,67487,17,215868
17363,0.000959,172.217.194.0-255,4320,71807,17,215868
17364,0.000962,172.31.36.0-255,66,71873,17,215868
17365,0.000976,172.31.36.0-255,66,71939,17,215868
17366,0.000988,172.31.36.0-255,66,72005,17,215868
17367,0.001031,172.217.194.0-255,7156,79161,17,215868
17368,0.001034,172.31.36.0-255,66,79227,17,215868
17369,0.001048,172.217.194.0-255,2184,81411,17,215868
17370,0.001051,172.31.36.0-255,66,81477,17,215868
17371,0.001057,172.217.194.0-255,5738,87215,17,215868
17372,0.00106,172.31.36.0-255,66,87281,17,215868
17373,0.001085,172.217.194.0-255,4320,91601,17,215868
17374,0.00109,172.31.36.0-255,66,91667,17,215868
17375,0.001103,172.217.194.0-255,7156,98823,17,215868
17376,0.001105,172.31.36.0-255,66,98889,17,215868
17377,0.001144,172.31.36.0-255,66,98955,17,215868
17378,0.001285,172.217.194.0-255,1484,100439,17,215868
17379,0.00129,172.217.194.0-255,2902,103341,17,215868
17380,0.001293,172.31.36.0-255,66,103407,17,215868
17381,0.001319,172.217.194.0-255,5738,109145,17,215868
17382,0.001321,172.31.36.0-255,66,109211,17,215868
17383,0.001328,172.217.194.0-255,4320,113531,17,215868
17384,0.00133,172.31.36.0-255,66,113597,17,215868
17385,0.001354,172.31.36.0-255,66,113663,17,215868
17386,0.001368,172.31.36.0-255,66,113729,17,215868
17387,0.001403,172.217.194.0-255,1484,115213,17,215868
17388,0.001406,172.217.194.0-255,1484,116697,17,215868
17389,0.00141,172.31.36.0-255,66,116763,17,215868
17390,0.00142,172.217.194.0-255,1484,118247,17,215868
17391,0.001423,172.217.194.0-255,1484,119731,17,215868
17392,0.001425,172.31.36.0-255,66,119797,17,215868
17393,0.001451,172.217.194.0-255,4320,124117,17,215868
17394,0.001454,172.31.36.0-255,66,124183,17,215868
17395,0.001468,172.31.36.0-255,66,124249,17,215868
17396,0.001501,172.217.194.0-255,5738,129987,17,215868
17397,0.001504,172.31.36.0-255,66,130053,17,215868
17398,0.001523,172.217.194.0-255,6438,136491,17,215868
17399,0.001526,172.31.36.0-255,66,136557,17,215868
17400,0.00154,172.31.36.0-255,66,136623,17,215868
17401,0.001616,172.217.194.0-255,1484,138107,17,215868
17402,0.001619,172.217.194.0-255,1484,139591,17,215868
17403,0.001628,172.31.36.0-255,66,139657,17,215868
17404,0.001641,172.217.194.0-255,1484,141141,17,215868
17405,0.001648,172.217.194.0-255,5738,146879,17,215868
17406,0.001656,172.217.194.0-255,7156,154035,17,215868
17407,0.001672,172.217.194.0-255,5738,159773,17,215868
17408,0.001689,172.31.36.0-255,66,159839,17,215868
17409,0.001704,172.217.194.0-255,5738,165577,17,215868
17410,0.001734,172.217.194.0-255,5738,171315,17,215868
17411,0.00174,172.31.36.0-255,66,171381,17,215868
17412,0.001785,172.31.36.0-255,66,171447,17,215868
17413,0.001805,172.217.194.0-255,1484,172931,17,215868
17414,0.00181,172.217.194.0-255,2902,175833,17,215868
17415,0.001816,172.217.194.0-255,5738,181571,17,215868
17416,0.001831,172.217.194.0-255,2902,184473,17,215868
17417,0.001841,172.31.36.0-255,66,184539,17,215868
17418,0.001859,172.31.36.0-255,66,184605,17,215868
17419,0.001863,172.217.194.0-255,1484,186089,17,215868
17420,0.001902,172.217.194.0-255,5738,191827,17,215868
17421,0.001906,172.31.36.0-255,66,191893,17,215868
17422,0.001929,172.217.194.0-255,2902,194795,17,215868
17423,0.001957,172.217.194.0-255,7156,201951,17,215868
17424,0.001969,172.31.36.0-255,66,202017,17,215868
17425,0.002001,172.217.194.0-255,4320,206337,17,215868
17426,0.002015,172.31.36.0-255,66,206403,17,215868
17427,0.002026,172.217.194.0-255,4835,211238,17,215868
17428,0.002029,172.217.194.0-255,105,211343,17,215868
17429,0.002034,172.31.36.0-255,66,211409,17,215868
17430,0.004473,172.31.36.0-255,105,211514,17,215868
17431,0.00649,172.217.194.0-255,66,211580,17,215868
17432,0.030216,172.31.36.0-255,188,211768,17,215868
17433,0.030255,172.31.36.0-255,961,212729,17,215868
17434,0.030417,172.31.36.0-255,1514,214243,17,215868
17435,0.03042,172.31.36.0-255,1427,215670,17,215868
17436,0.031788,104.244.42.0-255,66,215736,17,215868
17437,0.031824,104.244.42.0-255,66,215802,17,215868
17438,0.031978,104.244.42.0-255,66,215868,17,215868
17439,0.0,74.125.130.0-255,143,143,17,325036
17440,2.1e-05,172.31.36.0-255,66,209,17,325036
17441,2.8e-05,74.125.130.0-255,1484,1693,17,325036
17442,3.3e-05,172.31.36.0-255,66,1759,17,325036
17443,4.7e-05,74.125.130.0-255,2902,4661,17,325036
17444,5.2e-05,172.31.36.0-255,66,4727,17,325036
17445,9.7e-05,74.125.130.0-255,4320,9047,17,325036
17446,0.000101,172.31.36.0-255,66,9113,17,325036
17447,0.000108,74.125.130.0-255,4917,14030,17,325036
17448,0.000111,172.31.36.0-255,66,14096,17,325036
17449,0.00014,74.125.130.0-255,1484,15580,17,325036
17450,0.000143,172.31.36.0-255,66,15646,17,325036
17451,0.000147,74.125.130.0-255,2902,18548,17,325036
17452,0.000149,172.31.36.0-255,66,18614,17,325036
17453,0.000183,74.125.130.0-255,5738,24352,17,325036
17454,0.000186,172.31.36.0-255,66,24418,17,325036
17455,0.000194,74.125.130.0-255,7156,31574,17,325036
17456,0.000196,172.31.36.0-255,66,31640,17,325036
17457,0.000225,74.125.130.0-255,7156,38796,17,325036
17458,0.000228,172.31.36.0-255,66,38862,17,325036
17459,0.000261,172.31.36.0-255,66,38928,17,325036
17460,0.000264,74.125.130.0-255,766,39694,17,325036
17461,0.000267,172.31.36.0-255,66,39760,17,325036
17462,0.000355,74.125.130.0-255,1484,41244,17,325036
17463,0.00036,172.31.36.0-255,66,41310,17,325036
17464,0.000364,74.125.130.0-255,1484,42794,17,325036
17465,0.000366,172.31.36.0-255,66,42860,17,325036
17466,0.000371,74.125.130.0-255,2902,45762,17,325036
17467,0.000373,172.31.36.0-255,66,45828,17,325036
17468,0.000381,74.125.130.0-255,1484,47312,17,325036
17469,0.000384,172.31.36.0-255,66,47378,17,325036
17470,0.000417,74.125.130.0-255,4320,51698,17,325036
17471,0.000424,74.125.130.0-255,5635,57333,17,325036
17472,0.000471,74.125.130.0-255,1484,58817,17,325036
17473,0.000475,74.125.130.0-255,1484,60301,17,325036
17474,0.000492,74.125.130.0-255,1484,61785,17,325036
17475,0.000496,74.125.130.0-255,2902,64687,17,325036
17476,0.000513,74.125.130.0-255,2902,67589,17,325036
17477,0.00052,74.125.130.0-255,6550,74139,17,325036
17478,0.000604,172.31.36.0-255,66,74205,17,325036
17479,0.000684,74.125.130.0-255,1484,75689,17,325036
17480,0.00071,74.125.130.0-255,2902,78591,17,325036
17481,0.000717,74.125.130.0-255,5738,84329,17,325036
17482,0.00074,74.125.130.0-255,6797,91126,17,325036
17483,0.000743,172.31.36.0-255,66,91192,17,325036
17484,0.000749,172.31.36.0-255,66,91258,17,325036
17485,0.000776,74.125.130.0-255,7156,98414,17,325036
17486,0.000807,74.125.130.0-255,1009,99423,17,325036
17487,0.000821,172.31.36.0-255,66,99489,17,325036
17488,0.000911,74.125.130.0-255,213,99702,17,325036
17489,0.000942,74.125.130.0-255,1484,101186,17,325036
17490,0.00099,74.125.130.0-255,2902,104088,17,325036
17491,0.001003,172.31.36.0-255,66,104154,17,325036
17492,0.001007,74.125.130.0-255,1484,105638,17,325036
17493,0.001014,74.125.130.0-255,5738,111376,17,325036
17494,0.001023,74.125.130.0-255,4320,115696,17,325036
17495,0.001034,172.31.36.0-255,66,115762,17,325036
17496,0.001045,74.125.130.0-255,5738,121500,17,325036
17497,0.001086,74.125.130.0-255,1484,122984,17,325036
17498,0.001088,74.125.130.0-255,766,123750,17,325036
17499,0.001099,172.31.36.0-255,66,123816,17,325036
17500,0.001794,74.125.130.0-255,1484,125300,17,325036
17501,0.001816,74.125.130.0-255,2902,128202,17,325036
17502,0.001824,74.125.130.0-255,5738,133940,17,325036
17503,0.001829,172.31.36.0-255,66,134006,17,325036
17504,0.001838,74.125.130.0-255,1484,135490,17,325036
17505,0.001861,74.125.130.0-255,2902,138392,17,325036
17506,0.001884,74.125.130.0-255,4320,142712,17,325036
17507,0.001891,172.31.36.0-255,66,142778,17,325036
17508,0.001898,74.125.130.0-255,1484,144262,17,325036
17509,0.001901,74.125.130.0-255,1484,145746,17,325036
17510,0.001916,172.31.36.0-255,66,145812,17,325036
17511,0.001919,74.125.130.0-255,1484,147296,17,325036
17512,0.001941,74.125.130.0-255,1484,148780,17,325036
17513,0.001948,74.125.130.0-255,5738,154518,17,325036
17514,0.001953,74.125.130.0-255,3602,158120,17,325036
17515,0.001974,172.31.36.0-255,66,158186,17,325036
17516,0.004264,74.125.130.0-255,5738,163924,17,325036
17517,0.004272,172.31.36.0-255,66,163990,17,325036
17518,0.006563,74.125.130.0-255,5738,169728,17,325036
17519,0.007325,172.31.36.0-255,66,169794,17,325036
17520,0.009627,74.125.130.0-255,5738,175532,17,325036
17521,0.00964,172.31.36.0-255,66,175598,17,325036
17522,0.011945,74.125.130.0-255,5738,181336,17,325036
17523,0.014412,172.31.36.0-255,66,181402,17,325036
17524,0.016713,74.125.130.0-255,5738,187140,17,325036
17525,0.016727,172.31.36.0-255,66,187206,17,325036
17526,0.019023,74.125.130.0-255,5738,192944,17,325036
17527,0.019032,172.31.36.0-255,66,193010,17,325036
17528,0.021321,74.125.130.0-255,5738,198748,17,325036
17529,0.021332,172.31.36.0-255,66,198814,17,325036
17530,0.023629,74.125.130.0-255,5738,204552,17,325036
17531,0.023645,172.31.36.0-255,66,204618,17,325036
17532,0.025938,74.125.130.0-255,5738,210356,17,325036
17533,0.025953,172.31.36.0-255,66,210422,17,325036
17534,0.028258,74.125.130.0-255,5738,216160,17,325036
17535,0.028271,172.31.36.0-255,66,216226,17,325036
17536,0.03039,172.31.36.0-255,172,216398,17,325036
17537,0.030424,172.31.36.0-255,1117,217515,17,325036
17538,0.030497,172.31.36.0-255,1514,219029,17,325036
17539,0.030499,172.31.36.0-255,1271,220300,17,325036
17540,0.030553,74.125.130.0-255,1484,221784,17,325036
17541,0.030581,74.125.130.0-255,4320,226104,17,325036
17542,0.030585,172.31.36.0-255,66,226170,17,325036
17543,0.0319,104.244.42.0-255,66,226236,17,325036
17544,0.031993,104.244.42.0-255,66,226302,17,325036
17545,0.032039,104.244.42.0-255,66,226368,17,325036
17546,0.032872,74.125.130.0-255,5738,232106,17,325036
17547,0.032882,172.31.36.0-255,66,232172,17,325036
17548,0.03518,74.125.130.0-255,5738,237910,17,325036
17549,0.035188,172.31.36.0-255,66,237976,17,325036
17550,0.037484,74.125.130.0-255,5738,243714,17,325036
17551,0.037492,172.31.36.0-255,66,243780,17,325036
17552,0.039791,74.125.130.0-255,5738,249518,17,325036
17553,0.039801,172.31.36.0-255,66,249584,17,325036
17554,0.042102,74.125.130.0-255,5738,255322,17,325036
17555,0.042113,172.31.36.0-255,66,255388,17,325036
17556,0.044412,74.125.130.0-255,5738,261126,17,325036
17557,0.044419,172.31.36.0-255,66,261192,17,325036
17558,0.046711,74.125.130.0-255,5738,266930,17,325036
17559,0.046719,172.31.36.0-255,66,266996,17,325036
17560,0.049022,74.125.130.0-255,5738,272734,17,325036
17561,0.049032,172.31.36.0-255,66,272800,17,325036
17562,0.051344,74.125.130.0-255,5738,278538,17,325036
17563,0.051355,172.31.36.0-255,66,278604,17,325036
17564,0.053693,74.125.130.0-255,5738,284342,17,325036
17565,0.0537,172.31.36.0-255,66,284408,17,325036
17566,0.056011,74.125.130.0-255,5738,290146,17,325036
17567,0.056023,172.31.36.0-255,66,290212,17,325036
17568,0.05832,74.125.130.0-255,5738,295950,17,325036
17569,0.058337,172.31.36.0-255,66,296016,17,325036
17570,0.060635,74.125.130.0-255,5738,301754,17,325036
17571,0.060652,172.31.36.0-255,66,301820,17,325036
17572,0.062967,74.125.130.0-255,5738,307558,17,325036
17573,0.062976,172.31.36.0-255,66,307624,17,325036
17574,0.065257,74.125.130.0-255,5738,313362,17,325036
17575,0.065267,172.31.36.0-255,66,313428,17,325036
17576,0.067554,74.125.130.0-255,5738,319166,17,325036
17577,0.067566,172.31.36.0-255,66,319232,17,325036
17578,0.069866,74.125.130.0-255,5738,324970,17,325036
17579,0.069874,172.31.36.0-255,66,325036,17,325036
17580,0.0,74.125.24.0-255,148,148,17,229029
17581,3.1e-05,172.31.36.0-255,66,214,17,229029
17582,3.9e-05,74.125.24.0-255,1484,1698,17,229029
17583,4.4e-05,172.31.36.0-255,66,1764,17,229029
17584,4.9e-05,74.125.24.0-255,2902,4666,17,229029
17585,5.2e-05,172.31.36.0-255,66,4732,17,229029
17586,7.1e-05,74.125.24.0-255,2902,7634,17,229029
17587,7.3e-05,172.31.36.0-255,66,7700,17,229029
17588,9.6e-05,74.125.24.0-255,4320,12020,17,229029
17589,9.9e-05,172.31.36.0-255,66,12086,17,229029
17590,0.000178,74.125.24.0-255,2020,14106,17,229029
17591,0.000183,172.31.36.0-255,66,14172,17,229029
17592,0.000216,74.125.24.0-255,2902,17074,17,229029
17593,0.000219,172.31.36.0-255,66,17140,17,229029
17594,0.000264,74.125.24.0-255,2902,20042,17,229029
17595,0.000269,172.31.36.0-255,66,20108,17,229029
17596,0.000281,74.125.24.0-255,4320,24428,17,229029
17597,0.000285,172.31.36.0-255,66,24494,17,229029
17598,0.000365,74.125.24.0-255,2902,27396,17,229029
17599,0.000369,172.31.36.0-255,66,27462,17,229029
17600,0.000389,74.125.24.0-255,3961,31423,17,229029
17601,0.000392,172.31.36.0-255,66,31489,17,229029
17602,0.000478,74.125.24.0-255,7156,38645,17,229029
17603,0.000482,172.31.36.0-255,66,38711,17,229029
17604,0.000504,172.31.36.0-255,66,38777,17,229029
17605,0.000731,74.125.24.0-255,5738,44515,17,229029
17606,0.000736,172.31.36.0-255,66,44581,17,229029
17607,0.000781,172.31.36.0-255,66,44647,17,229029
17608,0.000984,74.125.24.0-255,345,44992,17,229029
17609,0.000989,172.31.36.0-255,66,45058,17,229029
17610,0.001031,172.31.36.0-255,66,45124,17,229029
17611,0.001059,172.31.36.0-255,66,45190,17,229029
17612,0.001357,172.31.36.0-255,66,45256,17,229029
17613,0.001376,74.125.24.0-255,2543,47799,17,229029
17614,0.001538,74.125.24.0-255,2902,50701,17,229029
17615,0.002071,74.125.24.0-255,7156,57857,17,229029
17616,0.00282,74.125.24.0-255,4320,62177,17,229029
17617,0.004932,172.31.36.0-255,66,62243,17,229029
17618,0.00718,74.125.24.0-255,5738,67981,17,229029
17619,0.007184,172.31.36.0-255,66,68047,17,229029
17620,0.009433,74.125.24.0-255,5738,73785,17,229029
17621,0.009441,172.31.36.0-255,66,73851,17,229029
17622,0.011689,74.125.24.0-255,5738,79589,17,229029
17623,0.011696,172.31.36.0-255,66,79655,17,229029
17624,0.01395,74.125.24.0-255,5738,85393,17,229029
17625,0.013959,172.31.36.0-255,66,85459,17,229029
17626,0.01622,74.125.24.0-255,5738,91197,17,229029
17627,0.016227,172.31.36.0-255,66,91263,17,229029
17628,0.01849,74.125.24.0-255,5738,97001,17,229029
17629,0.018496,172.31.36.0-255,66,97067,17,229029
17630,0.020756,74.125.24.0-255,5738,102805,17,229029
17631,0.020762,172.31.36.0-255,66,102871,17,229029
17632,0.023005,74.125.24.0-255,5738,108609,17,229029
17633,0.023014,172.31.36.0-255,66,108675,17,229029
17634,0.025285,74.125.24.0-255,5738,114413,17,229029
17635,0.025291,172.31.36.0-255,66,114479,17,229029
17636,0.027264,172.31.36.0-255,172,114651,17,229029
17637,0.027319,172.31.36.0-255,1116,115767,17,229029
17638,0.027412,172.31.36.0-255,1514,117281,17,229029
17639,0.027414,172.31.36.0-255,1274,118555,17,229029
17640,0.027528,74.125.24.0-255,5738,124293,17,229029
17641,0.027534,172.31.36.0-255,66,124359,17,229029
17642,0.028765,104.244.42.0-255,66,124425,17,229029
17643,0.028809,104.244.42.0-255,66,124491,17,229029
17644,0.028916,104.244.42.0-255,66,124557,17,229029
17645,0.029796,74.125.24.0-255,5738,130295,17,229029
17646,0.029801,172.31.36.0-255,66,130361,17,229029
17647,0.032066,74.125.24.0-255,5738,136099,17,229029
17648,0.032073,172.31.36.0-255,66,136165,17,229029
17649,0.034332,74.125.24.0-255,5738,141903,17,229029
17650,0.034337,172.31.36.0-255,66,141969,17,229029
17651,0.036611,74.125.24.0-255,5738,147707,17,229029
17652,0.036618,172.31.36.0-255,66,147773,17,229029
17653,0.038888,74.125.24.0-255,5738,153511,17,229029
17654,0.038895,172.31.36.0-255,66,153577,17,229029
17655,0.041162,74.125.24.0-255,5738,159315,17,229029
17656,0.041169,172.31.36.0-255,66,159381,17,229029
17657,0.043445,74.125.24.0-255,5738,165119,17,229029
17658,0.043451,172.31.36.0-255,66,165185,17,229029
17659,0.045722,74.125.24.0-255,5738,170923,17,229029
17660,0.045728,172.31.36.0-255,66,170989,17,229029
17661,0.047998,74.125.24.0-255,5738,176727,17,229029
17662,0.048005,172.31.36.0-255,66,176793,17,229029
17663,0.050283,74.125.24.0-255,5738,182531,17,229029
17664,0.05029,172.31.36.0-255,66,182597,17,229029
17665,0.052552,74.125.24.0-255,5738,188335,17,229029
17666,0.052559,172.31.36.0-255,66,188401,17,229029
17667,0.054825,74.125.24.0-255,5738,194139,17,229029
17668,0.054833,172.31.36.0-255,66,194205,17,229029
17669,0.057144,74.125.24.0-255,5738,199943,17,229029
17670,0.057151,172.31.36.0-255,66,200009,17,229029
17671,0.059393,74.125.24.0-255,5738,205747,17,229029
17672,0.0594,172.31.36.0-255,66,205813,17,229029
17673,0.06168,74.125.24.0-255,5738,211551,17,229029
17674,0.061687,172.31.36.0-255,66,211617,17,229029
17675,0.063957,74.125.24.0-255,5738,217355,17,229029
17676,0.063963,172.31.36.0-255,66,217421,17,229029
17677,0.066263,74.125.24.0-255,5738,223159,17,229029
17678,0.06627,172.31.36.0-255,66,223225,17,229029
17679,0.068535,74.125.24.0-255,5738,228963,17,229029
17680,0.068542,172.31.36.0-255,66,229029,17,229029
17681,0.0,74.125.200.0-255,145,145,17,326052
17682,3.3e-05,172.31.36.0-255,66,211,17,326052
17683,4e-05,74.125.200.0-255,1484,1695,17,326052
17684,4.5e-05,172.31.36.0-255,66,1761,17,326052
17685,4.8e-05,74.125.200.0-255,1484,3245,17,326052
17686,5.1e-05,172.31.36.0-255,66,3311,17,326052
17687,5.6e-05,74.125.200.0-255,2902,6213,17,326052
17688,5.8e-05,172.31.36.0-255,66,6279,17,326052
17689,8.2e-05,74.125.200.0-255,2902,9181,17,326052
17690,8.5e-05,172.31.36.0-255,66,9247,17,326052
17691,0.000109,74.125.200.0-255,2902,12149,17,326052
17692,0.000111,172.31.36.0-255,66,12215,17,326052
17693,0.000115,74.125.200.0-255,1484,13699,17,326052
17694,0.000117,172.31.36.0-255,66,13765,17,326052
17695,0.00016,172.31.36.0-255,66,13831,17,326052
17696,0.000193,74.125.200.0-255,5738,19569,17,326052
17697,0.000197,172.31.36.0-255,66,19635,17,326052
17698,0.000214,74.125.200.0-255,2543,22178,17,326052
17699,0.000216,172.31.36.0-255,66,22244,17,326052
17700,0.000248,74.125.200.0-255,1484,23728,17,326052
17701,0.00025,172.31.36.0-255,66,23794,17,326052
17702,0.000267,74.125.200.0-255,2902,26696,17,326052
17703,0.00027,172.31.36.0-255,66,26762,17,326052
17704,0.000274,74.125.200.0-255,2902,29664,17,326052
17705,0.000278,172.31.36.0-255,66,29730,17,326052
17706,0.000293,74.125.200.0-255,2902,32632,17,326052
17707,0.000297,172.31.36.0-255,66,32698,17,326052
17708,0.000305,74.125.200.0-255,6797,39495,17,326052
17709,0.000308,172.31.36.0-255,66,39561,17,326052
17710,0.000808,74.125.200.0-255,1484,41045,17,326052
17711,0.000813,172.31.36.0-255,66,41111,17,326052
17712,0.000821,74.125.200.0-255,1484,42595,17,326052
17713,0.000835,74.125.200.0-255,1484,44079,17,326052
17714,0.000838,172.31.36.0-255,66,44145,17,326052
17715,0.000859,74.125.200.0-255,4320,48465,17,326052
17716,0.000861,172.31.36.0-255,66,48531,17,326052
17717,0.000879,74.125.200.0-255,1484,50015,17,326052
17718,0.000884,74.125.200.0-255,2902,52917,17,326052
17719,0.000886,172.31.36.0-255,66,52983,17,326052
17720,0.000891,74.125.200.0-255,3961,56944,17,326052
17721,0.000893,172.31.36.0-255,66,57010,17,326052
17722,0.000905,172.31.36.0-255,66,57076,17,326052
17723,0.000909,74.125.200.0-255,2902,59978,17,326052
17724,0.000912,172.31.36.0-255,66,60044,17,326052
17725,0.000949,74.125.200.0-255,5379,65423,17,326052
17726,0.000953,172.31.36.0-255,66,65489,17,326052
17727,0.001092,74.125.200.0-255,1484,66973,17,326052
17728,0.001113,74.125.200.0-255,1484,68457,17,326052
17729,0.001117,172.31.36.0-255,66,68523,17,326052
17730,0.001126,74.125.200.0-255,2902,71425,17,326052
17731,0.001129,172.31.36.0-255,66,71491,17,326052
17732,0.00116,74.125.200.0-255,5738,77229,17,326052
17733,0.001163,172.31.36.0-255,66,77295,17,326052
17734,0.00118,74.125.200.0-255,2902,80197,17,326052
17735,0.001182,172.31.36.0-255,66,80263,17,326052
17736,0.001208,74.125.200.0-255,3123,83386,17,326052
17737,0.001212,172.31.36.0-255,66,83452,17,326052
17738,0.001463,74.125.200.0-255,1484,84936,17,326052
17739,0.00152,74.125.200.0-255,2902,87838,17,326052
17740,0.001524,172.31.36.0-255,66,87904,17,326052
17741,0.001541,74.125.200.0-255,1484,89388,17,326052
17742,0.001556,74.125.200.0-255,2902,92290,17,326052
17743,0.001559,172.31.36.0-255,66,92356,17,326052
17744,0.001562,74.125.200.0-255,1484,93840,17,326052
17745,0.001604,74.125.200.0-255,1484,95324,17,326052
17746,0.001606,172.31.36.0-255,66,95390,17,326052
17747,0.001635,74.125.200.0-255,2902,98292,17,326052
17748,0.001638,172.31.36.0-255,66,98358,17,326052
17749,0.001653,74.125.200.0-255,2902,101260,17,326052
17750,0.001655,172.31.36.0-255,66,101326,17,326052
17751,0.001708,74.125.200.0-255,2902,104228,17,326052
17752,0.001711,172.31.36.0-255,66,104294,17,326052
17753,0.001754,74.125.200.0-255,2902,107196,17,326052
17754,0.001756,172.31.36.0-255,66,107262,17,326052
17755,0.001771,74.125.200.0-255,1484,108746,17,326052
17756,0.001784,74.125.200.0-255,2902,111648,17,326052
17757,0.001786,172.31.36.0-255,66,111714,17,326052
17758,0.001804,74.125.200.0-255,2902,114616,17,326052
17759,0.001806,172.31.36.0-255,66,114682,17,326052
17760,0.001842,74.125.200.0-255,3602,118284,17,326052
17761,0.001845,172.31.36.0-255,66,118350,17,326052
17762,0.001994,74.125.200.0-255,1484,119834,17,326052
17763,0.002014,74.125.200.0-255,1484,121318,17,326052
17764,0.002017,172.31.36.0-255,66,121384,17,326052
17765,0.003815,74.125.200.0-255,1484,122868,17,326052
17766,0.003826,74.125.200.0-255,1484,124352,17,326052
17767,0.003829,172.31.36.0-255,66,124418,17,326052
17768,0.004032,74.125.200.0-255,2902,127320,17,326052
17769,0.004035,172.31.36.0-255,66,127386,17,326052
17770,0.005796,74.125.200.0-255,2902,130288,17,326052
17771,0.005799,172.31.36.0-255,66,130354,17,326052
17772,0.006011,74.125.200.0-255,2902,133256,17,326052
17773,0.006018,172.31.36.0-255,66,133322,17,326052
17774,0.007783,74.125.200.0-255,2902,136224,17,326052
17775,0.00779,172.31.36.0-255,66,136290,17,326052
17776,0.007985,74.125.200.0-255,2902,139192,17,326052
17777,0.00799,172.31.36.0-255,66,139258,17,326052
17778,0.009805,74.125.200.0-255,2902,142160,17,326052
17779,0.009814,172.31.36.0-255,66,142226,17,326052
17780,0.009967,74.125.200.0-255,2902,145128,17,326052
17781,0.009972,172.31.36.0-255,66,145194,17,326052
17782,0.011792,74.125.200.0-255,2902,148096,17,326052
17783,0.011799,172.31.36.0-255,66,148162,17,326052
17784,0.011947,74.125.200.0-255,2902,151064,17,326052
17785,0.011952,172.31.36.0-255,66,151130,17,326052
17786,0.013792,74.125.200.0-255,2902,154032,17,326052
17787,0.013802,172.31.36.0-255,66,154098,17,326052
17788,0.013914,74.125.200.0-255,2902,157000,17,326052
17789,0.013919,172.31.36.0-255,66,157066,17,326052
17790,0.01578,74.125.200.0-255,2902,159968,17,326052
17791,0.015789,172.31.36.0-255,66,160034,17,326052
17792,0.015891,74.125.200.0-255,2902,162936,17,326052
17793,0.015896,172.31.36.0-255,66,163002,17,326052
17794,0.017773,74.125.200.0-255,2902,165904,17,326052
17795,0.01778,172.31.36.0-255,66,165970,17,326052
17796,0.017863,74.125.200.0-255,2902,168872,17,326052
17797,0.017869,172.31.36.0-255,66,168938,17,326052
17798,0.019758,74.125.200.0-255,2902,171840,17,326052
17799,0.019764,172.31.36.0-255,66,171906,17,326052
17800,0.019842,74.125.200.0-255,2902,174808,17,326052
17801,0.019848,172.31.36.0-255,66,174874,17,326052
17802,0.021787,74.125.200.0-255,2902,177776,17,326052
17803,0.021794,172.31.36.0-255,66,177842,17,326052
17804,0.021815,74.125.200.0-255,1484,179326,17,326052
17805,0.021828,74.125.200.0-255,1484,180810,17,326052
17806,0.021832,172.31.36.0-255,66,180876,17,326052
17807,0.023809,74.125.200.0-255,4320,185196,17,326052
17808,0.023816,172.31.36.0-255,66,185262,17,326052
17809,0.023839,74.125.200.0-255,1484,186746,17,326052
17810,0.025807,74.125.200.0-255,4320,191066,17,326052
17811,0.025814,172.31.36.0-255,66,191132,17,326052
17812,0.027814,74.125.200.0-255,5738,196870,17,326052
17813,0.027822,172.31.36.0-255,66,196936,17,326052
17814,0.029155,172.31.36.0-255,172,197108,17,326052
17815,0.02919,172.31.36.0-255,1117,198225,17,326052
17816,0.029259,172.31.36.0-255,1514,199739,17,326052
17817,0.029261,172.31.36.0-255,1514,201253,17,326052
17818,0.029261,172.31.36.0-255,1514,202767,17,326052
17819,0.029262,172.31.36.0-255,1514,204281,17,326052
17820,0.029291,172.31.36.0-255,1469,205750,17,326052
17821,0.029811,74.125.200.0-255,5738,211488,17,326052
17822,0.029817,172.31.36.0-255,66,211554,17,326052
17823,0.030659,104.244.42.0-255,66,211620,17,326052
17824,0.030724,104.244.42.0-255,66,211686,17,326052
17825,0.030839,104.244.42.0-255,66,211752,17,326052
17826,0.031813,74.125.200.0-255,5738,217490,17,326052
17827,0.031818,172.31.36.0-255,66,217556,17,326052
17828,0.033801,74.125.200.0-255,5738,223294,17,326052
17829,0.033807,172.31.36.0-255,66,223360,17,326052
17830,0.035792,74.125.200.0-255,5738,229098,17,326052
17831,0.035797,172.31.36.0-255,66,229164,17,326052
17832,0.037799,74.125.200.0-255,4320,233484,17,326052
17833,0.037805,172.31.36.0-255,66,233550,17,326052
17834,0.037823,74.125.200.0-255,1484,235034,17,326052
17835,0.039797,74.125.200.0-255,4320,239354,17,326052
17836,0.039802,172.31.36.0-255,66,239420,17,326052
17837,0.041786,74.125.200.0-255,5738,245158,17,326052
17838,0.041792,172.31.36.0-255,66,245224,17,326052
17839,0.043775,74.125.200.0-255,5738,250962,17,326052
17840,0.043781,172.31.36.0-255,66,251028,17,326052
17841,0.045756,74.125.200.0-255,5738,256766,17,326052
17842,0.045762,172.31.36.0-255,66,256832,17,326052
17843,0.047737,74.125.200.0-255,5738,262570,17,326052
17844,0.047743,172.31.36.0-255,66,262636,17,326052
17845,0.049714,74.125.200.0-255,5738,268374,17,326052
17846,0.049719,172.31.36.0-255,66,268440,17,326052
17847,0.051688,74.125.200.0-255,4320,272760,17,326052
17848,0.051693,172.31.36.0-255,66,272826,17,326052
17849,0.051722,74.125.200.0-255,1484,274310,17,326052
17850,0.053665,74.125.200.0-255,4320,278630,17,326052
17851,0.053671,172.31.36.0-255,66,278696,17,326052
17852,0.055658,74.125.200.0-255,5738,284434,17,326052
17853,0.055663,172.31.36.0-255,66,284500,17,326052
17854,0.057637,74.125.200.0-255,2902,287402,17,326052
17855,0.057643,172.31.36.0-255,66,287468,17,326052
17856,0.057672,74.125.200.0-255,2902,290370,17,326052
17857,0.057675,172.31.36.0-255,66,290436,17,326052
17858,0.059621,74.125.200.0-255,2902,293338,17,326052
17859,0.059626,172.31.36.0-255,66,293404,17,326052
17860,0.059662,74.125.200.0-255,2902,296306,17,326052
17861,0.059665,172.31.36.0-255,66,296372,17,326052
17862,0.061608,74.125.200.0-255,2902,299274,17,326052
17863,0.061614,172.31.36.0-255,66,299340,17,326052
17864,0.061646,74.125.200.0-255,2902,302242,17,326052
17865,0.061649,172.31.36.0-255,66,302308,17,326052
17866,0.063588,74.125.200.0-255,2902,305210,17,326052
17867,0.063594,172.31.36.0-255,66,305276,17,326052
17868,0.063624,74.125.200.0-255,2902,308178,17,326052
17869,0.063627,172.31.36.0-255,66,308244,17,326052
17870,0.065574,74.125.200.0-255,2902,311146,17,326052
17871,0.06558,172.31.36.0-255,66,311212,17,326052
17872,0.065615,74.125.200.0-255,2902,314114,17,326052
17873,0.065618,172.31.36.0-255,66,314180,17,326052
17874,0.067583,74.125.200.0-255,2902,317082,17,326052
17875,0.067589,172.31.36.0-255,66,317148,17,326052
17876,0.067619,74.125.200.0-255,2902,320050,17,326052
17877,0.067622,172.31.36.0-255,66,320116,17,326052
17878,0.069564,74.125.200.0-255,2902,323018,17,326052
17879,0.069569,172.31.36.0-255,66,323084,17,326052
17880,0.069636,74.125.200.0-255,2902,325986,17,326052
17881,0.069641,172.31.36.0-255,66,326052,17,326052
17882,0.0,74.125.130.0-255,152,152,17,295680
17883,3.2e-05,172.31.36.0-255,66,218,17,295680
17884,4e-05,74.125.130.0-255,1484,1702,17,295680
17885,4.4e-05,172.31.36.0-255,66,1768,17,295680
17886,4.9e-05,74.125.130.0-255,2902,4670,17,295680
17887,6e-05,172.31.36.0-255,66,4736,17,295680
17888,6.3e-05,74.125.130.0-255,1484,6220,17,295680
17889,6.5e-05,172.31.36.0-255,66,6286,17,295680
17890,6.9e-05,74.125.130.0-255,1484,7770,17,295680
17891,7.1e-05,172.31.36.0-255,66,7836,17,295680
17892,9.7e-05,74.125.130.0-255,1484,9320,17,295680
17893,0.0001,172.31.36.0-255,66,9386,17,295680
17894,0.000122,74.125.130.0-255,4802,14188,17,295680
17895,0.000125,172.31.36.0-255,66,14254,17,295680
17896,0.000216,74.125.130.0-255,1484,15738,17,295680
17897,0.00022,172.31.36.0-255,66,15804,17,295680
17898,0.000225,74.125.130.0-255,2902,18706,17,295680
17899,0.000228,172.31.36.0-255,66,18772,17,295680
17900,0.00028,74.125.130.0-255,5738,24510,17,295680
17901,0.000283,74.125.130.0-255,1484,25994,17,295680
17902,0.000287,74.125.130.0-255,2902,28896,17,295680
17903,0.000287,172.31.36.0-255,66,28962,17,295680
17904,0.000291,172.31.36.0-255,66,29028,17,295680
17905,0.000295,172.31.36.0-255,66,29094,17,295680
17906,0.000317,74.125.130.0-255,2543,31637,17,295680
17907,0.000321,172.31.36.0-255,66,31703,17,295680
17908,0.000349,74.125.130.0-255,2902,34605,17,295680
17909,0.000352,172.31.36.0-255,66,34671,17,295680
17910,0.000385,74.125.130.0-255,7156,41827,17,295680
17911,0.000389,172.31.36.0-255,66,41893,17,295680
17912,0.000394,74.125.130.0-255,2902,44795,17,295680
17913,0.000397,172.31.36.0-255,66,44861,17,295680
17914,0.000436,74.125.130.0-255,1484,46345,17,295680
17915,0.000451,74.125.130.0-255,2543,48888,17,295680
17916,0.000455,172.31.36.0-255,66,48954,17,295680
17917,0.001373,74.125.130.0-255,1484,50438,17,295680
17918,0.001382,74.125.130.0-255,1484,51922,17,295680
17919,0.001386,172.31.36.0-255,66,51988,17,295680
17920,0.001397,74.125.130.0-255,1484,53472,17,295680
17921,0.001411,74.125.130.0-255,1484,54956,17,295680
17922,0.001413,172.31.36.0-255,66,55022,17,295680
17923,0.001416,74.125.130.0-255,1484,56506,17,295680
17924,0.001444,74.125.130.0-255,4320,60826,17,295680
17925,0.001447,172.31.36.0-255,66,60892,17,295680
17926,0.00145,74.125.130.0-255,1484,62376,17,295680
17927,0.001454,74.125.130.0-255,2902,65278,17,295680
17928,0.001456,172.31.36.0-255,66,65344,17,295680
17929,0.001478,74.125.130.0-255,1125,66469,17,295680
17930,0.00182,74.125.130.0-255,1484,67953,17,295680
17931,0.001822,172.31.36.0-255,66,68019,17,295680
17932,0.001848,74.125.130.0-255,1484,69503,17,295680
17933,0.001852,74.125.130.0-255,2902,72405,17,295680
17934,0.001854,172.31.36.0-255,66,72471,17,295680
17935,0.001865,74.125.130.0-255,1484,73955,17,295680
17936,0.001881,74.125.130.0-255,4320,78275,17,295680
17937,0.001883,172.31.36.0-255,66,78341,17,295680
17938,0.001888,74.125.130.0-255,2902,81243,17,295680
17939,0.001889,172.31.36.0-255,66,81309,17,295680
17940,0.001906,74.125.130.0-255,2902,84211,17,295680
17941,0.001907,172.31.36.0-255,66,84277,17,295680
17942,0.001925,74.125.130.0-255,1125,85402,17,295680
17943,0.001955,172.31.36.0-255,66,85468,17,295680
17944,0.00196,74.125.130.0-255,4320,89788,17,295680
17945,0.001961,172.31.36.0-255,66,89854,17,295680
17946,0.001995,74.125.130.0-255,2543,92397,17,295680
17947,0.001998,172.31.36.0-255,66,92463,17,295680
17948,0.003984,74.125.130.0-255,2902,95365,17,295680
17949,0.003987,172.31.36.0-255,66,95431,17,295680
17950,0.004025,74.125.130.0-255,2902,98333,17,295680
17951,0.004028,172.31.36.0-255,66,98399,17,295680
17952,0.005997,74.125.130.0-255,2902,101301,17,295680
17953,0.006003,172.31.36.0-255,66,101367,17,295680
17954,0.006032,74.125.130.0-255,2902,104269,17,295680
17955,0.006035,172.31.36.0-255,66,104335,17,295680
17956,0.006247,172.31.36.0-255,101,104436,17,295680
17957,0.00802,74.125.130.0-255,2902,107338,17,295680
17958,0.008027,172.31.36.0-255,66,107404,17,295680
17959,0.008059,74.125.130.0-255,2902,110306,17,295680
17960,0.008063,172.31.36.0-255,66,110372,17,295680
17961,0.00823,74.125.130.0-255,66,110438,17,295680
17962,0.010046,74.125.130.0-255,2902,113340,17,295680
17963,0.010053,172.31.36.0-255,66,113406,17,295680
17964,0.010089,74.125.130.0-255,2902,116308,17,295680
17965,0.010092,172.31.36.0-255,66,116374,17,295680
17966,0.012066,74.125.130.0-255,2902,119276,17,295680
17967,0.012074,172.31.36.0-255,66,119342,17,295680
17968,0.012119,74.125.130.0-255,2902,122244,17,295680
17969,0.012123,172.31.36.0-255,66,122310,17,295680
17970,0.014104,74.125.130.0-255,2902,125212,17,295680
17971,0.014111,172.31.36.0-255,66,125278,17,295680
17972,0.014151,74.125.130.0-255,2902,128180,17,295680
17973,0.014155,172.31.36.0-255,66,128246,17,295680
17974,0.016142,74.125.130.0-255,2902,131148,17,295680
17975,0.016149,172.31.36.0-255,66,131214,17,295680
17976,0.01619,74.125.130.0-255,2902,134116,17,295680
17977,0.016195,172.31.36.0-255,66,134182,17,295680
17978,0.01819,74.125.130.0-255,2902,137084,17,295680
17979,0.018196,172.31.36.0-255,66,137150,17,295680
17980,0.018337,74.125.130.0-255,2902,140052,17,295680
17981,0.018343,172.31.36.0-255,66,140118,17,295680
17982,0.020223,74.125.130.0-255,2902,143020,17,295680
17983,0.02023,172.31.36.0-255,66,143086,17,295680
17984,0.020352,74.125.130.0-255,2902,145988,17,295680
17985,0.020357,172.31.36.0-255,66,146054,17,295680
17986,0.022264,74.125.130.0-255,2902,148956,17,295680
17987,0.022273,172.31.36.0-255,66,149022,17,295680
17988,0.02236,74.125.130.0-255,2902,151924,17,295680
17989,0.022365,172.31.36.0-255,66,151990,17,295680
17990,0.024294,74.125.130.0-255,2902,154892,17,295680
17991,0.0243,172.31.36.0-255,66,154958,17,295680
17992,0.024385,74.125.130.0-255,2902,157860,17,295680
17993,0.024389,172.31.36.0-255,66,157926,17,295680
17994,0.024861,172.31.36.0-255,188,158114,17,295680
17995,0.024891,172.31.36.0-255,961,159075,17,295680
17996,0.024936,172.31.36.0-255,1514,160589,17,295680
17997,0.024937,172.31.36.0-255,1514,162103,17,295680
17998,0.024942,172.31.36.0-255,1514,163617,17,295680
17999,0.024944,172.31.36.0-255,1207,164824,17,295680
18000,0.026327,74.125.130.0-255,2902,167726,17,295680
18001,0.026333,172.31.36.0-255,66,167792,17,295680
18002,0.026398,74.125.130.0-255,2902,170694,17,295680
18003,0.026403,172.31.36.0-255,66,170760,17,295680
18004,0.026429,104.244.42.0-255,66,170826,17,295680
18005,0.026468,104.244.42.0-255,66,170892,17,295680
18006,0.026511,104.244.42.0-255,66,170958,17,295680
18007,0.026517,104.244.42.0-255,66,171024,17,295680
18008,0.028349,74.125.130.0-255,2902,173926,17,295680
18009,0.028355,172.31.36.0-255,66,173992,17,295680
18010,0.028415,74.125.130.0-255,2902,176894,17,295680
18011,0.028419,172.31.36.0-255,66,176960,17,295680
18012,0.030375,74.125.130.0-255,2902,179862,17,295680
18013,0.030381,172.31.36.0-255,66,179928,17,295680
18014,0.030433,74.125.130.0-255,2902,182830,17,295680
18015,0.030438,172.31.36.0-255,66,182896,17,295680
18016,0.032392,74.125.130.0-255,2902,185798,17,295680
18017,0.032397,172.31.36.0-255,66,185864,17,295680
18018,0.032441,74.125.130.0-255,2902,188766,17,295680
18019,0.032445,172.31.36.0-255,66,188832,17,295680
18020,0.034421,74.125.130.0-255,2902,191734,17,295680
18021,0.034426,172.31.36.0-255,66,191800,17,295680
18022,0.034458,74.125.130.0-255,2902,194702,17,295680
18023,0.034461,172.31.36.0-255,66,194768,17,295680
18024,0.03647,74.125.130.0-255,2902,197670,17,295680
18025,0.036475,172.31.36.0-255,66,197736,17,295680
18026,0.036511,74.125.130.0-255,2902,200638,17,295680
18027,0.036514,172.31.36.0-255,66,200704,17,295680
18028,0.03848,74.125.130.0-255,2902,203606,17,295680
18029,0.038485,172.31.36.0-255,66,203672,17,295680
18030,0.038526,74.125.130.0-255,2902,206574,17,295680
18031,0.03853,172.31.36.0-255,66,206640,17,295680
18032,0.040497,74.125.130.0-255,2902,209542,17,295680
18033,0.040515,172.31.36.0-255,66,209608,17,295680
18034,0.040541,74.125.130.0-255,2902,212510,17,295680
18035,0.040546,172.31.36.0-255,66,212576,17,295680
18036,0.042526,74.125.130.0-255,2902,215478,17,295680
18037,0.04253,172.31.36.0-255,66,215544,17,295680
18038,0.042564,74.125.130.0-255,2902,218446,17,295680
18039,0.042566,172.31.36.0-255,66,218512,17,295680
18040,0.044547,74.125.130.0-255,2902,221414,17,295680
18041,0.044552,172.31.36.0-255,66,221480,17,295680
18042,0.044586,74.125.130.0-255,2902,224382,17,295680
18043,0.044589,172.31.36.0-255,66,224448,17,295680
18044,0.046564,74.125.130.0-255,2902,227350,17,295680
18045,0.04657,172.31.36.0-255,66,227416,17,295680
18046,0.0466,74.125.130.0-255,2902,230318,17,295680
18047,0.046603,172.31.36.0-255,66,230384,17,295680
18048,0.048586,74.125.130.0-255,2902,233286,17,295680
18049,0.048592,172.31.36.0-255,66,233352,17,295680
18050,0.048624,74.125.130.0-255,2902,236254,17,295680
18051,0.048628,172.31.36.0-255,66,236320,17,295680
18052,0.050627,74.125.130.0-255,2902,239222,17,295680
18053,0.050634,172.31.36.0-255,66,239288,17,295680
18054,0.050663,74.125.130.0-255,2902,242190,17,295680
18055,0.050666,172.31.36.0-255,66,242256,17,295680
18056,0.05266,74.125.130.0-255,2902,245158,17,295680
18057,0.052666,172.31.36.0-255,66,245224,17,295680
18058,0.0527,74.125.130.0-255,2902,248126,17,295680
18059,0.052703,172.31.36.0-255,66,248192,17,295680
18060,0.054684,74.125.130.0-255,2902,251094,17,295680
18061,0.05469,172.31.36.0-255,66,251160,17,295680
18062,0.054741,74.125.130.0-255,2902,254062,17,295680
18063,0.054745,172.31.36.0-255,66,254128,17,295680
18064,0.056704,74.125.130.0-255,2902,257030,17,295680
18065,0.056709,172.31.36.0-255,66,257096,17,295680
18066,0.056751,74.125.130.0-255,2902,259998,17,295680
18067,0.056755,172.31.36.0-255,66,260064,17,295680
18068,0.058755,74.125.130.0-255,2902,262966,17,295680
18069,0.058762,172.31.36.0-255,66,263032,17,295680
18070,0.058795,74.125.130.0-255,2902,265934,17,295680
18071,0.058799,172.31.36.0-255,66,266000,17,295680
18072,0.060793,74.125.130.0-255,2902,268902,17,295680
18073,0.060798,172.31.36.0-255,66,268968,17,295680
18074,0.060866,74.125.130.0-255,2902,271870,17,295680
18075,0.06087,172.31.36.0-255,66,271936,17,295680
18076,0.062822,74.125.130.0-255,2902,274838,17,295680
18077,0.062829,172.31.36.0-255,66,274904,17,295680
18078,0.06287,74.125.130.0-255,2902,277806,17,295680
18079,0.062873,172.31.36.0-255,66,277872,17,295680
18080,0.064834,74.125.130.0-255,2902,280774,17,295680
18081,0.064839,172.31.36.0-255,66,280840,17,295680
18082,0.064879,74.125.130.0-255,2902,283742,17,295680
18083,0.064885,172.31.36.0-255,66,283808,17,295680
18084,0.066845,74.125.130.0-255,2902,286710,17,295680
18085,0.06685,172.31.36.0-255,66,286776,17,295680
18086,0.066894,74.125.130.0-255,2902,289678,17,295680
18087,0.066897,172.31.36.0-255,66,289744,17,295680
18088,0.06886,74.125.130.0-255,2902,292646,17,295680
18089,0.068866,172.31.36.0-255,66,292712,17,295680
18090,0.068902,74.125.130.0-255,2902,295614,17,295680
18091,0.068905,172.31.36.0-255,66,295680,17,295680
18092,0.0,172.217.194.0-255,143,143,17,188134
18093,1.4e-05,172.31.36.0-255,66,209,17,188134
18094,2.2e-05,172.217.194.0-255,1484,1693,17,188134
18095,2.7e-05,172.31.36.0-255,66,1759,17,188134
18096,3.3e-05,172.217.194.0-255,2902,4661,17,188134
18097,4.6e-05,172.31.36.0-255,66,4727,17,188134
18098,5.3e-05,172.217.194.0-255,5738,10465,17,188134
18099,5.8e-05,172.31.36.0-255,66,10531,17,188134
18100,8.9e-05,172.217.194.0-255,3523,14054,17,188134
18101,9.2e-05,172.31.36.0-255,66,14120,17,188134
18102,9.9e-05,172.217.194.0-255,4320,18440,17,188134
18103,0.000101,172.31.36.0-255,66,18506,17,188134
18104,0.000149,172.31.36.0-255,66,18572,17,188134
18105,0.000153,172.217.194.0-255,2543,21115,17,188134
18106,0.000155,172.31.36.0-255,66,21181,17,188134
18107,0.000214,172.217.194.0-255,1484,22665,17,188134
18108,0.000218,172.31.36.0-255,66,22731,17,188134
18109,0.000222,172.217.194.0-255,1484,24215,17,188134
18110,0.000224,172.31.36.0-255,66,24281,17,188134
18111,0.000254,172.217.194.0-255,1484,25765,17,188134
18112,0.000257,172.31.36.0-255,66,25831,17,188134
18113,0.000263,172.217.194.0-255,5738,31569,17,188134
18114,0.000266,172.31.36.0-255,66,31635,17,188134
18115,0.000302,172.217.194.0-255,6797,38432,17,188134
18116,0.000305,172.31.36.0-255,66,38498,17,188134
18117,0.000313,172.217.194.0-255,7156,45654,17,188134
18118,0.000315,172.31.36.0-255,66,45720,17,188134
18119,0.000345,172.217.194.0-255,1484,47204,17,188134
18120,0.000348,172.31.36.0-255,66,47270,17,188134
18121,0.000385,172.31.36.0-255,66,47336,17,188134
18122,0.000388,172.217.194.0-255,434,47770,17,188134
18123,0.000623,172.217.194.0-255,1484,49254,17,188134
18124,0.000629,172.31.36.0-255,66,49320,17,188134
18125,0.000635,172.217.194.0-255,2902,52222,17,188134
18126,0.000638,172.31.36.0-255,66,52288,17,188134
18127,0.000649,172.217.194.0-255,5738,58026,17,188134
18128,0.000652,172.31.36.0-255,66,58092,17,188134
18129,0.00068,172.217.194.0-255,4320,62412,17,188134
18130,0.000683,172.31.36.0-255,66,62478,17,188134
18131,0.000721,172.31.36.0-255,66,62544,17,188134
18132,0.000733,172.31.36.0-255,66,62610,17,188134
18133,0.000784,172.217.194.0-255,1484,64094,17,188134
18134,0.000789,172.217.194.0-255,2902,66996,17,188134
18135,0.000792,172.31.36.0-255,66,67062,17,188134
18136,0.000798,172.217.194.0-255,4320,71382,17,188134
18137,0.0008,172.31.36.0-255,66,71448,17,188134
18138,0.000815,172.217.194.0-255,1484,72932,17,188134
18139,0.000818,172.217.194.0-255,1484,74416,17,188134
18140,0.00082,172.31.36.0-255,66,74482,17,188134
18141,0.000862,172.31.36.0-255,66,74548,17,188134
18142,0.000876,172.31.36.0-255,66,74614,17,188134
18143,0.0009,172.217.194.0-255,2902,77516,17,188134
18144,0.000903,172.31.36.0-255,66,77582,17,188134
18145,0.000906,172.217.194.0-255,1484,79066,17,188134
18146,0.000942,172.217.194.0-255,2902,81968,17,188134
18147,0.000992,172.217.194.0-255,4320,86288,17,188134
18148,0.000999,172.31.36.0-255,66,86354,17,188134
18149,0.001002,172.31.36.0-255,66,86420,17,188134
18150,0.001011,172.31.36.0-255,66,86486,17,188134
18151,0.001021,172.217.194.0-255,5738,92224,17,188134
18152,0.001024,172.31.36.0-255,66,92290,17,188134
18153,0.001035,172.31.36.0-255,66,92356,17,188134
18154,0.001046,172.31.36.0-255,66,92422,17,188134
18155,0.00105,172.217.194.0-255,2902,95324,17,188134
18156,0.001052,172.31.36.0-255,66,95390,17,188134
18157,0.001093,172.217.194.0-255,1484,96874,17,188134
18158,0.001138,172.31.36.0-255,66,96940,17,188134
18159,0.001342,172.217.194.0-255,1484,98424,17,188134
18160,0.001369,172.217.194.0-255,2902,101326,17,188134
18161,0.001373,172.31.36.0-255,66,101392,17,188134
18162,0.001379,172.217.194.0-255,2902,104294,17,188134
18163,0.00138,172.31.36.0-255,66,104360,17,188134
18164,0.001414,172.217.194.0-255,2902,107262,17,188134
18165,0.001417,172.31.36.0-255,66,107328,17,188134
18166,0.001431,172.217.194.0-255,1484,108812,17,188134
18167,0.00146,172.217.194.0-255,4320,113132,17,188134
18168,0.001468,172.31.36.0-255,66,113198,17,188134
18169,0.001493,172.217.194.0-255,5020,118218,17,188134
18170,0.001508,172.217.194.0-255,4320,122538,17,188134
18171,0.001517,172.31.36.0-255,66,122604,17,188134
18172,0.001523,172.217.194.0-255,4320,126924,17,188134
18173,0.001525,172.217.194.0-255,1484,128408,17,188134
18174,0.00153,172.31.36.0-255,66,128474,17,188134
18175,0.0016,172.217.194.0-255,6438,134912,17,188134
18176,0.001609,172.31.36.0-255,66,134978,17,188134
18177,0.001618,172.217.194.0-255,1484,136462,17,188134
18178,0.001627,172.217.194.0-255,2902,139364,17,188134
18179,0.00163,172.217.194.0-255,1484,140848,17,188134
18180,0.001647,172.217.194.0-255,4320,145168,17,188134
18181,0.001684,172.31.36.0-255,66,145234,17,188134
18182,0.001688,172.217.194.0-255,4320,149554,17,188134
18183,0.001706,172.31.36.0-255,66,149620,17,188134
18184,0.001731,172.31.36.0-255,66,149686,17,188134
18185,0.001812,172.217.194.0-255,7156,156842,17,188134
18186,0.001866,172.217.194.0-255,7156,163998,17,188134
18187,0.001899,172.217.194.0-255,4320,168318,17,188134
18188,0.001905,172.31.36.0-255,66,168384,17,188134
18189,0.001915,172.217.194.0-255,4320,172704,17,188134
18190,0.001921,172.31.36.0-255,66,172770,17,188134
18191,0.001937,172.217.194.0-255,4320,177090,17,188134
18192,0.001948,172.217.194.0-255,2902,179992,17,188134
18193,0.001978,172.217.194.0-255,105,180097,17,188134
18194,0.00198,172.217.194.0-255,129,180226,17,188134
18195,0.001999,172.31.36.0-255,66,180292,17,188134
18196,0.011328,172.31.36.0-255,105,180397,17,188134
18197,0.011376,172.31.36.0-255,105,180502,17,188134
18198,0.011632,172.31.36.0-255,90,180592,17,188134
18199,0.011641,172.31.36.0-255,66,180658,17,188134
18200,0.013648,172.217.194.0-255,66,180724,17,188134
18201,0.013704,172.217.194.0-255,66,180790,17,188134
18202,0.013956,172.217.194.0-255,66,180856,17,188134
18203,0.013973,172.217.194.0-255,66,180922,17,188134
18204,0.01398,172.31.36.0-255,66,180988,17,188134
18205,0.033247,172.31.36.0-255,172,181160,17,188134
18206,0.033281,172.31.36.0-255,1117,182277,17,188134
18207,0.033343,172.31.36.0-255,1514,183791,17,188134
18208,0.033345,172.31.36.0-255,1514,185305,17,188134
18209,0.033351,172.31.36.0-255,1514,186819,17,188134
18210,0.033352,172.31.36.0-255,1051,187870,17,188134
18211,0.034819,104.244.42.0-255,66,187936,17,188134
18212,0.034857,104.244.42.0-255,66,188002,17,188134
18213,0.034909,104.244.42.0-255,66,188068,17,188134
18214,0.034923,104.244.42.0-255,66,188134,17,188134
18215,0.0,172.217.24.0-255,153,153,17,247962
18216,3.2e-05,172.31.36.0-255,66,219,17,247962
18217,3.9e-05,172.217.24.0-255,1484,1703,17,247962
18218,4.3e-05,172.31.36.0-255,66,1769,17,247962
18219,4.8e-05,172.217.24.0-255,2902,4671,17,247962
18220,5.1e-05,172.31.36.0-255,66,4737,17,247962
18221,6.5e-05,172.217.24.0-255,4320,9057,17,247962
18222,6.9e-05,172.31.36.0-255,66,9123,17,247962
18223,0.000108,172.217.24.0-255,4836,13959,17,247962
18224,0.000112,172.31.36.0-255,66,14025,17,247962
18225,0.000217,172.217.24.0-255,1484,15509,17,247962
18226,0.000222,172.31.36.0-255,66,15575,17,247962
18227,0.000227,172.217.24.0-255,2902,18477,17,247962
18228,0.000231,172.31.36.0-255,66,18543,17,247962
18229,0.000244,172.217.24.0-255,5738,24281,17,247962
18230,0.000247,172.31.36.0-255,66,24347,17,247962
18231,0.000256,172.217.24.0-255,6797,31144,17,247962
18232,0.000258,172.31.36.0-255,66,31210,17,247962
18233,0.000264,172.217.24.0-255,7156,38366,17,247962
18234,0.000267,172.31.36.0-255,66,38432,17,247962
18235,0.000318,172.31.36.0-255,66,38498,17,247962
18236,0.000337,172.31.36.0-255,66,38564,17,247962
18237,0.00034,172.217.24.0-255,397,38961,17,247962
18238,0.000342,172.31.36.0-255,66,39027,17,247962
18239,0.001262,172.217.24.0-255,113,39140,17,247962
18240,0.001268,172.31.36.0-255,66,39206,17,247962
18241,0.001444,172.217.24.0-255,1484,40690,17,247962
18242,0.00145,172.31.36.0-255,66,40756,17,247962
18243,0.001456,172.217.24.0-255,2902,43658,17,247962
18244,0.001458,172.31.36.0-255,66,43724,17,247962
18245,0.001471,172.217.24.0-255,5738,49462,17,247962
18246,0.001473,172.31.36.0-255,66,49528,17,247962
18247,0.001479,172.217.24.0-255,4320,53848,17,247962
18248,0.001481,172.31.36.0-255,66,53914,17,247962
18249,0.001501,172.31.36.0-255,66,53980,17,247962
18250,0.001519,172.31.36.0-255,66,54046,17,247962
18251,0.001547,172.217.24.0-255,2184,56230,17,247962
18252,0.003441,172.217.24.0-255,2902,59132,17,247962
18253,0.006307,172.31.36.0-255,66,59198,17,247962
18254,0.008243,172.217.24.0-255,5738,64936,17,247962
18255,0.00825,172.31.36.0-255,66,65002,17,247962
18256,0.010174,172.217.24.0-255,5738,70740,17,247962
18257,0.010182,172.31.36.0-255,66,70806,17,247962
18258,0.012111,172.217.24.0-255,5738,76544,17,247962
18259,0.01212,172.31.36.0-255,66,76610,17,247962
18260,0.014059,172.217.24.0-255,5738,82348,17,247962
18261,0.014066,172.31.36.0-255,66,82414,17,247962
18262,0.016006,172.217.24.0-255,5738,88152,17,247962
18263,0.016014,172.31.36.0-255,66,88218,17,247962
18264,0.017938,172.217.24.0-255,5738,93956,17,247962
18265,0.017945,172.31.36.0-255,66,94022,17,247962
18266,0.019876,172.217.24.0-255,5738,99760,17,247962
18267,0.019884,172.31.36.0-255,66,99826,17,247962
18268,0.021844,172.217.24.0-255,5738,105564,17,247962
18269,0.021852,172.31.36.0-255,66,105630,17,247962
18270,0.023789,172.217.24.0-255,4320,109950,17,247962
18271,0.023798,172.31.36.0-255,66,110016,17,247962
18272,0.023832,172.217.24.0-255,1484,111500,17,247962
18273,0.025723,172.217.24.0-255,4320,115820,17,247962
18274,0.025731,172.31.36.0-255,66,115886,17,247962
18275,0.027657,172.217.24.0-255,5738,121624,17,247962
18276,0.027662,172.31.36.0-255,66,121690,17,247962
18277,0.029599,172.217.24.0-255,5738,127428,17,247962
18278,0.029605,172.31.36.0-255,66,127494,17,247962
18279,0.031546,172.217.24.0-255,5738,133232,17,247962
18280,0.031554,172.31.36.0-255,66,133298,17,247962
18281,0.033485,172.217.24.0-255,5738,139036,17,247962
18282,0.033492,172.31.36.0-255,66,139102,17,247962
18283,0.035424,172.217.24.0-255,5738,144840,17,247962
18284,0.035433,172.31.36.0-255,66,144906,17,247962
18285,0.03738,172.217.24.0-255,5738,150644,17,247962
18286,0.037388,172.31.36.0-255,66,150710,17,247962
18287,0.039317,172.217.24.0-255,5738,156448,17,247962
18288,0.039325,172.31.36.0-255,66,156514,17,247962
18289,0.040793,172.31.36.0-255,188,156702,17,247962
18290,0.040836,172.31.36.0-255,961,157663,17,247962
18291,0.04091,172.31.36.0-255,1514,159177,17,247962
18292,0.040913,172.31.36.0-255,1427,160604,17,247962
18293,0.041287,172.217.24.0-255,5738,166342,17,247962
18294,0.041294,172.31.36.0-255,66,166408,17,247962
18295,0.042362,104.244.42.0-255,66,166474,17,247962
18296,0.042408,104.244.42.0-255,66,166540,17,247962
18297,0.04256,104.244.42.0-255,66,166606,17,247962
18298,0.043211,172.217.24.0-255,4320,170926,17,247962
18299,0.043216,172.31.36.0-255,66,170992,17,247962
18300,0.043244,172.217.24.0-255,1484,172476,17,247962
18301,0.045133,172.217.24.0-255,4320,176796,17,247962
18302,0.045136,172.31.36.0-255,66,176862,17,247962
18303,0.047087,172.217.24.0-255,5738,182600,17,247962
18304,0.047093,172.31.36.0-255,66,182666,17,247962
18305,0.049027,172.217.24.0-255,2902,185568,17,247962
18306,0.049037,172.31.36.0-255,66,185634,17,247962
18307,0.049073,172.217.24.0-255,2902,188536,17,247962
18308,0.049077,172.31.36.0-255,66,188602,17,247962
18309,0.050966,172.217.24.0-255,2902,191504,17,247962
18310,0.050973,172.31.36.0-255,66,191570,17,247962
18311,0.051007,172.217.24.0-255,2902,194472,17,247962
18312,0.05101,172.31.36.0-255,66,194538,17,247962
18313,0.052901,172.217.24.0-255,2902,197440,17,247962
18314,0.052909,172.31.36.0-255,66,197506,17,247962
18315,0.052944,172.217.24.0-255,2902,200408,17,247962
18316,0.052948,172.31.36.0-255,66,200474,17,247962
18317,0.054834,172.217.24.0-255,2902,203376,17,247962
18318,0.05484,172.31.36.0-255,66,203442,17,247962
18319,0.054877,172.217.24.0-255,2902,206344,17,247962
18320,0.054881,172.31.36.0-255,66,206410,17,247962
18321,0.056777,172.217.24.0-255,2902,209312,17,247962
18322,0.056785,172.31.36.0-255,66,209378,17,247962
18323,0.056816,172.217.24.0-255,2902,212280,17,247962
18324,0.056819,172.31.36.0-255,66,212346,17,247962
18325,0.058706,172.217.24.0-255,2902,215248,17,247962
18326,0.058712,172.31.36.0-255,66,215314,17,247962
18327,0.058746,172.217.24.0-255,2902,218216,17,247962
18328,0.058749,172.31.36.0-255,66,218282,17,247962
18329,0.060634,172.217.24.0-255,2902,221184,17,247962
18330,0.060641,172.31.36.0-255,66,221250,17,247962
18331,0.060681,172.217.24.0-255,2902,224152,17,247962
18332,0.060685,172.31.36.0-255,66,224218,17,247962
18333,0.062567,172.217.24.0-255,2902,227120,17,247962
18334,0.062575,172.31.36.0-255,66,227186,17,247962
18335,0.062611,172.217.24.0-255,2902,230088,17,247962
18336,0.062615,172.31.36.0-255,66,230154,17,247962
18337,0.064502,172.217.24.0-255,2902,233056,17,247962
18338,0.064509,172.31.36.0-255,66,233122,17,247962
18339,0.064542,172.217.24.0-255,2902,236024,17,247962
18340,0.064545,172.31.36.0-255,66,236090,17,247962
18341,0.066441,172.217.24.0-255,2902,238992,17,247962
18342,0.066452,172.31.36.0-255,66,239058,17,247962
18343,0.066489,172.217.24.0-255,2902,241960,17,247962
18344,0.066492,172.31.36.0-255,66,242026,17,247962
18345,0.068379,172.217.24.0-255,2902,244928,17,247962
18346,0.068387,172.31.36.0-255,66,244994,17,247962
18347,0.068422,172.217.24.0-255,2902,247896,17,247962
18348,0.068425,172.31.36.0-255,66,247962,17,247962
18349,0.0,172.253.118.0-255,152,152,17,218577
18350,2.4e-05,172.31.36.0-255,66,218,17,218577
18351,3.1e-05,172.253.118.0-255,1484,1702,17,218577
18352,3.6e-05,172.31.36.0-255,66,1768,17,218577
18353,4.9e-05,172.253.118.0-255,2902,4670,17,218577
18354,5.2e-05,172.31.36.0-255,66,4736,17,218577
18355,6e-05,172.253.118.0-255,7156,11892,17,218577
18356,6.3e-05,172.31.36.0-255,66,11958,17,218577
18357,6.6e-05,172.253.118.0-255,1484,13442,17,218577
18358,7e-05,172.31.36.0-255,66,13508,17,218577
18359,7.4e-05,172.253.118.0-255,683,14191,17,218577
18360,7.7e-05,172.31.36.0-255,66,14257,17,218577
18361,0.0004,172.253.118.0-255,1484,15741,17,218577
18362,0.000406,172.31.36.0-255,66,15807,17,218577
18363,0.000413,172.253.118.0-255,2902,18709,17,218577
18364,0.000416,172.31.36.0-255,66,18775,17,218577
18365,0.000428,172.253.118.0-255,5738,24513,17,218577
18366,0.000431,172.31.36.0-255,66,24579,17,218577
18367,0.000438,172.253.118.0-255,6797,31376,17,218577
18368,0.000441,172.31.36.0-255,66,31442,17,218577
18369,0.000499,172.31.36.0-255,66,31508,17,218577
18370,0.000506,172.253.118.0-255,5738,37246,17,218577
18371,0.000508,172.31.36.0-255,66,37312,17,218577
18372,0.000544,172.31.36.0-255,66,37378,17,218577
18373,0.00055,172.253.118.0-255,3602,40980,17,218577
18374,0.000552,172.31.36.0-255,66,41046,17,218577
18375,0.000555,172.253.118.0-255,429,41475,17,218577
18376,0.000557,172.31.36.0-255,66,41541,17,218577
18377,0.000756,172.253.118.0-255,1484,43025,17,218577
18378,0.000762,172.31.36.0-255,66,43091,17,218577
18379,0.000768,172.253.118.0-255,2902,45993,17,218577
18380,0.000771,172.31.36.0-255,66,46059,17,218577
18381,0.000801,172.253.118.0-255,5738,51797,17,218577
18382,0.000804,172.31.36.0-255,66,51863,17,218577
18383,0.000809,172.253.118.0-255,4320,56183,17,218577
18384,0.000812,172.31.36.0-255,66,56249,17,218577
18385,0.000848,172.31.36.0-255,66,56315,17,218577
18386,0.000855,172.253.118.0-255,7156,63471,17,218577
18387,0.000914,172.253.118.0-255,1484,64955,17,218577
18388,0.000932,172.253.118.0-255,2184,67139,17,218577
18389,0.000934,172.253.118.0-255,344,67483,17,218577
18390,0.000945,172.253.118.0-255,1484,68967,17,218577
18391,0.000965,172.253.118.0-255,4320,73287,17,218577
18392,0.000995,172.31.36.0-255,66,73353,17,218577
18393,0.001003,172.253.118.0-255,1484,74837,17,218577
18394,0.001039,172.253.118.0-255,5020,79857,17,218577
18395,0.001067,172.31.36.0-255,66,79923,17,218577
18396,0.001095,172.253.118.0-255,1484,81407,17,218577
18397,0.001101,172.253.118.0-255,2902,84309,17,218577
18398,0.001103,172.253.118.0-255,1484,85793,17,218577
18399,0.001114,172.31.36.0-255,66,85859,17,218577
18400,0.001131,172.253.118.0-255,4320,90179,17,218577
18401,0.001147,172.253.118.0-255,5738,95917,17,218577
18402,0.001162,172.253.118.0-255,4320,100237,17,218577
18403,0.001171,172.31.36.0-255,66,100303,17,218577
18404,0.001221,172.253.118.0-255,3602,103905,17,218577
18405,0.001228,172.31.36.0-255,66,103971,17,218577
18406,0.001249,172.253.118.0-255,1484,105455,17,218577
18407,0.001254,172.253.118.0-255,2902,108357,17,218577
18408,0.001262,172.31.36.0-255,66,108423,17,218577
18409,0.001275,172.253.118.0-255,5738,114161,17,218577
18410,0.001285,172.253.118.0-255,4320,118481,17,218577
18411,0.001296,172.253.118.0-255,1484,119965,17,218577
18412,0.001306,172.253.118.0-255,1484,121449,17,218577
18413,0.001319,172.31.36.0-255,66,121515,17,218577
18414,0.001374,172.31.36.0-255,66,121581,17,218577
18415,0.001479,172.253.118.0-255,1484,123065,17,218577
18416,0.001484,172.253.118.0-255,2902,125967,17,218577
18417,0.0015,172.253.118.0-255,5738,131705,17,218577
18418,0.001508,172.31.36.0-255,66,131771,17,218577
18419,0.001516,172.253.118.0-255,1484,133255,17,218577
18420,0.001582,172.253.118.0-255,2184,135439,17,218577
18421,0.001586,172.31.36.0-255,66,135505,17,218577
18422,0.001591,172.31.36.0-255,66,135571,17,218577
18423,0.001691,172.253.118.0-255,1484,137055,17,218577
18424,0.001697,172.253.118.0-255,2902,139957,17,218577
18425,0.001714,172.253.118.0-255,5738,145695,17,218577
18426,0.001765,172.253.118.0-255,7156,152851,17,218577
18427,0.00177,172.31.36.0-255,66,152917,17,218577
18428,0.001777,172.31.36.0-255,66,152983,17,218577
18429,0.001837,172.253.118.0-255,5020,158003,17,218577
18430,0.001911,172.253.118.0-255,5020,163023,17,218577
18431,0.001933,172.31.36.0-255,66,163089,17,218577
18432,0.001954,172.253.118.0-255,5738,168827,17,218577
18433,0.00199,172.253.118.0-255,1484,170311,17,218577
18434,0.001994,172.253.118.0-255,2902,173213,17,218577
18435,0.002013,172.31.36.0-255,66,173279,17,218577
18436,0.002018,172.253.118.0-255,2902,176181,17,218577
18437,0.002024,172.253.118.0-255,7156,183337,17,218577
18438,0.002044,172.253.118.0-255,1484,184821,17,218577
18439,0.002049,172.31.36.0-255,66,184887,17,218577
18440,0.002077,172.253.118.0-255,3602,188489,17,218577
18441,0.002106,172.31.36.0-255,66,188555,17,218577
18442,0.002124,172.253.118.0-255,1484,190039,17,218577
18443,0.002138,172.253.118.0-255,2902,192941,17,218577
18444,0.002142,172.253.118.0-255,2902,195843,17,218577
18445,0.002157,172.253.118.0-255,2902,198745,17,218577
18446,0.00216,172.253.118.0-255,1484,200229,17,218577
18447,0.002163,172.31.36.0-255,66,200295,17,218577
18448,0.002168,172.31.36.0-255,66,200361,17,218577
18449,0.002206,172.31.36.0-255,66,200427,17,218577
18450,0.002233,172.31.36.0-255,66,200493,17,218577
18451,0.002265,172.253.118.0-255,5020,205513,17,218577
18452,0.002274,172.253.118.0-255,7156,212669,17,218577
18453,0.002291,172.253.118.0-255,1127,213796,17,218577
18454,0.002295,172.31.36.0-255,66,213862,17,218577
18455,0.002303,172.253.118.0-255,105,213967,17,218577
18456,0.002773,172.31.36.0-255,101,214068,17,218577
18457,0.005054,172.253.118.0-255,66,214134,17,218577
18458,0.012178,172.31.36.0-255,105,214239,17,218577
18459,0.01445,172.253.118.0-255,66,214305,17,218577
18460,0.0434,172.31.36.0-255,172,214477,17,218577
18461,0.043436,172.31.36.0-255,1117,215594,17,218577
18462,0.043497,172.31.36.0-255,1514,217108,17,218577
18463,0.043499,172.31.36.0-255,1271,218379,17,218577
18464,0.044948,104.244.42.0-255,66,218445,17,218577
18465,0.044992,104.244.42.0-255,66,218511,17,218577
18466,0.04504,104.244.42.0-255,66,218577,17,218577
18467,0.0,74.125.130.0-255,152,152,17,322750
18468,2.3e-05,172.31.36.0-255,66,218,17,322750
18469,3.1e-05,74.125.130.0-255,1484,1702,17,322750
18470,3.5e-05,172.31.36.0-255,66,1768,17,322750
18471,4e-05,74.125.130.0-255,2902,4670,17,322750
18472,5.2e-05,172.31.36.0-255,66,4736,17,322750
18473,5.9e-05,74.125.130.0-255,7156,11892,17,322750
18474,6.2e-05,172.31.36.0-255,66,11958,17,322750
18475,6.6e-05,74.125.130.0-255,2046,14004,17,322750
18476,6.8e-05,172.31.36.0-255,66,14070,17,322750
18477,0.000164,74.125.130.0-255,1484,15554,17,322750
18478,0.000167,172.31.36.0-255,66,15620,17,322750
18479,0.000173,74.125.130.0-255,2902,18522,17,322750
18480,0.000175,172.31.36.0-255,66,18588,17,322750
18481,0.000194,74.125.130.0-255,2902,21490,17,322750
18482,0.000196,172.31.36.0-255,66,21556,17,322750
18483,0.000225,74.125.130.0-255,2902,24458,17,322750
18484,0.000228,172.31.36.0-255,66,24524,17,322750
18485,0.000233,74.125.130.0-255,4320,28844,17,322750
18486,0.000236,172.31.36.0-255,66,28910,17,322750
18487,0.000263,74.125.130.0-255,2543,31453,17,322750
18488,0.000266,172.31.36.0-255,66,31519,17,322750
18489,0.000363,74.125.130.0-255,1484,33003,17,322750
18490,0.000366,172.31.36.0-255,66,33069,17,322750
18491,0.000385,74.125.130.0-255,2902,35971,17,322750
18492,0.000388,172.31.36.0-255,66,36037,17,322750
18493,0.000415,74.125.130.0-255,5738,41775,17,322750
18494,0.000418,172.31.36.0-255,66,41841,17,322750
18495,0.000424,74.125.130.0-255,2902,44743,17,322750
18496,0.000426,172.31.36.0-255,66,44809,17,322750
18497,0.000431,74.125.130.0-255,3961,48770,17,322750
18498,0.000433,172.31.36.0-255,66,48836,17,322750
18499,0.00046,74.125.130.0-255,4320,53156,17,322750
18500,0.000462,172.31.36.0-255,66,53222,17,322750
18501,0.000485,74.125.130.0-255,4320,57542,17,322750
18502,0.000487,172.31.36.0-255,66,57608,17,322750
18503,0.000491,74.125.130.0-255,2902,60510,17,322750
18504,0.000493,172.31.36.0-255,66,60576,17,322750
18505,0.000538,74.125.130.0-255,5654,66230,17,322750
18506,0.000541,172.31.36.0-255,66,66296,17,322750
18507,0.000636,74.125.130.0-255,403,66699,17,322750
18508,0.000836,74.125.130.0-255,1484,68183,17,322750
18509,0.000841,172.31.36.0-255,66,68249,17,322750
18510,0.000847,74.125.130.0-255,2902,71151,17,322750
18511,0.00085,172.31.36.0-255,66,71217,17,322750
18512,0.000862,74.125.130.0-255,5738,76955,17,322750
18513,0.000865,172.31.36.0-255,66,77021,17,322750
18514,0.000872,74.125.130.0-255,6797,83818,17,322750
18515,0.000875,172.31.36.0-255,66,83884,17,322750
18516,0.000913,74.125.130.0-255,7156,91040,17,322750
18517,0.000916,172.31.36.0-255,66,91106,17,322750
18518,0.000952,74.125.130.0-255,4320,95426,17,322750
18519,0.000954,172.31.36.0-255,66,95492,17,322750
18520,0.000983,74.125.130.0-255,5379,100871,17,322750
18521,0.000985,172.31.36.0-255,66,100937,17,322750
18522,0.001319,74.125.130.0-255,1484,102421,17,322750
18523,0.001324,74.125.130.0-255,1484,103905,17,322750
18524,0.001329,172.31.36.0-255,66,103971,17,322750
18525,0.00136,74.125.130.0-255,1484,105455,17,322750
18526,0.001389,74.125.130.0-255,4320,109775,17,322750
18527,0.001392,172.31.36.0-255,66,109841,17,322750
18528,0.001427,74.125.130.0-255,1484,111325,17,322750
18529,0.00146,74.125.130.0-255,2902,114227,17,322750
18530,0.001468,172.31.36.0-255,66,114293,17,322750
18531,0.00151,74.125.130.0-255,1484,115777,17,322750
18532,0.001573,74.125.130.0-255,1484,117261,17,322750
18533,0.001576,172.31.36.0-255,66,117327,17,322750
18534,0.001604,74.125.130.0-255,2902,120229,17,322750
18535,0.001607,172.31.36.0-255,66,120295,17,322750
18536,0.001709,74.125.130.0-255,1484,121779,17,322750
18537,0.001794,74.125.130.0-255,1484,123263,17,322750
18538,0.001798,172.31.36.0-255,66,123329,17,322750
18539,0.001802,74.125.130.0-255,1484,124813,17,322750
18540,0.001821,74.125.130.0-255,1484,126297,17,322750
18541,0.001823,172.31.36.0-255,66,126363,17,322750
18542,0.001827,74.125.130.0-255,1484,127847,17,322750
18543,0.00185,74.125.130.0-255,2902,130749,17,322750
18544,0.001853,172.31.36.0-255,66,130815,17,322750
18545,0.001882,74.125.130.0-255,5020,135835,17,322750
18546,0.001884,172.31.36.0-255,66,135901,17,322750
18547,0.003999,74.125.130.0-255,5738,141639,17,322750
18548,0.004006,172.31.36.0-255,66,141705,17,322750
18549,0.006133,74.125.130.0-255,2902,144607,17,322750
18550,0.006139,172.31.36.0-255,66,144673,17,322750
18551,0.006158,74.125.130.0-255,2902,147575,17,322750
18552,0.00616,172.31.36.0-255,66,147641,17,322750
18553,0.008254,74.125.130.0-255,2902,150543,17,322750
18554,0.00826,172.31.36.0-255,66,150609,17,322750
18555,0.008287,74.125.130.0-255,2902,153511,17,322750
18556,0.00829,172.31.36.0-255,66,153577,17,322750
18557,0.008378,172.31.36.0-255,101,153678,17,322750
18558,0.010375,74.125.130.0-255,2902,156580,17,322750
18559,0.010382,172.31.36.0-255,66,156646,17,322750
18560,0.010418,74.125.130.0-255,2902,159548,17,322750
18561,0.01042,172.31.36.0-255,66,159614,17,322750
18562,0.010452,74.125.130.0-255,66,159680,17,322750
18563,0.012509,74.125.130.0-255,2902,162582,17,322750
18564,0.012516,172.31.36.0-255,66,162648,17,322750
18565,0.012544,74.125.130.0-255,2902,165550,17,322750
18566,0.012546,172.31.36.0-255,66,165616,17,322750
18567,0.014645,74.125.130.0-255,2902,168518,17,322750
18568,0.014653,172.31.36.0-255,66,168584,17,322750
18569,0.014684,74.125.130.0-255,2902,171486,17,322750
18570,0.014686,172.31.36.0-255,66,171552,17,322750
18571,0.016779,74.125.130.0-255,2902,174454,17,322750
18572,0.016793,172.31.36.0-255,66,174520,17,322750
18573,0.016824,74.125.130.0-255,2902,177422,17,322750
18574,0.016827,172.31.36.0-255,66,177488,17,322750
18575,0.01894,74.125.130.0-255,5738,183226,17,322750
18576,0.018955,172.31.36.0-255,66,183292,17,322750
18577,0.02111,74.125.130.0-255,5738,189030,17,322750
18578,0.021127,172.31.36.0-255,66,189096,17,322750
18579,0.023271,74.125.130.0-255,5738,194834,17,322750
18580,0.023284,172.31.36.0-255,66,194900,17,322750
18581,0.025442,74.125.130.0-255,5738,200638,17,322750
18582,0.025457,172.31.36.0-255,66,200704,17,322750
18583,0.027596,74.125.130.0-255,5738,206442,17,322750
18584,0.027604,172.31.36.0-255,66,206508,17,322750
18585,0.029728,74.125.130.0-255,5738,212246,17,322750
18586,0.029736,172.31.36.0-255,66,212312,17,322750
18587,0.031871,74.125.130.0-255,5738,218050,17,322750
18588,0.031878,172.31.36.0-255,66,218116,17,322750
18589,0.034007,74.125.130.0-255,5738,223854,17,322750
18590,0.034016,172.31.36.0-255,66,223920,17,322750
18591,0.036153,74.125.130.0-255,5738,229658,17,322750
18592,0.036161,172.31.36.0-255,66,229724,17,322750
18593,0.038276,74.125.130.0-255,5738,235462,17,322750
18594,0.038283,172.31.36.0-255,66,235528,17,322750
18595,0.040401,74.125.130.0-255,5738,241266,17,322750
18596,0.040409,172.31.36.0-255,66,241332,17,322750
18597,0.04234,172.31.36.0-255,172,241504,17,322750
18598,0.042373,172.31.36.0-255,1117,242621,17,322750
18599,0.042435,172.31.36.0-255,1514,244135,17,322750
18600,0.042437,172.31.36.0-255,1514,245649,17,322750
18601,0.042438,172.31.36.0-255,1514,247163,17,322750
18602,0.042439,172.31.36.0-255,1049,248212,17,322750
18603,0.042531,74.125.130.0-255,4320,252532,17,322750
18604,0.042536,172.31.36.0-255,66,252598,17,322750
18605,0.042565,74.125.130.0-255,1484,254082,17,322750
18606,0.043878,104.244.42.0-255,66,254148,17,322750
18607,0.043906,104.244.42.0-255,66,254214,17,322750
18608,0.043995,104.244.42.0-255,66,254280,17,322750
18609,0.043999,104.244.42.0-255,66,254346,17,322750
18610,0.044664,74.125.130.0-255,4320,258666,17,322750
18611,0.044675,172.31.36.0-255,66,258732,17,322750
18612,0.044996,104.244.42.0-255,108,258840,17,322750
18613,0.045004,172.31.36.0-255,66,258906,17,322750
18614,0.04682,74.125.130.0-255,5738,264644,17,322750
18615,0.046832,172.31.36.0-255,66,264710,17,322750
18616,0.048982,74.125.130.0-255,5738,270448,17,322750
18617,0.048997,172.31.36.0-255,66,270514,17,322750
18618,0.051119,74.125.130.0-255,5738,276252,17,322750
18619,0.051128,172.31.36.0-255,66,276318,17,322750
18620,0.05333,74.125.130.0-255,5738,282056,17,322750
18621,0.053347,172.31.36.0-255,66,282122,17,322750
18622,0.055482,74.125.130.0-255,5738,287860,17,322750
18623,0.05549,172.31.36.0-255,66,287926,17,322750
18624,0.057634,74.125.130.0-255,5738,293664,17,322750
18625,0.057641,172.31.36.0-255,66,293730,17,322750
18626,0.059773,74.125.130.0-255,5738,299468,17,322750
18627,0.05978,172.31.36.0-255,66,299534,17,322750
18628,0.061914,74.125.130.0-255,5738,305272,17,322750
18629,0.061919,172.31.36.0-255,66,305338,17,322750
18630,0.064047,74.125.130.0-255,5738,311076,17,322750
18631,0.064054,172.31.36.0-255,66,311142,17,322750
18632,0.066175,74.125.130.0-255,5738,316880,17,322750
18633,0.06618,172.31.36.0-255,66,316946,17,322750
18634,0.068319,74.125.130.0-255,5738,322684,17,322750
18635,0.068328,172.31.36.0-255,66,322750,17,322750
18636,0.0,172.217.194.0-255,146,146,17,209459
18637,2.7e-05,172.31.36.0-255,66,212,17,209459
18638,3.4e-05,172.217.194.0-255,1484,1696,17,209459
18639,3.8e-05,172.31.36.0-255,66,1762,17,209459
18640,4.3e-05,172.217.194.0-255,2902,4664,17,209459
18641,4.6e-05,172.31.36.0-255,66,4730,17,209459
18642,5.4e-05,172.217.194.0-255,7156,11886,17,209459
18643,5.6e-05,172.31.36.0-255,66,11952,17,209459
18644,6.3e-05,172.217.194.0-255,6299,18251,17,209459
18645,6.5e-05,172.31.36.0-255,66,18317,17,209459
18646,7.2e-05,172.217.194.0-255,7156,25473,17,209459
18647,7.5e-05,172.31.36.0-255,66,25539,17,209459
18648,8.1e-05,172.217.194.0-255,5379,30918,17,209459
18649,8.4e-05,172.31.36.0-255,66,30984,17,209459
18650,0.000149,172.217.194.0-255,5738,36722,17,209459
18651,0.000153,172.31.36.0-255,66,36788,17,209459
18652,0.000168,172.31.36.0-255,66,36854,17,209459
18653,0.00018,172.31.36.0-255,66,36920,17,209459
18654,0.000201,172.217.194.0-255,2902,39822,17,209459
18655,0.000204,172.31.36.0-255,66,39888,17,209459
18656,0.000207,172.217.194.0-255,2462,42350,17,209459
18657,0.00021,172.31.36.0-255,66,42416,17,209459
18658,0.000339,172.217.194.0-255,115,42531,17,209459
18659,0.000344,172.31.36.0-255,66,42597,17,209459
18660,0.000369,172.217.194.0-255,381,42978,17,209459
18661,0.000372,172.31.36.0-255,66,43044,17,209459
18662,0.000646,172.217.194.0-255,1484,44528,17,209459
18663,0.000651,172.31.36.0-255,66,44594,17,209459
18664,0.000657,172.217.194.0-255,2902,47496,17,209459
18665,0.000659,172.31.36.0-255,66,47562,17,209459
18666,0.000662,172.217.194.0-255,1484,49046,17,209459
18667,0.000691,172.217.194.0-255,2902,51948,17,209459
18668,0.000698,172.31.36.0-255,66,52014,17,209459
18669,0.000702,172.31.36.0-255,66,52080,17,209459
18670,0.000717,172.217.194.0-255,2902,54982,17,209459
18671,0.000721,172.31.36.0-255,66,55048,17,209459
18672,0.000752,172.31.36.0-255,66,55114,17,209459
18673,0.00095,172.217.194.0-255,1484,56598,17,209459
18674,0.000956,172.217.194.0-255,2902,59500,17,209459
18675,0.000959,172.31.36.0-255,66,59566,17,209459
18676,0.000965,172.217.194.0-255,5738,65304,17,209459
18677,0.000967,172.31.36.0-255,66,65370,17,209459
18678,0.00098,172.217.194.0-255,1484,66854,17,209459
18679,0.000989,172.31.36.0-255,66,66920,17,209459
18680,0.001024,172.31.36.0-255,66,66986,17,209459
18681,0.00103,172.217.194.0-255,1484,68470,17,209459
18682,0.001034,172.217.194.0-255,2902,71372,17,209459
18683,0.001038,172.31.36.0-255,66,71438,17,209459
18684,0.001048,172.217.194.0-255,4320,75758,17,209459
18685,0.001055,172.31.36.0-255,66,75824,17,209459
18686,0.00106,172.217.194.0-255,1484,77308,17,209459
18687,0.001075,172.217.194.0-255,2902,80210,17,209459
18688,0.00108,172.31.36.0-255,66,80276,17,209459
18689,0.001108,172.217.194.0-255,1484,81760,17,209459
18690,0.001109,172.31.36.0-255,66,81826,17,209459
18691,0.001143,172.31.36.0-255,66,81892,17,209459
18692,0.001211,172.217.194.0-255,1484,83376,17,209459
18693,0.001215,172.217.194.0-255,1484,84860,17,209459
18694,0.001218,172.31.36.0-255,66,84926,17,209459
18695,0.001225,172.217.194.0-255,1484,86410,17,209459
18696,0.001229,172.217.194.0-255,2902,89312,17,209459
18697,0.001233,172.31.36.0-255,66,89378,17,209459
18698,0.001242,172.217.194.0-255,2902,92280,17,209459
18699,0.001245,172.217.194.0-255,1484,93764,17,209459
18700,0.001246,172.31.36.0-255,66,93830,17,209459
18701,0.00126,172.217.194.0-255,5738,99568,17,209459
18702,0.001264,172.31.36.0-255,66,99634,17,209459
18703,0.001277,172.217.194.0-255,5738,105372,17,209459
18704,0.001283,172.217.194.0-255,4320,109692,17,209459
18705,0.001283,172.31.36.0-255,66,109758,17,209459
18706,0.001287,172.31.36.0-255,66,109824,17,209459
18707,0.001313,172.217.194.0-255,6438,116262,17,209459
18708,0.001322,172.31.36.0-255,66,116328,17,209459
18709,0.001342,172.217.194.0-255,5738,122066,17,209459
18710,0.001348,172.31.36.0-255,66,122132,17,209459
18711,0.001383,172.31.36.0-255,66,122198,17,209459
18712,0.001426,172.31.36.0-255,66,122264,17,209459
18713,0.001469,172.217.194.0-255,766,123030,17,209459
18714,0.001469,172.31.36.0-255,66,123096,17,209459
18715,0.001475,172.31.36.0-255,66,123162,17,209459
18716,0.001593,172.217.194.0-255,1484,124646,17,209459
18717,0.001599,172.217.194.0-255,2902,127548,17,209459
18718,0.001609,172.31.36.0-255,66,127614,17,209459
18719,0.001615,172.217.194.0-255,2902,130516,17,209459
18720,0.001617,172.31.36.0-255,66,130582,17,209459
18721,0.001631,172.217.194.0-255,2902,133484,17,209459
18722,0.001634,172.217.194.0-255,1484,134968,17,209459
18723,0.001639,172.31.36.0-255,66,135034,17,209459
18724,0.00169,172.31.36.0-255,66,135100,17,209459
18725,0.001702,172.31.36.0-255,66,135166,17,209459
18726,0.001706,172.31.36.0-255,66,135232,17,209459
18727,0.001725,172.217.194.0-255,4320,139552,17,209459
18728,0.001735,172.31.36.0-255,66,139618,17,209459
18729,0.001761,172.217.194.0-255,5738,145356,17,209459
18730,0.00177,172.31.36.0-255,66,145422,17,209459
18731,0.00178,172.217.194.0-255,3602,149024,17,209459
18732,0.001783,172.31.36.0-255,66,149090,17,209459
18733,0.001794,172.217.194.0-255,4320,153410,17,209459
18734,0.001798,172.31.36.0-255,66,153476,17,209459
18735,0.00181,172.217.194.0-255,5738,159214,17,209459
18736,0.001815,172.217.194.0-255,2902,162116,17,209459
18737,0.001815,172.31.36.0-255,66,162182,17,209459
18738,0.00182,172.31.36.0-255,66,162248,17,209459
18739,0.001857,172.31.36.0-255,66,162314,17,209459
18740,0.001858,172.217.194.0-255,7156,169470,17,209459
18741,0.00186,172.31.36.0-255,66,169536,17,209459
18742,0.00188,172.217.194.0-255,5020,174556,17,209459
18743,0.001895,172.217.194.0-255,4320,178876,17,209459
18744,0.001896,172.31.36.0-255,66,178942,17,209459
18745,0.001901,172.31.36.0-255,66,179008,17,209459
18746,0.001914,172.217.194.0-255,5738,184746,17,209459
18747,0.00192,172.31.36.0-255,66,184812,17,209459
18748,0.001929,172.217.194.0-255,2902,187714,17,209459
18749,0.001933,172.31.36.0-255,66,187780,17,209459
18750,0.001959,172.31.36.0-255,66,187846,17,209459
18751,0.001972,172.217.194.0-255,7156,195002,17,209459
18752,0.001985,172.31.36.0-255,66,195068,17,209459
18753,0.001988,172.217.194.0-255,5020,200088,17,209459
18754,0.001999,172.31.36.0-255,66,200154,17,209459
18755,0.002023,172.31.36.0-255,66,200220,17,209459
18756,0.002025,172.217.194.0-255,2902,203122,17,209459
18757,0.002028,172.31.36.0-255,66,203188,17,209459
18758,0.002042,172.217.194.0-255,1484,204672,17,209459
18759,0.002135,172.217.194.0-255,105,204777,17,209459
18760,0.006896,172.31.36.0-255,66,204843,17,209459
18761,0.008654,172.31.36.0-255,105,204948,17,209459
18762,0.01085,172.217.194.0-255,66,205014,17,209459
18763,0.030261,172.31.36.0-255,171,205185,17,209459
18764,0.030295,172.31.36.0-255,1140,206325,17,209459
18765,0.030336,172.31.36.0-255,1514,207839,17,209459
18766,0.030338,172.31.36.0-255,1248,209087,17,209459
18767,0.031799,104.244.42.0-255,66,209153,17,209459
18768,0.031853,104.244.42.0-255,66,209219,17,209459
18769,0.031909,104.244.42.0-255,66,209285,17,209459
18770,0.032598,104.244.42.0-255,108,209393,17,209459
18771,0.032603,172.31.36.0-255,66,209459,17,209459
18772,0.0,172.217.194.0-255,66,66,17,66
18773,0.0,74.125.200.0-255,145,145,17,297574
18774,2.4e-05,172.31.36.0-255,66,211,17,297574
18775,3.1e-05,74.125.200.0-255,1484,1695,17,297574
18776,3.6e-05,172.31.36.0-255,66,1761,17,297574
18777,3.9e-05,74.125.200.0-255,1484,3245,17,297574
18778,4.2e-05,172.31.36.0-255,66,3311,17,297574
18779,5.8e-05,74.125.200.0-255,2902,6213,17,297574
18780,6.1e-05,172.31.36.0-255,66,6279,17,297574
18781,6.8e-05,74.125.200.0-255,5738,12017,17,297574
18782,7e-05,172.31.36.0-255,66,12083,17,297574
18783,8.2e-05,172.31.36.0-255,66,12149,17,297574
18784,0.000126,172.31.36.0-255,66,12215,17,297574
18785,0.000131,74.125.200.0-255,2543,14758,17,297574
18786,0.000133,172.31.36.0-255,66,14824,17,297574
18787,0.000188,74.125.200.0-255,1484,16308,17,297574
18788,0.00019,172.31.36.0-255,66,16374,17,297574
18789,0.000217,74.125.200.0-255,2902,19276,17,297574
18790,0.00022,172.31.36.0-255,66,19342,17,297574
18791,0.000226,74.125.200.0-255,4320,23662,17,297574
18792,0.000228,172.31.36.0-255,66,23728,17,297574
18793,0.000264,74.125.200.0-255,5738,29466,17,297574
18794,0.000272,172.31.36.0-255,66,29532,17,297574
18795,0.000298,74.125.200.0-255,5738,35270,17,297574
18796,0.0003,172.31.36.0-255,66,35336,17,297574
18797,0.000334,74.125.200.0-255,6797,42133,17,297574
18798,0.000337,172.31.36.0-255,66,42199,17,297574
18799,0.000395,74.125.200.0-255,5738,47937,17,297574
18800,0.000397,172.31.36.0-255,66,48003,17,297574
18801,0.00041,74.125.200.0-255,1463,49466,17,297574
18802,0.000417,172.31.36.0-255,66,49532,17,297574
18803,0.00042,74.125.200.0-255,349,49881,17,297574
18804,0.000686,74.125.200.0-255,1484,51365,17,297574
18805,0.000692,172.31.36.0-255,66,51431,17,297574
18806,0.000698,74.125.200.0-255,2902,54333,17,297574
18807,0.000701,172.31.36.0-255,66,54399,17,297574
18808,0.000727,74.125.200.0-255,5738,60137,17,297574
18809,0.000733,172.31.36.0-255,66,60203,17,297574
18810,0.000738,74.125.200.0-255,2902,63105,17,297574
18811,0.00074,172.31.36.0-255,66,63171,17,297574
18812,0.000746,74.125.200.0-255,4320,67491,17,297574
18813,0.000749,172.31.36.0-255,66,67557,17,297574
18814,0.000792,172.31.36.0-255,66,67623,17,297574
18815,0.000798,74.125.200.0-255,5738,73361,17,297574
18816,0.000801,172.31.36.0-255,66,73427,17,297574
18817,0.000838,74.125.200.0-255,1634,75061,17,297574
18818,0.000843,172.31.36.0-255,66,75127,17,297574
18819,0.001132,74.125.200.0-255,1484,76611,17,297574
18820,0.001139,74.125.200.0-255,2902,79513,17,297574
18821,0.001143,172.31.36.0-255,66,79579,17,297574
18822,0.001179,74.125.200.0-255,5738,85317,17,297574
18823,0.001182,172.31.36.0-255,66,85383,17,297574
18824,0.001193,172.31.36.0-255,66,85449,17,297574
18825,0.0012,74.125.200.0-255,5738,91187,17,297574
18826,0.001208,172.31.36.0-255,66,91253,17,297574
18827,0.001236,74.125.200.0-255,4320,95573,17,297574
18828,0.001238,172.31.36.0-255,66,95639,17,297574
18829,0.001244,74.125.200.0-255,5020,100659,17,297574
18830,0.001247,172.31.36.0-255,66,100725,17,297574
18831,0.002019,74.125.200.0-255,1484,102209,17,297574
18832,0.002028,74.125.200.0-255,2902,105111,17,297574
18833,0.002032,172.31.36.0-255,66,105177,17,297574
18834,0.00204,74.125.200.0-255,5738,110915,17,297574
18835,0.002043,172.31.36.0-255,66,110981,17,297574
18836,0.002049,74.125.200.0-255,4320,115301,17,297574
18837,0.002051,172.31.36.0-255,66,115367,17,297574
18838,0.002063,74.125.200.0-255,5738,121105,17,297574
18839,0.002065,172.31.36.0-255,66,121171,17,297574
18840,0.002102,172.31.36.0-255,66,121237,17,297574
18841,0.002141,74.125.200.0-255,3602,124839,17,297574
18842,0.002144,172.31.36.0-255,66,124905,17,297574
18843,0.004395,74.125.200.0-255,1484,126389,17,297574
18844,0.004434,74.125.200.0-255,4320,130709,17,297574
18845,0.004438,172.31.36.0-255,66,130775,17,297574
18846,0.006739,74.125.200.0-255,5738,136513,17,297574
18847,0.006743,172.31.36.0-255,66,136579,17,297574
18848,0.009052,74.125.200.0-255,5738,142317,17,297574
18849,0.009059,172.31.36.0-255,66,142383,17,297574
18850,0.011383,74.125.200.0-255,5738,148121,17,297574
18851,0.011389,172.31.36.0-255,66,148187,17,297574
18852,0.013709,74.125.200.0-255,5738,153925,17,297574
18853,0.013716,172.31.36.0-255,66,153991,17,297574
18854,0.016033,74.125.200.0-255,5738,159729,17,297574
18855,0.016042,172.31.36.0-255,66,159795,17,297574
18856,0.018368,74.125.200.0-255,5738,165533,17,297574
18857,0.018377,172.31.36.0-255,66,165599,17,297574
18858,0.020692,74.125.200.0-255,5738,171337,17,297574
18859,0.020699,172.31.36.0-255,66,171403,17,297574
18860,0.023019,74.125.200.0-255,5738,177141,17,297574
18861,0.023027,172.31.36.0-255,66,177207,17,297574
18862,0.025342,74.125.200.0-255,5738,182945,17,297574
18863,0.02535,172.31.36.0-255,66,183011,17,297574
18864,0.027666,74.125.200.0-255,5738,188749,17,297574
18865,0.027677,172.31.36.0-255,66,188815,17,297574
18866,0.027859,172.31.36.0-255,187,189002,17,297574
18867,0.027889,172.31.36.0-255,985,189987,17,297574
18868,0.028014,172.31.36.0-255,1514,191501,17,297574
18869,0.028016,172.31.36.0-255,1403,192904,17,297574
18870,0.029439,104.244.42.0-255,66,192970,17,297574
18871,0.029474,104.244.42.0-255,66,193036,17,297574
18872,0.029584,104.244.42.0-255,66,193102,17,297574
18873,0.029996,74.125.200.0-255,5738,198840,17,297574
18874,0.030001,172.31.36.0-255,66,198906,17,297574
18875,0.032357,74.125.200.0-255,5738,204644,17,297574
18876,0.032365,172.31.36.0-255,66,204710,17,297574
18877,0.0347,74.125.200.0-255,5738,210448,17,297574
18878,0.034706,172.31.36.0-255,66,210514,17,297574
18879,0.037019,74.125.200.0-255,5738,216252,17,297574
18880,0.037025,172.31.36.0-255,66,216318,17,297574
18881,0.039338,74.125.200.0-255,5738,222056,17,297574
18882,0.039359,172.31.36.0-255,66,222122,17,297574
18883,0.041718,74.125.200.0-255,5738,227860,17,297574
18884,0.041725,172.31.36.0-255,66,227926,17,297574
18885,0.044042,74.125.200.0-255,5738,233664,17,297574
18886,0.044049,172.31.36.0-255,66,233730,17,297574
18887,0.046372,74.125.200.0-255,5738,239468,17,297574
18888,0.046381,172.31.36.0-255,66,239534,17,297574
18889,0.048691,74.125.200.0-255,5738,245272,17,297574
18890,0.048698,172.31.36.0-255,66,245338,17,297574
18891,0.051017,74.125.200.0-255,5738,251076,17,297574
18892,0.051024,172.31.36.0-255,66,251142,17,297574
18893,0.053341,74.125.200.0-255,5738,256880,17,297574
18894,0.053347,172.31.36.0-255,66,256946,17,297574
18895,0.055676,74.125.200.0-255,5738,262684,17,297574
18896,0.055682,172.31.36.0-255,66,262750,17,297574
18897,0.057994,74.125.200.0-255,5738,268488,17,297574
18898,0.057999,172.31.36.0-255,66,268554,17,297574
18899,0.060303,74.125.200.0-255,5738,274292,17,297574
18900,0.06031,172.31.36.0-255,66,274358,17,297574
18901,0.062637,74.125.200.0-255,5738,280096,17,297574
18902,0.062644,172.31.36.0-255,66,280162,17,297574
18903,0.064948,74.125.200.0-255,5738,285900,17,297574
18904,0.064955,172.31.36.0-255,66,285966,17,297574
18905,0.067281,74.125.200.0-255,5738,291704,17,297574
18906,0.067289,172.31.36.0-255,66,291770,17,297574
18907,0.069599,74.125.200.0-255,5738,297508,17,297574
18908,0.069606,172.31.36.0-255,66,297574,17,297574
18909,0.0,172.217.194.0-255,153,153,17,304046
18910,3.2e-05,172.31.36.0-255,66,219,17,304046
18911,3.9e-05,172.217.194.0-255,1484,1703,17,304046
18912,4.4e-05,172.31.36.0-255,66,1769,17,304046
18913,5e-05,172.217.194.0-255,2902,4671,17,304046
18914,5.3e-05,172.31.36.0-255,66,4737,17,304046
18915,6e-05,172.217.194.0-255,7156,11893,17,304046
18916,6.3e-05,172.31.36.0-255,66,11959,17,304046
18917,6.8e-05,172.217.194.0-255,4320,16279,17,304046
18918,7.1e-05,172.31.36.0-255,66,16345,17,304046
18919,0.0001,172.31.36.0-255,66,16411,17,304046
18920,0.00012,172.217.194.0-255,2543,18954,17,304046
18921,0.000124,172.31.36.0-255,66,19020,17,304046
18922,0.000147,172.217.194.0-255,2902,21922,17,304046
18923,0.00015,172.31.36.0-255,66,21988,17,304046
18924,0.000177,172.217.194.0-255,7156,29144,17,304046
18925,0.00018,172.31.36.0-255,66,29210,17,304046
18926,0.00023,172.217.194.0-255,6797,36007,17,304046
18927,0.000233,172.31.36.0-255,66,36073,17,304046
18928,0.000294,172.217.194.0-255,1484,37557,17,304046
18929,0.000298,172.31.36.0-255,66,37623,17,304046
18930,0.000302,172.217.194.0-255,1484,39107,17,304046
18931,0.000305,172.31.36.0-255,66,39173,17,304046
18932,0.00032,172.217.194.0-255,1484,40657,17,304046
18933,0.000323,172.31.36.0-255,66,40723,17,304046
18934,0.00033,172.217.194.0-255,5738,46461,17,304046
18935,0.000332,172.31.36.0-255,66,46527,17,304046
18936,0.000372,172.217.194.0-255,7093,53620,17,304046
18937,0.000376,172.31.36.0-255,66,53686,17,304046
18938,0.000633,172.217.194.0-255,382,54068,17,304046
18939,0.000639,172.31.36.0-255,66,54134,17,304046
18940,0.000767,172.217.194.0-255,1484,55618,17,304046
18941,0.000773,172.217.194.0-255,2902,58520,17,304046
18942,0.000777,172.31.36.0-255,66,58586,17,304046
18943,0.000782,172.217.194.0-255,2902,61488,17,304046
18944,0.000785,172.31.36.0-255,66,61554,17,304046
18945,0.000801,172.217.194.0-255,2902,64456,17,304046
18946,0.000805,172.31.36.0-255,66,64522,17,304046
18947,0.000816,172.31.36.0-255,66,64588,17,304046
18948,0.000842,172.217.194.0-255,4320,68908,17,304046
18949,0.000846,172.31.36.0-255,66,68974,17,304046
18950,0.000859,172.31.36.0-255,66,69040,17,304046
18951,0.001224,172.217.194.0-255,1484,70524,17,304046
18952,0.001234,172.217.194.0-255,2902,73426,17,304046
18953,0.001238,172.31.36.0-255,66,73492,17,304046
18954,0.001245,172.217.194.0-255,5738,79230,17,304046
18955,0.001248,172.31.36.0-255,66,79296,17,304046
18956,0.001261,172.31.36.0-255,66,79362,17,304046
18957,0.001282,172.217.194.0-255,1484,80846,17,304046
18958,0.001295,172.31.36.0-255,66,80912,17,304046
18959,0.001311,172.217.194.0-255,2184,83096,17,304046
18960,0.001314,172.31.36.0-255,66,83162,17,304046
18961,0.001422,172.217.194.0-255,1484,84646,17,304046
18962,0.001428,172.217.194.0-255,2902,87548,17,304046
18963,0.001432,172.31.36.0-255,66,87614,17,304046
18964,0.001448,172.217.194.0-255,5738,93352,17,304046
18965,0.001451,172.31.36.0-255,66,93418,17,304046
18966,0.001472,172.217.194.0-255,2902,96320,17,304046
18967,0.001475,172.31.36.0-255,66,96386,17,304046
18968,0.001505,172.31.36.0-255,66,96452,17,304046
18969,0.001513,172.217.194.0-255,7156,103608,17,304046
18970,0.001515,172.31.36.0-255,66,103674,17,304046
18971,0.001534,172.217.194.0-255,1484,105158,17,304046
18972,0.001547,172.217.194.0-255,2184,107342,17,304046
18973,0.001549,172.31.36.0-255,66,107408,17,304046
18974,0.002,172.217.194.0-255,1484,108892,17,304046
18975,0.002006,172.217.194.0-255,2902,111794,17,304046
18976,0.00201,172.31.36.0-255,66,111860,17,304046
18977,0.002017,172.217.194.0-255,5738,117598,17,304046
18978,0.00202,172.31.36.0-255,66,117664,17,304046
18979,0.002043,172.217.194.0-255,5738,123402,17,304046
18980,0.002046,172.31.36.0-255,66,123468,17,304046
18981,0.002067,172.217.194.0-255,7156,130624,17,304046
18982,0.002069,172.31.36.0-255,66,130690,17,304046
18983,0.002081,172.31.36.0-255,66,130756,17,304046
18984,0.002083,172.217.194.0-255,766,131522,17,304046
18985,0.002162,172.217.194.0-255,1484,133006,17,304046
18986,0.002164,172.31.36.0-255,66,133072,17,304046
18987,0.002181,172.217.194.0-255,2902,135974,17,304046
18988,0.002183,172.31.36.0-255,66,136040,17,304046
18989,0.002189,172.217.194.0-255,5738,141778,17,304046
18990,0.002192,172.31.36.0-255,66,141844,17,304046
18991,0.00222,172.31.36.0-255,66,141910,17,304046
18992,0.002235,172.217.194.0-255,1484,143394,17,304046
18993,0.002291,172.217.194.0-255,1484,144878,17,304046
18994,0.002293,172.31.36.0-255,66,144944,17,304046
18995,0.002315,172.31.36.0-255,66,145010,17,304046
18996,0.002553,172.217.194.0-255,1484,146494,17,304046
18997,0.002565,172.217.194.0-255,2902,149396,17,304046
18998,0.002569,172.31.36.0-255,66,149462,17,304046
18999,0.002575,172.217.194.0-255,5738,155200,17,304046
19000,0.002577,172.31.36.0-255,66,155266,17,304046
19001,0.002634,172.31.36.0-255,66,155332,17,304046
19002,0.002645,172.31.36.0-255,66,155398,17,304046
19003,0.005239,172.217.194.0-255,5738,161136,17,304046
19004,0.005244,172.31.36.0-255,66,161202,17,304046
19005,0.007848,172.217.194.0-255,5738,166940,17,304046
19006,0.007854,172.31.36.0-255,66,167006,17,304046
19007,0.010448,172.217.194.0-255,5738,172744,17,304046
19008,0.010454,172.31.36.0-255,66,172810,17,304046
19009,0.013047,172.217.194.0-255,5738,178548,17,304046
19010,0.013058,172.31.36.0-255,66,178614,17,304046
19011,0.01565,172.217.194.0-255,5738,184352,17,304046
19012,0.01566,172.31.36.0-255,66,184418,17,304046
19013,0.018274,172.217.194.0-255,5738,190156,17,304046
19014,0.018284,172.31.36.0-255,66,190222,17,304046
19015,0.020876,172.217.194.0-255,4320,194542,17,304046
19016,0.020883,172.31.36.0-255,66,194608,17,304046
19017,0.020914,172.217.194.0-255,1484,196092,17,304046
19018,0.023471,172.217.194.0-255,4320,200412,17,304046
19019,0.023478,172.31.36.0-255,66,200478,17,304046
19020,0.026097,172.217.194.0-255,5738,206216,17,304046
19021,0.02611,172.31.36.0-255,66,206282,17,304046
19022,0.027739,172.31.36.0-255,172,206454,17,304046
19023,0.027765,172.31.36.0-255,1118,207572,17,304046
19024,0.027809,172.31.36.0-255,1514,209086,17,304046
19025,0.027811,172.31.36.0-255,1270,210356,17,304046
19026,0.028703,172.217.194.0-255,4320,214676,17,304046
19027,0.02871,172.31.36.0-255,66,214742,17,304046
19028,0.028729,172.217.194.0-255,1484,216226,17,304046
19029,0.02926,104.244.42.0-255,66,216292,17,304046
19030,0.029314,104.244.42.0-255,66,216358,17,304046
19031,0.029358,104.244.42.0-255,66,216424,17,304046
19032,0.031311,172.217.194.0-255,1484,217908,17,304046
19033,0.031316,172.31.36.0-255,66,217974,17,304046
19034,0.031346,172.217.194.0-255,2902,220876,17,304046
19035,0.031349,172.31.36.0-255,66,220942,17,304046
19036,0.033902,172.217.194.0-255,2902,223844,17,304046
19037,0.033908,172.31.36.0-255,66,223910,17,304046
19038,0.033946,172.217.194.0-255,2902,226812,17,304046
19039,0.033949,172.31.36.0-255,66,226878,17,304046
19040,0.036481,172.217.194.0-255,2902,229780,17,304046
19041,0.036487,172.31.36.0-255,66,229846,17,304046
19042,0.036519,172.217.194.0-255,2902,232748,17,304046
19043,0.036522,172.31.36.0-255,66,232814,17,304046
19044,0.039073,172.217.194.0-255,2902,235716,17,304046
19045,0.039078,172.31.36.0-255,66,235782,17,304046
19046,0.039129,172.217.194.0-255,2902,238684,17,304046
19047,0.039133,172.31.36.0-255,66,238750,17,304046
19048,0.041656,172.217.194.0-255,2902,241652,17,304046
19049,0.041662,172.31.36.0-255,66,241718,17,304046
19050,0.041764,172.217.194.0-255,2902,244620,17,304046
19051,0.041769,172.31.36.0-255,66,244686,17,304046
19052,0.044279,172.217.194.0-255,2902,247588,17,304046
19053,0.044285,172.31.36.0-255,66,247654,17,304046
19054,0.044359,172.217.194.0-255,2902,250556,17,304046
19055,0.044364,172.31.36.0-255,66,250622,17,304046
19056,0.046895,172.217.194.0-255,2902,253524,17,304046
19057,0.046901,172.31.36.0-255,66,253590,17,304046
19058,0.046964,172.217.194.0-255,2902,256492,17,304046
19059,0.046968,172.31.36.0-255,66,256558,17,304046
19060,0.049509,172.217.194.0-255,2902,259460,17,304046
19061,0.049513,172.31.36.0-255,66,259526,17,304046
19062,0.049549,172.217.194.0-255,2902,262428,17,304046
19063,0.049552,172.31.36.0-255,66,262494,17,304046
19064,0.052081,172.217.194.0-255,2902,265396,17,304046
19065,0.052087,172.31.36.0-255,66,265462,17,304046
19066,0.052119,172.217.194.0-255,2902,268364,17,304046
19067,0.052122,172.31.36.0-255,66,268430,17,304046
19068,0.054679,172.217.194.0-255,2902,271332,17,304046
19069,0.054684,172.31.36.0-255,66,271398,17,304046
19070,0.054714,172.217.194.0-255,2902,274300,17,304046
19071,0.054717,172.31.36.0-255,66,274366,17,304046
19072,0.05728,172.217.194.0-255,2902,277268,17,304046
19073,0.057289,172.31.36.0-255,66,277334,17,304046
19074,0.057319,172.217.194.0-255,2902,280236,17,304046
19075,0.057323,172.31.36.0-255,66,280302,17,304046
19076,0.059871,172.217.194.0-255,2902,283204,17,304046
19077,0.059877,172.31.36.0-255,66,283270,17,304046
19078,0.059915,172.217.194.0-255,2902,286172,17,304046
19079,0.059919,172.31.36.0-255,66,286238,17,304046
19080,0.062463,172.217.194.0-255,2902,289140,17,304046
19081,0.062469,172.31.36.0-255,66,289206,17,304046
19082,0.062498,172.217.194.0-255,2902,292108,17,304046
19083,0.062502,172.31.36.0-255,66,292174,17,304046
19084,0.065082,172.217.194.0-255,2902,295076,17,304046
19085,0.065087,172.31.36.0-255,66,295142,17,304046
19086,0.065159,172.217.194.0-255,2902,298044,17,304046
19087,0.065164,172.31.36.0-255,66,298110,17,304046
19088,0.06769,172.217.194.0-255,2902,301012,17,304046
19089,0.067711,172.31.36.0-255,66,301078,17,304046
19090,0.067736,172.217.194.0-255,2902,303980,17,304046
19091,0.067741,172.31.36.0-255,66,304046,17,304046
19092,0.0,74.125.130.0-255,146,146,17,280596
19093,2.3e-05,172.31.36.0-255,66,212,17,280596
19094,3e-05,74.125.130.0-255,1484,1696,17,280596
19095,3.3e-05,172.31.36.0-255,66,1762,17,280596
19096,4e-05,74.125.130.0-255,2902,4664,17,280596
19097,4.2e-05,172.31.36.0-255,66,4730,17,280596
19098,5.5e-05,74.125.130.0-255,2902,7632,17,280596
19099,5.8e-05,172.31.36.0-255,66,7698,17,280596
19100,6.4e-05,74.125.130.0-255,4320,12018,17,280596
19101,6.7e-05,172.31.36.0-255,66,12084,17,280596
19102,7.1e-05,74.125.130.0-255,2057,14141,17,280596
19103,7.2e-05,172.31.36.0-255,66,14207,17,280596
19104,0.000408,74.125.130.0-255,1484,15691,17,280596
19105,0.000413,172.31.36.0-255,66,15757,17,280596
19106,0.000419,74.125.130.0-255,2902,18659,17,280596
19107,0.000422,172.31.36.0-255,66,18725,17,280596
19108,0.000425,74.125.130.0-255,2902,21627,17,280596
19109,0.000431,172.31.36.0-255,66,21693,17,280596
19110,0.000436,74.125.130.0-255,2902,24595,17,280596
19111,0.000438,172.31.36.0-255,66,24661,17,280596
19112,0.000464,74.125.130.0-255,1484,26145,17,280596
19113,0.000466,172.31.36.0-255,66,26211,17,280596
19114,0.000498,74.125.130.0-255,5379,31590,17,280596
19115,0.000501,172.31.36.0-255,66,31656,17,280596
19116,0.000538,74.125.130.0-255,5738,37394,17,280596
19117,0.00054,172.31.36.0-255,66,37460,17,280596
19118,0.000546,74.125.130.0-255,4320,41780,17,280596
19119,0.000548,172.31.36.0-255,66,41846,17,280596
19120,0.000553,74.125.130.0-255,5738,47584,17,280596
19121,0.000559,172.31.36.0-255,66,47650,17,280596
19122,0.000562,74.125.130.0-255,1125,48775,17,280596
19123,0.000564,172.31.36.0-255,66,48841,17,280596
19124,0.001417,74.125.130.0-255,1484,50325,17,280596
19125,0.001424,172.31.36.0-255,66,50391,17,280596
19126,0.001434,74.125.130.0-255,2902,53293,17,280596
19127,0.001436,172.31.36.0-255,66,53359,17,280596
19128,0.001441,74.125.130.0-255,2902,56261,17,280596
19129,0.001443,172.31.36.0-255,66,56327,17,280596
19130,0.001455,74.125.130.0-255,4320,60647,17,280596
19131,0.001457,172.31.36.0-255,66,60713,17,280596
19132,0.001508,172.31.36.0-255,66,60779,17,280596
19133,0.001516,74.125.130.0-255,7156,67935,17,280596
19134,0.001518,172.31.36.0-255,66,68001,17,280596
19135,0.00157,74.125.130.0-255,5958,73959,17,280596
19136,0.001572,172.31.36.0-255,66,74025,17,280596
19137,0.001593,74.125.130.0-255,7156,81181,17,280596
19138,0.001595,172.31.36.0-255,66,81247,17,280596
19139,0.001607,172.31.36.0-255,66,81313,17,280596
19140,0.002086,74.125.130.0-255,1484,82797,17,280596
19141,0.002092,74.125.130.0-255,2902,85699,17,280596
19142,0.002097,74.125.130.0-255,2902,88601,17,280596
19143,0.002105,172.31.36.0-255,66,88667,17,280596
19144,0.002109,172.31.36.0-255,66,88733,17,280596
19145,0.002136,74.125.130.0-255,2902,91635,17,280596
19146,0.002139,172.31.36.0-255,66,91701,17,280596
19147,0.002151,172.31.36.0-255,66,91767,17,280596
19148,0.002186,74.125.130.0-255,4320,96087,17,280596
19149,0.00219,172.31.36.0-255,66,96153,17,280596
19150,0.002203,172.31.36.0-255,66,96219,17,280596
19151,0.002224,74.125.130.0-255,1484,97703,17,280596
19152,0.002229,74.125.130.0-255,2902,100605,17,280596
19153,0.002231,172.31.36.0-255,66,100671,17,280596
19154,0.002263,74.125.130.0-255,5738,106409,17,280596
19155,0.002267,172.31.36.0-255,66,106475,17,280596
19156,0.002274,74.125.130.0-255,5738,112213,17,280596
19157,0.002276,172.31.36.0-255,66,112279,17,280596
19158,0.002309,74.125.130.0-255,1484,113763,17,280596
19159,0.002325,172.31.36.0-255,66,113829,17,280596
19160,0.002329,74.125.130.0-255,2184,116013,17,280596
19161,0.002331,172.31.36.0-255,66,116079,17,280596
19162,0.002353,74.125.130.0-255,1484,117563,17,280596
19163,0.004661,74.125.130.0-255,4320,121883,17,280596
19164,0.004667,172.31.36.0-255,66,121949,17,280596
19165,0.007011,74.125.130.0-255,4320,126269,17,280596
19166,0.007016,172.31.36.0-255,66,126335,17,280596
19167,0.007045,74.125.130.0-255,1484,127819,17,280596
19168,0.009373,74.125.130.0-255,4320,132139,17,280596
19169,0.009382,172.31.36.0-255,66,132205,17,280596
19170,0.011727,74.125.130.0-255,5738,137943,17,280596
19171,0.011737,172.31.36.0-255,66,138009,17,280596
19172,0.01409,74.125.130.0-255,5738,143747,17,280596
19173,0.014099,172.31.36.0-255,66,143813,17,280596
19174,0.016449,74.125.130.0-255,5738,149551,17,280596
19175,0.016457,172.31.36.0-255,66,149617,17,280596
19176,0.018796,74.125.130.0-255,5738,155355,17,280596
19177,0.018804,172.31.36.0-255,66,155421,17,280596
19178,0.021144,74.125.130.0-255,5738,161159,17,280596
19179,0.021151,172.31.36.0-255,66,161225,17,280596
19180,0.023523,74.125.130.0-255,5738,166963,17,280596
19181,0.023532,172.31.36.0-255,66,167029,17,280596
19182,0.025858,74.125.130.0-255,1484,168513,17,280596
19183,0.025885,74.125.130.0-255,4320,172833,17,280596
19184,0.025891,172.31.36.0-255,66,172899,17,280596
19185,0.026615,172.31.36.0-255,171,173070,17,280596
19186,0.026644,172.31.36.0-255,1142,174212,17,280596
19187,0.026688,172.31.36.0-255,1514,175726,17,280596
19188,0.026708,172.31.36.0-255,1246,176972,17,280596
19189,0.028168,104.244.42.0-255,66,177038,17,280596
19190,0.028244,74.125.130.0-255,5738,182776,17,280596
19191,0.02825,172.31.36.0-255,66,182842,17,280596
19192,0.028268,104.244.42.0-255,66,182908,17,280596
19193,0.028277,104.244.42.0-255,66,182974,17,280596
19194,0.029213,104.244.42.0-255,108,183082,17,280596
19195,0.029235,172.31.36.0-255,66,183148,17,280596
19196,0.030584,74.125.130.0-255,5738,188886,17,280596
19197,0.030589,172.31.36.0-255,66,188952,17,280596
19198,0.03293,74.125.130.0-255,5738,194690,17,280596
19199,0.032936,172.31.36.0-255,66,194756,17,280596
19200,0.035284,74.125.130.0-255,5738,200494,17,280596
19201,0.03529,172.31.36.0-255,66,200560,17,280596
19202,0.03761,74.125.130.0-255,1484,202044,17,280596
19203,0.037641,74.125.130.0-255,4320,206364,17,280596
19204,0.037646,172.31.36.0-255,66,206430,17,280596
19205,0.03998,74.125.130.0-255,5738,212168,17,280596
19206,0.039986,172.31.36.0-255,66,212234,17,280596
19207,0.042358,74.125.130.0-255,5738,217972,17,280596
19208,0.042363,172.31.36.0-255,66,218038,17,280596
19209,0.04469,74.125.130.0-255,4320,222358,17,280596
19210,0.044695,172.31.36.0-255,66,222424,17,280596
19211,0.044727,74.125.130.0-255,1484,223908,17,280596
19212,0.04703,74.125.130.0-255,4320,228228,17,280596
19213,0.047035,172.31.36.0-255,66,228294,17,280596
19214,0.049363,74.125.130.0-255,1484,229778,17,280596
19215,0.049398,74.125.130.0-255,4320,234098,17,280596
19216,0.049403,172.31.36.0-255,66,234164,17,280596
19217,0.05174,74.125.130.0-255,5738,239902,17,280596
19218,0.051746,172.31.36.0-255,66,239968,17,280596
19219,0.054087,74.125.130.0-255,5738,245706,17,280596
19220,0.054094,172.31.36.0-255,66,245772,17,280596
19221,0.056436,74.125.130.0-255,5738,251510,17,280596
19222,0.056441,172.31.36.0-255,66,251576,17,280596
19223,0.058805,74.125.130.0-255,5738,257314,17,280596
19224,0.05881,172.31.36.0-255,66,257380,17,280596
19225,0.061158,74.125.130.0-255,5738,263118,17,280596
19226,0.061164,172.31.36.0-255,66,263184,17,280596
19227,0.063499,74.125.130.0-255,5738,268922,17,280596
19228,0.063505,172.31.36.0-255,66,268988,17,280596
19229,0.065844,74.125.130.0-255,5738,274726,17,280596
19230,0.06585,172.31.36.0-255,66,274792,17,280596
19231,0.068192,74.125.130.0-255,5738,280530,17,280596
19232,0.068199,172.31.36.0-255,66,280596,17,280596
19233,0.0,172.217.194.0-255,152,152,17,190895
19234,1.2e-05,172.31.36.0-255,66,218,17,190895
19235,1.7e-05,172.217.194.0-255,1484,1702,17,190895
19236,2.2e-05,172.31.36.0-255,66,1768,17,190895
19237,2.6e-05,172.217.194.0-255,1484,3252,17,190895
19238,2.9e-05,172.31.36.0-255,66,3318,17,190895
19239,5.7e-05,172.217.194.0-255,1484,4802,17,190895
19240,6e-05,172.31.36.0-255,66,4868,17,190895
19241,6.8e-05,172.217.194.0-255,7156,12024,17,190895
19242,7.1e-05,172.31.36.0-255,66,12090,17,190895
19243,7.5e-05,172.217.194.0-255,2048,14138,17,190895
19244,7.7e-05,172.31.36.0-255,66,14204,17,190895
19245,0.000165,172.217.194.0-255,1484,15688,17,190895
19246,0.000169,172.31.36.0-255,66,15754,17,190895
19247,0.000175,172.217.194.0-255,2902,18656,17,190895
19248,0.000178,172.31.36.0-255,66,18722,17,190895
19249,0.000185,172.217.194.0-255,5738,24460,17,190895
19250,0.000188,172.31.36.0-255,66,24526,17,190895
19251,0.000242,172.31.36.0-255,66,24592,17,190895
19252,0.000253,172.31.36.0-255,66,24658,17,190895
19253,0.000295,172.217.194.0-255,7156,31814,17,190895
19254,0.000297,172.31.36.0-255,66,31880,17,190895
19255,0.000325,172.31.36.0-255,66,31946,17,190895
19256,0.000364,172.217.194.0-255,364,32310,17,190895
19257,0.000368,172.31.36.0-255,66,32376,17,190895
19258,0.000497,172.217.194.0-255,1484,33860,17,190895
19259,0.000503,172.31.36.0-255,66,33926,17,190895
19260,0.000508,172.217.194.0-255,2902,36828,17,190895
19261,0.000511,172.31.36.0-255,66,36894,17,190895
19262,0.000517,172.217.194.0-255,5738,42632,17,190895
19263,0.000519,172.31.36.0-255,66,42698,17,190895
19264,0.000552,172.217.194.0-255,6797,49495,17,190895
19265,0.000557,172.31.36.0-255,66,49561,17,190895
19266,0.000596,172.217.194.0-255,4320,53881,17,190895
19267,0.0006,172.31.36.0-255,66,53947,17,190895
19268,0.000607,172.217.194.0-255,5738,59685,17,190895
19269,0.000609,172.31.36.0-255,66,59751,17,190895
19270,0.000636,172.217.194.0-255,2902,62653,17,190895
19271,0.000639,172.31.36.0-255,66,62719,17,190895
19272,0.000661,172.217.194.0-255,3961,66680,17,190895
19273,0.000663,172.31.36.0-255,66,66746,17,190895
19274,0.001006,172.217.194.0-255,1484,68230,17,190895
19275,0.001026,172.217.194.0-255,2902,71132,17,190895
19276,0.001029,172.31.36.0-255,66,71198,17,190895
19277,0.001036,172.217.194.0-255,4320,75518,17,190895
19278,0.001038,172.31.36.0-255,66,75584,17,190895
19279,0.001044,172.217.194.0-255,4320,79904,17,190895
19280,0.001046,172.31.36.0-255,66,79970,17,190895
19281,0.001065,172.217.194.0-255,1484,81454,17,190895
19282,0.001078,172.31.36.0-255,66,81520,17,190895
19283,0.001099,172.217.194.0-255,1484,83004,17,190895
19284,0.00111,172.31.36.0-255,66,83070,17,190895
19285,0.001144,172.217.194.0-255,1484,84554,17,190895
19286,0.001159,172.217.194.0-255,2902,87456,17,190895
19287,0.001162,172.31.36.0-255,66,87522,17,190895
19288,0.001168,172.217.194.0-255,4320,91842,17,190895
19289,0.00117,172.31.36.0-255,66,91908,17,190895
19290,0.001181,172.217.194.0-255,1484,93392,17,190895
19291,0.001186,172.217.194.0-255,2902,96294,17,190895
19292,0.001189,172.31.36.0-255,66,96360,17,190895
19293,0.001217,172.31.36.0-255,66,96426,17,190895
19294,0.001278,172.31.36.0-255,66,96492,17,190895
19295,0.001308,172.217.194.0-255,2184,98676,17,190895
19296,0.00131,172.31.36.0-255,66,98742,17,190895
19297,0.001322,172.31.36.0-255,66,98808,17,190895
19298,0.001333,172.31.36.0-255,66,98874,17,190895
19299,0.001349,172.31.36.0-255,66,98940,17,190895
19300,0.001353,172.217.194.0-255,2902,101842,17,190895
19301,0.001356,172.31.36.0-255,66,101908,17,190895
19302,0.001361,172.217.194.0-255,4320,106228,17,190895
19303,0.001364,172.31.36.0-255,66,106294,17,190895
19304,0.001374,172.31.36.0-255,66,106360,17,190895
19305,0.001412,172.217.194.0-255,7156,113516,17,190895
19306,0.001416,172.31.36.0-255,66,113582,17,190895
19307,0.001426,172.31.36.0-255,66,113648,17,190895
19308,0.001448,172.217.194.0-255,2184,115832,17,190895
19309,0.00145,172.31.36.0-255,66,115898,17,190895
19310,0.001455,172.217.194.0-255,2902,118800,17,190895
19311,0.001457,172.31.36.0-255,66,118866,17,190895
19312,0.001462,172.217.194.0-255,4320,123186,17,190895
19313,0.001465,172.31.36.0-255,66,123252,17,190895
19314,0.001484,172.217.194.0-255,2902,126154,17,190895
19315,0.001486,172.31.36.0-255,66,126220,17,190895
19316,0.001507,172.31.36.0-255,66,126286,17,190895
19317,0.001518,172.31.36.0-255,66,126352,17,190895
19318,0.001628,172.217.194.0-255,1484,127836,17,190895
19319,0.001634,172.217.194.0-255,2902,130738,17,190895
19320,0.001638,172.31.36.0-255,66,130804,17,190895
19321,0.001644,172.217.194.0-255,4320,135124,17,190895
19322,0.001647,172.31.36.0-255,66,135190,17,190895
19323,0.001669,172.217.194.0-255,1484,136674,17,190895
19324,0.001675,172.217.194.0-255,2902,139576,17,190895
19325,0.001678,172.31.36.0-255,66,139642,17,190895
19326,0.001681,172.217.194.0-255,1484,141126,17,190895
19327,0.001695,172.217.194.0-255,5738,146864,17,190895
19328,0.001699,172.31.36.0-255,66,146930,17,190895
19329,0.001722,172.217.194.0-255,2902,149832,17,190895
19330,0.001724,172.31.36.0-255,66,149898,17,190895
19331,0.001737,172.31.36.0-255,66,149964,17,190895
19332,0.001827,172.217.194.0-255,1484,151448,17,190895
19333,0.001833,172.217.194.0-255,2902,154350,17,190895
19334,0.001836,172.31.36.0-255,66,154416,17,190895
19335,0.001873,172.217.194.0-255,5738,160154,17,190895
19336,0.001876,172.31.36.0-255,66,160220,17,190895
19337,0.001882,172.217.194.0-255,4320,164540,17,190895
19338,0.001884,172.31.36.0-255,66,164606,17,190895
19339,0.001896,172.31.36.0-255,66,164672,17,190895
19340,0.00191,172.217.194.0-255,2902,167574,17,190895
19341,0.001912,172.31.36.0-255,66,167640,17,190895
19342,0.001929,172.217.194.0-255,4320,171960,17,190895
19343,0.001932,172.31.36.0-255,66,172026,17,190895
19344,0.001948,172.217.194.0-255,3602,175628,17,190895
19345,0.00195,172.31.36.0-255,66,175694,17,190895
19346,0.001988,172.31.36.0-255,66,175760,17,190895
19347,0.002,172.31.36.0-255,66,175826,17,190895
19348,0.002076,172.31.36.0-255,66,175892,17,190895
19349,0.002099,172.217.194.0-255,5738,181630,17,190895
19350,0.002101,172.31.36.0-255,66,181696,17,190895
19351,0.002139,172.217.194.0-255,1484,183180,17,190895
19352,0.002144,172.217.194.0-255,2902,186082,17,190895
19353,0.00215,172.31.36.0-255,66,186148,17,190895
19354,0.002153,172.31.36.0-255,66,186214,17,190895
19355,0.002174,172.31.36.0-255,66,186280,17,190895
19356,0.002178,172.217.194.0-255,105,186385,17,190895
19357,0.009092,172.31.36.0-255,66,186451,17,190895
19358,0.00913,172.31.36.0-255,105,186556,17,190895
19359,0.011356,172.217.194.0-255,66,186622,17,190895
19360,0.033675,172.31.36.0-255,171,186793,17,190895
19361,0.033708,172.31.36.0-255,1141,187934,17,190895
19362,0.033767,172.31.36.0-255,1514,189448,17,190895
19363,0.033769,172.31.36.0-255,1249,190697,17,190895
19364,0.035164,104.244.42.0-255,66,190763,17,190895
19365,0.035202,104.244.42.0-255,66,190829,17,190895
19366,0.035261,104.244.42.0-255,66,190895,17,190895
19367,0.0,74.125.130.0-255,161,161,17,349435
19368,3.6e-05,172.31.36.0-255,66,227,17,349435
19369,4.3e-05,74.125.130.0-255,1484,1711,17,349435
19370,4.7e-05,172.31.36.0-255,66,1777,17,349435
19371,5.2e-05,74.125.130.0-255,2902,4679,17,349435
19372,5.5e-05,172.31.36.0-255,66,4745,17,349435
19373,6e-05,74.125.130.0-255,4320,9065,17,349435
19374,6.3e-05,172.31.36.0-255,66,9131,17,349435
19375,8.5e-05,74.125.130.0-255,2902,12033,17,349435
19376,8.8e-05,172.31.36.0-255,66,12099,17,349435
19377,9.2e-05,74.125.130.0-255,2105,14204,17,349435
19378,9.4e-05,172.31.36.0-255,66,14270,17,349435
19379,0.00016,74.125.130.0-255,1484,15754,17,349435
19380,0.000163,172.31.36.0-255,66,15820,17,349435
19381,0.000187,74.125.130.0-255,2902,18722,17,349435
19382,0.00019,172.31.36.0-255,66,18788,17,349435
19383,0.000196,74.125.130.0-255,5738,24526,17,349435
19384,0.000199,172.31.36.0-255,66,24592,17,349435
19385,0.000219,74.125.130.0-255,1484,26076,17,349435
19386,0.000221,172.31.36.0-255,66,26142,17,349435
19387,0.000226,74.125.130.0-255,2902,29044,17,349435
19388,0.000228,172.31.36.0-255,66,29110,17,349435
19389,0.000267,74.125.130.0-255,2543,31653,17,349435
19390,0.00027,172.31.36.0-255,66,31719,17,349435
19391,0.000449,74.125.130.0-255,1484,33203,17,349435
19392,0.000455,172.31.36.0-255,66,33269,17,349435
19393,0.00046,74.125.130.0-255,1484,34753,17,349435
19394,0.000462,172.31.36.0-255,66,34819,17,349435
19395,0.000483,74.125.130.0-255,2902,37721,17,349435
19396,0.000487,172.31.36.0-255,66,37787,17,349435
19397,0.000502,74.125.130.0-255,1484,39271,17,349435
19398,0.000506,172.31.36.0-255,66,39337,17,349435
19399,0.000525,74.125.130.0-255,4320,43657,17,349435
19400,0.000529,172.31.36.0-255,66,43723,17,349435
19401,0.000532,74.125.130.0-255,1484,45207,17,349435
19402,0.000538,74.125.130.0-255,2902,48109,17,349435
19403,0.000542,172.31.36.0-255,66,48175,17,349435
19404,0.000565,74.125.130.0-255,2543,50718,17,349435
19405,0.000569,172.31.36.0-255,66,50784,17,349435
19406,0.000572,74.125.130.0-255,1484,52268,17,349435
19407,0.000588,74.125.130.0-255,1484,53752,17,349435
19408,0.000591,172.31.36.0-255,66,53818,17,349435
19409,0.00061,74.125.130.0-255,5738,59556,17,349435
19410,0.000614,172.31.36.0-255,66,59622,17,349435
19411,0.000635,74.125.130.0-255,1484,61106,17,349435
19412,0.000639,74.125.130.0-255,1484,62590,17,349435
19413,0.000642,172.31.36.0-255,66,62656,17,349435
19414,0.000681,74.125.130.0-255,3961,66617,17,349435
19415,0.000686,172.31.36.0-255,66,66683,17,349435
19416,0.000815,74.125.130.0-255,648,67331,17,349435
19417,0.000915,172.31.36.0-255,66,67397,17,349435
19418,0.001402,74.125.130.0-255,1484,68881,17,349435
19419,0.001424,74.125.130.0-255,2902,71783,17,349435
19420,0.001429,172.31.36.0-255,66,71849,17,349435
19421,0.001434,74.125.130.0-255,1484,73333,17,349435
19422,0.001437,74.125.130.0-255,1484,74817,17,349435
19423,0.001438,172.31.36.0-255,66,74883,17,349435
19424,0.001452,74.125.130.0-255,1484,76367,17,349435
19425,0.001467,74.125.130.0-255,4320,80687,17,349435
19426,0.001469,172.31.36.0-255,66,80753,17,349435
19427,0.00149,74.125.130.0-255,1484,82237,17,349435
19428,0.001493,74.125.130.0-255,1484,83721,17,349435
19429,0.001495,172.31.36.0-255,66,83787,17,349435
19430,0.001517,74.125.130.0-255,2902,86689,17,349435
19431,0.00152,172.31.36.0-255,66,86755,17,349435
19432,0.001527,74.125.130.0-255,5738,92493,17,349435
19433,0.001529,172.31.36.0-255,66,92559,17,349435
19434,0.001533,74.125.130.0-255,1484,94043,17,349435
19435,0.001596,74.125.130.0-255,4320,98363,17,349435
19436,0.001599,172.31.36.0-255,66,98429,17,349435
19437,0.001622,74.125.130.0-255,3602,102031,17,349435
19438,0.001624,172.31.36.0-255,66,102097,17,349435
19439,0.001844,74.125.130.0-255,1484,103581,17,349435
19440,0.001863,74.125.130.0-255,2902,106483,17,349435
19441,0.001866,172.31.36.0-255,66,106549,17,349435
19442,0.00187,74.125.130.0-255,1484,108033,17,349435
19443,0.001892,74.125.130.0-255,4320,112353,17,349435
19444,0.001894,172.31.36.0-255,66,112419,17,349435
19445,0.001899,74.125.130.0-255,2902,115321,17,349435
19446,0.001902,172.31.36.0-255,66,115387,17,349435
19447,0.001908,74.125.130.0-255,4320,119707,17,349435
19448,0.00191,172.31.36.0-255,66,119773,17,349435
19449,0.001942,172.31.36.0-255,66,119839,17,349435
19450,0.001948,74.125.130.0-255,5738,125577,17,349435
19451,0.00195,172.31.36.0-255,66,125643,17,349435
19452,0.001978,74.125.130.0-255,6438,132081,17,349435
19453,0.001981,172.31.36.0-255,66,132147,17,349435
19454,0.001986,74.125.130.0-255,2902,135049,17,349435
19455,0.001988,172.31.36.0-255,66,135115,17,349435
19456,0.002006,74.125.130.0-255,2902,138017,17,349435
19457,0.002009,172.31.36.0-255,66,138083,17,349435
19458,0.002016,74.125.130.0-255,7156,145239,17,349435
19459,0.002018,172.31.36.0-255,66,145305,17,349435
19460,0.00204,74.125.130.0-255,1484,146789,17,349435
19461,0.002062,172.31.36.0-255,66,146855,17,349435
19462,0.002078,74.125.130.0-255,4320,151175,17,349435
19463,0.00208,172.31.36.0-255,66,151241,17,349435
19464,0.002102,74.125.130.0-255,7156,158397,17,349435
19465,0.002105,172.31.36.0-255,66,158463,17,349435
19466,0.002133,74.125.130.0-255,6438,164901,17,349435
19467,0.002138,172.31.36.0-255,66,164967,17,349435
19468,0.00219,172.31.36.0-255,66,165033,17,349435
19469,0.002208,74.125.130.0-255,1484,166517,17,349435
19470,0.002215,74.125.130.0-255,5738,172255,17,349435
19471,0.002218,172.31.36.0-255,66,172321,17,349435
19472,0.002222,74.125.130.0-255,2184,174505,17,349435
19473,0.002224,172.31.36.0-255,66,174571,17,349435
19474,0.002297,74.125.130.0-255,1484,176055,17,349435
19475,0.002321,74.125.130.0-255,1484,177539,17,349435
19476,0.002325,172.31.36.0-255,66,177605,17,349435
19477,0.002343,74.125.130.0-255,1484,179089,17,349435
19478,0.004522,74.125.130.0-255,1484,180573,17,349435
19479,0.004528,172.31.36.0-255,66,180639,17,349435
19480,0.004607,74.125.130.0-255,2902,183541,17,349435
19481,0.004612,172.31.36.0-255,66,183607,17,349435
19482,0.006837,74.125.130.0-255,2902,186509,17,349435
19483,0.006844,172.31.36.0-255,66,186575,17,349435
19484,0.006902,74.125.130.0-255,2902,189477,17,349435
19485,0.006906,172.31.36.0-255,66,189543,17,349435
19486,0.009155,74.125.130.0-255,2902,192445,17,349435
19487,0.009162,172.31.36.0-255,66,192511,17,349435
19488,0.009205,74.125.130.0-255,2902,195413,17,349435
19489,0.00921,172.31.36.0-255,66,195479,17,349435
19490,0.011475,74.125.130.0-255,2902,198381,17,349435
19491,0.011485,172.31.36.0-255,66,198447,17,349435
19492,0.011522,74.125.130.0-255,2902,201349,17,349435
19493,0.011526,172.31.36.0-255,66,201415,17,349435
19494,0.013825,74.125.130.0-255,5738,207153,17,349435
19495,0.013839,172.31.36.0-255,66,207219,17,349435
19496,0.01615,74.125.130.0-255,5738,212957,17,349435
19497,0.016157,172.31.36.0-255,66,213023,17,349435
19498,0.018491,74.125.130.0-255,5738,218761,17,349435
19499,0.018503,172.31.36.0-255,66,218827,17,349435
19500,0.020829,74.125.130.0-255,5738,224565,17,349435
19501,0.02084,172.31.36.0-255,66,224631,17,349435
19502,0.023149,74.125.130.0-255,4320,228951,17,349435
19503,0.023157,172.31.36.0-255,66,229017,17,349435
19504,0.023178,74.125.130.0-255,1484,230501,17,349435
19505,0.025492,74.125.130.0-255,4320,234821,17,349435
19506,0.0255,172.31.36.0-255,66,234887,17,349435
19507,0.027807,74.125.130.0-255,5738,240625,17,349435
19508,0.027814,172.31.36.0-255,66,240691,17,349435
19509,0.030121,74.125.130.0-255,5738,246429,17,349435
19510,0.030128,172.31.36.0-255,66,246495,17,349435
19511,0.03244,74.125.130.0-255,5738,252233,17,349435
19512,0.032448,172.31.36.0-255,66,252299,17,349435
19513,0.034763,74.125.130.0-255,5738,258037,17,349435
19514,0.034774,172.31.36.0-255,66,258103,17,349435
19515,0.037089,74.125.130.0-255,5738,263841,17,349435
19516,0.0371,172.31.36.0-255,66,263907,17,349435
19517,0.039408,74.125.130.0-255,5738,269645,17,349435
19518,0.039418,172.31.36.0-255,66,269711,17,349435
19519,0.041416,172.31.36.0-255,172,269883,17,349435
19520,0.041457,172.31.36.0-255,1117,271000,17,349435
19521,0.04152,172.31.36.0-255,1514,272514,17,349435
19522,0.041521,172.31.36.0-255,1271,273785,17,349435
19523,0.041725,74.125.130.0-255,5738,279523,17,349435
19524,0.041732,172.31.36.0-255,66,279589,17,349435
19525,0.04299,104.244.42.0-255,66,279655,17,349435
19526,0.043021,104.244.42.0-255,66,279721,17,349435
19527,0.04307,104.244.42.0-255,66,279787,17,349435
19528,0.044032,74.125.130.0-255,5738,285525,17,349435
19529,0.044038,172.31.36.0-255,66,285591,17,349435
19530,0.046352,74.125.130.0-255,5738,291329,17,349435
19531,0.046359,172.31.36.0-255,66,291395,17,349435
19532,0.048676,74.125.130.0-255,5738,297133,17,349435
19533,0.048681,172.31.36.0-255,66,297199,17,349435
19534,0.051021,74.125.130.0-255,5738,302937,17,349435
19535,0.051038,172.31.36.0-255,66,303003,17,349435
19536,0.053381,74.125.130.0-255,5738,308741,17,349435
19537,0.053391,172.31.36.0-255,66,308807,17,349435
19538,0.055704,74.125.130.0-255,5738,314545,17,349435
19539,0.055714,172.31.36.0-255,66,314611,17,349435
19540,0.058025,74.125.130.0-255,5738,320349,17,349435
19541,0.058031,172.31.36.0-255,66,320415,17,349435
19542,0.060354,74.125.130.0-255,5738,326153,17,349435
19543,0.06036,172.31.36.0-255,66,326219,17,349435
19544,0.062669,74.125.130.0-255,5738,331957,17,349435
19545,0.062679,172.31.36.0-255,66,332023,17,349435
19546,0.064995,74.125.130.0-255,5738,337761,17,349435
19547,0.065002,172.31.36.0-255,66,337827,17,349435
19548,0.067316,74.125.130.0-255,5738,343565,17,349435
19549,0.067324,172.31.36.0-255,66,343631,17,349435
19550,0.069646,74.125.130.0-255,5738,349369,17,349435
19551,0.069657,172.31.36.0-255,66,349435,17,349435
19552,0.0,74.125.24.0-255,153,153,17,200290
19553,2.1e-05,172.31.36.0-255,66,219,17,200290
19554,2.8e-05,74.125.24.0-255,1484,1703,17,200290
19555,3.3e-05,172.31.36.0-255,66,1769,17,200290
19556,3.8e-05,74.125.24.0-255,2902,4671,17,200290
19557,5.5e-05,172.31.36.0-255,66,4737,17,200290
19558,6.2e-05,74.125.24.0-255,7156,11893,17,200290
19559,6.6e-05,172.31.36.0-255,66,11959,17,200290
19560,6.9e-05,74.125.24.0-255,2039,13998,17,200290
19561,7.2e-05,172.31.36.0-255,66,14064,17,200290
19562,9.1e-05,74.125.24.0-255,1484,15548,17,200290
19563,9.7e-05,172.31.36.0-255,66,15614,17,200290
19564,0.000101,74.125.24.0-255,1484,17098,17,200290
19565,0.000103,172.31.36.0-255,66,17164,17,200290
19566,0.000138,74.125.24.0-255,1484,18648,17,200290
19567,0.00014,172.31.36.0-255,66,18714,17,200290
19568,0.000147,74.125.24.0-255,5738,24452,17,200290
19569,0.00015,172.31.36.0-255,66,24518,17,200290
19570,0.000163,74.125.24.0-255,6797,31315,17,200290
19571,0.000166,172.31.36.0-255,66,31381,17,200290
19572,0.000275,74.125.24.0-255,1484,32865,17,200290
19573,0.000279,172.31.36.0-255,66,32931,17,200290
19574,0.000284,74.125.24.0-255,2902,35833,17,200290
19575,0.000287,172.31.36.0-255,66,35899,17,200290
19576,0.000289,74.125.24.0-255,1484,37383,17,200290
19577,0.000297,172.31.36.0-255,66,37449,17,200290
19578,0.000302,74.125.24.0-255,2902,40351,17,200290
19579,0.000304,172.31.36.0-255,66,40417,17,200290
19580,0.000329,74.125.24.0-255,2902,43319,17,200290
19581,0.000331,172.31.36.0-255,66,43385,17,200290
19582,0.000342,172.31.36.0-255,66,43451,17,200290
19583,0.000377,74.125.24.0-255,5379,48830,17,200290
19584,0.00038,172.31.36.0-255,66,48896,17,200290
19585,0.000394,172.31.36.0-255,66,48962,17,200290
19586,0.000397,74.125.24.0-255,430,49392,17,200290
19587,0.000427,74.125.24.0-255,346,49738,17,200290
19588,0.000589,74.125.24.0-255,1484,51222,17,200290
19589,0.000594,172.31.36.0-255,66,51288,17,200290
19590,0.0006,74.125.24.0-255,2902,54190,17,200290
19591,0.000602,172.31.36.0-255,66,54256,17,200290
19592,0.000608,74.125.24.0-255,2902,57158,17,200290
19593,0.000616,172.31.36.0-255,66,57224,17,200290
19594,0.000651,74.125.24.0-255,2902,60126,17,200290
19595,0.000667,74.125.24.0-255,4320,64446,17,200290
19596,0.000672,172.31.36.0-255,66,64512,17,200290
19597,0.000675,172.31.36.0-255,66,64578,17,200290
19598,0.000678,172.31.36.0-255,66,64644,17,200290
19599,0.000708,74.125.24.0-255,2902,67546,17,200290
19600,0.000711,172.31.36.0-255,66,67612,17,200290
19601,0.000741,74.125.24.0-255,3051,70663,17,200290
19602,0.000744,172.31.36.0-255,66,70729,17,200290
19603,0.000961,74.125.24.0-255,1484,72213,17,200290
19604,0.000967,74.125.24.0-255,2902,75115,17,200290
19605,0.00097,172.31.36.0-255,66,75181,17,200290
19606,0.001,74.125.24.0-255,5738,80919,17,200290
19607,0.001003,172.31.36.0-255,66,80985,17,200290
19608,0.001008,74.125.24.0-255,4320,85305,17,200290
19609,0.00101,172.31.36.0-255,66,85371,17,200290
19610,0.001069,172.31.36.0-255,66,85437,17,200290
19611,0.00108,172.31.36.0-255,66,85503,17,200290
19612,0.001113,74.125.24.0-255,1484,86987,17,200290
19613,0.001117,74.125.24.0-255,2902,89889,17,200290
19614,0.00112,172.31.36.0-255,66,89955,17,200290
19615,0.001125,74.125.24.0-255,2902,92857,17,200290
19616,0.001127,172.31.36.0-255,66,92923,17,200290
19617,0.001149,74.125.24.0-255,2902,95825,17,200290
19618,0.001157,172.31.36.0-255,66,95891,17,200290
19619,0.001195,172.31.36.0-255,66,95957,17,200290
19620,0.001198,74.125.24.0-255,1484,97441,17,200290
19621,0.001235,172.31.36.0-255,66,97507,17,200290
19622,0.001284,74.125.24.0-255,1484,98991,17,200290
19623,0.001298,74.125.24.0-255,2902,101893,17,200290
19624,0.001301,172.31.36.0-255,66,101959,17,200290
19625,0.001307,74.125.24.0-255,4320,106279,17,200290
19626,0.00131,172.31.36.0-255,66,106345,17,200290
19627,0.001347,172.31.36.0-255,66,106411,17,200290
19628,0.001383,172.31.36.0-255,66,106477,17,200290
19629,0.001403,74.125.24.0-255,6438,112915,17,200290
19630,0.001415,172.31.36.0-255,66,112981,17,200290
19631,0.001422,74.125.24.0-255,1484,114465,17,200290
19632,0.001446,74.125.24.0-255,2902,117367,17,200290
19633,0.001452,74.125.24.0-255,5738,123105,17,200290
19634,0.00146,172.31.36.0-255,66,123171,17,200290
19635,0.001504,172.31.36.0-255,66,123237,17,200290
19636,0.001517,74.125.24.0-255,7156,130393,17,200290
19637,0.001527,172.31.36.0-255,66,130459,17,200290
19638,0.001538,74.125.24.0-255,6438,136897,17,200290
19639,0.001571,74.125.24.0-255,5738,142635,17,200290
19640,0.001577,172.31.36.0-255,66,142701,17,200290
19641,0.001589,74.125.24.0-255,4320,147021,17,200290
19642,0.001642,74.125.24.0-255,3602,150623,17,200290
19643,0.001648,172.31.36.0-255,66,150689,17,200290
19644,0.002172,74.125.24.0-255,1484,152173,17,200290
19645,0.002187,74.125.24.0-255,2902,155075,17,200290
19646,0.002191,172.31.36.0-255,66,155141,17,200290
19647,0.002195,74.125.24.0-255,1484,156625,17,200290
19648,0.002219,74.125.24.0-255,4320,160945,17,200290
19649,0.002224,74.125.24.0-255,4320,165265,17,200290
19650,0.002229,172.31.36.0-255,66,165331,17,200290
19651,0.002304,74.125.24.0-255,5738,171069,17,200290
19652,0.002319,74.125.24.0-255,2184,173253,17,200290
19653,0.002329,172.31.36.0-255,66,173319,17,200290
19654,0.002339,74.125.24.0-255,1484,174803,17,200290
19655,0.002356,74.125.24.0-255,2902,177705,17,200290
19656,0.002373,172.31.36.0-255,66,177771,17,200290
19657,0.002381,74.125.24.0-255,5738,183509,17,200290
19658,0.002383,74.125.24.0-255,1484,184993,17,200290
19659,0.002407,172.31.36.0-255,66,185059,17,200290
19660,0.002437,172.31.36.0-255,66,185125,17,200290
19661,0.002445,74.125.24.0-255,5738,190863,17,200290
19662,0.002449,172.31.36.0-255,66,190929,17,200290
19663,0.002529,74.125.24.0-255,2902,193831,17,200290
19664,0.002533,172.31.36.0-255,66,193897,17,200290
19665,0.002537,172.31.36.0-255,66,193963,17,200290
19666,0.002588,172.31.36.0-255,66,194029,17,200290
19667,0.002625,74.125.24.0-255,1484,195513,17,200290
19668,0.002645,74.125.24.0-255,97,195610,17,200290
19669,0.002661,172.31.36.0-255,66,195676,17,200290
19670,0.005229,74.125.24.0-255,105,195781,17,200290
19671,0.010384,172.31.36.0-255,66,195847,17,200290
19672,0.010425,172.31.36.0-255,105,195952,17,200290
19673,0.012959,74.125.24.0-255,66,196018,17,200290
19674,0.035543,172.31.36.0-255,172,196190,17,200290
19675,0.035579,172.31.36.0-255,1116,197306,17,200290
19676,0.035645,172.31.36.0-255,1514,198820,17,200290
19677,0.035647,172.31.36.0-255,1272,200092,17,200290
19678,0.03709,104.244.42.0-255,66,200158,17,200290
19679,0.037123,104.244.42.0-255,66,200224,17,200290
19680,0.037242,104.244.42.0-255,66,200290,17,200290
19681,0.0,172.217.194.0-255,153,153,17,183788
19682,2.7e-05,172.31.36.0-255,66,219,17,183788
19683,3.4e-05,172.217.194.0-255,1484,1703,17,183788
19684,3.8e-05,172.31.36.0-255,66,1769,17,183788
19685,4.2e-05,172.217.194.0-255,2902,4671,17,183788
19686,4.4e-05,172.31.36.0-255,66,4737,17,183788
19687,4.8e-05,172.217.194.0-255,2902,7639,17,183788
19688,5.1e-05,172.31.36.0-255,66,7705,17,183788
19689,0.000106,172.217.194.0-255,6301,14006,17,183788
19690,0.00011,172.31.36.0-255,66,14072,17,183788
19691,0.000116,172.217.194.0-255,7156,21228,17,183788
19692,0.000118,172.31.36.0-255,66,21294,17,183788
19693,0.000152,172.217.194.0-255,4320,25614,17,183788
19694,0.000155,172.31.36.0-255,66,25680,17,183788
19695,0.000177,172.217.194.0-255,5379,31059,17,183788
19696,0.000179,172.31.36.0-255,66,31125,17,183788
19697,0.000279,172.217.194.0-255,1484,32609,17,183788
19698,0.000283,172.31.36.0-255,66,32675,17,183788
19699,0.000289,172.217.194.0-255,2902,35577,17,183788
19700,0.000291,172.31.36.0-255,66,35643,17,183788
19701,0.000297,172.217.194.0-255,5738,41381,17,183788
19702,0.0003,172.31.36.0-255,66,41447,17,183788
19703,0.000305,172.217.194.0-255,4320,45767,17,183788
19704,0.000308,172.31.36.0-255,66,45833,17,183788
19705,0.000332,172.217.194.0-255,1484,47317,17,183788
19706,0.000335,172.31.36.0-255,66,47383,17,183788
19707,0.000349,172.31.36.0-255,66,47449,17,183788
19708,0.000354,172.217.194.0-255,4251,51700,17,183788
19709,0.000356,172.31.36.0-255,66,51766,17,183788
19710,0.000446,172.217.194.0-255,98,51864,17,183788
19711,0.00045,172.31.36.0-255,66,51930,17,183788
19712,0.000526,172.217.194.0-255,1484,53414,17,183788
19713,0.000531,172.217.194.0-255,1484,54898,17,183788
19714,0.000535,172.31.36.0-255,66,54964,17,183788
19715,0.000553,172.217.194.0-255,1484,56448,17,183788
19716,0.000559,172.217.194.0-255,5738,62186,17,183788
19717,0.000562,172.31.36.0-255,66,62252,17,183788
19718,0.000567,172.217.194.0-255,4320,66572,17,183788
19719,0.000569,172.31.36.0-255,66,66638,17,183788
19720,0.000612,172.217.194.0-255,2902,69540,17,183788
19721,0.000616,172.31.36.0-255,66,69606,17,183788
19722,0.000648,172.31.36.0-255,66,69672,17,183788
19723,0.000651,172.217.194.0-255,1484,71156,17,183788
19724,0.000673,172.217.194.0-255,5379,76535,17,183788
19725,0.000676,172.31.36.0-255,66,76601,17,183788
19726,0.00081,172.217.194.0-255,1484,78085,17,183788
19727,0.000816,172.217.194.0-255,2902,80987,17,183788
19728,0.000819,172.31.36.0-255,66,81053,17,183788
19729,0.000841,172.217.194.0-255,5738,86791,17,183788
19730,0.000845,172.31.36.0-255,66,86857,17,183788
19731,0.000873,172.31.36.0-255,66,86923,17,183788
19732,0.000876,172.217.194.0-255,1484,88407,17,183788
19733,0.000891,172.217.194.0-255,4320,92727,17,183788
19734,0.000895,172.31.36.0-255,66,92793,17,183788
19735,0.000916,172.217.194.0-255,4320,97113,17,183788
19736,0.000919,172.31.36.0-255,66,97179,17,183788
19737,0.000922,172.217.194.0-255,766,97945,17,183788
19738,0.000948,172.217.194.0-255,1484,99429,17,183788
19739,0.000952,172.31.36.0-255,66,99495,17,183788
19740,0.000957,172.217.194.0-255,4320,103815,17,183788
19741,0.000959,172.31.36.0-255,66,103881,17,183788
19742,0.000964,172.217.194.0-255,4320,108201,17,183788
19743,0.000967,172.31.36.0-255,66,108267,17,183788
19744,0.000998,172.217.194.0-255,5738,114005,17,183788
19745,0.001001,172.31.36.0-255,66,114071,17,183788
19746,0.00101,172.31.36.0-255,66,114137,17,183788
19747,0.001068,172.31.36.0-255,66,114203,17,183788
19748,0.001076,172.217.194.0-255,7156,121359,17,183788
19749,0.001079,172.31.36.0-255,66,121425,17,183788
19750,0.001094,172.217.194.0-255,2902,124327,17,183788
19751,0.001096,172.31.36.0-255,66,124393,17,183788
19752,0.00111,172.31.36.0-255,66,124459,17,183788
19753,0.00115,172.31.36.0-255,66,124525,17,183788
19754,0.00118,172.217.194.0-255,2902,127427,17,183788
19755,0.001183,172.31.36.0-255,66,127493,17,183788
19756,0.001207,172.31.36.0-255,66,127559,17,183788
19757,0.001225,172.31.36.0-255,66,127625,17,183788
19758,0.001231,172.217.194.0-255,2902,130527,17,183788
19759,0.001234,172.31.36.0-255,66,130593,17,183788
19760,0.001268,172.31.36.0-255,66,130659,17,183788
19761,0.001293,172.31.36.0-255,66,130725,17,183788
19762,0.001298,172.217.194.0-255,3602,134327,17,183788
19763,0.0013,172.31.36.0-255,66,134393,17,183788
19764,0.001324,172.217.194.0-255,2902,137295,17,183788
19765,0.001327,172.31.36.0-255,66,137361,17,183788
19766,0.001352,172.217.194.0-255,2902,140263,17,183788
19767,0.001355,172.31.36.0-255,66,140329,17,183788
19768,0.001362,172.217.194.0-255,7156,147485,17,183788
19769,0.001364,172.31.36.0-255,66,147551,17,183788
19770,0.001377,172.31.36.0-255,66,147617,17,183788
19771,0.001395,172.217.194.0-255,1484,149101,17,183788
19772,0.001406,172.31.36.0-255,66,149167,17,183788
19773,0.001422,172.217.194.0-255,5738,154905,17,183788
19774,0.001425,172.31.36.0-255,66,154971,17,183788
19775,0.001464,172.31.36.0-255,66,155037,17,183788
19776,0.001475,172.31.36.0-255,66,155103,17,183788
19777,0.001479,172.217.194.0-255,2902,158005,17,183788
19778,0.001481,172.31.36.0-255,66,158071,17,183788
19779,0.001486,172.217.194.0-255,4320,162391,17,183788
19780,0.001489,172.31.36.0-255,66,162457,17,183788
19781,0.001543,172.31.36.0-255,66,162523,17,183788
19782,0.001561,172.31.36.0-255,66,162589,17,183788
19783,0.001682,172.217.194.0-255,1484,164073,17,183788
19784,0.001699,172.217.194.0-255,2902,166975,17,183788
19785,0.001703,172.31.36.0-255,66,167041,17,183788
19786,0.001713,172.217.194.0-255,5738,172779,17,183788
19787,0.001717,172.31.36.0-255,66,172845,17,183788
19788,0.001751,172.31.36.0-255,66,172911,17,183788
19789,0.001782,172.217.194.0-255,5738,178649,17,183788
19790,0.001785,172.31.36.0-255,66,178715,17,183788
19791,0.001819,172.31.36.0-255,66,178781,17,183788
19792,0.001823,172.217.194.0-255,204,178985,17,183788
19793,0.001838,172.217.194.0-255,105,179090,17,183788
19794,0.009837,172.31.36.0-255,66,179156,17,183788
19795,0.00987,172.31.36.0-255,105,179261,17,183788
19796,0.011332,172.217.194.0-255,105,179366,17,183788
19797,0.011345,172.31.36.0-255,78,179444,17,183788
19798,0.012202,172.217.194.0-255,66,179510,17,183788
19799,0.030563,172.31.36.0-255,176,179686,17,183788
19800,0.030594,172.31.36.0-255,1117,180803,17,183788
19801,0.030631,172.31.36.0-255,1514,182317,17,183788
19802,0.030633,172.31.36.0-255,1273,183590,17,183788
19803,0.032108,104.244.42.0-255,66,183656,17,183788
19804,0.03214,104.244.42.0-255,66,183722,17,183788
19805,0.032196,104.244.42.0-255,66,183788,17,183788
19806,0.0,172.217.160.0-255,152,152,17,306923
19807,3.5e-05,172.31.36.0-255,66,218,17,306923
19808,4.2e-05,172.217.160.0-255,1484,1702,17,306923
19809,4.7e-05,172.31.36.0-255,66,1768,17,306923
19810,5e-05,172.217.160.0-255,1484,3252,17,306923
19811,5.2e-05,172.31.36.0-255,66,3318,17,306923
19812,6e-05,172.217.160.0-255,4320,7638,17,306923
19813,6.3e-05,172.31.36.0-255,66,7704,17,306923
19814,8.4e-05,172.217.160.0-255,6222,13926,17,306923
19815,8.8e-05,172.31.36.0-255,66,13992,17,306923
19816,0.000167,172.217.160.0-255,1484,15476,17,306923
19817,0.000171,172.31.36.0-255,66,15542,17,306923
19818,0.00019,172.217.160.0-255,2902,18444,17,306923
19819,0.000193,172.31.36.0-255,66,18510,17,306923
19820,0.000226,172.217.160.0-255,5738,24248,17,306923
19821,0.000229,172.31.36.0-255,66,24314,17,306923
19822,0.000294,172.217.160.0-255,2902,27216,17,306923
19823,0.000298,172.31.36.0-255,66,27282,17,306923
19824,0.000331,172.31.36.0-255,66,27348,17,306923
19825,0.00049,172.217.160.0-255,5738,33086,17,306923
19826,0.000495,172.31.36.0-255,66,33152,17,306923
19827,0.000514,172.217.160.0-255,3961,37113,17,306923
19828,0.000522,172.31.36.0-255,66,37179,17,306923
19829,0.000618,172.217.160.0-255,4320,41499,17,306923
19830,0.000622,172.31.36.0-255,66,41565,17,306923
19831,0.000649,172.31.36.0-255,66,41631,17,306923
19832,0.000821,172.217.160.0-255,372,42003,17,306923
19833,0.000825,172.31.36.0-255,66,42069,17,306923
19834,0.000829,172.217.160.0-255,104,42173,17,306923
19835,0.000831,172.31.36.0-255,66,42239,17,306923
19836,0.000835,172.217.160.0-255,1484,43723,17,306923
19837,0.000856,172.217.160.0-255,1484,45207,17,306923
19838,0.00087,172.31.36.0-255,66,45273,17,306923
19839,0.000876,172.217.160.0-255,2902,48175,17,306923
19840,0.00089,172.31.36.0-255,66,48241,17,306923
19841,0.000891,172.217.160.0-255,4320,52561,17,306923
19842,0.000894,172.31.36.0-255,66,52627,17,306923
19843,0.000981,172.217.160.0-255,4320,56947,17,306923
19844,0.000985,172.31.36.0-255,66,57013,17,306923
19845,0.001021,172.31.36.0-255,66,57079,17,306923
19846,0.001198,172.31.36.0-255,66,57145,17,306923
19847,0.001303,172.217.160.0-255,5738,62883,17,306923
19848,0.001323,172.217.160.0-255,2902,65785,17,306923
19849,0.001401,172.217.160.0-255,2902,68687,17,306923
19850,0.001659,172.217.160.0-255,5738,74425,17,306923
19851,0.001726,172.217.160.0-255,5020,79445,17,306923
19852,0.00218,172.217.160.0-255,1065,80510,17,306923
19853,0.005674,172.31.36.0-255,66,80576,17,306923
19854,0.007317,172.217.160.0-255,5738,86314,17,306923
19855,0.007325,172.31.36.0-255,66,86380,17,306923
19856,0.008947,172.217.160.0-255,5738,92118,17,306923
19857,0.008955,172.31.36.0-255,66,92184,17,306923
19858,0.010585,172.217.160.0-255,5738,97922,17,306923
19859,0.010592,172.31.36.0-255,66,97988,17,306923
19860,0.012218,172.217.160.0-255,5738,103726,17,306923
19861,0.012225,172.31.36.0-255,66,103792,17,306923
19862,0.013845,172.217.160.0-255,5738,109530,17,306923
19863,0.013853,172.31.36.0-255,66,109596,17,306923
19864,0.015479,172.217.160.0-255,5738,115334,17,306923
19865,0.015488,172.31.36.0-255,66,115400,17,306923
19866,0.017165,172.217.160.0-255,5738,121138,17,306923
19867,0.017177,172.31.36.0-255,66,121204,17,306923
19868,0.0188,172.217.160.0-255,5738,126942,17,306923
19869,0.018809,172.31.36.0-255,66,127008,17,306923
19870,0.020477,172.217.160.0-255,5738,132746,17,306923
19871,0.020485,172.31.36.0-255,66,132812,17,306923
19872,0.022103,172.217.160.0-255,5738,138550,17,306923
19873,0.022111,172.31.36.0-255,66,138616,17,306923
19874,0.023729,172.217.160.0-255,5738,144354,17,306923
19875,0.023737,172.31.36.0-255,66,144420,17,306923
19876,0.025288,172.31.36.0-255,188,144608,17,306923
19877,0.025323,172.31.36.0-255,961,145569,17,306923
19878,0.025362,172.31.36.0-255,1514,147083,17,306923
19879,0.025364,172.31.36.0-255,1514,148597,17,306923
19880,0.025368,172.217.160.0-255,1484,150081,17,306923
19881,0.025397,172.217.160.0-255,4320,154401,17,306923
19882,0.025401,172.31.36.0-255,66,154467,17,306923
19883,0.025408,172.31.36.0-255,826,155293,17,306923
19884,0.026842,104.244.42.0-255,66,155359,17,306923
19885,0.026875,104.244.42.0-255,66,155425,17,306923
19886,0.026933,104.244.42.0-255,66,155491,17,306923
19887,0.026938,104.244.42.0-255,66,155557,17,306923
19888,0.027033,172.217.160.0-255,5738,161295,17,306923
19889,0.027039,172.31.36.0-255,66,161361,17,306923
19890,0.02867,172.217.160.0-255,5738,167099,17,306923
19891,0.028681,172.31.36.0-255,66,167165,17,306923
19892,0.030313,172.217.160.0-255,5738,172903,17,306923
19893,0.030319,172.31.36.0-255,66,172969,17,306923
19894,0.031941,172.217.160.0-255,5738,178707,17,306923
19895,0.03195,172.31.36.0-255,66,178773,17,306923
19896,0.033565,172.217.160.0-255,5738,184511,17,306923
19897,0.03357,172.31.36.0-255,66,184577,17,306923
19898,0.035192,172.217.160.0-255,4320,188897,17,306923
19899,0.035198,172.31.36.0-255,66,188963,17,306923
19900,0.035227,172.217.160.0-255,1484,190447,17,306923
19901,0.036815,172.217.160.0-255,4320,194767,17,306923
19902,0.03682,172.31.36.0-255,66,194833,17,306923
19903,0.038436,172.217.160.0-255,5738,200571,17,306923
19904,0.038489,172.31.36.0-255,66,200637,17,306923
19905,0.040114,172.217.160.0-255,4320,204957,17,306923
19906,0.040119,172.31.36.0-255,66,205023,17,306923
19907,0.040151,172.217.160.0-255,1484,206507,17,306923
19908,0.041742,172.217.160.0-255,4320,210827,17,306923
19909,0.041747,172.31.36.0-255,66,210893,17,306923
19910,0.043375,172.217.160.0-255,5738,216631,17,306923
19911,0.043431,172.31.36.0-255,66,216697,17,306923
19912,0.045052,172.217.160.0-255,5738,222435,17,306923
19913,0.045059,172.31.36.0-255,66,222501,17,306923
19914,0.04668,172.217.160.0-255,5738,228239,17,306923
19915,0.046685,172.31.36.0-255,66,228305,17,306923
19916,0.048303,172.217.160.0-255,5738,234043,17,306923
19917,0.048309,172.31.36.0-255,66,234109,17,306923
19918,0.049936,172.217.160.0-255,5738,239847,17,306923
19919,0.049942,172.31.36.0-255,66,239913,17,306923
19920,0.051572,172.217.160.0-255,5738,245651,17,306923
19921,0.051579,172.31.36.0-255,66,245717,17,306923
19922,0.053249,172.217.160.0-255,4320,250037,17,306923
19923,0.053254,172.31.36.0-255,66,250103,17,306923
19924,0.053283,172.217.160.0-255,1484,251587,17,306923
19925,0.054879,172.217.160.0-255,4320,255907,17,306923
19926,0.054884,172.31.36.0-255,66,255973,17,306923
19927,0.056513,172.217.160.0-255,5738,261711,17,306923
19928,0.056573,172.31.36.0-255,66,261777,17,306923
19929,0.058197,172.217.160.0-255,5738,267515,17,306923
19930,0.058203,172.31.36.0-255,66,267581,17,306923
19931,0.059834,172.217.160.0-255,5738,273319,17,306923
19932,0.059839,172.31.36.0-255,66,273385,17,306923
19933,0.061465,172.217.160.0-255,5738,279123,17,306923
19934,0.061472,172.31.36.0-255,66,279189,17,306923
19935,0.063098,172.217.160.0-255,5738,284927,17,306923
19936,0.063165,172.31.36.0-255,66,284993,17,306923
19937,0.064793,172.217.160.0-255,1484,286477,17,306923
19938,0.06487,172.217.160.0-255,4320,290797,17,306923
19939,0.064876,172.31.36.0-255,66,290863,17,306923
19940,0.066492,172.217.160.0-255,5738,296601,17,306923
19941,0.066498,172.31.36.0-255,66,296667,17,306923
19942,0.068164,172.217.160.0-255,4320,300987,17,306923
19943,0.068169,172.31.36.0-255,66,301053,17,306923
19944,0.068199,172.217.160.0-255,1484,302537,17,306923
19945,0.069805,172.217.160.0-255,4320,306857,17,306923
19946,0.06981,172.31.36.0-255,66,306923,17,306923
19947,0.0,74.125.68.0-255,150,150,17,276493
19948,2.5e-05,172.31.36.0-255,66,216,17,276493
19949,3.4e-05,74.125.68.0-255,1484,1700,17,276493
19950,3.8e-05,172.31.36.0-255,66,1766,17,276493
19951,5.2e-05,74.125.68.0-255,2902,4668,17,276493
19952,5.6e-05,172.31.36.0-255,66,4734,17,276493
19953,9.1e-05,74.125.68.0-255,2902,7636,17,276493
19954,9.5e-05,172.31.36.0-255,66,7702,17,276493
19955,0.000144,74.125.68.0-255,4320,12022,17,276493
19956,0.000147,172.31.36.0-255,66,12088,17,276493
19957,0.000191,74.125.68.0-255,2035,14123,17,276493
19958,0.000194,172.31.36.0-255,66,14189,17,276493
19959,0.000255,74.125.68.0-255,1484,15673,17,276493
19960,0.000258,172.31.36.0-255,66,15739,17,276493
19961,0.000264,74.125.68.0-255,2902,18641,17,276493
19962,0.000267,172.31.36.0-255,66,18707,17,276493
19963,0.0003,74.125.68.0-255,5738,24445,17,276493
19964,0.000302,172.31.36.0-255,66,24511,17,276493
19965,0.000307,74.125.68.0-255,2902,27413,17,276493
19966,0.000309,172.31.36.0-255,66,27479,17,276493
19967,0.000315,74.125.68.0-255,3961,31440,17,276493
19968,0.000323,172.31.36.0-255,66,31506,17,276493
19969,0.000351,74.125.68.0-255,1484,32990,17,276493
19970,0.000354,172.31.36.0-255,66,33056,17,276493
19971,0.000382,74.125.68.0-255,2902,35958,17,276493
19972,0.000385,172.31.36.0-255,66,36024,17,276493
19973,0.000391,74.125.68.0-255,5738,41762,17,276493
19974,0.000394,172.31.36.0-255,66,41828,17,276493
19975,0.000405,74.125.68.0-255,4320,46148,17,276493
19976,0.000407,172.31.36.0-255,66,46214,17,276493
19977,0.000437,74.125.68.0-255,2543,48757,17,276493
19978,0.00044,172.31.36.0-255,66,48823,17,276493
19979,0.001066,74.125.68.0-255,1484,50307,17,276493
19980,0.001075,74.125.68.0-255,2902,53209,17,276493
19981,0.00108,172.31.36.0-255,66,53275,17,276493
19982,0.001115,74.125.68.0-255,2902,56177,17,276493
19983,0.001117,172.31.36.0-255,66,56243,17,276493
19984,0.001146,74.125.68.0-255,2902,59145,17,276493
19985,0.001148,172.31.36.0-255,66,59211,17,276493
19986,0.001155,74.125.68.0-255,4320,63531,17,276493
19987,0.001157,172.31.36.0-255,66,63597,17,276493
19988,0.001174,74.125.68.0-255,1484,65081,17,276493
19989,0.00121,74.125.68.0-255,1456,66537,17,276493
19990,0.001213,172.31.36.0-255,66,66603,17,276493
19991,0.001391,74.125.68.0-255,1484,68087,17,276493
19992,0.001416,74.125.68.0-255,2902,70989,17,276493
19993,0.00142,172.31.36.0-255,66,71055,17,276493
19994,0.001428,74.125.68.0-255,5738,76793,17,276493
19995,0.00143,172.31.36.0-255,66,76859,17,276493
19996,0.001438,74.125.68.0-255,1484,78343,17,276493
19997,0.001443,74.125.68.0-255,2902,81245,17,276493
19998,0.001445,172.31.36.0-255,66,81311,17,276493
19999,0.001471,74.125.68.0-255,1484,82795,17,276493
20000,0.001488,74.125.68.0-255,2543,85338,17,276493
20001,0.00149,172.31.36.0-255,66,85404,17,276493
20002,0.001518,74.125.68.0-255,5738,91142,17,276493
20003,0.001521,172.31.36.0-255,66,91208,17,276493
20004,0.001529,74.125.68.0-255,7156,98364,17,276493
20005,0.001531,172.31.36.0-255,66,98430,17,276493
20006,0.001557,74.125.68.0-255,2243,100673,17,276493
20007,0.00156,172.31.36.0-255,66,100739,17,276493
20008,0.002377,74.125.68.0-255,1484,102223,17,276493
20009,0.002396,74.125.68.0-255,2902,105125,17,276493
20010,0.0024,172.31.36.0-255,66,105191,17,276493
20011,0.002436,74.125.68.0-255,5738,110929,17,276493
20012,0.002439,172.31.36.0-255,66,110995,17,276493
20013,0.002486,74.125.68.0-255,7156,118151,17,276493
20014,0.002493,74.125.68.0-255,4320,122471,17,276493
20015,0.002507,74.125.68.0-255,4320,126791,17,276493
20016,0.002518,74.125.68.0-255,1484,128275,17,276493
20017,0.002521,74.125.68.0-255,1484,129759,17,276493
20018,0.005484,172.31.36.0-255,66,129825,17,276493
20019,0.007993,74.125.68.0-255,5738,135563,17,276493
20020,0.007999,172.31.36.0-255,66,135629,17,276493
20021,0.010512,74.125.68.0-255,5738,141367,17,276493
20022,0.010521,172.31.36.0-255,66,141433,17,276493
20023,0.013038,74.125.68.0-255,5738,147171,17,276493
20024,0.013047,172.31.36.0-255,66,147237,17,276493
20025,0.015561,74.125.68.0-255,5738,152975,17,276493
20026,0.015572,172.31.36.0-255,66,153041,17,276493
20027,0.018107,74.125.68.0-255,4320,157361,17,276493
20028,0.01812,172.31.36.0-255,66,157427,17,276493
20029,0.018153,74.125.68.0-255,1484,158911,17,276493
20030,0.020638,74.125.68.0-255,4320,163231,17,276493
20031,0.020646,172.31.36.0-255,66,163297,17,276493
20032,0.023161,74.125.68.0-255,5738,169035,17,276493
20033,0.023169,172.31.36.0-255,66,169101,17,276493
20034,0.025688,74.125.68.0-255,5738,174839,17,276493
20035,0.025696,172.31.36.0-255,66,174905,17,276493
20036,0.028221,74.125.68.0-255,5738,180643,17,276493
20037,0.028235,172.31.36.0-255,66,180709,17,276493
20038,0.030739,74.125.68.0-255,5738,186447,17,276493
20039,0.030747,172.31.36.0-255,66,186513,17,276493
20040,0.033271,74.125.68.0-255,5738,192251,17,276493
20041,0.033279,172.31.36.0-255,66,192317,17,276493
20042,0.034069,172.31.36.0-255,172,192489,17,276493
20043,0.034101,172.31.36.0-255,1118,193607,17,276493
20044,0.034158,172.31.36.0-255,1514,195121,17,276493
20045,0.03416,172.31.36.0-255,1270,196391,17,276493
20046,0.035589,104.244.42.0-255,66,196457,17,276493
20047,0.03563,104.244.42.0-255,66,196523,17,276493
20048,0.035718,104.244.42.0-255,66,196589,17,276493
20049,0.035797,74.125.68.0-255,4320,200909,17,276493
20050,0.035803,172.31.36.0-255,66,200975,17,276493
20051,0.035821,74.125.68.0-255,1484,202459,17,276493
20052,0.038367,74.125.68.0-255,4320,206779,17,276493
20053,0.038382,172.31.36.0-255,66,206845,17,276493
20054,0.040968,74.125.68.0-255,5738,212583,17,276493
20055,0.040976,172.31.36.0-255,66,212649,17,276493
20056,0.04349,74.125.68.0-255,5738,218387,17,276493
20057,0.043497,172.31.36.0-255,66,218453,17,276493
20058,0.046015,74.125.68.0-255,5738,224191,17,276493
20059,0.046022,172.31.36.0-255,66,224257,17,276493
20060,0.048553,74.125.68.0-255,5738,229995,17,276493
20061,0.048562,172.31.36.0-255,66,230061,17,276493
20062,0.051088,74.125.68.0-255,5738,235799,17,276493
20063,0.051096,172.31.36.0-255,66,235865,17,276493
20064,0.053624,74.125.68.0-255,5738,241603,17,276493
20065,0.05364,172.31.36.0-255,66,241669,17,276493
20066,0.056178,74.125.68.0-255,5738,247407,17,276493
20067,0.056185,172.31.36.0-255,66,247473,17,276493
20068,0.058707,74.125.68.0-255,5738,253211,17,276493
20069,0.058715,172.31.36.0-255,66,253277,17,276493
20070,0.061246,74.125.68.0-255,5738,259015,17,276493
20071,0.061254,172.31.36.0-255,66,259081,17,276493
20072,0.063773,74.125.68.0-255,5738,264819,17,276493
20073,0.063782,172.31.36.0-255,66,264885,17,276493
20074,0.066306,74.125.68.0-255,5738,270623,17,276493
20075,0.066313,172.31.36.0-255,66,270689,17,276493
20076,0.06886,74.125.68.0-255,5738,276427,17,276493
20077,0.068873,172.31.36.0-255,66,276493,17,276493
20078,0.0,74.125.24.0-255,153,153,17,256304
20079,2.8e-05,172.31.36.0-255,66,219,17,256304
20080,3.5e-05,74.125.24.0-255,1484,1703,17,256304
20081,4e-05,172.31.36.0-255,66,1769,17,256304
20082,4.5e-05,74.125.24.0-255,2902,4671,17,256304
20083,4.8e-05,172.31.36.0-255,66,4737,17,256304
20084,5.5e-05,74.125.24.0-255,7156,11893,17,256304
20085,5.8e-05,172.31.36.0-255,66,11959,17,256304
20086,8.2e-05,74.125.24.0-255,2012,13971,17,256304
20087,8.4e-05,172.31.36.0-255,66,14037,17,256304
20088,0.000121,74.125.24.0-255,2902,16939,17,256304
20089,0.000126,172.31.36.0-255,66,17005,17,256304
20090,0.000146,74.125.24.0-255,4320,21325,17,256304
20091,0.000148,172.31.36.0-255,66,21391,17,256304
20092,0.000167,74.125.24.0-255,1484,22875,17,256304
20093,0.000169,172.31.36.0-255,66,22941,17,256304
20094,0.000187,74.125.24.0-255,4320,27261,17,256304
20095,0.00019,172.31.36.0-255,66,27327,17,256304
20096,0.000213,74.125.24.0-255,2902,30229,17,256304
20097,0.000216,172.31.36.0-255,66,30295,17,256304
20098,0.000219,74.125.24.0-255,1125,31420,17,256304
20099,0.000221,172.31.36.0-255,66,31486,17,256304
20100,0.000225,74.125.24.0-255,1484,32970,17,256304
20101,0.000227,172.31.36.0-255,66,33036,17,256304
20102,0.000249,74.125.24.0-255,4320,37356,17,256304
20103,0.000251,172.31.36.0-255,66,37422,17,256304
20104,0.000254,74.125.24.0-255,1484,38906,17,256304
20105,0.000256,172.31.36.0-255,66,38972,17,256304
20106,0.000286,172.31.36.0-255,66,39038,17,256304
20107,0.00029,74.125.24.0-255,1125,40163,17,256304
20108,0.000293,172.31.36.0-255,66,40229,17,256304
20109,0.000395,74.125.24.0-255,1484,41713,17,256304
20110,0.000402,74.125.24.0-255,2902,44615,17,256304
20111,0.000406,172.31.36.0-255,66,44681,17,256304
20112,0.000411,74.125.24.0-255,2902,47583,17,256304
20113,0.000413,172.31.36.0-255,66,47649,17,256304
20114,0.000431,74.125.24.0-255,2902,50551,17,256304
20115,0.000434,172.31.36.0-255,66,50617,17,256304
20116,0.000438,74.125.24.0-255,2902,53519,17,256304
20117,0.000441,172.31.36.0-255,66,53585,17,256304
20118,0.000465,74.125.24.0-255,3961,57546,17,256304
20119,0.000468,172.31.36.0-255,66,57612,17,256304
20120,0.000577,74.125.24.0-255,1484,59096,17,256304
20121,0.000593,74.125.24.0-255,2902,61998,17,256304
20122,0.000597,172.31.36.0-255,66,62064,17,256304
20123,0.00063,74.125.24.0-255,4320,66384,17,256304
20124,0.000633,172.31.36.0-255,66,66450,17,256304
20125,0.000649,74.125.24.0-255,1484,67934,17,256304
20126,0.000663,74.125.24.0-255,2902,70836,17,256304
20127,0.000665,172.31.36.0-255,66,70902,17,256304
20128,0.000691,172.31.36.0-255,66,70968,17,256304
20129,0.000698,74.125.24.0-255,5738,76706,17,256304
20130,0.0007,172.31.36.0-255,66,76772,17,256304
20131,0.000716,74.125.24.0-255,1484,78256,17,256304
20132,0.000721,74.125.24.0-255,4224,82480,17,256304
20133,0.000724,172.31.36.0-255,66,82546,17,256304
20134,0.000788,74.125.24.0-255,1484,84030,17,256304
20135,0.000792,74.125.24.0-255,1484,85514,17,256304
20136,0.000795,172.31.36.0-255,66,85580,17,256304
20137,0.000813,74.125.24.0-255,1484,87064,17,256304
20138,0.00082,74.125.24.0-255,5738,92802,17,256304
20139,0.000824,172.31.36.0-255,66,92868,17,256304
20140,0.000849,172.31.36.0-255,66,92934,17,256304
20141,0.000853,74.125.24.0-255,2902,95836,17,256304
20142,0.000856,172.31.36.0-255,66,95902,17,256304
20143,0.000878,74.125.24.0-255,5738,101640,17,256304
20144,0.000881,172.31.36.0-255,66,101706,17,256304
20145,0.000898,74.125.24.0-255,2184,103890,17,256304
20146,0.000902,172.31.36.0-255,66,103956,17,256304
20147,0.001206,74.125.24.0-255,1484,105440,17,256304
20148,0.001224,74.125.24.0-255,2902,108342,17,256304
20149,0.001228,172.31.36.0-255,66,108408,17,256304
20150,0.001236,74.125.24.0-255,5738,114146,17,256304
20151,0.001238,172.31.36.0-255,66,114212,17,256304
20152,0.001243,74.125.24.0-255,4320,118532,17,256304
20153,0.001246,172.31.36.0-255,66,118598,17,256304
20154,0.001283,172.31.36.0-255,66,118664,17,256304
20155,0.00129,74.125.24.0-255,7156,125820,17,256304
20156,0.001292,172.31.36.0-255,66,125886,17,256304
20157,0.001306,74.125.24.0-255,1484,127370,17,256304
20158,0.001328,74.125.24.0-255,6438,133808,17,256304
20159,0.001331,172.31.36.0-255,66,133874,17,256304
20160,0.001343,74.125.24.0-255,1484,135358,17,256304
20161,0.001344,172.31.36.0-255,66,135424,17,256304
20162,0.001386,172.31.36.0-255,66,135490,17,256304
20163,0.00139,74.125.24.0-255,2184,137674,17,256304
20164,0.001393,172.31.36.0-255,66,137740,17,256304
20165,0.001414,74.125.24.0-255,1484,139224,17,256304
20166,0.001444,172.31.36.0-255,66,139290,17,256304
20167,0.001463,74.125.24.0-255,1484,140774,17,256304
20168,0.00147,74.125.24.0-255,7156,147930,17,256304
20169,0.001473,172.31.36.0-255,66,147996,17,256304
20170,0.001497,74.125.24.0-255,6438,154434,17,256304
20171,0.0015,172.31.36.0-255,66,154500,17,256304
20172,0.001514,172.31.36.0-255,66,154566,17,256304
20173,0.001528,74.125.24.0-255,1484,156050,17,256304
20174,0.001575,74.125.24.0-255,7156,163206,17,256304
20175,0.001579,172.31.36.0-255,66,163272,17,256304
20176,0.001611,172.31.36.0-255,66,163338,17,256304
20177,0.001615,74.125.24.0-255,1484,164822,17,256304
20178,0.00162,74.125.24.0-255,2902,167724,17,256304
20179,0.001623,172.31.36.0-255,66,167790,17,256304
20180,0.001628,74.125.24.0-255,4320,172110,17,256304
20181,0.001631,172.31.36.0-255,66,172176,17,256304
20182,0.001658,74.125.24.0-255,1484,173660,17,256304
20183,0.001671,172.31.36.0-255,66,173726,17,256304
20184,0.001683,172.31.36.0-255,66,173792,17,256304
20185,0.001704,74.125.24.0-255,2184,175976,17,256304
20186,0.001711,172.31.36.0-255,66,176042,17,256304
20187,0.001722,74.125.24.0-255,1484,177526,17,256304
20188,0.001742,74.125.24.0-255,2902,180428,17,256304
20189,0.001746,172.31.36.0-255,66,180494,17,256304
20190,0.001752,74.125.24.0-255,5738,186232,17,256304
20191,0.001754,172.31.36.0-255,66,186298,17,256304
20192,0.001784,74.125.24.0-255,7156,193454,17,256304
20193,0.001788,172.31.36.0-255,66,193520,17,256304
20194,0.00182,74.125.24.0-255,4320,197840,17,256304
20195,0.001824,172.31.36.0-255,66,197906,17,256304
20196,0.00185,74.125.24.0-255,2184,200090,17,256304
20197,0.001851,172.31.36.0-255,66,200156,17,256304
20198,0.001856,172.31.36.0-255,66,200222,17,256304
20199,0.001881,74.125.24.0-255,1484,201706,17,256304
20200,0.001885,74.125.24.0-255,2902,204608,17,256304
20201,0.001888,74.125.24.0-255,1484,206092,17,256304
20202,0.00189,172.31.36.0-255,66,206158,17,256304
20203,0.00191,74.125.24.0-255,4320,210478,17,256304
20204,0.001912,172.31.36.0-255,66,210544,17,256304
20205,0.001919,74.125.24.0-255,5738,216282,17,256304
20206,0.001937,172.31.36.0-255,66,216348,17,256304
20207,0.001938,74.125.24.0-255,4320,220668,17,256304
20208,0.001941,172.31.36.0-255,66,220734,17,256304
20209,0.001958,74.125.24.0-255,4320,225054,17,256304
20210,0.001965,172.31.36.0-255,66,225120,17,256304
20211,0.001974,74.125.24.0-255,7156,232276,17,256304
20212,0.001982,172.31.36.0-255,66,232342,17,256304
20213,0.002017,172.31.36.0-255,66,232408,17,256304
20214,0.002019,74.125.24.0-255,5738,238146,17,256304
20215,0.002031,172.31.36.0-255,66,238212,17,256304
20216,0.002037,74.125.24.0-255,2902,241114,17,256304
20217,0.002045,172.31.36.0-255,66,241180,17,256304
20218,0.002049,172.31.36.0-255,66,241246,17,256304
20219,0.002076,74.125.24.0-255,3602,244848,17,256304
20220,0.002079,172.31.36.0-255,66,244914,17,256304
20221,0.002081,74.125.24.0-255,6628,251542,17,256304
20222,0.002083,172.31.36.0-255,66,251608,17,256304
20223,0.002097,74.125.24.0-255,105,251713,17,256304
20224,0.002097,172.31.36.0-255,66,251779,17,256304
20225,0.003588,172.31.36.0-255,66,251845,17,256304
20226,0.003615,172.31.36.0-255,105,251950,17,256304
20227,0.00588,74.125.24.0-255,66,252016,17,256304
20228,0.033415,172.31.36.0-255,188,252204,17,256304
20229,0.033447,172.31.36.0-255,961,253165,17,256304
20230,0.033494,172.31.36.0-255,1514,254679,17,256304
20231,0.033496,172.31.36.0-255,1427,256106,17,256304
20232,0.034986,104.244.42.0-255,66,256172,17,256304
20233,0.035031,104.244.42.0-255,66,256238,17,256304
20234,0.035135,104.244.42.0-255,66,256304,17,256304
20235,0.0,172.217.194.0-255,153,153,17,211151
20236,1.7e-05,172.31.36.0-255,66,219,17,211151
20237,2.4e-05,172.217.194.0-255,1484,1703,17,211151
20238,2.8e-05,172.31.36.0-255,66,1769,17,211151
20239,3.3e-05,172.217.194.0-255,2902,4671,17,211151
20240,3.6e-05,172.31.36.0-255,66,4737,17,211151
20241,4.2e-05,172.217.194.0-255,4320,9057,17,211151
20242,4.5e-05,172.31.36.0-255,66,9123,17,211151
20243,7.3e-05,172.217.194.0-255,2902,12025,17,211151
20244,7.6e-05,172.31.36.0-255,66,12091,17,211151
20245,7.9e-05,172.217.194.0-255,2060,14151,17,211151
20246,8.1e-05,172.31.36.0-255,66,14217,17,211151
20247,0.000119,172.31.36.0-255,66,14283,17,211151
20248,0.000137,172.217.194.0-255,1484,15767,17,211151
20249,0.000139,172.31.36.0-255,66,15833,17,211151
20250,0.000144,172.217.194.0-255,4320,20153,17,211151
20251,0.000146,172.31.36.0-255,66,20219,17,211151
20252,0.000159,172.217.194.0-255,7156,27375,17,211151
20253,0.000161,172.31.36.0-255,66,27441,17,211151
20254,0.000175,172.217.194.0-255,1484,28925,17,211151
20255,0.000176,172.31.36.0-255,66,28991,17,211151
20256,0.000181,172.217.194.0-255,7156,36147,17,211151
20257,0.000183,172.31.36.0-255,66,36213,17,211151
20258,0.000197,172.217.194.0-255,2184,38397,17,211151
20259,0.000198,172.31.36.0-255,66,38463,17,211151
20260,0.001695,172.217.194.0-255,1484,39947,17,211151
20261,0.001701,172.31.36.0-255,66,40013,17,211151
20262,0.001712,172.217.194.0-255,2902,42915,17,211151
20263,0.001714,172.31.36.0-255,66,42981,17,211151
20264,0.001717,172.217.194.0-255,1484,44465,17,211151
20265,0.001719,172.31.36.0-255,66,44531,17,211151
20266,0.001758,172.217.194.0-255,4320,48851,17,211151
20267,0.001765,172.217.194.0-255,5738,54589,17,211151
20268,0.001788,172.217.194.0-255,2902,57491,17,211151
20269,0.001793,172.31.36.0-255,66,57557,17,211151
20270,0.001845,172.217.194.0-255,2902,60459,17,211151
20271,0.001851,172.31.36.0-255,66,60525,17,211151
20272,0.001862,172.217.194.0-255,1707,62232,17,211151
20273,0.00188,172.31.36.0-255,66,62298,17,211151
20274,0.004512,172.217.194.0-255,2902,65200,17,211151
20275,0.004516,172.31.36.0-255,66,65266,17,211151
20276,0.004534,172.217.194.0-255,2902,68168,17,211151
20277,0.004555,172.31.36.0-255,66,68234,17,211151
20278,0.007141,172.217.194.0-255,2902,71136,17,211151
20279,0.007147,172.31.36.0-255,66,71202,17,211151
20280,0.00719,172.217.194.0-255,2902,74104,17,211151
20281,0.007205,172.31.36.0-255,66,74170,17,211151
20282,0.009801,172.217.194.0-255,2902,77072,17,211151
20283,0.009808,172.31.36.0-255,66,77138,17,211151
20284,0.009844,172.217.194.0-255,2902,80040,17,211151
20285,0.009864,172.31.36.0-255,66,80106,17,211151
20286,0.012466,172.217.194.0-255,2902,83008,17,211151
20287,0.012477,172.31.36.0-255,66,83074,17,211151
20288,0.0125,172.217.194.0-255,2902,85976,17,211151
20289,0.012538,172.31.36.0-255,66,86042,17,211151
20290,0.015971,172.217.194.0-255,5738,91780,17,211151
20291,0.016034,172.31.36.0-255,66,91846,17,211151
20292,0.018671,172.217.194.0-255,5738,97584,17,211151
20293,0.018679,172.31.36.0-255,66,97650,17,211151
20294,0.02134,172.217.194.0-255,5738,103388,17,211151
20295,0.021347,172.31.36.0-255,66,103454,17,211151
20296,0.021689,172.31.36.0-255,171,103625,17,211151
20297,0.021761,172.31.36.0-255,1140,104765,17,211151
20298,0.021837,172.31.36.0-255,1514,106279,17,211151
20299,0.02184,172.31.36.0-255,1248,107527,17,211151
20300,0.023284,104.244.42.0-255,66,107593,17,211151
20301,0.023333,104.244.42.0-255,66,107659,17,211151
20302,0.023415,104.244.42.0-255,66,107725,17,211151
20303,0.023965,104.244.42.0-255,108,107833,17,211151
20304,0.023969,172.31.36.0-255,66,107899,17,211151
20305,0.024,172.217.194.0-255,5738,113637,17,211151
20306,0.024003,172.31.36.0-255,66,113703,17,211151
20307,0.026633,172.217.194.0-255,5738,119441,17,211151
20308,0.026639,172.31.36.0-255,66,119507,17,211151
20309,0.029291,172.217.194.0-255,5738,125245,17,211151
20310,0.029296,172.31.36.0-255,66,125311,17,211151
20311,0.031973,172.217.194.0-255,5738,131049,17,211151
20312,0.031986,172.31.36.0-255,66,131115,17,211151
20313,0.034644,172.217.194.0-255,5738,136853,17,211151
20314,0.03465,172.31.36.0-255,66,136919,17,211151
20315,0.037287,172.217.194.0-255,5738,142657,17,211151
20316,0.037292,172.31.36.0-255,66,142723,17,211151
20317,0.039964,172.217.194.0-255,4320,147043,17,211151
20318,0.039969,172.31.36.0-255,66,147109,17,211151
20319,0.039996,172.217.194.0-255,1484,148593,17,211151
20320,0.042609,172.217.194.0-255,4320,152913,17,211151
20321,0.042614,172.31.36.0-255,66,152979,17,211151
20322,0.045262,172.217.194.0-255,5738,158717,17,211151
20323,0.045312,172.31.36.0-255,66,158783,17,211151
20324,0.047961,172.217.194.0-255,5738,164521,17,211151
20325,0.047966,172.31.36.0-255,66,164587,17,211151
20326,0.050609,172.217.194.0-255,5738,170325,17,211151
20327,0.050614,172.31.36.0-255,66,170391,17,211151
20328,0.053257,172.217.194.0-255,5738,176129,17,211151
20329,0.053265,172.31.36.0-255,66,176195,17,211151
20330,0.055898,172.217.194.0-255,5738,181933,17,211151
20331,0.055907,172.31.36.0-255,66,181999,17,211151
20332,0.058592,172.217.194.0-255,5738,187737,17,211151
20333,0.058603,172.31.36.0-255,66,187803,17,211151
20334,0.06127,172.217.194.0-255,5738,193541,17,211151
20335,0.061276,172.31.36.0-255,66,193607,17,211151
20336,0.063945,172.217.194.0-255,5738,199345,17,211151
20337,0.063955,172.31.36.0-255,66,199411,17,211151
20338,0.066578,172.217.194.0-255,5738,205149,17,211151
20339,0.066583,172.31.36.0-255,66,205215,17,211151
20340,0.069224,172.217.194.0-255,2902,208117,17,211151
20341,0.069229,172.31.36.0-255,66,208183,17,211151
20342,0.069263,172.217.194.0-255,2902,211085,17,211151
20343,0.069287,172.31.36.0-255,66,211151,17,211151
20344,0.0,74.125.24.0-255,150,150,17,283534
20345,2.3e-05,172.31.36.0-255,66,216,17,283534
20346,3e-05,74.125.24.0-255,1484,1700,17,283534
20347,3.5e-05,172.31.36.0-255,66,1766,17,283534
20348,4e-05,74.125.24.0-255,2902,4668,17,283534
20349,4.3e-05,172.31.36.0-255,66,4734,17,283534
20350,5.1e-05,74.125.24.0-255,7156,11890,17,283534
20351,5.3e-05,172.31.36.0-255,66,11956,17,283534
20352,5.6e-05,74.125.24.0-255,1484,13440,17,283534
20353,5.9e-05,172.31.36.0-255,66,13506,17,283534
20354,6.2e-05,74.125.24.0-255,629,14135,17,283534
20355,6.5e-05,172.31.36.0-255,66,14201,17,283534
20356,0.000114,74.125.24.0-255,1484,15685,17,283534
20357,0.000117,172.31.36.0-255,66,15751,17,283534
20358,0.000123,74.125.24.0-255,4320,20071,17,283534
20359,0.000126,172.31.36.0-255,66,20137,17,283534
20360,0.000137,172.31.36.0-255,66,20203,17,283534
20361,0.00014,74.125.24.0-255,1125,21328,17,283534
20362,0.000141,172.31.36.0-255,66,21394,17,283534
20363,0.000261,74.125.24.0-255,1484,22878,17,283534
20364,0.000265,172.31.36.0-255,66,22944,17,283534
20365,0.00027,74.125.24.0-255,2902,25846,17,283534
20366,0.000272,172.31.36.0-255,66,25912,17,283534
20367,0.000289,74.125.24.0-255,5738,31650,17,283534
20368,0.000291,172.31.36.0-255,66,31716,17,283534
20369,0.000345,172.31.36.0-255,66,31782,17,283534
20370,0.00036,74.125.24.0-255,2543,34325,17,283534
20371,0.000362,172.31.36.0-255,66,34391,17,283534
20372,0.000365,74.125.24.0-255,2902,37293,17,283534
20373,0.000367,172.31.36.0-255,66,37359,17,283534
20374,0.000403,74.125.24.0-255,6797,44156,17,283534
20375,0.000405,172.31.36.0-255,66,44222,17,283534
20376,0.000632,74.125.24.0-255,648,44870,17,283534
20377,0.000749,74.125.24.0-255,1484,46354,17,283534
20378,0.000753,172.31.36.0-255,66,46420,17,283534
20379,0.000759,74.125.24.0-255,2902,49322,17,283534
20380,0.000761,172.31.36.0-255,66,49388,17,283534
20381,0.000768,74.125.24.0-255,5738,55126,17,283534
20382,0.000769,172.31.36.0-255,66,55192,17,283534
20383,0.000785,74.125.24.0-255,1484,56676,17,283534
20384,0.000806,172.31.36.0-255,66,56742,17,283534
20385,0.000816,172.31.36.0-255,66,56808,17,283534
20386,0.000831,74.125.24.0-255,1484,58292,17,283534
20387,0.000846,74.125.24.0-255,3961,62253,17,283534
20388,0.000848,172.31.36.0-255,66,62319,17,283534
20389,0.000947,74.125.24.0-255,1484,63803,17,283534
20390,0.000951,74.125.24.0-255,2902,66705,17,283534
20391,0.00096,172.31.36.0-255,66,66771,17,283534
20392,0.000967,74.125.24.0-255,5738,72509,17,283534
20393,0.000969,172.31.36.0-255,66,72575,17,283534
20394,0.000994,74.125.24.0-255,7156,79731,17,283534
20395,0.000996,172.31.36.0-255,66,79797,17,283534
20396,0.001019,74.125.24.0-255,5738,85535,17,283534
20397,0.001022,172.31.36.0-255,66,85601,17,283534
20398,0.001024,74.125.24.0-255,1484,87085,17,283534
20399,0.001041,74.125.24.0-255,2902,89987,17,283534
20400,0.001043,172.31.36.0-255,66,90053,17,283534
20401,0.001065,74.125.24.0-255,6438,96491,17,283534
20402,0.001067,172.31.36.0-255,66,96557,17,283534
20403,0.00107,74.125.24.0-255,1484,98041,17,283534
20404,0.001092,172.31.36.0-255,66,98107,17,283534
20405,0.001097,74.125.24.0-255,4320,102427,17,283534
20406,0.001099,172.31.36.0-255,66,102493,17,283534
20407,0.001139,172.31.36.0-255,66,102559,17,283534
20408,0.001179,172.31.36.0-255,66,102625,17,283534
20409,0.001185,172.31.36.0-255,66,102691,17,283534
20410,0.001215,172.31.36.0-255,66,102757,17,283534
20411,0.001267,74.125.24.0-255,5020,107777,17,283534
20412,0.001269,172.31.36.0-255,66,107843,17,283534
20413,0.001594,74.125.24.0-255,1484,109327,17,283534
20414,0.0016,74.125.24.0-255,2902,112229,17,283534
20415,0.001603,172.31.36.0-255,66,112295,17,283534
20416,0.001607,74.125.24.0-255,2902,115197,17,283534
20417,0.001609,172.31.36.0-255,66,115263,17,283534
20418,0.001625,74.125.24.0-255,2902,118165,17,283534
20419,0.001627,172.31.36.0-255,66,118231,17,283534
20420,0.001639,74.125.24.0-255,4320,122551,17,283534
20421,0.001641,172.31.36.0-255,66,122617,17,283534
20422,0.001671,172.31.36.0-255,66,122683,17,283534
20423,0.001677,74.125.24.0-255,5738,128421,17,283534
20424,0.001679,172.31.36.0-255,66,128487,17,283534
20425,0.001713,74.125.24.0-255,5020,133507,17,283534
20426,0.001715,172.31.36.0-255,66,133573,17,283534
20427,0.001729,74.125.24.0-255,4320,137893,17,283534
20428,0.001731,172.31.36.0-255,66,137959,17,283534
20429,0.001748,74.125.24.0-255,1484,139443,17,283534
20430,0.001754,74.125.24.0-255,5738,145181,17,283534
20431,0.001756,172.31.36.0-255,66,145247,17,283534
20432,0.001792,74.125.24.0-255,7156,152403,17,283534
20433,0.001796,172.31.36.0-255,66,152469,17,283534
20434,0.001808,172.31.36.0-255,66,152535,17,283534
20435,0.001811,74.125.24.0-255,766,153301,17,283534
20436,0.001929,74.125.24.0-255,1484,154785,17,283534
20437,0.001932,172.31.36.0-255,66,154851,17,283534
20438,0.001946,74.125.24.0-255,2902,157753,17,283534
20439,0.001948,172.31.36.0-255,66,157819,17,283534
20440,0.001963,74.125.24.0-255,5738,163557,17,283534
20441,0.001965,172.31.36.0-255,66,163623,17,283534
20442,0.002001,172.31.36.0-255,66,163689,17,283534
20443,0.002015,74.125.24.0-255,2902,166591,17,283534
20444,0.002017,172.31.36.0-255,66,166657,17,283534
20445,0.002049,172.31.36.0-255,66,166723,17,283534
20446,0.002052,74.125.24.0-255,766,167489,17,283534
20447,0.004079,74.125.24.0-255,4320,171809,17,283534
20448,0.004093,172.31.36.0-255,66,171875,17,283534
20449,0.006144,74.125.24.0-255,5738,177613,17,283534
20450,0.006156,172.31.36.0-255,66,177679,17,283534
20451,0.008182,74.125.24.0-255,5738,183417,17,283534
20452,0.008185,172.31.36.0-255,66,183483,17,283534
20453,0.010538,74.125.24.0-255,5738,189221,17,283534
20454,0.010544,172.31.36.0-255,66,189287,17,283534
20455,0.01258,74.125.24.0-255,5738,195025,17,283534
20456,0.012589,172.31.36.0-255,66,195091,17,283534
20457,0.014627,74.125.24.0-255,5738,200829,17,283534
20458,0.014641,172.31.36.0-255,66,200895,17,283534
20459,0.016685,74.125.24.0-255,5738,206633,17,283534
20460,0.016697,172.31.36.0-255,66,206699,17,283534
20461,0.018732,74.125.24.0-255,5738,212437,17,283534
20462,0.01874,172.31.36.0-255,66,212503,17,283534
20463,0.020775,74.125.24.0-255,5738,218241,17,283534
20464,0.020783,172.31.36.0-255,66,218307,17,283534
20465,0.02279,74.125.24.0-255,5738,224045,17,283534
20466,0.022798,172.31.36.0-255,66,224111,17,283534
20467,0.024854,74.125.24.0-255,5738,229849,17,283534
20468,0.024863,172.31.36.0-255,66,229915,17,283534
20469,0.026883,74.125.24.0-255,5738,235653,17,283534
20470,0.026889,172.31.36.0-255,66,235719,17,283534
20471,0.028925,74.125.24.0-255,5738,241457,17,283534
20472,0.028931,172.31.36.0-255,66,241523,17,283534
20473,0.030992,74.125.24.0-255,5738,247261,17,283534
20474,0.031,172.31.36.0-255,66,247327,17,283534
20475,0.033012,74.125.24.0-255,5738,253065,17,283534
20476,0.03302,172.31.36.0-255,66,253131,17,283534
20477,0.03506,74.125.24.0-255,5738,258869,17,283534
20478,0.035067,172.31.36.0-255,66,258935,17,283534
20479,0.037097,74.125.24.0-255,5738,264673,17,283534
20480,0.037104,172.31.36.0-255,66,264739,17,283534
20481,0.039145,74.125.24.0-255,5738,270477,17,283534
20482,0.039154,172.31.36.0-255,66,270543,17,283534
20483,0.041176,74.125.24.0-255,5738,276281,17,283534
20484,0.041182,172.31.36.0-255,66,276347,17,283534
20485,0.042307,172.31.36.0-255,172,276519,17,283534
20486,0.042335,172.31.36.0-255,1117,277636,17,283534
20487,0.042386,172.31.36.0-255,1514,279150,17,283534
20488,0.042388,172.31.36.0-255,1273,280423,17,283534
20489,0.043199,74.125.24.0-255,2502,282925,17,283534
20490,0.043209,172.31.36.0-255,66,282991,17,283534
20491,0.04338,172.31.36.0-255,105,283096,17,283534
20492,0.043814,104.244.42.0-255,66,283162,17,283534
20493,0.043851,104.244.42.0-255,66,283228,17,283534
20494,0.043887,104.244.42.0-255,66,283294,17,283534
20495,0.044609,104.244.42.0-255,108,283402,17,283534
20496,0.044613,172.31.36.0-255,66,283468,17,283534
20497,0.045371,74.125.24.0-255,66,283534,17,283534
20498,0.0,172.217.194.0-255,146,146,17,289991
20499,3.6e-05,172.31.36.0-255,66,212,17,289991
20500,4.4e-05,172.217.194.0-255,1484,1696,17,289991
20501,5e-05,172.31.36.0-255,66,1762,17,289991
20502,5.4e-05,172.217.194.0-255,2902,4664,17,289991
20503,5.7e-05,172.31.36.0-255,66,4730,17,289991
20504,6.4e-05,172.217.194.0-255,7156,11886,17,289991
20505,6.7e-05,172.31.36.0-255,66,11952,17,289991
20506,9.9e-05,172.217.194.0-255,7156,19108,17,289991
20507,0.000102,172.31.36.0-255,66,19174,17,289991
20508,0.000126,172.217.194.0-255,4881,24055,17,289991
20509,0.000128,172.31.36.0-255,66,24121,17,289991
20510,0.000135,172.217.194.0-255,6797,30918,17,289991
20511,0.000137,172.31.36.0-255,66,30984,17,289991
20512,0.000169,172.217.194.0-255,1484,32468,17,289991
20513,0.000172,172.31.36.0-255,66,32534,17,289991
20514,0.000186,172.217.194.0-255,2902,35436,17,289991
20515,0.000188,172.31.36.0-255,66,35502,17,289991
20516,0.000192,172.217.194.0-255,2902,38404,17,289991
20517,0.000195,172.31.36.0-255,66,38470,17,289991
20518,0.00022,172.217.194.0-255,2902,41372,17,289991
20519,0.000224,172.31.36.0-255,66,41438,17,289991
20520,0.000233,172.31.36.0-255,66,41504,17,289991
20521,0.000258,172.217.194.0-255,2902,44406,17,289991
20522,0.000261,172.31.36.0-255,66,44472,17,289991
20523,0.000287,172.31.36.0-255,66,44538,17,289991
20524,0.000772,172.217.194.0-255,100,44638,17,289991
20525,0.000777,172.31.36.0-255,66,44704,17,289991
20526,0.000952,172.217.194.0-255,1484,46188,17,289991
20527,0.000958,172.31.36.0-255,66,46254,17,289991
20528,0.000967,172.217.194.0-255,2902,49156,17,289991
20529,0.000969,172.31.36.0-255,66,49222,17,289991
20530,0.000975,172.217.194.0-255,5738,54960,17,289991
20531,0.000977,172.31.36.0-255,66,55026,17,289991
20532,0.000981,172.217.194.0-255,1484,56510,17,289991
20533,0.001013,172.31.36.0-255,66,56576,17,289991
20534,0.001073,172.31.36.0-255,66,56642,17,289991
20535,0.001958,172.217.194.0-255,1484,58126,17,289991
20536,0.001978,172.217.194.0-255,2902,61028,17,289991
20537,0.001982,172.31.36.0-255,66,61094,17,289991
20538,0.001988,172.217.194.0-255,4320,65414,17,289991
20539,0.00199,172.31.36.0-255,66,65480,17,289991
20540,0.002013,172.31.36.0-255,66,65546,17,289991
20541,0.002037,172.217.194.0-255,4320,69866,17,289991
20542,0.002039,172.31.36.0-255,66,69932,17,289991
20543,0.00206,172.31.36.0-255,66,69998,17,289991
20544,0.002076,172.217.194.0-255,1484,71482,17,289991
20545,0.002089,172.217.194.0-255,2902,74384,17,289991
20546,0.002091,172.31.36.0-255,66,74450,17,289991
20547,0.002107,172.217.194.0-255,1484,75934,17,289991
20548,0.002114,172.217.194.0-255,7156,83090,17,289991
20549,0.002116,172.31.36.0-255,66,83156,17,289991
20550,0.002119,172.217.194.0-255,1484,84640,17,289991
20551,0.002147,172.31.36.0-255,66,84706,17,289991
20552,0.002155,172.217.194.0-255,6438,91144,17,289991
20553,0.002157,172.31.36.0-255,66,91210,17,289991
20554,0.002193,172.217.194.0-255,1484,92694,17,289991
20555,0.00223,172.217.194.0-255,2902,95596,17,289991
20556,0.002233,172.31.36.0-255,66,95662,17,289991
20557,0.002238,172.217.194.0-255,4320,99982,17,289991
20558,0.00224,172.31.36.0-255,66,100048,17,289991
20559,0.002243,172.217.194.0-255,1484,101532,17,289991
20560,0.002265,172.217.194.0-255,7156,108688,17,289991
20561,0.002268,172.31.36.0-255,66,108754,17,289991
20562,0.002288,172.217.194.0-255,5738,114492,17,289991
20563,0.002291,172.31.36.0-255,66,114558,17,289991
20564,0.002304,172.217.194.0-255,4320,118878,17,289991
20565,0.002306,172.31.36.0-255,66,118944,17,289991
20566,0.002331,172.217.194.0-255,1484,120428,17,289991
20567,0.00235,172.217.194.0-255,5020,125448,17,289991
20568,0.002353,172.31.36.0-255,66,125514,17,289991
20569,0.004715,172.217.194.0-255,5738,131252,17,289991
20570,0.004733,172.31.36.0-255,66,131318,17,289991
20571,0.007102,172.217.194.0-255,5738,137056,17,289991
20572,0.007109,172.31.36.0-255,66,137122,17,289991
20573,0.009542,172.217.194.0-255,5738,142860,17,289991
20574,0.009556,172.31.36.0-255,66,142926,17,289991
20575,0.011989,172.217.194.0-255,5738,148664,17,289991
20576,0.011996,172.31.36.0-255,66,148730,17,289991
20577,0.01439,172.217.194.0-255,5738,154468,17,289991
20578,0.0144,172.31.36.0-255,66,154534,17,289991
20579,0.016745,172.217.194.0-255,5738,160272,17,289991
20580,0.016753,172.31.36.0-255,66,160338,17,289991
20581,0.019152,172.217.194.0-255,5738,166076,17,289991
20582,0.01916,172.31.36.0-255,66,166142,17,289991
20583,0.021528,172.217.194.0-255,5738,171880,17,289991
20584,0.021533,172.31.36.0-255,66,171946,17,289991
20585,0.021965,172.31.36.0-255,172,172118,17,289991
20586,0.021994,172.31.36.0-255,1115,173233,17,289991
20587,0.022039,172.31.36.0-255,1514,174747,17,289991
20588,0.022041,172.31.36.0-255,318,175065,17,289991
20589,0.023507,104.244.42.0-255,66,175131,17,289991
20590,0.023544,104.244.42.0-255,66,175197,17,289991
20591,0.023595,104.244.42.0-255,66,175263,17,289991
20592,0.023874,172.217.194.0-255,5738,181001,17,289991
20593,0.023881,172.31.36.0-255,66,181067,17,289991
20594,0.026237,172.217.194.0-255,5738,186805,17,289991
20595,0.026249,172.31.36.0-255,66,186871,17,289991
20596,0.028589,172.217.194.0-255,5738,192609,17,289991
20597,0.028597,172.31.36.0-255,66,192675,17,289991
20598,0.030983,172.217.194.0-255,5738,198413,17,289991
20599,0.030989,172.31.36.0-255,66,198479,17,289991
20600,0.033387,172.217.194.0-255,5738,204217,17,289991
20601,0.033397,172.31.36.0-255,66,204283,17,289991
20602,0.035742,172.217.194.0-255,5738,210021,17,289991
20603,0.035749,172.31.36.0-255,66,210087,17,289991
20604,0.038109,172.217.194.0-255,5738,215825,17,289991
20605,0.038116,172.31.36.0-255,66,215891,17,289991
20606,0.040503,172.217.194.0-255,5738,221629,17,289991
20607,0.040509,172.31.36.0-255,66,221695,17,289991
20608,0.042844,172.217.194.0-255,5738,227433,17,289991
20609,0.04285,172.31.36.0-255,66,227499,17,289991
20610,0.045209,172.217.194.0-255,5738,233237,17,289991
20611,0.045214,172.31.36.0-255,66,233303,17,289991
20612,0.047553,172.217.194.0-255,5738,239041,17,289991
20613,0.047559,172.31.36.0-255,66,239107,17,289991
20614,0.049894,172.217.194.0-255,5738,244845,17,289991
20615,0.049901,172.31.36.0-255,66,244911,17,289991
20616,0.052266,172.217.194.0-255,5738,250649,17,289991
20617,0.052273,172.31.36.0-255,66,250715,17,289991
20618,0.054674,172.217.194.0-255,5738,256453,17,289991
20619,0.054681,172.31.36.0-255,66,256519,17,289991
20620,0.057003,172.217.194.0-255,4320,260839,17,289991
20621,0.057008,172.31.36.0-255,66,260905,17,289991
20622,0.057038,172.217.194.0-255,1484,262389,17,289991
20623,0.059372,172.217.194.0-255,4320,266709,17,289991
20624,0.059377,172.31.36.0-255,66,266775,17,289991
20625,0.061752,172.217.194.0-255,5738,272513,17,289991
20626,0.061758,172.31.36.0-255,66,272579,17,289991
20627,0.064151,172.217.194.0-255,5738,278317,17,289991
20628,0.064161,172.31.36.0-255,66,278383,17,289991
20629,0.066517,172.217.194.0-255,5738,284121,17,289991
20630,0.066531,172.31.36.0-255,66,284187,17,289991
20631,0.068943,172.217.194.0-255,5738,289925,17,289991
20632,0.068954,172.31.36.0-255,66,289991,17,289991
20633,0.0,74.125.24.0-255,152,152,17,238291
20634,2.3e-05,172.31.36.0-255,66,218,17,238291
20635,3.1e-05,74.125.24.0-255,1484,1702,17,238291
20636,3.5e-05,172.31.36.0-255,66,1768,17,238291
20637,3.9e-05,74.125.24.0-255,1484,3252,17,238291
20638,4.1e-05,172.31.36.0-255,66,3318,17,238291
20639,4.9e-05,74.125.24.0-255,4320,7638,17,238291
20640,5.2e-05,172.31.36.0-255,66,7704,17,238291
20641,8.5e-05,74.125.24.0-255,4320,12024,17,238291
20642,8.9e-05,172.31.36.0-255,66,12090,17,238291
20643,0.000106,74.125.24.0-255,3450,15540,17,238291
20644,0.000109,172.31.36.0-255,66,15606,17,238291
20645,0.00012,172.31.36.0-255,66,15672,17,238291
20646,0.000169,172.31.36.0-255,66,15738,17,238291
20647,0.000197,172.31.36.0-255,66,15804,17,238291
20648,0.000205,74.125.24.0-255,7156,22960,17,238291
20649,0.000207,172.31.36.0-255,66,23026,17,238291
20650,0.000224,74.125.24.0-255,1484,24510,17,238291
20651,0.000226,172.31.36.0-255,66,24576,17,238291
20652,0.00023,74.125.24.0-255,1484,26060,17,238291
20653,0.000232,172.31.36.0-255,66,26126,17,238291
20654,0.000253,74.125.24.0-255,4298,30424,17,238291
20655,0.000256,172.31.36.0-255,66,30490,17,238291
20656,0.000302,74.125.24.0-255,1484,31974,17,238291
20657,0.000304,172.31.36.0-255,66,32040,17,238291
20658,0.000309,74.125.24.0-255,2902,34942,17,238291
20659,0.000311,172.31.36.0-255,66,35008,17,238291
20660,0.000317,74.125.24.0-255,4320,39328,17,238291
20661,0.00032,172.31.36.0-255,66,39394,17,238291
20662,0.000347,74.125.24.0-255,1484,40878,17,238291
20663,0.00036,172.31.36.0-255,66,40944,17,238291
20664,0.000533,172.31.36.0-255,66,41010,17,238291
20665,0.001221,74.125.24.0-255,1484,42494,17,238291
20666,0.001239,74.125.24.0-255,2902,45396,17,238291
20667,0.001242,172.31.36.0-255,66,45462,17,238291
20668,0.00126,74.125.24.0-255,1484,46946,17,238291
20669,0.001274,74.125.24.0-255,4320,51266,17,238291
20670,0.001277,172.31.36.0-255,66,51332,17,238291
20671,0.00128,74.125.24.0-255,1484,52816,17,238291
20672,0.001319,172.31.36.0-255,66,52882,17,238291
20673,0.001334,74.125.24.0-255,2902,55784,17,238291
20674,0.001336,172.31.36.0-255,66,55850,17,238291
20675,0.001363,172.31.36.0-255,66,55916,17,238291
20676,0.001366,74.125.24.0-255,766,56682,17,238291
20677,0.001701,172.31.36.0-255,66,56748,17,238291
20678,0.00184,74.125.24.0-255,1484,58232,17,238291
20679,0.001872,74.125.24.0-255,2902,61134,17,238291
20680,0.001876,172.31.36.0-255,66,61200,17,238291
20681,0.001899,74.125.24.0-255,4320,65520,17,238291
20682,0.001901,172.31.36.0-255,66,65586,17,238291
20683,0.001912,172.31.36.0-255,66,65652,17,238291
20684,0.001937,74.125.24.0-255,2902,68554,17,238291
20685,0.00194,172.31.36.0-255,66,68620,17,238291
20686,0.001971,172.31.36.0-255,66,68686,17,238291
20687,0.001989,74.125.24.0-255,3602,72288,17,238291
20688,0.001992,172.31.36.0-255,66,72354,17,238291
20689,0.002112,74.125.24.0-255,1484,73838,17,238291
20690,0.002132,74.125.24.0-255,2902,76740,17,238291
20691,0.002136,172.31.36.0-255,66,76806,17,238291
20692,0.002162,74.125.24.0-255,5738,82544,17,238291
20693,0.002165,172.31.36.0-255,66,82610,17,238291
20694,0.002169,74.125.24.0-255,1484,84094,17,238291
20695,0.002195,172.31.36.0-255,66,84160,17,238291
20696,0.002201,74.125.24.0-255,4320,88480,17,238291
20697,0.002203,172.31.36.0-255,66,88546,17,238291
20698,0.002319,74.125.24.0-255,2902,91448,17,238291
20699,0.002324,172.31.36.0-255,66,91514,17,238291
20700,0.002341,74.125.24.0-255,3602,95116,17,238291
20701,0.002344,172.31.36.0-255,66,95182,17,238291
20702,0.00249,74.125.24.0-255,1484,96666,17,238291
20703,0.002508,74.125.24.0-255,2902,99568,17,238291
20704,0.002513,172.31.36.0-255,66,99634,17,238291
20705,0.002537,74.125.24.0-255,5738,105372,17,238291
20706,0.00254,172.31.36.0-255,66,105438,17,238291
20707,0.002551,172.31.36.0-255,66,105504,17,238291
20708,0.002572,74.125.24.0-255,4320,109824,17,238291
20709,0.002574,172.31.36.0-255,66,109890,17,238291
20710,0.002579,74.125.24.0-255,2902,112792,17,238291
20711,0.002581,172.31.36.0-255,66,112858,17,238291
20712,0.002586,74.125.24.0-255,4320,117178,17,238291
20713,0.002606,74.125.24.0-255,2902,120080,17,238291
20714,0.002633,74.125.24.0-255,766,120846,17,238291
20715,0.00349,74.125.24.0-255,1484,122330,17,238291
20716,0.003496,74.125.24.0-255,2902,125232,17,238291
20717,0.003503,74.125.24.0-255,5738,130970,17,238291
20718,0.00353,74.125.24.0-255,7156,138126,17,238291
20719,0.003591,74.125.24.0-255,2184,140310,17,238291
20720,0.003689,74.125.24.0-255,1484,141794,17,238291
20721,0.003693,74.125.24.0-255,1484,143278,17,238291
20722,0.003706,74.125.24.0-255,1484,144762,17,238291
20723,0.003712,74.125.24.0-255,4320,149082,17,238291
20724,0.003725,74.125.24.0-255,1484,150566,17,238291
20725,0.00374,74.125.24.0-255,5738,156304,17,238291
20726,0.003764,74.125.24.0-255,7156,163460,17,238291
20727,0.003771,74.125.24.0-255,7156,170616,17,238291
20728,0.003812,74.125.24.0-255,2902,173518,17,238291
20729,0.00384,74.125.24.0-255,2184,175702,17,238291
20730,0.003856,74.125.24.0-255,1484,177186,17,238291
20731,0.003876,74.125.24.0-255,2902,180088,17,238291
20732,0.003882,74.125.24.0-255,5738,185826,17,238291
20733,0.003884,74.125.24.0-255,1484,187310,17,238291
20734,0.003915,74.125.24.0-255,4320,191630,17,238291
20735,0.003934,74.125.24.0-255,4320,195950,17,238291
20736,0.00394,74.125.24.0-255,4320,200270,17,238291
20737,0.003958,74.125.24.0-255,5738,206008,17,238291
20738,0.003965,74.125.24.0-255,5020,211028,17,238291
20739,0.003983,74.125.24.0-255,5738,216766,17,238291
20740,0.004033,74.125.24.0-255,7156,223922,17,238291
20741,0.004073,74.125.24.0-255,7156,231078,17,238291
20742,0.004114,74.125.24.0-255,2599,233677,17,238291
20743,0.004131,74.125.24.0-255,105,233782,17,238291
20744,0.006561,172.31.36.0-255,66,233848,17,238291
20745,0.008798,172.31.36.0-255,105,233953,17,238291
20746,0.011296,74.125.24.0-255,66,234019,17,238291
20747,0.031846,172.31.36.0-255,172,234191,17,238291
20748,0.031883,172.31.36.0-255,1116,235307,17,238291
20749,0.031944,172.31.36.0-255,1514,236821,17,238291
20750,0.031946,172.31.36.0-255,1272,238093,17,238291
20751,0.03342,104.244.42.0-255,66,238159,17,238291
20752,0.03345,104.244.42.0-255,66,238225,17,238291
20753,0.033508,104.244.42.0-255,66,238291,17,238291
20754,0.0,172.31.36.0-255,105,105,17,276
20755,0.001522,157.240.13.0-255,105,210,17,276
20756,0.001541,172.31.36.0-255,66,276,17,276
20757,0.0,74.125.24.0-255,153,153,17,147811
20758,1.9e-05,172.31.36.0-255,66,219,17,147811
20759,2.6e-05,74.125.24.0-255,1484,1703,17,147811
20760,3e-05,172.31.36.0-255,66,1769,17,147811
20761,3.5e-05,74.125.24.0-255,2902,4671,17,147811
20762,3.8e-05,172.31.36.0-255,66,4737,17,147811
20763,4.3e-05,74.125.24.0-255,4320,9057,17,147811
20764,4.7e-05,172.31.36.0-255,66,9123,17,147811
20765,7.6e-05,172.31.36.0-255,66,9189,17,147811
20766,8.3e-05,74.125.24.0-255,5738,14927,17,147811
20767,8.6e-05,172.31.36.0-255,66,14993,17,147811
20768,0.000133,74.125.24.0-255,6797,21790,17,147811
20769,0.000136,172.31.36.0-255,66,21856,17,147811
20770,0.000153,74.125.24.0-255,5738,27594,17,147811
20771,0.000155,172.31.36.0-255,66,27660,17,147811
20772,0.000174,74.125.24.0-255,1484,29144,17,147811
20773,0.000177,172.31.36.0-255,66,29210,17,147811
20774,0.000182,74.125.24.0-255,2902,32112,17,147811
20775,0.000184,172.31.36.0-255,66,32178,17,147811
20776,0.000213,172.31.36.0-255,66,32244,17,147811
20777,0.000229,74.125.24.0-255,1484,33728,17,147811
20778,0.000231,172.31.36.0-255,66,33794,17,147811
20779,0.000259,172.31.36.0-255,66,33860,17,147811
20780,0.000281,74.125.24.0-255,131,33991,17,147811
20781,0.000283,172.31.36.0-255,66,34057,17,147811
20782,0.00045,74.125.24.0-255,1484,35541,17,147811
20783,0.000456,172.31.36.0-255,66,35607,17,147811
20784,0.000462,74.125.24.0-255,2902,38509,17,147811
20785,0.000465,172.31.36.0-255,66,38575,17,147811
20786,0.000468,74.125.24.0-255,1484,40059,17,147811
20787,0.000488,74.125.24.0-255,4320,44379,17,147811
20788,0.000491,172.31.36.0-255,66,44445,17,147811
20789,0.000497,74.125.24.0-255,5738,50183,17,147811
20790,0.000499,172.31.36.0-255,66,50249,17,147811
20791,0.00052,74.125.24.0-255,7156,57405,17,147811
20792,0.000523,172.31.36.0-255,66,57471,17,147811
20793,0.000535,172.31.36.0-255,66,57537,17,147811
20794,0.000557,74.125.24.0-255,2184,59721,17,147811
20795,0.000561,172.31.36.0-255,66,59787,17,147811
20796,0.000564,74.125.24.0-255,1484,61271,17,147811
20797,0.000579,74.125.24.0-255,5738,67009,17,147811
20798,0.000584,74.125.24.0-255,4320,71329,17,147811
20799,0.000589,172.31.36.0-255,66,71395,17,147811
20800,0.000592,172.31.36.0-255,66,71461,17,147811
20801,0.000611,74.125.24.0-255,4320,75781,17,147811
20802,0.000614,172.31.36.0-255,66,75847,17,147811
20803,0.00063,172.31.36.0-255,66,75913,17,147811
20804,0.000644,74.125.24.0-255,1484,77397,17,147811
20805,0.000647,74.125.24.0-255,766,78163,17,147811
20806,0.000649,172.31.36.0-255,66,78229,17,147811
20807,0.000704,74.125.24.0-255,1484,79713,17,147811
20808,0.000708,74.125.24.0-255,1484,81197,17,147811
20809,0.00071,172.31.36.0-255,66,81263,17,147811
20810,0.00073,74.125.24.0-255,1484,82747,17,147811
20811,0.000737,74.125.24.0-255,5738,88485,17,147811
20812,0.00074,172.31.36.0-255,66,88551,17,147811
20813,0.000778,74.125.24.0-255,2902,91453,17,147811
20814,0.000781,172.31.36.0-255,66,91519,17,147811
20815,0.000813,172.31.36.0-255,66,91585,17,147811
20816,0.000826,172.31.36.0-255,66,91651,17,147811
20817,0.000898,74.125.24.0-255,1484,93135,17,147811
20818,0.000904,74.125.24.0-255,2902,96037,17,147811
20819,0.000907,172.31.36.0-255,66,96103,17,147811
20820,0.000911,74.125.24.0-255,1484,97587,17,147811
20821,0.000929,74.125.24.0-255,4320,101907,17,147811
20822,0.000932,172.31.36.0-255,66,101973,17,147811
20823,0.000939,74.125.24.0-255,7156,109129,17,147811
20824,0.000941,172.31.36.0-255,66,109195,17,147811
20825,0.000985,172.31.36.0-255,66,109261,17,147811
20826,0.000998,172.31.36.0-255,66,109327,17,147811
20827,0.001003,74.125.24.0-255,2902,112229,17,147811
20828,0.001005,172.31.36.0-255,66,112295,17,147811
20829,0.001043,172.31.36.0-255,66,112361,17,147811
20830,0.001056,172.31.36.0-255,66,112427,17,147811
20831,0.001062,74.125.24.0-255,4320,116747,17,147811
20832,0.001064,172.31.36.0-255,66,116813,17,147811
20833,0.001083,74.125.24.0-255,7156,123969,17,147811
20834,0.001086,172.31.36.0-255,66,124035,17,147811
20835,0.001103,172.31.36.0-255,66,124101,17,147811
20836,0.001123,74.125.24.0-255,4320,128421,17,147811
20837,0.001136,172.31.36.0-255,66,128487,17,147811
20838,0.00118,74.125.24.0-255,2902,131389,17,147811
20839,0.001194,74.125.24.0-255,4320,135709,17,147811
20840,0.001199,172.31.36.0-255,66,135775,17,147811
20841,0.001227,74.125.24.0-255,5738,141513,17,147811
20842,0.001313,172.31.36.0-255,66,141579,17,147811
20843,0.001381,172.31.36.0-255,66,141645,17,147811
20844,0.001398,74.125.24.0-255,1484,143129,17,147811
20845,0.001404,172.31.36.0-255,66,143195,17,147811
20846,0.001442,74.125.24.0-255,105,143300,17,147811
20847,0.001456,172.31.36.0-255,66,143366,17,147811
20848,0.004432,172.31.36.0-255,105,143471,17,147811
20849,0.006726,74.125.24.0-255,66,143537,17,147811
20850,0.030497,172.31.36.0-255,172,143709,17,147811
20851,0.03053,172.31.36.0-255,1117,144826,17,147811
20852,0.030592,172.31.36.0-255,1514,146340,17,147811
20853,0.030594,172.31.36.0-255,1273,147613,17,147811
20854,0.032039,104.244.42.0-255,66,147679,17,147811
20855,0.032121,104.244.42.0-255,66,147745,17,147811
20856,0.032127,104.244.42.0-255,66,147811,17,147811
20857,0.0,172.253.118.0-255,153,153,17,329527
20858,3.6e-05,172.31.36.0-255,66,219,17,329527
20859,4.4e-05,172.253.118.0-255,1484,1703,17,329527
20860,4.8e-05,172.31.36.0-255,66,1769,17,329527
20861,5.4e-05,172.253.118.0-255,2902,4671,17,329527
20862,5.6e-05,172.31.36.0-255,66,4737,17,329527
20863,6.3e-05,172.253.118.0-255,5738,10475,17,329527
20864,6.6e-05,172.31.36.0-255,66,10541,17,329527
20865,8.6e-05,172.253.118.0-255,3393,13934,17,329527
20866,8.9e-05,172.31.36.0-255,66,14000,17,329527
20867,0.000276,172.253.118.0-255,1484,15484,17,329527
20868,0.000282,172.31.36.0-255,66,15550,17,329527
20869,0.000287,172.253.118.0-255,2902,18452,17,329527
20870,0.00029,172.31.36.0-255,66,18518,17,329527
20871,0.000314,172.253.118.0-255,5738,24256,17,329527
20872,0.000317,172.31.36.0-255,66,24322,17,329527
20873,0.00034,172.253.118.0-255,6797,31119,17,329527
20874,0.000343,172.31.36.0-255,66,31185,17,329527
20875,0.000368,172.253.118.0-255,7156,38341,17,329527
20876,0.000372,172.31.36.0-255,66,38407,17,329527
20877,0.000404,172.253.118.0-255,4320,42727,17,329527
20878,0.000408,172.31.36.0-255,66,42793,17,329527
20879,0.000429,172.253.118.0-255,5379,48172,17,329527
20880,0.000433,172.31.36.0-255,66,48238,17,329527
20881,0.000898,172.253.118.0-255,1484,49722,17,329527
20882,0.000904,172.31.36.0-255,66,49788,17,329527
20883,0.000913,172.253.118.0-255,2902,52690,17,329527
20884,0.000916,172.31.36.0-255,66,52756,17,329527
20885,0.000923,172.253.118.0-255,5738,58494,17,329527
20886,0.000925,172.31.36.0-255,66,58560,17,329527
20887,0.000944,172.253.118.0-255,5738,64298,17,329527
20888,0.000947,172.31.36.0-255,66,64364,17,329527
20889,0.000969,172.253.118.0-255,1705,66069,17,329527
20890,0.000972,172.31.36.0-255,66,66135,17,329527
20891,0.001024,172.253.118.0-255,1484,67619,17,329527
20892,0.001031,172.253.118.0-255,2902,70521,17,329527
20893,0.001034,172.31.36.0-255,66,70587,17,329527
20894,0.00106,172.253.118.0-255,5738,76325,17,329527
20895,0.001062,172.31.36.0-255,66,76391,17,329527
20896,0.001088,172.253.118.0-255,2902,79293,17,329527
20897,0.00109,172.31.36.0-255,66,79359,17,329527
20898,0.001119,172.31.36.0-255,66,79425,17,329527
20899,0.001126,172.253.118.0-255,5738,85163,17,329527
20900,0.001128,172.31.36.0-255,66,85229,17,329527
20901,0.001149,172.253.118.0-255,1484,86713,17,329527
20902,0.00118,172.253.118.0-255,2543,89256,17,329527
20903,0.001183,172.31.36.0-255,66,89322,17,329527
20904,0.00173,172.253.118.0-255,1484,90806,17,329527
20905,0.001736,172.253.118.0-255,1484,92290,17,329527
20906,0.00174,172.31.36.0-255,66,92356,17,329527
20907,0.00176,172.253.118.0-255,1484,93840,17,329527
20908,0.001766,172.253.118.0-255,5738,99578,17,329527
20909,0.001769,172.31.36.0-255,66,99644,17,329527
20910,0.001774,172.253.118.0-255,4320,103964,17,329527
20911,0.001776,172.31.36.0-255,66,104030,17,329527
20912,0.001779,172.253.118.0-255,1484,105514,17,329527
20913,0.001811,172.31.36.0-255,66,105580,17,329527
20914,0.001814,172.253.118.0-255,1484,107064,17,329527
20915,0.001835,172.253.118.0-255,6438,113502,17,329527
20916,0.001837,172.31.36.0-255,66,113568,17,329527
20917,0.001886,172.253.118.0-255,1484,115052,17,329527
20918,0.001889,172.253.118.0-255,1484,116536,17,329527
20919,0.001891,172.31.36.0-255,66,116602,17,329527
20920,0.001907,172.253.118.0-255,1484,118086,17,329527
20921,0.001912,172.253.118.0-255,2902,120988,17,329527
20922,0.001914,172.31.36.0-255,66,121054,17,329527
20923,0.001926,172.253.118.0-255,2902,123956,17,329527
20924,0.00193,172.31.36.0-255,66,124022,17,329527
20925,0.001968,172.31.36.0-255,66,124088,17,329527
20926,0.001996,172.253.118.0-255,5738,129826,17,329527
20927,0.001998,172.31.36.0-255,66,129892,17,329527
20928,0.002015,172.253.118.0-255,2902,132794,17,329527
20929,0.002017,172.31.36.0-255,66,132860,17,329527
20930,0.002064,172.253.118.0-255,2184,135044,17,329527
20931,0.002066,172.31.36.0-255,66,135110,17,329527
20932,0.002197,172.253.118.0-255,1484,136594,17,329527
20933,0.002208,172.253.118.0-255,2902,139496,17,329527
20934,0.002211,172.31.36.0-255,66,139562,17,329527
20935,0.002231,172.253.118.0-255,5738,145300,17,329527
20936,0.002233,172.31.36.0-255,66,145366,17,329527
20937,0.00226,172.253.118.0-255,4320,149686,17,329527
20938,0.002263,172.31.36.0-255,66,149752,17,329527
20939,0.002291,172.31.36.0-255,66,149818,17,329527
20940,0.002296,172.253.118.0-255,4320,154138,17,329527
20941,0.002298,172.31.36.0-255,66,154204,17,329527
20942,0.002332,172.253.118.0-255,6438,160642,17,329527
20943,0.002335,172.31.36.0-255,66,160708,17,329527
20944,0.00474,172.253.118.0-255,5738,166446,17,329527
20945,0.004746,172.31.36.0-255,66,166512,17,329527
20946,0.007071,172.253.118.0-255,5738,172250,17,329527
20947,0.00708,172.31.36.0-255,66,172316,17,329527
20948,0.00947,172.253.118.0-255,5738,178054,17,329527
20949,0.00948,172.31.36.0-255,66,178120,17,329527
20950,0.011881,172.253.118.0-255,5738,183858,17,329527
20951,0.011889,172.31.36.0-255,66,183924,17,329527
20952,0.014266,172.253.118.0-255,5738,189662,17,329527
20953,0.014275,172.31.36.0-255,66,189728,17,329527
20954,0.016664,172.253.118.0-255,5738,195466,17,329527
20955,0.016671,172.31.36.0-255,66,195532,17,329527
20956,0.019062,172.253.118.0-255,5738,201270,17,329527
20957,0.019069,172.31.36.0-255,66,201336,17,329527
20958,0.021462,172.253.118.0-255,5738,207074,17,329527
20959,0.02147,172.31.36.0-255,66,207140,17,329527
20960,0.023858,172.253.118.0-255,5738,212878,17,329527
20961,0.023866,172.31.36.0-255,66,212944,17,329527
20962,0.026241,172.253.118.0-255,5738,218682,17,329527
20963,0.026247,172.31.36.0-255,66,218748,17,329527
20964,0.028618,172.253.118.0-255,5738,224486,17,329527
20965,0.028624,172.31.36.0-255,66,224552,17,329527
20966,0.030867,172.31.36.0-255,172,224724,17,329527
20967,0.030897,172.31.36.0-255,1119,225843,17,329527
20968,0.030936,172.31.36.0-255,1514,227357,17,329527
20969,0.030938,172.31.36.0-255,1514,228871,17,329527
20970,0.030938,172.31.36.0-255,668,229539,17,329527
20971,0.03099,172.253.118.0-255,5738,235277,17,329527
20972,0.030995,172.31.36.0-255,66,235343,17,329527
20973,0.03244,104.244.42.0-255,66,235409,17,329527
20974,0.032447,104.244.42.0-255,66,235475,17,329527
20975,0.032479,104.244.42.0-255,66,235541,17,329527
20976,0.033372,172.253.118.0-255,2902,238443,17,329527
20977,0.033376,172.31.36.0-255,66,238509,17,329527
20978,0.033411,172.253.118.0-255,2902,241411,17,329527
20979,0.033415,172.31.36.0-255,66,241477,17,329527
20980,0.03571,172.253.118.0-255,2902,244379,17,329527
20981,0.035715,172.31.36.0-255,66,244445,17,329527
20982,0.035799,172.253.118.0-255,2902,247347,17,329527
20983,0.035803,172.31.36.0-255,66,247413,17,329527
20984,0.038121,172.253.118.0-255,2902,250315,17,329527
20985,0.038127,172.31.36.0-255,66,250381,17,329527
20986,0.038165,172.253.118.0-255,2902,253283,17,329527
20987,0.038168,172.31.36.0-255,66,253349,17,329527
20988,0.040537,172.253.118.0-255,5738,259087,17,329527
20989,0.040568,172.31.36.0-255,66,259153,17,329527
20990,0.042914,172.253.118.0-255,5738,264891,17,329527
20991,0.042919,172.31.36.0-255,66,264957,17,329527
20992,0.045314,172.253.118.0-255,5738,270695,17,329527
20993,0.045319,172.31.36.0-255,66,270761,17,329527
20994,0.04769,172.253.118.0-255,5738,276499,17,329527
20995,0.047695,172.31.36.0-255,66,276565,17,329527
20996,0.050084,172.253.118.0-255,5738,282303,17,329527
20997,0.050089,172.31.36.0-255,66,282369,17,329527
20998,0.052467,172.253.118.0-255,2902,285271,17,329527
20999,0.052472,172.31.36.0-255,66,285337,17,329527
21000,0.052504,172.253.118.0-255,2902,288239,17,329527
21001,0.052508,172.31.36.0-255,66,288305,17,329527
21002,0.054856,172.253.118.0-255,5738,294043,17,329527
21003,0.054862,172.31.36.0-255,66,294109,17,329527
21004,0.057247,172.253.118.0-255,5738,299847,17,329527
21005,0.057255,172.31.36.0-255,66,299913,17,329527
21006,0.059648,172.253.118.0-255,5738,305651,17,329527
21007,0.059654,172.31.36.0-255,66,305717,17,329527
21008,0.062059,172.253.118.0-255,2902,308619,17,329527
21009,0.062064,172.31.36.0-255,66,308685,17,329527
21010,0.062095,172.253.118.0-255,2902,311587,17,329527
21011,0.062099,172.31.36.0-255,66,311653,17,329527
21012,0.06442,172.253.118.0-255,2902,314555,17,329527
21013,0.064426,172.31.36.0-255,66,314621,17,329527
21014,0.064475,172.253.118.0-255,1484,316105,17,329527
21015,0.064487,172.253.118.0-255,1484,317589,17,329527
21016,0.06449,172.31.36.0-255,66,317655,17,329527
21017,0.066751,172.253.118.0-255,2902,320557,17,329527
21018,0.066756,172.31.36.0-255,66,320623,17,329527
21019,0.066872,172.253.118.0-255,2902,323525,17,329527
21020,0.066876,172.31.36.0-255,66,323591,17,329527
21021,0.069138,172.253.118.0-255,2902,326493,17,329527
21022,0.069143,172.31.36.0-255,66,326559,17,329527
21023,0.069275,172.253.118.0-255,2902,329461,17,329527
21024,0.06928,172.31.36.0-255,66,329527,17,329527
21025,0.0,172.217.194.0-255,153,153,17,300488
21026,2.1e-05,172.31.36.0-255,66,219,17,300488
21027,2.9e-05,172.217.194.0-255,1484,1703,17,300488
21028,3.4e-05,172.31.36.0-255,66,1769,17,300488
21029,4.2e-05,172.217.194.0-255,2902,4671,17,300488
21030,4.6e-05,172.31.36.0-255,66,4737,17,300488
21031,5.4e-05,172.217.194.0-255,7156,11893,17,300488
21032,5.7e-05,172.31.36.0-255,66,11959,17,300488
21033,9.4e-05,172.31.36.0-255,66,12025,17,300488
21034,0.000122,172.217.194.0-255,5738,17763,17,300488
21035,0.000125,172.31.36.0-255,66,17829,17,300488
21036,0.000142,172.217.194.0-255,2543,20372,17,300488
21037,0.000145,172.31.36.0-255,66,20438,17,300488
21038,0.000788,172.217.194.0-255,1484,21922,17,300488
21039,0.000796,172.31.36.0-255,66,21988,17,300488
21040,0.000802,172.217.194.0-255,2902,24890,17,300488
21041,0.000805,172.31.36.0-255,66,24956,17,300488
21042,0.000812,172.217.194.0-255,5738,30694,17,300488
21043,0.000814,172.31.36.0-255,66,30760,17,300488
21044,0.00085,172.217.194.0-255,6797,37557,17,300488
21045,0.000853,172.31.36.0-255,66,37623,17,300488
21046,0.000861,172.217.194.0-255,7156,44779,17,300488
21047,0.000863,172.31.36.0-255,66,44845,17,300488
21048,0.000895,172.31.36.0-255,66,44911,17,300488
21049,0.001429,172.217.194.0-255,99,45010,17,300488
21050,0.001435,172.31.36.0-255,66,45076,17,300488
21051,0.001471,172.217.194.0-255,1484,46560,17,300488
21052,0.001475,172.31.36.0-255,66,46626,17,300488
21053,0.00148,172.217.194.0-255,2902,49528,17,300488
21054,0.001483,172.31.36.0-255,66,49594,17,300488
21055,0.001486,172.217.194.0-255,1484,51078,17,300488
21056,0.001509,172.217.194.0-255,5738,56816,17,300488
21057,0.001511,172.31.36.0-255,66,56882,17,300488
21058,0.001522,172.31.36.0-255,66,56948,17,300488
21059,0.001562,172.217.194.0-255,4320,61268,17,300488
21060,0.001566,172.31.36.0-255,66,61334,17,300488
21061,0.001592,172.31.36.0-255,66,61400,17,300488
21062,0.001809,172.217.194.0-255,1484,62884,17,300488
21063,0.001817,172.217.194.0-255,2902,65786,17,300488
21064,0.001821,172.31.36.0-255,66,65852,17,300488
21065,0.00183,172.217.194.0-255,5738,71590,17,300488
21066,0.001832,172.31.36.0-255,66,71656,17,300488
21067,0.001865,172.31.36.0-255,66,71722,17,300488
21068,0.001888,172.217.194.0-255,1484,73206,17,300488
21069,0.001896,172.217.194.0-255,7156,80362,17,300488
21070,0.001899,172.31.36.0-255,66,80428,17,300488
21071,0.001918,172.217.194.0-255,3602,84030,17,300488
21072,0.001921,172.31.36.0-255,66,84096,17,300488
21073,0.001942,172.217.194.0-255,4320,88416,17,300488
21074,0.001944,172.31.36.0-255,66,88482,17,300488
21075,0.001989,172.217.194.0-255,5738,94220,17,300488
21076,0.001992,172.31.36.0-255,66,94286,17,300488
21077,0.002007,172.217.194.0-255,4320,98606,17,300488
21078,0.00201,172.31.36.0-255,66,98672,17,300488
21079,0.002015,172.217.194.0-255,4320,102992,17,300488
21080,0.002018,172.31.36.0-255,66,103058,17,300488
21081,0.002035,172.217.194.0-255,4320,107378,17,300488
21082,0.002039,172.31.36.0-255,66,107444,17,300488
21083,0.002065,172.31.36.0-255,66,107510,17,300488
21084,0.002282,172.217.194.0-255,1484,108994,17,300488
21085,0.002291,172.217.194.0-255,2902,111896,17,300488
21086,0.002295,172.31.36.0-255,66,111962,17,300488
21087,0.002303,172.217.194.0-255,5738,117700,17,300488
21088,0.002305,172.31.36.0-255,66,117766,17,300488
21089,0.00234,172.31.36.0-255,66,117832,17,300488
21090,0.002345,172.217.194.0-255,2902,120734,17,300488
21091,0.002347,172.31.36.0-255,66,120800,17,300488
21092,0.002364,172.217.194.0-255,4320,125120,17,300488
21093,0.002367,172.31.36.0-255,66,125186,17,300488
21094,0.00239,172.217.194.0-255,3602,128788,17,300488
21095,0.002394,172.31.36.0-255,66,128854,17,300488
21096,0.004683,172.217.194.0-255,5738,134592,17,300488
21097,0.00469,172.31.36.0-255,66,134658,17,300488
21098,0.006976,172.217.194.0-255,5738,140396,17,300488
21099,0.006981,172.31.36.0-255,66,140462,17,300488
21100,0.009262,172.217.194.0-255,5738,146200,17,300488
21101,0.009269,172.31.36.0-255,66,146266,17,300488
21102,0.011549,172.217.194.0-255,5738,152004,17,300488
21103,0.011556,172.31.36.0-255,66,152070,17,300488
21104,0.013855,172.217.194.0-255,5738,157808,17,300488
21105,0.013863,172.31.36.0-255,66,157874,17,300488
21106,0.016169,172.217.194.0-255,5738,163612,17,300488
21107,0.016177,172.31.36.0-255,66,163678,17,300488
21108,0.018494,172.217.194.0-255,5738,169416,17,300488
21109,0.018509,172.31.36.0-255,66,169482,17,300488
21110,0.020796,172.217.194.0-255,5738,175220,17,300488
21111,0.020805,172.31.36.0-255,66,175286,17,300488
21112,0.023098,172.217.194.0-255,5738,181024,17,300488
21113,0.023106,172.31.36.0-255,66,181090,17,300488
21114,0.025397,172.217.194.0-255,5738,186828,17,300488
21115,0.025404,172.31.36.0-255,66,186894,17,300488
21116,0.027675,172.217.194.0-255,5738,192632,17,300488
21117,0.027683,172.31.36.0-255,66,192698,17,300488
21118,0.029953,172.217.194.0-255,5738,198436,17,300488
21119,0.029959,172.31.36.0-255,66,198502,17,300488
21120,0.032251,172.217.194.0-255,5738,204240,17,300488
21121,0.032257,172.31.36.0-255,66,204306,17,300488
21122,0.034553,172.217.194.0-255,5738,210044,17,300488
21123,0.034559,172.31.36.0-255,66,210110,17,300488
21124,0.035911,172.31.36.0-255,172,210282,17,300488
21125,0.03594,172.31.36.0-255,1117,211399,17,300488
21126,0.035997,172.31.36.0-255,1514,212913,17,300488
21127,0.035999,172.31.36.0-255,317,213230,17,300488
21128,0.036836,172.217.194.0-255,5738,218968,17,300488
21129,0.036843,172.31.36.0-255,66,219034,17,300488
21130,0.037443,104.244.42.0-255,66,219100,17,300488
21131,0.037504,104.244.42.0-255,66,219166,17,300488
21132,0.037544,104.244.42.0-255,66,219232,17,300488
21133,0.039161,172.217.194.0-255,5738,224970,17,300488
21134,0.039172,172.31.36.0-255,66,225036,17,300488
21135,0.041484,172.217.194.0-255,5738,230774,17,300488
21136,0.041492,172.31.36.0-255,66,230840,17,300488
21137,0.043786,172.217.194.0-255,5738,236578,17,300488
21138,0.043792,172.31.36.0-255,66,236644,17,300488
21139,0.046089,172.217.194.0-255,5738,242382,17,300488
21140,0.046096,172.31.36.0-255,66,242448,17,300488
21141,0.048374,172.217.194.0-255,5738,248186,17,300488
21142,0.048381,172.31.36.0-255,66,248252,17,300488
21143,0.050671,172.217.194.0-255,5738,253990,17,300488
21144,0.050677,172.31.36.0-255,66,254056,17,300488
21145,0.052993,172.217.194.0-255,5738,259794,17,300488
21146,0.053,172.31.36.0-255,66,259860,17,300488
21147,0.05528,172.217.194.0-255,5738,265598,17,300488
21148,0.055286,172.31.36.0-255,66,265664,17,300488
21149,0.057576,172.217.194.0-255,5738,271402,17,300488
21150,0.057583,172.31.36.0-255,66,271468,17,300488
21151,0.059874,172.217.194.0-255,5738,277206,17,300488
21152,0.059884,172.31.36.0-255,66,277272,17,300488
21153,0.062217,172.217.194.0-255,5738,283010,17,300488
21154,0.062223,172.31.36.0-255,66,283076,17,300488
21155,0.064526,172.217.194.0-255,5738,288814,17,300488
21156,0.064532,172.31.36.0-255,66,288880,17,300488
21157,0.066841,172.217.194.0-255,5738,294618,17,300488
21158,0.066848,172.31.36.0-255,66,294684,17,300488
21159,0.069128,172.217.194.0-255,5738,300422,17,300488
21160,0.069134,172.31.36.0-255,66,300488,17,300488
21161,0.0,74.125.68.0-255,143,143,17,299976
21162,2.6e-05,172.31.36.0-255,66,209,17,299976
21163,3.2e-05,74.125.68.0-255,1484,1693,17,299976
21164,3.7e-05,172.31.36.0-255,66,1759,17,299976
21165,5.8e-05,74.125.68.0-255,2902,4661,17,299976
21166,6.1e-05,172.31.36.0-255,66,4727,17,299976
21167,6.3e-05,74.125.68.0-255,1484,6211,17,299976
21168,6.5e-05,172.31.36.0-255,66,6277,17,299976
21169,7e-05,74.125.68.0-255,2902,9179,17,299976
21170,7.2e-05,172.31.36.0-255,66,9245,17,299976
21171,0.000142,74.125.68.0-255,4884,14129,17,299976
21172,0.000146,172.31.36.0-255,66,14195,17,299976
21173,0.000177,74.125.68.0-255,1484,15679,17,299976
21174,0.00018,172.31.36.0-255,66,15745,17,299976
21175,0.000214,74.125.68.0-255,2902,18647,17,299976
21176,0.000217,172.31.36.0-255,66,18713,17,299976
21177,0.00022,74.125.68.0-255,1484,20197,17,299976
21178,0.000222,172.31.36.0-255,66,20263,17,299976
21179,0.000234,74.125.68.0-255,1484,21747,17,299976
21180,0.000236,172.31.36.0-255,66,21813,17,299976
21181,0.000249,74.125.68.0-255,1484,23297,17,299976
21182,0.000251,172.31.36.0-255,66,23363,17,299976
21183,0.000267,74.125.68.0-255,1484,24847,17,299976
21184,0.00027,172.31.36.0-255,66,24913,17,299976
21185,0.000282,74.125.68.0-255,2902,27815,17,299976
21186,0.000286,172.31.36.0-255,66,27881,17,299976
21187,0.000309,74.125.68.0-255,5738,33619,17,299976
21188,0.000316,172.31.36.0-255,66,33685,17,299976
21189,0.000339,74.125.68.0-255,4320,38005,17,299976
21190,0.000343,172.31.36.0-255,66,38071,17,299976
21191,0.000349,74.125.68.0-255,5738,43809,17,299976
21192,0.000351,172.31.36.0-255,66,43875,17,299976
21193,0.00037,74.125.68.0-255,2902,46777,17,299976
21194,0.000373,172.31.36.0-255,66,46843,17,299976
21195,0.000395,74.125.68.0-255,2184,49027,17,299976
21196,0.000399,172.31.36.0-255,66,49093,17,299976
21197,0.000615,74.125.68.0-255,1484,50577,17,299976
21198,0.000644,74.125.68.0-255,2902,53479,17,299976
21199,0.000648,172.31.36.0-255,66,53545,17,299976
21200,0.000655,74.125.68.0-255,5738,59283,17,299976
21201,0.000658,172.31.36.0-255,66,59349,17,299976
21202,0.000669,74.125.68.0-255,2902,62251,17,299976
21203,0.000671,172.31.36.0-255,66,62317,17,299976
21204,0.000691,74.125.68.0-255,3961,66278,17,299976
21205,0.000694,74.125.68.0-255,647,66925,17,299976
21206,0.000695,172.31.36.0-255,66,66991,17,299976
21207,0.000786,172.31.36.0-255,66,67057,17,299976
21208,0.000916,74.125.68.0-255,1484,68541,17,299976
21209,0.000939,74.125.68.0-255,2902,71443,17,299976
21210,0.000943,172.31.36.0-255,66,71509,17,299976
21211,0.000968,74.125.68.0-255,4320,75829,17,299976
21212,0.000971,172.31.36.0-255,66,75895,17,299976
21213,0.000991,74.125.68.0-255,1484,77379,17,299976
21214,0.001006,74.125.68.0-255,4320,81699,17,299976
21215,0.001009,172.31.36.0-255,66,81765,17,299976
21216,0.001028,74.125.68.0-255,2902,84667,17,299976
21217,0.001031,172.31.36.0-255,66,84733,17,299976
21218,0.001038,74.125.68.0-255,5738,90471,17,299976
21219,0.00104,172.31.36.0-255,66,90537,17,299976
21220,0.001055,74.125.68.0-255,1484,92021,17,299976
21221,0.00108,74.125.68.0-255,5738,97759,17,299976
21222,0.001083,172.31.36.0-255,66,97825,17,299976
21223,0.001087,74.125.68.0-255,1484,99309,17,299976
21224,0.001102,74.125.68.0-255,2184,101493,17,299976
21225,0.001105,172.31.36.0-255,66,101559,17,299976
21226,0.001271,74.125.68.0-255,1484,103043,17,299976
21227,0.001277,74.125.68.0-255,1484,104527,17,299976
21228,0.00128,172.31.36.0-255,66,104593,17,299976
21229,0.001301,74.125.68.0-255,2902,107495,17,299976
21230,0.001304,172.31.36.0-255,66,107561,17,299976
21231,0.001327,74.125.68.0-255,5738,113299,17,299976
21232,0.001329,172.31.36.0-255,66,113365,17,299976
21233,0.001333,74.125.68.0-255,2902,116267,17,299976
21234,0.001335,172.31.36.0-255,66,116333,17,299976
21235,0.001357,74.125.68.0-255,1484,117817,17,299976
21236,0.001392,172.31.36.0-255,66,117883,17,299976
21237,0.001398,74.125.68.0-255,5738,123621,17,299976
21238,0.0014,172.31.36.0-255,66,123687,17,299976
21239,0.001415,74.125.68.0-255,3602,127289,17,299976
21240,0.001417,172.31.36.0-255,66,127355,17,299976
21241,0.003722,74.125.68.0-255,1484,128839,17,299976
21242,0.003794,74.125.68.0-255,1484,130323,17,299976
21243,0.003797,172.31.36.0-255,66,130389,17,299976
21244,0.003814,74.125.68.0-255,2902,133291,17,299976
21245,0.003816,172.31.36.0-255,66,133357,17,299976
21246,0.006192,74.125.68.0-255,5738,139095,17,299976
21247,0.006198,172.31.36.0-255,66,139161,17,299976
21248,0.008565,74.125.68.0-255,5738,144899,17,299976
21249,0.008573,172.31.36.0-255,66,144965,17,299976
21250,0.010919,74.125.68.0-255,5738,150703,17,299976
21251,0.010927,172.31.36.0-255,66,150769,17,299976
21252,0.013282,74.125.68.0-255,5738,156507,17,299976
21253,0.013292,172.31.36.0-255,66,156573,17,299976
21254,0.015639,74.125.68.0-255,5738,162311,17,299976
21255,0.015649,172.31.36.0-255,66,162377,17,299976
21256,0.017982,74.125.68.0-255,5738,168115,17,299976
21257,0.01799,172.31.36.0-255,66,168181,17,299976
21258,0.02034,74.125.68.0-255,5738,173919,17,299976
21259,0.020348,172.31.36.0-255,66,173985,17,299976
21260,0.022686,74.125.68.0-255,5738,179723,17,299976
21261,0.022692,172.31.36.0-255,66,179789,17,299976
21262,0.025041,74.125.68.0-255,5738,185527,17,299976
21263,0.025051,172.31.36.0-255,66,185593,17,299976
21264,0.027387,74.125.68.0-255,5738,191331,17,299976
21265,0.027394,172.31.36.0-255,66,191397,17,299976
21266,0.029214,172.31.36.0-255,171,191568,17,299976
21267,0.029247,172.31.36.0-255,1139,192707,17,299976
21268,0.029285,172.31.36.0-255,1514,194221,17,299976
21269,0.029287,172.31.36.0-255,1249,195470,17,299976
21270,0.029736,74.125.68.0-255,4320,199790,17,299976
21271,0.029743,172.31.36.0-255,66,199856,17,299976
21272,0.029758,74.125.68.0-255,1484,201340,17,299976
21273,0.030791,104.244.42.0-255,66,201406,17,299976
21274,0.030797,104.244.42.0-255,66,201472,17,299976
21275,0.030829,104.244.42.0-255,66,201538,17,299976
21276,0.032078,74.125.68.0-255,4320,205858,17,299976
21277,0.032083,172.31.36.0-255,66,205924,17,299976
21278,0.034431,74.125.68.0-255,5738,211662,17,299976
21279,0.034435,172.31.36.0-255,66,211728,17,299976
21280,0.036773,74.125.68.0-255,5738,217466,17,299976
21281,0.036779,172.31.36.0-255,66,217532,17,299976
21282,0.039113,74.125.68.0-255,5738,223270,17,299976
21283,0.039119,172.31.36.0-255,66,223336,17,299976
21284,0.041442,74.125.68.0-255,2902,226238,17,299976
21285,0.041445,172.31.36.0-255,66,226304,17,299976
21286,0.041477,74.125.68.0-255,2902,229206,17,299976
21287,0.04148,172.31.36.0-255,66,229272,17,299976
21288,0.043792,74.125.68.0-255,2902,232174,17,299976
21289,0.043797,172.31.36.0-255,66,232240,17,299976
21290,0.043831,74.125.68.0-255,2902,235142,17,299976
21291,0.043834,172.31.36.0-255,66,235208,17,299976
21292,0.046133,74.125.68.0-255,2902,238110,17,299976
21293,0.046137,172.31.36.0-255,66,238176,17,299976
21294,0.046169,74.125.68.0-255,2902,241078,17,299976
21295,0.046172,172.31.36.0-255,66,241144,17,299976
21296,0.04848,74.125.68.0-255,1484,242628,17,299976
21297,0.048505,74.125.68.0-255,4320,246948,17,299976
21298,0.048509,172.31.36.0-255,66,247014,17,299976
21299,0.05085,74.125.68.0-255,5738,252752,17,299976
21300,0.050857,172.31.36.0-255,66,252818,17,299976
21301,0.053201,74.125.68.0-255,5738,258556,17,299976
21302,0.053208,172.31.36.0-255,66,258622,17,299976
21303,0.055528,74.125.68.0-255,1484,260106,17,299976
21304,0.05556,74.125.68.0-255,4320,264426,17,299976
21305,0.055565,172.31.36.0-255,66,264492,17,299976
21306,0.057915,74.125.68.0-255,5738,270230,17,299976
21307,0.05792,172.31.36.0-255,66,270296,17,299976
21308,0.060255,74.125.68.0-255,2902,273198,17,299976
21309,0.06026,172.31.36.0-255,66,273264,17,299976
21310,0.060289,74.125.68.0-255,2902,276166,17,299976
21311,0.060292,172.31.36.0-255,66,276232,17,299976
21312,0.062596,74.125.68.0-255,2902,279134,17,299976
21313,0.062602,172.31.36.0-255,66,279200,17,299976
21314,0.062631,74.125.68.0-255,2902,282102,17,299976
21315,0.062634,172.31.36.0-255,66,282168,17,299976
21316,0.064927,74.125.68.0-255,2902,285070,17,299976
21317,0.064932,172.31.36.0-255,66,285136,17,299976
21318,0.06496,74.125.68.0-255,2902,288038,17,299976
21319,0.064964,172.31.36.0-255,66,288104,17,299976
21320,0.067265,74.125.68.0-255,2902,291006,17,299976
21321,0.06727,172.31.36.0-255,66,291072,17,299976
21322,0.067309,74.125.68.0-255,2902,293974,17,299976
21323,0.067312,172.31.36.0-255,66,294040,17,299976
21324,0.069601,74.125.68.0-255,2902,296942,17,299976
21325,0.069607,172.31.36.0-255,66,297008,17,299976
21326,0.069643,74.125.68.0-255,2902,299910,17,299976
21327,0.069647,172.31.36.0-255,66,299976,17,299976
21328,0.0,74.125.24.0-255,153,153,17,147842
21329,2.3e-05,172.31.36.0-255,66,219,17,147842
21330,3.1e-05,74.125.24.0-255,1484,1703,17,147842
21331,3.6e-05,172.31.36.0-255,66,1769,17,147842
21332,5.4e-05,74.125.24.0-255,2902,4671,17,147842
21333,5.8e-05,172.31.36.0-255,66,4737,17,147842
21334,6.3e-05,74.125.24.0-255,2902,7639,17,147842
21335,6.5e-05,172.31.36.0-255,66,7705,17,147842
21336,0.000107,74.125.24.0-255,6311,14016,17,147842
21337,0.00011,172.31.36.0-255,66,14082,17,147842
21338,0.000158,74.125.24.0-255,5738,19820,17,147842
21339,0.000161,172.31.36.0-255,66,19886,17,147842
21340,0.000172,74.125.24.0-255,1484,21370,17,147842
21341,0.000178,172.31.36.0-255,66,21436,17,147842
21342,0.000242,74.125.24.0-255,2902,24338,17,147842
21343,0.000245,172.31.36.0-255,66,24404,17,147842
21344,0.000275,74.125.24.0-255,6797,31201,17,147842
21345,0.000278,172.31.36.0-255,66,31267,17,147842
21346,0.000354,74.125.24.0-255,5738,37005,17,147842
21347,0.000358,172.31.36.0-255,66,37071,17,147842
21348,0.000387,74.125.24.0-255,5738,42809,17,147842
21349,0.00039,172.31.36.0-255,66,42875,17,147842
21350,0.000488,74.125.24.0-255,5738,48613,17,147842
21351,0.000492,172.31.36.0-255,66,48679,17,147842
21352,0.000522,74.125.24.0-255,5379,54058,17,147842
21353,0.000525,172.31.36.0-255,66,54124,17,147842
21354,0.000605,74.125.24.0-255,5738,59862,17,147842
21355,0.000608,172.31.36.0-255,66,59928,17,147842
21356,0.000637,74.125.24.0-255,5676,65604,17,147842
21357,0.00064,172.31.36.0-255,66,65670,17,147842
21358,0.000712,74.125.24.0-255,382,66052,17,147842
21359,0.000716,172.31.36.0-255,66,66118,17,147842
21360,0.000752,172.31.36.0-255,66,66184,17,147842
21361,0.000908,74.125.24.0-255,5738,71922,17,147842
21362,0.000912,172.31.36.0-255,66,71988,17,147842
21363,0.000953,172.31.36.0-255,66,72054,17,147842
21364,0.00113,74.125.24.0-255,7156,79210,17,147842
21365,0.001134,172.31.36.0-255,66,79276,17,147842
21366,0.001173,172.31.36.0-255,66,79342,17,147842
21367,0.001355,74.125.24.0-255,5738,85080,17,147842
21368,0.001359,172.31.36.0-255,66,85146,17,147842
21369,0.001398,172.31.36.0-255,66,85212,17,147842
21370,0.001522,172.31.36.0-255,66,85278,17,147842
21371,0.001574,172.31.36.0-255,66,85344,17,147842
21372,0.001895,74.125.24.0-255,4320,89664,17,147842
21373,0.001899,172.31.36.0-255,66,89730,17,147842
21374,0.001964,172.31.36.0-255,66,89796,17,147842
21375,0.002459,172.31.36.0-255,66,89862,17,147842
21376,0.002559,172.31.36.0-255,66,89928,17,147842
21377,0.002655,74.125.24.0-255,5738,95666,17,147842
21378,0.002658,172.31.36.0-255,66,95732,17,147842
21379,0.002708,172.31.36.0-255,66,95798,17,147842
21380,0.002759,172.31.36.0-255,66,95864,17,147842
21381,0.003505,172.31.36.0-255,66,95930,17,147842
21382,0.003577,172.31.36.0-255,66,95996,17,147842
21383,0.005698,74.125.24.0-255,5738,101734,17,147842
21384,0.005717,172.31.36.0-255,66,101800,17,147842
21385,0.007869,74.125.24.0-255,5738,107538,17,147842
21386,0.007888,172.31.36.0-255,66,107604,17,147842
21387,0.010007,74.125.24.0-255,5738,113342,17,147842
21388,0.010019,172.31.36.0-255,66,113408,17,147842
21389,0.012109,74.125.24.0-255,5738,119146,17,147842
21390,0.012112,172.31.36.0-255,66,119212,17,147842
21391,0.014227,74.125.24.0-255,5738,124950,17,147842
21392,0.014233,172.31.36.0-255,66,125016,17,147842
21393,0.016335,74.125.24.0-255,5738,130754,17,147842
21394,0.01634,172.31.36.0-255,66,130820,17,147842
21395,0.018448,74.125.24.0-255,5738,136558,17,147842
21396,0.018454,172.31.36.0-255,66,136624,17,147842
21397,0.020575,74.125.24.0-255,5738,142362,17,147842
21398,0.020583,172.31.36.0-255,66,142428,17,147842
21399,0.022671,74.125.24.0-255,903,143331,17,147842
21400,0.022799,172.31.36.0-255,66,143397,17,147842
21401,0.022837,172.31.36.0-255,105,143502,17,147842
21402,0.024906,74.125.24.0-255,66,143568,17,147842
21403,0.042706,172.31.36.0-255,172,143740,17,147842
21404,0.042736,172.31.36.0-255,1117,144857,17,147842
21405,0.042766,172.31.36.0-255,1514,146371,17,147842
21406,0.042768,172.31.36.0-255,1273,147644,17,147842
21407,0.044222,104.244.42.0-255,66,147710,17,147842
21408,0.044273,104.244.42.0-255,66,147776,17,147842
21409,0.044363,104.244.42.0-255,66,147842,17,147842
21410,0.0,74.125.130.0-255,143,143,17,211033
21411,3.2e-05,172.31.36.0-255,66,209,17,211033
21412,3.9e-05,74.125.130.0-255,1484,1693,17,211033
21413,4.4e-05,172.31.36.0-255,66,1759,17,211033
21414,4.9e-05,74.125.130.0-255,2902,4661,17,211033
21415,5.2e-05,172.31.36.0-255,66,4727,17,211033
21416,5.5e-05,74.125.130.0-255,1484,6211,17,211033
21417,5.7e-05,172.31.36.0-255,66,6277,17,211033
21418,8.3e-05,74.125.130.0-255,2902,9179,17,211033
21419,8.6e-05,172.31.36.0-255,66,9245,17,211033
21420,0.000116,74.125.130.0-255,4836,14081,17,211033
21421,0.000119,172.31.36.0-255,66,14147,17,211033
21422,0.000173,74.125.130.0-255,1484,15631,17,211033
21423,0.000176,172.31.36.0-255,66,15697,17,211033
21424,0.000193,74.125.130.0-255,4320,20017,17,211033
21425,0.000196,172.31.36.0-255,66,20083,17,211033
21426,0.000201,74.125.130.0-255,2902,22985,17,211033
21427,0.000203,172.31.36.0-255,66,23051,17,211033
21428,0.000225,74.125.130.0-255,4320,27371,17,211033
21429,0.000228,172.31.36.0-255,66,27437,17,211033
21430,0.000231,74.125.130.0-255,1484,28921,17,211033
21431,0.000232,172.31.36.0-255,66,28987,17,211033
21432,0.000273,74.125.130.0-255,2543,31530,17,211033
21433,0.000276,172.31.36.0-255,66,31596,17,211033
21434,0.000565,74.125.130.0-255,1484,33080,17,211033
21435,0.000569,172.31.36.0-255,66,33146,17,211033
21436,0.000607,74.125.130.0-255,2902,36048,17,211033
21437,0.00061,172.31.36.0-255,66,36114,17,211033
21438,0.000614,74.125.130.0-255,1484,37598,17,211033
21439,0.000616,172.31.36.0-255,66,37664,17,211033
21440,0.000638,74.125.130.0-255,2902,40566,17,211033
21441,0.000641,172.31.36.0-255,66,40632,17,211033
21442,0.000663,74.125.130.0-255,5738,46370,17,211033
21443,0.000666,172.31.36.0-255,66,46436,17,211033
21444,0.000671,74.125.130.0-255,2902,49338,17,211033
21445,0.000673,172.31.36.0-255,66,49404,17,211033
21446,0.0007,74.125.130.0-255,4320,53724,17,211033
21447,0.000703,172.31.36.0-255,66,53790,17,211033
21448,0.000733,172.31.36.0-255,66,53856,17,211033
21449,0.000775,74.125.130.0-255,3602,57458,17,211033
21450,0.000779,172.31.36.0-255,66,57524,17,211033
21451,0.001717,74.125.130.0-255,377,57901,17,211033
21452,0.003377,74.125.130.0-255,4320,62221,17,211033
21453,0.003382,172.31.36.0-255,66,62287,17,211033
21454,0.006011,74.125.130.0-255,5738,68025,17,211033
21455,0.006018,172.31.36.0-255,66,68091,17,211033
21456,0.008639,74.125.130.0-255,5738,73829,17,211033
21457,0.00865,172.31.36.0-255,66,73895,17,211033
21458,0.011256,74.125.130.0-255,5738,79633,17,211033
21459,0.011265,172.31.36.0-255,66,79699,17,211033
21460,0.013887,74.125.130.0-255,5738,85437,17,211033
21461,0.013899,172.31.36.0-255,66,85503,17,211033
21462,0.016541,74.125.130.0-255,5738,91241,17,211033
21463,0.016558,172.31.36.0-255,66,91307,17,211033
21464,0.019183,74.125.130.0-255,5738,97045,17,211033
21465,0.019198,172.31.36.0-255,66,97111,17,211033
21466,0.02184,74.125.130.0-255,5738,102849,17,211033
21467,0.021856,172.31.36.0-255,66,102915,17,211033
21468,0.023099,172.31.36.0-255,172,103087,17,211033
21469,0.023126,172.31.36.0-255,1116,104203,17,211033
21470,0.02319,172.31.36.0-255,1514,105717,17,211033
21471,0.023192,172.31.36.0-255,1272,106989,17,211033
21472,0.024517,74.125.130.0-255,5738,112727,17,211033
21473,0.024524,172.31.36.0-255,66,112793,17,211033
21474,0.024636,104.244.42.0-255,66,112859,17,211033
21475,0.024686,104.244.42.0-255,66,112925,17,211033
21476,0.024738,104.244.42.0-255,66,112991,17,211033
21477,0.027129,74.125.130.0-255,5738,118729,17,211033
21478,0.027135,172.31.36.0-255,66,118795,17,211033
21479,0.029764,74.125.130.0-255,5738,124533,17,211033
21480,0.029769,172.31.36.0-255,66,124599,17,211033
21481,0.032379,74.125.130.0-255,5738,130337,17,211033
21482,0.032384,172.31.36.0-255,66,130403,17,211033
21483,0.035014,74.125.130.0-255,5738,136141,17,211033
21484,0.035021,172.31.36.0-255,66,136207,17,211033
21485,0.03763,74.125.130.0-255,5738,141945,17,211033
21486,0.037637,172.31.36.0-255,66,142011,17,211033
21487,0.040256,74.125.130.0-255,5738,147749,17,211033
21488,0.040262,172.31.36.0-255,66,147815,17,211033
21489,0.042882,74.125.130.0-255,5738,153553,17,211033
21490,0.042887,172.31.36.0-255,66,153619,17,211033
21491,0.045501,74.125.130.0-255,5738,159357,17,211033
21492,0.045507,172.31.36.0-255,66,159423,17,211033
21493,0.048119,74.125.130.0-255,2902,162325,17,211033
21494,0.048125,172.31.36.0-255,66,162391,17,211033
21495,0.048156,74.125.130.0-255,2902,165293,17,211033
21496,0.048159,172.31.36.0-255,66,165359,17,211033
21497,0.050726,74.125.130.0-255,2902,168261,17,211033
21498,0.050731,172.31.36.0-255,66,168327,17,211033
21499,0.050761,74.125.130.0-255,2902,171229,17,211033
21500,0.050764,172.31.36.0-255,66,171295,17,211033
21501,0.053337,74.125.130.0-255,2902,174197,17,211033
21502,0.053343,172.31.36.0-255,66,174263,17,211033
21503,0.053375,74.125.130.0-255,2902,177165,17,211033
21504,0.053379,172.31.36.0-255,66,177231,17,211033
21505,0.055958,74.125.130.0-255,2902,180133,17,211033
21506,0.055963,172.31.36.0-255,66,180199,17,211033
21507,0.055999,74.125.130.0-255,2902,183101,17,211033
21508,0.056003,172.31.36.0-255,66,183167,17,211033
21509,0.058578,74.125.130.0-255,2902,186069,17,211033
21510,0.058583,172.31.36.0-255,66,186135,17,211033
21511,0.058617,74.125.130.0-255,2902,189037,17,211033
21512,0.05862,172.31.36.0-255,66,189103,17,211033
21513,0.061186,74.125.130.0-255,1484,190587,17,211033
21514,0.061224,74.125.130.0-255,4320,194907,17,211033
21515,0.061229,172.31.36.0-255,66,194973,17,211033
21516,0.063861,74.125.130.0-255,5738,200711,17,211033
21517,0.063866,172.31.36.0-255,66,200777,17,211033
21518,0.066465,74.125.130.0-255,4320,205097,17,211033
21519,0.066471,172.31.36.0-255,66,205163,17,211033
21520,0.066503,74.125.130.0-255,1484,206647,17,211033
21521,0.069145,74.125.130.0-255,4320,210967,17,211033
21522,0.069151,172.31.36.0-255,66,211033,17,211033
21523,0.0,172.217.194.0-255,153,153,17,259479
21524,2e-05,172.31.36.0-255,66,219,17,259479
21525,2.8e-05,172.217.194.0-255,1484,1703,17,259479
21526,3.2e-05,172.31.36.0-255,66,1769,17,259479
21527,3.8e-05,172.217.194.0-255,2902,4671,17,259479
21528,4.1e-05,172.31.36.0-255,66,4737,17,259479
21529,4.7e-05,172.217.194.0-255,5738,10475,17,259479
21530,5e-05,172.31.36.0-255,66,10541,17,259479
21531,7.9e-05,172.217.194.0-255,3458,13999,17,259479
21532,8.2e-05,172.31.36.0-255,66,14065,17,259479
21533,8.7e-05,172.217.194.0-255,4320,18385,17,259479
21534,9e-05,172.31.36.0-255,66,18451,17,259479
21535,0.000128,172.31.36.0-255,66,18517,17,259479
21536,0.000132,172.217.194.0-255,2543,21060,17,259479
21537,0.000134,172.31.36.0-255,66,21126,17,259479
21538,0.000184,172.217.194.0-255,1484,22610,17,259479
21539,0.000186,172.31.36.0-255,66,22676,17,259479
21540,0.000191,172.217.194.0-255,2902,25578,17,259479
21541,0.000193,172.31.36.0-255,66,25644,17,259479
21542,0.000224,172.217.194.0-255,5738,31382,17,259479
21543,0.000227,172.31.36.0-255,66,31448,17,259479
21544,0.000246,172.217.194.0-255,4320,35768,17,259479
21545,0.000248,172.31.36.0-255,66,35834,17,259479
21546,0.000262,172.217.194.0-255,2902,38736,17,259479
21547,0.000264,172.31.36.0-255,66,38802,17,259479
21548,0.000296,172.31.36.0-255,66,38868,17,259479
21549,0.000303,172.217.194.0-255,6797,45665,17,259479
21550,0.000305,172.31.36.0-255,66,45731,17,259479
21551,0.001295,172.217.194.0-255,647,46378,17,259479
21552,0.001303,172.31.36.0-255,66,46444,17,259479
21553,0.001544,172.217.194.0-255,1484,47928,17,259479
21554,0.001552,172.217.194.0-255,2902,50830,17,259479
21555,0.001556,172.31.36.0-255,66,50896,17,259479
21556,0.001564,172.217.194.0-255,5738,56634,17,259479
21557,0.001566,172.31.36.0-255,66,56700,17,259479
21558,0.001592,172.217.194.0-255,1484,58184,17,259479
21559,0.001608,172.217.194.0-255,4829,63013,17,259479
21560,0.00161,172.31.36.0-255,66,63079,17,259479
21561,0.001935,172.217.194.0-255,1484,64563,17,259479
21562,0.001943,172.217.194.0-255,2902,67465,17,259479
21563,0.001947,172.31.36.0-255,66,67531,17,259479
21564,0.001952,172.217.194.0-255,2902,70433,17,259479
21565,0.001954,172.31.36.0-255,66,70499,17,259479
21566,0.001957,172.217.194.0-255,1484,71983,17,259479
21567,0.001977,172.217.194.0-255,5738,77721,17,259479
21568,0.001994,172.31.36.0-255,66,77787,17,259479
21569,0.002035,172.31.36.0-255,66,77853,17,259479
21570,0.002041,172.217.194.0-255,3602,81455,17,259479
21571,0.002044,172.31.36.0-255,66,81521,17,259479
21572,0.002057,172.217.194.0-255,1484,83005,17,259479
21573,0.002078,172.217.194.0-255,2902,85907,17,259479
21574,0.00208,172.31.36.0-255,66,85973,17,259479
21575,0.002084,172.217.194.0-255,2902,88875,17,259479
21576,0.002086,172.31.36.0-255,66,88941,17,259479
21577,0.0021,172.217.194.0-255,2902,91843,17,259479
21578,0.002103,172.31.36.0-255,66,91909,17,259479
21579,0.002122,172.217.194.0-255,4320,96229,17,259479
21580,0.002124,172.31.36.0-255,66,96295,17,259479
21581,0.002141,172.217.194.0-255,2543,98838,17,259479
21582,0.002144,172.31.36.0-255,66,98904,17,259479
21583,0.002167,172.217.194.0-255,1484,100388,17,259479
21584,0.002188,172.217.194.0-255,2902,103290,17,259479
21585,0.002191,172.31.36.0-255,66,103356,17,259479
21586,0.002197,172.217.194.0-255,4320,107676,17,259479
21587,0.002199,172.31.36.0-255,66,107742,17,259479
21588,0.002224,172.217.194.0-255,1484,109226,17,259479
21589,0.002237,172.31.36.0-255,66,109292,17,259479
21590,0.002272,172.217.194.0-255,1484,110776,17,259479
21591,0.002306,172.31.36.0-255,66,110842,17,259479
21592,0.004927,172.217.194.0-255,5738,116580,17,259479
21593,0.004936,172.31.36.0-255,66,116646,17,259479
21594,0.007526,172.217.194.0-255,5738,122384,17,259479
21595,0.007532,172.31.36.0-255,66,122450,17,259479
21596,0.010123,172.217.194.0-255,5738,128188,17,259479
21597,0.01013,172.31.36.0-255,66,128254,17,259479
21598,0.012696,172.217.194.0-255,5738,133992,17,259479
21599,0.01271,172.31.36.0-255,66,134058,17,259479
21600,0.015303,172.217.194.0-255,5738,139796,17,259479
21601,0.015319,172.31.36.0-255,66,139862,17,259479
21602,0.017911,172.217.194.0-255,5738,145600,17,259479
21603,0.017927,172.31.36.0-255,66,145666,17,259479
21604,0.020526,172.217.194.0-255,5738,151404,17,259479
21605,0.020536,172.31.36.0-255,66,151470,17,259479
21606,0.023149,172.217.194.0-255,5738,157208,17,259479
21607,0.023163,172.31.36.0-255,66,157274,17,259479
21608,0.02577,172.217.194.0-255,5738,163012,17,259479
21609,0.025782,172.31.36.0-255,66,163078,17,259479
21610,0.028382,172.217.194.0-255,5738,168816,17,259479
21611,0.028395,172.31.36.0-255,66,168882,17,259479
21612,0.029648,172.31.36.0-255,172,169054,17,259479
21613,0.029681,172.31.36.0-255,1116,170170,17,259479
21614,0.029743,172.31.36.0-255,1514,171684,17,259479
21615,0.029745,172.31.36.0-255,1514,173198,17,259479
21616,0.029768,172.31.36.0-255,309,173507,17,259479
21617,0.030981,172.217.194.0-255,5738,179245,17,259479
21618,0.030989,172.31.36.0-255,66,179311,17,259479
21619,0.031206,104.244.42.0-255,66,179377,17,259479
21620,0.031256,104.244.42.0-255,66,179443,17,259479
21621,0.031324,104.244.42.0-255,66,179509,17,259479
21622,0.03133,104.244.42.0-255,66,179575,17,259479
21623,0.033571,172.217.194.0-255,4320,183895,17,259479
21624,0.033578,172.31.36.0-255,66,183961,17,259479
21625,0.033599,172.217.194.0-255,1484,185445,17,259479
21626,0.036164,172.217.194.0-255,4320,189765,17,259479
21627,0.036171,172.31.36.0-255,66,189831,17,259479
21628,0.038749,172.217.194.0-255,5738,195569,17,259479
21629,0.038757,172.31.36.0-255,66,195635,17,259479
21630,0.041361,172.217.194.0-255,5738,201373,17,259479
21631,0.04137,172.31.36.0-255,66,201439,17,259479
21632,0.043959,172.217.194.0-255,5738,207177,17,259479
21633,0.043967,172.31.36.0-255,66,207243,17,259479
21634,0.04656,172.217.194.0-255,5738,212981,17,259479
21635,0.046567,172.31.36.0-255,66,213047,17,259479
21636,0.049162,172.217.194.0-255,5738,218785,17,259479
21637,0.04917,172.31.36.0-255,66,218851,17,259479
21638,0.051789,172.217.194.0-255,5738,224589,17,259479
21639,0.051797,172.31.36.0-255,66,224655,17,259479
21640,0.054396,172.217.194.0-255,5738,230393,17,259479
21641,0.054409,172.31.36.0-255,66,230459,17,259479
21642,0.057014,172.217.194.0-255,5738,236197,17,259479
21643,0.05703,172.31.36.0-255,66,236263,17,259479
21644,0.059651,172.217.194.0-255,5738,242001,17,259479
21645,0.059666,172.31.36.0-255,66,242067,17,259479
21646,0.062263,172.217.194.0-255,5738,247805,17,259479
21647,0.062284,172.31.36.0-255,66,247871,17,259479
21648,0.064893,172.217.194.0-255,5738,253609,17,259479
21649,0.064912,172.31.36.0-255,66,253675,17,259479
21650,0.067529,172.217.194.0-255,5738,259413,17,259479
21651,0.06755,172.31.36.0-255,66,259479,17,259479
21652,0.0,172.217.160.0-255,153,153,17,323126
21653,2.7e-05,172.31.36.0-255,66,219,17,323126
21654,3.4e-05,172.217.160.0-255,1484,1703,17,323126
21655,3.8e-05,172.31.36.0-255,66,1769,17,323126
21656,4.4e-05,172.217.160.0-255,2902,4671,17,323126
21657,4.6e-05,172.31.36.0-255,66,4737,17,323126
21658,6e-05,172.217.160.0-255,7156,11893,17,323126
21659,6.2e-05,172.31.36.0-255,66,11959,17,323126
21660,6.6e-05,172.217.160.0-255,2045,14004,17,323126
21661,6.9e-05,172.31.36.0-255,66,14070,17,323126
21662,0.000119,172.31.36.0-255,66,14136,17,323126
21663,0.000143,172.217.160.0-255,1484,15620,17,323126
21664,0.000146,172.31.36.0-255,66,15686,17,323126
21665,0.000176,172.217.160.0-255,3961,19647,17,323126
21666,0.00018,172.31.36.0-255,66,19713,17,323126
21667,0.000232,172.217.160.0-255,1484,21197,17,323126
21668,0.000235,172.31.36.0-255,66,21263,17,323126
21669,0.00024,172.217.160.0-255,2902,24165,17,323126
21670,0.000243,172.31.36.0-255,66,24231,17,323126
21671,0.000256,172.217.160.0-255,5738,29969,17,323126
21672,0.000258,172.31.36.0-255,66,30035,17,323126
21673,0.000265,172.217.160.0-255,6797,36832,17,323126
21674,0.000268,172.31.36.0-255,66,36898,17,323126
21675,0.000297,172.217.160.0-255,1484,38382,17,323126
21676,0.000301,172.31.36.0-255,66,38448,17,323126
21677,0.000306,172.217.160.0-255,2902,41350,17,323126
21678,0.00031,172.31.36.0-255,66,41416,17,323126
21679,0.000341,172.217.160.0-255,5738,47154,17,323126
21680,0.000345,172.31.36.0-255,66,47220,17,323126
21681,0.000377,172.217.160.0-255,6797,54017,17,323126
21682,0.000379,172.217.160.0-255,339,54356,17,323126
21683,0.000381,172.31.36.0-255,66,54422,17,323126
21684,0.00077,172.31.36.0-255,66,54488,17,323126
21685,0.001139,172.217.160.0-255,123,54611,17,323126
21686,0.001219,172.217.160.0-255,1484,56095,17,323126
21687,0.001225,172.31.36.0-255,66,56161,17,323126
21688,0.001232,172.217.160.0-255,2902,59063,17,323126
21689,0.001234,172.31.36.0-255,66,59129,17,323126
21690,0.001237,172.217.160.0-255,1484,60613,17,323126
21691,0.001269,172.217.160.0-255,4320,64933,17,323126
21692,0.001272,172.31.36.0-255,66,64999,17,323126
21693,0.001279,172.217.160.0-255,6797,71796,17,323126
21694,0.001282,172.31.36.0-255,66,71862,17,323126
21695,0.001311,172.217.160.0-255,7156,79018,17,323126
21696,0.001314,172.31.36.0-255,66,79084,17,323126
21697,0.001319,172.217.160.0-255,4320,83404,17,323126
21698,0.001321,172.31.36.0-255,66,83470,17,323126
21699,0.001396,172.217.160.0-255,5379,88849,17,323126
21700,0.0014,172.31.36.0-255,66,88915,17,323126
21701,0.00178,172.217.160.0-255,1484,90399,17,323126
21702,0.001787,172.217.160.0-255,2902,93301,17,323126
21703,0.00179,172.31.36.0-255,66,93367,17,323126
21704,0.001795,172.217.160.0-255,4320,97687,17,323126
21705,0.001797,172.31.36.0-255,66,97753,17,323126
21706,0.001833,172.217.160.0-255,1484,99237,17,323126
21707,0.001845,172.31.36.0-255,66,99303,17,323126
21708,0.001861,172.31.36.0-255,66,99369,17,323126
21709,0.001894,172.217.160.0-255,5738,105107,17,323126
21710,0.001896,172.31.36.0-255,66,105173,17,323126
21711,0.001929,172.217.160.0-255,5020,110193,17,323126
21712,0.001931,172.31.36.0-255,66,110259,17,323126
21713,0.001948,172.31.36.0-255,66,110325,17,323126
21714,0.001958,172.31.36.0-255,66,110391,17,323126
21715,0.001979,172.217.160.0-255,2184,112575,17,323126
21716,0.001981,172.31.36.0-255,66,112641,17,323126
21717,0.003875,172.217.160.0-255,2902,115543,17,323126
21718,0.003881,172.31.36.0-255,66,115609,17,323126
21719,0.00391,172.217.160.0-255,2902,118511,17,323126
21720,0.003913,172.31.36.0-255,66,118577,17,323126
21721,0.005789,172.217.160.0-255,2902,121479,17,323126
21722,0.005794,172.31.36.0-255,66,121545,17,323126
21723,0.005831,172.217.160.0-255,2902,124447,17,323126
21724,0.005834,172.31.36.0-255,66,124513,17,323126
21725,0.007711,172.217.160.0-255,2902,127415,17,323126
21726,0.007718,172.31.36.0-255,66,127481,17,323126
21727,0.007752,172.217.160.0-255,2902,130383,17,323126
21728,0.007756,172.31.36.0-255,66,130449,17,323126
21729,0.009633,172.217.160.0-255,2902,133351,17,323126
21730,0.009641,172.31.36.0-255,66,133417,17,323126
21731,0.009671,172.217.160.0-255,2902,136319,17,323126
21732,0.009675,172.31.36.0-255,66,136385,17,323126
21733,0.011556,172.217.160.0-255,2902,139287,17,323126
21734,0.011563,172.31.36.0-255,66,139353,17,323126
21735,0.011596,172.217.160.0-255,2902,142255,17,323126
21736,0.011599,172.31.36.0-255,66,142321,17,323126
21737,0.013479,172.217.160.0-255,2902,145223,17,323126
21738,0.013487,172.31.36.0-255,66,145289,17,323126
21739,0.013511,172.217.160.0-255,2902,148191,17,323126
21740,0.013514,172.31.36.0-255,66,148257,17,323126
21741,0.015423,172.217.160.0-255,5738,153995,17,323126
21742,0.015432,172.31.36.0-255,66,154061,17,323126
21743,0.017403,172.217.160.0-255,5738,159799,17,323126
21744,0.017411,172.31.36.0-255,66,159865,17,323126
21745,0.019329,172.217.160.0-255,5738,165603,17,323126
21746,0.019336,172.31.36.0-255,66,165669,17,323126
21747,0.021256,172.217.160.0-255,5738,171407,17,323126
21748,0.021262,172.31.36.0-255,66,171473,17,323126
21749,0.023184,172.217.160.0-255,5738,177211,17,323126
21750,0.023192,172.31.36.0-255,66,177277,17,323126
21751,0.025113,172.217.160.0-255,5738,183015,17,323126
21752,0.025119,172.31.36.0-255,66,183081,17,323126
21753,0.027036,172.217.160.0-255,5738,188819,17,323126
21754,0.027042,172.31.36.0-255,66,188885,17,323126
21755,0.02799,172.31.36.0-255,171,189056,17,323126
21756,0.028018,172.31.36.0-255,1143,190199,17,323126
21757,0.028064,172.31.36.0-255,1514,191713,17,323126
21758,0.028066,172.31.36.0-255,1283,192996,17,323126
21759,0.028958,172.217.160.0-255,5738,198734,17,323126
21760,0.028965,172.31.36.0-255,66,198800,17,323126
21761,0.029539,104.244.42.0-255,66,198866,17,323126
21762,0.02958,104.244.42.0-255,66,198932,17,323126
21763,0.029629,104.244.42.0-255,66,198998,17,323126
21764,0.030898,172.217.160.0-255,5738,204736,17,323126
21765,0.030904,172.31.36.0-255,66,204802,17,323126
21766,0.032814,172.217.160.0-255,5738,210540,17,323126
21767,0.03282,172.31.36.0-255,66,210606,17,323126
21768,0.034736,172.217.160.0-255,5738,216344,17,323126
21769,0.034741,172.31.36.0-255,66,216410,17,323126
21770,0.036661,172.217.160.0-255,5738,222148,17,323126
21771,0.036666,172.31.36.0-255,66,222214,17,323126
21772,0.038584,172.217.160.0-255,2902,225116,17,323126
21773,0.038589,172.31.36.0-255,66,225182,17,323126
21774,0.038636,172.217.160.0-255,2902,228084,17,323126
21775,0.038639,172.31.36.0-255,66,228150,17,323126
21776,0.040498,172.217.160.0-255,2902,231052,17,323126
21777,0.040521,172.31.36.0-255,66,231118,17,323126
21778,0.040548,172.217.160.0-255,2902,234020,17,323126
21779,0.040552,172.31.36.0-255,66,234086,17,323126
21780,0.042432,172.217.160.0-255,2902,236988,17,323126
21781,0.042438,172.31.36.0-255,66,237054,17,323126
21782,0.042474,172.217.160.0-255,2902,239956,17,323126
21783,0.042477,172.31.36.0-255,66,240022,17,323126
21784,0.044352,172.217.160.0-255,2902,242924,17,323126
21785,0.044357,172.31.36.0-255,66,242990,17,323126
21786,0.044392,172.217.160.0-255,2902,245892,17,323126
21787,0.044396,172.31.36.0-255,66,245958,17,323126
21788,0.046265,172.217.160.0-255,2902,248860,17,323126
21789,0.04627,172.31.36.0-255,66,248926,17,323126
21790,0.046305,172.217.160.0-255,2902,251828,17,323126
21791,0.046309,172.31.36.0-255,66,251894,17,323126
21792,0.048188,172.217.160.0-255,2902,254796,17,323126
21793,0.048194,172.31.36.0-255,66,254862,17,323126
21794,0.048228,172.217.160.0-255,2902,257764,17,323126
21795,0.048231,172.31.36.0-255,66,257830,17,323126
21796,0.050104,172.217.160.0-255,2902,260732,17,323126
21797,0.050109,172.31.36.0-255,66,260798,17,323126
21798,0.050145,172.217.160.0-255,2902,263700,17,323126
21799,0.050148,172.31.36.0-255,66,263766,17,323126
21800,0.052015,172.217.160.0-255,2902,266668,17,323126
21801,0.052021,172.31.36.0-255,66,266734,17,323126
21802,0.052054,172.217.160.0-255,2902,269636,17,323126
21803,0.052058,172.31.36.0-255,66,269702,17,323126
21804,0.053928,172.217.160.0-255,2902,272604,17,323126
21805,0.053933,172.31.36.0-255,66,272670,17,323126
21806,0.053971,172.217.160.0-255,2902,275572,17,323126
21807,0.053974,172.31.36.0-255,66,275638,17,323126
21808,0.055853,172.217.160.0-255,2902,278540,17,323126
21809,0.055858,172.31.36.0-255,66,278606,17,323126
21810,0.055895,172.217.160.0-255,2902,281508,17,323126
21811,0.055899,172.31.36.0-255,66,281574,17,323126
21812,0.057774,172.217.160.0-255,2902,284476,17,323126
21813,0.05778,172.31.36.0-255,66,284542,17,323126
21814,0.057813,172.217.160.0-255,2902,287444,17,323126
21815,0.057816,172.31.36.0-255,66,287510,17,323126
21816,0.059693,172.217.160.0-255,2902,290412,17,323126
21817,0.059698,172.31.36.0-255,66,290478,17,323126
21818,0.059735,172.217.160.0-255,2902,293380,17,323126
21819,0.059738,172.31.36.0-255,66,293446,17,323126
21820,0.061606,172.217.160.0-255,2902,296348,17,323126
21821,0.061611,172.31.36.0-255,66,296414,17,323126
21822,0.061646,172.217.160.0-255,2902,299316,17,323126
21823,0.061649,172.31.36.0-255,66,299382,17,323126
21824,0.06352,172.217.160.0-255,2902,302284,17,323126
21825,0.063525,172.31.36.0-255,66,302350,17,323126
21826,0.063572,172.217.160.0-255,2902,305252,17,323126
21827,0.063576,172.31.36.0-255,66,305318,17,323126
21828,0.065443,172.217.160.0-255,2902,308220,17,323126
21829,0.065449,172.31.36.0-255,66,308286,17,323126
21830,0.065481,172.217.160.0-255,2902,311188,17,323126
21831,0.065484,172.31.36.0-255,66,311254,17,323126
21832,0.067367,172.217.160.0-255,2902,314156,17,323126
21833,0.067372,172.31.36.0-255,66,314222,17,323126
21834,0.067405,172.217.160.0-255,2902,317124,17,323126
21835,0.067408,172.31.36.0-255,66,317190,17,323126
21836,0.069291,172.217.160.0-255,2902,320092,17,323126
21837,0.069296,172.31.36.0-255,66,320158,17,323126
21838,0.069329,172.217.160.0-255,2902,323060,17,323126
21839,0.069332,172.31.36.0-255,66,323126,17,323126
21840,0.0,172.217.194.0-255,152,152,17,266468
21841,4e-05,172.31.36.0-255,66,218,17,266468
21842,4.7e-05,172.217.194.0-255,1484,1702,17,266468
21843,5.2e-05,172.31.36.0-255,66,1768,17,266468
21844,5.6e-05,172.217.194.0-255,2902,4670,17,266468
21845,6.6e-05,172.31.36.0-255,66,4736,17,266468
21846,7.4e-05,172.217.194.0-255,7156,11892,17,266468
21847,7.7e-05,172.31.36.0-255,66,11958,17,266468
21848,0.000101,172.217.194.0-255,2100,14058,17,266468
21849,0.00011,172.31.36.0-255,66,14124,17,266468
21850,0.00049,172.217.194.0-255,1484,15608,17,266468
21851,0.000495,172.31.36.0-255,66,15674,17,266468
21852,0.000504,172.217.194.0-255,2902,18576,17,266468
21853,0.000507,172.31.36.0-255,66,18642,17,266468
21854,0.00052,172.217.194.0-255,5738,24380,17,266468
21855,0.000522,172.31.36.0-255,66,24446,17,266468
21856,0.00055,172.217.194.0-255,4320,28766,17,266468
21857,0.000559,172.31.36.0-255,66,28832,17,266468
21858,0.000587,172.217.194.0-255,2543,31375,17,266468
21859,0.000591,172.31.36.0-255,66,31441,17,266468
21860,0.000676,172.217.194.0-255,1484,32925,17,266468
21861,0.00068,172.31.36.0-255,66,32991,17,266468
21862,0.000686,172.217.194.0-255,2902,35893,17,266468
21863,0.000689,172.31.36.0-255,66,35959,17,266468
21864,0.00072,172.217.194.0-255,5738,41697,17,266468
21865,0.000723,172.31.36.0-255,66,41763,17,266468
21866,0.000765,172.31.36.0-255,66,41829,17,266468
21867,0.000775,172.31.36.0-255,66,41895,17,266468
21868,0.000792,172.217.194.0-255,1382,43277,17,266468
21869,0.000798,172.31.36.0-255,66,43343,17,266468
21870,0.000955,172.217.194.0-255,117,43460,17,266468
21871,0.000969,172.217.194.0-255,378,43838,17,266468
21872,0.001274,172.217.194.0-255,1484,45322,17,266468
21873,0.001278,172.31.36.0-255,66,45388,17,266468
21874,0.001282,172.217.194.0-255,1484,46872,17,266468
21875,0.001301,172.217.194.0-255,1484,48356,17,266468
21876,0.001303,172.31.36.0-255,66,48422,17,266468
21877,0.00131,172.217.194.0-255,5738,54160,17,266468
21878,0.001313,172.31.36.0-255,66,54226,17,266468
21879,0.001322,172.217.194.0-255,4320,58546,17,266468
21880,0.001324,172.31.36.0-255,66,58612,17,266468
21881,0.001363,172.217.194.0-255,1484,60096,17,266468
21882,0.001376,172.31.36.0-255,66,60162,17,266468
21883,0.001382,172.217.194.0-255,5020,65182,17,266468
21884,0.001384,172.31.36.0-255,66,65248,17,266468
21885,0.001914,172.217.194.0-255,1484,66732,17,266468
21886,0.001928,172.217.194.0-255,2902,69634,17,266468
21887,0.001931,172.31.36.0-255,66,69700,17,266468
21888,0.001935,172.217.194.0-255,1484,71184,17,266468
21889,0.001959,172.217.194.0-255,4320,75504,17,266468
21890,0.001961,172.31.36.0-255,66,75570,17,266468
21891,0.001965,172.217.194.0-255,2902,78472,17,266468
21892,0.001967,172.31.36.0-255,66,78538,17,266468
21893,0.002003,172.31.36.0-255,66,78604,17,266468
21894,0.002013,172.31.36.0-255,66,78670,17,266468
21895,0.002032,172.217.194.0-255,2184,80854,17,266468
21896,0.002039,172.31.36.0-255,66,80920,17,266468
21897,0.00225,172.217.194.0-255,1484,82404,17,266468
21898,0.002264,172.217.194.0-255,2902,85306,17,266468
21899,0.002266,172.31.36.0-255,66,85372,17,266468
21900,0.002294,172.217.194.0-255,4320,89692,17,266468
21901,0.002297,172.31.36.0-255,66,89758,17,266468
21902,0.002327,172.217.194.0-255,4320,94078,17,266468
21903,0.002329,172.31.36.0-255,66,94144,17,266468
21904,0.002356,172.217.194.0-255,4320,98464,17,266468
21905,0.002358,172.31.36.0-255,66,98530,17,266468
21906,0.002362,172.217.194.0-255,2902,101432,17,266468
21907,0.002365,172.31.36.0-255,66,101498,17,266468
21908,0.002378,172.31.36.0-255,66,101564,17,266468
21909,0.002381,172.217.194.0-255,766,102330,17,266468
21910,0.004303,172.31.36.0-255,66,102396,17,266468
21911,0.004775,172.217.194.0-255,4320,106716,17,266468
21912,0.004781,172.31.36.0-255,66,106782,17,266468
21913,0.006656,172.217.194.0-255,1484,108266,17,266468
21914,0.007193,172.217.194.0-255,4320,112586,17,266468
21915,0.007201,172.31.36.0-255,66,112652,17,266468
21916,0.009573,172.217.194.0-255,4320,116972,17,266468
21917,0.009581,172.31.36.0-255,66,117038,17,266468
21918,0.009616,172.217.194.0-255,1484,118522,17,266468
21919,0.01194,172.217.194.0-255,4320,122842,17,266468
21920,0.011947,172.31.36.0-255,66,122908,17,266468
21921,0.014305,172.217.194.0-255,5738,128646,17,266468
21922,0.014315,172.31.36.0-255,66,128712,17,266468
21923,0.016682,172.217.194.0-255,5738,134450,17,266468
21924,0.016692,172.31.36.0-255,66,134516,17,266468
21925,0.019051,172.217.194.0-255,5738,140254,17,266468
21926,0.019058,172.31.36.0-255,66,140320,17,266468
21927,0.021422,172.217.194.0-255,5738,146058,17,266468
21928,0.021429,172.31.36.0-255,66,146124,17,266468
21929,0.021963,172.31.36.0-255,164,146288,17,266468
21930,0.021996,172.31.36.0-255,1126,147414,17,266468
21931,0.022053,172.31.36.0-255,1514,148928,17,266468
21932,0.022055,172.31.36.0-255,1262,150190,17,266468
21933,0.023517,104.244.42.0-255,66,150256,17,266468
21934,0.023618,104.244.42.0-255,66,150322,17,266468
21935,0.023638,104.244.42.0-255,66,150388,17,266468
21936,0.023795,172.217.194.0-255,5738,156126,17,266468
21937,0.023801,172.31.36.0-255,66,156192,17,266468
21938,0.026181,172.217.194.0-255,5738,161930,17,266468
21939,0.026188,172.31.36.0-255,66,161996,17,266468
21940,0.028545,172.217.194.0-255,5738,167734,17,266468
21941,0.028552,172.31.36.0-255,66,167800,17,266468
21942,0.030935,172.217.194.0-255,5738,173538,17,266468
21943,0.030941,172.31.36.0-255,66,173604,17,266468
21944,0.033316,172.217.194.0-255,5738,179342,17,266468
21945,0.033323,172.31.36.0-255,66,179408,17,266468
21946,0.035723,172.217.194.0-255,5738,185146,17,266468
21947,0.03573,172.31.36.0-255,66,185212,17,266468
21948,0.038119,172.217.194.0-255,5738,190950,17,266468
21949,0.038126,172.31.36.0-255,66,191016,17,266468
21950,0.040522,172.217.194.0-255,5738,196754,17,266468
21951,0.040527,172.31.36.0-255,66,196820,17,266468
21952,0.0429,172.217.194.0-255,5738,202558,17,266468
21953,0.042907,172.31.36.0-255,66,202624,17,266468
21954,0.045253,172.217.194.0-255,5738,208362,17,266468
21955,0.04526,172.31.36.0-255,66,208428,17,266468
21956,0.047632,172.217.194.0-255,5738,214166,17,266468
21957,0.047638,172.31.36.0-255,66,214232,17,266468
21958,0.050044,172.217.194.0-255,5738,219970,17,266468
21959,0.050053,172.31.36.0-255,66,220036,17,266468
21960,0.052421,172.217.194.0-255,5738,225774,17,266468
21961,0.052429,172.31.36.0-255,66,225840,17,266468
21962,0.054798,172.217.194.0-255,5738,231578,17,266468
21963,0.054805,172.31.36.0-255,66,231644,17,266468
21964,0.057196,172.217.194.0-255,5738,237382,17,266468
21965,0.057202,172.31.36.0-255,66,237448,17,266468
21966,0.059583,172.217.194.0-255,5738,243186,17,266468
21967,0.05959,172.31.36.0-255,66,243252,17,266468
21968,0.061955,172.217.194.0-255,5738,248990,17,266468
21969,0.061962,172.31.36.0-255,66,249056,17,266468
21970,0.06436,172.217.194.0-255,5738,254794,17,266468
21971,0.064367,172.31.36.0-255,66,254860,17,266468
21972,0.066738,172.217.194.0-255,5738,260598,17,266468
21973,0.066745,172.31.36.0-255,66,260664,17,266468
21974,0.06912,172.217.194.0-255,5738,266402,17,266468
21975,0.069127,172.31.36.0-255,66,266468,17,266468
21976,0.0,74.125.24.0-255,152,152,17,145653
21977,1.9e-05,172.31.36.0-255,66,218,17,145653
21978,2.6e-05,74.125.24.0-255,1484,1702,17,145653
21979,3.1e-05,172.31.36.0-255,66,1768,17,145653
21980,3.7e-05,74.125.24.0-255,2902,4670,17,145653
21981,4.9e-05,172.31.36.0-255,66,4736,17,145653
21982,5.7e-05,74.125.24.0-255,7156,11892,17,145653
21983,6.1e-05,172.31.36.0-255,66,11958,17,145653
21984,6.5e-05,74.125.24.0-255,2074,14032,17,145653
21985,6.9e-05,172.31.36.0-255,66,14098,17,145653
21986,7.5e-05,74.125.24.0-255,4320,18418,17,145653
21987,7.7e-05,172.31.36.0-255,66,18484,17,145653
21988,0.000108,74.125.24.0-255,7156,25640,17,145653
21989,0.000111,172.31.36.0-255,66,25706,17,145653
21990,0.000118,74.125.24.0-255,5379,31085,17,145653
21991,0.000121,172.31.36.0-255,66,31151,17,145653
21992,0.000256,74.125.24.0-255,1484,32635,17,145653
21993,0.00026,172.31.36.0-255,66,32701,17,145653
21994,0.000267,74.125.24.0-255,2902,35603,17,145653
21995,0.000269,172.31.36.0-255,66,35669,17,145653
21996,0.000281,74.125.24.0-255,5738,41407,17,145653
21997,0.000284,172.31.36.0-255,66,41473,17,145653
21998,0.000332,172.31.36.0-255,66,41539,17,145653
21999,0.000343,172.31.36.0-255,66,41605,17,145653
22000,0.000346,74.125.24.0-255,1403,43008,17,145653
22001,0.000349,172.31.36.0-255,66,43074,17,145653
22002,0.000407,74.125.24.0-255,130,43204,17,145653
22003,0.00041,172.31.36.0-255,66,43270,17,145653
22004,0.000851,74.125.24.0-255,1484,44754,17,145653
22005,0.000857,172.31.36.0-255,66,44820,17,145653
22006,0.000863,74.125.24.0-255,2902,47722,17,145653
22007,0.000865,172.31.36.0-255,66,47788,17,145653
22008,0.000877,74.125.24.0-255,5738,53526,17,145653
22009,0.00088,172.31.36.0-255,66,53592,17,145653
22010,0.000885,74.125.24.0-255,2902,56494,17,145653
22011,0.000887,172.31.36.0-255,66,56560,17,145653
22012,0.000914,74.125.24.0-255,2902,59462,17,145653
22013,0.000917,172.31.36.0-255,66,59528,17,145653
22014,0.00092,74.125.24.0-255,1125,60653,17,145653
22015,0.001258,74.125.24.0-255,1484,62137,17,145653
22016,0.001262,172.31.36.0-255,66,62203,17,145653
22017,0.001268,74.125.24.0-255,2902,65105,17,145653
22018,0.00127,172.31.36.0-255,66,65171,17,145653
22019,0.001273,74.125.24.0-255,1484,66655,17,145653
22020,0.001311,74.125.24.0-255,4320,70975,17,145653
22021,0.001314,172.31.36.0-255,66,71041,17,145653
22022,0.00132,74.125.24.0-255,5738,76779,17,145653
22023,0.001323,172.31.36.0-255,66,76845,17,145653
22024,0.001372,172.31.36.0-255,66,76911,17,145653
22025,0.001384,172.31.36.0-255,66,76977,17,145653
22026,0.001428,172.31.36.0-255,66,77043,17,145653
22027,0.001453,74.125.24.0-255,1484,78527,17,145653
22028,0.001467,74.125.24.0-255,2902,81429,17,145653
22029,0.00147,172.31.36.0-255,66,81495,17,145653
22030,0.001473,74.125.24.0-255,1484,82979,17,145653
22031,0.001501,74.125.24.0-255,4320,87299,17,145653
22032,0.001504,172.31.36.0-255,66,87365,17,145653
22033,0.00152,172.31.36.0-255,66,87431,17,145653
22034,0.001616,172.31.36.0-255,66,87497,17,145653
22035,0.001619,172.31.36.0-255,66,87563,17,145653
22036,0.001658,172.31.36.0-255,66,87629,17,145653
22037,0.001665,74.125.24.0-255,5738,93367,17,145653
22038,0.001668,172.31.36.0-255,66,93433,17,145653
22039,0.001689,74.125.24.0-255,2902,96335,17,145653
22040,0.001692,172.31.36.0-255,66,96401,17,145653
22041,0.001703,172.31.36.0-255,66,96467,17,145653
22042,0.001738,172.31.36.0-255,66,96533,17,145653
22043,0.001768,74.125.24.0-255,2184,98717,17,145653
22044,0.001771,172.31.36.0-255,66,98783,17,145653
22045,0.001865,74.125.24.0-255,1484,100267,17,145653
22046,0.00188,74.125.24.0-255,2902,103169,17,145653
22047,0.001884,172.31.36.0-255,66,103235,17,145653
22048,0.00189,74.125.24.0-255,5738,108973,17,145653
22049,0.001892,172.31.36.0-255,66,109039,17,145653
22050,0.001917,74.125.24.0-255,7156,116195,17,145653
22051,0.00192,172.31.36.0-255,66,116261,17,145653
22052,0.001965,74.125.24.0-255,5738,121999,17,145653
22053,0.001968,172.31.36.0-255,66,122065,17,145653
22054,0.001978,172.31.36.0-255,66,122131,17,145653
22055,0.001985,74.125.24.0-255,7156,129287,17,145653
22056,0.001988,172.31.36.0-255,66,129353,17,145653
22057,0.00202,74.125.24.0-255,6438,135791,17,145653
22058,0.002025,172.31.36.0-255,66,135857,17,145653
22059,0.002039,172.31.36.0-255,66,135923,17,145653
22060,0.002049,172.31.36.0-255,66,135989,17,145653
22061,0.002083,172.31.36.0-255,66,136055,17,145653
22062,0.002088,74.125.24.0-255,2902,138957,17,145653
22063,0.00209,172.31.36.0-255,66,139023,17,145653
22064,0.002128,172.31.36.0-255,66,139089,17,145653
22065,0.002162,172.31.36.0-255,66,139155,17,145653
22066,0.002196,172.31.36.0-255,66,139221,17,145653
22067,0.002199,74.125.24.0-255,1484,140705,17,145653
22068,0.002255,172.31.36.0-255,66,140771,17,145653
22069,0.002299,172.31.36.0-255,66,140837,17,145653
22070,0.00232,172.31.36.0-255,66,140903,17,145653
22071,0.002331,172.31.36.0-255,66,140969,17,145653
22072,0.002345,172.31.36.0-255,66,141035,17,145653
22073,0.004639,74.125.24.0-255,105,141140,17,145653
22074,0.004702,172.31.36.0-255,66,141206,17,145653
22075,0.00475,172.31.36.0-255,105,141311,17,145653
22076,0.007044,74.125.24.0-255,66,141377,17,145653
22077,0.030439,172.31.36.0-255,176,141553,17,145653
22078,0.030473,172.31.36.0-255,1117,142670,17,145653
22079,0.030534,172.31.36.0-255,1514,144184,17,145653
22080,0.030536,172.31.36.0-255,1271,145455,17,145653
22081,0.031999,104.244.42.0-255,66,145521,17,145653
22082,0.032035,104.244.42.0-255,66,145587,17,145653
22083,0.032072,104.244.42.0-255,66,145653,17,145653
22084,0.0,172.217.194.0-255,149,149,17,357116
22085,2.4e-05,172.31.36.0-255,66,215,17,357116
22086,3.1e-05,172.217.194.0-255,1484,1699,17,357116
22087,3.5e-05,172.31.36.0-255,66,1765,17,357116
22088,4.1e-05,172.217.194.0-255,2902,4667,17,357116
22089,4.4e-05,172.31.36.0-255,66,4733,17,357116
22090,5.1e-05,172.217.194.0-255,5738,10471,17,357116
22091,5.5e-05,172.31.36.0-255,66,10537,17,357116
22092,8.2e-05,172.217.194.0-255,3472,14009,17,357116
22093,8.4e-05,172.31.36.0-255,66,14075,17,357116
22094,0.000181,172.217.194.0-255,1484,15559,17,357116
22095,0.000185,172.31.36.0-255,66,15625,17,357116
22096,0.00019,172.217.194.0-255,2902,18527,17,357116
22097,0.000193,172.31.36.0-255,66,18593,17,357116
22098,0.000209,172.217.194.0-255,5738,24331,17,357116
22099,0.000212,172.31.36.0-255,66,24397,17,357116
22100,0.000236,172.217.194.0-255,4320,28717,17,357116
22101,0.000239,172.31.36.0-255,66,28783,17,357116
22102,0.000277,172.217.194.0-255,3961,32744,17,357116
22103,0.00028,172.31.36.0-255,66,32810,17,357116
22104,0.000303,172.217.194.0-255,4320,37130,17,357116
22105,0.000306,172.31.36.0-255,66,37196,17,357116
22106,0.000328,172.217.194.0-255,5738,42934,17,357116
22107,0.000331,172.31.36.0-255,66,43000,17,357116
22108,0.000351,172.217.194.0-255,4320,47320,17,357116
22109,0.000353,172.31.36.0-255,66,47386,17,357116
22110,0.000399,172.217.194.0-255,4320,51706,17,357116
22111,0.000402,172.31.36.0-255,66,51772,17,357116
22112,0.00042,172.217.194.0-255,1484,53256,17,357116
22113,0.000422,172.31.36.0-255,66,53322,17,357116
22114,0.000457,172.31.36.0-255,66,53388,17,357116
22115,0.000502,172.217.194.0-255,412,53800,17,357116
22116,0.000522,172.217.194.0-255,1484,55284,17,357116
22117,0.000525,172.31.36.0-255,66,55350,17,357116
22118,0.000545,172.217.194.0-255,4320,59670,17,357116
22119,0.000548,172.31.36.0-255,66,59736,17,357116
22120,0.000591,172.31.36.0-255,66,59802,17,357116
22121,0.000644,172.217.194.0-255,7156,66958,17,357116
22122,0.000648,172.31.36.0-255,66,67024,17,357116
22123,0.000709,172.31.36.0-255,66,67090,17,357116
22124,0.000726,172.217.194.0-255,3602,70692,17,357116
22125,0.000729,172.31.36.0-255,66,70758,17,357116
22126,0.000811,172.217.194.0-255,5738,76496,17,357116
22127,0.000815,172.31.36.0-255,66,76562,17,357116
22128,0.000852,172.31.36.0-255,66,76628,17,357116
22129,0.000977,172.217.194.0-255,4736,81364,17,357116
22130,0.000982,172.31.36.0-255,66,81430,17,357116
22131,0.001094,172.217.194.0-255,1484,82914,17,357116
22132,0.001146,172.217.194.0-255,2902,85816,17,357116
22133,0.001149,172.31.36.0-255,66,85882,17,357116
22134,0.001155,172.217.194.0-255,5738,91620,17,357116
22135,0.001158,172.31.36.0-255,66,91686,17,357116
22136,0.001162,172.217.194.0-255,2902,94588,17,357116
22137,0.001165,172.31.36.0-255,66,94654,17,357116
22138,0.00117,172.217.194.0-255,2902,97556,17,357116
22139,0.001172,172.31.36.0-255,66,97622,17,357116
22140,0.001197,172.217.194.0-255,7156,104778,17,357116
22141,0.0012,172.31.36.0-255,66,104844,17,357116
22142,0.001247,172.217.194.0-255,5738,110582,17,357116
22143,0.00125,172.31.36.0-255,66,110648,17,357116
22144,0.001269,172.217.194.0-255,5020,115668,17,357116
22145,0.001275,172.31.36.0-255,66,115734,17,357116
22146,0.001463,172.217.194.0-255,1484,117218,17,357116
22147,0.001468,172.217.194.0-255,2902,120120,17,357116
22148,0.001471,172.31.36.0-255,66,120186,17,357116
22149,0.001488,172.217.194.0-255,2902,123088,17,357116
22150,0.001492,172.31.36.0-255,66,123154,17,357116
22151,0.0015,172.217.194.0-255,1484,124638,17,357116
22152,0.001512,172.217.194.0-255,1484,126122,17,357116
22153,0.001514,172.31.36.0-255,66,126188,17,357116
22154,0.00153,172.217.194.0-255,7156,133344,17,357116
22155,0.001532,172.31.36.0-255,66,133410,17,357116
22156,0.001576,172.217.194.0-255,5738,139148,17,357116
22157,0.001579,172.31.36.0-255,66,139214,17,357116
22158,0.001602,172.217.194.0-255,7156,146370,17,357116
22159,0.001604,172.31.36.0-255,66,146436,17,357116
22160,0.001659,172.217.194.0-255,5020,151456,17,357116
22161,0.001662,172.31.36.0-255,66,151522,17,357116
22162,0.001697,172.217.194.0-255,4320,155842,17,357116
22163,0.0017,172.31.36.0-255,66,155908,17,357116
22164,0.001718,172.217.194.0-255,1484,157392,17,357116
22165,0.001737,172.217.194.0-255,4320,161712,17,357116
22166,0.00174,172.31.36.0-255,66,161778,17,357116
22167,0.001769,172.31.36.0-255,66,161844,17,357116
22168,0.001839,172.31.36.0-255,66,161910,17,357116
22169,0.001855,172.217.194.0-255,1484,163394,17,357116
22170,0.001903,172.217.194.0-255,3602,166996,17,357116
22171,0.001907,172.31.36.0-255,66,167062,17,357116
22172,0.002022,172.217.194.0-255,1484,168546,17,357116
22173,0.002026,172.217.194.0-255,1484,170030,17,357116
22174,0.002028,172.31.36.0-255,66,170096,17,357116
22175,0.002041,172.217.194.0-255,1484,171580,17,357116
22176,0.002056,172.217.194.0-255,5738,177318,17,357116
22177,0.00206,172.31.36.0-255,66,177384,17,357116
22178,0.002106,172.217.194.0-255,7156,184540,17,357116
22179,0.00211,172.31.36.0-255,66,184606,17,357116
22180,0.002132,172.217.194.0-255,5738,190344,17,357116
22181,0.002135,172.31.36.0-255,66,190410,17,357116
22182,0.002181,172.217.194.0-255,4320,194730,17,357116
22183,0.002184,172.31.36.0-255,66,194796,17,357116
22184,0.002204,172.217.194.0-255,6438,201234,17,357116
22185,0.002207,172.31.36.0-255,66,201300,17,357116
22186,0.002258,172.217.194.0-255,1484,202784,17,357116
22187,0.002274,172.217.194.0-255,2902,205686,17,357116
22188,0.002277,172.31.36.0-255,66,205752,17,357116
22189,0.00228,172.217.194.0-255,1484,207236,17,357116
22190,0.002294,172.217.194.0-255,4320,211556,17,357116
22191,0.002296,172.31.36.0-255,66,211622,17,357116
22192,0.00232,172.217.194.0-255,4320,215942,17,357116
22193,0.002323,172.31.36.0-255,66,216008,17,357116
22194,0.002345,172.217.194.0-255,1484,217492,17,357116
22195,0.00236,172.217.194.0-255,5738,223230,17,357116
22196,0.002364,172.31.36.0-255,66,223296,17,357116
22197,0.002384,172.217.194.0-255,4320,227616,17,357116
22198,0.002386,172.31.36.0-255,66,227682,17,357116
22199,0.00462,172.217.194.0-255,4320,232002,17,357116
22200,0.004628,172.31.36.0-255,66,232068,17,357116
22201,0.004646,172.217.194.0-255,1484,233552,17,357116
22202,0.006905,172.217.194.0-255,4320,237872,17,357116
22203,0.00691,172.31.36.0-255,66,237938,17,357116
22204,0.009212,172.217.194.0-255,5738,243676,17,357116
22205,0.00922,172.31.36.0-255,66,243742,17,357116
22206,0.011489,172.217.194.0-255,5738,249480,17,357116
22207,0.011496,172.31.36.0-255,66,249546,17,357116
22208,0.013777,172.217.194.0-255,5738,255284,17,357116
22209,0.013786,172.31.36.0-255,66,255350,17,357116
22210,0.016087,172.217.194.0-255,5738,261088,17,357116
22211,0.016098,172.31.36.0-255,66,261154,17,357116
22212,0.018365,172.217.194.0-255,5738,266892,17,357116
22213,0.018376,172.31.36.0-255,66,266958,17,357116
22214,0.020632,172.217.194.0-255,5738,272696,17,357116
22215,0.020647,172.31.36.0-255,66,272762,17,357116
22216,0.022944,172.217.194.0-255,5738,278500,17,357116
22217,0.02296,172.31.36.0-255,66,278566,17,357116
22218,0.025243,172.217.194.0-255,5738,284304,17,357116
22219,0.025259,172.31.36.0-255,66,284370,17,357116
22220,0.027555,172.217.194.0-255,5738,290108,17,357116
22221,0.027563,172.31.36.0-255,66,290174,17,357116
22222,0.029846,172.217.194.0-255,5738,295912,17,357116
22223,0.029854,172.31.36.0-255,66,295978,17,357116
22224,0.032096,172.217.194.0-255,5738,301716,17,357116
22225,0.032103,172.31.36.0-255,66,301782,17,357116
22226,0.0326,172.31.36.0-255,172,301954,17,357116
22227,0.032631,172.31.36.0-255,1118,303072,17,357116
22228,0.032701,172.31.36.0-255,1514,304586,17,357116
22229,0.032703,172.31.36.0-255,1514,306100,17,357116
22230,0.032704,172.31.36.0-255,1514,307614,17,357116
22231,0.032705,172.31.36.0-255,1048,308662,17,357116
22232,0.034178,104.244.42.0-255,66,308728,17,357116
22233,0.034225,104.244.42.0-255,66,308794,17,357116
22234,0.034273,104.244.42.0-255,66,308860,17,357116
22235,0.034276,104.244.42.0-255,66,308926,17,357116
22236,0.034345,172.217.194.0-255,4320,313246,17,357116
22237,0.03435,172.31.36.0-255,66,313312,17,357116
22238,0.034369,172.217.194.0-255,1484,314796,17,357116
22239,0.03664,172.217.194.0-255,4320,319116,17,357116
22240,0.036647,172.31.36.0-255,66,319182,17,357116
22241,0.038932,172.217.194.0-255,5738,324920,17,357116
22242,0.03894,172.31.36.0-255,66,324986,17,357116
22243,0.041217,172.217.194.0-255,5738,330724,17,357116
22244,0.041225,172.31.36.0-255,66,330790,17,357116
22245,0.043511,172.217.194.0-255,5738,336528,17,357116
22246,0.043523,172.31.36.0-255,66,336594,17,357116
22247,0.04584,172.217.194.0-255,5738,342332,17,357116
22248,0.045848,172.31.36.0-255,66,342398,17,357116
22249,0.048118,172.217.194.0-255,5738,348136,17,357116
22250,0.048125,172.31.36.0-255,66,348202,17,357116
22251,0.050404,172.217.194.0-255,5738,353940,17,357116
22252,0.05041,172.31.36.0-255,66,354006,17,357116
22253,0.052668,172.217.194.0-255,2873,356879,17,357116
22254,0.052676,172.31.36.0-255,66,356945,17,357116
22255,0.052838,172.31.36.0-255,105,357050,17,357116
22256,0.0551,172.217.194.0-255,66,357116,17,357116
22257,0.0,74.125.68.0-255,153,153,17,385338
22258,2.4e-05,172.31.36.0-255,66,219,17,385338
22259,3.2e-05,74.125.68.0-255,1484,1703,17,385338
22260,3.5e-05,172.31.36.0-255,66,1769,17,385338
22261,4.1e-05,74.125.68.0-255,2902,4671,17,385338
22262,4.4e-05,172.31.36.0-255,66,4737,17,385338
22263,4.7e-05,74.125.68.0-255,1484,6221,17,385338
22264,4.9e-05,172.31.36.0-255,66,6287,17,385338
22265,5.4e-05,74.125.68.0-255,2902,9189,17,385338
22266,5.7e-05,172.31.36.0-255,66,9255,17,385338
22267,9.6e-05,74.125.68.0-255,4892,14147,17,385338
22268,9.9e-05,172.31.36.0-255,66,14213,17,385338
22269,0.00014,74.125.68.0-255,1484,15697,17,385338
22270,0.000143,172.31.36.0-255,66,15763,17,385338
22271,0.000159,74.125.68.0-255,2902,18665,17,385338
22272,0.000161,172.31.36.0-255,66,18731,17,385338
22273,0.000179,74.125.68.0-255,2902,21633,17,385338
22274,0.000181,172.31.36.0-255,66,21699,17,385338
22275,0.000204,74.125.68.0-255,1484,23183,17,385338
22276,0.000206,172.31.36.0-255,66,23249,17,385338
22277,0.000214,74.125.68.0-255,5738,28987,17,385338
22278,0.000217,172.31.36.0-255,66,29053,17,385338
22279,0.00024,74.125.68.0-255,2543,31596,17,385338
22280,0.000243,172.31.36.0-255,66,31662,17,385338
22281,0.000257,74.125.68.0-255,2902,34564,17,385338
22282,0.000259,172.31.36.0-255,66,34630,17,385338
22283,0.000293,74.125.68.0-255,5738,40368,17,385338
22284,0.000296,172.31.36.0-255,66,40434,17,385338
22285,0.000314,74.125.68.0-255,1484,41918,17,385338
22286,0.000316,172.31.36.0-255,66,41984,17,385338
22287,0.000338,74.125.68.0-255,4320,46304,17,385338
22288,0.00034,172.31.36.0-255,66,46370,17,385338
22289,0.000359,74.125.68.0-255,2543,48913,17,385338
22290,0.000362,172.31.36.0-255,66,48979,17,385338
22291,0.000771,74.125.68.0-255,1484,50463,17,385338
22292,0.000786,74.125.68.0-255,1484,51947,17,385338
22293,0.00079,172.31.36.0-255,66,52013,17,385338
22294,0.000811,74.125.68.0-255,2902,54915,17,385338
22295,0.000813,172.31.36.0-255,66,54981,17,385338
22296,0.000837,74.125.68.0-255,4320,59301,17,385338
22297,0.000839,172.31.36.0-255,66,59367,17,385338
22298,0.000856,74.125.68.0-255,1484,60851,17,385338
22299,0.000888,74.125.68.0-255,2902,63753,17,385338
22300,0.000891,172.31.36.0-255,66,63819,17,385338
22301,0.000909,74.125.68.0-255,2543,66362,17,385338
22302,0.000912,172.31.36.0-255,66,66428,17,385338
22303,0.000955,74.125.68.0-255,1484,67912,17,385338
22304,0.000959,74.125.68.0-255,1484,69396,17,385338
22305,0.000961,172.31.36.0-255,66,69462,17,385338
22306,0.000977,74.125.68.0-255,1484,70946,17,385338
22307,0.00099,74.125.68.0-255,2902,73848,17,385338
22308,0.000995,172.31.36.0-255,66,73914,17,385338
22309,0.001012,74.125.68.0-255,1484,75398,17,385338
22310,0.001027,74.125.68.0-255,2902,78300,17,385338
22311,0.001029,172.31.36.0-255,66,78366,17,385338
22312,0.001068,74.125.68.0-255,4320,82686,17,385338
22313,0.001071,172.31.36.0-255,66,82752,17,385338
22314,0.001077,74.125.68.0-255,4320,87072,17,385338
22315,0.001079,172.31.36.0-255,66,87138,17,385338
22316,0.001097,74.125.68.0-255,1125,88263,17,385338
22317,0.001101,74.125.68.0-255,2902,91165,17,385338
22318,0.001103,172.31.36.0-255,66,91231,17,385338
22319,0.001134,74.125.68.0-255,4320,95551,17,385338
22320,0.001137,172.31.36.0-255,66,95617,17,385338
22321,0.001159,74.125.68.0-255,5379,100996,17,385338
22322,0.001162,172.31.36.0-255,66,101062,17,385338
22323,0.001253,74.125.68.0-255,1484,102546,17,385338
22324,0.001273,74.125.68.0-255,2902,105448,17,385338
22325,0.001277,172.31.36.0-255,66,105514,17,385338
22326,0.001296,74.125.68.0-255,4320,109834,17,385338
22327,0.0013,172.31.36.0-255,66,109900,17,385338
22328,0.001328,74.125.68.0-255,4320,114220,17,385338
22329,0.001331,172.31.36.0-255,66,114286,17,385338
22330,0.001349,74.125.68.0-255,1484,115770,17,385338
22331,0.001354,74.125.68.0-255,2428,118198,17,385338
22332,0.001356,172.31.36.0-255,66,118264,17,385338
22333,0.001399,74.125.68.0-255,1484,119748,17,385338
22334,0.001415,74.125.68.0-255,2902,122650,17,385338
22335,0.001418,172.31.36.0-255,66,122716,17,385338
22336,0.00143,74.125.68.0-255,1484,124200,17,385338
22337,0.001449,74.125.68.0-255,4320,128520,17,385338
22338,0.001452,172.31.36.0-255,66,128586,17,385338
22339,0.001457,74.125.68.0-255,2902,131488,17,385338
22340,0.001459,172.31.36.0-255,66,131554,17,385338
22341,0.001465,74.125.68.0-255,4320,135874,17,385338
22342,0.001467,172.31.36.0-255,66,135940,17,385338
22343,0.001494,172.31.36.0-255,66,136006,17,385338
22344,0.001555,74.125.68.0-255,5738,141744,17,385338
22345,0.001558,172.31.36.0-255,66,141810,17,385338
22346,0.001562,74.125.68.0-255,2184,143994,17,385338
22347,0.001565,172.31.36.0-255,66,144060,17,385338
22348,0.001587,74.125.68.0-255,3048,147108,17,385338
22349,0.00159,172.31.36.0-255,66,147174,17,385338
22350,0.001593,74.125.68.0-255,1484,148658,17,385338
22351,0.001606,74.125.68.0-255,1484,150142,17,385338
22352,0.001609,172.31.36.0-255,66,150208,17,385338
22353,0.001631,74.125.68.0-255,1484,151692,17,385338
22354,0.001637,74.125.68.0-255,5738,157430,17,385338
22355,0.00164,172.31.36.0-255,66,157496,17,385338
22356,0.00167,172.31.36.0-255,66,157562,17,385338
22357,0.001699,172.31.36.0-255,66,157628,17,385338
22358,0.001815,74.125.68.0-255,1484,159112,17,385338
22359,0.001842,74.125.68.0-255,2902,162014,17,385338
22360,0.001846,172.31.36.0-255,66,162080,17,385338
22361,0.001853,74.125.68.0-255,5738,167818,17,385338
22362,0.001856,172.31.36.0-255,66,167884,17,385338
22363,0.001883,74.125.68.0-255,7156,175040,17,385338
22364,0.001888,172.31.36.0-255,66,175106,17,385338
22365,0.001923,74.125.68.0-255,4320,179426,17,385338
22366,0.001932,172.31.36.0-255,66,179492,17,385338
22367,0.00195,74.125.68.0-255,1484,180976,17,385338
22368,0.001962,74.125.68.0-255,2902,183878,17,385338
22369,0.001964,172.31.36.0-255,66,183944,17,385338
22370,0.001989,74.125.68.0-255,5738,189682,17,385338
22371,0.001991,172.31.36.0-255,66,189748,17,385338
22372,0.002009,74.125.68.0-255,2184,191932,17,385338
22373,0.002012,172.31.36.0-255,66,191998,17,385338
22374,0.003993,74.125.68.0-255,5738,197736,17,385338
22375,0.004001,172.31.36.0-255,66,197802,17,385338
22376,0.005994,74.125.68.0-255,4320,202122,17,385338
22377,0.005998,172.31.36.0-255,66,202188,17,385338
22378,0.006013,74.125.68.0-255,1484,203672,17,385338
22379,0.007997,74.125.68.0-255,4320,207992,17,385338
22380,0.008001,172.31.36.0-255,66,208058,17,385338
22381,0.009994,74.125.68.0-255,5738,213796,17,385338
22382,0.010001,172.31.36.0-255,66,213862,17,385338
22383,0.012006,74.125.68.0-255,5738,219600,17,385338
22384,0.012015,172.31.36.0-255,66,219666,17,385338
22385,0.014016,74.125.68.0-255,5738,225404,17,385338
22386,0.014024,172.31.36.0-255,66,225470,17,385338
22387,0.016037,74.125.68.0-255,5738,231208,17,385338
22388,0.016045,172.31.36.0-255,66,231274,17,385338
22389,0.018056,74.125.68.0-255,5738,237012,17,385338
22390,0.018065,172.31.36.0-255,66,237078,17,385338
22391,0.020061,74.125.68.0-255,5738,242816,17,385338
22392,0.020072,172.31.36.0-255,66,242882,17,385338
22393,0.022069,74.125.68.0-255,5738,248620,17,385338
22394,0.022077,172.31.36.0-255,66,248686,17,385338
22395,0.024082,74.125.68.0-255,5738,254424,17,385338
22396,0.024089,172.31.36.0-255,66,254490,17,385338
22397,0.026079,74.125.68.0-255,1484,255974,17,385338
22398,0.026102,74.125.68.0-255,4320,260294,17,385338
22399,0.026107,172.31.36.0-255,66,260360,17,385338
22400,0.028104,74.125.68.0-255,5738,266098,17,385338
22401,0.028111,172.31.36.0-255,66,266164,17,385338
22402,0.030152,74.125.68.0-255,5738,271902,17,385338
22403,0.030165,172.31.36.0-255,66,271968,17,385338
22404,0.032168,74.125.68.0-255,5738,277706,17,385338
22405,0.032179,172.31.36.0-255,66,277772,17,385338
22406,0.033233,172.31.36.0-255,172,277944,17,385338
22407,0.033265,172.31.36.0-255,1118,279062,17,385338
22408,0.033325,172.31.36.0-255,1514,280576,17,385338
22409,0.033327,172.31.36.0-255,1270,281846,17,385338
22410,0.034206,74.125.68.0-255,5738,287584,17,385338
22411,0.034215,172.31.36.0-255,66,287650,17,385338
22412,0.034811,104.244.42.0-255,66,287716,17,385338
22413,0.034848,104.244.42.0-255,66,287782,17,385338
22414,0.034905,104.244.42.0-255,66,287848,17,385338
22415,0.035826,104.244.42.0-255,108,287956,17,385338
22416,0.035836,172.31.36.0-255,66,288022,17,385338
22417,0.036217,74.125.68.0-255,5738,293760,17,385338
22418,0.036222,172.31.36.0-255,66,293826,17,385338
22419,0.038253,74.125.68.0-255,4320,298146,17,385338
22420,0.038259,172.31.36.0-255,66,298212,17,385338
22421,0.038278,74.125.68.0-255,1484,299696,17,385338
22422,0.04026,74.125.68.0-255,4320,304016,17,385338
22423,0.040267,172.31.36.0-255,66,304082,17,385338
22424,0.042253,74.125.68.0-255,5738,309820,17,385338
22425,0.04226,172.31.36.0-255,66,309886,17,385338
22426,0.044269,74.125.68.0-255,5738,315624,17,385338
22427,0.044276,172.31.36.0-255,66,315690,17,385338
22428,0.046281,74.125.68.0-255,5738,321428,17,385338
22429,0.046288,172.31.36.0-255,66,321494,17,385338
22430,0.0483,74.125.68.0-255,5738,327232,17,385338
22431,0.048307,172.31.36.0-255,66,327298,17,385338
22432,0.050305,74.125.68.0-255,5738,333036,17,385338
22433,0.050311,172.31.36.0-255,66,333102,17,385338
22434,0.052313,74.125.68.0-255,5738,338840,17,385338
22435,0.05232,172.31.36.0-255,66,338906,17,385338
22436,0.054316,74.125.68.0-255,5738,344644,17,385338
22437,0.054322,172.31.36.0-255,66,344710,17,385338
22438,0.056333,74.125.68.0-255,5738,350448,17,385338
22439,0.056338,172.31.36.0-255,66,350514,17,385338
22440,0.058336,74.125.68.0-255,5738,356252,17,385338
22441,0.058343,172.31.36.0-255,66,356318,17,385338
22442,0.060337,74.125.68.0-255,5738,362056,17,385338
22443,0.060341,172.31.36.0-255,66,362122,17,385338
22444,0.062334,74.125.68.0-255,5738,367860,17,385338
22445,0.062342,172.31.36.0-255,66,367926,17,385338
22446,0.064343,74.125.68.0-255,5738,373664,17,385338
22447,0.064349,172.31.36.0-255,66,373730,17,385338
22448,0.066349,74.125.68.0-255,5738,379468,17,385338
22449,0.066355,172.31.36.0-255,66,379534,17,385338
22450,0.068363,74.125.68.0-255,5738,385272,17,385338
22451,0.068369,172.31.36.0-255,66,385338,17,385338
22452,0.0,74.125.24.0-255,146,146,17,286569
22453,2.6e-05,172.31.36.0-255,66,212,17,286569
22454,3.3e-05,74.125.24.0-255,1484,1696,17,286569
22455,3.8e-05,172.31.36.0-255,66,1762,17,286569
22456,4.7e-05,74.125.24.0-255,2902,4664,17,286569
22457,5.1e-05,172.31.36.0-255,66,4730,17,286569
22458,5.7e-05,74.125.24.0-255,5738,10468,17,286569
22459,6.1e-05,172.31.36.0-255,66,10534,17,286569
22460,6.7e-05,74.125.24.0-255,3521,14055,17,286569
22461,7e-05,172.31.36.0-255,66,14121,17,286569
22462,9.7e-05,74.125.24.0-255,4320,18441,17,286569
22463,0.0001,172.31.36.0-255,66,18507,17,286569
22464,0.000132,172.31.36.0-255,66,18573,17,286569
22465,0.000136,74.125.24.0-255,2543,21116,17,286569
22466,0.000138,172.31.36.0-255,66,21182,17,286569
22467,0.000206,74.125.24.0-255,1484,22666,17,286569
22468,0.00021,172.31.36.0-255,66,22732,17,286569
22469,0.000214,74.125.24.0-255,2902,25634,17,286569
22470,0.000217,172.31.36.0-255,66,25700,17,286569
22471,0.000231,74.125.24.0-255,4320,30020,17,286569
22472,0.000234,172.31.36.0-255,66,30086,17,286569
22473,0.000244,74.125.24.0-255,1484,31570,17,286569
22474,0.000246,172.31.36.0-255,66,31636,17,286569
22475,0.000286,74.125.24.0-255,6797,38433,17,286569
22476,0.000289,172.31.36.0-255,66,38499,17,286569
22477,0.000294,74.125.24.0-255,2902,41401,17,286569
22478,0.000296,172.31.36.0-255,66,41467,17,286569
22479,0.000311,74.125.24.0-255,4320,45787,17,286569
22480,0.000314,172.31.36.0-255,66,45853,17,286569
22481,0.000331,74.125.24.0-255,5738,51591,17,286569
22482,0.000334,172.31.36.0-255,66,51657,17,286569
22483,0.000354,74.125.24.0-255,4257,55914,17,286569
22484,0.000357,172.31.36.0-255,66,55980,17,286569
22485,0.000461,74.125.24.0-255,381,56361,17,286569
22486,0.000575,74.125.24.0-255,1484,57845,17,286569
22487,0.000581,172.31.36.0-255,66,57911,17,286569
22488,0.000586,74.125.24.0-255,2902,60813,17,286569
22489,0.000588,172.31.36.0-255,66,60879,17,286569
22490,0.000591,74.125.24.0-255,1484,62363,17,286569
22491,0.000611,74.125.24.0-255,4320,66683,17,286569
22492,0.000614,172.31.36.0-255,66,66749,17,286569
22493,0.000643,74.125.24.0-255,1484,68233,17,286569
22494,0.000669,172.31.36.0-255,66,68299,17,286569
22495,0.000672,74.125.24.0-255,1484,69783,17,286569
22496,0.000701,172.31.36.0-255,66,69849,17,286569
22497,0.00151,74.125.24.0-255,1484,71333,17,286569
22498,0.001518,74.125.24.0-255,2902,74235,17,286569
22499,0.001522,172.31.36.0-255,66,74301,17,286569
22500,0.001528,74.125.24.0-255,2902,77203,17,286569
22501,0.00153,172.31.36.0-255,66,77269,17,286569
22502,0.001545,74.125.24.0-255,2902,80171,17,286569
22503,0.001547,172.31.36.0-255,66,80237,17,286569
22504,0.00156,172.31.36.0-255,66,80303,17,286569
22505,0.001591,74.125.24.0-255,1484,81787,17,286569
22506,0.001604,172.31.36.0-255,66,81853,17,286569
22507,0.001655,74.125.24.0-255,1484,83337,17,286569
22508,0.001659,74.125.24.0-255,1484,84821,17,286569
22509,0.001661,172.31.36.0-255,66,84887,17,286569
22510,0.001677,74.125.24.0-255,1484,86371,17,286569
22511,0.001683,74.125.24.0-255,5738,92109,17,286569
22512,0.001685,172.31.36.0-255,66,92175,17,286569
22513,0.0017,74.125.24.0-255,2902,95077,17,286569
22514,0.001702,172.31.36.0-255,66,95143,17,286569
22515,0.00173,172.31.36.0-255,66,95209,17,286569
22516,0.001743,172.31.36.0-255,66,95275,17,286569
22517,0.001764,74.125.24.0-255,766,96041,17,286569
22518,0.001768,74.125.24.0-255,1484,97525,17,286569
22519,0.001771,172.31.36.0-255,66,97591,17,286569
22520,0.0018,172.31.36.0-255,66,97657,17,286569
22521,0.001813,172.31.36.0-255,66,97723,17,286569
22522,0.001852,172.31.36.0-255,66,97789,17,286569
22523,0.001885,74.125.24.0-255,1484,99273,17,286569
22524,0.00189,74.125.24.0-255,2902,102175,17,286569
22525,0.001893,172.31.36.0-255,66,102241,17,286569
22526,0.001899,74.125.24.0-255,4320,106561,17,286569
22527,0.001901,172.31.36.0-255,66,106627,17,286569
22528,0.001912,74.125.24.0-255,1484,108111,17,286569
22529,0.001949,172.31.36.0-255,66,108177,17,286569
22530,0.00199,172.31.36.0-255,66,108243,17,286569
22531,0.00201,74.125.24.0-255,3602,111845,17,286569
22532,0.002013,172.31.36.0-255,66,111911,17,286569
22533,0.002025,172.31.36.0-255,66,111977,17,286569
22534,0.00204,74.125.24.0-255,2902,114879,17,286569
22535,0.002042,172.31.36.0-255,66,114945,17,286569
22536,0.004022,74.125.24.0-255,5738,120683,17,286569
22537,0.004031,172.31.36.0-255,66,120749,17,286569
22538,0.006056,74.125.24.0-255,5738,126487,17,286569
22539,0.006062,172.31.36.0-255,66,126553,17,286569
22540,0.008056,74.125.24.0-255,5738,132291,17,286569
22541,0.008062,172.31.36.0-255,66,132357,17,286569
22542,0.010081,74.125.24.0-255,5738,138095,17,286569
22543,0.010088,172.31.36.0-255,66,138161,17,286569
22544,0.012129,74.125.24.0-255,5738,143899,17,286569
22545,0.01214,172.31.36.0-255,66,143965,17,286569
22546,0.014169,74.125.24.0-255,5738,149703,17,286569
22547,0.014178,172.31.36.0-255,66,149769,17,286569
22548,0.01617,74.125.24.0-255,5738,155507,17,286569
22549,0.016181,172.31.36.0-255,66,155573,17,286569
22550,0.018169,74.125.24.0-255,5738,161311,17,286569
22551,0.018176,172.31.36.0-255,66,161377,17,286569
22552,0.020185,74.125.24.0-255,5738,167115,17,286569
22553,0.020193,172.31.36.0-255,66,167181,17,286569
22554,0.022185,74.125.24.0-255,5738,172919,17,286569
22555,0.022195,172.31.36.0-255,66,172985,17,286569
22556,0.024218,74.125.24.0-255,5738,178723,17,286569
22557,0.024228,172.31.36.0-255,66,178789,17,286569
22558,0.026197,74.125.24.0-255,5738,184527,17,286569
22559,0.026205,172.31.36.0-255,66,184593,17,286569
22560,0.026318,172.31.36.0-255,172,184765,17,286569
22561,0.026348,172.31.36.0-255,1117,185882,17,286569
22562,0.026405,172.31.36.0-255,1514,187396,17,286569
22563,0.026406,172.31.36.0-255,1273,188669,17,286569
22564,0.027836,104.244.42.0-255,66,188735,17,286569
22565,0.027902,104.244.42.0-255,66,188801,17,286569
22566,0.027973,104.244.42.0-255,66,188867,17,286569
22567,0.028202,74.125.24.0-255,5738,194605,17,286569
22568,0.028209,172.31.36.0-255,66,194671,17,286569
22569,0.03022,74.125.24.0-255,5738,200409,17,286569
22570,0.030228,172.31.36.0-255,66,200475,17,286569
22571,0.03222,74.125.24.0-255,5738,206213,17,286569
22572,0.032227,172.31.36.0-255,66,206279,17,286569
22573,0.034228,74.125.24.0-255,5738,212017,17,286569
22574,0.034235,172.31.36.0-255,66,212083,17,286569
22575,0.036237,74.125.24.0-255,5738,217821,17,286569
22576,0.036244,172.31.36.0-255,66,217887,17,286569
22577,0.038262,74.125.24.0-255,5738,223625,17,286569
22578,0.038269,172.31.36.0-255,66,223691,17,286569
22579,0.040294,74.125.24.0-255,5738,229429,17,286569
22580,0.040302,172.31.36.0-255,66,229495,17,286569
22581,0.04231,74.125.24.0-255,5738,235233,17,286569
22582,0.04232,172.31.36.0-255,66,235299,17,286569
22583,0.04432,74.125.24.0-255,5738,241037,17,286569
22584,0.044327,172.31.36.0-255,66,241103,17,286569
22585,0.046376,74.125.24.0-255,5738,246841,17,286569
22586,0.046383,172.31.36.0-255,66,246907,17,286569
22587,0.048391,74.125.24.0-255,5738,252645,17,286569
22588,0.048398,172.31.36.0-255,66,252711,17,286569
22589,0.050376,74.125.24.0-255,5738,258449,17,286569
22590,0.050383,172.31.36.0-255,66,258515,17,286569
22591,0.052415,74.125.24.0-255,5738,264253,17,286569
22592,0.052422,172.31.36.0-255,66,264319,17,286569
22593,0.054434,74.125.24.0-255,5738,270057,17,286569
22594,0.054442,172.31.36.0-255,66,270123,17,286569
22595,0.056445,74.125.24.0-255,5738,275861,17,286569
22596,0.056451,172.31.36.0-255,66,275927,17,286569
22597,0.058447,74.125.24.0-255,5738,281665,17,286569
22598,0.058454,172.31.36.0-255,66,281731,17,286569
22599,0.060513,74.125.24.0-255,4601,286332,17,286569
22600,0.060521,172.31.36.0-255,66,286398,17,286569
22601,0.0607,172.31.36.0-255,105,286503,17,286569
22602,0.062661,74.125.24.0-255,66,286569,17,286569
22603,0.0,74.125.24.0-255,150,150,17,332772
22604,2.8e-05,172.31.36.0-255,66,216,17,332772
22605,3.5e-05,74.125.24.0-255,1484,1700,17,332772
22606,4.1e-05,172.31.36.0-255,66,1766,17,332772
22607,4.7e-05,74.125.24.0-255,2902,4668,17,332772
22608,5.1e-05,172.31.36.0-255,66,4734,17,332772
22609,5.8e-05,74.125.24.0-255,7156,11890,17,332772
22610,6.1e-05,172.31.36.0-255,66,11956,17,332772
22611,6.5e-05,74.125.24.0-255,1978,13934,17,332772
22612,6.8e-05,172.31.36.0-255,66,14000,17,332772
22613,9.2e-05,74.125.24.0-255,2902,16902,17,332772
22614,9.6e-05,172.31.36.0-255,66,16968,17,332772
22615,9.9e-05,74.125.24.0-255,1484,18452,17,332772
22616,0.000101,172.31.36.0-255,66,18518,17,332772
22617,0.000123,74.125.24.0-255,5738,24256,17,332772
22618,0.000126,172.31.36.0-255,66,24322,17,332772
22619,0.000154,74.125.24.0-255,2902,27224,17,332772
22620,0.000157,172.31.36.0-255,66,27290,17,332772
22621,0.000179,74.125.24.0-255,3961,31251,17,332772
22622,0.000181,172.31.36.0-255,66,31317,17,332772
22623,0.000275,74.125.24.0-255,1484,32801,17,332772
22624,0.000279,172.31.36.0-255,66,32867,17,332772
22625,0.000285,74.125.24.0-255,2902,35769,17,332772
22626,0.000287,172.31.36.0-255,66,35835,17,332772
22627,0.00029,74.125.24.0-255,1484,37319,17,332772
22628,0.000292,172.31.36.0-255,66,37385,17,332772
22629,0.000318,74.125.24.0-255,4320,41705,17,332772
22630,0.000321,172.31.36.0-255,66,41771,17,332772
22631,0.000328,74.125.24.0-255,6797,48568,17,332772
22632,0.00033,172.31.36.0-255,66,48634,17,332772
22633,0.000363,172.31.36.0-255,66,48700,17,332772
22634,0.000367,74.125.24.0-255,2543,51243,17,332772
22635,0.000369,172.31.36.0-255,66,51309,17,332772
22636,0.000372,74.125.24.0-255,401,51710,17,332772
22637,0.000541,74.125.24.0-255,345,52055,17,332772
22638,0.00069,74.125.24.0-255,1484,53539,17,332772
22639,0.000695,172.31.36.0-255,66,53605,17,332772
22640,0.0007,74.125.24.0-255,2902,56507,17,332772
22641,0.000703,172.31.36.0-255,66,56573,17,332772
22642,0.000708,74.125.24.0-255,2902,59475,17,332772
22643,0.00071,172.31.36.0-255,66,59541,17,332772
22644,0.000743,74.125.24.0-255,7156,66697,17,332772
22645,0.000746,172.31.36.0-255,66,66763,17,332772
22646,0.00079,172.31.36.0-255,66,66829,17,332772
22647,0.000795,74.125.24.0-255,2543,69372,17,332772
22648,0.000797,172.31.36.0-255,66,69438,17,332772
22649,0.000948,74.125.24.0-255,1484,70922,17,332772
22650,0.000966,74.125.24.0-255,2902,73824,17,332772
22651,0.000969,172.31.36.0-255,66,73890,17,332772
22652,0.000994,74.125.24.0-255,5738,79628,17,332772
22653,0.000996,172.31.36.0-255,66,79694,17,332772
22654,0.001001,74.125.24.0-255,2902,82596,17,332772
22655,0.001004,172.31.36.0-255,66,82662,17,332772
22656,0.001018,74.125.24.0-255,4320,86982,17,332772
22657,0.00102,172.31.36.0-255,66,87048,17,332772
22658,0.001026,74.125.24.0-255,4320,91368,17,332772
22659,0.001028,172.31.36.0-255,66,91434,17,332772
22660,0.001065,172.31.36.0-255,66,91500,17,332772
22661,0.00107,74.125.24.0-255,2184,93684,17,332772
22662,0.001072,172.31.36.0-255,66,93750,17,332772
22663,0.001246,74.125.24.0-255,1484,95234,17,332772
22664,0.001269,74.125.24.0-255,2902,98136,17,332772
22665,0.001272,172.31.36.0-255,66,98202,17,332772
22666,0.00128,74.125.24.0-255,5738,103940,17,332772
22667,0.001282,172.31.36.0-255,66,104006,17,332772
22668,0.001285,74.125.24.0-255,1484,105490,17,332772
22669,0.001325,172.31.36.0-255,66,105556,17,332772
22670,0.001333,74.125.24.0-255,7156,112712,17,332772
22671,0.001336,172.31.36.0-255,66,112778,17,332772
22672,0.001352,74.125.24.0-255,3602,116380,17,332772
22673,0.001354,172.31.36.0-255,66,116446,17,332772
22674,0.001944,74.125.24.0-255,1484,117930,17,332772
22675,0.001965,74.125.24.0-255,2902,120832,17,332772
22676,0.001969,172.31.36.0-255,66,120898,17,332772
22677,0.001975,74.125.24.0-255,4320,125218,17,332772
22678,0.001977,172.31.36.0-255,66,125284,17,332772
22679,0.002017,172.31.36.0-255,66,125350,17,332772
22680,0.002022,74.125.24.0-255,2902,128252,17,332772
22681,0.002024,172.31.36.0-255,66,128318,17,332772
22682,0.002065,74.125.24.0-255,4320,132638,17,332772
22683,0.002069,172.31.36.0-255,66,132704,17,332772
22684,0.0021,172.31.36.0-255,66,132770,17,332772
22685,0.002103,74.125.24.0-255,766,133536,17,332772
22686,0.002206,74.125.24.0-255,1484,135020,17,332772
22687,0.00221,172.31.36.0-255,66,135086,17,332772
22688,0.002216,74.125.24.0-255,2902,137988,17,332772
22689,0.002218,172.31.36.0-255,66,138054,17,332772
22690,0.002223,74.125.24.0-255,2902,140956,17,332772
22691,0.002225,172.31.36.0-255,66,141022,17,332772
22692,0.002244,74.125.24.0-255,2902,143924,17,332772
22693,0.002246,172.31.36.0-255,66,143990,17,332772
22694,0.002266,74.125.24.0-255,5738,149728,17,332772
22695,0.002268,172.31.36.0-255,66,149794,17,332772
22696,0.0023,74.125.24.0-255,7156,156950,17,332772
22697,0.002303,172.31.36.0-255,66,157016,17,332772
22698,0.002307,74.125.24.0-255,2902,159918,17,332772
22699,0.002309,172.31.36.0-255,66,159984,17,332772
22700,0.004562,74.125.24.0-255,5738,165722,17,332772
22701,0.004568,172.31.36.0-255,66,165788,17,332772
22702,0.006809,74.125.24.0-255,2902,168690,17,332772
22703,0.006813,172.31.36.0-255,66,168756,17,332772
22704,0.00683,74.125.24.0-255,2902,171658,17,332772
22705,0.006832,172.31.36.0-255,66,171724,17,332772
22706,0.009086,74.125.24.0-255,5738,177462,17,332772
22707,0.009092,172.31.36.0-255,66,177528,17,332772
22708,0.01137,74.125.24.0-255,5738,183266,17,332772
22709,0.011377,172.31.36.0-255,66,183332,17,332772
22710,0.013648,74.125.24.0-255,5738,189070,17,332772
22711,0.013665,172.31.36.0-255,66,189136,17,332772
22712,0.016001,74.125.24.0-255,5738,194874,17,332772
22713,0.016015,172.31.36.0-255,66,194940,17,332772
22714,0.018326,74.125.24.0-255,5738,200678,17,332772
22715,0.018343,172.31.36.0-255,66,200744,17,332772
22716,0.020624,74.125.24.0-255,5738,206482,17,332772
22717,0.020632,172.31.36.0-255,66,206548,17,332772
22718,0.022895,74.125.24.0-255,5738,212286,17,332772
22719,0.022906,172.31.36.0-255,66,212352,17,332772
22720,0.025229,74.125.24.0-255,5738,218090,17,332772
22721,0.025244,172.31.36.0-255,66,218156,17,332772
22722,0.027515,74.125.24.0-255,5738,223894,17,332772
22723,0.027522,172.31.36.0-255,66,223960,17,332772
22724,0.029796,74.125.24.0-255,5738,229698,17,332772
22725,0.029804,172.31.36.0-255,66,229764,17,332772
22726,0.032064,74.125.24.0-255,5738,235502,17,332772
22727,0.032069,172.31.36.0-255,66,235568,17,332772
22728,0.034334,74.125.24.0-255,5738,241306,17,332772
22729,0.034342,172.31.36.0-255,66,241372,17,332772
22730,0.036602,74.125.24.0-255,5738,247110,17,332772
22731,0.036609,172.31.36.0-255,66,247176,17,332772
22732,0.038851,74.125.24.0-255,5738,252914,17,332772
22733,0.038859,172.31.36.0-255,66,252980,17,332772
22734,0.041055,172.31.36.0-255,172,253152,17,332772
22735,0.041085,172.31.36.0-255,1117,254269,17,332772
22736,0.041096,74.125.24.0-255,1484,255753,17,332772
22737,0.041123,74.125.24.0-255,4320,260073,17,332772
22738,0.041127,172.31.36.0-255,66,260139,17,332772
22739,0.041257,172.31.36.0-255,1514,261653,17,332772
22740,0.04126,172.31.36.0-255,1273,262926,17,332772
22741,0.042584,104.244.42.0-255,66,262992,17,332772
22742,0.042626,104.244.42.0-255,66,263058,17,332772
22743,0.042821,104.244.42.0-255,66,263124,17,332772
22744,0.043399,74.125.24.0-255,5738,268862,17,332772
22745,0.043407,172.31.36.0-255,66,268928,17,332772
22746,0.045708,74.125.24.0-255,5738,274666,17,332772
22747,0.045715,172.31.36.0-255,66,274732,17,332772
22748,0.048013,74.125.24.0-255,5738,280470,17,332772
22749,0.04802,172.31.36.0-255,66,280536,17,332772
22750,0.050295,74.125.24.0-255,5738,286274,17,332772
22751,0.050303,172.31.36.0-255,66,286340,17,332772
22752,0.052587,74.125.24.0-255,5738,292078,17,332772
22753,0.052593,172.31.36.0-255,66,292144,17,332772
22754,0.054871,74.125.24.0-255,5738,297882,17,332772
22755,0.054877,172.31.36.0-255,66,297948,17,332772
22756,0.057147,74.125.24.0-255,5738,303686,17,332772
22757,0.057153,172.31.36.0-255,66,303752,17,332772
22758,0.059432,74.125.24.0-255,5738,309490,17,332772
22759,0.05944,172.31.36.0-255,66,309556,17,332772
22760,0.061718,74.125.24.0-255,5738,315294,17,332772
22761,0.061724,172.31.36.0-255,66,315360,17,332772
22762,0.063988,74.125.24.0-255,5738,321098,17,332772
22763,0.063995,172.31.36.0-255,66,321164,17,332772
22764,0.066242,74.125.24.0-255,5738,326902,17,332772
22765,0.066248,172.31.36.0-255,66,326968,17,332772
22766,0.068505,74.125.24.0-255,5738,332706,17,332772
22767,0.068511,172.31.36.0-255,66,332772,17,332772
22768,0.0,74.125.68.0-255,151,151,17,398577
22769,2.4e-05,172.31.36.0-255,66,217,17,398577
22770,3.1e-05,74.125.68.0-255,1484,1701,17,398577
22771,3.6e-05,172.31.36.0-255,66,1767,17,398577
22772,4.3e-05,74.125.68.0-255,2902,4669,17,398577
22773,4.6e-05,172.31.36.0-255,66,4735,17,398577
22774,5.5e-05,74.125.68.0-255,7156,11891,17,398577
22775,5.8e-05,172.31.36.0-255,66,11957,17,398577
22776,6.3e-05,74.125.68.0-255,2084,14041,17,398577
22777,6.6e-05,172.31.36.0-255,66,14107,17,398577
22778,7.1e-05,74.125.68.0-255,2902,17009,17,398577
22779,7.4e-05,172.31.36.0-255,66,17075,17,398577
22780,9.8e-05,74.125.68.0-255,7156,24231,17,398577
22781,0.000101,172.31.36.0-255,66,24297,17,398577
22782,0.000106,74.125.68.0-255,2902,27199,17,398577
22783,0.000108,172.31.36.0-255,66,27265,17,398577
22784,0.000149,74.125.68.0-255,3961,31226,17,398577
22785,0.000152,172.31.36.0-255,66,31292,17,398577
22786,0.000218,74.125.68.0-255,1484,32776,17,398577
22787,0.000221,172.31.36.0-255,66,32842,17,398577
22788,0.00024,74.125.68.0-255,2902,35744,17,398577
22789,0.000243,172.31.36.0-255,66,35810,17,398577
22790,0.000269,74.125.68.0-255,4320,40130,17,398577
22791,0.000272,172.31.36.0-255,66,40196,17,398577
22792,0.000319,172.31.36.0-255,66,40262,17,398577
22793,0.000613,74.125.68.0-255,1484,41746,17,398577
22794,0.000619,172.31.36.0-255,66,41812,17,398577
22795,0.000624,74.125.68.0-255,1484,43296,17,398577
22796,0.000627,172.31.36.0-255,66,43362,17,398577
22797,0.000642,74.125.68.0-255,1484,44846,17,398577
22798,0.000644,172.31.36.0-255,66,44912,17,398577
22799,0.000652,74.125.68.0-255,5738,50650,17,398577
22800,0.000655,172.31.36.0-255,66,50716,17,398577
22801,0.000675,74.125.68.0-255,6797,57513,17,398577
22802,0.000677,172.31.36.0-255,66,57579,17,398577
22803,0.000785,74.125.68.0-255,1484,59063,17,398577
22804,0.000792,74.125.68.0-255,2902,61965,17,398577
22805,0.000796,172.31.36.0-255,66,62031,17,398577
22806,0.000814,74.125.68.0-255,2902,64933,17,398577
22807,0.000818,172.31.36.0-255,66,64999,17,398577
22808,0.000841,74.125.68.0-255,2902,67901,17,398577
22809,0.000844,172.31.36.0-255,66,67967,17,398577
22810,0.000853,74.125.68.0-255,6797,74764,17,398577
22811,0.000855,172.31.36.0-255,66,74830,17,398577
22812,0.000873,74.125.68.0-255,1484,76314,17,398577
22813,0.000877,74.125.68.0-255,2902,79216,17,398577
22814,0.00088,172.31.36.0-255,66,79282,17,398577
22815,0.000892,74.125.68.0-255,2902,82184,17,398577
22816,0.000895,172.31.36.0-255,66,82250,17,398577
22817,0.000907,74.125.68.0-255,2902,85152,17,398577
22818,0.00091,172.31.36.0-255,66,85218,17,398577
22819,0.00094,74.125.68.0-255,7156,92374,17,398577
22820,0.000953,172.31.36.0-255,66,92440,17,398577
22821,0.000956,172.31.36.0-255,66,92506,17,398577
22822,0.000992,74.125.68.0-255,1484,93990,17,398577
22823,0.001013,74.125.68.0-255,6438,100428,17,398577
22824,0.001016,172.31.36.0-255,66,100494,17,398577
22825,0.001035,74.125.68.0-255,1484,101978,17,398577
22826,0.001059,74.125.68.0-255,2902,104880,17,398577
22827,0.001062,172.31.36.0-255,66,104946,17,398577
22828,0.001087,74.125.68.0-255,5738,110684,17,398577
22829,0.00109,172.31.36.0-255,66,110750,17,398577
22830,0.001098,74.125.68.0-255,7156,117906,17,398577
22831,0.0011,172.31.36.0-255,66,117972,17,398577
22832,0.001132,172.31.36.0-255,66,118038,17,398577
22833,0.001155,74.125.68.0-255,5738,123776,17,398577
22834,0.001159,172.31.36.0-255,66,123842,17,398577
22835,0.001168,74.125.68.0-255,2184,126026,17,398577
22836,0.001171,172.31.36.0-255,66,126092,17,398577
22837,0.00128,74.125.68.0-255,1484,127576,17,398577
22838,0.001307,74.125.68.0-255,2902,130478,17,398577
22839,0.00131,172.31.36.0-255,66,130544,17,398577
22840,0.001316,74.125.68.0-255,2902,133446,17,398577
22841,0.001318,172.31.36.0-255,66,133512,17,398577
22842,0.001336,74.125.68.0-255,2902,136414,17,398577
22843,0.001338,172.31.36.0-255,66,136480,17,398577
22844,0.001343,74.125.68.0-255,2902,139382,17,398577
22845,0.001345,172.31.36.0-255,66,139448,17,398577
22846,0.00135,74.125.68.0-255,4320,143768,17,398577
22847,0.001352,172.31.36.0-255,66,143834,17,398577
22848,0.001355,74.125.68.0-255,1484,145318,17,398577
22849,0.001378,74.125.68.0-255,7156,152474,17,398577
22850,0.00138,172.31.36.0-255,66,152540,17,398577
22851,0.001386,74.125.68.0-255,4320,156860,17,398577
22852,0.001389,172.31.36.0-255,66,156926,17,398577
22853,0.001439,74.125.68.0-255,3602,160528,17,398577
22854,0.001443,172.31.36.0-255,66,160594,17,398577
22855,0.001548,74.125.68.0-255,1484,162078,17,398577
22856,0.001577,74.125.68.0-255,2902,164980,17,398577
22857,0.00158,172.31.36.0-255,66,165046,17,398577
22858,0.001584,74.125.68.0-255,1484,166530,17,398577
22859,0.001589,74.125.68.0-255,2902,169432,17,398577
22860,0.001591,172.31.36.0-255,66,169498,17,398577
22861,0.001596,74.125.68.0-255,2902,172400,17,398577
22862,0.001598,172.31.36.0-255,66,172466,17,398577
22863,0.001621,74.125.68.0-255,2902,175368,17,398577
22864,0.001623,172.31.36.0-255,66,175434,17,398577
22865,0.001638,74.125.68.0-255,4320,179754,17,398577
22866,0.001641,172.31.36.0-255,66,179820,17,398577
22867,0.001656,74.125.68.0-255,5738,185558,17,398577
22868,0.001658,172.31.36.0-255,66,185624,17,398577
22869,0.001686,74.125.68.0-255,4320,189944,17,398577
22870,0.001689,172.31.36.0-255,66,190010,17,398577
22871,0.00171,74.125.68.0-255,5020,195030,17,398577
22872,0.001713,172.31.36.0-255,66,195096,17,398577
22873,0.001774,74.125.68.0-255,1484,196580,17,398577
22874,0.00179,74.125.68.0-255,2902,199482,17,398577
22875,0.001793,172.31.36.0-255,66,199548,17,398577
22876,0.001816,74.125.68.0-255,5738,205286,17,398577
22877,0.001819,172.31.36.0-255,66,205352,17,398577
22878,0.001822,74.125.68.0-255,1484,206836,17,398577
22879,0.001843,74.125.68.0-255,7156,213992,17,398577
22880,0.001845,172.31.36.0-255,66,214058,17,398577
22881,0.00185,74.125.68.0-255,2902,216960,17,398577
22882,0.001852,172.31.36.0-255,66,217026,17,398577
22883,0.001872,74.125.68.0-255,7156,224182,17,398577
22884,0.001875,172.31.36.0-255,66,224248,17,398577
22885,0.001878,74.125.68.0-255,1484,225732,17,398577
22886,0.001902,74.125.68.0-255,3602,229334,17,398577
22887,0.001905,172.31.36.0-255,66,229400,17,398577
22888,0.002063,74.125.68.0-255,1484,230884,17,398577
22889,0.002066,74.125.68.0-255,1484,232368,17,398577
22890,0.002072,172.31.36.0-255,66,232434,17,398577
22891,0.002081,74.125.68.0-255,1484,233918,17,398577
22892,0.002086,74.125.68.0-255,2902,236820,17,398577
22893,0.002088,172.31.36.0-255,66,236886,17,398577
22894,0.002093,74.125.68.0-255,2902,239788,17,398577
22895,0.002095,172.31.36.0-255,66,239854,17,398577
22896,0.002117,74.125.68.0-255,1484,241338,17,398577
22897,0.002122,74.125.68.0-255,2902,244240,17,398577
22898,0.002124,172.31.36.0-255,66,244306,17,398577
22899,0.002154,74.125.68.0-255,5738,250044,17,398577
22900,0.002157,172.31.36.0-255,66,250110,17,398577
22901,0.002164,74.125.68.0-255,5738,255848,17,398577
22902,0.002166,172.31.36.0-255,66,255914,17,398577
22903,0.002174,74.125.68.0-255,7156,263070,17,398577
22904,0.002177,172.31.36.0-255,66,263136,17,398577
22905,0.00218,74.125.68.0-255,766,263902,17,398577
22906,0.002261,74.125.68.0-255,1484,265386,17,398577
22907,0.002265,172.31.36.0-255,66,265452,17,398577
22908,0.002287,74.125.68.0-255,2902,268354,17,398577
22909,0.002289,172.31.36.0-255,66,268420,17,398577
22910,0.002293,74.125.68.0-255,1484,269904,17,398577
22911,0.004541,74.125.68.0-255,1484,271388,17,398577
22912,0.004548,172.31.36.0-255,66,271454,17,398577
22913,0.004572,74.125.68.0-255,2902,274356,17,398577
22914,0.004575,172.31.36.0-255,66,274422,17,398577
22915,0.006848,74.125.68.0-255,2902,277324,17,398577
22916,0.006854,172.31.36.0-255,66,277390,17,398577
22917,0.006875,74.125.68.0-255,2902,280292,17,398577
22918,0.006877,172.31.36.0-255,66,280358,17,398577
22919,0.009157,74.125.68.0-255,4320,284678,17,398577
22920,0.009162,172.31.36.0-255,66,284744,17,398577
22921,0.009181,74.125.68.0-255,1484,286228,17,398577
22922,0.011459,74.125.68.0-255,4320,290548,17,398577
22923,0.011467,172.31.36.0-255,66,290614,17,398577
22924,0.013752,74.125.68.0-255,5738,296352,17,398577
22925,0.013761,172.31.36.0-255,66,296418,17,398577
22926,0.01606,74.125.68.0-255,5738,302156,17,398577
22927,0.016071,172.31.36.0-255,66,302222,17,398577
22928,0.018358,74.125.68.0-255,5738,307960,17,398577
22929,0.018368,172.31.36.0-255,66,308026,17,398577
22930,0.020661,74.125.68.0-255,5738,313764,17,398577
22931,0.020672,172.31.36.0-255,66,313830,17,398577
22932,0.022976,74.125.68.0-255,5738,319568,17,398577
22933,0.022985,172.31.36.0-255,66,319634,17,398577
22934,0.025276,74.125.68.0-255,5738,325372,17,398577
22935,0.025283,172.31.36.0-255,66,325438,17,398577
22936,0.027567,74.125.68.0-255,5738,331176,17,398577
22937,0.027575,172.31.36.0-255,66,331242,17,398577
22938,0.029864,74.125.68.0-255,5738,336980,17,398577
22939,0.029872,172.31.36.0-255,66,337046,17,398577
22940,0.032165,74.125.68.0-255,5738,342784,17,398577
22941,0.032172,172.31.36.0-255,66,342850,17,398577
22942,0.03446,74.125.68.0-255,5738,348588,17,398577
22943,0.034468,172.31.36.0-255,66,348654,17,398577
22944,0.035794,172.31.36.0-255,172,348826,17,398577
22945,0.035829,172.31.36.0-255,1117,349943,17,398577
22946,0.03589,172.31.36.0-255,1514,351457,17,398577
22947,0.035891,172.31.36.0-255,1271,352728,17,398577
22948,0.036772,74.125.68.0-255,5738,358466,17,398577
22949,0.03678,172.31.36.0-255,66,358532,17,398577
22950,0.037319,104.244.42.0-255,66,358598,17,398577
22951,0.037354,104.244.42.0-255,66,358664,17,398577
22952,0.03747,104.244.42.0-255,66,358730,17,398577
22953,0.039064,74.125.68.0-255,5738,364468,17,398577
22954,0.039071,172.31.36.0-255,66,364534,17,398577
22955,0.041368,74.125.68.0-255,5738,370272,17,398577
22956,0.041375,172.31.36.0-255,66,370338,17,398577
22957,0.043676,74.125.68.0-255,5738,376076,17,398577
22958,0.043683,172.31.36.0-255,66,376142,17,398577
22959,0.045972,74.125.68.0-255,5738,381880,17,398577
22960,0.045979,172.31.36.0-255,66,381946,17,398577
22961,0.048263,74.125.68.0-255,5738,387684,17,398577
22962,0.048272,172.31.36.0-255,66,387750,17,398577
22963,0.050558,74.125.68.0-255,5738,393488,17,398577
22964,0.050564,172.31.36.0-255,66,393554,17,398577
22965,0.052866,74.125.68.0-255,4786,398340,17,398577
22966,0.052876,172.31.36.0-255,66,398406,17,398577
22967,0.053077,172.31.36.0-255,105,398511,17,398577
22968,0.055335,74.125.68.0-255,66,398577,17,398577
22969,0.0,74.125.200.0-255,298,298,17,338382
22970,3e-05,172.31.36.0-255,66,364,17,338382
22971,3.6e-05,74.125.200.0-255,1484,1848,17,338382
22972,4.2e-05,172.31.36.0-255,66,1914,17,338382
22973,4.7e-05,74.125.200.0-255,2902,4816,17,338382
22974,5.1e-05,172.31.36.0-255,66,4882,17,338382
22975,5.6e-05,74.125.200.0-255,4320,9202,17,338382
22976,5.8e-05,172.31.36.0-255,66,9268,17,338382
22977,8.7e-05,74.125.200.0-255,4695,13963,17,338382
22978,9.3e-05,172.31.36.0-255,66,14029,17,338382
22979,0.000116,74.125.200.0-255,5738,19767,17,338382
22980,0.000118,172.31.36.0-255,66,19833,17,338382
22981,0.000123,74.125.200.0-255,2902,22735,17,338382
22982,0.000125,172.31.36.0-255,66,22801,17,338382
22983,0.000162,172.31.36.0-255,66,22867,17,338382
22984,0.000348,74.125.200.0-255,1484,24351,17,338382
22985,0.000352,172.31.36.0-255,66,24417,17,338382
22986,0.000358,74.125.200.0-255,2902,27319,17,338382
22987,0.000361,172.31.36.0-255,66,27385,17,338382
22988,0.00038,74.125.200.0-255,1484,28869,17,338382
22989,0.000382,172.31.36.0-255,66,28935,17,338382
22990,0.000386,74.125.200.0-255,2902,31837,17,338382
22991,0.000388,172.31.36.0-255,66,31903,17,338382
22992,0.000413,74.125.200.0-255,5738,37641,17,338382
22993,0.000416,172.31.36.0-255,66,37707,17,338382
22994,0.000452,172.31.36.0-255,66,37773,17,338382
22995,0.000465,172.31.36.0-255,66,37839,17,338382
22996,0.000468,74.125.200.0-255,766,38605,17,338382
22997,0.00047,172.31.36.0-255,66,38671,17,338382
22998,0.000502,74.125.200.0-255,362,39033,17,338382
22999,0.000546,74.125.200.0-255,133,39166,17,338382
23000,0.00061,74.125.200.0-255,1484,40650,17,338382
23001,0.000615,172.31.36.0-255,66,40716,17,338382
23002,0.00062,74.125.200.0-255,2902,43618,17,338382
23003,0.000623,172.31.36.0-255,66,43684,17,338382
23004,0.000625,74.125.200.0-255,1484,45168,17,338382
23005,0.000661,74.125.200.0-255,2902,48070,17,338382
23006,0.000664,172.31.36.0-255,66,48136,17,338382
23007,0.000671,74.125.200.0-255,5738,53874,17,338382
23008,0.000674,172.31.36.0-255,66,53940,17,338382
23009,0.00069,74.125.200.0-255,5738,59678,17,338382
23010,0.000694,74.125.200.0-255,2902,62580,17,338382
23011,0.000696,172.31.36.0-255,66,62646,17,338382
23012,0.000699,172.31.36.0-255,66,62712,17,338382
23013,0.000717,74.125.200.0-255,4320,67032,17,338382
23014,0.000721,172.31.36.0-255,66,67098,17,338382
23015,0.000724,74.125.200.0-255,1484,68582,17,338382
23016,0.000736,74.125.200.0-255,1484,70066,17,338382
23017,0.000739,172.31.36.0-255,66,70132,17,338382
23018,0.000745,74.125.200.0-255,3602,73734,17,338382
23019,0.000747,172.31.36.0-255,66,73800,17,338382
23020,0.000764,74.125.200.0-255,346,74146,17,338382
23021,0.001141,172.31.36.0-255,66,74212,17,338382
23022,0.001237,74.125.200.0-255,1484,75696,17,338382
23023,0.00127,74.125.200.0-255,2902,78598,17,338382
23024,0.001274,172.31.36.0-255,66,78664,17,338382
23025,0.001295,74.125.200.0-255,2902,81566,17,338382
23026,0.001298,172.31.36.0-255,66,81632,17,338382
23027,0.001302,74.125.200.0-255,1484,83116,17,338382
23028,0.001318,74.125.200.0-255,2902,86018,17,338382
23029,0.001321,172.31.36.0-255,66,86084,17,338382
23030,0.001341,74.125.200.0-255,5738,91822,17,338382
23031,0.001344,172.31.36.0-255,66,91888,17,338382
23032,0.00136,74.125.200.0-255,1484,93372,17,338382
23033,0.001384,74.125.200.0-255,4320,97692,17,338382
23034,0.001388,172.31.36.0-255,66,97758,17,338382
23035,0.001409,74.125.200.0-255,4320,102078,17,338382
23036,0.001413,172.31.36.0-255,66,102144,17,338382
23037,0.001449,74.125.200.0-255,6438,108582,17,338382
23038,0.001452,172.31.36.0-255,66,108648,17,338382
23039,0.001827,74.125.200.0-255,1484,110132,17,338382
23040,0.001835,74.125.200.0-255,2902,113034,17,338382
23041,0.00184,172.31.36.0-255,66,113100,17,338382
23042,0.001847,74.125.200.0-255,4320,117420,17,338382
23043,0.001852,172.31.36.0-255,66,117486,17,338382
23044,0.001889,172.31.36.0-255,66,117552,17,338382
23045,0.001897,74.125.200.0-255,7156,124708,17,338382
23046,0.001899,172.31.36.0-255,66,124774,17,338382
23047,0.001903,74.125.200.0-255,1484,126258,17,338382
23048,0.00193,74.125.200.0-255,7156,133414,17,338382
23049,0.001933,172.31.36.0-255,66,133480,17,338382
23050,0.001936,74.125.200.0-255,766,134246,17,338382
23051,0.002026,74.125.200.0-255,1484,135730,17,338382
23052,0.002031,172.31.36.0-255,66,135796,17,338382
23053,0.002055,74.125.200.0-255,2902,138698,17,338382
23054,0.002059,172.31.36.0-255,66,138764,17,338382
23055,0.002064,74.125.200.0-255,5738,144502,17,338382
23056,0.002066,172.31.36.0-255,66,144568,17,338382
23057,0.002105,172.31.36.0-255,66,144634,17,338382
23058,0.002112,74.125.200.0-255,5738,150372,17,338382
23059,0.002114,172.31.36.0-255,66,150438,17,338382
23060,0.002153,74.125.200.0-255,2902,153340,17,338382
23061,0.002155,172.31.36.0-255,66,153406,17,338382
23062,0.002173,172.31.36.0-255,66,153472,17,338382
23063,0.002213,172.31.36.0-255,66,153538,17,338382
23064,0.002218,74.125.200.0-255,7156,160694,17,338382
23065,0.002221,172.31.36.0-255,66,160760,17,338382
23066,0.002245,74.125.200.0-255,2902,163662,17,338382
23067,0.002247,172.31.36.0-255,66,163728,17,338382
23068,0.002263,74.125.200.0-255,3602,167330,17,338382
23069,0.002265,172.31.36.0-255,66,167396,17,338382
23070,0.002298,74.125.200.0-255,2902,170298,17,338382
23071,0.0023,172.31.36.0-255,66,170364,17,338382
23072,0.004526,74.125.200.0-255,2902,173266,17,338382
23073,0.004534,172.31.36.0-255,66,173332,17,338382
23074,0.004564,74.125.200.0-255,2902,176234,17,338382
23075,0.004568,172.31.36.0-255,66,176300,17,338382
23076,0.006807,74.125.200.0-255,2902,179202,17,338382
23077,0.006812,172.31.36.0-255,66,179268,17,338382
23078,0.006836,74.125.200.0-255,2902,182170,17,338382
23079,0.006838,172.31.36.0-255,66,182236,17,338382
23080,0.009124,74.125.200.0-255,2902,185138,17,338382
23081,0.009131,172.31.36.0-255,66,185204,17,338382
23082,0.00917,74.125.200.0-255,2902,188106,17,338382
23083,0.009174,172.31.36.0-255,66,188172,17,338382
23084,0.011411,74.125.200.0-255,2902,191074,17,338382
23085,0.011418,172.31.36.0-255,66,191140,17,338382
23086,0.011442,74.125.200.0-255,2902,194042,17,338382
23087,0.011445,172.31.36.0-255,66,194108,17,338382
23088,0.013692,74.125.200.0-255,2902,197010,17,338382
23089,0.013699,172.31.36.0-255,66,197076,17,338382
23090,0.013712,74.125.200.0-255,2902,199978,17,338382
23091,0.013715,172.31.36.0-255,66,200044,17,338382
23092,0.015973,74.125.200.0-255,5738,205782,17,338382
23093,0.015983,172.31.36.0-255,66,205848,17,338382
23094,0.018262,74.125.200.0-255,5738,211586,17,338382
23095,0.01827,172.31.36.0-255,66,211652,17,338382
23096,0.020542,74.125.200.0-255,5738,217390,17,338382
23097,0.02055,172.31.36.0-255,66,217456,17,338382
23098,0.022826,74.125.200.0-255,5738,223194,17,338382
23099,0.022832,172.31.36.0-255,66,223260,17,338382
23100,0.025101,74.125.200.0-255,5738,228998,17,338382
23101,0.025107,172.31.36.0-255,66,229064,17,338382
23102,0.027381,74.125.200.0-255,5738,234802,17,338382
23103,0.027388,172.31.36.0-255,66,234868,17,338382
23104,0.02831,172.31.36.0-255,176,235044,17,338382
23105,0.028339,172.31.36.0-255,1118,236162,17,338382
23106,0.028383,172.31.36.0-255,1514,237676,17,338382
23107,0.028385,172.31.36.0-255,1270,238946,17,338382
23108,0.029657,74.125.200.0-255,5738,244684,17,338382
23109,0.029663,172.31.36.0-255,66,244750,17,338382
23110,0.029852,104.244.42.0-255,66,244816,17,338382
23111,0.029898,104.244.42.0-255,66,244882,17,338382
23112,0.029949,104.244.42.0-255,66,244948,17,338382
23113,0.030624,104.244.42.0-255,108,245056,17,338382
23114,0.030647,172.31.36.0-255,66,245122,17,338382
23115,0.031941,74.125.200.0-255,5738,250860,17,338382
23116,0.031947,172.31.36.0-255,66,250926,17,338382
23117,0.034215,74.125.200.0-255,5738,256664,17,338382
23118,0.034221,172.31.36.0-255,66,256730,17,338382
23119,0.036482,74.125.200.0-255,4320,261050,17,338382
23120,0.036488,172.31.36.0-255,66,261116,17,338382
23121,0.03652,74.125.200.0-255,1484,262600,17,338382
23122,0.03875,74.125.200.0-255,4320,266920,17,338382
23123,0.038755,172.31.36.0-255,66,266986,17,338382
23124,0.04102,74.125.200.0-255,5738,272724,17,338382
23125,0.041025,172.31.36.0-255,66,272790,17,338382
23126,0.043291,74.125.200.0-255,5738,278528,17,338382
23127,0.043297,172.31.36.0-255,66,278594,17,338382
23128,0.045606,74.125.200.0-255,5738,284332,17,338382
23129,0.045611,172.31.36.0-255,66,284398,17,338382
23130,0.047876,74.125.200.0-255,5738,290136,17,338382
23131,0.047882,172.31.36.0-255,66,290202,17,338382
23132,0.050141,74.125.200.0-255,4320,294522,17,338382
23133,0.050146,172.31.36.0-255,66,294588,17,338382
23134,0.050178,74.125.200.0-255,1484,296072,17,338382
23135,0.052407,74.125.200.0-255,4320,300392,17,338382
23136,0.052412,172.31.36.0-255,66,300458,17,338382
23137,0.054686,74.125.200.0-255,5738,306196,17,338382
23138,0.054692,172.31.36.0-255,66,306262,17,338382
23139,0.056968,74.125.200.0-255,4320,310582,17,338382
23140,0.056974,172.31.36.0-255,66,310648,17,338382
23141,0.057002,74.125.200.0-255,1484,312132,17,338382
23142,0.059251,74.125.200.0-255,4320,316452,17,338382
23143,0.059255,172.31.36.0-255,66,316518,17,338382
23144,0.061522,74.125.200.0-255,4320,320838,17,338382
23145,0.061527,172.31.36.0-255,66,320904,17,338382
23146,0.061565,74.125.200.0-255,1484,322388,17,338382
23147,0.063798,74.125.200.0-255,4320,326708,17,338382
23148,0.063804,172.31.36.0-255,66,326774,17,338382
23149,0.06608,74.125.200.0-255,5738,332512,17,338382
23150,0.066086,172.31.36.0-255,66,332578,17,338382
23151,0.068357,74.125.200.0-255,5738,338316,17,338382
23152,0.068362,172.31.36.0-255,66,338382,17,338382
23153,0.0,172.217.194.0-255,148,148,17,301834
23154,2.5e-05,172.31.36.0-255,66,214,17,301834
23155,3.2e-05,172.217.194.0-255,1484,1698,17,301834
23156,3.8e-05,172.31.36.0-255,66,1764,17,301834
23157,4.4e-05,172.217.194.0-255,2902,4666,17,301834
23158,5.6e-05,172.31.36.0-255,66,4732,17,301834
23159,6.4e-05,172.217.194.0-255,7156,11888,17,301834
23160,6.8e-05,172.31.36.0-255,66,11954,17,301834
23161,8.2e-05,172.31.36.0-255,66,12020,17,301834
23162,8.8e-05,172.217.194.0-255,4320,16340,17,301834
23163,9.1e-05,172.31.36.0-255,66,16406,17,301834
23164,0.000118,172.217.194.0-255,5379,21785,17,301834
23165,0.000125,172.31.36.0-255,66,21851,17,301834
23166,0.000129,172.217.194.0-255,1484,23335,17,301834
23167,0.000131,172.31.36.0-255,66,23401,17,301834
23168,0.000172,172.31.36.0-255,66,23467,17,301834
23169,0.000182,172.31.36.0-255,66,23533,17,301834
23170,0.000228,172.31.36.0-255,66,23599,17,301834
23171,0.000231,172.217.194.0-255,98,23697,17,301834
23172,0.000233,172.31.36.0-255,66,23763,17,301834
23173,0.000353,172.217.194.0-255,1484,25247,17,301834
23174,0.000357,172.31.36.0-255,66,25313,17,301834
23175,0.000364,172.217.194.0-255,2902,28215,17,301834
23176,0.000367,172.31.36.0-255,66,28281,17,301834
23177,0.000373,172.217.194.0-255,4320,32601,17,301834
23178,0.00038,172.31.36.0-255,66,32667,17,301834
23179,0.000405,172.217.194.0-255,1484,34151,17,301834
23180,0.000407,172.31.36.0-255,66,34217,17,301834
23181,0.000427,172.217.194.0-255,5738,39955,17,301834
23182,0.000454,172.217.194.0-255,4739,44694,17,301834
23183,0.000502,172.217.194.0-255,1484,46178,17,301834
23184,0.000517,172.217.194.0-255,2902,49080,17,301834
23185,0.000532,172.217.194.0-255,5738,54818,17,301834
23186,0.000606,172.217.194.0-255,2902,57720,17,301834
23187,0.00061,172.217.194.0-255,2184,59904,17,301834
23188,0.000683,172.31.36.0-255,66,59970,17,301834
23189,0.001538,172.217.194.0-255,1484,61454,17,301834
23190,0.001545,172.217.194.0-255,2902,64356,17,301834
23191,0.001549,172.31.36.0-255,66,64422,17,301834
23192,0.001556,172.217.194.0-255,5738,70160,17,301834
23193,0.001591,172.217.194.0-255,4320,74480,17,301834
23194,0.001602,172.31.36.0-255,66,74546,17,301834
23195,0.001628,172.217.194.0-255,7156,81702,17,301834
23196,0.001634,172.31.36.0-255,66,81768,17,301834
23197,0.001659,172.217.194.0-255,3602,85370,17,301834
23198,0.00167,172.31.36.0-255,66,85436,17,301834
23199,0.001713,172.217.194.0-255,1484,86920,17,301834
23200,0.001717,172.217.194.0-255,2902,89822,17,301834
23201,0.00172,172.31.36.0-255,66,89888,17,301834
23202,0.001724,172.217.194.0-255,1484,91372,17,301834
23203,0.001753,172.217.194.0-255,4320,95692,17,301834
23204,0.00176,172.217.194.0-255,5738,101430,17,301834
23205,0.001765,172.31.36.0-255,66,101496,17,301834
23206,0.001776,172.217.194.0-255,7156,108652,17,301834
23207,0.001787,172.31.36.0-255,66,108718,17,301834
23208,0.00182,172.217.194.0-255,5738,114456,17,301834
23209,0.001828,172.31.36.0-255,66,114522,17,301834
23210,0.00185,172.217.194.0-255,5020,119542,17,301834
23211,0.001866,172.31.36.0-255,66,119608,17,301834
23212,0.001897,172.217.194.0-255,1484,121092,17,301834
23213,0.00192,172.217.194.0-255,2902,123994,17,301834
23214,0.001926,172.217.194.0-255,5738,129732,17,301834
23215,0.001948,172.217.194.0-255,5738,135470,17,301834
23216,0.001955,172.31.36.0-255,66,135536,17,301834
23217,0.001993,172.217.194.0-255,7156,142692,17,301834
23218,0.002027,172.31.36.0-255,66,142758,17,301834
23219,0.002066,172.217.194.0-255,5738,148496,17,301834
23220,0.00208,172.217.194.0-255,2184,150680,17,301834
23221,0.002096,172.31.36.0-255,66,150746,17,301834
23222,0.004368,172.217.194.0-255,5738,156484,17,301834
23223,0.004378,172.31.36.0-255,66,156550,17,301834
23224,0.00666,172.217.194.0-255,5738,162288,17,301834
23225,0.01013,172.31.36.0-255,66,162354,17,301834
23226,0.012417,172.217.194.0-255,5738,168092,17,301834
23227,0.012432,172.31.36.0-255,66,168158,17,301834
23228,0.014757,172.217.194.0-255,5738,173896,17,301834
23229,0.014926,172.31.36.0-255,66,173962,17,301834
23230,0.017234,172.217.194.0-255,5738,179700,17,301834
23231,0.017244,172.31.36.0-255,66,179766,17,301834
23232,0.019536,172.217.194.0-255,5738,185504,17,301834
23233,0.019548,172.31.36.0-255,66,185570,17,301834
23234,0.021816,172.217.194.0-255,5738,191308,17,301834
23235,0.021825,172.31.36.0-255,66,191374,17,301834
23236,0.02411,172.217.194.0-255,5738,197112,17,301834
23237,0.02412,172.31.36.0-255,66,197178,17,301834
23238,0.026371,172.217.194.0-255,5738,202916,17,301834
23239,0.026379,172.31.36.0-255,66,202982,17,301834
23240,0.028644,172.217.194.0-255,5738,208720,17,301834
23241,0.028653,172.31.36.0-255,66,208786,17,301834
23242,0.030926,172.217.194.0-255,5738,214524,17,301834
23243,0.030936,172.31.36.0-255,66,214590,17,301834
23244,0.031629,172.31.36.0-255,172,214762,17,301834
23245,0.031663,172.31.36.0-255,1116,215878,17,301834
23246,0.031728,172.31.36.0-255,1514,217392,17,301834
23247,0.031751,172.31.36.0-255,1272,218664,17,301834
23248,0.033184,104.244.42.0-255,66,218730,17,301834
23249,0.033237,104.244.42.0-255,66,218796,17,301834
23250,0.03327,172.217.194.0-255,5738,224534,17,301834
23251,0.033275,172.31.36.0-255,66,224600,17,301834
23252,0.033308,104.244.42.0-255,66,224666,17,301834
23253,0.035564,172.217.194.0-255,5738,230404,17,301834
23254,0.035572,172.31.36.0-255,66,230470,17,301834
23255,0.037867,172.217.194.0-255,5738,236208,17,301834
23256,0.037875,172.31.36.0-255,66,236274,17,301834
23257,0.040137,172.217.194.0-255,5738,242012,17,301834
23258,0.040144,172.31.36.0-255,66,242078,17,301834
23259,0.042432,172.217.194.0-255,5738,247816,17,301834
23260,0.042439,172.31.36.0-255,66,247882,17,301834
23261,0.044736,172.217.194.0-255,5738,253620,17,301834
23262,0.044743,172.31.36.0-255,66,253686,17,301834
23263,0.047036,172.217.194.0-255,5738,259424,17,301834
23264,0.047042,172.31.36.0-255,66,259490,17,301834
23265,0.049323,172.217.194.0-255,5738,265228,17,301834
23266,0.04933,172.31.36.0-255,66,265294,17,301834
23267,0.051589,172.217.194.0-255,5738,271032,17,301834
23268,0.051595,172.31.36.0-255,66,271098,17,301834
23269,0.053867,172.217.194.0-255,5738,276836,17,301834
23270,0.053876,172.31.36.0-255,66,276902,17,301834
23271,0.056154,172.217.194.0-255,5738,282640,17,301834
23272,0.05616,172.31.36.0-255,66,282706,17,301834
23273,0.058452,172.217.194.0-255,5738,288444,17,301834
23274,0.058461,172.31.36.0-255,66,288510,17,301834
23275,0.060727,172.217.194.0-255,5738,294248,17,301834
23276,0.060733,172.31.36.0-255,66,294314,17,301834
23277,0.062995,172.217.194.0-255,5738,300052,17,301834
23278,0.063002,172.31.36.0-255,66,300118,17,301834
23279,0.065249,172.217.194.0-255,1479,301597,17,301834
23280,0.065373,172.31.36.0-255,66,301663,17,301834
23281,0.065411,172.31.36.0-255,105,301768,17,301834
23282,0.06766,172.217.194.0-255,66,301834,17,301834
23283,0.0,172.217.194.0-255,146,146,17,76654
23284,1.7e-05,172.31.36.0-255,66,212,17,76654
23285,2.5e-05,172.217.194.0-255,1484,1696,17,76654
23286,2.9e-05,172.31.36.0-255,66,1762,17,76654
23287,3.4e-05,172.217.194.0-255,2902,4664,17,76654
23288,4.5e-05,172.31.36.0-255,66,4730,17,76654
23289,8.3e-05,172.217.194.0-255,7156,11886,17,76654
23290,8.6e-05,172.31.36.0-255,66,11952,17,76654
23291,0.00018,172.217.194.0-255,5738,17690,17,76654
23292,0.000183,172.31.36.0-255,66,17756,17,76654
23293,0.000218,172.31.36.0-255,66,17822,17,76654
23294,0.000453,172.217.194.0-255,2543,20365,17,76654
23295,0.000459,172.31.36.0-255,66,20431,17,76654
23296,0.000515,172.217.194.0-255,7156,27587,17,76654
23297,0.00052,172.31.36.0-255,66,27653,17,76654
23298,0.00056,172.31.36.0-255,66,27719,17,76654
23299,0.00085,172.31.36.0-255,66,27785,17,76654
23300,0.000888,172.217.194.0-255,4274,32059,17,76654
23301,0.000892,172.31.36.0-255,66,32125,17,76654
23302,0.001073,172.31.36.0-255,66,32191,17,76654
23303,0.00112,172.31.36.0-255,66,32257,17,76654
23304,0.001648,172.31.36.0-255,66,32323,17,76654
23305,0.001902,172.217.194.0-255,7156,39479,17,76654
23306,0.001906,172.31.36.0-255,66,39545,17,76654
23307,0.001956,172.31.36.0-255,66,39611,17,76654
23308,0.002465,172.217.194.0-255,4320,43931,17,76654
23309,0.002468,172.31.36.0-255,66,43997,17,76654
23310,0.002518,172.31.36.0-255,66,44063,17,76654
23311,0.00256,172.31.36.0-255,66,44129,17,76654
23312,0.003348,172.217.194.0-255,2902,47031,17,76654
23313,0.003351,172.31.36.0-255,66,47097,17,76654
23314,0.003402,172.31.36.0-255,66,47163,17,76654
23315,0.003429,172.217.194.0-255,1484,48647,17,76654
23316,0.003432,172.31.36.0-255,66,48713,17,76654
23317,0.004135,172.217.194.0-255,2902,51615,17,76654
23318,0.004139,172.31.36.0-255,66,51681,17,76654
23319,0.004177,172.217.194.0-255,5738,57419,17,76654
23320,0.004179,172.31.36.0-255,66,57485,17,76654
23321,0.004247,172.31.36.0-255,66,57551,17,76654
23322,0.004281,172.31.36.0-255,66,57617,17,76654
23323,0.005068,172.217.194.0-255,7156,64773,17,76654
23324,0.005074,172.31.36.0-255,66,64839,17,76654
23325,0.005219,172.31.36.0-255,66,64905,17,76654
23326,0.00595,172.217.194.0-255,7156,72061,17,76654
23327,0.005955,172.31.36.0-255,66,72127,17,76654
23328,0.006008,172.31.36.0-255,66,72193,17,76654
23329,0.008093,172.31.36.0-255,105,72298,17,76654
23330,0.010102,172.217.194.0-255,66,72364,17,76654
23331,0.031365,172.31.36.0-255,188,72552,17,76654
23332,0.031397,172.31.36.0-255,961,73513,17,76654
23333,0.031456,172.31.36.0-255,1514,75027,17,76654
23334,0.031458,172.31.36.0-255,1429,76456,17,76654
23335,0.032922,104.244.42.0-255,66,76522,17,76654
23336,0.032953,104.244.42.0-255,66,76588,17,76654
23337,0.033003,104.244.42.0-255,66,76654,17,76654
23338,0.0,74.125.24.0-255,143,143,17,280646
23339,3.1e-05,172.31.36.0-255,66,209,17,280646
23340,3.8e-05,74.125.24.0-255,1484,1693,17,280646
23341,4.2e-05,172.31.36.0-255,66,1759,17,280646
23342,4.7e-05,74.125.24.0-255,2902,4661,17,280646
23343,5e-05,172.31.36.0-255,66,4727,17,280646
23344,5.4e-05,74.125.24.0-255,2902,7629,17,280646
23345,5.6e-05,172.31.36.0-255,66,7695,17,280646
23346,6.3e-05,74.125.24.0-255,5738,13433,17,280646
23347,6.5e-05,172.31.36.0-255,66,13499,17,280646
23348,8.7e-05,74.125.24.0-255,2014,15513,17,280646
23349,8.9e-05,172.31.36.0-255,66,15579,17,280646
23350,0.000105,74.125.24.0-255,4320,19899,17,280646
23351,0.000109,172.31.36.0-255,66,19965,17,280646
23352,0.000146,172.31.36.0-255,66,20031,17,280646
23353,0.000237,74.125.24.0-255,1484,21515,17,280646
23354,0.000241,172.31.36.0-255,66,21581,17,280646
23355,0.000246,74.125.24.0-255,2902,24483,17,280646
23356,0.000248,172.31.36.0-255,66,24549,17,280646
23357,0.000278,74.125.24.0-255,5738,30287,17,280646
23358,0.000281,172.31.36.0-255,66,30353,17,280646
23359,0.000283,74.125.24.0-255,1484,31837,17,280646
23360,0.000285,172.31.36.0-255,66,31903,17,280646
23361,0.000312,172.31.36.0-255,66,31969,17,280646
23362,0.000315,74.125.24.0-255,1484,33453,17,280646
23363,0.000317,172.31.36.0-255,66,33519,17,280646
23364,0.000357,172.31.36.0-255,66,33585,17,280646
23365,0.000361,74.125.24.0-255,2816,36401,17,280646
23366,0.000365,172.31.36.0-255,66,36467,17,280646
23367,0.000375,74.125.24.0-255,127,36594,17,280646
23368,0.000815,172.31.36.0-255,66,36660,17,280646
23369,0.001431,74.125.24.0-255,1484,38144,17,280646
23370,0.001442,74.125.24.0-255,2902,41046,17,280646
23371,0.001445,74.125.24.0-255,1484,42530,17,280646
23372,0.001469,74.125.24.0-255,4320,46850,17,280646
23373,0.001474,74.125.24.0-255,4320,51170,17,280646
23374,0.001476,74.125.24.0-255,1484,52654,17,280646
23375,0.001908,74.125.24.0-255,1484,54138,17,280646
23376,0.001913,74.125.24.0-255,2902,57040,17,280646
23377,0.001925,74.125.24.0-255,1484,58524,17,280646
23378,0.00194,74.125.24.0-255,4320,62844,17,280646
23379,0.001968,74.125.24.0-255,2902,65746,17,280646
23380,0.002027,74.125.24.0-255,2902,68648,17,280646
23381,0.002054,74.125.24.0-255,4320,72968,17,280646
23382,0.002067,74.125.24.0-255,1484,74452,17,280646
23383,0.002103,74.125.24.0-255,5020,79472,17,280646
23384,0.002107,74.125.24.0-255,2902,82374,17,280646
23385,0.002156,74.125.24.0-255,1484,83858,17,280646
23386,0.002162,74.125.24.0-255,6438,90296,17,280646
23387,0.002169,74.125.24.0-255,7156,97452,17,280646
23388,0.002173,74.125.24.0-255,2902,100354,17,280646
23389,0.002186,74.125.24.0-255,1484,101838,17,280646
23390,0.002213,74.125.24.0-255,4320,106158,17,280646
23391,0.002229,74.125.24.0-255,1484,107642,17,280646
23392,0.002244,74.125.24.0-255,5738,113380,17,280646
23393,0.002271,74.125.24.0-255,6438,119818,17,280646
23394,0.002301,74.125.24.0-255,1484,121302,17,280646
23395,0.002326,74.125.24.0-255,5738,127040,17,280646
23396,0.006318,172.31.36.0-255,66,127106,17,280646
23397,0.008603,74.125.24.0-255,5738,132844,17,280646
23398,0.008611,172.31.36.0-255,66,132910,17,280646
23399,0.010869,74.125.24.0-255,5738,138648,17,280646
23400,0.010877,172.31.36.0-255,66,138714,17,280646
23401,0.013146,74.125.24.0-255,5738,144452,17,280646
23402,0.013639,172.31.36.0-255,66,144518,17,280646
23403,0.015942,74.125.24.0-255,5738,150256,17,280646
23404,0.015956,172.31.36.0-255,66,150322,17,280646
23405,0.018259,74.125.24.0-255,5738,156060,17,280646
23406,0.018269,172.31.36.0-255,66,156126,17,280646
23407,0.020536,74.125.24.0-255,5738,161864,17,280646
23408,0.020549,172.31.36.0-255,66,161930,17,280646
23409,0.022806,74.125.24.0-255,5738,167668,17,280646
23410,0.022816,172.31.36.0-255,66,167734,17,280646
23411,0.025071,74.125.24.0-255,5738,173472,17,280646
23412,0.02508,172.31.36.0-255,66,173538,17,280646
23413,0.027349,74.125.24.0-255,5738,179276,17,280646
23414,0.027358,172.31.36.0-255,66,179342,17,280646
23415,0.029076,172.31.36.0-255,172,179514,17,280646
23416,0.029109,172.31.36.0-255,1119,180633,17,280646
23417,0.029143,172.31.36.0-255,1514,182147,17,280646
23418,0.029145,172.31.36.0-255,1514,183661,17,280646
23419,0.029168,172.31.36.0-255,668,184329,17,280646
23420,0.029638,74.125.24.0-255,5738,190067,17,280646
23421,0.029646,172.31.36.0-255,66,190133,17,280646
23422,0.030615,104.244.42.0-255,66,190199,17,280646
23423,0.030662,104.244.42.0-255,66,190265,17,280646
23424,0.030708,104.244.42.0-255,66,190331,17,280646
23425,0.03071,104.244.42.0-255,66,190397,17,280646
23426,0.031904,74.125.24.0-255,2902,193299,17,280646
23427,0.031908,172.31.36.0-255,66,193365,17,280646
23428,0.031944,74.125.24.0-255,2902,196267,17,280646
23429,0.031966,172.31.36.0-255,66,196333,17,280646
23430,0.034165,74.125.24.0-255,2902,199235,17,280646
23431,0.034171,172.31.36.0-255,66,199301,17,280646
23432,0.034201,74.125.24.0-255,2902,202203,17,280646
23433,0.03422,172.31.36.0-255,66,202269,17,280646
23434,0.03641,74.125.24.0-255,2902,205171,17,280646
23435,0.036417,172.31.36.0-255,66,205237,17,280646
23436,0.036462,74.125.24.0-255,2902,208139,17,280646
23437,0.03647,172.31.36.0-255,66,208205,17,280646
23438,0.038671,74.125.24.0-255,2902,211107,17,280646
23439,0.038678,172.31.36.0-255,66,211173,17,280646
23440,0.038709,74.125.24.0-255,2902,214075,17,280646
23441,0.038731,172.31.36.0-255,66,214141,17,280646
23442,0.04093,74.125.24.0-255,2902,217043,17,280646
23443,0.040939,172.31.36.0-255,66,217109,17,280646
23444,0.040983,74.125.24.0-255,2902,220011,17,280646
23445,0.040995,172.31.36.0-255,66,220077,17,280646
23446,0.043178,74.125.24.0-255,2902,222979,17,280646
23447,0.043184,172.31.36.0-255,66,223045,17,280646
23448,0.043233,74.125.24.0-255,2902,225947,17,280646
23449,0.04324,172.31.36.0-255,66,226013,17,280646
23450,0.045439,74.125.24.0-255,2902,228915,17,280646
23451,0.045444,172.31.36.0-255,66,228981,17,280646
23452,0.045501,74.125.24.0-255,2902,231883,17,280646
23453,0.045524,172.31.36.0-255,66,231949,17,280646
23454,0.047703,74.125.24.0-255,2902,234851,17,280646
23455,0.047708,172.31.36.0-255,66,234917,17,280646
23456,0.047756,74.125.24.0-255,2902,237819,17,280646
23457,0.047762,172.31.36.0-255,66,237885,17,280646
23458,0.049954,74.125.24.0-255,2902,240787,17,280646
23459,0.049959,172.31.36.0-255,66,240853,17,280646
23460,0.050006,74.125.24.0-255,2902,243755,17,280646
23461,0.050035,172.31.36.0-255,66,243821,17,280646
23462,0.052191,74.125.24.0-255,2902,246723,17,280646
23463,0.052197,172.31.36.0-255,66,246789,17,280646
23464,0.052279,74.125.24.0-255,2902,249691,17,280646
23465,0.052295,172.31.36.0-255,66,249757,17,280646
23466,0.054461,74.125.24.0-255,2902,252659,17,280646
23467,0.054467,172.31.36.0-255,66,252725,17,280646
23468,0.054523,74.125.24.0-255,2902,255627,17,280646
23469,0.054546,172.31.36.0-255,66,255693,17,280646
23470,0.05672,74.125.24.0-255,2902,258595,17,280646
23471,0.056727,172.31.36.0-255,66,258661,17,280646
23472,0.0568,74.125.24.0-255,2902,261563,17,280646
23473,0.056808,172.31.36.0-255,66,261629,17,280646
23474,0.058977,74.125.24.0-255,2902,264531,17,280646
23475,0.058983,172.31.36.0-255,66,264597,17,280646
23476,0.059054,74.125.24.0-255,2902,267499,17,280646
23477,0.059075,172.31.36.0-255,66,267565,17,280646
23478,0.061214,74.125.24.0-255,2902,270467,17,280646
23479,0.06122,172.31.36.0-255,66,270533,17,280646
23480,0.061296,74.125.24.0-255,2902,273435,17,280646
23481,0.061314,172.31.36.0-255,66,273501,17,280646
23482,0.063491,74.125.24.0-255,2902,276403,17,280646
23483,0.063496,172.31.36.0-255,66,276469,17,280646
23484,0.06356,74.125.24.0-255,2902,279371,17,280646
23485,0.063572,172.31.36.0-255,66,279437,17,280646
23486,0.065733,74.125.24.0-255,972,280409,17,280646
23487,0.065923,172.31.36.0-255,66,280475,17,280646
23488,0.065951,172.31.36.0-255,105,280580,17,280646
23489,0.068143,74.125.24.0-255,66,280646,17,280646
23490,0.0,74.125.24.0-255,152,152,17,324453
23491,2.3e-05,172.31.36.0-255,66,218,17,324453
23492,3e-05,74.125.24.0-255,1484,1702,17,324453
23493,3.4e-05,172.31.36.0-255,66,1768,17,324453
23494,3.9e-05,74.125.24.0-255,2902,4670,17,324453
23495,4.4e-05,172.31.36.0-255,66,4736,17,324453
23496,6.1e-05,74.125.24.0-255,7156,11892,17,324453
23497,6.4e-05,172.31.36.0-255,66,11958,17,324453
23498,6.8e-05,74.125.24.0-255,2040,13998,17,324453
23499,7.1e-05,172.31.36.0-255,66,14064,17,324453
23500,7.7e-05,74.125.24.0-255,2902,16966,17,324453
23501,8e-05,172.31.36.0-255,66,17032,17,324453
23502,8.8e-05,74.125.24.0-255,7156,24188,17,324453
23503,9e-05,172.31.36.0-255,66,24254,17,324453
23504,0.000109,74.125.24.0-255,2902,27156,17,324453
23505,0.000116,172.31.36.0-255,66,27222,17,324453
23506,0.000158,74.125.24.0-255,1484,28706,17,324453
23507,0.000161,172.31.36.0-255,66,28772,17,324453
23508,0.000166,74.125.24.0-255,2543,31315,17,324453
23509,0.000169,172.31.36.0-255,66,31381,17,324453
23510,0.000208,74.125.24.0-255,1484,32865,17,324453
23511,0.000211,172.31.36.0-255,66,32931,17,324453
23512,0.000234,74.125.24.0-255,2902,35833,17,324453
23513,0.000237,172.31.36.0-255,66,35899,17,324453
23514,0.000263,74.125.24.0-255,5738,41637,17,324453
23515,0.000266,172.31.36.0-255,66,41703,17,324453
23516,0.000272,74.125.24.0-255,4320,46023,17,324453
23517,0.000274,172.31.36.0-255,66,46089,17,324453
23518,0.000326,74.125.24.0-255,2543,48632,17,324453
23519,0.000328,172.31.36.0-255,66,48698,17,324453
23520,0.000621,74.125.24.0-255,1484,50182,17,324453
23521,0.000627,172.31.36.0-255,66,50248,17,324453
23522,0.000633,74.125.24.0-255,2902,53150,17,324453
23523,0.000635,172.31.36.0-255,66,53216,17,324453
23524,0.000647,74.125.24.0-255,5738,58954,17,324453
23525,0.00065,172.31.36.0-255,66,59020,17,324453
23526,0.000685,74.125.24.0-255,4320,63340,17,324453
23527,0.000688,172.31.36.0-255,66,63406,17,324453
23528,0.000717,74.125.24.0-255,2889,66295,17,324453
23529,0.000719,172.31.36.0-255,66,66361,17,324453
23530,0.000738,74.125.24.0-255,331,66692,17,324453
23531,0.000978,74.125.24.0-255,1484,68176,17,324453
23532,0.000982,172.31.36.0-255,66,68242,17,324453
23533,0.000987,74.125.24.0-255,2902,71144,17,324453
23534,0.000989,172.31.36.0-255,66,71210,17,324453
23535,0.000996,74.125.24.0-255,5738,76948,17,324453
23536,0.001003,172.31.36.0-255,66,77014,17,324453
23537,0.001007,74.125.24.0-255,2902,79916,17,324453
23538,0.001009,172.31.36.0-255,66,79982,17,324453
23539,0.001039,74.125.24.0-255,3961,83943,17,324453
23540,0.001041,172.31.36.0-255,66,84009,17,324453
23541,0.001078,74.125.24.0-255,1484,85493,17,324453
23542,0.001096,74.125.24.0-255,2902,88395,17,324453
23543,0.001099,172.31.36.0-255,66,88461,17,324453
23544,0.001106,74.125.24.0-255,5738,94199,17,324453
23545,0.001109,172.31.36.0-255,66,94265,17,324453
23546,0.001113,74.125.24.0-255,2902,97167,17,324453
23547,0.001115,172.31.36.0-255,66,97233,17,324453
23548,0.001148,74.125.24.0-255,2902,100135,17,324453
23549,0.00115,74.125.24.0-255,1125,101260,17,324453
23550,0.001154,172.31.36.0-255,66,101326,17,324453
23551,0.001537,74.125.24.0-255,1484,102810,17,324453
23552,0.001542,172.31.36.0-255,66,102876,17,324453
23553,0.001548,74.125.24.0-255,2902,105778,17,324453
23554,0.00155,172.31.36.0-255,66,105844,17,324453
23555,0.001555,74.125.24.0-255,5738,111582,17,324453
23556,0.001558,172.31.36.0-255,66,111648,17,324453
23557,0.001569,74.125.24.0-255,4320,115968,17,324453
23558,0.001571,172.31.36.0-255,66,116034,17,324453
23559,0.001609,172.31.36.0-255,66,116100,17,324453
23560,0.001642,172.31.36.0-255,66,116166,17,324453
23561,0.001732,74.125.24.0-255,1484,117650,17,324453
23562,0.00175,74.125.24.0-255,2902,120552,17,324453
23563,0.001759,172.31.36.0-255,66,120618,17,324453
23564,0.001764,74.125.24.0-255,2902,123520,17,324453
23565,0.001766,172.31.36.0-255,66,123586,17,324453
23566,0.001798,74.125.24.0-255,2902,126488,17,324453
23567,0.0018,172.31.36.0-255,66,126554,17,324453
23568,0.001808,74.125.24.0-255,7156,133710,17,324453
23569,0.001811,172.31.36.0-255,66,133776,17,324453
23570,0.001814,74.125.24.0-255,1484,135260,17,324453
23571,0.001852,172.31.36.0-255,66,135326,17,324453
23572,0.001856,74.125.24.0-255,2184,137510,17,324453
23573,0.001858,172.31.36.0-255,66,137576,17,324453
23574,0.001914,74.125.24.0-255,1484,139060,17,324453
23575,0.001919,74.125.24.0-255,2902,141962,17,324453
23576,0.001921,172.31.36.0-255,66,142028,17,324453
23577,0.001927,74.125.24.0-255,5738,147766,17,324453
23578,0.00193,172.31.36.0-255,66,147832,17,324453
23579,0.001939,74.125.24.0-255,4320,152152,17,324453
23580,0.001942,172.31.36.0-255,66,152218,17,324453
23581,0.001988,172.31.36.0-255,66,152284,17,324453
23582,0.001995,74.125.24.0-255,4320,156604,17,324453
23583,0.001997,172.31.36.0-255,66,156670,17,324453
23584,0.00202,74.125.24.0-255,3602,160272,17,324453
23585,0.002029,172.31.36.0-255,66,160338,17,324453
23586,0.002231,74.125.24.0-255,1484,161822,17,324453
23587,0.002237,74.125.24.0-255,2902,164724,17,324453
23588,0.00224,172.31.36.0-255,66,164790,17,324453
23589,0.002273,74.125.24.0-255,5738,170528,17,324453
23590,0.002276,172.31.36.0-255,66,170594,17,324453
23591,0.002289,172.31.36.0-255,66,170660,17,324453
23592,0.002311,74.125.24.0-255,1484,172144,17,324453
23593,0.002323,172.31.36.0-255,66,172210,17,324453
23594,0.004987,74.125.24.0-255,5738,177948,17,324453
23595,0.004994,172.31.36.0-255,66,178014,17,324453
23596,0.0076,74.125.24.0-255,5738,183752,17,324453
23597,0.007607,172.31.36.0-255,66,183818,17,324453
23598,0.010249,74.125.24.0-255,5738,189556,17,324453
23599,0.010256,172.31.36.0-255,66,189622,17,324453
23600,0.012886,74.125.24.0-255,5738,195360,17,324453
23601,0.012896,172.31.36.0-255,66,195426,17,324453
23602,0.015523,74.125.24.0-255,5738,201164,17,324453
23603,0.015535,172.31.36.0-255,66,201230,17,324453
23604,0.018178,74.125.24.0-255,5738,206968,17,324453
23605,0.018188,172.31.36.0-255,66,207034,17,324453
23606,0.02091,74.125.24.0-255,5738,212772,17,324453
23607,0.020924,172.31.36.0-255,66,212838,17,324453
23608,0.023539,74.125.24.0-255,5738,218576,17,324453
23609,0.023547,172.31.36.0-255,66,218642,17,324453
23610,0.026151,74.125.24.0-255,5738,224380,17,324453
23611,0.02616,172.31.36.0-255,66,224446,17,324453
23612,0.028805,74.125.24.0-255,5738,230184,17,324453
23613,0.028813,172.31.36.0-255,66,230250,17,324453
23614,0.031445,74.125.24.0-255,5738,235988,17,324453
23615,0.031453,172.31.36.0-255,66,236054,17,324453
23616,0.03288,172.31.36.0-255,171,236225,17,324453
23617,0.032913,172.31.36.0-255,1141,237366,17,324453
23618,0.032976,172.31.36.0-255,1514,238880,17,324453
23619,0.032978,172.31.36.0-255,1514,240394,17,324453
23620,0.032982,172.31.36.0-255,1514,241908,17,324453
23621,0.032984,172.31.36.0-255,1025,242933,17,324453
23622,0.034094,74.125.24.0-255,5738,248671,17,324453
23623,0.034103,172.31.36.0-255,66,248737,17,324453
23624,0.034429,104.244.42.0-255,66,248803,17,324453
23625,0.034458,104.244.42.0-255,66,248869,17,324453
23626,0.034499,104.244.42.0-255,66,248935,17,324453
23627,0.034549,104.244.42.0-255,66,249001,17,324453
23628,0.0368,74.125.24.0-255,5738,254739,17,324453
23629,0.036808,172.31.36.0-255,66,254805,17,324453
23630,0.039419,74.125.24.0-255,5738,260543,17,324453
23631,0.039428,172.31.36.0-255,66,260609,17,324453
23632,0.042079,74.125.24.0-255,5738,266347,17,324453
23633,0.042088,172.31.36.0-255,66,266413,17,324453
23634,0.044719,74.125.24.0-255,5738,272151,17,324453
23635,0.044727,172.31.36.0-255,66,272217,17,324453
23636,0.047379,74.125.24.0-255,5738,277955,17,324453
23637,0.04739,172.31.36.0-255,66,278021,17,324453
23638,0.050052,74.125.24.0-255,5738,283759,17,324453
23639,0.05006,172.31.36.0-255,66,283825,17,324453
23640,0.052719,74.125.24.0-255,5738,289563,17,324453
23641,0.052726,172.31.36.0-255,66,289629,17,324453
23642,0.055387,74.125.24.0-255,5738,295367,17,324453
23643,0.055399,172.31.36.0-255,66,295433,17,324453
23644,0.05803,74.125.24.0-255,5738,301171,17,324453
23645,0.058037,172.31.36.0-255,66,301237,17,324453
23646,0.060676,74.125.24.0-255,5738,306975,17,324453
23647,0.060682,172.31.36.0-255,66,307041,17,324453
23648,0.063305,74.125.24.0-255,5738,312779,17,324453
23649,0.063312,172.31.36.0-255,66,312845,17,324453
23650,0.065954,74.125.24.0-255,5738,318583,17,324453
23651,0.065962,172.31.36.0-255,66,318649,17,324453
23652,0.068584,74.125.24.0-255,5738,324387,17,324453
23653,0.068592,172.31.36.0-255,66,324453,17,324453
23654,0.0,172.31.36.0-255,66,66,17,66
23655,0.0,74.125.200.0-255,146,146,17,250361
23656,3.2e-05,172.31.36.0-255,66,212,17,250361
23657,3.9e-05,74.125.200.0-255,1484,1696,17,250361
23658,4.4e-05,172.31.36.0-255,66,1762,17,250361
23659,4.7e-05,74.125.200.0-255,1484,3246,17,250361
23660,4.9e-05,172.31.36.0-255,66,3312,17,250361
23661,6.8e-05,74.125.200.0-255,1484,4796,17,250361
23662,7.1e-05,172.31.36.0-255,66,4862,17,250361
23663,7.7e-05,74.125.200.0-255,4320,9182,17,250361
23664,7.9e-05,172.31.36.0-255,66,9248,17,250361
23665,9.2e-05,74.125.200.0-255,1484,10732,17,250361
23666,9.4e-05,172.31.36.0-255,66,10798,17,250361
23667,9.9e-05,74.125.200.0-255,1484,12282,17,250361
23668,0.000101,172.31.36.0-255,66,12348,17,250361
23669,0.000125,74.125.200.0-255,2002,14350,17,250361
23670,0.000128,172.31.36.0-255,66,14416,17,250361
23671,0.000218,74.125.200.0-255,1484,15900,17,250361
23672,0.000223,172.31.36.0-255,66,15966,17,250361
23673,0.000229,74.125.200.0-255,2902,18868,17,250361
23674,0.000232,172.31.36.0-255,66,18934,17,250361
23675,0.000238,74.125.200.0-255,4320,23254,17,250361
23676,0.00024,172.31.36.0-255,66,23320,17,250361
23677,0.000262,74.125.200.0-255,1484,24804,17,250361
23678,0.000264,172.31.36.0-255,66,24870,17,250361
23679,0.000271,74.125.200.0-255,6797,31667,17,250361
23680,0.000273,172.31.36.0-255,66,31733,17,250361
23681,0.000326,74.125.200.0-255,1484,33217,17,250361
23682,0.00033,172.31.36.0-255,66,33283,17,250361
23683,0.000364,74.125.200.0-255,1484,34767,17,250361
23684,0.000367,172.31.36.0-255,66,34833,17,250361
23685,0.00038,74.125.200.0-255,1484,36317,17,250361
23686,0.000383,172.31.36.0-255,66,36383,17,250361
23687,0.000391,74.125.200.0-255,5738,42121,17,250361
23688,0.000394,172.31.36.0-255,66,42187,17,250361
23689,0.000398,74.125.200.0-255,2902,45089,17,250361
23690,0.000401,172.31.36.0-255,66,45155,17,250361
23691,0.000425,74.125.200.0-255,3961,49116,17,250361
23692,0.000428,172.31.36.0-255,66,49182,17,250361
23693,0.000567,74.125.200.0-255,1484,50666,17,250361
23694,0.000585,74.125.200.0-255,2902,53568,17,250361
23695,0.000588,172.31.36.0-255,66,53634,17,250361
23696,0.000593,74.125.200.0-255,1484,55118,17,250361
23697,0.000612,74.125.200.0-255,4320,59438,17,250361
23698,0.000616,172.31.36.0-255,66,59504,17,250361
23699,0.000622,74.125.200.0-255,4320,63824,17,250361
23700,0.000626,172.31.36.0-255,66,63890,17,250361
23701,0.000681,74.125.200.0-255,1484,65374,17,250361
23702,0.000694,74.125.200.0-255,1437,66811,17,250361
23703,0.000697,172.31.36.0-255,66,66877,17,250361
23704,0.001064,74.125.200.0-255,112,66989,17,250361
23705,0.001091,172.31.36.0-255,66,67055,17,250361
23706,0.001115,74.125.200.0-255,1484,68539,17,250361
23707,0.001126,74.125.200.0-255,1484,70023,17,250361
23708,0.00113,172.31.36.0-255,66,70089,17,250361
23709,0.001151,74.125.200.0-255,1484,71573,17,250361
23710,0.001168,74.125.200.0-255,1484,73057,17,250361
23711,0.001171,172.31.36.0-255,66,73123,17,250361
23712,0.001193,74.125.200.0-255,4320,77443,17,250361
23713,0.001197,74.125.200.0-255,2902,80345,17,250361
23714,0.0012,172.31.36.0-255,66,80411,17,250361
23715,0.001203,172.31.36.0-255,66,80477,17,250361
23716,0.001238,74.125.200.0-255,4320,84797,17,250361
23717,0.001242,172.31.36.0-255,66,84863,17,250361
23718,0.00127,74.125.200.0-255,1484,86347,17,250361
23719,0.001286,74.125.200.0-255,1484,87831,17,250361
23720,0.001288,172.31.36.0-255,66,87897,17,250361
23721,0.001293,74.125.200.0-255,4320,92217,17,250361
23722,0.001295,172.31.36.0-255,66,92283,17,250361
23723,0.001312,74.125.200.0-255,2902,95185,17,250361
23724,0.001315,172.31.36.0-255,66,95251,17,250361
23725,0.00134,74.125.200.0-255,5738,100989,17,250361
23726,0.001343,172.31.36.0-255,66,101055,17,250361
23727,0.001346,74.125.200.0-255,766,101821,17,250361
23728,0.001376,74.125.200.0-255,330,102151,17,250361
23729,0.001584,172.31.36.0-255,66,102217,17,250361
23730,0.002647,74.125.200.0-255,1484,103701,17,250361
23731,0.002655,74.125.200.0-255,2902,106603,17,250361
23732,0.002658,172.31.36.0-255,66,106669,17,250361
23733,0.002663,74.125.200.0-255,2902,109571,17,250361
23734,0.002665,172.31.36.0-255,66,109637,17,250361
23735,0.00268,74.125.200.0-255,2902,112539,17,250361
23736,0.002682,172.31.36.0-255,66,112605,17,250361
23737,0.002706,74.125.200.0-255,1484,114089,17,250361
23738,0.002718,74.125.200.0-255,2902,116991,17,250361
23739,0.002722,172.31.36.0-255,66,117057,17,250361
23740,0.002732,74.125.200.0-255,5738,122795,17,250361
23741,0.002734,172.31.36.0-255,66,122861,17,250361
23742,0.002749,74.125.200.0-255,2902,125763,17,250361
23743,0.002751,172.31.36.0-255,66,125829,17,250361
23744,0.002771,74.125.200.0-255,4320,130149,17,250361
23745,0.002773,172.31.36.0-255,66,130215,17,250361
23746,0.0028,74.125.200.0-255,6438,136653,17,250361
23747,0.002804,172.31.36.0-255,66,136719,17,250361
23748,0.003334,74.125.200.0-255,1484,138203,17,250361
23749,0.003357,74.125.200.0-255,2902,141105,17,250361
23750,0.003361,172.31.36.0-255,66,141171,17,250361
23751,0.003365,74.125.200.0-255,1484,142655,17,250361
23752,0.003384,74.125.200.0-255,4320,146975,17,250361
23753,0.003386,172.31.36.0-255,66,147041,17,250361
23754,0.003408,74.125.200.0-255,5738,152779,17,250361
23755,0.00341,172.31.36.0-255,66,152845,17,250361
23756,0.003432,74.125.200.0-255,5738,158583,17,250361
23757,0.003434,172.31.36.0-255,66,158649,17,250361
23758,0.00344,74.125.200.0-255,4320,162969,17,250361
23759,0.003441,172.31.36.0-255,66,163035,17,250361
23760,0.003453,74.125.200.0-255,1484,164519,17,250361
23761,0.003477,74.125.200.0-255,6438,170957,17,250361
23762,0.003481,172.31.36.0-255,66,171023,17,250361
23763,0.007138,74.125.200.0-255,5738,176761,17,250361
23764,0.007145,172.31.36.0-255,66,176827,17,250361
23765,0.01032,74.125.200.0-255,5738,182565,17,250361
23766,0.01033,172.31.36.0-255,66,182631,17,250361
23767,0.013883,74.125.200.0-255,5738,188369,17,250361
23768,0.013896,172.31.36.0-255,66,188435,17,250361
23769,0.017835,74.125.200.0-255,5738,194173,17,250361
23770,0.017847,172.31.36.0-255,66,194239,17,250361
23771,0.021843,74.125.200.0-255,5738,199977,17,250361
23772,0.021856,172.31.36.0-255,66,200043,17,250361
23773,0.025633,74.125.200.0-255,5738,205781,17,250361
23774,0.025645,172.31.36.0-255,66,205847,17,250361
23775,0.026826,172.31.36.0-255,172,206019,17,250361
23776,0.026868,172.31.36.0-255,1116,207135,17,250361
23777,0.026935,172.31.36.0-255,1514,208649,17,250361
23778,0.026937,172.31.36.0-255,1272,209921,17,250361
23779,0.028407,104.244.42.0-255,66,209987,17,250361
23780,0.028445,104.244.42.0-255,66,210053,17,250361
23781,0.028493,104.244.42.0-255,66,210119,17,250361
23782,0.02995,74.125.200.0-255,4320,214439,17,250361
23783,0.029954,172.31.36.0-255,66,214505,17,250361
23784,0.029985,74.125.200.0-255,1484,215989,17,250361
23785,0.031068,104.244.42.0-255,108,216097,17,250361
23786,0.03109,172.31.36.0-255,66,216163,17,250361
23787,0.034845,74.125.200.0-255,1484,217647,17,250361
23788,0.034851,172.31.36.0-255,66,217713,17,250361
23789,0.034882,74.125.200.0-255,2902,220615,17,250361
23790,0.034885,172.31.36.0-255,66,220681,17,250361
23791,0.040772,74.125.200.0-255,1484,222165,17,250361
23792,0.040801,74.125.200.0-255,1484,223649,17,250361
23793,0.040805,172.31.36.0-255,66,223715,17,250361
23794,0.040846,74.125.200.0-255,1484,225199,17,250361
23795,0.040858,74.125.200.0-255,1484,226683,17,250361
23796,0.040861,172.31.36.0-255,66,226749,17,250361
23797,0.047572,74.125.200.0-255,2902,229651,17,250361
23798,0.047578,172.31.36.0-255,66,229717,17,250361
23799,0.047622,74.125.200.0-255,1484,231201,17,250361
23800,0.047634,74.125.200.0-255,1484,232685,17,250361
23801,0.047638,172.31.36.0-255,66,232751,17,250361
23802,0.054557,74.125.200.0-255,2902,235653,17,250361
23803,0.054564,172.31.36.0-255,66,235719,17,250361
23804,0.05461,74.125.200.0-255,2902,238621,17,250361
23805,0.054614,172.31.36.0-255,66,238687,17,250361
23806,0.060587,74.125.200.0-255,1484,240171,17,250361
23807,0.060626,74.125.200.0-255,4320,244491,17,250361
23808,0.060631,172.31.36.0-255,66,244557,17,250361
23809,0.066033,74.125.200.0-255,5738,250295,17,250361
23810,0.066039,172.31.36.0-255,66,250361,17,250361
23811,0.0,74.125.24.0-255,153,153,17,285070
23812,3.2e-05,172.31.36.0-255,66,219,17,285070
23813,3.8e-05,74.125.24.0-255,1484,1703,17,285070
23814,4.2e-05,172.31.36.0-255,66,1769,17,285070
23815,4.6e-05,74.125.24.0-255,2902,4671,17,285070
23816,4.8e-05,172.31.36.0-255,66,4737,17,285070
23817,5.6e-05,74.125.24.0-255,7156,11893,17,285070
23818,5.8e-05,172.31.36.0-255,66,11959,17,285070
23819,7.9e-05,74.125.24.0-255,2005,13964,17,285070
23820,8.1e-05,172.31.36.0-255,66,14030,17,285070
23821,0.000127,74.125.24.0-255,1484,15514,17,285070
23822,0.000131,172.31.36.0-255,66,15580,17,285070
23823,0.000142,74.125.24.0-255,2902,18482,17,285070
23824,0.000145,172.31.36.0-255,66,18548,17,285070
23825,0.000166,74.125.24.0-255,2902,21450,17,285070
23826,0.000169,172.31.36.0-255,66,21516,17,285070
23827,0.00018,74.125.24.0-255,2902,24418,17,285070
23828,0.000182,172.31.36.0-255,66,24484,17,285070
23829,0.000214,74.125.24.0-255,2902,27386,17,285070
23830,0.000217,172.31.36.0-255,66,27452,17,285070
23831,0.000234,74.125.24.0-255,3961,31413,17,285070
23832,0.000237,172.31.36.0-255,66,31479,17,285070
23833,0.000322,74.125.24.0-255,1484,32963,17,285070
23834,0.000326,172.31.36.0-255,66,33029,17,285070
23835,0.00033,74.125.24.0-255,2902,35931,17,285070
23836,0.000332,172.31.36.0-255,66,35997,17,285070
23837,0.000359,74.125.24.0-255,5738,41735,17,285070
23838,0.000362,172.31.36.0-255,66,41801,17,285070
23839,0.000382,74.125.24.0-255,5738,47539,17,285070
23840,0.000388,172.31.36.0-255,66,47605,17,285070
23841,0.000395,74.125.24.0-255,1125,48730,17,285070
23842,0.000397,172.31.36.0-255,66,48796,17,285070
23843,0.000403,74.125.24.0-255,5738,54534,17,285070
23844,0.000407,172.31.36.0-255,66,54600,17,285070
23845,0.000417,74.125.24.0-255,1484,56084,17,285070
23846,0.000424,74.125.24.0-255,5738,61822,17,285070
23847,0.000426,172.31.36.0-255,66,61888,17,285070
23848,0.000447,74.125.24.0-255,2902,64790,17,285070
23849,0.00045,172.31.36.0-255,66,64856,17,285070
23850,0.000481,74.125.24.0-255,1437,66293,17,285070
23851,0.000526,74.125.24.0-255,108,66401,17,285070
23852,0.000636,74.125.24.0-255,1484,67885,17,285070
23853,0.000639,172.31.36.0-255,66,67951,17,285070
23854,0.000642,74.125.24.0-255,1484,69435,17,285070
23855,0.000657,74.125.24.0-255,1484,70919,17,285070
23856,0.00066,74.125.24.0-255,1484,72403,17,285070
23857,0.00066,172.31.36.0-255,66,72469,17,285070
23858,0.000683,74.125.24.0-255,4320,76789,17,285070
23859,0.000686,172.31.36.0-255,66,76855,17,285070
23860,0.000691,74.125.24.0-255,5738,82593,17,285070
23861,0.000693,172.31.36.0-255,66,82659,17,285070
23862,0.000721,74.125.24.0-255,1125,83784,17,285070
23863,0.000724,74.125.24.0-255,1484,85268,17,285070
23864,0.000727,172.31.36.0-255,66,85334,17,285070
23865,0.000745,74.125.24.0-255,4320,89654,17,285070
23866,0.000747,172.31.36.0-255,66,89720,17,285070
23867,0.000764,74.125.24.0-255,2902,92622,17,285070
23868,0.000766,172.31.36.0-255,66,92688,17,285070
23869,0.000787,74.125.24.0-255,7156,99844,17,285070
23870,0.000789,172.31.36.0-255,66,99910,17,285070
23871,0.000792,74.125.24.0-255,1392,101302,17,285070
23872,0.000935,172.31.36.0-255,66,101368,17,285070
23873,0.002087,74.125.24.0-255,1484,102852,17,285070
23874,0.002097,74.125.24.0-255,2902,105754,17,285070
23875,0.002101,172.31.36.0-255,66,105820,17,285070
23876,0.002124,74.125.24.0-255,5738,111558,17,285070
23877,0.002126,172.31.36.0-255,66,111624,17,285070
23878,0.002139,74.125.24.0-255,4320,115944,17,285070
23879,0.002141,172.31.36.0-255,66,116010,17,285070
23880,0.00217,172.31.36.0-255,66,116076,17,285070
23881,0.002201,74.125.24.0-255,1484,117560,17,285070
23882,0.002227,172.31.36.0-255,66,117626,17,285070
23883,0.004552,74.125.24.0-255,4320,121946,17,285070
23884,0.004556,172.31.36.0-255,66,122012,17,285070
23885,0.004571,74.125.24.0-255,1484,123496,17,285070
23886,0.006859,74.125.24.0-255,4320,127816,17,285070
23887,0.006865,172.31.36.0-255,66,127882,17,285070
23888,0.009195,74.125.24.0-255,5738,133620,17,285070
23889,0.009202,172.31.36.0-255,66,133686,17,285070
23890,0.011505,74.125.24.0-255,5738,139424,17,285070
23891,0.011511,172.31.36.0-255,66,139490,17,285070
23892,0.013822,74.125.24.0-255,5738,145228,17,285070
23893,0.013828,172.31.36.0-255,66,145294,17,285070
23894,0.016168,74.125.24.0-255,5738,151032,17,285070
23895,0.016179,172.31.36.0-255,66,151098,17,285070
23896,0.018501,74.125.24.0-255,5738,156836,17,285070
23897,0.018508,172.31.36.0-255,66,156902,17,285070
23898,0.020829,74.125.24.0-255,5738,162640,17,285070
23899,0.020836,172.31.36.0-255,66,162706,17,285070
23900,0.02315,74.125.24.0-255,5738,168444,17,285070
23901,0.023159,172.31.36.0-255,66,168510,17,285070
23902,0.02546,74.125.24.0-255,5738,174248,17,285070
23903,0.025468,172.31.36.0-255,66,174314,17,285070
23904,0.027782,74.125.24.0-255,5738,180052,17,285070
23905,0.027789,172.31.36.0-255,66,180118,17,285070
23906,0.028009,172.31.36.0-255,172,180290,17,285070
23907,0.028039,172.31.36.0-255,1116,181406,17,285070
23908,0.028078,172.31.36.0-255,1514,182920,17,285070
23909,0.02808,172.31.36.0-255,1272,184192,17,285070
23910,0.029591,104.244.42.0-255,66,184258,17,285070
23911,0.029598,104.244.42.0-255,66,184324,17,285070
23912,0.029628,104.244.42.0-255,66,184390,17,285070
23913,0.030096,74.125.24.0-255,4320,188710,17,285070
23914,0.030101,172.31.36.0-255,66,188776,17,285070
23915,0.030132,74.125.24.0-255,1484,190260,17,285070
23916,0.03243,74.125.24.0-255,4320,194580,17,285070
23917,0.032437,172.31.36.0-255,66,194646,17,285070
23918,0.034802,74.125.24.0-255,5738,200384,17,285070
23919,0.034809,172.31.36.0-255,66,200450,17,285070
23920,0.037147,74.125.24.0-255,5738,206188,17,285070
23921,0.037154,172.31.36.0-255,66,206254,17,285070
23922,0.039498,74.125.24.0-255,5738,211992,17,285070
23923,0.039504,172.31.36.0-255,66,212058,17,285070
23924,0.041837,74.125.24.0-255,5738,217796,17,285070
23925,0.041844,172.31.36.0-255,66,217862,17,285070
23926,0.044181,74.125.24.0-255,5738,223600,17,285070
23927,0.044187,172.31.36.0-255,66,223666,17,285070
23928,0.046516,74.125.24.0-255,5738,229404,17,285070
23929,0.046522,172.31.36.0-255,66,229470,17,285070
23930,0.048856,74.125.24.0-255,4320,233790,17,285070
23931,0.048863,172.31.36.0-255,66,233856,17,285070
23932,0.048878,74.125.24.0-255,1484,235340,17,285070
23933,0.051169,74.125.24.0-255,4320,239660,17,285070
23934,0.051175,172.31.36.0-255,66,239726,17,285070
23935,0.053484,74.125.24.0-255,5738,245464,17,285070
23936,0.05349,172.31.36.0-255,66,245530,17,285070
23937,0.055805,74.125.24.0-255,4320,249850,17,285070
23938,0.055811,172.31.36.0-255,66,249916,17,285070
23939,0.055841,74.125.24.0-255,1484,251400,17,285070
23940,0.058145,74.125.24.0-255,4320,255720,17,285070
23941,0.05815,172.31.36.0-255,66,255786,17,285070
23942,0.060476,74.125.24.0-255,5738,261524,17,285070
23943,0.060481,172.31.36.0-255,66,261590,17,285070
23944,0.062803,74.125.24.0-255,2902,264492,17,285070
23945,0.062809,172.31.36.0-255,66,264558,17,285070
23946,0.062837,74.125.24.0-255,2902,267460,17,285070
23947,0.06284,172.31.36.0-255,66,267526,17,285070
23948,0.065127,74.125.24.0-255,2902,270428,17,285070
23949,0.065133,172.31.36.0-255,66,270494,17,285070
23950,0.065163,74.125.24.0-255,2902,273396,17,285070
23951,0.065166,172.31.36.0-255,66,273462,17,285070
23952,0.067482,74.125.24.0-255,5738,279200,17,285070
23953,0.067488,172.31.36.0-255,66,279266,17,285070
23954,0.069815,74.125.24.0-255,5738,285004,17,285070
23955,0.069821,172.31.36.0-255,66,285070,17,285070
23956,0.0,172.217.194.0-255,97,97,17,392
23957,1e-05,172.31.36.0-255,66,163,17,392
23958,0.003938,172.217.194.0-255,66,229,17,392
23959,0.011629,172.31.36.0-255,97,326,17,392
23960,0.013635,172.217.194.0-255,66,392,17,392
23961,0.0,172.217.194.0-255,153,153,17,218026
23962,2.5e-05,172.31.36.0-255,66,219,17,218026
23963,3.1e-05,172.217.194.0-255,1484,1703,17,218026
23964,3.5e-05,172.31.36.0-255,66,1769,17,218026
23965,4e-05,172.217.194.0-255,2902,4671,17,218026
23966,4.7e-05,172.31.36.0-255,66,4737,17,218026
23967,5.3e-05,172.217.194.0-255,4320,9057,17,218026
23968,5.6e-05,172.31.36.0-255,66,9123,17,218026
23969,8.7e-05,172.217.194.0-255,2902,12025,17,218026
23970,9e-05,172.31.36.0-255,66,12091,17,218026
23971,9.6e-05,172.217.194.0-255,2105,14196,17,218026
23972,9.9e-05,172.31.36.0-255,66,14262,17,218026
23973,0.000129,172.217.194.0-255,2902,17164,17,218026
23974,0.000132,172.31.36.0-255,66,17230,17,218026
23975,0.000138,172.217.194.0-255,4320,21550,17,218026
23976,0.00014,172.31.36.0-255,66,21616,17,218026
23977,0.000144,172.217.194.0-255,2902,24518,17,218026
23978,0.000152,172.31.36.0-255,66,24584,17,218026
23979,0.000189,172.217.194.0-255,5738,30322,17,218026
23980,0.000193,172.31.36.0-255,66,30388,17,218026
23981,0.000197,172.217.194.0-255,1125,31513,17,218026
23982,0.000199,172.31.36.0-255,66,31579,17,218026
23983,0.000274,172.217.194.0-255,1484,33063,17,218026
23984,0.000278,172.31.36.0-255,66,33129,17,218026
23985,0.000282,172.217.194.0-255,1484,34613,17,218026
23986,0.000284,172.31.36.0-255,66,34679,17,218026
23987,0.0003,172.217.194.0-255,1484,36163,17,218026
23988,0.000303,172.31.36.0-255,66,36229,17,218026
23989,0.00031,172.217.194.0-255,5738,41967,17,218026
23990,0.000313,172.31.36.0-255,66,42033,17,218026
23991,0.000335,172.217.194.0-255,1484,43517,17,218026
23992,0.000338,172.31.36.0-255,66,43583,17,218026
23993,0.000369,172.217.194.0-255,5379,48962,17,218026
23994,0.000372,172.31.36.0-255,66,49028,17,218026
23995,0.000379,172.217.194.0-255,7156,56184,17,218026
23996,0.000381,172.31.36.0-255,66,56250,17,218026
23997,0.000386,172.217.194.0-255,4320,60570,17,218026
23998,0.000396,172.31.36.0-255,66,60636,17,218026
23999,0.000411,172.217.194.0-255,5655,66291,17,218026
24000,0.000414,172.31.36.0-255,66,66357,17,218026
24001,0.000423,172.217.194.0-255,116,66473,17,218026
24002,0.000427,172.217.194.0-255,381,66854,17,218026
24003,0.000771,172.31.36.0-255,66,66920,17,218026
24004,0.000836,172.217.194.0-255,1484,68404,17,218026
24005,0.000862,172.217.194.0-255,2902,71306,17,218026
24006,0.000867,172.31.36.0-255,66,71372,17,218026
24007,0.000871,172.217.194.0-255,1484,72856,17,218026
24008,0.000894,172.217.194.0-255,4320,77176,17,218026
24009,0.000897,172.31.36.0-255,66,77242,17,218026
24010,0.000904,172.217.194.0-255,5738,82980,17,218026
24011,0.000906,172.31.36.0-255,66,83046,17,218026
24012,0.000938,172.31.36.0-255,66,83112,17,218026
24013,0.000945,172.217.194.0-255,5020,88132,17,218026
24014,0.000947,172.31.36.0-255,66,88198,17,218026
24015,0.001536,172.217.194.0-255,1484,89682,17,218026
24016,0.001543,172.217.194.0-255,2902,92584,17,218026
24017,0.001547,172.31.36.0-255,66,92650,17,218026
24018,0.001577,172.217.194.0-255,5738,98388,17,218026
24019,0.001579,172.31.36.0-255,66,98454,17,218026
24020,0.001595,172.31.36.0-255,66,98520,17,218026
24021,0.001663,172.31.36.0-255,66,98586,17,218026
24022,0.001896,172.217.194.0-255,1484,100070,17,218026
24023,0.001909,172.217.194.0-255,2902,102972,17,218026
24024,0.001912,172.31.36.0-255,66,103038,17,218026
24025,0.001918,172.217.194.0-255,4320,107358,17,218026
24026,0.00192,172.31.36.0-255,66,107424,17,218026
24027,0.001937,172.217.194.0-255,1484,108908,17,218026
24028,0.001944,172.217.194.0-255,5738,114646,17,218026
24029,0.001947,172.31.36.0-255,66,114712,17,218026
24030,0.001978,172.217.194.0-255,7156,121868,17,218026
24031,0.001981,172.31.36.0-255,66,121934,17,218026
24032,0.001996,172.31.36.0-255,66,122000,17,218026
24033,0.002901,172.217.194.0-255,1484,123484,17,218026
24034,0.002904,172.217.194.0-255,1484,124968,17,218026
24035,0.002906,172.31.36.0-255,66,125034,17,218026
24036,0.002928,172.217.194.0-255,1484,126518,17,218026
24037,0.002934,172.217.194.0-255,5738,132256,17,218026
24038,0.002936,172.31.36.0-255,66,132322,17,218026
24039,0.002962,172.217.194.0-255,7156,139478,17,218026
24040,0.002964,172.31.36.0-255,66,139544,17,218026
24041,0.003,172.217.194.0-255,5738,145282,17,218026
24042,0.003002,172.31.36.0-255,66,145348,17,218026
24043,0.003019,172.31.36.0-255,66,145414,17,218026
24044,0.00324,172.217.194.0-255,1484,146898,17,218026
24045,0.003244,172.217.194.0-255,2902,149800,17,218026
24046,0.003246,172.31.36.0-255,66,149866,17,218026
24047,0.003272,172.217.194.0-255,2902,152768,17,218026
24048,0.003275,172.31.36.0-255,66,152834,17,218026
24049,0.003277,172.217.194.0-255,1484,154318,17,218026
24050,0.003302,172.217.194.0-255,7156,161474,17,218026
24051,0.003304,172.31.36.0-255,66,161540,17,218026
24052,0.003315,172.31.36.0-255,66,161606,17,218026
24053,0.003349,172.31.36.0-255,66,161672,17,218026
24054,0.003372,172.217.194.0-255,1484,163156,17,218026
24055,0.003383,172.217.194.0-255,2902,166058,17,218026
24056,0.003386,172.31.36.0-255,66,166124,17,218026
24057,0.003413,172.217.194.0-255,5738,171862,17,218026
24058,0.003415,172.31.36.0-255,66,171928,17,218026
24059,0.003427,172.217.194.0-255,2902,174830,17,218026
24060,0.003434,172.31.36.0-255,66,174896,17,218026
24061,0.003478,172.217.194.0-255,4320,179216,17,218026
24062,0.003481,172.31.36.0-255,66,179282,17,218026
24063,0.003492,172.31.36.0-255,66,179348,17,218026
24064,0.003511,172.31.36.0-255,66,179414,17,218026
24065,0.003517,172.217.194.0-255,5738,185152,17,218026
24066,0.003519,172.31.36.0-255,66,185218,17,218026
24067,0.00356,172.31.36.0-255,66,185284,17,218026
24068,0.003571,172.31.36.0-255,66,185350,17,218026
24069,0.003596,172.217.194.0-255,5020,190370,17,218026
24070,0.0036,172.31.36.0-255,66,190436,17,218026
24071,0.004139,172.217.194.0-255,1484,191920,17,218026
24072,0.004157,172.217.194.0-255,2902,194822,17,218026
24073,0.00416,172.217.194.0-255,1484,196306,17,218026
24074,0.004163,172.31.36.0-255,66,196372,17,218026
24075,0.004183,172.217.194.0-255,4320,200692,17,218026
24076,0.004186,172.31.36.0-255,66,200758,17,218026
24077,0.004193,172.217.194.0-255,5738,206496,17,218026
24078,0.004195,172.31.36.0-255,66,206562,17,218026
24079,0.004236,172.31.36.0-255,66,206628,17,218026
24080,0.004259,172.217.194.0-255,1484,208112,17,218026
24081,0.004265,172.217.194.0-255,2902,211014,17,218026
24082,0.004267,172.31.36.0-255,66,211080,17,218026
24083,0.004302,172.31.36.0-255,66,211146,17,218026
24084,0.004323,172.31.36.0-255,66,211212,17,218026
24085,0.004358,172.31.36.0-255,66,211278,17,218026
24086,0.004393,172.31.36.0-255,66,211344,17,218026
24087,0.00441,172.31.36.0-255,66,211410,17,218026
24088,0.004416,172.31.36.0-255,66,211476,17,218026
24089,0.004453,172.217.194.0-255,1870,213346,17,218026
24090,0.004456,172.31.36.0-255,66,213412,17,218026
24091,0.00446,172.217.194.0-255,105,213517,17,218026
24092,0.006501,172.31.36.0-255,66,213583,17,218026
24093,0.006528,172.31.36.0-255,105,213688,17,218026
24094,0.008991,172.217.194.0-255,66,213754,17,218026
24095,0.031405,172.31.36.0-255,172,213926,17,218026
24096,0.031436,172.31.36.0-255,1117,215043,17,218026
24097,0.031473,172.31.36.0-255,1514,216557,17,218026
24098,0.031475,172.31.36.0-255,1271,217828,17,218026
24099,0.032997,104.244.42.0-255,66,217894,17,218026
24100,0.033006,104.244.42.0-255,66,217960,17,218026
24101,0.033046,104.244.42.0-255,66,218026,17,218026
24102,0.0,74.125.24.0-255,154,154,17,294468
24103,1.2e-05,172.31.36.0-255,66,220,17,294468
24104,1.7e-05,74.125.24.0-255,1484,1704,17,294468
24105,2.1e-05,172.31.36.0-255,66,1770,17,294468
24106,2.5e-05,74.125.24.0-255,2902,4672,17,294468
24107,2.8e-05,172.31.36.0-255,66,4738,17,294468
24108,6.8e-05,74.125.24.0-255,5738,10476,17,294468
24109,7.3e-05,172.31.36.0-255,66,10542,17,294468
24110,0.000104,74.125.24.0-255,6357,16899,17,294468
24111,0.000108,172.31.36.0-255,66,16965,17,294468
24112,0.000113,74.125.24.0-255,4320,21285,17,294468
24113,0.000115,172.31.36.0-255,66,21351,17,294468
24114,0.000164,74.125.24.0-255,5738,27089,17,294468
24115,0.000168,172.31.36.0-255,66,27155,17,294468
24116,0.0002,74.125.24.0-255,3961,31116,17,294468
24117,0.000204,172.31.36.0-255,66,31182,17,294468
24118,0.000295,74.125.24.0-255,1484,32666,17,294468
24119,0.0003,172.31.36.0-255,66,32732,17,294468
24120,0.000307,74.125.24.0-255,2902,35634,17,294468
24121,0.000309,172.31.36.0-255,66,35700,17,294468
24122,0.000319,74.125.24.0-255,2902,38602,17,294468
24123,0.000322,172.31.36.0-255,66,38668,17,294468
24124,0.000327,74.125.24.0-255,4320,42988,17,294468
24125,0.00033,172.31.36.0-255,66,43054,17,294468
24126,0.000381,172.31.36.0-255,66,43120,17,294468
24127,0.000388,74.125.24.0-255,7156,50276,17,294468
24128,0.000391,172.31.36.0-255,66,50342,17,294468
24129,0.000409,74.125.24.0-255,2902,53244,17,294468
24130,0.000417,172.31.36.0-255,66,53310,17,294468
24131,0.00044,74.125.24.0-255,2818,56128,17,294468
24132,0.000444,172.31.36.0-255,66,56194,17,294468
24133,0.000489,74.125.24.0-255,379,56573,17,294468
24134,0.000543,74.125.24.0-255,1484,58057,17,294468
24135,0.000548,172.31.36.0-255,66,58123,17,294468
24136,0.000555,74.125.24.0-255,4320,62443,17,294468
24137,0.000558,172.31.36.0-255,66,62509,17,294468
24138,0.000591,74.125.24.0-255,7156,69665,17,294468
24139,0.000595,172.31.36.0-255,66,69731,17,294468
24140,0.000633,172.31.36.0-255,66,69797,17,294468
24141,0.000657,74.125.24.0-255,1125,70922,17,294468
24142,0.000689,172.31.36.0-255,66,70988,17,294468
24143,0.000745,74.125.24.0-255,1484,72472,17,294468
24144,0.00079,74.125.24.0-255,2902,75374,17,294468
24145,0.000796,172.31.36.0-255,66,75440,17,294468
24146,0.000802,74.125.24.0-255,5738,81178,17,294468
24147,0.000805,172.31.36.0-255,66,81244,17,294468
24148,0.000823,172.31.36.0-255,66,81310,17,294468
24149,0.00087,172.31.36.0-255,66,81376,17,294468
24150,0.000874,74.125.24.0-255,1484,82860,17,294468
24151,0.000892,74.125.24.0-255,2902,85762,17,294468
24152,0.000894,172.31.36.0-255,66,85828,17,294468
24153,0.0009,74.125.24.0-255,5738,91566,17,294468
24154,0.000903,172.31.36.0-255,66,91632,17,294468
24155,0.000928,74.125.24.0-255,7156,98788,17,294468
24156,0.000932,172.31.36.0-255,66,98854,17,294468
24157,0.000961,74.125.24.0-255,5738,104592,17,294468
24158,0.000964,172.31.36.0-255,66,104658,17,294468
24159,0.000975,172.31.36.0-255,66,104724,17,294468
24160,0.001004,74.125.24.0-255,2184,106908,17,294468
24161,0.001007,172.31.36.0-255,66,106974,17,294468
24162,0.001195,74.125.24.0-255,1484,108458,17,294468
24163,0.001202,74.125.24.0-255,2902,111360,17,294468
24164,0.001206,172.31.36.0-255,66,111426,17,294468
24165,0.001212,74.125.24.0-255,2902,114328,17,294468
24166,0.001214,172.31.36.0-255,66,114394,17,294468
24167,0.001235,74.125.24.0-255,2902,117296,17,294468
24168,0.001238,172.31.36.0-255,66,117362,17,294468
24169,0.001244,74.125.24.0-255,4320,121682,17,294468
24170,0.001246,172.31.36.0-255,66,121748,17,294468
24171,0.001305,172.31.36.0-255,66,121814,17,294468
24172,0.001314,172.31.36.0-255,66,121880,17,294468
24173,0.003596,74.125.24.0-255,5738,127618,17,294468
24174,0.003611,172.31.36.0-255,66,127684,17,294468
24175,0.005897,74.125.24.0-255,5738,133422,17,294468
24176,0.005902,172.31.36.0-255,66,133488,17,294468
24177,0.008185,74.125.24.0-255,5738,139226,17,294468
24178,0.008198,172.31.36.0-255,66,139292,17,294468
24179,0.010493,74.125.24.0-255,5738,145030,17,294468
24180,0.010507,172.31.36.0-255,66,145096,17,294468
24181,0.012827,74.125.24.0-255,5738,150834,17,294468
24182,0.012846,172.31.36.0-255,66,150900,17,294468
24183,0.015144,74.125.24.0-255,5738,156638,17,294468
24184,0.015161,172.31.36.0-255,66,156704,17,294468
24185,0.017437,74.125.24.0-255,5738,162442,17,294468
24186,0.017451,172.31.36.0-255,66,162508,17,294468
24187,0.019734,74.125.24.0-255,5738,168246,17,294468
24188,0.019747,172.31.36.0-255,66,168312,17,294468
24189,0.022047,74.125.24.0-255,5738,174050,17,294468
24190,0.022061,172.31.36.0-255,66,174116,17,294468
24191,0.024332,74.125.24.0-255,5738,179854,17,294468
24192,0.02435,172.31.36.0-255,66,179920,17,294468
24193,0.026677,74.125.24.0-255,5738,185658,17,294468
24194,0.026692,172.31.36.0-255,66,185724,17,294468
24195,0.028981,74.125.24.0-255,5738,191462,17,294468
24196,0.028999,172.31.36.0-255,66,191528,17,294468
24197,0.031277,74.125.24.0-255,5738,197266,17,294468
24198,0.031295,172.31.36.0-255,66,197332,17,294468
24199,0.033576,74.125.24.0-255,5738,203070,17,294468
24200,0.033595,172.31.36.0-255,66,203136,17,294468
24201,0.03591,74.125.24.0-255,5738,208874,17,294468
24202,0.035926,172.31.36.0-255,66,208940,17,294468
24203,0.038206,74.125.24.0-255,5738,214678,17,294468
24204,0.038225,172.31.36.0-255,66,214744,17,294468
24205,0.040505,74.125.24.0-255,5738,220482,17,294468
24206,0.040529,172.31.36.0-255,66,220548,17,294468
24207,0.041527,172.31.36.0-255,172,220720,17,294468
24208,0.041566,172.31.36.0-255,1117,221837,17,294468
24209,0.041643,172.31.36.0-255,1514,223351,17,294468
24210,0.041645,172.31.36.0-255,1271,224622,17,294468
24211,0.042833,74.125.24.0-255,5738,230360,17,294468
24212,0.042845,172.31.36.0-255,66,230426,17,294468
24213,0.043074,104.244.42.0-255,66,230492,17,294468
24214,0.043143,104.244.42.0-255,66,230558,17,294468
24215,0.043278,104.244.42.0-255,66,230624,17,294468
24216,0.045128,74.125.24.0-255,5738,236362,17,294468
24217,0.045142,172.31.36.0-255,66,236428,17,294468
24218,0.04743,74.125.24.0-255,5738,242166,17,294468
24219,0.047445,172.31.36.0-255,66,242232,17,294468
24220,0.04975,74.125.24.0-255,5738,247970,17,294468
24221,0.049765,172.31.36.0-255,66,248036,17,294468
24222,0.052052,74.125.24.0-255,5738,253774,17,294468
24223,0.052067,172.31.36.0-255,66,253840,17,294468
24224,0.054343,74.125.24.0-255,5738,259578,17,294468
24225,0.054359,172.31.36.0-255,66,259644,17,294468
24226,0.056655,74.125.24.0-255,5738,265382,17,294468
24227,0.056674,172.31.36.0-255,66,265448,17,294468
24228,0.058946,74.125.24.0-255,5738,271186,17,294468
24229,0.058957,172.31.36.0-255,66,271252,17,294468
24230,0.061248,74.125.24.0-255,5738,276990,17,294468
24231,0.06126,172.31.36.0-255,66,277056,17,294468
24232,0.063572,74.125.24.0-255,5738,282794,17,294468
24233,0.063588,172.31.36.0-255,66,282860,17,294468
24234,0.065892,74.125.24.0-255,5738,288598,17,294468
24235,0.065904,172.31.36.0-255,66,288664,17,294468
24236,0.068184,74.125.24.0-255,5738,294402,17,294468
24237,0.0682,172.31.36.0-255,66,294468,17,294468
24238,0.0,74.125.24.0-255,152,152,17,282183
24239,2.3e-05,172.31.36.0-255,66,218,17,282183
24240,2.9e-05,74.125.24.0-255,1484,1702,17,282183
24241,3.3e-05,172.31.36.0-255,66,1768,17,282183
24242,3.8e-05,74.125.24.0-255,2902,4670,17,282183
24243,4.8e-05,172.31.36.0-255,66,4736,17,282183
24244,5.4e-05,74.125.24.0-255,2902,7638,17,282183
24245,5.7e-05,172.31.36.0-255,66,7704,17,282183
24246,6.3e-05,74.125.24.0-255,4320,12024,17,282183
24247,6.6e-05,172.31.36.0-255,66,12090,17,282183
24248,0.000101,74.125.24.0-255,6308,18398,17,282183
24249,0.000104,172.31.36.0-255,66,18464,17,282183
24250,0.000111,74.125.24.0-255,7156,25620,17,282183
24251,0.000113,172.31.36.0-255,66,25686,17,282183
24252,0.000138,74.125.24.0-255,5379,31065,17,282183
24253,0.00014,172.31.36.0-255,66,31131,17,282183
24254,0.000171,74.125.24.0-255,5738,36869,17,282183
24255,0.000173,172.31.36.0-255,66,36935,17,282183
24256,0.000177,74.125.24.0-255,2902,39837,17,282183
24257,0.000179,172.31.36.0-255,66,39903,17,282183
24258,0.000213,74.125.24.0-255,4320,44223,17,282183
24259,0.000215,172.31.36.0-255,66,44289,17,282183
24260,0.00022,74.125.24.0-255,2902,47191,17,282183
24261,0.000221,172.31.36.0-255,66,47257,17,282183
24262,0.000261,74.125.24.0-255,1125,48382,17,282183
24263,0.000264,172.31.36.0-255,66,48448,17,282183
24264,0.000315,74.125.24.0-255,1484,49932,17,282183
24265,0.000318,172.31.36.0-255,66,49998,17,282183
24266,0.000343,74.125.24.0-255,1484,51482,17,282183
24267,0.000346,172.31.36.0-255,66,51548,17,282183
24268,0.00035,74.125.24.0-255,2902,54450,17,282183
24269,0.000352,172.31.36.0-255,66,54516,17,282183
24270,0.000378,74.125.24.0-255,5738,60254,17,282183
24271,0.000381,172.31.36.0-255,66,60320,17,282183
24272,0.000403,74.125.24.0-255,1484,61804,17,282183
24273,0.000418,74.125.24.0-255,2902,64706,17,282183
24274,0.00042,172.31.36.0-255,66,64772,17,282183
24275,0.000466,74.125.24.0-255,1125,65897,17,282183
24276,0.000596,74.125.24.0-255,1484,67381,17,282183
24277,0.0006,172.31.36.0-255,66,67447,17,282183
24278,0.000605,74.125.24.0-255,2902,70349,17,282183
24279,0.000608,172.31.36.0-255,66,70415,17,282183
24280,0.000628,74.125.24.0-255,5738,76153,17,282183
24281,0.000631,172.31.36.0-255,66,76219,17,282183
24282,0.000636,74.125.24.0-255,4320,80539,17,282183
24283,0.000638,172.31.36.0-255,66,80605,17,282183
24284,0.000663,74.125.24.0-255,5738,86343,17,282183
24285,0.000666,172.31.36.0-255,66,86409,17,282183
24286,0.000695,74.125.24.0-255,6797,93206,17,282183
24287,0.000698,172.31.36.0-255,66,93272,17,282183
24288,0.000704,74.125.24.0-255,6797,100069,17,282183
24289,0.000706,172.31.36.0-255,66,100135,17,282183
24290,0.000928,74.125.24.0-255,1484,101619,17,282183
24291,0.000933,74.125.24.0-255,2902,104521,17,282183
24292,0.000936,172.31.36.0-255,66,104587,17,282183
24293,0.000989,74.125.24.0-255,5738,110325,17,282183
24294,0.000991,172.31.36.0-255,66,110391,17,282183
24295,0.001003,172.31.36.0-255,66,110457,17,282183
24296,0.001013,74.125.24.0-255,7156,117613,17,282183
24297,0.001016,172.31.36.0-255,66,117679,17,282183
24298,0.001041,74.125.24.0-255,3602,121281,17,282183
24299,0.001043,172.31.36.0-255,66,121347,17,282183
24300,0.00149,74.125.24.0-255,1484,122831,17,282183
24301,0.001496,74.125.24.0-255,2902,125733,17,282183
24302,0.001499,172.31.36.0-255,66,125799,17,282183
24303,0.001534,74.125.24.0-255,5738,131537,17,282183
24304,0.001536,172.31.36.0-255,66,131603,17,282183
24305,0.001543,74.125.24.0-255,5738,137341,17,282183
24306,0.001544,172.31.36.0-255,66,137407,17,282183
24307,0.00157,74.125.24.0-255,7156,144563,17,282183
24308,0.001572,172.31.36.0-255,66,144629,17,282183
24309,0.001578,74.125.24.0-255,4320,148949,17,282183
24310,0.00158,172.31.36.0-255,66,149015,17,282183
24311,0.001586,74.125.24.0-255,5738,154753,17,282183
24312,0.001587,172.31.36.0-255,66,154819,17,282183
24313,0.00159,74.125.24.0-255,766,155585,17,282183
24314,0.001739,74.125.24.0-255,1484,157069,17,282183
24315,0.001742,172.31.36.0-255,66,157135,17,282183
24316,0.00177,74.125.24.0-255,2902,160037,17,282183
24317,0.001773,172.31.36.0-255,66,160103,17,282183
24318,0.001778,74.125.24.0-255,5738,165841,17,282183
24319,0.00178,172.31.36.0-255,66,165907,17,282183
24320,0.001821,172.31.36.0-255,66,165973,17,282183
24321,0.001858,74.125.24.0-255,7156,173129,17,282183
24322,0.001861,172.31.36.0-255,66,173195,17,282183
24323,0.001885,74.125.24.0-255,3602,176797,17,282183
24324,0.001888,172.31.36.0-255,66,176863,17,282183
24325,0.001893,74.125.24.0-255,4320,181183,17,282183
24326,0.001895,172.31.36.0-255,66,181249,17,282183
24327,0.001923,74.125.24.0-255,7156,188405,17,282183
24328,0.001929,172.31.36.0-255,66,188471,17,282183
24329,0.001934,74.125.24.0-255,2902,191373,17,282183
24330,0.001935,172.31.36.0-255,66,191439,17,282183
24331,0.001975,172.31.36.0-255,66,191505,17,282183
24332,0.00198,74.125.24.0-255,3602,195107,17,282183
24333,0.001982,172.31.36.0-255,66,195173,17,282183
24334,0.002214,74.125.24.0-255,1484,196657,17,282183
24335,0.002219,74.125.24.0-255,1484,198141,17,282183
24336,0.002222,172.31.36.0-255,66,198207,17,282183
24337,0.002245,74.125.24.0-255,1484,199691,17,282183
24338,0.002265,74.125.24.0-255,5738,205429,17,282183
24339,0.002268,172.31.36.0-255,66,205495,17,282183
24340,0.002295,74.125.24.0-255,2902,208397,17,282183
24341,0.002298,172.31.36.0-255,66,208463,17,282183
24342,0.002333,74.125.24.0-255,4320,212783,17,282183
24343,0.002336,172.31.36.0-255,66,212849,17,282183
24344,0.002343,74.125.24.0-255,5738,218587,17,282183
24345,0.002346,172.31.36.0-255,66,218653,17,282183
24346,0.002384,172.31.36.0-255,66,218719,17,282183
24347,0.002531,74.125.24.0-255,1484,220203,17,282183
24348,0.002538,74.125.24.0-255,2902,223105,17,282183
24349,0.002541,172.31.36.0-255,66,223171,17,282183
24350,0.002547,74.125.24.0-255,5738,228909,17,282183
24351,0.00255,172.31.36.0-255,66,228975,17,282183
24352,0.002583,74.125.24.0-255,7156,236131,17,282183
24353,0.002586,172.31.36.0-255,66,236197,17,282183
24354,0.002622,74.125.24.0-255,7156,243353,17,282183
24355,0.002625,172.31.36.0-255,66,243419,17,282183
24356,0.002657,74.125.24.0-255,1484,244903,17,282183
24357,0.002671,172.31.36.0-255,66,244969,17,282183
24358,0.002684,172.31.36.0-255,66,245035,17,282183
24359,0.002703,172.31.36.0-255,66,245101,17,282183
24360,0.002736,74.125.24.0-255,5738,250839,17,282183
24361,0.002739,172.31.36.0-255,66,250905,17,282183
24362,0.002744,74.125.24.0-255,4320,255225,17,282183
24363,0.002747,172.31.36.0-255,66,255291,17,282183
24364,0.002794,172.31.36.0-255,66,255357,17,282183
24365,0.002801,74.125.24.0-255,5738,261095,17,282183
24366,0.002803,172.31.36.0-255,66,261161,17,282183
24367,0.00281,74.125.24.0-255,6438,267599,17,282183
24368,0.002813,172.31.36.0-255,66,267665,17,282183
24369,0.002816,74.125.24.0-255,1484,269149,17,282183
24370,0.002819,74.125.24.0-255,1484,270633,17,282183
24371,0.002821,172.31.36.0-255,66,270699,17,282183
24372,0.002869,172.31.36.0-255,66,270765,17,282183
24373,0.002872,74.125.24.0-255,1484,272249,17,282183
24374,0.002876,74.125.24.0-255,1484,273733,17,282183
24375,0.002878,172.31.36.0-255,66,273799,17,282183
24376,0.002927,172.31.36.0-255,66,273865,17,282183
24377,0.00293,74.125.24.0-255,766,274631,17,282183
24378,0.002946,172.31.36.0-255,66,274697,17,282183
24379,0.002975,74.125.24.0-255,105,274802,17,282183
24380,0.008731,172.31.36.0-255,66,274868,17,282183
24381,0.008772,172.31.36.0-255,105,274973,17,282183
24382,0.011333,74.125.24.0-255,66,275039,17,282183
24383,0.029637,172.31.36.0-255,172,275211,17,282183
24384,0.02967,172.31.36.0-255,1118,276329,17,282183
24385,0.029743,172.31.36.0-255,1514,277843,17,282183
24386,0.029745,172.31.36.0-255,1514,279357,17,282183
24387,0.02975,172.31.36.0-255,1514,280871,17,282183
24388,0.029751,172.31.36.0-255,1048,281919,17,282183
24389,0.031207,104.244.42.0-255,66,281985,17,282183
24390,0.031246,104.244.42.0-255,66,282051,17,282183
24391,0.031331,104.244.42.0-255,66,282117,17,282183
24392,0.031374,104.244.42.0-255,66,282183,17,282183
24393,0.0,172.217.194.0-255,152,152,17,289102
24394,2.1e-05,172.31.36.0-255,66,218,17,289102
24395,2.9e-05,172.217.194.0-255,1484,1702,17,289102
24396,3.3e-05,172.31.36.0-255,66,1768,17,289102
24397,3.8e-05,172.217.194.0-255,2902,4670,17,289102
24398,4e-05,172.31.36.0-255,66,4736,17,289102
24399,5.6e-05,172.217.194.0-255,7156,11892,17,289102
24400,5.8e-05,172.31.36.0-255,66,11958,17,289102
24401,7e-05,172.31.36.0-255,66,12024,17,289102
24402,0.000111,172.217.194.0-255,4320,16344,17,289102
24403,0.000114,172.31.36.0-255,66,16410,17,289102
24404,0.00014,172.217.194.0-255,3961,20371,17,289102
24405,0.000142,172.31.36.0-255,66,20437,17,289102
24406,0.000272,172.217.194.0-255,1484,21921,17,289102
24407,0.000277,172.31.36.0-255,66,21987,17,289102
24408,0.000281,172.217.194.0-255,1484,23471,17,289102
24409,0.000283,172.31.36.0-255,66,23537,17,289102
24410,0.000308,172.217.194.0-255,1484,25021,17,289102
24411,0.000311,172.31.36.0-255,66,25087,17,289102
24412,0.000314,172.217.194.0-255,1484,26571,17,289102
24413,0.000321,172.31.36.0-255,66,26637,17,289102
24414,0.000326,172.217.194.0-255,2902,29539,17,289102
24415,0.000328,172.31.36.0-255,66,29605,17,289102
24416,0.000335,172.217.194.0-255,5738,35343,17,289102
24417,0.000337,172.31.36.0-255,66,35409,17,289102
24418,0.000382,172.31.36.0-255,66,35475,17,289102
24419,0.000398,172.217.194.0-255,1484,36959,17,289102
24420,0.0004,172.31.36.0-255,66,37025,17,289102
24421,0.000437,172.217.194.0-255,7090,44115,17,289102
24422,0.00044,172.31.36.0-255,66,44181,17,289102
24423,0.000443,172.217.194.0-255,384,44565,17,289102
24424,0.000711,172.217.194.0-255,1484,46049,17,289102
24425,0.000716,172.31.36.0-255,66,46115,17,289102
24426,0.000722,172.217.194.0-255,2902,49017,17,289102
24427,0.000725,172.31.36.0-255,66,49083,17,289102
24428,0.000736,172.217.194.0-255,5738,54821,17,289102
24429,0.000738,172.31.36.0-255,66,54887,17,289102
24430,0.000785,172.217.194.0-255,1484,56371,17,289102
24431,0.000789,172.31.36.0-255,66,56437,17,289102
24432,0.000826,172.31.36.0-255,66,56503,17,289102
24433,0.001693,172.217.194.0-255,1484,57987,17,289102
24434,0.001702,172.217.194.0-255,2902,60889,17,289102
24435,0.001706,172.31.36.0-255,66,60955,17,289102
24436,0.001713,172.217.194.0-255,5738,66693,17,289102
24437,0.001714,172.31.36.0-255,66,66759,17,289102
24438,0.001738,172.31.36.0-255,66,66825,17,289102
24439,0.001766,172.217.194.0-255,4320,71145,17,289102
24440,0.001768,172.31.36.0-255,66,71211,17,289102
24441,0.001778,172.31.36.0-255,66,71277,17,289102
24442,0.001781,172.217.194.0-255,766,72043,17,289102
24443,0.002182,172.217.194.0-255,1484,73527,17,289102
24444,0.002188,172.31.36.0-255,66,73593,17,289102
24445,0.002195,172.217.194.0-255,2902,76495,17,289102
24446,0.002197,172.31.36.0-255,66,76561,17,289102
24447,0.002208,172.217.194.0-255,5738,82299,17,289102
24448,0.00221,172.31.36.0-255,66,82365,17,289102
24449,0.002217,172.217.194.0-255,7156,89521,17,289102
24450,0.002219,172.31.36.0-255,66,89587,17,289102
24451,0.002263,172.31.36.0-255,66,89653,17,289102
24452,0.002268,172.217.194.0-255,2184,91837,17,289102
24453,0.00227,172.31.36.0-255,66,91903,17,289102
24454,0.002274,172.217.194.0-255,2902,94805,17,289102
24455,0.00228,172.31.36.0-255,66,94871,17,289102
24456,0.002287,172.217.194.0-255,4320,99191,17,289102
24457,0.00229,172.31.36.0-255,66,99257,17,289102
24458,0.002302,172.217.194.0-255,2902,102159,17,289102
24459,0.002305,172.31.36.0-255,66,102225,17,289102
24460,0.002311,172.217.194.0-255,5738,107963,17,289102
24461,0.002314,172.31.36.0-255,66,108029,17,289102
24462,0.002357,172.31.36.0-255,66,108095,17,289102
24463,0.002386,172.217.194.0-255,1484,109579,17,289102
24464,0.002402,172.217.194.0-255,6438,116017,17,289102
24465,0.002405,172.31.36.0-255,66,116083,17,289102
24466,0.002432,172.217.194.0-255,1484,117567,17,289102
24467,0.002437,172.217.194.0-255,2902,120469,17,289102
24468,0.002439,172.31.36.0-255,66,120535,17,289102
24469,0.002444,172.217.194.0-255,2902,123437,17,289102
24470,0.002446,172.31.36.0-255,66,123503,17,289102
24471,0.004784,172.217.194.0-255,4320,127823,17,289102
24472,0.004789,172.31.36.0-255,66,127889,17,289102
24473,0.004812,172.217.194.0-255,1484,129373,17,289102
24474,0.007199,172.217.194.0-255,4320,133693,17,289102
24475,0.007202,172.31.36.0-255,66,133759,17,289102
24476,0.008034,172.31.36.0-255,101,133860,17,289102
24477,0.009612,172.217.194.0-255,5738,139598,17,289102
24478,0.009618,172.31.36.0-255,66,139664,17,289102
24479,0.010348,172.217.194.0-255,66,139730,17,289102
24480,0.01196,172.217.194.0-255,5738,145468,17,289102
24481,0.011966,172.31.36.0-255,66,145534,17,289102
24482,0.014375,172.217.194.0-255,5738,151272,17,289102
24483,0.014387,172.31.36.0-255,66,151338,17,289102
24484,0.016819,172.217.194.0-255,5738,157076,17,289102
24485,0.016831,172.31.36.0-255,66,157142,17,289102
24486,0.019222,172.217.194.0-255,5738,162880,17,289102
24487,0.019232,172.31.36.0-255,66,162946,17,289102
24488,0.02159,172.217.194.0-255,5738,168684,17,289102
24489,0.021598,172.31.36.0-255,66,168750,17,289102
24490,0.023969,172.217.194.0-255,5738,174488,17,289102
24491,0.023987,172.31.36.0-255,66,174554,17,289102
24492,0.026369,172.217.194.0-255,5738,180292,17,289102
24493,0.026385,172.31.36.0-255,66,180358,17,289102
24494,0.028845,172.217.194.0-255,5738,186096,17,289102
24495,0.028862,172.31.36.0-255,66,186162,17,289102
24496,0.031222,172.217.194.0-255,5738,191900,17,289102
24497,0.031229,172.31.36.0-255,66,191966,17,289102
24498,0.033588,172.217.194.0-255,5738,197704,17,289102
24499,0.0336,172.31.36.0-255,66,197770,17,289102
24500,0.036017,172.217.194.0-255,5738,203508,17,289102
24501,0.036031,172.31.36.0-255,66,203574,17,289102
24502,0.038404,172.217.194.0-255,5738,209312,17,289102
24503,0.038411,172.31.36.0-255,66,209378,17,289102
24504,0.039734,172.31.36.0-255,172,209550,17,289102
24505,0.039767,172.31.36.0-255,1117,210667,17,289102
24506,0.03982,172.31.36.0-255,1514,212181,17,289102
24507,0.039822,172.31.36.0-255,1271,213452,17,289102
24508,0.040827,172.217.194.0-255,5738,219190,17,289102
24509,0.040833,172.31.36.0-255,66,219256,17,289102
24510,0.04132,104.244.42.0-255,66,219322,17,289102
24511,0.041328,104.244.42.0-255,66,219388,17,289102
24512,0.041346,104.244.42.0-255,66,219454,17,289102
24513,0.043204,172.217.194.0-255,5738,225192,17,289102
24514,0.043211,172.31.36.0-255,66,225258,17,289102
24515,0.045624,172.217.194.0-255,5738,230996,17,289102
24516,0.045635,172.31.36.0-255,66,231062,17,289102
24517,0.048105,172.217.194.0-255,5738,236800,17,289102
24518,0.048112,172.31.36.0-255,66,236866,17,289102
24519,0.050478,172.217.194.0-255,5738,242604,17,289102
24520,0.05049,172.31.36.0-255,66,242670,17,289102
24521,0.052853,172.217.194.0-255,5738,248408,17,289102
24522,0.052861,172.31.36.0-255,66,248474,17,289102
24523,0.055258,172.217.194.0-255,5738,254212,17,289102
24524,0.055265,172.31.36.0-255,66,254278,17,289102
24525,0.057669,172.217.194.0-255,5738,260016,17,289102
24526,0.057675,172.31.36.0-255,66,260082,17,289102
24527,0.06003,172.217.194.0-255,5738,265820,17,289102
24528,0.060037,172.31.36.0-255,66,265886,17,289102
24529,0.062481,172.217.194.0-255,5738,271624,17,289102
24530,0.062488,172.31.36.0-255,66,271690,17,289102
24531,0.064933,172.217.194.0-255,5738,277428,17,289102
24532,0.064941,172.31.36.0-255,66,277494,17,289102
24533,0.06728,172.217.194.0-255,5738,283232,17,289102
24534,0.067287,172.31.36.0-255,66,283298,17,289102
24535,0.069744,172.217.194.0-255,5738,289036,17,289102
24536,0.069752,172.31.36.0-255,66,289102,17,289102
24537,0.0,172.217.194.0-255,216,216,17,299674
24538,3e-05,172.31.36.0-255,66,282,17,299674
24539,3.7e-05,172.217.194.0-255,1484,1766,17,299674
24540,4.1e-05,172.31.36.0-255,66,1832,17,299674
24541,5.7e-05,172.217.194.0-255,4320,6152,17,299674
24542,6e-05,172.31.36.0-255,66,6218,17,299674
24543,6.4e-05,172.217.194.0-255,2902,9120,17,299674
24544,6.7e-05,172.31.36.0-255,66,9186,17,299674
24545,0.000107,172.217.194.0-255,6121,15307,17,299674
24546,0.000111,172.31.36.0-255,66,15373,17,299674
24547,0.000114,172.217.194.0-255,1484,16857,17,299674
24548,0.000116,172.31.36.0-255,66,16923,17,299674
24549,0.000122,172.217.194.0-255,5738,22661,17,299674
24550,0.000124,172.31.36.0-255,66,22727,17,299674
24551,0.000163,172.217.194.0-255,7156,29883,17,299674
24552,0.000166,172.31.36.0-255,66,29949,17,299674
24553,0.000169,172.217.194.0-255,1125,31074,17,299674
24554,0.000171,172.31.36.0-255,66,31140,17,299674
24555,0.000286,172.217.194.0-255,1484,32624,17,299674
24556,0.000291,172.31.36.0-255,66,32690,17,299674
24557,0.000304,172.217.194.0-255,2902,35592,17,299674
24558,0.000311,172.31.36.0-255,66,35658,17,299674
24559,0.000319,172.217.194.0-255,5738,41396,17,299674
24560,0.000321,172.31.36.0-255,66,41462,17,299674
24561,0.000384,172.31.36.0-255,66,41528,17,299674
24562,0.000389,172.217.194.0-255,2902,44430,17,299674
24563,0.000391,172.31.36.0-255,66,44496,17,299674
24564,0.000428,172.31.36.0-255,66,44562,17,299674
24565,0.000431,172.217.194.0-255,341,44903,17,299674
24566,0.000438,172.31.36.0-255,66,44969,17,299674
24567,0.000475,172.217.194.0-255,119,45088,17,299674
24568,0.00078,172.31.36.0-255,66,45154,17,299674
24569,0.00081,172.217.194.0-255,1484,46638,17,299674
24570,0.000816,172.217.194.0-255,1484,48122,17,299674
24571,0.000819,172.31.36.0-255,66,48188,17,299674
24572,0.000843,172.217.194.0-255,1484,49672,17,299674
24573,0.000848,172.217.194.0-255,2902,52574,17,299674
24574,0.000851,172.31.36.0-255,66,52640,17,299674
24575,0.000881,172.217.194.0-255,2902,55542,17,299674
24576,0.000884,172.31.36.0-255,66,55608,17,299674
24577,0.000898,172.31.36.0-255,66,55674,17,299674
24578,0.00091,172.217.194.0-255,5738,61412,17,299674
24579,0.000912,172.31.36.0-255,66,61478,17,299674
24580,0.000959,172.217.194.0-255,4320,65798,17,299674
24581,0.000963,172.31.36.0-255,66,65864,17,299674
24582,0.000981,172.217.194.0-255,766,66630,17,299674
24583,0.001021,172.217.194.0-255,1484,68114,17,299674
24584,0.001026,172.31.36.0-255,66,68180,17,299674
24585,0.001055,172.217.194.0-255,2902,71082,17,299674
24586,0.001058,172.31.36.0-255,66,71148,17,299674
24587,0.001065,172.217.194.0-255,5738,76886,17,299674
24588,0.001067,172.31.36.0-255,66,76952,17,299674
24589,0.001145,172.217.194.0-255,1484,78436,17,299674
24590,0.001171,172.31.36.0-255,66,78502,17,299674
24591,0.001178,172.217.194.0-255,5738,84240,17,299674
24592,0.001181,172.31.36.0-255,66,84306,17,299674
24593,0.001193,172.31.36.0-255,66,84372,17,299674
24594,0.001222,172.31.36.0-255,66,84438,17,299674
24595,0.001239,172.31.36.0-255,66,84504,17,299674
24596,0.001278,172.31.36.0-255,66,84570,17,299674
24597,0.001484,172.217.194.0-255,1484,86054,17,299674
24598,0.001488,172.217.194.0-255,1484,87538,17,299674
24599,0.001492,172.31.36.0-255,66,87604,17,299674
24600,0.001509,172.217.194.0-255,1484,89088,17,299674
24601,0.001515,172.217.194.0-255,5738,94826,17,299674
24602,0.001518,172.31.36.0-255,66,94892,17,299674
24603,0.001522,172.217.194.0-255,1484,96376,17,299674
24604,0.001545,172.217.194.0-255,2902,99278,17,299674
24605,0.001548,172.31.36.0-255,66,99344,17,299674
24606,0.001555,172.217.194.0-255,5738,105082,17,299674
24607,0.001557,172.31.36.0-255,66,105148,17,299674
24608,0.001587,172.217.194.0-255,5738,110886,17,299674
24609,0.00159,172.31.36.0-255,66,110952,17,299674
24610,0.0016,172.31.36.0-255,66,111018,17,299674
24611,0.00169,172.217.194.0-255,5738,116756,17,299674
24612,0.001694,172.31.36.0-255,66,116822,17,299674
24613,0.001725,172.31.36.0-255,66,116888,17,299674
24614,0.00177,172.217.194.0-255,5738,122626,17,299674
24615,0.001773,172.31.36.0-255,66,122692,17,299674
24616,0.001808,172.217.194.0-255,2902,125594,17,299674
24617,0.001812,172.31.36.0-255,66,125660,17,299674
24618,0.001818,172.217.194.0-255,3602,129262,17,299674
24619,0.00182,172.31.36.0-255,66,129328,17,299674
24620,0.004098,172.217.194.0-255,5738,135066,17,299674
24621,0.004109,172.31.36.0-255,66,135132,17,299674
24622,0.00641,172.217.194.0-255,5738,140870,17,299674
24623,0.006419,172.31.36.0-255,66,140936,17,299674
24624,0.008696,172.217.194.0-255,1484,142420,17,299674
24625,0.008734,172.217.194.0-255,4320,146740,17,299674
24626,0.008739,172.31.36.0-255,66,146806,17,299674
24627,0.011041,172.217.194.0-255,5738,152544,17,299674
24628,0.011051,172.31.36.0-255,66,152610,17,299674
24629,0.013335,172.217.194.0-255,5738,158348,17,299674
24630,0.013343,172.31.36.0-255,66,158414,17,299674
24631,0.015657,172.217.194.0-255,5738,164152,17,299674
24632,0.015667,172.31.36.0-255,66,164218,17,299674
24633,0.017923,172.217.194.0-255,5738,169956,17,299674
24634,0.017932,172.31.36.0-255,66,170022,17,299674
24635,0.020206,172.217.194.0-255,5738,175760,17,299674
24636,0.020212,172.31.36.0-255,66,175826,17,299674
24637,0.022472,172.217.194.0-255,5738,181564,17,299674
24638,0.022478,172.31.36.0-255,66,181630,17,299674
24639,0.024779,172.217.194.0-255,5738,187368,17,299674
24640,0.024788,172.31.36.0-255,66,187434,17,299674
24641,0.027091,172.217.194.0-255,5738,193172,17,299674
24642,0.027099,172.31.36.0-255,66,193238,17,299674
24643,0.029388,172.217.194.0-255,5738,198976,17,299674
24644,0.029395,172.31.36.0-255,66,199042,17,299674
24645,0.03092,172.31.36.0-255,172,199214,17,299674
24646,0.030952,172.31.36.0-255,1118,200332,17,299674
24647,0.030984,172.31.36.0-255,1514,201846,17,299674
24648,0.030985,172.31.36.0-255,1270,203116,17,299674
24649,0.031671,172.217.194.0-255,5738,208854,17,299674
24650,0.031679,172.31.36.0-255,66,208920,17,299674
24651,0.032495,104.244.42.0-255,66,208986,17,299674
24652,0.032502,104.244.42.0-255,66,209052,17,299674
24653,0.032539,104.244.42.0-255,66,209118,17,299674
24654,0.033945,172.217.194.0-255,1484,210602,17,299674
24655,0.033982,172.217.194.0-255,4320,214922,17,299674
24656,0.033987,172.31.36.0-255,66,214988,17,299674
24657,0.036253,172.217.194.0-255,5738,220726,17,299674
24658,0.036259,172.31.36.0-255,66,220792,17,299674
24659,0.038539,172.217.194.0-255,4320,225112,17,299674
24660,0.038545,172.31.36.0-255,66,225178,17,299674
24661,0.038579,172.217.194.0-255,1484,226662,17,299674
24662,0.040823,172.217.194.0-255,4320,230982,17,299674
24663,0.040828,172.31.36.0-255,66,231048,17,299674
24664,0.043084,172.217.194.0-255,4320,235368,17,299674
24665,0.043093,172.31.36.0-255,66,235434,17,299674
24666,0.04313,172.217.194.0-255,1484,236918,17,299674
24667,0.045368,172.217.194.0-255,4320,241238,17,299674
24668,0.045376,172.31.36.0-255,66,241304,17,299674
24669,0.04767,172.217.194.0-255,5738,247042,17,299674
24670,0.047676,172.31.36.0-255,66,247108,17,299674
24671,0.049967,172.217.194.0-255,5738,252846,17,299674
24672,0.049972,172.31.36.0-255,66,252912,17,299674
24673,0.052263,172.217.194.0-255,5738,258650,17,299674
24674,0.052268,172.31.36.0-255,66,258716,17,299674
24675,0.054566,172.217.194.0-255,5738,264454,17,299674
24676,0.054571,172.31.36.0-255,66,264520,17,299674
24677,0.056835,172.217.194.0-255,5738,270258,17,299674
24678,0.056842,172.31.36.0-255,66,270324,17,299674
24679,0.05913,172.217.194.0-255,5738,276062,17,299674
24680,0.059135,172.31.36.0-255,66,276128,17,299674
24681,0.0614,172.217.194.0-255,5738,281866,17,299674
24682,0.061406,172.31.36.0-255,66,281932,17,299674
24683,0.063686,172.217.194.0-255,2902,284834,17,299674
24684,0.063692,172.31.36.0-255,66,284900,17,299674
24685,0.063725,172.217.194.0-255,2902,287802,17,299674
24686,0.063729,172.31.36.0-255,66,287868,17,299674
24687,0.065982,172.217.194.0-255,2902,290770,17,299674
24688,0.065986,172.31.36.0-255,66,290836,17,299674
24689,0.066018,172.217.194.0-255,2902,293738,17,299674
24690,0.066021,172.31.36.0-255,66,293804,17,299674
24691,0.068274,172.217.194.0-255,1484,295288,17,299674
24692,0.068306,172.217.194.0-255,4320,299608,17,299674
24693,0.068311,172.31.36.0-255,66,299674,17,299674
24694,0.0,74.125.68.0-255,152,152,17,333074
24695,1.7e-05,172.31.36.0-255,66,218,17,333074
24696,2.4e-05,74.125.68.0-255,1484,1702,17,333074
24697,2.9e-05,172.31.36.0-255,66,1768,17,333074
24698,3.3e-05,74.125.68.0-255,1484,3252,17,333074
24699,4.4e-05,172.31.36.0-255,66,3318,17,333074
24700,6.6e-05,74.125.68.0-255,1484,4802,17,333074
24701,7.4e-05,172.31.36.0-255,66,4868,17,333074
24702,8.2e-05,74.125.68.0-255,5738,10606,17,333074
24703,8.5e-05,172.31.36.0-255,66,10672,17,333074
24704,8.8e-05,74.125.68.0-255,1484,12156,17,333074
24705,9e-05,172.31.36.0-255,66,12222,17,333074
24706,9.4e-05,74.125.68.0-255,2052,14274,17,333074
24707,9.7e-05,172.31.36.0-255,66,14340,17,333074
24708,0.000157,74.125.68.0-255,5738,20078,17,333074
24709,0.000161,172.31.36.0-255,66,20144,17,333074
24710,0.000168,74.125.68.0-255,7156,27300,17,333074
24711,0.00017,172.31.36.0-255,66,27366,17,333074
24712,0.00021,74.125.68.0-255,3961,31327,17,333074
24713,0.000213,172.31.36.0-255,66,31393,17,333074
24714,0.000477,74.125.68.0-255,1484,32877,17,333074
24715,0.000484,172.31.36.0-255,66,32943,17,333074
24716,0.000491,74.125.68.0-255,2902,35845,17,333074
24717,0.000494,172.31.36.0-255,66,35911,17,333074
24718,0.000506,74.125.68.0-255,5738,41649,17,333074
24719,0.000509,172.31.36.0-255,66,41715,17,333074
24720,0.000537,74.125.68.0-255,6797,48512,17,333074
24721,0.000539,172.31.36.0-255,66,48578,17,333074
24722,0.000583,74.125.68.0-255,7156,55734,17,333074
24723,0.000592,172.31.36.0-255,66,55800,17,333074
24724,0.00063,74.125.68.0-255,2902,58702,17,333074
24725,0.000633,172.31.36.0-255,66,58768,17,333074
24726,0.000681,74.125.68.0-255,2902,61670,17,333074
24727,0.000684,172.31.36.0-255,66,61736,17,333074
24728,0.000704,74.125.68.0-255,3961,65697,17,333074
24729,0.000707,172.31.36.0-255,66,65763,17,333074
24730,0.001068,74.125.68.0-255,645,66408,17,333074
24731,0.001123,172.31.36.0-255,66,66474,17,333074
24732,0.001264,74.125.68.0-255,1484,67958,17,333074
24733,0.001291,74.125.68.0-255,2902,70860,17,333074
24734,0.001295,172.31.36.0-255,66,70926,17,333074
24735,0.001324,74.125.68.0-255,4320,75246,17,333074
24736,0.001326,172.31.36.0-255,66,75312,17,333074
24737,0.001344,74.125.68.0-255,2902,78214,17,333074
24738,0.001346,172.31.36.0-255,66,78280,17,333074
24739,0.001374,74.125.68.0-255,2902,81182,17,333074
24740,0.001376,172.31.36.0-255,66,81248,17,333074
24741,0.001385,74.125.68.0-255,7156,88404,17,333074
24742,0.001387,172.31.36.0-255,66,88470,17,333074
24743,0.001417,74.125.68.0-255,2902,91372,17,333074
24744,0.00142,172.31.36.0-255,66,91438,17,333074
24745,0.001445,74.125.68.0-255,4320,95758,17,333074
24746,0.001447,172.31.36.0-255,66,95824,17,333074
24747,0.00147,74.125.68.0-255,1484,97308,17,333074
24748,0.001489,74.125.68.0-255,3602,100910,17,333074
24749,0.001491,172.31.36.0-255,66,100976,17,333074
24750,0.001603,74.125.68.0-255,1484,102460,17,333074
24751,0.001623,74.125.68.0-255,2902,105362,17,333074
24752,0.001626,172.31.36.0-255,66,105428,17,333074
24753,0.001646,74.125.68.0-255,2902,108330,17,333074
24754,0.001648,172.31.36.0-255,66,108396,17,333074
24755,0.001651,74.125.68.0-255,1484,109880,17,333074
24756,0.001676,74.125.68.0-255,2902,112782,17,333074
24757,0.001678,172.31.36.0-255,66,112848,17,333074
24758,0.00171,172.31.36.0-255,66,112914,17,333074
24759,0.001743,74.125.68.0-255,2902,115816,17,333074
24760,0.001745,172.31.36.0-255,66,115882,17,333074
24761,0.001774,74.125.68.0-255,7156,123038,17,333074
24762,0.001777,172.31.36.0-255,66,123104,17,333074
24763,0.001814,74.125.68.0-255,1484,124588,17,333074
24764,0.001819,74.125.68.0-255,2184,126772,17,333074
24765,0.001822,172.31.36.0-255,66,126838,17,333074
24766,0.002006,74.125.68.0-255,1484,128322,17,333074
24767,0.002026,74.125.68.0-255,2902,131224,17,333074
24768,0.002032,172.31.36.0-255,66,131290,17,333074
24769,0.002037,74.125.68.0-255,2902,134192,17,333074
24770,0.00204,172.31.36.0-255,66,134258,17,333074
24771,0.002064,74.125.68.0-255,2902,137160,17,333074
24772,0.002067,172.31.36.0-255,66,137226,17,333074
24773,0.00207,74.125.68.0-255,1484,138710,17,333074
24774,0.002074,74.125.68.0-255,1484,140194,17,333074
24775,0.002076,172.31.36.0-255,66,140260,17,333074
24776,0.002119,74.125.68.0-255,7156,147416,17,333074
24777,0.002123,172.31.36.0-255,66,147482,17,333074
24778,0.002161,172.31.36.0-255,66,147548,17,333074
24779,0.002215,74.125.68.0-255,3602,151150,17,333074
24780,0.002218,172.31.36.0-255,66,151216,17,333074
24781,0.004378,74.125.68.0-255,1484,152700,17,333074
24782,0.004441,74.125.68.0-255,1484,154184,17,333074
24783,0.004444,172.31.36.0-255,66,154250,17,333074
24784,0.004469,74.125.68.0-255,2902,157152,17,333074
24785,0.004472,172.31.36.0-255,66,157218,17,333074
24786,0.006663,74.125.68.0-255,2902,160120,17,333074
24787,0.006667,172.31.36.0-255,66,160186,17,333074
24788,0.006685,74.125.68.0-255,2902,163088,17,333074
24789,0.006688,172.31.36.0-255,66,163154,17,333074
24790,0.008886,74.125.68.0-255,2902,166056,17,333074
24791,0.008893,172.31.36.0-255,66,166122,17,333074
24792,0.008911,74.125.68.0-255,2902,169024,17,333074
24793,0.008918,172.31.36.0-255,66,169090,17,333074
24794,0.011136,74.125.68.0-255,2902,171992,17,333074
24795,0.011145,172.31.36.0-255,66,172058,17,333074
24796,0.011176,74.125.68.0-255,2902,174960,17,333074
24797,0.011179,172.31.36.0-255,66,175026,17,333074
24798,0.013419,74.125.68.0-255,5738,180764,17,333074
24799,0.013429,172.31.36.0-255,66,180830,17,333074
24800,0.015669,74.125.68.0-255,5738,186568,17,333074
24801,0.015681,172.31.36.0-255,66,186634,17,333074
24802,0.017908,74.125.68.0-255,5738,192372,17,333074
24803,0.017915,172.31.36.0-255,66,192438,17,333074
24804,0.020151,74.125.68.0-255,5738,198176,17,333074
24805,0.02016,172.31.36.0-255,66,198242,17,333074
24806,0.022385,74.125.68.0-255,5738,203980,17,333074
24807,0.022393,172.31.36.0-255,66,204046,17,333074
24808,0.024634,74.125.68.0-255,5738,209784,17,333074
24809,0.024641,172.31.36.0-255,66,209850,17,333074
24810,0.026436,172.31.36.0-255,172,210022,17,333074
24811,0.026468,172.31.36.0-255,1118,211140,17,333074
24812,0.02653,172.31.36.0-255,1514,212654,17,333074
24813,0.026532,172.31.36.0-255,1514,214168,17,333074
24814,0.026537,172.31.36.0-255,1514,215682,17,333074
24815,0.026538,172.31.36.0-255,1048,216730,17,333074
24816,0.026878,74.125.68.0-255,5738,222468,17,333074
24817,0.026885,172.31.36.0-255,66,222534,17,333074
24818,0.027996,104.244.42.0-255,66,222600,17,333074
24819,0.028046,104.244.42.0-255,66,222666,17,333074
24820,0.028107,104.244.42.0-255,66,222732,17,333074
24821,0.028112,104.244.42.0-255,66,222798,17,333074
24822,0.02912,74.125.68.0-255,5738,228536,17,333074
24823,0.029127,172.31.36.0-255,66,228602,17,333074
24824,0.03137,74.125.68.0-255,5738,234340,17,333074
24825,0.031377,172.31.36.0-255,66,234406,17,333074
24826,0.03362,74.125.68.0-255,5738,240144,17,333074
24827,0.033628,172.31.36.0-255,66,240210,17,333074
24828,0.03585,74.125.68.0-255,5738,245948,17,333074
24829,0.035855,172.31.36.0-255,66,246014,17,333074
24830,0.038087,74.125.68.0-255,5738,251752,17,333074
24831,0.038094,172.31.36.0-255,66,251818,17,333074
24832,0.04038,74.125.68.0-255,5738,257556,17,333074
24833,0.040387,172.31.36.0-255,66,257622,17,333074
24834,0.042612,74.125.68.0-255,5738,263360,17,333074
24835,0.042621,172.31.36.0-255,66,263426,17,333074
24836,0.044859,74.125.68.0-255,5738,269164,17,333074
24837,0.044865,172.31.36.0-255,66,269230,17,333074
24838,0.047095,74.125.68.0-255,5738,274968,17,333074
24839,0.047102,172.31.36.0-255,66,275034,17,333074
24840,0.049333,74.125.68.0-255,5738,280772,17,333074
24841,0.049339,172.31.36.0-255,66,280838,17,333074
24842,0.051567,74.125.68.0-255,5738,286576,17,333074
24843,0.051574,172.31.36.0-255,66,286642,17,333074
24844,0.053825,74.125.68.0-255,5738,292380,17,333074
24845,0.053831,172.31.36.0-255,66,292446,17,333074
24846,0.056067,74.125.68.0-255,5738,298184,17,333074
24847,0.056073,172.31.36.0-255,66,298250,17,333074
24848,0.058315,74.125.68.0-255,5738,303988,17,333074
24849,0.058322,172.31.36.0-255,66,304054,17,333074
24850,0.060539,74.125.68.0-255,5738,309792,17,333074
24851,0.060545,172.31.36.0-255,66,309858,17,333074
24852,0.062786,74.125.68.0-255,5738,315596,17,333074
24853,0.062793,172.31.36.0-255,66,315662,17,333074
24854,0.06503,74.125.68.0-255,5738,321400,17,333074
24855,0.065036,172.31.36.0-255,66,321466,17,333074
24856,0.067271,74.125.68.0-255,5738,327204,17,333074
24857,0.067277,172.31.36.0-255,66,327270,17,333074
24858,0.069511,74.125.68.0-255,5738,333008,17,333074
24859,0.069516,172.31.36.0-255,66,333074,17,333074
24860,0.0,74.125.24.0-255,220,220,17,309150
24861,2.3e-05,172.31.36.0-255,66,286,17,309150
24862,3.1e-05,74.125.24.0-255,1484,1770,17,309150
24863,3.5e-05,172.31.36.0-255,66,1836,17,309150
24864,4.3e-05,74.125.24.0-255,4320,6156,17,309150
24865,4.6e-05,172.31.36.0-255,66,6222,17,309150
24866,5e-05,74.125.24.0-255,2902,9124,17,309150
24867,5.4e-05,172.31.36.0-255,66,9190,17,309150
24868,0.000126,74.125.24.0-255,4630,13820,17,309150
24869,0.00013,172.31.36.0-255,66,13886,17,309150
24870,0.00039,74.125.24.0-255,1484,15370,17,309150
24871,0.000396,172.31.36.0-255,66,15436,17,309150
24872,0.000402,74.125.24.0-255,2902,18338,17,309150
24873,0.000405,172.31.36.0-255,66,18404,17,309150
24874,0.000409,74.125.24.0-255,1484,19888,17,309150
24875,0.000411,172.31.36.0-255,66,19954,17,309150
24876,0.000437,74.125.24.0-255,4320,24274,17,309150
24877,0.00044,172.31.36.0-255,66,24340,17,309150
24878,0.000472,172.31.36.0-255,66,24406,17,309150
24879,0.000504,172.31.36.0-255,66,24472,17,309150
24880,0.000511,74.125.24.0-255,5738,30210,17,309150
24881,0.000513,172.31.36.0-255,66,30276,17,309150
24882,0.000556,74.125.24.0-255,4320,34596,17,309150
24883,0.000559,172.31.36.0-255,66,34662,17,309150
24884,0.000578,74.125.24.0-255,2517,37179,17,309150
24885,0.00058,172.31.36.0-255,66,37245,17,309150
24886,0.000583,74.125.24.0-255,113,37358,17,309150
24887,0.000586,172.31.36.0-255,66,37424,17,309150
24888,0.000734,74.125.24.0-255,1484,38908,17,309150
24889,0.000738,172.31.36.0-255,66,38974,17,309150
24890,0.000744,74.125.24.0-255,2902,41876,17,309150
24891,0.000747,172.31.36.0-255,66,41942,17,309150
24892,0.000754,74.125.24.0-255,5738,47680,17,309150
24893,0.000756,172.31.36.0-255,66,47746,17,309150
24894,0.000761,74.125.24.0-255,4320,52066,17,309150
24895,0.000764,172.31.36.0-255,66,52132,17,309150
24896,0.000768,74.125.24.0-255,2902,55034,17,309150
24897,0.00077,172.31.36.0-255,66,55100,17,309150
24898,0.000805,172.31.36.0-255,66,55166,17,309150
24899,0.000811,74.125.24.0-255,5738,60904,17,309150
24900,0.000814,172.31.36.0-255,66,60970,17,309150
24901,0.000826,74.125.24.0-255,2184,63154,17,309150
24902,0.000829,172.31.36.0-255,66,63220,17,309150
24903,0.001742,74.125.24.0-255,1484,64704,17,309150
24904,0.001754,74.125.24.0-255,2902,67606,17,309150
24905,0.001759,172.31.36.0-255,66,67672,17,309150
24906,0.001767,74.125.24.0-255,5738,73410,17,309150
24907,0.001769,172.31.36.0-255,66,73476,17,309150
24908,0.001789,74.125.24.0-255,2902,76378,17,309150
24909,0.001792,172.31.36.0-255,66,76444,17,309150
24910,0.001823,172.31.36.0-255,66,76510,17,309150
24911,0.001831,74.125.24.0-255,7156,83666,17,309150
24912,0.001833,172.31.36.0-255,66,83732,17,309150
24913,0.001846,74.125.24.0-255,3602,87334,17,309150
24914,0.001848,172.31.36.0-255,66,87400,17,309150
24915,0.001927,74.125.24.0-255,1484,88884,17,309150
24916,0.001942,74.125.24.0-255,2902,91786,17,309150
24917,0.001946,172.31.36.0-255,66,91852,17,309150
24918,0.00195,74.125.24.0-255,1484,93336,17,309150
24919,0.001967,74.125.24.0-255,4320,97656,17,309150
24920,0.00197,172.31.36.0-255,66,97722,17,309150
24921,0.001983,74.125.24.0-255,1484,99206,17,309150
24922,0.002006,172.31.36.0-255,66,99272,17,309150
24923,0.002052,172.31.36.0-255,66,99338,17,309150
24924,0.002099,172.31.36.0-255,66,99404,17,309150
24925,0.002107,74.125.24.0-255,7156,106560,17,309150
24926,0.002109,172.31.36.0-255,66,106626,17,309150
24927,0.002123,74.125.24.0-255,4320,110946,17,309150
24928,0.002125,172.31.36.0-255,66,111012,17,309150
24929,0.00216,172.31.36.0-255,66,111078,17,309150
24930,0.002216,74.125.24.0-255,1484,112562,17,309150
24931,0.00222,74.125.24.0-255,2902,115464,17,309150
24932,0.002222,172.31.36.0-255,66,115530,17,309150
24933,0.002227,74.125.24.0-255,4320,119850,17,309150
24934,0.002229,172.31.36.0-255,66,119916,17,309150
24935,0.002251,74.125.24.0-255,2902,122818,17,309150
24936,0.002253,172.31.36.0-255,66,122884,17,309150
24937,0.002272,74.125.24.0-255,5738,128622,17,309150
24938,0.002275,172.31.36.0-255,66,128688,17,309150
24939,0.002279,74.125.24.0-255,2902,131590,17,309150
24940,0.002281,172.31.36.0-255,66,131656,17,309150
24941,0.002309,172.31.36.0-255,66,131722,17,309150
24942,0.002327,74.125.24.0-255,2184,133906,17,309150
24943,0.002329,172.31.36.0-255,66,133972,17,309150
24944,0.00238,74.125.24.0-255,2902,136874,17,309150
24945,0.002383,172.31.36.0-255,66,136940,17,309150
24946,0.002386,74.125.24.0-255,1484,138424,17,309150
24947,0.0024,74.125.24.0-255,2902,141326,17,309150
24948,0.002402,172.31.36.0-255,66,141392,17,309150
24949,0.002405,74.125.24.0-255,1484,142876,17,309150
24950,0.002428,74.125.24.0-255,7156,150032,17,309150
24951,0.00243,172.31.36.0-255,66,150098,17,309150
24952,0.002438,74.125.24.0-255,1484,151582,17,309150
24953,0.002457,172.31.36.0-255,66,151648,17,309150
24954,0.002482,74.125.24.0-255,2902,154550,17,309150
24955,0.002484,172.31.36.0-255,66,154616,17,309150
24956,0.002494,74.125.24.0-255,2184,156800,17,309150
24957,0.002496,172.31.36.0-255,66,156866,17,309150
24958,0.005014,74.125.24.0-255,2902,159768,17,309150
24959,0.005026,172.31.36.0-255,66,159834,17,309150
24960,0.005049,74.125.24.0-255,1484,161318,17,309150
24961,0.005067,74.125.24.0-255,1484,162802,17,309150
24962,0.00507,172.31.36.0-255,66,162868,17,309150
24963,0.007561,74.125.24.0-255,2902,165770,17,309150
24964,0.007569,172.31.36.0-255,66,165836,17,309150
24965,0.007593,74.125.24.0-255,2902,168738,17,309150
24966,0.007595,172.31.36.0-255,66,168804,17,309150
24967,0.010075,74.125.24.0-255,2902,171706,17,309150
24968,0.010079,172.31.36.0-255,66,171772,17,309150
24969,0.010139,74.125.24.0-255,2902,174674,17,309150
24970,0.010141,172.31.36.0-255,66,174740,17,309150
24971,0.01263,74.125.24.0-255,2902,177642,17,309150
24972,0.012637,172.31.36.0-255,66,177708,17,309150
24973,0.012672,74.125.24.0-255,2902,180610,17,309150
24974,0.012675,172.31.36.0-255,66,180676,17,309150
24975,0.015204,74.125.24.0-255,2902,183578,17,309150
24976,0.015217,172.31.36.0-255,66,183644,17,309150
24977,0.015238,74.125.24.0-255,2902,186546,17,309150
24978,0.01524,172.31.36.0-255,66,186612,17,309150
24979,0.017755,74.125.24.0-255,2902,189514,17,309150
24980,0.017763,172.31.36.0-255,66,189580,17,309150
24981,0.017784,74.125.24.0-255,2902,192482,17,309150
24982,0.017786,172.31.36.0-255,66,192548,17,309150
24983,0.020309,74.125.24.0-255,2902,195450,17,309150
24984,0.020319,172.31.36.0-255,66,195516,17,309150
24985,0.020338,74.125.24.0-255,2902,198418,17,309150
24986,0.020341,172.31.36.0-255,66,198484,17,309150
24987,0.022869,74.125.24.0-255,5738,204222,17,309150
24988,0.022878,172.31.36.0-255,66,204288,17,309150
24989,0.025449,74.125.24.0-255,5738,210026,17,309150
24990,0.025459,172.31.36.0-255,66,210092,17,309150
24991,0.027994,74.125.24.0-255,5738,215830,17,309150
24992,0.028002,172.31.36.0-255,66,215896,17,309150
24993,0.030589,74.125.24.0-255,5738,221634,17,309150
24994,0.030598,172.31.36.0-255,66,221700,17,309150
24995,0.033127,74.125.24.0-255,5738,227438,17,309150
24996,0.033135,172.31.36.0-255,66,227504,17,309150
24997,0.033641,172.31.36.0-255,172,227676,17,309150
24998,0.033673,172.31.36.0-255,1116,228792,17,309150
24999,0.033731,172.31.36.0-255,1514,230306,17,309150
25000,0.033733,172.31.36.0-255,1273,231579,17,309150
25001,0.035175,104.244.42.0-255,66,231645,17,309150
25002,0.035191,104.244.42.0-255,66,231711,17,309150
25003,0.035279,104.244.42.0-255,66,231777,17,309150
25004,0.035655,74.125.24.0-255,5738,237515,17,309150
25005,0.035661,172.31.36.0-255,66,237581,17,309150
25006,0.038222,74.125.24.0-255,5738,243319,17,309150
25007,0.038238,172.31.36.0-255,66,243385,17,309150
25008,0.040784,74.125.24.0-255,5738,249123,17,309150
25009,0.040791,172.31.36.0-255,66,249189,17,309150
25010,0.043358,74.125.24.0-255,5738,254927,17,309150
25011,0.043366,172.31.36.0-255,66,254993,17,309150
25012,0.045916,74.125.24.0-255,5738,260731,17,309150
25013,0.045926,172.31.36.0-255,66,260797,17,309150
25014,0.048491,74.125.24.0-255,5738,266535,17,309150
25015,0.048499,172.31.36.0-255,66,266601,17,309150
25016,0.051061,74.125.24.0-255,5738,272339,17,309150
25017,0.051068,172.31.36.0-255,66,272405,17,309150
25018,0.053613,74.125.24.0-255,5738,278143,17,309150
25019,0.053625,172.31.36.0-255,66,278209,17,309150
25020,0.056202,74.125.24.0-255,5738,283947,17,309150
25021,0.056214,172.31.36.0-255,66,284013,17,309150
25022,0.058775,74.125.24.0-255,5738,289751,17,309150
25023,0.058781,172.31.36.0-255,66,289817,17,309150
25024,0.061352,74.125.24.0-255,5738,295555,17,309150
25025,0.061359,172.31.36.0-255,66,295621,17,309150
25026,0.063894,74.125.24.0-255,5738,301359,17,309150
25027,0.063901,172.31.36.0-255,66,301425,17,309150
25028,0.066429,74.125.24.0-255,5738,307163,17,309150
25029,0.066435,172.31.36.0-255,66,307229,17,309150
25030,0.069031,74.125.24.0-255,1750,308979,17,309150
25031,0.069039,172.31.36.0-255,66,309045,17,309150
25032,0.069679,172.31.36.0-255,105,309150,17,309150
25033,0.0,74.125.24.0-255,146,146,17,234116
25034,2.3e-05,172.31.36.0-255,66,212,17,234116
25035,3.1e-05,74.125.24.0-255,1484,1696,17,234116
25036,3.4e-05,172.31.36.0-255,66,1762,17,234116
25037,4e-05,74.125.24.0-255,2902,4664,17,234116
25038,5.6e-05,172.31.36.0-255,66,4730,17,234116
25039,6.4e-05,74.125.24.0-255,7156,11886,17,234116
25040,6.7e-05,172.31.36.0-255,66,11952,17,234116
25041,7.2e-05,74.125.24.0-255,2014,13966,17,234116
25042,7.4e-05,172.31.36.0-255,66,14032,17,234116
25043,0.00026,74.125.24.0-255,1484,15516,17,234116
25044,0.000265,172.31.36.0-255,66,15582,17,234116
25045,0.000272,74.125.24.0-255,2902,18484,17,234116
25046,0.000274,172.31.36.0-255,66,18550,17,234116
25047,0.000307,74.125.24.0-255,5738,24288,17,234116
25048,0.00031,172.31.36.0-255,66,24354,17,234116
25049,0.000315,74.125.24.0-255,2902,27256,17,234116
25050,0.000317,172.31.36.0-255,66,27322,17,234116
25051,0.000337,74.125.24.0-255,1484,28806,17,234116
25052,0.00034,172.31.36.0-255,66,28872,17,234116
25053,0.000375,172.31.36.0-255,66,28938,17,234116
25054,0.000386,172.31.36.0-255,66,29004,17,234116
25055,0.000398,172.31.36.0-255,66,29070,17,234116
25056,0.000438,74.125.24.0-255,1484,30554,17,234116
25057,0.00044,172.31.36.0-255,66,30620,17,234116
25058,0.00047,74.125.24.0-255,6438,37058,17,234116
25059,0.000472,172.31.36.0-255,66,37124,17,234116
25060,0.000476,74.125.24.0-255,361,37485,17,234116
25061,0.000478,172.31.36.0-255,66,37551,17,234116
25062,0.000481,74.125.24.0-255,131,37682,17,234116
25063,0.000526,74.125.24.0-255,349,38031,17,234116
25064,0.000804,74.125.24.0-255,1484,39515,17,234116
25065,0.000809,172.31.36.0-255,66,39581,17,234116
25066,0.000815,74.125.24.0-255,2902,42483,17,234116
25067,0.000817,172.31.36.0-255,66,42549,17,234116
25068,0.000829,74.125.24.0-255,5738,48287,17,234116
25069,0.000831,172.31.36.0-255,66,48353,17,234116
25070,0.000883,172.31.36.0-255,66,48419,17,234116
25071,0.000896,172.31.36.0-255,66,48485,17,234116
25072,0.00187,74.125.24.0-255,1484,49969,17,234116
25073,0.001881,74.125.24.0-255,2902,52871,17,234116
25074,0.001886,172.31.36.0-255,66,52937,17,234116
25075,0.001894,74.125.24.0-255,5738,58675,17,234116
25076,0.001896,172.31.36.0-255,66,58741,17,234116
25077,0.001907,74.125.24.0-255,2902,61643,17,234116
25078,0.001909,172.31.36.0-255,66,61709,17,234116
25079,0.001952,172.31.36.0-255,66,61775,17,234116
25080,0.001966,172.31.36.0-255,66,61841,17,234116
25081,0.00201,74.125.24.0-255,1484,63325,17,234116
25082,0.002027,74.125.24.0-255,2902,66227,17,234116
25083,0.00203,172.31.36.0-255,66,66293,17,234116
25084,0.002036,74.125.24.0-255,4320,70613,17,234116
25085,0.002038,172.31.36.0-255,66,70679,17,234116
25086,0.002055,74.125.24.0-255,1484,72163,17,234116
25087,0.002091,172.31.36.0-255,66,72229,17,234116
25088,0.002105,172.31.36.0-255,66,72295,17,234116
25089,0.002231,74.125.24.0-255,1484,73779,17,234116
25090,0.002237,74.125.24.0-255,2902,76681,17,234116
25091,0.002241,172.31.36.0-255,66,76747,17,234116
25092,0.002278,74.125.24.0-255,5738,82485,17,234116
25093,0.002281,172.31.36.0-255,66,82551,17,234116
25094,0.002313,172.31.36.0-255,66,82617,17,234116
25095,0.002325,172.31.36.0-255,66,82683,17,234116
25096,0.002349,74.125.24.0-255,2902,85585,17,234116
25097,0.002352,172.31.36.0-255,66,85651,17,234116
25098,0.002381,74.125.24.0-255,2184,87835,17,234116
25099,0.002383,172.31.36.0-255,66,87901,17,234116
25100,0.002439,74.125.24.0-255,1484,89385,17,234116
25101,0.002465,74.125.24.0-255,2902,92287,17,234116
25102,0.00247,172.31.36.0-255,66,92353,17,234116
25103,0.002475,74.125.24.0-255,2902,95255,17,234116
25104,0.002477,172.31.36.0-255,66,95321,17,234116
25105,0.002502,74.125.24.0-255,2902,98223,17,234116
25106,0.002505,172.31.36.0-255,66,98289,17,234116
25107,0.002515,74.125.24.0-255,4320,102609,17,234116
25108,0.002518,172.31.36.0-255,66,102675,17,234116
25109,0.002549,74.125.24.0-255,2902,105577,17,234116
25110,0.002552,172.31.36.0-255,66,105643,17,234116
25111,0.002575,74.125.24.0-255,7156,112799,17,234116
25112,0.002578,172.31.36.0-255,66,112865,17,234116
25113,0.002608,74.125.24.0-255,5738,118603,17,234116
25114,0.002612,172.31.36.0-255,66,118669,17,234116
25115,0.002638,74.125.24.0-255,3602,122271,17,234116
25116,0.002641,172.31.36.0-255,66,122337,17,234116
25117,0.002744,74.125.24.0-255,1484,123821,17,234116
25118,0.002787,74.125.24.0-255,2902,126723,17,234116
25119,0.002791,172.31.36.0-255,66,126789,17,234116
25120,0.002828,74.125.24.0-255,4320,131109,17,234116
25121,0.002831,172.31.36.0-255,66,131175,17,234116
25122,0.002834,74.125.24.0-255,1484,132659,17,234116
25123,0.002857,74.125.24.0-255,2902,135561,17,234116
25124,0.00286,172.31.36.0-255,66,135627,17,234116
25125,0.002893,74.125.24.0-255,5738,141365,17,234116
25126,0.002896,172.31.36.0-255,66,141431,17,234116
25127,0.002932,172.31.36.0-255,66,141497,17,234116
25128,0.002956,74.125.24.0-255,2184,143681,17,234116
25129,0.002958,172.31.36.0-255,66,143747,17,234116
25130,0.003018,74.125.24.0-255,1484,145231,17,234116
25131,0.003022,74.125.24.0-255,2902,148133,17,234116
25132,0.003025,172.31.36.0-255,66,148199,17,234116
25133,0.003054,74.125.24.0-255,5738,153937,17,234116
25134,0.003057,172.31.36.0-255,66,154003,17,234116
25135,0.003065,74.125.24.0-255,7156,161159,17,234116
25136,0.003068,172.31.36.0-255,66,161225,17,234116
25137,0.003079,172.31.36.0-255,66,161291,17,234116
25138,0.003113,172.31.36.0-255,66,161357,17,234116
25139,0.003153,74.125.24.0-255,1484,162841,17,234116
25140,0.003157,74.125.24.0-255,2902,165743,17,234116
25141,0.00316,172.31.36.0-255,66,165809,17,234116
25142,0.003186,74.125.24.0-255,5738,171547,17,234116
25143,0.003189,172.31.36.0-255,66,171613,17,234116
25144,0.003195,74.125.24.0-255,4320,175933,17,234116
25145,0.003197,172.31.36.0-255,66,175999,17,234116
25146,0.003244,172.31.36.0-255,66,176065,17,234116
25147,0.003252,74.125.24.0-255,7156,183221,17,234116
25148,0.003255,172.31.36.0-255,66,183287,17,234116
25149,0.00326,74.125.24.0-255,3602,186889,17,234116
25150,0.003262,172.31.36.0-255,66,186955,17,234116
25151,0.003265,74.125.24.0-255,1484,188439,17,234116
25152,0.003271,74.125.24.0-255,4320,192759,17,234116
25153,0.003274,172.31.36.0-255,66,192825,17,234116
25154,0.003282,74.125.24.0-255,7156,199981,17,234116
25155,0.003284,172.31.36.0-255,66,200047,17,234116
25156,0.003334,172.31.36.0-255,66,200113,17,234116
25157,0.00334,74.125.24.0-255,5020,205133,17,234116
25158,0.003342,172.31.36.0-255,66,205199,17,234116
25159,0.003619,74.125.24.0-255,1484,206683,17,234116
25160,0.003639,74.125.24.0-255,2902,209585,17,234116
25161,0.003642,172.31.36.0-255,66,209651,17,234116
25162,0.003646,74.125.24.0-255,1484,211135,17,234116
25163,0.003668,74.125.24.0-255,4320,215455,17,234116
25164,0.003671,172.31.36.0-255,66,215521,17,234116
25165,0.003676,74.125.24.0-255,4320,219841,17,234116
25166,0.003679,172.31.36.0-255,66,219907,17,234116
25167,0.003738,172.31.36.0-255,66,219973,17,234116
25168,0.003748,172.31.36.0-255,66,220039,17,234116
25169,0.003786,74.125.24.0-255,4320,224359,17,234116
25170,0.003788,172.31.36.0-255,66,224425,17,234116
25171,0.003813,74.125.24.0-255,4910,229335,17,234116
25172,0.003815,172.31.36.0-255,66,229401,17,234116
25173,0.003819,74.125.24.0-255,97,229498,17,234116
25174,0.003842,74.125.24.0-255,105,229603,17,234116
25175,0.008509,172.31.36.0-255,66,229669,17,234116
25176,0.008551,172.31.36.0-255,105,229774,17,234116
25177,0.01085,74.125.24.0-255,66,229840,17,234116
25178,0.035199,172.31.36.0-255,176,230016,17,234116
25179,0.035234,172.31.36.0-255,1119,231135,17,234116
25180,0.035295,172.31.36.0-255,1514,232649,17,234116
25181,0.035297,172.31.36.0-255,1269,233918,17,234116
25182,0.036787,104.244.42.0-255,66,233984,17,234116
25183,0.036798,104.244.42.0-255,66,234050,17,234116
25184,0.036897,104.244.42.0-255,66,234116,17,234116
25185,0.0,172.217.194.0-255,146,146,17,278525
25186,2.6e-05,172.31.36.0-255,66,212,17,278525
25187,3.2e-05,172.217.194.0-255,1484,1696,17,278525
25188,3.7e-05,172.31.36.0-255,66,1762,17,278525
25189,4.3e-05,172.217.194.0-255,2902,4664,17,278525
25190,5.3e-05,172.31.36.0-255,66,4730,17,278525
25191,6e-05,172.217.194.0-255,7156,11886,17,278525
25192,6.3e-05,172.31.36.0-255,66,11952,17,278525
25193,6.7e-05,172.217.194.0-255,2064,14016,17,278525
25194,6.9e-05,172.31.36.0-255,66,14082,17,278525
25195,0.000131,172.217.194.0-255,1484,15566,17,278525
25196,0.000135,172.31.36.0-255,66,15632,17,278525
25197,0.000141,172.217.194.0-255,2902,18534,17,278525
25198,0.000144,172.31.36.0-255,66,18600,17,278525
25199,0.000172,172.217.194.0-255,4320,22920,17,278525
25200,0.000175,172.31.36.0-255,66,22986,17,278525
25201,0.000187,172.217.194.0-255,5738,28724,17,278525
25202,0.000189,172.31.36.0-255,66,28790,17,278525
25203,0.00023,172.31.36.0-255,66,28856,17,278525
25204,0.000237,172.217.194.0-255,5738,34594,17,278525
25205,0.000239,172.31.36.0-255,66,34660,17,278525
25206,0.000275,172.217.194.0-255,4320,38980,17,278525
25207,0.000278,172.31.36.0-255,66,39046,17,278525
25208,0.000295,172.31.36.0-255,66,39112,17,278525
25209,0.000891,172.217.194.0-255,119,39231,17,278525
25210,0.000896,172.31.36.0-255,66,39297,17,278525
25211,0.000931,172.217.194.0-255,1484,40781,17,278525
25212,0.000936,172.31.36.0-255,66,40847,17,278525
25213,0.000962,172.217.194.0-255,2902,43749,17,278525
25214,0.000967,172.31.36.0-255,66,43815,17,278525
25215,0.000974,172.217.194.0-255,5738,49553,17,278525
25216,0.000976,172.31.36.0-255,66,49619,17,278525
25217,0.000981,172.217.194.0-255,2902,52521,17,278525
25218,0.001033,172.217.194.0-255,380,52901,17,278525
25219,0.001129,172.217.194.0-255,1484,54385,17,278525
25220,0.001135,172.217.194.0-255,2902,57287,17,278525
25221,0.00115,172.217.194.0-255,1484,58771,17,278525
25222,0.001163,172.217.194.0-255,4320,63091,17,278525
25223,0.001182,172.217.194.0-255,2902,65993,17,278525
25224,0.001201,172.217.194.0-255,4320,70313,17,278525
25225,0.001203,172.217.194.0-255,1484,71797,17,278525
25226,0.001235,172.217.194.0-255,2184,73981,17,278525
25227,0.001512,172.31.36.0-255,66,74047,17,278525
25228,0.001665,172.217.194.0-255,1484,75531,17,278525
25229,0.001681,172.217.194.0-255,2902,78433,17,278525
25230,0.001688,172.31.36.0-255,66,78499,17,278525
25231,0.001714,172.217.194.0-255,5738,84237,17,278525
25232,0.001736,172.31.36.0-255,66,84303,17,278525
25233,0.001741,172.31.36.0-255,66,84369,17,278525
25234,0.001767,172.217.194.0-255,2184,86553,17,278525
25235,0.00177,172.217.194.0-255,1484,88037,17,278525
25236,0.001776,172.31.36.0-255,66,88103,17,278525
25237,0.001812,172.31.36.0-255,66,88169,17,278525
25238,0.001827,172.217.194.0-255,4320,92489,17,278525
25239,0.001828,172.31.36.0-255,66,92555,17,278525
25240,0.001833,172.31.36.0-255,66,92621,17,278525
25241,0.001868,172.217.194.0-255,5020,97641,17,278525
25242,0.001874,172.31.36.0-255,66,97707,17,278525
25243,0.001884,172.217.194.0-255,4320,102027,17,278525
25244,0.001898,172.31.36.0-255,66,102093,17,278525
25245,0.001923,172.31.36.0-255,66,102159,17,278525
25246,0.001934,172.217.194.0-255,4320,106479,17,278525
25247,0.001941,172.31.36.0-255,66,106545,17,278525
25248,0.001957,172.217.194.0-255,6438,112983,17,278525
25249,0.001966,172.31.36.0-255,66,113049,17,278525
25250,0.002087,172.217.194.0-255,1484,114533,17,278525
25251,0.002104,172.217.194.0-255,1484,116017,17,278525
25252,0.002114,172.31.36.0-255,66,116083,17,278525
25253,0.002122,172.217.194.0-255,1484,117567,17,278525
25254,0.002129,172.217.194.0-255,5738,123305,17,278525
25255,0.002137,172.31.36.0-255,66,123371,17,278525
25256,0.00219,172.31.36.0-255,66,123437,17,278525
25257,0.002216,172.217.194.0-255,2902,126339,17,278525
25258,0.002222,172.31.36.0-255,66,126405,17,278525
25259,0.002234,172.31.36.0-255,66,126471,17,278525
25260,0.004381,172.217.194.0-255,5738,132209,17,278525
25261,0.004386,172.31.36.0-255,66,132275,17,278525
25262,0.00652,172.217.194.0-255,5738,138013,17,278525
25263,0.006526,172.31.36.0-255,66,138079,17,278525
25264,0.008675,172.217.194.0-255,5738,143817,17,278525
25265,0.009519,172.31.36.0-255,66,143883,17,278525
25266,0.011677,172.217.194.0-255,5738,149621,17,278525
25267,0.01169,172.31.36.0-255,66,149687,17,278525
25268,0.013823,172.217.194.0-255,5738,155425,17,278525
25269,0.013837,172.31.36.0-255,66,155491,17,278525
25270,0.015976,172.217.194.0-255,5738,161229,17,278525
25271,0.015986,172.31.36.0-255,66,161295,17,278525
25272,0.018124,172.217.194.0-255,5738,167033,17,278525
25273,0.018135,172.31.36.0-255,66,167099,17,278525
25274,0.020287,172.217.194.0-255,5738,172837,17,278525
25275,0.02086,172.31.36.0-255,66,172903,17,278525
25276,0.023003,172.217.194.0-255,5738,178641,17,278525
25277,0.023009,172.31.36.0-255,66,178707,17,278525
25278,0.025173,172.217.194.0-255,5738,184445,17,278525
25279,0.025181,172.31.36.0-255,66,184511,17,278525
25280,0.027319,172.217.194.0-255,4320,188831,17,278525
25281,0.027326,172.31.36.0-255,66,188897,17,278525
25282,0.027364,172.217.194.0-255,1484,190381,17,278525
25283,0.027872,172.31.36.0-255,176,190557,17,278525
25284,0.0279,172.31.36.0-255,1118,191675,17,278525
25285,0.027942,172.31.36.0-255,1514,193189,17,278525
25286,0.027944,172.31.36.0-255,1270,194459,17,278525
25287,0.02941,104.244.42.0-255,66,194525,17,278525
25288,0.029461,104.244.42.0-255,66,194591,17,278525
25289,0.029484,172.217.194.0-255,2902,197493,17,278525
25290,0.029494,172.31.36.0-255,66,197559,17,278525
25291,0.029525,104.244.42.0-255,66,197625,17,278525
25292,0.030245,104.244.42.0-255,108,197733,17,278525
25293,0.030267,172.31.36.0-255,66,197799,17,278525
25294,0.031619,172.217.194.0-255,2902,200701,17,278525
25295,0.031624,172.31.36.0-255,66,200767,17,278525
25296,0.031655,172.217.194.0-255,2902,203669,17,278525
25297,0.03167,172.31.36.0-255,66,203735,17,278525
25298,0.033764,172.217.194.0-255,2902,206637,17,278525
25299,0.033769,172.31.36.0-255,66,206703,17,278525
25300,0.03381,172.217.194.0-255,2902,209605,17,278525
25301,0.033831,172.31.36.0-255,66,209671,17,278525
25302,0.035918,172.217.194.0-255,2902,212573,17,278525
25303,0.035923,172.31.36.0-255,66,212639,17,278525
25304,0.035957,172.217.194.0-255,2902,215541,17,278525
25305,0.03665,172.31.36.0-255,66,215607,17,278525
25306,0.038043,172.217.194.0-255,2902,218509,17,278525
25307,0.038049,172.31.36.0-255,66,218575,17,278525
25308,0.038793,172.217.194.0-255,2902,221477,17,278525
25309,0.038799,172.31.36.0-255,66,221543,17,278525
25310,0.0402,172.217.194.0-255,2902,224445,17,278525
25311,0.040206,172.31.36.0-255,66,224511,17,278525
25312,0.040937,172.217.194.0-255,2902,227413,17,278525
25313,0.040942,172.31.36.0-255,66,227479,17,278525
25314,0.042345,172.217.194.0-255,2902,230381,17,278525
25315,0.04235,172.31.36.0-255,66,230447,17,278525
25316,0.043075,172.217.194.0-255,2902,233349,17,278525
25317,0.04308,172.31.36.0-255,66,233415,17,278525
25318,0.04447,172.217.194.0-255,2902,236317,17,278525
25319,0.044475,172.31.36.0-255,66,236383,17,278525
25320,0.045235,172.217.194.0-255,2902,239285,17,278525
25321,0.045241,172.31.36.0-255,66,239351,17,278525
25322,0.046619,172.217.194.0-255,2902,242253,17,278525
25323,0.046624,172.31.36.0-255,66,242319,17,278525
25324,0.047351,172.217.194.0-255,2902,245221,17,278525
25325,0.047356,172.31.36.0-255,66,245287,17,278525
25326,0.048769,172.217.194.0-255,2902,248189,17,278525
25327,0.048774,172.31.36.0-255,66,248255,17,278525
25328,0.049491,172.217.194.0-255,2902,251157,17,278525
25329,0.049497,172.31.36.0-255,66,251223,17,278525
25330,0.050929,172.217.194.0-255,2902,254125,17,278525
25331,0.050934,172.31.36.0-255,66,254191,17,278525
25332,0.051643,172.217.194.0-255,2902,257093,17,278525
25333,0.051648,172.31.36.0-255,66,257159,17,278525
25334,0.053074,172.217.194.0-255,2902,260061,17,278525
25335,0.05308,172.31.36.0-255,66,260127,17,278525
25336,0.053772,172.217.194.0-255,2902,263029,17,278525
25337,0.053778,172.31.36.0-255,66,263095,17,278525
25338,0.055196,172.217.194.0-255,2902,265997,17,278525
25339,0.055202,172.31.36.0-255,66,266063,17,278525
25340,0.055921,172.217.194.0-255,2902,268965,17,278525
25341,0.055926,172.31.36.0-255,66,269031,17,278525
25342,0.057336,172.217.194.0-255,2902,271933,17,278525
25343,0.057342,172.31.36.0-255,66,271999,17,278525
25344,0.058054,172.217.194.0-255,2902,274901,17,278525
25345,0.05806,172.31.36.0-255,66,274967,17,278525
25346,0.059462,172.217.194.0-255,2902,277869,17,278525
25347,0.059469,172.31.36.0-255,66,277935,17,278525
25348,0.060184,172.217.194.0-255,353,278288,17,278525
25349,0.060552,172.31.36.0-255,66,278354,17,278525
25350,0.060581,172.31.36.0-255,105,278459,17,278525
25351,0.062656,172.217.194.0-255,66,278525,17,278525
25352,0.0,172.217.194.0-255,162,162,17,349024
25353,2.2e-05,172.31.36.0-255,66,228,17,349024
25354,2.9e-05,172.217.194.0-255,1484,1712,17,349024
25355,3.3e-05,172.31.36.0-255,66,1778,17,349024
25356,4.6e-05,172.217.194.0-255,2902,4680,17,349024
25357,4.8e-05,172.31.36.0-255,66,4746,17,349024
25358,8.4e-05,172.217.194.0-255,7156,11902,17,349024
25359,8.6e-05,172.31.36.0-255,66,11968,17,349024
25360,9e-05,172.217.194.0-255,2092,14060,17,349024
25361,9.2e-05,172.31.36.0-255,66,14126,17,349024
25362,0.00012,172.217.194.0-255,7156,21282,17,349024
25363,0.000122,172.31.36.0-255,66,21348,17,349024
25364,0.00015,172.217.194.0-255,4320,25668,17,349024
25365,0.000152,172.31.36.0-255,66,25734,17,349024
25366,0.000157,172.217.194.0-255,5379,31113,17,349024
25367,0.000159,172.31.36.0-255,66,31179,17,349024
25368,0.00024,172.217.194.0-255,1484,32663,17,349024
25369,0.000244,172.31.36.0-255,66,32729,17,349024
25370,0.000249,172.217.194.0-255,2902,35631,17,349024
25371,0.00025,172.31.36.0-255,66,35697,17,349024
25372,0.00028,172.217.194.0-255,5738,41435,17,349024
25373,0.000283,172.31.36.0-255,66,41501,17,349024
25374,0.000289,172.217.194.0-255,6797,48298,17,349024
25375,0.00029,172.31.36.0-255,66,48364,17,349024
25376,0.000322,172.31.36.0-255,66,48430,17,349024
25377,0.000347,172.217.194.0-255,2902,51332,17,349024
25378,0.000349,172.31.36.0-255,66,51398,17,349024
25379,0.000353,172.217.194.0-255,2796,54194,17,349024
25380,0.000354,172.31.36.0-255,66,54260,17,349024
25381,0.000357,172.217.194.0-255,114,54374,17,349024
25382,0.000359,172.31.36.0-255,66,54440,17,349024
25383,0.000627,172.217.194.0-255,384,54824,17,349024
25384,0.000916,172.217.194.0-255,1484,56308,17,349024
25385,0.000921,172.31.36.0-255,66,56374,17,349024
25386,0.000926,172.217.194.0-255,1484,57858,17,349024
25387,0.000949,172.217.194.0-255,1484,59342,17,349024
25388,0.000952,172.31.36.0-255,66,59408,17,349024
25389,0.000958,172.217.194.0-255,5738,65146,17,349024
25390,0.000959,172.31.36.0-255,66,65212,17,349024
25391,0.000967,172.217.194.0-255,2902,68114,17,349024
25392,0.000969,172.31.36.0-255,66,68180,17,349024
25393,0.000973,172.217.194.0-255,4320,72500,17,349024
25394,0.000975,172.31.36.0-255,66,72566,17,349024
25395,0.001006,172.217.194.0-255,5738,78304,17,349024
25396,0.001009,172.31.36.0-255,66,78370,17,349024
25397,0.001016,172.217.194.0-255,7156,85526,17,349024
25398,0.001018,172.31.36.0-255,66,85592,17,349024
25399,0.001046,172.217.194.0-255,3602,89194,17,349024
25400,0.001049,172.31.36.0-255,66,89260,17,349024
25401,0.001319,172.217.194.0-255,1484,90744,17,349024
25402,0.001325,172.217.194.0-255,2902,93646,17,349024
25403,0.001329,172.31.36.0-255,66,93712,17,349024
25404,0.001334,172.217.194.0-255,2902,96614,17,349024
25405,0.001335,172.31.36.0-255,66,96680,17,349024
25406,0.001359,172.217.194.0-255,2902,99582,17,349024
25407,0.001361,172.31.36.0-255,66,99648,17,349024
25408,0.001372,172.217.194.0-255,7156,106804,17,349024
25409,0.001374,172.31.36.0-255,66,106870,17,349024
25410,0.001408,172.217.194.0-255,4320,111190,17,349024
25411,0.001424,172.31.36.0-255,66,111256,17,349024
25412,0.001439,172.31.36.0-255,66,111322,17,349024
25413,0.001951,172.217.194.0-255,1484,112806,17,349024
25414,0.00196,172.217.194.0-255,2902,115708,17,349024
25415,0.001965,172.31.36.0-255,66,115774,17,349024
25416,0.00197,172.217.194.0-255,1484,117258,17,349024
25417,0.001994,172.217.194.0-255,4320,121578,17,349024
25418,0.001997,172.31.36.0-255,66,121644,17,349024
25419,0.002,172.217.194.0-255,1484,123128,17,349024
25420,0.002005,172.217.194.0-255,2902,126030,17,349024
25421,0.002006,172.31.36.0-255,66,126096,17,349024
25422,0.002031,172.217.194.0-255,5738,131834,17,349024
25423,0.002034,172.31.36.0-255,66,131900,17,349024
25424,0.002048,172.217.194.0-255,4320,136220,17,349024
25425,0.00205,172.31.36.0-255,66,136286,17,349024
25426,0.002085,172.31.36.0-255,66,136352,17,349024
25427,0.002148,172.217.194.0-255,1484,137836,17,349024
25428,0.002154,172.217.194.0-255,2902,140738,17,349024
25429,0.002157,172.31.36.0-255,66,140804,17,349024
25430,0.002164,172.217.194.0-255,5738,146542,17,349024
25431,0.002166,172.31.36.0-255,66,146608,17,349024
25432,0.002205,172.217.194.0-255,2902,149510,17,349024
25433,0.002206,172.31.36.0-255,66,149576,17,349024
25434,0.002233,172.217.194.0-255,4320,153896,17,349024
25435,0.002236,172.31.36.0-255,66,153962,17,349024
25436,0.00225,172.31.36.0-255,66,154028,17,349024
25437,0.002254,172.217.194.0-255,2184,156212,17,349024
25438,0.002256,172.31.36.0-255,66,156278,17,349024
25439,0.002261,172.217.194.0-255,2902,159180,17,349024
25440,0.002263,172.31.36.0-255,66,159246,17,349024
25441,0.00227,172.217.194.0-255,7156,166402,17,349024
25442,0.002273,172.31.36.0-255,66,166468,17,349024
25443,0.002278,172.217.194.0-255,4320,170788,17,349024
25444,0.002281,172.31.36.0-255,66,170854,17,349024
25445,0.00232,172.31.36.0-255,66,170920,17,349024
25446,0.002327,172.217.194.0-255,4320,175240,17,349024
25447,0.00233,172.31.36.0-255,66,175306,17,349024
25448,0.002357,172.217.194.0-255,6438,181744,17,349024
25449,0.002359,172.31.36.0-255,66,181810,17,349024
25450,0.004695,172.217.194.0-255,5738,187548,17,349024
25451,0.004704,172.31.36.0-255,66,187614,17,349024
25452,0.007056,172.217.194.0-255,5738,193352,17,349024
25453,0.007063,172.31.36.0-255,66,193418,17,349024
25454,0.009439,172.217.194.0-255,5738,199156,17,349024
25455,0.009449,172.31.36.0-255,66,199222,17,349024
25456,0.011788,172.217.194.0-255,5738,204960,17,349024
25457,0.011796,172.31.36.0-255,66,205026,17,349024
25458,0.01416,172.217.194.0-255,5738,210764,17,349024
25459,0.014168,172.31.36.0-255,66,210830,17,349024
25460,0.016539,172.217.194.0-255,5738,216568,17,349024
25461,0.016551,172.31.36.0-255,66,216634,17,349024
25462,0.018914,172.217.194.0-255,5738,222372,17,349024
25463,0.018924,172.31.36.0-255,66,222438,17,349024
25464,0.021267,172.217.194.0-255,5738,228176,17,349024
25465,0.021274,172.31.36.0-255,66,228242,17,349024
25466,0.023606,172.217.194.0-255,2902,231144,17,349024
25467,0.023613,172.31.36.0-255,66,231210,17,349024
25468,0.023647,172.217.194.0-255,2902,234112,17,349024
25469,0.023651,172.31.36.0-255,66,234178,17,349024
25470,0.025973,172.217.194.0-255,4320,238498,17,349024
25471,0.02598,172.31.36.0-255,66,238564,17,349024
25472,0.026008,172.217.194.0-255,1484,240048,17,349024
25473,0.027174,172.31.36.0-255,172,240220,17,349024
25474,0.027217,172.31.36.0-255,1118,241338,17,349024
25475,0.027292,172.31.36.0-255,1514,242852,17,349024
25476,0.027317,172.31.36.0-255,1270,244122,17,349024
25477,0.028326,172.217.194.0-255,4320,248442,17,349024
25478,0.028333,172.31.36.0-255,66,248508,17,349024
25479,0.028737,104.244.42.0-255,66,248574,17,349024
25480,0.028744,104.244.42.0-255,66,248640,17,349024
25481,0.028843,104.244.42.0-255,66,248706,17,349024
25482,0.030676,172.217.194.0-255,2902,251608,17,349024
25483,0.030681,172.31.36.0-255,66,251674,17,349024
25484,0.030716,172.217.194.0-255,2902,254576,17,349024
25485,0.030719,172.31.36.0-255,66,254642,17,349024
25486,0.033017,172.217.194.0-255,2902,257544,17,349024
25487,0.033022,172.31.36.0-255,66,257610,17,349024
25488,0.033063,172.217.194.0-255,2902,260512,17,349024
25489,0.033067,172.31.36.0-255,66,260578,17,349024
25490,0.035352,172.217.194.0-255,2902,263480,17,349024
25491,0.035359,172.31.36.0-255,66,263546,17,349024
25492,0.035397,172.217.194.0-255,2902,266448,17,349024
25493,0.035399,172.31.36.0-255,66,266514,17,349024
25494,0.037705,172.217.194.0-255,2902,269416,17,349024
25495,0.03771,172.31.36.0-255,66,269482,17,349024
25496,0.037751,172.217.194.0-255,2902,272384,17,349024
25497,0.037754,172.31.36.0-255,66,272450,17,349024
25498,0.040044,172.217.194.0-255,2902,275352,17,349024
25499,0.040049,172.31.36.0-255,66,275418,17,349024
25500,0.040084,172.217.194.0-255,2902,278320,17,349024
25501,0.040088,172.31.36.0-255,66,278386,17,349024
25502,0.042406,172.217.194.0-255,2902,281288,17,349024
25503,0.042411,172.31.36.0-255,66,281354,17,349024
25504,0.042448,172.217.194.0-255,2902,284256,17,349024
25505,0.042452,172.31.36.0-255,66,284322,17,349024
25506,0.044734,172.217.194.0-255,2902,287224,17,349024
25507,0.044739,172.31.36.0-255,66,287290,17,349024
25508,0.044773,172.217.194.0-255,2902,290192,17,349024
25509,0.044776,172.31.36.0-255,66,290258,17,349024
25510,0.047072,172.217.194.0-255,2902,293160,17,349024
25511,0.047077,172.31.36.0-255,66,293226,17,349024
25512,0.047132,172.217.194.0-255,2902,296128,17,349024
25513,0.047136,172.31.36.0-255,66,296194,17,349024
25514,0.049418,172.217.194.0-255,2902,299096,17,349024
25515,0.049424,172.31.36.0-255,66,299162,17,349024
25516,0.049468,172.217.194.0-255,2902,302064,17,349024
25517,0.049471,172.31.36.0-255,66,302130,17,349024
25518,0.051779,172.217.194.0-255,2902,305032,17,349024
25519,0.051786,172.31.36.0-255,66,305098,17,349024
25520,0.051822,172.217.194.0-255,2902,308000,17,349024
25521,0.051825,172.31.36.0-255,66,308066,17,349024
25522,0.054122,172.217.194.0-255,2902,310968,17,349024
25523,0.054128,172.31.36.0-255,66,311034,17,349024
25524,0.054203,172.217.194.0-255,2902,313936,17,349024
25525,0.054208,172.31.36.0-255,66,314002,17,349024
25526,0.056464,172.217.194.0-255,2902,316904,17,349024
25527,0.056468,172.31.36.0-255,66,316970,17,349024
25528,0.056521,172.217.194.0-255,2902,319872,17,349024
25529,0.056525,172.31.36.0-255,66,319938,17,349024
25530,0.058805,172.217.194.0-255,1484,321422,17,349024
25531,0.058849,172.217.194.0-255,4320,325742,17,349024
25532,0.058854,172.31.36.0-255,66,325808,17,349024
25533,0.061202,172.217.194.0-255,5738,331546,17,349024
25534,0.061208,172.31.36.0-255,66,331612,17,349024
25535,0.063555,172.217.194.0-255,5738,337350,17,349024
25536,0.063562,172.31.36.0-255,66,337416,17,349024
25537,0.065922,172.217.194.0-255,5738,343154,17,349024
25538,0.065927,172.31.36.0-255,66,343220,17,349024
25539,0.06828,172.217.194.0-255,5738,348958,17,349024
25540,0.068286,172.31.36.0-255,66,349024,17,349024
25541,0.0,172.217.27.0-255,146,146,17,318120
25542,3.4e-05,172.31.36.0-255,66,212,17,318120
25543,4.1e-05,172.217.27.0-255,1484,1696,17,318120
25544,4.5e-05,172.31.36.0-255,66,1762,17,318120
25545,5e-05,172.217.27.0-255,2902,4664,17,318120
25546,5.3e-05,172.31.36.0-255,66,4730,17,318120
25547,5.9e-05,172.217.27.0-255,5738,10468,17,318120
25548,6.2e-05,172.31.36.0-255,66,10534,17,318120
25549,6.5e-05,172.217.27.0-255,1484,12018,17,318120
25550,6.7e-05,172.31.36.0-255,66,12084,17,318120
25551,8.4e-05,172.217.27.0-255,2066,14150,17,318120
25552,8.7e-05,172.31.36.0-255,66,14216,17,318120
25553,0.000197,172.217.27.0-255,1484,15700,17,318120
25554,0.000203,172.31.36.0-255,66,15766,17,318120
25555,0.000209,172.217.27.0-255,2902,18668,17,318120
25556,0.000211,172.31.36.0-255,66,18734,17,318120
25557,0.000217,172.217.27.0-255,5738,24472,17,318120
25558,0.000219,172.31.36.0-255,66,24538,17,318120
25559,0.000228,172.217.27.0-255,6797,31335,17,318120
25560,0.00023,172.31.36.0-255,66,31401,17,318120
25561,0.00026,172.217.27.0-255,7156,38557,17,318120
25562,0.000263,172.31.36.0-255,66,38623,17,318120
25563,0.000267,172.217.27.0-255,1484,40107,17,318120
25564,0.000269,172.31.36.0-255,66,40173,17,318120
25565,0.000297,172.31.36.0-255,66,40239,17,318120
25566,0.000332,172.217.27.0-255,5738,45977,17,318120
25567,0.000334,172.31.36.0-255,66,46043,17,318120
25568,0.000357,172.217.27.0-255,5347,51390,17,318120
25569,0.00036,172.31.36.0-255,66,51456,17,318120
25570,0.001022,172.217.27.0-255,116,51572,17,318120
25571,0.001028,172.31.36.0-255,66,51638,17,318120
25572,0.001191,172.217.27.0-255,1484,53122,17,318120
25573,0.001198,172.217.27.0-255,2902,56024,17,318120
25574,0.001202,172.31.36.0-255,66,56090,17,318120
25575,0.001209,172.217.27.0-255,4320,60410,17,318120
25576,0.001211,172.31.36.0-255,66,60476,17,318120
25577,0.001232,172.217.27.0-255,1484,61960,17,318120
25578,0.001244,172.31.36.0-255,66,62026,17,318120
25579,0.00125,172.217.27.0-255,5738,67764,17,318120
25580,0.001252,172.31.36.0-255,66,67830,17,318120
25581,0.001271,172.217.27.0-255,5738,73568,17,318120
25582,0.001274,172.31.36.0-255,66,73634,17,318120
25583,0.001278,172.217.27.0-255,2184,75818,17,318120
25584,0.00128,172.31.36.0-255,66,75884,17,318120
25585,0.002922,172.217.27.0-255,5738,81622,17,318120
25586,0.002928,172.31.36.0-255,66,81688,17,318120
25587,0.004586,172.217.27.0-255,5738,87426,17,318120
25588,0.004591,172.31.36.0-255,66,87492,17,318120
25589,0.006241,172.217.27.0-255,5738,93230,17,318120
25590,0.006246,172.31.36.0-255,66,93296,17,318120
25591,0.007896,172.217.27.0-255,5738,99034,17,318120
25592,0.007903,172.31.36.0-255,66,99100,17,318120
25593,0.009569,172.217.27.0-255,5738,104838,17,318120
25594,0.009577,172.31.36.0-255,66,104904,17,318120
25595,0.011237,172.217.27.0-255,5738,110642,17,318120
25596,0.011244,172.31.36.0-255,66,110708,17,318120
25597,0.012906,172.217.27.0-255,5738,116446,17,318120
25598,0.012914,172.31.36.0-255,66,116512,17,318120
25599,0.014565,172.217.27.0-255,5738,122250,17,318120
25600,0.014573,172.31.36.0-255,66,122316,17,318120
25601,0.016227,172.217.27.0-255,5738,128054,17,318120
25602,0.016236,172.31.36.0-255,66,128120,17,318120
25603,0.017895,172.217.27.0-255,5738,133858,17,318120
25604,0.017901,172.31.36.0-255,66,133924,17,318120
25605,0.019561,172.217.27.0-255,5738,139662,17,318120
25606,0.019567,172.31.36.0-255,66,139728,17,318120
25607,0.021228,172.217.27.0-255,5738,145466,17,318120
25608,0.021235,172.31.36.0-255,66,145532,17,318120
25609,0.022898,172.217.27.0-255,5738,151270,17,318120
25610,0.022904,172.31.36.0-255,66,151336,17,318120
25611,0.02456,172.217.27.0-255,5738,157074,17,318120
25612,0.024567,172.31.36.0-255,66,157140,17,318120
25613,0.026229,172.217.27.0-255,5738,162878,17,318120
25614,0.026236,172.31.36.0-255,66,162944,17,318120
25615,0.0267,172.31.36.0-255,172,163116,17,318120
25616,0.026726,172.31.36.0-255,1117,164233,17,318120
25617,0.02677,172.31.36.0-255,1514,165747,17,318120
25618,0.026771,172.31.36.0-255,1271,167018,17,318120
25619,0.027898,172.217.27.0-255,5738,172756,17,318120
25620,0.027904,172.31.36.0-255,66,172822,17,318120
25621,0.028275,104.244.42.0-255,66,172888,17,318120
25622,0.028284,104.244.42.0-255,66,172954,17,318120
25623,0.028356,104.244.42.0-255,66,173020,17,318120
25624,0.029557,172.217.27.0-255,5738,178758,17,318120
25625,0.029561,172.31.36.0-255,66,178824,17,318120
25626,0.031213,172.217.27.0-255,5738,184562,17,318120
25627,0.031219,172.31.36.0-255,66,184628,17,318120
25628,0.032869,172.217.27.0-255,5738,190366,17,318120
25629,0.032876,172.31.36.0-255,66,190432,17,318120
25630,0.034524,172.217.27.0-255,5738,196170,17,318120
25631,0.034529,172.31.36.0-255,66,196236,17,318120
25632,0.036203,172.217.27.0-255,5738,201974,17,318120
25633,0.03621,172.31.36.0-255,66,202040,17,318120
25634,0.037866,172.217.27.0-255,5738,207778,17,318120
25635,0.037872,172.31.36.0-255,66,207844,17,318120
25636,0.039529,172.217.27.0-255,5738,213582,17,318120
25637,0.039535,172.31.36.0-255,66,213648,17,318120
25638,0.041214,172.217.27.0-255,5738,219386,17,318120
25639,0.041236,172.31.36.0-255,66,219452,17,318120
25640,0.042896,172.217.27.0-255,5738,225190,17,318120
25641,0.042902,172.31.36.0-255,66,225256,17,318120
25642,0.044566,172.217.27.0-255,5738,230994,17,318120
25643,0.044572,172.31.36.0-255,66,231060,17,318120
25644,0.04624,172.217.27.0-255,5738,236798,17,318120
25645,0.046245,172.31.36.0-255,66,236864,17,318120
25646,0.047908,172.217.27.0-255,5738,242602,17,318120
25647,0.047914,172.31.36.0-255,66,242668,17,318120
25648,0.049562,172.217.27.0-255,5738,248406,17,318120
25649,0.049567,172.31.36.0-255,66,248472,17,318120
25650,0.05122,172.217.27.0-255,5738,254210,17,318120
25651,0.051226,172.31.36.0-255,66,254276,17,318120
25652,0.052886,172.217.27.0-255,5738,260014,17,318120
25653,0.052892,172.31.36.0-255,66,260080,17,318120
25654,0.054546,172.217.27.0-255,5738,265818,17,318120
25655,0.054551,172.31.36.0-255,66,265884,17,318120
25656,0.056207,172.217.27.0-255,5738,271622,17,318120
25657,0.056213,172.31.36.0-255,66,271688,17,318120
25658,0.057864,172.217.27.0-255,5738,277426,17,318120
25659,0.05787,172.31.36.0-255,66,277492,17,318120
25660,0.059526,172.217.27.0-255,5738,283230,17,318120
25661,0.059531,172.31.36.0-255,66,283296,17,318120
25662,0.061186,172.217.27.0-255,5738,289034,17,318120
25663,0.061192,172.31.36.0-255,66,289100,17,318120
25664,0.06286,172.217.27.0-255,5738,294838,17,318120
25665,0.062864,172.31.36.0-255,66,294904,17,318120
25666,0.064511,172.217.27.0-255,5738,300642,17,318120
25667,0.064517,172.31.36.0-255,66,300708,17,318120
25668,0.06617,172.217.27.0-255,5738,306446,17,318120
25669,0.066175,172.31.36.0-255,66,306512,17,318120
25670,0.067827,172.217.27.0-255,5738,312250,17,318120
25671,0.067833,172.31.36.0-255,66,312316,17,318120
25672,0.069487,172.217.27.0-255,5738,318054,17,318120
25673,0.069492,172.31.36.0-255,66,318120,17,318120
25674,0.0,74.125.68.0-255,153,153,17,247744
25675,3.3e-05,172.31.36.0-255,66,219,17,247744
25676,4e-05,74.125.68.0-255,1484,1703,17,247744
25677,4.4e-05,172.31.36.0-255,66,1769,17,247744
25678,4.9e-05,74.125.68.0-255,2902,4671,17,247744
25679,5.2e-05,172.31.36.0-255,66,4737,17,247744
25680,5.5e-05,74.125.68.0-255,1484,6221,17,247744
25681,5.8e-05,172.31.36.0-255,66,6287,17,247744
25682,9.4e-05,74.125.68.0-255,2902,9189,17,247744
25683,9.7e-05,172.31.36.0-255,66,9255,17,247744
25684,0.0001,74.125.68.0-255,1484,10739,17,247744
25685,0.000104,172.31.36.0-255,66,10805,17,247744
25686,0.000121,74.125.68.0-255,3512,14317,17,247744
25687,0.000123,172.31.36.0-255,66,14383,17,247744
25688,0.000142,74.125.68.0-255,2902,17285,17,247744
25689,0.000144,172.31.36.0-255,66,17351,17,247744
25690,0.000163,74.125.68.0-255,2902,20253,17,247744
25691,0.000166,172.31.36.0-255,66,20319,17,247744
25692,0.000169,74.125.68.0-255,1484,21803,17,247744
25693,0.00017,172.31.36.0-255,66,21869,17,247744
25694,0.000209,172.31.36.0-255,66,21935,17,247744
25695,0.000213,74.125.68.0-255,1125,23060,17,247744
25696,0.000215,172.31.36.0-255,66,23126,17,247744
25697,0.001214,74.125.68.0-255,1484,24610,17,247744
25698,0.001221,172.31.36.0-255,66,24676,17,247744
25699,0.001227,74.125.68.0-255,1484,26160,17,247744
25700,0.001229,172.31.36.0-255,66,26226,17,247744
25701,0.001253,74.125.68.0-255,2902,29128,17,247744
25702,0.001255,172.31.36.0-255,66,29194,17,247744
25703,0.001261,74.125.68.0-255,4320,33514,17,247744
25704,0.001263,172.31.36.0-255,66,33580,17,247744
25705,0.001277,74.125.68.0-255,1484,35064,17,247744
25706,0.001282,74.125.68.0-255,4320,39384,17,247744
25707,0.001285,172.31.36.0-255,66,39450,17,247744
25708,0.001312,74.125.68.0-255,5379,44829,17,247744
25709,0.001316,172.31.36.0-255,66,44895,17,247744
25710,0.001334,74.125.68.0-255,4320,49215,17,247744
25711,0.001337,172.31.36.0-255,66,49281,17,247744
25712,0.001349,74.125.68.0-255,2902,52183,17,247744
25713,0.001352,172.31.36.0-255,66,52249,17,247744
25714,0.001387,74.125.68.0-255,5650,57899,17,247744
25715,0.001391,172.31.36.0-255,66,57965,17,247744
25716,0.00165,74.125.68.0-255,1484,59449,17,247744
25717,0.001676,74.125.68.0-255,2902,62351,17,247744
25718,0.001678,172.31.36.0-255,66,62417,17,247744
25719,0.001682,74.125.68.0-255,1484,63901,17,247744
25720,0.001685,74.125.68.0-255,1484,65385,17,247744
25721,0.001686,172.31.36.0-255,66,65451,17,247744
25722,0.001699,74.125.68.0-255,1484,66935,17,247744
25723,0.001712,74.125.68.0-255,4320,71255,17,247744
25724,0.001715,172.31.36.0-255,66,71321,17,247744
25725,0.001732,74.125.68.0-255,1484,72805,17,247744
25726,0.001736,74.125.68.0-255,2902,75707,17,247744
25727,0.001738,172.31.36.0-255,66,75773,17,247744
25728,0.001754,74.125.68.0-255,4320,80093,17,247744
25729,0.001757,172.31.36.0-255,66,80159,17,247744
25730,0.001791,74.125.68.0-255,2902,83061,17,247744
25731,0.001793,172.31.36.0-255,66,83127,17,247744
25732,0.001815,74.125.68.0-255,5738,88865,17,247744
25733,0.001817,172.31.36.0-255,66,88931,17,247744
25734,0.001835,74.125.68.0-255,3602,92533,17,247744
25735,0.001838,172.31.36.0-255,66,92599,17,247744
25736,0.002147,74.125.68.0-255,133,92732,17,247744
25737,0.004349,74.125.68.0-255,4320,97052,17,247744
25738,0.004353,172.31.36.0-255,66,97118,17,247744
25739,0.006877,74.125.68.0-255,5738,102856,17,247744
25740,0.006883,172.31.36.0-255,66,102922,17,247744
25741,0.009404,74.125.68.0-255,5738,108660,17,247744
25742,0.009411,172.31.36.0-255,66,108726,17,247744
25743,0.011924,74.125.68.0-255,5738,114464,17,247744
25744,0.011931,172.31.36.0-255,66,114530,17,247744
25745,0.014449,74.125.68.0-255,5738,120268,17,247744
25746,0.014458,172.31.36.0-255,66,120334,17,247744
25747,0.016995,74.125.68.0-255,5738,126072,17,247744
25748,0.017009,172.31.36.0-255,66,126138,17,247744
25749,0.01955,74.125.68.0-255,5738,131876,17,247744
25750,0.019559,172.31.36.0-255,66,131942,17,247744
25751,0.022069,74.125.68.0-255,5738,137680,17,247744
25752,0.022076,172.31.36.0-255,66,137746,17,247744
25753,0.024607,74.125.68.0-255,5738,143484,17,247744
25754,0.024618,172.31.36.0-255,66,143550,17,247744
25755,0.027137,74.125.68.0-255,5738,149288,17,247744
25756,0.027144,172.31.36.0-255,66,149354,17,247744
25757,0.027303,172.31.36.0-255,172,149526,17,247744
25758,0.027335,172.31.36.0-255,1118,150644,17,247744
25759,0.027371,172.31.36.0-255,1514,152158,17,247744
25760,0.027373,172.31.36.0-255,1270,153428,17,247744
25761,0.028862,104.244.42.0-255,66,153494,17,247744
25762,0.028915,104.244.42.0-255,66,153560,17,247744
25763,0.02896,104.244.42.0-255,66,153626,17,247744
25764,0.029652,74.125.68.0-255,5738,159364,17,247744
25765,0.029657,172.31.36.0-255,66,159430,17,247744
25766,0.032177,74.125.68.0-255,5738,165168,17,247744
25767,0.032182,172.31.36.0-255,66,165234,17,247744
25768,0.034697,74.125.68.0-255,5738,170972,17,247744
25769,0.034703,172.31.36.0-255,66,171038,17,247744
25770,0.037218,74.125.68.0-255,2902,173940,17,247744
25771,0.037223,172.31.36.0-255,66,174006,17,247744
25772,0.037254,74.125.68.0-255,2902,176908,17,247744
25773,0.037256,172.31.36.0-255,66,176974,17,247744
25774,0.03977,74.125.68.0-255,2902,179876,17,247744
25775,0.039776,172.31.36.0-255,66,179942,17,247744
25776,0.039808,74.125.68.0-255,2902,182844,17,247744
25777,0.039811,172.31.36.0-255,66,182910,17,247744
25778,0.042285,74.125.68.0-255,2902,185812,17,247744
25779,0.042305,172.31.36.0-255,66,185878,17,247744
25780,0.042323,74.125.68.0-255,2902,188780,17,247744
25781,0.042327,172.31.36.0-255,66,188846,17,247744
25782,0.044822,74.125.68.0-255,2902,191748,17,247744
25783,0.044828,172.31.36.0-255,66,191814,17,247744
25784,0.04486,74.125.68.0-255,2902,194716,17,247744
25785,0.044863,172.31.36.0-255,66,194782,17,247744
25786,0.04735,74.125.68.0-255,2902,197684,17,247744
25787,0.047356,172.31.36.0-255,66,197750,17,247744
25788,0.047378,74.125.68.0-255,2902,200652,17,247744
25789,0.04738,172.31.36.0-255,66,200718,17,247744
25790,0.049875,74.125.68.0-255,2902,203620,17,247744
25791,0.049881,172.31.36.0-255,66,203686,17,247744
25792,0.049911,74.125.68.0-255,2902,206588,17,247744
25793,0.049914,172.31.36.0-255,66,206654,17,247744
25794,0.052394,74.125.68.0-255,2902,209556,17,247744
25795,0.052399,172.31.36.0-255,66,209622,17,247744
25796,0.052433,74.125.68.0-255,2902,212524,17,247744
25797,0.052436,172.31.36.0-255,66,212590,17,247744
25798,0.054919,74.125.68.0-255,2902,215492,17,247744
25799,0.054924,172.31.36.0-255,66,215558,17,247744
25800,0.054954,74.125.68.0-255,2902,218460,17,247744
25801,0.054957,172.31.36.0-255,66,218526,17,247744
25802,0.057445,74.125.68.0-255,2902,221428,17,247744
25803,0.05745,172.31.36.0-255,66,221494,17,247744
25804,0.05748,74.125.68.0-255,2902,224396,17,247744
25805,0.057483,172.31.36.0-255,66,224462,17,247744
25806,0.059955,74.125.68.0-255,1484,225946,17,247744
25807,0.059988,74.125.68.0-255,4320,230266,17,247744
25808,0.059993,172.31.36.0-255,66,230332,17,247744
25809,0.062528,74.125.68.0-255,5738,236070,17,247744
25810,0.062537,172.31.36.0-255,66,236136,17,247744
25811,0.065087,74.125.68.0-255,5738,241874,17,247744
25812,0.065099,172.31.36.0-255,66,241940,17,247744
25813,0.067617,74.125.68.0-255,5738,247678,17,247744
25814,0.067627,172.31.36.0-255,66,247744,17,247744
25815,0.0,74.125.200.0-255,153,153,17,288549
25816,3e-05,172.31.36.0-255,66,219,17,288549
25817,3.7e-05,74.125.200.0-255,1484,1703,17,288549
25818,4e-05,172.31.36.0-255,66,1769,17,288549
25819,4.5e-05,74.125.200.0-255,2902,4671,17,288549
25820,4.7e-05,172.31.36.0-255,66,4737,17,288549
25821,6.2e-05,74.125.200.0-255,7156,11893,17,288549
25822,6.5e-05,172.31.36.0-255,66,11959,17,288549
25823,6.9e-05,74.125.200.0-255,2031,13990,17,288549
25824,7.2e-05,172.31.36.0-255,66,14056,17,288549
25825,7.6e-05,74.125.200.0-255,2902,16958,17,288549
25826,7.8e-05,172.31.36.0-255,66,17024,17,288549
25827,8.2e-05,74.125.200.0-255,2902,19926,17,288549
25828,8.4e-05,172.31.36.0-255,66,19992,17,288549
25829,0.000113,74.125.200.0-255,4320,24312,17,288549
25830,0.000116,172.31.36.0-255,66,24378,17,288549
25831,0.000122,74.125.200.0-255,6797,31175,17,288549
25832,0.000124,172.31.36.0-255,66,31241,17,288549
25833,0.000192,74.125.200.0-255,1484,32725,17,288549
25834,0.000197,172.31.36.0-255,66,32791,17,288549
25835,0.0002,74.125.200.0-255,1484,34275,17,288549
25836,0.000202,172.31.36.0-255,66,34341,17,288549
25837,0.000224,74.125.200.0-255,2902,37243,17,288549
25838,0.000227,172.31.36.0-255,66,37309,17,288549
25839,0.000237,74.125.200.0-255,5738,43047,17,288549
25840,0.000239,172.31.36.0-255,66,43113,17,288549
25841,0.000269,74.125.200.0-255,5379,48492,17,288549
25842,0.000272,172.31.36.0-255,66,48558,17,288549
25843,0.000298,74.125.200.0-255,5738,54296,17,288549
25844,0.000301,172.31.36.0-255,66,54362,17,288549
25845,0.000304,74.125.200.0-255,1484,55846,17,288549
25846,0.000305,172.31.36.0-255,66,55912,17,288549
25847,0.000331,74.125.200.0-255,5738,61650,17,288549
25848,0.000338,172.31.36.0-255,66,61716,17,288549
25849,0.000366,74.125.200.0-255,4233,65949,17,288549
25850,0.000373,172.31.36.0-255,66,66015,17,288549
25851,0.000377,74.125.200.0-255,133,66148,17,288549
25852,0.000398,74.125.200.0-255,347,66495,17,288549
25853,0.000753,74.125.200.0-255,1484,67979,17,288549
25854,0.000754,172.31.36.0-255,66,68045,17,288549
25855,0.000757,74.125.200.0-255,2902,70947,17,288549
25856,0.000769,172.31.36.0-255,66,71013,17,288549
25857,0.000775,74.125.200.0-255,1484,72497,17,288549
25858,0.000797,74.125.200.0-255,2902,75399,17,288549
25859,0.000801,74.125.200.0-255,2902,78301,17,288549
25860,0.000807,172.31.36.0-255,66,78367,17,288549
25861,0.000819,74.125.200.0-255,5738,84105,17,288549
25862,0.000825,74.125.200.0-255,1484,85589,17,288549
25863,0.000828,172.31.36.0-255,66,85655,17,288549
25864,0.000839,74.125.200.0-255,2902,88557,17,288549
25865,0.000848,172.31.36.0-255,66,88623,17,288549
25866,0.000874,74.125.200.0-255,4320,92943,17,288549
25867,0.000885,172.31.36.0-255,66,93009,17,288549
25868,0.000885,74.125.200.0-255,1484,94493,17,288549
25869,0.000911,74.125.200.0-255,4320,98813,17,288549
25870,0.000915,74.125.200.0-255,2184,100997,17,288549
25871,0.000922,172.31.36.0-255,66,101063,17,288549
25872,0.001568,74.125.200.0-255,1484,102547,17,288549
25873,0.001576,74.125.200.0-255,2902,105449,17,288549
25874,0.001607,74.125.200.0-255,4320,109769,17,288549
25875,0.001619,74.125.200.0-255,1484,111253,17,288549
25876,0.001634,74.125.200.0-255,5738,116991,17,288549
25877,0.001643,74.125.200.0-255,1484,118475,17,288549
25878,0.001675,74.125.200.0-255,2902,121377,17,288549
25879,0.001688,74.125.200.0-255,3602,124979,17,288549
25880,0.004962,172.31.36.0-255,66,125045,17,288549
25881,0.007302,74.125.200.0-255,5738,130783,17,288549
25882,0.00731,172.31.36.0-255,66,130849,17,288549
25883,0.009644,74.125.200.0-255,5738,136587,17,288549
25884,0.009651,172.31.36.0-255,66,136653,17,288549
25885,0.011989,74.125.200.0-255,5738,142391,17,288549
25886,0.01217,172.31.36.0-255,66,142457,17,288549
25887,0.014521,74.125.200.0-255,5738,148195,17,288549
25888,0.014531,172.31.36.0-255,66,148261,17,288549
25889,0.016873,74.125.200.0-255,5738,153999,17,288549
25890,0.016881,172.31.36.0-255,66,154065,17,288549
25891,0.019236,74.125.200.0-255,5738,159803,17,288549
25892,0.019248,172.31.36.0-255,66,159869,17,288549
25893,0.021597,74.125.200.0-255,5738,165607,17,288549
25894,0.021603,172.31.36.0-255,66,165673,17,288549
25895,0.023941,74.125.200.0-255,5738,171411,17,288549
25896,0.02395,172.31.36.0-255,66,171477,17,288549
25897,0.02631,74.125.200.0-255,5738,177215,17,288549
25898,0.026317,172.31.36.0-255,66,177281,17,288549
25899,0.027634,172.31.36.0-255,188,177469,17,288549
25900,0.02768,172.31.36.0-255,961,178430,17,288549
25901,0.02769,172.31.36.0-255,1514,179944,17,288549
25902,0.027692,172.31.36.0-255,1427,181371,17,288549
25903,0.028656,74.125.200.0-255,5738,187109,17,288549
25904,0.028663,172.31.36.0-255,66,187175,17,288549
25905,0.029179,104.244.42.0-255,66,187241,17,288549
25906,0.02924,104.244.42.0-255,66,187307,17,288549
25907,0.029312,104.244.42.0-255,66,187373,17,288549
25908,0.031211,74.125.200.0-255,2902,190275,17,288549
25909,0.031215,172.31.36.0-255,66,190341,17,288549
25910,0.031251,74.125.200.0-255,2902,193243,17,288549
25911,0.03127,172.31.36.0-255,66,193309,17,288549
25912,0.033579,74.125.200.0-255,2902,196211,17,288549
25913,0.033585,172.31.36.0-255,66,196277,17,288549
25914,0.033619,74.125.200.0-255,2902,199179,17,288549
25915,0.033636,172.31.36.0-255,66,199245,17,288549
25916,0.035922,74.125.200.0-255,2902,202147,17,288549
25917,0.035927,172.31.36.0-255,66,202213,17,288549
25918,0.035959,74.125.200.0-255,2902,205115,17,288549
25919,0.03598,172.31.36.0-255,66,205181,17,288549
25920,0.038269,74.125.200.0-255,1484,206665,17,288549
25921,0.038305,74.125.200.0-255,1484,208149,17,288549
25922,0.03831,172.31.36.0-255,66,208215,17,288549
25923,0.038374,74.125.200.0-255,2902,211117,17,288549
25924,0.038378,172.31.36.0-255,66,211183,17,288549
25925,0.040645,74.125.200.0-255,2902,214085,17,288549
25926,0.040651,172.31.36.0-255,66,214151,17,288549
25927,0.040701,74.125.200.0-255,2902,217053,17,288549
25928,0.040731,172.31.36.0-255,66,217119,17,288549
25929,0.042998,74.125.200.0-255,2902,220021,17,288549
25930,0.043004,172.31.36.0-255,66,220087,17,288549
25931,0.043069,74.125.200.0-255,2902,222989,17,288549
25932,0.043083,172.31.36.0-255,66,223055,17,288549
25933,0.045346,74.125.200.0-255,2902,225957,17,288549
25934,0.045352,172.31.36.0-255,66,226023,17,288549
25935,0.0454,74.125.200.0-255,2902,228925,17,288549
25936,0.045428,172.31.36.0-255,66,228991,17,288549
25937,0.047688,74.125.200.0-255,2902,231893,17,288549
25938,0.047693,172.31.36.0-255,66,231959,17,288549
25939,0.047757,74.125.200.0-255,2902,234861,17,288549
25940,0.04777,172.31.36.0-255,66,234927,17,288549
25941,0.05003,74.125.200.0-255,2902,237829,17,288549
25942,0.050036,172.31.36.0-255,66,237895,17,288549
25943,0.050106,74.125.200.0-255,2902,240797,17,288549
25944,0.05011,172.31.36.0-255,66,240863,17,288549
25945,0.05237,74.125.200.0-255,2902,243765,17,288549
25946,0.052375,172.31.36.0-255,66,243831,17,288549
25947,0.052438,74.125.200.0-255,1484,245315,17,288549
25948,0.052453,74.125.200.0-255,1484,246799,17,288549
25949,0.052462,172.31.36.0-255,66,246865,17,288549
25950,0.054698,74.125.200.0-255,2902,249767,17,288549
25951,0.054703,172.31.36.0-255,66,249833,17,288549
25952,0.054796,74.125.200.0-255,1484,251317,17,288549
25953,0.05481,74.125.200.0-255,1484,252801,17,288549
25954,0.054813,172.31.36.0-255,66,252867,17,288549
25955,0.057033,74.125.200.0-255,2902,255769,17,288549
25956,0.057038,172.31.36.0-255,66,255835,17,288549
25957,0.057139,74.125.200.0-255,2902,258737,17,288549
25958,0.057144,172.31.36.0-255,66,258803,17,288549
25959,0.059368,74.125.200.0-255,2902,261705,17,288549
25960,0.059372,172.31.36.0-255,66,261771,17,288549
25961,0.059467,74.125.200.0-255,2902,264673,17,288549
25962,0.059471,172.31.36.0-255,66,264739,17,288549
25963,0.061714,74.125.200.0-255,2902,267641,17,288549
25964,0.061718,172.31.36.0-255,66,267707,17,288549
25965,0.061803,74.125.200.0-255,2902,270609,17,288549
25966,0.06181,172.31.36.0-255,66,270675,17,288549
25967,0.064047,74.125.200.0-255,1484,272159,17,288549
25968,0.064078,74.125.200.0-255,1484,273643,17,288549
25969,0.064082,172.31.36.0-255,66,273709,17,288549
25970,0.064131,74.125.200.0-255,2902,276611,17,288549
25971,0.064145,172.31.36.0-255,66,276677,17,288549
25972,0.066423,74.125.200.0-255,2902,279579,17,288549
25973,0.066428,172.31.36.0-255,66,279645,17,288549
25974,0.066468,74.125.200.0-255,2902,282547,17,288549
25975,0.066481,172.31.36.0-255,66,282613,17,288549
25976,0.068753,74.125.200.0-255,2902,285515,17,288549
25977,0.068757,172.31.36.0-255,66,285581,17,288549
25978,0.068861,74.125.200.0-255,2902,288483,17,288549
25979,0.068865,172.31.36.0-255,66,288549,17,288549
25980,0.0,74.125.24.0-255,66,66,17,66
25981,0.0,74.125.200.0-255,150,150,17,360344
25982,3.4e-05,172.31.36.0-255,66,216,17,360344
25983,4.3e-05,74.125.200.0-255,1484,1700,17,360344
25984,4.7e-05,172.31.36.0-255,66,1766,17,360344
25985,5e-05,74.125.200.0-255,1484,3250,17,360344
25986,5.2e-05,172.31.36.0-255,66,3316,17,360344
25987,6.5e-05,74.125.200.0-255,2902,6218,17,360344
25988,6.9e-05,172.31.36.0-255,66,6284,17,360344
25989,7.4e-05,74.125.200.0-255,4320,10604,17,360344
25990,7.7e-05,172.31.36.0-255,66,10670,17,360344
25991,0.000103,74.125.200.0-255,1484,12154,17,360344
25992,0.000107,172.31.36.0-255,66,12220,17,360344
25993,0.000113,74.125.200.0-255,2030,14250,17,360344
25994,0.000115,172.31.36.0-255,66,14316,17,360344
25995,0.000119,74.125.200.0-255,2902,17218,17,360344
25996,0.000121,172.31.36.0-255,66,17284,17,360344
25997,0.000157,74.125.200.0-255,7156,24440,17,360344
25998,0.000161,172.31.36.0-255,66,24506,17,360344
25999,0.000165,74.125.200.0-255,2902,27408,17,360344
26000,0.000167,172.31.36.0-255,66,27474,17,360344
26001,0.000215,74.125.200.0-255,3961,31435,17,360344
26002,0.000218,172.31.36.0-255,66,31501,17,360344
26003,0.000272,74.125.200.0-255,1484,32985,17,360344
26004,0.000275,172.31.36.0-255,66,33051,17,360344
26005,0.000279,74.125.200.0-255,2902,35953,17,360344
26006,0.000281,172.31.36.0-255,66,36019,17,360344
26007,0.000313,74.125.200.0-255,5738,41757,17,360344
26008,0.000317,172.31.36.0-255,66,41823,17,360344
26009,0.000325,74.125.200.0-255,4320,46143,17,360344
26010,0.000327,172.31.36.0-255,66,46209,17,360344
26011,0.00034,74.125.200.0-255,2543,48752,17,360344
26012,0.000343,172.31.36.0-255,66,48818,17,360344
26013,0.000364,74.125.200.0-255,7156,55974,17,360344
26014,0.000367,172.31.36.0-255,66,56040,17,360344
26015,0.000394,74.125.200.0-255,5738,61778,17,360344
26016,0.000396,74.125.200.0-255,1484,63262,17,360344
26017,0.000399,172.31.36.0-255,66,63328,17,360344
26018,0.000427,74.125.200.0-255,2904,66232,17,360344
26019,0.000431,172.31.36.0-255,66,66298,17,360344
26020,0.000434,74.125.200.0-255,329,66627,17,360344
26021,0.000705,74.125.200.0-255,1484,68111,17,360344
26022,0.000709,172.31.36.0-255,66,68177,17,360344
26023,0.000714,74.125.200.0-255,2902,71079,17,360344
26024,0.000716,172.31.36.0-255,66,71145,17,360344
26025,0.000789,74.125.200.0-255,5738,76883,17,360344
26026,0.000793,172.31.36.0-255,66,76949,17,360344
26027,0.000801,74.125.200.0-255,7156,84105,17,360344
26028,0.000804,172.31.36.0-255,66,84171,17,360344
26029,0.000814,172.31.36.0-255,66,84237,17,360344
26030,0.000822,74.125.200.0-255,7156,91393,17,360344
26031,0.000824,172.31.36.0-255,66,91459,17,360344
26032,0.000855,74.125.200.0-255,766,92225,17,360344
26033,0.001037,74.125.200.0-255,1484,93709,17,360344
26034,0.00104,172.31.36.0-255,66,93775,17,360344
26035,0.001044,74.125.200.0-255,1484,95259,17,360344
26036,0.001064,74.125.200.0-255,1484,96743,17,360344
26037,0.001067,172.31.36.0-255,66,96809,17,360344
26038,0.001073,74.125.200.0-255,4320,101129,17,360344
26039,0.001075,172.31.36.0-255,66,101195,17,360344
26040,0.001099,74.125.200.0-255,1484,102679,17,360344
26041,0.001107,74.125.200.0-255,7156,109835,17,360344
26042,0.00111,172.31.36.0-255,66,109901,17,360344
26043,0.001129,172.31.36.0-255,66,109967,17,360344
26044,0.001151,74.125.200.0-255,4320,114287,17,360344
26045,0.001154,172.31.36.0-255,66,114353,17,360344
26046,0.001172,74.125.200.0-255,3602,117955,17,360344
26047,0.001175,172.31.36.0-255,66,118021,17,360344
26048,0.001553,74.125.200.0-255,1484,119505,17,360344
26049,0.001564,74.125.200.0-255,2902,122407,17,360344
26050,0.001568,172.31.36.0-255,66,122473,17,360344
26051,0.001573,74.125.200.0-255,1484,123957,17,360344
26052,0.001598,74.125.200.0-255,2902,126859,17,360344
26053,0.001602,172.31.36.0-255,66,126925,17,360344
26054,0.001608,74.125.200.0-255,5738,132663,17,360344
26055,0.00161,172.31.36.0-255,66,132729,17,360344
26056,0.001659,172.31.36.0-255,66,132795,17,360344
26057,0.001697,172.31.36.0-255,66,132861,17,360344
26058,0.00173,74.125.200.0-255,2902,135763,17,360344
26059,0.001733,172.31.36.0-255,66,135829,17,360344
26060,0.001762,74.125.200.0-255,5738,141567,17,360344
26061,0.001764,172.31.36.0-255,66,141633,17,360344
26062,0.00178,74.125.200.0-255,4320,145953,17,360344
26063,0.001787,172.31.36.0-255,66,146019,17,360344
26064,0.001811,74.125.200.0-255,2902,148921,17,360344
26065,0.001814,172.31.36.0-255,66,148987,17,360344
26066,0.001825,172.31.36.0-255,66,149053,17,360344
26067,0.00183,74.125.200.0-255,2902,151955,17,360344
26068,0.001832,172.31.36.0-255,66,152021,17,360344
26069,0.001878,74.125.200.0-255,4320,156341,17,360344
26070,0.001881,172.31.36.0-255,66,156407,17,360344
26071,0.001885,74.125.200.0-255,766,157173,17,360344
26072,0.002242,74.125.200.0-255,1484,158657,17,360344
26073,0.002249,172.31.36.0-255,66,158723,17,360344
26074,0.002254,74.125.200.0-255,2902,161625,17,360344
26075,0.002256,172.31.36.0-255,66,161691,17,360344
26076,0.002288,74.125.200.0-255,5738,167429,17,360344
26077,0.002291,172.31.36.0-255,66,167495,17,360344
26078,0.002295,74.125.200.0-255,2902,170397,17,360344
26079,0.002296,172.31.36.0-255,66,170463,17,360344
26080,0.002302,74.125.200.0-255,4320,174783,17,360344
26081,0.002304,172.31.36.0-255,66,174849,17,360344
26082,0.002307,74.125.200.0-255,1484,176333,17,360344
26083,0.002341,74.125.200.0-255,7156,183489,17,360344
26084,0.002344,172.31.36.0-255,66,183555,17,360344
26085,0.00235,74.125.200.0-255,5738,189293,17,360344
26086,0.002353,172.31.36.0-255,66,189359,17,360344
26087,0.002356,74.125.200.0-255,2184,191543,17,360344
26088,0.002359,172.31.36.0-255,66,191609,17,360344
26089,0.004656,74.125.200.0-255,4320,195929,17,360344
26090,0.004661,172.31.36.0-255,66,195995,17,360344
26091,0.004685,74.125.200.0-255,1484,197479,17,360344
26092,0.006983,74.125.200.0-255,4320,201799,17,360344
26093,0.00699,172.31.36.0-255,66,201865,17,360344
26094,0.009313,74.125.200.0-255,5738,207603,17,360344
26095,0.00932,172.31.36.0-255,66,207669,17,360344
26096,0.011683,74.125.200.0-255,5738,213407,17,360344
26097,0.01169,172.31.36.0-255,66,213473,17,360344
26098,0.014013,74.125.200.0-255,5738,219211,17,360344
26099,0.014023,172.31.36.0-255,66,219277,17,360344
26100,0.016384,74.125.200.0-255,5738,225015,17,360344
26101,0.016392,172.31.36.0-255,66,225081,17,360344
26102,0.018722,74.125.200.0-255,5738,230819,17,360344
26103,0.01873,172.31.36.0-255,66,230885,17,360344
26104,0.021058,74.125.200.0-255,5738,236623,17,360344
26105,0.021065,172.31.36.0-255,66,236689,17,360344
26106,0.023387,74.125.200.0-255,5738,242427,17,360344
26107,0.023395,172.31.36.0-255,66,242493,17,360344
26108,0.025717,74.125.200.0-255,5738,248231,17,360344
26109,0.025724,172.31.36.0-255,66,248297,17,360344
26110,0.02804,74.125.200.0-255,5738,254035,17,360344
26111,0.028048,172.31.36.0-255,66,254101,17,360344
26112,0.029314,172.31.36.0-255,200,254301,17,360344
26113,0.029344,172.31.36.0-255,1116,255417,17,360344
26114,0.029384,172.31.36.0-255,1514,256931,17,360344
26115,0.029386,172.31.36.0-255,1273,258204,17,360344
26116,0.030362,74.125.200.0-255,5738,263942,17,360344
26117,0.030368,172.31.36.0-255,66,264008,17,360344
26118,0.030863,104.244.42.0-255,66,264074,17,360344
26119,0.030891,104.244.42.0-255,66,264140,17,360344
26120,0.030936,104.244.42.0-255,66,264206,17,360344
26121,0.032693,74.125.200.0-255,5738,269944,17,360344
26122,0.032699,172.31.36.0-255,66,270010,17,360344
26123,0.034387,104.244.42.0-255,108,270118,17,360344
26124,0.034398,172.31.36.0-255,66,270184,17,360344
26125,0.035024,74.125.200.0-255,5738,275922,17,360344
26126,0.03503,172.31.36.0-255,66,275988,17,360344
26127,0.037352,74.125.200.0-255,5738,281726,17,360344
26128,0.037363,172.31.36.0-255,66,281792,17,360344
26129,0.039677,74.125.200.0-255,4320,286112,17,360344
26130,0.039682,172.31.36.0-255,66,286178,17,360344
26131,0.039712,74.125.200.0-255,1484,287662,17,360344
26132,0.041995,74.125.200.0-255,4320,291982,17,360344
26133,0.041999,172.31.36.0-255,66,292048,17,360344
26134,0.044316,74.125.200.0-255,5738,297786,17,360344
26135,0.044321,172.31.36.0-255,66,297852,17,360344
26136,0.046627,74.125.200.0-255,5738,303590,17,360344
26137,0.046632,172.31.36.0-255,66,303656,17,360344
26138,0.048944,74.125.200.0-255,5738,309394,17,360344
26139,0.04895,172.31.36.0-255,66,309460,17,360344
26140,0.051281,74.125.200.0-255,5738,315198,17,360344
26141,0.05129,172.31.36.0-255,66,315264,17,360344
26142,0.053603,74.125.200.0-255,5738,321002,17,360344
26143,0.053613,172.31.36.0-255,66,321068,17,360344
26144,0.055917,74.125.200.0-255,5738,326806,17,360344
26145,0.055922,172.31.36.0-255,66,326872,17,360344
26146,0.058265,74.125.200.0-255,5738,332610,17,360344
26147,0.058271,172.31.36.0-255,66,332676,17,360344
26148,0.060584,74.125.200.0-255,4320,336996,17,360344
26149,0.060589,172.31.36.0-255,66,337062,17,360344
26150,0.060615,74.125.200.0-255,1484,338546,17,360344
26151,0.062902,74.125.200.0-255,4320,342866,17,360344
26152,0.062907,172.31.36.0-255,66,342932,17,360344
26153,0.065217,74.125.200.0-255,5738,348670,17,360344
26154,0.065223,172.31.36.0-255,66,348736,17,360344
26155,0.067537,74.125.200.0-255,5738,354474,17,360344
26156,0.067544,172.31.36.0-255,66,354540,17,360344
26157,0.06987,74.125.200.0-255,5738,360278,17,360344
26158,0.069881,172.31.36.0-255,66,360344,17,360344
26159,0.0,172.31.36.0-255,105,105,17,459
26160,0.000243,172.31.36.0-255,90,195,17,459
26161,0.000252,172.31.36.0-255,66,261,17,459
26162,0.002453,74.125.24.0-255,66,327,17,459
26163,0.003003,74.125.24.0-255,66,393,17,459
26164,0.003015,172.31.36.0-255,66,459,17,459
26165,0.0,74.125.24.0-255,152,152,17,230703
26166,2e-05,172.31.36.0-255,66,218,17,230703
26167,4e-05,74.125.24.0-255,1484,1702,17,230703
26168,4.4e-05,172.31.36.0-255,66,1768,17,230703
26169,5e-05,74.125.24.0-255,2902,4670,17,230703
26170,5.4e-05,172.31.36.0-255,66,4736,17,230703
26171,7.6e-05,74.125.24.0-255,7156,11892,17,230703
26172,7.9e-05,172.31.36.0-255,66,11958,17,230703
26173,8.3e-05,74.125.24.0-255,2039,13997,17,230703
26174,8.6e-05,172.31.36.0-255,66,14063,17,230703
26175,0.00013,74.125.24.0-255,7156,21219,17,230703
26176,0.000133,172.31.36.0-255,66,21285,17,230703
26177,0.000152,74.125.24.0-255,1484,22769,17,230703
26178,0.000154,172.31.36.0-255,66,22835,17,230703
26179,0.000183,74.125.24.0-255,4320,27155,17,230703
26180,0.000186,172.31.36.0-255,66,27221,17,230703
26181,0.000208,74.125.24.0-255,3961,31182,17,230703
26182,0.000212,172.31.36.0-255,66,31248,17,230703
26183,0.000452,74.125.24.0-255,1484,32732,17,230703
26184,0.000457,172.31.36.0-255,66,32798,17,230703
26185,0.000464,74.125.24.0-255,2902,35700,17,230703
26186,0.000466,172.31.36.0-255,66,35766,17,230703
26187,0.000473,74.125.24.0-255,5738,41504,17,230703
26188,0.000476,172.31.36.0-255,66,41570,17,230703
26189,0.000481,74.125.24.0-255,4320,45890,17,230703
26190,0.000484,172.31.36.0-255,66,45956,17,230703
26191,0.000538,74.125.24.0-255,3961,49917,17,230703
26192,0.000542,172.31.36.0-255,66,49983,17,230703
26193,0.000548,74.125.24.0-255,4320,54303,17,230703
26194,0.00055,172.31.36.0-255,66,54369,17,230703
26195,0.000555,74.125.24.0-255,2902,57271,17,230703
26196,0.000557,172.31.36.0-255,66,57337,17,230703
26197,0.000588,74.125.24.0-255,7156,64493,17,230703
26198,0.00059,74.125.24.0-255,1452,65945,17,230703
26199,0.000595,172.31.36.0-255,66,66011,17,230703
26200,0.000605,74.125.24.0-255,381,66392,17,230703
26201,0.000607,172.31.36.0-255,66,66458,17,230703
26202,0.001605,74.125.24.0-255,1484,67942,17,230703
26203,0.001616,74.125.24.0-255,2902,70844,17,230703
26204,0.00162,172.31.36.0-255,66,70910,17,230703
26205,0.001663,74.125.24.0-255,5738,76648,17,230703
26206,0.001666,172.31.36.0-255,66,76714,17,230703
26207,0.001671,74.125.24.0-255,2902,79616,17,230703
26208,0.001673,172.31.36.0-255,66,79682,17,230703
26209,0.001695,74.125.24.0-255,6797,86479,17,230703
26210,0.001697,172.31.36.0-255,66,86545,17,230703
26211,0.00171,172.31.36.0-255,66,86611,17,230703
26212,0.001742,172.31.36.0-255,66,86677,17,230703
26213,0.001775,74.125.24.0-255,2902,89579,17,230703
26214,0.001777,172.31.36.0-255,66,89645,17,230703
26215,0.001799,74.125.24.0-255,2184,91829,17,230703
26216,0.001801,172.31.36.0-255,66,91895,17,230703
26217,0.001828,74.125.24.0-255,2902,94797,17,230703
26218,0.00183,172.31.36.0-255,66,94863,17,230703
26219,0.001836,74.125.24.0-255,4320,99183,17,230703
26220,0.001839,172.31.36.0-255,66,99249,17,230703
26221,0.001856,74.125.24.0-255,4320,103569,17,230703
26222,0.001858,172.31.36.0-255,66,103635,17,230703
26223,0.001875,74.125.24.0-255,5202,108837,17,230703
26224,0.001879,172.31.36.0-255,66,108903,17,230703
26225,0.001891,172.31.36.0-255,66,108969,17,230703
26226,0.00193,172.31.36.0-255,66,109035,17,230703
26227,0.001935,74.125.24.0-255,3602,112637,17,230703
26228,0.001937,172.31.36.0-255,66,112703,17,230703
26229,0.002332,74.125.24.0-255,1484,114187,17,230703
26230,0.002337,74.125.24.0-255,2902,117089,17,230703
26231,0.00234,172.31.36.0-255,66,117155,17,230703
26232,0.002343,74.125.24.0-255,1484,118639,17,230703
26233,0.00236,74.125.24.0-255,2902,121541,17,230703
26234,0.002363,172.31.36.0-255,66,121607,17,230703
26235,0.00238,74.125.24.0-255,1484,123091,17,230703
26236,0.002387,74.125.24.0-255,5738,128829,17,230703
26237,0.002389,172.31.36.0-255,66,128895,17,230703
26238,0.002395,74.125.24.0-255,5738,134633,17,230703
26239,0.002398,172.31.36.0-255,66,134699,17,230703
26240,0.002426,74.125.24.0-255,4320,139019,17,230703
26241,0.002429,172.31.36.0-255,66,139085,17,230703
26242,0.002457,172.31.36.0-255,66,139151,17,230703
26243,0.002494,74.125.24.0-255,1484,140635,17,230703
26244,0.002497,74.125.24.0-255,1484,142119,17,230703
26245,0.0025,172.31.36.0-255,66,142185,17,230703
26246,0.002512,74.125.24.0-255,1484,143669,17,230703
26247,0.002526,74.125.24.0-255,4320,147989,17,230703
26248,0.002528,172.31.36.0-255,66,148055,17,230703
26249,0.002545,74.125.24.0-255,1484,149539,17,230703
26250,0.002552,74.125.24.0-255,5738,155277,17,230703
26251,0.002555,172.31.36.0-255,66,155343,17,230703
26252,0.002579,172.31.36.0-255,66,155409,17,230703
26253,0.002603,74.125.24.0-255,4320,159729,17,230703
26254,0.002606,172.31.36.0-255,66,159795,17,230703
26255,0.002612,74.125.24.0-255,5020,164815,17,230703
26256,0.002615,172.31.36.0-255,66,164881,17,230703
26257,0.002992,172.31.36.0-255,101,164982,17,230703
26258,0.003299,74.125.24.0-255,1484,166466,17,230703
26259,0.003306,74.125.24.0-255,2902,169368,17,230703
26260,0.00331,172.31.36.0-255,66,169434,17,230703
26261,0.003331,74.125.24.0-255,5738,175172,17,230703
26262,0.003334,172.31.36.0-255,66,175238,17,230703
26263,0.003373,74.125.24.0-255,7156,182394,17,230703
26264,0.003376,172.31.36.0-255,66,182460,17,230703
26265,0.003386,172.31.36.0-255,66,182526,17,230703
26266,0.003448,172.31.36.0-255,66,182592,17,230703
26267,0.003461,172.31.36.0-255,66,182658,17,230703
26268,0.003476,172.31.36.0-255,66,182724,17,230703
26269,0.003501,74.125.24.0-255,5020,187744,17,230703
26270,0.003504,172.31.36.0-255,66,187810,17,230703
26271,0.003522,74.125.24.0-255,1484,189294,17,230703
26272,0.003527,74.125.24.0-255,2902,192196,17,230703
26273,0.00353,172.31.36.0-255,66,192262,17,230703
26274,0.003533,74.125.24.0-255,1484,193746,17,230703
26275,0.00355,74.125.24.0-255,4320,198066,17,230703
26276,0.003553,172.31.36.0-255,66,198132,17,230703
26277,0.00356,74.125.24.0-255,5738,203870,17,230703
26278,0.003563,172.31.36.0-255,66,203936,17,230703
26279,0.003617,172.31.36.0-255,66,204002,17,230703
26280,0.003623,74.125.24.0-255,3602,207604,17,230703
26281,0.003626,172.31.36.0-255,66,207670,17,230703
26282,0.003629,74.125.24.0-255,1484,209154,17,230703
26283,0.003677,172.31.36.0-255,66,209220,17,230703
26284,0.003682,74.125.24.0-255,2902,212122,17,230703
26285,0.003685,172.31.36.0-255,66,212188,17,230703
26286,0.003695,172.31.36.0-255,66,212254,17,230703
26287,0.003698,74.125.24.0-255,1484,213738,17,230703
26288,0.003762,172.31.36.0-255,66,213804,17,230703
26289,0.003766,74.125.24.0-255,766,214570,17,230703
26290,0.003773,74.125.24.0-255,7156,221726,17,230703
26291,0.003777,172.31.36.0-255,66,221792,17,230703
26292,0.003817,74.125.24.0-255,4231,226023,17,230703
26293,0.003821,172.31.36.0-255,66,226089,17,230703
26294,0.003844,74.125.24.0-255,105,226194,17,230703
26295,0.005316,74.125.24.0-255,66,226260,17,230703
26296,0.00589,172.31.36.0-255,105,226365,17,230703
26297,0.008225,74.125.24.0-255,66,226431,17,230703
26298,0.03191,172.31.36.0-255,172,226603,17,230703
26299,0.031947,172.31.36.0-255,1118,227721,17,230703
26300,0.032007,172.31.36.0-255,1514,229235,17,230703
26301,0.032008,172.31.36.0-255,1270,230505,17,230703
26302,0.033592,104.244.42.0-255,66,230571,17,230703
26303,0.03363,104.244.42.0-255,66,230637,17,230703
26304,0.033648,104.244.42.0-255,66,230703,17,230703
26305,0.0,172.31.36.0-255,285,285,17,351
26306,0.006509,172.217.194.0-255,66,351,17,351
26307,0.0,172.217.194.0-255,216,216,17,278001
26308,1.7e-05,172.31.36.0-255,66,282,17,278001
26309,2.4e-05,172.217.194.0-255,1484,1766,17,278001
26310,2.9e-05,172.31.36.0-255,66,1832,17,278001
26311,3.6e-05,172.217.194.0-255,4320,6152,17,278001
26312,3.9e-05,172.31.36.0-255,66,6218,17,278001
26313,5.2e-05,172.31.36.0-255,66,6284,17,278001
26314,0.000192,172.217.194.0-255,1484,7768,17,278001
26315,0.000198,172.31.36.0-255,66,7834,17,278001
26316,0.000204,172.217.194.0-255,2902,10736,17,278001
26317,0.000207,172.31.36.0-255,66,10802,17,278001
26318,0.000213,172.217.194.0-255,5738,16540,17,278001
26319,0.000216,172.31.36.0-255,66,16606,17,278001
26320,0.000249,172.217.194.0-255,6797,23403,17,278001
26321,0.000252,172.31.36.0-255,66,23469,17,278001
26322,0.000374,172.217.194.0-255,1484,24953,17,278001
26323,0.000378,172.31.36.0-255,66,25019,17,278001
26324,0.000383,172.217.194.0-255,2902,27921,17,278001
26325,0.000386,172.31.36.0-255,66,27987,17,278001
26326,0.000406,172.217.194.0-255,1484,29471,17,278001
26327,0.000408,172.31.36.0-255,66,29537,17,278001
26328,0.000425,172.217.194.0-255,4320,33857,17,278001
26329,0.000428,172.31.36.0-255,66,33923,17,278001
26330,0.000443,172.31.36.0-255,66,33989,17,278001
26331,0.000446,172.217.194.0-255,1484,35473,17,278001
26332,0.000448,172.31.36.0-255,66,35539,17,278001
26333,0.000484,172.31.36.0-255,66,35605,17,278001
26334,0.000487,172.217.194.0-255,646,36251,17,278001
26335,0.000489,172.31.36.0-255,66,36317,17,278001
26336,0.001089,172.217.194.0-255,1484,37801,17,278001
26337,0.001097,172.217.194.0-255,2902,40703,17,278001
26338,0.001101,172.31.36.0-255,66,40769,17,278001
26339,0.001109,172.217.194.0-255,5738,46507,17,278001
26340,0.001111,172.31.36.0-255,66,46573,17,278001
26341,0.001114,172.217.194.0-255,1484,48057,17,278001
26342,0.001121,172.217.194.0-255,5738,53795,17,278001
26343,0.001123,172.31.36.0-255,66,53861,17,278001
26344,0.001139,172.217.194.0-255,2902,56763,17,278001
26345,0.001141,172.31.36.0-255,66,56829,17,278001
26346,0.001163,172.217.194.0-255,5738,62567,17,278001
26347,0.001165,172.31.36.0-255,66,62633,17,278001
26348,0.001195,172.31.36.0-255,66,62699,17,278001
26349,0.001246,172.31.36.0-255,66,62765,17,278001
26350,0.001266,172.217.194.0-255,2543,65308,17,278001
26351,0.001269,172.31.36.0-255,66,65374,17,278001
26352,0.001351,172.217.194.0-255,1484,66858,17,278001
26353,0.001358,172.217.194.0-255,2902,69760,17,278001
26354,0.001361,172.31.36.0-255,66,69826,17,278001
26355,0.001367,172.217.194.0-255,2902,72728,17,278001
26356,0.001368,172.31.36.0-255,66,72794,17,278001
26357,0.001383,172.217.194.0-255,2902,75696,17,278001
26358,0.001385,172.31.36.0-255,66,75762,17,278001
26359,0.001434,172.31.36.0-255,66,75828,17,278001
26360,0.001447,172.31.36.0-255,66,75894,17,278001
26361,0.001462,172.217.194.0-255,2902,78796,17,278001
26362,0.001464,172.31.36.0-255,66,78862,17,278001
26363,0.001484,172.217.194.0-255,2902,81764,17,278001
26364,0.001486,172.31.36.0-255,66,81830,17,278001
26365,0.001494,172.217.194.0-255,7156,88986,17,278001
26366,0.001496,172.31.36.0-255,66,89052,17,278001
26367,0.001502,172.217.194.0-255,4320,93372,17,278001
26368,0.001505,172.31.36.0-255,66,93438,17,278001
26369,0.001547,172.31.36.0-255,66,93504,17,278001
26370,0.001555,172.217.194.0-255,6438,99942,17,278001
26371,0.001557,172.31.36.0-255,66,100008,17,278001
26372,0.001562,172.217.194.0-255,2902,102910,17,278001
26373,0.001564,172.31.36.0-255,66,102976,17,278001
26374,0.001596,172.217.194.0-255,4320,107296,17,278001
26375,0.001598,172.31.36.0-255,66,107362,17,278001
26376,0.00161,172.31.36.0-255,66,107428,17,278001
26377,0.001649,172.31.36.0-255,66,107494,17,278001
26378,0.001779,172.217.194.0-255,1484,108978,17,278001
26379,0.001785,172.217.194.0-255,1484,110462,17,278001
26380,0.001789,172.31.36.0-255,66,110528,17,278001
26381,0.001805,172.217.194.0-255,1484,112012,17,278001
26382,0.00181,172.217.194.0-255,2902,114914,17,278001
26383,0.001813,172.31.36.0-255,66,114980,17,278001
26384,0.001834,172.217.194.0-255,2902,117882,17,278001
26385,0.001837,172.31.36.0-255,66,117948,17,278001
26386,0.001843,172.217.194.0-255,4320,122268,17,278001
26387,0.001845,172.31.36.0-255,66,122334,17,278001
26388,0.001859,172.31.36.0-255,66,122400,17,278001
26389,0.001894,172.31.36.0-255,66,122466,17,278001
26390,0.002007,172.217.194.0-255,1484,123950,17,278001
26391,0.002014,172.217.194.0-255,2902,126852,17,278001
26392,0.002017,172.31.36.0-255,66,126918,17,278001
26393,0.002041,172.217.194.0-255,5738,132656,17,278001
26394,0.002045,172.31.36.0-255,66,132722,17,278001
26395,0.002081,172.31.36.0-255,66,132788,17,278001
26396,0.002088,172.217.194.0-255,5738,138526,17,278001
26397,0.002091,172.31.36.0-255,66,138592,17,278001
26398,0.002128,172.217.194.0-255,5020,143612,17,278001
26399,0.002132,172.31.36.0-255,66,143678,17,278001
26400,0.00443,172.217.194.0-255,5738,149416,17,278001
26401,0.004437,172.31.36.0-255,66,149482,17,278001
26402,0.006704,172.217.194.0-255,5738,155220,17,278001
26403,0.006717,172.31.36.0-255,66,155286,17,278001
26404,0.008965,172.217.194.0-255,5738,161024,17,278001
26405,0.00897,172.31.36.0-255,66,161090,17,278001
26406,0.011255,172.217.194.0-255,5738,166828,17,278001
26407,0.011262,172.31.36.0-255,66,166894,17,278001
26408,0.013554,172.217.194.0-255,5738,172632,17,278001
26409,0.013563,172.31.36.0-255,66,172698,17,278001
26410,0.015823,172.217.194.0-255,5738,178436,17,278001
26411,0.015832,172.31.36.0-255,66,178502,17,278001
26412,0.018129,172.217.194.0-255,5738,184240,17,278001
26413,0.01814,172.31.36.0-255,66,184306,17,278001
26414,0.020433,172.217.194.0-255,5738,190044,17,278001
26415,0.020442,172.31.36.0-255,66,190110,17,278001
26416,0.022721,172.217.194.0-255,5738,195848,17,278001
26417,0.022729,172.31.36.0-255,66,195914,17,278001
26418,0.024995,172.217.194.0-255,5738,201652,17,278001
26419,0.025003,172.31.36.0-255,66,201718,17,278001
26420,0.027286,172.217.194.0-255,5738,207456,17,278001
26421,0.027293,172.31.36.0-255,66,207522,17,278001
26422,0.029552,172.217.194.0-255,5738,213260,17,278001
26423,0.029559,172.31.36.0-255,66,213326,17,278001
26424,0.031844,172.217.194.0-255,5738,219064,17,278001
26425,0.031852,172.31.36.0-255,66,219130,17,278001
26426,0.033782,172.31.36.0-255,175,219305,17,278001
26427,0.033816,172.31.36.0-255,1141,220446,17,278001
26428,0.033875,172.31.36.0-255,1514,221960,17,278001
26429,0.033877,172.31.36.0-255,1247,223207,17,278001
26430,0.034139,172.217.194.0-255,5738,228945,17,278001
26431,0.034145,172.31.36.0-255,66,229011,17,278001
26432,0.035362,104.244.42.0-255,66,229077,17,278001
26433,0.035385,104.244.42.0-255,66,229143,17,278001
26434,0.035438,104.244.42.0-255,66,229209,17,278001
26435,0.036414,172.217.194.0-255,5738,234947,17,278001
26436,0.036421,172.31.36.0-255,66,235013,17,278001
26437,0.038716,172.217.194.0-255,5738,240751,17,278001
26438,0.038723,172.31.36.0-255,66,240817,17,278001
26439,0.041019,172.217.194.0-255,5738,246555,17,278001
26440,0.041029,172.31.36.0-255,66,246621,17,278001
26441,0.043297,172.217.194.0-255,5738,252359,17,278001
26442,0.043304,172.31.36.0-255,66,252425,17,278001
26443,0.045588,172.217.194.0-255,5738,258163,17,278001
26444,0.045595,172.31.36.0-255,66,258229,17,278001
26445,0.047924,172.217.194.0-255,5738,263967,17,278001
26446,0.04793,172.31.36.0-255,66,264033,17,278001
26447,0.050214,172.217.194.0-255,5738,269771,17,278001
26448,0.050221,172.31.36.0-255,66,269837,17,278001
26449,0.052503,172.217.194.0-255,5738,275575,17,278001
26450,0.052511,172.31.36.0-255,66,275641,17,278001
26451,0.054776,172.217.194.0-255,2123,277764,17,278001
26452,0.054783,172.31.36.0-255,66,277830,17,278001
26453,0.054941,172.31.36.0-255,105,277935,17,278001
26454,0.057215,172.217.194.0-255,66,278001,17,278001
26455,0.0,172.217.26.0-255,146,146,17,231118
26456,3.4e-05,172.31.36.0-255,66,212,17,231118
26457,4.1e-05,172.217.26.0-255,1484,1696,17,231118
26458,4.7e-05,172.31.36.0-255,66,1762,17,231118
26459,5.2e-05,172.217.26.0-255,2902,4664,17,231118
26460,6.2e-05,172.31.36.0-255,66,4730,17,231118
26461,0.000164,172.217.26.0-255,4320,9050,17,231118
26462,0.00017,172.31.36.0-255,66,9116,17,231118
26463,0.000341,172.217.26.0-255,4894,14010,17,231118
26464,0.000346,172.31.36.0-255,66,14076,17,231118
26465,0.000541,172.217.26.0-255,7156,21232,17,231118
26466,0.000546,172.31.36.0-255,66,21298,17,231118
26467,0.000579,172.217.26.0-255,4320,25618,17,231118
26468,0.000582,172.31.36.0-255,66,25684,17,231118
26469,0.001003,172.31.36.0-255,66,25750,17,231118
26470,0.00139,172.31.36.0-255,66,25816,17,231118
26471,0.001882,172.31.36.0-255,66,25882,17,231118
26472,0.001918,172.31.36.0-255,66,25948,17,231118
26473,0.002564,172.31.36.0-255,66,26014,17,231118
26474,0.002612,172.31.36.0-255,66,26080,17,231118
26475,0.003535,172.31.36.0-255,66,26146,17,231118
26476,0.003563,172.217.26.0-255,4320,30466,17,231118
26477,0.003565,172.31.36.0-255,66,30532,17,231118
26478,0.00541,172.217.26.0-255,1484,32016,17,231118
26479,0.005414,172.31.36.0-255,66,32082,17,231118
26480,0.00545,172.217.26.0-255,4320,36402,17,231118
26481,0.005457,172.31.36.0-255,66,36468,17,231118
26482,0.0073,172.217.26.0-255,1484,37952,17,231118
26483,0.007363,172.217.26.0-255,4320,42272,17,231118
26484,0.007386,172.31.36.0-255,66,42338,17,231118
26485,0.009294,172.217.26.0-255,5738,48076,17,231118
26486,0.009301,172.31.36.0-255,66,48142,17,231118
26487,0.011199,172.217.26.0-255,5738,53880,17,231118
26488,0.011205,172.31.36.0-255,66,53946,17,231118
26489,0.013102,172.217.26.0-255,5738,59684,17,231118
26490,0.013109,172.31.36.0-255,66,59750,17,231118
26491,0.015024,172.217.26.0-255,5738,65488,17,231118
26492,0.015032,172.31.36.0-255,66,65554,17,231118
26493,0.016924,172.217.26.0-255,5738,71292,17,231118
26494,0.016931,172.31.36.0-255,66,71358,17,231118
26495,0.018822,172.217.26.0-255,5738,77096,17,231118
26496,0.018829,172.31.36.0-255,66,77162,17,231118
26497,0.020737,172.217.26.0-255,5738,82900,17,231118
26498,0.020744,172.31.36.0-255,66,82966,17,231118
26499,0.02264,172.217.26.0-255,5738,88704,17,231118
26500,0.022648,172.31.36.0-255,66,88770,17,231118
26501,0.024554,172.217.26.0-255,5738,94508,17,231118
26502,0.024561,172.31.36.0-255,66,94574,17,231118
26503,0.02591,172.31.36.0-255,172,94746,17,231118
26504,0.025954,172.31.36.0-255,1118,95864,17,231118
26505,0.026026,172.31.36.0-255,1514,97378,17,231118
26506,0.026028,172.31.36.0-255,1270,98648,17,231118
26507,0.026466,172.217.26.0-255,5738,104386,17,231118
26508,0.026473,172.31.36.0-255,66,104452,17,231118
26509,0.027433,104.244.42.0-255,66,104518,17,231118
26510,0.027539,104.244.42.0-255,66,104584,17,231118
26511,0.027591,104.244.42.0-255,66,104650,17,231118
26512,0.028373,172.217.26.0-255,4320,108970,17,231118
26513,0.028378,172.31.36.0-255,66,109036,17,231118
26514,0.028404,172.217.26.0-255,1484,110520,17,231118
26515,0.030266,172.217.26.0-255,4320,114840,17,231118
26516,0.030272,172.31.36.0-255,66,114906,17,231118
26517,0.032164,172.217.26.0-255,5738,120644,17,231118
26518,0.032204,172.31.36.0-255,66,120710,17,231118
26519,0.034101,172.217.26.0-255,5738,126448,17,231118
26520,0.03411,172.31.36.0-255,66,126514,17,231118
26521,0.036008,172.217.26.0-255,5738,132252,17,231118
26522,0.036017,172.31.36.0-255,66,132318,17,231118
26523,0.037926,172.217.26.0-255,5738,138056,17,231118
26524,0.037933,172.31.36.0-255,66,138122,17,231118
26525,0.039841,172.217.26.0-255,5738,143860,17,231118
26526,0.039846,172.31.36.0-255,66,143926,17,231118
26527,0.041742,172.217.26.0-255,5738,149664,17,231118
26528,0.041747,172.31.36.0-255,66,149730,17,231118
26529,0.04364,172.217.26.0-255,5738,155468,17,231118
26530,0.043646,172.31.36.0-255,66,155534,17,231118
26531,0.045555,172.217.26.0-255,5738,161272,17,231118
26532,0.045561,172.31.36.0-255,66,161338,17,231118
26533,0.047453,172.217.26.0-255,1484,162822,17,231118
26534,0.047489,172.217.26.0-255,4320,167142,17,231118
26535,0.047493,172.31.36.0-255,66,167208,17,231118
26536,0.049399,172.217.26.0-255,5738,172946,17,231118
26537,0.049405,172.31.36.0-255,66,173012,17,231118
26538,0.051315,172.217.26.0-255,5738,178750,17,231118
26539,0.051322,172.31.36.0-255,66,178816,17,231118
26540,0.053232,172.217.26.0-255,5738,184554,17,231118
26541,0.053239,172.31.36.0-255,66,184620,17,231118
26542,0.055138,172.217.26.0-255,5738,190358,17,231118
26543,0.055145,172.31.36.0-255,66,190424,17,231118
26544,0.057031,172.217.26.0-255,5738,196162,17,231118
26545,0.057036,172.31.36.0-255,66,196228,17,231118
26546,0.05893,172.217.26.0-255,5738,201966,17,231118
26547,0.058935,172.31.36.0-255,66,202032,17,231118
26548,0.060848,172.217.26.0-255,5738,207770,17,231118
26549,0.060853,172.31.36.0-255,66,207836,17,231118
26550,0.062744,172.217.26.0-255,5738,213574,17,231118
26551,0.062749,172.31.36.0-255,66,213640,17,231118
26552,0.064657,172.217.26.0-255,5738,219378,17,231118
26553,0.064664,172.31.36.0-255,66,219444,17,231118
26554,0.066551,172.217.26.0-255,5738,225182,17,231118
26555,0.066557,172.31.36.0-255,66,225248,17,231118
26556,0.068436,172.217.26.0-255,1484,226732,17,231118
26557,0.068466,172.217.26.0-255,4320,231052,17,231118
26558,0.068472,172.31.36.0-255,66,231118,17,231118
26559,0.0,74.125.24.0-255,153,153,17,273969
26560,2.3e-05,172.31.36.0-255,66,219,17,273969
26561,3e-05,74.125.24.0-255,1484,1703,17,273969
26562,3.5e-05,172.31.36.0-255,66,1769,17,273969
26563,4.9e-05,74.125.24.0-255,2902,4671,17,273969
26564,5.3e-05,172.31.36.0-255,66,4737,17,273969
26565,6e-05,74.125.24.0-255,5738,10475,17,273969
26566,6.3e-05,172.31.36.0-255,66,10541,17,273969
26567,9.8e-05,74.125.24.0-255,3496,14037,17,273969
26568,0.000101,172.31.36.0-255,66,14103,17,273969
26569,0.000143,74.125.24.0-255,1484,15587,17,273969
26570,0.000146,172.31.36.0-255,66,15653,17,273969
26571,0.000151,74.125.24.0-255,2902,18555,17,273969
26572,0.000154,172.31.36.0-255,66,18621,17,273969
26573,0.000174,74.125.24.0-255,5738,24359,17,273969
26574,0.000178,172.31.36.0-255,66,24425,17,273969
26575,0.000236,74.125.24.0-255,4320,28745,17,273969
26576,0.000239,172.31.36.0-255,66,28811,17,273969
26577,0.000265,74.125.24.0-255,2543,31354,17,273969
26578,0.000268,172.31.36.0-255,66,31420,17,273969
26579,0.000301,74.125.24.0-255,1484,32904,17,273969
26580,0.000304,172.31.36.0-255,66,32970,17,273969
26581,0.000309,74.125.24.0-255,2902,35872,17,273969
26582,0.000312,172.31.36.0-255,66,35938,17,273969
26583,0.000343,74.125.24.0-255,5738,41676,17,273969
26584,0.000347,172.31.36.0-255,66,41742,17,273969
26585,0.000374,74.125.24.0-255,2902,44644,17,273969
26586,0.000376,172.31.36.0-255,66,44710,17,273969
26587,0.000408,172.31.36.0-255,66,44776,17,273969
26588,0.000421,172.31.36.0-255,66,44842,17,273969
26589,0.000424,74.125.24.0-255,129,44971,17,273969
26590,0.000463,74.125.24.0-255,350,45321,17,273969
26591,0.000753,74.125.24.0-255,1484,46805,17,273969
26592,0.000759,172.31.36.0-255,66,46871,17,273969
26593,0.000765,74.125.24.0-255,2902,49773,17,273969
26594,0.000767,172.31.36.0-255,66,49839,17,273969
26595,0.000779,74.125.24.0-255,5738,55577,17,273969
26596,0.000782,172.31.36.0-255,66,55643,17,273969
26597,0.000788,74.125.24.0-255,5738,61381,17,273969
26598,0.00079,172.31.36.0-255,66,61447,17,273969
26599,0.000839,172.31.36.0-255,66,61513,17,273969
26600,0.000846,74.125.24.0-255,5020,66533,17,273969
26601,0.000848,172.31.36.0-255,66,66599,17,273969
26602,0.001422,74.125.24.0-255,1484,68083,17,273969
26603,0.001438,74.125.24.0-255,2902,70985,17,273969
26604,0.001442,172.31.36.0-255,66,71051,17,273969
26605,0.001451,74.125.24.0-255,5738,76789,17,273969
26606,0.001453,172.31.36.0-255,66,76855,17,273969
26607,0.001492,172.31.36.0-255,66,76921,17,273969
26608,0.001495,74.125.24.0-255,1484,78405,17,273969
26609,0.001525,172.31.36.0-255,66,78471,17,273969
26610,0.002134,74.125.24.0-255,1484,79955,17,273969
26611,0.002144,74.125.24.0-255,2902,82857,17,273969
26612,0.002149,172.31.36.0-255,66,82923,17,273969
26613,0.002157,74.125.24.0-255,4320,87243,17,273969
26614,0.002159,172.31.36.0-255,66,87309,17,273969
26615,0.002201,172.31.36.0-255,66,87375,17,273969
26616,0.002232,172.31.36.0-255,66,87441,17,273969
26617,0.002254,74.125.24.0-255,766,88207,17,273969
26618,0.002263,74.125.24.0-255,7156,95363,17,273969
26619,0.002265,172.31.36.0-255,66,95429,17,273969
26620,0.002273,74.125.24.0-255,7156,102585,17,273969
26621,0.002275,172.31.36.0-255,66,102651,17,273969
26622,0.002297,74.125.24.0-255,1484,104135,17,273969
26623,0.002315,172.31.36.0-255,66,104201,17,273969
26624,0.00234,74.125.24.0-255,2902,107103,17,273969
26625,0.002343,172.31.36.0-255,66,107169,17,273969
26626,0.002346,74.125.24.0-255,766,107935,17,273969
26627,0.002374,74.125.24.0-255,2902,110837,17,273969
26628,0.002377,172.31.36.0-255,66,110903,17,273969
26629,0.002408,172.31.36.0-255,66,110969,17,273969
26630,0.002413,74.125.24.0-255,2902,113871,17,273969
26631,0.002415,172.31.36.0-255,66,113937,17,273969
26632,0.002451,172.31.36.0-255,66,114003,17,273969
26633,0.002467,172.31.36.0-255,66,114069,17,273969
26634,0.002521,172.31.36.0-255,66,114135,17,273969
26635,0.002541,74.125.24.0-255,5738,119873,17,273969
26636,0.002544,172.31.36.0-255,66,119939,17,273969
26637,0.002548,74.125.24.0-255,3602,123541,17,273969
26638,0.002551,172.31.36.0-255,66,123607,17,273969
26639,0.00507,74.125.24.0-255,5738,129345,17,273969
26640,0.005079,172.31.36.0-255,66,129411,17,273969
26641,0.007603,74.125.24.0-255,5738,135149,17,273969
26642,0.007609,172.31.36.0-255,66,135215,17,273969
26643,0.010139,74.125.24.0-255,5738,140953,17,273969
26644,0.010148,172.31.36.0-255,66,141019,17,273969
26645,0.012686,74.125.24.0-255,5738,146757,17,273969
26646,0.012694,172.31.36.0-255,66,146823,17,273969
26647,0.015234,74.125.24.0-255,5738,152561,17,273969
26648,0.015246,172.31.36.0-255,66,152627,17,273969
26649,0.01779,74.125.24.0-255,5738,158365,17,273969
26650,0.017803,172.31.36.0-255,66,158431,17,273969
26651,0.020342,74.125.24.0-255,5738,164169,17,273969
26652,0.020352,172.31.36.0-255,66,164235,17,273969
26653,0.022879,74.125.24.0-255,5738,169973,17,273969
26654,0.022887,172.31.36.0-255,66,170039,17,273969
26655,0.025425,74.125.24.0-255,5738,175777,17,273969
26656,0.025436,172.31.36.0-255,66,175843,17,273969
26657,0.027979,74.125.24.0-255,5738,181581,17,273969
26658,0.027988,172.31.36.0-255,66,181647,17,273969
26659,0.030509,74.125.24.0-255,5738,187385,17,273969
26660,0.03052,172.31.36.0-255,66,187451,17,273969
26661,0.033059,74.125.24.0-255,5738,193189,17,273969
26662,0.033068,172.31.36.0-255,66,193255,17,273969
26663,0.03561,74.125.24.0-255,5738,198993,17,273969
26664,0.035616,172.31.36.0-255,66,199059,17,273969
26665,0.038162,74.125.24.0-255,5738,204797,17,273969
26666,0.038173,172.31.36.0-255,66,204863,17,273969
26667,0.040182,172.31.36.0-255,172,205035,17,273969
26668,0.040211,172.31.36.0-255,1117,206152,17,273969
26669,0.04027,172.31.36.0-255,1514,207666,17,273969
26670,0.040289,172.31.36.0-255,1271,208937,17,273969
26671,0.04075,74.125.24.0-255,5738,214675,17,273969
26672,0.040761,172.31.36.0-255,66,214741,17,273969
26673,0.041737,104.244.42.0-255,66,214807,17,273969
26674,0.041746,104.244.42.0-255,66,214873,17,273969
26675,0.041837,104.244.42.0-255,66,214939,17,273969
26676,0.043293,74.125.24.0-255,5738,220677,17,273969
26677,0.043301,172.31.36.0-255,66,220743,17,273969
26678,0.045864,74.125.24.0-255,5738,226481,17,273969
26679,0.045878,172.31.36.0-255,66,226547,17,273969
26680,0.048399,74.125.24.0-255,5738,232285,17,273969
26681,0.048406,172.31.36.0-255,66,232351,17,273969
26682,0.050955,74.125.24.0-255,5738,238089,17,273969
26683,0.050961,172.31.36.0-255,66,238155,17,273969
26684,0.053496,74.125.24.0-255,5738,243893,17,273969
26685,0.053503,172.31.36.0-255,66,243959,17,273969
26686,0.056036,74.125.24.0-255,5738,249697,17,273969
26687,0.056043,172.31.36.0-255,66,249763,17,273969
26688,0.058574,74.125.24.0-255,5738,255501,17,273969
26689,0.058581,172.31.36.0-255,66,255567,17,273969
26690,0.061124,74.125.24.0-255,5738,261305,17,273969
26691,0.061132,172.31.36.0-255,66,261371,17,273969
26692,0.063681,74.125.24.0-255,5738,267109,17,273969
26693,0.06369,172.31.36.0-255,66,267175,17,273969
26694,0.066273,74.125.24.0-255,5738,272913,17,273969
26695,0.06628,172.31.36.0-255,66,272979,17,273969
26696,0.068777,74.125.24.0-255,819,273798,17,273969
26697,0.0689,172.31.36.0-255,66,273864,17,273969
26698,0.068941,172.31.36.0-255,105,273969,17,273969
26699,0.0,74.125.68.0-255,152,152,17,396261
26700,1.8e-05,172.31.36.0-255,66,218,17,396261
26701,2.5e-05,74.125.68.0-255,1484,1702,17,396261
26702,2.9e-05,172.31.36.0-255,66,1768,17,396261
26703,3.5e-05,74.125.68.0-255,2902,4670,17,396261
26704,3.8e-05,172.31.36.0-255,66,4736,17,396261
26705,5.4e-05,74.125.68.0-255,7156,11892,17,396261
26706,5.7e-05,172.31.36.0-255,66,11958,17,396261
26707,7.3e-05,74.125.68.0-255,1484,13442,17,396261
26708,7.5e-05,172.31.36.0-255,66,13508,17,396261
26709,0.000108,74.125.68.0-255,6346,19854,17,396261
26710,0.000111,172.31.36.0-255,66,19920,17,396261
26711,0.000119,74.125.68.0-255,7156,27076,17,396261
26712,0.000121,172.31.36.0-255,66,27142,17,396261
26713,0.00016,74.125.68.0-255,3961,31103,17,396261
26714,0.000163,172.31.36.0-255,66,31169,17,396261
26715,0.000188,74.125.68.0-255,2902,34071,17,396261
26716,0.000191,172.31.36.0-255,66,34137,17,396261
26717,0.000214,74.125.68.0-255,1484,35621,17,396261
26718,0.000217,172.31.36.0-255,66,35687,17,396261
26719,0.00022,74.125.68.0-255,1484,37171,17,396261
26720,0.000222,172.31.36.0-255,66,37237,17,396261
26721,0.000226,74.125.68.0-255,2902,40139,17,396261
26722,0.000228,172.31.36.0-255,66,40205,17,396261
26723,0.00024,74.125.68.0-255,5738,45943,17,396261
26724,0.000243,172.31.36.0-255,66,46009,17,396261
26725,0.000275,74.125.68.0-255,2543,48552,17,396261
26726,0.000277,172.31.36.0-255,66,48618,17,396261
26727,0.000427,74.125.68.0-255,1484,50102,17,396261
26728,0.000433,172.31.36.0-255,66,50168,17,396261
26729,0.000438,74.125.68.0-255,2902,53070,17,396261
26730,0.00044,172.31.36.0-255,66,53136,17,396261
26731,0.000475,74.125.68.0-255,5738,58874,17,396261
26732,0.000478,172.31.36.0-255,66,58940,17,396261
26733,0.000486,74.125.68.0-255,6797,65737,17,396261
26734,0.000489,172.31.36.0-255,66,65803,17,396261
26735,0.000491,74.125.68.0-255,646,66449,17,396261
26736,0.00056,74.125.68.0-255,1484,67933,17,396261
26737,0.000563,172.31.36.0-255,66,67999,17,396261
26738,0.000569,74.125.68.0-255,2902,70901,17,396261
26739,0.000571,172.31.36.0-255,66,70967,17,396261
26740,0.000624,74.125.68.0-255,5738,76705,17,396261
26741,0.000627,172.31.36.0-255,66,76771,17,396261
26742,0.000634,74.125.68.0-255,6797,83568,17,396261
26743,0.000636,172.31.36.0-255,66,83634,17,396261
26744,0.000642,74.125.68.0-255,5738,89372,17,396261
26745,0.000645,172.31.36.0-255,66,89438,17,396261
26746,0.000679,74.125.68.0-255,1484,90922,17,396261
26747,0.000691,172.31.36.0-255,66,90988,17,396261
26748,0.000709,74.125.68.0-255,2543,93531,17,396261
26749,0.000711,172.31.36.0-255,66,93597,17,396261
26750,0.000738,74.125.68.0-255,2902,96499,17,396261
26751,0.000741,172.31.36.0-255,66,96565,17,396261
26752,0.000748,74.125.68.0-255,7156,103721,17,396261
26753,0.000751,172.31.36.0-255,66,103787,17,396261
26754,0.000755,74.125.68.0-255,1484,105271,17,396261
26755,0.000783,74.125.68.0-255,3398,108669,17,396261
26756,0.000786,172.31.36.0-255,66,108735,17,396261
26757,0.000842,74.125.68.0-255,1484,110219,17,396261
26758,0.000845,74.125.68.0-255,1484,111703,17,396261
26759,0.000848,172.31.36.0-255,66,111769,17,396261
26760,0.000872,74.125.68.0-255,1484,113253,17,396261
26761,0.000876,74.125.68.0-255,2902,116155,17,396261
26762,0.00088,172.31.36.0-255,66,116221,17,396261
26763,0.000884,74.125.68.0-255,4320,120541,17,396261
26764,0.000887,172.31.36.0-255,66,120607,17,396261
26765,0.00089,74.125.68.0-255,1484,122091,17,396261
26766,0.00093,74.125.68.0-255,7156,129247,17,396261
26767,0.000934,172.31.36.0-255,66,129313,17,396261
26768,0.000939,74.125.68.0-255,5738,135051,17,396261
26769,0.000943,172.31.36.0-255,66,135117,17,396261
26770,0.000949,74.125.68.0-255,6824,141941,17,396261
26771,0.000952,172.31.36.0-255,66,142007,17,396261
26772,0.001011,74.125.68.0-255,1484,143491,17,396261
26773,0.001031,74.125.68.0-255,1484,144975,17,396261
26774,0.001041,172.31.36.0-255,66,145041,17,396261
26775,0.001045,74.125.68.0-255,1484,146525,17,396261
26776,0.00105,74.125.68.0-255,5738,152263,17,396261
26777,0.001053,172.31.36.0-255,66,152329,17,396261
26778,0.001092,74.125.68.0-255,7156,159485,17,396261
26779,0.001126,74.125.68.0-255,1484,160969,17,396261
26780,0.00113,172.31.36.0-255,66,161035,17,396261
26781,0.001149,74.125.68.0-255,6438,167473,17,396261
26782,0.001154,172.31.36.0-255,66,167539,17,396261
26783,0.001185,172.31.36.0-255,66,167605,17,396261
26784,0.001229,74.125.68.0-255,1484,169089,17,396261
26785,0.001243,74.125.68.0-255,2902,171991,17,396261
26786,0.001246,172.31.36.0-255,66,172057,17,396261
26787,0.001274,74.125.68.0-255,5738,177795,17,396261
26788,0.001278,74.125.68.0-255,2902,180697,17,396261
26789,0.001284,74.125.68.0-255,4320,185017,17,396261
26790,0.001303,74.125.68.0-255,1484,186501,17,396261
26791,0.001309,172.31.36.0-255,66,186567,17,396261
26792,0.001342,74.125.68.0-255,7156,193723,17,396261
26793,0.001346,74.125.68.0-255,2902,196625,17,396261
26794,0.00138,74.125.68.0-255,5020,201645,17,396261
26795,0.001384,172.31.36.0-255,66,201711,17,396261
26796,0.001389,172.31.36.0-255,66,201777,17,396261
26797,0.001543,74.125.68.0-255,1484,203261,17,396261
26798,0.001578,74.125.68.0-255,1484,204745,17,396261
26799,0.001581,172.31.36.0-255,66,204811,17,396261
26800,0.001611,74.125.68.0-255,2902,207713,17,396261
26801,0.001618,74.125.68.0-255,5738,213451,17,396261
26802,0.00165,172.31.36.0-255,66,213517,17,396261
26803,0.001663,74.125.68.0-255,4320,217837,17,396261
26804,0.001685,74.125.68.0-255,5738,223575,17,396261
26805,0.001696,74.125.68.0-255,3602,227177,17,396261
26806,0.001716,172.31.36.0-255,66,227243,17,396261
26807,0.00183,74.125.68.0-255,1484,228727,17,396261
26808,0.001884,74.125.68.0-255,2902,231629,17,396261
26809,0.001888,172.31.36.0-255,66,231695,17,396261
26810,0.001895,74.125.68.0-255,5738,237433,17,396261
26811,0.001906,74.125.68.0-255,5738,243171,17,396261
26812,0.001917,172.31.36.0-255,66,243237,17,396261
26813,0.001932,74.125.68.0-255,7156,250393,17,396261
26814,0.001942,74.125.68.0-255,4320,254713,17,396261
26815,0.001946,74.125.68.0-255,2902,257615,17,396261
26816,0.001964,74.125.68.0-255,2902,260517,17,396261
26817,0.001967,74.125.68.0-255,766,261283,17,396261
26818,0.001976,172.31.36.0-255,66,261349,17,396261
26819,0.003931,74.125.68.0-255,5738,267087,17,396261
26820,0.003938,172.31.36.0-255,66,267153,17,396261
26821,0.005883,74.125.68.0-255,5738,272891,17,396261
26822,0.00589,172.31.36.0-255,66,272957,17,396261
26823,0.007833,74.125.68.0-255,5738,278695,17,396261
26824,0.007837,172.31.36.0-255,66,278761,17,396261
26825,0.00978,74.125.68.0-255,5738,284499,17,396261
26826,0.009787,172.31.36.0-255,66,284565,17,396261
26827,0.011746,74.125.68.0-255,5738,290303,17,396261
26828,0.011754,172.31.36.0-255,66,290369,17,396261
26829,0.013703,74.125.68.0-255,5738,296107,17,396261
26830,0.013711,172.31.36.0-255,66,296173,17,396261
26831,0.015655,74.125.68.0-255,5738,301911,17,396261
26832,0.015664,172.31.36.0-255,66,301977,17,396261
26833,0.017609,74.125.68.0-255,4320,306297,17,396261
26834,0.017617,172.31.36.0-255,66,306363,17,396261
26835,0.017646,74.125.68.0-255,1484,307847,17,396261
26836,0.01957,74.125.68.0-255,4320,312167,17,396261
26837,0.019578,172.31.36.0-255,66,312233,17,396261
26838,0.021523,74.125.68.0-255,5738,317971,17,396261
26839,0.021531,172.31.36.0-255,66,318037,17,396261
26840,0.023479,74.125.68.0-255,5738,323775,17,396261
26841,0.023486,172.31.36.0-255,66,323841,17,396261
26842,0.025425,74.125.68.0-255,5738,329579,17,396261
26843,0.025433,172.31.36.0-255,66,329645,17,396261
26844,0.027381,74.125.68.0-255,5738,335383,17,396261
26845,0.027388,172.31.36.0-255,66,335449,17,396261
26846,0.029337,74.125.68.0-255,5738,341187,17,396261
26847,0.029344,172.31.36.0-255,66,341253,17,396261
26848,0.03042,172.31.36.0-255,172,341425,17,396261
26849,0.030451,172.31.36.0-255,1118,342543,17,396261
26850,0.030511,172.31.36.0-255,1514,344057,17,396261
26851,0.030513,172.31.36.0-255,1272,345329,17,396261
26852,0.0313,74.125.68.0-255,5738,351067,17,396261
26853,0.031307,172.31.36.0-255,66,351133,17,396261
26854,0.031974,104.244.42.0-255,66,351199,17,396261
26855,0.032002,104.244.42.0-255,66,351265,17,396261
26856,0.032053,104.244.42.0-255,66,351331,17,396261
26857,0.033257,74.125.68.0-255,5738,357069,17,396261
26858,0.033263,172.31.36.0-255,66,357135,17,396261
26859,0.035216,74.125.68.0-255,5738,362873,17,396261
26860,0.035222,172.31.36.0-255,66,362939,17,396261
26861,0.03717,74.125.68.0-255,5738,368677,17,396261
26862,0.037177,172.31.36.0-255,66,368743,17,396261
26863,0.039129,74.125.68.0-255,5738,374481,17,396261
26864,0.039136,172.31.36.0-255,66,374547,17,396261
26865,0.04109,74.125.68.0-255,5738,380285,17,396261
26866,0.041096,172.31.36.0-255,66,380351,17,396261
26867,0.043071,74.125.68.0-255,5738,386089,17,396261
26868,0.043078,172.31.36.0-255,66,386155,17,396261
26869,0.045026,74.125.68.0-255,5738,391893,17,396261
26870,0.045034,172.31.36.0-255,66,391959,17,396261
26871,0.046994,74.125.68.0-255,4065,396024,17,396261
26872,0.047,172.31.36.0-255,66,396090,17,396261
26873,0.047176,172.31.36.0-255,105,396195,17,396261
26874,0.049081,74.125.68.0-255,66,396261,17,396261
26875,0.0,74.125.24.0-255,298,298,17,268701
26876,2.4e-05,172.31.36.0-255,66,364,17,268701
26877,3.1e-05,74.125.24.0-255,1484,1848,17,268701
26878,3.8e-05,172.31.36.0-255,66,1914,17,268701
26879,4.5e-05,74.125.24.0-255,4320,6234,17,268701
26880,5.7e-05,172.31.36.0-255,66,6300,17,268701
26881,7.3e-05,172.31.36.0-255,66,6366,17,268701
26882,8e-05,74.125.24.0-255,7156,13522,17,268701
26883,8.3e-05,172.31.36.0-255,66,13588,17,268701
26884,9.5e-05,172.31.36.0-255,66,13654,17,268701
26885,0.000162,74.125.24.0-255,1484,15138,17,268701
26886,0.000166,172.31.36.0-255,66,15204,17,268701
26887,0.000191,74.125.24.0-255,2902,18106,17,268701
26888,0.000194,172.31.36.0-255,66,18172,17,268701
26889,0.000197,74.125.24.0-255,1484,19656,17,268701
26890,0.0002,172.31.36.0-255,66,19722,17,268701
26891,0.000206,74.125.24.0-255,5738,25460,17,268701
26892,0.000209,172.31.36.0-255,66,25526,17,268701
26893,0.000252,172.31.36.0-255,66,25592,17,268701
26894,0.000258,74.125.24.0-255,4320,29912,17,268701
26895,0.00026,172.31.36.0-255,66,29978,17,268701
26896,0.000279,74.125.24.0-255,1484,31462,17,268701
26897,0.000282,172.31.36.0-255,66,31528,17,268701
26898,0.000306,74.125.24.0-255,3602,35130,17,268701
26899,0.000314,172.31.36.0-255,66,35196,17,268701
26900,0.000317,74.125.24.0-255,426,35622,17,268701
26901,0.00032,172.31.36.0-255,66,35688,17,268701
26902,0.000556,74.125.24.0-255,1484,37172,17,268701
26903,0.000562,172.31.36.0-255,66,37238,17,268701
26904,0.000568,74.125.24.0-255,2902,40140,17,268701
26905,0.000605,74.125.24.0-255,5738,45878,17,268701
26906,0.000628,74.125.24.0-255,7156,53034,17,268701
26907,0.000647,74.125.24.0-255,4320,57354,17,268701
26908,0.00065,74.125.24.0-255,1484,58838,17,268701
26909,0.000662,74.125.24.0-255,1484,60322,17,268701
26910,0.000696,74.125.24.0-255,1484,61806,17,268701
26911,0.0007,74.125.24.0-255,2902,64708,17,268701
26912,0.000717,74.125.24.0-255,5738,70446,17,268701
26913,0.00073,74.125.24.0-255,1484,71930,17,268701
26914,0.000759,74.125.24.0-255,2902,74832,17,268701
26915,0.000776,74.125.24.0-255,1484,76316,17,268701
26916,0.000804,74.125.24.0-255,6438,82754,17,268701
26917,0.000811,74.125.24.0-255,5738,88492,17,268701
26918,0.000822,74.125.24.0-255,1484,89976,17,268701
26919,0.00088,74.125.24.0-255,7156,97132,17,268701
26920,0.000899,74.125.24.0-255,7156,104288,17,268701
26921,0.000913,74.125.24.0-255,349,104637,17,268701
26922,0.000936,172.31.36.0-255,66,104703,17,268701
26923,0.000962,74.125.24.0-255,1484,106187,17,268701
26924,0.000979,74.125.24.0-255,4320,110507,17,268701
26925,0.000997,74.125.24.0-255,4320,114827,17,268701
26926,0.001003,172.31.36.0-255,66,114893,17,268701
26927,0.001011,74.125.24.0-255,1484,116377,17,268701
26928,0.001047,74.125.24.0-255,4320,120697,17,268701
26929,0.001067,74.125.24.0-255,7156,127853,17,268701
26930,0.001083,172.31.36.0-255,66,127919,17,268701
26931,0.001108,74.125.24.0-255,2184,130103,17,268701
26932,0.001134,172.31.36.0-255,66,130169,17,268701
26933,0.001139,74.125.24.0-255,2902,133071,17,268701
26934,0.001145,172.31.36.0-255,66,133137,17,268701
26935,0.001173,74.125.24.0-255,4320,137457,17,268701
26936,0.001186,172.31.36.0-255,66,137523,17,268701
26937,0.001198,74.125.24.0-255,4320,141843,17,268701
26938,0.001208,172.31.36.0-255,66,141909,17,268701
26939,0.001228,74.125.24.0-255,4320,146229,17,268701
26940,0.001242,74.125.24.0-255,1484,147713,17,268701
26941,0.001258,74.125.24.0-255,6438,154151,17,268701
26942,0.001267,172.31.36.0-255,66,154217,17,268701
26943,0.001337,74.125.24.0-255,1484,155701,17,268701
26944,0.001351,74.125.24.0-255,2902,158603,17,268701
26945,0.001371,74.125.24.0-255,4320,162923,17,268701
26946,0.001375,172.31.36.0-255,66,162989,17,268701
26947,0.001385,172.31.36.0-255,66,163055,17,268701
26948,0.001392,74.125.24.0-255,1484,164539,17,268701
26949,0.001443,74.125.24.0-255,2902,167441,17,268701
26950,0.001448,74.125.24.0-255,2902,170343,17,268701
26951,0.001459,172.31.36.0-255,66,170409,17,268701
26952,0.001501,172.31.36.0-255,66,170475,17,268701
26953,0.001528,74.125.24.0-255,1484,171959,17,268701
26954,0.001533,74.125.24.0-255,2902,174861,17,268701
26955,0.001547,172.31.36.0-255,66,174927,17,268701
26956,0.00155,74.125.24.0-255,1484,176411,17,268701
26957,0.001576,74.125.24.0-255,4320,180731,17,268701
26958,0.001582,74.125.24.0-255,4320,185051,17,268701
26959,0.001593,74.125.24.0-255,1484,186535,17,268701
26960,0.001597,74.125.24.0-255,1484,188019,17,268701
26961,0.001602,172.31.36.0-255,66,188085,17,268701
26962,0.001646,74.125.24.0-255,5020,193105,17,268701
26963,0.001651,74.125.24.0-255,5738,198843,17,268701
26964,0.001656,74.125.24.0-255,4320,203163,17,268701
26965,0.001673,74.125.24.0-255,5738,208901,17,268701
26966,0.001678,74.125.24.0-255,4320,213221,17,268701
26967,0.001743,74.125.24.0-255,2902,216123,17,268701
26968,0.001745,74.125.24.0-255,766,216889,17,268701
26969,0.001757,172.31.36.0-255,66,216955,17,268701
26970,0.001803,74.125.24.0-255,1484,218439,17,268701
26971,0.001827,74.125.24.0-255,2902,221341,17,268701
26972,0.001845,74.125.24.0-255,5738,227079,17,268701
26973,0.001852,74.125.24.0-255,7156,234235,17,268701
26974,0.001866,172.31.36.0-255,66,234301,17,268701
26975,0.001878,74.125.24.0-255,5738,240039,17,268701
26976,0.001889,74.125.24.0-255,7156,247195,17,268701
26977,0.001902,172.31.36.0-255,66,247261,17,268701
26978,0.00192,74.125.24.0-255,3602,250863,17,268701
26979,0.001933,172.31.36.0-255,66,250929,17,268701
26980,0.001944,74.125.24.0-255,4320,255249,17,268701
26981,0.001966,74.125.24.0-255,2902,258151,17,268701
26982,0.001992,172.31.36.0-255,66,258217,17,268701
26983,0.002003,172.31.36.0-255,66,258283,17,268701
26984,0.002026,74.125.24.0-255,5738,264021,17,268701
26985,0.002094,172.31.36.0-255,66,264087,17,268701
26986,0.002145,74.125.24.0-255,105,264192,17,268701
26987,0.011998,172.31.36.0-255,66,264258,17,268701
26988,0.012048,172.31.36.0-255,105,264363,17,268701
26989,0.014374,74.125.24.0-255,66,264429,17,268701
26990,0.0348,172.31.36.0-255,172,264601,17,268701
26991,0.034833,172.31.36.0-255,1115,265716,17,268701
26992,0.034896,172.31.36.0-255,1514,267230,17,268701
26993,0.034898,172.31.36.0-255,1273,268503,17,268701
26994,0.03635,104.244.42.0-255,66,268569,17,268701
26995,0.0364,104.244.42.0-255,66,268635,17,268701
26996,0.036439,104.244.42.0-255,66,268701,17,268701
26997,0.0,74.125.24.0-255,66,66,17,66
26998,0.0,74.125.24.0-255,153,153,17,320234
26999,2.2e-05,172.31.36.0-255,66,219,17,320234
27000,3e-05,74.125.24.0-255,1484,1703,17,320234
27001,3.5e-05,172.31.36.0-255,66,1769,17,320234
27002,4.1e-05,74.125.24.0-255,2902,4671,17,320234
27003,4.4e-05,172.31.36.0-255,66,4737,17,320234
27004,5.3e-05,74.125.24.0-255,7156,11893,17,320234
27005,5.6e-05,172.31.36.0-255,66,11959,17,320234
27006,6e-05,74.125.24.0-255,2082,14041,17,320234
27007,6.3e-05,172.31.36.0-255,66,14107,17,320234
27008,8.1e-05,74.125.24.0-255,1484,15591,17,320234
27009,8.4e-05,172.31.36.0-255,66,15657,17,320234
27010,0.000103,74.125.24.0-255,1484,17141,17,320234
27011,0.000106,172.31.36.0-255,66,17207,17,320234
27012,0.000112,74.125.24.0-255,4320,21527,17,320234
27013,0.000114,172.31.36.0-255,66,21593,17,320234
27014,0.000126,172.31.36.0-255,66,21659,17,320234
27015,0.000153,74.125.24.0-255,2902,24561,17,320234
27016,0.000155,172.31.36.0-255,66,24627,17,320234
27017,0.000192,172.31.36.0-255,66,24693,17,320234
27018,0.000196,74.125.24.0-255,2543,27236,17,320234
27019,0.000198,172.31.36.0-255,66,27302,17,320234
27020,0.000632,74.125.24.0-255,1484,28786,17,320234
27021,0.000638,172.31.36.0-255,66,28852,17,320234
27022,0.000644,74.125.24.0-255,2902,31754,17,320234
27023,0.000646,172.31.36.0-255,66,31820,17,320234
27024,0.000654,74.125.24.0-255,5738,37558,17,320234
27025,0.000656,172.31.36.0-255,66,37624,17,320234
27026,0.000663,74.125.24.0-255,5738,43362,17,320234
27027,0.000665,172.31.36.0-255,66,43428,17,320234
27028,0.000696,74.125.24.0-255,1125,44553,17,320234
27029,0.000817,74.125.24.0-255,1484,46037,17,320234
27030,0.000821,172.31.36.0-255,66,46103,17,320234
27031,0.000826,74.125.24.0-255,2902,49005,17,320234
27032,0.000828,172.31.36.0-255,66,49071,17,320234
27033,0.000868,74.125.24.0-255,5738,54809,17,320234
27034,0.000872,172.31.36.0-255,66,54875,17,320234
27035,0.000884,172.31.36.0-255,66,54941,17,320234
27036,0.000897,172.31.36.0-255,66,55007,17,320234
27037,0.0009,74.125.24.0-255,1125,56132,17,320234
27038,0.000915,74.125.24.0-255,1484,57616,17,320234
27039,0.000918,172.31.36.0-255,66,57682,17,320234
27040,0.000922,74.125.24.0-255,1484,59166,17,320234
27041,0.000943,74.125.24.0-255,2902,62068,17,320234
27042,0.000947,172.31.36.0-255,66,62134,17,320234
27043,0.000955,74.125.24.0-255,7156,69290,17,320234
27044,0.000957,172.31.36.0-255,66,69356,17,320234
27045,0.000974,74.125.24.0-255,2902,72258,17,320234
27046,0.000976,172.31.36.0-255,66,72324,17,320234
27047,0.000979,74.125.24.0-255,1007,73331,17,320234
27048,0.001232,74.125.24.0-255,1484,74815,17,320234
27049,0.001237,172.31.36.0-255,66,74881,17,320234
27050,0.001243,74.125.24.0-255,2902,77783,17,320234
27051,0.001245,172.31.36.0-255,66,77849,17,320234
27052,0.001261,74.125.24.0-255,4320,82169,17,320234
27053,0.001264,172.31.36.0-255,66,82235,17,320234
27054,0.00128,74.125.24.0-255,1484,83719,17,320234
27055,0.001286,74.125.24.0-255,5738,89457,17,320234
27056,0.001288,172.31.36.0-255,66,89523,17,320234
27057,0.00132,74.125.24.0-255,1823,91346,17,320234
27058,0.001323,172.31.36.0-255,66,91412,17,320234
27059,0.001423,74.125.24.0-255,1484,92896,17,320234
27060,0.001427,74.125.24.0-255,1484,94380,17,320234
27061,0.00143,172.31.36.0-255,66,94446,17,320234
27062,0.001453,74.125.24.0-255,1484,95930,17,320234
27063,0.001459,74.125.24.0-255,5738,101668,17,320234
27064,0.001461,172.31.36.0-255,66,101734,17,320234
27065,0.001474,172.31.36.0-255,66,101800,17,320234
27066,0.00149,74.125.24.0-255,4320,106120,17,320234
27067,0.001492,172.31.36.0-255,66,106186,17,320234
27068,0.0015,74.125.24.0-255,7156,113342,17,320234
27069,0.001502,172.31.36.0-255,66,113408,17,320234
27070,0.001544,74.125.24.0-255,3602,117010,17,320234
27071,0.001547,172.31.36.0-255,66,117076,17,320234
27072,0.001782,74.125.24.0-255,1484,118560,17,320234
27073,0.001788,74.125.24.0-255,2902,121462,17,320234
27074,0.001791,172.31.36.0-255,66,121528,17,320234
27075,0.001814,74.125.24.0-255,5738,127266,17,320234
27076,0.001817,172.31.36.0-255,66,127332,17,320234
27077,0.001821,74.125.24.0-255,1484,128816,17,320234
27078,0.001842,172.31.36.0-255,66,128882,17,320234
27079,0.001868,74.125.24.0-255,1484,130366,17,320234
27080,0.001879,172.31.36.0-255,66,130432,17,320234
27081,0.001883,74.125.24.0-255,2184,132616,17,320234
27082,0.001885,172.31.36.0-255,66,132682,17,320234
27083,0.003954,74.125.24.0-255,5738,138420,17,320234
27084,0.003962,172.31.36.0-255,66,138486,17,320234
27085,0.006007,74.125.24.0-255,5738,144224,17,320234
27086,0.006011,172.31.36.0-255,66,144290,17,320234
27087,0.008051,74.125.24.0-255,5738,150028,17,320234
27088,0.008058,172.31.36.0-255,66,150094,17,320234
27089,0.010085,74.125.24.0-255,5738,155832,17,320234
27090,0.010092,172.31.36.0-255,66,155898,17,320234
27091,0.012158,74.125.24.0-255,5738,161636,17,320234
27092,0.012166,172.31.36.0-255,66,161702,17,320234
27093,0.014194,74.125.24.0-255,5738,167440,17,320234
27094,0.014202,172.31.36.0-255,66,167506,17,320234
27095,0.016251,74.125.24.0-255,5738,173244,17,320234
27096,0.016258,172.31.36.0-255,66,173310,17,320234
27097,0.018313,74.125.24.0-255,5738,179048,17,320234
27098,0.018322,172.31.36.0-255,66,179114,17,320234
27099,0.020406,74.125.24.0-255,5738,184852,17,320234
27100,0.020413,172.31.36.0-255,66,184918,17,320234
27101,0.022474,74.125.24.0-255,5738,190656,17,320234
27102,0.022481,172.31.36.0-255,66,190722,17,320234
27103,0.024544,74.125.24.0-255,5738,196460,17,320234
27104,0.024551,172.31.36.0-255,66,196526,17,320234
27105,0.026609,74.125.24.0-255,5738,202264,17,320234
27106,0.026616,172.31.36.0-255,66,202330,17,320234
27107,0.027303,172.31.36.0-255,164,202494,17,320234
27108,0.027338,172.31.36.0-255,1125,203619,17,320234
27109,0.027394,172.31.36.0-255,1514,205133,17,320234
27110,0.027395,172.31.36.0-255,307,205440,17,320234
27111,0.028676,74.125.24.0-255,5738,211178,17,320234
27112,0.028683,172.31.36.0-255,66,211244,17,320234
27113,0.028939,104.244.42.0-255,66,211310,17,320234
27114,0.030724,74.125.24.0-255,5738,217048,17,320234
27115,0.03073,172.31.36.0-255,66,217114,17,320234
27116,0.03279,74.125.24.0-255,5738,222852,17,320234
27117,0.032797,172.31.36.0-255,66,222918,17,320234
27118,0.034857,74.125.24.0-255,5738,228656,17,320234
27119,0.034863,172.31.36.0-255,66,228722,17,320234
27120,0.036939,74.125.24.0-255,5738,234460,17,320234
27121,0.036946,172.31.36.0-255,66,234526,17,320234
27122,0.039009,74.125.24.0-255,5738,240264,17,320234
27123,0.039016,172.31.36.0-255,66,240330,17,320234
27124,0.041063,74.125.24.0-255,4320,244650,17,320234
27125,0.041072,172.31.36.0-255,66,244716,17,320234
27126,0.041091,74.125.24.0-255,1484,246200,17,320234
27127,0.043139,74.125.24.0-255,4320,250520,17,320234
27128,0.043146,172.31.36.0-255,66,250586,17,320234
27129,0.045221,74.125.24.0-255,5738,256324,17,320234
27130,0.045228,172.31.36.0-255,66,256390,17,320234
27131,0.04731,74.125.24.0-255,5738,262128,17,320234
27132,0.047317,172.31.36.0-255,66,262194,17,320234
27133,0.049424,74.125.24.0-255,5738,267932,17,320234
27134,0.049431,172.31.36.0-255,66,267998,17,320234
27135,0.051488,74.125.24.0-255,5738,273736,17,320234
27136,0.051494,172.31.36.0-255,66,273802,17,320234
27137,0.053537,74.125.24.0-255,5738,279540,17,320234
27138,0.053544,172.31.36.0-255,66,279606,17,320234
27139,0.055622,74.125.24.0-255,5738,285344,17,320234
27140,0.055629,172.31.36.0-255,66,285410,17,320234
27141,0.05768,74.125.24.0-255,5738,291148,17,320234
27142,0.057686,172.31.36.0-255,66,291214,17,320234
27143,0.059731,74.125.24.0-255,5738,296952,17,320234
27144,0.059738,172.31.36.0-255,66,297018,17,320234
27145,0.061812,74.125.24.0-255,5738,302756,17,320234
27146,0.061819,172.31.36.0-255,66,302822,17,320234
27147,0.063895,74.125.24.0-255,5738,308560,17,320234
27148,0.063902,172.31.36.0-255,66,308626,17,320234
27149,0.065976,74.125.24.0-255,5738,314364,17,320234
27150,0.065982,172.31.36.0-255,66,314430,17,320234
27151,0.068024,74.125.24.0-255,5738,320168,17,320234
27152,0.068031,172.31.36.0-255,66,320234,17,320234
27153,0.0,74.125.68.0-255,66,66,17,66
27154,0.0,74.125.24.0-255,150,150,17,179760
27155,2.6e-05,172.31.36.0-255,66,216,17,179760
27156,3.2e-05,74.125.24.0-255,1484,1700,17,179760
27157,3.6e-05,172.31.36.0-255,66,1766,17,179760
27158,4.3e-05,74.125.24.0-255,2902,4668,17,179760
27159,4.5e-05,172.31.36.0-255,66,4734,17,179760
27160,6e-05,74.125.24.0-255,7156,11890,17,179760
27161,6.4e-05,172.31.36.0-255,66,11956,17,179760
27162,0.000104,74.125.24.0-255,2058,14014,17,179760
27163,0.000107,172.31.36.0-255,66,14080,17,179760
27164,0.000136,74.125.24.0-255,2902,16982,17,179760
27165,0.000139,172.31.36.0-255,66,17048,17,179760
27166,0.000147,74.125.24.0-255,7156,24204,17,179760
27167,0.000149,172.31.36.0-255,66,24270,17,179760
27168,0.000198,74.125.24.0-255,4320,28590,17,179760
27169,0.000201,172.31.36.0-255,66,28656,17,179760
27170,0.000223,74.125.24.0-255,1484,30140,17,179760
27171,0.000226,172.31.36.0-255,66,30206,17,179760
27172,0.000228,74.125.24.0-255,1125,31331,17,179760
27173,0.000231,172.31.36.0-255,66,31397,17,179760
27174,0.000279,74.125.24.0-255,1484,32881,17,179760
27175,0.000282,172.31.36.0-255,66,32947,17,179760
27176,0.000287,74.125.24.0-255,2902,35849,17,179760
27177,0.000289,172.31.36.0-255,66,35915,17,179760
27178,0.000309,74.125.24.0-255,5738,41653,17,179760
27179,0.000316,172.31.36.0-255,66,41719,17,179760
27180,0.000341,74.125.24.0-255,1484,43203,17,179760
27181,0.000344,172.31.36.0-255,66,43269,17,179760
27182,0.000368,172.31.36.0-255,66,43335,17,179760
27183,0.00039,74.125.24.0-255,2543,45878,17,179760
27184,0.000393,172.31.36.0-255,66,45944,17,179760
27185,0.000457,74.125.24.0-255,2902,48846,17,179760
27186,0.000461,172.31.36.0-255,66,48912,17,179760
27187,0.000487,74.125.24.0-255,7136,56048,17,179760
27188,0.00049,172.31.36.0-255,66,56114,17,179760
27189,0.000524,74.125.24.0-255,348,56462,17,179760
27190,0.000646,74.125.24.0-255,1484,57946,17,179760
27191,0.000649,172.31.36.0-255,66,58012,17,179760
27192,0.000661,74.125.24.0-255,2902,60914,17,179760
27193,0.000668,172.31.36.0-255,66,60980,17,179760
27194,0.000692,74.125.24.0-255,5738,66718,17,179760
27195,0.000695,172.31.36.0-255,66,66784,17,179760
27196,0.000721,74.125.24.0-255,2902,69686,17,179760
27197,0.000724,172.31.36.0-255,66,69752,17,179760
27198,0.000747,74.125.24.0-255,2902,72654,17,179760
27199,0.00075,172.31.36.0-255,66,72720,17,179760
27200,0.000765,74.125.24.0-255,7156,79876,17,179760
27201,0.000772,172.31.36.0-255,66,79942,17,179760
27202,0.000795,74.125.24.0-255,5738,85680,17,179760
27203,0.000798,172.31.36.0-255,66,85746,17,179760
27204,0.000875,74.125.24.0-255,5020,90766,17,179760
27205,0.000878,172.31.36.0-255,66,90832,17,179760
27206,0.001195,74.125.24.0-255,1484,92316,17,179760
27207,0.001214,74.125.24.0-255,2902,95218,17,179760
27208,0.001217,172.31.36.0-255,66,95284,17,179760
27209,0.001221,74.125.24.0-255,1484,96768,17,179760
27210,0.001237,74.125.24.0-255,4320,101088,17,179760
27211,0.001239,172.31.36.0-255,66,101154,17,179760
27212,0.001258,74.125.24.0-255,2902,104056,17,179760
27213,0.00126,172.31.36.0-255,66,104122,17,179760
27214,0.001283,74.125.24.0-255,2902,107024,17,179760
27215,0.001286,172.31.36.0-255,66,107090,17,179760
27216,0.001327,172.31.36.0-255,66,107156,17,179760
27217,0.00141,74.125.24.0-255,5020,112176,17,179760
27218,0.001414,172.31.36.0-255,66,112242,17,179760
27219,0.001448,74.125.24.0-255,5738,117980,17,179760
27220,0.001452,172.31.36.0-255,66,118046,17,179760
27221,0.001503,74.125.24.0-255,2902,120948,17,179760
27222,0.001505,172.31.36.0-255,66,121014,17,179760
27223,0.001526,172.31.36.0-255,66,121080,17,179760
27224,0.001598,74.125.24.0-255,4320,125400,17,179760
27225,0.0016,172.31.36.0-255,66,125466,17,179760
27226,0.001634,172.31.36.0-255,66,125532,17,179760
27227,0.00172,74.125.24.0-255,2902,128434,17,179760
27228,0.001722,172.31.36.0-255,66,128500,17,179760
27229,0.001756,172.31.36.0-255,66,128566,17,179760
27230,0.001845,74.125.24.0-255,2902,131468,17,179760
27231,0.001847,172.31.36.0-255,66,131534,17,179760
27232,0.001884,172.31.36.0-255,66,131600,17,179760
27233,0.001989,74.125.24.0-255,4320,135920,17,179760
27234,0.001991,172.31.36.0-255,66,135986,17,179760
27235,0.002041,74.125.24.0-255,2902,138888,17,179760
27236,0.002043,172.31.36.0-255,66,138954,17,179760
27237,0.002081,172.31.36.0-255,66,139020,17,179760
27238,0.002217,74.125.24.0-255,1484,140504,17,179760
27239,0.002231,74.125.24.0-255,5738,146242,17,179760
27240,0.002234,172.31.36.0-255,66,146308,17,179760
27241,0.002281,172.31.36.0-255,66,146374,17,179760
27242,0.002434,74.125.24.0-255,1484,147858,17,179760
27243,0.002468,172.31.36.0-255,66,147924,17,179760
27244,0.002505,172.31.36.0-255,66,147990,17,179760
27245,0.002802,74.125.24.0-255,2902,150892,17,179760
27246,0.002804,172.31.36.0-255,66,150958,17,179760
27247,0.002835,172.31.36.0-255,66,151024,17,179760
27248,0.002858,74.125.24.0-255,6438,157462,17,179760
27249,0.00286,172.31.36.0-255,66,157528,17,179760
27250,0.003069,74.125.24.0-255,1484,159012,17,179760
27251,0.003083,74.125.24.0-255,4320,163332,17,179760
27252,0.003085,172.31.36.0-255,66,163398,17,179760
27253,0.003145,172.31.36.0-255,66,163464,17,179760
27254,0.003371,172.31.36.0-255,66,163530,17,179760
27255,0.003399,172.31.36.0-255,66,163596,17,179760
27256,0.003422,74.125.24.0-255,5020,168616,17,179760
27257,0.003425,172.31.36.0-255,66,168682,17,179760
27258,0.005732,74.125.24.0-255,5738,174420,17,179760
27259,0.005738,172.31.36.0-255,66,174486,17,179760
27260,0.008021,74.125.24.0-255,763,175249,17,179760
27261,0.00909,172.31.36.0-255,66,175315,17,179760
27262,0.009117,172.31.36.0-255,105,175420,17,179760
27263,0.011413,74.125.24.0-255,66,175486,17,179760
27264,0.030127,172.31.36.0-255,172,175658,17,179760
27265,0.030169,172.31.36.0-255,1118,176776,17,179760
27266,0.030203,172.31.36.0-255,1514,178290,17,179760
27267,0.030223,172.31.36.0-255,1272,179562,17,179760
27268,0.031651,104.244.42.0-255,66,179628,17,179760
27269,0.031718,104.244.42.0-255,66,179694,17,179760
27270,0.031722,104.244.42.0-255,66,179760,17,179760
27271,0.0,74.125.24.0-255,153,153,17,316590
27272,2.4e-05,172.31.36.0-255,66,219,17,316590
27273,3.2e-05,74.125.24.0-255,1484,1703,17,316590
27274,3.6e-05,172.31.36.0-255,66,1769,17,316590
27275,4.3e-05,74.125.24.0-255,2902,4671,17,316590
27276,5.5e-05,172.31.36.0-255,66,4737,17,316590
27277,6.4e-05,74.125.24.0-255,7156,11893,17,316590
27278,6.7e-05,172.31.36.0-255,66,11959,17,316590
27279,7.2e-05,74.125.24.0-255,1930,13889,17,316590
27280,7.4e-05,172.31.36.0-255,66,13955,17,316590
27281,0.000642,74.125.24.0-255,1484,15439,17,316590
27282,0.000649,172.31.36.0-255,66,15505,17,316590
27283,0.000658,74.125.24.0-255,2902,18407,17,316590
27284,0.00066,172.31.36.0-255,66,18473,17,316590
27285,0.000673,74.125.24.0-255,5738,24211,17,316590
27286,0.000675,172.31.36.0-255,66,24277,17,316590
27287,0.000706,74.125.24.0-255,7156,31433,17,316590
27288,0.000709,172.31.36.0-255,66,31499,17,316590
27289,0.000738,74.125.24.0-255,2543,34042,17,316590
27290,0.00074,172.31.36.0-255,66,34108,17,316590
27291,0.000757,172.31.36.0-255,66,34174,17,316590
27292,0.000763,74.125.24.0-255,3961,38135,17,316590
27293,0.000765,172.31.36.0-255,66,38201,17,316590
27294,0.001001,74.125.24.0-255,1484,39685,17,316590
27295,0.001006,172.31.36.0-255,66,39751,17,316590
27296,0.001013,74.125.24.0-255,2902,42653,17,316590
27297,0.001016,172.31.36.0-255,66,42719,17,316590
27298,0.001028,74.125.24.0-255,4320,47039,17,316590
27299,0.00103,172.31.36.0-255,66,47105,17,316590
27300,0.00106,74.125.24.0-255,1484,48589,17,316590
27301,0.001063,172.31.36.0-255,66,48655,17,316590
27302,0.001076,74.125.24.0-255,6797,55452,17,316590
27303,0.001549,74.125.24.0-255,1484,56936,17,316590
27304,0.001556,74.125.24.0-255,1484,58420,17,316590
27305,0.001571,74.125.24.0-255,1484,59904,17,316590
27306,0.001579,74.125.24.0-255,5738,65642,17,316590
27307,0.00163,74.125.24.0-255,2902,68544,17,316590
27308,0.001655,74.125.24.0-255,6797,75341,17,316590
27309,0.001815,74.125.24.0-255,1484,76825,17,316590
27310,0.001833,74.125.24.0-255,2902,79727,17,316590
27311,0.001837,74.125.24.0-255,1484,81211,17,316590
27312,0.001854,74.125.24.0-255,4320,85531,17,316590
27313,0.001871,74.125.24.0-255,2902,88433,17,316590
27314,0.001886,74.125.24.0-255,5738,94171,17,316590
27315,0.001902,74.125.24.0-255,4320,98491,17,316590
27316,0.001905,74.125.24.0-255,1484,99975,17,316590
27317,0.001924,74.125.24.0-255,4320,104295,17,316590
27318,0.001929,74.125.24.0-255,4320,108615,17,316590
27319,0.001942,74.125.24.0-255,766,109381,17,316590
27320,0.001968,74.125.24.0-255,4320,113701,17,316590
27321,0.001982,74.125.24.0-255,1484,115185,17,316590
27322,0.00202,74.125.24.0-255,4320,119505,17,316590
27323,0.00204,74.125.24.0-255,2902,122407,17,316590
27324,0.002058,74.125.24.0-255,6438,128845,17,316590
27325,0.002061,74.125.24.0-255,647,129492,17,316590
27326,0.002215,74.125.24.0-255,1484,130976,17,316590
27327,0.002221,74.125.24.0-255,2902,133878,17,316590
27328,0.002231,74.125.24.0-255,1484,135362,17,316590
27329,0.002247,74.125.24.0-255,4320,139682,17,316590
27330,0.002253,74.125.24.0-255,4320,144002,17,316590
27331,0.002267,74.125.24.0-255,5738,149740,17,316590
27332,0.002279,74.125.24.0-255,2902,152642,17,316590
27333,0.002283,74.125.24.0-255,2902,155544,17,316590
27334,0.004505,172.31.36.0-255,66,155610,17,316590
27335,0.006823,74.125.24.0-255,5738,161348,17,316590
27336,0.006831,172.31.36.0-255,66,161414,17,316590
27337,0.009151,74.125.24.0-255,5738,167152,17,316590
27338,0.009782,172.31.36.0-255,66,167218,17,316590
27339,0.0121,74.125.24.0-255,5738,172956,17,316590
27340,0.012112,172.31.36.0-255,66,173022,17,316590
27341,0.014432,74.125.24.0-255,5738,178760,17,316590
27342,0.014442,172.31.36.0-255,66,178826,17,316590
27343,0.016745,74.125.24.0-255,5738,184564,17,316590
27344,0.016753,172.31.36.0-255,66,184630,17,316590
27345,0.019094,74.125.24.0-255,5738,190368,17,316590
27346,0.019103,172.31.36.0-255,66,190434,17,316590
27347,0.021425,74.125.24.0-255,5738,196172,17,316590
27348,0.021434,172.31.36.0-255,66,196238,17,316590
27349,0.023731,74.125.24.0-255,5738,201976,17,316590
27350,0.023738,172.31.36.0-255,66,202042,17,316590
27351,0.02436,172.31.36.0-255,172,202214,17,316590
27352,0.024391,172.31.36.0-255,1117,203331,17,316590
27353,0.024454,172.31.36.0-255,1514,204845,17,316590
27354,0.024457,172.31.36.0-255,1271,206116,17,316590
27355,0.025901,104.244.42.0-255,66,206182,17,316590
27356,0.025997,104.244.42.0-255,66,206248,17,316590
27357,0.026027,74.125.24.0-255,5738,211986,17,316590
27358,0.026037,172.31.36.0-255,66,212052,17,316590
27359,0.026054,104.244.42.0-255,66,212118,17,316590
27360,0.028377,74.125.24.0-255,5738,217856,17,316590
27361,0.029704,172.31.36.0-255,66,217922,17,316590
27362,0.032043,74.125.24.0-255,5738,223660,17,316590
27363,0.032061,172.31.36.0-255,66,223726,17,316590
27364,0.034367,74.125.24.0-255,5738,229464,17,316590
27365,0.034382,172.31.36.0-255,66,229530,17,316590
27366,0.036689,74.125.24.0-255,5738,235268,17,316590
27367,0.036704,172.31.36.0-255,66,235334,17,316590
27368,0.039004,74.125.24.0-255,5738,241072,17,316590
27369,0.039013,172.31.36.0-255,66,241138,17,316590
27370,0.041343,74.125.24.0-255,5738,246876,17,316590
27371,0.04135,172.31.36.0-255,66,246942,17,316590
27372,0.043654,74.125.24.0-255,5738,252680,17,316590
27373,0.043661,172.31.36.0-255,66,252746,17,316590
27374,0.045967,74.125.24.0-255,5738,258484,17,316590
27375,0.045976,172.31.36.0-255,66,258550,17,316590
27376,0.048313,74.125.24.0-255,5738,264288,17,316590
27377,0.04832,172.31.36.0-255,66,264354,17,316590
27378,0.050638,74.125.24.0-255,5738,270092,17,316590
27379,0.050645,172.31.36.0-255,66,270158,17,316590
27380,0.052951,74.125.24.0-255,5738,275896,17,316590
27381,0.052963,172.31.36.0-255,66,275962,17,316590
27382,0.055297,74.125.24.0-255,5738,281700,17,316590
27383,0.055311,172.31.36.0-255,66,281766,17,316590
27384,0.057654,74.125.24.0-255,5738,287504,17,316590
27385,0.057663,172.31.36.0-255,66,287570,17,316590
27386,0.059964,74.125.24.0-255,5738,293308,17,316590
27387,0.059972,172.31.36.0-255,66,293374,17,316590
27388,0.062265,74.125.24.0-255,5738,299112,17,316590
27389,0.062272,172.31.36.0-255,66,299178,17,316590
27390,0.064579,74.125.24.0-255,5738,304916,17,316590
27391,0.064586,172.31.36.0-255,66,304982,17,316590
27392,0.066912,74.125.24.0-255,5738,310720,17,316590
27393,0.066923,172.31.36.0-255,66,310786,17,316590
27394,0.069237,74.125.24.0-255,5738,316524,17,316590
27395,0.069244,172.31.36.0-255,66,316590,17,316590
27396,0.0,172.217.194.0-255,152,152,17,139028
27397,2.4e-05,172.31.36.0-255,66,218,17,139028
27398,3.1e-05,172.217.194.0-255,1484,1702,17,139028
27399,3.5e-05,172.31.36.0-255,66,1768,17,139028
27400,4.9e-05,172.217.194.0-255,2902,4670,17,139028
27401,5.3e-05,172.31.36.0-255,66,4736,17,139028
27402,6.1e-05,172.217.194.0-255,7156,11892,17,139028
27403,6.4e-05,172.31.36.0-255,66,11958,17,139028
27404,6.9e-05,172.217.194.0-255,2018,13976,17,139028
27405,7.2e-05,172.31.36.0-255,66,14042,17,139028
27406,8.6e-05,172.31.36.0-255,66,14108,17,139028
27407,9.2e-05,172.217.194.0-255,5379,19487,17,139028
27408,9.6e-05,172.31.36.0-255,66,19553,17,139028
27409,0.000149,172.217.194.0-255,1484,21037,17,139028
27410,0.000152,172.31.36.0-255,66,21103,17,139028
27411,0.000158,172.217.194.0-255,2902,24005,17,139028
27412,0.000159,172.31.36.0-255,66,24071,17,139028
27413,0.000186,172.217.194.0-255,5738,29809,17,139028
27414,0.000189,172.31.36.0-255,66,29875,17,139028
27415,0.000226,172.31.36.0-255,66,29941,17,139028
27416,0.000248,172.217.194.0-255,4320,34261,17,139028
27417,0.00025,172.31.36.0-255,66,34327,17,139028
27418,0.000277,172.217.194.0-255,5670,39997,17,139028
27419,0.00028,172.31.36.0-255,66,40063,17,139028
27420,0.000307,172.217.194.0-255,99,40162,17,139028
27421,0.00031,172.31.36.0-255,66,40228,17,139028
27422,0.000386,172.217.194.0-255,1484,41712,17,139028
27423,0.00039,172.31.36.0-255,66,41778,17,139028
27424,0.000396,172.217.194.0-255,2902,44680,17,139028
27425,0.000398,172.31.36.0-255,66,44746,17,139028
27426,0.000401,172.217.194.0-255,1484,46230,17,139028
27427,0.000428,172.217.194.0-255,4320,50550,17,139028
27428,0.00043,172.31.36.0-255,66,50616,17,139028
27429,0.000462,172.31.36.0-255,66,50682,17,139028
27430,0.000489,172.217.194.0-255,1125,51807,17,139028
27431,0.000502,172.31.36.0-255,66,51873,17,139028
27432,0.000508,172.217.194.0-255,4258,56131,17,139028
27433,0.00051,172.31.36.0-255,66,56197,17,139028
27434,0.000821,172.217.194.0-255,1484,57681,17,139028
27435,0.000828,172.217.194.0-255,2902,60583,17,139028
27436,0.000832,172.31.36.0-255,66,60649,17,139028
27437,0.00084,172.217.194.0-255,5738,66387,17,139028
27438,0.000842,172.31.36.0-255,66,66453,17,139028
27439,0.00088,172.31.36.0-255,66,66519,17,139028
27440,0.000911,172.217.194.0-255,4320,70839,17,139028
27441,0.000914,172.31.36.0-255,66,70905,17,139028
27442,0.00094,172.31.36.0-255,66,70971,17,139028
27443,0.000956,172.31.36.0-255,66,71037,17,139028
27444,0.000995,172.217.194.0-255,1484,72521,17,139028
27445,0.001032,172.31.36.0-255,66,72587,17,139028
27446,0.001037,172.217.194.0-255,2184,74771,17,139028
27447,0.001039,172.31.36.0-255,66,74837,17,139028
27448,0.001071,172.217.194.0-255,2902,77739,17,139028
27449,0.001074,172.31.36.0-255,66,77805,17,139028
27450,0.001077,172.217.194.0-255,1484,79289,17,139028
27451,0.001084,172.217.194.0-255,5738,85027,17,139028
27452,0.001086,172.31.36.0-255,66,85093,17,139028
27453,0.001092,172.217.194.0-255,4320,89413,17,139028
27454,0.001094,172.31.36.0-255,66,89479,17,139028
27455,0.001138,172.31.36.0-255,66,89545,17,139028
27456,0.001151,172.31.36.0-255,66,89611,17,139028
27457,0.001417,172.217.194.0-255,1484,91095,17,139028
27458,0.001434,172.217.194.0-255,2902,93997,17,139028
27459,0.001438,172.31.36.0-255,66,94063,17,139028
27460,0.001445,172.217.194.0-255,5738,99801,17,139028
27461,0.001447,172.31.36.0-255,66,99867,17,139028
27462,0.00149,172.31.36.0-255,66,99933,17,139028
27463,0.001505,172.31.36.0-255,66,99999,17,139028
27464,0.001639,172.217.194.0-255,1484,101483,17,139028
27465,0.001661,172.217.194.0-255,2902,104385,17,139028
27466,0.001665,172.31.36.0-255,66,104451,17,139028
27467,0.001672,172.217.194.0-255,5738,110189,17,139028
27468,0.001674,172.31.36.0-255,66,110255,17,139028
27469,0.001719,172.31.36.0-255,66,110321,17,139028
27470,0.001732,172.31.36.0-255,66,110387,17,139028
27471,0.001745,172.217.194.0-255,3602,113989,17,139028
27472,0.001748,172.31.36.0-255,66,114055,17,139028
27473,0.001758,172.217.194.0-255,5738,119793,17,139028
27474,0.001761,172.31.36.0-255,66,119859,17,139028
27475,0.001791,172.31.36.0-255,66,119925,17,139028
27476,0.001802,172.31.36.0-255,66,119991,17,139028
27477,0.001867,172.31.36.0-255,66,120057,17,139028
27478,0.001888,172.31.36.0-255,66,120123,17,139028
27479,0.001893,172.217.194.0-255,5020,125143,17,139028
27480,0.001896,172.31.36.0-255,66,125209,17,139028
27481,0.001967,172.31.36.0-255,66,125275,17,139028
27482,0.001986,172.217.194.0-255,2902,128177,17,139028
27483,0.001988,172.31.36.0-255,66,128243,17,139028
27484,0.00201,172.31.36.0-255,66,128309,17,139028
27485,0.002023,172.31.36.0-255,66,128375,17,139028
27486,0.002054,172.217.194.0-255,5738,134113,17,139028
27487,0.002057,172.31.36.0-255,66,134179,17,139028
27488,0.002068,172.31.36.0-255,66,134245,17,139028
27489,0.002111,172.217.194.0-255,105,134350,17,139028
27490,0.002117,172.31.36.0-255,66,134416,17,139028
27491,0.00235,172.31.36.0-255,101,134517,17,139028
27492,0.004608,172.217.194.0-255,66,134583,17,139028
27493,0.016683,172.31.36.0-255,105,134688,17,139028
27494,0.018921,172.217.194.0-255,66,134754,17,139028
27495,0.0403,172.31.36.0-255,172,134926,17,139028
27496,0.040336,172.31.36.0-255,1118,136044,17,139028
27497,0.040401,172.31.36.0-255,1514,137558,17,139028
27498,0.040403,172.31.36.0-255,1272,138830,17,139028
27499,0.041845,104.244.42.0-255,66,138896,17,139028
27500,0.041876,104.244.42.0-255,66,138962,17,139028
27501,0.041895,104.244.42.0-255,66,139028,17,139028
27502,0.0,74.125.24.0-255,152,152,17,211795
27503,1.2e-05,172.31.36.0-255,66,218,17,211795
27504,1.6e-05,74.125.24.0-255,1484,1702,17,211795
27505,2e-05,172.31.36.0-255,66,1768,17,211795
27506,4.6e-05,74.125.24.0-255,2902,4670,17,211795
27507,4.9e-05,172.31.36.0-255,66,4736,17,211795
27508,5.6e-05,74.125.24.0-255,7156,11892,17,211795
27509,5.8e-05,172.31.36.0-255,66,11958,17,211795
27510,6.2e-05,74.125.24.0-255,2066,14024,17,211795
27511,6.4e-05,172.31.36.0-255,66,14090,17,211795
27512,0.000103,74.125.24.0-255,1484,15574,17,211795
27513,0.000105,172.31.36.0-255,66,15640,17,211795
27514,0.000131,74.125.24.0-255,1484,17124,17,211795
27515,0.000135,172.31.36.0-255,66,17190,17,211795
27516,0.000137,172.31.36.0-255,66,17256,17,211795
27517,0.000153,74.125.24.0-255,2902,20158,17,211795
27518,0.000155,172.31.36.0-255,66,20224,17,211795
27519,0.00018,172.31.36.0-255,66,20290,17,211795
27520,0.000185,74.125.24.0-255,4320,24610,17,211795
27521,0.000187,172.31.36.0-255,66,24676,17,211795
27522,0.000207,74.125.24.0-255,2184,26860,17,211795
27523,0.000209,172.31.36.0-255,66,26926,17,211795
27524,0.000258,172.31.36.0-255,66,26992,17,211795
27525,0.000276,172.31.36.0-255,66,27058,17,211795
27526,0.000331,74.125.24.0-255,1484,28542,17,211795
27527,0.000334,172.31.36.0-255,66,28608,17,211795
27528,0.000346,74.125.24.0-255,2902,31510,17,211795
27529,0.000348,172.31.36.0-255,66,31576,17,211795
27530,0.000354,74.125.24.0-255,4320,35896,17,211795
27531,0.000356,172.31.36.0-255,66,35962,17,211795
27532,0.000383,74.125.24.0-255,1484,37446,17,211795
27533,0.000389,74.125.24.0-255,5738,43184,17,211795
27534,0.000391,172.31.36.0-255,66,43250,17,211795
27535,0.000401,172.31.36.0-255,66,43316,17,211795
27536,0.000423,74.125.24.0-255,4320,47636,17,211795
27537,0.000425,172.31.36.0-255,66,47702,17,211795
27538,0.00043,74.125.24.0-255,5020,52722,17,211795
27539,0.000432,172.31.36.0-255,66,52788,17,211795
27540,0.000447,74.125.24.0-255,1484,54272,17,211795
27541,0.000466,74.125.24.0-255,4320,58592,17,211795
27542,0.000468,172.31.36.0-255,66,58658,17,211795
27543,0.000473,74.125.24.0-255,4320,62978,17,211795
27544,0.000475,172.31.36.0-255,66,63044,17,211795
27545,0.000494,74.125.24.0-255,7156,70200,17,211795
27546,0.000496,172.31.36.0-255,66,70266,17,211795
27547,0.00052,74.125.24.0-255,4320,74586,17,211795
27548,0.000522,172.31.36.0-255,66,74652,17,211795
27549,0.000541,172.31.36.0-255,66,74718,17,211795
27550,0.000552,74.125.24.0-255,2184,76902,17,211795
27551,0.000554,172.31.36.0-255,66,76968,17,211795
27552,0.000583,74.125.24.0-255,1484,78452,17,211795
27553,0.000596,74.125.24.0-255,2902,81354,17,211795
27554,0.0006,172.31.36.0-255,66,81420,17,211795
27555,0.000622,74.125.24.0-255,5738,87158,17,211795
27556,0.000624,172.31.36.0-255,66,87224,17,211795
27557,0.000629,74.125.24.0-255,5738,92962,17,211795
27558,0.000631,172.31.36.0-255,66,93028,17,211795
27559,0.000636,74.125.24.0-255,2902,95930,17,211795
27560,0.000637,172.31.36.0-255,66,95996,17,211795
27561,0.000667,172.31.36.0-255,66,96062,17,211795
27562,0.000672,74.125.24.0-255,5020,101082,17,211795
27563,0.000674,172.31.36.0-255,66,101148,17,211795
27564,0.000677,74.125.24.0-255,1484,102632,17,211795
27565,0.000705,74.125.24.0-255,4320,106952,17,211795
27566,0.000707,172.31.36.0-255,66,107018,17,211795
27567,0.000719,172.31.36.0-255,66,107084,17,211795
27568,0.000744,172.31.36.0-255,66,107150,17,211795
27569,0.00077,74.125.24.0-255,1883,109033,17,211795
27570,0.000772,172.31.36.0-255,66,109099,17,211795
27571,0.000818,74.125.24.0-255,2902,112001,17,211795
27572,0.00082,172.31.36.0-255,66,112067,17,211795
27573,0.000843,74.125.24.0-255,4320,116387,17,211795
27574,0.000846,172.31.36.0-255,66,116453,17,211795
27575,0.000851,74.125.24.0-255,5738,122191,17,211795
27576,0.000853,172.31.36.0-255,66,122257,17,211795
27577,0.000867,74.125.24.0-255,2902,125159,17,211795
27578,0.000869,172.31.36.0-255,66,125225,17,211795
27579,0.000872,74.125.24.0-255,1484,126709,17,211795
27580,0.000904,172.31.36.0-255,66,126775,17,211795
27581,0.00094,74.125.24.0-255,6438,133213,17,211795
27582,0.000943,172.31.36.0-255,66,133279,17,211795
27583,0.001212,74.125.24.0-255,1484,134763,17,211795
27584,0.001218,74.125.24.0-255,2902,137665,17,211795
27585,0.001222,172.31.36.0-255,66,137731,17,211795
27586,0.001261,74.125.24.0-255,4320,142051,17,211795
27587,0.001263,172.31.36.0-255,66,142117,17,211795
27588,0.001288,74.125.24.0-255,1484,143601,17,211795
27589,0.001311,74.125.24.0-255,766,144367,17,211795
27590,0.00132,172.31.36.0-255,66,144433,17,211795
27591,0.001323,172.31.36.0-255,66,144499,17,211795
27592,0.001339,74.125.24.0-255,1484,145983,17,211795
27593,0.001341,172.31.36.0-255,66,146049,17,211795
27594,0.001364,74.125.24.0-255,4320,150369,17,211795
27595,0.001367,172.31.36.0-255,66,150435,17,211795
27596,0.001374,74.125.24.0-255,7156,157591,17,211795
27597,0.001376,172.31.36.0-255,66,157657,17,211795
27598,0.001391,74.125.24.0-255,2902,160559,17,211795
27599,0.001393,172.31.36.0-255,66,160625,17,211795
27600,0.001424,172.31.36.0-255,66,160691,17,211795
27601,0.001429,74.125.24.0-255,5020,165711,17,211795
27602,0.001432,172.31.36.0-255,66,165777,17,211795
27603,0.001462,74.125.24.0-255,1484,167261,17,211795
27604,0.001467,74.125.24.0-255,2902,170163,17,211795
27605,0.001468,172.31.36.0-255,66,170229,17,211795
27606,0.001472,74.125.24.0-255,1484,171713,17,211795
27607,0.00149,74.125.24.0-255,4320,176033,17,211795
27608,0.001493,172.31.36.0-255,66,176099,17,211795
27609,0.001495,74.125.24.0-255,1484,177583,17,211795
27610,0.001522,172.31.36.0-255,66,177649,17,211795
27611,0.001532,172.31.36.0-255,66,177715,17,211795
27612,0.001559,74.125.24.0-255,2184,179899,17,211795
27613,0.001561,172.31.36.0-255,66,179965,17,211795
27614,0.001607,74.125.24.0-255,2902,182867,17,211795
27615,0.001611,172.31.36.0-255,66,182933,17,211795
27616,0.001617,74.125.24.0-255,4320,187253,17,211795
27617,0.001619,172.31.36.0-255,66,187319,17,211795
27618,0.001623,74.125.24.0-255,1484,188803,17,211795
27619,0.001645,74.125.24.0-255,7156,195959,17,211795
27620,0.001648,172.31.36.0-255,66,196025,17,211795
27621,0.001672,74.125.24.0-255,7156,203181,17,211795
27622,0.001675,172.31.36.0-255,66,203247,17,211795
27623,0.001703,172.31.36.0-255,66,203313,17,211795
27624,0.001721,172.31.36.0-255,66,203379,17,211795
27625,0.001733,172.31.36.0-255,66,203445,17,211795
27626,0.001758,74.125.24.0-255,3602,207047,17,211795
27627,0.00176,172.31.36.0-255,66,207113,17,211795
27628,0.0018,172.31.36.0-255,66,207179,17,211795
27629,0.001803,74.125.24.0-255,105,207284,17,211795
27630,0.004452,172.31.36.0-255,66,207350,17,211795
27631,0.004488,172.31.36.0-255,105,207455,17,211795
27632,0.006407,74.125.24.0-255,66,207521,17,211795
27633,0.033025,172.31.36.0-255,172,207693,17,211795
27634,0.033059,172.31.36.0-255,1118,208811,17,211795
27635,0.033124,172.31.36.0-255,1514,210325,17,211795
27636,0.033126,172.31.36.0-255,1272,211597,17,211795
27637,0.034591,104.244.42.0-255,66,211663,17,211795
27638,0.034617,104.244.42.0-255,66,211729,17,211795
27639,0.034669,104.244.42.0-255,66,211795,17,211795
27640,0.0,74.125.24.0-255,146,146,17,159544
27641,1.8e-05,172.31.36.0-255,66,212,17,159544
27642,2.6e-05,74.125.24.0-255,1484,1696,17,159544
27643,3.1e-05,172.31.36.0-255,66,1762,17,159544
27644,3.7e-05,74.125.24.0-255,2902,4664,17,159544
27645,4.1e-05,172.31.36.0-255,66,4730,17,159544
27646,4.9e-05,74.125.24.0-255,7156,11886,17,159544
27647,5.2e-05,172.31.36.0-255,66,11952,17,159544
27648,5.6e-05,74.125.24.0-255,2015,13967,17,159544
27649,5.9e-05,172.31.36.0-255,66,14033,17,159544
27650,0.000153,74.125.24.0-255,1484,15517,17,159544
27651,0.000156,172.31.36.0-255,66,15583,17,159544
27652,0.000162,74.125.24.0-255,2902,18485,17,159544
27653,0.000165,172.31.36.0-255,66,18551,17,159544
27654,0.000171,74.125.24.0-255,5738,24289,17,159544
27655,0.000173,172.31.36.0-255,66,24355,17,159544
27656,0.000205,74.125.24.0-255,4320,28675,17,159544
27657,0.000209,172.31.36.0-255,66,28741,17,159544
27658,0.000237,172.31.36.0-255,66,28807,17,159544
27659,0.000251,172.31.36.0-255,66,28873,17,159544
27660,0.000257,74.125.24.0-255,5738,34611,17,159544
27661,0.000259,172.31.36.0-255,66,34677,17,159544
27662,0.000293,172.31.36.0-255,66,34743,17,159544
27663,0.000296,74.125.24.0-255,394,35137,17,159544
27664,0.000298,172.31.36.0-255,66,35203,17,159544
27665,0.000336,74.125.24.0-255,351,35554,17,159544
27666,0.000339,172.31.36.0-255,66,35620,17,159544
27667,0.000582,74.125.24.0-255,1484,37104,17,159544
27668,0.000588,172.31.36.0-255,66,37170,17,159544
27669,0.000594,74.125.24.0-255,2902,40072,17,159544
27670,0.000597,172.31.36.0-255,66,40138,17,159544
27671,0.000603,74.125.24.0-255,5738,45876,17,159544
27672,0.000606,172.31.36.0-255,66,45942,17,159544
27673,0.000622,74.125.24.0-255,2902,48844,17,159544
27674,0.000625,172.31.36.0-255,66,48910,17,159544
27675,0.000665,172.31.36.0-255,66,48976,17,159544
27676,0.000677,172.31.36.0-255,66,49042,17,159544
27677,0.000702,74.125.24.0-255,1484,50526,17,159544
27678,0.000708,74.125.24.0-255,2902,53428,17,159544
27679,0.00071,172.31.36.0-255,66,53494,17,159544
27680,0.000716,74.125.24.0-255,4320,57814,17,159544
27681,0.000718,172.31.36.0-255,66,57880,17,159544
27682,0.00073,74.125.24.0-255,1484,59364,17,159544
27683,0.000755,172.31.36.0-255,66,59430,17,159544
27684,0.000762,74.125.24.0-255,7156,66586,17,159544
27685,0.000764,172.31.36.0-255,66,66652,17,159544
27686,0.000805,74.125.24.0-255,3602,70254,17,159544
27687,0.000809,172.31.36.0-255,66,70320,17,159544
27688,0.000859,74.125.24.0-255,1484,71804,17,159544
27689,0.000865,74.125.24.0-255,2902,74706,17,159544
27690,0.000868,172.31.36.0-255,66,74772,17,159544
27691,0.000875,74.125.24.0-255,5738,80510,17,159544
27692,0.000877,172.31.36.0-255,66,80576,17,159544
27693,0.000911,172.31.36.0-255,66,80642,17,159544
27694,0.000928,74.125.24.0-255,1484,82126,17,159544
27695,0.000939,172.31.36.0-255,66,82192,17,159544
27696,0.00097,74.125.24.0-255,6438,88630,17,159544
27697,0.000977,74.125.24.0-255,7156,95786,17,159544
27698,0.001022,74.125.24.0-255,2902,98688,17,159544
27699,0.001057,74.125.24.0-255,6438,105126,17,159544
27700,0.001062,172.31.36.0-255,66,105192,17,159544
27701,0.001065,172.31.36.0-255,66,105258,17,159544
27702,0.001068,172.31.36.0-255,66,105324,17,159544
27703,0.001075,172.31.36.0-255,66,105390,17,159544
27704,0.001078,172.31.36.0-255,66,105456,17,159544
27705,0.001104,74.125.24.0-255,1484,106940,17,159544
27706,0.001108,74.125.24.0-255,1484,108424,17,159544
27707,0.00111,172.31.36.0-255,66,108490,17,159544
27708,0.001128,74.125.24.0-255,1484,109974,17,159544
27709,0.001131,74.125.24.0-255,1484,111458,17,159544
27710,0.001134,172.31.36.0-255,66,111524,17,159544
27711,0.001164,74.125.24.0-255,4320,115844,17,159544
27712,0.001168,172.31.36.0-255,66,115910,17,159544
27713,0.001175,74.125.24.0-255,7156,123066,17,159544
27714,0.001177,172.31.36.0-255,66,123132,17,159544
27715,0.001192,172.31.36.0-255,66,123198,17,159544
27716,0.001209,74.125.24.0-255,2184,125382,17,159544
27717,0.001212,172.31.36.0-255,66,125448,17,159544
27718,0.001359,74.125.24.0-255,1484,126932,17,159544
27719,0.001367,74.125.24.0-255,2902,129834,17,159544
27720,0.001371,172.31.36.0-255,66,129900,17,159544
27721,0.001377,74.125.24.0-255,5738,135638,17,159544
27722,0.00138,172.31.36.0-255,66,135704,17,159544
27723,0.001419,172.31.36.0-255,66,135770,17,159544
27724,0.001426,74.125.24.0-255,7156,142926,17,159544
27725,0.001428,172.31.36.0-255,66,142992,17,159544
27726,0.001462,172.31.36.0-255,66,143058,17,159544
27727,0.001495,172.31.36.0-255,66,143124,17,159544
27728,0.001507,172.31.36.0-255,66,143190,17,159544
27729,0.001547,172.31.36.0-255,66,143256,17,159544
27730,0.001574,172.31.36.0-255,66,143322,17,159544
27731,0.001588,172.31.36.0-255,66,143388,17,159544
27732,0.001625,172.31.36.0-255,66,143454,17,159544
27733,0.001688,172.31.36.0-255,66,143520,17,159544
27734,0.001702,74.125.24.0-255,2184,145704,17,159544
27735,0.001705,172.31.36.0-255,66,145770,17,159544
27736,0.001719,172.31.36.0-255,66,145836,17,159544
27737,0.001726,74.125.24.0-255,6140,151976,17,159544
27738,0.001728,172.31.36.0-255,66,152042,17,159544
27739,0.001731,74.125.24.0-255,105,152147,17,159544
27740,0.0073,172.31.36.0-255,66,152213,17,159544
27741,0.007341,172.31.36.0-255,105,152318,17,159544
27742,0.009252,74.125.24.0-255,66,152384,17,159544
27743,0.026042,172.31.36.0-255,188,152572,17,159544
27744,0.026071,172.31.36.0-255,961,153533,17,159544
27745,0.026132,172.31.36.0-255,1514,155047,17,159544
27746,0.026134,172.31.36.0-255,1514,156561,17,159544
27747,0.026138,172.31.36.0-255,1514,158075,17,159544
27748,0.02614,172.31.36.0-255,1205,159280,17,159544
27749,0.027588,104.244.42.0-255,66,159346,17,159544
27750,0.027634,104.244.42.0-255,66,159412,17,159544
27751,0.027679,104.244.42.0-255,66,159478,17,159544
27752,0.027723,104.244.42.0-255,66,159544,17,159544
27753,0.0,172.217.194.0-255,161,161,17,256543
27754,4e-05,172.31.36.0-255,66,227,17,256543
27755,4.8e-05,172.217.194.0-255,1484,1711,17,256543
27756,5.3e-05,172.31.36.0-255,66,1777,17,256543
27757,7.9e-05,172.217.194.0-255,2902,4679,17,256543
27758,8.1e-05,172.31.36.0-255,66,4745,17,256543
27759,8.8e-05,172.217.194.0-255,4320,9065,17,256543
27760,9e-05,172.31.36.0-255,66,9131,17,256543
27761,0.00012,172.217.194.0-255,1484,10615,17,256543
27762,0.000123,172.31.36.0-255,66,10681,17,256543
27763,0.000149,172.31.36.0-255,66,10747,17,256543
27764,0.000177,172.31.36.0-255,66,10813,17,256543
27765,0.000196,172.217.194.0-255,2902,13715,17,256543
27766,0.000199,172.31.36.0-255,66,13781,17,256543
27767,0.000202,172.217.194.0-255,1125,14906,17,256543
27768,0.000204,172.31.36.0-255,66,14972,17,256543
27769,0.000235,172.217.194.0-255,1484,16456,17,256543
27770,0.000238,172.31.36.0-255,66,16522,17,256543
27771,0.000243,172.217.194.0-255,2902,19424,17,256543
27772,0.000247,172.31.36.0-255,66,19490,17,256543
27773,0.000262,172.217.194.0-255,2902,22392,17,256543
27774,0.000267,172.31.36.0-255,66,22458,17,256543
27775,0.000287,172.217.194.0-255,2902,25360,17,256543
27776,0.000289,172.31.36.0-255,66,25426,17,256543
27777,0.000298,172.217.194.0-255,7156,32582,17,256543
27778,0.0003,172.31.36.0-255,66,32648,17,256543
27779,0.00032,172.217.194.0-255,6797,39445,17,256543
27780,0.000323,172.31.36.0-255,66,39511,17,256543
27781,0.000327,172.217.194.0-255,1484,40995,17,256543
27782,0.00033,172.31.36.0-255,66,41061,17,256543
27783,0.000334,172.217.194.0-255,1484,42545,17,256543
27784,0.000357,172.217.194.0-255,7048,49593,17,256543
27785,0.00037,172.31.36.0-255,66,49659,17,256543
27786,0.000386,172.217.194.0-255,120,49779,17,256543
27787,0.000622,172.217.194.0-255,382,50161,17,256543
27788,0.000757,172.217.194.0-255,1484,51645,17,256543
27789,0.000762,172.31.36.0-255,66,51711,17,256543
27790,0.000768,172.217.194.0-255,2902,54613,17,256543
27791,0.000777,172.31.36.0-255,66,54679,17,256543
27792,0.000787,172.217.194.0-255,5738,60417,17,256543
27793,0.000809,172.31.36.0-255,66,60483,17,256543
27794,0.000816,172.217.194.0-255,6797,67280,17,256543
27795,0.000829,172.31.36.0-255,66,67346,17,256543
27796,0.000862,172.217.194.0-255,5738,73084,17,256543
27797,0.00087,172.31.36.0-255,66,73150,17,256543
27798,0.000898,172.217.194.0-255,2543,75693,17,256543
27799,0.000898,172.31.36.0-255,66,75759,17,256543
27800,0.000903,172.31.36.0-255,66,75825,17,256543
27801,0.001521,172.217.194.0-255,1484,77309,17,256543
27802,0.001532,172.217.194.0-255,2902,80211,17,256543
27803,0.001537,172.31.36.0-255,66,80277,17,256543
27804,0.001543,172.217.194.0-255,2902,83179,17,256543
27805,0.001558,172.217.194.0-255,2902,86081,17,256543
27806,0.001561,172.217.194.0-255,1484,87565,17,256543
27807,0.001614,172.217.194.0-255,4320,91885,17,256543
27808,0.005328,172.31.36.0-255,66,91951,17,256543
27809,0.007563,172.217.194.0-255,5738,97689,17,256543
27810,0.007572,172.31.36.0-255,66,97755,17,256543
27811,0.009847,172.217.194.0-255,5738,103493,17,256543
27812,0.00986,172.31.36.0-255,66,103559,17,256543
27813,0.012089,172.217.194.0-255,5738,109297,17,256543
27814,0.012104,172.31.36.0-255,66,109363,17,256543
27815,0.014342,172.217.194.0-255,5738,115101,17,256543
27816,0.014349,172.31.36.0-255,66,115167,17,256543
27817,0.016565,172.217.194.0-255,5738,120905,17,256543
27818,0.016577,172.31.36.0-255,66,120971,17,256543
27819,0.018809,172.217.194.0-255,4320,125291,17,256543
27820,0.018816,172.31.36.0-255,66,125357,17,256543
27821,0.018835,172.217.194.0-255,1484,126841,17,256543
27822,0.021046,172.217.194.0-255,4320,131161,17,256543
27823,0.021054,172.31.36.0-255,66,131227,17,256543
27824,0.023276,172.217.194.0-255,5738,136965,17,256543
27825,0.023334,172.31.36.0-255,66,137031,17,256543
27826,0.025076,172.31.36.0-255,188,137219,17,256543
27827,0.025108,172.31.36.0-255,961,138180,17,256543
27828,0.025153,172.31.36.0-255,1514,139694,17,256543
27829,0.025155,172.31.36.0-255,1427,141121,17,256543
27830,0.025553,172.217.194.0-255,5738,146859,17,256543
27831,0.025561,172.31.36.0-255,66,146925,17,256543
27832,0.026638,104.244.42.0-255,66,146991,17,256543
27833,0.026675,104.244.42.0-255,66,147057,17,256543
27834,0.026721,104.244.42.0-255,66,147123,17,256543
27835,0.027771,172.217.194.0-255,4320,151443,17,256543
27836,0.027778,172.31.36.0-255,66,151509,17,256543
27837,0.02781,172.217.194.0-255,1484,152993,17,256543
27838,0.029996,172.217.194.0-255,4320,157313,17,256543
27839,0.030004,172.31.36.0-255,66,157379,17,256543
27840,0.032211,172.217.194.0-255,4320,161699,17,256543
27841,0.032219,172.31.36.0-255,66,161765,17,256543
27842,0.032252,172.217.194.0-255,1484,163249,17,256543
27843,0.034435,172.217.194.0-255,4320,167569,17,256543
27844,0.034441,172.31.36.0-255,66,167635,17,256543
27845,0.036665,172.217.194.0-255,5738,173373,17,256543
27846,0.036726,172.31.36.0-255,66,173439,17,256543
27847,0.038933,172.217.194.0-255,2902,176341,17,256543
27848,0.03894,172.31.36.0-255,66,176407,17,256543
27849,0.038974,172.217.194.0-255,2902,179309,17,256543
27850,0.038999,172.31.36.0-255,66,179375,17,256543
27851,0.041168,172.217.194.0-255,2902,182277,17,256543
27852,0.041175,172.31.36.0-255,66,182343,17,256543
27853,0.041208,172.217.194.0-255,2902,185245,17,256543
27854,0.04124,172.31.36.0-255,66,185311,17,256543
27855,0.043388,172.217.194.0-255,2902,188213,17,256543
27856,0.043395,172.31.36.0-255,66,188279,17,256543
27857,0.04343,172.217.194.0-255,2902,191181,17,256543
27858,0.043448,172.31.36.0-255,66,191247,17,256543
27859,0.045603,172.217.194.0-255,2902,194149,17,256543
27860,0.045608,172.31.36.0-255,66,194215,17,256543
27861,0.045649,172.217.194.0-255,2902,197117,17,256543
27862,0.045672,172.31.36.0-255,66,197183,17,256543
27863,0.047857,172.217.194.0-255,2902,200085,17,256543
27864,0.047863,172.31.36.0-255,66,200151,17,256543
27865,0.047895,172.217.194.0-255,2902,203053,17,256543
27866,0.047922,172.31.36.0-255,66,203119,17,256543
27867,0.050069,172.217.194.0-255,2902,206021,17,256543
27868,0.050079,172.31.36.0-255,66,206087,17,256543
27869,0.050144,172.217.194.0-255,2902,208989,17,256543
27870,0.050185,172.31.36.0-255,66,209055,17,256543
27871,0.052337,172.217.194.0-255,2902,211957,17,256543
27872,0.052345,172.31.36.0-255,66,212023,17,256543
27873,0.052432,172.217.194.0-255,2902,214925,17,256543
27874,0.052457,172.31.36.0-255,66,214991,17,256543
27875,0.054548,172.217.194.0-255,2902,217893,17,256543
27876,0.054554,172.31.36.0-255,66,217959,17,256543
27877,0.054652,172.217.194.0-255,2902,220861,17,256543
27878,0.054656,172.31.36.0-255,66,220927,17,256543
27879,0.056759,172.217.194.0-255,2902,223829,17,256543
27880,0.056765,172.31.36.0-255,66,223895,17,256543
27881,0.056884,172.217.194.0-255,2902,226797,17,256543
27882,0.057177,172.31.36.0-255,66,226863,17,256543
27883,0.059007,172.217.194.0-255,2902,229765,17,256543
27884,0.059015,172.31.36.0-255,66,229831,17,256543
27885,0.059411,172.217.194.0-255,2902,232733,17,256543
27886,0.059416,172.31.36.0-255,66,232799,17,256543
27887,0.061268,172.217.194.0-255,2902,235701,17,256543
27888,0.061276,172.31.36.0-255,66,235767,17,256543
27889,0.061632,172.217.194.0-255,2902,238669,17,256543
27890,0.061639,172.31.36.0-255,66,238735,17,256543
27891,0.063476,172.217.194.0-255,2902,241637,17,256543
27892,0.063482,172.31.36.0-255,66,241703,17,256543
27893,0.063858,172.217.194.0-255,2902,244605,17,256543
27894,0.063864,172.31.36.0-255,66,244671,17,256543
27895,0.065668,172.217.194.0-255,2902,247573,17,256543
27896,0.065674,172.31.36.0-255,66,247639,17,256543
27897,0.066076,172.217.194.0-255,2902,250541,17,256543
27898,0.066081,172.31.36.0-255,66,250607,17,256543
27899,0.067937,172.217.194.0-255,2902,253509,17,256543
27900,0.067943,172.31.36.0-255,66,253575,17,256543
27901,0.068279,172.217.194.0-255,2902,256477,17,256543
27902,0.068285,172.31.36.0-255,66,256543,17,256543
27903,0.0,172.217.194.0-255,162,162,17,185224
27904,2.5e-05,172.31.36.0-255,66,228,17,185224
27905,3.2e-05,172.217.194.0-255,1484,1712,17,185224
27906,3.7e-05,172.31.36.0-255,66,1778,17,185224
27907,5.1e-05,172.217.194.0-255,2902,4680,17,185224
27908,5.4e-05,172.31.36.0-255,66,4746,17,185224
27909,6.2e-05,172.217.194.0-255,7156,11902,17,185224
27910,6.5e-05,172.31.36.0-255,66,11968,17,185224
27911,6.9e-05,172.217.194.0-255,2074,14042,17,185224
27912,7.4e-05,172.31.36.0-255,66,14108,17,185224
27913,0.000124,172.31.36.0-255,66,14174,17,185224
27914,0.000131,172.217.194.0-255,5379,19553,17,185224
27915,0.000134,172.31.36.0-255,66,19619,17,185224
27916,0.000206,172.217.194.0-255,1484,21103,17,185224
27917,0.000209,172.31.36.0-255,66,21169,17,185224
27918,0.000238,172.217.194.0-255,2902,24071,17,185224
27919,0.00024,172.31.36.0-255,66,24137,17,185224
27920,0.000247,172.217.194.0-255,5738,29875,17,185224
27921,0.00025,172.31.36.0-255,66,29941,17,185224
27922,0.00029,172.31.36.0-255,66,30007,17,185224
27923,0.000301,172.31.36.0-255,66,30073,17,185224
27924,0.000339,172.217.194.0-255,1435,31508,17,185224
27925,0.000341,172.31.36.0-255,66,31574,17,185224
27926,0.000372,172.217.194.0-255,1484,33058,17,185224
27927,0.000375,172.31.36.0-255,66,33124,17,185224
27928,0.000401,172.217.194.0-255,2902,36026,17,185224
27929,0.000404,172.31.36.0-255,66,36092,17,185224
27930,0.000411,172.217.194.0-255,5738,41830,17,185224
27931,0.000413,172.31.36.0-255,66,41896,17,185224
27932,0.000424,172.217.194.0-255,1484,43380,17,185224
27933,0.00045,172.217.194.0-255,5379,48759,17,185224
27934,0.000453,172.31.36.0-255,66,48825,17,185224
27935,0.00048,172.217.194.0-255,7156,55981,17,185224
27936,0.000484,172.31.36.0-255,66,56047,17,185224
27937,0.00049,172.217.194.0-255,5738,61785,17,185224
27938,0.000492,172.31.36.0-255,66,61851,17,185224
27939,0.000533,172.217.194.0-255,4271,66122,17,185224
27940,0.000536,172.31.36.0-255,66,66188,17,185224
27941,0.000622,172.217.194.0-255,1484,67672,17,185224
27942,0.000627,172.217.194.0-255,2902,70574,17,185224
27943,0.00063,172.31.36.0-255,66,70640,17,185224
27944,0.000636,172.217.194.0-255,4320,74960,17,185224
27945,0.000639,172.31.36.0-255,66,75026,17,185224
27946,0.000658,172.217.194.0-255,1484,76510,17,185224
27947,0.000676,172.31.36.0-255,66,76576,17,185224
27948,0.000711,172.31.36.0-255,66,76642,17,185224
27949,0.000794,172.217.194.0-255,1484,78126,17,185224
27950,0.00081,172.217.194.0-255,2902,81028,17,185224
27951,0.000813,172.31.36.0-255,66,81094,17,185224
27952,0.000817,172.217.194.0-255,1484,82578,17,185224
27953,0.000842,172.217.194.0-255,4320,86898,17,185224
27954,0.000845,172.31.36.0-255,66,86964,17,185224
27955,0.000853,172.217.194.0-255,7156,94120,17,185224
27956,0.000855,172.31.36.0-255,66,94186,17,185224
27957,0.00088,172.217.194.0-255,2902,97088,17,185224
27958,0.000883,172.31.36.0-255,66,97154,17,185224
27959,0.000924,172.31.36.0-255,66,97220,17,185224
27960,0.000961,172.31.36.0-255,66,97286,17,185224
27961,0.000974,172.31.36.0-255,66,97352,17,185224
27962,0.000994,172.217.194.0-255,5738,103090,17,185224
27963,0.001001,172.31.36.0-255,66,103156,17,185224
27964,0.001006,172.217.194.0-255,3602,106758,17,185224
27965,0.001008,172.31.36.0-255,66,106824,17,185224
27966,0.001231,172.217.194.0-255,1484,108308,17,185224
27967,0.001254,172.217.194.0-255,2902,111210,17,185224
27968,0.001257,172.31.36.0-255,66,111276,17,185224
27969,0.001264,172.217.194.0-255,5738,117014,17,185224
27970,0.001266,172.31.36.0-255,66,117080,17,185224
27971,0.001282,172.31.36.0-255,66,117146,17,185224
27972,0.001319,172.217.194.0-255,4320,121466,17,185224
27973,0.001323,172.31.36.0-255,66,121532,17,185224
27974,0.001336,172.31.36.0-255,66,121598,17,185224
27975,0.001363,172.217.194.0-255,1484,123082,17,185224
27976,0.001388,172.217.194.0-255,2902,125984,17,185224
27977,0.001393,172.217.194.0-255,5738,131722,17,185224
27978,0.001395,172.217.194.0-255,1484,133206,17,185224
27979,0.001399,172.31.36.0-255,66,133272,17,185224
27980,0.001403,172.31.36.0-255,66,133338,17,185224
27981,0.001439,172.31.36.0-255,66,133404,17,185224
27982,0.001474,172.31.36.0-255,66,133470,17,185224
27983,0.001503,172.217.194.0-255,3602,137072,17,185224
27984,0.001506,172.31.36.0-255,66,137138,17,185224
27985,0.001578,172.217.194.0-255,1484,138622,17,185224
27986,0.001583,172.217.194.0-255,2902,141524,17,185224
27987,0.001586,172.31.36.0-255,66,141590,17,185224
27988,0.001617,172.217.194.0-255,5738,147328,17,185224
27989,0.001619,172.31.36.0-255,66,147394,17,185224
27990,0.001632,172.31.36.0-255,66,147460,17,185224
27991,0.001711,172.31.36.0-255,66,147526,17,185224
27992,0.001736,172.217.194.0-255,1484,149010,17,185224
27993,0.00174,172.217.194.0-255,2902,151912,17,185224
27994,0.001744,172.31.36.0-255,66,151978,17,185224
27995,0.001747,172.217.194.0-255,1484,153462,17,185224
27996,0.001752,172.217.194.0-255,2902,156364,17,185224
27997,0.001754,172.31.36.0-255,66,156430,17,185224
27998,0.001766,172.217.194.0-255,5738,162168,17,185224
27999,0.001769,172.31.36.0-255,66,162234,17,185224
28000,0.001807,172.31.36.0-255,66,162300,17,185224
28001,0.001814,172.217.194.0-255,6438,168738,17,185224
28002,0.001817,172.31.36.0-255,66,168804,17,185224
28003,0.001871,172.31.36.0-255,66,168870,17,185224
28004,0.001901,172.217.194.0-255,5738,174608,17,185224
28005,0.001903,172.31.36.0-255,66,174674,17,185224
28006,0.001917,172.31.36.0-255,66,174740,17,185224
28007,0.001921,172.217.194.0-255,2902,177642,17,185224
28008,0.001924,172.31.36.0-255,66,177708,17,185224
28009,0.001968,172.217.194.0-255,2902,180610,17,185224
28010,0.002004,172.217.194.0-255,105,180715,17,185224
28011,0.00202,172.31.36.0-255,66,180781,17,185224
28012,0.011473,172.31.36.0-255,105,180886,17,185224
28013,0.013715,172.217.194.0-255,66,180952,17,185224
28014,0.036987,172.31.36.0-255,172,181124,17,185224
28015,0.037021,172.31.36.0-255,1117,182241,17,185224
28016,0.03708,172.31.36.0-255,1514,183755,17,185224
28017,0.037081,172.31.36.0-255,1271,185026,17,185224
28018,0.03851,104.244.42.0-255,66,185092,17,185224
28019,0.038694,104.244.42.0-255,66,185158,17,185224
28020,0.038697,104.244.42.0-255,66,185224,17,185224
28021,0.0,74.125.200.0-255,146,146,17,357452
28022,3.1e-05,172.31.36.0-255,66,212,17,357452
28023,3.8e-05,74.125.200.0-255,1484,1696,17,357452
28024,4.1e-05,172.31.36.0-255,66,1762,17,357452
28025,4.6e-05,74.125.200.0-255,2902,4664,17,357452
28026,5.5e-05,172.31.36.0-255,66,4730,17,357452
28027,6.2e-05,74.125.200.0-255,7156,11886,17,357452
28028,6.4e-05,172.31.36.0-255,66,11952,17,357452
28029,6.7e-05,74.125.200.0-255,2018,13970,17,357452
28030,7e-05,172.31.36.0-255,66,14036,17,357452
28031,9.6e-05,74.125.200.0-255,1484,15520,17,357452
28032,9.8e-05,172.31.36.0-255,66,15586,17,357452
28033,0.000132,172.31.36.0-255,66,15652,17,357452
28034,0.000134,74.125.200.0-255,1484,17136,17,357452
28035,0.000136,172.31.36.0-255,66,17202,17,357452
28036,0.00014,74.125.200.0-255,2902,20104,17,357452
28037,0.000142,172.31.36.0-255,66,20170,17,357452
28038,0.000171,74.125.200.0-255,1125,21295,17,357452
28039,0.000174,172.31.36.0-255,66,21361,17,357452
28040,0.000241,74.125.200.0-255,1484,22845,17,357452
28041,0.000244,172.31.36.0-255,66,22911,17,357452
28042,0.000248,74.125.200.0-255,2902,25813,17,357452
28043,0.000251,172.31.36.0-255,66,25879,17,357452
28044,0.000276,74.125.200.0-255,4320,30199,17,357452
28045,0.000279,172.31.36.0-255,66,30265,17,357452
28046,0.000283,74.125.200.0-255,5738,36003,17,357452
28047,0.000285,172.31.36.0-255,66,36069,17,357452
28048,0.000322,74.125.200.0-255,5738,41807,17,357452
28049,0.000325,172.31.36.0-255,66,41873,17,357452
28050,0.000355,74.125.200.0-255,6797,48670,17,357452
28051,0.000358,172.31.36.0-255,66,48736,17,357452
28052,0.000375,74.125.200.0-255,4320,53056,17,357452
28053,0.000378,172.31.36.0-255,66,53122,17,357452
28054,0.000403,74.125.200.0-255,2543,55665,17,357452
28055,0.000404,74.125.200.0-255,412,56077,17,357452
28056,0.000407,172.31.36.0-255,66,56143,17,357452
28057,0.000512,74.125.200.0-255,1484,57627,17,357452
28058,0.000515,172.31.36.0-255,66,57693,17,357452
28059,0.000533,74.125.200.0-255,2902,60595,17,357452
28060,0.000536,172.31.36.0-255,66,60661,17,357452
28061,0.000539,74.125.200.0-255,1484,62145,17,357452
28062,0.000564,74.125.200.0-255,4320,66465,17,357452
28063,0.000566,172.31.36.0-255,66,66531,17,357452
28064,0.000569,74.125.200.0-255,1484,68015,17,357452
28065,0.000596,74.125.200.0-255,5622,73637,17,357452
28066,0.000598,172.31.36.0-255,66,73703,17,357452
28067,0.000604,74.125.200.0-255,7156,80859,17,357452
28068,0.000605,172.31.36.0-255,66,80925,17,357452
28069,0.000637,172.31.36.0-255,66,80991,17,357452
28070,0.000867,74.125.200.0-255,1484,82475,17,357452
28071,0.000881,74.125.200.0-255,2902,85377,17,357452
28072,0.000884,172.31.36.0-255,66,85443,17,357452
28073,0.000889,74.125.200.0-255,4320,89763,17,357452
28074,0.000891,172.31.36.0-255,66,89829,17,357452
28075,0.000908,74.125.200.0-255,1484,91313,17,357452
28076,0.000926,74.125.200.0-255,5738,97051,17,357452
28077,0.000929,172.31.36.0-255,66,97117,17,357452
28078,0.000951,74.125.200.0-255,7156,104273,17,357452
28079,0.000953,172.31.36.0-255,66,104339,17,357452
28080,0.000979,74.125.200.0-255,4320,108659,17,357452
28081,0.000993,172.31.36.0-255,66,108725,17,357452
28082,0.001018,74.125.200.0-255,6438,115163,17,357452
28083,0.001022,172.31.36.0-255,66,115229,17,357452
28084,0.00103,172.31.36.0-255,66,115295,17,357452
28085,0.001051,74.125.200.0-255,2902,118197,17,357452
28086,0.001053,172.31.36.0-255,66,118263,17,357452
28087,0.001056,74.125.200.0-255,1484,119747,17,357452
28088,0.001094,172.31.36.0-255,66,119813,17,357452
28089,0.001099,74.125.200.0-255,5738,125551,17,357452
28090,0.001101,172.31.36.0-255,66,125617,17,357452
28091,0.001127,74.125.200.0-255,1484,127101,17,357452
28092,0.001141,74.125.200.0-255,2184,129285,17,357452
28093,0.001144,172.31.36.0-255,66,129351,17,357452
28094,0.001335,74.125.200.0-255,1484,130835,17,357452
28095,0.001357,74.125.200.0-255,2902,133737,17,357452
28096,0.00136,172.31.36.0-255,66,133803,17,357452
28097,0.001366,74.125.200.0-255,5738,139541,17,357452
28098,0.001368,172.31.36.0-255,66,139607,17,357452
28099,0.001396,74.125.200.0-255,7156,146763,17,357452
28100,0.001399,172.31.36.0-255,66,146829,17,357452
28101,0.001405,74.125.200.0-255,5738,152567,17,357452
28102,0.001406,172.31.36.0-255,66,152633,17,357452
28103,0.001428,74.125.200.0-255,2902,155535,17,357452
28104,0.00143,172.31.36.0-255,66,155601,17,357452
28105,0.001435,74.125.200.0-255,4320,159921,17,357452
28106,0.001436,172.31.36.0-255,66,159987,17,357452
28107,0.001467,74.125.200.0-255,3602,163589,17,357452
28108,0.00147,172.31.36.0-255,66,163655,17,357452
28109,0.001498,74.125.200.0-255,5738,169393,17,357452
28110,0.001501,172.31.36.0-255,66,169459,17,357452
28111,0.001507,74.125.200.0-255,7156,176615,17,357452
28112,0.001509,172.31.36.0-255,66,176681,17,357452
28113,0.001585,172.31.36.0-255,66,176747,17,357452
28114,0.001591,74.125.200.0-255,6438,183185,17,357452
28115,0.001593,172.31.36.0-255,66,183251,17,357452
28116,0.001647,74.125.200.0-255,1484,184735,17,357452
28117,0.00166,74.125.200.0-255,2902,187637,17,357452
28118,0.001663,172.31.36.0-255,66,187703,17,357452
28119,0.001667,74.125.200.0-255,2902,190605,17,357452
28120,0.001669,172.31.36.0-255,66,190671,17,357452
28121,0.00169,74.125.200.0-255,2902,193573,17,357452
28122,0.001696,172.31.36.0-255,66,193639,17,357452
28123,0.001701,74.125.200.0-255,4320,197959,17,357452
28124,0.001703,172.31.36.0-255,66,198025,17,357452
28125,0.00171,74.125.200.0-255,1484,199509,17,357452
28126,0.001733,74.125.200.0-255,4320,203829,17,357452
28127,0.001735,172.31.36.0-255,66,203895,17,357452
28128,0.001739,74.125.200.0-255,2902,206797,17,357452
28129,0.001741,172.31.36.0-255,66,206863,17,357452
28130,0.001761,74.125.200.0-255,2902,209765,17,357452
28131,0.001765,172.31.36.0-255,66,209831,17,357452
28132,0.001793,74.125.200.0-255,7156,216987,17,357452
28133,0.001796,172.31.36.0-255,66,217053,17,357452
28134,0.001799,74.125.200.0-255,766,217819,17,357452
28135,0.001887,74.125.200.0-255,1484,219303,17,357452
28136,0.00189,172.31.36.0-255,66,219369,17,357452
28137,0.001894,74.125.200.0-255,2902,222271,17,357452
28138,0.001896,172.31.36.0-255,66,222337,17,357452
28139,0.00192,74.125.200.0-255,5738,228075,17,357452
28140,0.001923,172.31.36.0-255,66,228141,17,357452
28141,0.001943,74.125.200.0-255,5738,233879,17,357452
28142,0.001945,172.31.36.0-255,66,233945,17,357452
28143,0.001959,74.125.200.0-255,5738,239683,17,357452
28144,0.001965,172.31.36.0-255,66,239749,17,357452
28145,0.001971,74.125.200.0-255,7156,246905,17,357452
28146,0.001973,172.31.36.0-255,66,246971,17,357452
28147,0.002001,74.125.200.0-255,5020,251991,17,357452
28148,0.002008,172.31.36.0-255,66,252057,17,357452
28149,0.002114,74.125.200.0-255,1484,253541,17,357452
28150,0.00212,74.125.200.0-255,2902,256443,17,357452
28151,0.002122,172.31.36.0-255,66,256509,17,357452
28152,0.002128,74.125.200.0-255,5738,262247,17,357452
28153,0.00213,172.31.36.0-255,66,262313,17,357452
28154,0.002133,74.125.200.0-255,1484,263797,17,357452
28155,0.002156,74.125.200.0-255,4320,268117,17,357452
28156,0.002158,172.31.36.0-255,66,268183,17,357452
28157,0.002164,74.125.200.0-255,5738,273921,17,357452
28158,0.002166,172.31.36.0-255,66,273987,17,357452
28159,0.002184,74.125.200.0-255,1484,275471,17,357452
28160,0.00219,74.125.200.0-255,5738,281209,17,357452
28161,0.002193,172.31.36.0-255,66,281275,17,357452
28162,0.002224,74.125.200.0-255,5020,286295,17,357452
28163,0.002227,172.31.36.0-255,66,286361,17,357452
28164,0.002267,172.31.36.0-255,66,286427,17,357452
28165,0.002273,74.125.200.0-255,5738,292165,17,357452
28166,0.002275,172.31.36.0-255,66,292231,17,357452
28167,0.002287,74.125.200.0-255,7156,299387,17,357452
28168,0.00229,172.31.36.0-255,66,299453,17,357452
28169,0.002298,74.125.200.0-255,7156,306609,17,357452
28170,0.0023,172.31.36.0-255,66,306675,17,357452
28171,0.002329,74.125.200.0-255,2184,308859,17,357452
28172,0.002334,172.31.36.0-255,66,308925,17,357452
28173,0.004554,74.125.200.0-255,2902,311827,17,357452
28174,0.00456,172.31.36.0-255,66,311893,17,357452
28175,0.004585,74.125.200.0-255,2902,314795,17,357452
28176,0.004587,172.31.36.0-255,66,314861,17,357452
28177,0.006816,74.125.200.0-255,2902,317763,17,357452
28178,0.006819,172.31.36.0-255,66,317829,17,357452
28179,0.006849,74.125.200.0-255,2902,320731,17,357452
28180,0.006851,172.31.36.0-255,66,320797,17,357452
28181,0.009075,74.125.200.0-255,2902,323699,17,357452
28182,0.009082,172.31.36.0-255,66,323765,17,357452
28183,0.009111,74.125.200.0-255,2902,326667,17,357452
28184,0.009114,172.31.36.0-255,66,326733,17,357452
28185,0.011332,74.125.200.0-255,2902,329635,17,357452
28186,0.011338,172.31.36.0-255,66,329701,17,357452
28187,0.011363,74.125.200.0-255,2902,332603,17,357452
28188,0.011365,172.31.36.0-255,66,332669,17,357452
28189,0.013631,74.125.200.0-255,2902,335571,17,357452
28190,0.013643,172.31.36.0-255,66,335637,17,357452
28191,0.013677,74.125.200.0-255,2902,338539,17,357452
28192,0.013681,172.31.36.0-255,66,338605,17,357452
28193,0.015901,74.125.200.0-255,2902,341507,17,357452
28194,0.015911,172.31.36.0-255,66,341573,17,357452
28195,0.015948,74.125.200.0-255,2902,344475,17,357452
28196,0.015952,172.31.36.0-255,66,344541,17,357452
28197,0.018164,74.125.200.0-255,2902,347443,17,357452
28198,0.018171,172.31.36.0-255,66,347509,17,357452
28199,0.018211,74.125.200.0-255,2902,350411,17,357452
28200,0.018215,172.31.36.0-255,66,350477,17,357452
28201,0.02042,74.125.200.0-255,2466,352943,17,357452
28202,0.020428,172.31.36.0-255,66,353009,17,357452
28203,0.020626,172.31.36.0-255,105,353114,17,357452
28204,0.022842,74.125.200.0-255,66,353180,17,357452
28205,0.028063,172.31.36.0-255,172,353352,17,357452
28206,0.02809,172.31.36.0-255,1118,354470,17,357452
28207,0.02815,172.31.36.0-255,1514,355984,17,357452
28208,0.028152,172.31.36.0-255,1270,357254,17,357452
28209,0.029597,104.244.42.0-255,66,357320,17,357452
28210,0.029628,104.244.42.0-255,66,357386,17,357452
28211,0.02967,104.244.42.0-255,66,357452,17,357452
28212,0.0,74.125.68.0-255,152,152,17,262710
28213,2.3e-05,172.31.36.0-255,66,218,17,262710
28214,3.1e-05,74.125.68.0-255,1484,1702,17,262710
28215,3.5e-05,172.31.36.0-255,66,1768,17,262710
28216,4.1e-05,74.125.68.0-255,2902,4670,17,262710
28217,4.4e-05,172.31.36.0-255,66,4736,17,262710
28218,7.5e-05,74.125.68.0-255,7156,11892,17,262710
28219,7.8e-05,172.31.36.0-255,66,11958,17,262710
28220,9.5e-05,74.125.68.0-255,1949,13907,17,262710
28221,9.7e-05,172.31.36.0-255,66,13973,17,262710
28222,0.000545,74.125.68.0-255,1484,15457,17,262710
28223,0.000551,172.31.36.0-255,66,15523,17,262710
28224,0.000566,74.125.68.0-255,2902,18425,17,262710
28225,0.000569,172.31.36.0-255,66,18491,17,262710
28226,0.000589,74.125.68.0-255,1484,19975,17,262710
28227,0.000592,172.31.36.0-255,66,20041,17,262710
28228,0.000615,74.125.68.0-255,4320,24361,17,262710
28229,0.000617,172.31.36.0-255,66,24427,17,262710
28230,0.000621,74.125.68.0-255,1484,25911,17,262710
28231,0.000638,172.31.36.0-255,66,25977,17,262710
28232,0.000644,74.125.68.0-255,2902,28879,17,262710
28233,0.000646,172.31.36.0-255,66,28945,17,262710
28234,0.000677,74.125.68.0-255,2543,31488,17,262710
28235,0.000681,172.31.36.0-255,66,31554,17,262710
28236,0.000943,74.125.68.0-255,1484,33038,17,262710
28237,0.000949,172.31.36.0-255,66,33104,17,262710
28238,0.000954,74.125.68.0-255,1484,34588,17,262710
28239,0.000956,172.31.36.0-255,66,34654,17,262710
28240,0.00097,74.125.68.0-255,1484,36138,17,262710
28241,0.000973,172.31.36.0-255,66,36204,17,262710
28242,0.000979,74.125.68.0-255,4320,40524,17,262710
28243,0.000981,172.31.36.0-255,66,40590,17,262710
28244,0.001016,74.125.68.0-255,2902,43492,17,262710
28245,0.001019,172.31.36.0-255,66,43558,17,262710
28246,0.001035,74.125.68.0-255,2902,46460,17,262710
28247,0.001037,172.31.36.0-255,66,46526,17,262710
28248,0.001053,74.125.68.0-255,2543,49069,17,262710
28249,0.001056,172.31.36.0-255,66,49135,17,262710
28250,0.001158,74.125.68.0-255,1484,50619,17,262710
28251,0.001182,74.125.68.0-255,2902,53521,17,262710
28252,0.001187,172.31.36.0-255,66,53587,17,262710
28253,0.001191,74.125.68.0-255,1484,55071,17,262710
28254,0.001194,74.125.68.0-255,1484,56555,17,262710
28255,0.001195,172.31.36.0-255,66,56621,17,262710
28256,0.001212,74.125.68.0-255,1484,58105,17,262710
28257,0.001232,74.125.68.0-255,5738,63843,17,262710
28258,0.001234,172.31.36.0-255,66,63909,17,262710
28259,0.001237,74.125.68.0-255,1484,65393,17,262710
28260,0.001289,74.125.68.0-255,1125,66518,17,262710
28261,0.001292,172.31.36.0-255,66,66584,17,262710
28262,0.003216,74.125.68.0-255,2902,69486,17,262710
28263,0.003224,172.31.36.0-255,66,69552,17,262710
28264,0.00327,74.125.68.0-255,2902,72454,17,262710
28265,0.003273,172.31.36.0-255,66,72520,17,262710
28266,0.005217,74.125.68.0-255,2902,75422,17,262710
28267,0.005224,172.31.36.0-255,66,75488,17,262710
28268,0.005257,74.125.68.0-255,2902,78390,17,262710
28269,0.005259,172.31.36.0-255,66,78456,17,262710
28270,0.00722,74.125.68.0-255,2902,81358,17,262710
28271,0.007227,172.31.36.0-255,66,81424,17,262710
28272,0.007263,74.125.68.0-255,2902,84326,17,262710
28273,0.007266,172.31.36.0-255,66,84392,17,262710
28274,0.009226,74.125.68.0-255,2902,87294,17,262710
28275,0.009233,172.31.36.0-255,66,87360,17,262710
28276,0.009258,74.125.68.0-255,2902,90262,17,262710
28277,0.00926,172.31.36.0-255,66,90328,17,262710
28278,0.011241,74.125.68.0-255,4320,94648,17,262710
28279,0.011249,172.31.36.0-255,66,94714,17,262710
28280,0.011268,74.125.68.0-255,1484,96198,17,262710
28281,0.013244,74.125.68.0-255,4320,100518,17,262710
28282,0.013251,172.31.36.0-255,66,100584,17,262710
28283,0.015261,74.125.68.0-255,5738,106322,17,262710
28284,0.01527,172.31.36.0-255,66,106388,17,262710
28285,0.017271,74.125.68.0-255,5738,112126,17,262710
28286,0.01728,172.31.36.0-255,66,112192,17,262710
28287,0.019275,74.125.68.0-255,5738,117930,17,262710
28288,0.019283,172.31.36.0-255,66,117996,17,262710
28289,0.021294,74.125.68.0-255,5738,123734,17,262710
28290,0.021301,172.31.36.0-255,66,123800,17,262710
28291,0.023304,74.125.68.0-255,5738,129538,17,262710
28292,0.023312,172.31.36.0-255,66,129604,17,262710
28293,0.025309,74.125.68.0-255,5738,135342,17,262710
28294,0.025316,172.31.36.0-255,66,135408,17,262710
28295,0.027309,74.125.68.0-255,2902,138310,17,262710
28296,0.027317,172.31.36.0-255,66,138376,17,262710
28297,0.027336,74.125.68.0-255,2902,141278,17,262710
28298,0.02734,172.31.36.0-255,66,141344,17,262710
28299,0.029317,74.125.68.0-255,2902,144246,17,262710
28300,0.029325,172.31.36.0-255,66,144312,17,262710
28301,0.029346,74.125.68.0-255,2902,147214,17,262710
28302,0.029349,172.31.36.0-255,66,147280,17,262710
28303,0.03136,74.125.68.0-255,4320,151600,17,262710
28304,0.031367,172.31.36.0-255,66,151666,17,262710
28305,0.031385,74.125.68.0-255,1484,153150,17,262710
28306,0.033368,74.125.68.0-255,4320,157470,17,262710
28307,0.033376,172.31.36.0-255,66,157536,17,262710
28308,0.035377,74.125.68.0-255,5738,163274,17,262710
28309,0.035384,172.31.36.0-255,66,163340,17,262710
28310,0.037387,74.125.68.0-255,5738,169078,17,262710
28311,0.037393,172.31.36.0-255,66,169144,17,262710
28312,0.037979,172.31.36.0-255,182,169326,17,262710
28313,0.038014,172.31.36.0-255,1117,170443,17,262710
28314,0.038073,172.31.36.0-255,557,171000,17,262710
28315,0.039394,74.125.68.0-255,5738,176738,17,262710
28316,0.039401,172.31.36.0-255,66,176804,17,262710
28317,0.039518,104.244.42.0-255,66,176870,17,262710
28318,0.039579,104.244.42.0-255,66,176936,17,262710
28319,0.039625,104.244.42.0-255,66,177002,17,262710
28320,0.041406,74.125.68.0-255,5738,182740,17,262710
28321,0.041413,172.31.36.0-255,66,182806,17,262710
28322,0.043411,74.125.68.0-255,5738,188544,17,262710
28323,0.04342,172.31.36.0-255,66,188610,17,262710
28324,0.045408,74.125.68.0-255,4320,192930,17,262710
28325,0.045415,172.31.36.0-255,66,192996,17,262710
28326,0.045432,74.125.68.0-255,1484,194480,17,262710
28327,0.047413,74.125.68.0-255,4320,198800,17,262710
28328,0.047421,172.31.36.0-255,66,198866,17,262710
28329,0.049429,74.125.68.0-255,5738,204604,17,262710
28330,0.049438,172.31.36.0-255,66,204670,17,262710
28331,0.051452,74.125.68.0-255,5738,210408,17,262710
28332,0.051459,172.31.36.0-255,66,210474,17,262710
28333,0.053464,74.125.68.0-255,5738,216212,17,262710
28334,0.053471,172.31.36.0-255,66,216278,17,262710
28335,0.055475,74.125.68.0-255,5738,222016,17,262710
28336,0.055482,172.31.36.0-255,66,222082,17,262710
28337,0.057472,74.125.68.0-255,5738,227820,17,262710
28338,0.05748,172.31.36.0-255,66,227886,17,262710
28339,0.059468,74.125.68.0-255,5738,233624,17,262710
28340,0.059476,172.31.36.0-255,66,233690,17,262710
28341,0.061481,74.125.68.0-255,5738,239428,17,262710
28342,0.061488,172.31.36.0-255,66,239494,17,262710
28343,0.063494,74.125.68.0-255,5738,245232,17,262710
28344,0.063501,172.31.36.0-255,66,245298,17,262710
28345,0.065523,74.125.68.0-255,5738,251036,17,262710
28346,0.065534,172.31.36.0-255,66,251102,17,262710
28347,0.067544,74.125.68.0-255,5738,256840,17,262710
28348,0.06755,172.31.36.0-255,66,256906,17,262710
28349,0.069563,74.125.68.0-255,5738,262644,17,262710
28350,0.069569,172.31.36.0-255,66,262710,17,262710
28351,0.0,74.125.130.0-255,152,152,17,324791
28352,1.5e-05,172.31.36.0-255,66,218,17,324791
28353,2.2e-05,74.125.130.0-255,1484,1702,17,324791
28354,2.7e-05,172.31.36.0-255,66,1768,17,324791
28355,3.3e-05,74.125.130.0-255,2902,4670,17,324791
28356,3.6e-05,172.31.36.0-255,66,4736,17,324791
28357,6.2e-05,74.125.130.0-255,7156,11892,17,324791
28358,6.5e-05,172.31.36.0-255,66,11958,17,324791
28359,0.000108,74.125.130.0-255,2083,14041,17,324791
28360,0.000111,172.31.36.0-255,66,14107,17,324791
28361,0.000222,74.125.130.0-255,1484,15591,17,324791
28362,0.000227,172.31.36.0-255,66,15657,17,324791
28363,0.000232,74.125.130.0-255,2902,18559,17,324791
28364,0.000235,172.31.36.0-255,66,18625,17,324791
28365,0.000249,74.125.130.0-255,2902,21527,17,324791
28366,0.000251,172.31.36.0-255,66,21593,17,324791
28367,0.000266,74.125.130.0-255,2902,24495,17,324791
28368,0.000268,172.31.36.0-255,66,24561,17,324791
28369,0.000277,74.125.130.0-255,6797,31358,17,324791
28370,0.000279,172.31.36.0-255,66,31424,17,324791
28371,0.000566,74.125.130.0-255,1484,32908,17,324791
28372,0.00057,74.125.130.0-255,1484,34392,17,324791
28373,0.000573,74.125.130.0-255,2902,37294,17,324791
28374,0.000583,172.31.36.0-255,66,37360,17,324791
28375,0.000588,172.31.36.0-255,66,37426,17,324791
28376,0.000591,172.31.36.0-255,66,37492,17,324791
28377,0.000598,74.125.130.0-255,5738,43230,17,324791
28378,0.0006,172.31.36.0-255,66,43296,17,324791
28379,0.000627,74.125.130.0-255,6797,50093,17,324791
28380,0.00063,172.31.36.0-255,66,50159,17,324791
28381,0.000651,74.125.130.0-255,4320,54479,17,324791
28382,0.000654,172.31.36.0-255,66,54545,17,324791
28383,0.000673,74.125.130.0-255,2902,57447,17,324791
28384,0.000676,172.31.36.0-255,66,57513,17,324791
28385,0.000684,74.125.130.0-255,7156,64669,17,324791
28386,0.000686,172.31.36.0-255,66,64735,17,324791
28387,0.000708,74.125.130.0-255,1377,66112,17,324791
28388,0.00074,74.125.130.0-255,120,66232,17,324791
28389,0.000768,74.125.130.0-255,379,66611,17,324791
28390,0.000771,172.31.36.0-255,66,66677,17,324791
28391,0.001023,74.125.130.0-255,1484,68161,17,324791
28392,0.001039,74.125.130.0-255,2902,71063,17,324791
28393,0.001042,172.31.36.0-255,66,71129,17,324791
28394,0.001072,74.125.130.0-255,5738,76867,17,324791
28395,0.001075,172.31.36.0-255,66,76933,17,324791
28396,0.001114,74.125.130.0-255,7156,84089,17,324791
28397,0.001118,74.125.130.0-255,2902,86991,17,324791
28398,0.001122,172.31.36.0-255,66,87057,17,324791
28399,0.001126,172.31.36.0-255,66,87123,17,324791
28400,0.001141,74.125.130.0-255,4320,91443,17,324791
28401,0.001143,172.31.36.0-255,66,91509,17,324791
28402,0.001166,74.125.130.0-255,4320,95829,17,324791
28403,0.001168,172.31.36.0-255,66,95895,17,324791
28404,0.001203,74.125.130.0-255,2902,98797,17,324791
28405,0.001206,172.31.36.0-255,66,98863,17,324791
28406,0.001211,74.125.130.0-255,2184,101047,17,324791
28407,0.001213,172.31.36.0-255,66,101113,17,324791
28408,0.001406,74.125.130.0-255,1484,102597,17,324791
28409,0.001426,74.125.130.0-255,1484,104081,17,324791
28410,0.001429,172.31.36.0-255,66,104147,17,324791
28411,0.001435,74.125.130.0-255,2902,107049,17,324791
28412,0.001437,172.31.36.0-255,66,107115,17,324791
28413,0.001441,74.125.130.0-255,1484,108599,17,324791
28414,0.001462,74.125.130.0-255,4320,112919,17,324791
28415,0.001465,172.31.36.0-255,66,112985,17,324791
28416,0.001483,74.125.130.0-255,2902,115887,17,324791
28417,0.001486,172.31.36.0-255,66,115953,17,324791
28418,0.001508,172.31.36.0-255,66,116019,17,324791
28419,0.001549,172.31.36.0-255,66,116085,17,324791
28420,0.001702,74.125.130.0-255,1484,117569,17,324791
28421,0.001716,74.125.130.0-255,2902,120471,17,324791
28422,0.001719,172.31.36.0-255,66,120537,17,324791
28423,0.001745,74.125.130.0-255,4320,124857,17,324791
28424,0.001748,172.31.36.0-255,66,124923,17,324791
28425,0.001765,74.125.130.0-255,1484,126407,17,324791
28426,0.001784,74.125.130.0-255,7156,133563,17,324791
28427,0.001787,172.31.36.0-255,66,133629,17,324791
28428,0.001791,74.125.130.0-255,2902,136531,17,324791
28429,0.001793,172.31.36.0-255,66,136597,17,324791
28430,0.001833,172.31.36.0-255,66,136663,17,324791
28431,0.001837,74.125.130.0-255,766,137429,17,324791
28432,0.002252,172.31.36.0-255,66,137495,17,324791
28433,0.003907,74.125.130.0-255,4320,141815,17,324791
28434,0.003914,172.31.36.0-255,66,141881,17,324791
28435,0.004323,74.125.130.0-255,1484,143365,17,324791
28436,0.00598,74.125.130.0-255,2902,146267,17,324791
28437,0.005985,172.31.36.0-255,66,146333,17,324791
28438,0.006003,74.125.130.0-255,1484,147817,17,324791
28439,0.008051,74.125.130.0-255,4320,152137,17,324791
28440,0.008056,172.31.36.0-255,66,152203,17,324791
28441,0.01013,74.125.130.0-255,5738,157941,17,324791
28442,0.010138,172.31.36.0-255,66,158007,17,324791
28443,0.012209,74.125.130.0-255,5738,163745,17,324791
28444,0.012218,172.31.36.0-255,66,163811,17,324791
28445,0.014305,74.125.130.0-255,5738,169549,17,324791
28446,0.014316,172.31.36.0-255,66,169615,17,324791
28447,0.016391,74.125.130.0-255,5738,175353,17,324791
28448,0.0164,172.31.36.0-255,66,175419,17,324791
28449,0.018473,74.125.130.0-255,5738,181157,17,324791
28450,0.018481,172.31.36.0-255,66,181223,17,324791
28451,0.020585,74.125.130.0-255,5738,186961,17,324791
28452,0.020592,172.31.36.0-255,66,187027,17,324791
28453,0.022661,74.125.130.0-255,5738,192765,17,324791
28454,0.022671,172.31.36.0-255,66,192831,17,324791
28455,0.024746,74.125.130.0-255,5738,198569,17,324791
28456,0.024755,172.31.36.0-255,66,198635,17,324791
28457,0.026824,74.125.130.0-255,5738,204373,17,324791
28458,0.026832,172.31.36.0-255,66,204439,17,324791
28459,0.027422,172.31.36.0-255,172,204611,17,324791
28460,0.027454,172.31.36.0-255,1118,205729,17,324791
28461,0.027514,172.31.36.0-255,1514,207243,17,324791
28462,0.027516,172.31.36.0-255,1270,208513,17,324791
28463,0.028915,74.125.130.0-255,5738,214251,17,324791
28464,0.028922,172.31.36.0-255,66,214317,17,324791
28465,0.028986,104.244.42.0-255,66,214383,17,324791
28466,0.029028,104.244.42.0-255,66,214449,17,324791
28467,0.029074,104.244.42.0-255,66,214515,17,324791
28468,0.031,74.125.130.0-255,5738,220253,17,324791
28469,0.031007,172.31.36.0-255,66,220319,17,324791
28470,0.033098,74.125.130.0-255,5738,226057,17,324791
28471,0.033104,172.31.36.0-255,66,226123,17,324791
28472,0.035178,74.125.130.0-255,5738,231861,17,324791
28473,0.035185,172.31.36.0-255,66,231927,17,324791
28474,0.037283,74.125.130.0-255,5738,237665,17,324791
28475,0.03729,172.31.36.0-255,66,237731,17,324791
28476,0.039364,74.125.130.0-255,5738,243469,17,324791
28477,0.039371,172.31.36.0-255,66,243535,17,324791
28478,0.041443,74.125.130.0-255,5738,249273,17,324791
28479,0.04145,172.31.36.0-255,66,249339,17,324791
28480,0.043534,74.125.130.0-255,5738,255077,17,324791
28481,0.043554,172.31.36.0-255,66,255143,17,324791
28482,0.045637,74.125.130.0-255,5738,260881,17,324791
28483,0.045644,172.31.36.0-255,66,260947,17,324791
28484,0.047721,74.125.130.0-255,5738,266685,17,324791
28485,0.047727,172.31.36.0-255,66,266751,17,324791
28486,0.049814,74.125.130.0-255,5738,272489,17,324791
28487,0.04982,172.31.36.0-255,66,272555,17,324791
28488,0.051908,74.125.130.0-255,5738,278293,17,324791
28489,0.051916,172.31.36.0-255,66,278359,17,324791
28490,0.054,74.125.130.0-255,5738,284097,17,324791
28491,0.054007,172.31.36.0-255,66,284163,17,324791
28492,0.056102,74.125.130.0-255,5738,289901,17,324791
28493,0.056109,172.31.36.0-255,66,289967,17,324791
28494,0.05819,74.125.130.0-255,5738,295705,17,324791
28495,0.058196,172.31.36.0-255,66,295771,17,324791
28496,0.060282,74.125.130.0-255,5738,301509,17,324791
28497,0.060289,172.31.36.0-255,66,301575,17,324791
28498,0.062377,74.125.130.0-255,5738,307313,17,324791
28499,0.062383,172.31.36.0-255,66,307379,17,324791
28500,0.064472,74.125.130.0-255,5738,313117,17,324791
28501,0.064479,172.31.36.0-255,66,313183,17,324791
28502,0.066557,74.125.130.0-255,5738,318921,17,324791
28503,0.066564,172.31.36.0-255,66,318987,17,324791
28504,0.068635,74.125.130.0-255,5738,324725,17,324791
28505,0.068642,172.31.36.0-255,66,324791,17,324791
28506,0.0,74.125.24.0-255,153,153,17,313412
28507,1.7e-05,172.31.36.0-255,66,219,17,313412
28508,2.3e-05,74.125.24.0-255,1484,1703,17,313412
28509,2.7e-05,172.31.36.0-255,66,1769,17,313412
28510,3.3e-05,74.125.24.0-255,2902,4671,17,313412
28511,3.6e-05,172.31.36.0-255,66,4737,17,313412
28512,4.5e-05,74.125.24.0-255,7156,11893,17,313412
28513,4.8e-05,172.31.36.0-255,66,11959,17,313412
28514,5.2e-05,74.125.24.0-255,2011,13970,17,313412
28515,5.4e-05,172.31.36.0-255,66,14036,17,313412
28516,8.1e-05,74.125.24.0-255,2902,16938,17,313412
28517,8.4e-05,172.31.36.0-255,66,17004,17,313412
28518,9.1e-05,74.125.24.0-255,7156,24160,17,313412
28519,9.4e-05,172.31.36.0-255,66,24226,17,313412
28520,0.000102,74.125.24.0-255,6797,31023,17,313412
28521,0.000104,172.31.36.0-255,66,31089,17,313412
28522,0.000219,74.125.24.0-255,1484,32573,17,313412
28523,0.000223,172.31.36.0-255,66,32639,17,313412
28524,0.000229,74.125.24.0-255,2902,35541,17,313412
28525,0.000232,172.31.36.0-255,66,35607,17,313412
28526,0.000236,74.125.24.0-255,2902,38509,17,313412
28527,0.000239,172.31.36.0-255,66,38575,17,313412
28528,0.000257,74.125.24.0-255,2902,41477,17,313412
28529,0.000259,172.31.36.0-255,66,41543,17,313412
28530,0.00027,172.31.36.0-255,66,41609,17,313412
28531,0.000275,74.125.24.0-255,4320,45929,17,313412
28532,0.000278,172.31.36.0-255,66,45995,17,313412
28533,0.000305,172.31.36.0-255,66,46061,17,313412
28534,0.000308,74.125.24.0-255,399,46460,17,313412
28535,0.00031,172.31.36.0-255,66,46526,17,313412
28536,0.000447,74.125.24.0-255,112,46638,17,313412
28537,0.000473,74.125.24.0-255,330,46968,17,313412
28538,0.000756,74.125.24.0-255,1484,48452,17,313412
28539,0.000763,74.125.24.0-255,2902,51354,17,313412
28540,0.000766,74.125.24.0-255,1484,52838,17,313412
28541,0.000785,74.125.24.0-255,4320,57158,17,313412
28542,0.0008,172.31.36.0-255,66,57224,17,313412
28543,0.000806,172.31.36.0-255,66,57290,17,313412
28544,0.000817,74.125.24.0-255,1484,58774,17,313412
28545,0.000835,74.125.24.0-255,2902,61676,17,313412
28546,0.000851,74.125.24.0-255,2902,64578,17,313412
28547,0.000864,172.31.36.0-255,66,64644,17,313412
28548,0.000873,74.125.24.0-255,3602,68246,17,313412
28549,0.000892,172.31.36.0-255,66,68312,17,313412
28550,0.002082,74.125.24.0-255,1484,69796,17,313412
28551,0.002092,74.125.24.0-255,1484,71280,17,313412
28552,0.002097,172.31.36.0-255,66,71346,17,313412
28553,0.002118,74.125.24.0-255,1484,72830,17,313412
28554,0.002124,74.125.24.0-255,5738,78568,17,313412
28555,0.002142,74.125.24.0-255,1484,80052,17,313412
28556,0.002156,74.125.24.0-255,1484,81536,17,313412
28557,0.002167,74.125.24.0-255,1484,83020,17,313412
28558,0.002186,74.125.24.0-255,4320,87340,17,313412
28559,0.002201,74.125.24.0-255,1484,88824,17,313412
28560,0.002218,74.125.24.0-255,2902,91726,17,313412
28561,0.002238,74.125.24.0-255,5738,97464,17,313412
28562,0.002253,74.125.24.0-255,1484,98948,17,313412
28563,0.002279,74.125.24.0-255,3602,102550,17,313412
28564,0.002454,74.125.24.0-255,1484,104034,17,313412
28565,0.002466,74.125.24.0-255,2902,106936,17,313412
28566,0.002481,74.125.24.0-255,2902,109838,17,313412
28567,0.002492,74.125.24.0-255,2902,112740,17,313412
28568,0.002537,74.125.24.0-255,4320,117060,17,313412
28569,0.002544,74.125.24.0-255,7156,124216,17,313412
28570,0.002593,74.125.24.0-255,3602,127818,17,313412
28571,0.003001,74.125.24.0-255,1484,129302,17,313412
28572,0.003004,74.125.24.0-255,1484,130786,17,313412
28573,0.003031,74.125.24.0-255,2902,133688,17,313412
28574,0.003043,74.125.24.0-255,1484,135172,17,313412
28575,0.003069,74.125.24.0-255,5738,140910,17,313412
28576,0.003086,74.125.24.0-255,4320,145230,17,313412
28577,0.003103,74.125.24.0-255,1484,146714,17,313412
28578,0.003122,74.125.24.0-255,7156,153870,17,313412
28579,0.003125,74.125.24.0-255,1484,155354,17,313412
28580,0.003138,74.125.24.0-255,1484,156838,17,313412
28581,0.00314,74.125.24.0-255,1484,158322,17,313412
28582,0.003158,74.125.24.0-255,3602,161924,17,313412
28583,0.003496,74.125.24.0-255,1484,163408,17,313412
28584,0.003501,74.125.24.0-255,2902,166310,17,313412
28585,0.003519,74.125.24.0-255,4320,170630,17,313412
28586,0.003535,74.125.24.0-255,1484,172114,17,313412
28587,0.003556,74.125.24.0-255,5738,177852,17,313412
28588,0.003583,74.125.24.0-255,7156,185008,17,313412
28589,0.003589,74.125.24.0-255,5738,190746,17,313412
28590,0.003642,74.125.24.0-255,1484,192230,17,313412
28591,0.003654,74.125.24.0-255,3602,195832,17,313412
28592,0.003761,74.125.24.0-255,1484,197316,17,313412
28593,0.003781,74.125.24.0-255,4320,201636,17,313412
28594,0.003787,74.125.24.0-255,4320,205956,17,313412
28595,0.003822,74.125.24.0-255,2902,208858,17,313412
28596,0.00385,74.125.24.0-255,4320,213178,17,313412
28597,0.003875,74.125.24.0-255,5738,218916,17,313412
28598,0.003892,74.125.24.0-255,2184,221100,17,313412
28599,0.003922,74.125.24.0-255,1484,222584,17,313412
28600,0.003943,74.125.24.0-255,2902,225486,17,313412
28601,0.003965,74.125.24.0-255,4320,229806,17,313412
28602,0.003988,74.125.24.0-255,1484,231290,17,313412
28603,0.004015,74.125.24.0-255,4320,235610,17,313412
28604,0.004034,74.125.24.0-255,2902,238512,17,313412
28605,0.004049,74.125.24.0-255,4320,242832,17,313412
28606,0.0041,74.125.24.0-255,2902,245734,17,313412
28607,0.004384,172.31.36.0-255,66,245800,17,313412
28608,0.004624,74.125.24.0-255,1484,247284,17,313412
28609,0.004631,74.125.24.0-255,2902,250186,17,313412
28610,0.004638,74.125.24.0-255,5738,255924,17,313412
28611,0.004664,74.125.24.0-255,4320,260244,17,313412
28612,0.00469,172.31.36.0-255,66,260310,17,313412
28613,0.004699,74.125.24.0-255,7156,267466,17,313412
28614,0.004704,172.31.36.0-255,66,267532,17,313412
28615,0.004713,74.125.24.0-255,2184,269716,17,313412
28616,0.004752,172.31.36.0-255,66,269782,17,313412
28617,0.004762,74.125.24.0-255,4320,274102,17,313412
28618,0.004777,74.125.24.0-255,5020,279122,17,313412
28619,0.004796,172.31.36.0-255,66,279188,17,313412
28620,0.004835,74.125.24.0-255,1484,280672,17,313412
28621,0.004839,74.125.24.0-255,1484,282156,17,313412
28622,0.004844,172.31.36.0-255,66,282222,17,313412
28623,0.004863,74.125.24.0-255,1484,283706,17,313412
28624,0.00487,74.125.24.0-255,5738,289444,17,313412
28625,0.004877,74.125.24.0-255,7156,296600,17,313412
28626,0.004883,172.31.36.0-255,66,296666,17,313412
28627,0.004919,74.125.24.0-255,2184,298850,17,313412
28628,0.004923,74.125.24.0-255,2902,301752,17,313412
28629,0.004926,74.125.24.0-255,1484,303236,17,313412
28630,0.004946,74.125.24.0-255,2902,306138,17,313412
28631,0.00495,172.31.36.0-255,66,306204,17,313412
28632,0.004955,172.31.36.0-255,66,306270,17,313412
28633,0.004965,74.125.24.0-255,2365,308635,17,313412
28634,0.004968,74.125.24.0-255,97,308732,17,313412
28635,0.004989,172.31.36.0-255,66,308798,17,313412
28636,0.005056,74.125.24.0-255,105,308903,17,313412
28637,0.006983,172.31.36.0-255,66,308969,17,313412
28638,0.007015,172.31.36.0-255,105,309074,17,313412
28639,0.009072,74.125.24.0-255,66,309140,17,313412
28640,0.037006,172.31.36.0-255,172,309312,17,313412
28641,0.037042,172.31.36.0-255,1116,310428,17,313412
28642,0.037105,172.31.36.0-255,1514,311942,17,313412
28643,0.037107,172.31.36.0-255,1272,313214,17,313412
28644,0.038557,104.244.42.0-255,66,313280,17,313412
28645,0.038603,104.244.42.0-255,66,313346,17,313412
28646,0.038646,104.244.42.0-255,66,313412,17,313412
28647,0.0,172.217.194.0-255,152,152,17,227116
28648,2.1e-05,172.31.36.0-255,66,218,17,227116
28649,2.8e-05,172.217.194.0-255,1484,1702,17,227116
28650,3.4e-05,172.31.36.0-255,66,1768,17,227116
28651,4e-05,172.217.194.0-255,2902,4670,17,227116
28652,4.2e-05,172.31.36.0-255,66,4736,17,227116
28653,4.8e-05,172.217.194.0-255,4320,9056,17,227116
28654,5.1e-05,172.31.36.0-255,66,9122,17,227116
28655,5.7e-05,172.217.194.0-255,4874,13996,17,227116
28656,6.1e-05,172.31.36.0-255,66,14062,17,227116
28657,9.5e-05,172.31.36.0-255,66,14128,17,227116
28658,0.000101,172.217.194.0-255,5379,19507,17,227116
28659,0.000104,172.31.36.0-255,66,19573,17,227116
28660,0.000203,172.217.194.0-255,1484,21057,17,227116
28661,0.000207,172.31.36.0-255,66,21123,17,227116
28662,0.000236,172.217.194.0-255,2902,24025,17,227116
28663,0.000239,172.31.36.0-255,66,24091,17,227116
28664,0.000244,172.217.194.0-255,2902,26993,17,227116
28665,0.000246,172.31.36.0-255,66,27059,17,227116
28666,0.000274,172.217.194.0-255,7156,34215,17,227116
28667,0.000277,172.31.36.0-255,66,34281,17,227116
28668,0.000281,172.217.194.0-255,1484,35765,17,227116
28669,0.000283,172.31.36.0-255,66,35831,17,227116
28670,0.000305,172.31.36.0-255,66,35897,17,227116
28671,0.000359,172.217.194.0-255,5738,41635,17,227116
28672,0.000362,172.31.36.0-255,66,41701,17,227116
28673,0.000378,172.217.194.0-255,3602,45303,17,227116
28674,0.00038,172.31.36.0-255,66,45369,17,227116
28675,0.000383,172.217.194.0-255,413,45782,17,227116
28676,0.000385,172.31.36.0-255,66,45848,17,227116
28677,0.000636,172.217.194.0-255,1484,47332,17,227116
28678,0.000645,172.217.194.0-255,2902,50234,17,227116
28679,0.000649,172.31.36.0-255,66,50300,17,227116
28680,0.000654,172.217.194.0-255,2902,53202,17,227116
28681,0.000657,172.31.36.0-255,66,53268,17,227116
28682,0.000672,172.217.194.0-255,2902,56170,17,227116
28683,0.000675,172.31.36.0-255,66,56236,17,227116
28684,0.000687,172.31.36.0-255,66,56302,17,227116
28685,0.00071,172.217.194.0-255,2902,59204,17,227116
28686,0.000712,172.31.36.0-255,66,59270,17,227116
28687,0.000716,172.217.194.0-255,1484,60754,17,227116
28688,0.000741,172.217.194.0-255,1484,62238,17,227116
28689,0.000745,172.31.36.0-255,66,62304,17,227116
28690,0.000761,172.31.36.0-255,66,62370,17,227116
28691,0.000764,172.217.194.0-255,1484,63854,17,227116
28692,0.000796,172.31.36.0-255,66,63920,17,227116
28693,0.000806,172.217.194.0-255,7156,71076,17,227116
28694,0.000809,172.31.36.0-255,66,71142,17,227116
28695,0.000825,172.217.194.0-255,2902,74044,17,227116
28696,0.000827,172.31.36.0-255,66,74110,17,227116
28697,0.000833,172.217.194.0-255,4320,78430,17,227116
28698,0.000835,172.31.36.0-255,66,78496,17,227116
28699,0.000867,172.217.194.0-255,7156,85652,17,227116
28700,0.00087,172.31.36.0-255,66,85718,17,227116
28701,0.000877,172.217.194.0-255,5020,90738,17,227116
28702,0.000879,172.31.36.0-255,66,90804,17,227116
28703,0.000895,172.217.194.0-255,4320,95124,17,227116
28704,0.000897,172.31.36.0-255,66,95190,17,227116
28705,0.000926,172.31.36.0-255,66,95256,17,227116
28706,0.00094,172.217.194.0-255,4320,99576,17,227116
28707,0.000942,172.31.36.0-255,66,99642,17,227116
28708,0.000947,172.217.194.0-255,2902,102544,17,227116
28709,0.000949,172.31.36.0-255,66,102610,17,227116
28710,0.000985,172.217.194.0-255,2184,104794,17,227116
28711,0.000988,172.217.194.0-255,2902,107696,17,227116
28712,0.000995,172.217.194.0-255,7156,114852,17,227116
28713,0.001039,172.31.36.0-255,66,114918,17,227116
28714,0.001047,172.31.36.0-255,66,114984,17,227116
28715,0.00105,172.31.36.0-255,66,115050,17,227116
28716,0.001053,172.31.36.0-255,66,115116,17,227116
28717,0.001066,172.31.36.0-255,66,115182,17,227116
28718,0.001078,172.31.36.0-255,66,115248,17,227116
28719,0.001095,172.31.36.0-255,66,115314,17,227116
28720,0.001112,172.31.36.0-255,66,115380,17,227116
28721,0.001117,172.217.194.0-255,3602,118982,17,227116
28722,0.001119,172.31.36.0-255,66,119048,17,227116
28723,0.001159,172.217.194.0-255,2902,121950,17,227116
28724,0.001162,172.31.36.0-255,66,122016,17,227116
28725,0.001179,172.217.194.0-255,7156,129172,17,227116
28726,0.001182,172.31.36.0-255,66,129238,17,227116
28727,0.001209,172.217.194.0-255,5738,134976,17,227116
28728,0.001212,172.31.36.0-255,66,135042,17,227116
28729,0.001215,172.217.194.0-255,1484,136526,17,227116
28730,0.001255,172.31.36.0-255,66,136592,17,227116
28731,0.001258,172.217.194.0-255,766,137358,17,227116
28732,0.001578,172.31.36.0-255,101,137459,17,227116
28733,0.001609,172.217.194.0-255,1484,138943,17,227116
28734,0.001615,172.217.194.0-255,2902,141845,17,227116
28735,0.001618,172.31.36.0-255,66,141911,17,227116
28736,0.001651,172.217.194.0-255,5738,147649,17,227116
28737,0.001654,172.31.36.0-255,66,147715,17,227116
28738,0.001674,172.217.194.0-255,1484,149199,17,227116
28739,0.001677,172.217.194.0-255,1484,150683,17,227116
28740,0.00168,172.31.36.0-255,66,150749,17,227116
28741,0.001696,172.217.194.0-255,1484,152233,17,227116
28742,0.001702,172.217.194.0-255,5738,157971,17,227116
28743,0.001708,172.217.194.0-255,5738,163709,17,227116
28744,0.001713,172.31.36.0-255,66,163775,17,227116
28745,0.00172,172.31.36.0-255,66,163841,17,227116
28746,0.00177,172.217.194.0-255,5738,169579,17,227116
28747,0.001774,172.31.36.0-255,66,169645,17,227116
28748,0.001791,172.217.194.0-255,2184,171829,17,227116
28749,0.001794,172.31.36.0-255,66,171895,17,227116
28750,0.001819,172.217.194.0-255,1484,173379,17,227116
28751,0.001825,172.217.194.0-255,2902,176281,17,227116
28752,0.001827,172.31.36.0-255,66,176347,17,227116
28753,0.001834,172.217.194.0-255,5738,182085,17,227116
28754,0.001836,172.31.36.0-255,66,182151,17,227116
28755,0.001874,172.31.36.0-255,66,182217,17,227116
28756,0.001885,172.31.36.0-255,66,182283,17,227116
28757,0.001946,172.31.36.0-255,66,182349,17,227116
28758,0.001965,172.217.194.0-255,2184,184533,17,227116
28759,0.001969,172.31.36.0-255,66,184599,17,227116
28760,0.001984,172.31.36.0-255,66,184665,17,227116
28761,0.002043,172.31.36.0-255,66,184731,17,227116
28762,0.00242,172.217.194.0-255,1484,186215,17,227116
28763,0.002425,172.217.194.0-255,1484,187699,17,227116
28764,0.002428,172.31.36.0-255,66,187765,17,227116
28765,0.002451,172.217.194.0-255,1484,189249,17,227116
28766,0.002457,172.217.194.0-255,5738,194987,17,227116
28767,0.00246,172.31.36.0-255,66,195053,17,227116
28768,0.002467,172.217.194.0-255,5738,200791,17,227116
28769,0.002469,172.31.36.0-255,66,200857,17,227116
28770,0.002486,172.217.194.0-255,7156,208013,17,227116
28771,0.002488,172.31.36.0-255,66,208079,17,227116
28772,0.002499,172.31.36.0-255,66,208145,17,227116
28773,0.002535,172.217.194.0-255,5738,213883,17,227116
28774,0.002546,172.31.36.0-255,66,213949,17,227116
28775,0.002552,172.217.194.0-255,3602,217551,17,227116
28776,0.002554,172.31.36.0-255,66,217617,17,227116
28777,0.002561,172.217.194.0-255,4788,222405,17,227116
28778,0.002563,172.31.36.0-255,66,222471,17,227116
28779,0.004121,172.217.194.0-255,66,222537,17,227116
28780,0.00506,172.217.194.0-255,136,222673,17,227116
28781,0.009441,172.31.36.0-255,105,222778,17,227116
28782,0.015786,172.217.194.0-255,66,222844,17,227116
28783,0.03295,172.31.36.0-255,172,223016,17,227116
28784,0.032987,172.31.36.0-255,1117,224133,17,227116
28785,0.033047,172.31.36.0-255,1514,225647,17,227116
28786,0.033049,172.31.36.0-255,1271,226918,17,227116
28787,0.034529,104.244.42.0-255,66,226984,17,227116
28788,0.03456,104.244.42.0-255,66,227050,17,227116
28789,0.034595,104.244.42.0-255,66,227116,17,227116
28790,0.0,172.217.194.0-255,148,148,17,245764
28791,2.3e-05,172.31.36.0-255,66,214,17,245764
28792,3.1e-05,172.217.194.0-255,1484,1698,17,245764
28793,3.5e-05,172.31.36.0-255,66,1764,17,245764
28794,4.1e-05,172.217.194.0-255,2902,4666,17,245764
28795,4.4e-05,172.31.36.0-255,66,4732,17,245764
28796,5.2e-05,172.217.194.0-255,7156,11888,17,245764
28797,5.5e-05,172.31.36.0-255,66,11954,17,245764
28798,5.9e-05,172.217.194.0-255,2085,14039,17,245764
28799,6.1e-05,172.31.36.0-255,66,14105,17,245764
28800,6.5e-05,172.217.194.0-255,1484,15589,17,245764
28801,6.7e-05,172.31.36.0-255,66,15655,17,245764
28802,9.3e-05,172.217.194.0-255,1484,17139,17,245764
28803,9.6e-05,172.31.36.0-255,66,17205,17,245764
28804,0.000103,172.217.194.0-255,7156,24361,17,245764
28805,0.000106,172.31.36.0-255,66,24427,17,245764
28806,0.000112,172.217.194.0-255,6797,31224,17,245764
28807,0.000114,172.31.36.0-255,66,31290,17,245764
28808,0.000153,172.217.194.0-255,2902,34192,17,245764
28809,0.000156,172.31.36.0-255,66,34258,17,245764
28810,0.000187,172.217.194.0-255,1125,35383,17,245764
28811,0.000191,172.31.36.0-255,66,35449,17,245764
28812,0.000193,172.31.36.0-255,66,35515,17,245764
28813,0.000217,172.217.194.0-255,1484,36999,17,245764
28814,0.000219,172.31.36.0-255,66,37065,17,245764
28815,0.000241,172.217.194.0-255,2902,39967,17,245764
28816,0.000244,172.31.36.0-255,66,40033,17,245764
28817,0.00025,172.217.194.0-255,5738,45771,17,245764
28818,0.000252,172.31.36.0-255,66,45837,17,245764
28819,0.000256,172.217.194.0-255,1484,47321,17,245764
28820,0.000258,172.31.36.0-255,66,47387,17,245764
28821,0.000287,172.217.194.0-255,5673,53060,17,245764
28822,0.00029,172.31.36.0-255,66,53126,17,245764
28823,0.000292,172.217.194.0-255,383,53509,17,245764
28824,0.000372,172.217.194.0-255,1484,54993,17,245764
28825,0.000376,172.31.36.0-255,66,55059,17,245764
28826,0.00038,172.217.194.0-255,1484,56543,17,245764
28827,0.000399,172.217.194.0-255,1484,58027,17,245764
28828,0.000401,172.31.36.0-255,66,58093,17,245764
28829,0.000407,172.217.194.0-255,5738,63831,17,245764
28830,0.000409,172.31.36.0-255,66,63897,17,245764
28831,0.000432,172.217.194.0-255,6248,70145,17,245764
28832,0.000435,172.31.36.0-255,66,70211,17,245764
28833,0.000662,172.217.194.0-255,1484,71695,17,245764
28834,0.000678,172.217.194.0-255,2902,74597,17,245764
28835,0.000682,172.31.36.0-255,66,74663,17,245764
28836,0.000688,172.217.194.0-255,4320,78983,17,245764
28837,0.000691,172.31.36.0-255,66,79049,17,245764
28838,0.000704,172.217.194.0-255,1484,80533,17,245764
28839,0.000731,172.217.194.0-255,2902,83435,17,245764
28840,0.000735,172.31.36.0-255,66,83501,17,245764
28841,0.000754,172.217.194.0-255,3961,87462,17,245764
28842,0.000756,172.31.36.0-255,66,87528,17,245764
28843,0.001009,172.217.194.0-255,1484,89012,17,245764
28844,0.001015,172.217.194.0-255,2902,91914,17,245764
28845,0.001018,172.31.36.0-255,66,91980,17,245764
28846,0.00104,172.217.194.0-255,5738,97718,17,245764
28847,0.001043,172.31.36.0-255,66,97784,17,245764
28848,0.00109,172.217.194.0-255,2902,100686,17,245764
28849,0.001092,172.31.36.0-255,66,100752,17,245764
28850,0.001112,172.217.194.0-255,2902,103654,17,245764
28851,0.001114,172.31.36.0-255,66,103720,17,245764
28852,0.001126,172.31.36.0-255,66,103786,17,245764
28853,0.001133,172.217.194.0-255,5020,108806,17,245764
28854,0.001134,172.31.36.0-255,66,108872,17,245764
28855,0.001624,172.217.194.0-255,1484,110356,17,245764
28856,0.001629,172.217.194.0-255,2902,113258,17,245764
28857,0.001636,172.31.36.0-255,66,113324,17,245764
28858,0.001654,172.217.194.0-255,4320,117644,17,245764
28859,0.001657,172.31.36.0-255,66,117710,17,245764
28860,0.001681,172.217.194.0-255,1484,119194,17,245764
28861,0.001693,172.31.36.0-255,66,119260,17,245764
28862,0.001716,172.217.194.0-255,7156,126416,17,245764
28863,0.001718,172.31.36.0-255,66,126482,17,245764
28864,0.001744,172.217.194.0-255,6438,132920,17,245764
28865,0.001746,172.31.36.0-255,66,132986,17,245764
28866,0.001884,172.217.194.0-255,1484,134470,17,245764
28867,0.001902,172.217.194.0-255,2902,137372,17,245764
28868,0.001905,172.31.36.0-255,66,137438,17,245764
28869,0.00191,172.217.194.0-255,4320,141758,17,245764
28870,0.001912,172.31.36.0-255,66,141824,17,245764
28871,0.001926,172.217.194.0-255,1484,143308,17,245764
28872,0.001931,172.217.194.0-255,4320,147628,17,245764
28873,0.001933,172.31.36.0-255,66,147694,17,245764
28874,0.001968,172.31.36.0-255,66,147760,17,245764
28875,0.002014,172.31.36.0-255,66,147826,17,245764
28876,0.002043,172.31.36.0-255,66,147892,17,245764
28877,0.002068,172.217.194.0-255,5020,152912,17,245764
28878,0.002071,172.31.36.0-255,66,152978,17,245764
28879,0.002081,172.31.36.0-255,66,153044,17,245764
28880,0.002112,172.217.194.0-255,7156,160200,17,245764
28881,0.002115,172.31.36.0-255,66,160266,17,245764
28882,0.00213,172.217.194.0-255,2184,162450,17,245764
28883,0.002132,172.31.36.0-255,66,162516,17,245764
28884,0.002144,172.217.194.0-255,1484,164000,17,245764
28885,0.002171,172.217.194.0-255,2902,166902,17,245764
28886,0.002174,172.31.36.0-255,66,166968,17,245764
28887,0.002181,172.217.194.0-255,5738,172706,17,245764
28888,0.002183,172.31.36.0-255,66,172772,17,245764
28889,0.002204,172.31.36.0-255,66,172838,17,245764
28890,0.002217,172.31.36.0-255,66,172904,17,245764
28891,0.002222,172.217.194.0-255,4320,177224,17,245764
28892,0.002225,172.31.36.0-255,66,177290,17,245764
28893,0.002231,172.217.194.0-255,5738,183028,17,245764
28894,0.002234,172.31.36.0-255,66,183094,17,245764
28895,0.002238,172.217.194.0-255,2902,185996,17,245764
28896,0.002242,172.31.36.0-255,66,186062,17,245764
28897,0.002272,172.31.36.0-255,66,186128,17,245764
28898,0.002285,172.31.36.0-255,66,186194,17,245764
28899,0.002342,172.217.194.0-255,1484,187678,17,245764
28900,0.002346,172.217.194.0-255,2902,190580,17,245764
28901,0.002349,172.31.36.0-255,66,190646,17,245764
28902,0.002355,172.217.194.0-255,5738,196384,17,245764
28903,0.002358,172.31.36.0-255,66,196450,17,245764
28904,0.002363,172.217.194.0-255,4320,200770,17,245764
28905,0.002365,172.31.36.0-255,66,200836,17,245764
28906,0.002385,172.217.194.0-255,1484,202320,17,245764
28907,0.002397,172.31.36.0-255,66,202386,17,245764
28908,0.002421,172.217.194.0-255,4320,206706,17,245764
28909,0.002423,172.31.36.0-255,66,206772,17,245764
28910,0.00243,172.217.194.0-255,5020,211792,17,245764
28911,0.002433,172.31.36.0-255,66,211858,17,245764
28912,0.002467,172.217.194.0-255,5738,217596,17,245764
28913,0.00247,172.31.36.0-255,66,217662,17,245764
28914,0.002478,172.217.194.0-255,7156,224818,17,245764
28915,0.00248,172.31.36.0-255,66,224884,17,245764
28916,0.002485,172.217.194.0-255,2902,227786,17,245764
28917,0.002487,172.31.36.0-255,66,227852,17,245764
28918,0.002524,172.31.36.0-255,66,227918,17,245764
28919,0.002528,172.217.194.0-255,2902,230820,17,245764
28920,0.002531,172.31.36.0-255,66,230886,17,245764
28921,0.002564,172.31.36.0-255,66,230952,17,245764
28922,0.002593,172.217.194.0-255,3602,234554,17,245764
28923,0.002596,172.31.36.0-255,66,234620,17,245764
28924,0.002609,172.31.36.0-255,66,234686,17,245764
28925,0.002642,172.31.36.0-255,66,234752,17,245764
28926,0.00265,172.217.194.0-255,6332,241084,17,245764
28927,0.002652,172.31.36.0-255,66,241150,17,245764
28928,0.005176,172.217.194.0-255,105,241255,17,245764
28929,0.008674,172.31.36.0-255,66,241321,17,245764
28930,0.008717,172.31.36.0-255,105,241426,17,245764
28931,0.011242,172.217.194.0-255,66,241492,17,245764
28932,0.031958,172.31.36.0-255,172,241664,17,245764
28933,0.031998,172.31.36.0-255,1115,242779,17,245764
28934,0.032064,172.31.36.0-255,1514,244293,17,245764
28935,0.032066,172.31.36.0-255,1273,245566,17,245764
28936,0.033478,104.244.42.0-255,66,245632,17,245764
28937,0.033587,104.244.42.0-255,66,245698,17,245764
28938,0.033632,104.244.42.0-255,66,245764,17,245764
28939,0.0,74.125.24.0-255,218,218,17,245137
28940,2.2e-05,172.31.36.0-255,66,284,17,245137
28941,2.8e-05,74.125.24.0-255,1484,1768,17,245137
28942,3.2e-05,172.31.36.0-255,66,1834,17,245137
28943,5.9e-05,74.125.24.0-255,4320,6154,17,245137
28944,6.2e-05,172.31.36.0-255,66,6220,17,245137
28945,7.6e-05,74.125.24.0-255,1484,7704,17,245137
28946,8.2e-05,172.31.36.0-255,66,7770,17,245137
28947,0.000106,74.125.24.0-255,6157,13927,17,245137
28948,0.000109,172.31.36.0-255,66,13993,17,245137
28949,0.00012,172.31.36.0-255,66,14059,17,245137
28950,0.000133,172.31.36.0-255,66,14125,17,245137
28951,0.000191,74.125.24.0-255,1484,15609,17,245137
28952,0.000194,172.31.36.0-255,66,15675,17,245137
28953,0.000201,74.125.24.0-255,2902,18577,17,245137
28954,0.000203,172.31.36.0-255,66,18643,17,245137
28955,0.000227,74.125.24.0-255,2902,21545,17,245137
28956,0.000231,172.31.36.0-255,66,21611,17,245137
28957,0.000256,74.125.24.0-255,2902,24513,17,245137
28958,0.000259,172.31.36.0-255,66,24579,17,245137
28959,0.00027,74.125.24.0-255,5738,30317,17,245137
28960,0.000272,172.31.36.0-255,66,30383,17,245137
28961,0.000279,74.125.24.0-255,6797,37180,17,245137
28962,0.000281,172.31.36.0-255,66,37246,17,245137
28963,0.000292,172.31.36.0-255,66,37312,17,245137
28964,0.000316,74.125.24.0-255,1484,38796,17,245137
28965,0.000318,172.31.36.0-255,66,38862,17,245137
28966,0.000327,74.125.24.0-255,1400,40262,17,245137
28967,0.000329,172.31.36.0-255,66,40328,17,245137
28968,0.001399,74.125.24.0-255,379,40707,17,245137
28969,0.00144,74.125.24.0-255,1484,42191,17,245137
28970,0.001447,172.31.36.0-255,66,42257,17,245137
28971,0.001481,74.125.24.0-255,2902,45159,17,245137
28972,0.001485,172.31.36.0-255,66,45225,17,245137
28973,0.001491,74.125.24.0-255,5738,50963,17,245137
28974,0.001493,172.31.36.0-255,66,51029,17,245137
28975,0.001511,172.31.36.0-255,66,51095,17,245137
28976,0.001572,172.31.36.0-255,66,51161,17,245137
28977,0.001598,74.125.24.0-255,3602,54763,17,245137
28978,0.001601,172.31.36.0-255,66,54829,17,245137
28979,0.001712,74.125.24.0-255,1484,56313,17,245137
28980,0.001727,74.125.24.0-255,2902,59215,17,245137
28981,0.00173,172.31.36.0-255,66,59281,17,245137
28982,0.001759,74.125.24.0-255,5738,65019,17,245137
28983,0.001761,172.31.36.0-255,66,65085,17,245137
28984,0.001772,172.31.36.0-255,66,65151,17,245137
28985,0.001796,74.125.24.0-255,4320,69471,17,245137
28986,0.001798,172.31.36.0-255,66,69537,17,245137
28987,0.001833,172.31.36.0-255,66,69603,17,245137
28988,0.002381,74.125.24.0-255,1484,71087,17,245137
28989,0.002396,74.125.24.0-255,2902,73989,17,245137
28990,0.002399,172.31.36.0-255,66,74055,17,245137
28991,0.002404,74.125.24.0-255,4320,78375,17,245137
28992,0.002406,172.31.36.0-255,66,78441,17,245137
28993,0.002435,74.125.24.0-255,1484,79925,17,245137
28994,0.002441,74.125.24.0-255,7156,87081,17,245137
28995,0.002443,172.31.36.0-255,66,87147,17,245137
28996,0.002475,74.125.24.0-255,2902,90049,17,245137
28997,0.002477,172.31.36.0-255,66,90115,17,245137
28998,0.002509,172.31.36.0-255,66,90181,17,245137
28999,0.002521,172.31.36.0-255,66,90247,17,245137
29000,0.002553,172.31.36.0-255,66,90313,17,245137
29001,0.002586,74.125.24.0-255,6438,96751,17,245137
29002,0.002588,172.31.36.0-255,66,96817,17,245137
29003,0.005194,74.125.24.0-255,5738,102555,17,245137
29004,0.005201,172.31.36.0-255,66,102621,17,245137
29005,0.007843,74.125.24.0-255,5738,108359,17,245137
29006,0.007848,172.31.36.0-255,66,108425,17,245137
29007,0.01046,74.125.24.0-255,5738,114163,17,245137
29008,0.010467,172.31.36.0-255,66,114229,17,245137
29009,0.01315,74.125.24.0-255,5738,119967,17,245137
29010,0.013159,172.31.36.0-255,66,120033,17,245137
29011,0.015778,74.125.24.0-255,5738,125771,17,245137
29012,0.015789,172.31.36.0-255,66,125837,17,245137
29013,0.018412,74.125.24.0-255,5738,131575,17,245137
29014,0.018424,172.31.36.0-255,66,131641,17,245137
29015,0.021047,74.125.24.0-255,5738,137379,17,245137
29016,0.021057,172.31.36.0-255,66,137445,17,245137
29017,0.023658,74.125.24.0-255,5738,143183,17,245137
29018,0.023666,172.31.36.0-255,66,143249,17,245137
29019,0.026291,74.125.24.0-255,5738,148987,17,245137
29020,0.026303,172.31.36.0-255,66,149053,17,245137
29021,0.028932,74.125.24.0-255,5738,154791,17,245137
29022,0.028939,172.31.36.0-255,66,154857,17,245137
29023,0.030344,172.31.36.0-255,172,155029,17,245137
29024,0.030375,172.31.36.0-255,1117,156146,17,245137
29025,0.030415,172.31.36.0-255,1514,157660,17,245137
29026,0.030417,172.31.36.0-255,1514,159174,17,245137
29027,0.030422,172.31.36.0-255,1514,160688,17,245137
29028,0.030423,172.31.36.0-255,1049,161737,17,245137
29029,0.031546,74.125.24.0-255,5738,167475,17,245137
29030,0.031553,172.31.36.0-255,66,167541,17,245137
29031,0.031917,104.244.42.0-255,66,167607,17,245137
29032,0.031926,104.244.42.0-255,66,167673,17,245137
29033,0.032,104.244.42.0-255,66,167739,17,245137
29034,0.032003,104.244.42.0-255,66,167805,17,245137
29035,0.034199,74.125.24.0-255,2902,170707,17,245137
29036,0.034202,172.31.36.0-255,66,170773,17,245137
29037,0.034237,74.125.24.0-255,2902,173675,17,245137
29038,0.03424,172.31.36.0-255,66,173741,17,245137
29039,0.036857,74.125.24.0-255,5738,179479,17,245137
29040,0.036863,172.31.36.0-255,66,179545,17,245137
29041,0.039512,74.125.24.0-255,5738,185283,17,245137
29042,0.039532,172.31.36.0-255,66,185349,17,245137
29043,0.042176,74.125.24.0-255,5738,191087,17,245137
29044,0.042181,172.31.36.0-255,66,191153,17,245137
29045,0.044789,74.125.24.0-255,4320,195473,17,245137
29046,0.044794,172.31.36.0-255,66,195539,17,245137
29047,0.044829,74.125.24.0-255,1484,197023,17,245137
29048,0.047438,74.125.24.0-255,4320,201343,17,245137
29049,0.047444,172.31.36.0-255,66,201409,17,245137
29050,0.050077,74.125.24.0-255,5738,207147,17,245137
29051,0.050082,172.31.36.0-255,66,207213,17,245137
29052,0.052697,74.125.24.0-255,5738,212951,17,245137
29053,0.052702,172.31.36.0-255,66,213017,17,245137
29054,0.055326,74.125.24.0-255,4320,217337,17,245137
29055,0.055332,172.31.36.0-255,66,217403,17,245137
29056,0.055365,74.125.24.0-255,1484,218887,17,245137
29057,0.057952,74.125.24.0-255,4320,223207,17,245137
29058,0.057958,172.31.36.0-255,66,223273,17,245137
29059,0.060611,74.125.24.0-255,4320,227593,17,245137
29060,0.060617,172.31.36.0-255,66,227659,17,245137
29061,0.060649,74.125.24.0-255,1484,229143,17,245137
29062,0.06324,74.125.24.0-255,4320,233463,17,245137
29063,0.063245,172.31.36.0-255,66,233529,17,245137
29064,0.065866,74.125.24.0-255,5738,239267,17,245137
29065,0.065871,172.31.36.0-255,66,239333,17,245137
29066,0.068519,74.125.24.0-255,5738,245071,17,245137
29067,0.068524,172.31.36.0-255,66,245137,17,245137
29068,0.0,172.217.194.0-255,156,156,17,301060
29069,1.5e-05,172.31.36.0-255,66,222,17,301060
29070,2.1e-05,172.217.194.0-255,1484,1706,17,301060
29071,2.6e-05,172.31.36.0-255,66,1772,17,301060
29072,3.1e-05,172.217.194.0-255,2902,4674,17,301060
29073,3.4e-05,172.31.36.0-255,66,4740,17,301060
29074,4.1e-05,172.217.194.0-255,4320,9060,17,301060
29075,4.5e-05,172.31.36.0-255,66,9126,17,301060
29076,7.5e-05,172.217.194.0-255,1484,10610,17,301060
29077,7.8e-05,172.31.36.0-255,66,10676,17,301060
29078,8.5e-05,172.217.194.0-255,3420,14096,17,301060
29079,8.8e-05,172.31.36.0-255,66,14162,17,301060
29080,0.00034,172.217.194.0-255,1484,15646,17,301060
29081,0.000346,172.31.36.0-255,66,15712,17,301060
29082,0.00037,172.217.194.0-255,2902,18614,17,301060
29083,0.000373,172.31.36.0-255,66,18680,17,301060
29084,0.00038,172.217.194.0-255,5738,24418,17,301060
29085,0.000383,172.31.36.0-255,66,24484,17,301060
29086,0.000402,172.217.194.0-255,2902,27386,17,301060
29087,0.000405,172.31.36.0-255,66,27452,17,301060
29088,0.000431,172.217.194.0-255,3961,31413,17,301060
29089,0.000434,172.31.36.0-255,66,31479,17,301060
29090,0.000441,172.217.194.0-255,7156,38635,17,301060
29091,0.000444,172.31.36.0-255,66,38701,17,301060
29092,0.000447,172.217.194.0-255,1484,40185,17,301060
29093,0.00045,172.31.36.0-255,66,40251,17,301060
29094,0.00048,172.217.194.0-255,7156,47407,17,301060
29095,0.000484,172.31.36.0-255,66,47473,17,301060
29096,0.000486,172.217.194.0-255,1125,48598,17,301060
29097,0.000488,172.31.36.0-255,66,48664,17,301060
29098,0.000696,172.217.194.0-255,1484,50148,17,301060
29099,0.000701,172.31.36.0-255,66,50214,17,301060
29100,0.000718,172.217.194.0-255,2902,53116,17,301060
29101,0.000721,172.31.36.0-255,66,53182,17,301060
29102,0.000737,172.217.194.0-255,1484,54666,17,301060
29103,0.00075,172.217.194.0-255,2902,57568,17,301060
29104,0.000753,172.31.36.0-255,66,57634,17,301060
29105,0.00077,172.217.194.0-255,4320,61954,17,301060
29106,0.000772,172.31.36.0-255,66,62020,17,301060
29107,0.000798,172.217.194.0-255,4320,66340,17,301060
29108,0.000801,172.31.36.0-255,66,66406,17,301060
29109,0.000804,172.217.194.0-255,288,66694,17,301060
29110,0.00087,172.217.194.0-255,1484,68178,17,301060
29111,0.000874,172.31.36.0-255,66,68244,17,301060
29112,0.000891,172.217.194.0-255,2902,71146,17,301060
29113,0.000893,172.31.36.0-255,66,71212,17,301060
29114,0.000906,172.217.194.0-255,1484,72696,17,301060
29115,0.000923,172.217.194.0-255,4320,77016,17,301060
29116,0.000925,172.31.36.0-255,66,77082,17,301060
29117,0.000932,172.217.194.0-255,4320,81402,17,301060
29118,0.000934,172.31.36.0-255,66,81468,17,301060
29119,0.000963,172.217.194.0-255,7156,88624,17,301060
29120,0.000967,172.31.36.0-255,66,88690,17,301060
29121,0.000987,172.217.194.0-255,4320,93010,17,301060
29122,0.00099,172.31.36.0-255,66,93076,17,301060
29123,0.000996,172.217.194.0-255,5738,98814,17,301060
29124,0.000999,172.31.36.0-255,66,98880,17,301060
29125,0.001023,172.217.194.0-255,2184,101064,17,301060
29126,0.001027,172.31.36.0-255,66,101130,17,301060
29127,0.001103,172.217.194.0-255,1484,102614,17,301060
29128,0.001124,172.217.194.0-255,2902,105516,17,301060
29129,0.001127,172.31.36.0-255,66,105582,17,301060
29130,0.001132,172.217.194.0-255,1484,107066,17,301060
29131,0.001149,172.217.194.0-255,4320,111386,17,301060
29132,0.001151,172.31.36.0-255,66,111452,17,301060
29133,0.001169,172.217.194.0-255,2902,114354,17,301060
29134,0.001171,172.31.36.0-255,66,114420,17,301060
29135,0.001187,172.217.194.0-255,1484,115904,17,301060
29136,0.001222,172.31.36.0-255,66,115970,17,301060
29137,0.001274,172.217.194.0-255,5738,121708,17,301060
29138,0.001277,172.31.36.0-255,66,121774,17,301060
29139,0.001283,172.217.194.0-255,4657,126431,17,301060
29140,0.001286,172.31.36.0-255,66,126497,17,301060
29141,0.001312,172.217.194.0-255,1484,127981,17,301060
29142,0.001333,172.217.194.0-255,4320,132301,17,301060
29143,0.001336,172.31.36.0-255,66,132367,17,301060
29144,0.001342,172.217.194.0-255,4320,136687,17,301060
29145,0.001344,172.31.36.0-255,66,136753,17,301060
29146,0.001365,172.217.194.0-255,1484,138237,17,301060
29147,0.001395,172.31.36.0-255,66,138303,17,301060
29148,0.001417,172.217.194.0-255,1484,139787,17,301060
29149,0.001431,172.31.36.0-255,66,139853,17,301060
29150,0.001891,172.217.194.0-255,1484,141337,17,301060
29151,0.001907,172.217.194.0-255,1484,142821,17,301060
29152,0.001911,172.31.36.0-255,66,142887,17,301060
29153,0.001926,172.217.194.0-255,1484,144371,17,301060
29154,0.001949,172.217.194.0-255,4320,148691,17,301060
29155,0.001952,172.31.36.0-255,66,148757,17,301060
29156,0.001964,172.217.194.0-255,1484,150241,17,301060
29157,0.001969,172.217.194.0-255,2902,153143,17,301060
29158,0.001971,172.31.36.0-255,66,153209,17,301060
29159,0.002,172.217.194.0-255,7156,160365,17,301060
29160,0.002004,172.31.36.0-255,66,160431,17,301060
29161,0.002015,172.217.194.0-255,2902,163333,17,301060
29162,0.002017,172.31.36.0-255,66,163399,17,301060
29163,0.002048,172.31.36.0-255,66,163465,17,301060
29164,0.002066,172.217.194.0-255,1484,164949,17,301060
29165,0.002089,172.217.194.0-255,2902,167851,17,301060
29166,0.002092,172.31.36.0-255,66,167917,17,301060
29167,0.002099,172.217.194.0-255,5738,173655,17,301060
29168,0.002101,172.31.36.0-255,66,173721,17,301060
29169,0.002106,172.217.194.0-255,2902,176623,17,301060
29170,0.002108,172.31.36.0-255,66,176689,17,301060
29171,0.002136,172.31.36.0-255,66,176755,17,301060
29172,0.002167,172.217.194.0-255,1484,178239,17,301060
29173,0.002189,172.217.194.0-255,5738,183977,17,301060
29174,0.002192,172.31.36.0-255,66,184043,17,301060
29175,0.002212,172.217.194.0-255,3602,187645,17,301060
29176,0.002215,172.31.36.0-255,66,187711,17,301060
29177,0.002364,172.217.194.0-255,1484,189195,17,301060
29178,0.002371,172.217.194.0-255,2902,192097,17,301060
29179,0.002374,172.31.36.0-255,66,192163,17,301060
29180,0.002379,172.217.194.0-255,2902,195065,17,301060
29181,0.002382,172.31.36.0-255,66,195131,17,301060
29182,0.002388,172.217.194.0-255,5738,200869,17,301060
29183,0.002391,172.31.36.0-255,66,200935,17,301060
29184,0.00241,172.217.194.0-255,1484,202419,17,301060
29185,0.002413,172.217.194.0-255,1484,203903,17,301060
29186,0.002415,172.31.36.0-255,66,203969,17,301060
29187,0.002457,172.31.36.0-255,66,204035,17,301060
29188,0.002481,172.217.194.0-255,5020,209055,17,301060
29189,0.002484,172.31.36.0-255,66,209121,17,301060
29190,0.002586,172.217.194.0-255,1484,210605,17,301060
29191,0.002592,172.217.194.0-255,2902,213507,17,301060
29192,0.002594,172.31.36.0-255,66,213573,17,301060
29193,0.002613,172.217.194.0-255,1484,215057,17,301060
29194,0.002633,172.217.194.0-255,2902,217959,17,301060
29195,0.002636,172.31.36.0-255,66,218025,17,301060
29196,0.002647,172.31.36.0-255,66,218091,17,301060
29197,0.00269,172.217.194.0-255,7156,225247,17,301060
29198,0.002693,172.31.36.0-255,66,225313,17,301060
29199,0.002714,172.217.194.0-255,4320,229633,17,301060
29200,0.002717,172.31.36.0-255,66,229699,17,301060
29201,0.002723,172.217.194.0-255,5020,234719,17,301060
29202,0.002725,172.31.36.0-255,66,234785,17,301060
29203,0.002728,172.217.194.0-255,1484,236269,17,301060
29204,0.002783,172.31.36.0-255,66,236335,17,301060
29205,0.00281,172.217.194.0-255,1484,237819,17,301060
29206,0.002878,172.217.194.0-255,4320,242139,17,301060
29207,0.002893,172.217.194.0-255,2902,245041,17,301060
29208,0.002916,172.217.194.0-255,4320,249361,17,301060
29209,0.002941,172.217.194.0-255,766,250127,17,301060
29210,0.002978,172.217.194.0-255,2902,253029,17,301060
29211,0.003006,172.217.194.0-255,4320,257349,17,301060
29212,0.003013,172.217.194.0-255,5738,263087,17,301060
29213,0.003016,172.217.194.0-255,1484,264571,17,301060
29214,0.003021,172.217.194.0-255,4320,268891,17,301060
29215,0.003037,172.217.194.0-255,1484,270375,17,301060
29216,0.003041,172.217.194.0-255,1484,271859,17,301060
29217,0.003061,172.217.194.0-255,7156,279015,17,301060
29218,0.003083,172.217.194.0-255,4320,283335,17,301060
29219,0.003086,172.217.194.0-255,766,284101,17,301060
29220,0.003088,172.217.194.0-255,1484,285585,17,301060
29221,0.003095,172.217.194.0-255,5738,291323,17,301060
29222,0.003099,172.217.194.0-255,1980,293303,17,301060
29223,0.003101,172.217.194.0-255,97,293400,17,301060
29224,0.003154,172.217.194.0-255,105,293505,17,301060
29225,0.008264,172.31.36.0-255,66,293571,17,301060
29226,0.010339,172.31.36.0-255,105,293676,17,301060
29227,0.01293,172.217.194.0-255,66,293742,17,301060
29228,0.032135,172.31.36.0-255,172,293914,17,301060
29229,0.032171,172.31.36.0-255,1116,295030,17,301060
29230,0.032235,172.31.36.0-255,1514,296544,17,301060
29231,0.032237,172.31.36.0-255,1514,298058,17,301060
29232,0.032238,172.31.36.0-255,1514,299572,17,301060
29233,0.032239,172.31.36.0-255,1050,300622,17,301060
29234,0.033643,104.244.42.0-255,66,300688,17,301060
29235,0.033711,104.244.42.0-255,66,300754,17,301060
29236,0.033813,104.244.42.0-255,66,300820,17,301060
29237,0.033831,104.244.42.0-255,66,300886,17,301060
29238,0.034446,104.244.42.0-255,108,300994,17,301060
29239,0.034453,172.31.36.0-255,66,301060,17,301060
29240,0.0,172.217.194.0-255,153,153,17,224445
29241,2.8e-05,172.31.36.0-255,66,219,17,224445
29242,3.4e-05,172.217.194.0-255,1484,1703,17,224445
29243,3.8e-05,172.31.36.0-255,66,1769,17,224445
29244,4.2e-05,172.217.194.0-255,2902,4671,17,224445
29245,4.6e-05,172.31.36.0-255,66,4737,17,224445
29246,6.3e-05,172.217.194.0-255,7156,11893,17,224445
29247,6.6e-05,172.31.36.0-255,66,11959,17,224445
29248,7e-05,172.217.194.0-255,2011,13970,17,224445
29249,7.3e-05,172.31.36.0-255,66,14036,17,224445
29250,0.00028,172.217.194.0-255,1484,15520,17,224445
29251,0.000285,172.31.36.0-255,66,15586,17,224445
29252,0.000316,172.217.194.0-255,2902,18488,17,224445
29253,0.000321,172.31.36.0-255,66,18554,17,224445
29254,0.000327,172.217.194.0-255,5738,24292,17,224445
29255,0.00033,172.31.36.0-255,66,24358,17,224445
29256,0.00037,172.31.36.0-255,66,24424,17,224445
29257,0.00038,172.31.36.0-255,66,24490,17,224445
29258,0.000424,172.31.36.0-255,66,24556,17,224445
29259,0.000436,172.31.36.0-255,66,24622,17,224445
29260,0.000652,172.217.194.0-255,646,25268,17,224445
29261,0.000656,172.31.36.0-255,66,25334,17,224445
29262,0.000869,172.217.194.0-255,1484,26818,17,224445
29263,0.000872,172.31.36.0-255,66,26884,17,224445
29264,0.0009,172.217.194.0-255,2902,29786,17,224445
29265,0.000903,172.31.36.0-255,66,29852,17,224445
29266,0.000908,172.217.194.0-255,4320,34172,17,224445
29267,0.00091,172.31.36.0-255,66,34238,17,224445
29268,0.000925,172.217.194.0-255,2902,37140,17,224445
29269,0.000928,172.31.36.0-255,66,37206,17,224445
29270,0.000949,172.217.194.0-255,5738,42944,17,224445
29271,0.000953,172.31.36.0-255,66,43010,17,224445
29272,0.000984,172.217.194.0-255,2902,45912,17,224445
29273,0.000987,172.31.36.0-255,66,45978,17,224445
29274,0.000993,172.217.194.0-255,4320,50298,17,224445
29275,0.000995,172.31.36.0-255,66,50364,17,224445
29276,0.001002,172.217.194.0-255,7156,57520,17,224445
29277,0.001004,172.31.36.0-255,66,57586,17,224445
29278,0.001032,172.217.194.0-255,1484,59070,17,224445
29279,0.001036,172.217.194.0-255,766,59836,17,224445
29280,0.001041,172.31.36.0-255,66,59902,17,224445
29281,0.001087,172.217.194.0-255,1484,61386,17,224445
29282,0.001113,172.217.194.0-255,2902,64288,17,224445
29283,0.001116,172.217.194.0-255,1484,65772,17,224445
29284,0.001117,172.31.36.0-255,66,65838,17,224445
29285,0.00114,172.217.194.0-255,4320,70158,17,224445
29286,0.001143,172.31.36.0-255,66,70224,17,224445
29287,0.001151,172.217.194.0-255,7156,77380,17,224445
29288,0.001154,172.31.36.0-255,66,77446,17,224445
29289,0.001188,172.217.194.0-255,2902,80348,17,224445
29290,0.001191,172.31.36.0-255,66,80414,17,224445
29291,0.001199,172.31.36.0-255,66,80480,17,224445
29292,0.001253,172.217.194.0-255,2184,82664,17,224445
29293,0.001257,172.31.36.0-255,66,82730,17,224445
29294,0.001285,172.217.194.0-255,1484,84214,17,224445
29295,0.001303,172.217.194.0-255,2902,87116,17,224445
29296,0.001305,172.31.36.0-255,66,87182,17,224445
29297,0.001311,172.217.194.0-255,2902,90084,17,224445
29298,0.001313,172.31.36.0-255,66,90150,17,224445
29299,0.001336,172.217.194.0-255,2902,93052,17,224445
29300,0.001338,172.31.36.0-255,66,93118,17,224445
29301,0.001345,172.217.194.0-255,7156,100274,17,224445
29302,0.001348,172.31.36.0-255,66,100340,17,224445
29303,0.001351,172.217.194.0-255,1484,101824,17,224445
29304,0.001393,172.31.36.0-255,66,101890,17,224445
29305,0.001397,172.217.194.0-255,2184,104074,17,224445
29306,0.001399,172.31.36.0-255,66,104140,17,224445
29307,0.001618,172.217.194.0-255,1484,105624,17,224445
29308,0.001624,172.217.194.0-255,2902,108526,17,224445
29309,0.001627,172.31.36.0-255,66,108592,17,224445
29310,0.001656,172.217.194.0-255,5738,114330,17,224445
29311,0.001659,172.31.36.0-255,66,114396,17,224445
29312,0.001683,172.31.36.0-255,66,114462,17,224445
29313,0.00171,172.217.194.0-255,4320,118782,17,224445
29314,0.001713,172.31.36.0-255,66,118848,17,224445
29315,0.00173,172.31.36.0-255,66,118914,17,224445
29316,0.001733,172.217.194.0-255,766,119680,17,224445
29317,0.001829,172.217.194.0-255,1484,121164,17,224445
29318,0.001833,172.31.36.0-255,66,121230,17,224445
29319,0.001838,172.217.194.0-255,2902,124132,17,224445
29320,0.00184,172.31.36.0-255,66,124198,17,224445
29321,0.001861,172.217.194.0-255,5738,129936,17,224445
29322,0.001865,172.31.36.0-255,66,130002,17,224445
29323,0.001869,172.217.194.0-255,2902,132904,17,224445
29324,0.001871,172.31.36.0-255,66,132970,17,224445
29325,0.001917,172.31.36.0-255,66,133036,17,224445
29326,0.001928,172.31.36.0-255,66,133102,17,224445
29327,0.001932,172.217.194.0-255,2184,135286,17,224445
29328,0.001935,172.31.36.0-255,66,135352,17,224445
29329,0.002014,172.217.194.0-255,1484,136836,17,224445
29330,0.002019,172.217.194.0-255,2902,139738,17,224445
29331,0.002021,172.31.36.0-255,66,139804,17,224445
29332,0.00206,172.217.194.0-255,5738,145542,17,224445
29333,0.002064,172.31.36.0-255,66,145608,17,224445
29334,0.002076,172.217.194.0-255,7156,152764,17,224445
29335,0.002085,172.31.36.0-255,66,152830,17,224445
29336,0.002099,172.31.36.0-255,66,152896,17,224445
29337,0.002103,172.217.194.0-255,2184,155080,17,224445
29338,0.002105,172.31.36.0-255,66,155146,17,224445
29339,0.002145,172.217.194.0-255,2902,158048,17,224445
29340,0.002149,172.31.36.0-255,66,158114,17,224445
29341,0.002177,172.217.194.0-255,4320,162434,17,224445
29342,0.00218,172.31.36.0-255,66,162500,17,224445
29343,0.002191,172.31.36.0-255,66,162566,17,224445
29344,0.002223,172.31.36.0-255,66,162632,17,224445
29345,0.002245,172.217.194.0-255,5738,168370,17,224445
29346,0.002248,172.31.36.0-255,66,168436,17,224445
29347,0.002259,172.31.36.0-255,66,168502,17,224445
29348,0.002298,172.217.194.0-255,6438,174940,17,224445
29349,0.002302,172.31.36.0-255,66,175006,17,224445
29350,0.002313,172.31.36.0-255,66,175072,17,224445
29351,0.002326,172.31.36.0-255,66,175138,17,224445
29352,0.002408,172.31.36.0-255,66,175204,17,224445
29353,0.002414,172.217.194.0-255,5738,180942,17,224445
29354,0.002417,172.31.36.0-255,66,181008,17,224445
29355,0.00242,172.217.194.0-255,1484,182492,17,224445
29356,0.002445,172.217.194.0-255,5738,188230,17,224445
29357,0.002448,172.31.36.0-255,66,188296,17,224445
29358,0.002491,172.31.36.0-255,66,188362,17,224445
29359,0.00261,172.217.194.0-255,1484,189846,17,224445
29360,0.002614,172.217.194.0-255,1484,191330,17,224445
29361,0.002616,172.31.36.0-255,66,191396,17,224445
29362,0.002643,172.217.194.0-255,1484,192880,17,224445
29363,0.002649,172.217.194.0-255,5738,198618,17,224445
29364,0.002652,172.31.36.0-255,66,198684,17,224445
29365,0.002657,172.217.194.0-255,2902,201586,17,224445
29366,0.002659,172.31.36.0-255,66,201652,17,224445
29367,0.002693,172.217.194.0-255,7156,208808,17,224445
29368,0.002697,172.31.36.0-255,66,208874,17,224445
29369,0.0027,172.217.194.0-255,1484,210358,17,224445
29370,0.002738,172.31.36.0-255,66,210424,17,224445
29371,0.002766,172.217.194.0-255,4320,214744,17,224445
29372,0.002769,172.31.36.0-255,66,214810,17,224445
29373,0.002797,172.217.194.0-255,4956,219766,17,224445
29374,0.0028,172.31.36.0-255,66,219832,17,224445
29375,0.002804,172.217.194.0-255,105,219937,17,224445
29376,0.003803,172.31.36.0-255,66,220003,17,224445
29377,0.003833,172.31.36.0-255,105,220108,17,224445
29378,0.006391,172.217.194.0-255,66,220174,17,224445
29379,0.031987,172.31.36.0-255,171,220345,17,224445
29380,0.032023,172.31.36.0-255,1140,221485,17,224445
29381,0.032063,172.31.36.0-255,1514,222999,17,224445
29382,0.032065,172.31.36.0-255,1248,224247,17,224445
29383,0.033523,104.244.42.0-255,66,224313,17,224445
29384,0.033533,104.244.42.0-255,66,224379,17,224445
29385,0.033635,104.244.42.0-255,66,224445,17,224445
29386,0.0,172.31.36.0-255,105,105,17,459
29387,0.000252,172.31.36.0-255,90,195,17,459
29388,0.000264,172.31.36.0-255,66,261,17,459
29389,0.002564,74.125.200.0-255,66,327,17,459
29390,0.002586,74.125.200.0-255,66,393,17,459
29391,0.002602,172.31.36.0-255,66,459,17,459
29392,0.0,74.125.24.0-255,154,154,17,200718
29393,2.4e-05,172.31.36.0-255,66,220,17,200718
29394,3e-05,74.125.24.0-255,1484,1704,17,200718
29395,3.4e-05,172.31.36.0-255,66,1770,17,200718
29396,3.9e-05,74.125.24.0-255,2902,4672,17,200718
29397,4.3e-05,172.31.36.0-255,66,4738,17,200718
29398,4.8e-05,74.125.24.0-255,4320,9058,17,200718
29399,5.1e-05,172.31.36.0-255,66,9124,17,200718
29400,8.5e-05,172.31.36.0-255,66,9190,17,200718
29401,0.000111,172.31.36.0-255,66,9256,17,200718
29402,0.000129,74.125.24.0-255,1484,10740,17,200718
29403,0.000131,172.31.36.0-255,66,10806,17,200718
29404,0.000136,74.125.24.0-255,2543,13349,17,200718
29405,0.000138,172.31.36.0-255,66,13415,17,200718
29406,0.000184,74.125.24.0-255,2902,16317,17,200718
29407,0.000187,172.31.36.0-255,66,16383,17,200718
29408,0.000208,74.125.24.0-255,4320,20703,17,200718
29409,0.000211,172.31.36.0-255,66,20769,17,200718
29410,0.000221,172.31.36.0-255,66,20835,17,200718
29411,0.00025,74.125.24.0-255,4320,25155,17,200718
29412,0.000253,172.31.36.0-255,66,25221,17,200718
29413,0.000288,172.31.36.0-255,66,25287,17,200718
29414,0.000291,74.125.24.0-255,362,25649,17,200718
29415,0.000293,172.31.36.0-255,66,25715,17,200718
29416,0.000315,74.125.24.0-255,131,25846,17,200718
29417,0.000318,172.31.36.0-255,66,25912,17,200718
29418,0.000466,74.125.24.0-255,1484,27396,17,200718
29419,0.00047,172.31.36.0-255,66,27462,17,200718
29420,0.000476,74.125.24.0-255,2902,30364,17,200718
29421,0.000486,172.31.36.0-255,66,30430,17,200718
29422,0.000494,74.125.24.0-255,5738,36168,17,200718
29423,0.000506,172.31.36.0-255,66,36234,17,200718
29424,0.000554,74.125.24.0-255,346,36580,17,200718
29425,0.000557,172.31.36.0-255,66,36646,17,200718
29426,0.000932,74.125.24.0-255,1484,38130,17,200718
29427,0.000937,172.31.36.0-255,66,38196,17,200718
29428,0.000943,74.125.24.0-255,2902,41098,17,200718
29429,0.000961,172.31.36.0-255,66,41164,17,200718
29430,0.000961,74.125.24.0-255,1484,42648,17,200718
29431,0.00098,74.125.24.0-255,4320,46968,17,200718
29432,0.000988,74.125.24.0-255,5738,52706,17,200718
29433,0.000993,172.31.36.0-255,66,52772,17,200718
29434,0.001028,172.31.36.0-255,66,52838,17,200718
29435,0.001035,74.125.24.0-255,5020,57858,17,200718
29436,0.001044,172.31.36.0-255,66,57924,17,200718
29437,0.001667,74.125.24.0-255,1484,59408,17,200718
29438,0.001695,74.125.24.0-255,2902,62310,17,200718
29439,0.0017,172.31.36.0-255,66,62376,17,200718
29440,0.001708,74.125.24.0-255,5738,68114,17,200718
29441,0.001746,74.125.24.0-255,2902,71016,17,200718
29442,0.001805,74.125.24.0-255,2902,73918,17,200718
29443,0.001849,74.125.24.0-255,2184,76102,17,200718
29444,0.001889,74.125.24.0-255,1484,77586,17,200718
29445,0.001941,74.125.24.0-255,5738,83324,17,200718
29446,0.001956,172.31.36.0-255,66,83390,17,200718
29447,0.001964,74.125.24.0-255,7156,90546,17,200718
29448,0.001969,74.125.24.0-255,4320,94866,17,200718
29449,0.001976,172.31.36.0-255,66,94932,17,200718
29450,0.00205,74.125.24.0-255,7156,102088,17,200718
29451,0.002068,74.125.24.0-255,1484,103572,17,200718
29452,0.002084,172.31.36.0-255,66,103638,17,200718
29453,0.002109,74.125.24.0-255,4320,107958,17,200718
29454,0.002172,172.31.36.0-255,66,108024,17,200718
29455,0.002189,74.125.24.0-255,766,108790,17,200718
29456,0.002232,172.31.36.0-255,66,108856,17,200718
29457,0.004303,74.125.24.0-255,5738,114594,17,200718
29458,0.004309,172.31.36.0-255,66,114660,17,200718
29459,0.006403,74.125.24.0-255,5738,120398,17,200718
29460,0.00641,172.31.36.0-255,66,120464,17,200718
29461,0.008496,74.125.24.0-255,5738,126202,17,200718
29462,0.008503,172.31.36.0-255,66,126268,17,200718
29463,0.010567,74.125.24.0-255,5738,132006,17,200718
29464,0.010574,172.31.36.0-255,66,132072,17,200718
29465,0.012632,74.125.24.0-255,5738,137810,17,200718
29466,0.012639,172.31.36.0-255,66,137876,17,200718
29467,0.014716,74.125.24.0-255,5738,143614,17,200718
29468,0.014731,172.31.36.0-255,66,143680,17,200718
29469,0.016813,74.125.24.0-255,5738,149418,17,200718
29470,0.016823,172.31.36.0-255,66,149484,17,200718
29471,0.018906,74.125.24.0-255,5738,155222,17,200718
29472,0.018913,172.31.36.0-255,66,155288,17,200718
29473,0.020969,74.125.24.0-255,5738,161026,17,200718
29474,0.020974,172.31.36.0-255,66,161092,17,200718
29475,0.023045,74.125.24.0-255,5738,166830,17,200718
29476,0.023052,172.31.36.0-255,66,166896,17,200718
29477,0.025119,74.125.24.0-255,5738,172634,17,200718
29478,0.025126,172.31.36.0-255,66,172700,17,200718
29479,0.027178,74.125.24.0-255,5738,178438,17,200718
29480,0.027185,172.31.36.0-255,66,178504,17,200718
29481,0.029249,74.125.24.0-255,5738,184242,17,200718
29482,0.029257,172.31.36.0-255,66,184308,17,200718
29483,0.031334,74.125.24.0-255,5738,190046,17,200718
29484,0.031341,172.31.36.0-255,66,190112,17,200718
29485,0.033398,74.125.24.0-255,5738,195850,17,200718
29486,0.033405,172.31.36.0-255,66,195916,17,200718
29487,0.035294,172.31.36.0-255,172,196088,17,200718
29488,0.035346,172.31.36.0-255,1117,197205,17,200718
29489,0.035423,172.31.36.0-255,1514,198719,17,200718
29490,0.035425,172.31.36.0-255,1271,199990,17,200718
29491,0.035438,74.125.24.0-255,119,200109,17,200718
29492,0.035694,172.31.36.0-255,66,200175,17,200718
29493,0.035741,172.31.36.0-255,105,200280,17,200718
29494,0.036821,104.244.42.0-255,66,200346,17,200718
29495,0.036925,104.244.42.0-255,66,200412,17,200718
29496,0.037018,104.244.42.0-255,66,200478,17,200718
29497,0.03764,104.244.42.0-255,108,200586,17,200718
29498,0.037651,172.31.36.0-255,66,200652,17,200718
29499,0.03775,74.125.24.0-255,66,200718,17,200718
29500,0.0,74.125.24.0-255,146,146,17,288724
29501,2.3e-05,172.31.36.0-255,66,212,17,288724
29502,3e-05,74.125.24.0-255,1484,1696,17,288724
29503,3.4e-05,172.31.36.0-255,66,1762,17,288724
29504,4e-05,74.125.24.0-255,2902,4664,17,288724
29505,4.2e-05,172.31.36.0-255,66,4730,17,288724
29506,5e-05,74.125.24.0-255,7156,11886,17,288724
29507,5.2e-05,172.31.36.0-255,66,11952,17,288724
29508,6.8e-05,74.125.24.0-255,1484,13436,17,288724
29509,7.3e-05,172.31.36.0-255,66,13502,17,288724
29510,8.3e-05,74.125.24.0-255,6302,19804,17,288724
29511,8.6e-05,172.31.36.0-255,66,19870,17,288724
29512,9.3e-05,74.125.24.0-255,4320,24190,17,288724
29513,9.6e-05,172.31.36.0-255,66,24256,17,288724
29514,0.000121,74.125.24.0-255,4320,28576,17,288724
29515,0.000124,172.31.36.0-255,66,28642,17,288724
29516,0.000127,74.125.24.0-255,2543,31185,17,288724
29517,0.000129,172.31.36.0-255,66,31251,17,288724
29518,0.000349,74.125.24.0-255,1484,32735,17,288724
29519,0.000354,172.31.36.0-255,66,32801,17,288724
29520,0.000359,74.125.24.0-255,2902,35703,17,288724
29521,0.000362,172.31.36.0-255,66,35769,17,288724
29522,0.000376,74.125.24.0-255,2902,38671,17,288724
29523,0.000379,172.31.36.0-255,66,38737,17,288724
29524,0.000394,74.125.24.0-255,4320,43057,17,288724
29525,0.000398,172.31.36.0-255,66,43123,17,288724
29526,0.000422,74.125.24.0-255,2902,46025,17,288724
29527,0.000426,172.31.36.0-255,66,46091,17,288724
29528,0.00043,74.125.24.0-255,2902,48993,17,288724
29529,0.000432,172.31.36.0-255,66,49059,17,288724
29530,0.000455,172.31.36.0-255,66,49125,17,288724
29531,0.000472,74.125.24.0-255,1484,50609,17,288724
29532,0.000492,74.125.24.0-255,3602,54211,17,288724
29533,0.000495,172.31.36.0-255,66,54277,17,288724
29534,0.000515,74.125.24.0-255,645,54922,17,288724
29535,0.000546,74.125.24.0-255,1484,56406,17,288724
29536,0.000554,172.31.36.0-255,66,56472,17,288724
29537,0.000572,74.125.24.0-255,4320,60792,17,288724
29538,0.000589,172.31.36.0-255,66,60858,17,288724
29539,0.000592,74.125.24.0-255,2902,63760,17,288724
29540,0.000604,172.31.36.0-255,66,63826,17,288724
29541,0.000609,74.125.24.0-255,4320,68146,17,288724
29542,0.000618,172.31.36.0-255,66,68212,17,288724
29543,0.000645,172.31.36.0-255,66,68278,17,288724
29544,0.000651,74.125.24.0-255,2902,71180,17,288724
29545,0.000657,74.125.24.0-255,5738,76918,17,288724
29546,0.000659,172.31.36.0-255,66,76984,17,288724
29547,0.000664,172.31.36.0-255,66,77050,17,288724
29548,0.000685,74.125.24.0-255,2184,79234,17,288724
29549,0.000689,172.31.36.0-255,66,79300,17,288724
29550,0.000817,74.125.24.0-255,1484,80784,17,288724
29551,0.000822,74.125.24.0-255,1484,82268,17,288724
29552,0.000825,172.31.36.0-255,66,82334,17,288724
29553,0.000843,74.125.24.0-255,1484,83818,17,288724
29554,0.00085,74.125.24.0-255,5738,89556,17,288724
29555,0.000865,172.31.36.0-255,66,89622,17,288724
29556,0.000869,74.125.24.0-255,7156,96778,17,288724
29557,0.000883,74.125.24.0-255,5738,102516,17,288724
29558,0.000888,172.31.36.0-255,66,102582,17,288724
29559,0.000905,74.125.24.0-255,4320,106902,17,288724
29560,0.000907,172.31.36.0-255,66,106968,17,288724
29561,0.000935,74.125.24.0-255,6438,113406,17,288724
29562,0.000943,172.31.36.0-255,66,113472,17,288724
29563,0.000991,74.125.24.0-255,1484,114956,17,288724
29564,0.001042,74.125.24.0-255,2902,117858,17,288724
29565,0.001048,172.31.36.0-255,66,117924,17,288724
29566,0.00105,74.125.24.0-255,5738,123662,17,288724
29567,0.001059,172.31.36.0-255,66,123728,17,288724
29568,0.001065,74.125.24.0-255,4320,128048,17,288724
29569,0.001072,172.31.36.0-255,66,128114,17,288724
29570,0.001091,74.125.24.0-255,4320,132434,17,288724
29571,0.001095,74.125.24.0-255,2184,134618,17,288724
29572,0.001097,172.31.36.0-255,66,134684,17,288724
29573,0.001102,172.31.36.0-255,66,134750,17,288724
29574,0.001137,74.125.24.0-255,2902,137652,17,288724
29575,0.001143,172.31.36.0-255,66,137718,17,288724
29576,0.001162,74.125.24.0-255,7156,144874,17,288724
29577,0.001179,172.31.36.0-255,66,144940,17,288724
29578,0.001187,74.125.24.0-255,2902,147842,17,288724
29579,0.001193,172.31.36.0-255,66,147908,17,288724
29580,0.001208,74.125.24.0-255,2902,150810,17,288724
29581,0.001208,172.31.36.0-255,66,150876,17,288724
29582,0.001213,172.31.36.0-255,66,150942,17,288724
29583,0.001224,74.125.24.0-255,5738,156680,17,288724
29584,0.00123,172.31.36.0-255,66,156746,17,288724
29585,0.001242,74.125.24.0-255,3602,160348,17,288724
29586,0.001245,74.125.24.0-255,1484,161832,17,288724
29587,0.001256,172.31.36.0-255,66,161898,17,288724
29588,0.001261,74.125.24.0-255,7156,169054,17,288724
29589,0.001272,172.31.36.0-255,66,169120,17,288724
29590,0.001275,74.125.24.0-255,4320,173440,17,288724
29591,0.001286,172.31.36.0-255,66,173506,17,288724
29592,0.001301,74.125.24.0-255,5738,179244,17,288724
29593,0.00131,172.31.36.0-255,66,179310,17,288724
29594,0.00133,172.31.36.0-255,66,179376,17,288724
29595,0.001338,74.125.24.0-255,2902,182278,17,288724
29596,0.001341,74.125.24.0-255,2184,184462,17,288724
29597,0.001343,172.31.36.0-255,66,184528,17,288724
29598,0.001348,172.31.36.0-255,66,184594,17,288724
29599,0.001383,74.125.24.0-255,1484,186078,17,288724
29600,0.001404,74.125.24.0-255,2902,188980,17,288724
29601,0.001408,74.125.24.0-255,2902,191882,17,288724
29602,0.001413,172.31.36.0-255,66,191948,17,288724
29603,0.001427,74.125.24.0-255,2902,194850,17,288724
29604,0.001432,74.125.24.0-255,4320,199170,17,288724
29605,0.00144,172.31.36.0-255,66,199236,17,288724
29606,0.00146,74.125.24.0-255,7156,206392,17,288724
29607,0.001464,172.31.36.0-255,66,206458,17,288724
29608,0.001482,74.125.24.0-255,1484,207942,17,288724
29609,0.001505,74.125.24.0-255,2184,210126,17,288724
29610,0.001511,172.31.36.0-255,66,210192,17,288724
29611,0.001525,74.125.24.0-255,2902,213094,17,288724
29612,0.001534,172.31.36.0-255,66,213160,17,288724
29613,0.001542,74.125.24.0-255,1484,214644,17,288724
29614,0.001555,74.125.24.0-255,4320,218964,17,288724
29615,0.001562,172.31.36.0-255,66,219030,17,288724
29616,0.001569,74.125.24.0-255,1484,220514,17,288724
29617,0.001574,74.125.24.0-255,4320,224834,17,288724
29618,0.001576,172.31.36.0-255,66,224900,17,288724
29619,0.001596,74.125.24.0-255,1484,226384,17,288724
29620,0.001602,74.125.24.0-255,5738,232122,17,288724
29621,0.001609,172.31.36.0-255,66,232188,17,288724
29622,0.001628,172.31.36.0-255,66,232254,17,288724
29623,0.001646,74.125.24.0-255,3602,235856,17,288724
29624,0.001656,172.31.36.0-255,66,235922,17,288724
29625,0.001684,74.125.24.0-255,1484,237406,17,288724
29626,0.001696,74.125.24.0-255,2902,240308,17,288724
29627,0.001699,172.31.36.0-255,66,240374,17,288724
29628,0.001716,74.125.24.0-255,4320,244694,17,288724
29629,0.001724,172.31.36.0-255,66,244760,17,288724
29630,0.001726,74.125.24.0-255,1484,246244,17,288724
29631,0.001729,74.125.24.0-255,1484,247728,17,288724
29632,0.001738,172.31.36.0-255,66,247794,17,288724
29633,0.001743,74.125.24.0-255,1484,249278,17,288724
29634,0.001793,74.125.24.0-255,2902,252180,17,288724
29635,0.001797,172.31.36.0-255,66,252246,17,288724
29636,0.001825,74.125.24.0-255,7156,259402,17,288724
29637,0.001832,172.31.36.0-255,66,259468,17,288724
29638,0.001844,172.31.36.0-255,66,259534,17,288724
29639,0.001877,74.125.24.0-255,1484,261018,17,288724
29640,0.001882,74.125.24.0-255,2902,263920,17,288724
29641,0.001892,172.31.36.0-255,66,263986,17,288724
29642,0.001897,74.125.24.0-255,2902,266888,17,288724
29643,0.0019,172.31.36.0-255,66,266954,17,288724
29644,0.001917,74.125.24.0-255,2902,269856,17,288724
29645,0.00193,172.31.36.0-255,66,269922,17,288724
29646,0.001935,74.125.24.0-255,4320,274242,17,288724
29647,0.001949,172.31.36.0-255,66,274308,17,288724
29648,0.001964,172.31.36.0-255,66,274374,17,288724
29649,0.001969,172.31.36.0-255,66,274440,17,288724
29650,0.001998,74.125.24.0-255,766,275206,17,288724
29651,0.002016,172.31.36.0-255,66,275272,17,288724
29652,0.002028,172.31.36.0-255,66,275338,17,288724
29653,0.002055,74.125.24.0-255,1484,276822,17,288724
29654,0.002074,74.125.24.0-255,7156,283978,17,288724
29655,0.002083,172.31.36.0-255,66,284044,17,288724
29656,0.00211,74.125.24.0-255,105,284149,17,288724
29657,0.002111,172.31.36.0-255,66,284215,17,288724
29658,0.007913,172.31.36.0-255,66,284281,17,288724
29659,0.007943,172.31.36.0-255,105,284386,17,288724
29660,0.010207,74.125.24.0-255,66,284452,17,288724
29661,0.030392,172.31.36.0-255,172,284624,17,288724
29662,0.030421,172.31.36.0-255,1117,285741,17,288724
29663,0.030465,172.31.36.0-255,1514,287255,17,288724
29664,0.030467,172.31.36.0-255,1271,288526,17,288724
29665,0.031953,104.244.42.0-255,66,288592,17,288724
29666,0.032143,104.244.42.0-255,66,288658,17,288724
29667,0.032146,104.244.42.0-255,66,288724,17,288724
29668,0.0,172.217.194.0-255,143,143,17,275782
29669,3e-05,172.31.36.0-255,66,209,17,275782
29670,3.7e-05,172.217.194.0-255,1484,1693,17,275782
29671,4.1e-05,172.31.36.0-255,66,1759,17,275782
29672,4.5e-05,172.217.194.0-255,2902,4661,17,275782
29673,4.7e-05,172.31.36.0-255,66,4727,17,275782
29674,7.9e-05,172.217.194.0-255,7156,11883,17,275782
29675,8.2e-05,172.31.36.0-255,66,11949,17,275782
29676,8.6e-05,172.217.194.0-255,2103,14052,17,275782
29677,8.7e-05,172.31.36.0-255,66,14118,17,275782
29678,0.00012,172.217.194.0-255,1484,15602,17,275782
29679,0.000122,172.31.36.0-255,66,15668,17,275782
29680,0.000127,172.217.194.0-255,2902,18570,17,275782
29681,0.00013,172.31.36.0-255,66,18636,17,275782
29682,0.000144,172.217.194.0-255,2902,21538,17,275782
29683,0.000147,172.31.36.0-255,66,21604,17,275782
29684,0.000162,172.217.194.0-255,2902,24506,17,275782
29685,0.000164,172.31.36.0-255,66,24572,17,275782
29686,0.000191,172.217.194.0-255,6797,31369,17,275782
29687,0.000194,172.31.36.0-255,66,31435,17,275782
29688,0.000289,172.217.194.0-255,1484,32919,17,275782
29689,0.000293,172.31.36.0-255,66,32985,17,275782
29690,0.000297,172.217.194.0-255,2902,35887,17,275782
29691,0.000301,172.31.36.0-255,66,35953,17,275782
29692,0.000303,172.217.194.0-255,1484,37437,17,275782
29693,0.000306,172.31.36.0-255,66,37503,17,275782
29694,0.000332,172.217.194.0-255,4320,41823,17,275782
29695,0.000336,172.31.36.0-255,66,41889,17,275782
29696,0.000341,172.217.194.0-255,2902,44791,17,275782
29697,0.000343,172.31.36.0-255,66,44857,17,275782
29698,0.00037,172.31.36.0-255,66,44923,17,275782
29699,0.000379,172.217.194.0-255,1125,46048,17,275782
29700,0.000385,172.217.194.0-255,5738,51786,17,275782
29701,0.000388,172.31.36.0-255,66,51852,17,275782
29702,0.000422,172.217.194.0-255,2902,54754,17,275782
29703,0.000425,172.31.36.0-255,66,54820,17,275782
29704,0.000441,172.217.194.0-255,1421,56241,17,275782
29705,0.000559,172.217.194.0-255,381,56622,17,275782
29706,0.000563,172.31.36.0-255,66,56688,17,275782
29707,0.000862,172.217.194.0-255,1484,58172,17,275782
29708,0.000872,172.217.194.0-255,2902,61074,17,275782
29709,0.000875,172.31.36.0-255,66,61140,17,275782
29710,0.000879,172.217.194.0-255,1484,62624,17,275782
29711,0.0009,172.217.194.0-255,4320,66944,17,275782
29712,0.000903,172.31.36.0-255,66,67010,17,275782
29713,0.000936,172.31.36.0-255,66,67076,17,275782
29714,0.000948,172.31.36.0-255,66,67142,17,275782
29715,0.001474,172.217.194.0-255,1484,68626,17,275782
29716,0.001485,172.217.194.0-255,2902,71528,17,275782
29717,0.00149,172.31.36.0-255,66,71594,17,275782
29718,0.00151,172.217.194.0-255,5738,77332,17,275782
29719,0.001513,172.31.36.0-255,66,77398,17,275782
29720,0.001526,172.31.36.0-255,66,77464,17,275782
29721,0.001533,172.217.194.0-255,7156,84620,17,275782
29722,0.001535,172.31.36.0-255,66,84686,17,275782
29723,0.00154,172.217.194.0-255,3602,88288,17,275782
29724,0.001542,172.31.36.0-255,66,88354,17,275782
29725,0.002425,172.217.194.0-255,1484,89838,17,275782
29726,0.002434,172.217.194.0-255,2902,92740,17,275782
29727,0.002438,172.31.36.0-255,66,92806,17,275782
29728,0.002443,172.217.194.0-255,2902,95708,17,275782
29729,0.002445,172.31.36.0-255,66,95774,17,275782
29730,0.002466,172.217.194.0-255,2902,98676,17,275782
29731,0.002468,172.31.36.0-255,66,98742,17,275782
29732,0.002473,172.217.194.0-255,4320,103062,17,275782
29733,0.002474,172.31.36.0-255,66,103128,17,275782
29734,0.002481,172.217.194.0-255,7156,110284,17,275782
29735,0.002483,172.31.36.0-255,66,110350,17,275782
29736,0.002502,172.217.194.0-255,4320,114670,17,275782
29737,0.002504,172.31.36.0-255,66,114736,17,275782
29738,0.002507,172.217.194.0-255,1484,116220,17,275782
29739,0.005009,172.217.194.0-255,4320,120540,17,275782
29740,0.005014,172.31.36.0-255,66,120606,17,275782
29741,0.007515,172.217.194.0-255,5738,126344,17,275782
29742,0.007522,172.31.36.0-255,66,126410,17,275782
29743,0.009999,172.217.194.0-255,5738,132148,17,275782
29744,0.01001,172.31.36.0-255,66,132214,17,275782
29745,0.012521,172.217.194.0-255,5738,137952,17,275782
29746,0.012533,172.31.36.0-255,66,138018,17,275782
29747,0.015012,172.217.194.0-255,5738,143756,17,275782
29748,0.015027,172.31.36.0-255,66,143822,17,275782
29749,0.0175,172.217.194.0-255,5738,149560,17,275782
29750,0.017509,172.31.36.0-255,66,149626,17,275782
29751,0.019994,172.217.194.0-255,5738,155364,17,275782
29752,0.020002,172.31.36.0-255,66,155430,17,275782
29753,0.02248,172.217.194.0-255,5738,161168,17,275782
29754,0.022487,172.31.36.0-255,66,161234,17,275782
29755,0.023423,172.31.36.0-255,172,161406,17,275782
29756,0.023454,172.31.36.0-255,1117,162523,17,275782
29757,0.023491,172.31.36.0-255,1514,164037,17,275782
29758,0.023493,172.31.36.0-255,1271,165308,17,275782
29759,0.024975,172.217.194.0-255,5738,171046,17,275782
29760,0.02498,172.31.36.0-255,66,171112,17,275782
29761,0.025,104.244.42.0-255,66,171178,17,275782
29762,0.025006,104.244.42.0-255,66,171244,17,275782
29763,0.025057,104.244.42.0-255,66,171310,17,275782
29764,0.027455,172.217.194.0-255,5738,177048,17,275782
29765,0.027461,172.31.36.0-255,66,177114,17,275782
29766,0.02994,172.217.194.0-255,5738,182852,17,275782
29767,0.029946,172.31.36.0-255,66,182918,17,275782
29768,0.032416,172.217.194.0-255,5738,188656,17,275782
29769,0.032421,172.31.36.0-255,66,188722,17,275782
29770,0.0349,172.217.194.0-255,5738,194460,17,275782
29771,0.034907,172.31.36.0-255,66,194526,17,275782
29772,0.037402,172.217.194.0-255,5738,200264,17,275782
29773,0.037407,172.31.36.0-255,66,200330,17,275782
29774,0.039903,172.217.194.0-255,5738,206068,17,275782
29775,0.039911,172.31.36.0-255,66,206134,17,275782
29776,0.042404,172.217.194.0-255,5738,211872,17,275782
29777,0.042411,172.31.36.0-255,66,211938,17,275782
29778,0.044878,172.217.194.0-255,5738,217676,17,275782
29779,0.044883,172.31.36.0-255,66,217742,17,275782
29780,0.047368,172.217.194.0-255,5738,223480,17,275782
29781,0.047374,172.31.36.0-255,66,223546,17,275782
29782,0.049859,172.217.194.0-255,5738,229284,17,275782
29783,0.049864,172.31.36.0-255,66,229350,17,275782
29784,0.052329,172.217.194.0-255,5738,235088,17,275782
29785,0.052335,172.31.36.0-255,66,235154,17,275782
29786,0.054819,172.217.194.0-255,5738,240892,17,275782
29787,0.054824,172.31.36.0-255,66,240958,17,275782
29788,0.057309,172.217.194.0-255,5738,246696,17,275782
29789,0.057315,172.31.36.0-255,66,246762,17,275782
29790,0.059821,172.217.194.0-255,5738,252500,17,275782
29791,0.059826,172.31.36.0-255,66,252566,17,275782
29792,0.0623,172.217.194.0-255,5738,258304,17,275782
29793,0.062305,172.31.36.0-255,66,258370,17,275782
29794,0.0648,172.217.194.0-255,5738,264108,17,275782
29795,0.064805,172.31.36.0-255,66,264174,17,275782
29796,0.067294,172.217.194.0-255,5738,269912,17,275782
29797,0.0673,172.31.36.0-255,66,269978,17,275782
29798,0.069788,172.217.194.0-255,5738,275716,17,275782
29799,0.069793,172.31.36.0-255,66,275782,17,275782
29800,0.0,172.253.118.0-255,151,151,17,242894
29801,1.9e-05,172.31.36.0-255,66,217,17,242894
29802,2.6e-05,172.253.118.0-255,1484,1701,17,242894
29803,3.1e-05,172.31.36.0-255,66,1767,17,242894
29804,3.7e-05,172.253.118.0-255,2902,4669,17,242894
29805,4.1e-05,172.31.36.0-255,66,4735,17,242894
29806,4.9e-05,172.253.118.0-255,7156,11891,17,242894
29807,5.2e-05,172.31.36.0-255,66,11957,17,242894
29808,5.7e-05,172.253.118.0-255,2103,14060,17,242894
29809,6e-05,172.31.36.0-255,66,14126,17,242894
29810,0.000104,172.253.118.0-255,2902,17028,17,242894
29811,0.000107,172.31.36.0-255,66,17094,17,242894
29812,0.000112,172.253.118.0-255,2902,19996,17,242894
29813,0.000114,172.31.36.0-255,66,20062,17,242894
29814,0.000133,172.253.118.0-255,1484,21546,17,242894
29815,0.000135,172.31.36.0-255,66,21612,17,242894
29816,0.000147,172.31.36.0-255,66,21678,17,242894
29817,0.00015,172.253.118.0-255,1125,22803,17,242894
29818,0.000152,172.31.36.0-255,66,22869,17,242894
29819,0.000318,172.253.118.0-255,1484,24353,17,242894
29820,0.000323,172.31.36.0-255,66,24419,17,242894
29821,0.000329,172.253.118.0-255,2902,27321,17,242894
29822,0.000333,172.31.36.0-255,66,27387,17,242894
29823,0.000337,172.253.118.0-255,2902,30289,17,242894
29824,0.00034,172.31.36.0-255,66,30355,17,242894
29825,0.000346,172.253.118.0-255,4320,34675,17,242894
29826,0.000348,172.31.36.0-255,66,34741,17,242894
29827,0.000372,172.253.118.0-255,7156,41897,17,242894
29828,0.000375,172.31.36.0-255,66,41963,17,242894
29829,0.000402,172.253.118.0-255,2543,44506,17,242894
29830,0.000405,172.31.36.0-255,66,44572,17,242894
29831,0.000417,172.31.36.0-255,66,44638,17,242894
29832,0.000435,172.253.118.0-255,2840,47478,17,242894
29833,0.000438,172.31.36.0-255,66,47544,17,242894
29834,0.000502,172.253.118.0-255,1484,49028,17,242894
29835,0.000509,172.253.118.0-255,2902,51930,17,242894
29836,0.000512,172.31.36.0-255,66,51996,17,242894
29837,0.00052,172.253.118.0-255,5738,57734,17,242894
29838,0.000523,172.31.36.0-255,66,57800,17,242894
29839,0.000554,172.253.118.0-255,7090,64890,17,242894
29840,0.000559,172.31.36.0-255,66,64956,17,242894
29841,0.000595,172.31.36.0-255,66,65022,17,242894
29842,0.000599,172.253.118.0-255,2543,67565,17,242894
29843,0.000601,172.31.36.0-255,66,67631,17,242894
29844,0.000635,172.253.118.0-255,1484,69115,17,242894
29845,0.000638,172.253.118.0-255,1484,70599,17,242894
29846,0.000641,172.31.36.0-255,66,70665,17,242894
29847,0.000656,172.253.118.0-255,1484,72149,17,242894
29848,0.000663,172.253.118.0-255,5738,77887,17,242894
29849,0.000665,172.31.36.0-255,66,77953,17,242894
29850,0.000721,172.31.36.0-255,66,78019,17,242894
29851,0.000741,172.253.118.0-255,5738,83757,17,242894
29852,0.000745,172.31.36.0-255,66,83823,17,242894
29853,0.000754,172.253.118.0-255,5020,88843,17,242894
29854,0.000757,172.31.36.0-255,66,88909,17,242894
29855,0.000804,172.253.118.0-255,1484,90393,17,242894
29856,0.00081,172.253.118.0-255,2902,93295,17,242894
29857,0.000813,172.31.36.0-255,66,93361,17,242894
29858,0.000834,172.253.118.0-255,5738,99099,17,242894
29859,0.000837,172.31.36.0-255,66,99165,17,242894
29860,0.000843,172.253.118.0-255,5738,104903,17,242894
29861,0.000846,172.31.36.0-255,66,104969,17,242894
29862,0.000885,172.31.36.0-255,66,105035,17,242894
29863,0.000892,172.253.118.0-255,5020,110055,17,242894
29864,0.000894,172.31.36.0-255,66,110121,17,242894
29865,0.000956,172.253.118.0-255,1484,111605,17,242894
29866,0.000962,172.253.118.0-255,2902,114507,17,242894
29867,0.000965,172.31.36.0-255,66,114573,17,242894
29868,0.00097,172.253.118.0-255,2902,117475,17,242894
29869,0.000972,172.31.36.0-255,66,117541,17,242894
29870,0.000986,172.253.118.0-255,2902,120443,17,242894
29871,0.000989,172.31.36.0-255,66,120509,17,242894
29872,0.000995,172.253.118.0-255,4320,124829,17,242894
29873,0.000997,172.31.36.0-255,66,124895,17,242894
29874,0.001002,172.253.118.0-255,2902,127797,17,242894
29875,0.001004,172.31.36.0-255,66,127863,17,242894
29876,0.001027,172.253.118.0-255,2902,130765,17,242894
29877,0.00103,172.31.36.0-255,66,130831,17,242894
29878,0.001043,172.31.36.0-255,66,130897,17,242894
29879,0.001047,172.253.118.0-255,2184,133081,17,242894
29880,0.00105,172.31.36.0-255,66,133147,17,242894
29881,0.001117,172.253.118.0-255,1484,134631,17,242894
29882,0.001123,172.253.118.0-255,2902,137533,17,242894
29883,0.001126,172.31.36.0-255,66,137599,17,242894
29884,0.001133,172.253.118.0-255,5738,143337,17,242894
29885,0.001135,172.31.36.0-255,66,143403,17,242894
29886,0.001139,172.253.118.0-255,1484,144887,17,242894
29887,0.00116,172.253.118.0-255,2902,147789,17,242894
29888,0.001163,172.31.36.0-255,66,147855,17,242894
29889,0.001166,172.253.118.0-255,1484,149339,17,242894
29890,0.00119,172.31.36.0-255,66,149405,17,242894
29891,0.001195,172.253.118.0-255,2902,152307,17,242894
29892,0.001197,172.31.36.0-255,66,152373,17,242894
29893,0.001218,172.253.118.0-255,5020,157393,17,242894
29894,0.001221,172.31.36.0-255,66,157459,17,242894
29895,0.001249,172.253.118.0-255,1484,158943,17,242894
29896,0.001254,172.253.118.0-255,2902,161845,17,242894
29897,0.001256,172.31.36.0-255,66,161911,17,242894
29898,0.001275,172.253.118.0-255,5738,167649,17,242894
29899,0.00128,172.31.36.0-255,66,167715,17,242894
29900,0.001292,172.253.118.0-255,2902,170617,17,242894
29901,0.001294,172.31.36.0-255,66,170683,17,242894
29902,0.001336,172.253.118.0-255,5738,176421,17,242894
29903,0.001346,172.31.36.0-255,66,176487,17,242894
29904,0.001349,172.31.36.0-255,66,176553,17,242894
29905,0.001368,172.253.118.0-255,5020,181573,17,242894
29906,0.001371,172.31.36.0-255,66,181639,17,242894
29907,0.001522,172.253.118.0-255,1484,183123,17,242894
29908,0.001528,172.253.118.0-255,2902,186025,17,242894
29909,0.001531,172.31.36.0-255,66,186091,17,242894
29910,0.001539,172.253.118.0-255,4320,190411,17,242894
29911,0.00154,172.31.36.0-255,66,190477,17,242894
29912,0.001567,172.253.118.0-255,1484,191961,17,242894
29913,0.001579,172.31.36.0-255,66,192027,17,242894
29914,0.001651,172.253.118.0-255,7156,199183,17,242894
29915,0.001654,172.31.36.0-255,66,199249,17,242894
29916,0.001681,172.253.118.0-255,6438,205687,17,242894
29917,0.001684,172.31.36.0-255,66,205753,17,242894
29918,0.001687,172.253.118.0-255,1484,207237,17,242894
29919,0.001692,172.253.118.0-255,2902,210139,17,242894
29920,0.001694,172.31.36.0-255,66,210205,17,242894
29921,0.001701,172.253.118.0-255,5738,215943,17,242894
29922,0.001703,172.31.36.0-255,66,216009,17,242894
29923,0.001742,172.31.36.0-255,66,216075,17,242894
29924,0.001759,172.253.118.0-255,4320,220395,17,242894
29925,0.001762,172.31.36.0-255,66,220461,17,242894
29926,0.001807,172.31.36.0-255,66,220527,17,242894
29927,0.001818,172.31.36.0-255,66,220593,17,242894
29928,0.001865,172.31.36.0-255,66,220659,17,242894
29929,0.001876,172.31.36.0-255,66,220725,17,242894
29930,0.001919,172.31.36.0-255,66,220791,17,242894
29931,0.001926,172.253.118.0-255,6438,227229,17,242894
29932,0.001928,172.31.36.0-255,66,227295,17,242894
29933,0.001934,172.253.118.0-255,4320,231615,17,242894
29934,0.001936,172.31.36.0-255,66,231681,17,242894
29935,0.001961,172.253.118.0-255,5548,237229,17,242894
29936,0.001964,172.31.36.0-255,66,237295,17,242894
29937,0.001967,172.253.118.0-255,105,237400,17,242894
29938,0.004692,172.31.36.0-255,66,237466,17,242894
29939,0.010661,172.31.36.0-255,105,237571,17,242894
29940,0.01265,172.253.118.0-255,66,237637,17,242894
29941,0.034372,172.31.36.0-255,176,237813,17,242894
29942,0.034407,172.31.36.0-255,1117,238930,17,242894
29943,0.034485,172.31.36.0-255,1514,240444,17,242894
29944,0.034487,172.31.36.0-255,1514,241958,17,242894
29945,0.034488,172.31.36.0-255,672,242630,17,242894
29946,0.035865,104.244.42.0-255,66,242696,17,242894
29947,0.035897,104.244.42.0-255,66,242762,17,242894
29948,0.036011,104.244.42.0-255,66,242828,17,242894
29949,0.036028,104.244.42.0-255,66,242894,17,242894
29950,0.0,172.217.194.0-255,153,153,17,207774
29951,2.9e-05,172.31.36.0-255,66,219,17,207774
29952,3.6e-05,172.217.194.0-255,1484,1703,17,207774
29953,4e-05,172.31.36.0-255,66,1769,17,207774
29954,4.5e-05,172.217.194.0-255,2902,4671,17,207774
29955,4.8e-05,172.31.36.0-255,66,4737,17,207774
29956,6.4e-05,172.217.194.0-255,7156,11893,17,207774
29957,6.7e-05,172.31.36.0-255,66,11959,17,207774
29958,0.000106,172.31.36.0-255,66,12025,17,207774
29959,0.000149,172.217.194.0-255,7156,19181,17,207774
29960,0.000152,172.31.36.0-255,66,19247,17,207774
29961,0.000181,172.217.194.0-255,2543,21790,17,207774
29962,0.000184,172.31.36.0-255,66,21856,17,207774
29963,0.000212,172.217.194.0-255,4320,26176,17,207774
29964,0.000215,172.31.36.0-255,66,26242,17,207774
29965,0.000241,172.217.194.0-255,5738,31980,17,207774
29966,0.000245,172.31.36.0-255,66,32046,17,207774
29967,0.000267,172.217.194.0-255,2902,34948,17,207774
29968,0.000271,172.31.36.0-255,66,35014,17,207774
29969,0.000301,172.217.194.0-255,3961,38975,17,207774
29970,0.000305,172.31.36.0-255,66,39041,17,207774
29971,0.000383,172.217.194.0-255,1484,40525,17,207774
29972,0.000387,172.31.36.0-255,66,40591,17,207774
29973,0.000391,172.217.194.0-255,2902,43493,17,207774
29974,0.000394,172.31.36.0-255,66,43559,17,207774
29975,0.000427,172.217.194.0-255,5738,49297,17,207774
29976,0.000431,172.31.36.0-255,66,49363,17,207774
29977,0.000436,172.217.194.0-255,4320,53683,17,207774
29978,0.000441,172.31.36.0-255,66,53749,17,207774
29979,0.000463,172.217.194.0-255,2543,56292,17,207774
29980,0.000471,172.31.36.0-255,66,56358,17,207774
29981,0.000513,172.217.194.0-255,645,57003,17,207774
29982,0.00074,172.217.194.0-255,1484,58487,17,207774
29983,0.000744,172.31.36.0-255,66,58553,17,207774
29984,0.00075,172.217.194.0-255,2902,61455,17,207774
29985,0.000758,172.31.36.0-255,66,61521,17,207774
29986,0.000781,172.217.194.0-255,5738,67259,17,207774
29987,0.000786,172.31.36.0-255,66,67325,17,207774
29988,0.000811,172.217.194.0-255,2902,70227,17,207774
29989,0.000825,172.31.36.0-255,66,70293,17,207774
29990,0.000855,172.31.36.0-255,66,70359,17,207774
29991,0.000884,172.217.194.0-255,4320,74679,17,207774
29992,0.000893,172.31.36.0-255,66,74745,17,207774
29993,0.000917,172.217.194.0-255,6438,81183,17,207774
29994,0.000927,172.31.36.0-255,66,81249,17,207774
29995,0.000963,172.31.36.0-255,66,81315,17,207774
29996,0.000979,172.217.194.0-255,2902,84217,17,207774
29997,0.000993,172.31.36.0-255,66,84283,17,207774
29998,0.001025,172.217.194.0-255,4831,89114,17,207774
29999,0.001028,172.31.36.0-255,66,89180,17,207774
30000,0.001057,172.217.194.0-255,5738,94918,17,207774
30001,0.001063,172.31.36.0-255,66,94984,17,207774
30002,0.001108,172.217.194.0-255,5738,100722,17,207774
30003,0.001128,172.31.36.0-255,66,100788,17,207774
30004,0.001134,172.217.194.0-255,7156,107944,17,207774
30005,0.001144,172.31.36.0-255,66,108010,17,207774
30006,0.001181,172.217.194.0-255,5738,113748,17,207774
30007,0.001187,172.31.36.0-255,66,113814,17,207774
30008,0.001216,172.31.36.0-255,66,113880,17,207774
30009,0.00126,172.217.194.0-255,766,114646,17,207774
30010,0.001272,172.217.194.0-255,2902,117548,17,207774
30011,0.001275,172.31.36.0-255,66,117614,17,207774
30012,0.001322,172.31.36.0-255,66,117680,17,207774
30013,0.001388,172.217.194.0-255,5738,123418,17,207774
30014,0.001399,172.31.36.0-255,66,123484,17,207774
30015,0.001443,172.31.36.0-255,66,123550,17,207774
30016,0.001786,172.217.194.0-255,1484,125034,17,207774
30017,0.001792,172.217.194.0-255,2902,127936,17,207774
30018,0.001795,172.31.36.0-255,66,128002,17,207774
30019,0.0018,172.217.194.0-255,2902,130904,17,207774
30020,0.001811,172.31.36.0-255,66,130970,17,207774
30021,0.001828,172.217.194.0-255,2902,133872,17,207774
30022,0.001833,172.217.194.0-255,2902,136774,17,207774
30023,0.001836,172.31.36.0-255,66,136840,17,207774
30024,0.001866,172.217.194.0-255,4320,141160,17,207774
30025,0.001871,172.31.36.0-255,66,141226,17,207774
30026,0.001908,172.217.194.0-255,2902,144128,17,207774
30027,0.001912,172.31.36.0-255,66,144194,17,207774
30028,0.001935,172.217.194.0-255,1484,145678,17,207774
30029,0.001952,172.31.36.0-255,66,145744,17,207774
30030,0.001964,172.217.194.0-255,2184,147928,17,207774
30031,0.001976,172.31.36.0-255,66,147994,17,207774
30032,0.002,172.31.36.0-255,66,148060,17,207774
30033,0.00204,172.217.194.0-255,1484,149544,17,207774
30034,0.002072,172.31.36.0-255,66,149610,17,207774
30035,0.002079,172.217.194.0-255,1484,151094,17,207774
30036,0.002149,172.217.194.0-255,6438,157532,17,207774
30037,0.002161,172.31.36.0-255,66,157598,17,207774
30038,0.0022,172.217.194.0-255,7156,164754,17,207774
30039,0.002204,172.31.36.0-255,66,164820,17,207774
30040,0.002233,172.217.194.0-255,4320,169140,17,207774
30041,0.002245,172.31.36.0-255,66,169206,17,207774
30042,0.002254,172.217.194.0-255,4320,173526,17,207774
30043,0.002261,172.31.36.0-255,66,173592,17,207774
30044,0.002293,172.217.194.0-255,5738,179330,17,207774
30045,0.002303,172.31.36.0-255,66,179396,17,207774
30046,0.002337,172.31.36.0-255,66,179462,17,207774
30047,0.002401,172.217.194.0-255,3602,183064,17,207774
30048,0.002406,172.31.36.0-255,66,183130,17,207774
30049,0.002433,172.217.194.0-255,2902,186032,17,207774
30050,0.002441,172.31.36.0-255,66,186098,17,207774
30051,0.002495,172.31.36.0-255,66,186164,17,207774
30052,0.002568,172.31.36.0-255,66,186230,17,207774
30053,0.002594,172.217.194.0-255,766,186996,17,207774
30054,0.002656,172.31.36.0-255,66,187062,17,207774
30055,0.002713,172.31.36.0-255,66,187128,17,207774
30056,0.002892,172.217.194.0-255,7156,194284,17,207774
30057,0.002899,172.31.36.0-255,66,194350,17,207774
30058,0.002944,172.31.36.0-255,66,194416,17,207774
30059,0.003079,172.217.194.0-255,5738,200154,17,207774
30060,0.003083,172.31.36.0-255,66,200220,17,207774
30061,0.003126,172.31.36.0-255,66,200286,17,207774
30062,0.003214,172.217.194.0-255,105,200391,17,207774
30063,0.00765,172.31.36.0-255,66,200457,17,207774
30064,0.00768,172.31.36.0-255,105,200562,17,207774
30065,0.010223,172.217.194.0-255,66,200628,17,207774
30066,0.031962,172.31.36.0-255,172,200800,17,207774
30067,0.031991,172.31.36.0-255,1118,201918,17,207774
30068,0.032036,172.31.36.0-255,1514,203432,17,207774
30069,0.032037,172.31.36.0-255,1514,204946,17,207774
30070,0.032039,172.31.36.0-255,1514,206460,17,207774
30071,0.032039,172.31.36.0-255,1050,207510,17,207774
30072,0.03352,104.244.42.0-255,66,207576,17,207774
30073,0.033528,104.244.42.0-255,66,207642,17,207774
30074,0.033608,104.244.42.0-255,66,207708,17,207774
30075,0.033611,104.244.42.0-255,66,207774,17,207774
30076,0.0,74.125.24.0-255,145,145,17,302971
30077,2.2e-05,172.31.36.0-255,66,211,17,302971
30078,2.8e-05,74.125.24.0-255,1484,1695,17,302971
30079,3.3e-05,172.31.36.0-255,66,1761,17,302971
30080,3.9e-05,74.125.24.0-255,2902,4663,17,302971
30081,4.2e-05,172.31.36.0-255,66,4729,17,302971
30082,5.1e-05,74.125.24.0-255,7156,11885,17,302971
30083,5.5e-05,172.31.36.0-255,66,11951,17,302971
30084,7.3e-05,74.125.24.0-255,2902,14853,17,302971
30085,7.6e-05,172.31.36.0-255,66,14919,17,302971
30086,0.000105,172.31.36.0-255,66,14985,17,302971
30087,0.000125,74.125.24.0-255,3475,18460,17,302971
30088,0.000128,172.31.36.0-255,66,18526,17,302971
30089,0.000132,74.125.24.0-255,2543,21069,17,302971
30090,0.000135,172.31.36.0-255,66,21135,17,302971
30091,0.000187,74.125.24.0-255,1484,22619,17,302971
30092,0.000189,172.31.36.0-255,66,22685,17,302971
30093,0.000207,74.125.24.0-255,1484,24169,17,302971
30094,0.000209,172.31.36.0-255,66,24235,17,302971
30095,0.00023,74.125.24.0-255,2902,27137,17,302971
30096,0.000233,172.31.36.0-255,66,27203,17,302971
30097,0.000239,74.125.24.0-255,5738,32941,17,302971
30098,0.000241,172.31.36.0-255,66,33007,17,302971
30099,0.000258,74.125.24.0-255,2902,35909,17,302971
30100,0.00026,172.31.36.0-255,66,35975,17,302971
30101,0.000282,74.125.24.0-255,2543,38518,17,302971
30102,0.000284,172.31.36.0-255,66,38584,17,302971
30103,0.000329,74.125.24.0-255,1484,40068,17,302971
30104,0.000332,172.31.36.0-255,66,40134,17,302971
30105,0.000336,74.125.24.0-255,2902,43036,17,302971
30106,0.000339,172.31.36.0-255,66,43102,17,302971
30107,0.000357,74.125.24.0-255,2902,46004,17,302971
30108,0.000359,172.31.36.0-255,66,46070,17,302971
30109,0.000374,74.125.24.0-255,1484,47554,17,302971
30110,0.000392,74.125.24.0-255,5738,53292,17,302971
30111,0.000395,172.31.36.0-255,66,53358,17,302971
30112,0.000399,74.125.24.0-255,2543,55901,17,302971
30113,0.000401,172.31.36.0-255,66,55967,17,302971
30114,0.000437,74.125.24.0-255,399,56366,17,302971
30115,0.00049,74.125.24.0-255,109,56475,17,302971
30116,0.000529,74.125.24.0-255,1484,57959,17,302971
30117,0.000533,172.31.36.0-255,66,58025,17,302971
30118,0.000538,74.125.24.0-255,2902,60927,17,302971
30119,0.00054,172.31.36.0-255,66,60993,17,302971
30120,0.00057,74.125.24.0-255,5738,66731,17,302971
30121,0.000577,74.125.24.0-255,7156,73887,17,302971
30122,0.000583,172.31.36.0-255,66,73953,17,302971
30123,0.000586,172.31.36.0-255,66,74019,17,302971
30124,0.000618,172.31.36.0-255,66,74085,17,302971
30125,0.000622,74.125.24.0-255,2184,76269,17,302971
30126,0.000625,172.31.36.0-255,66,76335,17,302971
30127,0.001067,74.125.24.0-255,1484,77819,17,302971
30128,0.001074,74.125.24.0-255,2902,80721,17,302971
30129,0.001078,172.31.36.0-255,66,80787,17,302971
30130,0.001107,74.125.24.0-255,4320,85107,17,302971
30131,0.001109,172.31.36.0-255,66,85173,17,302971
30132,0.001134,74.125.24.0-255,1484,86657,17,302971
30133,0.001141,74.125.24.0-255,5738,92395,17,302971
30134,0.001143,172.31.36.0-255,66,92461,17,302971
30135,0.001158,172.31.36.0-255,66,92527,17,302971
30136,0.001184,74.125.24.0-255,7156,99683,17,302971
30137,0.001187,172.31.36.0-255,66,99749,17,302971
30138,0.001215,74.125.24.0-255,3288,103037,17,302971
30139,0.001218,172.31.36.0-255,66,103103,17,302971
30140,0.001231,172.31.36.0-255,66,103169,17,302971
30141,0.001247,172.31.36.0-255,66,103235,17,302971
30142,0.00125,74.125.24.0-255,766,104001,17,302971
30143,0.001981,172.31.36.0-255,66,104067,17,302971
30144,0.003256,74.125.24.0-255,4320,108387,17,302971
30145,0.003263,172.31.36.0-255,66,108453,17,302971
30146,0.003977,74.125.24.0-255,1484,109937,17,302971
30147,0.005266,74.125.24.0-255,2902,112839,17,302971
30148,0.00527,172.31.36.0-255,66,112905,17,302971
30149,0.005288,74.125.24.0-255,1484,114389,17,302971
30150,0.007242,74.125.24.0-255,4320,118709,17,302971
30151,0.007245,172.31.36.0-255,66,118775,17,302971
30152,0.00924,74.125.24.0-255,5738,124513,17,302971
30153,0.009247,172.31.36.0-255,66,124579,17,302971
30154,0.011269,74.125.24.0-255,5738,130317,17,302971
30155,0.011277,172.31.36.0-255,66,130383,17,302971
30156,0.013267,74.125.24.0-255,5738,136121,17,302971
30157,0.013275,172.31.36.0-255,66,136187,17,302971
30158,0.015305,74.125.24.0-255,5738,141925,17,302971
30159,0.015315,172.31.36.0-255,66,141991,17,302971
30160,0.017309,74.125.24.0-255,5738,147729,17,302971
30161,0.017318,172.31.36.0-255,66,147795,17,302971
30162,0.019323,74.125.24.0-255,5738,153533,17,302971
30163,0.019331,172.31.36.0-255,66,153599,17,302971
30164,0.021345,74.125.24.0-255,5738,159337,17,302971
30165,0.021352,172.31.36.0-255,66,159403,17,302971
30166,0.023363,74.125.24.0-255,5738,165141,17,302971
30167,0.023371,172.31.36.0-255,66,165207,17,302971
30168,0.025409,74.125.24.0-255,5738,170945,17,302971
30169,0.025417,172.31.36.0-255,66,171011,17,302971
30170,0.027417,74.125.24.0-255,5738,176749,17,302971
30171,0.027426,172.31.36.0-255,66,176815,17,302971
30172,0.029426,74.125.24.0-255,5738,182553,17,302971
30173,0.029434,172.31.36.0-255,66,182619,17,302971
30174,0.031422,74.125.24.0-255,5738,188357,17,302971
30175,0.03143,172.31.36.0-255,66,188423,17,302971
30176,0.032115,172.31.36.0-255,172,188595,17,302971
30177,0.03215,172.31.36.0-255,1118,189713,17,302971
30178,0.03221,172.31.36.0-255,1514,191227,17,302971
30179,0.032212,172.31.36.0-255,1270,192497,17,302971
30180,0.033408,74.125.24.0-255,5738,198235,17,302971
30181,0.033416,172.31.36.0-255,66,198301,17,302971
30182,0.033668,104.244.42.0-255,66,198367,17,302971
30183,0.033676,104.244.42.0-255,66,198433,17,302971
30184,0.033762,104.244.42.0-255,66,198499,17,302971
30185,0.035423,74.125.24.0-255,5738,204237,17,302971
30186,0.035431,172.31.36.0-255,66,204303,17,302971
30187,0.037448,74.125.24.0-255,5738,210041,17,302971
30188,0.037458,172.31.36.0-255,66,210107,17,302971
30189,0.039477,74.125.24.0-255,5738,215845,17,302971
30190,0.039485,172.31.36.0-255,66,215911,17,302971
30191,0.041494,74.125.24.0-255,5738,221649,17,302971
30192,0.041503,172.31.36.0-255,66,221715,17,302971
30193,0.043514,74.125.24.0-255,5738,227453,17,302971
30194,0.043521,172.31.36.0-255,66,227519,17,302971
30195,0.045542,74.125.24.0-255,5738,233257,17,302971
30196,0.045549,172.31.36.0-255,66,233323,17,302971
30197,0.047554,74.125.24.0-255,5738,239061,17,302971
30198,0.047561,172.31.36.0-255,66,239127,17,302971
30199,0.049585,74.125.24.0-255,5738,244865,17,302971
30200,0.049593,172.31.36.0-255,66,244931,17,302971
30201,0.051638,74.125.24.0-255,5738,250669,17,302971
30202,0.051646,172.31.36.0-255,66,250735,17,302971
30203,0.053651,74.125.24.0-255,5738,256473,17,302971
30204,0.053661,172.31.36.0-255,66,256539,17,302971
30205,0.055661,74.125.24.0-255,5738,262277,17,302971
30206,0.055669,172.31.36.0-255,66,262343,17,302971
30207,0.057701,74.125.24.0-255,5738,268081,17,302971
30208,0.057708,172.31.36.0-255,66,268147,17,302971
30209,0.059715,74.125.24.0-255,5738,273885,17,302971
30210,0.059721,172.31.36.0-255,66,273951,17,302971
30211,0.061708,74.125.24.0-255,5738,279689,17,302971
30212,0.061715,172.31.36.0-255,66,279755,17,302971
30213,0.063695,74.125.24.0-255,5738,285493,17,302971
30214,0.063702,172.31.36.0-255,66,285559,17,302971
30215,0.065708,74.125.24.0-255,5738,291297,17,302971
30216,0.065714,172.31.36.0-255,66,291363,17,302971
30217,0.067723,74.125.24.0-255,5738,297101,17,302971
30218,0.06773,172.31.36.0-255,66,297167,17,302971
30219,0.069755,74.125.24.0-255,5738,302905,17,302971
30220,0.069762,172.31.36.0-255,66,302971,17,302971
30221,0.0,74.125.68.0-255,218,218,17,285825
30222,1.7e-05,172.31.36.0-255,66,284,17,285825
30223,2.5e-05,74.125.68.0-255,1484,1768,17,285825
30224,3e-05,172.31.36.0-255,66,1834,17,285825
30225,4.5e-05,74.125.68.0-255,1484,3318,17,285825
30226,4.7e-05,172.31.36.0-255,66,3384,17,285825
30227,0.0001,74.125.68.0-255,2902,6286,17,285825
30228,0.000104,172.31.36.0-255,66,6352,17,285825
30229,0.000111,74.125.68.0-255,5738,12090,17,285825
30230,0.000114,172.31.36.0-255,66,12156,17,285825
30231,0.000138,74.125.68.0-255,1795,13951,17,285825
30232,0.000141,172.31.36.0-255,66,14017,17,285825
30233,0.000189,74.125.68.0-255,2902,16919,17,285825
30234,0.000193,172.31.36.0-255,66,16985,17,285825
30235,0.000196,74.125.68.0-255,1484,18469,17,285825
30236,0.000198,172.31.36.0-255,66,18535,17,285825
30237,0.000202,74.125.68.0-255,2902,21437,17,285825
30238,0.000204,172.31.36.0-255,66,21503,17,285825
30239,0.000207,74.125.68.0-255,1484,22987,17,285825
30240,0.000209,172.31.36.0-255,66,23053,17,285825
30241,0.00023,74.125.68.0-255,4320,27373,17,285825
30242,0.000232,172.31.36.0-255,66,27439,17,285825
30243,0.000245,74.125.68.0-255,1484,28923,17,285825
30244,0.000248,172.31.36.0-255,66,28989,17,285825
30245,0.000262,74.125.68.0-255,2543,31532,17,285825
30246,0.000265,172.31.36.0-255,66,31598,17,285825
30247,0.000271,74.125.68.0-255,4320,35918,17,285825
30248,0.000274,172.31.36.0-255,66,35984,17,285825
30249,0.000285,74.125.68.0-255,1484,37468,17,285825
30250,0.000287,172.31.36.0-255,66,37534,17,285825
30251,0.000308,74.125.68.0-255,5738,43272,17,285825
30252,0.000311,172.31.36.0-255,66,43338,17,285825
30253,0.000336,74.125.68.0-255,5379,48717,17,285825
30254,0.000338,172.31.36.0-255,66,48783,17,285825
30255,0.001354,74.125.68.0-255,1484,50267,17,285825
30256,0.001366,74.125.68.0-255,2902,53169,17,285825
30257,0.001371,172.31.36.0-255,66,53235,17,285825
30258,0.00138,74.125.68.0-255,5738,58973,17,285825
30259,0.001382,172.31.36.0-255,66,59039,17,285825
30260,0.001428,74.125.68.0-255,6797,65836,17,285825
30261,0.001431,172.31.36.0-255,66,65902,17,285825
30262,0.001438,74.125.68.0-255,7156,73058,17,285825
30263,0.00144,172.31.36.0-255,66,73124,17,285825
30264,0.001473,172.31.36.0-255,66,73190,17,285825
30265,0.001477,74.125.68.0-255,1705,74895,17,285825
30266,0.001479,172.31.36.0-255,66,74961,17,285825
30267,0.001514,74.125.68.0-255,2902,77863,17,285825
30268,0.001516,172.31.36.0-255,66,77929,17,285825
30269,0.001534,74.125.68.0-255,2902,80831,17,285825
30270,0.001536,172.31.36.0-255,66,80897,17,285825
30271,0.001542,74.125.68.0-255,4320,85217,17,285825
30272,0.001543,172.31.36.0-255,66,85283,17,285825
30273,0.001591,74.125.68.0-255,4320,89603,17,285825
30274,0.001594,172.31.36.0-255,66,89669,17,285825
30275,0.001614,74.125.68.0-255,2543,92212,17,285825
30276,0.001616,172.31.36.0-255,66,92278,17,285825
30277,0.003585,74.125.68.0-255,2902,95180,17,285825
30278,0.003593,172.31.36.0-255,66,95246,17,285825
30279,0.003618,74.125.68.0-255,2902,98148,17,285825
30280,0.003621,172.31.36.0-255,66,98214,17,285825
30281,0.004906,172.31.36.0-255,101,98315,17,285825
30282,0.005594,74.125.68.0-255,2902,101217,17,285825
30283,0.0056,172.31.36.0-255,66,101283,17,285825
30284,0.005621,74.125.68.0-255,2902,104185,17,285825
30285,0.005623,172.31.36.0-255,66,104251,17,285825
30286,0.006876,74.125.68.0-255,66,104317,17,285825
30287,0.007606,74.125.68.0-255,5738,110055,17,285825
30288,0.007612,172.31.36.0-255,66,110121,17,285825
30289,0.009632,74.125.68.0-255,5738,115859,17,285825
30290,0.00964,172.31.36.0-255,66,115925,17,285825
30291,0.011649,74.125.68.0-255,5738,121663,17,285825
30292,0.011658,172.31.36.0-255,66,121729,17,285825
30293,0.013672,74.125.68.0-255,5738,127467,17,285825
30294,0.013682,172.31.36.0-255,66,127533,17,285825
30295,0.015698,74.125.68.0-255,5738,133271,17,285825
30296,0.015709,172.31.36.0-255,66,133337,17,285825
30297,0.017714,74.125.68.0-255,5738,139075,17,285825
30298,0.017722,172.31.36.0-255,66,139141,17,285825
30299,0.01976,74.125.68.0-255,5738,144879,17,285825
30300,0.019767,172.31.36.0-255,66,144945,17,285825
30301,0.021778,74.125.68.0-255,5738,150683,17,285825
30302,0.021786,172.31.36.0-255,66,150749,17,285825
30303,0.023795,74.125.68.0-255,5738,156487,17,285825
30304,0.023804,172.31.36.0-255,66,156553,17,285825
30305,0.025825,74.125.68.0-255,5738,162291,17,285825
30306,0.025833,172.31.36.0-255,66,162357,17,285825
30307,0.027858,74.125.68.0-255,5738,168095,17,285825
30308,0.027865,172.31.36.0-255,66,168161,17,285825
30309,0.029383,172.31.36.0-255,188,168349,17,285825
30310,0.029415,172.31.36.0-255,961,169310,17,285825
30311,0.029472,172.31.36.0-255,1514,170824,17,285825
30312,0.029474,172.31.36.0-255,1427,172251,17,285825
30313,0.029887,74.125.68.0-255,5738,177989,17,285825
30314,0.029894,172.31.36.0-255,66,178055,17,285825
30315,0.030961,104.244.42.0-255,66,178121,17,285825
30316,0.031014,104.244.42.0-255,66,178187,17,285825
30317,0.031061,104.244.42.0-255,66,178253,17,285825
30318,0.031892,74.125.68.0-255,4320,182573,17,285825
30319,0.031897,172.31.36.0-255,66,182639,17,285825
30320,0.031916,74.125.68.0-255,1484,184123,17,285825
30321,0.033895,74.125.68.0-255,4320,188443,17,285825
30322,0.033901,172.31.36.0-255,66,188509,17,285825
30323,0.035906,74.125.68.0-255,5738,194247,17,285825
30324,0.035912,172.31.36.0-255,66,194313,17,285825
30325,0.03792,74.125.68.0-255,5738,200051,17,285825
30326,0.037927,172.31.36.0-255,66,200117,17,285825
30327,0.03994,74.125.68.0-255,5738,205855,17,285825
30328,0.039947,172.31.36.0-255,66,205921,17,285825
30329,0.041965,74.125.68.0-255,5738,211659,17,285825
30330,0.041971,172.31.36.0-255,66,211725,17,285825
30331,0.043987,74.125.68.0-255,5738,217463,17,285825
30332,0.043994,172.31.36.0-255,66,217529,17,285825
30333,0.046008,74.125.68.0-255,5738,223267,17,285825
30334,0.046018,172.31.36.0-255,66,223333,17,285825
30335,0.04803,74.125.68.0-255,5738,229071,17,285825
30336,0.048039,172.31.36.0-255,66,229137,17,285825
30337,0.050045,74.125.68.0-255,5738,234875,17,285825
30338,0.050052,172.31.36.0-255,66,234941,17,285825
30339,0.052098,74.125.68.0-255,5738,240679,17,285825
30340,0.052105,172.31.36.0-255,66,240745,17,285825
30341,0.054123,74.125.68.0-255,5738,246483,17,285825
30342,0.054129,172.31.36.0-255,66,246549,17,285825
30343,0.056168,74.125.68.0-255,5738,252287,17,285825
30344,0.056175,172.31.36.0-255,66,252353,17,285825
30345,0.058192,74.125.68.0-255,5738,258091,17,285825
30346,0.058198,172.31.36.0-255,66,258157,17,285825
30347,0.060203,74.125.68.0-255,5738,263895,17,285825
30348,0.060209,172.31.36.0-255,66,263961,17,285825
30349,0.062241,74.125.68.0-255,4320,268281,17,285825
30350,0.062248,172.31.36.0-255,66,268347,17,285825
30351,0.062269,74.125.68.0-255,1484,269831,17,285825
30352,0.064263,74.125.68.0-255,4320,274151,17,285825
30353,0.06427,172.31.36.0-255,66,274217,17,285825
30354,0.066299,74.125.68.0-255,5738,279955,17,285825
30355,0.066305,172.31.36.0-255,66,280021,17,285825
30356,0.068342,74.125.68.0-255,5738,285759,17,285825
30357,0.068349,172.31.36.0-255,66,285825,17,285825
30358,0.0,74.125.24.0-255,150,150,17,283293
30359,2.4e-05,172.31.36.0-255,66,216,17,283293
30360,3.2e-05,74.125.24.0-255,1484,1700,17,283293
30361,3.7e-05,172.31.36.0-255,66,1766,17,283293
30362,4.2e-05,74.125.24.0-255,2902,4668,17,283293
30363,4.6e-05,172.31.36.0-255,66,4734,17,283293
30364,4.9e-05,74.125.24.0-255,1484,6218,17,283293
30365,5.1e-05,172.31.36.0-255,66,6284,17,283293
30366,8.3e-05,74.125.24.0-255,7156,13440,17,283293
30367,8.6e-05,172.31.36.0-255,66,13506,17,283293
30368,0.000114,74.125.24.0-255,2067,15573,17,283293
30369,0.000116,172.31.36.0-255,66,15639,17,283293
30370,0.000129,172.31.36.0-255,66,15705,17,283293
30371,0.000135,74.125.24.0-255,5379,21084,17,283293
30372,0.000138,172.31.36.0-255,66,21150,17,283293
30373,0.00057,74.125.24.0-255,1484,22634,17,283293
30374,0.000576,172.31.36.0-255,66,22700,17,283293
30375,0.000583,74.125.24.0-255,2902,25602,17,283293
30376,0.000585,172.31.36.0-255,66,25668,17,283293
30377,0.000592,74.125.24.0-255,5738,31406,17,283293
30378,0.000594,172.31.36.0-255,66,31472,17,283293
30379,0.000643,74.125.24.0-255,2902,34374,17,283293
30380,0.000646,172.31.36.0-255,66,34440,17,283293
30381,0.000663,74.125.24.0-255,3961,38401,17,283293
30382,0.000665,172.31.36.0-255,66,38467,17,283293
30383,0.000784,74.125.24.0-255,1484,39951,17,283293
30384,0.000788,172.31.36.0-255,66,40017,17,283293
30385,0.000795,74.125.24.0-255,2902,42919,17,283293
30386,0.000796,172.31.36.0-255,66,42985,17,283293
30387,0.000804,74.125.24.0-255,5738,48723,17,283293
30388,0.000806,172.31.36.0-255,66,48789,17,283293
30389,0.000869,74.125.24.0-255,2902,51691,17,283293
30390,0.000872,172.31.36.0-255,66,51757,17,283293
30391,0.000892,74.125.24.0-255,3961,55718,17,283293
30392,0.000894,172.31.36.0-255,66,55784,17,283293
30393,0.000897,74.125.24.0-255,1484,57268,17,283293
30394,0.000902,74.125.24.0-255,2902,60170,17,283293
30395,0.000904,172.31.36.0-255,66,60236,17,283293
30396,0.000934,74.125.24.0-255,5738,65974,17,283293
30397,0.000938,172.31.36.0-255,66,66040,17,283293
30398,0.00098,172.31.36.0-255,66,66106,17,283293
30399,0.001108,74.125.24.0-255,1484,67590,17,283293
30400,0.001113,74.125.24.0-255,1484,69074,17,283293
30401,0.001116,172.31.36.0-255,66,69140,17,283293
30402,0.001143,74.125.24.0-255,1484,70624,17,283293
30403,0.00115,74.125.24.0-255,5738,76362,17,283293
30404,0.001153,172.31.36.0-255,66,76428,17,283293
30405,0.001163,172.31.36.0-255,66,76494,17,283293
30406,0.00118,74.125.24.0-255,4320,80814,17,283293
30407,0.001183,172.31.36.0-255,66,80880,17,283293
30408,0.001221,172.31.36.0-255,66,80946,17,283293
30409,0.001235,74.125.24.0-255,1622,82568,17,283293
30410,0.001237,172.31.36.0-255,66,82634,17,283293
30411,0.001241,74.125.24.0-255,1484,84118,17,283293
30412,0.001245,74.125.24.0-255,2902,87020,17,283293
30413,0.001249,172.31.36.0-255,66,87086,17,283293
30414,0.001255,74.125.24.0-255,5738,92824,17,283293
30415,0.001258,172.31.36.0-255,66,92890,17,283293
30416,0.001285,74.125.24.0-255,7156,100046,17,283293
30417,0.001288,172.31.36.0-255,66,100112,17,283293
30418,0.001293,74.125.24.0-255,2902,103014,17,283293
30419,0.001295,172.31.36.0-255,66,103080,17,283293
30420,0.001309,74.125.24.0-255,2902,105982,17,283293
30421,0.001311,172.31.36.0-255,66,106048,17,283293
30422,0.001335,74.125.24.0-255,2902,108950,17,283293
30423,0.001338,172.31.36.0-255,66,109016,17,283293
30424,0.001349,172.31.36.0-255,66,109082,17,283293
30425,0.001353,74.125.24.0-255,2902,111984,17,283293
30426,0.001356,172.31.36.0-255,66,112050,17,283293
30427,0.001387,74.125.24.0-255,5738,117788,17,283293
30428,0.00139,172.31.36.0-255,66,117854,17,283293
30429,0.001395,74.125.24.0-255,4320,122174,17,283293
30430,0.001397,172.31.36.0-255,66,122240,17,283293
30431,0.001414,74.125.24.0-255,5738,127978,17,283293
30432,0.001417,172.31.36.0-255,66,128044,17,283293
30433,0.001453,172.31.36.0-255,66,128110,17,283293
30434,0.001474,74.125.24.0-255,3602,131712,17,283293
30435,0.001478,172.31.36.0-255,66,131778,17,283293
30436,0.001557,74.125.24.0-255,1484,133262,17,283293
30437,0.001571,74.125.24.0-255,2902,136164,17,283293
30438,0.001574,172.31.36.0-255,66,136230,17,283293
30439,0.001582,74.125.24.0-255,5738,141968,17,283293
30440,0.001584,172.31.36.0-255,66,142034,17,283293
30441,0.001602,74.125.24.0-255,5738,147772,17,283293
30442,0.001606,172.31.36.0-255,66,147838,17,283293
30443,0.001634,74.125.24.0-255,7156,154994,17,283293
30444,0.001637,172.31.36.0-255,66,155060,17,283293
30445,0.001649,172.31.36.0-255,66,155126,17,283293
30446,0.001685,74.125.24.0-255,2184,157310,17,283293
30447,0.001687,172.31.36.0-255,66,157376,17,283293
30448,0.001704,74.125.24.0-255,1484,158860,17,283293
30449,0.001722,74.125.24.0-255,1484,160344,17,283293
30450,0.001725,172.31.36.0-255,66,160410,17,283293
30451,0.00173,74.125.24.0-255,2902,163312,17,283293
30452,0.001732,172.31.36.0-255,66,163378,17,283293
30453,0.00175,74.125.24.0-255,4320,167698,17,283293
30454,0.001753,172.31.36.0-255,66,167764,17,283293
30455,0.001764,172.31.36.0-255,66,167830,17,283293
30456,0.001782,74.125.24.0-255,2902,170732,17,283293
30457,0.001784,172.31.36.0-255,66,170798,17,283293
30458,0.00182,74.125.24.0-255,4320,175118,17,283293
30459,0.001824,172.31.36.0-255,66,175184,17,283293
30460,0.00186,74.125.24.0-255,5738,180922,17,283293
30461,0.001866,74.125.24.0-255,7156,188078,17,283293
30462,0.001871,172.31.36.0-255,66,188144,17,283293
30463,0.001874,172.31.36.0-255,66,188210,17,283293
30464,0.001877,172.31.36.0-255,66,188276,17,283293
30465,0.001889,74.125.24.0-255,4320,192596,17,283293
30466,0.001891,172.31.36.0-255,66,192662,17,283293
30467,0.001922,172.31.36.0-255,66,192728,17,283293
30468,0.001926,74.125.24.0-255,2902,195630,17,283293
30469,0.001929,172.31.36.0-255,66,195696,17,283293
30470,0.001947,74.125.24.0-255,3602,199298,17,283293
30471,0.001949,172.31.36.0-255,66,199364,17,283293
30472,0.001953,74.125.24.0-255,1484,200848,17,283293
30473,0.001973,74.125.24.0-255,2902,203750,17,283293
30474,0.001979,172.31.36.0-255,66,203816,17,283293
30475,0.002002,172.31.36.0-255,66,203882,17,283293
30476,0.002039,74.125.24.0-255,2902,206784,17,283293
30477,0.002041,172.31.36.0-255,66,206850,17,283293
30478,0.002061,74.125.24.0-255,4320,211170,17,283293
30479,0.002064,172.31.36.0-255,66,211236,17,283293
30480,0.002074,172.31.36.0-255,66,211302,17,283293
30481,0.002079,74.125.24.0-255,3602,214904,17,283293
30482,0.002082,172.31.36.0-255,66,214970,17,283293
30483,0.002088,74.125.24.0-255,4320,219290,17,283293
30484,0.00209,172.31.36.0-255,66,219356,17,283293
30485,0.002119,74.125.24.0-255,5738,225094,17,283293
30486,0.002123,74.125.24.0-255,1484,226578,17,283293
30487,0.002127,172.31.36.0-255,66,226644,17,283293
30488,0.002139,74.125.24.0-255,5738,232382,17,283293
30489,0.002157,172.31.36.0-255,66,232448,17,283293
30490,0.002165,74.125.24.0-255,7156,239604,17,283293
30491,0.00217,172.31.36.0-255,66,239670,17,283293
30492,0.002188,74.125.24.0-255,7156,246826,17,283293
30493,0.002204,74.125.24.0-255,5738,252564,17,283293
30494,0.002211,172.31.36.0-255,66,252630,17,283293
30495,0.002219,74.125.24.0-255,766,253396,17,283293
30496,0.002226,74.125.24.0-255,7156,260552,17,283293
30497,0.002247,74.125.24.0-255,4320,264872,17,283293
30498,0.002258,172.31.36.0-255,66,264938,17,283293
30499,0.002287,74.125.24.0-255,6438,271376,17,283293
30500,0.00229,74.125.24.0-255,1484,272860,17,283293
30501,0.002321,172.31.36.0-255,66,272926,17,283293
30502,0.002352,74.125.24.0-255,2641,275567,17,283293
30503,0.002357,172.31.36.0-255,66,275633,17,283293
30504,0.002373,74.125.24.0-255,105,275738,17,283293
30505,0.010337,172.31.36.0-255,66,275804,17,283293
30506,0.010387,172.31.36.0-255,105,275909,17,283293
30507,0.01289,74.125.24.0-255,66,275975,17,283293
30508,0.037136,172.31.36.0-255,172,276147,17,283293
30509,0.03717,172.31.36.0-255,1117,277264,17,283293
30510,0.037236,172.31.36.0-255,1514,278778,17,283293
30511,0.037237,172.31.36.0-255,1514,280292,17,283293
30512,0.037242,172.31.36.0-255,1514,281806,17,283293
30513,0.037243,172.31.36.0-255,1049,282855,17,283293
30514,0.038702,104.244.42.0-255,66,282921,17,283293
30515,0.038733,104.244.42.0-255,66,282987,17,283293
30516,0.038804,104.244.42.0-255,66,283053,17,283293
30517,0.038818,104.244.42.0-255,66,283119,17,283293
30518,0.039438,104.244.42.0-255,108,283227,17,283293
30519,0.039446,172.31.36.0-255,66,283293,17,283293
30520,0.0,74.125.24.0-255,152,152,17,237604
30521,2.9e-05,172.31.36.0-255,66,218,17,237604
30522,3.5e-05,74.125.24.0-255,1484,1702,17,237604
30523,3.9e-05,172.31.36.0-255,66,1768,17,237604
30524,5.3e-05,74.125.24.0-255,2902,4670,17,237604
30525,5.7e-05,172.31.36.0-255,66,4736,17,237604
30526,0.000112,74.125.24.0-255,2902,7638,17,237604
30527,0.000116,172.31.36.0-255,66,7704,17,237604
30528,0.000136,74.125.24.0-255,4320,12024,17,237604
30529,0.00014,172.31.36.0-255,66,12090,17,237604
30530,0.000306,74.125.24.0-255,2066,14156,17,237604
30531,0.000311,172.31.36.0-255,66,14222,17,237604
30532,0.00092,74.125.24.0-255,1484,15706,17,237604
30533,0.000928,172.31.36.0-255,66,15772,17,237604
30534,0.000939,74.125.24.0-255,2902,18674,17,237604
30535,0.00095,172.31.36.0-255,66,18740,17,237604
30536,0.000993,74.125.24.0-255,5738,24478,17,237604
30537,0.000995,172.31.36.0-255,66,24544,17,237604
30538,0.001134,74.125.24.0-255,4320,28864,17,237604
30539,0.001138,172.31.36.0-255,66,28930,17,237604
30540,0.001274,172.31.36.0-255,66,28996,17,237604
30541,0.001601,172.31.36.0-255,66,29062,17,237604
30542,0.001637,172.31.36.0-255,66,29128,17,237604
30543,0.002246,172.31.36.0-255,66,29194,17,237604
30544,0.002277,74.125.24.0-255,6100,35294,17,237604
30545,0.00228,172.31.36.0-255,66,35360,17,237604
30546,0.002609,172.31.36.0-255,66,35426,17,237604
30547,0.002637,74.125.24.0-255,5020,40446,17,237604
30548,0.002641,172.31.36.0-255,66,40512,17,237604
30549,0.003121,172.31.36.0-255,66,40578,17,237604
30550,0.003178,172.31.36.0-255,66,40644,17,237604
30551,0.00515,74.125.24.0-255,5738,46382,17,237604
30552,0.005158,172.31.36.0-255,66,46448,17,237604
30553,0.007117,74.125.24.0-255,5738,52186,17,237604
30554,0.007125,172.31.36.0-255,66,52252,17,237604
30555,0.009097,74.125.24.0-255,4320,56572,17,237604
30556,0.009105,172.31.36.0-255,66,56638,17,237604
30557,0.009131,74.125.24.0-255,1484,58122,17,237604
30558,0.011095,74.125.24.0-255,4320,62442,17,237604
30559,0.011105,172.31.36.0-255,66,62508,17,237604
30560,0.013083,74.125.24.0-255,5738,68246,17,237604
30561,0.013096,172.31.36.0-255,66,68312,17,237604
30562,0.015086,74.125.24.0-255,5738,74050,17,237604
30563,0.015094,172.31.36.0-255,66,74116,17,237604
30564,0.017061,74.125.24.0-255,5738,79854,17,237604
30565,0.017068,172.31.36.0-255,66,79920,17,237604
30566,0.019084,74.125.24.0-255,5738,85658,17,237604
30567,0.019092,172.31.36.0-255,66,85724,17,237604
30568,0.021119,74.125.24.0-255,5738,91462,17,237604
30569,0.021126,172.31.36.0-255,66,91528,17,237604
30570,0.022663,172.31.36.0-255,172,91700,17,237604
30571,0.022709,172.31.36.0-255,1116,92816,17,237604
30572,0.022776,172.31.36.0-255,1514,94330,17,237604
30573,0.022778,172.31.36.0-255,1272,95602,17,237604
30574,0.023093,74.125.24.0-255,5738,101340,17,237604
30575,0.023101,172.31.36.0-255,66,101406,17,237604
30576,0.02421,104.244.42.0-255,66,101472,17,237604
30577,0.024259,104.244.42.0-255,66,101538,17,237604
30578,0.024352,104.244.42.0-255,66,101604,17,237604
30579,0.025066,74.125.24.0-255,5738,107342,17,237604
30580,0.025072,172.31.36.0-255,66,107408,17,237604
30581,0.027067,74.125.24.0-255,5738,113146,17,237604
30582,0.027073,172.31.36.0-255,66,113212,17,237604
30583,0.029078,74.125.24.0-255,5738,118950,17,237604
30584,0.029082,172.31.36.0-255,66,119016,17,237604
30585,0.031053,74.125.24.0-255,5738,124754,17,237604
30586,0.031059,172.31.36.0-255,66,124820,17,237604
30587,0.033035,74.125.24.0-255,2902,127722,17,237604
30588,0.033041,172.31.36.0-255,66,127788,17,237604
30589,0.033075,74.125.24.0-255,2902,130690,17,237604
30590,0.033078,172.31.36.0-255,66,130756,17,237604
30591,0.035033,74.125.24.0-255,2902,133658,17,237604
30592,0.035041,172.31.36.0-255,66,133724,17,237604
30593,0.035063,74.125.24.0-255,2902,136626,17,237604
30594,0.035067,172.31.36.0-255,66,136692,17,237604
30595,0.037055,74.125.24.0-255,2902,139594,17,237604
30596,0.037062,172.31.36.0-255,66,139660,17,237604
30597,0.037096,74.125.24.0-255,2902,142562,17,237604
30598,0.037099,172.31.36.0-255,66,142628,17,237604
30599,0.03906,74.125.24.0-255,2902,145530,17,237604
30600,0.039067,172.31.36.0-255,66,145596,17,237604
30601,0.0391,74.125.24.0-255,2902,148498,17,237604
30602,0.039103,172.31.36.0-255,66,148564,17,237604
30603,0.041056,74.125.24.0-255,2902,151466,17,237604
30604,0.041062,172.31.36.0-255,66,151532,17,237604
30605,0.041119,74.125.24.0-255,2902,154434,17,237604
30606,0.041122,172.31.36.0-255,66,154500,17,237604
30607,0.043065,74.125.24.0-255,2902,157402,17,237604
30608,0.043072,172.31.36.0-255,66,157468,17,237604
30609,0.043105,74.125.24.0-255,2902,160370,17,237604
30610,0.043108,172.31.36.0-255,66,160436,17,237604
30611,0.045057,74.125.24.0-255,2902,163338,17,237604
30612,0.045061,172.31.36.0-255,66,163404,17,237604
30613,0.045087,74.125.24.0-255,2902,166306,17,237604
30614,0.04509,172.31.36.0-255,66,166372,17,237604
30615,0.047049,74.125.24.0-255,2902,169274,17,237604
30616,0.047061,172.31.36.0-255,66,169340,17,237604
30617,0.047087,74.125.24.0-255,2902,172242,17,237604
30618,0.047091,172.31.36.0-255,66,172308,17,237604
30619,0.049036,74.125.24.0-255,2902,175210,17,237604
30620,0.049043,172.31.36.0-255,66,175276,17,237604
30621,0.049072,74.125.24.0-255,2902,178178,17,237604
30622,0.049075,172.31.36.0-255,66,178244,17,237604
30623,0.051019,74.125.24.0-255,2902,181146,17,237604
30624,0.05103,172.31.36.0-255,66,181212,17,237604
30625,0.05106,74.125.24.0-255,2902,184114,17,237604
30626,0.051064,172.31.36.0-255,66,184180,17,237604
30627,0.053034,74.125.24.0-255,2902,187082,17,237604
30628,0.053041,172.31.36.0-255,66,187148,17,237604
30629,0.053068,74.125.24.0-255,2902,190050,17,237604
30630,0.053071,172.31.36.0-255,66,190116,17,237604
30631,0.055029,74.125.24.0-255,2902,193018,17,237604
30632,0.055036,172.31.36.0-255,66,193084,17,237604
30633,0.055064,74.125.24.0-255,2902,195986,17,237604
30634,0.055066,172.31.36.0-255,66,196052,17,237604
30635,0.057017,74.125.24.0-255,2902,198954,17,237604
30636,0.057023,172.31.36.0-255,66,199020,17,237604
30637,0.057054,74.125.24.0-255,2902,201922,17,237604
30638,0.057057,172.31.36.0-255,66,201988,17,237604
30639,0.058989,74.125.24.0-255,2902,204890,17,237604
30640,0.058996,172.31.36.0-255,66,204956,17,237604
30641,0.05903,74.125.24.0-255,2902,207858,17,237604
30642,0.059032,172.31.36.0-255,66,207924,17,237604
30643,0.060956,74.125.24.0-255,2902,210826,17,237604
30644,0.060963,172.31.36.0-255,66,210892,17,237604
30645,0.060991,74.125.24.0-255,1484,212376,17,237604
30646,0.061007,74.125.24.0-255,1484,213860,17,237604
30647,0.061009,172.31.36.0-255,66,213926,17,237604
30648,0.062953,74.125.24.0-255,2902,216828,17,237604
30649,0.062959,172.31.36.0-255,66,216894,17,237604
30650,0.062991,74.125.24.0-255,2902,219796,17,237604
30651,0.062994,172.31.36.0-255,66,219862,17,237604
30652,0.064936,74.125.24.0-255,2902,222764,17,237604
30653,0.064942,172.31.36.0-255,66,222830,17,237604
30654,0.064971,74.125.24.0-255,2902,225732,17,237604
30655,0.064974,172.31.36.0-255,66,225798,17,237604
30656,0.066904,74.125.24.0-255,2902,228700,17,237604
30657,0.066912,172.31.36.0-255,66,228766,17,237604
30658,0.066937,74.125.24.0-255,2902,231668,17,237604
30659,0.06694,172.31.36.0-255,66,231734,17,237604
30660,0.068901,74.125.24.0-255,4320,236054,17,237604
30661,0.068909,172.31.36.0-255,66,236120,17,237604
30662,0.068943,74.125.24.0-255,1484,237604,17,237604
30663,0.0,172.217.160.0-255,146,146,17,324542
30664,2.4e-05,172.31.36.0-255,66,212,17,324542
30665,3.1e-05,172.217.160.0-255,1484,1696,17,324542
30666,3.5e-05,172.31.36.0-255,66,1762,17,324542
30667,4.2e-05,172.217.160.0-255,2902,4664,17,324542
30668,4.6e-05,172.31.36.0-255,66,4730,17,324542
30669,5.1e-05,172.217.160.0-255,2902,7632,17,324542
30670,5.4e-05,172.31.36.0-255,66,7698,17,324542
30671,5.8e-05,172.217.160.0-255,1484,9182,17,324542
30672,6.1e-05,172.31.36.0-255,66,9248,17,324542
30673,8.2e-05,172.217.160.0-255,4928,14176,17,324542
30674,8.5e-05,172.31.36.0-255,66,14242,17,324542
30675,9.3e-05,172.217.160.0-255,7156,21398,17,324542
30676,9.6e-05,172.31.36.0-255,66,21464,17,324542
30677,0.000127,172.31.36.0-255,66,21530,17,324542
30678,0.000397,172.217.160.0-255,1484,23014,17,324542
30679,0.000402,172.31.36.0-255,66,23080,17,324542
30680,0.000409,172.217.160.0-255,2902,25982,17,324542
30681,0.000411,172.31.36.0-255,66,26048,17,324542
30682,0.000418,172.217.160.0-255,5738,31786,17,324542
30683,0.000421,172.31.36.0-255,66,31852,17,324542
30684,0.000472,172.217.160.0-255,1484,33336,17,324542
30685,0.000476,172.31.36.0-255,66,33402,17,324542
30686,0.0005,172.217.160.0-255,6797,40199,17,324542
30687,0.000504,172.31.36.0-255,66,40265,17,324542
30688,0.000514,172.31.36.0-255,66,40331,17,324542
30689,0.000522,172.217.160.0-255,6797,47128,17,324542
30690,0.000524,172.31.36.0-255,66,47194,17,324542
30691,0.000708,172.217.160.0-255,335,47529,17,324542
30692,0.000713,172.31.36.0-255,66,47595,17,324542
30693,0.001026,172.217.160.0-255,407,48002,17,324542
30694,0.001066,172.31.36.0-255,66,48068,17,324542
30695,0.001096,172.217.160.0-255,1484,49552,17,324542
30696,0.001114,172.217.160.0-255,2902,52454,17,324542
30697,0.001118,172.31.36.0-255,66,52520,17,324542
30698,0.001125,172.217.160.0-255,5738,58258,17,324542
30699,0.001127,172.31.36.0-255,66,58324,17,324542
30700,0.001133,172.217.160.0-255,4320,62644,17,324542
30701,0.001135,172.31.36.0-255,66,62710,17,324542
30702,0.001168,172.217.160.0-255,4320,67030,17,324542
30703,0.00117,172.31.36.0-255,66,67096,17,324542
30704,0.001191,172.217.160.0-255,1125,68221,17,324542
30705,0.001199,172.217.160.0-255,7156,75377,17,324542
30706,0.001201,172.31.36.0-255,66,75443,17,324542
30707,0.001234,172.217.160.0-255,6797,82240,17,324542
30708,0.001237,172.31.36.0-255,66,82306,17,324542
30709,0.002866,172.217.160.0-255,5738,88044,17,324542
30710,0.002875,172.31.36.0-255,66,88110,17,324542
30711,0.004509,172.217.160.0-255,5738,93848,17,324542
30712,0.004518,172.31.36.0-255,66,93914,17,324542
30713,0.006161,172.217.160.0-255,5738,99652,17,324542
30714,0.006168,172.31.36.0-255,66,99718,17,324542
30715,0.007796,172.217.160.0-255,5738,105456,17,324542
30716,0.007802,172.31.36.0-255,66,105522,17,324542
30717,0.009459,172.217.160.0-255,5738,111260,17,324542
30718,0.009471,172.31.36.0-255,66,111326,17,324542
30719,0.011121,172.217.160.0-255,5738,117064,17,324542
30720,0.011137,172.31.36.0-255,66,117130,17,324542
30721,0.012794,172.217.160.0-255,5738,122868,17,324542
30722,0.012811,172.31.36.0-255,66,122934,17,324542
30723,0.01446,172.217.160.0-255,5738,128672,17,324542
30724,0.014475,172.31.36.0-255,66,128738,17,324542
30725,0.016123,172.217.160.0-255,5738,134476,17,324542
30726,0.01614,172.31.36.0-255,66,134542,17,324542
30727,0.017782,172.217.160.0-255,5738,140280,17,324542
30728,0.017796,172.31.36.0-255,66,140346,17,324542
30729,0.019425,172.217.160.0-255,5738,146084,17,324542
30730,0.019437,172.31.36.0-255,66,146150,17,324542
30731,0.021073,172.217.160.0-255,5738,151888,17,324542
30732,0.021088,172.31.36.0-255,66,151954,17,324542
30733,0.022721,172.217.160.0-255,5738,157692,17,324542
30734,0.02273,172.31.36.0-255,66,157758,17,324542
30735,0.024402,172.217.160.0-255,5738,163496,17,324542
30736,0.024413,172.31.36.0-255,66,163562,17,324542
30737,0.026048,172.217.160.0-255,5738,169300,17,324542
30738,0.026065,172.31.36.0-255,66,169366,17,324542
30739,0.027709,172.217.160.0-255,5738,175104,17,324542
30740,0.027722,172.31.36.0-255,66,175170,17,324542
30741,0.028436,172.31.36.0-255,172,175342,17,324542
30742,0.028479,172.31.36.0-255,1118,176460,17,324542
30743,0.028551,172.31.36.0-255,1514,177974,17,324542
30744,0.028552,172.31.36.0-255,1270,179244,17,324542
30745,0.029383,172.217.160.0-255,5738,184982,17,324542
30746,0.029391,172.31.36.0-255,66,185048,17,324542
30747,0.030007,104.244.42.0-255,66,185114,17,324542
30748,0.03005,104.244.42.0-255,66,185180,17,324542
30749,0.030146,104.244.42.0-255,66,185246,17,324542
30750,0.031029,172.217.160.0-255,5738,190984,17,324542
30751,0.031036,172.31.36.0-255,66,191050,17,324542
30752,0.032669,172.217.160.0-255,5738,196788,17,324542
30753,0.032677,172.31.36.0-255,66,196854,17,324542
30754,0.034326,172.217.160.0-255,5738,202592,17,324542
30755,0.034335,172.31.36.0-255,66,202658,17,324542
30756,0.035972,172.217.160.0-255,5738,208396,17,324542
30757,0.035979,172.31.36.0-255,66,208462,17,324542
30758,0.037624,172.217.160.0-255,5738,214200,17,324542
30759,0.037644,172.31.36.0-255,66,214266,17,324542
30760,0.039291,172.217.160.0-255,5738,220004,17,324542
30761,0.039305,172.31.36.0-255,66,220070,17,324542
30762,0.040979,172.217.160.0-255,5738,225808,17,324542
30763,0.040991,172.31.36.0-255,66,225874,17,324542
30764,0.042643,172.217.160.0-255,5738,231612,17,324542
30765,0.042654,172.31.36.0-255,66,231678,17,324542
30766,0.044305,172.217.160.0-255,5738,237416,17,324542
30767,0.044315,172.31.36.0-255,66,237482,17,324542
30768,0.045945,172.217.160.0-255,5738,243220,17,324542
30769,0.045954,172.31.36.0-255,66,243286,17,324542
30770,0.047588,172.217.160.0-255,5738,249024,17,324542
30771,0.047595,172.31.36.0-255,66,249090,17,324542
30772,0.049234,172.217.160.0-255,5738,254828,17,324542
30773,0.049241,172.31.36.0-255,66,254894,17,324542
30774,0.05088,172.217.160.0-255,5738,260632,17,324542
30775,0.050887,172.31.36.0-255,66,260698,17,324542
30776,0.052533,172.217.160.0-255,5738,266436,17,324542
30777,0.052543,172.31.36.0-255,66,266502,17,324542
30778,0.054178,172.217.160.0-255,5738,272240,17,324542
30779,0.054187,172.31.36.0-255,66,272306,17,324542
30780,0.05582,172.217.160.0-255,5738,278044,17,324542
30781,0.055828,172.31.36.0-255,66,278110,17,324542
30782,0.057466,172.217.160.0-255,5738,283848,17,324542
30783,0.057474,172.31.36.0-255,66,283914,17,324542
30784,0.059116,172.217.160.0-255,5738,289652,17,324542
30785,0.059124,172.31.36.0-255,66,289718,17,324542
30786,0.060774,172.217.160.0-255,5738,295456,17,324542
30787,0.060782,172.31.36.0-255,66,295522,17,324542
30788,0.062429,172.217.160.0-255,5738,301260,17,324542
30789,0.062437,172.31.36.0-255,66,301326,17,324542
30790,0.064071,172.217.160.0-255,5738,307064,17,324542
30791,0.064078,172.31.36.0-255,66,307130,17,324542
30792,0.065719,172.217.160.0-255,5738,312868,17,324542
30793,0.06573,172.31.36.0-255,66,312934,17,324542
30794,0.067368,172.217.160.0-255,5738,318672,17,324542
30795,0.067376,172.31.36.0-255,66,318738,17,324542
30796,0.069011,172.217.160.0-255,5738,324476,17,324542
30797,0.069022,172.31.36.0-255,66,324542,17,324542
30798,0.0,172.31.36.0-255,105,105,17,459
30799,0.000199,172.31.36.0-255,90,195,17,459
30800,0.000209,172.31.36.0-255,66,261,17,459
30801,0.00228,74.125.200.0-255,66,327,17,459
30802,0.002307,74.125.200.0-255,66,393,17,459
30803,0.002328,172.31.36.0-255,66,459,17,459
30804,0.0,74.125.68.0-255,153,153,17,365961
30805,3.3e-05,172.31.36.0-255,66,219,17,365961
30806,4e-05,74.125.68.0-255,1484,1703,17,365961
30807,4.4e-05,172.31.36.0-255,66,1769,17,365961
30808,4.9e-05,74.125.68.0-255,2902,4671,17,365961
30809,5.1e-05,172.31.36.0-255,66,4737,17,365961
30810,5.3e-05,74.125.68.0-255,1484,6221,17,365961
30811,5.6e-05,172.31.36.0-255,66,6287,17,365961
30812,8e-05,74.125.68.0-255,5738,12025,17,365961
30813,8.3e-05,172.31.36.0-255,66,12091,17,365961
30814,8.6e-05,74.125.68.0-255,2077,14168,17,365961
30815,8.8e-05,172.31.36.0-255,66,14234,17,365961
30816,0.000163,74.125.68.0-255,1484,15718,17,365961
30817,0.000168,172.31.36.0-255,66,15784,17,365961
30818,0.000172,74.125.68.0-255,2902,18686,17,365961
30819,0.000174,172.31.36.0-255,66,18752,17,365961
30820,0.000194,74.125.68.0-255,1484,20236,17,365961
30821,0.000196,172.31.36.0-255,66,20302,17,365961
30822,0.00021,74.125.68.0-255,4320,24622,17,365961
30823,0.000213,172.31.36.0-255,66,24688,17,365961
30824,0.000231,74.125.68.0-255,4320,29008,17,365961
30825,0.000234,172.31.36.0-255,66,29074,17,365961
30826,0.000261,74.125.68.0-255,2543,31617,17,365961
30827,0.000263,172.31.36.0-255,66,31683,17,365961
30828,0.000271,74.125.68.0-255,7156,38839,17,365961
30829,0.000273,74.125.68.0-255,1484,40323,17,365961
30830,0.000276,172.31.36.0-255,66,40389,17,365961
30831,0.000279,172.31.36.0-255,66,40455,17,365961
30832,0.000296,74.125.68.0-255,1484,41939,17,365961
30833,0.000298,172.31.36.0-255,66,42005,17,365961
30834,0.000325,74.125.68.0-255,5738,47743,17,365961
30835,0.000329,172.31.36.0-255,66,47809,17,365961
30836,0.000331,74.125.68.0-255,1125,48934,17,365961
30837,0.000335,74.125.68.0-255,1484,50418,17,365961
30838,0.000344,172.31.36.0-255,66,50484,17,365961
30839,0.000348,74.125.68.0-255,1484,51968,17,365961
30840,0.000362,74.125.68.0-255,2902,54870,17,365961
30841,0.000374,172.31.36.0-255,66,54936,17,365961
30842,0.000376,74.125.68.0-255,2902,57838,17,365961
30843,0.000389,172.31.36.0-255,66,57904,17,365961
30844,0.000396,74.125.68.0-255,4320,62224,17,365961
30845,0.000402,172.31.36.0-255,66,62290,17,365961
30846,0.000427,74.125.68.0-255,3961,66251,17,365961
30847,0.000433,172.31.36.0-255,66,66317,17,365961
30848,0.00045,74.125.68.0-255,648,66965,17,365961
30849,0.000786,172.31.36.0-255,66,67031,17,365961
30850,0.000901,74.125.68.0-255,1484,68515,17,365961
30851,0.00091,74.125.68.0-255,2902,71417,17,365961
30852,0.000913,74.125.68.0-255,1484,72901,17,365961
30853,0.000939,74.125.68.0-255,4320,77221,17,365961
30854,0.000943,74.125.68.0-255,2902,80123,17,365961
30855,0.000946,74.125.68.0-255,2902,83025,17,365961
30856,0.000958,74.125.68.0-255,1484,84509,17,365961
30857,0.000961,74.125.68.0-255,1484,85993,17,365961
30858,0.000965,172.31.36.0-255,66,86059,17,365961
30859,0.000987,74.125.68.0-255,7156,93215,17,365961
30860,0.000993,74.125.68.0-255,5738,98953,17,365961
30861,0.00102,172.31.36.0-255,66,99019,17,365961
30862,0.001034,74.125.68.0-255,2184,101203,17,365961
30863,0.001071,172.31.36.0-255,66,101269,17,365961
30864,0.001831,74.125.68.0-255,1484,102753,17,365961
30865,0.00184,74.125.68.0-255,2902,105655,17,365961
30866,0.001844,172.31.36.0-255,66,105721,17,365961
30867,0.001848,74.125.68.0-255,1484,107205,17,365961
30868,0.00187,74.125.68.0-255,4320,111525,17,365961
30869,0.001886,172.31.36.0-255,66,111591,17,365961
30870,0.001896,74.125.68.0-255,5738,117329,17,365961
30871,0.001902,172.31.36.0-255,66,117395,17,365961
30872,0.001916,74.125.68.0-255,7156,124551,17,365961
30873,0.001949,74.125.68.0-255,5738,130289,17,365961
30874,0.001962,172.31.36.0-255,66,130355,17,365961
30875,0.001969,74.125.68.0-255,5020,135375,17,365961
30876,0.001973,172.31.36.0-255,66,135441,17,365961
30877,0.00199,74.125.68.0-255,2902,138343,17,365961
30878,0.002007,74.125.68.0-255,2902,141245,17,365961
30879,0.002011,74.125.68.0-255,2902,144147,17,365961
30880,0.002029,74.125.68.0-255,4320,148467,17,365961
30881,0.002035,172.31.36.0-255,66,148533,17,365961
30882,0.002045,74.125.68.0-255,4320,152853,17,365961
30883,0.002061,74.125.68.0-255,7156,160009,17,365961
30884,0.00207,74.125.68.0-255,1484,161493,17,365961
30885,0.002077,172.31.36.0-255,66,161559,17,365961
30886,0.002133,74.125.68.0-255,4320,165879,17,365961
30887,0.002145,172.31.36.0-255,66,165945,17,365961
30888,0.00215,74.125.68.0-255,3602,169547,17,365961
30889,0.002162,172.31.36.0-255,66,169613,17,365961
30890,0.002189,74.125.68.0-255,2902,172515,17,365961
30891,0.002198,172.31.36.0-255,66,172581,17,365961
30892,0.002209,74.125.68.0-255,7156,179737,17,365961
30893,0.002221,172.31.36.0-255,66,179803,17,365961
30894,0.002234,74.125.68.0-255,1484,181287,17,365961
30895,0.002251,74.125.68.0-255,2902,184189,17,365961
30896,0.002262,74.125.68.0-255,2184,186373,17,365961
30897,0.002272,172.31.36.0-255,66,186439,17,365961
30898,0.002322,74.125.68.0-255,1484,187923,17,365961
30899,0.002326,74.125.68.0-255,1484,189407,17,365961
30900,0.002342,172.31.36.0-255,66,189473,17,365961
30901,0.004561,74.125.68.0-255,2902,192375,17,365961
30902,0.004565,172.31.36.0-255,66,192441,17,365961
30903,0.004634,74.125.68.0-255,2902,195343,17,365961
30904,0.004637,172.31.36.0-255,66,195409,17,365961
30905,0.00688,74.125.68.0-255,2902,198311,17,365961
30906,0.006888,172.31.36.0-255,66,198377,17,365961
30907,0.006932,74.125.68.0-255,2902,201279,17,365961
30908,0.006947,172.31.36.0-255,66,201345,17,365961
30909,0.009193,74.125.68.0-255,2902,204247,17,365961
30910,0.009201,172.31.36.0-255,66,204313,17,365961
30911,0.009297,74.125.68.0-255,2902,207215,17,365961
30912,0.009303,172.31.36.0-255,66,207281,17,365961
30913,0.011498,74.125.68.0-255,2902,210183,17,365961
30914,0.011505,172.31.36.0-255,66,210249,17,365961
30915,0.011601,74.125.68.0-255,2902,213151,17,365961
30916,0.011622,172.31.36.0-255,66,213217,17,365961
30917,0.013809,74.125.68.0-255,2902,216119,17,365961
30918,0.013817,172.31.36.0-255,66,216185,17,365961
30919,0.013912,74.125.68.0-255,2902,219087,17,365961
30920,0.013916,172.31.36.0-255,66,219153,17,365961
30921,0.016123,74.125.68.0-255,2902,222055,17,365961
30922,0.01613,172.31.36.0-255,66,222121,17,365961
30923,0.016221,74.125.68.0-255,2902,225023,17,365961
30924,0.016279,172.31.36.0-255,66,225089,17,365961
30925,0.01845,74.125.68.0-255,2902,227991,17,365961
30926,0.018458,172.31.36.0-255,66,228057,17,365961
30927,0.018584,74.125.68.0-255,2902,230959,17,365961
30928,0.018641,172.31.36.0-255,66,231025,17,365961
30929,0.020772,74.125.68.0-255,2902,233927,17,365961
30930,0.020779,172.31.36.0-255,66,233993,17,365961
30931,0.020948,74.125.68.0-255,2902,236895,17,365961
30932,0.020953,172.31.36.0-255,66,236961,17,365961
30933,0.023106,74.125.68.0-255,2902,239863,17,365961
30934,0.023113,172.31.36.0-255,66,239929,17,365961
30935,0.023269,74.125.68.0-255,1484,241413,17,365961
30936,0.023287,74.125.68.0-255,1484,242897,17,365961
30937,0.023292,172.31.36.0-255,66,242963,17,365961
30938,0.025418,74.125.68.0-255,2902,245865,17,365961
30939,0.025424,172.31.36.0-255,66,245931,17,365961
30940,0.02559,74.125.68.0-255,2902,248833,17,365961
30941,0.025597,172.31.36.0-255,66,248899,17,365961
30942,0.025902,172.31.36.0-255,176,249075,17,365961
30943,0.025946,172.31.36.0-255,1116,250191,17,365961
30944,0.026075,172.31.36.0-255,1514,251705,17,365961
30945,0.026077,172.31.36.0-255,1274,252979,17,365961
30946,0.027441,104.244.42.0-255,66,253045,17,365961
30947,0.027492,104.244.42.0-255,66,253111,17,365961
30948,0.027633,104.244.42.0-255,66,253177,17,365961
30949,0.02772,74.125.68.0-255,2902,256079,17,365961
30950,0.027724,172.31.36.0-255,66,256145,17,365961
30951,0.027886,74.125.68.0-255,2902,259047,17,365961
30952,0.027891,172.31.36.0-255,66,259113,17,365961
30953,0.030029,74.125.68.0-255,2902,262015,17,365961
30954,0.030035,172.31.36.0-255,66,262081,17,365961
30955,0.030179,74.125.68.0-255,2902,264983,17,365961
30956,0.030185,172.31.36.0-255,66,265049,17,365961
30957,0.032334,74.125.68.0-255,2902,267951,17,365961
30958,0.032339,172.31.36.0-255,66,268017,17,365961
30959,0.032486,74.125.68.0-255,2902,270919,17,365961
30960,0.032491,172.31.36.0-255,66,270985,17,365961
30961,0.03464,74.125.68.0-255,2902,273887,17,365961
30962,0.034647,172.31.36.0-255,66,273953,17,365961
30963,0.034796,74.125.68.0-255,2902,276855,17,365961
30964,0.035162,172.31.36.0-255,66,276921,17,365961
30965,0.036955,74.125.68.0-255,2902,279823,17,365961
30966,0.036961,172.31.36.0-255,66,279889,17,365961
30967,0.037467,74.125.68.0-255,2902,282791,17,365961
30968,0.037472,172.31.36.0-255,66,282857,17,365961
30969,0.03926,74.125.68.0-255,2902,285759,17,365961
30970,0.039265,172.31.36.0-255,66,285825,17,365961
30971,0.039768,74.125.68.0-255,2902,288727,17,365961
30972,0.039773,172.31.36.0-255,66,288793,17,365961
30973,0.041564,74.125.68.0-255,2902,291695,17,365961
30974,0.041569,172.31.36.0-255,66,291761,17,365961
30975,0.042061,74.125.68.0-255,2902,294663,17,365961
30976,0.042066,172.31.36.0-255,66,294729,17,365961
30977,0.043873,74.125.68.0-255,2902,297631,17,365961
30978,0.043878,172.31.36.0-255,66,297697,17,365961
30979,0.044363,74.125.68.0-255,2902,300599,17,365961
30980,0.044369,172.31.36.0-255,66,300665,17,365961
30981,0.046177,74.125.68.0-255,2902,303567,17,365961
30982,0.046182,172.31.36.0-255,66,303633,17,365961
30983,0.04666,74.125.68.0-255,2902,306535,17,365961
30984,0.046665,172.31.36.0-255,66,306601,17,365961
30985,0.048485,74.125.68.0-255,2902,309503,17,365961
30986,0.04849,172.31.36.0-255,66,309569,17,365961
30987,0.048955,74.125.68.0-255,2902,312471,17,365961
30988,0.04896,172.31.36.0-255,66,312537,17,365961
30989,0.050794,74.125.68.0-255,2902,315439,17,365961
30990,0.050798,172.31.36.0-255,66,315505,17,365961
30991,0.051257,74.125.68.0-255,2902,318407,17,365961
30992,0.051262,172.31.36.0-255,66,318473,17,365961
30993,0.053099,74.125.68.0-255,2902,321375,17,365961
30994,0.053105,172.31.36.0-255,66,321441,17,365961
30995,0.053687,74.125.68.0-255,2902,324343,17,365961
30996,0.053692,172.31.36.0-255,66,324409,17,365961
30997,0.055392,74.125.68.0-255,2902,327311,17,365961
30998,0.055397,172.31.36.0-255,66,327377,17,365961
30999,0.055981,74.125.68.0-255,2902,330279,17,365961
31000,0.055986,172.31.36.0-255,66,330345,17,365961
31001,0.057685,74.125.68.0-255,2902,333247,17,365961
31002,0.05769,172.31.36.0-255,66,333313,17,365961
31003,0.058277,74.125.68.0-255,2902,336215,17,365961
31004,0.058283,172.31.36.0-255,66,336281,17,365961
31005,0.060015,74.125.68.0-255,2902,339183,17,365961
31006,0.06002,172.31.36.0-255,66,339249,17,365961
31007,0.060587,74.125.68.0-255,2902,342151,17,365961
31008,0.060592,172.31.36.0-255,66,342217,17,365961
31009,0.062316,74.125.68.0-255,2902,345119,17,365961
31010,0.062321,172.31.36.0-255,66,345185,17,365961
31011,0.062882,74.125.68.0-255,2902,348087,17,365961
31012,0.062887,172.31.36.0-255,66,348153,17,365961
31013,0.064626,74.125.68.0-255,2902,351055,17,365961
31014,0.064631,172.31.36.0-255,66,351121,17,365961
31015,0.065189,74.125.68.0-255,2902,354023,17,365961
31016,0.065194,172.31.36.0-255,66,354089,17,365961
31017,0.066933,74.125.68.0-255,2902,356991,17,365961
31018,0.066938,172.31.36.0-255,66,357057,17,365961
31019,0.067489,74.125.68.0-255,2902,359959,17,365961
31020,0.067495,172.31.36.0-255,66,360025,17,365961
31021,0.069241,74.125.68.0-255,2902,362927,17,365961
31022,0.069247,172.31.36.0-255,66,362993,17,365961
31023,0.069792,74.125.68.0-255,2902,365895,17,365961
31024,0.069797,172.31.36.0-255,66,365961,17,365961
31025,0.0,172.217.194.0-255,150,150,17,319412
31026,1.4e-05,172.31.36.0-255,66,216,17,319412
31027,2.1e-05,172.217.194.0-255,1484,1700,17,319412
31028,2.5e-05,172.31.36.0-255,66,1766,17,319412
31029,3.2e-05,172.217.194.0-255,2902,4668,17,319412
31030,4.4e-05,172.31.36.0-255,66,4734,17,319412
31031,5.2e-05,172.217.194.0-255,7156,11890,17,319412
31032,5.5e-05,172.31.36.0-255,66,11956,17,319412
31033,6e-05,172.217.194.0-255,3459,15415,17,319412
31034,6.3e-05,172.31.36.0-255,66,15481,17,319412
31035,7.5e-05,172.31.36.0-255,66,15547,17,319412
31036,0.000103,172.217.194.0-255,4320,19867,17,319412
31037,0.000106,172.31.36.0-255,66,19933,17,319412
31038,0.00011,172.217.194.0-255,2543,22476,17,319412
31039,0.000112,172.31.36.0-255,66,22542,17,319412
31040,0.000143,172.217.194.0-255,2902,25444,17,319412
31041,0.000146,172.31.36.0-255,66,25510,17,319412
31042,0.000153,172.217.194.0-255,4320,29830,17,319412
31043,0.000155,172.31.36.0-255,66,29896,17,319412
31044,0.000165,172.217.194.0-255,4320,34216,17,319412
31045,0.000167,172.31.36.0-255,66,34282,17,319412
31046,0.000198,172.217.194.0-255,4320,38602,17,319412
31047,0.000201,172.31.36.0-255,66,38668,17,319412
31048,0.000206,172.217.194.0-255,4320,42988,17,319412
31049,0.000209,172.31.36.0-255,66,43054,17,319412
31050,0.000243,172.31.36.0-255,66,43120,17,319412
31051,0.000271,172.217.194.0-255,3602,46722,17,319412
31052,0.000273,172.31.36.0-255,66,46788,17,319412
31053,0.000276,172.217.194.0-255,678,47466,17,319412
31054,0.000278,172.31.36.0-255,66,47532,17,319412
31055,0.000517,172.217.194.0-255,1484,49016,17,319412
31056,0.000524,172.217.194.0-255,2902,51918,17,319412
31057,0.000549,172.217.194.0-255,4320,56238,17,319412
31058,0.000558,172.31.36.0-255,66,56304,17,319412
31059,0.000586,172.217.194.0-255,1484,57788,17,319412
31060,0.000594,172.217.194.0-255,7156,64944,17,319412
31061,0.00061,172.217.194.0-255,2184,67128,17,319412
31062,0.000625,172.31.36.0-255,66,67194,17,319412
31063,0.000971,172.217.194.0-255,1484,68678,17,319412
31064,0.000977,172.217.194.0-255,2902,71580,17,319412
31065,0.00098,172.31.36.0-255,66,71646,17,319412
31066,0.000987,172.217.194.0-255,5738,77384,17,319412
31067,0.001015,172.217.194.0-255,7156,84540,17,319412
31068,0.001032,172.217.194.0-255,5738,90278,17,319412
31069,0.001041,172.31.36.0-255,66,90344,17,319412
31070,0.001088,172.31.36.0-255,66,90410,17,319412
31071,0.001168,172.217.194.0-255,1484,91894,17,319412
31072,0.001172,172.217.194.0-255,1484,93378,17,319412
31073,0.001185,172.217.194.0-255,1484,94862,17,319412
31074,0.001224,172.31.36.0-255,66,94928,17,319412
31075,0.001237,172.217.194.0-255,5738,100666,17,319412
31076,0.001249,172.217.194.0-255,7156,107822,17,319412
31077,0.001266,172.217.194.0-255,2184,110006,17,319412
31078,0.001288,172.31.36.0-255,66,110072,17,319412
31079,0.002036,172.217.194.0-255,1484,111556,17,319412
31080,0.002041,172.217.194.0-255,1484,113040,17,319412
31081,0.002044,172.31.36.0-255,66,113106,17,319412
31082,0.002065,172.217.194.0-255,1484,114590,17,319412
31083,0.002072,172.217.194.0-255,5738,120328,17,319412
31084,0.002076,172.217.194.0-255,2902,123230,17,319412
31085,0.002091,172.217.194.0-255,2902,126132,17,319412
31086,0.002095,172.217.194.0-255,2902,129034,17,319412
31087,0.002106,172.31.36.0-255,66,129100,17,319412
31088,0.002125,172.217.194.0-255,5020,134120,17,319412
31089,0.002134,172.31.36.0-255,66,134186,17,319412
31090,0.002221,172.217.194.0-255,1484,135670,17,319412
31091,0.002238,172.217.194.0-255,2902,138572,17,319412
31092,0.002241,172.217.194.0-255,1484,140056,17,319412
31093,0.002259,172.217.194.0-255,4320,144376,17,319412
31094,0.002262,172.31.36.0-255,66,144442,17,319412
31095,0.00227,172.217.194.0-255,2902,147344,17,319412
31096,0.002276,172.31.36.0-255,66,147410,17,319412
31097,0.002319,172.31.36.0-255,66,147476,17,319412
31098,0.002327,172.217.194.0-255,7156,154632,17,319412
31099,0.002333,172.31.36.0-255,66,154698,17,319412
31100,0.002363,172.217.194.0-255,5020,159718,17,319412
31101,0.002377,172.31.36.0-255,66,159784,17,319412
31102,0.004688,172.217.194.0-255,5738,165522,17,319412
31103,0.004695,172.31.36.0-255,66,165588,17,319412
31104,0.006994,172.217.194.0-255,4320,169908,17,319412
31105,0.007,172.31.36.0-255,66,169974,17,319412
31106,0.007022,172.217.194.0-255,1484,171458,17,319412
31107,0.009328,172.217.194.0-255,4320,175778,17,319412
31108,0.009335,172.31.36.0-255,66,175844,17,319412
31109,0.011628,172.217.194.0-255,5738,181582,17,319412
31110,0.015642,172.31.36.0-255,66,181648,17,319412
31111,0.017977,172.217.194.0-255,5738,187386,17,319412
31112,0.017989,172.31.36.0-255,66,187452,17,319412
31113,0.020298,172.217.194.0-255,5738,193190,17,319412
31114,0.020307,172.31.36.0-255,66,193256,17,319412
31115,0.022603,172.217.194.0-255,5738,198994,17,319412
31116,0.022611,172.31.36.0-255,66,199060,17,319412
31117,0.024894,172.217.194.0-255,5738,204798,17,319412
31118,0.024901,172.31.36.0-255,66,204864,17,319412
31119,0.027226,172.217.194.0-255,5738,210602,17,319412
31120,0.027232,172.31.36.0-255,66,210668,17,319412
31121,0.02796,172.31.36.0-255,172,210840,17,319412
31122,0.027993,172.31.36.0-255,1116,211956,17,319412
31123,0.028051,172.31.36.0-255,1514,213470,17,319412
31124,0.028053,172.31.36.0-255,1272,214742,17,319412
31125,0.029496,104.244.42.0-255,66,214808,17,319412
31126,0.029542,104.244.42.0-255,66,214874,17,319412
31127,0.029568,172.217.194.0-255,5738,220612,17,319412
31128,0.029573,172.31.36.0-255,66,220678,17,319412
31129,0.029613,104.244.42.0-255,66,220744,17,319412
31130,0.031888,172.217.194.0-255,5738,226482,17,319412
31131,0.031893,172.31.36.0-255,66,226548,17,319412
31132,0.034218,172.217.194.0-255,5738,232286,17,319412
31133,0.034225,172.31.36.0-255,66,232352,17,319412
31134,0.036555,172.217.194.0-255,5738,238090,17,319412
31135,0.036561,172.31.36.0-255,66,238156,17,319412
31136,0.038934,172.217.194.0-255,5738,243894,17,319412
31137,0.03894,172.31.36.0-255,66,243960,17,319412
31138,0.041271,172.217.194.0-255,5738,249698,17,319412
31139,0.041276,172.31.36.0-255,66,249764,17,319412
31140,0.04359,172.217.194.0-255,5738,255502,17,319412
31141,0.043597,172.31.36.0-255,66,255568,17,319412
31142,0.045929,172.217.194.0-255,5738,261306,17,319412
31143,0.045937,172.31.36.0-255,66,261372,17,319412
31144,0.048232,172.217.194.0-255,5738,267110,17,319412
31145,0.048238,172.31.36.0-255,66,267176,17,319412
31146,0.050563,172.217.194.0-255,5738,272914,17,319412
31147,0.050569,172.31.36.0-255,66,272980,17,319412
31148,0.052874,172.217.194.0-255,5738,278718,17,319412
31149,0.052882,172.31.36.0-255,66,278784,17,319412
31150,0.055212,172.217.194.0-255,5738,284522,17,319412
31151,0.055218,172.31.36.0-255,66,284588,17,319412
31152,0.057562,172.217.194.0-255,5738,290326,17,319412
31153,0.057569,172.31.36.0-255,66,290392,17,319412
31154,0.059898,172.217.194.0-255,5738,296130,17,319412
31155,0.059904,172.31.36.0-255,66,296196,17,319412
31156,0.062187,172.217.194.0-255,5738,301934,17,319412
31157,0.062194,172.31.36.0-255,66,302000,17,319412
31158,0.064514,172.217.194.0-255,5738,307738,17,319412
31159,0.06452,172.31.36.0-255,66,307804,17,319412
31160,0.06683,172.217.194.0-255,5738,313542,17,319412
31161,0.066836,172.31.36.0-255,66,313608,17,319412
31162,0.069155,172.217.194.0-255,5738,319346,17,319412
31163,0.069161,172.31.36.0-255,66,319412,17,319412
31164,0.0,216.58.203.0-255,150,150,17,329135
31165,4.4e-05,172.31.36.0-255,66,216,17,329135
31166,5.2e-05,216.58.203.0-255,1484,1700,17,329135
31167,5.6e-05,172.31.36.0-255,66,1766,17,329135
31168,6.2e-05,216.58.203.0-255,2902,4668,17,329135
31169,7.4e-05,172.31.36.0-255,66,4734,17,329135
31170,8.1e-05,216.58.203.0-255,7156,11890,17,329135
31171,8.4e-05,172.31.36.0-255,66,11956,17,329135
31172,8.8e-05,216.58.203.0-255,2042,13998,17,329135
31173,9.1e-05,172.31.36.0-255,66,14064,17,329135
31174,9.6e-05,216.58.203.0-255,2902,16966,17,329135
31175,9.8e-05,172.31.36.0-255,66,17032,17,329135
31176,0.000131,216.58.203.0-255,1484,18516,17,329135
31177,0.000135,172.31.36.0-255,66,18582,17,329135
31178,0.000174,216.58.203.0-255,5738,24320,17,329135
31179,0.000179,172.31.36.0-255,66,24386,17,329135
31180,0.000186,216.58.203.0-255,6797,31183,17,329135
31181,0.000189,172.31.36.0-255,66,31249,17,329135
31182,0.000269,216.58.203.0-255,1484,32733,17,329135
31183,0.000272,172.31.36.0-255,66,32799,17,329135
31184,0.000291,216.58.203.0-255,2902,35701,17,329135
31185,0.000294,172.31.36.0-255,66,35767,17,329135
31186,0.000298,216.58.203.0-255,2902,38669,17,329135
31187,0.0003,172.31.36.0-255,66,38735,17,329135
31188,0.00033,216.58.203.0-255,2902,41637,17,329135
31189,0.000333,172.31.36.0-255,66,41703,17,329135
31190,0.00034,216.58.203.0-255,5738,47441,17,329135
31191,0.000342,172.31.36.0-255,66,47507,17,329135
31192,0.000345,216.58.203.0-255,1125,48632,17,329135
31193,0.000347,172.31.36.0-255,66,48698,17,329135
31194,0.000377,216.58.203.0-255,1484,50182,17,329135
31195,0.000381,172.31.36.0-255,66,50248,17,329135
31196,0.000386,216.58.203.0-255,2902,53150,17,329135
31197,0.000388,172.31.36.0-255,66,53216,17,329135
31198,0.000394,216.58.203.0-255,5738,58954,17,329135
31199,0.000397,172.31.36.0-255,66,59020,17,329135
31200,0.000423,216.58.203.0-255,5738,64758,17,329135
31201,0.000427,172.31.36.0-255,66,64824,17,329135
31202,0.000454,216.58.203.0-255,1394,66218,17,329135
31203,0.00065,216.58.203.0-255,135,66353,17,329135
31204,0.000789,172.31.36.0-255,66,66419,17,329135
31205,0.000822,216.58.203.0-255,1484,67903,17,329135
31206,0.000829,216.58.203.0-255,2902,70805,17,329135
31207,0.000832,172.31.36.0-255,66,70871,17,329135
31208,0.000837,216.58.203.0-255,2902,73773,17,329135
31209,0.000839,172.31.36.0-255,66,73839,17,329135
31210,0.000844,216.58.203.0-255,4320,78159,17,329135
31211,0.000846,172.31.36.0-255,66,78225,17,329135
31212,0.000889,172.31.36.0-255,66,78291,17,329135
31213,0.000929,172.31.36.0-255,66,78357,17,329135
31214,0.000941,216.58.203.0-255,2828,81185,17,329135
31215,0.000956,172.31.36.0-255,66,81251,17,329135
31216,0.001168,216.58.203.0-255,1484,82735,17,329135
31217,0.001177,216.58.203.0-255,2902,85637,17,329135
31218,0.001181,172.31.36.0-255,66,85703,17,329135
31219,0.001186,216.58.203.0-255,2902,88605,17,329135
31220,0.001188,172.31.36.0-255,66,88671,17,329135
31221,0.001192,216.58.203.0-255,1484,90155,17,329135
31222,0.00122,216.58.203.0-255,2902,93057,17,329135
31223,0.001223,172.31.36.0-255,66,93123,17,329135
31224,0.001234,172.31.36.0-255,66,93189,17,329135
31225,0.001268,172.31.36.0-255,66,93255,17,329135
31226,0.001296,216.58.203.0-255,1484,94739,17,329135
31227,0.0013,216.58.203.0-255,766,95505,17,329135
31228,0.001303,172.31.36.0-255,66,95571,17,329135
31229,0.002942,216.58.203.0-255,2902,98473,17,329135
31230,0.002949,172.31.36.0-255,66,98539,17,329135
31231,0.002977,216.58.203.0-255,2902,101441,17,329135
31232,0.00298,172.31.36.0-255,66,101507,17,329135
31233,0.004613,216.58.203.0-255,2902,104409,17,329135
31234,0.004617,172.31.36.0-255,66,104475,17,329135
31235,0.004643,216.58.203.0-255,2902,107377,17,329135
31236,0.004646,172.31.36.0-255,66,107443,17,329135
31237,0.006289,216.58.203.0-255,2902,110345,17,329135
31238,0.006291,172.31.36.0-255,66,110411,17,329135
31239,0.006318,216.58.203.0-255,2902,113313,17,329135
31240,0.00632,172.31.36.0-255,66,113379,17,329135
31241,0.007961,216.58.203.0-255,2902,116281,17,329135
31242,0.007967,172.31.36.0-255,66,116347,17,329135
31243,0.007998,216.58.203.0-255,2902,119249,17,329135
31244,0.008001,172.31.36.0-255,66,119315,17,329135
31245,0.009643,216.58.203.0-255,2902,122217,17,329135
31246,0.009651,172.31.36.0-255,66,122283,17,329135
31247,0.009684,216.58.203.0-255,2902,125185,17,329135
31248,0.009688,172.31.36.0-255,66,125251,17,329135
31249,0.011337,216.58.203.0-255,2902,128153,17,329135
31250,0.011343,172.31.36.0-255,66,128219,17,329135
31251,0.011376,216.58.203.0-255,2902,131121,17,329135
31252,0.01138,172.31.36.0-255,66,131187,17,329135
31253,0.013058,216.58.203.0-255,5738,136925,17,329135
31254,0.013078,172.31.36.0-255,66,136991,17,329135
31255,0.014767,216.58.203.0-255,5738,142729,17,329135
31256,0.014779,172.31.36.0-255,66,142795,17,329135
31257,0.016461,216.58.203.0-255,5738,148533,17,329135
31258,0.016468,172.31.36.0-255,66,148599,17,329135
31259,0.018144,216.58.203.0-255,5738,154337,17,329135
31260,0.018151,172.31.36.0-255,66,154403,17,329135
31261,0.019825,216.58.203.0-255,4320,158723,17,329135
31262,0.019832,172.31.36.0-255,66,158789,17,329135
31263,0.019859,216.58.203.0-255,1484,160273,17,329135
31264,0.02155,216.58.203.0-255,4320,164593,17,329135
31265,0.021558,172.31.36.0-255,66,164659,17,329135
31266,0.022192,172.31.36.0-255,172,164831,17,329135
31267,0.022223,172.31.36.0-255,1116,165947,17,329135
31268,0.02228,172.31.36.0-255,1514,167461,17,329135
31269,0.022282,172.31.36.0-255,1272,168733,17,329135
31270,0.023237,216.58.203.0-255,5738,174471,17,329135
31271,0.023242,172.31.36.0-255,66,174537,17,329135
31272,0.023714,104.244.42.0-255,66,174603,17,329135
31273,0.023757,104.244.42.0-255,66,174669,17,329135
31274,0.023853,104.244.42.0-255,66,174735,17,329135
31275,0.02492,216.58.203.0-255,5738,180473,17,329135
31276,0.024924,172.31.36.0-255,66,180539,17,329135
31277,0.026602,216.58.203.0-255,5738,186277,17,329135
31278,0.026608,172.31.36.0-255,66,186343,17,329135
31279,0.028283,216.58.203.0-255,5738,192081,17,329135
31280,0.028289,172.31.36.0-255,66,192147,17,329135
31281,0.029955,216.58.203.0-255,5738,197885,17,329135
31282,0.029961,172.31.36.0-255,66,197951,17,329135
31283,0.031643,216.58.203.0-255,5738,203689,17,329135
31284,0.031649,172.31.36.0-255,66,203755,17,329135
31285,0.033329,216.58.203.0-255,5738,209493,17,329135
31286,0.033334,172.31.36.0-255,66,209559,17,329135
31287,0.035029,216.58.203.0-255,5738,215297,17,329135
31288,0.035036,172.31.36.0-255,66,215363,17,329135
31289,0.036696,216.58.203.0-255,4320,219683,17,329135
31290,0.036701,172.31.36.0-255,66,219749,17,329135
31291,0.036732,216.58.203.0-255,1484,221233,17,329135
31292,0.038375,216.58.203.0-255,4320,225553,17,329135
31293,0.038381,172.31.36.0-255,66,225619,17,329135
31294,0.04005,216.58.203.0-255,5738,231357,17,329135
31295,0.040056,172.31.36.0-255,66,231423,17,329135
31296,0.041735,216.58.203.0-255,5738,237161,17,329135
31297,0.04174,172.31.36.0-255,66,237227,17,329135
31298,0.043405,216.58.203.0-255,5738,242965,17,329135
31299,0.043411,172.31.36.0-255,66,243031,17,329135
31300,0.045097,216.58.203.0-255,5738,248769,17,329135
31301,0.045108,172.31.36.0-255,66,248835,17,329135
31302,0.046784,216.58.203.0-255,5738,254573,17,329135
31303,0.04679,172.31.36.0-255,66,254639,17,329135
31304,0.048459,216.58.203.0-255,5738,260377,17,329135
31305,0.048464,172.31.36.0-255,66,260443,17,329135
31306,0.050137,216.58.203.0-255,5738,266181,17,329135
31307,0.050143,172.31.36.0-255,66,266247,17,329135
31308,0.05182,216.58.203.0-255,5738,271985,17,329135
31309,0.051825,172.31.36.0-255,66,272051,17,329135
31310,0.053498,216.58.203.0-255,5738,277789,17,329135
31311,0.053503,172.31.36.0-255,66,277855,17,329135
31312,0.055193,216.58.203.0-255,4320,282175,17,329135
31313,0.055198,172.31.36.0-255,66,282241,17,329135
31314,0.055233,216.58.203.0-255,1484,283725,17,329135
31315,0.056881,216.58.203.0-255,4320,288045,17,329135
31316,0.056886,172.31.36.0-255,66,288111,17,329135
31317,0.058564,216.58.203.0-255,5738,293849,17,329135
31318,0.058569,172.31.36.0-255,66,293915,17,329135
31319,0.060244,216.58.203.0-255,5738,299653,17,329135
31320,0.060249,172.31.36.0-255,66,299719,17,329135
31321,0.061933,216.58.203.0-255,5738,305457,17,329135
31322,0.061938,172.31.36.0-255,66,305523,17,329135
31323,0.063613,216.58.203.0-255,5738,311261,17,329135
31324,0.063618,172.31.36.0-255,66,311327,17,329135
31325,0.065287,216.58.203.0-255,2902,314229,17,329135
31326,0.065293,172.31.36.0-255,66,314295,17,329135
31327,0.065329,216.58.203.0-255,2902,317197,17,329135
31328,0.065332,172.31.36.0-255,66,317263,17,329135
31329,0.066961,216.58.203.0-255,2902,320165,17,329135
31330,0.066966,172.31.36.0-255,66,320231,17,329135
31331,0.066999,216.58.203.0-255,2902,323133,17,329135
31332,0.067002,172.31.36.0-255,66,323199,17,329135
31333,0.068652,216.58.203.0-255,2902,326101,17,329135
31334,0.068657,172.31.36.0-255,66,326167,17,329135
31335,0.068693,216.58.203.0-255,2902,329069,17,329135
31336,0.068696,172.31.36.0-255,66,329135,17,329135
31337,0.0,172.31.36.0-255,66,66,17,66
31338,0.0,74.125.68.0-255,153,153,17,258935
31339,2.3e-05,172.31.36.0-255,66,219,17,258935
31340,3e-05,74.125.68.0-255,1484,1703,17,258935
31341,3.5e-05,172.31.36.0-255,66,1769,17,258935
31342,4.1e-05,74.125.68.0-255,2902,4671,17,258935
31343,4.5e-05,172.31.36.0-255,66,4737,17,258935
31344,5.1e-05,74.125.68.0-255,5738,10475,17,258935
31345,5.4e-05,172.31.36.0-255,66,10541,17,258935
31346,7.8e-05,74.125.68.0-255,6357,16898,17,258935
31347,8.1e-05,172.31.36.0-255,66,16964,17,258935
31348,9.9e-05,74.125.68.0-255,2902,19866,17,258935
31349,0.000101,172.31.36.0-255,66,19932,17,258935
31350,0.000118,74.125.68.0-255,2902,22834,17,258935
31351,0.000121,172.31.36.0-255,66,22900,17,258935
31352,0.000129,74.125.68.0-255,7156,30056,17,258935
31353,0.000131,172.31.36.0-255,66,30122,17,258935
31354,0.000135,74.125.68.0-255,1484,31606,17,258935
31355,0.000136,172.31.36.0-255,66,31672,17,258935
31356,0.000165,172.31.36.0-255,66,31738,17,258935
31357,0.000184,74.125.68.0-255,1484,33222,17,258935
31358,0.000186,172.31.36.0-255,66,33288,17,258935
31359,0.000211,74.125.68.0-255,6438,39726,17,258935
31360,0.000214,172.31.36.0-255,66,39792,17,258935
31361,0.000225,172.31.36.0-255,66,39858,17,258935
31362,0.00025,74.125.68.0-255,2902,42760,17,258935
31363,0.000252,172.31.36.0-255,66,42826,17,258935
31364,0.000258,74.125.68.0-255,4228,47054,17,258935
31365,0.00026,172.31.36.0-255,66,47120,17,258935
31366,0.000263,74.125.68.0-255,139,47259,17,258935
31367,0.000265,172.31.36.0-255,66,47325,17,258935
31368,0.000343,74.125.68.0-255,1484,48809,17,258935
31369,0.000348,74.125.68.0-255,1484,50293,17,258935
31370,0.000351,172.31.36.0-255,66,50359,17,258935
31371,0.000368,74.125.68.0-255,1484,51843,17,258935
31372,0.000385,74.125.68.0-255,5738,57581,17,258935
31373,0.000387,172.31.36.0-255,66,57647,17,258935
31374,0.000441,74.125.68.0-255,7156,64803,17,258935
31375,0.000445,172.31.36.0-255,66,64869,17,258935
31376,0.000448,74.125.68.0-255,1484,66353,17,258935
31377,0.000477,74.125.68.0-255,2902,69255,17,258935
31378,0.000481,172.31.36.0-255,66,69321,17,258935
31379,0.000484,74.125.68.0-255,1484,70805,17,258935
31380,0.000502,74.125.68.0-255,2902,73707,17,258935
31381,0.000504,172.31.36.0-255,66,73773,17,258935
31382,0.000521,74.125.68.0-255,5738,79511,17,258935
31383,0.000524,172.31.36.0-255,66,79577,17,258935
31384,0.000546,74.125.68.0-255,2184,81761,17,258935
31385,0.000549,172.31.36.0-255,66,81827,17,258935
31386,0.004176,74.125.68.0-255,1484,83311,17,258935
31387,0.00419,74.125.68.0-255,2902,86213,17,258935
31388,0.004195,172.31.36.0-255,66,86279,17,258935
31389,0.004201,74.125.68.0-255,1484,87763,17,258935
31390,0.006415,74.125.68.0-255,4320,92083,17,258935
31391,0.006423,172.31.36.0-255,66,92149,17,258935
31392,0.008649,74.125.68.0-255,5738,97887,17,258935
31393,0.008658,172.31.36.0-255,66,97953,17,258935
31394,0.010879,74.125.68.0-255,5738,103691,17,258935
31395,0.010887,172.31.36.0-255,66,103757,17,258935
31396,0.013118,74.125.68.0-255,5738,109495,17,258935
31397,0.013127,172.31.36.0-255,66,109561,17,258935
31398,0.015363,74.125.68.0-255,5738,115299,17,258935
31399,0.015376,172.31.36.0-255,66,115365,17,258935
31400,0.017603,74.125.68.0-255,5738,121103,17,258935
31401,0.017614,172.31.36.0-255,66,121169,17,258935
31402,0.019855,74.125.68.0-255,5738,126907,17,258935
31403,0.019863,172.31.36.0-255,66,126973,17,258935
31404,0.022087,74.125.68.0-255,5738,132711,17,258935
31405,0.022096,172.31.36.0-255,66,132777,17,258935
31406,0.024332,74.125.68.0-255,5738,138515,17,258935
31407,0.024342,172.31.36.0-255,66,138581,17,258935
31408,0.026062,172.31.36.0-255,172,138753,17,258935
31409,0.026098,172.31.36.0-255,1117,139870,17,258935
31410,0.026156,172.31.36.0-255,1514,141384,17,258935
31411,0.026158,172.31.36.0-255,1273,142657,17,258935
31412,0.026565,74.125.68.0-255,5738,148395,17,258935
31413,0.026572,172.31.36.0-255,66,148461,17,258935
31414,0.027546,104.244.42.0-255,66,148527,17,258935
31415,0.02758,104.244.42.0-255,66,148593,17,258935
31416,0.027662,104.244.42.0-255,66,148659,17,258935
31417,0.028792,74.125.68.0-255,5738,154397,17,258935
31418,0.028797,172.31.36.0-255,66,154463,17,258935
31419,0.031022,74.125.68.0-255,5738,160201,17,258935
31420,0.031029,172.31.36.0-255,66,160267,17,258935
31421,0.033252,74.125.68.0-255,5738,166005,17,258935
31422,0.033259,172.31.36.0-255,66,166071,17,258935
31423,0.03549,74.125.68.0-255,5738,171809,17,258935
31424,0.035498,172.31.36.0-255,66,171875,17,258935
31425,0.037723,74.125.68.0-255,5738,177613,17,258935
31426,0.037733,172.31.36.0-255,66,177679,17,258935
31427,0.040003,74.125.68.0-255,5738,183417,17,258935
31428,0.040017,172.31.36.0-255,66,183483,17,258935
31429,0.042257,74.125.68.0-255,5738,189221,17,258935
31430,0.042275,172.31.36.0-255,66,189287,17,258935
31431,0.044507,74.125.68.0-255,5738,195025,17,258935
31432,0.044523,172.31.36.0-255,66,195091,17,258935
31433,0.046762,74.125.68.0-255,5738,200829,17,258935
31434,0.046775,172.31.36.0-255,66,200895,17,258935
31435,0.049008,74.125.68.0-255,5738,206633,17,258935
31436,0.04902,172.31.36.0-255,66,206699,17,258935
31437,0.051256,74.125.68.0-255,5738,212437,17,258935
31438,0.051265,172.31.36.0-255,66,212503,17,258935
31439,0.053491,74.125.68.0-255,5738,218241,17,258935
31440,0.053497,172.31.36.0-255,66,218307,17,258935
31441,0.055718,74.125.68.0-255,5738,224045,17,258935
31442,0.055727,172.31.36.0-255,66,224111,17,258935
31443,0.057979,74.125.68.0-255,5738,229849,17,258935
31444,0.057986,172.31.36.0-255,66,229915,17,258935
31445,0.06022,74.125.68.0-255,5738,235653,17,258935
31446,0.060227,172.31.36.0-255,66,235719,17,258935
31447,0.062456,74.125.68.0-255,5738,241457,17,258935
31448,0.062465,172.31.36.0-255,66,241523,17,258935
31449,0.064686,74.125.68.0-255,5738,247261,17,258935
31450,0.064697,172.31.36.0-255,66,247327,17,258935
31451,0.066926,74.125.68.0-255,5738,253065,17,258935
31452,0.066935,172.31.36.0-255,66,253131,17,258935
31453,0.069159,74.125.68.0-255,5738,258869,17,258935
31454,0.069166,172.31.36.0-255,66,258935,17,258935
31455,0.0,172.217.194.0-255,153,153,17,308721
31456,2.7e-05,172.31.36.0-255,66,219,17,308721
31457,3.4e-05,172.217.194.0-255,1484,1703,17,308721
31458,3.8e-05,172.31.36.0-255,66,1769,17,308721
31459,4.4e-05,172.217.194.0-255,2902,4671,17,308721
31460,4.6e-05,172.31.36.0-255,66,4737,17,308721
31461,5.4e-05,172.217.194.0-255,7156,11893,17,308721
31462,5.6e-05,172.31.36.0-255,66,11959,17,308721
31463,7.7e-05,172.217.194.0-255,2014,13973,17,308721
31464,7.9e-05,172.31.36.0-255,66,14039,17,308721
31465,0.000187,172.217.194.0-255,1484,15523,17,308721
31466,0.000191,172.31.36.0-255,66,15589,17,308721
31467,0.000197,172.217.194.0-255,2902,18491,17,308721
31468,0.0002,172.31.36.0-255,66,18557,17,308721
31469,0.000213,172.217.194.0-255,1484,20041,17,308721
31470,0.000215,172.31.36.0-255,66,20107,17,308721
31471,0.000235,172.217.194.0-255,4320,24427,17,308721
31472,0.000237,172.31.36.0-255,66,24493,17,308721
31473,0.000244,172.217.194.0-255,6797,31290,17,308721
31474,0.000247,172.31.36.0-255,66,31356,17,308721
31475,0.000622,172.217.194.0-255,1484,32840,17,308721
31476,0.000628,172.31.36.0-255,66,32906,17,308721
31477,0.000636,172.217.194.0-255,2902,35808,17,308721
31478,0.000639,172.31.36.0-255,66,35874,17,308721
31479,0.000646,172.217.194.0-255,5738,41612,17,308721
31480,0.000648,172.31.36.0-255,66,41678,17,308721
31481,0.000688,172.31.36.0-255,66,41744,17,308721
31482,0.000711,172.217.194.0-255,2543,44287,17,308721
31483,0.000714,172.31.36.0-255,66,44353,17,308721
31484,0.000726,172.31.36.0-255,66,44419,17,308721
31485,0.000728,172.217.194.0-255,338,44757,17,308721
31486,0.00077,172.217.194.0-255,123,44880,17,308721
31487,0.000804,172.217.194.0-255,379,45259,17,308721
31488,0.001144,172.31.36.0-255,66,45325,17,308721
31489,0.001361,172.217.194.0-255,1484,46809,17,308721
31490,0.001371,172.217.194.0-255,2902,49711,17,308721
31491,0.001375,172.31.36.0-255,66,49777,17,308721
31492,0.001381,172.217.194.0-255,2902,52679,17,308721
31493,0.001383,172.31.36.0-255,66,52745,17,308721
31494,0.001399,172.217.194.0-255,2902,55647,17,308721
31495,0.001401,172.31.36.0-255,66,55713,17,308721
31496,0.001408,172.217.194.0-255,5738,61451,17,308721
31497,0.001409,172.31.36.0-255,66,61517,17,308721
31498,0.001436,172.217.194.0-255,4320,65837,17,308721
31499,0.001438,172.31.36.0-255,66,65903,17,308721
31500,0.001463,172.31.36.0-255,66,65969,17,308721
31501,0.001468,172.217.194.0-255,5020,70989,17,308721
31502,0.00147,172.31.36.0-255,66,71055,17,308721
31503,0.001568,172.217.194.0-255,1484,72539,17,308721
31504,0.001572,172.217.194.0-255,1484,74023,17,308721
31505,0.001575,172.31.36.0-255,66,74089,17,308721
31506,0.001591,172.217.194.0-255,1484,75573,17,308721
31507,0.001598,172.217.194.0-255,5738,81311,17,308721
31508,0.0016,172.31.36.0-255,66,81377,17,308721
31509,0.001606,172.217.194.0-255,5738,87115,17,308721
31510,0.001608,172.31.36.0-255,66,87181,17,308721
31511,0.001611,172.217.194.0-255,1484,88665,17,308721
31512,0.00165,172.31.36.0-255,66,88731,17,308721
31513,0.001657,172.217.194.0-255,6438,95169,17,308721
31514,0.001659,172.31.36.0-255,66,95235,17,308721
31515,0.00168,172.217.194.0-255,7156,102391,17,308721
31516,0.001683,172.31.36.0-255,66,102457,17,308721
31517,0.001686,172.217.194.0-255,1484,103941,17,308721
31518,0.001727,172.31.36.0-255,66,104007,17,308721
31519,0.001737,172.31.36.0-255,66,104073,17,308721
31520,0.00174,172.217.194.0-255,766,104839,17,308721
31521,0.001787,172.217.194.0-255,1484,106323,17,308721
31522,0.00179,172.31.36.0-255,66,106389,17,308721
31523,0.001812,172.217.194.0-255,4320,110709,17,308721
31524,0.001815,172.31.36.0-255,66,110775,17,308721
31525,0.001819,172.217.194.0-255,4320,115095,17,308721
31526,0.001822,172.31.36.0-255,66,115161,17,308721
31527,0.001827,172.217.194.0-255,5738,120899,17,308721
31528,0.001829,172.31.36.0-255,66,120965,17,308721
31529,0.001863,172.31.36.0-255,66,121031,17,308721
31530,0.001867,172.217.194.0-255,2902,123933,17,308721
31531,0.001869,172.31.36.0-255,66,123999,17,308721
31532,0.001888,172.217.194.0-255,3602,127601,17,308721
31533,0.00189,172.31.36.0-255,66,127667,17,308721
31534,0.001924,172.217.194.0-255,1484,129151,17,308721
31535,0.001927,172.217.194.0-255,1484,130635,17,308721
31536,0.001929,172.31.36.0-255,66,130701,17,308721
31537,0.001947,172.217.194.0-255,1484,132185,17,308721
31538,0.001953,172.217.194.0-255,5738,137923,17,308721
31539,0.001955,172.31.36.0-255,66,137989,17,308721
31540,0.00196,172.217.194.0-255,5738,143727,17,308721
31541,0.001962,172.31.36.0-255,66,143793,17,308721
31542,0.001981,172.217.194.0-255,7156,150949,17,308721
31543,0.001983,172.31.36.0-255,66,151015,17,308721
31544,0.001992,172.31.36.0-255,66,151081,17,308721
31545,0.002015,172.217.194.0-255,2184,153265,17,308721
31546,0.002017,172.31.36.0-255,66,153331,17,308721
31547,0.004574,172.217.194.0-255,5738,159069,17,308721
31548,0.004579,172.31.36.0-255,66,159135,17,308721
31549,0.007162,172.217.194.0-255,5738,164873,17,308721
31550,0.00717,172.31.36.0-255,66,164939,17,308721
31551,0.009756,172.217.194.0-255,5738,170677,17,308721
31552,0.009766,172.31.36.0-255,66,170743,17,308721
31553,0.01233,172.217.194.0-255,5738,176481,17,308721
31554,0.01234,172.31.36.0-255,66,176547,17,308721
31555,0.014902,172.217.194.0-255,5738,182285,17,308721
31556,0.014912,172.31.36.0-255,66,182351,17,308721
31557,0.017534,172.217.194.0-255,5738,188089,17,308721
31558,0.017551,172.31.36.0-255,66,188155,17,308721
31559,0.020143,172.217.194.0-255,5738,193893,17,308721
31560,0.020151,172.31.36.0-255,66,193959,17,308721
31561,0.022723,172.217.194.0-255,5738,199697,17,308721
31562,0.022731,172.31.36.0-255,66,199763,17,308721
31563,0.025325,172.217.194.0-255,5738,205501,17,308721
31564,0.025335,172.31.36.0-255,66,205567,17,308721
31565,0.027656,172.31.36.0-255,188,205755,17,308721
31566,0.027688,172.31.36.0-255,961,206716,17,308721
31567,0.027725,172.31.36.0-255,1514,208230,17,308721
31568,0.027727,172.31.36.0-255,1427,209657,17,308721
31569,0.027906,172.217.194.0-255,5738,215395,17,308721
31570,0.027912,172.31.36.0-255,66,215461,17,308721
31571,0.029216,104.244.42.0-255,66,215527,17,308721
31572,0.029223,104.244.42.0-255,66,215593,17,308721
31573,0.029288,104.244.42.0-255,66,215659,17,308721
31574,0.030478,172.217.194.0-255,2902,218561,17,308721
31575,0.030484,172.31.36.0-255,66,218627,17,308721
31576,0.030504,172.217.194.0-255,2902,221529,17,308721
31577,0.030507,172.31.36.0-255,66,221595,17,308721
31578,0.033065,172.217.194.0-255,5738,227333,17,308721
31579,0.033072,172.31.36.0-255,66,227399,17,308721
31580,0.035652,172.217.194.0-255,5738,233137,17,308721
31581,0.035658,172.31.36.0-255,66,233203,17,308721
31582,0.038222,172.217.194.0-255,5738,238941,17,308721
31583,0.038227,172.31.36.0-255,66,239007,17,308721
31584,0.040785,172.217.194.0-255,5738,244745,17,308721
31585,0.04079,172.31.36.0-255,66,244811,17,308721
31586,0.043361,172.217.194.0-255,5738,250549,17,308721
31587,0.043385,172.31.36.0-255,66,250615,17,308721
31588,0.045944,172.217.194.0-255,5738,256353,17,308721
31589,0.04595,172.31.36.0-255,66,256419,17,308721
31590,0.048514,172.217.194.0-255,5738,262157,17,308721
31591,0.04852,172.31.36.0-255,66,262223,17,308721
31592,0.051086,172.217.194.0-255,5738,267961,17,308721
31593,0.051091,172.31.36.0-255,66,268027,17,308721
31594,0.053671,172.217.194.0-255,5738,273765,17,308721
31595,0.053676,172.31.36.0-255,66,273831,17,308721
31596,0.05625,172.217.194.0-255,1484,275315,17,308721
31597,0.056277,172.217.194.0-255,4320,279635,17,308721
31598,0.056283,172.31.36.0-255,66,279701,17,308721
31599,0.058847,172.217.194.0-255,5738,285439,17,308721
31600,0.058852,172.31.36.0-255,66,285505,17,308721
31601,0.061427,172.217.194.0-255,5738,291243,17,308721
31602,0.061432,172.31.36.0-255,66,291309,17,308721
31603,0.063996,172.217.194.0-255,5738,297047,17,308721
31604,0.064003,172.31.36.0-255,66,297113,17,308721
31605,0.066559,172.217.194.0-255,5738,302851,17,308721
31606,0.066565,172.31.36.0-255,66,302917,17,308721
31607,0.069126,172.217.194.0-255,5738,308655,17,308721
31608,0.069131,172.31.36.0-255,66,308721,17,308721
31609,0.0,172.217.194.0-255,152,152,17,298605
31610,1.9e-05,172.31.36.0-255,66,218,17,298605
31611,2.5e-05,172.217.194.0-255,1484,1702,17,298605
31612,3e-05,172.31.36.0-255,66,1768,17,298605
31613,3.5e-05,172.217.194.0-255,2902,4670,17,298605
31614,3.8e-05,172.31.36.0-255,66,4736,17,298605
31615,4.4e-05,172.217.194.0-255,4320,9056,17,298605
31616,4.7e-05,172.31.36.0-255,66,9122,17,298605
31617,7e-05,172.217.194.0-255,4921,14043,17,298605
31618,7.3e-05,172.31.36.0-255,66,14109,17,298605
31619,0.000133,172.217.194.0-255,1484,15593,17,298605
31620,0.000138,172.31.36.0-255,66,15659,17,298605
31621,0.000153,172.217.194.0-255,2902,18561,17,298605
31622,0.000155,172.31.36.0-255,66,18627,17,298605
31623,0.000181,172.217.194.0-255,5738,24365,17,298605
31624,0.000184,172.31.36.0-255,66,24431,17,298605
31625,0.000203,172.217.194.0-255,6797,31228,17,298605
31626,0.000205,172.31.36.0-255,66,31294,17,298605
31627,0.000297,172.217.194.0-255,1484,32778,17,298605
31628,0.000301,172.31.36.0-255,66,32844,17,298605
31629,0.000306,172.217.194.0-255,2902,35746,17,298605
31630,0.000308,172.31.36.0-255,66,35812,17,298605
31631,0.000361,172.217.194.0-255,1484,37296,17,298605
31632,0.000363,172.31.36.0-255,66,37362,17,298605
31633,0.000378,172.217.194.0-255,2902,40264,17,298605
31634,0.000381,172.31.36.0-255,66,40330,17,298605
31635,0.000387,172.217.194.0-255,5738,46068,17,298605
31636,0.000389,172.31.36.0-255,66,46134,17,298605
31637,0.000392,172.217.194.0-255,1484,47618,17,298605
31638,0.000394,172.31.36.0-255,66,47684,17,298605
31639,0.000433,172.31.36.0-255,66,47750,17,298605
31640,0.000502,172.217.194.0-255,6797,54547,17,298605
31641,0.000526,172.217.194.0-255,375,54922,17,298605
31642,0.000528,172.217.194.0-255,399,55321,17,298605
31643,0.000549,172.31.36.0-255,66,55387,17,298605
31644,0.00063,172.217.194.0-255,1484,56871,17,298605
31645,0.000636,172.217.194.0-255,2902,59773,17,298605
31646,0.000652,172.31.36.0-255,66,59839,17,298605
31647,0.000664,172.217.194.0-255,5738,65577,17,298605
31648,0.000684,172.31.36.0-255,66,65643,17,298605
31649,0.000694,172.217.194.0-255,4320,69963,17,298605
31650,0.0007,172.31.36.0-255,66,70029,17,298605
31651,0.000737,172.31.36.0-255,66,70095,17,298605
31652,0.000801,172.217.194.0-255,5738,75833,17,298605
31653,0.000817,172.31.36.0-255,66,75899,17,298605
31654,0.000823,172.217.194.0-255,4320,80219,17,298605
31655,0.000828,172.31.36.0-255,66,80285,17,298605
31656,0.000856,172.217.194.0-255,766,81051,17,298605
31657,0.001188,172.217.194.0-255,1484,82535,17,298605
31658,0.001193,172.31.36.0-255,66,82601,17,298605
31659,0.001199,172.217.194.0-255,2902,85503,17,298605
31660,0.001204,172.217.194.0-255,4320,89823,17,298605
31661,0.001216,172.217.194.0-255,1484,91307,17,298605
31662,0.001219,172.31.36.0-255,66,91373,17,298605
31663,0.001241,172.217.194.0-255,2902,94275,17,298605
31664,0.001246,172.31.36.0-255,66,94341,17,298605
31665,0.001283,172.31.36.0-255,66,94407,17,298605
31666,0.001353,172.31.36.0-255,66,94473,17,298605
31667,0.001368,172.217.194.0-255,1484,95957,17,298605
31668,0.001404,172.217.194.0-255,766,96723,17,298605
31669,0.001417,172.31.36.0-255,66,96789,17,298605
31670,0.002099,172.217.194.0-255,1484,98273,17,298605
31671,0.002109,172.217.194.0-255,2902,101175,17,298605
31672,0.002113,172.31.36.0-255,66,101241,17,298605
31673,0.002128,172.217.194.0-255,4320,105561,17,298605
31674,0.002154,172.217.194.0-255,5738,111299,17,298605
31675,0.002185,172.217.194.0-255,4320,115619,17,298605
31676,0.002208,172.217.194.0-255,7156,122775,17,298605
31677,0.002278,172.217.194.0-255,5738,128513,17,298605
31678,0.002291,172.217.194.0-255,2184,130697,17,298605
31679,0.002408,172.217.194.0-255,4320,135017,17,298605
31680,0.002552,172.217.194.0-255,6438,141455,17,298605
31681,0.006256,172.31.36.0-255,66,141521,17,298605
31682,0.008578,172.217.194.0-255,5738,147259,17,298605
31683,0.008584,172.31.36.0-255,66,147325,17,298605
31684,0.010885,172.217.194.0-255,5738,153063,17,298605
31685,0.010894,172.31.36.0-255,66,153129,17,298605
31686,0.013223,172.217.194.0-255,5738,158867,17,298605
31687,0.01453,172.31.36.0-255,66,158933,17,298605
31688,0.016851,172.217.194.0-255,5738,164671,17,298605
31689,0.016861,172.31.36.0-255,66,164737,17,298605
31690,0.019177,172.217.194.0-255,5738,170475,17,298605
31691,0.019184,172.31.36.0-255,66,170541,17,298605
31692,0.021484,172.217.194.0-255,5738,176279,17,298605
31693,0.021491,172.31.36.0-255,66,176345,17,298605
31694,0.023841,172.217.194.0-255,5738,182083,17,298605
31695,0.023849,172.31.36.0-255,66,182149,17,298605
31696,0.024406,172.31.36.0-255,164,182313,17,298605
31697,0.024439,172.31.36.0-255,1125,183438,17,298605
31698,0.024496,172.31.36.0-255,1514,184952,17,298605
31699,0.024498,172.31.36.0-255,1514,186466,17,298605
31700,0.024499,172.31.36.0-255,1514,187980,17,298605
31701,0.0245,172.31.36.0-255,85,188065,17,298605
31702,0.025941,104.244.42.0-255,66,188131,17,298605
31703,0.025969,104.244.42.0-255,66,188197,17,298605
31704,0.026072,104.244.42.0-255,66,188263,17,298605
31705,0.026085,104.244.42.0-255,66,188329,17,298605
31706,0.026166,172.217.194.0-255,5738,194067,17,298605
31707,0.026171,172.31.36.0-255,66,194133,17,298605
31708,0.028519,172.217.194.0-255,5738,199871,17,298605
31709,0.028526,172.31.36.0-255,66,199937,17,298605
31710,0.030806,172.217.194.0-255,5738,205675,17,298605
31711,0.030812,172.31.36.0-255,66,205741,17,298605
31712,0.033133,172.217.194.0-255,5738,211479,17,298605
31713,0.033139,172.31.36.0-255,66,211545,17,298605
31714,0.035459,172.217.194.0-255,5738,217283,17,298605
31715,0.035466,172.31.36.0-255,66,217349,17,298605
31716,0.037731,172.217.194.0-255,5738,223087,17,298605
31717,0.037739,172.31.36.0-255,66,223153,17,298605
31718,0.040056,172.217.194.0-255,5738,228891,17,298605
31719,0.040064,172.31.36.0-255,66,228957,17,298605
31720,0.042379,172.217.194.0-255,5738,234695,17,298605
31721,0.042385,172.31.36.0-255,66,234761,17,298605
31722,0.044696,172.217.194.0-255,5738,240499,17,298605
31723,0.044702,172.31.36.0-255,66,240565,17,298605
31724,0.047014,172.217.194.0-255,5738,246303,17,298605
31725,0.047021,172.31.36.0-255,66,246369,17,298605
31726,0.049351,172.217.194.0-255,5738,252107,17,298605
31727,0.049357,172.31.36.0-255,66,252173,17,298605
31728,0.051671,172.217.194.0-255,5738,257911,17,298605
31729,0.051681,172.31.36.0-255,66,257977,17,298605
31730,0.053951,172.217.194.0-255,5738,263715,17,298605
31731,0.053958,172.31.36.0-255,66,263781,17,298605
31732,0.056267,172.217.194.0-255,5738,269519,17,298605
31733,0.056274,172.31.36.0-255,66,269585,17,298605
31734,0.058566,172.217.194.0-255,5738,275323,17,298605
31735,0.058573,172.31.36.0-255,66,275389,17,298605
31736,0.060886,172.217.194.0-255,5738,281127,17,298605
31737,0.060892,172.31.36.0-255,66,281193,17,298605
31738,0.063168,172.217.194.0-255,5738,286931,17,298605
31739,0.063175,172.31.36.0-255,66,286997,17,298605
31740,0.065487,172.217.194.0-255,5738,292735,17,298605
31741,0.065493,172.31.36.0-255,66,292801,17,298605
31742,0.067805,172.217.194.0-255,5738,298539,17,298605
31743,0.067811,172.31.36.0-255,66,298605,17,298605
31744,0.0,172.217.194.0-255,147,147,17,317798
31745,3.3e-05,172.31.36.0-255,66,213,17,317798
31746,4e-05,172.217.194.0-255,1484,1697,17,317798
31747,4.4e-05,172.31.36.0-255,66,1763,17,317798
31748,4.8e-05,172.217.194.0-255,2902,4665,17,317798
31749,5.9e-05,172.31.36.0-255,66,4731,17,317798
31750,6.6e-05,172.217.194.0-255,7156,11887,17,317798
31751,6.8e-05,172.31.36.0-255,66,11953,17,317798
31752,7.2e-05,172.217.194.0-255,2029,13982,17,317798
31753,7.6e-05,172.31.36.0-255,66,14048,17,317798
31754,0.000156,172.217.194.0-255,1484,15532,17,317798
31755,0.000161,172.31.36.0-255,66,15598,17,317798
31756,0.000168,172.217.194.0-255,2902,18500,17,317798
31757,0.00017,172.31.36.0-255,66,18566,17,317798
31758,0.000177,172.217.194.0-255,5738,24304,17,317798
31759,0.000186,172.31.36.0-255,66,24370,17,317798
31760,0.000189,172.217.194.0-255,1484,25854,17,317798
31761,0.00019,172.31.36.0-255,66,25920,17,317798
31762,0.000235,172.217.194.0-255,5379,31299,17,317798
31763,0.000238,172.31.36.0-255,66,31365,17,317798
31764,0.000351,172.217.194.0-255,1484,32849,17,317798
31765,0.000355,172.31.36.0-255,66,32915,17,317798
31766,0.000361,172.217.194.0-255,2902,35817,17,317798
31767,0.000364,172.31.36.0-255,66,35883,17,317798
31768,0.000369,172.217.194.0-255,4320,40203,17,317798
31769,0.000371,172.31.36.0-255,66,40269,17,317798
31770,0.000405,172.217.194.0-255,1484,41753,17,317798
31771,0.000408,172.31.36.0-255,66,41819,17,317798
31772,0.000416,172.217.194.0-255,5738,47557,17,317798
31773,0.000418,172.31.36.0-255,66,47623,17,317798
31774,0.00046,172.31.36.0-255,66,47689,17,317798
31775,0.00049,172.217.194.0-255,4573,52262,17,317798
31776,0.000494,172.31.36.0-255,66,52328,17,317798
31777,0.000762,172.217.194.0-255,1484,53812,17,317798
31778,0.000769,172.217.194.0-255,2902,56714,17,317798
31779,0.000772,172.31.36.0-255,66,56780,17,317798
31780,0.000776,172.217.194.0-255,1484,58264,17,317798
31781,0.000805,172.217.194.0-255,4320,62584,17,317798
31782,0.000809,172.31.36.0-255,66,62650,17,317798
31783,0.000816,172.217.194.0-255,7156,69806,17,317798
31784,0.000818,172.31.36.0-255,66,69872,17,317798
31785,0.000847,172.217.194.0-255,5738,75610,17,317798
31786,0.00085,172.31.36.0-255,66,75676,17,317798
31787,0.000858,172.217.194.0-255,7156,82832,17,317798
31788,0.00086,172.31.36.0-255,66,82898,17,317798
31789,0.000883,172.217.194.0-255,3602,86500,17,317798
31790,0.00089,172.31.36.0-255,66,86566,17,317798
31791,0.000915,172.217.194.0-255,1484,88050,17,317798
31792,0.000929,172.217.194.0-255,2902,90952,17,317798
31793,0.000932,172.31.36.0-255,66,91018,17,317798
31794,0.000939,172.217.194.0-255,5738,96756,17,317798
31795,0.000941,172.31.36.0-255,66,96822,17,317798
31796,0.000978,172.31.36.0-255,66,96888,17,317798
31797,0.001009,172.31.36.0-255,66,96954,17,317798
31798,0.001061,172.217.194.0-255,1484,98438,17,317798
31799,0.001066,172.217.194.0-255,2902,101340,17,317798
31800,0.00107,172.31.36.0-255,66,101406,17,317798
31801,0.001075,172.217.194.0-255,2902,104308,17,317798
31802,0.001077,172.31.36.0-255,66,104374,17,317798
31803,0.001093,172.217.194.0-255,2902,107276,17,317798
31804,0.001097,172.31.36.0-255,66,107342,17,317798
31805,0.001113,172.31.36.0-255,66,107408,17,317798
31806,0.001145,172.217.194.0-255,4320,111728,17,317798
31807,0.00115,172.31.36.0-255,66,111794,17,317798
31808,0.001191,172.31.36.0-255,66,111860,17,317798
31809,0.001954,172.217.194.0-255,1484,113344,17,317798
31810,0.001965,172.217.194.0-255,2902,116246,17,317798
31811,0.001971,172.31.36.0-255,66,116312,17,317798
31812,0.001978,172.217.194.0-255,5738,122050,17,317798
31813,0.00198,172.31.36.0-255,66,122116,17,317798
31814,0.001985,172.217.194.0-255,2902,125018,17,317798
31815,0.001995,172.31.36.0-255,66,125084,17,317798
31816,0.002042,172.31.36.0-255,66,125150,17,317798
31817,0.002061,172.31.36.0-255,66,125216,17,317798
31818,0.002064,172.217.194.0-255,766,125982,17,317798
31819,0.003818,172.31.36.0-255,66,126048,17,317798
31820,0.004094,172.217.194.0-255,4320,130368,17,317798
31821,0.0041,172.31.36.0-255,66,130434,17,317798
31822,0.005878,172.217.194.0-255,1484,131918,17,317798
31823,0.006148,172.217.194.0-255,2902,134820,17,317798
31824,0.006153,172.31.36.0-255,66,134886,17,317798
31825,0.006183,172.217.194.0-255,1484,136370,17,317798
31826,0.008201,172.217.194.0-255,4320,140690,17,317798
31827,0.008204,172.31.36.0-255,66,140756,17,317798
31828,0.010256,172.217.194.0-255,5738,146494,17,317798
31829,0.010262,172.31.36.0-255,66,146560,17,317798
31830,0.01232,172.217.194.0-255,5738,152298,17,317798
31831,0.012327,172.31.36.0-255,66,152364,17,317798
31832,0.014373,172.217.194.0-255,5738,158102,17,317798
31833,0.014381,172.31.36.0-255,66,158168,17,317798
31834,0.016434,172.217.194.0-255,5738,163906,17,317798
31835,0.016441,172.31.36.0-255,66,163972,17,317798
31836,0.018508,172.217.194.0-255,5738,169710,17,317798
31837,0.018517,172.31.36.0-255,66,169776,17,317798
31838,0.02056,172.217.194.0-255,5738,175514,17,317798
31839,0.020568,172.31.36.0-255,66,175580,17,317798
31840,0.022633,172.217.194.0-255,5738,181318,17,317798
31841,0.02264,172.31.36.0-255,66,181384,17,317798
31842,0.024688,172.217.194.0-255,5738,187122,17,317798
31843,0.024695,172.31.36.0-255,66,187188,17,317798
31844,0.02676,172.217.194.0-255,5738,192926,17,317798
31845,0.026767,172.31.36.0-255,66,192992,17,317798
31846,0.026918,172.31.36.0-255,172,193164,17,317798
31847,0.02697,172.31.36.0-255,1118,194282,17,317798
31848,0.02708,172.31.36.0-255,1514,195796,17,317798
31849,0.027082,172.31.36.0-255,1272,197068,17,317798
31850,0.028523,104.244.42.0-255,66,197134,17,317798
31851,0.02858,104.244.42.0-255,66,197200,17,317798
31852,0.028702,104.244.42.0-255,66,197266,17,317798
31853,0.028821,172.217.194.0-255,4320,201586,17,317798
31854,0.028825,172.31.36.0-255,66,201652,17,317798
31855,0.028855,172.217.194.0-255,1484,203136,17,317798
31856,0.030886,172.217.194.0-255,4320,207456,17,317798
31857,0.030892,172.31.36.0-255,66,207522,17,317798
31858,0.032933,172.217.194.0-255,5738,213260,17,317798
31859,0.032938,172.31.36.0-255,66,213326,17,317798
31860,0.035024,172.217.194.0-255,5738,219064,17,317798
31861,0.03503,172.31.36.0-255,66,219130,17,317798
31862,0.037066,172.217.194.0-255,5738,224868,17,317798
31863,0.037072,172.31.36.0-255,66,224934,17,317798
31864,0.039123,172.217.194.0-255,5738,230672,17,317798
31865,0.039129,172.31.36.0-255,66,230738,17,317798
31866,0.041188,172.217.194.0-255,5738,236476,17,317798
31867,0.041194,172.31.36.0-255,66,236542,17,317798
31868,0.043242,172.217.194.0-255,5738,242280,17,317798
31869,0.043247,172.31.36.0-255,66,242346,17,317798
31870,0.045295,172.217.194.0-255,5738,248084,17,317798
31871,0.045301,172.31.36.0-255,66,248150,17,317798
31872,0.047347,172.217.194.0-255,5738,253888,17,317798
31873,0.047352,172.31.36.0-255,66,253954,17,317798
31874,0.049396,172.217.194.0-255,5738,259692,17,317798
31875,0.049402,172.31.36.0-255,66,259758,17,317798
31876,0.051468,172.217.194.0-255,5738,265496,17,317798
31877,0.051473,172.31.36.0-255,66,265562,17,317798
31878,0.053504,172.217.194.0-255,5738,271300,17,317798
31879,0.053509,172.31.36.0-255,66,271366,17,317798
31880,0.055558,172.217.194.0-255,5738,277104,17,317798
31881,0.055564,172.31.36.0-255,66,277170,17,317798
31882,0.057607,172.217.194.0-255,5738,282908,17,317798
31883,0.057613,172.31.36.0-255,66,282974,17,317798
31884,0.059663,172.217.194.0-255,5738,288712,17,317798
31885,0.059669,172.31.36.0-255,66,288778,17,317798
31886,0.061702,172.217.194.0-255,5738,294516,17,317798
31887,0.061707,172.31.36.0-255,66,294582,17,317798
31888,0.063735,172.217.194.0-255,5738,300320,17,317798
31889,0.06374,172.31.36.0-255,66,300386,17,317798
31890,0.065791,172.217.194.0-255,5738,306124,17,317798
31891,0.065796,172.31.36.0-255,66,306190,17,317798
31892,0.067867,172.217.194.0-255,5738,311928,17,317798
31893,0.067888,172.31.36.0-255,66,311994,17,317798
31894,0.069941,172.217.194.0-255,5738,317732,17,317798
31895,0.069946,172.31.36.0-255,66,317798,17,317798
31896,0.0,172.31.36.0-255,234,234,17,300
31897,0.007639,74.125.24.0-255,66,300,17,300
31898,0.0,74.125.24.0-255,66,66,17,66
31899,0.0,74.125.24.0-255,143,143,17,280943
31900,3e-05,172.31.36.0-255,66,209,17,280943
31901,3.7e-05,74.125.24.0-255,1484,1693,17,280943
31902,4e-05,172.31.36.0-255,66,1759,17,280943
31903,4.6e-05,74.125.24.0-255,2902,4661,17,280943
31904,4.9e-05,172.31.36.0-255,66,4727,17,280943
31905,5.5e-05,74.125.24.0-255,4320,9047,17,280943
31906,5.7e-05,172.31.36.0-255,66,9113,17,280943
31907,9.9e-05,74.125.24.0-255,4847,13960,17,280943
31908,0.000103,172.31.36.0-255,66,14026,17,280943
31909,0.000301,74.125.24.0-255,1484,15510,17,280943
31910,0.000306,172.31.36.0-255,66,15576,17,280943
31911,0.000312,74.125.24.0-255,2902,18478,17,280943
31912,0.000314,172.31.36.0-255,66,18544,17,280943
31913,0.000321,74.125.24.0-255,4320,22864,17,280943
31914,0.000325,172.31.36.0-255,66,22930,17,280943
31915,0.000347,74.125.24.0-255,1484,24414,17,280943
31916,0.000349,172.31.36.0-255,66,24480,17,280943
31917,0.000357,74.125.24.0-255,6797,31277,17,280943
31918,0.00036,172.31.36.0-255,66,31343,17,280943
31919,0.000408,74.125.24.0-255,4320,35663,17,280943
31920,0.000412,172.31.36.0-255,66,35729,17,280943
31921,0.000439,172.31.36.0-255,66,35795,17,280943
31922,0.000443,74.125.24.0-255,2543,38338,17,280943
31923,0.000446,172.31.36.0-255,66,38404,17,280943
31924,0.00045,74.125.24.0-255,2902,41306,17,280943
31925,0.000452,172.31.36.0-255,66,41372,17,280943
31926,0.000496,172.31.36.0-255,66,41438,17,280943
31927,0.000499,74.125.24.0-255,132,41570,17,280943
31928,0.000501,172.31.36.0-255,66,41636,17,280943
31929,0.000584,74.125.24.0-255,345,41981,17,280943
31930,0.000824,172.31.36.0-255,66,42047,17,280943
31931,0.000877,74.125.24.0-255,1484,43531,17,280943
31932,0.000884,74.125.24.0-255,1484,45015,17,280943
31933,0.000887,172.31.36.0-255,66,45081,17,280943
31934,0.000906,74.125.24.0-255,1484,46565,17,280943
31935,0.000912,74.125.24.0-255,5738,52303,17,280943
31936,0.000914,172.31.36.0-255,66,52369,17,280943
31937,0.000918,74.125.24.0-255,2902,55271,17,280943
31938,0.00092,172.31.36.0-255,66,55337,17,280943
31939,0.000941,172.31.36.0-255,66,55403,17,280943
31940,0.000977,172.31.36.0-255,66,55469,17,280943
31941,0.001789,74.125.24.0-255,1484,56953,17,280943
31942,0.001796,74.125.24.0-255,1484,58437,17,280943
31943,0.001814,74.125.24.0-255,1484,59921,17,280943
31944,0.00182,74.125.24.0-255,4320,64241,17,280943
31945,0.001823,74.125.24.0-255,2902,67143,17,280943
31946,0.00184,74.125.24.0-255,5738,72881,17,280943
31947,0.001868,74.125.24.0-255,2902,75783,17,280943
31948,0.001881,74.125.24.0-255,4320,80103,17,280943
31949,0.001894,74.125.24.0-255,5738,85841,17,280943
31950,0.001906,74.125.24.0-255,3602,89443,17,280943
31951,0.002079,74.125.24.0-255,1484,90927,17,280943
31952,0.002095,74.125.24.0-255,2902,93829,17,280943
31953,0.002106,74.125.24.0-255,2902,96731,17,280943
31954,0.002117,74.125.24.0-255,2902,99633,17,280943
31955,0.002122,74.125.24.0-255,4320,103953,17,280943
31956,0.002143,74.125.24.0-255,5738,109691,17,280943
31957,0.002161,74.125.24.0-255,2902,112593,17,280943
31958,0.00221,74.125.24.0-255,4320,116913,17,280943
31959,0.002215,74.125.24.0-255,4320,121233,17,280943
31960,0.006796,172.31.36.0-255,66,121299,17,280943
31961,0.009124,74.125.24.0-255,5738,127037,17,280943
31962,0.00913,172.31.36.0-255,66,127103,17,280943
31963,0.011436,74.125.24.0-255,4320,131423,17,280943
31964,0.011444,172.31.36.0-255,66,131489,17,280943
31965,0.011465,74.125.24.0-255,1484,132973,17,280943
31966,0.01381,74.125.24.0-255,4320,137293,17,280943
31967,0.013817,172.31.36.0-255,66,137359,17,280943
31968,0.016136,74.125.24.0-255,5738,143097,17,280943
31969,0.016144,172.31.36.0-255,66,143163,17,280943
31970,0.018467,74.125.24.0-255,5738,148901,17,280943
31971,0.018494,172.31.36.0-255,66,148967,17,280943
31972,0.020812,74.125.24.0-255,5738,154705,17,280943
31973,0.02082,172.31.36.0-255,66,154771,17,280943
31974,0.023134,74.125.24.0-255,5738,160509,17,280943
31975,0.023142,172.31.36.0-255,66,160575,17,280943
31976,0.025469,74.125.24.0-255,5738,166313,17,280943
31977,0.025476,172.31.36.0-255,66,166379,17,280943
31978,0.025786,172.31.36.0-255,188,166567,17,280943
31979,0.025822,172.31.36.0-255,961,167528,17,280943
31980,0.025887,172.31.36.0-255,1514,169042,17,280943
31981,0.025889,172.31.36.0-255,1427,170469,17,280943
31982,0.027346,104.244.42.0-255,66,170535,17,280943
31983,0.027414,104.244.42.0-255,66,170601,17,280943
31984,0.027519,104.244.42.0-255,66,170667,17,280943
31985,0.027806,74.125.24.0-255,5738,176405,17,280943
31986,0.027811,172.31.36.0-255,66,176471,17,280943
31987,0.030131,74.125.24.0-255,5738,182209,17,280943
31988,0.030138,172.31.36.0-255,66,182275,17,280943
31989,0.032448,74.125.24.0-255,5738,188013,17,280943
31990,0.032456,172.31.36.0-255,66,188079,17,280943
31991,0.034759,74.125.24.0-255,5738,193817,17,280943
31992,0.034766,172.31.36.0-255,66,193883,17,280943
31993,0.037098,74.125.24.0-255,5738,199621,17,280943
31994,0.037105,172.31.36.0-255,66,199687,17,280943
31995,0.039411,74.125.24.0-255,5738,205425,17,280943
31996,0.039417,172.31.36.0-255,66,205491,17,280943
31997,0.041757,74.125.24.0-255,5738,211229,17,280943
31998,0.041763,172.31.36.0-255,66,211295,17,280943
31999,0.044089,74.125.24.0-255,5738,217033,17,280943
32000,0.044095,172.31.36.0-255,66,217099,17,280943
32001,0.046417,74.125.24.0-255,5738,222837,17,280943
32002,0.046424,172.31.36.0-255,66,222903,17,280943
32003,0.048767,74.125.24.0-255,5738,228641,17,280943
32004,0.048773,172.31.36.0-255,66,228707,17,280943
32005,0.05121,74.125.24.0-255,5738,234445,17,280943
32006,0.051219,172.31.36.0-255,66,234511,17,280943
32007,0.053559,74.125.24.0-255,5738,240249,17,280943
32008,0.053567,172.31.36.0-255,66,240315,17,280943
32009,0.055894,74.125.24.0-255,5738,246053,17,280943
32010,0.055901,172.31.36.0-255,66,246119,17,280943
32011,0.058217,74.125.24.0-255,5738,251857,17,280943
32012,0.058223,172.31.36.0-255,66,251923,17,280943
32013,0.060545,74.125.24.0-255,5738,257661,17,280943
32014,0.060552,172.31.36.0-255,66,257727,17,280943
32015,0.062878,74.125.24.0-255,5738,263465,17,280943
32016,0.062884,172.31.36.0-255,66,263531,17,280943
32017,0.065206,74.125.24.0-255,5738,269269,17,280943
32018,0.065212,172.31.36.0-255,66,269335,17,280943
32019,0.067526,74.125.24.0-255,5738,275073,17,280943
32020,0.067532,172.31.36.0-255,66,275139,17,280943
32021,0.069854,74.125.24.0-255,5738,280877,17,280943
32022,0.069861,172.31.36.0-255,66,280943,17,280943
32023,0.0,172.217.27.0-255,152,152,17,353534
32024,2.2e-05,172.31.36.0-255,66,218,17,353534
32025,3e-05,172.217.27.0-255,1484,1702,17,353534
32026,3.5e-05,172.31.36.0-255,66,1768,17,353534
32027,4.1e-05,172.217.27.0-255,2902,4670,17,353534
32028,4.5e-05,172.31.36.0-255,66,4736,17,353534
32029,5.1e-05,172.217.27.0-255,5738,10474,17,353534
32030,5.5e-05,172.31.36.0-255,66,10540,17,353534
32031,5.9e-05,172.217.27.0-255,1484,12024,17,353534
32032,6.1e-05,172.31.36.0-255,66,12090,17,353534
32033,0.000105,172.31.36.0-255,66,12156,17,353534
32034,0.000113,172.217.27.0-255,6797,18953,17,353534
32035,0.000116,172.31.36.0-255,66,19019,17,353534
32036,0.000164,172.217.27.0-255,7156,26175,17,353534
32037,0.000167,172.31.36.0-255,66,26241,17,353534
32038,0.000175,172.217.27.0-255,7156,33397,17,353534
32039,0.000177,172.31.36.0-255,66,33463,17,353534
32040,0.000208,172.217.27.0-255,2543,36006,17,353534
32041,0.00021,172.31.36.0-255,66,36072,17,353534
32042,0.000537,172.217.27.0-255,1484,37556,17,353534
32043,0.000542,172.31.36.0-255,66,37622,17,353534
32044,0.000548,172.217.27.0-255,2902,40524,17,353534
32045,0.000551,172.31.36.0-255,66,40590,17,353534
32046,0.000555,172.217.27.0-255,1484,42074,17,353534
32047,0.000557,172.31.36.0-255,66,42140,17,353534
32048,0.000578,172.217.27.0-255,4320,46460,17,353534
32049,0.000581,172.31.36.0-255,66,46526,17,353534
32050,0.000586,172.217.27.0-255,2902,49428,17,353534
32051,0.000588,172.31.36.0-255,66,49494,17,353534
32052,0.000613,172.217.27.0-255,3961,53455,17,353534
32053,0.000616,172.31.36.0-255,66,53521,17,353534
32054,0.000637,172.217.27.0-255,355,53876,17,353534
32055,0.000871,172.217.27.0-255,1484,55360,17,353534
32056,0.000875,172.31.36.0-255,66,55426,17,353534
32057,0.000881,172.217.27.0-255,2902,58328,17,353534
32058,0.000883,172.31.36.0-255,66,58394,17,353534
32059,0.000888,172.217.27.0-255,2902,61296,17,353534
32060,0.00089,172.31.36.0-255,66,61362,17,353534
32061,0.000907,172.217.27.0-255,2902,64264,17,353534
32062,0.00091,172.31.36.0-255,66,64330,17,353534
32063,0.000931,172.31.36.0-255,66,64396,17,353534
32064,0.000944,172.31.36.0-255,66,64462,17,353534
32065,0.000965,172.217.27.0-255,1484,65946,17,353534
32066,0.000995,172.31.36.0-255,66,66012,17,353534
32067,0.001026,172.31.36.0-255,66,66078,17,353534
32068,0.001095,172.217.27.0-255,1484,67562,17,353534
32069,0.001102,172.217.27.0-255,2902,70464,17,353534
32070,0.001104,172.31.36.0-255,66,70530,17,353534
32071,0.001108,172.217.27.0-255,1484,72014,17,353534
32072,0.00112,172.217.27.0-255,2902,74916,17,353534
32073,0.001125,172.31.36.0-255,66,74982,17,353534
32074,0.001162,172.217.27.0-255,4320,79302,17,353534
32075,0.001166,172.31.36.0-255,66,79368,17,353534
32076,0.001183,172.217.27.0-255,3051,82419,17,353534
32077,0.001185,172.31.36.0-255,66,82485,17,353534
32078,0.001303,172.217.27.0-255,1484,83969,17,353534
32079,0.001309,172.217.27.0-255,2902,86871,17,353534
32080,0.001312,172.31.36.0-255,66,86937,17,353534
32081,0.001338,172.217.27.0-255,2902,89839,17,353534
32082,0.001341,172.31.36.0-255,66,89905,17,353534
32083,0.001346,172.217.27.0-255,2902,92807,17,353534
32084,0.001348,172.31.36.0-255,66,92873,17,353534
32085,0.001361,172.217.27.0-255,1484,94357,17,353534
32086,0.001366,172.217.27.0-255,4320,98677,17,353534
32087,0.001369,172.31.36.0-255,66,98743,17,353534
32088,0.00139,172.217.27.0-255,1125,99868,17,353534
32089,0.001411,172.217.27.0-255,1484,101352,17,353534
32090,0.001415,172.31.36.0-255,66,101418,17,353534
32091,0.00142,172.217.27.0-255,2902,104320,17,353534
32092,0.001422,172.31.36.0-255,66,104386,17,353534
32093,0.001428,172.217.27.0-255,5738,110124,17,353534
32094,0.00143,172.31.36.0-255,66,110190,17,353534
32095,0.001454,172.217.27.0-255,4320,114510,17,353534
32096,0.001457,172.31.36.0-255,66,114576,17,353534
32097,0.001477,172.217.27.0-255,2543,117119,17,353534
32098,0.001479,172.31.36.0-255,66,117185,17,353534
32099,0.003118,172.217.27.0-255,4320,121505,17,353534
32100,0.003125,172.31.36.0-255,66,121571,17,353534
32101,0.003146,172.217.27.0-255,1484,123055,17,353534
32102,0.004781,172.217.27.0-255,4320,127375,17,353534
32103,0.004785,172.31.36.0-255,66,127441,17,353534
32104,0.006443,172.217.27.0-255,5738,133179,17,353534
32105,0.006447,172.31.36.0-255,66,133245,17,353534
32106,0.008107,172.217.27.0-255,5738,138983,17,353534
32107,0.008114,172.31.36.0-255,66,139049,17,353534
32108,0.009768,172.217.27.0-255,5738,144787,17,353534
32109,0.009775,172.31.36.0-255,66,144853,17,353534
32110,0.011441,172.217.27.0-255,5738,150591,17,353534
32111,0.011449,172.31.36.0-255,66,150657,17,353534
32112,0.01312,172.217.27.0-255,5738,156395,17,353534
32113,0.013128,172.31.36.0-255,66,156461,17,353534
32114,0.014793,172.217.27.0-255,5738,162199,17,353534
32115,0.014801,172.31.36.0-255,66,162265,17,353534
32116,0.016467,172.217.27.0-255,5738,168003,17,353534
32117,0.016474,172.31.36.0-255,66,168069,17,353534
32118,0.018147,172.217.27.0-255,5738,173807,17,353534
32119,0.018153,172.31.36.0-255,66,173873,17,353534
32120,0.019817,172.217.27.0-255,5738,179611,17,353534
32121,0.019824,172.31.36.0-255,66,179677,17,353534
32122,0.021478,172.217.27.0-255,2902,182579,17,353534
32123,0.021485,172.31.36.0-255,66,182645,17,353534
32124,0.021513,172.217.27.0-255,2902,185547,17,353534
32125,0.021516,172.31.36.0-255,66,185613,17,353534
32126,0.023188,172.217.27.0-255,2902,188515,17,353534
32127,0.023196,172.31.36.0-255,66,188581,17,353534
32128,0.023237,172.217.27.0-255,1484,190065,17,353534
32129,0.023251,172.217.27.0-255,1484,191549,17,353534
32130,0.023254,172.31.36.0-255,66,191615,17,353534
32131,0.024857,172.217.27.0-255,2902,194517,17,353534
32132,0.024863,172.31.36.0-255,66,194583,17,353534
32133,0.024897,172.217.27.0-255,2902,197485,17,353534
32134,0.0249,172.31.36.0-255,66,197551,17,353534
32135,0.026564,172.217.27.0-255,2902,200453,17,353534
32136,0.026571,172.31.36.0-255,66,200519,17,353534
32137,0.026593,172.217.27.0-255,2902,203421,17,353534
32138,0.026596,172.31.36.0-255,66,203487,17,353534
32139,0.028228,172.217.27.0-255,2902,206389,17,353534
32140,0.028235,172.31.36.0-255,66,206455,17,353534
32141,0.028283,172.217.27.0-255,2902,209357,17,353534
32142,0.028287,172.31.36.0-255,66,209423,17,353534
32143,0.029893,172.217.27.0-255,2902,212325,17,353534
32144,0.029899,172.31.36.0-255,66,212391,17,353534
32145,0.029933,172.217.27.0-255,2902,215293,17,353534
32146,0.029936,172.31.36.0-255,66,215359,17,353534
32147,0.030986,172.31.36.0-255,187,215546,17,353534
32148,0.031019,172.31.36.0-255,985,216531,17,353534
32149,0.031079,172.31.36.0-255,1514,218045,17,353534
32150,0.031081,172.31.36.0-255,1403,219448,17,353534
32151,0.031556,172.217.27.0-255,2902,222350,17,353534
32152,0.031562,172.31.36.0-255,66,222416,17,353534
32153,0.031584,172.217.27.0-255,2902,225318,17,353534
32154,0.031587,172.31.36.0-255,66,225384,17,353534
32155,0.032526,104.244.42.0-255,66,225450,17,353534
32156,0.032601,104.244.42.0-255,66,225516,17,353534
32157,0.032669,104.244.42.0-255,66,225582,17,353534
32158,0.033217,172.217.27.0-255,2902,228484,17,353534
32159,0.033224,172.31.36.0-255,66,228550,17,353534
32160,0.033245,172.217.27.0-255,2902,231452,17,353534
32161,0.033247,172.31.36.0-255,66,231518,17,353534
32162,0.034882,172.217.27.0-255,2902,234420,17,353534
32163,0.034889,172.31.36.0-255,66,234486,17,353534
32164,0.034911,172.217.27.0-255,2902,237388,17,353534
32165,0.034914,172.31.36.0-255,66,237454,17,353534
32166,0.036574,172.217.27.0-255,5738,243192,17,353534
32167,0.036581,172.31.36.0-255,66,243258,17,353534
32168,0.038241,172.217.27.0-255,5738,248996,17,353534
32169,0.038249,172.31.36.0-255,66,249062,17,353534
32170,0.039906,172.217.27.0-255,5738,254800,17,353534
32171,0.039913,172.31.36.0-255,66,254866,17,353534
32172,0.041585,172.217.27.0-255,5738,260604,17,353534
32173,0.041593,172.31.36.0-255,66,260670,17,353534
32174,0.043271,172.217.27.0-255,5738,266408,17,353534
32175,0.043277,172.31.36.0-255,66,266474,17,353534
32176,0.044943,172.217.27.0-255,5738,272212,17,353534
32177,0.044948,172.31.36.0-255,66,272278,17,353534
32178,0.046616,172.217.27.0-255,5738,278016,17,353534
32179,0.046623,172.31.36.0-255,66,278082,17,353534
32180,0.048289,172.217.27.0-255,5738,283820,17,353534
32181,0.048296,172.31.36.0-255,66,283886,17,353534
32182,0.049971,172.217.27.0-255,5738,289624,17,353534
32183,0.049982,172.31.36.0-255,66,289690,17,353534
32184,0.051665,172.217.27.0-255,5738,295428,17,353534
32185,0.051672,172.31.36.0-255,66,295494,17,353534
32186,0.053335,172.217.27.0-255,5738,301232,17,353534
32187,0.053341,172.31.36.0-255,66,301298,17,353534
32188,0.055005,172.217.27.0-255,5738,307036,17,353534
32189,0.055012,172.31.36.0-255,66,307102,17,353534
32190,0.056675,172.217.27.0-255,5738,312840,17,353534
32191,0.056681,172.31.36.0-255,66,312906,17,353534
32192,0.058344,172.217.27.0-255,5738,318644,17,353534
32193,0.05835,172.31.36.0-255,66,318710,17,353534
32194,0.06002,172.217.27.0-255,5738,324448,17,353534
32195,0.060026,172.31.36.0-255,66,324514,17,353534
32196,0.061699,172.217.27.0-255,5738,330252,17,353534
32197,0.061708,172.31.36.0-255,66,330318,17,353534
32198,0.063399,172.217.27.0-255,5738,336056,17,353534
32199,0.063405,172.31.36.0-255,66,336122,17,353534
32200,0.065071,172.217.27.0-255,5738,341860,17,353534
32201,0.065077,172.31.36.0-255,66,341926,17,353534
32202,0.066744,172.217.27.0-255,5738,347664,17,353534
32203,0.066751,172.31.36.0-255,66,347730,17,353534
32204,0.068421,172.217.27.0-255,5738,353468,17,353534
32205,0.068428,172.31.36.0-255,66,353534,17,353534
32206,0.0,74.125.24.0-255,153,153,17,330451
32207,2.9e-05,172.31.36.0-255,66,219,17,330451
32208,3.5e-05,74.125.24.0-255,1484,1703,17,330451
32209,3.8e-05,172.31.36.0-255,66,1769,17,330451
32210,4.2e-05,74.125.24.0-255,2902,4671,17,330451
32211,4.4e-05,172.31.36.0-255,66,4737,17,330451
32212,5.1e-05,74.125.24.0-255,7156,11893,17,330451
32213,5.3e-05,172.31.36.0-255,66,11959,17,330451
32214,5.6e-05,74.125.24.0-255,2104,14063,17,330451
32215,5.8e-05,172.31.36.0-255,66,14129,17,330451
32216,7.5e-05,74.125.24.0-255,2902,17031,17,330451
32217,7.7e-05,172.31.36.0-255,66,17097,17,330451
32218,9.7e-05,172.31.36.0-255,66,17163,17,330451
32219,0.000102,74.125.24.0-255,5379,22542,17,330451
32220,0.000104,172.31.36.0-255,66,22608,17,330451
32221,0.000212,74.125.24.0-255,1484,24092,17,330451
32222,0.000216,172.31.36.0-255,66,24158,17,330451
32223,0.000222,74.125.24.0-255,2902,27060,17,330451
32224,0.000224,172.31.36.0-255,66,27126,17,330451
32225,0.000228,74.125.24.0-255,2902,30028,17,330451
32226,0.000231,172.31.36.0-255,66,30094,17,330451
32227,0.000262,74.125.24.0-255,2902,32996,17,330451
32228,0.000265,172.31.36.0-255,66,33062,17,330451
32229,0.000273,74.125.24.0-255,6797,39859,17,330451
32230,0.000275,172.31.36.0-255,66,39925,17,330451
32231,0.000282,74.125.24.0-255,7156,47081,17,330451
32232,0.000286,172.31.36.0-255,66,47147,17,330451
32233,0.000322,172.31.36.0-255,66,47213,17,330451
32234,0.000407,74.125.24.0-255,646,47859,17,330451
32235,0.000411,172.31.36.0-255,66,47925,17,330451
32236,0.000538,74.125.24.0-255,1484,49409,17,330451
32237,0.000544,74.125.24.0-255,2902,52311,17,330451
32238,0.000547,172.31.36.0-255,66,52377,17,330451
32239,0.00057,74.125.24.0-255,5738,58115,17,330451
32240,0.000573,172.31.36.0-255,66,58181,17,330451
32241,0.000605,74.125.24.0-255,5738,63919,17,330451
32242,0.000608,172.31.36.0-255,66,63985,17,330451
32243,0.00063,74.125.24.0-255,7156,71141,17,330451
32244,0.000633,172.31.36.0-255,66,71207,17,330451
32245,0.000676,74.125.24.0-255,5738,76945,17,330451
32246,0.00068,172.31.36.0-255,66,77011,17,330451
32247,0.000699,74.125.24.0-255,5020,82031,17,330451
32248,0.000702,172.31.36.0-255,66,82097,17,330451
32249,0.000706,74.125.24.0-255,1484,83581,17,330451
32250,0.000731,74.125.24.0-255,7156,90737,17,330451
32251,0.000734,172.31.36.0-255,66,90803,17,330451
32252,0.00074,74.125.24.0-255,4320,95123,17,330451
32253,0.000744,172.31.36.0-255,66,95189,17,330451
32254,0.000758,74.125.24.0-255,5738,100927,17,330451
32255,0.000762,172.31.36.0-255,66,100993,17,330451
32256,0.000764,74.125.24.0-255,5738,106731,17,330451
32257,0.000767,172.31.36.0-255,66,106797,17,330451
32258,0.000802,172.31.36.0-255,66,106863,17,330451
32259,0.000912,74.125.24.0-255,1484,108347,17,330451
32260,0.000918,74.125.24.0-255,2902,111249,17,330451
32261,0.000921,172.31.36.0-255,66,111315,17,330451
32262,0.000945,74.125.24.0-255,5738,117053,17,330451
32263,0.000948,172.31.36.0-255,66,117119,17,330451
32264,0.000951,74.125.24.0-255,1484,118603,17,330451
32265,0.000975,172.31.36.0-255,66,118669,17,330451
32266,0.001008,74.125.24.0-255,4320,122989,17,330451
32267,0.001012,172.31.36.0-255,66,123055,17,330451
32268,0.001035,74.125.24.0-255,6438,129493,17,330451
32269,0.001038,172.31.36.0-255,66,129559,17,330451
32270,0.001351,74.125.24.0-255,1484,131043,17,330451
32271,0.001356,74.125.24.0-255,2902,133945,17,330451
32272,0.001359,172.31.36.0-255,66,134011,17,330451
32273,0.001366,74.125.24.0-255,5738,139749,17,330451
32274,0.001368,172.31.36.0-255,66,139815,17,330451
32275,0.001399,172.31.36.0-255,66,139881,17,330451
32276,0.001419,74.125.24.0-255,4320,144201,17,330451
32277,0.001422,172.31.36.0-255,66,144267,17,330451
32278,0.001434,172.31.36.0-255,66,144333,17,330451
32279,0.001933,74.125.24.0-255,1484,145817,17,330451
32280,0.001941,74.125.24.0-255,2902,148719,17,330451
32281,0.001945,172.31.36.0-255,66,148785,17,330451
32282,0.001951,74.125.24.0-255,4320,153105,17,330451
32283,0.001953,172.31.36.0-255,66,153171,17,330451
32284,0.001967,74.125.24.0-255,1484,154655,17,330451
32285,0.001974,74.125.24.0-255,7156,161811,17,330451
32286,0.001977,172.31.36.0-255,66,161877,17,330451
32287,0.001995,74.125.24.0-255,4320,166197,17,330451
32288,0.001998,172.31.36.0-255,66,166263,17,330451
32289,0.002032,172.31.36.0-255,66,166329,17,330451
32290,0.002045,172.31.36.0-255,66,166395,17,330451
32291,0.002051,74.125.24.0-255,5738,172133,17,330451
32292,0.002053,172.31.36.0-255,66,172199,17,330451
32293,0.002083,74.125.24.0-255,5738,177937,17,330451
32294,0.002086,172.31.36.0-255,66,178003,17,330451
32295,0.0021,172.31.36.0-255,66,178069,17,330451
32296,0.002213,74.125.24.0-255,1484,179553,17,330451
32297,0.002219,74.125.24.0-255,2902,182455,17,330451
32298,0.002222,172.31.36.0-255,66,182521,17,330451
32299,0.004282,74.125.24.0-255,1484,184005,17,330451
32300,0.004433,74.125.24.0-255,4320,188325,17,330451
32301,0.004437,172.31.36.0-255,66,188391,17,330451
32302,0.006646,74.125.24.0-255,4320,192711,17,330451
32303,0.00665,172.31.36.0-255,66,192777,17,330451
32304,0.006667,74.125.24.0-255,1484,194261,17,330451
32305,0.00885,74.125.24.0-255,4320,198581,17,330451
32306,0.008857,172.31.36.0-255,66,198647,17,330451
32307,0.011074,74.125.24.0-255,5738,204385,17,330451
32308,0.011081,172.31.36.0-255,66,204451,17,330451
32309,0.013303,74.125.24.0-255,5738,210189,17,330451
32310,0.013309,172.31.36.0-255,66,210255,17,330451
32311,0.015533,74.125.24.0-255,5738,215993,17,330451
32312,0.015542,172.31.36.0-255,66,216059,17,330451
32313,0.017744,74.125.24.0-255,5738,221797,17,330451
32314,0.017752,172.31.36.0-255,66,221863,17,330451
32315,0.019954,74.125.24.0-255,5738,227601,17,330451
32316,0.019961,172.31.36.0-255,66,227667,17,330451
32317,0.022179,74.125.24.0-255,5738,233405,17,330451
32318,0.022187,172.31.36.0-255,66,233471,17,330451
32319,0.024379,74.125.24.0-255,5738,239209,17,330451
32320,0.024386,172.31.36.0-255,66,239275,17,330451
32321,0.026586,74.125.24.0-255,5738,245013,17,330451
32322,0.026594,172.31.36.0-255,66,245079,17,330451
32323,0.027356,172.31.36.0-255,200,245279,17,330451
32324,0.0274,172.31.36.0-255,1117,246396,17,330451
32325,0.027462,172.31.36.0-255,1514,247910,17,330451
32326,0.027464,172.31.36.0-255,1514,249424,17,330451
32327,0.027497,172.31.36.0-255,672,250096,17,330451
32328,0.028803,74.125.24.0-255,5738,255834,17,330451
32329,0.02881,172.31.36.0-255,66,255900,17,330451
32330,0.028913,104.244.42.0-255,66,255966,17,330451
32331,0.029016,104.244.42.0-255,66,256032,17,330451
32332,0.029021,104.244.42.0-255,66,256098,17,330451
32333,0.029109,104.244.42.0-255,66,256164,17,330451
32334,0.029566,104.244.42.0-255,108,256272,17,330451
32335,0.029584,172.31.36.0-255,66,256338,17,330451
32336,0.031003,74.125.24.0-255,5738,262076,17,330451
32337,0.031008,172.31.36.0-255,66,262142,17,330451
32338,0.033221,74.125.24.0-255,5738,267880,17,330451
32339,0.033227,172.31.36.0-255,66,267946,17,330451
32340,0.035426,74.125.24.0-255,5738,273684,17,330451
32341,0.035431,172.31.36.0-255,66,273750,17,330451
32342,0.037636,74.125.24.0-255,5738,279488,17,330451
32343,0.037641,172.31.36.0-255,66,279554,17,330451
32344,0.039838,74.125.24.0-255,5738,285292,17,330451
32345,0.039843,172.31.36.0-255,66,285358,17,330451
32346,0.042015,74.125.24.0-255,5738,291096,17,330451
32347,0.04202,172.31.36.0-255,66,291162,17,330451
32348,0.044222,74.125.24.0-255,5738,296900,17,330451
32349,0.044228,172.31.36.0-255,66,296966,17,330451
32350,0.04641,74.125.24.0-255,5738,302704,17,330451
32351,0.046418,172.31.36.0-255,66,302770,17,330451
32352,0.048606,74.125.24.0-255,5738,308508,17,330451
32353,0.048611,172.31.36.0-255,66,308574,17,330451
32354,0.050794,74.125.24.0-255,4320,312894,17,330451
32355,0.050801,172.31.36.0-255,66,312960,17,330451
32356,0.050829,74.125.24.0-255,1484,314444,17,330451
32357,0.053002,74.125.24.0-255,4320,318764,17,330451
32358,0.053007,172.31.36.0-255,66,318830,17,330451
32359,0.055188,74.125.24.0-255,5738,324568,17,330451
32360,0.055193,172.31.36.0-255,66,324634,17,330451
32361,0.057394,74.125.24.0-255,5580,330214,17,330451
32362,0.057399,172.31.36.0-255,66,330280,17,330451
32363,0.057597,172.31.36.0-255,105,330385,17,330451
32364,0.059747,74.125.24.0-255,66,330451,17,330451
32365,0.0,172.253.118.0-255,146,146,17,308439
32366,1.7e-05,172.31.36.0-255,66,212,17,308439
32367,2.4e-05,172.253.118.0-255,1484,1696,17,308439
32368,2.8e-05,172.31.36.0-255,66,1762,17,308439
32369,3.5e-05,172.253.118.0-255,2902,4664,17,308439
32370,3.7e-05,172.31.36.0-255,66,4730,17,308439
32371,4.2e-05,172.253.118.0-255,2902,7632,17,308439
32372,4.6e-05,172.31.36.0-255,66,7698,17,308439
32373,8.4e-05,172.253.118.0-255,4320,12018,17,308439
32374,8.8e-05,172.31.36.0-255,66,12084,17,308439
32375,0.000106,172.253.118.0-255,2015,14099,17,308439
32376,0.000108,172.31.36.0-255,66,14165,17,308439
32377,0.000116,172.253.118.0-255,7156,21321,17,308439
32378,0.000119,172.31.36.0-255,66,21387,17,308439
32379,0.000139,172.253.118.0-255,2902,24289,17,308439
32380,0.000142,172.31.36.0-255,66,24355,17,308439
32381,0.000147,172.253.118.0-255,4320,28675,17,308439
32382,0.00015,172.31.36.0-255,66,28741,17,308439
32383,0.000173,172.253.118.0-255,2543,31284,17,308439
32384,0.000175,172.31.36.0-255,66,31350,17,308439
32385,0.000248,172.253.118.0-255,1484,32834,17,308439
32386,0.000253,172.31.36.0-255,66,32900,17,308439
32387,0.000257,172.253.118.0-255,2902,35802,17,308439
32388,0.00026,172.31.36.0-255,66,35868,17,308439
32389,0.000264,172.253.118.0-255,2902,38770,17,308439
32390,0.000266,172.31.36.0-255,66,38836,17,308439
32391,0.000293,172.253.118.0-255,2902,41738,17,308439
32392,0.000296,172.31.36.0-255,66,41804,17,308439
32393,0.000301,172.253.118.0-255,4320,46124,17,308439
32394,0.000303,172.31.36.0-255,66,46190,17,308439
32395,0.000321,172.253.118.0-255,2543,48733,17,308439
32396,0.000324,172.31.36.0-255,66,48799,17,308439
32397,0.000353,172.253.118.0-255,2902,51701,17,308439
32398,0.000356,172.31.36.0-255,66,51767,17,308439
32399,0.000376,172.253.118.0-255,7156,58923,17,308439
32400,0.000378,172.31.36.0-255,66,58989,17,308439
32401,0.000382,172.253.118.0-255,2902,61891,17,308439
32402,0.000385,172.31.36.0-255,66,61957,17,308439
32403,0.000426,172.253.118.0-255,3961,65918,17,308439
32404,0.00043,172.31.36.0-255,66,65984,17,308439
32405,0.000615,172.253.118.0-255,649,66633,17,308439
32406,0.000822,172.253.118.0-255,1484,68117,17,308439
32407,0.000828,172.31.36.0-255,66,68183,17,308439
32408,0.000833,172.253.118.0-255,2902,71085,17,308439
32409,0.000835,172.31.36.0-255,66,71151,17,308439
32410,0.000839,172.253.118.0-255,2902,74053,17,308439
32411,0.000841,172.31.36.0-255,66,74119,17,308439
32412,0.000883,172.253.118.0-255,2902,77021,17,308439
32413,0.000886,172.31.36.0-255,66,77087,17,308439
32414,0.000899,172.31.36.0-255,66,77153,17,308439
32415,0.000912,172.31.36.0-255,66,77219,17,308439
32416,0.001367,172.253.118.0-255,1484,78703,17,308439
32417,0.001374,172.253.118.0-255,2902,81605,17,308439
32418,0.001378,172.31.36.0-255,66,81671,17,308439
32419,0.001383,172.253.118.0-255,2902,84573,17,308439
32420,0.001385,172.31.36.0-255,66,84639,17,308439
32421,0.001403,172.253.118.0-255,2902,87541,17,308439
32422,0.001405,172.31.36.0-255,66,87607,17,308439
32423,0.001413,172.253.118.0-255,7156,94763,17,308439
32424,0.001415,172.31.36.0-255,66,94829,17,308439
32425,0.001462,172.31.36.0-255,66,94895,17,308439
32426,0.001493,172.253.118.0-255,2184,97079,17,308439
32427,0.001495,172.31.36.0-255,66,97145,17,308439
32428,0.001761,172.253.118.0-255,1484,98629,17,308439
32429,0.001767,172.253.118.0-255,2902,101531,17,308439
32430,0.001771,172.31.36.0-255,66,101597,17,308439
32431,0.001774,172.253.118.0-255,1484,103081,17,308439
32432,0.001795,172.253.118.0-255,4320,107401,17,308439
32433,0.001798,172.31.36.0-255,66,107467,17,308439
32434,0.001804,172.253.118.0-255,5738,113205,17,308439
32435,0.001806,172.31.36.0-255,66,113271,17,308439
32436,0.001835,172.31.36.0-255,66,113337,17,308439
32437,0.00186,172.253.118.0-255,5020,118357,17,308439
32438,0.001863,172.31.36.0-255,66,118423,17,308439
32439,0.003899,172.253.118.0-255,5738,124161,17,308439
32440,0.003906,172.31.36.0-255,66,124227,17,308439
32441,0.005956,172.253.118.0-255,5738,129965,17,308439
32442,0.005959,172.31.36.0-255,66,130031,17,308439
32443,0.008028,172.253.118.0-255,5738,135769,17,308439
32444,0.008034,172.31.36.0-255,66,135835,17,308439
32445,0.01009,172.253.118.0-255,5738,141573,17,308439
32446,0.010098,172.31.36.0-255,66,141639,17,308439
32447,0.012157,172.253.118.0-255,5738,147377,17,308439
32448,0.012167,172.31.36.0-255,66,147443,17,308439
32449,0.014245,172.253.118.0-255,5738,153181,17,308439
32450,0.014255,172.31.36.0-255,66,153247,17,308439
32451,0.016301,172.253.118.0-255,5738,158985,17,308439
32452,0.01631,172.31.36.0-255,66,159051,17,308439
32453,0.018385,172.253.118.0-255,5738,164789,17,308439
32454,0.018393,172.31.36.0-255,66,164855,17,308439
32455,0.02045,172.253.118.0-255,5738,170593,17,308439
32456,0.020457,172.31.36.0-255,66,170659,17,308439
32457,0.022517,172.253.118.0-255,5738,176397,17,308439
32458,0.022524,172.31.36.0-255,66,176463,17,308439
32459,0.024582,172.253.118.0-255,5738,182201,17,308439
32460,0.024589,172.31.36.0-255,66,182267,17,308439
32461,0.02665,172.253.118.0-255,5738,188005,17,308439
32462,0.026657,172.31.36.0-255,66,188071,17,308439
32463,0.028073,172.31.36.0-255,188,188259,17,308439
32464,0.028105,172.31.36.0-255,961,189220,17,308439
32465,0.028166,172.31.36.0-255,1514,190734,17,308439
32466,0.028168,172.31.36.0-255,1427,192161,17,308439
32467,0.028715,172.253.118.0-255,5738,197899,17,308439
32468,0.028722,172.31.36.0-255,66,197965,17,308439
32469,0.029604,104.244.42.0-255,66,198031,17,308439
32470,0.029634,104.244.42.0-255,66,198097,17,308439
32471,0.02978,104.244.42.0-255,66,198163,17,308439
32472,0.030798,172.253.118.0-255,5738,203901,17,308439
32473,0.030804,172.31.36.0-255,66,203967,17,308439
32474,0.032873,172.253.118.0-255,5738,209705,17,308439
32475,0.03288,172.31.36.0-255,66,209771,17,308439
32476,0.034948,172.253.118.0-255,5738,215509,17,308439
32477,0.034955,172.31.36.0-255,66,215575,17,308439
32478,0.037028,172.253.118.0-255,5738,221313,17,308439
32479,0.037035,172.31.36.0-255,66,221379,17,308439
32480,0.039101,172.253.118.0-255,5738,227117,17,308439
32481,0.03911,172.31.36.0-255,66,227183,17,308439
32482,0.041197,172.253.118.0-255,5738,232921,17,308439
32483,0.041204,172.31.36.0-255,66,232987,17,308439
32484,0.043266,172.253.118.0-255,5738,238725,17,308439
32485,0.043271,172.31.36.0-255,66,238791,17,308439
32486,0.045339,172.253.118.0-255,5738,244529,17,308439
32487,0.045347,172.31.36.0-255,66,244595,17,308439
32488,0.047399,172.253.118.0-255,5738,250333,17,308439
32489,0.047405,172.31.36.0-255,66,250399,17,308439
32490,0.049478,172.253.118.0-255,5738,256137,17,308439
32491,0.049485,172.31.36.0-255,66,256203,17,308439
32492,0.051559,172.253.118.0-255,5738,261941,17,308439
32493,0.051564,172.31.36.0-255,66,262007,17,308439
32494,0.053642,172.253.118.0-255,5738,267745,17,308439
32495,0.053648,172.31.36.0-255,66,267811,17,308439
32496,0.055736,172.253.118.0-255,5738,273549,17,308439
32497,0.055742,172.31.36.0-255,66,273615,17,308439
32498,0.057824,172.253.118.0-255,5738,279353,17,308439
32499,0.057831,172.31.36.0-255,66,279419,17,308439
32500,0.059889,172.253.118.0-255,5738,285157,17,308439
32501,0.059896,172.31.36.0-255,66,285223,17,308439
32502,0.06198,172.253.118.0-255,5738,290961,17,308439
32503,0.061987,172.31.36.0-255,66,291027,17,308439
32504,0.064074,172.253.118.0-255,5738,296765,17,308439
32505,0.064081,172.31.36.0-255,66,296831,17,308439
32506,0.066151,172.253.118.0-255,5738,302569,17,308439
32507,0.066159,172.31.36.0-255,66,302635,17,308439
32508,0.068245,172.253.118.0-255,5738,308373,17,308439
32509,0.068251,172.31.36.0-255,66,308439,17,308439
32510,0.0,74.125.24.0-255,153,153,17,291941
32511,1.7e-05,172.31.36.0-255,66,219,17,291941
32512,2.3e-05,74.125.24.0-255,1484,1703,17,291941
32513,2.8e-05,172.31.36.0-255,66,1769,17,291941
32514,3.3e-05,74.125.24.0-255,2902,4671,17,291941
32515,3.5e-05,172.31.36.0-255,66,4737,17,291941
32516,3.9e-05,74.125.24.0-255,2902,7639,17,291941
32517,4.2e-05,172.31.36.0-255,66,7705,17,291941
32518,9.5e-05,74.125.24.0-255,6274,13979,17,291941
32519,9.9e-05,172.31.36.0-255,66,14045,17,291941
32520,0.000153,74.125.24.0-255,1484,15529,17,291941
32521,0.000159,172.31.36.0-255,66,15595,17,291941
32522,0.000166,74.125.24.0-255,2902,18497,17,291941
32523,0.000168,172.31.36.0-255,66,18563,17,291941
32524,0.000194,74.125.24.0-255,5738,24301,17,291941
32525,0.000197,172.31.36.0-255,66,24367,17,291941
32526,0.000204,74.125.24.0-255,4320,28687,17,291941
32527,0.000206,172.31.36.0-255,66,28753,17,291941
32528,0.000246,74.125.24.0-255,2543,31296,17,291941
32529,0.000249,172.31.36.0-255,66,31362,17,291941
32530,0.000329,74.125.24.0-255,1484,32846,17,291941
32531,0.000332,172.31.36.0-255,66,32912,17,291941
32532,0.000358,74.125.24.0-255,2902,35814,17,291941
32533,0.000362,172.31.36.0-255,66,35880,17,291941
32534,0.000382,74.125.24.0-255,5738,41618,17,291941
32535,0.000385,172.31.36.0-255,66,41684,17,291941
32536,0.000421,74.125.24.0-255,6797,48481,17,291941
32537,0.000427,74.125.24.0-255,7156,55637,17,291941
32538,0.000427,172.31.36.0-255,66,55703,17,291941
32539,0.00043,172.31.36.0-255,66,55769,17,291941
32540,0.000472,172.31.36.0-255,66,55835,17,291941
32541,0.000474,74.125.24.0-255,400,56235,17,291941
32542,0.000525,74.125.24.0-255,346,56581,17,291941
32543,0.000655,74.125.24.0-255,1484,58065,17,291941
32544,0.000658,172.31.36.0-255,66,58131,17,291941
32545,0.000676,74.125.24.0-255,2902,61033,17,291941
32546,0.000678,172.31.36.0-255,66,61099,17,291941
32547,0.000683,74.125.24.0-255,5738,66837,17,291941
32548,0.000685,172.31.36.0-255,66,66903,17,291941
32549,0.000688,74.125.24.0-255,1484,68387,17,291941
32550,0.000712,74.125.24.0-255,5379,73766,17,291941
32551,0.000714,172.31.36.0-255,66,73832,17,291941
32552,0.000721,74.125.24.0-255,7156,80988,17,291941
32553,0.000722,172.31.36.0-255,66,81054,17,291941
32554,0.000756,74.125.24.0-255,7156,88210,17,291941
32555,0.00076,172.31.36.0-255,66,88276,17,291941
32556,0.000777,74.125.24.0-255,2543,90819,17,291941
32557,0.00078,172.31.36.0-255,66,90885,17,291941
32558,0.001142,74.125.24.0-255,1484,92369,17,291941
32559,0.00115,74.125.24.0-255,2902,95271,17,291941
32560,0.001154,172.31.36.0-255,66,95337,17,291941
32561,0.00116,74.125.24.0-255,4320,99657,17,291941
32562,0.001162,172.31.36.0-255,66,99723,17,291941
32563,0.001174,74.125.24.0-255,1484,101207,17,291941
32564,0.001204,172.31.36.0-255,66,101273,17,291941
32565,0.001214,172.31.36.0-255,66,101339,17,291941
32566,0.002186,74.125.24.0-255,1484,102823,17,291941
32567,0.002193,74.125.24.0-255,2902,105725,17,291941
32568,0.002197,172.31.36.0-255,66,105791,17,291941
32569,0.002204,74.125.24.0-255,4320,110111,17,291941
32570,0.002206,172.31.36.0-255,66,110177,17,291941
32571,0.002234,74.125.24.0-255,1484,111661,17,291941
32572,0.002247,172.31.36.0-255,66,111727,17,291941
32573,0.002252,74.125.24.0-255,4320,116047,17,291941
32574,0.002253,172.31.36.0-255,66,116113,17,291941
32575,0.002286,74.125.24.0-255,4320,120433,17,291941
32576,0.002289,172.31.36.0-255,66,120499,17,291941
32577,0.002305,74.125.24.0-255,2184,122683,17,291941
32578,0.002308,172.31.36.0-255,66,122749,17,291941
32579,0.004552,74.125.24.0-255,4320,127069,17,291941
32580,0.004555,172.31.36.0-255,66,127135,17,291941
32581,0.004568,74.125.24.0-255,1484,128619,17,291941
32582,0.006816,74.125.24.0-255,4320,132939,17,291941
32583,0.006823,172.31.36.0-255,66,133005,17,291941
32584,0.009106,74.125.24.0-255,5738,138743,17,291941
32585,0.009114,172.31.36.0-255,66,138809,17,291941
32586,0.011413,74.125.24.0-255,5738,144547,17,291941
32587,0.011422,172.31.36.0-255,66,144613,17,291941
32588,0.01367,74.125.24.0-255,5738,150351,17,291941
32589,0.013682,172.31.36.0-255,66,150417,17,291941
32590,0.016019,74.125.24.0-255,5738,156155,17,291941
32591,0.016028,172.31.36.0-255,66,156221,17,291941
32592,0.018267,74.125.24.0-255,5738,161959,17,291941
32593,0.018273,172.31.36.0-255,66,162025,17,291941
32594,0.020537,74.125.24.0-255,5738,167763,17,291941
32595,0.020545,172.31.36.0-255,66,167829,17,291941
32596,0.022812,74.125.24.0-255,5738,173567,17,291941
32597,0.022821,172.31.36.0-255,66,173633,17,291941
32598,0.025072,74.125.24.0-255,5738,179371,17,291941
32599,0.025078,172.31.36.0-255,66,179437,17,291941
32600,0.025712,172.31.36.0-255,172,179609,17,291941
32601,0.025752,172.31.36.0-255,1116,180725,17,291941
32602,0.025825,172.31.36.0-255,1514,182239,17,291941
32603,0.025827,172.31.36.0-255,1272,183511,17,291941
32604,0.027246,104.244.42.0-255,66,183577,17,291941
32605,0.027299,104.244.42.0-255,66,183643,17,291941
32606,0.027306,74.125.24.0-255,5738,189381,17,291941
32607,0.02731,172.31.36.0-255,66,189447,17,291941
32608,0.027396,104.244.42.0-255,66,189513,17,291941
32609,0.02958,74.125.24.0-255,5738,195251,17,291941
32610,0.029586,172.31.36.0-255,66,195317,17,291941
32611,0.031854,74.125.24.0-255,5738,201055,17,291941
32612,0.031859,172.31.36.0-255,66,201121,17,291941
32613,0.034168,74.125.24.0-255,5738,206859,17,291941
32614,0.034174,172.31.36.0-255,66,206925,17,291941
32615,0.036422,74.125.24.0-255,4320,211245,17,291941
32616,0.036427,172.31.36.0-255,66,211311,17,291941
32617,0.036457,74.125.24.0-255,1484,212795,17,291941
32618,0.038717,74.125.24.0-255,4320,217115,17,291941
32619,0.038722,172.31.36.0-255,66,217181,17,291941
32620,0.040967,74.125.24.0-255,5738,222919,17,291941
32621,0.040973,172.31.36.0-255,66,222985,17,291941
32622,0.043208,74.125.24.0-255,4320,227305,17,291941
32623,0.043213,172.31.36.0-255,66,227371,17,291941
32624,0.043245,74.125.24.0-255,1484,228855,17,291941
32625,0.045504,74.125.24.0-255,4320,233175,17,291941
32626,0.045509,172.31.36.0-255,66,233241,17,291941
32627,0.047748,74.125.24.0-255,2902,236143,17,291941
32628,0.047753,172.31.36.0-255,66,236209,17,291941
32629,0.047781,74.125.24.0-255,2902,239111,17,291941
32630,0.047784,172.31.36.0-255,66,239177,17,291941
32631,0.050056,74.125.24.0-255,5738,244915,17,291941
32632,0.050061,172.31.36.0-255,66,244981,17,291941
32633,0.052342,74.125.24.0-255,5738,250719,17,291941
32634,0.052347,172.31.36.0-255,66,250785,17,291941
32635,0.054697,74.125.24.0-255,5738,256523,17,291941
32636,0.054703,172.31.36.0-255,66,256589,17,291941
32637,0.05697,74.125.24.0-255,2902,259491,17,291941
32638,0.056975,172.31.36.0-255,66,259557,17,291941
32639,0.057007,74.125.24.0-255,2902,262459,17,291941
32640,0.05701,172.31.36.0-255,66,262525,17,291941
32641,0.059237,74.125.24.0-255,2902,265427,17,291941
32642,0.059242,172.31.36.0-255,66,265493,17,291941
32643,0.059348,74.125.24.0-255,2902,268395,17,291941
32644,0.059355,172.31.36.0-255,66,268461,17,291941
32645,0.061511,74.125.24.0-255,2902,271363,17,291941
32646,0.061517,172.31.36.0-255,66,271429,17,291941
32647,0.061581,74.125.24.0-255,2902,274331,17,291941
32648,0.061585,172.31.36.0-255,66,274397,17,291941
32649,0.063765,74.125.24.0-255,2902,277299,17,291941
32650,0.06377,172.31.36.0-255,66,277365,17,291941
32651,0.063819,74.125.24.0-255,2902,280267,17,291941
32652,0.063823,172.31.36.0-255,66,280333,17,291941
32653,0.066064,74.125.24.0-255,5738,286071,17,291941
32654,0.066069,172.31.36.0-255,66,286137,17,291941
32655,0.068344,74.125.24.0-255,5738,291875,17,291941
32656,0.068349,172.31.36.0-255,66,291941,17,291941
32657,0.0,74.125.68.0-255,153,153,17,303050
32658,2.4e-05,172.31.36.0-255,66,219,17,303050
32659,3.2e-05,74.125.68.0-255,1484,1703,17,303050
32660,3.7e-05,172.31.36.0-255,66,1769,17,303050
32661,6.1e-05,74.125.68.0-255,2902,4671,17,303050
32662,6.4e-05,172.31.36.0-255,66,4737,17,303050
32663,6.7e-05,74.125.68.0-255,1484,6221,17,303050
32664,6.9e-05,172.31.36.0-255,66,6287,17,303050
32665,7.8e-05,74.125.68.0-255,5738,12025,17,303050
32666,8.1e-05,172.31.36.0-255,66,12091,17,303050
32667,0.000106,74.125.68.0-255,1484,13575,17,303050
32668,0.000108,172.31.36.0-255,66,13641,17,303050
32669,0.000136,172.31.36.0-255,66,13707,17,303050
32670,0.000157,74.125.68.0-255,4320,18027,17,303050
32671,0.000159,172.31.36.0-255,66,18093,17,303050
32672,0.000176,74.125.68.0-255,5379,23472,17,303050
32673,0.000179,172.31.36.0-255,66,23538,17,303050
32674,0.000275,74.125.68.0-255,1484,25022,17,303050
32675,0.000279,172.31.36.0-255,66,25088,17,303050
32676,0.000285,74.125.68.0-255,2902,27990,17,303050
32677,0.000288,172.31.36.0-255,66,28056,17,303050
32678,0.000294,74.125.68.0-255,4320,32376,17,303050
32679,0.000297,172.31.36.0-255,66,32442,17,303050
32680,0.00032,74.125.68.0-255,1484,33926,17,303050
32681,0.000322,172.31.36.0-255,66,33992,17,303050
32682,0.000331,74.125.68.0-255,6797,40789,17,303050
32683,0.000333,172.31.36.0-255,66,40855,17,303050
32684,0.000359,74.125.68.0-255,4320,45175,17,303050
32685,0.000361,172.31.36.0-255,66,45241,17,303050
32686,0.00038,74.125.68.0-255,2902,48143,17,303050
32687,0.000382,172.31.36.0-255,66,48209,17,303050
32688,0.000399,74.125.68.0-255,2902,51111,17,303050
32689,0.000402,172.31.36.0-255,66,51177,17,303050
32690,0.000428,74.125.68.0-255,5738,56915,17,303050
32691,0.000431,172.31.36.0-255,66,56981,17,303050
32692,0.000475,74.125.68.0-255,1439,58420,17,303050
32693,0.000493,74.125.68.0-255,342,58762,17,303050
32694,0.000496,172.31.36.0-255,66,58828,17,303050
32695,0.000563,74.125.68.0-255,1484,60312,17,303050
32696,0.000569,74.125.68.0-255,2902,63214,17,303050
32697,0.000571,172.31.36.0-255,66,63280,17,303050
32698,0.000588,74.125.68.0-255,1484,64764,17,303050
32699,0.000606,74.125.68.0-255,4320,69084,17,303050
32700,0.000609,172.31.36.0-255,66,69150,17,303050
32701,0.000614,74.125.68.0-255,2902,72052,17,303050
32702,0.000616,172.31.36.0-255,66,72118,17,303050
32703,0.000634,74.125.68.0-255,5738,77856,17,303050
32704,0.000636,172.31.36.0-255,66,77922,17,303050
32705,0.000643,74.125.68.0-255,5738,83660,17,303050
32706,0.000645,172.31.36.0-255,66,83726,17,303050
32707,0.000671,74.125.68.0-255,4320,88046,17,303050
32708,0.000673,172.31.36.0-255,66,88112,17,303050
32709,0.000679,74.125.68.0-255,5020,93132,17,303050
32710,0.000682,172.31.36.0-255,66,93198,17,303050
32711,0.000911,74.125.68.0-255,1484,94682,17,303050
32712,0.000917,74.125.68.0-255,1484,96166,17,303050
32713,0.000921,172.31.36.0-255,66,96232,17,303050
32714,0.000926,74.125.68.0-255,2902,99134,17,303050
32715,0.000928,172.31.36.0-255,66,99200,17,303050
32716,0.000959,74.125.68.0-255,5738,104938,17,303050
32717,0.000962,172.31.36.0-255,66,105004,17,303050
32718,0.000991,172.31.36.0-255,66,105070,17,303050
32719,0.001002,172.31.36.0-255,66,105136,17,303050
32720,0.001019,74.125.68.0-255,1484,106620,17,303050
32721,0.001025,74.125.68.0-255,3602,110222,17,303050
32722,0.001027,172.31.36.0-255,66,110288,17,303050
32723,0.002006,74.125.68.0-255,1484,111772,17,303050
32724,0.002016,74.125.68.0-255,2902,114674,17,303050
32725,0.00202,172.31.36.0-255,66,114740,17,303050
32726,0.002042,74.125.68.0-255,2902,117642,17,303050
32727,0.002045,172.31.36.0-255,66,117708,17,303050
32728,0.002065,74.125.68.0-255,2902,120610,17,303050
32729,0.002067,172.31.36.0-255,66,120676,17,303050
32730,0.002071,74.125.68.0-255,1484,122160,17,303050
32731,0.002093,74.125.68.0-255,5738,127898,17,303050
32732,0.002096,172.31.36.0-255,66,127964,17,303050
32733,0.002113,74.125.68.0-255,1484,129448,17,303050
32734,0.002138,172.31.36.0-255,66,129514,17,303050
32735,0.002155,74.125.68.0-255,4320,133834,17,303050
32736,0.002157,172.31.36.0-255,66,133900,17,303050
32737,0.002188,74.125.68.0-255,2184,136084,17,303050
32738,0.002191,172.31.36.0-255,66,136150,17,303050
32739,0.004489,74.125.68.0-255,2902,139052,17,303050
32740,0.004496,172.31.36.0-255,66,139118,17,303050
32741,0.004514,74.125.68.0-255,2902,142020,17,303050
32742,0.004516,172.31.36.0-255,66,142086,17,303050
32743,0.006814,74.125.68.0-255,2902,144988,17,303050
32744,0.006821,172.31.36.0-255,66,145054,17,303050
32745,0.006842,74.125.68.0-255,2902,147956,17,303050
32746,0.006844,172.31.36.0-255,66,148022,17,303050
32747,0.009144,74.125.68.0-255,2902,150924,17,303050
32748,0.009151,172.31.36.0-255,66,150990,17,303050
32749,0.009173,74.125.68.0-255,2902,153892,17,303050
32750,0.009176,172.31.36.0-255,66,153958,17,303050
32751,0.011475,74.125.68.0-255,2902,156860,17,303050
32752,0.011484,172.31.36.0-255,66,156926,17,303050
32753,0.011506,74.125.68.0-255,2902,159828,17,303050
32754,0.011509,172.31.36.0-255,66,159894,17,303050
32755,0.013811,74.125.68.0-255,2902,162796,17,303050
32756,0.013819,172.31.36.0-255,66,162862,17,303050
32757,0.013839,74.125.68.0-255,2902,165764,17,303050
32758,0.013842,172.31.36.0-255,66,165830,17,303050
32759,0.016172,74.125.68.0-255,5738,171568,17,303050
32760,0.016182,172.31.36.0-255,66,171634,17,303050
32761,0.018538,74.125.68.0-255,5738,177372,17,303050
32762,0.018547,172.31.36.0-255,66,177438,17,303050
32763,0.020887,74.125.68.0-255,5738,183176,17,303050
32764,0.020895,172.31.36.0-255,66,183242,17,303050
32765,0.023226,74.125.68.0-255,5738,188980,17,303050
32766,0.023234,172.31.36.0-255,66,189046,17,303050
32767,0.025566,74.125.68.0-255,5738,194784,17,303050
32768,0.025574,172.31.36.0-255,66,194850,17,303050
32769,0.027911,74.125.68.0-255,5738,200588,17,303050
32770,0.02792,172.31.36.0-255,66,200654,17,303050
32771,0.028745,172.31.36.0-255,188,200842,17,303050
32772,0.028781,172.31.36.0-255,961,201803,17,303050
32773,0.028849,172.31.36.0-255,1514,203317,17,303050
32774,0.028851,172.31.36.0-255,1427,204744,17,303050
32775,0.030261,74.125.68.0-255,5738,210482,17,303050
32776,0.030269,172.31.36.0-255,66,210548,17,303050
32777,0.0303,104.244.42.0-255,66,210614,17,303050
32778,0.03035,104.244.42.0-255,66,210680,17,303050
32779,0.0305,104.244.42.0-255,66,210746,17,303050
32780,0.032592,74.125.68.0-255,4320,215066,17,303050
32781,0.032598,172.31.36.0-255,66,215132,17,303050
32782,0.032612,74.125.68.0-255,1484,216616,17,303050
32783,0.034939,74.125.68.0-255,4320,220936,17,303050
32784,0.034948,172.31.36.0-255,66,221002,17,303050
32785,0.03727,74.125.68.0-255,5738,226740,17,303050
32786,0.037276,172.31.36.0-255,66,226806,17,303050
32787,0.03962,74.125.68.0-255,4320,231126,17,303050
32788,0.039626,172.31.36.0-255,66,231192,17,303050
32789,0.039656,74.125.68.0-255,1484,232676,17,303050
32790,0.041946,74.125.68.0-255,2902,235578,17,303050
32791,0.041951,172.31.36.0-255,66,235644,17,303050
32792,0.041982,74.125.68.0-255,1484,237128,17,303050
32793,0.044273,74.125.68.0-255,4320,241448,17,303050
32794,0.044279,172.31.36.0-255,66,241514,17,303050
32795,0.046607,74.125.68.0-255,5738,247252,17,303050
32796,0.046614,172.31.36.0-255,66,247318,17,303050
32797,0.048956,74.125.68.0-255,5738,253056,17,303050
32798,0.048969,172.31.36.0-255,66,253122,17,303050
32799,0.051311,74.125.68.0-255,5738,258860,17,303050
32800,0.051321,172.31.36.0-255,66,258926,17,303050
32801,0.053643,74.125.68.0-255,4320,263246,17,303050
32802,0.053649,172.31.36.0-255,66,263312,17,303050
32803,0.053685,74.125.68.0-255,1484,264796,17,303050
32804,0.055958,74.125.68.0-255,4320,269116,17,303050
32805,0.055964,172.31.36.0-255,66,269182,17,303050
32806,0.058293,74.125.68.0-255,5738,274920,17,303050
32807,0.058299,172.31.36.0-255,66,274986,17,303050
32808,0.060628,74.125.68.0-255,2902,277888,17,303050
32809,0.060633,172.31.36.0-255,66,277954,17,303050
32810,0.060664,74.125.68.0-255,2902,280856,17,303050
32811,0.060667,172.31.36.0-255,66,280922,17,303050
32812,0.062956,74.125.68.0-255,2902,283824,17,303050
32813,0.062962,172.31.36.0-255,66,283890,17,303050
32814,0.062992,74.125.68.0-255,2902,286792,17,303050
32815,0.062995,172.31.36.0-255,66,286858,17,303050
32816,0.065286,74.125.68.0-255,2902,289760,17,303050
32817,0.065292,172.31.36.0-255,66,289826,17,303050
32818,0.065313,74.125.68.0-255,2902,292728,17,303050
32819,0.065315,172.31.36.0-255,66,292794,17,303050
32820,0.067621,74.125.68.0-255,4320,297114,17,303050
32821,0.067627,172.31.36.0-255,66,297180,17,303050
32822,0.067647,74.125.68.0-255,1484,298664,17,303050
32823,0.06996,74.125.68.0-255,4320,302984,17,303050
32824,0.069968,172.31.36.0-255,66,303050,17,303050
32825,0.0,74.125.68.0-255,146,146,17,219331
32826,3.3e-05,172.31.36.0-255,66,212,17,219331
32827,4e-05,74.125.68.0-255,1484,1696,17,219331
32828,4.4e-05,172.31.36.0-255,66,1762,17,219331
32829,4.7e-05,74.125.68.0-255,1484,3246,17,219331
32830,4.9e-05,172.31.36.0-255,66,3312,17,219331
32831,8e-05,74.125.68.0-255,1484,4796,17,219331
32832,8.3e-05,172.31.36.0-255,66,4862,17,219331
32833,0.000171,74.125.68.0-255,4320,9182,17,219331
32834,0.000177,172.31.36.0-255,66,9248,17,219331
32835,0.000203,74.125.68.0-255,1484,10732,17,219331
32836,0.000206,172.31.36.0-255,66,10798,17,219331
32837,0.000389,74.125.68.0-255,3437,14235,17,219331
32838,0.000394,172.31.36.0-255,66,14301,17,219331
32839,0.000546,172.31.36.0-255,66,14367,17,219331
32840,0.000574,74.125.68.0-255,1484,15851,17,219331
32841,0.000578,172.31.36.0-255,66,15917,17,219331
32842,0.000919,74.125.68.0-255,5379,21296,17,219331
32843,0.000926,172.31.36.0-255,66,21362,17,219331
32844,0.001138,172.31.36.0-255,66,21428,17,219331
32845,0.001182,172.31.36.0-255,66,21494,17,219331
32846,0.002005,74.125.68.0-255,1484,22978,17,219331
32847,0.002007,172.31.36.0-255,66,23044,17,219331
32848,0.002053,172.31.36.0-255,66,23110,17,219331
32849,0.002953,74.125.68.0-255,7156,30266,17,219331
32850,0.002974,172.31.36.0-255,66,30332,17,219331
32851,0.003014,172.31.36.0-255,66,30398,17,219331
32852,0.003618,74.125.68.0-255,7156,37554,17,219331
32853,0.003631,172.31.36.0-255,66,37620,17,219331
32854,0.003663,172.31.36.0-255,66,37686,17,219331
32855,0.00583,74.125.68.0-255,1484,39170,17,219331
32856,0.005854,74.125.68.0-255,4320,43490,17,219331
32857,0.005859,172.31.36.0-255,66,43556,17,219331
32858,0.008035,74.125.68.0-255,5738,49294,17,219331
32859,0.008121,172.31.36.0-255,66,49360,17,219331
32860,0.010308,74.125.68.0-255,1484,50844,17,219331
32861,0.010343,74.125.68.0-255,4320,55164,17,219331
32862,0.010348,172.31.36.0-255,66,55230,17,219331
32863,0.012525,74.125.68.0-255,2902,58132,17,219331
32864,0.012532,172.31.36.0-255,66,58198,17,219331
32865,0.012567,74.125.68.0-255,2902,61100,17,219331
32866,0.012584,172.31.36.0-255,66,61166,17,219331
32867,0.014724,74.125.68.0-255,2902,64068,17,219331
32868,0.014733,172.31.36.0-255,66,64134,17,219331
32869,0.014788,74.125.68.0-255,2902,67036,17,219331
32870,0.0148,172.31.36.0-255,66,67102,17,219331
32871,0.016926,74.125.68.0-255,2902,70004,17,219331
32872,0.016935,172.31.36.0-255,66,70070,17,219331
32873,0.016975,74.125.68.0-255,2902,72972,17,219331
32874,0.017001,172.31.36.0-255,66,73038,17,219331
32875,0.019112,74.125.68.0-255,2902,75940,17,219331
32876,0.019117,172.31.36.0-255,66,76006,17,219331
32877,0.019179,74.125.68.0-255,2902,78908,17,219331
32878,0.019188,172.31.36.0-255,66,78974,17,219331
32879,0.0213,74.125.68.0-255,2902,81876,17,219331
32880,0.021305,172.31.36.0-255,66,81942,17,219331
32881,0.02136,74.125.68.0-255,2902,84844,17,219331
32882,0.021371,172.31.36.0-255,66,84910,17,219331
32883,0.022232,172.31.36.0-255,191,85101,17,219331
32884,0.022258,172.31.36.0-255,985,86086,17,219331
32885,0.022303,172.31.36.0-255,1514,87600,17,219331
32886,0.022305,172.31.36.0-255,1403,89003,17,219331
32887,0.02349,74.125.68.0-255,2902,91905,17,219331
32888,0.023497,172.31.36.0-255,66,91971,17,219331
32889,0.023549,74.125.68.0-255,2902,94873,17,219331
32890,0.023576,172.31.36.0-255,66,94939,17,219331
32891,0.023752,104.244.42.0-255,66,95005,17,219331
32892,0.023803,104.244.42.0-255,66,95071,17,219331
32893,0.023855,104.244.42.0-255,66,95137,17,219331
32894,0.025689,74.125.68.0-255,2902,98039,17,219331
32895,0.025695,172.31.36.0-255,66,98105,17,219331
32896,0.02577,74.125.68.0-255,1484,99589,17,219331
32897,0.025788,74.125.68.0-255,1484,101073,17,219331
32898,0.025801,172.31.36.0-255,66,101139,17,219331
32899,0.027882,74.125.68.0-255,2902,104041,17,219331
32900,0.027888,172.31.36.0-255,66,104107,17,219331
32901,0.027978,74.125.68.0-255,2902,107009,17,219331
32902,0.02799,172.31.36.0-255,66,107075,17,219331
32903,0.030053,74.125.68.0-255,1484,108559,17,219331
32904,0.030172,74.125.68.0-255,4320,112879,17,219331
32905,0.030177,172.31.36.0-255,66,112945,17,219331
32906,0.032359,74.125.68.0-255,5738,118683,17,219331
32907,0.032411,172.31.36.0-255,66,118749,17,219331
32908,0.034619,74.125.68.0-255,5738,124487,17,219331
32909,0.034624,172.31.36.0-255,66,124553,17,219331
32910,0.036808,74.125.68.0-255,5738,130291,17,219331
32911,0.036814,172.31.36.0-255,66,130357,17,219331
32912,0.038996,74.125.68.0-255,5738,136095,17,219331
32913,0.039002,172.31.36.0-255,66,136161,17,219331
32914,0.041178,74.125.68.0-255,2902,139063,17,219331
32915,0.041182,172.31.36.0-255,66,139129,17,219331
32916,0.04121,74.125.68.0-255,2902,142031,17,219331
32917,0.041232,172.31.36.0-255,66,142097,17,219331
32918,0.043363,74.125.68.0-255,2902,144999,17,219331
32919,0.043369,172.31.36.0-255,66,145065,17,219331
32920,0.043416,74.125.68.0-255,2902,147967,17,219331
32921,0.043445,172.31.36.0-255,66,148033,17,219331
32922,0.045545,74.125.68.0-255,2902,150935,17,219331
32923,0.04555,172.31.36.0-255,66,151001,17,219331
32924,0.045617,74.125.68.0-255,2902,153903,17,219331
32925,0.045628,172.31.36.0-255,66,153969,17,219331
32926,0.047729,74.125.68.0-255,2902,156871,17,219331
32927,0.047734,172.31.36.0-255,66,156937,17,219331
32928,0.047802,74.125.68.0-255,2902,159839,17,219331
32929,0.047815,172.31.36.0-255,66,159905,17,219331
32930,0.049909,74.125.68.0-255,2902,162807,17,219331
32931,0.049913,172.31.36.0-255,66,162873,17,219331
32932,0.049978,74.125.68.0-255,2902,165775,17,219331
32933,0.04999,172.31.36.0-255,66,165841,17,219331
32934,0.052097,74.125.68.0-255,2902,168743,17,219331
32935,0.052103,172.31.36.0-255,66,168809,17,219331
32936,0.052168,74.125.68.0-255,2902,171711,17,219331
32937,0.052432,172.31.36.0-255,66,171777,17,219331
32938,0.054286,74.125.68.0-255,1484,173261,17,219331
32939,0.0546,74.125.68.0-255,4320,177581,17,219331
32940,0.054605,172.31.36.0-255,66,177647,17,219331
32941,0.056775,74.125.68.0-255,2902,180549,17,219331
32942,0.05678,172.31.36.0-255,66,180615,17,219331
32943,0.056814,74.125.68.0-255,2902,183517,17,219331
32944,0.056837,172.31.36.0-255,66,183583,17,219331
32945,0.058975,74.125.68.0-255,2902,186485,17,219331
32946,0.05898,172.31.36.0-255,66,186551,17,219331
32947,0.059018,74.125.68.0-255,2902,189453,17,219331
32948,0.059032,172.31.36.0-255,66,189519,17,219331
32949,0.061158,74.125.68.0-255,2902,192421,17,219331
32950,0.061164,172.31.36.0-255,66,192487,17,219331
32951,0.061198,74.125.68.0-255,1484,193971,17,219331
32952,0.061215,74.125.68.0-255,1484,195455,17,219331
32953,0.061244,172.31.36.0-255,66,195521,17,219331
32954,0.063335,74.125.68.0-255,1484,197005,17,219331
32955,0.063357,74.125.68.0-255,1484,198489,17,219331
32956,0.063361,172.31.36.0-255,66,198555,17,219331
32957,0.063416,74.125.68.0-255,2902,201457,17,219331
32958,0.063419,172.31.36.0-255,66,201523,17,219331
32959,0.065541,74.125.68.0-255,2902,204425,17,219331
32960,0.065547,172.31.36.0-255,66,204491,17,219331
32961,0.065592,74.125.68.0-255,2902,207393,17,219331
32962,0.065606,172.31.36.0-255,66,207459,17,219331
32963,0.067732,74.125.68.0-255,2902,210361,17,219331
32964,0.067737,172.31.36.0-255,66,210427,17,219331
32965,0.06778,74.125.68.0-255,2902,213329,17,219331
32966,0.067802,172.31.36.0-255,66,213395,17,219331
32967,0.069913,74.125.68.0-255,2902,216297,17,219331
32968,0.069919,172.31.36.0-255,66,216363,17,219331
32969,0.069964,74.125.68.0-255,2902,219265,17,219331
32970,0.069971,172.31.36.0-255,66,219331,17,219331
32971,0.0,74.125.200.0-255,153,153,17,271587
32972,3.6e-05,172.31.36.0-255,66,219,17,271587
32973,4.4e-05,74.125.200.0-255,1484,1703,17,271587
32974,4.9e-05,172.31.36.0-255,66,1769,17,271587
32975,7.2e-05,74.125.200.0-255,2902,4671,17,271587
32976,8e-05,172.31.36.0-255,66,4737,17,271587
32977,8.4e-05,74.125.200.0-255,1484,6221,17,271587
32978,8.6e-05,172.31.36.0-255,66,6287,17,271587
32979,9.1e-05,74.125.200.0-255,2902,9189,17,271587
32980,9.3e-05,172.31.36.0-255,66,9255,17,271587
32981,0.000136,74.125.200.0-255,2902,12157,17,271587
32982,0.000139,172.31.36.0-255,66,12223,17,271587
32983,0.000167,74.125.200.0-255,1968,14191,17,271587
32984,0.00017,172.31.36.0-255,66,14257,17,271587
32985,0.000176,74.125.200.0-255,4320,18577,17,271587
32986,0.000179,172.31.36.0-255,66,18643,17,271587
32987,0.000195,74.125.200.0-255,1484,20127,17,271587
32988,0.000197,172.31.36.0-255,66,20193,17,271587
32989,0.000211,74.125.200.0-255,2902,23095,17,271587
32990,0.000213,172.31.36.0-255,66,23161,17,271587
32991,0.000248,74.125.200.0-255,4320,27481,17,271587
32992,0.000251,172.31.36.0-255,66,27547,17,271587
32993,0.000259,74.125.200.0-255,5738,33285,17,271587
32994,0.000263,172.31.36.0-255,66,33351,17,271587
32995,0.000277,74.125.200.0-255,7156,40507,17,271587
32996,0.000279,172.31.36.0-255,66,40573,17,271587
32997,0.000284,74.125.200.0-255,4320,44893,17,271587
32998,0.000286,172.31.36.0-255,66,44959,17,271587
32999,0.000318,74.125.200.0-255,3602,48561,17,271587
33000,0.00032,172.31.36.0-255,66,48627,17,271587
33001,0.000344,74.125.200.0-255,1484,50111,17,271587
33002,0.000347,172.31.36.0-255,66,50177,17,271587
33003,0.000352,74.125.200.0-255,2902,53079,17,271587
33004,0.000355,172.31.36.0-255,66,53145,17,271587
33005,0.000368,74.125.200.0-255,5738,58883,17,271587
33006,0.000371,172.31.36.0-255,66,58949,17,271587
33007,0.000376,74.125.200.0-255,2902,61851,17,271587
33008,0.000379,172.31.36.0-255,66,61917,17,271587
33009,0.000409,74.125.200.0-255,3961,65878,17,271587
33010,0.000413,172.31.36.0-255,66,65944,17,271587
33011,0.001844,74.125.200.0-255,647,66591,17,271587
33012,0.001923,74.125.200.0-255,1484,68075,17,271587
33013,0.001928,172.31.36.0-255,66,68141,17,271587
33014,0.001956,74.125.200.0-255,2902,71043,17,271587
33015,0.001958,172.31.36.0-255,66,71109,17,271587
33016,0.001963,74.125.200.0-255,2902,74011,17,271587
33017,0.001964,172.31.36.0-255,66,74077,17,271587
33018,0.002,74.125.200.0-255,7156,81233,17,271587
33019,0.002002,172.31.36.0-255,66,81299,17,271587
33020,0.002007,74.125.200.0-255,2543,83842,17,271587
33021,0.002029,172.31.36.0-255,66,83908,17,271587
33022,0.002034,74.125.200.0-255,2902,86810,17,271587
33023,0.002036,172.31.36.0-255,66,86876,17,271587
33024,0.002039,74.125.200.0-255,1484,88360,17,271587
33025,0.002055,74.125.200.0-255,2902,91262,17,271587
33026,0.002057,172.31.36.0-255,66,91328,17,271587
33027,0.002079,74.125.200.0-255,2902,94230,17,271587
33028,0.002082,172.31.36.0-255,66,94296,17,271587
33029,0.002086,74.125.200.0-255,2902,97198,17,271587
33030,0.002087,172.31.36.0-255,66,97264,17,271587
33031,0.002092,74.125.200.0-255,3961,101225,17,271587
33032,0.002099,172.31.36.0-255,66,101291,17,271587
33033,0.004358,74.125.200.0-255,1484,102775,17,271587
33034,0.004378,74.125.200.0-255,4320,107095,17,271587
33035,0.004382,172.31.36.0-255,66,107161,17,271587
33036,0.006654,74.125.200.0-255,4320,111481,17,271587
33037,0.00666,172.31.36.0-255,66,111547,17,271587
33038,0.006691,74.125.200.0-255,1484,113031,17,271587
33039,0.00894,74.125.200.0-255,4320,117351,17,271587
33040,0.008953,172.31.36.0-255,66,117417,17,271587
33041,0.011227,74.125.200.0-255,5738,123155,17,271587
33042,0.01124,172.31.36.0-255,66,123221,17,271587
33043,0.013521,74.125.200.0-255,5738,128959,17,271587
33044,0.013535,172.31.36.0-255,66,129025,17,271587
33045,0.01581,74.125.200.0-255,5738,134763,17,271587
33046,0.015822,172.31.36.0-255,66,134829,17,271587
33047,0.018114,74.125.200.0-255,5738,140567,17,271587
33048,0.018125,172.31.36.0-255,66,140633,17,271587
33049,0.020402,74.125.200.0-255,5738,146371,17,271587
33050,0.020412,172.31.36.0-255,66,146437,17,271587
33051,0.022722,74.125.200.0-255,5738,152175,17,271587
33052,0.022731,172.31.36.0-255,66,152241,17,271587
33053,0.025019,74.125.200.0-255,5738,157979,17,271587
33054,0.025031,172.31.36.0-255,66,158045,17,271587
33055,0.027313,74.125.200.0-255,5738,163783,17,271587
33056,0.027325,172.31.36.0-255,66,163849,17,271587
33057,0.028769,172.31.36.0-255,188,164037,17,271587
33058,0.0288,172.31.36.0-255,961,164998,17,271587
33059,0.028844,172.31.36.0-255,1514,166512,17,271587
33060,0.028846,172.31.36.0-255,1427,167939,17,271587
33061,0.029597,74.125.200.0-255,1484,169423,17,271587
33062,0.029634,74.125.200.0-255,4320,173743,17,271587
33063,0.029639,172.31.36.0-255,66,173809,17,271587
33064,0.030296,104.244.42.0-255,66,173875,17,271587
33065,0.030335,104.244.42.0-255,66,173941,17,271587
33066,0.030393,104.244.42.0-255,66,174007,17,271587
33067,0.031902,74.125.200.0-255,5738,179745,17,271587
33068,0.03191,172.31.36.0-255,66,179811,17,271587
33069,0.03418,74.125.200.0-255,5738,185549,17,271587
33070,0.034189,172.31.36.0-255,66,185615,17,271587
33071,0.036454,74.125.200.0-255,5738,191353,17,271587
33072,0.036461,172.31.36.0-255,66,191419,17,271587
33073,0.038751,74.125.200.0-255,4320,195739,17,271587
33074,0.038758,172.31.36.0-255,66,195805,17,271587
33075,0.03879,74.125.200.0-255,1484,197289,17,271587
33076,0.04103,74.125.200.0-255,4320,201609,17,271587
33077,0.041035,172.31.36.0-255,66,201675,17,271587
33078,0.043307,74.125.200.0-255,5738,207413,17,271587
33079,0.043314,172.31.36.0-255,66,207479,17,271587
33080,0.045593,74.125.200.0-255,5738,213217,17,271587
33081,0.045599,172.31.36.0-255,66,213283,17,271587
33082,0.047864,74.125.200.0-255,5738,219021,17,271587
33083,0.04787,172.31.36.0-255,66,219087,17,271587
33084,0.050135,74.125.200.0-255,5738,224825,17,271587
33085,0.050142,172.31.36.0-255,66,224891,17,271587
33086,0.052428,74.125.200.0-255,5738,230629,17,271587
33087,0.052443,172.31.36.0-255,66,230695,17,271587
33088,0.054711,74.125.200.0-255,5738,236433,17,271587
33089,0.054721,172.31.36.0-255,66,236499,17,271587
33090,0.056998,74.125.200.0-255,5738,242237,17,271587
33091,0.057008,172.31.36.0-255,66,242303,17,271587
33092,0.059306,74.125.200.0-255,5738,248041,17,271587
33093,0.059313,172.31.36.0-255,66,248107,17,271587
33094,0.061609,74.125.200.0-255,5738,253845,17,271587
33095,0.061616,172.31.36.0-255,66,253911,17,271587
33096,0.063883,74.125.200.0-255,5738,259649,17,271587
33097,0.063891,172.31.36.0-255,66,259715,17,271587
33098,0.066173,74.125.200.0-255,2902,262617,17,271587
33099,0.06618,172.31.36.0-255,66,262683,17,271587
33100,0.066209,74.125.200.0-255,2902,265585,17,271587
33101,0.066212,172.31.36.0-255,66,265651,17,271587
33102,0.068446,74.125.200.0-255,2902,268553,17,271587
33103,0.068454,172.31.36.0-255,66,268619,17,271587
33104,0.068487,74.125.200.0-255,2902,271521,17,271587
33105,0.06849,172.31.36.0-255,66,271587,17,271587
33106,0.0,172.217.27.0-255,146,146,17,357152
33107,2.1e-05,172.31.36.0-255,66,212,17,357152
33108,2.8e-05,172.217.27.0-255,1484,1696,17,357152
33109,3.1e-05,172.31.36.0-255,66,1762,17,357152
33110,3.4e-05,172.217.27.0-255,1484,3246,17,357152
33111,4.3e-05,172.31.36.0-255,66,3312,17,357152
33112,6.1e-05,172.217.27.0-255,1484,4796,17,357152
33113,6.3e-05,172.31.36.0-255,66,4862,17,357152
33114,7.4e-05,172.217.27.0-255,5738,10600,17,357152
33115,7.6e-05,172.31.36.0-255,66,10666,17,357152
33116,7.9e-05,172.217.27.0-255,1484,12150,17,357152
33117,8.1e-05,172.31.36.0-255,66,12216,17,357152
33118,0.000121,172.217.27.0-255,4906,17122,17,357152
33119,0.000123,172.31.36.0-255,66,17188,17,357152
33120,0.00013,172.217.27.0-255,7156,24344,17,357152
33121,0.000131,172.31.36.0-255,66,24410,17,357152
33122,0.000136,172.217.27.0-255,4320,28730,17,357152
33123,0.000138,172.31.36.0-255,66,28796,17,357152
33124,0.000171,172.217.27.0-255,2543,31339,17,357152
33125,0.000173,172.31.36.0-255,66,31405,17,357152
33126,0.000376,172.217.27.0-255,1484,32889,17,357152
33127,0.000381,172.31.36.0-255,66,32955,17,357152
33128,0.000387,172.217.27.0-255,2902,35857,17,357152
33129,0.00039,172.31.36.0-255,66,35923,17,357152
33130,0.000395,172.217.27.0-255,4320,40243,17,357152
33131,0.000402,172.31.36.0-255,66,40309,17,357152
33132,0.000449,172.31.36.0-255,66,40375,17,357152
33133,0.000519,172.217.27.0-255,1484,41859,17,357152
33134,0.000524,172.31.36.0-255,66,41925,17,357152
33135,0.000529,172.217.27.0-255,2902,44827,17,357152
33136,0.000532,172.31.36.0-255,66,44893,17,357152
33137,0.000537,172.217.27.0-255,4320,49213,17,357152
33138,0.000546,172.31.36.0-255,66,49279,17,357152
33139,0.000552,172.217.27.0-255,5738,55017,17,357152
33140,0.000555,172.31.36.0-255,66,55083,17,357152
33141,0.000582,172.217.27.0-255,2869,57952,17,357152
33142,0.000584,172.31.36.0-255,66,58018,17,357152
33143,0.00101,172.217.27.0-255,117,58135,17,357152
33144,0.001147,172.217.27.0-255,1484,59619,17,357152
33145,0.001153,172.31.36.0-255,66,59685,17,357152
33146,0.001159,172.217.27.0-255,2902,62587,17,357152
33147,0.001161,172.31.36.0-255,66,62653,17,357152
33148,0.001166,172.217.27.0-255,4320,66973,17,357152
33149,0.001176,172.31.36.0-255,66,67039,17,357152
33150,0.001217,172.217.27.0-255,1484,68523,17,357152
33151,0.001237,172.31.36.0-255,66,68589,17,357152
33152,0.001243,172.217.27.0-255,5738,74327,17,357152
33153,0.001245,172.31.36.0-255,66,74393,17,357152
33154,0.001248,172.217.27.0-255,1484,75877,17,357152
33155,0.001278,172.217.27.0-255,2543,78420,17,357152
33156,0.00128,172.31.36.0-255,66,78486,17,357152
33157,0.001317,172.217.27.0-255,1484,79970,17,357152
33158,0.001321,172.217.27.0-255,1484,81454,17,357152
33159,0.001323,172.31.36.0-255,66,81520,17,357152
33160,0.001349,172.217.27.0-255,1484,83004,17,357152
33161,0.001356,172.217.27.0-255,5738,88742,17,357152
33162,0.001358,172.31.36.0-255,66,88808,17,357152
33163,0.001363,172.217.27.0-255,2902,91710,17,357152
33164,0.001364,172.31.36.0-255,66,91776,17,357152
33165,0.001369,172.217.27.0-255,4320,96096,17,357152
33166,0.001376,172.31.36.0-255,66,96162,17,357152
33167,0.001421,172.31.36.0-255,66,96228,17,357152
33168,0.001424,172.217.27.0-255,1484,97712,17,357152
33169,0.001454,172.217.27.0-255,6438,104150,17,357152
33170,0.001457,172.31.36.0-255,66,104216,17,357152
33171,0.001475,172.217.27.0-255,2902,107118,17,357152
33172,0.001477,172.31.36.0-255,66,107184,17,357152
33173,0.001482,172.217.27.0-255,4320,111504,17,357152
33174,0.001484,172.31.36.0-255,66,111570,17,357152
33175,0.001547,172.31.36.0-255,66,111636,17,357152
33176,0.001565,172.31.36.0-255,66,111702,17,357152
33177,0.001568,172.217.27.0-255,766,112468,17,357152
33178,0.0023,172.31.36.0-255,66,112534,17,357152
33179,0.00319,172.217.27.0-255,4320,116854,17,357152
33180,0.003194,172.31.36.0-255,66,116920,17,357152
33181,0.003907,172.217.27.0-255,1484,118404,17,357152
33182,0.004807,172.217.27.0-255,4320,122724,17,357152
33183,0.004811,172.31.36.0-255,66,122790,17,357152
33184,0.006434,172.217.27.0-255,5738,128528,17,357152
33185,0.006441,172.31.36.0-255,66,128594,17,357152
33186,0.008068,172.217.27.0-255,5738,134332,17,357152
33187,0.008076,172.31.36.0-255,66,134398,17,357152
33188,0.009704,172.217.27.0-255,5738,140136,17,357152
33189,0.009711,172.31.36.0-255,66,140202,17,357152
33190,0.011337,172.217.27.0-255,5738,145940,17,357152
33191,0.011344,172.31.36.0-255,66,146006,17,357152
33192,0.012968,172.217.27.0-255,5738,151744,17,357152
33193,0.012976,172.31.36.0-255,66,151810,17,357152
33194,0.014606,172.217.27.0-255,5738,157548,17,357152
33195,0.014615,172.31.36.0-255,66,157614,17,357152
33196,0.016244,172.217.27.0-255,5738,163352,17,357152
33197,0.016252,172.31.36.0-255,66,163418,17,357152
33198,0.017882,172.217.27.0-255,5738,169156,17,357152
33199,0.017891,172.31.36.0-255,66,169222,17,357152
33200,0.019516,172.217.27.0-255,5738,174960,17,357152
33201,0.019523,172.31.36.0-255,66,175026,17,357152
33202,0.021148,172.217.27.0-255,5738,180764,17,357152
33203,0.021155,172.31.36.0-255,66,180830,17,357152
33204,0.022785,172.217.27.0-255,5738,186568,17,357152
33205,0.022791,172.31.36.0-255,66,186634,17,357152
33206,0.024416,172.217.27.0-255,5738,192372,17,357152
33207,0.024422,172.31.36.0-255,66,192438,17,357152
33208,0.026052,172.217.27.0-255,5738,198176,17,357152
33209,0.026058,172.31.36.0-255,66,198242,17,357152
33210,0.027522,172.31.36.0-255,172,198414,17,357152
33211,0.027553,172.31.36.0-255,1117,199531,17,357152
33212,0.02759,172.31.36.0-255,1514,201045,17,357152
33213,0.027592,172.31.36.0-255,1514,202559,17,357152
33214,0.027596,172.31.36.0-255,1514,204073,17,357152
33215,0.027598,172.31.36.0-255,1053,205126,17,357152
33216,0.027678,172.217.27.0-255,5738,210864,17,357152
33217,0.027683,172.31.36.0-255,66,210930,17,357152
33218,0.029007,104.244.42.0-255,66,210996,17,357152
33219,0.029039,104.244.42.0-255,66,211062,17,357152
33220,0.029088,104.244.42.0-255,66,211128,17,357152
33221,0.0291,104.244.42.0-255,66,211194,17,357152
33222,0.029303,172.217.27.0-255,2902,214096,17,357152
33223,0.029308,172.31.36.0-255,66,214162,17,357152
33224,0.029341,172.217.27.0-255,2902,217064,17,357152
33225,0.029344,172.31.36.0-255,66,217130,17,357152
33226,0.030933,172.217.27.0-255,2902,220032,17,357152
33227,0.030939,172.31.36.0-255,66,220098,17,357152
33228,0.030973,172.217.27.0-255,2902,223000,17,357152
33229,0.030976,172.31.36.0-255,66,223066,17,357152
33230,0.032555,172.217.27.0-255,2902,225968,17,357152
33231,0.032561,172.31.36.0-255,66,226034,17,357152
33232,0.032592,172.217.27.0-255,2902,228936,17,357152
33233,0.032594,172.31.36.0-255,66,229002,17,357152
33234,0.03418,172.217.27.0-255,2902,231904,17,357152
33235,0.034186,172.31.36.0-255,66,231970,17,357152
33236,0.034225,172.217.27.0-255,2902,234872,17,357152
33237,0.034229,172.31.36.0-255,66,234938,17,357152
33238,0.035806,172.217.27.0-255,2902,237840,17,357152
33239,0.035813,172.31.36.0-255,66,237906,17,357152
33240,0.035843,172.217.27.0-255,2902,240808,17,357152
33241,0.035846,172.31.36.0-255,66,240874,17,357152
33242,0.03743,172.217.27.0-255,2902,243776,17,357152
33243,0.037436,172.31.36.0-255,66,243842,17,357152
33244,0.037472,172.217.27.0-255,2902,246744,17,357152
33245,0.037475,172.31.36.0-255,66,246810,17,357152
33246,0.039055,172.217.27.0-255,1484,248294,17,357152
33247,0.039087,172.217.27.0-255,4320,252614,17,357152
33248,0.039092,172.31.36.0-255,66,252680,17,357152
33249,0.040712,172.217.27.0-255,5738,258418,17,357152
33250,0.040716,172.31.36.0-255,66,258484,17,357152
33251,0.042338,172.217.27.0-255,5738,264222,17,357152
33252,0.042343,172.31.36.0-255,66,264288,17,357152
33253,0.043968,172.217.27.0-255,5738,270026,17,357152
33254,0.043974,172.31.36.0-255,66,270092,17,357152
33255,0.045636,172.217.27.0-255,5738,275830,17,357152
33256,0.045641,172.31.36.0-255,66,275896,17,357152
33257,0.047269,172.217.27.0-255,5738,281634,17,357152
33258,0.047274,172.31.36.0-255,66,281700,17,357152
33259,0.048897,172.217.27.0-255,5738,287438,17,357152
33260,0.048902,172.31.36.0-255,66,287504,17,357152
33261,0.050523,172.217.27.0-255,5738,293242,17,357152
33262,0.050529,172.31.36.0-255,66,293308,17,357152
33263,0.05215,172.217.27.0-255,5738,299046,17,357152
33264,0.052155,172.31.36.0-255,66,299112,17,357152
33265,0.053778,172.217.27.0-255,5738,304850,17,357152
33266,0.053784,172.31.36.0-255,66,304916,17,357152
33267,0.055409,172.217.27.0-255,5738,310654,17,357152
33268,0.055415,172.31.36.0-255,66,310720,17,357152
33269,0.057037,172.217.27.0-255,5738,316458,17,357152
33270,0.057042,172.31.36.0-255,66,316524,17,357152
33271,0.058661,172.217.27.0-255,5738,322262,17,357152
33272,0.058666,172.31.36.0-255,66,322328,17,357152
33273,0.060289,172.217.27.0-255,5738,328066,17,357152
33274,0.060295,172.31.36.0-255,66,328132,17,357152
33275,0.061923,172.217.27.0-255,5738,333870,17,357152
33276,0.061929,172.31.36.0-255,66,333936,17,357152
33277,0.06355,172.217.27.0-255,5738,339674,17,357152
33278,0.063556,172.31.36.0-255,66,339740,17,357152
33279,0.065178,172.217.27.0-255,5738,345478,17,357152
33280,0.065185,172.31.36.0-255,66,345544,17,357152
33281,0.066809,172.217.27.0-255,5738,351282,17,357152
33282,0.066815,172.31.36.0-255,66,351348,17,357152
33283,0.068437,172.217.27.0-255,5738,357086,17,357152
33284,0.068443,172.31.36.0-255,66,357152,17,357152
33285,0.0,172.217.194.0-255,291,291,17,225510
33286,2.4e-05,172.31.36.0-255,66,357,17,225510
33287,3e-05,172.217.194.0-255,1484,1841,17,225510
33288,3.4e-05,172.31.36.0-255,66,1907,17,225510
33289,4e-05,172.217.194.0-255,4320,6227,17,225510
33290,4.3e-05,172.31.36.0-255,66,6293,17,225510
33291,5.3e-05,172.31.36.0-255,66,6359,17,225510
33292,9.6e-05,172.31.36.0-255,66,6425,17,225510
33293,0.000117,172.217.194.0-255,2902,9327,17,225510
33294,0.000124,172.31.36.0-255,66,9393,17,225510
33295,0.00015,172.217.194.0-255,5379,14772,17,225510
33296,0.000155,172.31.36.0-255,66,14838,17,225510
33297,0.000523,172.217.194.0-255,1484,16322,17,225510
33298,0.000529,172.31.36.0-255,66,16388,17,225510
33299,0.000535,172.217.194.0-255,2902,19290,17,225510
33300,0.000538,172.31.36.0-255,66,19356,17,225510
33301,0.000558,172.217.194.0-255,5738,25094,17,225510
33302,0.000563,172.31.36.0-255,66,25160,17,225510
33303,0.000568,172.217.194.0-255,4320,29480,17,225510
33304,0.000572,172.31.36.0-255,66,29546,17,225510
33305,0.00062,172.31.36.0-255,66,29612,17,225510
33306,0.000636,172.217.194.0-255,3961,33573,17,225510
33307,0.00064,172.31.36.0-255,66,33639,17,225510
33308,0.000646,172.217.194.0-255,5738,39377,17,225510
33309,0.000649,172.31.36.0-255,66,39443,17,225510
33310,0.000667,172.217.194.0-255,1415,40858,17,225510
33311,0.00067,172.31.36.0-255,66,40924,17,225510
33312,0.000697,172.217.194.0-255,98,41022,17,225510
33313,0.000701,172.31.36.0-255,66,41088,17,225510
33314,0.000769,172.217.194.0-255,1484,42572,17,225510
33315,0.000774,172.217.194.0-255,1484,44056,17,225510
33316,0.000777,172.31.36.0-255,66,44122,17,225510
33317,0.000806,172.217.194.0-255,1484,45606,17,225510
33318,0.000812,172.217.194.0-255,5738,51344,17,225510
33319,0.000815,172.31.36.0-255,66,51410,17,225510
33320,0.000828,172.31.36.0-255,66,51476,17,225510
33321,0.000834,172.217.194.0-255,5738,57214,17,225510
33322,0.000837,172.31.36.0-255,66,57280,17,225510
33323,0.00086,172.217.194.0-255,2902,60182,17,225510
33324,0.000864,172.31.36.0-255,66,60248,17,225510
33325,0.000888,172.217.194.0-255,2484,62732,17,225510
33326,0.000892,172.31.36.0-255,66,62798,17,225510
33327,0.001081,172.217.194.0-255,1484,64282,17,225510
33328,0.001088,172.217.194.0-255,2902,67184,17,225510
33329,0.001092,172.31.36.0-255,66,67250,17,225510
33330,0.001098,172.217.194.0-255,4320,71570,17,225510
33331,0.0011,172.31.36.0-255,66,71636,17,225510
33332,0.001114,172.217.194.0-255,1484,73120,17,225510
33333,0.001117,172.217.194.0-255,1484,74604,17,225510
33334,0.00112,172.31.36.0-255,66,74670,17,225510
33335,0.001163,172.31.36.0-255,66,74736,17,225510
33336,0.001174,172.31.36.0-255,66,74802,17,225510
33337,0.001196,172.217.194.0-255,2184,76986,17,225510
33338,0.001199,172.31.36.0-255,66,77052,17,225510
33339,0.001384,172.217.194.0-255,1484,78536,17,225510
33340,0.001391,172.217.194.0-255,2902,81438,17,225510
33341,0.001395,172.31.36.0-255,66,81504,17,225510
33342,0.001401,172.217.194.0-255,4320,85824,17,225510
33343,0.001403,172.31.36.0-255,66,85890,17,225510
33344,0.001425,172.217.194.0-255,1484,87374,17,225510
33345,0.001432,172.217.194.0-255,5738,93112,17,225510
33346,0.001435,172.31.36.0-255,66,93178,17,225510
33347,0.001463,172.217.194.0-255,7156,100334,17,225510
33348,0.001466,172.31.36.0-255,66,100400,17,225510
33349,0.001473,172.217.194.0-255,5738,106138,17,225510
33350,0.001475,172.31.36.0-255,66,106204,17,225510
33351,0.001496,172.217.194.0-255,5020,111224,17,225510
33352,0.0015,172.31.36.0-255,66,111290,17,225510
33353,0.001641,172.217.194.0-255,1484,112774,17,225510
33354,0.001648,172.217.194.0-255,2902,115676,17,225510
33355,0.001652,172.31.36.0-255,66,115742,17,225510
33356,0.001696,172.217.194.0-255,2902,118644,17,225510
33357,0.001698,172.31.36.0-255,66,118710,17,225510
33358,0.001741,172.217.194.0-255,2902,121612,17,225510
33359,0.001745,172.31.36.0-255,66,121678,17,225510
33360,0.001759,172.31.36.0-255,66,121744,17,225510
33361,0.001771,172.31.36.0-255,66,121810,17,225510
33362,0.001775,172.217.194.0-255,2184,123994,17,225510
33363,0.001777,172.31.36.0-255,66,124060,17,225510
33364,0.002287,172.217.194.0-255,1484,125544,17,225510
33365,0.002308,172.217.194.0-255,2902,128446,17,225510
33366,0.002314,172.31.36.0-255,66,128512,17,225510
33367,0.002321,172.217.194.0-255,5738,134250,17,225510
33368,0.002323,172.31.36.0-255,66,134316,17,225510
33369,0.002329,172.217.194.0-255,4320,138636,17,225510
33370,0.002331,172.31.36.0-255,66,138702,17,225510
33371,0.002358,172.31.36.0-255,66,138768,17,225510
33372,0.002362,172.217.194.0-255,2902,141670,17,225510
33373,0.002364,172.31.36.0-255,66,141736,17,225510
33374,0.002372,172.217.194.0-255,7156,148892,17,225510
33375,0.002374,172.31.36.0-255,66,148958,17,225510
33376,0.002376,172.217.194.0-255,766,149724,17,225510
33377,0.00242,172.217.194.0-255,1484,151208,17,225510
33378,0.002423,172.31.36.0-255,66,151274,17,225510
33379,0.002442,172.217.194.0-255,2902,154176,17,225510
33380,0.002445,172.31.36.0-255,66,154242,17,225510
33381,0.00245,172.217.194.0-255,4320,158562,17,225510
33382,0.002453,172.31.36.0-255,66,158628,17,225510
33383,0.002468,172.217.194.0-255,1484,160112,17,225510
33384,0.00248,172.217.194.0-255,7156,167268,17,225510
33385,0.002483,172.31.36.0-255,66,167334,17,225510
33386,0.00252,172.31.36.0-255,66,167400,17,225510
33387,0.002524,172.217.194.0-255,2184,169584,17,225510
33388,0.002526,172.31.36.0-255,66,169650,17,225510
33389,0.002625,172.217.194.0-255,1484,171134,17,225510
33390,0.002643,172.217.194.0-255,2902,174036,17,225510
33391,0.002646,172.31.36.0-255,66,174102,17,225510
33392,0.002672,172.217.194.0-255,5738,179840,17,225510
33393,0.002675,172.31.36.0-255,66,179906,17,225510
33394,0.002678,172.217.194.0-255,1484,181390,17,225510
33395,0.002704,172.31.36.0-255,66,181456,17,225510
33396,0.002719,172.217.194.0-255,4320,185776,17,225510
33397,0.002722,172.31.36.0-255,66,185842,17,225510
33398,0.00275,172.31.36.0-255,66,185908,17,225510
33399,0.003021,172.217.194.0-255,1484,187392,17,225510
33400,0.003028,172.217.194.0-255,2902,190294,17,225510
33401,0.003033,172.31.36.0-255,66,190360,17,225510
33402,0.003052,172.217.194.0-255,5738,196098,17,225510
33403,0.003055,172.31.36.0-255,66,196164,17,225510
33404,0.003059,172.217.194.0-255,1484,197648,17,225510
33405,0.00309,172.31.36.0-255,66,197714,17,225510
33406,0.003094,172.217.194.0-255,1484,199198,17,225510
33407,0.003127,172.217.194.0-255,2902,202100,17,225510
33408,0.003131,172.31.36.0-255,66,202166,17,225510
33409,0.003156,172.31.36.0-255,66,202232,17,225510
33410,0.003158,172.217.194.0-255,1484,203716,17,225510
33411,0.003179,172.217.194.0-255,4320,208036,17,225510
33412,0.003182,172.217.194.0-255,1484,209520,17,225510
33413,0.003203,172.217.194.0-255,5738,215258,17,225510
33414,0.003231,172.217.194.0-255,4320,219578,17,225510
33415,0.003325,172.217.194.0-255,2184,221762,17,225510
33416,0.003376,172.217.194.0-255,97,221859,17,225510
33417,0.003387,172.217.194.0-255,105,221964,17,225510
33418,0.004112,172.31.36.0-255,66,222030,17,225510
33419,0.006189,172.31.36.0-255,105,222135,17,225510
33420,0.008411,172.217.194.0-255,66,222201,17,225510
33421,0.019725,172.31.36.0-255,164,222365,17,225510
33422,0.019764,172.31.36.0-255,1125,223490,17,225510
33423,0.019792,172.31.36.0-255,1514,225004,17,225510
33424,0.019794,172.31.36.0-255,308,225312,17,225510
33425,0.021274,104.244.42.0-255,66,225378,17,225510
33426,0.021313,104.244.42.0-255,66,225444,17,225510
33427,0.02137,104.244.42.0-255,66,225510,17,225510
33428,0.0,172.217.160.0-255,153,153,17,326169
33429,2.5e-05,172.31.36.0-255,66,219,17,326169
33430,3.2e-05,172.217.160.0-255,1484,1703,17,326169
33431,3.7e-05,172.31.36.0-255,66,1769,17,326169
33432,4.3e-05,172.217.160.0-255,2902,4671,17,326169
33433,4.7e-05,172.31.36.0-255,66,4737,17,326169
33434,5.5e-05,172.217.160.0-255,7156,11893,17,326169
33435,5.8e-05,172.31.36.0-255,66,11959,17,326169
33436,0.000134,172.217.160.0-255,1984,13943,17,326169
33437,0.000137,172.31.36.0-255,66,14009,17,326169
33438,0.0003,172.217.160.0-255,1484,15493,17,326169
33439,0.000305,172.31.36.0-255,66,15559,17,326169
33440,0.000311,172.217.160.0-255,2902,18461,17,326169
33441,0.000315,172.31.36.0-255,66,18527,17,326169
33442,0.000351,172.217.160.0-255,5738,24265,17,326169
33443,0.000355,172.31.36.0-255,66,24331,17,326169
33444,0.000412,172.217.160.0-255,4320,28651,17,326169
33445,0.000416,172.31.36.0-255,66,28717,17,326169
33446,0.000472,172.217.160.0-255,2543,31260,17,326169
33447,0.000475,172.31.36.0-255,66,31326,17,326169
33448,0.000499,172.217.160.0-255,1484,32810,17,326169
33449,0.000502,172.31.36.0-255,66,32876,17,326169
33450,0.00052,172.217.160.0-255,1484,34360,17,326169
33451,0.000523,172.31.36.0-255,66,34426,17,326169
33452,0.000544,172.217.160.0-255,7156,41582,17,326169
33453,0.000547,172.31.36.0-255,66,41648,17,326169
33454,0.000645,172.31.36.0-255,66,41714,17,326169
33455,0.000665,172.217.160.0-255,3961,45675,17,326169
33456,0.000667,172.31.36.0-255,66,45741,17,326169
33457,0.000838,172.217.160.0-255,1484,47225,17,326169
33458,0.000843,172.31.36.0-255,66,47291,17,326169
33459,0.000866,172.217.160.0-255,7070,54361,17,326169
33460,0.000868,172.31.36.0-255,66,54427,17,326169
33461,0.000945,172.217.160.0-255,125,54552,17,326169
33462,0.001048,172.217.160.0-255,1484,56036,17,326169
33463,0.001052,172.31.36.0-255,66,56102,17,326169
33464,0.001058,172.217.160.0-255,2902,59004,17,326169
33465,0.00106,172.31.36.0-255,66,59070,17,326169
33466,0.001092,172.217.160.0-255,5738,64808,17,326169
33467,0.001096,172.31.36.0-255,66,64874,17,326169
33468,0.001158,172.217.160.0-255,6797,71671,17,326169
33469,0.001168,172.31.36.0-255,66,71737,17,326169
33470,0.001248,172.217.160.0-255,7156,78893,17,326169
33471,0.001251,172.31.36.0-255,66,78959,17,326169
33472,0.001355,172.31.36.0-255,66,79025,17,326169
33473,0.00298,172.217.160.0-255,5738,84763,17,326169
33474,0.002988,172.31.36.0-255,66,84829,17,326169
33475,0.004611,172.217.160.0-255,5738,90567,17,326169
33476,0.004615,172.31.36.0-255,66,90633,17,326169
33477,0.006235,172.217.160.0-255,5738,96371,17,326169
33478,0.006238,172.31.36.0-255,66,96437,17,326169
33479,0.007863,172.217.160.0-255,5738,102175,17,326169
33480,0.00787,172.31.36.0-255,66,102241,17,326169
33481,0.009501,172.217.160.0-255,5738,107979,17,326169
33482,0.009508,172.31.36.0-255,66,108045,17,326169
33483,0.011135,172.217.160.0-255,5738,113783,17,326169
33484,0.011143,172.31.36.0-255,66,113849,17,326169
33485,0.012773,172.217.160.0-255,5738,119587,17,326169
33486,0.012781,172.31.36.0-255,66,119653,17,326169
33487,0.014438,172.217.160.0-255,5738,125391,17,326169
33488,0.014447,172.31.36.0-255,66,125457,17,326169
33489,0.01607,172.217.160.0-255,5738,131195,17,326169
33490,0.016077,172.31.36.0-255,66,131261,17,326169
33491,0.017705,172.217.160.0-255,5738,136999,17,326169
33492,0.017712,172.31.36.0-255,66,137065,17,326169
33493,0.01936,172.217.160.0-255,5738,142803,17,326169
33494,0.019367,172.31.36.0-255,66,142869,17,326169
33495,0.020994,172.217.160.0-255,5738,148607,17,326169
33496,0.021002,172.31.36.0-255,66,148673,17,326169
33497,0.02263,172.217.160.0-255,5738,154411,17,326169
33498,0.022636,172.31.36.0-255,66,154477,17,326169
33499,0.024261,172.217.160.0-255,5738,160215,17,326169
33500,0.024269,172.31.36.0-255,66,160281,17,326169
33501,0.025904,172.217.160.0-255,5738,166019,17,326169
33502,0.025912,172.31.36.0-255,66,166085,17,326169
33503,0.027542,172.217.160.0-255,5738,171823,17,326169
33504,0.02755,172.31.36.0-255,66,171889,17,326169
33505,0.02918,172.217.160.0-255,5738,177627,17,326169
33506,0.029189,172.31.36.0-255,66,177693,17,326169
33507,0.030815,172.217.160.0-255,5738,183431,17,326169
33508,0.030823,172.31.36.0-255,66,183497,17,326169
33509,0.032446,172.217.160.0-255,5738,189235,17,326169
33510,0.032451,172.31.36.0-255,66,189301,17,326169
33511,0.033137,172.31.36.0-255,172,189473,17,326169
33512,0.033172,172.31.36.0-255,1117,190590,17,326169
33513,0.033237,172.31.36.0-255,1514,192104,17,326169
33514,0.033239,172.31.36.0-255,1514,193618,17,326169
33515,0.033244,172.31.36.0-255,1514,195132,17,326169
33516,0.033245,172.31.36.0-255,1514,196646,17,326169
33517,0.033262,172.31.36.0-255,1470,198116,17,326169
33518,0.034072,172.217.160.0-255,5738,203854,17,326169
33519,0.034078,172.31.36.0-255,66,203920,17,326169
33520,0.034666,104.244.42.0-255,66,203986,17,326169
33521,0.034719,104.244.42.0-255,66,204052,17,326169
33522,0.034834,104.244.42.0-255,66,204118,17,326169
33523,0.0357,172.217.160.0-255,5738,209856,17,326169
33524,0.035708,172.31.36.0-255,66,209922,17,326169
33525,0.037329,172.217.160.0-255,5738,215660,17,326169
33526,0.037337,172.31.36.0-255,66,215726,17,326169
33527,0.038959,172.217.160.0-255,5738,221464,17,326169
33528,0.038968,172.31.36.0-255,66,221530,17,326169
33529,0.040595,172.217.160.0-255,5738,227268,17,326169
33530,0.040602,172.31.36.0-255,66,227334,17,326169
33531,0.042236,172.217.160.0-255,5738,233072,17,326169
33532,0.042243,172.31.36.0-255,66,233138,17,326169
33533,0.04389,172.217.160.0-255,5738,238876,17,326169
33534,0.043902,172.31.36.0-255,66,238942,17,326169
33535,0.045536,172.217.160.0-255,5738,244680,17,326169
33536,0.045543,172.31.36.0-255,66,244746,17,326169
33537,0.047162,172.217.160.0-255,5738,250484,17,326169
33538,0.047168,172.31.36.0-255,66,250550,17,326169
33539,0.048806,172.217.160.0-255,5738,256288,17,326169
33540,0.048813,172.31.36.0-255,66,256354,17,326169
33541,0.050444,172.217.160.0-255,5738,262092,17,326169
33542,0.050451,172.31.36.0-255,66,262158,17,326169
33543,0.052091,172.217.160.0-255,5738,267896,17,326169
33544,0.052097,172.31.36.0-255,66,267962,17,326169
33545,0.053739,172.217.160.0-255,5738,273700,17,326169
33546,0.05375,172.31.36.0-255,66,273766,17,326169
33547,0.055387,172.217.160.0-255,5738,279504,17,326169
33548,0.055393,172.31.36.0-255,66,279570,17,326169
33549,0.057032,172.217.160.0-255,5738,285308,17,326169
33550,0.057039,172.31.36.0-255,66,285374,17,326169
33551,0.058681,172.217.160.0-255,5738,291112,17,326169
33552,0.058688,172.31.36.0-255,66,291178,17,326169
33553,0.060332,172.217.160.0-255,5738,296916,17,326169
33554,0.060338,172.31.36.0-255,66,296982,17,326169
33555,0.060436,172.31.36.0-255,101,297083,17,326169
33556,0.061968,172.217.160.0-255,5738,302821,17,326169
33557,0.061975,172.31.36.0-255,66,302887,17,326169
33558,0.062019,172.217.160.0-255,66,302953,17,326169
33559,0.063602,172.217.160.0-255,5738,308691,17,326169
33560,0.063609,172.31.36.0-255,66,308757,17,326169
33561,0.065284,172.217.160.0-255,5738,314495,17,326169
33562,0.06529,172.31.36.0-255,66,314561,17,326169
33563,0.066919,172.217.160.0-255,5738,320299,17,326169
33564,0.066926,172.31.36.0-255,66,320365,17,326169
33565,0.068566,172.217.160.0-255,5738,326103,17,326169
33566,0.068573,172.31.36.0-255,66,326169,17,326169
33567,0.0,172.31.36.0-255,250,250,17,316
33568,0.00756,74.125.68.0-255,66,316,17,316
33569,0.0,172.31.36.0-255,163,163,17,229
33570,0.007602,74.125.24.0-255,66,229,17,229
33571,0.0,74.125.130.0-255,153,153,17,352245
33572,2.2e-05,172.31.36.0-255,66,219,17,352245
33573,3e-05,74.125.130.0-255,1484,1703,17,352245
33574,3.4e-05,172.31.36.0-255,66,1769,17,352245
33575,4.8e-05,74.125.130.0-255,2902,4671,17,352245
33576,5.1e-05,172.31.36.0-255,66,4737,17,352245
33577,7.3e-05,74.125.130.0-255,7156,11893,17,352245
33578,7.7e-05,172.31.36.0-255,66,11959,17,352245
33579,8.1e-05,74.125.130.0-255,2078,14037,17,352245
33580,8.4e-05,172.31.36.0-255,66,14103,17,352245
33581,0.000121,74.125.130.0-255,1484,15587,17,352245
33582,0.000123,172.31.36.0-255,66,15653,17,352245
33583,0.000128,74.125.130.0-255,1484,17137,17,352245
33584,0.000131,172.31.36.0-255,66,17203,17,352245
33585,0.000161,74.125.130.0-255,1484,18687,17,352245
33586,0.000163,172.31.36.0-255,66,18753,17,352245
33587,0.000171,74.125.130.0-255,5738,24491,17,352245
33588,0.000174,172.31.36.0-255,66,24557,17,352245
33589,0.000187,74.125.130.0-255,6797,31354,17,352245
33590,0.000189,172.31.36.0-255,66,31420,17,352245
33591,0.000308,74.125.130.0-255,1484,32904,17,352245
33592,0.000313,172.31.36.0-255,66,32970,17,352245
33593,0.000318,74.125.130.0-255,2902,35872,17,352245
33594,0.000341,172.31.36.0-255,66,35938,17,352245
33595,0.000347,74.125.130.0-255,5738,41676,17,352245
33596,0.000349,172.31.36.0-255,66,41742,17,352245
33597,0.000383,74.125.130.0-255,6797,48539,17,352245
33598,0.000385,172.31.36.0-255,66,48605,17,352245
33599,0.000393,74.125.130.0-255,5738,54343,17,352245
33600,0.000395,172.31.36.0-255,66,54409,17,352245
33601,0.000429,74.125.130.0-255,1484,55893,17,352245
33602,0.000432,172.31.36.0-255,66,55959,17,352245
33603,0.000438,74.125.130.0-255,4320,60279,17,352245
33604,0.00044,172.31.36.0-255,66,60345,17,352245
33605,0.000451,74.125.130.0-255,5379,65724,17,352245
33606,0.000454,172.31.36.0-255,66,65790,17,352245
33607,0.000456,74.125.130.0-255,361,66151,17,352245
33608,0.000614,74.125.130.0-255,384,66535,17,352245
33609,0.001035,74.125.130.0-255,1484,68019,17,352245
33610,0.00104,172.31.36.0-255,66,68085,17,352245
33611,0.001045,74.125.130.0-255,1484,69569,17,352245
33612,0.001072,74.125.130.0-255,1484,71053,17,352245
33613,0.001075,172.31.36.0-255,66,71119,17,352245
33614,0.00108,74.125.130.0-255,2902,74021,17,352245
33615,0.001083,172.31.36.0-255,66,74087,17,352245
33616,0.001093,74.125.130.0-255,4320,78407,17,352245
33617,0.001095,172.31.36.0-255,66,78473,17,352245
33618,0.001099,74.125.130.0-255,2902,81375,17,352245
33619,0.001101,172.31.36.0-255,66,81441,17,352245
33620,0.001137,74.125.130.0-255,5738,87179,17,352245
33621,0.001139,172.31.36.0-255,66,87245,17,352245
33622,0.001145,74.125.130.0-255,4320,91565,17,352245
33623,0.001147,172.31.36.0-255,66,91631,17,352245
33624,0.001188,172.31.36.0-255,66,91697,17,352245
33625,0.001307,74.125.130.0-255,1484,93181,17,352245
33626,0.001323,74.125.130.0-255,2902,96083,17,352245
33627,0.001328,172.31.36.0-255,66,96149,17,352245
33628,0.001337,74.125.130.0-255,1484,97633,17,352245
33629,0.001359,74.125.130.0-255,4320,101953,17,352245
33630,0.001361,172.31.36.0-255,66,102019,17,352245
33631,0.001368,74.125.130.0-255,5738,107757,17,352245
33632,0.00137,172.31.36.0-255,66,107823,17,352245
33633,0.001399,74.125.130.0-255,1484,109307,17,352245
33634,0.001411,172.31.36.0-255,66,109373,17,352245
33635,0.001417,74.125.130.0-255,4320,113693,17,352245
33636,0.001419,172.31.36.0-255,66,113759,17,352245
33637,0.001441,74.125.130.0-255,3602,117361,17,352245
33638,0.001447,172.31.36.0-255,66,117427,17,352245
33639,0.001508,74.125.130.0-255,1484,118911,17,352245
33640,0.001512,74.125.130.0-255,1484,120395,17,352245
33641,0.001514,172.31.36.0-255,66,120461,17,352245
33642,0.001544,74.125.130.0-255,1484,121945,17,352245
33643,0.001551,74.125.130.0-255,5738,127683,17,352245
33644,0.001554,172.31.36.0-255,66,127749,17,352245
33645,0.001592,172.31.36.0-255,66,127815,17,352245
33646,0.001619,74.125.130.0-255,1484,129299,17,352245
33647,0.001623,74.125.130.0-255,2902,132201,17,352245
33648,0.001626,172.31.36.0-255,66,132267,17,352245
33649,0.001665,172.31.36.0-255,66,132333,17,352245
33650,0.00167,74.125.130.0-255,2902,135235,17,352245
33651,0.001672,172.31.36.0-255,66,135301,17,352245
33652,0.001675,74.125.130.0-255,1484,136785,17,352245
33653,0.001693,74.125.130.0-255,2902,139687,17,352245
33654,0.0017,172.31.36.0-255,66,139753,17,352245
33655,0.001707,74.125.130.0-255,5738,145491,17,352245
33656,0.001709,172.31.36.0-255,66,145557,17,352245
33657,0.001743,74.125.130.0-255,2902,148459,17,352245
33658,0.001748,74.125.130.0-255,4320,152779,17,352245
33659,0.001753,74.125.130.0-255,5738,158517,17,352245
33660,0.001761,172.31.36.0-255,66,158583,17,352245
33661,0.001765,172.31.36.0-255,66,158649,17,352245
33662,0.001767,172.31.36.0-255,66,158715,17,352245
33663,0.001814,172.31.36.0-255,66,158781,17,352245
33664,0.002084,74.125.130.0-255,1484,160265,17,352245
33665,0.002089,74.125.130.0-255,1484,161749,17,352245
33666,0.002092,172.31.36.0-255,66,161815,17,352245
33667,0.002105,74.125.130.0-255,1484,163299,17,352245
33668,0.002116,74.125.130.0-255,5738,169037,17,352245
33669,0.002118,172.31.36.0-255,66,169103,17,352245
33670,0.002156,74.125.130.0-255,5738,174841,17,352245
33671,0.002158,172.31.36.0-255,66,174907,17,352245
33672,0.002166,74.125.130.0-255,7156,182063,17,352245
33673,0.002169,172.31.36.0-255,66,182129,17,352245
33674,0.002178,74.125.130.0-255,2902,185031,17,352245
33675,0.00218,172.31.36.0-255,66,185097,17,352245
33676,0.002215,172.31.36.0-255,66,185163,17,352245
33677,0.002416,74.125.130.0-255,1484,186647,17,352245
33678,0.002438,74.125.130.0-255,2902,189549,17,352245
33679,0.002441,172.31.36.0-255,66,189615,17,352245
33680,0.002445,74.125.130.0-255,1484,191099,17,352245
33681,0.002475,74.125.130.0-255,4320,195419,17,352245
33682,0.002478,172.31.36.0-255,66,195485,17,352245
33683,0.002489,74.125.130.0-255,4320,199805,17,352245
33684,0.002491,172.31.36.0-255,66,199871,17,352245
33685,0.002524,172.31.36.0-255,66,199937,17,352245
33686,0.002536,172.31.36.0-255,66,200003,17,352245
33687,0.005025,74.125.130.0-255,5738,205741,17,352245
33688,0.005033,172.31.36.0-255,66,205807,17,352245
33689,0.007535,74.125.130.0-255,5738,211545,17,352245
33690,0.007539,172.31.36.0-255,66,211611,17,352245
33691,0.010033,74.125.130.0-255,5738,217349,17,352245
33692,0.010039,172.31.36.0-255,66,217415,17,352245
33693,0.012543,74.125.130.0-255,5738,223153,17,352245
33694,0.012551,172.31.36.0-255,66,223219,17,352245
33695,0.015051,74.125.130.0-255,5738,228957,17,352245
33696,0.015059,172.31.36.0-255,66,229023,17,352245
33697,0.017558,74.125.130.0-255,5738,234761,17,352245
33698,0.017568,172.31.36.0-255,66,234827,17,352245
33699,0.020082,74.125.130.0-255,5738,240565,17,352245
33700,0.020091,172.31.36.0-255,66,240631,17,352245
33701,0.022595,74.125.130.0-255,5738,246369,17,352245
33702,0.022603,172.31.36.0-255,66,246435,17,352245
33703,0.025133,74.125.130.0-255,5738,252173,17,352245
33704,0.025141,172.31.36.0-255,66,252239,17,352245
33705,0.027637,74.125.130.0-255,5738,257977,17,352245
33706,0.027644,172.31.36.0-255,66,258043,17,352245
33707,0.030149,74.125.130.0-255,5738,263781,17,352245
33708,0.030157,172.31.36.0-255,66,263847,17,352245
33709,0.032667,74.125.130.0-255,5738,269585,17,352245
33710,0.032675,172.31.36.0-255,66,269651,17,352245
33711,0.035072,172.31.36.0-255,172,269823,17,352245
33712,0.035106,172.31.36.0-255,1116,270939,17,352245
33713,0.035167,74.125.130.0-255,5738,276677,17,352245
33714,0.035171,172.31.36.0-255,66,276743,17,352245
33715,0.035203,172.31.36.0-255,1514,278257,17,352245
33716,0.035205,172.31.36.0-255,1272,279529,17,352245
33717,0.0366,104.244.42.0-255,66,279595,17,352245
33718,0.036634,104.244.42.0-255,66,279661,17,352245
33719,0.036781,104.244.42.0-255,66,279727,17,352245
33720,0.037673,104.244.42.0-255,108,279835,17,352245
33721,0.037683,172.31.36.0-255,66,279901,17,352245
33722,0.037693,74.125.130.0-255,5738,285639,17,352245
33723,0.037695,172.31.36.0-255,66,285705,17,352245
33724,0.040193,74.125.130.0-255,5738,291443,17,352245
33725,0.040201,172.31.36.0-255,66,291509,17,352245
33726,0.042687,74.125.130.0-255,5738,297247,17,352245
33727,0.042694,172.31.36.0-255,66,297313,17,352245
33728,0.045202,74.125.130.0-255,5738,303051,17,352245
33729,0.045212,172.31.36.0-255,66,303117,17,352245
33730,0.047727,74.125.130.0-255,5738,308855,17,352245
33731,0.047733,172.31.36.0-255,66,308921,17,352245
33732,0.050224,74.125.130.0-255,5738,314659,17,352245
33733,0.050231,172.31.36.0-255,66,314725,17,352245
33734,0.052727,74.125.130.0-255,5738,320463,17,352245
33735,0.052733,172.31.36.0-255,66,320529,17,352245
33736,0.055224,74.125.130.0-255,5738,326267,17,352245
33737,0.055229,172.31.36.0-255,66,326333,17,352245
33738,0.057733,74.125.130.0-255,5738,332071,17,352245
33739,0.057739,172.31.36.0-255,66,332137,17,352245
33740,0.060254,74.125.130.0-255,5738,337875,17,352245
33741,0.060264,172.31.36.0-255,66,337941,17,352245
33742,0.062781,74.125.130.0-255,5738,343679,17,352245
33743,0.062786,172.31.36.0-255,66,343745,17,352245
33744,0.065283,74.125.130.0-255,5738,349483,17,352245
33745,0.065289,172.31.36.0-255,66,349549,17,352245
33746,0.067785,74.125.130.0-255,2525,352074,17,352245
33747,0.067791,172.31.36.0-255,66,352140,17,352245
33748,0.067935,172.31.36.0-255,105,352245,17,352245
33749,0.0,172.217.194.0-255,143,143,17,225052
33750,3.4e-05,172.31.36.0-255,66,209,17,225052
33751,4e-05,172.217.194.0-255,1484,1693,17,225052
33752,4.4e-05,172.31.36.0-255,66,1759,17,225052
33753,4.9e-05,172.217.194.0-255,2902,4661,17,225052
33754,6e-05,172.31.36.0-255,66,4727,17,225052
33755,6.4e-05,172.217.194.0-255,2902,7629,17,225052
33756,6.7e-05,172.31.36.0-255,66,7695,17,225052
33757,7.2e-05,172.217.194.0-255,4320,12015,17,225052
33758,7.4e-05,172.31.36.0-255,66,12081,17,225052
33759,0.000105,172.217.194.0-255,2075,14156,17,225052
33760,0.000108,172.31.36.0-255,66,14222,17,225052
33761,0.000113,172.217.194.0-255,2902,17124,17,225052
33762,0.000115,172.31.36.0-255,66,17190,17,225052
33763,0.000154,172.217.194.0-255,7156,24346,17,225052
33764,0.000158,172.31.36.0-255,66,24412,17,225052
33765,0.000166,172.217.194.0-255,6797,31209,17,225052
33766,0.000168,172.31.36.0-255,66,31275,17,225052
33767,0.000204,172.217.194.0-255,2902,34177,17,225052
33768,0.000207,172.31.36.0-255,66,34243,17,225052
33769,0.000245,172.217.194.0-255,2902,37145,17,225052
33770,0.000248,172.31.36.0-255,66,37211,17,225052
33771,0.000256,172.217.194.0-255,7156,44367,17,225052
33772,0.000258,172.31.36.0-255,66,44433,17,225052
33773,0.000269,172.217.194.0-255,3961,48394,17,225052
33774,0.000272,172.31.36.0-255,66,48460,17,225052
33775,0.000277,172.217.194.0-255,2902,51362,17,225052
33776,0.000279,172.31.36.0-255,66,51428,17,225052
33777,0.000308,172.217.194.0-255,1484,52912,17,225052
33778,0.000313,172.31.36.0-255,66,52978,17,225052
33779,0.000333,172.31.36.0-255,66,53044,17,225052
33780,0.000356,172.217.194.0-255,1484,54528,17,225052
33781,0.000371,172.217.194.0-255,1767,56295,17,225052
33782,0.000375,172.31.36.0-255,66,56361,17,225052
33783,0.000555,172.217.194.0-255,1484,57845,17,225052
33784,0.00057,172.217.194.0-255,2902,60747,17,225052
33785,0.000573,172.31.36.0-255,66,60813,17,225052
33786,0.00058,172.217.194.0-255,4320,65133,17,225052
33787,0.000582,172.31.36.0-255,66,65199,17,225052
33788,0.000605,172.217.194.0-255,1484,66683,17,225052
33789,0.000619,172.31.36.0-255,66,66749,17,225052
33790,0.000649,172.217.194.0-255,2902,69651,17,225052
33791,0.000653,172.31.36.0-255,66,69717,17,225052
33792,0.000665,172.31.36.0-255,66,69783,17,225052
33793,0.000675,172.217.194.0-255,2184,71967,17,225052
33794,0.000677,172.31.36.0-255,66,72033,17,225052
33795,0.001109,172.217.194.0-255,1484,73517,17,225052
33796,0.001114,172.217.194.0-255,1484,75001,17,225052
33797,0.001118,172.31.36.0-255,66,75067,17,225052
33798,0.001131,172.217.194.0-255,1484,76551,17,225052
33799,0.001142,172.217.194.0-255,5738,82289,17,225052
33800,0.001145,172.31.36.0-255,66,82355,17,225052
33801,0.001158,172.31.36.0-255,66,82421,17,225052
33802,0.001196,172.217.194.0-255,2902,85323,17,225052
33803,0.0012,172.31.36.0-255,66,85389,17,225052
33804,0.001217,172.31.36.0-255,66,85455,17,225052
33805,0.001275,172.217.194.0-255,1484,86939,17,225052
33806,0.001289,172.217.194.0-255,2902,89841,17,225052
33807,0.001292,172.31.36.0-255,66,89907,17,225052
33808,0.001296,172.217.194.0-255,1484,91391,17,225052
33809,0.001325,172.217.194.0-255,4320,95711,17,225052
33810,0.001328,172.31.36.0-255,66,95777,17,225052
33811,0.001347,172.31.36.0-255,66,95843,17,225052
33812,0.001416,172.31.36.0-255,66,95909,17,225052
33813,0.001447,172.217.194.0-255,2184,98093,17,225052
33814,0.001451,172.31.36.0-255,66,98159,17,225052
33815,0.001573,172.217.194.0-255,1484,99643,17,225052
33816,0.001577,172.217.194.0-255,1484,101127,17,225052
33817,0.001581,172.31.36.0-255,66,101193,17,225052
33818,0.001587,172.217.194.0-255,1484,102677,17,225052
33819,0.00159,172.217.194.0-255,1484,104161,17,225052
33820,0.001592,172.31.36.0-255,66,104227,17,225052
33821,0.001615,172.217.194.0-255,4320,108547,17,225052
33822,0.00163,172.31.36.0-255,66,108613,17,225052
33823,0.001641,172.31.36.0-255,66,108679,17,225052
33824,0.001678,172.217.194.0-255,1484,110163,17,225052
33825,0.001692,172.31.36.0-255,66,110229,17,225052
33826,0.00176,172.217.194.0-255,1484,111713,17,225052
33827,0.001779,172.217.194.0-255,2902,114615,17,225052
33828,0.001782,172.31.36.0-255,66,114681,17,225052
33829,0.001787,172.217.194.0-255,4320,119001,17,225052
33830,0.001789,172.31.36.0-255,66,119067,17,225052
33831,0.001808,172.217.194.0-255,1484,120551,17,225052
33832,0.001832,172.31.36.0-255,66,120617,17,225052
33833,0.001866,172.217.194.0-255,4320,124937,17,225052
33834,0.001869,172.31.36.0-255,66,125003,17,225052
33835,0.001875,172.217.194.0-255,5738,130741,17,225052
33836,0.001877,172.31.36.0-255,66,130807,17,225052
33837,0.001906,172.217.194.0-255,5020,135827,17,225052
33838,0.00191,172.31.36.0-255,66,135893,17,225052
33839,0.001999,172.217.194.0-255,1484,137377,17,225052
33840,0.002004,172.217.194.0-255,2902,140279,17,225052
33841,0.002008,172.31.36.0-255,66,140345,17,225052
33842,0.002037,172.217.194.0-255,5738,146083,17,225052
33843,0.00204,172.31.36.0-255,66,146149,17,225052
33844,0.002068,172.217.194.0-255,5738,151887,17,225052
33845,0.002071,172.31.36.0-255,66,151953,17,225052
33846,0.002084,172.31.36.0-255,66,152019,17,225052
33847,0.00209,172.217.194.0-255,5020,157039,17,225052
33848,0.002093,172.31.36.0-255,66,157105,17,225052
33849,0.002136,172.217.194.0-255,5738,162843,17,225052
33850,0.002139,172.31.36.0-255,66,162909,17,225052
33851,0.002145,172.217.194.0-255,4320,167229,17,225052
33852,0.002148,172.31.36.0-255,66,167295,17,225052
33853,0.002185,172.31.36.0-255,66,167361,17,225052
33854,0.002202,172.217.194.0-255,2902,170263,17,225052
33855,0.002204,172.31.36.0-255,66,170329,17,225052
33856,0.002241,172.31.36.0-255,66,170395,17,225052
33857,0.002244,172.217.194.0-255,1484,171879,17,225052
33858,0.002285,172.31.36.0-255,66,171945,17,225052
33859,0.002305,172.31.36.0-255,66,172011,17,225052
33860,0.002311,172.217.194.0-255,4320,176331,17,225052
33861,0.002313,172.31.36.0-255,66,176397,17,225052
33862,0.00232,172.217.194.0-255,5738,182135,17,225052
33863,0.002323,172.31.36.0-255,66,182201,17,225052
33864,0.00237,172.217.194.0-255,5738,187939,17,225052
33865,0.002373,172.31.36.0-255,66,188005,17,225052
33866,0.002402,172.217.194.0-255,5738,193743,17,225052
33867,0.002407,172.31.36.0-255,66,193809,17,225052
33868,0.002426,172.31.36.0-255,66,193875,17,225052
33869,0.002429,172.217.194.0-255,1484,195359,17,225052
33870,0.002433,172.217.194.0-255,2902,198261,17,225052
33871,0.002435,172.31.36.0-255,66,198327,17,225052
33872,0.002442,172.217.194.0-255,5738,204065,17,225052
33873,0.002444,172.31.36.0-255,66,204131,17,225052
33874,0.002451,172.217.194.0-255,7156,211287,17,225052
33875,0.002453,172.31.36.0-255,66,211353,17,225052
33876,0.002481,172.217.194.0-255,4320,215673,17,225052
33877,0.002484,172.31.36.0-255,66,215739,17,225052
33878,0.002507,172.31.36.0-255,66,215805,17,225052
33879,0.002536,172.217.194.0-255,2184,217989,17,225052
33880,0.00254,172.31.36.0-255,66,218055,17,225052
33881,0.002545,172.217.194.0-255,2317,220372,17,225052
33882,0.002547,172.31.36.0-255,66,220438,17,225052
33883,0.00255,172.217.194.0-255,105,220543,17,225052
33884,0.00906,172.31.36.0-255,66,220609,17,225052
33885,0.009091,172.31.36.0-255,105,220714,17,225052
33886,0.011665,172.217.194.0-255,66,220780,17,225052
33887,0.035033,172.31.36.0-255,172,220952,17,225052
33888,0.035063,172.31.36.0-255,1118,222070,17,225052
33889,0.035106,172.31.36.0-255,1514,223584,17,225052
33890,0.035107,172.31.36.0-255,1270,224854,17,225052
33891,0.036607,104.244.42.0-255,66,224920,17,225052
33892,0.036614,104.244.42.0-255,66,224986,17,225052
33893,0.036649,104.244.42.0-255,66,225052,17,225052
33894,0.0,74.125.200.0-255,153,153,17,370103
33895,2.3e-05,172.31.36.0-255,66,219,17,370103
33896,3e-05,74.125.200.0-255,1484,1703,17,370103
33897,3.4e-05,172.31.36.0-255,66,1769,17,370103
33898,3.7e-05,74.125.200.0-255,1484,3253,17,370103
33899,4.7e-05,172.31.36.0-255,66,3319,17,370103
33900,5.3e-05,74.125.200.0-255,2902,6221,17,370103
33901,5.6e-05,172.31.36.0-255,66,6287,17,370103
33902,6.3e-05,74.125.200.0-255,5738,12025,17,370103
33903,6.6e-05,172.31.36.0-255,66,12091,17,370103
33904,7e-05,74.125.200.0-255,2085,14176,17,370103
33905,7.2e-05,172.31.36.0-255,66,14242,17,370103
33906,0.00012,74.125.200.0-255,1484,15726,17,370103
33907,0.000124,172.31.36.0-255,66,15792,17,370103
33908,0.000128,74.125.200.0-255,2902,18694,17,370103
33909,0.000131,172.31.36.0-255,66,18760,17,370103
33910,0.000166,74.125.200.0-255,5738,24498,17,370103
33911,0.000168,172.31.36.0-255,66,24564,17,370103
33912,0.000172,74.125.200.0-255,1484,26048,17,370103
33913,0.000174,172.31.36.0-255,66,26114,17,370103
33914,0.000202,74.125.200.0-255,5379,31493,17,370103
33915,0.000205,172.31.36.0-255,66,31559,17,370103
33916,0.000335,74.125.200.0-255,1484,33043,17,370103
33917,0.00034,172.31.36.0-255,66,33109,17,370103
33918,0.000345,74.125.200.0-255,2902,36011,17,370103
33919,0.000347,172.31.36.0-255,66,36077,17,370103
33920,0.000385,74.125.200.0-255,4320,40397,17,370103
33921,0.000389,172.31.36.0-255,66,40463,17,370103
33922,0.000425,172.31.36.0-255,66,40529,17,370103
33923,0.000491,74.125.200.0-255,1484,42013,17,370103
33924,0.000494,172.31.36.0-255,66,42079,17,370103
33925,0.00052,74.125.200.0-255,1484,43563,17,370103
33926,0.000525,74.125.200.0-255,2902,46465,17,370103
33927,0.000527,172.31.36.0-255,66,46531,17,370103
33928,0.000557,74.125.200.0-255,5738,52269,17,370103
33929,0.00056,172.31.36.0-255,66,52335,17,370103
33930,0.000563,74.125.200.0-255,1484,53819,17,370103
33931,0.000568,74.125.200.0-255,2902,56721,17,370103
33932,0.00057,172.31.36.0-255,66,56787,17,370103
33933,0.000603,74.125.200.0-255,1454,58241,17,370103
33934,0.000676,74.125.200.0-255,1484,59725,17,370103
33935,0.000679,172.31.36.0-255,66,59791,17,370103
33936,0.000685,74.125.200.0-255,2902,62693,17,370103
33937,0.000688,172.31.36.0-255,66,62759,17,370103
33938,0.00071,74.125.200.0-255,2902,65661,17,370103
33939,0.000713,172.31.36.0-255,66,65727,17,370103
33940,0.000719,74.125.200.0-255,4320,70047,17,370103
33941,0.000721,172.31.36.0-255,66,70113,17,370103
33942,0.000765,74.125.200.0-255,2902,73015,17,370103
33943,0.000769,172.31.36.0-255,66,73081,17,370103
33944,0.000796,74.125.200.0-255,2543,75624,17,370103
33945,0.000799,172.31.36.0-255,66,75690,17,370103
33946,0.000964,74.125.200.0-255,1484,77174,17,370103
33947,0.000968,74.125.200.0-255,1484,78658,17,370103
33948,0.000971,172.31.36.0-255,66,78724,17,370103
33949,0.000998,74.125.200.0-255,1484,80208,17,370103
33950,0.001006,74.125.200.0-255,5738,85946,17,370103
33951,0.001009,172.31.36.0-255,66,86012,17,370103
33952,0.001013,74.125.200.0-255,2902,88914,17,370103
33953,0.001015,172.31.36.0-255,66,88980,17,370103
33954,0.00108,74.125.200.0-255,4243,93223,17,370103
33955,0.001083,172.31.36.0-255,66,93289,17,370103
33956,0.001245,74.125.200.0-255,1484,94773,17,370103
33957,0.001269,74.125.200.0-255,1484,96257,17,370103
33958,0.001272,172.31.36.0-255,66,96323,17,370103
33959,0.001304,74.125.200.0-255,2902,99225,17,370103
33960,0.001307,172.31.36.0-255,66,99291,17,370103
33961,0.001314,74.125.200.0-255,5738,105029,17,370103
33962,0.001316,172.31.36.0-255,66,105095,17,370103
33963,0.001353,74.125.200.0-255,1484,106579,17,370103
33964,0.001381,74.125.200.0-255,7156,113735,17,370103
33965,0.001383,172.31.36.0-255,66,113801,17,370103
33966,0.001394,172.31.36.0-255,66,113867,17,370103
33967,0.001403,74.125.200.0-255,3602,117469,17,370103
33968,0.001406,172.31.36.0-255,66,117535,17,370103
33969,0.001539,74.125.200.0-255,1484,119019,17,370103
33970,0.001545,74.125.200.0-255,2902,121921,17,370103
33971,0.001548,172.31.36.0-255,66,121987,17,370103
33972,0.001552,74.125.200.0-255,1484,123471,17,370103
33973,0.001577,74.125.200.0-255,4320,127791,17,370103
33974,0.00158,172.31.36.0-255,66,127857,17,370103
33975,0.001583,74.125.200.0-255,1484,129341,17,370103
33976,0.001585,74.125.200.0-255,1484,130825,17,370103
33977,0.001587,172.31.36.0-255,66,130891,17,370103
33978,0.001609,74.125.200.0-255,1484,132375,17,370103
33979,0.001613,74.125.200.0-255,1484,133859,17,370103
33980,0.001619,172.31.36.0-255,66,133925,17,370103
33981,0.001652,74.125.200.0-255,4320,138245,17,370103
33982,0.001654,172.31.36.0-255,66,138311,17,370103
33983,0.001657,74.125.200.0-255,1484,139795,17,370103
33984,0.001683,74.125.200.0-255,2902,142697,17,370103
33985,0.001685,172.31.36.0-255,66,142763,17,370103
33986,0.001688,74.125.200.0-255,1484,144247,17,370103
33987,0.001692,74.125.200.0-255,2902,147149,17,370103
33988,0.001694,172.31.36.0-255,66,147215,17,370103
33989,0.001723,74.125.200.0-255,1484,148699,17,370103
33990,0.001739,74.125.200.0-255,3602,152301,17,370103
33991,0.001742,172.31.36.0-255,66,152367,17,370103
33992,0.001942,74.125.200.0-255,1484,153851,17,370103
33993,0.001957,74.125.200.0-255,2902,156753,17,370103
33994,0.00196,172.31.36.0-255,66,156819,17,370103
33995,0.001992,74.125.200.0-255,5738,162557,17,370103
33996,0.001995,172.31.36.0-255,66,162623,17,370103
33997,0.002021,74.125.200.0-255,7156,169779,17,370103
33998,0.002024,172.31.36.0-255,66,169845,17,370103
33999,0.002062,74.125.200.0-255,5738,175583,17,370103
34000,0.002064,172.31.36.0-255,66,175649,17,370103
34001,0.002082,74.125.200.0-255,5738,181387,17,370103
34002,0.002084,172.31.36.0-255,66,181453,17,370103
34003,0.004122,74.125.200.0-255,5738,187191,17,370103
34004,0.00413,172.31.36.0-255,66,187257,17,370103
34005,0.006171,74.125.200.0-255,4320,191577,17,370103
34006,0.006174,172.31.36.0-255,66,191643,17,370103
34007,0.006199,74.125.200.0-255,1484,193127,17,370103
34008,0.008217,74.125.200.0-255,4320,197447,17,370103
34009,0.008223,172.31.36.0-255,66,197513,17,370103
34010,0.010269,74.125.200.0-255,5738,203251,17,370103
34011,0.010277,172.31.36.0-255,66,203317,17,370103
34012,0.012364,74.125.200.0-255,5738,209055,17,370103
34013,0.012372,172.31.36.0-255,66,209121,17,370103
34014,0.014421,74.125.200.0-255,5738,214859,17,370103
34015,0.01443,172.31.36.0-255,66,214925,17,370103
34016,0.016476,74.125.200.0-255,5738,220663,17,370103
34017,0.016485,172.31.36.0-255,66,220729,17,370103
34018,0.018535,74.125.200.0-255,5738,226467,17,370103
34019,0.018543,172.31.36.0-255,66,226533,17,370103
34020,0.020588,74.125.200.0-255,5738,232271,17,370103
34021,0.020595,172.31.36.0-255,66,232337,17,370103
34022,0.022658,74.125.200.0-255,5738,238075,17,370103
34023,0.022666,172.31.36.0-255,66,238141,17,370103
34024,0.02472,74.125.200.0-255,5738,243879,17,370103
34025,0.02473,172.31.36.0-255,66,243945,17,370103
34026,0.026773,74.125.200.0-255,5738,249683,17,370103
34027,0.026782,172.31.36.0-255,66,249749,17,370103
34028,0.028832,74.125.200.0-255,5738,255487,17,370103
34029,0.028839,172.31.36.0-255,66,255553,17,370103
34030,0.029928,172.31.36.0-255,172,255725,17,370103
34031,0.029961,172.31.36.0-255,1115,256840,17,370103
34032,0.030027,172.31.36.0-255,1514,258354,17,370103
34033,0.030029,172.31.36.0-255,1275,259629,17,370103
34034,0.030888,74.125.200.0-255,5738,265367,17,370103
34035,0.030896,172.31.36.0-255,66,265433,17,370103
34036,0.031407,104.244.42.0-255,66,265499,17,370103
34037,0.03153,104.244.42.0-255,66,265565,17,370103
34038,0.031535,104.244.42.0-255,66,265631,17,370103
34039,0.032963,74.125.200.0-255,5738,271369,17,370103
34040,0.032969,172.31.36.0-255,66,271435,17,370103
34041,0.03502,74.125.200.0-255,5738,277173,17,370103
34042,0.035026,172.31.36.0-255,66,277239,17,370103
34043,0.037136,74.125.200.0-255,5738,282977,17,370103
34044,0.037142,172.31.36.0-255,66,283043,17,370103
34045,0.039203,74.125.200.0-255,5738,288781,17,370103
34046,0.03921,172.31.36.0-255,66,288847,17,370103
34047,0.041282,74.125.200.0-255,5738,294585,17,370103
34048,0.041288,172.31.36.0-255,66,294651,17,370103
34049,0.043334,74.125.200.0-255,5738,300389,17,370103
34050,0.043343,172.31.36.0-255,66,300455,17,370103
34051,0.04539,74.125.200.0-255,5738,306193,17,370103
34052,0.045396,172.31.36.0-255,66,306259,17,370103
34053,0.047456,74.125.200.0-255,5738,311997,17,370103
34054,0.047462,172.31.36.0-255,66,312063,17,370103
34055,0.049547,74.125.200.0-255,5738,317801,17,370103
34056,0.049554,172.31.36.0-255,66,317867,17,370103
34057,0.051605,74.125.200.0-255,5738,323605,17,370103
34058,0.051612,172.31.36.0-255,66,323671,17,370103
34059,0.053668,74.125.200.0-255,5738,329409,17,370103
34060,0.053675,172.31.36.0-255,66,329475,17,370103
34061,0.055747,74.125.200.0-255,5738,335213,17,370103
34062,0.055754,172.31.36.0-255,66,335279,17,370103
34063,0.057802,74.125.200.0-255,5738,341017,17,370103
34064,0.057808,172.31.36.0-255,66,341083,17,370103
34065,0.059876,74.125.200.0-255,5738,346821,17,370103
34066,0.059882,172.31.36.0-255,66,346887,17,370103
34067,0.061945,74.125.200.0-255,5738,352625,17,370103
34068,0.061951,172.31.36.0-255,66,352691,17,370103
34069,0.064019,74.125.200.0-255,5738,358429,17,370103
34070,0.064026,172.31.36.0-255,66,358495,17,370103
34071,0.066097,74.125.200.0-255,5738,364233,17,370103
34072,0.066103,172.31.36.0-255,66,364299,17,370103
34073,0.068207,74.125.200.0-255,5738,370037,17,370103
34074,0.068213,172.31.36.0-255,66,370103,17,370103
34075,0.0,74.125.24.0-255,146,146,17,319578
34076,1.8e-05,172.31.36.0-255,66,212,17,319578
34077,2.6e-05,74.125.24.0-255,1484,1696,17,319578
34078,3e-05,172.31.36.0-255,66,1762,17,319578
34079,3.7e-05,74.125.24.0-255,2902,4664,17,319578
34080,4e-05,172.31.36.0-255,66,4730,17,319578
34081,7.2e-05,74.125.24.0-255,5738,10468,17,319578
34082,7.5e-05,172.31.36.0-255,66,10534,17,319578
34083,8e-05,74.125.24.0-255,3459,13993,17,319578
34084,8.2e-05,172.31.36.0-255,66,14059,17,319578
34085,8.8e-05,74.125.24.0-255,4320,18379,17,319578
34086,9.1e-05,172.31.36.0-255,66,18445,17,319578
34087,0.00012,74.125.24.0-255,1484,19929,17,319578
34088,0.000122,172.31.36.0-255,66,19995,17,319578
34089,0.000145,74.125.24.0-255,7156,27151,17,319578
34090,0.000148,172.31.36.0-255,66,27217,17,319578
34091,0.000163,74.125.24.0-255,1484,28701,17,319578
34092,0.000165,172.31.36.0-255,66,28767,17,319578
34093,0.000184,74.125.24.0-255,2543,31310,17,319578
34094,0.000186,172.31.36.0-255,66,31376,17,319578
34095,0.000288,74.125.24.0-255,1484,32860,17,319578
34096,0.000293,172.31.36.0-255,66,32926,17,319578
34097,0.000315,74.125.24.0-255,2902,35828,17,319578
34098,0.000319,172.31.36.0-255,66,35894,17,319578
34099,0.000324,74.125.24.0-255,4320,40214,17,319578
34100,0.000327,172.31.36.0-255,66,40280,17,319578
34101,0.00034,74.125.24.0-255,1484,41764,17,319578
34102,0.000342,172.31.36.0-255,66,41830,17,319578
34103,0.000346,74.125.24.0-255,1484,43314,17,319578
34104,0.000348,172.31.36.0-255,66,43380,17,319578
34105,0.000387,172.31.36.0-255,66,43446,17,319578
34106,0.00039,74.125.24.0-255,1484,44930,17,319578
34107,0.000416,172.31.36.0-255,66,44996,17,319578
34108,0.000419,74.125.24.0-255,1402,46398,17,319578
34109,0.000422,74.125.24.0-255,128,46526,17,319578
34110,0.000611,74.125.24.0-255,349,46875,17,319578
34111,0.000616,172.31.36.0-255,66,46941,17,319578
34112,0.000994,74.125.24.0-255,1484,48425,17,319578
34113,0.001,74.125.24.0-255,2902,51327,17,319578
34114,0.001003,172.31.36.0-255,66,51393,17,319578
34115,0.00101,74.125.24.0-255,5738,57131,17,319578
34116,0.001012,172.31.36.0-255,66,57197,17,319578
34117,0.001028,74.125.24.0-255,1484,58681,17,319578
34118,0.001054,172.31.36.0-255,66,58747,17,319578
34119,0.001062,74.125.24.0-255,7156,65903,17,319578
34120,0.001064,172.31.36.0-255,66,65969,17,319578
34121,0.001118,74.125.24.0-255,3602,69571,17,319578
34122,0.001122,172.31.36.0-255,66,69637,17,319578
34123,0.001332,74.125.24.0-255,1484,71121,17,319578
34124,0.00134,74.125.24.0-255,2902,74023,17,319578
34125,0.001343,172.31.36.0-255,66,74089,17,319578
34126,0.001364,74.125.24.0-255,4320,78409,17,319578
34127,0.001367,172.31.36.0-255,66,78475,17,319578
34128,0.00138,74.125.24.0-255,1484,79959,17,319578
34129,0.001385,74.125.24.0-255,2902,82861,17,319578
34130,0.001387,172.31.36.0-255,66,82927,17,319578
34131,0.001429,74.125.24.0-255,4320,87247,17,319578
34132,0.001432,172.31.36.0-255,66,87313,17,319578
34133,0.001458,74.125.24.0-255,2902,90215,17,319578
34134,0.001461,172.31.36.0-255,66,90281,17,319578
34135,0.001475,172.31.36.0-255,66,90347,17,319578
34136,0.001493,74.125.24.0-255,1484,91831,17,319578
34137,0.001515,74.125.24.0-255,2902,94733,17,319578
34138,0.001519,172.31.36.0-255,66,94799,17,319578
34139,0.001525,74.125.24.0-255,5738,100537,17,319578
34140,0.001528,172.31.36.0-255,66,100603,17,319578
34141,0.001531,74.125.24.0-255,1484,102087,17,319578
34142,0.001546,74.125.24.0-255,2902,104989,17,319578
34143,0.001548,172.31.36.0-255,66,105055,17,319578
34144,0.001552,74.125.24.0-255,1484,106539,17,319578
34145,0.001595,172.31.36.0-255,66,106605,17,319578
34146,0.001602,74.125.24.0-255,5738,112343,17,319578
34147,0.001604,172.31.36.0-255,66,112409,17,319578
34148,0.001618,74.125.24.0-255,2184,114593,17,319578
34149,0.00162,172.31.36.0-255,66,114659,17,319578
34150,0.001642,74.125.24.0-255,1484,116143,17,319578
34151,0.001646,74.125.24.0-255,2902,119045,17,319578
34152,0.001649,172.31.36.0-255,66,119111,17,319578
34153,0.001651,74.125.24.0-255,1484,120595,17,319578
34154,0.001671,74.125.24.0-255,4320,124915,17,319578
34155,0.001673,172.31.36.0-255,66,124981,17,319578
34156,0.001678,74.125.24.0-255,2902,127883,17,319578
34157,0.001681,172.31.36.0-255,66,127949,17,319578
34158,0.001704,172.31.36.0-255,66,128015,17,319578
34159,0.001718,172.31.36.0-255,66,128081,17,319578
34160,0.001732,74.125.24.0-255,2184,130265,17,319578
34161,0.001734,172.31.36.0-255,66,130331,17,319578
34162,0.001853,74.125.24.0-255,1484,131815,17,319578
34163,0.001858,74.125.24.0-255,1484,133299,17,319578
34164,0.001862,172.31.36.0-255,66,133365,17,319578
34165,0.001892,74.125.24.0-255,1484,134849,17,319578
34166,0.001898,74.125.24.0-255,5738,140587,17,319578
34167,0.001901,172.31.36.0-255,66,140653,17,319578
34168,0.001906,74.125.24.0-255,4320,144973,17,319578
34169,0.001909,172.31.36.0-255,66,145039,17,319578
34170,0.001914,74.125.24.0-255,4320,149359,17,319578
34171,0.001916,172.31.36.0-255,66,149425,17,319578
34172,0.001942,74.125.24.0-255,7156,156581,17,319578
34173,0.001945,172.31.36.0-255,66,156647,17,319578
34174,0.00195,74.125.24.0-255,4320,160967,17,319578
34175,0.001952,172.31.36.0-255,66,161033,17,319578
34176,0.001987,172.31.36.0-255,66,161099,17,319578
34177,0.002006,172.31.36.0-255,66,161165,17,319578
34178,0.002029,74.125.24.0-255,4320,165485,17,319578
34179,0.002031,172.31.36.0-255,66,165551,17,319578
34180,0.002044,172.31.36.0-255,66,165617,17,319578
34181,0.004064,74.125.24.0-255,5738,171355,17,319578
34182,0.004072,172.31.36.0-255,66,171421,17,319578
34183,0.00606,74.125.24.0-255,5738,177159,17,319578
34184,0.006065,172.31.36.0-255,66,177225,17,319578
34185,0.008068,74.125.24.0-255,4320,181545,17,319578
34186,0.008074,172.31.36.0-255,66,181611,17,319578
34187,0.008097,74.125.24.0-255,1484,183095,17,319578
34188,0.010072,74.125.24.0-255,4320,187415,17,319578
34189,0.010078,172.31.36.0-255,66,187481,17,319578
34190,0.012102,74.125.24.0-255,5738,193219,17,319578
34191,0.01211,172.31.36.0-255,66,193285,17,319578
34192,0.014234,74.125.24.0-255,5738,199023,17,319578
34193,0.014245,172.31.36.0-255,66,199089,17,319578
34194,0.016254,74.125.24.0-255,5738,204827,17,319578
34195,0.016263,172.31.36.0-255,66,204893,17,319578
34196,0.018304,74.125.24.0-255,5738,210631,17,319578
34197,0.018312,172.31.36.0-255,66,210697,17,319578
34198,0.020331,74.125.24.0-255,5738,216435,17,319578
34199,0.020339,172.31.36.0-255,66,216501,17,319578
34200,0.022374,74.125.24.0-255,5738,222239,17,319578
34201,0.022383,172.31.36.0-255,66,222305,17,319578
34202,0.024389,74.125.24.0-255,4320,226625,17,319578
34203,0.024396,172.31.36.0-255,66,226691,17,319578
34204,0.024416,74.125.24.0-255,1484,228175,17,319578
34205,0.026378,74.125.24.0-255,4320,232495,17,319578
34206,0.026385,172.31.36.0-255,66,232561,17,319578
34207,0.02841,74.125.24.0-255,5738,238299,17,319578
34208,0.028419,172.31.36.0-255,66,238365,17,319578
34209,0.030474,74.125.24.0-255,5738,244103,17,319578
34210,0.030489,172.31.36.0-255,66,244169,17,319578
34211,0.031783,172.31.36.0-255,172,244341,17,319578
34212,0.031823,172.31.36.0-255,1116,245457,17,319578
34213,0.031882,172.31.36.0-255,1514,246971,17,319578
34214,0.031884,172.31.36.0-255,1272,248243,17,319578
34215,0.032512,74.125.24.0-255,4320,252563,17,319578
34216,0.032523,172.31.36.0-255,66,252629,17,319578
34217,0.032545,74.125.24.0-255,1484,254113,17,319578
34218,0.033309,104.244.42.0-255,66,254179,17,319578
34219,0.033368,104.244.42.0-255,66,254245,17,319578
34220,0.033456,104.244.42.0-255,66,254311,17,319578
34221,0.034538,74.125.24.0-255,4320,258631,17,319578
34222,0.034547,172.31.36.0-255,66,258697,17,319578
34223,0.036597,74.125.24.0-255,5738,264435,17,319578
34224,0.036605,172.31.36.0-255,66,264501,17,319578
34225,0.038641,74.125.24.0-255,5738,270239,17,319578
34226,0.038652,172.31.36.0-255,66,270305,17,319578
34227,0.040691,74.125.24.0-255,5738,276043,17,319578
34228,0.040705,172.31.36.0-255,66,276109,17,319578
34229,0.042739,74.125.24.0-255,5738,281847,17,319578
34230,0.042752,172.31.36.0-255,66,281913,17,319578
34231,0.044799,74.125.24.0-255,5738,287651,17,319578
34232,0.044807,172.31.36.0-255,66,287717,17,319578
34233,0.046813,74.125.24.0-255,4320,292037,17,319578
34234,0.046819,172.31.36.0-255,66,292103,17,319578
34235,0.046843,74.125.24.0-255,1484,293587,17,319578
34236,0.048845,74.125.24.0-255,4320,297907,17,319578
34237,0.048852,172.31.36.0-255,66,297973,17,319578
34238,0.050853,74.125.24.0-255,4320,302293,17,319578
34239,0.050859,172.31.36.0-255,66,302359,17,319578
34240,0.050879,74.125.24.0-255,1484,303843,17,319578
34241,0.052856,74.125.24.0-255,4320,308163,17,319578
34242,0.052863,172.31.36.0-255,66,308229,17,319578
34243,0.054852,74.125.24.0-255,4320,312549,17,319578
34244,0.05486,172.31.36.0-255,66,312615,17,319578
34245,0.054879,74.125.24.0-255,1484,314099,17,319578
34246,0.056875,74.125.24.0-255,4320,318419,17,319578
34247,0.056881,172.31.36.0-255,66,318485,17,319578
34248,0.058901,74.125.24.0-255,856,319341,17,319578
34249,0.059023,172.31.36.0-255,66,319407,17,319578
34250,0.059062,172.31.36.0-255,105,319512,17,319578
34251,0.061031,74.125.24.0-255,66,319578,17,319578
34252,0.0,172.217.194.0-255,153,153,17,230510
34253,2.2e-05,172.31.36.0-255,66,219,17,230510
34254,2.9e-05,172.217.194.0-255,1484,1703,17,230510
34255,3.4e-05,172.31.36.0-255,66,1769,17,230510
34256,3.8e-05,172.217.194.0-255,2902,4671,17,230510
34257,4.2e-05,172.31.36.0-255,66,4737,17,230510
34258,4.7e-05,172.217.194.0-255,5738,10475,17,230510
34259,5e-05,172.31.36.0-255,66,10541,17,230510
34260,5.5e-05,172.217.194.0-255,3472,14013,17,230510
34261,5.7e-05,172.31.36.0-255,66,14079,17,230510
34262,0.000133,172.217.194.0-255,1484,15563,17,230510
34263,0.000137,172.31.36.0-255,66,15629,17,230510
34264,0.000141,172.217.194.0-255,2902,18531,17,230510
34265,0.000143,172.31.36.0-255,66,18597,17,230510
34266,0.000158,172.217.194.0-255,5738,24335,17,230510
34267,0.00016,172.31.36.0-255,66,24401,17,230510
34268,0.000181,172.217.194.0-255,1484,25885,17,230510
34269,0.000183,172.31.36.0-255,66,25951,17,230510
34270,0.000211,172.31.36.0-255,66,26017,17,230510
34271,0.000216,172.217.194.0-255,4320,30337,17,230510
34272,0.000218,172.31.36.0-255,66,30403,17,230510
34273,0.00024,172.31.36.0-255,66,30469,17,230510
34274,0.000265,172.217.194.0-255,2902,33371,17,230510
34275,0.000268,172.31.36.0-255,66,33437,17,230510
34276,0.000274,172.217.194.0-255,6717,40154,17,230510
34277,0.000276,172.31.36.0-255,66,40220,17,230510
34278,0.000296,172.217.194.0-255,119,40339,17,230510
34279,0.000298,172.31.36.0-255,66,40405,17,230510
34280,0.000377,172.217.194.0-255,1484,41889,17,230510
34281,0.000381,172.31.36.0-255,66,41955,17,230510
34282,0.000386,172.217.194.0-255,2902,44857,17,230510
34283,0.000389,172.31.36.0-255,66,44923,17,230510
34284,0.000393,172.217.194.0-255,2902,47825,17,230510
34285,0.000396,172.31.36.0-255,66,47891,17,230510
34286,0.000414,172.217.194.0-255,2902,50793,17,230510
34287,0.000416,172.31.36.0-255,66,50859,17,230510
34288,0.000428,172.31.36.0-255,66,50925,17,230510
34289,0.000455,172.217.194.0-255,2902,53827,17,230510
34290,0.000457,172.31.36.0-255,66,53893,17,230510
34291,0.00047,172.31.36.0-255,66,53959,17,230510
34292,0.000473,172.217.194.0-255,378,54337,17,230510
34293,0.000592,172.217.194.0-255,1484,55821,17,230510
34294,0.000598,172.31.36.0-255,66,55887,17,230510
34295,0.000603,172.217.194.0-255,2902,58789,17,230510
34296,0.000606,172.31.36.0-255,66,58855,17,230510
34297,0.000637,172.217.194.0-255,5738,64593,17,230510
34298,0.00064,172.31.36.0-255,66,64659,17,230510
34299,0.000646,172.217.194.0-255,4320,68979,17,230510
34300,0.000648,172.31.36.0-255,66,69045,17,230510
34301,0.000672,172.217.194.0-255,2902,71947,17,230510
34302,0.000675,172.31.36.0-255,66,72013,17,230510
34303,0.000698,172.217.194.0-255,7156,79169,17,230510
34304,0.000704,172.31.36.0-255,66,79235,17,230510
34305,0.000719,172.217.194.0-255,1484,80719,17,230510
34306,0.000736,172.217.194.0-255,4320,85039,17,230510
34307,0.000757,172.217.194.0-255,3602,88641,17,230510
34308,0.00076,172.217.194.0-255,1484,90125,17,230510
34309,0.000765,172.217.194.0-255,2902,93027,17,230510
34310,0.00077,172.217.194.0-255,2902,95929,17,230510
34311,0.000775,172.31.36.0-255,66,95995,17,230510
34312,0.000789,172.217.194.0-255,2902,98897,17,230510
34313,0.000794,172.217.194.0-255,2902,101799,17,230510
34314,0.000806,172.31.36.0-255,66,101865,17,230510
34315,0.000845,172.217.194.0-255,2184,104049,17,230510
34316,0.000849,172.217.194.0-255,2902,106951,17,230510
34317,0.000893,172.217.194.0-255,4320,111271,17,230510
34318,0.000907,172.217.194.0-255,2902,114173,17,230510
34319,0.000921,172.31.36.0-255,66,114239,17,230510
34320,0.000927,172.31.36.0-255,66,114305,17,230510
34321,0.000937,172.217.194.0-255,2902,117207,17,230510
34322,0.000983,172.31.36.0-255,66,117273,17,230510
34323,0.001007,172.217.194.0-255,5738,123011,17,230510
34324,0.00103,172.31.36.0-255,66,123077,17,230510
34325,0.001042,172.217.194.0-255,2902,125979,17,230510
34326,0.001057,172.31.36.0-255,66,126045,17,230510
34327,0.00109,172.217.194.0-255,7156,133201,17,230510
34328,0.001117,172.217.194.0-255,766,133967,17,230510
34329,0.001132,172.31.36.0-255,66,134033,17,230510
34330,0.001166,172.217.194.0-255,1484,135517,17,230510
34331,0.001184,172.217.194.0-255,2902,138419,17,230510
34332,0.001197,172.217.194.0-255,5738,144157,17,230510
34333,0.001217,172.31.36.0-255,66,144223,17,230510
34334,0.001233,172.217.194.0-255,5738,149961,17,230510
34335,0.001248,172.217.194.0-255,7156,157117,17,230510
34336,0.001259,172.31.36.0-255,66,157183,17,230510
34337,0.001291,172.31.36.0-255,66,157249,17,230510
34338,0.001308,172.217.194.0-255,2902,160151,17,230510
34339,0.001326,172.217.194.0-255,4320,164471,17,230510
34340,0.001333,172.31.36.0-255,66,164537,17,230510
34341,0.001352,172.217.194.0-255,4320,168857,17,230510
34342,0.001367,172.217.194.0-255,4320,173177,17,230510
34343,0.00137,172.217.194.0-255,1484,174661,17,230510
34344,0.001378,172.31.36.0-255,66,174727,17,230510
34345,0.00142,172.217.194.0-255,6438,181165,17,230510
34346,0.001424,172.31.36.0-255,66,181231,17,230510
34347,0.001429,172.31.36.0-255,66,181297,17,230510
34348,0.001438,172.217.194.0-255,1484,182781,17,230510
34349,0.001459,172.217.194.0-255,2902,185683,17,230510
34350,0.001466,172.217.194.0-255,5738,191421,17,230510
34351,0.001474,172.31.36.0-255,66,191487,17,230510
34352,0.001504,172.217.194.0-255,7156,198643,17,230510
34353,0.00155,172.217.194.0-255,1484,200127,17,230510
34354,0.001552,172.31.36.0-255,66,200193,17,230510
34355,0.001565,172.217.194.0-255,7156,207349,17,230510
34356,0.00157,172.31.36.0-255,66,207415,17,230510
34357,0.001594,172.217.194.0-255,7156,214571,17,230510
34358,0.001614,172.31.36.0-255,66,214637,17,230510
34359,0.001629,172.217.194.0-255,7156,221793,17,230510
34360,0.001635,172.31.36.0-255,66,221859,17,230510
34361,0.001644,172.217.194.0-255,4033,225892,17,230510
34362,0.001647,172.217.194.0-255,105,225997,17,230510
34363,0.001666,172.31.36.0-255,66,226063,17,230510
34364,0.009699,172.31.36.0-255,105,226168,17,230510
34365,0.011919,172.217.194.0-255,66,226234,17,230510
34366,0.03019,172.31.36.0-255,176,226410,17,230510
34367,0.030222,172.31.36.0-255,1118,227528,17,230510
34368,0.030281,172.31.36.0-255,1514,229042,17,230510
34369,0.030283,172.31.36.0-255,1270,230312,17,230510
34370,0.03175,104.244.42.0-255,66,230378,17,230510
34371,0.031761,104.244.42.0-255,66,230444,17,230510
34372,0.03183,104.244.42.0-255,66,230510,17,230510
34373,0.0,74.125.200.0-255,152,152,17,308380
34374,3.3e-05,172.31.36.0-255,66,218,17,308380
34375,4e-05,74.125.200.0-255,1484,1702,17,308380
34376,4.4e-05,172.31.36.0-255,66,1768,17,308380
34377,4.9e-05,74.125.200.0-255,2902,4670,17,308380
34378,5.2e-05,172.31.36.0-255,66,4736,17,308380
34379,5.6e-05,74.125.200.0-255,2902,7638,17,308380
34380,5.9e-05,172.31.36.0-255,66,7704,17,308380
34381,8.3e-05,74.125.200.0-255,4320,12024,17,308380
34382,8.6e-05,74.125.200.0-255,2046,14070,17,308380
34383,8.9e-05,172.31.36.0-255,66,14136,17,308380
34384,9.4e-05,172.31.36.0-255,66,14202,17,308380
34385,0.000138,74.125.200.0-255,1484,15686,17,308380
34386,0.000141,172.31.36.0-255,66,15752,17,308380
34387,0.000146,74.125.200.0-255,2902,18654,17,308380
34388,0.000148,172.31.36.0-255,66,18720,17,308380
34389,0.000163,74.125.200.0-255,4320,23040,17,308380
34390,0.000166,172.31.36.0-255,66,23106,17,308380
34391,0.000193,74.125.200.0-255,5738,28844,17,308380
34392,0.000196,172.31.36.0-255,66,28910,17,308380
34393,0.000213,74.125.200.0-255,1484,30394,17,308380
34394,0.000215,172.31.36.0-255,66,30460,17,308380
34395,0.000241,74.125.200.0-255,3961,34421,17,308380
34396,0.000244,172.31.36.0-255,66,34487,17,308380
34397,0.00025,74.125.200.0-255,5738,40225,17,308380
34398,0.000252,172.31.36.0-255,66,40291,17,308380
34399,0.000273,74.125.200.0-255,5738,46029,17,308380
34400,0.000277,172.31.36.0-255,66,46095,17,308380
34401,0.000297,74.125.200.0-255,2543,48638,17,308380
34402,0.000301,172.31.36.0-255,66,48704,17,308380
34403,0.000319,74.125.200.0-255,1484,50188,17,308380
34404,0.000322,172.31.36.0-255,66,50254,17,308380
34405,0.000342,74.125.200.0-255,5738,55992,17,308380
34406,0.000345,172.31.36.0-255,66,56058,17,308380
34407,0.000356,172.31.36.0-255,66,56124,17,308380
34408,0.000358,74.125.200.0-255,1125,57249,17,308380
34409,0.000402,74.125.200.0-255,396,57645,17,308380
34410,0.000485,74.125.200.0-255,114,57759,17,308380
34411,0.000489,172.31.36.0-255,66,57825,17,308380
34412,0.000598,74.125.200.0-255,1484,59309,17,308380
34413,0.000618,74.125.200.0-255,2902,62211,17,308380
34414,0.000622,172.31.36.0-255,66,62277,17,308380
34415,0.000626,74.125.200.0-255,1484,63761,17,308380
34416,0.000642,74.125.200.0-255,2902,66663,17,308380
34417,0.000645,172.31.36.0-255,66,66729,17,308380
34418,0.000668,74.125.200.0-255,5738,72467,17,308380
34419,0.000671,172.31.36.0-255,66,72533,17,308380
34420,0.000677,74.125.200.0-255,3961,76494,17,308380
34421,0.000678,172.31.36.0-255,66,76560,17,308380
34422,0.000683,74.125.200.0-255,4320,80880,17,308380
34423,0.000685,172.31.36.0-255,66,80946,17,308380
34424,0.000712,74.125.200.0-255,5738,86684,17,308380
34425,0.000715,172.31.36.0-255,66,86750,17,308380
34426,0.000735,74.125.200.0-255,4320,91070,17,308380
34427,0.000737,172.31.36.0-255,66,91136,17,308380
34428,0.00074,74.125.200.0-255,1125,92261,17,308380
34429,0.000764,74.125.200.0-255,331,92592,17,308380
34430,0.000918,74.125.200.0-255,1484,94076,17,308380
34431,0.000922,172.31.36.0-255,66,94142,17,308380
34432,0.000927,74.125.200.0-255,2902,97044,17,308380
34433,0.000929,172.31.36.0-255,66,97110,17,308380
34434,0.000952,74.125.200.0-255,2902,100012,17,308380
34435,0.000956,172.31.36.0-255,66,100078,17,308380
34436,0.000976,74.125.200.0-255,2902,102980,17,308380
34437,0.000978,172.31.36.0-255,66,103046,17,308380
34438,0.000983,74.125.200.0-255,2902,105948,17,308380
34439,0.000985,172.31.36.0-255,66,106014,17,308380
34440,0.001013,172.31.36.0-255,66,106080,17,308380
34441,0.001026,172.31.36.0-255,66,106146,17,308380
34442,0.001357,74.125.200.0-255,1484,107630,17,308380
34443,0.001362,74.125.200.0-255,2902,110532,17,308380
34444,0.001365,172.31.36.0-255,66,110598,17,308380
34445,0.001379,74.125.200.0-255,2902,113500,17,308380
34446,0.001383,172.31.36.0-255,66,113566,17,308380
34447,0.001392,74.125.200.0-255,1484,115050,17,308380
34448,0.001423,74.125.200.0-255,5738,120788,17,308380
34449,0.001426,172.31.36.0-255,66,120854,17,308380
34450,0.001432,74.125.200.0-255,4320,125174,17,308380
34451,0.001434,172.31.36.0-255,66,125240,17,308380
34452,0.001451,74.125.200.0-255,2902,128142,17,308380
34453,0.001454,172.31.36.0-255,66,128208,17,308380
34454,0.001465,172.31.36.0-255,66,128274,17,308380
34455,0.001481,74.125.200.0-255,1484,129758,17,308380
34456,0.001494,74.125.200.0-255,2184,131942,17,308380
34457,0.001497,172.31.36.0-255,66,132008,17,308380
34458,0.001548,74.125.200.0-255,1484,133492,17,308380
34459,0.001564,74.125.200.0-255,2902,136394,17,308380
34460,0.001567,172.31.36.0-255,66,136460,17,308380
34461,0.001571,74.125.200.0-255,1484,137944,17,308380
34462,0.001605,74.125.200.0-255,2902,140846,17,308380
34463,0.001609,74.125.200.0-255,2902,143748,17,308380
34464,0.001609,172.31.36.0-255,66,143814,17,308380
34465,0.001613,172.31.36.0-255,66,143880,17,308380
34466,0.001631,74.125.200.0-255,2902,146782,17,308380
34467,0.001634,172.31.36.0-255,66,146848,17,308380
34468,0.001638,74.125.200.0-255,2902,149750,17,308380
34469,0.00164,172.31.36.0-255,66,149816,17,308380
34470,0.001668,74.125.200.0-255,5738,155554,17,308380
34471,0.001673,172.31.36.0-255,66,155620,17,308380
34472,0.001678,172.31.36.0-255,66,155686,17,308380
34473,0.001681,74.125.200.0-255,766,156452,17,308380
34474,0.00171,74.125.200.0-255,1484,157936,17,308380
34475,0.001713,172.31.36.0-255,66,158002,17,308380
34476,0.001739,74.125.200.0-255,4320,162322,17,308380
34477,0.001742,74.125.200.0-255,1484,163806,17,308380
34478,0.001744,172.31.36.0-255,66,163872,17,308380
34479,0.001762,74.125.200.0-255,7156,171028,17,308380
34480,0.001765,172.31.36.0-255,66,171094,17,308380
34481,0.001807,172.31.36.0-255,66,171160,17,308380
34482,0.001838,74.125.200.0-255,3602,174762,17,308380
34483,0.001842,172.31.36.0-255,66,174828,17,308380
34484,0.001907,74.125.200.0-255,1484,176312,17,308380
34485,0.001919,74.125.200.0-255,2902,179214,17,308380
34486,0.001922,172.31.36.0-255,66,179280,17,308380
34487,0.001939,74.125.200.0-255,4320,183600,17,308380
34488,0.001941,172.31.36.0-255,66,183666,17,308380
34489,0.00195,74.125.200.0-255,4320,187986,17,308380
34490,0.001953,172.31.36.0-255,66,188052,17,308380
34491,0.001968,74.125.200.0-255,1484,189536,17,308380
34492,0.001971,74.125.200.0-255,1484,191020,17,308380
34493,0.001974,172.31.36.0-255,66,191086,17,308380
34494,0.002015,172.31.36.0-255,66,191152,17,308380
34495,0.00202,74.125.200.0-255,5738,196890,17,308380
34496,0.002022,172.31.36.0-255,66,196956,17,308380
34497,0.002041,74.125.200.0-255,2184,199140,17,308380
34498,0.002044,172.31.36.0-255,66,199206,17,308380
34499,0.002107,74.125.200.0-255,1484,200690,17,308380
34500,0.00212,74.125.200.0-255,2902,203592,17,308380
34501,0.002123,172.31.36.0-255,66,203658,17,308380
34502,0.002144,74.125.200.0-255,4320,207978,17,308380
34503,0.002147,172.31.36.0-255,66,208044,17,308380
34504,0.002152,74.125.200.0-255,5738,213782,17,308380
34505,0.002154,172.31.36.0-255,66,213848,17,308380
34506,0.002168,74.125.200.0-255,1484,215332,17,308380
34507,0.002201,172.31.36.0-255,66,215398,17,308380
34508,0.002205,74.125.200.0-255,2902,218300,17,308380
34509,0.002206,172.31.36.0-255,66,218366,17,308380
34510,0.002211,74.125.200.0-255,4320,222686,17,308380
34511,0.002212,172.31.36.0-255,66,222752,17,308380
34512,0.002233,74.125.200.0-255,766,223518,17,308380
34513,0.002292,74.125.200.0-255,1484,225002,17,308380
34514,0.002295,172.31.36.0-255,66,225068,17,308380
34515,0.0023,74.125.200.0-255,2902,227970,17,308380
34516,0.002302,172.31.36.0-255,66,228036,17,308380
34517,0.002318,74.125.200.0-255,5738,233774,17,308380
34518,0.002321,172.31.36.0-255,66,233840,17,308380
34519,0.002388,172.31.36.0-255,66,233906,17,308380
34520,0.00241,74.125.200.0-255,2902,236808,17,308380
34521,0.002412,172.31.36.0-255,66,236874,17,308380
34522,0.002425,172.31.36.0-255,66,236940,17,308380
34523,0.002429,74.125.200.0-255,4320,241260,17,308380
34524,0.002431,172.31.36.0-255,66,241326,17,308380
34525,0.002437,74.125.200.0-255,5738,247064,17,308380
34526,0.002439,172.31.36.0-255,66,247130,17,308380
34527,0.002466,172.31.36.0-255,66,247196,17,308380
34528,0.002472,74.125.200.0-255,5738,252934,17,308380
34529,0.002473,172.31.36.0-255,66,253000,17,308380
34530,0.002496,74.125.200.0-255,4320,257320,17,308380
34531,0.002498,172.31.36.0-255,66,257386,17,308380
34532,0.002502,74.125.200.0-255,2184,259570,17,308380
34533,0.002504,172.31.36.0-255,66,259636,17,308380
34534,0.002523,74.125.200.0-255,2902,262538,17,308380
34535,0.002526,172.31.36.0-255,66,262604,17,308380
34536,0.002543,74.125.200.0-255,7156,269760,17,308380
34537,0.002546,172.31.36.0-255,66,269826,17,308380
34538,0.002551,74.125.200.0-255,4320,274146,17,308380
34539,0.002553,172.31.36.0-255,66,274212,17,308380
34540,0.002579,74.125.200.0-255,5738,279950,17,308380
34541,0.002582,74.125.200.0-255,1484,281434,17,308380
34542,0.002589,172.31.36.0-255,66,281500,17,308380
34543,0.00513,74.125.200.0-255,5738,287238,17,308380
34544,0.005137,172.31.36.0-255,66,287304,17,308380
34545,0.007673,74.125.200.0-255,5738,293042,17,308380
34546,0.007677,172.31.36.0-255,66,293108,17,308380
34547,0.010227,74.125.200.0-255,5738,298846,17,308380
34548,0.010236,172.31.36.0-255,66,298912,17,308380
34549,0.012775,74.125.200.0-255,4957,303869,17,308380
34550,0.012785,172.31.36.0-255,66,303935,17,308380
34551,0.017585,172.31.36.0-255,105,304040,17,308380
34552,0.020088,74.125.200.0-255,66,304106,17,308380
34553,0.033599,172.31.36.0-255,172,304278,17,308380
34554,0.033632,172.31.36.0-255,1115,305393,17,308380
34555,0.033661,172.31.36.0-255,1514,306907,17,308380
34556,0.033662,172.31.36.0-255,1275,308182,17,308380
34557,0.035122,104.244.42.0-255,66,308248,17,308380
34558,0.035187,104.244.42.0-255,66,308314,17,308380
34559,0.035189,104.244.42.0-255,66,308380,17,308380
34560,0.0,74.125.24.0-255,153,153,17,319038
34561,2.3e-05,172.31.36.0-255,66,219,17,319038
34562,2.9e-05,74.125.24.0-255,1484,1703,17,319038
34563,3.3e-05,172.31.36.0-255,66,1769,17,319038
34564,3.9e-05,74.125.24.0-255,2902,4671,17,319038
34565,5e-05,172.31.36.0-255,66,4737,17,319038
34566,5.7e-05,74.125.24.0-255,7156,11893,17,319038
34567,5.9e-05,172.31.36.0-255,66,11959,17,319038
34568,6.3e-05,74.125.24.0-255,2101,14060,17,319038
34569,6.6e-05,172.31.36.0-255,66,14126,17,319038
34570,0.000116,74.125.24.0-255,5738,19864,17,319038
34571,0.000119,172.31.36.0-255,66,19930,17,319038
34572,0.000155,74.125.24.0-255,7156,27086,17,319038
34573,0.00017,172.31.36.0-255,66,27152,17,319038
34574,0.000175,74.125.24.0-255,3961,31113,17,319038
34575,0.000177,172.31.36.0-255,66,31179,17,319038
34576,0.000266,74.125.24.0-255,1484,32663,17,319038
34577,0.00027,172.31.36.0-255,66,32729,17,319038
34578,0.000275,74.125.24.0-255,2902,35631,17,319038
34579,0.000277,172.31.36.0-255,66,35697,17,319038
34580,0.000282,74.125.24.0-255,4320,40017,17,319038
34581,0.000284,172.31.36.0-255,66,40083,17,319038
34582,0.000311,74.125.24.0-255,1484,41567,17,319038
34583,0.000313,172.31.36.0-255,66,41633,17,319038
34584,0.000324,74.125.24.0-255,6797,48430,17,319038
34585,0.000327,172.31.36.0-255,66,48496,17,319038
34586,0.000374,172.31.36.0-255,66,48562,17,319038
34587,0.000377,74.125.24.0-255,2819,51381,17,319038
34588,0.000379,172.31.36.0-255,66,51447,17,319038
34589,0.000383,74.125.24.0-255,132,51579,17,319038
34590,0.000385,172.31.36.0-255,66,51645,17,319038
34591,0.000392,74.125.24.0-255,343,51988,17,319038
34592,0.000655,74.125.24.0-255,1484,53472,17,319038
34593,0.00066,172.31.36.0-255,66,53538,17,319038
34594,0.000666,74.125.24.0-255,2902,56440,17,319038
34595,0.000669,172.31.36.0-255,66,56506,17,319038
34596,0.000695,74.125.24.0-255,5738,62244,17,319038
34597,0.000699,172.31.36.0-255,66,62310,17,319038
34598,0.000732,74.125.24.0-255,7156,69466,17,319038
34599,0.000736,172.31.36.0-255,66,69532,17,319038
34600,0.000742,74.125.24.0-255,5738,75270,17,319038
34601,0.000744,172.31.36.0-255,66,75336,17,319038
34602,0.000781,172.31.36.0-255,66,75402,17,319038
34603,0.000785,74.125.24.0-255,2184,77586,17,319038
34604,0.000788,172.31.36.0-255,66,77652,17,319038
34605,0.001091,74.125.24.0-255,1484,79136,17,319038
34606,0.001107,74.125.24.0-255,2902,82038,17,319038
34607,0.00111,172.31.36.0-255,66,82104,17,319038
34608,0.001116,74.125.24.0-255,4320,86424,17,319038
34609,0.001118,172.31.36.0-255,66,86490,17,319038
34610,0.001138,74.125.24.0-255,1484,87974,17,319038
34611,0.001141,74.125.24.0-255,1484,89458,17,319038
34612,0.001144,172.31.36.0-255,66,89524,17,319038
34613,0.001184,172.31.36.0-255,66,89590,17,319038
34614,0.001191,74.125.24.0-255,5738,95328,17,319038
34615,0.001193,172.31.36.0-255,66,95394,17,319038
34616,0.001211,74.125.24.0-255,1484,96878,17,319038
34617,0.00123,74.125.24.0-255,3602,100480,17,319038
34618,0.001233,172.31.36.0-255,66,100546,17,319038
34619,0.001418,74.125.24.0-255,1484,102030,17,319038
34620,0.00143,74.125.24.0-255,2902,104932,17,319038
34621,0.001433,172.31.36.0-255,66,104998,17,319038
34622,0.001455,74.125.24.0-255,5738,110736,17,319038
34623,0.001458,172.31.36.0-255,66,110802,17,319038
34624,0.001487,74.125.24.0-255,7156,117958,17,319038
34625,0.00149,172.31.36.0-255,66,118024,17,319038
34626,0.001493,74.125.24.0-255,1484,119508,17,319038
34627,0.001527,172.31.36.0-255,66,119574,17,319038
34628,0.001531,74.125.24.0-255,2184,121758,17,319038
34629,0.001533,172.31.36.0-255,66,121824,17,319038
34630,0.001613,74.125.24.0-255,1484,123308,17,319038
34631,0.001639,74.125.24.0-255,2902,126210,17,319038
34632,0.001644,74.125.24.0-255,5738,131948,17,319038
34633,0.001659,172.31.36.0-255,66,132014,17,319038
34634,0.001662,172.31.36.0-255,66,132080,17,319038
34635,0.001671,172.31.36.0-255,66,132146,17,319038
34636,0.001707,74.125.24.0-255,4320,136466,17,319038
34637,0.00171,172.31.36.0-255,66,136532,17,319038
34638,0.001717,74.125.24.0-255,5738,142270,17,319038
34639,0.001719,172.31.36.0-255,66,142336,17,319038
34640,0.001728,74.125.24.0-255,5020,147356,17,319038
34641,0.00173,172.31.36.0-255,66,147422,17,319038
34642,0.002436,74.125.24.0-255,1484,148906,17,319038
34643,0.002443,74.125.24.0-255,2902,151808,17,319038
34644,0.002447,172.31.36.0-255,66,151874,17,319038
34645,0.002481,74.125.24.0-255,4320,156194,17,319038
34646,0.002485,172.31.36.0-255,66,156260,17,319038
34647,0.002496,172.31.36.0-255,66,156326,17,319038
34648,0.002518,74.125.24.0-255,1484,157810,17,319038
34649,0.002546,172.31.36.0-255,66,157876,17,319038
34650,0.002574,74.125.24.0-255,766,158642,17,319038
34651,0.002578,74.125.24.0-255,1484,160126,17,319038
34652,0.00258,172.31.36.0-255,66,160192,17,319038
34653,0.002585,74.125.24.0-255,2902,163094,17,319038
34654,0.002587,172.31.36.0-255,66,163160,17,319038
34655,0.002592,74.125.24.0-255,2902,166062,17,319038
34656,0.002599,172.31.36.0-255,66,166128,17,319038
34657,0.002628,74.125.24.0-255,2902,169030,17,319038
34658,0.002631,172.31.36.0-255,66,169096,17,319038
34659,0.002652,172.31.36.0-255,66,169162,17,319038
34660,0.005253,74.125.24.0-255,5738,174900,17,319038
34661,0.005262,172.31.36.0-255,66,174966,17,319038
34662,0.007897,74.125.24.0-255,5738,180704,17,319038
34663,0.007904,172.31.36.0-255,66,180770,17,319038
34664,0.010566,74.125.24.0-255,5738,186508,17,319038
34665,0.010576,172.31.36.0-255,66,186574,17,319038
34666,0.013179,74.125.24.0-255,5738,192312,17,319038
34667,0.013189,172.31.36.0-255,66,192378,17,319038
34668,0.015826,74.125.24.0-255,5738,198116,17,319038
34669,0.015837,172.31.36.0-255,66,198182,17,319038
34670,0.018458,74.125.24.0-255,5738,203920,17,319038
34671,0.018473,172.31.36.0-255,66,203986,17,319038
34672,0.021067,74.125.24.0-255,5738,209724,17,319038
34673,0.021077,172.31.36.0-255,66,209790,17,319038
34674,0.023696,74.125.24.0-255,5738,215528,17,319038
34675,0.023702,172.31.36.0-255,66,215594,17,319038
34676,0.026153,172.31.36.0-255,172,215766,17,319038
34677,0.026187,172.31.36.0-255,1117,216883,17,319038
34678,0.02627,172.31.36.0-255,1514,218397,17,319038
34679,0.026271,172.31.36.0-255,1271,219668,17,319038
34680,0.026323,74.125.24.0-255,5738,225406,17,319038
34681,0.026329,172.31.36.0-255,66,225472,17,319038
34682,0.027702,104.244.42.0-255,66,225538,17,319038
34683,0.027744,104.244.42.0-255,66,225604,17,319038
34684,0.027845,104.244.42.0-255,66,225670,17,319038
34685,0.028424,104.244.42.0-255,108,225778,17,319038
34686,0.028432,172.31.36.0-255,66,225844,17,319038
34687,0.028932,74.125.24.0-255,5738,231582,17,319038
34688,0.028938,172.31.36.0-255,66,231648,17,319038
34689,0.031571,74.125.24.0-255,5738,237386,17,319038
34690,0.031579,172.31.36.0-255,66,237452,17,319038
34691,0.034213,74.125.24.0-255,5738,243190,17,319038
34692,0.034223,172.31.36.0-255,66,243256,17,319038
34693,0.036831,74.125.24.0-255,5738,248994,17,319038
34694,0.03685,172.31.36.0-255,66,249060,17,319038
34695,0.039477,74.125.24.0-255,5738,254798,17,319038
34696,0.039487,172.31.36.0-255,66,254864,17,319038
34697,0.042091,74.125.24.0-255,5738,260602,17,319038
34698,0.042105,172.31.36.0-255,66,260668,17,319038
34699,0.044704,74.125.24.0-255,5738,266406,17,319038
34700,0.04471,172.31.36.0-255,66,266472,17,319038
34701,0.047397,74.125.24.0-255,1484,267956,17,319038
34702,0.047428,74.125.24.0-255,4320,272276,17,319038
34703,0.047433,172.31.36.0-255,66,272342,17,319038
34704,0.050075,74.125.24.0-255,5738,278080,17,319038
34705,0.05008,172.31.36.0-255,66,278146,17,319038
34706,0.052733,74.125.24.0-255,5738,283884,17,319038
34707,0.05274,172.31.36.0-255,66,283950,17,319038
34708,0.055369,74.125.24.0-255,5738,289688,17,319038
34709,0.055375,172.31.36.0-255,66,289754,17,319038
34710,0.057978,74.125.24.0-255,5738,295492,17,319038
34711,0.057985,172.31.36.0-255,66,295558,17,319038
34712,0.060565,74.125.24.0-255,5738,301296,17,319038
34713,0.060571,172.31.36.0-255,66,301362,17,319038
34714,0.063173,74.125.24.0-255,5738,307100,17,319038
34715,0.06318,172.31.36.0-255,66,307166,17,319038
34716,0.065796,74.125.24.0-255,2902,310068,17,319038
34717,0.065802,172.31.36.0-255,66,310134,17,319038
34718,0.065836,74.125.24.0-255,2902,313036,17,319038
34719,0.06584,172.31.36.0-255,66,313102,17,319038
34720,0.068418,74.125.24.0-255,2902,316004,17,319038
34721,0.068424,172.31.36.0-255,66,316070,17,319038
34722,0.068458,74.125.24.0-255,2902,318972,17,319038
34723,0.068462,172.31.36.0-255,66,319038,17,319038
34724,0.0,172.253.118.0-255,153,153,17,271013
34725,2.2e-05,172.31.36.0-255,66,219,17,271013
34726,2.9e-05,172.253.118.0-255,1484,1703,17,271013
34727,3.4e-05,172.31.36.0-255,66,1769,17,271013
34728,4e-05,172.253.118.0-255,2902,4671,17,271013
34729,4.3e-05,172.31.36.0-255,66,4737,17,271013
34730,5.1e-05,172.253.118.0-255,7156,11893,17,271013
34731,5.4e-05,172.31.36.0-255,66,11959,17,271013
34732,7.9e-05,172.253.118.0-255,1992,13951,17,271013
34733,8.2e-05,172.31.36.0-255,66,14017,17,271013
34734,0.000339,172.253.118.0-255,1484,15501,17,271013
34735,0.000344,172.31.36.0-255,66,15567,17,271013
34736,0.00035,172.253.118.0-255,2902,18469,17,271013
34737,0.000353,172.31.36.0-255,66,18535,17,271013
34738,0.00036,172.253.118.0-255,5738,24273,17,271013
34739,0.000363,172.31.36.0-255,66,24339,17,271013
34740,0.00037,172.253.118.0-255,5738,30077,17,271013
34741,0.000372,172.31.36.0-255,66,30143,17,271013
34742,0.000396,172.253.118.0-255,1125,31268,17,271013
34743,0.000399,172.31.36.0-255,66,31334,17,271013
34744,0.000452,172.253.118.0-255,1484,32818,17,271013
34745,0.000456,172.31.36.0-255,66,32884,17,271013
34746,0.000459,172.253.118.0-255,1484,34368,17,271013
34747,0.000462,172.31.36.0-255,66,34434,17,271013
34748,0.000468,172.253.118.0-255,4320,38754,17,271013
34749,0.000471,172.31.36.0-255,66,38820,17,271013
34750,0.000516,172.253.118.0-255,2902,41722,17,271013
34751,0.00052,172.31.36.0-255,66,41788,17,271013
34752,0.000537,172.253.118.0-255,6797,48585,17,271013
34753,0.00054,172.31.36.0-255,66,48651,17,271013
34754,0.001205,172.253.118.0-255,1484,50135,17,271013
34755,0.001211,172.31.36.0-255,66,50201,17,271013
34756,0.001221,172.253.118.0-255,2902,53103,17,271013
34757,0.001223,172.31.36.0-255,66,53169,17,271013
34758,0.00123,172.253.118.0-255,5738,58907,17,271013
34759,0.001232,172.31.36.0-255,66,58973,17,271013
34760,0.001252,172.253.118.0-255,2902,61875,17,271013
34761,0.001255,172.31.36.0-255,66,61941,17,271013
34762,0.001276,172.253.118.0-255,3961,65902,17,271013
34763,0.001278,172.31.36.0-255,66,65968,17,271013
34764,0.001371,172.253.118.0-255,1484,67452,17,271013
34765,0.001379,172.253.118.0-255,2902,70354,17,271013
34766,0.001382,172.31.36.0-255,66,70420,17,271013
34767,0.00139,172.253.118.0-255,5738,76158,17,271013
34768,0.001392,172.31.36.0-255,66,76224,17,271013
34769,0.001399,172.253.118.0-255,5738,81962,17,271013
34770,0.001401,172.31.36.0-255,66,82028,17,271013
34771,0.001416,172.253.118.0-255,1125,83153,17,271013
34772,0.001447,172.253.118.0-255,2902,86055,17,271013
34773,0.00145,172.31.36.0-255,66,86121,17,271013
34774,0.001475,172.31.36.0-255,66,86187,17,271013
34775,0.001495,172.253.118.0-255,1484,87671,17,271013
34776,0.001507,172.253.118.0-255,2543,90214,17,271013
34777,0.001509,172.31.36.0-255,66,90280,17,271013
34778,0.001728,172.253.118.0-255,646,90926,17,271013
34779,0.002128,172.253.118.0-255,1484,92410,17,271013
34780,0.002136,172.31.36.0-255,66,92476,17,271013
34781,0.002142,172.253.118.0-255,2902,95378,17,271013
34782,0.002145,172.31.36.0-255,66,95444,17,271013
34783,0.002152,172.253.118.0-255,5738,101182,17,271013
34784,0.002155,172.31.36.0-255,66,101248,17,271013
34785,0.00219,172.31.36.0-255,66,101314,17,271013
34786,0.002202,172.31.36.0-255,66,101380,17,271013
34787,0.002252,172.253.118.0-255,2184,103564,17,271013
34788,0.002254,172.31.36.0-255,66,103630,17,271013
34789,0.004544,172.253.118.0-255,2902,106532,17,271013
34790,0.004549,172.31.36.0-255,66,106598,17,271013
34791,0.004575,172.253.118.0-255,1484,108082,17,271013
34792,0.004588,172.253.118.0-255,1484,109566,17,271013
34793,0.00459,172.31.36.0-255,66,109632,17,271013
34794,0.006878,172.253.118.0-255,2902,112534,17,271013
34795,0.006886,172.31.36.0-255,66,112600,17,271013
34796,0.006921,172.253.118.0-255,2902,115502,17,271013
34797,0.006925,172.31.36.0-255,66,115568,17,271013
34798,0.009271,172.253.118.0-255,2902,118470,17,271013
34799,0.00929,172.31.36.0-255,66,118536,17,271013
34800,0.009313,172.253.118.0-255,2902,121438,17,271013
34801,0.009316,172.31.36.0-255,66,121504,17,271013
34802,0.011655,172.253.118.0-255,2902,124406,17,271013
34803,0.011674,172.31.36.0-255,66,124472,17,271013
34804,0.011697,172.253.118.0-255,2902,127374,17,271013
34805,0.0117,172.31.36.0-255,66,127440,17,271013
34806,0.014057,172.253.118.0-255,5738,133178,17,271013
34807,0.014076,172.31.36.0-255,66,133244,17,271013
34808,0.016442,172.253.118.0-255,5738,138982,17,271013
34809,0.016456,172.31.36.0-255,66,139048,17,271013
34810,0.018789,172.253.118.0-255,5738,144786,17,271013
34811,0.018804,172.31.36.0-255,66,144852,17,271013
34812,0.021199,172.253.118.0-255,5738,150590,17,271013
34813,0.021212,172.31.36.0-255,66,150656,17,271013
34814,0.023582,172.253.118.0-255,5738,156394,17,271013
34815,0.02359,172.31.36.0-255,66,156460,17,271013
34816,0.026017,172.253.118.0-255,5738,162198,17,271013
34817,0.026025,172.31.36.0-255,66,162264,17,271013
34818,0.028377,172.253.118.0-255,5738,168002,17,271013
34819,0.028385,172.31.36.0-255,66,168068,17,271013
34820,0.030732,172.253.118.0-255,5738,173806,17,271013
34821,0.030744,172.31.36.0-255,66,173872,17,271013
34822,0.032007,172.31.36.0-255,176,174048,17,271013
34823,0.032044,172.31.36.0-255,1116,175164,17,271013
34824,0.032109,172.31.36.0-255,1514,176678,17,271013
34825,0.032111,172.31.36.0-255,1273,177951,17,271013
34826,0.033103,172.253.118.0-255,5738,183689,17,271013
34827,0.033118,172.31.36.0-255,66,183755,17,271013
34828,0.033564,104.244.42.0-255,66,183821,17,271013
34829,0.033759,104.244.42.0-255,66,183887,17,271013
34830,0.033765,104.244.42.0-255,66,183953,17,271013
34831,0.035474,172.253.118.0-255,5738,189691,17,271013
34832,0.035485,172.31.36.0-255,66,189757,17,271013
34833,0.037881,172.253.118.0-255,5738,195495,17,271013
34834,0.037897,172.31.36.0-255,66,195561,17,271013
34835,0.040272,172.253.118.0-255,5738,201299,17,271013
34836,0.040287,172.31.36.0-255,66,201365,17,271013
34837,0.042663,172.253.118.0-255,5738,207103,17,271013
34838,0.042672,172.31.36.0-255,66,207169,17,271013
34839,0.04505,172.253.118.0-255,5738,212907,17,271013
34840,0.045074,172.31.36.0-255,66,212973,17,271013
34841,0.047431,172.253.118.0-255,5738,218711,17,271013
34842,0.047446,172.31.36.0-255,66,218777,17,271013
34843,0.049822,172.253.118.0-255,5738,224515,17,271013
34844,0.04984,172.31.36.0-255,66,224581,17,271013
34845,0.052189,172.253.118.0-255,5738,230319,17,271013
34846,0.052204,172.31.36.0-255,66,230385,17,271013
34847,0.054564,172.253.118.0-255,5738,236123,17,271013
34848,0.054571,172.31.36.0-255,66,236189,17,271013
34849,0.056941,172.253.118.0-255,5738,241927,17,271013
34850,0.056948,172.31.36.0-255,66,241993,17,271013
34851,0.059277,172.253.118.0-255,5738,247731,17,271013
34852,0.059283,172.31.36.0-255,66,247797,17,271013
34853,0.061649,172.253.118.0-255,5738,253535,17,271013
34854,0.061655,172.31.36.0-255,66,253601,17,271013
34855,0.063997,172.253.118.0-255,5738,259339,17,271013
34856,0.064004,172.31.36.0-255,66,259405,17,271013
34857,0.066363,172.253.118.0-255,5738,265143,17,271013
34858,0.06637,172.31.36.0-255,66,265209,17,271013
34859,0.068715,172.253.118.0-255,5738,270947,17,271013
34860,0.068722,172.31.36.0-255,66,271013,17,271013
34861,0.0,172.31.36.0-255,248,248,17,314
34862,0.006175,74.125.130.0-255,66,314,17,314
34863,0.0,74.125.24.0-255,153,153,17,272568
34864,2.8e-05,172.31.36.0-255,66,219,17,272568
34865,3.6e-05,74.125.24.0-255,1484,1703,17,272568
34866,4e-05,172.31.36.0-255,66,1769,17,272568
34867,4.5e-05,74.125.24.0-255,2902,4671,17,272568
34868,4.7e-05,172.31.36.0-255,66,4737,17,272568
34869,6.2e-05,74.125.24.0-255,7156,11893,17,272568
34870,6.5e-05,172.31.36.0-255,66,11959,17,272568
34871,0.000112,172.31.36.0-255,66,12025,17,272568
34872,0.000115,74.125.24.0-255,1484,13509,17,272568
34873,0.000117,172.31.36.0-255,66,13575,17,272568
34874,0.00012,74.125.24.0-255,1125,14700,17,272568
34875,0.000121,172.31.36.0-255,66,14766,17,272568
34876,0.000201,74.125.24.0-255,1484,16250,17,272568
34877,0.000205,172.31.36.0-255,66,16316,17,272568
34878,0.000211,74.125.24.0-255,2902,19218,17,272568
34879,0.000214,172.31.36.0-255,66,19284,17,272568
34880,0.000218,74.125.24.0-255,2902,22186,17,272568
34881,0.000225,172.31.36.0-255,66,22252,17,272568
34882,0.000258,74.125.24.0-255,2902,25154,17,272568
34883,0.000261,172.31.36.0-255,66,25220,17,272568
34884,0.000267,74.125.24.0-255,5738,30958,17,272568
34885,0.00027,172.31.36.0-255,66,31024,17,272568
34886,0.000279,74.125.24.0-255,1125,32149,17,272568
34887,0.000281,172.31.36.0-255,66,32215,17,272568
34888,0.00031,74.125.24.0-255,1484,33699,17,272568
34889,0.000314,74.125.24.0-255,4320,38019,17,272568
34890,0.000315,172.31.36.0-255,66,38085,17,272568
34891,0.00032,172.31.36.0-255,66,38151,17,272568
34892,0.000345,74.125.24.0-255,7156,45307,17,272568
34893,0.000349,172.31.36.0-255,66,45373,17,272568
34894,0.000381,74.125.24.0-255,2902,48275,17,272568
34895,0.000385,172.31.36.0-255,66,48341,17,272568
34896,0.000388,74.125.24.0-255,1422,49763,17,272568
34897,0.000478,74.125.24.0-255,128,49891,17,272568
34898,0.000596,74.125.24.0-255,1484,51375,17,272568
34899,0.0006,172.31.36.0-255,66,51441,17,272568
34900,0.000607,74.125.24.0-255,2902,54343,17,272568
34901,0.000609,172.31.36.0-255,66,54409,17,272568
34902,0.000632,74.125.24.0-255,5738,60147,17,272568
34903,0.000636,172.31.36.0-255,66,60213,17,272568
34904,0.000662,74.125.24.0-255,2902,63115,17,272568
34905,0.000666,172.31.36.0-255,66,63181,17,272568
34906,0.000684,74.125.24.0-255,4243,67424,17,272568
34907,0.000687,172.31.36.0-255,66,67490,17,272568
34908,0.001024,74.125.24.0-255,1484,68974,17,272568
34909,0.001034,74.125.24.0-255,2902,71876,17,272568
34910,0.001038,172.31.36.0-255,66,71942,17,272568
34911,0.001043,74.125.24.0-255,2902,74844,17,272568
34912,0.001046,172.31.36.0-255,66,74910,17,272568
34913,0.001085,74.125.24.0-255,7156,82066,17,272568
34914,0.001089,172.31.36.0-255,66,82132,17,272568
34915,0.001095,74.125.24.0-255,4320,86452,17,272568
34916,0.001097,172.31.36.0-255,66,86518,17,272568
34917,0.00114,172.31.36.0-255,66,86584,17,272568
34918,0.001145,74.125.24.0-255,3602,90186,17,272568
34919,0.001148,172.31.36.0-255,66,90252,17,272568
34920,0.001193,172.31.36.0-255,66,90318,17,272568
34921,0.001223,74.125.24.0-255,3413,93731,17,272568
34922,0.001226,172.31.36.0-255,66,93797,17,272568
34923,0.001229,74.125.24.0-255,1484,95281,17,272568
34924,0.001258,74.125.24.0-255,2902,98183,17,272568
34925,0.001261,172.31.36.0-255,66,98249,17,272568
34926,0.001266,74.125.24.0-255,5738,103987,17,272568
34927,0.001268,172.31.36.0-255,66,104053,17,272568
34928,0.001317,172.31.36.0-255,66,104119,17,272568
34929,0.001357,172.31.36.0-255,66,104185,17,272568
34930,0.001467,74.125.24.0-255,1484,105669,17,272568
34931,0.001474,74.125.24.0-255,2902,108571,17,272568
34932,0.001478,172.31.36.0-255,66,108637,17,272568
34933,0.001482,74.125.24.0-255,1484,110121,17,272568
34934,0.001507,74.125.24.0-255,4320,114441,17,272568
34935,0.001511,172.31.36.0-255,66,114507,17,272568
34936,0.00152,74.125.24.0-255,7156,121663,17,272568
34937,0.001523,172.31.36.0-255,66,121729,17,272568
34938,0.001548,74.125.24.0-255,5738,127467,17,272568
34939,0.001552,172.31.36.0-255,66,127533,17,272568
34940,0.001562,172.31.36.0-255,66,127599,17,272568
34941,0.001586,74.125.24.0-255,766,128365,17,272568
34942,0.00161,74.125.24.0-255,1484,129849,17,272568
34943,0.001614,172.31.36.0-255,66,129915,17,272568
34944,0.001619,74.125.24.0-255,4320,134235,17,272568
34945,0.001621,172.31.36.0-255,66,134301,17,272568
34946,0.001625,74.125.24.0-255,2902,137203,17,272568
34947,0.001632,172.31.36.0-255,66,137269,17,272568
34948,0.001635,74.125.24.0-255,1484,138753,17,272568
34949,0.001669,74.125.24.0-255,7156,145909,17,272568
34950,0.001672,172.31.36.0-255,66,145975,17,272568
34951,0.001718,172.31.36.0-255,66,146041,17,272568
34952,0.001749,74.125.24.0-255,1484,147525,17,272568
34953,0.001763,74.125.24.0-255,2902,150427,17,272568
34954,0.001766,172.31.36.0-255,66,150493,17,272568
34955,0.001771,74.125.24.0-255,4320,154813,17,272568
34956,0.001773,172.31.36.0-255,66,154879,17,272568
34957,0.001797,74.125.24.0-255,1484,156363,17,272568
34958,0.001799,74.125.24.0-255,1484,157847,17,272568
34959,0.001801,172.31.36.0-255,66,157913,17,272568
34960,0.001823,172.31.36.0-255,66,157979,17,272568
34961,0.001848,74.125.24.0-255,2902,160881,17,272568
34962,0.00185,172.31.36.0-255,66,160947,17,272568
34963,0.001887,172.31.36.0-255,66,161013,17,272568
34964,0.001901,172.31.36.0-255,66,161079,17,272568
34965,0.001916,172.31.36.0-255,66,161145,17,272568
34966,0.001942,74.125.24.0-255,1484,162629,17,272568
34967,0.001975,172.31.36.0-255,66,162695,17,272568
34968,0.002014,74.125.24.0-255,1484,164179,17,272568
34969,0.002019,74.125.24.0-255,2902,167081,17,272568
34970,0.002021,172.31.36.0-255,66,167147,17,272568
34971,0.002025,74.125.24.0-255,2902,170049,17,272568
34972,0.002028,172.31.36.0-255,66,170115,17,272568
34973,0.002053,74.125.24.0-255,2902,173017,17,272568
34974,0.002059,74.125.24.0-255,4320,177337,17,272568
34975,0.002062,74.125.24.0-255,4320,181657,17,272568
34976,0.002066,172.31.36.0-255,66,181723,17,272568
34977,0.002069,172.31.36.0-255,66,181789,17,272568
34978,0.002071,172.31.36.0-255,66,181855,17,272568
34979,0.002097,74.125.24.0-255,7156,189011,17,272568
34980,0.002099,172.31.36.0-255,66,189077,17,272568
34981,0.002112,172.31.36.0-255,66,189143,17,272568
34982,0.002245,74.125.24.0-255,1484,190627,17,272568
34983,0.002248,74.125.24.0-255,1484,192111,17,272568
34984,0.002253,172.31.36.0-255,66,192177,17,272568
34985,0.002282,74.125.24.0-255,1484,193661,17,272568
34986,0.002288,74.125.24.0-255,5738,199399,17,272568
34987,0.00229,172.31.36.0-255,66,199465,17,272568
34988,0.002293,74.125.24.0-255,1484,200949,17,272568
34989,0.002321,74.125.24.0-255,4320,205269,17,272568
34990,0.002323,172.31.36.0-255,66,205335,17,272568
34991,0.004601,74.125.24.0-255,5738,211073,17,272568
34992,0.004607,172.31.36.0-255,66,211139,17,272568
34993,0.00689,74.125.24.0-255,5738,216877,17,272568
34994,0.006897,172.31.36.0-255,66,216943,17,272568
34995,0.009172,74.125.24.0-255,5738,222681,17,272568
34996,0.009183,172.31.36.0-255,66,222747,17,272568
34997,0.011491,74.125.24.0-255,5738,228485,17,272568
34998,0.0115,172.31.36.0-255,66,228551,17,272568
34999,0.013797,74.125.24.0-255,5738,234289,17,272568
35000,0.013806,172.31.36.0-255,66,234355,17,272568
35001,0.016113,74.125.24.0-255,5738,240093,17,272568
35002,0.016123,172.31.36.0-255,66,240159,17,272568
35003,0.01842,74.125.24.0-255,5738,245897,17,272568
35004,0.018426,172.31.36.0-255,66,245963,17,272568
35005,0.020694,74.125.24.0-255,5738,251701,17,272568
35006,0.020701,172.31.36.0-255,66,251767,17,272568
35007,0.022991,74.125.24.0-255,5738,257505,17,272568
35008,0.022999,172.31.36.0-255,66,257571,17,272568
35009,0.025275,74.125.24.0-255,5738,263309,17,272568
35010,0.025283,172.31.36.0-255,66,263375,17,272568
35011,0.027593,74.125.24.0-255,4680,268055,17,272568
35012,0.027601,172.31.36.0-255,66,268121,17,272568
35013,0.027898,172.31.36.0-255,105,268226,17,272568
35014,0.028195,172.31.36.0-255,176,268402,17,272568
35015,0.028223,172.31.36.0-255,1117,269519,17,272568
35016,0.02826,172.31.36.0-255,1514,271033,17,272568
35017,0.028262,172.31.36.0-255,1271,272304,17,272568
35018,0.029753,104.244.42.0-255,66,272370,17,272568
35019,0.029791,104.244.42.0-255,66,272436,17,272568
35020,0.029847,104.244.42.0-255,66,272502,17,272568
35021,0.030132,74.125.24.0-255,66,272568,17,272568
35022,0.0,74.125.200.0-255,151,151,17,353673
35023,2.5e-05,172.31.36.0-255,66,217,17,353673
35024,3.1e-05,74.125.200.0-255,1484,1701,17,353673
35025,3.5e-05,172.31.36.0-255,66,1767,17,353673
35026,6.1e-05,74.125.200.0-255,2902,4669,17,353673
35027,6.3e-05,172.31.36.0-255,66,4735,17,353673
35028,9.4e-05,74.125.200.0-255,4320,9055,17,353673
35029,9.8e-05,172.31.36.0-255,66,9121,17,353673
35030,0.000126,74.125.200.0-255,4874,13995,17,353673
35031,0.000129,172.31.36.0-255,66,14061,17,353673
35032,0.00021,74.125.200.0-255,1484,15545,17,353673
35033,0.000213,172.31.36.0-255,66,15611,17,353673
35034,0.000237,74.125.200.0-255,2902,18513,17,353673
35035,0.000239,172.31.36.0-255,66,18579,17,353673
35036,0.000265,74.125.200.0-255,5738,24317,17,353673
35037,0.000269,172.31.36.0-255,66,24383,17,353673
35038,0.000272,74.125.200.0-255,1484,25867,17,353673
35039,0.000275,172.31.36.0-255,66,25933,17,353673
35040,0.00028,74.125.200.0-255,2902,28835,17,353673
35041,0.000283,172.31.36.0-255,66,28901,17,353673
35042,0.000315,74.125.200.0-255,2543,31444,17,353673
35043,0.000318,172.31.36.0-255,66,31510,17,353673
35044,0.000322,74.125.200.0-255,1484,32994,17,353673
35045,0.000325,172.31.36.0-255,66,33060,17,353673
35046,0.000345,74.125.200.0-255,1484,34544,17,353673
35047,0.000353,172.31.36.0-255,66,34610,17,353673
35048,0.000368,74.125.200.0-255,4320,38930,17,353673
35049,0.000375,172.31.36.0-255,66,38996,17,353673
35050,0.000401,74.125.200.0-255,2902,41898,17,353673
35051,0.000405,172.31.36.0-255,66,41964,17,353673
35052,0.000409,74.125.200.0-255,2902,44866,17,353673
35053,0.000412,172.31.36.0-255,66,44932,17,353673
35054,0.000418,74.125.200.0-255,3961,48893,17,353673
35055,0.000421,172.31.36.0-255,66,48959,17,353673
35056,0.000483,74.125.200.0-255,1484,50443,17,353673
35057,0.000489,74.125.200.0-255,2902,53345,17,353673
35058,0.000493,172.31.36.0-255,66,53411,17,353673
35059,0.00052,74.125.200.0-255,4320,57731,17,353673
35060,0.000524,172.31.36.0-255,66,57797,17,353673
35061,0.000542,74.125.200.0-255,1484,59281,17,353673
35062,0.000545,74.125.200.0-255,1484,60765,17,353673
35063,0.000547,172.31.36.0-255,66,60831,17,353673
35064,0.000552,74.125.200.0-255,2902,63733,17,353673
35065,0.000554,172.31.36.0-255,66,63799,17,353673
35066,0.000577,74.125.200.0-255,2543,66342,17,353673
35067,0.00058,172.31.36.0-255,66,66408,17,353673
35068,0.000621,74.125.200.0-255,411,66819,17,353673
35069,0.000651,74.125.200.0-255,332,67151,17,353673
35070,0.000813,74.125.200.0-255,1484,68635,17,353673
35071,0.000817,172.31.36.0-255,66,68701,17,353673
35072,0.000823,74.125.200.0-255,2902,71603,17,353673
35073,0.000825,172.31.36.0-255,66,71669,17,353673
35074,0.000859,74.125.200.0-255,5738,77407,17,353673
35075,0.000862,172.31.36.0-255,66,77473,17,353673
35076,0.000865,74.125.200.0-255,1484,78957,17,353673
35077,0.000897,74.125.200.0-255,4320,83277,17,353673
35078,0.0009,172.31.36.0-255,66,83343,17,353673
35079,0.000908,74.125.200.0-255,7156,90499,17,353673
35080,0.00091,172.31.36.0-255,66,90565,17,353673
35081,0.000919,74.125.200.0-255,1484,92049,17,353673
35082,0.000939,74.125.200.0-255,4320,96369,17,353673
35083,0.000942,172.31.36.0-255,66,96435,17,353673
35084,0.000996,74.125.200.0-255,4320,100755,17,353673
35085,0.000999,172.31.36.0-255,66,100821,17,353673
35086,0.001025,74.125.200.0-255,766,101587,17,353673
35087,0.001094,172.31.36.0-255,66,101653,17,353673
35088,0.00114,74.125.200.0-255,1484,103137,17,353673
35089,0.001162,74.125.200.0-255,2902,106039,17,353673
35090,0.001166,172.31.36.0-255,66,106105,17,353673
35091,0.001171,74.125.200.0-255,2902,109007,17,353673
35092,0.001173,172.31.36.0-255,66,109073,17,353673
35093,0.001195,74.125.200.0-255,4320,113393,17,353673
35094,0.001202,172.31.36.0-255,66,113459,17,353673
35095,0.001259,74.125.200.0-255,4320,117779,17,353673
35096,0.001263,172.31.36.0-255,66,117845,17,353673
35097,0.001297,74.125.200.0-255,4320,122165,17,353673
35098,0.0013,172.31.36.0-255,66,122231,17,353673
35099,0.001304,74.125.200.0-255,1484,123715,17,353673
35100,0.001315,172.31.36.0-255,66,123781,17,353673
35101,0.001318,74.125.200.0-255,766,124547,17,353673
35102,0.001454,172.31.36.0-255,66,124613,17,353673
35103,0.001812,74.125.200.0-255,1484,126097,17,353673
35104,0.001823,74.125.200.0-255,2902,128999,17,353673
35105,0.001827,172.31.36.0-255,66,129065,17,353673
35106,0.001831,74.125.200.0-255,1484,130549,17,353673
35107,0.001856,74.125.200.0-255,2902,133451,17,353673
35108,0.001859,172.31.36.0-255,66,133517,17,353673
35109,0.001863,74.125.200.0-255,1484,135001,17,353673
35110,0.001888,74.125.200.0-255,4320,139321,17,353673
35111,0.001891,172.31.36.0-255,66,139387,17,353673
35112,0.001898,74.125.200.0-255,4320,143707,17,353673
35113,0.0019,172.31.36.0-255,66,143773,17,353673
35114,0.001936,74.125.200.0-255,5738,149511,17,353673
35115,0.001939,172.31.36.0-255,66,149577,17,353673
35116,0.001944,74.125.200.0-255,4320,153897,17,353673
35117,0.001946,172.31.36.0-255,66,153963,17,353673
35118,0.001984,74.125.200.0-255,5020,158983,17,353673
35119,0.001987,172.31.36.0-255,66,159049,17,353673
35120,0.003997,74.125.200.0-255,5738,164787,17,353673
35121,0.004002,172.31.36.0-255,66,164853,17,353673
35122,0.006026,74.125.200.0-255,5738,170591,17,353673
35123,0.006031,172.31.36.0-255,66,170657,17,353673
35124,0.008052,74.125.200.0-255,5738,176395,17,353673
35125,0.008059,172.31.36.0-255,66,176461,17,353673
35126,0.010084,74.125.200.0-255,5738,182199,17,353673
35127,0.010091,172.31.36.0-255,66,182265,17,353673
35128,0.012118,74.125.200.0-255,5738,188003,17,353673
35129,0.012125,172.31.36.0-255,66,188069,17,353673
35130,0.014158,74.125.200.0-255,5738,193807,17,353673
35131,0.014167,172.31.36.0-255,66,193873,17,353673
35132,0.016191,74.125.200.0-255,5738,199611,17,353673
35133,0.016198,172.31.36.0-255,66,199677,17,353673
35134,0.018239,74.125.200.0-255,5738,205415,17,353673
35135,0.018246,172.31.36.0-255,66,205481,17,353673
35136,0.020268,74.125.200.0-255,5738,211219,17,353673
35137,0.020275,172.31.36.0-255,66,211285,17,353673
35138,0.022296,74.125.200.0-255,5738,217023,17,353673
35139,0.022304,172.31.36.0-255,66,217089,17,353673
35140,0.024327,74.125.200.0-255,5738,222827,17,353673
35141,0.024333,172.31.36.0-255,66,222893,17,353673
35142,0.026354,74.125.200.0-255,5738,228631,17,353673
35143,0.026361,172.31.36.0-255,66,228697,17,353673
35144,0.027213,172.31.36.0-255,172,228869,17,353673
35145,0.027242,172.31.36.0-255,1118,229987,17,353673
35146,0.027285,172.31.36.0-255,1514,231501,17,353673
35147,0.027287,172.31.36.0-255,1514,233015,17,353673
35148,0.027292,172.31.36.0-255,1514,234529,17,353673
35149,0.027293,172.31.36.0-255,1052,235581,17,353673
35150,0.028393,74.125.200.0-255,5738,241319,17,353673
35151,0.028401,172.31.36.0-255,66,241385,17,353673
35152,0.028725,104.244.42.0-255,66,241451,17,353673
35153,0.028821,104.244.42.0-255,66,241517,17,353673
35154,0.028825,104.244.42.0-255,66,241583,17,353673
35155,0.028864,104.244.42.0-255,66,241649,17,353673
35156,0.030414,74.125.200.0-255,5738,247387,17,353673
35157,0.03042,172.31.36.0-255,66,247453,17,353673
35158,0.032441,74.125.200.0-255,5738,253191,17,353673
35159,0.032447,172.31.36.0-255,66,253257,17,353673
35160,0.034464,74.125.200.0-255,5738,258995,17,353673
35161,0.03447,172.31.36.0-255,66,259061,17,353673
35162,0.036501,74.125.200.0-255,5738,264799,17,353673
35163,0.036506,172.31.36.0-255,66,264865,17,353673
35164,0.038529,74.125.200.0-255,5738,270603,17,353673
35165,0.038534,172.31.36.0-255,66,270669,17,353673
35166,0.040551,74.125.200.0-255,5738,276407,17,353673
35167,0.040571,172.31.36.0-255,66,276473,17,353673
35168,0.042599,74.125.200.0-255,4320,280793,17,353673
35169,0.042605,172.31.36.0-255,66,280859,17,353673
35170,0.042637,74.125.200.0-255,1484,282343,17,353673
35171,0.044626,74.125.200.0-255,4320,286663,17,353673
35172,0.044632,172.31.36.0-255,66,286729,17,353673
35173,0.046658,74.125.200.0-255,5738,292467,17,353673
35174,0.046663,172.31.36.0-255,66,292533,17,353673
35175,0.048671,74.125.200.0-255,4320,296853,17,353673
35176,0.048677,172.31.36.0-255,66,296919,17,353673
35177,0.048707,74.125.200.0-255,1484,298403,17,353673
35178,0.050733,74.125.200.0-255,4320,302723,17,353673
35179,0.050739,172.31.36.0-255,66,302789,17,353673
35180,0.052757,74.125.200.0-255,5738,308527,17,353673
35181,0.052762,172.31.36.0-255,66,308593,17,353673
35182,0.054784,74.125.200.0-255,5738,314331,17,353673
35183,0.05479,172.31.36.0-255,66,314397,17,353673
35184,0.056807,74.125.200.0-255,5738,320135,17,353673
35185,0.056812,172.31.36.0-255,66,320201,17,353673
35186,0.058826,74.125.200.0-255,5738,325939,17,353673
35187,0.058831,172.31.36.0-255,66,326005,17,353673
35188,0.060858,74.125.200.0-255,5738,331743,17,353673
35189,0.060864,172.31.36.0-255,66,331809,17,353673
35190,0.062881,74.125.200.0-255,5738,337547,17,353673
35191,0.062886,172.31.36.0-255,66,337613,17,353673
35192,0.064918,74.125.200.0-255,5738,343351,17,353673
35193,0.064923,172.31.36.0-255,66,343417,17,353673
35194,0.066943,74.125.200.0-255,4320,347737,17,353673
35195,0.066948,172.31.36.0-255,66,347803,17,353673
35196,0.066982,74.125.200.0-255,1484,349287,17,353673
35197,0.068966,74.125.200.0-255,4320,353607,17,353673
35198,0.068971,172.31.36.0-255,66,353673,17,353673
35199,0.0,172.217.194.0-255,147,147,17,324053
35200,2.2e-05,172.31.36.0-255,66,213,17,324053
35201,2.9e-05,172.217.194.0-255,1484,1697,17,324053
35202,3.4e-05,172.31.36.0-255,66,1763,17,324053
35203,3.8e-05,172.217.194.0-255,2902,4665,17,324053
35204,4.2e-05,172.31.36.0-255,66,4731,17,324053
35205,4.9e-05,172.217.194.0-255,7156,11887,17,324053
35206,5.2e-05,172.31.36.0-255,66,11953,17,324053
35207,5.7e-05,172.217.194.0-255,3473,15426,17,324053
35208,5.9e-05,172.31.36.0-255,66,15492,17,324053
35209,9.1e-05,172.31.36.0-255,66,15558,17,324053
35210,0.000113,172.217.194.0-255,4320,19878,17,324053
35211,0.000115,172.31.36.0-255,66,19944,17,324053
35212,0.000119,172.217.194.0-255,2543,22487,17,324053
35213,0.000121,172.31.36.0-255,66,22553,17,324053
35214,0.000124,172.217.194.0-255,1484,24037,17,324053
35215,0.000126,172.31.36.0-255,66,24103,17,324053
35216,0.00013,172.217.194.0-255,2902,27005,17,324053
35217,0.000132,172.31.36.0-255,66,27071,17,324053
35218,0.000153,172.217.194.0-255,5738,32809,17,324053
35219,0.000155,172.31.36.0-255,66,32875,17,324053
35220,0.000159,172.217.194.0-255,2902,35777,17,324053
35221,0.000161,172.31.36.0-255,66,35843,17,324053
35222,0.000195,172.31.36.0-255,66,35909,17,324053
35223,0.000205,172.31.36.0-255,66,35975,17,324053
35224,0.000228,172.217.194.0-255,362,36337,17,324053
35225,0.00023,172.31.36.0-255,66,36403,17,324053
35226,0.000249,172.217.194.0-255,380,36783,17,324053
35227,0.000251,172.31.36.0-255,66,36849,17,324053
35228,0.000451,172.217.194.0-255,1484,38333,17,324053
35229,0.000458,172.217.194.0-255,2902,41235,17,324053
35230,0.000462,172.31.36.0-255,66,41301,17,324053
35231,0.000466,172.217.194.0-255,2902,44203,17,324053
35232,0.000469,172.31.36.0-255,66,44269,17,324053
35233,0.000484,172.217.194.0-255,2902,47171,17,324053
35234,0.000487,172.31.36.0-255,66,47237,17,324053
35235,0.000493,172.217.194.0-255,7156,54393,17,324053
35236,0.000495,172.31.36.0-255,66,54459,17,324053
35237,0.000532,172.31.36.0-255,66,54525,17,324053
35238,0.000543,172.217.194.0-255,1484,56009,17,324053
35239,0.000547,172.217.194.0-255,2184,58193,17,324053
35240,0.000549,172.31.36.0-255,66,58259,17,324053
35241,0.000634,172.217.194.0-255,1484,59743,17,324053
35242,0.00064,172.217.194.0-255,2902,62645,17,324053
35243,0.000643,172.31.36.0-255,66,62711,17,324053
35244,0.000663,172.217.194.0-255,5738,68449,17,324053
35245,0.000666,172.31.36.0-255,66,68515,17,324053
35246,0.000671,172.217.194.0-255,4320,72835,17,324053
35247,0.000673,172.31.36.0-255,66,72901,17,324053
35248,0.000704,172.31.36.0-255,66,72967,17,324053
35249,0.000717,172.31.36.0-255,66,73033,17,324053
35250,0.001507,172.217.194.0-255,1484,74517,17,324053
35251,0.001512,172.217.194.0-255,1484,76001,17,324053
35252,0.001516,172.31.36.0-255,66,76067,17,324053
35253,0.001536,172.217.194.0-255,1484,77551,17,324053
35254,0.001543,172.217.194.0-255,5738,83289,17,324053
35255,0.001546,172.31.36.0-255,66,83355,17,324053
35256,0.001568,172.217.194.0-255,5738,89093,17,324053
35257,0.00157,172.31.36.0-255,66,89159,17,324053
35258,0.001585,172.217.194.0-255,4320,93479,17,324053
35259,0.001608,172.217.194.0-255,4320,97799,17,324053
35260,0.001612,172.31.36.0-255,66,97865,17,324053
35261,0.001616,172.31.36.0-255,66,97931,17,324053
35262,0.001639,172.217.194.0-255,7156,105087,17,324053
35263,0.001642,172.31.36.0-255,66,105153,17,324053
35264,0.001646,172.217.194.0-255,2184,107337,17,324053
35265,0.001648,172.31.36.0-255,66,107403,17,324053
35266,0.001652,172.217.194.0-255,1484,108887,17,324053
35267,0.001656,172.217.194.0-255,2902,111789,17,324053
35268,0.001658,172.31.36.0-255,66,111855,17,324053
35269,0.001687,172.217.194.0-255,5738,117593,17,324053
35270,0.00169,172.31.36.0-255,66,117659,17,324053
35271,0.001712,172.217.194.0-255,7156,124815,17,324053
35272,0.001714,172.31.36.0-255,66,124881,17,324053
35273,0.00173,172.217.194.0-255,5738,130619,17,324053
35274,0.001733,172.217.194.0-255,1484,132103,17,324053
35275,0.001736,172.31.36.0-255,66,132169,17,324053
35276,0.001754,172.217.194.0-255,1484,133653,17,324053
35277,0.001757,172.31.36.0-255,66,133719,17,324053
35278,0.001778,172.31.36.0-255,66,133785,17,324053
35279,0.003881,172.217.194.0-255,5738,139523,17,324053
35280,0.003891,172.31.36.0-255,66,139589,17,324053
35281,0.005941,172.217.194.0-255,2902,142491,17,324053
35282,0.005945,172.31.36.0-255,66,142557,17,324053
35283,0.005965,172.217.194.0-255,2902,145459,17,324053
35284,0.005968,172.31.36.0-255,66,145525,17,324053
35285,0.007994,172.217.194.0-255,2902,148427,17,324053
35286,0.008003,172.31.36.0-255,66,148493,17,324053
35287,0.008037,172.217.194.0-255,2902,151395,17,324053
35288,0.00804,172.31.36.0-255,66,151461,17,324053
35289,0.01008,172.217.194.0-255,5738,157199,17,324053
35290,0.010095,172.31.36.0-255,66,157265,17,324053
35291,0.012183,172.217.194.0-255,5738,163003,17,324053
35292,0.012194,172.31.36.0-255,66,163069,17,324053
35293,0.014268,172.217.194.0-255,5738,168807,17,324053
35294,0.014281,172.31.36.0-255,66,168873,17,324053
35295,0.016344,172.217.194.0-255,5738,174611,17,324053
35296,0.016359,172.31.36.0-255,66,174677,17,324053
35297,0.018459,172.217.194.0-255,5738,180415,17,324053
35298,0.018474,172.31.36.0-255,66,180481,17,324053
35299,0.020581,172.217.194.0-255,5738,186219,17,324053
35300,0.020592,172.31.36.0-255,66,186285,17,324053
35301,0.022667,172.217.194.0-255,5738,192023,17,324053
35302,0.022682,172.31.36.0-255,66,192089,17,324053
35303,0.024765,172.217.194.0-255,5738,197827,17,324053
35304,0.024779,172.31.36.0-255,66,197893,17,324053
35305,0.026895,172.217.194.0-255,5738,203631,17,324053
35306,0.026912,172.31.36.0-255,66,203697,17,324053
35307,0.029022,172.217.194.0-255,5738,209435,17,324053
35308,0.029036,172.31.36.0-255,66,209501,17,324053
35309,0.031149,172.217.194.0-255,5738,215239,17,324053
35310,0.03116,172.31.36.0-255,66,215305,17,324053
35311,0.031347,172.31.36.0-255,176,215481,17,324053
35312,0.031377,172.31.36.0-255,1118,216599,17,324053
35313,0.031502,172.31.36.0-255,1514,218113,17,324053
35314,0.031505,172.31.36.0-255,1270,219383,17,324053
35315,0.03291,104.244.42.0-255,66,219449,17,324053
35316,0.032945,104.244.42.0-255,66,219515,17,324053
35317,0.033046,104.244.42.0-255,66,219581,17,324053
35318,0.033252,172.217.194.0-255,5738,225319,17,324053
35319,0.033261,172.31.36.0-255,66,225385,17,324053
35320,0.035347,172.217.194.0-255,5738,231123,17,324053
35321,0.035355,172.31.36.0-255,66,231189,17,324053
35322,0.03747,172.217.194.0-255,5738,236927,17,324053
35323,0.037478,172.31.36.0-255,66,236993,17,324053
35324,0.039548,172.217.194.0-255,5738,242731,17,324053
35325,0.039565,172.31.36.0-255,66,242797,17,324053
35326,0.041651,172.217.194.0-255,5738,248535,17,324053
35327,0.04166,172.31.36.0-255,66,248601,17,324053
35328,0.043736,172.217.194.0-255,5738,254339,17,324053
35329,0.043744,172.31.36.0-255,66,254405,17,324053
35330,0.045803,172.217.194.0-255,5738,260143,17,324053
35331,0.04581,172.31.36.0-255,66,260209,17,324053
35332,0.04788,172.217.194.0-255,5738,265947,17,324053
35333,0.047887,172.31.36.0-255,66,266013,17,324053
35334,0.049977,172.217.194.0-255,5738,271751,17,324053
35335,0.049985,172.31.36.0-255,66,271817,17,324053
35336,0.052053,172.217.194.0-255,5738,277555,17,324053
35337,0.052065,172.31.36.0-255,66,277621,17,324053
35338,0.054158,172.217.194.0-255,5738,283359,17,324053
35339,0.054169,172.31.36.0-255,66,283425,17,324053
35340,0.056252,172.217.194.0-255,5738,289163,17,324053
35341,0.056261,172.31.36.0-255,66,289229,17,324053
35342,0.058318,172.217.194.0-255,5738,294967,17,324053
35343,0.058327,172.31.36.0-255,66,295033,17,324053
35344,0.060432,172.217.194.0-255,5738,300771,17,324053
35345,0.060449,172.31.36.0-255,66,300837,17,324053
35346,0.062564,172.217.194.0-255,5738,306575,17,324053
35347,0.062583,172.31.36.0-255,66,306641,17,324053
35348,0.064686,172.217.194.0-255,5738,312379,17,324053
35349,0.064704,172.31.36.0-255,66,312445,17,324053
35350,0.066779,172.217.194.0-255,5738,318183,17,324053
35351,0.066799,172.31.36.0-255,66,318249,17,324053
35352,0.068901,172.217.194.0-255,5738,323987,17,324053
35353,0.068919,172.31.36.0-255,66,324053,17,324053
35354,0.0,74.125.68.0-255,167,167,17,342632
35355,2.3e-05,172.31.36.0-255,66,233,17,342632
35356,3e-05,74.125.68.0-255,1484,1717,17,342632
35357,3.4e-05,172.31.36.0-255,66,1783,17,342632
35358,3.7e-05,74.125.68.0-255,1484,3267,17,342632
35359,4.8e-05,172.31.36.0-255,66,3333,17,342632
35360,5.2e-05,74.125.68.0-255,1484,4817,17,342632
35361,5.4e-05,172.31.36.0-255,66,4883,17,342632
35362,7.6e-05,74.125.68.0-255,1484,6367,17,342632
35363,8.3e-05,172.31.36.0-255,66,6433,17,342632
35364,9.2e-05,74.125.68.0-255,5738,12171,17,342632
35365,9.5e-05,172.31.36.0-255,66,12237,17,342632
35366,0.00012,74.125.68.0-255,1484,13721,17,342632
35367,0.000122,172.31.36.0-255,66,13787,17,342632
35368,0.000159,74.125.68.0-255,4776,18563,17,342632
35369,0.000162,172.31.36.0-255,66,18629,17,342632
35370,0.000166,74.125.68.0-255,2902,21531,17,342632
35371,0.000169,172.31.36.0-255,66,21597,17,342632
35372,0.000174,74.125.68.0-255,4320,25917,17,342632
35373,0.000176,172.31.36.0-255,66,25983,17,342632
35374,0.000213,74.125.68.0-255,5379,31362,17,342632
35375,0.000216,172.31.36.0-255,66,31428,17,342632
35376,0.000428,74.125.68.0-255,1484,32912,17,342632
35377,0.000433,172.31.36.0-255,66,32978,17,342632
35378,0.000439,74.125.68.0-255,2902,35880,17,342632
35379,0.000441,172.31.36.0-255,66,35946,17,342632
35380,0.000483,74.125.68.0-255,2902,38848,17,342632
35381,0.000486,172.31.36.0-255,66,38914,17,342632
35382,0.000503,74.125.68.0-255,1484,40398,17,342632
35383,0.000506,172.31.36.0-255,66,40464,17,342632
35384,0.000511,74.125.68.0-255,2902,43366,17,342632
35385,0.000513,172.31.36.0-255,66,43432,17,342632
35386,0.000545,74.125.68.0-255,4320,47752,17,342632
35387,0.000548,172.31.36.0-255,66,47818,17,342632
35388,0.000553,74.125.68.0-255,2543,50361,17,342632
35389,0.000555,172.31.36.0-255,66,50427,17,342632
35390,0.000586,74.125.68.0-255,2902,53329,17,342632
35391,0.000588,172.31.36.0-255,66,53395,17,342632
35392,0.000593,74.125.68.0-255,2902,56297,17,342632
35393,0.000595,172.31.36.0-255,66,56363,17,342632
35394,0.000625,74.125.68.0-255,4320,60683,17,342632
35395,0.000628,172.31.36.0-255,66,60749,17,342632
35396,0.000654,74.125.68.0-255,4320,65069,17,342632
35397,0.000666,74.125.68.0-255,1431,66500,17,342632
35398,0.000682,74.125.68.0-255,116,66616,17,342632
35399,0.000696,172.31.36.0-255,66,66682,17,342632
35400,0.000794,74.125.68.0-255,1484,68166,17,342632
35401,0.000822,74.125.68.0-255,2902,71068,17,342632
35402,0.000844,172.31.36.0-255,66,71134,17,342632
35403,0.000866,74.125.68.0-255,5738,76872,17,342632
35404,0.000874,74.125.68.0-255,7156,84028,17,342632
35405,0.000893,172.31.36.0-255,66,84094,17,342632
35406,0.000904,74.125.68.0-255,4320,88414,17,342632
35407,0.000909,172.31.36.0-255,66,88480,17,342632
35408,0.000934,74.125.68.0-255,7156,95636,17,342632
35409,0.000947,74.125.68.0-255,1484,97120,17,342632
35410,0.000956,172.31.36.0-255,66,97186,17,342632
35411,0.000974,74.125.68.0-255,3286,100472,17,342632
35412,0.000977,172.31.36.0-255,66,100538,17,342632
35413,0.001026,74.125.68.0-255,4320,104858,17,342632
35414,0.001038,74.125.68.0-255,1484,106342,17,342632
35415,0.001045,74.125.68.0-255,7156,113498,17,342632
35416,0.001047,74.125.68.0-255,1484,114982,17,342632
35417,0.001049,172.31.36.0-255,66,115048,17,342632
35418,0.001055,172.31.36.0-255,66,115114,17,342632
35419,0.001109,74.125.68.0-255,4320,119434,17,342632
35420,0.001124,74.125.68.0-255,3602,123036,17,342632
35421,0.001134,172.31.36.0-255,66,123102,17,342632
35422,0.001928,74.125.68.0-255,1484,124586,17,342632
35423,0.001934,74.125.68.0-255,2902,127488,17,342632
35424,0.001937,172.31.36.0-255,66,127554,17,342632
35425,0.001964,74.125.68.0-255,5738,133292,17,342632
35426,0.001967,172.31.36.0-255,66,133358,17,342632
35427,0.001973,74.125.68.0-255,4320,137678,17,342632
35428,0.001975,172.31.36.0-255,66,137744,17,342632
35429,0.001991,74.125.68.0-255,2902,140646,17,342632
35430,0.001999,172.31.36.0-255,66,140712,17,342632
35431,0.002034,172.31.36.0-255,66,140778,17,342632
35432,0.002064,74.125.68.0-255,3602,144380,17,342632
35433,0.002066,172.31.36.0-255,66,144446,17,342632
35434,0.00209,74.125.68.0-255,4320,148766,17,342632
35435,0.002114,74.125.68.0-255,4320,153086,17,342632
35436,0.002132,74.125.68.0-255,5738,158824,17,342632
35437,0.002135,172.31.36.0-255,66,158890,17,342632
35438,0.002142,172.31.36.0-255,66,158956,17,342632
35439,0.002158,74.125.68.0-255,2902,161858,17,342632
35440,0.002162,172.31.36.0-255,66,161924,17,342632
35441,0.002204,172.31.36.0-255,66,161990,17,342632
35442,0.002213,74.125.68.0-255,2902,164892,17,342632
35443,0.002232,74.125.68.0-255,5020,169912,17,342632
35444,0.002235,172.31.36.0-255,66,169978,17,342632
35445,0.002256,172.31.36.0-255,66,170044,17,342632
35446,0.004491,74.125.68.0-255,5738,175782,17,342632
35447,0.004498,172.31.36.0-255,66,175848,17,342632
35448,0.006736,74.125.68.0-255,5738,181586,17,342632
35449,0.00674,172.31.36.0-255,66,181652,17,342632
35450,0.008994,74.125.68.0-255,5738,187390,17,342632
35451,0.009,172.31.36.0-255,66,187456,17,342632
35452,0.01125,74.125.68.0-255,5738,193194,17,342632
35453,0.011258,172.31.36.0-255,66,193260,17,342632
35454,0.013535,74.125.68.0-255,5738,198998,17,342632
35455,0.013543,172.31.36.0-255,66,199064,17,342632
35456,0.015797,74.125.68.0-255,5738,204802,17,342632
35457,0.015806,172.31.36.0-255,66,204868,17,342632
35458,0.018075,74.125.68.0-255,5738,210606,17,342632
35459,0.018084,172.31.36.0-255,66,210672,17,342632
35460,0.020344,74.125.68.0-255,5738,216410,17,342632
35461,0.020353,172.31.36.0-255,66,216476,17,342632
35462,0.022609,74.125.68.0-255,5738,222214,17,342632
35463,0.022618,172.31.36.0-255,66,222280,17,342632
35464,0.024902,74.125.68.0-255,5738,228018,17,342632
35465,0.024919,172.31.36.0-255,66,228084,17,342632
35466,0.027177,74.125.68.0-255,5738,233822,17,342632
35467,0.027193,172.31.36.0-255,66,233888,17,342632
35468,0.029458,74.125.68.0-255,5738,239626,17,342632
35469,0.029474,172.31.36.0-255,66,239692,17,342632
35470,0.031728,74.125.68.0-255,5738,245430,17,342632
35471,0.031737,172.31.36.0-255,66,245496,17,342632
35472,0.034006,74.125.68.0-255,5738,251234,17,342632
35473,0.03402,172.31.36.0-255,66,251300,17,342632
35474,0.036319,74.125.68.0-255,5738,257038,17,342632
35475,0.036327,172.31.36.0-255,66,257104,17,342632
35476,0.038576,74.125.68.0-255,5738,262842,17,342632
35477,0.038588,172.31.36.0-255,66,262908,17,342632
35478,0.040858,74.125.68.0-255,5738,268646,17,342632
35479,0.040873,172.31.36.0-255,66,268712,17,342632
35480,0.0423,172.31.36.0-255,172,268884,17,342632
35481,0.042329,172.31.36.0-255,1117,270001,17,342632
35482,0.042399,172.31.36.0-255,1514,271515,17,342632
35483,0.042401,172.31.36.0-255,1271,272786,17,342632
35484,0.043122,74.125.68.0-255,5738,278524,17,342632
35485,0.043128,172.31.36.0-255,66,278590,17,342632
35486,0.043864,104.244.42.0-255,66,278656,17,342632
35487,0.0439,104.244.42.0-255,66,278722,17,342632
35488,0.043952,104.244.42.0-255,66,278788,17,342632
35489,0.045382,74.125.68.0-255,5738,284526,17,342632
35490,0.045388,172.31.36.0-255,66,284592,17,342632
35491,0.04763,74.125.68.0-255,5738,290330,17,342632
35492,0.047637,172.31.36.0-255,66,290396,17,342632
35493,0.049884,74.125.68.0-255,5738,296134,17,342632
35494,0.049891,172.31.36.0-255,66,296200,17,342632
35495,0.052141,74.125.68.0-255,5738,301938,17,342632
35496,0.052148,172.31.36.0-255,66,302004,17,342632
35497,0.054404,74.125.68.0-255,5738,307742,17,342632
35498,0.054411,172.31.36.0-255,66,307808,17,342632
35499,0.056661,74.125.68.0-255,5738,313546,17,342632
35500,0.056668,172.31.36.0-255,66,313612,17,342632
35501,0.058933,74.125.68.0-255,5738,319350,17,342632
35502,0.05894,172.31.36.0-255,66,319416,17,342632
35503,0.061207,74.125.68.0-255,5738,325154,17,342632
35504,0.061213,172.31.36.0-255,66,325220,17,342632
35505,0.063474,74.125.68.0-255,5738,330958,17,342632
35506,0.063482,172.31.36.0-255,66,331024,17,342632
35507,0.065745,74.125.68.0-255,5738,336762,17,342632
35508,0.065758,172.31.36.0-255,66,336828,17,342632
35509,0.06802,74.125.68.0-255,5738,342566,17,342632
35510,0.068032,172.31.36.0-255,66,342632,17,342632
35511,0.0,74.125.68.0-255,214,214,17,291924
35512,2.7e-05,172.31.36.0-255,66,280,17,291924
35513,3.4e-05,74.125.68.0-255,1484,1764,17,291924
35514,3.8e-05,172.31.36.0-255,66,1830,17,291924
35515,4.4e-05,74.125.68.0-255,4320,6150,17,291924
35516,4.7e-05,172.31.36.0-255,66,6216,17,291924
35517,8e-05,74.125.68.0-255,5738,11954,17,291924
35518,8.3e-05,172.31.36.0-255,66,12020,17,291924
35519,0.000106,74.125.68.0-255,6124,18144,17,291924
35520,0.000109,172.31.36.0-255,66,18210,17,291924
35521,0.000141,74.125.68.0-255,4320,22530,17,291924
35522,0.000144,172.31.36.0-255,66,22596,17,291924
35523,0.00016,74.125.68.0-255,2902,25498,17,291924
35524,0.000163,172.31.36.0-255,66,25564,17,291924
35525,0.000205,74.125.68.0-255,5379,30943,17,291924
35526,0.000209,172.31.36.0-255,66,31009,17,291924
35527,0.000264,74.125.68.0-255,1484,32493,17,291924
35528,0.000267,172.31.36.0-255,66,32559,17,291924
35529,0.000291,74.125.68.0-255,2902,35461,17,291924
35530,0.000293,172.31.36.0-255,66,35527,17,291924
35531,0.000322,74.125.68.0-255,5738,41265,17,291924
35532,0.000326,172.31.36.0-255,66,41331,17,291924
35533,0.000347,74.125.68.0-255,6797,48128,17,291924
35534,0.000351,172.31.36.0-255,66,48194,17,291924
35535,0.000371,74.125.68.0-255,1484,49678,17,291924
35536,0.000374,172.31.36.0-255,66,49744,17,291924
35537,0.000388,74.125.68.0-255,2902,52646,17,291924
35538,0.000391,172.31.36.0-255,66,52712,17,291924
35539,0.000408,74.125.68.0-255,5738,58450,17,291924
35540,0.000411,172.31.36.0-255,66,58516,17,291924
35541,0.000453,74.125.68.0-255,1484,60000,17,291924
35542,0.000456,172.31.36.0-255,66,60066,17,291924
35543,0.000461,74.125.68.0-255,2902,62968,17,291924
35544,0.000463,172.31.36.0-255,66,63034,17,291924
35545,0.000482,74.125.68.0-255,2543,65577,17,291924
35546,0.000484,74.125.68.0-255,364,65941,17,291924
35547,0.000487,172.31.36.0-255,66,66007,17,291924
35548,0.000608,74.125.68.0-255,1484,67491,17,291924
35549,0.000613,172.31.36.0-255,66,67557,17,291924
35550,0.000619,74.125.68.0-255,2902,70459,17,291924
35551,0.00062,172.31.36.0-255,66,70525,17,291924
35552,0.000647,74.125.68.0-255,4320,74845,17,291924
35553,0.00065,172.31.36.0-255,66,74911,17,291924
35554,0.000669,74.125.68.0-255,1484,76395,17,291924
35555,0.000675,74.125.68.0-255,4320,80715,17,291924
35556,0.000677,172.31.36.0-255,66,80781,17,291924
35557,0.000698,74.125.68.0-255,5738,86519,17,291924
35558,0.000701,172.31.36.0-255,66,86585,17,291924
35559,0.000744,74.125.68.0-255,5738,92323,17,291924
35560,0.000748,172.31.36.0-255,66,92389,17,291924
35561,0.000788,74.125.68.0-255,2902,95291,17,291924
35562,0.000793,172.31.36.0-255,66,95357,17,291924
35563,0.000801,74.125.68.0-255,4320,99677,17,291924
35564,0.000803,172.31.36.0-255,66,99743,17,291924
35565,0.000833,74.125.68.0-255,766,100509,17,291924
35566,0.000845,74.125.68.0-255,1799,102308,17,291924
35567,0.000848,172.31.36.0-255,66,102374,17,291924
35568,0.000868,74.125.68.0-255,2902,105276,17,291924
35569,0.000871,172.31.36.0-255,66,105342,17,291924
35570,0.000889,74.125.68.0-255,4320,109662,17,291924
35571,0.000893,172.31.36.0-255,66,109728,17,291924
35572,0.000922,74.125.68.0-255,5738,115466,17,291924
35573,0.000926,172.31.36.0-255,66,115532,17,291924
35574,0.000945,74.125.68.0-255,2902,118434,17,291924
35575,0.000948,172.31.36.0-255,66,118500,17,291924
35576,0.000993,74.125.68.0-255,5738,124238,17,291924
35577,0.000998,172.31.36.0-255,66,124304,17,291924
35578,0.001014,74.125.68.0-255,4320,128624,17,291924
35579,0.001017,172.31.36.0-255,66,128690,17,291924
35580,0.001068,74.125.68.0-255,5738,134428,17,291924
35581,0.001071,172.31.36.0-255,66,134494,17,291924
35582,0.001091,74.125.68.0-255,766,135260,17,291924
35583,0.001139,74.125.68.0-255,5738,140998,17,291924
35584,0.001144,172.31.36.0-255,66,141064,17,291924
35585,0.001161,74.125.68.0-255,4320,145384,17,291924
35586,0.001164,172.31.36.0-255,66,145450,17,291924
35587,0.001185,74.125.68.0-255,2902,148352,17,291924
35588,0.001189,172.31.36.0-255,66,148418,17,291924
35589,0.001206,74.125.68.0-255,1484,149902,17,291924
35590,0.001242,172.31.36.0-255,66,149968,17,291924
35591,0.001297,74.125.68.0-255,1484,151452,17,291924
35592,0.001324,172.31.36.0-255,66,151518,17,291924
35593,0.001376,74.125.68.0-255,4320,155838,17,291924
35594,0.001379,172.31.36.0-255,66,155904,17,291924
35595,0.001428,172.31.36.0-255,66,155970,17,291924
35596,0.001447,74.125.68.0-255,4320,160290,17,291924
35597,0.00145,172.31.36.0-255,66,160356,17,291924
35598,0.001527,74.125.68.0-255,2902,163258,17,291924
35599,0.00153,172.31.36.0-255,66,163324,17,291924
35600,0.001566,172.31.36.0-255,66,163390,17,291924
35601,0.001637,74.125.68.0-255,5738,169128,17,291924
35602,0.001642,172.31.36.0-255,66,169194,17,291924
35603,0.001674,172.31.36.0-255,66,169260,17,291924
35604,0.001738,74.125.68.0-255,1484,170744,17,291924
35605,0.001767,172.31.36.0-255,66,170810,17,291924
35606,0.001834,172.31.36.0-255,66,170876,17,291924
35607,0.001904,74.125.68.0-255,1484,172360,17,291924
35608,0.001922,74.125.68.0-255,1484,173844,17,291924
35609,0.001925,172.31.36.0-255,66,173910,17,291924
35610,0.001944,74.125.68.0-255,2902,176812,17,291924
35611,0.001947,172.31.36.0-255,66,176878,17,291924
35612,0.001974,74.125.68.0-255,5738,182616,17,291924
35613,0.001976,172.31.36.0-255,66,182682,17,291924
35614,0.002007,74.125.68.0-255,4320,187002,17,291924
35615,0.002011,172.31.36.0-255,66,187068,17,291924
35616,0.002027,74.125.68.0-255,2902,189970,17,291924
35617,0.00203,172.31.36.0-255,66,190036,17,291924
35618,0.002043,74.125.68.0-255,2902,192938,17,291924
35619,0.002045,172.31.36.0-255,66,193004,17,291924
35620,0.002077,172.31.36.0-255,66,193070,17,291924
35621,0.002096,74.125.68.0-255,2902,195972,17,291924
35622,0.002098,172.31.36.0-255,66,196038,17,291924
35623,0.002142,74.125.68.0-255,766,196804,17,291924
35624,0.002164,74.125.68.0-255,7156,203960,17,291924
35625,0.002169,172.31.36.0-255,66,204026,17,291924
35626,0.002195,172.31.36.0-255,66,204092,17,291924
35627,0.002286,74.125.68.0-255,4320,208412,17,291924
35628,0.00229,172.31.36.0-255,66,208478,17,291924
35629,0.002315,172.31.36.0-255,66,208544,17,291924
35630,0.002472,172.31.36.0-255,66,208610,17,291924
35631,0.002498,74.125.68.0-255,5738,214348,17,291924
35632,0.002501,172.31.36.0-255,66,214414,17,291924
35633,0.002575,74.125.68.0-255,5738,220152,17,291924
35634,0.00258,172.31.36.0-255,66,220218,17,291924
35635,0.002622,172.31.36.0-255,66,220284,17,291924
35636,0.004862,74.125.68.0-255,5738,226022,17,291924
35637,0.004869,172.31.36.0-255,66,226088,17,291924
35638,0.007157,74.125.68.0-255,5738,231826,17,291924
35639,0.007165,172.31.36.0-255,66,231892,17,291924
35640,0.009408,74.125.68.0-255,5738,237630,17,291924
35641,0.009415,172.31.36.0-255,66,237696,17,291924
35642,0.01166,74.125.68.0-255,5738,243434,17,291924
35643,0.011667,172.31.36.0-255,66,243500,17,291924
35644,0.013914,74.125.68.0-255,5738,249238,17,291924
35645,0.013921,172.31.36.0-255,66,249304,17,291924
35646,0.016174,74.125.68.0-255,5738,255042,17,291924
35647,0.016181,172.31.36.0-255,66,255108,17,291924
35648,0.018429,74.125.68.0-255,5738,260846,17,291924
35649,0.018437,172.31.36.0-255,66,260912,17,291924
35650,0.020697,74.125.68.0-255,5738,266650,17,291924
35651,0.020705,172.31.36.0-255,66,266716,17,291924
35652,0.022949,74.125.68.0-255,5738,272454,17,291924
35653,0.022955,172.31.36.0-255,66,272520,17,291924
35654,0.025197,74.125.68.0-255,5738,278258,17,291924
35655,0.025203,172.31.36.0-255,66,278324,17,291924
35656,0.027448,74.125.68.0-255,5738,284062,17,291924
35657,0.027456,172.31.36.0-255,66,284128,17,291924
35658,0.029708,74.125.68.0-255,2588,286716,17,291924
35659,0.029715,172.31.36.0-255,66,286782,17,291924
35660,0.029873,172.31.36.0-255,105,286887,17,291924
35661,0.029924,172.31.36.0-255,105,286992,17,291924
35662,0.030149,172.31.36.0-255,90,287082,17,291924
35663,0.030158,172.31.36.0-255,66,287148,17,291924
35664,0.032073,74.125.68.0-255,66,287214,17,291924
35665,0.032118,74.125.68.0-255,66,287280,17,291924
35666,0.032343,74.125.68.0-255,66,287346,17,291924
35667,0.032375,74.125.68.0-255,66,287412,17,291924
35668,0.032381,172.31.36.0-255,66,287478,17,291924
35669,0.033918,172.31.36.0-255,172,287650,17,291924
35670,0.033961,172.31.36.0-255,1118,288768,17,291924
35671,0.034032,172.31.36.0-255,1514,290282,17,291924
35672,0.034034,172.31.36.0-255,1270,291552,17,291924
35673,0.035485,104.244.42.0-255,66,291618,17,291924
35674,0.035524,104.244.42.0-255,66,291684,17,291924
35675,0.035574,104.244.42.0-255,66,291750,17,291924
35676,0.036252,104.244.42.0-255,108,291858,17,291924
35677,0.036259,172.31.36.0-255,66,291924,17,291924
35678,0.0,74.125.24.0-255,153,153,17,333419
35679,2.4e-05,172.31.36.0-255,66,219,17,333419
35680,3.1e-05,74.125.24.0-255,1484,1703,17,333419
35681,3.5e-05,172.31.36.0-255,66,1769,17,333419
35682,4e-05,74.125.24.0-255,2902,4671,17,333419
35683,4.3e-05,172.31.36.0-255,66,4737,17,333419
35684,5.1e-05,74.125.24.0-255,7156,11893,17,333419
35685,5.3e-05,172.31.36.0-255,66,11959,17,333419
35686,0.000101,172.31.36.0-255,66,12025,17,333419
35687,0.000128,172.31.36.0-255,66,12091,17,333419
35688,0.000132,74.125.24.0-255,2543,14634,17,333419
35689,0.000135,172.31.36.0-255,66,14700,17,333419
35690,0.00018,74.125.24.0-255,1484,16184,17,333419
35691,0.000183,172.31.36.0-255,66,16250,17,333419
35692,0.000204,74.125.24.0-255,2902,19152,17,333419
35693,0.000206,172.31.36.0-255,66,19218,17,333419
35694,0.000212,74.125.24.0-255,5738,24956,17,333419
35695,0.000215,172.31.36.0-255,66,25022,17,333419
35696,0.000232,74.125.24.0-255,1484,26506,17,333419
35697,0.000235,172.31.36.0-255,66,26572,17,333419
35698,0.000265,172.31.36.0-255,66,26638,17,333419
35699,0.000286,74.125.24.0-255,4320,30958,17,333419
35700,0.000289,172.31.36.0-255,66,31024,17,333419
35701,0.000307,74.125.24.0-255,7066,38090,17,333419
35702,0.000311,172.31.36.0-255,66,38156,17,333419
35703,0.000314,74.125.24.0-255,417,38573,17,333419
35704,0.000318,172.31.36.0-255,66,38639,17,333419
35705,0.000528,74.125.24.0-255,1484,40123,17,333419
35706,0.000532,172.31.36.0-255,66,40189,17,333419
35707,0.000554,74.125.24.0-255,2902,43091,17,333419
35708,0.000561,74.125.24.0-255,5738,48829,17,333419
35709,0.000565,172.31.36.0-255,66,48895,17,333419
35710,0.000579,74.125.24.0-255,5738,54633,17,333419
35711,0.000594,172.31.36.0-255,66,54699,17,333419
35712,0.000596,74.125.24.0-255,7156,61855,17,333419
35713,0.000609,172.31.36.0-255,66,61921,17,333419
35714,0.000616,74.125.24.0-255,4320,66241,17,333419
35715,0.000619,172.31.36.0-255,66,66307,17,333419
35716,0.000635,74.125.24.0-255,2902,69209,17,333419
35717,0.000639,172.31.36.0-255,66,69275,17,333419
35718,0.000666,74.125.24.0-255,3053,72328,17,333419
35719,0.000672,172.31.36.0-255,66,72394,17,333419
35720,0.000682,74.125.24.0-255,1484,73878,17,333419
35721,0.000695,74.125.24.0-255,2902,76780,17,333419
35722,0.000699,172.31.36.0-255,66,76846,17,333419
35723,0.000714,74.125.24.0-255,5738,82584,17,333419
35724,0.000727,172.31.36.0-255,66,82650,17,333419
35725,0.000736,74.125.24.0-255,7156,89806,17,333419
35726,0.00074,172.31.36.0-255,66,89872,17,333419
35727,0.000757,74.125.24.0-255,4320,94192,17,333419
35728,0.000765,172.31.36.0-255,66,94258,17,333419
35729,0.00077,172.31.36.0-255,66,94324,17,333419
35730,0.000785,74.125.24.0-255,1484,95808,17,333419
35731,0.000804,74.125.24.0-255,2184,97992,17,333419
35732,0.000814,172.31.36.0-255,66,98058,17,333419
35733,0.001087,74.125.24.0-255,1484,99542,17,333419
35734,0.001092,74.125.24.0-255,2902,102444,17,333419
35735,0.001096,172.31.36.0-255,66,102510,17,333419
35736,0.001099,74.125.24.0-255,1484,103994,17,333419
35737,0.001116,74.125.24.0-255,4320,108314,17,333419
35738,0.001121,172.31.36.0-255,66,108380,17,333419
35739,0.001128,74.125.24.0-255,1484,109864,17,333419
35740,0.001161,74.125.24.0-255,5738,115602,17,333419
35741,0.001164,172.31.36.0-255,66,115668,17,333419
35742,0.001168,172.31.36.0-255,66,115734,17,333419
35743,0.001207,74.125.24.0-255,5020,120754,17,333419
35744,0.001211,172.31.36.0-255,66,120820,17,333419
35745,0.001305,74.125.24.0-255,1484,122304,17,333419
35746,0.001311,74.125.24.0-255,2902,125206,17,333419
35747,0.001317,172.31.36.0-255,66,125272,17,333419
35748,0.001331,74.125.24.0-255,5738,131010,17,333419
35749,0.001342,172.31.36.0-255,66,131076,17,333419
35750,0.001343,74.125.24.0-255,1484,132560,17,333419
35751,0.001371,172.31.36.0-255,66,132626,17,333419
35752,0.001444,74.125.24.0-255,5738,138364,17,333419
35753,0.001449,172.31.36.0-255,66,138430,17,333419
35754,0.001483,172.31.36.0-255,66,138496,17,333419
35755,0.00151,74.125.24.0-255,1484,139980,17,333419
35756,0.001523,74.125.24.0-255,2902,142882,17,333419
35757,0.001531,172.31.36.0-255,66,142948,17,333419
35758,0.001544,74.125.24.0-255,5738,148686,17,333419
35759,0.001548,74.125.24.0-255,2902,151588,17,333419
35760,0.001561,172.31.36.0-255,66,151654,17,333419
35761,0.001564,74.125.24.0-255,1484,153138,17,333419
35762,0.001569,74.125.24.0-255,4320,157458,17,333419
35763,0.001571,172.31.36.0-255,66,157524,17,333419
35764,0.0016,74.125.24.0-255,7156,164680,17,333419
35765,0.001609,172.31.36.0-255,66,164746,17,333419
35766,0.001614,172.31.36.0-255,66,164812,17,333419
35767,0.001773,74.125.24.0-255,1484,166296,17,333419
35768,0.001778,74.125.24.0-255,2902,169198,17,333419
35769,0.001782,172.31.36.0-255,66,169264,17,333419
35770,0.001785,74.125.24.0-255,1484,170748,17,333419
35771,0.001806,74.125.24.0-255,4320,175068,17,333419
35772,0.001811,74.125.24.0-255,4320,179388,17,333419
35773,0.001813,172.31.36.0-255,66,179454,17,333419
35774,0.001818,172.31.36.0-255,66,179520,17,333419
35775,0.001828,74.125.24.0-255,2902,182422,17,333419
35776,0.001834,172.31.36.0-255,66,182488,17,333419
35777,0.001857,172.31.36.0-255,66,182554,17,333419
35778,0.001868,74.125.24.0-255,4320,186874,17,333419
35779,0.001873,172.31.36.0-255,66,186940,17,333419
35780,0.001881,74.125.24.0-255,3602,190542,17,333419
35781,0.001888,172.31.36.0-255,66,190608,17,333419
35782,0.001917,74.125.24.0-255,1484,192092,17,333419
35783,0.001936,74.125.24.0-255,2902,194994,17,333419
35784,0.001943,74.125.24.0-255,5738,200732,17,333419
35785,0.001942,172.31.36.0-255,66,200798,17,333419
35786,0.001945,74.125.24.0-255,1484,202282,17,333419
35787,0.00195,172.31.36.0-255,66,202348,17,333419
35788,0.001964,74.125.24.0-255,2902,205250,17,333419
35789,0.001977,172.31.36.0-255,66,205316,17,333419
35790,0.00198,74.125.24.0-255,5738,211054,17,333419
35791,0.002,172.31.36.0-255,66,211120,17,333419
35792,0.002002,74.125.24.0-255,5738,216858,17,333419
35793,0.002013,172.31.36.0-255,66,216924,17,333419
35794,0.004071,74.125.24.0-255,5738,222662,17,333419
35795,0.004079,172.31.36.0-255,66,222728,17,333419
35796,0.006159,74.125.24.0-255,4320,227048,17,333419
35797,0.006173,74.125.24.0-255,1484,228532,17,333419
35798,0.00688,172.31.36.0-255,66,228598,17,333419
35799,0.008948,74.125.24.0-255,5738,234336,17,333419
35800,0.008954,172.31.36.0-255,66,234402,17,333419
35801,0.010999,74.125.24.0-255,5738,240140,17,333419
35802,0.011005,172.31.36.0-255,66,240206,17,333419
35803,0.013063,74.125.24.0-255,5738,245944,17,333419
35804,0.013071,172.31.36.0-255,66,246010,17,333419
35805,0.015126,74.125.24.0-255,5738,251748,17,333419
35806,0.015133,172.31.36.0-255,66,251814,17,333419
35807,0.017233,74.125.24.0-255,5738,257552,17,333419
35808,0.017241,172.31.36.0-255,66,257618,17,333419
35809,0.019304,74.125.24.0-255,5738,263356,17,333419
35810,0.019312,172.31.36.0-255,66,263422,17,333419
35811,0.021353,74.125.24.0-255,5738,269160,17,333419
35812,0.021358,172.31.36.0-255,66,269226,17,333419
35813,0.023434,74.125.24.0-255,5738,274964,17,333419
35814,0.02344,172.31.36.0-255,66,275030,17,333419
35815,0.025489,74.125.24.0-255,5738,280768,17,333419
35816,0.025497,172.31.36.0-255,66,280834,17,333419
35817,0.027563,74.125.24.0-255,5738,286572,17,333419
35818,0.02757,172.31.36.0-255,66,286638,17,333419
35819,0.02967,74.125.24.0-255,5738,292376,17,333419
35820,0.029677,172.31.36.0-255,66,292442,17,333419
35821,0.031743,74.125.24.0-255,5738,298180,17,333419
35822,0.03175,172.31.36.0-255,66,298246,17,333419
35823,0.033855,74.125.24.0-255,5738,303984,17,333419
35824,0.033861,172.31.36.0-255,66,304050,17,333419
35825,0.034481,172.31.36.0-255,171,304221,17,333419
35826,0.034509,172.31.36.0-255,1143,305364,17,333419
35827,0.034618,172.31.36.0-255,1514,306878,17,333419
35828,0.03462,172.31.36.0-255,1245,308123,17,333419
35829,0.035916,74.125.24.0-255,5738,313861,17,333419
35830,0.035922,172.31.36.0-255,66,313927,17,333419
35831,0.036067,104.244.42.0-255,66,313993,17,333419
35832,0.036073,104.244.42.0-255,66,314059,17,333419
35833,0.036209,104.244.42.0-255,66,314125,17,333419
35834,0.038026,74.125.24.0-255,5738,319863,17,333419
35835,0.038032,172.31.36.0-255,66,319929,17,333419
35836,0.040111,74.125.24.0-255,5738,325667,17,333419
35837,0.040117,172.31.36.0-255,66,325733,17,333419
35838,0.042179,74.125.24.0-255,5738,331471,17,333419
35839,0.042185,172.31.36.0-255,66,331537,17,333419
35840,0.044253,74.125.24.0-255,1645,333182,17,333419
35841,0.044292,172.31.36.0-255,66,333248,17,333419
35842,0.044436,172.31.36.0-255,105,333353,17,333419
35843,0.046469,74.125.24.0-255,66,333419,17,333419
35844,0.0,172.217.194.0-255,150,150,17,235163
35845,1.7e-05,172.31.36.0-255,66,216,17,235163
35846,2.4e-05,172.217.194.0-255,1484,1700,17,235163
35847,2.9e-05,172.31.36.0-255,66,1766,17,235163
35848,3.5e-05,172.217.194.0-255,2902,4668,17,235163
35849,4.7e-05,172.31.36.0-255,66,4734,17,235163
35850,5.4e-05,172.217.194.0-255,7156,11890,17,235163
35851,5.8e-05,172.31.36.0-255,66,11956,17,235163
35852,0.000101,172.31.36.0-255,66,12022,17,235163
35853,0.000109,172.217.194.0-255,7156,19178,17,235163
35854,0.000112,172.31.36.0-255,66,19244,17,235163
35855,0.00014,172.217.194.0-255,2543,21787,17,235163
35856,0.000143,172.31.36.0-255,66,21853,17,235163
35857,0.000159,172.217.194.0-255,1484,23337,17,235163
35858,0.000162,172.31.36.0-255,66,23403,17,235163
35859,0.000167,172.217.194.0-255,2902,26305,17,235163
35860,0.000169,172.31.36.0-255,66,26371,17,235163
35861,0.000176,172.217.194.0-255,5738,32109,17,235163
35862,0.000179,172.31.36.0-255,66,32175,17,235163
35863,0.000186,172.217.194.0-255,6797,38972,17,235163
35864,0.000188,172.31.36.0-255,66,39038,17,235163
35865,0.000269,172.217.194.0-255,1484,40522,17,235163
35866,0.000272,172.31.36.0-255,66,40588,17,235163
35867,0.000278,172.217.194.0-255,2902,43490,17,235163
35868,0.000281,172.31.36.0-255,66,43556,17,235163
35869,0.000293,172.217.194.0-255,5738,49294,17,235163
35870,0.000295,172.31.36.0-255,66,49360,17,235163
35871,0.000343,172.217.194.0-255,7098,56458,17,235163
35872,0.000354,172.31.36.0-255,66,56524,17,235163
35873,0.000426,172.217.194.0-255,378,56902,17,235163
35874,0.000429,172.31.36.0-255,66,56968,17,235163
35875,0.000607,172.217.194.0-255,1484,58452,17,235163
35876,0.000614,172.217.194.0-255,2902,61354,17,235163
35877,0.000621,172.217.194.0-255,5738,67092,17,235163
35878,0.000645,172.217.194.0-255,4320,71412,17,235163
35879,0.000662,172.217.194.0-255,2543,73955,17,235163
35880,0.000764,172.217.194.0-255,4320,78275,17,235163
35881,0.000769,172.217.194.0-255,3961,82236,17,235163
35882,0.000941,172.31.36.0-255,66,82302,17,235163
35883,0.001196,172.217.194.0-255,1484,83786,17,235163
35884,0.001203,172.217.194.0-255,2902,86688,17,235163
35885,0.001221,172.217.194.0-255,5738,92426,17,235163
35886,0.001236,172.217.194.0-255,2902,95328,17,235163
35887,0.001262,172.217.194.0-255,5738,101066,17,235163
35888,0.001277,172.31.36.0-255,66,101132,17,235163
35889,0.001283,172.217.194.0-255,4320,105452,17,235163
35890,0.001288,172.31.36.0-255,66,105518,17,235163
35891,0.001317,172.217.194.0-255,2184,107702,17,235163
35892,0.001323,172.217.194.0-255,2902,110604,17,235163
35893,0.001329,172.217.194.0-255,7156,117760,17,235163
35894,0.001342,172.31.36.0-255,66,117826,17,235163
35895,0.001382,172.217.194.0-255,6438,124264,17,235163
35896,0.001396,172.31.36.0-255,66,124330,17,235163
35897,0.001409,172.217.194.0-255,2902,127232,17,235163
35898,0.001448,172.31.36.0-255,66,127298,17,235163
35899,0.001456,172.31.36.0-255,66,127364,17,235163
35900,0.001508,172.31.36.0-255,66,127430,17,235163
35901,0.001601,172.217.194.0-255,1484,128914,17,235163
35902,0.001606,172.217.194.0-255,2902,131816,17,235163
35903,0.001612,172.217.194.0-255,4320,136136,17,235163
35904,0.001629,172.217.194.0-255,1484,137620,17,235163
35905,0.001651,172.217.194.0-255,4320,141940,17,235163
35906,0.001658,172.31.36.0-255,66,142006,17,235163
35907,0.001702,172.31.36.0-255,66,142072,17,235163
35908,0.00177,172.217.194.0-255,1484,143556,17,235163
35909,0.001789,172.217.194.0-255,2902,146458,17,235163
35910,0.001807,172.217.194.0-255,5738,152196,17,235163
35911,0.001812,172.217.194.0-255,4320,156516,17,235163
35912,0.00182,172.31.36.0-255,66,156582,17,235163
35913,0.00184,172.217.194.0-255,5738,162320,17,235163
35914,0.001846,172.31.36.0-255,66,162386,17,235163
35915,0.001883,172.31.36.0-255,66,162452,17,235163
35916,0.001894,172.217.194.0-255,5020,167472,17,235163
35917,0.001912,172.31.36.0-255,66,167538,17,235163
35918,0.001922,172.217.194.0-255,5738,173276,17,235163
35919,0.001934,172.217.194.0-255,7156,180432,17,235163
35920,0.00197,172.31.36.0-255,66,180498,17,235163
35921,0.002015,172.217.194.0-255,6438,186936,17,235163
35922,0.002022,172.217.194.0-255,7156,194092,17,235163
35923,0.002038,172.217.194.0-255,2902,196994,17,235163
35924,0.00206,172.31.36.0-255,66,197060,17,235163
35925,0.002063,172.217.194.0-255,1484,198544,17,235163
35926,0.002107,172.31.36.0-255,66,198610,17,235163
35927,0.002136,172.217.194.0-255,5738,204348,17,235163
35928,0.002141,172.217.194.0-255,4320,208668,17,235163
35929,0.002148,172.31.36.0-255,66,208734,17,235163
35930,0.002156,172.217.194.0-255,2902,211636,17,235163
35931,0.00219,172.217.194.0-255,2902,214538,17,235163
35932,0.002193,172.217.194.0-255,1484,216022,17,235163
35933,0.002199,172.31.36.0-255,66,216088,17,235163
35934,0.002235,172.31.36.0-255,66,216154,17,235163
35935,0.002285,172.217.194.0-255,5738,221892,17,235163
35936,0.002298,172.31.36.0-255,66,221958,17,235163
35937,0.002304,172.217.194.0-255,5711,227669,17,235163
35938,0.002306,172.217.194.0-255,105,227774,17,235163
35939,0.002315,172.31.36.0-255,66,227840,17,235163
35940,0.010608,172.31.36.0-255,105,227945,17,235163
35941,0.013189,172.217.194.0-255,66,228011,17,235163
35942,0.030412,172.31.36.0-255,176,228187,17,235163
35943,0.030443,172.31.36.0-255,1116,229303,17,235163
35944,0.030507,172.31.36.0-255,1514,230817,17,235163
35945,0.030509,172.31.36.0-255,1514,232331,17,235163
35946,0.030513,172.31.36.0-255,1514,233845,17,235163
35947,0.030515,172.31.36.0-255,1054,234899,17,235163
35948,0.03196,104.244.42.0-255,66,234965,17,235163
35949,0.032001,104.244.42.0-255,66,235031,17,235163
35950,0.032069,104.244.42.0-255,66,235097,17,235163
35951,0.032083,104.244.42.0-255,66,235163,17,235163
35952,0.0,172.31.36.0-255,105,105,17,276
35953,0.069642,31.13.82.0-255,105,210,17,276
35954,0.069663,172.31.36.0-255,66,276,17,276
35955,0.0,172.217.194.0-255,153,153,17,259958
35956,1.6e-05,172.31.36.0-255,66,219,17,259958
35957,2.3e-05,172.217.194.0-255,1484,1703,17,259958
35958,2.7e-05,172.31.36.0-255,66,1769,17,259958
35959,3.3e-05,172.217.194.0-255,2902,4671,17,259958
35960,3.5e-05,172.31.36.0-255,66,4737,17,259958
35961,4.3e-05,172.217.194.0-255,7156,11893,17,259958
35962,4.7e-05,172.31.36.0-255,66,11959,17,259958
35963,5.1e-05,172.217.194.0-255,1484,13443,17,259958
35964,5.4e-05,172.31.36.0-255,66,13509,17,259958
35965,9.4e-05,172.31.36.0-255,66,13575,17,259958
35966,9.7e-05,172.217.194.0-255,1484,15059,17,259958
35967,9.9e-05,172.31.36.0-255,66,15125,17,259958
35968,0.000138,172.217.194.0-255,5379,20504,17,259958
35969,0.000141,172.31.36.0-255,66,20570,17,259958
35970,0.000204,172.217.194.0-255,1484,22054,17,259958
35971,0.000208,172.31.36.0-255,66,22120,17,259958
35972,0.000213,172.217.194.0-255,2902,25022,17,259958
35973,0.000215,172.31.36.0-255,66,25088,17,259958
35974,0.000242,172.217.194.0-255,5738,30826,17,259958
35975,0.000245,172.31.36.0-255,66,30892,17,259958
35976,0.000251,172.217.194.0-255,4320,35212,17,259958
35977,0.000253,172.31.36.0-255,66,35278,17,259958
35978,0.000276,172.31.36.0-255,66,35344,17,259958
35979,0.000288,172.31.36.0-255,66,35410,17,259958
35980,0.000566,172.217.194.0-255,646,36056,17,259958
35981,0.000571,172.31.36.0-255,66,36122,17,259958
35982,0.000823,172.217.194.0-255,1484,37606,17,259958
35983,0.000828,172.31.36.0-255,66,37672,17,259958
35984,0.000834,172.217.194.0-255,2902,40574,17,259958
35985,0.000836,172.31.36.0-255,66,40640,17,259958
35986,0.000843,172.217.194.0-255,5738,46378,17,259958
35987,0.000845,172.31.36.0-255,66,46444,17,259958
35988,0.000869,172.217.194.0-255,2902,49346,17,259958
35989,0.000872,172.31.36.0-255,66,49412,17,259958
35990,0.000894,172.217.194.0-255,3412,52824,17,259958
35991,0.000896,172.31.36.0-255,66,52890,17,259958
35992,0.000974,172.217.194.0-255,1484,54374,17,259958
35993,0.000981,172.217.194.0-255,2902,57276,17,259958
35994,0.000983,172.31.36.0-255,66,57342,17,259958
35995,0.001008,172.217.194.0-255,5738,63080,17,259958
35996,0.001011,172.31.36.0-255,66,63146,17,259958
35997,0.001036,172.217.194.0-255,2902,66048,17,259958
35998,0.001038,172.31.36.0-255,66,66114,17,259958
35999,0.00107,172.31.36.0-255,66,66180,17,259958
36000,0.001082,172.31.36.0-255,66,66246,17,259958
36001,0.001085,172.217.194.0-255,766,67012,17,259958
36002,0.001089,172.217.194.0-255,1484,68496,17,259958
36003,0.001091,172.31.36.0-255,66,68562,17,259958
36004,0.001096,172.217.194.0-255,2902,71464,17,259958
36005,0.001098,172.31.36.0-255,66,71530,17,259958
36006,0.001118,172.217.194.0-255,1484,73014,17,259958
36007,0.001131,172.31.36.0-255,66,73080,17,259958
36008,0.001134,172.217.194.0-255,1125,74205,17,259958
36009,0.001167,172.217.194.0-255,5738,79943,17,259958
36010,0.00117,172.31.36.0-255,66,80009,17,259958
36011,0.00119,172.217.194.0-255,7156,87165,17,259958
36012,0.001193,172.31.36.0-255,66,87231,17,259958
36013,0.0012,172.217.194.0-255,3961,91192,17,259958
36014,0.001202,172.31.36.0-255,66,91258,17,259958
36015,0.001264,172.31.36.0-255,66,91324,17,259958
36016,0.001293,172.217.194.0-255,7156,98480,17,259958
36017,0.001297,172.31.36.0-255,66,98546,17,259958
36018,0.001325,172.31.36.0-255,66,98612,17,259958
36019,0.001475,172.217.194.0-255,1484,100096,17,259958
36020,0.001481,172.217.194.0-255,2902,102998,17,259958
36021,0.001485,172.31.36.0-255,66,103064,17,259958
36022,0.00149,172.217.194.0-255,2902,105966,17,259958
36023,0.001492,172.31.36.0-255,66,106032,17,259958
36024,0.001508,172.217.194.0-255,2902,108934,17,259958
36025,0.001511,172.31.36.0-255,66,109000,17,259958
36026,0.001523,172.31.36.0-255,66,109066,17,259958
36027,0.001542,172.217.194.0-255,2902,111968,17,259958
36028,0.001544,172.31.36.0-255,66,112034,17,259958
36029,0.001558,172.31.36.0-255,66,112100,17,259958
36030,0.001602,172.217.194.0-255,1484,113584,17,259958
36031,0.001608,172.217.194.0-255,2902,116486,17,259958
36032,0.001611,172.31.36.0-255,66,116552,17,259958
36033,0.001631,172.217.194.0-255,5738,122290,17,259958
36034,0.001634,172.31.36.0-255,66,122356,17,259958
36035,0.001641,172.217.194.0-255,5738,128094,17,259958
36036,0.001644,172.31.36.0-255,66,128160,17,259958
36037,0.001689,172.31.36.0-255,66,128226,17,259958
36038,0.001695,172.217.194.0-255,5020,133246,17,259958
36039,0.001698,172.31.36.0-255,66,133312,17,259958
36040,0.001817,172.217.194.0-255,1484,134796,17,259958
36041,0.001823,172.217.194.0-255,2902,137698,17,259958
36042,0.001826,172.31.36.0-255,66,137764,17,259958
36043,0.001834,172.217.194.0-255,5738,143502,17,259958
36044,0.001837,172.31.36.0-255,66,143568,17,259958
36045,0.001843,172.217.194.0-255,5738,149306,17,259958
36046,0.001845,172.31.36.0-255,66,149372,17,259958
36047,0.001861,172.217.194.0-255,4320,153692,17,259958
36048,0.001863,172.31.36.0-255,66,153758,17,259958
36049,0.001943,172.217.194.0-255,5738,159496,17,259958
36050,0.001947,172.31.36.0-255,66,159562,17,259958
36051,0.001981,172.31.36.0-255,66,159628,17,259958
36052,0.001993,172.31.36.0-255,66,159694,17,259958
36053,0.002005,172.31.36.0-255,66,159760,17,259958
36054,0.002019,172.31.36.0-255,66,159826,17,259958
36055,0.004033,172.217.194.0-255,5738,165564,17,259958
36056,0.00404,172.31.36.0-255,66,165630,17,259958
36057,0.006062,172.217.194.0-255,5738,171368,17,259958
36058,0.00607,172.31.36.0-255,66,171434,17,259958
36059,0.008069,172.217.194.0-255,5738,177172,17,259958
36060,0.008074,172.31.36.0-255,66,177238,17,259958
36061,0.010109,172.217.194.0-255,5738,182976,17,259958
36062,0.010117,172.31.36.0-255,66,183042,17,259958
36063,0.012145,172.217.194.0-255,5738,188780,17,259958
36064,0.012151,172.31.36.0-255,66,188846,17,259958
36065,0.014186,172.217.194.0-255,5738,194584,17,259958
36066,0.014194,172.31.36.0-255,66,194650,17,259958
36067,0.016261,172.217.194.0-255,5738,200388,17,259958
36068,0.016273,172.31.36.0-255,66,200454,17,259958
36069,0.018263,172.217.194.0-255,5738,206192,17,259958
36070,0.018272,172.31.36.0-255,66,206258,17,259958
36071,0.020313,172.217.194.0-255,5738,211996,17,259958
36072,0.020326,172.31.36.0-255,66,212062,17,259958
36073,0.022353,172.217.194.0-255,5738,217800,17,259958
36074,0.022366,172.31.36.0-255,66,217866,17,259958
36075,0.024417,172.217.194.0-255,5738,223604,17,259958
36076,0.024428,172.31.36.0-255,66,223670,17,259958
36077,0.026457,172.217.194.0-255,5738,229408,17,259958
36078,0.026464,172.31.36.0-255,66,229474,17,259958
36079,0.028469,172.217.194.0-255,5738,235212,17,259958
36080,0.028477,172.31.36.0-255,66,235278,17,259958
36081,0.030468,172.217.194.0-255,5738,241016,17,259958
36082,0.030476,172.31.36.0-255,66,241082,17,259958
36083,0.032487,172.217.194.0-255,5738,246820,17,259958
36084,0.032496,172.31.36.0-255,66,246886,17,259958
36085,0.034488,172.217.194.0-255,5738,252624,17,259958
36086,0.034496,172.31.36.0-255,66,252690,17,259958
36087,0.036484,172.217.194.0-255,2760,255450,17,259958
36088,0.036492,172.31.36.0-255,66,255516,17,259958
36089,0.036686,172.31.36.0-255,105,255621,17,259958
36090,0.037002,172.31.36.0-255,171,255792,17,259958
36091,0.037034,172.31.36.0-255,1141,256933,17,259958
36092,0.03709,172.31.36.0-255,1514,258447,17,259958
36093,0.037092,172.31.36.0-255,1247,259694,17,259958
36094,0.038543,104.244.42.0-255,66,259760,17,259958
36095,0.038578,104.244.42.0-255,66,259826,17,259958
36096,0.038615,104.244.42.0-255,66,259892,17,259958
36097,0.038661,172.217.194.0-255,66,259958,17,259958
36098,0.0,74.125.24.0-255,151,151,17,266802
36099,2.7e-05,172.31.36.0-255,66,217,17,266802
36100,3.4e-05,74.125.24.0-255,1484,1701,17,266802
36101,3.8e-05,172.31.36.0-255,66,1767,17,266802
36102,4.3e-05,74.125.24.0-255,2902,4669,17,266802
36103,5.3e-05,172.31.36.0-255,66,4735,17,266802
36104,6e-05,74.125.24.0-255,7156,11891,17,266802
36105,6.3e-05,172.31.36.0-255,66,11957,17,266802
36106,6.7e-05,74.125.24.0-255,2017,13974,17,266802
36107,6.9e-05,172.31.36.0-255,66,14040,17,266802
36108,0.000261,74.125.24.0-255,1484,15524,17,266802
36109,0.000267,172.31.36.0-255,66,15590,17,266802
36110,0.000272,74.125.24.0-255,2902,18492,17,266802
36111,0.000275,172.31.36.0-255,66,18558,17,266802
36112,0.000287,74.125.24.0-255,5738,24296,17,266802
36113,0.00029,172.31.36.0-255,66,24362,17,266802
36114,0.00035,172.31.36.0-255,66,24428,17,266802
36115,0.000387,172.31.36.0-255,66,24494,17,266802
36116,0.001396,74.125.24.0-255,1484,25978,17,266802
36117,0.001402,172.31.36.0-255,66,26044,17,266802
36118,0.001413,74.125.24.0-255,2902,28946,17,266802
36119,0.001415,172.31.36.0-255,66,29012,17,266802
36120,0.001427,74.125.24.0-255,5738,34750,17,266802
36121,0.001429,172.31.36.0-255,66,34816,17,266802
36122,0.001433,74.125.24.0-255,2902,37718,17,266802
36123,0.001435,172.31.36.0-255,66,37784,17,266802
36124,0.001479,74.125.24.0-255,7156,44940,17,266802
36125,0.001481,172.31.36.0-255,66,45006,17,266802
36126,0.001513,74.125.24.0-255,3961,48967,17,266802
36127,0.001516,172.31.36.0-255,66,49033,17,266802
36128,0.001525,172.31.36.0-255,66,49099,17,266802
36129,0.001556,74.125.24.0-255,5958,55057,17,266802
36130,0.001559,172.31.36.0-255,66,55123,17,266802
36131,0.001565,74.125.24.0-255,7156,62279,17,266802
36132,0.001566,172.31.36.0-255,66,62345,17,266802
36133,0.001605,74.125.24.0-255,5379,67724,17,266802
36134,0.001609,172.31.36.0-255,66,67790,17,266802
36135,0.002115,74.125.24.0-255,1484,69274,17,266802
36136,0.002133,74.125.24.0-255,2902,72176,17,266802
36137,0.002136,172.31.36.0-255,66,72242,17,266802
36138,0.00214,74.125.24.0-255,1484,73726,17,266802
36139,0.002166,74.125.24.0-255,5738,79464,17,266802
36140,0.002168,172.31.36.0-255,66,79530,17,266802
36141,0.002187,74.125.24.0-255,4320,83850,17,266802
36142,0.002189,172.31.36.0-255,66,83916,17,266802
36143,0.002213,172.31.36.0-255,66,83982,17,266802
36144,0.002218,74.125.24.0-255,5738,89720,17,266802
36145,0.00222,172.31.36.0-255,66,89786,17,266802
36146,0.002267,74.125.24.0-255,1484,91270,17,266802
36147,0.002285,74.125.24.0-255,2184,93454,17,266802
36148,0.002288,172.31.36.0-255,66,93520,17,266802
36149,0.00451,74.125.24.0-255,1484,95004,17,266802
36150,0.004559,74.125.24.0-255,4320,99324,17,266802
36151,0.004563,172.31.36.0-255,66,99390,17,266802
36152,0.006892,74.125.24.0-255,5738,105128,17,266802
36153,0.006898,172.31.36.0-255,66,105194,17,266802
36154,0.009224,74.125.24.0-255,5738,110932,17,266802
36155,0.009231,172.31.36.0-255,66,110998,17,266802
36156,0.01153,74.125.24.0-255,5738,116736,17,266802
36157,0.011538,172.31.36.0-255,66,116802,17,266802
36158,0.013855,74.125.24.0-255,5738,122540,17,266802
36159,0.013865,172.31.36.0-255,66,122606,17,266802
36160,0.016192,74.125.24.0-255,4320,126926,17,266802
36161,0.0162,172.31.36.0-255,66,126992,17,266802
36162,0.016233,74.125.24.0-255,1484,128476,17,266802
36163,0.018476,74.125.24.0-255,4320,132796,17,266802
36164,0.018483,172.31.36.0-255,66,132862,17,266802
36165,0.020769,74.125.24.0-255,5738,138600,17,266802
36166,0.020775,172.31.36.0-255,66,138666,17,266802
36167,0.023114,74.125.24.0-255,5738,144404,17,266802
36168,0.023121,172.31.36.0-255,66,144470,17,266802
36169,0.025009,172.31.36.0-255,172,144642,17,266802
36170,0.025052,172.31.36.0-255,1118,145760,17,266802
36171,0.025085,172.31.36.0-255,1514,147274,17,266802
36172,0.025087,172.31.36.0-255,1270,148544,17,266802
36173,0.025436,74.125.24.0-255,5738,154282,17,266802
36174,0.025443,172.31.36.0-255,66,154348,17,266802
36175,0.026667,104.244.42.0-255,66,154414,17,266802
36176,0.026674,104.244.42.0-255,66,154480,17,266802
36177,0.026688,104.244.42.0-255,66,154546,17,266802
36178,0.027714,74.125.24.0-255,2902,157448,17,266802
36179,0.027718,172.31.36.0-255,66,157514,17,266802
36180,0.027755,74.125.24.0-255,2902,160416,17,266802
36181,0.027759,172.31.36.0-255,66,160482,17,266802
36182,0.030066,74.125.24.0-255,2902,163384,17,266802
36183,0.030072,172.31.36.0-255,66,163450,17,266802
36184,0.030134,74.125.24.0-255,2902,166352,17,266802
36185,0.030138,172.31.36.0-255,66,166418,17,266802
36186,0.032347,74.125.24.0-255,2902,169320,17,266802
36187,0.032352,172.31.36.0-255,66,169386,17,266802
36188,0.032412,74.125.24.0-255,2902,172288,17,266802
36189,0.032417,172.31.36.0-255,66,172354,17,266802
36190,0.03468,74.125.24.0-255,2902,175256,17,266802
36191,0.034686,172.31.36.0-255,66,175322,17,266802
36192,0.034732,74.125.24.0-255,2902,178224,17,266802
36193,0.034735,172.31.36.0-255,66,178290,17,266802
36194,0.036972,74.125.24.0-255,2902,181192,17,266802
36195,0.036978,172.31.36.0-255,66,181258,17,266802
36196,0.037017,74.125.24.0-255,2902,184160,17,266802
36197,0.03702,172.31.36.0-255,66,184226,17,266802
36198,0.039283,74.125.24.0-255,2902,187128,17,266802
36199,0.039288,172.31.36.0-255,66,187194,17,266802
36200,0.039338,74.125.24.0-255,1484,188678,17,266802
36201,0.039351,74.125.24.0-255,1484,190162,17,266802
36202,0.039354,172.31.36.0-255,66,190228,17,266802
36203,0.041568,74.125.24.0-255,2902,193130,17,266802
36204,0.041574,172.31.36.0-255,66,193196,17,266802
36205,0.041625,74.125.24.0-255,2902,196098,17,266802
36206,0.041629,172.31.36.0-255,66,196164,17,266802
36207,0.043867,74.125.24.0-255,2902,199066,17,266802
36208,0.043873,172.31.36.0-255,66,199132,17,266802
36209,0.043913,74.125.24.0-255,2902,202034,17,266802
36210,0.043917,172.31.36.0-255,66,202100,17,266802
36211,0.046134,74.125.24.0-255,2902,205002,17,266802
36212,0.046139,172.31.36.0-255,66,205068,17,266802
36213,0.046223,74.125.24.0-255,2902,207970,17,266802
36214,0.046227,172.31.36.0-255,66,208036,17,266802
36215,0.048431,74.125.24.0-255,2902,210938,17,266802
36216,0.048437,172.31.36.0-255,66,211004,17,266802
36217,0.048517,74.125.24.0-255,2902,213906,17,266802
36218,0.04852,172.31.36.0-255,66,213972,17,266802
36219,0.050736,74.125.24.0-255,2902,216874,17,266802
36220,0.050741,172.31.36.0-255,66,216940,17,266802
36221,0.050819,74.125.24.0-255,2902,219842,17,266802
36222,0.050823,172.31.36.0-255,66,219908,17,266802
36223,0.053035,74.125.24.0-255,2902,222810,17,266802
36224,0.053041,172.31.36.0-255,66,222876,17,266802
36225,0.053147,74.125.24.0-255,2902,225778,17,266802
36226,0.053154,172.31.36.0-255,66,225844,17,266802
36227,0.055347,74.125.24.0-255,2902,228746,17,266802
36228,0.055352,172.31.36.0-255,66,228812,17,266802
36229,0.055425,74.125.24.0-255,2902,231714,17,266802
36230,0.055429,172.31.36.0-255,66,231780,17,266802
36231,0.057624,74.125.24.0-255,1484,233264,17,266802
36232,0.057719,74.125.24.0-255,4320,237584,17,266802
36233,0.057725,172.31.36.0-255,66,237650,17,266802
36234,0.060025,74.125.24.0-255,5738,243388,17,266802
36235,0.060031,172.31.36.0-255,66,243454,17,266802
36236,0.062337,74.125.24.0-255,5738,249192,17,266802
36237,0.062342,172.31.36.0-255,66,249258,17,266802
36238,0.064637,74.125.24.0-255,5738,254996,17,266802
36239,0.064642,172.31.36.0-255,66,255062,17,266802
36240,0.066981,74.125.24.0-255,5738,260800,17,266802
36241,0.066986,172.31.36.0-255,66,260866,17,266802
36242,0.069298,74.125.24.0-255,2902,263768,17,266802
36243,0.069303,172.31.36.0-255,66,263834,17,266802
36244,0.069338,74.125.24.0-255,2902,266736,17,266802
36245,0.069341,172.31.36.0-255,66,266802,17,266802
36246,0.0,74.125.24.0-255,153,153,17,246197
36247,1.5e-05,172.31.36.0-255,66,219,17,246197
36248,2.3e-05,74.125.24.0-255,1484,1703,17,246197
36249,2.8e-05,172.31.36.0-255,66,1769,17,246197
36250,3.4e-05,74.125.24.0-255,2902,4671,17,246197
36251,3.7e-05,172.31.36.0-255,66,4737,17,246197
36252,4.5e-05,74.125.24.0-255,7156,11893,17,246197
36253,4.8e-05,172.31.36.0-255,66,11959,17,246197
36254,9.8e-05,172.31.36.0-255,66,12025,17,246197
36255,0.000103,74.125.24.0-255,2543,14568,17,246197
36256,0.000105,172.31.36.0-255,66,14634,17,246197
36257,0.000173,74.125.24.0-255,1484,16118,17,246197
36258,0.000176,172.31.36.0-255,66,16184,17,246197
36259,0.000182,74.125.24.0-255,2902,19086,17,246197
36260,0.000185,172.31.36.0-255,66,19152,17,246197
36261,0.000192,74.125.24.0-255,5738,24890,17,246197
36262,0.000194,172.31.36.0-255,66,24956,17,246197
36263,0.000237,172.31.36.0-255,66,25022,17,246197
36264,0.000245,74.125.24.0-255,7156,32178,17,246197
36265,0.000247,172.31.36.0-255,66,32244,17,246197
36266,0.000274,74.125.24.0-255,2853,35097,17,246197
36267,0.000277,172.31.36.0-255,66,35163,17,246197
36268,0.000279,74.125.24.0-255,376,35539,17,246197
36269,0.000281,172.31.36.0-255,66,35605,17,246197
36270,0.00056,74.125.24.0-255,1484,37089,17,246197
36271,0.000566,172.31.36.0-255,66,37155,17,246197
36272,0.000572,74.125.24.0-255,2902,40057,17,246197
36273,0.000574,172.31.36.0-255,66,40123,17,246197
36274,0.00058,74.125.24.0-255,4320,44443,17,246197
36275,0.000582,172.31.36.0-255,66,44509,17,246197
36276,0.000605,74.125.24.0-255,5738,50247,17,246197
36277,0.000618,74.125.24.0-255,1484,51731,17,246197
36278,0.000625,172.31.36.0-255,66,51797,17,246197
36279,0.000659,74.125.24.0-255,2902,54699,17,246197
36280,0.000665,172.31.36.0-255,66,54765,17,246197
36281,0.000691,74.125.24.0-255,5020,59785,17,246197
36282,0.0007,172.31.36.0-255,66,59851,17,246197
36283,0.000945,74.125.24.0-255,1484,61335,17,246197
36284,0.000952,74.125.24.0-255,2902,64237,17,246197
36285,0.000963,74.125.24.0-255,1484,65721,17,246197
36286,0.00098,74.125.24.0-255,4320,70041,17,246197
36287,0.000982,74.125.24.0-255,1484,71525,17,246197
36288,0.000997,74.125.24.0-255,4320,75845,17,246197
36289,0.001054,74.125.24.0-255,5020,80865,17,246197
36290,0.001161,74.125.24.0-255,1484,82349,17,246197
36291,0.001168,74.125.24.0-255,2902,85251,17,246197
36292,0.00118,74.125.24.0-255,1484,86735,17,246197
36293,0.001197,74.125.24.0-255,4320,91055,17,246197
36294,0.001201,74.125.24.0-255,2902,93957,17,246197
36295,0.001221,74.125.24.0-255,2902,96859,17,246197
36296,0.001237,74.125.24.0-255,7156,104015,17,246197
36297,0.001287,74.125.24.0-255,7156,111171,17,246197
36298,0.001301,74.125.24.0-255,3602,114773,17,246197
36299,0.001346,74.125.24.0-255,1484,116257,17,246197
36300,0.00135,74.125.24.0-255,1484,117741,17,246197
36301,0.001362,74.125.24.0-255,1484,119225,17,246197
36302,0.001368,74.125.24.0-255,5738,124963,17,246197
36303,0.001436,74.125.24.0-255,5738,130701,17,246197
36304,0.001549,74.125.24.0-255,1484,132185,17,246197
36305,0.00157,74.125.24.0-255,7156,139341,17,246197
36306,0.001582,74.125.24.0-255,1484,140825,17,246197
36307,0.001589,74.125.24.0-255,4320,145145,17,246197
36308,0.001619,74.125.24.0-255,7156,152301,17,246197
36309,0.001636,74.125.24.0-255,2902,155203,17,246197
36310,0.001687,74.125.24.0-255,1484,156687,17,246197
36311,0.00169,74.125.24.0-255,1484,158171,17,246197
36312,0.001707,74.125.24.0-255,1484,159655,17,246197
36313,0.001714,74.125.24.0-255,5738,165393,17,246197
36314,0.001737,74.125.24.0-255,4320,169713,17,246197
36315,0.001745,74.125.24.0-255,7156,176869,17,246197
36316,0.001767,74.125.24.0-255,6438,183307,17,246197
36317,0.001774,74.125.24.0-255,5738,189045,17,246197
36318,0.001838,74.125.24.0-255,5020,194065,17,246197
36319,0.001866,74.125.24.0-255,4320,198385,17,246197
36320,0.00188,74.125.24.0-255,5738,204123,17,246197
36321,0.001889,74.125.24.0-255,7156,211279,17,246197
36322,0.001904,74.125.24.0-255,4320,215599,17,246197
36323,0.001943,74.125.24.0-255,2902,218501,17,246197
36324,0.001969,74.125.24.0-255,5738,224239,17,246197
36325,0.001995,74.125.24.0-255,7156,231395,17,246197
36326,0.002011,74.125.24.0-255,5738,237133,17,246197
36327,0.002031,74.125.24.0-255,1484,238617,17,246197
36328,0.002075,74.125.24.0-255,766,239383,17,246197
36329,0.002079,74.125.24.0-255,2198,241581,17,246197
36330,0.00211,74.125.24.0-255,105,241686,17,246197
36331,0.005211,172.31.36.0-255,66,241752,17,246197
36332,0.007937,172.31.36.0-255,105,241857,17,246197
36333,0.010208,74.125.24.0-255,66,241923,17,246197
36334,0.03272,172.31.36.0-255,172,242095,17,246197
36335,0.032755,172.31.36.0-255,1119,243214,17,246197
36336,0.032817,172.31.36.0-255,1514,244728,17,246197
36337,0.032819,172.31.36.0-255,1271,245999,17,246197
36338,0.03422,104.244.42.0-255,66,246065,17,246197
36339,0.034259,104.244.42.0-255,66,246131,17,246197
36340,0.034322,104.244.42.0-255,66,246197,17,246197
36341,0.0,172.217.194.0-255,146,146,17,284284
36342,2.1e-05,172.31.36.0-255,66,212,17,284284
36343,2.7e-05,172.217.194.0-255,1484,1696,17,284284
36344,3.2e-05,172.31.36.0-255,66,1762,17,284284
36345,3.7e-05,172.217.194.0-255,2902,4664,17,284284
36346,4e-05,172.31.36.0-255,66,4730,17,284284
36347,4.7e-05,172.217.194.0-255,7156,11886,17,284284
36348,5e-05,172.31.36.0-255,66,11952,17,284284
36349,5.3e-05,172.217.194.0-255,1484,13436,17,284284
36350,5.6e-05,172.31.36.0-255,66,13502,17,284284
36351,7.9e-05,172.217.194.0-255,584,14086,17,284284
36352,8.1e-05,172.31.36.0-255,66,14152,17,284284
36353,0.000199,172.217.194.0-255,1484,15636,17,284284
36354,0.000202,172.31.36.0-255,66,15702,17,284284
36355,0.000207,172.217.194.0-255,2902,18604,17,284284
36356,0.000209,172.31.36.0-255,66,18670,17,284284
36357,0.000213,172.217.194.0-255,2902,21572,17,284284
36358,0.000215,172.31.36.0-255,66,21638,17,284284
36359,0.000236,172.217.194.0-255,2902,24540,17,284284
36360,0.000237,172.31.36.0-255,66,24606,17,284284
36361,0.000269,172.217.194.0-255,2902,27508,17,284284
36362,0.000271,172.31.36.0-255,66,27574,17,284284
36363,0.000287,172.217.194.0-255,3961,31535,17,284284
36364,0.000289,172.31.36.0-255,66,31601,17,284284
36365,0.000303,172.217.194.0-255,1484,33085,17,284284
36366,0.000305,172.31.36.0-255,66,33151,17,284284
36367,0.000318,172.217.194.0-255,2902,36053,17,284284
36368,0.00032,172.31.36.0-255,66,36119,17,284284
36369,0.000323,172.217.194.0-255,1484,37603,17,284284
36370,0.000324,172.31.36.0-255,66,37669,17,284284
36371,0.000349,172.217.194.0-255,4320,41989,17,284284
36372,0.000351,172.31.36.0-255,66,42055,17,284284
36373,0.000368,172.217.194.0-255,2902,44957,17,284284
36374,0.000403,172.217.194.0-255,2543,47500,17,284284
36375,0.000432,172.217.194.0-255,4320,51820,17,284284
36376,0.000449,172.217.194.0-255,6000,57820,17,284284
36377,0.000521,172.31.36.0-255,66,57886,17,284284
36378,0.000619,172.217.194.0-255,1484,59370,17,284284
36379,0.000624,172.217.194.0-255,2902,62272,17,284284
36380,0.000637,172.31.36.0-255,66,62338,17,284284
36381,0.000649,172.217.194.0-255,5738,68076,17,284284
36382,0.000653,172.31.36.0-255,66,68142,17,284284
36383,0.000725,172.31.36.0-255,66,68208,17,284284
36384,0.001151,172.217.194.0-255,1484,69692,17,284284
36385,0.001157,172.217.194.0-255,2902,72594,17,284284
36386,0.00116,172.31.36.0-255,66,72660,17,284284
36387,0.001164,172.217.194.0-255,2902,75562,17,284284
36388,0.001168,172.31.36.0-255,66,75628,17,284284
36389,0.001181,172.217.194.0-255,2902,78530,17,284284
36390,0.001202,172.217.194.0-255,1484,80014,17,284284
36391,0.001208,172.31.36.0-255,66,80080,17,284284
36392,0.001238,172.217.194.0-255,5738,85818,17,284284
36393,0.00125,172.31.36.0-255,66,85884,17,284284
36394,0.001256,172.217.194.0-255,6438,92322,17,284284
36395,0.00126,172.31.36.0-255,66,92388,17,284284
36396,0.003284,172.217.194.0-255,5738,98126,17,284284
36397,0.003291,172.31.36.0-255,66,98192,17,284284
36398,0.005309,172.217.194.0-255,5738,103930,17,284284
36399,0.00532,172.31.36.0-255,66,103996,17,284284
36400,0.007328,172.217.194.0-255,5738,109734,17,284284
36401,0.007335,172.31.36.0-255,66,109800,17,284284
36402,0.009368,172.217.194.0-255,5738,115538,17,284284
36403,0.009376,172.31.36.0-255,66,115604,17,284284
36404,0.011417,172.217.194.0-255,5738,121342,17,284284
36405,0.011424,172.31.36.0-255,66,121408,17,284284
36406,0.013433,172.217.194.0-255,5738,127146,17,284284
36407,0.013441,172.31.36.0-255,66,127212,17,284284
36408,0.015462,172.217.194.0-255,5738,132950,17,284284
36409,0.015469,172.31.36.0-255,66,133016,17,284284
36410,0.017487,172.217.194.0-255,5738,138754,17,284284
36411,0.017494,172.31.36.0-255,66,138820,17,284284
36412,0.019486,172.217.194.0-255,4320,143140,17,284284
36413,0.019491,172.31.36.0-255,66,143206,17,284284
36414,0.019507,172.217.194.0-255,1484,144690,17,284284
36415,0.021509,172.217.194.0-255,4320,149010,17,284284
36416,0.021515,172.31.36.0-255,66,149076,17,284284
36417,0.023509,172.217.194.0-255,4320,153396,17,284284
36418,0.023514,172.31.36.0-255,66,153462,17,284284
36419,0.023533,172.217.194.0-255,1484,154946,17,284284
36420,0.025527,172.217.194.0-255,4320,159266,17,284284
36421,0.025533,172.31.36.0-255,66,159332,17,284284
36422,0.02757,172.217.194.0-255,5738,165070,17,284284
36423,0.027576,172.31.36.0-255,66,165136,17,284284
36424,0.029215,172.31.36.0-255,188,165324,17,284284
36425,0.029243,172.31.36.0-255,961,166285,17,284284
36426,0.029281,172.31.36.0-255,1514,167799,17,284284
36427,0.029283,172.31.36.0-255,1427,169226,17,284284
36428,0.02962,172.217.194.0-255,5738,174964,17,284284
36429,0.029626,172.31.36.0-255,66,175030,17,284284
36430,0.030778,104.244.42.0-255,66,175096,17,284284
36431,0.030835,104.244.42.0-255,66,175162,17,284284
36432,0.030886,104.244.42.0-255,66,175228,17,284284
36433,0.031641,172.217.194.0-255,5738,180966,17,284284
36434,0.031648,172.31.36.0-255,66,181032,17,284284
36435,0.03367,172.217.194.0-255,5738,186770,17,284284
36436,0.033676,172.31.36.0-255,66,186836,17,284284
36437,0.03569,172.217.194.0-255,5738,192574,17,284284
36438,0.035696,172.31.36.0-255,66,192640,17,284284
36439,0.037723,172.217.194.0-255,5738,198378,17,284284
36440,0.037728,172.31.36.0-255,66,198444,17,284284
36441,0.039768,172.217.194.0-255,5738,204182,17,284284
36442,0.039774,172.31.36.0-255,66,204248,17,284284
36443,0.041821,172.217.194.0-255,5738,209986,17,284284
36444,0.041827,172.31.36.0-255,66,210052,17,284284
36445,0.043847,172.217.194.0-255,5738,215790,17,284284
36446,0.043854,172.31.36.0-255,66,215856,17,284284
36447,0.045858,172.217.194.0-255,5738,221594,17,284284
36448,0.045868,172.31.36.0-255,66,221660,17,284284
36449,0.047898,172.217.194.0-255,5738,227398,17,284284
36450,0.047903,172.31.36.0-255,66,227464,17,284284
36451,0.049884,172.217.194.0-255,2902,230366,17,284284
36452,0.049888,172.31.36.0-255,66,230432,17,284284
36453,0.049913,172.217.194.0-255,2902,233334,17,284284
36454,0.049916,172.31.36.0-255,66,233400,17,284284
36455,0.051907,172.217.194.0-255,5738,239138,17,284284
36456,0.051913,172.31.36.0-255,66,239204,17,284284
36457,0.053948,172.217.194.0-255,5738,244942,17,284284
36458,0.053954,172.31.36.0-255,66,245008,17,284284
36459,0.055978,172.217.194.0-255,5738,250746,17,284284
36460,0.055984,172.31.36.0-255,66,250812,17,284284
36461,0.057996,172.217.194.0-255,5738,256550,17,284284
36462,0.058002,172.31.36.0-255,66,256616,17,284284
36463,0.06003,172.217.194.0-255,5738,262354,17,284284
36464,0.060036,172.31.36.0-255,66,262420,17,284284
36465,0.062047,172.217.194.0-255,5738,268158,17,284284
36466,0.062057,172.31.36.0-255,66,268224,17,284284
36467,0.064075,172.217.194.0-255,5738,273962,17,284284
36468,0.064095,172.31.36.0-255,66,274028,17,284284
36469,0.066103,172.217.194.0-255,4320,278348,17,284284
36470,0.066109,172.31.36.0-255,66,278414,17,284284
36471,0.06614,172.217.194.0-255,1484,279898,17,284284
36472,0.068132,172.217.194.0-255,4320,284218,17,284284
36473,0.068138,172.31.36.0-255,66,284284,17,284284
36474,0.0,74.125.130.0-255,219,219,17,255372
36475,4.1e-05,172.31.36.0-255,66,285,17,255372
36476,4.8e-05,74.125.130.0-255,1484,1769,17,255372
36477,5.3e-05,172.31.36.0-255,66,1835,17,255372
36478,6e-05,74.125.130.0-255,4320,6155,17,255372
36479,6.4e-05,172.31.36.0-255,66,6221,17,255372
36480,7e-05,74.125.130.0-255,5738,11959,17,255372
36481,7.3e-05,172.31.36.0-255,66,12025,17,255372
36482,0.000129,172.31.36.0-255,66,12091,17,255372
36483,0.000176,172.31.36.0-255,66,12157,17,255372
36484,0.000196,74.125.130.0-255,1125,13282,17,255372
36485,0.000199,172.31.36.0-255,66,13348,17,255372
36486,0.00079,74.125.130.0-255,1484,14832,17,255372
36487,0.000797,172.31.36.0-255,66,14898,17,255372
36488,0.000803,74.125.130.0-255,1484,16382,17,255372
36489,0.000805,172.31.36.0-255,66,16448,17,255372
36490,0.000811,74.125.130.0-255,2902,19350,17,255372
36491,0.000813,172.31.36.0-255,66,19416,17,255372
36492,0.000833,74.125.130.0-255,5738,25154,17,255372
36493,0.000835,172.31.36.0-255,66,25220,17,255372
36494,0.000857,74.125.130.0-255,5379,30599,17,255372
36495,0.00086,172.31.36.0-255,66,30665,17,255372
36496,0.000877,74.125.130.0-255,5738,36403,17,255372
36497,0.00088,172.31.36.0-255,66,36469,17,255372
36498,0.00092,172.31.36.0-255,66,36535,17,255372
36499,0.000947,74.125.130.0-255,1384,37919,17,255372
36500,0.00095,172.31.36.0-255,66,37985,17,255372
36501,0.000969,74.125.130.0-255,116,38101,17,255372
36502,0.000971,172.31.36.0-255,66,38167,17,255372
36503,0.001114,74.125.130.0-255,1484,39651,17,255372
36504,0.001121,74.125.130.0-255,2902,42553,17,255372
36505,0.001126,172.31.36.0-255,66,42619,17,255372
36506,0.001139,74.125.130.0-255,2902,45521,17,255372
36507,0.001142,172.31.36.0-255,66,45587,17,255372
36508,0.001161,74.125.130.0-255,2902,48489,17,255372
36509,0.001164,172.31.36.0-255,66,48555,17,255372
36510,0.001168,74.125.130.0-255,2902,51457,17,255372
36511,0.00117,172.31.36.0-255,66,51523,17,255372
36512,0.001186,74.125.130.0-255,4320,55843,17,255372
36513,0.001189,172.31.36.0-255,66,55909,17,255372
36514,0.001221,74.125.130.0-255,5738,61647,17,255372
36515,0.001224,172.31.36.0-255,66,61713,17,255372
36516,0.001231,74.125.130.0-255,7156,68869,17,255372
36517,0.001234,172.31.36.0-255,66,68935,17,255372
36518,0.001264,74.125.130.0-255,3602,72537,17,255372
36519,0.001267,172.31.36.0-255,66,72603,17,255372
36520,0.001389,74.125.130.0-255,378,72981,17,255372
36521,0.002214,74.125.130.0-255,1484,74465,17,255372
36522,0.002221,172.31.36.0-255,66,74531,17,255372
36523,0.002227,74.125.130.0-255,2902,77433,17,255372
36524,0.00223,172.31.36.0-255,66,77499,17,255372
36525,0.002233,74.125.130.0-255,1484,78983,17,255372
36526,0.002252,74.125.130.0-255,4320,83303,17,255372
36527,0.002254,172.31.36.0-255,66,83369,17,255372
36528,0.002281,172.31.36.0-255,66,83435,17,255372
36529,0.002321,74.125.130.0-255,1484,84919,17,255372
36530,0.002339,74.125.130.0-255,2902,87821,17,255372
36531,0.002341,172.31.36.0-255,66,87887,17,255372
36532,0.002357,74.125.130.0-255,2902,90789,17,255372
36533,0.00236,172.31.36.0-255,66,90855,17,255372
36534,0.00238,74.125.130.0-255,2902,93757,17,255372
36535,0.002383,172.31.36.0-255,66,93823,17,255372
36536,0.002413,74.125.130.0-255,2902,96725,17,255372
36537,0.002415,172.31.36.0-255,66,96791,17,255372
36538,0.002427,74.125.130.0-255,2184,98975,17,255372
36539,0.002429,172.31.36.0-255,66,99041,17,255372
36540,0.004973,74.125.130.0-255,5738,104779,17,255372
36541,0.00498,172.31.36.0-255,66,104845,17,255372
36542,0.00755,74.125.130.0-255,5738,110583,17,255372
36543,0.007557,172.31.36.0-255,66,110649,17,255372
36544,0.010126,74.125.130.0-255,5738,116387,17,255372
36545,0.010134,172.31.36.0-255,66,116453,17,255372
36546,0.012699,74.125.130.0-255,5738,122191,17,255372
36547,0.012708,172.31.36.0-255,66,122257,17,255372
36548,0.01531,74.125.130.0-255,5738,127995,17,255372
36549,0.015318,172.31.36.0-255,66,128061,17,255372
36550,0.017888,74.125.130.0-255,5738,133799,17,255372
36551,0.017896,172.31.36.0-255,66,133865,17,255372
36552,0.020463,74.125.130.0-255,5738,139603,17,255372
36553,0.020471,172.31.36.0-255,66,139669,17,255372
36554,0.023033,74.125.130.0-255,5738,145407,17,255372
36555,0.02304,172.31.36.0-255,66,145473,17,255372
36556,0.0255,172.31.36.0-255,172,145645,17,255372
36557,0.025533,172.31.36.0-255,1118,146763,17,255372
36558,0.025567,172.31.36.0-255,1514,148277,17,255372
36559,0.025569,172.31.36.0-255,1514,149791,17,255372
36560,0.02557,172.31.36.0-255,671,150462,17,255372
36561,0.025606,74.125.130.0-255,5738,156200,17,255372
36562,0.025611,172.31.36.0-255,66,156266,17,255372
36563,0.027021,104.244.42.0-255,66,156332,17,255372
36564,0.027084,104.244.42.0-255,66,156398,17,255372
36565,0.027087,104.244.42.0-255,66,156464,17,255372
36566,0.027131,104.244.42.0-255,66,156530,17,255372
36567,0.028133,104.244.42.0-255,108,156638,17,255372
36568,0.028151,172.31.36.0-255,66,156704,17,255372
36569,0.028173,74.125.130.0-255,5738,162442,17,255372
36570,0.028177,172.31.36.0-255,66,162508,17,255372
36571,0.030738,74.125.130.0-255,5738,168246,17,255372
36572,0.030744,172.31.36.0-255,66,168312,17,255372
36573,0.033308,74.125.130.0-255,5738,174050,17,255372
36574,0.033314,172.31.36.0-255,66,174116,17,255372
36575,0.035884,74.125.130.0-255,5738,179854,17,255372
36576,0.035892,172.31.36.0-255,66,179920,17,255372
36577,0.038456,74.125.130.0-255,5738,185658,17,255372
36578,0.038462,172.31.36.0-255,66,185724,17,255372
36579,0.041018,74.125.130.0-255,5738,191462,17,255372
36580,0.041036,172.31.36.0-255,66,191528,17,255372
36581,0.043607,74.125.130.0-255,5738,197266,17,255372
36582,0.043614,172.31.36.0-255,66,197332,17,255372
36583,0.046192,74.125.130.0-255,5738,203070,17,255372
36584,0.046199,172.31.36.0-255,66,203136,17,255372
36585,0.048793,74.125.130.0-255,5738,208874,17,255372
36586,0.0488,172.31.36.0-255,66,208940,17,255372
36587,0.051376,74.125.130.0-255,5738,214678,17,255372
36588,0.051383,172.31.36.0-255,66,214744,17,255372
36589,0.053959,74.125.130.0-255,5738,220482,17,255372
36590,0.053964,172.31.36.0-255,66,220548,17,255372
36591,0.056536,74.125.130.0-255,5738,226286,17,255372
36592,0.056542,172.31.36.0-255,66,226352,17,255372
36593,0.059124,74.125.130.0-255,5738,232090,17,255372
36594,0.05913,172.31.36.0-255,66,232156,17,255372
36595,0.061705,74.125.130.0-255,5738,237894,17,255372
36596,0.061712,172.31.36.0-255,66,237960,17,255372
36597,0.064303,74.125.130.0-255,5738,243698,17,255372
36598,0.06431,172.31.36.0-255,66,243764,17,255372
36599,0.066895,74.125.130.0-255,5738,249502,17,255372
36600,0.066902,172.31.36.0-255,66,249568,17,255372
36601,0.06948,74.125.130.0-255,5738,255306,17,255372
36602,0.069487,172.31.36.0-255,66,255372,17,255372
36603,0.0,172.217.194.0-255,153,153,17,168749
36604,3.3e-05,172.31.36.0-255,66,219,17,168749
36605,4.1e-05,172.217.194.0-255,1484,1703,17,168749
36606,4.5e-05,172.31.36.0-255,66,1769,17,168749
36607,4.9e-05,172.217.194.0-255,2902,4671,17,168749
36608,5.2e-05,172.31.36.0-255,66,4737,17,168749
36609,6.8e-05,172.217.194.0-255,7156,11893,17,168749
36610,7.1e-05,172.31.36.0-255,66,11959,17,168749
36611,7.5e-05,172.217.194.0-255,2047,14006,17,168749
36612,7.7e-05,172.31.36.0-255,66,14072,17,168749
36613,8.4e-05,172.217.194.0-255,7156,21228,17,168749
36614,8.9e-05,172.31.36.0-255,66,21294,17,168749
36615,0.000127,172.217.194.0-255,4320,25614,17,168749
36616,0.000131,172.31.36.0-255,66,25680,17,168749
36617,0.000137,172.217.194.0-255,5379,31059,17,168749
36618,0.00014,172.31.36.0-255,66,31125,17,168749
36619,0.000231,172.217.194.0-255,1484,32609,17,168749
36620,0.000235,172.31.36.0-255,66,32675,17,168749
36621,0.000263,172.217.194.0-255,2902,35577,17,168749
36622,0.000266,172.31.36.0-255,66,35643,17,168749
36623,0.000272,172.217.194.0-255,5738,41381,17,168749
36624,0.000275,172.31.36.0-255,66,41447,17,168749
36625,0.000295,172.31.36.0-255,66,41513,17,168749
36626,0.000338,172.31.36.0-255,66,41579,17,168749
36627,0.000368,172.217.194.0-255,365,41944,17,168749
36628,0.000372,172.31.36.0-255,66,42010,17,168749
36629,0.000493,172.217.194.0-255,1484,43494,17,168749
36630,0.000498,172.31.36.0-255,66,43560,17,168749
36631,0.000503,172.217.194.0-255,2902,46462,17,168749
36632,0.000506,172.31.36.0-255,66,46528,17,168749
36633,0.000542,172.217.194.0-255,5738,52266,17,168749
36634,0.000556,172.31.36.0-255,66,52332,17,168749
36635,0.00057,172.217.194.0-255,4320,56652,17,168749
36636,0.000571,172.31.36.0-255,66,56718,17,168749
36637,0.000577,172.31.36.0-255,66,56784,17,168749
36638,0.000597,172.217.194.0-255,4320,61104,17,168749
36639,0.000611,172.31.36.0-255,66,61170,17,168749
36640,0.000641,172.217.194.0-255,1635,62805,17,168749
36641,0.000645,172.31.36.0-255,66,62871,17,168749
36642,0.000671,172.217.194.0-255,1484,64355,17,168749
36643,0.000676,172.217.194.0-255,2902,67257,17,168749
36644,0.000695,172.217.194.0-255,5738,72995,17,168749
36645,0.000696,172.31.36.0-255,66,73061,17,168749
36646,0.000701,172.31.36.0-255,66,73127,17,168749
36647,0.000744,172.31.36.0-255,66,73193,17,168749
36648,0.00075,172.31.36.0-255,66,73259,17,168749
36649,0.000773,172.217.194.0-255,766,74025,17,168749
36650,0.000895,172.217.194.0-255,1484,75509,17,168749
36651,0.0009,172.31.36.0-255,66,75575,17,168749
36652,0.000904,172.217.194.0-255,1484,77059,17,168749
36653,0.00093,172.217.194.0-255,1484,78543,17,168749
36654,0.000936,172.217.194.0-255,5738,84281,17,168749
36655,0.000936,172.31.36.0-255,66,84347,17,168749
36656,0.00095,172.31.36.0-255,66,84413,17,168749
36657,0.000987,172.217.194.0-255,4320,88733,17,168749
36658,0.000992,172.31.36.0-255,66,88799,17,168749
36659,0.001023,172.31.36.0-255,66,88865,17,168749
36660,0.001056,172.217.194.0-255,1484,90349,17,168749
36661,0.001059,172.31.36.0-255,66,90415,17,168749
36662,0.001138,172.217.194.0-255,1484,91899,17,168749
36663,0.001139,172.31.36.0-255,66,91965,17,168749
36664,0.001141,172.217.194.0-255,2902,94867,17,168749
36665,0.001144,172.31.36.0-255,66,94933,17,168749
36666,0.001147,172.217.194.0-255,5738,100671,17,168749
36667,0.001158,172.31.36.0-255,66,100737,17,168749
36668,0.001202,172.31.36.0-255,66,100803,17,168749
36669,0.001236,172.217.194.0-255,4320,105123,17,168749
36670,0.00124,172.31.36.0-255,66,105189,17,168749
36671,0.001265,172.217.194.0-255,6438,111627,17,168749
36672,0.001269,172.31.36.0-255,66,111693,17,168749
36673,0.001294,172.217.194.0-255,1484,113177,17,168749
36674,0.001298,172.217.194.0-255,1484,114661,17,168749
36675,0.001318,172.217.194.0-255,1484,116145,17,168749
36676,0.001319,172.31.36.0-255,66,116211,17,168749
36677,0.001323,172.217.194.0-255,5738,121949,17,168749
36678,0.001334,172.31.36.0-255,66,122015,17,168749
36679,0.001369,172.31.36.0-255,66,122081,17,168749
36680,0.001378,172.217.194.0-255,1484,123565,17,168749
36681,0.001417,172.31.36.0-255,66,123631,17,168749
36682,0.001439,172.217.194.0-255,7156,130787,17,168749
36683,0.001445,172.217.194.0-255,4320,135107,17,168749
36684,0.001452,172.31.36.0-255,66,135173,17,168749
36685,0.001478,172.217.194.0-255,4320,139493,17,168749
36686,0.001482,172.31.36.0-255,66,139559,17,168749
36687,0.001508,172.31.36.0-255,66,139625,17,168749
36688,0.001512,172.217.194.0-255,4320,143945,17,168749
36689,0.001516,172.217.194.0-255,766,144711,17,168749
36690,0.001523,172.31.36.0-255,66,144777,17,168749
36691,0.001572,172.217.194.0-255,1484,146261,17,168749
36692,0.001577,172.217.194.0-255,2902,149163,17,168749
36693,0.001586,172.31.36.0-255,66,149229,17,168749
36694,0.001606,172.217.194.0-255,5738,154967,17,168749
36695,0.001611,172.217.194.0-255,2902,157869,17,168749
36696,0.001616,172.31.36.0-255,66,157935,17,168749
36697,0.00164,172.31.36.0-255,66,158001,17,168749
36698,0.001689,172.31.36.0-255,66,158067,17,168749
36699,0.001714,172.31.36.0-255,66,158133,17,168749
36700,0.00175,172.217.194.0-255,5738,163871,17,168749
36701,0.001754,172.31.36.0-255,66,163937,17,168749
36702,0.001775,172.31.36.0-255,66,164003,17,168749
36703,0.001822,172.31.36.0-255,66,164069,17,168749
36704,0.001872,172.31.36.0-255,66,164135,17,168749
36705,0.001877,172.217.194.0-255,105,164240,17,168749
36706,0.001885,172.31.36.0-255,66,164306,17,168749
36707,0.003662,172.31.36.0-255,105,164411,17,168749
36708,0.006168,172.217.194.0-255,66,164477,17,168749
36709,0.032701,172.31.36.0-255,172,164649,17,168749
36710,0.032732,172.31.36.0-255,1117,165766,17,168749
36711,0.032774,172.31.36.0-255,1514,167280,17,168749
36712,0.032775,172.31.36.0-255,1271,168551,17,168749
36713,0.034214,104.244.42.0-255,66,168617,17,168749
36714,0.034269,104.244.42.0-255,66,168683,17,168749
36715,0.034271,104.244.42.0-255,66,168749,17,168749
36716,0.0,172.217.24.0-255,153,153,17,328177
36717,1.8e-05,172.31.36.0-255,66,219,17,328177
36718,2.5e-05,172.217.24.0-255,1484,1703,17,328177
36719,2.9e-05,172.31.36.0-255,66,1769,17,328177
36720,3.5e-05,172.217.24.0-255,2902,4671,17,328177
36721,3.8e-05,172.31.36.0-255,66,4737,17,328177
36722,4.6e-05,172.217.24.0-255,7156,11893,17,328177
36723,4.9e-05,172.31.36.0-255,66,11959,17,328177
36724,5.3e-05,172.217.24.0-255,1965,13924,17,328177
36725,5.6e-05,172.31.36.0-255,66,13990,17,328177
36726,0.00012,172.217.24.0-255,1484,15474,17,328177
36727,0.000123,172.31.36.0-255,66,15540,17,328177
36728,0.000128,172.217.24.0-255,2902,18442,17,328177
36729,0.000131,172.31.36.0-255,66,18508,17,328177
36730,0.000136,172.217.24.0-255,4320,22828,17,328177
36731,0.000138,172.31.36.0-255,66,22894,17,328177
36732,0.000142,172.217.24.0-255,1484,24378,17,328177
36733,0.000143,172.31.36.0-255,66,24444,17,328177
36734,0.000164,172.217.24.0-255,4320,28764,17,328177
36735,0.000167,172.31.36.0-255,66,28830,17,328177
36736,0.000187,172.217.24.0-255,2543,31373,17,328177
36737,0.00019,172.31.36.0-255,66,31439,17,328177
36738,0.000327,172.217.24.0-255,1484,32923,17,328177
36739,0.000333,172.31.36.0-255,66,32989,17,328177
36740,0.000338,172.217.24.0-255,2902,35891,17,328177
36741,0.000341,172.31.36.0-255,66,35957,17,328177
36742,0.000346,172.217.24.0-255,4320,40277,17,328177
36743,0.000349,172.31.36.0-255,66,40343,17,328177
36744,0.000404,172.31.36.0-255,66,40409,17,328177
36745,0.000411,172.217.24.0-255,5738,46147,17,328177
36746,0.000413,172.31.36.0-255,66,46213,17,328177
36747,0.000434,172.31.36.0-255,66,46279,17,328177
36748,0.000437,172.217.24.0-255,1428,47707,17,328177
36749,0.000979,172.31.36.0-255,66,47773,17,328177
36750,0.001068,172.217.24.0-255,118,47891,17,328177
36751,0.001215,172.217.24.0-255,1484,49375,17,328177
36752,0.00122,172.31.36.0-255,66,49441,17,328177
36753,0.001226,172.217.24.0-255,2902,52343,17,328177
36754,0.001228,172.31.36.0-255,66,52409,17,328177
36755,0.001235,172.217.24.0-255,5738,58147,17,328177
36756,0.001237,172.31.36.0-255,66,58213,17,328177
36757,0.001289,172.31.36.0-255,66,58279,17,328177
36758,0.00131,172.217.24.0-255,2543,60822,17,328177
36759,0.001313,172.31.36.0-255,66,60888,17,328177
36760,0.00137,172.217.24.0-255,5738,66626,17,328177
36761,0.001374,172.31.36.0-255,66,66692,17,328177
36762,0.001397,172.217.24.0-255,5379,72071,17,328177
36763,0.0014,172.31.36.0-255,66,72137,17,328177
36764,0.001515,172.217.24.0-255,1484,73621,17,328177
36765,0.001522,172.217.24.0-255,2902,76523,17,328177
36766,0.001526,172.31.36.0-255,66,76589,17,328177
36767,0.001532,172.217.24.0-255,2902,79491,17,328177
36768,0.001534,172.31.36.0-255,66,79557,17,328177
36769,0.00154,172.217.24.0-255,4320,83877,17,328177
36770,0.001542,172.31.36.0-255,66,83943,17,328177
36771,0.001548,172.217.24.0-255,5738,89681,17,328177
36772,0.001551,172.31.36.0-255,66,89747,17,328177
36773,0.001576,172.217.24.0-255,2902,92649,17,328177
36774,0.001578,172.31.36.0-255,66,92715,17,328177
36775,0.001585,172.217.24.0-255,5738,98453,17,328177
36776,0.001587,172.31.36.0-255,66,98519,17,328177
36777,0.001612,172.31.36.0-255,66,98585,17,328177
36778,0.001862,172.217.24.0-255,1484,100069,17,328177
36779,0.00187,172.217.24.0-255,2902,102971,17,328177
36780,0.001875,172.31.36.0-255,66,103037,17,328177
36781,0.001881,172.217.24.0-255,2902,105939,17,328177
36782,0.001884,172.31.36.0-255,66,106005,17,328177
36783,0.001901,172.217.24.0-255,2902,108907,17,328177
36784,0.001904,172.31.36.0-255,66,108973,17,328177
36785,0.001908,172.217.24.0-255,2902,111875,17,328177
36786,0.00191,172.31.36.0-255,66,111941,17,328177
36787,0.001922,172.31.36.0-255,66,112007,17,328177
36788,0.001956,172.31.36.0-255,66,112073,17,328177
36789,0.001963,172.217.24.0-255,5738,117811,17,328177
36790,0.001965,172.31.36.0-255,66,117877,17,328177
36791,0.003893,172.217.24.0-255,5738,123615,17,328177
36792,0.003897,172.31.36.0-255,66,123681,17,328177
36793,0.005844,172.217.24.0-255,5738,129419,17,328177
36794,0.005849,172.31.36.0-255,66,129485,17,328177
36795,0.007775,172.217.24.0-255,5738,135223,17,328177
36796,0.007782,172.31.36.0-255,66,135289,17,328177
36797,0.009717,172.217.24.0-255,5738,141027,17,328177
36798,0.009724,172.31.36.0-255,66,141093,17,328177
36799,0.01167,172.217.24.0-255,5738,146831,17,328177
36800,0.011678,172.31.36.0-255,66,146897,17,328177
36801,0.013611,172.217.24.0-255,5738,152635,17,328177
36802,0.013619,172.31.36.0-255,66,152701,17,328177
36803,0.015547,172.217.24.0-255,5738,158439,17,328177
36804,0.015554,172.31.36.0-255,66,158505,17,328177
36805,0.017476,172.217.24.0-255,5738,164243,17,328177
36806,0.017483,172.31.36.0-255,66,164309,17,328177
36807,0.019454,172.217.24.0-255,5738,170047,17,328177
36808,0.019462,172.31.36.0-255,66,170113,17,328177
36809,0.021395,172.217.24.0-255,5738,175851,17,328177
36810,0.021404,172.31.36.0-255,66,175917,17,328177
36811,0.023344,172.217.24.0-255,5738,181655,17,328177
36812,0.023355,172.31.36.0-255,66,181721,17,328177
36813,0.025291,172.217.24.0-255,5738,187459,17,328177
36814,0.025299,172.31.36.0-255,66,187525,17,328177
36815,0.027219,172.217.24.0-255,5738,193263,17,328177
36816,0.027226,172.31.36.0-255,66,193329,17,328177
36817,0.029163,172.217.24.0-255,5738,199067,17,328177
36818,0.029171,172.31.36.0-255,66,199133,17,328177
36819,0.031101,172.217.24.0-255,5738,204871,17,328177
36820,0.031108,172.31.36.0-255,66,204937,17,328177
36821,0.033046,172.217.24.0-255,5738,210675,17,328177
36822,0.033054,172.31.36.0-255,66,210741,17,328177
36823,0.034979,172.217.24.0-255,5738,216479,17,328177
36824,0.034987,172.31.36.0-255,66,216545,17,328177
36825,0.03691,172.217.24.0-255,5738,222283,17,328177
36826,0.036918,172.31.36.0-255,66,222349,17,328177
36827,0.038079,172.31.36.0-255,188,222537,17,328177
36828,0.038114,172.31.36.0-255,961,223498,17,328177
36829,0.038183,172.31.36.0-255,1514,225012,17,328177
36830,0.038185,172.31.36.0-255,1514,226526,17,328177
36831,0.03819,172.31.36.0-255,1514,228040,17,328177
36832,0.038191,172.31.36.0-255,1205,229245,17,328177
36833,0.038844,172.217.24.0-255,5738,234983,17,328177
36834,0.038852,172.31.36.0-255,66,235049,17,328177
36835,0.039641,104.244.42.0-255,66,235115,17,328177
36836,0.03965,104.244.42.0-255,66,235181,17,328177
36837,0.039748,104.244.42.0-255,66,235247,17,328177
36838,0.039753,104.244.42.0-255,66,235313,17,328177
36839,0.04078,172.217.24.0-255,5738,241051,17,328177
36840,0.040787,172.31.36.0-255,66,241117,17,328177
36841,0.042722,172.217.24.0-255,5738,246855,17,328177
36842,0.042731,172.31.36.0-255,66,246921,17,328177
36843,0.044667,172.217.24.0-255,5738,252659,17,328177
36844,0.044673,172.31.36.0-255,66,252725,17,328177
36845,0.046623,172.217.24.0-255,5738,258463,17,328177
36846,0.04663,172.31.36.0-255,66,258529,17,328177
36847,0.04856,172.217.24.0-255,5738,264267,17,328177
36848,0.048567,172.31.36.0-255,66,264333,17,328177
36849,0.050501,172.217.24.0-255,5738,270071,17,328177
36850,0.050507,172.31.36.0-255,66,270137,17,328177
36851,0.052434,172.217.24.0-255,5738,275875,17,328177
36852,0.05244,172.31.36.0-255,66,275941,17,328177
36853,0.054369,172.217.24.0-255,5738,281679,17,328177
36854,0.054376,172.31.36.0-255,66,281745,17,328177
36855,0.056321,172.217.24.0-255,5738,287483,17,328177
36856,0.056326,172.31.36.0-255,66,287549,17,328177
36857,0.058265,172.217.24.0-255,5738,293287,17,328177
36858,0.058273,172.31.36.0-255,66,293353,17,328177
36859,0.060206,172.217.24.0-255,5738,299091,17,328177
36860,0.060212,172.31.36.0-255,66,299157,17,328177
36861,0.062136,172.217.24.0-255,5738,304895,17,328177
36862,0.062142,172.31.36.0-255,66,304961,17,328177
36863,0.064075,172.217.24.0-255,5738,310699,17,328177
36864,0.064082,172.31.36.0-255,66,310765,17,328177
36865,0.066021,172.217.24.0-255,5738,316503,17,328177
36866,0.066027,172.31.36.0-255,66,316569,17,328177
36867,0.067963,172.217.24.0-255,5738,322307,17,328177
36868,0.06797,172.31.36.0-255,66,322373,17,328177
36869,0.069923,172.217.24.0-255,5738,328111,17,328177
36870,0.06993,172.31.36.0-255,66,328177,17,328177
36871,0.0,74.125.24.0-255,66,66,17,66
36872,0.0,172.217.194.0-255,153,153,17,226748
36873,3.2e-05,172.31.36.0-255,66,219,17,226748
36874,3.9e-05,172.217.194.0-255,1484,1703,17,226748
36875,4.3e-05,172.31.36.0-255,66,1769,17,226748
36876,4.9e-05,172.217.194.0-255,2902,4671,17,226748
36877,5.1e-05,172.31.36.0-255,66,4737,17,226748
36878,5.6e-05,172.217.194.0-255,4320,9057,17,226748
36879,5.9e-05,172.31.36.0-255,66,9123,17,226748
36880,9.1e-05,172.217.194.0-255,2902,12025,17,226748
36881,9.3e-05,172.31.36.0-255,66,12091,17,226748
36882,0.000109,172.217.194.0-255,2066,14157,17,226748
36883,0.000112,172.31.36.0-255,66,14223,17,226748
36884,0.000165,172.217.194.0-255,1484,15707,17,226748
36885,0.000168,172.31.36.0-255,66,15773,17,226748
36886,0.000174,172.217.194.0-255,2902,18675,17,226748
36887,0.000178,172.31.36.0-255,66,18741,17,226748
36888,0.000205,172.217.194.0-255,5738,24479,17,226748
36889,0.000209,172.31.36.0-255,66,24545,17,226748
36890,0.000216,172.217.194.0-255,6797,31342,17,226748
36891,0.000219,172.31.36.0-255,66,31408,17,226748
36892,0.000256,172.31.36.0-255,66,31474,17,226748
36893,0.000302,172.217.194.0-255,4320,35794,17,226748
36894,0.000306,172.31.36.0-255,66,35860,17,226748
36895,0.000327,172.217.194.0-255,3961,39821,17,226748
36896,0.00033,172.31.36.0-255,66,39887,17,226748
36897,0.000612,172.217.194.0-255,1484,41371,17,226748
36898,0.000617,172.31.36.0-255,66,41437,17,226748
36899,0.000622,172.217.194.0-255,2902,44339,17,226748
36900,0.000624,172.31.36.0-255,66,44405,17,226748
36901,0.000629,172.217.194.0-255,2902,47307,17,226748
36902,0.000632,172.31.36.0-255,66,47373,17,226748
36903,0.000651,172.217.194.0-255,2902,50275,17,226748
36904,0.000654,172.31.36.0-255,66,50341,17,226748
36905,0.000664,172.31.36.0-255,66,50407,17,226748
36906,0.000796,172.217.194.0-255,1484,51891,17,226748
36907,0.000802,172.217.194.0-255,2902,54793,17,226748
36908,0.000805,172.31.36.0-255,66,54859,17,226748
36909,0.000829,172.217.194.0-255,5738,60597,17,226748
36910,0.000832,172.31.36.0-255,66,60663,17,226748
36911,0.000882,172.217.194.0-255,7156,67819,17,226748
36912,0.000885,172.31.36.0-255,66,67885,17,226748
36913,0.000912,172.217.194.0-255,6797,74682,17,226748
36914,0.000915,172.31.36.0-255,66,74748,17,226748
36915,0.000925,172.31.36.0-255,66,74814,17,226748
36916,0.001015,172.217.194.0-255,1484,76298,17,226748
36917,0.001019,172.217.194.0-255,2902,79200,17,226748
36918,0.001023,172.31.36.0-255,66,79266,17,226748
36919,0.001027,172.217.194.0-255,1484,80750,17,226748
36920,0.001044,172.217.194.0-255,4320,85070,17,226748
36921,0.001047,172.31.36.0-255,66,85136,17,226748
36922,0.001052,172.217.194.0-255,2902,88038,17,226748
36923,0.001054,172.31.36.0-255,66,88104,17,226748
36924,0.001094,172.31.36.0-255,66,88170,17,226748
36925,0.001104,172.217.194.0-255,766,88936,17,226748
36926,0.001109,172.31.36.0-255,66,89002,17,226748
36927,0.001217,172.217.194.0-255,1484,90486,17,226748
36928,0.001221,172.31.36.0-255,66,90552,17,226748
36929,0.001226,172.217.194.0-255,2902,93454,17,226748
36930,0.001228,172.31.36.0-255,66,93520,17,226748
36931,0.001231,172.217.194.0-255,1484,95004,17,226748
36932,0.001255,172.217.194.0-255,4320,99324,17,226748
36933,0.001258,172.31.36.0-255,66,99390,17,226748
36934,0.001265,172.217.194.0-255,7156,106546,17,226748
36935,0.001268,172.31.36.0-255,66,106612,17,226748
36936,0.00129,172.217.194.0-255,5738,112350,17,226748
36937,0.001294,172.31.36.0-255,66,112416,17,226748
36938,0.001323,172.31.36.0-255,66,112482,17,226748
36939,0.001358,172.31.36.0-255,66,112548,17,226748
36940,0.001392,172.31.36.0-255,66,112614,17,226748
36941,0.001402,172.31.36.0-255,66,112680,17,226748
36942,0.001609,172.217.194.0-255,1484,114164,17,226748
36943,0.001628,172.217.194.0-255,2902,117066,17,226748
36944,0.001631,172.31.36.0-255,66,117132,17,226748
36945,0.00165,172.217.194.0-255,5738,122870,17,226748
36946,0.001653,172.31.36.0-255,66,122936,17,226748
36947,0.001694,172.31.36.0-255,66,123002,17,226748
36948,0.001698,172.217.194.0-255,1484,124486,17,226748
36949,0.001732,172.217.194.0-255,2902,127388,17,226748
36950,0.001736,172.31.36.0-255,66,127454,17,226748
36951,0.001754,172.217.194.0-255,6438,133892,17,226748
36952,0.001757,172.31.36.0-255,66,133958,17,226748
36953,0.002176,172.217.194.0-255,1484,135442,17,226748
36954,0.00218,172.217.194.0-255,1484,136926,17,226748
36955,0.002183,172.31.36.0-255,66,136992,17,226748
36956,0.002202,172.217.194.0-255,1484,138476,17,226748
36957,0.002208,172.217.194.0-255,5738,144214,17,226748
36958,0.002211,172.31.36.0-255,66,144280,17,226748
36959,0.002252,172.31.36.0-255,66,144346,17,226748
36960,0.002264,172.31.36.0-255,66,144412,17,226748
36961,0.00235,172.31.36.0-255,66,144478,17,226748
36962,0.002364,172.31.36.0-255,66,144544,17,226748
36963,0.002397,172.31.36.0-255,66,144610,17,226748
36964,0.002424,172.217.194.0-255,2902,147512,17,226748
36965,0.002428,172.31.36.0-255,66,147578,17,226748
36966,0.002439,172.31.36.0-255,66,147644,17,226748
36967,0.002454,172.217.194.0-255,4320,151964,17,226748
36968,0.002458,172.31.36.0-255,66,152030,17,226748
36969,0.002482,172.31.36.0-255,66,152096,17,226748
36970,0.0025,172.217.194.0-255,6438,158534,17,226748
36971,0.002503,172.31.36.0-255,66,158600,17,226748
36972,0.002506,172.217.194.0-255,1484,160084,17,226748
36973,0.004877,172.217.194.0-255,4320,164404,17,226748
36974,0.004884,172.31.36.0-255,66,164470,17,226748
36975,0.00726,172.217.194.0-255,5738,170208,17,226748
36976,0.007264,172.31.36.0-255,66,170274,17,226748
36977,0.009625,172.217.194.0-255,5738,176012,17,226748
36978,0.009632,172.31.36.0-255,66,176078,17,226748
36979,0.012002,172.217.194.0-255,5738,181816,17,226748
36980,0.01201,172.31.36.0-255,66,181882,17,226748
36981,0.014383,172.217.194.0-255,5738,187620,17,226748
36982,0.014392,172.31.36.0-255,66,187686,17,226748
36983,0.016784,172.217.194.0-255,5738,193424,17,226748
36984,0.016792,172.31.36.0-255,66,193490,17,226748
36985,0.019177,172.217.194.0-255,5738,199228,17,226748
36986,0.019185,172.31.36.0-255,66,199294,17,226748
36987,0.021603,172.217.194.0-255,5738,205032,17,226748
36988,0.02161,172.31.36.0-255,66,205098,17,226748
36989,0.023992,172.217.194.0-255,5738,210836,17,226748
36990,0.023999,172.31.36.0-255,66,210902,17,226748
36991,0.02639,172.217.194.0-255,5738,216640,17,226748
36992,0.0264,172.31.36.0-255,66,216706,17,226748
36993,0.028802,172.217.194.0-255,5008,221714,17,226748
36994,0.02881,172.31.36.0-255,66,221780,17,226748
36995,0.029005,172.31.36.0-255,105,221885,17,226748
36996,0.029032,172.31.36.0-255,105,221990,17,226748
36997,0.029238,172.31.36.0-255,90,222080,17,226748
36998,0.029247,172.31.36.0-255,66,222146,17,226748
36999,0.029955,172.31.36.0-255,172,222318,17,226748
37000,0.029985,172.31.36.0-255,1118,223436,17,226748
37001,0.03002,172.31.36.0-255,1514,224950,17,226748
37002,0.030022,172.31.36.0-255,1270,226220,17,226748
37003,0.031333,172.217.194.0-255,66,226286,17,226748
37004,0.031348,172.217.194.0-255,66,226352,17,226748
37005,0.0315,104.244.42.0-255,66,226418,17,226748
37006,0.031543,104.244.42.0-255,66,226484,17,226748
37007,0.031572,172.217.194.0-255,66,226550,17,226748
37008,0.031591,104.244.42.0-255,66,226616,17,226748
37009,0.031604,172.217.194.0-255,66,226682,17,226748
37010,0.031608,172.31.36.0-255,66,226748,17,226748
37011,0.0,172.217.194.0-255,142,142,17,281686
37012,2e-05,172.31.36.0-255,66,208,17,281686
37013,2.6e-05,172.217.194.0-255,1484,1692,17,281686
37014,3e-05,172.31.36.0-255,66,1758,17,281686
37015,3.6e-05,172.217.194.0-255,2902,4660,17,281686
37016,3.9e-05,172.31.36.0-255,66,4726,17,281686
37017,4.5e-05,172.217.194.0-255,4320,9046,17,281686
37018,4.8e-05,172.31.36.0-255,66,9112,17,281686
37019,6.8e-05,172.217.194.0-255,4893,14005,17,281686
37020,7.1e-05,172.31.36.0-255,66,14071,17,281686
37021,0.000104,172.217.194.0-255,4320,18391,17,281686
37022,0.000107,172.31.36.0-255,66,18457,17,281686
37023,0.000129,172.217.194.0-255,1484,19941,17,281686
37024,0.000131,172.31.36.0-255,66,20007,17,281686
37025,0.000139,172.217.194.0-255,7156,27163,17,281686
37026,0.000141,172.31.36.0-255,66,27229,17,281686
37027,0.000182,172.217.194.0-255,3961,31190,17,281686
37028,0.000185,172.31.36.0-255,66,31256,17,281686
37029,0.000191,172.217.194.0-255,4320,35576,17,281686
37030,0.000193,172.31.36.0-255,66,35642,17,281686
37031,0.000229,172.31.36.0-255,66,35708,17,281686
37032,0.000234,172.217.194.0-255,2543,38251,17,281686
37033,0.000236,172.31.36.0-255,66,38317,17,281686
37034,0.000727,172.217.194.0-255,1484,39801,17,281686
37035,0.000733,172.31.36.0-255,66,39867,17,281686
37036,0.00074,172.217.194.0-255,2902,42769,17,281686
37037,0.000742,172.31.36.0-255,66,42835,17,281686
37038,0.000747,172.217.194.0-255,2902,45737,17,281686
37039,0.000748,172.31.36.0-255,66,45803,17,281686
37040,0.000767,172.217.194.0-255,2902,48705,17,281686
37041,0.00077,172.31.36.0-255,66,48771,17,281686
37042,0.000796,172.217.194.0-255,6797,55568,17,281686
37043,0.000799,172.31.36.0-255,66,55634,17,281686
37044,0.000842,172.217.194.0-255,2902,58536,17,281686
37045,0.000845,172.31.36.0-255,66,58602,17,281686
37046,0.000851,172.217.194.0-255,4320,62922,17,281686
37047,0.000853,172.31.36.0-255,66,62988,17,281686
37048,0.000893,172.31.36.0-255,66,63054,17,281686
37049,0.000896,172.217.194.0-255,1125,64179,17,281686
37050,0.000932,172.217.194.0-255,1484,65663,17,281686
37051,0.000935,172.31.36.0-255,66,65729,17,281686
37052,0.00094,172.217.194.0-255,2902,68631,17,281686
37053,0.000942,172.31.36.0-255,66,68697,17,281686
37054,0.000964,172.217.194.0-255,4320,73017,17,281686
37055,0.000968,172.31.36.0-255,66,73083,17,281686
37056,0.000981,172.217.194.0-255,1484,74567,17,281686
37057,0.000987,172.217.194.0-255,2902,77469,17,281686
37058,0.000989,172.31.36.0-255,66,77535,17,281686
37059,0.00103,172.31.36.0-255,66,77601,17,281686
37060,0.001042,172.31.36.0-255,66,77667,17,281686
37061,0.001587,172.217.194.0-255,1484,79151,17,281686
37062,0.001596,172.217.194.0-255,2902,82053,17,281686
37063,0.0016,172.31.36.0-255,66,82119,17,281686
37064,0.001608,172.217.194.0-255,5738,87857,17,281686
37065,0.00161,172.31.36.0-255,66,87923,17,281686
37066,0.001617,172.217.194.0-255,6921,94844,17,281686
37067,0.001619,172.31.36.0-255,66,94910,17,281686
37068,0.001752,172.217.194.0-255,1484,96394,17,281686
37069,0.001759,172.217.194.0-255,2902,99296,17,281686
37070,0.001762,172.31.36.0-255,66,99362,17,281686
37071,0.001771,172.217.194.0-255,5738,105100,17,281686
37072,0.001772,172.31.36.0-255,66,105166,17,281686
37073,0.001813,172.31.36.0-255,66,105232,17,281686
37074,0.001825,172.31.36.0-255,66,105298,17,281686
37075,0.001828,172.217.194.0-255,766,106064,17,281686
37076,0.004047,172.217.194.0-255,4320,110384,17,281686
37077,0.004053,172.31.36.0-255,66,110450,17,281686
37078,0.006339,172.217.194.0-255,5738,116188,17,281686
37079,0.006346,172.31.36.0-255,66,116254,17,281686
37080,0.008573,172.217.194.0-255,5738,121992,17,281686
37081,0.008578,172.31.36.0-255,66,122058,17,281686
37082,0.010817,172.217.194.0-255,5738,127796,17,281686
37083,0.010825,172.31.36.0-255,66,127862,17,281686
37084,0.013057,172.217.194.0-255,5738,133600,17,281686
37085,0.013065,172.31.36.0-255,66,133666,17,281686
37086,0.015319,172.217.194.0-255,5738,139404,17,281686
37087,0.01533,172.31.36.0-255,66,139470,17,281686
37088,0.017571,172.217.194.0-255,5738,145208,17,281686
37089,0.017576,172.31.36.0-255,66,145274,17,281686
37090,0.019849,172.217.194.0-255,5738,151012,17,281686
37091,0.019858,172.31.36.0-255,66,151078,17,281686
37092,0.022099,172.217.194.0-255,5738,156816,17,281686
37093,0.022107,172.31.36.0-255,66,156882,17,281686
37094,0.024379,172.217.194.0-255,5738,162620,17,281686
37095,0.024387,172.31.36.0-255,66,162686,17,281686
37096,0.02598,172.31.36.0-255,172,162858,17,281686
37097,0.026033,172.31.36.0-255,1118,163976,17,281686
37098,0.026093,172.31.36.0-255,1514,165490,17,281686
37099,0.026095,172.31.36.0-255,1270,166760,17,281686
37100,0.026657,172.217.194.0-255,5738,172498,17,281686
37101,0.026665,172.31.36.0-255,66,172564,17,281686
37102,0.027518,104.244.42.0-255,66,172630,17,281686
37103,0.027725,104.244.42.0-255,66,172696,17,281686
37104,0.027731,104.244.42.0-255,66,172762,17,281686
37105,0.028886,172.217.194.0-255,4320,177082,17,281686
37106,0.028891,172.31.36.0-255,66,177148,17,281686
37107,0.028909,172.217.194.0-255,1484,178632,17,281686
37108,0.031159,172.217.194.0-255,4320,182952,17,281686
37109,0.031165,172.31.36.0-255,66,183018,17,281686
37110,0.033404,172.217.194.0-255,5738,188756,17,281686
37111,0.033411,172.31.36.0-255,66,188822,17,281686
37112,0.035737,172.217.194.0-255,5738,194560,17,281686
37113,0.035747,172.31.36.0-255,66,194626,17,281686
37114,0.037999,172.217.194.0-255,5738,200364,17,281686
37115,0.03801,172.31.36.0-255,66,200430,17,281686
37116,0.040294,172.217.194.0-255,5738,206168,17,281686
37117,0.040306,172.31.36.0-255,66,206234,17,281686
37118,0.042537,172.217.194.0-255,5738,211972,17,281686
37119,0.042544,172.31.36.0-255,66,212038,17,281686
37120,0.044817,172.217.194.0-255,5738,217776,17,281686
37121,0.044825,172.31.36.0-255,66,217842,17,281686
37122,0.047099,172.217.194.0-255,5738,223580,17,281686
37123,0.047105,172.31.36.0-255,66,223646,17,281686
37124,0.04936,172.217.194.0-255,5738,229384,17,281686
37125,0.049366,172.31.36.0-255,66,229450,17,281686
37126,0.051595,172.217.194.0-255,5738,235188,17,281686
37127,0.051602,172.31.36.0-255,66,235254,17,281686
37128,0.053851,172.217.194.0-255,5738,240992,17,281686
37129,0.053858,172.31.36.0-255,66,241058,17,281686
37130,0.056079,172.217.194.0-255,5738,246796,17,281686
37131,0.056086,172.31.36.0-255,66,246862,17,281686
37132,0.058342,172.217.194.0-255,5738,252600,17,281686
37133,0.058348,172.31.36.0-255,66,252666,17,281686
37134,0.060584,172.217.194.0-255,5738,258404,17,281686
37135,0.060591,172.31.36.0-255,66,258470,17,281686
37136,0.062853,172.217.194.0-255,5738,264208,17,281686
37137,0.062861,172.31.36.0-255,66,264274,17,281686
37138,0.065115,172.217.194.0-255,5738,270012,17,281686
37139,0.065123,172.31.36.0-255,66,270078,17,281686
37140,0.067384,172.217.194.0-255,5738,275816,17,281686
37141,0.067391,172.31.36.0-255,66,275882,17,281686
37142,0.069624,172.217.194.0-255,5738,281620,17,281686
37143,0.069633,172.31.36.0-255,66,281686,17,281686
37144,0.0,172.217.194.0-255,218,218,17,242231
37145,2.7e-05,172.31.36.0-255,66,284,17,242231
37146,3.3e-05,172.217.194.0-255,1484,1768,17,242231
37147,3.8e-05,172.31.36.0-255,66,1834,17,242231
37148,4.4e-05,172.217.194.0-255,4320,6154,17,242231
37149,4.6e-05,172.31.36.0-255,66,6220,17,242231
37150,7.2e-05,172.217.194.0-255,2902,9122,17,242231
37151,7.5e-05,172.31.36.0-255,66,9188,17,242231
37152,9.9e-05,172.217.194.0-255,2902,12090,17,242231
37153,0.000102,172.31.36.0-255,66,12156,17,242231
37154,0.000108,172.217.194.0-255,6120,18276,17,242231
37155,0.00011,172.31.36.0-255,66,18342,17,242231
37156,0.000141,172.217.194.0-255,7156,25498,17,242231
37157,0.000143,172.31.36.0-255,66,25564,17,242231
37158,0.000156,172.217.194.0-255,2902,28466,17,242231
37159,0.000158,172.31.36.0-255,66,28532,17,242231
37160,0.000162,172.217.194.0-255,2543,31075,17,242231
37161,0.000164,172.31.36.0-255,66,31141,17,242231
37162,0.000553,172.217.194.0-255,1484,32625,17,242231
37163,0.000558,172.31.36.0-255,66,32691,17,242231
37164,0.000568,172.217.194.0-255,2902,35593,17,242231
37165,0.00057,172.31.36.0-255,66,35659,17,242231
37166,0.000576,172.217.194.0-255,5738,41397,17,242231
37167,0.000578,172.31.36.0-255,66,41463,17,242231
37168,0.00061,172.217.194.0-255,2902,44365,17,242231
37169,0.000614,172.31.36.0-255,66,44431,17,242231
37170,0.000647,172.31.36.0-255,66,44497,17,242231
37171,0.000653,172.217.194.0-255,5738,50235,17,242231
37172,0.000655,172.31.36.0-255,66,50301,17,242231
37173,0.000661,172.217.194.0-255,4252,54553,17,242231
37174,0.000663,172.31.36.0-255,66,54619,17,242231
37175,0.000708,172.217.194.0-255,364,54983,17,242231
37176,0.000769,172.217.194.0-255,1484,56467,17,242231
37177,0.000773,172.31.36.0-255,66,56533,17,242231
37178,0.000779,172.217.194.0-255,2902,59435,17,242231
37179,0.000782,172.31.36.0-255,66,59501,17,242231
37180,0.000785,172.217.194.0-255,1484,60985,17,242231
37181,0.000804,172.217.194.0-255,4320,65305,17,242231
37182,0.000807,172.31.36.0-255,66,65371,17,242231
37183,0.000812,172.217.194.0-255,5738,71109,17,242231
37184,0.000815,172.31.36.0-255,66,71175,17,242231
37185,0.000844,172.31.36.0-255,66,71241,17,242231
37186,0.000866,172.217.194.0-255,2902,74143,17,242231
37187,0.000869,172.31.36.0-255,66,74209,17,242231
37188,0.000875,172.217.194.0-255,5020,79229,17,242231
37189,0.000877,172.31.36.0-255,66,79295,17,242231
37190,0.001024,172.217.194.0-255,1484,80779,17,242231
37191,0.00103,172.217.194.0-255,2902,83681,17,242231
37192,0.001034,172.31.36.0-255,66,83747,17,242231
37193,0.00107,172.217.194.0-255,4320,88067,17,242231
37194,0.001075,172.31.36.0-255,66,88133,17,242231
37195,0.00108,172.217.194.0-255,2902,91035,17,242231
37196,0.001081,172.31.36.0-255,66,91101,17,242231
37197,0.001098,172.217.194.0-255,2902,94003,17,242231
37198,0.0011,172.31.36.0-255,66,94069,17,242231
37199,0.001105,172.217.194.0-255,4320,98389,17,242231
37200,0.001107,172.31.36.0-255,66,98455,17,242231
37201,0.001122,172.217.194.0-255,1484,99939,17,242231
37202,0.00116,172.31.36.0-255,66,100005,17,242231
37203,0.001163,172.217.194.0-255,766,100771,17,242231
37204,0.001209,172.217.194.0-255,1484,102255,17,242231
37205,0.001212,172.31.36.0-255,66,102321,17,242231
37206,0.001217,172.217.194.0-255,1484,103805,17,242231
37207,0.00123,172.217.194.0-255,1484,105289,17,242231
37208,0.001233,172.31.36.0-255,66,105355,17,242231
37209,0.00124,172.217.194.0-255,4320,109675,17,242231
37210,0.001242,172.31.36.0-255,66,109741,17,242231
37211,0.001253,172.217.194.0-255,1484,111225,17,242231
37212,0.001257,172.217.194.0-255,1484,112709,17,242231
37213,0.00126,172.31.36.0-255,66,112775,17,242231
37214,0.001277,172.217.194.0-255,7156,119931,17,242231
37215,0.001298,172.31.36.0-255,66,119997,17,242231
37216,0.001322,172.217.194.0-255,1484,121481,17,242231
37217,0.001344,172.31.36.0-255,66,121547,17,242231
37218,0.001363,172.217.194.0-255,5020,126567,17,242231
37219,0.001366,172.31.36.0-255,66,126633,17,242231
37220,0.001418,172.217.194.0-255,1484,128117,17,242231
37221,0.001422,172.217.194.0-255,1484,129601,17,242231
37222,0.001424,172.31.36.0-255,66,129667,17,242231
37223,0.001438,172.217.194.0-255,1484,131151,17,242231
37224,0.001441,172.217.194.0-255,1484,132635,17,242231
37225,0.001443,172.31.36.0-255,66,132701,17,242231
37226,0.001467,172.217.194.0-255,4320,137021,17,242231
37227,0.00147,172.31.36.0-255,66,137087,17,242231
37228,0.001473,172.217.194.0-255,1484,138571,17,242231
37229,0.001503,172.31.36.0-255,66,138637,17,242231
37230,0.001515,172.31.36.0-255,66,138703,17,242231
37231,0.001517,172.217.194.0-255,766,139469,17,242231
37232,0.001655,172.217.194.0-255,1484,140953,17,242231
37233,0.00166,172.31.36.0-255,66,141019,17,242231
37234,0.001665,172.217.194.0-255,2902,143921,17,242231
37235,0.001668,172.31.36.0-255,66,143987,17,242231
37236,0.001674,172.217.194.0-255,5738,149725,17,242231
37237,0.001677,172.31.36.0-255,66,149791,17,242231
37238,0.00168,172.217.194.0-255,1484,151275,17,242231
37239,0.001713,172.217.194.0-255,2902,154177,17,242231
37240,0.001716,172.31.36.0-255,66,154243,17,242231
37241,0.001747,172.217.194.0-255,7156,161399,17,242231
37242,0.001752,172.217.194.0-255,3602,165001,17,242231
37243,0.001865,172.217.194.0-255,1484,166485,17,242231
37244,0.001872,172.217.194.0-255,2902,169387,17,242231
37245,0.001876,172.217.194.0-255,1484,170871,17,242231
37246,0.00189,172.217.194.0-255,2902,173773,17,242231
37247,0.001893,172.217.194.0-255,1484,175257,17,242231
37248,0.00191,172.217.194.0-255,4320,179577,17,242231
37249,0.001932,172.217.194.0-255,2902,182479,17,242231
37250,0.001934,172.217.194.0-255,1484,183963,17,242231
37251,0.001935,172.31.36.0-255,66,184029,17,242231
37252,0.001942,172.31.36.0-255,66,184095,17,242231
37253,0.001975,172.31.36.0-255,66,184161,17,242231
37254,0.001994,172.217.194.0-255,1484,185645,17,242231
37255,0.001999,172.217.194.0-255,2902,188547,17,242231
37256,0.002016,172.217.194.0-255,4320,192867,17,242231
37257,0.00202,172.31.36.0-255,66,192933,17,242231
37258,0.002033,172.217.194.0-255,1484,194417,17,242231
37259,0.002035,172.217.194.0-255,1484,195901,17,242231
37260,0.002047,172.31.36.0-255,66,195967,17,242231
37261,0.002052,172.217.194.0-255,5738,201705,17,242231
37262,0.002067,172.31.36.0-255,66,201771,17,242231
37263,0.002086,172.217.194.0-255,4320,206091,17,242231
37264,0.002093,172.31.36.0-255,66,206157,17,242231
37265,0.002111,172.217.194.0-255,2184,208341,17,242231
37266,0.002113,172.31.36.0-255,66,208407,17,242231
37267,0.002129,172.31.36.0-255,66,208473,17,242231
37268,0.002152,172.217.194.0-255,5738,214211,17,242231
37269,0.002159,172.31.36.0-255,66,214277,17,242231
37270,0.002188,172.31.36.0-255,66,214343,17,242231
37271,0.002211,172.217.194.0-255,5738,220081,17,242231
37272,0.002216,172.31.36.0-255,66,220147,17,242231
37273,0.002234,172.31.36.0-255,66,220213,17,242231
37274,0.002249,172.217.194.0-255,1484,221697,17,242231
37275,0.002285,172.31.36.0-255,66,221763,17,242231
37276,0.002293,172.217.194.0-255,1484,223247,17,242231
37277,0.002309,172.217.194.0-255,5738,228985,17,242231
37278,0.002328,172.31.36.0-255,66,229051,17,242231
37279,0.002341,172.217.194.0-255,766,229817,17,242231
37280,0.002345,172.31.36.0-255,66,229883,17,242231
37281,0.002359,172.217.194.0-255,2902,232785,17,242231
37282,0.002363,172.31.36.0-255,66,232851,17,242231
37283,0.002402,172.31.36.0-255,66,232917,17,242231
37284,0.002465,172.217.194.0-255,3980,236897,17,242231
37285,0.002467,172.31.36.0-255,66,236963,17,242231
37286,0.002468,172.217.194.0-255,105,237068,17,242231
37287,0.002472,172.31.36.0-255,66,237134,17,242231
37288,0.002487,172.217.194.0-255,129,237263,17,242231
37289,0.00491,172.31.36.0-255,105,237368,17,242231
37290,0.004933,172.31.36.0-255,105,237473,17,242231
37291,0.005152,172.31.36.0-255,90,237563,17,242231
37292,0.005161,172.31.36.0-255,66,237629,17,242231
37293,0.007459,172.217.194.0-255,66,237695,17,242231
37294,0.007467,172.217.194.0-255,66,237761,17,242231
37295,0.007649,172.217.194.0-255,66,237827,17,242231
37296,0.00769,172.217.194.0-255,66,237893,17,242231
37297,0.007696,172.31.36.0-255,66,237959,17,242231
37298,0.030793,172.31.36.0-255,172,238131,17,242231
37299,0.030822,172.31.36.0-255,1117,239248,17,242231
37300,0.03086,172.31.36.0-255,1514,240762,17,242231
37301,0.030862,172.31.36.0-255,1271,242033,17,242231
37302,0.03236,104.244.42.0-255,66,242099,17,242231
37303,0.032369,104.244.42.0-255,66,242165,17,242231
37304,0.03242,104.244.42.0-255,66,242231,17,242231
37305,0.0,172.253.118.0-255,151,151,17,313458
37306,1.9e-05,172.31.36.0-255,66,217,17,313458
37307,2.4e-05,172.253.118.0-255,1484,1701,17,313458
37308,2.8e-05,172.31.36.0-255,66,1767,17,313458
37309,3.3e-05,172.253.118.0-255,2902,4669,17,313458
37310,3.5e-05,172.31.36.0-255,66,4735,17,313458
37311,7.4e-05,172.253.118.0-255,7156,11891,17,313458
37312,7.8e-05,172.31.36.0-255,66,11957,17,313458
37313,8.3e-05,172.253.118.0-255,2102,14059,17,313458
37314,8.5e-05,172.31.36.0-255,66,14125,17,313458
37315,0.000134,172.253.118.0-255,2902,17027,17,313458
37316,0.000138,172.31.36.0-255,66,17093,17,313458
37317,0.000145,172.253.118.0-255,7156,24249,17,313458
37318,0.000147,172.31.36.0-255,66,24315,17,313458
37319,0.000194,172.253.118.0-255,6797,31112,17,313458
37320,0.000197,172.31.36.0-255,66,31178,17,313458
37321,0.000277,172.253.118.0-255,1484,32662,17,313458
37322,0.000281,172.31.36.0-255,66,32728,17,313458
37323,0.000307,172.253.118.0-255,2902,35630,17,313458
37324,0.00031,172.31.36.0-255,66,35696,17,313458
37325,0.000318,172.253.118.0-255,5738,41434,17,313458
37326,0.000322,172.31.36.0-255,66,41500,17,313458
37327,0.000365,172.31.36.0-255,66,41566,17,313458
37328,0.000397,172.253.118.0-255,4320,45886,17,313458
37329,0.0004,172.31.36.0-255,66,45952,17,313458
37330,0.000426,172.253.118.0-255,7075,53027,17,313458
37331,0.000429,172.31.36.0-255,66,53093,17,313458
37332,0.000463,172.253.118.0-255,130,53223,17,313458
37333,0.000468,172.31.36.0-255,66,53289,17,313458
37334,0.000484,172.253.118.0-255,344,53633,17,313458
37335,0.000487,172.31.36.0-255,66,53699,17,313458
37336,0.000776,172.253.118.0-255,1484,55183,17,313458
37337,0.00079,172.253.118.0-255,2902,58085,17,313458
37338,0.000793,172.31.36.0-255,66,58151,17,313458
37339,0.0008,172.253.118.0-255,5738,63889,17,313458
37340,0.000802,172.31.36.0-255,66,63955,17,313458
37341,0.000805,172.253.118.0-255,1484,65439,17,313458
37342,0.00084,172.253.118.0-255,5738,71177,17,313458
37343,0.000844,172.31.36.0-255,66,71243,17,313458
37344,0.000859,172.31.36.0-255,66,71309,17,313458
37345,0.000863,172.253.118.0-255,2184,73493,17,313458
37346,0.000865,172.31.36.0-255,66,73559,17,313458
37347,0.00108,172.253.118.0-255,1484,75043,17,313458
37348,0.001089,172.253.118.0-255,2902,77945,17,313458
37349,0.001092,172.31.36.0-255,66,78011,17,313458
37350,0.00112,172.253.118.0-255,5738,83749,17,313458
37351,0.001123,172.31.36.0-255,66,83815,17,313458
37352,0.001161,172.31.36.0-255,66,83881,17,313458
37353,0.001172,172.31.36.0-255,66,83947,17,313458
37354,0.001212,172.253.118.0-255,2184,86131,17,313458
37355,0.001215,172.31.36.0-255,66,86197,17,313458
37356,0.001234,172.253.118.0-255,2902,89099,17,313458
37357,0.001238,172.31.36.0-255,66,89165,17,313458
37358,0.001246,172.253.118.0-255,7156,96321,17,313458
37359,0.001248,172.31.36.0-255,66,96387,17,313458
37360,0.001283,172.253.118.0-255,4320,100707,17,313458
37361,0.001286,172.31.36.0-255,66,100773,17,313458
37362,0.001311,172.253.118.0-255,2902,103675,17,313458
37363,0.001314,172.31.36.0-255,66,103741,17,313458
37364,0.00133,172.31.36.0-255,66,103807,17,313458
37365,0.001333,172.253.118.0-255,766,104573,17,313458
37366,0.001377,172.253.118.0-255,1484,106057,17,313458
37367,0.001381,172.31.36.0-255,66,106123,17,313458
37368,0.001386,172.253.118.0-255,2902,109025,17,313458
37369,0.001389,172.31.36.0-255,66,109091,17,313458
37370,0.001394,172.253.118.0-255,4320,113411,17,313458
37371,0.001402,172.31.36.0-255,66,113477,17,313458
37372,0.00143,172.253.118.0-255,1484,114961,17,313458
37373,0.001436,172.253.118.0-255,4320,119281,17,313458
37374,0.001439,172.31.36.0-255,66,119347,17,313458
37375,0.001451,172.31.36.0-255,66,119413,17,313458
37376,0.001454,172.253.118.0-255,1484,120897,17,313458
37377,0.001488,172.253.118.0-255,6438,127335,17,313458
37378,0.001492,172.31.36.0-255,66,127401,17,313458
37379,0.001699,172.253.118.0-255,1484,128885,17,313458
37380,0.001707,172.253.118.0-255,2902,131787,17,313458
37381,0.001712,172.31.36.0-255,66,131853,17,313458
37382,0.001715,172.253.118.0-255,1484,133337,17,313458
37383,0.00174,172.253.118.0-255,4320,137657,17,313458
37384,0.001743,172.31.36.0-255,66,137723,17,313458
37385,0.001748,172.253.118.0-255,4320,142043,17,313458
37386,0.001751,172.31.36.0-255,66,142109,17,313458
37387,0.001783,172.31.36.0-255,66,142175,17,313458
37388,0.001795,172.31.36.0-255,66,142241,17,313458
37389,0.002096,172.253.118.0-255,1484,143725,17,313458
37390,0.002115,172.253.118.0-255,2902,146627,17,313458
37391,0.002118,172.31.36.0-255,66,146693,17,313458
37392,0.002123,172.253.118.0-255,5738,152431,17,313458
37393,0.002126,172.31.36.0-255,66,152497,17,313458
37394,0.002128,172.253.118.0-255,1484,153981,17,313458
37395,0.002143,172.253.118.0-255,5738,159719,17,313458
37396,0.002161,172.253.118.0-255,2902,162621,17,313458
37397,0.004333,172.31.36.0-255,66,162687,17,313458
37398,0.006648,172.253.118.0-255,5738,168425,17,313458
37399,0.006654,172.31.36.0-255,66,168491,17,313458
37400,0.008967,172.253.118.0-255,5738,174229,17,313458
37401,0.008974,172.31.36.0-255,66,174295,17,313458
37402,0.011294,172.253.118.0-255,5738,180033,17,313458
37403,0.01131,172.31.36.0-255,66,180099,17,313458
37404,0.013636,172.253.118.0-255,5738,185837,17,313458
37405,0.013648,172.31.36.0-255,66,185903,17,313458
37406,0.01595,172.253.118.0-255,5738,191641,17,313458
37407,0.015961,172.31.36.0-255,66,191707,17,313458
37408,0.018292,172.253.118.0-255,5738,197445,17,313458
37409,0.0183,172.31.36.0-255,66,197511,17,313458
37410,0.020618,172.253.118.0-255,5738,203249,17,313458
37411,0.020627,172.31.36.0-255,66,203315,17,313458
37412,0.022932,172.253.118.0-255,5738,209053,17,313458
37413,0.02294,172.31.36.0-255,66,209119,17,313458
37414,0.023416,172.31.36.0-255,172,209291,17,313458
37415,0.023456,172.31.36.0-255,1117,210408,17,313458
37416,0.02353,172.31.36.0-255,1514,211922,17,313458
37417,0.023533,172.31.36.0-255,1271,213193,17,313458
37418,0.024975,104.244.42.0-255,66,213259,17,313458
37419,0.025026,104.244.42.0-255,66,213325,17,313458
37420,0.025117,104.244.42.0-255,66,213391,17,313458
37421,0.025233,172.253.118.0-255,4320,217711,17,313458
37422,0.025237,172.31.36.0-255,66,217777,17,313458
37423,0.025272,172.253.118.0-255,1484,219261,17,313458
37424,0.027534,172.253.118.0-255,4320,223581,17,313458
37425,0.027541,172.31.36.0-255,66,223647,17,313458
37426,0.029865,172.253.118.0-255,5738,229385,17,313458
37427,0.029871,172.31.36.0-255,66,229451,17,313458
37428,0.032155,172.253.118.0-255,5738,235189,17,313458
37429,0.03216,172.31.36.0-255,66,235255,17,313458
37430,0.034459,172.253.118.0-255,5738,240993,17,313458
37431,0.034465,172.31.36.0-255,66,241059,17,313458
37432,0.036754,172.253.118.0-255,5738,246797,17,313458
37433,0.036759,172.31.36.0-255,66,246863,17,313458
37434,0.039055,172.253.118.0-255,5738,252601,17,313458
37435,0.03906,172.31.36.0-255,66,252667,17,313458
37436,0.041353,172.253.118.0-255,5738,258405,17,313458
37437,0.041359,172.31.36.0-255,66,258471,17,313458
37438,0.04365,172.253.118.0-255,5738,264209,17,313458
37439,0.043655,172.31.36.0-255,66,264275,17,313458
37440,0.045945,172.253.118.0-255,5738,270013,17,313458
37441,0.045951,172.31.36.0-255,66,270079,17,313458
37442,0.048248,172.253.118.0-255,5738,275817,17,313458
37443,0.048254,172.31.36.0-255,66,275883,17,313458
37444,0.050568,172.253.118.0-255,5738,281621,17,313458
37445,0.050575,172.31.36.0-255,66,281687,17,313458
37446,0.052852,172.253.118.0-255,5738,287425,17,313458
37447,0.052857,172.31.36.0-255,66,287491,17,313458
37448,0.055149,172.253.118.0-255,5738,293229,17,313458
37449,0.055155,172.31.36.0-255,66,293295,17,313458
37450,0.057461,172.253.118.0-255,5738,299033,17,313458
37451,0.057466,172.31.36.0-255,66,299099,17,313458
37452,0.059759,172.253.118.0-255,2902,302001,17,313458
37453,0.059764,172.31.36.0-255,66,302067,17,313458
37454,0.059795,172.253.118.0-255,2902,304969,17,313458
37455,0.059798,172.31.36.0-255,66,305035,17,313458
37456,0.062054,172.253.118.0-255,2902,307937,17,313458
37457,0.06206,172.31.36.0-255,66,308003,17,313458
37458,0.062093,172.253.118.0-255,2902,310905,17,313458
37459,0.062096,172.31.36.0-255,66,310971,17,313458
37460,0.06437,172.253.118.0-255,2250,313221,17,313458
37461,0.064391,172.31.36.0-255,66,313287,17,313458
37462,0.064544,172.31.36.0-255,105,313392,17,313458
37463,0.066803,172.253.118.0-255,66,313458,17,313458
37464,0.0,172.217.194.0-255,146,146,17,205660
37465,1.8e-05,172.31.36.0-255,66,212,17,205660
37466,2.5e-05,172.217.194.0-255,1484,1696,17,205660
37467,3e-05,172.31.36.0-255,66,1762,17,205660
37468,4.5e-05,172.217.194.0-255,2902,4664,17,205660
37469,4.8e-05,172.31.36.0-255,66,4730,17,205660
37470,5.5e-05,172.217.194.0-255,5738,10468,17,205660
37471,6e-05,172.31.36.0-255,66,10534,17,205660
37472,7.5e-05,172.31.36.0-255,66,10600,17,205660
37473,8.6e-05,172.31.36.0-255,66,10666,17,205660
37474,0.000131,172.217.194.0-255,1484,12150,17,205660
37475,0.000134,172.31.36.0-255,66,12216,17,205660
37476,0.00014,172.217.194.0-255,2902,15118,17,205660
37477,0.000142,172.31.36.0-255,66,15184,17,205660
37478,0.00015,172.217.194.0-255,1484,16668,17,205660
37479,0.000152,172.31.36.0-255,66,16734,17,205660
37480,0.000178,172.217.194.0-255,4320,21054,17,205660
37481,0.000182,172.31.36.0-255,66,21120,17,205660
37482,0.000188,172.217.194.0-255,6797,27917,17,205660
37483,0.000191,172.31.36.0-255,66,27983,17,205660
37484,0.000195,172.217.194.0-255,2902,30885,17,205660
37485,0.000197,172.31.36.0-255,66,30951,17,205660
37486,0.000221,172.217.194.0-255,4320,35271,17,205660
37487,0.000224,172.31.36.0-255,66,35337,17,205660
37488,0.000235,172.31.36.0-255,66,35403,17,205660
37489,0.000237,172.217.194.0-255,118,35521,17,205660
37490,0.000239,172.31.36.0-255,66,35587,17,205660
37491,0.000262,172.217.194.0-255,379,35966,17,205660
37492,0.000265,172.31.36.0-255,66,36032,17,205660
37493,0.000446,172.217.194.0-255,1484,37516,17,205660
37494,0.000452,172.217.194.0-255,2902,40418,17,205660
37495,0.000457,172.31.36.0-255,66,40484,17,205660
37496,0.000464,172.217.194.0-255,5738,46222,17,205660
37497,0.000466,172.31.36.0-255,66,46288,17,205660
37498,0.000477,172.217.194.0-255,5738,52026,17,205660
37499,0.00048,172.31.36.0-255,66,52092,17,205660
37500,0.00053,172.31.36.0-255,66,52158,17,205660
37501,0.000537,172.217.194.0-255,5020,57178,17,205660
37502,0.000539,172.31.36.0-255,66,57244,17,205660
37503,0.000777,172.217.194.0-255,1484,58728,17,205660
37504,0.000784,172.217.194.0-255,2902,61630,17,205660
37505,0.000787,172.31.36.0-255,66,61696,17,205660
37506,0.000795,172.217.194.0-255,5738,67434,17,205660
37507,0.000797,172.31.36.0-255,66,67500,17,205660
37508,0.000816,172.217.194.0-255,5738,73238,17,205660
37509,0.000818,172.31.36.0-255,66,73304,17,205660
37510,0.000855,172.217.194.0-255,7156,80460,17,205660
37511,0.000858,172.31.36.0-255,66,80526,17,205660
37512,0.000871,172.31.36.0-255,66,80592,17,205660
37513,0.000946,172.217.194.0-255,1484,82076,17,205660
37514,0.000951,172.217.194.0-255,2902,84978,17,205660
37515,0.000954,172.31.36.0-255,66,85044,17,205660
37516,0.000986,172.217.194.0-255,5738,90782,17,205660
37517,0.00099,172.31.36.0-255,66,90848,17,205660
37518,0.000997,172.217.194.0-255,7156,98004,17,205660
37519,0.001,172.31.36.0-255,66,98070,17,205660
37520,0.001042,172.217.194.0-255,7156,105226,17,205660
37521,0.001045,172.31.36.0-255,66,105292,17,205660
37522,0.001077,172.217.194.0-255,7156,112448,17,205660
37523,0.00108,172.31.36.0-255,66,112514,17,205660
37524,0.001087,172.217.194.0-255,6438,118952,17,205660
37525,0.00109,172.31.36.0-255,66,119018,17,205660
37526,0.001097,172.217.194.0-255,7156,126174,17,205660
37527,0.0011,172.31.36.0-255,66,126240,17,205660
37528,0.001132,172.31.36.0-255,66,126306,17,205660
37529,0.00114,172.217.194.0-255,6438,132744,17,205660
37530,0.001143,172.31.36.0-255,66,132810,17,205660
37531,0.001198,172.217.194.0-255,1484,134294,17,205660
37532,0.00122,172.217.194.0-255,1484,135778,17,205660
37533,0.001224,172.31.36.0-255,66,135844,17,205660
37534,0.001247,172.217.194.0-255,1484,137328,17,205660
37535,0.001254,172.217.194.0-255,5738,143066,17,205660
37536,0.001256,172.217.194.0-255,1484,144550,17,205660
37537,0.001262,172.31.36.0-255,66,144616,17,205660
37538,0.001296,172.31.36.0-255,66,144682,17,205660
37539,0.001299,172.217.194.0-255,1484,146166,17,205660
37540,0.001356,172.217.194.0-255,3602,149768,17,205660
37541,0.00138,172.217.194.0-255,7156,156924,17,205660
37542,0.001383,172.31.36.0-255,66,156990,17,205660
37543,0.00139,172.31.36.0-255,66,157056,17,205660
37544,0.001405,172.217.194.0-255,5020,162076,17,205660
37545,0.001466,172.217.194.0-255,6438,168514,17,205660
37546,0.001486,172.31.36.0-255,66,168580,17,205660
37547,0.001546,172.217.194.0-255,1484,170064,17,205660
37548,0.001551,172.217.194.0-255,1484,171548,17,205660
37549,0.001556,172.31.36.0-255,66,171614,17,205660
37550,0.001564,172.217.194.0-255,1484,173098,17,205660
37551,0.00157,172.217.194.0-255,5738,178836,17,205660
37552,0.001612,172.217.194.0-255,1484,180320,17,205660
37553,0.001614,172.31.36.0-255,66,180386,17,205660
37554,0.001625,172.31.36.0-255,66,180452,17,205660
37555,0.001722,172.217.194.0-255,2902,183354,17,205660
37556,0.001736,172.217.194.0-255,7156,190510,17,205660
37557,0.001749,172.217.194.0-255,4320,194830,17,205660
37558,0.001752,172.31.36.0-255,66,194896,17,205660
37559,0.00179,172.31.36.0-255,66,194962,17,205660
37560,0.001793,172.217.194.0-255,1484,196446,17,205660
37561,0.001822,172.217.194.0-255,1484,197930,17,205660
37562,0.001842,172.31.36.0-255,66,197996,17,205660
37563,0.001852,172.217.194.0-255,2902,200898,17,205660
37564,0.001862,172.31.36.0-255,66,200964,17,205660
37565,0.001918,172.31.36.0-255,66,201030,17,205660
37566,0.001944,172.217.194.0-255,105,201135,17,205660
37567,0.011376,172.31.36.0-255,66,201201,17,205660
37568,0.011418,172.31.36.0-255,105,201306,17,205660
37569,0.013349,172.217.194.0-255,66,201372,17,205660
37570,0.032126,172.31.36.0-255,188,201560,17,205660
37571,0.032155,172.31.36.0-255,961,202521,17,205660
37572,0.032208,172.31.36.0-255,1514,204035,17,205660
37573,0.03221,172.31.36.0-255,1427,205462,17,205660
37574,0.03368,104.244.42.0-255,66,205528,17,205660
37575,0.03371,104.244.42.0-255,66,205594,17,205660
37576,0.033787,104.244.42.0-255,66,205660,17,205660
37577,0.0,172.217.194.0-255,297,297,17,321314
37578,2.8e-05,172.31.36.0-255,66,363,17,321314
37579,3.4e-05,172.217.194.0-255,1484,1847,17,321314
37580,3.8e-05,172.31.36.0-255,66,1913,17,321314
37581,4.4e-05,172.217.194.0-255,4320,6233,17,321314
37582,4.8e-05,172.31.36.0-255,66,6299,17,321314
37583,5.9e-05,172.31.36.0-255,66,6365,17,321314
37584,7e-05,172.31.36.0-255,66,6431,17,321314
37585,0.000105,172.217.194.0-255,4320,10751,17,321314
37586,0.000108,172.31.36.0-255,66,10817,17,321314
37587,0.000128,172.217.194.0-255,2543,13360,17,321314
37588,0.000131,172.31.36.0-255,66,13426,17,321314
37589,0.000157,172.217.194.0-255,1484,14910,17,321314
37590,0.00016,172.31.36.0-255,66,14976,17,321314
37591,0.000163,172.217.194.0-255,1484,16460,17,321314
37592,0.000164,172.31.36.0-255,66,16526,17,321314
37593,0.000183,172.217.194.0-255,1484,18010,17,321314
37594,0.000186,172.31.36.0-255,66,18076,17,321314
37595,0.000192,172.217.194.0-255,5738,23814,17,321314
37596,0.000194,172.31.36.0-255,66,23880,17,321314
37597,0.000197,172.217.194.0-255,1484,25364,17,321314
37598,0.000199,172.31.36.0-255,66,25430,17,321314
37599,0.000222,172.217.194.0-255,5379,30809,17,321314
37600,0.000225,172.31.36.0-255,66,30875,17,321314
37601,0.000234,172.217.194.0-255,7156,38031,17,321314
37602,0.000236,172.31.36.0-255,66,38097,17,321314
37603,0.000267,172.31.36.0-255,66,38163,17,321314
37604,0.000282,172.217.194.0-255,1413,39576,17,321314
37605,0.000285,172.31.36.0-255,66,39642,17,321314
37606,0.000477,172.217.194.0-255,366,40008,17,321314
37607,0.000574,172.217.194.0-255,1484,41492,17,321314
37608,0.000578,172.31.36.0-255,66,41558,17,321314
37609,0.000584,172.217.194.0-255,2902,44460,17,321314
37610,0.000587,172.31.36.0-255,66,44526,17,321314
37611,0.000592,172.217.194.0-255,2902,47428,17,321314
37612,0.000594,172.31.36.0-255,66,47494,17,321314
37613,0.000612,172.217.194.0-255,2902,50396,17,321314
37614,0.000615,172.31.36.0-255,66,50462,17,321314
37615,0.000622,172.217.194.0-255,6797,57259,17,321314
37616,0.000624,172.31.36.0-255,66,57325,17,321314
37617,0.00066,172.217.194.0-255,4320,61645,17,321314
37618,0.000663,172.31.36.0-255,66,61711,17,321314
37619,0.00069,172.31.36.0-255,66,61777,17,321314
37620,0.000694,172.217.194.0-255,2543,64320,17,321314
37621,0.000697,172.31.36.0-255,66,64386,17,321314
37622,0.001553,172.217.194.0-255,1484,65870,17,321314
37623,0.001564,172.217.194.0-255,2902,68772,17,321314
37624,0.001568,172.31.36.0-255,66,68838,17,321314
37625,0.001577,172.217.194.0-255,5738,74576,17,321314
37626,0.001579,172.31.36.0-255,66,74642,17,321314
37627,0.001583,172.217.194.0-255,1484,76126,17,321314
37628,0.001627,172.31.36.0-255,66,76192,17,321314
37629,0.00164,172.31.36.0-255,66,76258,17,321314
37630,0.001655,172.217.194.0-255,2902,79160,17,321314
37631,0.001657,172.31.36.0-255,66,79226,17,321314
37632,0.001698,172.31.36.0-255,66,79292,17,321314
37633,0.001713,172.31.36.0-255,66,79358,17,321314
37634,0.001719,172.217.194.0-255,6438,85796,17,321314
37635,0.001721,172.31.36.0-255,66,85862,17,321314
37636,0.00175,172.217.194.0-255,1484,87346,17,321314
37637,0.001763,172.217.194.0-255,2902,90248,17,321314
37638,0.001767,172.31.36.0-255,66,90314,17,321314
37639,0.001787,172.217.194.0-255,5738,96052,17,321314
37640,0.001791,172.31.36.0-255,66,96118,17,321314
37641,0.001798,172.217.194.0-255,5738,101856,17,321314
37642,0.0018,172.31.36.0-255,66,101922,17,321314
37643,0.001823,172.217.194.0-255,7156,109078,17,321314
37644,0.001826,172.31.36.0-255,66,109144,17,321314
37645,0.001837,172.31.36.0-255,66,109210,17,321314
37646,0.001863,172.217.194.0-255,2184,111394,17,321314
37647,0.001866,172.31.36.0-255,66,111460,17,321314
37648,0.001905,172.217.194.0-255,2902,114362,17,321314
37649,0.001908,172.31.36.0-255,66,114428,17,321314
37650,0.001932,172.217.194.0-255,7156,121584,17,321314
37651,0.001936,172.31.36.0-255,66,121650,17,321314
37652,0.001979,172.217.194.0-255,4320,125970,17,321314
37653,0.001984,172.31.36.0-255,66,126036,17,321314
37654,0.00201,172.217.194.0-255,7156,133192,17,321314
37655,0.002014,172.31.36.0-255,66,133258,17,321314
37656,0.002028,172.31.36.0-255,66,133324,17,321314
37657,0.003974,172.217.194.0-255,5738,139062,17,321314
37658,0.003981,172.31.36.0-255,66,139128,17,321314
37659,0.005915,172.217.194.0-255,5738,144866,17,321314
37660,0.00592,172.31.36.0-255,66,144932,17,321314
37661,0.007893,172.217.194.0-255,4320,149252,17,321314
37662,0.007898,172.31.36.0-255,66,149318,17,321314
37663,0.007918,172.217.194.0-255,1484,150802,17,321314
37664,0.009868,172.217.194.0-255,4320,155122,17,321314
37665,0.009874,172.31.36.0-255,66,155188,17,321314
37666,0.01182,172.217.194.0-255,5738,160926,17,321314
37667,0.011827,172.31.36.0-255,66,160992,17,321314
37668,0.013791,172.217.194.0-255,5738,166730,17,321314
37669,0.0138,172.31.36.0-255,66,166796,17,321314
37670,0.015753,172.217.194.0-255,5738,172534,17,321314
37671,0.01576,172.31.36.0-255,66,172600,17,321314
37672,0.017757,172.217.194.0-255,5738,178338,17,321314
37673,0.017771,172.31.36.0-255,66,178404,17,321314
37674,0.019714,172.217.194.0-255,5738,184142,17,321314
37675,0.019723,172.31.36.0-255,66,184208,17,321314
37676,0.021724,172.217.194.0-255,5738,189946,17,321314
37677,0.021732,172.31.36.0-255,66,190012,17,321314
37678,0.023689,172.217.194.0-255,5738,195750,17,321314
37679,0.023696,172.31.36.0-255,66,195816,17,321314
37680,0.025677,172.217.194.0-255,5738,201554,17,321314
37681,0.025685,172.31.36.0-255,66,201620,17,321314
37682,0.027643,172.217.194.0-255,5738,207358,17,321314
37683,0.027649,172.31.36.0-255,66,207424,17,321314
37684,0.029593,172.217.194.0-255,5738,213162,17,321314
37685,0.029599,172.31.36.0-255,66,213228,17,321314
37686,0.030325,172.31.36.0-255,172,213400,17,321314
37687,0.030352,172.31.36.0-255,1117,214517,17,321314
37688,0.030397,172.31.36.0-255,1514,216031,17,321314
37689,0.030399,172.31.36.0-255,1271,217302,17,321314
37690,0.031552,172.217.194.0-255,5738,223040,17,321314
37691,0.031559,172.31.36.0-255,66,223106,17,321314
37692,0.03186,104.244.42.0-255,66,223172,17,321314
37693,0.031912,104.244.42.0-255,66,223238,17,321314
37694,0.03196,104.244.42.0-255,66,223304,17,321314
37695,0.033503,172.217.194.0-255,5738,229042,17,321314
37696,0.033508,172.31.36.0-255,66,229108,17,321314
37697,0.035445,172.217.194.0-255,4320,233428,17,321314
37698,0.035451,172.31.36.0-255,66,233494,17,321314
37699,0.03548,172.217.194.0-255,1484,234978,17,321314
37700,0.037378,172.217.194.0-255,4320,239298,17,321314
37701,0.037384,172.31.36.0-255,66,239364,17,321314
37702,0.039363,172.217.194.0-255,5738,245102,17,321314
37703,0.03937,172.31.36.0-255,66,245168,17,321314
37704,0.041345,172.217.194.0-255,5738,250906,17,321314
37705,0.041352,172.31.36.0-255,66,250972,17,321314
37706,0.043317,172.217.194.0-255,5738,256710,17,321314
37707,0.043324,172.31.36.0-255,66,256776,17,321314
37708,0.045275,172.217.194.0-255,5738,262514,17,321314
37709,0.045281,172.31.36.0-255,66,262580,17,321314
37710,0.047231,172.217.194.0-255,5738,268318,17,321314
37711,0.047236,172.31.36.0-255,66,268384,17,321314
37712,0.049177,172.217.194.0-255,4320,272704,17,321314
37713,0.049183,172.31.36.0-255,66,272770,17,321314
37714,0.049211,172.217.194.0-255,1484,274254,17,321314
37715,0.05115,172.217.194.0-255,4320,278574,17,321314
37716,0.051156,172.31.36.0-255,66,278640,17,321314
37717,0.053124,172.217.194.0-255,5738,284378,17,321314
37718,0.05313,172.31.36.0-255,66,284444,17,321314
37719,0.055085,172.217.194.0-255,5738,290182,17,321314
37720,0.05509,172.31.36.0-255,66,290248,17,321314
37721,0.057043,172.217.194.0-255,5738,295986,17,321314
37722,0.057049,172.31.36.0-255,66,296052,17,321314
37723,0.05903,172.217.194.0-255,5738,301790,17,321314
37724,0.059036,172.31.36.0-255,66,301856,17,321314
37725,0.061005,172.217.194.0-255,5738,307594,17,321314
37726,0.061011,172.31.36.0-255,66,307660,17,321314
37727,0.062956,172.217.194.0-255,4320,311980,17,321314
37728,0.062962,172.31.36.0-255,66,312046,17,321314
37729,0.062993,172.217.194.0-255,1484,313530,17,321314
37730,0.064891,172.217.194.0-255,2902,316432,17,321314
37731,0.064896,172.31.36.0-255,66,316498,17,321314
37732,0.064927,172.217.194.0-255,1484,317982,17,321314
37733,0.066855,172.217.194.0-255,3095,321077,17,321314
37734,0.066861,172.31.36.0-255,66,321143,17,321314
37735,0.067053,172.31.36.0-255,105,321248,17,321314
37736,0.068973,172.217.194.0-255,66,321314,17,321314
37737,0.0,74.125.24.0-255,153,153,17,322338
37738,3.2e-05,172.31.36.0-255,66,219,17,322338
37739,3.9e-05,74.125.24.0-255,1484,1703,17,322338
37740,4.3e-05,172.31.36.0-255,66,1769,17,322338
37741,4.8e-05,74.125.24.0-255,2902,4671,17,322338
37742,5.1e-05,172.31.36.0-255,66,4737,17,322338
37743,5.7e-05,74.125.24.0-255,5738,10475,17,322338
37744,5.9e-05,172.31.36.0-255,66,10541,17,322338
37745,9.4e-05,74.125.24.0-255,3456,13997,17,322338
37746,9.6e-05,172.31.36.0-255,66,14063,17,322338
37747,0.000159,74.125.24.0-255,1484,15547,17,322338
37748,0.000162,172.31.36.0-255,66,15613,17,322338
37749,0.000166,74.125.24.0-255,1484,17097,17,322338
37750,0.000168,172.31.36.0-255,66,17163,17,322338
37751,0.000183,74.125.24.0-255,1484,18647,17,322338
37752,0.000186,172.31.36.0-255,66,18713,17,322338
37753,0.000192,74.125.24.0-255,5738,24451,17,322338
37754,0.000195,172.31.36.0-255,66,24517,17,322338
37755,0.000198,74.125.24.0-255,1484,26001,17,322338
37756,0.000199,172.31.36.0-255,66,26067,17,322338
37757,0.000243,74.125.24.0-255,4320,30387,17,322338
37758,0.000246,172.31.36.0-255,66,30453,17,322338
37759,0.000267,74.125.24.0-255,2543,32996,17,322338
37760,0.000269,172.31.36.0-255,66,33062,17,322338
37761,0.000276,74.125.24.0-255,7156,40218,17,322338
37762,0.000279,172.31.36.0-255,66,40284,17,322338
37763,0.000314,172.31.36.0-255,66,40350,17,322338
37764,0.000334,172.31.36.0-255,66,40416,17,322338
37765,0.000355,74.125.24.0-255,2902,43318,17,322338
37766,0.000358,172.31.36.0-255,66,43384,17,322338
37767,0.000391,74.125.24.0-255,5734,49118,17,322338
37768,0.000398,172.31.36.0-255,66,49184,17,322338
37769,0.000427,74.125.24.0-255,332,49516,17,322338
37770,0.000766,74.125.24.0-255,1484,51000,17,322338
37771,0.000771,172.31.36.0-255,66,51066,17,322338
37772,0.000776,74.125.24.0-255,2902,53968,17,322338
37773,0.000778,172.31.36.0-255,66,54034,17,322338
37774,0.000781,74.125.24.0-255,1484,55518,17,322338
37775,0.000806,74.125.24.0-255,4320,59838,17,322338
37776,0.000809,172.31.36.0-255,66,59904,17,322338
37777,0.000814,74.125.24.0-255,4320,64224,17,322338
37778,0.000817,172.31.36.0-255,66,64290,17,322338
37779,0.000828,172.31.36.0-255,66,64356,17,322338
37780,0.000856,172.31.36.0-255,66,64422,17,322338
37781,0.001462,74.125.24.0-255,1484,65906,17,322338
37782,0.001475,74.125.24.0-255,2902,68808,17,322338
37783,0.001479,172.31.36.0-255,66,68874,17,322338
37784,0.001486,74.125.24.0-255,5738,74612,17,322338
37785,0.001488,172.31.36.0-255,66,74678,17,322338
37786,0.001531,74.125.24.0-255,4320,78998,17,322338
37787,0.001534,172.31.36.0-255,66,79064,17,322338
37788,0.00154,74.125.24.0-255,4320,83384,17,322338
37789,0.001541,172.31.36.0-255,66,83450,17,322338
37790,0.001555,74.125.24.0-255,1484,84934,17,322338
37791,0.001591,74.125.24.0-255,5738,90672,17,322338
37792,0.001593,172.31.36.0-255,66,90738,17,322338
37793,0.001618,74.125.24.0-255,5738,96476,17,322338
37794,0.001621,172.31.36.0-255,66,96542,17,322338
37795,0.001625,74.125.24.0-255,2184,98726,17,322338
37796,0.001627,172.31.36.0-255,66,98792,17,322338
37797,0.001631,74.125.24.0-255,2902,101694,17,322338
37798,0.001633,172.31.36.0-255,66,101760,17,322338
37799,0.00164,74.125.24.0-255,7156,108916,17,322338
37800,0.001644,172.31.36.0-255,66,108982,17,322338
37801,0.001681,172.31.36.0-255,66,109048,17,322338
37802,0.001722,172.31.36.0-255,66,109114,17,322338
37803,0.002014,74.125.24.0-255,1484,110598,17,322338
37804,0.00203,74.125.24.0-255,2902,113500,17,322338
37805,0.002033,172.31.36.0-255,66,113566,17,322338
37806,0.002046,74.125.24.0-255,4320,117886,17,322338
37807,0.002048,172.31.36.0-255,66,117952,17,322338
37808,0.002059,74.125.24.0-255,1484,119436,17,322338
37809,0.002065,74.125.24.0-255,5738,125174,17,322338
37810,0.002067,172.31.36.0-255,66,125240,17,322338
37811,0.002084,74.125.24.0-255,7156,132396,17,322338
37812,0.002087,172.31.36.0-255,66,132462,17,322338
37813,0.00209,74.125.24.0-255,1484,133946,17,322338
37814,0.002123,74.125.24.0-255,2902,136848,17,322338
37815,0.002125,172.31.36.0-255,66,136914,17,322338
37816,0.002146,74.125.24.0-255,6438,143352,17,322338
37817,0.002149,172.31.36.0-255,66,143418,17,322338
37818,0.004335,74.125.24.0-255,5738,149156,17,322338
37819,0.004339,172.31.36.0-255,66,149222,17,322338
37820,0.006561,74.125.24.0-255,5738,154960,17,322338
37821,0.006567,172.31.36.0-255,66,155026,17,322338
37822,0.008773,74.125.24.0-255,5738,160764,17,322338
37823,0.008779,172.31.36.0-255,66,160830,17,322338
37824,0.010974,74.125.24.0-255,5738,166568,17,322338
37825,0.01098,172.31.36.0-255,66,166634,17,322338
37826,0.013171,74.125.24.0-255,5738,172372,17,322338
37827,0.013178,172.31.36.0-255,66,172438,17,322338
37828,0.015402,74.125.24.0-255,5738,178176,17,322338
37829,0.015408,172.31.36.0-255,66,178242,17,322338
37830,0.017618,74.125.24.0-255,5738,183980,17,322338
37831,0.017626,172.31.36.0-255,66,184046,17,322338
37832,0.019874,74.125.24.0-255,5738,189784,17,322338
37833,0.019885,172.31.36.0-255,66,189850,17,322338
37834,0.022119,74.125.24.0-255,5738,195588,17,322338
37835,0.022129,172.31.36.0-255,66,195654,17,322338
37836,0.024328,74.125.24.0-255,5738,201392,17,322338
37837,0.024335,172.31.36.0-255,66,201458,17,322338
37838,0.026558,74.125.24.0-255,5738,207196,17,322338
37839,0.026565,172.31.36.0-255,66,207262,17,322338
37840,0.028821,74.125.24.0-255,5738,213000,17,322338
37841,0.028829,172.31.36.0-255,66,213066,17,322338
37842,0.031052,74.125.24.0-255,5738,218804,17,322338
37843,0.031059,172.31.36.0-255,66,218870,17,322338
37844,0.033254,74.125.24.0-255,5738,224608,17,322338
37845,0.03326,172.31.36.0-255,66,224674,17,322338
37846,0.03359,172.31.36.0-255,172,224846,17,322338
37847,0.033618,172.31.36.0-255,1116,225962,17,322338
37848,0.03365,172.31.36.0-255,1514,227476,17,322338
37849,0.033651,172.31.36.0-255,1272,228748,17,322338
37850,0.03518,104.244.42.0-255,66,228814,17,322338
37851,0.035188,104.244.42.0-255,66,228880,17,322338
37852,0.035198,104.244.42.0-255,66,228946,17,322338
37853,0.035439,74.125.24.0-255,5738,234684,17,322338
37854,0.035443,172.31.36.0-255,66,234750,17,322338
37855,0.037666,74.125.24.0-255,5738,240488,17,322338
37856,0.037671,172.31.36.0-255,66,240554,17,322338
37857,0.039962,74.125.24.0-255,5738,246292,17,322338
37858,0.039967,172.31.36.0-255,66,246358,17,322338
37859,0.042165,74.125.24.0-255,5738,252096,17,322338
37860,0.042174,172.31.36.0-255,66,252162,17,322338
37861,0.044396,74.125.24.0-255,5738,257900,17,322338
37862,0.044402,172.31.36.0-255,66,257966,17,322338
37863,0.046613,74.125.24.0-255,5738,263704,17,322338
37864,0.046619,172.31.36.0-255,66,263770,17,322338
37865,0.048838,74.125.24.0-255,5738,269508,17,322338
37866,0.048844,172.31.36.0-255,66,269574,17,322338
37867,0.051067,74.125.24.0-255,5738,275312,17,322338
37868,0.051072,172.31.36.0-255,66,275378,17,322338
37869,0.053283,74.125.24.0-255,5738,281116,17,322338
37870,0.053289,172.31.36.0-255,66,281182,17,322338
37871,0.055479,74.125.24.0-255,5738,286920,17,322338
37872,0.055486,172.31.36.0-255,66,286986,17,322338
37873,0.057695,74.125.24.0-255,5738,292724,17,322338
37874,0.0577,172.31.36.0-255,66,292790,17,322338
37875,0.059893,74.125.24.0-255,5738,298528,17,322338
37876,0.059897,172.31.36.0-255,66,298594,17,322338
37877,0.062116,74.125.24.0-255,2902,301496,17,322338
37878,0.06212,172.31.36.0-255,66,301562,17,322338
37879,0.062148,74.125.24.0-255,2902,304464,17,322338
37880,0.062151,172.31.36.0-255,66,304530,17,322338
37881,0.064301,74.125.24.0-255,2902,307432,17,322338
37882,0.064305,172.31.36.0-255,66,307498,17,322338
37883,0.064339,74.125.24.0-255,2902,310400,17,322338
37884,0.064341,172.31.36.0-255,66,310466,17,322338
37885,0.066486,74.125.24.0-255,2902,313368,17,322338
37886,0.066492,172.31.36.0-255,66,313434,17,322338
37887,0.066522,74.125.24.0-255,2902,316336,17,322338
37888,0.066524,172.31.36.0-255,66,316402,17,322338
37889,0.068675,74.125.24.0-255,2902,319304,17,322338
37890,0.06868,172.31.36.0-255,66,319370,17,322338
37891,0.068712,74.125.24.0-255,2902,322272,17,322338
37892,0.068715,172.31.36.0-255,66,322338,17,322338
37893,0.0,74.125.68.0-255,298,298,17,332602
37894,3.9e-05,172.31.36.0-255,66,364,17,332602
37895,4.5e-05,74.125.68.0-255,1484,1848,17,332602
37896,5e-05,172.31.36.0-255,66,1914,17,332602
37897,5.5e-05,74.125.68.0-255,2902,4816,17,332602
37898,5.7e-05,172.31.36.0-255,66,4882,17,332602
37899,8.5e-05,74.125.68.0-255,4320,9202,17,332602
37900,8.9e-05,172.31.36.0-255,66,9268,17,332602
37901,9.4e-05,74.125.68.0-255,4641,13909,17,332602
37902,9.6e-05,172.31.36.0-255,66,13975,17,332602
37903,0.000118,74.125.68.0-255,1484,15459,17,332602
37904,0.000121,172.31.36.0-255,66,15525,17,332602
37905,0.000141,74.125.68.0-255,2902,18427,17,332602
37906,0.000145,172.31.36.0-255,66,18493,17,332602
37907,0.000161,74.125.68.0-255,4320,22813,17,332602
37908,0.000164,172.31.36.0-255,66,22879,17,332602
37909,0.000175,74.125.68.0-255,1484,24363,17,332602
37910,0.000177,172.31.36.0-255,66,24429,17,332602
37911,0.00018,74.125.68.0-255,1484,25913,17,332602
37912,0.000182,172.31.36.0-255,66,25979,17,332602
37913,0.000233,74.125.68.0-255,5379,31358,17,332602
37914,0.000238,172.31.36.0-255,66,31424,17,332602
37915,0.000363,74.125.68.0-255,1484,32908,17,332602
37916,0.000367,172.31.36.0-255,66,32974,17,332602
37917,0.000374,74.125.68.0-255,2902,35876,17,332602
37918,0.000377,172.31.36.0-255,66,35942,17,332602
37919,0.000401,74.125.68.0-255,1484,37426,17,332602
37920,0.000404,172.31.36.0-255,66,37492,17,332602
37921,0.000417,74.125.68.0-255,4320,41812,17,332602
37922,0.00042,172.31.36.0-255,66,41878,17,332602
37923,0.000438,74.125.68.0-255,5738,47616,17,332602
37924,0.000441,172.31.36.0-255,66,47682,17,332602
37925,0.000453,74.125.68.0-255,1484,49166,17,332602
37926,0.00047,74.125.68.0-255,5738,54904,17,332602
37927,0.000472,74.125.68.0-255,1484,56388,17,332602
37928,0.000489,74.125.68.0-255,1484,57872,17,332602
37929,0.000489,172.31.36.0-255,66,57938,17,332602
37930,0.000508,74.125.68.0-255,4320,62258,17,332602
37931,0.000512,172.31.36.0-255,66,62324,17,332602
37932,0.000529,74.125.68.0-255,1484,63808,17,332602
37933,0.000543,74.125.68.0-255,2184,65992,17,332602
37934,0.000552,172.31.36.0-255,66,66058,17,332602
37935,0.000567,74.125.68.0-255,400,66458,17,332602
37936,0.000592,74.125.68.0-255,108,66566,17,332602
37937,0.000713,74.125.68.0-255,1484,68050,17,332602
37938,0.000717,172.31.36.0-255,66,68116,17,332602
37939,0.000737,74.125.68.0-255,2902,71018,17,332602
37940,0.00074,172.31.36.0-255,66,71084,17,332602
37941,0.000765,74.125.68.0-255,5738,76822,17,332602
37942,0.000768,172.31.36.0-255,66,76888,17,332602
37943,0.000787,74.125.68.0-255,2902,79790,17,332602
37944,0.00079,172.31.36.0-255,66,79856,17,332602
37945,0.000808,74.125.68.0-255,4320,84176,17,332602
37946,0.000818,172.31.36.0-255,66,84242,17,332602
37947,0.000839,74.125.68.0-255,5738,89980,17,332602
37948,0.000846,172.31.36.0-255,66,90046,17,332602
37949,0.000864,74.125.68.0-255,4320,94366,17,332602
37950,0.000869,172.31.36.0-255,66,94432,17,332602
37951,0.000887,74.125.68.0-255,2902,97334,17,332602
37952,0.000892,74.125.68.0-255,2902,100236,17,332602
37953,0.000898,172.31.36.0-255,66,100302,17,332602
37954,0.000924,74.125.68.0-255,766,101068,17,332602
37955,0.001165,172.31.36.0-255,66,101134,17,332602
37956,0.001471,74.125.68.0-255,1484,102618,17,332602
37957,0.00149,74.125.68.0-255,2902,105520,17,332602
37958,0.001495,172.31.36.0-255,66,105586,17,332602
37959,0.0015,74.125.68.0-255,1484,107070,17,332602
37960,0.001518,74.125.68.0-255,4320,111390,17,332602
37961,0.001521,172.31.36.0-255,66,111456,17,332602
37962,0.001533,74.125.68.0-255,1484,112940,17,332602
37963,0.001548,74.125.68.0-255,2902,115842,17,332602
37964,0.001551,172.31.36.0-255,66,115908,17,332602
37965,0.001571,74.125.68.0-255,5738,121646,17,332602
37966,0.001574,172.31.36.0-255,66,121712,17,332602
37967,0.001578,74.125.68.0-255,1484,123196,17,332602
37968,0.001627,74.125.68.0-255,2902,126098,17,332602
37969,0.001631,172.31.36.0-255,66,126164,17,332602
37970,0.001638,74.125.68.0-255,5738,131902,17,332602
37971,0.001641,172.31.36.0-255,66,131968,17,332602
37972,0.001678,74.125.68.0-255,3602,135570,17,332602
37973,0.00168,172.31.36.0-255,66,135636,17,332602
37974,0.002205,74.125.68.0-255,1484,137120,17,332602
37975,0.002212,74.125.68.0-255,2902,140022,17,332602
37976,0.002246,74.125.68.0-255,5738,145760,17,332602
37977,0.002279,74.125.68.0-255,4320,150080,17,332602
37978,0.002293,74.125.68.0-255,2902,152982,17,332602
37979,0.002297,74.125.68.0-255,2902,155884,17,332602
37980,0.002332,74.125.68.0-255,2902,158786,17,332602
37981,0.002348,74.125.68.0-255,1484,160270,17,332602
37982,0.002355,74.125.68.0-255,5738,166008,17,332602
37983,0.002368,74.125.68.0-255,1484,167492,17,332602
37984,0.002372,74.125.68.0-255,2184,169676,17,332602
37985,0.004076,172.31.36.0-255,66,169742,17,332602
37986,0.006405,74.125.68.0-255,5738,175480,17,332602
37987,0.006412,172.31.36.0-255,66,175546,17,332602
37988,0.008753,74.125.68.0-255,5738,181284,17,332602
37989,0.00876,172.31.36.0-255,66,181350,17,332602
37990,0.011112,74.125.68.0-255,5738,187088,17,332602
37991,0.011123,172.31.36.0-255,66,187154,17,332602
37992,0.013473,74.125.68.0-255,5738,192892,17,332602
37993,0.013485,172.31.36.0-255,66,192958,17,332602
37994,0.015821,74.125.68.0-255,5738,198696,17,332602
37995,0.015831,172.31.36.0-255,66,198762,17,332602
37996,0.018178,74.125.68.0-255,5738,204500,17,332602
37997,0.01819,172.31.36.0-255,66,204566,17,332602
37998,0.020527,74.125.68.0-255,5738,210304,17,332602
37999,0.020535,172.31.36.0-255,66,210370,17,332602
38000,0.022876,74.125.68.0-255,5738,216108,17,332602
38001,0.022882,172.31.36.0-255,66,216174,17,332602
38002,0.023211,172.31.36.0-255,172,216346,17,332602
38003,0.02324,172.31.36.0-255,1116,217462,17,332602
38004,0.02329,172.31.36.0-255,1514,218976,17,332602
38005,0.023291,172.31.36.0-255,1272,220248,17,332602
38006,0.024794,104.244.42.0-255,66,220314,17,332602
38007,0.024801,104.244.42.0-255,66,220380,17,332602
38008,0.024833,104.244.42.0-255,66,220446,17,332602
38009,0.025235,74.125.68.0-255,5738,226184,17,332602
38010,0.025241,172.31.36.0-255,66,226250,17,332602
38011,0.027577,74.125.68.0-255,4320,230570,17,332602
38012,0.027583,172.31.36.0-255,66,230636,17,332602
38013,0.02761,74.125.68.0-255,1484,232120,17,332602
38014,0.029977,74.125.68.0-255,4320,236440,17,332602
38015,0.029983,172.31.36.0-255,66,236506,17,332602
38016,0.032307,74.125.68.0-255,5738,242244,17,332602
38017,0.032313,172.31.36.0-255,66,242310,17,332602
38018,0.034646,74.125.68.0-255,4320,246630,17,332602
38019,0.034651,172.31.36.0-255,66,246696,17,332602
38020,0.034679,74.125.68.0-255,1484,248180,17,332602
38021,0.036991,74.125.68.0-255,4320,252500,17,332602
38022,0.036998,172.31.36.0-255,66,252566,17,332602
38023,0.039329,74.125.68.0-255,5738,258304,17,332602
38024,0.039336,172.31.36.0-255,66,258370,17,332602
38025,0.041676,74.125.68.0-255,5738,264108,17,332602
38026,0.041682,172.31.36.0-255,66,264174,17,332602
38027,0.044048,74.125.68.0-255,5738,269912,17,332602
38028,0.044054,172.31.36.0-255,66,269978,17,332602
38029,0.046392,74.125.68.0-255,5738,275716,17,332602
38030,0.046397,172.31.36.0-255,66,275782,17,332602
38031,0.04872,74.125.68.0-255,5738,281520,17,332602
38032,0.048725,172.31.36.0-255,66,281586,17,332602
38033,0.05105,74.125.68.0-255,1484,283070,17,332602
38034,0.051089,74.125.68.0-255,4320,287390,17,332602
38035,0.051094,172.31.36.0-255,66,287456,17,332602
38036,0.053421,74.125.68.0-255,4320,291776,17,332602
38037,0.053427,172.31.36.0-255,66,291842,17,332602
38038,0.053457,74.125.68.0-255,1484,293326,17,332602
38039,0.055749,74.125.68.0-255,4320,297646,17,332602
38040,0.055754,172.31.36.0-255,66,297712,17,332602
38041,0.058095,74.125.68.0-255,5738,303450,17,332602
38042,0.058099,172.31.36.0-255,66,303516,17,332602
38043,0.060427,74.125.68.0-255,5738,309254,17,332602
38044,0.060433,172.31.36.0-255,66,309320,17,332602
38045,0.062773,74.125.68.0-255,1484,310804,17,332602
38046,0.062837,74.125.68.0-255,4320,315124,17,332602
38047,0.062842,172.31.36.0-255,66,315190,17,332602
38048,0.065186,74.125.68.0-255,5738,320928,17,332602
38049,0.065192,172.31.36.0-255,66,320994,17,332602
38050,0.067524,74.125.68.0-255,5738,326732,17,332602
38051,0.067529,172.31.36.0-255,66,326798,17,332602
38052,0.069849,74.125.68.0-255,5738,332536,17,332602
38053,0.069854,172.31.36.0-255,66,332602,17,332602
38054,0.0,74.125.200.0-255,152,152,17,356904
38055,3.8e-05,172.31.36.0-255,66,218,17,356904
38056,4.5e-05,74.125.200.0-255,1484,1702,17,356904
38057,4.9e-05,172.31.36.0-255,66,1768,17,356904
38058,5.5e-05,74.125.200.0-255,2902,4670,17,356904
38059,5.7e-05,172.31.36.0-255,66,4736,17,356904
38060,6.1e-05,74.125.200.0-255,1484,6220,17,356904
38061,6.3e-05,172.31.36.0-255,66,6286,17,356904
38062,8.6e-05,74.125.200.0-255,2902,9188,17,356904
38063,8.8e-05,172.31.36.0-255,66,9254,17,356904
38064,0.000127,74.125.200.0-255,2902,12156,17,356904
38065,0.00013,172.31.36.0-255,66,12222,17,356904
38066,0.000149,74.125.200.0-255,2000,14222,17,356904
38067,0.000152,172.31.36.0-255,66,14288,17,356904
38068,0.000159,74.125.200.0-255,5738,20026,17,356904
38069,0.000162,172.31.36.0-255,66,20092,17,356904
38070,0.000179,74.125.200.0-255,1484,21576,17,356904
38071,0.000181,172.31.36.0-255,66,21642,17,356904
38072,0.000197,74.125.200.0-255,2902,24544,17,356904
38073,0.000199,172.31.36.0-255,66,24610,17,356904
38074,0.000234,74.125.200.0-255,4320,28930,17,356904
38075,0.000237,172.31.36.0-255,66,28996,17,356904
38076,0.000275,74.125.200.0-255,2543,31539,17,356904
38077,0.000278,172.31.36.0-255,66,31605,17,356904
38078,0.00037,74.125.200.0-255,1484,33089,17,356904
38079,0.000374,172.31.36.0-255,66,33155,17,356904
38080,0.000391,74.125.200.0-255,2902,36057,17,356904
38081,0.000394,172.31.36.0-255,66,36123,17,356904
38082,0.00043,74.125.200.0-255,5738,41861,17,356904
38083,0.000433,172.31.36.0-255,66,41927,17,356904
38084,0.00045,74.125.200.0-255,1484,43411,17,356904
38085,0.000453,172.31.36.0-255,66,43477,17,356904
38086,0.000472,74.125.200.0-255,5738,49215,17,356904
38087,0.000476,172.31.36.0-255,66,49281,17,356904
38088,0.00048,74.125.200.0-255,4320,53601,17,356904
38089,0.000483,172.31.36.0-255,66,53667,17,356904
38090,0.000506,74.125.200.0-255,1484,55151,17,356904
38091,0.000527,74.125.200.0-255,4320,59471,17,356904
38092,0.00053,172.31.36.0-255,66,59537,17,356904
38093,0.000533,74.125.200.0-255,1484,61021,17,356904
38094,0.000548,74.125.200.0-255,2902,63923,17,356904
38095,0.000551,172.31.36.0-255,66,63989,17,356904
38096,0.00059,74.125.200.0-255,2184,66173,17,356904
38097,0.000594,172.31.36.0-255,66,66239,17,356904
38098,0.000697,74.125.200.0-255,401,66640,17,356904
38099,0.000701,74.125.200.0-255,108,66748,17,356904
38100,0.000839,172.31.36.0-255,66,66814,17,356904
38101,0.00089,74.125.200.0-255,1484,68298,17,356904
38102,0.000906,74.125.200.0-255,1484,69782,17,356904
38103,0.000909,172.31.36.0-255,66,69848,17,356904
38104,0.000923,74.125.200.0-255,1484,71332,17,356904
38105,0.000928,74.125.200.0-255,2902,74234,17,356904
38106,0.000931,172.31.36.0-255,66,74300,17,356904
38107,0.000989,74.125.200.0-255,1484,75784,17,356904
38108,0.001017,74.125.200.0-255,2902,78686,17,356904
38109,0.001021,172.31.36.0-255,66,78752,17,356904
38110,0.001036,74.125.200.0-255,1484,80236,17,356904
38111,0.001052,74.125.200.0-255,4320,84556,17,356904
38112,0.001054,172.31.36.0-255,66,84622,17,356904
38113,0.001068,74.125.200.0-255,2902,87524,17,356904
38114,0.001071,172.31.36.0-255,66,87590,17,356904
38115,0.001086,74.125.200.0-255,4320,91910,17,356904
38116,0.001089,172.31.36.0-255,66,91976,17,356904
38117,0.001094,74.125.200.0-255,2902,94878,17,356904
38118,0.001096,172.31.36.0-255,66,94944,17,356904
38119,0.001099,74.125.200.0-255,1484,96428,17,356904
38120,0.001114,74.125.200.0-255,2902,99330,17,356904
38121,0.001117,172.31.36.0-255,66,99396,17,356904
38122,0.001134,74.125.200.0-255,2184,101580,17,356904
38123,0.001137,172.31.36.0-255,66,101646,17,356904
38124,0.001225,74.125.200.0-255,1484,103130,17,356904
38125,0.001254,74.125.200.0-255,2902,106032,17,356904
38126,0.001258,172.31.36.0-255,66,106098,17,356904
38127,0.001283,74.125.200.0-255,4320,110418,17,356904
38128,0.001286,172.31.36.0-255,66,110484,17,356904
38129,0.001308,74.125.200.0-255,1484,111968,17,356904
38130,0.001325,74.125.200.0-255,4320,116288,17,356904
38131,0.001328,172.31.36.0-255,66,116354,17,356904
38132,0.001352,74.125.200.0-255,1484,117838,17,356904
38133,0.00138,74.125.200.0-255,2902,120740,17,356904
38134,0.001383,172.31.36.0-255,66,120806,17,356904
38135,0.001398,74.125.200.0-255,2902,123708,17,356904
38136,0.001401,172.31.36.0-255,66,123774,17,356904
38137,0.00141,74.125.200.0-255,1484,125258,17,356904
38138,0.001435,74.125.200.0-255,5738,130996,17,356904
38139,0.001438,172.31.36.0-255,66,131062,17,356904
38140,0.001472,74.125.200.0-255,2902,133964,17,356904
38141,0.001476,172.31.36.0-255,66,134030,17,356904
38142,0.001494,74.125.200.0-255,3287,137317,17,356904
38143,0.001497,172.31.36.0-255,66,137383,17,356904
38144,0.0015,74.125.200.0-255,1484,138867,17,356904
38145,0.001555,74.125.200.0-255,4320,143187,17,356904
38146,0.00156,172.31.36.0-255,66,143253,17,356904
38147,0.00158,74.125.200.0-255,1484,144737,17,356904
38148,0.001584,74.125.200.0-255,1484,146221,17,356904
38149,0.001587,172.31.36.0-255,66,146287,17,356904
38150,0.001598,74.125.200.0-255,2902,149189,17,356904
38151,0.001601,172.31.36.0-255,66,149255,17,356904
38152,0.001622,74.125.200.0-255,5738,154993,17,356904
38153,0.001625,172.31.36.0-255,66,155059,17,356904
38154,0.001644,74.125.200.0-255,4320,159379,17,356904
38155,0.001646,172.31.36.0-255,66,159445,17,356904
38156,0.001688,74.125.200.0-255,1484,160929,17,356904
38157,0.001705,74.125.200.0-255,1484,162413,17,356904
38158,0.001707,172.31.36.0-255,66,162479,17,356904
38159,0.001719,74.125.200.0-255,1484,163963,17,356904
38160,0.001731,74.125.200.0-255,2902,166865,17,356904
38161,0.001733,172.31.36.0-255,66,166931,17,356904
38162,0.001744,74.125.200.0-255,2902,169833,17,356904
38163,0.001746,172.31.36.0-255,66,169899,17,356904
38164,0.001773,74.125.200.0-255,766,170665,17,356904
38165,0.002068,74.125.200.0-255,1484,172149,17,356904
38166,0.002071,172.31.36.0-255,66,172215,17,356904
38167,0.0021,74.125.200.0-255,1484,173699,17,356904
38168,0.002116,74.125.200.0-255,1484,175183,17,356904
38169,0.002118,172.31.36.0-255,66,175249,17,356904
38170,0.002134,74.125.200.0-255,1484,176733,17,356904
38171,0.002149,74.125.200.0-255,2902,179635,17,356904
38172,0.002151,172.31.36.0-255,66,179701,17,356904
38173,0.002154,74.125.200.0-255,1484,181185,17,356904
38174,0.002167,74.125.200.0-255,1484,182669,17,356904
38175,0.002169,172.31.36.0-255,66,182735,17,356904
38176,0.002187,74.125.200.0-255,1484,184219,17,356904
38177,0.002204,74.125.200.0-255,1484,185703,17,356904
38178,0.002206,172.31.36.0-255,66,185769,17,356904
38179,0.00224,74.125.200.0-255,1484,187253,17,356904
38180,0.002264,74.125.200.0-255,2902,190155,17,356904
38181,0.002266,172.31.36.0-255,66,190221,17,356904
38182,0.00229,74.125.200.0-255,1484,191705,17,356904
38183,0.002304,74.125.200.0-255,2902,194607,17,356904
38184,0.002306,172.31.36.0-255,66,194673,17,356904
38185,0.002309,74.125.200.0-255,1484,196157,17,356904
38186,0.002324,74.125.200.0-255,2902,199059,17,356904
38187,0.002326,172.31.36.0-255,66,199125,17,356904
38188,0.002349,74.125.200.0-255,1484,200609,17,356904
38189,0.002365,74.125.200.0-255,4320,204929,17,356904
38190,0.002367,172.31.36.0-255,66,204995,17,356904
38191,0.002383,74.125.200.0-255,766,205761,17,356904
38192,0.00261,74.125.200.0-255,1484,207245,17,356904
38193,0.002612,172.31.36.0-255,66,207311,17,356904
38194,0.002657,74.125.200.0-255,1484,208795,17,356904
38195,0.002671,74.125.200.0-255,2902,211697,17,356904
38196,0.002674,172.31.36.0-255,66,211763,17,356904
38197,0.0027,74.125.200.0-255,2902,214665,17,356904
38198,0.002702,172.31.36.0-255,66,214731,17,356904
38199,0.002719,74.125.200.0-255,2902,217633,17,356904
38200,0.002722,172.31.36.0-255,66,217699,17,356904
38201,0.002725,74.125.200.0-255,1484,219183,17,356904
38202,0.002729,74.125.200.0-255,2902,222085,17,356904
38203,0.002731,172.31.36.0-255,66,222151,17,356904
38204,0.002757,74.125.200.0-255,5738,227889,17,356904
38205,0.00276,172.31.36.0-255,66,227955,17,356904
38206,0.002793,74.125.200.0-255,2902,230857,17,356904
38207,0.002795,172.31.36.0-255,66,230923,17,356904
38208,0.002807,74.125.200.0-255,4320,235243,17,356904
38209,0.002809,172.31.36.0-255,66,235309,17,356904
38210,0.002814,74.125.200.0-255,2902,238211,17,356904
38211,0.002817,172.31.36.0-255,66,238277,17,356904
38212,0.002836,74.125.200.0-255,1484,239761,17,356904
38213,0.002853,74.125.200.0-255,766,240527,17,356904
38214,0.002855,172.31.36.0-255,66,240593,17,356904
38215,0.003017,74.125.200.0-255,1484,242077,17,356904
38216,0.00302,74.125.200.0-255,1484,243561,17,356904
38217,0.003022,172.31.36.0-255,66,243627,17,356904
38218,0.003039,74.125.200.0-255,1484,245111,17,356904
38219,0.003057,74.125.200.0-255,2902,248013,17,356904
38220,0.00306,172.31.36.0-255,66,248079,17,356904
38221,0.003079,74.125.200.0-255,2902,250981,17,356904
38222,0.003082,172.31.36.0-255,66,251047,17,356904
38223,0.003128,74.125.200.0-255,5738,256785,17,356904
38224,0.003131,172.31.36.0-255,66,256851,17,356904
38225,0.003156,74.125.200.0-255,4320,261171,17,356904
38226,0.003159,172.31.36.0-255,66,261237,17,356904
38227,0.003171,172.31.36.0-255,66,261303,17,356904
38228,0.003175,74.125.200.0-255,2902,264205,17,356904
38229,0.003177,172.31.36.0-255,66,264271,17,356904
38230,0.003182,74.125.200.0-255,2184,266455,17,356904
38231,0.003184,172.31.36.0-255,66,266521,17,356904
38232,0.003188,74.125.200.0-255,2902,269423,17,356904
38233,0.003191,172.31.36.0-255,66,269489,17,356904
38234,0.003194,74.125.200.0-255,1484,270973,17,356904
38235,0.003205,172.31.36.0-255,66,271039,17,356904
38236,0.003216,172.31.36.0-255,66,271105,17,356904
38237,0.003219,74.125.200.0-255,1484,272589,17,356904
38238,0.003252,172.31.36.0-255,66,272655,17,356904
38239,0.003282,172.31.36.0-255,66,272721,17,356904
38240,0.003287,74.125.200.0-255,4320,277041,17,356904
38241,0.003289,172.31.36.0-255,66,277107,17,356904
38242,0.003326,172.31.36.0-255,66,277173,17,356904
38243,0.003331,74.125.200.0-255,5020,282193,17,356904
38244,0.003334,172.31.36.0-255,66,282259,17,356904
38245,0.003358,74.125.200.0-255,5738,287997,17,356904
38246,0.003361,172.31.36.0-255,66,288063,17,356904
38247,0.003364,74.125.200.0-255,1484,289547,17,356904
38248,0.003379,74.125.200.0-255,1484,291031,17,356904
38249,0.003381,172.31.36.0-255,66,291097,17,356904
38250,0.003399,74.125.200.0-255,1484,292581,17,356904
38251,0.003406,74.125.200.0-255,5738,298319,17,356904
38252,0.003409,172.31.36.0-255,66,298385,17,356904
38253,0.003438,74.125.200.0-255,5738,304123,17,356904
38254,0.003441,172.31.36.0-255,66,304189,17,356904
38255,0.003467,74.125.200.0-255,7156,311345,17,356904
38256,0.003469,172.31.36.0-255,66,311411,17,356904
38257,0.003476,74.125.200.0-255,5020,316431,17,356904
38258,0.003478,172.31.36.0-255,66,316497,17,356904
38259,0.003489,172.31.36.0-255,66,316563,17,356904
38260,0.003508,74.125.200.0-255,1484,318047,17,356904
38261,0.003512,74.125.200.0-255,1484,319531,17,356904
38262,0.003514,172.31.36.0-255,66,319597,17,356904
38263,0.003517,74.125.200.0-255,1484,321081,17,356904
38264,0.003523,74.125.200.0-255,7156,328237,17,356904
38265,0.003526,172.31.36.0-255,66,328303,17,356904
38266,0.003533,74.125.200.0-255,4320,332623,17,356904
38267,0.003535,172.31.36.0-255,66,332689,17,356904
38268,0.003537,74.125.200.0-255,1484,334173,17,356904
38269,0.003558,74.125.200.0-255,1484,335657,17,356904
38270,0.003561,172.31.36.0-255,66,335723,17,356904
38271,0.003583,74.125.200.0-255,5738,341461,17,356904
38272,0.003586,172.31.36.0-255,66,341527,17,356904
38273,0.003589,74.125.200.0-255,766,342293,17,356904
38274,0.003591,74.125.200.0-255,1484,343777,17,356904
38275,0.003593,172.31.36.0-255,66,343843,17,356904
38276,0.003617,74.125.200.0-255,2902,346745,17,356904
38277,0.003622,172.31.36.0-255,66,346811,17,356904
38278,0.003631,74.125.200.0-255,1484,348295,17,356904
38279,0.003633,74.125.200.0-255,97,348392,17,356904
38280,0.003636,172.31.36.0-255,78,348470,17,356904
38281,0.003641,74.125.200.0-255,3754,352224,17,356904
38282,0.003645,172.31.36.0-255,66,352290,17,356904
38283,0.003693,74.125.200.0-255,105,352395,17,356904
38284,0.006212,172.31.36.0-255,66,352461,17,356904
38285,0.006239,172.31.36.0-255,105,352566,17,356904
38286,0.008238,74.125.200.0-255,66,352632,17,356904
38287,0.03021,172.31.36.0-255,172,352804,17,356904
38288,0.030242,172.31.36.0-255,1116,353920,17,356904
38289,0.030327,172.31.36.0-255,1514,355434,17,356904
38290,0.030329,172.31.36.0-255,1272,356706,17,356904
38291,0.031757,104.244.42.0-255,66,356772,17,356904
38292,0.031795,104.244.42.0-255,66,356838,17,356904
38293,0.03189,104.244.42.0-255,66,356904,17,356904
38294,0.0,74.125.24.0-255,150,150,17,212800
38295,1.4e-05,172.31.36.0-255,66,216,17,212800
38296,2e-05,74.125.24.0-255,1484,1700,17,212800
38297,2.4e-05,172.31.36.0-255,66,1766,17,212800
38298,2.9e-05,74.125.24.0-255,2902,4668,17,212800
38299,4e-05,172.31.36.0-255,66,4734,17,212800
38300,4.6e-05,74.125.24.0-255,4320,9054,17,212800
38301,5e-05,172.31.36.0-255,66,9120,17,212800
38302,7.4e-05,74.125.24.0-255,2902,12022,17,212800
38303,7.7e-05,172.31.36.0-255,66,12088,17,212800
38304,9.7e-05,172.31.36.0-255,66,12154,17,212800
38305,0.000119,74.125.24.0-255,1484,13638,17,212800
38306,0.000121,172.31.36.0-255,66,13704,17,212800
38307,0.000154,74.125.24.0-255,3961,17665,17,212800
38308,0.000157,172.31.36.0-255,66,17731,17,212800
38309,0.000222,74.125.24.0-255,1484,19215,17,212800
38310,0.000225,172.31.36.0-255,66,19281,17,212800
38311,0.000253,74.125.24.0-255,2902,22183,17,212800
38312,0.000256,172.31.36.0-255,66,22249,17,212800
38313,0.000263,74.125.24.0-255,5738,27987,17,212800
38314,0.000266,172.31.36.0-255,66,28053,17,212800
38315,0.000272,74.125.24.0-255,5738,33791,17,212800
38316,0.000275,172.31.36.0-255,66,33857,17,212800
38317,0.000332,172.31.36.0-255,66,33923,17,212800
38318,0.000357,74.125.24.0-255,1125,35048,17,212800
38319,0.00036,172.31.36.0-255,66,35114,17,212800
38320,0.000365,74.125.24.0-255,4237,39351,17,212800
38321,0.000367,172.31.36.0-255,66,39417,17,212800
38322,0.00037,74.125.24.0-255,131,39548,17,212800
38323,0.000373,172.31.36.0-255,66,39614,17,212800
38324,0.000399,74.125.24.0-255,346,39960,17,212800
38325,0.000574,74.125.24.0-255,1484,41444,17,212800
38326,0.000579,172.31.36.0-255,66,41510,17,212800
38327,0.000585,74.125.24.0-255,2902,44412,17,212800
38328,0.000587,172.31.36.0-255,66,44478,17,212800
38329,0.000615,74.125.24.0-255,5738,50216,17,212800
38330,0.000618,172.31.36.0-255,66,50282,17,212800
38331,0.000645,172.31.36.0-255,66,50348,17,212800
38332,0.000684,172.31.36.0-255,66,50414,17,212800
38333,0.00073,74.125.24.0-255,2902,53316,17,212800
38334,0.000734,172.31.36.0-255,66,53382,17,212800
38335,0.000765,74.125.24.0-255,4320,57702,17,212800
38336,0.000769,172.31.36.0-255,66,57768,17,212800
38337,0.000797,74.125.24.0-255,2902,60670,17,212800
38338,0.000799,172.31.36.0-255,66,60736,17,212800
38339,0.000824,74.125.24.0-255,5738,66474,17,212800
38340,0.000827,74.125.24.0-255,575,67049,17,212800
38341,0.000839,74.125.24.0-255,2902,69951,17,212800
38342,0.000867,172.31.36.0-255,66,70017,17,212800
38343,0.000872,172.31.36.0-255,66,70083,17,212800
38344,0.000875,172.31.36.0-255,66,70149,17,212800
38345,0.000886,172.31.36.0-255,66,70215,17,212800
38346,0.000924,74.125.24.0-255,7156,77371,17,212800
38347,0.000927,172.31.36.0-255,66,77437,17,212800
38348,0.000932,74.125.24.0-255,3602,81039,17,212800
38349,0.000934,172.31.36.0-255,66,81105,17,212800
38350,0.000984,74.125.24.0-255,1484,82589,17,212800
38351,0.001013,74.125.24.0-255,2902,85491,17,212800
38352,0.001017,172.31.36.0-255,66,85557,17,212800
38353,0.001021,74.125.24.0-255,2902,88459,17,212800
38354,0.001024,172.31.36.0-255,66,88525,17,212800
38355,0.001047,74.125.24.0-255,2902,91427,17,212800
38356,0.00105,172.31.36.0-255,66,91493,17,212800
38357,0.001056,74.125.24.0-255,5738,97231,17,212800
38358,0.001059,172.31.36.0-255,66,97297,17,212800
38359,0.001064,74.125.24.0-255,4320,101617,17,212800
38360,0.001066,172.31.36.0-255,66,101683,17,212800
38361,0.001101,172.31.36.0-255,66,101749,17,212800
38362,0.001107,74.125.24.0-255,5020,106769,17,212800
38363,0.001109,172.31.36.0-255,66,106835,17,212800
38364,0.001273,74.125.24.0-255,1484,108319,17,212800
38365,0.001277,74.125.24.0-255,1484,109803,17,212800
38366,0.001281,172.31.36.0-255,66,109869,17,212800
38367,0.001309,74.125.24.0-255,1484,111353,17,212800
38368,0.001316,74.125.24.0-255,5738,117091,17,212800
38369,0.001319,172.31.36.0-255,66,117157,17,212800
38370,0.001325,74.125.24.0-255,4320,121477,17,212800
38371,0.001327,172.31.36.0-255,66,121543,17,212800
38372,0.001356,172.31.36.0-255,66,121609,17,212800
38373,0.001362,74.125.24.0-255,4320,125929,17,212800
38374,0.001364,172.31.36.0-255,66,125995,17,212800
38375,0.001397,74.125.24.0-255,6438,132433,17,212800
38376,0.0014,172.31.36.0-255,66,132499,17,212800
38377,0.001548,74.125.24.0-255,1484,133983,17,212800
38378,0.001554,74.125.24.0-255,1484,135467,17,212800
38379,0.001557,172.31.36.0-255,66,135533,17,212800
38380,0.001583,74.125.24.0-255,1484,137017,17,212800
38381,0.00159,74.125.24.0-255,5738,142755,17,212800
38382,0.001605,172.31.36.0-255,66,142821,17,212800
38383,0.001611,74.125.24.0-255,4320,147141,17,212800
38384,0.001613,172.31.36.0-255,66,147207,17,212800
38385,0.001619,74.125.24.0-255,4320,151527,17,212800
38386,0.001621,172.31.36.0-255,66,151593,17,212800
38387,0.001666,74.125.24.0-255,7156,158749,17,212800
38388,0.001669,172.31.36.0-255,66,158815,17,212800
38389,0.001684,172.31.36.0-255,66,158881,17,212800
38390,0.001695,172.31.36.0-255,66,158947,17,212800
38391,0.001707,172.31.36.0-255,66,159013,17,212800
38392,0.001712,74.125.24.0-255,4320,163333,17,212800
38393,0.001715,172.31.36.0-255,66,163399,17,212800
38394,0.00174,74.125.24.0-255,5738,169137,17,212800
38395,0.001743,172.31.36.0-255,66,169203,17,212800
38396,0.001778,74.125.24.0-255,6438,175641,17,212800
38397,0.001782,172.31.36.0-255,66,175707,17,212800
38398,0.001789,74.125.24.0-255,7156,182863,17,212800
38399,0.001791,172.31.36.0-255,66,182929,17,212800
38400,0.001861,172.31.36.0-255,66,182995,17,212800
38401,0.001876,172.31.36.0-255,66,183061,17,212800
38402,0.001879,74.125.24.0-255,2184,185245,17,212800
38403,0.001882,172.31.36.0-255,66,185311,17,212800
38404,0.001914,74.125.24.0-255,7156,192467,17,212800
38405,0.001917,172.31.36.0-255,66,192533,17,212800
38406,0.001928,172.31.36.0-255,66,192599,17,212800
38407,0.001976,172.31.36.0-255,66,192665,17,212800
38408,0.001979,74.125.24.0-255,766,193431,17,212800
38409,0.001993,172.31.36.0-255,66,193497,17,212800
38410,0.002037,74.125.24.0-255,7156,200653,17,212800
38411,0.00204,172.31.36.0-255,66,200719,17,212800
38412,0.002055,172.31.36.0-255,66,200785,17,212800
38413,0.002063,74.125.24.0-255,7156,207941,17,212800
38414,0.002065,172.31.36.0-255,66,208007,17,212800
38415,0.002116,172.31.36.0-255,66,208073,17,212800
38416,0.00212,74.125.24.0-255,97,208170,17,212800
38417,0.002123,74.125.24.0-255,105,208275,17,212800
38418,0.004694,172.31.36.0-255,66,208341,17,212800
38419,0.004732,172.31.36.0-255,105,208446,17,212800
38420,0.007234,74.125.24.0-255,66,208512,17,212800
38421,0.029174,172.31.36.0-255,188,208700,17,212800
38422,0.029209,172.31.36.0-255,961,209661,17,212800
38423,0.029272,172.31.36.0-255,1514,211175,17,212800
38424,0.029274,172.31.36.0-255,1427,212602,17,212800
38425,0.030698,104.244.42.0-255,66,212668,17,212800
38426,0.030747,104.244.42.0-255,66,212734,17,212800
38427,0.030862,104.244.42.0-255,66,212800,17,212800
38428,0.0,74.125.24.0-255,146,146,17,269815
38429,2.4e-05,172.31.36.0-255,66,212,17,269815
38430,3.2e-05,74.125.24.0-255,1484,1696,17,269815
38431,3.7e-05,172.31.36.0-255,66,1762,17,269815
38432,4.3e-05,74.125.24.0-255,2902,4664,17,269815
38433,4.7e-05,172.31.36.0-255,66,4730,17,269815
38434,5e-05,74.125.24.0-255,1484,6214,17,269815
38435,5.3e-05,172.31.36.0-255,66,6280,17,269815
38436,8.8e-05,74.125.24.0-255,4320,10600,17,269815
38437,9.1e-05,172.31.36.0-255,66,10666,17,269815
38438,0.00011,74.125.24.0-255,3371,14037,17,269815
38439,0.000113,172.31.36.0-255,66,14103,17,269815
38440,0.000343,74.125.24.0-255,1484,15587,17,269815
38441,0.000349,172.31.36.0-255,66,15653,17,269815
38442,0.000353,74.125.24.0-255,1484,17137,17,269815
38443,0.000355,172.31.36.0-255,66,17203,17,269815
38444,0.000373,74.125.24.0-255,1484,18687,17,269815
38445,0.000375,172.31.36.0-255,66,18753,17,269815
38446,0.000383,74.125.24.0-255,5738,24491,17,269815
38447,0.000386,172.31.36.0-255,66,24557,17,269815
38448,0.000407,74.125.24.0-255,4320,28877,17,269815
38449,0.00041,172.31.36.0-255,66,28943,17,269815
38450,0.000434,74.125.24.0-255,2543,31486,17,269815
38451,0.000437,172.31.36.0-255,66,31552,17,269815
38452,0.000458,74.125.24.0-255,7156,38708,17,269815
38453,0.000461,172.31.36.0-255,66,38774,17,269815
38454,0.000464,74.125.24.0-255,1484,40258,17,269815
38455,0.000466,172.31.36.0-255,66,40324,17,269815
38456,0.000524,74.125.24.0-255,5738,46062,17,269815
38457,0.000528,172.31.36.0-255,66,46128,17,269815
38458,0.000551,74.125.24.0-255,2543,48671,17,269815
38459,0.000554,172.31.36.0-255,66,48737,17,269815
38460,0.000565,172.31.36.0-255,66,48803,17,269815
38461,0.000628,74.125.24.0-255,2902,51705,17,269815
38462,0.000638,172.31.36.0-255,66,51771,17,269815
38463,0.000644,74.125.24.0-255,4320,56091,17,269815
38464,0.000646,172.31.36.0-255,66,56157,17,269815
38465,0.000658,74.125.24.0-255,1457,57614,17,269815
38466,0.00066,172.31.36.0-255,66,57680,17,269815
38467,0.000861,74.125.24.0-255,107,57787,17,269815
38468,0.000865,172.31.36.0-255,66,57853,17,269815
38469,0.001015,74.125.24.0-255,1484,59337,17,269815
38470,0.001019,172.31.36.0-255,66,59403,17,269815
38471,0.001024,74.125.24.0-255,2902,62305,17,269815
38472,0.001026,172.31.36.0-255,66,62371,17,269815
38473,0.001054,74.125.24.0-255,5738,68109,17,269815
38474,0.001057,172.31.36.0-255,66,68175,17,269815
38475,0.001064,74.125.24.0-255,5738,73913,17,269815
38476,0.001066,172.31.36.0-255,66,73979,17,269815
38477,0.001092,74.125.24.0-255,1125,75104,17,269815
38478,0.001095,172.31.36.0-255,66,75170,17,269815
38479,0.00111,74.125.24.0-255,1484,76654,17,269815
38480,0.001112,172.31.36.0-255,66,76720,17,269815
38481,0.001118,74.125.24.0-255,4320,81040,17,269815
38482,0.00112,172.31.36.0-255,66,81106,17,269815
38483,0.001143,74.125.24.0-255,5738,86844,17,269815
38484,0.001145,172.31.36.0-255,66,86910,17,269815
38485,0.001167,74.125.24.0-255,4320,91230,17,269815
38486,0.001169,172.31.36.0-255,66,91296,17,269815
38487,0.001172,74.125.24.0-255,1125,92421,17,269815
38488,0.001174,172.31.36.0-255,66,92487,17,269815
38489,0.003481,74.125.24.0-255,5738,98225,17,269815
38490,0.003489,172.31.36.0-255,66,98291,17,269815
38491,0.005787,74.125.24.0-255,5738,104029,17,269815
38492,0.005792,172.31.36.0-255,66,104095,17,269815
38493,0.008074,74.125.24.0-255,5738,109833,17,269815
38494,0.008083,172.31.36.0-255,66,109899,17,269815
38495,0.010404,74.125.24.0-255,5738,115637,17,269815
38496,0.010414,172.31.36.0-255,66,115703,17,269815
38497,0.012734,74.125.24.0-255,5738,121441,17,269815
38498,0.012744,172.31.36.0-255,66,121507,17,269815
38499,0.015039,74.125.24.0-255,5738,127245,17,269815
38500,0.01505,172.31.36.0-255,66,127311,17,269815
38501,0.01736,74.125.24.0-255,5738,133049,17,269815
38502,0.017369,172.31.36.0-255,66,133115,17,269815
38503,0.019649,74.125.24.0-255,5738,138853,17,269815
38504,0.019658,172.31.36.0-255,66,138919,17,269815
38505,0.021965,74.125.24.0-255,5738,144657,17,269815
38506,0.021973,172.31.36.0-255,66,144723,17,269815
38507,0.024272,74.125.24.0-255,5738,150461,17,269815
38508,0.024279,172.31.36.0-255,66,150527,17,269815
38509,0.026577,74.125.24.0-255,5738,156265,17,269815
38510,0.026585,172.31.36.0-255,66,156331,17,269815
38511,0.028889,74.125.24.0-255,5738,162069,17,269815
38512,0.028898,172.31.36.0-255,66,162135,17,269815
38513,0.029732,172.31.36.0-255,172,162307,17,269815
38514,0.029764,172.31.36.0-255,1117,163424,17,269815
38515,0.02984,172.31.36.0-255,1514,164938,17,269815
38516,0.029841,172.31.36.0-255,1514,166452,17,269815
38517,0.029848,172.31.36.0-255,1514,167966,17,269815
38518,0.029849,172.31.36.0-255,1514,169480,17,269815
38519,0.029874,172.31.36.0-255,1469,170949,17,269815
38520,0.031197,74.125.24.0-255,5738,176687,17,269815
38521,0.031205,172.31.36.0-255,66,176753,17,269815
38522,0.031248,104.244.42.0-255,66,176819,17,269815
38523,0.031279,104.244.42.0-255,66,176885,17,269815
38524,0.031431,104.244.42.0-255,66,176951,17,269815
38525,0.033548,74.125.24.0-255,5738,182689,17,269815
38526,0.033556,172.31.36.0-255,66,182755,17,269815
38527,0.035882,74.125.24.0-255,5738,188493,17,269815
38528,0.035889,172.31.36.0-255,66,188559,17,269815
38529,0.038164,74.125.24.0-255,5738,194297,17,269815
38530,0.038171,172.31.36.0-255,66,194363,17,269815
38531,0.040485,74.125.24.0-255,5738,200101,17,269815
38532,0.040492,172.31.36.0-255,66,200167,17,269815
38533,0.042794,74.125.24.0-255,5738,205905,17,269815
38534,0.042802,172.31.36.0-255,66,205971,17,269815
38535,0.045104,74.125.24.0-255,5738,211709,17,269815
38536,0.04511,172.31.36.0-255,66,211775,17,269815
38537,0.047415,74.125.24.0-255,5738,217513,17,269815
38538,0.047421,172.31.36.0-255,66,217579,17,269815
38539,0.049707,74.125.24.0-255,5738,223317,17,269815
38540,0.049714,172.31.36.0-255,66,223383,17,269815
38541,0.052014,74.125.24.0-255,5738,229121,17,269815
38542,0.052021,172.31.36.0-255,66,229187,17,269815
38543,0.054327,74.125.24.0-255,5738,234925,17,269815
38544,0.054334,172.31.36.0-255,66,234991,17,269815
38545,0.056622,74.125.24.0-255,5738,240729,17,269815
38546,0.056629,172.31.36.0-255,66,240795,17,269815
38547,0.058913,74.125.24.0-255,5738,246533,17,269815
38548,0.05892,172.31.36.0-255,66,246599,17,269815
38549,0.06123,74.125.24.0-255,5738,252337,17,269815
38550,0.061237,172.31.36.0-255,66,252403,17,269815
38551,0.063511,74.125.24.0-255,5738,258141,17,269815
38552,0.063518,172.31.36.0-255,66,258207,17,269815
38553,0.065831,74.125.24.0-255,5738,263945,17,269815
38554,0.065838,172.31.36.0-255,66,264011,17,269815
38555,0.068131,74.125.24.0-255,5738,269749,17,269815
38556,0.068137,172.31.36.0-255,66,269815,17,269815
38557,0.0,172.217.194.0-255,220,220,17,275636
38558,2.3e-05,172.31.36.0-255,66,286,17,275636
38559,3.1e-05,172.217.194.0-255,1484,1770,17,275636
38560,3.6e-05,172.31.36.0-255,66,1836,17,275636
38561,4.4e-05,172.217.194.0-255,4320,6156,17,275636
38562,5.6e-05,172.31.36.0-255,66,6222,17,275636
38563,7.9e-05,172.31.36.0-255,66,6288,17,275636
38564,9.2e-05,172.31.36.0-255,66,6354,17,275636
38565,0.000129,172.217.194.0-255,5379,11733,17,275636
38566,0.000132,172.31.36.0-255,66,11799,17,275636
38567,0.000138,172.217.194.0-255,2902,14701,17,275636
38568,0.000141,172.31.36.0-255,66,14767,17,275636
38569,0.000165,172.217.194.0-255,2902,17669,17,275636
38570,0.000168,172.31.36.0-255,66,17735,17,275636
38571,0.000176,172.217.194.0-255,7156,24891,17,275636
38572,0.000183,172.31.36.0-255,66,24957,17,275636
38573,0.000225,172.217.194.0-255,5738,30695,17,275636
38574,0.000228,172.31.36.0-255,66,30761,17,275636
38575,0.000246,172.31.36.0-255,66,30827,17,275636
38576,0.000249,172.217.194.0-255,1108,31935,17,275636
38577,0.000252,172.31.36.0-255,66,32001,17,275636
38578,0.000318,172.217.194.0-255,1484,33485,17,275636
38579,0.000321,172.31.36.0-255,66,33551,17,275636
38580,0.000326,172.217.194.0-255,2902,36453,17,275636
38581,0.000328,172.31.36.0-255,66,36519,17,275636
38582,0.000361,172.217.194.0-255,5738,42257,17,275636
38583,0.000363,172.31.36.0-255,66,42323,17,275636
38584,0.000403,172.31.36.0-255,66,42389,17,275636
38585,0.000432,172.217.194.0-255,4320,46709,17,275636
38586,0.000435,172.31.36.0-255,66,46775,17,275636
38587,0.000446,172.31.36.0-255,66,46841,17,275636
38588,0.000454,172.217.194.0-255,2184,49025,17,275636
38589,0.000456,172.31.36.0-255,66,49091,17,275636
38590,0.000705,172.217.194.0-255,1484,50575,17,275636
38591,0.000714,172.217.194.0-255,2902,53477,17,275636
38592,0.000719,172.31.36.0-255,66,53543,17,275636
38593,0.000728,172.217.194.0-255,5738,59281,17,275636
38594,0.000731,172.31.36.0-255,66,59347,17,275636
38595,0.000776,172.31.36.0-255,66,59413,17,275636
38596,0.000782,172.217.194.0-255,5738,65151,17,275636
38597,0.000784,172.31.36.0-255,66,65217,17,275636
38598,0.000823,172.31.36.0-255,66,65283,17,275636
38599,0.000827,172.217.194.0-255,1484,66767,17,275636
38600,0.000864,172.31.36.0-255,66,66833,17,275636
38601,0.001608,172.217.194.0-255,1484,68317,17,275636
38602,0.001629,172.217.194.0-255,2902,71219,17,275636
38603,0.001633,172.31.36.0-255,66,71285,17,275636
38604,0.00164,172.217.194.0-255,5738,77023,17,275636
38605,0.001642,172.31.36.0-255,66,77089,17,275636
38606,0.001646,172.217.194.0-255,2902,79991,17,275636
38607,0.001648,172.31.36.0-255,66,80057,17,275636
38608,0.001684,172.217.194.0-255,2902,82959,17,275636
38609,0.001687,172.31.36.0-255,66,83025,17,275636
38610,0.001706,172.31.36.0-255,66,83091,17,275636
38611,0.001713,172.217.194.0-255,5020,88111,17,275636
38612,0.001715,172.31.36.0-255,66,88177,17,275636
38613,0.003773,172.217.194.0-255,5738,93915,17,275636
38614,0.00378,172.31.36.0-255,66,93981,17,275636
38615,0.005831,172.217.194.0-255,5738,99719,17,275636
38616,0.005835,172.31.36.0-255,66,99785,17,275636
38617,0.007901,172.217.194.0-255,5738,105523,17,275636
38618,0.007907,172.31.36.0-255,66,105589,17,275636
38619,0.009972,172.217.194.0-255,5738,111327,17,275636
38620,0.00998,172.31.36.0-255,66,111393,17,275636
38621,0.012027,172.217.194.0-255,5738,117131,17,275636
38622,0.012034,172.31.36.0-255,66,117197,17,275636
38623,0.014101,172.217.194.0-255,5738,122935,17,275636
38624,0.014108,172.31.36.0-255,66,123001,17,275636
38625,0.016198,172.217.194.0-255,5738,128739,17,275636
38626,0.016205,172.31.36.0-255,66,128805,17,275636
38627,0.018276,172.217.194.0-255,5738,134543,17,275636
38628,0.018283,172.31.36.0-255,66,134609,17,275636
38629,0.020342,172.217.194.0-255,5738,140347,17,275636
38630,0.020351,172.31.36.0-255,66,140413,17,275636
38631,0.022379,172.217.194.0-255,5738,146151,17,275636
38632,0.022385,172.31.36.0-255,66,146217,17,275636
38633,0.024486,172.217.194.0-255,5738,151955,17,275636
38634,0.024492,172.31.36.0-255,66,152021,17,275636
38635,0.02661,172.217.194.0-255,5738,157759,17,275636
38636,0.026622,172.31.36.0-255,66,157825,17,275636
38637,0.028666,172.217.194.0-255,5738,163563,17,275636
38638,0.028674,172.31.36.0-255,66,163629,17,275636
38639,0.03074,172.217.194.0-255,5738,169367,17,275636
38640,0.030748,172.31.36.0-255,66,169433,17,275636
38641,0.032825,172.217.194.0-255,5738,175171,17,275636
38642,0.032833,172.31.36.0-255,66,175237,17,275636
38643,0.034363,172.31.36.0-255,188,175425,17,275636
38644,0.034396,172.31.36.0-255,962,176387,17,275636
38645,0.034454,172.31.36.0-255,209,176596,17,275636
38646,0.034888,172.217.194.0-255,5738,182334,17,275636
38647,0.034897,172.31.36.0-255,66,182400,17,275636
38648,0.035888,104.244.42.0-255,66,182466,17,275636
38649,0.035928,104.244.42.0-255,66,182532,17,275636
38650,0.035982,104.244.42.0-255,66,182598,17,275636
38651,0.036931,104.244.42.0-255,108,182706,17,275636
38652,0.036939,172.31.36.0-255,66,182772,17,275636
38653,0.036972,172.217.194.0-255,5738,188510,17,275636
38654,0.036977,172.31.36.0-255,66,188576,17,275636
38655,0.039049,172.217.194.0-255,5738,194314,17,275636
38656,0.039056,172.31.36.0-255,66,194380,17,275636
38657,0.041133,172.217.194.0-255,5738,200118,17,275636
38658,0.041143,172.31.36.0-255,66,200184,17,275636
38659,0.043181,172.217.194.0-255,5738,205922,17,275636
38660,0.043188,172.31.36.0-255,66,205988,17,275636
38661,0.045275,172.217.194.0-255,5738,211726,17,275636
38662,0.045282,172.31.36.0-255,66,211792,17,275636
38663,0.047352,172.217.194.0-255,5738,217530,17,275636
38664,0.047359,172.31.36.0-255,66,217596,17,275636
38665,0.049453,172.217.194.0-255,5738,223334,17,275636
38666,0.049459,172.31.36.0-255,66,223400,17,275636
38667,0.051498,172.217.194.0-255,5738,229138,17,275636
38668,0.051505,172.31.36.0-255,66,229204,17,275636
38669,0.053596,172.217.194.0-255,5738,234942,17,275636
38670,0.053604,172.31.36.0-255,66,235008,17,275636
38671,0.055664,172.217.194.0-255,5738,240746,17,275636
38672,0.055682,172.31.36.0-255,66,240812,17,275636
38673,0.057764,172.217.194.0-255,5738,246550,17,275636
38674,0.05777,172.31.36.0-255,66,246616,17,275636
38675,0.059798,172.217.194.0-255,5738,252354,17,275636
38676,0.059805,172.31.36.0-255,66,252420,17,275636
38677,0.061849,172.217.194.0-255,5738,258158,17,275636
38678,0.061855,172.31.36.0-255,66,258224,17,275636
38679,0.063946,172.217.194.0-255,5738,263962,17,275636
38680,0.063951,172.31.36.0-255,66,264028,17,275636
38681,0.066024,172.217.194.0-255,5738,269766,17,275636
38682,0.066031,172.31.36.0-255,66,269832,17,275636
38683,0.068109,172.217.194.0-255,5738,275570,17,275636
38684,0.068115,172.31.36.0-255,66,275636,17,275636
38685,0.0,172.217.194.0-255,217,217,17,198964
38686,2.7e-05,172.31.36.0-255,66,283,17,198964
38687,3.5e-05,172.217.194.0-255,1484,1767,17,198964
38688,4.1e-05,172.31.36.0-255,66,1833,17,198964
38689,4.9e-05,172.217.194.0-255,4320,6153,17,198964
38690,5.2e-05,172.31.36.0-255,66,6219,17,198964
38691,0.000133,172.217.194.0-255,5738,11957,17,198964
38692,0.000137,172.31.36.0-255,66,12023,17,198964
38693,0.000155,172.217.194.0-255,1811,13834,17,198964
38694,0.000158,172.31.36.0-255,66,13900,17,198964
38695,0.000337,172.217.194.0-255,4320,18220,17,198964
38696,0.000343,172.31.36.0-255,66,18286,17,198964
38697,0.000376,172.217.194.0-255,4320,22606,17,198964
38698,0.000379,172.31.36.0-255,66,22672,17,198964
38699,0.000574,172.31.36.0-255,66,22738,17,198964
38700,0.000789,172.217.194.0-255,4320,27058,17,198964
38701,0.000794,172.31.36.0-255,66,27124,17,198964
38702,0.000831,172.31.36.0-255,66,27190,17,198964
38703,0.000912,172.31.36.0-255,101,27291,17,198964
38704,0.001286,172.217.194.0-255,5738,33029,17,198964
38705,0.001293,172.31.36.0-255,66,33095,17,198964
38706,0.001717,172.217.194.0-255,7156,40251,17,198964
38707,0.003531,172.217.194.0-255,5738,45989,17,198964
38708,0.003581,172.217.194.0-255,5738,51727,17,198964
38709,0.004476,172.217.194.0-255,66,51793,17,198964
38710,0.005387,172.31.36.0-255,66,51859,17,198964
38711,0.008016,172.217.194.0-255,5738,57597,17,198964
38712,0.008028,172.31.36.0-255,66,57663,17,198964
38713,0.010659,172.217.194.0-255,5738,63401,17,198964
38714,0.010687,172.31.36.0-255,66,63467,17,198964
38715,0.013331,172.217.194.0-255,5738,69205,17,198964
38716,0.013348,172.31.36.0-255,66,69271,17,198964
38717,0.015997,172.217.194.0-255,5738,75009,17,198964
38718,0.016009,172.31.36.0-255,66,75075,17,198964
38719,0.018651,172.217.194.0-255,5738,80813,17,198964
38720,0.018666,172.31.36.0-255,66,80879,17,198964
38721,0.021313,172.217.194.0-255,5738,86617,17,198964
38722,0.021331,172.31.36.0-255,66,86683,17,198964
38723,0.023972,172.217.194.0-255,5738,92421,17,198964
38724,0.023988,172.31.36.0-255,66,92487,17,198964
38725,0.026628,172.217.194.0-255,5738,98225,17,198964
38726,0.026645,172.31.36.0-255,66,98291,17,198964
38727,0.029293,172.217.194.0-255,5738,104029,17,198964
38728,0.029307,172.31.36.0-255,66,104095,17,198964
38729,0.031935,172.217.194.0-255,5738,109833,17,198964
38730,0.031944,172.31.36.0-255,66,109899,17,198964
38731,0.03459,172.217.194.0-255,5738,115637,17,198964
38732,0.034605,172.31.36.0-255,66,115703,17,198964
38733,0.037231,172.217.194.0-255,5738,121441,17,198964
38734,0.037244,172.31.36.0-255,66,121507,17,198964
38735,0.039872,172.217.194.0-255,5738,127245,17,198964
38736,0.039892,172.31.36.0-255,66,127311,17,198964
38737,0.042525,172.217.194.0-255,5738,133049,17,198964
38738,0.042541,172.31.36.0-255,66,133115,17,198964
38739,0.045194,172.217.194.0-255,5738,138853,17,198964
38740,0.045209,172.31.36.0-255,66,138919,17,198964
38741,0.046213,172.31.36.0-255,188,139107,17,198964
38742,0.046258,172.31.36.0-255,961,140068,17,198964
38743,0.046344,172.31.36.0-255,1514,141582,17,198964
38744,0.046347,172.31.36.0-255,1514,143096,17,198964
38745,0.046352,172.31.36.0-255,1514,144610,17,198964
38746,0.046353,172.31.36.0-255,1514,146124,17,198964
38747,0.046375,172.31.36.0-255,1514,147638,17,198964
38748,0.046377,172.31.36.0-255,178,147816,17,198964
38749,0.047758,104.244.42.0-255,66,147882,17,198964
38750,0.047801,104.244.42.0-255,66,147948,17,198964
38751,0.047817,172.217.194.0-255,5738,153686,17,198964
38752,0.047827,172.31.36.0-255,66,153752,17,198964
38753,0.04791,104.244.42.0-255,66,153818,17,198964
38754,0.047957,104.244.42.0-255,66,153884,17,198964
38755,0.05046,172.217.194.0-255,4320,158204,17,198964
38756,0.050473,172.31.36.0-255,66,158270,17,198964
38757,0.050494,172.217.194.0-255,1484,159754,17,198964
38758,0.053098,172.217.194.0-255,4320,164074,17,198964
38759,0.053114,172.31.36.0-255,66,164140,17,198964
38760,0.055777,172.217.194.0-255,5738,169878,17,198964
38761,0.056086,172.31.36.0-255,66,169944,17,198964
38762,0.058722,172.217.194.0-255,5738,175682,17,198964
38763,0.058732,172.31.36.0-255,66,175748,17,198964
38764,0.061386,172.217.194.0-255,5738,181486,17,198964
38765,0.061395,172.31.36.0-255,66,181552,17,198964
38766,0.064068,172.217.194.0-255,5738,187290,17,198964
38767,0.064079,172.31.36.0-255,66,187356,17,198964
38768,0.066723,172.217.194.0-255,5738,193094,17,198964
38769,0.066733,172.31.36.0-255,66,193160,17,198964
38770,0.069382,172.217.194.0-255,5738,198898,17,198964
38771,0.069395,172.31.36.0-255,66,198964,17,198964
38772,0.0,172.217.194.0-255,149,149,17,174084
38773,1.4e-05,172.31.36.0-255,66,215,17,174084
38774,2.1e-05,172.217.194.0-255,1484,1699,17,174084
38775,2.6e-05,172.31.36.0-255,66,1765,17,174084
38776,4e-05,172.217.194.0-255,2902,4667,17,174084
38777,4.4e-05,172.31.36.0-255,66,4733,17,174084
38778,5.2e-05,172.217.194.0-255,7156,11889,17,174084
38779,5.5e-05,172.31.36.0-255,66,11955,17,174084
38780,5.9e-05,172.217.194.0-255,2038,13993,17,174084
38781,6.2e-05,172.31.36.0-255,66,14059,17,174084
38782,7.5e-05,172.31.36.0-255,66,14125,17,174084
38783,0.000107,172.217.194.0-255,1484,15609,17,174084
38784,0.000109,172.31.36.0-255,66,15675,17,174084
38785,0.000116,172.217.194.0-255,5379,21054,17,174084
38786,0.00012,172.31.36.0-255,66,21120,17,174084
38787,0.000159,172.217.194.0-255,1484,22604,17,174084
38788,0.000161,172.31.36.0-255,66,22670,17,174084
38789,0.000166,172.217.194.0-255,2902,25572,17,174084
38790,0.000169,172.31.36.0-255,66,25638,17,174084
38791,0.000181,172.217.194.0-255,5738,31376,17,174084
38792,0.000183,172.31.36.0-255,66,31442,17,174084
38793,0.000234,172.217.194.0-255,5738,37180,17,174084
38794,0.000237,172.31.36.0-255,66,37246,17,174084
38795,0.000261,172.31.36.0-255,66,37312,17,174084
38796,0.000312,172.31.36.0-255,66,37378,17,174084
38797,0.000362,172.217.194.0-255,1484,38862,17,174084
38798,0.000365,172.31.36.0-255,66,38928,17,174084
38799,0.00037,172.217.194.0-255,2902,41830,17,174084
38800,0.000372,172.31.36.0-255,66,41896,17,174084
38801,0.000385,172.217.194.0-255,5738,47634,17,174084
38802,0.000387,172.31.36.0-255,66,47700,17,174084
38803,0.000393,172.217.194.0-255,5738,53438,17,174084
38804,0.000396,172.31.36.0-255,66,53504,17,174084
38805,0.000441,172.31.36.0-255,66,53570,17,174084
38806,0.000446,172.217.194.0-255,3961,57531,17,174084
38807,0.000448,172.31.36.0-255,66,57597,17,174084
38808,0.000596,172.217.194.0-255,1484,59081,17,174084
38809,0.000603,172.217.194.0-255,2902,61983,17,174084
38810,0.000606,172.31.36.0-255,66,62049,17,174084
38811,0.000614,172.217.194.0-255,5738,67787,17,174084
38812,0.000616,172.31.36.0-255,66,67853,17,174084
38813,0.000655,172.31.36.0-255,66,67919,17,174084
38814,0.000667,172.31.36.0-255,66,67985,17,174084
38815,0.000732,172.31.36.0-255,66,68051,17,174084
38816,0.000744,172.31.36.0-255,66,68117,17,174084
38817,0.000748,172.217.194.0-255,2902,71019,17,174084
38818,0.000751,172.31.36.0-255,66,71085,17,174084
38819,0.000793,172.31.36.0-255,66,71151,17,174084
38820,0.000823,172.217.194.0-255,4320,75471,17,174084
38821,0.000825,172.31.36.0-255,66,75537,17,174084
38822,0.000832,172.217.194.0-255,5738,81275,17,174084
38823,0.000834,172.31.36.0-255,66,81341,17,174084
38824,0.000841,172.217.194.0-255,5738,87079,17,174084
38825,0.000843,172.31.36.0-255,66,87145,17,174084
38826,0.000879,172.217.194.0-255,5738,92883,17,174084
38827,0.000882,172.31.36.0-255,66,92949,17,174084
38828,0.000894,172.31.36.0-255,66,93015,17,174084
38829,0.000898,172.217.194.0-255,3602,96617,17,174084
38830,0.000901,172.31.36.0-255,66,96683,17,174084
38831,0.000932,172.217.194.0-255,4320,101003,17,174084
38832,0.000935,172.31.36.0-255,66,101069,17,174084
38833,0.000953,172.217.194.0-255,4320,105389,17,174084
38834,0.000956,172.31.36.0-255,66,105455,17,174084
38835,0.000982,172.217.194.0-255,5738,111193,17,174084
38836,0.000985,172.217.194.0-255,1484,112677,17,174084
38837,0.000991,172.217.194.0-255,5738,118415,17,174084
38838,0.000996,172.31.36.0-255,66,118481,17,174084
38839,0.001,172.31.36.0-255,66,118547,17,174084
38840,0.001027,172.217.194.0-255,7156,125703,17,174084
38841,0.00103,172.31.36.0-255,66,125769,17,174084
38842,0.001036,172.217.194.0-255,5020,130789,17,174084
38843,0.001038,172.31.36.0-255,66,130855,17,174084
38844,0.001208,172.217.194.0-255,1484,132339,17,174084
38845,0.001227,172.217.194.0-255,2902,135241,17,174084
38846,0.00123,172.31.36.0-255,66,135307,17,174084
38847,0.001238,172.217.194.0-255,5738,141045,17,174084
38848,0.00124,172.31.36.0-255,66,141111,17,174084
38849,0.001286,172.31.36.0-255,66,141177,17,174084
38850,0.001312,172.217.194.0-255,4320,145497,17,174084
38851,0.001314,172.31.36.0-255,66,145563,17,174084
38852,0.001336,172.217.194.0-255,6438,152001,17,174084
38853,0.00134,172.31.36.0-255,66,152067,17,174084
38854,0.001363,172.217.194.0-255,1484,153551,17,174084
38855,0.001368,172.217.194.0-255,2902,156453,17,174084
38856,0.00137,172.31.36.0-255,66,156519,17,174084
38857,0.001375,172.217.194.0-255,2902,159421,17,174084
38858,0.001377,172.31.36.0-255,66,159487,17,174084
38859,0.001396,172.217.194.0-255,2902,162389,17,174084
38860,0.001415,172.31.36.0-255,66,162455,17,174084
38861,0.001418,172.31.36.0-255,66,162521,17,174084
38862,0.001428,172.217.194.0-255,2902,165423,17,174084
38863,0.00143,172.31.36.0-255,66,165489,17,174084
38864,0.001447,172.31.36.0-255,66,165555,17,174084
38865,0.001511,172.31.36.0-255,66,165621,17,174084
38866,0.001569,172.31.36.0-255,66,165687,17,174084
38867,0.001647,172.31.36.0-255,66,165753,17,174084
38868,0.00165,172.31.36.0-255,66,165819,17,174084
38869,0.001653,172.31.36.0-255,66,165885,17,174084
38870,0.001676,172.217.194.0-255,2184,168069,17,174084
38871,0.00168,172.31.36.0-255,66,168135,17,174084
38872,0.001698,172.31.36.0-255,66,168201,17,174084
38873,0.001736,172.31.36.0-255,66,168267,17,174084
38874,0.00174,172.217.194.0-255,1029,169296,17,174084
38875,0.001743,172.217.194.0-255,105,169401,17,174084
38876,0.009066,172.31.36.0-255,66,169467,17,174084
38877,0.009108,172.31.36.0-255,105,169572,17,174084
38878,0.011425,172.217.194.0-255,66,169638,17,174084
38879,0.03322,172.31.36.0-255,172,169810,17,174084
38880,0.033251,172.31.36.0-255,1116,170926,17,174084
38881,0.033315,172.31.36.0-255,1514,172440,17,174084
38882,0.033316,172.31.36.0-255,1272,173712,17,174084
38883,0.034755,104.244.42.0-255,66,173778,17,174084
38884,0.034787,104.244.42.0-255,66,173844,17,174084
38885,0.034886,104.244.42.0-255,66,173910,17,174084
38886,0.03544,104.244.42.0-255,108,174018,17,174084
38887,0.035447,172.31.36.0-255,66,174084,17,174084
38888,0.0,216.58.221.0-255,153,153,17,278641
38889,1.5e-05,172.31.36.0-255,66,219,17,278641
38890,2.2e-05,216.58.221.0-255,1484,1703,17,278641
38891,2.6e-05,172.31.36.0-255,66,1769,17,278641
38892,3.1e-05,216.58.221.0-255,2902,4671,17,278641
38893,4.4e-05,172.31.36.0-255,66,4737,17,278641
38894,4.9e-05,216.58.221.0-255,4320,9057,17,278641
38895,5.3e-05,172.31.36.0-255,66,9123,17,278641
38896,0.000103,216.58.221.0-255,4876,13999,17,278641
38897,0.000107,172.31.36.0-255,66,14065,17,278641
38898,0.000485,216.58.221.0-255,1484,15549,17,278641
38899,0.00049,172.31.36.0-255,66,15615,17,278641
38900,0.000497,216.58.221.0-255,2902,18517,17,278641
38901,0.0005,172.31.36.0-255,66,18583,17,278641
38902,0.000514,216.58.221.0-255,5738,24321,17,278641
38903,0.000516,172.31.36.0-255,66,24387,17,278641
38904,0.000541,216.58.221.0-255,2902,27289,17,278641
38905,0.000544,172.31.36.0-255,66,27355,17,278641
38906,0.000575,216.58.221.0-255,3961,31316,17,278641
38907,0.000578,172.31.36.0-255,66,31382,17,278641
38908,0.000599,216.58.221.0-255,1484,32866,17,278641
38909,0.000602,172.31.36.0-255,66,32932,17,278641
38910,0.000606,216.58.221.0-255,2902,35834,17,278641
38911,0.000609,172.31.36.0-255,66,35900,17,278641
38912,0.000641,216.58.221.0-255,5738,41638,17,278641
38913,0.000645,172.31.36.0-255,66,41704,17,278641
38914,0.000651,216.58.221.0-255,6797,48501,17,278641
38915,0.000654,172.31.36.0-255,66,48567,17,278641
38916,0.000951,216.58.221.0-255,1484,50051,17,278641
38917,0.000957,172.31.36.0-255,66,50117,17,278641
38918,0.000965,216.58.221.0-255,2902,53019,17,278641
38919,0.000967,172.31.36.0-255,66,53085,17,278641
38920,0.000981,216.58.221.0-255,5738,58823,17,278641
38921,0.000985,172.31.36.0-255,66,58889,17,278641
38922,0.001025,216.58.221.0-255,7088,65977,17,278641
38923,0.001029,172.31.36.0-255,66,66043,17,278641
38924,0.00206,216.58.221.0-255,386,66429,17,278641
38925,0.002637,216.58.221.0-255,1484,67913,17,278641
38926,0.002642,172.31.36.0-255,66,67979,17,278641
38927,0.002647,216.58.221.0-255,1484,69463,17,278641
38928,0.002667,216.58.221.0-255,1484,70947,17,278641
38929,0.002669,172.31.36.0-255,66,71013,17,278641
38930,0.002675,216.58.221.0-255,4320,75333,17,278641
38931,0.002677,172.31.36.0-255,66,75399,17,278641
38932,0.002706,172.31.36.0-255,66,75465,17,278641
38933,0.002711,216.58.221.0-255,2902,78367,17,278641
38934,0.002713,172.31.36.0-255,66,78433,17,278641
38935,0.002746,172.31.36.0-255,66,78499,17,278641
38936,0.002772,216.58.221.0-255,3961,82460,17,278641
38937,0.002774,172.31.36.0-255,66,82526,17,278641
38938,0.00329,216.58.221.0-255,1484,84010,17,278641
38939,0.003293,216.58.221.0-255,1484,85494,17,278641
38940,0.003294,172.31.36.0-255,66,85560,17,278641
38941,0.003317,216.58.221.0-255,1484,87044,17,278641
38942,0.003322,216.58.221.0-255,4320,91364,17,278641
38943,0.003323,172.31.36.0-255,66,91430,17,278641
38944,0.00333,216.58.221.0-255,5738,97168,17,278641
38945,0.003332,172.31.36.0-255,66,97234,17,278641
38946,0.003364,172.31.36.0-255,66,97300,17,278641
38947,0.003388,216.58.221.0-255,1484,98784,17,278641
38948,0.003398,172.31.36.0-255,66,98850,17,278641
38949,0.003801,216.58.221.0-255,1484,100334,17,278641
38950,0.00382,216.58.221.0-255,2902,103236,17,278641
38951,0.003824,172.31.36.0-255,66,103302,17,278641
38952,0.003831,216.58.221.0-255,4320,107622,17,278641
38953,0.003835,172.31.36.0-255,66,107688,17,278641
38954,0.00385,216.58.221.0-255,5738,113426,17,278641
38955,0.003853,172.31.36.0-255,66,113492,17,278641
38956,0.003884,216.58.221.0-255,2902,116394,17,278641
38957,0.003887,172.31.36.0-255,66,116460,17,278641
38958,0.003909,172.31.36.0-255,66,116526,17,278641
38959,0.003933,216.58.221.0-255,2184,118710,17,278641
38960,0.003937,172.31.36.0-255,66,118776,17,278641
38961,0.004091,216.58.221.0-255,1484,120260,17,278641
38962,0.0041,216.58.221.0-255,2902,123162,17,278641
38963,0.004103,172.31.36.0-255,66,123228,17,278641
38964,0.004153,216.58.221.0-255,1484,124712,17,278641
38965,0.00418,216.58.221.0-255,4320,129032,17,278641
38966,0.004184,172.31.36.0-255,66,129098,17,278641
38967,0.00419,216.58.221.0-255,4320,133418,17,278641
38968,0.004192,172.31.36.0-255,66,133484,17,278641
38969,0.004204,216.58.221.0-255,5738,139222,17,278641
38970,0.004208,172.31.36.0-255,66,139288,17,278641
38971,0.00422,172.31.36.0-255,66,139354,17,278641
38972,0.004224,216.58.221.0-255,2184,141538,17,278641
38973,0.004227,172.31.36.0-255,66,141604,17,278641
38974,0.004231,216.58.221.0-255,2902,144506,17,278641
38975,0.004235,172.31.36.0-255,66,144572,17,278641
38976,0.004236,216.58.221.0-255,7156,151728,17,278641
38977,0.00424,216.58.221.0-255,2902,154630,17,278641
38978,0.00424,172.31.36.0-255,66,154696,17,278641
38979,0.004243,172.31.36.0-255,66,154762,17,278641
38980,0.004279,216.58.221.0-255,5738,160500,17,278641
38981,0.004283,172.31.36.0-255,66,160566,17,278641
38982,0.004288,216.58.221.0-255,4320,164886,17,278641
38983,0.004291,172.31.36.0-255,66,164952,17,278641
38984,0.004337,172.31.36.0-255,66,165018,17,278641
38985,0.004359,172.31.36.0-255,66,165084,17,278641
38986,0.00437,172.31.36.0-255,66,165150,17,278641
38987,0.004419,172.31.36.0-255,66,165216,17,278641
38988,0.00442,216.58.221.0-255,5738,170954,17,278641
38989,0.004423,172.31.36.0-255,66,171020,17,278641
38990,0.00447,172.31.36.0-255,66,171086,17,278641
38991,0.004481,172.31.36.0-255,66,171152,17,278641
38992,0.004503,216.58.221.0-255,1484,172636,17,278641
38993,0.004531,216.58.221.0-255,2902,175538,17,278641
38994,0.004534,172.31.36.0-255,66,175604,17,278641
38995,0.004538,216.58.221.0-255,1484,177088,17,278641
38996,0.004563,216.58.221.0-255,4320,181408,17,278641
38997,0.004567,172.31.36.0-255,66,181474,17,278641
38998,0.004573,216.58.221.0-255,5738,187212,17,278641
38999,0.004576,172.31.36.0-255,66,187278,17,278641
39000,0.004592,216.58.221.0-255,2902,190180,17,278641
39001,0.004594,172.31.36.0-255,66,190246,17,278641
39002,0.004619,216.58.221.0-255,2902,193148,17,278641
39003,0.004623,172.31.36.0-255,66,193214,17,278641
39004,0.004631,216.58.221.0-255,7156,200370,17,278641
39005,0.004634,172.31.36.0-255,66,200436,17,278641
39006,0.004639,216.58.221.0-255,2902,203338,17,278641
39007,0.004641,216.58.221.0-255,1484,204822,17,278641
39008,0.004643,216.58.221.0-255,766,205588,17,278641
39009,0.004643,172.31.36.0-255,66,205654,17,278641
39010,0.004647,172.31.36.0-255,66,205720,17,278641
39011,0.004807,216.58.221.0-255,1484,207204,17,278641
39012,0.004823,216.58.221.0-255,2902,210106,17,278641
39013,0.004829,172.31.36.0-255,66,210172,17,278641
39014,0.004853,216.58.221.0-255,5738,215910,17,278641
39015,0.004856,172.31.36.0-255,66,215976,17,278641
39016,0.00486,216.58.221.0-255,2902,218878,17,278641
39017,0.004863,172.31.36.0-255,66,218944,17,278641
39018,0.0049,216.58.221.0-255,5738,224682,17,278641
39019,0.004904,172.31.36.0-255,66,224748,17,278641
39020,0.004914,172.31.36.0-255,66,224814,17,278641
39021,0.004926,216.58.221.0-255,5020,229834,17,278641
39022,0.004929,172.31.36.0-255,66,229900,17,278641
39023,0.004988,216.58.221.0-255,1484,231384,17,278641
39024,0.004993,216.58.221.0-255,2902,234286,17,278641
39025,0.004996,172.31.36.0-255,66,234352,17,278641
39026,0.005003,216.58.221.0-255,5738,240090,17,278641
39027,0.005006,172.31.36.0-255,66,240156,17,278641
39028,0.005035,216.58.221.0-255,4320,244476,17,278641
39029,0.005038,172.31.36.0-255,66,244542,17,278641
39030,0.00506,216.58.221.0-255,5738,250280,17,278641
39031,0.005063,172.31.36.0-255,66,250346,17,278641
39032,0.005068,216.58.221.0-255,4320,254666,17,278641
39033,0.00507,172.31.36.0-255,66,254732,17,278641
39034,0.005076,216.58.221.0-255,4320,259052,17,278641
39035,0.005079,172.31.36.0-255,66,259118,17,278641
39036,0.005098,216.58.221.0-255,1484,260602,17,278641
39037,0.005102,216.58.221.0-255,2902,263504,17,278641
39038,0.00511,172.31.36.0-255,66,263570,17,278641
39039,0.005114,216.58.221.0-255,766,264336,17,278641
39040,0.005138,216.58.221.0-255,1484,265820,17,278641
39041,0.005141,172.31.36.0-255,66,265886,17,278641
39042,0.005147,216.58.221.0-255,4320,270206,17,278641
39043,0.00515,172.31.36.0-255,66,270272,17,278641
39044,0.00518,216.58.221.0-255,3689,273961,17,278641
39045,0.005183,172.31.36.0-255,66,274027,17,278641
39046,0.00522,216.58.221.0-255,105,274132,17,278641
39047,0.007039,172.31.36.0-255,66,274198,17,278641
39048,0.007066,172.31.36.0-255,105,274303,17,278641
39049,0.009004,216.58.221.0-255,66,274369,17,278641
39050,0.025964,172.31.36.0-255,172,274541,17,278641
39051,0.025998,172.31.36.0-255,1116,275657,17,278641
39052,0.026039,172.31.36.0-255,1514,277171,17,278641
39053,0.02604,172.31.36.0-255,1272,278443,17,278641
39054,0.027519,104.244.42.0-255,66,278509,17,278641
39055,0.027577,104.244.42.0-255,66,278575,17,278641
39056,0.027615,104.244.42.0-255,66,278641,17,278641
39057,0.0,172.31.36.0-255,66,66,17,66
39058,0.0,172.31.36.0-255,66,66,17,66
39059,0.0,74.125.24.0-255,151,151,17,276419
39060,3.1e-05,172.31.36.0-255,66,217,17,276419
39061,3.7e-05,74.125.24.0-255,1484,1701,17,276419
39062,4e-05,172.31.36.0-255,66,1767,17,276419
39063,4.4e-05,74.125.24.0-255,2902,4669,17,276419
39064,4.6e-05,172.31.36.0-255,66,4735,17,276419
39065,5.8e-05,74.125.24.0-255,2902,7637,17,276419
39066,6.1e-05,172.31.36.0-255,66,7703,17,276419
39067,7.1e-05,172.31.36.0-255,66,7769,17,276419
39068,0.000104,172.31.36.0-255,66,7835,17,276419
39069,0.000124,74.125.24.0-255,1125,8960,17,276419
39070,0.000126,172.31.36.0-255,66,9026,17,276419
39071,0.000205,74.125.24.0-255,1484,10510,17,276419
39072,0.000208,172.31.36.0-255,66,10576,17,276419
39073,0.000226,74.125.24.0-255,2902,13478,17,276419
39074,0.000229,172.31.36.0-255,66,13544,17,276419
39075,0.000232,74.125.24.0-255,1484,15028,17,276419
39076,0.000234,172.31.36.0-255,66,15094,17,276419
39077,0.000262,74.125.24.0-255,5738,20832,17,276419
39078,0.000268,172.31.36.0-255,66,20898,17,276419
39079,0.000283,74.125.24.0-255,4320,25218,17,276419
39080,0.000285,172.31.36.0-255,66,25284,17,276419
39081,0.000322,172.31.36.0-255,66,25350,17,276419
39082,0.000355,172.31.36.0-255,66,25416,17,276419
39083,0.000547,74.125.24.0-255,111,25527,17,276419
39084,0.000551,172.31.36.0-255,66,25593,17,276419
39085,0.000695,74.125.24.0-255,1484,27077,17,276419
39086,0.000699,172.31.36.0-255,66,27143,17,276419
39087,0.000707,74.125.24.0-255,2902,30045,17,276419
39088,0.000709,172.31.36.0-255,66,30111,17,276419
39089,0.00072,74.125.24.0-255,5738,35849,17,276419
39090,0.000721,172.31.36.0-255,66,35915,17,276419
39091,0.000765,172.31.36.0-255,66,35981,17,276419
39092,0.000792,74.125.24.0-255,2902,38883,17,276419
39093,0.000795,172.31.36.0-255,66,38949,17,276419
39094,0.000827,172.31.36.0-255,66,39015,17,276419
39095,0.001433,74.125.24.0-255,1484,40499,17,276419
39096,0.001442,74.125.24.0-255,2902,43401,17,276419
39097,0.001446,172.31.36.0-255,66,43467,17,276419
39098,0.001451,74.125.24.0-255,2902,46369,17,276419
39099,0.001453,172.31.36.0-255,66,46435,17,276419
39100,0.001488,74.125.24.0-255,2902,49337,17,276419
39101,0.00149,172.31.36.0-255,66,49403,17,276419
39102,0.001499,172.31.36.0-255,66,49469,17,276419
39103,0.001557,172.31.36.0-255,66,49535,17,276419
39104,0.001614,172.31.36.0-255,66,49601,17,276419
39105,0.001642,74.125.24.0-255,4320,53921,17,276419
39106,0.001644,172.31.36.0-255,66,53987,17,276419
39107,0.00166,172.31.36.0-255,66,54053,17,276419
39108,0.001665,74.125.24.0-255,6438,60491,17,276419
39109,0.001667,172.31.36.0-255,66,60557,17,276419
39110,0.001681,74.125.24.0-255,4320,64877,17,276419
39111,0.001685,172.31.36.0-255,66,64943,17,276419
39112,0.001714,172.31.36.0-255,66,65009,17,276419
39113,0.001719,74.125.24.0-255,5738,70747,17,276419
39114,0.001721,172.31.36.0-255,66,70813,17,276419
39115,0.001752,172.31.36.0-255,66,70879,17,276419
39116,0.001754,74.125.24.0-255,766,71645,17,276419
39117,0.001869,74.125.24.0-255,1484,73129,17,276419
39118,0.001872,172.31.36.0-255,66,73195,17,276419
39119,0.001895,74.125.24.0-255,2902,76097,17,276419
39120,0.001897,172.31.36.0-255,66,76163,17,276419
39121,0.001903,74.125.24.0-255,5738,81901,17,276419
39122,0.001904,172.31.36.0-255,66,81967,17,276419
39123,0.001931,74.125.24.0-255,5738,87705,17,276419
39124,0.001934,172.31.36.0-255,66,87771,17,276419
39125,0.00196,74.125.24.0-255,7156,94927,17,276419
39126,0.001963,172.31.36.0-255,66,94993,17,276419
39127,0.001967,74.125.24.0-255,4320,99313,17,276419
39128,0.001969,172.31.36.0-255,66,99379,17,276419
39129,0.002013,74.125.24.0-255,6438,105817,17,276419
39130,0.002015,172.31.36.0-255,66,105883,17,276419
39131,0.004267,74.125.24.0-255,2902,108785,17,276419
39132,0.004271,172.31.36.0-255,66,108851,17,276419
39133,0.004296,74.125.24.0-255,2902,111753,17,276419
39134,0.004298,172.31.36.0-255,66,111819,17,276419
39135,0.006515,74.125.24.0-255,2902,114721,17,276419
39136,0.006523,172.31.36.0-255,66,114787,17,276419
39137,0.006586,74.125.24.0-255,2902,117689,17,276419
39138,0.00659,172.31.36.0-255,66,117755,17,276419
39139,0.008806,74.125.24.0-255,2902,120657,17,276419
39140,0.008816,172.31.36.0-255,66,120723,17,276419
39141,0.008858,74.125.24.0-255,2902,123625,17,276419
39142,0.008869,172.31.36.0-255,66,123691,17,276419
39143,0.011051,74.125.24.0-255,2902,126593,17,276419
39144,0.011058,172.31.36.0-255,66,126659,17,276419
39145,0.011105,74.125.24.0-255,2902,129561,17,276419
39146,0.011107,172.31.36.0-255,66,129627,17,276419
39147,0.013356,74.125.24.0-255,5738,135365,17,276419
39148,0.013366,172.31.36.0-255,66,135431,17,276419
39149,0.015632,74.125.24.0-255,5738,141169,17,276419
39150,0.01564,172.31.36.0-255,66,141235,17,276419
39151,0.01791,74.125.24.0-255,5738,146973,17,276419
39152,0.017917,172.31.36.0-255,66,147039,17,276419
39153,0.020194,74.125.24.0-255,5738,152777,17,276419
39154,0.020202,172.31.36.0-255,66,152843,17,276419
39155,0.02244,74.125.24.0-255,5738,158581,17,276419
39156,0.022448,172.31.36.0-255,66,158647,17,276419
39157,0.02251,172.31.36.0-255,164,158811,17,276419
39158,0.022538,172.31.36.0-255,1124,159935,17,276419
39159,0.022594,172.31.36.0-255,1514,161449,17,276419
39160,0.022596,172.31.36.0-255,1264,162713,17,276419
39161,0.024083,104.244.42.0-255,66,162779,17,276419
39162,0.02409,104.244.42.0-255,66,162845,17,276419
39163,0.024163,104.244.42.0-255,66,162911,17,276419
39164,0.024691,74.125.24.0-255,5738,168649,17,276419
39165,0.024696,172.31.36.0-255,66,168715,17,276419
39166,0.026986,74.125.24.0-255,5738,174453,17,276419
39167,0.026993,172.31.36.0-255,66,174519,17,276419
39168,0.029229,74.125.24.0-255,5738,180257,17,276419
39169,0.029239,172.31.36.0-255,66,180323,17,276419
39170,0.031531,74.125.24.0-255,5738,186061,17,276419
39171,0.031542,172.31.36.0-255,66,186127,17,276419
39172,0.033799,74.125.24.0-255,5738,191865,17,276419
39173,0.033807,172.31.36.0-255,66,191931,17,276419
39174,0.03606,74.125.24.0-255,5738,197669,17,276419
39175,0.036066,172.31.36.0-255,66,197735,17,276419
39176,0.038391,74.125.24.0-255,5738,203473,17,276419
39177,0.038397,172.31.36.0-255,66,203539,17,276419
39178,0.04065,74.125.24.0-255,5738,209277,17,276419
39179,0.040656,172.31.36.0-255,66,209343,17,276419
39180,0.042931,74.125.24.0-255,4320,213663,17,276419
39181,0.042942,172.31.36.0-255,66,213729,17,276419
39182,0.042969,74.125.24.0-255,1484,215213,17,276419
39183,0.045182,74.125.24.0-255,4320,219533,17,276419
39184,0.045188,172.31.36.0-255,66,219599,17,276419
39185,0.047453,74.125.24.0-255,5738,225337,17,276419
39186,0.04746,172.31.36.0-255,66,225403,17,276419
39187,0.049744,74.125.24.0-255,4320,229723,17,276419
39188,0.04975,172.31.36.0-255,66,229789,17,276419
39189,0.049782,74.125.24.0-255,1484,231273,17,276419
39190,0.052026,74.125.24.0-255,4320,235593,17,276419
39191,0.052032,172.31.36.0-255,66,235659,17,276419
39192,0.054263,74.125.24.0-255,5738,241397,17,276419
39193,0.054269,172.31.36.0-255,66,241463,17,276419
39194,0.056548,74.125.24.0-255,5738,247201,17,276419
39195,0.056555,172.31.36.0-255,66,247267,17,276419
39196,0.058811,74.125.24.0-255,5738,253005,17,276419
39197,0.058818,172.31.36.0-255,66,253071,17,276419
39198,0.061079,74.125.24.0-255,5738,258809,17,276419
39199,0.061086,172.31.36.0-255,66,258875,17,276419
39200,0.063395,74.125.24.0-255,5738,264613,17,276419
39201,0.063402,172.31.36.0-255,66,264679,17,276419
39202,0.065675,74.125.24.0-255,5738,270417,17,276419
39203,0.065682,172.31.36.0-255,66,270483,17,276419
39204,0.067914,74.125.24.0-255,2902,273385,17,276419
39205,0.06792,172.31.36.0-255,66,273451,17,276419
39206,0.067949,74.125.24.0-255,2902,276353,17,276419
39207,0.067952,172.31.36.0-255,66,276419,17,276419
39208,0.0,74.125.24.0-255,152,152,17,231838
39209,2.1e-05,172.31.36.0-255,66,218,17,231838
39210,2.8e-05,74.125.24.0-255,1484,1702,17,231838
39211,3.2e-05,172.31.36.0-255,66,1768,17,231838
39212,4.5e-05,74.125.24.0-255,2902,4670,17,231838
39213,4.7e-05,172.31.36.0-255,66,4736,17,231838
39214,5.4e-05,74.125.24.0-255,7156,11892,17,231838
39215,5.7e-05,172.31.36.0-255,66,11958,17,231838
39216,6.2e-05,74.125.24.0-255,4320,16278,17,231838
39217,6.4e-05,172.31.36.0-255,66,16344,17,231838
39218,0.000111,172.31.36.0-255,66,16410,17,231838
39219,0.000115,74.125.24.0-255,2543,18953,17,231838
39220,0.000116,172.31.36.0-255,66,19019,17,231838
39221,0.000181,74.125.24.0-255,1484,20503,17,231838
39222,0.000183,172.31.36.0-255,66,20569,17,231838
39223,0.000188,74.125.24.0-255,2902,23471,17,231838
39224,0.00019,172.31.36.0-255,66,23537,17,231838
39225,0.000214,74.125.24.0-255,5738,29275,17,231838
39226,0.000216,172.31.36.0-255,66,29341,17,231838
39227,0.000224,74.125.24.0-255,4320,33661,17,231838
39228,0.000226,172.31.36.0-255,66,33727,17,231838
39229,0.000276,74.125.24.0-255,7156,40883,17,231838
39230,0.000279,172.31.36.0-255,66,40949,17,231838
39231,0.00031,74.125.24.0-255,5379,46328,17,231838
39232,0.000312,172.31.36.0-255,66,46394,17,231838
39233,0.000318,74.125.24.0-255,7068,53462,17,231838
39234,0.00032,172.31.36.0-255,66,53528,17,231838
39235,0.000323,74.125.24.0-255,135,53663,17,231838
39236,0.000329,172.31.36.0-255,66,53729,17,231838
39237,0.000341,74.125.24.0-255,1484,55213,17,231838
39238,0.000343,172.31.36.0-255,66,55279,17,231838
39239,0.000347,74.125.24.0-255,2902,58181,17,231838
39240,0.000381,74.125.24.0-255,7156,65337,17,231838
39241,0.000421,74.125.24.0-255,5079,70416,17,231838
39242,0.000514,172.31.36.0-255,66,70482,17,231838
39243,0.001048,74.125.24.0-255,1484,71966,17,231838
39244,0.001055,74.125.24.0-255,2902,74868,17,231838
39245,0.001058,172.31.36.0-255,66,74934,17,231838
39246,0.001085,74.125.24.0-255,2902,77836,17,231838
39247,0.001088,172.31.36.0-255,66,77902,17,231838
39248,0.001094,74.125.24.0-255,7156,85058,17,231838
39249,0.001096,172.31.36.0-255,66,85124,17,231838
39250,0.001131,172.31.36.0-255,66,85190,17,231838
39251,0.001157,74.125.24.0-255,4320,89510,17,231838
39252,0.00116,172.31.36.0-255,66,89576,17,231838
39253,0.001164,74.125.24.0-255,3602,93178,17,231838
39254,0.001166,172.31.36.0-255,66,93244,17,231838
39255,0.001347,74.125.24.0-255,1484,94728,17,231838
39256,0.001352,74.125.24.0-255,2902,97630,17,231838
39257,0.001354,172.31.36.0-255,66,97696,17,231838
39258,0.001383,74.125.24.0-255,5738,103434,17,231838
39259,0.001386,172.31.36.0-255,66,103500,17,231838
39260,0.00139,74.125.24.0-255,4320,107820,17,231838
39261,0.001392,172.31.36.0-255,66,107886,17,231838
39262,0.001398,74.125.24.0-255,5738,113624,17,231838
39263,0.001399,172.31.36.0-255,66,113690,17,231838
39264,0.001417,74.125.24.0-255,5738,119428,17,231838
39265,0.001418,172.31.36.0-255,66,119494,17,231838
39266,0.00145,172.31.36.0-255,66,119560,17,231838
39267,0.001536,74.125.24.0-255,1484,121044,17,231838
39268,0.001542,74.125.24.0-255,2902,123946,17,231838
39269,0.001544,172.31.36.0-255,66,124012,17,231838
39270,0.001549,74.125.24.0-255,2902,126914,17,231838
39271,0.00155,172.31.36.0-255,66,126980,17,231838
39272,0.001586,74.125.24.0-255,2902,129882,17,231838
39273,0.001588,172.31.36.0-255,66,129948,17,231838
39274,0.001601,172.31.36.0-255,66,130014,17,231838
39275,0.001607,74.125.24.0-255,5738,135752,17,231838
39276,0.001608,172.31.36.0-255,66,135818,17,231838
39277,0.001638,74.125.24.0-255,5020,140838,17,231838
39278,0.001641,172.31.36.0-255,66,140904,17,231838
39279,0.001801,74.125.24.0-255,1484,142388,17,231838
39280,0.001805,74.125.24.0-255,1484,143872,17,231838
39281,0.001815,172.31.36.0-255,66,143938,17,231838
39282,0.001834,74.125.24.0-255,1484,145422,17,231838
39283,0.00184,74.125.24.0-255,5738,151160,17,231838
39284,0.001844,74.125.24.0-255,2902,154062,17,231838
39285,0.001847,74.125.24.0-255,2902,156964,17,231838
39286,0.001865,74.125.24.0-255,7156,164120,17,231838
39287,0.001871,172.31.36.0-255,66,164186,17,231838
39288,0.001904,74.125.24.0-255,1484,165670,17,231838
39289,0.001909,172.31.36.0-255,66,165736,17,231838
39290,0.001947,172.31.36.0-255,66,165802,17,231838
39291,0.002034,172.31.36.0-255,66,165868,17,231838
39292,0.002076,74.125.24.0-255,1484,167352,17,231838
39293,0.002081,74.125.24.0-255,2902,170254,17,231838
39294,0.002086,74.125.24.0-255,5738,175992,17,231838
39295,0.002091,74.125.24.0-255,2902,178894,17,231838
39296,0.002095,74.125.24.0-255,4320,183214,17,231838
39297,0.002107,172.31.36.0-255,66,183280,17,231838
39298,0.002133,172.31.36.0-255,66,183346,17,231838
39299,0.002187,172.31.36.0-255,66,183412,17,231838
39300,0.002227,172.31.36.0-255,66,183478,17,231838
39301,0.002282,74.125.24.0-255,3602,187080,17,231838
39302,0.002287,74.125.24.0-255,2902,189982,17,231838
39303,0.002299,172.31.36.0-255,66,190048,17,231838
39304,0.002304,74.125.24.0-255,4320,194368,17,231838
39305,0.002309,74.125.24.0-255,2902,197270,17,231838
39306,0.002326,172.31.36.0-255,66,197336,17,231838
39307,0.002333,74.125.24.0-255,5738,203074,17,231838
39308,0.002382,74.125.24.0-255,3602,206676,17,231838
39309,0.002397,172.31.36.0-255,66,206742,17,231838
39310,0.002441,172.31.36.0-255,66,206808,17,231838
39311,0.002492,172.31.36.0-255,66,206874,17,231838
39312,0.002503,74.125.24.0-255,4320,211194,17,231838
39313,0.002508,172.31.36.0-255,66,211260,17,231838
39314,0.002533,74.125.24.0-255,5738,216998,17,231838
39315,0.00254,74.125.24.0-255,5738,222736,17,231838
39316,0.002543,74.125.24.0-255,1484,224220,17,231838
39317,0.002572,172.31.36.0-255,66,224286,17,231838
39318,0.002578,172.31.36.0-255,66,224352,17,231838
39319,0.005121,74.125.24.0-255,105,224457,17,231838
39320,0.010717,172.31.36.0-255,66,224523,17,231838
39321,0.010769,172.31.36.0-255,105,224628,17,231838
39322,0.013289,74.125.24.0-255,66,224694,17,231838
39323,0.03218,172.31.36.0-255,172,224866,17,231838
39324,0.032217,172.31.36.0-255,1116,225982,17,231838
39325,0.032278,172.31.36.0-255,1514,227496,17,231838
39326,0.032279,172.31.36.0-255,1514,229010,17,231838
39327,0.032284,172.31.36.0-255,1514,230524,17,231838
39328,0.032285,172.31.36.0-255,1050,231574,17,231838
39329,0.033749,104.244.42.0-255,66,231640,17,231838
39330,0.033778,104.244.42.0-255,66,231706,17,231838
39331,0.033837,104.244.42.0-255,66,231772,17,231838
39332,0.033857,104.244.42.0-255,66,231838,17,231838
39333,0.0,74.125.24.0-255,296,296,17,194050
39334,2.2e-05,172.31.36.0-255,66,362,17,194050
39335,2.7e-05,74.125.24.0-255,1484,1846,17,194050
39336,3.1e-05,172.31.36.0-255,66,1912,17,194050
39337,3.7e-05,74.125.24.0-255,4320,6232,17,194050
39338,3.9e-05,172.31.36.0-255,66,6298,17,194050
39339,4.4e-05,74.125.24.0-255,5738,12036,17,194050
39340,4.6e-05,172.31.36.0-255,66,12102,17,194050
39341,7.8e-05,172.31.36.0-255,66,12168,17,194050
39342,9.9e-05,74.125.24.0-255,3369,15537,17,194050
39343,0.000101,172.31.36.0-255,66,15603,17,194050
39344,0.000107,74.125.24.0-255,6797,22400,17,194050
39345,0.000109,172.31.36.0-255,66,22466,17,194050
39346,0.000164,74.125.24.0-255,1484,23950,17,194050
39347,0.000166,172.31.36.0-255,66,24016,17,194050
39348,0.00017,74.125.24.0-255,2902,26918,17,194050
39349,0.000172,172.31.36.0-255,66,26984,17,194050
39350,0.000193,74.125.24.0-255,5738,32722,17,194050
39351,0.000195,172.31.36.0-255,66,32788,17,194050
39352,0.00023,172.31.36.0-255,66,32854,17,194050
39353,0.000238,74.125.24.0-255,5379,38233,17,194050
39354,0.00024,172.31.36.0-255,66,38299,17,194050
39355,0.000246,74.125.24.0-255,4320,42619,17,194050
39356,0.000248,172.31.36.0-255,66,42685,17,194050
39357,0.000268,74.125.24.0-255,5646,48331,17,194050
39358,0.000271,172.31.36.0-255,66,48397,17,194050
39359,0.000274,74.125.24.0-255,134,48531,17,194050
39360,0.000276,172.31.36.0-255,66,48597,17,194050
39361,0.000482,74.125.24.0-255,1484,50081,17,194050
39362,0.000486,172.31.36.0-255,66,50147,17,194050
39363,0.00049,74.125.24.0-255,2902,53049,17,194050
39364,0.000499,172.31.36.0-255,66,53115,17,194050
39365,0.000503,74.125.24.0-255,1484,54599,17,194050
39366,0.000522,74.125.24.0-255,4320,58919,17,194050
39367,0.000525,172.31.36.0-255,66,58985,17,194050
39368,0.000542,74.125.24.0-255,2902,61887,17,194050
39369,0.000551,172.31.36.0-255,66,61953,17,194050
39370,0.000555,74.125.24.0-255,3961,65914,17,194050
39371,0.000565,172.31.36.0-255,66,65980,17,194050
39372,0.000782,74.125.24.0-255,1484,67464,17,194050
39373,0.000786,74.125.24.0-255,2902,70366,17,194050
39374,0.00079,172.31.36.0-255,66,70432,17,194050
39375,0.000795,74.125.24.0-255,2902,73334,17,194050
39376,0.000798,172.31.36.0-255,66,73400,17,194050
39377,0.00081,74.125.24.0-255,2902,76302,17,194050
39378,0.000815,172.31.36.0-255,66,76368,17,194050
39379,0.000864,172.31.36.0-255,66,76434,17,194050
39380,0.000873,74.125.24.0-255,5379,81813,17,194050
39381,0.000878,172.31.36.0-255,66,81879,17,194050
39382,0.00088,74.125.24.0-255,7156,89035,17,194050
39383,0.000894,172.31.36.0-255,66,89101,17,194050
39384,0.000899,74.125.24.0-255,7156,96257,17,194050
39385,0.000909,172.31.36.0-255,66,96323,17,194050
39386,0.000915,172.31.36.0-255,66,96389,17,194050
39387,0.000983,74.125.24.0-255,1484,97873,17,194050
39388,0.001014,74.125.24.0-255,2902,100775,17,194050
39389,0.001024,172.31.36.0-255,66,100841,17,194050
39390,0.001059,74.125.24.0-255,2902,103743,17,194050
39391,0.001067,172.31.36.0-255,66,103809,17,194050
39392,0.001073,74.125.24.0-255,2902,106711,17,194050
39393,0.001083,172.31.36.0-255,66,106777,17,194050
39394,0.001086,74.125.24.0-255,1484,108261,17,194050
39395,0.001108,74.125.24.0-255,5738,113999,17,194050
39396,0.001118,172.31.36.0-255,66,114065,17,194050
39397,0.001125,74.125.24.0-255,5738,119803,17,194050
39398,0.001129,172.31.36.0-255,66,119869,17,194050
39399,0.001159,74.125.24.0-255,6438,126307,17,194050
39400,0.001165,74.125.24.0-255,7156,133463,17,194050
39401,0.001165,172.31.36.0-255,66,133529,17,194050
39402,0.00117,172.31.36.0-255,66,133595,17,194050
39403,0.00124,74.125.24.0-255,6438,140033,17,194050
39404,0.001244,172.31.36.0-255,66,140099,17,194050
39405,0.001334,74.125.24.0-255,1484,141583,17,194050
39406,0.00134,74.125.24.0-255,2902,144485,17,194050
39407,0.001343,172.31.36.0-255,66,144551,17,194050
39408,0.001359,74.125.24.0-255,5738,150289,17,194050
39409,0.001374,172.31.36.0-255,66,150355,17,194050
39410,0.001399,172.31.36.0-255,66,150421,17,194050
39411,0.00143,172.31.36.0-255,66,150487,17,194050
39412,0.001469,74.125.24.0-255,1484,151971,17,194050
39413,0.001475,74.125.24.0-255,2902,154873,17,194050
39414,0.001484,172.31.36.0-255,66,154939,17,194050
39415,0.001493,74.125.24.0-255,5738,160677,17,194050
39416,0.001497,74.125.24.0-255,1484,162161,17,194050
39417,0.001498,172.31.36.0-255,66,162227,17,194050
39418,0.001516,74.125.24.0-255,7156,169383,17,194050
39419,0.001534,74.125.24.0-255,2902,172285,17,194050
39420,0.001534,172.31.36.0-255,66,172351,17,194050
39421,0.001539,172.31.36.0-255,66,172417,17,194050
39422,0.001553,74.125.24.0-255,4320,176737,17,194050
39423,0.001562,172.31.36.0-255,66,176803,17,194050
39424,0.00159,172.31.36.0-255,66,176869,17,194050
39425,0.001596,74.125.24.0-255,2184,179053,17,194050
39426,0.001605,172.31.36.0-255,66,179119,17,194050
39427,0.00161,172.31.36.0-255,66,179185,17,194050
39428,0.00167,74.125.24.0-255,2902,182087,17,194050
39429,0.001677,172.31.36.0-255,66,182153,17,194050
39430,0.001725,172.31.36.0-255,66,182219,17,194050
39431,0.001737,172.31.36.0-255,66,182285,17,194050
39432,0.001765,172.31.36.0-255,66,182351,17,194050
39433,0.001825,172.31.36.0-255,66,182417,17,194050
39434,0.001828,74.125.24.0-255,7156,189573,17,194050
39435,0.00184,172.31.36.0-255,66,189639,17,194050
39436,0.001859,74.125.24.0-255,97,189736,17,194050
39437,0.001866,172.31.36.0-255,66,189802,17,194050
39438,0.001885,74.125.24.0-255,105,189907,17,194050
39439,0.0019,74.125.24.0-255,129,190036,17,194050
39440,0.009262,172.31.36.0-255,105,190141,17,194050
39441,0.009295,172.31.36.0-255,105,190246,17,194050
39442,0.009481,172.31.36.0-255,90,190336,17,194050
39443,0.009489,172.31.36.0-255,66,190402,17,194050
39444,0.011572,74.125.24.0-255,66,190468,17,194050
39445,0.011583,74.125.24.0-255,66,190534,17,194050
39446,0.011797,74.125.24.0-255,66,190600,17,194050
39447,0.011822,74.125.24.0-255,66,190666,17,194050
39448,0.011833,172.31.36.0-255,66,190732,17,194050
39449,0.026581,172.31.36.0-255,172,190904,17,194050
39450,0.026614,172.31.36.0-255,1117,192021,17,194050
39451,0.026651,172.31.36.0-255,1514,193535,17,194050
39452,0.026652,172.31.36.0-255,317,193852,17,194050
39453,0.028072,104.244.42.0-255,66,193918,17,194050
39454,0.0281,104.244.42.0-255,66,193984,17,194050
39455,0.028151,104.244.42.0-255,66,194050,17,194050
39456,0.0,172.217.194.0-255,153,153,17,290673
39457,3.2e-05,172.31.36.0-255,66,219,17,290673
39458,3.8e-05,172.217.194.0-255,1484,1703,17,290673
39459,4.2e-05,172.31.36.0-255,66,1769,17,290673
39460,4.7e-05,172.217.194.0-255,2902,4671,17,290673
39461,5.8e-05,172.31.36.0-255,66,4737,17,290673
39462,6.6e-05,172.217.194.0-255,7156,11893,17,290673
39463,6.8e-05,172.31.36.0-255,66,11959,17,290673
39464,7.1e-05,172.217.194.0-255,1484,13443,17,290673
39465,7.4e-05,172.31.36.0-255,66,13509,17,290673
39466,0.000111,172.217.194.0-255,647,14156,17,290673
39467,0.000114,172.31.36.0-255,66,14222,17,290673
39468,0.000143,172.217.194.0-255,1484,15706,17,290673
39469,0.000146,172.31.36.0-255,66,15772,17,290673
39470,0.000178,172.217.194.0-255,4320,20092,17,290673
39471,0.000181,172.31.36.0-255,66,20158,17,290673
39472,0.000189,172.217.194.0-255,7156,27314,17,290673
39473,0.000192,172.31.36.0-255,66,27380,17,290673
39474,0.000234,172.31.36.0-255,66,27446,17,290673
39475,0.000261,172.217.194.0-255,4320,31766,17,290673
39476,0.000264,172.31.36.0-255,66,31832,17,290673
39477,0.000289,172.217.194.0-255,2902,34734,17,290673
39478,0.000292,172.31.36.0-255,66,34800,17,290673
39479,0.000321,172.217.194.0-255,3602,38402,17,290673
39480,0.000325,172.31.36.0-255,66,38468,17,290673
39481,0.000357,172.217.194.0-255,1484,39952,17,290673
39482,0.000361,172.217.194.0-255,2902,42854,17,290673
39483,0.000362,172.31.36.0-255,66,42920,17,290673
39484,0.000364,172.217.194.0-255,1484,44404,17,290673
39485,0.000367,172.31.36.0-255,66,44470,17,290673
39486,0.00037,172.31.36.0-255,66,44536,17,290673
39487,0.000392,172.217.194.0-255,2902,47438,17,290673
39488,0.0004,172.31.36.0-255,66,47504,17,290673
39489,0.000428,172.217.194.0-255,2902,50406,17,290673
39490,0.000433,172.31.36.0-255,66,50472,17,290673
39491,0.000444,172.217.194.0-255,5668,56140,17,290673
39492,0.000451,172.31.36.0-255,66,56206,17,290673
39493,0.001108,172.217.194.0-255,365,56571,17,290673
39494,0.001142,172.217.194.0-255,1484,58055,17,290673
39495,0.001147,172.31.36.0-255,66,58121,17,290673
39496,0.001175,172.217.194.0-255,2902,61023,17,290673
39497,0.001178,172.31.36.0-255,66,61089,17,290673
39498,0.001185,172.217.194.0-255,5738,66827,17,290673
39499,0.001187,172.31.36.0-255,66,66893,17,290673
39500,0.001199,172.217.194.0-255,4320,71213,17,290673
39501,0.001202,172.31.36.0-255,66,71279,17,290673
39502,0.001226,172.217.194.0-255,2543,73822,17,290673
39503,0.001233,172.31.36.0-255,66,73888,17,290673
39504,0.001276,172.217.194.0-255,1484,75372,17,290673
39505,0.001298,172.217.194.0-255,2902,78274,17,290673
39506,0.001316,172.31.36.0-255,66,78340,17,290673
39507,0.001324,172.217.194.0-255,5738,84078,17,290673
39508,0.001327,172.31.36.0-255,66,84144,17,290673
39509,0.00137,172.217.194.0-255,6797,90941,17,290673
39510,0.001374,172.31.36.0-255,66,91007,17,290673
39511,0.003375,172.217.194.0-255,5738,96745,17,290673
39512,0.003382,172.31.36.0-255,66,96811,17,290673
39513,0.005369,172.217.194.0-255,5738,102549,17,290673
39514,0.005375,172.31.36.0-255,66,102615,17,290673
39515,0.007368,172.217.194.0-255,5738,108353,17,290673
39516,0.007374,172.31.36.0-255,66,108419,17,290673
39517,0.009351,172.217.194.0-255,5738,114157,17,290673
39518,0.009359,172.31.36.0-255,66,114223,17,290673
39519,0.011354,172.217.194.0-255,5738,119961,17,290673
39520,0.011362,172.31.36.0-255,66,120027,17,290673
39521,0.01337,172.217.194.0-255,5738,125765,17,290673
39522,0.013378,172.31.36.0-255,66,125831,17,290673
39523,0.015362,172.217.194.0-255,5738,131569,17,290673
39524,0.01537,172.31.36.0-255,66,131635,17,290673
39525,0.017367,172.217.194.0-255,5738,137373,17,290673
39526,0.017375,172.31.36.0-255,66,137439,17,290673
39527,0.019356,172.217.194.0-255,5738,143177,17,290673
39528,0.019366,172.31.36.0-255,66,143243,17,290673
39529,0.021389,172.217.194.0-255,4320,147563,17,290673
39530,0.021396,172.31.36.0-255,66,147629,17,290673
39531,0.021425,172.217.194.0-255,1484,149113,17,290673
39532,0.022618,172.31.36.0-255,172,149285,17,290673
39533,0.022648,172.31.36.0-255,1117,150402,17,290673
39534,0.022689,172.31.36.0-255,1514,151916,17,290673
39535,0.02269,172.31.36.0-255,1514,153430,17,290673
39536,0.022697,172.31.36.0-255,1514,154944,17,290673
39537,0.022698,172.31.36.0-255,1049,155993,17,290673
39538,0.023377,172.217.194.0-255,4320,160313,17,290673
39539,0.023383,172.31.36.0-255,66,160379,17,290673
39540,0.024191,104.244.42.0-255,66,160445,17,290673
39541,0.024243,104.244.42.0-255,66,160511,17,290673
39542,0.02427,104.244.42.0-255,66,160577,17,290673
39543,0.024274,104.244.42.0-255,66,160643,17,290673
39544,0.025377,172.217.194.0-255,5738,166381,17,290673
39545,0.025383,172.31.36.0-255,66,166447,17,290673
39546,0.027394,172.217.194.0-255,5738,172185,17,290673
39547,0.0274,172.31.36.0-255,66,172251,17,290673
39548,0.02942,172.217.194.0-255,2902,175153,17,290673
39549,0.029424,172.31.36.0-255,66,175219,17,290673
39550,0.029453,172.217.194.0-255,2902,178121,17,290673
39551,0.029456,172.31.36.0-255,66,178187,17,290673
39552,0.031435,172.217.194.0-255,2902,181089,17,290673
39553,0.031441,172.31.36.0-255,66,181155,17,290673
39554,0.031475,172.217.194.0-255,2902,184057,17,290673
39555,0.031478,172.31.36.0-255,66,184123,17,290673
39556,0.033428,172.217.194.0-255,2902,187025,17,290673
39557,0.033434,172.31.36.0-255,66,187091,17,290673
39558,0.033478,172.217.194.0-255,1484,188575,17,290673
39559,0.033492,172.217.194.0-255,1484,190059,17,290673
39560,0.033495,172.31.36.0-255,66,190125,17,290673
39561,0.035447,172.217.194.0-255,2902,193027,17,290673
39562,0.035452,172.31.36.0-255,66,193093,17,290673
39563,0.035487,172.217.194.0-255,2902,195995,17,290673
39564,0.035491,172.31.36.0-255,66,196061,17,290673
39565,0.03744,172.217.194.0-255,5738,201799,17,290673
39566,0.037446,172.31.36.0-255,66,201865,17,290673
39567,0.039462,172.217.194.0-255,5738,207603,17,290673
39568,0.039467,172.31.36.0-255,66,207669,17,290673
39569,0.041473,172.217.194.0-255,4320,211989,17,290673
39570,0.041481,172.31.36.0-255,66,212055,17,290673
39571,0.041508,172.217.194.0-255,1484,213539,17,290673
39572,0.04348,172.217.194.0-255,4320,217859,17,290673
39573,0.043485,172.31.36.0-255,66,217925,17,290673
39574,0.045481,172.217.194.0-255,5738,223663,17,290673
39575,0.045487,172.31.36.0-255,66,223729,17,290673
39576,0.04749,172.217.194.0-255,5738,229467,17,290673
39577,0.047495,172.31.36.0-255,66,229533,17,290673
39578,0.049498,172.217.194.0-255,5738,235271,17,290673
39579,0.049504,172.31.36.0-255,66,235337,17,290673
39580,0.05149,172.217.194.0-255,5738,241075,17,290673
39581,0.051495,172.31.36.0-255,66,241141,17,290673
39582,0.053493,172.217.194.0-255,4320,245461,17,290673
39583,0.053499,172.31.36.0-255,66,245527,17,290673
39584,0.05353,172.217.194.0-255,1484,247011,17,290673
39585,0.05547,172.217.194.0-255,4320,251331,17,290673
39586,0.055475,172.31.36.0-255,66,251397,17,290673
39587,0.057478,172.217.194.0-255,5738,257135,17,290673
39588,0.057484,172.31.36.0-255,66,257201,17,290673
39589,0.059471,172.217.194.0-255,4320,261521,17,290673
39590,0.059477,172.31.36.0-255,66,261587,17,290673
39591,0.059511,172.217.194.0-255,1484,263071,17,290673
39592,0.061473,172.217.194.0-255,4320,267391,17,290673
39593,0.061479,172.31.36.0-255,66,267457,17,290673
39594,0.063467,172.217.194.0-255,5738,273195,17,290673
39595,0.063472,172.31.36.0-255,66,273261,17,290673
39596,0.06549,172.217.194.0-255,5738,278999,17,290673
39597,0.065495,172.31.36.0-255,66,279065,17,290673
39598,0.06747,172.217.194.0-255,5738,284803,17,290673
39599,0.067476,172.31.36.0-255,66,284869,17,290673
39600,0.069491,172.217.194.0-255,5738,290607,17,290673
39601,0.069498,172.31.36.0-255,66,290673,17,290673
39602,0.0,74.125.200.0-255,153,153,17,375043
39603,2.2e-05,172.31.36.0-255,66,219,17,375043
39604,3e-05,74.125.200.0-255,1484,1703,17,375043
39605,3.5e-05,172.31.36.0-255,66,1769,17,375043
39606,4.1e-05,74.125.200.0-255,2902,4671,17,375043
39607,5.2e-05,172.31.36.0-255,66,4737,17,375043
39608,5.7e-05,74.125.200.0-255,2902,7639,17,375043
39609,6.1e-05,172.31.36.0-255,66,7705,17,375043
39610,6.7e-05,74.125.200.0-255,4320,12025,17,375043
39611,6.9e-05,172.31.36.0-255,66,12091,17,375043
39612,7.4e-05,74.125.200.0-255,2087,14178,17,375043
39613,7.7e-05,172.31.36.0-255,66,14244,17,375043
39614,0.000198,74.125.200.0-255,1484,15728,17,375043
39615,0.000202,172.31.36.0-255,66,15794,17,375043
39616,0.000208,74.125.200.0-255,2902,18696,17,375043
39617,0.00021,172.31.36.0-255,66,18762,17,375043
39618,0.000243,74.125.200.0-255,1484,20246,17,375043
39619,0.000246,172.31.36.0-255,66,20312,17,375043
39620,0.000251,74.125.200.0-255,2902,23214,17,375043
39621,0.000253,172.31.36.0-255,66,23280,17,375043
39622,0.000263,74.125.200.0-255,5738,29018,17,375043
39623,0.000266,172.31.36.0-255,66,29084,17,375043
39624,0.000286,74.125.200.0-255,1484,30568,17,375043
39625,0.000288,172.31.36.0-255,66,30634,17,375043
39626,0.000318,74.125.200.0-255,3961,34595,17,375043
39627,0.000321,172.31.36.0-255,66,34661,17,375043
39628,0.000328,74.125.200.0-255,5738,40399,17,375043
39629,0.00033,172.31.36.0-255,66,40465,17,375043
39630,0.000347,172.31.36.0-255,66,40531,17,375043
39631,0.00035,74.125.200.0-255,1484,42015,17,375043
39632,0.000352,172.31.36.0-255,66,42081,17,375043
39633,0.0004,172.31.36.0-255,66,42147,17,375043
39634,0.000403,74.125.200.0-255,766,42913,17,375043
39635,0.000407,74.125.200.0-255,710,43623,17,375043
39636,0.000556,74.125.200.0-255,1484,45107,17,375043
39637,0.00056,172.31.36.0-255,66,45173,17,375043
39638,0.000566,74.125.200.0-255,2902,48075,17,375043
39639,0.000568,172.31.36.0-255,66,48141,17,375043
39640,0.000573,74.125.200.0-255,2902,51043,17,375043
39641,0.00058,172.31.36.0-255,66,51109,17,375043
39642,0.000586,74.125.200.0-255,4320,55429,17,375043
39643,0.000588,172.31.36.0-255,66,55495,17,375043
39644,0.000625,172.31.36.0-255,66,55561,17,375043
39645,0.000636,74.125.200.0-255,5738,61299,17,375043
39646,0.000638,172.31.36.0-255,66,61365,17,375043
39647,0.000646,74.125.200.0-255,5738,67103,17,375043
39648,0.000648,172.31.36.0-255,66,67169,17,375043
39649,0.000671,74.125.200.0-255,1484,68653,17,375043
39650,0.000678,74.125.200.0-255,766,69419,17,375043
39651,0.00068,172.31.36.0-255,66,69485,17,375043
39652,0.001351,74.125.200.0-255,1484,70969,17,375043
39653,0.001371,74.125.200.0-255,2902,73871,17,375043
39654,0.001374,172.31.36.0-255,66,73937,17,375043
39655,0.001378,74.125.200.0-255,1484,75421,17,375043
39656,0.001399,74.125.200.0-255,1484,76905,17,375043
39657,0.001401,172.31.36.0-255,66,76971,17,375043
39658,0.001407,74.125.200.0-255,4320,81291,17,375043
39659,0.001409,172.31.36.0-255,66,81357,17,375043
39660,0.001412,74.125.200.0-255,1484,82841,17,375043
39661,0.001435,74.125.200.0-255,7156,89997,17,375043
39662,0.001441,172.31.36.0-255,66,90063,17,375043
39663,0.001449,74.125.200.0-255,7156,97219,17,375043
39664,0.001451,172.31.36.0-255,66,97285,17,375043
39665,0.001489,74.125.200.0-255,4320,101605,17,375043
39666,0.001492,172.31.36.0-255,66,101671,17,375043
39667,0.001543,74.125.200.0-255,2184,103855,17,375043
39668,0.001546,172.31.36.0-255,66,103921,17,375043
39669,0.001571,74.125.200.0-255,2902,106823,17,375043
39670,0.001574,172.31.36.0-255,66,106889,17,375043
39671,0.001577,74.125.200.0-255,1484,108373,17,375043
39672,0.001603,74.125.200.0-255,5738,114111,17,375043
39673,0.001606,172.31.36.0-255,66,114177,17,375043
39674,0.001609,74.125.200.0-255,1484,115661,17,375043
39675,0.001634,74.125.200.0-255,7156,122817,17,375043
39676,0.001636,172.31.36.0-255,66,122883,17,375043
39677,0.001642,74.125.200.0-255,4320,127203,17,375043
39678,0.001644,172.31.36.0-255,66,127269,17,375043
39679,0.001662,74.125.200.0-255,2902,130171,17,375043
39680,0.001665,172.31.36.0-255,66,130237,17,375043
39681,0.001682,74.125.200.0-255,2902,133139,17,375043
39682,0.001684,172.31.36.0-255,66,133205,17,375043
39683,0.001695,74.125.200.0-255,5020,138225,17,375043
39684,0.001697,172.31.36.0-255,66,138291,17,375043
39685,0.001886,74.125.200.0-255,1484,139775,17,375043
39686,0.001903,74.125.200.0-255,2902,142677,17,375043
39687,0.001906,172.31.36.0-255,66,142743,17,375043
39688,0.001912,74.125.200.0-255,2902,145645,17,375043
39689,0.001914,172.31.36.0-255,66,145711,17,375043
39690,0.001946,74.125.200.0-255,2902,148613,17,375043
39691,0.001958,74.125.200.0-255,2902,151515,17,375043
39692,0.001963,172.31.36.0-255,66,151581,17,375043
39693,0.001966,172.31.36.0-255,66,151647,17,375043
39694,0.001969,172.31.36.0-255,66,151713,17,375043
39695,0.001989,172.31.36.0-255,66,151779,17,375043
39696,0.001994,74.125.200.0-255,2184,153963,17,375043
39697,0.001996,172.31.36.0-255,66,154029,17,375043
39698,0.002096,74.125.200.0-255,1484,155513,17,375043
39699,0.002124,74.125.200.0-255,1484,156997,17,375043
39700,0.002128,172.31.36.0-255,66,157063,17,375043
39701,0.002155,74.125.200.0-255,1484,158547,17,375043
39702,0.002158,74.125.200.0-255,1484,160031,17,375043
39703,0.002162,74.125.200.0-255,2902,162933,17,375043
39704,0.002166,172.31.36.0-255,66,162999,17,375043
39705,0.002169,172.31.36.0-255,66,163065,17,375043
39706,0.002193,74.125.200.0-255,2902,165967,17,375043
39707,0.002195,172.31.36.0-255,66,166033,17,375043
39708,0.002251,74.125.200.0-255,4320,170353,17,375043
39709,0.002254,172.31.36.0-255,66,170419,17,375043
39710,0.002257,74.125.200.0-255,1484,171903,17,375043
39711,0.002279,74.125.200.0-255,2902,174805,17,375043
39712,0.002281,172.31.36.0-255,66,174871,17,375043
39713,0.002307,74.125.200.0-255,2902,177773,17,375043
39714,0.002309,172.31.36.0-255,66,177839,17,375043
39715,0.002313,74.125.200.0-255,1484,179323,17,375043
39716,0.00234,74.125.200.0-255,2902,182225,17,375043
39717,0.002342,172.31.36.0-255,66,182291,17,375043
39718,0.002349,74.125.200.0-255,6438,188729,17,375043
39719,0.002352,172.31.36.0-255,66,188795,17,375043
39720,0.002452,74.125.200.0-255,1484,190279,17,375043
39721,0.002458,74.125.200.0-255,2902,193181,17,375043
39722,0.002461,172.31.36.0-255,66,193247,17,375043
39723,0.002493,74.125.200.0-255,5738,198985,17,375043
39724,0.002496,172.31.36.0-255,66,199051,17,375043
39725,0.002509,74.125.200.0-255,5738,204789,17,375043
39726,0.002516,172.31.36.0-255,66,204855,17,375043
39727,0.002523,74.125.200.0-255,7156,212011,17,375043
39728,0.002525,172.31.36.0-255,66,212077,17,375043
39729,0.002531,74.125.200.0-255,4320,216397,17,375043
39730,0.002533,172.31.36.0-255,66,216463,17,375043
39731,0.005019,74.125.200.0-255,2902,219365,17,375043
39732,0.005028,172.31.36.0-255,66,219431,17,375043
39733,0.005055,74.125.200.0-255,2902,222333,17,375043
39734,0.005057,172.31.36.0-255,66,222399,17,375043
39735,0.007522,74.125.200.0-255,2902,225301,17,375043
39736,0.007528,172.31.36.0-255,66,225367,17,375043
39737,0.007554,74.125.200.0-255,2902,228269,17,375043
39738,0.007558,172.31.36.0-255,66,228335,17,375043
39739,0.010028,74.125.200.0-255,2902,231237,17,375043
39740,0.010035,172.31.36.0-255,66,231303,17,375043
39741,0.010061,74.125.200.0-255,2902,234205,17,375043
39742,0.010064,172.31.36.0-255,66,234271,17,375043
39743,0.012544,74.125.200.0-255,2902,237173,17,375043
39744,0.012552,172.31.36.0-255,66,237239,17,375043
39745,0.012583,74.125.200.0-255,2902,240141,17,375043
39746,0.012587,172.31.36.0-255,66,240207,17,375043
39747,0.015084,74.125.200.0-255,5738,245945,17,375043
39748,0.015094,172.31.36.0-255,66,246011,17,375043
39749,0.017611,74.125.200.0-255,5738,251749,17,375043
39750,0.017623,172.31.36.0-255,66,251815,17,375043
39751,0.020131,74.125.200.0-255,5738,257553,17,375043
39752,0.020141,172.31.36.0-255,66,257619,17,375043
39753,0.022672,74.125.200.0-255,5738,263357,17,375043
39754,0.022681,172.31.36.0-255,66,263423,17,375043
39755,0.025191,74.125.200.0-255,5738,269161,17,375043
39756,0.025199,172.31.36.0-255,66,269227,17,375043
39757,0.027712,74.125.200.0-255,5738,274965,17,375043
39758,0.02772,172.31.36.0-255,66,275031,17,375043
39759,0.029695,172.31.36.0-255,172,275203,17,375043
39760,0.029727,172.31.36.0-255,1117,276320,17,375043
39761,0.029786,172.31.36.0-255,1514,277834,17,375043
39762,0.029788,172.31.36.0-255,1514,279348,17,375043
39763,0.029793,172.31.36.0-255,1514,280862,17,375043
39764,0.029794,172.31.36.0-255,1053,281915,17,375043
39765,0.030231,74.125.200.0-255,5738,287653,17,375043
39766,0.030238,172.31.36.0-255,66,287719,17,375043
39767,0.031186,104.244.42.0-255,66,287785,17,375043
39768,0.031223,104.244.42.0-255,66,287851,17,375043
39769,0.031289,104.244.42.0-255,66,287917,17,375043
39770,0.031302,104.244.42.0-255,66,287983,17,375043
39771,0.032747,74.125.200.0-255,5738,293721,17,375043
39772,0.032753,172.31.36.0-255,66,293787,17,375043
39773,0.035264,74.125.200.0-255,5738,299525,17,375043
39774,0.035271,172.31.36.0-255,66,299591,17,375043
39775,0.037783,74.125.200.0-255,5738,305329,17,375043
39776,0.03779,172.31.36.0-255,66,305395,17,375043
39777,0.040308,74.125.200.0-255,5738,311133,17,375043
39778,0.040317,172.31.36.0-255,66,311199,17,375043
39779,0.042824,74.125.200.0-255,5738,316937,17,375043
39780,0.04283,172.31.36.0-255,66,317003,17,375043
39781,0.045353,74.125.200.0-255,5738,322741,17,375043
39782,0.04536,172.31.36.0-255,66,322807,17,375043
39783,0.04789,74.125.200.0-255,5738,328545,17,375043
39784,0.047897,172.31.36.0-255,66,328611,17,375043
39785,0.050417,74.125.200.0-255,5738,334349,17,375043
39786,0.050423,172.31.36.0-255,66,334415,17,375043
39787,0.052936,74.125.200.0-255,5738,340153,17,375043
39788,0.052944,172.31.36.0-255,66,340219,17,375043
39789,0.055456,74.125.200.0-255,5738,345957,17,375043
39790,0.055462,172.31.36.0-255,66,346023,17,375043
39791,0.057975,74.125.200.0-255,5738,351761,17,375043
39792,0.057982,172.31.36.0-255,66,351827,17,375043
39793,0.060534,74.125.200.0-255,5738,357565,17,375043
39794,0.060541,172.31.36.0-255,66,357631,17,375043
39795,0.063067,74.125.200.0-255,5738,363369,17,375043
39796,0.063074,172.31.36.0-255,66,363435,17,375043
39797,0.065579,74.125.200.0-255,5738,369173,17,375043
39798,0.065585,172.31.36.0-255,66,369239,17,375043
39799,0.0681,74.125.200.0-255,5738,374977,17,375043
39800,0.068107,172.31.36.0-255,66,375043,17,375043
39801,0.0,74.125.24.0-255,213,213,17,338166
39802,2.8e-05,172.31.36.0-255,66,279,17,338166
39803,3.4e-05,74.125.24.0-255,1484,1763,17,338166
39804,3.8e-05,172.31.36.0-255,66,1829,17,338166
39805,4.2e-05,74.125.24.0-255,1484,3313,17,338166
39806,4.4e-05,172.31.36.0-255,66,3379,17,338166
39807,7.6e-05,74.125.24.0-255,2902,6281,17,338166
39808,7.9e-05,172.31.36.0-255,66,6347,17,338166
39809,8.4e-05,74.125.24.0-255,4320,10667,17,338166
39810,8.6e-05,172.31.36.0-255,66,10733,17,338166
39811,0.00011,74.125.24.0-255,3269,14002,17,338166
39812,0.000118,172.31.36.0-255,66,14068,17,338166
39813,0.000125,74.125.24.0-255,5738,19806,17,338166
39814,0.000127,172.31.36.0-255,66,19872,17,338166
39815,0.000157,74.125.24.0-255,2902,22774,17,338166
39816,0.00016,172.31.36.0-255,66,22840,17,338166
39817,0.000164,74.125.24.0-255,2902,25742,17,338166
39818,0.000165,172.31.36.0-255,66,25808,17,338166
39819,0.00019,74.125.24.0-255,5379,31187,17,338166
39820,0.000197,172.31.36.0-255,66,31253,17,338166
39821,0.000223,74.125.24.0-255,4320,35573,17,338166
39822,0.000226,172.31.36.0-255,66,35639,17,338166
39823,0.00025,74.125.24.0-255,1484,37123,17,338166
39824,0.000252,172.31.36.0-255,66,37189,17,338166
39825,0.000257,74.125.24.0-255,4320,41509,17,338166
39826,0.00026,172.31.36.0-255,66,41575,17,338166
39827,0.000301,74.125.24.0-255,4320,45895,17,338166
39828,0.000309,172.31.36.0-255,66,45961,17,338166
39829,0.000335,74.125.24.0-255,2543,48504,17,338166
39830,0.000338,172.31.36.0-255,66,48570,17,338166
39831,0.000363,74.125.24.0-255,1484,50054,17,338166
39832,0.000366,172.31.36.0-255,66,50120,17,338166
39833,0.000371,74.125.24.0-255,2902,53022,17,338166
39834,0.000374,172.31.36.0-255,66,53088,17,338166
39835,0.000403,74.125.24.0-255,5738,58826,17,338166
39836,0.000406,172.31.36.0-255,66,58892,17,338166
39837,0.000414,74.125.24.0-255,6797,65689,17,338166
39838,0.000416,172.31.36.0-255,66,65755,17,338166
39839,0.000419,74.125.24.0-255,410,66165,17,338166
39840,0.000471,74.125.24.0-255,333,66498,17,338166
39841,0.000747,172.31.36.0-255,66,66564,17,338166
39842,0.001043,74.125.24.0-255,1484,68048,17,338166
39843,0.001054,74.125.24.0-255,2902,70950,17,338166
39844,0.001059,172.31.36.0-255,66,71016,17,338166
39845,0.001067,74.125.24.0-255,5738,76754,17,338166
39846,0.001069,172.31.36.0-255,66,76820,17,338166
39847,0.001107,74.125.24.0-255,6797,83617,17,338166
39848,0.00111,172.31.36.0-255,66,83683,17,338166
39849,0.001122,172.31.36.0-255,66,83749,17,338166
39850,0.001153,74.125.24.0-255,4320,88069,17,338166
39851,0.001157,172.31.36.0-255,66,88135,17,338166
39852,0.001162,74.125.24.0-255,2543,90678,17,338166
39853,0.001164,172.31.36.0-255,66,90744,17,338166
39854,0.001341,74.125.24.0-255,1484,92228,17,338166
39855,0.001348,74.125.24.0-255,2902,95130,17,338166
39856,0.001352,172.31.36.0-255,66,95196,17,338166
39857,0.001359,74.125.24.0-255,5738,100934,17,338166
39858,0.001361,172.31.36.0-255,66,101000,17,338166
39859,0.001393,172.31.36.0-255,66,101066,17,338166
39860,0.001426,74.125.24.0-255,4320,105386,17,338166
39861,0.00143,172.31.36.0-255,66,105452,17,338166
39862,0.001437,74.125.24.0-255,7156,112608,17,338166
39863,0.001439,172.31.36.0-255,66,112674,17,338166
39864,0.001473,74.125.24.0-255,3602,116276,17,338166
39865,0.001476,172.31.36.0-255,66,116342,17,338166
39866,0.001482,74.125.24.0-255,4320,120662,17,338166
39867,0.001485,172.31.36.0-255,66,120728,17,338166
39868,0.00149,74.125.24.0-255,4320,125048,17,338166
39869,0.001492,172.31.36.0-255,66,125114,17,338166
39870,0.001526,74.125.24.0-255,5738,130852,17,338166
39871,0.001531,172.31.36.0-255,66,130918,17,338166
39872,0.001543,172.31.36.0-255,66,130984,17,338166
39873,0.00159,172.31.36.0-255,66,131050,17,338166
39874,0.001838,74.125.24.0-255,1484,132534,17,338166
39875,0.001844,74.125.24.0-255,1484,134018,17,338166
39876,0.001847,172.31.36.0-255,66,134084,17,338166
39877,0.001876,74.125.24.0-255,1484,135568,17,338166
39878,0.001882,74.125.24.0-255,5738,141306,17,338166
39879,0.001884,172.31.36.0-255,66,141372,17,338166
39880,0.00189,74.125.24.0-255,5738,147110,17,338166
39881,0.001893,172.31.36.0-255,66,147176,17,338166
39882,0.001929,74.125.24.0-255,7156,154332,17,338166
39883,0.001932,172.31.36.0-255,66,154398,17,338166
39884,0.001943,172.31.36.0-255,66,154464,17,338166
39885,0.003982,74.125.24.0-255,5738,160202,17,338166
39886,0.003989,172.31.36.0-255,66,160268,17,338166
39887,0.006051,74.125.24.0-255,5738,166006,17,338166
39888,0.006057,172.31.36.0-255,66,166072,17,338166
39889,0.008122,74.125.24.0-255,5738,171810,17,338166
39890,0.008128,172.31.36.0-255,66,171876,17,338166
39891,0.010233,74.125.24.0-255,5738,177614,17,338166
39892,0.010241,172.31.36.0-255,66,177680,17,338166
39893,0.012329,74.125.24.0-255,5738,183418,17,338166
39894,0.012344,172.31.36.0-255,66,183484,17,338166
39895,0.014385,74.125.24.0-255,5738,189222,17,338166
39896,0.014397,172.31.36.0-255,66,189288,17,338166
39897,0.016465,74.125.24.0-255,5738,195026,17,338166
39898,0.016473,172.31.36.0-255,66,195092,17,338166
39899,0.018534,74.125.24.0-255,5738,200830,17,338166
39900,0.018541,172.31.36.0-255,66,200896,17,338166
39901,0.020608,74.125.24.0-255,5738,206634,17,338166
39902,0.020615,172.31.36.0-255,66,206700,17,338166
39903,0.022672,74.125.24.0-255,5738,212438,17,338166
39904,0.022679,172.31.36.0-255,66,212504,17,338166
39905,0.024717,74.125.24.0-255,4320,216824,17,338166
39906,0.024724,172.31.36.0-255,66,216890,17,338166
39907,0.024751,74.125.24.0-255,1484,218374,17,338166
39908,0.025241,172.31.36.0-255,172,218546,17,338166
39909,0.025272,172.31.36.0-255,1117,219663,17,338166
39910,0.025325,172.31.36.0-255,1514,221177,17,338166
39911,0.025327,172.31.36.0-255,1271,222448,17,338166
39912,0.026765,74.125.24.0-255,2902,225350,17,338166
39913,0.026772,172.31.36.0-255,66,225416,17,338166
39914,0.026789,104.244.42.0-255,66,225482,17,338166
39915,0.026821,104.244.42.0-255,66,225548,17,338166
39916,0.02687,104.244.42.0-255,66,225614,17,338166
39917,0.028834,74.125.24.0-255,5738,231352,17,338166
39918,0.028839,172.31.36.0-255,66,231418,17,338166
39919,0.030927,74.125.24.0-255,4320,235738,17,338166
39920,0.030933,172.31.36.0-255,66,235804,17,338166
39921,0.030966,74.125.24.0-255,1484,237288,17,338166
39922,0.032988,74.125.24.0-255,4320,241608,17,338166
39923,0.032993,172.31.36.0-255,66,241674,17,338166
39924,0.035018,74.125.24.0-255,5738,247412,17,338166
39925,0.035024,172.31.36.0-255,66,247478,17,338166
39926,0.037057,74.125.24.0-255,5738,253216,17,338166
39927,0.037063,172.31.36.0-255,66,253282,17,338166
39928,0.039107,74.125.24.0-255,5738,259020,17,338166
39929,0.039113,172.31.36.0-255,66,259086,17,338166
39930,0.041144,74.125.24.0-255,5738,264824,17,338166
39931,0.04115,172.31.36.0-255,66,264890,17,338166
39932,0.043208,74.125.24.0-255,5738,270628,17,338166
39933,0.043214,172.31.36.0-255,66,270694,17,338166
39934,0.045272,74.125.24.0-255,4320,275014,17,338166
39935,0.045278,172.31.36.0-255,66,275080,17,338166
39936,0.045329,74.125.24.0-255,1484,276564,17,338166
39937,0.047362,74.125.24.0-255,4320,280884,17,338166
39938,0.047367,172.31.36.0-255,66,280950,17,338166
39939,0.049396,74.125.24.0-255,4320,285270,17,338166
39940,0.049402,172.31.36.0-255,66,285336,17,338166
39941,0.04943,74.125.24.0-255,1484,286820,17,338166
39942,0.051437,74.125.24.0-255,4320,291140,17,338166
39943,0.051442,172.31.36.0-255,66,291206,17,338166
39944,0.05348,74.125.24.0-255,4320,295526,17,338166
39945,0.053485,172.31.36.0-255,66,295592,17,338166
39946,0.053517,74.125.24.0-255,1484,297076,17,338166
39947,0.055511,74.125.24.0-255,4320,301396,17,338166
39948,0.055516,172.31.36.0-255,66,301462,17,338166
39949,0.05759,74.125.24.0-255,5738,307200,17,338166
39950,0.057595,172.31.36.0-255,66,307266,17,338166
39951,0.059655,74.125.24.0-255,4320,311586,17,338166
39952,0.059661,172.31.36.0-255,66,311652,17,338166
39953,0.059695,74.125.24.0-255,1484,313136,17,338166
39954,0.061702,74.125.24.0-255,4320,317456,17,338166
39955,0.061708,172.31.36.0-255,66,317522,17,338166
39956,0.063764,74.125.24.0-255,5738,323260,17,338166
39957,0.063769,172.31.36.0-255,66,323326,17,338166
39958,0.065854,74.125.24.0-255,2902,326228,17,338166
39959,0.06586,172.31.36.0-255,66,326294,17,338166
39960,0.065891,74.125.24.0-255,2902,329196,17,338166
39961,0.065894,172.31.36.0-255,66,329262,17,338166
39962,0.067918,74.125.24.0-255,2902,332164,17,338166
39963,0.067924,172.31.36.0-255,66,332230,17,338166
39964,0.067955,74.125.24.0-255,2902,335132,17,338166
39965,0.067958,172.31.36.0-255,66,335198,17,338166
39966,0.069974,74.125.24.0-255,2902,338100,17,338166
39967,0.069979,172.31.36.0-255,66,338166,17,338166
39968,0.0,74.125.24.0-255,153,153,17,338437
39969,2.8e-05,172.31.36.0-255,66,219,17,338437
39970,3.5e-05,74.125.24.0-255,1484,1703,17,338437
39971,3.9e-05,172.31.36.0-255,66,1769,17,338437
39972,4.2e-05,74.125.24.0-255,1484,3253,17,338437
39973,5.2e-05,172.31.36.0-255,66,3319,17,338437
39974,8e-05,74.125.24.0-255,1484,4803,17,338437
39975,8.5e-05,172.31.36.0-255,66,4869,17,338437
39976,8.9e-05,74.125.24.0-255,7156,12025,17,338437
39977,9.3e-05,172.31.36.0-255,66,12091,17,338437
39978,9.6e-05,74.125.24.0-255,1484,13575,17,338437
39979,9.8e-05,172.31.36.0-255,66,13641,17,338437
39980,0.000135,74.125.24.0-255,6233,19874,17,338437
39981,0.000138,172.31.36.0-255,66,19940,17,338437
39982,0.000176,172.31.36.0-255,66,20006,17,338437
39983,0.00018,74.125.24.0-255,2543,22549,17,338437
39984,0.000185,172.31.36.0-255,66,22615,17,338437
39985,0.000426,74.125.24.0-255,1484,24099,17,338437
39986,0.00043,172.31.36.0-255,66,24165,17,338437
39987,0.000434,74.125.24.0-255,1484,25649,17,338437
39988,0.000439,172.31.36.0-255,66,25715,17,338437
39989,0.000458,74.125.24.0-255,1484,27199,17,338437
39990,0.000461,172.31.36.0-255,66,27265,17,338437
39991,0.000469,74.125.24.0-255,5738,33003,17,338437
39992,0.000471,172.31.36.0-255,66,33069,17,338437
39993,0.000474,74.125.24.0-255,1484,34553,17,338437
39994,0.000476,172.31.36.0-255,66,34619,17,338437
39995,0.000512,74.125.24.0-255,5379,39998,17,338437
39996,0.000515,172.31.36.0-255,66,40064,17,338437
39997,0.000543,74.125.24.0-255,7156,47220,17,338437
39998,0.000547,172.31.36.0-255,66,47286,17,338437
39999,0.000551,74.125.24.0-255,2902,50188,17,338437
40000,0.000553,172.31.36.0-255,66,50254,17,338437
40001,0.000606,74.125.24.0-255,6797,57051,17,338437
40002,0.000611,172.31.36.0-255,66,57117,17,338437
40003,0.000635,74.125.24.0-255,358,57475,17,338437
40004,0.000709,74.125.24.0-255,1484,58959,17,338437
40005,0.000712,74.125.24.0-255,1484,60443,17,338437
40006,0.000714,172.31.36.0-255,66,60509,17,338437
40007,0.000727,74.125.24.0-255,1484,61993,17,338437
40008,0.000734,172.31.36.0-255,66,62059,17,338437
40009,0.00074,74.125.24.0-255,5738,67797,17,338437
40010,0.000742,172.31.36.0-255,66,67863,17,338437
40011,0.000746,74.125.24.0-255,2902,70765,17,338437
40012,0.000748,172.31.36.0-255,66,70831,17,338437
40013,0.000797,172.31.36.0-255,66,70897,17,338437
40014,0.000808,172.31.36.0-255,66,70963,17,338437
40015,0.000833,74.125.24.0-255,2184,73147,17,338437
40016,0.000836,172.31.36.0-255,66,73213,17,338437
40017,0.000838,74.125.24.0-255,386,73599,17,338437
40018,0.000972,74.125.24.0-255,1484,75083,17,338437
40019,0.000976,172.31.36.0-255,66,75149,17,338437
40020,0.000981,74.125.24.0-255,2902,78051,17,338437
40021,0.000983,74.125.24.0-255,1484,79535,17,338437
40022,0.000984,172.31.36.0-255,66,79601,17,338437
40023,0.001015,74.125.24.0-255,4320,83921,17,338437
40024,0.001018,172.31.36.0-255,66,83987,17,338437
40025,0.001022,74.125.24.0-255,2902,86889,17,338437
40026,0.001025,172.31.36.0-255,66,86955,17,338437
40027,0.001031,74.125.24.0-255,7156,94111,17,338437
40028,0.001033,172.31.36.0-255,66,94177,17,338437
40029,0.001067,74.125.24.0-255,2902,97079,17,338437
40030,0.00107,172.31.36.0-255,66,97145,17,338437
40031,0.001081,172.31.36.0-255,66,97211,17,338437
40032,0.001121,74.125.24.0-255,1484,98695,17,338437
40033,0.001125,74.125.24.0-255,2902,101597,17,338437
40034,0.001128,172.31.36.0-255,66,101663,17,338437
40035,0.001156,74.125.24.0-255,4320,105983,17,338437
40036,0.00116,172.31.36.0-255,66,106049,17,338437
40037,0.001168,74.125.24.0-255,1484,107533,17,338437
40038,0.001178,74.125.24.0-255,4320,111853,17,338437
40039,0.001181,172.31.36.0-255,66,111919,17,338437
40040,0.001204,74.125.24.0-255,2902,114821,17,338437
40041,0.001207,172.31.36.0-255,66,114887,17,338437
40042,0.001214,74.125.24.0-255,5738,120625,17,338437
40043,0.001216,172.31.36.0-255,66,120691,17,338437
40044,0.001254,74.125.24.0-255,2184,122875,17,338437
40045,0.001256,172.31.36.0-255,66,122941,17,338437
40046,0.001259,172.31.36.0-255,66,123007,17,338437
40047,0.00197,74.125.24.0-255,1484,124491,17,338437
40048,0.001979,74.125.24.0-255,2902,127393,17,338437
40049,0.001984,172.31.36.0-255,66,127459,17,338437
40050,0.001989,74.125.24.0-255,2902,130361,17,338437
40051,0.001991,172.31.36.0-255,66,130427,17,338437
40052,0.002027,74.125.24.0-255,2902,133329,17,338437
40053,0.00203,172.31.36.0-255,66,133395,17,338437
40054,0.002036,74.125.24.0-255,4320,137715,17,338437
40055,0.002038,172.31.36.0-255,66,137781,17,338437
40056,0.00205,172.31.36.0-255,66,137847,17,338437
40057,0.002102,172.31.36.0-255,66,137913,17,338437
40058,0.004118,74.125.24.0-255,5738,143651,17,338437
40059,0.004125,172.31.36.0-255,66,143717,17,338437
40060,0.006131,74.125.24.0-255,5738,149455,17,338437
40061,0.006138,172.31.36.0-255,66,149521,17,338437
40062,0.008176,74.125.24.0-255,5738,155259,17,338437
40063,0.008183,172.31.36.0-255,66,155325,17,338437
40064,0.01023,74.125.24.0-255,5738,161063,17,338437
40065,0.010238,172.31.36.0-255,66,161129,17,338437
40066,0.012246,74.125.24.0-255,5738,166867,17,338437
40067,0.012253,172.31.36.0-255,66,166933,17,338437
40068,0.014294,74.125.24.0-255,5738,172671,17,338437
40069,0.014304,172.31.36.0-255,66,172737,17,338437
40070,0.016322,74.125.24.0-255,5738,178475,17,338437
40071,0.01633,172.31.36.0-255,66,178541,17,338437
40072,0.018385,74.125.24.0-255,5738,184279,17,338437
40073,0.018392,172.31.36.0-255,66,184345,17,338437
40074,0.020438,74.125.24.0-255,5738,190083,17,338437
40075,0.020446,172.31.36.0-255,66,190149,17,338437
40076,0.022493,74.125.24.0-255,5738,195887,17,338437
40077,0.022511,172.31.36.0-255,66,195953,17,338437
40078,0.024574,74.125.24.0-255,5738,201691,17,338437
40079,0.024592,172.31.36.0-255,66,201757,17,338437
40080,0.026636,74.125.24.0-255,5738,207495,17,338437
40081,0.026653,172.31.36.0-255,66,207561,17,338437
40082,0.028666,74.125.24.0-255,5738,213299,17,338437
40083,0.028679,172.31.36.0-255,66,213365,17,338437
40084,0.030708,74.125.24.0-255,5738,219103,17,338437
40085,0.030715,172.31.36.0-255,66,219169,17,338437
40086,0.032755,74.125.24.0-255,5738,224907,17,338437
40087,0.032763,172.31.36.0-255,66,224973,17,338437
40088,0.034771,74.125.24.0-255,5738,230711,17,338437
40089,0.034778,172.31.36.0-255,66,230777,17,338437
40090,0.035051,172.31.36.0-255,172,230949,17,338437
40091,0.035079,172.31.36.0-255,1117,232066,17,338437
40092,0.035153,172.31.36.0-255,1514,233580,17,338437
40093,0.035155,172.31.36.0-255,1514,235094,17,338437
40094,0.03516,172.31.36.0-255,1514,236608,17,338437
40095,0.035161,172.31.36.0-255,1049,237657,17,338437
40096,0.036588,104.244.42.0-255,66,237723,17,338437
40097,0.036597,104.244.42.0-255,66,237789,17,338437
40098,0.036702,104.244.42.0-255,66,237855,17,338437
40099,0.036706,104.244.42.0-255,66,237921,17,338437
40100,0.036708,104.244.42.0-255,66,237987,17,338437
40101,0.036796,74.125.24.0-255,1484,239471,17,338437
40102,0.036833,74.125.24.0-255,4320,243791,17,338437
40103,0.036838,172.31.36.0-255,66,243857,17,338437
40104,0.038847,74.125.24.0-255,5738,249595,17,338437
40105,0.038853,172.31.36.0-255,66,249661,17,338437
40106,0.040874,74.125.24.0-255,5738,255399,17,338437
40107,0.040879,172.31.36.0-255,66,255465,17,338437
40108,0.042918,74.125.24.0-255,5738,261203,17,338437
40109,0.042924,172.31.36.0-255,66,261269,17,338437
40110,0.044963,74.125.24.0-255,2902,264171,17,338437
40111,0.044968,172.31.36.0-255,66,264237,17,338437
40112,0.045004,74.125.24.0-255,2902,267139,17,338437
40113,0.045007,172.31.36.0-255,66,267205,17,338437
40114,0.046978,74.125.24.0-255,2902,270107,17,338437
40115,0.046983,172.31.36.0-255,66,270173,17,338437
40116,0.047028,74.125.24.0-255,2902,273075,17,338437
40117,0.047032,172.31.36.0-255,66,273141,17,338437
40118,0.048993,74.125.24.0-255,2902,276043,17,338437
40119,0.048998,172.31.36.0-255,66,276109,17,338437
40120,0.049032,74.125.24.0-255,2902,279011,17,338437
40121,0.049035,172.31.36.0-255,66,279077,17,338437
40122,0.051015,74.125.24.0-255,2902,281979,17,338437
40123,0.051021,172.31.36.0-255,66,282045,17,338437
40124,0.051054,74.125.24.0-255,2902,284947,17,338437
40125,0.051058,172.31.36.0-255,66,285013,17,338437
40126,0.05304,74.125.24.0-255,2902,287915,17,338437
40127,0.053046,172.31.36.0-255,66,287981,17,338437
40128,0.053085,74.125.24.0-255,2902,290883,17,338437
40129,0.053088,172.31.36.0-255,66,290949,17,338437
40130,0.055067,74.125.24.0-255,2902,293851,17,338437
40131,0.055071,172.31.36.0-255,66,293917,17,338437
40132,0.055101,74.125.24.0-255,2902,296819,17,338437
40133,0.055104,172.31.36.0-255,66,296885,17,338437
40134,0.05708,74.125.24.0-255,2902,299787,17,338437
40135,0.057085,172.31.36.0-255,66,299853,17,338437
40136,0.057118,74.125.24.0-255,2902,302755,17,338437
40137,0.057121,172.31.36.0-255,66,302821,17,338437
40138,0.059121,74.125.24.0-255,2902,305723,17,338437
40139,0.059126,172.31.36.0-255,66,305789,17,338437
40140,0.05916,74.125.24.0-255,2902,308691,17,338437
40141,0.059164,172.31.36.0-255,66,308757,17,338437
40142,0.061158,74.125.24.0-255,2902,311659,17,338437
40143,0.061163,172.31.36.0-255,66,311725,17,338437
40144,0.061202,74.125.24.0-255,2902,314627,17,338437
40145,0.061206,172.31.36.0-255,66,314693,17,338437
40146,0.063181,74.125.24.0-255,2902,317595,17,338437
40147,0.063187,172.31.36.0-255,66,317661,17,338437
40148,0.063218,74.125.24.0-255,2902,320563,17,338437
40149,0.063221,172.31.36.0-255,66,320629,17,338437
40150,0.06521,74.125.24.0-255,2902,323531,17,338437
40151,0.065215,172.31.36.0-255,66,323597,17,338437
40152,0.065249,74.125.24.0-255,2902,326499,17,338437
40153,0.065253,172.31.36.0-255,66,326565,17,338437
40154,0.067225,74.125.24.0-255,2902,329467,17,338437
40155,0.06723,172.31.36.0-255,66,329533,17,338437
40156,0.067275,74.125.24.0-255,2902,332435,17,338437
40157,0.067278,172.31.36.0-255,66,332501,17,338437
40158,0.069239,74.125.24.0-255,2902,335403,17,338437
40159,0.069244,172.31.36.0-255,66,335469,17,338437
40160,0.06929,74.125.24.0-255,2902,338371,17,338437
40161,0.069293,172.31.36.0-255,66,338437,17,338437
40162,0.0,74.125.130.0-255,151,151,17,353127
40163,3.3e-05,172.31.36.0-255,66,217,17,353127
40164,4.1e-05,74.125.130.0-255,1484,1701,17,353127
40165,4.5e-05,172.31.36.0-255,66,1767,17,353127
40166,7.8e-05,74.125.130.0-255,2902,4669,17,353127
40167,8.1e-05,172.31.36.0-255,66,4735,17,353127
40168,8.4e-05,74.125.130.0-255,1484,6219,17,353127
40169,8.6e-05,172.31.36.0-255,66,6285,17,353127
40170,0.000107,74.125.130.0-255,2902,9187,17,353127
40171,0.00011,172.31.36.0-255,66,9253,17,353127
40172,0.000148,74.125.130.0-255,4937,14190,17,353127
40173,0.000153,172.31.36.0-255,66,14256,17,353127
40174,0.000159,74.125.130.0-255,5738,19994,17,353127
40175,0.000161,172.31.36.0-255,66,20060,17,353127
40176,0.00021,172.31.36.0-255,66,20126,17,353127
40177,0.00026,172.31.36.0-255,66,20192,17,353127
40178,0.000265,74.125.130.0-255,3602,23794,17,353127
40179,0.000267,172.31.36.0-255,66,23860,17,353127
40180,0.000293,74.125.130.0-255,2902,26762,17,353127
40181,0.000295,172.31.36.0-255,66,26828,17,353127
40182,0.000302,74.125.130.0-255,4320,31148,17,353127
40183,0.000304,172.31.36.0-255,66,31214,17,353127
40184,0.000345,172.31.36.0-255,66,31280,17,353127
40185,0.000348,74.125.130.0-255,1435,32715,17,353127
40186,0.00035,172.31.36.0-255,66,32781,17,353127
40187,0.000579,74.125.130.0-255,1484,34265,17,353127
40188,0.000584,172.31.36.0-255,66,34331,17,353127
40189,0.000589,74.125.130.0-255,2902,37233,17,353127
40190,0.000592,172.31.36.0-255,66,37299,17,353127
40191,0.000612,74.125.130.0-255,4320,41619,17,353127
40192,0.000615,172.31.36.0-255,66,41685,17,353127
40193,0.000627,74.125.130.0-255,5738,47423,17,353127
40194,0.000629,172.31.36.0-255,66,47489,17,353127
40195,0.000668,74.125.130.0-255,2902,50391,17,353127
40196,0.000671,172.31.36.0-255,66,50457,17,353127
40197,0.000678,74.125.130.0-255,5738,56195,17,353127
40198,0.000684,172.31.36.0-255,66,56261,17,353127
40199,0.00069,74.125.130.0-255,7156,63417,17,353127
40200,0.000692,172.31.36.0-255,66,63483,17,353127
40201,0.000697,74.125.130.0-255,3602,67085,17,353127
40202,0.000699,172.31.36.0-255,66,67151,17,353127
40203,0.000829,74.125.130.0-255,376,67527,17,353127
40204,0.000983,74.125.130.0-255,1484,69011,17,353127
40205,0.000988,172.31.36.0-255,66,69077,17,353127
40206,0.001001,74.125.130.0-255,2902,71979,17,353127
40207,0.001004,172.31.36.0-255,66,72045,17,353127
40208,0.001014,74.125.130.0-255,4320,76365,17,353127
40209,0.001017,172.31.36.0-255,66,76431,17,353127
40210,0.00102,74.125.130.0-255,1484,77915,17,353127
40211,0.00105,74.125.130.0-255,7156,85071,17,353127
40212,0.001053,172.31.36.0-255,66,85137,17,353127
40213,0.001064,74.125.130.0-255,7156,92293,17,353127
40214,0.001066,172.31.36.0-255,66,92359,17,353127
40215,0.00107,74.125.130.0-255,1484,93843,17,353127
40216,0.001098,74.125.130.0-255,7156,100999,17,353127
40217,0.001102,172.31.36.0-255,66,101065,17,353127
40218,0.001105,74.125.130.0-255,766,101831,17,353127
40219,0.001339,74.125.130.0-255,1484,103315,17,353127
40220,0.001345,172.31.36.0-255,66,103381,17,353127
40221,0.001353,74.125.130.0-255,1484,104865,17,353127
40222,0.001359,172.31.36.0-255,66,104931,17,353127
40223,0.001382,74.125.130.0-255,1484,106415,17,353127
40224,0.00139,74.125.130.0-255,5738,112153,17,353127
40225,0.001393,172.31.36.0-255,66,112219,17,353127
40226,0.001396,74.125.130.0-255,1484,113703,17,353127
40227,0.001423,74.125.130.0-255,2902,116605,17,353127
40228,0.001425,172.31.36.0-255,66,116671,17,353127
40229,0.001453,74.125.130.0-255,1484,118155,17,353127
40230,0.001473,74.125.130.0-255,2902,121057,17,353127
40231,0.001476,172.31.36.0-255,66,121123,17,353127
40232,0.001507,74.125.130.0-255,2902,124025,17,353127
40233,0.00151,172.31.36.0-255,66,124091,17,353127
40234,0.001542,74.125.130.0-255,4320,128411,17,353127
40235,0.001546,172.31.36.0-255,66,128477,17,353127
40236,0.00158,74.125.130.0-255,5738,134215,17,353127
40237,0.001582,172.31.36.0-255,66,134281,17,353127
40238,0.001608,74.125.130.0-255,2184,136465,17,353127
40239,0.001611,172.31.36.0-255,66,136531,17,353127
40240,0.001969,74.125.130.0-255,1484,138015,17,353127
40241,0.001996,74.125.130.0-255,2902,140917,17,353127
40242,0.002001,172.31.36.0-255,66,140983,17,353127
40243,0.002006,74.125.130.0-255,1484,142467,17,353127
40244,0.002036,74.125.130.0-255,4320,146787,17,353127
40245,0.002039,172.31.36.0-255,66,146853,17,353127
40246,0.002046,74.125.130.0-255,7156,154009,17,353127
40247,0.002048,172.31.36.0-255,66,154075,17,353127
40248,0.002051,74.125.130.0-255,1484,155559,17,353127
40249,0.002088,172.31.36.0-255,66,155625,17,353127
40250,0.002122,74.125.130.0-255,5020,160645,17,353127
40251,0.002126,172.31.36.0-255,66,160711,17,353127
40252,0.002177,74.125.130.0-255,1484,162195,17,353127
40253,0.002183,74.125.130.0-255,2902,165097,17,353127
40254,0.002186,172.31.36.0-255,66,165163,17,353127
40255,0.002221,74.125.130.0-255,4320,169483,17,353127
40256,0.002225,172.31.36.0-255,66,169549,17,353127
40257,0.002232,74.125.130.0-255,5738,175287,17,353127
40258,0.002235,172.31.36.0-255,66,175353,17,353127
40259,0.002277,74.125.130.0-255,5738,181091,17,353127
40260,0.00228,172.31.36.0-255,66,181157,17,353127
40261,0.002284,74.125.130.0-255,1484,182641,17,353127
40262,0.002314,74.125.130.0-255,5738,188379,17,353127
40263,0.002318,74.125.130.0-255,2902,191281,17,353127
40264,0.002322,172.31.36.0-255,66,191347,17,353127
40265,0.00233,172.31.36.0-255,66,191413,17,353127
40266,0.002339,74.125.130.0-255,3602,195015,17,353127
40267,0.002341,172.31.36.0-255,66,195081,17,353127
40268,0.002629,74.125.130.0-255,1484,196565,17,353127
40269,0.002655,74.125.130.0-255,2902,199467,17,353127
40270,0.002658,172.31.36.0-255,66,199533,17,353127
40271,0.002662,74.125.130.0-255,1484,201017,17,353127
40272,0.002688,74.125.130.0-255,1484,202501,17,353127
40273,0.00269,172.31.36.0-255,66,202567,17,353127
40274,0.005309,74.125.130.0-255,5738,208305,17,353127
40275,0.005315,172.31.36.0-255,66,208371,17,353127
40276,0.007959,74.125.130.0-255,5738,214109,17,353127
40277,0.007965,172.31.36.0-255,66,214175,17,353127
40278,0.010599,74.125.130.0-255,5738,219913,17,353127
40279,0.010611,172.31.36.0-255,66,219979,17,353127
40280,0.013251,74.125.130.0-255,5738,225717,17,353127
40281,0.013261,172.31.36.0-255,66,225783,17,353127
40282,0.015897,74.125.130.0-255,5738,231521,17,353127
40283,0.015906,172.31.36.0-255,66,231587,17,353127
40284,0.018538,74.125.130.0-255,5738,237325,17,353127
40285,0.018545,172.31.36.0-255,66,237391,17,353127
40286,0.021214,74.125.130.0-255,5738,243129,17,353127
40287,0.021224,172.31.36.0-255,66,243195,17,353127
40288,0.023865,74.125.130.0-255,5738,248933,17,353127
40289,0.023876,172.31.36.0-255,66,248999,17,353127
40290,0.026309,172.31.36.0-255,172,249171,17,353127
40291,0.026398,172.31.36.0-255,1117,250288,17,353127
40292,0.026476,172.31.36.0-255,1514,251802,17,353127
40293,0.026478,172.31.36.0-255,1271,253073,17,353127
40294,0.026519,74.125.130.0-255,5738,258811,17,353127
40295,0.026524,172.31.36.0-255,66,258877,17,353127
40296,0.027855,104.244.42.0-255,66,258943,17,353127
40297,0.027959,104.244.42.0-255,66,259009,17,353127
40298,0.028103,104.244.42.0-255,66,259075,17,353127
40299,0.029141,74.125.130.0-255,1484,260559,17,353127
40300,0.029172,74.125.130.0-255,4320,264879,17,353127
40301,0.029177,172.31.36.0-255,66,264945,17,353127
40302,0.031806,74.125.130.0-255,5738,270683,17,353127
40303,0.031811,172.31.36.0-255,66,270749,17,353127
40304,0.034438,74.125.130.0-255,5738,276487,17,353127
40305,0.034445,172.31.36.0-255,66,276553,17,353127
40306,0.037081,74.125.130.0-255,5738,282291,17,353127
40307,0.037087,172.31.36.0-255,66,282357,17,353127
40308,0.039719,74.125.130.0-255,5738,288095,17,353127
40309,0.039725,172.31.36.0-255,66,288161,17,353127
40310,0.042395,74.125.130.0-255,5738,293899,17,353127
40311,0.042401,172.31.36.0-255,66,293965,17,353127
40312,0.045057,74.125.130.0-255,5738,299703,17,353127
40313,0.045063,172.31.36.0-255,66,299769,17,353127
40314,0.047699,74.125.130.0-255,5738,305507,17,353127
40315,0.047705,172.31.36.0-255,66,305573,17,353127
40316,0.050341,74.125.130.0-255,2902,308475,17,353127
40317,0.050346,172.31.36.0-255,66,308541,17,353127
40318,0.050394,74.125.130.0-255,2902,311443,17,353127
40319,0.050399,172.31.36.0-255,66,311509,17,353127
40320,0.052974,74.125.130.0-255,2902,314411,17,353127
40321,0.052979,172.31.36.0-255,66,314477,17,353127
40322,0.053016,74.125.130.0-255,2902,317379,17,353127
40323,0.053019,172.31.36.0-255,66,317445,17,353127
40324,0.055616,74.125.130.0-255,2902,320347,17,353127
40325,0.055623,172.31.36.0-255,66,320413,17,353127
40326,0.055657,74.125.130.0-255,2902,323315,17,353127
40327,0.05566,172.31.36.0-255,66,323381,17,353127
40328,0.058248,74.125.130.0-255,2902,326283,17,353127
40329,0.058254,172.31.36.0-255,66,326349,17,353127
40330,0.058287,74.125.130.0-255,2902,329251,17,353127
40331,0.058291,172.31.36.0-255,66,329317,17,353127
40332,0.060876,74.125.130.0-255,2902,332219,17,353127
40333,0.06088,172.31.36.0-255,66,332285,17,353127
40334,0.060915,74.125.130.0-255,2902,335187,17,353127
40335,0.060919,172.31.36.0-255,66,335253,17,353127
40336,0.063503,74.125.130.0-255,2902,338155,17,353127
40337,0.063506,172.31.36.0-255,66,338221,17,353127
40338,0.06355,74.125.130.0-255,2902,341123,17,353127
40339,0.063553,172.31.36.0-255,66,341189,17,353127
40340,0.066131,74.125.130.0-255,2902,344091,17,353127
40341,0.066136,172.31.36.0-255,66,344157,17,353127
40342,0.066185,74.125.130.0-255,2902,347059,17,353127
40343,0.066188,172.31.36.0-255,66,347125,17,353127
40344,0.068766,74.125.130.0-255,1484,348609,17,353127
40345,0.068793,74.125.130.0-255,1484,350093,17,353127
40346,0.068798,172.31.36.0-255,66,350159,17,353127
40347,0.068826,74.125.130.0-255,2902,353061,17,353127
40348,0.06883,172.31.36.0-255,66,353127,17,353127
40349,0.0,74.125.24.0-255,152,152,17,293932
40350,3.1e-05,172.31.36.0-255,66,218,17,293932
40351,3.7e-05,74.125.24.0-255,1484,1702,17,293932
40352,4.1e-05,172.31.36.0-255,66,1768,17,293932
40353,4.5e-05,74.125.24.0-255,2902,4670,17,293932
40354,4.7e-05,172.31.36.0-255,66,4736,17,293932
40355,4.9e-05,74.125.24.0-255,1484,6220,17,293932
40356,5.1e-05,172.31.36.0-255,66,6286,17,293932
40357,8.1e-05,74.125.24.0-255,5738,12024,17,293932
40358,8.3e-05,172.31.36.0-255,66,12090,17,293932
40359,8.6e-05,74.125.24.0-255,2068,14158,17,293932
40360,8.8e-05,172.31.36.0-255,66,14224,17,293932
40361,0.000141,74.125.24.0-255,1484,15708,17,293932
40362,0.000145,172.31.36.0-255,66,15774,17,293932
40363,0.000149,74.125.24.0-255,2902,18676,17,293932
40364,0.000151,172.31.36.0-255,66,18742,17,293932
40365,0.000183,74.125.24.0-255,5738,24480,17,293932
40366,0.000186,172.31.36.0-255,66,24546,17,293932
40367,0.000189,74.125.24.0-255,1484,26030,17,293932
40368,0.00019,172.31.36.0-255,66,26096,17,293932
40369,0.000204,74.125.24.0-255,1484,27580,17,293932
40370,0.000206,172.31.36.0-255,66,27646,17,293932
40371,0.000232,172.31.36.0-255,66,27712,17,293932
40372,0.000242,172.31.36.0-255,66,27778,17,293932
40373,0.000275,74.125.24.0-255,1125,28903,17,293932
40374,0.000278,172.31.36.0-255,66,28969,17,293932
40375,0.000345,74.125.24.0-255,1484,30453,17,293932
40376,0.000348,172.31.36.0-255,66,30519,17,293932
40377,0.000352,74.125.24.0-255,2902,33421,17,293932
40378,0.000357,172.31.36.0-255,66,33487,17,293932
40379,0.000362,74.125.24.0-255,1484,34971,17,293932
40380,0.000385,74.125.24.0-255,4320,39291,17,293932
40381,0.000388,172.31.36.0-255,66,39357,17,293932
40382,0.000392,74.125.24.0-255,2902,42259,17,293932
40383,0.000394,172.31.36.0-255,66,42325,17,293932
40384,0.000432,74.125.24.0-255,4603,46928,17,293932
40385,0.000435,172.31.36.0-255,66,46994,17,293932
40386,0.000696,74.125.24.0-255,1484,48478,17,293932
40387,0.000708,74.125.24.0-255,2902,51380,17,293932
40388,0.000711,172.31.36.0-255,66,51446,17,293932
40389,0.000733,74.125.24.0-255,5738,57184,17,293932
40390,0.000735,172.31.36.0-255,66,57250,17,293932
40391,0.00074,74.125.24.0-255,5738,62988,17,293932
40392,0.000742,172.31.36.0-255,66,63054,17,293932
40393,0.000776,172.31.36.0-255,66,63120,17,293932
40394,0.00078,74.125.24.0-255,2902,66022,17,293932
40395,0.000782,172.31.36.0-255,66,66088,17,293932
40396,0.000797,74.125.24.0-255,2184,68272,17,293932
40397,0.000799,172.31.36.0-255,66,68338,17,293932
40398,0.001598,74.125.24.0-255,1484,69822,17,293932
40399,0.001606,74.125.24.0-255,1484,71306,17,293932
40400,0.001609,172.31.36.0-255,66,71372,17,293932
40401,0.001628,74.125.24.0-255,1484,72856,17,293932
40402,0.001633,74.125.24.0-255,5738,78594,17,293932
40403,0.001635,172.31.36.0-255,66,78660,17,293932
40404,0.001639,74.125.24.0-255,2902,81562,17,293932
40405,0.001641,172.31.36.0-255,66,81628,17,293932
40406,0.001654,74.125.24.0-255,4320,85948,17,293932
40407,0.001656,172.31.36.0-255,66,86014,17,293932
40408,0.001669,74.125.24.0-255,2902,88916,17,293932
40409,0.00167,172.31.36.0-255,66,88982,17,293932
40410,0.00168,172.31.36.0-255,66,89048,17,293932
40411,0.001683,74.125.24.0-255,2184,91232,17,293932
40412,0.001685,172.31.36.0-255,66,91298,17,293932
40413,0.001865,74.125.24.0-255,1484,92782,17,293932
40414,0.001884,74.125.24.0-255,2902,95684,17,293932
40415,0.001886,172.31.36.0-255,66,95750,17,293932
40416,0.001889,74.125.24.0-255,2902,98652,17,293932
40417,0.001891,172.31.36.0-255,66,98718,17,293932
40418,0.0019,74.125.24.0-255,2902,101620,17,293932
40419,0.001902,172.31.36.0-255,66,101686,17,293932
40420,0.001925,172.31.36.0-255,66,101752,17,293932
40421,0.001937,74.125.24.0-255,2902,104654,17,293932
40422,0.001939,172.31.36.0-255,66,104720,17,293932
40423,0.00198,172.31.36.0-255,66,104786,17,293932
40424,0.001985,74.125.24.0-255,7156,111942,17,293932
40425,0.001987,172.31.36.0-255,66,112008,17,293932
40426,0.002012,172.31.36.0-255,66,112074,17,293932
40427,0.002022,172.31.36.0-255,66,112140,17,293932
40428,0.002144,74.125.24.0-255,1484,113624,17,293932
40429,0.002149,74.125.24.0-255,2902,116526,17,293932
40430,0.00215,172.31.36.0-255,66,116592,17,293932
40431,0.002168,74.125.24.0-255,4320,120912,17,293932
40432,0.00217,172.31.36.0-255,66,120978,17,293932
40433,0.00218,74.125.24.0-255,1484,122462,17,293932
40434,0.002203,172.31.36.0-255,66,122528,17,293932
40435,0.002218,74.125.24.0-255,1484,124012,17,293932
40436,0.002244,74.125.24.0-255,1484,125496,17,293932
40437,0.002246,172.31.36.0-255,66,125562,17,293932
40438,0.00227,172.31.36.0-255,66,125628,17,293932
40439,0.004616,74.125.24.0-255,5738,131366,17,293932
40440,0.00462,172.31.36.0-255,66,131432,17,293932
40441,0.006991,74.125.24.0-255,5738,137170,17,293932
40442,0.007007,172.31.36.0-255,66,137236,17,293932
40443,0.009373,74.125.24.0-255,5738,142974,17,293932
40444,0.009391,172.31.36.0-255,66,143040,17,293932
40445,0.011753,74.125.24.0-255,5738,148778,17,293932
40446,0.011769,172.31.36.0-255,66,148844,17,293932
40447,0.01413,74.125.24.0-255,5738,154582,17,293932
40448,0.014145,172.31.36.0-255,66,154648,17,293932
40449,0.0165,74.125.24.0-255,5738,160386,17,293932
40450,0.016513,172.31.36.0-255,66,160452,17,293932
40451,0.018876,74.125.24.0-255,5738,166190,17,293932
40452,0.018889,172.31.36.0-255,66,166256,17,293932
40453,0.021223,74.125.24.0-255,5738,171994,17,293932
40454,0.021236,172.31.36.0-255,66,172060,17,293932
40455,0.023614,74.125.24.0-255,5738,177798,17,293932
40456,0.02363,172.31.36.0-255,66,177864,17,293932
40457,0.025968,74.125.24.0-255,5738,183602,17,293932
40458,0.025983,172.31.36.0-255,66,183668,17,293932
40459,0.02832,74.125.24.0-255,5738,189406,17,293932
40460,0.028338,172.31.36.0-255,66,189472,17,293932
40461,0.029999,172.31.36.0-255,172,189644,17,293932
40462,0.030031,172.31.36.0-255,1116,190760,17,293932
40463,0.030084,172.31.36.0-255,1514,192274,17,293932
40464,0.030085,172.31.36.0-255,1514,193788,17,293932
40465,0.030091,172.31.36.0-255,1514,195302,17,293932
40466,0.030093,172.31.36.0-255,1050,196352,17,293932
40467,0.030663,74.125.24.0-255,5738,202090,17,293932
40468,0.030671,172.31.36.0-255,66,202156,17,293932
40469,0.031593,104.244.42.0-255,66,202222,17,293932
40470,0.031601,104.244.42.0-255,66,202288,17,293932
40471,0.031676,104.244.42.0-255,66,202354,17,293932
40472,0.031681,104.244.42.0-255,66,202420,17,293932
40473,0.033002,74.125.24.0-255,5738,208158,17,293932
40474,0.033008,172.31.36.0-255,66,208224,17,293932
40475,0.035358,74.125.24.0-255,5738,213962,17,293932
40476,0.035372,172.31.36.0-255,66,214028,17,293932
40477,0.037738,74.125.24.0-255,5738,219766,17,293932
40478,0.037749,172.31.36.0-255,66,219832,17,293932
40479,0.040074,74.125.24.0-255,5738,225570,17,293932
40480,0.040082,172.31.36.0-255,66,225636,17,293932
40481,0.042401,74.125.24.0-255,5738,231374,17,293932
40482,0.042407,172.31.36.0-255,66,231440,17,293932
40483,0.044762,74.125.24.0-255,5738,237178,17,293932
40484,0.044772,172.31.36.0-255,66,237244,17,293932
40485,0.0471,74.125.24.0-255,5738,242982,17,293932
40486,0.047109,172.31.36.0-255,66,243048,17,293932
40487,0.049458,74.125.24.0-255,5738,248786,17,293932
40488,0.049468,172.31.36.0-255,66,248852,17,293932
40489,0.051801,74.125.24.0-255,5738,254590,17,293932
40490,0.051809,172.31.36.0-255,66,254656,17,293932
40491,0.054142,74.125.24.0-255,5738,260394,17,293932
40492,0.054151,172.31.36.0-255,66,260460,17,293932
40493,0.056494,74.125.24.0-255,5738,266198,17,293932
40494,0.056503,172.31.36.0-255,66,266264,17,293932
40495,0.058833,74.125.24.0-255,5738,272002,17,293932
40496,0.05884,172.31.36.0-255,66,272068,17,293932
40497,0.061197,74.125.24.0-255,5738,277806,17,293932
40498,0.061208,172.31.36.0-255,66,277872,17,293932
40499,0.06353,74.125.24.0-255,5738,283610,17,293932
40500,0.063537,172.31.36.0-255,66,283676,17,293932
40501,0.065885,74.125.24.0-255,4320,287996,17,293932
40502,0.065891,172.31.36.0-255,66,288062,17,293932
40503,0.065922,74.125.24.0-255,1484,289546,17,293932
40504,0.068229,74.125.24.0-255,4320,293866,17,293932
40505,0.068234,172.31.36.0-255,66,293932,17,293932
40506,0.0,172.217.194.0-255,151,151,17,328805
40507,2.2e-05,172.31.36.0-255,66,217,17,328805
40508,4.1e-05,172.217.194.0-255,1484,1701,17,328805
40509,4.5e-05,172.31.36.0-255,66,1767,17,328805
40510,5e-05,172.217.194.0-255,2902,4669,17,328805
40511,5.2e-05,172.31.36.0-255,66,4735,17,328805
40512,6e-05,172.217.194.0-255,7156,11891,17,328805
40513,6.3e-05,172.31.36.0-255,66,11957,17,328805
40514,7e-05,172.217.194.0-255,6256,18213,17,328805
40515,7.3e-05,172.31.36.0-255,66,18279,17,328805
40516,0.000107,172.217.194.0-255,4320,22599,17,328805
40517,0.00011,172.31.36.0-255,66,22665,17,328805
40518,0.000131,172.31.36.0-255,66,22731,17,328805
40519,0.000152,172.217.194.0-255,1484,24215,17,328805
40520,0.000154,172.31.36.0-255,66,24281,17,328805
40521,0.000178,172.31.36.0-255,66,24347,17,328805
40522,0.000196,172.217.194.0-255,1484,25831,17,328805
40523,0.000198,172.31.36.0-255,66,25897,17,328805
40524,0.000218,172.217.194.0-255,3961,29858,17,328805
40525,0.00022,172.31.36.0-255,66,29924,17,328805
40526,0.000413,172.217.194.0-255,1484,31408,17,328805
40527,0.000417,172.31.36.0-255,66,31474,17,328805
40528,0.000422,172.217.194.0-255,2902,34376,17,328805
40529,0.000425,172.31.36.0-255,66,34442,17,328805
40530,0.00043,172.217.194.0-255,5738,40180,17,328805
40531,0.000433,172.31.36.0-255,66,40246,17,328805
40532,0.000435,172.217.194.0-255,1484,41730,17,328805
40533,0.000437,172.31.36.0-255,66,41796,17,328805
40534,0.000465,172.217.194.0-255,5379,47175,17,328805
40535,0.000468,172.31.36.0-255,66,47241,17,328805
40536,0.000544,172.217.194.0-255,1484,48725,17,328805
40537,0.00056,172.217.194.0-255,2902,51627,17,328805
40538,0.000563,172.31.36.0-255,66,51693,17,328805
40539,0.000568,172.217.194.0-255,2902,54595,17,328805
40540,0.00057,172.31.36.0-255,66,54661,17,328805
40541,0.000583,172.217.194.0-255,2902,57563,17,328805
40542,0.000586,172.31.36.0-255,66,57629,17,328805
40543,0.000607,172.217.194.0-255,5738,63367,17,328805
40544,0.000609,172.31.36.0-255,66,63433,17,328805
40545,0.00063,172.217.194.0-255,3961,67394,17,328805
40546,0.000633,172.31.36.0-255,66,67460,17,328805
40547,0.000644,172.31.36.0-255,66,67526,17,328805
40548,0.000665,172.217.194.0-255,3961,71487,17,328805
40549,0.000669,172.31.36.0-255,66,71553,17,328805
40550,0.000677,172.217.194.0-255,1484,73037,17,328805
40551,0.000689,172.217.194.0-255,2902,75939,17,328805
40552,0.000692,172.31.36.0-255,66,76005,17,328805
40553,0.000713,172.217.194.0-255,4320,80325,17,328805
40554,0.000716,172.31.36.0-255,66,80391,17,328805
40555,0.000731,172.217.194.0-255,5738,86129,17,328805
40556,0.000733,172.31.36.0-255,66,86195,17,328805
40557,0.000737,172.217.194.0-255,2529,88724,17,328805
40558,0.000739,172.31.36.0-255,66,88790,17,328805
40559,0.000991,172.217.194.0-255,1484,90274,17,328805
40560,0.000997,172.217.194.0-255,2902,93176,17,328805
40561,0.001001,172.31.36.0-255,66,93242,17,328805
40562,0.001007,172.217.194.0-255,4320,97562,17,328805
40563,0.001009,172.31.36.0-255,66,97628,17,328805
40564,0.001023,172.217.194.0-255,1484,99112,17,328805
40565,0.001025,172.217.194.0-255,1484,100596,17,328805
40566,0.001028,172.31.36.0-255,66,100662,17,328805
40567,0.001041,172.217.194.0-255,2902,103564,17,328805
40568,0.001045,172.31.36.0-255,66,103630,17,328805
40569,0.001074,172.31.36.0-255,66,103696,17,328805
40570,0.001091,172.217.194.0-255,2902,106598,17,328805
40571,0.001094,172.31.36.0-255,66,106664,17,328805
40572,0.0011,172.217.194.0-255,5738,112402,17,328805
40573,0.001103,172.31.36.0-255,66,112468,17,328805
40574,0.001121,172.217.194.0-255,2184,114652,17,328805
40575,0.001125,172.31.36.0-255,66,114718,17,328805
40576,0.001253,172.217.194.0-255,1484,116202,17,328805
40577,0.001259,172.217.194.0-255,2902,119104,17,328805
40578,0.001262,172.31.36.0-255,66,119170,17,328805
40579,0.001289,172.217.194.0-255,5738,124908,17,328805
40580,0.001292,172.31.36.0-255,66,124974,17,328805
40581,0.001311,172.217.194.0-255,2902,127876,17,328805
40582,0.001314,172.31.36.0-255,66,127942,17,328805
40583,0.001331,172.217.194.0-255,7156,135098,17,328805
40584,0.001334,172.31.36.0-255,66,135164,17,328805
40585,0.001359,172.217.194.0-255,1484,136648,17,328805
40586,0.00138,172.31.36.0-255,66,136714,17,328805
40587,0.001401,172.217.194.0-255,1484,138198,17,328805
40588,0.001404,172.217.194.0-255,2184,140382,17,328805
40589,0.001409,172.31.36.0-255,66,140448,17,328805
40590,0.004203,172.217.194.0-255,1484,141932,17,328805
40591,0.004241,172.217.194.0-255,2902,144834,17,328805
40592,0.004247,172.31.36.0-255,66,144900,17,328805
40593,0.004262,172.217.194.0-255,1484,146384,17,328805
40594,0.007039,172.217.194.0-255,4320,150704,17,328805
40595,0.007044,172.31.36.0-255,66,150770,17,328805
40596,0.009817,172.217.194.0-255,5738,156508,17,328805
40597,0.009833,172.31.36.0-255,66,156574,17,328805
40598,0.012113,172.217.194.0-255,5738,162312,17,328805
40599,0.01213,172.31.36.0-255,66,162378,17,328805
40600,0.014138,172.217.194.0-255,5738,168116,17,328805
40601,0.014149,172.31.36.0-255,66,168182,17,328805
40602,0.016144,172.217.194.0-255,5738,173920,17,328805
40603,0.016162,172.31.36.0-255,66,173986,17,328805
40604,0.018151,172.217.194.0-255,5738,179724,17,328805
40605,0.018168,172.31.36.0-255,66,179790,17,328805
40606,0.020156,172.217.194.0-255,4320,184110,17,328805
40607,0.020165,172.31.36.0-255,66,184176,17,328805
40608,0.020186,172.217.194.0-255,1484,185660,17,328805
40609,0.022141,172.217.194.0-255,4320,189980,17,328805
40610,0.022156,172.31.36.0-255,66,190046,17,328805
40611,0.024127,172.217.194.0-255,5738,195784,17,328805
40612,0.024138,172.31.36.0-255,66,195850,17,328805
40613,0.026109,172.217.194.0-255,5738,201588,17,328805
40614,0.026127,172.31.36.0-255,66,201654,17,328805
40615,0.028153,172.217.194.0-255,5738,207392,17,328805
40616,0.028165,172.31.36.0-255,66,207458,17,328805
40617,0.030158,172.217.194.0-255,5738,213196,17,328805
40618,0.03017,172.31.36.0-255,66,213262,17,328805
40619,0.032163,172.217.194.0-255,5738,219000,17,328805
40620,0.032172,172.31.36.0-255,66,219066,17,328805
40621,0.034104,172.31.36.0-255,188,219254,17,328805
40622,0.034154,172.217.194.0-255,5738,224992,17,328805
40623,0.034162,172.31.36.0-255,66,225058,17,328805
40624,0.034178,172.31.36.0-255,961,226019,17,328805
40625,0.03431,172.31.36.0-255,1514,227533,17,328805
40626,0.034312,172.31.36.0-255,1514,229047,17,328805
40627,0.034339,172.31.36.0-255,826,229873,17,328805
40628,0.035648,104.244.42.0-255,66,229939,17,328805
40629,0.035734,104.244.42.0-255,66,230005,17,328805
40630,0.035893,104.244.42.0-255,66,230071,17,328805
40631,0.035913,104.244.42.0-255,66,230137,17,328805
40632,0.036153,172.217.194.0-255,5738,235875,17,328805
40633,0.036159,172.31.36.0-255,66,235941,17,328805
40634,0.038151,172.217.194.0-255,5738,241679,17,328805
40635,0.038157,172.31.36.0-255,66,241745,17,328805
40636,0.040137,172.217.194.0-255,5738,247483,17,328805
40637,0.040145,172.31.36.0-255,66,247549,17,328805
40638,0.042147,172.217.194.0-255,5738,253287,17,328805
40639,0.042154,172.31.36.0-255,66,253353,17,328805
40640,0.044183,172.217.194.0-255,5738,259091,17,328805
40641,0.04419,172.31.36.0-255,66,259157,17,328805
40642,0.046185,172.217.194.0-255,5738,264895,17,328805
40643,0.046192,172.31.36.0-255,66,264961,17,328805
40644,0.048182,172.217.194.0-255,5738,270699,17,328805
40645,0.048191,172.31.36.0-255,66,270765,17,328805
40646,0.050162,172.217.194.0-255,5738,276503,17,328805
40647,0.05017,172.31.36.0-255,66,276569,17,328805
40648,0.052162,172.217.194.0-255,5738,282307,17,328805
40649,0.052171,172.31.36.0-255,66,282373,17,328805
40650,0.054143,172.217.194.0-255,5738,288111,17,328805
40651,0.054151,172.31.36.0-255,66,288177,17,328805
40652,0.056114,172.217.194.0-255,5738,293915,17,328805
40653,0.056122,172.31.36.0-255,66,293981,17,328805
40654,0.058092,172.217.194.0-255,5738,299719,17,328805
40655,0.0581,172.31.36.0-255,66,299785,17,328805
40656,0.060076,172.217.194.0-255,5738,305523,17,328805
40657,0.060087,172.31.36.0-255,66,305589,17,328805
40658,0.06211,172.217.194.0-255,5738,311327,17,328805
40659,0.062117,172.31.36.0-255,66,311393,17,328805
40660,0.064106,172.217.194.0-255,5738,317131,17,328805
40661,0.064112,172.31.36.0-255,66,317197,17,328805
40662,0.066142,172.217.194.0-255,5738,322935,17,328805
40663,0.06615,172.31.36.0-255,66,323001,17,328805
40664,0.068122,172.217.194.0-255,5738,328739,17,328805
40665,0.068129,172.31.36.0-255,66,328805,17,328805
40666,0.0,74.125.24.0-255,145,145,17,333011
40667,4.5e-05,172.31.36.0-255,66,211,17,333011
40668,5.2e-05,74.125.24.0-255,1484,1695,17,333011
40669,5.7e-05,172.31.36.0-255,66,1761,17,333011
40670,6.1e-05,74.125.24.0-255,2902,4663,17,333011
40671,6.4e-05,172.31.36.0-255,66,4729,17,333011
40672,8.6e-05,74.125.24.0-255,2902,7631,17,333011
40673,8.9e-05,172.31.36.0-255,66,7697,17,333011
40674,9.4e-05,74.125.24.0-255,4320,12017,17,333011
40675,9.7e-05,172.31.36.0-255,66,12083,17,333011
40676,0.0001,74.125.24.0-255,1987,14070,17,333011
40677,0.000102,172.31.36.0-255,66,14136,17,333011
40678,0.000168,74.125.24.0-255,1484,15620,17,333011
40679,0.000172,172.31.36.0-255,66,15686,17,333011
40680,0.000177,74.125.24.0-255,2902,18588,17,333011
40681,0.00018,172.31.36.0-255,66,18654,17,333011
40682,0.000187,74.125.24.0-255,5738,24392,17,333011
40683,0.00019,172.31.36.0-255,66,24458,17,333011
40684,0.00022,74.125.24.0-255,6797,31255,17,333011
40685,0.000223,172.31.36.0-255,66,31321,17,333011
40686,0.000241,74.125.24.0-255,4320,35641,17,333011
40687,0.000243,172.31.36.0-255,66,35707,17,333011
40688,0.000259,74.125.24.0-255,7156,42863,17,333011
40689,0.000262,172.31.36.0-255,66,42929,17,333011
40690,0.000275,74.125.24.0-255,2902,45831,17,333011
40691,0.000279,172.31.36.0-255,66,45897,17,333011
40692,0.000284,74.125.24.0-255,2543,48440,17,333011
40693,0.000286,172.31.36.0-255,66,48506,17,333011
40694,0.000395,74.125.24.0-255,1484,49990,17,333011
40695,0.0004,172.31.36.0-255,66,50056,17,333011
40696,0.000412,74.125.24.0-255,2902,52958,17,333011
40697,0.000416,172.31.36.0-255,66,53024,17,333011
40698,0.000444,74.125.24.0-255,5738,58762,17,333011
40699,0.000447,172.31.36.0-255,66,58828,17,333011
40700,0.000467,74.125.24.0-255,4320,63148,17,333011
40701,0.00047,172.31.36.0-255,66,63214,17,333011
40702,0.000493,74.125.24.0-255,2815,66029,17,333011
40703,0.000496,172.31.36.0-255,66,66095,17,333011
40704,0.000498,74.125.24.0-255,416,66511,17,333011
40705,0.000663,74.125.24.0-255,1484,67995,17,333011
40706,0.000667,172.31.36.0-255,66,68061,17,333011
40707,0.000672,74.125.24.0-255,2902,70963,17,333011
40708,0.000675,172.31.36.0-255,66,71029,17,333011
40709,0.000719,74.125.24.0-255,5738,76767,17,333011
40710,0.000722,172.31.36.0-255,66,76833,17,333011
40711,0.000734,172.31.36.0-255,66,76899,17,333011
40712,0.00077,74.125.24.0-255,5738,82637,17,333011
40713,0.000774,172.31.36.0-255,66,82703,17,333011
40714,0.00079,74.125.24.0-255,5020,87723,17,333011
40715,0.000793,172.31.36.0-255,66,87789,17,333011
40716,0.000879,74.125.24.0-255,1484,89273,17,333011
40717,0.000915,74.125.24.0-255,2902,92175,17,333011
40718,0.000918,172.31.36.0-255,66,92241,17,333011
40719,0.000924,74.125.24.0-255,4320,96561,17,333011
40720,0.000926,172.31.36.0-255,66,96627,17,333011
40721,0.000945,74.125.24.0-255,1484,98111,17,333011
40722,0.000956,172.31.36.0-255,66,98177,17,333011
40723,0.000975,74.125.24.0-255,4320,102497,17,333011
40724,0.000978,172.31.36.0-255,66,102563,17,333011
40725,0.000998,74.125.24.0-255,4320,106883,17,333011
40726,0.001001,172.31.36.0-255,66,106949,17,333011
40727,0.001021,74.125.24.0-255,6438,113387,17,333011
40728,0.001024,172.31.36.0-255,66,113453,17,333011
40729,0.001052,74.125.24.0-255,7156,120609,17,333011
40730,0.001056,172.31.36.0-255,66,120675,17,333011
40731,0.001059,74.125.24.0-255,1484,122159,17,333011
40732,0.001077,74.125.24.0-255,7156,129315,17,333011
40733,0.00108,172.31.36.0-255,66,129381,17,333011
40734,0.001087,74.125.24.0-255,7156,136537,17,333011
40735,0.00109,172.31.36.0-255,66,136603,17,333011
40736,0.001121,172.31.36.0-255,66,136669,17,333011
40737,0.001123,74.125.24.0-255,766,137435,17,333011
40738,0.001309,74.125.24.0-255,1484,138919,17,333011
40739,0.001313,172.31.36.0-255,66,138985,17,333011
40740,0.001318,74.125.24.0-255,2902,141887,17,333011
40741,0.001321,172.31.36.0-255,66,141953,17,333011
40742,0.001344,74.125.24.0-255,5738,147691,17,333011
40743,0.001349,172.31.36.0-255,66,147757,17,333011
40744,0.001351,74.125.24.0-255,7156,154913,17,333011
40745,0.001354,172.31.36.0-255,66,154979,17,333011
40746,0.001372,74.125.24.0-255,2902,157881,17,333011
40747,0.001375,172.31.36.0-255,66,157947,17,333011
40748,0.001411,172.31.36.0-255,66,158013,17,333011
40749,0.001416,74.125.24.0-255,2184,160197,17,333011
40750,0.001419,172.31.36.0-255,66,160263,17,333011
40751,0.001863,74.125.24.0-255,1484,161747,17,333011
40752,0.001869,74.125.24.0-255,2902,164649,17,333011
40753,0.001873,172.31.36.0-255,66,164715,17,333011
40754,0.001876,74.125.24.0-255,1484,166199,17,333011
40755,0.001895,74.125.24.0-255,4320,170519,17,333011
40756,0.001898,172.31.36.0-255,66,170585,17,333011
40757,0.001915,74.125.24.0-255,7156,177741,17,333011
40758,0.001918,172.31.36.0-255,66,177807,17,333011
40759,0.00194,74.125.24.0-255,5738,183545,17,333011
40760,0.001943,172.31.36.0-255,66,183611,17,333011
40761,0.001947,74.125.24.0-255,1484,185095,17,333011
40762,0.001992,172.31.36.0-255,66,185161,17,333011
40763,0.00201,74.125.24.0-255,1484,186645,17,333011
40764,0.002024,74.125.24.0-255,2902,189547,17,333011
40765,0.002028,172.31.36.0-255,66,189613,17,333011
40766,0.002035,74.125.24.0-255,5738,195351,17,333011
40767,0.002037,172.31.36.0-255,66,195417,17,333011
40768,0.002059,74.125.24.0-255,2902,198319,17,333011
40769,0.002063,172.31.36.0-255,66,198385,17,333011
40770,0.002112,172.31.36.0-255,66,198451,17,333011
40771,0.00212,74.125.24.0-255,7156,205607,17,333011
40772,0.002122,172.31.36.0-255,66,205673,17,333011
40773,0.002127,74.125.24.0-255,3602,209275,17,333011
40774,0.002129,172.31.36.0-255,66,209341,17,333011
40775,0.002188,74.125.24.0-255,4320,213661,17,333011
40776,0.002191,172.31.36.0-255,66,213727,17,333011
40777,0.002198,74.125.24.0-255,5738,219465,17,333011
40778,0.0022,172.31.36.0-255,66,219531,17,333011
40779,0.002212,172.31.36.0-255,66,219597,17,333011
40780,0.002218,74.125.24.0-255,4320,223917,17,333011
40781,0.00222,172.31.36.0-255,66,223983,17,333011
40782,0.002251,172.31.36.0-255,66,224049,17,333011
40783,0.002295,74.125.24.0-255,1484,225533,17,333011
40784,0.002298,74.125.24.0-255,1484,227017,17,333011
40785,0.002301,172.31.36.0-255,66,227083,17,333011
40786,0.002319,74.125.24.0-255,1484,228567,17,333011
40787,0.002325,74.125.24.0-255,5738,234305,17,333011
40788,0.002328,172.31.36.0-255,66,234371,17,333011
40789,0.002332,74.125.24.0-255,2902,237273,17,333011
40790,0.002334,172.31.36.0-255,66,237339,17,333011
40791,0.002357,172.31.36.0-255,66,237405,17,333011
40792,0.00238,74.125.24.0-255,7156,244561,17,333011
40793,0.002383,172.31.36.0-255,66,244627,17,333011
40794,0.002403,74.125.24.0-255,3602,248229,17,333011
40795,0.002405,172.31.36.0-255,66,248295,17,333011
40796,0.002421,74.125.24.0-255,1484,249779,17,333011
40797,0.00244,74.125.24.0-255,2902,252681,17,333011
40798,0.002443,172.31.36.0-255,66,252747,17,333011
40799,0.002446,74.125.24.0-255,1484,254231,17,333011
40800,0.002462,74.125.24.0-255,4320,258551,17,333011
40801,0.002465,172.31.36.0-255,66,258617,17,333011
40802,0.002469,74.125.24.0-255,2902,261519,17,333011
40803,0.002471,172.31.36.0-255,66,261585,17,333011
40804,0.004886,74.125.24.0-255,5738,267323,17,333011
40805,0.004895,172.31.36.0-255,66,267389,17,333011
40806,0.007293,74.125.24.0-255,1484,268873,17,333011
40807,0.007311,74.125.24.0-255,4320,273193,17,333011
40808,0.007315,172.31.36.0-255,66,273259,17,333011
40809,0.009701,74.125.24.0-255,1484,274743,17,333011
40810,0.009732,74.125.24.0-255,4320,279063,17,333011
40811,0.009737,172.31.36.0-255,66,279129,17,333011
40812,0.01215,74.125.24.0-255,5738,284867,17,333011
40813,0.012157,172.31.36.0-255,66,284933,17,333011
40814,0.014586,74.125.24.0-255,5738,290671,17,333011
40815,0.014594,172.31.36.0-255,66,290737,17,333011
40816,0.017024,74.125.24.0-255,5738,296475,17,333011
40817,0.017032,172.31.36.0-255,66,296541,17,333011
40818,0.01945,74.125.24.0-255,5738,302279,17,333011
40819,0.01946,172.31.36.0-255,66,302345,17,333011
40820,0.021873,74.125.24.0-255,5738,308083,17,333011
40821,0.021881,172.31.36.0-255,66,308149,17,333011
40822,0.024258,74.125.24.0-255,5738,313887,17,333011
40823,0.024265,172.31.36.0-255,66,313953,17,333011
40824,0.026669,74.125.24.0-255,5738,319691,17,333011
40825,0.026676,172.31.36.0-255,66,319757,17,333011
40826,0.029056,74.125.24.0-255,5738,325495,17,333011
40827,0.029063,172.31.36.0-255,66,325561,17,333011
40828,0.03149,74.125.24.0-255,2937,328498,17,333011
40829,0.031502,172.31.36.0-255,66,328564,17,333011
40830,0.031898,172.31.36.0-255,105,328669,17,333011
40831,0.03366,172.31.36.0-255,176,328845,17,333011
40832,0.033692,172.31.36.0-255,1117,329962,17,333011
40833,0.033734,172.31.36.0-255,1514,331476,17,333011
40834,0.033736,172.31.36.0-255,1271,332747,17,333011
40835,0.034273,74.125.24.0-255,66,332813,17,333011
40836,0.035235,104.244.42.0-255,66,332879,17,333011
40837,0.035288,104.244.42.0-255,66,332945,17,333011
40838,0.035329,104.244.42.0-255,66,333011,17,333011
40839,0.0,172.217.194.0-255,218,218,17,255759
40840,1.5e-05,172.31.36.0-255,66,284,17,255759
40841,2.2e-05,172.217.194.0-255,1484,1768,17,255759
40842,2.6e-05,172.31.36.0-255,66,1834,17,255759
40843,3.3e-05,172.217.194.0-255,4320,6154,17,255759
40844,4.4e-05,172.31.36.0-255,66,6220,17,255759
40845,5e-05,172.217.194.0-255,5738,11958,17,255759
40846,5.4e-05,172.31.36.0-255,66,12024,17,255759
40847,6.6e-05,172.31.36.0-255,66,12090,17,255759
40848,0.000105,172.217.194.0-255,3257,15347,17,255759
40849,0.000108,172.31.36.0-255,66,15413,17,255759
40850,0.000115,172.217.194.0-255,6797,22210,17,255759
40851,0.000118,172.31.36.0-255,66,22276,17,255759
40852,0.000431,172.217.194.0-255,1484,23760,17,255759
40853,0.000437,172.31.36.0-255,66,23826,17,255759
40854,0.000443,172.217.194.0-255,2902,26728,17,255759
40855,0.000446,172.31.36.0-255,66,26794,17,255759
40856,0.000458,172.217.194.0-255,5738,32532,17,255759
40857,0.000461,172.31.36.0-255,66,32598,17,255759
40858,0.000505,172.31.36.0-255,66,32664,17,255759
40859,0.000508,172.217.194.0-255,1484,34148,17,255759
40860,0.00051,172.31.36.0-255,66,34214,17,255759
40861,0.000543,172.31.36.0-255,66,34280,17,255759
40862,0.000648,172.217.194.0-255,113,34393,17,255759
40863,0.000652,172.31.36.0-255,66,34459,17,255759
40864,0.000655,172.217.194.0-255,383,34842,17,255759
40865,0.000657,172.31.36.0-255,66,34908,17,255759
40866,0.001607,172.217.194.0-255,1484,36392,17,255759
40867,0.001614,172.31.36.0-255,66,36458,17,255759
40868,0.001625,172.217.194.0-255,2902,39360,17,255759
40869,0.001638,172.217.194.0-255,5738,45098,17,255759
40870,0.001677,172.217.194.0-255,2902,48000,17,255759
40871,0.001851,172.217.194.0-255,1484,49484,17,255759
40872,0.001857,172.217.194.0-255,2902,52386,17,255759
40873,0.001872,172.217.194.0-255,2902,55288,17,255759
40874,0.001906,172.217.194.0-255,2902,58190,17,255759
40875,0.001952,172.217.194.0-255,2184,60374,17,255759
40876,0.002128,172.217.194.0-255,1484,61858,17,255759
40877,0.002135,172.217.194.0-255,2902,64760,17,255759
40878,0.00215,172.217.194.0-255,5738,70498,17,255759
40879,0.002153,172.217.194.0-255,1484,71982,17,255759
40880,0.002173,172.217.194.0-255,4320,76302,17,255759
40881,0.002195,172.217.194.0-255,2902,79204,17,255759
40882,0.00226,172.217.194.0-255,2902,82106,17,255759
40883,0.002274,172.217.194.0-255,2184,84290,17,255759
40884,0.003062,172.31.36.0-255,66,84356,17,255759
40885,0.003626,172.31.36.0-255,101,84457,17,255759
40886,0.00532,172.217.194.0-255,4320,88777,17,255759
40887,0.005326,172.31.36.0-255,66,88843,17,255759
40888,0.005354,172.217.194.0-255,1484,90327,17,255759
40889,0.005805,172.217.194.0-255,66,90393,17,255759
40890,0.007548,172.217.194.0-255,4320,94713,17,255759
40891,0.007553,172.31.36.0-255,66,94779,17,255759
40892,0.009787,172.217.194.0-255,5738,100517,17,255759
40893,0.010011,172.31.36.0-255,66,100583,17,255759
40894,0.012237,172.217.194.0-255,5738,106321,17,255759
40895,0.012248,172.31.36.0-255,66,106387,17,255759
40896,0.014447,172.217.194.0-255,5738,112125,17,255759
40897,0.014462,172.31.36.0-255,66,112191,17,255759
40898,0.016673,172.217.194.0-255,5738,117929,17,255759
40899,0.018015,172.31.36.0-255,66,117995,17,255759
40900,0.020243,172.217.194.0-255,5738,123733,17,255759
40901,0.020264,172.31.36.0-255,66,123799,17,255759
40902,0.022487,172.217.194.0-255,5738,129537,17,255759
40903,0.0225,172.31.36.0-255,66,129603,17,255759
40904,0.024706,172.217.194.0-255,5738,135341,17,255759
40905,0.024715,172.31.36.0-255,66,135407,17,255759
40906,0.026942,172.217.194.0-255,5738,141145,17,255759
40907,0.026956,172.31.36.0-255,66,141211,17,255759
40908,0.029207,172.217.194.0-255,5738,146949,17,255759
40909,0.029222,172.31.36.0-255,66,147015,17,255759
40910,0.031471,172.217.194.0-255,5738,152753,17,255759
40911,0.031486,172.31.36.0-255,66,152819,17,255759
40912,0.033536,172.31.36.0-255,172,152991,17,255759
40913,0.033578,172.31.36.0-255,1116,154107,17,255759
40914,0.033643,172.31.36.0-255,1514,155621,17,255759
40915,0.033645,172.31.36.0-255,1272,156893,17,255759
40916,0.033699,172.217.194.0-255,5738,162631,17,255759
40917,0.033707,172.31.36.0-255,66,162697,17,255759
40918,0.035093,104.244.42.0-255,66,162763,17,255759
40919,0.035124,104.244.42.0-255,66,162829,17,255759
40920,0.035223,104.244.42.0-255,66,162895,17,255759
40921,0.035908,172.217.194.0-255,5738,168633,17,255759
40922,0.035916,172.31.36.0-255,66,168699,17,255759
40923,0.038163,172.217.194.0-255,5738,174437,17,255759
40924,0.038176,172.31.36.0-255,66,174503,17,255759
40925,0.04041,172.217.194.0-255,5738,180241,17,255759
40926,0.040421,172.31.36.0-255,66,180307,17,255759
40927,0.042619,172.217.194.0-255,5738,186045,17,255759
40928,0.042628,172.31.36.0-255,66,186111,17,255759
40929,0.044886,172.217.194.0-255,5738,191849,17,255759
40930,0.044899,172.31.36.0-255,66,191915,17,255759
40931,0.047129,172.217.194.0-255,5738,197653,17,255759
40932,0.047145,172.31.36.0-255,66,197719,17,255759
40933,0.049374,172.217.194.0-255,5738,203457,17,255759
40934,0.049384,172.31.36.0-255,66,203523,17,255759
40935,0.051611,172.217.194.0-255,5738,209261,17,255759
40936,0.051619,172.31.36.0-255,66,209327,17,255759
40937,0.053838,172.217.194.0-255,5738,215065,17,255759
40938,0.053846,172.31.36.0-255,66,215131,17,255759
40939,0.056075,172.217.194.0-255,5738,220869,17,255759
40940,0.056083,172.31.36.0-255,66,220935,17,255759
40941,0.058278,172.217.194.0-255,5738,226673,17,255759
40942,0.058288,172.31.36.0-255,66,226739,17,255759
40943,0.060531,172.217.194.0-255,5738,232477,17,255759
40944,0.060545,172.31.36.0-255,66,232543,17,255759
40945,0.062765,172.217.194.0-255,5738,238281,17,255759
40946,0.062777,172.31.36.0-255,66,238347,17,255759
40947,0.065008,172.217.194.0-255,5738,244085,17,255759
40948,0.06502,172.31.36.0-255,66,244151,17,255759
40949,0.067249,172.217.194.0-255,5738,249889,17,255759
40950,0.06726,172.31.36.0-255,66,249955,17,255759
40951,0.06949,172.217.194.0-255,5738,255693,17,255759
40952,0.069499,172.31.36.0-255,66,255759,17,255759
40953,0.0,172.217.194.0-255,153,153,17,192747
40954,1.7e-05,172.31.36.0-255,66,219,17,192747
40955,2.4e-05,172.217.194.0-255,1484,1703,17,192747
40956,3e-05,172.31.36.0-255,66,1769,17,192747
40957,3.6e-05,172.217.194.0-255,2902,4671,17,192747
40958,4.7e-05,172.31.36.0-255,66,4737,17,192747
40959,5.1e-05,172.217.194.0-255,2902,7639,17,192747
40960,5.6e-05,172.31.36.0-255,66,7705,17,192747
40961,0.000108,172.217.194.0-255,6320,14025,17,192747
40962,0.000111,172.31.36.0-255,66,14091,17,192747
40963,0.003852,172.217.194.0-255,1484,15575,17,192747
40964,0.003861,172.31.36.0-255,66,15641,17,192747
40965,0.003871,172.217.194.0-255,2902,18543,17,192747
40966,0.003874,172.31.36.0-255,66,18609,17,192747
40967,0.003884,172.217.194.0-255,1484,20093,17,192747
40968,0.003886,172.31.36.0-255,66,20159,17,192747
40969,0.006133,172.217.194.0-255,5738,25897,17,192747
40970,0.006143,172.31.36.0-255,66,25963,17,192747
40971,0.008394,172.217.194.0-255,5738,31701,17,192747
40972,0.008409,172.31.36.0-255,66,31767,17,192747
40973,0.010643,172.217.194.0-255,5738,37505,17,192747
40974,0.010653,172.31.36.0-255,66,37571,17,192747
40975,0.012954,172.217.194.0-255,5738,43309,17,192747
40976,0.012965,172.31.36.0-255,66,43375,17,192747
40977,0.015239,172.217.194.0-255,5738,49113,17,192747
40978,0.015251,172.31.36.0-255,66,49179,17,192747
40979,0.017507,172.217.194.0-255,5738,54917,17,192747
40980,0.017518,172.31.36.0-255,66,54983,17,192747
40981,0.019796,172.217.194.0-255,5738,60721,17,192747
40982,0.019807,172.31.36.0-255,66,60787,17,192747
40983,0.022053,172.217.194.0-255,5738,66525,17,192747
40984,0.022061,172.31.36.0-255,66,66591,17,192747
40985,0.023412,172.31.36.0-255,172,66763,17,192747
40986,0.023447,172.31.36.0-255,1117,67880,17,192747
40987,0.023509,172.31.36.0-255,1514,69394,17,192747
40988,0.023511,172.31.36.0-255,1271,70665,17,192747
40989,0.024318,172.217.194.0-255,5738,76403,17,192747
40990,0.024327,172.31.36.0-255,66,76469,17,192747
40991,0.024958,104.244.42.0-255,66,76535,17,192747
40992,0.02501,104.244.42.0-255,66,76601,17,192747
40993,0.025066,104.244.42.0-255,66,76667,17,192747
40994,0.02659,172.217.194.0-255,5738,82405,17,192747
40995,0.026598,172.31.36.0-255,66,82471,17,192747
40996,0.028856,172.217.194.0-255,5738,88209,17,192747
40997,0.028868,172.31.36.0-255,66,88275,17,192747
40998,0.03114,172.217.194.0-255,5738,94013,17,192747
40999,0.031147,172.31.36.0-255,66,94079,17,192747
41000,0.033414,172.217.194.0-255,5738,99817,17,192747
41001,0.033421,172.31.36.0-255,66,99883,17,192747
41002,0.035731,172.217.194.0-255,5738,105621,17,192747
41003,0.035738,172.31.36.0-255,66,105687,17,192747
41004,0.038,172.217.194.0-255,5738,111425,17,192747
41005,0.038006,172.31.36.0-255,66,111491,17,192747
41006,0.040268,172.217.194.0-255,5738,117229,17,192747
41007,0.040284,172.31.36.0-255,66,117295,17,192747
41008,0.042522,172.217.194.0-255,5738,123033,17,192747
41009,0.042533,172.31.36.0-255,66,123099,17,192747
41010,0.044779,172.217.194.0-255,5738,128837,17,192747
41011,0.04479,172.31.36.0-255,66,128903,17,192747
41012,0.047056,172.217.194.0-255,5738,134641,17,192747
41013,0.047069,172.31.36.0-255,66,134707,17,192747
41014,0.049349,172.217.194.0-255,5738,140445,17,192747
41015,0.049359,172.31.36.0-255,66,140511,17,192747
41016,0.05164,172.217.194.0-255,5738,146249,17,192747
41017,0.05165,172.31.36.0-255,66,146315,17,192747
41018,0.053934,172.217.194.0-255,5738,152053,17,192747
41019,0.053941,172.31.36.0-255,66,152119,17,192747
41020,0.056208,172.217.194.0-255,5738,157857,17,192747
41021,0.056216,172.31.36.0-255,66,157923,17,192747
41022,0.0585,172.217.194.0-255,5738,163661,17,192747
41023,0.058509,172.31.36.0-255,66,163727,17,192747
41024,0.060798,172.217.194.0-255,5738,169465,17,192747
41025,0.060806,172.31.36.0-255,66,169531,17,192747
41026,0.063087,172.217.194.0-255,5738,175269,17,192747
41027,0.063097,172.31.36.0-255,66,175335,17,192747
41028,0.065404,172.217.194.0-255,5738,181073,17,192747
41029,0.065411,172.31.36.0-255,66,181139,17,192747
41030,0.067669,172.217.194.0-255,5738,186877,17,192747
41031,0.067675,172.31.36.0-255,66,186943,17,192747
41032,0.069953,172.217.194.0-255,5738,192681,17,192747
41033,0.069959,172.31.36.0-255,66,192747,17,192747
41034,0.0,74.125.24.0-255,153,153,17,150973
41035,1.5e-05,172.31.36.0-255,66,219,17,150973
41036,2.3e-05,74.125.24.0-255,1484,1703,17,150973
41037,2.7e-05,172.31.36.0-255,66,1769,17,150973
41038,4e-05,74.125.24.0-255,2902,4671,17,150973
41039,4.4e-05,172.31.36.0-255,66,4737,17,150973
41040,4.9e-05,74.125.24.0-255,2902,7639,17,150973
41041,5.1e-05,172.31.36.0-255,66,7705,17,150973
41042,8.2e-05,74.125.24.0-255,6326,14031,17,150973
41043,8.5e-05,172.31.36.0-255,66,14097,17,150973
41044,0.000112,74.125.24.0-255,5738,19835,17,150973
41045,0.000115,172.31.36.0-255,66,19901,17,150973
41046,0.000138,74.125.24.0-255,1484,21385,17,150973
41047,0.00014,172.31.36.0-255,66,21451,17,150973
41048,0.000148,74.125.24.0-255,7156,28607,17,150973
41049,0.00015,172.31.36.0-255,66,28673,17,150973
41050,0.00019,172.31.36.0-255,66,28739,17,150973
41051,0.000194,74.125.24.0-255,2543,31282,17,150973
41052,0.000196,172.31.36.0-255,66,31348,17,150973
41053,0.000247,172.31.36.0-255,66,31414,17,150973
41054,0.000272,74.125.24.0-255,2902,34316,17,150973
41055,0.000274,172.31.36.0-255,66,34382,17,150973
41056,0.00028,74.125.24.0-255,2839,37221,17,150973
41057,0.000282,172.31.36.0-255,66,37287,17,150973
41058,0.000318,74.125.24.0-255,383,37670,17,150973
41059,0.00032,172.31.36.0-255,66,37736,17,150973
41060,0.000376,74.125.24.0-255,1484,39220,17,150973
41061,0.000379,172.31.36.0-255,66,39286,17,150973
41062,0.000386,74.125.24.0-255,4320,43606,17,150973
41063,0.000388,172.31.36.0-255,66,43672,17,150973
41064,0.000396,74.125.24.0-255,2902,46574,17,150973
41065,0.000399,172.31.36.0-255,66,46640,17,150973
41066,0.000449,172.31.36.0-255,66,46706,17,150973
41067,0.000457,74.125.24.0-255,7156,53862,17,150973
41068,0.000459,172.31.36.0-255,66,53928,17,150973
41069,0.000492,74.125.24.0-255,5379,59307,17,150973
41070,0.000494,172.31.36.0-255,66,59373,17,150973
41071,0.00058,74.125.24.0-255,1484,60857,17,150973
41072,0.000588,74.125.24.0-255,2902,63759,17,150973
41073,0.000593,172.31.36.0-255,66,63825,17,150973
41074,0.0006,74.125.24.0-255,5738,69563,17,150973
41075,0.00064,74.125.24.0-255,1484,71047,17,150973
41076,0.000724,74.125.24.0-255,1484,72531,17,150973
41077,0.000819,74.125.24.0-255,1484,74015,17,150973
41078,0.000823,74.125.24.0-255,2902,76917,17,150973
41079,0.000831,74.125.24.0-255,5738,82655,17,150973
41080,0.000864,74.125.24.0-255,7156,89811,17,150973
41081,0.000955,74.125.24.0-255,7156,96967,17,150973
41082,0.00096,172.31.36.0-255,66,97033,17,150973
41083,0.000973,172.31.36.0-255,66,97099,17,150973
41084,0.001066,74.125.24.0-255,5738,102837,17,150973
41085,0.001099,74.125.24.0-255,1484,104321,17,150973
41086,0.001101,74.125.24.0-255,1484,105805,17,150973
41087,0.00112,172.31.36.0-255,66,105871,17,150973
41088,0.001125,74.125.24.0-255,1484,107355,17,150973
41089,0.001131,74.125.24.0-255,5738,113093,17,150973
41090,0.001159,74.125.24.0-255,4320,117413,17,150973
41091,0.001179,172.31.36.0-255,66,117479,17,150973
41092,0.001183,74.125.24.0-255,2184,119663,17,150973
41093,0.00123,172.31.36.0-255,66,119729,17,150973
41094,0.001257,74.125.24.0-255,1484,121213,17,150973
41095,0.001263,74.125.24.0-255,2902,124115,17,150973
41096,0.001269,74.125.24.0-255,5738,129853,17,150973
41097,0.001282,74.125.24.0-255,2902,132755,17,150973
41098,0.001307,74.125.24.0-255,2902,135657,17,150973
41099,0.001338,172.31.36.0-255,66,135723,17,150973
41100,0.001405,74.125.24.0-255,2902,138625,17,150973
41101,0.001412,74.125.24.0-255,4320,142945,17,150973
41102,0.001533,172.31.36.0-255,66,143011,17,150973
41103,0.001544,74.125.24.0-255,1484,144495,17,150973
41104,0.001552,74.125.24.0-255,1484,145979,17,150973
41105,0.001558,172.31.36.0-255,66,146045,17,150973
41106,0.00159,74.125.24.0-255,287,146332,17,150973
41107,0.001607,74.125.24.0-255,105,146437,17,150973
41108,0.001637,172.31.36.0-255,66,146503,17,150973
41109,0.006098,172.31.36.0-255,105,146608,17,150973
41110,0.008323,74.125.24.0-255,66,146674,17,150973
41111,0.026132,172.31.36.0-255,199,146873,17,150973
41112,0.026166,172.31.36.0-255,1116,147989,17,150973
41113,0.026249,172.31.36.0-255,1514,149503,17,150973
41114,0.026251,172.31.36.0-255,1272,150775,17,150973
41115,0.027678,104.244.42.0-255,66,150841,17,150973
41116,0.027725,104.244.42.0-255,66,150907,17,150973
41117,0.02778,104.244.42.0-255,66,150973,17,150973
41118,0.0,172.31.36.0-255,105,105,17,235201
41119,0.001764,157.240.13.0-255,105,210,17,235201
41120,0.001776,172.31.36.0-255,66,276,17,235201
41121,0.028685,74.125.200.0-255,150,426,17,235201
41122,0.02872,172.31.36.0-255,66,492,17,235201
41123,0.028727,74.125.200.0-255,1484,1976,17,235201
41124,0.028732,172.31.36.0-255,66,2042,17,235201
41125,0.028738,74.125.200.0-255,2902,4944,17,235201
41126,0.02874,172.31.36.0-255,66,5010,17,235201
41127,0.028746,74.125.200.0-255,5738,10748,17,235201
41128,0.028748,172.31.36.0-255,66,10814,17,235201
41129,0.02876,74.125.200.0-255,1484,12298,17,235201
41130,0.028762,172.31.36.0-255,66,12364,17,235201
41131,0.028779,74.125.200.0-255,2020,14384,17,235201
41132,0.028781,172.31.36.0-255,66,14450,17,235201
41133,0.029899,74.125.200.0-255,1484,15934,17,235201
41134,0.029905,172.31.36.0-255,66,16000,17,235201
41135,0.029924,74.125.200.0-255,1484,17484,17,235201
41136,0.029927,172.31.36.0-255,66,17550,17,235201
41137,0.029931,74.125.200.0-255,1484,19034,17,235201
41138,0.029932,172.31.36.0-255,66,19100,17,235201
41139,0.029946,74.125.200.0-255,1484,20584,17,235201
41140,0.029948,172.31.36.0-255,66,20650,17,235201
41141,0.02997,74.125.200.0-255,5738,26388,17,235201
41142,0.029973,172.31.36.0-255,66,26454,17,235201
41143,0.029976,74.125.200.0-255,1484,27938,17,235201
41144,0.029978,172.31.36.0-255,66,28004,17,235201
41145,0.029982,74.125.200.0-255,2902,30906,17,235201
41146,0.029984,172.31.36.0-255,66,30972,17,235201
41147,0.030023,74.125.200.0-255,3961,34933,17,235201
41148,0.030026,172.31.36.0-255,66,34999,17,235201
41149,0.030046,74.125.200.0-255,4320,39319,17,235201
41150,0.030048,172.31.36.0-255,66,39385,17,235201
41151,0.030069,74.125.200.0-255,5738,45123,17,235201
41152,0.030072,172.31.36.0-255,66,45189,17,235201
41153,0.030088,74.125.200.0-255,3961,49150,17,235201
41154,0.030091,172.31.36.0-255,66,49216,17,235201
41155,0.030145,74.125.200.0-255,1484,50700,17,235201
41156,0.030167,74.125.200.0-255,2902,53602,17,235201
41157,0.030171,172.31.36.0-255,66,53668,17,235201
41158,0.030189,74.125.200.0-255,1484,55152,17,235201
41159,0.030212,74.125.200.0-255,2902,58054,17,235201
41160,0.030215,172.31.36.0-255,66,58120,17,235201
41161,0.030221,74.125.200.0-255,5738,63858,17,235201
41162,0.030224,172.31.36.0-255,66,63924,17,235201
41163,0.030239,74.125.200.0-255,2855,66779,17,235201
41164,0.030242,172.31.36.0-255,66,66845,17,235201
41165,0.030304,74.125.200.0-255,112,66957,17,235201
41166,0.030364,74.125.200.0-255,1484,68441,17,235201
41167,0.030369,172.31.36.0-255,66,68507,17,235201
41168,0.030374,74.125.200.0-255,2902,71409,17,235201
41169,0.030376,172.31.36.0-255,66,71475,17,235201
41170,0.030379,74.125.200.0-255,1484,72959,17,235201
41171,0.030399,74.125.200.0-255,4320,77279,17,235201
41172,0.030401,172.31.36.0-255,66,77345,17,235201
41173,0.030417,74.125.200.0-255,1484,78829,17,235201
41174,0.030432,74.125.200.0-255,1484,80313,17,235201
41175,0.030434,172.31.36.0-255,66,80379,17,235201
41176,0.030452,172.31.36.0-255,66,80445,17,235201
41177,0.030484,74.125.200.0-255,5738,86183,17,235201
41178,0.030487,172.31.36.0-255,66,86249,17,235201
41179,0.030509,74.125.200.0-255,5738,91987,17,235201
41180,0.030512,172.31.36.0-255,66,92053,17,235201
41181,0.030515,74.125.200.0-255,766,92819,17,235201
41182,0.030546,74.125.200.0-255,1484,94303,17,235201
41183,0.030549,172.31.36.0-255,66,94369,17,235201
41184,0.030552,74.125.200.0-255,1484,95853,17,235201
41185,0.030567,74.125.200.0-255,1484,97337,17,235201
41186,0.030569,172.31.36.0-255,66,97403,17,235201
41187,0.030583,74.125.200.0-255,4320,101723,17,235201
41188,0.030585,172.31.36.0-255,66,101789,17,235201
41189,0.030607,74.125.200.0-255,1484,103273,17,235201
41190,0.030614,74.125.200.0-255,7156,110429,17,235201
41191,0.030617,172.31.36.0-255,66,110495,17,235201
41192,0.030644,74.125.200.0-255,7156,117651,17,235201
41193,0.030647,172.31.36.0-255,66,117717,17,235201
41194,0.030663,74.125.200.0-255,1484,119201,17,235201
41195,0.030698,172.31.36.0-255,66,119267,17,235201
41196,0.032655,74.125.200.0-255,5738,125005,17,235201
41197,0.032661,172.31.36.0-255,66,125071,17,235201
41198,0.034623,74.125.200.0-255,5738,130809,17,235201
41199,0.03463,172.31.36.0-255,66,130875,17,235201
41200,0.036593,74.125.200.0-255,5738,136613,17,235201
41201,0.036601,172.31.36.0-255,66,136679,17,235201
41202,0.038577,74.125.200.0-255,5738,142417,17,235201
41203,0.038585,172.31.36.0-255,66,142483,17,235201
41204,0.040559,74.125.200.0-255,5738,148221,17,235201
41205,0.04057,172.31.36.0-255,66,148287,17,235201
41206,0.042527,74.125.200.0-255,5738,154025,17,235201
41207,0.042534,172.31.36.0-255,66,154091,17,235201
41208,0.044499,74.125.200.0-255,5738,159829,17,235201
41209,0.044507,172.31.36.0-255,66,159895,17,235201
41210,0.046468,74.125.200.0-255,5738,165633,17,235201
41211,0.046477,172.31.36.0-255,66,165699,17,235201
41212,0.048435,74.125.200.0-255,5738,171437,17,235201
41213,0.048442,172.31.36.0-255,66,171503,17,235201
41214,0.048787,172.31.36.0-255,172,171675,17,235201
41215,0.048837,172.31.36.0-255,1116,172791,17,235201
41216,0.049008,172.31.36.0-255,1514,174305,17,235201
41217,0.049011,172.31.36.0-255,1272,175577,17,235201
41218,0.050347,104.244.42.0-255,66,175643,17,235201
41219,0.050386,74.125.200.0-255,2902,178545,17,235201
41220,0.050395,172.31.36.0-255,66,178611,17,235201
41221,0.050401,104.244.42.0-255,66,178677,17,235201
41222,0.050452,74.125.200.0-255,2902,181579,17,235201
41223,0.050454,172.31.36.0-255,66,181645,17,235201
41224,0.050607,104.244.42.0-255,66,181711,17,235201
41225,0.052351,74.125.200.0-255,2902,184613,17,235201
41226,0.05236,172.31.36.0-255,66,184679,17,235201
41227,0.052398,74.125.200.0-255,2902,187581,17,235201
41228,0.052402,172.31.36.0-255,66,187647,17,235201
41229,0.054316,74.125.200.0-255,2902,190549,17,235201
41230,0.054321,172.31.36.0-255,66,190615,17,235201
41231,0.054342,74.125.200.0-255,2902,193517,17,235201
41232,0.054346,172.31.36.0-255,66,193583,17,235201
41233,0.056279,74.125.200.0-255,2902,196485,17,235201
41234,0.056284,172.31.36.0-255,66,196551,17,235201
41235,0.056313,74.125.200.0-255,2902,199453,17,235201
41236,0.056316,172.31.36.0-255,66,199519,17,235201
41237,0.05827,74.125.200.0-255,2902,202421,17,235201
41238,0.058276,172.31.36.0-255,66,202487,17,235201
41239,0.058308,74.125.200.0-255,2902,205389,17,235201
41240,0.058311,172.31.36.0-255,66,205455,17,235201
41241,0.06023,74.125.200.0-255,2902,208357,17,235201
41242,0.060235,172.31.36.0-255,66,208423,17,235201
41243,0.06027,74.125.200.0-255,2902,211325,17,235201
41244,0.060272,172.31.36.0-255,66,211391,17,235201
41245,0.062188,74.125.200.0-255,2902,214293,17,235201
41246,0.062194,172.31.36.0-255,66,214359,17,235201
41247,0.062214,74.125.200.0-255,2902,217261,17,235201
41248,0.062217,172.31.36.0-255,66,217327,17,235201
41249,0.064146,74.125.200.0-255,2902,220229,17,235201
41250,0.064152,172.31.36.0-255,66,220295,17,235201
41251,0.064172,74.125.200.0-255,2902,223197,17,235201
41252,0.064174,172.31.36.0-255,66,223263,17,235201
41253,0.066106,74.125.200.0-255,2902,226165,17,235201
41254,0.066112,172.31.36.0-255,66,226231,17,235201
41255,0.06613,74.125.200.0-255,1484,227715,17,235201
41256,0.066144,74.125.200.0-255,1484,229199,17,235201
41257,0.066146,172.31.36.0-255,66,229265,17,235201
41258,0.068071,74.125.200.0-255,2902,232167,17,235201
41259,0.068077,172.31.36.0-255,66,232233,17,235201
41260,0.068111,74.125.200.0-255,2902,235135,17,235201
41261,0.068115,172.31.36.0-255,66,235201,17,235201
41262,0.0,74.125.130.0-255,149,149,17,318648
41263,2.4e-05,172.31.36.0-255,66,215,17,318648
41264,3.1e-05,74.125.130.0-255,1484,1699,17,318648
41265,3.5e-05,172.31.36.0-255,66,1765,17,318648
41266,4.1e-05,74.125.130.0-255,2902,4667,17,318648
41267,5.5e-05,172.31.36.0-255,66,4733,17,318648
41268,6e-05,74.125.130.0-255,4320,9053,17,318648
41269,6.3e-05,172.31.36.0-255,66,9119,17,318648
41270,7e-05,74.125.130.0-255,4777,13896,17,318648
41271,7.2e-05,172.31.36.0-255,66,13962,17,318648
41272,7.7e-05,74.125.130.0-255,4320,18282,17,318648
41273,8.1e-05,172.31.36.0-255,66,18348,17,318648
41274,0.000116,74.125.130.0-255,7156,25504,17,318648
41275,0.000119,172.31.36.0-255,66,25570,17,318648
41276,0.000126,74.125.130.0-255,5379,30949,17,318648
41277,0.000129,172.31.36.0-255,66,31015,17,318648
41278,0.000181,74.125.130.0-255,1484,32499,17,318648
41279,0.000184,172.31.36.0-255,66,32565,17,318648
41280,0.000189,74.125.130.0-255,2902,35467,17,318648
41281,0.000192,172.31.36.0-255,66,35533,17,318648
41282,0.000238,74.125.130.0-255,5738,41271,17,318648
41283,0.000242,172.31.36.0-255,66,41337,17,318648
41284,0.000253,172.31.36.0-255,66,41403,17,318648
41285,0.000286,74.125.130.0-255,5379,46782,17,318648
41286,0.000289,172.31.36.0-255,66,46848,17,318648
41287,0.000295,74.125.130.0-255,4320,51168,17,318648
41288,0.000297,172.31.36.0-255,66,51234,17,318648
41289,0.000322,74.125.130.0-255,5379,56613,17,318648
41290,0.000325,172.31.36.0-255,66,56679,17,318648
41291,0.000345,74.125.130.0-255,376,57055,17,318648
41292,0.000347,172.31.36.0-255,66,57121,17,318648
41293,0.000453,74.125.130.0-255,367,57488,17,318648
41294,0.000733,74.125.130.0-255,1484,58972,17,318648
41295,0.000738,172.31.36.0-255,66,59038,17,318648
41296,0.000744,74.125.130.0-255,2902,61940,17,318648
41297,0.000747,172.31.36.0-255,66,62006,17,318648
41298,0.000752,74.125.130.0-255,4320,66326,17,318648
41299,0.00076,172.31.36.0-255,66,66392,17,318648
41300,0.000768,74.125.130.0-255,7156,73548,17,318648
41301,0.00077,172.31.36.0-255,66,73614,17,318648
41302,0.000798,74.125.130.0-255,1484,75098,17,318648
41303,0.000811,172.31.36.0-255,66,75164,17,318648
41304,0.000847,172.31.36.0-255,66,75230,17,318648
41305,0.000967,74.125.130.0-255,1484,76714,17,318648
41306,0.000973,74.125.130.0-255,2902,79616,17,318648
41307,0.000976,172.31.36.0-255,66,79682,17,318648
41308,0.001007,74.125.130.0-255,5738,85420,17,318648
41309,0.00101,172.31.36.0-255,66,85486,17,318648
41310,0.001016,74.125.130.0-255,4320,89806,17,318648
41311,0.001018,172.31.36.0-255,66,89872,17,318648
41312,0.001029,74.125.130.0-255,5738,95610,17,318648
41313,0.001032,172.31.36.0-255,66,95676,17,318648
41314,0.001036,74.125.130.0-255,2902,98578,17,318648
41315,0.001038,172.31.36.0-255,66,98644,17,318648
41316,0.001083,172.31.36.0-255,66,98710,17,318648
41317,0.001088,74.125.130.0-255,2184,100894,17,318648
41318,0.00109,172.31.36.0-255,66,100960,17,318648
41319,0.001661,74.125.130.0-255,1484,102444,17,318648
41320,0.001667,74.125.130.0-255,2902,105346,17,318648
41321,0.00167,172.31.36.0-255,66,105412,17,318648
41322,0.001676,74.125.130.0-255,2902,108314,17,318648
41323,0.001678,172.31.36.0-255,66,108380,17,318648
41324,0.001701,74.125.130.0-255,2902,111282,17,318648
41325,0.001703,172.31.36.0-255,66,111348,17,318648
41326,0.001716,172.31.36.0-255,66,111414,17,318648
41327,0.001741,74.125.130.0-255,1484,112898,17,318648
41328,0.001747,74.125.130.0-255,5738,118636,17,318648
41329,0.001749,172.31.36.0-255,66,118702,17,318648
41330,0.00177,74.125.130.0-255,5020,123722,17,318648
41331,0.001773,172.31.36.0-255,66,123788,17,318648
41332,0.001776,74.125.130.0-255,1484,125272,17,318648
41333,0.001812,74.125.130.0-255,4320,129592,17,318648
41334,0.001815,172.31.36.0-255,66,129658,17,318648
41335,0.001826,172.31.36.0-255,66,129724,17,318648
41336,0.001852,74.125.130.0-255,2902,132626,17,318648
41337,0.001855,172.31.36.0-255,66,132692,17,318648
41338,0.001871,172.31.36.0-255,66,132758,17,318648
41339,0.001873,74.125.130.0-255,766,133524,17,318648
41340,0.00193,74.125.130.0-255,1484,135008,17,318648
41341,0.001933,172.31.36.0-255,66,135074,17,318648
41342,0.001939,74.125.130.0-255,2902,137976,17,318648
41343,0.001941,172.31.36.0-255,66,138042,17,318648
41344,0.001973,74.125.130.0-255,5738,143780,17,318648
41345,0.001976,172.31.36.0-255,66,143846,17,318648
41346,0.001996,172.31.36.0-255,66,143912,17,318648
41347,0.002067,172.31.36.0-255,66,143978,17,318648
41348,0.002121,74.125.130.0-255,1484,145462,17,318648
41349,0.002155,74.125.130.0-255,2902,148364,17,318648
41350,0.002159,172.31.36.0-255,66,148430,17,318648
41351,0.002165,74.125.130.0-255,5738,154168,17,318648
41352,0.002167,172.31.36.0-255,66,154234,17,318648
41353,0.002188,172.31.36.0-255,66,154300,17,318648
41354,0.002218,74.125.130.0-255,2902,157202,17,318648
41355,0.00222,172.31.36.0-255,66,157268,17,318648
41356,0.002227,74.125.130.0-255,5738,163006,17,318648
41357,0.002229,172.31.36.0-255,66,163072,17,318648
41358,0.002256,74.125.130.0-255,5020,168092,17,318648
41359,0.002259,172.31.36.0-255,66,168158,17,318648
41360,0.004518,74.125.130.0-255,5738,173896,17,318648
41361,0.004539,172.31.36.0-255,66,173962,17,318648
41362,0.006808,74.125.130.0-255,5738,179700,17,318648
41363,0.006825,172.31.36.0-255,66,179766,17,318648
41364,0.009079,74.125.130.0-255,5738,185504,17,318648
41365,0.009088,172.31.36.0-255,66,185570,17,318648
41366,0.011335,74.125.130.0-255,2902,188472,17,318648
41367,0.01134,172.31.36.0-255,66,188538,17,318648
41368,0.011358,74.125.130.0-255,2902,191440,17,318648
41369,0.011361,172.31.36.0-255,66,191506,17,318648
41370,0.013603,74.125.130.0-255,5738,197244,17,318648
41371,0.01362,172.31.36.0-255,66,197310,17,318648
41372,0.015896,74.125.130.0-255,5738,203048,17,318648
41373,0.015913,172.31.36.0-255,66,203114,17,318648
41374,0.018189,74.125.130.0-255,5738,208852,17,318648
41375,0.018201,172.31.36.0-255,66,208918,17,318648
41376,0.020444,74.125.130.0-255,5738,214656,17,318648
41377,0.020454,172.31.36.0-255,66,214722,17,318648
41378,0.022711,74.125.130.0-255,5738,220460,17,318648
41379,0.02272,172.31.36.0-255,66,220526,17,318648
41380,0.025,74.125.130.0-255,5738,226264,17,318648
41381,0.025009,172.31.36.0-255,66,226330,17,318648
41382,0.027277,74.125.130.0-255,5738,232068,17,318648
41383,0.02729,172.31.36.0-255,66,232134,17,318648
41384,0.029549,74.125.130.0-255,5738,237872,17,318648
41385,0.029556,172.31.36.0-255,66,237938,17,318648
41386,0.031828,74.125.130.0-255,5738,243676,17,318648
41387,0.031837,172.31.36.0-255,66,243742,17,318648
41388,0.034096,74.125.130.0-255,5738,249480,17,318648
41389,0.034105,172.31.36.0-255,66,249546,17,318648
41390,0.036345,74.125.130.0-255,5738,255284,17,318648
41391,0.036352,172.31.36.0-255,66,255350,17,318648
41392,0.038623,74.125.130.0-255,5738,261088,17,318648
41393,0.038633,172.31.36.0-255,66,261154,17,318648
41394,0.040428,172.31.36.0-255,172,261326,17,318648
41395,0.040461,172.31.36.0-255,1117,262443,17,318648
41396,0.040522,172.31.36.0-255,1514,263957,17,318648
41397,0.040524,172.31.36.0-255,1271,265228,17,318648
41398,0.040885,74.125.130.0-255,5738,270966,17,318648
41399,0.040892,172.31.36.0-255,66,271032,17,318648
41400,0.041973,104.244.42.0-255,66,271098,17,318648
41401,0.042052,104.244.42.0-255,66,271164,17,318648
41402,0.042108,104.244.42.0-255,66,271230,17,318648
41403,0.043149,74.125.130.0-255,5738,276968,17,318648
41404,0.043155,172.31.36.0-255,66,277034,17,318648
41405,0.045391,74.125.130.0-255,5738,282772,17,318648
41406,0.045397,172.31.36.0-255,66,282838,17,318648
41407,0.047645,74.125.130.0-255,5738,288576,17,318648
41408,0.047653,172.31.36.0-255,66,288642,17,318648
41409,0.049913,74.125.130.0-255,5738,294380,17,318648
41410,0.04992,172.31.36.0-255,66,294446,17,318648
41411,0.052178,74.125.130.0-255,5738,300184,17,318648
41412,0.052185,172.31.36.0-255,66,300250,17,318648
41413,0.054437,74.125.130.0-255,5738,305988,17,318648
41414,0.054446,172.31.36.0-255,66,306054,17,318648
41415,0.056715,74.125.130.0-255,5738,311792,17,318648
41416,0.056723,172.31.36.0-255,66,311858,17,318648
41417,0.059027,74.125.130.0-255,5738,317596,17,318648
41418,0.059037,172.31.36.0-255,66,317662,17,318648
41419,0.061269,74.125.130.0-255,749,318411,17,318648
41420,0.061426,172.31.36.0-255,66,318477,17,318648
41421,0.061466,172.31.36.0-255,105,318582,17,318648
41422,0.06369,74.125.130.0-255,66,318648,17,318648
41423,0.0,74.125.24.0-255,152,152,17,315146
41424,2e-05,172.31.36.0-255,66,218,17,315146
41425,2.7e-05,74.125.24.0-255,1484,1702,17,315146
41426,3.1e-05,172.31.36.0-255,66,1768,17,315146
41427,3.5e-05,74.125.24.0-255,1484,3252,17,315146
41428,3.7e-05,172.31.36.0-255,66,3318,17,315146
41429,5.2e-05,74.125.24.0-255,4320,7638,17,315146
41430,5.5e-05,172.31.36.0-255,66,7704,17,315146
41431,9.1e-05,74.125.24.0-255,2902,10606,17,315146
41432,9.4e-05,172.31.36.0-255,66,10672,17,315146
41433,0.000114,74.125.24.0-255,3418,14090,17,315146
41434,0.000121,172.31.36.0-255,66,14156,17,315146
41435,0.000125,74.125.24.0-255,1484,15640,17,315146
41436,0.000127,172.31.36.0-255,66,15706,17,315146
41437,0.000131,74.125.24.0-255,2902,18608,17,315146
41438,0.000133,172.31.36.0-255,66,18674,17,315146
41439,0.000141,74.125.24.0-255,5738,24412,17,315146
41440,0.000144,172.31.36.0-255,66,24478,17,315146
41441,0.000147,74.125.24.0-255,1484,25962,17,315146
41442,0.000148,172.31.36.0-255,66,26028,17,315146
41443,0.000188,74.125.24.0-255,5379,31407,17,315146
41444,0.000191,172.31.36.0-255,66,31473,17,315146
41445,0.000197,74.125.24.0-255,4320,35793,17,315146
41446,0.000199,172.31.36.0-255,66,35859,17,315146
41447,0.000233,74.125.24.0-255,2902,38761,17,315146
41448,0.000236,172.31.36.0-255,66,38827,17,315146
41449,0.000247,172.31.36.0-255,66,38893,17,315146
41450,0.000255,74.125.24.0-255,1125,40018,17,315146
41451,0.000257,172.31.36.0-255,66,40084,17,315146
41452,0.000304,74.125.24.0-255,1484,41568,17,315146
41453,0.000307,172.31.36.0-255,66,41634,17,315146
41454,0.000344,74.125.24.0-255,2902,44536,17,315146
41455,0.000347,172.31.36.0-255,66,44602,17,315146
41456,0.000354,74.125.24.0-255,5738,50340,17,315146
41457,0.000356,172.31.36.0-255,66,50406,17,315146
41458,0.000369,74.125.24.0-255,6797,57203,17,315146
41459,0.000371,172.31.36.0-255,66,57269,17,315146
41460,0.000401,74.125.24.0-255,403,57672,17,315146
41461,0.000434,74.125.24.0-255,373,58045,17,315146
41462,0.000801,74.125.24.0-255,1484,59529,17,315146
41463,0.000808,172.31.36.0-255,66,59595,17,315146
41464,0.000814,74.125.24.0-255,2902,62497,17,315146
41465,0.000816,172.31.36.0-255,66,62563,17,315146
41466,0.000822,74.125.24.0-255,5738,68301,17,315146
41467,0.000824,172.31.36.0-255,66,68367,17,315146
41468,0.000897,172.31.36.0-255,66,68433,17,315146
41469,0.000914,172.31.36.0-255,66,68499,17,315146
41470,0.000919,74.125.24.0-255,2184,70683,17,315146
41471,0.000921,172.31.36.0-255,66,70749,17,315146
41472,0.000954,74.125.24.0-255,2902,73651,17,315146
41473,0.000957,172.31.36.0-255,66,73717,17,315146
41474,0.000963,74.125.24.0-255,4320,78037,17,315146
41475,0.000966,172.31.36.0-255,66,78103,17,315146
41476,0.001013,74.125.24.0-255,2902,81005,17,315146
41477,0.001017,172.31.36.0-255,66,81071,17,315146
41478,0.001024,74.125.24.0-255,5738,86809,17,315146
41479,0.001026,172.31.36.0-255,66,86875,17,315146
41480,0.001045,172.31.36.0-255,66,86941,17,315146
41481,0.001052,74.125.24.0-255,3602,90543,17,315146
41482,0.001054,172.31.36.0-255,66,90609,17,315146
41483,0.00106,74.125.24.0-255,4320,94929,17,315146
41484,0.001062,172.31.36.0-255,66,94995,17,315146
41485,0.001067,74.125.24.0-255,4320,99315,17,315146
41486,0.001069,172.31.36.0-255,66,99381,17,315146
41487,0.001077,74.125.24.0-255,7156,106537,17,315146
41488,0.001079,172.31.36.0-255,66,106603,17,315146
41489,0.001118,74.125.24.0-255,2902,109505,17,315146
41490,0.001121,172.31.36.0-255,66,109571,17,315146
41491,0.001134,172.31.36.0-255,66,109637,17,315146
41492,0.001158,74.125.24.0-255,5020,114657,17,315146
41493,0.00116,172.31.36.0-255,66,114723,17,315146
41494,0.003139,74.125.24.0-255,5738,120461,17,315146
41495,0.003146,172.31.36.0-255,66,120527,17,315146
41496,0.005121,74.125.24.0-255,4320,124847,17,315146
41497,0.005125,172.31.36.0-255,66,124913,17,315146
41498,0.00515,74.125.24.0-255,1484,126397,17,315146
41499,0.007097,74.125.24.0-255,4320,130717,17,315146
41500,0.007103,172.31.36.0-255,66,130783,17,315146
41501,0.009117,74.125.24.0-255,5738,136521,17,315146
41502,0.009124,172.31.36.0-255,66,136587,17,315146
41503,0.011138,74.125.24.0-255,5738,142325,17,315146
41504,0.011146,172.31.36.0-255,66,142391,17,315146
41505,0.013112,74.125.24.0-255,5738,148129,17,315146
41506,0.013119,172.31.36.0-255,66,148195,17,315146
41507,0.01511,74.125.24.0-255,5738,153933,17,315146
41508,0.015124,172.31.36.0-255,66,153999,17,315146
41509,0.017132,74.125.24.0-255,5738,159737,17,315146
41510,0.01715,172.31.36.0-255,66,159803,17,315146
41511,0.019165,74.125.24.0-255,5738,165541,17,315146
41512,0.019184,172.31.36.0-255,66,165607,17,315146
41513,0.021214,74.125.24.0-255,5738,171345,17,315146
41514,0.021226,172.31.36.0-255,66,171411,17,315146
41515,0.023205,74.125.24.0-255,5738,177149,17,315146
41516,0.023219,172.31.36.0-255,66,177215,17,315146
41517,0.025212,74.125.24.0-255,5738,182953,17,315146
41518,0.025227,172.31.36.0-255,66,183019,17,315146
41519,0.027225,74.125.24.0-255,5738,188757,17,315146
41520,0.027237,172.31.36.0-255,66,188823,17,315146
41521,0.029225,74.125.24.0-255,5738,194561,17,315146
41522,0.029239,172.31.36.0-255,66,194627,17,315146
41523,0.031251,74.125.24.0-255,5738,200365,17,315146
41524,0.031265,172.31.36.0-255,66,200431,17,315146
41525,0.033267,74.125.24.0-255,5738,206169,17,315146
41526,0.03328,172.31.36.0-255,66,206235,17,315146
41527,0.035266,74.125.24.0-255,5738,211973,17,315146
41528,0.035275,172.31.36.0-255,66,212039,17,315146
41529,0.035725,172.31.36.0-255,172,212211,17,315146
41530,0.035757,172.31.36.0-255,1116,213327,17,315146
41531,0.035806,172.31.36.0-255,1514,214841,17,315146
41532,0.035808,172.31.36.0-255,1272,216113,17,315146
41533,0.037248,74.125.24.0-255,5738,221851,17,315146
41534,0.037259,172.31.36.0-255,66,221917,17,315146
41535,0.03729,104.244.42.0-255,66,221983,17,315146
41536,0.037322,104.244.42.0-255,66,222049,17,315146
41537,0.037374,104.244.42.0-255,66,222115,17,315146
41538,0.039235,74.125.24.0-255,5738,227853,17,315146
41539,0.039244,172.31.36.0-255,66,227919,17,315146
41540,0.041256,74.125.24.0-255,5738,233657,17,315146
41541,0.041266,172.31.36.0-255,66,233723,17,315146
41542,0.043274,74.125.24.0-255,5738,239461,17,315146
41543,0.043293,172.31.36.0-255,66,239527,17,315146
41544,0.045292,74.125.24.0-255,5738,245265,17,315146
41545,0.045305,172.31.36.0-255,66,245331,17,315146
41546,0.04729,74.125.24.0-255,5738,251069,17,315146
41547,0.047301,172.31.36.0-255,66,251135,17,315146
41548,0.049282,74.125.24.0-255,5738,256873,17,315146
41549,0.049292,172.31.36.0-255,66,256939,17,315146
41550,0.049492,172.31.36.0-255,101,257040,17,315146
41551,0.051272,74.125.24.0-255,5738,262778,17,315146
41552,0.051281,172.31.36.0-255,66,262844,17,315146
41553,0.05143,74.125.24.0-255,66,262910,17,315146
41554,0.053287,74.125.24.0-255,5738,268648,17,315146
41555,0.053295,172.31.36.0-255,66,268714,17,315146
41556,0.055273,74.125.24.0-255,5738,274452,17,315146
41557,0.055281,172.31.36.0-255,66,274518,17,315146
41558,0.057258,74.125.24.0-255,5738,280256,17,315146
41559,0.05727,172.31.36.0-255,66,280322,17,315146
41560,0.059274,74.125.24.0-255,5738,286060,17,315146
41561,0.059284,172.31.36.0-255,66,286126,17,315146
41562,0.061271,74.125.24.0-255,5738,291864,17,315146
41563,0.061281,172.31.36.0-255,66,291930,17,315146
41564,0.063267,74.125.24.0-255,5738,297668,17,315146
41565,0.063276,172.31.36.0-255,66,297734,17,315146
41566,0.065261,74.125.24.0-255,5738,303472,17,315146
41567,0.06527,172.31.36.0-255,66,303538,17,315146
41568,0.06725,74.125.24.0-255,5738,309276,17,315146
41569,0.067256,172.31.36.0-255,66,309342,17,315146
41570,0.069236,74.125.24.0-255,5738,315080,17,315146
41571,0.069243,172.31.36.0-255,66,315146,17,315146
41572,0.0,172.217.24.0-255,291,291,17,289851
41573,1.5e-05,172.31.36.0-255,66,357,17,289851
41574,2.2e-05,172.217.24.0-255,1484,1841,17,289851
41575,2.6e-05,172.31.36.0-255,66,1907,17,289851
41576,3.3e-05,172.217.24.0-255,4320,6227,17,289851
41577,4.4e-05,172.31.36.0-255,66,6293,17,289851
41578,5e-05,172.217.24.0-255,4320,10613,17,289851
41579,5.3e-05,172.31.36.0-255,66,10679,17,289851
41580,8.7e-05,172.217.24.0-255,3276,13955,17,289851
41581,9e-05,172.31.36.0-255,66,14021,17,289851
41582,0.000113,172.217.24.0-255,1484,15505,17,289851
41583,0.000117,172.31.36.0-255,66,15571,17,289851
41584,0.000121,172.217.24.0-255,2902,18473,17,289851
41585,0.000123,172.31.36.0-255,66,18539,17,289851
41586,0.000128,172.217.24.0-255,2902,21441,17,289851
41587,0.00013,172.31.36.0-255,66,21507,17,289851
41588,0.000158,172.217.24.0-255,2902,24409,17,289851
41589,0.000165,172.31.36.0-255,66,24475,17,289851
41590,0.000171,172.217.24.0-255,4320,28795,17,289851
41591,0.000173,172.31.36.0-255,66,28861,17,289851
41592,0.000199,172.217.24.0-255,2543,31404,17,289851
41593,0.000202,172.31.36.0-255,66,31470,17,289851
41594,0.000554,172.217.24.0-255,1484,32954,17,289851
41595,0.000561,172.31.36.0-255,66,33020,17,289851
41596,0.000567,172.217.24.0-255,2902,35922,17,289851
41597,0.000569,172.31.36.0-255,66,35988,17,289851
41598,0.00058,172.217.24.0-255,4320,40308,17,289851
41599,0.000583,172.31.36.0-255,66,40374,17,289851
41600,0.000621,172.31.36.0-255,66,40440,17,289851
41601,0.000634,172.31.36.0-255,66,40506,17,289851
41602,0.000666,172.217.24.0-255,3961,44467,17,289851
41603,0.000669,172.31.36.0-255,66,44533,17,289851
41604,0.000812,172.217.24.0-255,352,44885,17,289851
41605,0.001101,172.31.36.0-255,66,44951,17,289851
41606,0.001218,172.217.24.0-255,391,45342,17,289851
41607,0.001445,172.217.24.0-255,1484,46826,17,289851
41608,0.001451,172.31.36.0-255,66,46892,17,289851
41609,0.001458,172.217.24.0-255,2902,49794,17,289851
41610,0.00146,172.31.36.0-255,66,49860,17,289851
41611,0.001491,172.217.24.0-255,5738,55598,17,289851
41612,0.001493,172.31.36.0-255,66,55664,17,289851
41613,0.001498,172.217.24.0-255,2902,58566,17,289851
41614,0.0015,172.31.36.0-255,66,58632,17,289851
41615,0.001505,172.217.24.0-255,3961,62593,17,289851
41616,0.001507,172.31.36.0-255,66,62659,17,289851
41617,0.001522,172.31.36.0-255,66,62725,17,289851
41618,0.001546,172.217.24.0-255,1484,64209,17,289851
41619,0.001573,172.217.24.0-255,6797,71006,17,289851
41620,0.001576,172.31.36.0-255,66,71072,17,289851
41621,0.00167,172.217.24.0-255,1484,72556,17,289851
41622,0.001677,172.217.24.0-255,2902,75458,17,289851
41623,0.00168,172.31.36.0-255,66,75524,17,289851
41624,0.001685,172.217.24.0-255,2902,78426,17,289851
41625,0.001687,172.31.36.0-255,66,78492,17,289851
41626,0.001705,172.217.24.0-255,1484,79976,17,289851
41627,0.001719,172.31.36.0-255,66,80042,17,289851
41628,0.001753,172.31.36.0-255,66,80108,17,289851
41629,0.001776,172.217.24.0-255,5889,85997,17,289851
41630,0.001778,172.31.36.0-255,66,86063,17,289851
41631,0.003759,172.217.24.0-255,5738,91801,17,289851
41632,0.00377,172.31.36.0-255,66,91867,17,289851
41633,0.005755,172.217.24.0-255,5738,97605,17,289851
41634,0.005763,172.31.36.0-255,66,97671,17,289851
41635,0.00773,172.217.24.0-255,5738,103409,17,289851
41636,0.007734,172.31.36.0-255,66,103475,17,289851
41637,0.009707,172.217.24.0-255,5738,109213,17,289851
41638,0.009714,172.31.36.0-255,66,109279,17,289851
41639,0.011691,172.217.24.0-255,5738,115017,17,289851
41640,0.011698,172.31.36.0-255,66,115083,17,289851
41641,0.013684,172.217.24.0-255,5738,120821,17,289851
41642,0.013693,172.31.36.0-255,66,120887,17,289851
41643,0.015687,172.217.24.0-255,5738,126625,17,289851
41644,0.015701,172.31.36.0-255,66,126691,17,289851
41645,0.017688,172.217.24.0-255,5738,132429,17,289851
41646,0.017699,172.31.36.0-255,66,132495,17,289851
41647,0.019696,172.217.24.0-255,5738,138233,17,289851
41648,0.019708,172.31.36.0-255,66,138299,17,289851
41649,0.021697,172.217.24.0-255,5738,144037,17,289851
41650,0.021708,172.31.36.0-255,66,144103,17,289851
41651,0.023691,172.217.24.0-255,5738,149841,17,289851
41652,0.023699,172.31.36.0-255,66,149907,17,289851
41653,0.025684,172.217.24.0-255,5738,155645,17,289851
41654,0.025691,172.31.36.0-255,66,155711,17,289851
41655,0.02719,172.31.36.0-255,172,155883,17,289851
41656,0.027224,172.31.36.0-255,1118,157001,17,289851
41657,0.027326,172.31.36.0-255,1514,158515,17,289851
41658,0.027329,172.31.36.0-255,1514,160029,17,289851
41659,0.027334,172.31.36.0-255,1514,161543,17,289851
41660,0.027335,172.31.36.0-255,1048,162591,17,289851
41661,0.027663,172.217.24.0-255,5738,168329,17,289851
41662,0.02767,172.31.36.0-255,66,168395,17,289851
41663,0.028771,104.244.42.0-255,66,168461,17,289851
41664,0.028799,104.244.42.0-255,66,168527,17,289851
41665,0.028901,104.244.42.0-255,66,168593,17,289851
41666,0.028915,104.244.42.0-255,66,168659,17,289851
41667,0.029645,172.217.24.0-255,5738,174397,17,289851
41668,0.02965,172.31.36.0-255,66,174463,17,289851
41669,0.031621,172.217.24.0-255,5738,180201,17,289851
41670,0.031627,172.31.36.0-255,66,180267,17,289851
41671,0.0337,172.217.24.0-255,5738,186005,17,289851
41672,0.033707,172.31.36.0-255,66,186071,17,289851
41673,0.035805,172.217.24.0-255,2902,188973,17,289851
41674,0.035812,172.31.36.0-255,66,189039,17,289851
41675,0.035843,172.217.24.0-255,2902,191941,17,289851
41676,0.035846,172.31.36.0-255,66,192007,17,289851
41677,0.03779,172.217.24.0-255,2902,194909,17,289851
41678,0.037797,172.31.36.0-255,66,194975,17,289851
41679,0.037827,172.217.24.0-255,2902,197877,17,289851
41680,0.03783,172.31.36.0-255,66,197943,17,289851
41681,0.039776,172.217.24.0-255,2902,200845,17,289851
41682,0.039785,172.31.36.0-255,66,200911,17,289851
41683,0.039815,172.217.24.0-255,2902,203813,17,289851
41684,0.03982,172.31.36.0-255,66,203879,17,289851
41685,0.041772,172.217.24.0-255,2902,206781,17,289851
41686,0.041779,172.31.36.0-255,66,206847,17,289851
41687,0.041808,172.217.24.0-255,2902,209749,17,289851
41688,0.041811,172.31.36.0-255,66,209815,17,289851
41689,0.043761,172.217.24.0-255,2902,212717,17,289851
41690,0.043767,172.31.36.0-255,66,212783,17,289851
41691,0.043796,172.217.24.0-255,2902,215685,17,289851
41692,0.0438,172.31.36.0-255,66,215751,17,289851
41693,0.045757,172.217.24.0-255,5738,221489,17,289851
41694,0.045763,172.31.36.0-255,66,221555,17,289851
41695,0.047806,172.217.24.0-255,5738,227293,17,289851
41696,0.047811,172.31.36.0-255,66,227359,17,289851
41697,0.049793,172.217.24.0-255,5738,233097,17,289851
41698,0.0498,172.31.36.0-255,66,233163,17,289851
41699,0.051823,172.217.24.0-255,5738,238901,17,289851
41700,0.05183,172.31.36.0-255,66,238967,17,289851
41701,0.053807,172.217.24.0-255,5738,244705,17,289851
41702,0.053815,172.31.36.0-255,66,244771,17,289851
41703,0.055806,172.217.24.0-255,5738,250509,17,289851
41704,0.055813,172.31.36.0-255,66,250575,17,289851
41705,0.057795,172.217.24.0-255,4320,254895,17,289851
41706,0.057801,172.31.36.0-255,66,254961,17,289851
41707,0.05783,172.217.24.0-255,1484,256445,17,289851
41708,0.059789,172.217.24.0-255,4320,260765,17,289851
41709,0.059795,172.31.36.0-255,66,260831,17,289851
41710,0.061777,172.217.24.0-255,5738,266569,17,289851
41711,0.061784,172.31.36.0-255,66,266635,17,289851
41712,0.063767,172.217.24.0-255,5738,272373,17,289851
41713,0.063773,172.31.36.0-255,66,272439,17,289851
41714,0.065769,172.217.24.0-255,5738,278177,17,289851
41715,0.065776,172.31.36.0-255,66,278243,17,289851
41716,0.067763,172.217.24.0-255,5738,283981,17,289851
41717,0.06777,172.31.36.0-255,66,284047,17,289851
41718,0.069749,172.217.24.0-255,5738,289785,17,289851
41719,0.06977,172.31.36.0-255,66,289851,17,289851
41720,0.0,74.125.24.0-255,150,150,17,294359
41721,2.3e-05,172.31.36.0-255,66,216,17,294359
41722,3.1e-05,74.125.24.0-255,1484,1700,17,294359
41723,3.6e-05,172.31.36.0-255,66,1766,17,294359
41724,3.9e-05,74.125.24.0-255,1484,3250,17,294359
41725,4.2e-05,172.31.36.0-255,66,3316,17,294359
41726,4.6e-05,74.125.24.0-255,1484,4800,17,294359
41727,4.9e-05,172.31.36.0-255,66,4866,17,294359
41728,7.4e-05,74.125.24.0-255,1484,6350,17,294359
41729,7.6e-05,172.31.36.0-255,66,6416,17,294359
41730,8.5e-05,74.125.24.0-255,5738,12154,17,294359
41731,8.9e-05,172.31.36.0-255,66,12220,17,294359
41732,9.3e-05,74.125.24.0-255,2077,14297,17,294359
41733,9.5e-05,172.31.36.0-255,66,14363,17,294359
41734,0.000133,172.31.36.0-255,66,14429,17,294359
41735,0.000141,74.125.24.0-255,6797,21226,17,294359
41736,0.000143,172.31.36.0-255,66,21292,17,294359
41737,0.00023,74.125.24.0-255,1484,22776,17,294359
41738,0.000233,172.31.36.0-255,66,22842,17,294359
41739,0.000265,74.125.24.0-255,2902,25744,17,294359
41740,0.000268,172.31.36.0-255,66,25810,17,294359
41741,0.000286,74.125.24.0-255,5738,31548,17,294359
41742,0.000289,172.31.36.0-255,66,31614,17,294359
41743,0.000313,74.125.24.0-255,4320,35934,17,294359
41744,0.000316,172.31.36.0-255,66,36000,17,294359
41745,0.000329,74.125.24.0-255,2902,38902,17,294359
41746,0.000332,172.31.36.0-255,66,38968,17,294359
41747,0.000361,74.125.24.0-255,2902,41870,17,294359
41748,0.000364,172.31.36.0-255,66,41936,17,294359
41749,0.00038,74.125.24.0-255,4320,46256,17,294359
41750,0.000383,172.31.36.0-255,66,46322,17,294359
41751,0.000395,172.31.36.0-255,66,46388,17,294359
41752,0.000398,74.125.24.0-255,766,47154,17,294359
41753,0.000487,74.125.24.0-255,425,47579,17,294359
41754,0.000559,74.125.24.0-255,1484,49063,17,294359
41755,0.000564,172.31.36.0-255,66,49129,17,294359
41756,0.000578,74.125.24.0-255,2902,52031,17,294359
41757,0.000584,74.125.24.0-255,5738,57769,17,294359
41758,0.000594,172.31.36.0-255,66,57835,17,294359
41759,0.000597,172.31.36.0-255,66,57901,17,294359
41760,0.000605,74.125.24.0-255,5738,63639,17,294359
41761,0.000607,172.31.36.0-255,66,63705,17,294359
41762,0.00063,74.125.24.0-255,5738,69443,17,294359
41763,0.000633,172.31.36.0-255,66,69509,17,294359
41764,0.000668,74.125.24.0-255,7156,76665,17,294359
41765,0.000671,172.31.36.0-255,66,76731,17,294359
41766,0.000678,74.125.24.0-255,5020,81751,17,294359
41767,0.00068,172.31.36.0-255,66,81817,17,294359
41768,0.000783,74.125.24.0-255,1484,83301,17,294359
41769,0.000814,74.125.24.0-255,2902,86203,17,294359
41770,0.000818,172.31.36.0-255,66,86269,17,294359
41771,0.000825,74.125.24.0-255,5738,92007,17,294359
41772,0.000828,172.31.36.0-255,66,92073,17,294359
41773,0.000892,172.31.36.0-255,66,92139,17,294359
41774,0.000904,172.31.36.0-255,66,92205,17,294359
41775,0.000927,74.125.24.0-255,4320,96525,17,294359
41776,0.00093,172.31.36.0-255,66,96591,17,294359
41777,0.000958,74.125.24.0-255,5738,102329,17,294359
41778,0.000961,172.31.36.0-255,66,102395,17,294359
41779,0.000975,172.31.36.0-255,66,102461,17,294359
41780,0.000997,74.125.24.0-255,5738,108199,17,294359
41781,0.001,172.31.36.0-255,66,108265,17,294359
41782,0.001019,74.125.24.0-255,6438,114703,17,294359
41783,0.001023,172.31.36.0-255,66,114769,17,294359
41784,0.00216,74.125.24.0-255,1484,116253,17,294359
41785,0.002169,74.125.24.0-255,2902,119155,17,294359
41786,0.002173,172.31.36.0-255,66,119221,17,294359
41787,0.00218,74.125.24.0-255,4320,123541,17,294359
41788,0.002183,172.31.36.0-255,66,123607,17,294359
41789,0.002209,74.125.24.0-255,1484,125091,17,294359
41790,0.002223,172.31.36.0-255,66,125157,17,294359
41791,0.002234,172.31.36.0-255,66,125223,17,294359
41792,0.002237,74.125.24.0-255,766,125989,17,294359
41793,0.004608,74.125.24.0-255,4320,130309,17,294359
41794,0.004621,172.31.36.0-255,66,130375,17,294359
41795,0.006947,74.125.24.0-255,5738,136113,17,294359
41796,0.006952,172.31.36.0-255,66,136179,17,294359
41797,0.00936,74.125.24.0-255,5738,141917,17,294359
41798,0.009374,172.31.36.0-255,66,141983,17,294359
41799,0.011731,74.125.24.0-255,5738,147721,17,294359
41800,0.011749,172.31.36.0-255,66,147787,17,294359
41801,0.014116,74.125.24.0-255,5738,153525,17,294359
41802,0.014131,172.31.36.0-255,66,153591,17,294359
41803,0.016511,74.125.24.0-255,5738,159329,17,294359
41804,0.016532,172.31.36.0-255,66,159395,17,294359
41805,0.018912,74.125.24.0-255,5738,165133,17,294359
41806,0.018928,172.31.36.0-255,66,165199,17,294359
41807,0.021292,74.125.24.0-255,5738,170937,17,294359
41808,0.021303,172.31.36.0-255,66,171003,17,294359
41809,0.023712,74.125.24.0-255,5738,176741,17,294359
41810,0.023725,172.31.36.0-255,66,176807,17,294359
41811,0.02606,74.125.24.0-255,5738,182545,17,294359
41812,0.026067,172.31.36.0-255,66,182611,17,294359
41813,0.028386,74.125.24.0-255,5738,188349,17,294359
41814,0.028394,172.31.36.0-255,66,188415,17,294359
41815,0.030642,172.31.36.0-255,172,188587,17,294359
41816,0.030676,172.31.36.0-255,1117,189704,17,294359
41817,0.030712,74.125.24.0-255,5738,195442,17,294359
41818,0.030718,172.31.36.0-255,66,195508,17,294359
41819,0.030796,172.31.36.0-255,1514,197022,17,294359
41820,0.030798,172.31.36.0-255,1514,198536,17,294359
41821,0.030799,172.31.36.0-255,1514,200050,17,294359
41822,0.0308,172.31.36.0-255,1049,201099,17,294359
41823,0.032174,104.244.42.0-255,66,201165,17,294359
41824,0.032214,104.244.42.0-255,66,201231,17,294359
41825,0.03237,104.244.42.0-255,66,201297,17,294359
41826,0.032373,104.244.42.0-255,66,201363,17,294359
41827,0.033053,74.125.24.0-255,1484,202847,17,294359
41828,0.033073,74.125.24.0-255,4320,207167,17,294359
41829,0.033079,172.31.36.0-255,66,207233,17,294359
41830,0.035404,74.125.24.0-255,5738,212971,17,294359
41831,0.035411,172.31.36.0-255,66,213037,17,294359
41832,0.037811,74.125.24.0-255,5738,218775,17,294359
41833,0.037821,172.31.36.0-255,66,218841,17,294359
41834,0.040246,74.125.24.0-255,5738,224579,17,294359
41835,0.040254,172.31.36.0-255,66,224645,17,294359
41836,0.042585,74.125.24.0-255,5738,230383,17,294359
41837,0.042592,172.31.36.0-255,66,230449,17,294359
41838,0.044926,74.125.24.0-255,5738,236187,17,294359
41839,0.044933,172.31.36.0-255,66,236253,17,294359
41840,0.047268,74.125.24.0-255,5738,241991,17,294359
41841,0.047276,172.31.36.0-255,66,242057,17,294359
41842,0.049596,74.125.24.0-255,5738,247795,17,294359
41843,0.049603,172.31.36.0-255,66,247861,17,294359
41844,0.051995,74.125.24.0-255,5738,253599,17,294359
41845,0.052002,172.31.36.0-255,66,253665,17,294359
41846,0.054336,74.125.24.0-255,5738,259403,17,294359
41847,0.054342,172.31.36.0-255,66,259469,17,294359
41848,0.056753,74.125.24.0-255,5738,265207,17,294359
41849,0.05676,172.31.36.0-255,66,265273,17,294359
41850,0.059073,74.125.24.0-255,1484,266757,17,294359
41851,0.05912,74.125.24.0-255,4320,271077,17,294359
41852,0.059125,172.31.36.0-255,66,271143,17,294359
41853,0.061502,74.125.24.0-255,5738,276881,17,294359
41854,0.061507,172.31.36.0-255,66,276947,17,294359
41855,0.063852,74.125.24.0-255,5738,282685,17,294359
41856,0.063863,172.31.36.0-255,66,282751,17,294359
41857,0.066278,74.125.24.0-255,5738,288489,17,294359
41858,0.066285,172.31.36.0-255,66,288555,17,294359
41859,0.068664,74.125.24.0-255,5738,294293,17,294359
41860,0.068671,172.31.36.0-255,66,294359,17,294359
41861,0.0,74.125.24.0-255,153,153,17,242988
41862,2.4e-05,172.31.36.0-255,66,219,17,242988
41863,3.2e-05,74.125.24.0-255,1484,1703,17,242988
41864,3.7e-05,172.31.36.0-255,66,1769,17,242988
41865,4.3e-05,74.125.24.0-255,2902,4671,17,242988
41866,4.6e-05,172.31.36.0-255,66,4737,17,242988
41867,7.4e-05,74.125.24.0-255,1484,6221,17,242988
41868,7.7e-05,172.31.36.0-255,66,6287,17,242988
41869,0.0001,74.125.24.0-255,5738,12025,17,242988
41870,0.000103,172.31.36.0-255,66,12091,17,242988
41871,0.000182,74.125.24.0-255,1975,14066,17,242988
41872,0.000185,172.31.36.0-255,66,14132,17,242988
41873,0.000423,74.125.24.0-255,1484,15616,17,242988
41874,0.000429,172.31.36.0-255,66,15682,17,242988
41875,0.000436,74.125.24.0-255,2902,18584,17,242988
41876,0.000438,172.31.36.0-255,66,18650,17,242988
41877,0.000476,74.125.24.0-255,4320,22970,17,242988
41878,0.00048,172.31.36.0-255,66,23036,17,242988
41879,0.000497,74.125.24.0-255,1484,24520,17,242988
41880,0.0005,172.31.36.0-255,66,24586,17,242988
41881,0.000555,74.125.24.0-255,5738,30324,17,242988
41882,0.000559,172.31.36.0-255,66,30390,17,242988
41883,0.000578,74.125.24.0-255,1125,31515,17,242988
41884,0.00058,172.31.36.0-255,66,31581,17,242988
41885,0.000675,172.31.36.0-255,66,31647,17,242988
41886,0.000697,74.125.24.0-255,5738,37385,17,242988
41887,0.0007,172.31.36.0-255,66,37451,17,242988
41888,0.000911,74.125.24.0-255,2543,39994,17,242988
41889,0.000916,172.31.36.0-255,66,40060,17,242988
41890,0.000945,74.125.24.0-255,2902,42962,17,242988
41891,0.000948,172.31.36.0-255,66,43028,17,242988
41892,0.000988,74.125.24.0-255,5738,48766,17,242988
41893,0.000991,172.31.36.0-255,66,48832,17,242988
41894,0.00101,74.125.24.0-255,1484,50316,17,242988
41895,0.001111,74.125.24.0-255,7156,57472,17,242988
41896,0.001116,172.31.36.0-255,66,57538,17,242988
41897,0.001141,172.31.36.0-255,66,57604,17,242988
41898,0.001368,74.125.24.0-255,5738,63342,17,242988
41899,0.001372,172.31.36.0-255,66,63408,17,242988
41900,0.001407,172.31.36.0-255,66,63474,17,242988
41901,0.001766,74.125.24.0-255,1484,64958,17,242988
41902,0.001796,172.31.36.0-255,66,65024,17,242988
41903,0.001824,172.31.36.0-255,66,65090,17,242988
41904,0.002188,74.125.24.0-255,4320,69410,17,242988
41905,0.002191,172.31.36.0-255,66,69476,17,242988
41906,0.002211,74.125.24.0-255,3602,73078,17,242988
41907,0.002214,172.31.36.0-255,66,73144,17,242988
41908,0.002318,74.125.24.0-255,2902,76046,17,242988
41909,0.002321,172.31.36.0-255,66,76112,17,242988
41910,0.002343,74.125.24.0-255,5738,81850,17,242988
41911,0.002346,172.31.36.0-255,66,81916,17,242988
41912,0.002454,74.125.24.0-255,2902,84818,17,242988
41913,0.002457,172.31.36.0-255,66,84884,17,242988
41914,0.002488,172.31.36.0-255,66,84950,17,242988
41915,0.00276,74.125.24.0-255,2902,87852,17,242988
41916,0.002763,172.31.36.0-255,66,87918,17,242988
41917,0.002832,172.31.36.0-255,66,87984,17,242988
41918,0.002862,172.31.36.0-255,66,88050,17,242988
41919,0.003368,74.125.24.0-255,2184,90234,17,242988
41920,0.003371,172.31.36.0-255,66,90300,17,242988
41921,0.005515,74.125.24.0-255,2902,93202,17,242988
41922,0.005525,172.31.36.0-255,66,93268,17,242988
41923,0.005968,74.125.24.0-255,2902,96170,17,242988
41924,0.005972,172.31.36.0-255,66,96236,17,242988
41925,0.008154,74.125.24.0-255,2902,99138,17,242988
41926,0.008158,172.31.36.0-255,66,99204,17,242988
41927,0.008586,74.125.24.0-255,2902,102106,17,242988
41928,0.00859,172.31.36.0-255,66,102172,17,242988
41929,0.010794,74.125.24.0-255,2902,105074,17,242988
41930,0.0108,172.31.36.0-255,66,105140,17,242988
41931,0.011241,74.125.24.0-255,2902,108042,17,242988
41932,0.011247,172.31.36.0-255,66,108108,17,242988
41933,0.01341,74.125.24.0-255,2902,111010,17,242988
41934,0.013418,172.31.36.0-255,66,111076,17,242988
41935,0.013865,74.125.24.0-255,2902,113978,17,242988
41936,0.013872,172.31.36.0-255,66,114044,17,242988
41937,0.016029,74.125.24.0-255,2902,116946,17,242988
41938,0.016037,172.31.36.0-255,66,117012,17,242988
41939,0.016502,74.125.24.0-255,2902,119914,17,242988
41940,0.016508,172.31.36.0-255,66,119980,17,242988
41941,0.018667,74.125.24.0-255,2902,122882,17,242988
41942,0.018675,172.31.36.0-255,66,122948,17,242988
41943,0.019135,74.125.24.0-255,2902,125850,17,242988
41944,0.019142,172.31.36.0-255,66,125916,17,242988
41945,0.021304,74.125.24.0-255,2902,128818,17,242988
41946,0.021314,172.31.36.0-255,66,128884,17,242988
41947,0.021773,74.125.24.0-255,2902,131786,17,242988
41948,0.021781,172.31.36.0-255,66,131852,17,242988
41949,0.023952,74.125.24.0-255,2902,134754,17,242988
41950,0.023962,172.31.36.0-255,66,134820,17,242988
41951,0.024423,74.125.24.0-255,2902,137722,17,242988
41952,0.02443,172.31.36.0-255,66,137788,17,242988
41953,0.02658,74.125.24.0-255,2902,140690,17,242988
41954,0.026587,172.31.36.0-255,66,140756,17,242988
41955,0.027074,74.125.24.0-255,2902,143658,17,242988
41956,0.027081,172.31.36.0-255,66,143724,17,242988
41957,0.029206,74.125.24.0-255,2902,146626,17,242988
41958,0.029213,172.31.36.0-255,66,146692,17,242988
41959,0.029717,74.125.24.0-255,2902,149594,17,242988
41960,0.029724,172.31.36.0-255,66,149660,17,242988
41961,0.031831,74.125.24.0-255,2902,152562,17,242988
41962,0.031839,172.31.36.0-255,66,152628,17,242988
41963,0.03237,74.125.24.0-255,2902,155530,17,242988
41964,0.032377,172.31.36.0-255,66,155596,17,242988
41965,0.034448,74.125.24.0-255,2902,158498,17,242988
41966,0.034456,172.31.36.0-255,66,158564,17,242988
41967,0.034998,74.125.24.0-255,2902,161466,17,242988
41968,0.035005,172.31.36.0-255,66,161532,17,242988
41969,0.036109,172.31.36.0-255,188,161720,17,242988
41970,0.03614,172.31.36.0-255,961,162681,17,242988
41971,0.036201,172.31.36.0-255,1514,164195,17,242988
41972,0.036203,172.31.36.0-255,1427,165622,17,242988
41973,0.037086,74.125.24.0-255,2902,168524,17,242988
41974,0.037094,172.31.36.0-255,66,168590,17,242988
41975,0.037643,104.244.42.0-255,66,168656,17,242988
41976,0.037652,74.125.24.0-255,2902,171558,17,242988
41977,0.037657,172.31.36.0-255,66,171624,17,242988
41978,0.037689,104.244.42.0-255,66,171690,17,242988
41979,0.037742,104.244.42.0-255,66,171756,17,242988
41980,0.039729,74.125.24.0-255,2902,174658,17,242988
41981,0.039735,172.31.36.0-255,66,174724,17,242988
41982,0.040297,74.125.24.0-255,2902,177626,17,242988
41983,0.040303,172.31.36.0-255,66,177692,17,242988
41984,0.042375,74.125.24.0-255,2902,180594,17,242988
41985,0.042384,172.31.36.0-255,66,180660,17,242988
41986,0.042939,74.125.24.0-255,2902,183562,17,242988
41987,0.042945,172.31.36.0-255,66,183628,17,242988
41988,0.045004,74.125.24.0-255,2902,186530,17,242988
41989,0.045011,172.31.36.0-255,66,186596,17,242988
41990,0.045565,74.125.24.0-255,2902,189498,17,242988
41991,0.045572,172.31.36.0-255,66,189564,17,242988
41992,0.047616,74.125.24.0-255,2902,192466,17,242988
41993,0.047623,172.31.36.0-255,66,192532,17,242988
41994,0.048187,74.125.24.0-255,2902,195434,17,242988
41995,0.048193,172.31.36.0-255,66,195500,17,242988
41996,0.050242,74.125.24.0-255,2902,198402,17,242988
41997,0.050249,172.31.36.0-255,66,198468,17,242988
41998,0.050811,74.125.24.0-255,2902,201370,17,242988
41999,0.050816,172.31.36.0-255,66,201436,17,242988
42000,0.052883,74.125.24.0-255,2902,204338,17,242988
42001,0.052889,172.31.36.0-255,66,204404,17,242988
42002,0.053444,74.125.24.0-255,2902,207306,17,242988
42003,0.053449,172.31.36.0-255,66,207372,17,242988
42004,0.055487,74.125.24.0-255,2902,210274,17,242988
42005,0.055492,172.31.36.0-255,66,210340,17,242988
42006,0.056085,74.125.24.0-255,2902,213242,17,242988
42007,0.056091,172.31.36.0-255,66,213308,17,242988
42008,0.058128,74.125.24.0-255,2902,216210,17,242988
42009,0.058139,172.31.36.0-255,66,216276,17,242988
42010,0.058729,74.125.24.0-255,2902,219178,17,242988
42011,0.058736,172.31.36.0-255,66,219244,17,242988
42012,0.060797,74.125.24.0-255,2902,222146,17,242988
42013,0.060804,172.31.36.0-255,66,222212,17,242988
42014,0.061368,74.125.24.0-255,2902,225114,17,242988
42015,0.061374,172.31.36.0-255,66,225180,17,242988
42016,0.063422,74.125.24.0-255,2902,228082,17,242988
42017,0.063429,172.31.36.0-255,66,228148,17,242988
42018,0.063999,74.125.24.0-255,2902,231050,17,242988
42019,0.064003,172.31.36.0-255,66,231116,17,242988
42020,0.06605,74.125.24.0-255,2902,234018,17,242988
42021,0.066057,172.31.36.0-255,66,234084,17,242988
42022,0.066629,74.125.24.0-255,2902,236986,17,242988
42023,0.066633,172.31.36.0-255,66,237052,17,242988
42024,0.068683,74.125.24.0-255,2902,239954,17,242988
42025,0.068689,172.31.36.0-255,66,240020,17,242988
42026,0.069257,74.125.24.0-255,2902,242922,17,242988
42027,0.069262,172.31.36.0-255,66,242988,17,242988
42028,0.0,172.217.194.0-255,146,146,17,290090
42029,2.6e-05,172.31.36.0-255,66,212,17,290090
42030,3.4e-05,172.217.194.0-255,1484,1696,17,290090
42031,3.8e-05,172.31.36.0-255,66,1762,17,290090
42032,4.5e-05,172.217.194.0-255,2902,4664,17,290090
42033,4.8e-05,172.31.36.0-255,66,4730,17,290090
42034,5.6e-05,172.217.194.0-255,7156,11886,17,290090
42035,5.9e-05,172.31.36.0-255,66,11952,17,290090
42036,6.3e-05,172.217.194.0-255,1987,13939,17,290090
42037,6.5e-05,172.31.36.0-255,66,14005,17,290090
42038,0.000146,172.217.194.0-255,1484,15489,17,290090
42039,0.000149,172.31.36.0-255,66,15555,17,290090
42040,0.000166,172.217.194.0-255,2902,18457,17,290090
42041,0.000168,172.31.36.0-255,66,18523,17,290090
42042,0.000175,172.217.194.0-255,5738,24261,17,290090
42043,0.000177,172.31.36.0-255,66,24327,17,290090
42044,0.000198,172.217.194.0-255,6797,31124,17,290090
42045,0.000201,172.31.36.0-255,66,31190,17,290090
42046,0.000363,172.217.194.0-255,1484,32674,17,290090
42047,0.000367,172.31.36.0-255,66,32740,17,290090
42048,0.000373,172.217.194.0-255,2902,35642,17,290090
42049,0.000375,172.31.36.0-255,66,35708,17,290090
42050,0.000397,172.217.194.0-255,2902,38610,17,290090
42051,0.0004,172.31.36.0-255,66,38676,17,290090
42052,0.000422,172.217.194.0-255,2902,41578,17,290090
42053,0.000424,172.31.36.0-255,66,41644,17,290090
42054,0.000429,172.217.194.0-255,2902,44546,17,290090
42055,0.000432,172.31.36.0-255,66,44612,17,290090
42056,0.000454,172.217.194.0-255,4320,48932,17,290090
42057,0.000456,172.31.36.0-255,66,48998,17,290090
42058,0.000482,172.217.194.0-255,6797,55795,17,290090
42059,0.000485,172.31.36.0-255,66,55861,17,290090
42060,0.000496,172.31.36.0-255,66,55927,17,290090
42061,0.000499,172.217.194.0-255,99,56026,17,290090
42062,0.000502,172.31.36.0-255,66,56092,17,290090
42063,0.000505,172.217.194.0-255,364,56456,17,290090
42064,0.000507,172.31.36.0-255,66,56522,17,290090
42065,0.000655,172.217.194.0-255,1484,58006,17,290090
42066,0.00066,172.31.36.0-255,66,58072,17,290090
42067,0.000665,172.217.194.0-255,2902,60974,17,290090
42068,0.000668,172.31.36.0-255,66,61040,17,290090
42069,0.000671,172.217.194.0-255,1484,62524,17,290090
42070,0.000697,172.217.194.0-255,4320,66844,17,290090
42071,0.000701,172.31.36.0-255,66,66910,17,290090
42072,0.000706,172.217.194.0-255,4320,71230,17,290090
42073,0.000708,172.31.36.0-255,66,71296,17,290090
42074,0.000733,172.31.36.0-255,66,71362,17,290090
42075,0.000766,172.217.194.0-255,2902,74264,17,290090
42076,0.000769,172.31.36.0-255,66,74330,17,290090
42077,0.000795,172.31.36.0-255,66,74396,17,290090
42078,0.0014,172.217.194.0-255,1484,75880,17,290090
42079,0.001415,172.217.194.0-255,2902,78782,17,290090
42080,0.001419,172.31.36.0-255,66,78848,17,290090
42081,0.001425,172.217.194.0-255,5738,84586,17,290090
42082,0.001427,172.31.36.0-255,66,84652,17,290090
42083,0.001464,172.31.36.0-255,66,84718,17,290090
42084,0.001476,172.31.36.0-255,66,84784,17,290090
42085,0.001672,172.217.194.0-255,1484,86268,17,290090
42086,0.001678,172.217.194.0-255,2902,89170,17,290090
42087,0.001682,172.31.36.0-255,66,89236,17,290090
42088,0.001687,172.217.194.0-255,2902,92138,17,290090
42089,0.001688,172.31.36.0-255,66,92204,17,290090
42090,0.001704,172.217.194.0-255,2902,95106,17,290090
42091,0.001707,172.31.36.0-255,66,95172,17,290090
42092,0.001727,172.217.194.0-255,7156,102328,17,290090
42093,0.001729,172.31.36.0-255,66,102394,17,290090
42094,0.001763,172.217.194.0-255,4320,106714,17,290090
42095,0.001766,172.31.36.0-255,66,106780,17,290090
42096,0.00178,172.31.36.0-255,66,106846,17,290090
42097,0.001806,172.217.194.0-255,1484,108330,17,290090
42098,0.001811,172.217.194.0-255,2902,111232,17,290090
42099,0.001813,172.31.36.0-255,66,111298,17,290090
42100,0.00182,172.217.194.0-255,5738,117036,17,290090
42101,0.001822,172.31.36.0-255,66,117102,17,290090
42102,0.001858,172.217.194.0-255,1484,118586,17,290090
42103,0.001879,172.217.194.0-255,5738,124324,17,290090
42104,0.001882,172.31.36.0-255,66,124390,17,290090
42105,0.001897,172.31.36.0-255,66,124456,17,290090
42106,0.001901,172.217.194.0-255,2184,126640,17,290090
42107,0.001903,172.31.36.0-255,66,126706,17,290090
42108,0.00196,172.217.194.0-255,1484,128190,17,290090
42109,0.001966,172.217.194.0-255,2902,131092,17,290090
42110,0.001968,172.31.36.0-255,66,131158,17,290090
42111,0.001972,172.217.194.0-255,1484,132642,17,290090
42112,0.001995,172.217.194.0-255,4320,136962,17,290090
42113,0.001999,172.31.36.0-255,66,137028,17,290090
42114,0.002006,172.217.194.0-255,5738,142766,17,290090
42115,0.002008,172.31.36.0-255,66,142832,17,290090
42116,0.002031,172.217.194.0-255,7156,149988,17,290090
42117,0.002033,172.31.36.0-255,66,150054,17,290090
42118,0.002046,172.31.36.0-255,66,150120,17,290090
42119,0.002078,172.217.194.0-255,5738,155858,17,290090
42120,0.002082,172.31.36.0-255,66,155924,17,290090
42121,0.00213,172.31.36.0-255,66,155990,17,290090
42122,0.002147,172.217.194.0-255,2902,158892,17,290090
42123,0.002181,172.217.194.0-255,4320,163212,17,290090
42124,0.002238,172.217.194.0-255,1484,164696,17,290090
42125,0.002242,172.217.194.0-255,3602,168298,17,290090
42126,0.007492,172.31.36.0-255,66,168364,17,290090
42127,0.009773,172.217.194.0-255,5738,174102,17,290090
42128,0.009789,172.31.36.0-255,66,174168,17,290090
42129,0.012069,172.217.194.0-255,5738,179906,17,290090
42130,0.012083,172.31.36.0-255,66,179972,17,290090
42131,0.014373,172.217.194.0-255,5738,185710,17,290090
42132,0.014393,172.31.36.0-255,66,185776,17,290090
42133,0.016716,172.217.194.0-255,5738,191514,17,290090
42134,0.016731,172.31.36.0-255,66,191580,17,290090
42135,0.019034,172.217.194.0-255,5738,197318,17,290090
42136,0.019053,172.31.36.0-255,66,197384,17,290090
42137,0.021345,172.217.194.0-255,5738,203122,17,290090
42138,0.021364,172.31.36.0-255,66,203188,17,290090
42139,0.023689,172.217.194.0-255,5738,208926,17,290090
42140,0.023707,172.31.36.0-255,66,208992,17,290090
42141,0.025972,172.217.194.0-255,5738,214730,17,290090
42142,0.025986,172.31.36.0-255,66,214796,17,290090
42143,0.028253,172.217.194.0-255,5738,220534,17,290090
42144,0.02827,172.31.36.0-255,66,220600,17,290090
42145,0.030588,172.217.194.0-255,5738,226338,17,290090
42146,0.030607,172.31.36.0-255,66,226404,17,290090
42147,0.032914,172.217.194.0-255,5738,232142,17,290090
42148,0.032933,172.31.36.0-255,66,232208,17,290090
42149,0.035195,172.217.194.0-255,5738,237946,17,290090
42150,0.035207,172.31.36.0-255,66,238012,17,290090
42151,0.037514,172.217.194.0-255,5738,243750,17,290090
42152,0.037534,172.31.36.0-255,66,243816,17,290090
42153,0.039807,172.217.194.0-255,5738,249554,17,290090
42154,0.039829,172.31.36.0-255,66,249620,17,290090
42155,0.042125,172.217.194.0-255,5738,255358,17,290090
42156,0.042146,172.31.36.0-255,66,255424,17,290090
42157,0.044422,172.217.194.0-255,5738,261162,17,290090
42158,0.04444,172.31.36.0-255,66,261228,17,290090
42159,0.046731,172.217.194.0-255,5738,266966,17,290090
42160,0.046744,172.31.36.0-255,66,267032,17,290090
42161,0.047355,172.31.36.0-255,192,267224,17,290090
42162,0.047388,172.31.36.0-255,961,268185,17,290090
42163,0.047471,172.31.36.0-255,1514,269699,17,290090
42164,0.047473,172.31.36.0-255,1514,271213,17,290090
42165,0.047477,172.31.36.0-255,1514,272727,17,290090
42166,0.047478,172.31.36.0-255,1514,274241,17,290090
42167,0.047499,172.31.36.0-255,1514,275755,17,290090
42168,0.047504,172.31.36.0-255,178,275933,17,290090
42169,0.048894,104.244.42.0-255,66,275999,17,290090
42170,0.04895,104.244.42.0-255,66,276065,17,290090
42171,0.04898,172.217.194.0-255,2902,278967,17,290090
42172,0.048985,172.31.36.0-255,66,279033,17,290090
42173,0.049006,172.217.194.0-255,2902,281935,17,290090
42174,0.049009,172.31.36.0-255,66,282001,17,290090
42175,0.04904,104.244.42.0-255,66,282067,17,290090
42176,0.049045,104.244.42.0-255,66,282133,17,290090
42177,0.051241,172.217.194.0-255,2902,285035,17,290090
42178,0.051252,172.31.36.0-255,66,285101,17,290090
42179,0.051281,172.217.194.0-255,2902,288003,17,290090
42180,0.051284,172.31.36.0-255,66,288069,17,290090
42181,0.053543,172.217.194.0-255,1784,289853,17,290090
42182,0.053558,172.31.36.0-255,66,289919,17,290090
42183,0.053799,172.31.36.0-255,105,290024,17,290090
42184,0.056024,172.217.194.0-255,66,290090,17,290090
42185,0.0,172.217.194.0-255,152,152,17,183285
42186,2.3e-05,172.31.36.0-255,66,218,17,183285
42187,3.5e-05,172.217.194.0-255,1484,1702,17,183285
42188,4e-05,172.31.36.0-255,66,1768,17,183285
42189,4.3e-05,172.217.194.0-255,1484,3252,17,183285
42190,4.5e-05,172.31.36.0-255,66,3318,17,183285
42191,6.7e-05,172.217.194.0-255,1484,4802,17,183285
42192,6.9e-05,172.31.36.0-255,66,4868,17,183285
42193,7.2e-05,172.217.194.0-255,1484,6352,17,183285
42194,7.3e-05,172.31.36.0-255,66,6418,17,183285
42195,8.1e-05,172.217.194.0-255,5738,12156,17,183285
42196,8.4e-05,172.31.36.0-255,66,12222,17,183285
42197,0.000117,172.217.194.0-255,6293,18515,17,183285
42198,0.00012,172.31.36.0-255,66,18581,17,183285
42199,0.000137,172.217.194.0-255,4320,22901,17,183285
42200,0.00014,172.31.36.0-255,66,22967,17,183285
42201,0.00016,172.217.194.0-255,2902,25869,17,183285
42202,0.000163,172.31.36.0-255,66,25935,17,183285
42203,0.000167,172.217.194.0-255,2902,28837,17,183285
42204,0.000169,172.31.36.0-255,66,28903,17,183285
42205,0.000183,172.217.194.0-255,2543,31446,17,183285
42206,0.000186,172.31.36.0-255,66,31512,17,183285
42207,0.000335,172.217.194.0-255,1484,32996,17,183285
42208,0.00034,172.31.36.0-255,66,33062,17,183285
42209,0.000361,172.217.194.0-255,2902,35964,17,183285
42210,0.000364,172.31.36.0-255,66,36030,17,183285
42211,0.000367,172.217.194.0-255,1484,37514,17,183285
42212,0.000369,172.31.36.0-255,66,37580,17,183285
42213,0.000386,172.217.194.0-255,2902,40482,17,183285
42214,0.00039,172.31.36.0-255,66,40548,17,183285
42215,0.000433,172.217.194.0-255,1484,42032,17,183285
42216,0.000436,172.31.36.0-255,66,42098,17,183285
42217,0.000457,172.217.194.0-255,7156,49254,17,183285
42218,0.00046,172.31.36.0-255,66,49320,17,183285
42219,0.000466,172.217.194.0-255,4320,53640,17,183285
42220,0.000468,172.31.36.0-255,66,53706,17,183285
42221,0.000505,172.217.194.0-255,1484,55190,17,183285
42222,0.000511,172.217.194.0-255,2833,58023,17,183285
42223,0.000514,172.31.36.0-255,66,58089,17,183285
42224,0.000541,172.217.194.0-255,365,58454,17,183285
42225,0.000621,172.217.194.0-255,1484,59938,17,183285
42226,0.000625,172.31.36.0-255,66,60004,17,183285
42227,0.00063,172.217.194.0-255,2902,62906,17,183285
42228,0.000632,172.31.36.0-255,66,62972,17,183285
42229,0.000648,172.217.194.0-255,1484,64456,17,183285
42230,0.000663,172.217.194.0-255,4320,68776,17,183285
42231,0.000666,172.31.36.0-255,66,68842,17,183285
42232,0.000672,172.217.194.0-255,5738,74580,17,183285
42233,0.000675,172.31.36.0-255,66,74646,17,183285
42234,0.000699,172.217.194.0-255,1484,76130,17,183285
42235,0.000734,172.31.36.0-255,66,76196,17,183285
42236,0.00074,172.217.194.0-255,5020,81216,17,183285
42237,0.000742,172.31.36.0-255,66,81282,17,183285
42238,0.000923,172.217.194.0-255,1484,82766,17,183285
42239,0.000937,172.217.194.0-255,2902,85668,17,183285
42240,0.000941,172.31.36.0-255,66,85734,17,183285
42241,0.000949,172.217.194.0-255,1484,87218,17,183285
42242,0.000965,172.217.194.0-255,4320,91538,17,183285
42243,0.000969,172.217.194.0-255,4320,95858,17,183285
42244,0.000969,172.31.36.0-255,66,95924,17,183285
42245,0.000972,172.31.36.0-255,66,95990,17,183285
42246,0.001027,172.31.36.0-255,66,96056,17,183285
42247,0.001032,172.31.36.0-255,66,96122,17,183285
42248,0.001221,172.217.194.0-255,1484,97606,17,183285
42249,0.001243,172.217.194.0-255,2902,100508,17,183285
42250,0.001247,172.31.36.0-255,66,100574,17,183285
42251,0.001254,172.217.194.0-255,5738,106312,17,183285
42252,0.001256,172.31.36.0-255,66,106378,17,183285
42253,0.00129,172.31.36.0-255,66,106444,17,183285
42254,0.001295,172.217.194.0-255,2902,109346,17,183285
42255,0.001297,172.31.36.0-255,66,109412,17,183285
42256,0.001322,172.31.36.0-255,66,109478,17,183285
42257,0.001464,172.217.194.0-255,1484,110962,17,183285
42258,0.001479,172.217.194.0-255,2902,113864,17,183285
42259,0.001482,172.31.36.0-255,66,113930,17,183285
42260,0.001486,172.217.194.0-255,1484,115414,17,183285
42261,0.0015,172.217.194.0-255,4320,119734,17,183285
42262,0.001504,172.31.36.0-255,66,119800,17,183285
42263,0.001509,172.217.194.0-255,4320,124120,17,183285
42264,0.001512,172.31.36.0-255,66,124186,17,183285
42265,0.00152,172.31.36.0-255,66,124252,17,183285
42266,0.001567,172.31.36.0-255,66,124318,17,183285
42267,0.00159,172.217.194.0-255,2184,126502,17,183285
42268,0.001593,172.31.36.0-255,66,126568,17,183285
42269,0.001606,172.31.36.0-255,66,126634,17,183285
42270,0.001618,172.31.36.0-255,66,126700,17,183285
42271,0.001654,172.217.194.0-255,5738,132438,17,183285
42272,0.001657,172.31.36.0-255,66,132504,17,183285
42273,0.001692,172.31.36.0-255,66,132570,17,183285
42274,0.001707,172.31.36.0-255,66,132636,17,183285
42275,0.00171,172.217.194.0-255,2184,134820,17,183285
42276,0.001714,172.31.36.0-255,66,134886,17,183285
42277,0.001745,172.31.36.0-255,66,134952,17,183285
42278,0.00178,172.31.36.0-255,66,135018,17,183285
42279,0.001791,172.31.36.0-255,66,135084,17,183285
42280,0.001886,172.31.36.0-255,66,135150,17,183285
42281,0.00189,172.217.194.0-255,2184,137334,17,183285
42282,0.001892,172.31.36.0-255,66,137400,17,183285
42283,0.002186,172.217.194.0-255,1484,138884,17,183285
42284,0.002191,172.217.194.0-255,2902,141786,17,183285
42285,0.002195,172.31.36.0-255,66,141852,17,183285
42286,0.002202,172.217.194.0-255,5738,147590,17,183285
42287,0.002204,172.31.36.0-255,66,147656,17,183285
42288,0.002237,172.31.36.0-255,66,147722,17,183285
42289,0.002256,172.217.194.0-255,2902,150624,17,183285
42290,0.002259,172.31.36.0-255,66,150690,17,183285
42291,0.002269,172.31.36.0-255,66,150756,17,183285
42292,0.002295,172.217.194.0-255,2184,152940,17,183285
42293,0.002299,172.31.36.0-255,66,153006,17,183285
42294,0.002312,172.31.36.0-255,66,153072,17,183285
42295,0.002322,172.31.36.0-255,66,153138,17,183285
42296,0.004592,172.217.194.0-255,2902,156040,17,183285
42297,0.004599,172.31.36.0-255,66,156106,17,183285
42298,0.004615,172.217.194.0-255,2902,159008,17,183285
42299,0.004617,172.31.36.0-255,66,159074,17,183285
42300,0.006879,172.217.194.0-255,2902,161976,17,183285
42301,0.006882,172.31.36.0-255,66,162042,17,183285
42302,0.006918,172.217.194.0-255,2902,164944,17,183285
42303,0.00692,172.31.36.0-255,66,165010,17,183285
42304,0.009135,172.217.194.0-255,2902,167912,17,183285
42305,0.009142,172.31.36.0-255,66,167978,17,183285
42306,0.00917,172.217.194.0-255,2902,170880,17,183285
42307,0.009173,172.31.36.0-255,66,170946,17,183285
42308,0.011426,172.217.194.0-255,4950,175896,17,183285
42309,0.011433,172.31.36.0-255,66,175962,17,183285
42310,0.014055,172.31.36.0-255,105,176067,17,183285
42311,0.016325,172.217.194.0-255,66,176133,17,183285
42312,0.033038,172.31.36.0-255,176,176309,17,183285
42313,0.033066,172.31.36.0-255,1117,177426,17,183285
42314,0.033114,172.31.36.0-255,1514,178940,17,183285
42315,0.033116,172.31.36.0-255,1514,180454,17,183285
42316,0.03312,172.31.36.0-255,1514,181968,17,183285
42317,0.033121,172.31.36.0-255,1053,183021,17,183285
42318,0.034507,104.244.42.0-255,66,183087,17,183285
42319,0.034629,104.244.42.0-255,66,183153,17,183285
42320,0.034634,104.244.42.0-255,66,183219,17,183285
42321,0.034636,104.244.42.0-255,66,183285,17,183285
42322,0.0,74.125.200.0-255,152,152,17,287272
42323,3.8e-05,172.31.36.0-255,66,218,17,287272
42324,4.7e-05,74.125.200.0-255,1484,1702,17,287272
42325,5.2e-05,172.31.36.0-255,66,1768,17,287272
42326,5.7e-05,74.125.200.0-255,2902,4670,17,287272
42327,5.9e-05,172.31.36.0-255,66,4736,17,287272
42328,6.6e-05,74.125.200.0-255,5738,10474,17,287272
42329,6.9e-05,172.31.36.0-255,66,10540,17,287272
42330,7.4e-05,74.125.200.0-255,3559,14099,17,287272
42331,7.7e-05,172.31.36.0-255,66,14165,17,287272
42332,0.000123,74.125.200.0-255,1484,15649,17,287272
42333,0.000127,172.31.36.0-255,66,15715,17,287272
42334,0.000157,74.125.200.0-255,1484,17199,17,287272
42335,0.00016,172.31.36.0-255,66,17265,17,287272
42336,0.000176,74.125.200.0-255,1484,18749,17,287272
42337,0.000178,172.31.36.0-255,66,18815,17,287272
42338,0.000185,74.125.200.0-255,5738,24553,17,287272
42339,0.000188,172.31.36.0-255,66,24619,17,287272
42340,0.00021,74.125.200.0-255,5738,30357,17,287272
42341,0.000213,172.31.36.0-255,66,30423,17,287272
42342,0.000216,74.125.200.0-255,1125,31548,17,287272
42343,0.000218,172.31.36.0-255,66,31614,17,287272
42344,0.000379,74.125.200.0-255,1484,33098,17,287272
42345,0.000384,172.31.36.0-255,66,33164,17,287272
42346,0.000407,74.125.200.0-255,2902,36066,17,287272
42347,0.000411,172.31.36.0-255,66,36132,17,287272
42348,0.000417,74.125.200.0-255,5738,41870,17,287272
42349,0.000419,172.31.36.0-255,66,41936,17,287272
42350,0.000437,74.125.200.0-255,6797,48733,17,287272
42351,0.00044,172.31.36.0-255,66,48799,17,287272
42352,0.000681,74.125.200.0-255,1484,50283,17,287272
42353,0.000685,172.31.36.0-255,66,50349,17,287272
42354,0.000691,74.125.200.0-255,2902,53251,17,287272
42355,0.000693,172.31.36.0-255,66,53317,17,287272
42356,0.000697,74.125.200.0-255,1484,54801,17,287272
42357,0.000714,74.125.200.0-255,4320,59121,17,287272
42358,0.000717,172.31.36.0-255,66,59187,17,287272
42359,0.000728,74.125.200.0-255,1484,60671,17,287272
42360,0.000764,74.125.200.0-255,5707,66378,17,287272
42361,0.000767,172.31.36.0-255,66,66444,17,287272
42362,0.000936,74.125.200.0-255,350,66794,17,287272
42363,0.001646,74.125.200.0-255,1484,68278,17,287272
42364,0.001654,172.31.36.0-255,66,68344,17,287272
42365,0.001661,74.125.200.0-255,2902,71246,17,287272
42366,0.001663,172.31.36.0-255,66,71312,17,287272
42367,0.001667,74.125.200.0-255,1484,72796,17,287272
42368,0.001691,74.125.200.0-255,2902,75698,17,287272
42369,0.001694,172.31.36.0-255,66,75764,17,287272
42370,0.001707,172.31.36.0-255,66,75830,17,287272
42371,0.001713,74.125.200.0-255,5738,81568,17,287272
42372,0.001715,172.31.36.0-255,66,81634,17,287272
42373,0.001746,74.125.200.0-255,1484,83118,17,287272
42374,0.00177,172.31.36.0-255,66,83184,17,287272
42375,0.001773,74.125.200.0-255,766,83950,17,287272
42376,0.00187,74.125.200.0-255,1484,85434,17,287272
42377,0.001872,172.31.36.0-255,66,85500,17,287272
42378,0.001882,74.125.200.0-255,1484,86984,17,287272
42379,0.001892,74.125.200.0-255,1484,88468,17,287272
42380,0.001894,172.31.36.0-255,66,88534,17,287272
42381,0.0019,74.125.200.0-255,4320,92854,17,287272
42382,0.001901,172.31.36.0-255,66,92920,17,287272
42383,0.001913,74.125.200.0-255,1484,94404,17,287272
42384,0.001917,74.125.200.0-255,2902,97306,17,287272
42385,0.001919,172.31.36.0-255,66,97372,17,287272
42386,0.001934,74.125.200.0-255,1484,98856,17,287272
42387,0.001948,74.125.200.0-255,5738,104594,17,287272
42388,0.001951,172.31.36.0-255,66,104660,17,287272
42389,0.001973,74.125.200.0-255,2902,107562,17,287272
42390,0.001975,172.31.36.0-255,66,107628,17,287272
42391,0.001982,74.125.200.0-255,7156,114784,17,287272
42392,0.001984,172.31.36.0-255,66,114850,17,287272
42393,0.002005,74.125.200.0-255,3602,118452,17,287272
42394,0.002006,172.31.36.0-255,66,118518,17,287272
42395,0.004247,74.125.200.0-255,1484,120002,17,287272
42396,0.004272,74.125.200.0-255,2902,122904,17,287272
42397,0.004275,172.31.36.0-255,66,122970,17,287272
42398,0.00429,74.125.200.0-255,1484,124454,17,287272
42399,0.006537,74.125.200.0-255,4320,128774,17,287272
42400,0.006543,172.31.36.0-255,66,128840,17,287272
42401,0.008827,74.125.200.0-255,5738,134578,17,287272
42402,0.008835,172.31.36.0-255,66,134644,17,287272
42403,0.01111,74.125.200.0-255,5738,140382,17,287272
42404,0.011124,172.31.36.0-255,66,140448,17,287272
42405,0.013402,74.125.200.0-255,5738,146186,17,287272
42406,0.013413,172.31.36.0-255,66,146252,17,287272
42407,0.015701,74.125.200.0-255,5738,151990,17,287272
42408,0.015718,172.31.36.0-255,66,152056,17,287272
42409,0.017996,74.125.200.0-255,5738,157794,17,287272
42410,0.018006,172.31.36.0-255,66,157860,17,287272
42411,0.020267,74.125.200.0-255,5738,163598,17,287272
42412,0.020275,172.31.36.0-255,66,163664,17,287272
42413,0.022556,74.125.200.0-255,5738,169402,17,287272
42414,0.022563,172.31.36.0-255,66,169468,17,287272
42415,0.024071,172.31.36.0-255,172,169640,17,287272
42416,0.024101,172.31.36.0-255,1117,170757,17,287272
42417,0.02414,172.31.36.0-255,1514,172271,17,287272
42418,0.024142,172.31.36.0-255,1163,173434,17,287272
42419,0.024837,74.125.200.0-255,5738,179172,17,287272
42420,0.024844,172.31.36.0-255,66,179238,17,287272
42421,0.025682,104.244.42.0-255,66,179304,17,287272
42422,0.02569,104.244.42.0-255,66,179370,17,287272
42423,0.025778,104.244.42.0-255,66,179436,17,287272
42424,0.027136,74.125.200.0-255,5738,185174,17,287272
42425,0.02714,172.31.36.0-255,66,185240,17,287272
42426,0.029409,74.125.200.0-255,1484,186724,17,287272
42427,0.02944,74.125.200.0-255,4320,191044,17,287272
42428,0.029445,172.31.36.0-255,66,191110,17,287272
42429,0.031725,74.125.200.0-255,5738,196848,17,287272
42430,0.03173,172.31.36.0-255,66,196914,17,287272
42431,0.034005,74.125.200.0-255,5738,202652,17,287272
42432,0.034011,172.31.36.0-255,66,202718,17,287272
42433,0.036305,74.125.200.0-255,5738,208456,17,287272
42434,0.036311,172.31.36.0-255,66,208522,17,287272
42435,0.038584,74.125.200.0-255,5738,214260,17,287272
42436,0.03859,172.31.36.0-255,66,214326,17,287272
42437,0.040854,74.125.200.0-255,5738,220064,17,287272
42438,0.040859,172.31.36.0-255,66,220130,17,287272
42439,0.04312,74.125.200.0-255,5738,225868,17,287272
42440,0.043126,172.31.36.0-255,66,225934,17,287272
42441,0.04538,74.125.200.0-255,5738,231672,17,287272
42442,0.045385,172.31.36.0-255,66,231738,17,287272
42443,0.047658,74.125.200.0-255,4320,236058,17,287272
42444,0.047665,172.31.36.0-255,66,236124,17,287272
42445,0.047684,74.125.200.0-255,1484,237608,17,287272
42446,0.049928,74.125.200.0-255,4320,241928,17,287272
42447,0.049934,172.31.36.0-255,66,241994,17,287272
42448,0.052217,74.125.200.0-255,5738,247732,17,287272
42449,0.052222,172.31.36.0-255,66,247798,17,287272
42450,0.054481,74.125.200.0-255,5738,253536,17,287272
42451,0.054487,172.31.36.0-255,66,253602,17,287272
42452,0.056733,74.125.200.0-255,1484,255086,17,287272
42453,0.056759,74.125.200.0-255,4320,259406,17,287272
42454,0.056762,172.31.36.0-255,66,259472,17,287272
42455,0.059023,74.125.200.0-255,5738,265210,17,287272
42456,0.059028,172.31.36.0-255,66,265276,17,287272
42457,0.061301,74.125.200.0-255,1484,266760,17,287272
42458,0.061332,74.125.200.0-255,4320,271080,17,287272
42459,0.061337,172.31.36.0-255,66,271146,17,287272
42460,0.063609,74.125.200.0-255,4320,275466,17,287272
42461,0.063616,172.31.36.0-255,66,275532,17,287272
42462,0.063641,74.125.200.0-255,1484,277016,17,287272
42463,0.06588,74.125.200.0-255,4320,281336,17,287272
42464,0.065885,172.31.36.0-255,66,281402,17,287272
42465,0.068145,74.125.200.0-255,4320,285722,17,287272
42466,0.068151,172.31.36.0-255,66,285788,17,287272
42467,0.068183,74.125.200.0-255,1484,287272,17,287272
42468,0.0,74.125.24.0-255,143,143,17,331634
42469,3.4e-05,172.31.36.0-255,66,209,17,331634
42470,4.1e-05,74.125.24.0-255,1484,1693,17,331634
42471,4.5e-05,172.31.36.0-255,66,1759,17,331634
42472,4.9e-05,74.125.24.0-255,2902,4661,17,331634
42473,5.2e-05,172.31.36.0-255,66,4727,17,331634
42474,6.7e-05,74.125.24.0-255,7156,11883,17,331634
42475,6.9e-05,172.31.36.0-255,66,11949,17,331634
42476,9.2e-05,74.125.24.0-255,2046,13995,17,331634
42477,9.6e-05,172.31.36.0-255,66,14061,17,331634
42478,0.000134,74.125.24.0-255,1484,15545,17,331634
42479,0.000138,172.31.36.0-255,66,15611,17,331634
42480,0.000142,74.125.24.0-255,2902,18513,17,331634
42481,0.000145,172.31.36.0-255,66,18579,17,331634
42482,0.000174,74.125.24.0-255,5738,24317,17,331634
42483,0.000177,172.31.36.0-255,66,24383,17,331634
42484,0.000184,74.125.24.0-255,6797,31180,17,331634
42485,0.000187,172.31.36.0-255,66,31246,17,331634
42486,0.000198,74.125.24.0-255,7156,38402,17,331634
42487,0.000202,172.31.36.0-255,66,38468,17,331634
42488,0.000243,172.31.36.0-255,66,38534,17,331634
42489,0.000274,74.125.24.0-255,5738,44272,17,331634
42490,0.000277,172.31.36.0-255,66,44338,17,331634
42491,0.000281,74.125.24.0-255,2902,47240,17,331634
42492,0.000284,172.31.36.0-255,66,47306,17,331634
42493,0.000309,74.125.24.0-255,4320,51626,17,331634
42494,0.000313,172.31.36.0-255,66,51692,17,331634
42495,0.000345,74.125.24.0-255,4294,55986,17,331634
42496,0.000348,172.31.36.0-255,66,56052,17,331634
42497,0.000351,74.125.24.0-255,112,56164,17,331634
42498,0.000355,172.31.36.0-255,66,56230,17,331634
42499,0.000357,74.125.24.0-255,330,56560,17,331634
42500,0.00078,172.31.36.0-255,66,56626,17,331634
42501,0.000807,74.125.24.0-255,1484,58110,17,331634
42502,0.000815,74.125.24.0-255,2902,61012,17,331634
42503,0.000818,172.31.36.0-255,66,61078,17,331634
42504,0.000825,74.125.24.0-255,5738,66816,17,331634
42505,0.000827,172.31.36.0-255,66,66882,17,331634
42506,0.000871,74.125.24.0-255,4320,71202,17,331634
42507,0.000871,172.31.36.0-255,66,71268,17,331634
42508,0.000875,172.31.36.0-255,66,71334,17,331634
42509,0.000896,172.31.36.0-255,66,71400,17,331634
42510,0.001822,74.125.24.0-255,1484,72884,17,331634
42511,0.001831,74.125.24.0-255,2902,75786,17,331634
42512,0.001835,172.31.36.0-255,66,75852,17,331634
42513,0.001843,74.125.24.0-255,5738,81590,17,331634
42514,0.001844,172.31.36.0-255,66,81656,17,331634
42515,0.001873,74.125.24.0-255,5738,87394,17,331634
42516,0.001875,172.31.36.0-255,66,87460,17,331634
42517,0.001886,74.125.24.0-255,2902,90362,17,331634
42518,0.001888,172.31.36.0-255,66,90428,17,331634
42519,0.001916,74.125.24.0-255,4320,94748,17,331634
42520,0.001918,172.31.36.0-255,66,94814,17,331634
42521,0.001923,74.125.24.0-255,4320,99134,17,331634
42522,0.001925,172.31.36.0-255,66,99200,17,331634
42523,0.001934,74.125.24.0-255,5738,104938,17,331634
42524,0.001936,172.31.36.0-255,66,105004,17,331634
42525,0.001939,74.125.24.0-255,766,105770,17,331634
42526,0.001979,74.125.24.0-255,1484,107254,17,331634
42527,0.001981,172.31.36.0-255,66,107320,17,331634
42528,0.001985,74.125.24.0-255,2902,110222,17,331634
42529,0.001986,172.31.36.0-255,66,110288,17,331634
42530,0.002009,74.125.24.0-255,5738,116026,17,331634
42531,0.002011,172.31.36.0-255,66,116092,17,331634
42532,0.002046,74.125.24.0-255,1484,117576,17,331634
42533,0.002075,172.31.36.0-255,66,117642,17,331634
42534,0.002081,74.125.24.0-255,5738,123380,17,331634
42535,0.002082,172.31.36.0-255,66,123446,17,331634
42536,0.002089,74.125.24.0-255,5020,128466,17,331634
42537,0.002091,172.31.36.0-255,66,128532,17,331634
42538,0.002147,74.125.24.0-255,4320,132852,17,331634
42539,0.00215,172.31.36.0-255,66,132918,17,331634
42540,0.002176,74.125.24.0-255,5738,138656,17,331634
42541,0.002178,172.31.36.0-255,66,138722,17,331634
42542,0.002189,172.31.36.0-255,66,138788,17,331634
42543,0.002192,74.125.24.0-255,1484,140272,17,331634
42544,0.002241,74.125.24.0-255,5738,146010,17,331634
42545,0.002243,172.31.36.0-255,66,146076,17,331634
42546,0.002272,74.125.24.0-255,5020,151096,17,331634
42547,0.002274,172.31.36.0-255,66,151162,17,331634
42548,0.002297,74.125.24.0-255,1484,152646,17,331634
42549,0.002301,74.125.24.0-255,2902,155548,17,331634
42550,0.002303,172.31.36.0-255,66,155614,17,331634
42551,0.002336,74.125.24.0-255,5738,161352,17,331634
42552,0.002339,172.31.36.0-255,66,161418,17,331634
42553,0.00235,172.31.36.0-255,66,161484,17,331634
42554,0.002371,74.125.24.0-255,2902,164386,17,331634
42555,0.002374,172.31.36.0-255,66,164452,17,331634
42556,0.002403,172.31.36.0-255,66,164518,17,331634
42557,0.004738,74.125.24.0-255,5738,170256,17,331634
42558,0.004742,172.31.36.0-255,66,170322,17,331634
42559,0.007097,74.125.24.0-255,5738,176060,17,331634
42560,0.007104,172.31.36.0-255,66,176126,17,331634
42561,0.009483,74.125.24.0-255,5738,181864,17,331634
42562,0.00949,172.31.36.0-255,66,181930,17,331634
42563,0.011841,74.125.24.0-255,5738,187668,17,331634
42564,0.011849,172.31.36.0-255,66,187734,17,331634
42565,0.014183,74.125.24.0-255,5738,193472,17,331634
42566,0.014192,172.31.36.0-255,66,193538,17,331634
42567,0.016499,74.125.24.0-255,5738,199276,17,331634
42568,0.016509,172.31.36.0-255,66,199342,17,331634
42569,0.018843,74.125.24.0-255,5738,205080,17,331634
42570,0.018851,172.31.36.0-255,66,205146,17,331634
42571,0.02118,74.125.24.0-255,5738,210884,17,331634
42572,0.021188,172.31.36.0-255,66,210950,17,331634
42573,0.023526,74.125.24.0-255,5738,216688,17,331634
42574,0.023536,172.31.36.0-255,66,216754,17,331634
42575,0.025903,74.125.24.0-255,5738,222492,17,331634
42576,0.02591,172.31.36.0-255,66,222558,17,331634
42577,0.028281,74.125.24.0-255,5738,228296,17,331634
42578,0.028287,172.31.36.0-255,66,228362,17,331634
42579,0.029485,172.31.36.0-255,172,228534,17,331634
42580,0.029515,172.31.36.0-255,1115,229649,17,331634
42581,0.029542,172.31.36.0-255,1514,231163,17,331634
42582,0.029544,172.31.36.0-255,1275,232438,17,331634
42583,0.030595,74.125.24.0-255,2902,235340,17,331634
42584,0.0306,172.31.36.0-255,66,235406,17,331634
42585,0.030629,74.125.24.0-255,2902,238308,17,331634
42586,0.030633,172.31.36.0-255,66,238374,17,331634
42587,0.031005,104.244.42.0-255,66,238440,17,331634
42588,0.031045,104.244.42.0-255,66,238506,17,331634
42589,0.031102,104.244.42.0-255,66,238572,17,331634
42590,0.032972,74.125.24.0-255,1484,240056,17,331634
42591,0.033009,74.125.24.0-255,4320,244376,17,331634
42592,0.033014,172.31.36.0-255,66,244442,17,331634
42593,0.035327,74.125.24.0-255,5738,250180,17,331634
42594,0.035332,172.31.36.0-255,66,250246,17,331634
42595,0.037631,74.125.24.0-255,5738,255984,17,331634
42596,0.037636,172.31.36.0-255,66,256050,17,331634
42597,0.040024,74.125.24.0-255,5738,261788,17,331634
42598,0.040029,172.31.36.0-255,66,261854,17,331634
42599,0.042367,74.125.24.0-255,5738,267592,17,331634
42600,0.042372,172.31.36.0-255,66,267658,17,331634
42601,0.044727,74.125.24.0-255,5738,273396,17,331634
42602,0.044732,172.31.36.0-255,66,273462,17,331634
42603,0.047066,74.125.24.0-255,5738,279200,17,331634
42604,0.047071,172.31.36.0-255,66,279266,17,331634
42605,0.049388,74.125.24.0-255,5738,285004,17,331634
42606,0.049394,172.31.36.0-255,66,285070,17,331634
42607,0.051706,74.125.24.0-255,5738,290808,17,331634
42608,0.051711,172.31.36.0-255,66,290874,17,331634
42609,0.054038,74.125.24.0-255,5738,296612,17,331634
42610,0.054044,172.31.36.0-255,66,296678,17,331634
42611,0.056387,74.125.24.0-255,5738,302416,17,331634
42612,0.056393,172.31.36.0-255,66,302482,17,331634
42613,0.058708,74.125.24.0-255,5738,308220,17,331634
42614,0.058713,172.31.36.0-255,66,308286,17,331634
42615,0.061059,74.125.24.0-255,5738,314024,17,331634
42616,0.061064,172.31.36.0-255,66,314090,17,331634
42617,0.063408,74.125.24.0-255,5738,319828,17,331634
42618,0.063413,172.31.36.0-255,66,319894,17,331634
42619,0.065753,74.125.24.0-255,5738,325632,17,331634
42620,0.065759,172.31.36.0-255,66,325698,17,331634
42621,0.068048,74.125.24.0-255,2902,328600,17,331634
42622,0.068052,172.31.36.0-255,66,328666,17,331634
42623,0.068084,74.125.24.0-255,2902,331568,17,331634
42624,0.068087,172.31.36.0-255,66,331634,17,331634
42625,0.0,172.31.36.0-255,105,105,17,105
42626,0.0,74.125.68.0-255,219,219,17,345942
42627,2.4e-05,172.31.36.0-255,66,285,17,345942
42628,3e-05,74.125.68.0-255,1484,1769,17,345942
42629,3.5e-05,172.31.36.0-255,66,1835,17,345942
42630,3.8e-05,74.125.68.0-255,1484,3319,17,345942
42631,4e-05,172.31.36.0-255,66,3385,17,345942
42632,6.2e-05,74.125.68.0-255,2902,6287,17,345942
42633,6.5e-05,172.31.36.0-255,66,6353,17,345942
42634,6.9e-05,74.125.68.0-255,2902,9255,17,345942
42635,7.1e-05,172.31.36.0-255,66,9321,17,345942
42636,7.5e-05,74.125.68.0-255,4320,13641,17,345942
42637,7.8e-05,172.31.36.0-255,66,13707,17,345942
42638,0.000104,74.125.68.0-255,1484,15191,17,345942
42639,0.000107,172.31.36.0-255,66,15257,17,345942
42640,0.000122,74.125.68.0-255,3244,18501,17,345942
42641,0.000125,172.31.36.0-255,66,18567,17,345942
42642,0.000132,74.125.68.0-255,5738,24305,17,345942
42643,0.000134,172.31.36.0-255,66,24371,17,345942
42644,0.000183,74.125.68.0-255,4320,28691,17,345942
42645,0.000186,172.31.36.0-255,66,28757,17,345942
42646,0.000203,74.125.68.0-255,2543,31300,17,345942
42647,0.000206,172.31.36.0-255,66,31366,17,345942
42648,0.000272,74.125.68.0-255,1484,32850,17,345942
42649,0.000275,172.31.36.0-255,66,32916,17,345942
42650,0.00028,74.125.68.0-255,2902,35818,17,345942
42651,0.000283,172.31.36.0-255,66,35884,17,345942
42652,0.000317,74.125.68.0-255,5738,41622,17,345942
42653,0.000321,172.31.36.0-255,66,41688,17,345942
42654,0.000325,74.125.68.0-255,2902,44590,17,345942
42655,0.000328,172.31.36.0-255,66,44656,17,345942
42656,0.000332,74.125.68.0-255,2902,47558,17,345942
42657,0.000335,172.31.36.0-255,66,47624,17,345942
42658,0.000363,74.125.68.0-255,7156,54780,17,345942
42659,0.000366,172.31.36.0-255,66,54846,17,345942
42660,0.000372,74.125.68.0-255,4320,59166,17,345942
42661,0.000375,172.31.36.0-255,66,59232,17,345942
42662,0.000377,74.125.68.0-255,1484,60716,17,345942
42663,0.0004,74.125.68.0-255,4320,65036,17,345942
42664,0.000403,172.31.36.0-255,66,65102,17,345942
42665,0.000406,74.125.68.0-255,766,65868,17,345942
42666,0.000436,74.125.68.0-255,361,66229,17,345942
42667,0.000508,74.125.68.0-255,1484,67713,17,345942
42668,0.000513,172.31.36.0-255,66,67779,17,345942
42669,0.000526,74.125.68.0-255,2902,70681,17,345942
42670,0.000528,172.31.36.0-255,66,70747,17,345942
42671,0.000534,74.125.68.0-255,4320,75067,17,345942
42672,0.000536,172.31.36.0-255,66,75133,17,345942
42673,0.000554,74.125.68.0-255,1484,76617,17,345942
42674,0.000577,74.125.68.0-255,6533,83150,17,345942
42675,0.000581,172.31.36.0-255,66,83216,17,345942
42676,0.000588,74.125.68.0-255,7156,90372,17,345942
42677,0.000591,172.31.36.0-255,66,90438,17,345942
42678,0.000609,74.125.68.0-255,1484,91922,17,345942
42679,0.000631,172.31.36.0-255,66,91988,17,345942
42680,0.000698,74.125.68.0-255,1484,93472,17,345942
42681,0.000714,74.125.68.0-255,1484,94956,17,345942
42682,0.000717,172.31.36.0-255,66,95022,17,345942
42683,0.000722,74.125.68.0-255,2902,97924,17,345942
42684,0.000724,172.31.36.0-255,66,97990,17,345942
42685,0.000747,74.125.68.0-255,5738,103728,17,345942
42686,0.00075,172.31.36.0-255,66,103794,17,345942
42687,0.000769,74.125.68.0-255,4320,108114,17,345942
42688,0.000772,172.31.36.0-255,66,108180,17,345942
42689,0.000801,74.125.68.0-255,5379,113559,17,345942
42690,0.000804,172.31.36.0-255,66,113625,17,345942
42691,0.000829,172.31.36.0-255,66,113691,17,345942
42692,0.000864,74.125.68.0-255,3961,117652,17,345942
42693,0.000868,172.31.36.0-255,66,117718,17,345942
42694,0.000903,74.125.68.0-255,4320,122038,17,345942
42695,0.000907,172.31.36.0-255,66,122104,17,345942
42696,0.000935,74.125.68.0-255,1484,123588,17,345942
42697,0.00094,74.125.68.0-255,2902,126490,17,345942
42698,0.000943,172.31.36.0-255,66,126556,17,345942
42699,0.000949,74.125.68.0-255,5738,132294,17,345942
42700,0.000951,172.31.36.0-255,66,132360,17,345942
42701,0.000984,172.31.36.0-255,66,132426,17,345942
42702,0.001031,74.125.68.0-255,1484,133910,17,345942
42703,0.001058,172.31.36.0-255,66,133976,17,345942
42704,0.001115,74.125.68.0-255,1484,135460,17,345942
42705,0.001129,74.125.68.0-255,2902,138362,17,345942
42706,0.001133,172.31.36.0-255,66,138428,17,345942
42707,0.001173,74.125.68.0-255,5738,144166,17,345942
42708,0.001177,172.31.36.0-255,66,144232,17,345942
42709,0.001216,74.125.68.0-255,4320,148552,17,345942
42710,0.00122,172.31.36.0-255,66,148618,17,345942
42711,0.001242,74.125.68.0-255,1484,150102,17,345942
42712,0.00125,74.125.68.0-255,7156,157258,17,345942
42713,0.001253,172.31.36.0-255,66,157324,17,345942
42714,0.001263,172.31.36.0-255,66,157390,17,345942
42715,0.001266,74.125.68.0-255,1484,158874,17,345942
42716,0.001285,74.125.68.0-255,2184,161058,17,345942
42717,0.001288,172.31.36.0-255,66,161124,17,345942
42718,0.001302,74.125.68.0-255,4320,165444,17,345942
42719,0.001306,172.31.36.0-255,66,165510,17,345942
42720,0.001342,172.31.36.0-255,66,165576,17,345942
42721,0.001348,74.125.68.0-255,4320,169896,17,345942
42722,0.00135,172.31.36.0-255,66,169962,17,345942
42723,0.001372,74.125.68.0-255,5738,175700,17,345942
42724,0.001376,172.31.36.0-255,66,175766,17,345942
42725,0.001385,172.31.36.0-255,66,175832,17,345942
42726,0.001401,74.125.68.0-255,766,176598,17,345942
42727,0.001438,74.125.68.0-255,1484,178082,17,345942
42728,0.001441,172.31.36.0-255,66,178148,17,345942
42729,0.001459,74.125.68.0-255,2902,181050,17,345942
42730,0.001462,172.31.36.0-255,66,181116,17,345942
42731,0.001468,74.125.68.0-255,5738,186854,17,345942
42732,0.00147,172.31.36.0-255,66,186920,17,345942
42733,0.001473,74.125.68.0-255,2902,189822,17,345942
42734,0.001477,172.31.36.0-255,66,189888,17,345942
42735,0.001503,74.125.68.0-255,4320,194208,17,345942
42736,0.001508,172.31.36.0-255,66,194274,17,345942
42737,0.00154,172.31.36.0-255,66,194340,17,345942
42738,0.001544,74.125.68.0-255,2902,197242,17,345942
42739,0.001546,172.31.36.0-255,66,197308,17,345942
42740,0.001587,74.125.68.0-255,5020,202328,17,345942
42741,0.001592,172.31.36.0-255,66,202394,17,345942
42742,0.001966,74.125.68.0-255,1484,203878,17,345942
42743,0.001975,74.125.68.0-255,2902,206780,17,345942
42744,0.001979,172.31.36.0-255,66,206846,17,345942
42745,0.001983,74.125.68.0-255,1484,208330,17,345942
42746,0.002,74.125.68.0-255,5738,214068,17,345942
42747,0.002003,172.31.36.0-255,66,214134,17,345942
42748,0.002042,74.125.68.0-255,7156,221290,17,345942
42749,0.002047,172.31.36.0-255,66,221356,17,345942
42750,0.002076,172.31.36.0-255,66,221422,17,345942
42751,0.002096,74.125.68.0-255,6438,227860,17,345942
42752,0.002099,172.31.36.0-255,66,227926,17,345942
42753,0.002226,74.125.68.0-255,1484,229410,17,345942
42754,0.002232,74.125.68.0-255,1484,230894,17,345942
42755,0.002237,172.31.36.0-255,66,230960,17,345942
42756,0.002243,74.125.68.0-255,2902,233862,17,345942
42757,0.002245,172.31.36.0-255,66,233928,17,345942
42758,0.004451,74.125.68.0-255,2902,236830,17,345942
42759,0.004454,172.31.36.0-255,66,236896,17,345942
42760,0.004471,74.125.68.0-255,2902,239798,17,345942
42761,0.004473,172.31.36.0-255,66,239864,17,345942
42762,0.006681,74.125.68.0-255,4320,244184,17,345942
42763,0.006688,172.31.36.0-255,66,244250,17,345942
42764,0.006703,74.125.68.0-255,1484,245734,17,345942
42765,0.00891,74.125.68.0-255,4320,250054,17,345942
42766,0.008916,172.31.36.0-255,66,250120,17,345942
42767,0.011147,74.125.68.0-255,5738,255858,17,345942
42768,0.011155,172.31.36.0-255,66,255924,17,345942
42769,0.013386,74.125.68.0-255,5738,261662,17,345942
42770,0.013394,172.31.36.0-255,66,261728,17,345942
42771,0.01562,74.125.68.0-255,5738,267466,17,345942
42772,0.015628,172.31.36.0-255,66,267532,17,345942
42773,0.01786,74.125.68.0-255,5738,273270,17,345942
42774,0.017869,172.31.36.0-255,66,273336,17,345942
42775,0.020092,74.125.68.0-255,5738,279074,17,345942
42776,0.020099,172.31.36.0-255,66,279140,17,345942
42777,0.022341,74.125.68.0-255,5738,284878,17,345942
42778,0.02235,172.31.36.0-255,66,284944,17,345942
42779,0.024617,74.125.68.0-255,5738,290682,17,345942
42780,0.024624,172.31.36.0-255,66,290748,17,345942
42781,0.026848,74.125.68.0-255,5738,296486,17,345942
42782,0.026855,172.31.36.0-255,66,296552,17,345942
42783,0.029074,74.125.68.0-255,5738,302290,17,345942
42784,0.029081,172.31.36.0-255,66,302356,17,345942
42785,0.031312,74.125.68.0-255,5738,308094,17,345942
42786,0.03132,172.31.36.0-255,66,308160,17,345942
42787,0.033084,172.31.36.0-255,187,308347,17,345942
42788,0.033115,172.31.36.0-255,985,309332,17,345942
42789,0.033176,172.31.36.0-255,1514,310846,17,345942
42790,0.033178,172.31.36.0-255,1403,312249,17,345942
42791,0.03355,74.125.68.0-255,5738,317987,17,345942
42792,0.033557,172.31.36.0-255,66,318053,17,345942
42793,0.034639,104.244.42.0-255,66,318119,17,345942
42794,0.034687,104.244.42.0-255,66,318185,17,345942
42795,0.034728,104.244.42.0-255,66,318251,17,345942
42796,0.03534,104.244.42.0-255,108,318359,17,345942
42797,0.035361,172.31.36.0-255,66,318425,17,345942
42798,0.035781,74.125.68.0-255,5738,324163,17,345942
42799,0.035785,172.31.36.0-255,66,324229,17,345942
42800,0.038007,74.125.68.0-255,5738,329967,17,345942
42801,0.038012,172.31.36.0-255,66,330033,17,345942
42802,0.04023,74.125.68.0-255,5738,335771,17,345942
42803,0.040235,172.31.36.0-255,66,335837,17,345942
42804,0.042469,74.125.68.0-255,5738,341575,17,345942
42805,0.042475,172.31.36.0-255,66,341641,17,345942
42806,0.044692,74.125.68.0-255,4064,345705,17,345942
42807,0.044699,172.31.36.0-255,66,345771,17,345942
42808,0.044891,172.31.36.0-255,105,345876,17,345942
42809,0.047077,74.125.68.0-255,66,345942,17,345942
42810,0.0,74.125.68.0-255,151,151,17,292472
42811,4e-05,172.31.36.0-255,66,217,17,292472
42812,4.8e-05,74.125.68.0-255,1484,1701,17,292472
42813,5.3e-05,172.31.36.0-255,66,1767,17,292472
42814,5.8e-05,74.125.68.0-255,2902,4669,17,292472
42815,6.2e-05,172.31.36.0-255,66,4735,17,292472
42816,6.7e-05,74.125.68.0-255,2902,7637,17,292472
42817,7e-05,172.31.36.0-255,66,7703,17,292472
42818,7.7e-05,74.125.68.0-255,4320,12023,17,292472
42819,8e-05,172.31.36.0-255,66,12089,17,292472
42820,8.4e-05,74.125.68.0-255,2066,14155,17,292472
42821,8.6e-05,172.31.36.0-255,66,14221,17,292472
42822,0.000122,74.125.68.0-255,1484,15705,17,292472
42823,0.000125,172.31.36.0-255,66,15771,17,292472
42824,0.000157,74.125.68.0-255,2902,18673,17,292472
42825,0.000159,172.31.36.0-255,66,18739,17,292472
42826,0.000166,74.125.68.0-255,5738,24477,17,292472
42827,0.000168,172.31.36.0-255,66,24543,17,292472
42828,0.000171,74.125.68.0-255,1484,26027,17,292472
42829,0.000173,172.31.36.0-255,66,26093,17,292472
42830,0.000196,74.125.68.0-255,1484,27577,17,292472
42831,0.000198,172.31.36.0-255,66,27643,17,292472
42832,0.000236,172.31.36.0-255,66,27709,17,292472
42833,0.000254,74.125.68.0-255,1484,29193,17,292472
42834,0.000256,172.31.36.0-255,66,29259,17,292472
42835,0.000279,74.125.68.0-255,5738,34997,17,292472
42836,0.000282,172.31.36.0-255,66,35063,17,292472
42837,0.000298,74.125.68.0-255,1484,36547,17,292472
42838,0.0003,172.31.36.0-255,66,36613,17,292472
42839,0.000304,74.125.68.0-255,1484,38097,17,292472
42840,0.000306,172.31.36.0-255,66,38163,17,292472
42841,0.00031,74.125.68.0-255,2543,40706,17,292472
42842,0.000312,172.31.36.0-255,66,40772,17,292472
42843,0.000964,74.125.68.0-255,1484,42256,17,292472
42844,0.000991,74.125.68.0-255,1484,43740,17,292472
42845,0.000996,172.31.36.0-255,66,43806,17,292472
42846,0.001002,74.125.68.0-255,2902,46708,17,292472
42847,0.001005,172.31.36.0-255,66,46774,17,292472
42848,0.00101,74.125.68.0-255,5738,52512,17,292472
42849,0.001012,172.31.36.0-255,66,52578,17,292472
42850,0.001039,74.125.68.0-255,5379,57957,17,292472
42851,0.001041,172.31.36.0-255,66,58023,17,292472
42852,0.001045,74.125.68.0-255,1484,59507,17,292472
42853,0.001082,74.125.68.0-255,2902,62409,17,292472
42854,0.001084,172.31.36.0-255,66,62475,17,292472
42855,0.001097,74.125.68.0-255,1484,63959,17,292472
42856,0.001108,172.31.36.0-255,66,64025,17,292472
42857,0.001127,74.125.68.0-255,1484,65509,17,292472
42858,0.001141,74.125.68.0-255,4542,70051,17,292472
42859,0.001144,172.31.36.0-255,66,70117,17,292472
42860,0.001182,74.125.68.0-255,4320,74437,17,292472
42861,0.001184,172.31.36.0-255,66,74503,17,292472
42862,0.001197,74.125.68.0-255,1484,75987,17,292472
42863,0.001214,74.125.68.0-255,7156,83143,17,292472
42864,0.001217,74.125.68.0-255,1125,84268,17,292472
42865,0.001225,172.31.36.0-255,66,84334,17,292472
42866,0.001595,172.31.36.0-255,66,84400,17,292472
42867,0.001993,74.125.68.0-255,1484,85884,17,292472
42868,0.002004,74.125.68.0-255,2902,88786,17,292472
42869,0.002008,172.31.36.0-255,66,88852,17,292472
42870,0.002017,74.125.68.0-255,5738,94590,17,292472
42871,0.002019,172.31.36.0-255,66,94656,17,292472
42872,0.002025,74.125.68.0-255,5738,100394,17,292472
42873,0.002027,172.31.36.0-255,66,100460,17,292472
42874,0.002033,74.125.68.0-255,4320,104780,17,292472
42875,0.002035,172.31.36.0-255,66,104846,17,292472
42876,0.002052,74.125.68.0-255,2902,107748,17,292472
42877,0.002054,172.31.36.0-255,66,107814,17,292472
42878,0.002067,172.31.36.0-255,66,107880,17,292472
42879,0.004113,74.125.68.0-255,5738,113618,17,292472
42880,0.00412,172.31.36.0-255,66,113684,17,292472
42881,0.006165,74.125.68.0-255,5738,119422,17,292472
42882,0.00617,172.31.36.0-255,66,119488,17,292472
42883,0.008236,74.125.68.0-255,5738,125226,17,292472
42884,0.008247,172.31.36.0-255,66,125292,17,292472
42885,0.010312,74.125.68.0-255,5738,131030,17,292472
42886,0.010328,172.31.36.0-255,66,131096,17,292472
42887,0.012397,74.125.68.0-255,5738,136834,17,292472
42888,0.012415,172.31.36.0-255,66,136900,17,292472
42889,0.014487,74.125.68.0-255,5738,142638,17,292472
42890,0.014503,172.31.36.0-255,66,142704,17,292472
42891,0.016562,74.125.68.0-255,5738,148442,17,292472
42892,0.016579,172.31.36.0-255,66,148508,17,292472
42893,0.01864,74.125.68.0-255,5738,154246,17,292472
42894,0.018653,172.31.36.0-255,66,154312,17,292472
42895,0.020717,74.125.68.0-255,5738,160050,17,292472
42896,0.020727,172.31.36.0-255,66,160116,17,292472
42897,0.022026,172.31.36.0-255,172,160288,17,292472
42898,0.022091,172.31.36.0-255,1116,161404,17,292472
42899,0.022111,172.31.36.0-255,1514,162918,17,292472
42900,0.022113,172.31.36.0-255,1272,164190,17,292472
42901,0.022787,74.125.68.0-255,5738,169928,17,292472
42902,0.022797,172.31.36.0-255,66,169994,17,292472
42903,0.023569,104.244.42.0-255,66,170060,17,292472
42904,0.02369,104.244.42.0-255,66,170126,17,292472
42905,0.023692,104.244.42.0-255,66,170192,17,292472
42906,0.024838,74.125.68.0-255,4320,174512,17,292472
42907,0.024843,172.31.36.0-255,66,174578,17,292472
42908,0.024872,74.125.68.0-255,1484,176062,17,292472
42909,0.026898,74.125.68.0-255,4320,180382,17,292472
42910,0.026905,172.31.36.0-255,66,180448,17,292472
42911,0.028942,74.125.68.0-255,4320,184768,17,292472
42912,0.028949,172.31.36.0-255,66,184834,17,292472
42913,0.028975,74.125.68.0-255,1484,186318,17,292472
42914,0.030977,74.125.68.0-255,4320,190638,17,292472
42915,0.030984,172.31.36.0-255,66,190704,17,292472
42916,0.03302,74.125.68.0-255,4320,195024,17,292472
42917,0.033028,172.31.36.0-255,66,195090,17,292472
42918,0.033058,74.125.68.0-255,1484,196574,17,292472
42919,0.035071,74.125.68.0-255,4320,200894,17,292472
42920,0.035079,172.31.36.0-255,66,200960,17,292472
42921,0.037123,74.125.68.0-255,5738,206698,17,292472
42922,0.037132,172.31.36.0-255,66,206764,17,292472
42923,0.039182,74.125.68.0-255,5738,212502,17,292472
42924,0.039189,172.31.36.0-255,66,212568,17,292472
42925,0.041256,74.125.68.0-255,5738,218306,17,292472
42926,0.041269,172.31.36.0-255,66,218372,17,292472
42927,0.043353,74.125.68.0-255,5738,224110,17,292472
42928,0.04337,172.31.36.0-255,66,224176,17,292472
42929,0.045444,74.125.68.0-255,5738,229914,17,292472
42930,0.045458,172.31.36.0-255,66,229980,17,292472
42931,0.047525,74.125.68.0-255,5738,235718,17,292472
42932,0.047538,172.31.36.0-255,66,235784,17,292472
42933,0.049589,74.125.68.0-255,5738,241522,17,292472
42934,0.0496,172.31.36.0-255,66,241588,17,292472
42935,0.05165,74.125.68.0-255,5738,247326,17,292472
42936,0.051661,172.31.36.0-255,66,247392,17,292472
42937,0.053706,74.125.68.0-255,5738,253130,17,292472
42938,0.053716,172.31.36.0-255,66,253196,17,292472
42939,0.055764,74.125.68.0-255,5738,258934,17,292472
42940,0.05577,172.31.36.0-255,66,259000,17,292472
42941,0.057825,74.125.68.0-255,5738,264738,17,292472
42942,0.057831,172.31.36.0-255,66,264804,17,292472
42943,0.059872,74.125.68.0-255,5738,270542,17,292472
42944,0.059878,172.31.36.0-255,66,270608,17,292472
42945,0.061922,74.125.68.0-255,5738,276346,17,292472
42946,0.061928,172.31.36.0-255,66,276412,17,292472
42947,0.063969,74.125.68.0-255,4320,280732,17,292472
42948,0.063975,172.31.36.0-255,66,280798,17,292472
42949,0.063999,74.125.68.0-255,1484,282282,17,292472
42950,0.066014,74.125.68.0-255,4320,286602,17,292472
42951,0.06602,172.31.36.0-255,66,286668,17,292472
42952,0.068066,74.125.68.0-255,5738,292406,17,292472
42953,0.068077,172.31.36.0-255,66,292472,17,292472
42954,0.0,74.125.24.0-255,146,146,17,207761
42955,2.4e-05,172.31.36.0-255,66,212,17,207761
42956,3.1e-05,74.125.24.0-255,1484,1696,17,207761
42957,3.5e-05,172.31.36.0-255,66,1762,17,207761
42958,7.3e-05,74.125.24.0-255,2902,4664,17,207761
42959,7.6e-05,172.31.36.0-255,66,4730,17,207761
42960,8.3e-05,74.125.24.0-255,5738,10468,17,207761
42961,8.5e-05,172.31.36.0-255,66,10534,17,207761
42962,0.000186,74.125.24.0-255,3498,14032,17,207761
42963,0.000189,172.31.36.0-255,66,14098,17,207761
42964,0.00025,74.125.24.0-255,4320,18418,17,207761
42965,0.000254,172.31.36.0-255,66,18484,17,207761
42966,0.000326,172.31.36.0-255,66,18550,17,207761
42967,0.00049,74.125.24.0-255,2543,21093,17,207761
42968,0.000495,172.31.36.0-255,66,21159,17,207761
42969,0.000531,74.125.24.0-255,2902,24061,17,207761
42970,0.000535,172.31.36.0-255,66,24127,17,207761
42971,0.000587,74.125.24.0-255,7156,31283,17,207761
42972,0.000591,172.31.36.0-255,66,31349,17,207761
42973,0.000743,172.31.36.0-255,66,31415,17,207761
42974,0.000771,74.125.24.0-255,5379,36794,17,207761
42975,0.000775,172.31.36.0-255,66,36860,17,207761
42976,0.000979,74.125.24.0-255,7156,44016,17,207761
42977,0.000983,172.31.36.0-255,66,44082,17,207761
42978,0.001008,74.125.24.0-255,1125,45207,17,207761
42979,0.00101,172.31.36.0-255,66,45273,17,207761
42980,0.001105,74.125.24.0-255,646,45919,17,207761
42981,0.001108,172.31.36.0-255,66,45985,17,207761
42982,0.001146,172.31.36.0-255,66,46051,17,207761
42983,0.001338,172.31.36.0-255,66,46117,17,207761
42984,0.001388,172.31.36.0-255,66,46183,17,207761
42985,0.001727,172.31.36.0-255,66,46249,17,207761
42986,0.006557,172.31.36.0-255,66,46315,17,207761
42987,0.008886,74.125.24.0-255,5738,52053,17,207761
42988,0.008893,172.31.36.0-255,66,52119,17,207761
42989,0.011189,74.125.24.0-255,2902,55021,17,207761
42990,0.011198,172.31.36.0-255,66,55087,17,207761
42991,0.011228,74.125.24.0-255,2902,57989,17,207761
42992,0.011574,172.31.36.0-255,66,58055,17,207761
42993,0.013507,74.125.24.0-255,2902,60957,17,207761
42994,0.013514,172.31.36.0-255,66,61023,17,207761
42995,0.013876,74.125.24.0-255,2902,63925,17,207761
42996,0.014735,172.31.36.0-255,66,63991,17,207761
42997,0.015831,74.125.24.0-255,2902,66893,17,207761
42998,0.01584,172.31.36.0-255,66,66959,17,207761
42999,0.017027,74.125.24.0-255,2902,69861,17,207761
43000,0.018101,172.31.36.0-255,66,69927,17,207761
43001,0.018152,74.125.24.0-255,2902,72829,17,207761
43002,0.018171,172.31.36.0-255,66,72895,17,207761
43003,0.020413,74.125.24.0-255,2902,75797,17,207761
43004,0.020421,172.31.36.0-255,66,75863,17,207761
43005,0.020486,74.125.24.0-255,2902,78765,17,207761
43006,0.020521,172.31.36.0-255,66,78831,17,207761
43007,0.022708,74.125.24.0-255,2902,81733,17,207761
43008,0.022716,172.31.36.0-255,66,81799,17,207761
43009,0.022813,74.125.24.0-255,2902,84701,17,207761
43010,0.022915,172.31.36.0-255,66,84767,17,207761
43011,0.02503,74.125.24.0-255,2902,87669,17,207761
43012,0.025037,172.31.36.0-255,66,87735,17,207761
43013,0.025206,74.125.24.0-255,2902,90637,17,207761
43014,0.02521,172.31.36.0-255,66,90703,17,207761
43015,0.02737,74.125.24.0-255,2902,93605,17,207761
43016,0.027378,172.31.36.0-255,66,93671,17,207761
43017,0.027532,74.125.24.0-255,2902,96573,17,207761
43018,0.027538,172.31.36.0-255,66,96639,17,207761
43019,0.029682,74.125.24.0-255,2902,99541,17,207761
43020,0.029695,172.31.36.0-255,66,99607,17,207761
43021,0.029861,74.125.24.0-255,2902,102509,17,207761
43022,0.029956,172.31.36.0-255,66,102575,17,207761
43023,0.031988,74.125.24.0-255,2902,105477,17,207761
43024,0.031996,172.31.36.0-255,66,105543,17,207761
43025,0.032267,74.125.24.0-255,2902,108445,17,207761
43026,0.032273,172.31.36.0-255,66,108511,17,207761
43027,0.034281,74.125.24.0-255,2902,111413,17,207761
43028,0.034288,172.31.36.0-255,66,111479,17,207761
43029,0.034583,74.125.24.0-255,2902,114381,17,207761
43030,0.034589,172.31.36.0-255,66,114447,17,207761
43031,0.035808,172.31.36.0-255,172,114619,17,207761
43032,0.035836,172.31.36.0-255,1117,115736,17,207761
43033,0.035897,172.31.36.0-255,1514,117250,17,207761
43034,0.035899,172.31.36.0-255,1273,118523,17,207761
43035,0.036588,74.125.24.0-255,2902,121425,17,207761
43036,0.036595,172.31.36.0-255,66,121491,17,207761
43037,0.0369,74.125.24.0-255,2902,124393,17,207761
43038,0.036907,172.31.36.0-255,66,124459,17,207761
43039,0.037344,104.244.42.0-255,66,124525,17,207761
43040,0.037408,104.244.42.0-255,66,124591,17,207761
43041,0.03743,104.244.42.0-255,66,124657,17,207761
43042,0.038913,74.125.24.0-255,2902,127559,17,207761
43043,0.038919,172.31.36.0-255,66,127625,17,207761
43044,0.039207,74.125.24.0-255,2902,130527,17,207761
43045,0.039213,172.31.36.0-255,66,130593,17,207761
43046,0.041202,74.125.24.0-255,2902,133495,17,207761
43047,0.041209,172.31.36.0-255,66,133561,17,207761
43048,0.04152,74.125.24.0-255,2902,136463,17,207761
43049,0.041526,172.31.36.0-255,66,136529,17,207761
43050,0.043501,74.125.24.0-255,2902,139431,17,207761
43051,0.043508,172.31.36.0-255,66,139497,17,207761
43052,0.043817,74.125.24.0-255,2902,142399,17,207761
43053,0.043823,172.31.36.0-255,66,142465,17,207761
43054,0.045834,74.125.24.0-255,2902,145367,17,207761
43055,0.045842,172.31.36.0-255,66,145433,17,207761
43056,0.046132,74.125.24.0-255,2902,148335,17,207761
43057,0.046138,172.31.36.0-255,66,148401,17,207761
43058,0.048139,74.125.24.0-255,2902,151303,17,207761
43059,0.048149,172.31.36.0-255,66,151369,17,207761
43060,0.048436,74.125.24.0-255,2902,154271,17,207761
43061,0.048442,172.31.36.0-255,66,154337,17,207761
43062,0.050463,74.125.24.0-255,2902,157239,17,207761
43063,0.05047,172.31.36.0-255,66,157305,17,207761
43064,0.050753,74.125.24.0-255,2902,160207,17,207761
43065,0.05076,172.31.36.0-255,66,160273,17,207761
43066,0.052775,74.125.24.0-255,2902,163175,17,207761
43067,0.052783,172.31.36.0-255,66,163241,17,207761
43068,0.053038,74.125.24.0-255,2902,166143,17,207761
43069,0.053044,172.31.36.0-255,66,166209,17,207761
43070,0.055086,74.125.24.0-255,2902,169111,17,207761
43071,0.055093,172.31.36.0-255,66,169177,17,207761
43072,0.055373,74.125.24.0-255,2902,172079,17,207761
43073,0.05538,172.31.36.0-255,66,172145,17,207761
43074,0.057391,74.125.24.0-255,2902,175047,17,207761
43075,0.057398,172.31.36.0-255,66,175113,17,207761
43076,0.057691,74.125.24.0-255,2902,178015,17,207761
43077,0.057698,172.31.36.0-255,66,178081,17,207761
43078,0.059694,74.125.24.0-255,2902,180983,17,207761
43079,0.059701,172.31.36.0-255,66,181049,17,207761
43080,0.059976,74.125.24.0-255,2902,183951,17,207761
43081,0.060473,172.31.36.0-255,66,184017,17,207761
43082,0.06201,74.125.24.0-255,2902,186919,17,207761
43083,0.06203,172.31.36.0-255,66,186985,17,207761
43084,0.062771,74.125.24.0-255,2902,189887,17,207761
43085,0.062778,172.31.36.0-255,66,189953,17,207761
43086,0.064321,74.125.24.0-255,2902,192855,17,207761
43087,0.064328,172.31.36.0-255,66,192921,17,207761
43088,0.065107,74.125.24.0-255,2902,195823,17,207761
43089,0.065114,172.31.36.0-255,66,195889,17,207761
43090,0.066645,74.125.24.0-255,2902,198791,17,207761
43091,0.066656,172.31.36.0-255,66,198857,17,207761
43092,0.067426,74.125.24.0-255,2902,201759,17,207761
43093,0.067433,172.31.36.0-255,66,201825,17,207761
43094,0.06896,74.125.24.0-255,2902,204727,17,207761
43095,0.068967,172.31.36.0-255,66,204793,17,207761
43096,0.069739,74.125.24.0-255,2902,207695,17,207761
43097,0.069745,172.31.36.0-255,66,207761,17,207761
43098,0.0,172.217.194.0-255,153,153,17,180783
43099,2.8e-05,172.31.36.0-255,66,219,17,180783
43100,3.5e-05,172.217.194.0-255,1484,1703,17,180783
43101,4e-05,172.31.36.0-255,66,1769,17,180783
43102,4.6e-05,172.217.194.0-255,2902,4671,17,180783
43103,5.6e-05,172.31.36.0-255,66,4737,17,180783
43104,6.2e-05,172.217.194.0-255,4320,9057,17,180783
43105,6.4e-05,172.31.36.0-255,66,9123,17,180783
43106,7.5e-05,172.31.36.0-255,66,9189,17,180783
43107,0.000109,172.217.194.0-255,630,9819,17,180783
43108,0.000112,172.31.36.0-255,66,9885,17,180783
43109,0.000126,172.31.36.0-255,66,9951,17,180783
43110,0.000129,172.217.194.0-255,1125,11076,17,180783
43111,0.000132,172.31.36.0-255,66,11142,17,180783
43112,0.000178,172.217.194.0-255,1484,12626,17,180783
43113,0.000182,172.31.36.0-255,66,12692,17,180783
43114,0.000187,172.217.194.0-255,2902,15594,17,180783
43115,0.000189,172.31.36.0-255,66,15660,17,180783
43116,0.000192,172.217.194.0-255,1484,17144,17,180783
43117,0.000195,172.31.36.0-255,66,17210,17,180783
43118,0.000214,172.217.194.0-255,4320,21530,17,180783
43119,0.000221,172.31.36.0-255,66,21596,17,180783
43120,0.000246,172.31.36.0-255,66,21662,17,180783
43121,0.000258,172.31.36.0-255,66,21728,17,180783
43122,0.000288,172.217.194.0-255,4250,25978,17,180783
43123,0.000291,172.31.36.0-255,66,26044,17,180783
43124,0.000383,172.217.194.0-255,99,26143,17,180783
43125,0.000387,172.31.36.0-255,66,26209,17,180783
43126,0.000607,172.217.194.0-255,1484,27693,17,180783
43127,0.000614,172.217.194.0-255,2902,30595,17,180783
43128,0.000617,172.31.36.0-255,66,30661,17,180783
43129,0.000621,172.217.194.0-255,2902,33563,17,180783
43130,0.000623,172.31.36.0-255,66,33629,17,180783
43131,0.000651,172.217.194.0-255,2902,36531,17,180783
43132,0.000654,172.31.36.0-255,66,36597,17,180783
43133,0.00066,172.217.194.0-255,4320,40917,17,180783
43134,0.000662,172.31.36.0-255,66,40983,17,180783
43135,0.000665,172.217.194.0-255,1484,42467,17,180783
43136,0.00071,172.31.36.0-255,66,42533,17,180783
43137,0.000721,172.31.36.0-255,66,42599,17,180783
43138,0.000787,172.31.36.0-255,66,42665,17,180783
43139,0.000802,172.31.36.0-255,66,42731,17,180783
43140,0.000823,172.217.194.0-255,1484,44215,17,180783
43141,0.00083,172.217.194.0-255,3902,48117,17,180783
43142,0.000833,172.31.36.0-255,66,48183,17,180783
43143,0.000861,172.217.194.0-255,5738,53921,17,180783
43144,0.000864,172.31.36.0-255,66,53987,17,180783
43145,0.000871,172.217.194.0-255,7156,61143,17,180783
43146,0.000873,172.31.36.0-255,66,61209,17,180783
43147,0.000919,172.31.36.0-255,66,61275,17,180783
43148,0.000925,172.217.194.0-255,6438,67713,17,180783
43149,0.000927,172.31.36.0-255,66,67779,17,180783
43150,0.000969,172.217.194.0-255,5738,73517,17,180783
43151,0.000973,172.31.36.0-255,66,73583,17,180783
43152,0.001021,172.31.36.0-255,66,73649,17,180783
43153,0.001033,172.31.36.0-255,66,73715,17,180783
43154,0.001044,172.31.36.0-255,66,73781,17,180783
43155,0.001067,172.217.194.0-255,2902,76683,17,180783
43156,0.00107,172.31.36.0-255,66,76749,17,180783
43157,0.001075,172.217.194.0-255,4320,81069,17,180783
43158,0.001077,172.31.36.0-255,66,81135,17,180783
43159,0.001127,172.31.36.0-255,66,81201,17,180783
43160,0.001173,172.217.194.0-255,1484,82685,17,180783
43161,0.001179,172.217.194.0-255,2902,85587,17,180783
43162,0.001182,172.31.36.0-255,66,85653,17,180783
43163,0.001187,172.217.194.0-255,4320,89973,17,180783
43164,0.00119,172.31.36.0-255,66,90039,17,180783
43165,0.001217,172.217.194.0-255,1484,91523,17,180783
43166,0.001223,172.217.194.0-255,4320,95843,17,180783
43167,0.001234,172.217.194.0-255,5738,101581,17,180783
43168,0.001233,172.31.36.0-255,66,101647,17,180783
43169,0.001237,172.31.36.0-255,66,101713,17,180783
43170,0.001261,172.217.194.0-255,5738,107451,17,180783
43171,0.001264,172.31.36.0-255,66,107517,17,180783
43172,0.001281,172.31.36.0-255,66,107583,17,180783
43173,0.001312,172.31.36.0-255,66,107649,17,180783
43174,0.001313,172.217.194.0-255,5738,113387,17,180783
43175,0.001315,172.31.36.0-255,66,113453,17,180783
43176,0.001392,172.31.36.0-255,66,113519,17,180783
43177,0.001397,172.217.194.0-255,3602,117121,17,180783
43178,0.0014,172.31.36.0-255,66,117187,17,180783
43179,0.001428,172.217.194.0-255,1484,118671,17,180783
43180,0.001433,172.217.194.0-255,2902,121573,17,180783
43181,0.001438,172.31.36.0-255,66,121639,17,180783
43182,0.001445,172.217.194.0-255,5738,127377,17,180783
43183,0.001447,172.31.36.0-255,66,127443,17,180783
43184,0.001479,172.31.36.0-255,66,127509,17,180783
43185,0.001523,172.217.194.0-255,5738,133247,17,180783
43186,0.001529,172.31.36.0-255,66,133313,17,180783
43187,0.001554,172.31.36.0-255,66,133379,17,180783
43188,0.001593,172.217.194.0-255,7156,140535,17,180783
43189,0.001596,172.31.36.0-255,66,140601,17,180783
43190,0.001607,172.31.36.0-255,66,140667,17,180783
43191,0.001612,172.217.194.0-255,4320,144987,17,180783
43192,0.001615,172.31.36.0-255,66,145053,17,180783
43193,0.001659,172.217.194.0-255,766,145819,17,180783
43194,0.001661,172.31.36.0-255,66,145885,17,180783
43195,0.001743,172.217.194.0-255,1484,147369,17,180783
43196,0.001746,172.31.36.0-255,66,147435,17,180783
43197,0.00175,172.217.194.0-255,1484,148919,17,180783
43198,0.001774,172.217.194.0-255,1484,150403,17,180783
43199,0.001777,172.31.36.0-255,66,150469,17,180783
43200,0.001784,172.217.194.0-255,5738,156207,17,180783
43201,0.001786,172.31.36.0-255,66,156273,17,180783
43202,0.001806,172.217.194.0-255,7156,163429,17,180783
43203,0.00181,172.31.36.0-255,66,163495,17,180783
43204,0.001852,172.31.36.0-255,66,163561,17,180783
43205,0.001859,172.217.194.0-255,5738,169299,17,180783
43206,0.001861,172.31.36.0-255,66,169365,17,180783
43207,0.001891,172.217.194.0-255,2184,171549,17,180783
43208,0.001894,172.31.36.0-255,66,171615,17,180783
43209,0.001901,172.217.194.0-255,4486,176101,17,180783
43210,0.001903,172.31.36.0-255,66,176167,17,180783
43211,0.001906,172.217.194.0-255,105,176272,17,180783
43212,0.003652,172.31.36.0-255,66,176338,17,180783
43213,0.00368,172.31.36.0-255,105,176443,17,180783
43214,0.005915,172.217.194.0-255,66,176509,17,180783
43215,0.029705,172.31.36.0-255,172,176681,17,180783
43216,0.029739,172.31.36.0-255,1116,177797,17,180783
43217,0.029767,172.31.36.0-255,1514,179311,17,180783
43218,0.029769,172.31.36.0-255,1274,180585,17,180783
43219,0.031248,104.244.42.0-255,66,180651,17,180783
43220,0.0313,104.244.42.0-255,66,180717,17,180783
43221,0.031343,104.244.42.0-255,66,180783,17,180783
43222,0.0,74.125.200.0-255,216,216,17,253228
43223,2.5e-05,172.31.36.0-255,66,282,17,253228
43224,3.2e-05,74.125.200.0-255,1484,1766,17,253228
43225,3.6e-05,172.31.36.0-255,66,1832,17,253228
43226,5.2e-05,74.125.200.0-255,4320,6152,17,253228
43227,5.5e-05,172.31.36.0-255,66,6218,17,253228
43228,6.2e-05,74.125.200.0-255,5738,11956,17,253228
43229,6.5e-05,172.31.36.0-255,66,12022,17,253228
43230,0.000109,74.125.200.0-255,1777,13799,17,253228
43231,0.000112,172.31.36.0-255,66,13865,17,253228
43232,0.000139,74.125.200.0-255,1484,15349,17,253228
43233,0.000141,172.31.36.0-255,66,15415,17,253228
43234,0.000147,74.125.200.0-255,2902,18317,17,253228
43235,0.000149,172.31.36.0-255,66,18383,17,253228
43236,0.000185,74.125.200.0-255,5738,24121,17,253228
43237,0.000188,172.31.36.0-255,66,24187,17,253228
43238,0.000206,74.125.200.0-255,6797,30984,17,253228
43239,0.000209,172.31.36.0-255,66,31050,17,253228
43240,0.000575,74.125.200.0-255,1484,32534,17,253228
43241,0.000582,172.31.36.0-255,66,32600,17,253228
43242,0.000589,74.125.200.0-255,2902,35502,17,253228
43243,0.000591,172.31.36.0-255,66,35568,17,253228
43244,0.000601,74.125.200.0-255,2902,38470,17,253228
43245,0.000604,172.31.36.0-255,66,38536,17,253228
43246,0.000629,74.125.200.0-255,2902,41438,17,253228
43247,0.000633,172.31.36.0-255,66,41504,17,253228
43248,0.000644,172.31.36.0-255,66,41570,17,253228
43249,0.00067,74.125.200.0-255,5738,47308,17,253228
43250,0.000673,172.31.36.0-255,66,47374,17,253228
43251,0.000696,74.125.200.0-255,2902,50276,17,253228
43252,0.000699,172.31.36.0-255,66,50342,17,253228
43253,0.000705,74.125.200.0-255,4320,54662,17,253228
43254,0.000708,172.31.36.0-255,66,54728,17,253228
43255,0.000736,74.125.200.0-255,2853,57581,17,253228
43256,0.000739,172.31.36.0-255,66,57647,17,253228
43257,0.000935,74.125.200.0-255,112,57759,17,253228
43258,0.00094,74.125.200.0-255,331,58090,17,253228
43259,0.001199,172.31.36.0-255,66,58156,17,253228
43260,0.001461,74.125.200.0-255,1484,59640,17,253228
43261,0.001472,74.125.200.0-255,2902,62542,17,253228
43262,0.001476,172.31.36.0-255,66,62608,17,253228
43263,0.001484,74.125.200.0-255,4320,66928,17,253228
43264,0.001486,172.31.36.0-255,66,66994,17,253228
43265,0.001499,74.125.200.0-255,5738,72732,17,253228
43266,0.001501,172.31.36.0-255,66,72798,17,253228
43267,0.00155,172.31.36.0-255,66,72864,17,253228
43268,0.001557,74.125.200.0-255,5738,78602,17,253228
43269,0.001559,172.31.36.0-255,66,78668,17,253228
43270,0.001585,74.125.200.0-255,2184,80852,17,253228
43271,0.001588,172.31.36.0-255,66,80918,17,253228
43272,0.003874,74.125.200.0-255,2902,83820,17,253228
43273,0.003882,172.31.36.0-255,66,83886,17,253228
43274,0.00391,74.125.200.0-255,2902,86788,17,253228
43275,0.003913,172.31.36.0-255,66,86854,17,253228
43276,0.006218,74.125.200.0-255,2902,89756,17,253228
43277,0.006225,172.31.36.0-255,66,89822,17,253228
43278,0.006255,74.125.200.0-255,2902,92724,17,253228
43279,0.006258,172.31.36.0-255,66,92790,17,253228
43280,0.008539,74.125.200.0-255,2902,95692,17,253228
43281,0.008546,172.31.36.0-255,66,95758,17,253228
43282,0.008577,74.125.200.0-255,2902,98660,17,253228
43283,0.00858,172.31.36.0-255,66,98726,17,253228
43284,0.010875,74.125.200.0-255,2902,101628,17,253228
43285,0.010883,172.31.36.0-255,66,101694,17,253228
43286,0.01091,74.125.200.0-255,2902,104596,17,253228
43287,0.010912,172.31.36.0-255,66,104662,17,253228
43288,0.01322,74.125.200.0-255,2902,107564,17,253228
43289,0.013229,172.31.36.0-255,66,107630,17,253228
43290,0.013263,74.125.200.0-255,2902,110532,17,253228
43291,0.013266,172.31.36.0-255,66,110598,17,253228
43292,0.015557,74.125.200.0-255,2902,113500,17,253228
43293,0.015568,172.31.36.0-255,66,113566,17,253228
43294,0.015599,74.125.200.0-255,2902,116468,17,253228
43295,0.015601,172.31.36.0-255,66,116534,17,253228
43296,0.017895,74.125.200.0-255,2902,119436,17,253228
43297,0.017904,172.31.36.0-255,66,119502,17,253228
43298,0.01794,74.125.200.0-255,2902,122404,17,253228
43299,0.017943,172.31.36.0-255,66,122470,17,253228
43300,0.020253,74.125.200.0-255,2902,125372,17,253228
43301,0.020261,172.31.36.0-255,66,125438,17,253228
43302,0.020288,74.125.200.0-255,2902,128340,17,253228
43303,0.020291,172.31.36.0-255,66,128406,17,253228
43304,0.02261,74.125.200.0-255,5738,134144,17,253228
43305,0.022617,172.31.36.0-255,66,134210,17,253228
43306,0.024951,74.125.200.0-255,5738,139948,17,253228
43307,0.024959,172.31.36.0-255,66,140014,17,253228
43308,0.026879,172.31.36.0-255,190,140204,17,253228
43309,0.02691,172.31.36.0-255,1119,141323,17,253228
43310,0.026966,172.31.36.0-255,1514,142837,17,253228
43311,0.026968,172.31.36.0-255,1269,144106,17,253228
43312,0.027328,74.125.200.0-255,5738,149844,17,253228
43313,0.027334,172.31.36.0-255,66,149910,17,253228
43314,0.028442,104.244.42.0-255,66,149976,17,253228
43315,0.028469,104.244.42.0-255,66,150042,17,253228
43316,0.028497,104.244.42.0-255,66,150108,17,253228
43317,0.029677,74.125.200.0-255,4320,154428,17,253228
43318,0.029683,172.31.36.0-255,66,154494,17,253228
43319,0.02971,74.125.200.0-255,1484,155978,17,253228
43320,0.032019,74.125.200.0-255,4320,160298,17,253228
43321,0.032027,172.31.36.0-255,66,160364,17,253228
43322,0.034392,74.125.200.0-255,5738,166102,17,253228
43323,0.034398,172.31.36.0-255,66,166168,17,253228
43324,0.036739,74.125.200.0-255,5738,171906,17,253228
43325,0.036746,172.31.36.0-255,66,171972,17,253228
43326,0.03909,74.125.200.0-255,5738,177710,17,253228
43327,0.039097,172.31.36.0-255,66,177776,17,253228
43328,0.041481,74.125.200.0-255,5738,183514,17,253228
43329,0.041488,172.31.36.0-255,66,183580,17,253228
43330,0.043831,74.125.200.0-255,5738,189318,17,253228
43331,0.043839,172.31.36.0-255,66,189384,17,253228
43332,0.046177,74.125.200.0-255,5738,195122,17,253228
43333,0.046184,172.31.36.0-255,66,195188,17,253228
43334,0.048514,74.125.200.0-255,5738,200926,17,253228
43335,0.048523,172.31.36.0-255,66,200992,17,253228
43336,0.050868,74.125.200.0-255,5738,206730,17,253228
43337,0.05088,172.31.36.0-255,66,206796,17,253228
43338,0.053232,74.125.200.0-255,5738,212534,17,253228
43339,0.05324,172.31.36.0-255,66,212600,17,253228
43340,0.05559,74.125.200.0-255,5738,218338,17,253228
43341,0.055597,172.31.36.0-255,66,218404,17,253228
43342,0.057943,74.125.200.0-255,5738,224142,17,253228
43343,0.057952,172.31.36.0-255,66,224208,17,253228
43344,0.060306,74.125.200.0-255,5738,229946,17,253228
43345,0.060315,172.31.36.0-255,66,230012,17,253228
43346,0.06268,74.125.200.0-255,5738,235750,17,253228
43347,0.06269,172.31.36.0-255,66,235816,17,253228
43348,0.065034,74.125.200.0-255,5738,241554,17,253228
43349,0.065044,172.31.36.0-255,66,241620,17,253228
43350,0.067387,74.125.200.0-255,5738,247358,17,253228
43351,0.067393,172.31.36.0-255,66,247424,17,253228
43352,0.069726,74.125.200.0-255,5738,253162,17,253228
43353,0.069736,172.31.36.0-255,66,253228,17,253228
43354,0.0,172.217.194.0-255,153,153,17,238228
43355,2.2e-05,172.31.36.0-255,66,219,17,238228
43356,3e-05,172.217.194.0-255,1484,1703,17,238228
43357,3.4e-05,172.31.36.0-255,66,1769,17,238228
43358,4e-05,172.217.194.0-255,2902,4671,17,238228
43359,4.4e-05,172.31.36.0-255,66,4737,17,238228
43360,5.2e-05,172.217.194.0-255,7156,11893,17,238228
43361,5.4e-05,172.31.36.0-255,66,11959,17,238228
43362,7.5e-05,172.217.194.0-255,2012,13971,17,238228
43363,7.7e-05,172.31.36.0-255,66,14037,17,238228
43364,0.000328,172.217.194.0-255,1484,15521,17,238228
43365,0.000334,172.31.36.0-255,66,15587,17,238228
43366,0.000339,172.217.194.0-255,1484,17071,17,238228
43367,0.000342,172.31.36.0-255,66,17137,17,238228
43368,0.000356,172.217.194.0-255,1484,18621,17,238228
43369,0.000358,172.31.36.0-255,66,18687,17,238228
43370,0.000366,172.217.194.0-255,5738,24425,17,238228
43371,0.000369,172.31.36.0-255,66,24491,17,238228
43372,0.000401,172.217.194.0-255,6797,31288,17,238228
43373,0.000404,172.31.36.0-255,66,31354,17,238228
43374,0.000436,172.217.194.0-255,5738,37092,17,238228
43375,0.000439,172.31.36.0-255,66,37158,17,238228
43376,0.000464,172.31.36.0-255,66,37224,17,238228
43377,0.00047,172.217.194.0-255,5738,42962,17,238228
43378,0.000472,172.31.36.0-255,66,43028,17,238228
43379,0.000537,172.31.36.0-255,66,43094,17,238228
43380,0.000759,172.217.194.0-255,364,43458,17,238228
43381,0.000763,172.31.36.0-255,66,43524,17,238228
43382,0.001062,172.217.194.0-255,1484,45008,17,238228
43383,0.001067,172.31.36.0-255,66,45074,17,238228
43384,0.001072,172.217.194.0-255,2902,47976,17,238228
43385,0.001074,172.31.36.0-255,66,48042,17,238228
43386,0.00108,172.217.194.0-255,2902,50944,17,238228
43387,0.001081,172.31.36.0-255,66,51010,17,238228
43388,0.001098,172.217.194.0-255,2902,53912,17,238228
43389,0.0011,172.31.36.0-255,66,53978,17,238228
43390,0.001116,172.217.194.0-255,5738,59716,17,238228
43391,0.001118,172.31.36.0-255,66,59782,17,238228
43392,0.00114,172.217.194.0-255,7156,66938,17,238228
43393,0.001142,172.31.36.0-255,66,67004,17,238228
43394,0.001173,172.217.194.0-255,2902,69906,17,238228
43395,0.001175,172.31.36.0-255,66,69972,17,238228
43396,0.001204,172.31.36.0-255,66,70038,17,238228
43397,0.001805,172.217.194.0-255,1484,71522,17,238228
43398,0.001817,172.217.194.0-255,2902,74424,17,238228
43399,0.001821,172.31.36.0-255,66,74490,17,238228
43400,0.001829,172.217.194.0-255,5738,80228,17,238228
43401,0.001831,172.31.36.0-255,66,80294,17,238228
43402,0.001834,172.217.194.0-255,1484,81778,17,238228
43403,0.001875,172.31.36.0-255,66,81844,17,238228
43404,0.001886,172.31.36.0-255,66,81910,17,238228
43405,0.002059,172.217.194.0-255,1484,83394,17,238228
43406,0.002066,172.217.194.0-255,2902,86296,17,238228
43407,0.00207,172.31.36.0-255,66,86362,17,238228
43408,0.002076,172.217.194.0-255,2902,89264,17,238228
43409,0.002078,172.31.36.0-255,66,89330,17,238228
43410,0.002103,172.217.194.0-255,2902,92232,17,238228
43411,0.002106,172.31.36.0-255,66,92298,17,238228
43412,0.002114,172.217.194.0-255,7156,99454,17,238228
43413,0.002116,172.31.36.0-255,66,99520,17,238228
43414,0.002145,172.217.194.0-255,5738,105258,17,238228
43415,0.002148,172.31.36.0-255,66,105324,17,238228
43416,0.002153,172.217.194.0-255,2902,108226,17,238228
43417,0.002155,172.31.36.0-255,66,108292,17,238228
43418,0.002168,172.31.36.0-255,66,108358,17,238228
43419,0.002171,172.217.194.0-255,1484,109842,17,238228
43420,0.002176,172.217.194.0-255,4320,114162,17,238228
43421,0.002178,172.31.36.0-255,66,114228,17,238228
43422,0.002217,172.31.36.0-255,66,114294,17,238228
43423,0.002245,172.31.36.0-255,66,114360,17,238228
43424,0.002251,172.217.194.0-255,5020,119380,17,238228
43425,0.002253,172.31.36.0-255,66,119446,17,238228
43426,0.00265,172.217.194.0-255,1484,120930,17,238228
43427,0.002655,172.217.194.0-255,2902,123832,17,238228
43428,0.002658,172.31.36.0-255,66,123898,17,238228
43429,0.002662,172.217.194.0-255,1484,125382,17,238228
43430,0.002678,172.217.194.0-255,4320,129702,17,238228
43431,0.002681,172.31.36.0-255,66,129768,17,238228
43432,0.002689,172.217.194.0-255,7156,136924,17,238228
43433,0.002691,172.31.36.0-255,66,136990,17,238228
43434,0.002728,172.31.36.0-255,66,137056,17,238228
43435,0.002748,172.217.194.0-255,4320,141376,17,238228
43436,0.00275,172.31.36.0-255,66,141442,17,238228
43437,0.002755,172.217.194.0-255,2184,143626,17,238228
43438,0.002757,172.31.36.0-255,66,143692,17,238228
43439,0.002934,172.217.194.0-255,1484,145176,17,238228
43440,0.002947,172.217.194.0-255,2902,148078,17,238228
43441,0.00295,172.31.36.0-255,66,148144,17,238228
43442,0.002954,172.217.194.0-255,2902,151046,17,238228
43443,0.002956,172.31.36.0-255,66,151112,17,238228
43444,0.00297,172.217.194.0-255,2902,154014,17,238228
43445,0.002973,172.31.36.0-255,66,154080,17,238228
43446,0.002978,172.217.194.0-255,2902,156982,17,238228
43447,0.002981,172.31.36.0-255,66,157048,17,238228
43448,0.003018,172.31.36.0-255,66,157114,17,238228
43449,0.003027,172.217.194.0-255,7156,164270,17,238228
43450,0.00303,172.31.36.0-255,66,164336,17,238228
43451,0.003075,172.31.36.0-255,66,164402,17,238228
43452,0.003104,172.217.194.0-255,4320,168722,17,238228
43453,0.003107,172.31.36.0-255,66,168788,17,238228
43454,0.003143,172.31.36.0-255,66,168854,17,238228
43455,0.003158,172.31.36.0-255,66,168920,17,238228
43456,0.003192,172.31.36.0-255,66,168986,17,238228
43457,0.003199,172.217.194.0-255,5020,174006,17,238228
43458,0.003201,172.31.36.0-255,66,174072,17,238228
43459,0.003206,172.217.194.0-255,4320,178392,17,238228
43460,0.003209,172.31.36.0-255,66,178458,17,238228
43461,0.003212,172.217.194.0-255,1484,179942,17,238228
43462,0.003219,172.217.194.0-255,5738,185680,17,238228
43463,0.003221,172.31.36.0-255,66,185746,17,238228
43464,0.003229,172.217.194.0-255,7156,192902,17,238228
43465,0.003232,172.31.36.0-255,66,192968,17,238228
43466,0.003237,172.217.194.0-255,5738,198706,17,238228
43467,0.00324,172.31.36.0-255,66,198772,17,238228
43468,0.003273,172.31.36.0-255,66,198838,17,238228
43469,0.003278,172.217.194.0-255,3602,202440,17,238228
43470,0.003279,172.31.36.0-255,66,202506,17,238228
43471,0.003285,172.217.194.0-255,4320,206826,17,238228
43472,0.003288,172.31.36.0-255,66,206892,17,238228
43473,0.003294,172.217.194.0-255,5738,212630,17,238228
43474,0.003296,172.31.36.0-255,66,212696,17,238228
43475,0.003302,172.217.194.0-255,5738,218434,17,238228
43476,0.003305,172.31.36.0-255,66,218500,17,238228
43477,0.003339,172.217.194.0-255,5738,224238,17,238228
43478,0.003342,172.31.36.0-255,66,224304,17,238228
43479,0.003353,172.31.36.0-255,66,224370,17,238228
43480,0.003359,172.217.194.0-255,4320,228690,17,238228
43481,0.003362,172.31.36.0-255,66,228756,17,238228
43482,0.003384,172.217.194.0-255,4792,233548,17,238228
43483,0.003386,172.31.36.0-255,66,233614,17,238228
43484,0.003389,172.217.194.0-255,105,233719,17,238228
43485,0.006838,172.31.36.0-255,66,233785,17,238228
43486,0.006878,172.31.36.0-255,105,233890,17,238228
43487,0.008949,172.217.194.0-255,66,233956,17,238228
43488,0.037397,172.31.36.0-255,172,234128,17,238228
43489,0.037435,172.31.36.0-255,1116,235244,17,238228
43490,0.037499,172.31.36.0-255,1514,236758,17,238228
43491,0.037501,172.31.36.0-255,1272,238030,17,238228
43492,0.038938,104.244.42.0-255,66,238096,17,238228
43493,0.038978,104.244.42.0-255,66,238162,17,238228
43494,0.039074,104.244.42.0-255,66,238228,17,238228
43495,0.0,172.217.160.0-255,143,143,17,297816
43496,2.3e-05,172.31.36.0-255,66,209,17,297816
43497,3.1e-05,172.217.160.0-255,1484,1693,17,297816
43498,3.5e-05,172.31.36.0-255,66,1759,17,297816
43499,4.1e-05,172.217.160.0-255,2902,4661,17,297816
43500,4.4e-05,172.31.36.0-255,66,4727,17,297816
43501,5.1e-05,172.217.160.0-255,7156,11883,17,297816
43502,5.5e-05,172.31.36.0-255,66,11949,17,297816
43503,0.000103,172.31.36.0-255,66,12015,17,297816
43504,0.000106,172.217.160.0-255,1484,13499,17,297816
43505,0.000108,172.31.36.0-255,66,13565,17,297816
43506,0.000124,172.217.160.0-255,1125,14690,17,297816
43507,0.000126,172.31.36.0-255,66,14756,17,297816
43508,0.000288,172.217.160.0-255,1484,16240,17,297816
43509,0.000293,172.31.36.0-255,66,16306,17,297816
43510,0.000299,172.217.160.0-255,2902,19208,17,297816
43511,0.000302,172.31.36.0-255,66,19274,17,297816
43512,0.000308,172.217.160.0-255,5738,25012,17,297816
43513,0.000311,172.31.36.0-255,66,25078,17,297816
43514,0.000323,172.31.36.0-255,66,25144,17,297816
43515,0.000348,172.217.160.0-255,5379,30523,17,297816
43516,0.00035,172.31.36.0-255,66,30589,17,297816
43517,0.000363,172.31.36.0-255,66,30655,17,297816
43518,0.000786,172.217.160.0-255,103,30758,17,297816
43519,0.000792,172.31.36.0-255,66,30824,17,297816
43520,0.00092,172.217.160.0-255,1484,32308,17,297816
43521,0.000923,172.31.36.0-255,66,32374,17,297816
43522,0.000929,172.217.160.0-255,2902,35276,17,297816
43523,0.000931,172.31.36.0-255,66,35342,17,297816
43524,0.000938,172.217.160.0-255,5738,41080,17,297816
43525,0.00094,172.31.36.0-255,66,41146,17,297816
43526,0.000964,172.217.160.0-255,4320,45466,17,297816
43527,0.000966,172.31.36.0-255,66,45532,17,297816
43528,0.000994,172.217.160.0-255,2543,48075,17,297816
43529,0.001011,172.217.160.0-255,2543,50618,17,297816
43530,0.001015,172.31.36.0-255,66,50684,17,297816
43531,0.001019,172.31.36.0-255,66,50750,17,297816
43532,0.001021,172.31.36.0-255,66,50816,17,297816
43533,0.001229,172.217.160.0-255,1484,52300,17,297816
43534,0.001238,172.217.160.0-255,2902,55202,17,297816
43535,0.001241,172.31.36.0-255,66,55268,17,297816
43536,0.001248,172.217.160.0-255,5738,61006,17,297816
43537,0.00125,172.31.36.0-255,66,61072,17,297816
43538,0.001276,172.217.160.0-255,7156,68228,17,297816
43539,0.001278,172.31.36.0-255,66,68294,17,297816
43540,0.001301,172.217.160.0-255,5738,74032,17,297816
43541,0.001303,172.31.36.0-255,66,74098,17,297816
43542,0.001328,172.217.160.0-255,7156,81254,17,297816
43543,0.001331,172.31.36.0-255,66,81320,17,297816
43544,0.001356,172.217.160.0-255,3602,84922,17,297816
43545,0.001358,172.31.36.0-255,66,84988,17,297816
43546,0.001373,172.31.36.0-255,66,85054,17,297816
43547,0.001379,172.217.160.0-255,7156,92210,17,297816
43548,0.001381,172.31.36.0-255,66,92276,17,297816
43549,0.001428,172.31.36.0-255,66,92342,17,297816
43550,0.001435,172.217.160.0-255,5738,98080,17,297816
43551,0.001437,172.31.36.0-255,66,98146,17,297816
43552,0.001462,172.31.36.0-255,66,98212,17,297816
43553,0.001473,172.31.36.0-255,66,98278,17,297816
43554,0.001501,172.217.160.0-255,7156,105434,17,297816
43555,0.001505,172.31.36.0-255,66,105500,17,297816
43556,0.001524,172.217.160.0-255,3602,109102,17,297816
43557,0.001527,172.31.36.0-255,66,109168,17,297816
43558,0.00154,172.31.36.0-255,66,109234,17,297816
43559,0.001586,172.31.36.0-255,66,109300,17,297816
43560,0.001609,172.217.160.0-255,3602,112902,17,297816
43561,0.001612,172.31.36.0-255,66,112968,17,297816
43562,0.003236,172.217.160.0-255,1484,114452,17,297816
43563,0.003261,172.217.160.0-255,4320,118772,17,297816
43564,0.003266,172.31.36.0-255,66,118838,17,297816
43565,0.004947,172.217.160.0-255,5738,124576,17,297816
43566,0.004951,172.31.36.0-255,66,124642,17,297816
43567,0.006603,172.217.160.0-255,5738,130380,17,297816
43568,0.006606,172.31.36.0-255,66,130446,17,297816
43569,0.008262,172.217.160.0-255,5738,136184,17,297816
43570,0.008268,172.31.36.0-255,66,136250,17,297816
43571,0.009946,172.217.160.0-255,5738,141988,17,297816
43572,0.009953,172.31.36.0-255,66,142054,17,297816
43573,0.011604,172.217.160.0-255,5738,147792,17,297816
43574,0.011612,172.31.36.0-255,66,147858,17,297816
43575,0.013275,172.217.160.0-255,5738,153596,17,297816
43576,0.013282,172.31.36.0-255,66,153662,17,297816
43577,0.01494,172.217.160.0-255,5738,159400,17,297816
43578,0.014946,172.31.36.0-255,66,159466,17,297816
43579,0.016598,172.217.160.0-255,5738,165204,17,297816
43580,0.016605,172.31.36.0-255,66,165270,17,297816
43581,0.01826,172.217.160.0-255,5738,171008,17,297816
43582,0.018265,172.31.36.0-255,66,171074,17,297816
43583,0.019919,172.217.160.0-255,5738,176812,17,297816
43584,0.019926,172.31.36.0-255,66,176878,17,297816
43585,0.021576,172.217.160.0-255,5738,182616,17,297816
43586,0.021583,172.31.36.0-255,66,182682,17,297816
43587,0.023242,172.217.160.0-255,5738,188420,17,297816
43588,0.023251,172.31.36.0-255,66,188486,17,297816
43589,0.024906,172.217.160.0-255,5738,194224,17,297816
43590,0.024914,172.31.36.0-255,66,194290,17,297816
43591,0.026572,172.217.160.0-255,5738,200028,17,297816
43592,0.026579,172.31.36.0-255,66,200094,17,297816
43593,0.028236,172.217.160.0-255,5738,205832,17,297816
43594,0.028243,172.31.36.0-255,66,205898,17,297816
43595,0.029903,172.217.160.0-255,5738,211636,17,297816
43596,0.02991,172.31.36.0-255,66,211702,17,297816
43597,0.031567,172.217.160.0-255,5738,217440,17,297816
43598,0.031574,172.31.36.0-255,66,217506,17,297816
43599,0.033236,172.217.160.0-255,5738,223244,17,297816
43600,0.033243,172.31.36.0-255,66,223310,17,297816
43601,0.034893,172.217.160.0-255,5738,229048,17,297816
43602,0.034902,172.31.36.0-255,66,229114,17,297816
43603,0.03658,172.217.160.0-255,5738,234852,17,297816
43604,0.036587,172.31.36.0-255,66,234918,17,297816
43605,0.038235,172.217.160.0-255,5738,240656,17,297816
43606,0.038241,172.31.36.0-255,66,240722,17,297816
43607,0.03858,172.31.36.0-255,172,240894,17,297816
43608,0.038611,172.31.36.0-255,1117,242011,17,297816
43609,0.038668,172.31.36.0-255,1514,243525,17,297816
43610,0.038669,172.31.36.0-255,1271,244796,17,297816
43611,0.039893,172.217.160.0-255,5738,250534,17,297816
43612,0.0399,172.31.36.0-255,66,250600,17,297816
43613,0.040102,104.244.42.0-255,66,250666,17,297816
43614,0.04012,104.244.42.0-255,66,250732,17,297816
43615,0.04019,104.244.42.0-255,66,250798,17,297816
43616,0.041549,172.217.160.0-255,5738,256536,17,297816
43617,0.041555,172.31.36.0-255,66,256602,17,297816
43618,0.04321,172.217.160.0-255,4320,260922,17,297816
43619,0.043216,172.31.36.0-255,66,260988,17,297816
43620,0.043231,172.217.160.0-255,1484,262472,17,297816
43621,0.044895,172.217.160.0-255,4320,266792,17,297816
43622,0.044902,172.31.36.0-255,66,266858,17,297816
43623,0.046556,172.217.160.0-255,5738,272596,17,297816
43624,0.046563,172.31.36.0-255,66,272662,17,297816
43625,0.048232,172.217.160.0-255,5738,278400,17,297816
43626,0.048245,172.31.36.0-255,66,278466,17,297816
43627,0.049901,172.217.160.0-255,5738,284204,17,297816
43628,0.04991,172.31.36.0-255,66,284270,17,297816
43629,0.051574,172.217.160.0-255,5738,290008,17,297816
43630,0.051584,172.31.36.0-255,66,290074,17,297816
43631,0.053251,172.217.160.0-255,5738,295812,17,297816
43632,0.053258,172.31.36.0-255,66,295878,17,297816
43633,0.054928,172.217.160.0-255,1701,297579,17,297816
43634,0.054935,172.31.36.0-255,66,297645,17,297816
43635,0.057904,172.31.36.0-255,105,297750,17,297816
43636,0.059531,172.217.160.0-255,66,297816,17,297816
43637,0.0,74.125.200.0-255,152,152,17,378926
43638,3.2e-05,172.31.36.0-255,66,218,17,378926
43639,3.9e-05,74.125.200.0-255,1484,1702,17,378926
43640,4.3e-05,172.31.36.0-255,66,1768,17,378926
43641,4.8e-05,74.125.200.0-255,2902,4670,17,378926
43642,5.8e-05,172.31.36.0-255,66,4736,17,378926
43643,6.5e-05,74.125.200.0-255,7156,11892,17,378926
43644,6.8e-05,172.31.36.0-255,66,11958,17,378926
43645,7.2e-05,74.125.200.0-255,2021,13979,17,378926
43646,7.4e-05,172.31.36.0-255,66,14045,17,378926
43647,0.000172,74.125.200.0-255,1484,15529,17,378926
43648,0.000176,172.31.36.0-255,66,15595,17,378926
43649,0.000203,74.125.200.0-255,2902,18497,17,378926
43650,0.000206,172.31.36.0-255,66,18563,17,378926
43651,0.000212,74.125.200.0-255,4320,22883,17,378926
43652,0.000214,172.31.36.0-255,66,22949,17,378926
43653,0.000243,74.125.200.0-255,1484,24433,17,378926
43654,0.000246,172.31.36.0-255,66,24499,17,378926
43655,0.000254,74.125.200.0-255,6797,31296,17,378926
43656,0.000256,172.31.36.0-255,66,31362,17,378926
43657,0.000259,74.125.200.0-255,1484,32846,17,378926
43658,0.000264,172.31.36.0-255,66,32912,17,378926
43659,0.000283,74.125.200.0-255,2902,35814,17,378926
43660,0.000286,172.31.36.0-255,66,35880,17,378926
43661,0.000289,74.125.200.0-255,1484,37364,17,378926
43662,0.000294,172.31.36.0-255,66,37430,17,378926
43663,0.000316,74.125.200.0-255,4320,41750,17,378926
43664,0.000319,172.31.36.0-255,66,41816,17,378926
43665,0.000323,74.125.200.0-255,2902,44718,17,378926
43666,0.000325,172.31.36.0-255,66,44784,17,378926
43667,0.000352,74.125.200.0-255,2902,47686,17,378926
43668,0.000354,74.125.200.0-255,1125,48811,17,378926
43669,0.000358,172.31.36.0-255,66,48877,17,378926
43670,0.000396,74.125.200.0-255,1484,50361,17,378926
43671,0.0004,172.31.36.0-255,66,50427,17,378926
43672,0.000403,74.125.200.0-255,1484,51911,17,378926
43673,0.000423,74.125.200.0-255,2902,54813,17,378926
43674,0.000427,172.31.36.0-255,66,54879,17,378926
43675,0.000431,74.125.200.0-255,2902,57781,17,378926
43676,0.000433,172.31.36.0-255,66,57847,17,378926
43677,0.000439,74.125.200.0-255,4320,62167,17,378926
43678,0.000446,172.31.36.0-255,66,62233,17,378926
43679,0.000472,74.125.200.0-255,1484,63717,17,378926
43680,0.000487,74.125.200.0-255,2543,66260,17,378926
43681,0.000489,172.31.36.0-255,66,66326,17,378926
43682,0.000515,74.125.200.0-255,647,66973,17,378926
43683,0.000597,74.125.200.0-255,1484,68457,17,378926
43684,0.0006,172.31.36.0-255,66,68523,17,378926
43685,0.000626,74.125.200.0-255,2902,71425,17,378926
43686,0.000629,172.31.36.0-255,66,71491,17,378926
43687,0.000634,74.125.200.0-255,4320,75811,17,378926
43688,0.000637,172.31.36.0-255,66,75877,17,378926
43689,0.000678,74.125.200.0-255,5738,81615,17,378926
43690,0.000681,172.31.36.0-255,66,81681,17,378926
43691,0.000705,74.125.200.0-255,2543,84224,17,378926
43692,0.000707,172.31.36.0-255,66,84290,17,378926
43693,0.000732,172.31.36.0-255,66,84356,17,378926
43694,0.000778,74.125.200.0-255,2902,87258,17,378926
43695,0.000781,172.31.36.0-255,66,87324,17,378926
43696,0.000799,74.125.200.0-255,5379,92703,17,378926
43697,0.000802,172.31.36.0-255,66,92769,17,378926
43698,0.001169,74.125.200.0-255,1484,94253,17,378926
43699,0.001177,74.125.200.0-255,2902,97155,17,378926
43700,0.00118,172.31.36.0-255,66,97221,17,378926
43701,0.001217,74.125.200.0-255,1484,98705,17,378926
43702,0.001234,74.125.200.0-255,4320,103025,17,378926
43703,0.001238,172.31.36.0-255,66,103091,17,378926
43704,0.001257,172.31.36.0-255,66,103157,17,378926
43705,0.001263,74.125.200.0-255,5738,108895,17,378926
43706,0.001266,172.31.36.0-255,66,108961,17,378926
43707,0.001291,74.125.200.0-255,2902,111863,17,378926
43708,0.001294,172.31.36.0-255,66,111929,17,378926
43709,0.001323,74.125.200.0-255,2184,114113,17,378926
43710,0.001327,172.31.36.0-255,66,114179,17,378926
43711,0.001553,74.125.200.0-255,1484,115663,17,378926
43712,0.001575,74.125.200.0-255,2902,118565,17,378926
43713,0.00158,172.31.36.0-255,66,118631,17,378926
43714,0.001584,74.125.200.0-255,1484,120115,17,378926
43715,0.00161,74.125.200.0-255,2902,123017,17,378926
43716,0.001613,172.31.36.0-255,66,123083,17,378926
43717,0.001619,74.125.200.0-255,5738,128821,17,378926
43718,0.001622,172.31.36.0-255,66,128887,17,378926
43719,0.001646,74.125.200.0-255,5738,134625,17,378926
43720,0.00165,172.31.36.0-255,66,134691,17,378926
43721,0.001654,74.125.200.0-255,1484,136175,17,378926
43722,0.001688,74.125.200.0-255,5738,141913,17,378926
43723,0.001691,172.31.36.0-255,66,141979,17,378926
43724,0.001727,74.125.200.0-255,6438,148417,17,378926
43725,0.001731,172.31.36.0-255,66,148483,17,378926
43726,0.001766,74.125.200.0-255,1484,149967,17,378926
43727,0.00177,74.125.200.0-255,1484,151451,17,378926
43728,0.001772,172.31.36.0-255,66,151517,17,378926
43729,0.001796,74.125.200.0-255,1484,153001,17,378926
43730,0.001802,74.125.200.0-255,5738,158739,17,378926
43731,0.001805,172.31.36.0-255,66,158805,17,378926
43732,0.001831,74.125.200.0-255,7156,165961,17,378926
43733,0.001833,172.31.36.0-255,66,166027,17,378926
43734,0.00186,74.125.200.0-255,5738,171765,17,378926
43735,0.001863,172.31.36.0-255,66,171831,17,378926
43736,0.001866,74.125.200.0-255,1484,173315,17,378926
43737,0.001895,172.31.36.0-255,66,173381,17,378926
43738,0.002067,74.125.200.0-255,1484,174865,17,378926
43739,0.002072,74.125.200.0-255,2902,177767,17,378926
43740,0.002074,172.31.36.0-255,66,177833,17,378926
43741,0.002077,74.125.200.0-255,1484,179317,17,378926
43742,0.002107,74.125.200.0-255,4320,183637,17,378926
43743,0.00211,172.31.36.0-255,66,183703,17,378926
43744,0.002115,74.125.200.0-255,5738,189441,17,378926
43745,0.002118,172.31.36.0-255,66,189507,17,378926
43746,0.002125,74.125.200.0-255,7156,196663,17,378926
43747,0.002126,172.31.36.0-255,66,196729,17,378926
43748,0.002142,172.31.36.0-255,66,196795,17,378926
43749,0.002222,74.125.200.0-255,1484,198279,17,378926
43750,0.002237,74.125.200.0-255,2902,201181,17,378926
43751,0.00224,172.31.36.0-255,66,201247,17,378926
43752,0.002269,74.125.200.0-255,4320,205567,17,378926
43753,0.002271,172.31.36.0-255,66,205633,17,378926
43754,0.002281,74.125.200.0-255,5738,211371,17,378926
43755,0.002288,172.31.36.0-255,66,211437,17,378926
43756,0.004521,74.125.200.0-255,5738,217175,17,378926
43757,0.00453,172.31.36.0-255,66,217241,17,378926
43758,0.006771,74.125.200.0-255,4320,221561,17,378926
43759,0.006776,172.31.36.0-255,66,221627,17,378926
43760,0.006793,74.125.200.0-255,1484,223111,17,378926
43761,0.009024,74.125.200.0-255,4320,227431,17,378926
43762,0.00903,172.31.36.0-255,66,227497,17,378926
43763,0.011269,74.125.200.0-255,5738,233235,17,378926
43764,0.011276,172.31.36.0-255,66,233301,17,378926
43765,0.01354,74.125.200.0-255,5738,239039,17,378926
43766,0.013548,172.31.36.0-255,66,239105,17,378926
43767,0.015815,74.125.200.0-255,5738,244843,17,378926
43768,0.015825,172.31.36.0-255,66,244909,17,378926
43769,0.018107,74.125.200.0-255,5738,250647,17,378926
43770,0.018116,172.31.36.0-255,66,250713,17,378926
43771,0.020365,74.125.200.0-255,5738,256451,17,378926
43772,0.020372,172.31.36.0-255,66,256517,17,378926
43773,0.022617,74.125.200.0-255,5738,262255,17,378926
43774,0.022625,172.31.36.0-255,66,262321,17,378926
43775,0.02487,74.125.200.0-255,5738,268059,17,378926
43776,0.024877,172.31.36.0-255,66,268125,17,378926
43777,0.02715,74.125.200.0-255,5738,273863,17,378926
43778,0.027156,172.31.36.0-255,66,273929,17,378926
43779,0.029398,74.125.200.0-255,5738,279667,17,378926
43780,0.029405,172.31.36.0-255,66,279733,17,378926
43781,0.031655,74.125.200.0-255,5738,285471,17,378926
43782,0.031662,172.31.36.0-255,66,285537,17,378926
43783,0.031791,172.31.36.0-255,172,285709,17,378926
43784,0.03182,172.31.36.0-255,1116,286825,17,378926
43785,0.03196,172.31.36.0-255,1514,288339,17,378926
43786,0.032001,172.31.36.0-255,1274,289613,17,378926
43787,0.033392,104.244.42.0-255,66,289679,17,378926
43788,0.033436,104.244.42.0-255,66,289745,17,378926
43789,0.033525,104.244.42.0-255,66,289811,17,378926
43790,0.033891,74.125.200.0-255,1484,291295,17,378926
43791,0.03392,74.125.200.0-255,4320,295615,17,378926
43792,0.033925,172.31.36.0-255,66,295681,17,378926
43793,0.036165,74.125.200.0-255,5738,301419,17,378926
43794,0.036171,172.31.36.0-255,66,301485,17,378926
43795,0.038411,74.125.200.0-255,5738,307223,17,378926
43796,0.038418,172.31.36.0-255,66,307289,17,378926
43797,0.040657,74.125.200.0-255,5738,313027,17,378926
43798,0.040662,172.31.36.0-255,66,313093,17,378926
43799,0.04291,74.125.200.0-255,5738,318831,17,378926
43800,0.042915,172.31.36.0-255,66,318897,17,378926
43801,0.045154,74.125.200.0-255,5738,324635,17,378926
43802,0.04516,172.31.36.0-255,66,324701,17,378926
43803,0.047396,74.125.200.0-255,5738,330439,17,378926
43804,0.047401,172.31.36.0-255,66,330505,17,378926
43805,0.049638,74.125.200.0-255,4320,334825,17,378926
43806,0.049643,172.31.36.0-255,66,334891,17,378926
43807,0.049678,74.125.200.0-255,1484,336375,17,378926
43808,0.051888,74.125.200.0-255,4320,340695,17,378926
43809,0.051893,172.31.36.0-255,66,340761,17,378926
43810,0.054137,74.125.200.0-255,5738,346499,17,378926
43811,0.054143,172.31.36.0-255,66,346565,17,378926
43812,0.056385,74.125.200.0-255,5738,352303,17,378926
43813,0.056391,172.31.36.0-255,66,352369,17,378926
43814,0.058631,74.125.200.0-255,5738,358107,17,378926
43815,0.058637,172.31.36.0-255,66,358173,17,378926
43816,0.060885,74.125.200.0-255,5738,363911,17,378926
43817,0.060891,172.31.36.0-255,66,363977,17,378926
43818,0.063121,74.125.200.0-255,5738,369715,17,378926
43819,0.063126,172.31.36.0-255,66,369781,17,378926
43820,0.065386,74.125.200.0-255,5738,375519,17,378926
43821,0.065392,172.31.36.0-255,66,375585,17,378926
43822,0.067632,74.125.200.0-255,3170,378755,17,378926
43823,0.067637,172.31.36.0-255,66,378821,17,378926
43824,0.067814,172.31.36.0-255,105,378926,17,378926
43825,0.0,74.125.24.0-255,209,209,17,180956
43826,1.4e-05,172.31.36.0-255,66,275,17,180956
43827,2.2e-05,74.125.24.0-255,1484,1759,17,180956
43828,2.6e-05,172.31.36.0-255,66,1825,17,180956
43829,3e-05,74.125.24.0-255,1484,3309,17,180956
43830,3.3e-05,172.31.36.0-255,66,3375,17,180956
43831,4e-05,74.125.24.0-255,4320,7695,17,180956
43832,4.3e-05,172.31.36.0-255,66,7761,17,180956
43833,8.4e-05,74.125.24.0-255,6061,13822,17,180956
43834,8.7e-05,172.31.36.0-255,66,13888,17,180956
43835,0.000176,74.125.24.0-255,1484,15372,17,180956
43836,0.00018,172.31.36.0-255,66,15438,17,180956
43837,0.000185,74.125.24.0-255,2902,18340,17,180956
43838,0.000187,172.31.36.0-255,66,18406,17,180956
43839,0.000208,74.125.24.0-255,5738,24144,17,180956
43840,0.00021,172.31.36.0-255,66,24210,17,180956
43841,0.000215,74.125.24.0-255,2902,27112,17,180956
43842,0.000217,172.31.36.0-255,66,27178,17,180956
43843,0.000238,74.125.24.0-255,3961,31139,17,180956
43844,0.000241,172.31.36.0-255,66,31205,17,180956
43845,0.000264,74.125.24.0-255,5738,36943,17,180956
43846,0.000267,172.31.36.0-255,66,37009,17,180956
43847,0.000301,172.31.36.0-255,66,37075,17,180956
43848,0.000309,74.125.24.0-255,7156,44231,17,180956
43849,0.000311,172.31.36.0-255,66,44297,17,180956
43850,0.000355,172.31.36.0-255,66,44363,17,180956
43851,0.000358,74.125.24.0-255,429,44792,17,180956
43852,0.00036,172.31.36.0-255,66,44858,17,180956
43853,0.000592,74.125.24.0-255,1484,46342,17,180956
43854,0.000598,172.31.36.0-255,66,46408,17,180956
43855,0.000604,74.125.24.0-255,2902,49310,17,180956
43856,0.000606,172.31.36.0-255,66,49376,17,180956
43857,0.00061,74.125.24.0-255,2902,52278,17,180956
43858,0.000613,172.31.36.0-255,66,52344,17,180956
43859,0.000635,74.125.24.0-255,2902,55246,17,180956
43860,0.000638,172.31.36.0-255,66,55312,17,180956
43861,0.000641,74.125.24.0-255,1484,56796,17,180956
43862,0.000645,74.125.24.0-255,1484,58280,17,180956
43863,0.000647,172.31.36.0-255,66,58346,17,180956
43864,0.000683,74.125.24.0-255,7156,65502,17,180956
43865,0.000686,172.31.36.0-255,66,65568,17,180956
43866,0.000701,172.31.36.0-255,66,65634,17,180956
43867,0.000729,74.125.24.0-255,2902,68536,17,180956
43868,0.000732,172.31.36.0-255,66,68602,17,180956
43869,0.000738,74.125.24.0-255,4320,72922,17,180956
43870,0.00074,172.31.36.0-255,66,72988,17,180956
43871,0.000747,74.125.24.0-255,5738,78726,17,180956
43872,0.00075,172.31.36.0-255,66,78792,17,180956
43873,0.000775,74.125.24.0-255,2902,81694,17,180956
43874,0.000779,172.31.36.0-255,66,81760,17,180956
43875,0.000785,74.125.24.0-255,5738,87498,17,180956
43876,0.000788,172.31.36.0-255,66,87564,17,180956
43877,0.000811,172.31.36.0-255,66,87630,17,180956
43878,0.000839,74.125.24.0-255,3602,91232,17,180956
43879,0.000842,172.31.36.0-255,66,91298,17,180956
43880,0.00086,172.31.36.0-255,66,91364,17,180956
43881,0.000871,172.31.36.0-255,66,91430,17,180956
43882,0.000874,74.125.24.0-255,1484,92914,17,180956
43883,0.000894,74.125.24.0-255,5020,97934,17,180956
43884,0.000896,172.31.36.0-255,66,98000,17,180956
43885,0.001037,74.125.24.0-255,1484,99484,17,180956
43886,0.001043,74.125.24.0-255,2902,102386,17,180956
43887,0.001046,172.31.36.0-255,66,102452,17,180956
43888,0.001074,74.125.24.0-255,5738,108190,17,180956
43889,0.001077,172.31.36.0-255,66,108256,17,180956
43890,0.00108,74.125.24.0-255,1484,109740,17,180956
43891,0.001094,74.125.24.0-255,4320,114060,17,180956
43892,0.001096,172.31.36.0-255,66,114126,17,180956
43893,0.001102,74.125.24.0-255,4320,118446,17,180956
43894,0.001105,172.31.36.0-255,66,118512,17,180956
43895,0.00112,74.125.24.0-255,2902,121414,17,180956
43896,0.001122,172.31.36.0-255,66,121480,17,180956
43897,0.001189,172.31.36.0-255,66,121546,17,180956
43898,0.001416,74.125.24.0-255,1484,123030,17,180956
43899,0.001422,74.125.24.0-255,2902,125932,17,180956
43900,0.001425,172.31.36.0-255,66,125998,17,180956
43901,0.001433,74.125.24.0-255,5738,131736,17,180956
43902,0.001436,172.31.36.0-255,66,131802,17,180956
43903,0.001462,74.125.24.0-255,7156,138958,17,180956
43904,0.001465,172.31.36.0-255,66,139024,17,180956
43905,0.00147,74.125.24.0-255,2902,141926,17,180956
43906,0.001472,172.31.36.0-255,66,141992,17,180956
43907,0.001501,74.125.24.0-255,2184,144176,17,180956
43908,0.001507,172.31.36.0-255,66,144242,17,180956
43909,0.001511,172.31.36.0-255,66,144308,17,180956
43910,0.001533,172.31.36.0-255,66,144374,17,180956
43911,0.001566,74.125.24.0-255,2902,147276,17,180956
43912,0.00157,172.31.36.0-255,66,147342,17,180956
43913,0.001585,172.31.36.0-255,66,147408,17,180956
43914,0.0016,172.31.36.0-255,66,147474,17,180956
43915,0.001646,172.31.36.0-255,66,147540,17,180956
43916,0.001652,74.125.24.0-255,6438,153978,17,180956
43917,0.001655,172.31.36.0-255,66,154044,17,180956
43918,0.001659,74.125.24.0-255,2902,156946,17,180956
43919,0.001661,172.31.36.0-255,66,157012,17,180956
43920,0.001698,74.125.24.0-255,4320,161332,17,180956
43921,0.001702,172.31.36.0-255,66,161398,17,180956
43922,0.001716,172.31.36.0-255,66,161464,17,180956
43923,0.001722,74.125.24.0-255,5738,167202,17,180956
43924,0.001724,172.31.36.0-255,66,167268,17,180956
43925,0.001758,172.31.36.0-255,66,167334,17,180956
43926,0.001772,172.31.36.0-255,66,167400,17,180956
43927,0.001798,74.125.24.0-255,4320,171720,17,180956
43928,0.001801,172.31.36.0-255,66,171786,17,180956
43929,0.001889,172.31.36.0-255,66,171852,17,180956
43930,0.001893,172.31.36.0-255,66,171918,17,180956
43931,0.001916,172.31.36.0-255,66,171984,17,180956
43932,0.001921,74.125.24.0-255,4275,176259,17,180956
43933,0.001923,172.31.36.0-255,66,176325,17,180956
43934,0.001926,74.125.24.0-255,105,176430,17,180956
43935,0.0042,172.31.36.0-255,66,176496,17,180956
43936,0.004237,172.31.36.0-255,105,176601,17,180956
43937,0.006176,74.125.24.0-255,66,176667,17,180956
43938,0.031138,172.31.36.0-255,187,176854,17,180956
43939,0.03117,172.31.36.0-255,985,177839,17,180956
43940,0.031241,172.31.36.0-255,1514,179353,17,180956
43941,0.031243,172.31.36.0-255,1405,180758,17,180956
43942,0.032696,104.244.42.0-255,66,180824,17,180956
43943,0.032727,104.244.42.0-255,66,180890,17,180956
43944,0.032772,104.244.42.0-255,66,180956,17,180956
43945,0.0,74.125.130.0-255,152,152,17,289367
43946,2.3e-05,172.31.36.0-255,66,218,17,289367
43947,3e-05,74.125.130.0-255,1484,1702,17,289367
43948,3.4e-05,172.31.36.0-255,66,1768,17,289367
43949,3.8e-05,74.125.130.0-255,1484,3252,17,289367
43950,4e-05,172.31.36.0-255,66,3318,17,289367
43951,5.4e-05,74.125.130.0-255,2902,6220,17,289367
43952,5.7e-05,172.31.36.0-255,66,6286,17,289367
43953,6.4e-05,74.125.130.0-255,5738,12024,17,289367
43954,6.7e-05,172.31.36.0-255,66,12090,17,289367
43955,7.1e-05,74.125.130.0-255,3504,15594,17,289367
43956,7.3e-05,172.31.36.0-255,66,15660,17,289367
43957,7.8e-05,74.125.130.0-255,2902,18562,17,289367
43958,8.1e-05,172.31.36.0-255,66,18628,17,289367
43959,0.000104,74.125.130.0-255,1484,20112,17,289367
43960,0.000106,172.31.36.0-255,66,20178,17,289367
43961,0.000123,172.31.36.0-255,66,20244,17,289367
43962,0.000126,74.125.130.0-255,1125,21369,17,289367
43963,0.000128,172.31.36.0-255,66,21435,17,289367
43964,0.000267,74.125.130.0-255,1484,22919,17,289367
43965,0.000272,172.31.36.0-255,66,22985,17,289367
43966,0.0003,74.125.130.0-255,2902,25887,17,289367
43967,0.000303,172.31.36.0-255,66,25953,17,289367
43968,0.000311,74.125.130.0-255,5738,31691,17,289367
43969,0.000314,172.31.36.0-255,66,31757,17,289367
43970,0.000318,74.125.130.0-255,2902,34659,17,289367
43971,0.00032,172.31.36.0-255,66,34725,17,289367
43972,0.000323,74.125.130.0-255,1484,36209,17,289367
43973,0.000325,172.31.36.0-255,66,36275,17,289367
43974,0.000349,74.125.130.0-255,2543,38818,17,289367
43975,0.000355,172.31.36.0-255,66,38884,17,289367
43976,0.000374,74.125.130.0-255,4320,43204,17,289367
43977,0.000376,172.31.36.0-255,66,43270,17,289367
43978,0.000402,74.125.130.0-255,4320,47590,17,289367
43979,0.000405,172.31.36.0-255,66,47656,17,289367
43980,0.000436,172.31.36.0-255,66,47722,17,289367
43981,0.000439,74.125.130.0-255,121,47843,17,289367
43982,0.000526,74.125.130.0-255,380,48223,17,289367
43983,0.000959,74.125.130.0-255,1484,49707,17,289367
43984,0.000964,172.31.36.0-255,66,49773,17,289367
43985,0.000985,74.125.130.0-255,2902,52675,17,289367
43986,0.000987,172.31.36.0-255,66,52741,17,289367
43987,0.000993,74.125.130.0-255,4320,57061,17,289367
43988,0.000996,172.31.36.0-255,66,57127,17,289367
43989,0.001036,172.31.36.0-255,66,57193,17,289367
43990,0.001042,74.125.130.0-255,4320,61513,17,289367
43991,0.001044,172.31.36.0-255,66,61579,17,289367
43992,0.001055,74.125.130.0-255,5738,67317,17,289367
43993,0.001057,172.31.36.0-255,66,67383,17,289367
43994,0.001084,74.125.130.0-255,6438,73821,17,289367
43995,0.001086,172.31.36.0-255,66,73887,17,289367
43996,0.001679,74.125.130.0-255,1484,75371,17,289367
43997,0.001697,74.125.130.0-255,2902,78273,17,289367
43998,0.001701,172.31.36.0-255,66,78339,17,289367
43999,0.001741,74.125.130.0-255,4320,82659,17,289367
44000,0.001744,172.31.36.0-255,66,82725,17,289367
44001,0.001791,74.125.130.0-255,5738,88463,17,289367
44002,0.001794,172.31.36.0-255,66,88529,17,289367
44003,0.001805,172.31.36.0-255,66,88595,17,289367
44004,0.001822,172.31.36.0-255,66,88661,17,289367
44005,0.001824,74.125.130.0-255,766,89427,17,289367
44006,0.002011,74.125.130.0-255,1484,90911,17,289367
44007,0.002016,172.31.36.0-255,66,90977,17,289367
44008,0.002022,74.125.130.0-255,2902,93879,17,289367
44009,0.002024,172.31.36.0-255,66,93945,17,289367
44010,0.002056,74.125.130.0-255,5738,99683,17,289367
44011,0.002059,172.31.36.0-255,66,99749,17,289367
44012,0.002066,74.125.130.0-255,7156,106905,17,289367
44013,0.002068,172.31.36.0-255,66,106971,17,289367
44014,0.002075,74.125.130.0-255,1484,108455,17,289367
44015,0.00211,172.31.36.0-255,66,108521,17,289367
44016,0.002139,74.125.130.0-255,3602,112123,17,289367
44017,0.002142,172.31.36.0-255,66,112189,17,289367
44018,0.004326,74.125.130.0-255,1484,113673,17,289367
44019,0.004371,74.125.130.0-255,4320,117993,17,289367
44020,0.004376,172.31.36.0-255,66,118059,17,289367
44021,0.00662,74.125.130.0-255,5738,123797,17,289367
44022,0.006623,172.31.36.0-255,66,123863,17,289367
44023,0.008861,74.125.130.0-255,5738,129601,17,289367
44024,0.008869,172.31.36.0-255,66,129667,17,289367
44025,0.011113,74.125.130.0-255,5738,135405,17,289367
44026,0.011121,172.31.36.0-255,66,135471,17,289367
44027,0.013368,74.125.130.0-255,5738,141209,17,289367
44028,0.013376,172.31.36.0-255,66,141275,17,289367
44029,0.015615,74.125.130.0-255,5738,147013,17,289367
44030,0.015623,172.31.36.0-255,66,147079,17,289367
44031,0.017869,74.125.130.0-255,5738,152817,17,289367
44032,0.017877,172.31.36.0-255,66,152883,17,289367
44033,0.020112,74.125.130.0-255,5738,158621,17,289367
44034,0.020118,172.31.36.0-255,66,158687,17,289367
44035,0.022356,74.125.130.0-255,5738,164425,17,289367
44036,0.022364,172.31.36.0-255,66,164491,17,289367
44037,0.024269,172.31.36.0-255,176,164667,17,289367
44038,0.0243,172.31.36.0-255,1115,165782,17,289367
44039,0.02436,172.31.36.0-255,1514,167296,17,289367
44040,0.024362,172.31.36.0-255,1275,168571,17,289367
44041,0.024599,74.125.130.0-255,5738,174309,17,289367
44042,0.024606,172.31.36.0-255,66,174375,17,289367
44043,0.025804,104.244.42.0-255,66,174441,17,289367
44044,0.02587,104.244.42.0-255,66,174507,17,289367
44045,0.025906,104.244.42.0-255,66,174573,17,289367
44046,0.02591,104.244.42.0-255,66,174639,17,289367
44047,0.026851,74.125.130.0-255,5738,180377,17,289367
44048,0.026857,172.31.36.0-255,66,180443,17,289367
44049,0.02909,74.125.130.0-255,4320,184763,17,289367
44050,0.029096,172.31.36.0-255,66,184829,17,289367
44051,0.029126,74.125.130.0-255,1484,186313,17,289367
44052,0.031337,74.125.130.0-255,4320,190633,17,289367
44053,0.031343,172.31.36.0-255,66,190699,17,289367
44054,0.033598,74.125.130.0-255,5738,196437,17,289367
44055,0.033604,172.31.36.0-255,66,196503,17,289367
44056,0.035864,74.125.130.0-255,5738,202241,17,289367
44057,0.035873,172.31.36.0-255,66,202307,17,289367
44058,0.038109,74.125.130.0-255,5738,208045,17,289367
44059,0.038116,172.31.36.0-255,66,208111,17,289367
44060,0.040354,74.125.130.0-255,5738,213849,17,289367
44061,0.04036,172.31.36.0-255,66,213915,17,289367
44062,0.042602,74.125.130.0-255,5738,219653,17,289367
44063,0.042608,172.31.36.0-255,66,219719,17,289367
44064,0.044855,74.125.130.0-255,5738,225457,17,289367
44065,0.044862,172.31.36.0-255,66,225523,17,289367
44066,0.047146,74.125.130.0-255,5738,231261,17,289367
44067,0.047153,172.31.36.0-255,66,231327,17,289367
44068,0.049417,74.125.130.0-255,5738,237065,17,289367
44069,0.049424,172.31.36.0-255,66,237131,17,289367
44070,0.051665,74.125.130.0-255,5738,242869,17,289367
44071,0.051671,172.31.36.0-255,66,242935,17,289367
44072,0.053918,74.125.130.0-255,5738,248673,17,289367
44073,0.053924,172.31.36.0-255,66,248739,17,289367
44074,0.056176,74.125.130.0-255,5738,254477,17,289367
44075,0.056183,172.31.36.0-255,66,254543,17,289367
44076,0.058464,74.125.130.0-255,5738,260281,17,289367
44077,0.05847,172.31.36.0-255,66,260347,17,289367
44078,0.06072,74.125.130.0-255,5738,266085,17,289367
44079,0.060726,172.31.36.0-255,66,266151,17,289367
44080,0.062962,74.125.130.0-255,5738,271889,17,289367
44081,0.062968,172.31.36.0-255,66,271955,17,289367
44082,0.06521,74.125.130.0-255,5738,277693,17,289367
44083,0.065217,172.31.36.0-255,66,277759,17,289367
44084,0.067465,74.125.130.0-255,5738,283497,17,289367
44085,0.067475,172.31.36.0-255,66,283563,17,289367
44086,0.069724,74.125.130.0-255,5738,289301,17,289367
44087,0.069729,172.31.36.0-255,66,289367,17,289367
44088,0.0,74.125.24.0-255,153,153,17,224035
44089,1.8e-05,172.31.36.0-255,66,219,17,224035
44090,2.6e-05,74.125.24.0-255,1484,1703,17,224035
44091,3e-05,172.31.36.0-255,66,1769,17,224035
44092,3.7e-05,74.125.24.0-255,2902,4671,17,224035
44093,5e-05,172.31.36.0-255,66,4737,17,224035
44094,5.8e-05,74.125.24.0-255,7156,11893,17,224035
44095,6.1e-05,172.31.36.0-255,66,11959,17,224035
44096,6.4e-05,74.125.24.0-255,1484,13443,17,224035
44097,6.7e-05,172.31.36.0-255,66,13509,17,224035
44098,7e-05,74.125.24.0-255,622,14131,17,224035
44099,7.3e-05,172.31.36.0-255,66,14197,17,224035
44100,0.000105,74.125.24.0-255,1484,15681,17,224035
44101,0.000108,172.31.36.0-255,66,15747,17,224035
44102,0.000113,74.125.24.0-255,4320,20067,17,224035
44103,0.000116,172.31.36.0-255,66,20133,17,224035
44104,0.000139,172.31.36.0-255,66,20199,17,224035
44105,0.000146,74.125.24.0-255,1125,21324,17,224035
44106,0.000148,172.31.36.0-255,66,21390,17,224035
44107,0.000213,74.125.24.0-255,1484,22874,17,224035
44108,0.000216,172.31.36.0-255,66,22940,17,224035
44109,0.000221,74.125.24.0-255,2902,25842,17,224035
44110,0.000223,172.31.36.0-255,66,25908,17,224035
44111,0.000253,74.125.24.0-255,5738,31646,17,224035
44112,0.000258,172.31.36.0-255,66,31712,17,224035
44113,0.000268,74.125.24.0-255,1484,33196,17,224035
44114,0.00027,172.31.36.0-255,66,33262,17,224035
44115,0.000308,172.31.36.0-255,66,33328,17,224035
44116,0.000319,172.31.36.0-255,66,33394,17,224035
44117,0.000322,74.125.24.0-255,399,33793,17,224035
44118,0.000393,74.125.24.0-255,108,33901,17,224035
44119,0.000409,74.125.24.0-255,333,34234,17,224035
44120,0.001067,74.125.24.0-255,1484,35718,17,224035
44121,0.001074,74.125.24.0-255,2902,38620,17,224035
44122,0.001076,74.125.24.0-255,1484,40104,17,224035
44123,0.001087,172.31.36.0-255,66,40170,17,224035
44124,0.001096,74.125.24.0-255,4320,44490,17,224035
44125,0.001099,74.125.24.0-255,1484,45974,17,224035
44126,0.001109,172.31.36.0-255,66,46040,17,224035
44127,0.001135,74.125.24.0-255,2902,48942,17,224035
44128,0.001142,74.125.24.0-255,5738,54680,17,224035
44129,0.001148,74.125.24.0-255,5738,60418,17,224035
44130,0.001157,172.31.36.0-255,66,60484,17,224035
44131,0.001178,74.125.24.0-255,7156,67640,17,224035
44132,0.001181,74.125.24.0-255,766,68406,17,224035
44133,0.001194,172.31.36.0-255,66,68472,17,224035
44134,0.001289,74.125.24.0-255,1484,69956,17,224035
44135,0.001296,74.125.24.0-255,2902,72858,17,224035
44136,0.001298,172.31.36.0-255,66,72924,17,224035
44137,0.001302,74.125.24.0-255,1484,74408,17,224035
44138,0.00133,74.125.24.0-255,4320,78728,17,224035
44139,0.00134,172.31.36.0-255,66,78794,17,224035
44140,0.001352,74.125.24.0-255,7156,85950,17,224035
44141,0.001357,172.31.36.0-255,66,86016,17,224035
44142,0.001388,74.125.24.0-255,5738,91754,17,224035
44143,0.00141,74.125.24.0-255,1484,93238,17,224035
44144,0.001419,172.31.36.0-255,66,93304,17,224035
44145,0.001433,74.125.24.0-255,5738,99042,17,224035
44146,0.001504,74.125.24.0-255,3602,102644,17,224035
44147,0.001529,74.125.24.0-255,2902,105546,17,224035
44148,0.001544,74.125.24.0-255,5738,111284,17,224035
44149,0.001548,172.31.36.0-255,66,111350,17,224035
44150,0.001553,172.31.36.0-255,66,111416,17,224035
44151,0.001574,74.125.24.0-255,2902,114318,17,224035
44152,0.001581,74.125.24.0-255,5738,120056,17,224035
44153,0.001595,172.31.36.0-255,66,120122,17,224035
44154,0.001615,74.125.24.0-255,6438,126560,17,224035
44155,0.001619,74.125.24.0-255,4320,130880,17,224035
44156,0.001626,172.31.36.0-255,66,130946,17,224035
44157,0.001664,74.125.24.0-255,2902,133848,17,224035
44158,0.001682,74.125.24.0-255,4320,138168,17,224035
44159,0.001698,74.125.24.0-255,2184,140352,17,224035
44160,0.001716,74.125.24.0-255,5738,146090,17,224035
44161,0.001751,74.125.24.0-255,2184,148274,17,224035
44162,0.001753,172.31.36.0-255,66,148340,17,224035
44163,0.001764,172.31.36.0-255,66,148406,17,224035
44164,0.001779,74.125.24.0-255,4320,152726,17,224035
44165,0.001798,74.125.24.0-255,2902,155628,17,224035
44166,0.00182,74.125.24.0-255,1484,157112,17,224035
44167,0.001837,74.125.24.0-255,7156,164268,17,224035
44168,0.001845,172.31.36.0-255,66,164334,17,224035
44169,0.001875,74.125.24.0-255,766,165100,17,224035
44170,0.001883,172.31.36.0-255,66,165166,17,224035
44171,0.001938,74.125.24.0-255,1484,166650,17,224035
44172,0.001942,74.125.24.0-255,1484,168134,17,224035
44173,0.001955,74.125.24.0-255,1484,169618,17,224035
44174,0.001961,74.125.24.0-255,4320,173938,17,224035
44175,0.001964,172.31.36.0-255,66,174004,17,224035
44176,0.00197,172.31.36.0-255,66,174070,17,224035
44177,0.00198,74.125.24.0-255,1484,175554,17,224035
44178,0.002108,172.31.36.0-255,66,175620,17,224035
44179,0.002116,172.31.36.0-255,66,175686,17,224035
44180,0.004186,74.125.24.0-255,5738,181424,17,224035
44181,0.004191,172.31.36.0-255,66,181490,17,224035
44182,0.006254,74.125.24.0-255,5738,187228,17,224035
44183,0.010623,172.31.36.0-255,66,187294,17,224035
44184,0.012722,74.125.24.0-255,5738,193032,17,224035
44185,0.012731,172.31.36.0-255,66,193098,17,224035
44186,0.014803,74.125.24.0-255,5738,198836,17,224035
44187,0.016328,172.31.36.0-255,66,198902,17,224035
44188,0.018436,74.125.24.0-255,5738,204640,17,224035
44189,0.018449,172.31.36.0-255,66,204706,17,224035
44190,0.02051,74.125.24.0-255,5738,210444,17,224035
44191,0.020521,172.31.36.0-255,66,210510,17,224035
44192,0.022595,74.125.24.0-255,5738,216248,17,224035
44193,0.022603,172.31.36.0-255,66,216314,17,224035
44194,0.024675,74.125.24.0-255,3184,219498,17,224035
44195,0.024684,172.31.36.0-255,66,219564,17,224035
44196,0.024865,172.31.36.0-255,105,219669,17,224035
44197,0.026908,74.125.24.0-255,66,219735,17,224035
44198,0.034678,172.31.36.0-255,200,219935,17,224035
44199,0.034711,172.31.36.0-255,1118,221053,17,224035
44200,0.03477,172.31.36.0-255,1514,222567,17,224035
44201,0.034772,172.31.36.0-255,1270,223837,17,224035
44202,0.036259,104.244.42.0-255,66,223903,17,224035
44203,0.036288,104.244.42.0-255,66,223969,17,224035
44204,0.036342,104.244.42.0-255,66,224035,17,224035
44205,0.0,74.125.68.0-255,152,152,17,405978
44206,2.9e-05,172.31.36.0-255,66,218,17,405978
44207,3.6e-05,74.125.68.0-255,1484,1702,17,405978
44208,4e-05,172.31.36.0-255,66,1768,17,405978
44209,4.5e-05,74.125.68.0-255,2902,4670,17,405978
44210,4.7e-05,172.31.36.0-255,66,4736,17,405978
44211,5.4e-05,74.125.68.0-255,5738,10474,17,405978
44212,5.7e-05,172.31.36.0-255,66,10540,17,405978
44213,8e-05,74.125.68.0-255,3472,14012,17,405978
44214,8.3e-05,172.31.36.0-255,66,14078,17,405978
44215,0.000181,74.125.68.0-255,1484,15562,17,405978
44216,0.000186,172.31.36.0-255,66,15628,17,405978
44217,0.000191,74.125.68.0-255,2902,18530,17,405978
44218,0.000193,172.31.36.0-255,66,18596,17,405978
44219,0.00021,74.125.68.0-255,5738,24334,17,405978
44220,0.000213,172.31.36.0-255,66,24400,17,405978
44221,0.000234,74.125.68.0-255,6797,31197,17,405978
44222,0.000237,172.31.36.0-255,66,31263,17,405978
44223,0.000273,74.125.68.0-255,4320,35583,17,405978
44224,0.000277,172.31.36.0-255,66,35649,17,405978
44225,0.000298,74.125.68.0-255,2902,38551,17,405978
44226,0.000301,172.31.36.0-255,66,38617,17,405978
44227,0.000307,74.125.68.0-255,2902,41519,17,405978
44228,0.000309,172.31.36.0-255,66,41585,17,405978
44229,0.000332,74.125.68.0-255,1484,43069,17,405978
44230,0.000336,172.31.36.0-255,66,43135,17,405978
44231,0.000351,74.125.68.0-255,5379,48514,17,405978
44232,0.000354,172.31.36.0-255,66,48580,17,405978
44233,0.000395,74.125.68.0-255,1484,50064,17,405978
44234,0.000398,172.31.36.0-255,66,50130,17,405978
44235,0.000401,74.125.68.0-255,1484,51614,17,405978
44236,0.000403,172.31.36.0-255,66,51680,17,405978
44237,0.000419,74.125.68.0-255,1484,53164,17,405978
44238,0.000426,74.125.68.0-255,4320,57484,17,405978
44239,0.000432,172.31.36.0-255,66,57550,17,405978
44240,0.000439,74.125.68.0-255,1484,59034,17,405978
44241,0.000444,74.125.68.0-255,2902,61936,17,405978
44242,0.00045,172.31.36.0-255,66,62002,17,405978
44243,0.000494,74.125.68.0-255,4541,66543,17,405978
44244,0.000499,172.31.36.0-255,66,66609,17,405978
44245,0.000691,74.125.68.0-255,1484,68093,17,405978
44246,0.000707,74.125.68.0-255,2902,70995,17,405978
44247,0.000711,172.31.36.0-255,66,71061,17,405978
44248,0.000727,74.125.68.0-255,5738,76799,17,405978
44249,0.000735,172.31.36.0-255,66,76865,17,405978
44250,0.000768,74.125.68.0-255,7156,84021,17,405978
44251,0.000774,172.31.36.0-255,66,84087,17,405978
44252,0.000787,74.125.68.0-255,1484,85571,17,405978
44253,0.000788,172.31.36.0-255,66,85637,17,405978
44254,0.000807,74.125.68.0-255,6438,92075,17,405978
44255,0.000816,172.31.36.0-255,66,92141,17,405978
44256,0.001305,74.125.68.0-255,1484,93625,17,405978
44257,0.001323,74.125.68.0-255,2902,96527,17,405978
44258,0.001328,172.31.36.0-255,66,96593,17,405978
44259,0.001332,74.125.68.0-255,1484,98077,17,405978
44260,0.001354,74.125.68.0-255,4320,102397,17,405978
44261,0.001359,74.125.68.0-255,5738,108135,17,405978
44262,0.001364,74.125.68.0-255,4320,112455,17,405978
44263,0.001379,74.125.68.0-255,2902,115357,17,405978
44264,0.001402,74.125.68.0-255,7156,122513,17,405978
44265,0.001416,74.125.68.0-255,3602,126115,17,405978
44266,0.00145,74.125.68.0-255,1484,127599,17,405978
44267,0.001462,74.125.68.0-255,2902,130501,17,405978
44268,0.001494,74.125.68.0-255,5738,136239,17,405978
44269,0.0015,74.125.68.0-255,4320,140559,17,405978
44270,0.001518,74.125.68.0-255,2902,143461,17,405978
44271,0.001522,74.125.68.0-255,4320,147781,17,405978
44272,0.001539,74.125.68.0-255,4320,152101,17,405978
44273,0.001552,74.125.68.0-255,5738,157839,17,405978
44274,0.001567,74.125.68.0-255,2184,160023,17,405978
44275,0.001613,74.125.68.0-255,1484,161507,17,405978
44276,0.001617,74.125.68.0-255,2902,164409,17,405978
44277,0.001632,74.125.68.0-255,1484,165893,17,405978
44278,0.001649,74.125.68.0-255,4320,170213,17,405978
44279,0.001654,74.125.68.0-255,1484,171697,17,405978
44280,0.001658,74.125.68.0-255,2902,174599,17,405978
44281,0.001679,74.125.68.0-255,5738,180337,17,405978
44282,0.001711,74.125.68.0-255,2902,183239,17,405978
44283,0.001728,74.125.68.0-255,7156,190395,17,405978
44284,0.001754,74.125.68.0-255,3602,193997,17,405978
44285,0.001951,74.125.68.0-255,1484,195481,17,405978
44286,0.001965,74.125.68.0-255,2902,198383,17,405978
44287,0.001994,74.125.68.0-255,5738,204121,17,405978
44288,0.001997,74.125.68.0-255,1484,205605,17,405978
44289,0.00201,74.125.68.0-255,2902,208507,17,405978
44290,0.002024,74.125.68.0-255,5738,214245,17,405978
44291,0.002053,74.125.68.0-255,2902,217147,17,405978
44292,0.00207,74.125.68.0-255,7156,224303,17,405978
44293,0.002103,74.125.68.0-255,3602,227905,17,405978
44294,0.002219,74.125.68.0-255,1484,229389,17,405978
44295,0.002235,74.125.68.0-255,2902,232291,17,405978
44296,0.002256,74.125.68.0-255,2902,235193,17,405978
44297,0.002259,74.125.68.0-255,1484,236677,17,405978
44298,0.002275,74.125.68.0-255,2902,239579,17,405978
44299,0.00231,74.125.68.0-255,1484,241063,17,405978
44300,0.002314,74.125.68.0-255,2902,243965,17,405978
44301,0.002368,74.125.68.0-255,5738,249703,17,405978
44302,0.002373,74.125.68.0-255,3602,253305,17,405978
44303,0.002442,74.125.68.0-255,1484,254789,17,405978
44304,0.002452,74.125.68.0-255,1484,256273,17,405978
44305,0.002469,74.125.68.0-255,1484,257757,17,405978
44306,0.002486,74.125.68.0-255,1484,259241,17,405978
44307,0.002492,74.125.68.0-255,5738,264979,17,405978
44308,0.002511,74.125.68.0-255,7156,272135,17,405978
44309,0.00253,74.125.68.0-255,5738,277873,17,405978
44310,0.002543,74.125.68.0-255,2902,280775,17,405978
44311,0.002561,74.125.68.0-255,4320,285095,17,405978
44312,0.002571,74.125.68.0-255,2184,287279,17,405978
44313,0.002584,74.125.68.0-255,7156,294435,17,405978
44314,0.002614,74.125.68.0-255,2902,297337,17,405978
44315,0.002626,74.125.68.0-255,5738,303075,17,405978
44316,0.004379,172.31.36.0-255,66,303141,17,405978
44317,0.006989,74.125.68.0-255,5738,308879,17,405978
44318,0.006996,172.31.36.0-255,66,308945,17,405978
44319,0.009581,74.125.68.0-255,5738,314683,17,405978
44320,0.009587,172.31.36.0-255,66,314749,17,405978
44321,0.012172,74.125.68.0-255,5738,320487,17,405978
44322,0.012179,172.31.36.0-255,66,320553,17,405978
44323,0.014767,74.125.68.0-255,5738,326291,17,405978
44324,0.014819,172.31.36.0-255,66,326357,17,405978
44325,0.017405,74.125.68.0-255,5738,332095,17,405978
44326,0.017412,172.31.36.0-255,66,332161,17,405978
44327,0.020026,74.125.68.0-255,5738,337899,17,405978
44328,0.020042,172.31.36.0-255,66,337965,17,405978
44329,0.022642,74.125.68.0-255,5738,343703,17,405978
44330,0.022654,172.31.36.0-255,66,343769,17,405978
44331,0.025241,74.125.68.0-255,5738,349507,17,405978
44332,0.025248,172.31.36.0-255,66,349573,17,405978
44333,0.027833,74.125.68.0-255,5738,355311,17,405978
44334,0.027845,172.31.36.0-255,66,355377,17,405978
44335,0.030438,74.125.68.0-255,5738,361115,17,405978
44336,0.030446,172.31.36.0-255,66,361181,17,405978
44337,0.033031,74.125.68.0-255,5738,366919,17,405978
44338,0.033039,172.31.36.0-255,66,366985,17,405978
44339,0.034852,172.31.36.0-255,172,367157,17,405978
44340,0.034903,172.31.36.0-255,1118,368275,17,405978
44341,0.035068,172.31.36.0-255,1514,369789,17,405978
44342,0.03507,172.31.36.0-255,1272,371061,17,405978
44343,0.035621,74.125.68.0-255,5738,376799,17,405978
44344,0.035627,172.31.36.0-255,66,376865,17,405978
44345,0.035755,172.31.36.0-255,101,376966,17,405978
44346,0.036412,104.244.42.0-255,66,377032,17,405978
44347,0.036454,104.244.42.0-255,66,377098,17,405978
44348,0.036582,104.244.42.0-255,66,377164,17,405978
44349,0.038201,74.125.68.0-255,5738,382902,17,405978
44350,0.038205,172.31.36.0-255,66,382968,17,405978
44351,0.038286,74.125.68.0-255,66,383034,17,405978
44352,0.040787,74.125.68.0-255,5738,388772,17,405978
44353,0.040792,172.31.36.0-255,66,388838,17,405978
44354,0.043379,74.125.68.0-255,5738,394576,17,405978
44355,0.043384,172.31.36.0-255,66,394642,17,405978
44356,0.045973,74.125.68.0-255,4320,398962,17,405978
44357,0.045978,172.31.36.0-255,66,399028,17,405978
44358,0.046003,74.125.68.0-255,1484,400512,17,405978
44359,0.048572,74.125.68.0-255,4320,404832,17,405978
44360,0.048578,172.31.36.0-255,66,404898,17,405978
44361,0.051142,74.125.68.0-255,909,405807,17,405978
44362,0.051313,172.31.36.0-255,105,405912,17,405978
44363,0.059385,74.125.68.0-255,66,405978,17,405978
44364,0.0,172.217.194.0-255,153,153,17,257933
44365,3.6e-05,172.31.36.0-255,66,219,17,257933
44366,4.4e-05,172.217.194.0-255,1484,1703,17,257933
44367,4.9e-05,172.31.36.0-255,66,1769,17,257933
44368,5.3e-05,172.217.194.0-255,2902,4671,17,257933
44369,5.6e-05,172.31.36.0-255,66,4737,17,257933
44370,7.3e-05,172.217.194.0-255,7156,11893,17,257933
44371,7.7e-05,172.31.36.0-255,66,11959,17,257933
44372,8.2e-05,172.217.194.0-255,4320,16279,17,257933
44373,8.5e-05,172.31.36.0-255,66,16345,17,257933
44374,0.000118,172.217.194.0-255,3458,19803,17,257933
44375,0.000126,172.31.36.0-255,66,19869,17,257933
44376,0.000136,172.31.36.0-255,66,19935,17,257933
44377,0.000171,172.217.194.0-255,2543,22478,17,257933
44378,0.000173,172.31.36.0-255,66,22544,17,257933
44379,0.000257,172.217.194.0-255,1484,24028,17,257933
44380,0.000261,172.31.36.0-255,66,24094,17,257933
44381,0.000267,172.217.194.0-255,2902,26996,17,257933
44382,0.000269,172.31.36.0-255,66,27062,17,257933
44383,0.000301,172.217.194.0-255,5738,32800,17,257933
44384,0.000305,172.31.36.0-255,66,32866,17,257933
44385,0.000311,172.217.194.0-255,5738,38604,17,257933
44386,0.000314,172.31.36.0-255,66,38670,17,257933
44387,0.000343,172.217.194.0-255,1125,39795,17,257933
44388,0.000348,172.217.194.0-255,4320,44115,17,257933
44389,0.000348,172.31.36.0-255,66,44181,17,257933
44390,0.000353,172.31.36.0-255,66,44247,17,257933
44391,0.000377,172.217.194.0-255,2902,47149,17,257933
44392,0.000385,172.31.36.0-255,66,47215,17,257933
44393,0.000389,172.217.194.0-255,2902,50117,17,257933
44394,0.000393,172.31.36.0-255,66,50183,17,257933
44395,0.000422,172.217.194.0-255,7108,57291,17,257933
44396,0.000426,172.31.36.0-255,66,57357,17,257933
44397,0.000449,172.217.194.0-255,365,57722,17,257933
44398,0.000652,172.217.194.0-255,1484,59206,17,257933
44399,0.000657,172.31.36.0-255,66,59272,17,257933
44400,0.000662,172.217.194.0-255,2902,62174,17,257933
44401,0.000665,172.31.36.0-255,66,62240,17,257933
44402,0.000698,172.217.194.0-255,1484,63724,17,257933
44403,0.000731,172.217.194.0-255,4320,68044,17,257933
44404,0.000736,172.31.36.0-255,66,68110,17,257933
44405,0.000749,172.31.36.0-255,66,68176,17,257933
44406,0.000768,172.31.36.0-255,66,68242,17,257933
44407,0.000774,172.217.194.0-255,5738,73980,17,257933
44408,0.000776,172.31.36.0-255,66,74046,17,257933
44409,0.000817,172.31.36.0-255,66,74112,17,257933
44410,0.000824,172.217.194.0-255,4320,78432,17,257933
44411,0.000842,172.31.36.0-255,66,78498,17,257933
44412,0.000872,172.31.36.0-255,66,78564,17,257933
44413,0.000878,172.217.194.0-255,3054,81618,17,257933
44414,0.00088,172.31.36.0-255,66,81684,17,257933
44415,0.001049,172.217.194.0-255,1484,83168,17,257933
44416,0.001056,172.217.194.0-255,2902,86070,17,257933
44417,0.00106,172.31.36.0-255,66,86136,17,257933
44418,0.001096,172.217.194.0-255,5738,91874,17,257933
44419,0.0011,172.31.36.0-255,66,91940,17,257933
44420,0.001106,172.217.194.0-255,5738,97678,17,257933
44421,0.001108,172.31.36.0-255,66,97744,17,257933
44422,0.001114,172.217.194.0-255,5738,103482,17,257933
44423,0.001116,172.31.36.0-255,66,103548,17,257933
44424,0.001162,172.31.36.0-255,66,103614,17,257933
44425,0.001165,172.217.194.0-255,766,104380,17,257933
44426,0.001377,172.217.194.0-255,1484,105864,17,257933
44427,0.001384,172.31.36.0-255,66,105930,17,257933
44428,0.00139,172.217.194.0-255,2902,108832,17,257933
44429,0.001393,172.31.36.0-255,66,108898,17,257933
44430,0.001407,172.217.194.0-255,5738,114636,17,257933
44431,0.001411,172.31.36.0-255,66,114702,17,257933
44432,0.00145,172.31.36.0-255,66,114768,17,257933
44433,0.001465,172.217.194.0-255,4320,119088,17,257933
44434,0.001471,172.31.36.0-255,66,119154,17,257933
44435,0.001481,172.31.36.0-255,66,119220,17,257933
44436,0.001513,172.217.194.0-255,2184,121404,17,257933
44437,0.001516,172.31.36.0-255,66,121470,17,257933
44438,0.001539,172.217.194.0-255,2902,124372,17,257933
44439,0.001541,172.31.36.0-255,66,124438,17,257933
44440,0.001546,172.217.194.0-255,4320,128758,17,257933
44441,0.001548,172.31.36.0-255,66,128824,17,257933
44442,0.001584,172.31.36.0-255,66,128890,17,257933
44443,0.001588,172.217.194.0-255,2902,131792,17,257933
44444,0.001591,172.31.36.0-255,66,131858,17,257933
44445,0.001628,172.31.36.0-255,66,131924,17,257933
44446,0.001654,172.217.194.0-255,5020,136944,17,257933
44447,0.001656,172.31.36.0-255,66,137010,17,257933
44448,0.002011,172.217.194.0-255,1484,138494,17,257933
44449,0.002026,172.217.194.0-255,2902,141396,17,257933
44450,0.002028,172.31.36.0-255,66,141462,17,257933
44451,0.002032,172.217.194.0-255,2902,144364,17,257933
44452,0.002034,172.31.36.0-255,66,144430,17,257933
44453,0.002065,172.217.194.0-255,2902,147332,17,257933
44454,0.002067,172.31.36.0-255,66,147398,17,257933
44455,0.002088,172.31.36.0-255,66,147464,17,257933
44456,0.002166,172.31.36.0-255,66,147530,17,257933
44457,0.002169,172.217.194.0-255,1484,149014,17,257933
44458,0.002173,172.217.194.0-255,2902,151916,17,257933
44459,0.002175,172.31.36.0-255,66,151982,17,257933
44460,0.00218,172.217.194.0-255,4320,156302,17,257933
44461,0.002186,172.31.36.0-255,66,156368,17,257933
44462,0.00221,172.217.194.0-255,1484,157852,17,257933
44463,0.00222,172.217.194.0-255,7156,165008,17,257933
44464,0.002222,172.31.36.0-255,66,165074,17,257933
44465,0.002233,172.31.36.0-255,66,165140,17,257933
44466,0.002261,172.217.194.0-255,5738,170878,17,257933
44467,0.002264,172.31.36.0-255,66,170944,17,257933
44468,0.002303,172.217.194.0-255,3602,174546,17,257933
44469,0.002336,172.217.194.0-255,2902,177448,17,257933
44470,0.002349,172.217.194.0-255,2902,180350,17,257933
44471,0.005228,172.31.36.0-255,66,180416,17,257933
44472,0.007518,172.217.194.0-255,5738,186154,17,257933
44473,0.007525,172.31.36.0-255,66,186220,17,257933
44474,0.009845,172.217.194.0-255,5738,191958,17,257933
44475,0.009851,172.31.36.0-255,66,192024,17,257933
44476,0.012139,172.217.194.0-255,4320,196344,17,257933
44477,0.012149,172.31.36.0-255,66,196410,17,257933
44478,0.012181,172.217.194.0-255,1484,197894,17,257933
44479,0.014432,172.217.194.0-255,4320,202214,17,257933
44480,0.01444,172.31.36.0-255,66,202280,17,257933
44481,0.016778,172.217.194.0-255,5738,208018,17,257933
44482,0.016787,172.31.36.0-255,66,208084,17,257933
44483,0.019067,172.217.194.0-255,5738,213822,17,257933
44484,0.019076,172.31.36.0-255,66,213888,17,257933
44485,0.021364,172.217.194.0-255,5738,219626,17,257933
44486,0.021371,172.31.36.0-255,66,219692,17,257933
44487,0.023675,172.217.194.0-255,5738,225430,17,257933
44488,0.023682,172.31.36.0-255,66,225496,17,257933
44489,0.025969,172.217.194.0-255,5738,231234,17,257933
44490,0.025977,172.31.36.0-255,66,231300,17,257933
44491,0.028263,172.217.194.0-255,5738,237038,17,257933
44492,0.028271,172.31.36.0-255,66,237104,17,257933
44493,0.030572,172.217.194.0-255,5738,242842,17,257933
44494,0.03058,172.31.36.0-255,66,242908,17,257933
44495,0.032862,172.217.194.0-255,5738,248646,17,257933
44496,0.03287,172.31.36.0-255,66,248712,17,257933
44497,0.033397,172.31.36.0-255,172,248884,17,257933
44498,0.033429,172.31.36.0-255,1117,250001,17,257933
44499,0.033465,172.31.36.0-255,1514,251515,17,257933
44500,0.033466,172.31.36.0-255,1271,252786,17,257933
44501,0.034993,104.244.42.0-255,66,252852,17,257933
44502,0.035001,104.244.42.0-255,66,252918,17,257933
44503,0.035004,104.244.42.0-255,66,252984,17,257933
44504,0.035125,172.217.194.0-255,1484,254468,17,257933
44505,0.03516,172.217.194.0-255,3228,257696,17,257933
44506,0.035166,172.31.36.0-255,66,257762,17,257933
44507,0.035309,172.31.36.0-255,105,257867,17,257933
44508,0.037531,172.217.194.0-255,66,257933,17,257933
44509,0.0,74.125.24.0-255,153,153,17,335198
44510,2.7e-05,172.31.36.0-255,66,219,17,335198
44511,3.3e-05,74.125.24.0-255,1484,1703,17,335198
44512,3.8e-05,172.31.36.0-255,66,1769,17,335198
44513,4.2e-05,74.125.24.0-255,2902,4671,17,335198
44514,5.2e-05,172.31.36.0-255,66,4737,17,335198
44515,5.7e-05,74.125.24.0-255,5738,10475,17,335198
44516,6e-05,172.31.36.0-255,66,10541,17,335198
44517,8.1e-05,74.125.24.0-255,1484,12025,17,335198
44518,8.4e-05,172.31.36.0-255,66,12091,17,335198
44519,0.000106,74.125.24.0-255,2003,14094,17,335198
44520,0.000108,172.31.36.0-255,66,14160,17,335198
44521,0.000142,74.125.24.0-255,2902,17062,17,335198
44522,0.000146,172.31.36.0-255,66,17128,17,335198
44523,0.000151,74.125.24.0-255,2902,20030,17,335198
44524,0.000153,172.31.36.0-255,66,20096,17,335198
44525,0.000175,74.125.24.0-255,1484,21580,17,335198
44526,0.000178,172.31.36.0-255,66,21646,17,335198
44527,0.000195,172.31.36.0-255,66,21712,17,335198
44528,0.000198,74.125.24.0-255,1125,22837,17,335198
44529,0.0002,172.31.36.0-255,66,22903,17,335198
44530,0.000614,74.125.24.0-255,1484,24387,17,335198
44531,0.00062,172.31.36.0-255,66,24453,17,335198
44532,0.00063,74.125.24.0-255,2902,27355,17,335198
44533,0.000632,172.31.36.0-255,66,27421,17,335198
44534,0.000645,74.125.24.0-255,5738,33159,17,335198
44535,0.000648,172.31.36.0-255,66,33225,17,335198
44536,0.000654,74.125.24.0-255,5738,38963,17,335198
44537,0.000657,172.31.36.0-255,66,39029,17,335198
44538,0.000733,172.31.36.0-255,66,39095,17,335198
44539,0.000739,74.125.24.0-255,3961,43056,17,335198
44540,0.000743,172.31.36.0-255,66,43122,17,335198
44541,0.000958,74.125.24.0-255,646,43768,17,335198
44542,0.001097,172.31.36.0-255,66,43834,17,335198
44543,0.0012,74.125.24.0-255,1484,45318,17,335198
44544,0.001209,74.125.24.0-255,2902,48220,17,335198
44545,0.001212,172.31.36.0-255,66,48286,17,335198
44546,0.001216,74.125.24.0-255,1484,49770,17,335198
44547,0.001246,74.125.24.0-255,4320,54090,17,335198
44548,0.001248,172.31.36.0-255,66,54156,17,335198
44549,0.001255,74.125.24.0-255,6797,60953,17,335198
44550,0.001257,172.31.36.0-255,66,61019,17,335198
44551,0.001278,74.125.24.0-255,5738,66757,17,335198
44552,0.00128,172.31.36.0-255,66,66823,17,335198
44553,0.00132,74.125.24.0-255,1484,68307,17,335198
44554,0.001325,74.125.24.0-255,2902,71209,17,335198
44555,0.001327,172.31.36.0-255,66,71275,17,335198
44556,0.001332,74.125.24.0-255,4320,75595,17,335198
44557,0.001334,172.31.36.0-255,66,75661,17,335198
44558,0.001381,74.125.24.0-255,2543,78204,17,335198
44559,0.001384,172.31.36.0-255,66,78270,17,335198
44560,0.001688,74.125.24.0-255,1484,79754,17,335198
44561,0.001697,74.125.24.0-255,2902,82656,17,335198
44562,0.0017,172.31.36.0-255,66,82722,17,335198
44563,0.001736,74.125.24.0-255,5738,88460,17,335198
44564,0.001738,172.31.36.0-255,66,88526,17,335198
44565,0.001746,74.125.24.0-255,7156,95682,17,335198
44566,0.001748,172.31.36.0-255,66,95748,17,335198
44567,0.001782,74.125.24.0-255,5738,101486,17,335198
44568,0.001785,172.31.36.0-255,66,101552,17,335198
44569,0.00179,74.125.24.0-255,4320,105872,17,335198
44570,0.001792,172.31.36.0-255,66,105938,17,335198
44571,0.001817,74.125.24.0-255,6438,112376,17,335198
44572,0.00182,172.31.36.0-255,66,112442,17,335198
44573,0.001952,74.125.24.0-255,1484,113926,17,335198
44574,0.001966,74.125.24.0-255,2902,116828,17,335198
44575,0.001968,172.31.36.0-255,66,116894,17,335198
44576,0.001972,74.125.24.0-255,1484,118378,17,335198
44577,0.002,74.125.24.0-255,4320,122698,17,335198
44578,0.002003,172.31.36.0-255,66,122764,17,335198
44579,0.002007,74.125.24.0-255,4320,127084,17,335198
44580,0.002009,172.31.36.0-255,66,127150,17,335198
44581,0.002046,172.31.36.0-255,66,127216,17,335198
44582,0.002051,74.125.24.0-255,4320,131536,17,335198
44583,0.002053,172.31.36.0-255,66,131602,17,335198
44584,0.002084,74.125.24.0-255,6438,138040,17,335198
44585,0.002086,172.31.36.0-255,66,138106,17,335198
44586,0.002211,74.125.24.0-255,1484,139590,17,335198
44587,0.002228,74.125.24.0-255,2902,142492,17,335198
44588,0.002231,172.31.36.0-255,66,142558,17,335198
44589,0.002234,74.125.24.0-255,1484,144042,17,335198
44590,0.00226,74.125.24.0-255,4320,148362,17,335198
44591,0.002262,172.31.36.0-255,66,148428,17,335198
44592,0.002283,74.125.24.0-255,2902,151330,17,335198
44593,0.002285,172.31.36.0-255,66,151396,17,335198
44594,0.002298,74.125.24.0-255,5738,157134,17,335198
44595,0.002304,172.31.36.0-255,66,157200,17,335198
44596,0.00233,74.125.24.0-255,2902,160102,17,335198
44597,0.002333,172.31.36.0-255,66,160168,17,335198
44598,0.002336,74.125.24.0-255,1484,161652,17,335198
44599,0.00457,74.125.24.0-255,1484,163136,17,335198
44600,0.004577,172.31.36.0-255,66,163202,17,335198
44601,0.00461,74.125.24.0-255,2902,166104,17,335198
44602,0.004613,172.31.36.0-255,66,166170,17,335198
44603,0.006838,74.125.24.0-255,2902,169072,17,335198
44604,0.006844,172.31.36.0-255,66,169138,17,335198
44605,0.006876,74.125.24.0-255,2902,172040,17,335198
44606,0.006879,172.31.36.0-255,66,172106,17,335198
44607,0.009113,74.125.24.0-255,2902,175008,17,335198
44608,0.009121,172.31.36.0-255,66,175074,17,335198
44609,0.009158,74.125.24.0-255,2902,177976,17,335198
44610,0.009162,172.31.36.0-255,66,178042,17,335198
44611,0.011396,74.125.24.0-255,2902,180944,17,335198
44612,0.011403,172.31.36.0-255,66,181010,17,335198
44613,0.011435,74.125.24.0-255,2902,183912,17,335198
44614,0.011438,172.31.36.0-255,66,183978,17,335198
44615,0.013651,74.125.24.0-255,2902,186880,17,335198
44616,0.013659,172.31.36.0-255,66,186946,17,335198
44617,0.013692,74.125.24.0-255,2902,189848,17,335198
44618,0.013697,172.31.36.0-255,66,189914,17,335198
44619,0.015917,74.125.24.0-255,2902,192816,17,335198
44620,0.015927,172.31.36.0-255,66,192882,17,335198
44621,0.015959,74.125.24.0-255,2902,195784,17,335198
44622,0.015961,172.31.36.0-255,66,195850,17,335198
44623,0.018188,74.125.24.0-255,2902,198752,17,335198
44624,0.018195,172.31.36.0-255,66,198818,17,335198
44625,0.018261,74.125.24.0-255,2902,201720,17,335198
44626,0.018266,172.31.36.0-255,66,201786,17,335198
44627,0.020434,74.125.24.0-255,2902,204688,17,335198
44628,0.02044,172.31.36.0-255,66,204754,17,335198
44629,0.020516,74.125.24.0-255,2902,207656,17,335198
44630,0.02052,172.31.36.0-255,66,207722,17,335198
44631,0.022704,74.125.24.0-255,2902,210624,17,335198
44632,0.022712,172.31.36.0-255,66,210690,17,335198
44633,0.022762,74.125.24.0-255,2902,213592,17,335198
44634,0.022766,172.31.36.0-255,66,213658,17,335198
44635,0.024964,74.125.24.0-255,2902,216560,17,335198
44636,0.024971,172.31.36.0-255,66,216626,17,335198
44637,0.025058,74.125.24.0-255,2902,219528,17,335198
44638,0.025063,172.31.36.0-255,66,219594,17,335198
44639,0.027239,74.125.24.0-255,2902,222496,17,335198
44640,0.027245,172.31.36.0-255,66,222562,17,335198
44641,0.027302,74.125.24.0-255,2902,225464,17,335198
44642,0.027308,172.31.36.0-255,66,225530,17,335198
44643,0.029502,74.125.24.0-255,2902,228432,17,335198
44644,0.029509,172.31.36.0-255,66,228498,17,335198
44645,0.029574,74.125.24.0-255,2902,231400,17,335198
44646,0.029579,172.31.36.0-255,66,231466,17,335198
44647,0.030538,172.31.36.0-255,172,231638,17,335198
44648,0.030581,172.31.36.0-255,1116,232754,17,335198
44649,0.030652,172.31.36.0-255,1514,234268,17,335198
44650,0.030654,172.31.36.0-255,1272,235540,17,335198
44651,0.031766,74.125.24.0-255,2902,238442,17,335198
44652,0.031772,172.31.36.0-255,66,238508,17,335198
44653,0.031819,74.125.24.0-255,2902,241410,17,335198
44654,0.031824,172.31.36.0-255,66,241476,17,335198
44655,0.032038,104.244.42.0-255,66,241542,17,335198
44656,0.032108,104.244.42.0-255,66,241608,17,335198
44657,0.032211,104.244.42.0-255,66,241674,17,335198
44658,0.03402,74.125.24.0-255,2902,244576,17,335198
44659,0.034025,172.31.36.0-255,66,244642,17,335198
44660,0.034062,74.125.24.0-255,2902,247544,17,335198
44661,0.034066,172.31.36.0-255,66,247610,17,335198
44662,0.036266,74.125.24.0-255,2902,250512,17,335198
44663,0.036272,172.31.36.0-255,66,250578,17,335198
44664,0.036327,74.125.24.0-255,2902,253480,17,335198
44665,0.036331,172.31.36.0-255,66,253546,17,335198
44666,0.038508,74.125.24.0-255,2902,256448,17,335198
44667,0.038514,172.31.36.0-255,66,256514,17,335198
44668,0.038568,74.125.24.0-255,2902,259416,17,335198
44669,0.038573,172.31.36.0-255,66,259482,17,335198
44670,0.040786,74.125.24.0-255,2902,262384,17,335198
44671,0.040792,172.31.36.0-255,66,262450,17,335198
44672,0.040825,74.125.24.0-255,2902,265352,17,335198
44673,0.040829,172.31.36.0-255,66,265418,17,335198
44674,0.043024,74.125.24.0-255,2902,268320,17,335198
44675,0.043045,172.31.36.0-255,66,268386,17,335198
44676,0.043072,74.125.24.0-255,2902,271288,17,335198
44677,0.043077,172.31.36.0-255,66,271354,17,335198
44678,0.045331,74.125.24.0-255,5738,277092,17,335198
44679,0.045337,172.31.36.0-255,66,277158,17,335198
44680,0.047596,74.125.24.0-255,5738,282896,17,335198
44681,0.047602,172.31.36.0-255,66,282962,17,335198
44682,0.049863,74.125.24.0-255,5738,288700,17,335198
44683,0.049868,172.31.36.0-255,66,288766,17,335198
44684,0.05212,74.125.24.0-255,5738,294504,17,335198
44685,0.052126,172.31.36.0-255,66,294570,17,335198
44686,0.054381,74.125.24.0-255,5738,300308,17,335198
44687,0.054388,172.31.36.0-255,66,300374,17,335198
44688,0.056655,74.125.24.0-255,5738,306112,17,335198
44689,0.056661,172.31.36.0-255,66,306178,17,335198
44690,0.058937,74.125.24.0-255,5738,311916,17,335198
44691,0.058942,172.31.36.0-255,66,311982,17,335198
44692,0.061194,74.125.24.0-255,5738,317720,17,335198
44693,0.0612,172.31.36.0-255,66,317786,17,335198
44694,0.063456,74.125.24.0-255,5738,323524,17,335198
44695,0.063461,172.31.36.0-255,66,323590,17,335198
44696,0.065731,74.125.24.0-255,5738,329328,17,335198
44697,0.065736,172.31.36.0-255,66,329394,17,335198
44698,0.067997,74.125.24.0-255,5738,335132,17,335198
44699,0.068003,172.31.36.0-255,66,335198,17,335198
44700,0.0,172.217.194.0-255,153,153,17,168173
44701,1.9e-05,172.31.36.0-255,66,219,17,168173
44702,2.6e-05,172.217.194.0-255,1484,1703,17,168173
44703,3e-05,172.31.36.0-255,66,1769,17,168173
44704,3.5e-05,172.217.194.0-255,2902,4671,17,168173
44705,3.8e-05,172.31.36.0-255,66,4737,17,168173
44706,4.5e-05,172.217.194.0-255,5738,10475,17,168173
44707,4.8e-05,172.31.36.0-255,66,10541,17,168173
44708,7.8e-05,172.31.36.0-255,66,10607,17,168173
44709,0.000103,172.217.194.0-255,4940,15547,17,168173
44710,0.000105,172.31.36.0-255,66,15613,17,168173
44711,0.000113,172.217.194.0-255,6797,22410,17,168173
44712,0.000116,172.31.36.0-255,66,22476,17,168173
44713,0.000143,172.217.194.0-255,1484,23960,17,168173
44714,0.000146,172.31.36.0-255,66,24026,17,168173
44715,0.00015,172.217.194.0-255,2902,26928,17,168173
44716,0.000153,172.31.36.0-255,66,26994,17,168173
44717,0.000157,172.217.194.0-255,1484,28478,17,168173
44718,0.000159,172.31.36.0-255,66,28544,17,168173
44719,0.000184,172.217.194.0-255,4320,32864,17,168173
44720,0.000187,172.31.36.0-255,66,32930,17,168173
44721,0.000191,172.217.194.0-255,2902,35832,17,168173
44722,0.000194,172.31.36.0-255,66,35898,17,168173
44723,0.000229,172.31.36.0-255,66,35964,17,168173
44724,0.000249,172.31.36.0-255,66,36030,17,168173
44725,0.000267,172.217.194.0-255,3163,39193,17,168173
44726,0.000269,172.31.36.0-255,66,39259,17,168173
44727,0.000406,172.217.194.0-255,1484,40743,17,168173
44728,0.000412,172.31.36.0-255,66,40809,17,168173
44729,0.000418,172.217.194.0-255,2902,43711,17,168173
44730,0.000421,172.31.36.0-255,66,43777,17,168173
44731,0.000428,172.217.194.0-255,5738,49515,17,168173
44732,0.00043,172.31.36.0-255,66,49581,17,168173
44733,0.000435,172.217.194.0-255,2902,52483,17,168173
44734,0.000438,172.31.36.0-255,66,52549,17,168173
44735,0.000473,172.31.36.0-255,66,52615,17,168173
44736,0.000476,172.217.194.0-255,1484,54099,17,168173
44737,0.000516,172.217.194.0-255,5738,59837,17,168173
44738,0.000521,172.31.36.0-255,66,59903,17,168173
44739,0.000543,172.217.194.0-255,3602,63505,17,168173
44740,0.000546,172.31.36.0-255,66,63571,17,168173
44741,0.000574,172.217.194.0-255,1484,65055,17,168173
44742,0.00058,172.217.194.0-255,2902,67957,17,168173
44743,0.000583,172.31.36.0-255,66,68023,17,168173
44744,0.000586,172.217.194.0-255,1484,69507,17,168173
44745,0.000607,172.217.194.0-255,4320,73827,17,168173
44746,0.000609,172.31.36.0-255,66,73893,17,168173
44747,0.000615,172.217.194.0-255,4320,78213,17,168173
44748,0.000617,172.31.36.0-255,66,78279,17,168173
44749,0.000638,172.31.36.0-255,66,78345,17,168173
44750,0.000673,172.31.36.0-255,66,78411,17,168173
44751,0.000709,172.217.194.0-255,1484,79895,17,168173
44752,0.000714,172.217.194.0-255,2902,82797,17,168173
44753,0.000716,172.31.36.0-255,66,82863,17,168173
44754,0.000723,172.217.194.0-255,5738,88601,17,168173
44755,0.000725,172.31.36.0-255,66,88667,17,168173
44756,0.000755,172.31.36.0-255,66,88733,17,168173
44757,0.000777,172.217.194.0-255,4320,93053,17,168173
44758,0.00078,172.31.36.0-255,66,93119,17,168173
44759,0.000796,172.217.194.0-255,1484,94603,17,168173
44760,0.000825,172.31.36.0-255,66,94669,17,168173
44761,0.000935,172.217.194.0-255,1484,96153,17,168173
44762,0.000944,172.217.194.0-255,2902,99055,17,168173
44763,0.00095,172.31.36.0-255,66,99121,17,168173
44764,0.000956,172.217.194.0-255,5738,104859,17,168173
44765,0.000959,172.31.36.0-255,66,104925,17,168173
44766,0.000988,172.31.36.0-255,66,104991,17,168173
44767,0.00102,172.31.36.0-255,66,105057,17,168173
44768,0.001096,172.217.194.0-255,1484,106541,17,168173
44769,0.001119,172.217.194.0-255,2902,109443,17,168173
44770,0.001125,172.31.36.0-255,66,109509,17,168173
44771,0.001132,172.217.194.0-255,5738,115247,17,168173
44772,0.001139,172.217.194.0-255,5738,120985,17,168173
44773,0.001157,172.217.194.0-255,7156,128141,17,168173
44774,0.001206,172.31.36.0-255,66,128207,17,168173
44775,0.001549,172.217.194.0-255,1484,129691,17,168173
44776,0.001556,172.217.194.0-255,2902,132593,17,168173
44777,0.001561,172.31.36.0-255,66,132659,17,168173
44778,0.001569,172.217.194.0-255,5738,138397,17,168173
44779,0.001572,172.31.36.0-255,66,138463,17,168173
44780,0.001609,172.217.194.0-255,1484,139947,17,168173
44781,0.001648,172.31.36.0-255,66,140013,17,168173
44782,0.001746,172.217.194.0-255,1484,141497,17,168173
44783,0.001751,172.217.194.0-255,2902,144399,17,168173
44784,0.001765,172.217.194.0-255,5738,150137,17,168173
44785,0.001807,172.31.36.0-255,66,150203,17,168173
44786,0.001852,172.31.36.0-255,66,150269,17,168173
44787,0.001872,172.217.194.0-255,5738,156007,17,168173
44788,0.001878,172.31.36.0-255,66,156073,17,168173
44789,0.001933,172.31.36.0-255,66,156139,17,168173
44790,0.001946,172.217.194.0-255,4320,160459,17,168173
44791,0.001972,172.31.36.0-255,66,160525,17,168173
44792,0.002003,172.31.36.0-255,66,160591,17,168173
44793,0.002029,172.217.194.0-255,2902,163493,17,168173
44794,0.002069,172.31.36.0-255,66,163559,17,168173
44795,0.002077,172.217.194.0-255,105,163664,17,168173
44796,0.004558,172.31.36.0-255,66,163730,17,168173
44797,0.004592,172.31.36.0-255,105,163835,17,168173
44798,0.007146,172.217.194.0-255,66,163901,17,168173
44799,0.02246,172.31.36.0-255,172,164073,17,168173
44800,0.022496,172.31.36.0-255,1117,165190,17,168173
44801,0.022556,172.31.36.0-255,1514,166704,17,168173
44802,0.022558,172.31.36.0-255,1271,167975,17,168173
44803,0.024005,104.244.42.0-255,66,168041,17,168173
44804,0.024036,104.244.42.0-255,66,168107,17,168173
44805,0.024091,104.244.42.0-255,66,168173,17,168173
44806,0.0,172.217.194.0-255,153,153,17,261718
44807,2.3e-05,172.31.36.0-255,66,219,17,261718
44808,3e-05,172.217.194.0-255,1484,1703,17,261718
44809,3.5e-05,172.31.36.0-255,66,1769,17,261718
44810,4.2e-05,172.217.194.0-255,2902,4671,17,261718
44811,4.6e-05,172.31.36.0-255,66,4737,17,261718
44812,9.8e-05,172.217.194.0-255,5738,10475,17,261718
44813,0.000101,172.31.36.0-255,66,10541,17,261718
44814,0.000127,172.217.194.0-255,6347,16888,17,261718
44815,0.00013,172.31.36.0-255,66,16954,17,261718
44816,0.000151,172.217.194.0-255,5738,22692,17,261718
44817,0.000154,172.31.36.0-255,66,22758,17,261718
44818,0.000207,172.31.36.0-255,66,22824,17,261718
44819,0.00022,172.31.36.0-255,66,22890,17,261718
44820,0.000286,172.31.36.0-255,66,22956,17,261718
44821,0.000304,172.217.194.0-255,5379,28335,17,261718
44822,0.000307,172.31.36.0-255,66,28401,17,261718
44823,0.00133,172.217.194.0-255,645,29046,17,261718
44824,0.001337,172.31.36.0-255,66,29112,17,261718
44825,0.001576,172.217.194.0-255,1484,30596,17,261718
44826,0.001582,172.31.36.0-255,66,30662,17,261718
44827,0.001588,172.217.194.0-255,2902,33564,17,261718
44828,0.001591,172.31.36.0-255,66,33630,17,261718
44829,0.001598,172.217.194.0-255,5738,39368,17,261718
44830,0.0016,172.31.36.0-255,66,39434,17,261718
44831,0.001629,172.217.194.0-255,4320,43754,17,261718
44832,0.001632,172.31.36.0-255,66,43820,17,261718
44833,0.001655,172.217.194.0-255,2902,46722,17,261718
44834,0.001658,172.31.36.0-255,66,46788,17,261718
44835,0.001674,172.31.36.0-255,66,46854,17,261718
44836,0.001679,172.217.194.0-255,1636,48490,17,261718
44837,0.001681,172.31.36.0-255,66,48556,17,261718
44838,0.001924,172.217.194.0-255,1484,50040,17,261718
44839,0.001931,172.217.194.0-255,2902,52942,17,261718
44840,0.001934,172.31.36.0-255,66,53008,17,261718
44841,0.001941,172.217.194.0-255,5738,58746,17,261718
44842,0.001943,172.31.36.0-255,66,58812,17,261718
44843,0.001957,172.217.194.0-255,2902,61714,17,261718
44844,0.001959,172.31.36.0-255,66,61780,17,261718
44845,0.001987,172.217.194.0-255,7156,68936,17,261718
44846,0.00199,172.31.36.0-255,66,69002,17,261718
44847,0.002012,172.217.194.0-255,5738,74740,17,261718
44848,0.002014,172.31.36.0-255,66,74806,17,261718
44849,0.002045,172.31.36.0-255,66,74872,17,261718
44850,0.002122,172.217.194.0-255,1484,76356,17,261718
44851,0.002127,172.217.194.0-255,1484,77840,17,261718
44852,0.002129,172.31.36.0-255,66,77906,17,261718
44853,0.002149,172.217.194.0-255,1484,79390,17,261718
44854,0.002155,172.217.194.0-255,5738,85128,17,261718
44855,0.002158,172.31.36.0-255,66,85194,17,261718
44856,0.002186,172.31.36.0-255,66,85260,17,261718
44857,0.002192,172.217.194.0-255,5738,90998,17,261718
44858,0.002195,172.31.36.0-255,66,91064,17,261718
44859,0.002213,172.217.194.0-255,4320,95384,17,261718
44860,0.002216,172.31.36.0-255,66,95450,17,261718
44861,0.002219,172.217.194.0-255,766,96216,17,261718
44862,0.003082,172.31.36.0-255,66,96282,17,261718
44863,0.004577,172.217.194.0-255,4320,100602,17,261718
44864,0.004585,172.31.36.0-255,66,100668,17,261718
44865,0.005407,172.217.194.0-255,1484,102152,17,261718
44866,0.006931,172.217.194.0-255,4320,106472,17,261718
44867,0.006934,172.31.36.0-255,66,106538,17,261718
44868,0.009288,172.217.194.0-255,5738,112276,17,261718
44869,0.009295,172.31.36.0-255,66,112342,17,261718
44870,0.011717,172.217.194.0-255,5738,118080,17,261718
44871,0.011732,172.31.36.0-255,66,118146,17,261718
44872,0.0141,172.217.194.0-255,5738,123884,17,261718
44873,0.014114,172.31.36.0-255,66,123950,17,261718
44874,0.016484,172.217.194.0-255,5738,129688,17,261718
44875,0.016497,172.31.36.0-255,66,129754,17,261718
44876,0.018852,172.217.194.0-255,5738,135492,17,261718
44877,0.018861,172.31.36.0-255,66,135558,17,261718
44878,0.021217,172.217.194.0-255,5738,141296,17,261718
44879,0.021225,172.31.36.0-255,66,141362,17,261718
44880,0.023601,172.217.194.0-255,5738,147100,17,261718
44881,0.023608,172.31.36.0-255,66,147166,17,261718
44882,0.025984,172.217.194.0-255,5738,152904,17,261718
44883,0.025992,172.31.36.0-255,66,152970,17,261718
44884,0.028348,172.217.194.0-255,5738,158708,17,261718
44885,0.028359,172.31.36.0-255,66,158774,17,261718
44886,0.030725,172.217.194.0-255,5738,164512,17,261718
44887,0.030737,172.31.36.0-255,66,164578,17,261718
44888,0.033124,172.217.194.0-255,5738,170316,17,261718
44889,0.033136,172.31.36.0-255,66,170382,17,261718
44890,0.033846,172.31.36.0-255,176,170558,17,261718
44891,0.03388,172.31.36.0-255,1118,171676,17,261718
44892,0.033943,172.31.36.0-255,1514,173190,17,261718
44893,0.033945,172.31.36.0-255,1270,174460,17,261718
44894,0.035413,104.244.42.0-255,66,174526,17,261718
44895,0.035442,104.244.42.0-255,66,174592,17,261718
44896,0.035505,104.244.42.0-255,66,174658,17,261718
44897,0.035522,172.217.194.0-255,5738,180396,17,261718
44898,0.035527,172.31.36.0-255,66,180462,17,261718
44899,0.037882,172.217.194.0-255,5738,186200,17,261718
44900,0.037889,172.31.36.0-255,66,186266,17,261718
44901,0.04025,172.217.194.0-255,5738,192004,17,261718
44902,0.040257,172.31.36.0-255,66,192070,17,261718
44903,0.042672,172.217.194.0-255,5738,197808,17,261718
44904,0.042682,172.31.36.0-255,66,197874,17,261718
44905,0.045018,172.217.194.0-255,5738,203612,17,261718
44906,0.045026,172.31.36.0-255,66,203678,17,261718
44907,0.047343,172.217.194.0-255,5738,209416,17,261718
44908,0.04735,172.31.36.0-255,66,209482,17,261718
44909,0.04972,172.217.194.0-255,5738,215220,17,261718
44910,0.049727,172.31.36.0-255,66,215286,17,261718
44911,0.052115,172.217.194.0-255,5738,221024,17,261718
44912,0.052124,172.31.36.0-255,66,221090,17,261718
44913,0.05448,172.217.194.0-255,5738,226828,17,261718
44914,0.054486,172.31.36.0-255,66,226894,17,261718
44915,0.056875,172.217.194.0-255,5738,232632,17,261718
44916,0.056882,172.31.36.0-255,66,232698,17,261718
44917,0.059382,172.217.194.0-255,5738,238436,17,261718
44918,0.059389,172.31.36.0-255,66,238502,17,261718
44919,0.061733,172.217.194.0-255,5738,244240,17,261718
44920,0.06174,172.31.36.0-255,66,244306,17,261718
44921,0.064086,172.217.194.0-255,5738,250044,17,261718
44922,0.064093,172.31.36.0-255,66,250110,17,261718
44923,0.066427,172.217.194.0-255,5738,255848,17,261718
44924,0.066434,172.31.36.0-255,66,255914,17,261718
44925,0.068811,172.217.194.0-255,5738,261652,17,261718
44926,0.068819,172.31.36.0-255,66,261718,17,261718
44927,0.0,172.217.194.0-255,226,226,17,187564
44928,2.4e-05,172.31.36.0-255,66,292,17,187564
44929,3.1e-05,172.217.194.0-255,1484,1776,17,187564
44930,3.6e-05,172.31.36.0-255,66,1842,17,187564
44931,4.3e-05,172.217.194.0-255,4320,6162,17,187564
44932,4.6e-05,172.31.36.0-255,66,6228,17,187564
44933,0.000235,172.217.194.0-255,7156,13384,17,187564
44934,0.000241,172.31.36.0-255,66,13450,17,187564
44935,0.000582,172.31.36.0-255,66,13516,17,187564
44936,0.000601,172.217.194.0-255,4840,18356,17,187564
44937,0.000603,172.31.36.0-255,66,18422,17,187564
44938,0.001195,172.217.194.0-255,4198,22620,17,187564
44939,0.001204,172.31.36.0-255,66,22686,17,187564
44940,0.003171,172.217.194.0-255,1484,24170,17,187564
44941,0.003177,172.31.36.0-255,66,24236,17,187564
44942,0.003704,172.217.194.0-255,4320,28556,17,187564
44943,0.00371,172.31.36.0-255,66,28622,17,187564
44944,0.005685,172.217.194.0-255,1484,30106,17,187564
44945,0.005695,172.31.36.0-255,66,30172,17,187564
44946,0.006225,172.217.194.0-255,4320,34492,17,187564
44947,0.006233,172.31.36.0-255,66,34558,17,187564
44948,0.008207,172.217.194.0-255,1484,36042,17,187564
44949,0.008217,172.31.36.0-255,66,36108,17,187564
44950,0.00873,172.217.194.0-255,1484,37592,17,187564
44951,0.008736,172.31.36.0-255,66,37658,17,187564
44952,0.008756,172.217.194.0-255,2902,40560,17,187564
44953,0.008758,172.31.36.0-255,66,40626,17,187564
44954,0.010734,172.217.194.0-255,1484,42110,17,187564
44955,0.010745,172.31.36.0-255,66,42176,17,187564
44956,0.01126,172.217.194.0-255,4320,46496,17,187564
44957,0.011267,172.31.36.0-255,66,46562,17,187564
44958,0.01326,172.217.194.0-255,1484,48046,17,187564
44959,0.013277,172.31.36.0-255,66,48112,17,187564
44960,0.013778,172.217.194.0-255,4320,52432,17,187564
44961,0.013809,172.31.36.0-255,66,52498,17,187564
44962,0.015775,172.217.194.0-255,1484,53982,17,187564
44963,0.015789,172.31.36.0-255,66,54048,17,187564
44964,0.016333,172.217.194.0-255,4320,58368,17,187564
44965,0.016339,172.31.36.0-255,66,58434,17,187564
44966,0.018308,172.217.194.0-255,1484,59918,17,187564
44967,0.018318,172.31.36.0-255,66,59984,17,187564
44968,0.018823,172.217.194.0-255,4320,64304,17,187564
44969,0.018831,172.31.36.0-255,66,64370,17,187564
44970,0.02083,172.217.194.0-255,1484,65854,17,187564
44971,0.02084,172.31.36.0-255,66,65920,17,187564
44972,0.02135,172.217.194.0-255,1484,67404,17,187564
44973,0.021357,172.31.36.0-255,66,67470,17,187564
44974,0.02138,172.217.194.0-255,2902,70372,17,187564
44975,0.021382,172.31.36.0-255,66,70438,17,187564
44976,0.023324,172.217.194.0-255,1484,71922,17,187564
44977,0.023334,172.31.36.0-255,66,71988,17,187564
44978,0.023885,172.217.194.0-255,4320,76308,17,187564
44979,0.023891,172.31.36.0-255,66,76374,17,187564
44980,0.024572,172.31.36.0-255,176,76550,17,187564
44981,0.024605,172.31.36.0-255,1116,77666,17,187564
44982,0.024673,172.31.36.0-255,1514,79180,17,187564
44983,0.024674,172.31.36.0-255,1272,80452,17,187564
44984,0.025847,172.217.194.0-255,1484,81936,17,187564
44985,0.025856,172.31.36.0-255,66,82002,17,187564
44986,0.026101,104.244.42.0-255,66,82068,17,187564
44987,0.026145,104.244.42.0-255,66,82134,17,187564
44988,0.026287,104.244.42.0-255,66,82200,17,187564
44989,0.026415,172.217.194.0-255,4320,86520,17,187564
44990,0.026422,172.31.36.0-255,66,86586,17,187564
44991,0.028356,172.217.194.0-255,1484,88070,17,187564
44992,0.02893,172.217.194.0-255,4320,92390,17,187564
44993,0.028937,172.31.36.0-255,66,92456,17,187564
44994,0.031489,172.217.194.0-255,5738,98194,17,187564
44995,0.031505,172.31.36.0-255,66,98260,17,187564
44996,0.033998,172.217.194.0-255,2902,101162,17,187564
44997,0.034007,172.31.36.0-255,66,101228,17,187564
44998,0.034045,172.217.194.0-255,2902,104130,17,187564
44999,0.034048,172.31.36.0-255,66,104196,17,187564
45000,0.036494,172.217.194.0-255,2902,107098,17,187564
45001,0.036505,172.31.36.0-255,66,107164,17,187564
45002,0.036579,172.217.194.0-255,2902,110066,17,187564
45003,0.036583,172.31.36.0-255,66,110132,17,187564
45004,0.039026,172.217.194.0-255,2902,113034,17,187564
45005,0.039033,172.31.36.0-255,66,113100,17,187564
45006,0.039063,172.217.194.0-255,2902,116002,17,187564
45007,0.039065,172.31.36.0-255,66,116068,17,187564
45008,0.041572,172.217.194.0-255,2902,118970,17,187564
45009,0.041578,172.31.36.0-255,66,119036,17,187564
45010,0.041596,172.217.194.0-255,1484,120520,17,187564
45011,0.041598,172.31.36.0-255,66,120586,17,187564
45012,0.041618,172.217.194.0-255,1484,122070,17,187564
45013,0.04162,172.31.36.0-255,66,122136,17,187564
45014,0.044099,172.217.194.0-255,2902,125038,17,187564
45015,0.044106,172.31.36.0-255,66,125104,17,187564
45016,0.044138,172.217.194.0-255,1484,126588,17,187564
45017,0.044141,172.31.36.0-255,66,126654,17,187564
45018,0.044158,172.217.194.0-255,1484,128138,17,187564
45019,0.04416,172.31.36.0-255,66,128204,17,187564
45020,0.046579,172.217.194.0-255,2902,131106,17,187564
45021,0.046586,172.31.36.0-255,66,131172,17,187564
45022,0.046637,172.217.194.0-255,2902,134074,17,187564
45023,0.046641,172.31.36.0-255,66,134140,17,187564
45024,0.049067,172.217.194.0-255,2902,137042,17,187564
45025,0.049075,172.31.36.0-255,66,137108,17,187564
45026,0.049115,172.217.194.0-255,2902,140010,17,187564
45027,0.049118,172.31.36.0-255,66,140076,17,187564
45028,0.051566,172.217.194.0-255,2902,142978,17,187564
45029,0.051574,172.31.36.0-255,66,143044,17,187564
45030,0.051612,172.217.194.0-255,2902,145946,17,187564
45031,0.051615,172.31.36.0-255,66,146012,17,187564
45032,0.054097,172.217.194.0-255,2902,148914,17,187564
45033,0.05411,172.31.36.0-255,66,148980,17,187564
45034,0.054133,172.217.194.0-255,2902,151882,17,187564
45035,0.054135,172.31.36.0-255,66,151948,17,187564
45036,0.056624,172.217.194.0-255,2902,154850,17,187564
45037,0.056633,172.31.36.0-255,66,154916,17,187564
45038,0.056672,172.217.194.0-255,2902,157818,17,187564
45039,0.056675,172.31.36.0-255,66,157884,17,187564
45040,0.059125,172.217.194.0-255,2902,160786,17,187564
45041,0.059132,172.31.36.0-255,66,160852,17,187564
45042,0.05918,172.217.194.0-255,2902,163754,17,187564
45043,0.059184,172.31.36.0-255,66,163820,17,187564
45044,0.061665,172.217.194.0-255,2902,166722,17,187564
45045,0.061672,172.31.36.0-255,66,166788,17,187564
45046,0.061693,172.217.194.0-255,2902,169690,17,187564
45047,0.061696,172.31.36.0-255,66,169756,17,187564
45048,0.064183,172.217.194.0-255,2902,172658,17,187564
45049,0.06419,172.31.36.0-255,66,172724,17,187564
45050,0.064231,172.217.194.0-255,2902,175626,17,187564
45051,0.064233,172.31.36.0-255,66,175692,17,187564
45052,0.066707,172.217.194.0-255,2902,178594,17,187564
45053,0.066718,172.31.36.0-255,66,178660,17,187564
45054,0.066767,172.217.194.0-255,2902,181562,17,187564
45055,0.066771,172.31.36.0-255,66,181628,17,187564
45056,0.069222,172.217.194.0-255,2902,184530,17,187564
45057,0.069232,172.31.36.0-255,66,184596,17,187564
45058,0.069271,172.217.194.0-255,2902,187498,17,187564
45059,0.069274,172.31.36.0-255,66,187564,17,187564
45060,0.0,172.217.194.0-255,146,146,17,277962
45061,2.7e-05,172.31.36.0-255,66,212,17,277962
45062,3.4e-05,172.217.194.0-255,1484,1696,17,277962
45063,3.8e-05,172.31.36.0-255,66,1762,17,277962
45064,4.2e-05,172.217.194.0-255,2902,4664,17,277962
45065,4.4e-05,172.31.36.0-255,66,4730,17,277962
45066,5e-05,172.217.194.0-255,5738,10468,17,277962
45067,5.3e-05,172.31.36.0-255,66,10534,17,277962
45068,8.2e-05,172.217.194.0-255,1484,12018,17,277962
45069,8.5e-05,172.31.36.0-255,66,12084,17,277962
45070,9.2e-05,172.217.194.0-255,4911,16995,17,277962
45071,9.4e-05,172.31.36.0-255,66,17061,17,277962
45072,0.000107,172.31.36.0-255,66,17127,17,277962
45073,0.000176,172.217.194.0-255,1484,18611,17,277962
45074,0.00018,172.31.36.0-255,66,18677,17,277962
45075,0.000185,172.217.194.0-255,2902,21579,17,277962
45076,0.000187,172.31.36.0-255,66,21645,17,277962
45077,0.000214,172.217.194.0-255,5738,27383,17,277962
45078,0.000217,172.31.36.0-255,66,27449,17,277962
45079,0.000224,172.217.194.0-255,5738,33187,17,277962
45080,0.000226,172.31.36.0-255,66,33253,17,277962
45081,0.000246,172.31.36.0-255,66,33319,17,277962
45082,0.00027,172.217.194.0-255,7156,40475,17,277962
45083,0.000273,172.31.36.0-255,66,40541,17,277962
45084,0.00029,172.217.194.0-255,2817,43358,17,277962
45085,0.000292,172.31.36.0-255,66,43424,17,277962
45086,0.000295,172.217.194.0-255,402,43826,17,277962
45087,0.000297,172.31.36.0-255,66,43892,17,277962
45088,0.000446,172.217.194.0-255,1484,45376,17,277962
45089,0.00045,172.31.36.0-255,66,45442,17,277962
45090,0.000454,172.217.194.0-255,1484,46926,17,277962
45091,0.000473,172.217.194.0-255,1484,48410,17,277962
45092,0.000481,172.217.194.0-255,5738,54148,17,277962
45093,0.000489,172.31.36.0-255,66,54214,17,277962
45094,0.000532,172.217.194.0-255,6797,61011,17,277962
45095,0.000542,172.31.36.0-255,66,61077,17,277962
45096,0.000657,172.217.194.0-255,1484,62561,17,277962
45097,0.000663,172.217.194.0-255,2902,65463,17,277962
45098,0.000669,172.31.36.0-255,66,65529,17,277962
45099,0.00068,172.217.194.0-255,5738,71267,17,277962
45100,0.000685,172.31.36.0-255,66,71333,17,277962
45101,0.000734,172.217.194.0-255,6797,78130,17,277962
45102,0.000737,172.31.36.0-255,66,78196,17,277962
45103,0.00198,172.217.194.0-255,1484,79680,17,277962
45104,0.001991,172.217.194.0-255,2902,82582,17,277962
45105,0.001995,172.31.36.0-255,66,82648,17,277962
45106,0.002003,172.217.194.0-255,4320,86968,17,277962
45107,0.002016,172.217.194.0-255,1484,88452,17,277962
45108,0.002018,172.217.194.0-255,1484,89936,17,277962
45109,0.002051,172.217.194.0-255,4320,94256,17,277962
45110,0.002066,172.217.194.0-255,4320,98576,17,277962
45111,0.004204,172.31.36.0-255,66,98642,17,277962
45112,0.006264,172.217.194.0-255,2902,101544,17,277962
45113,0.006269,172.31.36.0-255,66,101610,17,277962
45114,0.006299,172.217.194.0-255,2902,104512,17,277962
45115,0.006308,172.31.36.0-255,66,104578,17,277962
45116,0.008351,172.217.194.0-255,4320,108898,17,277962
45117,0.008358,172.31.36.0-255,66,108964,17,277962
45118,0.008377,172.217.194.0-255,1484,110448,17,277962
45119,0.010407,172.217.194.0-255,4320,114768,17,277962
45120,0.01233,172.31.36.0-255,66,114834,17,277962
45121,0.014357,172.217.194.0-255,5738,120572,17,277962
45122,0.014369,172.31.36.0-255,66,120638,17,277962
45123,0.01641,172.217.194.0-255,4320,124958,17,277962
45124,0.016418,172.31.36.0-255,66,125024,17,277962
45125,0.016453,172.217.194.0-255,1484,126508,17,277962
45126,0.018455,172.217.194.0-255,4320,130828,17,277962
45127,0.018462,172.31.36.0-255,66,130894,17,277962
45128,0.020565,172.217.194.0-255,5738,136632,17,277962
45129,0.020624,172.31.36.0-255,66,136698,17,277962
45130,0.022695,172.217.194.0-255,5738,142436,17,277962
45131,0.022702,172.31.36.0-255,66,142502,17,277962
45132,0.024757,172.217.194.0-255,5738,148240,17,277962
45133,0.024763,172.31.36.0-255,66,148306,17,277962
45134,0.025444,172.31.36.0-255,172,148478,17,277962
45135,0.025474,172.31.36.0-255,1118,149596,17,277962
45136,0.025513,172.31.36.0-255,1514,151110,17,277962
45137,0.025514,172.31.36.0-255,1514,152624,17,277962
45138,0.025519,172.31.36.0-255,1514,154138,17,277962
45139,0.02552,172.31.36.0-255,1048,155186,17,277962
45140,0.026852,172.217.194.0-255,5738,160924,17,277962
45141,0.026858,172.31.36.0-255,66,160990,17,277962
45142,0.027032,104.244.42.0-255,66,161056,17,277962
45143,0.027076,104.244.42.0-255,66,161122,17,277962
45144,0.02708,104.244.42.0-255,66,161188,17,277962
45145,0.027084,104.244.42.0-255,66,161254,17,277962
45146,0.02889,172.217.194.0-255,2902,164156,17,277962
45147,0.028896,172.31.36.0-255,66,164222,17,277962
45148,0.028932,172.217.194.0-255,2902,167124,17,277962
45149,0.028945,172.31.36.0-255,66,167190,17,277962
45150,0.030911,172.217.194.0-255,2902,170092,17,277962
45151,0.030916,172.31.36.0-255,66,170158,17,277962
45152,0.030969,172.217.194.0-255,2902,173060,17,277962
45153,0.030996,172.31.36.0-255,66,173126,17,277962
45154,0.033209,172.217.194.0-255,2902,176028,17,277962
45155,0.033214,172.31.36.0-255,66,176094,17,277962
45156,0.033247,172.217.194.0-255,2902,178996,17,277962
45157,0.033268,172.31.36.0-255,66,179062,17,277962
45158,0.035281,172.217.194.0-255,5738,184800,17,277962
45159,0.035336,172.31.36.0-255,66,184866,17,277962
45160,0.037411,172.217.194.0-255,5738,190604,17,277962
45161,0.037417,172.31.36.0-255,66,190670,17,277962
45162,0.039494,172.217.194.0-255,4320,194990,17,277962
45163,0.039499,172.31.36.0-255,66,195056,17,277962
45164,0.039528,172.217.194.0-255,1484,196540,17,277962
45165,0.041584,172.217.194.0-255,4320,200860,17,277962
45166,0.04159,172.31.36.0-255,66,200926,17,277962
45167,0.04361,172.217.194.0-255,5738,206664,17,277962
45168,0.043663,172.31.36.0-255,66,206730,17,277962
45169,0.045736,172.217.194.0-255,2902,209632,17,277962
45170,0.045741,172.31.36.0-255,66,209698,17,277962
45171,0.045773,172.217.194.0-255,2902,212600,17,277962
45172,0.045796,172.31.36.0-255,66,212666,17,277962
45173,0.047779,172.217.194.0-255,2902,215568,17,277962
45174,0.047785,172.31.36.0-255,66,215634,17,277962
45175,0.047847,172.217.194.0-255,2902,218536,17,277962
45176,0.047875,172.31.36.0-255,66,218602,17,277962
45177,0.049816,172.217.194.0-255,2902,221504,17,277962
45178,0.049821,172.31.36.0-255,66,221570,17,277962
45179,0.049874,172.217.194.0-255,2902,224472,17,277962
45180,0.04988,172.31.36.0-255,66,224538,17,277962
45181,0.051846,172.217.194.0-255,2902,227440,17,277962
45182,0.051851,172.31.36.0-255,66,227506,17,277962
45183,0.051967,172.217.194.0-255,2902,230408,17,277962
45184,0.051972,172.31.36.0-255,66,230474,17,277962
45185,0.053915,172.217.194.0-255,2902,233376,17,277962
45186,0.05392,172.31.36.0-255,66,233442,17,277962
45187,0.054027,172.217.194.0-255,2902,236344,17,277962
45188,0.054031,172.31.36.0-255,66,236410,17,277962
45189,0.055978,172.217.194.0-255,2902,239312,17,277962
45190,0.055983,172.31.36.0-255,66,239378,17,277962
45191,0.05608,172.217.194.0-255,2902,242280,17,277962
45192,0.056084,172.31.36.0-255,66,242346,17,277962
45193,0.058024,172.217.194.0-255,2902,245248,17,277962
45194,0.05803,172.31.36.0-255,66,245314,17,277962
45195,0.058102,172.217.194.0-255,2902,248216,17,277962
45196,0.058112,172.31.36.0-255,66,248282,17,277962
45197,0.060116,172.217.194.0-255,2902,251184,17,277962
45198,0.060121,172.31.36.0-255,66,251250,17,277962
45199,0.060195,172.217.194.0-255,2902,254152,17,277962
45200,0.060205,172.31.36.0-255,66,254218,17,277962
45201,0.062159,172.217.194.0-255,2902,257120,17,277962
45202,0.062165,172.31.36.0-255,66,257186,17,277962
45203,0.062225,172.217.194.0-255,2902,260088,17,277962
45204,0.062244,172.31.36.0-255,66,260154,17,277962
45205,0.064195,172.217.194.0-255,2902,263056,17,277962
45206,0.0642,172.31.36.0-255,66,263122,17,277962
45207,0.064289,172.217.194.0-255,2902,266024,17,277962
45208,0.064297,172.31.36.0-255,66,266090,17,277962
45209,0.066236,172.217.194.0-255,2902,268992,17,277962
45210,0.066241,172.31.36.0-255,66,269058,17,277962
45211,0.066334,172.217.194.0-255,2902,271960,17,277962
45212,0.066339,172.31.36.0-255,66,272026,17,277962
45213,0.0683,172.217.194.0-255,2902,274928,17,277962
45214,0.068304,172.31.36.0-255,66,274994,17,277962
45215,0.068391,172.217.194.0-255,2902,277896,17,277962
45216,0.068398,172.31.36.0-255,66,277962,17,277962
45217,0.0,172.253.118.0-255,219,219,17,197668
45218,3.4e-05,172.31.36.0-255,66,285,17,197668
45219,4.1e-05,172.253.118.0-255,1484,1769,17,197668
45220,4.5e-05,172.31.36.0-255,66,1835,17,197668
45221,6e-05,172.253.118.0-255,4320,6155,17,197668
45222,6.3e-05,172.31.36.0-255,66,6221,17,197668
45223,9.9e-05,172.31.36.0-255,66,6287,17,197668
45224,0.00011,172.31.36.0-255,66,6353,17,197668
45225,0.000121,172.253.118.0-255,1484,7837,17,197668
45226,0.000124,172.31.36.0-255,66,7903,17,197668
45227,0.000155,172.253.118.0-255,6797,14700,17,197668
45228,0.000159,172.31.36.0-255,66,14766,17,197668
45229,0.000247,172.253.118.0-255,1484,16250,17,197668
45230,0.000251,172.31.36.0-255,66,16316,17,197668
45231,0.000255,172.253.118.0-255,1484,17800,17,197668
45232,0.000257,172.31.36.0-255,66,17866,17,197668
45233,0.000292,172.253.118.0-255,1484,19350,17,197668
45234,0.000295,172.31.36.0-255,66,19416,17,197668
45235,0.000298,172.253.118.0-255,1484,20900,17,197668
45236,0.0003,172.31.36.0-255,66,20966,17,197668
45237,0.000305,172.253.118.0-255,2902,23868,17,197668
45238,0.00031,172.253.118.0-255,5738,29606,17,197668
45239,0.00031,172.31.36.0-255,66,29672,17,197668
45240,0.000314,172.31.36.0-255,66,29738,17,197668
45241,0.000353,172.253.118.0-255,5379,35117,17,197668
45242,0.000357,172.31.36.0-255,66,35183,17,197668
45243,0.000364,172.253.118.0-255,5738,40921,17,197668
45244,0.000366,172.31.36.0-255,66,40987,17,197668
45245,0.000374,172.253.118.0-255,7156,48143,17,197668
45246,0.000376,172.31.36.0-255,66,48209,17,197668
45247,0.000402,172.253.118.0-255,1400,49609,17,197668
45248,0.000406,172.253.118.0-255,381,49990,17,197668
45249,0.000409,172.31.36.0-255,66,50056,17,197668
45250,0.000543,172.253.118.0-255,1484,51540,17,197668
45251,0.000549,172.253.118.0-255,2902,54442,17,197668
45252,0.000552,172.31.36.0-255,66,54508,17,197668
45253,0.00056,172.253.118.0-255,5738,60246,17,197668
45254,0.000562,172.31.36.0-255,66,60312,17,197668
45255,0.000573,172.253.118.0-255,4320,64632,17,197668
45256,0.000577,172.31.36.0-255,66,64698,17,197668
45257,0.000633,172.31.36.0-255,66,64764,17,197668
45258,0.000641,172.253.118.0-255,6797,71561,17,197668
45259,0.000644,172.31.36.0-255,66,71627,17,197668
45260,0.000761,172.253.118.0-255,1484,73111,17,197668
45261,0.000767,172.253.118.0-255,2902,76013,17,197668
45262,0.00077,172.31.36.0-255,66,76079,17,197668
45263,0.0008,172.253.118.0-255,5738,81817,17,197668
45264,0.000803,172.31.36.0-255,66,81883,17,197668
45265,0.00081,172.253.118.0-255,7156,89039,17,197668
45266,0.000813,172.31.36.0-255,66,89105,17,197668
45267,0.000841,172.253.118.0-255,5738,94843,17,197668
45268,0.000844,172.31.36.0-255,66,94909,17,197668
45269,0.000849,172.253.118.0-255,4320,99229,17,197668
45270,0.000852,172.31.36.0-255,66,99295,17,197668
45271,0.000882,172.253.118.0-255,6438,105733,17,197668
45272,0.000886,172.31.36.0-255,66,105799,17,197668
45273,0.000965,172.253.118.0-255,1484,107283,17,197668
45274,0.000985,172.253.118.0-255,2902,110185,17,197668
45275,0.000988,172.31.36.0-255,66,110251,17,197668
45276,0.000993,172.253.118.0-255,2902,113153,17,197668
45277,0.000997,172.31.36.0-255,66,113219,17,197668
45278,0.001026,172.253.118.0-255,2902,116121,17,197668
45279,0.001029,172.31.36.0-255,66,116187,17,197668
45280,0.001048,172.31.36.0-255,66,116253,17,197668
45281,0.001054,172.253.118.0-255,7156,123409,17,197668
45282,0.001056,172.31.36.0-255,66,123475,17,197668
45283,0.001095,172.253.118.0-255,5738,129213,17,197668
45284,0.001097,172.31.36.0-255,66,129279,17,197668
45285,0.001125,172.253.118.0-255,2184,131463,17,197668
45286,0.001129,172.31.36.0-255,66,131529,17,197668
45287,0.00114,172.31.36.0-255,66,131595,17,197668
45288,0.001158,172.31.36.0-255,66,131661,17,197668
45289,0.001252,172.253.118.0-255,1484,133145,17,197668
45290,0.001269,172.253.118.0-255,2902,136047,17,197668
45291,0.001272,172.31.36.0-255,66,136113,17,197668
45292,0.001277,172.253.118.0-255,2902,139015,17,197668
45293,0.001279,172.31.36.0-255,66,139081,17,197668
45294,0.00131,172.253.118.0-255,1484,140565,17,197668
45295,0.001321,172.31.36.0-255,66,140631,17,197668
45296,0.001355,172.31.36.0-255,66,140697,17,197668
45297,0.001384,172.253.118.0-255,5020,145717,17,197668
45298,0.001387,172.31.36.0-255,66,145783,17,197668
45299,0.001601,172.253.118.0-255,1484,147267,17,197668
45300,0.001616,172.253.118.0-255,2902,150169,17,197668
45301,0.00162,172.31.36.0-255,66,150235,17,197668
45302,0.001625,172.253.118.0-255,4320,154555,17,197668
45303,0.001628,172.31.36.0-255,66,154621,17,197668
45304,0.001651,172.253.118.0-255,1484,156105,17,197668
45305,0.001679,172.253.118.0-255,7156,163261,17,197668
45306,0.001683,172.31.36.0-255,66,163327,17,197668
45307,0.001697,172.31.36.0-255,66,163393,17,197668
45308,0.001702,172.253.118.0-255,3602,166995,17,197668
45309,0.001704,172.31.36.0-255,66,167061,17,197668
45310,0.001723,172.253.118.0-255,1484,168545,17,197668
45311,0.001774,172.31.36.0-255,66,168611,17,197668
45312,0.001788,172.31.36.0-255,66,168677,17,197668
45313,0.001799,172.31.36.0-255,66,168743,17,197668
45314,0.001841,172.253.118.0-255,4320,173063,17,197668
45315,0.001845,172.31.36.0-255,66,173129,17,197668
45316,0.00186,172.31.36.0-255,66,173195,17,197668
45317,0.001862,172.253.118.0-255,6438,179633,17,197668
45318,0.001866,172.31.36.0-255,66,179699,17,197668
45319,0.001869,172.253.118.0-255,7156,186855,17,197668
45320,0.001871,172.31.36.0-255,66,186921,17,197668
45321,0.001877,172.253.118.0-255,5738,192659,17,197668
45322,0.001879,172.31.36.0-255,66,192725,17,197668
45323,0.001931,172.31.36.0-255,66,192791,17,197668
45324,0.001941,172.31.36.0-255,66,192857,17,197668
45325,0.001988,172.31.36.0-255,66,192923,17,197668
45326,0.002042,172.31.36.0-255,66,192989,17,197668
45327,0.002061,172.31.36.0-255,66,193055,17,197668
45328,0.004023,172.253.118.0-255,105,193160,17,197668
45329,0.015195,172.31.36.0-255,66,193226,17,197668
45330,0.015226,172.31.36.0-255,105,193331,17,197668
45331,0.017177,172.253.118.0-255,66,193397,17,197668
45332,0.038074,172.31.36.0-255,171,193568,17,197668
45333,0.038108,172.31.36.0-255,1141,194709,17,197668
45334,0.038146,172.31.36.0-255,1514,196223,17,197668
45335,0.038148,172.31.36.0-255,1247,197470,17,197668
45336,0.039629,104.244.42.0-255,66,197536,17,197668
45337,0.039815,104.244.42.0-255,66,197602,17,197668
45338,0.039822,104.244.42.0-255,66,197668,17,197668
45339,0.0,74.125.24.0-255,155,155,17,197728
45340,1.6e-05,172.31.36.0-255,66,221,17,197728
45341,2.3e-05,74.125.24.0-255,1484,1705,17,197728
45342,2.8e-05,172.31.36.0-255,66,1771,17,197728
45343,3.3e-05,74.125.24.0-255,2902,4673,17,197728
45344,3.7e-05,172.31.36.0-255,66,4739,17,197728
45345,4.1e-05,74.125.24.0-255,1484,6223,17,197728
45346,4.3e-05,172.31.36.0-255,66,6289,17,197728
45347,7.1e-05,74.125.24.0-255,5738,12027,17,197728
45348,7.5e-05,172.31.36.0-255,66,12093,17,197728
45349,0.000155,74.125.24.0-255,1484,13577,17,197728
45350,0.000157,172.31.36.0-255,66,13643,17,197728
45351,0.000161,74.125.24.0-255,732,14375,17,197728
45352,0.000163,172.31.36.0-255,66,14441,17,197728
45353,0.00018,74.125.24.0-255,4320,18761,17,197728
45354,0.000183,172.31.36.0-255,66,18827,17,197728
45355,0.000253,74.125.24.0-255,2902,21729,17,197728
45356,0.000257,172.31.36.0-255,66,21795,17,197728
45357,0.000281,74.125.24.0-255,7156,28951,17,197728
45358,0.000284,172.31.36.0-255,66,29017,17,197728
45359,0.000381,74.125.24.0-255,2543,31560,17,197728
45360,0.000385,172.31.36.0-255,66,31626,17,197728
45361,0.000429,172.31.36.0-255,66,31692,17,197728
45362,0.000454,172.31.36.0-255,66,31758,17,197728
45363,0.000745,74.125.24.0-255,1484,33242,17,197728
45364,0.000751,172.31.36.0-255,66,33308,17,197728
45365,0.000756,74.125.24.0-255,2902,36210,17,197728
45366,0.000759,172.31.36.0-255,66,36276,17,197728
45367,0.000792,74.125.24.0-255,5738,42014,17,197728
45368,0.000795,172.31.36.0-255,66,42080,17,197728
45369,0.000879,74.125.24.0-255,6797,48877,17,197728
45370,0.000883,172.31.36.0-255,66,48943,17,197728
45371,0.000977,74.125.24.0-255,7156,56099,17,197728
45372,0.000995,172.31.36.0-255,66,56165,17,197728
45373,0.001079,172.31.36.0-255,66,56231,17,197728
45374,0.001096,74.125.24.0-255,5379,61610,17,197728
45375,0.001114,172.31.36.0-255,66,61676,17,197728
45376,0.001312,74.125.24.0-255,1706,63382,17,197728
45377,0.001318,172.31.36.0-255,66,63448,17,197728
45378,0.001477,172.31.36.0-255,66,63514,17,197728
45379,0.001493,74.125.24.0-255,2902,66416,17,197728
45380,0.001513,172.31.36.0-255,66,66482,17,197728
45381,0.001657,172.31.36.0-255,66,66548,17,197728
45382,0.001699,172.31.36.0-255,66,66614,17,197728
45383,0.002035,172.31.36.0-255,66,66680,17,197728
45384,0.002172,74.125.24.0-255,5738,72418,17,197728
45385,0.002241,74.125.24.0-255,2884,75302,17,197728
45386,0.003389,74.125.24.0-255,5738,81040,17,197728
45387,0.006745,172.31.36.0-255,66,81106,17,197728
45388,0.009086,74.125.24.0-255,5738,86844,17,197728
45389,0.009092,172.31.36.0-255,66,86910,17,197728
45390,0.01138,74.125.24.0-255,5738,92648,17,197728
45391,0.011388,172.31.36.0-255,66,92714,17,197728
45392,0.013697,74.125.24.0-255,5738,98452,17,197728
45393,0.014368,172.31.36.0-255,66,98518,17,197728
45394,0.016687,74.125.24.0-255,5738,104256,17,197728
45395,0.016694,172.31.36.0-255,66,104322,17,197728
45396,0.018994,74.125.24.0-255,5738,110060,17,197728
45397,0.019001,172.31.36.0-255,66,110126,17,197728
45398,0.021297,74.125.24.0-255,2902,113028,17,197728
45399,0.021305,172.31.36.0-255,66,113094,17,197728
45400,0.021325,74.125.24.0-255,2902,115996,17,197728
45401,0.021368,172.31.36.0-255,66,116062,17,197728
45402,0.023652,74.125.24.0-255,2902,118964,17,197728
45403,0.02366,172.31.36.0-255,66,119030,17,197728
45404,0.023683,74.125.24.0-255,2902,121932,17,197728
45405,0.023705,172.31.36.0-255,66,121998,17,197728
45406,0.025964,74.125.24.0-255,2902,124900,17,197728
45407,0.025972,172.31.36.0-255,66,124966,17,197728
45408,0.026026,74.125.24.0-255,2902,127868,17,197728
45409,0.026053,172.31.36.0-255,66,127934,17,197728
45410,0.02829,74.125.24.0-255,2902,130836,17,197728
45411,0.028298,172.31.36.0-255,66,130902,17,197728
45412,0.028365,74.125.24.0-255,2902,133804,17,197728
45413,0.030592,74.125.24.0-255,2902,136706,17,197728
45414,0.031248,172.31.36.0-255,66,136772,17,197728
45415,0.033385,172.31.36.0-255,172,136944,17,197728
45416,0.033421,172.31.36.0-255,1117,138061,17,197728
45417,0.033479,172.31.36.0-255,1514,139575,17,197728
45418,0.033481,172.31.36.0-255,317,139892,17,197728
45419,0.033568,74.125.24.0-255,5738,145630,17,197728
45420,0.033572,172.31.36.0-255,66,145696,17,197728
45421,0.034881,104.244.42.0-255,66,145762,17,197728
45422,0.034924,104.244.42.0-255,66,145828,17,197728
45423,0.034992,104.244.42.0-255,66,145894,17,197728
45424,0.035877,74.125.24.0-255,5738,151632,17,197728
45425,0.035883,172.31.36.0-255,66,151698,17,197728
45426,0.038222,74.125.24.0-255,5738,157436,17,197728
45427,0.038231,172.31.36.0-255,66,157502,17,197728
45428,0.04053,74.125.24.0-255,5738,163240,17,197728
45429,0.040537,172.31.36.0-255,66,163306,17,197728
45430,0.042856,74.125.24.0-255,5738,169044,17,197728
45431,0.042863,172.31.36.0-255,66,169110,17,197728
45432,0.045197,74.125.24.0-255,5738,174848,17,197728
45433,0.045203,172.31.36.0-255,66,174914,17,197728
45434,0.047521,74.125.24.0-255,5738,180652,17,197728
45435,0.047527,172.31.36.0-255,66,180718,17,197728
45436,0.049894,74.125.24.0-255,5738,186456,17,197728
45437,0.049901,172.31.36.0-255,66,186522,17,197728
45438,0.052227,74.125.24.0-255,5738,192260,17,197728
45439,0.052234,172.31.36.0-255,66,192326,17,197728
45440,0.054555,74.125.24.0-255,5165,197491,17,197728
45441,0.054562,172.31.36.0-255,66,197557,17,197728
45442,0.054753,172.31.36.0-255,105,197662,17,197728
45443,0.057017,74.125.24.0-255,66,197728,17,197728
45444,0.0,74.125.130.0-255,145,145,17,363494
45445,1.9e-05,172.31.36.0-255,66,211,17,363494
45446,2.5e-05,74.125.130.0-255,1484,1695,17,363494
45447,3e-05,172.31.36.0-255,66,1761,17,363494
45448,3.6e-05,74.125.130.0-255,2902,4663,17,363494
45449,3.9e-05,172.31.36.0-255,66,4729,17,363494
45450,6.6e-05,74.125.130.0-255,4320,9049,17,363494
45451,6.9e-05,172.31.36.0-255,66,9115,17,363494
45452,9.9e-05,74.125.130.0-255,5738,14853,17,363494
45453,0.000102,172.31.36.0-255,66,14919,17,363494
45454,0.000138,74.125.130.0-255,3474,18393,17,363494
45455,0.000142,172.31.36.0-255,66,18459,17,363494
45456,0.000147,74.125.130.0-255,4320,22779,17,363494
45457,0.00015,172.31.36.0-255,66,22845,17,363494
45458,0.000156,74.125.130.0-255,5738,28583,17,363494
45459,0.000159,172.31.36.0-255,66,28649,17,363494
45460,0.000163,74.125.130.0-255,2543,31192,17,363494
45461,0.000165,172.31.36.0-255,66,31258,17,363494
45462,0.000332,74.125.130.0-255,1484,32742,17,363494
45463,0.000337,172.31.36.0-255,66,32808,17,363494
45464,0.000343,74.125.130.0-255,2902,35710,17,363494
45465,0.000346,172.31.36.0-255,66,35776,17,363494
45466,0.000364,74.125.130.0-255,2902,38678,17,363494
45467,0.000367,172.31.36.0-255,66,38744,17,363494
45468,0.000391,74.125.130.0-255,1484,40228,17,363494
45469,0.000394,172.31.36.0-255,66,40294,17,363494
45470,0.0004,74.125.130.0-255,5738,46032,17,363494
45471,0.000403,172.31.36.0-255,66,46098,17,363494
45472,0.000436,172.31.36.0-255,66,46164,17,363494
45473,0.000454,74.125.130.0-255,2902,49066,17,363494
45474,0.000457,172.31.36.0-255,66,49132,17,363494
45475,0.000472,74.125.130.0-255,5669,54801,17,363494
45476,0.000476,172.31.36.0-255,66,54867,17,363494
45477,0.000479,74.125.130.0-255,365,55232,17,363494
45478,0.000588,74.125.130.0-255,1484,56716,17,363494
45479,0.000592,172.31.36.0-255,66,56782,17,363494
45480,0.000598,74.125.130.0-255,2902,59684,17,363494
45481,0.000601,172.31.36.0-255,66,59750,17,363494
45482,0.00064,74.125.130.0-255,5738,65488,17,363494
45483,0.000643,172.31.36.0-255,66,65554,17,363494
45484,0.000676,172.31.36.0-255,66,65620,17,363494
45485,0.000678,74.125.130.0-255,1484,67104,17,363494
45486,0.000701,74.125.130.0-255,2902,70006,17,363494
45487,0.000704,172.31.36.0-255,66,70072,17,363494
45488,0.000725,74.125.130.0-255,4320,74392,17,363494
45489,0.000727,172.31.36.0-255,66,74458,17,363494
45490,0.000758,74.125.130.0-255,2184,76642,17,363494
45491,0.000761,172.31.36.0-255,66,76708,17,363494
45492,0.000826,74.125.130.0-255,1484,78192,17,363494
45493,0.00084,74.125.130.0-255,2902,81094,17,363494
45494,0.000843,172.31.36.0-255,66,81160,17,363494
45495,0.000849,74.125.130.0-255,2902,84062,17,363494
45496,0.000851,172.31.36.0-255,66,84128,17,363494
45497,0.000883,74.125.130.0-255,1484,85612,17,363494
45498,0.000904,74.125.130.0-255,2902,88514,17,363494
45499,0.000907,172.31.36.0-255,66,88580,17,363494
45500,0.000918,172.31.36.0-255,66,88646,17,363494
45501,0.000922,74.125.130.0-255,2902,91548,17,363494
45502,0.000924,172.31.36.0-255,66,91614,17,363494
45503,0.000968,74.125.130.0-255,5738,97352,17,363494
45504,0.000971,172.31.36.0-255,66,97418,17,363494
45505,0.001006,74.125.130.0-255,5020,102438,17,363494
45506,0.001008,172.31.36.0-255,66,102504,17,363494
45507,0.001286,74.125.130.0-255,1484,103988,17,363494
45508,0.001291,74.125.130.0-255,1484,105472,17,363494
45509,0.001294,172.31.36.0-255,66,105538,17,363494
45510,0.001306,74.125.130.0-255,1484,107022,17,363494
45511,0.001311,74.125.130.0-255,2902,109924,17,363494
45512,0.001313,172.31.36.0-255,66,109990,17,363494
45513,0.001335,74.125.130.0-255,1484,111474,17,363494
45514,0.001341,74.125.130.0-255,5738,117212,17,363494
45515,0.001343,172.31.36.0-255,66,117278,17,363494
45516,0.001382,74.125.130.0-255,7156,124434,17,363494
45517,0.001398,172.31.36.0-255,66,124500,17,363494
45518,0.001419,74.125.130.0-255,1484,125984,17,363494
45519,0.001432,172.31.36.0-255,66,126050,17,363494
45520,0.001436,74.125.130.0-255,766,126816,17,363494
45521,0.0015,74.125.130.0-255,1484,128300,17,363494
45522,0.001504,172.31.36.0-255,66,128366,17,363494
45523,0.001509,74.125.130.0-255,1484,129850,17,363494
45524,0.001523,74.125.130.0-255,1484,131334,17,363494
45525,0.001526,172.31.36.0-255,66,131400,17,363494
45526,0.001532,74.125.130.0-255,4320,135720,17,363494
45527,0.001534,172.31.36.0-255,66,135786,17,363494
45528,0.001576,172.31.36.0-255,66,135852,17,363494
45529,0.001599,74.125.130.0-255,7156,143008,17,363494
45530,0.001615,74.125.130.0-255,2902,145910,17,363494
45531,0.001629,74.125.130.0-255,5738,151648,17,363494
45532,0.001632,74.125.130.0-255,766,152414,17,363494
45533,0.001733,74.125.130.0-255,1484,153898,17,363494
45534,0.00174,74.125.130.0-255,2902,156800,17,363494
45535,0.001762,74.125.130.0-255,4320,161120,17,363494
45536,0.001776,74.125.130.0-255,1484,162604,17,363494
45537,0.001781,74.125.130.0-255,2902,165506,17,363494
45538,0.001786,74.125.130.0-255,4320,169826,17,363494
45539,0.001818,74.125.130.0-255,4320,174146,17,363494
45540,0.001835,74.125.130.0-255,4320,178466,17,363494
45541,0.001871,74.125.130.0-255,2902,181368,17,363494
45542,0.001889,74.125.130.0-255,5020,186388,17,363494
45543,0.005425,172.31.36.0-255,66,186454,17,363494
45544,0.007498,74.125.130.0-255,5738,192192,17,363494
45545,0.007505,172.31.36.0-255,66,192258,17,363494
45546,0.009588,74.125.130.0-255,5738,197996,17,363494
45547,0.009596,172.31.36.0-255,66,198062,17,363494
45548,0.011688,74.125.130.0-255,5738,203800,17,363494
45549,0.011695,172.31.36.0-255,66,203866,17,363494
45550,0.013776,74.125.130.0-255,5738,209604,17,363494
45551,0.013783,172.31.36.0-255,66,209670,17,363494
45552,0.015857,74.125.130.0-255,5738,215408,17,363494
45553,0.015868,172.31.36.0-255,66,215474,17,363494
45554,0.017938,74.125.130.0-255,4320,219794,17,363494
45555,0.017946,172.31.36.0-255,66,219860,17,363494
45556,0.017967,74.125.130.0-255,1484,221344,17,363494
45557,0.020023,74.125.130.0-255,4320,225664,17,363494
45558,0.02003,172.31.36.0-255,66,225730,17,363494
45559,0.022098,74.125.130.0-255,5738,231468,17,363494
45560,0.022106,172.31.36.0-255,66,231534,17,363494
45561,0.024172,74.125.130.0-255,5738,237272,17,363494
45562,0.024179,172.31.36.0-255,66,237338,17,363494
45563,0.026299,74.125.130.0-255,5738,243076,17,363494
45564,0.026308,172.31.36.0-255,66,243142,17,363494
45565,0.028388,74.125.130.0-255,5738,248880,17,363494
45566,0.028398,172.31.36.0-255,66,248946,17,363494
45567,0.029291,172.31.36.0-255,172,249118,17,363494
45568,0.029321,172.31.36.0-255,1118,250236,17,363494
45569,0.029401,172.31.36.0-255,1514,251750,17,363494
45570,0.029403,172.31.36.0-255,1270,253020,17,363494
45571,0.030476,74.125.130.0-255,5738,258758,17,363494
45572,0.030483,172.31.36.0-255,66,258824,17,363494
45573,0.030863,104.244.42.0-255,66,258890,17,363494
45574,0.030871,104.244.42.0-255,66,258956,17,363494
45575,0.030976,104.244.42.0-255,66,259022,17,363494
45576,0.032571,74.125.130.0-255,5738,264760,17,363494
45577,0.032578,172.31.36.0-255,66,264826,17,363494
45578,0.03466,74.125.130.0-255,5738,270564,17,363494
45579,0.034667,172.31.36.0-255,66,270630,17,363494
45580,0.036753,74.125.130.0-255,5738,276368,17,363494
45581,0.03676,172.31.36.0-255,66,276434,17,363494
45582,0.038855,74.125.130.0-255,5738,282172,17,363494
45583,0.038862,172.31.36.0-255,66,282238,17,363494
45584,0.040954,74.125.130.0-255,5738,287976,17,363494
45585,0.040961,172.31.36.0-255,66,288042,17,363494
45586,0.043048,74.125.130.0-255,5738,293780,17,363494
45587,0.043055,172.31.36.0-255,66,293846,17,363494
45588,0.045134,74.125.130.0-255,5738,299584,17,363494
45589,0.04514,172.31.36.0-255,66,299650,17,363494
45590,0.047225,74.125.130.0-255,5738,305388,17,363494
45591,0.047232,172.31.36.0-255,66,305454,17,363494
45592,0.049315,74.125.130.0-255,5738,311192,17,363494
45593,0.049321,172.31.36.0-255,66,311258,17,363494
45594,0.051407,74.125.130.0-255,5738,316996,17,363494
45595,0.051414,172.31.36.0-255,66,317062,17,363494
45596,0.053491,74.125.130.0-255,5738,322800,17,363494
45597,0.053498,172.31.36.0-255,66,322866,17,363494
45598,0.055581,74.125.130.0-255,5738,328604,17,363494
45599,0.055587,172.31.36.0-255,66,328670,17,363494
45600,0.057659,74.125.130.0-255,5738,334408,17,363494
45601,0.057668,172.31.36.0-255,66,334474,17,363494
45602,0.059743,74.125.130.0-255,5738,340212,17,363494
45603,0.059749,172.31.36.0-255,66,340278,17,363494
45604,0.061841,74.125.130.0-255,5738,346016,17,363494
45605,0.061847,172.31.36.0-255,66,346082,17,363494
45606,0.063933,74.125.130.0-255,5738,351820,17,363494
45607,0.06394,172.31.36.0-255,66,351886,17,363494
45608,0.066011,74.125.130.0-255,5738,357624,17,363494
45609,0.066017,172.31.36.0-255,66,357690,17,363494
45610,0.068085,74.125.130.0-255,5738,363428,17,363494
45611,0.068091,172.31.36.0-255,66,363494,17,363494
45612,0.0,74.125.24.0-255,153,153,17,233327
45613,2.4e-05,172.31.36.0-255,66,219,17,233327
45614,2.9e-05,74.125.24.0-255,1484,1703,17,233327
45615,3.2e-05,172.31.36.0-255,66,1769,17,233327
45616,5.1e-05,74.125.24.0-255,2902,4671,17,233327
45617,5.4e-05,172.31.36.0-255,66,4737,17,233327
45618,5.7e-05,74.125.24.0-255,1484,6221,17,233327
45619,5.8e-05,172.31.36.0-255,66,6287,17,233327
45620,8.8e-05,74.125.24.0-255,5738,12025,17,233327
45621,9.1e-05,172.31.36.0-255,66,12091,17,233327
45622,0.000122,74.125.24.0-255,2147,14238,17,233327
45623,0.000125,172.31.36.0-255,66,14304,17,233327
45624,0.000144,74.125.24.0-255,2902,17206,17,233327
45625,0.000148,172.31.36.0-255,66,17272,17,233327
45626,0.000162,74.125.24.0-255,5738,23010,17,233327
45627,0.000165,172.31.36.0-255,66,23076,17,233327
45628,0.000212,74.125.24.0-255,4320,27396,17,233327
45629,0.000215,172.31.36.0-255,66,27462,17,233327
45630,0.000229,74.125.24.0-255,3961,31423,17,233327
45631,0.000232,172.31.36.0-255,66,31489,17,233327
45632,0.000294,74.125.24.0-255,1484,32973,17,233327
45633,0.000298,172.31.36.0-255,66,33039,17,233327
45634,0.000301,74.125.24.0-255,1484,34523,17,233327
45635,0.000304,172.31.36.0-255,66,34589,17,233327
45636,0.000317,74.125.24.0-255,1484,36073,17,233327
45637,0.00032,172.31.36.0-255,66,36139,17,233327
45638,0.000326,74.125.24.0-255,5738,41877,17,233327
45639,0.000328,172.31.36.0-255,66,41943,17,233327
45640,0.000352,74.125.24.0-255,4320,46263,17,233327
45641,0.000355,172.31.36.0-255,66,46329,17,233327
45642,0.000375,172.31.36.0-255,66,46395,17,233327
45643,0.000386,172.31.36.0-255,66,46461,17,233327
45644,0.000433,74.125.24.0-255,1745,48206,17,233327
45645,0.000438,172.31.36.0-255,66,48272,17,233327
45646,0.000616,74.125.24.0-255,1484,49756,17,233327
45647,0.000623,74.125.24.0-255,2902,52658,17,233327
45648,0.000626,172.31.36.0-255,66,52724,17,233327
45649,0.000633,74.125.24.0-255,5738,58462,17,233327
45650,0.000635,172.31.36.0-255,66,58528,17,233327
45651,0.000674,172.31.36.0-255,66,58594,17,233327
45652,0.000676,74.125.24.0-255,7156,65750,17,233327
45653,0.000679,172.31.36.0-255,66,65816,17,233327
45654,0.000714,74.125.24.0-255,3602,69418,17,233327
45655,0.000717,172.31.36.0-255,66,69484,17,233327
45656,0.001366,74.125.24.0-255,1484,70968,17,233327
45657,0.001376,74.125.24.0-255,2902,73870,17,233327
45658,0.001379,172.31.36.0-255,66,73936,17,233327
45659,0.001384,74.125.24.0-255,1484,75420,17,233327
45660,0.001405,74.125.24.0-255,4320,79740,17,233327
45661,0.001408,172.31.36.0-255,66,79806,17,233327
45662,0.001412,74.125.24.0-255,2902,82708,17,233327
45663,0.001414,172.31.36.0-255,66,82774,17,233327
45664,0.001437,172.31.36.0-255,66,82840,17,233327
45665,0.001475,74.125.24.0-255,5738,88578,17,233327
45666,0.001478,172.31.36.0-255,66,88644,17,233327
45667,0.001498,74.125.24.0-255,5020,93664,17,233327
45668,0.001501,172.31.36.0-255,66,93730,17,233327
45669,0.001568,74.125.24.0-255,1484,95214,17,233327
45670,0.001573,74.125.24.0-255,2902,98116,17,233327
45671,0.001576,172.31.36.0-255,66,98182,17,233327
45672,0.001601,74.125.24.0-255,5738,103920,17,233327
45673,0.001604,172.31.36.0-255,66,103986,17,233327
45674,0.001607,74.125.24.0-255,1484,105470,17,233327
45675,0.001634,172.31.36.0-255,66,105536,17,233327
45676,0.001642,74.125.24.0-255,5738,111274,17,233327
45677,0.001644,172.31.36.0-255,66,111340,17,233327
45678,0.001703,74.125.24.0-255,5020,116360,17,233327
45679,0.001707,172.31.36.0-255,66,116426,17,233327
45680,0.001795,74.125.24.0-255,1484,117910,17,233327
45681,0.001812,74.125.24.0-255,2902,120812,17,233327
45682,0.001815,172.31.36.0-255,66,120878,17,233327
45683,0.001821,74.125.24.0-255,5738,126616,17,233327
45684,0.001823,172.31.36.0-255,66,126682,17,233327
45685,0.001826,74.125.24.0-255,1484,128166,17,233327
45686,0.001844,74.125.24.0-255,2902,131068,17,233327
45687,0.001846,172.31.36.0-255,66,131134,17,233327
45688,0.001851,74.125.24.0-255,2902,134036,17,233327
45689,0.001852,172.31.36.0-255,66,134102,17,233327
45690,0.001879,172.31.36.0-255,66,134168,17,233327
45691,0.001882,74.125.24.0-255,1484,135652,17,233327
45692,0.001906,74.125.24.0-255,6438,142090,17,233327
45693,0.001909,172.31.36.0-255,66,142156,17,233327
45694,0.001928,74.125.24.0-255,5738,147894,17,233327
45695,0.00193,172.31.36.0-255,66,147960,17,233327
45696,0.00195,74.125.24.0-255,7156,155116,17,233327
45697,0.001995,74.125.24.0-255,2902,158018,17,233327
45698,0.001999,74.125.24.0-255,2902,160920,17,233327
45699,0.002002,74.125.24.0-255,1484,162404,17,233327
45700,0.002014,74.125.24.0-255,2184,164588,17,233327
45701,0.002042,74.125.24.0-255,5738,170326,17,233327
45702,0.002069,74.125.24.0-255,2902,173228,17,233327
45703,0.002119,74.125.24.0-255,5020,178248,17,233327
45704,0.002123,74.125.24.0-255,1484,179732,17,233327
45705,0.00214,74.125.24.0-255,4320,184052,17,233327
45706,0.002145,74.125.24.0-255,4320,188372,17,233327
45707,0.002164,74.125.24.0-255,2902,191274,17,233327
45708,0.002168,74.125.24.0-255,2902,194176,17,233327
45709,0.002211,74.125.24.0-255,6438,200614,17,233327
45710,0.002313,74.125.24.0-255,1484,202098,17,233327
45711,0.002327,74.125.24.0-255,2902,205000,17,233327
45712,0.002331,74.125.24.0-255,1484,206484,17,233327
45713,0.002341,74.125.24.0-255,2902,209386,17,233327
45714,0.002355,74.125.24.0-255,2902,212288,17,233327
45715,0.002408,74.125.24.0-255,1484,213772,17,233327
45716,0.002458,74.125.24.0-255,5738,219510,17,233327
45717,0.002488,74.125.24.0-255,2902,222412,17,233327
45718,0.002518,74.125.24.0-255,2902,225314,17,233327
45719,0.00253,74.125.24.0-255,4320,229634,17,233327
45720,0.002694,172.31.36.0-255,66,229700,17,233327
45721,0.004603,172.31.36.0-255,101,229801,17,233327
45722,0.00521,74.125.24.0-255,105,229906,17,233327
45723,0.007104,74.125.24.0-255,66,229972,17,233327
45724,0.009707,172.31.36.0-255,105,230077,17,233327
45725,0.012209,74.125.24.0-255,66,230143,17,233327
45726,0.025626,172.31.36.0-255,172,230315,17,233327
45727,0.025658,172.31.36.0-255,1117,231432,17,233327
45728,0.025703,172.31.36.0-255,1514,232946,17,233327
45729,0.025705,172.31.36.0-255,315,233261,17,233327
45730,0.027252,104.244.42.0-255,66,233327,17,233327
45731,0.0,172.217.194.0-255,150,150,17,209902
45732,2.2e-05,172.31.36.0-255,66,216,17,209902
45733,2.9e-05,172.217.194.0-255,1484,1700,17,209902
45734,3.4e-05,172.31.36.0-255,66,1766,17,209902
45735,4.9e-05,172.217.194.0-255,2902,4668,17,209902
45736,5.3e-05,172.31.36.0-255,66,4734,17,209902
45737,6e-05,172.217.194.0-255,7156,11890,17,209902
45738,6.4e-05,172.31.36.0-255,66,11956,17,209902
45739,6.8e-05,172.217.194.0-255,2016,13972,17,209902
45740,7.1e-05,172.31.36.0-255,66,14038,17,209902
45741,9.2e-05,172.217.194.0-255,2902,16940,17,209902
45742,9.7e-05,172.31.36.0-255,66,17006,17,209902
45743,0.000104,172.217.194.0-255,7156,24162,17,209902
45744,0.000111,172.31.36.0-255,66,24228,17,209902
45745,0.000118,172.217.194.0-255,6797,31025,17,209902
45746,0.000121,172.31.36.0-255,66,31091,17,209902
45747,0.00017,172.217.194.0-255,5738,36829,17,209902
45748,0.000174,172.31.36.0-255,66,36895,17,209902
45749,0.000202,172.217.194.0-255,2902,39797,17,209902
45750,0.000206,172.31.36.0-255,66,39863,17,209902
45751,0.000211,172.217.194.0-255,4320,44183,17,209902
45752,0.000214,172.31.36.0-255,66,44249,17,209902
45753,0.000242,172.217.194.0-255,3961,48210,17,209902
45754,0.000245,172.31.36.0-255,66,48276,17,209902
45755,0.000259,172.31.36.0-255,66,48342,17,209902
45756,0.000296,172.31.36.0-255,66,48408,17,209902
45757,0.000298,172.217.194.0-255,396,48804,17,209902
45758,0.0003,172.31.36.0-255,66,48870,17,209902
45759,0.00034,172.217.194.0-255,381,49251,17,209902
45760,0.000342,172.31.36.0-255,66,49317,17,209902
45761,0.000609,172.217.194.0-255,1484,50801,17,209902
45762,0.000617,172.217.194.0-255,2902,53703,17,209902
45763,0.000621,172.31.36.0-255,66,53769,17,209902
45764,0.000625,172.217.194.0-255,1484,55253,17,209902
45765,0.000656,172.217.194.0-255,4320,59573,17,209902
45766,0.000662,172.31.36.0-255,66,59639,17,209902
45767,0.000704,172.31.36.0-255,66,59705,17,209902
45768,0.000709,172.217.194.0-255,5738,65443,17,209902
45769,0.000711,172.31.36.0-255,66,65509,17,209902
45770,0.000736,172.217.194.0-255,5020,70529,17,209902
45771,0.000738,172.31.36.0-255,66,70595,17,209902
45772,0.000776,172.217.194.0-255,5738,76333,17,209902
45773,0.00078,172.31.36.0-255,66,76399,17,209902
45774,0.000783,172.217.194.0-255,1484,77883,17,209902
45775,0.000787,172.217.194.0-255,1484,79367,17,209902
45776,0.000789,172.31.36.0-255,66,79433,17,209902
45777,0.000823,172.217.194.0-255,7156,86589,17,209902
45778,0.000861,172.31.36.0-255,66,86655,17,209902
45779,0.000876,172.31.36.0-255,66,86721,17,209902
45780,0.000889,172.31.36.0-255,66,86787,17,209902
45781,0.000927,172.31.36.0-255,66,86853,17,209902
45782,0.00093,172.217.194.0-255,2902,89755,17,209902
45783,0.000932,172.31.36.0-255,66,89821,17,209902
45784,0.000969,172.31.36.0-255,66,89887,17,209902
45785,0.00114,172.217.194.0-255,1484,91371,17,209902
45786,0.001147,172.217.194.0-255,2902,94273,17,209902
45787,0.001152,172.31.36.0-255,66,94339,17,209902
45788,0.001159,172.217.194.0-255,4320,98659,17,209902
45789,0.001162,172.31.36.0-255,66,98725,17,209902
45790,0.00118,172.217.194.0-255,1484,100209,17,209902
45791,0.001187,172.217.194.0-255,5738,105947,17,209902
45792,0.001194,172.31.36.0-255,66,106013,17,209902
45793,0.001223,172.217.194.0-255,7156,113169,17,209902
45794,0.001229,172.31.36.0-255,66,113235,17,209902
45795,0.001275,172.31.36.0-255,66,113301,17,209902
45796,0.001533,172.217.194.0-255,1484,114785,17,209902
45797,0.001539,172.217.194.0-255,2902,117687,17,209902
45798,0.001544,172.31.36.0-255,66,117753,17,209902
45799,0.001551,172.217.194.0-255,5738,123491,17,209902
45800,0.001553,172.31.36.0-255,66,123557,17,209902
45801,0.0016,172.31.36.0-255,66,123623,17,209902
45802,0.001606,172.217.194.0-255,5738,129361,17,209902
45803,0.001608,172.31.36.0-255,66,129427,17,209902
45804,0.001624,172.217.194.0-255,1484,130911,17,209902
45805,0.001648,172.217.194.0-255,3602,134513,17,209902
45806,0.001651,172.31.36.0-255,66,134579,17,209902
45807,0.001689,172.217.194.0-255,1484,136063,17,209902
45808,0.001706,172.217.194.0-255,2902,138965,17,209902
45809,0.001708,172.31.36.0-255,66,139031,17,209902
45810,0.001739,172.217.194.0-255,5738,144769,17,209902
45811,0.001742,172.31.36.0-255,66,144835,17,209902
45812,0.001766,172.31.36.0-255,66,144901,17,209902
45813,0.001772,172.217.194.0-255,7156,152057,17,209902
45814,0.001775,172.31.36.0-255,66,152123,17,209902
45815,0.001822,172.31.36.0-255,66,152189,17,209902
45816,0.001851,172.217.194.0-255,5020,157209,17,209902
45817,0.001854,172.31.36.0-255,66,157275,17,209902
45818,0.00187,172.31.36.0-255,66,157341,17,209902
45819,0.001874,172.217.194.0-255,2184,159525,17,209902
45820,0.001876,172.31.36.0-255,66,159591,17,209902
45821,0.001944,172.217.194.0-255,2902,162493,17,209902
45822,0.001947,172.31.36.0-255,66,162559,17,209902
45823,0.001953,172.217.194.0-255,5738,168297,17,209902
45824,0.001955,172.31.36.0-255,66,168363,17,209902
45825,0.00197,172.31.36.0-255,66,168429,17,209902
45826,0.001975,172.217.194.0-255,4320,172749,17,209902
45827,0.001977,172.31.36.0-255,66,172815,17,209902
45828,0.002024,172.31.36.0-255,66,172881,17,209902
45829,0.002066,172.217.194.0-255,1484,174365,17,209902
45830,0.002078,172.217.194.0-255,2902,177267,17,209902
45831,0.002082,172.31.36.0-255,66,177333,17,209902
45832,0.002087,172.217.194.0-255,4320,181653,17,209902
45833,0.002089,172.31.36.0-255,66,181719,17,209902
45834,0.002108,172.217.194.0-255,1484,183203,17,209902
45835,0.002123,172.31.36.0-255,66,183269,17,209902
45836,0.00215,172.217.194.0-255,1484,184753,17,209902
45837,0.002161,172.31.36.0-255,66,184819,17,209902
45838,0.002191,172.217.194.0-255,2184,187003,17,209902
45839,0.002194,172.31.36.0-255,66,187069,17,209902
45840,0.002198,172.217.194.0-255,2902,189971,17,209902
45841,0.0022,172.31.36.0-255,66,190037,17,209902
45842,0.002207,172.217.194.0-255,7156,197193,17,209902
45843,0.002214,172.31.36.0-255,66,197259,17,209902
45844,0.002253,172.31.36.0-255,66,197325,17,209902
45845,0.0023,172.31.36.0-255,66,197391,17,209902
45846,0.004581,172.217.194.0-255,4320,201711,17,209902
45847,0.004586,172.31.36.0-255,66,201777,17,209902
45848,0.004609,172.217.194.0-255,1484,203261,17,209902
45849,0.006855,172.217.194.0-255,2117,205378,17,209902
45850,0.006861,172.31.36.0-255,66,205444,17,209902
45851,0.007037,172.31.36.0-255,105,205549,17,209902
45852,0.009248,172.217.194.0-255,66,205615,17,209902
45853,0.027347,172.31.36.0-255,187,205802,17,209902
45854,0.027437,172.31.36.0-255,985,206787,17,209902
45855,0.027759,172.31.36.0-255,1514,208301,17,209902
45856,0.027762,172.31.36.0-255,1403,209704,17,209902
45857,0.028904,104.244.42.0-255,66,209770,17,209902
45858,0.029003,104.244.42.0-255,66,209836,17,209902
45859,0.029304,104.244.42.0-255,66,209902,17,209902
45860,0.0,172.217.194.0-255,153,153,17,189988
45861,2e-05,172.31.36.0-255,66,219,17,189988
45862,2.7e-05,172.217.194.0-255,1484,1703,17,189988
45863,3.1e-05,172.31.36.0-255,66,1769,17,189988
45864,3.6e-05,172.217.194.0-255,2902,4671,17,189988
45865,3.9e-05,172.31.36.0-255,66,4737,17,189988
45866,4.4e-05,172.217.194.0-255,2902,7639,17,189988
45867,4.6e-05,172.31.36.0-255,66,7705,17,189988
45868,7.2e-05,172.217.194.0-255,4320,12025,17,189988
45869,7.6e-05,172.31.36.0-255,66,12091,17,189988
45870,7.9e-05,172.217.194.0-255,1484,13575,17,189988
45871,8.1e-05,172.31.36.0-255,66,13641,17,189988
45872,0.000115,172.31.36.0-255,66,13707,17,189988
45873,0.000126,172.31.36.0-255,66,13773,17,189988
45874,0.000129,172.217.194.0-255,1125,14898,17,189988
45875,0.000131,172.31.36.0-255,66,14964,17,189988
45876,0.000198,172.217.194.0-255,1484,16448,17,189988
45877,0.000202,172.31.36.0-255,66,16514,17,189988
45878,0.000207,172.217.194.0-255,2902,19416,17,189988
45879,0.00021,172.31.36.0-255,66,19482,17,189988
45880,0.000215,172.217.194.0-255,5738,25220,17,189988
45881,0.000218,172.31.36.0-255,66,25286,17,189988
45882,0.000243,172.217.194.0-255,2902,28188,17,189988
45883,0.000245,172.31.36.0-255,66,28254,17,189988
45884,0.00028,172.31.36.0-255,66,28320,17,189988
45885,0.00029,172.31.36.0-255,66,28386,17,189988
45886,0.000311,172.217.194.0-255,1416,29802,17,189988
45887,0.000314,172.31.36.0-255,66,29868,17,189988
45888,0.000451,172.217.194.0-255,100,29968,17,189988
45889,0.000539,172.217.194.0-255,363,30331,17,189988
45890,0.000754,172.217.194.0-255,1484,31815,17,189988
45891,0.000759,172.31.36.0-255,66,31881,17,189988
45892,0.000764,172.217.194.0-255,2902,34783,17,189988
45893,0.000777,172.31.36.0-255,66,34849,17,189988
45894,0.000784,172.217.194.0-255,5738,40587,17,189988
45895,0.000792,172.31.36.0-255,66,40653,17,189988
45896,0.000812,172.217.194.0-255,2902,43555,17,189988
45897,0.000824,172.31.36.0-255,66,43621,17,189988
45898,0.000827,172.217.194.0-255,2902,46523,17,189988
45899,0.000834,172.217.194.0-255,7156,53679,17,189988
45900,0.00084,172.31.36.0-255,66,53745,17,189988
45901,0.000849,172.217.194.0-255,1484,55229,17,189988
45902,0.000872,172.31.36.0-255,66,55295,17,189988
45903,0.001255,172.217.194.0-255,1484,56779,17,189988
45904,0.001265,172.217.194.0-255,2902,59681,17,189988
45905,0.001269,172.31.36.0-255,66,59747,17,189988
45906,0.001276,172.217.194.0-255,5738,65485,17,189988
45907,0.001298,172.217.194.0-255,2902,68387,17,189988
45908,0.001373,172.217.194.0-255,5020,73407,17,189988
45909,0.001379,172.217.194.0-255,5738,79145,17,189988
45910,0.001404,172.217.194.0-255,7156,86301,17,189988
45911,0.001419,172.217.194.0-255,5738,92039,17,189988
45912,0.001426,172.217.194.0-255,7156,99195,17,189988
45913,0.001458,172.217.194.0-255,1484,100679,17,189988
45914,0.001482,172.217.194.0-255,6438,107117,17,189988
45915,0.001488,172.217.194.0-255,4320,111437,17,189988
45916,0.001502,172.217.194.0-255,4320,115757,17,189988
45917,0.001515,172.217.194.0-255,2902,118659,17,189988
45918,0.001545,172.217.194.0-255,2184,120843,17,189988
45919,0.00166,172.217.194.0-255,1484,122327,17,189988
45920,0.001678,172.217.194.0-255,2902,125229,17,189988
45921,0.001702,172.217.194.0-255,5738,130967,17,189988
45922,0.001762,172.217.194.0-255,2902,133869,17,189988
45923,0.001921,172.217.194.0-255,1484,135353,17,189988
45924,0.001926,172.217.194.0-255,2902,138255,17,189988
45925,0.001949,172.217.194.0-255,5738,143993,17,189988
45926,0.001987,172.217.194.0-255,2902,146895,17,189988
45927,0.00201,172.217.194.0-255,1484,148379,17,189988
45928,0.002069,172.217.194.0-255,1484,149863,17,189988
45929,0.002094,172.217.194.0-255,7156,157019,17,189988
45930,0.002119,172.217.194.0-255,2902,159921,17,189988
45931,0.002166,172.217.194.0-255,5020,164941,17,189988
45932,0.002236,172.217.194.0-255,2902,167843,17,189988
45933,0.006201,172.31.36.0-255,66,167909,17,189988
45934,0.008474,172.217.194.0-255,5738,173647,17,189988
45935,0.00848,172.31.36.0-255,66,173713,17,189988
45936,0.010732,172.217.194.0-255,5738,179451,17,189988
45937,0.010739,172.31.36.0-255,66,179517,17,189988
45938,0.012998,172.217.194.0-255,5738,185255,17,189988
45939,0.013006,172.31.36.0-255,66,185321,17,189988
45940,0.015241,172.217.194.0-255,156,185477,17,189988
45941,0.015362,172.31.36.0-255,66,185543,17,189988
45942,0.015402,172.31.36.0-255,105,185648,17,189988
45943,0.017625,172.217.194.0-255,66,185714,17,189988
45944,0.035533,172.31.36.0-255,172,185886,17,189988
45945,0.03559,172.31.36.0-255,1116,187002,17,189988
45946,0.035669,172.31.36.0-255,1514,188516,17,189988
45947,0.035671,172.31.36.0-255,1274,189790,17,189988
45948,0.037051,104.244.42.0-255,66,189856,17,189988
45949,0.037184,104.244.42.0-255,66,189922,17,189988
45950,0.037186,104.244.42.0-255,66,189988,17,189988
45951,0.0,74.125.24.0-255,146,146,17,393191
45952,2.9e-05,172.31.36.0-255,66,212,17,393191
45953,3.6e-05,74.125.24.0-255,1484,1696,17,393191
45954,4e-05,172.31.36.0-255,66,1762,17,393191
45955,4.6e-05,74.125.24.0-255,2902,4664,17,393191
45956,4.9e-05,172.31.36.0-255,66,4730,17,393191
45957,5.4e-05,74.125.24.0-255,4320,9050,17,393191
45958,5.7e-05,172.31.36.0-255,66,9116,17,393191
45959,8.1e-05,74.125.24.0-255,4320,13436,17,393191
45960,8.5e-05,172.31.36.0-255,66,13502,17,393191
45961,9.9e-05,74.125.24.0-255,585,14087,17,393191
45962,0.000102,172.31.36.0-255,66,14153,17,393191
45963,0.000165,74.125.24.0-255,1484,15637,17,393191
45964,0.000169,172.31.36.0-255,66,15703,17,393191
45965,0.000174,74.125.24.0-255,2902,18605,17,393191
45966,0.000176,172.31.36.0-255,66,18671,17,393191
45967,0.000202,74.125.24.0-255,1484,20155,17,393191
45968,0.000205,172.31.36.0-255,66,20221,17,393191
45969,0.000209,74.125.24.0-255,2902,23123,17,393191
45970,0.000211,172.31.36.0-255,66,23189,17,393191
45971,0.000236,74.125.24.0-255,4320,27509,17,393191
45972,0.000239,172.31.36.0-255,66,27575,17,393191
45973,0.000276,74.125.24.0-255,5379,32954,17,393191
45974,0.00028,172.31.36.0-255,66,33020,17,393191
45975,0.000284,74.125.24.0-255,2902,35922,17,393191
45976,0.000286,172.31.36.0-255,66,35988,17,393191
45977,0.000301,74.125.24.0-255,1484,37472,17,393191
45978,0.000304,172.31.36.0-255,66,37538,17,393191
45979,0.000311,74.125.24.0-255,5738,43276,17,393191
45980,0.000313,172.31.36.0-255,66,43342,17,393191
45981,0.000338,74.125.24.0-255,5379,48721,17,393191
45982,0.000341,172.31.36.0-255,66,48787,17,393191
45983,0.000362,74.125.24.0-255,1484,50271,17,393191
45984,0.000367,74.125.24.0-255,2902,53173,17,393191
45985,0.00037,172.31.36.0-255,66,53239,17,393191
45986,0.000376,74.125.24.0-255,5738,58977,17,393191
45987,0.000379,172.31.36.0-255,66,59043,17,393191
45988,0.0004,74.125.24.0-255,1484,60527,17,393191
45989,0.000421,74.125.24.0-255,4320,64847,17,393191
45990,0.000424,172.31.36.0-255,66,64913,17,393191
45991,0.000438,74.125.24.0-255,1470,66383,17,393191
45992,0.00062,74.125.24.0-255,332,66715,17,393191
45993,0.000624,172.31.36.0-255,66,66781,17,393191
45994,0.000659,74.125.24.0-255,1484,68265,17,393191
45995,0.000672,74.125.24.0-255,4320,72585,17,393191
45996,0.000675,172.31.36.0-255,66,72651,17,393191
45997,0.000702,74.125.24.0-255,2902,75553,17,393191
45998,0.000705,172.31.36.0-255,66,75619,17,393191
45999,0.000727,74.125.24.0-255,4320,79939,17,393191
46000,0.00073,172.31.36.0-255,66,80005,17,393191
46001,0.000747,74.125.24.0-255,3412,83417,17,393191
46002,0.00075,172.31.36.0-255,66,83483,17,393191
46003,0.000898,74.125.24.0-255,1484,84967,17,393191
46004,0.000913,74.125.24.0-255,2902,87869,17,393191
46005,0.000917,172.31.36.0-255,66,87935,17,393191
46006,0.000924,74.125.24.0-255,5738,93673,17,393191
46007,0.000926,172.31.36.0-255,66,93739,17,393191
46008,0.000959,74.125.24.0-255,4320,98059,17,393191
46009,0.000962,172.31.36.0-255,66,98125,17,393191
46010,0.000968,74.125.24.0-255,5738,103863,17,393191
46011,0.00097,172.31.36.0-255,66,103929,17,393191
46012,0.000993,74.125.24.0-255,5738,109667,17,393191
46013,0.000996,172.31.36.0-255,66,109733,17,393191
46014,0.001018,74.125.24.0-255,5738,115471,17,393191
46015,0.001021,172.31.36.0-255,66,115537,17,393191
46016,0.001025,74.125.24.0-255,2184,117721,17,393191
46017,0.001027,172.31.36.0-255,66,117787,17,393191
46018,0.001173,74.125.24.0-255,1484,119271,17,393191
46019,0.00118,74.125.24.0-255,2902,122173,17,393191
46020,0.001183,172.31.36.0-255,66,122239,17,393191
46021,0.001206,74.125.24.0-255,5738,127977,17,393191
46022,0.001209,172.31.36.0-255,66,128043,17,393191
46023,0.001226,74.125.24.0-255,1484,129527,17,393191
46024,0.001242,74.125.24.0-255,2902,132429,17,393191
46025,0.001245,172.31.36.0-255,66,132495,17,393191
46026,0.001277,74.125.24.0-255,2902,135397,17,393191
46027,0.001279,172.31.36.0-255,66,135463,17,393191
46028,0.001301,74.125.24.0-255,2902,138365,17,393191
46029,0.001304,172.31.36.0-255,66,138431,17,393191
46030,0.001311,74.125.24.0-255,7156,145587,17,393191
46031,0.001313,172.31.36.0-255,66,145653,17,393191
46032,0.001319,74.125.24.0-255,4320,149973,17,393191
46033,0.001321,172.31.36.0-255,66,150039,17,393191
46034,0.001338,74.125.24.0-255,2184,152223,17,393191
46035,0.001342,172.31.36.0-255,66,152289,17,393191
46036,0.001544,74.125.24.0-255,1484,153773,17,393191
46037,0.001567,74.125.24.0-255,2902,156675,17,393191
46038,0.001572,172.31.36.0-255,66,156741,17,393191
46039,0.001579,74.125.24.0-255,5738,162479,17,393191
46040,0.001581,172.31.36.0-255,66,162545,17,393191
46041,0.001603,74.125.24.0-255,2902,165447,17,393191
46042,0.001607,172.31.36.0-255,66,165513,17,393191
46043,0.001636,172.31.36.0-255,66,165579,17,393191
46044,0.001639,74.125.24.0-255,1484,167063,17,393191
46045,0.001666,74.125.24.0-255,5738,172801,17,393191
46046,0.001669,172.31.36.0-255,66,172867,17,393191
46047,0.001688,74.125.24.0-255,3602,176469,17,393191
46048,0.001691,172.31.36.0-255,66,176535,17,393191
46049,0.001741,74.125.24.0-255,1484,178019,17,393191
46050,0.001763,74.125.24.0-255,2902,180921,17,393191
46051,0.001766,172.31.36.0-255,66,180987,17,393191
46052,0.001772,74.125.24.0-255,4320,185307,17,393191
46053,0.001773,172.31.36.0-255,66,185373,17,393191
46054,0.001786,74.125.24.0-255,1484,186857,17,393191
46055,0.001792,74.125.24.0-255,2902,189759,17,393191
46056,0.001794,172.31.36.0-255,66,189825,17,393191
46057,0.001828,172.31.36.0-255,66,189891,17,393191
46058,0.001833,74.125.24.0-255,2902,192793,17,393191
46059,0.001835,172.31.36.0-255,66,192859,17,393191
46060,0.001856,172.31.36.0-255,66,192925,17,393191
46061,0.003836,74.125.24.0-255,5738,198663,17,393191
46062,0.003843,172.31.36.0-255,66,198729,17,393191
46063,0.005844,74.125.24.0-255,4320,203049,17,393191
46064,0.005849,172.31.36.0-255,66,203115,17,393191
46065,0.005867,74.125.24.0-255,1484,204599,17,393191
46066,0.007821,74.125.24.0-255,4320,208919,17,393191
46067,0.007827,172.31.36.0-255,66,208985,17,393191
46068,0.009825,74.125.24.0-255,5738,214723,17,393191
46069,0.009832,172.31.36.0-255,66,214789,17,393191
46070,0.01182,74.125.24.0-255,2902,217691,17,393191
46071,0.011826,172.31.36.0-255,66,217757,17,393191
46072,0.011847,74.125.24.0-255,2902,220659,17,393191
46073,0.01185,172.31.36.0-255,66,220725,17,393191
46074,0.01383,74.125.24.0-255,5738,226463,17,393191
46075,0.013836,172.31.36.0-255,66,226529,17,393191
46076,0.015839,74.125.24.0-255,5738,232267,17,393191
46077,0.015844,172.31.36.0-255,66,232333,17,393191
46078,0.017842,74.125.24.0-255,5738,238071,17,393191
46079,0.017849,172.31.36.0-255,66,238137,17,393191
46080,0.019854,74.125.24.0-255,5738,243875,17,393191
46081,0.019863,172.31.36.0-255,66,243941,17,393191
46082,0.021839,74.125.24.0-255,5738,249679,17,393191
46083,0.021846,172.31.36.0-255,66,249745,17,393191
46084,0.023835,74.125.24.0-255,5738,255483,17,393191
46085,0.023841,172.31.36.0-255,66,255549,17,393191
46086,0.025836,74.125.24.0-255,5738,261287,17,393191
46087,0.025844,172.31.36.0-255,66,261353,17,393191
46088,0.027832,74.125.24.0-255,5738,267091,17,393191
46089,0.027839,172.31.36.0-255,66,267157,17,393191
46090,0.029851,74.125.24.0-255,5738,272895,17,393191
46091,0.02986,172.31.36.0-255,66,272961,17,393191
46092,0.031856,74.125.24.0-255,5738,278699,17,393191
46093,0.031864,172.31.36.0-255,66,278765,17,393191
46094,0.033855,74.125.24.0-255,5738,284503,17,393191
46095,0.033862,172.31.36.0-255,66,284569,17,393191
46096,0.034784,172.31.36.0-255,172,284741,17,393191
46097,0.034815,172.31.36.0-255,1116,285857,17,393191
46098,0.034853,172.31.36.0-255,1514,287371,17,393191
46099,0.034855,172.31.36.0-255,1272,288643,17,393191
46100,0.035832,74.125.24.0-255,2902,291545,17,393191
46101,0.035838,172.31.36.0-255,66,291611,17,393191
46102,0.035871,74.125.24.0-255,2902,294513,17,393191
46103,0.035875,172.31.36.0-255,66,294579,17,393191
46104,0.036325,104.244.42.0-255,66,294645,17,393191
46105,0.03637,104.244.42.0-255,66,294711,17,393191
46106,0.036394,104.244.42.0-255,66,294777,17,393191
46107,0.036969,104.244.42.0-255,108,294885,17,393191
46108,0.036989,172.31.36.0-255,66,294951,17,393191
46109,0.037808,74.125.24.0-255,2902,297853,17,393191
46110,0.037812,172.31.36.0-255,66,297919,17,393191
46111,0.037862,74.125.24.0-255,2902,300821,17,393191
46112,0.037867,172.31.36.0-255,66,300887,17,393191
46113,0.039775,74.125.24.0-255,2902,303789,17,393191
46114,0.03978,172.31.36.0-255,66,303855,17,393191
46115,0.039852,74.125.24.0-255,2902,306757,17,393191
46116,0.039857,172.31.36.0-255,66,306823,17,393191
46117,0.041765,74.125.24.0-255,2902,309725,17,393191
46118,0.041771,172.31.36.0-255,66,309791,17,393191
46119,0.04185,74.125.24.0-255,2902,312693,17,393191
46120,0.041855,172.31.36.0-255,66,312759,17,393191
46121,0.043771,74.125.24.0-255,2902,315661,17,393191
46122,0.043776,172.31.36.0-255,66,315727,17,393191
46123,0.043831,74.125.24.0-255,2902,318629,17,393191
46124,0.043835,172.31.36.0-255,66,318695,17,393191
46125,0.045739,74.125.24.0-255,2902,321597,17,393191
46126,0.045759,172.31.36.0-255,66,321663,17,393191
46127,0.045813,74.125.24.0-255,2902,324565,17,393191
46128,0.045818,172.31.36.0-255,66,324631,17,393191
46129,0.047737,74.125.24.0-255,2902,327533,17,393191
46130,0.047743,172.31.36.0-255,66,327599,17,393191
46131,0.047787,74.125.24.0-255,1484,329083,17,393191
46132,0.0478,74.125.24.0-255,1484,330567,17,393191
46133,0.047803,172.31.36.0-255,66,330633,17,393191
46134,0.049858,74.125.24.0-255,5738,336371,17,393191
46135,0.049864,172.31.36.0-255,66,336437,17,393191
46136,0.051844,74.125.24.0-255,5738,342175,17,393191
46137,0.05185,172.31.36.0-255,66,342241,17,393191
46138,0.053866,74.125.24.0-255,5738,347979,17,393191
46139,0.053872,172.31.36.0-255,66,348045,17,393191
46140,0.055892,74.125.24.0-255,5738,353783,17,393191
46141,0.055897,172.31.36.0-255,66,353849,17,393191
46142,0.057871,74.125.24.0-255,4320,358169,17,393191
46143,0.057887,172.31.36.0-255,66,358235,17,393191
46144,0.057936,74.125.24.0-255,1484,359719,17,393191
46145,0.059872,74.125.24.0-255,4320,364039,17,393191
46146,0.059877,172.31.36.0-255,66,364105,17,393191
46147,0.061901,74.125.24.0-255,5738,369843,17,393191
46148,0.061906,172.31.36.0-255,66,369909,17,393191
46149,0.063889,74.125.24.0-255,5738,375647,17,393191
46150,0.063894,172.31.36.0-255,66,375713,17,393191
46151,0.065902,74.125.24.0-255,5738,381451,17,393191
46152,0.065907,172.31.36.0-255,66,381517,17,393191
46153,0.067898,74.125.24.0-255,5738,387255,17,393191
46154,0.067904,172.31.36.0-255,66,387321,17,393191
46155,0.069902,74.125.24.0-255,4320,391641,17,393191
46156,0.069907,172.31.36.0-255,66,391707,17,393191
46157,0.069933,74.125.24.0-255,1484,393191,17,393191
46158,0.0,172.217.194.0-255,66,66,17,295
46159,0.001222,172.217.194.0-255,97,163,17,295
46160,0.007136,172.217.194.0-255,66,229,17,295
46161,0.039679,172.31.36.0-255,66,295,17,295
46162,0.0,74.125.24.0-255,153,153,17,179789
46163,2.5e-05,172.31.36.0-255,66,219,17,179789
46164,3.2e-05,74.125.24.0-255,1484,1703,17,179789
46165,3.6e-05,172.31.36.0-255,66,1769,17,179789
46166,5e-05,74.125.24.0-255,2902,4671,17,179789
46167,5.5e-05,172.31.36.0-255,66,4737,17,179789
46168,6.1e-05,74.125.24.0-255,4320,9057,17,179789
46169,6.4e-05,172.31.36.0-255,66,9123,17,179789
46170,7e-05,74.125.24.0-255,4927,14050,17,179789
46171,7.3e-05,172.31.36.0-255,66,14116,17,179789
46172,0.000177,74.125.24.0-255,1484,15600,17,179789
46173,0.000181,172.31.36.0-255,66,15666,17,179789
46174,0.000213,74.125.24.0-255,2902,18568,17,179789
46175,0.000216,172.31.36.0-255,66,18634,17,179789
46176,0.000244,74.125.24.0-255,5738,24372,17,179789
46177,0.000248,172.31.36.0-255,66,24438,17,179789
46178,0.000293,74.125.24.0-255,6797,31235,17,179789
46179,0.000296,172.31.36.0-255,66,31301,17,179789
46180,0.000446,74.125.24.0-255,1484,32785,17,179789
46181,0.000451,172.31.36.0-255,66,32851,17,179789
46182,0.000457,74.125.24.0-255,2902,35753,17,179789
46183,0.000459,172.31.36.0-255,66,35819,17,179789
46184,0.000494,74.125.24.0-255,5738,41557,17,179789
46185,0.000497,172.31.36.0-255,66,41623,17,179789
46186,0.000502,74.125.24.0-255,4320,45943,17,179789
46187,0.000504,172.31.36.0-255,66,46009,17,179789
46188,0.000537,74.125.24.0-255,7156,53165,17,179789
46189,0.00054,172.31.36.0-255,66,53231,17,179789
46190,0.000561,74.125.24.0-255,5379,58610,17,179789
46191,0.000563,172.31.36.0-255,66,58676,17,179789
46192,0.00057,74.125.24.0-255,5738,64414,17,179789
46193,0.000574,172.31.36.0-255,66,64480,17,179789
46194,0.000599,74.125.24.0-255,1400,65880,17,179789
46195,0.000893,74.125.24.0-255,125,66005,17,179789
46196,0.001026,74.125.24.0-255,1484,67489,17,179789
46197,0.00103,172.31.36.0-255,66,67555,17,179789
46198,0.001038,74.125.24.0-255,2902,70457,17,179789
46199,0.00104,172.31.36.0-255,66,70523,17,179789
46200,0.001052,74.125.24.0-255,5738,76261,17,179789
46201,0.001054,172.31.36.0-255,66,76327,17,179789
46202,0.001092,172.31.36.0-255,66,76393,17,179789
46203,0.001125,74.125.24.0-255,5379,81772,17,179789
46204,0.001128,172.31.36.0-255,66,81838,17,179789
46205,0.001139,172.31.36.0-255,66,81904,17,179789
46206,0.001731,74.125.24.0-255,1484,83388,17,179789
46207,0.001742,74.125.24.0-255,2902,86290,17,179789
46208,0.001746,172.31.36.0-255,66,86356,17,179789
46209,0.001752,74.125.24.0-255,1484,87840,17,179789
46210,0.001779,74.125.24.0-255,4320,92160,17,179789
46211,0.001782,172.31.36.0-255,66,92226,17,179789
46212,0.0018,172.31.36.0-255,66,92292,17,179789
46213,0.001814,172.31.36.0-255,66,92358,17,179789
46214,0.001968,74.125.24.0-255,1484,93842,17,179789
46215,0.001976,74.125.24.0-255,2902,96744,17,179789
46216,0.00198,172.31.36.0-255,66,96810,17,179789
46217,0.001984,74.125.24.0-255,1484,98294,17,179789
46218,0.002013,74.125.24.0-255,4320,102614,17,179789
46219,0.002016,172.31.36.0-255,66,102680,17,179789
46220,0.002027,172.31.36.0-255,66,102746,17,179789
46221,0.002087,172.31.36.0-255,66,102812,17,179789
46222,0.002148,172.31.36.0-255,66,102878,17,179789
46223,0.002186,172.31.36.0-255,66,102944,17,179789
46224,0.00221,74.125.24.0-255,4320,107264,17,179789
46225,0.002213,172.31.36.0-255,66,107330,17,179789
46226,0.002216,74.125.24.0-255,766,108096,17,179789
46227,0.002254,74.125.24.0-255,1484,109580,17,179789
46228,0.002257,172.31.36.0-255,66,109646,17,179789
46229,0.002261,74.125.24.0-255,1484,111130,17,179789
46230,0.002291,74.125.24.0-255,1484,112614,17,179789
46231,0.002294,172.31.36.0-255,66,112680,17,179789
46232,0.002299,74.125.24.0-255,4320,117000,17,179789
46233,0.002302,172.31.36.0-255,66,117066,17,179789
46234,0.00237,74.125.24.0-255,2902,119968,17,179789
46235,0.002373,172.31.36.0-255,66,120034,17,179789
46236,0.002398,74.125.24.0-255,4320,124354,17,179789
46237,0.002401,172.31.36.0-255,66,124420,17,179789
46238,0.002433,172.31.36.0-255,66,124486,17,179789
46239,0.002483,172.31.36.0-255,66,124552,17,179789
46240,0.002579,74.125.24.0-255,1484,126036,17,179789
46241,0.002594,74.125.24.0-255,2902,128938,17,179789
46242,0.002597,172.31.36.0-255,66,129004,17,179789
46243,0.002623,74.125.24.0-255,5738,134742,17,179789
46244,0.002627,172.31.36.0-255,66,134808,17,179789
46245,0.002664,172.31.36.0-255,66,134874,17,179789
46246,0.002712,172.31.36.0-255,66,134940,17,179789
46247,0.002732,172.31.36.0-255,66,135006,17,179789
46248,0.002754,74.125.24.0-255,1484,136490,17,179789
46249,0.002757,74.125.24.0-255,1484,137974,17,179789
46250,0.00276,172.31.36.0-255,78,138052,17,179789
46251,0.002775,172.31.36.0-255,78,138130,17,179789
46252,0.002819,172.31.36.0-255,66,138196,17,179789
46253,0.002835,172.31.36.0-255,66,138262,17,179789
46254,0.002838,74.125.24.0-255,1484,139746,17,179789
46255,0.002841,74.125.24.0-255,1484,141230,17,179789
46256,0.002844,172.31.36.0-255,66,141296,17,179789
46257,0.002856,74.125.24.0-255,1484,142780,17,179789
46258,0.002879,74.125.24.0-255,5738,148518,17,179789
46259,0.002882,172.31.36.0-255,66,148584,17,179789
46260,0.002915,172.31.36.0-255,66,148650,17,179789
46261,0.002962,74.125.24.0-255,1484,150134,17,179789
46262,0.002994,172.31.36.0-255,66,150200,17,179789
46263,0.002997,74.125.24.0-255,1484,151684,17,179789
46264,0.003002,74.125.24.0-255,2902,154586,17,179789
46265,0.003004,172.31.36.0-255,66,154652,17,179789
46266,0.003011,74.125.24.0-255,5738,160390,17,179789
46267,0.003014,172.31.36.0-255,66,160456,17,179789
46268,0.003018,74.125.24.0-255,2902,163358,17,179789
46269,0.00302,172.31.36.0-255,66,163424,17,179789
46270,0.003023,74.125.24.0-255,1484,164908,17,179789
46271,0.003065,172.31.36.0-255,66,164974,17,179789
46272,0.003078,172.31.36.0-255,66,165040,17,179789
46273,0.003132,74.125.24.0-255,1484,166524,17,179789
46274,0.003147,74.125.24.0-255,2902,169426,17,179789
46275,0.00315,172.31.36.0-255,66,169492,17,179789
46276,0.003178,74.125.24.0-255,5617,175109,17,179789
46277,0.003181,172.31.36.0-255,66,175175,17,179789
46278,0.003257,74.125.24.0-255,105,175280,17,179789
46279,0.010156,172.31.36.0-255,66,175346,17,179789
46280,0.010195,172.31.36.0-255,105,175451,17,179789
46281,0.01245,74.125.24.0-255,66,175517,17,179789
46282,0.032945,172.31.36.0-255,172,175689,17,179789
46283,0.032996,172.31.36.0-255,1118,176807,17,179789
46284,0.033063,172.31.36.0-255,1514,178321,17,179789
46285,0.033065,172.31.36.0-255,1270,179591,17,179789
46286,0.034554,104.244.42.0-255,66,179657,17,179789
46287,0.034594,104.244.42.0-255,66,179723,17,179789
46288,0.034646,104.244.42.0-255,66,179789,17,179789
46289,0.0,74.125.24.0-255,152,152,17,232732
46290,1.8e-05,172.31.36.0-255,66,218,17,232732
46291,2.5e-05,74.125.24.0-255,1484,1702,17,232732
46292,3e-05,172.31.36.0-255,66,1768,17,232732
46293,3.4e-05,74.125.24.0-255,2902,4670,17,232732
46294,3.8e-05,172.31.36.0-255,66,4736,17,232732
46295,4.5e-05,74.125.24.0-255,7156,11892,17,232732
46296,4.8e-05,172.31.36.0-255,66,11958,17,232732
46297,5.2e-05,74.125.24.0-255,2067,14025,17,232732
46298,5.4e-05,172.31.36.0-255,66,14091,17,232732
46299,0.000122,74.125.24.0-255,1484,15575,17,232732
46300,0.000125,172.31.36.0-255,66,15641,17,232732
46301,0.00014,74.125.24.0-255,2902,18543,17,232732
46302,0.000143,172.31.36.0-255,66,18609,17,232732
46303,0.000173,74.125.24.0-255,5738,24347,17,232732
46304,0.000176,172.31.36.0-255,66,24413,17,232732
46305,0.000183,74.125.24.0-255,6797,31210,17,232732
46306,0.000185,172.31.36.0-255,66,31276,17,232732
46307,0.000208,74.125.24.0-255,1484,32760,17,232732
46308,0.000211,172.31.36.0-255,66,32826,17,232732
46309,0.000215,74.125.24.0-255,2902,35728,17,232732
46310,0.000216,172.31.36.0-255,66,35794,17,232732
46311,0.000228,74.125.24.0-255,2902,38696,17,232732
46312,0.00023,172.31.36.0-255,66,38762,17,232732
46313,0.000249,74.125.24.0-255,2902,41664,17,232732
46314,0.000251,172.31.36.0-255,66,41730,17,232732
46315,0.000276,74.125.24.0-255,6797,48527,17,232732
46316,0.000278,172.31.36.0-255,66,48593,17,232732
46317,0.000611,74.125.24.0-255,1484,50077,17,232732
46318,0.000619,172.31.36.0-255,66,50143,17,232732
46319,0.000634,74.125.24.0-255,2902,53045,17,232732
46320,0.000637,172.31.36.0-255,66,53111,17,232732
46321,0.000642,74.125.24.0-255,2902,56013,17,232732
46322,0.000645,172.31.36.0-255,66,56079,17,232732
46323,0.00067,74.125.24.0-255,2902,58981,17,232732
46324,0.000672,172.31.36.0-255,66,59047,17,232732
46325,0.00068,74.125.24.0-255,6797,65844,17,232732
46326,0.000682,172.31.36.0-255,66,65910,17,232732
46327,0.000709,74.125.24.0-255,646,66556,17,232732
46328,0.000953,172.31.36.0-255,66,66622,17,232732
46329,0.001255,74.125.24.0-255,1484,68106,17,232732
46330,0.001265,74.125.24.0-255,2902,71008,17,232732
46331,0.001269,172.31.36.0-255,66,71074,17,232732
46332,0.001294,74.125.24.0-255,5738,76812,17,232732
46333,0.001296,172.31.36.0-255,66,76878,17,232732
46334,0.001304,74.125.24.0-255,4320,81198,17,232732
46335,0.001306,172.31.36.0-255,66,81264,17,232732
46336,0.001331,172.31.36.0-255,66,81330,17,232732
46337,0.00134,172.31.36.0-255,66,81396,17,232732
46338,0.001383,74.125.24.0-255,2184,83580,17,232732
46339,0.001386,172.31.36.0-255,66,83646,17,232732
46340,0.001447,74.125.24.0-255,1484,85130,17,232732
46341,0.001453,74.125.24.0-255,1484,86614,17,232732
46342,0.001456,172.31.36.0-255,66,86680,17,232732
46343,0.001471,74.125.24.0-255,1484,88164,17,232732
46344,0.001477,74.125.24.0-255,4320,92484,17,232732
46345,0.001479,172.31.36.0-255,66,92550,17,232732
46346,0.001495,74.125.24.0-255,1484,94034,17,232732
46347,0.001529,74.125.24.0-255,5738,99772,17,232732
46348,0.001532,172.31.36.0-255,66,99838,17,232732
46349,0.001555,74.125.24.0-255,7156,106994,17,232732
46350,0.001559,172.31.36.0-255,66,107060,17,232732
46351,0.00161,74.125.24.0-255,2902,109962,17,232732
46352,0.001613,172.31.36.0-255,66,110028,17,232732
46353,0.001641,172.31.36.0-255,66,110094,17,232732
46354,0.001689,172.31.36.0-255,66,110160,17,232732
46355,0.001703,172.31.36.0-255,66,110226,17,232732
46356,0.001713,172.31.36.0-255,66,110292,17,232732
46357,0.001716,74.125.24.0-255,1484,111776,17,232732
46358,0.00172,74.125.24.0-255,2902,114678,17,232732
46359,0.001722,172.31.36.0-255,66,114744,17,232732
46360,0.001728,74.125.24.0-255,5738,120482,17,232732
46361,0.001731,172.31.36.0-255,66,120548,17,232732
46362,0.001737,74.125.24.0-255,5738,126286,17,232732
46363,0.001739,172.31.36.0-255,66,126352,17,232732
46364,0.001745,74.125.24.0-255,7156,133508,17,232732
46365,0.001748,172.31.36.0-255,66,133574,17,232732
46366,0.001806,172.31.36.0-255,66,133640,17,232732
46367,0.001822,74.125.24.0-255,2902,136542,17,232732
46368,0.001824,172.31.36.0-255,66,136608,17,232732
46369,0.001846,172.31.36.0-255,66,136674,17,232732
46370,0.001858,172.31.36.0-255,66,136740,17,232732
46371,0.001872,74.125.24.0-255,1484,138224,17,232732
46372,0.001904,172.31.36.0-255,66,138290,17,232732
46373,0.001933,74.125.24.0-255,1484,139774,17,232732
46374,0.001953,74.125.24.0-255,2902,142676,17,232732
46375,0.001955,172.31.36.0-255,66,142742,17,232732
46376,0.001961,74.125.24.0-255,5738,148480,17,232732
46377,0.001963,172.31.36.0-255,66,148546,17,232732
46378,0.001975,74.125.24.0-255,4320,152866,17,232732
46379,0.001977,172.31.36.0-255,66,152932,17,232732
46380,0.001989,74.125.24.0-255,1484,154416,17,232732
46381,0.002001,74.125.24.0-255,5738,160154,17,232732
46382,0.002003,172.31.36.0-255,66,160220,17,232732
46383,0.002031,74.125.24.0-255,7156,167376,17,232732
46384,0.002033,172.31.36.0-255,66,167442,17,232732
46385,0.002039,74.125.24.0-255,5020,172462,17,232732
46386,0.002041,172.31.36.0-255,66,172528,17,232732
46387,0.00207,74.125.24.0-255,1484,174012,17,232732
46388,0.002073,74.125.24.0-255,1484,175496,17,232732
46389,0.002075,172.31.36.0-255,66,175562,17,232732
46390,0.002091,74.125.24.0-255,1484,177046,17,232732
46391,0.002096,74.125.24.0-255,2902,179948,17,232732
46392,0.002098,172.31.36.0-255,66,180014,17,232732
46393,0.002118,74.125.24.0-255,2902,182916,17,232732
46394,0.00212,172.31.36.0-255,66,182982,17,232732
46395,0.002134,172.31.36.0-255,66,183048,17,232732
46396,0.002139,74.125.24.0-255,4320,187368,17,232732
46397,0.002141,172.31.36.0-255,66,187434,17,232732
46398,0.002172,74.125.24.0-255,6438,193872,17,232732
46399,0.002176,172.31.36.0-255,66,193938,17,232732
46400,0.002265,74.125.24.0-255,1484,195422,17,232732
46401,0.00228,74.125.24.0-255,2902,198324,17,232732
46402,0.002282,172.31.36.0-255,66,198390,17,232732
46403,0.002287,74.125.24.0-255,2902,201292,17,232732
46404,0.002289,172.31.36.0-255,66,201358,17,232732
46405,0.002303,74.125.24.0-255,2902,204260,17,232732
46406,0.002306,172.31.36.0-255,66,204326,17,232732
46407,0.002312,74.125.24.0-255,7156,211482,17,232732
46408,0.002315,172.31.36.0-255,66,211548,17,232732
46409,0.002355,172.31.36.0-255,66,211614,17,232732
46410,0.002376,74.125.24.0-255,5020,216634,17,232732
46411,0.002379,172.31.36.0-255,66,216700,17,232732
46412,0.002382,74.125.24.0-255,1484,218184,17,232732
46413,0.002385,74.125.24.0-255,1484,219668,17,232732
46414,0.002387,172.31.36.0-255,66,219734,17,232732
46415,0.002396,172.31.36.0-255,66,219800,17,232732
46416,0.002399,74.125.24.0-255,1484,221284,17,232732
46417,0.002425,74.125.24.0-255,5738,227022,17,232732
46418,0.002427,172.31.36.0-255,66,227088,17,232732
46419,0.002461,172.31.36.0-255,66,227154,17,232732
46420,0.002491,74.125.24.0-255,766,227920,17,232732
46421,0.002506,172.31.36.0-255,66,227986,17,232732
46422,0.002522,172.31.36.0-255,66,228052,17,232732
46423,0.002586,172.31.36.0-255,66,228118,17,232732
46424,0.002589,74.125.24.0-255,105,228223,17,232732
46425,0.007128,172.31.36.0-255,66,228289,17,232732
46426,0.007155,172.31.36.0-255,105,228394,17,232732
46427,0.009186,74.125.24.0-255,66,228460,17,232732
46428,0.031727,172.31.36.0-255,172,228632,17,232732
46429,0.031761,172.31.36.0-255,1117,229749,17,232732
46430,0.031796,172.31.36.0-255,1514,231263,17,232732
46431,0.031798,172.31.36.0-255,1271,232534,17,232732
46432,0.033289,104.244.42.0-255,66,232600,17,232732
46433,0.033326,104.244.42.0-255,66,232666,17,232732
46434,0.033371,104.244.42.0-255,66,232732,17,232732
46435,0.0,172.217.194.0-255,153,153,17,292052
46436,1.6e-05,172.31.36.0-255,66,219,17,292052
46437,2.3e-05,172.217.194.0-255,1484,1703,17,292052
46438,2.6e-05,172.31.36.0-255,66,1769,17,292052
46439,3.2e-05,172.217.194.0-255,2902,4671,17,292052
46440,3.4e-05,172.31.36.0-255,66,4737,17,292052
46441,5.2e-05,172.217.194.0-255,7156,11893,17,292052
46442,5.6e-05,172.31.36.0-255,66,11959,17,292052
46443,6.1e-05,172.217.194.0-255,1994,13953,17,292052
46444,6.4e-05,172.31.36.0-255,66,14019,17,292052
46445,0.000103,172.217.194.0-255,7156,21175,17,292052
46446,0.000108,172.31.36.0-255,66,21241,17,292052
46447,0.00012,172.31.36.0-255,66,21307,17,292052
46448,0.000148,172.217.194.0-255,1125,22432,17,292052
46449,0.000151,172.31.36.0-255,66,22498,17,292052
46450,0.000243,172.217.194.0-255,1484,23982,17,292052
46451,0.000248,172.31.36.0-255,66,24048,17,292052
46452,0.000256,172.217.194.0-255,2902,26950,17,292052
46453,0.000259,172.31.36.0-255,66,27016,17,292052
46454,0.000269,172.217.194.0-255,2902,29918,17,292052
46455,0.000271,172.31.36.0-255,66,29984,17,292052
46456,0.000296,172.217.194.0-255,2902,32886,17,292052
46457,0.0003,172.31.36.0-255,66,32952,17,292052
46458,0.000313,172.217.194.0-255,4320,37272,17,292052
46459,0.000316,172.31.36.0-255,66,37338,17,292052
46460,0.000343,172.217.194.0-255,2543,39881,17,292052
46461,0.000346,172.31.36.0-255,66,39947,17,292052
46462,0.000353,172.217.194.0-255,7156,47103,17,292052
46463,0.000357,172.31.36.0-255,66,47169,17,292052
46464,0.000369,172.217.194.0-255,7156,54325,17,292052
46465,0.000372,172.31.36.0-255,66,54391,17,292052
46466,0.000402,172.217.194.0-255,2543,56934,17,292052
46467,0.000407,172.31.36.0-255,66,57000,17,292052
46468,0.000524,172.217.194.0-255,646,57646,17,292052
46469,0.000627,172.217.194.0-255,1484,59130,17,292052
46470,0.000631,172.31.36.0-255,66,59196,17,292052
46471,0.000635,172.217.194.0-255,1484,60680,17,292052
46472,0.000663,172.217.194.0-255,1484,62164,17,292052
46473,0.000666,172.31.36.0-255,66,62230,17,292052
46474,0.000673,172.217.194.0-255,5738,67968,17,292052
46475,0.000676,172.31.36.0-255,66,68034,17,292052
46476,0.000687,172.217.194.0-255,2902,70936,17,292052
46477,0.00069,172.31.36.0-255,66,71002,17,292052
46478,0.000734,172.31.36.0-255,66,71068,17,292052
46479,0.000741,172.217.194.0-255,7156,78224,17,292052
46480,0.000746,172.31.36.0-255,66,78290,17,292052
46481,0.000764,172.217.194.0-255,3602,81892,17,292052
46482,0.000767,172.31.36.0-255,66,81958,17,292052
46483,0.001833,172.217.194.0-255,1484,83442,17,292052
46484,0.001843,172.217.194.0-255,2902,86344,17,292052
46485,0.001848,172.31.36.0-255,66,86410,17,292052
46486,0.001857,172.217.194.0-255,5738,92148,17,292052
46487,0.001859,172.31.36.0-255,66,92214,17,292052
46488,0.001906,172.31.36.0-255,66,92280,17,292052
46489,0.001938,172.31.36.0-255,66,92346,17,292052
46490,0.001953,172.217.194.0-255,2184,94530,17,292052
46491,0.001956,172.31.36.0-255,66,94596,17,292052
46492,0.00214,172.217.194.0-255,1484,96080,17,292052
46493,0.002146,172.217.194.0-255,2902,98982,17,292052
46494,0.002148,172.31.36.0-255,66,99048,17,292052
46495,0.002153,172.217.194.0-255,4320,103368,17,292052
46496,0.002155,172.31.36.0-255,66,103434,17,292052
46497,0.002184,172.217.194.0-255,1484,104918,17,292052
46498,0.002197,172.31.36.0-255,66,104984,17,292052
46499,0.002253,172.217.194.0-255,5738,110722,17,292052
46500,0.002256,172.31.36.0-255,66,110788,17,292052
46501,0.002282,172.217.194.0-255,5020,115808,17,292052
46502,0.002284,172.31.36.0-255,66,115874,17,292052
46503,0.004497,172.217.194.0-255,4320,120194,17,292052
46504,0.004503,172.31.36.0-255,66,120260,17,292052
46505,0.004531,172.217.194.0-255,1484,121744,17,292052
46506,0.006808,172.217.194.0-255,4320,126064,17,292052
46507,0.006813,172.31.36.0-255,66,126130,17,292052
46508,0.009084,172.217.194.0-255,4320,130450,17,292052
46509,0.009091,172.31.36.0-255,66,130516,17,292052
46510,0.009117,172.217.194.0-255,1484,132000,17,292052
46511,0.011295,172.217.194.0-255,4320,136320,17,292052
46512,0.011302,172.31.36.0-255,66,136386,17,292052
46513,0.013579,172.217.194.0-255,5738,142124,17,292052
46514,0.013587,172.31.36.0-255,66,142190,17,292052
46515,0.015857,172.217.194.0-255,5738,147928,17,292052
46516,0.015866,172.31.36.0-255,66,147994,17,292052
46517,0.018106,172.217.194.0-255,5738,153732,17,292052
46518,0.018112,172.31.36.0-255,66,153798,17,292052
46519,0.020356,172.217.194.0-255,5738,159536,17,292052
46520,0.020363,172.31.36.0-255,66,159602,17,292052
46521,0.022651,172.217.194.0-255,5738,165340,17,292052
46522,0.022657,172.31.36.0-255,66,165406,17,292052
46523,0.024868,172.217.194.0-255,5738,171144,17,292052
46524,0.024874,172.31.36.0-255,66,171210,17,292052
46525,0.027074,172.217.194.0-255,5738,176948,17,292052
46526,0.027079,172.31.36.0-255,66,177014,17,292052
46527,0.027371,172.31.36.0-255,188,177202,17,292052
46528,0.027408,172.31.36.0-255,961,178163,17,292052
46529,0.027473,172.31.36.0-255,1514,179677,17,292052
46530,0.027475,172.31.36.0-255,1514,181191,17,292052
46531,0.027476,172.31.36.0-255,1514,182705,17,292052
46532,0.027477,172.31.36.0-255,1205,183910,17,292052
46533,0.028939,104.244.42.0-255,66,183976,17,292052
46534,0.029119,104.244.42.0-255,66,184042,17,292052
46535,0.029121,104.244.42.0-255,66,184108,17,292052
46536,0.029124,104.244.42.0-255,66,184174,17,292052
46537,0.029272,172.217.194.0-255,2902,187076,17,292052
46538,0.029275,172.31.36.0-255,66,187142,17,292052
46539,0.029313,172.217.194.0-255,2902,190044,17,292052
46540,0.029316,172.31.36.0-255,66,190110,17,292052
46541,0.030167,104.244.42.0-255,108,190218,17,292052
46542,0.03019,172.31.36.0-255,66,190284,17,292052
46543,0.031528,172.217.194.0-255,5738,196022,17,292052
46544,0.031531,172.31.36.0-255,66,196088,17,292052
46545,0.033827,172.217.194.0-255,5738,201826,17,292052
46546,0.033834,172.31.36.0-255,66,201892,17,292052
46547,0.036135,172.217.194.0-255,5738,207630,17,292052
46548,0.03614,172.31.36.0-255,66,207696,17,292052
46549,0.038408,172.217.194.0-255,5738,213434,17,292052
46550,0.038413,172.31.36.0-255,66,213500,17,292052
46551,0.040619,172.217.194.0-255,5738,219238,17,292052
46552,0.040624,172.31.36.0-255,66,219304,17,292052
46553,0.042878,172.217.194.0-255,5738,225042,17,292052
46554,0.042882,172.31.36.0-255,66,225108,17,292052
46555,0.045107,172.217.194.0-255,4320,229428,17,292052
46556,0.045111,172.31.36.0-255,66,229494,17,292052
46557,0.045141,172.217.194.0-255,1484,230978,17,292052
46558,0.047364,172.217.194.0-255,4320,235298,17,292052
46559,0.04737,172.31.36.0-255,66,235364,17,292052
46560,0.049594,172.217.194.0-255,5738,241102,17,292052
46561,0.0496,172.31.36.0-255,66,241168,17,292052
46562,0.051835,172.217.194.0-255,5738,246906,17,292052
46563,0.051841,172.31.36.0-255,66,246972,17,292052
46564,0.054093,172.217.194.0-255,5738,252710,17,292052
46565,0.054099,172.31.36.0-255,66,252776,17,292052
46566,0.056303,172.217.194.0-255,5738,258514,17,292052
46567,0.056308,172.31.36.0-255,66,258580,17,292052
46568,0.058563,172.217.194.0-255,5738,264318,17,292052
46569,0.058568,172.31.36.0-255,66,264384,17,292052
46570,0.060783,172.217.194.0-255,4320,268704,17,292052
46571,0.060789,172.31.36.0-255,66,268770,17,292052
46572,0.060824,172.217.194.0-255,1484,270254,17,292052
46573,0.063049,172.217.194.0-255,4320,274574,17,292052
46574,0.063053,172.31.36.0-255,66,274640,17,292052
46575,0.065283,172.217.194.0-255,5738,280378,17,292052
46576,0.065289,172.31.36.0-255,66,280444,17,292052
46577,0.067556,172.217.194.0-255,5738,286182,17,292052
46578,0.067561,172.31.36.0-255,66,286248,17,292052
46579,0.069813,172.217.194.0-255,5738,291986,17,292052
46580,0.069819,172.31.36.0-255,66,292052,17,292052
46581,0.0,74.125.24.0-255,152,152,17,311191
46582,2.1e-05,172.31.36.0-255,66,218,17,311191
46583,2.8e-05,74.125.24.0-255,1484,1702,17,311191
46584,3.3e-05,172.31.36.0-255,66,1768,17,311191
46585,3.9e-05,74.125.24.0-255,2902,4670,17,311191
46586,4.2e-05,172.31.36.0-255,66,4736,17,311191
46587,5e-05,74.125.24.0-255,7156,11892,17,311191
46588,5.2e-05,172.31.36.0-255,66,11958,17,311191
46589,5.6e-05,74.125.24.0-255,2076,14034,17,311191
46590,5.9e-05,172.31.36.0-255,66,14100,17,311191
46591,0.000278,74.125.24.0-255,1484,15584,17,311191
46592,0.000283,172.31.36.0-255,66,15650,17,311191
46593,0.000289,74.125.24.0-255,2902,18552,17,311191
46594,0.000292,172.31.36.0-255,66,18618,17,311191
46595,0.000306,74.125.24.0-255,2902,21520,17,311191
46596,0.000308,172.31.36.0-255,66,21586,17,311191
46597,0.000334,74.125.24.0-255,2902,24488,17,311191
46598,0.000337,172.31.36.0-255,66,24554,17,311191
46599,0.000342,74.125.24.0-255,2902,27456,17,311191
46600,0.000344,172.31.36.0-255,66,27522,17,311191
46601,0.000347,74.125.24.0-255,1484,29006,17,311191
46602,0.000349,172.31.36.0-255,66,29072,17,311191
46603,0.000369,74.125.24.0-255,2543,31615,17,311191
46604,0.000372,172.31.36.0-255,66,31681,17,311191
46605,0.000458,74.125.24.0-255,1484,33165,17,311191
46606,0.000462,172.31.36.0-255,66,33231,17,311191
46607,0.000469,74.125.24.0-255,2902,36133,17,311191
46608,0.000471,172.31.36.0-255,66,36199,17,311191
46609,0.000476,74.125.24.0-255,4320,40519,17,311191
46610,0.000479,172.31.36.0-255,66,40585,17,311191
46611,0.000498,74.125.24.0-255,1484,42069,17,311191
46612,0.000501,172.31.36.0-255,66,42135,17,311191
46613,0.000506,74.125.24.0-255,2902,45037,17,311191
46614,0.000521,172.31.36.0-255,66,45103,17,311191
46615,0.000534,74.125.24.0-255,5738,50841,17,311191
46616,0.000539,172.31.36.0-255,66,50907,17,311191
46617,0.000551,74.125.24.0-255,5379,56286,17,311191
46618,0.000559,74.125.24.0-255,5738,62024,17,311191
46619,0.000574,74.125.24.0-255,3961,65985,17,311191
46620,0.000592,172.31.36.0-255,66,66051,17,311191
46621,0.000861,74.125.24.0-255,647,66698,17,311191
46622,0.00089,74.125.24.0-255,1484,68182,17,311191
46623,0.000894,172.31.36.0-255,66,68248,17,311191
46624,0.000913,74.125.24.0-255,4320,72568,17,311191
46625,0.000918,172.31.36.0-255,66,72634,17,311191
46626,0.000942,74.125.24.0-255,5738,78372,17,311191
46627,0.000958,172.31.36.0-255,66,78438,17,311191
46628,0.000964,74.125.24.0-255,4320,82758,17,311191
46629,0.00097,74.125.24.0-255,5738,88496,17,311191
46630,0.000984,74.125.24.0-255,4320,92816,17,311191
46631,0.000988,172.31.36.0-255,66,92882,17,311191
46632,0.001006,74.125.24.0-255,4320,97202,17,311191
46633,0.001018,172.31.36.0-255,66,97268,17,311191
46634,0.001028,74.125.24.0-255,3602,100870,17,311191
46635,0.001039,172.31.36.0-255,66,100936,17,311191
46636,0.001088,74.125.24.0-255,1484,102420,17,311191
46637,0.001092,74.125.24.0-255,2902,105322,17,311191
46638,0.001109,74.125.24.0-255,1484,106806,17,311191
46639,0.001118,172.31.36.0-255,66,106872,17,311191
46640,0.001136,74.125.24.0-255,2902,109774,17,311191
46641,0.001143,74.125.24.0-255,5738,115512,17,311191
46642,0.001146,74.125.24.0-255,1484,116996,17,311191
46643,0.001154,172.31.36.0-255,66,117062,17,311191
46644,0.001176,74.125.24.0-255,1484,118546,17,311191
46645,0.001201,74.125.24.0-255,6438,124984,17,311191
46646,0.001209,172.31.36.0-255,66,125050,17,311191
46647,0.001365,74.125.24.0-255,1484,126534,17,311191
46648,0.001399,74.125.24.0-255,2902,129436,17,311191
46649,0.001403,172.31.36.0-255,66,129502,17,311191
46650,0.001408,74.125.24.0-255,2902,132404,17,311191
46651,0.001415,172.31.36.0-255,66,132470,17,311191
46652,0.001425,74.125.24.0-255,2902,135372,17,311191
46653,0.001427,74.125.24.0-255,1484,136856,17,311191
46654,0.001432,172.31.36.0-255,66,136922,17,311191
46655,0.001441,74.125.24.0-255,2902,139824,17,311191
46656,0.001466,172.31.36.0-255,66,139890,17,311191
46657,0.001499,74.125.24.0-255,1484,141374,17,311191
46658,0.001503,74.125.24.0-255,1484,142858,17,311191
46659,0.00151,172.31.36.0-255,66,142924,17,311191
46660,0.001524,74.125.24.0-255,1484,144408,17,311191
46661,0.001531,74.125.24.0-255,5738,150146,17,311191
46662,0.001544,74.125.24.0-255,2902,153048,17,311191
46663,0.001552,172.31.36.0-255,66,153114,17,311191
46664,0.001594,74.125.24.0-255,6438,159552,17,311191
46665,0.001605,172.31.36.0-255,66,159618,17,311191
46666,0.001797,74.125.24.0-255,1484,161102,17,311191
46667,0.001803,74.125.24.0-255,2902,164004,17,311191
46668,0.001806,172.31.36.0-255,66,164070,17,311191
46669,0.001811,74.125.24.0-255,2902,166972,17,311191
46670,0.001828,74.125.24.0-255,2902,169874,17,311191
46671,0.001862,74.125.24.0-255,1484,171358,17,311191
46672,0.001903,172.31.36.0-255,66,171424,17,311191
46673,0.001993,74.125.24.0-255,1484,172908,17,311191
46674,0.002009,74.125.24.0-255,2902,175810,17,311191
46675,0.002013,74.125.24.0-255,2902,178712,17,311191
46676,0.002022,172.31.36.0-255,66,178778,17,311191
46677,0.002035,74.125.24.0-255,2902,181680,17,311191
46678,0.002041,74.125.24.0-255,4320,186000,17,311191
46679,0.002055,74.125.24.0-255,2902,188902,17,311191
46680,0.00208,74.125.24.0-255,5020,193922,17,311191
46681,0.002086,172.31.36.0-255,66,193988,17,311191
46682,0.002105,74.125.24.0-255,1484,195472,17,311191
46683,0.002125,74.125.24.0-255,2902,198374,17,311191
46684,0.002128,74.125.24.0-255,1484,199858,17,311191
46685,0.002139,172.31.36.0-255,66,199924,17,311191
46686,0.002149,74.125.24.0-255,4320,204244,17,311191
46687,0.002152,74.125.24.0-255,1484,205728,17,311191
46688,0.002161,172.31.36.0-255,66,205794,17,311191
46689,0.002183,74.125.24.0-255,5738,211532,17,311191
46690,0.002212,74.125.24.0-255,1484,213016,17,311191
46691,0.00225,74.125.24.0-255,4320,217336,17,311191
46692,0.002276,74.125.24.0-255,7156,224492,17,311191
46693,0.002302,74.125.24.0-255,3602,228094,17,311191
46694,0.00232,74.125.24.0-255,7156,235250,17,311191
46695,0.002325,74.125.24.0-255,5738,240988,17,311191
46696,0.002349,74.125.24.0-255,2902,243890,17,311191
46697,0.002355,74.125.24.0-255,5020,248910,17,311191
46698,0.002395,74.125.24.0-255,4320,253230,17,311191
46699,0.002422,74.125.24.0-255,1484,254714,17,311191
46700,0.002459,74.125.24.0-255,6438,261152,17,311191
46701,0.007211,172.31.36.0-255,66,261218,17,311191
46702,0.00932,74.125.24.0-255,4320,265538,17,311191
46703,0.009326,172.31.36.0-255,66,265604,17,311191
46704,0.009345,74.125.24.0-255,1484,267088,17,311191
46705,0.011401,74.125.24.0-255,4320,271408,17,311191
46706,0.011407,172.31.36.0-255,66,271474,17,311191
46707,0.013504,74.125.24.0-255,5738,277212,17,311191
46708,0.018777,172.31.36.0-255,66,277278,17,311191
46709,0.020891,74.125.24.0-255,5738,283016,17,311191
46710,0.020904,172.31.36.0-255,66,283082,17,311191
46711,0.022977,74.125.24.0-255,5738,288820,17,311191
46712,0.022986,172.31.36.0-255,66,288886,17,311191
46713,0.025086,74.125.24.0-255,5738,294624,17,311191
46714,0.025093,172.31.36.0-255,66,294690,17,311191
46715,0.02721,74.125.24.0-255,5738,300428,17,311191
46716,0.027218,172.31.36.0-255,66,300494,17,311191
46717,0.029309,74.125.24.0-255,5738,306232,17,311191
46718,0.029316,172.31.36.0-255,66,306298,17,311191
46719,0.030597,172.31.36.0-255,172,306470,17,311191
46720,0.030626,172.31.36.0-255,1116,307586,17,311191
46721,0.030688,172.31.36.0-255,1514,309100,17,311191
46722,0.03069,172.31.36.0-255,1272,310372,17,311191
46723,0.031392,74.125.24.0-255,210,310582,17,311191
46724,0.031503,172.31.36.0-255,66,310648,17,311191
46725,0.031537,172.31.36.0-255,105,310753,17,311191
46726,0.03219,104.244.42.0-255,66,310819,17,311191
46727,0.032226,104.244.42.0-255,66,310885,17,311191
46728,0.032253,104.244.42.0-255,66,310951,17,311191
46729,0.032955,104.244.42.0-255,108,311059,17,311191
46730,0.032963,172.31.36.0-255,66,311125,17,311191
46731,0.033618,74.125.24.0-255,66,311191,17,311191
46732,0.0,74.125.200.0-255,152,152,17,357188
46733,1.5e-05,172.31.36.0-255,66,218,17,357188
46734,2.2e-05,74.125.200.0-255,1484,1702,17,357188
46735,2.7e-05,172.31.36.0-255,66,1768,17,357188
46736,3.3e-05,74.125.200.0-255,2902,4670,17,357188
46737,3.6e-05,172.31.36.0-255,66,4736,17,357188
46738,6.1e-05,74.125.200.0-255,4320,9056,17,357188
46739,6.4e-05,172.31.36.0-255,66,9122,17,357188
46740,9.2e-05,74.125.200.0-255,4924,14046,17,357188
46741,9.4e-05,172.31.36.0-255,66,14112,17,357188
46742,0.000262,74.125.200.0-255,1484,15596,17,357188
46743,0.000268,172.31.36.0-255,66,15662,17,357188
46744,0.000272,74.125.200.0-255,1484,17146,17,357188
46745,0.000274,172.31.36.0-255,66,17212,17,357188
46746,0.000289,74.125.200.0-255,1484,18696,17,357188
46747,0.000291,172.31.36.0-255,66,18762,17,357188
46748,0.000314,74.125.200.0-255,4320,23082,17,357188
46749,0.000317,172.31.36.0-255,66,23148,17,357188
46750,0.000335,74.125.200.0-255,1484,24632,17,357188
46751,0.000337,172.31.36.0-255,66,24698,17,357188
46752,0.000345,74.125.200.0-255,6797,31495,17,357188
46753,0.000348,172.31.36.0-255,66,31561,17,357188
46754,0.000361,74.125.200.0-255,1484,33045,17,357188
46755,0.000363,172.31.36.0-255,66,33111,17,357188
46756,0.000367,74.125.200.0-255,1484,34595,17,357188
46757,0.000369,172.31.36.0-255,66,34661,17,357188
46758,0.00039,74.125.200.0-255,1484,36145,17,357188
46759,0.000392,172.31.36.0-255,66,36211,17,357188
46760,0.000414,74.125.200.0-255,5738,41949,17,357188
46761,0.000416,172.31.36.0-255,66,42015,17,357188
46762,0.00042,74.125.200.0-255,1484,43499,17,357188
46763,0.000421,172.31.36.0-255,66,43565,17,357188
46764,0.000426,74.125.200.0-255,2902,46467,17,357188
46765,0.000428,172.31.36.0-255,66,46533,17,357188
46766,0.000459,74.125.200.0-255,5738,52271,17,357188
46767,0.000461,172.31.36.0-255,66,52337,17,357188
46768,0.000466,74.125.200.0-255,2902,55239,17,357188
46769,0.000468,172.31.36.0-255,66,55305,17,357188
46770,0.000485,74.125.200.0-255,4320,59625,17,357188
46771,0.000488,172.31.36.0-255,66,59691,17,357188
46772,0.000507,74.125.200.0-255,1484,61175,17,357188
46773,0.00053,74.125.200.0-255,5020,66195,17,357188
46774,0.000534,172.31.36.0-255,66,66261,17,357188
46775,0.00067,74.125.200.0-255,645,66906,17,357188
46776,0.001048,172.31.36.0-255,66,66972,17,357188
46777,0.001059,74.125.200.0-255,1484,68456,17,357188
46778,0.001079,74.125.200.0-255,2902,71358,17,357188
46779,0.001082,172.31.36.0-255,66,71424,17,357188
46780,0.001089,74.125.200.0-255,5738,77162,17,357188
46781,0.001091,172.31.36.0-255,66,77228,17,357188
46782,0.001121,74.125.200.0-255,7156,84384,17,357188
46783,0.00114,172.31.36.0-255,66,84450,17,357188
46784,0.001167,74.125.200.0-255,5738,90188,17,357188
46785,0.00117,172.31.36.0-255,66,90254,17,357188
46786,0.001175,74.125.200.0-255,4320,94574,17,357188
46787,0.001177,172.31.36.0-255,66,94640,17,357188
46788,0.001196,74.125.200.0-255,6438,101078,17,357188
46789,0.001198,172.31.36.0-255,66,101144,17,357188
46790,0.00124,74.125.200.0-255,1484,102628,17,357188
46791,0.001245,74.125.200.0-255,2902,105530,17,357188
46792,0.001248,172.31.36.0-255,66,105596,17,357188
46793,0.001263,74.125.200.0-255,1484,107080,17,357188
46794,0.001277,74.125.200.0-255,2902,109982,17,357188
46795,0.001279,172.31.36.0-255,66,110048,17,357188
46796,0.001286,74.125.200.0-255,5738,115786,17,357188
46797,0.001288,172.31.36.0-255,66,115852,17,357188
46798,0.001301,74.125.200.0-255,2902,118754,17,357188
46799,0.001303,172.31.36.0-255,66,118820,17,357188
46800,0.001336,172.31.36.0-255,66,118886,17,357188
46801,0.001343,74.125.200.0-255,5738,124624,17,357188
46802,0.001345,172.31.36.0-255,66,124690,17,357188
46803,0.001382,74.125.200.0-255,4320,129010,17,357188
46804,0.001386,172.31.36.0-255,66,129076,17,357188
46805,0.001423,172.31.36.0-255,66,129142,17,357188
46806,0.001428,74.125.200.0-255,4320,133462,17,357188
46807,0.00143,172.31.36.0-255,66,133528,17,357188
46808,0.001462,172.31.36.0-255,66,133594,17,357188
46809,0.001481,74.125.200.0-255,2184,135778,17,357188
46810,0.001484,172.31.36.0-255,66,135844,17,357188
46811,0.001489,74.125.200.0-255,2902,138746,17,357188
46812,0.001491,172.31.36.0-255,66,138812,17,357188
46813,0.001525,74.125.200.0-255,7156,145968,17,357188
46814,0.001529,172.31.36.0-255,66,146034,17,357188
46815,0.001533,74.125.200.0-255,2902,148936,17,357188
46816,0.001536,172.31.36.0-255,66,149002,17,357188
46817,0.001567,172.31.36.0-255,66,149068,17,357188
46818,0.001573,74.125.200.0-255,5738,154806,17,357188
46819,0.001575,172.31.36.0-255,66,154872,17,357188
46820,0.001593,74.125.200.0-255,3602,158474,17,357188
46821,0.001595,172.31.36.0-255,66,158540,17,357188
46822,0.002146,74.125.200.0-255,1484,160024,17,357188
46823,0.002153,74.125.200.0-255,2902,162926,17,357188
46824,0.002159,172.31.36.0-255,66,162992,17,357188
46825,0.002163,74.125.200.0-255,1484,164476,17,357188
46826,0.002183,74.125.200.0-255,2902,167378,17,357188
46827,0.002186,172.31.36.0-255,66,167444,17,357188
46828,0.002203,74.125.200.0-255,1484,168928,17,357188
46829,0.002223,74.125.200.0-255,4320,173248,17,357188
46830,0.002226,172.31.36.0-255,66,173314,17,357188
46831,0.002257,74.125.200.0-255,4320,177634,17,357188
46832,0.00226,172.31.36.0-255,66,177700,17,357188
46833,0.00228,74.125.200.0-255,2902,180602,17,357188
46834,0.002282,172.31.36.0-255,66,180668,17,357188
46835,0.002288,74.125.200.0-255,4320,184988,17,357188
46836,0.00229,172.31.36.0-255,66,185054,17,357188
46837,0.00231,74.125.200.0-255,5738,190792,17,357188
46838,0.002312,172.31.36.0-255,66,190858,17,357188
46839,0.002316,74.125.200.0-255,2184,193042,17,357188
46840,0.002319,172.31.36.0-255,66,193108,17,357188
46841,0.004637,74.125.200.0-255,5738,198846,17,357188
46842,0.004644,172.31.36.0-255,66,198912,17,357188
46843,0.006984,74.125.200.0-255,5738,204650,17,357188
46844,0.006991,172.31.36.0-255,66,204716,17,357188
46845,0.009303,74.125.200.0-255,5738,210454,17,357188
46846,0.00931,172.31.36.0-255,66,210520,17,357188
46847,0.011651,74.125.200.0-255,5738,216258,17,357188
46848,0.011663,172.31.36.0-255,66,216324,17,357188
46849,0.013998,74.125.200.0-255,5738,222062,17,357188
46850,0.014007,172.31.36.0-255,66,222128,17,357188
46851,0.016347,74.125.200.0-255,5738,227866,17,357188
46852,0.016358,172.31.36.0-255,66,227932,17,357188
46853,0.018688,74.125.200.0-255,5738,233670,17,357188
46854,0.018697,172.31.36.0-255,66,233736,17,357188
46855,0.021027,74.125.200.0-255,5738,239474,17,357188
46856,0.021035,172.31.36.0-255,66,239540,17,357188
46857,0.023364,74.125.200.0-255,5738,245278,17,357188
46858,0.023372,172.31.36.0-255,66,245344,17,357188
46859,0.025694,74.125.200.0-255,5738,251082,17,357188
46860,0.025701,172.31.36.0-255,66,251148,17,357188
46861,0.028014,74.125.200.0-255,5738,256886,17,357188
46862,0.028022,172.31.36.0-255,66,256952,17,357188
46863,0.030205,172.31.36.0-255,172,257124,17,357188
46864,0.030236,172.31.36.0-255,1118,258242,17,357188
46865,0.030297,172.31.36.0-255,1514,259756,17,357188
46866,0.030299,172.31.36.0-255,1270,261026,17,357188
46867,0.030339,74.125.200.0-255,4320,265346,17,357188
46868,0.030345,172.31.36.0-255,66,265412,17,357188
46869,0.030363,74.125.200.0-255,1484,266896,17,357188
46870,0.031737,104.244.42.0-255,66,266962,17,357188
46871,0.031764,104.244.42.0-255,66,267028,17,357188
46872,0.031871,104.244.42.0-255,66,267094,17,357188
46873,0.032663,74.125.200.0-255,4320,271414,17,357188
46874,0.032669,172.31.36.0-255,66,271480,17,357188
46875,0.035005,74.125.200.0-255,5738,277218,17,357188
46876,0.035012,172.31.36.0-255,66,277284,17,357188
46877,0.037328,74.125.200.0-255,5738,283022,17,357188
46878,0.037334,172.31.36.0-255,66,283088,17,357188
46879,0.039665,74.125.200.0-255,5738,288826,17,357188
46880,0.039672,172.31.36.0-255,66,288892,17,357188
46881,0.042012,74.125.200.0-255,5738,294630,17,357188
46882,0.042019,172.31.36.0-255,66,294696,17,357188
46883,0.044342,74.125.200.0-255,5738,300434,17,357188
46884,0.044349,172.31.36.0-255,66,300500,17,357188
46885,0.046675,74.125.200.0-255,5738,306238,17,357188
46886,0.046682,172.31.36.0-255,66,306304,17,357188
46887,0.049007,74.125.200.0-255,5738,312042,17,357188
46888,0.049014,172.31.36.0-255,66,312108,17,357188
46889,0.051342,74.125.200.0-255,5738,317846,17,357188
46890,0.051349,172.31.36.0-255,66,317912,17,357188
46891,0.053681,74.125.200.0-255,5738,323650,17,357188
46892,0.053688,172.31.36.0-255,66,323716,17,357188
46893,0.056006,74.125.200.0-255,4320,328036,17,357188
46894,0.056013,172.31.36.0-255,66,328102,17,357188
46895,0.056033,74.125.200.0-255,1484,329586,17,357188
46896,0.058338,74.125.200.0-255,4320,333906,17,357188
46897,0.058345,172.31.36.0-255,66,333972,17,357188
46898,0.060672,74.125.200.0-255,5738,339710,17,357188
46899,0.060678,172.31.36.0-255,66,339776,17,357188
46900,0.063003,74.125.200.0-255,5738,345514,17,357188
46901,0.063009,172.31.36.0-255,66,345580,17,357188
46902,0.065332,74.125.200.0-255,5738,351318,17,357188
46903,0.065339,172.31.36.0-255,66,351384,17,357188
46904,0.067687,74.125.200.0-255,5738,357122,17,357188
46905,0.067694,172.31.36.0-255,66,357188,17,357188
46906,0.0,74.125.24.0-255,153,153,17,330303
46907,2.9e-05,172.31.36.0-255,66,219,17,330303
46908,3.5e-05,74.125.24.0-255,1484,1703,17,330303
46909,3.8e-05,172.31.36.0-255,66,1769,17,330303
46910,4.3e-05,74.125.24.0-255,2902,4671,17,330303
46911,5.4e-05,172.31.36.0-255,66,4737,17,330303
46912,6e-05,74.125.24.0-255,7156,11893,17,330303
46913,6.3e-05,172.31.36.0-255,66,11959,17,330303
46914,0.000101,74.125.24.0-255,2074,14033,17,330303
46915,0.000104,172.31.36.0-255,66,14099,17,330303
46916,0.000108,74.125.24.0-255,2902,17001,17,330303
46917,0.000111,172.31.36.0-255,66,17067,17,330303
46918,0.000113,74.125.24.0-255,1484,18551,17,330303
46919,0.000115,172.31.36.0-255,66,18617,17,330303
46920,0.000143,74.125.24.0-255,5738,24355,17,330303
46921,0.000147,172.31.36.0-255,66,24421,17,330303
46922,0.00018,74.125.24.0-255,6797,31218,17,330303
46923,0.000183,172.31.36.0-255,66,31284,17,330303
46924,0.000344,74.125.24.0-255,1484,32768,17,330303
46925,0.000348,172.31.36.0-255,66,32834,17,330303
46926,0.000354,74.125.24.0-255,2902,35736,17,330303
46927,0.000356,172.31.36.0-255,66,35802,17,330303
46928,0.000386,74.125.24.0-255,5738,41540,17,330303
46929,0.000389,172.31.36.0-255,66,41606,17,330303
46930,0.000418,74.125.24.0-255,4320,45926,17,330303
46931,0.00042,172.31.36.0-255,66,45992,17,330303
46932,0.000449,74.125.24.0-255,2543,48535,17,330303
46933,0.000452,172.31.36.0-255,66,48601,17,330303
46934,0.000516,74.125.24.0-255,1484,50085,17,330303
46935,0.000519,172.31.36.0-255,66,50151,17,330303
46936,0.000524,74.125.24.0-255,2902,53053,17,330303
46937,0.000526,172.31.36.0-255,66,53119,17,330303
46938,0.000554,74.125.24.0-255,5738,58857,17,330303
46939,0.000557,172.31.36.0-255,66,58923,17,330303
46940,0.000579,74.125.24.0-255,6797,65720,17,330303
46941,0.000582,172.31.36.0-255,66,65786,17,330303
46942,0.000979,74.125.24.0-255,647,66433,17,330303
46943,0.001031,172.31.36.0-255,66,66499,17,330303
46944,0.001144,74.125.24.0-255,1484,67983,17,330303
46945,0.001153,74.125.24.0-255,2902,70885,17,330303
46946,0.001156,172.31.36.0-255,66,70951,17,330303
46947,0.001181,74.125.24.0-255,5738,76689,17,330303
46948,0.001183,172.31.36.0-255,66,76755,17,330303
46949,0.001188,74.125.24.0-255,2902,79657,17,330303
46950,0.001189,172.31.36.0-255,66,79723,17,330303
46951,0.001225,172.31.36.0-255,66,79789,17,330303
46952,0.001248,172.31.36.0-255,66,79855,17,330303
46953,0.001627,74.125.24.0-255,1484,81339,17,330303
46954,0.001636,74.125.24.0-255,2902,84241,17,330303
46955,0.001639,172.31.36.0-255,66,84307,17,330303
46956,0.001645,74.125.24.0-255,2902,87209,17,330303
46957,0.001647,172.31.36.0-255,66,87275,17,330303
46958,0.001672,74.125.24.0-255,2902,90177,17,330303
46959,0.001678,172.31.36.0-255,66,90243,17,330303
46960,0.001684,74.125.24.0-255,5738,95981,17,330303
46961,0.001687,172.31.36.0-255,66,96047,17,330303
46962,0.001709,74.125.24.0-255,4320,100367,17,330303
46963,0.001711,172.31.36.0-255,66,100433,17,330303
46964,0.001722,172.31.36.0-255,66,100499,17,330303
46965,0.001754,74.125.24.0-255,2902,103401,17,330303
46966,0.001756,172.31.36.0-255,66,103467,17,330303
46967,0.001761,74.125.24.0-255,2184,105651,17,330303
46968,0.001762,172.31.36.0-255,66,105717,17,330303
46969,0.001812,74.125.24.0-255,1484,107201,17,330303
46970,0.00183,74.125.24.0-255,2902,110103,17,330303
46971,0.001835,172.31.36.0-255,66,110169,17,330303
46972,0.001866,74.125.24.0-255,5738,115907,17,330303
46973,0.001869,172.31.36.0-255,66,115973,17,330303
46974,0.001898,74.125.24.0-255,7156,123129,17,330303
46975,0.001901,172.31.36.0-255,66,123195,17,330303
46976,0.001926,74.125.24.0-255,2902,126097,17,330303
46977,0.001928,172.31.36.0-255,66,126163,17,330303
46978,0.001948,74.125.24.0-255,5738,131901,17,330303
46979,0.001953,172.31.36.0-255,66,131967,17,330303
46980,0.001981,74.125.24.0-255,5738,137705,17,330303
46981,0.001984,172.31.36.0-255,66,137771,17,330303
46982,0.001988,74.125.24.0-255,2184,139955,17,330303
46983,0.00199,172.31.36.0-255,66,140021,17,330303
46984,0.001994,74.125.24.0-255,2902,142923,17,330303
46985,0.001997,172.31.36.0-255,66,142989,17,330303
46986,0.002023,74.125.24.0-255,7156,150145,17,330303
46987,0.002026,172.31.36.0-255,66,150211,17,330303
46988,0.002031,74.125.24.0-255,4320,154531,17,330303
46989,0.002033,172.31.36.0-255,66,154597,17,330303
46990,0.002066,74.125.24.0-255,4320,158917,17,330303
46991,0.002069,172.31.36.0-255,66,158983,17,330303
46992,0.002084,172.31.36.0-255,66,159049,17,330303
46993,0.004365,74.125.24.0-255,5738,164787,17,330303
46994,0.00437,172.31.36.0-255,66,164853,17,330303
46995,0.006624,74.125.24.0-255,5738,170591,17,330303
46996,0.006632,172.31.36.0-255,66,170657,17,330303
46997,0.008902,74.125.24.0-255,5738,176395,17,330303
46998,0.008913,172.31.36.0-255,66,176461,17,330303
46999,0.011162,74.125.24.0-255,5738,182199,17,330303
47000,0.01117,172.31.36.0-255,66,182265,17,330303
47001,0.013449,74.125.24.0-255,5738,188003,17,330303
47002,0.013465,172.31.36.0-255,66,188069,17,330303
47003,0.015715,74.125.24.0-255,5738,193807,17,330303
47004,0.015725,172.31.36.0-255,66,193873,17,330303
47005,0.018007,74.125.24.0-255,5738,199611,17,330303
47006,0.018017,172.31.36.0-255,66,199677,17,330303
47007,0.02029,74.125.24.0-255,4320,203997,17,330303
47008,0.020294,172.31.36.0-255,66,204063,17,330303
47009,0.020311,74.125.24.0-255,1484,205547,17,330303
47010,0.02253,74.125.24.0-255,4320,209867,17,330303
47011,0.022533,172.31.36.0-255,66,209933,17,330303
47012,0.024756,74.125.24.0-255,5738,215671,17,330303
47013,0.024763,172.31.36.0-255,66,215737,17,330303
47014,0.027016,74.125.24.0-255,5738,221475,17,330303
47015,0.027028,172.31.36.0-255,66,221541,17,330303
47016,0.029264,74.125.24.0-255,5738,227279,17,330303
47017,0.029272,172.31.36.0-255,66,227345,17,330303
47018,0.030447,172.31.36.0-255,190,227535,17,330303
47019,0.030489,172.31.36.0-255,1116,228651,17,330303
47020,0.030564,172.31.36.0-255,1514,230165,17,330303
47021,0.030567,172.31.36.0-255,1272,231437,17,330303
47022,0.031536,74.125.24.0-255,5738,237175,17,330303
47023,0.031544,172.31.36.0-255,66,237241,17,330303
47024,0.031992,104.244.42.0-255,66,237307,17,330303
47025,0.032047,104.244.42.0-255,66,237373,17,330303
47026,0.032144,104.244.42.0-255,66,237439,17,330303
47027,0.033785,74.125.24.0-255,5738,243177,17,330303
47028,0.033791,172.31.36.0-255,66,243243,17,330303
47029,0.036047,74.125.24.0-255,5738,248981,17,330303
47030,0.036054,172.31.36.0-255,66,249047,17,330303
47031,0.038322,74.125.24.0-255,5738,254785,17,330303
47032,0.038328,172.31.36.0-255,66,254851,17,330303
47033,0.040591,74.125.24.0-255,5738,260589,17,330303
47034,0.040597,172.31.36.0-255,66,260655,17,330303
47035,0.042867,74.125.24.0-255,5738,266393,17,330303
47036,0.042874,172.31.36.0-255,66,266459,17,330303
47037,0.045147,74.125.24.0-255,5738,272197,17,330303
47038,0.045153,172.31.36.0-255,66,272263,17,330303
47039,0.04745,74.125.24.0-255,5738,278001,17,330303
47040,0.047457,172.31.36.0-255,66,278067,17,330303
47041,0.049736,74.125.24.0-255,5738,283805,17,330303
47042,0.049741,172.31.36.0-255,66,283871,17,330303
47043,0.051981,74.125.24.0-255,5738,289609,17,330303
47044,0.051988,172.31.36.0-255,66,289675,17,330303
47045,0.054288,74.125.24.0-255,5738,295413,17,330303
47046,0.054295,172.31.36.0-255,66,295479,17,330303
47047,0.05652,74.125.24.0-255,5738,301217,17,330303
47048,0.056527,172.31.36.0-255,66,301283,17,330303
47049,0.058777,74.125.24.0-255,5738,307021,17,330303
47050,0.058787,172.31.36.0-255,66,307087,17,330303
47051,0.061021,74.125.24.0-255,5738,312825,17,330303
47052,0.061029,172.31.36.0-255,66,312891,17,330303
47053,0.063288,74.125.24.0-255,5738,318629,17,330303
47054,0.063295,172.31.36.0-255,66,318695,17,330303
47055,0.065554,74.125.24.0-255,5738,324433,17,330303
47056,0.065562,172.31.36.0-255,66,324499,17,330303
47057,0.067793,74.125.24.0-255,5738,330237,17,330303
47058,0.0678,172.31.36.0-255,66,330303,17,330303
47059,0.0,172.217.194.0-255,153,153,17,261638
47060,3.5e-05,172.31.36.0-255,66,219,17,261638
47061,4.1e-05,172.217.194.0-255,1484,1703,17,261638
47062,4.6e-05,172.31.36.0-255,66,1769,17,261638
47063,5.1e-05,172.217.194.0-255,2902,4671,17,261638
47064,6.2e-05,172.31.36.0-255,66,4737,17,261638
47065,6.9e-05,172.217.194.0-255,5738,10475,17,261638
47066,7.2e-05,172.31.36.0-255,66,10541,17,261638
47067,7.7e-05,172.217.194.0-255,3458,13999,17,261638
47068,8e-05,172.31.36.0-255,66,14065,17,261638
47069,0.000109,172.217.194.0-255,4320,18385,17,261638
47070,0.000112,172.31.36.0-255,66,18451,17,261638
47071,0.000125,172.217.194.0-255,7156,25607,17,261638
47072,0.000127,172.31.36.0-255,66,25673,17,261638
47073,0.000172,172.31.36.0-255,66,25739,17,261638
47074,0.000209,172.217.194.0-255,2543,28282,17,261638
47075,0.000213,172.31.36.0-255,66,28348,17,261638
47076,0.000224,172.31.36.0-255,66,28414,17,261638
47077,0.000699,172.217.194.0-255,1484,29898,17,261638
47078,0.000704,172.31.36.0-255,66,29964,17,261638
47079,0.000712,172.217.194.0-255,2902,32866,17,261638
47080,0.000714,172.31.36.0-255,66,32932,17,261638
47081,0.000726,172.217.194.0-255,5738,38670,17,261638
47082,0.000728,172.31.36.0-255,66,38736,17,261638
47083,0.000731,172.217.194.0-255,1484,40220,17,261638
47084,0.000732,172.31.36.0-255,66,40286,17,261638
47085,0.000782,172.31.36.0-255,66,40352,17,261638
47086,0.000811,172.31.36.0-255,66,40418,17,261638
47087,0.001817,172.217.194.0-255,1484,41902,17,261638
47088,0.001825,172.217.194.0-255,2902,44804,17,261638
47089,0.00183,172.31.36.0-255,66,44870,17,261638
47090,0.001837,172.217.194.0-255,5738,50608,17,261638
47091,0.001839,172.31.36.0-255,66,50674,17,261638
47092,0.001856,172.217.194.0-255,2902,53576,17,261638
47093,0.001858,172.31.36.0-255,66,53642,17,261638
47094,0.001891,172.31.36.0-255,66,53708,17,261638
47095,0.001901,172.31.36.0-255,66,53774,17,261638
47096,0.001925,172.217.194.0-255,2184,55958,17,261638
47097,0.001927,172.31.36.0-255,66,56024,17,261638
47098,0.001971,172.217.194.0-255,1484,57508,17,261638
47099,0.001976,172.217.194.0-255,2902,60410,17,261638
47100,0.001979,172.31.36.0-255,66,60476,17,261638
47101,0.001983,172.217.194.0-255,2902,63378,17,261638
47102,0.001985,172.31.36.0-255,66,63444,17,261638
47103,0.002006,172.217.194.0-255,2902,66346,17,261638
47104,0.002009,172.31.36.0-255,66,66412,17,261638
47105,0.002017,172.217.194.0-255,2902,69314,17,261638
47106,0.00202,172.31.36.0-255,66,69380,17,261638
47107,0.002064,172.31.36.0-255,66,69446,17,261638
47108,0.002074,172.31.36.0-255,66,69512,17,261638
47109,0.002084,172.217.194.0-255,5738,75250,17,261638
47110,0.002087,172.31.36.0-255,66,75316,17,261638
47111,0.002127,172.217.194.0-255,5020,80336,17,261638
47112,0.00213,172.31.36.0-255,66,80402,17,261638
47113,0.002141,172.31.36.0-255,66,80468,17,261638
47114,0.002159,172.31.36.0-255,66,80534,17,261638
47115,0.002235,172.217.194.0-255,1484,82018,17,261638
47116,0.002249,172.217.194.0-255,2902,84920,17,261638
47117,0.002252,172.31.36.0-255,66,84986,17,261638
47118,0.002257,172.217.194.0-255,4320,89306,17,261638
47119,0.002259,172.31.36.0-255,66,89372,17,261638
47120,0.002276,172.217.194.0-255,1484,90856,17,261638
47121,0.002292,172.31.36.0-255,66,90922,17,261638
47122,0.002324,172.217.194.0-255,4320,95242,17,261638
47123,0.002327,172.31.36.0-255,66,95308,17,261638
47124,0.002337,172.31.36.0-255,66,95374,17,261638
47125,0.002345,172.217.194.0-255,766,96140,17,261638
47126,0.003612,172.31.36.0-255,66,96206,17,261638
47127,0.004655,172.217.194.0-255,4320,100526,17,261638
47128,0.004662,172.31.36.0-255,66,100592,17,261638
47129,0.005942,172.217.194.0-255,1484,102076,17,261638
47130,0.006984,172.217.194.0-255,4320,106396,17,261638
47131,0.006993,172.31.36.0-255,66,106462,17,261638
47132,0.00931,172.217.194.0-255,5738,112200,17,261638
47133,0.009319,172.31.36.0-255,66,112266,17,261638
47134,0.011665,172.217.194.0-255,5738,118004,17,261638
47135,0.011675,172.31.36.0-255,66,118070,17,261638
47136,0.014037,172.217.194.0-255,5738,123808,17,261638
47137,0.014047,172.31.36.0-255,66,123874,17,261638
47138,0.016392,172.217.194.0-255,5738,129612,17,261638
47139,0.016401,172.31.36.0-255,66,129678,17,261638
47140,0.018765,172.217.194.0-255,5738,135416,17,261638
47141,0.018775,172.31.36.0-255,66,135482,17,261638
47142,0.021072,172.217.194.0-255,5738,141220,17,261638
47143,0.021082,172.31.36.0-255,66,141286,17,261638
47144,0.023415,172.217.194.0-255,5738,147024,17,261638
47145,0.023423,172.31.36.0-255,66,147090,17,261638
47146,0.025719,172.217.194.0-255,5738,152828,17,261638
47147,0.025726,172.31.36.0-255,66,152894,17,261638
47148,0.028057,172.217.194.0-255,5738,158632,17,261638
47149,0.028064,172.31.36.0-255,66,158698,17,261638
47150,0.028306,172.31.36.0-255,172,158870,17,261638
47151,0.028335,172.31.36.0-255,1116,159986,17,261638
47152,0.028449,172.31.36.0-255,1514,161500,17,261638
47153,0.028451,172.31.36.0-255,1272,162772,17,261638
47154,0.029827,104.244.42.0-255,66,162838,17,261638
47155,0.029913,104.244.42.0-255,66,162904,17,261638
47156,0.030017,104.244.42.0-255,66,162970,17,261638
47157,0.030413,172.217.194.0-255,5738,168708,17,261638
47158,0.030418,172.31.36.0-255,66,168774,17,261638
47159,0.032784,172.217.194.0-255,5738,174512,17,261638
47160,0.032791,172.31.36.0-255,66,174578,17,261638
47161,0.035089,172.217.194.0-255,5738,180316,17,261638
47162,0.035094,172.31.36.0-255,66,180382,17,261638
47163,0.037412,172.217.194.0-255,5738,186120,17,261638
47164,0.037419,172.31.36.0-255,66,186186,17,261638
47165,0.039731,172.217.194.0-255,5738,191924,17,261638
47166,0.039738,172.31.36.0-255,66,191990,17,261638
47167,0.042058,172.217.194.0-255,5738,197728,17,261638
47168,0.042064,172.31.36.0-255,66,197794,17,261638
47169,0.04441,172.217.194.0-255,5738,203532,17,261638
47170,0.044419,172.31.36.0-255,66,203598,17,261638
47171,0.046711,172.217.194.0-255,5738,209336,17,261638
47172,0.046717,172.31.36.0-255,66,209402,17,261638
47173,0.04902,172.217.194.0-255,5738,215140,17,261638
47174,0.049029,172.31.36.0-255,66,215206,17,261638
47175,0.051322,172.217.194.0-255,5738,220944,17,261638
47176,0.051331,172.31.36.0-255,66,221010,17,261638
47177,0.053687,172.217.194.0-255,5738,226748,17,261638
47178,0.053696,172.31.36.0-255,66,226814,17,261638
47179,0.056012,172.217.194.0-255,5738,232552,17,261638
47180,0.056019,172.31.36.0-255,66,232618,17,261638
47181,0.058339,172.217.194.0-255,5738,238356,17,261638
47182,0.058346,172.31.36.0-255,66,238422,17,261638
47183,0.060642,172.217.194.0-255,5738,244160,17,261638
47184,0.06065,172.31.36.0-255,66,244226,17,261638
47185,0.062975,172.217.194.0-255,5738,249964,17,261638
47186,0.062982,172.31.36.0-255,66,250030,17,261638
47187,0.065372,172.217.194.0-255,5738,255768,17,261638
47188,0.065379,172.31.36.0-255,66,255834,17,261638
47189,0.067689,172.217.194.0-255,5738,261572,17,261638
47190,0.067696,172.31.36.0-255,66,261638,17,261638
47191,0.0,74.125.24.0-255,148,148,17,219424
47192,3.4e-05,172.31.36.0-255,66,214,17,219424
47193,4.2e-05,74.125.24.0-255,1484,1698,17,219424
47194,4.7e-05,172.31.36.0-255,66,1764,17,219424
47195,5.4e-05,74.125.24.0-255,2902,4666,17,219424
47196,5.8e-05,172.31.36.0-255,66,4732,17,219424
47197,7.4e-05,74.125.24.0-255,7156,11888,17,219424
47198,7.7e-05,172.31.36.0-255,66,11954,17,219424
47199,8.8e-05,172.31.36.0-255,66,12020,17,219424
47200,9.7e-05,172.31.36.0-255,66,12086,17,219424
47201,0.000102,74.125.24.0-255,2902,14988,17,219424
47202,0.000106,172.31.36.0-255,66,15054,17,219424
47203,0.000153,172.31.36.0-255,66,15120,17,219424
47204,0.000179,74.125.24.0-255,4320,19440,17,219424
47205,0.000181,172.31.36.0-255,66,19506,17,219424
47206,0.000218,172.31.36.0-255,66,19572,17,219424
47207,0.000221,74.125.24.0-255,131,19703,17,219424
47208,0.000225,172.31.36.0-255,66,19769,17,219424
47209,0.000363,74.125.24.0-255,1484,21253,17,219424
47210,0.000367,172.31.36.0-255,66,21319,17,219424
47211,0.000373,74.125.24.0-255,2902,24221,17,219424
47212,0.000376,172.31.36.0-255,66,24287,17,219424
47213,0.000409,74.125.24.0-255,5738,30025,17,219424
47214,0.000414,172.31.36.0-255,66,30091,17,219424
47215,0.000426,172.31.36.0-255,66,30157,17,219424
47216,0.000452,74.125.24.0-255,1484,31641,17,219424
47217,0.000455,172.31.36.0-255,66,31707,17,219424
47218,0.000503,172.31.36.0-255,66,31773,17,219424
47219,0.000853,74.125.24.0-255,1484,33257,17,219424
47220,0.000859,74.125.24.0-255,2902,36159,17,219424
47221,0.000862,172.31.36.0-255,66,36225,17,219424
47222,0.000894,74.125.24.0-255,5738,41963,17,219424
47223,0.000897,172.31.36.0-255,66,42029,17,219424
47224,0.000903,74.125.24.0-255,4320,46349,17,219424
47225,0.000911,172.31.36.0-255,66,46415,17,219424
47226,0.000955,74.125.24.0-255,5738,52153,17,219424
47227,0.000957,172.31.36.0-255,66,52219,17,219424
47228,0.000959,74.125.24.0-255,2902,55121,17,219424
47229,0.000963,172.31.36.0-255,66,55187,17,219424
47230,0.000973,74.125.24.0-255,2184,57371,17,219424
47231,0.000984,74.125.24.0-255,5738,63109,17,219424
47232,0.00099,172.31.36.0-255,66,63175,17,219424
47233,0.001022,172.31.36.0-255,66,63241,17,219424
47234,0.00104,74.125.24.0-255,1484,64725,17,219424
47235,0.001046,74.125.24.0-255,5738,70463,17,219424
47236,0.001053,172.31.36.0-255,66,70529,17,219424
47237,0.001076,74.125.24.0-255,5738,76267,17,219424
47238,0.001087,172.31.36.0-255,66,76333,17,219424
47239,0.001091,74.125.24.0-255,3602,79935,17,219424
47240,0.0011,172.31.36.0-255,66,80001,17,219424
47241,0.001133,74.125.24.0-255,1484,81485,17,219424
47242,0.001151,74.125.24.0-255,2902,84387,17,219424
47243,0.001156,74.125.24.0-255,4320,88707,17,219424
47244,0.00116,172.31.36.0-255,66,88773,17,219424
47245,0.001189,74.125.24.0-255,1484,90257,17,219424
47246,0.001195,74.125.24.0-255,4320,94577,17,219424
47247,0.001214,172.31.36.0-255,66,94643,17,219424
47248,0.001238,74.125.24.0-255,4320,98963,17,219424
47249,0.001245,172.31.36.0-255,66,99029,17,219424
47250,0.001265,74.125.24.0-255,7156,106185,17,219424
47251,0.001269,172.31.36.0-255,66,106251,17,219424
47252,0.001274,74.125.24.0-255,4320,110571,17,219424
47253,0.001279,74.125.24.0-255,3602,114173,17,219424
47254,0.001287,172.31.36.0-255,66,114239,17,219424
47255,0.001436,74.125.24.0-255,1484,115723,17,219424
47256,0.001442,74.125.24.0-255,2902,118625,17,219424
47257,0.001445,172.31.36.0-255,66,118691,17,219424
47258,0.001481,74.125.24.0-255,5738,124429,17,219424
47259,0.001489,172.31.36.0-255,66,124495,17,219424
47260,0.001493,172.31.36.0-255,66,124561,17,219424
47261,0.001547,172.31.36.0-255,66,124627,17,219424
47262,0.00184,74.125.24.0-255,1484,126111,17,219424
47263,0.001845,74.125.24.0-255,2902,129013,17,219424
47264,0.001848,172.31.36.0-255,66,129079,17,219424
47265,0.001855,74.125.24.0-255,5738,134817,17,219424
47266,0.001868,172.31.36.0-255,66,134883,17,219424
47267,0.001874,74.125.24.0-255,5738,140621,17,219424
47268,0.001882,172.31.36.0-255,66,140687,17,219424
47269,0.001924,74.125.24.0-255,7156,147843,17,219424
47270,0.001946,74.125.24.0-255,2184,150027,17,219424
47271,0.001987,74.125.24.0-255,7156,157183,17,219424
47272,0.00202,74.125.24.0-255,1484,158667,17,219424
47273,0.002071,74.125.24.0-255,2184,160851,17,219424
47274,0.002103,74.125.24.0-255,7156,168007,17,219424
47275,0.002146,74.125.24.0-255,5738,173745,17,219424
47276,0.006185,172.31.36.0-255,66,173811,17,219424
47277,0.008298,74.125.24.0-255,5738,179549,17,219424
47278,0.008305,172.31.36.0-255,66,179615,17,219424
47279,0.010375,74.125.24.0-255,5738,185353,17,219424
47280,0.010382,172.31.36.0-255,66,185419,17,219424
47281,0.012463,74.125.24.0-255,5738,191157,17,219424
47282,0.01247,172.31.36.0-255,66,191223,17,219424
47283,0.014551,74.125.24.0-255,5738,196961,17,219424
47284,0.016021,172.31.36.0-255,66,197027,17,219424
47285,0.0181,74.125.24.0-255,5738,202765,17,219424
47286,0.01811,172.31.36.0-255,66,202831,17,219424
47287,0.020202,74.125.24.0-255,5738,208569,17,219424
47288,0.02021,172.31.36.0-255,66,208635,17,219424
47289,0.022261,74.125.24.0-255,3234,211869,17,219424
47290,0.022268,172.31.36.0-255,66,211935,17,219424
47291,0.022452,172.31.36.0-255,105,212040,17,219424
47292,0.024525,74.125.24.0-255,66,212106,17,219424
47293,0.030663,172.31.36.0-255,172,212278,17,219424
47294,0.030695,172.31.36.0-255,1116,213394,17,219424
47295,0.030742,172.31.36.0-255,1514,214908,17,219424
47296,0.030744,172.31.36.0-255,1514,216422,17,219424
47297,0.030745,172.31.36.0-255,1514,217936,17,219424
47298,0.030746,172.31.36.0-255,1050,218986,17,219424
47299,0.032179,104.244.42.0-255,66,219052,17,219424
47300,0.032226,104.244.42.0-255,66,219118,17,219424
47301,0.032258,104.244.42.0-255,66,219184,17,219424
47302,0.032261,104.244.42.0-255,66,219250,17,219424
47303,0.032978,104.244.42.0-255,108,219358,17,219424
47304,0.032999,172.31.36.0-255,66,219424,17,219424
47305,0.0,74.125.68.0-255,150,150,17,371813
47306,2.2e-05,172.31.36.0-255,66,216,17,371813
47307,2.9e-05,74.125.68.0-255,1484,1700,17,371813
47308,3.3e-05,172.31.36.0-255,66,1766,17,371813
47309,3.8e-05,74.125.68.0-255,2902,4668,17,371813
47310,4.1e-05,172.31.36.0-255,66,4734,17,371813
47311,4.5e-05,74.125.68.0-255,1484,6218,17,371813
47312,4.7e-05,172.31.36.0-255,66,6284,17,371813
47313,7.3e-05,74.125.68.0-255,4320,10604,17,371813
47314,7.6e-05,172.31.36.0-255,66,10670,17,371813
47315,7.9e-05,74.125.68.0-255,1484,12154,17,371813
47316,8.1e-05,172.31.36.0-255,66,12220,17,371813
47317,0.000109,74.125.68.0-255,2046,14266,17,371813
47318,0.000112,172.31.36.0-255,66,14332,17,371813
47319,0.000265,74.125.68.0-255,1484,15816,17,371813
47320,0.000269,172.31.36.0-255,66,15882,17,371813
47321,0.000274,74.125.68.0-255,1484,17366,17,371813
47322,0.000276,172.31.36.0-255,66,17432,17,371813
47323,0.000291,74.125.68.0-255,1484,18916,17,371813
47324,0.000293,172.31.36.0-255,66,18982,17,371813
47325,0.000323,74.125.68.0-255,5738,24720,17,371813
47326,0.000326,172.31.36.0-255,66,24786,17,371813
47327,0.000342,74.125.68.0-255,6797,31583,17,371813
47328,0.000345,172.31.36.0-255,66,31649,17,371813
47329,0.000362,74.125.68.0-255,1484,33133,17,371813
47330,0.000364,172.31.36.0-255,66,33199,17,371813
47331,0.000384,74.125.68.0-255,2902,36101,17,371813
47332,0.000386,172.31.36.0-255,66,36167,17,371813
47333,0.000412,74.125.68.0-255,4320,40487,17,371813
47334,0.000415,172.31.36.0-255,66,40553,17,371813
47335,0.000434,74.125.68.0-255,1484,42037,17,371813
47336,0.000436,172.31.36.0-255,66,42103,17,371813
47337,0.000459,74.125.68.0-255,4320,46423,17,371813
47338,0.000464,74.125.68.0-255,2902,49325,17,371813
47339,0.000477,74.125.68.0-255,1484,50809,17,371813
47340,0.000492,74.125.68.0-255,5738,56547,17,371813
47341,0.000514,74.125.68.0-255,2902,59449,17,371813
47342,0.000533,74.125.68.0-255,5738,65187,17,371813
47343,0.000548,74.125.68.0-255,766,65953,17,371813
47344,0.000556,172.31.36.0-255,66,66019,17,371813
47345,0.00062,74.125.68.0-255,709,66728,17,371813
47346,0.000938,74.125.68.0-255,1484,68212,17,371813
47347,0.000942,74.125.68.0-255,1484,69696,17,371813
47348,0.000956,74.125.68.0-255,1484,71180,17,371813
47349,0.00096,74.125.68.0-255,2902,74082,17,371813
47350,0.000969,172.31.36.0-255,66,74148,17,371813
47351,0.000979,74.125.68.0-255,4320,78468,17,371813
47352,0.000984,172.31.36.0-255,66,78534,17,371813
47353,0.000993,74.125.68.0-255,2902,81436,17,371813
47354,0.001008,74.125.68.0-255,5738,87174,17,371813
47355,0.001025,172.31.36.0-255,66,87240,17,371813
47356,0.001046,172.31.36.0-255,66,87306,17,371813
47357,0.001082,74.125.68.0-255,2902,90208,17,371813
47358,0.001092,172.31.36.0-255,66,90274,17,371813
47359,0.00113,74.125.68.0-255,2184,92458,17,371813
47360,0.001141,172.31.36.0-255,66,92524,17,371813
47361,0.001257,74.125.68.0-255,1484,94008,17,371813
47362,0.001271,74.125.68.0-255,1484,95492,17,371813
47363,0.001275,172.31.36.0-255,66,95558,17,371813
47364,0.001292,74.125.68.0-255,1484,97042,17,371813
47365,0.001298,74.125.68.0-255,5738,102780,17,371813
47366,0.001312,172.31.36.0-255,66,102846,17,371813
47367,0.001328,74.125.68.0-255,5738,108584,17,371813
47368,0.001346,74.125.68.0-255,7156,115740,17,371813
47369,0.001354,172.31.36.0-255,66,115806,17,371813
47370,0.001392,74.125.68.0-255,4320,120126,17,371813
47371,0.001398,172.31.36.0-255,66,120192,17,371813
47372,0.001409,74.125.68.0-255,5738,125930,17,371813
47373,0.001412,74.125.68.0-255,766,126696,17,371813
47374,0.001433,172.31.36.0-255,66,126762,17,371813
47375,0.00152,74.125.68.0-255,1484,128246,17,371813
47376,0.001536,74.125.68.0-255,2902,131148,17,371813
47377,0.001539,172.31.36.0-255,66,131214,17,371813
47378,0.001561,74.125.68.0-255,5738,136952,17,371813
47379,0.00157,172.31.36.0-255,66,137018,17,371813
47380,0.001598,172.31.36.0-255,66,137084,17,371813
47381,0.001617,74.125.68.0-255,7156,144240,17,371813
47382,0.001628,172.31.36.0-255,66,144306,17,371813
47383,0.001637,74.125.68.0-255,2902,147208,17,371813
47384,0.001643,172.31.36.0-255,66,147274,17,371813
47385,0.001662,74.125.68.0-255,2902,150176,17,371813
47386,0.001682,172.31.36.0-255,66,150242,17,371813
47387,0.00169,74.125.68.0-255,2184,152426,17,371813
47388,0.001696,172.31.36.0-255,66,152492,17,371813
47389,0.001737,74.125.68.0-255,1484,153976,17,371813
47390,0.001776,74.125.68.0-255,2902,156878,17,371813
47391,0.001779,74.125.68.0-255,1484,158362,17,371813
47392,0.001786,172.31.36.0-255,66,158428,17,371813
47393,0.001817,74.125.68.0-255,2902,161330,17,371813
47394,0.001828,74.125.68.0-255,1484,162814,17,371813
47395,0.001838,172.31.36.0-255,66,162880,17,371813
47396,0.001842,74.125.68.0-255,2902,165782,17,371813
47397,0.001847,172.31.36.0-255,66,165848,17,371813
47398,0.001888,74.125.68.0-255,2902,168750,17,371813
47399,0.001894,172.31.36.0-255,66,168816,17,371813
47400,0.00191,74.125.68.0-255,4320,173136,17,371813
47401,0.001924,74.125.68.0-255,2902,176038,17,371813
47402,0.001928,172.31.36.0-255,66,176104,17,371813
47403,0.001938,74.125.68.0-255,2184,178288,17,371813
47404,0.001975,172.31.36.0-255,66,178354,17,371813
47405,0.001988,74.125.68.0-255,1484,179838,17,371813
47406,0.002013,74.125.68.0-255,2902,182740,17,371813
47407,0.002015,74.125.68.0-255,1484,184224,17,371813
47408,0.002019,172.31.36.0-255,66,184290,17,371813
47409,0.002024,172.31.36.0-255,66,184356,17,371813
47410,0.002037,74.125.68.0-255,4320,188676,17,371813
47411,0.00204,74.125.68.0-255,1484,190160,17,371813
47412,0.002076,172.31.36.0-255,66,190226,17,371813
47413,0.0041,74.125.68.0-255,4320,194546,17,371813
47414,0.004107,172.31.36.0-255,66,194612,17,371813
47415,0.004125,74.125.68.0-255,1484,196096,17,371813
47416,0.006143,74.125.68.0-255,4320,200416,17,371813
47417,0.009438,172.31.36.0-255,66,200482,17,371813
47418,0.011465,74.125.68.0-255,5738,206220,17,371813
47419,0.011474,172.31.36.0-255,66,206286,17,371813
47420,0.013506,74.125.68.0-255,5738,212024,17,371813
47421,0.014089,172.31.36.0-255,66,212090,17,371813
47422,0.016119,74.125.68.0-255,5738,217828,17,371813
47423,0.016128,172.31.36.0-255,66,217894,17,371813
47424,0.018153,74.125.68.0-255,5738,223632,17,371813
47425,0.018161,172.31.36.0-255,66,223698,17,371813
47426,0.0202,74.125.68.0-255,5738,229436,17,371813
47427,0.020207,172.31.36.0-255,66,229502,17,371813
47428,0.022238,74.125.68.0-255,5738,235240,17,371813
47429,0.022247,172.31.36.0-255,66,235306,17,371813
47430,0.024273,74.125.68.0-255,5738,241044,17,371813
47431,0.024281,172.31.36.0-255,66,241110,17,371813
47432,0.026315,74.125.68.0-255,5738,246848,17,371813
47433,0.026323,172.31.36.0-255,66,246914,17,371813
47434,0.028345,74.125.68.0-255,5738,252652,17,371813
47435,0.028352,172.31.36.0-255,66,252718,17,371813
47436,0.030375,74.125.68.0-255,5738,258456,17,371813
47437,0.030382,172.31.36.0-255,66,258522,17,371813
47438,0.032408,74.125.68.0-255,5738,264260,17,371813
47439,0.032414,172.31.36.0-255,66,264326,17,371813
47440,0.033,172.31.36.0-255,267,264593,17,371813
47441,0.033032,172.31.36.0-255,1115,265708,17,371813
47442,0.033078,172.31.36.0-255,1514,267222,17,371813
47443,0.03308,172.31.36.0-255,1273,268495,17,371813
47444,0.034436,74.125.68.0-255,5738,274233,17,371813
47445,0.034443,172.31.36.0-255,66,274299,17,371813
47446,0.034547,104.244.42.0-255,66,274365,17,371813
47447,0.034765,104.244.42.0-255,66,274431,17,371813
47448,0.034771,104.244.42.0-255,66,274497,17,371813
47449,0.036478,74.125.68.0-255,5738,280235,17,371813
47450,0.036483,172.31.36.0-255,66,280301,17,371813
47451,0.038512,74.125.68.0-255,5738,286039,17,371813
47452,0.038519,172.31.36.0-255,66,286105,17,371813
47453,0.040546,74.125.68.0-255,4320,290425,17,371813
47454,0.040552,172.31.36.0-255,66,290491,17,371813
47455,0.040569,74.125.68.0-255,1484,291975,17,371813
47456,0.042582,74.125.68.0-255,4320,296295,17,371813
47457,0.042595,172.31.36.0-255,66,296361,17,371813
47458,0.04464,74.125.68.0-255,5738,302099,17,371813
47459,0.04469,172.31.36.0-255,66,302165,17,371813
47460,0.046736,74.125.68.0-255,5738,307903,17,371813
47461,0.046744,172.31.36.0-255,66,307969,17,371813
47462,0.048791,74.125.68.0-255,5738,313707,17,371813
47463,0.048797,172.31.36.0-255,66,313773,17,371813
47464,0.050834,74.125.68.0-255,5738,319511,17,371813
47465,0.050841,172.31.36.0-255,66,319577,17,371813
47466,0.052872,74.125.68.0-255,5738,325315,17,371813
47467,0.05288,172.31.36.0-255,66,325381,17,371813
47468,0.054908,74.125.68.0-255,5738,331119,17,371813
47469,0.054914,172.31.36.0-255,66,331185,17,371813
47470,0.056945,74.125.68.0-255,5738,336923,17,371813
47471,0.056952,172.31.36.0-255,66,336989,17,371813
47472,0.058975,74.125.68.0-255,5738,342727,17,371813
47473,0.058981,172.31.36.0-255,66,342793,17,371813
47474,0.061006,74.125.68.0-255,5738,348531,17,371813
47475,0.061014,172.31.36.0-255,66,348597,17,371813
47476,0.06305,74.125.68.0-255,5738,354335,17,371813
47477,0.063057,172.31.36.0-255,66,354401,17,371813
47478,0.065087,74.125.68.0-255,5738,360139,17,371813
47479,0.065093,172.31.36.0-255,66,360205,17,371813
47480,0.067163,74.125.68.0-255,5738,365943,17,371813
47481,0.067169,172.31.36.0-255,66,366009,17,371813
47482,0.069202,74.125.68.0-255,5738,371747,17,371813
47483,0.069209,172.31.36.0-255,66,371813,17,371813
47484,0.0,74.125.24.0-255,153,153,17,248803
47485,2.5e-05,172.31.36.0-255,66,219,17,248803
47486,3.2e-05,74.125.24.0-255,1484,1703,17,248803
47487,3.7e-05,172.31.36.0-255,66,1769,17,248803
47488,4.3e-05,74.125.24.0-255,2902,4671,17,248803
47489,4.7e-05,172.31.36.0-255,66,4737,17,248803
47490,5.5e-05,74.125.24.0-255,7156,11893,17,248803
47491,5.7e-05,172.31.36.0-255,66,11959,17,248803
47492,6.2e-05,74.125.24.0-255,2056,14015,17,248803
47493,6.5e-05,172.31.36.0-255,66,14081,17,248803
47494,0.000213,74.125.24.0-255,1484,15565,17,248803
47495,0.000218,172.31.36.0-255,66,15631,17,248803
47496,0.000224,74.125.24.0-255,2902,18533,17,248803
47497,0.000228,172.31.36.0-255,66,18599,17,248803
47498,0.000258,74.125.24.0-255,5738,24337,17,248803
47499,0.000261,172.31.36.0-255,66,24403,17,248803
47500,0.000297,74.125.24.0-255,4320,28723,17,248803
47501,0.0003,172.31.36.0-255,66,28789,17,248803
47502,0.000315,74.125.24.0-255,2543,31332,17,248803
47503,0.000317,172.31.36.0-255,66,31398,17,248803
47504,0.000368,74.125.24.0-255,1484,32882,17,248803
47505,0.00037,172.31.36.0-255,66,32948,17,248803
47506,0.000375,74.125.24.0-255,2902,35850,17,248803
47507,0.000378,172.31.36.0-255,66,35916,17,248803
47508,0.000417,74.125.24.0-255,5738,41654,17,248803
47509,0.00042,172.31.36.0-255,66,41720,17,248803
47510,0.000467,74.125.24.0-255,6797,48517,17,248803
47511,0.000469,172.31.36.0-255,66,48583,17,248803
47512,0.002218,74.125.24.0-255,1484,50067,17,248803
47513,0.002226,172.31.36.0-255,66,50133,17,248803
47514,0.002236,74.125.24.0-255,2902,53035,17,248803
47515,0.002239,172.31.36.0-255,66,53101,17,248803
47516,0.002246,74.125.24.0-255,5738,58839,17,248803
47517,0.002272,74.125.24.0-255,1484,60323,17,248803
47518,0.002291,74.125.24.0-255,5379,65702,17,248803
47519,0.002293,74.125.24.0-255,1484,67186,17,248803
47520,0.002313,74.125.24.0-255,5738,72924,17,248803
47521,0.002316,172.31.36.0-255,66,72990,17,248803
47522,0.002325,74.125.24.0-255,1484,74474,17,248803
47523,0.00233,172.31.36.0-255,66,74540,17,248803
47524,0.002341,74.125.24.0-255,2902,77442,17,248803
47525,0.002361,74.125.24.0-255,5958,83400,17,248803
47526,0.00238,74.125.24.0-255,4320,87720,17,248803
47527,0.002387,74.125.24.0-255,5738,93458,17,248803
47528,0.002403,172.31.36.0-255,66,93524,17,248803
47529,0.00242,74.125.24.0-255,4320,97844,17,248803
47530,0.002431,172.31.36.0-255,66,97910,17,248803
47531,0.00244,74.125.24.0-255,2543,100453,17,248803
47532,0.002446,172.31.36.0-255,66,100519,17,248803
47533,0.004999,74.125.24.0-255,4320,104839,17,248803
47534,0.005006,172.31.36.0-255,66,104905,17,248803
47535,0.005025,74.125.24.0-255,1484,106389,17,248803
47536,0.007617,74.125.24.0-255,4320,110709,17,248803
47537,0.007624,172.31.36.0-255,66,110775,17,248803
47538,0.010162,74.125.24.0-255,5738,116513,17,248803
47539,0.01022,172.31.36.0-255,66,116579,17,248803
47540,0.012815,74.125.24.0-255,5738,122317,17,248803
47541,0.012834,172.31.36.0-255,66,122383,17,248803
47542,0.015383,74.125.24.0-255,5738,128121,17,248803
47543,0.016254,172.31.36.0-255,66,128187,17,248803
47544,0.01882,74.125.24.0-255,5738,133925,17,248803
47545,0.018837,172.31.36.0-255,66,133991,17,248803
47546,0.020283,172.31.36.0-255,172,134163,17,248803
47547,0.020328,172.31.36.0-255,1118,135281,17,248803
47548,0.020385,172.31.36.0-255,1514,136795,17,248803
47549,0.020388,172.31.36.0-255,1270,138065,17,248803
47550,0.021409,74.125.24.0-255,5738,143803,17,248803
47551,0.021416,172.31.36.0-255,66,143869,17,248803
47552,0.021845,104.244.42.0-255,66,143935,17,248803
47553,0.021899,104.244.42.0-255,66,144001,17,248803
47554,0.021953,104.244.42.0-255,66,144067,17,248803
47555,0.023967,74.125.24.0-255,5738,149805,17,248803
47556,0.023973,172.31.36.0-255,66,149871,17,248803
47557,0.026537,74.125.24.0-255,5738,155609,17,248803
47558,0.026543,172.31.36.0-255,66,155675,17,248803
47559,0.029116,74.125.24.0-255,5738,161413,17,248803
47560,0.029125,172.31.36.0-255,66,161479,17,248803
47561,0.031675,74.125.24.0-255,5738,167217,17,248803
47562,0.031684,172.31.36.0-255,66,167283,17,248803
47563,0.034267,74.125.24.0-255,5738,173021,17,248803
47564,0.034274,172.31.36.0-255,66,173087,17,248803
47565,0.036834,74.125.24.0-255,5738,178825,17,248803
47566,0.036842,172.31.36.0-255,66,178891,17,248803
47567,0.039401,74.125.24.0-255,5738,184629,17,248803
47568,0.039409,172.31.36.0-255,66,184695,17,248803
47569,0.041979,74.125.24.0-255,5738,190433,17,248803
47570,0.041986,172.31.36.0-255,66,190499,17,248803
47571,0.04452,74.125.24.0-255,5738,196237,17,248803
47572,0.044527,172.31.36.0-255,66,196303,17,248803
47573,0.047096,74.125.24.0-255,5738,202041,17,248803
47574,0.047103,172.31.36.0-255,66,202107,17,248803
47575,0.049654,74.125.24.0-255,5738,207845,17,248803
47576,0.049661,172.31.36.0-255,66,207911,17,248803
47577,0.052202,74.125.24.0-255,5738,213649,17,248803
47578,0.052212,172.31.36.0-255,66,213715,17,248803
47579,0.054747,74.125.24.0-255,5738,219453,17,248803
47580,0.054754,172.31.36.0-255,66,219519,17,248803
47581,0.057351,74.125.24.0-255,5738,225257,17,248803
47582,0.057357,172.31.36.0-255,66,225323,17,248803
47583,0.059927,74.125.24.0-255,5738,231061,17,248803
47584,0.059933,172.31.36.0-255,66,231127,17,248803
47585,0.062473,74.125.24.0-255,5738,236865,17,248803
47586,0.06248,172.31.36.0-255,66,236931,17,248803
47587,0.065032,74.125.24.0-255,2902,239833,17,248803
47588,0.065039,172.31.36.0-255,66,239899,17,248803
47589,0.065057,74.125.24.0-255,2902,242801,17,248803
47590,0.065088,172.31.36.0-255,66,242867,17,248803
47591,0.067585,74.125.24.0-255,2902,245769,17,248803
47592,0.067592,172.31.36.0-255,66,245835,17,248803
47593,0.067655,74.125.24.0-255,2902,248737,17,248803
47594,0.067685,172.31.36.0-255,66,248803,17,248803
47595,0.0,74.125.24.0-255,153,153,17,335139
47596,3.6e-05,172.31.36.0-255,66,219,17,335139
47597,4.3e-05,74.125.24.0-255,1484,1703,17,335139
47598,4.7e-05,172.31.36.0-255,66,1769,17,335139
47599,5.2e-05,74.125.24.0-255,2902,4671,17,335139
47600,5.5e-05,172.31.36.0-255,66,4737,17,335139
47601,6.8e-05,74.125.24.0-255,4320,9057,17,335139
47602,7.2e-05,172.31.36.0-255,66,9123,17,335139
47603,7.8e-05,74.125.24.0-255,4854,13977,17,335139
47604,8.1e-05,172.31.36.0-255,66,14043,17,335139
47605,0.000284,74.125.24.0-255,1484,15527,17,335139
47606,0.000291,172.31.36.0-255,66,15593,17,335139
47607,0.000297,74.125.24.0-255,2902,18495,17,335139
47608,0.000299,172.31.36.0-255,66,18561,17,335139
47609,0.000335,74.125.24.0-255,5738,24299,17,335139
47610,0.000339,172.31.36.0-255,66,24365,17,335139
47611,0.000375,74.125.24.0-255,6797,31162,17,335139
47612,0.000379,172.31.36.0-255,66,31228,17,335139
47613,0.000387,74.125.24.0-255,7156,38384,17,335139
47614,0.000389,172.31.36.0-255,66,38450,17,335139
47615,0.000402,74.125.24.0-255,4320,42770,17,335139
47616,0.000404,172.31.36.0-255,66,42836,17,335139
47617,0.000437,74.125.24.0-255,5379,48215,17,335139
47618,0.000441,172.31.36.0-255,66,48281,17,335139
47619,0.000478,74.125.24.0-255,1484,49765,17,335139
47620,0.000481,172.31.36.0-255,66,49831,17,335139
47621,0.000508,74.125.24.0-255,2902,52733,17,335139
47622,0.000511,172.31.36.0-255,66,52799,17,335139
47623,0.000517,74.125.24.0-255,4320,57119,17,335139
47624,0.000518,172.31.36.0-255,66,57185,17,335139
47625,0.00056,74.125.24.0-255,5738,62923,17,335139
47626,0.000563,172.31.36.0-255,66,62989,17,335139
47627,0.000589,74.125.24.0-255,2543,65532,17,335139
47628,0.000592,172.31.36.0-255,66,65598,17,335139
47629,0.000622,74.125.24.0-255,645,66243,17,335139
47630,0.000771,172.31.36.0-255,66,66309,17,335139
47631,0.001303,74.125.24.0-255,1484,67793,17,335139
47632,0.001321,74.125.24.0-255,2902,70695,17,335139
47633,0.001325,172.31.36.0-255,66,70761,17,335139
47634,0.001331,74.125.24.0-255,5738,76499,17,335139
47635,0.001333,172.31.36.0-255,66,76565,17,335139
47636,0.001373,172.31.36.0-255,66,76631,17,335139
47637,0.001379,74.125.24.0-255,5738,82369,17,335139
47638,0.001381,172.31.36.0-255,66,82435,17,335139
47639,0.00141,74.125.24.0-255,5020,87455,17,335139
47640,0.001412,172.31.36.0-255,66,87521,17,335139
47641,0.001464,74.125.24.0-255,2902,90423,17,335139
47642,0.001467,172.31.36.0-255,66,90489,17,335139
47643,0.001496,74.125.24.0-255,2902,93391,17,335139
47644,0.001499,172.31.36.0-255,66,93457,17,335139
47645,0.001505,74.125.24.0-255,7156,100613,17,335139
47646,0.001507,172.31.36.0-255,66,100679,17,335139
47647,0.001524,172.31.36.0-255,66,100745,17,335139
47648,0.00153,74.125.24.0-255,6438,107183,17,335139
47649,0.001532,172.31.36.0-255,66,107249,17,335139
47650,0.001888,74.125.24.0-255,1484,108733,17,335139
47651,0.001907,74.125.24.0-255,2902,111635,17,335139
47652,0.001911,172.31.36.0-255,66,111701,17,335139
47653,0.001917,74.125.24.0-255,5738,117439,17,335139
47654,0.001919,172.31.36.0-255,66,117505,17,335139
47655,0.001949,74.125.24.0-255,7156,124661,17,335139
47656,0.001953,172.31.36.0-255,66,124727,17,335139
47657,0.001968,172.31.36.0-255,66,124793,17,335139
47658,0.001978,74.125.24.0-255,2184,126977,17,335139
47659,0.00198,172.31.36.0-255,66,127043,17,335139
47660,0.002011,74.125.24.0-255,1484,128527,17,335139
47661,0.002031,74.125.24.0-255,2902,131429,17,335139
47662,0.002034,172.31.36.0-255,66,131495,17,335139
47663,0.002041,74.125.24.0-255,5738,137233,17,335139
47664,0.002043,172.31.36.0-255,66,137299,17,335139
47665,0.002119,172.31.36.0-255,66,137365,17,335139
47666,0.002127,74.125.24.0-255,7156,144521,17,335139
47667,0.002129,172.31.36.0-255,66,144587,17,335139
47668,0.002139,74.125.24.0-255,3602,148189,17,335139
47669,0.002142,172.31.36.0-255,66,148255,17,335139
47670,0.002147,74.125.24.0-255,4320,152575,17,335139
47671,0.00215,172.31.36.0-255,66,152641,17,335139
47672,0.00219,172.31.36.0-255,66,152707,17,335139
47673,0.002205,172.31.36.0-255,66,152773,17,335139
47674,0.002208,74.125.24.0-255,1484,154257,17,335139
47675,0.002243,74.125.24.0-255,3602,157859,17,335139
47676,0.002246,172.31.36.0-255,66,157925,17,335139
47677,0.004448,74.125.24.0-255,5738,163663,17,335139
47678,0.004453,172.31.36.0-255,66,163729,17,335139
47679,0.006661,74.125.24.0-255,5738,169467,17,335139
47680,0.006669,172.31.36.0-255,66,169533,17,335139
47681,0.008859,74.125.24.0-255,4320,173853,17,335139
47682,0.008866,172.31.36.0-255,66,173919,17,335139
47683,0.0089,74.125.24.0-255,1484,175403,17,335139
47684,0.011087,74.125.24.0-255,4320,179723,17,335139
47685,0.011094,172.31.36.0-255,66,179789,17,335139
47686,0.013321,74.125.24.0-255,5738,185527,17,335139
47687,0.013333,172.31.36.0-255,66,185593,17,335139
47688,0.015568,74.125.24.0-255,5738,191331,17,335139
47689,0.015579,172.31.36.0-255,66,191397,17,335139
47690,0.017812,74.125.24.0-255,5738,197135,17,335139
47691,0.01782,172.31.36.0-255,66,197201,17,335139
47692,0.020065,74.125.24.0-255,5738,202939,17,335139
47693,0.020072,172.31.36.0-255,66,203005,17,335139
47694,0.022295,74.125.24.0-255,5738,208743,17,335139
47695,0.022302,172.31.36.0-255,66,208809,17,335139
47696,0.02452,74.125.24.0-255,5738,214547,17,335139
47697,0.024527,172.31.36.0-255,66,214613,17,335139
47698,0.026756,74.125.24.0-255,5738,220351,17,335139
47699,0.026765,172.31.36.0-255,66,220417,17,335139
47700,0.028953,74.125.24.0-255,5738,226155,17,335139
47701,0.028961,172.31.36.0-255,66,226221,17,335139
47702,0.030605,172.31.36.0-255,172,226393,17,335139
47703,0.030654,172.31.36.0-255,1118,227511,17,335139
47704,0.030711,172.31.36.0-255,1514,229025,17,335139
47705,0.030713,172.31.36.0-255,1270,230295,17,335139
47706,0.031199,74.125.24.0-255,5738,236033,17,335139
47707,0.031206,172.31.36.0-255,66,236099,17,335139
47708,0.032159,104.244.42.0-255,66,236165,17,335139
47709,0.032259,104.244.42.0-255,66,236231,17,335139
47710,0.032309,104.244.42.0-255,66,236297,17,335139
47711,0.033393,74.125.24.0-255,5738,242035,17,335139
47712,0.0334,172.31.36.0-255,66,242101,17,335139
47713,0.035616,74.125.24.0-255,5738,247839,17,335139
47714,0.035623,172.31.36.0-255,66,247905,17,335139
47715,0.035887,104.244.42.0-255,108,248013,17,335139
47716,0.035895,172.31.36.0-255,66,248079,17,335139
47717,0.037862,74.125.24.0-255,5738,253817,17,335139
47718,0.037869,172.31.36.0-255,66,253883,17,335139
47719,0.040069,74.125.24.0-255,5738,259621,17,335139
47720,0.040076,172.31.36.0-255,66,259687,17,335139
47721,0.042267,74.125.24.0-255,5738,265425,17,335139
47722,0.042274,172.31.36.0-255,66,265491,17,335139
47723,0.04449,74.125.24.0-255,5738,271229,17,335139
47724,0.044496,172.31.36.0-255,66,271295,17,335139
47725,0.046696,74.125.24.0-255,5738,277033,17,335139
47726,0.046703,172.31.36.0-255,66,277099,17,335139
47727,0.048937,74.125.24.0-255,5738,282837,17,335139
47728,0.048947,172.31.36.0-255,66,282903,17,335139
47729,0.051169,74.125.24.0-255,5738,288641,17,335139
47730,0.051177,172.31.36.0-255,66,288707,17,335139
47731,0.05337,74.125.24.0-255,5738,294445,17,335139
47732,0.053377,172.31.36.0-255,66,294511,17,335139
47733,0.055588,74.125.24.0-255,5738,300249,17,335139
47734,0.055596,172.31.36.0-255,66,300315,17,335139
47735,0.057824,74.125.24.0-255,5738,306053,17,335139
47736,0.057832,172.31.36.0-255,66,306119,17,335139
47737,0.060031,74.125.24.0-255,5738,311857,17,335139
47738,0.060039,172.31.36.0-255,66,311923,17,335139
47739,0.062266,74.125.24.0-255,5738,317661,17,335139
47740,0.062273,172.31.36.0-255,66,317727,17,335139
47741,0.064468,74.125.24.0-255,5738,323465,17,335139
47742,0.064475,172.31.36.0-255,66,323531,17,335139
47743,0.06667,74.125.24.0-255,5738,329269,17,335139
47744,0.066676,172.31.36.0-255,66,329335,17,335139
47745,0.068872,74.125.24.0-255,5738,335073,17,335139
47746,0.068879,172.31.36.0-255,66,335139,17,335139
47747,0.0,172.217.194.0-255,153,153,17,223568
47748,3.3e-05,172.31.36.0-255,66,219,17,223568
47749,4.1e-05,172.217.194.0-255,1484,1703,17,223568
47750,4.5e-05,172.31.36.0-255,66,1769,17,223568
47751,4.8e-05,172.217.194.0-255,1484,3253,17,223568
47752,5e-05,172.31.36.0-255,66,3319,17,223568
47753,8.8e-05,172.217.194.0-255,1484,4803,17,223568
47754,9.1e-05,172.31.36.0-255,66,4869,17,223568
47755,9.9e-05,172.217.194.0-255,5738,10607,17,223568
47756,0.000101,172.31.36.0-255,66,10673,17,223568
47757,0.000106,172.217.194.0-255,3522,14195,17,223568
47758,0.000113,172.31.36.0-255,66,14261,17,223568
47759,0.00029,172.217.194.0-255,1484,15745,17,223568
47760,0.000294,172.31.36.0-255,66,15811,17,223568
47761,0.000299,172.217.194.0-255,1484,17295,17,223568
47762,0.000301,172.31.36.0-255,66,17361,17,223568
47763,0.000326,172.217.194.0-255,1484,18845,17,223568
47764,0.000329,172.31.36.0-255,66,18911,17,223568
47765,0.000334,172.217.194.0-255,2902,21813,17,223568
47766,0.000339,172.31.36.0-255,66,21879,17,223568
47767,0.000346,172.217.194.0-255,7156,29035,17,223568
47768,0.000349,172.31.36.0-255,66,29101,17,223568
47769,0.000387,172.217.194.0-255,5379,34480,17,223568
47770,0.000391,172.31.36.0-255,66,34546,17,223568
47771,0.000398,172.217.194.0-255,5738,40284,17,223568
47772,0.0004,172.31.36.0-255,66,40350,17,223568
47773,0.000424,172.31.36.0-255,66,40416,17,223568
47774,0.000445,172.217.194.0-255,1484,41900,17,223568
47775,0.000449,172.217.194.0-255,2902,44802,17,223568
47776,0.000449,172.31.36.0-255,66,44868,17,223568
47777,0.000453,172.31.36.0-255,66,44934,17,223568
47778,0.000479,172.217.194.0-255,4320,49254,17,223568
47779,0.000482,172.31.36.0-255,66,49320,17,223568
47780,0.000495,172.217.194.0-255,5020,54340,17,223568
47781,0.000498,172.31.36.0-255,66,54406,17,223568
47782,0.0005,172.217.194.0-255,340,54746,17,223568
47783,0.000503,172.31.36.0-255,66,54812,17,223568
47784,0.000545,172.217.194.0-255,118,54930,17,223568
47785,0.000799,172.31.36.0-255,66,54996,17,223568
47786,0.00122,172.217.194.0-255,1484,56480,17,223568
47787,0.001227,172.31.36.0-255,66,56546,17,223568
47788,0.001236,172.217.194.0-255,2902,59448,17,223568
47789,0.001238,172.31.36.0-255,66,59514,17,223568
47790,0.001252,172.217.194.0-255,5738,65252,17,223568
47791,0.001283,172.217.194.0-255,2902,68154,17,223568
47792,0.001308,172.217.194.0-255,1484,69638,17,223568
47793,0.001351,172.217.194.0-255,1484,71122,17,223568
47794,0.001373,172.217.194.0-255,5738,76860,17,223568
47795,0.00141,172.217.194.0-255,4320,81180,17,223568
47796,0.001452,172.217.194.0-255,1484,82664,17,223568
47797,0.001473,172.217.194.0-255,5738,88402,17,223568
47798,0.001496,172.217.194.0-255,6753,95155,17,223568
47799,0.001536,172.217.194.0-255,1484,96639,17,223568
47800,0.001541,172.217.194.0-255,2902,99541,17,223568
47801,0.001576,172.217.194.0-255,2902,102443,17,223568
47802,0.001586,172.217.194.0-255,1484,103927,17,223568
47803,0.001597,172.217.194.0-255,1484,105411,17,223568
47804,0.001602,172.217.194.0-255,2902,108313,17,223568
47805,0.00162,172.217.194.0-255,4320,112633,17,223568
47806,0.001656,172.217.194.0-255,1484,114117,17,223568
47807,0.001688,172.217.194.0-255,2184,116301,17,223568
47808,0.001866,172.217.194.0-255,1484,117785,17,223568
47809,0.00187,172.217.194.0-255,2902,120687,17,223568
47810,0.001874,172.217.194.0-255,2902,123589,17,223568
47811,0.00189,172.217.194.0-255,2902,126491,17,223568
47812,0.001894,172.217.194.0-255,2902,129393,17,223568
47813,0.001946,172.217.194.0-255,1484,130877,17,223568
47814,0.00196,172.217.194.0-255,4320,135197,17,223568
47815,0.001979,172.217.194.0-255,4320,139517,17,223568
47816,0.001988,172.217.194.0-255,766,140283,17,223568
47817,0.002,172.217.194.0-255,1484,141767,17,223568
47818,0.002019,172.217.194.0-255,1484,143251,17,223568
47819,0.002034,172.217.194.0-255,1484,144735,17,223568
47820,0.002039,172.217.194.0-255,5738,150473,17,223568
47821,0.002044,172.217.194.0-255,4320,154793,17,223568
47822,0.002093,172.217.194.0-255,1484,156277,17,223568
47823,0.002114,172.217.194.0-255,7156,163433,17,223568
47824,0.002128,172.217.194.0-255,2184,165617,17,223568
47825,0.002144,172.217.194.0-255,2902,168519,17,223568
47826,0.002209,172.217.194.0-255,2902,171421,17,223568
47827,0.002337,172.217.194.0-255,4320,175741,17,223568
47828,0.002392,172.217.194.0-255,1484,177225,17,223568
47829,0.002421,172.217.194.0-255,4320,181545,17,223568
47830,0.002438,172.217.194.0-255,3602,185147,17,223568
47831,0.002464,172.217.194.0-255,4320,189467,17,223568
47832,0.002527,172.217.194.0-255,6438,195905,17,223568
47833,0.002609,172.217.194.0-255,2902,198807,17,223568
47834,0.002646,172.217.194.0-255,2902,201709,17,223568
47835,0.002657,172.217.194.0-255,2902,204611,17,223568
47836,0.00273,172.217.194.0-255,5020,209631,17,223568
47837,0.002843,172.217.194.0-255,2902,212533,17,223568
47838,0.002892,172.217.194.0-255,1484,214017,17,223568
47839,0.002909,172.217.194.0-255,4858,218875,17,223568
47840,0.007274,172.31.36.0-255,66,218941,17,223568
47841,0.010201,172.31.36.0-255,105,219046,17,223568
47842,0.01287,172.217.194.0-255,66,219112,17,223568
47843,0.029612,172.31.36.0-255,182,219294,17,223568
47844,0.029644,172.31.36.0-255,1117,220411,17,223568
47845,0.029682,172.31.36.0-255,1514,221925,17,223568
47846,0.029683,172.31.36.0-255,1271,223196,17,223568
47847,0.031178,104.244.42.0-255,66,223262,17,223568
47848,0.031198,104.244.42.0-255,66,223328,17,223568
47849,0.031267,104.244.42.0-255,66,223394,17,223568
47850,0.035489,104.244.42.0-255,108,223502,17,223568
47851,0.035513,172.31.36.0-255,66,223568,17,223568
47852,0.0,74.125.130.0-255,143,143,17,316500
47853,3.3e-05,172.31.36.0-255,66,209,17,316500
47854,4e-05,74.125.130.0-255,1484,1693,17,316500
47855,4.5e-05,172.31.36.0-255,66,1759,17,316500
47856,5e-05,74.125.130.0-255,2902,4661,17,316500
47857,5.2e-05,172.31.36.0-255,66,4727,17,316500
47858,5.9e-05,74.125.130.0-255,7156,11883,17,316500
47859,6.2e-05,172.31.36.0-255,66,11949,17,316500
47860,6.9e-05,74.125.130.0-255,5738,17687,17,316500
47861,7.2e-05,172.31.36.0-255,66,17753,17,316500
47862,9.5e-05,74.125.130.0-255,2031,19784,17,316500
47863,9.8e-05,172.31.36.0-255,66,19850,17,316500
47864,0.000112,172.31.36.0-255,66,19916,17,316500
47865,0.000249,74.125.130.0-255,1484,21400,17,316500
47866,0.000253,172.31.36.0-255,66,21466,17,316500
47867,0.000259,74.125.130.0-255,2902,24368,17,316500
47868,0.000261,172.31.36.0-255,66,24434,17,316500
47869,0.000276,74.125.130.0-255,5738,30172,17,316500
47870,0.000282,172.31.36.0-255,66,30238,17,316500
47871,0.000299,74.125.130.0-255,4320,34558,17,316500
47872,0.000303,172.31.36.0-255,66,34624,17,316500
47873,0.000327,74.125.130.0-255,2543,37167,17,316500
47874,0.00033,172.31.36.0-255,66,37233,17,316500
47875,0.000337,74.125.130.0-255,7156,44389,17,316500
47876,0.000339,172.31.36.0-255,66,44455,17,316500
47877,0.000363,74.125.130.0-255,7156,51611,17,316500
47878,0.000367,172.31.36.0-255,66,51677,17,316500
47879,0.000385,74.125.130.0-255,2793,54470,17,316500
47880,0.000388,172.31.36.0-255,66,54536,17,316500
47881,0.000788,74.125.130.0-255,123,54659,17,316500
47882,0.000793,172.31.36.0-255,66,54725,17,316500
47883,0.000827,74.125.130.0-255,1484,56209,17,316500
47884,0.000845,74.125.130.0-255,2902,59111,17,316500
47885,0.000848,74.125.130.0-255,1484,60595,17,316500
47886,0.000857,172.31.36.0-255,66,60661,17,316500
47887,0.00086,74.125.130.0-255,2902,63563,17,316500
47888,0.000873,172.31.36.0-255,66,63629,17,316500
47889,0.000878,74.125.130.0-255,4320,67949,17,316500
47890,0.000899,74.125.130.0-255,4320,72269,17,316500
47891,0.000903,172.31.36.0-255,66,72335,17,316500
47892,0.000948,74.125.130.0-255,5738,78073,17,316500
47893,0.000953,74.125.130.0-255,2902,80975,17,316500
47894,0.000956,172.31.36.0-255,66,81041,17,316500
47895,0.000961,172.31.36.0-255,66,81107,17,316500
47896,0.000971,74.125.130.0-255,4320,85427,17,316500
47897,0.00098,172.31.36.0-255,66,85493,17,316500
47898,0.000998,74.125.130.0-255,3602,89095,17,316500
47899,0.001007,172.31.36.0-255,66,89161,17,316500
47900,0.001025,74.125.130.0-255,379,89540,17,316500
47901,0.001155,172.31.36.0-255,66,89606,17,316500
47902,0.00133,74.125.130.0-255,1484,91090,17,316500
47903,0.001339,74.125.130.0-255,2902,93992,17,316500
47904,0.001362,74.125.130.0-255,5738,99730,17,316500
47905,0.001376,74.125.130.0-255,2902,102632,17,316500
47906,0.001401,74.125.130.0-255,5738,108370,17,316500
47907,0.001413,74.125.130.0-255,1484,109854,17,316500
47908,0.001441,74.125.130.0-255,3602,113456,17,316500
47909,0.001468,74.125.130.0-255,2902,116358,17,316500
47910,0.001484,74.125.130.0-255,1484,117842,17,316500
47911,0.001487,74.125.130.0-255,1484,119326,17,316500
47912,0.001512,74.125.130.0-255,2902,122228,17,316500
47913,0.001529,74.125.130.0-255,5738,127966,17,316500
47914,0.00154,74.125.130.0-255,2902,130868,17,316500
47915,0.001546,74.125.130.0-255,5738,136606,17,316500
47916,0.001563,74.125.130.0-255,2184,138790,17,316500
47917,0.001889,74.125.130.0-255,1484,140274,17,316500
47918,0.001896,74.125.130.0-255,1484,141758,17,316500
47919,0.001906,74.125.130.0-255,1484,143242,17,316500
47920,0.001918,74.125.130.0-255,1484,144726,17,316500
47921,0.001939,74.125.130.0-255,2902,147628,17,316500
47922,0.001945,74.125.130.0-255,5738,153366,17,316500
47923,0.001951,74.125.130.0-255,5738,159104,17,316500
47924,0.001974,74.125.130.0-255,7156,166260,17,316500
47925,0.001995,74.125.130.0-255,6438,172698,17,316500
47926,0.006714,172.31.36.0-255,66,172764,17,316500
47927,0.009323,74.125.130.0-255,5738,178502,17,316500
47928,0.009331,172.31.36.0-255,66,178568,17,316500
47929,0.011889,74.125.130.0-255,5738,184306,17,316500
47930,0.011897,172.31.36.0-255,66,184372,17,316500
47931,0.014455,74.125.130.0-255,5738,190110,17,316500
47932,0.014466,172.31.36.0-255,66,190176,17,316500
47933,0.017033,74.125.130.0-255,5738,195914,17,316500
47934,0.017043,172.31.36.0-255,66,195980,17,316500
47935,0.019591,74.125.130.0-255,5738,201718,17,316500
47936,0.0196,172.31.36.0-255,66,201784,17,316500
47937,0.022168,74.125.130.0-255,5738,207522,17,316500
47938,0.022175,172.31.36.0-255,66,207588,17,316500
47939,0.024729,74.125.130.0-255,5738,213326,17,316500
47940,0.024737,172.31.36.0-255,66,213392,17,316500
47941,0.027289,74.125.130.0-255,5738,219130,17,316500
47942,0.027294,172.31.36.0-255,66,219196,17,316500
47943,0.027498,172.31.36.0-255,172,219368,17,316500
47944,0.02753,172.31.36.0-255,1116,220484,17,316500
47945,0.027564,172.31.36.0-255,1514,221998,17,316500
47946,0.027566,172.31.36.0-255,1514,223512,17,316500
47947,0.027573,172.31.36.0-255,1514,225026,17,316500
47948,0.027574,172.31.36.0-255,1050,226076,17,316500
47949,0.029056,104.244.42.0-255,66,226142,17,316500
47950,0.029087,104.244.42.0-255,66,226208,17,316500
47951,0.029139,104.244.42.0-255,66,226274,17,316500
47952,0.029143,104.244.42.0-255,66,226340,17,316500
47953,0.029836,74.125.130.0-255,5738,232078,17,316500
47954,0.02984,172.31.36.0-255,66,232144,17,316500
47955,0.032439,74.125.130.0-255,5738,237882,17,316500
47956,0.032445,172.31.36.0-255,66,237948,17,316500
47957,0.035001,74.125.130.0-255,5738,243686,17,316500
47958,0.035006,172.31.36.0-255,66,243752,17,316500
47959,0.037591,74.125.130.0-255,5738,249490,17,316500
47960,0.037597,172.31.36.0-255,66,249556,17,316500
47961,0.040156,74.125.130.0-255,5738,255294,17,316500
47962,0.040161,172.31.36.0-255,66,255360,17,316500
47963,0.042719,74.125.130.0-255,5738,261098,17,316500
47964,0.042743,172.31.36.0-255,66,261164,17,316500
47965,0.04533,74.125.130.0-255,5738,266902,17,316500
47966,0.045337,172.31.36.0-255,66,266968,17,316500
47967,0.04788,74.125.130.0-255,5738,272706,17,316500
47968,0.047885,172.31.36.0-255,66,272772,17,316500
47969,0.050428,74.125.130.0-255,4320,277092,17,316500
47970,0.050433,172.31.36.0-255,66,277158,17,316500
47971,0.05046,74.125.130.0-255,1484,278642,17,316500
47972,0.052992,74.125.130.0-255,4320,282962,17,316500
47973,0.052997,172.31.36.0-255,66,283028,17,316500
47974,0.055545,74.125.130.0-255,4320,287348,17,316500
47975,0.055552,172.31.36.0-255,66,287414,17,316500
47976,0.055582,74.125.130.0-255,1484,288898,17,316500
47977,0.05811,74.125.130.0-255,4320,293218,17,316500
47978,0.058115,172.31.36.0-255,66,293284,17,316500
47979,0.060666,74.125.130.0-255,5738,299022,17,316500
47980,0.060725,172.31.36.0-255,66,299088,17,316500
47981,0.063289,74.125.130.0-255,5738,304826,17,316500
47982,0.063296,172.31.36.0-255,66,304892,17,316500
47983,0.065851,74.125.130.0-255,5738,310630,17,316500
47984,0.065857,172.31.36.0-255,66,310696,17,316500
47985,0.068424,74.125.130.0-255,5738,316434,17,316500
47986,0.068428,172.31.36.0-255,66,316500,17,316500
47987,0.0,74.125.24.0-255,153,153,17,154265
47988,2.3e-05,172.31.36.0-255,66,219,17,154265
47989,5.2e-05,74.125.24.0-255,1484,1703,17,154265
47990,5.6e-05,172.31.36.0-255,66,1769,17,154265
47991,6.2e-05,74.125.24.0-255,2902,4671,17,154265
47992,6.5e-05,172.31.36.0-255,66,4737,17,154265
47993,6.8e-05,74.125.24.0-255,1484,6221,17,154265
47994,7.1e-05,172.31.36.0-255,66,6287,17,154265
47995,7.8e-05,74.125.24.0-255,5738,12025,17,154265
47996,8.1e-05,172.31.36.0-255,66,12091,17,154265
47997,0.000121,172.31.36.0-255,66,12157,17,154265
47998,0.000144,74.125.24.0-255,1484,13641,17,154265
47999,0.000147,172.31.36.0-255,66,13707,17,154265
48000,0.000168,74.125.24.0-255,3961,17668,17,154265
48001,0.000172,172.31.36.0-255,66,17734,17,154265
48002,0.00021,74.125.24.0-255,1484,19218,17,154265
48003,0.000213,172.31.36.0-255,66,19284,17,154265
48004,0.000217,74.125.24.0-255,1484,20768,17,154265
48005,0.000219,172.31.36.0-255,66,20834,17,154265
48006,0.000238,74.125.24.0-255,1484,22318,17,154265
48007,0.00024,172.31.36.0-255,66,22384,17,154265
48008,0.00025,74.125.24.0-255,5738,28122,17,154265
48009,0.000254,172.31.36.0-255,66,28188,17,154265
48010,0.000267,172.31.36.0-255,66,28254,17,154265
48011,0.00034,74.125.24.0-255,5738,33992,17,154265
48012,0.000346,172.31.36.0-255,66,34058,17,154265
48013,0.000382,172.31.36.0-255,66,34124,17,154265
48014,0.000385,74.125.24.0-255,128,34252,17,154265
48015,0.000386,172.31.36.0-255,66,34318,17,154265
48016,0.0005,74.125.24.0-255,1484,35802,17,154265
48017,0.000522,74.125.24.0-255,2902,38704,17,154265
48018,0.000526,172.31.36.0-255,66,38770,17,154265
48019,0.000533,74.125.24.0-255,5738,44508,17,154265
48020,0.000536,172.31.36.0-255,66,44574,17,154265
48021,0.000544,74.125.24.0-255,1484,46058,17,154265
48022,0.000587,172.31.36.0-255,66,46124,17,154265
48023,0.000594,74.125.24.0-255,7156,53280,17,154265
48024,0.000597,172.31.36.0-255,66,53346,17,154265
48025,0.00063,74.125.24.0-255,3602,56948,17,154265
48026,0.000634,172.31.36.0-255,66,57014,17,154265
48027,0.000662,74.125.24.0-255,1484,58498,17,154265
48028,0.000665,74.125.24.0-255,1484,59982,17,154265
48029,0.000668,172.31.36.0-255,66,60048,17,154265
48030,0.000695,74.125.24.0-255,1484,61532,17,154265
48031,0.000702,74.125.24.0-255,5738,67270,17,154265
48032,0.000705,172.31.36.0-255,66,67336,17,154265
48033,0.000712,74.125.24.0-255,5738,73074,17,154265
48034,0.000715,172.31.36.0-255,66,73140,17,154265
48035,0.000745,74.125.24.0-255,2249,75389,17,154265
48036,0.000753,172.31.36.0-255,66,75455,17,154265
48037,0.000757,172.31.36.0-255,66,75521,17,154265
48038,0.000795,172.31.36.0-255,66,75587,17,154265
48039,0.00083,172.31.36.0-255,66,75653,17,154265
48040,0.000838,74.125.24.0-255,5020,80673,17,154265
48041,0.00084,172.31.36.0-255,66,80739,17,154265
48042,0.000851,172.31.36.0-255,66,80805,17,154265
48043,0.000865,172.31.36.0-255,66,80871,17,154265
48044,0.000877,172.31.36.0-255,66,80937,17,154265
48045,0.000908,74.125.24.0-255,2184,83121,17,154265
48046,0.000913,172.31.36.0-255,66,83187,17,154265
48047,0.001337,74.125.24.0-255,1484,84671,17,154265
48048,0.001354,74.125.24.0-255,2902,87573,17,154265
48049,0.001357,172.31.36.0-255,66,87639,17,154265
48050,0.001363,74.125.24.0-255,4320,91959,17,154265
48051,0.001366,172.31.36.0-255,66,92025,17,154265
48052,0.00139,74.125.24.0-255,1484,93509,17,154265
48053,0.001411,172.31.36.0-255,66,93575,17,154265
48054,0.001414,74.125.24.0-255,1484,95059,17,154265
48055,0.001446,172.31.36.0-255,66,95125,17,154265
48056,0.001752,74.125.24.0-255,1484,96609,17,154265
48057,0.001758,74.125.24.0-255,2902,99511,17,154265
48058,0.001762,172.31.36.0-255,66,99577,17,154265
48059,0.001767,74.125.24.0-255,2902,102479,17,154265
48060,0.001769,172.31.36.0-255,66,102545,17,154265
48061,0.001794,74.125.24.0-255,2902,105447,17,154265
48062,0.001797,172.31.36.0-255,66,105513,17,154265
48063,0.001804,74.125.24.0-255,5738,111251,17,154265
48064,0.001809,172.31.36.0-255,66,111317,17,154265
48065,0.001838,74.125.24.0-255,7156,118473,17,154265
48066,0.001841,172.31.36.0-255,66,118539,17,154265
48067,0.001853,172.31.36.0-255,66,118605,17,154265
48068,0.001917,74.125.24.0-255,1484,120089,17,154265
48069,0.001923,74.125.24.0-255,2902,122991,17,154265
48070,0.001927,74.125.24.0-255,2902,125893,17,154265
48071,0.001927,172.31.36.0-255,66,125959,17,154265
48072,0.001931,172.31.36.0-255,66,126025,17,154265
48073,0.001965,74.125.24.0-255,2902,128927,17,154265
48074,0.001968,172.31.36.0-255,66,128993,17,154265
48075,0.001983,172.31.36.0-255,66,129059,17,154265
48076,0.001994,172.31.36.0-255,66,129125,17,154265
48077,0.002022,74.125.24.0-255,7156,136281,17,154265
48078,0.002026,172.31.36.0-255,66,136347,17,154265
48079,0.002065,172.31.36.0-255,66,136413,17,154265
48080,0.002072,74.125.24.0-255,7156,143569,17,154265
48081,0.002075,172.31.36.0-255,66,143635,17,154265
48082,0.002161,172.31.36.0-255,66,143701,17,154265
48083,0.002184,172.31.36.0-255,66,143767,17,154265
48084,0.002189,74.125.24.0-255,4320,148087,17,154265
48085,0.002192,172.31.36.0-255,66,148153,17,154265
48086,0.002244,172.31.36.0-255,66,148219,17,154265
48087,0.002261,172.31.36.0-255,66,148285,17,154265
48088,0.002271,172.31.36.0-255,66,148351,17,154265
48089,0.002274,74.125.24.0-255,592,148943,17,154265
48090,0.004516,74.125.24.0-255,105,149048,17,154265
48091,0.007667,172.31.36.0-255,66,149114,17,154265
48092,0.007693,172.31.36.0-255,105,149219,17,154265
48093,0.009918,74.125.24.0-255,66,149285,17,154265
48094,0.032942,172.31.36.0-255,172,149457,17,154265
48095,0.03297,172.31.36.0-255,1119,150576,17,154265
48096,0.033015,172.31.36.0-255,1514,152090,17,154265
48097,0.033017,172.31.36.0-255,1514,153604,17,154265
48098,0.033018,172.31.36.0-255,397,154001,17,154265
48099,0.034519,104.244.42.0-255,66,154067,17,154265
48100,0.034527,104.244.42.0-255,66,154133,17,154265
48101,0.034601,104.244.42.0-255,66,154199,17,154265
48102,0.034604,104.244.42.0-255,66,154265,17,154265
48103,0.0,172.217.194.0-255,153,153,17,183291
48104,1.6e-05,172.31.36.0-255,66,219,17,183291
48105,2.2e-05,172.217.194.0-255,1484,1703,17,183291
48106,2.6e-05,172.31.36.0-255,66,1769,17,183291
48107,3.2e-05,172.217.194.0-255,2902,4671,17,183291
48108,4.3e-05,172.31.36.0-255,66,4737,17,183291
48109,5.2e-05,172.217.194.0-255,7156,11893,17,183291
48110,5.5e-05,172.31.36.0-255,66,11959,17,183291
48111,6.1e-05,172.217.194.0-255,3457,15416,17,183291
48112,6.4e-05,172.31.36.0-255,66,15482,17,183291
48113,0.000108,172.31.36.0-255,66,15548,17,183291
48114,0.000112,172.217.194.0-255,2543,18091,17,183291
48115,0.000115,172.31.36.0-255,66,18157,17,183291
48116,0.000206,172.217.194.0-255,1484,19641,17,183291
48117,0.00021,172.31.36.0-255,66,19707,17,183291
48118,0.000214,172.217.194.0-255,2902,22609,17,183291
48119,0.000217,172.31.36.0-255,66,22675,17,183291
48120,0.000238,172.217.194.0-255,5738,28413,17,183291
48121,0.00024,172.31.36.0-255,66,28479,17,183291
48122,0.000281,172.31.36.0-255,66,28545,17,183291
48123,0.00033,172.31.36.0-255,66,28611,17,183291
48124,0.000353,172.217.194.0-255,402,29013,17,183291
48125,0.000355,172.31.36.0-255,66,29079,17,183291
48126,0.00042,172.217.194.0-255,1484,30563,17,183291
48127,0.000423,172.31.36.0-255,66,30629,17,183291
48128,0.00043,172.217.194.0-255,2902,33531,17,183291
48129,0.000432,172.31.36.0-255,66,33597,17,183291
48130,0.000443,172.217.194.0-255,5738,39335,17,183291
48131,0.000445,172.31.36.0-255,66,39401,17,183291
48132,0.000483,172.31.36.0-255,66,39467,17,183291
48133,0.000509,172.217.194.0-255,2902,42369,17,183291
48134,0.000512,172.31.36.0-255,66,42435,17,183291
48135,0.000547,172.31.36.0-255,66,42501,17,183291
48136,0.000551,172.217.194.0-255,1484,43985,17,183291
48137,0.000573,172.217.194.0-255,2902,46887,17,183291
48138,0.000576,172.31.36.0-255,66,46953,17,183291
48139,0.000582,172.217.194.0-255,5738,52691,17,183291
48140,0.000585,172.31.36.0-255,66,52757,17,183291
48141,0.000618,172.31.36.0-255,66,52823,17,183291
48142,0.000655,172.217.194.0-255,7156,59979,17,183291
48143,0.000658,172.31.36.0-255,66,60045,17,183291
48144,0.000681,172.217.194.0-255,3602,63647,17,183291
48145,0.000683,172.31.36.0-255,66,63713,17,183291
48146,0.000716,172.217.194.0-255,1484,65197,17,183291
48147,0.00072,172.217.194.0-255,1484,66681,17,183291
48148,0.000722,172.31.36.0-255,66,66747,17,183291
48149,0.000748,172.217.194.0-255,1484,68231,17,183291
48150,0.000755,172.217.194.0-255,5738,73969,17,183291
48151,0.000757,172.31.36.0-255,66,74035,17,183291
48152,0.000784,172.217.194.0-255,4320,78355,17,183291
48153,0.000786,172.31.36.0-255,66,78421,17,183291
48154,0.000815,172.217.194.0-255,2902,81323,17,183291
48155,0.000818,172.31.36.0-255,66,81389,17,183291
48156,0.000828,172.31.36.0-255,66,81455,17,183291
48157,0.000845,172.31.36.0-255,66,81521,17,183291
48158,0.000968,172.217.194.0-255,1484,83005,17,183291
48159,0.000985,172.217.194.0-255,2902,85907,17,183291
48160,0.000989,172.31.36.0-255,66,85973,17,183291
48161,0.001012,172.217.194.0-255,5738,91711,17,183291
48162,0.001015,172.31.36.0-255,66,91777,17,183291
48163,0.001051,172.31.36.0-255,66,91843,17,183291
48164,0.00108,172.217.194.0-255,4320,96163,17,183291
48165,0.001084,172.31.36.0-255,66,96229,17,183291
48166,0.001118,172.31.36.0-255,66,96295,17,183291
48167,0.001121,172.217.194.0-255,766,97061,17,183291
48168,0.001151,172.217.194.0-255,1484,98545,17,183291
48169,0.001154,172.31.36.0-255,66,98611,17,183291
48170,0.001159,172.217.194.0-255,2902,101513,17,183291
48171,0.001161,172.31.36.0-255,66,101579,17,183291
48172,0.001173,172.217.194.0-255,5738,107317,17,183291
48173,0.001176,172.31.36.0-255,66,107383,17,183291
48174,0.001189,172.31.36.0-255,66,107449,17,183291
48175,0.001214,172.217.194.0-255,1484,108933,17,183291
48176,0.001216,172.217.194.0-255,1484,110417,17,183291
48177,0.001219,172.217.194.0-255,1484,111901,17,183291
48178,0.001224,172.31.36.0-255,66,111967,17,183291
48179,0.001272,172.31.36.0-255,66,112033,17,183291
48180,0.001276,172.217.194.0-255,1484,113517,17,183291
48181,0.001301,172.31.36.0-255,66,113583,17,183291
48182,0.001307,172.217.194.0-255,5020,118603,17,183291
48183,0.00131,172.31.36.0-255,66,118669,17,183291
48184,0.001353,172.31.36.0-255,66,118735,17,183291
48185,0.001402,172.31.36.0-255,66,118801,17,183291
48186,0.001407,172.217.194.0-255,3602,122403,17,183291
48187,0.001409,172.31.36.0-255,66,122469,17,183291
48188,0.001485,172.217.194.0-255,1484,123953,17,183291
48189,0.00149,172.217.194.0-255,2902,126855,17,183291
48190,0.001493,172.31.36.0-255,66,126921,17,183291
48191,0.001523,172.217.194.0-255,5738,132659,17,183291
48192,0.001527,172.31.36.0-255,66,132725,17,183291
48193,0.001572,172.217.194.0-255,4320,137045,17,183291
48194,0.001574,172.31.36.0-255,66,137111,17,183291
48195,0.001608,172.217.194.0-255,5738,142849,17,183291
48196,0.001612,172.31.36.0-255,66,142915,17,183291
48197,0.001625,172.31.36.0-255,66,142981,17,183291
48198,0.001629,172.217.194.0-255,2184,145165,17,183291
48199,0.001631,172.31.36.0-255,66,145231,17,183291
48200,0.001635,172.217.194.0-255,2902,148133,17,183291
48201,0.001638,172.31.36.0-255,66,148199,17,183291
48202,0.001645,172.217.194.0-255,7156,155355,17,183291
48203,0.001647,172.31.36.0-255,66,155421,17,183291
48204,0.001653,172.217.194.0-255,5738,161159,17,183291
48205,0.001656,172.31.36.0-255,66,161225,17,183291
48206,0.00166,172.217.194.0-255,2902,164127,17,183291
48207,0.001663,172.31.36.0-255,66,164193,17,183291
48208,0.001714,172.31.36.0-255,66,164259,17,183291
48209,0.001719,172.217.194.0-255,3602,167861,17,183291
48210,0.001721,172.31.36.0-255,66,167927,17,183291
48211,0.001726,172.217.194.0-255,4320,172247,17,183291
48212,0.001729,172.31.36.0-255,66,172313,17,183291
48213,0.00174,172.31.36.0-255,66,172379,17,183291
48214,0.001746,172.217.194.0-255,4320,176699,17,183291
48215,0.001748,172.31.36.0-255,66,176765,17,183291
48216,0.001787,172.31.36.0-255,66,176831,17,183291
48217,0.001791,172.217.194.0-255,1484,178315,17,183291
48218,0.001826,172.31.36.0-255,66,178381,17,183291
48219,0.001829,172.217.194.0-255,97,178478,17,183291
48220,0.001862,172.217.194.0-255,105,178583,17,183291
48221,0.009428,172.31.36.0-255,66,178649,17,183291
48222,0.009473,172.31.36.0-255,105,178754,17,183291
48223,0.011461,172.217.194.0-255,105,178859,17,183291
48224,0.011471,172.31.36.0-255,78,178937,17,183291
48225,0.011703,172.217.194.0-255,66,179003,17,183291
48226,0.030646,172.31.36.0-255,188,179191,17,183291
48227,0.030682,172.31.36.0-255,961,180152,17,183291
48228,0.030749,172.31.36.0-255,1514,181666,17,183291
48229,0.030751,172.31.36.0-255,1427,183093,17,183291
48230,0.03225,104.244.42.0-255,66,183159,17,183291
48231,0.032291,104.244.42.0-255,66,183225,17,183291
48232,0.032355,104.244.42.0-255,66,183291,17,183291
48233,0.0,74.125.68.0-255,153,153,17,229333
48234,2.3e-05,172.31.36.0-255,66,219,17,229333
48235,3e-05,74.125.68.0-255,1484,1703,17,229333
48236,3.4e-05,172.31.36.0-255,66,1769,17,229333
48237,4.1e-05,74.125.68.0-255,2902,4671,17,229333
48238,4.5e-05,172.31.36.0-255,66,4737,17,229333
48239,8e-05,74.125.68.0-255,5738,10475,17,229333
48240,8.3e-05,172.31.36.0-255,66,10541,17,229333
48241,0.000173,74.125.68.0-255,3503,14044,17,229333
48242,0.000177,172.31.36.0-255,66,14110,17,229333
48243,0.000414,74.125.68.0-255,1484,15594,17,229333
48244,0.00042,172.31.36.0-255,66,15660,17,229333
48245,0.000436,74.125.68.0-255,2902,18562,17,229333
48246,0.00044,172.31.36.0-255,66,18628,17,229333
48247,0.000459,74.125.68.0-255,5738,24366,17,229333
48248,0.000462,172.31.36.0-255,66,24432,17,229333
48249,0.000552,74.125.68.0-255,2902,27334,17,229333
48250,0.000556,172.31.36.0-255,66,27400,17,229333
48251,0.000603,74.125.68.0-255,3961,31361,17,229333
48252,0.000607,172.31.36.0-255,66,31427,17,229333
48253,0.000672,74.125.68.0-255,5738,37165,17,229333
48254,0.000676,172.31.36.0-255,66,37231,17,229333
48255,0.000695,74.125.68.0-255,2902,40133,17,229333
48256,0.000697,172.31.36.0-255,66,40199,17,229333
48257,0.000844,74.125.68.0-255,5738,45937,17,229333
48258,0.000848,172.31.36.0-255,66,46003,17,229333
48259,0.000866,74.125.68.0-255,2543,48546,17,229333
48260,0.000868,172.31.36.0-255,66,48612,17,229333
48261,0.00148,74.125.68.0-255,1484,50096,17,229333
48262,0.001487,172.31.36.0-255,66,50162,17,229333
48263,0.001497,74.125.68.0-255,2902,53064,17,229333
48264,0.0015,172.31.36.0-255,66,53130,17,229333
48265,0.001539,74.125.68.0-255,5738,58868,17,229333
48266,0.001542,172.31.36.0-255,66,58934,17,229333
48267,0.001637,74.125.68.0-255,4320,63254,17,229333
48268,0.001641,172.31.36.0-255,66,63320,17,229333
48269,0.001661,74.125.68.0-255,2543,65863,17,229333
48270,0.001663,172.31.36.0-255,66,65929,17,229333
48271,0.001776,74.125.68.0-255,7156,73085,17,229333
48272,0.001781,172.31.36.0-255,66,73151,17,229333
48273,0.001892,172.31.36.0-255,66,73217,17,229333
48274,0.002039,74.125.68.0-255,4320,77537,17,229333
48275,0.002043,172.31.36.0-255,66,77603,17,229333
48276,0.002075,172.31.36.0-255,66,77669,17,229333
48277,0.002327,74.125.68.0-255,288,77957,17,229333
48278,0.002366,74.125.68.0-255,1484,79441,17,229333
48279,0.002369,172.31.36.0-255,66,79507,17,229333
48280,0.002406,172.31.36.0-255,66,79573,17,229333
48281,0.002721,74.125.68.0-255,5738,85311,17,229333
48282,0.002725,172.31.36.0-255,66,85377,17,229333
48283,0.002752,172.31.36.0-255,66,85443,17,229333
48284,0.002975,172.31.36.0-255,66,85509,17,229333
48285,0.003018,172.31.36.0-255,66,85575,17,229333
48286,0.003619,74.125.68.0-255,5738,91313,17,229333
48287,0.003621,172.31.36.0-255,66,91379,17,229333
48288,0.003663,172.31.36.0-255,66,91445,17,229333
48289,0.00659,172.31.36.0-255,66,91511,17,229333
48290,0.009225,74.125.68.0-255,5738,97249,17,229333
48291,0.009232,172.31.36.0-255,66,97315,17,229333
48292,0.011854,74.125.68.0-255,5738,103053,17,229333
48293,0.011863,172.31.36.0-255,66,103119,17,229333
48294,0.014504,74.125.68.0-255,5738,108857,17,229333
48295,0.014516,172.31.36.0-255,66,108923,17,229333
48296,0.017143,74.125.68.0-255,5738,114661,17,229333
48297,0.017151,172.31.36.0-255,66,114727,17,229333
48298,0.01977,74.125.68.0-255,5738,120465,17,229333
48299,0.019778,172.31.36.0-255,66,120531,17,229333
48300,0.022422,74.125.68.0-255,5738,126269,17,229333
48301,0.022431,172.31.36.0-255,66,126335,17,229333
48302,0.025068,74.125.68.0-255,5738,132073,17,229333
48303,0.02508,172.31.36.0-255,66,132139,17,229333
48304,0.027702,74.125.68.0-255,1484,133623,17,229333
48305,0.027763,74.125.68.0-255,4320,137943,17,229333
48306,0.027769,172.31.36.0-255,66,138009,17,229333
48307,0.028623,172.31.36.0-255,164,138173,17,229333
48308,0.028655,172.31.36.0-255,1124,139297,17,229333
48309,0.028713,172.31.36.0-255,1514,140811,17,229333
48310,0.028715,172.31.36.0-255,1264,142075,17,229333
48311,0.030158,104.244.42.0-255,66,142141,17,229333
48312,0.03021,104.244.42.0-255,66,142207,17,229333
48313,0.030251,104.244.42.0-255,66,142273,17,229333
48314,0.030391,74.125.68.0-255,5738,148011,17,229333
48315,0.030397,172.31.36.0-255,66,148077,17,229333
48316,0.033032,74.125.68.0-255,5738,153815,17,229333
48317,0.033039,172.31.36.0-255,66,153881,17,229333
48318,0.035662,74.125.68.0-255,5738,159619,17,229333
48319,0.035668,172.31.36.0-255,66,159685,17,229333
48320,0.038318,74.125.68.0-255,5738,165423,17,229333
48321,0.038325,172.31.36.0-255,66,165489,17,229333
48322,0.040959,74.125.68.0-255,5738,171227,17,229333
48323,0.040965,172.31.36.0-255,66,171293,17,229333
48324,0.043598,74.125.68.0-255,5738,177031,17,229333
48325,0.043603,172.31.36.0-255,66,177097,17,229333
48326,0.046224,74.125.68.0-255,5738,182835,17,229333
48327,0.046232,172.31.36.0-255,66,182901,17,229333
48328,0.04886,74.125.68.0-255,5738,188639,17,229333
48329,0.04887,172.31.36.0-255,66,188705,17,229333
48330,0.051517,74.125.68.0-255,5738,194443,17,229333
48331,0.051524,172.31.36.0-255,66,194509,17,229333
48332,0.054168,74.125.68.0-255,5738,200247,17,229333
48333,0.054175,172.31.36.0-255,66,200313,17,229333
48334,0.05681,74.125.68.0-255,5738,206051,17,229333
48335,0.056817,172.31.36.0-255,66,206117,17,229333
48336,0.059455,74.125.68.0-255,5738,211855,17,229333
48337,0.059462,172.31.36.0-255,66,211921,17,229333
48338,0.062099,74.125.68.0-255,5738,217659,17,229333
48339,0.062106,172.31.36.0-255,66,217725,17,229333
48340,0.064771,74.125.68.0-255,5738,223463,17,229333
48341,0.064781,172.31.36.0-255,66,223529,17,229333
48342,0.067409,74.125.68.0-255,5738,229267,17,229333
48343,0.067415,172.31.36.0-255,66,229333,17,229333
48344,0.0,172.217.194.0-255,143,143,17,236782
48345,2.1e-05,172.31.36.0-255,66,209,17,236782
48346,2.8e-05,172.217.194.0-255,1484,1693,17,236782
48347,3.3e-05,172.31.36.0-255,66,1759,17,236782
48348,4e-05,172.217.194.0-255,2902,4661,17,236782
48349,4.3e-05,172.31.36.0-255,66,4727,17,236782
48350,5.2e-05,172.217.194.0-255,7156,11883,17,236782
48351,5.5e-05,172.31.36.0-255,66,11949,17,236782
48352,6e-05,172.217.194.0-255,2075,14024,17,236782
48353,6.2e-05,172.31.36.0-255,66,14090,17,236782
48354,0.000448,172.217.194.0-255,1484,15574,17,236782
48355,0.000454,172.31.36.0-255,66,15640,17,236782
48356,0.000461,172.217.194.0-255,2902,18542,17,236782
48357,0.000464,172.31.36.0-255,66,18608,17,236782
48358,0.000468,172.217.194.0-255,1484,20092,17,236782
48359,0.000469,172.31.36.0-255,66,20158,17,236782
48360,0.000476,172.217.194.0-255,4320,24478,17,236782
48361,0.000478,172.31.36.0-255,66,24544,17,236782
48362,0.000497,172.217.194.0-255,1484,26028,17,236782
48363,0.000499,172.31.36.0-255,66,26094,17,236782
48364,0.000538,172.217.194.0-255,5379,31473,17,236782
48365,0.000542,172.31.36.0-255,66,31539,17,236782
48366,0.000686,172.217.194.0-255,1484,33023,17,236782
48367,0.00069,172.31.36.0-255,66,33089,17,236782
48368,0.000696,172.217.194.0-255,2902,35991,17,236782
48369,0.000698,172.31.36.0-255,66,36057,17,236782
48370,0.000701,172.217.194.0-255,1484,37541,17,236782
48371,0.000703,172.31.36.0-255,66,37607,17,236782
48372,0.000733,172.217.194.0-255,4320,41927,17,236782
48373,0.000736,172.31.36.0-255,66,41993,17,236782
48374,0.000743,172.217.194.0-255,5738,47731,17,236782
48375,0.000745,172.31.36.0-255,66,47797,17,236782
48376,0.00076,172.31.36.0-255,66,47863,17,236782
48377,0.000763,172.217.194.0-255,1484,49347,17,236782
48378,0.000779,172.217.194.0-255,2816,52163,17,236782
48379,0.000782,172.31.36.0-255,66,52229,17,236782
48380,0.001008,172.217.194.0-255,122,52351,17,236782
48381,0.001098,172.31.36.0-255,66,52417,17,236782
48382,0.001116,172.217.194.0-255,1484,53901,17,236782
48383,0.001136,172.217.194.0-255,2902,56803,17,236782
48384,0.001139,172.31.36.0-255,66,56869,17,236782
48385,0.001147,172.217.194.0-255,5738,62607,17,236782
48386,0.001149,172.31.36.0-255,66,62673,17,236782
48387,0.001166,172.217.194.0-255,1484,64157,17,236782
48388,0.001203,172.31.36.0-255,66,64223,17,236782
48389,0.00123,172.217.194.0-255,2902,67125,17,236782
48390,0.001233,172.31.36.0-255,66,67191,17,236782
48391,0.001257,172.217.194.0-255,6797,73988,17,236782
48392,0.00126,172.31.36.0-255,66,74054,17,236782
48393,0.002557,172.217.194.0-255,1484,75538,17,236782
48394,0.002569,172.217.194.0-255,2902,78440,17,236782
48395,0.002574,172.31.36.0-255,66,78506,17,236782
48396,0.002582,172.217.194.0-255,5738,84244,17,236782
48397,0.002584,172.31.36.0-255,66,84310,17,236782
48398,0.00259,172.217.194.0-255,2902,87212,17,236782
48399,0.002591,172.31.36.0-255,66,87278,17,236782
48400,0.002621,172.31.36.0-255,66,87344,17,236782
48401,0.002659,172.31.36.0-255,66,87410,17,236782
48402,0.005298,172.217.194.0-255,5738,93148,17,236782
48403,0.005302,172.31.36.0-255,66,93214,17,236782
48404,0.007946,172.217.194.0-255,5738,98952,17,236782
48405,0.007954,172.31.36.0-255,66,99018,17,236782
48406,0.010615,172.217.194.0-255,5738,104756,17,236782
48407,0.010624,172.31.36.0-255,66,104822,17,236782
48408,0.013271,172.217.194.0-255,5738,110560,17,236782
48409,0.013279,172.31.36.0-255,66,110626,17,236782
48410,0.015909,172.217.194.0-255,5738,116364,17,236782
48411,0.015918,172.31.36.0-255,66,116430,17,236782
48412,0.018602,172.217.194.0-255,5738,122168,17,236782
48413,0.018614,172.31.36.0-255,66,122234,17,236782
48414,0.021295,172.217.194.0-255,5738,127972,17,236782
48415,0.021304,172.31.36.0-255,66,128038,17,236782
48416,0.023967,172.217.194.0-255,5738,133776,17,236782
48417,0.023976,172.31.36.0-255,66,133842,17,236782
48418,0.026634,172.217.194.0-255,5738,139580,17,236782
48419,0.026642,172.31.36.0-255,66,139646,17,236782
48420,0.029273,172.217.194.0-255,5738,145384,17,236782
48421,0.02928,172.31.36.0-255,66,145450,17,236782
48422,0.030269,172.31.36.0-255,172,145622,17,236782
48423,0.030302,172.31.36.0-255,1118,146740,17,236782
48424,0.03036,172.31.36.0-255,1514,148254,17,236782
48425,0.030362,172.31.36.0-255,1270,149524,17,236782
48426,0.031867,104.244.42.0-255,66,149590,17,236782
48427,0.031896,104.244.42.0-255,66,149656,17,236782
48428,0.031953,172.217.194.0-255,5738,155394,17,236782
48429,0.031959,172.31.36.0-255,66,155460,17,236782
48430,0.031981,104.244.42.0-255,66,155526,17,236782
48431,0.034652,172.217.194.0-255,5738,161264,17,236782
48432,0.034659,172.31.36.0-255,66,161330,17,236782
48433,0.037372,172.217.194.0-255,5738,167068,17,236782
48434,0.037378,172.31.36.0-255,66,167134,17,236782
48435,0.040028,172.217.194.0-255,5738,172872,17,236782
48436,0.040037,172.31.36.0-255,66,172938,17,236782
48437,0.042692,172.217.194.0-255,5738,178676,17,236782
48438,0.042699,172.31.36.0-255,66,178742,17,236782
48439,0.045342,172.217.194.0-255,5738,184480,17,236782
48440,0.045349,172.31.36.0-255,66,184546,17,236782
48441,0.047996,172.217.194.0-255,5738,190284,17,236782
48442,0.048004,172.31.36.0-255,66,190350,17,236782
48443,0.050673,172.217.194.0-255,5738,196088,17,236782
48444,0.050681,172.31.36.0-255,66,196154,17,236782
48445,0.053374,172.217.194.0-255,5738,201892,17,236782
48446,0.053384,172.31.36.0-255,66,201958,17,236782
48447,0.056073,172.217.194.0-255,5738,207696,17,236782
48448,0.056084,172.31.36.0-255,66,207762,17,236782
48449,0.058766,172.217.194.0-255,5738,213500,17,236782
48450,0.058776,172.31.36.0-255,66,213566,17,236782
48451,0.061438,172.217.194.0-255,5738,219304,17,236782
48452,0.061446,172.31.36.0-255,66,219370,17,236782
48453,0.064115,172.217.194.0-255,5738,225108,17,236782
48454,0.064123,172.31.36.0-255,66,225174,17,236782
48455,0.066769,172.217.194.0-255,5738,230912,17,236782
48456,0.066776,172.31.36.0-255,66,230978,17,236782
48457,0.069481,172.217.194.0-255,5738,236716,17,236782
48458,0.069487,172.31.36.0-255,66,236782,17,236782
48459,0.0,172.217.194.0-255,150,150,17,192068
48460,3.6e-05,172.31.36.0-255,66,216,17,192068
48461,4.3e-05,172.217.194.0-255,1484,1700,17,192068
48462,4.8e-05,172.31.36.0-255,66,1766,17,192068
48463,5.3e-05,172.217.194.0-255,2902,4668,17,192068
48464,6.5e-05,172.31.36.0-255,66,4734,17,192068
48465,7.2e-05,172.217.194.0-255,7156,11890,17,192068
48466,7.5e-05,172.31.36.0-255,66,11956,17,192068
48467,7.8e-05,172.217.194.0-255,2032,13988,17,192068
48468,8.1e-05,172.31.36.0-255,66,14054,17,192068
48469,0.000166,172.217.194.0-255,1484,15538,17,192068
48470,0.000171,172.31.36.0-255,66,15604,17,192068
48471,0.000203,172.217.194.0-255,2902,18506,17,192068
48472,0.000206,172.31.36.0-255,66,18572,17,192068
48473,0.000212,172.217.194.0-255,5738,24310,17,192068
48474,0.000216,172.31.36.0-255,66,24376,17,192068
48475,0.000285,172.217.194.0-255,6797,31173,17,192068
48476,0.000289,172.31.36.0-255,66,31239,17,192068
48477,0.000602,172.217.194.0-255,1484,32723,17,192068
48478,0.000607,172.31.36.0-255,66,32789,17,192068
48479,0.000614,172.217.194.0-255,2902,35691,17,192068
48480,0.000616,172.31.36.0-255,66,35757,17,192068
48481,0.00065,172.217.194.0-255,5738,41495,17,192068
48482,0.000655,172.31.36.0-255,66,41561,17,192068
48483,0.000659,172.217.194.0-255,2902,44463,17,192068
48484,0.000662,172.31.36.0-255,66,44529,17,192068
48485,0.000688,172.217.194.0-255,3961,48490,17,192068
48486,0.000697,172.31.36.0-255,66,48556,17,192068
48487,0.000834,172.217.194.0-255,1484,50040,17,192068
48488,0.000839,172.31.36.0-255,66,50106,17,192068
48489,0.000845,172.217.194.0-255,2902,53008,17,192068
48490,0.000846,172.31.36.0-255,66,53074,17,192068
48491,0.00086,172.217.194.0-255,5738,58812,17,192068
48492,0.000864,172.217.194.0-255,1484,60296,17,192068
48493,0.000898,172.217.194.0-255,2902,63198,17,192068
48494,0.000908,172.217.194.0-255,2834,66032,17,192068
48495,0.001145,172.217.194.0-255,386,66418,17,192068
48496,0.001353,172.217.194.0-255,1484,67902,17,192068
48497,0.001366,172.217.194.0-255,2902,70804,17,192068
48498,0.001391,172.217.194.0-255,4320,75124,17,192068
48499,0.001396,172.217.194.0-255,2902,78026,17,192068
48500,0.001414,172.217.194.0-255,5738,83764,17,192068
48501,0.001435,172.217.194.0-255,2902,86666,17,192068
48502,0.002228,172.217.194.0-255,1484,88150,17,192068
48503,0.002233,172.217.194.0-255,2902,91052,17,192068
48504,0.002259,172.217.194.0-255,5738,96790,17,192068
48505,0.002263,172.217.194.0-255,2902,99692,17,192068
48506,0.002279,172.217.194.0-255,1484,101176,17,192068
48507,0.002285,172.217.194.0-255,5738,106914,17,192068
48508,0.002305,172.217.194.0-255,2902,109816,17,192068
48509,0.002324,172.217.194.0-255,2184,112000,17,192068
48510,0.002939,172.217.194.0-255,1484,113484,17,192068
48511,0.002957,172.217.194.0-255,2902,116386,17,192068
48512,0.002968,172.217.194.0-255,1484,117870,17,192068
48513,0.002987,172.217.194.0-255,2902,120772,17,192068
48514,0.002998,172.217.194.0-255,1484,122256,17,192068
48515,0.003001,172.217.194.0-255,1484,123740,17,192068
48516,0.003017,172.217.194.0-255,1484,125224,17,192068
48517,0.003034,172.217.194.0-255,4320,129544,17,192068
48518,0.003037,172.217.194.0-255,1484,131028,17,192068
48519,0.003063,172.217.194.0-255,766,131794,17,192068
48520,0.003442,172.217.194.0-255,1484,133278,17,192068
48521,0.003449,172.217.194.0-255,2902,136180,17,192068
48522,0.003452,172.217.194.0-255,1484,137664,17,192068
48523,0.003466,172.217.194.0-255,4320,141984,17,192068
48524,0.003495,172.217.194.0-255,7156,149140,17,192068
48525,0.003513,172.217.194.0-255,5738,154878,17,192068
48526,0.003519,172.217.194.0-255,5738,160616,17,192068
48527,0.003534,172.217.194.0-255,2902,163518,17,192068
48528,0.003552,172.217.194.0-255,4320,167838,17,192068
48529,0.003566,172.217.194.0-255,3602,171440,17,192068
48530,0.003635,172.31.36.0-255,66,171506,17,192068
48531,0.00365,172.217.194.0-255,6438,177944,17,192068
48532,0.003652,172.217.194.0-255,1484,179428,17,192068
48533,0.003675,172.31.36.0-255,66,179494,17,192068
48534,0.003723,172.31.36.0-255,66,179560,17,192068
48535,0.00373,172.217.194.0-255,1484,181044,17,192068
48536,0.003758,172.31.36.0-255,66,181110,17,192068
48537,0.003776,172.31.36.0-255,66,181176,17,192068
48538,0.003792,172.217.194.0-255,2184,183360,17,192068
48539,0.003803,172.31.36.0-255,66,183426,17,192068
48540,0.003825,172.31.36.0-255,66,183492,17,192068
48541,0.00383,172.31.36.0-255,66,183558,17,192068
48542,0.003868,172.217.194.0-255,3602,187160,17,192068
48543,0.003887,172.31.36.0-255,66,187226,17,192068
48544,0.003949,172.31.36.0-255,66,187292,17,192068
48545,0.003967,172.31.36.0-255,66,187358,17,192068
48546,0.004011,172.217.194.0-255,97,187455,17,192068
48547,0.004013,172.217.194.0-255,105,187560,17,192068
48548,0.004029,172.31.36.0-255,66,187626,17,192068
48549,0.006866,172.31.36.0-255,105,187731,17,192068
48550,0.009212,172.217.194.0-255,66,187797,17,192068
48551,0.028974,172.31.36.0-255,171,187968,17,192068
48552,0.029001,172.31.36.0-255,1140,189108,17,192068
48553,0.029063,172.31.36.0-255,1514,190622,17,192068
48554,0.029065,172.31.36.0-255,1248,191870,17,192068
48555,0.030511,104.244.42.0-255,66,191936,17,192068
48556,0.030539,104.244.42.0-255,66,192002,17,192068
48557,0.030608,104.244.42.0-255,66,192068,17,192068
48558,0.0,74.125.24.0-255,143,143,17,231003
48559,3.6e-05,172.31.36.0-255,66,209,17,231003
48560,4.4e-05,74.125.24.0-255,1484,1693,17,231003
48561,4.8e-05,172.31.36.0-255,66,1759,17,231003
48562,5.3e-05,74.125.24.0-255,2902,4661,17,231003
48563,5.5e-05,172.31.36.0-255,66,4727,17,231003
48564,6.3e-05,74.125.24.0-255,7156,11883,17,231003
48565,6.6e-05,172.31.36.0-255,66,11949,17,231003
48566,0.000107,172.31.36.0-255,66,12015,17,231003
48567,0.000114,74.125.24.0-255,6797,18812,17,231003
48568,0.000116,172.31.36.0-255,66,18878,17,231003
48569,0.000164,74.125.24.0-255,1484,20362,17,231003
48570,0.000168,172.31.36.0-255,66,20428,17,231003
48571,0.000173,74.125.24.0-255,2902,23330,17,231003
48572,0.000175,172.31.36.0-255,66,23396,17,231003
48573,0.00018,74.125.24.0-255,5738,29134,17,231003
48574,0.000184,172.31.36.0-255,66,29200,17,231003
48575,0.000225,172.31.36.0-255,66,29266,17,231003
48576,0.000229,74.125.24.0-255,1484,30750,17,231003
48577,0.000231,172.31.36.0-255,66,30816,17,231003
48578,0.000265,74.125.24.0-255,5738,36554,17,231003
48579,0.000269,172.31.36.0-255,66,36620,17,231003
48580,0.000282,74.125.24.0-255,3933,40553,17,231003
48581,0.000284,172.31.36.0-255,66,40619,17,231003
48582,0.000287,74.125.24.0-255,110,40729,17,231003
48583,0.000288,172.31.36.0-255,66,40795,17,231003
48584,0.000452,74.125.24.0-255,332,41127,17,231003
48585,0.000456,172.31.36.0-255,66,41193,17,231003
48586,0.002198,74.125.24.0-255,1484,42677,17,231003
48587,0.002205,172.31.36.0-255,66,42743,17,231003
48588,0.002215,74.125.24.0-255,2902,45645,17,231003
48589,0.002217,172.31.36.0-255,66,45711,17,231003
48590,0.002223,74.125.24.0-255,5738,51449,17,231003
48591,0.002226,172.31.36.0-255,66,51515,17,231003
48592,0.002244,74.125.24.0-255,1484,52999,17,231003
48593,0.002267,172.31.36.0-255,66,53065,17,231003
48594,0.00228,74.125.24.0-255,3961,57026,17,231003
48595,0.002282,172.31.36.0-255,66,57092,17,231003
48596,0.002311,74.125.24.0-255,2902,59994,17,231003
48597,0.002313,172.31.36.0-255,66,60060,17,231003
48598,0.002332,74.125.24.0-255,6797,66857,17,231003
48599,0.002335,172.31.36.0-255,66,66923,17,231003
48600,0.004607,74.125.24.0-255,4320,71243,17,231003
48601,0.00461,172.31.36.0-255,66,71309,17,231003
48602,0.004624,74.125.24.0-255,1484,72793,17,231003
48603,0.006905,74.125.24.0-255,4320,77113,17,231003
48604,0.006912,172.31.36.0-255,66,77179,17,231003
48605,0.009268,74.125.24.0-255,5738,82917,17,231003
48606,0.009277,172.31.36.0-255,66,82983,17,231003
48607,0.01161,74.125.24.0-255,5738,88721,17,231003
48608,0.011618,172.31.36.0-255,66,88787,17,231003
48609,0.013947,74.125.24.0-255,5738,94525,17,231003
48610,0.013954,172.31.36.0-255,66,94591,17,231003
48611,0.016262,74.125.24.0-255,5738,100329,17,231003
48612,0.01627,172.31.36.0-255,66,100395,17,231003
48613,0.018553,74.125.24.0-255,5738,106133,17,231003
48614,0.018565,172.31.36.0-255,66,106199,17,231003
48615,0.020897,74.125.24.0-255,5738,111937,17,231003
48616,0.020906,172.31.36.0-255,66,112003,17,231003
48617,0.023229,74.125.24.0-255,5738,117741,17,231003
48618,0.023235,172.31.36.0-255,66,117807,17,231003
48619,0.025587,74.125.24.0-255,5738,123545,17,231003
48620,0.025593,172.31.36.0-255,66,123611,17,231003
48621,0.027962,74.125.24.0-255,5738,129349,17,231003
48622,0.027973,172.31.36.0-255,66,129415,17,231003
48623,0.030305,74.125.24.0-255,5738,135153,17,231003
48624,0.030313,172.31.36.0-255,66,135219,17,231003
48625,0.031091,172.31.36.0-255,172,135391,17,231003
48626,0.031145,172.31.36.0-255,1117,136508,17,231003
48627,0.031218,172.31.36.0-255,1514,138022,17,231003
48628,0.03122,172.31.36.0-255,1271,139293,17,231003
48629,0.032652,104.244.42.0-255,66,139359,17,231003
48630,0.03266,74.125.24.0-255,5738,145097,17,231003
48631,0.032664,172.31.36.0-255,66,145163,17,231003
48632,0.032704,104.244.42.0-255,66,145229,17,231003
48633,0.032804,104.244.42.0-255,66,145295,17,231003
48634,0.035019,74.125.24.0-255,5738,151033,17,231003
48635,0.035025,172.31.36.0-255,66,151099,17,231003
48636,0.037366,74.125.24.0-255,5738,156837,17,231003
48637,0.037374,172.31.36.0-255,66,156903,17,231003
48638,0.039664,74.125.24.0-255,4320,161223,17,231003
48639,0.03967,172.31.36.0-255,66,161289,17,231003
48640,0.039696,74.125.24.0-255,1484,162773,17,231003
48641,0.041989,74.125.24.0-255,4320,167093,17,231003
48642,0.041995,172.31.36.0-255,66,167159,17,231003
48643,0.044296,74.125.24.0-255,5738,172897,17,231003
48644,0.044302,172.31.36.0-255,66,172963,17,231003
48645,0.046667,74.125.24.0-255,5738,178701,17,231003
48646,0.046672,172.31.36.0-255,66,178767,17,231003
48647,0.049,74.125.24.0-255,5738,184505,17,231003
48648,0.049008,172.31.36.0-255,66,184571,17,231003
48649,0.051304,74.125.24.0-255,5738,190309,17,231003
48650,0.051312,172.31.36.0-255,66,190375,17,231003
48651,0.053647,74.125.24.0-255,5738,196113,17,231003
48652,0.05366,172.31.36.0-255,66,196179,17,231003
48653,0.056006,74.125.24.0-255,5738,201917,17,231003
48654,0.056012,172.31.36.0-255,66,201983,17,231003
48655,0.058358,74.125.24.0-255,5738,207721,17,231003
48656,0.058364,172.31.36.0-255,66,207787,17,231003
48657,0.060696,74.125.24.0-255,5738,213525,17,231003
48658,0.060702,172.31.36.0-255,66,213591,17,231003
48659,0.063027,74.125.24.0-255,5738,219329,17,231003
48660,0.063032,172.31.36.0-255,66,219395,17,231003
48661,0.065352,74.125.24.0-255,5738,225133,17,231003
48662,0.065359,172.31.36.0-255,66,225199,17,231003
48663,0.067664,74.125.24.0-255,5738,230937,17,231003
48664,0.06767,172.31.36.0-255,66,231003,17,231003
48665,0.0,74.125.200.0-255,218,218,17,348195
48666,2.5e-05,172.31.36.0-255,66,284,17,348195
48667,3.2e-05,74.125.200.0-255,1484,1768,17,348195
48668,3.6e-05,172.31.36.0-255,66,1834,17,348195
48669,5.3e-05,74.125.200.0-255,4320,6154,17,348195
48670,5.6e-05,172.31.36.0-255,66,6220,17,348195
48671,6.4e-05,74.125.200.0-255,7156,13376,17,348195
48672,6.7e-05,172.31.36.0-255,66,13442,17,348195
48673,7.4e-05,74.125.200.0-255,5738,19180,17,348195
48674,7.6e-05,172.31.36.0-255,66,19246,17,348195
48675,0.0001,74.125.200.0-255,1803,21049,17,348195
48676,0.000106,172.31.36.0-255,66,21115,17,348195
48677,0.000113,74.125.200.0-255,4320,25435,17,348195
48678,0.000115,172.31.36.0-255,66,25501,17,348195
48679,0.000122,74.125.200.0-255,5379,30880,17,348195
48680,0.000125,172.31.36.0-255,66,30946,17,348195
48681,0.000204,74.125.200.0-255,1484,32430,17,348195
48682,0.000207,172.31.36.0-255,66,32496,17,348195
48683,0.000212,74.125.200.0-255,2902,35398,17,348195
48684,0.000214,172.31.36.0-255,66,35464,17,348195
48685,0.000237,74.125.200.0-255,1484,36948,17,348195
48686,0.000239,172.31.36.0-255,66,37014,17,348195
48687,0.000247,74.125.200.0-255,1484,38498,17,348195
48688,0.000251,172.31.36.0-255,66,38564,17,348195
48689,0.000271,74.125.200.0-255,1484,40048,17,348195
48690,0.000274,172.31.36.0-255,66,40114,17,348195
48691,0.000299,74.125.200.0-255,4320,44434,17,348195
48692,0.000302,172.31.36.0-255,66,44500,17,348195
48693,0.000327,74.125.200.0-255,1484,45984,17,348195
48694,0.00033,172.31.36.0-255,66,46050,17,348195
48695,0.000345,74.125.200.0-255,4320,50370,17,348195
48696,0.000352,172.31.36.0-255,66,50436,17,348195
48697,0.000355,74.125.200.0-255,1484,51920,17,348195
48698,0.000362,74.125.200.0-255,2902,54822,17,348195
48699,0.000364,172.31.36.0-255,66,54888,17,348195
48700,0.000371,74.125.200.0-255,5738,60626,17,348195
48701,0.000373,172.31.36.0-255,66,60692,17,348195
48702,0.0004,74.125.200.0-255,4320,65012,17,348195
48703,0.000402,172.31.36.0-255,66,65078,17,348195
48704,0.000427,74.125.200.0-255,766,65844,17,348195
48705,0.00043,74.125.200.0-255,448,66292,17,348195
48706,0.000483,74.125.200.0-255,1484,67776,17,348195
48707,0.000486,172.31.36.0-255,66,67842,17,348195
48708,0.000491,74.125.200.0-255,1484,69326,17,348195
48709,0.000512,74.125.200.0-255,1484,70810,17,348195
48710,0.000515,172.31.36.0-255,66,70876,17,348195
48711,0.000521,74.125.200.0-255,5738,76614,17,348195
48712,0.000523,172.31.36.0-255,66,76680,17,348195
48713,0.000527,74.125.200.0-255,1484,78164,17,348195
48714,0.000555,74.125.200.0-255,7156,85320,17,348195
48715,0.000558,172.31.36.0-255,66,85386,17,348195
48716,0.000587,74.125.200.0-255,1484,86870,17,348195
48717,0.0006,172.31.36.0-255,66,86936,17,348195
48718,0.000603,74.125.200.0-255,1484,88420,17,348195
48719,0.000629,74.125.200.0-255,766,89186,17,348195
48720,0.000631,172.31.36.0-255,66,89252,17,348195
48721,0.000658,74.125.200.0-255,329,89581,17,348195
48722,0.000684,74.125.200.0-255,1484,91065,17,348195
48723,0.000687,172.31.36.0-255,66,91131,17,348195
48724,0.000707,74.125.200.0-255,4320,95451,17,348195
48725,0.000709,172.31.36.0-255,66,95517,17,348195
48726,0.000746,172.31.36.0-255,66,95583,17,348195
48727,0.000752,74.125.200.0-255,4320,99903,17,348195
48728,0.000754,172.31.36.0-255,66,99969,17,348195
48729,0.000782,172.31.36.0-255,66,100035,17,348195
48730,0.000806,74.125.200.0-255,1484,101519,17,348195
48731,0.000809,74.125.200.0-255,766,102285,17,348195
48732,0.000811,172.31.36.0-255,66,102351,17,348195
48733,0.000891,74.125.200.0-255,1484,103835,17,348195
48734,0.000895,74.125.200.0-255,1484,105319,17,348195
48735,0.000897,172.31.36.0-255,66,105385,17,348195
48736,0.000909,74.125.200.0-255,1484,106869,17,348195
48737,0.000918,74.125.200.0-255,2902,109771,17,348195
48738,0.00092,172.31.36.0-255,66,109837,17,348195
48739,0.000945,74.125.200.0-255,2902,112739,17,348195
48740,0.000947,172.31.36.0-255,66,112805,17,348195
48741,0.000954,74.125.200.0-255,5738,118543,17,348195
48742,0.000956,172.31.36.0-255,66,118609,17,348195
48743,0.000986,74.125.200.0-255,1484,120093,17,348195
48744,0.000998,172.31.36.0-255,66,120159,17,348195
48745,0.001011,172.31.36.0-255,66,120225,17,348195
48746,0.001569,74.125.200.0-255,1484,121709,17,348195
48747,0.001589,74.125.200.0-255,2902,124611,17,348195
48748,0.001593,172.31.36.0-255,66,124677,17,348195
48749,0.001598,74.125.200.0-255,2902,127579,17,348195
48750,0.0016,172.31.36.0-255,66,127645,17,348195
48751,0.001648,74.125.200.0-255,1484,129129,17,348195
48752,0.001674,74.125.200.0-255,2902,132031,17,348195
48753,0.001677,172.31.36.0-255,66,132097,17,348195
48754,0.001687,172.31.36.0-255,66,132163,17,348195
48755,0.0017,74.125.200.0-255,2902,135065,17,348195
48756,0.001702,172.31.36.0-255,66,135131,17,348195
48757,0.001709,74.125.200.0-255,5738,140869,17,348195
48758,0.001711,172.31.36.0-255,66,140935,17,348195
48759,0.001743,74.125.200.0-255,5020,145955,17,348195
48760,0.001747,172.31.36.0-255,66,146021,17,348195
48761,0.002136,74.125.200.0-255,1484,147505,17,348195
48762,0.002154,74.125.200.0-255,1484,148989,17,348195
48763,0.002158,172.31.36.0-255,66,149055,17,348195
48764,0.002163,74.125.200.0-255,2902,151957,17,348195
48765,0.002166,172.31.36.0-255,66,152023,17,348195
48766,0.002196,74.125.200.0-255,5738,157761,17,348195
48767,0.002198,172.31.36.0-255,66,157827,17,348195
48768,0.002228,74.125.200.0-255,5738,163565,17,348195
48769,0.002231,172.31.36.0-255,66,163631,17,348195
48770,0.002235,74.125.200.0-255,2902,166533,17,348195
48771,0.002237,172.31.36.0-255,66,166599,17,348195
48772,0.002259,74.125.200.0-255,4320,170919,17,348195
48773,0.002265,172.31.36.0-255,66,170985,17,348195
48774,0.002273,74.125.200.0-255,7156,178141,17,348195
48775,0.002276,172.31.36.0-255,66,178207,17,348195
48776,0.002298,74.125.200.0-255,2184,180391,17,348195
48777,0.0023,172.31.36.0-255,66,180457,17,348195
48778,0.002426,74.125.200.0-255,1484,181941,17,348195
48779,0.002442,74.125.200.0-255,2902,184843,17,348195
48780,0.002445,172.31.36.0-255,66,184909,17,348195
48781,0.002467,74.125.200.0-255,5738,190647,17,348195
48782,0.00247,172.31.36.0-255,66,190713,17,348195
48783,0.002483,74.125.200.0-255,7156,197869,17,348195
48784,0.002485,172.31.36.0-255,66,197935,17,348195
48785,0.002523,172.31.36.0-255,66,198001,17,348195
48786,0.002553,74.125.200.0-255,5738,203739,17,348195
48787,0.002555,172.31.36.0-255,66,203805,17,348195
48788,0.002571,172.31.36.0-255,66,203871,17,348195
48789,0.00508,74.125.200.0-255,5738,209609,17,348195
48790,0.005088,172.31.36.0-255,66,209675,17,348195
48791,0.007612,74.125.200.0-255,5738,215413,17,348195
48792,0.00762,172.31.36.0-255,66,215479,17,348195
48793,0.010145,74.125.200.0-255,5738,221217,17,348195
48794,0.01015,172.31.36.0-255,66,221283,17,348195
48795,0.012665,74.125.200.0-255,5738,227021,17,348195
48796,0.012673,172.31.36.0-255,66,227087,17,348195
48797,0.015188,74.125.200.0-255,5738,232825,17,348195
48798,0.015196,172.31.36.0-255,66,232891,17,348195
48799,0.017716,74.125.200.0-255,5738,238629,17,348195
48800,0.017726,172.31.36.0-255,66,238695,17,348195
48801,0.020256,74.125.200.0-255,5738,244433,17,348195
48802,0.020264,172.31.36.0-255,66,244499,17,348195
48803,0.022782,74.125.200.0-255,5738,250237,17,348195
48804,0.02279,172.31.36.0-255,66,250303,17,348195
48805,0.025318,74.125.200.0-255,4320,254623,17,348195
48806,0.025324,172.31.36.0-255,66,254689,17,348195
48807,0.025348,74.125.200.0-255,1484,256173,17,348195
48808,0.027848,74.125.200.0-255,4320,260493,17,348195
48809,0.027855,172.31.36.0-255,66,260559,17,348195
48810,0.030374,74.125.200.0-255,5738,266297,17,348195
48811,0.03038,172.31.36.0-255,66,266363,17,348195
48812,0.030908,172.31.36.0-255,172,266535,17,348195
48813,0.03094,172.31.36.0-255,1116,267651,17,348195
48814,0.031056,172.31.36.0-255,1514,269165,17,348195
48815,0.031059,172.31.36.0-255,1272,270437,17,348195
48816,0.03248,104.244.42.0-255,66,270503,17,348195
48817,0.032488,104.244.42.0-255,66,270569,17,348195
48818,0.032626,104.244.42.0-255,66,270635,17,348195
48819,0.032897,74.125.200.0-255,1484,272119,17,348195
48820,0.032923,74.125.200.0-255,4320,276439,17,348195
48821,0.032929,172.31.36.0-255,66,276505,17,348195
48822,0.035454,74.125.200.0-255,5738,282243,17,348195
48823,0.035461,172.31.36.0-255,66,282309,17,348195
48824,0.038015,74.125.200.0-255,5738,288047,17,348195
48825,0.038022,172.31.36.0-255,66,288113,17,348195
48826,0.040554,74.125.200.0-255,5738,293851,17,348195
48827,0.040563,172.31.36.0-255,66,293917,17,348195
48828,0.043093,74.125.200.0-255,5738,299655,17,348195
48829,0.0431,172.31.36.0-255,66,299721,17,348195
48830,0.045629,74.125.200.0-255,5738,305459,17,348195
48831,0.045636,172.31.36.0-255,66,305525,17,348195
48832,0.048174,74.125.200.0-255,5738,311263,17,348195
48833,0.04818,172.31.36.0-255,66,311329,17,348195
48834,0.050705,74.125.200.0-255,5738,317067,17,348195
48835,0.050711,172.31.36.0-255,66,317133,17,348195
48836,0.053275,74.125.200.0-255,5738,322871,17,348195
48837,0.053283,172.31.36.0-255,66,322937,17,348195
48838,0.05581,74.125.200.0-255,5738,328675,17,348195
48839,0.055817,172.31.36.0-255,66,328741,17,348195
48840,0.058336,74.125.200.0-255,5738,334479,17,348195
48841,0.058343,172.31.36.0-255,66,334545,17,348195
48842,0.060876,74.125.200.0-255,5738,340283,17,348195
48843,0.060886,172.31.36.0-255,66,340349,17,348195
48844,0.063416,74.125.200.0-255,5738,346087,17,348195
48845,0.063424,172.31.36.0-255,66,346153,17,348195
48846,0.065957,74.125.200.0-255,1805,347958,17,348195
48847,0.065964,172.31.36.0-255,66,348024,17,348195
48848,0.066142,172.31.36.0-255,105,348129,17,348195
48849,0.068635,74.125.200.0-255,66,348195,17,348195
48850,0.0,74.125.24.0-255,150,150,17,303294
48851,3.6e-05,172.31.36.0-255,66,216,17,303294
48852,4.4e-05,74.125.24.0-255,1484,1700,17,303294
48853,4.8e-05,172.31.36.0-255,66,1766,17,303294
48854,5.4e-05,74.125.24.0-255,2902,4668,17,303294
48855,5.7e-05,172.31.36.0-255,66,4734,17,303294
48856,6.5e-05,74.125.24.0-255,7156,11890,17,303294
48857,6.7e-05,172.31.36.0-255,66,11956,17,303294
48858,7.4e-05,74.125.24.0-255,6291,18247,17,303294
48859,7.6e-05,172.31.36.0-255,66,18313,17,303294
48860,0.000123,172.31.36.0-255,66,18379,17,303294
48861,0.000347,74.125.24.0-255,1484,19863,17,303294
48862,0.000354,172.31.36.0-255,66,19929,17,303294
48863,0.00036,74.125.24.0-255,2902,22831,17,303294
48864,0.000362,172.31.36.0-255,66,22897,17,303294
48865,0.000365,74.125.24.0-255,1484,24381,17,303294
48866,0.000367,172.31.36.0-255,66,24447,17,303294
48867,0.000395,74.125.24.0-255,4320,28767,17,303294
48868,0.000398,172.31.36.0-255,66,28833,17,303294
48869,0.000416,74.125.24.0-255,7156,35989,17,303294
48870,0.000419,172.31.36.0-255,66,36055,17,303294
48871,0.000446,74.125.24.0-255,6797,42852,17,303294
48872,0.000449,172.31.36.0-255,66,42918,17,303294
48873,0.000453,74.125.24.0-255,1484,44402,17,303294
48874,0.000457,74.125.24.0-255,4320,48722,17,303294
48875,0.000457,172.31.36.0-255,66,48788,17,303294
48876,0.000461,172.31.36.0-255,66,48854,17,303294
48877,0.000474,74.125.24.0-255,3961,52815,17,303294
48878,0.000478,172.31.36.0-255,66,52881,17,303294
48879,0.000858,74.125.24.0-255,646,53527,17,303294
48880,0.000863,172.31.36.0-255,66,53593,17,303294
48881,0.000974,74.125.24.0-255,1484,55077,17,303294
48882,0.000984,74.125.24.0-255,2902,57979,17,303294
48883,0.000989,172.31.36.0-255,66,58045,17,303294
48884,0.000996,74.125.24.0-255,5738,63783,17,303294
48885,0.000998,172.31.36.0-255,66,63849,17,303294
48886,0.001024,74.125.24.0-255,6797,70646,17,303294
48887,0.001028,172.31.36.0-255,66,70712,17,303294
48888,0.001055,74.125.24.0-255,7156,77868,17,303294
48889,0.001059,172.31.36.0-255,66,77934,17,303294
48890,0.001088,74.125.24.0-255,7156,85090,17,303294
48891,0.001091,172.31.36.0-255,66,85156,17,303294
48892,0.001096,74.125.24.0-255,2543,87699,17,303294
48893,0.001099,172.31.36.0-255,66,87765,17,303294
48894,0.001222,74.125.24.0-255,1484,89249,17,303294
48895,0.001228,74.125.24.0-255,1484,90733,17,303294
48896,0.001233,172.31.36.0-255,66,90799,17,303294
48897,0.001256,74.125.24.0-255,1484,92283,17,303294
48898,0.001264,74.125.24.0-255,5738,98021,17,303294
48899,0.001266,172.31.36.0-255,66,98087,17,303294
48900,0.001272,74.125.24.0-255,2902,100989,17,303294
48901,0.001273,172.31.36.0-255,66,101055,17,303294
48902,0.001299,172.31.36.0-255,66,101121,17,303294
48903,0.001388,74.125.24.0-255,7156,108277,17,303294
48904,0.001396,172.31.36.0-255,66,108343,17,303294
48905,0.001419,74.125.24.0-255,3602,111945,17,303294
48906,0.001422,172.31.36.0-255,66,112011,17,303294
48907,0.001519,74.125.24.0-255,1484,113495,17,303294
48908,0.001524,74.125.24.0-255,2902,116397,17,303294
48909,0.001528,172.31.36.0-255,66,116463,17,303294
48910,0.00155,74.125.24.0-255,5738,122201,17,303294
48911,0.001554,172.31.36.0-255,66,122267,17,303294
48912,0.001564,74.125.24.0-255,1484,123751,17,303294
48913,0.001594,172.31.36.0-255,66,123817,17,303294
48914,0.001605,172.31.36.0-255,66,123883,17,303294
48915,0.001636,74.125.24.0-255,2184,126067,17,303294
48916,0.001639,172.31.36.0-255,66,126133,17,303294
48917,0.001728,74.125.24.0-255,1484,127617,17,303294
48918,0.001747,74.125.24.0-255,2902,130519,17,303294
48919,0.00175,172.31.36.0-255,66,130585,17,303294
48920,0.001756,74.125.24.0-255,5738,136323,17,303294
48921,0.001759,172.31.36.0-255,66,136389,17,303294
48922,0.001795,74.125.24.0-255,7156,143545,17,303294
48923,0.001799,172.31.36.0-255,66,143611,17,303294
48924,0.001816,74.125.24.0-255,2902,146513,17,303294
48925,0.001819,172.31.36.0-255,66,146579,17,303294
48926,0.001824,74.125.24.0-255,4320,150899,17,303294
48927,0.001827,172.31.36.0-255,66,150965,17,303294
48928,0.001857,74.125.24.0-255,7156,158121,17,303294
48929,0.00186,172.31.36.0-255,66,158187,17,303294
48930,0.001871,172.31.36.0-255,66,158253,17,303294
48931,0.001882,172.31.36.0-255,66,158319,17,303294
48932,0.001938,172.31.36.0-255,66,158385,17,303294
48933,0.001959,74.125.24.0-255,1484,159869,17,303294
48934,0.001964,74.125.24.0-255,2902,162771,17,303294
48935,0.001966,172.31.36.0-255,66,162837,17,303294
48936,0.001971,74.125.24.0-255,4320,167157,17,303294
48937,0.001973,172.31.36.0-255,66,167223,17,303294
48938,0.001988,74.125.24.0-255,1484,168707,17,303294
48939,0.002015,172.31.36.0-255,66,168773,17,303294
48940,0.002023,172.31.36.0-255,66,168839,17,303294
48941,0.002027,74.125.24.0-255,2184,171023,17,303294
48942,0.002029,172.31.36.0-255,66,171089,17,303294
48943,0.002051,74.125.24.0-255,2902,173991,17,303294
48944,0.002053,172.31.36.0-255,66,174057,17,303294
48945,0.002072,74.125.24.0-255,7156,181213,17,303294
48946,0.002074,172.31.36.0-255,66,181279,17,303294
48947,0.002096,74.125.24.0-255,1484,182763,17,303294
48948,0.002127,172.31.36.0-255,66,182829,17,303294
48949,0.002137,172.31.36.0-255,66,182895,17,303294
48950,0.002154,74.125.24.0-255,3602,186497,17,303294
48951,0.002156,172.31.36.0-255,66,186563,17,303294
48952,0.004406,74.125.24.0-255,1484,188047,17,303294
48953,0.004428,74.125.24.0-255,4320,192367,17,303294
48954,0.004434,172.31.36.0-255,66,192433,17,303294
48955,0.00672,74.125.24.0-255,5738,198171,17,303294
48956,0.00673,172.31.36.0-255,66,198237,17,303294
48957,0.009,74.125.24.0-255,5738,203975,17,303294
48958,0.009016,172.31.36.0-255,66,204041,17,303294
48959,0.011277,74.125.24.0-255,5738,209779,17,303294
48960,0.011292,172.31.36.0-255,66,209845,17,303294
48961,0.013573,74.125.24.0-255,5738,215583,17,303294
48962,0.013587,172.31.36.0-255,66,215649,17,303294
48963,0.015842,74.125.24.0-255,5738,221387,17,303294
48964,0.015849,172.31.36.0-255,66,221453,17,303294
48965,0.018109,74.125.24.0-255,5738,227191,17,303294
48966,0.018115,172.31.36.0-255,66,227257,17,303294
48967,0.020372,74.125.24.0-255,5738,232995,17,303294
48968,0.02038,172.31.36.0-255,66,233061,17,303294
48969,0.022659,74.125.24.0-255,5738,238799,17,303294
48970,0.022668,172.31.36.0-255,66,238865,17,303294
48971,0.024923,74.125.24.0-255,5738,244603,17,303294
48972,0.024932,172.31.36.0-255,66,244669,17,303294
48973,0.027189,74.125.24.0-255,5738,250407,17,303294
48974,0.027196,172.31.36.0-255,66,250473,17,303294
48975,0.028634,172.31.36.0-255,176,250649,17,303294
48976,0.028666,172.31.36.0-255,1118,251767,17,303294
48977,0.028713,172.31.36.0-255,1514,253281,17,303294
48978,0.028715,172.31.36.0-255,1270,254551,17,303294
48979,0.02946,74.125.24.0-255,5738,260289,17,303294
48980,0.029467,172.31.36.0-255,66,260355,17,303294
48981,0.030175,104.244.42.0-255,66,260421,17,303294
48982,0.030195,104.244.42.0-255,66,260487,17,303294
48983,0.030276,104.244.42.0-255,66,260553,17,303294
48984,0.031709,74.125.24.0-255,5738,266291,17,303294
48985,0.031715,172.31.36.0-255,66,266357,17,303294
48986,0.033954,74.125.24.0-255,5738,272095,17,303294
48987,0.03396,172.31.36.0-255,66,272161,17,303294
48988,0.036215,74.125.24.0-255,5738,277899,17,303294
48989,0.036223,172.31.36.0-255,66,277965,17,303294
48990,0.03846,74.125.24.0-255,5738,283703,17,303294
48991,0.038468,172.31.36.0-255,66,283769,17,303294
48992,0.040709,74.125.24.0-255,5738,289507,17,303294
48993,0.040715,172.31.36.0-255,66,289573,17,303294
48994,0.042943,74.125.24.0-255,4320,293893,17,303294
48995,0.042964,172.31.36.0-255,66,293959,17,303294
48996,0.042982,74.125.24.0-255,1484,295443,17,303294
48997,0.04522,74.125.24.0-255,4320,299763,17,303294
48998,0.045225,172.31.36.0-255,66,299829,17,303294
48999,0.047464,74.125.24.0-255,3228,303057,17,303294
49000,0.047469,172.31.36.0-255,66,303123,17,303294
49001,0.047655,172.31.36.0-255,105,303228,17,303294
49002,0.049876,74.125.24.0-255,66,303294,17,303294
49003,0.0,74.125.200.0-255,153,153,17,260811
49004,1.8e-05,172.31.36.0-255,66,219,17,260811
49005,2.4e-05,74.125.200.0-255,1484,1703,17,260811
49006,3e-05,172.31.36.0-255,66,1769,17,260811
49007,3.3e-05,74.125.200.0-255,1484,3253,17,260811
49008,3.6e-05,172.31.36.0-255,66,3319,17,260811
49009,4.2e-05,74.125.200.0-255,2902,6221,17,260811
49010,4.5e-05,172.31.36.0-255,66,6287,17,260811
49011,7.4e-05,74.125.200.0-255,5738,12025,17,260811
49012,7.8e-05,172.31.36.0-255,66,12091,17,260811
49013,0.000134,74.125.200.0-255,2037,14128,17,260811
49014,0.000137,172.31.36.0-255,66,14194,17,260811
49015,0.00017,74.125.200.0-255,4320,18514,17,260811
49016,0.000173,172.31.36.0-255,66,18580,17,260811
49017,0.000189,74.125.200.0-255,4320,22900,17,260811
49018,0.000192,172.31.36.0-255,66,22966,17,260811
49019,0.000272,74.125.200.0-255,7156,30122,17,260811
49020,0.000278,172.31.36.0-255,66,30188,17,260811
49021,0.000301,74.125.200.0-255,1125,31313,17,260811
49022,0.000303,172.31.36.0-255,66,31379,17,260811
49023,0.000372,74.125.200.0-255,4320,35699,17,260811
49024,0.000375,172.31.36.0-255,66,35765,17,260811
49025,0.000394,74.125.200.0-255,4320,40085,17,260811
49026,0.000397,172.31.36.0-255,66,40151,17,260811
49027,0.000484,74.125.200.0-255,5738,45889,17,260811
49028,0.000488,172.31.36.0-255,66,45955,17,260811
49029,0.000507,74.125.200.0-255,3961,49916,17,260811
49030,0.00051,172.31.36.0-255,66,49982,17,260811
49031,0.000607,74.125.200.0-255,5738,55720,17,260811
49032,0.000612,172.31.36.0-255,66,55786,17,260811
49033,0.000642,172.31.36.0-255,66,55852,17,260811
49034,0.00078,74.125.200.0-255,648,56500,17,260811
49035,0.000804,74.125.200.0-255,4320,60820,17,260811
49036,0.000816,172.31.36.0-255,66,60886,17,260811
49037,0.00082,74.125.200.0-255,2902,63788,17,260811
49038,0.000824,172.31.36.0-255,66,63854,17,260811
49039,0.000904,74.125.200.0-255,7156,71010,17,260811
49040,0.000916,74.125.200.0-255,2902,73912,17,260811
49041,0.000924,172.31.36.0-255,66,73978,17,260811
49042,0.001025,74.125.200.0-255,5738,79716,17,260811
49043,0.001028,172.31.36.0-255,66,79782,17,260811
49044,0.001069,172.31.36.0-255,66,79848,17,260811
49045,0.00126,74.125.200.0-255,2902,82750,17,260811
49046,0.001264,172.31.36.0-255,66,82816,17,260811
49047,0.001334,172.31.36.0-255,66,82882,17,260811
49048,0.00146,172.31.36.0-255,66,82948,17,260811
49049,0.001494,172.31.36.0-255,66,83014,17,260811
49050,0.001661,74.125.200.0-255,1484,84498,17,260811
49051,0.001688,172.31.36.0-255,66,84564,17,260811
49052,0.001714,172.31.36.0-255,66,84630,17,260811
49053,0.00173,172.31.36.0-255,66,84696,17,260811
49054,0.002102,74.125.200.0-255,4320,89016,17,260811
49055,0.002106,172.31.36.0-255,66,89082,17,260811
49056,0.002152,74.125.200.0-255,4320,93402,17,260811
49057,0.002435,74.125.200.0-255,7156,100558,17,260811
49058,0.002491,74.125.200.0-255,7138,107696,17,260811
49059,0.010896,74.125.200.0-255,1484,109180,17,260811
49060,0.012362,172.31.36.0-255,66,109246,17,260811
49061,0.014305,74.125.200.0-255,5738,114984,17,260811
49062,0.01432,172.31.36.0-255,66,115050,17,260811
49063,0.016297,74.125.200.0-255,5738,120788,17,260811
49064,0.016309,172.31.36.0-255,66,120854,17,260811
49065,0.018237,74.125.200.0-255,5738,126592,17,260811
49066,0.018245,172.31.36.0-255,66,126658,17,260811
49067,0.020168,74.125.200.0-255,5738,132396,17,260811
49068,0.021861,172.31.36.0-255,66,132462,17,260811
49069,0.0238,74.125.200.0-255,5738,138200,17,260811
49070,0.023809,172.31.36.0-255,66,138266,17,260811
49071,0.025764,74.125.200.0-255,5738,144004,17,260811
49072,0.025772,172.31.36.0-255,66,144070,17,260811
49073,0.027693,74.125.200.0-255,5738,149808,17,260811
49074,0.027701,172.31.36.0-255,66,149874,17,260811
49075,0.029632,74.125.200.0-255,5738,155612,17,260811
49076,0.029639,172.31.36.0-255,66,155678,17,260811
49077,0.031561,74.125.200.0-255,5738,161416,17,260811
49078,0.031569,172.31.36.0-255,66,161482,17,260811
49079,0.033486,74.125.200.0-255,5738,167220,17,260811
49080,0.033492,172.31.36.0-255,66,167286,17,260811
49081,0.03543,74.125.200.0-255,5738,173024,17,260811
49082,0.035437,172.31.36.0-255,66,173090,17,260811
49083,0.037358,74.125.200.0-255,5738,178828,17,260811
49084,0.037366,172.31.36.0-255,66,178894,17,260811
49085,0.039292,74.125.200.0-255,5738,184632,17,260811
49086,0.0393,172.31.36.0-255,66,184698,17,260811
49087,0.041226,74.125.200.0-255,5738,190436,17,260811
49088,0.041234,172.31.36.0-255,66,190502,17,260811
49089,0.043153,74.125.200.0-255,5738,196240,17,260811
49090,0.04316,172.31.36.0-255,66,196306,17,260811
49091,0.043661,172.31.36.0-255,172,196478,17,260811
49092,0.043694,172.31.36.0-255,1117,197595,17,260811
49093,0.043757,172.31.36.0-255,1514,199109,17,260811
49094,0.043759,172.31.36.0-255,1514,200623,17,260811
49095,0.043763,172.31.36.0-255,1514,202137,17,260811
49096,0.043765,172.31.36.0-255,1049,203186,17,260811
49097,0.045088,74.125.200.0-255,5738,208924,17,260811
49098,0.045095,172.31.36.0-255,66,208990,17,260811
49099,0.045188,104.244.42.0-255,66,209056,17,260811
49100,0.045242,104.244.42.0-255,66,209122,17,260811
49101,0.045325,104.244.42.0-255,66,209188,17,260811
49102,0.04533,104.244.42.0-255,66,209254,17,260811
49103,0.047031,74.125.200.0-255,5738,214992,17,260811
49104,0.047038,172.31.36.0-255,66,215058,17,260811
49105,0.048987,74.125.200.0-255,5738,220796,17,260811
49106,0.048994,172.31.36.0-255,66,220862,17,260811
49107,0.050926,74.125.200.0-255,5738,226600,17,260811
49108,0.050932,172.31.36.0-255,66,226666,17,260811
49109,0.052916,74.125.200.0-255,5738,232404,17,260811
49110,0.052924,172.31.36.0-255,66,232470,17,260811
49111,0.054848,74.125.200.0-255,4320,236790,17,260811
49112,0.054854,172.31.36.0-255,66,236856,17,260811
49113,0.054874,74.125.200.0-255,1484,238340,17,260811
49114,0.056771,74.125.200.0-255,4320,242660,17,260811
49115,0.056778,172.31.36.0-255,66,242726,17,260811
49116,0.058718,74.125.200.0-255,5738,248464,17,260811
49117,0.058771,172.31.36.0-255,66,248530,17,260811
49118,0.060697,74.125.200.0-255,5738,254268,17,260811
49119,0.060703,172.31.36.0-255,66,254334,17,260811
49120,0.062633,74.125.200.0-255,5738,260072,17,260811
49121,0.06264,172.31.36.0-255,66,260138,17,260811
49122,0.064542,74.125.200.0-255,436,260574,17,260811
49123,0.064673,172.31.36.0-255,66,260640,17,260811
49124,0.064708,172.31.36.0-255,105,260745,17,260811
49125,0.066599,74.125.200.0-255,66,260811,17,260811
